years
 1991 1992 1993 1994 1995 1996 1997 1998 1999 2000 2001 2002 2003 2004 2005 2006 2007 2008 2009 2010 2011 2012 2013 2014 2015 2016 2017 2018 2019 2020 2021
reclasobs
 0 0 0 0 0 0 0 0 0 252601 567819 844713 477998 351125 339783 2.1784e+06 2.13404e+06 4.81314e+06 1.55562e+06 2.62356e+06 3.21686e+06 3.843e+06 1.13348e+06 3.07943e+06 1.97215e+06 2.03268e+06 2.025e+06 2.42433e+06 2.27542e+06 1.05018e+06 2.36338e+06
reclaspred
 3.18646e+06 1.74094e+06 882698 907602 921186 1.59797e+06 898839 771825 545973 370040 502770 685381 673394 495831 485634 1.35783e+06 1.21322e+06 3.11672e+06 2.48477e+06 1.78604e+06 3.11489e+06 2.53879e+06 1.92078e+06 3.06823e+06 2.26308e+06 1.98974e+06 2.41101e+06 2.60189e+06 2.05375e+06 1.24246e+06 1.91207e+06
pelacesobs
 0 0 0 0 0 0 0 0 0 0 0 0 0 0 0 552880 188675 0 991730 2.46772e+06 1.41603e+06 1.21717e+06 2.29649e+06 1.80582e+06 0 1.4828e+06 1.56532e+06 1.57751e+06 1.42118e+06 867257 1.10002e+06
pelacespred
 1.87044e+06 1.11524e+06 549568 442502 494549 864250 445591 499572 324694 199585 286534 325393 355627 263119 264211 616848 598025 1.70404e+06 1.42633e+06 945871 1.61904e+06 1.39483e+06 1.11394e+06 1.88603e+06 1.3799e+06 1.22112e+06 1.62836e+06 1.72837e+06 1.1996e+06 809910 1.14893e+06
mphobs
 0 0 0 0 0 0 0 0 0 0 0 498337 0 5186 125008 0 168611 109162 213762 579715 649985 157893 87575 83554 0 0 0 0 0 0 0
mphpred
 488507 327478 157252 87391.8 95912.3 115269 158753 85266.5 76675.4 48011.1 29588.1 60954.2 65542.8 53525.9 32404 41206.7 152585 135524 311508 219437 228236 282591 269052 213381 311464 254043 206706 224714 321441 208251 123182
desembarqueobs
 494567 514787 250237 358949 120608 361735 552515 73892 212993 205616 52469 317467 293654 387597 252695 516296 358380 742168 942051 627588 828172 859565 418607 520667 417249 300574 415391 372974 316634 284311 391294
desembarquepred
 494571 513830 250682 358986 120614 361743 552539 73897.5 213055 205672 52471.9 317528 293688 387573 252669 516223 358410 742012 941743 627362 828256 859545 418609 520693 417237 300571 415384 372944 316617 284317 391298
Reclutas
 170473 93664.8 94591.4 143497 116152 213031 83144.3 35185.6 34569.9 46688.4 87226.4 126884 106091 74080.7 67942.6 366133 73893.6 590633 332971 259146 363625 497628 97028.9 289091 242670 107703 242935 271882 79334.1 58627.1 222395
log_desv_Rt
 0.216103 -0.38275 -0.372906 0.043839 -0.167571 0.438967 -0.501896 -1.36184 -1.37949 -1.07898 -0.453965 -0.0792017 -0.258176 -0.617318 -0.70381 0.980524 -0.619846 1.45872 0.885584 0.634918 0.97365 1.28738 -0.347464 0.744268 0.569228 -0.243098 0.570321 0.682895 -0.548805 -0.851277 0.481982
SSB
 2.00865e+06 1.34653e+06 646591 359340 394374 473967 652763 350601 315275 197413 121661 250633 269500 220089 133239 169435 627404 557251 1.28087e+06 902286 938468 1.16197e+06 1.1063e+06 877384 1.28069e+06 1.04458e+06 849938 923985 1.32171e+06 856292 506501
BT
 2.84612e+06 1.95159e+06 957174 906730 767299 1.52482e+06 1.08469e+06 747715 652571 471885 451943 720586 763297 774251 632756 1.3179e+06 1.08777e+06 3.11677e+06 2.86813e+06 1.84673e+06 2.95432e+06 2.71921e+06 1.85561e+06 3.15525e+06 2.24593e+06 1.91393e+06 2.71649e+06 2.80904e+06 1.83993e+06 1.34267e+06 2.00471e+06
Ftot
 0.208957 0.385204 0.378143 0.573915 0.190479 0.345978 0.796759 0.137325 0.549423 0.77309 0.169775 0.67894 0.63479 1.10649 0.806115 0.628845 0.407331 0.385756 0.540124 0.506106 0.396694 0.498933 0.298288 0.264449 0.262991 0.212476 0.265131 0.224559 0.205002 0.308362 0.324857
BD_Bspro_t
 0.96725 0.777047 0.570192 0.47097 0.465583 0.560942 0.562436 0.368071 0.424272 0.361424 0.317807 0.57529 0.454242 0.359339 0.245211 0.294347 0.488513 0.446546 0.5824 0.466112 0.429925 0.479707 0.496434 0.478305 0.603392 0.611496 0.617194 0.662759 0.72003 0.632043 0.544968
BD_Bspro
 2.04608 1.37162 0.658638 0.366035 0.401722 0.482798 0.664925 0.357133 0.321149 0.201091 0.123928 0.255302 0.274521 0.22419 0.135722 0.172592 0.639093 0.567633 1.30473 0.919097 0.955953 1.18361 1.12691 0.893731 1.30455 1.06404 0.865773 0.9412 1.34634 0.872246 0.515938
BD_Bo
 1.35 0.904992 0.434568 0.241509 0.265055 0.318549 0.438716 0.235635 0.211894 0.132679 0.0817672 0.168448 0.181129 0.14792 0.0895489 0.113875 0.421672 0.374523 0.860858 0.606418 0.630735 0.780946 0.743531 0.589681 0.860737 0.702053 0.571235 0.621002 0.888309 0.575506 0.340415
BD_Brms
 2.45454 1.64544 0.790123 0.439107 0.481919 0.57918 0.797666 0.428428 0.385261 0.241235 0.148668 0.306269 0.329325 0.268945 0.162816 0.207046 0.766677 0.680951 1.5652 1.10258 1.14679 1.4199 1.35187 1.07215 1.56498 1.27646 1.03861 1.12909 1.61511 1.04637 0.618935
Sel_flota
 0.69689 0.97762 0.998797 0.999937 0.999997
 0.69689 0.97762 0.998797 0.999937 0.999997
 0.69689 0.97762 0.998797 0.999937 0.999997
 0.69689 0.97762 0.998797 0.999937 0.999997
 0.69689 0.97762 0.998797 0.999937 0.999997
 0.69689 0.97762 0.998797 0.999937 0.999997
 0.69689 0.97762 0.998797 0.999937 0.999997
 0.69689 0.97762 0.998797 0.999937 0.999997
 0.69689 0.97762 0.998797 0.999937 0.999997
 0.69689 0.97762 0.998797 0.999937 0.999997
 0.69689 0.97762 0.998797 0.999937 0.999997
 0.69689 0.97762 0.998797 0.999937 0.999997
 0.69689 0.97762 0.998797 0.999937 0.999997
 0.69689 0.97762 0.998797 0.999937 0.999997
 0.69689 0.97762 0.998797 0.999937 0.999997
 0.69689 0.97762 0.998797 0.999937 0.999997
 0.69689 0.97762 0.998797 0.999937 0.999997
 0.69689 0.97762 0.998797 0.999937 0.999997
 0.69689 0.97762 0.998797 0.999937 0.999997
 0.69689 0.97762 0.998797 0.999937 0.999997
 0.69689 0.97762 0.998797 0.999937 0.999997
 0.69689 0.97762 0.998797 0.999937 0.999997
 0.69689 0.97762 0.998797 0.999937 0.999997
 0.69689 0.97762 0.998797 0.999937 0.999997
 0.69689 0.97762 0.998797 0.999937 0.999997
 0.69689 0.97762 0.998797 0.999937 0.999997
 0.69689 0.97762 0.998797 0.999937 0.999997
 0.69689 0.97762 0.998797 0.999937 0.999997
 0.69689 0.97762 0.998797 0.999937 0.999997
 0.69689 0.97762 0.998797 0.999937 0.999997
 0.69689 0.97762 0.998797 0.999937 0.999997
Sel_reclas
 1 1 1 1 1
 1 1 1 1 1
 1 1 1 1 1
 1 1 1 1 1
 1 1 1 1 1
 1 1 1 1 1
 1 1 1 1 1
 1 1 1 1 1
 1 1 1 1 1
 1 1 1 1 1
 1 1 1 1 1
 1 1 1 1 1
 1 1 1 1 1
 1 1 1 1 1
 1 1 1 1 1
 1 1 1 1 1
 1 1 1 1 1
 1 1 1 1 1
 1 1 1 1 1
 1 1 1 1 1
 1 1 1 1 1
 1 1 1 1 1
 1 1 1 1 1
 1 1 1 1 1
 1 1 1 1 1
 1 1 1 1 1
 1 1 1 1 1
 1 1 1 1 1
 1 1 1 1 1
 1 1 1 1 1
 1 1 1 1 1
Sel_pelaces
 0.840517 0.963667 0.992564 0.998514 0.999704
 0.840517 0.963667 0.992564 0.998514 0.999704
 0.840517 0.963667 0.992564 0.998514 0.999704
 0.840517 0.963667 0.992564 0.998514 0.999704
 0.840517 0.963667 0.992564 0.998514 0.999704
 0.840517 0.963667 0.992564 0.998514 0.999704
 0.840517 0.963667 0.992564 0.998514 0.999704
 0.840517 0.963667 0.992564 0.998514 0.999704
 0.840517 0.963667 0.992564 0.998514 0.999704
 0.840517 0.963667 0.992564 0.998514 0.999704
 0.840517 0.963667 0.992564 0.998514 0.999704
 0.840517 0.963667 0.992564 0.998514 0.999704
 0.840517 0.963667 0.992564 0.998514 0.999704
 0.840517 0.963667 0.992564 0.998514 0.999704
 0.840517 0.963667 0.992564 0.998514 0.999704
 0.840517 0.963667 0.992564 0.998514 0.999704
 0.840517 0.963667 0.992564 0.998514 0.999704
 0.840517 0.963667 0.992564 0.998514 0.999704
 0.840517 0.963667 0.992564 0.998514 0.999704
 0.840517 0.963667 0.992564 0.998514 0.999704
 0.840517 0.963667 0.992564 0.998514 0.999704
 0.840517 0.963667 0.992564 0.998514 0.999704
 0.840517 0.963667 0.992564 0.998514 0.999704
 0.840517 0.963667 0.992564 0.998514 0.999704
 0.840517 0.963667 0.992564 0.998514 0.999704
 0.840517 0.963667 0.992564 0.998514 0.999704
 0.840517 0.963667 0.992564 0.998514 0.999704
 0.840517 0.963667 0.992564 0.998514 0.999704
 0.840517 0.963667 0.992564 0.998514 0.999704
 0.840517 0.963667 0.992564 0.998514 0.999704
 0.840517 0.963667 0.992564 0.998514 0.999704
pf_obs 
 0.8446 0.082 0.0669 0.0065 0
 0.8095 0.147 0.0364 0.0071 0
 0.9664 0.0169 0.016 0.0007 0
 0.9276 0.0648 0.0075 0.0001 0
 0.7033 0.2144 0.0806 0.0017 0
 0.9318 0.0425 0.0243 0.0014 0
 0.5671 0.3108 0.0964 0.0239 0.0018
 0.0768 0.2599 0.5324 0.112 0.0189
 0.490249 0.384438 0.106611 0.0170017 0.00170017
 0.7925 0.1577 0.0466 0.003 0.0002
 0.840416 0.127587 0.0312969 0.00059994 9.999e-05
 0.8084 0.0986 0.0794 0.0134 0.0002
 0.7335 0.1905 0.0724 0.0035 0.0001
 0.4001 0.4547 0.1325 0.0127 0
 0.49795 0.308269 0.164784 0.0264974 0.00249975
 0.9179 0.0499 0.0305 0.0017 0
 0.2467 0.6533 0.0926 0.0074 0
 0.9418 0.0223 0.034 0.0019 0
 0.707729 0.231977 0.0356964 0.0245975 0
 0.517169 0.277429 0.184464 0.0207286 0.00020938
 0.811772 0.124168 0.05621 0.00726502 0.000585176
 0.764997 0.148141 0.077277 0.00933861 0.000247198
 0.163321 0.427699 0.378323 0.0303852 0.000271297
 0.753843 0.0900009 0.118128 0.0371064 0.000921714
 0.721811 0.176058 0.0630433 0.0369309 0.00215725
 0.143369 0.312575 0.442814 0.0836902 0.0175525
 0.692698 0.0596174 0.167031 0.0765114 0.00414204
 0.394062 0.376323 0.152708 0.0712218 0.00568511
 0.125707 0.32114 0.495352 0.0537591 0.00404204
 0.23352 0.215282 0.420074 0.123614 0.00750983
 0.796117 0.104755 0.0508955 0.0450114 0.00322123
pf_pred 
 0.48315 0.139738 0.353105 0.0240061 8.79894e-07
 0.425158 0.330862 0.0670855 0.165646 0.0112481
 0.582959 0.218452 0.115582 0.0228465 0.0601607
 0.733191 0.180235 0.0459105 0.0236811 0.016983
 0.658995 0.275609 0.0445852 0.0110437 0.00976672
 0.755826 0.179221 0.0527289 0.00833725 0.00388659
 0.461525 0.441716 0.071496 0.0205141 0.00474919
 0.455861 0.314066 0.189792 0.0297767 0.010504
 0.547314 0.246282 0.120261 0.0710756 0.0150667
 0.73003 0.175596 0.0520099 0.0246989 0.0176651
 0.837 0.132312 0.0201802 0.00579565 0.00471282
 0.749873 0.220074 0.0245004 0.0036529 0.00189982
 0.696172 0.250314 0.0472519 0.00510673 0.00115551
 0.646931 0.275669 0.0640943 0.0117512 0.00155492
 0.759752 0.181985 0.0458504 0.0102819 0.00213039
 0.942372 0.0481416 0.00724081 0.00176769 0.000477726
 0.378791 0.597558 0.0198519 0.00290094 0.000898198
 0.910524 0.0424165 0.0453124 0.00146709 0.000280372
 0.586985 0.387502 0.0122572 0.0127641 0.00049157
 0.613208 0.264207 0.115212 0.00354497 0.00382809
 0.740537 0.183235 0.0525161 0.022288 0.00142421
 0.749144 0.203005 0.0340506 0.00951197 0.00428897
 0.311567 0.56334 0.101755 0.0166135 0.00672371
 0.743946 0.101607 0.126941 0.0223802 0.00512608
 0.619783 0.307669 0.0292066 0.0356311 0.00771088
 0.426192 0.402757 0.139056 0.0128907 0.0191051
 0.729349 0.139678 0.0925673 0.0312299 0.00717664
 0.680732 0.254398 0.0338691 0.0219184 0.0090824
 0.337781 0.499105 0.130597 0.0169877 0.0155295
 0.419248 0.245213 0.254332 0.0650346 0.0161724
 0.829538 0.087797 0.035403 0.0358347 0.0114268
pobs_RECLAS
 0 0 0 0 0
 0 0 0 0 0
 0 0 0 0 0
 0 0 0 0 0
 0 0 0 0 0
 0 0 0 0 0
 0 0 0 0 0
 0 0 0 0 0
 0 0 0 0 0
 0 0 0 0 0
 0.991045 0.00858322 0.000360255 1.14367e-05 0
 0.934742 0.0480273 0.0164251 0.00080598 0
 0.827803 0.169806 0.00239088 0 0
 0.941827 0.0461693 0.0120037 0 0
 0.791401 0.0380133 0.147996 0.0225897 0
 0.846168 0.0940531 0.0597789 0 0
 0.134021 0.677848 0.182769 0.00536245 0
 0.80878 0.0450904 0.141981 0.00414843 0
 0.846168 0.0940531 0.0597789 0 0
 0.905697 0.0802665 0.012482 0.00150086 5.37128e-05
 0.989698 0.0102097 9.19794e-05 0 0
 0.975433 0.0193895 0.00387452 0.00125025 5.28907e-05
 0.303575 0.632131 0.0575291 0.00676475 0
 0.966965 0.00978017 0.0227588 0.000495775 0
 0.843318 0.132988 0.00938335 0.0141283 0.000182051
 0.564624 0.303363 0.111486 0.0197234 0.00080311
 0.826376 0.0876187 0.0782897 0.00655872 0.00115652
 0.89761 0.0855135 0.0140674 0.00269457 0.000114338
 0.34875 0.467042 0.161289 0.0227151 0.000203297
 0.318654 0.224769 0.449479 0.00709798 0
 0.937255 0.0296025 0.0250945 0.00804832 0
ppred_RECLAS
 0.572643 0.117401 0.290245 0.0197096 7.2237e-07
 0.514552 0.282156 0.055946 0.137977 0.00936865
 0.667202 0.176219 0.0911783 0.0180014 0.0473993
 0.798369 0.137242 0.0341657 0.0176015 0.0126222
 0.732352 0.217235 0.0343835 0.00850684 0.00752276
 0.815252 0.136408 0.0392508 0.0061988 0.00288953
 0.554361 0.367136 0.0580259 0.016628 0.00384928
 0.543438 0.265955 0.157268 0.0246455 0.00869336
 0.635768 0.20027 0.095582 0.0564211 0.0119594
 0.797415 0.132882 0.0384357 0.0182296 0.0130373
 0.879016 0.098613 0.0147166 0.00422163 0.00343267
 0.812018 0.16586 0.0180388 0.00268616 0.00139694
 0.767384 0.192426 0.0354922 0.00383107 0.000866809
 0.730393 0.211671 0.0479875 0.00878627 0.00116252
 0.821393 0.13608 0.0334765 0.00749755 0.00155337
 0.959236 0.0341841 0.00502383 0.00122495 0.000331026
 0.464329 0.515715 0.0167533 0.00244523 0.000757051
 0.935947 0.030722 0.0320943 0.00103789 0.000198336
 0.670219 0.309853 0.00957976 0.00996383 0.000383701
 0.694829 0.209953 0.0894971 0.00275042 0.00296989
 0.803118 0.139964 0.039227 0.0166282 0.00106248
 0.810447 0.154065 0.0252618 0.0070483 0.0031779
 0.391315 0.500089 0.0883565 0.0144089 0.00583112
 0.806244 0.0779184 0.0952272 0.0167693 0.00384069
 0.6982 0.245265 0.022776 0.0277535 0.00600573
 0.513334 0.343832 0.116143 0.0107541 0.0159375
 0.793797 0.107568 0.0697359 0.0234996 0.00539988
 0.75143 0.198963 0.0259149 0.0167513 0.00694085
 0.419746 0.439695 0.112565 0.014625 0.0133688
 0.50859 0.210181 0.213227 0.0544597 0.0135419
 0.874493 0.0653588 0.0257773 0.0260609 0.00830967
pobs_PELACES
 0 0 0 0 0
 0 0 0 0 0
 0 0 0 0 0
 0 0 0 0 0
 0 0 0 0 0
 0 0 0 0 0
 0 0 0 0 0
 0 0 0 0 0
 0 0 0 0 0
 0 0 0 0 0
 0 0 0 0 0
 0 0 0 0 0
 0 0 0 0 0
 0 0 0 0 0
 0 0 0 0 0
 0 0 0 0 0
 0.505614 0.472636 0.0217494 0 0
 0 0 0 0 0
 0.443492 0.261883 0.143347 0.151278 0
 0.227955 0.32914 0.350689 0.0885471 0.00366901
 0.970185 0.0296113 0.000203453 0 0
 0.997202 0.00247181 0.000326279 0 0
 0.445219 0.490057 0.0546422 0.010081 0
 0.90214 0.0892962 0.00764917 0.000914606 0
 0 0 0 0 0
 0.581667 0.319106 0.0959925 0.00289975 0.000334073
 0.762889 0.0836404 0.116647 0.0363945 0.000428098
 0.88444 0.0763242 0.0277011 0.0115352 0
 0.521256 0.241999 0.230069 0.00667565 0
 0.616807 0.101726 0.260614 0.0208532 0
 0.833518 0.0704572 0.0857862 0.0102388 0
ppred_PELACES
 0.538561 0.124164 0.315709 0.0215655 7.91332e-07
 0.48601 0.294841 0.0600523 0.14897 0.0101271
 0.641016 0.187426 0.0996215 0.0197834 0.0521533
 0.783026 0.146335 0.0373717 0.0193643 0.0139028
 0.707181 0.236296 0.0384708 0.00957445 0.00847693
 0.797759 0.148211 0.0438198 0.00696095 0.00324865
 0.53764 0.379184 0.0613845 0.0176906 0.00410008
 0.50942 0.282222 0.171727 0.0270712 0.00956035
 0.612639 0.210279 0.102973 0.0611354 0.012974
 0.785121 0.139635 0.0413761 0.0197361 0.0141313
 0.864879 0.109507 0.0168125 0.00485146 0.00394949
 0.799994 0.175925 0.0196139 0.00293747 0.00152944
 0.752347 0.203944 0.0385731 0.00418758 0.00094859
 0.722611 0.216707 0.0502126 0.00924493 0.00122464
 0.811183 0.142991 0.0360281 0.00811491 0.00168326
 0.955872 0.036845 0.0055528 0.00136172 0.000368421
 0.439556 0.539002 0.0179836 0.00264012 0.000818359
 0.928686 0.0337231 0.0361882 0.00117712 0.00022521
 0.650383 0.327912 0.0104028 0.0108825 0.000419572
 0.673628 0.222681 0.0974237 0.00301139 0.00325553
 0.785425 0.151273 0.043547 0.0185673 0.00118779
 0.795295 0.165506 0.0278542 0.00781674 0.00352853
 0.364462 0.51946 0.0943343 0.0154742 0.00626968
 0.785203 0.0848977 0.106671 0.0188953 0.00433274
 0.672701 0.26441 0.0252437 0.0309418 0.00670361
 0.481912 0.362865 0.12606 0.0117414 0.0174214
 0.772343 0.117084 0.0780364 0.0264517 0.00608545
 0.727916 0.216426 0.0289893 0.0188493 0.00781944
 0.389657 0.459177 0.120904 0.0158014 0.0144613
 0.47741 0.219832 0.229212 0.0588862 0.01466
 0.860539 0.0715532 0.0290007 0.0294918 0.00941481
pobs_pel_tallas
 0 0 0 0 0 0 0 0 0 0 0 0 0 0 0 0 0 0 0 0 0 0 0 0 0 0
 0 0 0 0 0 0 0 0 0 0 0 0 0 0 0 0 0 0 0 0 0 0 0 0 0 0
 0 0 0 0 0 0 0 0 0 0 0 0 0 0 0 0 0 0 0 0 0 0 0 0 0 0
 0 0 0 0 0 0 0 0 0 0 0 0 0 0 0 0 0 0 0 0 0 0 0 0 0 0
 0 0 0 0 0 0 0 0 0 0 0 0 0 0 0 0 0 0 0 0 0 0 0 0 0 0
 0 0 0 0 0 0 0 0 0 0 0 0 0 0 0 0 0 0 0 0 0 0 0 0 0 0
 0 0 0 0 0 0 0 0 0 0 0 0 0 0 0 0 0 0 0 0 0 0 0 0 0 0
 0 0 0 0 0 0 0 0 0 0 0 0 0 0 0 0 0 0 0 0 0 0 0 0 0 0
 0 0 0 0 0 0 0 0 0 0 0 0 0 0 0 0 0 0 0 0 0 0 0 0 0 0
 0 0 0 0 0 0 0 0 0 0 0 0 0 0 0 0 0 0 0 0 0 0 0 0 0 0
 0 0 0 0 0 0 0 0 0 0 0 0 0 0 0 0 0 0 0 0 0 0 0 0 0 0
 0 0 0 0 0 0 0 0 0 0 0 0 0 0 0 0 0 0 0 0 0 0 0 0 0 0
 0.00862536 0 0 0.000197151 0.00414017 0.0128641 0.00837892 0.0270097 0.101434 0.158115 0.152841 0.127902 0.109271 0.109419 0.0830992 0.0579132 0.0238553 0.00714673 0.00463305 0.00128148 0.00103504 0.000492878 0.000147863 0.000147863 4.92878e-05 0
 0 0 0 0 0 0 0 0 0 0 0 0 0 0 0 0 0 0 0 0 0 0 0 0 0 0
 0 0 0 0 0 0 0 0.0054083 0.00873648 0.0413646 0.0450493 0.0745869 0.0622846 0.0627006 0.0613931 0.0827291 0.12552 0.122667 0.0946155 0.0697135 0.0546179 0.0294188 0.0215738 0.0213955 0.0102223 0.00600262
 0 0 0 0 0.00359764 0.0251062 0.0480494 0.140153 0.205849 0.193036 0.1447 0.116669 0.0760912 0.0342217 0.00950174 0.001854 0.000860785 0 0 0 0.000165536 0 0.000143464 0 0 0
 0 0 0 0 0 0 0 0.000145254 0.000435761 0.0275982 0.070085 0.0708112 0.156366 0.174668 0.174014 0.160142 0.0824315 0.0480064 0.0283245 0.00493863 0.00203355 0 0 0 0 0
 0 0 0 0 0 0 0 0 0 0 0 0 0 0 0 0 0 0 0 0 0 0 0 0 0 0
 0 0 1.00437e-05 0.000401748 0.00122533 0.00171747 0.00176769 0.0269171 0.070346 0.194647 0.189555 0.159765 0.064822 0.0314167 0.0384472 0.0292271 0.0345202 0.0313363 0.0194345 0.0106764 0.0143323 0.0359363 0.0279516 0.0138201 0.00172751 0
 0 0.0021121 0.0136068 0.0755702 0.200478 0.177729 0.0527432 0.0373336 0.0318909 0.0142505 0.0149659 0.0166563 0.0217959 0.0798694 0.0677717 0.0528807 0.04013 0.0224614 0.0357745 0.0225083 0.00881397 0.00855152 0.00135912 0.000746735 0 0
 0 0 0 0 5.4009e-05 0.00500934 0.000945158 0.0243581 0.138947 0.33067 0.221406 0.137944 0.0707744 0.0437923 0.0131692 0.00525238 0.0047753 0.00276346 9.45158e-05 9.00151e-06 2.25038e-05 9.00151e-06 4.50075e-06 0 0 0
 0.000866109 0.00284123 0.00948549 0.0512746 0.133035 0.25785 0.225252 0.132002 0.0553304 0.0519788 0.0540692 0.017754 0.00435017 0.00159236 0.00146478 0.000404838 0.000125132 0.000115318 0.000107957 0.000100596 0 0 0 0 0 0
 0 0 0 0 0.00144013 0.00171154 0.00461396 0.0210425 0.0478622 0.0707936 0.0888783 0.103762 0.0637923 0.0337046 0.0602308 0.124433 0.169614 0.0934646 0.0462172 0.0250306 0.0313229 0.00938855 0.002487 0.000210481 0 0
 0 0.00764035 0.051015 0.0998891 0.058973 0.0496711 0.0374665 0.0718981 0.12319 0.153886 0.159021 0.0857701 0.0377988 0.023471 0.0147837 0.00900784 0.00315554 0.000888139 0.00291439 0.00214683 0.00393193 0.00274676 0.000635225 9.99891e-05 0 0
 0 0 0 0 0 0 0 0 0 0 0 0 0 0 0 0 0 0 0 0 0 0 0 0 0 0
 0 0 0 0 0 0 0 0 0 0 0 0 0 0 0 0 0 0 0 0 0 0 0 0 0 0
 0 0 0 0 0 0 0 0 0 0 0 0 0 0 0 0 0 0 0 0 0 0 0 0 0 0
 0 0 0 0 0 0 0 0 0 0 0 0 0 0 0 0 0 0 0 0 0 0 0 0 0 0
 0 0 0 0 0 0 0 0 0 0 0 0 0 0 0 0 0 0 0 0 0 0 0 0 0 0
 0 0 0 0 0 0 0 0 0 0 0 0 0 0 0 0 0 0 0 0 0 0 0 0 0 0
 0 0 0 0 0 0 0 0 0 0 0 0 0 0 0 0 0 0 0 0 0 0 0 0 0 0
ppred_pel_tallas
 1.11306e-16 4.43606e-05 0.0004312 0.00286548 0.0130261 0.040529 0.0863517 0.126035 0.126048 0.0864127 0.040735 0.0136272 0.00439677 0.0038479 0.00674932 0.0116499 0.0180837 0.0254532 0.0330769 0.0404793 0.0473832 0.0533391 0.0574056 0.0583429 0.0552888 0.0483974
 1.18462e-16 4.00321e-05 0.000389126 0.00258588 0.011755 0.0365745 0.0779268 0.113742 0.113771 0.0780661 0.0370424 0.0131078 0.00598607 0.00782788 0.0142175 0.0235803 0.0343145 0.0439479 0.0500526 0.0516792 0.0499759 0.0473696 0.0459268 0.046164 0.0470471 0.0469093
 1.13733e-16 5.27997e-05 0.000513232 0.0034106 0.0155041 0.0482392 0.102779 0.150013 0.150031 0.102868 0.0485382 0.0163696 0.00558946 0.00529114 0.00919068 0.0152799 0.02241 0.029048 0.0336763 0.0356413 0.0355195 0.0346233 0.0340504 0.0340423 0.0340491 0.0332685
 1.05411e-16 6.44968e-05 0.000626932 0.00416619 0.0189389 0.058926 0.125549 0.183245 0.183259 0.125618 0.0591581 0.0196097 0.00585187 0.00431265 0.00708198 0.0116533 0.0168955 0.0214969 0.0241743 0.0243616 0.0225434 0.0198989 0.0175428 0.0159608 0.0149738 0.0140919
 1.03566e-16 5.82496e-05 0.000566207 0.00376265 0.0171045 0.0532184 0.113388 0.165498 0.165521 0.1135 0.0535923 0.0181844 0.00647405 0.0064869 0.0113078 0.0186153 0.026843 0.0338264 0.0374004 0.0365716 0.0321039 0.0259839 0.0202123 0.0158637 0.0129602 0.0109561
 1.02551e-16 6.57104e-05 0.000638728 0.00424458 0.0192952 0.0600347 0.127911 0.186693 0.186707 0.127981 0.0602698 0.0199748 0.00595223 0.00437236 0.00717361 0.0117999 0.0170955 0.0217142 0.0243234 0.0242987 0.0220693 0.0187786 0.015549 0.0129407 0.0109218 0.00919603
 1.04337e-16 4.42848e-05 0.000430464 0.00286059 0.0130038 0.04046 0.0862056 0.125827 0.125864 0.0863842 0.0410599 0.0147368 0.00721114 0.00993007 0.0180926 0.0298588 0.0430511 0.0542282 0.0599066 0.0584755 0.0511417 0.0410777 0.0314906 0.0241234 0.0190564 0.0154798
 1.09361e-16 4.19603e-05 0.000407869 0.00271044 0.0123213 0.0383362 0.0816803 0.119221 0.119248 0.0818144 0.0387869 0.0136257 0.00599504 0.00761202 0.0138232 0.0230455 0.0337993 0.0437689 0.0505828 0.0530955 0.0519481 0.0488806 0.0454123 0.0420071 0.0382461 0.0335898
 1.11352e-16 5.04623e-05 0.000490511 0.00325962 0.0148178 0.0461037 0.0982296 0.143373 0.143394 0.0983293 0.0464391 0.0157881 0.00570216 0.00584536 0.010288 0.0171083 0.0250695 0.0324461 0.0375191 0.0395334 0.039107 0.0376755 0.0364309 0.035621 0.0346527 0.032726
 1.05601e-16 6.46694e-05 0.00062861 0.00417734 0.0189896 0.0590837 0.125884 0.183735 0.183748 0.12595 0.0593053 0.0196304 0.00578803 0.00415191 0.00677742 0.0111592 0.0162065 0.0206779 0.023361 0.0237206 0.0222102 0.0199275 0.0178955 0.0165345 0.0156435 0.0147483
 1.01669e-16 7.1239e-05 0.000692468 0.0046017 0.0209186 0.0650857 0.138672 0.202399 0.202409 0.138724 0.065259 0.021419 0.00585792 0.00343539 0.00528226 0.00862459 0.0124286 0.0156548 0.0172963 0.0168934 0.0148034 0.0119519 0.00927196 0.00726504 0.00594088 0.00504142
 1.01165e-16 6.58945e-05 0.000640518 0.00425647 0.0193493 0.0602029 0.128269 0.187216 0.187233 0.128352 0.0604809 0.0201521 0.00627126 0.00503731 0.00841167 0.0137899 0.0198299 0.0248755 0.0272841 0.0262958 0.0224818 0.0173574 0.0124826 0.00874802 0.00625657 0.00465894
 1.01746e-16 6.19699e-05 0.000602369 0.00400296 0.0181969 0.0566173 0.12063 0.176067 0.176087 0.120726 0.0569401 0.0191294 0.00634431 0.00571566 0.0097791 0.0160842 0.0231989 0.0292434 0.032338 0.0316024 0.0276608 0.022189 0.0168887 0.0126983 0.0096945 0.00750217
 1.02639e-16 5.95206e-05 0.000578561 0.00384474 0.0174777 0.0543796 0.115862 0.169109 0.16913 0.115964 0.0547229 0.0184697 0.00633636 0.00602267 0.0104131 0.0171579 0.0247967 0.0313607 0.0348754 0.034417 0.0306355 0.0252656 0.0200427 0.0158826 0.0128052 0.0103908
 1.02175e-16 6.68161e-05 0.000649476 0.004316 0.0196199 0.0610449 0.130063 0.189834 0.189848 0.130131 0.0612715 0.0202749 0.00596133 0.00424538 0.00690821 0.0113466 0.0164128 0.0207942 0.0231961 0.0230151 0.0206787 0.017319 0.0140565 0.0114649 0.00952885 0.00795387
 1.00369e-16 7.87339e-05 0.000765322 0.00508583 0.0231195 0.0719332 0.153261 0.22369 0.223694 0.153279 0.0719915 0.0232878 0.00550839 0.00168786 0.00183108 0.00290325 0.00417621 0.00525485 0.00579485 0.00563861 0.00490371 0.00390039 0.00294393 0.00220814 0.00170483 0.00135746
 1.01061e-16 3.62058e-05 0.000351933 0.00233872 0.0106315 0.0330789 0.07048 0.102878 0.10293 0.0707333 0.0339292 0.0130863 0.00849588 0.0137774 0.0254876 0.0419578 0.0601538 0.0750451 0.0815294 0.077253 0.0640451 0.0467528 0.0304499 0.0181583 0.0103769 0.00604217
 1.0121e-16 7.64947e-05 0.000743555 0.00494119 0.0224619 0.0698874 0.148903 0.217328 0.217332 0.148919 0.0699417 0.0226195 0.00533901 0.00161965 0.00176266 0.00285089 0.00423358 0.00560152 0.00668463 0.00734054 0.00760336 0.00760035 0.00741494 0.00702515 0.00636109 0.00540937
 1.01547e-16 5.35712e-05 0.000520732 0.00346045 0.0157307 0.0489442 0.104282 0.152209 0.152241 0.104436 0.0494616 0.0172243 0.00720694 0.00869047 0.0155434 0.0255437 0.0366334 0.0457382 0.0497683 0.0473113 0.0394961 0.0292748 0.019714 0.0126045 0.00818162 0.00572968
 1.03722e-16 5.54859e-05 0.000539343 0.00358412 0.0162929 0.0506934 0.108009 0.157646 0.157668 0.108114 0.0510477 0.0173173 0.00616027 0.00617882 0.0108117 0.017905 0.0260621 0.0333406 0.0377704 0.0383967 0.0357737 0.0314569 0.0269433 0.022936 0.0193706 0.0159273
 1.03359e-16 6.46944e-05 0.000628853 0.00417895 0.0189969 0.0591065 0.125933 0.183806 0.183821 0.126005 0.0593465 0.0196907 0.00592241 0.00444131 0.00732441 0.0120569 0.0174818 0.0222376 0.0249805 0.0250924 0.0230278 0.0199564 0.0170024 0.0146877 0.0129104 0.0113002
 1.02228e-16 6.55074e-05 0.000636755 0.00423146 0.0192356 0.0598493 0.127516 0.186116 0.186132 0.127594 0.0601112 0.0199922 0.00613087 0.00478453 0.00794695 0.013045 0.018811 0.02371 0.0262232 0.0256517 0.0225243 0.0182235 0.0141418 0.0110279 0.00890211 0.00739684
 1.05468e-16 3.00203e-05 0.000291808 0.00193917 0.00881523 0.0274277 0.0584395 0.0853046 0.0853547 0.0586843 0.0282498 0.0111901 0.00790204 0.0133138 0.0247756 0.0409492 0.0590726 0.0744635 0.0823512 0.080513 0.0705654 0.0568034 0.0435754 0.0332556 0.025989 0.0207431
 1.05729e-16 6.46762e-05 0.000628675 0.00417777 0.0189915 0.0590898 0.125897 0.183753 0.183761 0.125938 0.0592272 0.0193905 0.00518652 0.00285529 0.00436536 0.00730254 0.0109528 0.014693 0.0179098 0.0202886 0.0219142 0.0230366 0.0237223 0.0237255 0.0226849 0.0204434
 1.05034e-16 5.54096e-05 0.000538601 0.00357919 0.0162705 0.0506237 0.10786 0.15743 0.157456 0.107985 0.0510416 0.0174775 0.00660857 0.0071508 0.0126109 0.0207564 0.0298898 0.0375888 0.0414379 0.0403608 0.0352804 0.0285056 0.0223407 0.0179896 0.0153894 0.0137729
 1.07857e-16 3.96945e-05 0.000385845 0.00256408 0.0116559 0.0362661 0.0772701 0.112785 0.11282 0.0774416 0.0368424 0.0133219 0.00675162 0.00954615 0.0174921 0.0289994 0.0421075 0.0536543 0.0604179 0.0608817 0.0560676 0.0486971 0.0414078 0.0354611 0.0307086 0.0264136
 1.05965e-16 6.36169e-05 0.000618379 0.00410934 0.0186805 0.058122 0.123835 0.180744 0.180755 0.123891 0.0583093 0.0192229 0.00547596 0.00361874 0.00581213 0.00964024 0.0141926 0.0185063 0.0216364 0.0231451 0.0233127 0.0228317 0.0222487 0.021626 0.0206434 0.0189581
 1.04106e-16 5.99575e-05 0.000582808 0.00387297 0.017606 0.0547788 0.116713 0.17035 0.170371 0.116815 0.0551211 0.0185947 0.00635508 0.00600212 0.010355 0.0170323 0.024552 0.0309287 0.0341885 0.0334425 0.0294217 0.0239781 0.0189593 0.0153304 0.0130519 0.0115379
 1.07639e-16 3.20956e-05 0.000311981 0.00207322 0.0094246 0.0293237 0.0624788 0.091199 0.0912433 0.0626956 0.0300516 0.0115283 0.00735814 0.0118632 0.0220114 0.0364469 0.0527527 0.0668655 0.0746417 0.0741443 0.0667395 0.0560518 0.0456715 0.0374388 0.0313095 0.0263429
 1.15058e-16 3.93237e-05 0.00038224 0.00254012 0.011547 0.0359273 0.0765476 0.111728 0.111749 0.0766529 0.0362817 0.0125751 0.00513652 0.00610321 0.0110605 0.0186323 0.0277972 0.036976 0.0445435 0.049711 0.0528333 0.0548015 0.0560721 0.056218 0.0543299 0.0498142
 1.05407e-16 7.08815e-05 0.000688994 0.0045786 0.0208137 0.0647591 0.137976 0.201382 0.201389 0.13801 0.0648731 0.0211435 0.00540867 0.00250828 0.00354785 0.00581205 0.00850875 0.0110137 0.0127545 0.0135032 0.0135111 0.0133069 0.0133135 0.0135873 0.0138446 0.0136941
pSPR Fmed_Fpbrs
0.530126   0.6 0.325
Fs Fmed_Fpbrs
0.380828   0.29912 0.740152
SSBpbr Bo_Bmed_Bpbrs
1.48789e+06  714377  818342 409171
Ro
137342
SPR SPRFo_SPRFmed_SPRFpbrs
981709 520429 319056
Fref
0.29912
Nvult_r0
 157156 12738.5 5053.96 5111.19 1629.76
CTP_r0
 29010.7 3070.44 1238.11 1253.21 399.619
YTP_r0
391298
Np
 175078 65239.5 4658.6 1831.03 2342.86
Nvult_p0
 122789 47324.5 3387.41 1331.57 1703.79
CTP_p0
 21180.7 10707.7 779.222 306.576 392.293
YTP_p0
 372487
CBA_c0
385654
log_Ro
11.6502
likeval ReclasPelacesDesembMPH_pf_preclas_ppelaces_ptallas_desvR_qrecl_qpela
 12.5355 16.8842 0.0359828 0.000820071 240.683 117.237 99.333 0 23.9693 3.96771e-06 1.83318e-05 0.180611 6.79196e-16 0 0
q_reclas_q_pelaces
1.32613 1.83885
M
1
N
 170473 35990 89173.3 6056.18 0.221965
 93664.8 54214.9 10793.7 26625.7 1807.91
 94591.4 26345 13686 2702.61 7116.32
 143497 26736.9 6696.58 3451.07 2474.84
 116152 35387.4 5612.36 1388.71 1228.07
 213031 37418.3 10806.4 1706.97 795.702
 83144.3 61579.7 9815.12 2813.92 651.419
 35185.6 17554.7 10395.8 1629.26 574.7
 34569.9 11762.7 5646.71 3334.24 706.76
 46688.4 8671.98 2528.96 1199.99 858.214
 87226.4 10021.6 1498.27 429.836 349.508
 126884 28508.2 3122.9 465.212 241.939
 106091 29082.2 5400.26 583.121 131.938
 74080.7 25076.2 5751.97 1053.82 139.437
 67942.6 12604.5 3127.37 700.741 145.186
 366133 14251.9 2108.5 514.298 138.984
 73893.6 86900.3 2835.22 413.909 128.149
 590633 20465.9 21467.6 694.389 132.696
 332971 166063 5163.62 5372.29 206.887
 259146 84070 36029.2 1107.57 1195.96
 363625 66999.9 18856.7 7995.13 510.866
 497628 101461 16724.5 4667.64 2104.55
 97028.9 129302 22917.6 3737.97 1512.73
 289091 28995.3 35535.7 6258.72 1433.45
 242670 88451 8236.74 10038.3 2172.26
 107703 74323.4 25162.2 2330.14 3453.28
 242935 34168.5 22213.6 7486.66 1720.34
 271882 74293.8 9699.8 6270.72 2598.27
 79334.1 85530.6 21944 2851.42 2606.51
 58627.1 25300 25750.7 6578.05 1635.71
 222395 17397.1 6884.99 6962.02 2219.9
pred_Ctot
 14777.5 4274.01 10800 734.246 0.0269123
 14247.1 11087.2 2248.04 5550.83 376.927
 14151.9 5303.15 2805.86 554.622 1460.46
 30885.9 7592.44 1933.99 997.573 715.416
 9226.62 3858.81 624.239 154.623 136.744
 29422.3 6976.61 2052.6 324.547 151.295
 23416.6 22411.5 3627.53 1040.83 240.962
 2045.79 1409.45 851.738 133.63 47.1391
 7170.5 3226.61 1575.58 931.18 197.392
 12838 3087.96 914.624 434.345 310.651
 6212.2 982.015 149.778 43.0152 34.9785
 31412 9218.85 1026.32 153.019 79.5829
 24847.3 8934.02 1686.48 182.266 41.2417
 26765.5 11405.3 2651.77 486.181 64.3316
 19312.7 4625.99 1165.5 261.363 54.1539
 85083.3 4346.53 653.746 159.599 43.1321
 11813 18635.4 619.101 90.4685 28.0111
 89954.7 4190.52 4476.61 144.94 27.6992
 68067.3 44935.1 1421.35 1480.14 57.0028
 50099.7 21585.9 9412.92 289.627 312.758
 56779.2 14049.1 4026.57 1708.89 109.198
 95026.5 25750.5 4319.21 1206.56 544.042
 11708.5 21170 3823.91 624.326 252.673
 31222.3 4264.29 5327.51 939.263 215.134
 26074.9 12943.9 1228.75 1499.04 324.405
 9484.09 8962.59 3094.42 286.857 425.147
 26300 5036.72 3337.94 1126.14 258.787
 25216.5 9423.72 1254.62 811.929 336.441
 6754.53 9980.51 2611.53 339.699 310.54
 7292.89 4265.52 4424.14 1131.29 281.322
 29010.7 3070.44 1238.11 1253.21 399.619
F
 0.14562 0.20428 0.208705 0.208943 0.208956
 0.268445 0.376583 0.384741 0.38518 0.385203
 0.263524 0.36968 0.377688 0.378119 0.378141
 0.399955 0.561071 0.573224 0.573879 0.573913
 0.132743 0.186216 0.19025 0.190467 0.190479
 0.241108 0.338235 0.345561 0.345956 0.345976
 0.555253 0.778928 0.7958 0.796709 0.796756
 0.0957001 0.134251 0.137159 0.137316 0.137324
 0.382887 0.537127 0.548762 0.549388 0.549421
 0.538758 0.755788 0.772159 0.773041 0.773087
 0.118314 0.165975 0.16957 0.169764 0.169774
 0.473146 0.663745 0.678123 0.678897 0.678938
 0.442378 0.620583 0.634026 0.634749 0.634787
 0.771101 1.08173 1.10516 1.10642 1.10649
 0.561773 0.788075 0.805145 0.806064 0.806112
 0.438235 0.614772 0.628088 0.628805 0.628843
 0.283865 0.398215 0.406841 0.407305 0.40733
 0.26883 0.377123 0.385292 0.385732 0.385755
 0.376407 0.528037 0.539474 0.54009 0.540123
 0.3527 0.494779 0.505497 0.506074 0.506104
 0.276452 0.387816 0.396217 0.396669 0.396693
 0.347701 0.487767 0.498333 0.498901 0.498931
 0.207874 0.291613 0.297929 0.298269 0.298287
 0.184292 0.258531 0.264131 0.264433 0.264449
 0.183276 0.257106 0.262675 0.262975 0.26299
 0.148073 0.207721 0.212221 0.212463 0.212476
 0.184767 0.259198 0.264812 0.265115 0.265131
 0.156493 0.219534 0.224289 0.224545 0.224559
 0.142864 0.200414 0.204755 0.204989 0.205001
 0.214894 0.301461 0.307991 0.308342 0.308361
 0.22639 0.317587 0.324466 0.324837 0.324856
YTP_r0W_actual
 246591 50048.2 35781.5 43611.8 15265.5
YTP_p0W_proyectada
 159279 172608 18218.2 9043.98 13338
CTP_r0_actual
 29010.7 3070.44 1238.11 1253.21 399.619
CTP_p0_proyectada
 21180.7 10707.7 779.222 306.576 392.293
Wmedp
 7.52 16.12 23.38 29.5 34
Frms_r0
 0.22639 0.317587 0.324466 0.324837 0.324856
Zrms_r0
 1.22639 1.31759 1.32447 1.32484 1.32486
nmprior
 8.19 8.8 8.5 0
nm_flota  nm_reclas  nm_pelaces    nm_pelaL
inf 13.8247 17.0431 39.9037
cv_recla  cv_pelaces  cv_mph
0.320255 0.465921 0.883754
 ------------------------------------------------
Talla a la edad & desviaci?n 
 8 13.2811 15.8009 17.003 17.5766
 0.8 1.32811 1.58009 1.7003 1.75766
