years
 1991 1992 1993 1994 1995 1996 1997 1998 1999 2000 2001 2002 2003 2004 2005 2006 2007 2008 2009 2010 2011 2012 2013 2014 2015 2016 2017 2018 2019 2020 2021
reclasobs
 0 0 0 0 0 0 0 0 0 252601 567819 844713 477998 351125 339783 2.1784e+06 2.13404e+06 4.81314e+06 1.55562e+06 2.62356e+06 3.21686e+06 3.843e+06 1.13348e+06 3.07943e+06 1.97215e+06 2.03268e+06 2.025e+06 2.42433e+06 2.27542e+06 1.05018e+06 2.36338e+06
reclaspred
 3.18299e+06 1.7392e+06 881974 906245 919613 1.59355e+06 896812 770565 545416 370151 502469 684615 672721 495567 485672 1.35703e+06 1.21348e+06 3.11392e+06 2.48289e+06 1.78563e+06 3.11422e+06 2.53776e+06 1.92139e+06 3.06711e+06 2.26287e+06 1.98995e+06 2.4107e+06 2.60862e+06 2.06561e+06 1.2481e+06 1.89883e+06
pelacesobs
 0 0 0 0 0 0 0 0 0 0 0 0 0 0 0 552880 188675 0 991730 2.46772e+06 1.41603e+06 1.21717e+06 2.29649e+06 1.80582e+06 0 1.4828e+06 1.56532e+06 1.57751e+06 1.42118e+06 867257 1.10002e+06
pelacespred
 1.86436e+06 1.11192e+06 548139 441759 493258 861878 443961 498238 324094 199661 286511 325148 355353 263244 264589 617456 597705 1.70411e+06 1.42499e+06 945252 1.61896e+06 1.39427e+06 1.113e+06 1.88579e+06 1.37834e+06 1.21987e+06 1.62828e+06 1.73281e+06 1.20407e+06 812742 1.14188e+06
mphobs
 0 0 0 0 0 0 0 0 0 0 0 498337 0 5186 125008 0 168611 109162 213762 579715 649985 157893 87575 83554 0 0 0 0 0 0 0
mphpred
 487947 327094 157098 87316.3 95773.2 115031 158291 85093.2 76544.6 47995.5 29624 60912 65500.5 53509.4 32430.3 41251 152577 135596 311276 219378 228296 282599 269032 213490 311358 254030 206732 224715 322455 209781 123739
desembarqueobs
 494567 514787 250237 358949 120608 361735 552515 73892 212993 205616 52469 317467 293654 387597 252695 516296 358380 742168 942051 627588 828172 859565 418607 520667 417249 300574 415391 372974 316634 284311 391294
desembarquepred
 494571 513827 250683 358986 120614 361743 552539 73897.5 213055 205672 52471.9 317529 293688 387573 252669 516224 358410 742012 941744 627363 828256 859545 418609 520693 417237 300571 415384 372944 316617 284315 391296
Reclutas
 170639 93684.9 94732.2 143611 116301 213115 83214 35261.1 34642.9 46792.4 87439.7 127032 106224 74159.6 68097.8 366988 74055.3 591892 333486 259700 364438 498579 97325.9 289821 243378 108023 243660 273830 80726.6 58187.9 220797
log_desv_Rt
 0.21516 -0.384451 -0.373335 0.0427219 -0.16821 0.437445 -0.502973 -1.36161 -1.3793 -1.07867 -0.453439 -0.0799476 -0.258834 -0.618169 -0.703444 0.980941 -0.619577 1.45893 0.885211 0.63514 0.973967 1.28737 -0.346324 0.744876 0.570226 -0.242047 0.571385 0.688117 -0.533321 -0.860711 0.472857
SSB
 2.01548e+06 1.35107e+06 648897 360662 395593 475138 653825 351479 316169 198246 122362 251598 270551 221022 133954 170388 630224 560080 1.28573e+06 906147 942980 1.16728e+06 1.11124e+06 881823 1.28607e+06 1.04928e+06 853911 928190 1.3319e+06 866506 511108
BT
 2.85457e+06 1.95701e+06 960132 908707 769117 1.52662e+06 1.08614e+06 749454 654159 473346 453525 722233 765101 775923 634685 1.32165e+06 1.09176e+06 3.12537e+06 2.87588e+06 1.85285e+06 2.96371e+06 2.728e+06 1.86296e+06 3.16582e+06 2.25428e+06 1.92139e+06 2.72622e+06 2.82601e+06 1.85599e+06 1.35263e+06 2.00059e+06
Ftot
 0.208381 0.384109 0.37705 0.572882 0.190141 0.345834 0.795775 0.137072 0.548192 0.770464 0.169369 0.677585 0.633407 1.10393 0.803926 0.627671 0.405815 0.385017 0.538748 0.504571 0.395495 0.497537 0.297126 0.26372 0.26211 0.211698 0.26434 0.223389 0.203166 0.305552 0.325749
BD_Bspro_t
 0.967339 0.777634 0.571143 0.472037 0.466521 0.561712 0.562941 0.368731 0.425063 0.36246 0.31909 0.576245 0.455237 0.360335 0.246216 0.295506 0.48965 0.447816 0.583349 0.467206 0.431146 0.480899 0.497649 0.479676 0.604495 0.612652 0.618368 0.663851 0.721628 0.634721 0.546991
BD_Bspro
 2.0491 1.37361 0.659722 0.366678 0.402192 0.483065 0.664732 0.357342 0.321443 0.201553 0.124404 0.255795 0.275065 0.224709 0.136189 0.17323 0.640737 0.569423 1.30718 0.921263 0.95871 1.18675 1.12978 0.896534 1.30753 1.06678 0.868156 0.943674 1.35412 0.880961 0.519634
BD_Bo
 1.35152 0.905986 0.435131 0.241849 0.265273 0.318614 0.438435 0.235691 0.212013 0.132938 0.0820525 0.168714 0.181424 0.14821 0.0898255 0.114257 0.422609 0.375573 0.862173 0.607635 0.632334 0.782743 0.745167 0.591324 0.862401 0.703613 0.572607 0.622416 0.893135 0.581053 0.342733
BD_Brms
 2.4573 1.64725 0.791147 0.439725 0.482314 0.579297 0.797155 0.42853 0.385479 0.241705 0.149186 0.306753 0.329861 0.269474 0.163319 0.20774 0.76838 0.682859 1.56759 1.10479 1.1497 1.42317 1.35485 1.07514 1.568 1.2793 1.0411 1.13167 1.62388 1.05646 0.623152
Sel_flota
 0.695539 0.97748 0.998789 0.999936 0.999997
 0.695539 0.97748 0.998789 0.999936 0.999997
 0.695539 0.97748 0.998789 0.999936 0.999997
 0.695539 0.97748 0.998789 0.999936 0.999997
 0.695539 0.97748 0.998789 0.999936 0.999997
 0.695539 0.97748 0.998789 0.999936 0.999997
 0.695539 0.97748 0.998789 0.999936 0.999997
 0.695539 0.97748 0.998789 0.999936 0.999997
 0.695539 0.97748 0.998789 0.999936 0.999997
 0.695539 0.97748 0.998789 0.999936 0.999997
 0.695539 0.97748 0.998789 0.999936 0.999997
 0.695539 0.97748 0.998789 0.999936 0.999997
 0.695539 0.97748 0.998789 0.999936 0.999997
 0.695539 0.97748 0.998789 0.999936 0.999997
 0.695539 0.97748 0.998789 0.999936 0.999997
 0.695539 0.97748 0.998789 0.999936 0.999997
 0.695539 0.97748 0.998789 0.999936 0.999997
 0.695539 0.97748 0.998789 0.999936 0.999997
 0.695539 0.97748 0.998789 0.999936 0.999997
 0.695539 0.97748 0.998789 0.999936 0.999997
 0.695539 0.97748 0.998789 0.999936 0.999997
 0.695539 0.97748 0.998789 0.999936 0.999997
 0.695539 0.97748 0.998789 0.999936 0.999997
 0.695539 0.97748 0.998789 0.999936 0.999997
 0.695539 0.97748 0.998789 0.999936 0.999997
 0.695539 0.97748 0.998789 0.999936 0.999997
 0.695539 0.97748 0.998789 0.999936 0.999997
 0.695539 0.97748 0.998789 0.999936 0.999997
 0.695539 0.97748 0.998789 0.999936 0.999997
 0.695539 0.97748 0.998789 0.999936 0.999997
 0.695539 0.97748 0.998789 0.999936 0.999997
Sel_reclas
 1 1 1 1 1
 1 1 1 1 1
 1 1 1 1 1
 1 1 1 1 1
 1 1 1 1 1
 1 1 1 1 1
 1 1 1 1 1
 1 1 1 1 1
 1 1 1 1 1
 1 1 1 1 1
 1 1 1 1 1
 1 1 1 1 1
 1 1 1 1 1
 1 1 1 1 1
 1 1 1 1 1
 1 1 1 1 1
 1 1 1 1 1
 1 1 1 1 1
 1 1 1 1 1
 1 1 1 1 1
 1 1 1 1 1
 1 1 1 1 1
 1 1 1 1 1
 1 1 1 1 1
 1 1 1 1 1
 1 1 1 1 1
 1 1 1 1 1
 1 1 1 1 1
 1 1 1 1 1
 1 1 1 1 1
 1 1 1 1 1
Sel_pelaces
 0.844975 0.964827 0.992808 0.998563 0.999714
 0.844975 0.964827 0.992808 0.998563 0.999714
 0.844975 0.964827 0.992808 0.998563 0.999714
 0.844975 0.964827 0.992808 0.998563 0.999714
 0.844975 0.964827 0.992808 0.998563 0.999714
 0.844975 0.964827 0.992808 0.998563 0.999714
 0.844975 0.964827 0.992808 0.998563 0.999714
 0.844975 0.964827 0.992808 0.998563 0.999714
 0.844975 0.964827 0.992808 0.998563 0.999714
 0.844975 0.964827 0.992808 0.998563 0.999714
 0.844975 0.964827 0.992808 0.998563 0.999714
 0.844975 0.964827 0.992808 0.998563 0.999714
 0.844975 0.964827 0.992808 0.998563 0.999714
 0.844975 0.964827 0.992808 0.998563 0.999714
 0.844975 0.964827 0.992808 0.998563 0.999714
 0.844975 0.964827 0.992808 0.998563 0.999714
 0.844975 0.964827 0.992808 0.998563 0.999714
 0.844975 0.964827 0.992808 0.998563 0.999714
 0.844975 0.964827 0.992808 0.998563 0.999714
 0.844975 0.964827 0.992808 0.998563 0.999714
 0.844975 0.964827 0.992808 0.998563 0.999714
 0.844975 0.964827 0.992808 0.998563 0.999714
 0.844975 0.964827 0.992808 0.998563 0.999714
 0.844975 0.964827 0.992808 0.998563 0.999714
 0.844975 0.964827 0.992808 0.998563 0.999714
 0.844975 0.964827 0.992808 0.998563 0.999714
 0.844975 0.964827 0.992808 0.998563 0.999714
 0.844975 0.964827 0.992808 0.998563 0.999714
 0.844975 0.964827 0.992808 0.998563 0.999714
 0.844975 0.964827 0.992808 0.998563 0.999714
 0.844975 0.964827 0.992808 0.998563 0.999714
pf_obs 
 0.8446 0.082 0.0669 0.0065 0
 0.8095 0.147 0.0364 0.0071 0
 0.9664 0.0169 0.016 0.0007 0
 0.9276 0.0648 0.0075 0.0001 0
 0.7033 0.2144 0.0806 0.0017 0
 0.9318 0.0425 0.0243 0.0014 0
 0.5671 0.3108 0.0964 0.0239 0.0018
 0.0768 0.2599 0.5324 0.112 0.0189
 0.490249 0.384438 0.106611 0.0170017 0.00170017
 0.7925 0.1577 0.0466 0.003 0.0002
 0.840416 0.127587 0.0312969 0.00059994 9.999e-05
 0.8084 0.0986 0.0794 0.0134 0.0002
 0.7335 0.1905 0.0724 0.0035 0.0001
 0.4001 0.4547 0.1325 0.0127 0
 0.49795 0.308269 0.164784 0.0264974 0.00249975
 0.9179 0.0499 0.0305 0.0017 0
 0.2467 0.6533 0.0926 0.0074 0
 0.9418 0.0223 0.034 0.0019 0
 0.707729 0.231977 0.0356964 0.0245975 0
 0.517169 0.277429 0.184464 0.0207286 0.00020938
 0.811772 0.124168 0.05621 0.00726502 0.000585176
 0.764997 0.148141 0.077277 0.00933861 0.000247198
 0.163321 0.427699 0.378323 0.0303852 0.000271297
 0.753843 0.0900009 0.118128 0.0371064 0.000921714
 0.721811 0.176058 0.0630433 0.0369309 0.00215725
 0.143369 0.312575 0.442814 0.0836902 0.0175525
 0.692698 0.0596174 0.167031 0.0765114 0.00414204
 0.394062 0.376323 0.152708 0.0712218 0.00568511
 0.125707 0.32114 0.495352 0.0537591 0.00404204
 0.23352 0.215282 0.420074 0.123614 0.00750983
 0.774587 0.0839891 0.0768558 0.0609784 0.00358967
pf_pred 
 0.482197 0.13968 0.354077 0.0240448 8.80356e-07
 0.424179 0.331147 0.0671321 0.166264 0.0112772
 0.582285 0.218579 0.115812 0.0228848 0.0604396
 0.73243 0.180694 0.0460264 0.0237709 0.0170785
 0.658293 0.276075 0.0447358 0.0110789 0.00981763
 0.755203 0.179615 0.0528976 0.00837684 0.00390798
 0.461054 0.44199 0.0716193 0.0205668 0.00476985
 0.455336 0.314399 0.18991 0.0298227 0.0105325
 0.546768 0.246543 0.120446 0.0711441 0.0150995
 0.729387 0.175997 0.0521389 0.0247681 0.0177081
 0.83636 0.132795 0.0202826 0.0058253 0.00473767
 0.74917 0.220615 0.0246264 0.00367638 0.00191223
 0.695385 0.250883 0.0474286 0.00513868 0.00116426
 0.646036 0.27626 0.0643278 0.0118093 0.00156689
 0.758998 0.182474 0.046043 0.0103386 0.00214558
 0.942125 0.0483304 0.00728236 0.00178022 0.000481869
 0.377928 0.598329 0.0199224 0.00291604 0.000904376
 0.910166 0.0425421 0.0455315 0.00147731 0.000282898
 0.586148 0.388228 0.0122989 0.0128295 0.000495292
 0.612422 0.264608 0.115557 0.00356047 0.00385175
 0.739802 0.183673 0.0526965 0.0223942 0.00143429
 0.748433 0.203501 0.0341897 0.00955936 0.00431662
 0.311003 0.563601 0.101967 0.0166727 0.00675671
 0.743175 0.101856 0.127328 0.0224816 0.0051589
 0.619155 0.308046 0.0292938 0.0357537 0.00775146
 0.425466 0.403155 0.139268 0.0129313 0.0191799
 0.728723 0.139916 0.092819 0.0313273 0.00721395
 0.680983 0.254127 0.0338618 0.0219327 0.00909539
 0.339558 0.498109 0.12994 0.0169143 0.0154792
 0.413665 0.248922 0.255934 0.0652369 0.0162428
 0.827533 0.0879013 0.0364151 0.0365345 0.0116158
pobs_RECLAS
 0 0 0 0 0
 0 0 0 0 0
 0 0 0 0 0
 0 0 0 0 0
 0 0 0 0 0
 0 0 0 0 0
 0 0 0 0 0
 0 0 0 0 0
 0 0 0 0 0
 0 0 0 0 0
 0.991045 0.00858322 0.000360255 1.14367e-05 0
 0.934742 0.0480273 0.0164251 0.00080598 0
 0.827803 0.169806 0.00239088 0 0
 0.941827 0.0461693 0.0120037 0 0
 0.791401 0.0380133 0.147996 0.0225897 0
 0.846168 0.0940531 0.0597789 0 0
 0.134021 0.677848 0.182769 0.00536245 0
 0.80878 0.0450904 0.141981 0.00414843 0
 0.846168 0.0940531 0.0597789 0 0
 0.905697 0.0802665 0.012482 0.00150086 5.37128e-05
 0.989698 0.0102097 9.19794e-05 0 0
 0.975433 0.0193895 0.00387452 0.00125025 5.28907e-05
 0.303575 0.632131 0.0575291 0.00676475 0
 0.966965 0.00978017 0.0227588 0.000495775 0
 0.843318 0.132988 0.00938335 0.0141283 0.000182051
 0.564624 0.303363 0.111486 0.0197234 0.00080311
 0.826376 0.0876187 0.0782897 0.00655872 0.00115652
 0.89761 0.0855135 0.0140674 0.00269457 0.000114338
 0.34875 0.467042 0.161289 0.0227151 0.000203297
 0.318654 0.224769 0.449479 0.00709798 0
 0.937255 0.0296025 0.0250945 0.00804832 0
ppred_RECLAS
 0.572178 0.117277 0.290818 0.0197259 7.22181e-07
 0.51402 0.282249 0.0559473 0.138397 0.00938646
 0.667004 0.176155 0.0912612 0.018012 0.0475673
 0.798046 0.137428 0.0342063 0.0176445 0.0126761
 0.7321 0.217366 0.0344576 0.0085235 0.00755268
 0.815027 0.136533 0.0393202 0.00621932 0.00290127
 0.554361 0.367055 0.0580684 0.0166541 0.00386216
 0.543374 0.266032 0.157224 0.0246611 0.008709
 0.635693 0.200294 0.0956258 0.0564143 0.0119725
 0.797184 0.133028 0.03848 0.0182563 0.0130516
 0.878713 0.0988363 0.0147688 0.00423675 0.0034455
 0.811729 0.166061 0.0181064 0.00269966 0.0014041
 0.76705 0.192647 0.0355798 0.00385014 0.00087226
 0.729988 0.211914 0.0481075 0.00881958 0.00117012
 0.821058 0.13628 0.0335714 0.00752859 0.00156231
 0.959131 0.0342606 0.00504348 0.00123138 0.000333287
 0.463864 0.516116 0.0168019 0.00245634 0.000761758
 0.935799 0.0307642 0.0321941 0.00104331 0.000199778
 0.669859 0.310148 0.00960214 0.0100042 0.000386194
 0.694519 0.21007 0.0896666 0.00275938 0.00298493
 0.802805 0.140132 0.0393093 0.0166851 0.00106857
 0.810149 0.154253 0.0253305 0.00707373 0.00319401
 0.391123 0.500084 0.0884861 0.0144514 0.00585613
 0.805908 0.0780173 0.0953914 0.0168229 0.00386015
 0.698025 0.245311 0.0228173 0.0278162 0.00603022
 0.513052 0.343951 0.11623 0.0107795 0.0159874
 0.793586 0.107621 0.0698314 0.023541 0.0054206
 0.751986 0.198469 0.0258691 0.0167361 0.00693996
 0.422116 0.438211 0.111828 0.0145397 0.0133053
 0.503288 0.213613 0.214797 0.0546865 0.0136151
 0.873164 0.0653732 0.0264849 0.0265401 0.00843769
pobs_PELACES
 0 0 0 0 0
 0 0 0 0 0
 0 0 0 0 0
 0 0 0 0 0
 0 0 0 0 0
 0 0 0 0 0
 0 0 0 0 0
 0 0 0 0 0
 0 0 0 0 0
 0 0 0 0 0
 0 0 0 0 0
 0 0 0 0 0
 0 0 0 0 0
 0 0 0 0 0
 0 0 0 0 0
 0 0 0 0 0
 0.505614 0.472636 0.0217494 0 0
 0 0 0 0 0
 0.443492 0.261883 0.143347 0.151278 0
 0.227955 0.32914 0.350689 0.0885471 0.00366901
 0.970185 0.0296113 0.000203453 0 0
 0.997202 0.00247181 0.000326279 0 0
 0.445219 0.490057 0.0546422 0.010081 0
 0.90214 0.0892962 0.00764917 0.000914606 0
 0 0 0 0 0
 0.581667 0.319106 0.0959925 0.00289975 0.000334073
 0.762889 0.0836404 0.116647 0.0363945 0.000428098
 0.88444 0.0763242 0.0277011 0.0115352 0
 0.521256 0.241999 0.230069 0.00667565 0
 0.616807 0.101726 0.260614 0.0208532 0
 0.833518 0.0704572 0.0857862 0.0102388 0
ppred_PELACES
 0.539285 0.12379 0.315408 0.0215161 7.88629e-07
 0.486626 0.294396 0.0598856 0.148976 0.0101155
 0.641875 0.18689 0.0993671 0.0197227 0.0521446
 0.78346 0.146056 0.0372579 0.0193258 0.0138998
 0.70781 0.235755 0.0384051 0.00955434 0.00847584
 0.798239 0.147853 0.0437088 0.00695262 0.00324707
 0.538758 0.378253 0.0612319 0.0176579 0.00409959
 0.510491 0.281767 0.171188 0.0270056 0.00954793
 0.613671 0.209803 0.102674 0.0609107 0.0129415
 0.785643 0.139342 0.0412514 0.0196789 0.0140846
 0.86505 0.109363 0.0167958 0.00484584 0.00394538
 0.800387 0.175542 0.0196017 0.00293879 0.00153022
 0.752816 0.203535 0.038509 0.00419025 0.000950396
 0.723103 0.216294 0.0501349 0.00924068 0.00122738
 0.811514 0.142717 0.0359728 0.00811139 0.00168516
 0.955944 0.0367784 0.0055466 0.00136175 0.000368992
 0.440116 0.538433 0.0179854 0.00264419 0.000820953
 0.928832 0.0336394 0.0361259 0.00117735 0.000225701
 0.650976 0.327331 0.0103886 0.0108841 0.00042064
 0.674285 0.222198 0.0972484 0.00300947 0.00325918
 0.785838 0.150968 0.0434561 0.0185494 0.00118932
 0.795686 0.165162 0.0278111 0.00781 0.00353049
 0.365265 0.518725 0.0942493 0.0154801 0.00628019
 0.785637 0.0847376 0.106416 0.018874 0.00433576
 0.673467 0.263741 0.0251964 0.0308915 0.0067046
 0.482727 0.362317 0.125799 0.0117337 0.0174226
 0.772926 0.11678 0.0778265 0.0263857 0.0060826
 0.72935 0.215278 0.0288284 0.0187571 0.00778696
 0.392987 0.457116 0.119864 0.0156736 0.0143594
 0.473266 0.222934 0.230176 0.0589346 0.0146895
 0.859652 0.0712967 0.0296544 0.0298848 0.00951193
pobs_pel_tallas
 0 0 0 0 0 0 0 0 0 0 0 0 0 0 0 0 0 0 0 0 0 0 0 0 0 0
 0 0 0 0 0 0 0 0 0 0 0 0 0 0 0 0 0 0 0 0 0 0 0 0 0 0
 0 0 0 0 0 0 0 0 0 0 0 0 0 0 0 0 0 0 0 0 0 0 0 0 0 0
 0 0 0 0 0 0 0 0 0 0 0 0 0 0 0 0 0 0 0 0 0 0 0 0 0 0
 0 0 0 0 0 0 0 0 0 0 0 0 0 0 0 0 0 0 0 0 0 0 0 0 0 0
 0 0 0 0 0 0 0 0 0 0 0 0 0 0 0 0 0 0 0 0 0 0 0 0 0 0
 0 0 0 0 0 0 0 0 0 0 0 0 0 0 0 0 0 0 0 0 0 0 0 0 0 0
 0 0 0 0 0 0 0 0 0 0 0 0 0 0 0 0 0 0 0 0 0 0 0 0 0 0
 0 0 0 0 0 0 0 0 0 0 0 0 0 0 0 0 0 0 0 0 0 0 0 0 0 0
 0 0 0 0 0 0 0 0 0 0 0 0 0 0 0 0 0 0 0 0 0 0 0 0 0 0
 0 0 0 0 0 0 0 0 0 0 0 0 0 0 0 0 0 0 0 0 0 0 0 0 0 0
 0 0 0 0 0 0 0 0 0 0 0 0 0 0 0 0 0 0 0 0 0 0 0 0 0 0
 0.00862536 0 0 0.000197151 0.00414017 0.0128641 0.00837892 0.0270097 0.101434 0.158115 0.152841 0.127902 0.109271 0.109419 0.0830992 0.0579132 0.0238553 0.00714673 0.00463305 0.00128148 0.00103504 0.000492878 0.000147863 0.000147863 4.92878e-05 0
 0 0 0 0 0 0 0 0 0 0 0 0 0 0 0 0 0 0 0 0 0 0 0 0 0 0
 0 0 0 0 0 0 0 0.0054083 0.00873648 0.0413646 0.0450493 0.0745869 0.0622846 0.0627006 0.0613931 0.0827291 0.12552 0.122667 0.0946155 0.0697135 0.0546179 0.0294188 0.0215738 0.0213955 0.0102223 0.00600262
 0 0 0 0 0.00359764 0.0251062 0.0480494 0.140153 0.205849 0.193036 0.1447 0.116669 0.0760912 0.0342217 0.00950174 0.001854 0.000860785 0 0 0 0.000165536 0 0.000143464 0 0 0
 0 0 0 0 0 0 0 0.000145254 0.000435761 0.0275982 0.070085 0.0708112 0.156366 0.174668 0.174014 0.160142 0.0824315 0.0480064 0.0283245 0.00493863 0.00203355 0 0 0 0 0
 0 0 0 0 0 0 0 0 0 0 0 0 0 0 0 0 0 0 0 0 0 0 0 0 0 0
 0 0 1.00437e-05 0.000401748 0.00122533 0.00171747 0.00176769 0.0269171 0.070346 0.194647 0.189555 0.159765 0.064822 0.0314167 0.0384472 0.0292271 0.0345202 0.0313363 0.0194345 0.0106764 0.0143323 0.0359363 0.0279516 0.0138201 0.00172751 0
 0 0.0021121 0.0136068 0.0755702 0.200478 0.177729 0.0527432 0.0373336 0.0318909 0.0142505 0.0149659 0.0166563 0.0217959 0.0798694 0.0677717 0.0528807 0.04013 0.0224614 0.0357745 0.0225083 0.00881397 0.00855152 0.00135912 0.000746735 0 0
 0 0 0 0 5.4009e-05 0.00500934 0.000945158 0.0243581 0.138947 0.33067 0.221406 0.137944 0.0707744 0.0437923 0.0131692 0.00525238 0.0047753 0.00276346 9.45158e-05 9.00151e-06 2.25038e-05 9.00151e-06 4.50075e-06 0 0 0
 0.000866109 0.00284123 0.00948549 0.0512746 0.133035 0.25785 0.225252 0.132002 0.0553304 0.0519788 0.0540692 0.017754 0.00435017 0.00159236 0.00146478 0.000404838 0.000125132 0.000115318 0.000107957 0.000100596 0 0 0 0 0 0
 0 0 0 0 0.00144013 0.00171154 0.00461396 0.0210425 0.0478622 0.0707936 0.0888783 0.103762 0.0637923 0.0337046 0.0602308 0.124433 0.169614 0.0934646 0.0462172 0.0250306 0.0313229 0.00938855 0.002487 0.000210481 0 0
 0 0.00764035 0.051015 0.0998891 0.058973 0.0496711 0.0374665 0.0718981 0.12319 0.153886 0.159021 0.0857701 0.0377988 0.023471 0.0147837 0.00900784 0.00315554 0.000888139 0.00291439 0.00214683 0.00393193 0.00274676 0.000635225 9.99891e-05 0 0
 0 0 0 0 0 0 0 0 0 0 0 0 0 0 0 0 0 0 0 0 0 0 0 0 0 0
 0 0 0 0 0 0 0 0 0 0 0 0 0 0 0 0 0 0 0 0 0 0 0 0 0 0
 0 0 0 0 0 0 0 0 0 0 0 0 0 0 0 0 0 0 0 0 0 0 0 0 0 0
 0 0 0 0 0 0 0 0 0 0 0 0 0 0 0 0 0 0 0 0 0 0 0 0 0 0
 0 0 0 0 0 0 0 0 0 0 0 0 0 0 0 0 0 0 0 0 0 0 0 0 0 0
 0 0 0 0 0 0 0 0 0 0 0 0 0 0 0 0 0 0 0 0 0 0 0 0 0 0
 0 0 0 0 0 0 0 0 0 0 0 0 0 0 0 0 0 0 0 0 0 0 0 0 0 0
ppred_pel_tallas
 1.11292e-16 4.44202e-05 0.00043178 0.00286933 0.0130436 0.0405835 0.0864678 0.126205 0.126217 0.0865286 0.0407889 0.013643 0.00439624 0.00383884 0.0067309 0.0116189 0.0180379 0.0253932 0.0330065 0.0404036 0.0473068 0.0532645 0.0573341 0.0582753 0.0552268 0.0483434
 1.18456e-16 4.00828e-05 0.000389619 0.00258916 0.01177 0.0366209 0.0780257 0.113887 0.113915 0.0781648 0.0370881 0.0131207 0.00598421 0.00781714 0.0141962 0.0235448 0.0342629 0.0438821 0.0499786 0.0516048 0.0499078 0.0473112 0.0458783 0.0461241 0.0470142 0.0468828
 1.13718e-16 5.28704e-05 0.00051392 0.00341518 0.0155249 0.0483039 0.102917 0.150214 0.150233 0.103006 0.0486021 0.0163879 0.00558783 0.00527823 0.00916479 0.0152366 0.0223468 0.0289667 0.0335835 0.0355455 0.035428 0.0345397 0.0339751 0.0339742 0.0339878 0.0332148
 1.05403e-16 6.45326e-05 0.00062728 0.0041685 0.0189494 0.0589587 0.125618 0.183346 0.18336 0.125687 0.0591903 0.019619 0.00585095 0.00430593 0.00706853 0.0116309 0.0168628 0.021455 0.0241267 0.0243128 0.0224973 0.0198573 0.0175057 0.0159274 0.0149436 0.0140653
 1.03562e-16 5.83014e-05 0.000566711 0.00376599 0.0171197 0.0532658 0.113489 0.165646 0.165668 0.1136 0.0536388 0.0181972 0.00647118 0.00647385 0.0112821 0.0185728 0.0267818 0.0337496 0.037316 0.0364899 0.0320336 0.025929 0.020172 0.0158345 0.0129386 0.0109394
 1.02546e-16 6.57499e-05 0.000639113 0.00424713 0.0193068 0.0600708 0.127988 0.186805 0.186819 0.128058 0.0603054 0.0199848 0.00595065 0.0043637 0.00715643 0.0117713 0.0170541 0.0216616 0.0242645 0.02424 0.0220162 0.0187338 0.0155126 0.0129112 0.0108978 0.00917679
 1.04329e-16 4.43768e-05 0.000431359 0.00286653 0.0130309 0.040544 0.0863847 0.126089 0.126125 0.0865629 0.0411425 0.0147595 0.0072064 0.00990763 0.0180484 0.0297855 0.0429454 0.0540952 0.0597597 0.0583324 0.0510171 0.0409784 0.0314157 0.0240674 0.0190138 0.0154467
 1.09337e-16 4.20486e-05 0.000408727 0.00271614 0.0123472 0.0384168 0.0818521 0.119471 0.119499 0.0819859 0.0388668 0.0136495 0.00599535 0.00760101 0.0138004 0.0230068 0.0337413 0.0436916 0.0504892 0.0529908 0.0518369 0.0487659 0.0452965 0.0418936 0.0381397 0.0334959
 1.11316e-16 5.05473e-05 0.000491338 0.00326512 0.0148428 0.0461814 0.0983951 0.143615 0.143635 0.0984947 0.046516 0.0158109 0.00570209 0.00583395 0.0102646 0.017069 0.0250114 0.0323699 0.0374293 0.0394358 0.0390061 0.0375729 0.036326 0.0355137 0.034545 0.0326222
 1.05584e-16 6.47124e-05 0.000629028 0.00418011 0.0190022 0.0591229 0.125968 0.183857 0.183871 0.126034 0.0593441 0.0196417 0.00578741 0.00414489 0.00676324 0.0111355 0.0161718 0.0206332 0.0233097 0.0236671 0.0221579 0.0198778 0.0178478 0.0164878 0.0155975 0.0147039
 1.01667e-16 7.1253e-05 0.000692605 0.0046026 0.0209228 0.0650985 0.1387 0.202439 0.202449 0.138751 0.0652715 0.0214225 0.00585718 0.00343193 0.00527545 0.00861331 0.0124124 0.0156344 0.0172738 0.0168717 0.0147846 0.0119371 0.00926084 0.00725669 0.00593432 0.005036
 1.01165e-16 6.59268e-05 0.000640832 0.00425856 0.0193588 0.0602325 0.128332 0.187308 0.187325 0.128415 0.0605099 0.0201599 0.00626898 0.00502809 0.00839363 0.0137601 0.0197872 0.0248222 0.0272264 0.0262412 0.0224366 0.0173247 0.0124616 0.00873603 0.00625027 0.00465583
 1.01745e-16 6.20085e-05 0.000602744 0.00400545 0.0182082 0.0566526 0.120705 0.176177 0.176196 0.120801 0.0569747 0.0191388 0.00634211 0.00570581 0.00975971 0.0160521 0.0231526 0.0291853 0.032274 0.0315405 0.0276076 0.0221476 0.0168589 0.0126776 0.00968032 0.00749248
 1.02637e-16 5.95611e-05 0.000578955 0.00384736 0.0174896 0.0544166 0.115941 0.169224 0.169245 0.116043 0.0547593 0.0184797 0.00633424 0.00601271 0.0103935 0.0171253 0.0247498 0.0313015 0.0348101 0.0343533 0.03058 0.0252215 0.0200097 0.0158586 0.0127876 0.010378
 1.02174e-16 6.68434e-05 0.000649741 0.00431776 0.0196279 0.0610698 0.130116 0.189911 0.189925 0.130184 0.061296 0.0202816 0.00595994 0.00423876 0.00689516 0.011325 0.0163815 0.0207548 0.0231525 0.0229725 0.0206415 0.0172892 0.014034 0.0114482 0.00951646 0.00794467
 1.00369e-16 7.87399e-05 0.00076538 0.00508622 0.0231212 0.0719387 0.153273 0.223707 0.223711 0.15329 0.0719968 0.0232892 0.00550801 0.00168626 0.00182794 0.00289804 0.00416873 0.00524549 0.00578462 0.00562882 0.00489545 0.00389419 0.00293969 0.00220544 0.00170316 0.00135644
 1.01061e-16 3.62519e-05 0.000352382 0.0023417 0.0106451 0.033121 0.0705698 0.10301 0.103061 0.0708228 0.0339705 0.0130973 0.00849238 0.0137637 0.0254609 0.0419137 0.0600907 0.0749666 0.0814445 0.0771733 0.0639802 0.0467071 0.0304223 0.0181444 0.0103715 0.00604114
 1.01208e-16 7.65066e-05 0.000743672 0.00494196 0.0224654 0.0698983 0.148926 0.217362 0.217366 0.148942 0.0699525 0.0226226 0.00533881 0.00161762 0.00175856 0.00284401 0.00422346 0.00558836 0.00666935 0.00732442 0.00758752 0.00758547 0.00740131 0.00701292 0.0063505 0.00540069
 1.01547e-16 5.36201e-05 0.000521207 0.0034636 0.0157451 0.0489889 0.104377 0.152348 0.15238 0.104531 0.0495053 0.017236 0.00720346 0.00867646 0.015516 0.0254984 0.0365686 0.0456574 0.0496806 0.0472285 0.0394278 0.0292256 0.0196828 0.0125869 0.00817263 0.00572544
 1.03717e-16 5.554e-05 0.000539869 0.00358762 0.0163088 0.0507429 0.108114 0.1578 0.157821 0.108219 0.0510963 0.017331 0.00615819 0.00616715 0.0107886 0.0178664 0.0260061 0.0332693 0.0376904 0.0383164 0.0357006 0.0313947 0.0268924 0.0228948 0.0193376 0.0159016
 1.03355e-16 6.47284e-05 0.000629183 0.00418115 0.0190069 0.0591376 0.125999 0.183903 0.183917 0.126071 0.0593771 0.0196993 0.00592109 0.00443394 0.00730978 0.0120326 0.0174465 0.0221928 0.0249304 0.0250424 0.0229824 0.0199179 0.0169708 0.0146618 0.0128889 0.0112825
 1.02226e-16 6.55396e-05 0.000637069 0.00423355 0.0192451 0.0598787 0.127579 0.186208 0.186224 0.127656 0.0601401 0.0200001 0.00612901 0.00477626 0.00793068 0.0130181 0.0187723 0.0236614 0.0261698 0.0256002 0.0224801 0.0181893 0.0141172 0.0110107 0.00889007 0.00738821
 1.05468e-16 3.00865e-05 0.000292452 0.00194345 0.00883466 0.0274882 0.0585683 0.0854926 0.0855426 0.0588128 0.0283091 0.0112062 0.0078979 0.0132961 0.0247409 0.0408917 0.0589899 0.0743599 0.0822378 0.0804041 0.0704732 0.0567337 0.0435275 0.0332248 0.0259701 0.0207321
 1.0572e-16 6.47119e-05 0.000629023 0.00418008 0.019002 0.0591224 0.125967 0.183854 0.183862 0.126008 0.0592596 0.0194002 0.00518691 0.00285139 0.00435716 0.00728849 0.0109315 0.0146642 0.0178741 0.0202474 0.0218689 0.0229885 0.0236728 0.0236766 0.0226393 0.0204039
 1.05028e-16 5.54726e-05 0.000539214 0.00358327 0.016289 0.0506813 0.107983 0.157609 0.157635 0.108107 0.0510982 0.017493 0.00660498 0.00713471 0.0125793 0.0207041 0.0298146 0.0374945 0.0413346 0.0402614 0.0351955 0.0284398 0.0222929 0.017955 0.0153631 0.0137517
 1.07849e-16 3.97617e-05 0.000386498 0.00256842 0.0116757 0.0363275 0.0774009 0.112976 0.113011 0.0775722 0.0369029 0.0133391 0.00674961 0.0095329 0.0174656 0.0289552 0.0420431 0.0535717 0.0603241 0.060786 0.0559779 0.0486177 0.0413393 0.0354027 0.0306596 0.026374
 1.05952e-16 6.36649e-05 0.000618845 0.00411245 0.0186946 0.0581659 0.123929 0.18088 0.180892 0.123984 0.0583527 0.0192356 0.00547551 0.00361141 0.00579724 0.0096152 0.0141557 0.0184582 0.0215801 0.023085 0.0232523 0.0227728 0.0221919 0.0215715 0.0205922 0.0189121
 1.04086e-16 6.00756e-05 0.000583957 0.0038806 0.0176406 0.0548867 0.116943 0.170686 0.170706 0.117044 0.0552272 0.0186241 0.00634954 0.0059745 0.0103005 0.0169419 0.0244216 0.0307645 0.034007 0.0332651 0.0292659 0.0238514 0.0188598 0.0152509 0.0129853 0.0114799
 1.07578e-16 3.23699e-05 0.000314647 0.00209094 0.00950515 0.0295743 0.0630127 0.0919782 0.0920223 0.0632285 0.0302989 0.0115994 0.00735196 0.0118135 0.0219117 0.0362801 0.052509 0.0665518 0.0742829 0.0737734 0.0663845 0.0557269 0.0453782 0.0371736 0.0310711 0.0261341
 1.15096e-16 3.89823e-05 0.000378922 0.00251807 0.0114468 0.0356154 0.0758831 0.110758 0.11078 0.0759899 0.0359748 0.012489 0.00515022 0.00617805 0.011209 0.0188792 0.0281551 0.0374304 0.0450521 0.0502181 0.0532918 0.0551879 0.0563864 0.0564722 0.0545364 0.0499801
 1.05481e-16 7.08084e-05 0.000688283 0.00457388 0.0207922 0.0646923 0.137834 0.201174 0.201181 0.137868 0.064806 0.021121 0.0054013 0.00250198 0.00353778 0.00579714 0.0084911 0.0109997 0.0127548 0.0135308 0.0135773 0.0134176 0.0134669 0.0137737 0.0140489 0.0138989
pSPR Fmed_Fpbrs
0.531272   0.6 0.325
Fs Fmed_Fpbrs
0.379736   0.299396 0.740982
SSBpbr Bo_Bmed_Bpbrs
1.49127e+06  717707  820198 410099
Ro
137605
SPR SPRFo_SPRFmed_SPRFpbrs
983592 522555 319667
Fref
0.269456
Nvult_r0
 156038 12676.9 5166.72 5179.17 1646.6
CTP_r0
 28823.3 3061.63 1268.35 1272.51 404.584
YTP_r0
391296
Np
 150598 64759.1 4630.85 1869.61 2370.69
Nvult_p0
 104665 46452 3329.23 1344.27 1704.56
CTP_p0
 16519.9 9684.21 705.992 285.323 361.811
YTP_p0
 317564
CBA_c0
369176
log_Ro
11.6521
likeval ReclasPelacesDesembMPH_pf_preclas_ppelaces_ptallas_desvR_qrecl_qpela
 12.5621 16.8803 0.036144 0.000820059 241.388 117.223 99.3245 0 23.9705 3.85273e-06 1.78681e-05 0.181485 7.86554e-16 0 0
q_reclas_q_pelaces
1.32067 1.82464
M
1
N
 170639 36017.8 89513.7 6072.36 0.222315
 93684.9 54304.7 10808.4 26742.7 1813.78
 94732.2 26384.5 13724.1 2709.28 7154.91
 143611 26810.7 6714.14 3464.47 2488.97
 116301 35468.6 5634 1393.79 1235.05
 213115 37484.5 10835.1 1714.14 799.641
 83214 61638.9 9834.36 2821.8 654.403
 35261.1 17600.4 10417 1634.07 577.069
 34642.9 11792.2 5662.91 3341.88 709.242
 46792.4 8704.18 2538.56 1204.92 861.423
 87439.7 10072.7 1507.86 432.603 351.813
 127032 28592.6 3140.17 468.381 243.612
 106224 29170.4 5423.93 587.143 133.022
 74159.6 25153.4 5777.73 1059.91 140.626
 68097.8 12659.3 3145.34 705.685 146.445
 366988 14321.8 2122.44 518.388 140.31
 74055.3 87248.4 2852.64 417.136 129.364
 591892 20543.6 21586.8 699.719 133.986
 333486 166589 5187.26 5406.13 208.697
 259700 84341.9 36194.7 1114.17 1205.26
 364438 67261 18947.5 8044.22 515.183
 498579 101827 16810.3 4695.74 2120.3
 97325.9 129762 23033.3 3762.4 1524.65
 289821 29119.3 35704.3 6297.64 1445.06
 243378 88751.2 8278.16 10093.3 2188.12
 108023 74612.4 25270.3 2343.93 3476.37
 243660 34298.3 22317.6 7524.68 1732.66
 273830 74583.2 9744.56 6305.09 2614.55
 80726.6 86239.7 22055.4 2867.93 2624.46
 58187.9 25784.1 26011.5 6623.59 1649.06
 220797 17307.8 7036.33 7052.33 2242.11
pred_Ctot
 14726.7 4265.95 10813.8 734.349 0.0268868
 14189.3 11077.3 2245.65 5561.74 377.235
 14111.8 5297.3 2806.71 554.617 1464.76
 30813 7601.73 1936.31 1000.03 718.483
 9205.99 3860.81 625.615 154.935 137.296
 29371.3 6985.57 2057.29 325.791 151.989
 23377.4 22410.8 3631.41 1042.82 241.852
 2042.74 1410.46 851.981 133.791 47.251
 7160.08 3228.55 1577.28 931.653 197.733
 12811.9 3091.44 915.834 435.058 311.047
 6201.77 984.698 150.4 43.1957 35.1307
 31347.4 9231.15 1030.44 153.83 80.0131
 24793.6 8945.1 1691.04 183.217 41.511
 26711.7 11422.6 2659.77 488.279 64.7864
 19285.7 4636.56 1169.92 262.698 54.5179
 85012.2 4361.06 657.12 160.637 43.4812
 11779.3 18648.8 620.946 90.8876 28.1878
 89836.1 4199.03 4494.1 145.815 27.9229
 67911.5 44980.3 1424.95 1486.44 57.3848
 49991.8 21599.8 9432.91 290.64 314.417
 56654.8 14065.9 4035.56 1714.98 109.839
 94818.7 25781.5 4331.49 1211.07 546.871
 11681.6 21169.4 3829.97 626.245 253.789
 31165.3 4271.38 5339.53 942.772 216.34
 26023 12947.1 1231.21 1502.72 325.793
 9462.24 8966.06 3097.28 287.588 426.556
 26258.4 5041.68 3344.59 1128.83 259.944
 25227.2 9414.2 1254.42 812.503 336.941
 6802.63 9979.01 2603.18 338.857 310.107
 7165.21 4311.64 4433.1 1129.99 281.345
 28823.3 3061.63 1268.35 1272.51 404.584
F
 0.144937 0.203689 0.208129 0.208368 0.208381
 0.267163 0.375459 0.383643 0.384084 0.384107
 0.262253 0.368559 0.376593 0.377026 0.377048
 0.398462 0.559981 0.572188 0.572846 0.57288
 0.132251 0.185859 0.189911 0.190129 0.190141
 0.240541 0.338046 0.345415 0.345812 0.345833
 0.553493 0.777854 0.794811 0.795724 0.795772
 0.0953386 0.133985 0.136906 0.137063 0.137071
 0.381289 0.535847 0.547528 0.548157 0.54819
 0.535888 0.753113 0.769531 0.770415 0.770461
 0.117803 0.165555 0.169164 0.169358 0.169368
 0.471287 0.662326 0.676764 0.677542 0.677582
 0.440559 0.619143 0.63264 0.633366 0.633405
 0.76783 1.07907 1.1026 1.10386 1.10393
 0.559162 0.785822 0.802953 0.803875 0.803924
 0.43657 0.613536 0.626911 0.627631 0.627669
 0.28226 0.396676 0.405323 0.405789 0.405813
 0.267794 0.376347 0.384551 0.384993 0.385016
 0.374721 0.526616 0.538096 0.538714 0.538747
 0.350949 0.493208 0.50396 0.504539 0.504569
 0.275082 0.386589 0.395016 0.39547 0.395494
 0.346056 0.486333 0.496934 0.497505 0.497535
 0.206663 0.290435 0.296766 0.297107 0.297125
 0.183428 0.257781 0.263401 0.263704 0.263719
 0.182308 0.256207 0.261792 0.262093 0.262109
 0.147244 0.206931 0.211442 0.211685 0.211698
 0.183859 0.258387 0.26402 0.264323 0.264339
 0.155376 0.218358 0.223118 0.223374 0.223388
 0.14131 0.198591 0.20292 0.203153 0.203165
 0.212523 0.298671 0.305182 0.305532 0.305551
 0.226571 0.318413 0.325355 0.325728 0.325748
YTP_r0W_actual
 244998 49904.6 36655.4 44283.3 15455.1
YTP_p0W_proyectada
 124229 156110 16506.1 8417.02 12301.6
CTP_r0_actual
 28823.3 3061.63 1268.35 1272.51 404.584
CTP_p0_proyectada
 16519.9 9684.21 705.992 285.323 361.811
Wmedp
 7.52 16.12 23.38 29.5 34
Frms_r0
 0.226571 0.318413 0.325355 0.325728 0.325748
Zrms_r0
 1.22657 1.31841 1.32535 1.32573 1.32575
nmprior
 8.19 8.8 8.5 0
nm_flota  nm_reclas  nm_pelaces    nm_pelaL
inf 13.7769 17.1332 40.1781
cv_recla  cv_pelaces  cv_mph
0.320594 0.465868 0.883747
 ------------------------------------------------
Talla a la edad & desviaci?n 
 8 13.2811 15.8009 17.003 17.5766
 0.8 1.32811 1.58009 1.7003 1.75766
