years
 1991 1992 1993 1994 1995 1996 1997 1998 1999 2000 2001 2002 2003 2004 2005 2006 2007 2008 2009 2010 2011 2012 2013 2014 2015 2016 2017 2018 2019 2020 2021
reclasobs
 0 0 0 0 0 0 0 0 0 252601 567819 844713 477998 351125 339783 2.1784e+06 2.13404e+06 4.81314e+06 1.55562e+06 2.62356e+06 3.21686e+06 3.843e+06 1.13348e+06 3.07943e+06 1.97215e+06 2.03268e+06 2.025e+06 2.42433e+06 2.27542e+06 1.05018e+06 2.36338e+06
reclaspred
 3.21854e+06 1.80283e+06 911978 893024 878793 1.39621e+06 870069 767794 562590 412332 489072 634817 626734 488419 494133 1.31078e+06 1.26988e+06 2.87048e+06 2.3655e+06 1.75789e+06 3.10993e+06 2.5269e+06 2.00301e+06 3.08225e+06 2.311e+06 2.04024e+06 2.42603e+06 2.58816e+06 2.12312e+06 1.33655e+06 1.9298e+06
pelacesobs
 0 0 0 0 0 0 0 0 0 0 0 0 0 0 0 552880 188675 0 991730 2.46772e+06 1.41603e+06 1.21717e+06 2.29649e+06 1.80582e+06 0 1.4828e+06 1.56532e+06 1.57751e+06 1.42118e+06 867257 1.10002e+06
pelacespred
 1.69271e+06 1.05473e+06 533818 426625 438417 718045 412090 452679 318585 221135 271810 295102 320506 263195 273655 604203 586672 1.52735e+06 1.29998e+06 896844 1.5351e+06 1.35266e+06 1.06983e+06 1.80135e+06 1.30282e+06 1.14645e+06 1.55192e+06 1.63263e+06 1.10358e+06 789634 1.12197e+06
mphobs
 0 0 0 0 0 0 0 0 0 0 0 498337 0 5186 125008 0 168611 109162 213762 579715 649985 157893 87575 83554 0 0 0 0 0 0 0
mphpred
 484459 324022 161350 87920.3 93784.5 105167 138866 85217.9 75669.6 52215.4 34797.3 57701.5 62395.7 52883.8 35823.6 45397.5 150703 143427 284252 214612 228725 282700 268589 221045 307366 252938 207788 222300 311455 212452 132703
desembarqueobs
 494567 514787 250237 358949 120608 361735 552515 73892 212993 205616 52469 317467 293654 387597 252695 516296 358380 742168 942051 627588 828172 859565 418607 520667 417249 300574 415391 372974 316634 284311 391294
desembarquepred
 494573 513534 250840 358979 120613 361747 552556 73896.3 213041 205659 52471.5 317532 293704 387631 252689 516257 358402 742070 941848 627453 828235 859578 418615 520689 417248 300574 415389 372958 316627 284317 391297
Reclutas
 199114 111917 111975 181313 145307 253520 104165 47055.3 45285.7 60744.8 113523 149992 124999 87426.5 87199.6 478880 101225 736002 423451 325190 482586 646044 134065 399524 335540 150611 340087 382901 112258 81110.9 305715
log_desv_Rt
 0.113896 -0.462224 -0.461709 0.0202393 -0.201132 0.355459 -0.534004 -1.32866 -1.36699 -1.0733 -0.447974 -0.169402 -0.351682 -0.709186 -0.711784 0.991466 -0.562635 1.42125 0.868453 0.604425 0.999176 1.29088 -0.281657 0.81029 0.635758 -0.165283 0.649218 0.767793 -0.459182 -0.784167 0.542671
SSB
 3.20656e+06 2.14465e+06 1.06795e+06 581932 620746 696086 919137 564045 500846 345606 230319 381918 412988 350030 237111 300479 997479 949325 1.88142e+06 1.42048e+06 1.5139e+06 1.87115e+06 1.77775e+06 1.46307e+06 2.03441e+06 1.67416e+06 1.37532e+06 1.47137e+06 2.06147e+06 1.40619e+06 878342
BT
 4.32123e+06 2.94012e+06 1.48039e+06 1.28565e+06 1.10625e+06 1.96439e+06 1.44546e+06 1.10872e+06 946208 708339 672111 946616 1.00582e+06 1.01023e+06 884632 1.81168e+06 1.63255e+06 4.17688e+06 3.90329e+06 2.63233e+06 4.21201e+06 3.92213e+06 2.83147e+06 4.63791e+06 3.38922e+06 2.90974e+06 4.00259e+06 4.13884e+06 2.80574e+06 2.09687e+06 2.95859e+06
Ftot
 0.132158 0.24062 0.234781 0.361653 0.123401 0.240454 0.532969 0.0861705 0.335396 0.437597 0.103151 0.449967 0.4199 0.699932 0.478544 0.385361 0.245922 0.248712 0.353978 0.319251 0.244101 0.308769 0.181644 0.159594 0.161025 0.130437 0.160704 0.136723 0.127351 0.183817 0.193503
BD_Bspro_t
 0.979077 0.847969 0.690061 0.600801 0.586761 0.659661 0.650259 0.484332 0.541264 0.498898 0.468132 0.675996 0.56226 0.473467 0.366495 0.42474 0.603488 0.578816 0.674038 0.579398 0.550034 0.598761 0.614508 0.607017 0.709399 0.717302 0.723973 0.758283 0.80071 0.738436 0.674108
BD_Bspro
 2.52477 1.68865 0.84088 0.458198 0.48876 0.54808 0.723705 0.444115 0.394354 0.272122 0.181347 0.300712 0.325177 0.275605 0.186696 0.23659 0.78539 0.747475 1.48138 1.11845 1.19201 1.47329 1.39976 1.15198 1.60184 1.31819 1.08289 1.15852 1.62315 1.1072 0.691584
BD_Bo
 1.67095 1.11758 0.556512 0.303245 0.323472 0.362731 0.478964 0.293925 0.260992 0.180096 0.120019 0.199018 0.215209 0.182401 0.123559 0.15658 0.519788 0.494695 0.980411 0.740216 0.788895 0.975058 0.926389 0.762407 1.06013 0.872406 0.716681 0.766732 1.07424 0.732766 0.457705
BD_Brms
 10.3265 6.90671 3.43927 1.87407 1.99907 2.24169 2.96002 1.81647 1.61294 1.113 0.741725 1.22994 1.33 1.12725 0.763601 0.967672 3.21231 3.05723 6.05898 4.57457 4.8754 6.0259 5.72512 4.71171 6.55167 5.3915 4.42912 4.73844 6.63883 4.52852 2.82864
Sel_flota
 0.797314 1 1 1 1
 0.797314 1 1 1 1
 0.797314 1 1 1 1
 0.797314 1 1 1 1
 0.797314 1 1 1 1
 0.797314 1 1 1 1
 0.797314 1 1 1 1
 0.797314 1 1 1 1
 0.797314 1 1 1 1
 0.797314 1 1 1 1
 0.797314 1 1 1 1
 0.797314 1 1 1 1
 0.797314 1 1 1 1
 0.797314 1 1 1 1
 0.797314 1 1 1 1
 0.797314 1 1 1 1
 0.797314 1 1 1 1
 0.797314 1 1 1 1
 0.797314 1 1 1 1
 0.797314 1 1 1 1
 0.797314 1 1 1 1
 0.797314 1 1 1 1
 0.797314 1 1 1 1
 0.797314 1 1 1 1
 0.797314 1 1 1 1
 0.797314 1 1 1 1
 0.797314 1 1 1 1
 0.797314 1 1 1 1
 0.797314 1 1 1 1
 0.797314 1 1 1 1
 0.797314 1 1 1 1
Sel_reclas
 1 1 1 1 1
 1 1 1 1 1
 1 1 1 1 1
 1 1 1 1 1
 1 1 1 1 1
 1 1 1 1 1
 1 1 1 1 1
 1 1 1 1 1
 1 1 1 1 1
 1 1 1 1 1
 1 1 1 1 1
 1 1 1 1 1
 1 1 1 1 1
 1 1 1 1 1
 1 1 1 1 1
 1 1 1 1 1
 1 1 1 1 1
 1 1 1 1 1
 1 1 1 1 1
 1 1 1 1 1
 1 1 1 1 1
 1 1 1 1 1
 1 1 1 1 1
 1 1 1 1 1
 1 1 1 1 1
 1 1 1 1 1
 1 1 1 1 1
 1 1 1 1 1
 1 1 1 1 1
 1 1 1 1 1
 1 1 1 1 1
Sel_pelaces
 1 1 1 1 1
 1 1 1 1 1
 1 1 1 1 1
 1 1 1 1 1
 1 1 1 1 1
 1 1 1 1 1
 1 1 1 1 1
 1 1 1 1 1
 1 1 1 1 1
 1 1 1 1 1
 1 1 1 1 1
 1 1 1 1 1
 1 1 1 1 1
 1 1 1 1 1
 1 1 1 1 1
 1 1 1 1 1
 1 1 1 1 1
 1 1 1 1 1
 1 1 1 1 1
 1 1 1 1 1
 1 1 1 1 1
 1 1 1 1 1
 1 1 1 1 1
 1 1 1 1 1
 1 1 1 1 1
 1 1 1 1 1
 1 1 1 1 1
 1 1 1 1 1
 1 1 1 1 1
 1 1 1 1 1
 1 1 1 1 1
pf_obs 
 0.8446 0.082 0.0669 0.0065 0
 0.8095 0.147 0.0364 0.0071 0
 0.9664 0.0169 0.016 0.0007 0
 0.9276 0.0648 0.0075 0.0001 0
 0.7033 0.2144 0.0806 0.0017 0
 0.9318 0.0425 0.0243 0.0014 0
 0.5671 0.3108 0.0964 0.0239 0.0018
 0.0768 0.2599 0.5324 0.112 0.0189
 0.490249 0.384438 0.106611 0.0170017 0.00170017
 0.7925 0.1577 0.0466 0.003 0.0002
 0.840416 0.127587 0.0312969 0.00059994 9.999e-05
 0.8084 0.0986 0.0794 0.0134 0.0002
 0.7335 0.1905 0.0724 0.0035 0.0001
 0.4001 0.4547 0.1325 0.0127 0
 0.49795 0.308269 0.164784 0.0264974 0.00249975
 0.9179 0.0499 0.0305 0.0017 0
 0.2467 0.6533 0.0926 0.0074 0
 0.9418 0.0223 0.034 0.0019 0
 0.707729 0.231977 0.0356964 0.0245975 0
 0.517169 0.277429 0.184464 0.0207286 0.00020938
 0.811772 0.124168 0.05621 0.00726502 0.000585176
 0.764997 0.148141 0.077277 0.00933861 0.000247198
 0.163321 0.427699 0.378323 0.0303852 0.000271297
 0.753843 0.0900009 0.118128 0.0371064 0.000921714
 0.721811 0.176058 0.0630433 0.0369309 0.00215725
 0.143369 0.312575 0.442814 0.0836902 0.0175525
 0.692698 0.0596174 0.167031 0.0765114 0.00414204
 0.394062 0.376323 0.152708 0.0712218 0.00568511
 0.125707 0.32114 0.495352 0.0537591 0.00404204
 0.23352 0.215282 0.420074 0.123614 0.00750983
 0.774587 0.0839891 0.0768558 0.0609784 0.00358967
pf_pred 
 0.444362 0.12454 0.406521 0.0245771 7.97287e-07
 0.410608 0.297476 0.0654294 0.213574 0.0129125
 0.55911 0.208801 0.117139 0.0257646 0.089185
 0.72998 0.167603 0.0485039 0.027211 0.0267024
 0.646164 0.275984 0.0483226 0.0139845 0.0155441
 0.748421 0.175905 0.0590245 0.0103347 0.00631525
 0.47142 0.419407 0.0763344 0.0256138 0.00722529
 0.450981 0.299002 0.198378 0.0361059 0.0155328
 0.539262 0.234984 0.122948 0.0815719 0.0212335
 0.703897 0.17905 0.0596988 0.0312356 0.0261182
 0.81464 0.140673 0.0270216 0.00900952 0.00865563
 0.731989 0.227283 0.0309093 0.00593731 0.00388147
 0.676841 0.25325 0.0592852 0.00806248 0.00256116
 0.621227 0.278227 0.0787946 0.0184456 0.00330537
 0.730757 0.186383 0.0608646 0.017237 0.00475821
 0.933673 0.0519503 0.00995253 0.00325005 0.0011745
 0.376136 0.591896 0.0250387 0.00479686 0.00213252
 0.895475 0.0457738 0.0557409 0.00235798 0.000652564
 0.589225 0.376756 0.014898 0.018142 0.000979842
 0.59643 0.263398 0.128563 0.00508373 0.00652505
 0.735886 0.173896 0.0588826 0.0287401 0.00259514
 0.738751 0.204452 0.0373959 0.0126626 0.00673857
 0.31472 0.538952 0.114516 0.0209458 0.0108668
 0.737058 0.0974405 0.130162 0.0276566 0.00768306
 0.620901 0.296395 0.0306481 0.0409401 0.0111154
 0.430776 0.385269 0.143824 0.0148718 0.0252596
 0.729808 0.132627 0.0931079 0.0347579 0.00969857
 0.685084 0.244209 0.0347074 0.0243655 0.0116339
 0.34484 0.481542 0.134636 0.0191347 0.019847
 0.413892 0.235207 0.257912 0.0721106 0.0208784
 0.820356 0.0853695 0.0378328 0.0414849 0.0149572
pobs_RECLAS
 0 0 0 0 0
 0 0 0 0 0
 0 0 0 0 0
 0 0 0 0 0
 0 0 0 0 0
 0 0 0 0 0
 0 0 0 0 0
 0 0 0 0 0
 0 0 0 0 0
 0 0 0 0 0
 0.991045 0.00858322 0.000360255 1.14367e-05 0
 0.934742 0.0480273 0.0164251 0.00080598 0
 0.827803 0.169806 0.00239088 0 0
 0.941827 0.0461693 0.0120037 0 0
 0.791401 0.0380133 0.147996 0.0225897 0
 0.846168 0.0940531 0.0597789 0 0
 0.134021 0.677848 0.182769 0.00536245 0
 0.80878 0.0450904 0.141981 0.00414843 0
 0.846168 0.0940531 0.0597789 0 0
 0.905697 0.0802665 0.012482 0.00150086 5.37128e-05
 0.989698 0.0102097 9.19794e-05 0 0
 0.975433 0.0193895 0.00387452 0.00125025 5.28907e-05
 0.303575 0.632131 0.0575291 0.00676475 0
 0.966965 0.00978017 0.0227588 0.000495775 0
 0.843318 0.132988 0.00938335 0.0141283 0.000182051
 0.564624 0.303363 0.111486 0.0197234 0.00080311
 0.826376 0.0876187 0.0782897 0.00655872 0.00115652
 0.89761 0.0855135 0.0140674 0.00269457 0.000114338
 0.34875 0.467042 0.161289 0.0227151 0.000203297
 0.318654 0.224769 0.449479 0.00709798 0
 0.937255 0.0296025 0.0250945 0.00804832 0
ppred_RECLAS
 0.501369 0.111762 0.364813 0.0220556 7.15487e-07
 0.467516 0.268754 0.059112 0.192953 0.0116658
 0.615087 0.182291 0.102267 0.0224934 0.0778618
 0.773625 0.140512 0.0406639 0.0228128 0.0223864
 0.696566 0.236672 0.0414394 0.0119925 0.01333
 0.789437 0.147226 0.0494014 0.00864978 0.00528564
 0.531188 0.371983 0.0677031 0.0227176 0.0064083
 0.507834 0.26804 0.177835 0.032367 0.0139243
 0.596536 0.205773 0.107665 0.0714318 0.018594
 0.750712 0.150742 0.0502603 0.0262972 0.0219889
 0.846684 0.116355 0.0223504 0.00745205 0.00715933
 0.77584 0.190096 0.0258521 0.00496588 0.00324641
 0.726169 0.214593 0.0502357 0.0068318 0.00217022
 0.676935 0.237307 0.0672059 0.0157327 0.00281924
 0.774894 0.155829 0.050887 0.0144113 0.00397819
 0.946826 0.0416483 0.00797889 0.00260555 0.000941593
 0.431796 0.539088 0.0228048 0.00436889 0.00194226
 0.915247 0.0371153 0.045197 0.00191195 0.000529126
 0.644495 0.326062 0.0128934 0.0157009 0.000848002
 0.651099 0.227717 0.111147 0.00439507 0.00564114
 0.778356 0.145933 0.0494143 0.0241187 0.00217784
 0.781167 0.171257 0.0313243 0.0106067 0.0056445
 0.366294 0.49839 0.105897 0.0193695 0.0100489
 0.77907 0.0818717 0.109365 0.0232377 0.00645547
 0.673252 0.255465 0.0264159 0.0352866 0.00958049
 0.48756 0.346835 0.129476 0.0133882 0.0227398
 0.772626 0.11161 0.078353 0.0292498 0.00816163
 0.732292 0.207601 0.0295045 0.020713 0.00988988
 0.398207 0.442318 0.123669 0.017576 0.0182303
 0.47057 0.212462 0.232971 0.0651372 0.0188594
 0.851829 0.070413 0.0312046 0.0342169 0.0123367
pobs_PELACES
 0 0 0 0 0
 0 0 0 0 0
 0 0 0 0 0
 0 0 0 0 0
 0 0 0 0 0
 0 0 0 0 0
 0 0 0 0 0
 0 0 0 0 0
 0 0 0 0 0
 0 0 0 0 0
 0 0 0 0 0
 0 0 0 0 0
 0 0 0 0 0
 0 0 0 0 0
 0 0 0 0 0
 0 0 0 0 0
 0.505614 0.472636 0.0217494 0 0
 0 0 0 0 0
 0.443492 0.261883 0.143347 0.151278 0
 0.227955 0.32914 0.350689 0.0885471 0.00366901
 0.970185 0.0296113 0.000203453 0 0
 0.997202 0.00247181 0.000326279 0 0
 0.445219 0.490057 0.0546422 0.010081 0
 0.90214 0.0892962 0.00764917 0.000914606 0
 0 0 0 0 0
 0.581667 0.319106 0.0959925 0.00289975 0.000334073
 0.762889 0.0836404 0.116647 0.0363945 0.000428098
 0.88444 0.0763242 0.0277011 0.0115352 0
 0.521256 0.241999 0.230069 0.00667565 0
 0.616807 0.101726 0.260614 0.0208532 0
 0.833518 0.0704572 0.0857862 0.0102388 0
ppred_PELACES
 0.503579 0.111267 0.363196 0.0219579 7.12316e-07
 0.471524 0.266731 0.058667 0.1915 0.011578
 0.618798 0.180534 0.101281 0.0222765 0.0771111
 0.777833 0.1379 0.039908 0.0223887 0.0219702
 0.698308 0.235314 0.0412015 0.0119236 0.0132535
 0.792098 0.145366 0.0487771 0.00854047 0.00521885
 0.540054 0.364948 0.0664226 0.0222879 0.0062871
 0.509275 0.267255 0.177314 0.0322722 0.0138835
 0.601923 0.203026 0.106227 0.070478 0.0183457
 0.756149 0.147454 0.049164 0.0257236 0.0215093
 0.847577 0.115677 0.0222201 0.00740862 0.00711761
 0.78103 0.185694 0.0252535 0.00485089 0.00317123
 0.731718 0.210244 0.0492177 0.00669335 0.00212624
 0.687088 0.229849 0.0650939 0.0152383 0.00273064
 0.780428 0.151998 0.049636 0.014057 0.00388039
 0.948108 0.0406435 0.0077864 0.00254269 0.000918876
 0.435836 0.535255 0.0226427 0.00433783 0.00192845
 0.916528 0.036554 0.0445136 0.00188304 0.000521125
 0.649901 0.321104 0.0126974 0.0154622 0.000835107
 0.655935 0.224562 0.109607 0.00433416 0.00556297
 0.78116 0.144087 0.0487892 0.0238136 0.00215029
 0.784677 0.16851 0.0308219 0.0104366 0.00555397
 0.369119 0.496169 0.105425 0.0192831 0.0100042
 0.780902 0.0811928 0.108458 0.023045 0.00640195
 0.675617 0.253616 0.0262247 0.0350312 0.00951115
 0.48974 0.34536 0.128926 0.0133313 0.022643
 0.774509 0.110685 0.0777042 0.0290076 0.00809404
 0.734081 0.206213 0.0293074 0.0205745 0.00982379
 0.40025 0.440816 0.123249 0.0175164 0.0181684
 0.473634 0.211232 0.231623 0.0647602 0.0187503
 0.853455 0.0696402 0.0308622 0.0338413 0.0122013
pobs_pel_tallas
 0 0 0 0 0 0 0 0 0 0 0 0 0 0 0 0 0 0 0 0 0 0 0 0 0 0
 0 0 0 0 0 0 0 0 0 0 0 0 0 0 0 0 0 0 0 0 0 0 0 0 0 0
 0 0 0 0 0 0 0 0 0 0 0 0 0 0 0 0 0 0 0 0 0 0 0 0 0 0
 0 0 0 0 0 0 0 0 0 0 0 0 0 0 0 0 0 0 0 0 0 0 0 0 0 0
 0 0 0 0 0 0 0 0 0 0 0 0 0 0 0 0 0 0 0 0 0 0 0 0 0 0
 0 0 0 0 0 0 0 0 0 0 0 0 0 0 0 0 0 0 0 0 0 0 0 0 0 0
 0 0 0 0 0 0 0 0 0 0 0 0 0 0 0 0 0 0 0 0 0 0 0 0 0 0
 0 0 0 0 0 0 0 0 0 0 0 0 0 0 0 0 0 0 0 0 0 0 0 0 0 0
 0 0 0 0 0 0 0 0 0 0 0 0 0 0 0 0 0 0 0 0 0 0 0 0 0 0
 0 0 0 0 0 0 0 0 0 0 0 0 0 0 0 0 0 0 0 0 0 0 0 0 0 0
 0 0 0 0 0 0 0 0 0 0 0 0 0 0 0 0 0 0 0 0 0 0 0 0 0 0
 0 0 0 0 0 0 0 0 0 0 0 0 0 0 0 0 0 0 0 0 0 0 0 0 0 0
 0.00862536 0 0 0.000197151 0.00414017 0.0128641 0.00837892 0.0270097 0.101434 0.158115 0.152841 0.127902 0.109271 0.109419 0.0830992 0.0579132 0.0238553 0.00714673 0.00463305 0.00128148 0.00103504 0.000492878 0.000147863 0.000147863 4.92878e-05 0
 0 0 0 0 0 0 0 0 0 0 0 0 0 0 0 0 0 0 0 0 0 0 0 0 0 0
 0 0 0 0 0 0 0 0.0054083 0.00873648 0.0413646 0.0450493 0.0745869 0.0622846 0.0627006 0.0613931 0.0827291 0.12552 0.122667 0.0946155 0.0697135 0.0546179 0.0294188 0.0215738 0.0213955 0.0102223 0.00600262
 0 0 0 0 0.00359764 0.0251062 0.0480494 0.140153 0.205849 0.193036 0.1447 0.116669 0.0760912 0.0342217 0.00950174 0.001854 0.000860785 0 0 0 0.000165536 0 0.000143464 0 0 0
 0 0 0 0 0 0 0 0.000145254 0.000435761 0.0275982 0.070085 0.0708112 0.156366 0.174668 0.174014 0.160142 0.0824315 0.0480064 0.0283245 0.00493863 0.00203355 0 0 0 0 0
 0 0 0 0 0 0 0 0 0 0 0 0 0 0 0 0 0 0 0 0 0 0 0 0 0 0
 0 0 1.00437e-05 0.000401748 0.00122533 0.00171747 0.00176769 0.0269171 0.070346 0.194647 0.189555 0.159765 0.064822 0.0314167 0.0384472 0.0292271 0.0345202 0.0313363 0.0194345 0.0106764 0.0143323 0.0359363 0.0279516 0.0138201 0.00172751 0
 0 0.0021121 0.0136068 0.0755702 0.200478 0.177729 0.0527432 0.0373336 0.0318909 0.0142505 0.0149659 0.0166563 0.0217959 0.0798694 0.0677717 0.0528807 0.04013 0.0224614 0.0357745 0.0225083 0.00881397 0.00855152 0.00135912 0.000746735 0 0
 0 0 0 0 5.4009e-05 0.00500934 0.000945158 0.0243581 0.138947 0.33067 0.221406 0.137944 0.0707744 0.0437923 0.0131692 0.00525238 0.0047753 0.00276346 9.45158e-05 9.00151e-06 2.25038e-05 9.00151e-06 4.50075e-06 0 0 0
 0.000866109 0.00284123 0.00948549 0.0512746 0.133035 0.25785 0.225252 0.132002 0.0553304 0.0519788 0.0540692 0.017754 0.00435017 0.00159236 0.00146478 0.000404838 0.000125132 0.000115318 0.000107957 0.000100596 0 0 0 0 0 0
 0 0 0 0 0.00144013 0.00171154 0.00461396 0.0210425 0.0478622 0.0707936 0.0888783 0.103762 0.0637923 0.0337046 0.0602308 0.124433 0.169614 0.0934646 0.0462172 0.0250306 0.0313229 0.00938855 0.002487 0.000210481 0 0
 0 0.00764035 0.051015 0.0998891 0.058973 0.0496711 0.0374665 0.0718981 0.12319 0.153886 0.159021 0.0857701 0.0377988 0.023471 0.0147837 0.00900784 0.00315554 0.000888139 0.00291439 0.00214683 0.00393193 0.00274676 0.000635225 9.99891e-05 0 0
 0 0 0 0 0 0 0 0 0 0 0 0 0 0 0 0 0 0 0 0 0 0 0 0 0 0
 0 0 0 0 0 0 0 0 0 0 0 0 0 0 0 0 0 0 0 0 0 0 0 0 0 0
 0 0 0 0 0 0 0 0 0 0 0 0 0 0 0 0 0 0 0 0 0 0 0 0 0 0
 0 0 0 0 0 0 0 0 0 0 0 0 0 0 0 0 0 0 0 0 0 0 0 0 0 0
 0 0 0 0 0 0 0 0 0 0 0 0 0 0 0 0 0 0 0 0 0 0 0 0 0 0
 0 0 0 0 0 0 0 0 0 0 0 0 0 0 0 0 0 0 0 0 0 0 0 0 0 0
 0 0 0 0 0 0 0 0 0 0 0 0 0 0 0 0 0 0 0 0 0 0 0 0 0 0
ppred_pel_tallas
 1.12712e-16 4.14791e-05 0.000403192 0.00267935 0.01218 0.0378964 0.0807427 0.117849 0.11786 0.080798 0.0380837 0.0127278 0.00408043 0.00354769 0.00626474 0.010945 0.0172811 0.0248847 0.0332677 0.0420154 0.0506952 0.0585003 0.0640508 0.0657518 0.0625993 0.0548544
 1.22926e-16 3.88389e-05 0.000377528 0.00250881 0.0114047 0.0354843 0.0756041 0.110352 0.110378 0.0757302 0.0359082 0.0126306 0.00559177 0.00712803 0.0129225 0.0214788 0.0313826 0.0404807 0.0466927 0.0492853 0.0493863 0.0491774 0.0503546 0.0530394 0.0558417 0.0568214
 1.18253e-16 5.09696e-05 0.000495443 0.00329239 0.0149668 0.0465672 0.099217 0.144814 0.144831 0.0993028 0.0468556 0.0158015 0.00539478 0.00510856 0.00888262 0.0147926 0.0217575 0.0283427 0.0331455 0.0356045 0.0363347 0.0366233 0.0374829 0.0390146 0.0404766 0.0408444
 1.07151e-16 6.40691e-05 0.000622775 0.00413856 0.0188133 0.0585352 0.124716 0.182029 0.182043 0.124781 0.0587541 0.0194463 0.00572961 0.00410351 0.0066971 0.011031 0.016032 0.0204846 0.023209 0.0237009 0.0224349 0.0205151 0.0189501 0.0181201 0.0177552 0.0172935
 1.04688e-16 5.75187e-05 0.000559102 0.00371543 0.0168898 0.0525507 0.111966 0.163422 0.163445 0.112077 0.0529231 0.0179658 0.00641707 0.00645961 0.0112721 0.018567 0.0267965 0.0338191 0.0374955 0.0368527 0.0326604 0.0268915 0.0215129 0.0175499 0.0149678 0.0131681
 1.03185e-16 6.52441e-05 0.000634196 0.00421445 0.0191583 0.0596087 0.127003 0.185368 0.185382 0.127072 0.0598395 0.0198256 0.00589165 0.0043029 0.00705439 0.0116156 0.0168588 0.0214778 0.0241806 0.0243635 0.0224418 0.0195115 0.0166308 0.0142994 0.0124448 0.0107562
 1.0531e-16 4.44836e-05 0.000432397 0.00287343 0.0130622 0.0406416 0.0865925 0.126392 0.126427 0.0867646 0.0412193 0.0147311 0.00706387 0.00958473 0.01744 0.0287974 0.0415649 0.0524516 0.0581289 0.0570638 0.0504149 0.0412033 0.0324536 0.0257642 0.0211384 0.0177503
 1.10772e-16 4.19483e-05 0.000407753 0.00270966 0.0123177 0.0383252 0.0816569 0.119186 0.119212 0.081784 0.0387526 0.0135549 0.00582619 0.00724757 0.013139 0.0219349 0.032249 0.041927 0.048765 0.0517045 0.0513408 0.0492572 0.0467781 0.0442056 0.0410229 0.0366536
 1.13291e-16 4.95797e-05 0.000481932 0.00320261 0.0145586 0.0452973 0.0965115 0.140865 0.140885 0.0966079 0.0456214 0.0154967 0.0055647 0.00566325 0.00996398 0.0165916 0.0243688 0.0316624 0.0368538 0.0392519 0.0394706 0.0388733 0.0385363 0.0385782 0.0382844 0.0367585
 1.07677e-16 6.2283e-05 0.000605413 0.00402318 0.0182888 0.0569034 0.121239 0.176955 0.176969 0.121309 0.0571377 0.0189664 0.00572684 0.0043341 0.00717251 0.0118363 0.017231 0.0220739 0.0251132 0.0258096 0.0246532 0.0227885 0.0212465 0.0203922 0.0199194 0.0192429
 1.02619e-16 6.98138e-05 0.000678615 0.00450964 0.0205002 0.0637837 0.135898 0.19835 0.198361 0.135953 0.0639668 0.0210294 0.0058386 0.00358177 0.00558949 0.00914636 0.0132083 0.0166957 0.018561 0.0183306 0.0163824 0.0136775 0.0111658 0.00932948 0.00813079 0.00726216
 1.018e-16 6.43325e-05 0.000625335 0.00415557 0.0188906 0.0587758 0.125229 0.182779 0.182797 0.125316 0.0590694 0.0197386 0.00628412 0.00527168 0.00888775 0.0145892 0.0210047 0.0264024 0.0290615 0.0281874 0.0243789 0.0192158 0.0143101 0.0105608 0.00804121 0.0063641
 1.02506e-16 6.02707e-05 0.000585853 0.0038932 0.0176979 0.0550649 0.117322 0.17124 0.17126 0.117422 0.055398 0.0186604 0.00631054 0.00586764 0.0101051 0.0166461 0.0240559 0.0304212 0.0338244 0.0333665 0.0296756 0.0244337 0.0193269 0.0152505 0.0122334 0.00987799
 1.03928e-16 5.65946e-05 0.000550119 0.00365574 0.0166185 0.0517063 0.110167 0.160796 0.160818 0.110275 0.0520709 0.0176722 0.00630327 0.00633827 0.0110745 0.0182846 0.0264881 0.0336318 0.0376519 0.037584 0.0341024 0.0289904 0.0239965 0.0199886 0.0169064 0.0142729
 1.03538e-16 6.42829e-05 0.000624852 0.00415236 0.0188761 0.0587305 0.125132 0.182637 0.182652 0.125204 0.0589718 0.0195738 0.005906 0.00446074 0.00737202 0.0121453 0.0176297 0.0224653 0.0253063 0.0255286 0.0235741 0.0205931 0.0176882 0.0153664 0.0135271 0.0118189
 1.00646e-16 7.80944e-05 0.000759106 0.00504453 0.0229317 0.071349 0.152017 0.221874 0.221878 0.152036 0.0714133 0.0231176 0.00551136 0.00177883 0.00201658 0.00321508 0.00463538 0.00585357 0.00649556 0.00639105 0.00566879 0.0046637 0.00370988 0.00298207 0.00247773 0.0021032
 1.01552e-16 3.58994e-05 0.000348955 0.00231893 0.0105415 0.0327989 0.0698835 0.102008 0.102059 0.0701351 0.0336435 0.0129799 0.00843521 0.0136867 0.0253249 0.0417009 0.0598109 0.0746715 0.081228 0.0771497 0.0642472 0.0473122 0.0313472 0.0193122 0.0116699 0.00735
 1.01572e-16 7.54932e-05 0.000733821 0.0048765 0.0221679 0.0689724 0.146953 0.214483 0.214487 0.146971 0.0690315 0.0223393 0.00530967 0.00168907 0.00191783 0.00312421 0.00466279 0.00621498 0.00749784 0.00835938 0.00882582 0.00900905 0.00896305 0.00862888 0.00791051 0.00679586
 1.02141e-16 5.35316e-05 0.000520346 0.00345788 0.0157191 0.048908 0.104205 0.152096 0.152127 0.104356 0.0494147 0.0171821 0.00712796 0.00852447 0.0152324 0.0250394 0.0359306 0.044906 0.0489532 0.0467005 0.0392563 0.0294999 0.0204055 0.0136841 0.00952056 0.00717936
 1.04597e-16 5.40285e-05 0.000525176 0.00348998 0.015865 0.0493619 0.105172 0.153506 0.153527 0.105278 0.0497195 0.0168994 0.00609217 0.00622463 0.0109334 0.0181324 0.0264462 0.0339419 0.0386561 0.0396344 0.0374171 0.0335196 0.0293735 0.0256071 0.022101 0.0185231
 1.04197e-16 6.43431e-05 0.000625438 0.00415626 0.0188937 0.0587855 0.125249 0.182808 0.182822 0.125317 0.0590144 0.0195556 0.00582013 0.00426617 0.00700394 0.0115437 0.016781 0.0214393 0.0242622 0.0246767 0.0231113 0.0206455 0.0182862 0.0164509 0.0149704 0.0134507
 1.0292e-16 6.46329e-05 0.000628255 0.00417497 0.0189788 0.0590503 0.125813 0.183632 0.183648 0.125893 0.059317 0.0197495 0.00611007 0.00485488 0.0080986 0.0133046 0.0192034 0.0242433 0.0268899 0.0264414 0.0234393 0.0192826 0.0153664 0.012419 0.0104233 0.00897354
 1.06797e-16 3.04039e-05 0.000295537 0.00196395 0.00892787 0.0277782 0.0591861 0.0863938 0.0864417 0.05942 0.0285639 0.0111982 0.00766555 0.0127512 0.0237126 0.0392231 0.0566614 0.0715917 0.0794946 0.0782669 0.069434 0.057029 0.0450924 0.0357653 0.0290859 0.0240266
 1.06546e-16 6.43219e-05 0.000625232 0.00415488 0.0188875 0.0587661 0.125208 0.182746 0.182754 0.125247 0.0588978 0.0192699 0.00512249 0.00276305 0.00419946 0.00703726 0.0105914 0.0142845 0.0175525 0.0201105 0.0220382 0.0235469 0.0246448 0.0250248 0.0242724 0.0221919
 1.05945e-16 5.56497e-05 0.000540935 0.0035947 0.016341 0.0508431 0.108327 0.158112 0.158137 0.108447 0.0512441 0.0174992 0.0065018 0.00688732 0.0121097 0.0199368 0.028732 0.036184 0.0399937 0.0391474 0.0345418 0.0283875 0.0228679 0.0190867 0.0169181 0.0155633
 1.08978e-16 4.03393e-05 0.000392113 0.00260573 0.0118453 0.0368553 0.0785253 0.114617 0.11465 0.0786886 0.0374041 0.0134321 0.00659498 0.00912128 0.0166791 0.0276686 0.0402243 0.0513603 0.0580372 0.0588306 0.0547106 0.0482339 0.0418457 0.0366641 0.0324686 0.0285045
 1.0655e-16 6.37953e-05 0.000620113 0.00412087 0.0187329 0.058285 0.124183 0.181251 0.181261 0.124235 0.0584622 0.0192462 0.0054147 0.00346207 0.00551292 0.00914941 0.0134959 0.0176541 0.0207475 0.0223765 0.0228091 0.0226848 0.022484 0.0222133 0.0215144 0.0200201
 1.04625e-16 6.04653e-05 0.000587744 0.00390577 0.0177551 0.0552427 0.117701 0.171792 0.171812 0.117798 0.055569 0.0186975 0.00627173 0.0057542 0.00987741 0.0162477 0.023436 0.0295567 0.0327403 0.032151 0.0284914 0.023522 0.0189856 0.0157702 0.0137984 0.0124748
 1.08501e-16 3.29681e-05 0.000320462 0.00212958 0.00968081 0.0301208 0.0641771 0.0936773 0.0937199 0.0643853 0.0308199 0.0117014 0.00720619 0.0114185 0.0211564 0.0350447 0.0507634 0.0644304 0.0720899 0.0718973 0.0651621 0.0553357 0.0458112 0.0382871 0.0326568 0.0279748
 1.16406e-16 3.90127e-05 0.000379217 0.00252003 0.0114557 0.0356431 0.0759421 0.110844 0.110865 0.0760434 0.0359841 0.0124451 0.00501993 0.00589111 0.010668 0.0179972 0.0269149 0.035939 0.0435477 0.0490118 0.0526704 0.0553318 0.0573384 0.0581537 0.0567825 0.0525728
 1.06368e-16 7.0298e-05 0.000683321 0.00454091 0.0206423 0.064226 0.13684 0.199724 0.199731 0.136874 0.0643371 0.0209638 0.00535037 0.00245863 0.00346687 0.00568764 0.00835071 0.0108622 0.0126835 0.0136108 0.0138984 0.0140534 0.0144569 0.0151107 0.0156734 0.0157039
pSPR Fmed_Fpbrs
0.643993   0.211811 0.211811
Fs Fmed_Fpbrs
0.237267   1.005 1.005
SSBpbr Bo_Bmed_Bpbrs
1.91901e+06  1.13988e+06  310518 310518
Ro
177680
SPR SPRFo_SPRFmed_SPRFpbrs
1.27004e+06 817898 269009
Fref
0.7035
Nvult_r0
 209328 17958.5 7958.58 8726.83 3146.42
CTP_r0
 27979.1 2911.61 1290.33 1414.89 510.13
YTP_r0
391297
Np
 244032 51233.3 17546.8 1422.27 745.045
Nvult_p0
 192799 41906.5 14352.5 1163.35 609.413
CTP_p0
 69281.9 32558.9 2639.09 1169.55 1671.24
 69281.9 17306.3 5927.2 480.433 251.671
YTP_p0
 1.19888e+06 961284
CBA_c0
1.1276e+06
log_Ro
11.9077
likeval ReclasPelacesDesembMPH_pf_preclas_ppelaces_ptallas_desvR_qrecl_qpela
 13.6911 17.4131 0.0602459 0.000819544 241.087 118.744 98.3728 0 24.2267 8.97459e-07 0 0.307842 0 0 0
q_reclas_q_pelaces
0.874378 1
M
1
N
 199114 44983.9 146836 8877.3 0.287981
 111917 65924.4 14500 47330.6 2861.57
 111975 33984.7 19065.6 4193.46 14515.8
 181313 34160.8 9886.09 5546.17 5442.5
 145307 49992.5 8753.27 2533.18 2815.7
 253520 48446.6 16256.1 2846.32 1739.31
 104165 76993.8 14013.3 4702.13 1326.4
 47055.3 25054.1 16622.5 3025.39 1301.52
 45285.7 16161.3 8455.91 5610.2 1460.36
 60744.8 12750.6 4251.29 2224.36 1859.94
 113523 15764.8 3028.23 1009.67 970.012
 149992 38465.7 5231.14 1004.84 656.906
 124999 38544.6 9023.2 1227.11 389.809
 87426.5 32901.2 9317.7 2181.25 390.871
 87199.6 18407 6010.92 1702.31 469.916
 478880 21903.6 4196.24 1370.31 495.2
 101225 129567 5481.01 1050.04 466.812
 736002 30608.3 37273.2 1576.75 436.361
 423451 222056 8780.74 10692.7 577.51
 325190 117473 57337.4 2267.28 2910.1
 482586 92746.1 31404.6 15328.3 1384.1
 646044 146136 26729.4 9050.8 4816.52
 134065 185802 39478.9 7221.01 3746.29
 399524 42670.2 56999.2 12111.1 3364.49
 335540 129415 13381.9 17875.7 4853.35
 150611 108566 40528.4 4190.76 7117.96
 340087 49934 35055 13086.3 3651.5
 382901 110065 15642.6 10981.5 5243.37
 112258 126313 35316.4 5019.22 5206.06
 81110.9 37310.1 40911.7 11438.6 3311.87
 305715 25771.2 11420.9 12523.4 4515.25
pred_Ctot
 12696.6 3558.42 11615.3 702.232 0.0227805
 12544.6 9088.31 1998.96 6524.98 394.496
 12269.6 4582.1 2570.59 565.398 1957.15
 29391.3 6748.22 1952.92 1095.6 1075.12
 8676.43 3705.8 648.856 187.778 208.72
 28398.7 6674.68 2239.67 392.148 239.631
 23592.4 20989.4 3820.19 1281.85 361.592
 1986.12 1316.8 873.652 159.01 68.406
 6864.69 2991.29 1565.11 1038.39 270.299
 11634.4 2959.43 986.732 516.278 431.695
 5703.91 984.956 189.198 63.0824 60.6046
 29426.3 9136.86 1242.57 238.682 156.037
 23099.8 8643.14 2023.34 275.164 87.4097
 24721.3 11071.8 3135.57 734.029 131.535
 18033.2 4599.45 1501.98 425.363 117.42
 82101.8 4568.21 875.168 285.791 103.279
 11576.5 18217 770.627 147.635 65.6336
 85050.4 4347.5 5294.16 223.956 61.9792
 67348.7 43063.4 1702.85 2073.64 111.996
 47162.2 20828 10166 401.991 515.962
 54813.7 12952.9 4385.97 2140.76 193.303
 90921.4 25162.8 4602.48 1558.44 829.346
 11562 19799.7 4207.01 769.496 399.218
 30490.5 4030.91 5384.53 1144.1 317.832
 25825 12327.9 1274.74 1702.81 462.322
 9484.01 8482.12 3166.44 327.42 556.119
 26125.6 4747.78 3333.07 1244.26 347.189
 25221.4 8990.59 1277.76 897.019 428.302
 6908.64 9647.39 2697.35 383.351 397.621
 7073.83 4019.93 4407.98 1232.44 356.833
 27979.1 2911.61 1290.33 1414.89 510.13
F
 0.105371 0.132158 0.132158 0.132158 0.132158
 0.19185 0.24062 0.24062 0.24062 0.24062
 0.187194 0.234781 0.234781 0.234781 0.234781
 0.288351 0.361653 0.361653 0.361653 0.361653
 0.0983896 0.123401 0.123401 0.123401 0.123401
 0.191718 0.240454 0.240454 0.240454 0.240454
 0.424944 0.532969 0.532969 0.532969 0.532969
 0.068705 0.0861705 0.0861705 0.0861705 0.0861705
 0.267416 0.335396 0.335396 0.335396 0.335396
 0.348902 0.437597 0.437597 0.437597 0.437597
 0.0822435 0.103151 0.103151 0.103151 0.103151
 0.358765 0.449967 0.449967 0.449967 0.449967
 0.334792 0.4199 0.4199 0.4199 0.4199
 0.558065 0.699932 0.699932 0.699932 0.699932
 0.38155 0.478544 0.478544 0.478544 0.478544
 0.307254 0.385361 0.385361 0.385361 0.385361
 0.196077 0.245922 0.245922 0.245922 0.245922
 0.198301 0.248712 0.248712 0.248712 0.248712
 0.282231 0.353978 0.353978 0.353978 0.353978
 0.254543 0.319251 0.319251 0.319251 0.319251
 0.194625 0.244101 0.244101 0.244101 0.244101
 0.246186 0.308769 0.308769 0.308769 0.308769
 0.144827 0.181644 0.181644 0.181644 0.181644
 0.127246 0.159594 0.159594 0.159594 0.159594
 0.128387 0.161025 0.161025 0.161025 0.161025
 0.103999 0.130437 0.130437 0.130437 0.130437
 0.128132 0.160704 0.160704 0.160704 0.160704
 0.109011 0.136723 0.136723 0.136723 0.136723
 0.101539 0.127351 0.127351 0.127351 0.127351
 0.14656 0.183817 0.183817 0.183817 0.183817
 0.154283 0.193503 0.193503 0.193503 0.193503
YTP_r0W_actual
 237822 47459.3 37290.5 49238 19487
YTP_p0W_proyectada
 521000 524850 61701.9 34501.8 56822.1
 521000 278977 138578 14172.8 8556.83
CTP_r0_actual
 27979.1 2911.61 1290.33 1414.89 510.13
CTP_p0_proyectada
 69281.9 32558.9 2639.09 1169.55 1671.24
 69281.9 17306.3 5927.2 480.433 251.671
Wmedp
 7.52 16.12 23.38 29.5 34
Frms_r0
 0.154283 0.193503 0.193503 0.193503 0.193503
Zrms_r0
 1.15428 1.1935 1.1935 1.1935 1.1935
nmprior
 8.19 8.8 8.5 0
nm_flota  nm_reclas  nm_pelaces    nm_pelaL
inf 12.422 18.2662 43.6659
cv_recla  cv_pelaces  cv_mph
0.334692 0.473162 0.883469
 ------------------------------------------------
Talla a la edad & desviaci?n 
 8 13.2811 15.8009 17.003 17.5766
 0.8 1.32811 1.58009 1.7003 1.75766
