years
 1991 1992 1993 1994 1995 1996 1997 1998 1999 2000 2001 2002 2003 2004 2005 2006 2007 2008 2009 2010 2011 2012 2013 2014 2015 2016 2017 2018 2019 2020 2021
reclasobs
 0 0 0 0 0 0 0 0 0 252601 567819 844713 477998 351125 339783 2.1784e+06 2.13404e+06 4.81314e+06 1.55562e+06 2.62356e+06 3.21686e+06 3.843e+06 1.13348e+06 3.07943e+06 1.97215e+06 2.03268e+06 2.025e+06 2.42433e+06 2.27542e+06 1.05018e+06 2.36338e+06
reclaspred
 3.19006e+06 1.78504e+06 903845 887447 874554 1.38868e+06 863537 763662 560257 411291 488865 634660 626579 488169 494463 1.31213e+06 1.27157e+06 2.87329e+06 2.36804e+06 1.7603e+06 3.11361e+06 2.52833e+06 2.00473e+06 3.0841e+06 2.31246e+06 2.04284e+06 2.42921e+06 2.58636e+06 2.11822e+06 1.33824e+06 1.91603e+06
pelacesobs
 0 0 0 0 0 0 0 0 0 0 0 0 0 0 0 552880 188675 0 991730 2.46772e+06 1.41603e+06 1.21717e+06 2.29649e+06 1.80582e+06 0 1.4828e+06 1.56532e+06 1.57751e+06 1.42118e+06 867257 1.10002e+06
pelacespred
 1.67238e+06 1.04026e+06 526373 421917 434777 711846 407026 448954 316123 219735 270857 294116 319473 262251 273049 603164 585816 1.52482e+06 1.29771e+06 895259 1.53293e+06 1.34933e+06 1.06776e+06 1.79778e+06 1.30001e+06 1.14475e+06 1.54995e+06 1.62732e+06 1.09822e+06 788337 1.12716e+06
mphobs
 0 0 0 0 0 0 0 0 0 0 0 498337 0 5186 125008 0 168611 109162 213762 579715 649985 157893 87575 83554 0 0 0 0 0 0 0
mphpred
 480250 320707 159524 87136 93148.5 104602 137852 84437.7 75177.3 51953.4 34686.2 57649.8 62323.3 52791.4 35756.8 45376.6 150799 143534 284368 214710 228965 282878 268643 221136 307423 253028 207972 222486 311060 211725 128963
desembarqueobs
 494567 514787 250237 358949 120608 361735 552515 73892 212993 205616 52469 317467 293654 387597 252695 516296 358380 742168 942051 627588 828172 859565 418607 520667 417249 300574 415391 372974 316634 284311 391294
desembarquepred
 494573 513534 250840 358980 120613 361748 552557 73896.3 213041 205660 52471.6 317532 293704 387631 252689 516257 358402 742069 941847 627452 828236 859579 418616 520690 417248 300574 415390 372958 316627 284318 391297
Reclutas
 196802 111245 111847 180186 144576 251628 103594 46937.6 45196.4 60643.1 113317 149659 124755 87271.8 87136.7 478372 101185 734836 423045 324997 481743 644496 133957 398721 335007 150567 339676 381305 110968 82447.2 318894
log_desv_Rt
 0.103167 -0.467292 -0.4619 0.0149599 -0.205223 0.348923 -0.538545 -1.33021 -1.36801 -1.07402 -0.448838 -0.170671 -0.352677 -0.710002 -0.711551 0.99136 -0.562074 1.42062 0.868449 0.604788 0.998381 1.28944 -0.281509 0.809234 0.635123 -0.164622 0.648964 0.764571 -0.469787 -0.766871 0.585829
SSB
 3.17175e+06 2.11807e+06 1.05355e+06 575478 615187 690831 910423 557657 496498 343119 229080 380740 411606 348654 236151 299683 995932 947950 1.87807e+06 1.41803e+06 1.51217e+06 1.86823e+06 1.77422e+06 1.46046e+06 2.03033e+06 1.67109e+06 1.37352e+06 1.46938e+06 2.05435e+06 1.39831e+06 851719
BT
 4.27512e+06 2.90726e+06 1.46339e+06 1.27486e+06 1.09795e+06 1.95019e+06 1.43414e+06 1.10015e+06 940608 705090 669971 944398 1.00345e+06 1.00799e+06 883250 1.80943e+06 1.63069e+06 4.17104e+06 3.89843e+06 2.62944e+06 4.20639e+06 3.91564e+06 2.82698e+06 4.62954e+06 3.38321e+06 2.90607e+06 3.99804e+06 4.12698e+06 2.79367e+06 2.09422e+06 2.97702e+06
Ftot
 0.134383 0.245092 0.239146 0.36964 0.126057 0.246138 0.54492 0.0878864 0.341486 0.445591 0.105257 0.458727 0.427535 0.713065 0.488068 0.393898 0.250113 0.25348 0.360283 0.323981 0.247971 0.314257 0.184241 0.162248 0.163617 0.132229 0.1633 0.139518 0.129471 0.185644 0.199374
BD_Bspro_t
 0.978776 0.84636 0.687488 0.598562 0.585052 0.658306 0.648289 0.48191 0.53956 0.497452 0.467108 0.675423 0.561565 0.472577 0.365717 0.424197 0.603237 0.578506 0.673748 0.579113 0.549962 0.598624 0.61443 0.607024 0.709343 0.717275 0.723989 0.758195 0.800347 0.737638 0.671482
BD_Bspro
 2.50335 1.67172 0.831533 0.454205 0.485546 0.545249 0.718566 0.440139 0.391869 0.270812 0.180805 0.300505 0.324866 0.27518 0.186386 0.23653 0.786055 0.748184 1.48229 1.1192 1.1935 1.47453 1.40033 1.15269 1.60247 1.31893 1.08407 1.15973 1.62143 1.10363 0.672232
BD_Bo
 1.65949 1.1082 0.551231 0.301096 0.321872 0.36145 0.476343 0.291772 0.259773 0.179524 0.119857 0.199207 0.215356 0.182419 0.123557 0.156798 0.521083 0.495977 0.982626 0.741926 0.791183 0.977479 0.928289 0.764129 1.06229 0.874331 0.718641 0.768795 1.07486 0.731609 0.445628
BD_Brms
 9.95244 6.64616 3.30588 1.80576 1.93036 2.16772 2.85676 1.74984 1.55793 1.07665 0.718818 1.1947 1.29155 1.09402 0.741004 0.940359 3.12508 2.97452 5.89308 4.44954 4.74495 5.86222 5.56721 4.58269 6.37086 5.24361 4.30989 4.61068 6.44624 4.38767 2.67256
Sel_flota
 0.779118 0.985298 0.999215 0.999959 0.999998
 0.779118 0.985298 0.999215 0.999959 0.999998
 0.779118 0.985298 0.999215 0.999959 0.999998
 0.779118 0.985298 0.999215 0.999959 0.999998
 0.779118 0.985298 0.999215 0.999959 0.999998
 0.779118 0.985298 0.999215 0.999959 0.999998
 0.779118 0.985298 0.999215 0.999959 0.999998
 0.779118 0.985298 0.999215 0.999959 0.999998
 0.779118 0.985298 0.999215 0.999959 0.999998
 0.779118 0.985298 0.999215 0.999959 0.999998
 0.779118 0.985298 0.999215 0.999959 0.999998
 0.779118 0.985298 0.999215 0.999959 0.999998
 0.779118 0.985298 0.999215 0.999959 0.999998
 0.779118 0.985298 0.999215 0.999959 0.999998
 0.779118 0.985298 0.999215 0.999959 0.999998
 0.779118 0.985298 0.999215 0.999959 0.999998
 0.779118 0.985298 0.999215 0.999959 0.999998
 0.779118 0.985298 0.999215 0.999959 0.999998
 0.779118 0.985298 0.999215 0.999959 0.999998
 0.779118 0.985298 0.999215 0.999959 0.999998
 0.779118 0.985298 0.999215 0.999959 0.999998
 0.779118 0.985298 0.999215 0.999959 0.999998
 0.779118 0.985298 0.999215 0.999959 0.999998
 0.779118 0.985298 0.999215 0.999959 0.999998
 0.779118 0.985298 0.999215 0.999959 0.999998
 0.779118 0.985298 0.999215 0.999959 0.999998
 0.779118 0.985298 0.999215 0.999959 0.999998
 0.779118 0.985298 0.999215 0.999959 0.999998
 0.779118 0.985298 0.999215 0.999959 0.999998
 0.779118 0.985298 0.999215 0.999959 0.999998
 0.779118 0.985298 0.999215 0.999959 0.999998
Sel_reclas
 1 1 1 1 1
 1 1 1 1 1
 1 1 1 1 1
 1 1 1 1 1
 1 1 1 1 1
 1 1 1 1 1
 1 1 1 1 1
 1 1 1 1 1
 1 1 1 1 1
 1 1 1 1 1
 1 1 1 1 1
 1 1 1 1 1
 1 1 1 1 1
 1 1 1 1 1
 1 1 1 1 1
 1 1 1 1 1
 1 1 1 1 1
 1 1 1 1 1
 1 1 1 1 1
 1 1 1 1 1
 1 1 1 1 1
 1 1 1 1 1
 1 1 1 1 1
 1 1 1 1 1
 1 1 1 1 1
 1 1 1 1 1
 1 1 1 1 1
 1 1 1 1 1
 1 1 1 1 1
 1 1 1 1 1
 1 1 1 1 1
Sel_pelaces
 1 1 1 1 1
 1 1 1 1 1
 1 1 1 1 1
 1 1 1 1 1
 1 1 1 1 1
 1 1 1 1 1
 1 1 1 1 1
 1 1 1 1 1
 1 1 1 1 1
 1 1 1 1 1
 1 1 1 1 1
 1 1 1 1 1
 1 1 1 1 1
 1 1 1 1 1
 1 1 1 1 1
 1 1 1 1 1
 1 1 1 1 1
 1 1 1 1 1
 1 1 1 1 1
 1 1 1 1 1
 1 1 1 1 1
 1 1 1 1 1
 1 1 1 1 1
 1 1 1 1 1
 1 1 1 1 1
 1 1 1 1 1
 1 1 1 1 1
 1 1 1 1 1
 1 1 1 1 1
 1 1 1 1 1
 1 1 1 1 1
pf_obs 
 0.8446 0.082 0.0669 0.0065 0
 0.8095 0.147 0.0364 0.0071 0
 0.9664 0.0169 0.016 0.0007 0
 0.9276 0.0648 0.0075 0.0001 0
 0.7033 0.2144 0.0806 0.0017 0
 0.9318 0.0425 0.0243 0.0014 0
 0.5671 0.3108 0.0964 0.0239 0.0018
 0.0768 0.2599 0.5324 0.112 0.0189
 0.490249 0.384438 0.106611 0.0170017 0.00170017
 0.7925 0.1577 0.0466 0.003 0.0002
 0.840416 0.127587 0.0312969 0.00059994 9.999e-05
 0.8084 0.0986 0.0794 0.0134 0.0002
 0.7335 0.1905 0.0724 0.0035 0.0001
 0.4001 0.4547 0.1325 0.0127 0
 0.49795 0.308269 0.164784 0.0264974 0.00249975
 0.9179 0.0499 0.0305 0.0017 0
 0.2467 0.6533 0.0926 0.0074 0
 0.9418 0.0223 0.034 0.0019 0
 0.707729 0.231977 0.0356964 0.0245975 0
 0.517169 0.277429 0.184464 0.0207286 0.00020938
 0.811772 0.124168 0.05621 0.00726502 0.000585176
 0.764997 0.148141 0.077277 0.00933861 0.000247198
 0.163321 0.427699 0.378323 0.0303852 0.000271297
 0.753843 0.0900009 0.118128 0.0371064 0.000921714
 0.721811 0.176058 0.0630433 0.0369309 0.00215725
 0.143369 0.312575 0.442814 0.0836902 0.0175525
 0.692698 0.0596174 0.167031 0.0765114 0.00414204
 0.394062 0.376323 0.152708 0.0712218 0.00568511
 0.125707 0.32114 0.495352 0.0537591 0.00404204
 0.23352 0.215282 0.420074 0.123614 0.00750983
 0.796117 0.104755 0.0508955 0.0450114 0.00322123
pf_pred 
 0.439371 0.125076 0.410793 0.02476 8.1416e-07
 0.408443 0.296671 0.0665333 0.21538 0.0129723
 0.557656 0.20901 0.117955 0.0260489 0.0893308
 0.727367 0.169205 0.0492779 0.0273854 0.0267647
 0.644042 0.277022 0.0493043 0.0141246 0.0155072
 0.745953 0.177104 0.060075 0.0105393 0.00632914
 0.469758 0.419852 0.0773209 0.0258246 0.00724523
 0.449031 0.299321 0.200014 0.0361766 0.0154576
 0.536921 0.235611 0.124379 0.0819494 0.0211394
 0.701945 0.180006 0.0605551 0.0314503 0.026044
 0.812945 0.141766 0.0275413 0.00910767 0.00863923
 0.730177 0.228452 0.0314643 0.00602601 0.00387998
 0.674672 0.254512 0.060119 0.00813771 0.00255961
 0.618967 0.279408 0.0798013 0.0185299 0.00329409
 0.728856 0.187455 0.0616936 0.017276 0.00471963
 0.933057 0.0523694 0.0101308 0.003276 0.00116688
 0.374325 0.593349 0.0253818 0.00482871 0.00211573
 0.893996 0.0461544 0.0568028 0.00239261 0.000654071
 0.587224 0.378288 0.0151485 0.0183565 0.000983754
 0.593577 0.264403 0.130337 0.00513426 0.00654924
 0.733138 0.175144 0.0600044 0.0291068 0.00260686
 0.736421 0.205747 0.0381608 0.0128735 0.00679834
 0.312546 0.539286 0.116069 0.0211864 0.0109121
 0.733699 0.0980018 0.132451 0.0280867 0.00776104
 0.618335 0.297613 0.031223 0.0415838 0.0112457
 0.427978 0.385668 0.145797 0.015073 0.0254835
 0.72677 0.133365 0.0947463 0.0353049 0.00981299
 0.681962 0.245961 0.0354503 0.0248179 0.0118089
 0.340396 0.482813 0.137183 0.0194881 0.0201191
 0.415673 0.231686 0.25913 0.0725744 0.020937
 0.823706 0.0843219 0.0367996 0.0405505 0.0146216
pobs_RECLAS
 0 0 0 0 0
 0 0 0 0 0
 0 0 0 0 0
 0 0 0 0 0
 0 0 0 0 0
 0 0 0 0 0
 0 0 0 0 0
 0 0 0 0 0
 0 0 0 0 0
 0 0 0 0 0
 0.991045 0.00858322 0.000360255 1.14367e-05 0
 0.934742 0.0480273 0.0164251 0.00080598 0
 0.827803 0.169806 0.00239088 0 0
 0.941827 0.0461693 0.0120037 0 0
 0.791401 0.0380133 0.147996 0.0225897 0
 0.846168 0.0940531 0.0597789 0 0
 0.134021 0.677848 0.182769 0.00536245 0
 0.80878 0.0450904 0.141981 0.00414843 0
 0.846168 0.0940531 0.0597789 0 0
 0.905697 0.0802665 0.012482 0.00150086 5.37128e-05
 0.989698 0.0102097 9.19794e-05 0 0
 0.975433 0.0193895 0.00387452 0.00125025 5.28907e-05
 0.303575 0.632131 0.0575291 0.00676475 0
 0.966965 0.00978017 0.0227588 0.000495775 0
 0.843318 0.132988 0.00938335 0.0141283 0.000182051
 0.564624 0.303363 0.111486 0.0197234 0.00080311
 0.826376 0.0876187 0.0782897 0.00655872 0.00115652
 0.89761 0.0855135 0.0140674 0.00269457 0.000114338
 0.34875 0.467042 0.161289 0.0227151 0.000203297
 0.318654 0.224769 0.449479 0.00709798 0
 0.937255 0.0296025 0.0250945 0.00804832 0
ppred_RECLAS
 0.501161 0.112527 0.364367 0.0219452 7.21575e-07
 0.46924 0.268166 0.0592824 0.191762 0.0115493
 0.617523 0.182129 0.101319 0.0223581 0.0766706
 0.773808 0.14118 0.0405205 0.0225012 0.0219903
 0.697048 0.236524 0.0415034 0.0118809 0.0130433
 0.789403 0.147458 0.0493052 0.00864333 0.00519034
 0.532502 0.371336 0.0673706 0.0224834 0.00630757
 0.509572 0.26817 0.176682 0.0319326 0.0136437
 0.598075 0.205992 0.107174 0.0705588 0.0182004
 0.751693 0.150859 0.050007 0.0259516 0.0214897
 0.846767 0.116539 0.022322 0.00737613 0.00699648
 0.776139 0.18997 0.0257806 0.00493359 0.00317647
 0.726551 0.214613 0.0499542 0.00675653 0.00212509
 0.677694 0.23732 0.0667465 0.0154859 0.00275284
 0.775535 0.155902 0.0505536 0.0141453 0.0038642
 0.946923 0.0416557 0.00794112 0.00256593 0.000913925
 0.432156 0.538907 0.0227239 0.00431975 0.00189265
 0.915315 0.0371728 0.0450956 0.00189804 0.000518848
 0.644846 0.325886 0.0128612 0.0155728 0.000834538
 0.651489 0.22788 0.110715 0.00435795 0.00555876
 0.778244 0.146271 0.0493974 0.0239434 0.00214432
 0.781113 0.171411 0.0313351 0.0105627 0.00557782
 0.366615 0.498411 0.105751 0.0192885 0.00993419
 0.779104 0.0820337 0.109302 0.0231604 0.00639954
 0.673408 0.25549 0.0264248 0.0351669 0.00950997
 0.487957 0.346841 0.129271 0.0133544 0.022577
 0.772699 0.11177 0.0782819 0.0291478 0.00810131
 0.731748 0.208141 0.0295762 0.02069 0.00984436
 0.3964 0.443516 0.124242 0.0176363 0.0182067
 0.476657 0.209321 0.230798 0.0645905 0.018633
 0.856689 0.0690743 0.0297173 0.0327216 0.0117982
pobs_PELACES
 0 0 0 0 0
 0 0 0 0 0
 0 0 0 0 0
 0 0 0 0 0
 0 0 0 0 0
 0 0 0 0 0
 0 0 0 0 0
 0 0 0 0 0
 0 0 0 0 0
 0 0 0 0 0
 0 0 0 0 0
 0 0 0 0 0
 0 0 0 0 0
 0 0 0 0 0
 0 0 0 0 0
 0 0 0 0 0
 0.505614 0.472636 0.0217494 0 0
 0 0 0 0 0
 0.443492 0.261883 0.143347 0.151278 0
 0.227955 0.32914 0.350689 0.0885471 0.00366901
 0.970185 0.0296113 0.000203453 0 0
 0.997202 0.00247181 0.000326279 0 0
 0.445219 0.490057 0.0546422 0.010081 0
 0.90214 0.0892962 0.00764917 0.000914606 0
 0 0 0 0 0
 0.581667 0.319106 0.0959925 0.00289975 0.000334073
 0.762889 0.0836404 0.116647 0.0363945 0.000428098
 0.88444 0.0763242 0.0277011 0.0115352 0
 0.521256 0.241999 0.230069 0.00667565 0
 0.616807 0.101726 0.260614 0.0208532 0
 0.833518 0.0704572 0.0857862 0.0102388 0
ppred_PELACES
 0.503566 0.112038 0.362559 0.0218357 7.17972e-07
 0.47354 0.266148 0.0587701 0.190093 0.0114487
 0.621498 0.180343 0.100216 0.0221132 0.0758307
 0.778293 0.138471 0.0396757 0.0220301 0.0215298
 0.698884 0.235121 0.0412335 0.0118032 0.0129581
 0.79223 0.145528 0.048605 0.00852008 0.0051163
 0.54185 0.364102 0.0658929 0.0219874 0.00616836
 0.511112 0.267377 0.176089 0.0318247 0.0135976
 0.603834 0.203199 0.105555 0.0694873 0.0179239
 0.75746 0.147477 0.0487859 0.0253152 0.0209625
 0.847709 0.115836 0.0221766 0.00732791 0.00695073
 0.78157 0.185421 0.0251102 0.00480477 0.00309352
 0.732375 0.210131 0.0488151 0.00660176 0.0020764
 0.688386 0.229648 0.0643775 0.0149337 0.00265465
 0.781382 0.151946 0.0491607 0.0137539 0.00375725
 0.948274 0.0406119 0.00772815 0.00249687 0.000889325
 0.436352 0.534958 0.0225314 0.00428291 0.0018765
 0.916692 0.0365922 0.0443396 0.00186611 0.000510117
 0.650471 0.320769 0.0126384 0.0153016 0.000819999
 0.656593 0.224658 0.108987 0.00428961 0.00547157
 0.781209 0.144372 0.0487005 0.0236042 0.00211394
 0.784801 0.168577 0.0307726 0.0103723 0.00547725
 0.369573 0.496173 0.105188 0.0191848 0.00988077
 0.781079 0.0813387 0.108296 0.0229462 0.00634033
 0.675889 0.253593 0.0262089 0.034878 0.00943185
 0.490255 0.345353 0.128638 0.0132886 0.0224657
 0.774712 0.110823 0.0775604 0.0288781 0.00802631
 0.733636 0.206707 0.0293535 0.0205335 0.0097699
 0.398548 0.442008 0.123746 0.0175654 0.0181334
 0.479939 0.208117 0.229274 0.0641612 0.0185091
 0.858406 0.0682802 0.0293488 0.0323142 0.0116513
pobs_pel_tallas
 0 0 0 0 0 0 0 0 0 0 0 0 0 0 0 0 0 0 0 0 0 0 0 0 0 0
 0 0 0 0 0 0 0 0 0 0 0 0 0 0 0 0 0 0 0 0 0 0 0 0 0 0
 0 0 0 0 0 0 0 0 0 0 0 0 0 0 0 0 0 0 0 0 0 0 0 0 0 0
 0 0 0 0 0 0 0 0 0 0 0 0 0 0 0 0 0 0 0 0 0 0 0 0 0 0
 0 0 0 0 0 0 0 0 0 0 0 0 0 0 0 0 0 0 0 0 0 0 0 0 0 0
 0 0 0 0 0 0 0 0 0 0 0 0 0 0 0 0 0 0 0 0 0 0 0 0 0 0
 0 0 0 0 0 0 0 0 0 0 0 0 0 0 0 0 0 0 0 0 0 0 0 0 0 0
 0 0 0 0 0 0 0 0 0 0 0 0 0 0 0 0 0 0 0 0 0 0 0 0 0 0
 0 0 0 0 0 0 0 0 0 0 0 0 0 0 0 0 0 0 0 0 0 0 0 0 0 0
 0 0 0 0 0 0 0 0 0 0 0 0 0 0 0 0 0 0 0 0 0 0 0 0 0 0
 0 0 0 0 0 0 0 0 0 0 0 0 0 0 0 0 0 0 0 0 0 0 0 0 0 0
 0 0 0 0 0 0 0 0 0 0 0 0 0 0 0 0 0 0 0 0 0 0 0 0 0 0
 0.00862536 0 0 0.000197151 0.00414017 0.0128641 0.00837892 0.0270097 0.101434 0.158115 0.152841 0.127902 0.109271 0.109419 0.0830992 0.0579132 0.0238553 0.00714673 0.00463305 0.00128148 0.00103504 0.000492878 0.000147863 0.000147863 4.92878e-05 0
 0 0 0 0 0 0 0 0 0 0 0 0 0 0 0 0 0 0 0 0 0 0 0 0 0 0
 0 0 0 0 0 0 0 0.0054083 0.00873648 0.0413646 0.0450493 0.0745869 0.0622846 0.0627006 0.0613931 0.0827291 0.12552 0.122667 0.0946155 0.0697135 0.0546179 0.0294188 0.0215738 0.0213955 0.0102223 0.00600262
 0 0 0 0 0.00359764 0.0251062 0.0480494 0.140153 0.205849 0.193036 0.1447 0.116669 0.0760912 0.0342217 0.00950174 0.001854 0.000860785 0 0 0 0.000165536 0 0.000143464 0 0 0
 0 0 0 0 0 0 0 0.000145254 0.000435761 0.0275982 0.070085 0.0708112 0.156366 0.174668 0.174014 0.160142 0.0824315 0.0480064 0.0283245 0.00493863 0.00203355 0 0 0 0 0
 0 0 0 0 0 0 0 0 0 0 0 0 0 0 0 0 0 0 0 0 0 0 0 0 0 0
 0 0 1.00437e-05 0.000401748 0.00122533 0.00171747 0.00176769 0.0269171 0.070346 0.194647 0.189555 0.159765 0.064822 0.0314167 0.0384472 0.0292271 0.0345202 0.0313363 0.0194345 0.0106764 0.0143323 0.0359363 0.0279516 0.0138201 0.00172751 0
 0 0.0021121 0.0136068 0.0755702 0.200478 0.177729 0.0527432 0.0373336 0.0318909 0.0142505 0.0149659 0.0166563 0.0217959 0.0798694 0.0677717 0.0528807 0.04013 0.0224614 0.0357745 0.0225083 0.00881397 0.00855152 0.00135912 0.000746735 0 0
 0 0 0 0 5.4009e-05 0.00500934 0.000945158 0.0243581 0.138947 0.33067 0.221406 0.137944 0.0707744 0.0437923 0.0131692 0.00525238 0.0047753 0.00276346 9.45158e-05 9.00151e-06 2.25038e-05 9.00151e-06 4.50075e-06 0 0 0
 0.000866109 0.00284123 0.00948549 0.0512746 0.133035 0.25785 0.225252 0.132002 0.0553304 0.0519788 0.0540692 0.017754 0.00435017 0.00159236 0.00146478 0.000404838 0.000125132 0.000115318 0.000107957 0.000100596 0 0 0 0 0 0
 0 0 0 0 0.00144013 0.00171154 0.00461396 0.0210425 0.0478622 0.0707936 0.0888783 0.103762 0.0637923 0.0337046 0.0602308 0.124433 0.169614 0.0934646 0.0462172 0.0250306 0.0313229 0.00938855 0.002487 0.000210481 0 0
 0 0.00764035 0.051015 0.0998891 0.058973 0.0496711 0.0374665 0.0718981 0.12319 0.153886 0.159021 0.0857701 0.0377988 0.023471 0.0147837 0.00900784 0.00315554 0.000888139 0.00291439 0.00214683 0.00393193 0.00274676 0.000635225 9.99891e-05 0 0
 0 0 0 0 0 0 0 0 0 0 0 0 0 0 0 0 0 0 0 0 0 0 0 0 0 0
 0 0 0 0 0 0 0 0 0 0 0 0 0 0 0 0 0 0 0 0 0 0 0 0 0 0
 0 0 0 0 0 0 0 0 0 0 0 0 0 0 0 0 0 0 0 0 0 0 0 0 0 0
 0 0 0 0 0 0 0 0 0 0 0 0 0 0 0 0 0 0 0 0 0 0 0 0 0 0
 0 0 0 0 0 0 0 0 0 0 0 0 0 0 0 0 0 0 0 0 0 0 0 0 0 0
 0 0 0 0 0 0 0 0 0 0 0 0 0 0 0 0 0 0 0 0 0 0 0 0 0 0
 0 0 0 0 0 0 0 0 0 0 0 0 0 0 0 0 0 0 0 0 0 0 0 0 0 0
ppred_pel_tallas
 1.12682e-16 4.14781e-05 0.000403182 0.00267929 0.0121797 0.0378955 0.0807408 0.117846 0.117857 0.0807964 0.0380839 0.0127309 0.00408892 0.00356617 0.00629929 0.0110007 0.0173578 0.0249738 0.0333522 0.0420746 0.0507122 0.0584686 0.0639759 0.0656478 0.0624841 0.0547439
 1.22766e-16 3.90049e-05 0.000379142 0.00251953 0.0114534 0.035636 0.0759273 0.110823 0.110849 0.0760531 0.036059 0.0126766 0.00559575 0.00711483 0.0128943 0.0214312 0.031312 0.0403871 0.0465788 0.0491533 0.0492333 0.0489944 0.0501301 0.0527658 0.0555219 0.0564713
 1.17989e-16 5.1192e-05 0.000497604 0.00330676 0.015032 0.0467704 0.0996499 0.145446 0.145463 0.0997355 0.0470584 0.0158658 0.00540651 0.00510463 0.00887027 0.0147692 0.0217173 0.0282782 0.0330469 0.0354596 0.0361295 0.0363452 0.0371249 0.0385797 0.0399799 0.040312
 1.07034e-16 6.4107e-05 0.000623143 0.004141 0.0188244 0.0585698 0.12479 0.182137 0.18215 0.124855 0.0587896 0.0194599 0.00573843 0.00411767 0.00672295 0.0110726 0.0160893 0.0205508 0.0232701 0.0237386 0.0224319 0.0204594 0.0188379 0.0179554 0.0175491 0.0170618
 1.04627e-16 5.75662e-05 0.000559564 0.0037185 0.0169038 0.052594 0.112058 0.163557 0.163579 0.112169 0.0529662 0.0179789 0.00641793 0.00645524 0.011263 0.0185516 0.026774 0.03379 0.0374612 0.0368147 0.0326186 0.0268432 0.0214537 0.0174757 0.014877 0.0130629
 1.03161e-16 6.5255e-05 0.000634302 0.00421516 0.0191615 0.0596186 0.127024 0.185399 0.185413 0.127093 0.0598497 0.0198295 0.00589415 0.00430685 0.00706154 0.011627 0.0168742 0.021495 0.0241953 0.0243706 0.0224367 0.0194918 0.0165968 0.014254 0.0123922 0.010701
 1.05244e-16 4.46315e-05 0.000433834 0.00288298 0.0131056 0.0407767 0.0868804 0.126812 0.126847 0.087052 0.041353 0.0147706 0.00706355 0.00956447 0.0173986 0.0287276 0.041462 0.052317 0.0579707 0.0568926 0.0502391 0.0410257 0.0322734 0.0255806 0.0209542 0.0175722
 1.10643e-16 4.20997e-05 0.000409224 0.00271944 0.0123622 0.0384635 0.0819515 0.119616 0.119642 0.0820787 0.038891 0.0135998 0.00583686 0.00725064 0.0131411 0.0219354 0.0322432 0.0419058 0.048715 0.0516102 0.0511884 0.0490397 0.046499 0.0438795 0.040673 0.0363066
 1.131e-16 4.97371e-05 0.000483462 0.00321278 0.0146048 0.0454412 0.0968179 0.141313 0.141332 0.0969144 0.0457655 0.0155436 0.0055765 0.00566806 0.00996955 0.0165983 0.0243731 0.0316558 0.0368229 0.0391793 0.0393382 0.0386674 0.0382519 0.0382218 0.0378747 0.0363239
 1.07532e-16 6.2391e-05 0.000606463 0.00403016 0.0183205 0.057002 0.121449 0.177262 0.177276 0.121519 0.0572364 0.0189981 0.00573387 0.00433512 0.0071721 0.0118342 0.0172248 0.0220592 0.0250831 0.0257548 0.0245637 0.022655 0.0210639 0.0201612 0.0196486 0.018948
 1.02581e-16 6.98247e-05 0.000678721 0.00451034 0.0205034 0.0637936 0.135919 0.198381 0.198392 0.135974 0.063977 0.0210333 0.00584108 0.00358573 0.00559673 0.00915805 0.0132245 0.0167145 0.0185787 0.0183421 0.0163826 0.0136629 0.0111348 0.0092826 0.0080706 0.00719287
 1.01778e-16 6.4377e-05 0.000625767 0.00415844 0.0189037 0.0588165 0.125315 0.182905 0.182923 0.125403 0.0591097 0.0197504 0.00628381 0.00526515 0.00887448 0.0145669 0.020972 0.0263599 0.0290122 0.0281349 0.0243262 0.0191638 0.0142581 0.0105081 0.00798783 0.00631141
 1.02476e-16 6.03248e-05 0.000586379 0.0038967 0.0177138 0.0551144 0.117428 0.171394 0.171414 0.117527 0.0554473 0.0186757 0.00631259 0.00586491 0.0100987 0.0166345 0.0240374 0.030394 0.0337869 0.0333174 0.0296137 0.024359 0.0192408 0.015157 0.0121385 0.00978807
 1.03864e-16 5.67015e-05 0.000551159 0.00366265 0.0166499 0.051804 0.110375 0.1611 0.161122 0.110483 0.0521683 0.0177026 0.00630759 0.00633346 0.0110629 0.0182638 0.0264546 0.0335819 0.0375823 0.0374916 0.0339839 0.0288445 0.0238253 0.0197991 0.0167102 0.0140836
 1.03473e-16 6.43614e-05 0.000625616 0.00415744 0.0188991 0.0588022 0.125285 0.18286 0.182875 0.125357 0.0590435 0.0195965 0.00591027 0.00445962 0.00736809 0.0121375 0.0176158 0.0224419 0.0252692 0.0254728 0.0234947 0.020487 0.0175555 0.0152119 0.0133598 0.0116505
 1.00635e-16 7.81081e-05 0.000759238 0.0050454 0.0229357 0.0713614 0.152043 0.221912 0.221916 0.152062 0.0714257 0.0231214 0.00551185 0.0017781 0.0020149 0.00321213 0.00463079 0.00584702 0.00648684 0.00637991 0.00565487 0.00464656 0.0036893 0.00295833 0.00245175 0.00207648
 1.01535e-16 3.59418e-05 0.000349367 0.00232167 0.010554 0.0328377 0.0699661 0.102128 0.10218 0.0702176 0.0336818 0.012991 0.00843452 0.0136796 0.0253106 0.041677 0.0597759 0.0746266 0.0811766 0.0770964 0.0641957 0.0472637 0.031301 0.0192671 0.0116252 0.00730651
 1.01563e-16 7.55067e-05 0.000733952 0.00487737 0.0221718 0.0689848 0.146979 0.214522 0.214525 0.146997 0.0690439 0.0223434 0.00531091 0.00168997 0.00191916 0.00312603 0.0046646 0.00621556 0.00749529 0.00835156 0.00881108 0.00898695 0.0089347 0.00859676 0.0078778 0.00676557
 1.02121e-16 5.35785e-05 0.000520802 0.00346092 0.0157328 0.0489509 0.104296 0.15223 0.152261 0.104447 0.0494571 0.0171943 0.00712713 0.00851647 0.0152163 0.0250127 0.0358918 0.0448563 0.0488968 0.0466425 0.0392007 0.0294478 0.0203555 0.013634 0.00946956 0.00712833
 1.04559e-16 5.40828e-05 0.000525704 0.00349349 0.0158809 0.0494115 0.105277 0.15366 0.153681 0.105384 0.0497692 0.0169157 0.00609655 0.0062269 0.0109362 0.0181359 0.0264482 0.0339383 0.0386407 0.0396002 0.0373584 0.0334349 0.0292662 0.0254852 0.0219754 0.0184044
 1.04168e-16 6.43472e-05 0.000625478 0.00415652 0.0188949 0.0587893 0.125257 0.18282 0.182833 0.125325 0.0590186 0.0195581 0.00582359 0.00427314 0.00701695 0.0115648 0.0168104 0.021474 0.0242959 0.0247016 0.02312 0.0206337 0.0182535 0.0164003 0.0149074 0.0133818
 1.02899e-16 6.4643e-05 0.000628353 0.00417563 0.0189818 0.0590595 0.125833 0.183661 0.183677 0.125913 0.0593264 0.0197527 0.00611146 0.00485656 0.00810155 0.0133093 0.0192096 0.0242501 0.0268953 0.0264427 0.023434 0.0192689 0.0153436 0.0123877 0.0103852 0.0089314
 1.06759e-16 3.04414e-05 0.000295901 0.00196637 0.00893886 0.0278124 0.0592589 0.0865002 0.0865481 0.0594929 0.0285981 0.0112092 0.00766792 0.0127514 0.0237121 0.0392216 0.0566579 0.0715843 0.0794808 0.0782436 0.0693981 0.0569785 0.0450272 0.0356875 0.0289998 0.023938
 1.06521e-16 6.43365e-05 0.000625373 0.00415583 0.0188918 0.0587794 0.125236 0.182787 0.182795 0.125275 0.0589113 0.0192748 0.00512503 0.00276662 0.00420581 0.00704729 0.0106048 0.0142991 0.0175641 0.0201141 0.0220292 0.0235228 0.0246059 0.0249739 0.0242138 0.022131
 1.05916e-16 5.56721e-05 0.000541153 0.00359615 0.0163476 0.0508636 0.108371 0.158176 0.1582 0.108491 0.0512645 0.0175056 0.00650295 0.00688687 0.0121084 0.0199344 0.0287282 0.0361781 0.0399851 0.0391348 0.0345236 0.0283618 0.022833 0.019042 0.0168646 0.0155039
 1.08936e-16 4.03817e-05 0.000392525 0.00260847 0.0118577 0.036894 0.0786077 0.114737 0.114771 0.0787711 0.0374428 0.0134444 0.00659752 0.00912118 0.016678 0.0276659 0.040219 0.0513503 0.0580198 0.0588027 0.0546691 0.0481768 0.0417731 0.0365782 0.0323741 0.0284073
 1.06521e-16 6.3812e-05 0.000620275 0.00412195 0.0187378 0.0583003 0.124215 0.181298 0.181309 0.124268 0.0584777 0.0192517 0.00541729 0.00346547 0.00551892 0.00915887 0.0135085 0.0176676 0.0207581 0.022379 0.0227988 0.022659 0.0224425 0.0221585 0.0214507 0.0199529
 1.04613e-16 6.04287e-05 0.000587389 0.0039034 0.0177443 0.0552093 0.11763 0.171689 0.171708 0.117727 0.0555363 0.018689 0.006275 0.00576613 0.00990067 0.0162861 0.023491 0.0296253 0.0328145 0.0322205 0.0285474 0.0235598 0.0190051 0.0157741 0.0137908 0.0124594
 1.08515e-16 3.28279e-05 0.000319099 0.00212053 0.00963964 0.0299927 0.0639043 0.0932791 0.0933218 0.064113 0.0306937 0.0116657 0.00721092 0.0114473 0.0212138 0.0351404 0.0509025 0.0646081 0.0722908 0.0721007 0.0653504 0.0554995 0.0459494 0.0384024 0.0327516 0.0280499
 1.16237e-16 3.9532e-05 0.000384265 0.00255358 0.0116082 0.0361175 0.0769529 0.112319 0.11234 0.0770527 0.0364536 0.0125831 0.00501702 0.00581607 0.0105149 0.0177392 0.0265339 0.0354402 0.0429609 0.0483785 0.0520254 0.0546924 0.0567092 0.0575388 0.0561949 0.0520341
 1.06077e-16 7.07057e-05 0.000687285 0.00456725 0.0207621 0.0645985 0.137634 0.200883 0.200889 0.137667 0.0647074 0.0210772 0.00536048 0.0024267 0.00339769 0.00556884 0.00817039 0.0106155 0.0123726 0.013239 0.0134642 0.0135493 0.0138763 0.0144578 0.01497 0.0149882
pSPR Fmed_Fpbrs
0.643122   0.216742 0.216742
Fs Fmed_Fpbrs
0.241671   1.005 1.005
SSBpbr Bo_Bmed_Bpbrs
1.91128e+06  1.13362e+06  318690 318690
Ro
177510
SPR SPRFo_SPRFmed_SPRFpbrs
1.267e+06 814837 274613
Fref
0.7035
Nvult_r0
 218458 18312.8 7898.98 8698.73 3136.47
CTP_r0
 29371.8 3006.76 1312.2 1445.95 521.38
YTP_r0
391297
Np
 245552 52216.5 18474 1445.03 733.456
Nvult_p0
 193335 42611.9 15109 1181.96 599.933
CTP_p0
 68450.6 33554.3 2678.27 1151.29 1649.67
 68450.6 17444.8 6236.76 488.106 247.756
YTP_p0
 1.19006e+06 953028
CBA_c0
1.11895e+06
log_Ro
11.9068
likeval ReclasPelacesDesembMPH_pf_preclas_ppelaces_ptallas_desvR_qrecl_qpela
 13.6862 17.4399 0.0602583 0.000819534 240.275 118.736 98.3874 0 24.2706 8.64885e-07 0 0.307785 0 0 0
q_reclas_q_pelaces
0.876531 1
M
1
N
 196802 44804.8 145215 8746.54 0.287593
 111245 65202.3 14438.6 46709.2 2813.17
 111847 33810.8 18840.5 4157.89 14258.3
 180186 34151.5 9827.17 5457.81 5333.93
 144576 49699.5 8728.56 2498.78 2743.27
 251628 48211.3 16147.9 2831.03 1700.05
 103594 76415.1 13916.5 4645.26 1303.21
 46937.6 24926.4 16432.7 2970.06 1269
 45196.4 16124.6 8409.26 5537.01 1428.26
 60643.1 12742.7 4237.1 2199.25 1821.14
 113317 15765.7 3022 998.638 947.24
 149659 38404.8 5228.52 1000.75 644.332
 124755 38511.4 8990.79 1216.24 382.538
 87271.8 32892.7 9297.13 2157.61 383.551
 87136.7 18420.5 5993.46 1677.32 458.214
 478372 21916 4189.46 1353.89 482.23
 101185 129476 5469.07 1039.75 455.559
 734836 30633.3 37228 1567.05 428.369
 423045 221884 8778.75 10631 569.714
 324997 117540 57235.2 2253.16 2874.02
 481743 92888.3 31423.5 15232.7 1364.22
 644496 146088 26764.4 9023.03 4764.79
 133957 185606 39431.9 7192.66 3704.46
 398721 42690.4 56945.4 12067 3334.3
 335007 129263 13384.7 17813.8 4817.29
 150567 108492 40473.2 4181.3 7068.95
 339676 49968.1 35036.5 13046.4 3626.12
 381305 110031 15650.2 10948.7 5209.43
 110968 125826 35279.3 5008.2 5170.18
 82447.2 36905.8 40744.9 11403.6 3289.71
 318894 26246.1 11307.4 12451.4 4489.55
pred_Ctot
 12472.6 3550.57 11661.3 702.872 0.0231118
 12415.7 9018.09 2022.45 6547.04 394.325
 12202.8 4573.61 2581.12 570.01 1954.76
 29176.5 6787.22 1976.66 1098.5 1073.6
 8617.93 3706.84 659.742 189.002 207.502
 28194 6693.79 2270.59 398.344 239.216
 23445.2 20954.5 3859.03 1288.89 361.604
 1974.67 1316.31 879.588 159.091 67.9768
 6820.04 2992.76 1579.88 1040.93 268.516
 11565 2965.72 997.687 518.164 429.092
 5677.75 990.121 192.354 63.6096 60.3379
 29265 9156.2 1261.07 241.518 155.507
 22953.5 8658.94 2045.36 276.859 87.0823
 24589.9 11100.2 3170.3 736.145 130.866
 17968.3 4621.28 1520.92 425.901 116.352
 81930.1 4598.46 889.568 287.659 102.462
 11506.1 18238.6 780.195 148.426 65.0341
 84596.3 4367.46 5375.09 226.406 61.8928
 66960.3 43135.6 1727.36 2093.17 112.176
 46780.5 20837.9 10272 404.638 516.154
 54348.1 12983.5 4448.17 2157.71 193.249
 90257.3 25216.7 4677.08 1577.8 833.219
 11456.4 19767.6 4254.52 776.591 399.984
 30239.7 4039.18 5459.03 1157.6 319.874
 25610.7 12326.8 1293.22 1722.35 465.784
 9395.89 8467.01 3200.86 330.914 559.467
 25920 4756.43 3379.09 1259.14 349.977
 25048.1 9034 1302.07 911.547 433.734
 6786.32 9625.62 2734.96 388.525 401.106
 7101.68 3958.31 4427.18 1239.92 357.705
 29371.8 3006.76 1312.2 1445.95 521.38
F
 0.1047 0.132407 0.134277 0.134377 0.134383
 0.190955 0.241488 0.244899 0.245081 0.245091
 0.186323 0.235631 0.238959 0.239137 0.239146
 0.287993 0.364205 0.36935 0.369624 0.369639
 0.0982135 0.124204 0.125958 0.126052 0.126057
 0.191771 0.24252 0.245945 0.246128 0.246138
 0.424557 0.536908 0.544492 0.544897 0.544918
 0.0684739 0.0865944 0.0878175 0.0878828 0.0878862
 0.266058 0.336466 0.341218 0.341472 0.341485
 0.347168 0.43904 0.445242 0.445573 0.44559
 0.0820075 0.103709 0.105174 0.105252 0.105257
 0.357403 0.451983 0.458367 0.458708 0.458726
 0.3331 0.42125 0.4272 0.427517 0.427534
 0.555562 0.702582 0.712505 0.713036 0.713063
 0.380263 0.480893 0.487685 0.488048 0.488067
 0.306893 0.388107 0.393589 0.393882 0.393897
 0.194867 0.246435 0.249916 0.250102 0.250112
 0.197491 0.249754 0.253281 0.25347 0.25348
 0.280703 0.354986 0.360001 0.360268 0.360282
 0.25242 0.319218 0.323727 0.323968 0.32398
 0.193199 0.244326 0.247777 0.247961 0.247971
 0.244843 0.309637 0.314011 0.314244 0.314257
 0.143545 0.181532 0.184096 0.184233 0.184241
 0.12641 0.159863 0.162121 0.162241 0.162248
 0.127477 0.161211 0.163488 0.16361 0.163616
 0.103022 0.130285 0.132125 0.132223 0.132229
 0.12723 0.1609 0.163172 0.163294 0.1633
 0.108701 0.137467 0.139408 0.139512 0.139518
 0.100873 0.127567 0.129369 0.129465 0.12947
 0.144639 0.182915 0.185499 0.185637 0.185644
 0.155336 0.196443 0.199217 0.199366 0.199373
YTP_r0W_actual
 243786 42395.3 36216.8 49451.6 19447.5
YTP_p0W_proyectada
 512695 525795 61948.4 33813.5 55808.2
 512695 273360 144256 14335.7 8381.59
CTP_r0_actual
 29371.8 3006.76 1312.2 1445.95 521.38
CTP_p0_proyectada
 68450.6 33554.3 2678.27 1151.29 1649.67
 68450.6 17444.8 6236.76 488.106 247.756
Wmedp
 7.49 15.67 23.13 29.37 33.83
Frms_r0
 0.155336 0.196443 0.199217 0.199366 0.199373
Zrms_r0
 1.15534 1.19644 1.19922 1.19937 1.19937
nmprior
 8.19 8.8 8.5 0
nm_flota  nm_reclas  nm_pelaces    nm_pelaL
inf 12.4781 18.2075 43.4836
cv_recla  cv_pelaces  cv_mph
0.334631 0.473526 0.883464
 ------------------------------------------------
Talla a la edad & desviaci?n 
 8 13.2811 15.8009 17.003 17.5766
 0.8 1.32811 1.58009 1.7003 1.75766
