years
 1991 1992 1993 1994 1995 1996 1997 1998 1999 2000 2001 2002 2003 2004 2005 2006 2007 2008 2009 2010 2011 2012 2013 2014 2015 2016 2017 2018 2019 2020 2021
reclasobs
 0 0 0 0 0 0 0 0 0 252601 567819 844713 477998 351125 339783 2.1784e+06 2.13404e+06 4.81314e+06 1.55562e+06 2.62356e+06 3.21686e+06 3.843e+06 1.13348e+06 3.07943e+06 1.97215e+06 2.03268e+06 2.025e+06 2.42433e+06 2.27542e+06 1.05018e+06 2.36338e+06
reclaspred
 3.21854e+06 1.80282e+06 911977 893024 878793 1.39621e+06 870068 767792 562588 412330 489068 634813 626728 488413 494129 1.31078e+06 1.26988e+06 2.87048e+06 2.3655e+06 1.75789e+06 3.10993e+06 2.5269e+06 2.00301e+06 3.08227e+06 2.31101e+06 2.04025e+06 2.42605e+06 2.58818e+06 2.12314e+06 1.33656e+06 1.92981e+06
pelacesobs
 0 0 0 0 0 0 0 0 0 0 0 0 0 0 0 552880 188675 0 991730 2.46772e+06 1.41603e+06 1.21717e+06 2.29649e+06 1.80582e+06 0 1.4828e+06 1.56532e+06 1.57751e+06 1.42118e+06 867257 1.10002e+06
pelacespred
 1.69268e+06 1.05471e+06 533808 426618 438410 718035 412083 452671 318578 221129 271804 295094 320497 263186 273648 604193 586661 1.52733e+06 1.29996e+06 896827 1.53508e+06 1.35264e+06 1.06981e+06 1.80133e+06 1.30281e+06 1.14644e+06 1.55191e+06 1.63262e+06 1.10357e+06 789627 1.12196e+06
mphobs
 0 0 0 0 0 0 0 0 0 0 0 498337 0 5186 125008 0 168611 109162 213762 579715 649985 157893 87575 83554 0 0 0 0 0 0 0
mphpred
 3.20651e+06 2.14462e+06 1.06793e+06 581921 620736 696075 919124 564034 500837 345599 230313 381908 412977 350019 237102 300471 997462 949307 1.88139e+06 1.42046e+06 1.51387e+06 1.87112e+06 1.77772e+06 1.46304e+06 2.03439e+06 1.67414e+06 1.37531e+06 1.47136e+06 2.06146e+06 1.40618e+06 878334
desembarqueobs
 494567 514787 250237 358949 120608 361735 552515 73892 212993 205616 52469 317467 293654 387597 252695 516296 358380 742168 942051 627588 828172 859565 418607 520667 417249 300574 415391 372974 316634 284311 391294
desembarquepred
 494573 513535 250840 358979 120613 361747 552556 73896.3 213041 205659 52471.5 317532 293704 387631 252689 516257 358402 742070 941848 627453 828235 859578 418615 520689 417248 300574 415389 372958 316627 284317 391297
Reclutas
 199113 111916 111974 181311 145306 253518 104164 47054.7 45285.2 60744 113521 149990 124997 87425.3 87198.9 478876 101224 735993 423447 325187 482582 646037 134064 399522 335538 150610 340085 382899 112257 81110.3 305714
log_desv_Rt
 0.113899 -0.462223 -0.461707 0.0202391 -0.201132 0.35546 -0.534005 -1.32866 -1.36699 -1.07331 -0.447984 -0.169404 -0.351688 -0.70919 -0.711782 0.991467 -0.56264 1.42125 0.868455 0.604427 0.999176 1.29088 -0.281657 0.810294 0.63576 -0.16528 0.649222 0.767797 -0.459179 -0.784164 0.542674
SSB
 3.20651e+06 2.14462e+06 1.06793e+06 581921 620736 696075 919124 564034 500837 345599 230313 381908 412977 350019 237102 300471 997462 949307 1.88139e+06 1.42046e+06 1.51387e+06 1.87112e+06 1.77772e+06 1.46304e+06 2.03439e+06 1.67414e+06 1.37531e+06 1.47136e+06 2.06146e+06 1.40618e+06 878334
BT
 4.32116e+06 2.94007e+06 1.48037e+06 1.28564e+06 1.10623e+06 1.96437e+06 1.44544e+06 1.1087e+06 946193 708326 672096 946600 1.0058e+06 1.01021e+06 884616 1.81166e+06 1.63253e+06 4.17682e+06 3.90324e+06 2.63229e+06 4.21196e+06 3.92207e+06 2.83142e+06 4.63786e+06 3.38919e+06 2.90971e+06 4.00256e+06 4.13881e+06 2.80572e+06 2.09686e+06 2.95857e+06
Ftot
 0.13216 0.240624 0.234785 0.361659 0.123403 0.240458 0.532978 0.0861721 0.335403 0.437607 0.103153 0.449978 0.419911 0.699953 0.478556 0.385368 0.245926 0.248716 0.353984 0.319257 0.244105 0.308774 0.181647 0.159596 0.161026 0.130438 0.160706 0.136724 0.127352 0.183819 0.193505
BD_Bspro_t
 0.979076 0.847967 0.690057 0.600796 0.586757 0.659657 0.650255 0.484327 0.541259 0.498892 0.468125 0.675991 0.562253 0.473459 0.366486 0.424734 0.603484 0.578811 0.674034 0.579393 0.550029 0.598757 0.614504 0.607013 0.709397 0.7173 0.723971 0.758281 0.800709 0.738434 0.674106
BD_Bspro
 2.52475 1.68863 0.840873 0.458195 0.488756 0.548077 0.723702 0.44411 0.39435 0.272118 0.181344 0.300708 0.325171 0.275599 0.18669 0.236586 0.785384 0.747468 1.48137 1.11844 1.192 1.47329 1.39975 1.15197 1.60184 1.31819 1.08289 1.15852 1.62316 1.1072 0.691585
BD_Bo
 1.67093 1.11757 0.556507 0.303243 0.323469 0.362729 0.478961 0.293922 0.260989 0.180094 0.120017 0.199015 0.215205 0.182397 0.123555 0.156577 0.519783 0.494689 0.980402 0.740209 0.788888 0.975051 0.926382 0.762401 1.06013 0.872404 0.716681 0.766733 1.07424 0.732766 0.457705
BD_Brms
 10.3264 6.90662 3.43922 1.87405 1.99904 2.24167 2.95999 1.81644 1.61292 1.11298 0.741709 1.22991 1.32997 1.12722 0.763574 0.96765 3.21227 3.05719 6.0589 4.57451 4.87534 6.02583 5.72506 4.71165 6.55163 5.39147 4.4291 4.73842 6.63881 4.52851 2.82862
Sel_flota
 0.797311 1 1 1 1
 0.797311 1 1 1 1
 0.797311 1 1 1 1
 0.797311 1 1 1 1
 0.797311 1 1 1 1
 0.797311 1 1 1 1
 0.797311 1 1 1 1
 0.797311 1 1 1 1
 0.797311 1 1 1 1
 0.797311 1 1 1 1
 0.797311 1 1 1 1
 0.797311 1 1 1 1
 0.797311 1 1 1 1
 0.797311 1 1 1 1
 0.797311 1 1 1 1
 0.797311 1 1 1 1
 0.797311 1 1 1 1
 0.797311 1 1 1 1
 0.797311 1 1 1 1
 0.797311 1 1 1 1
 0.797311 1 1 1 1
 0.797311 1 1 1 1
 0.797311 1 1 1 1
 0.797311 1 1 1 1
 0.797311 1 1 1 1
 0.797311 1 1 1 1
 0.797311 1 1 1 1
 0.797311 1 1 1 1
 0.797311 1 1 1 1
 0.797311 1 1 1 1
 0.797311 1 1 1 1
Sel_reclas
 1 1 1 1 1
 1 1 1 1 1
 1 1 1 1 1
 1 1 1 1 1
 1 1 1 1 1
 1 1 1 1 1
 1 1 1 1 1
 1 1 1 1 1
 1 1 1 1 1
 1 1 1 1 1
 1 1 1 1 1
 1 1 1 1 1
 1 1 1 1 1
 1 1 1 1 1
 1 1 1 1 1
 1 1 1 1 1
 1 1 1 1 1
 1 1 1 1 1
 1 1 1 1 1
 1 1 1 1 1
 1 1 1 1 1
 1 1 1 1 1
 1 1 1 1 1
 1 1 1 1 1
 1 1 1 1 1
 1 1 1 1 1
 1 1 1 1 1
 1 1 1 1 1
 1 1 1 1 1
 1 1 1 1 1
 1 1 1 1 1
Sel_pelaces
 1 1 1 1 1
 1 1 1 1 1
 1 1 1 1 1
 1 1 1 1 1
 1 1 1 1 1
 1 1 1 1 1
 1 1 1 1 1
 1 1 1 1 1
 1 1 1 1 1
 1 1 1 1 1
 1 1 1 1 1
 1 1 1 1 1
 1 1 1 1 1
 1 1 1 1 1
 1 1 1 1 1
 1 1 1 1 1
 1 1 1 1 1
 1 1 1 1 1
 1 1 1 1 1
 1 1 1 1 1
 1 1 1 1 1
 1 1 1 1 1
 1 1 1 1 1
 1 1 1 1 1
 1 1 1 1 1
 1 1 1 1 1
 1 1 1 1 1
 1 1 1 1 1
 1 1 1 1 1
 1 1 1 1 1
 1 1 1 1 1
pf_obs 
 0.8446 0.082 0.0669 0.0065 0
 0.8095 0.147 0.0364 0.0071 0
 0.9664 0.0169 0.016 0.0007 0
 0.9276 0.0648 0.0075 0.0001 0
 0.7033 0.2144 0.0806 0.0017 0
 0.9318 0.0425 0.0243 0.0014 0
 0.5671 0.3108 0.0964 0.0239 0.0018
 0.0768 0.2599 0.5324 0.112 0.0189
 0.490249 0.384438 0.106611 0.0170017 0.00170017
 0.7925 0.1577 0.0466 0.003 0.0002
 0.840416 0.127587 0.0312969 0.00059994 9.999e-05
 0.8084 0.0986 0.0794 0.0134 0.0002
 0.7335 0.1905 0.0724 0.0035 0.0001
 0.4001 0.4547 0.1325 0.0127 0
 0.49795 0.308269 0.164784 0.0264974 0.00249975
 0.9179 0.0499 0.0305 0.0017 0
 0.2467 0.6533 0.0926 0.0074 0
 0.9418 0.0223 0.034 0.0019 0
 0.707729 0.231977 0.0356964 0.0245975 0
 0.517169 0.277429 0.184464 0.0207286 0.00020938
 0.811772 0.124168 0.05621 0.00726502 0.000585176
 0.764997 0.148141 0.077277 0.00933861 0.000247198
 0.163321 0.427699 0.378323 0.0303852 0.000271297
 0.753843 0.0900009 0.118128 0.0371064 0.000921714
 0.721811 0.176058 0.0630433 0.0369309 0.00215725
 0.143369 0.312575 0.442814 0.0836902 0.0175525
 0.692698 0.0596174 0.167031 0.0765114 0.00414204
 0.394062 0.376323 0.152708 0.0712218 0.00568511
 0.125707 0.32114 0.495352 0.0537591 0.00404204
 0.23352 0.215282 0.420074 0.123614 0.00750983
 0.774587 0.0839891 0.0768558 0.0609784 0.00358967
pf_pred 
 0.444363 0.12454 0.406519 0.0245771 7.9729e-07
 0.410608 0.297477 0.0654295 0.213572 0.0129125
 0.559111 0.208802 0.117139 0.0257645 0.089184
 0.72998 0.167603 0.0485038 0.027211 0.0267021
 0.646165 0.275984 0.0483225 0.0139844 0.0155439
 0.748421 0.175905 0.0590243 0.0103346 0.00631517
 0.47142 0.419407 0.0763342 0.0256136 0.0072252
 0.450982 0.299003 0.198377 0.0361056 0.0155326
 0.539263 0.234984 0.122948 0.0815715 0.0212333
 0.703898 0.17905 0.0596986 0.0312354 0.0261179
 0.81464 0.140673 0.0270215 0.00900946 0.00865552
 0.731991 0.227281 0.0309091 0.00593723 0.0038814
 0.676842 0.25325 0.0592844 0.00806237 0.00256111
 0.62123 0.278226 0.0787938 0.0184452 0.00330529
 0.730761 0.186381 0.0608629 0.0172364 0.00475799
 0.933673 0.0519502 0.00995226 0.00324991 0.00117444
 0.376135 0.591897 0.0250385 0.00479671 0.00213242
 0.895475 0.0457737 0.0557407 0.00235795 0.000652537
 0.589226 0.376755 0.0148979 0.0181418 0.000979817
 0.596431 0.263399 0.128561 0.00508365 0.00652494
 0.735887 0.173896 0.0588824 0.0287397 0.00259508
 0.738751 0.204452 0.0373959 0.0126625 0.00673846
 0.31472 0.538952 0.114515 0.0209457 0.0108666
 0.737059 0.0974405 0.130161 0.0276564 0.00768294
 0.620901 0.296396 0.030648 0.0409398 0.0111153
 0.430776 0.385269 0.143824 0.0148717 0.0252593
 0.729808 0.132628 0.0931078 0.0347579 0.00969845
 0.685083 0.24421 0.0347074 0.0243655 0.0116338
 0.344839 0.481543 0.134636 0.0191347 0.0198469
 0.413891 0.235208 0.257913 0.0721106 0.0208783
 0.820355 0.0853696 0.0378329 0.0414849 0.0149572
pobs_RECLAS
 0 0 0 0 0
 0 0 0 0 0
 0 0 0 0 0
 0 0 0 0 0
 0 0 0 0 0
 0 0 0 0 0
 0 0 0 0 0
 0 0 0 0 0
 0 0 0 0 0
 0 0 0 0 0
 0.991045 0.00858322 0.000360255 1.14367e-05 0
 0.934742 0.0480273 0.0164251 0.00080598 0
 0.827803 0.169806 0.00239088 0 0
 0.941827 0.0461693 0.0120037 0 0
 0.791401 0.0380133 0.147996 0.0225897 0
 0.846168 0.0940531 0.0597789 0 0
 0.134021 0.677848 0.182769 0.00536245 0
 0.80878 0.0450904 0.141981 0.00414843 0
 0.846168 0.0940531 0.0597789 0 0
 0.905697 0.0802665 0.012482 0.00150086 5.37128e-05
 0.989698 0.0102097 9.19794e-05 0 0
 0.975433 0.0193895 0.00387452 0.00125025 5.28907e-05
 0.303575 0.632131 0.0575291 0.00676475 0
 0.966965 0.00978017 0.0227588 0.000495775 0
 0.843318 0.132988 0.00938335 0.0141283 0.000182051
 0.564624 0.303363 0.111486 0.0197234 0.00080311
 0.826376 0.0876187 0.0782897 0.00655872 0.00115652
 0.89761 0.0855135 0.0140674 0.00269457 0.000114338
 0.34875 0.467042 0.161289 0.0227151 0.000203297
 0.318654 0.224769 0.449479 0.00709798 0
 0.937255 0.0296025 0.0250945 0.00804832 0
ppred_RECLAS
 0.501371 0.111762 0.36481 0.0220555 7.15488e-07
 0.467517 0.268755 0.0591119 0.192951 0.0116657
 0.615089 0.182291 0.102266 0.0224933 0.0778607
 0.773626 0.140512 0.0406637 0.0228126 0.022386
 0.696567 0.236672 0.0414392 0.0119924 0.0133298
 0.789438 0.147226 0.0494011 0.0086497 0.00528555
 0.531189 0.371983 0.0677028 0.0227174 0.00640821
 0.507835 0.26804 0.177834 0.0323667 0.0139241
 0.596537 0.205773 0.107664 0.0714313 0.0185938
 0.750713 0.150741 0.0502599 0.0262969 0.0219885
 0.846684 0.116355 0.0223502 0.00745197 0.00715922
 0.775842 0.190094 0.0258518 0.0049658 0.00324633
 0.726171 0.214593 0.0502349 0.00683168 0.00217016
 0.676939 0.237305 0.0672049 0.0157323 0.00281915
 0.774899 0.155827 0.0508854 0.0144108 0.00397799
 0.946826 0.041648 0.00797864 0.00260543 0.00094154
 0.431796 0.539088 0.0228046 0.00436875 0.00194216
 0.915247 0.0371151 0.0451967 0.00191192 0.000529102
 0.644497 0.326061 0.0128933 0.0157007 0.000847978
 0.651101 0.227717 0.111146 0.00439499 0.00564103
 0.778357 0.145933 0.049414 0.0241183 0.00217779
 0.781168 0.171257 0.0313242 0.0106066 0.00564438
 0.366295 0.49839 0.105897 0.0193693 0.0100488
 0.779072 0.0818713 0.109364 0.0232374 0.00645535
 0.673252 0.255465 0.0264157 0.0352862 0.00958034
 0.487561 0.346835 0.129476 0.0133881 0.0227395
 0.772626 0.11161 0.0783527 0.0292497 0.00816151
 0.732292 0.207601 0.0295044 0.0207129 0.00988979
 0.398207 0.442318 0.123669 0.017576 0.0182302
 0.47057 0.212462 0.232971 0.0651371 0.0188593
 0.851829 0.0704129 0.0312046 0.0342168 0.0123367
pobs_PELACES
 0 0 0 0 0
 0 0 0 0 0
 0 0 0 0 0
 0 0 0 0 0
 0 0 0 0 0
 0 0 0 0 0
 0 0 0 0 0
 0 0 0 0 0
 0 0 0 0 0
 0 0 0 0 0
 0 0 0 0 0
 0 0 0 0 0
 0 0 0 0 0
 0 0 0 0 0
 0 0 0 0 0
 0 0 0 0 0
 0.505614 0.472636 0.0217494 0 0
 0 0 0 0 0
 0.443492 0.261883 0.143347 0.151278 0
 0.227955 0.32914 0.350689 0.0885471 0.00366901
 0.970185 0.0296113 0.000203453 0 0
 0.997202 0.00247181 0.000326279 0 0
 0.445219 0.490057 0.0546422 0.010081 0
 0.90214 0.0892962 0.00764917 0.000914606 0
 0 0 0 0 0
 0.581667 0.319106 0.0959925 0.00289975 0.000334073
 0.762889 0.0836404 0.116647 0.0363945 0.000428098
 0.88444 0.0763242 0.0277011 0.0115352 0
 0.521256 0.241999 0.230069 0.00667565 0
 0.616807 0.101726 0.260614 0.0208532 0
 0.833518 0.0704572 0.0857862 0.0102388 0
ppred_PELACES
 0.503581 0.111267 0.363193 0.0219578 7.12317e-07
 0.471526 0.266731 0.0586669 0.191498 0.0115779
 0.6188 0.180533 0.10128 0.0222764 0.0771099
 0.777834 0.1379 0.0399078 0.0223885 0.0219698
 0.698309 0.235313 0.0412013 0.0119235 0.0132533
 0.792099 0.145365 0.0487768 0.00854039 0.00521876
 0.540056 0.364947 0.0664223 0.0222877 0.00628701
 0.509276 0.267255 0.177314 0.032272 0.0138833
 0.601925 0.203026 0.106227 0.0704774 0.0183455
 0.756151 0.147453 0.0491637 0.0257233 0.0215089
 0.847577 0.115677 0.02222 0.00740854 0.00711749
 0.781033 0.185692 0.0252532 0.00485081 0.00317116
 0.73172 0.210244 0.0492169 0.00669323 0.00212618
 0.687091 0.229847 0.0650929 0.0152379 0.00273055
 0.780433 0.151996 0.0496343 0.0140565 0.00388019
 0.948109 0.0406432 0.00778615 0.00254257 0.000918824
 0.435837 0.535255 0.0226424 0.00433768 0.00192835
 0.916529 0.0365538 0.0445133 0.00188301 0.000521101
 0.649903 0.321102 0.0126972 0.015462 0.000835083
 0.655937 0.224561 0.109605 0.00433408 0.00556285
 0.781161 0.144087 0.0487888 0.0238132 0.00215024
 0.784678 0.16851 0.0308217 0.0104364 0.00555385
 0.36912 0.496168 0.105425 0.019283 0.010004
 0.780904 0.0811925 0.108457 0.0230447 0.00640183
 0.675617 0.253616 0.0262245 0.0350308 0.009511
 0.489741 0.345359 0.128925 0.0133312 0.0226427
 0.774509 0.110685 0.0777039 0.0290075 0.00809392
 0.734081 0.206213 0.0293073 0.0205744 0.0098237
 0.40025 0.440816 0.123249 0.0175163 0.0181683
 0.473635 0.211232 0.231623 0.0647601 0.0187502
 0.853455 0.0696401 0.0308621 0.0338412 0.0122013
pobs_pel_tallas
 0 0 0 0 0 0 0 0 0 0 0 0 0 0 0 0 0 0 0 0 0 0 0 0 0 0
 0 0 0 0 0 0 0 0 0 0 0 0 0 0 0 0 0 0 0 0 0 0 0 0 0 0
 0 0 0 0 0 0 0 0 0 0 0 0 0 0 0 0 0 0 0 0 0 0 0 0 0 0
 0 0 0 0 0 0 0 0 0 0 0 0 0 0 0 0 0 0 0 0 0 0 0 0 0 0
 0 0 0 0 0 0 0 0 0 0 0 0 0 0 0 0 0 0 0 0 0 0 0 0 0 0
 0 0 0 0 0 0 0 0 0 0 0 0 0 0 0 0 0 0 0 0 0 0 0 0 0 0
 0 0 0 0 0 0 0 0 0 0 0 0 0 0 0 0 0 0 0 0 0 0 0 0 0 0
 0 0 0 0 0 0 0 0 0 0 0 0 0 0 0 0 0 0 0 0 0 0 0 0 0 0
 0 0 0 0 0 0 0 0 0 0 0 0 0 0 0 0 0 0 0 0 0 0 0 0 0 0
 0 0 0 0 0 0 0 0 0 0 0 0 0 0 0 0 0 0 0 0 0 0 0 0 0 0
 0 0 0 0 0 0 0 0 0 0 0 0 0 0 0 0 0 0 0 0 0 0 0 0 0 0
 0 0 0 0 0 0 0 0 0 0 0 0 0 0 0 0 0 0 0 0 0 0 0 0 0 0
 0.00862536 0 0 0.000197151 0.00414017 0.0128641 0.00837892 0.0270097 0.101434 0.158115 0.152841 0.127902 0.109271 0.109419 0.0830992 0.0579132 0.0238553 0.00714673 0.00463305 0.00128148 0.00103504 0.000492878 0.000147863 0.000147863 4.92878e-05 0
 0 0 0 0 0 0 0 0 0 0 0 0 0 0 0 0 0 0 0 0 0 0 0 0 0 0
 0 0 0 0 0 0 0 0.0054083 0.00873648 0.0413646 0.0450493 0.0745869 0.0622846 0.0627006 0.0613931 0.0827291 0.12552 0.122667 0.0946155 0.0697135 0.0546179 0.0294188 0.0215738 0.0213955 0.0102223 0.00600262
 0 0 0 0 0.00359764 0.0251062 0.0480494 0.140153 0.205849 0.193036 0.1447 0.116669 0.0760912 0.0342217 0.00950174 0.001854 0.000860785 0 0 0 0.000165536 0 0.000143464 0 0 0
 0 0 0 0 0 0 0 0.000145254 0.000435761 0.0275982 0.070085 0.0708112 0.156366 0.174668 0.174014 0.160142 0.0824315 0.0480064 0.0283245 0.00493863 0.00203355 0 0 0 0 0
 0 0 0 0 0 0 0 0 0 0 0 0 0 0 0 0 0 0 0 0 0 0 0 0 0 0
 0 0 1.00437e-05 0.000401748 0.00122533 0.00171747 0.00176769 0.0269171 0.070346 0.194647 0.189555 0.159765 0.064822 0.0314167 0.0384472 0.0292271 0.0345202 0.0313363 0.0194345 0.0106764 0.0143323 0.0359363 0.0279516 0.0138201 0.00172751 0
 0 0.0021121 0.0136068 0.0755702 0.200478 0.177729 0.0527432 0.0373336 0.0318909 0.0142505 0.0149659 0.0166563 0.0217959 0.0798694 0.0677717 0.0528807 0.04013 0.0224614 0.0357745 0.0225083 0.00881397 0.00855152 0.00135912 0.000746735 0 0
 0 0 0 0 5.4009e-05 0.00500934 0.000945158 0.0243581 0.138947 0.33067 0.221406 0.137944 0.0707744 0.0437923 0.0131692 0.00525238 0.0047753 0.00276346 9.45158e-05 9.00151e-06 2.25038e-05 9.00151e-06 4.50075e-06 0 0 0
 0.000866109 0.00284123 0.00948549 0.0512746 0.133035 0.25785 0.225252 0.132002 0.0553304 0.0519788 0.0540692 0.017754 0.00435017 0.00159236 0.00146478 0.000404838 0.000125132 0.000115318 0.000107957 0.000100596 0 0 0 0 0 0
 0 0 0 0 0.00144013 0.00171154 0.00461396 0.0210425 0.0478622 0.0707936 0.0888783 0.103762 0.0637923 0.0337046 0.0602308 0.124433 0.169614 0.0934646 0.0462172 0.0250306 0.0313229 0.00938855 0.002487 0.000210481 0 0
 0 0.00764035 0.051015 0.0998891 0.058973 0.0496711 0.0374665 0.0718981 0.12319 0.153886 0.159021 0.0857701 0.0377988 0.023471 0.0147837 0.00900784 0.00315554 0.000888139 0.00291439 0.00214683 0.00393193 0.00274676 0.000635225 9.99891e-05 0 0
 0 0 0 0 0 0 0 0 0 0 0 0 0 0 0 0 0 0 0 0 0 0 0 0 0 0
 0 0 0 0 0 0 0 0 0 0 0 0 0 0 0 0 0 0 0 0 0 0 0 0 0 0
 0 0 0 0 0 0 0 0 0 0 0 0 0 0 0 0 0 0 0 0 0 0 0 0 0 0
 0 0 0 0 0 0 0 0 0 0 0 0 0 0 0 0 0 0 0 0 0 0 0 0 0 0
 0 0 0 0 0 0 0 0 0 0 0 0 0 0 0 0 0 0 0 0 0 0 0 0 0 0
 0 0 0 0 0 0 0 0 0 0 0 0 0 0 0 0 0 0 0 0 0 0 0 0 0 0
 0 0 0 0 0 0 0 0 0 0 0 0 0 0 0 0 0 0 0 0 0 0 0 0 0 0
ppred_pel_tallas
 1.12712e-16 4.14793e-05 0.000403194 0.00267937 0.01218 0.0378966 0.0807431 0.117849 0.117861 0.0807984 0.0380839 0.0127278 0.00408044 0.00354769 0.00626474 0.010945 0.0172811 0.0248846 0.0332676 0.0420153 0.050695 0.0585 0.0640505 0.0657514 0.0625989 0.0548541
 1.22926e-16 3.8839e-05 0.000377529 0.00250881 0.0114047 0.0354844 0.0756043 0.110352 0.110378 0.0757305 0.0359084 0.0126306 0.00559179 0.00712804 0.0129226 0.0214788 0.0313827 0.0404808 0.0466928 0.0492853 0.0493862 0.0491772 0.0503543 0.0530391 0.0558413 0.0568209
 1.18253e-16 5.09698e-05 0.000495444 0.0032924 0.0149668 0.0465673 0.0992173 0.144814 0.144832 0.0993031 0.0468557 0.0158016 0.00539479 0.00510856 0.0088826 0.0147926 0.0217574 0.0283427 0.0331454 0.0356044 0.0363346 0.0366231 0.0374826 0.0390143 0.0404763 0.040844
 1.07151e-16 6.40692e-05 0.000622775 0.00413856 0.0188133 0.0585353 0.124716 0.18203 0.182043 0.124781 0.0587542 0.0194463 0.00572961 0.0041035 0.00669709 0.011031 0.0160319 0.0204846 0.023209 0.0237009 0.0224349 0.0205151 0.01895 0.01812 0.0177551 0.0172933
 1.04688e-16 5.75188e-05 0.000559103 0.00371544 0.0168899 0.0525508 0.111966 0.163422 0.163445 0.112077 0.0529232 0.0179658 0.00641707 0.0064596 0.0112721 0.0185669 0.0267964 0.033819 0.0374954 0.0368526 0.0326603 0.0268914 0.0215128 0.0175497 0.0149677 0.013168
 1.03185e-16 6.52442e-05 0.000634196 0.00421446 0.0191583 0.0596087 0.127003 0.185368 0.185382 0.127072 0.0598396 0.0198256 0.00589166 0.00430289 0.00705437 0.0116156 0.0168588 0.0214777 0.0241805 0.0243634 0.0224417 0.0195114 0.0166307 0.0142993 0.0124447 0.0107561
 1.0531e-16 4.44837e-05 0.000432398 0.00287344 0.0130622 0.0406417 0.0865927 0.126392 0.126427 0.0867647 0.0412194 0.0147311 0.00706387 0.00958472 0.01744 0.0287973 0.0415648 0.0524515 0.0581288 0.0570637 0.0504148 0.0412032 0.0324534 0.0257641 0.0211383 0.0177502
 1.10772e-16 4.19484e-05 0.000407754 0.00270967 0.0123178 0.0383253 0.0816571 0.119186 0.119212 0.0817842 0.0387527 0.013555 0.0058262 0.00724757 0.013139 0.0219349 0.032249 0.041927 0.0487649 0.0517044 0.0513407 0.049257 0.0467779 0.0442053 0.0410227 0.0366534
 1.1329e-16 4.95798e-05 0.000481933 0.00320262 0.0145586 0.0452974 0.0965117 0.140866 0.140886 0.0966081 0.0456216 0.0154967 0.00556471 0.00566325 0.00996397 0.0165916 0.0243688 0.0316623 0.0368538 0.0392518 0.0394705 0.0388731 0.0385361 0.0385779 0.0382841 0.0367583
 1.07677e-16 6.22832e-05 0.000605414 0.00402319 0.0182889 0.0569035 0.121239 0.176956 0.17697 0.121309 0.0571378 0.0189664 0.00572684 0.00433408 0.00717249 0.0118362 0.0172309 0.0220738 0.0251131 0.0258094 0.0246531 0.0227883 0.0212464 0.0203921 0.0199192 0.0192427
 1.02619e-16 6.98139e-05 0.000678616 0.00450964 0.0205002 0.0637837 0.135898 0.19835 0.198361 0.135953 0.0639669 0.0210294 0.0058386 0.00358176 0.00558948 0.00914635 0.0132083 0.0166957 0.018561 0.0183306 0.0163824 0.0136774 0.0111657 0.00932942 0.00813073 0.00726209
 1.018e-16 6.43327e-05 0.000625336 0.00415558 0.0188907 0.058776 0.125229 0.182779 0.182797 0.125317 0.0590696 0.0197387 0.00628411 0.00527164 0.00888767 0.014589 0.0210045 0.0264021 0.0290612 0.0281871 0.0243787 0.0192156 0.0143099 0.0105607 0.0080411 0.00636401
 1.02506e-16 6.02709e-05 0.000585854 0.00389321 0.017698 0.0550651 0.117323 0.17124 0.17126 0.117422 0.0553982 0.0186604 0.00631054 0.00586762 0.0101051 0.016646 0.0240558 0.0304211 0.0338242 0.0333664 0.0296754 0.0244336 0.0193268 0.0152503 0.0122333 0.00987783
 1.03928e-16 5.65949e-05 0.000550122 0.00365576 0.0166186 0.0517066 0.110167 0.160797 0.160819 0.110276 0.0520712 0.0176722 0.00630326 0.00633822 0.0110744 0.0182845 0.0264879 0.0336315 0.0376515 0.0375836 0.034102 0.02899 0.0239962 0.0199883 0.0169061 0.0142727
 1.03538e-16 6.42833e-05 0.000624856 0.00415239 0.0188762 0.0587309 0.125133 0.182638 0.182653 0.125205 0.0589722 0.0195739 0.00590599 0.00446068 0.00737189 0.0121451 0.0176294 0.0224649 0.0253058 0.0255281 0.0235736 0.0205926 0.0176877 0.0153659 0.0135267 0.0118185
 1.00646e-16 7.80945e-05 0.000759106 0.00504453 0.0229317 0.0713491 0.152017 0.221874 0.221878 0.152036 0.0714134 0.0231176 0.00551136 0.00177883 0.00201657 0.00321505 0.00463534 0.00585351 0.00649549 0.00639097 0.00566872 0.00466362 0.0037098 0.00298199 0.00247765 0.00210312
 1.01552e-16 3.58994e-05 0.000348955 0.00231893 0.0105416 0.032799 0.0698836 0.102008 0.102059 0.0701352 0.0336436 0.0129799 0.00843522 0.0136867 0.025325 0.0417009 0.0598109 0.0746715 0.081228 0.0771497 0.0642472 0.0473122 0.0313471 0.0193122 0.0116698 0.00734991
 1.01572e-16 7.54933e-05 0.000733821 0.0048765 0.0221679 0.0689725 0.146953 0.214483 0.214487 0.146971 0.0690316 0.0223393 0.00530967 0.00168907 0.00191782 0.00312419 0.00466276 0.00621494 0.0074978 0.00835933 0.00882576 0.00900899 0.00896299 0.00862881 0.00791045 0.00679581
 1.02141e-16 5.35318e-05 0.000520348 0.0034579 0.0157191 0.0489081 0.104205 0.152097 0.152128 0.104356 0.0494149 0.0171821 0.00712795 0.00852442 0.0152323 0.0250393 0.0359304 0.0449057 0.0489529 0.0467002 0.039256 0.0294998 0.0204054 0.013684 0.00952046 0.00717927
 1.04597e-16 5.40287e-05 0.000525178 0.00348999 0.015865 0.0493621 0.105172 0.153506 0.153528 0.105278 0.0497197 0.0168994 0.00609218 0.00622462 0.0109333 0.0181324 0.0264461 0.0339418 0.038656 0.0396343 0.0374169 0.0335194 0.0293733 0.0256068 0.0221007 0.0185229
 1.04197e-16 6.43432e-05 0.000625439 0.00415626 0.0188938 0.0587856 0.125249 0.182808 0.182822 0.125318 0.0590145 0.0195556 0.00582013 0.00426617 0.00700393 0.0115437 0.016781 0.0214393 0.0242621 0.0246767 0.0231112 0.0206454 0.0182861 0.0164507 0.0149702 0.0134506
 1.0292e-16 6.46329e-05 0.000628255 0.00417498 0.0189789 0.0590503 0.125814 0.183632 0.183648 0.125893 0.0593171 0.0197495 0.00611007 0.00485487 0.00809858 0.0133046 0.0192033 0.0242433 0.0268898 0.0264413 0.0234392 0.0192825 0.0153664 0.012419 0.0104232 0.00897346
 1.06796e-16 3.0404e-05 0.000295538 0.00196396 0.0089279 0.0277783 0.0591863 0.0863941 0.086442 0.0594202 0.028564 0.0111982 0.00766555 0.0127512 0.0237126 0.039223 0.0566613 0.0715916 0.0794945 0.0782668 0.0694339 0.0570289 0.0450923 0.0357652 0.0290858 0.0240264
 1.06546e-16 6.4322e-05 0.000625233 0.00415489 0.0188875 0.0587662 0.125208 0.182746 0.182754 0.125247 0.0588979 0.01927 0.0051225 0.00276304 0.00419944 0.00703723 0.0105913 0.0142845 0.0175524 0.0201103 0.022038 0.0235467 0.0246446 0.0250246 0.0242721 0.0221917
 1.05945e-16 5.56498e-05 0.000540935 0.00359471 0.016341 0.0508431 0.108328 0.158112 0.158137 0.108447 0.0512441 0.0174992 0.0065018 0.00688732 0.0121097 0.0199368 0.028732 0.036184 0.0399937 0.0391473 0.0345417 0.0283874 0.0228678 0.0190866 0.016918 0.0155631
 1.08978e-16 4.03394e-05 0.000392114 0.00260573 0.0118453 0.0368553 0.0785254 0.114617 0.114651 0.0786888 0.0374041 0.0134321 0.00659498 0.00912127 0.0166791 0.0276685 0.0402243 0.0513602 0.0580372 0.0588306 0.0547106 0.0482338 0.0418456 0.036664 0.0324685 0.0285044
 1.0655e-16 6.37953e-05 0.000620113 0.00412087 0.0187329 0.058285 0.124183 0.181251 0.181261 0.124236 0.0584623 0.0192462 0.00541471 0.00346207 0.00551292 0.0091494 0.0134959 0.0176541 0.0207475 0.0223765 0.022809 0.0226847 0.0224839 0.0222132 0.0215143 0.02002
 1.04625e-16 6.04653e-05 0.000587745 0.00390577 0.0177551 0.0552427 0.117701 0.171793 0.171812 0.117798 0.055569 0.0186975 0.00627173 0.00575419 0.0098774 0.0162477 0.0234359 0.0295567 0.0327403 0.0321509 0.0284913 0.023522 0.0189856 0.0157701 0.0137984 0.0124747
 1.08501e-16 3.29681e-05 0.000320462 0.00212958 0.00968081 0.0301208 0.0641772 0.0936774 0.0937199 0.0643853 0.0308199 0.0117014 0.0072062 0.0114185 0.0211564 0.0350448 0.0507634 0.0644304 0.0720899 0.0718973 0.0651621 0.0553356 0.0458111 0.0382871 0.0326568 0.0279747
 1.16406e-16 3.90127e-05 0.000379217 0.00252003 0.0114557 0.0356431 0.0759422 0.110844 0.110865 0.0760435 0.0359842 0.0124451 0.00501993 0.00589111 0.010668 0.0179972 0.0269149 0.035939 0.0435477 0.0490118 0.0526704 0.0553318 0.0573383 0.0581537 0.0567825 0.0525728
 1.06368e-16 7.0298e-05 0.000683322 0.00454091 0.0206423 0.064226 0.136841 0.199724 0.199731 0.136874 0.0643371 0.0209638 0.00535037 0.00245863 0.00346687 0.00568763 0.00835069 0.0108622 0.0126835 0.0136108 0.0138983 0.0140533 0.0144569 0.0151107 0.0156733 0.0157038
pSPR Fmed_Fpbrs
0.643989   0.211812 0.211812
Fs Fmed_Fpbrs
0.237271   1.005 1.005
SSBpbr Bo_Bmed_Bpbrs
1.919e+06  1.13986e+06  310516 310516
Ro
177678
SPR SPRFo_SPRFmed_SPRFpbrs
1.27003e+06 817885 269008
Fref
0.7035
Nvult_r0
 209327 17958.3 7958.52 8726.76 3146.39
CTP_r0
 27979.1 2911.62 1290.33 1414.89 510.129
YTP_r0
391297
Np
 244030 51233.1 17546.7 1422.26 745.037
Nvult_p0
 192797 41906.3 14352.4 1163.34 609.406
CTP_p0
 69281.2 32558.7 2639.06 1169.54 1671.22
 69281.2 17306.2 5927.15 480.429 251.669
YTP_p0
 1.19886e+06 961277
CBA_c0
1.12759e+06
log_Ro
11.9077
likeval ReclasPelacesDesembMPH_pf_preclas_ppelaces_ptallas_desvR_qrecl_qpela
 13.6911 17.4131 0.0602449 0.00278399 241.087 118.744 98.3729 0 24.2268 8.97257e-07 0 0.307837 0 0 0
q_reclas_q_pelaces
0.874391 1
M
1
N
 199113 44983.4 146833 8877.18 0.287978
 111916 65923.8 14499.8 47329.7 2861.53
 111974 33984.3 19065.4 4193.39 14515.5
 181311 34160.5 9885.95 5546.08 5442.36
 145306 49991.8 8753.13 2533.13 2815.63
 253518 48446.1 16255.9 2846.27 1739.26
 104164 76993 14013.1 4702.04 1326.37
 47054.7 25053.7 16622.2 3025.32 1301.49
 45285.2 16161.1 8455.76 5610.08 1460.32
 60744 12750.4 4251.2 2224.31 1859.89
 113521 15764.5 3028.15 1009.64 969.977
 149990 38464.8 5231.01 1004.81 656.883
 124997 38543.9 9022.91 1227.07 389.793
 87425.3 32900.4 9317.43 2181.16 390.853
 87198.9 18406.5 6010.65 1702.22 469.886
 478876 21903.2 4196.07 1370.23 495.168
 101224 129565 5480.88 1049.99 466.781
 735993 30607.8 37272.5 1576.71 436.336
 423447 222053 8780.55 10692.5 577.488
 325187 117471 57336.2 2267.22 2910.01
 482582 92745.1 31404.1 15327.9 1384.05
 646037 146134 26729 9050.61 4816.37
 134064 185800 39478.2 7220.87 3746.18
 399522 42669.7 56998.3 12110.9 3364.4
 335538 129414 13381.8 17875.4 4853.24
 150610 108565 40528 4190.69 7117.81
 340085 49933.6 35054.6 13086.2 3651.42
 382899 110064 15642.5 10981.4 5243.3
 112257 126313 35316.1 5019.17 5205.99
 81110.3 37309.8 40911.4 11438.5 3311.83
 305714 25771 11420.8 12523.3 4515.2
pred_Ctot
 12696.6 3558.44 11615.3 702.234 0.0227807
 12544.7 9088.38 1998.97 6524.95 394.495
 12269.6 4582.13 2570.6 565.398 1957.13
 29391.4 6748.25 1952.92 1095.6 1075.11
 8676.45 3705.81 648.855 187.777 208.718
 28398.7 6674.7 2239.67 392.146 239.628
 23592.4 20989.4 3820.18 1281.85 361.588
 1986.12 1316.81 873.651 159.009 68.4053
 6864.7 2991.3 1565.11 1038.39 270.296
 11634.4 2959.44 986.73 516.276 431.691
 5703.91 984.96 189.198 63.082 60.6039
 29426.4 9136.84 1242.56 238.68 156.034
 23099.9 8643.17 2023.32 275.16 87.4079
 24721.4 11071.8 3135.55 734.014 131.532
 18033.3 4599.41 1501.94 425.351 117.415
 82102 4568.21 875.146 285.779 103.274
 11576.5 18217.1 770.622 147.63 65.6303
 85050.5 4347.5 5294.15 223.954 61.9767
 67348.9 43063.3 1702.84 2073.62 111.994
 47162.4 20828 10165.9 401.986 515.955
 54813.8 12953 4385.96 2140.73 193.3
 90921.4 25162.8 4602.47 1558.43 829.332
 11562 19799.7 4207 769.492 399.212
 30490.6 4030.91 5384.51 1144.09 317.828
 25825 12327.9 1274.74 1702.8 462.316
 9484.01 8482.14 3166.45 327.418 556.113
 26125.6 4747.8 3333.07 1244.26 347.185
 25221.4 8990.61 1277.76 897.017 428.3
 6908.62 9647.4 2697.35 383.35 397.619
 7073.81 4019.94 4407.99 1232.44 356.832
 27979.1 2911.62 1290.33 1414.89 510.129
F
 0.105373 0.13216 0.13216 0.13216 0.13216
 0.191852 0.240624 0.240624 0.240624 0.240624
 0.187197 0.234785 0.234785 0.234785 0.234785
 0.288355 0.361659 0.361659 0.361659 0.361659
 0.0983908 0.123403 0.123403 0.123403 0.123403
 0.19172 0.240458 0.240458 0.240458 0.240458
 0.424949 0.532978 0.532978 0.532978 0.532978
 0.068706 0.0861721 0.0861721 0.0861721 0.0861721
 0.26742 0.335403 0.335403 0.335403 0.335403
 0.348909 0.437607 0.437607 0.437607 0.437607
 0.0822453 0.103153 0.103153 0.103153 0.103153
 0.358772 0.449978 0.449978 0.449978 0.449978
 0.3348 0.419911 0.419911 0.419911 0.419911
 0.55808 0.699953 0.699953 0.699953 0.699953
 0.381558 0.478556 0.478556 0.478556 0.478556
 0.307258 0.385368 0.385368 0.385368 0.385368
 0.19608 0.245926 0.245926 0.245926 0.245926
 0.198304 0.248716 0.248716 0.248716 0.248716
 0.282235 0.353984 0.353984 0.353984 0.353984
 0.254547 0.319257 0.319257 0.319257 0.319257
 0.194628 0.244105 0.244105 0.244105 0.244105
 0.246189 0.308774 0.308774 0.308774 0.308774
 0.144829 0.181647 0.181647 0.181647 0.181647
 0.127248 0.159596 0.159596 0.159596 0.159596
 0.128388 0.161026 0.161026 0.161026 0.161026
 0.104 0.130438 0.130438 0.130438 0.130438
 0.128133 0.160706 0.160706 0.160706 0.160706
 0.109011 0.136724 0.136724 0.136724 0.136724
 0.101539 0.127352 0.127352 0.127352 0.127352
 0.14656 0.183819 0.183819 0.183819 0.183819
 0.154284 0.193505 0.193505 0.193505 0.193505
YTP_r0W_actual
 237822 47459.4 37290.5 49238 19486.9
YTP_p0W_proyectada
 520995 524846 61701.3 34501.5 56821.4
 520995 278976 138577 14172.6 8556.73
CTP_r0_actual
 27979.1 2911.62 1290.33 1414.89 510.129
CTP_p0_proyectada
 69281.2 32558.7 2639.06 1169.54 1671.22
 69281.2 17306.2 5927.15 480.429 251.669
Wmedp
 7.52 16.12 23.38 29.5 34
Frms_r0
 0.154284 0.193505 0.193505 0.193505 0.193505
Zrms_r0
 1.15428 1.19351 1.19351 1.19351 1.19351
nmprior
 8.19 8.8 8.5 0
nm_flota  nm_reclas  nm_pelaces    nm_pelaL
inf 12.422 18.2662 43.6661
cv_recla  cv_pelaces  cv_mph
0.334691 0.473163 1.62832
 ------------------------------------------------
Talla a la edad & desviaci?n 
 8 13.2811 15.8009 17.003 17.5766
 0.8 1.32811 1.58009 1.7003 1.75766
