years
 1991 1992 1993 1994 1995 1996 1997 1998 1999 2000 2001 2002 2003 2004 2005 2006 2007 2008 2009 2010 2011 2012 2013 2014 2015 2016 2017 2018 2019 2020 2021
reclasobs
 0 0 0 0 0 0 0 0 0 252601 567819 844713 477998 351125 339783 2.1784e+06 2.13404e+06 4.81314e+06 1.55562e+06 2.62356e+06 3.21686e+06 3.843e+06 1.13348e+06 3.07943e+06 1.97215e+06 2.03268e+06 2.025e+06 2.42433e+06 2.27542e+06 1.05018e+06 2.36338e+06
reclaspred
 3.37768e+06 1.8837e+06 952584 937028 923361 1.47976e+06 897640 783345 566940 405939 495623 651024 640805 491849 497637 1.41008e+06 1.35544e+06 3.08666e+06 2.54733e+06 1.89292e+06 3.35662e+06 2.71908e+06 2.13863e+06 3.28676e+06 2.45206e+06 2.16878e+06 2.60506e+06 2.78773e+06 2.27248e+06 1.42503e+06 2.04663e+06
pelacesobs
 0 0 0 0 0 0 0 0 0 0 0 0 0 0 0 552880 188675 0 991730 2.46772e+06 1.41603e+06 1.21717e+06 2.29649e+06 1.80582e+06 0 1.4828e+06 1.56532e+06 1.57751e+06 1.42118e+06 867257 1.10002e+06
pelacespred
 1.54071e+06 952863 479975 386055 400004 661203 364434 402528 276485 186140 238144 260075 282216 225986 236315 562495 542997 1.42978e+06 1.21471e+06 835436 1.44426e+06 1.2618e+06 993663 1.67406e+06 1.20209e+06 1.06123e+06 1.4525e+06 1.53213e+06 1.0292e+06 732506 1.05078e+06
mphobs
 0 0 0 0 0 0 0 0 0 0 0 498337 0 5186 125008 0 168611 109162 213762 579715 649985 157893 87575 83554 0 0 0 0 0 0 0
mphpred
 2.9228e+06 1.95513e+06 967552 528381 563437 636863 838908 497046 441479 296225 192718 335516 361227 302859 199205 256513 930926 878637 1.75386e+06 1.32286e+06 1.41277e+06 1.75431e+06 1.65875e+06 1.35646e+06 1.88509e+06 1.54468e+06 1.27206e+06 1.37501e+06 1.9342e+06 1.30783e+06 788894
desembarqueobs
 494567 514787 250237 358949 120608 361735 552515 73892 212993 205616 52469 317467 293654 387597 252695 516296 358380 742168 942051 627588 828172 859565 418607 520667 417249 300574 415391 372974 316634 284311 391294
desembarquepred
 494573 513596 250807 358981 120614 361748 552557 73896.7 213046 205664 52471.7 317533 293702 387619 252684 516245 358401 742058 941811 627434 828230 859565 418613 520689 417246 300571 415386 372954 316624 284316 391295
Reclutas
 192198 107409 107371 171162 136883 239602 97434 43137.7 41486.4 55648.6 104031 141475 118015 82621.6 81074.4 464205 95604.4 701622 410800 314888 464279 616746 127067 376302 315465 143312 324597 363916 105067 77894.6 302264
log_desv_Rt
 0.132671 -0.449217 -0.449566 0.016752 -0.206733 0.353122 -0.546682 -1.36146 -1.40049 -1.1068 -0.481173 -0.173732 -0.355049 -0.711586 -0.730489 1.01447 -0.565639 1.42754 0.89225 0.626359 1.01463 1.2986 -0.281144 0.804535 0.628192 -0.160832 0.656728 0.771067 -0.471263 -0.7705 0.585443
SSB
 2.9228e+06 1.95513e+06 967552 528381 563437 636863 838908 497046 441479 296225 192718 335516 361227 302859 199205 256513 930926 878637 1.75386e+06 1.32286e+06 1.41277e+06 1.75431e+06 1.65875e+06 1.35646e+06 1.88509e+06 1.54468e+06 1.27206e+06 1.37501e+06 1.9342e+06 1.30783e+06 788894
BT
 3.97143e+06 2.70472e+06 1.355e+06 1.19128e+06 1.01786e+06 1.83358e+06 1.3352e+06 993608 849434 627563 594576 865445 917470 924266 798423 1.71437e+06 1.53161e+06 3.95284e+06 3.70656e+06 2.48973e+06 4.0035e+06 3.7123e+06 2.65633e+06 4.34581e+06 3.15807e+06 2.71395e+06 3.77436e+06 3.90816e+06 2.63502e+06 1.96578e+06 2.8015e+06
Ftot
 0.144491 0.263668 0.257591 0.396522 0.135188 0.261721 0.589695 0.0971753 0.38199 0.509424 0.118067 0.505085 0.472768 0.797059 0.548795 0.416267 0.264236 0.267557 0.378299 0.341339 0.260754 0.330303 0.195129 0.172763 0.174397 0.141042 0.172848 0.146597 0.136218 0.197787 0.211803
BD_Bspro_t
 0.977147 0.83554 0.667826 0.575349 0.561443 0.638014 0.62803 0.452897 0.509521 0.460261 0.424245 0.646567 0.528647 0.437081 0.326983 0.387065 0.586052 0.558521 0.657955 0.561764 0.532519 0.582691 0.59764 0.588594 0.693317 0.700777 0.708217 0.745616 0.790231 0.724155 0.654275
BD_Bspro
 2.43284 1.62739 0.805359 0.439807 0.468986 0.530104 0.69828 0.413725 0.367472 0.246568 0.160412 0.279272 0.300673 0.25209 0.165812 0.213513 0.774873 0.731349 1.45986 1.10111 1.17594 1.46023 1.38069 1.12907 1.56909 1.28574 1.05882 1.14451 1.60996 1.0886 0.65665
BD_Bo
 1.5942 1.0664 0.527737 0.288198 0.307318 0.347368 0.45757 0.271106 0.240798 0.161572 0.105115 0.183002 0.197026 0.16519 0.108653 0.139911 0.50776 0.47924 0.956619 0.721535 0.770574 0.956864 0.904739 0.73986 1.0282 0.842525 0.693828 0.749978 1.05498 0.713337 0.430291
BD_Brms
 9.68906 6.48126 3.20743 1.75158 1.86779 2.1112 2.78098 1.6477 1.4635 0.981985 0.638858 1.11223 1.19747 1.00398 0.660364 0.850339 3.08602 2.91268 5.81405 4.38528 4.68332 5.81554 5.49874 4.49665 6.24907 5.12062 4.21688 4.55814 6.41186 4.33545 2.61518
Sel_flota
 0.783845 1 1 1 1
 0.783845 1 1 1 1
 0.783845 1 1 1 1
 0.783845 1 1 1 1
 0.783845 1 1 1 1
 0.783845 1 1 1 1
 0.783845 1 1 1 1
 0.783845 1 1 1 1
 0.783845 1 1 1 1
 0.783845 1 1 1 1
 0.783845 1 1 1 1
 0.783845 1 1 1 1
 0.783845 1 1 1 1
 0.783845 1 1 1 1
 0.783845 1 1 1 1
 0.783845 1 1 1 1
 0.783845 1 1 1 1
 0.783845 1 1 1 1
 0.783845 1 1 1 1
 0.783845 1 1 1 1
 0.783845 1 1 1 1
 0.783845 1 1 1 1
 0.783845 1 1 1 1
 0.783845 1 1 1 1
 0.783845 1 1 1 1
 0.783845 1 1 1 1
 0.783845 1 1 1 1
 0.783845 1 1 1 1
 0.783845 1 1 1 1
 0.783845 1 1 1 1
 0.783845 1 1 1 1
Sel_reclas
 1 1 1 1 1
 1 1 1 1 1
 1 1 1 1 1
 1 1 1 1 1
 1 1 1 1 1
 1 1 1 1 1
 1 1 1 1 1
 1 1 1 1 1
 1 1 1 1 1
 1 1 1 1 1
 1 1 1 1 1
 1 1 1 1 1
 1 1 1 1 1
 1 1 1 1 1
 1 1 1 1 1
 1 1 1 1 1
 1 1 1 1 1
 1 1 1 1 1
 1 1 1 1 1
 1 1 1 1 1
 1 1 1 1 1
 1 1 1 1 1
 1 1 1 1 1
 1 1 1 1 1
 1 1 1 1 1
 1 1 1 1 1
 1 1 1 1 1
 1 1 1 1 1
 1 1 1 1 1
 1 1 1 1 1
 1 1 1 1 1
Sel_pelaces
 1 1 1 1 1
 1 1 1 1 1
 1 1 1 1 1
 1 1 1 1 1
 1 1 1 1 1
 1 1 1 1 1
 1 1 1 1 1
 1 1 1 1 1
 1 1 1 1 1
 1 1 1 1 1
 1 1 1 1 1
 1 1 1 1 1
 1 1 1 1 1
 1 1 1 1 1
 1 1 1 1 1
 1 1 1 1 1
 1 1 1 1 1
 1 1 1 1 1
 1 1 1 1 1
 1 1 1 1 1
 1 1 1 1 1
 1 1 1 1 1
 1 1 1 1 1
 1 1 1 1 1
 1 1 1 1 1
 1 1 1 1 1
 1 1 1 1 1
 1 1 1 1 1
 1 1 1 1 1
 1 1 1 1 1
 1 1 1 1 1
pf_obs 
 0.8446 0.082 0.0669 0.0065 0
 0.8095 0.147 0.0364 0.0071 0
 0.9664 0.0169 0.016 0.0007 0
 0.9276 0.0648 0.0075 0.0001 0
 0.7033 0.2144 0.0806 0.0017 0
 0.9318 0.0425 0.0243 0.0014 0
 0.5671 0.3108 0.0964 0.0239 0.0018
 0.0768 0.2599 0.5324 0.112 0.0189
 0.490249 0.384438 0.106611 0.0170017 0.00170017
 0.7925 0.1577 0.0466 0.003 0.0002
 0.840416 0.127587 0.0312969 0.00059994 9.999e-05
 0.8084 0.0986 0.0794 0.0134 0.0002
 0.7335 0.1905 0.0724 0.0035 0.0001
 0.4001 0.4547 0.1325 0.0127 0
 0.49795 0.308269 0.164784 0.0264974 0.00249975
 0.9179 0.0499 0.0305 0.0017 0
 0.2467 0.6533 0.0926 0.0074 0
 0.9418 0.0223 0.034 0.0019 0
 0.707729 0.231977 0.0356964 0.0245975 0
 0.517169 0.277429 0.184464 0.0207286 0.00020938
 0.811772 0.124168 0.05621 0.00726502 0.000585176
 0.764997 0.148141 0.077277 0.00933861 0.000247198
 0.163321 0.427699 0.378323 0.0303852 0.000271297
 0.753843 0.0900009 0.118128 0.0371064 0.000921714
 0.721811 0.176058 0.0630433 0.0369309 0.00215725
 0.143369 0.312575 0.442814 0.0836902 0.0175525
 0.692698 0.0596174 0.167031 0.0765114 0.00414204
 0.394062 0.376323 0.152708 0.0712218 0.00568511
 0.125707 0.32114 0.495352 0.0537591 0.00404204
 0.23352 0.215282 0.420074 0.123614 0.00750983
 0.796117 0.104755 0.0508955 0.0450114 0.00322123
pf_pred 
 0.453065 0.127125 0.395355 0.0244538 7.98161e-07
 0.414267 0.30366 0.0655629 0.203898 0.0126121
 0.563904 0.210573 0.116917 0.0252435 0.0833621
 0.730423 0.169944 0.0481087 0.0267116 0.0248127
 0.648651 0.275662 0.0477144 0.0135073 0.0144663
 0.749535 0.176719 0.0578593 0.0100149 0.00587144
 0.471091 0.422052 0.0753946 0.0246848 0.00677766
 0.454527 0.300881 0.195176 0.034866 0.0145497
 0.542114 0.237355 0.121644 0.0789086 0.0199784
 0.711644 0.176947 0.057751 0.0295974 0.0240603
 0.822298 0.137037 0.0249538 0.00814429 0.00756703
 0.739613 0.223152 0.0287142 0.00522872 0.00329209
 0.685877 0.249703 0.055208 0.00710395 0.00210806
 0.632433 0.274891 0.0736699 0.016288 0.00271782
 0.743656 0.182026 0.0555799 0.0148952 0.00384276
 0.939495 0.0483634 0.00862143 0.00263247 0.0008875
 0.372568 0.59882 0.0228707 0.004077 0.00166457
 0.896379 0.0455366 0.0554354 0.00211724 0.000531523
 0.593638 0.37366 0.014371 0.017495 0.000835931
 0.599582 0.265085 0.124443 0.00478609 0.00610489
 0.736713 0.175455 0.0581464 0.0272965 0.00238894
 0.737568 0.206508 0.0372685 0.0123509 0.00630549
 0.313444 0.541829 0.113885 0.0205529 0.0102887
 0.736247 0.0986248 0.130319 0.0273913 0.0074179
 0.619674 0.298379 0.0306426 0.0404898 0.0108152
 0.433157 0.385494 0.142274 0.0146111 0.0244634
 0.731625 0.133691 0.0915944 0.0338046 0.00928419
 0.683821 0.24678 0.0345712 0.0236854 0.0111423
 0.340011 0.48683 0.135152 0.0189334 0.0190738
 0.417483 0.233451 0.257482 0.0714814 0.0201018
 0.82638 0.084029 0.0359048 0.0396008 0.0140855
pobs_RECLAS
 0 0 0 0 0
 0 0 0 0 0
 0 0 0 0 0
 0 0 0 0 0
 0 0 0 0 0
 0 0 0 0 0
 0 0 0 0 0
 0 0 0 0 0
 0 0 0 0 0
 0 0 0 0 0
 0.991045 0.00858322 0.000360255 1.14367e-05 0
 0.934742 0.0480273 0.0164251 0.00080598 0
 0.827803 0.169806 0.00239088 0 0
 0.941827 0.0461693 0.0120037 0 0
 0.791401 0.0380133 0.147996 0.0225897 0
 0.846168 0.0940531 0.0597789 0 0
 0.134021 0.677848 0.182769 0.00536245 0
 0.80878 0.0450904 0.141981 0.00414843 0
 0.846168 0.0940531 0.0597789 0 0
 0.905697 0.0802665 0.012482 0.00150086 5.37128e-05
 0.989698 0.0102097 9.19794e-05 0 0
 0.975433 0.0193895 0.00387452 0.00125025 5.28907e-05
 0.303575 0.632131 0.0575291 0.00676475 0
 0.966965 0.00978017 0.0227588 0.000495775 0
 0.843318 0.132988 0.00938335 0.0141283 0.000182051
 0.564624 0.303363 0.111486 0.0197234 0.00080311
 0.826376 0.0876187 0.0782897 0.00655872 0.00115652
 0.89761 0.0855135 0.0140674 0.00269457 0.000114338
 0.34875 0.467042 0.161289 0.0227151 0.000203297
 0.318654 0.224769 0.449479 0.00709798 0
 0.937255 0.0296025 0.0250945 0.00804832 0
ppred_RECLAS
 0.514528 0.112839 0.350926 0.0217058 7.08467e-07
 0.475747 0.271787 0.0586812 0.182496 0.0112883
 0.6239 0.181603 0.100833 0.0217706 0.0718936
 0.777248 0.140425 0.0397524 0.0220719 0.0205028
 0.702521 0.233396 0.0403987 0.0114363 0.0122482
 0.793369 0.145792 0.0477334 0.00826221 0.00484389
 0.535786 0.370427 0.0661725 0.0216654 0.00594863
 0.515748 0.267111 0.173271 0.0309528 0.0129167
 0.603809 0.205374 0.105254 0.0682766 0.0172866
 0.761301 0.146476 0.047806 0.0245005 0.019917
 0.85543 0.111487 0.0203012 0.0066258 0.00615617
 0.785879 0.183502 0.0236123 0.00429969 0.00270715
 0.738111 0.208181 0.0460277 0.00592266 0.00175752
 0.692036 0.230317 0.061724 0.0136468 0.00227711
 0.789649 0.149367 0.0456079 0.0122227 0.0031533
 0.952399 0.0380487 0.0067827 0.00207103 0.000698219
 0.432432 0.541686 0.0206885 0.00368801 0.00150575
 0.917359 0.036317 0.0442116 0.00168857 0.000423907
 0.652812 0.319248 0.0122784 0.0149474 0.000714204
 0.658152 0.22631 0.10624 0.00408602 0.00521192
 0.782134 0.145186 0.0481153 0.0225874 0.00197681
 0.783198 0.170601 0.0307883 0.0102034 0.00520911
 0.369005 0.49798 0.104669 0.0188896 0.00945603
 0.781361 0.0817557 0.108029 0.0227062 0.00614911
 0.675958 0.254222 0.0261078 0.0344977 0.00921462
 0.494341 0.343885 0.126917 0.013034 0.0218228
 0.77729 0.110943 0.0760093 0.0280526 0.00770445
 0.734555 0.207182 0.0290239 0.0198848 0.00935443
 0.397233 0.444621 0.123434 0.0172918 0.0174201
 0.478645 0.20894 0.230447 0.0639761 0.0179912
 0.85914 0.0681739 0.0291301 0.0321287 0.0114278
pobs_PELACES
 0 0 0 0 0
 0 0 0 0 0
 0 0 0 0 0
 0 0 0 0 0
 0 0 0 0 0
 0 0 0 0 0
 0 0 0 0 0
 0 0 0 0 0
 0 0 0 0 0
 0 0 0 0 0
 0 0 0 0 0
 0 0 0 0 0
 0 0 0 0 0
 0 0 0 0 0
 0 0 0 0 0
 0 0 0 0 0
 0.505614 0.472636 0.0217494 0 0
 0 0 0 0 0
 0.443492 0.261883 0.143347 0.151278 0
 0.227955 0.32914 0.350689 0.0885471 0.00366901
 0.970185 0.0296113 0.000203453 0 0
 0.997202 0.00247181 0.000326279 0 0
 0.445219 0.490057 0.0546422 0.010081 0
 0.90214 0.0892962 0.00764917 0.000914606 0
 0 0 0 0 0
 0.581667 0.319106 0.0959925 0.00289975 0.000334073
 0.762889 0.0836404 0.116647 0.0363945 0.000428098
 0.88444 0.0763242 0.0277011 0.0115352 0
 0.521256 0.241999 0.230069 0.00667565 0
 0.616807 0.101726 0.260614 0.0208532 0
 0.833518 0.0704572 0.0857862 0.0102388 0
ppred_PELACES
 0.517102 0.112241 0.349065 0.0215907 7.0471e-07
 0.48044 0.269354 0.0581559 0.180862 0.0111872
 0.628202 0.179526 0.0996792 0.0215216 0.0710714
 0.782106 0.137362 0.0388853 0.0215905 0.0200556
 0.704532 0.231818 0.0401255 0.011359 0.0121654
 0.796412 0.143644 0.0470303 0.0081405 0.00477254
 0.546231 0.362093 0.0646836 0.0211779 0.00581479
 0.517479 0.266157 0.172651 0.0308421 0.0128705
 0.610308 0.202005 0.103527 0.0671565 0.017003
 0.767841 0.142462 0.046496 0.0238292 0.0193712
 0.856468 0.110686 0.0201554 0.00657821 0.00611195
 0.791879 0.17836 0.0229506 0.0041792 0.00263129
 0.744577 0.203041 0.0448912 0.00577642 0.00171413
 0.704019 0.221355 0.0593222 0.0131158 0.00218851
 0.796077 0.144802 0.0442141 0.0118492 0.00305693
 0.953728 0.0369871 0.00659344 0.00201325 0.000678737
 0.437064 0.537265 0.0205197 0.00365791 0.00149346
 0.918794 0.0356862 0.0434437 0.00165924 0.000416544
 0.658902 0.313648 0.012063 0.0146852 0.000701675
 0.663608 0.222698 0.104544 0.00402079 0.00512872
 0.785287 0.143085 0.047419 0.0222606 0.0019482
 0.787172 0.167474 0.030224 0.0100163 0.00511363
 0.372252 0.495418 0.10413 0.0187924 0.00940738
 0.783459 0.0809712 0.106992 0.0224883 0.00609011
 0.678677 0.252089 0.0258887 0.0342083 0.0091373
 0.496856 0.342174 0.126286 0.0129692 0.0217143
 0.779417 0.109884 0.0752833 0.0277847 0.00763087
 0.736589 0.205594 0.0288015 0.0197325 0.00928275
 0.399562 0.442903 0.122957 0.017225 0.0173528
 0.482167 0.207529 0.228891 0.063544 0.0178697
 0.860958 0.0672938 0.028754 0.0317139 0.0112802
pobs_pel_tallas
 0 0 0 0 0 0 0 0 0 0 0 0 0 0 0 0 0 0 0 0 0 0 0 0 0 0
 0 0 0 0 0 0 0 0 0 0 0 0 0 0 0 0 0 0 0 0 0 0 0 0 0 0
 0 0 0 0 0 0 0 0 0 0 0 0 0 0 0 0 0 0 0 0 0 0 0 0 0 0
 0 0 0 0 0 0 0 0 0 0 0 0 0 0 0 0 0 0 0 0 0 0 0 0 0 0
 0 0 0 0 0 0 0 0 0 0 0 0 0 0 0 0 0 0 0 0 0 0 0 0 0 0
 0 0 0 0 0 0 0 0 0 0 0 0 0 0 0 0 0 0 0 0 0 0 0 0 0 0
 0 0 0 0 0 0 0 0 0 0 0 0 0 0 0 0 0 0 0 0 0 0 0 0 0 0
 0 0 0 0 0 0 0 0 0 0 0 0 0 0 0 0 0 0 0 0 0 0 0 0 0 0
 0 0 0 0 0 0 0 0 0 0 0 0 0 0 0 0 0 0 0 0 0 0 0 0 0 0
 0 0 0 0 0 0 0 0 0 0 0 0 0 0 0 0 0 0 0 0 0 0 0 0 0 0
 0 0 0 0 0 0 0 0 0 0 0 0 0 0 0 0 0 0 0 0 0 0 0 0 0 0
 0 0 0 0 0 0 0 0 0 0 0 0 0 0 0 0 0 0 0 0 0 0 0 0 0 0
 0.00862536 0 0 0.000197151 0.00414017 0.0128641 0.00837892 0.0270097 0.101434 0.158115 0.152841 0.127902 0.109271 0.109419 0.0830992 0.0579132 0.0238553 0.00714673 0.00463305 0.00128148 0.00103504 0.000492878 0.000147863 0.000147863 4.92878e-05 0
 0 0 0 0 0 0 0 0 0 0 0 0 0 0 0 0 0 0 0 0 0 0 0 0 0 0
 0 0 0 0 0 0 0 0.0054083 0.00873648 0.0413646 0.0450493 0.0745869 0.0622846 0.0627006 0.0613931 0.0827291 0.12552 0.122667 0.0946155 0.0697135 0.0546179 0.0294188 0.0215738 0.0213955 0.0102223 0.00600262
 0 0 0 0 0.00359764 0.0251062 0.0480494 0.140153 0.205849 0.193036 0.1447 0.116669 0.0760912 0.0342217 0.00950174 0.001854 0.000860785 0 0 0 0.000165536 0 0.000143464 0 0 0
 0 0 0 0 0 0 0 0.000145254 0.000435761 0.0275982 0.070085 0.0708112 0.156366 0.174668 0.174014 0.160142 0.0824315 0.0480064 0.0283245 0.00493863 0.00203355 0 0 0 0 0
 0 0 0 0 0 0 0 0 0 0 0 0 0 0 0 0 0 0 0 0 0 0 0 0 0 0
 0 0 1.00437e-05 0.000401748 0.00122533 0.00171747 0.00176769 0.0269171 0.070346 0.194647 0.189555 0.159765 0.064822 0.0314167 0.0384472 0.0292271 0.0345202 0.0313363 0.0194345 0.0106764 0.0143323 0.0359363 0.0279516 0.0138201 0.00172751 0
 0 0.0021121 0.0136068 0.0755702 0.200478 0.177729 0.0527432 0.0373336 0.0318909 0.0142505 0.0149659 0.0166563 0.0217959 0.0798694 0.0677717 0.0528807 0.04013 0.0224614 0.0357745 0.0225083 0.00881397 0.00855152 0.00135912 0.000746735 0 0
 0 0 0 0 5.4009e-05 0.00500934 0.000945158 0.0243581 0.138947 0.33067 0.221406 0.137944 0.0707744 0.0437923 0.0131692 0.00525238 0.0047753 0.00276346 9.45158e-05 9.00151e-06 2.25038e-05 9.00151e-06 4.50075e-06 0 0 0
 0.000866109 0.00284123 0.00948549 0.0512746 0.133035 0.25785 0.225252 0.132002 0.0553304 0.0519788 0.0540692 0.017754 0.00435017 0.00159236 0.00146478 0.000404838 0.000125132 0.000115318 0.000107957 0.000100596 0 0 0 0 0 0
 0 0 0 0 0.00144013 0.00171154 0.00461396 0.0210425 0.0478622 0.0707936 0.0888783 0.103762 0.0637923 0.0337046 0.0602308 0.124433 0.169614 0.0934646 0.0462172 0.0250306 0.0313229 0.00938855 0.002487 0.000210481 0 0
 0 0.00764035 0.051015 0.0998891 0.058973 0.0496711 0.0374665 0.0718981 0.12319 0.153886 0.159021 0.0857701 0.0377988 0.023471 0.0147837 0.00900784 0.00315554 0.000888139 0.00291439 0.00214683 0.00393193 0.00274676 0.000635225 9.99891e-05 0 0
 0 0 0 0 0 0 0 0 0 0 0 0 0 0 0 0 0 0 0 0 0 0 0 0 0 0
 0 0 0 0 0 0 0 0 0 0 0 0 0 0 0 0 0 0 0 0 0 0 0 0 0 0
 0 0 0 0 0 0 0 0 0 0 0 0 0 0 0 0 0 0 0 0 0 0 0 0 0 0
 0 0 0 0 0 0 0 0 0 0 0 0 0 0 0 0 0 0 0 0 0 0 0 0 0 0
 0 0 0 0 0 0 0 0 0 0 0 0 0 0 0 0 0 0 0 0 0 0 0 0 0 0
 0 0 0 0 0 0 0 0 0 0 0 0 0 0 0 0 0 0 0 0 0 0 0 0 0 0
 0 0 0 0 0 0 0 0 0 0 0 0 0 0 0 0 0 0 0 0 0 0 0 0 0 0
ppred_pel_tallas
 1.12268e-16 4.2593e-05 0.000414019 0.00275131 0.012507 0.0389141 0.082911 0.121013 0.121025 0.0829667 0.0391025 0.0130577 0.00415843 0.00356822 0.00627404 0.010932 0.0172005 0.0246551 0.0327771 0.0411457 0.0493642 0.0567058 0.0618942 0.0634247 0.0603345 0.0528603
 1.21779e-16 3.95733e-05 0.000384666 0.00255624 0.0116203 0.0361553 0.0770337 0.112438 0.112464 0.077161 0.0365833 0.0128578 0.00566795 0.00719681 0.0130369 0.021657 0.0316147 0.0407162 0.046835 0.0492027 0.048939 0.0482508 0.04889 0.0510563 0.0534463 0.0541958
 1.17109e-16 5.17442e-05 0.000502972 0.00334242 0.0151942 0.0472749 0.100725 0.147014 0.147032 0.10081 0.0475616 0.0160241 0.00543235 0.00508816 0.00882812 0.0146951 0.0216014 0.0281111 0.0328171 0.0351468 0.0356994 0.0357496 0.0363131 0.0375173 0.0386683 0.0387996
 1.06717e-16 6.44211e-05 0.000626196 0.00416129 0.0189166 0.0588568 0.125401 0.183029 0.183043 0.125466 0.0590748 0.019547 0.00574566 0.00409196 0.00666783 0.0109788 0.0159487 0.020362 0.0230377 0.0234676 0.022121 0.0200986 0.0184125 0.0174562 0.0169804 0.016445
 1.04416e-16 5.80314e-05 0.000564086 0.00374855 0.0170404 0.0530191 0.112964 0.164878 0.164901 0.113073 0.053386 0.0181003 0.0064098 0.00637621 0.0111041 0.0182864 0.0263875 0.0332944 0.0368964 0.0362321 0.0320581 0.0263186 0.0209553 0.016986 0.0143865 0.0125767
 1.03019e-16 6.55994e-05 0.00063765 0.00423741 0.0192627 0.0599333 0.127695 0.186377 0.186391 0.127763 0.0601614 0.0199219 0.00589428 0.00426156 0.00696846 0.0114698 0.016641 0.0211877 0.0238303 0.0239704 0.0220198 0.0190667 0.0161652 0.0138188 0.0119638 0.0102963
 1.05068e-16 4.49924e-05 0.000437342 0.00290629 0.0132116 0.0411064 0.0875828 0.127837 0.127872 0.0877535 0.0416795 0.0148672 0.00706341 0.00951649 0.0173002 0.0285621 0.0412177 0.0519972 0.057594 0.0564839 0.0498166 0.040595 0.0318305 0.0251225 0.0204874 0.0171142
 1.10322e-16 4.26241e-05 0.000414322 0.00275332 0.0125162 0.0389426 0.0829724 0.121106 0.121132 0.0830989 0.0393681 0.0137478 0.00585546 0.00722148 0.0130739 0.0218164 0.032055 0.0416338 0.0483481 0.0511385 0.0506027 0.0483353 0.0456846 0.0429846 0.0397471 0.0354088
 1.12652e-16 5.02703e-05 0.000488645 0.00324722 0.0147614 0.0459283 0.0978559 0.142828 0.142847 0.0979518 0.0462507 0.0156944 0.00559632 0.00564065 0.00990611 0.0164871 0.0241993 0.0314078 0.0364915 0.0387533 0.0388012 0.0380001 0.0374429 0.0372803 0.0368377 0.0352521
 1.07047e-16 6.32461e-05 0.000614775 0.00408539 0.0185716 0.0577833 0.123114 0.179691 0.179705 0.123181 0.0580096 0.0192261 0.00573084 0.00421567 0.0069286 0.0114256 0.0166249 0.0212801 0.0241759 0.0247856 0.0235801 0.0216673 0.020053 0.0191053 0.0185479 0.0178338
 1.02305e-16 7.05462e-05 0.000685734 0.00455694 0.0207152 0.0644528 0.137324 0.20043 0.200441 0.137376 0.064628 0.0212214 0.00582809 0.00346224 0.00534841 0.00874319 0.0126191 0.0159368 0.0176899 0.0174225 0.0154961 0.0128346 0.0103557 0.00853215 0.00733907 0.00649014
 1.01573e-16 6.5226e-05 0.00063402 0.00421329 0.019153 0.0595922 0.126968 0.185317 0.185335 0.127052 0.0598742 0.0199674 0.00625724 0.00509532 0.00853612 0.0140036 0.0201542 0.0253183 0.0278394 0.0269521 0.023233 0.0182051 0.0134266 0.00977262 0.00732331 0.0057116
 1.02217e-16 6.13299e-05 0.000596148 0.00396162 0.0180089 0.0560326 0.119384 0.174249 0.174268 0.11948 0.0563542 0.0189381 0.00629511 0.00569402 0.00975429 0.0160577 0.0231923 0.0293019 0.0325286 0.0320018 0.0283323 0.0231572 0.0181238 0.0141171 0.0111795 0.00893014
 1.03455e-16 5.79891e-05 0.000563675 0.00374582 0.017028 0.0529804 0.112881 0.164758 0.164779 0.112986 0.0533314 0.0180423 0.00629414 0.00613395 0.0106583 0.0175844 0.0254557 0.0322835 0.0360714 0.0358864 0.0323818 0.0272912 0.0223246 0.0183475 0.0153253 0.012808
 1.03019e-16 6.55719e-05 0.000637382 0.00423563 0.0192546 0.0599081 0.127641 0.186299 0.186313 0.12771 0.060138 0.0199188 0.00590496 0.00428798 0.00701766 0.0115475 0.0167449 0.0213026 0.0239298 0.024027 0.0220182 0.0190136 0.0160876 0.0137518 0.0119342 0.0103115
 1.00517e-16 7.85573e-05 0.000763605 0.00507442 0.0230676 0.0717718 0.152918 0.223189 0.223192 0.152935 0.0718304 0.0232367 0.00549905 0.00169098 0.00184103 0.00292247 0.00420991 0.00531011 0.00588065 0.00576548 0.00508207 0.00413735 0.0032394 0.00255225 0.00207818 0.00173469
 1.0135e-16 3.60005e-05 0.000349938 0.00232546 0.0105712 0.0328913 0.0700803 0.102295 0.102347 0.0703329 0.033739 0.0130185 0.00846384 0.0137352 0.0254134 0.0418418 0.0600015 0.0748852 0.0814137 0.077245 0.0641996 0.0470972 0.0309756 0.018824 0.0111207 0.00679664
 1.015e-16 7.56799e-05 0.000735635 0.00488856 0.0222227 0.069143 0.147317 0.215014 0.215017 0.147334 0.0692007 0.02239 0.00531142 0.00166813 0.00187406 0.0030496 0.00455076 0.00606455 0.00731413 0.00815052 0.00859881 0.00876815 0.00871176 0.00837346 0.00766148 0.00656612
 1.0202e-16 5.4273e-05 0.000527553 0.00350577 0.0159368 0.0495853 0.105648 0.154203 0.154233 0.105795 0.0500803 0.0173658 0.00709046 0.00834532 0.0148794 0.024455 0.0350894 0.0438494 0.0477909 0.045573 0.0382781 0.0287202 0.0198076 0.0132163 0.0091317 0.00683876
 1.04346e-16 5.46606e-05 0.00053132 0.00353081 0.0160506 0.0499394 0.106402 0.155301 0.155323 0.106507 0.0502939 0.0170759 0.00610988 0.00617909 0.0108323 0.0179551 0.0261691 0.0335486 0.0381389 0.0389919 0.0366517 0.0326413 0.0284086 0.0246034 0.0211232 0.0176367
 1.03968e-16 6.46831e-05 0.000628743 0.00417822 0.0189936 0.0590961 0.125911 0.183774 0.183788 0.125979 0.0593234 0.0196507 0.00583001 0.00424268 0.00695209 0.011454 0.0166434 0.021248 0.0240158 0.0243745 0.022749 0.0202162 0.0177863 0.0158882 0.0143682 0.0128452
 1.02785e-16 6.48384e-05 0.000630252 0.00418825 0.0190392 0.059238 0.126213 0.184216 0.184232 0.126292 0.0595031 0.019805 0.00611124 0.00483029 0.00804782 0.013219 0.0190768 0.0240771 0.0266928 0.0262248 0.0232105 0.0190417 0.0151087 0.0121405 0.0101268 0.00866977
 1.06609e-16 3.0662e-05 0.000298046 0.00198062 0.00900364 0.0280139 0.0596884 0.087127 0.0871748 0.059922 0.0287985 0.0112704 0.00767311 0.0127335 0.0236734 0.039155 0.0565565 0.0714454 0.0793054 0.0780343 0.0691556 0.0567008 0.0447131 0.0353413 0.0286337 0.0235709
 1.06395e-16 6.45325e-05 0.000627278 0.00416849 0.0189493 0.0589585 0.125618 0.183344 0.183352 0.125657 0.0590898 0.0193306 0.00513297 0.00275788 0.00418474 0.0070094 0.0105437 0.0142084 0.0174378 0.019946 0.0218139 0.0232572 0.0242933 0.0246263 0.0238515 0.0217782
 1.05789e-16 5.59018e-05 0.000543385 0.00361099 0.016415 0.0510734 0.108818 0.158828 0.158853 0.108937 0.051472 0.0175662 0.00650043 0.00685113 0.0120362 0.019814 0.0285526 0.0359528 0.0397274 0.0388666 0.0342606 0.0281067 0.0225781 0.0187771 0.0165859 0.0152173
 1.08708e-16 4.09255e-05 0.00039781 0.00264359 0.0120174 0.0373908 0.0796662 0.116282 0.116315 0.079828 0.0379344 0.0135894 0.00659546 0.0090448 0.0165219 0.027403 0.0398307 0.0508419 0.0574216 0.0581562 0.0540081 0.0475162 0.0411137 0.0359201 0.0317274 0.0277933
 1.06279e-16 6.41996e-05 0.000624043 0.00414699 0.0188516 0.0586544 0.12497 0.182399 0.18241 0.125022 0.0588303 0.019361 0.00543067 0.00344316 0.00546792 0.00906903 0.0133674 0.0174653 0.0204874 0.0220337 0.0223719 0.0221455 0.0218462 0.0214984 0.0207615 0.0192785
 1.04434e-16 6.06719e-05 0.000589753 0.00391911 0.0178157 0.0554315 0.118103 0.172379 0.172399 0.1182 0.0557567 0.0187552 0.00627772 0.00573995 0.00984616 0.0161941 0.0233546 0.0294454 0.0325995 0.0319806 0.0282878 0.0232775 0.0186919 0.0154245 0.0134088 0.0120605
 1.08326e-16 3.29115e-05 0.000319911 0.00212593 0.00966417 0.0300691 0.0640669 0.0935165 0.0935593 0.064276 0.0307715 0.0116942 0.00722617 0.0114693 0.0212533 0.0352032 0.0509874 0.0647026 0.0723708 0.0721358 0.0653124 0.0553711 0.0457278 0.0380991 0.0323888 0.0276559
 1.16056e-16 3.97155e-05 0.000386049 0.00256543 0.0116621 0.0362852 0.0773102 0.112841 0.112861 0.0774097 0.0366203 0.0126343 0.00502193 0.00580254 0.0104855 0.0176891 0.0264584 0.035338 0.0428333 0.0482268 0.051847 0.0544801 0.0564542 0.0572366 0.05585 0.0516618
 1.05937e-16 7.0916e-05 0.000689329 0.00458083 0.0208238 0.0647906 0.138043 0.20148 0.201486 0.138075 0.0648979 0.0211343 0.00536252 0.00240337 0.00334918 0.00548688 0.00804881 0.010455 0.0121804 0.0130249 0.0132336 0.0133012 0.0136055 0.0141613 0.0146523 0.0146623
pSPR Fmed_Fpbrs
0.621338   0.214536 0.214536
Fs Fmed_Fpbrs
0.260132   1.005 1.005
SSBpbr Bo_Bmed_Bpbrs
1.8334e+06  1.04749e+06  301659 301659
Ro
168318
SPR SPRFo_SPRFmed_SPRFpbrs
1.20139e+06 746471 257742
Fref
1.1055
Nvult_r0
 208077 17235.7 7364.68 8122.77 2889.17
CTP_r0
 29626.6 3012.52 1287.22 1419.73 504.98
YTP_r0
391295
Np
 237321 36703.5 11470.5 889.602 426.412
Nvult_p0
 200617 32233.5 10073.6 781.262 374.481
CTP_p0
 93136.4 43430.4 3368.27 1439.23 2059.88
 93136.4 16924.3 5289.17 410.204 196.623
YTP_p0
 1.56801e+06 1.10383e+06
CBA_c0
1.42876e+06
log_Ro
11.8536
likeval ReclasPelacesDesembMPH_pf_preclas_ppelaces_ptallas_desvR_qrecl_qpela
 13.2004 18.3015 0.0546691 0.0026058 240.463 118.364 98.5215 0 24.9697 0 0 0.278633 0 0 0
q_reclas_q_pelaces
1 1
M
1
N
 192198 42813.8 133149 8235.67 0.268808
 107409 63134.6 13631.3 42392.8 2622.21
 107371 32135.6 17842.8 3852.42 12721.9
 171162 32277.8 9137.38 5073.39 4712.72
 136883 46145.4 7987.34 2261.1 2421.63
 239602 45293.3 14829.4 2566.82 1504.85
 97434 71796.2 12825.5 4199.18 1152.96
 43137.7 22577.3 14645.5 2616.25 1091.77
 41486.4 14705.6 7536.6 4888.87 1237.78
 55648.6 11312.9 3692.25 1892.28 1538.27
 104031 13732.3 2500.58 816.125 758.279
 141475 34887.8 4489.22 817.466 514.69
 118015 35030.4 7745.04 996.601 295.736
 82621.6 29971.1 8032.13 1775.86 296.32
 81074.4 16272.9 4968.77 1331.61 343.538
 464205 19398.5 3458.05 1055.88 355.976
 95604.4 123228 4706.44 838.986 342.543
 701622 28591.2 34806.4 1329.36 333.728
 410800 209280 8048.95 9798.64 468.189
 314888 112346 52740 2028.39 2587.31
 464279 88646.8 29377.8 13791.3 1206.99
 616746 139226 25126.1 8326.86 4251.1
 127067 175134 36810.8 6643.26 3325.58
 376302 40115.5 53006.9 11141.4 3017.22
 315465 120901 12416.2 16406.2 4382.23
 143312 101225 37359.1 3836.66 6423.73
 324597 47203.6 32340.1 11935.7 3278.05
 363916 104282 14608.8 10008.7 4708.42
 105067 119345 33132.1 4641.44 4675.88
 77894.6 34737.5 38313.3 10636.4 2991.15
 302264 24540.4 10485.9 11565.3 4113.64
pred_Ctot
 13130.5 3684.27 11457.9 708.706 0.0231318
 12892.5 9450.27 2040.4 6345.55 392.503
 12615.1 4710.71 2615.55 564.72 1864.89
 29643.1 6896.91 1952.42 1084.05 1006.98
 8775.47 3729.37 645.519 182.737 195.711
 28565 6734.83 2205.04 381.671 223.762
 23663.2 21199.9 3787.12 1239.93 340.446
 2012.4 1332.14 864.135 154.367 64.4181
 6952.77 3044.14 1560.12 1012.03 256.229
 11961.3 2974.13 970.68 497.473 404.406
 5856.89 976.061 177.736 58.0085 53.8969
 30190 9108.73 1172.07 213.429 134.378
 23805.2 8666.62 1916.14 246.562 73.166
 25513 11089.4 2971.92 657.075 109.639
 18551 4540.76 1386.48 371.571 95.8604
 83885.8 4318.28 769.791 235.049 79.2432
 11498.3 18480.9 705.839 125.825 51.3722
 85354.7 4336.07 5278.65 201.607 50.6124
 68259.2 42965.1 1652.45 2011.66 96.1192
 47755.1 21113.3 9911.52 381.199 486.239
 55163.2 13137.6 4353.85 2043.89 178.877
 90821.8 25428.7 4589.12 1520.85 776.438
 11535 19939.7 4191.06 756.361 378.63
 30461.2 4080.47 5391.76 1133.28 306.906
 25764.6 12405.9 1274.05 1683.48 449.67
 9567.52 8514.75 3142.53 322.728 540.344
 26287.9 4803.64 3291.07 1214.63 333.589
 25207 9096.8 1274.36 873.09 410.728
 6784.86 9714.62 2696.94 377.813 380.616
 7161.47 4004.6 4416.82 1226.18 344.825
 29626.6 3012.52 1287.22 1419.73 504.98
F
 0.113259 0.144491 0.144491 0.144491 0.144491
 0.206675 0.263668 0.263668 0.263668 0.263668
 0.201912 0.257591 0.257591 0.257591 0.257591
 0.310812 0.396522 0.396522 0.396522 0.396522
 0.105966 0.135188 0.135188 0.135188 0.135188
 0.205148 0.261721 0.261721 0.261721 0.261721
 0.46223 0.589695 0.589695 0.589695 0.589695
 0.0761704 0.0971753 0.0971753 0.0971753 0.0971753
 0.299421 0.38199 0.38199 0.38199 0.38199
 0.39931 0.509424 0.509424 0.509424 0.509424
 0.0925466 0.118067 0.118067 0.118067 0.118067
 0.395908 0.505085 0.505085 0.505085 0.505085
 0.370576 0.472768 0.472768 0.472768 0.472768
 0.624771 0.797059 0.797059 0.797059 0.797059
 0.43017 0.548795 0.548795 0.548795 0.548795
 0.326288 0.416267 0.416267 0.416267 0.416267
 0.20712 0.264236 0.264236 0.264236 0.264236
 0.209723 0.267557 0.267557 0.267557 0.267557
 0.296527 0.378299 0.378299 0.378299 0.378299
 0.267557 0.341339 0.341339 0.341339 0.341339
 0.204391 0.260754 0.260754 0.260754 0.260754
 0.258906 0.330303 0.330303 0.330303 0.330303
 0.152951 0.195129 0.195129 0.195129 0.195129
 0.13542 0.172763 0.172763 0.172763 0.172763
 0.1367 0.174397 0.174397 0.174397 0.174397
 0.110555 0.141042 0.141042 0.141042 0.141042
 0.135486 0.172848 0.172848 0.172848 0.172848
 0.114909 0.146597 0.146597 0.146597 0.146597
 0.106774 0.136218 0.136218 0.136218 0.136218
 0.155035 0.197787 0.197787 0.197787 0.197787
 0.166021 0.211803 0.211803 0.211803 0.211803
YTP_r0W_actual
 245900 42476.6 35527.4 48554.7 18835.8
YTP_p0W_proyectada
 697591 680555 77908.1 42270.3 69685.9
 697591 265204 122338 12047.7 6651.75
CTP_r0_actual
 29626.6 3012.52 1287.22 1419.73 504.98
CTP_p0_proyectada
 93136.4 43430.4 3368.27 1439.23 2059.88
 93136.4 16924.3 5289.17 410.204 196.623
Wmedp
 7.49 15.67 23.13 29.37 33.83
Frms_r0
 0.166021 0.211803 0.211803 0.211803 0.211803
Zrms_r0
 1.16602 1.2118 1.2118 1.2118 1.2118
nmprior
 8.19 8.8 8.5 0
nm_flota  nm_reclas  nm_pelaces    nm_pelaL
inf 12.8349 18.2086 43.4871
cv_recla  cv_pelaces  cv_mph
0.328639 0.485082 1.57535
 ------------------------------------------------
Talla a la edad & desviaci?n 
 8 13.2811 15.8009 17.003 17.5766
 0.8 1.32811 1.58009 1.7003 1.75766
