    unsorted:	 2.305943654e-06 6.470281449e-05 9.948548659e-05 0.001099941457 4.722006143 7.665527322 2.294470238 13.74836781 11.58091431 62.67922154 167.8981724 139.2768840 227.7542959 256.1091870 465.3668057 509.5670043 641.8518204 793.0973416 810.7029836 855.8699823 912.9248429 942.0700889 1043.818460 1140.330355 1217.417054 1321.216217 1436.529192 1520.625648 1642.331596 1822.040567 1882.102823 2122.757115 2306.767144 2477.480326 2441.414683 2550.158362 2641.062567 2840.315876 2948.289157 3196.914182 3262.939213 3846.082981 3966.697894 4347.875943 10182.85489 41498.62061 158295.1823 380923.2141 387825.6602 375401.6788 395617.0601 358112.4458 354146.5327 419271.4411 451717.6853 443342.3585 460804.8253 314362.1082 604760.5466 616044.4101 651218.3311 692284.7861 703857.2002 969753.9677 1040512.007 1125153.678 1186152.677 1349875.902 1508468.124 1654483.712 1827152.482 2298988.580 2438456.824 2475107.908 2743383.206 2953633.249 3300667.547 43249265.29
      sorted:	 2.305943654e-06 6.470281449e-05 9.948548659e-05 0.001099941457 2.294470238 4.722006143 7.665527322 11.58091431 13.74836781 62.67922154 139.2768840 167.8981724 227.7542959 256.1091870 465.3668057 509.5670043 641.8518204 793.0973416 810.7029836 855.8699823 912.9248429 942.0700889 1043.818460 1140.330355 1217.417054 1321.216217 1436.529192 1520.625648 1642.331596 1822.040567 1882.102823 2122.757115 2306.767144 2441.414683 2477.480326 2550.158362 2641.062567 2840.315876 2948.289157 3196.914182 3262.939213 3846.082981 3966.697894 4347.875943 10182.85489 41498.62061 158295.1823 314362.1082 354146.5327 358112.4458 375401.6788 380923.2141 387825.6602 395617.0601 419271.4411 443342.3585 451717.6853 460804.8253 604760.5466 616044.4101 651218.3311 692284.7861 703857.2002 969753.9677 1040512.007 1125153.678 1186152.677 1349875.902 1508468.124 1654483.712 1827152.482 2298988.580 2438456.824 2475107.908 2743383.206 2953633.249 3300667.547 43249265.29
