years
 1991 1992 1993 1994 1995 1996 1997 1998 1999 2000 2001 2002 2003 2004 2005 2006 2007 2008 2009 2010 2011 2012 2013 2014 2015 2016 2017 2018 2019 2020 2021
reclasobs
 0 0 0 0 0 0 0 0 0 252601 567819 844713 477998 351125 339783 2.1784e+06 2.13404e+06 4.81314e+06 1.55562e+06 2.62356e+06 3.21686e+06 3.843e+06 1.13348e+06 3.07943e+06 1.97215e+06 2.03268e+06 2.025e+06 2.42433e+06 2.27542e+06 1.05018e+06 2.36338e+06
reclaspred
 3.37658e+06 1.8829e+06 952263 936236 922371 1.4781e+06 896237 782198 566198 405492 495403 650821 640645 491690 497517 1.40988e+06 1.35523e+06 3.08639e+06 2.54701e+06 1.89263e+06 3.35613e+06 2.7185e+06 2.13816e+06 3.28594e+06 2.45124e+06 2.16798e+06 2.60372e+06 2.79167e+06 2.27977e+06 1.42506e+06 2.06513e+06
pelacesobs
 0 0 0 0 0 0 0 0 0 0 0 0 0 0 0 552880 188675 0 991730 2.46772e+06 1.41603e+06 1.21717e+06 2.29649e+06 1.80582e+06 0 1.4828e+06 1.56532e+06 1.57751e+06 1.42118e+06 867257 1.10002e+06
pelacespred
 1.54015e+06 952411 479760 385676 399558 660410 363737 401914 276061 185892 238007 259973 282133 225901 236246 562394 542895 1.42965e+06 1.21452e+06 835256 1.44405e+06 1.26146e+06 993411 1.67363e+06 1.20166e+06 1.06081e+06 1.45171e+06 1.53419e+06 1.03237e+06 732540 1.04516e+06
mphobs
 0 0 0 0 0 0 0 0 0 0 0 498337 0 5186 125008 0 168611 109162 213762 579715 649985 157893 87575 83554 0 0 0 0 0 0 0
mphpred
 2.92173e+06 1.95444e+06 967095 528194 562861 636089 837741 496119 440753 295771 192479 335361 361090 302734 199103 256410 930785 878465 1.75366e+06 1.32264e+06 1.41251e+06 1.75401e+06 1.65838e+06 1.35611e+06 1.88457e+06 1.54413e+06 1.27152e+06 1.37426e+06 1.9375e+06 1.31302e+06 812590
desembarqueobs
 494567 514787 250237 358949 120608 361735 552515 73892 212993 205616 52469 317467 293654 387597 252695 516296 358380 742168 942051 627588 828172 859565 418607 520667 417249 300574 415391 372974 316634 284311 391294
desembarquepred
 494573 513597 250806 358981 120614 361748 552557 73896.7 213046 205664 52471.7 317533 293702 387618 252684 516244 358401 742058 941811 627433 828230 859565 418613 520689 417246 300571 415386 372954 316624 284315 391295
Reclutas
 192188 107327 107396 170936 136743 239386 97330.3 43102 41468 55634.9 104020 141447 117996 82602.6 81065.7 464165 95583.4 701578 410719 314836 464215 616567 127031 376210 315332 143257 324417 364819 106197 76629.6 289715
log_desv_Rt
 0.134417 -0.448176 -0.447531 0.017233 -0.20595 0.354021 -0.545945 -1.36049 -1.39913 -1.10525 -0.479474 -0.17213 -0.353401 -0.710014 -0.728795 1.01618 -0.564057 1.42928 0.893854 0.627997 1.01629 1.30011 -0.279625 0.806091 0.629572 -0.159417 0.657976 0.775346 -0.458763 -0.785072 0.544841
SSB
 2.92173e+06 1.95444e+06 967095 528194 562861 636089 837741 496119 440753 295771 192479 335361 361090 302734 199103 256410 930785 878465 1.75366e+06 1.32264e+06 1.41251e+06 1.75401e+06 1.65838e+06 1.35611e+06 1.88457e+06 1.54413e+06 1.27152e+06 1.37426e+06 1.9375e+06 1.31302e+06 812590
BT
 3.97017e+06 2.70369e+06 1.35451e+06 1.19041e+06 1.01685e+06 1.83175e+06 1.33362e+06 992192 848465 626979 594261 865204 917265 924049 798268 1.71416e+06 1.53138e+06 3.95251e+06 3.70613e+06 2.4894e+06 4.00295e+06 3.7116e+06 2.65574e+06 4.34478e+06 3.15713e+06 2.71298e+06 3.77254e+06 3.91285e+06 2.64223e+06 1.96585e+06 2.78228e+06
Ftot
 0.144583 0.263836 0.257763 0.397159 0.135421 0.262281 0.59082 0.0973797 0.382767 0.51036 0.118275 0.505719 0.473306 0.798117 0.549659 0.417009 0.264402 0.267941 0.378627 0.341652 0.26103 0.330658 0.195251 0.172997 0.174559 0.141168 0.173118 0.146585 0.13585 0.197692 0.209247
BD_Bspro_t
 0.977132 0.835489 0.667743 0.575288 0.561256 0.637809 0.62774 0.452491 0.509167 0.459917 0.423971 0.646451 0.528555 0.436981 0.326878 0.386971 0.586024 0.558483 0.657937 0.56174 0.532499 0.582675 0.597636 0.588586 0.693297 0.700745 0.708167 0.745558 0.790541 0.724867 0.656868
BD_Bspro
 2.43282 1.62739 0.805267 0.439809 0.468675 0.529649 0.697558 0.413101 0.367 0.246278 0.160271 0.279244 0.300667 0.252077 0.165786 0.213504 0.775033 0.731468 1.46022 1.10132 1.17615 1.46051 1.38088 1.12919 1.56921 1.28574 1.05875 1.1443 1.61329 1.09331 0.676616
BD_Bo
 1.59329 1.0658 0.52738 0.288037 0.306942 0.346875 0.45684 0.270546 0.240353 0.161291 0.104964 0.182881 0.196911 0.165088 0.108575 0.139827 0.50758 0.479048 0.956315 0.721267 0.770277 0.956505 0.904355 0.73952 1.0277 0.842049 0.693392 0.749416 1.05656 0.716023 0.443125
BD_Brms
 9.65413 6.45796 3.19552 1.74529 1.85983 2.1018 2.76811 1.6393 1.45636 0.9773 0.636 1.10812 1.19313 1.00031 0.657885 0.847245 3.07555 2.90267 5.79455 4.37033 4.6673 5.7957 5.47971 4.48093 6.22708 5.10218 4.20143 4.54089 6.40198 4.33856 2.685
Sel_flota
 0.782274 1 1 1 1
 0.782274 1 1 1 1
 0.782274 1 1 1 1
 0.782274 1 1 1 1
 0.782274 1 1 1 1
 0.782274 1 1 1 1
 0.782274 1 1 1 1
 0.782274 1 1 1 1
 0.782274 1 1 1 1
 0.782274 1 1 1 1
 0.782274 1 1 1 1
 0.782274 1 1 1 1
 0.782274 1 1 1 1
 0.782274 1 1 1 1
 0.782274 1 1 1 1
 0.782274 1 1 1 1
 0.782274 1 1 1 1
 0.782274 1 1 1 1
 0.782274 1 1 1 1
 0.782274 1 1 1 1
 0.782274 1 1 1 1
 0.782274 1 1 1 1
 0.782274 1 1 1 1
 0.782274 1 1 1 1
 0.782274 1 1 1 1
 0.782274 1 1 1 1
 0.782274 1 1 1 1
 0.782274 1 1 1 1
 0.782274 1 1 1 1
 0.782274 1 1 1 1
 0.782274 1 1 1 1
Sel_reclas
 1 1 1 1 1
 1 1 1 1 1
 1 1 1 1 1
 1 1 1 1 1
 1 1 1 1 1
 1 1 1 1 1
 1 1 1 1 1
 1 1 1 1 1
 1 1 1 1 1
 1 1 1 1 1
 1 1 1 1 1
 1 1 1 1 1
 1 1 1 1 1
 1 1 1 1 1
 1 1 1 1 1
 1 1 1 1 1
 1 1 1 1 1
 1 1 1 1 1
 1 1 1 1 1
 1 1 1 1 1
 1 1 1 1 1
 1 1 1 1 1
 1 1 1 1 1
 1 1 1 1 1
 1 1 1 1 1
 1 1 1 1 1
 1 1 1 1 1
 1 1 1 1 1
 1 1 1 1 1
 1 1 1 1 1
 1 1 1 1 1
Sel_pelaces
 1 1 1 1 1
 1 1 1 1 1
 1 1 1 1 1
 1 1 1 1 1
 1 1 1 1 1
 1 1 1 1 1
 1 1 1 1 1
 1 1 1 1 1
 1 1 1 1 1
 1 1 1 1 1
 1 1 1 1 1
 1 1 1 1 1
 1 1 1 1 1
 1 1 1 1 1
 1 1 1 1 1
 1 1 1 1 1
 1 1 1 1 1
 1 1 1 1 1
 1 1 1 1 1
 1 1 1 1 1
 1 1 1 1 1
 1 1 1 1 1
 1 1 1 1 1
 1 1 1 1 1
 1 1 1 1 1
 1 1 1 1 1
 1 1 1 1 1
 1 1 1 1 1
 1 1 1 1 1
 1 1 1 1 1
 1 1 1 1 1
pf_obs 
 0.8446 0.082 0.0669 0.0065 0
 0.8095 0.147 0.0364 0.0071 0
 0.9664 0.0169 0.016 0.0007 0
 0.9276 0.0648 0.0075 0.0001 0
 0.7033 0.2144 0.0806 0.0017 0
 0.9318 0.0425 0.0243 0.0014 0
 0.5671 0.3108 0.0964 0.0239 0.0018
 0.0768 0.2599 0.5324 0.112 0.0189
 0.490249 0.384438 0.106611 0.0170017 0.00170017
 0.7925 0.1577 0.0466 0.003 0.0002
 0.840416 0.127587 0.0312969 0.00059994 9.999e-05
 0.8084 0.0986 0.0794 0.0134 0.0002
 0.7335 0.1905 0.0724 0.0035 0.0001
 0.4001 0.4547 0.1325 0.0127 0
 0.49795 0.308269 0.164784 0.0264974 0.00249975
 0.9179 0.0499 0.0305 0.0017 0
 0.2467 0.6533 0.0926 0.0074 0
 0.9418 0.0223 0.034 0.0019 0
 0.707729 0.231977 0.0356964 0.0245975 0
 0.517169 0.277429 0.184464 0.0207286 0.00020938
 0.811772 0.124168 0.05621 0.00726502 0.000585176
 0.764997 0.148141 0.077277 0.00933861 0.000247198
 0.163321 0.427699 0.378323 0.0303852 0.000271297
 0.753843 0.0900009 0.118128 0.0371064 0.000921714
 0.721811 0.176058 0.0630433 0.0369309 0.00215725
 0.143369 0.312575 0.442814 0.0836902 0.0175525
 0.692698 0.0596174 0.167031 0.0765114 0.00414204
 0.394062 0.376323 0.152708 0.0712218 0.00568511
 0.125707 0.32114 0.495352 0.0537591 0.00404204
 0.23352 0.215282 0.420074 0.123614 0.00750983
 0.774587 0.0839891 0.0768558 0.0609784 0.00358967
pf_pred 
 0.452674 0.127196 0.395652 0.0244777 8.09429e-07
 0.413682 0.304047 0.0655981 0.204048 0.0126242
 0.563613 0.210699 0.117035 0.0252504 0.0834026
 0.729805 0.170402 0.0481827 0.0267637 0.0248468
 0.648225 0.275956 0.0478161 0.0135205 0.0144823
 0.749231 0.17695 0.0579092 0.0100342 0.00587638
 0.470701 0.422423 0.0754142 0.0246803 0.00678093
 0.454228 0.301205 0.195184 0.0348458 0.0145369
 0.541897 0.237572 0.121708 0.0788684 0.0199542
 0.71148 0.177158 0.0577527 0.0295867 0.0240233
 0.82209 0.137255 0.0249632 0.00813791 0.00755416
 0.739292 0.22345 0.0287438 0.00522779 0.00328623
 0.685502 0.250048 0.0552395 0.00710582 0.00210477
 0.632045 0.275236 0.0737175 0.0162853 0.0027154
 0.743363 0.182302 0.0556039 0.0148926 0.00383857
 0.939402 0.0484485 0.00863014 0.00263227 0.000886726
 0.372102 0.599288 0.0228737 0.00407449 0.0016614
 0.896214 0.0456164 0.055519 0.00211905 0.000531382
 0.593166 0.37411 0.014383 0.0175053 0.000835689
 0.599121 0.265431 0.124554 0.00478856 0.00610631
 0.736338 0.175732 0.0582205 0.02732 0.00238972
 0.737172 0.206834 0.0373198 0.0123642 0.00630941
 0.313007 0.542211 0.113937 0.0205581 0.0102866
 0.73587 0.0987765 0.130506 0.0274238 0.00742406
 0.619181 0.298782 0.0306794 0.0405344 0.0108235
 0.43267 0.385838 0.142394 0.0146213 0.0244763
 0.731217 0.133906 0.0917289 0.0338527 0.00929504
 0.684056 0.246604 0.0345451 0.0236642 0.0111313
 0.341555 0.486101 0.134519 0.0188439 0.0189805
 0.411634 0.237063 0.259352 0.0717706 0.0201806
 0.820584 0.0858522 0.0376985 0.041243 0.0146224
pobs_RECLAS
 0 0 0 0 0
 0 0 0 0 0
 0 0 0 0 0
 0 0 0 0 0
 0 0 0 0 0
 0 0 0 0 0
 0 0 0 0 0
 0 0 0 0 0
 0 0 0 0 0
 0 0 0 0 0
 0.991045 0.00858322 0.000360255 1.14367e-05 0
 0.934742 0.0480273 0.0164251 0.00080598 0
 0.827803 0.169806 0.00239088 0 0
 0.941827 0.0461693 0.0120037 0 0
 0.791401 0.0380133 0.147996 0.0225897 0
 0.846168 0.0940531 0.0597789 0 0
 0.134021 0.677848 0.182769 0.00536245 0
 0.80878 0.0450904 0.141981 0.00414843 0
 0.846168 0.0940531 0.0597789 0 0
 0.905697 0.0802665 0.012482 0.00150086 5.37128e-05
 0.989698 0.0102097 9.19794e-05 0 0
 0.975433 0.0193895 0.00387452 0.00125025 5.28907e-05
 0.303575 0.632131 0.0575291 0.00676475 0
 0.966965 0.00978017 0.0227588 0.000495775 0
 0.843318 0.132988 0.00938335 0.0141283 0.000182051
 0.564624 0.303363 0.111486 0.0197234 0.00080311
 0.826376 0.0876187 0.0782897 0.00655872 0.00115652
 0.89761 0.0855135 0.0140674 0.00269457 0.000114338
 0.34875 0.467042 0.161289 0.0227151 0.000203297
 0.318654 0.224769 0.449479 0.00709798 0
 0.937255 0.0296025 0.0250945 0.00804832 0
ppred_RECLAS
 0.51464 0.112795 0.350858 0.0217064 7.17788e-07
 0.475658 0.271909 0.0586642 0.18248 0.0112898
 0.624103 0.181493 0.100813 0.0217503 0.0718417
 0.777067 0.140595 0.0397547 0.0220822 0.0205006
 0.702555 0.233336 0.0404312 0.0114323 0.0122456
 0.793441 0.145754 0.0477 0.0082652 0.00484039
 0.535934 0.370363 0.06612 0.0216387 0.00594523
 0.515953 0.26714 0.17311 0.0309049 0.0128929
 0.6041 0.205314 0.105182 0.0681594 0.0172447
 0.761542 0.146418 0.0477319 0.0244531 0.019855
 0.855505 0.111475 0.0202746 0.00660944 0.00613534
 0.785954 0.183456 0.0235992 0.00429211 0.00269805
 0.738182 0.208164 0.0459866 0.00591556 0.00175221
 0.692152 0.230276 0.0616755 0.0136251 0.00227183
 0.789748 0.149353 0.045554 0.0122009 0.00314478
 0.952421 0.0380403 0.00677613 0.00206678 0.000696232
 0.432446 0.541694 0.0206754 0.00368291 0.00150173
 0.91738 0.0363134 0.0441964 0.00168689 0.000423012
 0.65284 0.319236 0.0122733 0.0149377 0.000713112
 0.658186 0.226323 0.106202 0.00408302 0.00520662
 0.782155 0.145195 0.0481035 0.0225726 0.00197446
 0.783203 0.17061 0.0307837 0.0101988 0.0052044
 0.369006 0.498014 0.10465 0.0188823 0.00944809
 0.781376 0.0817584 0.108021 0.022699 0.00614498
 0.675946 0.254245 0.0261063 0.0344923 0.00921017
 0.494353 0.343888 0.126913 0.0130316 0.0218151
 0.777284 0.110956 0.0760077 0.0280508 0.00770198
 0.735161 0.206714 0.0289572 0.0198364 0.00933073
 0.399364 0.443423 0.122709 0.0171895 0.0173141
 0.473141 0.21228 0.23224 0.0642678 0.018071
 0.85449 0.0696277 0.0305742 0.0334489 0.011859
pobs_PELACES
 0 0 0 0 0
 0 0 0 0 0
 0 0 0 0 0
 0 0 0 0 0
 0 0 0 0 0
 0 0 0 0 0
 0 0 0 0 0
 0 0 0 0 0
 0 0 0 0 0
 0 0 0 0 0
 0 0 0 0 0
 0 0 0 0 0
 0 0 0 0 0
 0 0 0 0 0
 0 0 0 0 0
 0 0 0 0 0
 0.505614 0.472636 0.0217494 0 0
 0 0 0 0 0
 0.443492 0.261883 0.143347 0.151278 0
 0.227955 0.32914 0.350689 0.0885471 0.00366901
 0.970185 0.0296113 0.000203453 0 0
 0.997202 0.00247181 0.000326279 0 0
 0.445219 0.490057 0.0546422 0.010081 0
 0.90214 0.0892962 0.00764917 0.000914606 0
 0 0 0 0 0
 0.581667 0.319106 0.0959925 0.00289975 0.000334073
 0.762889 0.0836404 0.116647 0.0363945 0.000428098
 0.88444 0.0763242 0.0277011 0.0115352 0
 0.521256 0.241999 0.230069 0.00667565 0
 0.616807 0.101726 0.260614 0.0208532 0
 0.833518 0.0704572 0.0857862 0.0102388 0
ppred_PELACES
 0.517235 0.112192 0.348982 0.0215904 7.13951e-07
 0.480388 0.269456 0.058135 0.180834 0.011188
 0.628437 0.1794 0.09965 0.0214995 0.0710133
 0.781971 0.137502 0.0388801 0.0215964 0.0200496
 0.704585 0.231744 0.0401553 0.0113543 0.0121621
 0.796512 0.143587 0.0469907 0.0081423 0.00476841
 0.546474 0.361951 0.0646182 0.0211472 0.0058102
 0.5177 0.266175 0.172485 0.0307933 0.0128463
 0.610658 0.201913 0.10344 0.0670303 0.016959
 0.768137 0.142369 0.0464118 0.0237768 0.0193058
 0.856553 0.110667 0.0201276 0.00656154 0.00609087
 0.792003 0.178272 0.0229323 0.0041708 0.0026218
 0.744701 0.202981 0.0448416 0.00576826 0.00170858
 0.704234 0.221238 0.0592549 0.0130903 0.00218267
 0.79623 0.144748 0.0441494 0.0118247 0.00304782
 0.95376 0.0369694 0.00658537 0.0020086 0.000676631
 0.437115 0.537238 0.0205053 0.00365262 0.00148938
 0.918828 0.0356772 0.0434221 0.00165734 0.000415601
 0.658979 0.313591 0.0120562 0.0146735 0.0007005
 0.663687 0.22268 0.104493 0.00401731 0.00512283
 0.785333 0.143076 0.0474016 0.0222433 0.00194565
 0.78721 0.167457 0.0302148 0.0100103 0.00510821
 0.372278 0.495431 0.104107 0.0187844 0.00939909
 0.783492 0.0809671 0.106976 0.0224793 0.0060855
 0.678687 0.252094 0.0258855 0.0342005 0.00913226
 0.496888 0.342164 0.126276 0.0129663 0.0217058
 0.779429 0.109887 0.0752753 0.0277805 0.00762777
 0.737207 0.205118 0.0287336 0.0196832 0.00925866
 0.401708 0.441693 0.12223 0.0171224 0.0172465
 0.476683 0.210853 0.230678 0.0638358 0.0179495
 0.85635 0.068738 0.0301835 0.0330214 0.0117075
pobs_pel_tallas
 0 0 0 0 0 0 0 0 0 0 0 0 0 0 0 0 0 0 0 0 0 0 0 0 0 0
 0 0 0 0 0 0 0 0 0 0 0 0 0 0 0 0 0 0 0 0 0 0 0 0 0 0
 0 0 0 0 0 0 0 0 0 0 0 0 0 0 0 0 0 0 0 0 0 0 0 0 0 0
 0 0 0 0 0 0 0 0 0 0 0 0 0 0 0 0 0 0 0 0 0 0 0 0 0 0
 0 0 0 0 0 0 0 0 0 0 0 0 0 0 0 0 0 0 0 0 0 0 0 0 0 0
 0 0 0 0 0 0 0 0 0 0 0 0 0 0 0 0 0 0 0 0 0 0 0 0 0 0
 0 0 0 0 0 0 0 0 0 0 0 0 0 0 0 0 0 0 0 0 0 0 0 0 0 0
 0 0 0 0 0 0 0 0 0 0 0 0 0 0 0 0 0 0 0 0 0 0 0 0 0 0
 0 0 0 0 0 0 0 0 0 0 0 0 0 0 0 0 0 0 0 0 0 0 0 0 0 0
 0 0 0 0 0 0 0 0 0 0 0 0 0 0 0 0 0 0 0 0 0 0 0 0 0 0
 0 0 0 0 0 0 0 0 0 0 0 0 0 0 0 0 0 0 0 0 0 0 0 0 0 0
 0 0 0 0 0 0 0 0 0 0 0 0 0 0 0 0 0 0 0 0 0 0 0 0 0 0
 0.00862536 0 0 0.000197151 0.00414017 0.0128641 0.00837892 0.0270097 0.101434 0.158115 0.152841 0.127902 0.109271 0.109419 0.0830992 0.0579132 0.0238553 0.00714673 0.00463305 0.00128148 0.00103504 0.000492878 0.000147863 0.000147863 4.92878e-05 0
 0 0 0 0 0 0 0 0 0 0 0 0 0 0 0 0 0 0 0 0 0 0 0 0 0 0
 0 0 0 0 0 0 0 0.0054083 0.00873648 0.0413646 0.0450493 0.0745869 0.0622846 0.0627006 0.0613931 0.0827291 0.12552 0.122667 0.0946155 0.0697135 0.0546179 0.0294188 0.0215738 0.0213955 0.0102223 0.00600262
 0 0 0 0 0.00359764 0.0251062 0.0480494 0.140153 0.205849 0.193036 0.1447 0.116669 0.0760912 0.0342217 0.00950174 0.001854 0.000860785 0 0 0 0.000165536 0 0.000143464 0 0 0
 0 0 0 0 0 0 0 0.000145254 0.000435761 0.0275982 0.070085 0.0708112 0.156366 0.174668 0.174014 0.160142 0.0824315 0.0480064 0.0283245 0.00493863 0.00203355 0 0 0 0 0
 0 0 0 0 0 0 0 0 0 0 0 0 0 0 0 0 0 0 0 0 0 0 0 0 0 0
 0 0 1.00437e-05 0.000401748 0.00122533 0.00171747 0.00176769 0.0269171 0.070346 0.194647 0.189555 0.159765 0.064822 0.0314167 0.0384472 0.0292271 0.0345202 0.0313363 0.0194345 0.0106764 0.0143323 0.0359363 0.0279516 0.0138201 0.00172751 0
 0 0.0021121 0.0136068 0.0755702 0.200478 0.177729 0.0527432 0.0373336 0.0318909 0.0142505 0.0149659 0.0166563 0.0217959 0.0798694 0.0677717 0.0528807 0.04013 0.0224614 0.0357745 0.0225083 0.00881397 0.00855152 0.00135912 0.000746735 0 0
 0 0 0 0 5.4009e-05 0.00500934 0.000945158 0.0243581 0.138947 0.33067 0.221406 0.137944 0.0707744 0.0437923 0.0131692 0.00525238 0.0047753 0.00276346 9.45158e-05 9.00151e-06 2.25038e-05 9.00151e-06 4.50075e-06 0 0 0
 0.000866109 0.00284123 0.00948549 0.0512746 0.133035 0.25785 0.225252 0.132002 0.0553304 0.0519788 0.0540692 0.017754 0.00435017 0.00159236 0.00146478 0.000404838 0.000125132 0.000115318 0.000107957 0.000100596 0 0 0 0 0 0
 0 0 0 0 0.00144013 0.00171154 0.00461396 0.0210425 0.0478622 0.0707936 0.0888783 0.103762 0.0637923 0.0337046 0.0602308 0.124433 0.169614 0.0934646 0.0462172 0.0250306 0.0313229 0.00938855 0.002487 0.000210481 0 0
 0 0.00764035 0.051015 0.0998891 0.058973 0.0496711 0.0374665 0.0718981 0.12319 0.153886 0.159021 0.0857701 0.0377988 0.023471 0.0147837 0.00900784 0.00315554 0.000888139 0.00291439 0.00214683 0.00393193 0.00274676 0.000635225 9.99891e-05 0 0
 0 0 0 0 0 0 0 0 0 0 0 0 0 0 0 0 0 0 0 0 0 0 0 0 0 0
 0 0 0 0 0 0 0 0 0 0 0 0 0 0 0 0 0 0 0 0 0 0 0 0 0 0
 0 0 0 0 0 0 0 0 0 0 0 0 0 0 0 0 0 0 0 0 0 0 0 0 0 0
 0 0 0 0 0 0 0 0 0 0 0 0 0 0 0 0 0 0 0 0 0 0 0 0 0 0
 0 0 0 0 0 0 0 0 0 0 0 0 0 0 0 0 0 0 0 0 0 0 0 0 0 0
 0 0 0 0 0 0 0 0 0 0 0 0 0 0 0 0 0 0 0 0 0 0 0 0 0 0
 0 0 0 0 0 0 0 0 0 0 0 0 0 0 0 0 0 0 0 0 0 0 0 0 0 0
ppred_pel_tallas
 1.12265e-16 4.2604e-05 0.000414126 0.00275201 0.0125103 0.0389241 0.0829323 0.121045 0.121056 0.0829879 0.0391124 0.0130607 0.00415854 0.00356702 0.00627152 0.0109277 0.0171939 0.0246462 0.0327661 0.041133 0.0493501 0.0566909 0.0618789 0.0634098 0.0603209 0.0528487
 1.21775e-16 3.95689e-05 0.000384624 0.00255596 0.0116191 0.0361513 0.0770252 0.112426 0.112452 0.0771526 0.0365795 0.012857 0.00566882 0.00719926 0.0130416 0.0216647 0.0316256 0.0407295 0.0468487 0.0492144 0.0489467 0.0482536 0.0488881 0.0510507 0.0534384 0.054187
 1.17096e-16 5.17636e-05 0.00050316 0.00334368 0.0151999 0.0472926 0.100763 0.147069 0.147087 0.100848 0.0475791 0.0160292 0.00543215 0.00508516 0.00882207 0.014685 0.0215867 0.0280923 0.0327955 0.0351244 0.0356775 0.0357284 0.0362918 0.0374948 0.0386441 0.0387741
 1.06717e-16 6.441e-05 0.000626088 0.00416057 0.0189134 0.0588466 0.125379 0.182998 0.183011 0.125444 0.0590649 0.0195444 0.00574654 0.00409533 0.00667441 0.0109896 0.0159642 0.0203813 0.0230585 0.023487 0.0221367 0.0201094 0.0184189 0.0174592 0.0169812 0.0164448
 1.04415e-16 5.80357e-05 0.000564128 0.00374883 0.0170417 0.053023 0.112972 0.164891 0.164913 0.113081 0.0533898 0.0181012 0.00640925 0.00637443 0.0111007 0.0182808 0.0263796 0.0332848 0.0368865 0.0362234 0.032052 0.0263156 0.020955 0.0169874 0.0143884 0.0125784
 1.03017e-16 6.56077e-05 0.00063773 0.00423794 0.0192651 0.0599409 0.127711 0.186401 0.186414 0.127779 0.0601688 0.019924 0.00589414 0.00426017 0.00696564 0.011465 0.0166341 0.0211787 0.0238198 0.0239594 0.0220091 0.0190566 0.0161559 0.0138104 0.0119563 0.01029
 1.05062e-16 4.50124e-05 0.000437536 0.00290759 0.0132175 0.0411247 0.0876218 0.127894 0.127929 0.0877924 0.0416976 0.0148725 0.00706305 0.00951307 0.0172933 0.0285506 0.0412008 0.0519756 0.0575692 0.0564579 0.0497915 0.0405715 0.0318085 0.0251018 0.0204679 0.0170962
 1.10308e-16 4.26423e-05 0.000414499 0.00275449 0.0125215 0.0389593 0.0830078 0.121158 0.121184 0.0831343 0.0393847 0.0137532 0.00585679 0.00722193 0.0130743 0.0218167 0.0320546 0.0416315 0.0483421 0.0511269 0.0505838 0.0483083 0.0456503 0.0429451 0.0397055 0.0353684
 1.12629e-16 5.02991e-05 0.000488925 0.00324908 0.0147699 0.0459546 0.097912 0.142909 0.142929 0.0980078 0.0462769 0.0157024 0.00559709 0.0056385 0.00990144 0.0164791 0.0241871 0.0313912 0.0364706 0.0387282 0.0387715 0.0379651 0.0374019 0.0372333 0.036786 0.0351986
 1.07028e-16 6.32704e-05 0.000615011 0.00408697 0.0185788 0.0578055 0.123161 0.17976 0.179774 0.123229 0.0580317 0.0192328 0.00573131 0.00421348 0.00692394 0.0114177 0.016613 0.0212641 0.0241561 0.0247627 0.0235542 0.0216381 0.0200198 0.0190681 0.0185075 0.0177919
 1.02298e-16 7.05531e-05 0.000685802 0.00455739 0.0207173 0.0644591 0.137337 0.20045 0.200461 0.13739 0.0646343 0.0212234 0.00582831 0.00346181 0.00534744 0.00874151 0.0126165 0.0159332 0.0176852 0.0174166 0.015489 0.0128261 0.0103455 0.00852041 0.00732613 0.00647668
 1.0157e-16 6.52363e-05 0.00063412 0.00421395 0.019156 0.0596016 0.126988 0.185346 0.185364 0.127072 0.0598834 0.01997 0.00625688 0.0050932 0.00853191 0.0139966 0.0201441 0.0253055 0.0278251 0.0269378 0.02322 0.0181939 0.0134169 0.00976405 0.00731537 0.00570412
 1.02214e-16 6.13401e-05 0.000596247 0.00396227 0.0180119 0.0560419 0.119404 0.174278 0.174297 0.1195 0.0563634 0.0189408 0.00629506 0.00569257 0.00975132 0.0160527 0.0231849 0.0292922 0.0325171 0.0319894 0.0283196 0.0231445 0.0181114 0.014105 0.011168 0.0089197
 1.03449e-16 5.80069e-05 0.000563848 0.00374697 0.0170332 0.0529967 0.112916 0.164808 0.16483 0.11302 0.0533475 0.018047 0.00629392 0.00613114 0.0106526 0.0175749 0.0254417 0.0322653 0.0360503 0.0358641 0.0323597 0.0272699 0.0223042 0.0183278 0.0153065 0.0127908
 1.03013e-16 6.55845e-05 0.000637504 0.00423644 0.0192583 0.0599197 0.127666 0.186335 0.186349 0.127734 0.0601494 0.0199223 0.00590513 0.00428668 0.0070149 0.0115428 0.0167378 0.0212931 0.0239181 0.0240135 0.0220034 0.0189975 0.0160704 0.0137339 0.0119161 0.0102943
 1.00516e-16 7.856e-05 0.000763631 0.00507459 0.0230684 0.0717743 0.152923 0.223196 0.2232 0.15294 0.0718328 0.0232374 0.00549902 0.00169056 0.00184017 0.00292104 0.00420781 0.00530739 0.00587751 0.00576219 0.00507882 0.00413422 0.00323636 0.00254925 0.00207523 0.00173185
 1.01348e-16 3.60047e-05 0.000349978 0.00232573 0.0105725 0.0328952 0.0700885 0.102307 0.102359 0.0703411 0.0337428 0.0130196 0.0084638 0.0137346 0.0254121 0.0418395 0.0599982 0.0748809 0.0814088 0.0772398 0.0641944 0.0470923 0.0309708 0.0188193 0.0111161 0.00679221
 1.01499e-16 7.56826e-05 0.000735662 0.00488873 0.0222235 0.0691455 0.147322 0.215021 0.215025 0.147339 0.0692032 0.0223908 0.00531149 0.00166791 0.00187358 0.00304876 0.00454946 0.00606273 0.00731177 0.00814764 0.00859544 0.00876434 0.00870763 0.00836921 0.00765738 0.00656245
 1.02019e-16 5.42793e-05 0.000527614 0.00350618 0.0159386 0.0495911 0.10566 0.154221 0.154251 0.105808 0.050086 0.0173674 0.00709022 0.00834395 0.0148767 0.0244505 0.0350829 0.0438412 0.0477818 0.045564 0.03827 0.0287134 0.0198019 0.0132114 0.00912717 0.00683452
 1.04343e-16 5.4667e-05 0.000531383 0.00353123 0.0160525 0.0499453 0.106415 0.15532 0.155341 0.10652 0.0502998 0.0170777 0.00611008 0.00617866 0.0108313 0.0179534 0.0261665 0.0335447 0.0381338 0.0389855 0.0366439 0.0326324 0.0283986 0.024593 0.0211129 0.0176273
 1.03965e-16 6.46869e-05 0.00062878 0.00417846 0.0189947 0.0590996 0.125919 0.183785 0.183798 0.125986 0.0593269 0.0196517 0.00583014 0.00424246 0.0069516 0.0114531 0.016642 0.0212461 0.0240133 0.0243712 0.0227449 0.0202112 0.0177805 0.0158816 0.0143611 0.0128381
 1.02784e-16 6.48415e-05 0.000630282 0.00418845 0.0190401 0.0592409 0.12622 0.184224 0.184241 0.126298 0.0595059 0.0198058 0.00611124 0.00482989 0.008047 0.0132176 0.0190748 0.0240745 0.0266897 0.0262214 0.023207 0.0190381 0.0151049 0.0121366 0.0101226 0.00866556
 1.06606e-16 3.06642e-05 0.000298067 0.00198076 0.00900428 0.0280159 0.0596926 0.0871332 0.087181 0.0599263 0.0288005 0.0112711 0.00767339 0.0127338 0.0236739 0.0391558 0.0565576 0.0714464 0.0793061 0.078034 0.0691538 0.0566974 0.0447081 0.035335 0.0286267 0.0235637
 1.06393e-16 6.45352e-05 0.000627306 0.00416867 0.0189502 0.058961 0.125623 0.183352 0.18336 0.125662 0.0590923 0.0193314 0.0051331 0.00275778 0.0041845 0.00700896 0.0105429 0.0142073 0.0174362 0.0199439 0.021811 0.0232535 0.0242888 0.0246212 0.023846 0.0217726
 1.05787e-16 5.59026e-05 0.000543393 0.00361104 0.0164153 0.0510742 0.10882 0.158831 0.158855 0.108939 0.0514727 0.0175664 0.00650055 0.00685127 0.0120365 0.0198144 0.0285532 0.0359534 0.0397279 0.0388667 0.0342601 0.0281056 0.0225762 0.0187745 0.0165827 0.0152138
 1.08706e-16 4.09281e-05 0.000397836 0.00264376 0.0120182 0.0373931 0.0796713 0.116289 0.116323 0.0798331 0.0379368 0.0135901 0.00659551 0.00904454 0.0165214 0.0274021 0.0398293 0.0508401 0.0574194 0.0581537 0.0540052 0.0475131 0.0411102 0.0359162 0.0317232 0.027789
 1.06278e-16 6.42006e-05 0.000624053 0.00414705 0.0188519 0.0586553 0.124972 0.182402 0.182413 0.125024 0.0588312 0.0193613 0.00543077 0.00344324 0.00546806 0.00906923 0.0133676 0.0174655 0.0204874 0.0220333 0.022371 0.022144 0.0218442 0.0214959 0.0207587 0.0192756
 1.04423e-16 6.07228e-05 0.000590247 0.0039224 0.0178307 0.055478 0.118202 0.172524 0.172544 0.118299 0.0558024 0.018768 0.00627554 0.00572851 0.00982351 0.0161565 0.0233005 0.0293771 0.0325237 0.0319062 0.0282218 0.0232228 0.0186476 0.0153875 0.0133762 0.0120308
 1.08276e-16 3.30882e-05 0.00032163 0.00213734 0.00971608 0.0302306 0.064411 0.0940186 0.0940613 0.0646195 0.030931 0.0117405 0.00722351 0.0114402 0.0211944 0.0351045 0.0508425 0.0645149 0.0721537 0.0719074 0.0650881 0.0551585 0.045528 0.0379113 0.0322141 0.0274984
 1.16151e-16 3.92638e-05 0.000381658 0.00253625 0.0115295 0.0358725 0.076431 0.111558 0.111578 0.0765321 0.0362129 0.012517 0.00503136 0.00588276 0.0106468 0.017959 0.0268532 0.0358471 0.0434177 0.0488337 0.0524319 0.0550199 0.0569453 0.0576826 0.0562506 0.0520104
 1.06182e-16 7.05364e-05 0.000685639 0.00455631 0.0207123 0.0644438 0.137305 0.200401 0.200408 0.137337 0.0645534 0.0210296 0.00535513 0.0024375 0.0034219 0.00561109 0.00823592 0.010708 0.0124938 0.0133907 0.0136487 0.0137694 0.0141316 0.0147418 0.0152688 0.0152827
pSPR Fmed_Fpbrs
0.621572   0.215037 0.215037
Fs Fmed_Fpbrs
0.2603   1.005 1.005
SSBpbr Bo_Bmed_Bpbrs
1.83377e+06  1.04813e+06  302640 302640
Ro
168015
SPR SPRFo_SPRFmed_SPRFpbrs
1.20096e+06 746484 258251
Fref
0.7035
Nvult_r0
 199228 16944 7440.25 8139.8 2885.91
CTP_r0
 28024 2931.97 1287.45 1408.5 499.375
YTP_r0
391295
Np
 231481 49115.2 16472.8 1312.05 681.013
Nvult_p0
 182366 40174 13474 1073.19 557.038
CTP_p0
 64735.5 30566 2434.56 1069.04 1518.57
 64735.5 16590.8 5564.39 443.2 230.042
YTP_p0
 1.11962e+06 905245
CBA_c0
1.05531e+06
log_Ro
11.8518
likeval ReclasPelacesDesembMPH_pf_preclas_ppelaces_ptallas_desvR_qrecl_qpela
 13.1798 18.2972 0.0545487 0.00260534 241.137 118.358 98.5281 0 24.9342 0 0 0.278003 0 0 0
q_reclas_q_pelaces
1 1
M
1
N
 192188 42790.5 133103 8234.67 0.272304
 107327 63141 13622.6 42374.3 2621.65
 107396 32120.3 17841.6 3849.32 12714.4
 170936 32294.1 9131.45 5072.18 4708.89
 136743 46090.3 7986.28 2258.2 2418.85
 239386 45248.5 14808.2 2565.89 1502.67
 97330.3 71729.4 12805.7 4190.84 1151.43
 43102 22554.3 14615.5 2609.27 1088.53
 41468 14693.3 7527.38 4877.83 1234.12
 55634.9 11307.8 3686.31 1888.49 1533.39
 104020 13729.8 2497.11 814.049 755.656
 141447 34885.1 4487.49 816.163 513.047
 117996 35033.9 7739.52 995.585 294.895
 82602.6 29976.1 8028.58 1773.64 295.735
 81065.7 16276.1 4964.35 1329.62 342.71
 464165 19400.1 3455.74 1054.03 355.069
 95583.4 123227 4703.32 837.803 341.62
 701578 28593.1 34800.2 1328.25 333.079
 410719 209292 8046.39 9793.14 467.517
 314836 112361 52725.6 2027.08 2584.91
 464215 88658.1 29372.8 13783.2 1205.64
 616567 139233 25122.3 8323.12 4247.26
 127031 175125 36799.8 6639.91 3322.39
 376210 40112.6 52997.8 11136.7 3014.87
 315332 120882 12412.4 16399.5 4379.02
 143257 101198 37347.1 3834.87 6419.64
 324417 47191.2 32327.1 11930.4 3275.76
 364819 104231 14601 10002 4704.79
 106197 119669 33116.2 4639.03 4672.65
 76629.6 35128.7 38431.7 10635.2 2990.44
 289715 24151.2 10605 11602.1 4113.45
pred_Ctot
 13112.5 3684.46 11460.8 709.043 0.0234466
 12866.5 9456.61 2040.26 6346.39 392.644
 12602.5 4711.28 2616.94 564.603 1864.9
 29593.6 6909.77 1953.8 1085.26 1007.53
 8764.15 3730.98 646.485 182.8 195.804
 28542.7 6741.07 2206.11 382.263 223.866
 23636 21211.8 3786.88 1239.31 340.501
 2010.92 1333.47 864.103 154.266 64.3567
 6949.85 3046.88 1560.92 1011.49 255.913
 11956.7 2977.19 970.554 497.215 403.72
 5854.86 977.515 177.786 57.9575 53.8001
 30164.7 9117.26 1172.81 213.305 134.086
 23783.9 8675.57 1916.57 246.54 73.0261
 25493.8 11101.8 2973.42 656.875 109.527
 18542.3 4547.32 1386.98 371.478 95.7487
 83862.2 4325.08 770.428 234.988 79.1597
 11481.2 18491 705.767 125.718 51.2626
 85304.6 4341.92 5284.48 201.698 50.5787
 68177.2 42999.4 1653.15 2012.02 96.0522
 47700.8 21133.1 9916.7 381.256 486.172
 55107.6 13151.8 4357.23 2044.63 178.847
 90719.5 25453.9 4592.73 1521.59 776.463
 11516.8 19950.2 4192.22 756.415 378.485
 30435 4085.32 5397.62 1134.23 307.053
 25727.6 12414.7 1274.76 1684.25 449.729
 9553.69 8519.61 3144.18 322.849 540.456
 26262.3 4809.35 3294.52 1215.85 333.839
 25219.3 9091.6 1273.58 872.436 410.379
 6827.02 9716.21 2688.77 376.653 379.383
 7028.77 4047.91 4428.51 1225.5 344.59
 28024 2931.97 1287.45 1408.5 499.375
F
 0.113103 0.144583 0.144583 0.144583 0.144583
 0.206392 0.263836 0.263836 0.263836 0.263836
 0.201641 0.257763 0.257763 0.257763 0.257763
 0.310687 0.397159 0.397159 0.397159 0.397159
 0.105936 0.135421 0.135421 0.135421 0.135421
 0.205175 0.262281 0.262281 0.262281 0.262281
 0.462183 0.59082 0.59082 0.59082 0.59082
 0.0761776 0.0973797 0.0973797 0.0973797 0.0973797
 0.299429 0.382767 0.382767 0.382767 0.382767
 0.399241 0.51036 0.51036 0.51036 0.51036
 0.0925231 0.118275 0.118275 0.118275 0.118275
 0.395611 0.505719 0.505719 0.505719 0.505719
 0.370255 0.473306 0.473306 0.473306 0.473306
 0.624346 0.798117 0.798117 0.798117 0.798117
 0.429983 0.549659 0.549659 0.549659 0.549659
 0.326215 0.417009 0.417009 0.417009 0.417009
 0.206835 0.264402 0.264402 0.264402 0.264402
 0.209603 0.267941 0.267941 0.267941 0.267941
 0.29619 0.378627 0.378627 0.378627 0.378627
 0.267265 0.341652 0.341652 0.341652 0.341652
 0.204197 0.26103 0.26103 0.26103 0.26103
 0.258665 0.330658 0.330658 0.330658 0.330658
 0.15274 0.195251 0.195251 0.195251 0.195251
 0.135331 0.172997 0.172997 0.172997 0.172997
 0.136553 0.174559 0.174559 0.174559 0.174559
 0.110432 0.141168 0.141168 0.141168 0.141168
 0.135425 0.173118 0.173118 0.173118 0.173118
 0.114669 0.146585 0.146585 0.146585 0.146585
 0.106272 0.13585 0.13585 0.13585 0.13585
 0.154649 0.197692 0.197692 0.197692 0.197692
 0.163688 0.209247 0.209247 0.209247 0.209247
YTP_r0W_actual
 238204 47791.1 37207.4 49016 19076.1
YTP_p0W_proyectada
 486811 492724 56920.1 31536.6 51631.5
 486811 267443 130096 13074.4 7821.42
CTP_r0_actual
 28024 2931.97 1287.45 1408.5 499.375
CTP_p0_proyectada
 64735.5 30566 2434.56 1069.04 1518.57
 64735.5 16590.8 5564.39 443.2 230.042
Wmedp
 7.52 16.12 23.38 29.5 34
Frms_r0
 0.163688 0.209247 0.209247 0.209247 0.209247
Zrms_r0
 1.16369 1.20925 1.20925 1.20925 1.20925
nmprior
 8.19 8.8 8.5 0
nm_flota  nm_reclas  nm_pelaces    nm_pelaL
inf 12.7729 18.3 43.7711
cv_recla  cv_pelaces  cv_mph
0.328381 0.485026 1.57521
 ------------------------------------------------
Talla a la edad & desviaci?n 
 8 13.2811 15.8009 17.003 17.5766
 0.8 1.32811 1.58009 1.7003 1.75766
