years
 1991 1992 1993 1994 1995 1996 1997 1998 1999 2000 2001 2002 2003 2004 2005 2006 2007 2008 2009 2010 2011 2012 2013 2014 2015 2016 2017 2018 2019 2020 2021
reclasobs
 0 0 0 0 0 0 0 0 0 252601 567819 844713 477998 351125 339783 2.1784e+06 2.13404e+06 4.81314e+06 1.55562e+06 2.62356e+06 3.21686e+06 3.843e+06 1.13348e+06 3.07943e+06 1.97215e+06 2.03268e+06 2.025e+06 2.42433e+06 2.27542e+06 1.05018e+06 2.36338e+06
reclaspred
 4.48772e+06 3.85686e+06 2.52378e+06 2.31063e+06 1.4237e+06 2.39643e+06 2.53634e+06 1.45127e+06 1.58706e+06 1.564e+06 570113 2.09337e+06 3.26506e+06 3.07533e+06 2.5678e+06 3.41907e+06 3.54469e+06 6.43558e+06 8.09472e+06 4.99428e+06 8.16236e+06 6.45839e+06 3.82173e+06 4.31908e+06 3.67064e+06 2.57155e+06 3.58819e+06 3.15049e+06 2.75643e+06 2.42759e+06 3.36185e+06
pelacesobs
 0 0 0 0 0 0 0 0 0 0 0 0 0 0 0 552880 188675 0 991730 2.46772e+06 1.41603e+06 1.21717e+06 2.29649e+06 1.80582e+06 0 1.4828e+06 1.56532e+06 1.57751e+06 1.42118e+06 867257 1.10002e+06
pelacespred
 1.72848e+06 1.88401e+06 1.29466e+06 1.02746e+06 732509 1.18543e+06 1.25536e+06 761805 825372 780363 375267 974740 1.45625e+06 1.73649e+06 1.48985e+06 1.59976e+06 1.63511e+06 3.25426e+06 4.14931e+06 2.76829e+06 3.6995e+06 3.51369e+06 2.04996e+06 2.32349e+06 1.98721e+06 1.39029e+06 2.05078e+06 1.83982e+06 1.32053e+06 1.24825e+06 1.71439e+06
mphobs
 0 0 0 0 0 0 0 0 0 0 0 498337 0 5186 125008 0 168611 109162 213762 579715 649985 157893 87575 83554 0 0 0 0 0 0 0
mphpred
 2.85132e+06 3.91897e+06 2.31841e+06 2.15028e+06 1.40765e+06 969868 2.64073e+06 1.59928e+06 846962 1.63664e+06 781151 312222 3.03053e+06 2.00633e+06 2.49228e+06 2.11041e+06 3.4092e+06 2.24295e+06 7.1332e+06 5.73625e+06 4.0785e+06 6.88245e+06 4.19582e+06 2.37226e+06 3.94863e+06 2.30257e+06 1.88491e+06 3.13268e+06 2.58556e+06 1.80033e+06 2.12648e+06
desembarqueobs
 494567 514787 250237 358949 120608 361735 552515 73892 212993 205616 52469 317467 293654 387597 252695 516296 358380 742168 942051 627588 828172 859565 418607 520667 417249 300574 415391 372974 316634 284311 391294
desembarquepred
 522510 449636 293941 269385 165894 278544 295706 169199 184529 182341 66463.2 243006 380649 357783 299048 397819 413247 747811 942903 582210 949660 752649 445502 502292 427796 299482 417218 366930 321238 282555 391172
Reclutas
 748040 36627.2 579886 9083.73 122440 790938 1394.02 1029.39 282134 2991.79 5687.75 1.28025e+06 20259.2 597101 219179 955868 18049.4 2.56363e+06 986910 76509.3 1.72675e+06 468460 53246.3 798037 190787 237205 804077 272265 147492 385106 545400
log_desv_Rt
 1.63635 -1.38032 1.38172 -2.77462 -0.17349 1.69211 -4.64891 -4.95214 0.661274 -3.88524 -3.24279 2.17371 -1.9725 1.41098 0.408782 1.88151 -2.08799 2.86807 1.91347 -0.643695 2.47289 1.16834 -1.00618 1.70105 0.270053 0.487816 1.70859 0.62567 0.0126689 0.97241 1.32041
SSB
 2.85132e+06 3.91897e+06 2.31841e+06 2.15028e+06 1.40765e+06 969868 2.64073e+06 1.59928e+06 846962 1.63664e+06 781151 312222 3.03053e+06 2.00633e+06 2.49228e+06 2.11041e+06 3.4092e+06 2.24295e+06 7.1332e+06 5.73625e+06 4.0785e+06 6.88245e+06 4.19582e+06 2.37226e+06 3.94863e+06 2.30257e+06 1.88491e+06 3.13268e+06 2.58556e+06 1.80033e+06 2.12648e+06
BT
 5.2012e+06 4.78744e+06 3.69715e+06 2.59668e+06 1.98754e+06 4.63863e+06 3.15798e+06 1.91991e+06 3.04306e+06 1.96843e+06 952992 4.34173e+06 3.69898e+06 6.1583e+06 4.44553e+06 5.38849e+06 4.1463e+06 1.31901e+07 1.21722e+07 7.05854e+06 1.33329e+07 9.39224e+06 5.28347e+06 8.57953e+06 5.25085e+06 4.17365e+06 7.79965e+06 5.43004e+06 3.53094e+06 4.03751e+06 5.92156e+06
Ftot
 0.110803 0.110803 0.110803 0.110803 0.110803 0.110803 0.110803 0.110803 0.110803 0.110803 0.110803 0.110803 0.110803 0.110803 0.110803 0.110803 0.110803 0.110803 0.110803 0.110803 0.110803 0.110803 0.110803 0.110803 0.110803 0.110803 0.110803 0.110803 0.110803 0.110803 0.110803
BD_Bspro_t
 0.982428 0.902655 0.816134 0.81816 0.770975 0.759922 0.8789 0.804084 0.728379 0.852221 0.782958 0.716352 0.914205 0.825985 0.853 0.824098 0.858957 0.797124 0.893203 0.848676 0.778392 0.845759 0.812949 0.758613 0.84854 0.802773 0.808434 0.871837 0.842631 0.793769 0.832032
BD_Bspro
 2.73904 3.76465 2.22711 2.06561 1.35222 0.931676 2.53675 1.5363 0.81361 1.57219 0.75039 0.299927 2.9112 1.92732 2.39414 2.02731 3.27495 2.15462 6.85231 5.51037 3.9179 6.61143 4.0306 2.27884 3.79314 2.2119 1.81068 3.00932 2.48375 1.72943 2.04274
BD_Bo
 0.816557 1.12231 0.663941 0.615795 0.403122 0.277749 0.75625 0.457999 0.242552 0.468698 0.223705 0.0894136 0.867879 0.574569 0.713735 0.604376 0.976322 0.642331 2.0428 1.64274 1.168 1.97099 1.20159 0.679364 1.1308 0.659406 0.539797 0.897133 0.74045 0.515575 0.608977
BD_Brms
 3.46627 4.76418 2.81842 2.61404 1.71124 1.17904 3.21026 1.9442 1.02963 1.98961 0.949622 0.379559 3.68413 2.43903 3.02979 2.56556 4.14447 2.72668 8.67163 6.9734 4.95812 8.36679 5.10074 2.88389 4.80024 2.79917 2.29143 3.80831 3.1432 2.18861 2.58509
Sel_flota
 0.5 1 1 1 1
 0.5 1 1 1 1
 0.5 1 1 1 1
 0.5 1 1 1 1
 0.5 1 1 1 1
 0.5 1 1 1 1
 0.5 1 1 1 1
 0.5 1 1 1 1
 0.5 1 1 1 1
 0.5 1 1 1 1
 0.5 1 1 1 1
 0.5 1 1 1 1
 0.5 1 1 1 1
 0.5 1 1 1 1
 0.5 1 1 1 1
 0.5 1 1 1 1
 0.5 1 1 1 1
 0.5 1 1 1 1
 0.5 1 1 1 1
 0.5 1 1 1 1
 0.5 1 1 1 1
 0.5 1 1 1 1
 0.5 1 1 1 1
 0.5 1 1 1 1
 0.5 1 1 1 1
 0.5 1 1 1 1
 0.5 1 1 1 1
 0.5 1 1 1 1
 0.5 1 1 1 1
 0.5 1 1 1 1
 0.5 1 1 1 1
Sel_reclas
 0.5 1 1 1 1
 0.5 1 1 1 1
 0.5 1 1 1 1
 0.5 1 1 1 1
 0.5 1 1 1 1
 0.5 1 1 1 1
 0.5 1 1 1 1
 0.5 1 1 1 1
 0.5 1 1 1 1
 0.5 1 1 1 1
 0.5 1 1 1 1
 0.5 1 1 1 1
 0.5 1 1 1 1
 0.5 1 1 1 1
 0.5 1 1 1 1
 0.5 1 1 1 1
 0.5 1 1 1 1
 0.5 1 1 1 1
 0.5 1 1 1 1
 0.5 1 1 1 1
 0.5 1 1 1 1
 0.5 1 1 1 1
 0.5 1 1 1 1
 0.5 1 1 1 1
 0.5 1 1 1 1
 0.5 1 1 1 1
 0.5 1 1 1 1
 0.5 1 1 1 1
 0.5 1 1 1 1
 0.5 1 1 1 1
 0.5 1 1 1 1
Sel_pelaces
 0.5 1 1 1 1
 0.5 1 1 1 1
 0.5 1 1 1 1
 0.5 1 1 1 1
 0.5 1 1 1 1
 0.5 1 1 1 1
 0.5 1 1 1 1
 0.5 1 1 1 1
 0.5 1 1 1 1
 0.5 1 1 1 1
 0.5 1 1 1 1
 0.5 1 1 1 1
 0.5 1 1 1 1
 0.5 1 1 1 1
 0.5 1 1 1 1
 0.5 1 1 1 1
 0.5 1 1 1 1
 0.5 1 1 1 1
 0.5 1 1 1 1
 0.5 1 1 1 1
 0.5 1 1 1 1
 0.5 1 1 1 1
 0.5 1 1 1 1
 0.5 1 1 1 1
 0.5 1 1 1 1
 0.5 1 1 1 1
 0.5 1 1 1 1
 0.5 1 1 1 1
 0.5 1 1 1 1
 0.5 1 1 1 1
 0.5 1 1 1 1
pf_obs 
 0.8446 0.082 0.0669 0.0065 0
 0.8095 0.147 0.0364 0.0071 0
 0.9664 0.0169 0.016 0.0007 0
 0.9276 0.0648 0.0075 0.0001 0
 0.7033 0.2144 0.0806 0.0017 0
 0.9318 0.0425 0.0243 0.0014 0
 0.5671 0.3108 0.0964 0.0239 0.0018
 0.0768 0.2599 0.5324 0.112 0.0189
 0.490249 0.384438 0.106611 0.0170017 0.00170017
 0.7925 0.1577 0.0466 0.003 0.0002
 0.840416 0.127587 0.0312969 0.00059994 9.999e-05
 0.8084 0.0986 0.0794 0.0134 0.0002
 0.7335 0.1905 0.0724 0.0035 0.0001
 0.4001 0.4547 0.1325 0.0127 0
 0.49795 0.308269 0.164784 0.0264974 0.00249975
 0.9179 0.0499 0.0305 0.0017 0
 0.2467 0.6533 0.0926 0.0074 0
 0.9418 0.0223 0.034 0.0019 0
 0.707729 0.231977 0.0356964 0.0245975 0
 0.517169 0.277429 0.184464 0.0207286 0.00020938
 0.811772 0.124168 0.05621 0.00726502 0.000585176
 0.764997 0.148141 0.077277 0.00933861 0.000247198
 0.163321 0.427699 0.378323 0.0303852 0.000271297
 0.753843 0.0900009 0.118128 0.0371064 0.000921714
 0.721811 0.176058 0.0630433 0.0369309 0.00215725
 0.143369 0.312575 0.442814 0.0836902 0.0175525
 0.692698 0.0596174 0.167031 0.0765114 0.00414204
 0.394062 0.376323 0.152708 0.0712218 0.00568511
 0.125707 0.32114 0.495352 0.0537591 0.00404204
 0.23352 0.215282 0.420074 0.123614 0.00750983
 0.774587 0.0839891 0.0768558 0.0609784 0.00358967
pf_pred 
 0.512276 0.485797 0.00186873 4.04429e-05 1.74033e-05
 0.0469504 0.652432 0.29943 0.00115183 3.56546e-05
 0.68251 0.0293322 0.197265 0.0905338 0.000359039
 0.018445 0.801185 0.016664 0.112069 0.0516373
 0.425435 0.0214759 0.451454 0.00938985 0.0922454
 0.851662 0.089706 0.00219154 0.0460692 0.0103715
 0.00238325 0.920061 0.0469008 0.0011458 0.0295088
 0.00530254 0.00488595 0.912863 0.0465339 0.0304148
 0.814423 0.00202185 0.000901622 0.168454 0.0141996
 0.0138425 0.888209 0.00106715 0.000475881 0.0964055
 0.0730053 0.0261289 0.811389 0.00097485 0.0885023
 0.978858 0.00295896 0.000512524 0.0159156 0.00175512
 0.0224984 0.96739 0.00141524 0.000245135 0.00845172
 0.662905 0.0153038 0.318463 0.000465894 0.00286298
 0.302132 0.560042 0.00625717 0.130208 0.00136106
 0.75164 0.11727 0.105201 0.00117538 0.0247145
 0.0233667 0.841989 0.0635758 0.0570328 0.0140358
 0.907695 0.00434834 0.0758302 0.00572568 0.00640049
 0.350329 0.619198 0.00143556 0.0250346 0.00400334
 0.0566447 0.497161 0.425265 0.000985944 0.0199433
 0.785462 0.0236801 0.100585 0.0860387 0.00423435
 0.260446 0.653208 0.00953059 0.0404825 0.0363324
 0.0657339 0.393502 0.477628 0.0069688 0.0561673
 0.736556 0.0334386 0.0968756 0.117586 0.0155434
 0.230482 0.655971 0.0144124 0.0417544 0.0573804
 0.411259 0.22507 0.310009 0.00681123 0.0468507
 0.746386 0.149818 0.0396803 0.0546553 0.00946072
 0.299409 0.601652 0.0584461 0.0154798 0.0250126
 0.271859 0.341462 0.332071 0.0322583 0.0223491
 0.625632 0.163036 0.099104 0.0963785 0.0158489
 0.617447 0.296647 0.0374122 0.0227416 0.025753
pobs_RECLAS
 0 0 0 0 0
 0 0 0 0 0
 0 0 0 0 0
 0 0 0 0 0
 0 0 0 0 0
 0 0 0 0 0
 0 0 0 0 0
 0 0 0 0 0
 0 0 0 0 0
 0 0 0 0 0
 0.991045 0.00858322 0.000360255 1.14367e-05 0
 0.934742 0.0480273 0.0164251 0.00080598 0
 0.827803 0.169806 0.00239088 0 0
 0.941827 0.0461693 0.0120037 0 0
 0.791401 0.0380133 0.147996 0.0225897 0
 0.846168 0.0940531 0.0597789 0 0
 0.134021 0.677848 0.182769 0.00536245 0
 0.80878 0.0450904 0.141981 0.00414843 0
 0.846168 0.0940531 0.0597789 0 0
 0.905697 0.0802665 0.012482 0.00150086 5.37128e-05
 0.989698 0.0102097 9.19794e-05 0 0
 0.975433 0.0193895 0.00387452 0.00125025 5.28907e-05
 0.303575 0.632131 0.0575291 0.00676475 0
 0.966965 0.00978017 0.0227588 0.000495775 0
 0.843318 0.132988 0.00938335 0.0141283 0.000182051
 0.564624 0.303363 0.111486 0.0197234 0.00080311
 0.826376 0.0876187 0.0782897 0.00655872 0.00115652
 0.89761 0.0855135 0.0140674 0.00269457 0.000114338
 0.34875 0.467042 0.161289 0.0227151 0.000203297
 0.318654 0.224769 0.449479 0.00709798 0
 0.937255 0.0296025 0.0250945 0.00804832 0
ppred_RECLAS
 0.513502 0.484577 0.00186404 4.03413e-05 1.73596e-05
 0.0471704 0.652281 0.299361 0.00115156 3.56464e-05
 0.683572 0.0292341 0.196605 0.090231 0.000357839
 0.0185341 0.801112 0.0166625 0.112058 0.0516326
 0.426635 0.021431 0.450511 0.00937025 0.0920528
 0.85228 0.0893319 0.0021824 0.0458771 0.0103283
 0.00239494 0.920051 0.0469003 0.00114578 0.0295085
 0.00532847 0.00488582 0.912839 0.0465327 0.030414
 0.815163 0.00201379 0.000898025 0.167782 0.014143
 0.0139097 0.888148 0.00106707 0.000475849 0.096399
 0.073338 0.0261195 0.811098 0.0009745 0.0884705
 0.978959 0.00294478 0.000510069 0.0158393 0.00174671
 0.0226065 0.967282 0.00141508 0.000245108 0.00845078
 0.664 0.0152541 0.317428 0.00046438 0.00285368
 0.303167 0.559211 0.00624789 0.130015 0.00135904
 0.752554 0.116838 0.104813 0.00117105 0.0246235
 0.0234789 0.841892 0.0635685 0.0570263 0.0140341
 0.908106 0.00432902 0.0754932 0.00570024 0.00637205
 0.351446 0.618133 0.00143309 0.0249915 0.00399645
 0.0569074 0.497023 0.425147 0.000985669 0.0199377
 0.786288 0.023589 0.100198 0.0857077 0.00421806
 0.261392 0.652373 0.0095184 0.0404307 0.0362859
 0.0660358 0.393375 0.477474 0.00696655 0.0561491
 0.737507 0.0333179 0.096526 0.117162 0.0154873
 0.231353 0.655228 0.0143961 0.0417072 0.0573154
 0.412447 0.224615 0.309383 0.00679748 0.0467561
 0.747313 0.14927 0.0395352 0.0544554 0.00942612
 0.300439 0.600768 0.0583602 0.0154571 0.0249758
 0.272831 0.341006 0.331628 0.0322153 0.0223192
 0.626781 0.162536 0.0988 0.0960829 0.0158003
 0.618605 0.295749 0.0372989 0.0226727 0.0256751
pobs_PELACES
 0 0 0 0 0
 0 0 0 0 0
 0 0 0 0 0
 0 0 0 0 0
 0 0 0 0 0
 0 0 0 0 0
 0 0 0 0 0
 0 0 0 0 0
 0 0 0 0 0
 0 0 0 0 0
 0 0 0 0 0
 0 0 0 0 0
 0 0 0 0 0
 0 0 0 0 0
 0 0 0 0 0
 0 0 0 0 0
 0.505614 0.472636 0.0217494 0 0
 0 0 0 0 0
 0.443492 0.261883 0.143347 0.151278 0
 0.227955 0.32914 0.350689 0.0885471 0.00366901
 0.970185 0.0296113 0.000203453 0 0
 0.997202 0.00247181 0.000326279 0 0
 0.445219 0.490057 0.0546422 0.010081 0
 0.90214 0.0892962 0.00764917 0.000914606 0
 0 0 0 0 0
 0.581667 0.319106 0.0959925 0.00289975 0.000334073
 0.762889 0.0836404 0.116647 0.0363945 0.000428098
 0.88444 0.0763242 0.0277011 0.0115352 0
 0.521256 0.241999 0.230069 0.00667565 0
 0.616807 0.101726 0.260614 0.0208532 0
 0.833518 0.0704572 0.0857862 0.0102388 0
ppred_PELACES
 0.518068 0.480029 0.00184654 3.99627e-05 1.71966e-05
 0.0479989 0.651714 0.299101 0.00115056 3.56154e-05
 0.687513 0.02887 0.194157 0.0891072 0.000353382
 0.0188696 0.800839 0.0166568 0.11202 0.0516149
 0.431113 0.0212637 0.446993 0.00929707 0.0913338
 0.854567 0.0879489 0.00214861 0.0451669 0.0101684
 0.00243902 0.92001 0.0468982 0.00114573 0.0295072
 0.00542625 0.00488534 0.912749 0.0465281 0.030411
 0.817902 0.00198395 0.000884719 0.165296 0.0139334
 0.0141627 0.887921 0.0010668 0.000475727 0.0963743
 0.0745902 0.0260842 0.810001 0.000973183 0.088351
 0.979332 0.00289254 0.000501019 0.0155583 0.00171572
 0.023014 0.966879 0.00141449 0.000245006 0.00844726
 0.668067 0.0150695 0.313586 0.00045876 0.00281914
 0.307044 0.5561 0.00621314 0.129291 0.00135148
 0.755943 0.115238 0.103378 0.00115501 0.0242863
 0.0239017 0.841528 0.063541 0.0570016 0.0140281
 0.90962 0.00425768 0.0742491 0.00560631 0.00626704
 0.355625 0.61415 0.00142386 0.0248305 0.00397071
 0.0578966 0.496501 0.424701 0.000984636 0.0199168
 0.789344 0.0232517 0.0987647 0.084482 0.00415774
 0.264937 0.649242 0.00947271 0.0402366 0.0361117
 0.0671724 0.392896 0.476893 0.00695807 0.0560808
 0.741031 0.0328706 0.0952301 0.115589 0.0152794
 0.23462 0.652443 0.0143349 0.0415299 0.0570718
 0.416885 0.222919 0.307047 0.00674614 0.046403
 0.75075 0.14724 0.0389975 0.0537148 0.00929792
 0.304296 0.597456 0.0580385 0.0153719 0.0248381
 0.276474 0.339298 0.329967 0.0320539 0.0222074
 0.631047 0.160678 0.0976705 0.0949845 0.0156197
 0.622909 0.292411 0.036878 0.0224169 0.0253853
pobs_pel_tallas
 0 0 0 0 0 0 0 0 0 0 0 0 0 0 0 0 0 0 0 0 0 0 0 0 0 0
 0 0 0 0 0 0 0 0 0 0 0 0 0 0 0 0 0 0 0 0 0 0 0 0 0 0
 0 0 0 0 0 0 0 0 0 0 0 0 0 0 0 0 0 0 0 0 0 0 0 0 0 0
 0 0 0 0 0 0 0 0 0 0 0 0 0 0 0 0 0 0 0 0 0 0 0 0 0 0
 0 0 0 0 0 0 0 0 0 0 0 0 0 0 0 0 0 0 0 0 0 0 0 0 0 0
 0 0 0 0 0 0 0 0 0 0 0 0 0 0 0 0 0 0 0 0 0 0 0 0 0 0
 0 0 0 0 0 0 0 0 0 0 0 0 0 0 0 0 0 0 0 0 0 0 0 0 0 0
 0 0 0 0 0 0 0 0 0 0 0 0 0 0 0 0 0 0 0 0 0 0 0 0 0 0
 0 0 0 0 0 0 0 0 0 0 0 0 0 0 0 0 0 0 0 0 0 0 0 0 0 0
 0 0 0 0 0 0 0 0 0 0 0 0 0 0 0 0 0 0 0 0 0 0 0 0 0 0
 0 0 0 0 0 0 0 0 0 0 0 0 0 0 0 0 0 0 0 0 0 0 0 0 0 0
 0 0 0 0 0 0 0 0 0 0 0 0 0 0 0 0 0 0 0 0 0 0 0 0 0 0
 0.00862536 0 0 0.000197151 0.00414017 0.0128641 0.00837892 0.0270097 0.101434 0.158115 0.152841 0.127902 0.109271 0.109419 0.0830992 0.0579132 0.0238553 0.00714673 0.00463305 0.00128148 0.00103504 0.000492878 0.000147863 0.000147863 4.92878e-05 0
 0 0 0 0 0 0 0 0 0 0 0 0 0 0 0 0 0 0 0 0 0 0 0 0 0 0
 0 0 0 0 0 0 0 0.0054083 0.00873648 0.0413646 0.0450493 0.0745869 0.0622846 0.0627006 0.0613931 0.0827291 0.12552 0.122667 0.0946155 0.0697135 0.0546179 0.0294188 0.0215738 0.0213955 0.0102223 0.00600262
 0 0 0 0 0.00359764 0.0251062 0.0480494 0.140153 0.205849 0.193036 0.1447 0.116669 0.0760912 0.0342217 0.00950174 0.001854 0.000860785 0 0 0 0.000165536 0 0.000143464 0 0 0
 0 0 0 0 0 0 0 0.000145254 0.000435761 0.0275982 0.070085 0.0708112 0.156366 0.174668 0.174014 0.160142 0.0824315 0.0480064 0.0283245 0.00493863 0.00203355 0 0 0 0 0
 0 0 0 0 0 0 0 0 0 0 0 0 0 0 0 0 0 0 0 0 0 0 0 0 0 0
 0 0 1.00437e-05 0.000401748 0.00122533 0.00171747 0.00176769 0.0269171 0.070346 0.194647 0.189555 0.159765 0.064822 0.0314167 0.0384472 0.0292271 0.0345202 0.0313363 0.0194345 0.0106764 0.0143323 0.0359363 0.0279516 0.0138201 0.00172751 0
 0 0.0021121 0.0136068 0.0755702 0.200478 0.177729 0.0527432 0.0373336 0.0318909 0.0142505 0.0149659 0.0166563 0.0217959 0.0798694 0.0677717 0.0528807 0.04013 0.0224614 0.0357745 0.0225083 0.00881397 0.00855152 0.00135912 0.000746735 0 0
 0 0 0 0 5.4009e-05 0.00500934 0.000945158 0.0243581 0.138947 0.33067 0.221406 0.137944 0.0707744 0.0437923 0.0131692 0.00525238 0.0047753 0.00276346 9.45158e-05 9.00151e-06 2.25038e-05 9.00151e-06 4.50075e-06 0 0 0
 0.000866109 0.00284123 0.00948549 0.0512746 0.133035 0.25785 0.225252 0.132002 0.0553304 0.0519788 0.0540692 0.017754 0.00435017 0.00159236 0.00146478 0.000404838 0.000125132 0.000115318 0.000107957 0.000100596 0 0 0 0 0 0
 0 0 0 0 0.00144013 0.00171154 0.00461396 0.0210425 0.0478622 0.0707936 0.0888783 0.103762 0.0637923 0.0337046 0.0602308 0.124433 0.169614 0.0934646 0.0462172 0.0250306 0.0313229 0.00938855 0.002487 0.000210481 0 0
 0 0.00764035 0.051015 0.0998891 0.058973 0.0496711 0.0374665 0.0718981 0.12319 0.153886 0.159021 0.0857701 0.0377988 0.023471 0.0147837 0.00900784 0.00315554 0.000888139 0.00291439 0.00214683 0.00393193 0.00274676 0.000635225 9.99891e-05 0 0
 0 0 0 0 0 0 0 0 0 0 0 0 0 0 0 0 0 0 0 0 0 0 0 0 0 0
 0 0 0 0 0 0 0 0 0 0 0 0 0 0 0 0 0 0 0 0 0 0 0 0 0 0
 0 0 0 0 0 0 0 0 0 0 0 0 0 0 0 0 0 0 0 0 0 0 0 0 0 0
 0 0 0 0 0 0 0 0 0 0 0 0 0 0 0 0 0 0 0 0 0 0 0 0 0 0
 0 0 0 0 0 0 0 0 0 0 0 0 0 0 0 0 0 0 0 0 0 0 0 0 0 0
 0 0 0 0 0 0 0 0 0 0 0 0 0 0 0 0 0 0 0 0 0 0 0 0 0 0
 0 0 0 0 0 0 0 0 0 0 0 0 0 0 0 0 0 0 0 0 0 0 0 0 0 0
ppred_pel_tallas
 1.00183e-16 4.26726e-05 0.000414793 0.00275645 0.0125304 0.0389871 0.0830679 0.12125 0.121296 0.0832934 0.0397439 0.014715 0.00823465 0.0123561 0.0226697 0.037274 0.0533713 0.0664435 0.0719198 0.0676965 0.0554303 0.0395078 0.0245471 0.0133374 0.00638212 0.00273237
 1.0892e-16 3.95374e-06 3.84319e-05 0.000255396 0.00116103 0.00361274 0.00769966 0.0112511 0.0113142 0.00800825 0.00464979 0.0041603 0.00779866 0.0165538 0.0315102 0.0524499 0.0763925 0.0977846 0.110861 0.11279 0.105126 0.0923313 0.0787164 0.066328 0.0550604 0.0441426
 1.14607e-16 5.66295e-05 0.000550459 0.003658 0.0166287 0.0517381 0.110234 0.16089 0.160893 0.110249 0.0517906 0.0167844 0.0040649 0.00149212 0.00200267 0.00363641 0.00621185 0.00988249 0.0148215 0.0211057 0.0285256 0.0363755 0.0434249 0.0482148 0.0495906 0.0471786
 1.20655e-16 1.55443e-06 1.51097e-05 0.000100413 0.00045651 0.00142079 0.00302998 0.0044385 0.00451558 0.00340656 0.00268492 0.00410649 0.00925782 0.0199915 0.0379008 0.0625608 0.0899254 0.11274 0.123698 0.119644 0.103624 0.0829891 0.0650662 0.0536532 0.0483769 0.0463961
 1.29294e-16 3.55102e-05 0.000345172 0.00229379 0.0104272 0.032443 0.0691233 0.100888 0.100891 0.0691371 0.0324914 0.010576 0.00270149 0.00134853 0.00227378 0.00457282 0.00861783 0.0150977 0.0246345 0.0373952 0.0526451 0.068499 0.082184 0.0908793 0.0927699 0.0877295
 1.06335e-16 7.03896e-05 0.000684212 0.00454683 0.0206692 0.0643097 0.137019 0.199985 0.199993 0.13706 0.0644488 0.0210711 0.00555592 0.00288846 0.00426175 0.0069506 0.0100535 0.0127663 0.0143515 0.0145424 0.0137375 0.0127531 0.0123077 0.0126214 0.0133756 0.0139765
 1.06697e-16 2.01091e-07 1.95476e-06 1.29944e-05 5.91249e-05 0.000184435 0.00039623 0.000596869 0.00068541 0.000828791 0.00163646 0.00425134 0.0105295 0.022938 0.0434966 0.071743 0.102963 0.128673 0.140234 0.133685 0.112176 0.0839494 0.0575666 0.0380229 0.0259706 0.0193992
 1.36154e-16 4.46959e-07 4.34459e-06 2.88714e-05 0.000131246 0.000408365 0.000870128 0.00127035 0.00127225 0.000880087 0.000445937 0.000257998 0.000415752 0.00107606 0.0027006 0.00619534 0.0129514 0.0246648 0.0427664 0.0674694 0.0967972 0.126262 0.149766 0.161653 0.158977 0.142735
 1.18961e-16 6.73695e-05 0.000654856 0.00435175 0.0197824 0.0615504 0.13114 0.191402 0.191402 0.131141 0.0615549 0.0197964 0.00439083 0.000754437 0.000301684 0.000521056 0.00107653 0.00213021 0.00399155 0.00703307 0.0115653 0.0176387 0.0248438 0.0322327 0.038469 0.0422077
 1.16615e-16 1.16675e-06 1.13413e-05 7.53709e-05 0.000342677 0.00106666 0.00227578 0.00333947 0.00342486 0.00269296 0.00246691 0.00438477 0.010213 0.0221136 0.041896 0.0690525 0.0989992 0.12354 0.134383 0.127857 0.107273 0.0809332 0.057391 0.0415204 0.033633 0.0311145
 1.38431e-16 6.1439e-06 5.97209e-05 0.000396867 0.0018041 0.00561325 0.0119598 0.0174564 0.0174602 0.0119788 0.00568084 0.00201541 0.000987958 0.0015507 0.00342515 0.00718349 0.0139106 0.0249154 0.041288 0.0631766 0.0889889 0.115052 0.136264 0.147766 0.146875 0.134185
 1.01866e-16 8.06663e-05 0.000784105 0.00521066 0.0236869 0.0736987 0.157023 0.229179 0.22918 0.157024 0.0737034 0.0237006 0.00524538 0.000861273 0.00023154 0.000267415 0.000409096 0.000588334 0.000805283 0.00108387 0.0014627 0.00196996 0.00259041 0.00324695 0.00381293 0.00415356
 1.01743e-16 1.89584e-06 1.84283e-05 0.000122467 0.000556775 0.00173283 0.00369542 0.00541306 0.00550603 0.00414959 0.00325718 0.00495678 0.0111564 0.02407 0.0455756 0.0750688 0.107498 0.133835 0.144889 0.136443 0.11186 0.0800024 0.0501873 0.0280188 0.0144617 0.0075247
 1.09577e-16 5.50278e-05 0.00053489 0.00355453 0.0161584 0.0502747 0.107116 0.156339 0.156341 0.107125 0.0503086 0.0162623 0.00383839 0.00123045 0.00159767 0.00313002 0.00583857 0.0101084 0.0162586 0.0242534 0.0334154 0.0423105 0.049013 0.0517665 0.0497398 0.0434303
 1.13517e-16 2.52909e-05 0.000245836 0.00163367 0.00742647 0.0231068 0.0492334 0.0718689 0.0719224 0.0494949 0.0239847 0.00996129 0.00799356 0.0141207 0.0263524 0.0434712 0.0625126 0.0784416 0.0862129 0.0836665 0.0729272 0.0590675 0.0470803 0.0394562 0.0357848 0.0340088
 1.07239e-16 6.22661e-05 0.000605248 0.00402209 0.0182838 0.0568879 0.121206 0.176906 0.176917 0.121261 0.057073 0.0188203 0.0053753 0.00358147 0.00577967 0.00962639 0.0142586 0.0187631 0.0222335 0.0242299 0.0249702 0.0250345 0.024848 0.0243976 0.0233676 0.0214894
 1.1014e-16 1.96893e-06 1.91388e-05 0.000127188 0.000578227 0.00179951 0.00383705 0.00561727 0.00569831 0.00423298 0.00312871 0.0044165 0.00975843 0.0210334 0.0398808 0.0658494 0.0946823 0.118717 0.130161 0.125485 0.107579 0.0838604 0.0618797 0.0458175 0.0358781 0.0299609
 1.03767e-16 7.49242e-05 0.00072829 0.00483974 0.0220008 0.0684525 0.145845 0.212866 0.212866 0.145848 0.0684617 0.0220287 0.00491564 0.000912646 0.000479798 0.000817521 0.00150369 0.00258674 0.00415154 0.00621076 0.00862939 0.0110848 0.0131134 0.0142559 0.0142385 0.0130875
 1.03361e-16 2.92925e-05 0.000284733 0.00189216 0.0086015 0.0267628 0.0570231 0.0832393 0.0832983 0.0573116 0.0277312 0.0113971 0.00890316 0.0155693 0.0289975 0.0477368 0.0684033 0.0852723 0.0925486 0.0876022 0.0726052 0.0531837 0.0351888 0.0220456 0.0141885 0.010184
 1.15853e-16 4.76897e-06 4.63561e-05 0.000308055 0.0014004 0.00435743 0.00928576 0.013563 0.0136114 0.0095225 0.00515392 0.00370784 0.00612602 0.0128328 0.0245387 0.0412097 0.0608691 0.0796613 0.0935165 0.100337 0.100895 0.0976355 0.0925424 0.0859627 0.0771682 0.0657437
 1.12033e-16 6.50172e-05 0.00063199 0.0041998 0.0190917 0.0594013 0.126561 0.18472 0.184722 0.126573 0.0594418 0.019211 0.00450839 0.00133585 0.00149175 0.00260262 0.00431405 0.00665102 0.0096974 0.0135465 0.0181955 0.0233739 0.0284381 0.0324678 0.0345638 0.0341951
 1.10586e-16 2.18227e-05 0.000212124 0.00140964 0.00640807 0.0199382 0.0424828 0.062018 0.0620805 0.042788 0.0209625 0.00936516 0.00882712 0.0163875 0.0306931 0.0505834 0.0725864 0.0907242 0.098962 0.0946226 0.0800859 0.0613189 0.0444172 0.03278 0.0265336 0.0237913
 1.24051e-16 5.53298e-06 5.37826e-05 0.000357406 0.00162474 0.00505538 0.0107724 0.0157307 0.0157693 0.010961 0.00569042 0.00346735 0.00501427 0.0103244 0.0198176 0.0335521 0.0501903 0.0669851 0.0810016 0.0906952 0.0964553 0.0995846 0.100705 0.0991101 0.0935457 0.0835307
 1.16935e-16 6.10377e-05 0.000593308 0.00394274 0.0179231 0.0557656 0.118815 0.173414 0.173417 0.118831 0.0558214 0.0180869 0.00436333 0.00154354 0.00196193 0.00340513 0.00552209 0.00829747 0.0117952 0.0161572 0.021501 0.0276845 0.0341003 0.0396991 0.0432949 0.0440034
 1.14404e-16 1.93255e-05 0.000187851 0.00124834 0.0056748 0.0176567 0.0376219 0.0549234 0.0549861 0.0379286 0.0186863 0.00864738 0.00870534 0.0164518 0.0308656 0.0508919 0.0730796 0.0914554 0.0999992 0.0960704 0.0821027 0.0641067 0.0481727 0.0376183 0.0324153 0.0304845
 1.17447e-16 3.43383e-05 0.000333781 0.00221809 0.0100831 0.0313725 0.0668432 0.0975642 0.0975861 0.0669505 0.031734 0.011133 0.00487432 0.00620157 0.0113812 0.0192904 0.0290197 0.0390702 0.0478582 0.0545489 0.0593185 0.0627496 0.0649466 0.0652352 0.0626925 0.0569604
 1.08124e-16 6.18383e-05 0.00060109 0.00399446 0.0181582 0.0564971 0.120374 0.175692 0.175706 0.120443 0.0567309 0.0188343 0.00569398 0.00431995 0.00715138 0.0117979 0.0171691 0.0219905 0.025029 0.0257768 0.0247629 0.0231601 0.0219938 0.0215702 0.0214776 0.0210147
 1.07573e-16 2.50646e-05 0.000243637 0.00161905 0.00736002 0.0229001 0.0487931 0.0712271 0.0712846 0.0490743 0.023844 0.0100861 0.00845999 0.0151716 0.0283592 0.0468008 0.0673183 0.0844583 0.0926852 0.089474 0.0768422 0.0600161 0.0443352 0.0327844 0.0255676 0.02127
 1.16582e-16 2.27728e-05 0.00022136 0.00147102 0.00668705 0.0208061 0.0443308 0.064709 0.0647422 0.044493 0.0213519 0.00826939 0.00546443 0.00901025 0.0169232 0.028486 0.042302 0.0558432 0.0664583 0.0728028 0.075383 0.075689 0.074733 0.0723206 0.0675574 0.0599225
 1.15029e-16 5.19786e-05 0.00050525 0.00335757 0.015263 0.047489 0.101181 0.14768 0.147695 0.101257 0.0477462 0.0160081 0.00523552 0.00463104 0.0079662 0.0132982 0.0196592 0.025824 0.0306057 0.0335437 0.0351588 0.0364665 0.0381285 0.0399395 0.0409957 0.0403127
 1.07684e-16 5.13082e-05 0.000498734 0.00331427 0.0150662 0.0468767 0.0998767 0.145779 0.145807 0.100014 0.0473391 0.016402 0.00666753 0.00782002 0.0139596 0.0230087 0.0331739 0.0418037 0.0462488 0.0453356 0.0400889 0.0330493 0.0267356 0.0224363 0.0200311 0.0186158
pSPR Fmed_Fpbrs
0.834352   0.285572 0.285572
Fs Fmed_Fpbrs
0.110803   1.005 1.005
SSBpbr Bo_Bmed_Bpbrs
3.49188e+06  2.73887e+06  822591 822591
Ro
145636
SPR SPRFo_SPRFmed_SPRFpbrs
1.04099e+06 868554 297279
Fref
0.7035
Nvult_r0
 355572 89899.4 11337.8 6891.88 7804.52
CTP_r0
 18665.2 8967.51 1130.96 687.469 778.505
YTP_r0
391172
Np
 368905 95467.7 34557.3 8035.05 1197.83
Nvult_p0
 273437 78088.3 28266.3 6572.31 979.774
CTP_p0
 71153.3 64122.6 14909.4 1880.33 1519.37
 71153.3 32248.4 11673.2 2714.19 404.62
YTP_p0
 2.02444e+06 1.42166e+06
CBA_c0
1.84361e+06
log_Ro
11.7089
likeval ReclasPelacesDesembMPH_pf_preclas_ppelaces_ptallas_desvR_qrecl_qpela
 137.485 57.8441 8889.02 0.00620985 438.827 231.613 138.343 0 191.584 0 0 1.57772e-27 0 0 0
q_reclas_q_pelaces
1 1
M
1
N
 748040 362866 1395.85 30.2088 12.9994
 36627.2 260357 119490 459.644 14.2282
 579886 12748.2 85734.2 39347.3 156.044
 9083.73 201831 4197.91 28231.8 13008.2
 122440 3161.62 66461.8 1382.35 13580.1
 790938 42615.4 1041.1 21885.5 4927.05
 1394.02 275288 14033 342.829 8829.22
 1029.39 485.194 90650.8 4620.99 3020.3
 282134 358.282 159.772 29850.8 2516.24
 2991.79 98197.4 117.98 52.6119 10658.3
 5687.75 1041.3 32335.9 38.8502 3527.04
 1.28025e+06 1979.63 342.894 10648 1174.23
 20259.2 445595 651.883 112.913 3893
 597101 7051.25 146732 214.661 1319.12
 219179 207823 2321.94 48318 505.067
 955868 76285.9 68434.8 764.601 16077.2
 18049.4 332692 25120.5 22535.2 5545.9
 2.56363e+06 6282.16 109554 8272.04 9246.95
 986910 892279 2068.68 36075.4 5768.91
 76509.3 343496 293822 681.204 13779.1
 1.72675e+06 26629.3 113111 96754 4761.7
 468460 601001 8768.87 37247 33428.6
 53246.3 163049 197906 2887.54 23273.1
 798037 18532.5 53691 65169.5 8614.54
 190787 277759 6102.66 17680.1 24296.7
 237205 66404.1 91464.4 2009.57 13822.7
 804077 82559.7 21866.5 30118.7 5213.48
 272265 279861 27186.5 7200.51 11634.7
 147492 94762.7 92156.6 8952.35 6202.33
 385106 51335.1 31204.8 30346.7 4990.35
 545400 134037 16904.4 10275.6 11636.3
pred_Ctot
 25600.1 24276.9 93.3866 2.02107 0.869699
 1253.49 17418.7 7994.24 30.7517 0.951913
 19845.4 852.895 5735.89 2632.46 10.4398
 310.872 13503.1 280.854 1888.8 870.292
 4190.24 211.522 4446.51 92.4835 908.553
 27068.2 2851.11 69.6531 1464.21 329.636
 47.7076 18417.6 938.854 22.9364 590.703
 35.2287 32.461 6064.83 309.159 202.068
 9655.44 23.9702 10.6892 1997.11 168.344
 102.388 6569.72 7.89325 3.5199 713.073
 194.651 69.6663 2163.37 2.5992 235.97
 43814 132.444 22.9407 712.387 78.5595
 693.327 29811.8 43.613 7.55425 260.454
 20434.5 471.751 9816.85 14.3615 88.2537
 7500.95 13904 155.345 3232.63 33.7906
 32712.6 5103.77 4578.51 51.1543 1075.61
 617.704 22258.2 1680.64 1507.68 371.039
 87734.9 420.296 7329.5 553.426 618.651
 33774.9 59696.3 138.401 2413.56 385.958
 2618.37 22981 19657.7 45.5748 921.867
 59094.6 1781.58 7567.52 6473.16 318.573
 16032 40208.9 586.665 2491.94 2236.48
 1822.24 10908.5 13240.6 193.186 1557.04
 27311.1 1239.89 3592.1 4360.05 576.34
 6529.3 18583 408.287 1182.86 1625.52
 8117.84 4442.65 6119.26 134.447 924.785
 27517.8 5523.51 1462.94 2015.04 348.799
 9317.71 18723.6 1818.86 481.737 778.398
 5047.62 6339.93 6165.58 598.941 414.956
 13179.4 3434.48 2087.7 2030.29 333.87
 18665.2 8967.51 1130.96 687.469 778.505
F
 0.0554016 0.110803 0.110803 0.110803 0.110803
 0.0554016 0.110803 0.110803 0.110803 0.110803
 0.0554016 0.110803 0.110803 0.110803 0.110803
 0.0554016 0.110803 0.110803 0.110803 0.110803
 0.0554016 0.110803 0.110803 0.110803 0.110803
 0.0554016 0.110803 0.110803 0.110803 0.110803
 0.0554016 0.110803 0.110803 0.110803 0.110803
 0.0554016 0.110803 0.110803 0.110803 0.110803
 0.0554016 0.110803 0.110803 0.110803 0.110803
 0.0554016 0.110803 0.110803 0.110803 0.110803
 0.0554016 0.110803 0.110803 0.110803 0.110803
 0.0554016 0.110803 0.110803 0.110803 0.110803
 0.0554016 0.110803 0.110803 0.110803 0.110803
 0.0554016 0.110803 0.110803 0.110803 0.110803
 0.0554016 0.110803 0.110803 0.110803 0.110803
 0.0554016 0.110803 0.110803 0.110803 0.110803
 0.0554016 0.110803 0.110803 0.110803 0.110803
 0.0554016 0.110803 0.110803 0.110803 0.110803
 0.0554016 0.110803 0.110803 0.110803 0.110803
 0.0554016 0.110803 0.110803 0.110803 0.110803
 0.0554016 0.110803 0.110803 0.110803 0.110803
 0.0554016 0.110803 0.110803 0.110803 0.110803
 0.0554016 0.110803 0.110803 0.110803 0.110803
 0.0554016 0.110803 0.110803 0.110803 0.110803
 0.0554016 0.110803 0.110803 0.110803 0.110803
 0.0554016 0.110803 0.110803 0.110803 0.110803
 0.0554016 0.110803 0.110803 0.110803 0.110803
 0.0554016 0.110803 0.110803 0.110803 0.110803
 0.0554016 0.110803 0.110803 0.110803 0.110803
 0.0554016 0.110803 0.110803 0.110803 0.110803
 0.0554016 0.110803 0.110803 0.110803 0.110803
YTP_r0W_actual
 158654 146170 32684.6 23923.9 29738.9
YTP_p0W_proyectada
 535073 1.03366e+06 348582 55469.8 51658.5
 535073 519844 272920 80068.5 13757.1
CTP_r0_actual
 18665.2 8967.51 1130.96 687.469 778.505
CTP_p0_proyectada
 71153.3 64122.6 14909.4 1880.33 1519.37
 71153.3 32248.4 11673.2 2714.19 404.62
Wmedp
 7.52 16.12 23.38 29.5 34
Frms_r0
 0.0554016 0.110803 0.110803 0.110803 0.110803
Zrms_r0
 1.0554 1.1108 1.1108 1.1108 1.1108
nmprior
 8.19 8.8 8.5 0
nm_flota  nm_reclas  nm_pelaces    nm_pelaL
inf 2.49626 4.38699 6.83623
cv_recla  cv_pelaces  cv_mph
1.0606 0.862386 2.4319
 ------------------------------------------------
Talla a la edad & desviaci?n 
 8 13.2811 15.8009 17.003 17.5766
 0.8 1.32811 1.58009 1.7003 1.75766
