years
 1991 1992 1993 1994 1995 1996 1997 1998 1999 2000 2001 2002 2003 2004 2005 2006 2007 2008 2009 2010 2011 2012 2013 2014 2015 2016 2017 2018 2019 2020 2021
reclasobs
 0 0 0 0 0 0 0 0 0 252601 567819 844713 477998 351125 339783 2.1784e+06 2.13404e+06 4.81314e+06 1.55562e+06 2.62356e+06 3.21686e+06 3.843e+06 1.13348e+06 3.07943e+06 1.97215e+06 2.03268e+06 2.025e+06 2.42433e+06 2.27542e+06 1.05018e+06 2.36338e+06
reclaspred
 3.22956e+06 1.77338e+06 897145 913166 920095 1.57713e+06 902057 774342 549907 376361 500497 677854 665440 493264 484768 1.35289e+06 1.20684e+06 3.09131e+06 2.4572e+06 1.79074e+06 3.11134e+06 2.54042e+06 1.93859e+06 3.05838e+06 2.27528e+06 2.00397e+06 2.41709e+06 2.62664e+06 2.09102e+06 1.2646e+06 1.86949e+06
pelacesobs
 0 0 0 0 0 0 0 0 0 0 0 0 0 0 0 552880 188675 0 991730 2.46772e+06 1.41603e+06 1.21717e+06 2.29649e+06 1.80582e+06 0 1.4828e+06 1.56532e+06 1.57751e+06 1.42118e+06 867257 1.10002e+06
pelacespred
 1.78369e+06 1.07379e+06 532026 445133 483946 860074 433372 490597 320992 202857 290386 324762 353298 267123 272428 642408 580629 1.74229e+06 1.40034e+06 933205 1.62658e+06 1.39191e+06 1.08709e+06 1.89886e+06 1.34673e+06 1.1925e+06 1.64184e+06 1.75711e+06 1.15909e+06 785354 1.14134e+06
mphobs
 0 0 0 0 0 0 0 0 0 0 0 498337 0 5186 125008 0 168611 109162 213762 579715 649985 157893 87575 83554 0 0 0 0 0 0 0
mphpred
 491319 329668 159403 88013.3 95903 113797 156054 85512.8 76525.1 48524.9 30171.3 60155.8 64685.7 53064.7 32561.6 41393.3 151673 133855 307396 216365 228483 280604 268008 214220 307774 253661 206635 223630 322021 210886 124627
desembarqueobs
 494567 514787 250237 358949 120608 361735 552515 73892 212993 205616 52469 317467 293654 387597 252695 516296 358380 742168 942051 627588 828172 859565 418607 520667 417249 300574 415391 372974 316634 284311 391294
desembarquepred
 494571 513794 250701 358983 120614 361743 552541 73897.2 213052 205670 52471.8 317529 293690 387582 252672 516226 358405 742018 941756 627376 828246 859539 418607 520689 417236 300571 415382 372942 316614 284312 391296
Reclutas
 174954 96064 96152.8 148182 119349 218210 85711.6 36351.2 35619.3 48068.9 89901.5 129209 107854 75320 69735 378381 73798.5 611443 336768 270259 373321 515378 101346 298024 255754 111781 252795 287126 83806.8 59644.5 223529
log_desv_Rt
 0.213132 -0.386376 -0.385453 0.0470472 -0.16934 0.434065 -0.500404 -1.35816 -1.3785 -1.07876 -0.452676 -0.0899599 -0.270616 -0.629646 -0.706689 0.98451 -0.650053 1.46443 0.868002 0.64799 0.971047 1.29351 -0.332855 0.745782 0.592824 -0.234846 0.581186 0.708531 -0.522877 -0.862989 0.458148
SSB
 2.15588e+06 1.44656e+06 699452 386197 420816 499335 684756 375225 335787 212924 132390 263960 283837 232844 142878 181631 665530 587348 1.34883e+06 949395 1.00257e+06 1.23127e+06 1.176e+06 939983 1.35049e+06 1.11305e+06 906702 981274 1.41301e+06 925352 546856
BT
 3.02927e+06 2.07529e+06 1.02166e+06 952392 806290 1.57703e+06 1.12734e+06 787420 683732 495939 473923 743137 786705 796339 655876 1.36874e+06 1.13217e+06 3.23645e+06 2.9613e+06 1.9302e+06 3.07656e+06 2.84335e+06 1.95885e+06 3.29265e+06 2.3635e+06 2.01837e+06 2.85049e+06 2.96989e+06 1.96011e+06 1.42846e+06 2.0595e+06
Ftot
 0.193214 0.35479 0.348022 0.526381 0.175773 0.321526 0.739459 0.126781 0.505914 0.703298 0.155231 0.629588 0.590254 1.02269 0.736923 0.572624 0.37724 0.354888 0.502015 0.466692 0.365022 0.458543 0.274386 0.243331 0.24202 0.195513 0.242985 0.203809 0.187546 0.282959 0.30306
BD_Bspro_t
 0.969559 0.789339 0.589366 0.489853 0.482257 0.574287 0.574816 0.383494 0.439345 0.378722 0.33586 0.588082 0.467163 0.372581 0.258237 0.308887 0.502977 0.459836 0.594798 0.478787 0.445936 0.494097 0.51137 0.49503 0.61584 0.625921 0.631732 0.675819 0.73292 0.649416 0.563135
BD_Bspro
 2.13345 1.43151 0.692174 0.382179 0.416438 0.49414 0.677632 0.371321 0.332294 0.210709 0.131012 0.261213 0.280884 0.230422 0.141392 0.179742 0.658606 0.581237 1.3348 0.939518 0.992139 1.21846 1.16377 0.930204 1.33644 1.10147 0.897269 0.971065 1.39831 0.915725 0.541166
BD_Bo
 1.40183 0.940608 0.45481 0.25112 0.27363 0.324686 0.445254 0.243985 0.218341 0.138451 0.0860848 0.171637 0.184561 0.151404 0.0929047 0.118104 0.432753 0.381916 0.877061 0.617333 0.651908 0.800619 0.764681 0.611213 0.878142 0.723747 0.589572 0.638061 0.91879 0.601699 0.355586
BD_Brms
 7.98961 5.36091 2.59215 1.43123 1.55953 1.85052 2.53769 1.39057 1.24442 0.789091 0.490633 0.978227 1.05189 0.862914 0.529502 0.673121 2.46644 2.17669 4.99873 3.51843 3.71549 4.56306 4.35823 3.48355 5.00489 4.12493 3.36021 3.63657 5.23657 3.42933 2.02663
Sel_flota
 0.735192 1 1 1 1
 0.735192 1 1 1 1
 0.735192 1 1 1 1
 0.735192 1 1 1 1
 0.735192 1 1 1 1
 0.735192 1 1 1 1
 0.735192 1 1 1 1
 0.735192 1 1 1 1
 0.735192 1 1 1 1
 0.735192 1 1 1 1
 0.735192 1 1 1 1
 0.735192 1 1 1 1
 0.735192 1 1 1 1
 0.735192 1 1 1 1
 0.735192 1 1 1 1
 0.735192 1 1 1 1
 0.735192 1 1 1 1
 0.735192 1 1 1 1
 0.735192 1 1 1 1
 0.735192 1 1 1 1
 0.735192 1 1 1 1
 0.735192 1 1 1 1
 0.735192 1 1 1 1
 0.735192 1 1 1 1
 0.735192 1 1 1 1
 0.735192 1 1 1 1
 0.735192 1 1 1 1
 0.735192 1 1 1 1
 0.735192 1 1 1 1
 0.735192 1 1 1 1
 0.735192 1 1 1 1
Sel_reclas
 1 1 1 1 1
 1 1 1 1 1
 1 1 1 1 1
 1 1 1 1 1
 1 1 1 1 1
 1 1 1 1 1
 1 1 1 1 1
 1 1 1 1 1
 1 1 1 1 1
 1 1 1 1 1
 1 1 1 1 1
 1 1 1 1 1
 1 1 1 1 1
 1 1 1 1 1
 1 1 1 1 1
 1 1 1 1 1
 1 1 1 1 1
 1 1 1 1 1
 1 1 1 1 1
 1 1 1 1 1
 1 1 1 1 1
 1 1 1 1 1
 1 1 1 1 1
 1 1 1 1 1
 1 1 1 1 1
 1 1 1 1 1
 1 1 1 1 1
 1 1 1 1 1
 1 1 1 1 1
 1 1 1 1 1
 1 1 1 1 1
Sel_pelaces
 0.983974 1 1 1 1
 0.983974 1 1 1 1
 0.983974 1 1 1 1
 0.983974 1 1 1 1
 0.983974 1 1 1 1
 0.983974 1 1 1 1
 0.983974 1 1 1 1
 0.983974 1 1 1 1
 0.983974 1 1 1 1
 0.983974 1 1 1 1
 0.983974 1 1 1 1
 0.983974 1 1 1 1
 0.983974 1 1 1 1
 0.983974 1 1 1 1
 0.983974 1 1 1 1
 0.983974 1 1 1 1
 0.983974 1 1 1 1
 0.983974 1 1 1 1
 0.983974 1 1 1 1
 0.983974 1 1 1 1
 0.983974 1 1 1 1
 0.983974 1 1 1 1
 0.983974 1 1 1 1
 0.983974 1 1 1 1
 0.983974 1 1 1 1
 0.983974 1 1 1 1
 0.983974 1 1 1 1
 0.983974 1 1 1 1
 0.983974 1 1 1 1
 0.983974 1 1 1 1
 0.983974 1 1 1 1
pf_obs 
 0.8446 0.082 0.0669 0.0065 0
 0.8095 0.147 0.0364 0.0071 0
 0.9664 0.0169 0.016 0.0007 0
 0.9276 0.0648 0.0075 0.0001 0
 0.7033 0.2144 0.0806 0.0017 0
 0.9318 0.0425 0.0243 0.0014 0
 0.5671 0.3108 0.0964 0.0239 0.0018
 0.0768 0.2599 0.5324 0.112 0.0189
 0.490249 0.384438 0.106611 0.0170017 0.00170017
 0.7925 0.1577 0.0466 0.003 0.0002
 0.840416 0.127587 0.0312969 0.00059994 9.999e-05
 0.8084 0.0986 0.0794 0.0134 0.0002
 0.7335 0.1905 0.0724 0.0035 0.0001
 0.4001 0.4547 0.1325 0.0127 0
 0.49795 0.308269 0.164784 0.0264974 0.00249975
 0.9179 0.0499 0.0305 0.0017 0
 0.2467 0.6533 0.0926 0.0074 0
 0.9418 0.0223 0.034 0.0019 0
 0.707729 0.231977 0.0356964 0.0245975 0
 0.517169 0.277429 0.184464 0.0207286 0.00020938
 0.811772 0.124168 0.05621 0.00726502 0.000585176
 0.764997 0.148141 0.077277 0.00933861 0.000247198
 0.163321 0.427699 0.378323 0.0303852 0.000271297
 0.753843 0.0900009 0.118128 0.0371064 0.000921714
 0.721811 0.176058 0.0630433 0.0369309 0.00215725
 0.143369 0.312575 0.442814 0.0836902 0.0175525
 0.692698 0.0596174 0.167031 0.0765114 0.00414204
 0.394062 0.376323 0.152708 0.0712218 0.00568511
 0.125707 0.32114 0.495352 0.0537591 0.00404204
 0.23352 0.215282 0.420074 0.123614 0.00750983
 0.774587 0.0839891 0.0768558 0.0609784 0.00358967
pf_pred 
 0.484662 0.1364 0.355109 0.0238283 8.22688e-07
 0.427416 0.32565 0.0653586 0.170157 0.0114182
 0.582433 0.216313 0.114461 0.0229725 0.0638209
 0.736845 0.175615 0.0453483 0.0239958 0.0181956
 0.660613 0.273497 0.0439713 0.0113545 0.0105641
 0.758749 0.176431 0.0522363 0.00839826 0.00418632
 0.466554 0.436518 0.0708847 0.020987 0.00505612
 0.459205 0.310286 0.188626 0.0306303 0.0112536
 0.550365 0.243201 0.118443 0.0720026 0.015988
 0.729678 0.174058 0.0520679 0.0253579 0.0188383
 0.836897 0.131294 0.0204812 0.00612679 0.00520053
 0.750452 0.218934 0.0246437 0.0038443 0.00212613
 0.697336 0.24802 0.04794 0.00539624 0.00130735
 0.64752 0.273334 0.0648567 0.0125362 0.00175297
 0.759469 0.180075 0.0468819 0.0111241 0.00245086
 0.942444 0.0477294 0.00735639 0.00191522 0.000554564
 0.372375 0.602983 0.0204355 0.00314967 0.00105745
 0.912796 0.0402569 0.0451036 0.00152859 0.000314695
 0.58509 0.389094 0.0119176 0.0133524 0.000545684
 0.621736 0.255518 0.115108 0.00352567 0.00411156
 0.740715 0.183287 0.0513367 0.0231267 0.00153441
 0.752674 0.199024 0.0341444 0.00956345 0.00459408
 0.316439 0.558348 0.100759 0.0172862 0.0071675
 0.745399 0.101019 0.125449 0.0226385 0.00549422
 0.628931 0.29886 0.0286506 0.0355792 0.00797886
 0.429164 0.402723 0.135399 0.0129802 0.019734
 0.73323 0.136931 0.0916011 0.030797 0.00744099
 0.688077 0.248074 0.0327732 0.0219239 0.00915192
 0.343267 0.496497 0.127437 0.0168358 0.0159638
 0.415564 0.247054 0.255064 0.0654678 0.01685
 0.827228 0.0868898 0.0363045 0.0374815 0.0120966
pobs_RECLAS
 0 0 0 0 0
 0 0 0 0 0
 0 0 0 0 0
 0 0 0 0 0
 0 0 0 0 0
 0 0 0 0 0
 0 0 0 0 0
 0 0 0 0 0
 0 0 0 0 0
 0 0 0 0 0
 0.991045 0.00858322 0.000360255 1.14367e-05 0
 0.934742 0.0480273 0.0164251 0.00080598 0
 0.827803 0.169806 0.00239088 0 0
 0.941827 0.0461693 0.0120037 0 0
 0.791401 0.0380133 0.147996 0.0225897 0
 0.846168 0.0940531 0.0597789 0 0
 0.134021 0.677848 0.182769 0.00536245 0
 0.80878 0.0450904 0.141981 0.00414843 0
 0.846168 0.0940531 0.0597789 0 0
 0.905697 0.0802665 0.012482 0.00150086 5.37128e-05
 0.989698 0.0102097 9.19794e-05 0 0
 0.975433 0.0193895 0.00387452 0.00125025 5.28907e-05
 0.303575 0.632131 0.0575291 0.00676475 0
 0.966965 0.00978017 0.0227588 0.000495775 0
 0.843318 0.132988 0.00938335 0.0141283 0.000182051
 0.564624 0.303363 0.111486 0.0197234 0.00080311
 0.826376 0.0876187 0.0782897 0.00655872 0.00115652
 0.89761 0.0855135 0.0140674 0.00269457 0.000114338
 0.34875 0.467042 0.161289 0.0227151 0.000203297
 0.318654 0.224769 0.449479 0.00709798 0
 0.937255 0.0296025 0.0250945 0.00804832 0
ppred_RECLAS
 0.562452 0.11581 0.301506 0.0202314 6.98503e-07
 0.506295 0.280789 0.0563548 0.146717 0.00984521
 0.657038 0.177665 0.0940107 0.0188681 0.0524183
 0.794719 0.136993 0.0353752 0.0187186 0.0141939
 0.726717 0.220227 0.0354069 0.00914297 0.00850649
 0.811883 0.137573 0.0407315 0.00654859 0.00326431
 0.549659 0.368513 0.0598416 0.0177175 0.00426843
 0.536715 0.265814 0.161591 0.0262402 0.00964068
 0.628387 0.201 0.0978903 0.0595085 0.0132137
 0.789943 0.135253 0.04046 0.0197047 0.0146385
 0.875092 0.100548 0.015685 0.00469205 0.0039827
 0.806795 0.169503 0.0190797 0.00297633 0.00164609
 0.76156 0.195392 0.0377673 0.00425119 0.00102993
 0.722326 0.215325 0.0510922 0.00987564 0.00138094
 0.815014 0.13849 0.0360556 0.00855526 0.00188489
 0.957775 0.0350164 0.00539698 0.00140509 0.000406853
 0.449255 0.529121 0.0179323 0.00276385 0.000927916
 0.934981 0.0300154 0.033629 0.00113971 0.000234635
 0.660766 0.318127 0.00974393 0.010917 0.000446156
 0.69393 0.206751 0.0931391 0.00285277 0.00332684
 0.796996 0.143503 0.0401935 0.0181067 0.00120135
 0.807563 0.154854 0.0265667 0.00744103 0.00357452
 0.388113 0.499803 0.0901942 0.0154737 0.00641595
 0.800304 0.0792344 0.0983957 0.0177564 0.00430939
 0.698796 0.242591 0.0232563 0.0288804 0.00647661
 0.506824 0.347935 0.116978 0.0112143 0.0170493
 0.790018 0.107782 0.0721016 0.0242411 0.005857
 0.750998 0.198033 0.0261622 0.0175014 0.00730579
 0.416675 0.441 0.113192 0.0149539 0.0141794
 0.493549 0.214088 0.221029 0.056732 0.0146016
 0.867836 0.0664673 0.0277715 0.0286719 0.00925339
pobs_PELACES
 0 0 0 0 0
 0 0 0 0 0
 0 0 0 0 0
 0 0 0 0 0
 0 0 0 0 0
 0 0 0 0 0
 0 0 0 0 0
 0 0 0 0 0
 0 0 0 0 0
 0 0 0 0 0
 0 0 0 0 0
 0 0 0 0 0
 0 0 0 0 0
 0 0 0 0 0
 0 0 0 0 0
 0 0 0 0 0
 0.505614 0.472636 0.0217494 0 0
 0 0 0 0 0
 0.443492 0.261883 0.143347 0.151278 0
 0.227955 0.32914 0.350689 0.0885471 0.00366901
 0.970185 0.0296113 0.000203453 0 0
 0.997202 0.00247181 0.000326279 0 0
 0.445219 0.490057 0.0546422 0.010081 0
 0.90214 0.0892962 0.00764917 0.000914606 0
 0 0 0 0 0
 0.581667 0.319106 0.0959925 0.00289975 0.000334073
 0.762889 0.0836404 0.116647 0.0363945 0.000428098
 0.88444 0.0763242 0.0277011 0.0115352 0
 0.521256 0.241999 0.230069 0.00667565 0
 0.616807 0.101726 0.260614 0.0208532 0
 0.833518 0.0704572 0.0857862 0.0102388 0
ppred_PELACES
 0.562632 0.115763 0.301382 0.0202231 6.98216e-07
 0.510006 0.278678 0.0559312 0.145614 0.00977121
 0.660243 0.176005 0.093132 0.0186918 0.0519284
 0.799545 0.133773 0.0345435 0.0182786 0.0138603
 0.726559 0.220354 0.0354273 0.00914826 0.00851141
 0.8137 0.136244 0.0403381 0.00648533 0.00323278
 0.561624 0.358722 0.0582517 0.0172467 0.00415502
 0.535452 0.266538 0.162031 0.0263117 0.00966695
 0.634915 0.197469 0.0961709 0.0584632 0.0129816
 0.797362 0.130477 0.039031 0.0190088 0.0141215
 0.874809 0.100776 0.0157206 0.00470269 0.00399173
 0.812781 0.164251 0.0184886 0.00288413 0.00159509
 0.767933 0.190169 0.0367579 0.00413756 0.00100241
 0.73677 0.204125 0.0484346 0.00936196 0.00130911
 0.822177 0.133128 0.0346594 0.00822398 0.0018119
 0.959124 0.0338974 0.00522452 0.00136019 0.000393852
 0.453418 0.525122 0.0177967 0.00274296 0.000920903
 0.935879 0.0296011 0.0331649 0.00112398 0.000231397
 0.666951 0.312327 0.0095663 0.010718 0.000438022
 0.699136 0.203234 0.091555 0.00280425 0.00327026
 0.799531 0.141711 0.0396915 0.0178806 0.00118635
 0.811253 0.151886 0.0260574 0.00729838 0.00350599
 0.389973 0.498284 0.0899201 0.0154266 0.00639646
 0.801119 0.0789109 0.0979941 0.017684 0.0042918
 0.699846 0.241745 0.0231753 0.0287798 0.00645403
 0.507056 0.347771 0.116923 0.011209 0.0170413
 0.790859 0.10735 0.0718128 0.024144 0.00583353
 0.751307 0.197787 0.0261297 0.0174797 0.00729672
 0.416732 0.440957 0.113181 0.0149524 0.014178
 0.495692 0.213182 0.220094 0.056492 0.0145398
 0.869016 0.0658738 0.0275235 0.0284158 0.00917076
pobs_pel_tallas
 0 0 0 0 0 0 0 0 0 0 0 0 0 0 0 0 0 0 0 0 0 0 0 0 0 0
 0 0 0 0 0 0 0 0 0 0 0 0 0 0 0 0 0 0 0 0 0 0 0 0 0 0
 0 0 0 0 0 0 0 0 0 0 0 0 0 0 0 0 0 0 0 0 0 0 0 0 0 0
 0 0 0 0 0 0 0 0 0 0 0 0 0 0 0 0 0 0 0 0 0 0 0 0 0 0
 0 0 0 0 0 0 0 0 0 0 0 0 0 0 0 0 0 0 0 0 0 0 0 0 0 0
 0 0 0 0 0 0 0 0 0 0 0 0 0 0 0 0 0 0 0 0 0 0 0 0 0 0
 0 0 0 0 0 0 0 0 0 0 0 0 0 0 0 0 0 0 0 0 0 0 0 0 0 0
 0 0 0 0 0 0 0 0 0 0 0 0 0 0 0 0 0 0 0 0 0 0 0 0 0 0
 0 0 0 0 0 0 0 0 0 0 0 0 0 0 0 0 0 0 0 0 0 0 0 0 0 0
 0 0 0 0 0 0 0 0 0 0 0 0 0 0 0 0 0 0 0 0 0 0 0 0 0 0
 0 0 0 0 0 0 0 0 0 0 0 0 0 0 0 0 0 0 0 0 0 0 0 0 0 0
 0 0 0 0 0 0 0 0 0 0 0 0 0 0 0 0 0 0 0 0 0 0 0 0 0 0
 0.00862536 0 0 0.000197151 0.00414017 0.0128641 0.00837892 0.0270097 0.101434 0.158115 0.152841 0.127902 0.109271 0.109419 0.0830992 0.0579132 0.0238553 0.00714673 0.00463305 0.00128148 0.00103504 0.000492878 0.000147863 0.000147863 4.92878e-05 0
 0 0 0 0 0 0 0 0 0 0 0 0 0 0 0 0 0 0 0 0 0 0 0 0 0 0
 0 0 0 0 0 0 0 0.0054083 0.00873648 0.0413646 0.0450493 0.0745869 0.0622846 0.0627006 0.0613931 0.0827291 0.12552 0.122667 0.0946155 0.0697135 0.0546179 0.0294188 0.0215738 0.0213955 0.0102223 0.00600262
 0 0 0 0 0.00359764 0.0251062 0.0480494 0.140153 0.205849 0.193036 0.1447 0.116669 0.0760912 0.0342217 0.00950174 0.001854 0.000860785 0 0 0 0.000165536 0 0.000143464 0 0 0
 0 0 0 0 0 0 0 0.000145254 0.000435761 0.0275982 0.070085 0.0708112 0.156366 0.174668 0.174014 0.160142 0.0824315 0.0480064 0.0283245 0.00493863 0.00203355 0 0 0 0 0
 0 0 0 0 0 0 0 0 0 0 0 0 0 0 0 0 0 0 0 0 0 0 0 0 0 0
 0 0 1.00437e-05 0.000401748 0.00122533 0.00171747 0.00176769 0.0269171 0.070346 0.194647 0.189555 0.159765 0.064822 0.0314167 0.0384472 0.0292271 0.0345202 0.0313363 0.0194345 0.0106764 0.0143323 0.0359363 0.0279516 0.0138201 0.00172751 0
 0 0.0021121 0.0136068 0.0755702 0.200478 0.177729 0.0527432 0.0373336 0.0318909 0.0142505 0.0149659 0.0166563 0.0217959 0.0798694 0.0677717 0.0528807 0.04013 0.0224614 0.0357745 0.0225083 0.00881397 0.00855152 0.00135912 0.000746735 0 0
 0 0 0 0 5.4009e-05 0.00500934 0.000945158 0.0243581 0.138947 0.33067 0.221406 0.137944 0.0707744 0.0437923 0.0131692 0.00525238 0.0047753 0.00276346 9.45158e-05 9.00151e-06 2.25038e-05 9.00151e-06 4.50075e-06 0 0 0
 0.000866109 0.00284123 0.00948549 0.0512746 0.133035 0.25785 0.225252 0.132002 0.0553304 0.0519788 0.0540692 0.017754 0.00435017 0.00159236 0.00146478 0.000404838 0.000125132 0.000115318 0.000107957 0.000100596 0 0 0 0 0 0
 0 0 0 0 0.00144013 0.00171154 0.00461396 0.0210425 0.0478622 0.0707936 0.0888783 0.103762 0.0637923 0.0337046 0.0602308 0.124433 0.169614 0.0934646 0.0462172 0.0250306 0.0313229 0.00938855 0.002487 0.000210481 0 0
 0 0.00764035 0.051015 0.0998891 0.058973 0.0496711 0.0374665 0.0718981 0.12319 0.153886 0.159021 0.0857701 0.0377988 0.023471 0.0147837 0.00900784 0.00315554 0.000888139 0.00291439 0.00214683 0.00393193 0.00274676 0.000635225 9.99891e-05 0 0
 0 0 0 0 0 0 0 0 0 0 0 0 0 0 0 0 0 0 0 0 0 0 0 0 0 0
 0 0 0 0 0 0 0 0 0 0 0 0 0 0 0 0 0 0 0 0 0 0 0 0 0 0
 0 0 0 0 0 0 0 0 0 0 0 0 0 0 0 0 0 0 0 0 0 0 0 0 0 0
 0 0 0 0 0 0 0 0 0 0 0 0 0 0 0 0 0 0 0 0 0 0 0 0 0 0
 0 0 0 0 0 0 0 0 0 0 0 0 0 0 0 0 0 0 0 0 0 0 0 0 0 0
 0 0 0 0 0 0 0 0 0 0 0 0 0 0 0 0 0 0 0 0 0 0 0 0 0 0
 0 0 0 0 0 0 0 0 0 0 0 0 0 0 0 0 0 0 0 0 0 0 0 0 0 0
ppred_pel_tallas
 1.10756e-16 4.63432e-05 0.000450473 0.00299355 0.0136083 0.0423404 0.0902111 0.131668 0.13168 0.090268 0.0425327 0.0141695 0.00442375 0.00364319 0.00631634 0.010906 0.0169538 0.0239116 0.0311542 0.038239 0.0448914 0.0506566 0.0546105 0.0555552 0.0526675 0.0461027
 1.17942e-16 4.20086e-05 0.000408338 0.00271355 0.0123354 0.0383803 0.0817742 0.119357 0.119384 0.0819058 0.0388225 0.0136141 0.00592751 0.00743986 0.0134441 0.0222929 0.0324464 0.0415694 0.0473752 0.0489767 0.0474697 0.0451528 0.0439725 0.0443947 0.0454064 0.0453937
 1.13395e-16 5.43834e-05 0.000528626 0.00351291 0.0159692 0.0496861 0.105862 0.154512 0.15453 0.105946 0.049967 0.0167819 0.00555901 0.00501548 0.00863584 0.0143506 0.0210488 0.0272896 0.0316522 0.0335297 0.033472 0.032719 0.032304 0.0324464 0.0326109 0.0320165
 1.0521e-16 6.58575e-05 0.000640158 0.00425408 0.0193384 0.0601691 0.128197 0.18711 0.187123 0.12826 0.0603813 0.0199518 0.0057953 0.00401021 0.00648293 0.0106584 0.0154566 0.0196755 0.0221452 0.0223521 0.0207422 0.0183936 0.0163213 0.0149603 0.0141341 0.0133812
 1.03437e-16 5.98457e-05 0.000581722 0.00386575 0.0175731 0.0546767 0.116495 0.170033 0.170054 0.116599 0.0550253 0.0185802 0.00639411 0.00610267 0.0105497 0.0173582 0.025029 0.0315395 0.0348709 0.0340987 0.0299381 0.0242453 0.018888 0.0148682 0.012202 0.0103725
 1.02397e-16 6.70234e-05 0.000651491 0.00432939 0.0196808 0.0612343 0.130467 0.190423 0.190436 0.130531 0.0614505 0.0203055 0.0058992 0.00408377 0.00660132 0.0108484 0.0157171 0.019965 0.0223674 0.022351 0.0203111 0.0172989 0.0143455 0.0119643 0.0101236 0.00854841
 1.04206e-16 4.62603e-05 0.000449667 0.0029882 0.0135839 0.0422648 0.090051 0.131439 0.131474 0.09022 0.0428324 0.0152234 0.0071041 0.00943701 0.0171217 0.0282503 0.0407336 0.0513138 0.0566966 0.0553599 0.0484467 0.0389577 0.0299245 0.0229912 0.0182279 0.0148625
 1.09019e-16 4.41045e-05 0.000428712 0.00284894 0.0129509 0.0402952 0.0858541 0.125312 0.125338 0.0859807 0.0407208 0.0141829 0.00595106 0.00723268 0.01306 0.0217666 0.0319247 0.0413451 0.0477901 0.050181 0.0491262 0.0462711 0.0430497 0.0398948 0.0364016 0.032049
 1.10886e-16 5.22971e-05 0.000508347 0.00337814 0.0153566 0.0477801 0.101801 0.148586 0.148605 0.101895 0.048095 0.0162678 0.00567184 0.00553688 0.00966602 0.0160664 0.023543 0.0304728 0.0352439 0.037151 0.0367796 0.0354818 0.034378 0.0336956 0.032866 0.0311221
 1.05456e-16 6.56777e-05 0.00063841 0.00424246 0.0192856 0.0600048 0.127847 0.186599 0.186612 0.127909 0.060212 0.0198845 0.00574775 0.00393132 0.00634002 0.0104323 0.0151541 0.0193436 0.0218708 0.0222388 0.0208738 0.0188013 0.0169733 0.0157745 0.0150057 0.0142125
 1.01627e-16 7.20569e-05 0.000700418 0.00465453 0.0211588 0.065833 0.140264 0.204722 0.204732 0.140312 0.0659924 0.0216193 0.00581072 0.00322503 0.00486863 0.00793991 0.0114433 0.0144181 0.0159386 0.0155834 0.0136816 0.0110848 0.00864905 0.00683221 0.00563841 0.0048257
 1.01135e-16 6.69477e-05 0.000650756 0.0043245 0.0196586 0.0611652 0.130319 0.190208 0.190224 0.130397 0.0614247 0.0204082 0.00620569 0.00475604 0.00785959 0.0128768 0.0185176 0.023232 0.025487 0.0245736 0.0210253 0.0162565 0.011722 0.00825114 0.00593724 0.00445203
 1.01695e-16 6.32537e-05 0.000614848 0.00408588 0.0185738 0.0577902 0.123129 0.179714 0.179732 0.123218 0.0580912 0.0194435 0.00626941 0.00538368 0.00912642 0.0150038 0.021644 0.0272917 0.0301956 0.0295357 0.0258929 0.0208258 0.0159157 0.0120311 0.00923918 0.00718855
 1.02611e-16 6.06868e-05 0.000589897 0.00392007 0.0178201 0.0554451 0.118132 0.172422 0.172441 0.118229 0.0557685 0.0187547 0.00626751 0.00571929 0.00981677 0.0161706 0.0233758 0.0295769 0.0329171 0.032528 0.0290207 0.0240238 0.0191626 0.0152892 0.0124134 0.0101355
 1.02166e-16 6.77217e-05 0.000658279 0.00437449 0.0198858 0.0618722 0.131826 0.192406 0.192419 0.131889 0.0620833 0.0204958 0.0059068 0.00400751 0.00644081 0.010573 0.0152995 0.0193971 0.0216633 0.0215385 0.0194197 0.0163557 0.0133808 0.011018 0.00924355 0.00777812
 1.00363e-16 7.90018e-05 0.000767925 0.00510313 0.0231981 0.0721779 0.153783 0.224451 0.224455 0.153799 0.0722316 0.023353 0.00549194 0.00161682 0.00169159 0.00267246 0.00384437 0.00483895 0.00533949 0.00520135 0.00453273 0.00361859 0.00274793 0.00207925 0.0016219 0.00130442
 1.01079e-16 3.73475e-05 0.000363031 0.00241247 0.0109668 0.034122 0.0727024 0.106122 0.106172 0.0729492 0.0349504 0.0133584 0.0084112 0.0134432 0.0248343 0.0408797 0.0586097 0.0731224 0.0794476 0.0752931 0.0624408 0.0456119 0.0297472 0.017788 0.0102174 0.00599728
 1.01117e-16 7.70871e-05 0.000749314 0.00497945 0.0226359 0.0704286 0.150056 0.219011 0.219014 0.15007 0.0704764 0.0227743 0.00532916 0.00151978 0.00156095 0.00251207 0.00373523 0.00495375 0.00593225 0.0065461 0.00682218 0.00686522 0.00673897 0.00641536 0.00582847 0.00496803
 1.01505e-16 5.49359e-05 0.000533997 0.0035486 0.0161314 0.050191 0.106938 0.156086 0.156116 0.107085 0.0506838 0.017554 0.00711694 0.0083152 0.0148079 0.0243285 0.0348896 0.0435595 0.0473956 0.0450531 0.0376089 0.0278767 0.0187785 0.0120199 0.00782326 0.00550319
 1.03529e-16 5.75869e-05 0.000559766 0.00371984 0.0169099 0.052613 0.112098 0.163615 0.163634 0.112194 0.0529364 0.0178451 0.00607197 0.00570951 0.00988168 0.0163588 0.0238223 0.030499 0.0345951 0.0352397 0.0329337 0.0290838 0.0250388 0.0214236 0.0181702 0.0149884
 1.03176e-16 6.58563e-05 0.000640147 0.004254 0.0193381 0.060168 0.128195 0.187107 0.187121 0.128262 0.0603929 0.0199879 0.00588691 0.00421063 0.00686415 0.0112893 0.0163646 0.0208094 0.0233636 0.0234494 0.0214961 0.0186053 0.0158361 0.0136809 0.012043 0.0105693
 1.02117e-16 6.68218e-05 0.000649532 0.00431637 0.0196216 0.0610501 0.130074 0.18985 0.189865 0.130146 0.0612905 0.0203159 0.00605967 0.00445656 0.00730122 0.0119756 0.0172711 0.0217747 0.0240939 0.0235881 0.0207422 0.0168231 0.013105 0.0102706 0.00833462 0.00695723
 1.05352e-16 3.21216e-05 0.000312234 0.0020749 0.00943225 0.0293475 0.0625297 0.091274 0.091322 0.0627645 0.0301361 0.0117103 0.00779457 0.012803 0.0237681 0.0392783 0.056661 0.0714224 0.0789868 0.0772242 0.0676885 0.0545032 0.0418417 0.0319802 0.0250526 0.0200599
 1.05348e-16 6.59871e-05 0.000641419 0.00426245 0.0193765 0.0602875 0.128449 0.187477 0.187485 0.128487 0.0604152 0.0197472 0.00519968 0.00270992 0.00406056 0.0067814 0.0101666 0.0136306 0.016602 0.0187891 0.0202742 0.0212961 0.0219239 0.0219343 0.020992 0.0189456
 1.0471e-16 5.76454e-05 0.000560334 0.00372362 0.016927 0.0526664 0.112212 0.163782 0.163805 0.112326 0.0530485 0.0180306 0.00649342 0.00660605 0.0115377 0.0189797 0.0273324 0.0343767 0.0379053 0.036936 0.0323138 0.02615 0.0205495 0.0166086 0.0142638 0.0128075
 1.07472e-16 4.17656e-05 0.000405977 0.00269786 0.0122641 0.0381583 0.0813016 0.118669 0.118703 0.081466 0.0387105 0.0138603 0.00670984 0.0091813 0.016758 0.0277695 0.0403052 0.051325 0.0577356 0.0580839 0.053359 0.0461897 0.0391293 0.0334091 0.028895 0.0248713
 1.05509e-16 6.51421e-05 0.000633204 0.00420786 0.0191283 0.0595154 0.126804 0.185077 0.185087 0.126855 0.0596872 0.0196257 0.00546097 0.00338443 0.00533651 0.00884107 0.0130166 0.0169752 0.019851 0.0212428 0.0214073 0.0209788 0.0204568 0.0198967 0.0190035 0.017462
 1.03793e-16 6.18842e-05 0.000601537 0.00399742 0.0181717 0.0565391 0.120463 0.175823 0.175843 0.120556 0.0568519 0.0190753 0.00626567 0.00555384 0.00946958 0.0155643 0.0224344 0.0282595 0.0312354 0.0305508 0.0268753 0.0219033 0.0173253 0.0140236 0.0119598 0.0105949
 1.07278e-16 3.43257e-05 0.000333658 0.00221728 0.0100795 0.0313611 0.0668198 0.0975344 0.097577 0.0670279 0.0320601 0.0120994 0.00729145 0.0114235 0.0211337 0.0349826 0.0506206 0.0641374 0.0715496 0.0709967 0.0637982 0.0534499 0.0434195 0.0354917 0.0296314 0.0249293
 1.14532e-16 4.08295e-05 0.000396878 0.00263739 0.0119892 0.037303 0.0794788 0.116006 0.116027 0.0795809 0.0376467 0.0129859 0.00515443 0.00594244 0.0107225 0.0180545 0.0269255 0.0357977 0.043091 0.0480399 0.0509933 0.0528269 0.0539994 0.0541118 0.0522906 0.0479578
 1.05213e-16 7.15797e-05 0.00069578 0.00462371 0.0210187 0.065397 0.139335 0.203366 0.203372 0.139367 0.065502 0.0213225 0.00538833 0.00237195 0.00327601 0.00535956 0.00785204 0.0101774 0.0118127 0.012552 0.012628 0.0125242 0.0126214 0.0129581 0.0132582 0.0131491
pSPR Fmed_Fpbrs
0.544855   0.225457 0.225457
Fs Fmed_Fpbrs
0.350655   1.005 1.005
SSBpbr Bo_Bmed_Bpbrs
1.5379e+06  761037  269835 269835
Ro
141372
SPR SPRFo_SPRFmed_SPRFpbrs
1.01051e+06 550583 227827
Fref
0.7035
Nvult_r0
 157721 12979 5422.91 5598.72 1806.9
CTP_r0
 28738.4 3018.6 1261.24 1302.13 420.241
YTP_r0
391296
Np
 182062 39930.6 11979.9 881.45 435.334
Nvult_p0
 142132 32661.4 9799.03 720.986 356.084
CTP_p0
 48451.9 22229.3 1635.57 683.377 897.225
 48451.9 13488.3 4046.74 297.748 147.053
YTP_p0
 811600 690186
CBA_c0
775175
log_Ro
11.6791
likeval ReclasPelacesDesembMPH_pf_preclas_ppelaces_ptallas_desvR_qrecl_qpela
 12.738 17.0218 0.0384563 0.000820281 241.565 117.239 99.0787 0 24.1263 2.66595e-06 1.03203e-05 0.194274 0 0 0
q_reclas_q_pelaces
1.26033 1.5794
M
1
N
 174954 36956.9 96215.3 6456.17 0.222904
 96064 55839.1 11207 29176.8 1957.87
 96152.8 27226.1 14406.6 2891.42 8032.79
 148182 27387.2 7072.08 3742.16 2837.6
 119349 37019.6 5951.81 1536.91 1429.92
 218210 38583.5 11423.5 1836.61 915.505
 85711.6 63375.2 10291.3 3046.97 734.066
 36351.2 18308.1 11129.7 1807.31 664.008
 35619.3 12182.7 5933.19 3606.85 800.892
 48068.9 9033.53 2702.31 1316.07 977.7
 89901.5 10544.2 1644.84 492.042 417.654
 129209 29505.9 3321.26 518.101 286.54
 107854 29921.1 5783.46 651.001 157.718
 75320 25708.6 6100.13 1179.1 164.877
 69735 13064.1 3401.21 807.037 177.806
 378381 14923.3 2300.08 598.821 173.393
 73798.5 91369.6 3096.58 477.267 160.234
 611443 20573.3 23050.2 781.187 160.825
 336768 173280 5307.42 5946.4 243.017
 270259 85654 38586.3 1181.86 1378.26
 373321 70546.6 19759.3 8901.36 590.589
 515378 105012 18015.8 5046.03 2424.01
 101346 135339 24423.2 4190.03 1737.34
 298024 30472.1 37841.2 6828.8 1657.31
 255754 91677.7 8788.81 10914.2 2447.58
 111781 78750.4 26476.5 2538.21 3858.89
 252795 35616.4 23825.8 8010.43 1935.43
 287126 77784.1 10276.1 6874.27 2869.6
 83806.8 90929.5 23339.1 3083.34 2923.64
 59644.5 26859.8 27730.6 7117.68 1831.94
 223529 17820.9 7445.97 7687.37 2480.98
pred_Ctot
 14815.7 4169.62 10855.4 728.409 0.0251488
 14241 10850.3 2177.67 5669.44 380.44
 14009.9 5203.21 2753.25 552.583 1535.15
 31015.8 7392.11 1908.83 1010.05 765.901
 9242.69 3826.51 615.205 158.862 147.803
 29602.7 6883.47 2038.01 327.66 163.33
 23738.3 22210 3606.61 1067.82 257.256
 2060.64 1392.38 846.438 137.45 50.4995
 7207.58 3184.96 1551.13 942.947 209.379
 12789.5 3050.82 912.627 444.465 330.19
 6186.57 970.56 151.403 45.2909 38.4437
 31415.8 9165.12 1031.65 160.932 89.0051
 24859.2 8841.62 1709 192.37 46.6053
 26719.2 11278.8 2676.24 517.292 72.3345
 19260.8 4566.85 1188.97 282.118 62.1558
 85031.2 4306.34 663.724 172.799 50.0351
 11556.5 18713.4 634.209 97.7489 32.8175
 90665.7 3998.62 4480.02 151.831 31.2579
 67695.5 45018.6 1378.88 1544.88 63.1361
 51018.3 20967.3 9445.55 289.309 337.386
 56769.1 14047.3 3934.49 1772.45 117.599
 95816.2 25335.9 4346.61 1217.44 584.831
 11897.1 20992.1 3788.22 649.905 269.475
 31312.7 4243.61 5269.85 950.995 230.801
 26737.1 12705.1 1217.99 1512.54 339.197
 9572.07 8982.33 3019.93 289.51 440.148
 26525.4 4953.64 3313.77 1114.12 269.186
 25567 9217.73 1217.76 814.629 340.059
 6900.52 9980.83 2561.8 338.441 320.912
 7202.25 4281.76 4420.58 1134.64 292.032
 28738.4 3018.6 1261.24 1302.13 420.241
F
 0.142049 0.193214 0.193214 0.193214 0.193214
 0.260839 0.35479 0.35479 0.35479 0.35479
 0.255863 0.348022 0.348022 0.348022 0.348022
 0.386991 0.526381 0.526381 0.526381 0.526381
 0.129227 0.175773 0.175773 0.175773 0.175773
 0.236383 0.321526 0.321526 0.321526 0.321526
 0.543644 0.739459 0.739459 0.739459 0.739459
 0.0932083 0.126781 0.126781 0.126781 0.126781
 0.371944 0.505914 0.505914 0.505914 0.505914
 0.517059 0.703298 0.703298 0.703298 0.703298
 0.114124 0.155231 0.155231 0.155231 0.155231
 0.462868 0.629588 0.629588 0.629588 0.629588
 0.43395 0.590254 0.590254 0.590254 0.590254
 0.751877 1.02269 1.02269 1.02269 1.02269
 0.54178 0.736923 0.736923 0.736923 0.736923
 0.420988 0.572624 0.572624 0.572624 0.572624
 0.277343 0.37724 0.37724 0.37724 0.37724
 0.260911 0.354888 0.354888 0.354888 0.354888
 0.369077 0.502015 0.502015 0.502015 0.502015
 0.343108 0.466692 0.466692 0.466692 0.466692
 0.268361 0.365022 0.365022 0.365022 0.365022
 0.337117 0.458543 0.458543 0.458543 0.458543
 0.201726 0.274386 0.274386 0.274386 0.274386
 0.178895 0.243331 0.243331 0.243331 0.243331
 0.177931 0.24202 0.24202 0.24202 0.24202
 0.14374 0.195513 0.195513 0.195513 0.195513
 0.17864 0.242985 0.242985 0.242985 0.242985
 0.149839 0.203809 0.203809 0.203809 0.203809
 0.137882 0.187546 0.187546 0.187546 0.187546
 0.208029 0.282959 0.282959 0.282959 0.282959
 0.222808 0.30306 0.30306 0.30306 0.30306
YTP_r0W_actual
 244276 49203.2 36449.8 45314 16053.2
YTP_p0W_proyectada
 364358 358336 38239.7 20159.6 30505.7
 364358 217431 94612.7 8783.57 4999.8
CTP_r0_actual
 28738.4 3018.6 1261.24 1302.13 420.241
CTP_p0_proyectada
 48451.9 22229.3 1635.57 683.377 897.225
 48451.9 13488.3 4046.74 297.748 147.053
Wmedp
 7.52 16.12 23.38 29.5 34
Frms_r0
 0.222808 0.30306 0.30306 0.30306 0.30306
Zrms_r0
 1.22281 1.30306 1.30306 1.30306 1.30306
nmprior
 8.19 8.8 8.5 0
nm_flota  nm_reclas  nm_pelaces    nm_pelaL
inf 13.5402 19.8642 48.6959
cv_recla  cv_pelaces  cv_mph
0.322831 0.467817 0.883867
 ------------------------------------------------
Talla a la edad & desviaci?n 
 8 13.2811 15.8009 17.003 17.5766
 0.8 1.32811 1.58009 1.7003 1.75766
