    unsorted:	 2.337565985e-06 5.787176323e-05 9.901457163e-05 0.001099893659 4.511608098 2.084743808 7.858092822 11.34302547 13.74566503 62.75651649 167.4941403 139.4137712 227.8216989 256.6110644 465.2954192 509.9122982 642.5917042 792.6903569 809.4874018 856.6010274 912.3643537 943.8435129 1047.636816 1155.458941 1219.156638 1324.189386 1435.292748 1524.632978 1645.558091 1825.989642 1886.838214 2125.970557 2306.922959 2478.175055 2448.156341 2551.789778 2647.421987 2848.811728 2951.121811 3200.916698 3266.638180 3848.704687 3982.437592 4350.112272 10163.26810 41472.54624 158296.1738 380730.4353 387956.7391 375312.2834 395306.9624 358082.7268 354089.0050 418861.5524 450799.4839 442880.8289 459036.8690 314383.6367 604314.9559 615167.7645 650432.1652 691504.7339 702707.5868 968191.4765 1038977.486 1123674.670 1184529.151 1300349.662 1507283.847 1653041.923 1825793.111 2301878.762 2437662.159 2474651.356 2743412.721 2955545.245 3301731.865 43250755.37
      sorted:	 2.337565985e-06 5.787176323e-05 9.901457163e-05 0.001099893659 2.084743808 4.511608098 7.858092822 11.34302547 13.74566503 62.75651649 139.4137712 167.4941403 227.8216989 256.6110644 465.2954192 509.9122982 642.5917042 792.6903569 809.4874018 856.6010274 912.3643537 943.8435129 1047.636816 1155.458941 1219.156638 1324.189386 1435.292748 1524.632978 1645.558091 1825.989642 1886.838214 2125.970557 2306.922959 2448.156341 2478.175055 2551.789778 2647.421987 2848.811728 2951.121811 3200.916698 3266.638180 3848.704687 3982.437592 4350.112272 10163.26810 41472.54624 158296.1738 314383.6367 354089.0050 358082.7268 375312.2834 380730.4353 387956.7391 395306.9624 418861.5524 442880.8289 450799.4839 459036.8690 604314.9559 615167.7645 650432.1652 691504.7339 702707.5868 968191.4765 1038977.486 1123674.670 1184529.151 1300349.662 1507283.847 1653041.923 1825793.111 2301878.762 2437662.159 2474651.356 2743412.721 2955545.245 3301731.865 43250755.37
