years
 1991 1992 1993 1994 1995 1996 1997 1998 1999 2000 2001 2002 2003 2004 2005 2006 2007 2008 2009 2010 2011 2012 2013 2014 2015 2016 2017 2018 2019 2020 2021
reclasobs
 0 0 0 0 0 0 0 0 0 252601 567819 844713 477998 351125 339783 2.1784e+06 2.13404e+06 4.81314e+06 1.55562e+06 2.62356e+06 3.21686e+06 3.843e+06 1.13348e+06 3.07943e+06 1.97215e+06 2.03268e+06 2.025e+06 2.42433e+06 2.27542e+06 1.05018e+06 2.36338e+06
reclaspred
 3.1853e+06 1.74023e+06 882411 907730 921612 1.59853e+06 899154 772224 546230 370198 502905 685511 673549 495951 485809 1.35829e+06 1.21397e+06 3.1176e+06 2.48575e+06 1.78667e+06 3.11622e+06 2.53963e+06 1.92154e+06 3.06943e+06 2.2638e+06 1.99055e+06 2.41258e+06 2.60523e+06 2.0577e+06 1.247e+06 1.88649e+06
pelacesobs
 0 0 0 0 0 0 0 0 0 0 0 0 0 0 0 552880 188675 0 991730 2.46772e+06 1.41603e+06 1.21717e+06 2.29649e+06 1.80582e+06 0 1.4828e+06 1.56532e+06 1.57751e+06 1.42118e+06 867257 1.10002e+06
pelacespred
 1.86925e+06 1.11444e+06 549170 442188 494454 863760 445573 499523 324675 199536 286333 325162 355399 262924 264012 616281 598073 1.70257e+06 1.42587e+06 945643 1.61832e+06 1.39429e+06 1.11389e+06 1.88501e+06 1.37967e+06 1.22101e+06 1.628e+06 1.72903e+06 1.20157e+06 812640 1.14633e+06
mphobs
 0 0 0 0 0 0 0 0 0 0 0 498337 0 5186 125008 0 168611 109162 213762 579715 649985 157893 87575 83554 0 0 0 0 0 0 0
mphpred
 488093 327224 157120 87332.3 95899.5 115290 158752 85271.6 76688.5 48018.8 29591.7 60945.7 65529.2 53515.7 32398.7 41205.8 152588 135572 311475 219453 228239 282621 269050 213391 311480 254033 206722 224798 321798 208671 119661
desembarqueobs
 494567 514787 250237 358949 120608 361735 552515 73892 212993 205616 52469 317467 293654 387597 252695 516296 358380 742168 942051 627588 828172 859565 418607 520667 417249 300574 415391 372974 316634 284311 391294
desembarquepred
 494571 513830 250682 358986 120614 361743 552539 73897.5 213055 205672 52471.9 317528 293688 387573 252669 516223 358411 742012 941743 627362 828256 859545 418609 520693 417237 300571 415384 372944 316617 284316 391296
Reclutas
 170473 93629.6 94588.4 143528 116194 213004 83143.1 35196.1 34570 46683.8 87216.2 126869 106090 74078.6 67947.8 366141 73945.9 590529 333051 259121 363670 497563 97046.8 289108 242633 107733 243038 272198 79600 58944.1 229912
log_desv_Rt
 0.214661 -0.384567 -0.374379 0.0426143 -0.168651 0.437397 -0.50335 -1.36298 -1.38093 -1.08052 -0.455524 -0.0807563 -0.259628 -0.618788 -0.705175 0.979104 -0.62058 1.4571 0.884382 0.633382 0.972335 1.28581 -0.34872 0.742887 0.567637 -0.244253 0.569304 0.682618 -0.5469 -0.847324 0.513783
SSB
 2.00704e+06 1.34554e+06 646075 359110 394338 474070 652786 350636 315343 197453 121681 250608 269456 220056 133223 169438 627442 557470 1.28078e+06 902389 938519 1.16213e+06 1.10633e+06 877462 1.2808e+06 1.04458e+06 850039 924369 1.32323e+06 858052 492045
BT
 2.84423e+06 1.95034e+06 956565 906556 767362 1.52483e+06 1.08473e+06 747856 652662 471923 451934 720527 763250 774219 632781 1.31794e+06 1.08803e+06 3.11663e+06 2.86835e+06 1.84682e+06 2.95463e+06 2.7193e+06 1.85576e+06 3.15549e+06 2.24599e+06 1.91412e+06 2.71733e+06 2.81145e+06 1.8425e+06 1.34624e+06 2.01109e+06
Ftot
 0.209135 0.385525 0.378452 0.57427 0.190518 0.346112 0.796898 0.137336 0.549505 0.773257 0.169875 0.679314 0.635108 1.10709 0.806565 0.629269 0.40733 0.385983 0.540284 0.50626 0.396815 0.499115 0.298329 0.264556 0.26306 0.212514 0.265171 0.224468 0.204723 0.307478 0.331251
BD_Bspro_t
 0.967222 0.776918 0.569994 0.470806 0.465554 0.560978 0.562438 0.368108 0.424344 0.361485 0.317859 0.575276 0.454214 0.35931 0.245193 0.29435 0.488534 0.446638 0.582392 0.466148 0.429949 0.479751 0.496463 0.478352 0.603434 0.61152 0.617244 0.662869 0.720272 0.632533 0.542138
BD_Bspro
 2.04443 1.37062 0.658114 0.365802 0.401686 0.482904 0.66495 0.35717 0.321219 0.201132 0.123948 0.255278 0.274477 0.224157 0.135706 0.172595 0.639134 0.567858 1.30465 0.919203 0.956007 1.18379 1.12695 0.893812 1.30467 1.06405 0.865878 0.941594 1.34789 0.874041 0.501214
BD_Bo
 1.34885 0.904287 0.434201 0.241343 0.265019 0.318603 0.438711 0.235649 0.211929 0.1327 0.0817768 0.168424 0.18109 0.147891 0.0895339 0.113872 0.421679 0.374653 0.860762 0.606459 0.630741 0.781024 0.743522 0.589707 0.860777 0.702021 0.571277 0.621232 0.889291 0.576663 0.330684
BD_Brms
 2.45245 1.64416 0.789456 0.438806 0.481852 0.579279 0.797657 0.428452 0.385326 0.241273 0.148685 0.306225 0.329255 0.268892 0.162789 0.207041 0.766688 0.681188 1.56502 1.10265 1.1468 1.42004 1.35186 1.07219 1.56505 1.2764 1.03869 1.12951 1.61689 1.04848 0.601243
Sel_flota
 0.696304 0.97756 0.998793 0.999936 0.999997
 0.696304 0.97756 0.998793 0.999936 0.999997
 0.696304 0.97756 0.998793 0.999936 0.999997
 0.696304 0.97756 0.998793 0.999936 0.999997
 0.696304 0.97756 0.998793 0.999936 0.999997
 0.696304 0.97756 0.998793 0.999936 0.999997
 0.696304 0.97756 0.998793 0.999936 0.999997
 0.696304 0.97756 0.998793 0.999936 0.999997
 0.696304 0.97756 0.998793 0.999936 0.999997
 0.696304 0.97756 0.998793 0.999936 0.999997
 0.696304 0.97756 0.998793 0.999936 0.999997
 0.696304 0.97756 0.998793 0.999936 0.999997
 0.696304 0.97756 0.998793 0.999936 0.999997
 0.696304 0.97756 0.998793 0.999936 0.999997
 0.696304 0.97756 0.998793 0.999936 0.999997
 0.696304 0.97756 0.998793 0.999936 0.999997
 0.696304 0.97756 0.998793 0.999936 0.999997
 0.696304 0.97756 0.998793 0.999936 0.999997
 0.696304 0.97756 0.998793 0.999936 0.999997
 0.696304 0.97756 0.998793 0.999936 0.999997
 0.696304 0.97756 0.998793 0.999936 0.999997
 0.696304 0.97756 0.998793 0.999936 0.999997
 0.696304 0.97756 0.998793 0.999936 0.999997
 0.696304 0.97756 0.998793 0.999936 0.999997
 0.696304 0.97756 0.998793 0.999936 0.999997
 0.696304 0.97756 0.998793 0.999936 0.999997
 0.696304 0.97756 0.998793 0.999936 0.999997
 0.696304 0.97756 0.998793 0.999936 0.999997
 0.696304 0.97756 0.998793 0.999936 0.999997
 0.696304 0.97756 0.998793 0.999936 0.999997
 0.696304 0.97756 0.998793 0.999936 0.999997
Sel_reclas
 1 1 1 1 1
 1 1 1 1 1
 1 1 1 1 1
 1 1 1 1 1
 1 1 1 1 1
 1 1 1 1 1
 1 1 1 1 1
 1 1 1 1 1
 1 1 1 1 1
 1 1 1 1 1
 1 1 1 1 1
 1 1 1 1 1
 1 1 1 1 1
 1 1 1 1 1
 1 1 1 1 1
 1 1 1 1 1
 1 1 1 1 1
 1 1 1 1 1
 1 1 1 1 1
 1 1 1 1 1
 1 1 1 1 1
 1 1 1 1 1
 1 1 1 1 1
 1 1 1 1 1
 1 1 1 1 1
 1 1 1 1 1
 1 1 1 1 1
 1 1 1 1 1
 1 1 1 1 1
 1 1 1 1 1
 1 1 1 1 1
Sel_pelaces
 0.839133 0.963305 0.992488 0.998498 0.999701
 0.839133 0.963305 0.992488 0.998498 0.999701
 0.839133 0.963305 0.992488 0.998498 0.999701
 0.839133 0.963305 0.992488 0.998498 0.999701
 0.839133 0.963305 0.992488 0.998498 0.999701
 0.839133 0.963305 0.992488 0.998498 0.999701
 0.839133 0.963305 0.992488 0.998498 0.999701
 0.839133 0.963305 0.992488 0.998498 0.999701
 0.839133 0.963305 0.992488 0.998498 0.999701
 0.839133 0.963305 0.992488 0.998498 0.999701
 0.839133 0.963305 0.992488 0.998498 0.999701
 0.839133 0.963305 0.992488 0.998498 0.999701
 0.839133 0.963305 0.992488 0.998498 0.999701
 0.839133 0.963305 0.992488 0.998498 0.999701
 0.839133 0.963305 0.992488 0.998498 0.999701
 0.839133 0.963305 0.992488 0.998498 0.999701
 0.839133 0.963305 0.992488 0.998498 0.999701
 0.839133 0.963305 0.992488 0.998498 0.999701
 0.839133 0.963305 0.992488 0.998498 0.999701
 0.839133 0.963305 0.992488 0.998498 0.999701
 0.839133 0.963305 0.992488 0.998498 0.999701
 0.839133 0.963305 0.992488 0.998498 0.999701
 0.839133 0.963305 0.992488 0.998498 0.999701
 0.839133 0.963305 0.992488 0.998498 0.999701
 0.839133 0.963305 0.992488 0.998498 0.999701
 0.839133 0.963305 0.992488 0.998498 0.999701
 0.839133 0.963305 0.992488 0.998498 0.999701
 0.839133 0.963305 0.992488 0.998498 0.999701
 0.839133 0.963305 0.992488 0.998498 0.999701
 0.839133 0.963305 0.992488 0.998498 0.999701
 0.839133 0.963305 0.992488 0.998498 0.999701
pf_obs 
 0.8446 0.082 0.0669 0.0065 0
 0.8095 0.147 0.0364 0.0071 0
 0.9664 0.0169 0.016 0.0007 0
 0.9276 0.0648 0.0075 0.0001 0
 0.7033 0.2144 0.0806 0.0017 0
 0.9318 0.0425 0.0243 0.0014 0
 0.5671 0.3108 0.0964 0.0239 0.0018
 0.0768 0.2599 0.5324 0.112 0.0189
 0.490249 0.384438 0.106611 0.0170017 0.00170017
 0.7925 0.1577 0.0466 0.003 0.0002
 0.840416 0.127587 0.0312969 0.00059994 9.999e-05
 0.8084 0.0986 0.0794 0.0134 0.0002
 0.7335 0.1905 0.0724 0.0035 0.0001
 0.4001 0.4547 0.1325 0.0127 0
 0.49795 0.308269 0.164784 0.0264974 0.00249975
 0.9179 0.0499 0.0305 0.0017 0
 0.2467 0.6533 0.0926 0.0074 0
 0.9418 0.0223 0.034 0.0019 0
 0.707729 0.231977 0.0356964 0.0245975 0
 0.517169 0.277429 0.184464 0.0207286 0.00020938
 0.811772 0.124168 0.05621 0.00726502 0.000585176
 0.764997 0.148141 0.077277 0.00933861 0.000247198
 0.163321 0.427699 0.378323 0.0303852 0.000271297
 0.753843 0.0900009 0.118128 0.0371064 0.000921714
 0.721811 0.176058 0.0630433 0.0369309 0.00215725
 0.143369 0.312575 0.442814 0.0836902 0.0175525
 0.692698 0.0596174 0.167031 0.0765114 0.00414204
 0.394062 0.376323 0.152708 0.0712218 0.00568511
 0.125707 0.32114 0.495352 0.0537591 0.00404204
 0.23352 0.215282 0.420074 0.123614 0.00750983
 0.796117 0.104755 0.0508955 0.0450114 0.00322123
pf_pred 
 0.483152 0.139744 0.353101 0.0240033 8.81395e-07
 0.424995 0.33108 0.0670764 0.165605 0.0112441
 0.582911 0.218506 0.115625 0.0228352 0.0601234
 0.733163 0.180297 0.0458996 0.0236768 0.0169636
 0.65888 0.275748 0.0445814 0.0110354 0.00975596
 0.755606 0.179396 0.0527743 0.00833898 0.00388417
 0.461362 0.441825 0.0715421 0.0205235 0.004747
 0.4557 0.314208 0.1898 0.0297872 0.0105038
 0.547077 0.246429 0.120336 0.0710864 0.0150721
 0.729838 0.175722 0.0520522 0.0247178 0.0176709
 0.836853 0.132432 0.020198 0.00580081 0.0047159
 0.749748 0.220177 0.0245187 0.00365528 0.00190087
 0.696047 0.250433 0.0472559 0.00510814 0.00115568
 0.646795 0.275801 0.0641023 0.011747 0.00155462
 0.759652 0.18209 0.0458519 0.0102775 0.00212849
 0.942332 0.0481794 0.00724374 0.00176729 0.000477355
 0.378775 0.59758 0.019849 0.00289917 0.00089697
 0.910411 0.0424876 0.045353 0.00146803 0.00028037
 0.586904 0.387567 0.0122703 0.0127669 0.000491499
 0.61297 0.26442 0.115233 0.00354854 0.00382861
 0.740408 0.183322 0.0525559 0.0222892 0.00142481
 0.748952 0.203169 0.0340704 0.00951947 0.00428941
 0.311443 0.563433 0.101787 0.0166136 0.00672367
 0.743789 0.101685 0.127005 0.0223932 0.00512748
 0.619547 0.307862 0.0292294 0.0356471 0.00771446
 0.426082 0.402814 0.139101 0.0128961 0.0191067
 0.72925 0.139754 0.0925806 0.0312382 0.00717774
 0.680719 0.254426 0.0338682 0.0219077 0.00907884
 0.338094 0.498958 0.130474 0.0169683 0.015505
 0.419776 0.245295 0.253919 0.064883 0.0161281
 0.83352 0.085867 0.0345678 0.0349189 0.011126
pobs_RECLAS
 0 0 0 0 0
 0 0 0 0 0
 0 0 0 0 0
 0 0 0 0 0
 0 0 0 0 0
 0 0 0 0 0
 0 0 0 0 0
 0 0 0 0 0
 0 0 0 0 0
 0 0 0 0 0
 0.991045 0.00858322 0.000360255 1.14367e-05 0
 0.934742 0.0480273 0.0164251 0.00080598 0
 0.827803 0.169806 0.00239088 0 0
 0.941827 0.0461693 0.0120037 0 0
 0.791401 0.0380133 0.147996 0.0225897 0
 0.846168 0.0940531 0.0597789 0 0
 0.134021 0.677848 0.182769 0.00536245 0
 0.80878 0.0450904 0.141981 0.00414843 0
 0.846168 0.0940531 0.0597789 0 0
 0.905697 0.0802665 0.012482 0.00150086 5.37128e-05
 0.989698 0.0102097 9.19794e-05 0 0
 0.975433 0.0193895 0.00387452 0.00125025 5.28907e-05
 0.303575 0.632131 0.0575291 0.00676475 0
 0.966965 0.00978017 0.0227588 0.000495775 0
 0.843318 0.132988 0.00938335 0.0141283 0.000182051
 0.564624 0.303363 0.111486 0.0197234 0.00080311
 0.826376 0.0876187 0.0782897 0.00655872 0.00115652
 0.89761 0.0855135 0.0140674 0.00269457 0.000114338
 0.34875 0.467042 0.161289 0.0227151 0.000203297
 0.318654 0.224769 0.449479 0.00709798 0
 0.937255 0.0296025 0.0250945 0.00804832 0
ppred_RECLAS
 0.57285 0.117354 0.290098 0.0196975 7.2324e-07
 0.514595 0.282243 0.0559155 0.137885 0.00936143
 0.667345 0.176171 0.0911597 0.0179821 0.0473425
 0.798482 0.1372 0.0341333 0.0175857 0.0125988
 0.732407 0.217227 0.03436 0.00849535 0.00750996
 0.815196 0.136462 0.0392594 0.0061961 0.00288586
 0.554409 0.367081 0.0580364 0.0166279 0.0038457
 0.543478 0.26598 0.157209 0.0246438 0.0086896
 0.635741 0.200304 0.095595 0.0564021 0.0119579
 0.797397 0.132898 0.0384415 0.0182314 0.0130329
 0.878987 0.0986389 0.0147191 0.00422238 0.00343247
 0.812046 0.165832 0.0180396 0.00268601 0.00139673
 0.767429 0.192403 0.0354718 0.00382959 0.000866358
 0.730455 0.211645 0.0479612 0.00877723 0.00116151
 0.82144 0.136068 0.0334531 0.00748882 0.00155084
 0.95924 0.034184 0.00502157 0.00122362 0.000330485
 0.464512 0.515546 0.0167437 0.00244268 0.000755692
 0.935915 0.0307514 0.032098 0.00103774 0.000198179
 0.670327 0.309745 0.00958446 0.00996018 0.000383421
 0.694792 0.210023 0.0894648 0.00275169 0.00296867
 0.803142 0.139947 0.0392308 0.016618 0.00106223
 0.810418 0.154097 0.0252598 0.0070492 0.00317611
 0.391369 0.500041 0.0883555 0.0144044 0.00582921
 0.806246 0.077933 0.0952139 0.0167682 0.00383926
 0.698159 0.245303 0.0227817 0.0277511 0.00600529
 0.513424 0.343757 0.116133 0.010754 0.0159321
 0.793849 0.107563 0.0697004 0.0234905 0.00539717
 0.751568 0.198868 0.0258975 0.0167322 0.00693364
 0.42028 0.439374 0.112403 0.0146011 0.0133411
 0.509328 0.21013 0.212747 0.0542983 0.0134962
 0.877692 0.0637843 0.025113 0.025338 0.00807278
pobs_PELACES
 0 0 0 0 0
 0 0 0 0 0
 0 0 0 0 0
 0 0 0 0 0
 0 0 0 0 0
 0 0 0 0 0
 0 0 0 0 0
 0 0 0 0 0
 0 0 0 0 0
 0 0 0 0 0
 0 0 0 0 0
 0 0 0 0 0
 0 0 0 0 0
 0 0 0 0 0
 0 0 0 0 0
 0 0 0 0 0
 0.505614 0.472636 0.0217494 0 0
 0 0 0 0 0
 0.443492 0.261883 0.143347 0.151278 0
 0.227955 0.32914 0.350689 0.0885471 0.00366901
 0.970185 0.0296113 0.000203453 0 0
 0.997202 0.00247181 0.000326279 0 0
 0.445219 0.490057 0.0546422 0.010081 0
 0.90214 0.0892962 0.00764917 0.000914606 0
 0 0 0 0 0
 0.581667 0.319106 0.0959925 0.00289975 0.000334073
 0.762889 0.0836404 0.116647 0.0363945 0.000428098
 0.88444 0.0763242 0.0277011 0.0115352 0
 0.521256 0.241999 0.230069 0.00667565 0
 0.616807 0.101726 0.260614 0.0208532 0
 0.833518 0.0704572 0.0857862 0.0102388 0
ppred_PELACES
 0.538414 0.124187 0.315825 0.0215725 7.93039e-07
 0.485725 0.295081 0.0600673 0.148998 0.0101281
 0.640858 0.18751 0.0997016 0.0197833 0.0521471
 0.782935 0.14642 0.0373799 0.0193707 0.0138942
 0.706972 0.236493 0.0384891 0.00957319 0.00847295
 0.797493 0.148409 0.0438831 0.00696687 0.00324874
 0.537396 0.379348 0.0614487 0.0177068 0.00410011
 0.509117 0.282411 0.171812 0.0270947 0.00956527
 0.6123 0.210454 0.103084 0.0611763 0.0129856
 0.784894 0.139771 0.0414295 0.0197617 0.0141436
 0.864696 0.109652 0.0168381 0.00485918 0.00395488
 0.799838 0.176052 0.0196378 0.00294093 0.00153111
 0.752174 0.204092 0.0385944 0.00419094 0.000949235
 0.722457 0.216838 0.0502353 0.00924521 0.00122489
 0.811054 0.143103 0.0360445 0.00811532 0.00168258
 0.955827 0.0368844 0.00555784 0.00136217 0.000368345
 0.439438 0.539116 0.0179882 0.00263973 0.000817629
 0.928562 0.033792 0.0362421 0.00117865 0.000225358
 0.650225 0.328046 0.0104188 0.0108905 0.000419736
 0.673313 0.222923 0.0974902 0.00301611 0.00325783
 0.785234 0.151394 0.0436039 0.0185795 0.00118903
 0.795064 0.165692 0.0278856 0.00782762 0.00353106
 0.36422 0.519626 0.0943999 0.0154812 0.00627252
 0.784969 0.0849915 0.106785 0.018918 0.00433667
 0.672376 0.264661 0.0252775 0.0309747 0.00671092
 0.481671 0.362989 0.126156 0.0117521 0.0174316
 0.772158 0.117185 0.0780912 0.0264751 0.0060902
 0.727804 0.216519 0.0290046 0.0188516 0.00782125
 0.389861 0.459078 0.120828 0.0157893 0.0144441
 0.477781 0.219917 0.228907 0.0587698 0.0146251
 0.863952 0.0698943 0.0282865 0.0287093 0.00915783
pobs_pel_tallas
 0 0 0 0 0 0 0 0 0 0 0 0 0 0 0 0 0 0 0 0 0 0 0 0 0 0
 0 0 0 0 0 0 0 0 0 0 0 0 0 0 0 0 0 0 0 0 0 0 0 0 0 0
 0 0 0 0 0 0 0 0 0 0 0 0 0 0 0 0 0 0 0 0 0 0 0 0 0 0
 0 0 0 0 0 0 0 0 0 0 0 0 0 0 0 0 0 0 0 0 0 0 0 0 0 0
 0 0 0 0 0 0 0 0 0 0 0 0 0 0 0 0 0 0 0 0 0 0 0 0 0 0
 0 0 0 0 0 0 0 0 0 0 0 0 0 0 0 0 0 0 0 0 0 0 0 0 0 0
 0 0 0 0 0 0 0 0 0 0 0 0 0 0 0 0 0 0 0 0 0 0 0 0 0 0
 0 0 0 0 0 0 0 0 0 0 0 0 0 0 0 0 0 0 0 0 0 0 0 0 0 0
 0 0 0 0 0 0 0 0 0 0 0 0 0 0 0 0 0 0 0 0 0 0 0 0 0 0
 0 0 0 0 0 0 0 0 0 0 0 0 0 0 0 0 0 0 0 0 0 0 0 0 0 0
 0 0 0 0 0 0 0 0 0 0 0 0 0 0 0 0 0 0 0 0 0 0 0 0 0 0
 0 0 0 0 0 0 0 0 0 0 0 0 0 0 0 0 0 0 0 0 0 0 0 0 0 0
 0.00862536 0 0 0.000197151 0.00414017 0.0128641 0.00837892 0.0270097 0.101434 0.158115 0.152841 0.127902 0.109271 0.109419 0.0830992 0.0579132 0.0238553 0.00714673 0.00463305 0.00128148 0.00103504 0.000492878 0.000147863 0.000147863 4.92878e-05 0
 0 0 0 0 0 0 0 0 0 0 0 0 0 0 0 0 0 0 0 0 0 0 0 0 0 0
 0 0 0 0 0 0 0 0.0054083 0.00873648 0.0413646 0.0450493 0.0745869 0.0622846 0.0627006 0.0613931 0.0827291 0.12552 0.122667 0.0946155 0.0697135 0.0546179 0.0294188 0.0215738 0.0213955 0.0102223 0.00600262
 0 0 0 0 0.00359764 0.0251062 0.0480494 0.140153 0.205849 0.193036 0.1447 0.116669 0.0760912 0.0342217 0.00950174 0.001854 0.000860785 0 0 0 0.000165536 0 0.000143464 0 0 0
 0 0 0 0 0 0 0 0.000145254 0.000435761 0.0275982 0.070085 0.0708112 0.156366 0.174668 0.174014 0.160142 0.0824315 0.0480064 0.0283245 0.00493863 0.00203355 0 0 0 0 0
 0 0 0 0 0 0 0 0 0 0 0 0 0 0 0 0 0 0 0 0 0 0 0 0 0 0
 0 0 1.00437e-05 0.000401748 0.00122533 0.00171747 0.00176769 0.0269171 0.070346 0.194647 0.189555 0.159765 0.064822 0.0314167 0.0384472 0.0292271 0.0345202 0.0313363 0.0194345 0.0106764 0.0143323 0.0359363 0.0279516 0.0138201 0.00172751 0
 0 0.0021121 0.0136068 0.0755702 0.200478 0.177729 0.0527432 0.0373336 0.0318909 0.0142505 0.0149659 0.0166563 0.0217959 0.0798694 0.0677717 0.0528807 0.04013 0.0224614 0.0357745 0.0225083 0.00881397 0.00855152 0.00135912 0.000746735 0 0
 0 0 0 0 5.4009e-05 0.00500934 0.000945158 0.0243581 0.138947 0.33067 0.221406 0.137944 0.0707744 0.0437923 0.0131692 0.00525238 0.0047753 0.00276346 9.45158e-05 9.00151e-06 2.25038e-05 9.00151e-06 4.50075e-06 0 0 0
 0.000866109 0.00284123 0.00948549 0.0512746 0.133035 0.25785 0.225252 0.132002 0.0553304 0.0519788 0.0540692 0.017754 0.00435017 0.00159236 0.00146478 0.000404838 0.000125132 0.000115318 0.000107957 0.000100596 0 0 0 0 0 0
 0 0 0 0 0.00144013 0.00171154 0.00461396 0.0210425 0.0478622 0.0707936 0.0888783 0.103762 0.0637923 0.0337046 0.0602308 0.124433 0.169614 0.0934646 0.0462172 0.0250306 0.0313229 0.00938855 0.002487 0.000210481 0 0
 0 0.00764035 0.051015 0.0998891 0.058973 0.0496711 0.0374665 0.0718981 0.12319 0.153886 0.159021 0.0857701 0.0377988 0.023471 0.0147837 0.00900784 0.00315554 0.000888139 0.00291439 0.00214683 0.00393193 0.00274676 0.000635225 9.99891e-05 0 0
 0 0 0 0 0 0 0 0 0 0 0 0 0 0 0 0 0 0 0 0 0 0 0 0 0 0
 0 0 0 0 0 0 0 0 0 0 0 0 0 0 0 0 0 0 0 0 0 0 0 0 0 0
 0 0 0 0 0 0 0 0 0 0 0 0 0 0 0 0 0 0 0 0 0 0 0 0 0 0
 0 0 0 0 0 0 0 0 0 0 0 0 0 0 0 0 0 0 0 0 0 0 0 0 0 0
 0 0 0 0 0 0 0 0 0 0 0 0 0 0 0 0 0 0 0 0 0 0 0 0 0 0
 0 0 0 0 0 0 0 0 0 0 0 0 0 0 0 0 0 0 0 0 0 0 0 0 0 0
 0 0 0 0 0 0 0 0 0 0 0 0 0 0 0 0 0 0 0 0 0 0 0 0 0 0
ppred_pel_tallas
 1.1131e-16 4.43485e-05 0.000431083 0.0028647 0.0130225 0.0405179 0.0863282 0.126001 0.126014 0.0863891 0.040724 0.0136238 0.0043963 0.00384847 0.00675071 0.0116525 0.0180878 0.0254594 0.0330857 0.040491 0.0473981 0.0533568 0.0574256 0.0583637 0.0553088 0.048415
 1.18466e-16 4.00086e-05 0.000388898 0.00258436 0.0117482 0.036553 0.0778811 0.113676 0.113704 0.0780205 0.0370213 0.013102 0.0059873 0.00783365 0.0142289 0.0235992 0.0343416 0.0439818 0.0500899 0.0517152 0.050007 0.0473941 0.0459454 0.0461783 0.0470588 0.0469195
 1.13734e-16 5.27867e-05 0.000513105 0.00340977 0.0155003 0.0482273 0.102754 0.149976 0.149995 0.102843 0.0485265 0.0163662 0.00558961 0.00529318 0.00919483 0.0152869 0.0224204 0.0290616 0.0336924 0.0356586 0.0355368 0.0346401 0.0340661 0.0340564 0.0340611 0.033278
 1.05411e-16 6.44894e-05 0.000626859 0.0041657 0.0189367 0.0589191 0.125534 0.183223 0.183238 0.125603 0.0591514 0.0196079 0.00585235 0.0043147 0.007086 0.0116599 0.0169051 0.0215089 0.0241874 0.0243741 0.022554 0.0199069 0.0175482 0.0159641 0.0149755 0.0140926
 1.03566e-16 5.82324e-05 0.00056604 0.00376153 0.0170994 0.0532027 0.113355 0.165449 0.165472 0.113466 0.0535769 0.0181803 0.00647518 0.00649162 0.011317 0.0186306 0.026865 0.033854 0.0374305 0.0366003 0.032128 0.0260019 0.0202243 0.015871 0.0129644 0.0109582
 1.02553e-16 6.56884e-05 0.000638515 0.00424316 0.0192888 0.0600146 0.127868 0.18663 0.186645 0.127938 0.0602501 0.0199693 0.00595308 0.00437712 0.00718306 0.0118156 0.0171183 0.0217432 0.0243559 0.0243311 0.0220987 0.0188035 0.0155695 0.0129573 0.0109354 0.00920702
 1.0434e-16 4.42647e-05 0.000430269 0.00285929 0.0129979 0.0404416 0.0861664 0.12577 0.125807 0.0863451 0.0410417 0.0147316 0.00721173 0.00993402 0.0181005 0.0298719 0.0430702 0.0542527 0.0599343 0.0585036 0.051168 0.0411011 0.0315109 0.0241411 0.0190719 0.0154931
 1.09367e-16 4.19353e-05 0.000407627 0.00270882 0.0123139 0.0383134 0.0816317 0.11915 0.119177 0.0817658 0.0387644 0.0136193 0.00599562 0.00761658 0.0138324 0.0230608 0.0338216 0.0437976 0.0506155 0.0531292 0.0519802 0.04891 0.0454388 0.0420312 0.038268 0.0336092
 1.11362e-16 5.04344e-05 0.00049024 0.00325782 0.0148096 0.0460782 0.0981753 0.143294 0.143314 0.0982751 0.0464139 0.0157808 0.0057024 0.00584955 0.0102965 0.0171227 0.0250906 0.0324735 0.0375512 0.0395677 0.0391415 0.0377092 0.0364638 0.0356531 0.0346837 0.0327546
 1.05607e-16 6.46507e-05 0.000628428 0.00417613 0.0189841 0.0590666 0.125848 0.183682 0.183695 0.125914 0.0592885 0.0196255 0.0057884 0.00415518 0.00678397 0.0111702 0.0162224 0.0206984 0.0233844 0.0237449 0.0222334 0.0199491 0.0179156 0.0165536 0.0156618 0.0147655
 1.01671e-16 7.12239e-05 0.000692322 0.00460072 0.0209142 0.065072 0.138643 0.202356 0.202366 0.138695 0.0652454 0.0214153 0.0058586 0.00343886 0.00528912 0.00863597 0.0124451 0.0156755 0.0173193 0.016916 0.0148233 0.0119683 0.00928491 0.00727544 0.00594956 0.00504889
 1.01166e-16 6.58817e-05 0.000640393 0.00425564 0.0193455 0.0601912 0.128244 0.18718 0.187197 0.128327 0.0604694 0.020149 0.00627189 0.00504036 0.00841769 0.0137999 0.0198443 0.0248936 0.0273042 0.0263155 0.0224991 0.0173713 0.0124933 0.00875624 0.006263 0.00466408
 1.01747e-16 6.19556e-05 0.00060223 0.00400203 0.0181927 0.0566043 0.120602 0.176026 0.176046 0.120698 0.0569273 0.0191259 0.00634508 0.00571923 0.00978612 0.0160958 0.0232156 0.0292645 0.0323612 0.0316249 0.0276803 0.0222042 0.0169 0.0127064 0.00970056 0.00750677
 1.0264e-16 5.95079e-05 0.000578438 0.00384392 0.0174739 0.054368 0.115838 0.169073 0.169094 0.11594 0.0547115 0.0184666 0.00633705 0.00602583 0.0104193 0.0171682 0.0248116 0.0313794 0.034896 0.0344371 0.0306529 0.0252793 0.0200528 0.0158899 0.0128105 0.0103947
 1.02176e-16 6.68055e-05 0.000649373 0.00431531 0.0196168 0.0610352 0.130042 0.189804 0.189818 0.13011 0.061262 0.0202723 0.00596193 0.00424808 0.00691354 0.0113554 0.0164255 0.0208102 0.0232136 0.023032 0.0206933 0.0173303 0.0140647 0.0114706 0.00953276 0.00795658
 1.00369e-16 7.87302e-05 0.000765286 0.00508559 0.0231184 0.0719299 0.153254 0.22368 0.223683 0.153272 0.0719882 0.0232869 0.0055086 0.00168881 0.00183295 0.00290633 0.00418065 0.00526043 0.00580097 0.00564452 0.00490876 0.0039043 0.00294673 0.00221009 0.00170619 0.00135843
 1.01061e-16 3.61961e-05 0.000351839 0.00233809 0.0106287 0.03307 0.0704611 0.102851 0.102903 0.0707144 0.0339205 0.013084 0.00849656 0.0137802 0.025493 0.0419667 0.0601666 0.0750611 0.0815467 0.0772694 0.0640586 0.0467626 0.0304562 0.018162 0.0103789 0.00604309
 1.01211e-16 7.64844e-05 0.000743456 0.00494053 0.0224589 0.069878 0.148883 0.217299 0.217303 0.148899 0.0699325 0.0226168 0.00533915 0.00162131 0.00176604 0.00285657 0.00424196 0.00561244 0.00669737 0.00735409 0.00761681 0.00761317 0.00742688 0.00703605 0.00637072 0.00541743
 1.01548e-16 5.35582e-05 0.000520605 0.0034596 0.0157269 0.0489323 0.104257 0.152172 0.152204 0.104411 0.0494499 0.0172211 0.00720764 0.0086937 0.0155497 0.0255542 0.0366485 0.0457572 0.0497892 0.0473316 0.0395136 0.0292886 0.0197244 0.0126122 0.00818756 0.00573445
 1.03725e-16 5.54599e-05 0.00053909 0.00358245 0.0162853 0.0506697 0.107958 0.157572 0.157594 0.108063 0.0510243 0.0173108 0.00616137 0.00618465 0.0108233 0.0179242 0.0260899 0.0333758 0.0378097 0.0384356 0.0358086 0.031486 0.0269666 0.0229546 0.0193855 0.0159393
 1.03362e-16 6.46787e-05 0.0006287 0.00417793 0.0189923 0.0590921 0.125903 0.183761 0.183776 0.125974 0.0593323 0.0196866 0.00592279 0.00444422 0.00733024 0.0120667 0.017496 0.0222559 0.0250014 0.0251139 0.0230483 0.019975 0.017019 0.0147026 0.0129236 0.0113116
 1.0223e-16 6.54884e-05 0.00063657 0.00423023 0.01923 0.0598319 0.127479 0.186062 0.186078 0.127557 0.0600941 0.0199874 0.00613178 0.00478902 0.00795581 0.0130597 0.0188322 0.0237367 0.0262528 0.0256807 0.0225497 0.0182441 0.0141578 0.0110404 0.00891224 0.00740526
 1.05472e-16 3.00005e-05 0.000291615 0.00193789 0.00880939 0.0274095 0.0584008 0.0852481 0.0852983 0.0586457 0.0282319 0.0111851 0.00790267 0.0133178 0.0247836 0.0409625 0.0590919 0.0744883 0.0823792 0.0805413 0.0705917 0.0568265 0.0435952 0.0332725 0.0260034 0.0207553
 1.05735e-16 6.46569e-05 0.000628488 0.00417652 0.0189859 0.0590721 0.12586 0.183698 0.183706 0.125901 0.0592097 0.0193852 0.00518638 0.00285756 0.00437008 0.00731058 0.0109648 0.0147092 0.0179295 0.0203108 0.0219381 0.0230617 0.0237481 0.0237513 0.0227096 0.0204657
 1.0504e-16 5.53828e-05 0.000538341 0.00357746 0.0162626 0.0505993 0.107808 0.157354 0.15738 0.107933 0.0510176 0.0174708 0.00660972 0.00715683 0.0126228 0.0207762 0.0299183 0.0376248 0.0414778 0.0404 0.0353152 0.0285343 0.0223641 0.0180091 0.0154065 0.0137884
 1.07862e-16 3.96747e-05 0.000385652 0.00256279 0.0116501 0.036248 0.0772315 0.112729 0.112764 0.0774031 0.0368245 0.0133167 0.00675179 0.00954914 0.0174981 0.0290096 0.0421226 0.053674 0.060441 0.0609066 0.0560927 0.0487217 0.0414314 0.0354837 0.0307297 0.0264325
 1.0597e-16 6.36017e-05 0.000618231 0.00410836 0.018676 0.0581081 0.123806 0.180701 0.180712 0.123862 0.0582956 0.0192189 0.00547616 0.00362119 0.00581708 0.00964854 0.0142048 0.018522 0.0216546 0.0231643 0.0233316 0.0228499 0.0222661 0.0216427 0.0206593 0.0189728
 1.04107e-16 5.99483e-05 0.000582718 0.00387237 0.0176032 0.0547703 0.116695 0.170324 0.170345 0.116797 0.0551128 0.0185924 0.00635555 0.00600435 0.0103594 0.0170396 0.0245625 0.0309419 0.0342031 0.0334567 0.0294342 0.023988 0.0189668 0.0153362 0.0130564 0.0115414
 1.07633e-16 3.21124e-05 0.000312144 0.00207431 0.00942954 0.029339 0.0625116 0.0912467 0.0912911 0.0627282 0.0300668 0.0115328 0.00735807 0.0118608 0.0220065 0.0364387 0.0527405 0.0668496 0.074623 0.074124 0.0667188 0.0560312 0.0456511 0.0374186 0.0312899 0.0263246
 1.15031e-16 3.93542e-05 0.000382537 0.0025421 0.011556 0.0359552 0.0766071 0.111815 0.111836 0.0767124 0.0363097 0.0125844 0.00513934 0.00610527 0.0110636 0.0186368 0.027802 0.0369785 0.0445397 0.0496961 0.0528033 0.0547545 0.0560094 0.0561439 0.0542509 0.049737
 1.05264e-16 7.11626e-05 0.000691726 0.00459676 0.0208962 0.0650159 0.138524 0.202181 0.202187 0.138557 0.0651273 0.0212184 0.00540756 0.00246875 0.00346731 0.00567693 0.00831033 0.010756 0.0124543 0.0131823 0.0131854 0.01298 0.0129799 0.013241 0.0134873 0.0133375
pSPR Fmed_Fpbrs
0.529818   0.6 0.325
Fs Fmed_Fpbrs
0.381143   0.299058 0.740033
SSBpbr Bo_Bmed_Bpbrs
1.48796e+06  713952  818379 409190
Ro
137540
SPR SPRFo_SPRFmed_SPRFpbrs
981707 520126 319055
Fref
0.328964
Nvult_r0
 162754 12846.7 5088.68 5135.95 1636.36
CTP_r0
 30503.7 3142.41 1265.05 1277.9 407.169
YTP_r0
391296
Np
 180024 52669.2 17911.9 1233.81 611.995
Nvult_p0
 127355 38621.6 13167.8 907.15 449.968
CTP_p0
 23735 11983.1 846.934 332.613 424.182
 23735 9397.83 3256.52 224.54 111.382
YTP_p0
 409258 410725
CBA_c0
409698
log_Ro
11.6517
likeval ReclasPelacesDesembMPH_pf_preclas_ppelaces_ptallas_desvR_qrecl_qpela
 12.574 16.8781 0.0360341 0.000820083 240.701 117.229 99.3379 0 23.9976 3.97631e-06 1.83605e-05 0.180875 7.53868e-16 0 0
q_reclas_q_pelaces
1.32653 1.83972
M
1
N
 170473 35965.5 89103.5 6050.8 0.222171
 93629.6 54214.8 10784.6 26600.1 1805.98
 94588.4 26335.1 13682 2699.48 7107.16
 143528 26736.2 6692.21 3449 2470.98
 116194 35398.2 5610.47 1387.31 1226.4
 213004 37434.9 10809.4 1706.33 794.742
 83143.1 61578.4 9818.41 2814.33 650.915
 35196.1 17561 10394.7 1629.58 574.605
 34570 11767.1 5648.7 3333.84 706.826
 46683.8 8674.3 2529.78 1200.31 858.073
 87216.2 10023.9 1498.49 429.905 349.482
 126869 28505.7 3123.37 465.236 241.928
 106090 29082.8 5398.04 582.992 131.891
 74078.6 25079.7 5750.53 1053.05 139.358
 67947.8 12607.1 3126.19 700.152 144.996
 366141 14255.2 2108.11 513.874 138.794
 73945.9 86908.4 2834.82 413.658 127.975
 590529 20485.3 21470.2 694.293 132.592
 333051 166045 5167.49 5371.72 206.79
 259121 84107.3 36020.8 1108.22 1195.63
 363670 67006.2 18862.9 7992.06 510.859
 497563 101488 16724.5 4668.6 2103.53
 97046.8 129307 22920.5 3737.3 1512.44
 289108 29004.9 35536.2 6259.25 1433.13
 242633 88463.5 8238.73 10037.4 2172.09
 107733 74320 25164.5 2330.55 3452.73
 243038 34181.6 22212.1 7487.05 1720.24
 272198 74334.7 9703.31 6270.06 2598.25
 79600 85646.9 21958.3 2852.71 2606.55
 58944.1 25392.8 25793 6584.19 1636.56
 229912 17505.1 6916.34 6979.64 2223.76
pred_Ctot
 14777.7 4274.21 10800 734.168 0.0269584
 14241.6 11094.5 2247.74 5549.43 376.791
 14151.2 5304.6 2806.99 554.364 1459.6
 30886.7 7595.57 1933.66 997.457 714.646
 9224.36 3860.49 624.142 154.496 136.584
 29406.4 6981.69 2053.85 324.534 151.163
 23403.9 22412.9 3629.19 1041.12 240.805
 2044.91 1409.98 851.711 133.667 47.135
 7166.3 3228.04 1576.32 931.18 197.434
 12830.3 3089.14 915.062 434.531 310.649
 6209.99 982.731 149.882 43.0458 34.995
 31400.9 9221.44 1026.89 153.09 79.6122
 24840 8937.26 1686.43 182.295 41.2428
 26758.9 11410.3 2652.01 485.991 64.317
 19309.8 4628.59 1165.52 261.247 54.1047
 85073.1 4349.6 653.96 159.55 43.0952
 11812.5 18636.1 619.01 90.4133 27.9729
 89918.3 4196.36 4479.36 144.993 27.6912
 68051.7 44938.6 1422.75 1480.33 56.9895
 50071.7 21599.7 9413.03 289.87 312.748
 56759.1 14053.3 4028.9 1708.67 109.225
 94974.9 25763.9 4320.48 1207.17 543.941
 11703.1 21172.1 3824.84 624.29 252.656
 31211.5 4267 5329.48 939.682 215.163
 26057 12948.1 1229.34 1499.25 324.456
 9480.85 8963.11 3095.18 286.953 425.147
 26294.3 5039.04 3338.14 1126.34 258.805
 25216.4 9424.9 1254.61 811.543 336.314
 6763.11 9980.99 2609.96 339.429 310.156
 7307.5 4270.12 4420.24 1129.49 280.76
 30503.7 3142.41 1265.05 1277.9 407.169
F
 0.145622 0.204442 0.208883 0.209122 0.209135
 0.268442 0.376874 0.38506 0.3855 0.385524
 0.263518 0.36996 0.377996 0.378428 0.378451
 0.399866 0.561383 0.573577 0.574233 0.574268
 0.132658 0.186242 0.190288 0.190505 0.190517
 0.240999 0.338345 0.345694 0.34609 0.34611
 0.554883 0.779015 0.795936 0.796847 0.796895
 0.0956276 0.134254 0.13717 0.137327 0.137336
 0.382623 0.537174 0.548842 0.549471 0.549504
 0.538422 0.755905 0.772324 0.773208 0.773255
 0.118285 0.166063 0.16967 0.169864 0.169874
 0.473009 0.66407 0.678494 0.679271 0.679312
 0.442228 0.620856 0.634342 0.635068 0.635106
 0.770868 1.08224 1.10575 1.10702 1.10708
 0.561614 0.788465 0.805592 0.806514 0.806562
 0.438162 0.615148 0.628509 0.629229 0.629267
 0.283625 0.398189 0.406838 0.407304 0.407329
 0.268761 0.377321 0.385517 0.385958 0.385981
 0.376201 0.528159 0.539632 0.540249 0.540282
 0.35251 0.494899 0.505649 0.506227 0.506258
 0.276304 0.38791 0.396336 0.396789 0.396813
 0.347535 0.487914 0.498512 0.499083 0.499113
 0.207728 0.291634 0.297969 0.29831 0.298328
 0.184211 0.258619 0.264237 0.264539 0.264555
 0.18317 0.257157 0.262743 0.263044 0.26306
 0.147974 0.207745 0.212257 0.2125 0.212513
 0.184639 0.25922 0.264851 0.265154 0.26517
 0.156298 0.219431 0.224198 0.224454 0.224468
 0.142549 0.200129 0.204476 0.20471 0.204722
 0.214098 0.300578 0.307107 0.307459 0.307477
 0.230651 0.323818 0.330851 0.33123 0.33125
YTP_r0W_actual
 253181 44308 34915.4 43704.2 15187.4
YTP_p0W_proyectada
 177775 187775 19589.6 9768.85 14350.1
 177775 147264 75323.2 6594.73 3768.06
CTP_r0_actual
 30503.7 3142.41 1265.05 1277.9 407.169
CTP_p0_proyectada
 23735 11983.1 846.934 332.613 424.182
 23735 9397.83 3256.52 224.54 111.382
Wmedp
 7.49 15.67 23.13 29.37 33.83
Frms_r0
 0.230651 0.323818 0.330851 0.33123 0.33125
Zrms_r0
 1.23065 1.32382 1.33085 1.33123 1.33125
nmprior
 8.19 8.8 8.5 0
nm_flota  nm_reclas  nm_pelaces    nm_pelaL
inf 13.8663 16.9261 39.5478
cv_recla  cv_pelaces  cv_mph
0.320746 0.465837 0.88376
 ------------------------------------------------
Talla a la edad & desviaci?n 
 8 13.2811 15.8009 17.003 17.5766
 0.8 1.32811 1.58009 1.7003 1.75766
