years
 1991 1992 1993 1994 1995 1996 1997 1998 1999 2000 2001 2002 2003 2004 2005 2006 2007 2008 2009 2010 2011 2012 2013 2014 2015 2016 2017 2018 2019 2020 2021
reclasobs
 0 0 0 0 0 0 0 0 0 252601 567819 844713 477998 351125 339783 2.1784e+06 2.13404e+06 4.81314e+06 1.55562e+06 2.62356e+06 3.21686e+06 3.843e+06 1.13348e+06 3.07943e+06 1.97215e+06 2.03268e+06 2.025e+06 2.42433e+06 2.27542e+06 1.05018e+06 2.36338e+06
reclaspred
 3.27121e+06 1.78748e+06 905402 926321 937076 1.61722e+06 906296 778046 548996 369219 503956 688171 674086 496929 488154 1.35801e+06 1.19414e+06 3.06816e+06 2.44887e+06 1.81278e+06 3.14214e+06 2.55021e+06 1.91831e+06 3.05893e+06 2.25678e+06 1.98379e+06 2.40677e+06 2.61416e+06 2.05106e+06 1.21605e+06 1.98071e+06
pelacesobs
 0 0 0 0 0 0 0 0 0 0 0 0 0 0 0 552880 188675 0 991730 2.46772e+06 1.41603e+06 1.21717e+06 2.29649e+06 1.80582e+06 0 1.4828e+06 1.56532e+06 1.57751e+06 1.42118e+06 867257 0
pelacespred
 1.93856e+06 1.15607e+06 569467 456040 507595 881839 451876 507564 328464 199914 289049 328468 357836 264731 267034 620674 591565 1.68674e+06 1.40824e+06 957669 1.64303e+06 1.41049e+06 1.11937e+06 1.89336e+06 1.38288e+06 1.22428e+06 1.63873e+06 1.7542e+06 1.20678e+06 797204 1.14845e+06
mphobs
 0 0 0 0 0 0 0 0 0 0 0 498337 0 5186 125008 0 168611 109162 213762 579715 649985 157893 87575 83554 0 0 0 0 0 0 0
mphpred
 505630 338369 162534 90183.1 98407.5 117842 161263 86181.6 77623 48343.4 29508.3 61357.5 65902.1 53572.5 32427.3 41459.1 152617 132985 306435 216129 233333 285862 271013 213655 311443 254389 207005 225948 325593 207471 107117
desembarqueobs
 494567 514787 250237 358949 120608 361735 552515 73892 212993 205616 52469 317467 293654 387597 252695 516296 358380 742168 942051 627588 828172 859565 418607 520667 417249 300574 407403 355545 319650 289779 219260
desembarquepred
 494570 513849 250672 358985 120614 361743 552539 73897.5 213055 205673 52471.9 317528 293687 387571 252668 516221 358412 742017 941757 627372 828256 859537 418606 520690 417236 300571 407396 355517 319632 289786 219263
Reclutas
 170120 94040.5 94706.8 143179 115764 211491 82828.3 35061.8 34292.4 46073.3 86319.3 126131 105105 73954.7 67637.6 361227 70838.6 576234 329463 268474 358290 492958 95115.2 284182 240024 106003 238570 267985 75099.4 56309.1 257755
log_desv_Rt
 0.220298 -0.372482 -0.365422 0.0478878 -0.164654 0.437977 -0.499438 -1.3591 -1.38128 -1.08597 -0.458154 -0.0788904 -0.261244 -0.612755 -0.702044 0.973299 -0.655804 1.44031 0.881257 0.676548 0.965135 1.28422 -0.361119 0.733407 0.564532 -0.252739 0.558455 0.674724 -0.597395 -0.885351 0.635802
SSB
 2.03003e+06 1.3585e+06 652548 362071 395091 473116 647446 346006 311644 194091 118471 246341 264586 215085 130191 166452 612732 533913 1.23029e+06 867724 936795 1.14769e+06 1.08807e+06 857791 1.25039e+06 1.02133e+06 831094 907147 1.3072e+06 832965 430059
BT
 2.8704e+06 1.96667e+06 964357 909003 767170 1.51705e+06 1.07763e+06 741131 646262 465226 444970 713016 753549 767100 626841 1.29957e+06 1.05836e+06 3.02983e+06 2.7947e+06 1.82855e+06 2.92642e+06 2.69059e+06 1.82453e+06 3.0967e+06 2.2027e+06 1.87633e+06 2.66319e+06 2.76298e+06 1.81099e+06 1.30541e+06 1.78255e+06
Ftot
 0.206873 0.381645 0.374793 0.570357 0.190085 0.346576 0.80263 0.138481 0.554676 0.78552 0.171823 0.686006 0.643272 1.11957 0.812879 0.636079 0.419402 0.397118 0.556752 0.509322 0.398498 0.503855 0.303347 0.269014 0.268019 0.216554 0.264336 0.216272 0.210299 0.325675 0.18292
BD_Bspro_t
 0.967567 0.778618 0.572578 0.473087 0.466237 0.560695 0.560529 0.365065 0.421406 0.357405 0.312015 0.571083 0.449582 0.35411 0.240976 0.290625 0.482462 0.436209 0.572776 0.45682 0.428802 0.475945 0.491621 0.472159 0.597467 0.60587 0.611877 0.661297 0.723075 0.628362 0.552473
BD_Bspro
 2.08881 1.39784 0.671445 0.372556 0.406532 0.486817 0.666195 0.356026 0.320669 0.199712 0.121902 0.253474 0.272249 0.221314 0.133961 0.171272 0.630476 0.549374 1.26592 0.892852 0.963924 1.18093 1.11958 0.882632 1.2866 1.05091 0.855161 0.933417 1.34506 0.857087 0.442513
BD_Bo
 1.39388 0.932788 0.448061 0.24861 0.271282 0.324857 0.444557 0.237579 0.213985 0.133269 0.0813461 0.169145 0.181674 0.147684 0.0893931 0.114291 0.420721 0.366602 0.844756 0.595807 0.643234 0.78804 0.747107 0.588987 0.858561 0.70128 0.570656 0.622876 0.897569 0.57194 0.295292
BD_Brms
 2.53433 1.69598 0.814656 0.452018 0.49324 0.590649 0.808286 0.431961 0.389064 0.242308 0.147902 0.307537 0.330315 0.268517 0.162533 0.207802 0.764948 0.666548 1.53592 1.08329 1.16952 1.4328 1.35838 1.07089 1.56102 1.27505 1.03756 1.1325 1.63194 1.03989 0.536895
Sel_flota
 0.701607 0.978106 0.998823 0.999938 0.999997
 0.701607 0.978106 0.998823 0.999938 0.999997
 0.701607 0.978106 0.998823 0.999938 0.999997
 0.701607 0.978106 0.998823 0.999938 0.999997
 0.701607 0.978106 0.998823 0.999938 0.999997
 0.701607 0.978106 0.998823 0.999938 0.999997
 0.701607 0.978106 0.998823 0.999938 0.999997
 0.701607 0.978106 0.998823 0.999938 0.999997
 0.701607 0.978106 0.998823 0.999938 0.999997
 0.701607 0.978106 0.998823 0.999938 0.999997
 0.701607 0.978106 0.998823 0.999938 0.999997
 0.701607 0.978106 0.998823 0.999938 0.999997
 0.701607 0.978106 0.998823 0.999938 0.999997
 0.701607 0.978106 0.998823 0.999938 0.999997
 0.701607 0.978106 0.998823 0.999938 0.999997
 0.701607 0.978106 0.998823 0.999938 0.999997
 0.701607 0.978106 0.998823 0.999938 0.999997
 0.701607 0.978106 0.998823 0.999938 0.999997
 0.701607 0.978106 0.998823 0.999938 0.999997
 0.701607 0.978106 0.998823 0.999938 0.999997
 0.701607 0.978106 0.998823 0.999938 0.999997
 0.701607 0.978106 0.998823 0.999938 0.999997
 0.701607 0.978106 0.998823 0.999938 0.999997
 0.701607 0.978106 0.998823 0.999938 0.999997
 0.701607 0.978106 0.998823 0.999938 0.999997
 0.701607 0.978106 0.998823 0.999938 0.999997
 0.701607 0.978106 0.998823 0.999938 0.999997
 0.701607 0.978106 0.998823 0.999938 0.999997
 0.701607 0.978106 0.998823 0.999938 0.999997
 0.701607 0.978106 0.998823 0.999938 0.999997
 0.701607 0.978106 0.998823 0.999938 0.999997
Sel_reclas
 1 1 1 1 1
 1 1 1 1 1
 1 1 1 1 1
 1 1 1 1 1
 1 1 1 1 1
 1 1 1 1 1
 1 1 1 1 1
 1 1 1 1 1
 1 1 1 1 1
 1 1 1 1 1
 1 1 1 1 1
 1 1 1 1 1
 1 1 1 1 1
 1 1 1 1 1
 1 1 1 1 1
 1 1 1 1 1
 1 1 1 1 1
 1 1 1 1 1
 1 1 1 1 1
 1 1 1 1 1
 1 1 1 1 1
 1 1 1 1 1
 1 1 1 1 1
 1 1 1 1 1
 1 1 1 1 1
 1 1 1 1 1
 1 1 1 1 1
 1 1 1 1 1
 1 1 1 1 1
 1 1 1 1 1
 1 1 1 1 1
Sel_pelaces
 0.842028 0.964061 0.992647 0.99853 0.999708
 0.842028 0.964061 0.992647 0.99853 0.999708
 0.842028 0.964061 0.992647 0.99853 0.999708
 0.842028 0.964061 0.992647 0.99853 0.999708
 0.842028 0.964061 0.992647 0.99853 0.999708
 0.842028 0.964061 0.992647 0.99853 0.999708
 0.842028 0.964061 0.992647 0.99853 0.999708
 0.842028 0.964061 0.992647 0.99853 0.999708
 0.842028 0.964061 0.992647 0.99853 0.999708
 0.842028 0.964061 0.992647 0.99853 0.999708
 0.842028 0.964061 0.992647 0.99853 0.999708
 0.842028 0.964061 0.992647 0.99853 0.999708
 0.842028 0.964061 0.992647 0.99853 0.999708
 0.842028 0.964061 0.992647 0.99853 0.999708
 0.842028 0.964061 0.992647 0.99853 0.999708
 0.842028 0.964061 0.992647 0.99853 0.999708
 0.842028 0.964061 0.992647 0.99853 0.999708
 0.842028 0.964061 0.992647 0.99853 0.999708
 0.842028 0.964061 0.992647 0.99853 0.999708
 0.842028 0.964061 0.992647 0.99853 0.999708
 0.842028 0.964061 0.992647 0.99853 0.999708
 0.842028 0.964061 0.992647 0.99853 0.999708
 0.842028 0.964061 0.992647 0.99853 0.999708
 0.842028 0.964061 0.992647 0.99853 0.999708
 0.842028 0.964061 0.992647 0.99853 0.999708
 0.842028 0.964061 0.992647 0.99853 0.999708
 0.842028 0.964061 0.992647 0.99853 0.999708
 0.842028 0.964061 0.992647 0.99853 0.999708
 0.842028 0.964061 0.992647 0.99853 0.999708
 0.842028 0.964061 0.992647 0.99853 0.999708
 0.842028 0.964061 0.992647 0.99853 0.999708
pf_obs 
 0.8446 0.082 0.0669 0.0065 0
 0.8095 0.147 0.0364 0.0071 0
 0.9664 0.0169 0.016 0.0007 0
 0.9276 0.0648 0.0075 0.0001 0
 0.7033 0.2144 0.0806 0.0017 0
 0.9318 0.0425 0.0243 0.0014 0
 0.5671 0.3108 0.0964 0.0239 0.0018
 0.0768 0.2599 0.5324 0.112 0.0189
 0.490249 0.384438 0.106611 0.0170017 0.00170017
 0.7925 0.1577 0.0466 0.003 0.0002
 0.840416 0.127587 0.0312969 0.00059994 9.999e-05
 0.8084 0.0986 0.0794 0.0134 0.0002
 0.7335 0.1905 0.0724 0.0035 0.0001
 0.4001 0.4547 0.1325 0.0127 0
 0.49795 0.308269 0.164784 0.0264974 0.00249975
 0.9179 0.0499 0.0305 0.0017 0
 0.2467 0.6533 0.0926 0.0074 0
 0.9418 0.0223 0.034 0.0019 0
 0.707729 0.231977 0.0356964 0.0245975 0
 0.517169 0.277429 0.184464 0.0207286 0.00020938
 0.811772 0.124168 0.05621 0.00726502 0.000585176
 0.764997 0.148141 0.077277 0.00933861 0.000247198
 0.163321 0.427699 0.378323 0.0303852 0.000271297
 0.753843 0.0900009 0.118128 0.0371064 0.000921714
 0.721811 0.176058 0.0630433 0.0369309 0.00215725
 0.143369 0.312575 0.442814 0.0836902 0.0175525
 0.692698 0.0596174 0.167031 0.0765114 0.00414204
 0.394062 0.376323 0.152708 0.0712218 0.00568511
 0.125707 0.32114 0.495352 0.0537591 0.00404204
 0.23352 0.215282 0.420074 0.123614 0.00750983
 0 0 0 0 0
pf_pred 
 0.481763 0.139509 0.354652 0.0240757 8.68924e-07
 0.426488 0.32832 0.0671036 0.16678 0.0113087
 0.583141 0.218126 0.115022 0.0229319 0.0607789
 0.732936 0.179998 0.0461097 0.0237183 0.017238
 0.659701 0.27454 0.0447234 0.011148 0.00988726
 0.756114 0.178852 0.0526954 0.00839456 0.00394347
 0.464025 0.439252 0.0713971 0.0205259 0.00479952
 0.459745 0.312244 0.187899 0.0296217 0.0104899
 0.549064 0.246386 0.119316 0.0702541 0.0149798
 0.731475 0.174684 0.0519225 0.0244664 0.0174519
 0.839935 0.12997 0.0197895 0.00570634 0.00459923
 0.752564 0.218113 0.0239103 0.00356056 0.00185194
 0.698744 0.248543 0.046626 0.00496465 0.00112205
 0.652277 0.271857 0.0629046 0.0114672 0.00149465
 0.763612 0.179798 0.0445854 0.00995613 0.0020476
 0.942794 0.0479011 0.00712961 0.00171412 0.000460722
 0.375538 0.600723 0.0199694 0.00288924 0.000879993
 0.912531 0.0410608 0.0446872 0.00144832 0.000272996
 0.594736 0.380697 0.0116868 0.0124035 0.000477126
 0.630749 0.254433 0.108038 0.00322742 0.00355191
 0.736615 0.189652 0.0512244 0.0211808 0.00132714
 0.750853 0.200561 0.0352335 0.00928041 0.00407232
 0.312022 0.563268 0.100912 0.0172649 0.00653365
 0.746193 0.100494 0.126065 0.0220546 0.00519455
 0.624032 0.304572 0.0286721 0.0351386 0.00758574
 0.428594 0.402545 0.137413 0.0126382 0.0188086
 0.731172 0.139001 0.0920761 0.0307274 0.00702312
 0.682863 0.252817 0.0336364 0.0217693 0.00891408
 0.329284 0.505752 0.132122 0.0171852 0.0156573
 0.419557 0.238922 0.258961 0.0661395 0.0164204
 0.854804 0.0746594 0.029451 0.0311634 0.00992241
pobs_RECLAS
 0 0 0 0 0
 0 0 0 0 0
 0 0 0 0 0
 0 0 0 0 0
 0 0 0 0 0
 0 0 0 0 0
 0 0 0 0 0
 0 0 0 0 0
 0 0 0 0 0
 0 0 0 0 0
 0.991045 0.00858322 0.000360255 1.14367e-05 0
 0.934742 0.0480273 0.0164251 0.00080598 0
 0.827803 0.169806 0.00239088 0 0
 0.941827 0.0461693 0.0120037 0 0
 0.791401 0.0380133 0.147996 0.0225897 0
 0.846168 0.0940531 0.0597789 0 0
 0.134021 0.677848 0.182769 0.00536245 0
 0.80878 0.0450904 0.141981 0.00414843 0
 0.846168 0.0940531 0.0597789 0 0
 0.905697 0.0802665 0.012482 0.00150086 5.37128e-05
 0.989698 0.0102097 9.19794e-05 0 0
 0.975433 0.0193895 0.00387452 0.00125025 5.28907e-05
 0.303575 0.632131 0.0575291 0.00676475 0
 0.966965 0.00978017 0.0227588 0.000495775 0
 0.843318 0.132988 0.00938335 0.0141283 0.000182051
 0.564624 0.303363 0.111486 0.0197234 0.00080311
 0.826376 0.0876187 0.0782897 0.00655872 0.00115652
 0.89761 0.0855135 0.0140674 0.00269457 0.000114338
 0.34875 0.467042 0.161289 0.0227151 0.000203297
 0.318654 0.224769 0.449479 0.00709798 0
 0.937255 0.0296025 0.0250945 0.00804832 0
ppred_RECLAS
 0.569636 0.117679 0.292829 0.0198562 7.16594e-07
 0.514239 0.280777 0.0561469 0.139386 0.00945062
 0.665866 0.176699 0.0911657 0.0181546 0.0481141
 0.79706 0.137801 0.0345169 0.0177339 0.0128878
 0.731714 0.217345 0.0346586 0.00862935 0.00765302
 0.814509 0.136821 0.0394448 0.00627643 0.00294827
 0.555254 0.366031 0.058124 0.0166893 0.00390216
 0.54571 0.264931 0.156079 0.0245775 0.00870307
 0.635885 0.201011 0.0951879 0.0559805 0.0119355
 0.797601 0.132759 0.038554 0.0181445 0.0129417
 0.880636 0.0973141 0.014505 0.00417781 0.00336705
 0.813244 0.165071 0.0176867 0.00263058 0.00136815
 0.768436 0.191804 0.0351742 0.00374076 0.000845388
 0.733775 0.209267 0.0472378 0.00859988 0.00112084
 0.823546 0.134967 0.0326956 0.00729198 0.00149959
 0.959293 0.0342126 0.00497805 0.00119539 0.000321277
 0.459398 0.520485 0.0169264 0.00244611 0.00074498
 0.937063 0.0298888 0.0318243 0.00103023 0.000194178
 0.675986 0.304792 0.00914946 0.00969896 0.000373068
 0.709049 0.201865 0.0838317 0.00250133 0.00275266
 0.798795 0.145777 0.0385214 0.0159097 0.000996806
 0.810883 0.152902 0.0262709 0.0069115 0.00303264
 0.39032 0.501125 0.0878586 0.0150143 0.0056816
 0.807079 0.0773913 0.0950155 0.0166036 0.00391044
 0.700673 0.243501 0.0224347 0.0274629 0.00592836
 0.514187 0.344424 0.115083 0.0105724 0.0157333
 0.794225 0.107522 0.0697072 0.0232359 0.00531052
 0.752013 0.198567 0.0258592 0.0167169 0.0068448
 0.408944 0.448041 0.114569 0.0148851 0.0135609
 0.507456 0.205366 0.217817 0.0555669 0.0137947
 0.892871 0.0556736 0.0214982 0.0227225 0.00723439
pobs_PELACES
 0 0 0 0 0
 0 0 0 0 0
 0 0 0 0 0
 0 0 0 0 0
 0 0 0 0 0
 0 0 0 0 0
 0 0 0 0 0
 0 0 0 0 0
 0 0 0 0 0
 0 0 0 0 0
 0 0 0 0 0
 0 0 0 0 0
 0 0 0 0 0
 0 0 0 0 0
 0 0 0 0 0
 0 0 0 0 0
 0.505614 0.472636 0.0217494 0 0
 0 0 0 0 0
 0.443492 0.261883 0.143347 0.151278 0
 0.227955 0.32914 0.350689 0.0885471 0.00366901
 0.970185 0.0296113 0.000203453 0 0
 0.997202 0.00247181 0.000326279 0 0
 0.445219 0.490057 0.0546422 0.010081 0
 0.90214 0.0892962 0.00764917 0.000914606 0
 0 0 0 0 0
 0.581667 0.319106 0.0959925 0.00289975 0.000334073
 0.762889 0.0836404 0.116647 0.0363945 0.000428098
 0.88444 0.0763242 0.0277011 0.0115352 0
 0.521256 0.241999 0.230069 0.00667565 0
 0.616807 0.101726 0.260614 0.0208532 0
 0 0 0 0 0
ppred_PELACES
 0.535776 0.124355 0.318168 0.0217006 7.84077e-07
 0.485833 0.293318 0.0602364 0.150403 0.0102096
 0.639782 0.187848 0.099536 0.0199362 0.0528977
 0.781695 0.146884 0.0377356 0.0194984 0.0141867
 0.706735 0.236217 0.0387345 0.00970065 0.00861322
 0.797127 0.148535 0.0439873 0.0070398 0.00331073
 0.538746 0.377905 0.0614509 0.0177439 0.00415356
 0.512073 0.281056 0.170327 0.0269788 0.00956461
 0.613067 0.210935 0.10246 0.0606019 0.012936
 0.785578 0.139354 0.0414459 0.0196154 0.0140071
 0.866822 0.107964 0.0165501 0.0047948 0.00386885
 0.801463 0.174955 0.0192113 0.00287354 0.00149625
 0.753697 0.203111 0.038184 0.00408394 0.000924023
 0.726276 0.214117 0.0493865 0.00904062 0.00117965
 0.813585 0.141746 0.0351599 0.0078857 0.00162357
 0.955987 0.0368349 0.00549458 0.00132693 0.000357047
 0.43515 0.543271 0.0181392 0.0026365 0.000803907
 0.930045 0.0327555 0.0358135 0.00116607 0.000220038
 0.656816 0.322274 0.00992325 0.0105794 0.000407409
 0.688654 0.21428 0.0913075 0.00274003 0.00301885
 0.781072 0.157374 0.0427024 0.0177384 0.00111268
 0.795934 0.164113 0.0289334 0.00765567 0.00336309
 0.363841 0.520229 0.0937179 0.0161088 0.00610289
 0.786374 0.084241 0.106296 0.0186831 0.00440536
 0.675631 0.262333 0.0248408 0.0305855 0.00661018
 0.483172 0.363306 0.124807 0.0115327 0.0171825
 0.772999 0.116959 0.0779332 0.0261293 0.00597882
 0.728609 0.215965 0.0289161 0.0188024 0.00770776
 0.379518 0.467015 0.122785 0.0160459 0.0146356
 0.476895 0.214499 0.233728 0.0599723 0.0149058
 0.879371 0.0617393 0.0245167 0.0260647 0.00830824
pobs_pel_tallas
 0 0 0 0 0 0 0 0 0 0 0 0 0 0 0 0 0 0 0 0 0 0 0 0 0 0
 0 0 0 0 0 0 0 0 0 0 0 0 0 0 0 0 0 0 0 0 0 0 0 0 0 0
 0 0 0 0 0 0 0 0 0 0 0 0 0 0 0 0 0 0 0 0 0 0 0 0 0 0
 0 0 0 0 0 0 0 0 0 0 0 0 0 0 0 0 0 0 0 0 0 0 0 0 0 0
 0 0 0 0 0 0 0 0 0 0 0 0 0 0 0 0 0 0 0 0 0 0 0 0 0 0
 0 0 0 0 0 0 0 0 0 0 0 0 0 0 0 0 0 0 0 0 0 0 0 0 0 0
 0 0 0 0 0 0 0 0 0 0 0 0 0 0 0 0 0 0 0 0 0 0 0 0 0 0
 0 0 0 0 0 0 0 0 0 0 0 0 0 0 0 0 0 0 0 0 0 0 0 0 0 0
 0 0 0 0 0 0 0 0 0 0 0 0 0 0 0 0 0 0 0 0 0 0 0 0 0 0
 0 0 0 0 0 0 0 0 0 0 0 0 0 0 0 0 0 0 0 0 0 0 0 0 0 0
 0 0 0 0 0 0 0 0 0 0 0 0 0 0 0 0 0 0 0 0 0 0 0 0 0 0
 0 0 0 0 0 0 0 0 0 0 0 0 0 0 0 0 0 0 0 0 0 0 0 0 0 0
 0.00862536 0 0 0.000197151 0.00414017 0.0128641 0.00837892 0.0270097 0.101434 0.158115 0.152841 0.127902 0.109271 0.109419 0.0830992 0.0579132 0.0238553 0.00714673 0.00463305 0.00128148 0.00103504 0.000492878 0.000147863 0.000147863 4.92878e-05 0
 0 0 0 0 0 0 0 0 0 0 0 0 0 0 0 0 0 0 0 0 0 0 0 0 0 0
 0 0 0 0 0 0 0 0.0054083 0.00873648 0.0413646 0.0450493 0.0745869 0.0622846 0.0627006 0.0613931 0.0827291 0.12552 0.122667 0.0946155 0.0697135 0.0546179 0.0294188 0.0215738 0.0213955 0.0102223 0.00600262
 0 0 0 0 0.00359764 0.0251062 0.0480494 0.140153 0.205849 0.193036 0.1447 0.116669 0.0760912 0.0342217 0.00950174 0.001854 0.000860785 0 0 0 0.000165536 0 0.000143464 0 0 0
 0 0 0 0 0 0 0 0.000145254 0.000435761 0.0275982 0.070085 0.0708112 0.156366 0.174668 0.174014 0.160142 0.0824315 0.0480064 0.0283245 0.00493863 0.00203355 0 0 0 0 0
 0 0 0 0 0 0 0 0 0 0 0 0 0 0 0 0 0 0 0 0 0 0 0 0 0 0
 0 0 1.00437e-05 0.000401748 0.00122533 0.00171747 0.00176769 0.0269171 0.070346 0.194647 0.189555 0.159765 0.064822 0.0314167 0.0384472 0.0292271 0.0345202 0.0313363 0.0194345 0.0106764 0.0143323 0.0359363 0.0279516 0.0138201 0.00172751 0
 0 0.0021121 0.0136068 0.0755702 0.200478 0.177729 0.0527432 0.0373336 0.0318909 0.0142505 0.0149659 0.0166563 0.0217959 0.0798694 0.0677717 0.0528807 0.04013 0.0224614 0.0357745 0.0225083 0.00881397 0.00855152 0.00135912 0.000746735 0 0
 0 0 0 0 5.4009e-05 0.00500934 0.000945158 0.0243581 0.138947 0.33067 0.221406 0.137944 0.0707744 0.0437923 0.0131692 0.00525238 0.0047753 0.00276346 9.45158e-05 9.00151e-06 2.25038e-05 9.00151e-06 4.50075e-06 0 0 0
 0.000866109 0.00284123 0.00948549 0.0512746 0.133035 0.25785 0.225252 0.132002 0.0553304 0.0519788 0.0540692 0.017754 0.00435017 0.00159236 0.00146478 0.000404838 0.000125132 0.000115318 0.000107957 0.000100596 0 0 0 0 0 0
 0 0 0 0 0.00144013 0.00171154 0.00461396 0.0210425 0.0478622 0.0707936 0.0888783 0.103762 0.0637923 0.0337046 0.0602308 0.124433 0.169614 0.0934646 0.0462172 0.0250306 0.0313229 0.00938855 0.002487 0.000210481 0 0
 0 0.00764035 0.051015 0.0998891 0.058973 0.0496711 0.0374665 0.0718981 0.12319 0.153886 0.159021 0.0857701 0.0377988 0.023471 0.0147837 0.00900784 0.00315554 0.000888139 0.00291439 0.00214683 0.00393193 0.00274676 0.000635225 9.99891e-05 0 0
 0 0 0 0 0 0 0 0 0 0 0 0 0 0 0 0 0 0 0 0 0 0 0 0 0 0
 0 0 0 0 0 0 0 0 0 0 0 0 0 0 0 0 0 0 0 0 0 0 0 0 0 0
 0 0 0 0 0 0 0 0 0 0 0 0 0 0 0 0 0 0 0 0 0 0 0 0 0 0
 0 0 0 0 0 0 0 0 0 0 0 0 0 0 0 0 0 0 0 0 0 0 0 0 0 0
 0 0 0 0 0 0 0 0 0 0 0 0 0 0 0 0 0 0 0 0 0 0 0 0 0 0
 0 0 0 0 0 0 0 0 0 0 0 0 0 0 0 0 0 0 0 0 0 0 0 0 0 0
 0 0 0 0 0 0 0 0 0 0 0 0 0 0 0 0 0 0 0 0 0 0 0 0 0 0
ppred_pel_tallas
 1.1139e-16 4.41312e-05 0.000428971 0.00285066 0.0129587 0.0403194 0.0859052 0.125384 0.125396 0.0859662 0.0405258 0.013561 0.00438502 0.00385297 0.00676471 0.0116803 0.0181381 0.0255437 0.0332177 0.0406841 0.0476609 0.0536878 0.057809 0.0587704 0.0557026 0.0487628
 1.18625e-16 4.00175e-05 0.000388984 0.00258494 0.0117508 0.0365612 0.0778984 0.113701 0.113729 0.078037 0.0370267 0.0130966 0.00596795 0.00779046 0.0141474 0.0234663 0.0341549 0.0437575 0.049864 0.0515347 0.0499147 0.0474163 0.0460865 0.0464235 0.0473799 0.0472808
 1.13872e-16 5.26981e-05 0.000512244 0.00340404 0.0154743 0.0481464 0.102582 0.149725 0.149743 0.102671 0.0484461 0.0163417 0.00558774 0.00530073 0.00921072 0.0153134 0.0224588 0.0291111 0.03375 0.035722 0.0356074 0.0347244 0.0341748 0.0341998 0.0342444 0.0334975
 1.05483e-16 6.43872e-05 0.000625867 0.0041591 0.0189067 0.0588258 0.125335 0.182933 0.182947 0.125405 0.0590588 0.0195801 0.00585121 0.0043257 0.00710896 0.0116988 0.0169629 0.0215856 0.0242798 0.0244777 0.0226663 0.0200282 0.0176808 0.0161092 0.015131 0.0142525
 1.03609e-16 5.82129e-05 0.00056585 0.00376027 0.0170937 0.0531849 0.113317 0.165394 0.165417 0.113428 0.0535586 0.0181733 0.00647087 0.00648488 0.0113048 0.0186112 0.0268386 0.0338244 0.0374049 0.0365876 0.0321363 0.0260356 0.0202833 0.015951 0.0130583 0.0110578
 1.02574e-16 6.56583e-05 0.000638222 0.00424121 0.0192799 0.0599871 0.127809 0.186545 0.186559 0.12788 0.0602228 0.019961 0.00595263 0.00438012 0.00718935 0.0118263 0.0171343 0.0217645 0.0243819 0.0243608 0.0221316 0.0188398 0.0156097 0.0130017 0.0109829 0.00925559
 1.04353e-16 4.43759e-05 0.00043135 0.00286647 0.0130306 0.0405432 0.0863829 0.126086 0.126122 0.086561 0.0411411 0.0147577 0.00720246 0.00989923 0.0180327 0.0297601 0.0429102 0.0540539 0.05972 0.0583036 0.0510073 0.0409915 0.0314503 0.0241184 0.0190741 0.0155092
 1.09312e-16 4.21788e-05 0.000409993 0.00272455 0.0123854 0.0385358 0.0821056 0.119841 0.119869 0.0822391 0.0389846 0.0136844 0.00599535 0.0075837 0.0137647 0.0229462 0.0336508 0.0435711 0.0503442 0.0528298 0.0516677 0.0485946 0.0451278 0.0417332 0.037995 0.0333741
 1.11278e-16 5.04976e-05 0.000490855 0.0032619 0.0148281 0.046136 0.0982983 0.143474 0.143494 0.0983984 0.0464723 0.0158014 0.00571169 0.00586133 0.0103171 0.0171549 0.0251329 0.0325178 0.0375827 0.0395683 0.0390949 0.0376069 0.0363072 0.0354535 0.0344592 0.032526
 1.0557e-16 6.4707e-05 0.000628975 0.00417976 0.0190006 0.059118 0.125958 0.183842 0.183855 0.126024 0.0593392 0.0196402 0.00578726 0.0041453 0.00676422 0.0111374 0.0161751 0.0206386 0.0233176 0.0236778 0.0221707 0.0198913 0.0178594 0.0164945 0.0155967 0.0146945
 1.01641e-16 7.1399e-05 0.000694024 0.00461203 0.0209656 0.0652319 0.138984 0.202853 0.202864 0.139035 0.0654027 0.021459 0.00585055 0.00339826 0.00520891 0.00850296 0.0122531 0.0154335 0.0170513 0.0166533 0.0145916 0.0117792 0.00913584 0.00715618 0.00584995 0.00496283
 1.01141e-16 6.60155e-05 0.000641694 0.00426429 0.0193848 0.0603135 0.128505 0.18756 0.187577 0.128587 0.06059 0.0201832 0.00626787 0.00501393 0.00836496 0.0137119 0.0197164 0.0247302 0.0271193 0.0261277 0.022324 0.0172166 0.0123591 0.00863918 0.00616043 0.00457556
 1.0172e-16 6.20811e-05 0.00060345 0.00401014 0.0182295 0.0567189 0.120846 0.176383 0.176402 0.120942 0.0570404 0.0191582 0.00634184 0.0056956 0.00973884 0.0160169 0.0231006 0.0291171 0.0321935 0.0314532 0.027518 0.022058 0.0167698 0.0125897 0.00959574 0.00741447
 1.02587e-16 5.98224e-05 0.000581495 0.00386424 0.0175663 0.0546554 0.11645 0.169966 0.169987 0.116551 0.0549946 0.0185464 0.006326 0.00596029 0.010289 0.0169513 0.0244969 0.030979 0.0344462 0.0339854 0.0302392 0.0249226 0.0197519 0.015634 0.0125901 0.010206
 1.02117e-16 6.7014e-05 0.0006514 0.00432878 0.019678 0.0612257 0.130448 0.190396 0.19041 0.130515 0.0614503 0.0203272 0.00595957 0.00421536 0.00684721 0.011244 0.0162616 0.020597 0.0229654 0.0227683 0.0204305 0.0170767 0.0138219 0.0112389 0.00931557 0.0077605
 1.00362e-16 7.87434e-05 0.000765413 0.00508644 0.0231222 0.0719418 0.15328 0.223717 0.223721 0.153297 0.0720001 0.0232905 0.00550886 0.00168763 0.00183043 0.00290201 0.0041741 0.00525152 0.00578984 0.00563144 0.00489389 0.00388762 0.00292828 0.00219019 0.00168564 0.00133836
 1.01063e-16 3.58428e-05 0.000348405 0.00231528 0.0105249 0.0327473 0.0697735 0.101847 0.1019 0.0700288 0.0336043 0.0129992 0.00852121 0.0138802 0.0256888 0.0422901 0.0606302 0.0756394 0.0821748 0.0778642 0.064551 0.0471206 0.030687 0.0182962 0.0104512 0.00608042
 1.01197e-16 7.66066e-05 0.000744643 0.00494842 0.0224948 0.0699896 0.14912 0.217646 0.217649 0.149136 0.0700424 0.0226479 0.00533506 0.00159628 0.00171617 0.00277343 0.00412102 0.00545798 0.00652286 0.00717747 0.0074534 0.00747096 0.00730672 0.00693533 0.00628699 0.00534968
 1.01499e-16 5.41011e-05 0.000525882 0.00349467 0.0158863 0.0494283 0.105313 0.153714 0.153746 0.105465 0.0499368 0.0173542 0.00717664 0.00855481 0.0152767 0.0251024 0.035999 0.0449428 0.0488967 0.0464721 0.0387791 0.0287206 0.0193126 0.0123175 0.00796839 0.00556224
 1.03476e-16 5.67235e-05 0.000551373 0.00366407 0.0166563 0.0518242 0.110418 0.161162 0.161183 0.110519 0.0521649 0.0176418 0.00614213 0.00597553 0.0104005 0.0172141 0.0250454 0.032018 0.0362319 0.0367673 0.0341629 0.0299275 0.0255183 0.021627 0.0182003 0.0149282
 1.0324e-16 6.43359e-05 0.000625368 0.00415579 0.0188916 0.058779 0.125235 0.182788 0.182803 0.12531 0.0590286 0.0196131 0.00596849 0.00458846 0.00760862 0.0125234 0.0181443 0.0230507 0.0258375 0.0258581 0.0235883 0.020258 0.0170578 0.014555 0.0126629 0.0110047
 1.02214e-16 6.55601e-05 0.000637268 0.00423487 0.0192511 0.0598974 0.127618 0.186266 0.186282 0.127696 0.0601571 0.0200014 0.00611874 0.00475144 0.00788403 0.0129431 0.0186693 0.0235421 0.026057 0.0255207 0.0224537 0.0182203 0.0141927 0.0111065 0.00898025 0.00745343
 1.05486e-16 2.99692e-05 0.000291312 0.00193587 0.00880022 0.027381 0.05834 0.0851594 0.0852096 0.0585852 0.0282043 0.0111786 0.00790734 0.0133319 0.0248106 0.0410062 0.0591525 0.0745597 0.0824497 0.0805973 0.0706238 0.0568342 0.0435867 0.0332604 0.0259993 0.020765
 1.05709e-16 6.47726e-05 0.000629613 0.004184 0.0190199 0.0591779 0.126085 0.184027 0.184035 0.126126 0.0593143 0.0194158 0.00518511 0.00283946 0.00433338 0.0072489 0.0108741 0.0145909 0.0177915 0.0201639 0.0217912 0.0229195 0.0236119 0.023622 0.0225898 0.0203599
 1.0497e-16 5.56509e-05 0.000540946 0.00359478 0.0163414 0.0508442 0.10833 0.158116 0.158141 0.108453 0.0512588 0.0175388 0.00660027 0.00710095 0.0125119 0.0205918 0.0296516 0.0372868 0.0411003 0.0400239 0.0349734 0.0282405 0.0221132 0.0177877 0.0152032 0.0135997
 1.07759e-16 3.97983e-05 0.000386854 0.00257078 0.0116864 0.036361 0.0774723 0.11308 0.113116 0.077644 0.0369379 0.0133543 0.00676288 0.00955674 0.0175093 0.0290251 0.0421381 0.0536793 0.0604201 0.0608408 0.0559668 0.0485295 0.0411795 0.0351902 0.0304199 0.0261326
 1.05912e-16 6.3671e-05 0.000618904 0.00411284 0.0186964 0.0581714 0.123941 0.180898 0.180909 0.123996 0.0583585 0.0192382 0.00547796 0.00361596 0.00580574 0.00962916 0.0141756 0.0184823 0.0216048 0.023105 0.023262 0.0227676 0.0221686 0.0215293 0.0205328 0.0188398
 1.0408e-16 6.00146e-05 0.000583363 0.00387665 0.0176227 0.0548309 0.116824 0.170512 0.170533 0.116926 0.0551725 0.0186094 0.00635347 0.0059911 0.010333 0.0169958 0.0244992 0.0308617 0.0341135 0.0333674 0.0293526 0.0239168 0.0189041 0.0152778 0.0129991 0.0114842
 1.07749e-16 3.12605e-05 0.000303863 0.00201928 0.00917938 0.0285607 0.0608532 0.0888265 0.0888716 0.0610736 0.0293011 0.011319 0.00739435 0.012052 0.0223853 0.0370677 0.0536505 0.0680015 0.0759062 0.0753941 0.0678551 0.0569764 0.0464106 0.038031 0.0317936 0.0267422
 1.15337e-16 3.92812e-05 0.000381827 0.00253738 0.0115346 0.0358884 0.0764649 0.111607 0.111628 0.0765677 0.0362346 0.0125388 0.00507465 0.00597511 0.0108221 0.0182491 0.0272704 0.0363667 0.0439727 0.0493262 0.0527553 0.05508 0.0566729 0.0570425 0.0552524 0.0507172
 1.04744e-16 7.24326e-05 0.000704071 0.0046788 0.0212691 0.0661762 0.140996 0.205789 0.205795 0.141025 0.0662746 0.0215537 0.00539491 0.00227352 0.00307176 0.00501405 0.00733864 0.009498 0.0109983 0.0116444 0.011656 0.011492 0.0115191 0.0117851 0.0120406 0.0119408
pSPR Fmed_Fpbrs
0.532124   0.6 0.325
Fs Fmed_Fpbrs
0.377403   0.298449 0.738062
SSBpbr Bo_Bmed_Bpbrs
1.45638e+06  702157  801011 400506
Ro
136484
SPR SPRFo_SPRFmed_SPRFpbrs
971856 517148 315853
Fref
0.298449
Nvult_r0
 174353 11413 4422.88 4675.64 1488.65
CTP_r0
 19831 1732.06 683.247 722.976 230.195
YTP_r0
219263
Np
 177392 83401.9 5070.53 1954.27 2698.14
Nvult_p0
 124462 60487.7 3686.02 1420.83 1961.67
CTP_p0
 21549.3 13667.5 846.464 326.563 450.888
YTP_p0
 420290
CBA_c0
279571
log_Ro
11.644
likeval ReclasPelacesDesembMPH_pf_preclas_ppelaces_ptallas_desvR_qrecl_qpela
 12.4414 16.5808 0.0345448 0.00081861 229.357 119.526 83.1892 0 24.3173 4.49009e-06 1.98815e-05 0.17309 7.12348e-16 0 0
q_reclas_q_pelaces
1.35022 1.88582
M
1
N
 170120 36164.1 90182.9 6115.83 0.220717
 94040.5 54128.5 10866.9 26983.1 1829.53
 94706.8 26468.6 13709.3 2730.62 7236.88
 143179 26784.6 6748.85 3468.49 2520.72
 115764 35301.6 5640.42 1404.51 1245.61
 211491 37270 10783.4 1716.17 806.158
 82828.3 61009.2 9768.87 2806.22 656.143
 35061.8 17350.8 10236.6 1612.06 570.844
 34292.4 11704.3 5574.43 3279.36 699.201
 46073.3 8548.54 2502.83 1178.41 840.527
 86319.3 9767.96 1458.54 420.137 338.606
 126131 28148.7 3037.54 451.951 235.061
 105105 28674.6 5293.69 563.182 127.278
 73954.7 24622 5622.76 1024.29 133.502
 67637.6 12403.2 3030.07 676.092 139.041
 361227 14067.1 2060.35 494.931 133.022
 70838.6 85049.2 2777.89 401.537 122.293
 576234 19417 20759.6 672.187 126.695
 329463 160436 4843.92 5136.43 197.575
 268474 82010.2 34237.8 1021.86 1124.55
 358290 69090.1 18332.5 7573.15 474.494
 492958 99658.9 17212.5 4529.65 1987.55
 95115.2 127347 22397.1 3828.13 1448.62
 284182 28282.9 34820.6 6085.69 1433.3
 240024 86563 7997.54 9791.48 2113.68
 106003 73163.4 24501.2 2251.13 3350.02
 238570 33499.6 21777.6 7260.31 1659.35
 267985 72908.3 9516.09 6152.49 2519.18
 75099.4 84706.6 21707.7 2820.65 2569.73
 56309.1 23837.6 25368.3 6472.83 1606.93
 257755 16483.5 6377.14 6740.99 2146.21
pred_Ctot
 14701.6 4257.29 10822.7 734.7 0.0265164
 14271.9 10986.8 2245.54 5581.08 378.431
 14141.9 5289.84 2789.43 556.129 1473.97
 30831.3 7571.69 1939.62 997.72 725.124
 9236.52 3843.85 626.176 156.083 138.432
 29434.1 6962.38 2051.33 326.784 153.512
 23588.8 22329.5 3629.49 1043.44 243.985
 2068.43 1404.82 845.376 133.271 47.1948
 7211.97 3236.28 1567.22 922.79 196.759
 12899.6 3080.55 915.654 431.464 307.764
 6258.15 968.373 147.447 42.5165 34.2677
 31665.4 9177.46 1006.07 149.817 77.9236
 25028.2 8902.55 1670.09 177.828 40.1906
 27078.4 11285.8 2611.4 476.048 62.0486
 19456.1 4581.09 1135.99 253.673 52.1708
 85220.1 4329.83 644.453 154.941 41.6451
 11691 18701.2 621.672 89.9454 27.3952
 90605.6 4076.94 4437.01 143.804 27.1059
 69508.8 44493.2 1365.87 1449.63 55.7633
 52491.3 21174.1 8991.01 268.588 295.592
 56510.7 14549.5 3929.76 1624.92 101.814
 95489.9 25506.3 4480.83 1180.24 517.898
 11727.9 21171.4 3792.96 648.933 245.578
 31376.9 4225.69 5300.92 927.38 218.427
 26410.7 12890.3 1213.48 1487.16 321.049
 9562.93 8981.72 3066.01 281.987 419.663
 25917.1 4927.03 3263.72 1089.16 248.941
 24146.4 8939.74 1189.4 769.775 315.207
 6591.04 10123.3 2644.6 343.984 313.401
 7407.42 4218.24 4572.05 1167.71 289.908
 19831 1732.06 683.247 722.976 230.195
F
 0.145144 0.202344 0.20663 0.20686 0.206873
 0.267765 0.373289 0.381196 0.381622 0.381644
 0.262958 0.366588 0.374352 0.37477 0.374792
 0.400166 0.557869 0.569686 0.570321 0.570355
 0.133365 0.185923 0.189861 0.190073 0.190084
 0.24316 0.338988 0.346168 0.346554 0.346575
 0.563131 0.785057 0.801686 0.802581 0.802628
 0.0971591 0.135449 0.138318 0.138472 0.13848
 0.389165 0.542532 0.554023 0.554641 0.554674
 0.551127 0.768322 0.784596 0.785472 0.785518
 0.120552 0.168061 0.17162 0.171812 0.171822
 0.481307 0.670987 0.685199 0.685964 0.686004
 0.451324 0.629188 0.642515 0.643232 0.64327
 0.785496 1.09505 1.11825 1.1195 1.11956
 0.570322 0.795082 0.811922 0.812828 0.812876
 0.446277 0.622152 0.63533 0.636039 0.636077
 0.294256 0.41022 0.418909 0.419376 0.419401
 0.278621 0.388424 0.396651 0.397093 0.397117
 0.390621 0.544562 0.556096 0.556717 0.55675
 0.357344 0.498171 0.508723 0.509291 0.50932
 0.279589 0.389774 0.39803 0.398474 0.398497
 0.353508 0.492823 0.503262 0.503823 0.503853
 0.21283 0.296705 0.30299 0.303328 0.303346
 0.188742 0.263124 0.268697 0.268997 0.269013
 0.188044 0.262151 0.267703 0.268002 0.268018
 0.151936 0.211813 0.216299 0.216541 0.216553
 0.18546 0.258549 0.264025 0.26432 0.264336
 0.151738 0.211537 0.216018 0.216259 0.216271
 0.147547 0.205695 0.210052 0.210286 0.210298
 0.228496 0.318545 0.325292 0.325655 0.325674
 0.128338 0.178915 0.182704 0.182908 0.182919
YTP_r0W_actual
 148733 27366.5 14963.1 20604.8 7596.43
YTP_p0W_proyectada
 161620 215947 18537.6 9307.04 14879.3
CTP_r0_actual
 19831 1732.06 683.247 722.976 230.195
CTP_p0_proyectada
 21549.3 13667.5 846.464 326.563 450.888
Wmedp
 7.5 15.8 21.9 28.5 33
Frms_r0
 0.128338 0.178915 0.182704 0.182908 0.182919
nmprior
 8 9 7.5 0
nm_flota  nm_reclas  nm_pelaces    nm_pelaL
inf 14.5461 15.0056 25.7932
cv_recla  cv_pelaces  cv_mph
0.319051 0.479146 0.882966
 ------------------------------------------------
Talla a la edad & desviaci?n 
 8 13.2811 15.8009 17.003 17.5766
 0.8 1.32811 1.58009 1.7003 1.75766
