years
 1991 1992 1993 1994 1995 1996 1997 1998 1999 2000 2001 2002 2003 2004 2005 2006 2007 2008 2009 2010 2011 2012 2013 2014 2015 2016 2017 2018 2019 2020 2021
reclasobs
 0 0 0 0 0 0 0 0 0 252601 567819 844713 477998 351125 339783 2.1784e+06 2.13404e+06 4.81314e+06 1.55562e+06 2.62356e+06 3.21686e+06 3.843e+06 1.13348e+06 3.07943e+06 1.97215e+06 2.03268e+06 2.025e+06 2.42433e+06 2.27542e+06 1.05018e+06 2.36338e+06
reclaspred
 3.19006e+06 1.78503e+06 903843 887447 874554 1.38868e+06 863536 763660 560255 411288 488861 634656 626573 488162 494460 1.31213e+06 1.27156e+06 2.87329e+06 2.36804e+06 1.7603e+06 3.11361e+06 2.52833e+06 2.00473e+06 3.08411e+06 2.31247e+06 2.04285e+06 2.42923e+06 2.58638e+06 2.11824e+06 1.33824e+06 1.91604e+06
pelacesobs
 0 0 0 0 0 0 0 0 0 0 0 0 0 0 0 552880 188675 0 991730 2.46772e+06 1.41603e+06 1.21717e+06 2.29649e+06 1.80582e+06 0 1.4828e+06 1.56532e+06 1.57751e+06 1.42118e+06 867257 1.10002e+06
pelacespred
 1.67235e+06 1.04024e+06 526362 421909 434770 711836 407018 448946 316117 219729 270851 294109 319464 262242 273042 603154 585805 1.52479e+06 1.29768e+06 895243 1.53291e+06 1.34931e+06 1.06774e+06 1.79776e+06 1.29999e+06 1.14473e+06 1.54994e+06 1.6273e+06 1.09821e+06 788330 1.12715e+06
mphobs
 0 0 0 0 0 0 0 0 0 0 0 498337 0 5186 125008 0 168611 109162 213762 579715 649985 157893 87575 83554 0 0 0 0 0 0 0
mphpred
 3.17169e+06 2.11803e+06 1.05353e+06 575468 615176 690821 910410 557646 496489 343112 229074 380731 411595 348643 236142 299675 995915 947931 1.87804e+06 1.418e+06 1.51214e+06 1.8682e+06 1.77419e+06 1.46044e+06 2.03031e+06 1.67107e+06 1.37351e+06 1.46937e+06 2.05434e+06 1.3983e+06 851711
desembarqueobs
 494567 514787 250237 358949 120608 361735 552515 73892 212993 205616 52469 317467 293654 387597 252695 516296 358380 742168 942051 627588 828172 859565 418607 520667 417249 300574 415391 372974 316634 284311 391294
desembarquepred
 494573 513534 250840 358980 120613 361748 552557 73896.3 213041 205660 52471.6 317532 293704 387631 252689 516257 358402 742069 941847 627452 828236 859579 418616 520690 417248 300574 415390 372958 316627 284318 391297
Reclutas
 196800 111244 111846 180184 144575 251626 103593 46937 45195.9 60642.3 113315 149657 124753 87270.6 87136 478367 101184 734827 423041 324995 481738 644489 133956 398719 335005 150566 339674 381303 110967 82446.6 318892
log_desv_Rt
 0.10317 -0.467291 -0.461898 0.0149597 -0.205223 0.348924 -0.538545 -1.33021 -1.36801 -1.07403 -0.448848 -0.170673 -0.352684 -0.710006 -0.711549 0.99136 -0.562079 1.42062 0.868451 0.60479 0.998381 1.28944 -0.281509 0.809238 0.635126 -0.164618 0.648968 0.764575 -0.469784 -0.766868 0.585832
SSB
 3.17169e+06 2.11803e+06 1.05353e+06 575468 615176 690821 910410 557646 496489 343112 229074 380731 411595 348643 236142 299675 995915 947931 1.87804e+06 1.418e+06 1.51214e+06 1.8682e+06 1.77419e+06 1.46044e+06 2.03031e+06 1.67107e+06 1.37351e+06 1.46937e+06 2.05434e+06 1.3983e+06 851711
BT
 4.27505e+06 2.90721e+06 1.46336e+06 1.27484e+06 1.09794e+06 1.95017e+06 1.43412e+06 1.10013e+06 940593 705077 669956 944381 1.00343e+06 1.00797e+06 883234 1.80941e+06 1.63066e+06 4.17098e+06 3.89837e+06 2.6294e+06 4.20633e+06 3.91559e+06 2.82694e+06 4.62949e+06 3.38318e+06 2.90605e+06 3.99801e+06 4.12695e+06 2.79365e+06 2.09421e+06 2.977e+06
Ftot
 0.134385 0.245096 0.239151 0.369646 0.126059 0.246142 0.544929 0.0878881 0.341493 0.445602 0.10526 0.458738 0.427546 0.713086 0.488081 0.393905 0.250117 0.253485 0.360289 0.323987 0.247975 0.314262 0.184244 0.16225 0.163619 0.13223 0.163302 0.139519 0.129472 0.185646 0.199376
BD_Bspro_t
 0.978775 0.846358 0.687484 0.598558 0.585048 0.658302 0.648286 0.481905 0.539555 0.497446 0.467102 0.675418 0.561559 0.472569 0.365709 0.424191 0.603233 0.578501 0.673744 0.579108 0.549957 0.59862 0.614426 0.60702 0.70934 0.717273 0.723987 0.758193 0.800346 0.737636 0.67148
BD_Bspro
 2.50333 1.67171 0.831526 0.454201 0.485542 0.545246 0.718562 0.440135 0.391865 0.270809 0.180802 0.3005 0.324861 0.275174 0.18638 0.236526 0.786049 0.748176 1.48228 1.11919 1.19349 1.47452 1.40032 1.15268 1.60247 1.31893 1.08407 1.15973 1.62143 1.10364 0.672232
BD_Bo
 1.65948 1.10819 0.551225 0.301094 0.32187 0.361448 0.47634 0.291769 0.259771 0.179521 0.119855 0.199204 0.215353 0.182415 0.123553 0.156795 0.521078 0.495972 0.982617 0.741919 0.791176 0.977472 0.928282 0.764123 1.06229 0.874329 0.71864 0.768795 1.07486 0.73161 0.445628
BD_Brms
 9.95232 6.64608 3.30584 1.80573 1.93033 2.16769 2.85673 1.74981 1.55791 1.07663 0.718802 1.19468 1.29152 1.09399 0.740979 0.940337 3.12504 2.97447 5.893 4.44948 4.74488 5.86215 5.56714 4.58264 6.37081 5.24357 4.30987 4.61066 6.44622 4.38765 2.67254
Sel_flota
 0.779115 0.985298 0.999215 0.999959 0.999998
 0.779115 0.985298 0.999215 0.999959 0.999998
 0.779115 0.985298 0.999215 0.999959 0.999998
 0.779115 0.985298 0.999215 0.999959 0.999998
 0.779115 0.985298 0.999215 0.999959 0.999998
 0.779115 0.985298 0.999215 0.999959 0.999998
 0.779115 0.985298 0.999215 0.999959 0.999998
 0.779115 0.985298 0.999215 0.999959 0.999998
 0.779115 0.985298 0.999215 0.999959 0.999998
 0.779115 0.985298 0.999215 0.999959 0.999998
 0.779115 0.985298 0.999215 0.999959 0.999998
 0.779115 0.985298 0.999215 0.999959 0.999998
 0.779115 0.985298 0.999215 0.999959 0.999998
 0.779115 0.985298 0.999215 0.999959 0.999998
 0.779115 0.985298 0.999215 0.999959 0.999998
 0.779115 0.985298 0.999215 0.999959 0.999998
 0.779115 0.985298 0.999215 0.999959 0.999998
 0.779115 0.985298 0.999215 0.999959 0.999998
 0.779115 0.985298 0.999215 0.999959 0.999998
 0.779115 0.985298 0.999215 0.999959 0.999998
 0.779115 0.985298 0.999215 0.999959 0.999998
 0.779115 0.985298 0.999215 0.999959 0.999998
 0.779115 0.985298 0.999215 0.999959 0.999998
 0.779115 0.985298 0.999215 0.999959 0.999998
 0.779115 0.985298 0.999215 0.999959 0.999998
 0.779115 0.985298 0.999215 0.999959 0.999998
 0.779115 0.985298 0.999215 0.999959 0.999998
 0.779115 0.985298 0.999215 0.999959 0.999998
 0.779115 0.985298 0.999215 0.999959 0.999998
 0.779115 0.985298 0.999215 0.999959 0.999998
 0.779115 0.985298 0.999215 0.999959 0.999998
Sel_reclas
 1 1 1 1 1
 1 1 1 1 1
 1 1 1 1 1
 1 1 1 1 1
 1 1 1 1 1
 1 1 1 1 1
 1 1 1 1 1
 1 1 1 1 1
 1 1 1 1 1
 1 1 1 1 1
 1 1 1 1 1
 1 1 1 1 1
 1 1 1 1 1
 1 1 1 1 1
 1 1 1 1 1
 1 1 1 1 1
 1 1 1 1 1
 1 1 1 1 1
 1 1 1 1 1
 1 1 1 1 1
 1 1 1 1 1
 1 1 1 1 1
 1 1 1 1 1
 1 1 1 1 1
 1 1 1 1 1
 1 1 1 1 1
 1 1 1 1 1
 1 1 1 1 1
 1 1 1 1 1
 1 1 1 1 1
 1 1 1 1 1
Sel_pelaces
 1 1 1 1 1
 1 1 1 1 1
 1 1 1 1 1
 1 1 1 1 1
 1 1 1 1 1
 1 1 1 1 1
 1 1 1 1 1
 1 1 1 1 1
 1 1 1 1 1
 1 1 1 1 1
 1 1 1 1 1
 1 1 1 1 1
 1 1 1 1 1
 1 1 1 1 1
 1 1 1 1 1
 1 1 1 1 1
 1 1 1 1 1
 1 1 1 1 1
 1 1 1 1 1
 1 1 1 1 1
 1 1 1 1 1
 1 1 1 1 1
 1 1 1 1 1
 1 1 1 1 1
 1 1 1 1 1
 1 1 1 1 1
 1 1 1 1 1
 1 1 1 1 1
 1 1 1 1 1
 1 1 1 1 1
 1 1 1 1 1
pf_obs 
 0.8446 0.082 0.0669 0.0065 0
 0.8095 0.147 0.0364 0.0071 0
 0.9664 0.0169 0.016 0.0007 0
 0.9276 0.0648 0.0075 0.0001 0
 0.7033 0.2144 0.0806 0.0017 0
 0.9318 0.0425 0.0243 0.0014 0
 0.5671 0.3108 0.0964 0.0239 0.0018
 0.0768 0.2599 0.5324 0.112 0.0189
 0.490249 0.384438 0.106611 0.0170017 0.00170017
 0.7925 0.1577 0.0466 0.003 0.0002
 0.840416 0.127587 0.0312969 0.00059994 9.999e-05
 0.8084 0.0986 0.0794 0.0134 0.0002
 0.7335 0.1905 0.0724 0.0035 0.0001
 0.4001 0.4547 0.1325 0.0127 0
 0.49795 0.308269 0.164784 0.0264974 0.00249975
 0.9179 0.0499 0.0305 0.0017 0
 0.2467 0.6533 0.0926 0.0074 0
 0.9418 0.0223 0.034 0.0019 0
 0.707729 0.231977 0.0356964 0.0245975 0
 0.517169 0.277429 0.184464 0.0207286 0.00020938
 0.811772 0.124168 0.05621 0.00726502 0.000585176
 0.764997 0.148141 0.077277 0.00933861 0.000247198
 0.163321 0.427699 0.378323 0.0303852 0.000271297
 0.753843 0.0900009 0.118128 0.0371064 0.000921714
 0.721811 0.176058 0.0630433 0.0369309 0.00215725
 0.143369 0.312575 0.442814 0.0836902 0.0175525
 0.692698 0.0596174 0.167031 0.0765114 0.00414204
 0.394062 0.376323 0.152708 0.0712218 0.00568511
 0.125707 0.32114 0.495352 0.0537591 0.00404204
 0.23352 0.215282 0.420074 0.123614 0.00750983
 0.796117 0.104755 0.0508955 0.0450114 0.00322123
pf_pred 
 0.439372 0.125076 0.410791 0.02476 8.08886e-07
 0.408443 0.296673 0.0665333 0.215379 0.0129722
 0.557656 0.20901 0.117955 0.0260488 0.0893297
 0.727367 0.169205 0.0492779 0.0273853 0.0267644
 0.644042 0.277022 0.0493043 0.0141245 0.015507
 0.745953 0.177104 0.0600748 0.0105393 0.00632906
 0.469757 0.419852 0.0773208 0.0258245 0.00724514
 0.449031 0.299322 0.200013 0.0361763 0.0154574
 0.536921 0.235612 0.124379 0.081949 0.0211392
 0.701945 0.180006 0.060555 0.0314501 0.0260437
 0.812945 0.141767 0.0275413 0.0091076 0.00863912
 0.730179 0.228451 0.0314641 0.00602594 0.00387991
 0.674672 0.254512 0.0601183 0.0081376 0.00255955
 0.618969 0.279407 0.0798005 0.0185295 0.003294
 0.728861 0.187452 0.061692 0.0172754 0.0047194
 0.933058 0.0523692 0.0101305 0.00327585 0.00116682
 0.374324 0.59335 0.0253816 0.00482855 0.00211563
 0.893996 0.0461544 0.0568027 0.00239259 0.000654043
 0.587225 0.378287 0.0151484 0.0183564 0.000983729
 0.593578 0.264403 0.130336 0.00513418 0.00654913
 0.733138 0.175144 0.0600042 0.0291065 0.00260681
 0.736421 0.205747 0.0381608 0.0128734 0.00679822
 0.312547 0.539286 0.116069 0.0211863 0.010912
 0.7337 0.0980017 0.132451 0.0280864 0.00776092
 0.618334 0.297614 0.0312229 0.0415834 0.0112456
 0.427978 0.385669 0.145797 0.0150729 0.0254832
 0.72677 0.133366 0.0947463 0.0353049 0.00981288
 0.681962 0.245961 0.0354503 0.0248179 0.0118088
 0.340395 0.482814 0.137183 0.0194881 0.020119
 0.415672 0.231686 0.25913 0.0725744 0.020937
 0.823706 0.0843221 0.0367996 0.0405506 0.0146216
pobs_RECLAS
 0 0 0 0 0
 0 0 0 0 0
 0 0 0 0 0
 0 0 0 0 0
 0 0 0 0 0
 0 0 0 0 0
 0 0 0 0 0
 0 0 0 0 0
 0 0 0 0 0
 0 0 0 0 0
 0.991045 0.00858322 0.000360255 1.14367e-05 0
 0.934742 0.0480273 0.0164251 0.00080598 0
 0.827803 0.169806 0.00239088 0 0
 0.941827 0.0461693 0.0120037 0 0
 0.791401 0.0380133 0.147996 0.0225897 0
 0.846168 0.0940531 0.0597789 0 0
 0.134021 0.677848 0.182769 0.00536245 0
 0.80878 0.0450904 0.141981 0.00414843 0
 0.846168 0.0940531 0.0597789 0 0
 0.905697 0.0802665 0.012482 0.00150086 5.37128e-05
 0.989698 0.0102097 9.19794e-05 0 0
 0.975433 0.0193895 0.00387452 0.00125025 5.28907e-05
 0.303575 0.632131 0.0575291 0.00676475 0
 0.966965 0.00978017 0.0227588 0.000495775 0
 0.843318 0.132988 0.00938335 0.0141283 0.000182051
 0.564624 0.303363 0.111486 0.0197234 0.00080311
 0.826376 0.0876187 0.0782897 0.00655872 0.00115652
 0.89761 0.0855135 0.0140674 0.00269457 0.000114338
 0.34875 0.467042 0.161289 0.0227151 0.000203297
 0.318654 0.224769 0.449479 0.00709798 0
 0.937255 0.0296025 0.0250945 0.00804832 0
ppred_RECLAS
 0.501163 0.112527 0.364364 0.0219452 7.16899e-07
 0.469241 0.268167 0.0592824 0.19176 0.0115492
 0.617525 0.182129 0.101319 0.022358 0.0766695
 0.773809 0.14118 0.0405203 0.022501 0.0219899
 0.69705 0.236523 0.0415032 0.0118808 0.0130431
 0.789404 0.147458 0.0493049 0.00864326 0.00519025
 0.532503 0.371336 0.0673703 0.0224832 0.00630748
 0.509573 0.268169 0.176682 0.0319324 0.0136435
 0.598076 0.205992 0.107173 0.0705582 0.0182001
 0.751694 0.150859 0.0500067 0.0259514 0.0214893
 0.846767 0.116538 0.0223218 0.00737605 0.00699636
 0.776141 0.189969 0.0257803 0.00493351 0.0031764
 0.726552 0.214613 0.0499535 0.00675641 0.00212503
 0.677698 0.237318 0.0667456 0.0154855 0.00275276
 0.77554 0.155899 0.050552 0.0141448 0.00386399
 0.946924 0.0416554 0.00794087 0.0025658 0.000913873
 0.432156 0.538908 0.0227237 0.00431961 0.00189256
 0.915315 0.0371726 0.0450954 0.00189801 0.000518825
 0.644848 0.325884 0.0128611 0.0155726 0.000834514
 0.65149 0.227879 0.110714 0.00435787 0.00555865
 0.778245 0.146271 0.049397 0.023943 0.00214427
 0.781114 0.171411 0.031335 0.0105626 0.00557771
 0.366616 0.49841 0.105751 0.0192884 0.00993402
 0.779106 0.0820333 0.109302 0.0231601 0.00639942
 0.673409 0.25549 0.0264247 0.0351665 0.00950982
 0.487958 0.34684 0.129271 0.0133543 0.0225766
 0.772699 0.11177 0.0782816 0.0291477 0.00810119
 0.731749 0.208141 0.0295761 0.0206899 0.00984428
 0.3964 0.443516 0.124242 0.0176363 0.0182066
 0.476658 0.209321 0.230798 0.0645904 0.0186329
 0.856689 0.0690742 0.0297172 0.0327215 0.0117982
pobs_PELACES
 0 0 0 0 0
 0 0 0 0 0
 0 0 0 0 0
 0 0 0 0 0
 0 0 0 0 0
 0 0 0 0 0
 0 0 0 0 0
 0 0 0 0 0
 0 0 0 0 0
 0 0 0 0 0
 0 0 0 0 0
 0 0 0 0 0
 0 0 0 0 0
 0 0 0 0 0
 0 0 0 0 0
 0 0 0 0 0
 0.505614 0.472636 0.0217494 0 0
 0 0 0 0 0
 0.443492 0.261883 0.143347 0.151278 0
 0.227955 0.32914 0.350689 0.0885471 0.00366901
 0.970185 0.0296113 0.000203453 0 0
 0.997202 0.00247181 0.000326279 0 0
 0.445219 0.490057 0.0546422 0.010081 0
 0.90214 0.0892962 0.00764917 0.000914606 0
 0 0 0 0 0
 0.581667 0.319106 0.0959925 0.00289975 0.000334073
 0.762889 0.0836404 0.116647 0.0363945 0.000428098
 0.88444 0.0763242 0.0277011 0.0115352 0
 0.521256 0.241999 0.230069 0.00667565 0
 0.616807 0.101726 0.260614 0.0208532 0
 0.833518 0.0704572 0.0857862 0.0102388 0
ppred_PELACES
 0.503569 0.112038 0.362557 0.0218356 7.13319e-07
 0.473541 0.266148 0.05877 0.190091 0.0114487
 0.6215 0.180343 0.100215 0.0221131 0.0758295
 0.778294 0.138471 0.0396755 0.0220299 0.0215294
 0.698885 0.235121 0.0412333 0.0118031 0.0129578
 0.792231 0.145528 0.0486047 0.00852 0.00511621
 0.541851 0.364101 0.0658926 0.0219872 0.00616826
 0.511114 0.267377 0.176088 0.0318244 0.0135974
 0.603836 0.203199 0.105555 0.0694867 0.0179236
 0.757461 0.147476 0.0487856 0.0253149 0.0209622
 0.84771 0.115836 0.0221765 0.00732783 0.00695062
 0.781573 0.185419 0.0251099 0.00480469 0.00309344
 0.732377 0.210131 0.0488143 0.00660164 0.00207634
 0.68839 0.229646 0.0643765 0.0149333 0.00265456
 0.781387 0.151944 0.0491591 0.0137534 0.00375705
 0.948274 0.0406116 0.0077279 0.00249675 0.000889273
 0.436352 0.534958 0.0225312 0.00428276 0.00187641
 0.916693 0.0365919 0.0443393 0.00186607 0.000510093
 0.650474 0.320767 0.0126382 0.0153014 0.000819975
 0.656595 0.224658 0.108986 0.00428953 0.00547145
 0.78121 0.144372 0.0487002 0.0236038 0.00211389
 0.784801 0.168577 0.0307724 0.0103722 0.00547713
 0.369575 0.496173 0.105187 0.0191847 0.00988059
 0.781081 0.0813384 0.108295 0.0229459 0.00634021
 0.675889 0.253593 0.0262087 0.0348776 0.00943169
 0.490256 0.345352 0.128638 0.0132885 0.0224654
 0.774712 0.110823 0.0775602 0.0288779 0.00802619
 0.733637 0.206707 0.0293534 0.0205334 0.00976981
 0.398548 0.442008 0.123746 0.0175653 0.0181333
 0.479939 0.208117 0.229274 0.0641611 0.018509
 0.858406 0.06828 0.0293487 0.0323141 0.0116513
pobs_pel_tallas
 0 0 0 0 0 0 0 0 0 0 0 0 0 0 0 0 0 0 0 0 0 0 0 0 0 0
 0 0 0 0 0 0 0 0 0 0 0 0 0 0 0 0 0 0 0 0 0 0 0 0 0 0
 0 0 0 0 0 0 0 0 0 0 0 0 0 0 0 0 0 0 0 0 0 0 0 0 0 0
 0 0 0 0 0 0 0 0 0 0 0 0 0 0 0 0 0 0 0 0 0 0 0 0 0 0
 0 0 0 0 0 0 0 0 0 0 0 0 0 0 0 0 0 0 0 0 0 0 0 0 0 0
 0 0 0 0 0 0 0 0 0 0 0 0 0 0 0 0 0 0 0 0 0 0 0 0 0 0
 0 0 0 0 0 0 0 0 0 0 0 0 0 0 0 0 0 0 0 0 0 0 0 0 0 0
 0 0 0 0 0 0 0 0 0 0 0 0 0 0 0 0 0 0 0 0 0 0 0 0 0 0
 0 0 0 0 0 0 0 0 0 0 0 0 0 0 0 0 0 0 0 0 0 0 0 0 0 0
 0 0 0 0 0 0 0 0 0 0 0 0 0 0 0 0 0 0 0 0 0 0 0 0 0 0
 0 0 0 0 0 0 0 0 0 0 0 0 0 0 0 0 0 0 0 0 0 0 0 0 0 0
 0 0 0 0 0 0 0 0 0 0 0 0 0 0 0 0 0 0 0 0 0 0 0 0 0 0
 0.00862536 0 0 0.000197151 0.00414017 0.0128641 0.00837892 0.0270097 0.101434 0.158115 0.152841 0.127902 0.109271 0.109419 0.0830992 0.0579132 0.0238553 0.00714673 0.00463305 0.00128148 0.00103504 0.000492878 0.000147863 0.000147863 4.92878e-05 0
 0 0 0 0 0 0 0 0 0 0 0 0 0 0 0 0 0 0 0 0 0 0 0 0 0 0
 0 0 0 0 0 0 0 0.0054083 0.00873648 0.0413646 0.0450493 0.0745869 0.0622846 0.0627006 0.0613931 0.0827291 0.12552 0.122667 0.0946155 0.0697135 0.0546179 0.0294188 0.0215738 0.0213955 0.0102223 0.00600262
 0 0 0 0 0.00359764 0.0251062 0.0480494 0.140153 0.205849 0.193036 0.1447 0.116669 0.0760912 0.0342217 0.00950174 0.001854 0.000860785 0 0 0 0.000165536 0 0.000143464 0 0 0
 0 0 0 0 0 0 0 0.000145254 0.000435761 0.0275982 0.070085 0.0708112 0.156366 0.174668 0.174014 0.160142 0.0824315 0.0480064 0.0283245 0.00493863 0.00203355 0 0 0 0 0
 0 0 0 0 0 0 0 0 0 0 0 0 0 0 0 0 0 0 0 0 0 0 0 0 0 0
 0 0 1.00437e-05 0.000401748 0.00122533 0.00171747 0.00176769 0.0269171 0.070346 0.194647 0.189555 0.159765 0.064822 0.0314167 0.0384472 0.0292271 0.0345202 0.0313363 0.0194345 0.0106764 0.0143323 0.0359363 0.0279516 0.0138201 0.00172751 0
 0 0.0021121 0.0136068 0.0755702 0.200478 0.177729 0.0527432 0.0373336 0.0318909 0.0142505 0.0149659 0.0166563 0.0217959 0.0798694 0.0677717 0.0528807 0.04013 0.0224614 0.0357745 0.0225083 0.00881397 0.00855152 0.00135912 0.000746735 0 0
 0 0 0 0 5.4009e-05 0.00500934 0.000945158 0.0243581 0.138947 0.33067 0.221406 0.137944 0.0707744 0.0437923 0.0131692 0.00525238 0.0047753 0.00276346 9.45158e-05 9.00151e-06 2.25038e-05 9.00151e-06 4.50075e-06 0 0 0
 0.000866109 0.00284123 0.00948549 0.0512746 0.133035 0.25785 0.225252 0.132002 0.0553304 0.0519788 0.0540692 0.017754 0.00435017 0.00159236 0.00146478 0.000404838 0.000125132 0.000115318 0.000107957 0.000100596 0 0 0 0 0 0
 0 0 0 0 0.00144013 0.00171154 0.00461396 0.0210425 0.0478622 0.0707936 0.0888783 0.103762 0.0637923 0.0337046 0.0602308 0.124433 0.169614 0.0934646 0.0462172 0.0250306 0.0313229 0.00938855 0.002487 0.000210481 0 0
 0 0.00764035 0.051015 0.0998891 0.058973 0.0496711 0.0374665 0.0718981 0.12319 0.153886 0.159021 0.0857701 0.0377988 0.023471 0.0147837 0.00900784 0.00315554 0.000888139 0.00291439 0.00214683 0.00393193 0.00274676 0.000635225 9.99891e-05 0 0
 0 0 0 0 0 0 0 0 0 0 0 0 0 0 0 0 0 0 0 0 0 0 0 0 0 0
 0 0 0 0 0 0 0 0 0 0 0 0 0 0 0 0 0 0 0 0 0 0 0 0 0 0
 0 0 0 0 0 0 0 0 0 0 0 0 0 0 0 0 0 0 0 0 0 0 0 0 0 0
 0 0 0 0 0 0 0 0 0 0 0 0 0 0 0 0 0 0 0 0 0 0 0 0 0 0
 0 0 0 0 0 0 0 0 0 0 0 0 0 0 0 0 0 0 0 0 0 0 0 0 0 0
 0 0 0 0 0 0 0 0 0 0 0 0 0 0 0 0 0 0 0 0 0 0 0 0 0 0
 0 0 0 0 0 0 0 0 0 0 0 0 0 0 0 0 0 0 0 0 0 0 0 0 0 0
ppred_pel_tallas
 1.12682e-16 4.14783e-05 0.000403184 0.0026793 0.0121797 0.0378957 0.0807411 0.117846 0.117858 0.0807968 0.0380841 0.0127309 0.00408893 0.00356618 0.00629929 0.0110007 0.0173578 0.0249738 0.0333521 0.0420744 0.050712 0.0584683 0.0639755 0.0656474 0.0624837 0.0547435
 1.22765e-16 3.9005e-05 0.000379143 0.00251954 0.0114535 0.0356361 0.0759275 0.110824 0.11085 0.0760534 0.0360591 0.0126767 0.00559576 0.00711484 0.0128943 0.0214312 0.0313121 0.0403871 0.0465789 0.0491533 0.0492332 0.0489943 0.0501298 0.0527654 0.0555215 0.0564709
 1.17989e-16 5.11921e-05 0.000497606 0.00330677 0.0150321 0.0467705 0.0996501 0.145446 0.145463 0.0997358 0.0470585 0.0158658 0.00540651 0.00510462 0.00887026 0.0147692 0.0217173 0.0282782 0.0330469 0.0354595 0.0361294 0.036345 0.0371247 0.0385794 0.0399796 0.0403116
 1.07034e-16 6.41071e-05 0.000623144 0.00414101 0.0188244 0.0585699 0.12479 0.182137 0.182151 0.124855 0.0587897 0.01946 0.00573844 0.00411767 0.00672294 0.0110726 0.0160892 0.0205508 0.0232701 0.0237386 0.0224318 0.0204593 0.0188378 0.0179553 0.0175489 0.0170616
 1.04627e-16 5.75663e-05 0.000559565 0.00371851 0.0169038 0.0525941 0.112058 0.163557 0.16358 0.112169 0.0529663 0.0179789 0.00641792 0.00645522 0.0112629 0.0185516 0.0267739 0.0337899 0.0374611 0.0368146 0.0326185 0.0268431 0.0214536 0.0174756 0.0148769 0.0130628
 1.03161e-16 6.52551e-05 0.000634302 0.00421516 0.0191615 0.0596187 0.127024 0.185399 0.185413 0.127093 0.0598498 0.0198295 0.00589415 0.00430684 0.00706153 0.011627 0.0168741 0.0214949 0.0241953 0.0243705 0.0224366 0.0194917 0.0165967 0.0142539 0.0123921 0.0107009
 1.05244e-16 4.46316e-05 0.000433835 0.00288299 0.0131057 0.0407768 0.0868805 0.126812 0.126847 0.0870522 0.0413531 0.0147706 0.00706355 0.00956446 0.0173985 0.0287276 0.0414619 0.0523169 0.0579706 0.0568925 0.0502389 0.0410256 0.0322732 0.0255805 0.020954 0.0175721
 1.10643e-16 4.20998e-05 0.000409225 0.00271945 0.0123622 0.0384636 0.0819518 0.119616 0.119642 0.0820789 0.0388911 0.0135998 0.00583687 0.00725063 0.0131411 0.0219354 0.0322432 0.0419057 0.048715 0.0516101 0.0511883 0.0490396 0.0464988 0.0438792 0.0406728 0.0363064
 1.131e-16 4.97372e-05 0.000483463 0.00321279 0.0146049 0.0454413 0.0968182 0.141313 0.141333 0.0969146 0.0457656 0.0155436 0.0055765 0.00566806 0.00996954 0.0165983 0.024373 0.0316558 0.0368229 0.0391792 0.0393381 0.0386673 0.0382517 0.0382215 0.0378745 0.0363236
 1.07532e-16 6.23911e-05 0.000606464 0.00403017 0.0183206 0.0570021 0.12145 0.177262 0.177276 0.121519 0.0572365 0.0189982 0.00573387 0.0043351 0.00717207 0.0118341 0.0172247 0.0220591 0.025083 0.0257547 0.0245636 0.0226549 0.0210637 0.020161 0.0196484 0.0189478
 1.02581e-16 6.98247e-05 0.000678721 0.00451034 0.0205034 0.0637936 0.13592 0.198381 0.198392 0.135974 0.0639771 0.0210333 0.00584108 0.00358573 0.00559673 0.00915804 0.0132245 0.0167145 0.0185787 0.018342 0.0163826 0.0136628 0.0111347 0.00928254 0.00807053 0.00719279
 1.01778e-16 6.43771e-05 0.000625769 0.00415845 0.0189037 0.0588167 0.125316 0.182906 0.182924 0.125403 0.0591098 0.0197505 0.00628381 0.00526511 0.00887439 0.0145668 0.0209718 0.0263597 0.0290119 0.0281346 0.0243259 0.0191636 0.014258 0.010508 0.00798772 0.00631132
 1.02476e-16 6.0325e-05 0.00058638 0.0038967 0.0177139 0.0551145 0.117428 0.171394 0.171414 0.117527 0.0554474 0.0186758 0.00631259 0.00586489 0.0100986 0.0166345 0.0240373 0.0303939 0.0337868 0.0333172 0.0296136 0.0243588 0.0192406 0.0151568 0.0121383 0.00978791
 1.03864e-16 5.67018e-05 0.000551162 0.00366267 0.01665 0.0518043 0.110375 0.161101 0.161123 0.110484 0.0521686 0.0177026 0.00630758 0.00633341 0.0110628 0.0182637 0.0264543 0.0335816 0.0375819 0.0374912 0.0339835 0.0288441 0.0238249 0.0197988 0.0167099 0.0140833
 1.03473e-16 6.43618e-05 0.00062562 0.00415746 0.0188992 0.0588026 0.125286 0.182861 0.182876 0.125358 0.0590439 0.0195966 0.00591027 0.00445956 0.00736796 0.0121373 0.0176155 0.0224415 0.0252688 0.0254723 0.0234942 0.0204865 0.017555 0.0152114 0.0133594 0.01165
 1.00635e-16 7.81081e-05 0.000759239 0.00504541 0.0229357 0.0713615 0.152043 0.221913 0.221916 0.152062 0.0714258 0.0231215 0.00551185 0.0017781 0.00201489 0.0032121 0.00463074 0.00584696 0.00648677 0.00637984 0.00565479 0.00464648 0.00368922 0.00295824 0.00245167 0.0020764
 1.01535e-16 3.59418e-05 0.000349368 0.00232167 0.010554 0.0328377 0.0699662 0.102128 0.10218 0.0702177 0.0336819 0.012991 0.00843452 0.0136796 0.0253106 0.041677 0.0597759 0.0746266 0.0811766 0.0770964 0.0641956 0.0472637 0.0313009 0.019267 0.0116252 0.00730642
 1.01563e-16 7.55068e-05 0.000733953 0.00487737 0.0221718 0.0689848 0.14698 0.214522 0.214525 0.146997 0.0690439 0.0223434 0.00531091 0.00168996 0.00191915 0.00312601 0.00466457 0.00621552 0.00749524 0.00835151 0.00881102 0.00898689 0.00893463 0.00859669 0.00787774 0.00676551
 1.02121e-16 5.35787e-05 0.000520804 0.00346093 0.0157329 0.0489511 0.104297 0.15223 0.152261 0.104447 0.0494573 0.0171944 0.00712712 0.00851643 0.0152163 0.0250125 0.0358915 0.044856 0.0488965 0.0466423 0.0392005 0.0294476 0.0203553 0.0136339 0.00946946 0.00712825
 1.04559e-16 5.40829e-05 0.000525705 0.0034935 0.0158809 0.0494116 0.105278 0.15366 0.153682 0.105384 0.0497694 0.0169157 0.00609655 0.00622688 0.0109362 0.0181358 0.0264481 0.0339382 0.0386406 0.0396 0.0373582 0.0334347 0.0292659 0.0254849 0.0219751 0.0184042
 1.04168e-16 6.43473e-05 0.000625478 0.00415652 0.018895 0.0587893 0.125257 0.18282 0.182834 0.125326 0.0590187 0.0195581 0.00582359 0.00427314 0.00701694 0.0115648 0.0168103 0.021474 0.0242959 0.0247015 0.0231199 0.0206336 0.0182534 0.0164002 0.0149072 0.0133816
 1.02899e-16 6.46431e-05 0.000628354 0.00417563 0.0189818 0.0590596 0.125833 0.183661 0.183677 0.125913 0.0593265 0.0197528 0.00611146 0.00485655 0.00810154 0.0133092 0.0192096 0.0242501 0.0268952 0.0264426 0.0234339 0.0192688 0.0153436 0.0123877 0.0103851 0.00893131
 1.06759e-16 3.04415e-05 0.000295902 0.00196638 0.00893889 0.0278124 0.0592591 0.0865005 0.0865483 0.0594931 0.0285982 0.0112092 0.00766792 0.0127514 0.0237121 0.0392215 0.0566578 0.0715843 0.0794807 0.0782435 0.069398 0.0569784 0.045027 0.0356873 0.0289997 0.0239379
 1.06521e-16 6.43366e-05 0.000625375 0.00415583 0.0188918 0.0587795 0.125236 0.182788 0.182796 0.125275 0.0589114 0.0192749 0.00512503 0.00276661 0.00420579 0.00704726 0.0106047 0.014299 0.017564 0.0201139 0.022029 0.0235226 0.0246057 0.0249736 0.0242135 0.0221308
 1.05916e-16 5.56722e-05 0.000541153 0.00359616 0.0163476 0.0508636 0.108371 0.158176 0.158201 0.108491 0.0512646 0.0175056 0.00650296 0.00688687 0.0121084 0.0199344 0.0287282 0.0361781 0.0399851 0.0391348 0.0345236 0.0283617 0.0228329 0.0190419 0.0168645 0.0155037
 1.08935e-16 4.03818e-05 0.000392525 0.00260847 0.0118578 0.036894 0.0786079 0.114738 0.114771 0.0787712 0.0374428 0.0134445 0.00659752 0.00912117 0.016678 0.0276659 0.0402189 0.0513502 0.0580198 0.0588027 0.0546691 0.0481767 0.0417729 0.036578 0.0323739 0.0284071
 1.06521e-16 6.38121e-05 0.000620276 0.00412195 0.0187378 0.0583003 0.124215 0.181298 0.181309 0.124268 0.0584778 0.0192518 0.00541729 0.00346546 0.00551891 0.00915886 0.0135085 0.0176676 0.020758 0.0223789 0.0227987 0.0226589 0.0224424 0.0221584 0.0214506 0.0199528
 1.04613e-16 6.04287e-05 0.000587389 0.00390341 0.0177443 0.0552093 0.11763 0.171689 0.171709 0.117727 0.0555363 0.018689 0.006275 0.00576613 0.00990067 0.0162861 0.023491 0.0296253 0.0328145 0.0322205 0.0285474 0.0235598 0.019005 0.0157741 0.0137907 0.0124593
 1.08515e-16 3.28279e-05 0.000319099 0.00212053 0.00963965 0.0299927 0.0639043 0.0932791 0.0933218 0.064113 0.0306938 0.0116657 0.00721092 0.0114473 0.0212138 0.0351404 0.0509025 0.0646082 0.0722908 0.0721007 0.0653504 0.0554995 0.0459493 0.0384023 0.0327515 0.0280499
 1.16237e-16 3.9532e-05 0.000384265 0.00255358 0.0116082 0.0361175 0.076953 0.112319 0.11234 0.0770528 0.0364536 0.0125831 0.00501702 0.00581606 0.0105149 0.0177392 0.0265339 0.0354402 0.0429609 0.0483785 0.0520254 0.0546924 0.0567091 0.0575388 0.0561949 0.0520341
 1.06077e-16 7.07058e-05 0.000687285 0.00456725 0.0207621 0.0645985 0.137634 0.200883 0.200889 0.137667 0.0647074 0.0210772 0.00536048 0.00242669 0.00339769 0.00556883 0.00817037 0.0106155 0.0123725 0.013239 0.0134642 0.0135493 0.0138762 0.0144577 0.01497 0.0149882
pSPR Fmed_Fpbrs
0.643118   0.216743 0.216743
Fs Fmed_Fpbrs
0.241676   1.005 1.005
SSBpbr Bo_Bmed_Bpbrs
1.91126e+06  1.1336e+06  318689 318689
Ro
177509
SPR SPRFo_SPRFmed_SPRFpbrs
1.26699e+06 814824 274611
Fref
1.005
Nvult_r0
 218456 18312.7 7898.92 8698.66 3136.44
CTP_r0
 29371.8 3006.76 1312.2 1445.96 521.379
YTP_r0
391297
Np
 250170 42061.4 13726 1069.14 520.795
Nvult_p0
 208108 36313.1 11876.2 925.164 450.664
CTP_p0
 91391 43141.8 3439.28 1478.32 2118.25
 91391 18067.3 5950.56 463.726 225.894
YTP_p0
 1.55518e+06 1.12653e+06
CBA_c0
1.42658e+06
log_Ro
11.9068
likeval ReclasPelacesDesembMPH_pf_preclas_ppelaces_ptallas_desvR_qrecl_qpela
 13.6861 17.4399 0.0602573 0.00277943 240.275 118.736 98.3874 0 24.2707 8.64686e-07 0 0.307779 0 0 0
q_reclas_q_pelaces
0.876544 1
M
1
N
 196800 44804.4 145213 8746.42 0.285726
 111244 65201.8 14438.5 46708.2 2813.13
 111846 33810.5 18840.2 4157.83 14258
 180184 34151.1 9827.03 5457.73 5333.79
 144575 49698.9 8728.42 2498.72 2743.19
 251626 48210.7 16147.7 2830.98 1700
 103593 76414.3 13916.3 4645.17 1303.18
 46937 24926 16432.4 2969.99 1268.97
 45195.9 16124.4 8409.11 5536.9 1428.22
 60642.3 12742.5 4237.01 2199.19 1821.09
 113315 15765.4 3021.92 998.607 947.205
 149657 38404 5228.4 1000.72 644.309
 124753 38510.7 8990.5 1216.2 382.522
 87270.6 32891.9 9296.85 2157.52 383.532
 87136 18420 5993.2 1677.24 458.184
 478367 21915.6 4189.3 1353.82 482.198
 101184 129474 5468.94 1039.7 455.529
 734827 30632.8 37227.3 1567 428.344
 423041 221881 8778.56 10630.8 569.692
 324995 117538 57234 2253.1 2873.94
 481738 92887.3 31423 15232.3 1364.17
 644489 146087 26764 9022.84 4764.64
 133956 185603 39431.2 7192.52 3704.35
 398719 42689.9 56944.4 12066.8 3334.21
 335005 129262 13384.5 17813.4 4817.18
 150566 108491 40472.9 4181.24 7068.8
 339674 49967.8 35036.2 13046.3 3626.05
 381303 110030 15650.1 10948.6 5209.35
 110967 125825 35279 5008.15 5170.11
 82446.6 36905.5 40744.6 11403.5 3289.66
 318892 26245.9 11307.3 12451.3 4489.5
pred_Ctot
 12472.6 3550.6 11661.3 702.873 0.0229622
 12415.7 9018.15 2022.46 6547.01 394.325
 12202.8 4573.63 2581.13 570.009 1954.74
 29176.5 6787.25 1976.66 1098.5 1073.59
 8617.95 3706.85 659.742 189.001 207.5
 28194 6693.81 2270.58 398.342 239.213
 23445.2 20954.5 3859.02 1288.88 361.599
 1974.68 1316.31 879.587 159.09 67.976
 6820.05 2992.77 1579.88 1040.93 268.513
 11565 2965.73 997.685 518.161 429.088
 5677.76 990.125 192.353 63.6092 60.3372
 29265.1 9156.17 1261.06 241.516 155.504
 22953.6 8658.97 2045.33 276.856 87.0805
 24590.1 11100.1 3170.27 736.129 130.862
 17968.5 4621.24 1520.88 425.888 116.347
 81930.3 4598.46 889.546 287.648 102.457
 11506.1 18238.6 780.19 148.422 65.0308
 84596.4 4367.46 5375.08 226.404 61.8903
 66960.6 43135.6 1727.35 2093.15 112.173
 46780.7 20838 10272 404.632 516.147
 54348.2 12983.6 4448.16 2157.69 193.245
 90257.3 25216.8 4677.07 1577.79 833.204
 11456.4 19767.6 4254.51 776.587 399.979
 30239.8 4039.18 5459.01 1157.59 319.87
 25610.7 12326.8 1293.22 1722.34 465.778
 9395.89 8467.02 3200.86 330.912 559.461
 25920 4756.44 3379.09 1259.14 349.973
 25048 9034.02 1302.07 911.546 433.732
 6786.3 9625.63 2734.96 388.524 401.104
 7101.66 3958.31 4427.18 1239.92 357.704
 29371.8 3006.76 1312.2 1445.96 521.379
F
 0.104701 0.132409 0.13428 0.13438 0.134385
 0.190958 0.241492 0.244903 0.245086 0.245095
 0.186326 0.235635 0.238963 0.239141 0.23915
 0.287997 0.364211 0.369356 0.369631 0.369645
 0.0982147 0.124206 0.12596 0.126054 0.126059
 0.191773 0.242523 0.245949 0.246132 0.246142
 0.424562 0.536917 0.544501 0.544906 0.544927
 0.0684749 0.086596 0.0878191 0.0878845 0.0878879
 0.266062 0.336472 0.341225 0.341479 0.341492
 0.347175 0.43905 0.445252 0.445583 0.445601
 0.0820092 0.103712 0.105177 0.105255 0.105259
 0.357409 0.451993 0.458378 0.458719 0.458737
 0.333108 0.421261 0.427211 0.427529 0.427545
 0.555576 0.702602 0.712527 0.713057 0.713085
 0.380271 0.480905 0.487698 0.488061 0.48808
 0.306898 0.388114 0.393596 0.393889 0.393905
 0.19487 0.24644 0.249921 0.250107 0.250117
 0.197494 0.249758 0.253286 0.253474 0.253484
 0.280707 0.354992 0.360007 0.360275 0.360289
 0.252423 0.319223 0.323732 0.323973 0.323986
 0.193201 0.24433 0.247781 0.247965 0.247975
 0.244846 0.309642 0.314016 0.314249 0.314262
 0.143547 0.181535 0.184099 0.184236 0.184244
 0.126412 0.159865 0.162123 0.162244 0.16225
 0.127478 0.161213 0.16349 0.163612 0.163618
 0.103023 0.130286 0.132127 0.132225 0.13223
 0.127231 0.160901 0.163174 0.163295 0.163302
 0.108701 0.137468 0.13941 0.139513 0.139519
 0.100873 0.127568 0.12937 0.129466 0.129471
 0.14464 0.182917 0.1855 0.185638 0.185646
 0.155337 0.196445 0.19922 0.199368 0.199376
YTP_r0W_actual
 243786 42395.4 36216.8 49451.7 19447.5
YTP_p0W_proyectada
 684518 676031 79550.6 43418.4 71660.5
 684518 283115 137637 13619.6 7641.99
CTP_r0_actual
 29371.8 3006.76 1312.2 1445.96 521.379
CTP_p0_proyectada
 91391 43141.8 3439.28 1478.32 2118.25
 91391 18067.3 5950.56 463.726 225.894
Wmedp
 7.49 15.67 23.13 29.37 33.83
Frms_r0
 0.155337 0.196445 0.19922 0.199368 0.199376
Zrms_r0
 1.15534 1.19644 1.19922 1.19937 1.19938
nmprior
 8.19 8.8 8.5 0
nm_flota  nm_reclas  nm_pelaces    nm_pelaL
inf 12.4782 18.2076 43.4838
cv_recla  cv_pelaces  cv_mph
0.33463 0.473527 1.62698
 ------------------------------------------------
Talla a la edad & desviaci?n 
 8 13.2811 15.8009 17.003 17.5766
 0.8 1.32811 1.58009 1.7003 1.75766
