years
 1991 1992 1993 1994 1995 1996 1997 1998 1999 2000 2001 2002 2003 2004 2005 2006 2007 2008 2009 2010 2011 2012 2013 2014 2015 2016 2017 2018 2019 2020 2021
reclasobs
 0 0 0 0 0 0 0 0 0 252601 567819 844713 477998 351125 339783 2.1784e+06 2.13404e+06 4.81314e+06 1.55562e+06 2.62356e+06 3.21686e+06 3.843e+06 1.13348e+06 3.07943e+06 1.97215e+06 2.03268e+06 2.025e+06 2.42433e+06 2.27542e+06 1.05018e+06 2.36338e+06
reclaspred
 4.23364e+06 2.85592e+06 2.01107e+06 2.09152e+06 2.1674e+06 2.48645e+06 2.07989e+06 2.92459e+06 3.05828e+06 3.24779e+06 2.37845e+06 2.39149e+06 2.20662e+06 2.06633e+06 2.1327e+06 2.17776e+06 2.27122e+06 2.62895e+06 1.51778e+06 1.1205e+06 1.79373e+06 1.12767e+06 1.41582e+06 2.12483e+06 1.87832e+06 2.26093e+06 2.4321e+06 2.03603e+06 2.43693e+06 2.54436e+06 2.57503e+06
pelacesobs
 0 0 0 0 0 0 0 0 0 0 0 0 0 0 0 552880 188675 0 991730 2.46772e+06 1.41603e+06 1.21717e+06 2.29649e+06 1.80582e+06 0 1.4828e+06 1.56532e+06 1.57751e+06 1.42118e+06 867257 1.10002e+06
pelacespred
 2.07757e+06 1.4893e+06 1.01808e+06 910176 1.01884e+06 1.15212e+06 980895 1.51243e+06 1.67504e+06 1.66349e+06 1.3625e+06 1.1481e+06 1.11589e+06 1.14012e+06 1.18206e+06 1.0355e+06 1.0367e+06 1.13981e+06 748319 487482 707506 499485 652889 1.04531e+06 940618 1.1033e+06 1.31826e+06 1.16951e+06 1.11057e+06 1.23657e+06 1.34217e+06
mphobs
 0 0 0 0 0 0 0 0 0 0 0 498337 0 5186 125008 0 168611 109162 213762 579715 649985 157893 87575 83554 0 0 0 0 0 0 0
mphpred
 4.03645e+06 2.84258e+06 1.93521e+06 1.54192e+06 1.71708e+06 1.84712e+06 1.88732e+06 1.72576e+06 2.42226e+06 2.76099e+06 2.21995e+06 2.00416e+06 1.8233e+06 1.60922e+06 1.54944e+06 1.91639e+06 1.65776e+06 2.06034e+06 1.55142e+06 923883 1.09428e+06 1.13822e+06 789288 1.34166e+06 1.71173e+06 1.50017e+06 1.88901e+06 1.68199e+06 1.93451e+06 1.90729e+06 2.02451e+06
desembarqueobs
 494567 514787 250237 358949 120608 361735 552515 73892 212993 205616 52469 317467 293654 387597 252695 516296 358380 742168 942051 627588 828172 859565 418607 520667 417249 300574 415391 372974 316634 284311 391294
desembarquepred
 494426 505233 260724 358704 120534 361482 552103 73849.8 212899 205533 52441.4 317383 293569 387506 252591 516006 358097 740913 938924 625745 826355 856987 418165 520231 416914 300378 415109 372668 316434 284174 391081
Reclutas
 320587 320587 320587 320587 320587 320587 320587 320587 320587 320587 320587 320587 320587 320587 320587 320587 320587 320587 320587 320587 320587 320587 320587 320587 320587 320587 320587 320587 320587 320587 320587
log_desv_Rt
 0 0 0 0 0 0 0 0 0 0 0 0 0 0 0 0 0 0 0 0 0 0 0 0 0 0 0 0 0 0 0
SSB
 4.03645e+06 2.84258e+06 1.93521e+06 1.54192e+06 1.71708e+06 1.84712e+06 1.88732e+06 1.72576e+06 2.42226e+06 2.76099e+06 2.21995e+06 2.00416e+06 1.8233e+06 1.60922e+06 1.54944e+06 1.91639e+06 1.65776e+06 2.06034e+06 1.55142e+06 923883 1.09428e+06 1.13822e+06 789288 1.34166e+06 1.71173e+06 1.50017e+06 1.88901e+06 1.68199e+06 1.93451e+06 1.90729e+06 2.02451e+06
BT
 5.59115e+06 4.35607e+06 2.82912e+06 2.85094e+06 2.83369e+06 3.6266e+06 3.13855e+06 5.01451e+06 5.18117e+06 4.71417e+06 3.736e+06 3.39366e+06 3.43367e+06 3.96257e+06 3.99932e+06 3.29246e+06 3.30693e+06 3.83679e+06 3.17898e+06 2.04271e+06 2.94582e+06 2.29196e+06 2.60335e+06 3.94197e+06 2.97484e+06 3.71993e+06 4.48696e+06 4.01702e+06 3.2772e+06 3.8475e+06 4.3868e+06
Ftot
 0.111056 0.167439 0.12317 0.162489 0.0531471 0.138029 0.249578 0.0241893 0.0664841 0.0604413 0.0211232 0.126089 0.126422 0.177617 0.112762 0.223288 0.149617 0.264572 0.564845 0.514034 0.426998 0.685283 0.277959 0.231062 0.209484 0.126331 0.161825 0.173466 0.123401 0.106324 0.144179
BD_Bspro_t
 0.982388 0.884613 0.80253 0.788244 0.791144 0.836801 0.80434 0.752735 0.859859 0.89015 0.892889 0.914791 0.858371 0.817754 0.801411 0.815246 0.740935 0.773188 0.659971 0.510668 0.501865 0.493844 0.438216 0.602311 0.682483 0.702506 0.781049 0.781145 0.797674 0.798694 0.818599
BD_Bspro
 1.76401 1.24226 0.845724 0.673852 0.750398 0.80723 0.824796 0.754193 1.05857 1.20661 0.970161 0.875859 0.79682 0.703261 0.677138 0.837502 0.724473 0.900411 0.678003 0.403755 0.478223 0.497424 0.344935 0.586332 0.748058 0.655603 0.825534 0.735063 0.845421 0.833522 0.884751
BD_Bo
 1.61247 1.13554 0.77307 0.615963 0.685933 0.737883 0.75394 0.689402 0.967634 1.10295 0.886817 0.800616 0.728367 0.642846 0.618966 0.765554 0.662236 0.823058 0.619757 0.369069 0.43714 0.454692 0.315302 0.535962 0.683794 0.599282 0.754614 0.671915 0.772793 0.761916 0.808744
BD_Brms
 6.85116 4.82477 3.28467 2.61714 2.91444 3.13517 3.20339 2.92918 4.11135 4.68629 3.76797 3.40171 3.09473 2.73137 2.62991 3.25274 2.81375 3.49707 2.63327 1.56813 1.85735 1.93192 1.33968 2.27723 2.90535 2.54627 3.20626 2.85488 3.2835 3.23728 3.43625
Sel_flota
 0.5 1 1 1 1
 0.5 1 1 1 1
 0.5 1 1 1 1
 0.5 1 1 1 1
 0.5 1 1 1 1
 0.5 1 1 1 1
 0.5 1 1 1 1
 0.5 1 1 1 1
 0.5 1 1 1 1
 0.5 1 1 1 1
 0.5 1 1 1 1
 0.5 1 1 1 1
 0.5 1 1 1 1
 0.5 1 1 1 1
 0.5 1 1 1 1
 0.5 1 1 1 1
 0.5 1 1 1 1
 0.5 1 1 1 1
 0.5 1 1 1 1
 0.5 1 1 1 1
 0.5 1 1 1 1
 0.5 1 1 1 1
 0.5 1 1 1 1
 0.5 1 1 1 1
 0.5 1 1 1 1
 0.5 1 1 1 1
 0.5 1 1 1 1
 0.5 1 1 1 1
 0.5 1 1 1 1
 0.5 1 1 1 1
 0.5 1 1 1 1
Sel_reclas
 0.5 1 1 1 1
 0.5 1 1 1 1
 0.5 1 1 1 1
 0.5 1 1 1 1
 0.5 1 1 1 1
 0.5 1 1 1 1
 0.5 1 1 1 1
 0.5 1 1 1 1
 0.5 1 1 1 1
 0.5 1 1 1 1
 0.5 1 1 1 1
 0.5 1 1 1 1
 0.5 1 1 1 1
 0.5 1 1 1 1
 0.5 1 1 1 1
 0.5 1 1 1 1
 0.5 1 1 1 1
 0.5 1 1 1 1
 0.5 1 1 1 1
 0.5 1 1 1 1
 0.5 1 1 1 1
 0.5 1 1 1 1
 0.5 1 1 1 1
 0.5 1 1 1 1
 0.5 1 1 1 1
 0.5 1 1 1 1
 0.5 1 1 1 1
 0.5 1 1 1 1
 0.5 1 1 1 1
 0.5 1 1 1 1
 0.5 1 1 1 1
Sel_pelaces
 0.5 1 1 1 1
 0.5 1 1 1 1
 0.5 1 1 1 1
 0.5 1 1 1 1
 0.5 1 1 1 1
 0.5 1 1 1 1
 0.5 1 1 1 1
 0.5 1 1 1 1
 0.5 1 1 1 1
 0.5 1 1 1 1
 0.5 1 1 1 1
 0.5 1 1 1 1
 0.5 1 1 1 1
 0.5 1 1 1 1
 0.5 1 1 1 1
 0.5 1 1 1 1
 0.5 1 1 1 1
 0.5 1 1 1 1
 0.5 1 1 1 1
 0.5 1 1 1 1
 0.5 1 1 1 1
 0.5 1 1 1 1
 0.5 1 1 1 1
 0.5 1 1 1 1
 0.5 1 1 1 1
 0.5 1 1 1 1
 0.5 1 1 1 1
 0.5 1 1 1 1
 0.5 1 1 1 1
 0.5 1 1 1 1
 0.5 1 1 1 1
pf_obs 
 0.8446 0.082 0.0669 0.0065 0
 0.8095 0.147 0.0364 0.0071 0
 0.9664 0.0169 0.016 0.0007 0
 0.9276 0.0648 0.0075 0.0001 0
 0.7033 0.2144 0.0806 0.0017 0
 0.9318 0.0425 0.0243 0.0014 0
 0.5671 0.3108 0.0964 0.0239 0.0018
 0.0768 0.2599 0.5324 0.112 0.0189
 0.490249 0.384438 0.106611 0.0170017 0.00170017
 0.7925 0.1577 0.0466 0.003 0.0002
 0.840416 0.127587 0.0312969 0.00059994 9.999e-05
 0.8084 0.0986 0.0794 0.0134 0.0002
 0.7335 0.1905 0.0724 0.0035 0.0001
 0.4001 0.4547 0.1325 0.0127 0
 0.49795 0.308269 0.164784 0.0264974 0.00249975
 0.9179 0.0499 0.0305 0.0017 0
 0.2467 0.6533 0.0926 0.0074 0
 0.9418 0.0223 0.034 0.0019 0
 0.707729 0.231977 0.0356964 0.0245975 0
 0.517169 0.277429 0.184464 0.0207286 0.00020938
 0.811772 0.124168 0.05621 0.00726502 0.000585176
 0.764997 0.148141 0.077277 0.00933861 0.000247198
 0.163321 0.427699 0.378323 0.0303852 0.000271297
 0.753843 0.0900009 0.118128 0.0371064 0.000921714
 0.721811 0.176058 0.0630433 0.0369309 0.00215725
 0.143369 0.312575 0.442814 0.0836902 0.0175525
 0.692698 0.0596174 0.167031 0.0765114 0.00414204
 0.394062 0.376323 0.152708 0.0712218 0.00568511
 0.125707 0.32114 0.495352 0.0537591 0.00404204
 0.23352 0.215282 0.420074 0.123614 0.00750983
 0.796117 0.104755 0.0508955 0.0450114 0.00322123
pf_pred 
 0.425768 0.0516525 0.460755 0.0345848 0.0272396
 0.473564 0.318537 0.0187006 0.166815 0.0223833
 0.497821 0.328446 0.105122 0.0061715 0.0624385
 0.501316 0.335498 0.106731 0.0341603 0.0222953
 0.502779 0.337319 0.107576 0.0342229 0.0181023
 0.491265 0.342158 0.113007 0.0360398 0.0175298
 0.505664 0.330192 0.110397 0.0364619 0.0172843
 0.515633 0.33319 0.100979 0.0337616 0.0164366
 0.487481 0.349513 0.11213 0.0339828 0.0168934
 0.484217 0.340329 0.119651 0.038386 0.0174167
 0.480167 0.341265 0.117825 0.041424 0.0193193
 0.478221 0.339263 0.11982 0.0413689 0.0213273
 0.493359 0.332084 0.113498 0.0400849 0.0209745
 0.501086 0.333793 0.108231 0.0369904 0.0199001
 0.508003 0.334165 0.105595 0.0342388 0.0179973
 0.506058 0.336372 0.107021 0.0338186 0.0167294
 0.518233 0.330735 0.102852 0.0327238 0.015456
 0.51674 0.334501 0.102124 0.0317586 0.0148769
 0.547064 0.316281 0.0945887 0.0288782 0.0131874
 0.596382 0.299423 0.0727587 0.0217596 0.00967693
 0.5972 0.312456 0.0670221 0.0162861 0.00703667
 0.596415 0.311347 0.0715497 0.0153475 0.00534073
 0.613866 0.30322 0.0639639 0.0146993 0.00425024
 0.559311 0.341775 0.0776748 0.0163854 0.00485425
 0.537852 0.337886 0.0963705 0.021902 0.00598896
 0.524585 0.338688 0.0999638 0.0285112 0.00825155
 0.5102 0.34095 0.106041 0.0312981 0.0115102
 0.511588 0.335086 0.106731 0.0331951 0.0134007
 0.511245 0.336272 0.104614 0.0333214 0.0145472
 0.502841 0.340302 0.107921 0.033574 0.0153626
 0.49952 0.338361 0.110969 0.0351919 0.0159578
pobs_RECLAS
 0 0 0 0 0
 0 0 0 0 0
 0 0 0 0 0
 0 0 0 0 0
 0 0 0 0 0
 0 0 0 0 0
 0 0 0 0 0
 0 0 0 0 0
 0 0 0 0 0
 0 0 0 0 0
 0.991045 0.00858322 0.000360255 1.14367e-05 0
 0.934742 0.0480273 0.0164251 0.00080598 0
 0.827803 0.169806 0.00239088 0 0
 0.941827 0.0461693 0.0120037 0 0
 0.791401 0.0380133 0.147996 0.0225897 0
 0.846168 0.0940531 0.0597789 0 0
 0.134021 0.677848 0.182769 0.00536245 0
 0.80878 0.0450904 0.141981 0.00414843 0
 0.846168 0.0940531 0.0597789 0 0
 0.905697 0.0802665 0.012482 0.00150086 5.37128e-05
 0.989698 0.0102097 9.19794e-05 0 0
 0.975433 0.0193895 0.00387452 0.00125025 5.28907e-05
 0.303575 0.632131 0.0575291 0.00676475 0
 0.966965 0.00978017 0.0227588 0.000495775 0
 0.843318 0.132988 0.00938335 0.0141283 0.000182051
 0.564624 0.303363 0.111486 0.0197234 0.00080311
 0.826376 0.0876187 0.0782897 0.00655872 0.00115652
 0.89761 0.0855135 0.0140674 0.00269457 0.000114338
 0.34875 0.467042 0.161289 0.0227151 0.000203297
 0.318654 0.224769 0.449479 0.00709798 0
 0.937255 0.0296025 0.0250945 0.00804832 0
ppred_RECLAS
 0.42697 0.0515443 0.45979 0.0345123 0.0271825
 0.475482 0.317377 0.0186325 0.166207 0.0223017
 0.499196 0.327547 0.104835 0.00615461 0.0622676
 0.503176 0.334247 0.106333 0.0340329 0.0222121
 0.503345 0.336935 0.107454 0.034184 0.0180817
 0.49282 0.341112 0.112662 0.0359297 0.0174762
 0.50868 0.328178 0.109724 0.0362395 0.0171788
 0.515885 0.333017 0.100926 0.033744 0.016428
 0.488195 0.349026 0.111974 0.0339354 0.0168698
 0.484863 0.339903 0.119501 0.038338 0.0173949
 0.480387 0.341121 0.117775 0.0414065 0.0193112
 0.479628 0.338348 0.119497 0.0412573 0.0212698
 0.494772 0.331158 0.113181 0.0399731 0.020916
 0.503139 0.332419 0.107785 0.0368382 0.0198182
 0.509253 0.333317 0.105327 0.0341519 0.0179516
 0.508713 0.334564 0.106446 0.0336368 0.0166395
 0.519929 0.329571 0.10249 0.0326086 0.0154016
 0.519962 0.332271 0.101443 0.0315468 0.0147777
 0.555084 0.310682 0.092914 0.0283669 0.0129539
 0.603285 0.294302 0.0715143 0.0213874 0.00951142
 0.602679 0.308205 0.0661104 0.0160646 0.00694095
 0.606397 0.303646 0.06978 0.0149679 0.00520863
 0.617101 0.30068 0.0634281 0.0145762 0.00421464
 0.562031 0.339665 0.0771953 0.0162843 0.00482428
 0.540307 0.336091 0.0958585 0.0217857 0.00595714
 0.525994 0.337685 0.0996675 0.0284267 0.0082271
 0.512051 0.339662 0.105641 0.0311798 0.0114667
 0.513586 0.333715 0.106294 0.0330592 0.0133458
 0.512622 0.335325 0.104319 0.0332275 0.0145062
 0.504014 0.339499 0.107666 0.0334948 0.0153263
 0.501152 0.337258 0.110607 0.0350772 0.0159057
pobs_PELACES
 0 0 0 0 0
 0 0 0 0 0
 0 0 0 0 0
 0 0 0 0 0
 0 0 0 0 0
 0 0 0 0 0
 0 0 0 0 0
 0 0 0 0 0
 0 0 0 0 0
 0 0 0 0 0
 0 0 0 0 0
 0 0 0 0 0
 0 0 0 0 0
 0 0 0 0 0
 0 0 0 0 0
 0 0 0 0 0
 0.505614 0.472636 0.0217494 0 0
 0 0 0 0 0
 0.443492 0.261883 0.143347 0.151278 0
 0.227955 0.32914 0.350689 0.0885471 0.00366901
 0.970185 0.0296113 0.000203453 0 0
 0.997202 0.00247181 0.000326279 0 0
 0.445219 0.490057 0.0546422 0.010081 0
 0.90214 0.0892962 0.00764917 0.000914606 0
 0 0 0 0 0
 0.581667 0.319106 0.0959925 0.00289975 0.000334073
 0.762889 0.0836404 0.116647 0.0363945 0.000428098
 0.88444 0.0763242 0.0277011 0.0115352 0
 0.521256 0.241999 0.230069 0.00667565 0
 0.616807 0.101726 0.260614 0.0208532 0
 0.833518 0.0704572 0.0857862 0.0102388 0
ppred_PELACES
 0.43146 0.0511405 0.456188 0.0342419 0.0269696
 0.482377 0.313205 0.0183876 0.164022 0.0220086
 0.504276 0.324224 0.103771 0.00609218 0.0616359
 0.509877 0.329738 0.104899 0.0335738 0.0219125
 0.505537 0.335448 0.10698 0.0340331 0.0180019
 0.498513 0.337283 0.111397 0.0355263 0.01728
 0.518966 0.321307 0.107427 0.0354808 0.0168192
 0.516881 0.332331 0.100719 0.0336745 0.0163942
 0.490936 0.347157 0.111374 0.0337537 0.0167795
 0.487354 0.338259 0.118923 0.0381526 0.0173108
 0.481257 0.34055 0.117578 0.0413372 0.0192788
 0.484823 0.33497 0.118304 0.0408455 0.0210575
 0.499987 0.32774 0.112013 0.0395605 0.0207001
 0.510464 0.327519 0.106196 0.0362951 0.019526
 0.513902 0.330159 0.10433 0.0338283 0.0177816
 0.517917 0.328296 0.104452 0.0330066 0.0163278
 0.526088 0.325343 0.101175 0.0321903 0.015204
 0.530846 0.324737 0.0991428 0.0308315 0.0144426
 0.577967 0.294703 0.0881352 0.0269079 0.0122876
 0.623396 0.279383 0.067889 0.0203032 0.00902926
 0.619422 0.295217 0.0633245 0.0153876 0.00664846
 0.633036 0.283095 0.0650572 0.0139549 0.00485611
 0.627878 0.292217 0.0616429 0.014166 0.00409601
 0.571392 0.332405 0.0755453 0.0159362 0.00472116
 0.548879 0.329824 0.094071 0.0213794 0.00584605
 0.531188 0.333984 0.0985754 0.0281152 0.00813695
 0.51872 0.335019 0.104197 0.0307537 0.01131
 0.520733 0.328811 0.104732 0.0325735 0.0131497
 0.517707 0.331827 0.103231 0.0328808 0.0143549
 0.508399 0.336497 0.106714 0.0331987 0.0151908
 0.507098 0.333238 0.109289 0.0346591 0.0157161
pobs_pel_tallas
 0 0 0 0 0 0 0 0 0 0 0 0 0 0 0 0 0 0 0 0 0 0 0 0 0 0
 0 0 0 0 0 0 0 0 0 0 0 0 0 0 0 0 0 0 0 0 0 0 0 0 0 0
 0 0 0 0 0 0 0 0 0 0 0 0 0 0 0 0 0 0 0 0 0 0 0 0 0 0
 0 0 0 0 0 0 0 0 0 0 0 0 0 0 0 0 0 0 0 0 0 0 0 0 0 0
 0 0 0 0 0 0 0 0 0 0 0 0 0 0 0 0 0 0 0 0 0 0 0 0 0 0
 0 0 0 0 0 0 0 0 0 0 0 0 0 0 0 0 0 0 0 0 0 0 0 0 0 0
 0 0 0 0 0 0 0 0 0 0 0 0 0 0 0 0 0 0 0 0 0 0 0 0 0 0
 0 0 0 0 0 0 0 0 0 0 0 0 0 0 0 0 0 0 0 0 0 0 0 0 0 0
 0 0 0 0 0 0 0 0 0 0 0 0 0 0 0 0 0 0 0 0 0 0 0 0 0 0
 0 0 0 0 0 0 0 0 0 0 0 0 0 0 0 0 0 0 0 0 0 0 0 0 0 0
 0 0 0 0 0 0 0 0 0 0 0 0 0 0 0 0 0 0 0 0 0 0 0 0 0 0
 0 0 0 0 0 0 0 0 0 0 0 0 0 0 0 0 0 0 0 0 0 0 0 0 0 0
 0.00862536 0 0 0.000197151 0.00414017 0.0128641 0.00837892 0.0270097 0.101434 0.158115 0.152841 0.127902 0.109271 0.109419 0.0830992 0.0579132 0.0238553 0.00714673 0.00463305 0.00128148 0.00103504 0.000492878 0.000147863 0.000147863 4.92878e-05 0
 0 0 0 0 0 0 0 0 0 0 0 0 0 0 0 0 0 0 0 0 0 0 0 0 0 0
 0 0 0 0 0 0 0 0.0054083 0.00873648 0.0413646 0.0450493 0.0745869 0.0622846 0.0627006 0.0613931 0.0827291 0.12552 0.122667 0.0946155 0.0697135 0.0546179 0.0294188 0.0215738 0.0213955 0.0102223 0.00600262
 0 0 0 0 0.00359764 0.0251062 0.0480494 0.140153 0.205849 0.193036 0.1447 0.116669 0.0760912 0.0342217 0.00950174 0.001854 0.000860785 0 0 0 0.000165536 0 0.000143464 0 0 0
 0 0 0 0 0 0 0 0.000145254 0.000435761 0.0275982 0.070085 0.0708112 0.156366 0.174668 0.174014 0.160142 0.0824315 0.0480064 0.0283245 0.00493863 0.00203355 0 0 0 0 0
 0 0 0 0 0 0 0 0 0 0 0 0 0 0 0 0 0 0 0 0 0 0 0 0 0 0
 0 0 1.00437e-05 0.000401748 0.00122533 0.00171747 0.00176769 0.0269171 0.070346 0.194647 0.189555 0.159765 0.064822 0.0314167 0.0384472 0.0292271 0.0345202 0.0313363 0.0194345 0.0106764 0.0143323 0.0359363 0.0279516 0.0138201 0.00172751 0
 0 0.0021121 0.0136068 0.0755702 0.200478 0.177729 0.0527432 0.0373336 0.0318909 0.0142505 0.0149659 0.0166563 0.0217959 0.0798694 0.0677717 0.0528807 0.04013 0.0224614 0.0357745 0.0225083 0.00881397 0.00855152 0.00135912 0.000746735 0 0
 0 0 0 0 5.4009e-05 0.00500934 0.000945158 0.0243581 0.138947 0.33067 0.221406 0.137944 0.0707744 0.0437923 0.0131692 0.00525238 0.0047753 0.00276346 9.45158e-05 9.00151e-06 2.25038e-05 9.00151e-06 4.50075e-06 0 0 0
 0.000866109 0.00284123 0.00948549 0.0512746 0.133035 0.25785 0.225252 0.132002 0.0553304 0.0519788 0.0540692 0.017754 0.00435017 0.00159236 0.00146478 0.000404838 0.000125132 0.000115318 0.000107957 0.000100596 0 0 0 0 0 0
 0 0 0 0 0.00144013 0.00171154 0.00461396 0.0210425 0.0478622 0.0707936 0.0888783 0.103762 0.0637923 0.0337046 0.0602308 0.124433 0.169614 0.0934646 0.0462172 0.0250306 0.0313229 0.00938855 0.002487 0.000210481 0 0
 0 0.00764035 0.051015 0.0998891 0.058973 0.0496711 0.0374665 0.0718981 0.12319 0.153886 0.159021 0.0857701 0.0377988 0.023471 0.0147837 0.00900784 0.00315554 0.000888139 0.00291439 0.00214683 0.00393193 0.00274676 0.000635225 9.99891e-05 0 0
 0 0 0 0 0 0 0 0 0 0 0 0 0 0 0 0 0 0 0 0 0 0 0 0 0 0
 0 0 0 0 0 0 0 0 0 0 0 0 0 0 0 0 0 0 0 0 0 0 0 0 0 0
 0 0 0 0 0 0 0 0 0 0 0 0 0 0 0 0 0 0 0 0 0 0 0 0 0 0
 0 0 0 0 0 0 0 0 0 0 0 0 0 0 0 0 0 0 0 0 0 0 0 0 0 0
 0 0 0 0 0 0 0 0 0 0 0 0 0 0 0 0 0 0 0 0 0 0 0 0 0 0
 0 0 0 0 0 0 0 0 0 0 0 0 0 0 0 0 0 0 0 0 0 0 0 0 0 0
 0 0 0 0 0 0 0 0 0 0 0 0 0 0 0 0 0 0 0 0 0 0 0 0 0 0
ppred_pel_tallas
 1.21176e-16 3.55388e-05 0.000345449 0.00229563 0.0104356 0.0324691 0.0691791 0.10097 0.100976 0.069207 0.0325648 0.0107211 0.00304635 0.00209747 0.00369457 0.00691665 0.0119758 0.0192631 0.0290681 0.0413338 0.0552881 0.0691564 0.0803323 0.086176 0.085108 0.0773443
 1.20785e-16 3.97328e-05 0.000386217 0.00256655 0.0116672 0.0363011 0.0773444 0.112893 0.112923 0.077492 0.0367968 0.0130994 0.00616349 0.00824548 0.0149901 0.0247926 0.0359142 0.0456684 0.0514394 0.0522528 0.0494728 0.0459268 0.0440947 0.0447238 0.046719 0.0480872
 1.1412e-16 4.15366e-05 0.000403751 0.00268307 0.0121969 0.0379491 0.0808558 0.118018 0.118049 0.081009 0.0384639 0.0136851 0.00642363 0.00858612 0.015631 0.0259074 0.0376315 0.048 0.0541899 0.0549409 0.0512941 0.0458107 0.0409147 0.0376679 0.0356962 0.0339508
 1.10187e-16 4.1998e-05 0.000408235 0.00271287 0.0123323 0.0383706 0.0817538 0.119329 0.119361 0.0819097 0.0388942 0.0138459 0.00651714 0.00872995 0.0158967 0.0263471 0.0382657 0.0487936 0.0550415 0.0556927 0.0517511 0.0457511 0.0400945 0.035839 0.0326632 0.0296577
 1.09633e-16 4.16405e-05 0.00040476 0.00268978 0.0122274 0.038044 0.081058 0.118313 0.118346 0.0812165 0.0385766 0.0137671 0.00655978 0.0088701 0.0161694 0.0267991 0.0389177 0.0496132 0.0559395 0.056547 0.0524455 0.0462043 0.0402651 0.0357166 0.0322596 0.0290083
 1.09789e-16 4.1062e-05 0.000399137 0.00265241 0.0120575 0.0375155 0.0799318 0.11667 0.116702 0.0800913 0.0380511 0.0136061 0.00654502 0.00891492 0.0162679 0.0269711 0.039185 0.0499901 0.0564309 0.0571515 0.0531586 0.0470144 0.0411458 0.0366201 0.0331219 0.029765
 1.09587e-16 4.27466e-05 0.000415513 0.00276123 0.0125522 0.0390546 0.0832111 0.121456 0.121487 0.083363 0.0395649 0.0140276 0.0064701 0.00852979 0.0155059 0.0257058 0.0373553 0.0476753 0.0538555 0.0546089 0.0508945 0.0451479 0.0396678 0.0354534 0.0321861 0.0290087
 1.09143e-16 4.25749e-05 0.000413843 0.00275013 0.0125017 0.0388977 0.0828769 0.120968 0.121 0.0830339 0.0394252 0.0140265 0.00658222 0.00879489 0.0160058 0.0265155 0.0384815 0.0490071 0.0551629 0.0556082 0.0513523 0.0449642 0.0388981 0.0342678 0.0308006 0.0276225
 1.09528e-16 4.04379e-05 0.00039307 0.00261209 0.0118742 0.0369453 0.078717 0.114897 0.11493 0.0788811 0.0374965 0.0134677 0.00661717 0.00915382 0.0167308 0.027733 0.0402718 0.051333 0.0578629 0.0584577 0.0541538 0.0476032 0.0413325 0.0364782 0.032752 0.0292655
 1.10275e-16 4.01428e-05 0.000390202 0.00259303 0.0117876 0.0366757 0.0781426 0.114058 0.114091 0.0783026 0.0372131 0.0133415 0.00649971 0.0089387 0.016335 0.0270991 0.0394059 0.0503449 0.056967 0.0579186 0.054196 0.0483331 0.0427097 0.0383401 0.0348704 0.0314059
 1.10889e-16 3.96405e-05 0.00038532 0.00256059 0.0116401 0.0362168 0.077165 0.112631 0.112664 0.077326 0.0367579 0.0132044 0.00649333 0.00899065 0.0164424 0.0272776 0.0396643 0.0506749 0.0573459 0.0583245 0.0546284 0.0488231 0.0433111 0.0391043 0.035818 0.0325098
 1.1116e-16 3.99343e-05 0.000388175 0.00257956 0.0117263 0.0364852 0.0777367 0.113466 0.113498 0.0778951 0.0370175 0.0132654 0.00644895 0.00885564 0.0161821 0.0268503 0.0390572 0.0499294 0.0565597 0.0576229 0.0541194 0.0485631 0.0432989 0.0392994 0.0361641 0.032951
 1.10787e-16 4.11833e-05 0.000400317 0.00266025 0.0120931 0.0376263 0.0801681 0.117014 0.117046 0.080323 0.038147 0.0135985 0.00644474 0.00868109 0.0158248 0.0262469 0.0381629 0.0487527 0.0551655 0.056104 0.052555 0.0469973 0.0417509 0.0377911 0.0347384 0.0316666
 1.10093e-16 4.20463e-05 0.000408705 0.00271599 0.0123465 0.0384148 0.0818479 0.119466 0.119498 0.0820027 0.0389349 0.0138501 0.00649552 0.00867691 0.0157966 0.0261854 0.0380418 0.0485311 0.054788 0.055506 0.0516767 0.0458038 0.0402518 0.0360504 0.0328674 0.0298011
 1.09497e-16 4.23295e-05 0.000411457 0.00273428 0.0124297 0.0386735 0.0823991 0.120271 0.120302 0.0825551 0.0391977 0.013945 0.00654295 0.00874244 0.0159136 0.0263714 0.0382931 0.0488103 0.0550224 0.0556021 0.0515462 0.0453883 0.0395373 0.0350681 0.0316861 0.0285146
 1.09172e-16 4.26602e-05 0.000414673 0.00275565 0.0125268 0.0389757 0.0830429 0.12121 0.121242 0.0831981 0.0394969 0.0140336 0.00654295 0.00869897 0.0158251 0.0262241 0.0380791 0.0485367 0.0547102 0.0552753 0.0512171 0.0450488 0.0391629 0.0346315 0.0311734 0.0279347
 1.08805e-16 4.33332e-05 0.000421214 0.00279912 0.0127244 0.0395905 0.0843529 0.123122 0.123154 0.0845067 0.040107 0.0142174 0.00655142 0.00862828 0.0156767 0.0259713 0.0376999 0.048028 0.0540885 0.0545658 0.0504382 0.0442063 0.0382578 0.0336748 0.0301947 0.02698
 1.08481e-16 4.37252e-05 0.000425024 0.00282444 0.0128395 0.0399486 0.085116 0.124236 0.124267 0.0852694 0.0404641 0.0143294 0.00656893 0.00861442 0.0156417 0.0259079 0.0375967 0.0478725 0.0538676 0.0542639 0.0500385 0.0436951 0.0376323 0.0329507 0.0294074 0.0261792
 1.07397e-16 4.76064e-05 0.000462751 0.00307515 0.0139792 0.0434946 0.0926709 0.135262 0.13529 0.0928101 0.0439623 0.0153311 0.00647252 0.00789241 0.0141968 0.0234976 0.0340873 0.0433809 0.0487691 0.0490516 0.0451155 0.0392407 0.0336189 0.0292679 0.0259858 0.0230372
 1.05595e-16 5.13484e-05 0.000499124 0.00331686 0.015078 0.0469133 0.0999548 0.145893 0.14592 0.100087 0.0473561 0.0163576 0.00653141 0.00752464 0.0134181 0.022165 0.0320744 0.0406528 0.0453891 0.0451272 0.0407299 0.0344323 0.0284289 0.0238128 0.0204902 0.0177976
 1.04572e-16 5.1021e-05 0.000495943 0.00329571 0.0149819 0.0466143 0.0993177 0.144963 0.144991 0.0994569 0.0470819 0.0163329 0.00668875 0.00790885 0.0141468 0.0233524 0.0337423 0.0426579 0.0474174 0.0467794 0.041658 0.0344516 0.0275503 0.0222007 0.01839 0.0154729
 1.04172e-16 5.21424e-05 0.000506843 0.00336815 0.0153111 0.0476388 0.101501 0.148149 0.148176 0.101634 0.0480873 0.0166071 0.00662325 0.0076193 0.0135793 0.0224171 0.0324055 0.0409975 0.0456237 0.0450886 0.0402537 0.0333942 0.0267754 0.0215768 0.0177905 0.0148245
 1.03968e-16 5.17175e-05 0.000502713 0.0033407 0.0151864 0.0472506 0.100673 0.146942 0.14697 0.100811 0.0477134 0.0165235 0.00669865 0.00783851 0.0139995 0.0231034 0.0333727 0.0421689 0.0468299 0.0461187 0.0409348 0.0336527 0.0266479 0.021174 0.0172451 0.0142504
 1.04663e-16 4.70649e-05 0.000457488 0.00304017 0.0138202 0.0429999 0.091617 0.133724 0.133756 0.0917738 0.0435265 0.0153418 0.00686184 0.00880764 0.0159273 0.0263133 0.0380334 0.0481051 0.0535088 0.0528373 0.0471013 0.0389743 0.0311234 0.0249435 0.0204374 0.0169207
 1.05933e-16 4.52105e-05 0.000439463 0.00292039 0.0132757 0.0413057 0.0880073 0.128456 0.128488 0.0881631 0.0418289 0.0147878 0.00671978 0.00874607 0.0158577 0.0262408 0.0380218 0.0482859 0.0540771 0.0540154 0.0490702 0.0418012 0.0347138 0.0290465 0.0247022 0.0209842
 1.07127e-16 4.37533e-05 0.000425298 0.00282626 0.0128478 0.0399744 0.0851708 0.124316 0.124348 0.0853285 0.0405043 0.0143795 0.00667547 0.00884229 0.0160708 0.0266084 0.0385837 0.0490633 0.055075 0.05524 0.0505485 0.0435801 0.0368337 0.0315011 0.0274124 0.0238005
 1.08091e-16 4.27264e-05 0.000415315 0.00275992 0.0125462 0.0390361 0.0831717 0.121398 0.121431 0.08333 0.0395679 0.0140835 0.00662337 0.00886508 0.0161371 0.0267332 0.038796 0.0494004 0.0555826 0.0559728 0.0515637 0.044922 0.0385125 0.0334762 0.0295889 0.026044
 1.08599e-16 4.28922e-05 0.000416927 0.00277063 0.0125949 0.0391876 0.0834945 0.121869 0.121901 0.0836498 0.0397096 0.014104 0.0065637 0.00871365 0.0158484 0.0262608 0.0381278 0.0485877 0.054743 0.055259 0.0511135 0.0448171 0.0387665 0.0340474 0.0304022 0.0270079
 1.08791e-16 4.26429e-05 0.000414504 0.00275453 0.0125217 0.0389598 0.0830093 0.121161 0.121193 0.0831661 0.0394866 0.0140444 0.00658156 0.00878498 0.0159871 0.0264877 0.0384483 0.0489783 0.0551519 0.0556245 0.0513912 0.0450001 0.038886 0.0341558 0.0305486 0.02722
 1.09066e-16 4.18762e-05 0.000407052 0.00270501 0.0122966 0.0382594 0.0815169 0.118983 0.119016 0.0816759 0.0387936 0.013841 0.00658665 0.00889749 0.0162164 0.0268735 0.0390177 0.0497225 0.056025 0.0565629 0.0523419 0.0459369 0.0398039 0.0350523 0.0314093 0.0280176
 1.09375e-16 4.17691e-05 0.000406011 0.00269808 0.0122651 0.0381615 0.0813083 0.118679 0.118711 0.0814658 0.0386907 0.013795 0.00654362 0.00881851 0.0160709 0.0266402 0.0386983 0.0493565 0.0556901 0.0563558 0.0523455 0.0461925 0.0403005 0.0357353 0.0321994 0.028831
pSPR Fmed_Fpbrs
0.785104   0.285357 0.285357
Fs Fmed_Fpbrs
0.150248   1.005 1.005
SSBpbr Bo_Bmed_Bpbrs
2.50328e+06  1.84017e+06  589163 589163
Ro
320587
SPR SPRFo_SPRFmed_SPRFpbrs
2.28823e+06 1.79649e+06 652961
Fref
1.005
Nvult_r0
 210852 76214.6 24995.4 7926.86 3594.43
CTP_r0
 14178.2 9603.88 3149.69 998.872 452.938
YTP_r0
391081
Np
 320587 71353.9 14776.9 4796.14 1784.76
Nvult_p0
 249233 61745.4 12787 4150.29 1544.42
CTP_p0
 83354 47597.2 15448.6 5066.54 2118.5
 83354 30949.7 6409.45 2080.32 774.136
YTP_p0
 1.94797e+06 1.34484e+06
CBA_c0
1.76703e+06
log_Ro
12.4979
likeval ReclasPelacesDesembMPH_pf_preclas_ppelaces_ptallas_desvR_qrecl_qpela
 125.06 53.3023 10.4102 0.00379538 275.254 157.435 107.919 0 0 0 0 51.2245 0 0 0
q_reclas_q_pelaces
1 1
M
1
N
 320587 19895.6 177474 13321.4 10492.2
 320587 111567 6549.84 58426.5 7839.69
 320587 108466 34715.5 2038.07 20619.6
 320587 110893 35278.1 11291.1 7369.33
 320587 108734 34677 11031.7 5835.24
 320587 114844 37930.7 12096.7 5883.84
 320587 110072 36801.9 12154.9 5761.86
 320587 104101 31549.6 10548.4 5135.4
 320587 116519 37381.4 11329.1 5631.85
 320587 114081 40107.9 12867.3 5838.23
 320587 114426 39506.6 13889.5 6477.78
 320587 116698 41215.3 14229.9 7336.09
 320587 110731 37845.1 13366.1 6993.83
 320587 110713 35898.1 12269 6600.5
 320587 107915 34100.9 11057.1 5812.04
 320587 111472 35466.3 11207.3 5544.03
 320587 105479 32801.8 10436.3 4929.25
 320587 109436 33411.2 10390.2 4867.18
 320587 103324 30900.5 9433.99 4308.09
 320587 88919.3 21607.1 6461.92 2873.75
 320587 91207.3 19564.1 4754 2054.04
 320587 95264.1 21892.3 4695.94 1634.12
 320587 83722.8 17661.2 4058.67 1173.54
 320587 102634 23325.6 4920.51 1457.72
 320587 105069 29967.4 6810.67 1862.33
 320587 106209 31347.6 8940.82 2587.6
 320587 110718 34435.2 10163.5 3737.75
 320587 108770 34645.3 10775.3 4349.92
 320587 108139 33641.9 10715.5 4678.12
 320587 110880 35163.8 10939.4 5005.59
 320587 111831 36676.2 11631.2 5274.17
pred_Ctot
 10995.8 1333.97 11899.4 893.184 703.488
 16386.8 11022.4 647.098 5772.3 774.53
 12164.8 8025.97 2568.79 150.808 1525.76
 15918.5 10653.2 3389.08 1084.71 707.954
 5325.78 3573.11 1139.52 362.512 191.752
 13590.6 9465.6 3126.29 997.021 484.952
 24017.8 15683.3 5243.61 1731.85 820.96
 2438.63 1575.79 477.568 159.671 77.7349
 6643.81 4763.46 1528.2 463.146 230.237
 6047.53 4250.48 1494.35 479.415 217.523
 2130.88 1514.46 522.881 183.831 85.7351
 12445.6 8829.24 3118.3 1076.62 555.04
 12477.6 8398.81 2870.49 1013.8 530.471
 17346.5 11555.2 3746.71 1280.53 688.899
 11160.8 7341.6 2319.93 752.226 395.401
 21603.6 14359.7 4568.74 1443.71 714.178
 14696.4 9379.23 2916.76 928.006 438.312
 25383 16431.2 5016.47 1560.03 730.774
 51019.1 29496.3 8821.33 2693.17 1229.85
 46900.2 23547 5721.84 1711.2 761.006
 39642.5 20741 4448.97 1081.08 467.099
 60447.5 31555.5 7251.67 1555.49 541.291
 26594.7 13136.5 2771.13 636.824 184.134
 22320.2 13639.1 3099.74 653.886 193.717
 20325.4 12768.7 3641.83 827.675 226.322
 12468.8 8050.26 2376.03 677.681 196.131
 15855.7 10595.8 3295.48 972.66 357.706
 16955.6 11105.8 3537.38 1100.19 444.139
 12187 8016.05 2493.78 794.313 346.775
 10537.7 7131.46 2261.62 703.587 321.943
 14178.2 9603.88 3149.69 998.872 452.938
F
 0.0555279 0.111056 0.111056 0.111056 0.111056
 0.0837195 0.167439 0.167439 0.167439 0.167439
 0.0615852 0.12317 0.12317 0.12317 0.12317
 0.0812445 0.162489 0.162489 0.162489 0.162489
 0.0265736 0.0531471 0.0531471 0.0531471 0.0531471
 0.0690145 0.138029 0.138029 0.138029 0.138029
 0.124789 0.249578 0.249578 0.249578 0.249578
 0.0120946 0.0241893 0.0241893 0.0241893 0.0241893
 0.0332421 0.0664841 0.0664841 0.0664841 0.0664841
 0.0302206 0.0604413 0.0604413 0.0604413 0.0604413
 0.0105616 0.0211232 0.0211232 0.0211232 0.0211232
 0.0630446 0.126089 0.126089 0.126089 0.126089
 0.0632112 0.126422 0.126422 0.126422 0.126422
 0.0888084 0.177617 0.177617 0.177617 0.177617
 0.0563809 0.112762 0.112762 0.112762 0.112762
 0.111644 0.223288 0.223288 0.223288 0.223288
 0.0748085 0.149617 0.149617 0.149617 0.149617
 0.132286 0.264572 0.264572 0.264572 0.264572
 0.282423 0.564845 0.564845 0.564845 0.564845
 0.257017 0.514034 0.514034 0.514034 0.514034
 0.213499 0.426998 0.426998 0.426998 0.426998
 0.342641 0.685283 0.685283 0.685283 0.685283
 0.138979 0.277959 0.277959 0.277959 0.277959
 0.115531 0.231062 0.231062 0.231062 0.231062
 0.104742 0.209484 0.209484 0.209484 0.209484
 0.0631653 0.126331 0.126331 0.126331 0.126331
 0.0809126 0.161825 0.161825 0.161825 0.161825
 0.086733 0.173466 0.173466 0.173466 0.173466
 0.0617005 0.123401 0.123401 0.123401 0.123401
 0.0531621 0.106324 0.106324 0.106324 0.106324
 0.0720896 0.144179 0.144179 0.144179 0.144179
YTP_r0W_actual
 117679 135415 86931.5 34161.4 16894.6
YTP_p0W_proyectada
 624322 745847 357327 148804 71668.9
 624322 484982 148251 61099 26189
CTP_r0_actual
 14178.2 9603.88 3149.69 998.872 452.938
CTP_p0_proyectada
 83354 47597.2 15448.6 5066.54 2118.5
 83354 30949.7 6409.45 2080.32 774.136
Wmedp
 7.49 15.67 23.13 29.37 33.83
Frms_r0
 0.0720896 0.144179 0.144179 0.144179 0.144179
Zrms_r0
 1.07209 1.14418 1.14418 1.14418 1.14418
nmprior
 8.19 8.8 8.5 0
nm_flota  nm_reclas  nm_pelaces    nm_pelaL
inf 3.77777 7.20547 13.0305
cv_recla  cv_pelaces  cv_mph
1.01154 0.827838 1.90122
 ------------------------------------------------
Talla a la edad & desviaci?n 
 8 13.2811 15.8009 17.003 17.5766
 0.8 1.32811 1.58009 1.7003 1.75766
