    unsorted:	 2.383027653e-06 5.730335700e-05 9.943464039e-05 0.001099952483 4.721959431 7.665323222 2.294469610 13.74831117 11.58091476 62.67922830 167.8981744 139.2768995 227.7541190 256.1091665 465.3668135 509.5670068 641.8518313 793.0973450 810.7029890 855.8699876 912.9248250 942.0701080 1043.818466 1140.330354 1217.416991 1321.216217 1436.529156 1520.625522 1642.331404 1822.040287 1882.102773 2122.757164 2306.767120 2477.480082 2441.414628 2550.158139 2641.062538 2840.315564 2948.289233 3196.914154 3262.939210 3846.082822 3966.697773 4347.875742 10182.85466 41498.62049 158295.1823 380923.2131 387825.6605 375401.6791 395617.0611 358112.4464 354146.5337 419271.4433 451717.6915 443342.3608 460804.8244 314362.1080 604760.5451 616044.4093 651218.3306 692284.7876 703857.2091 969753.9697 1040511.998 1125153.677 1186152.673 1349875.898 1508468.118 1654483.706 1827152.482 2298988.563 2438456.813 2475107.908 2743383.206 2953633.250 3300667.533 43249265.30
      sorted:	 2.383027653e-06 5.730335700e-05 9.943464039e-05 0.001099952483 2.294469610 4.721959431 7.665323222 11.58091476 13.74831117 62.67922830 139.2768995 167.8981744 227.7541190 256.1091665 465.3668135 509.5670068 641.8518313 793.0973450 810.7029890 855.8699876 912.9248250 942.0701080 1043.818466 1140.330354 1217.416991 1321.216217 1436.529156 1520.625522 1642.331404 1822.040287 1882.102773 2122.757164 2306.767120 2441.414628 2477.480082 2550.158139 2641.062538 2840.315564 2948.289233 3196.914154 3262.939210 3846.082822 3966.697773 4347.875742 10182.85466 41498.62049 158295.1823 314362.1080 354146.5337 358112.4464 375401.6791 380923.2131 387825.6605 395617.0611 419271.4433 443342.3608 451717.6915 460804.8244 604760.5451 616044.4093 651218.3306 692284.7876 703857.2091 969753.9697 1040511.998 1125153.677 1186152.673 1349875.898 1508468.118 1654483.706 1827152.482 2298988.563 2438456.813 2475107.908 2743383.206 2953633.250 3300667.533 43249265.30
