years
 1991 1992 1993 1994 1995 1996 1997 1998 1999 2000 2001 2002 2003 2004 2005 2006 2007 2008 2009 2010 2011 2012 2013 2014 2015 2016 2017 2018 2019 2020 2021
reclasobs
 0 0 0 0 0 0 0 0 0 252601 567819 844713 477998 351125 339783 2.1784e+06 2.13404e+06 4.81314e+06 1.55562e+06 2.62356e+06 3.21686e+06 3.843e+06 1.13348e+06 3.07943e+06 1.97215e+06 2.03268e+06 2.025e+06 2.42433e+06 2.27542e+06 1.05018e+06 2.36338e+06
reclaspred
 3.45832e+06 1.93031e+06 975172 952158 933628 1.48397e+06 899982 786064 568632 406082 495538 650728 639018 492030 500198 1.4082e+06 1.34165e+06 3.03056e+06 2.5153e+06 1.91999e+06 3.3913e+06 2.73087e+06 2.14034e+06 3.27888e+06 2.44727e+06 2.16617e+06 2.60505e+06 2.79595e+06 2.26732e+06 1.39718e+06 2.0002e+06
pelacesobs
 0 0 0 0 0 0 0 0 0 0 0 0 0 0 0 552880 188675 0 991730 2.46772e+06 1.41603e+06 1.21717e+06 2.29649e+06 1.80582e+06 0 1.4828e+06 1.56532e+06 1.57751e+06 1.42118e+06 867257 0
pelacespred
 1.58172e+06 979732 493668 393628 405273 663453 365785 404178 277484 186236 238153 259962 281320 226106 237707 561843 537487 1.40249e+06 1.19759e+06 843863 1.45729e+06 1.27e+06 995155 1.6701e+06 1.19956e+06 1.05972e+06 1.45378e+06 1.54013e+06 1.02746e+06 719266 965602
mphobs
 0 0 0 0 0 0 0 0 0 0 0 498337 0 5186 125008 0 168611 109162 213762 579715 649985 157893 87575 83554 0 0 0 0 0 0 0
mphpred
 3.00119e+06 2.00503e+06 993491 541375 572907 643497 841212 498326 443151 297281 192695 335467 360981 301919 199433 258222 928823 866728 1.7171e+06 1.30552e+06 1.4396e+06 1.77256e+06 1.66578e+06 1.35676e+06 1.87963e+06 1.54172e+06 1.27132e+06 1.37856e+06 1.94508e+06 1.29826e+06 697054
desembarqueobs
 494567 514787 250237 358949 120608 361735 552515 73892 212993 205616 52469 317467 293654 387597 252695 516296 358380 742168 942051 627588 828172 859565 418607 520667 417249 300574 407403 355545 319650 289779 219260
desembarquepred
 494573 513611 250799 358980 120613 361747 552557 73896.6 213046 205664 52471.7 317533 293702 387619 252684 516244 358402 742063 941824 627443 828229 859561 418611 520688 417245 300571 407398 355527 319639 289785 219263
Reclutas
 193178 108693 108284 171946 137309 239032 97682.7 43394.3 41540.1 55431.3 104045 141457 117592 82927 81536.6 463042 93111.6 689891 412157 329157 463692 615998 126158 375032 315661 143331 324067 363540 100174 75043.5 322976
log_desv_Rt
 0.137413 -0.43767 -0.441442 0.0209852 -0.203966 0.350398 -0.544473 -1.35587 -1.39954 -1.11105 -0.481371 -0.174205 -0.358979 -0.708236 -0.725145 1.01162 -0.592398 1.41034 0.895206 0.670337 1.01302 1.29705 -0.288662 0.800813 0.62847 -0.161042 0.654752 0.769692 -0.519291 -0.808129 0.651382
SSB
 3.00119e+06 2.00503e+06 993491 541375 572907 643497 841212 498326 443151 297281 192695 335467 360981 301919 199433 258222 928823 866728 1.7171e+06 1.30552e+06 1.4396e+06 1.77256e+06 1.66578e+06 1.35676e+06 1.87963e+06 1.54172e+06 1.27132e+06 1.37856e+06 1.94508e+06 1.29826e+06 697054
BT
 4.06585e+06 2.76695e+06 1.38695e+06 1.20909e+06 1.03007e+06 1.83892e+06 1.33838e+06 997466 851699 627807 594577 865192 915457 924706 801576 1.71289e+06 1.51914e+06 3.8907e+06 3.66708e+06 2.50554e+06 4.03232e+06 3.732e+06 2.66002e+06 4.3369e+06 3.152e+06 2.71046e+06 3.76881e+06 3.908e+06 2.63386e+06 1.94201e+06 2.41672e+06
Ftot
 0.140878 0.257114 0.251269 0.388563 0.133235 0.259625 0.587127 0.0966008 0.379641 0.507389 0.117427 0.503156 0.472052 0.793462 0.543027 0.413626 0.266018 0.270733 0.38217 0.336602 0.256763 0.327431 0.194529 0.172281 0.174285 0.140882 0.168756 0.138686 0.137485 0.204913 0.122096
BD_Bspro_t
 0.977712 0.839018 0.673894 0.581797 0.566066 0.64091 0.629036 0.45367 0.510554 0.461109 0.424137 0.646608 0.528428 0.436411 0.327261 0.388555 0.585404 0.55526 0.653516 0.558877 0.536591 0.584603 0.598183 0.588439 0.692761 0.70033 0.708251 0.748393 0.795541 0.725124 0.665798
BD_Bspro
 2.50319 1.67233 0.828637 0.451542 0.477842 0.536719 0.701627 0.415637 0.369618 0.247952 0.16072 0.279801 0.301082 0.25182 0.16634 0.215375 0.7747 0.722909 1.43218 1.08889 1.20072 1.47844 1.38937 1.13163 1.56774 1.2859 1.06037 1.14981 1.62233 1.08283 0.581389
BD_Bo
 1.65024 1.10249 0.546282 0.297681 0.315019 0.353834 0.46255 0.27401 0.243672 0.163463 0.105955 0.18446 0.198489 0.166014 0.109661 0.141987 0.510724 0.47658 0.944168 0.717856 0.791579 0.974664 0.915949 0.746031 1.03354 0.847734 0.699052 0.758017 1.06952 0.713862 0.383283
BD_Brms
 10.0966 6.74533 3.34231 1.8213 1.92738 2.16485 2.83001 1.67647 1.49085 1.00012 0.648264 1.12858 1.21441 1.01572 0.670934 0.868713 3.12475 2.91585 5.77668 4.39204 4.8431 5.96327 5.60403 4.56443 6.32348 5.18668 4.277 4.63776 6.54365 4.36761 2.34503
Sel_flota
 0.790934 1 1 1 1
 0.790934 1 1 1 1
 0.790934 1 1 1 1
 0.790934 1 1 1 1
 0.790934 1 1 1 1
 0.790934 1 1 1 1
 0.790934 1 1 1 1
 0.790934 1 1 1 1
 0.790934 1 1 1 1
 0.790934 1 1 1 1
 0.790934 1 1 1 1
 0.790934 1 1 1 1
 0.790934 1 1 1 1
 0.790934 1 1 1 1
 0.790934 1 1 1 1
 0.790934 1 1 1 1
 0.790934 1 1 1 1
 0.790934 1 1 1 1
 0.790934 1 1 1 1
 0.790934 1 1 1 1
 0.790934 1 1 1 1
 0.790934 1 1 1 1
 0.790934 1 1 1 1
 0.790934 1 1 1 1
 0.790934 1 1 1 1
 0.790934 1 1 1 1
 0.790934 1 1 1 1
 0.790934 1 1 1 1
 0.790934 1 1 1 1
 0.790934 1 1 1 1
 0.790934 1 1 1 1
Sel_reclas
 1 1 1 1 1
 1 1 1 1 1
 1 1 1 1 1
 1 1 1 1 1
 1 1 1 1 1
 1 1 1 1 1
 1 1 1 1 1
 1 1 1 1 1
 1 1 1 1 1
 1 1 1 1 1
 1 1 1 1 1
 1 1 1 1 1
 1 1 1 1 1
 1 1 1 1 1
 1 1 1 1 1
 1 1 1 1 1
 1 1 1 1 1
 1 1 1 1 1
 1 1 1 1 1
 1 1 1 1 1
 1 1 1 1 1
 1 1 1 1 1
 1 1 1 1 1
 1 1 1 1 1
 1 1 1 1 1
 1 1 1 1 1
 1 1 1 1 1
 1 1 1 1 1
 1 1 1 1 1
 1 1 1 1 1
 1 1 1 1 1
Sel_pelaces
 1 1 1 1 1
 1 1 1 1 1
 1 1 1 1 1
 1 1 1 1 1
 1 1 1 1 1
 1 1 1 1 1
 1 1 1 1 1
 1 1 1 1 1
 1 1 1 1 1
 1 1 1 1 1
 1 1 1 1 1
 1 1 1 1 1
 1 1 1 1 1
 1 1 1 1 1
 1 1 1 1 1
 1 1 1 1 1
 1 1 1 1 1
 1 1 1 1 1
 1 1 1 1 1
 1 1 1 1 1
 1 1 1 1 1
 1 1 1 1 1
 1 1 1 1 1
 1 1 1 1 1
 1 1 1 1 1
 1 1 1 1 1
 1 1 1 1 1
 1 1 1 1 1
 1 1 1 1 1
 1 1 1 1 1
 1 1 1 1 1
pf_obs 
 0.8446 0.082 0.0669 0.0065 0
 0.8095 0.147 0.0364 0.0071 0
 0.9664 0.0169 0.016 0.0007 0
 0.9276 0.0648 0.0075 0.0001 0
 0.7033 0.2144 0.0806 0.0017 0
 0.9318 0.0425 0.0243 0.0014 0
 0.5671 0.3108 0.0964 0.0239 0.0018
 0.0768 0.2599 0.5324 0.112 0.0189
 0.490249 0.384438 0.106611 0.0170017 0.00170017
 0.7925 0.1577 0.0466 0.003 0.0002
 0.840416 0.127587 0.0312969 0.00059994 9.999e-05
 0.8084 0.0986 0.0794 0.0134 0.0002
 0.7335 0.1905 0.0724 0.0035 0.0001
 0.4001 0.4547 0.1325 0.0127 0
 0.49795 0.308269 0.164784 0.0264974 0.00249975
 0.9179 0.0499 0.0305 0.0017 0
 0.2467 0.6533 0.0926 0.0074 0
 0.9418 0.0223 0.034 0.0019 0
 0.707729 0.231977 0.0356964 0.0245975 0
 0.517169 0.277429 0.184464 0.0207286 0.00020938
 0.811772 0.124168 0.05621 0.00726502 0.000585176
 0.764997 0.148141 0.077277 0.00933861 0.000247198
 0.163321 0.427699 0.378323 0.0303852 0.000271297
 0.753843 0.0900009 0.118128 0.0371064 0.000921714
 0.721811 0.176058 0.0630433 0.0369309 0.00215725
 0.143369 0.312575 0.442814 0.0836902 0.0175525
 0.692698 0.0596174 0.167031 0.0765114 0.00414204
 0.394062 0.376323 0.152708 0.0712218 0.00568511
 0.125707 0.32114 0.495352 0.0537591 0.00404204
 0.23352 0.215282 0.420074 0.123614 0.00750983
 0 0 0 0 0
pf_pred 
 0.450306 0.126505 0.398662 0.0245262 7.78964e-07
 0.414858 0.300255 0.0655629 0.206613 0.0127115
 0.563069 0.210045 0.116423 0.0254217 0.0850418
 0.72942 0.169672 0.048509 0.0268873 0.0255111
 0.648615 0.274684 0.0480971 0.0137509 0.0148534
 0.74936 0.176322 0.0580952 0.0101725 0.00604975
 0.473598 0.419088 0.0754944 0.0248741 0.00694571
 0.457841 0.298801 0.193747 0.0349015 0.0147105
 0.543409 0.237125 0.120954 0.0784286 0.0200829
 0.711826 0.176444 0.0580262 0.0295983 0.0241064
 0.824077 0.135335 0.0248515 0.00817279 0.00756413
 0.741134 0.221932 0.0284125 0.00521738 0.00330385
 0.687064 0.248578 0.0551757 0.00706377 0.0021185
 0.635987 0.271846 0.0732119 0.0162505 0.00270439
 0.74604 0.180451 0.0548974 0.0147846 0.0038278
 0.93943 0.0484189 0.00863389 0.00262664 0.000890535
 0.369017 0.601869 0.0232732 0.00414999 0.00169057
 0.897044 0.0446084 0.0556552 0.00215208 0.00054008
 0.601478 0.366376 0.0139283 0.0173775 0.000840585
 0.614367 0.25723 0.118045 0.00448766 0.00586981
 0.73237 0.181352 0.0575506 0.0264106 0.0023173
 0.737469 0.205123 0.0389008 0.0123449 0.00616226
 0.313467 0.540516 0.114087 0.0216362 0.0102935
 0.737609 0.0975145 0.129809 0.0273989 0.00766815
 0.622671 0.295851 0.0302804 0.0403086 0.0108891
 0.435662 0.384158 0.141273 0.0144594 0.0244477
 0.733109 0.132991 0.0911489 0.0335198 0.00923146
 0.6851 0.245637 0.0345135 0.0236547 0.0110947
 0.330121 0.493516 0.137572 0.0193297 0.0194618
 0.414761 0.227022 0.263907 0.0735663 0.0207437
 0.840419 0.0764324 0.0322547 0.0374951 0.0133993
pobs_RECLAS
 0 0 0 0 0
 0 0 0 0 0
 0 0 0 0 0
 0 0 0 0 0
 0 0 0 0 0
 0 0 0 0 0
 0 0 0 0 0
 0 0 0 0 0
 0 0 0 0 0
 0 0 0 0 0
 0.991045 0.00858322 0.000360255 1.14367e-05 0
 0.934742 0.0480273 0.0164251 0.00080598 0
 0.827803 0.169806 0.00239088 0 0
 0.941827 0.0461693 0.0120037 0 0
 0.791401 0.0380133 0.147996 0.0225897 0
 0.846168 0.0940531 0.0597789 0 0
 0.134021 0.677848 0.182769 0.00536245 0
 0.80878 0.0450904 0.141981 0.00414843 0
 0.846168 0.0940531 0.0597789 0 0
 0.905697 0.0802665 0.012482 0.00150086 5.37128e-05
 0.989698 0.0102097 9.19794e-05 0 0
 0.975433 0.0193895 0.00387452 0.00125025 5.28907e-05
 0.303575 0.632131 0.0575291 0.00676475 0
 0.966965 0.00978017 0.0227588 0.000495775 0
 0.843318 0.132988 0.00938335 0.0141283 0.000182051
 0.564624 0.303363 0.111486 0.0197234 0.00080311
 0.826376 0.0876187 0.0782897 0.00655872 0.00115652
 0.89761 0.0855135 0.0140674 0.00269457 0.000114338
 0.34875 0.467042 0.161289 0.0227151 0.000203297
 0.318654 0.224769 0.449479 0.00709798 0
 0.937255 0.0296025 0.0250945 0.00804832 0
ppred_RECLAS
 0.509453 0.112893 0.355767 0.0218872 6.95148e-07
 0.474023 0.269896 0.0589336 0.185722 0.0114262
 0.620907 0.182241 0.101011 0.0220565 0.0737845
 0.774707 0.141274 0.04039 0.0223872 0.0212413
 0.700576 0.234065 0.0409847 0.0117174 0.0126569
 0.791696 0.146539 0.0482822 0.0084542 0.00502787
 0.535904 0.369484 0.0665586 0.0219299 0.00612359
 0.516817 0.266297 0.172671 0.0311048 0.0131103
 0.602818 0.206272 0.105216 0.0682239 0.0174698
 0.759736 0.147109 0.0483791 0.0246775 0.0200986
 0.855817 0.110918 0.0203678 0.00669825 0.00619941
 0.785616 0.183797 0.0235302 0.00432084 0.00273613
 0.73736 0.208626 0.0463076 0.00592846 0.00177801
 0.693194 0.229124 0.0617061 0.0136966 0.00227937
 0.79013 0.149122 0.0453666 0.0122178 0.00316325
 0.951919 0.0384354 0.00685365 0.00208505 0.000706914
 0.426462 0.547074 0.0211543 0.00377217 0.00153666
 0.917212 0.03587 0.0447528 0.00173051 0.000434282
 0.658102 0.314319 0.0119493 0.0149084 0.00072115
 0.669887 0.220197 0.10105 0.00384157 0.00502474
 0.776709 0.151307 0.0480161 0.0220351 0.00193339
 0.781525 0.170701 0.0323727 0.0102732 0.00512815
 0.366903 0.498446 0.105207 0.0199521 0.00949228
 0.781001 0.0813884 0.108342 0.0228679 0.00640005
 0.67675 0.253449 0.0259406 0.0345316 0.00932847
 0.494616 0.344027 0.126515 0.0129489 0.0218938
 0.777006 0.111117 0.0761569 0.0280066 0.00771309
 0.733902 0.207569 0.0291648 0.0199888 0.00937528
 0.384507 0.453448 0.126403 0.0177604 0.0178817
 0.473612 0.204193 0.237368 0.0661685 0.0186577
 0.869688 0.0624139 0.0263388 0.0306181 0.0109417
pobs_PELACES
 0 0 0 0 0
 0 0 0 0 0
 0 0 0 0 0
 0 0 0 0 0
 0 0 0 0 0
 0 0 0 0 0
 0 0 0 0 0
 0 0 0 0 0
 0 0 0 0 0
 0 0 0 0 0
 0 0 0 0 0
 0 0 0 0 0
 0 0 0 0 0
 0 0 0 0 0
 0 0 0 0 0
 0 0 0 0 0
 0.505614 0.472636 0.0217494 0 0
 0 0 0 0 0
 0.443492 0.261883 0.143347 0.151278 0
 0.227955 0.32914 0.350689 0.0885471 0.00366901
 0.970185 0.0296113 0.000203453 0 0
 0.997202 0.00247181 0.000326279 0 0
 0.445219 0.490057 0.0546422 0.010081 0
 0.90214 0.0892962 0.00764917 0.000914606 0
 0 0 0 0 0
 0.581667 0.319106 0.0959925 0.00289975 0.000334073
 0.762889 0.0836404 0.116647 0.0363945 0.000428098
 0.88444 0.0763242 0.0277011 0.0115352 0
 0.521256 0.241999 0.230069 0.00667565 0
 0.616807 0.101726 0.260614 0.0208532 0
 0 0 0 0 0
ppred_PELACES
 0.511881 0.112334 0.354005 0.0217789 6.91707e-07
 0.478447 0.267626 0.0584379 0.184159 0.0113301
 0.624979 0.180283 0.0999263 0.0218196 0.072992
 0.779352 0.138362 0.0395574 0.0219256 0.0208034
 0.702501 0.23256 0.0407213 0.0116421 0.0125756
 0.794635 0.144472 0.0476011 0.00833493 0.00495694
 0.545963 0.361476 0.0651161 0.0214546 0.00599087
 0.518482 0.265379 0.172076 0.0309977 0.0130651
 0.609072 0.203024 0.10356 0.0671496 0.0171947
 0.766067 0.143232 0.0471042 0.0240272 0.019569
 0.856814 0.110151 0.0202269 0.00665195 0.00615655
 0.791405 0.178834 0.0228949 0.00420418 0.00266225
 0.743618 0.203655 0.0452042 0.00578719 0.00173564
 0.704712 0.220522 0.0593896 0.0131824 0.0021938
 0.796275 0.144756 0.0440382 0.0118601 0.00307063
 0.953208 0.0374046 0.00666986 0.00202913 0.000687957
 0.430957 0.542787 0.0209886 0.0037426 0.00152462
 0.91862 0.0352602 0.043992 0.00170109 0.0004269
 0.66401 0.308888 0.0117428 0.0146508 0.00070869
 0.675002 0.216785 0.0994847 0.00378205 0.00494688
 0.779766 0.149235 0.0473587 0.0217334 0.00190692
 0.785358 0.167706 0.0318048 0.010093 0.00503819
 0.370026 0.495987 0.104688 0.0198537 0.00944545
 0.783027 0.0806354 0.10734 0.0226563 0.00634084
 0.679375 0.251391 0.02573 0.0342512 0.00925272
 0.497046 0.342373 0.125907 0.0128866 0.0217885
 0.779017 0.110115 0.0754702 0.027754 0.00764354
 0.735767 0.206115 0.0289604 0.0198487 0.00930959
 0.386754 0.451793 0.125941 0.0176955 0.0178165
 0.477138 0.202825 0.235779 0.0657253 0.0185327
 0.870639 0.061958 0.0261464 0.0303945 0.0108618
pobs_pel_tallas
 0 0 0 0 0 0 0 0 0 0 0 0 0 0 0 0 0 0 0 0 0 0 0 0 0 0
 0 0 0 0 0 0 0 0 0 0 0 0 0 0 0 0 0 0 0 0 0 0 0 0 0 0
 0 0 0 0 0 0 0 0 0 0 0 0 0 0 0 0 0 0 0 0 0 0 0 0 0 0
 0 0 0 0 0 0 0 0 0 0 0 0 0 0 0 0 0 0 0 0 0 0 0 0 0 0
 0 0 0 0 0 0 0 0 0 0 0 0 0 0 0 0 0 0 0 0 0 0 0 0 0 0
 0 0 0 0 0 0 0 0 0 0 0 0 0 0 0 0 0 0 0 0 0 0 0 0 0 0
 0 0 0 0 0 0 0 0 0 0 0 0 0 0 0 0 0 0 0 0 0 0 0 0 0 0
 0 0 0 0 0 0 0 0 0 0 0 0 0 0 0 0 0 0 0 0 0 0 0 0 0 0
 0 0 0 0 0 0 0 0 0 0 0 0 0 0 0 0 0 0 0 0 0 0 0 0 0 0
 0 0 0 0 0 0 0 0 0 0 0 0 0 0 0 0 0 0 0 0 0 0 0 0 0 0
 0 0 0 0 0 0 0 0 0 0 0 0 0 0 0 0 0 0 0 0 0 0 0 0 0 0
 0 0 0 0 0 0 0 0 0 0 0 0 0 0 0 0 0 0 0 0 0 0 0 0 0 0
 0.00862536 0 0 0.000197151 0.00414017 0.0128641 0.00837892 0.0270097 0.101434 0.158115 0.152841 0.127902 0.109271 0.109419 0.0830992 0.0579132 0.0238553 0.00714673 0.00463305 0.00128148 0.00103504 0.000492878 0.000147863 0.000147863 4.92878e-05 0
 0 0 0 0 0 0 0 0 0 0 0 0 0 0 0 0 0 0 0 0 0 0 0 0 0 0
 0 0 0 0 0 0 0 0.0054083 0.00873648 0.0413646 0.0450493 0.0745869 0.0622846 0.0627006 0.0613931 0.0827291 0.12552 0.122667 0.0946155 0.0697135 0.0546179 0.0294188 0.0215738 0.0213955 0.0102223 0.00600262
 0 0 0 0 0.00359764 0.0251062 0.0480494 0.140153 0.205849 0.193036 0.1447 0.116669 0.0760912 0.0342217 0.00950174 0.001854 0.000860785 0 0 0 0.000165536 0 0.000143464 0 0 0
 0 0 0 0 0 0 0 0.000145254 0.000435761 0.0275982 0.070085 0.0708112 0.156366 0.174668 0.174014 0.160142 0.0824315 0.0480064 0.0283245 0.00493863 0.00203355 0 0 0 0 0
 0 0 0 0 0 0 0 0 0 0 0 0 0 0 0 0 0 0 0 0 0 0 0 0 0 0
 0 0 1.00437e-05 0.000401748 0.00122533 0.00171747 0.00176769 0.0269171 0.070346 0.194647 0.189555 0.159765 0.064822 0.0314167 0.0384472 0.0292271 0.0345202 0.0313363 0.0194345 0.0106764 0.0143323 0.0359363 0.0279516 0.0138201 0.00172751 0
 0 0.0021121 0.0136068 0.0755702 0.200478 0.177729 0.0527432 0.0373336 0.0318909 0.0142505 0.0149659 0.0166563 0.0217959 0.0798694 0.0677717 0.0528807 0.04013 0.0224614 0.0357745 0.0225083 0.00881397 0.00855152 0.00135912 0.000746735 0 0
 0 0 0 0 5.4009e-05 0.00500934 0.000945158 0.0243581 0.138947 0.33067 0.221406 0.137944 0.0707744 0.0437923 0.0131692 0.00525238 0.0047753 0.00276346 9.45158e-05 9.00151e-06 2.25038e-05 9.00151e-06 4.50075e-06 0 0 0
 0.000866109 0.00284123 0.00948549 0.0512746 0.133035 0.25785 0.225252 0.132002 0.0553304 0.0519788 0.0540692 0.017754 0.00435017 0.00159236 0.00146478 0.000404838 0.000125132 0.000115318 0.000107957 0.000100596 0 0 0 0 0 0
 0 0 0 0 0.00144013 0.00171154 0.00461396 0.0210425 0.0478622 0.0707936 0.0888783 0.103762 0.0637923 0.0337046 0.0602308 0.124433 0.169614 0.0934646 0.0462172 0.0250306 0.0313229 0.00938855 0.002487 0.000210481 0 0
 0 0.00764035 0.051015 0.0998891 0.058973 0.0496711 0.0374665 0.0718981 0.12319 0.153886 0.159021 0.0857701 0.0377988 0.023471 0.0147837 0.00900784 0.00315554 0.000888139 0.00291439 0.00214683 0.00393193 0.00274676 0.000635225 9.99891e-05 0 0
 0 0 0 0 0 0 0 0 0 0 0 0 0 0 0 0 0 0 0 0 0 0 0 0 0 0
 0 0 0 0 0 0 0 0 0 0 0 0 0 0 0 0 0 0 0 0 0 0 0 0 0 0
 0 0 0 0 0 0 0 0 0 0 0 0 0 0 0 0 0 0 0 0 0 0 0 0 0 0
 0 0 0 0 0 0 0 0 0 0 0 0 0 0 0 0 0 0 0 0 0 0 0 0 0 0
 0 0 0 0 0 0 0 0 0 0 0 0 0 0 0 0 0 0 0 0 0 0 0 0 0 0
 0 0 0 0 0 0 0 0 0 0 0 0 0 0 0 0 0 0 0 0 0 0 0 0 0 0
 0 0 0 0 0 0 0 0 0 0 0 0 0 0 0 0 0 0 0 0 0 0 0 0 0 0
ppred_pel_tallas
 1.12429e-16 4.2163e-05 0.000409839 0.00272353 0.0123808 0.0385212 0.082074 0.119792 0.119803 0.0821297 0.0387099 0.0129324 0.00413349 0.00357144 0.00629122 0.0109703 0.0172771 0.0247959 0.0330147 0.041513 0.0498832 0.0573744 0.0626783 0.0642607 0.0611444 0.0535735
 1.22141e-16 3.94091e-05 0.000383071 0.00254564 0.0115721 0.0360053 0.0767141 0.111972 0.111998 0.0768407 0.0364306 0.0128018 0.00563804 0.00715346 0.0129587 0.0215315 0.0314427 0.0405199 0.0466597 0.0491087 0.0489857 0.048481 0.0493193 0.05167 0.0542013 0.0550274
 1.17471e-16 5.14787e-05 0.000500392 0.00332528 0.0151162 0.0470323 0.100208 0.14626 0.146278 0.100294 0.0473203 0.0159496 0.00542406 0.00510507 0.00886536 0.0147585 0.0216964 0.0282391 0.0329764 0.0353376 0.035929 0.0360347 0.0366751 0.0379732 0.0392204 0.03943
 1.06897e-16 6.41942e-05 0.00062399 0.00414664 0.01885 0.0586495 0.124959 0.182385 0.182398 0.125025 0.0588691 0.019485 0.00574273 0.00411552 0.00671712 0.0110622 0.0160727 0.0205263 0.0232354 0.0236899 0.0223634 0.0203636 0.0187072 0.0177853 0.0173404 0.0168228
 1.04531e-16 5.78641e-05 0.00056246 0.00373774 0.0169912 0.0528662 0.112638 0.164403 0.164425 0.112747 0.0532343 0.0180546 0.00640773 0.00639381 0.0111409 0.0183489 0.0264806 0.0334182 0.0370461 0.0364011 0.0322425 0.0265191 0.0211751 0.0172263 0.0146429 0.0128387
 1.03086e-16 6.54531e-05 0.000636227 0.00422795 0.0192197 0.0597996 0.12741 0.185961 0.185975 0.127478 0.060029 0.0198827 0.0058945 0.0042814 0.00700908 0.0115382 0.0167421 0.0213202 0.0239863 0.0241397 0.0221943 0.0192432 0.0163444 0.0140013 0.0121467 0.0104733
 1.05137e-16 4.49703e-05 0.000437127 0.00290487 0.0132051 0.0410862 0.0875399 0.127774 0.127809 0.0877102 0.0416584 0.014858 0.00705513 0.00950147 0.0172726 0.0285177 0.0411567 0.0519271 0.0575293 0.056443 0.0498157 0.0406427 0.0319259 0.0252567 0.0206461 0.0172817
 1.10354e-16 4.27067e-05 0.000415124 0.00275865 0.0125404 0.0390181 0.0831331 0.121341 0.121366 0.0832592 0.0394423 0.0137685 0.00585175 0.00720244 0.013036 0.0217531 0.0319624 0.0415147 0.0482124 0.0510003 0.0504754 0.0482285 0.0456039 0.0429329 0.0397254 0.035416
 1.12685e-16 5.01685e-05 0.000487656 0.00324065 0.0147315 0.0458353 0.0976577 0.142538 0.142558 0.0977541 0.0461593 0.0156692 0.00560139 0.00566507 0.0099542 0.0165666 0.0243135 0.0315509 0.0366482 0.0389043 0.0389311 0.0381031 0.0375228 0.0373461 0.0368981 0.0353124
 1.07118e-16 6.31e-05 0.000613354 0.00407596 0.0185287 0.0576498 0.122829 0.179276 0.17929 0.122897 0.0578774 0.0191868 0.00573044 0.00423412 0.00696662 0.0114898 0.0167201 0.0214057 0.0243253 0.0249499 0.0237526 0.0218455 0.0202372 0.0192953 0.0187398 0.0180199
 1.02321e-16 7.05746e-05 0.000686011 0.00455878 0.0207236 0.0644788 0.137379 0.200511 0.200522 0.137431 0.0646531 0.0212274 0.00582386 0.00344931 0.00532349 0.00870231 0.0125611 0.0158657 0.0176152 0.0173562 0.0154486 0.0128111 0.0103555 0.00855034 0.00736932 0.00652633
 1.01579e-16 6.5187e-05 0.000633641 0.00421077 0.0191415 0.0595566 0.126892 0.185206 0.185224 0.126976 0.0598393 0.0199581 0.0062601 0.00510668 0.00855829 0.0140401 0.0202063 0.0253829 0.0279088 0.0270167 0.0232851 0.0182416 0.0134494 0.00978643 0.00733305 0.00572071
 1.02231e-16 6.12509e-05 0.000595381 0.00395651 0.0179857 0.0559604 0.11923 0.174024 0.174044 0.119326 0.056283 0.0189177 0.00629712 0.00570884 0.00978399 0.0161073 0.0232648 0.029395 0.0326349 0.0321112 0.0284362 0.023251 0.0182068 0.0141902 0.0112432 0.00898405
 1.03464e-16 5.80462e-05 0.00056423 0.00374951 0.0170447 0.0530326 0.112992 0.16492 0.164941 0.113096 0.0533823 0.0180553 0.00628836 0.00611389 0.0106194 0.0175204 0.0253644 0.0321708 0.0359513 0.0357767 0.0322973 0.0272389 0.0223027 0.0183487 0.0153406 0.0128298
 1.03017e-16 6.55882e-05 0.00063754 0.00423668 0.0192593 0.059923 0.127673 0.186345 0.186359 0.127741 0.0601528 0.0199234 0.00590543 0.00428681 0.00701503 0.0115428 0.0167375 0.0212919 0.0239155 0.0240089 0.0219966 0.0189891 0.0160617 0.0137265 0.0119117 0.0102937
 1.00523e-16 7.85145e-05 0.000763189 0.00507166 0.023055 0.0717328 0.152834 0.223067 0.223071 0.152852 0.071792 0.0232261 0.00550108 0.00170103 0.00186088 0.0029554 0.00425744 0.00537005 0.00594701 0.0058305 0.00513929 0.00418378 0.00327552 0.00258043 0.00210085 0.00175338
 1.01378e-16 3.54975e-05 0.000345048 0.00229297 0.0104235 0.0324318 0.0691013 0.100866 0.100919 0.0693564 0.0332882 0.0128959 0.00849454 0.0138682 0.0256745 0.0422735 0.0606219 0.075662 0.0822631 0.0780593 0.0648891 0.0476208 0.0313418 0.0190705 0.0112888 0.00691666
 1.01522e-16 7.56655e-05 0.000735496 0.00488763 0.0222184 0.0691298 0.147289 0.214973 0.214976 0.147305 0.0691869 0.0223839 0.00530583 0.00165797 0.00185546 0.00302005 0.00451092 0.00602014 0.00727581 0.00813099 0.00860809 0.00880962 0.00878097 0.00846001 0.00775268 0.00665072
 1.02008e-16 5.46937e-05 0.000531642 0.00353295 0.0160603 0.0499697 0.106467 0.155398 0.155427 0.106612 0.0504571 0.0174676 0.00706321 0.00823069 0.0146546 0.0240835 0.0345561 0.0431826 0.0470638 0.0448794 0.0376964 0.0282865 0.0195144 0.0130304 0.00901586 0.00676486
 1.04143e-16 5.5599e-05 0.000540442 0.00359143 0.0163261 0.0507968 0.108229 0.157967 0.157988 0.108331 0.0511418 0.017324 0.00610119 0.00603587 0.0105409 0.017464 0.0254433 0.0325978 0.0370212 0.0377898 0.0354383 0.0314608 0.0272819 0.0235487 0.0201685 0.0168161
 1.03908e-16 6.42283e-05 0.000624322 0.00414884 0.01886 0.0586806 0.125026 0.182482 0.182496 0.125096 0.0589176 0.0195451 0.00587074 0.004391 0.00724086 0.0119298 0.0173233 0.0220913 0.0249219 0.0252146 0.0234149 0.0206562 0.0180098 0.0159437 0.0143153 0.0127353
 1.02826e-16 6.46889e-05 0.000628799 0.00417859 0.0189953 0.0591015 0.125923 0.183791 0.183807 0.126002 0.059367 0.0197624 0.00610481 0.00483625 0.00806286 0.013247 0.0191237 0.0241499 0.0267984 0.0263693 0.0233971 0.0192676 0.0153625 0.0124031 0.0103748 0.00888228
 1.06738e-16 3.04786e-05 0.000296263 0.00196877 0.00894979 0.0278464 0.0593314 0.086606 0.0866539 0.0595653 0.0286319 0.0112192 0.00766806 0.0127468 0.0237024 0.0392048 0.0566324 0.0715497 0.0794381 0.0781951 0.0693467 0.0569271 0.0449784 0.0356436 0.0289619 0.0239055
 1.06464e-16 6.44969e-05 0.000626933 0.00416619 0.0189389 0.058926 0.125548 0.183243 0.183251 0.125587 0.0590568 0.0193187 0.005127 0.00274963 0.00417006 0.00698617 0.0105126 0.0141744 0.0174103 0.0199369 0.0218338 0.0233126 0.0243846 0.0247483 0.0239947 0.0219309
 1.05808e-16 5.59593e-05 0.000543944 0.0036147 0.0164319 0.0511259 0.10893 0.158992 0.159016 0.109048 0.0515234 0.0175799 0.00649614 0.00683421 0.0120031 0.0197591 0.0284736 0.0358535 0.0396186 0.0387622 0.034173 0.028043 0.0225393 0.0187607 0.016588 0.0152337
 1.08701e-16 4.09411e-05 0.000397962 0.0026446 0.012022 0.037405 0.0796965 0.116326 0.116359 0.0798584 0.037949 0.0135948 0.00659859 0.00904948 0.0165302 0.0274159 0.0398475 0.0508593 0.0574338 0.0581565 0.0539913 0.0474813 0.041064 0.0358625 0.0316704 0.0277441
 1.06283e-16 6.41666e-05 0.000623722 0.00414486 0.0188419 0.0586242 0.124906 0.182306 0.182316 0.124958 0.0588005 0.0193524 0.00543125 0.00344878 0.00547928 0.00908812 0.0133955 0.0175018 0.0205299 0.0220786 0.022416 0.0221868 0.0218838 0.0215317 0.0207899 0.0193014
 1.04455e-16 6.06042e-05 0.000589094 0.00391474 0.0177958 0.0553696 0.117971 0.172187 0.172207 0.118069 0.0556956 0.0187377 0.00627935 0.00575244 0.00987114 0.0162357 0.0234152 0.0295229 0.0326873 0.0320702 0.0283725 0.0233544 0.0187619 0.01549 0.013471 0.0121189
 1.0854e-16 3.18565e-05 0.000309657 0.00205778 0.0093544 0.0291052 0.0620134 0.0905195 0.0905631 0.0622267 0.0298217 0.0114252 0.0072606 0.0116834 0.0216797 0.0359133 0.0520186 0.0660166 0.0738507 0.073628 0.066689 0.0565715 0.0467562 0.0389902 0.0331721 0.0283413
 1.16584e-16 3.93013e-05 0.000382022 0.00253867 0.0115405 0.0359068 0.0765039 0.111664 0.111684 0.0766012 0.0362347 0.0124921 0.0049442 0.0056893 0.0102838 0.0173722 0.0260396 0.0348908 0.0424914 0.0481509 0.0521708 0.055261 0.0576529 0.0587322 0.0574778 0.0532566
 1.05657e-16 7.17134e-05 0.00069708 0.00463234 0.021058 0.0655191 0.139596 0.203745 0.203751 0.139625 0.0656179 0.0213439 0.00535207 0.0022753 0.00309036 0.0050533 0.0074136 0.00963359 0.0112321 0.0120283 0.012252 0.0123611 0.0127025 0.0132839 0.0138026 0.013862
pSPR Fmed_Fpbrs
0.627367   0.213445 0.213445
Fs Fmed_Fpbrs
0.25372   1.005 1.005
SSBpbr Bo_Bmed_Bpbrs
1.81864e+06  1.05002e+06  297247 297247
Ro
168376
SPR SPRFo_SPRFmed_SPRFpbrs
1.19895e+06 752179 255909
Fref
1.005
Nvult_r0
 215097 15832.6 6681.38 7766.91 2775.59
CTP_r0
 18942.7 1722.75 727.005 845.123 302.014
YTP_r0
219263
Np
 234970 107879 7643.83 3225.72 4970.73
Nvult_p0
 195931 93351.9 6614.51 2791.34 4301.37
CTP_p0
 86770.4 46792.3 3315.5 1399.15 2156.05
YTP_p0
 1.57373e+06
CBA_c0
625604
log_Ro
11.854
likeval ReclasPelacesDesembMPH_pf_preclas_ppelaces_ptallas_desvR_qrecl_qpela
 13.2171 18.0577 0.0531979 0.00260115 229.004 120.76 82.4087 0 25.2123 0 0 0.270859 0 0 0
q_reclas_q_pelaces
1 1
M
1
N
 193178 43442.5 136903 8422.47 0.267502
 108693 63572.8 13881.6 43745.9 2691.39
 108284 32627.9 18084.8 3948.94 13210.2
 171946 32655.7 9336.19 5174.81 4909.94
 137309 46518.7 8145.41 2328.76 2515.47
 239032 45460.8 14978.6 2622.74 1559.79
 97682.7 71611.1 12900 4250.32 1186.84
 43394.3 22586.4 14645.3 2638.21 1111.97
 41540.1 14789.6 7543.95 4891.61 1252.57
 55431.3 11317.9 3722.07 1898.58 1546.3
 104045 13651.3 2506.78 824.393 762.997
 141457 34881.3 4465.61 820.018 519.268
 117592 34953.9 7758.54 993.274 297.893
 82927 29780.6 8020.31 1780.23 296.264
 81536.6 16287.3 4954.99 1334.44 345.493
 463042 19522.2 3481.13 1059.04 359.058
 93111.6 122814 4748.97 846.819 344.967
 689891 27754.4 34627.5 1338.98 336.027
 412157 204875 7788.62 9717.38 470.051
 329157 112071 51430.5 1955.2 2557.38
 463692 92786.8 29445.2 13512.7 1185.62
 615998 139231 26404.7 8379.33 4182.76
 126158 174909 36918.3 7001.4 3330.93
 375032 39792.4 52970.7 11180.6 3129.11
 315661 120391 12322.1 16402.9 4431.13
 143331 101172 37205.7 3808.02 6438.55
 324067 47168.6 32328.1 11888.6 3274.16
 363540 104321 14657.8 10046.1 4711.88
 100174 119845 33407.8 4694 4726.08
 75043.5 33054.7 38425.2 10711.3 3020.31
 322976 23476.4 9907.1 11516.7 4115.62
pred_Ctot
 12993.4 3650.25 11503.3 707.696 0.0224768
 12854.5 9303.54 2031.49 6401.98 393.87
 12538.3 4677.23 2592.47 566.083 1893.69
 29485.7 6858.73 1960.9 1086.87 1031.24
 8756.19 3708.19 649.303 185.634 200.518
 28522.2 6711.21 2211.23 387.185 230.266
 23814.3 21073.4 3796.15 1250.76 349.257
 2030.4 1325.1 859.218 154.779 65.2372
 6979.19 3045.48 1553.46 1007.29 257.932
 11965.1 2965.84 975.363 497.519 405.205
 5877.84 965.295 177.257 58.2936 53.9522
 30318.5 9078.86 1162.31 213.434 135.155
 23872.3 8636.96 1917.1 245.434 73.6082
 25695.6 10983.3 2957.95 656.562 109.264
 18632.5 4506.79 1371.07 369.248 95.6
 83868.4 4322.64 770.798 234.495 79.5033
 11361 18529.8 716.514 127.766 52.0479
 85540.3 4253.77 5307.17 205.218 51.5009
 69653.2 42427.5 1612.94 2012.37 97.3425
 49697.7 20808 9549 363.018 474.824
 54769.5 13562.2 4303.86 1975.09 173.297
 90733.7 25237.1 4786.11 1518.84 758.166
 11516.3 19857.7 4191.38 794.878 378.165
 30537 4037.09 5374.09 1134.31 317.461
 25984.9 12346.2 1263.64 1682.13 454.417
 9640.93 8501.17 3126.29 319.977 541.012
 25876.6 4694.21 3217.29 1183.15 325.844
 24088.9 8636.88 1213.54 831.726 390.102
 6582.8 9840.99 2743.26 385.445 388.08
 7192 3936.59 4576.18 1275.65 359.698
 18942.7 1722.75 727.005 845.123 302.014
F
 0.111425 0.140878 0.140878 0.140878 0.140878
 0.203361 0.257114 0.257114 0.257114 0.257114
 0.198737 0.251269 0.251269 0.251269 0.251269
 0.307328 0.388563 0.388563 0.388563 0.388563
 0.10538 0.133235 0.133235 0.133235 0.133235
 0.205346 0.259625 0.259625 0.259625 0.259625
 0.464379 0.587127 0.587127 0.587127 0.587127
 0.0764049 0.0966008 0.0966008 0.0966008 0.0966008
 0.300271 0.379641 0.379641 0.379641 0.379641
 0.401311 0.507389 0.507389 0.507389 0.507389
 0.0928771 0.117427 0.117427 0.117427 0.117427
 0.397963 0.503156 0.503156 0.503156 0.503156
 0.373362 0.472052 0.472052 0.472052 0.472052
 0.627576 0.793462 0.793462 0.793462 0.793462
 0.429499 0.543027 0.543027 0.543027 0.543027
 0.327151 0.413626 0.413626 0.413626 0.413626
 0.210403 0.266018 0.266018 0.266018 0.266018
 0.214132 0.270733 0.270733 0.270733 0.270733
 0.302271 0.38217 0.38217 0.38217 0.38217
 0.26623 0.336602 0.336602 0.336602 0.336602
 0.203083 0.256763 0.256763 0.256763 0.256763
 0.258976 0.327431 0.327431 0.327431 0.327431
 0.153859 0.194529 0.194529 0.194529 0.194529
 0.136263 0.172281 0.172281 0.172281 0.172281
 0.137848 0.174285 0.174285 0.174285 0.174285
 0.111428 0.140882 0.140882 0.140882 0.140882
 0.133475 0.168756 0.168756 0.168756 0.168756
 0.109691 0.138686 0.138686 0.138686 0.138686
 0.108742 0.137485 0.137485 0.137485 0.137485
 0.162073 0.204913 0.204913 0.204913 0.204913
 0.0965699 0.122096 0.122096 0.122096 0.122096
YTP_r0W_actual
 142070 27219.5 15921.4 24086 9966.46
YTP_p0W_proyectada
 650778 739319 72609.5 39875.8 71149.6
CTP_r0_actual
 18942.7 1722.75 727.005 845.123 302.014
CTP_p0_proyectada
 86770.4 46792.3 3315.5 1399.15 2156.05
Wmedp
 7.5 15.8 21.9 28.5 33
Frms_r0
 0.0965699 0.122096 0.122096 0.122096 0.122096
nmprior
 8 9 7.5 0
nm_flota  nm_reclas  nm_pelaces    nm_pelaL
inf 13.3538 15.9772 27.81
cv_recla  cv_pelaces  cv_mph
0.328846 0.50003 1.57394
 ------------------------------------------------
Talla a la edad & desviaci?n 
 8 13.2811 15.8009 17.003 17.5766
 0.8 1.32811 1.58009 1.7003 1.75766
