years
 1991 1992 1993 1994 1995 1996 1997 1998 1999 2000 2001 2002 2003 2004 2005 2006 2007 2008 2009 2010 2011 2012 2013 2014 2015 2016 2017 2018 2019 2020 2021
reclasobs
 0 0 0 0 0 0 0 0 0 252601 567819 844713 477998 351125 339783 2.1784e+06 2.13404e+06 4.81314e+06 1.55562e+06 2.62356e+06 3.21686e+06 3.843e+06 1.13348e+06 3.07943e+06 1.97215e+06 2.03268e+06 2.025e+06 2.42433e+06 2.27542e+06 1.05018e+06 2.36338e+06
reclaspred
 4.23474e+06 2.85581e+06 2.01107e+06 2.09152e+06 2.16739e+06 2.48643e+06 2.07987e+06 2.92457e+06 3.05826e+06 3.24777e+06 2.37843e+06 2.39147e+06 2.20661e+06 2.06631e+06 2.13269e+06 2.17774e+06 2.2712e+06 2.62892e+06 1.51776e+06 1.12049e+06 1.79371e+06 1.12765e+06 1.41581e+06 2.1248e+06 1.8783e+06 2.26091e+06 2.43208e+06 2.03601e+06 2.43691e+06 2.54434e+06 2.57501e+06
pelacesobs
 0 0 0 0 0 0 0 0 0 0 0 0 0 0 0 552880 188675 0 991730 2.46772e+06 1.41603e+06 1.21717e+06 2.29649e+06 1.80582e+06 0 1.4828e+06 1.56532e+06 1.57751e+06 1.42118e+06 867257 1.10002e+06
pelacespred
 2.07854e+06 1.48942e+06 1.01807e+06 910181 1.01883e+06 1.15211e+06 980886 1.51242e+06 1.67503e+06 1.66348e+06 1.36249e+06 1.14809e+06 1.11588e+06 1.14011e+06 1.18205e+06 1.03549e+06 1.03669e+06 1.1398e+06 748309 487474 707496 499476 652880 1.0453e+06 940607 1.10329e+06 1.31824e+06 1.16949e+06 1.11056e+06 1.23656e+06 1.34216e+06
mphobs
 0 0 0 0 0 0 0 0 0 0 0 498337 0 5186 125008 0 168611 109162 213762 579715 649985 157893 87575 83554 0 0 0 0 0 0 0
mphpred
 4.0384e+06 2.84285e+06 1.93519e+06 1.54194e+06 1.71708e+06 1.84711e+06 1.88731e+06 1.72575e+06 2.42224e+06 2.76097e+06 2.21993e+06 2.00415e+06 1.82329e+06 1.60921e+06 1.54943e+06 1.91638e+06 1.65774e+06 2.06032e+06 1.55141e+06 923870 1.09426e+06 1.1382e+06 789275 1.34164e+06 1.71171e+06 1.50015e+06 1.88899e+06 1.68197e+06 1.9345e+06 1.90727e+06 2.02449e+06
desembarqueobs
 494567 514787 250237 358949 120608 361735 552515 73892 212993 205616 52469 317467 293654 387597 252695 516296 358380 742168 942051 627588 828172 859565 418607 520667 417249 300574 415391 372974 316634 284311 391294
desembarquepred
 494401 505218 260721 358703 120534 361481 552102 73849.8 212899 205533 52441.4 317383 293569 387506 252591 516006 358097 740914 938924 625745 826356 856987 418165 520231 416914 300378 415109 372668 316434 284174 391081
Reclutas
 320584 320584 320584 320584 320584 320584 320584 320584 320584 320584 320584 320584 320584 320584 320584 320584 320584 320584 320584 320584 320584 320584 320584 320584 320584 320584 320584 320584 320584 320584 320584
log_desv_Rt
 0 0 0 0 0 0 0 0 0 0 0 0 0 0 0 0 0 0 0 0 0 0 0 0 0 0 0 0 0 0 0
SSB
 4.0384e+06 2.84285e+06 1.93519e+06 1.54194e+06 1.71708e+06 1.84711e+06 1.88731e+06 1.72575e+06 2.42224e+06 2.76097e+06 2.21993e+06 2.00415e+06 1.82329e+06 1.60921e+06 1.54943e+06 1.91638e+06 1.65774e+06 2.06032e+06 1.55141e+06 923870 1.09426e+06 1.1382e+06 789275 1.34164e+06 1.71171e+06 1.50015e+06 1.88899e+06 1.68197e+06 1.9345e+06 1.90727e+06 2.02449e+06
BT
 5.59344e+06 4.35639e+06 2.8291e+06 2.85095e+06 2.83368e+06 3.62658e+06 3.13852e+06 5.01447e+06 5.18113e+06 4.71414e+06 3.73598e+06 3.39363e+06 3.43365e+06 3.96254e+06 3.99929e+06 3.29244e+06 3.30691e+06 3.83675e+06 3.17896e+06 2.04269e+06 2.94579e+06 2.29194e+06 2.60332e+06 3.94194e+06 2.97481e+06 3.7199e+06 4.48693e+06 4.01699e+06 3.27717e+06 3.84746e+06 4.38677e+06
Ftot
 0.111022 0.167441 0.123169 0.162488 0.0531472 0.13803 0.24958 0.0241895 0.0664846 0.0604417 0.0211234 0.12609 0.126423 0.177618 0.112763 0.22329 0.149619 0.264574 0.564851 0.514041 0.427004 0.685293 0.277962 0.231064 0.209486 0.126332 0.161827 0.173468 0.123402 0.106325 0.144181
BD_Bspro_t
 0.982393 0.884638 0.802545 0.788249 0.791146 0.836802 0.80434 0.752734 0.859858 0.890149 0.892889 0.91479 0.85837 0.817753 0.80141 0.815245 0.740933 0.773187 0.659969 0.510665 0.501862 0.49384 0.438212 0.602308 0.68248 0.702503 0.781047 0.781143 0.797672 0.798692 0.818598
BD_Bspro
 1.76487 1.24239 0.845723 0.673863 0.750402 0.807231 0.824796 0.754192 1.05857 1.20661 0.970161 0.875859 0.796819 0.70326 0.677137 0.8375 0.724472 0.900409 0.678 0.403752 0.478219 0.49742 0.344931 0.586329 0.748055 0.655601 0.825532 0.735061 0.84542 0.83352 0.884749
BD_Bo
 1.6132 1.13562 0.773039 0.615949 0.685911 0.737856 0.753911 0.689375 0.967597 1.10291 0.886783 0.800585 0.728338 0.64282 0.618942 0.765523 0.662209 0.823025 0.619731 0.369053 0.43712 0.454671 0.315287 0.535939 0.683766 0.599257 0.754584 0.671888 0.772762 0.761885 0.808712
BD_Brms
 6.85426 4.82508 3.28454 2.61709 2.91435 3.13505 3.20327 2.92906 4.11119 4.68611 3.76782 3.40158 3.09461 2.73126 2.6298 3.25261 2.81364 3.49693 2.63316 1.56806 1.85726 1.93184 1.33961 2.27713 2.90523 2.54616 3.20613 2.85476 3.28337 3.23715 3.43611
Sel_flota
 0.5 1 1 1 1
 0.5 1 1 1 1
 0.5 1 1 1 1
 0.5 1 1 1 1
 0.5 1 1 1 1
 0.5 1 1 1 1
 0.5 1 1 1 1
 0.5 1 1 1 1
 0.5 1 1 1 1
 0.5 1 1 1 1
 0.5 1 1 1 1
 0.5 1 1 1 1
 0.5 1 1 1 1
 0.5 1 1 1 1
 0.5 1 1 1 1
 0.5 1 1 1 1
 0.5 1 1 1 1
 0.5 1 1 1 1
 0.5 1 1 1 1
 0.5 1 1 1 1
 0.5 1 1 1 1
 0.5 1 1 1 1
 0.5 1 1 1 1
 0.5 1 1 1 1
 0.5 1 1 1 1
 0.5 1 1 1 1
 0.5 1 1 1 1
 0.5 1 1 1 1
 0.5 1 1 1 1
 0.5 1 1 1 1
 0.5 1 1 1 1
Sel_reclas
 0.5 1 1 1 1
 0.5 1 1 1 1
 0.5 1 1 1 1
 0.5 1 1 1 1
 0.5 1 1 1 1
 0.5 1 1 1 1
 0.5 1 1 1 1
 0.5 1 1 1 1
 0.5 1 1 1 1
 0.5 1 1 1 1
 0.5 1 1 1 1
 0.5 1 1 1 1
 0.5 1 1 1 1
 0.5 1 1 1 1
 0.5 1 1 1 1
 0.5 1 1 1 1
 0.5 1 1 1 1
 0.5 1 1 1 1
 0.5 1 1 1 1
 0.5 1 1 1 1
 0.5 1 1 1 1
 0.5 1 1 1 1
 0.5 1 1 1 1
 0.5 1 1 1 1
 0.5 1 1 1 1
 0.5 1 1 1 1
 0.5 1 1 1 1
 0.5 1 1 1 1
 0.5 1 1 1 1
 0.5 1 1 1 1
 0.5 1 1 1 1
Sel_pelaces
 0.5 1 1 1 1
 0.5 1 1 1 1
 0.5 1 1 1 1
 0.5 1 1 1 1
 0.5 1 1 1 1
 0.5 1 1 1 1
 0.5 1 1 1 1
 0.5 1 1 1 1
 0.5 1 1 1 1
 0.5 1 1 1 1
 0.5 1 1 1 1
 0.5 1 1 1 1
 0.5 1 1 1 1
 0.5 1 1 1 1
 0.5 1 1 1 1
 0.5 1 1 1 1
 0.5 1 1 1 1
 0.5 1 1 1 1
 0.5 1 1 1 1
 0.5 1 1 1 1
 0.5 1 1 1 1
 0.5 1 1 1 1
 0.5 1 1 1 1
 0.5 1 1 1 1
 0.5 1 1 1 1
 0.5 1 1 1 1
 0.5 1 1 1 1
 0.5 1 1 1 1
 0.5 1 1 1 1
 0.5 1 1 1 1
 0.5 1 1 1 1
pf_obs 
 0.8446 0.082 0.0669 0.0065 0
 0.8095 0.147 0.0364 0.0071 0
 0.9664 0.0169 0.016 0.0007 0
 0.9276 0.0648 0.0075 0.0001 0
 0.7033 0.2144 0.0806 0.0017 0
 0.9318 0.0425 0.0243 0.0014 0
 0.5671 0.3108 0.0964 0.0239 0.0018
 0.0768 0.2599 0.5324 0.112 0.0189
 0.490249 0.384438 0.106611 0.0170017 0.00170017
 0.7925 0.1577 0.0466 0.003 0.0002
 0.840416 0.127587 0.0312969 0.00059994 9.999e-05
 0.8084 0.0986 0.0794 0.0134 0.0002
 0.7335 0.1905 0.0724 0.0035 0.0001
 0.4001 0.4547 0.1325 0.0127 0
 0.49795 0.308269 0.164784 0.0264974 0.00249975
 0.9179 0.0499 0.0305 0.0017 0
 0.2467 0.6533 0.0926 0.0074 0
 0.9418 0.0223 0.034 0.0019 0
 0.707729 0.231977 0.0356964 0.0245975 0
 0.517169 0.277429 0.184464 0.0207286 0.00020938
 0.811772 0.124168 0.05621 0.00726502 0.000585176
 0.764997 0.148141 0.077277 0.00933861 0.000247198
 0.163321 0.427699 0.378323 0.0303852 0.000271297
 0.753843 0.0900009 0.118128 0.0371064 0.000921714
 0.721811 0.176058 0.0630433 0.0369309 0.00215725
 0.143369 0.312575 0.442814 0.0836902 0.0175525
 0.692698 0.0596174 0.167031 0.0765114 0.00414204
 0.394062 0.376323 0.152708 0.0712218 0.00568511
 0.125707 0.32114 0.495352 0.0537591 0.00404204
 0.23352 0.215282 0.420074 0.123614 0.00750983
 0.796117 0.104755 0.0508955 0.0450114 0.00322123
pf_pred 
 0.425751 0.051856 0.459718 0.0359037 0.0267711
 0.473553 0.318534 0.018775 0.166446 0.0226921
 0.497817 0.328444 0.105123 0.00619617 0.0624197
 0.501314 0.335497 0.106731 0.0341608 0.0222973
 0.502779 0.337319 0.107576 0.0342229 0.0181031
 0.491265 0.342158 0.113007 0.0360398 0.0175301
 0.505664 0.330192 0.110397 0.0364619 0.0172844
 0.515633 0.33319 0.100979 0.0337615 0.0164366
 0.487482 0.349513 0.11213 0.0339827 0.0168933
 0.484217 0.340329 0.119651 0.038386 0.0174167
 0.480167 0.341265 0.117824 0.0414239 0.0193193
 0.478221 0.339263 0.11982 0.0413689 0.0213273
 0.493359 0.332084 0.113498 0.0400849 0.0209745
 0.501086 0.333793 0.108231 0.0369904 0.0199001
 0.508004 0.334165 0.105595 0.0342387 0.0179973
 0.506059 0.336372 0.107021 0.0338185 0.0167293
 0.518233 0.330735 0.102852 0.0327237 0.0154559
 0.51674 0.334501 0.102124 0.0317584 0.0148768
 0.547065 0.316281 0.0945884 0.028878 0.0131873
 0.596383 0.299422 0.0727583 0.0217594 0.00967683
 0.597201 0.312455 0.0670215 0.0162859 0.00703656
 0.596416 0.311347 0.0715491 0.0153473 0.00534062
 0.613868 0.303219 0.0639632 0.0146991 0.00425013
 0.559312 0.341775 0.0776743 0.0163852 0.00485413
 0.537853 0.337886 0.0963701 0.0219018 0.00598884
 0.524586 0.338688 0.0999635 0.0285111 0.00825143
 0.510201 0.34095 0.106041 0.0312979 0.0115101
 0.511588 0.335086 0.106731 0.033195 0.0134006
 0.511245 0.336272 0.104614 0.0333213 0.0145471
 0.502841 0.340302 0.107921 0.0335739 0.0153625
 0.499521 0.338361 0.110969 0.0351919 0.0159577
pobs_RECLAS
 0 0 0 0 0
 0 0 0 0 0
 0 0 0 0 0
 0 0 0 0 0
 0 0 0 0 0
 0 0 0 0 0
 0 0 0 0 0
 0 0 0 0 0
 0 0 0 0 0
 0 0 0 0 0
 0.991045 0.00858322 0.000360255 1.14367e-05 0
 0.934742 0.0480273 0.0164251 0.00080598 0
 0.827803 0.169806 0.00239088 0 0
 0.941827 0.0461693 0.0120037 0 0
 0.791401 0.0380133 0.147996 0.0225897 0
 0.846168 0.0940531 0.0597789 0 0
 0.134021 0.677848 0.182769 0.00536245 0
 0.80878 0.0450904 0.141981 0.00414843 0
 0.846168 0.0940531 0.0597789 0 0
 0.905697 0.0802665 0.012482 0.00150086 5.37128e-05
 0.989698 0.0102097 9.19794e-05 0 0
 0.975433 0.0193895 0.00387452 0.00125025 5.28907e-05
 0.303575 0.632131 0.0575291 0.00676475 0
 0.966965 0.00978017 0.0227588 0.000495775 0
 0.843318 0.132988 0.00938335 0.0141283 0.000182051
 0.564624 0.303363 0.111486 0.0197234 0.00080311
 0.826376 0.0876187 0.0782897 0.00655872 0.00115652
 0.89761 0.0855135 0.0140674 0.00269457 0.000114338
 0.34875 0.467042 0.161289 0.0227151 0.000203297
 0.318654 0.224769 0.449479 0.00709798 0
 0.937255 0.0296025 0.0250945 0.00804832 0
ppred_RECLAS
 0.426953 0.0517475 0.458755 0.0358286 0.026715
 0.47547 0.317374 0.0187066 0.16584 0.0226094
 0.499192 0.327545 0.104836 0.00617922 0.0622488
 0.503174 0.334246 0.106333 0.0340333 0.0222142
 0.503344 0.336935 0.107454 0.034184 0.0180825
 0.49282 0.341112 0.112662 0.0359297 0.0174765
 0.50868 0.328178 0.109724 0.0362395 0.0171789
 0.515885 0.333017 0.100926 0.0337439 0.016428
 0.488195 0.349026 0.111973 0.0339354 0.0168698
 0.484863 0.339903 0.119501 0.0383379 0.0173949
 0.480387 0.341121 0.117775 0.0414065 0.0193111
 0.479628 0.338348 0.119497 0.0412573 0.0212698
 0.494773 0.331158 0.113181 0.039973 0.020916
 0.503139 0.332419 0.107785 0.0368381 0.0198182
 0.509253 0.333316 0.105327 0.0341518 0.0179516
 0.508714 0.334564 0.106446 0.0336367 0.0166394
 0.519929 0.329571 0.10249 0.0326085 0.0154015
 0.519962 0.332271 0.101443 0.0315467 0.0147776
 0.555085 0.310681 0.0929137 0.0283667 0.0129538
 0.603287 0.294301 0.0715138 0.0213872 0.00951132
 0.602681 0.308204 0.0661098 0.0160644 0.00694084
 0.606399 0.303645 0.0697793 0.0149677 0.00520852
 0.617102 0.30068 0.0634275 0.014576 0.00421453
 0.562032 0.339665 0.0771948 0.016284 0.00482417
 0.540308 0.336091 0.0958582 0.0217854 0.00595702
 0.525995 0.337685 0.0996673 0.0284266 0.00822698
 0.512052 0.339662 0.10564 0.0311797 0.0114666
 0.513587 0.333715 0.106294 0.0330591 0.0133457
 0.512622 0.335325 0.104319 0.0332274 0.0145061
 0.504014 0.339499 0.107666 0.0334947 0.0153263
 0.501152 0.337258 0.110607 0.0350772 0.0159057
pobs_PELACES
 0 0 0 0 0
 0 0 0 0 0
 0 0 0 0 0
 0 0 0 0 0
 0 0 0 0 0
 0 0 0 0 0
 0 0 0 0 0
 0 0 0 0 0
 0 0 0 0 0
 0 0 0 0 0
 0 0 0 0 0
 0 0 0 0 0
 0 0 0 0 0
 0 0 0 0 0
 0 0 0 0 0
 0 0 0 0 0
 0.505614 0.472636 0.0217494 0 0
 0 0 0 0 0
 0.443492 0.261883 0.143347 0.151278 0
 0.227955 0.32914 0.350689 0.0885471 0.00366901
 0.970185 0.0296113 0.000203453 0 0
 0.997202 0.00247181 0.000326279 0 0
 0.445219 0.490057 0.0546422 0.010081 0
 0.90214 0.0892962 0.00764917 0.000914606 0
 0 0 0 0 0
 0.581667 0.319106 0.0959925 0.00289975 0.000334073
 0.762889 0.0836404 0.116647 0.0363945 0.000428098
 0.88444 0.0763242 0.0277011 0.0115352 0
 0.521256 0.241999 0.230069 0.00667565 0
 0.616807 0.101726 0.260614 0.0208532 0
 0.833518 0.0704572 0.0857862 0.0102388 0
ppred_PELACES
 0.431441 0.0513422 0.455163 0.035548 0.0265058
 0.482365 0.313202 0.0184608 0.16366 0.0223122
 0.504272 0.324222 0.103772 0.00611653 0.0616173
 0.509875 0.329737 0.104898 0.0335743 0.0219145
 0.505536 0.335448 0.10698 0.0340331 0.0180027
 0.498513 0.337283 0.111397 0.0355264 0.0172803
 0.518967 0.321307 0.107427 0.0354808 0.0168193
 0.516882 0.332331 0.100718 0.0336745 0.0163942
 0.490937 0.347157 0.111374 0.0337536 0.0167794
 0.487354 0.338259 0.118923 0.0381525 0.0173107
 0.481257 0.34055 0.117578 0.0413371 0.0192788
 0.484823 0.33497 0.118304 0.0408455 0.0210575
 0.499987 0.327739 0.112013 0.0395604 0.0207001
 0.510464 0.327518 0.106196 0.036295 0.019526
 0.513902 0.330159 0.104329 0.0338283 0.0177815
 0.517918 0.328296 0.104452 0.0330065 0.0163277
 0.526088 0.325343 0.101175 0.0321902 0.0152039
 0.530847 0.324736 0.0991426 0.0308314 0.0144425
 0.577968 0.294702 0.0881349 0.0269077 0.0122875
 0.623398 0.279382 0.0678885 0.020303 0.00902915
 0.619424 0.295217 0.0633239 0.0153874 0.00664835
 0.633039 0.283094 0.0650566 0.0139546 0.004856
 0.62788 0.292216 0.0616422 0.0141657 0.00409591
 0.571394 0.332405 0.0755448 0.0159359 0.00472105
 0.54888 0.329824 0.0940706 0.0213792 0.00584594
 0.531189 0.333984 0.0985751 0.0281151 0.00813683
 0.518721 0.335019 0.104197 0.0307535 0.0113099
 0.520734 0.328811 0.104732 0.0325734 0.0131496
 0.517708 0.331826 0.103231 0.0328807 0.0143548
 0.5084 0.336497 0.106714 0.0331986 0.0151908
 0.507099 0.333238 0.109289 0.034659 0.0157161
pobs_pel_tallas
 0 0 0 0 0 0 0 0 0 0 0 0 0 0 0 0 0 0 0 0 0 0 0 0 0 0
 0 0 0 0 0 0 0 0 0 0 0 0 0 0 0 0 0 0 0 0 0 0 0 0 0 0
 0 0 0 0 0 0 0 0 0 0 0 0 0 0 0 0 0 0 0 0 0 0 0 0 0 0
 0 0 0 0 0 0 0 0 0 0 0 0 0 0 0 0 0 0 0 0 0 0 0 0 0 0
 0 0 0 0 0 0 0 0 0 0 0 0 0 0 0 0 0 0 0 0 0 0 0 0 0 0
 0 0 0 0 0 0 0 0 0 0 0 0 0 0 0 0 0 0 0 0 0 0 0 0 0 0
 0 0 0 0 0 0 0 0 0 0 0 0 0 0 0 0 0 0 0 0 0 0 0 0 0 0
 0 0 0 0 0 0 0 0 0 0 0 0 0 0 0 0 0 0 0 0 0 0 0 0 0 0
 0 0 0 0 0 0 0 0 0 0 0 0 0 0 0 0 0 0 0 0 0 0 0 0 0 0
 0 0 0 0 0 0 0 0 0 0 0 0 0 0 0 0 0 0 0 0 0 0 0 0 0 0
 0 0 0 0 0 0 0 0 0 0 0 0 0 0 0 0 0 0 0 0 0 0 0 0 0 0
 0 0 0 0 0 0 0 0 0 0 0 0 0 0 0 0 0 0 0 0 0 0 0 0 0 0
 0.00862536 0 0 0.000197151 0.00414017 0.0128641 0.00837892 0.0270097 0.101434 0.158115 0.152841 0.127902 0.109271 0.109419 0.0830992 0.0579132 0.0238553 0.00714673 0.00463305 0.00128148 0.00103504 0.000492878 0.000147863 0.000147863 4.92878e-05 0
 0 0 0 0 0 0 0 0 0 0 0 0 0 0 0 0 0 0 0 0 0 0 0 0 0 0
 0 0 0 0 0 0 0 0.0054083 0.00873648 0.0413646 0.0450493 0.0745869 0.0622846 0.0627006 0.0613931 0.0827291 0.12552 0.122667 0.0946155 0.0697135 0.0546179 0.0294188 0.0215738 0.0213955 0.0102223 0.00600262
 0 0 0 0 0.00359764 0.0251062 0.0480494 0.140153 0.205849 0.193036 0.1447 0.116669 0.0760912 0.0342217 0.00950174 0.001854 0.000860785 0 0 0 0.000165536 0 0.000143464 0 0 0
 0 0 0 0 0 0 0 0.000145254 0.000435761 0.0275982 0.070085 0.0708112 0.156366 0.174668 0.174014 0.160142 0.0824315 0.0480064 0.0283245 0.00493863 0.00203355 0 0 0 0 0
 0 0 0 0 0 0 0 0 0 0 0 0 0 0 0 0 0 0 0 0 0 0 0 0 0 0
 0 0 1.00437e-05 0.000401748 0.00122533 0.00171747 0.00176769 0.0269171 0.070346 0.194647 0.189555 0.159765 0.064822 0.0314167 0.0384472 0.0292271 0.0345202 0.0313363 0.0194345 0.0106764 0.0143323 0.0359363 0.0279516 0.0138201 0.00172751 0
 0 0.0021121 0.0136068 0.0755702 0.200478 0.177729 0.0527432 0.0373336 0.0318909 0.0142505 0.0149659 0.0166563 0.0217959 0.0798694 0.0677717 0.0528807 0.04013 0.0224614 0.0357745 0.0225083 0.00881397 0.00855152 0.00135912 0.000746735 0 0
 0 0 0 0 5.4009e-05 0.00500934 0.000945158 0.0243581 0.138947 0.33067 0.221406 0.137944 0.0707744 0.0437923 0.0131692 0.00525238 0.0047753 0.00276346 9.45158e-05 9.00151e-06 2.25038e-05 9.00151e-06 4.50075e-06 0 0 0
 0.000866109 0.00284123 0.00948549 0.0512746 0.133035 0.25785 0.225252 0.132002 0.0553304 0.0519788 0.0540692 0.017754 0.00435017 0.00159236 0.00146478 0.000404838 0.000125132 0.000115318 0.000107957 0.000100596 0 0 0 0 0 0
 0 0 0 0 0.00144013 0.00171154 0.00461396 0.0210425 0.0478622 0.0707936 0.0888783 0.103762 0.0637923 0.0337046 0.0602308 0.124433 0.169614 0.0934646 0.0462172 0.0250306 0.0313229 0.00938855 0.002487 0.000210481 0 0
 0 0.00764035 0.051015 0.0998891 0.058973 0.0496711 0.0374665 0.0718981 0.12319 0.153886 0.159021 0.0857701 0.0377988 0.023471 0.0147837 0.00900784 0.00315554 0.000888139 0.00291439 0.00214683 0.00393193 0.00274676 0.000635225 9.99891e-05 0 0
 0 0 0 0 0 0 0 0 0 0 0 0 0 0 0 0 0 0 0 0 0 0 0 0 0 0
 0 0 0 0 0 0 0 0 0 0 0 0 0 0 0 0 0 0 0 0 0 0 0 0 0 0
 0 0 0 0 0 0 0 0 0 0 0 0 0 0 0 0 0 0 0 0 0 0 0 0 0 0
 0 0 0 0 0 0 0 0 0 0 0 0 0 0 0 0 0 0 0 0 0 0 0 0 0 0
 0 0 0 0 0 0 0 0 0 0 0 0 0 0 0 0 0 0 0 0 0 0 0 0 0 0
 0 0 0 0 0 0 0 0 0 0 0 0 0 0 0 0 0 0 0 0 0 0 0 0 0 0
 0 0 0 0 0 0 0 0 0 0 0 0 0 0 0 0 0 0 0 0 0 0 0 0 0 0
ppred_pel_tallas
 1.21199e-16 3.55373e-05 0.000345435 0.00229554 0.0104352 0.0324677 0.0691761 0.100966 0.100971 0.0692041 0.0325637 0.0107215 0.00304829 0.00210171 0.00370217 0.00692799 0.0119895 0.0192752 0.0290729 0.0413264 0.0552677 0.0691283 0.0803073 0.0861663 0.0851219 0.0773823
 1.20802e-16 3.97318e-05 0.000386208 0.00256649 0.0116669 0.0363002 0.0773425 0.11289 0.11292 0.0774901 0.0367959 0.0130991 0.0061634 0.00824543 0.01499 0.0247926 0.0359142 0.0456683 0.0514393 0.0522526 0.0494724 0.0459263 0.0440944 0.0447248 0.046723 0.048096
 1.14119e-16 4.15363e-05 0.000403748 0.00268305 0.0121968 0.0379488 0.0808551 0.118017 0.118048 0.0810084 0.0384636 0.0136849 0.00642358 0.00858605 0.0156309 0.0259072 0.0376313 0.0479998 0.0541898 0.0549409 0.0512945 0.0458114 0.0409157 0.037669 0.0356972 0.0339515
 1.10188e-16 4.19978e-05 0.000408234 0.00271286 0.0123323 0.0383705 0.0817536 0.119328 0.11936 0.0819094 0.038894 0.0138458 0.00651713 0.00872994 0.0158967 0.0263471 0.0382657 0.0487936 0.0550414 0.0556926 0.0517511 0.0457513 0.0400948 0.0358394 0.0326637 0.0296583
 1.09633e-16 4.16404e-05 0.00040476 0.00268977 0.0122273 0.038044 0.0810579 0.118313 0.118346 0.0812164 0.0385766 0.013767 0.00655978 0.00887009 0.0161694 0.0267991 0.0389176 0.0496132 0.0559395 0.056547 0.0524455 0.0462043 0.0402652 0.0357167 0.0322598 0.0290085
 1.09789e-16 4.10619e-05 0.000399137 0.00265241 0.0120575 0.0375154 0.0799318 0.11667 0.116702 0.0800913 0.0380511 0.0136061 0.00654502 0.00891491 0.0162679 0.0269711 0.0391849 0.0499901 0.0564308 0.0571515 0.0531585 0.0470144 0.0411459 0.0366201 0.033122 0.0297651
 1.09587e-16 4.27467e-05 0.000415513 0.00276123 0.0125522 0.0390546 0.0832112 0.121456 0.121487 0.0833631 0.039565 0.0140276 0.0064701 0.00852978 0.0155059 0.0257058 0.0373552 0.0476753 0.0538555 0.0546088 0.0508945 0.0451478 0.0396678 0.0354534 0.0321861 0.0290087
 1.09143e-16 4.25749e-05 0.000413843 0.00275014 0.0125017 0.0388977 0.0828769 0.120968 0.121 0.0830339 0.0394252 0.0140265 0.00658222 0.00879489 0.0160058 0.0265155 0.0384815 0.0490071 0.0551628 0.0556082 0.0513522 0.0449641 0.038898 0.0342678 0.0308005 0.0276225
 1.09528e-16 4.04379e-05 0.00039307 0.00261209 0.0118742 0.0369453 0.0787171 0.114897 0.11493 0.0788811 0.0374965 0.0134677 0.00661717 0.00915382 0.0167308 0.027733 0.0402718 0.051333 0.0578629 0.0584577 0.0541538 0.0476031 0.0413325 0.0364781 0.0327519 0.0292655
 1.10274e-16 4.01428e-05 0.000390202 0.00259303 0.0117876 0.0366757 0.0781427 0.114058 0.114091 0.0783026 0.0372132 0.0133415 0.00649972 0.0089387 0.016335 0.0270991 0.0394059 0.0503449 0.056967 0.0579186 0.054196 0.0483331 0.0427096 0.0383401 0.0348703 0.0314059
 1.10889e-16 3.96406e-05 0.00038532 0.00256059 0.0116401 0.0362168 0.077165 0.112631 0.112664 0.077326 0.0367579 0.0132044 0.00649333 0.00899065 0.0164424 0.0272776 0.0396643 0.0506749 0.0573459 0.0583245 0.0546284 0.0488231 0.0433111 0.0391043 0.035818 0.0325098
 1.1116e-16 3.99343e-05 0.000388175 0.00257956 0.0117263 0.0364852 0.0777367 0.113466 0.113498 0.0778951 0.0370175 0.0132654 0.00644895 0.00885564 0.0161821 0.0268503 0.0390572 0.0499294 0.0565597 0.0576229 0.0541194 0.0485631 0.0432989 0.0392994 0.0361641 0.032951
 1.10787e-16 4.11834e-05 0.000400317 0.00266025 0.0120931 0.0376264 0.0801681 0.117014 0.117046 0.0803231 0.038147 0.0135985 0.00644474 0.00868108 0.0158248 0.0262469 0.0381629 0.0487527 0.0551655 0.0561039 0.052555 0.0469972 0.0417508 0.0377911 0.0347384 0.0316665
 1.10093e-16 4.20463e-05 0.000408705 0.00271599 0.0123465 0.0384148 0.081848 0.119466 0.119498 0.0820028 0.0389349 0.0138502 0.00649553 0.00867691 0.0157966 0.0261854 0.0380418 0.0485311 0.054788 0.0555059 0.0516767 0.0458037 0.0402517 0.0360504 0.0328673 0.029801
 1.09497e-16 4.23295e-05 0.000411458 0.00273428 0.0124297 0.0386735 0.0823992 0.120271 0.120303 0.0825552 0.0391977 0.013945 0.00654296 0.00874243 0.0159136 0.0263714 0.038293 0.0488103 0.0550224 0.0556021 0.0515462 0.0453882 0.0395372 0.035068 0.031686 0.0285146
 1.09172e-16 4.26603e-05 0.000414673 0.00275565 0.0125268 0.0389757 0.083043 0.12121 0.121242 0.0831982 0.0394969 0.0140336 0.00654296 0.00869897 0.0158251 0.0262241 0.0380791 0.0485367 0.0547102 0.0552752 0.051217 0.0450488 0.0391628 0.0346315 0.0311733 0.0279346
 1.08805e-16 4.33332e-05 0.000421215 0.00279912 0.0127244 0.0395905 0.084353 0.123122 0.123154 0.0845067 0.040107 0.0142174 0.00655142 0.00862828 0.0156767 0.0259713 0.0376999 0.0480279 0.0540885 0.0545657 0.0504381 0.0442063 0.0382577 0.0336747 0.0301947 0.02698
 1.08481e-16 4.37252e-05 0.000425025 0.00282444 0.0128395 0.0399487 0.0851161 0.124236 0.124267 0.0852695 0.0404641 0.0143295 0.00656893 0.00861442 0.0156417 0.0259079 0.0375966 0.0478725 0.0538675 0.0542639 0.0500384 0.043695 0.0376323 0.0329506 0.0294073 0.0261791
 1.07397e-16 4.76065e-05 0.000462752 0.00307515 0.0139792 0.0434947 0.0926711 0.135262 0.135291 0.0928103 0.0439624 0.0153311 0.00647252 0.0078924 0.0141968 0.0234976 0.0340873 0.0433808 0.048769 0.0490514 0.0451154 0.0392406 0.0336188 0.0292678 0.0259857 0.0230371
 1.05595e-16 5.13485e-05 0.000499126 0.00331687 0.015078 0.0469134 0.099955 0.145893 0.14592 0.100087 0.0473563 0.0163577 0.00653141 0.00752462 0.0134181 0.0221649 0.0320743 0.0406526 0.0453889 0.045127 0.0407298 0.0344321 0.0284287 0.0238127 0.02049 0.0177974
 1.04572e-16 5.10212e-05 0.000495944 0.00329572 0.0149819 0.0466144 0.099318 0.144963 0.144992 0.0994572 0.047082 0.0163329 0.00668875 0.00790883 0.0141468 0.0233524 0.0337422 0.0426578 0.0474173 0.0467792 0.0416578 0.0344514 0.0275501 0.0222005 0.0183898 0.0154727
 1.04172e-16 5.21426e-05 0.000506845 0.00336816 0.0153112 0.047639 0.101501 0.148149 0.148176 0.101634 0.0480875 0.0166072 0.00662325 0.00761928 0.0135792 0.022417 0.0324054 0.0409973 0.0456235 0.0450883 0.0402535 0.0333939 0.0267752 0.0215766 0.0177903 0.0148243
 1.03968e-16 5.17177e-05 0.000502714 0.00334071 0.0151864 0.0472507 0.100674 0.146942 0.14697 0.100812 0.0477135 0.0165235 0.00669865 0.00783848 0.0139994 0.0231033 0.0333725 0.0421687 0.0468297 0.0461185 0.0409346 0.0336525 0.0266477 0.0211738 0.0172449 0.0142502
 1.04663e-16 4.7065e-05 0.000457489 0.00304017 0.0138202 0.043 0.0916172 0.133725 0.133757 0.091774 0.0435266 0.0153418 0.00686184 0.00880763 0.0159272 0.0263133 0.0380333 0.0481051 0.0535087 0.0528372 0.0471012 0.0389742 0.0311232 0.0249433 0.0204373 0.0169205
 1.05933e-16 4.52106e-05 0.000439463 0.00292039 0.0132757 0.0413058 0.0880075 0.128456 0.128488 0.0881632 0.0418289 0.0147878 0.00671978 0.00874607 0.0158577 0.0262408 0.0380218 0.0482859 0.0540771 0.0540153 0.0490702 0.0418011 0.0347137 0.0290464 0.0247021 0.0209841
 1.07127e-16 4.37534e-05 0.000425298 0.00282626 0.0128478 0.0399744 0.0851709 0.124316 0.124348 0.0853286 0.0405043 0.0143796 0.00667548 0.00884228 0.0160708 0.0266084 0.0385836 0.0490633 0.0550749 0.0552399 0.0505485 0.0435801 0.0368336 0.031501 0.0274122 0.0238004
 1.08091e-16 4.27264e-05 0.000415316 0.00275992 0.0125462 0.0390361 0.0831718 0.121398 0.121431 0.0833301 0.0395679 0.0140835 0.00662337 0.00886508 0.0161371 0.0267332 0.038796 0.0494004 0.0555826 0.0559727 0.0515636 0.0449219 0.0385124 0.0334761 0.0295888 0.0260439
 1.08599e-16 4.28922e-05 0.000416928 0.00277063 0.0125949 0.0391876 0.0834945 0.121869 0.121901 0.0836499 0.0397097 0.0141041 0.0065637 0.00871365 0.0158484 0.0262608 0.0381278 0.0485877 0.0547429 0.055259 0.0511135 0.0448171 0.0387664 0.0340474 0.0304022 0.0270079
 1.08791e-16 4.2643e-05 0.000414505 0.00275453 0.0125217 0.0389599 0.0830093 0.121161 0.121193 0.0831661 0.0394866 0.0140444 0.00658157 0.00878498 0.0159871 0.0264877 0.0384483 0.0489783 0.0551519 0.0556245 0.0513911 0.045 0.0388859 0.0341557 0.0305485 0.0272199
 1.09066e-16 4.18763e-05 0.000407052 0.00270501 0.0122966 0.0382594 0.081517 0.118983 0.119016 0.081676 0.0387937 0.013841 0.00658665 0.00889748 0.0162164 0.0268735 0.0390177 0.0497225 0.056025 0.0565629 0.0523419 0.0459368 0.0398038 0.0350522 0.0314092 0.0280175
 1.09375e-16 4.17691e-05 0.000406011 0.00269809 0.0122651 0.0381615 0.0813084 0.118679 0.118711 0.0814659 0.0386907 0.013795 0.00654362 0.00881851 0.0160709 0.0266402 0.0386983 0.0493565 0.0556901 0.0563558 0.0523455 0.0461924 0.0403005 0.0357352 0.0321993 0.028831
pSPR Fmed_Fpbrs
0.785104   0.285357 0.285357
Fs Fmed_Fpbrs
0.150248   1.005 1.005
SSBpbr Bo_Bmed_Bpbrs
2.50335e+06  1.84023e+06  589181 589181
Ro
320584
SPR SPRFo_SPRFmed_SPRFpbrs
2.28821e+06 1.79648e+06 652956
Fref
1.005
Nvult_r0
 210851 76214.1 24995.2 7926.78 3594.38
CTP_r0
 14178.2 9603.89 3149.69 998.87 452.936
YTP_r0
391081
Np
 320584 71353.4 14776.7 4796.1 1784.74
Nvult_p0
 249231 61744.9 12786.9 4150.25 1544.4
CTP_p0
 83353.4 47596.8 15448.5 5066.49 2118.48
 83353.4 30949.5 6409.4 2080.3 774.128
YTP_p0
 1.94795e+06 1.34483e+06
CBA_c0
1.76702e+06
log_Ro
12.4979
likeval ReclasPelacesDesembMPH_pf_preclas_ppelaces_ptallas_desvR_qrecl_qpela
 125.06 53.303 10.4111 0.00379536 275.25 157.435 107.918 0 0 0 0 51.2294 0 0 0
q_reclas_q_pelaces
1 1
M
1
N
 320584 19974.5 177079 13829.8 10312
 320584 111568 6576.04 58298.4 7948
 320584 108465 34715.8 2046.22 20613.4
 320584 110892 35277.9 11291.2 7369.97
 320584 108734 34676.9 11031.6 5835.49
 320584 114844 37930.4 12096.6 5883.9
 320584 110072 36801.6 12154.8 5761.85
 320584 104100 31549.3 10548.3 5135.37
 320584 116519 37381.1 11328.9 5631.8
 320584 114080 40107.6 12867.2 5838.17
 320584 114426 39506.3 13889.4 6477.72
 320584 116697 41214.9 14229.8 7336.03
 320584 110731 37844.8 13366 6993.77
 320584 110712 35897.8 12268.9 6600.43
 320584 107914 34100.6 11056.9 5811.98
 320584 111471 35466 11207.2 5543.97
 320584 105478 32801.5 10436.2 4929.19
 320584 109436 33410.9 10390.1 4867.11
 320584 103323 30900.2 9433.88 4308.02
 320584 88918.4 21606.8 6461.82 2873.69
 320584 91206.4 19563.8 4753.9 2053.99
 320584 95263.2 21892 4695.83 1634.08
 320584 83721.8 17660.9 4058.56 1173.5
 320584 102633 23325.3 4920.39 1457.68
 320584 105069 29967.1 6810.55 1862.28
 320584 106208 31347.3 8940.7 2587.54
 320584 110717 34434.9 10163.4 3737.69
 320584 108770 34645 10775.2 4349.85
 320584 108138 33641.6 10715.4 4678.06
 320584 110880 35163.5 10939.3 5005.53
 320584 111830 36675.9 11631.1 5274.11
pred_Ctot
 10992.5 1338.87 11869.5 927 691.203
 16386.8 11022.6 649.691 5759.69 785.237
 12164.7 8025.84 2568.79 151.41 1525.29
 15918.3 10653.1 3389.04 1084.71 708.011
 5325.75 3573.1 1139.52 362.511 191.76
 13590.6 9465.59 3126.28 997.021 484.96
 24017.8 15683.3 5243.6 1731.85 820.965
 2438.63 1575.79 477.567 159.671 77.735
 6643.81 4763.46 1528.2 463.145 230.236
 6047.53 4250.48 1494.35 479.414 217.522
 2130.88 1514.46 522.881 183.831 85.735
 12445.6 8829.24 3118.3 1076.62 555.039
 12477.6 8398.81 2870.49 1013.79 530.471
 17346.5 11555.2 3746.71 1280.53 688.897
 11160.8 7341.6 2319.93 752.225 395.4
 21603.6 14359.7 4568.74 1443.71 714.176
 14696.4 9379.23 2916.75 928.004 438.311
 25383 16431.2 5016.47 1560.02 730.771
 51019.2 29496.4 8821.31 2693.16 1229.84
 46900.5 23547 5721.82 1711.19 761
 39642.7 20741 4448.95 1081.07 467.093
 60447.8 31555.5 7251.63 1555.47 541.281
 26594.9 13136.5 2771.1 636.815 184.13
 22320.3 13639.1 3099.72 653.877 193.712
 20325.4 12768.7 3641.82 827.668 226.318
 12468.8 8050.27 2376.03 677.678 196.128
 15855.7 10595.8 3295.48 972.657 357.703
 16955.6 11105.8 3537.38 1100.18 444.136
 12187.1 8016.05 2493.78 794.311 346.774
 10537.7 7131.46 2261.62 703.586 321.942
 14178.2 9603.89 3149.69 998.87 452.936
F
 0.0555109 0.111022 0.111022 0.111022 0.111022
 0.0837203 0.167441 0.167441 0.167441 0.167441
 0.0615847 0.123169 0.123169 0.123169 0.123169
 0.081244 0.162488 0.162488 0.162488 0.162488
 0.0265736 0.0531472 0.0531472 0.0531472 0.0531472
 0.0690149 0.13803 0.13803 0.13803 0.13803
 0.12479 0.24958 0.24958 0.24958 0.24958
 0.0120947 0.0241895 0.0241895 0.0241895 0.0241895
 0.0332423 0.0664846 0.0664846 0.0664846 0.0664846
 0.0302209 0.0604417 0.0604417 0.0604417 0.0604417
 0.0105617 0.0211234 0.0211234 0.0211234 0.0211234
 0.0630451 0.12609 0.12609 0.12609 0.12609
 0.0632117 0.126423 0.126423 0.126423 0.126423
 0.0888092 0.177618 0.177618 0.177618 0.177618
 0.0563814 0.112763 0.112763 0.112763 0.112763
 0.111645 0.22329 0.22329 0.22329 0.22329
 0.0748093 0.149619 0.149619 0.149619 0.149619
 0.132287 0.264574 0.264574 0.264574 0.264574
 0.282426 0.564851 0.564851 0.564851 0.564851
 0.257021 0.514041 0.514041 0.514041 0.514041
 0.213502 0.427004 0.427004 0.427004 0.427004
 0.342646 0.685293 0.685293 0.685293 0.685293
 0.138981 0.277962 0.277962 0.277962 0.277962
 0.115532 0.231064 0.231064 0.231064 0.231064
 0.104743 0.209486 0.209486 0.209486 0.209486
 0.063166 0.126332 0.126332 0.126332 0.126332
 0.0809133 0.161827 0.161827 0.161827 0.161827
 0.0867338 0.173468 0.173468 0.173468 0.173468
 0.0617011 0.123402 0.123402 0.123402 0.123402
 0.0531626 0.106325 0.106325 0.106325 0.106325
 0.0720903 0.144181 0.144181 0.144181 0.144181
YTP_r0W_actual
 117679 135415 86931.5 34161.4 16894.5
YTP_p0W_proyectada
 624317 745842 357324 148803 71668.1
 624317 484978 148249 61098.4 26188.8
CTP_r0_actual
 14178.2 9603.89 3149.69 998.87 452.936
CTP_p0_proyectada
 83353.4 47596.8 15448.5 5066.49 2118.48
 83353.4 30949.5 6409.4 2080.3 774.128
Wmedp
 7.49 15.67 23.13 29.37 33.83
Frms_r0
 0.0720903 0.144181 0.144181 0.144181 0.144181
Zrms_r0
 1.07209 1.14418 1.14418 1.14418 1.14418
nmprior
 8.19 8.8 8.5 0
nm_flota  nm_reclas  nm_pelaces    nm_pelaL
inf 3.77777 7.20547 13.0305
cv_recla  cv_pelaces  cv_mph
1.01154 0.827843 1.90122
 ------------------------------------------------
Talla a la edad & desviaci?n 
 8 13.2811 15.8009 17.003 17.5766
 0.8 1.32811 1.58009 1.7003 1.75766
