years
 1991 1992 1993 1994 1995 1996 1997 1998 1999 2000 2001 2002 2003 2004 2005 2006 2007 2008 2009 2010 2011 2012 2013 2014 2015 2016 2017 2018 2019 2020 2021
reclasobs
 0 0 0 0 0 0 0 0 0 252601 567819 844713 477998 351125 339783 2.1784e+06 2.13404e+06 4.81314e+06 1.55562e+06 2.62356e+06 3.21686e+06 3.843e+06 1.13348e+06 3.07943e+06 1.97215e+06 2.03268e+06 2.025e+06 2.42433e+06 2.27542e+06 1.05018e+06 2.36338e+06
reclaspred
 3.22074e+06 1.80418e+06 912587 894100 880071 1.39843e+06 871652 769054 563368 412744 489342 635133 626997 488605 494283 1.31164e+06 1.27066e+06 2.87221e+06 2.36703e+06 1.75906e+06 3.11204e+06 2.52873e+06 2.00437e+06 3.08442e+06 2.31273e+06 2.04188e+06 2.42851e+06 2.58601e+06 2.11753e+06 1.33709e+06 1.91325e+06
pelacesobs
 0 0 0 0 0 0 0 0 0 0 0 0 0 0 0 552880 188675 0 991730 2.46772e+06 1.41603e+06 1.21717e+06 2.29649e+06 1.80582e+06 0 1.4828e+06 1.56532e+06 1.57751e+06 1.42118e+06 867257 1.10002e+06
pelacespred
 1.69224e+06 1.05449e+06 533671 426750 438634 718531 412530 453008 318757 221160 271719 294958 320319 263016 273457 604010 586463 1.52679e+06 1.29956e+06 896584 1.53466e+06 1.35236e+06 1.06953e+06 1.80089e+06 1.30255e+06 1.14628e+06 1.55205e+06 1.62981e+06 1.09976e+06 789171 1.12744e+06
mphobs
 0 0 0 0 0 0 0 0 0 0 0 498337 0 5186 125008 0 168611 109162 213762 579715 649985 157893 87575 83554 0 0 0 0 0 0 0
mphpred
 3.20569e+06 2.14406e+06 1.06774e+06 581756 620970 696519 919872 564608 501233 345759 230314 381747 412759 349819 236943 300267 997149 948990 1.88071e+06 1.42001e+06 1.51343e+06 1.87061e+06 1.77727e+06 1.46266e+06 2.03388e+06 1.67381e+06 1.37515e+06 1.47148e+06 2.05718e+06 1.40007e+06 852412
desembarqueobs
 494567 514787 250237 358949 120608 361735 552515 73892 212993 205616 52469 317467 293654 387597 252695 516296 358380 742168 942051 627588 828172 859565 418607 520667 417249 300574 415391 372974 316634 284311 391294
desembarquepred
 494573 513534 250841 358979 120613 361747 552556 73896.2 213041 205659 52471.5 317532 293704 387630 252689 516256 358402 742069 941848 627453 828234 859577 418615 520689 417248 300574 415389 372958 316627 284318 391297
Reclutas
 199079 111972 111915 181484 145402 253666 104229 47066.6 45278.7 60723 113465 149960 124968 87410.7 87164.4 478818 101205 735803 423439 325167 482520 646015 134052 399455 335536 150617 340167 381836 111019 82396.5 318903
log_desv_Rt
 0.1123 -0.463151 -0.46366 0.0197671 -0.2019 0.35462 -0.534809 -1.32984 -1.36856 -1.07508 -0.449904 -0.17103 -0.353345 -0.710783 -0.713605 0.98992 -0.564249 1.41956 0.86701 0.60294 0.997622 1.28942 -0.283175 0.8087 0.634328 -0.166658 0.648036 0.763592 -0.471698 -0.769858 0.583485
SSB
 3.20569e+06 2.14406e+06 1.06774e+06 581756 620970 696519 919872 564608 501233 345759 230314 381747 412759 349819 236943 300267 997149 948990 1.88071e+06 1.42001e+06 1.51343e+06 1.87061e+06 1.77727e+06 1.46266e+06 2.03388e+06 1.67381e+06 1.37515e+06 1.47148e+06 2.05718e+06 1.40007e+06 852412
BT
 4.32009e+06 2.93955e+06 1.48003e+06 1.28593e+06 1.10673e+06 1.96551e+06 1.44644e+06 1.10948e+06 946599 708410 671899 946289 1.0054e+06 1.00983e+06 884169 1.8112e+06 1.63206e+06 4.17561e+06 3.90232e+06 2.63164e+06 4.21107e+06 3.92132e+06 2.8308e+06 4.63687e+06 3.38855e+06 2.90935e+06 4.00289e+06 4.13239e+06 2.79704e+06 2.09582e+06 2.97748e+06
Ftot
 0.132157 0.240619 0.234775 0.361303 0.123266 0.240074 0.532314 0.086061 0.335021 0.437271 0.103071 0.449779 0.419781 0.699667 0.47827 0.384899 0.245892 0.248485 0.353841 0.319114 0.24396 0.308586 0.181623 0.159468 0.160965 0.130392 0.160537 0.136797 0.127748 0.18399 0.195928
BD_Bspro_t
 0.979077 0.847934 0.689992 0.60069 0.586773 0.659717 0.650396 0.484525 0.541396 0.498968 0.468099 0.675904 0.562117 0.473311 0.366319 0.424571 0.603394 0.578709 0.673944 0.579297 0.54993 0.598664 0.614393 0.606895 0.709307 0.717219 0.723913 0.758253 0.80035 0.737668 0.67151
BD_Bspro
 2.52414 1.68822 0.840732 0.458072 0.488949 0.548436 0.724303 0.44457 0.394669 0.272249 0.181349 0.300586 0.325004 0.275446 0.186568 0.236429 0.785151 0.747231 1.48086 1.11811 1.19167 1.47291 1.39941 1.15169 1.60147 1.31795 1.08279 1.15864 1.61982 1.10241 0.671185
BD_Bo
 1.67139 1.11788 0.556701 0.303318 0.323764 0.363154 0.479606 0.294378 0.261335 0.180273 0.120082 0.199037 0.215206 0.18239 0.123538 0.156555 0.519898 0.494788 0.980574 0.740369 0.789078 0.975307 0.92664 0.762606 1.06043 0.8727 0.716981 0.767205 1.07258 0.729974 0.444434
BD_Brms
 10.3599 6.92898 3.45062 1.88007 2.0068 2.25095 2.97276 1.82465 1.61984 1.11739 0.74431 1.2337 1.33392 1.13052 0.765732 0.970378 3.2225 3.06686 6.07792 4.58906 4.89097 6.04528 5.74362 4.72689 6.57293 5.40929 4.44409 4.7554 6.64823 4.52462 2.75475
Sel_flota
 0.798809 0.999998 1 1 1
 0.798809 0.999998 1 1 1
 0.798809 0.999998 1 1 1
 0.798809 0.999998 1 1 1
 0.798809 0.999998 1 1 1
 0.798809 0.999998 1 1 1
 0.798809 0.999998 1 1 1
 0.798809 0.999998 1 1 1
 0.798809 0.999998 1 1 1
 0.798809 0.999998 1 1 1
 0.798809 0.999998 1 1 1
 0.798809 0.999998 1 1 1
 0.798809 0.999998 1 1 1
 0.798809 0.999998 1 1 1
 0.798809 0.999998 1 1 1
 0.798809 0.999998 1 1 1
 0.798809 0.999998 1 1 1
 0.798809 0.999998 1 1 1
 0.798809 0.999998 1 1 1
 0.798809 0.999998 1 1 1
 0.798809 0.999998 1 1 1
 0.798809 0.999998 1 1 1
 0.798809 0.999998 1 1 1
 0.798809 0.999998 1 1 1
 0.798809 0.999998 1 1 1
 0.798809 0.999998 1 1 1
 0.798809 0.999998 1 1 1
 0.798809 0.999998 1 1 1
 0.798809 0.999998 1 1 1
 0.798809 0.999998 1 1 1
 0.798809 0.999998 1 1 1
Sel_reclas
 1 1 1 1 1
 1 1 1 1 1
 1 1 1 1 1
 1 1 1 1 1
 1 1 1 1 1
 1 1 1 1 1
 1 1 1 1 1
 1 1 1 1 1
 1 1 1 1 1
 1 1 1 1 1
 1 1 1 1 1
 1 1 1 1 1
 1 1 1 1 1
 1 1 1 1 1
 1 1 1 1 1
 1 1 1 1 1
 1 1 1 1 1
 1 1 1 1 1
 1 1 1 1 1
 1 1 1 1 1
 1 1 1 1 1
 1 1 1 1 1
 1 1 1 1 1
 1 1 1 1 1
 1 1 1 1 1
 1 1 1 1 1
 1 1 1 1 1
 1 1 1 1 1
 1 1 1 1 1
 1 1 1 1 1
 1 1 1 1 1
Sel_pelaces
 1 1 1 1 1
 1 1 1 1 1
 1 1 1 1 1
 1 1 1 1 1
 1 1 1 1 1
 1 1 1 1 1
 1 1 1 1 1
 1 1 1 1 1
 1 1 1 1 1
 1 1 1 1 1
 1 1 1 1 1
 1 1 1 1 1
 1 1 1 1 1
 1 1 1 1 1
 1 1 1 1 1
 1 1 1 1 1
 1 1 1 1 1
 1 1 1 1 1
 1 1 1 1 1
 1 1 1 1 1
 1 1 1 1 1
 1 1 1 1 1
 1 1 1 1 1
 1 1 1 1 1
 1 1 1 1 1
 1 1 1 1 1
 1 1 1 1 1
 1 1 1 1 1
 1 1 1 1 1
 1 1 1 1 1
 1 1 1 1 1
pf_obs 
 0.8446 0.082 0.0669 0.0065 0
 0.8095 0.147 0.0364 0.0071 0
 0.9664 0.0169 0.016 0.0007 0
 0.9276 0.0648 0.0075 0.0001 0
 0.7033 0.2144 0.0806 0.0017 0
 0.9318 0.0425 0.0243 0.0014 0
 0.5671 0.3108 0.0964 0.0239 0.0018
 0.0768 0.2599 0.5324 0.112 0.0189
 0.490249 0.384438 0.106611 0.0170017 0.00170017
 0.7925 0.1577 0.0466 0.003 0.0002
 0.840416 0.127587 0.0312969 0.00059994 9.999e-05
 0.8084 0.0986 0.0794 0.0134 0.0002
 0.7335 0.1905 0.0724 0.0035 0.0001
 0.4001 0.4547 0.1325 0.0127 0
 0.49795 0.308269 0.164784 0.0264974 0.00249975
 0.9179 0.0499 0.0305 0.0017 0
 0.2467 0.6533 0.0926 0.0074 0
 0.9418 0.0223 0.034 0.0019 0
 0.707729 0.231977 0.0356964 0.0245975 0
 0.517169 0.277429 0.184464 0.0207286 0.00020938
 0.811772 0.124168 0.05621 0.00726502 0.000585176
 0.764997 0.148141 0.077277 0.00933861 0.000247198
 0.163321 0.427699 0.378323 0.0303852 0.000271297
 0.753843 0.0900009 0.118128 0.0371064 0.000921714
 0.721811 0.176058 0.0630433 0.0369309 0.00215725
 0.143369 0.312575 0.442814 0.0836902 0.0175525
 0.692698 0.0596174 0.167031 0.0765114 0.00414204
 0.394062 0.376323 0.152708 0.0712218 0.00568511
 0.125707 0.32114 0.495352 0.0537591 0.00404204
 0.23352 0.215282 0.420074 0.123614 0.00750983
 0.796117 0.104755 0.0508955 0.0450114 0.00322123
pf_pred 
 0.444812 0.124491 0.406144 0.0245519 8.1751e-07
 0.411216 0.297144 0.0653952 0.213347 0.0128975
 0.559428 0.208697 0.117022 0.025754 0.0890997
 0.730602 0.167166 0.0484269 0.0271541 0.026651
 0.646611 0.275691 0.0482128 0.0139669 0.0155181
 0.748739 0.17568 0.0589636 0.0103115 0.0063061
 0.471799 0.419067 0.0763057 0.0256105 0.00721777
 0.451301 0.298702 0.198345 0.0361154 0.0155376
 0.539501 0.234785 0.122875 0.0815915 0.0212481
 0.704126 0.178823 0.0596787 0.0312329 0.0261402
 0.814905 0.140431 0.0269946 0.00900893 0.00866088
 0.732373 0.226949 0.0308619 0.00593248 0.00388321
 0.677285 0.252883 0.0592182 0.00805281 0.00256121
 0.621697 0.277864 0.0787049 0.0184305 0.0033034
 0.731153 0.186077 0.060795 0.0172201 0.00475524
 0.933816 0.0518345 0.00993195 0.00324496 0.00117294
 0.376573 0.591482 0.0250187 0.00479379 0.00213236
 0.895648 0.0456921 0.0556545 0.00235409 0.000651704
 0.589725 0.376288 0.0148817 0.0181264 0.000978972
 0.596912 0.263071 0.128419 0.00507877 0.00652021
 0.736266 0.173635 0.0588019 0.0287043 0.00259262
 0.739135 0.204145 0.0373433 0.0126464 0.00673093
 0.315147 0.538594 0.114457 0.0209372 0.0108642
 0.737428 0.0972996 0.129976 0.0276214 0.00767445
 0.621382 0.296011 0.030611 0.0408911 0.0111042
 0.431278 0.384932 0.143692 0.0148593 0.0252399
 0.73023 0.132424 0.0929608 0.0347014 0.00968393
 0.684848 0.244398 0.0347315 0.0243814 0.0116412
 0.343251 0.482316 0.135272 0.0192235 0.0199381
 0.419658 0.231642 0.256085 0.0718221 0.0207927
 0.826204 0.0835317 0.036029 0.0398307 0.014405
pobs_RECLAS
 0 0 0 0 0
 0 0 0 0 0
 0 0 0 0 0
 0 0 0 0 0
 0 0 0 0 0
 0 0 0 0 0
 0 0 0 0 0
 0 0 0 0 0
 0 0 0 0 0
 0 0 0 0 0
 0.991045 0.00858322 0.000360255 1.14367e-05 0
 0.934742 0.0480273 0.0164251 0.00080598 0
 0.827803 0.169806 0.00239088 0 0
 0.941827 0.0461693 0.0120037 0 0
 0.791401 0.0380133 0.147996 0.0225897 0
 0.846168 0.0940531 0.0597789 0 0
 0.134021 0.677848 0.182769 0.00536245 0
 0.80878 0.0450904 0.141981 0.00414843 0
 0.846168 0.0940531 0.0597789 0 0
 0.905697 0.0802665 0.012482 0.00150086 5.37128e-05
 0.989698 0.0102097 9.19794e-05 0 0
 0.975433 0.0193895 0.00387452 0.00125025 5.28907e-05
 0.303575 0.632131 0.0575291 0.00676475 0
 0.966965 0.00978017 0.0227588 0.000495775 0
 0.843318 0.132988 0.00938335 0.0141283 0.000182051
 0.564624 0.303363 0.111486 0.0197234 0.00080311
 0.826376 0.0876187 0.0782897 0.00655872 0.00115652
 0.89761 0.0855135 0.0140674 0.00269457 0.000114338
 0.34875 0.467042 0.161289 0.0227151 0.000203297
 0.318654 0.224769 0.449479 0.00709798 0
 0.937255 0.0296025 0.0250945 0.00804832 0
ppred_RECLAS
 0.501351 0.111813 0.364783 0.0220516 7.34256e-07
 0.467665 0.268656 0.0591254 0.192892 0.011661
 0.61494 0.182401 0.102277 0.0225089 0.0778729
 0.773838 0.140337 0.0406547 0.0227961 0.0223737
 0.696578 0.23671 0.0413957 0.011992 0.0133239
 0.789399 0.147251 0.0494218 0.00864286 0.00528561
 0.531072 0.372041 0.0677428 0.0227365 0.0064078
 0.507685 0.268007 0.177963 0.0324042 0.0139409
 0.596302 0.205825 0.107719 0.0715275 0.0186272
 0.750551 0.150764 0.0503145 0.0263321 0.0220386
 0.846665 0.116334 0.0223626 0.00746306 0.00717473
 0.77584 0.190089 0.0258494 0.00496894 0.00325251
 0.726186 0.214564 0.0502448 0.00683256 0.00217311
 0.676932 0.237294 0.0672134 0.0157395 0.00282108
 0.774903 0.155796 0.0509016 0.0144178 0.0039814
 0.946844 0.041631 0.00797684 0.00260619 0.000942051
 0.431785 0.539099 0.022803 0.00436924 0.00194351
 0.915241 0.0371127 0.0452045 0.00191207 0.000529336
 0.644526 0.326027 0.0128939 0.0157052 0.000848208
 0.651116 0.227695 0.11115 0.00439581 0.00564341
 0.778363 0.14592 0.049416 0.0241225 0.00217878
 0.781178 0.171243 0.0313247 0.0106082 0.00564611
 0.366313 0.498356 0.105906 0.0193729 0.0100525
 0.779073 0.0818678 0.109362 0.0232406 0.00645727
 0.673284 0.255434 0.0264147 0.0352857 0.00958203
 0.487599 0.346812 0.129462 0.0133878 0.0227403
 0.772668 0.111592 0.078337 0.0292425 0.00816053
 0.731707 0.20806 0.0295674 0.0207562 0.00991031
 0.39607 0.443526 0.124392 0.0176774 0.0183345
 0.476011 0.209149 0.231218 0.0648479 0.0187737
 0.856604 0.0689203 0.0297268 0.0328635 0.0118853
pobs_PELACES
 0 0 0 0 0
 0 0 0 0 0
 0 0 0 0 0
 0 0 0 0 0
 0 0 0 0 0
 0 0 0 0 0
 0 0 0 0 0
 0 0 0 0 0
 0 0 0 0 0
 0 0 0 0 0
 0 0 0 0 0
 0 0 0 0 0
 0 0 0 0 0
 0 0 0 0 0
 0 0 0 0 0
 0 0 0 0 0
 0.505614 0.472636 0.0217494 0 0
 0 0 0 0 0
 0.443492 0.261883 0.143347 0.151278 0
 0.227955 0.32914 0.350689 0.0885471 0.00366901
 0.970185 0.0296113 0.000203453 0 0
 0.997202 0.00247181 0.000326279 0 0
 0.445219 0.490057 0.0546422 0.010081 0
 0.90214 0.0892962 0.00764917 0.000914606 0
 0 0 0 0 0
 0.581667 0.319106 0.0959925 0.00289975 0.000334073
 0.762889 0.0836404 0.116647 0.0363945 0.000428098
 0.88444 0.0763242 0.0277011 0.0115352 0
 0.521256 0.241999 0.230069 0.00667565 0
 0.616807 0.101726 0.260614 0.0208532 0
 0.833518 0.0704572 0.0857862 0.0102388 0
ppred_PELACES
 0.503545 0.111322 0.363178 0.0219546 7.31026e-07
 0.471645 0.266648 0.0586835 0.19145 0.0115738
 0.618625 0.180656 0.101298 0.0222935 0.0771278
 0.778009 0.137749 0.039905 0.0223757 0.0219611
 0.698305 0.235363 0.0411601 0.0119238 0.013248
 0.792037 0.145406 0.0488028 0.00853461 0.00521941
 0.539862 0.365067 0.0664729 0.0223103 0.00628768
 0.509113 0.26723 0.177446 0.0323102 0.0139005
 0.601644 0.203101 0.106293 0.0705808 0.0183807
 0.755947 0.147503 0.0492262 0.0257625 0.0215618
 0.847552 0.115662 0.0222333 0.00741993 0.00713326
 0.780991 0.185721 0.0252554 0.00485477 0.00317777
 0.731693 0.210249 0.0492343 0.00669515 0.00212941
 0.687006 0.229895 0.0651174 0.0152487 0.00273311
 0.780393 0.151996 0.0496601 0.0140662 0.00388429
 0.948116 0.0406351 0.00778602 0.00254385 0.000919515
 0.435795 0.535295 0.0226421 0.00433841 0.0019298
 0.916512 0.0365562 0.0445266 0.0018834 0.000521398
 0.64989 0.321107 0.0126993 0.0154682 0.000835408
 0.655914 0.224564 0.109621 0.00433536 0.00556581
 0.781144 0.144089 0.0487958 0.0238197 0.00215144
 0.78466 0.168518 0.0308263 0.0104394 0.00555627
 0.369117 0.496151 0.105437 0.0192872 0.010008
 0.78089 0.0811945 0.108462 0.0230494 0.00640416
 0.675631 0.253599 0.026225 0.0350322 0.00951321
 0.489762 0.345347 0.128915 0.0133313 0.0226443
 0.774535 0.110676 0.0776937 0.0290023 0.00809352
 0.733486 0.20668 0.0293713 0.0206185 0.00984459
 0.398101 0.442034 0.123974 0.017618 0.0182729
 0.479059 0.207933 0.229873 0.0644707 0.0186645
 0.858195 0.0681559 0.0293971 0.032499 0.0117535
pobs_pel_tallas
 0 0 0 0 0 0 0 0 0 0 0 0 0 0 0 0 0 0 0 0 0 0 0 0 0 0
 0 0 0 0 0 0 0 0 0 0 0 0 0 0 0 0 0 0 0 0 0 0 0 0 0 0
 0 0 0 0 0 0 0 0 0 0 0 0 0 0 0 0 0 0 0 0 0 0 0 0 0 0
 0 0 0 0 0 0 0 0 0 0 0 0 0 0 0 0 0 0 0 0 0 0 0 0 0 0
 0 0 0 0 0 0 0 0 0 0 0 0 0 0 0 0 0 0 0 0 0 0 0 0 0 0
 0 0 0 0 0 0 0 0 0 0 0 0 0 0 0 0 0 0 0 0 0 0 0 0 0 0
 0 0 0 0 0 0 0 0 0 0 0 0 0 0 0 0 0 0 0 0 0 0 0 0 0 0
 0 0 0 0 0 0 0 0 0 0 0 0 0 0 0 0 0 0 0 0 0 0 0 0 0 0
 0 0 0 0 0 0 0 0 0 0 0 0 0 0 0 0 0 0 0 0 0 0 0 0 0 0
 0 0 0 0 0 0 0 0 0 0 0 0 0 0 0 0 0 0 0 0 0 0 0 0 0 0
 0 0 0 0 0 0 0 0 0 0 0 0 0 0 0 0 0 0 0 0 0 0 0 0 0 0
 0 0 0 0 0 0 0 0 0 0 0 0 0 0 0 0 0 0 0 0 0 0 0 0 0 0
 0.00862536 0 0 0.000197151 0.00414017 0.0128641 0.00837892 0.0270097 0.101434 0.158115 0.152841 0.127902 0.109271 0.109419 0.0830992 0.0579132 0.0238553 0.00714673 0.00463305 0.00128148 0.00103504 0.000492878 0.000147863 0.000147863 4.92878e-05 0
 0 0 0 0 0 0 0 0 0 0 0 0 0 0 0 0 0 0 0 0 0 0 0 0 0 0
 0 0 0 0 0 0 0 0.0054083 0.00873648 0.0413646 0.0450493 0.0745869 0.0622846 0.0627006 0.0613931 0.0827291 0.12552 0.122667 0.0946155 0.0697135 0.0546179 0.0294188 0.0215738 0.0213955 0.0102223 0.00600262
 0 0 0 0 0.00359764 0.0251062 0.0480494 0.140153 0.205849 0.193036 0.1447 0.116669 0.0760912 0.0342217 0.00950174 0.001854 0.000860785 0 0 0 0.000165536 0 0.000143464 0 0 0
 0 0 0 0 0 0 0 0.000145254 0.000435761 0.0275982 0.070085 0.0708112 0.156366 0.174668 0.174014 0.160142 0.0824315 0.0480064 0.0283245 0.00493863 0.00203355 0 0 0 0 0
 0 0 0 0 0 0 0 0 0 0 0 0 0 0 0 0 0 0 0 0 0 0 0 0 0 0
 0 0 1.00437e-05 0.000401748 0.00122533 0.00171747 0.00176769 0.0269171 0.070346 0.194647 0.189555 0.159765 0.064822 0.0314167 0.0384472 0.0292271 0.0345202 0.0313363 0.0194345 0.0106764 0.0143323 0.0359363 0.0279516 0.0138201 0.00172751 0
 0 0.0021121 0.0136068 0.0755702 0.200478 0.177729 0.0527432 0.0373336 0.0318909 0.0142505 0.0149659 0.0166563 0.0217959 0.0798694 0.0677717 0.0528807 0.04013 0.0224614 0.0357745 0.0225083 0.00881397 0.00855152 0.00135912 0.000746735 0 0
 0 0 0 0 5.4009e-05 0.00500934 0.000945158 0.0243581 0.138947 0.33067 0.221406 0.137944 0.0707744 0.0437923 0.0131692 0.00525238 0.0047753 0.00276346 9.45158e-05 9.00151e-06 2.25038e-05 9.00151e-06 4.50075e-06 0 0 0
 0.000866109 0.00284123 0.00948549 0.0512746 0.133035 0.25785 0.225252 0.132002 0.0553304 0.0519788 0.0540692 0.017754 0.00435017 0.00159236 0.00146478 0.000404838 0.000125132 0.000115318 0.000107957 0.000100596 0 0 0 0 0 0
 0 0 0 0 0.00144013 0.00171154 0.00461396 0.0210425 0.0478622 0.0707936 0.0888783 0.103762 0.0637923 0.0337046 0.0602308 0.124433 0.169614 0.0934646 0.0462172 0.0250306 0.0313229 0.00938855 0.002487 0.000210481 0 0
 0 0.00764035 0.051015 0.0998891 0.058973 0.0496711 0.0374665 0.0718981 0.12319 0.153886 0.159021 0.0857701 0.0377988 0.023471 0.0147837 0.00900784 0.00315554 0.000888139 0.00291439 0.00214683 0.00393193 0.00274676 0.000635225 9.99891e-05 0 0
 0 0 0 0 0 0 0 0 0 0 0 0 0 0 0 0 0 0 0 0 0 0 0 0 0 0
 0 0 0 0 0 0 0 0 0 0 0 0 0 0 0 0 0 0 0 0 0 0 0 0 0 0
 0 0 0 0 0 0 0 0 0 0 0 0 0 0 0 0 0 0 0 0 0 0 0 0 0 0
 0 0 0 0 0 0 0 0 0 0 0 0 0 0 0 0 0 0 0 0 0 0 0 0 0 0
 0 0 0 0 0 0 0 0 0 0 0 0 0 0 0 0 0 0 0 0 0 0 0 0 0 0
 0 0 0 0 0 0 0 0 0 0 0 0 0 0 0 0 0 0 0 0 0 0 0 0 0 0
 0 0 0 0 0 0 0 0 0 0 0 0 0 0 0 0 0 0 0 0 0 0 0 0 0 0
ppred_pel_tallas
 1.12711e-16 4.14764e-05 0.000403165 0.00267917 0.0121791 0.0378939 0.0807373 0.117841 0.117852 0.0807927 0.0380812 0.0127272 0.00408086 0.003549 0.00626726 0.0109491 0.0172869 0.0248917 0.033275 0.0420217 0.0506995 0.0585022 0.0640505 0.0657498 0.0625966 0.0548515
 1.22921e-16 3.88488e-05 0.000377624 0.00250945 0.0114076 0.0354934 0.0756234 0.11038 0.110406 0.0757495 0.0359172 0.0126331 0.00559147 0.00712606 0.0129186 0.0214723 0.0313734 0.0404691 0.04668 0.0492728 0.049375 0.0491675 0.0503455 0.0530302 0.0558317 0.0568105
 1.18258e-16 5.09553e-05 0.000495304 0.00329147 0.0149626 0.0465541 0.0991892 0.144773 0.144791 0.099275 0.0468427 0.0157979 0.00539526 0.00511149 0.00888843 0.0148023 0.0217714 0.0283604 0.0331652 0.0356241 0.0363525 0.0366387 0.0374962 0.0390267 0.0404883 0.0408559
 1.07148e-16 6.40836e-05 0.000622915 0.00413949 0.0188175 0.0585484 0.124744 0.18207 0.182084 0.124809 0.0587671 0.0194498 0.00572882 0.0040999 0.00669 0.0110193 0.0160151 0.0204636 0.023186 0.0236788 0.022416 0.0205004 0.0189391 0.0181116 0.017748 0.0172868
 1.04686e-16 5.75185e-05 0.000559101 0.00371542 0.0168898 0.0525505 0.111965 0.163421 0.163444 0.112076 0.052923 0.017966 0.0064176 0.00646079 0.0112743 0.0185705 0.0268013 0.0338248 0.0375009 0.0368565 0.0326616 0.0268897 0.0215083 0.0175435 0.0149608 0.0131613
 1.03185e-16 6.5239e-05 0.000634147 0.00421413 0.0191568 0.0596041 0.126993 0.185353 0.185367 0.127062 0.059835 0.0198243 0.0058918 0.00430388 0.00705637 0.0116189 0.0168636 0.021484 0.0241877 0.0243709 0.0224487 0.0195176 0.016636 0.0143037 0.0124482 0.0107587
 1.05314e-16 4.44678e-05 0.000432243 0.00287241 0.0130576 0.0406272 0.0865618 0.126347 0.126382 0.0867338 0.041205 0.014727 0.00706423 0.00958759 0.0174457 0.0288069 0.0415788 0.0524695 0.0581494 0.0570849 0.0504351 0.0412218 0.0324704 0.0257797 0.0211526 0.0177631
 1.10782e-16 4.1935e-05 0.000407623 0.0027088 0.0123138 0.0383131 0.081631 0.119148 0.119174 0.081758 0.0387404 0.0135509 0.0058251 0.00724696 0.0131381 0.0219339 0.0322482 0.0419274 0.0487681 0.0517121 0.0513545 0.0492774 0.0468043 0.044236 0.0410551 0.0366848
 1.13309e-16 4.95567e-05 0.000481709 0.00320112 0.0145519 0.0452763 0.0964668 0.1408 0.14082 0.0965632 0.0456006 0.0154903 0.00556411 0.00566501 0.00996778 0.0165981 0.0243787 0.0316758 0.0368707 0.0392721 0.0394942 0.038901 0.0385688 0.0386155 0.0383255 0.0368012
 1.07691e-16 6.22664e-05 0.000605251 0.00402211 0.0182839 0.0568882 0.121207 0.176908 0.176922 0.121277 0.0571226 0.0189617 0.00572635 0.00433523 0.00717502 0.0118406 0.0172376 0.022083 0.0251249 0.0258238 0.0246702 0.0228088 0.0212706 0.0204199 0.01995 0.0192749
 1.02623e-16 6.98117e-05 0.000678595 0.0045095 0.0204996 0.0637818 0.135894 0.198344 0.198355 0.135949 0.0639649 0.0210287 0.0058383 0.00358139 0.00558884 0.00914533 0.0132069 0.0166942 0.0185598 0.0183304 0.0163836 0.0136804 0.0111706 0.00933602 0.00813865 0.00727076
 1.01802e-16 6.43292e-05 0.000625303 0.00415536 0.0188897 0.0587728 0.125222 0.18277 0.182787 0.12531 0.0590665 0.0197378 0.00628422 0.00527234 0.00888905 0.0145913 0.0210078 0.0264063 0.0290659 0.0281917 0.0243828 0.0192192 0.0143131 0.0105637 0.00804418 0.00636718
 1.02507e-16 6.02686e-05 0.000585832 0.00389306 0.0176973 0.055063 0.117318 0.171234 0.171254 0.117417 0.0553961 0.0186598 0.00631045 0.00586774 0.0101053 0.0166465 0.0240566 0.0304222 0.0338258 0.0333684 0.029678 0.0244367 0.0193304 0.0152542 0.0122372 0.00988155
 1.0393e-16 5.65878e-05 0.000550054 0.0036553 0.0166165 0.0517002 0.110154 0.160777 0.160799 0.110262 0.0520648 0.0176704 0.00630336 0.00633935 0.0110767 0.0182883 0.0264935 0.0336388 0.0376599 0.0375925 0.0341107 0.0289984 0.0240041 0.0199959 0.0169134 0.0142794
 1.0354e-16 6.428e-05 0.000624824 0.00415218 0.0188752 0.0587279 0.125126 0.182629 0.182644 0.125198 0.0589692 0.0195729 0.00590579 0.00446068 0.00737198 0.0121453 0.0176298 0.0224657 0.0253073 0.0255304 0.023577 0.0205973 0.0176935 0.0153726 0.0135337 0.0118253
 1.00646e-16 7.8095e-05 0.000759111 0.00504456 0.0229319 0.0713495 0.152018 0.221875 0.221879 0.152037 0.0714139 0.0231177 0.0055113 0.00177863 0.00201618 0.00321442 0.00463445 0.0058524 0.00649431 0.00638989 0.00566789 0.00466313 0.00370964 0.0029821 0.00247796 0.00210355
 1.01552e-16 3.58959e-05 0.000348921 0.00231871 0.0105405 0.0327958 0.0698768 0.101998 0.10205 0.0701285 0.0336405 0.0129791 0.00843545 0.0136877 0.0253268 0.041704 0.0598153 0.0746771 0.081234 0.0771554 0.0642519 0.0473156 0.0313494 0.0193136 0.0116707 0.00735062
 1.01572e-16 7.54919e-05 0.000733808 0.00487641 0.0221675 0.0689713 0.146951 0.21448 0.214483 0.146968 0.0690303 0.0223389 0.00530962 0.00168913 0.00191797 0.00312445 0.0046632 0.00621561 0.00749875 0.00836062 0.0088274 0.00901097 0.00896522 0.00863115 0.0079127 0.00679779
 1.02142e-16 5.35306e-05 0.000520337 0.00345782 0.0157188 0.0489071 0.104203 0.152094 0.152125 0.104354 0.0494139 0.0171818 0.00712794 0.00852454 0.0152326 0.0250397 0.0359311 0.0449066 0.0489539 0.0467013 0.0392573 0.0295011 0.0204069 0.0136856 0.00952226 0.00718112
 1.04598e-16 5.40268e-05 0.00052516 0.00348987 0.0158645 0.0493604 0.105168 0.153501 0.153522 0.105275 0.049718 0.0168989 0.00609209 0.00622468 0.0109335 0.0181327 0.0264466 0.0339426 0.0386572 0.0396359 0.037419 0.0335221 0.0293764 0.0256102 0.0221042 0.0185261
 1.04198e-16 6.43419e-05 0.000625426 0.00415617 0.0188934 0.0587844 0.125247 0.182804 0.182818 0.125315 0.0590133 0.0195552 0.00582006 0.0042662 0.00700402 0.0115439 0.0167813 0.0214397 0.0242628 0.0246777 0.0231126 0.0206472 0.0182883 0.0164533 0.014973 0.0134534
 1.0292e-16 6.46314e-05 0.000628241 0.00417488 0.0189784 0.059049 0.125811 0.183628 0.183644 0.12589 0.0593157 0.0197491 0.00611007 0.00485507 0.00809899 0.0133053 0.0192043 0.0242446 0.0268914 0.026443 0.0234409 0.0192843 0.0153682 0.0124209 0.0104252 0.00897545
 1.06798e-16 3.04038e-05 0.000295535 0.00196394 0.00892781 0.027778 0.0591857 0.0863933 0.0864412 0.0594197 0.0285637 0.0111981 0.00766534 0.0127508 0.0237118 0.0392217 0.0566595 0.0715896 0.0794926 0.0782655 0.0694336 0.0570299 0.0450945 0.0357682 0.0290894 0.0240302
 1.06547e-16 6.43209e-05 0.000625222 0.00415482 0.0188872 0.0587651 0.125206 0.182743 0.182751 0.125245 0.0588968 0.0192696 0.00512245 0.00276309 0.00419955 0.00703743 0.0105917 0.0142849 0.017553 0.0201112 0.0220392 0.0235482 0.0246464 0.0250267 0.0242745 0.0221941
 1.05945e-16 5.56508e-05 0.000540946 0.00359478 0.0163414 0.0508441 0.10833 0.158116 0.15814 0.108449 0.0512451 0.0174994 0.00650168 0.0068869 0.0121089 0.0199354 0.0287301 0.0361816 0.0399912 0.039145 0.03454 0.0283864 0.0228675 0.0190868 0.0169187 0.015564
 1.08978e-16 4.03411e-05 0.00039213 0.00260584 0.0118458 0.0368569 0.0785287 0.114622 0.114655 0.078692 0.0374057 0.0134325 0.00659495 0.00912098 0.0166785 0.0276676 0.0402228 0.0513583 0.0580349 0.0588282 0.0547082 0.0482316 0.0418437 0.0366623 0.0324671 0.0285034
 1.06549e-16 6.37974e-05 0.000620134 0.00412101 0.0187335 0.058287 0.124187 0.181257 0.181267 0.12424 0.0584642 0.0192468 0.00541472 0.00346183 0.00551242 0.00914856 0.0134947 0.0176524 0.0207455 0.0223742 0.0228065 0.022682 0.0224811 0.0222103 0.0215114 0.0200173
 1.04635e-16 6.04163e-05 0.000587268 0.0039026 0.0177407 0.0551979 0.117606 0.171653 0.171673 0.117703 0.0555249 0.0186852 0.00627391 0.0057654 0.00989955 0.0162844 0.0234889 0.0296234 0.0328142 0.0322234 0.0285553 0.0235746 0.0190277 0.0158048 0.0138284 0.0125017
 1.0855e-16 3.27911e-05 0.000318741 0.00211815 0.00962883 0.0299591 0.0638326 0.0931745 0.0932172 0.0640413 0.0306602 0.011655 0.00720894 0.0114479 0.0212157 0.0351441 0.0509092 0.0646192 0.0723081 0.0721265 0.0653869 0.0555483 0.0460106 0.0384743 0.0328306 0.0281312
 1.16311e-16 3.94595e-05 0.00038356 0.0025489 0.0115869 0.0360513 0.0768119 0.112113 0.112134 0.0769116 0.0363871 0.0125611 0.00501048 0.0058115 0.010508 0.0177295 0.0265233 0.0354343 0.0429688 0.0484109 0.0520921 0.0547987 0.0568538 0.0577138 0.0563872 0.0522284
 1.06115e-16 7.06884e-05 0.000687116 0.00456613 0.020757 0.0645826 0.1376 0.200833 0.20084 0.137633 0.0646913 0.0210715 0.00535798 0.00242356 0.00339214 0.00556001 0.00815844 0.0106023 0.0123615 0.0132349 0.0134718 0.0135722 0.0139159 0.0145134 0.0150386 0.0150648
pSPR Fmed_Fpbrs
0.643619   0.211334 0.211334
Fs Fmed_Fpbrs
0.237265   1.005 1.005
SSBpbr Bo_Bmed_Bpbrs
1.91797e+06  1.13854e+06  309433 309433
Ro
177932
SPR SPRFo_SPRFmed_SPRFpbrs
1.27001e+06 817402 268396
Fref
1.005
Nvult_r0
 218581 18254.8 7873.67 8704.48 3148.04
CTP_r0
 29580.4 2990.67 1289.94 1426.05 515.741
YTP_r0
391297
Np
 250442 41282 13509.3 1065.71 521.562
Nvult_p0
 209160 35722.9 11690.1 922.202 451.328
CTP_p0
 93140.8 43514.1 3432.72 1480.6 2131.85
 93140.8 17906 5859.64 462.251 226.227
YTP_p0
 1.5745e+06 1.13497e+06
CBA_c0
1.44264e+06
log_Ro
11.9092
likeval ReclasPelacesDesembMPH_pf_preclas_ppelaces_ptallas_desvR_qrecl_qpela
 13.7138 17.4237 0.0603343 0.00278324 240.415 118.746 98.3667 0 24.2678 8.84856e-07 0 0.308319 0 0 0
q_reclas_q_pelaces
0.875205 1
M
1
N
 199079 44993.5 146788 8873.52 0.295464
 111972 65899.6 14503.1 47315.3 2860.36
 111915 33989.1 19058.5 4194.37 14511.1
 181484 34130.8 9887.44 5544.12 5441.41
 145402 50026.6 8748.63 2534.42 2815.89
 253666 48474.4 16269.5 2845.2 1740
 104229 77034 14026.7 4707.78 1326.79
 47066.6 25062.5 16642.1 3030.26 1303.68
 45278.7 16164.5 8459.7 5617.42 1462.89
 60723 12746 4253.73 2226.19 1863.2
 113465 15752.9 3028.14 1010.58 971.538
 149960 38442.5 5227.62 1004.89 657.767
 124968 38516.4 9019.46 1226.51 390.096
 87410.7 32875.6 9311.99 2180.61 390.843
 87164.4 18388.4 6007.84 1701.71 469.918
 478818 21883.9 4193.13 1369.98 495.202
 101205 129523 5478.61 1049.75 466.946
 735803 30591.8 37261.8 1576.11 436.328
 423439 221954 8777.98 10691.9 577.447
 325167 117420 57318.9 2266.88 2910.26
 482520 92705.6 31394.9 15325.5 1384.22
 646015 146079 26721.5 9049.28 4816.41
 134052 185735 39470.7 7220.2 3746.53
 399455 42655 56979.9 12108.8 3364.38
 335536 129375 13378.9 17871.9 4853.23
 150617 108543 40518.2 4190.04 7117.14
 340167 49928.1 35049.3 13083.6 3651.16
 381836 110079 15643.4 10981.6 5243.3
 111019 125929 35318.3 5019.1 5205.67
 82396.5 36879.5 40771 11434.7 3310.39
 318903 26168.9 11287.2 12478.2 4512.81
pred_Ctot
 12717 3559.15 11611.5 701.927 0.0233722
 12572.5 9084.86 1999.39 6522.85 394.327
 12284 4582.6 2569.58 565.508 1956.46
 29442.6 6736.66 1951.56 1094.29 1074.01
 8688.51 3704.46 647.836 187.673 208.516
 28422.7 6668.94 2238.3 391.433 239.384
 23619.6 20979.7 3820.07 1282.13 361.342
 1987.75 1315.63 873.608 159.07 68.4352
 6868.25 2988.98 1564.29 1038.72 270.504
 11641.5 2956.53 986.687 516.383 432.185
 5707.03 983.482 189.052 63.0924 60.6548
 29456.9 9128.18 1241.3 238.611 156.187
 23126 8634.73 2022.02 274.965 87.4531
 24746 11060.1 3132.77 733.606 131.488
 18045.8 4592.63 1500.5 425.016 117.366
 82139.8 4559.44 873.629 285.431 103.174
 11592.9 18208.9 770.206 147.578 65.6453
 85102.8 4341.58 5288.19 223.681 61.9237
 67435.9 43029.2 1701.75 2072.78 111.947
 47220.2 20810.8 10158.9 401.769 515.797
 54871.6 12940.5 4382.32 2139.24 193.22
 91022.5 25139.9 4598.73 1557.37 828.897
 11579.9 19790.4 4205.68 769.327 399.201
 30516.6 4026.49 5378.73 1143.04 317.587
 25861.6 12319.8 1274.01 1701.87 462.152
 9498.32 8477.61 3164.62 327.258 555.875
 26152.4 4742.61 3329.29 1242.79 346.82
 25209.5 8996.36 1278.48 897.486 428.516
 6865.09 9646.41 2705.46 384.474 398.765
 7204.98 3977 4396.65 1233.09 356.984
 29580.4 2990.67 1289.94 1426.05 515.741
F
 0.105568 0.132157 0.132157 0.132157 0.132157
 0.192209 0.240619 0.240619 0.240619 0.240619
 0.187541 0.234775 0.234775 0.234775 0.234775
 0.288612 0.361302 0.361303 0.361303 0.361303
 0.0984658 0.123266 0.123266 0.123266 0.123266
 0.191773 0.240074 0.240074 0.240074 0.240074
 0.425218 0.532314 0.532314 0.532314 0.532314
 0.0687463 0.0860609 0.086061 0.086061 0.086061
 0.267618 0.33502 0.335021 0.335021 0.335021
 0.349296 0.437271 0.437271 0.437271 0.437271
 0.0823338 0.103071 0.103071 0.103071 0.103071
 0.359288 0.449778 0.449779 0.449779 0.449779
 0.335325 0.41978 0.419781 0.419781 0.419781
 0.5589 0.699666 0.699667 0.699667 0.699667
 0.382046 0.478269 0.47827 0.47827 0.47827
 0.307461 0.384899 0.384899 0.384899 0.384899
 0.196421 0.245892 0.245892 0.245892 0.245892
 0.198492 0.248485 0.248485 0.248485 0.248485
 0.282652 0.353841 0.353841 0.353841 0.353841
 0.254911 0.319114 0.319114 0.319114 0.319114
 0.194877 0.24396 0.24396 0.24396 0.24396
 0.246501 0.308586 0.308586 0.308586 0.308586
 0.145082 0.181622 0.181623 0.181623 0.181623
 0.127384 0.159468 0.159468 0.159468 0.159468
 0.128581 0.160965 0.160965 0.160965 0.160965
 0.104159 0.130392 0.130392 0.130392 0.130392
 0.128239 0.160537 0.160537 0.160537 0.160537
 0.109275 0.136797 0.136797 0.136797 0.136797
 0.102046 0.127747 0.127748 0.127748 0.127748
 0.146973 0.183989 0.18399 0.18399 0.18399
 0.156509 0.195928 0.195928 0.195928 0.195928
YTP_r0W_actual
 245518 42168.5 35602.4 48771 19237.1
YTP_p0W_proyectada
 697625 681866 79398.8 43485.3 72120.4
 697625 280587 135533 13576.3 7653.25
CTP_r0_actual
 29580.4 2990.67 1289.94 1426.05 515.741
CTP_p0_proyectada
 93140.8 43514.1 3432.72 1480.6 2131.85
 93140.8 17906 5859.64 462.251 226.227
Wmedp
 7.49 15.67 23.13 29.37 33.83
Frms_r0
 0.156509 0.195928 0.195928 0.195928 0.195928
Zrms_r0
 1.15651 1.19593 1.19593 1.19593 1.19593
nmprior
 8.19 8.8 8.5 0
nm_flota  nm_reclas  nm_pelaces    nm_pelaL
inf 12.4855 18.178 43.3921
cv_recla  cv_pelaces  cv_mph
0.334969 0.473307 1.6281
 ------------------------------------------------
Talla a la edad & desviaci?n 
 8 13.2811 15.8009 17.003 17.5766
 0.8 1.32811 1.58009 1.7003 1.75766
