years
 1991 1992 1993 1994 1995 1996 1997 1998 1999 2000 2001 2002 2003 2004 2005 2006 2007 2008 2009 2010 2011 2012 2013 2014 2015 2016 2017 2018 2019 2020 2021
reclasobs
 0 0 0 0 0 0 0 0 0 252601 567819 844713 477998 351125 339783 2.1784e+06 2.13404e+06 4.81314e+06 1.55562e+06 2.62356e+06 3.21686e+06 3.843e+06 1.13348e+06 3.07943e+06 1.97215e+06 2.03268e+06 2.025e+06 2.42433e+06 2.27542e+06 1.05018e+06 2.36338e+06
reclaspred
 3.18731e+06 1.78334e+06 903084 886250 873179 1.38628e+06 861793 762291 559409 410842 488578 634326 626300 487966 494316 1.31128e+06 1.27081e+06 2.87159e+06 2.36652e+06 1.75915e+06 3.11154e+06 2.5265e+06 2.00338e+06 3.08195e+06 2.31073e+06 2.04123e+06 2.42677e+06 2.58853e+06 2.12383e+06 1.3377e+06 1.93279e+06
pelacesobs
 0 0 0 0 0 0 0 0 0 0 0 0 0 0 0 552880 188675 0 991730 2.46772e+06 1.41603e+06 1.21717e+06 2.29649e+06 1.80582e+06 0 1.4828e+06 1.56532e+06 1.57751e+06 1.42118e+06 867257 1.10002e+06
pelacespred
 1.67243e+06 1.04019e+06 526371 421690 434477 711216 406465 448530 315884 219670 270920 294230 319630 262403 273231 603327 586000 1.52531e+06 1.29805e+06 895468 1.53332e+06 1.34954e+06 1.06799e+06 1.79815e+06 1.3002e+06 1.14487e+06 1.54977e+06 1.63005e+06 1.10198e+06 788752 1.12172e+06
mphobs
 0 0 0 0 0 0 0 0 0 0 0 498337 0 5186 125008 0 168611 109162 213762 579715 649985 157893 87575 83554 0 0 0 0 0 0 0
mphpred
 480110 320612 159461 87114.8 93065.7 104484 137665 84301.4 75077.3 51903 34670.1 57651.4 62331.5 52800.1 35766.2 45390.6 150793 143532 284368 214701 228953 282855 268614 221115 307386 252985 207923 222389 311594 212571 132845
desembarqueobs
 494567 514787 250237 358949 120608 361735 552515 73892 212993 205616 52469 317467 293654 387597 252695 516296 358380 742168 942051 627588 828172 859565 418607 520667 417249 300574 415391 372974 316634 284311 391294
desembarquepred
 494573 513535 250839 358980 120613 361748 552557 73896.3 213041 205660 52471.6 317532 293704 387631 252689 516257 358402 742069 941847 627452 828236 859579 418616 520690 417248 300575 415390 372958 316627 284318 391297
Reclutas
 196809 111171 111906 179985 144465 251437 103514 46922.3 45200.5 60661.9 113369 149680 124779 87282.8 87171.2 478418 101204 735001 423039 325013 481789 644479 133968 398771 334996 150559 339584 382350 112201 81157.4 305716
log_desv_Rt
 0.104682 -0.466484 -0.45989 0.0153247 -0.204513 0.349643 -0.537846 -1.32906 -1.36644 -1.07223 -0.446901 -0.169047 -0.351004 -0.708396 -0.709675 0.992936 -0.56041 1.42232 0.869916 0.606316 0.999956 1.29089 -0.279952 0.810838 0.636568 -0.163193 0.650173 0.768786 -0.457258 -0.781159 0.545106
SSB
 3.17185e+06 2.11813e+06 1.05348e+06 575524 614839 690277 909484 556937 495998 342897 229048 380874 411793 348824 236289 299873 996216 948246 1.87868e+06 1.41842e+06 1.51258e+06 1.86868e+06 1.7746e+06 1.4608e+06 2.03075e+06 1.67135e+06 1.37364e+06 1.46921e+06 2.05854e+06 1.40435e+06 877644
BT
 4.27528e+06 2.90715e+06 1.4634e+06 1.27435e+06 1.09728e+06 1.94874e+06 1.43288e+06 1.09917e+06 940067 704927 670120 944658 1.0038e+06 1.00832e+06 883678 1.80984e+06 1.63112e+06 4.17214e+06 3.89924e+06 2.63003e+06 4.20717e+06 3.91625e+06 2.82751e+06 4.63035e+06 3.38372e+06 2.90636e+06 3.99761e+06 4.13325e+06 2.80223e+06 2.09517e+06 2.95819e+06
Ftot
 0.134428 0.245177 0.239235 0.370162 0.126248 0.24665 0.54583 0.088036 0.342008 0.446098 0.105386 0.459096 0.427811 0.713614 0.488554 0.394563 0.25021 0.253816 0.360538 0.324213 0.248193 0.31455 0.184306 0.162434 0.163723 0.132306 0.163525 0.139497 0.129098 0.185496 0.196908
BD_Bspro_t
 0.978769 0.846362 0.687504 0.598627 0.585001 0.658218 0.648104 0.481655 0.539382 0.497339 0.467111 0.675497 0.561687 0.472707 0.365868 0.42435 0.603324 0.578605 0.673833 0.579205 0.550062 0.598717 0.614542 0.607147 0.709433 0.717359 0.72405 0.758222 0.800705 0.738404 0.674114
BD_Bspro
 2.50352 1.67182 0.831503 0.454258 0.485289 0.544831 0.71785 0.439587 0.391489 0.270647 0.180786 0.300622 0.325026 0.275325 0.186502 0.236688 0.786307 0.748444 1.48283 1.11955 1.19387 1.47494 1.40068 1.153 1.60286 1.31918 1.08421 1.15964 1.6248 1.10845 0.692719
BD_Bo
 1.65878 1.10772 0.550938 0.300983 0.321543 0.360995 0.475634 0.291262 0.259393 0.179325 0.119786 0.199186 0.215356 0.182425 0.123572 0.156825 0.520992 0.495905 0.982495 0.741795 0.791034 0.977268 0.928062 0.763954 1.06202 0.874066 0.718374 0.768355 1.07656 0.734435 0.458982
BD_Brms
 9.91343 6.62008 3.29258 1.79877 1.92164 2.15742 2.84254 1.74068 1.55021 1.0717 0.715877 1.1904 1.28704 1.09023 0.738509 0.937235 3.11361 2.96369 5.87171 4.4332 4.72747 5.84047 5.5464 4.56563 6.34698 5.2237 4.29323 4.59193 6.43386 4.38922 2.74302
Sel_flota
 0.777242 0.98514 0.999207 0.999958 0.999998
 0.777242 0.98514 0.999207 0.999958 0.999998
 0.777242 0.98514 0.999207 0.999958 0.999998
 0.777242 0.98514 0.999207 0.999958 0.999998
 0.777242 0.98514 0.999207 0.999958 0.999998
 0.777242 0.98514 0.999207 0.999958 0.999998
 0.777242 0.98514 0.999207 0.999958 0.999998
 0.777242 0.98514 0.999207 0.999958 0.999998
 0.777242 0.98514 0.999207 0.999958 0.999998
 0.777242 0.98514 0.999207 0.999958 0.999998
 0.777242 0.98514 0.999207 0.999958 0.999998
 0.777242 0.98514 0.999207 0.999958 0.999998
 0.777242 0.98514 0.999207 0.999958 0.999998
 0.777242 0.98514 0.999207 0.999958 0.999998
 0.777242 0.98514 0.999207 0.999958 0.999998
 0.777242 0.98514 0.999207 0.999958 0.999998
 0.777242 0.98514 0.999207 0.999958 0.999998
 0.777242 0.98514 0.999207 0.999958 0.999998
 0.777242 0.98514 0.999207 0.999958 0.999998
 0.777242 0.98514 0.999207 0.999958 0.999998
 0.777242 0.98514 0.999207 0.999958 0.999998
 0.777242 0.98514 0.999207 0.999958 0.999998
 0.777242 0.98514 0.999207 0.999958 0.999998
 0.777242 0.98514 0.999207 0.999958 0.999998
 0.777242 0.98514 0.999207 0.999958 0.999998
 0.777242 0.98514 0.999207 0.999958 0.999998
 0.777242 0.98514 0.999207 0.999958 0.999998
 0.777242 0.98514 0.999207 0.999958 0.999998
 0.777242 0.98514 0.999207 0.999958 0.999998
 0.777242 0.98514 0.999207 0.999958 0.999998
 0.777242 0.98514 0.999207 0.999958 0.999998
Sel_reclas
 1 1 1 1 1
 1 1 1 1 1
 1 1 1 1 1
 1 1 1 1 1
 1 1 1 1 1
 1 1 1 1 1
 1 1 1 1 1
 1 1 1 1 1
 1 1 1 1 1
 1 1 1 1 1
 1 1 1 1 1
 1 1 1 1 1
 1 1 1 1 1
 1 1 1 1 1
 1 1 1 1 1
 1 1 1 1 1
 1 1 1 1 1
 1 1 1 1 1
 1 1 1 1 1
 1 1 1 1 1
 1 1 1 1 1
 1 1 1 1 1
 1 1 1 1 1
 1 1 1 1 1
 1 1 1 1 1
 1 1 1 1 1
 1 1 1 1 1
 1 1 1 1 1
 1 1 1 1 1
 1 1 1 1 1
 1 1 1 1 1
Sel_pelaces
 1 1 1 1 1
 1 1 1 1 1
 1 1 1 1 1
 1 1 1 1 1
 1 1 1 1 1
 1 1 1 1 1
 1 1 1 1 1
 1 1 1 1 1
 1 1 1 1 1
 1 1 1 1 1
 1 1 1 1 1
 1 1 1 1 1
 1 1 1 1 1
 1 1 1 1 1
 1 1 1 1 1
 1 1 1 1 1
 1 1 1 1 1
 1 1 1 1 1
 1 1 1 1 1
 1 1 1 1 1
 1 1 1 1 1
 1 1 1 1 1
 1 1 1 1 1
 1 1 1 1 1
 1 1 1 1 1
 1 1 1 1 1
 1 1 1 1 1
 1 1 1 1 1
 1 1 1 1 1
 1 1 1 1 1
 1 1 1 1 1
pf_obs 
 0.8446 0.082 0.0669 0.0065 0
 0.8095 0.147 0.0364 0.0071 0
 0.9664 0.0169 0.016 0.0007 0
 0.9276 0.0648 0.0075 0.0001 0
 0.7033 0.2144 0.0806 0.0017 0
 0.9318 0.0425 0.0243 0.0014 0
 0.5671 0.3108 0.0964 0.0239 0.0018
 0.0768 0.2599 0.5324 0.112 0.0189
 0.490249 0.384438 0.106611 0.0170017 0.00170017
 0.7925 0.1577 0.0466 0.003 0.0002
 0.840416 0.127587 0.0312969 0.00059994 9.999e-05
 0.8084 0.0986 0.0794 0.0134 0.0002
 0.7335 0.1905 0.0724 0.0035 0.0001
 0.4001 0.4547 0.1325 0.0127 0
 0.49795 0.308269 0.164784 0.0264974 0.00249975
 0.9179 0.0499 0.0305 0.0017 0
 0.2467 0.6533 0.0926 0.0074 0
 0.9418 0.0223 0.034 0.0019 0
 0.707729 0.231977 0.0356964 0.0245975 0
 0.517169 0.277429 0.184464 0.0207286 0.00020938
 0.811772 0.124168 0.05621 0.00726502 0.000585176
 0.764997 0.148141 0.077277 0.00933861 0.000247198
 0.163321 0.427699 0.378323 0.0303852 0.000271297
 0.753843 0.0900009 0.118128 0.0371064 0.000921714
 0.721811 0.176058 0.0630433 0.0369309 0.00215725
 0.143369 0.312575 0.442814 0.0836902 0.0175525
 0.692698 0.0596174 0.167031 0.0765114 0.00414204
 0.394062 0.376323 0.152708 0.0712218 0.00568511
 0.125707 0.32114 0.495352 0.0537591 0.00404204
 0.23352 0.215282 0.420074 0.123614 0.00750983
 0.774587 0.0839891 0.0768558 0.0609784 0.00358967
pf_pred 
 0.438826 0.125139 0.411246 0.0247882 8.13996e-07
 0.407738 0.297049 0.0665841 0.21564 0.0129882
 0.557284 0.209135 0.118099 0.0260632 0.0894185
 0.726649 0.169712 0.0493709 0.0274496 0.0268181
 0.643512 0.277373 0.0494372 0.0141444 0.0155331
 0.745551 0.177383 0.0601591 0.0105675 0.00633869
 0.469302 0.420246 0.0773677 0.0258312 0.00725303
 0.448642 0.299672 0.200069 0.0361671 0.0154507
 0.536609 0.235854 0.124483 0.081932 0.0211222
 0.701656 0.180279 0.0605901 0.0314566 0.0260185
 0.81262 0.142058 0.0275784 0.00910966 0.00863319
 0.729723 0.228842 0.0315246 0.00603231 0.0038779
 0.674148 0.254942 0.060201 0.00814896 0.0025593
 0.618416 0.279832 0.07991 0.0185456 0.00329573
 0.728398 0.187811 0.0617763 0.0172926 0.00472144
 0.93289 0.0525053 0.0101553 0.00328145 0.00116823
 0.373809 0.593837 0.0254068 0.00483172 0.00211515
 0.893778 0.0462541 0.0569152 0.00239733 0.000654938
 0.586637 0.378832 0.01517 0.0183761 0.000984648
 0.593001 0.264788 0.130516 0.00514025 0.00655447
 0.732671 0.17546 0.0601096 0.0291502 0.00260965
 0.735952 0.206115 0.0382308 0.0128942 0.0068072
 0.312041 0.539694 0.116152 0.0211986 0.0109147
 0.733235 0.098172 0.13269 0.0281316 0.00777144
 0.617758 0.298064 0.0312726 0.0416459 0.0112595
 0.427384 0.386054 0.145967 0.0150892 0.0255068
 0.726256 0.133608 0.0949317 0.0353741 0.0098303
 0.682108 0.245836 0.0354403 0.0248104 0.0118047
 0.341888 0.482103 0.136576 0.0194032 0.0200305
 0.409821 0.235259 0.261019 0.0728761 0.0210248
 0.817726 0.0861909 0.0386529 0.0422451 0.0151853
pobs_RECLAS
 0 0 0 0 0
 0 0 0 0 0
 0 0 0 0 0
 0 0 0 0 0
 0 0 0 0 0
 0 0 0 0 0
 0 0 0 0 0
 0 0 0 0 0
 0 0 0 0 0
 0 0 0 0 0
 0.991045 0.00858322 0.000360255 1.14367e-05 0
 0.934742 0.0480273 0.0164251 0.00080598 0
 0.827803 0.169806 0.00239088 0 0
 0.941827 0.0461693 0.0120037 0 0
 0.791401 0.0380133 0.147996 0.0225897 0
 0.846168 0.0940531 0.0597789 0 0
 0.134021 0.677848 0.182769 0.00536245 0
 0.80878 0.0450904 0.141981 0.00414843 0
 0.846168 0.0940531 0.0597789 0 0
 0.905697 0.0802665 0.012482 0.00150086 5.37128e-05
 0.989698 0.0102097 9.19794e-05 0 0
 0.975433 0.0193895 0.00387452 0.00125025 5.28907e-05
 0.303575 0.632131 0.0575291 0.00676475 0
 0.966965 0.00978017 0.0227588 0.000495775 0
 0.843318 0.132988 0.00938335 0.0141283 0.000182051
 0.564624 0.303363 0.111486 0.0197234 0.00080311
 0.826376 0.0876187 0.0782897 0.00655872 0.00115652
 0.89761 0.0855135 0.0140674 0.00269457 0.000114338
 0.34875 0.467042 0.161289 0.0227151 0.000203297
 0.318654 0.224769 0.449479 0.00709798 0
 0.937255 0.0296025 0.0250945 0.00804832 0
ppred_RECLAS
 0.501205 0.112478 0.36437 0.021946 7.20635e-07
 0.469105 0.268278 0.0592678 0.191798 0.0115517
 0.617728 0.182003 0.101297 0.0223378 0.0766342
 0.773593 0.141374 0.0405248 0.0225136 0.0219948
 0.697049 0.23648 0.0415485 0.0118783 0.0130441
 0.789442 0.147438 0.0492819 0.00865013 0.0051884
 0.532649 0.371262 0.0673235 0.0224596 0.00630608
 0.509762 0.268208 0.176522 0.0318864 0.0136214
 0.59835 0.20594 0.107109 0.0704416 0.0181592
 0.751884 0.150834 0.0499438 0.0259089 0.021429
 0.846788 0.116564 0.0223075 0.00736297 0.00697758
 0.776151 0.189969 0.0257817 0.00492948 0.0031688
 0.726548 0.21464 0.0499361 0.00675416 0.00212116
 0.677723 0.237327 0.0667268 0.0154732 0.00274962
 0.775551 0.155932 0.0505267 0.0141324 0.00385842
 0.946908 0.041673 0.00794177 0.00256417 0.000912835
 0.43218 0.538888 0.0227232 0.00431803 0.00189019
 0.915322 0.0371768 0.0450853 0.00189758 0.000518387
 0.644826 0.325914 0.01286 0.0155658 0.000834028
 0.651484 0.227905 0.1107 0.00435643 0.00555477
 0.778237 0.146291 0.0493938 0.0239351 0.00214269
 0.781102 0.171429 0.0313346 0.0105601 0.00557474
 0.366606 0.498445 0.105738 0.0192832 0.00992812
 0.779104 0.082041 0.109303 0.0231555 0.00639653
 0.67338 0.255522 0.026426 0.0351649 0.00950685
 0.487931 0.346863 0.12928 0.013354 0.0225728
 0.772658 0.111792 0.0782956 0.0291528 0.0081011
 0.732333 0.207685 0.0295135 0.0206455 0.0098227
 0.398539 0.442308 0.123518 0.0175347 0.0181009
 0.471221 0.212641 0.232545 0.0648765 0.0187162
 0.851927 0.0705691 0.0311933 0.0340661 0.0122448
pobs_PELACES
 0 0 0 0 0
 0 0 0 0 0
 0 0 0 0 0
 0 0 0 0 0
 0 0 0 0 0
 0 0 0 0 0
 0 0 0 0 0
 0 0 0 0 0
 0 0 0 0 0
 0 0 0 0 0
 0 0 0 0 0
 0 0 0 0 0
 0 0 0 0 0
 0 0 0 0 0
 0 0 0 0 0
 0 0 0 0 0
 0.505614 0.472636 0.0217494 0 0
 0 0 0 0 0
 0.443492 0.261883 0.143347 0.151278 0
 0.227955 0.32914 0.350689 0.0885471 0.00366901
 0.970185 0.0296113 0.000203453 0 0
 0.997202 0.00247181 0.000326279 0 0
 0.445219 0.490057 0.0546422 0.010081 0
 0.90214 0.0892962 0.00764917 0.000914606 0
 0 0 0 0 0
 0.581667 0.319106 0.0959925 0.00289975 0.000334073
 0.762889 0.0836404 0.116647 0.0363945 0.000428098
 0.88444 0.0763242 0.0277011 0.0115352 0
 0.521256 0.241999 0.230069 0.00667565 0
 0.616807 0.101726 0.260614 0.0208532 0
 0.833518 0.0704572 0.0857862 0.0102388 0
ppred_PELACES
 0.503632 0.111985 0.362547 0.0218354 7.17004e-07
 0.473442 0.266242 0.0587511 0.190114 0.0114503
 0.621737 0.180202 0.100183 0.0220909 0.075787
 0.778124 0.138636 0.0396718 0.0220377 0.0215297
 0.698903 0.235064 0.0412755 0.0117999 0.0129579
 0.792298 0.145488 0.0485746 0.00852547 0.00511361
 0.54209 0.363954 0.0658314 0.0219589 0.00616544
 0.511318 0.267407 0.175923 0.0317774 0.0135749
 0.604166 0.203119 0.105474 0.0693607 0.0178805
 0.757703 0.14742 0.0487123 0.0252672 0.0208981
 0.847739 0.115854 0.0221608 0.00731437 0.00693151
 0.781631 0.185379 0.0251051 0.00479958 0.00308528
 0.732425 0.210118 0.048787 0.00659803 0.00207211
 0.688511 0.229585 0.0643366 0.0149163 0.00265064
 0.781451 0.151939 0.0491214 0.0137376 0.00375063
 0.948272 0.0406184 0.00772665 0.00249447 0.000888017
 0.436412 0.534904 0.022529 0.00428086 0.00187392
 0.916712 0.0365905 0.0443221 0.00186533 0.000509578
 0.650503 0.320751 0.0126351 0.0152922 0.000819365
 0.656636 0.224654 0.108957 0.00428749 0.00546684
 0.78123 0.144375 0.0486905 0.0235929 0.00211204
 0.784824 0.168568 0.0307668 0.010368 0.00547327
 0.36959 0.496188 0.105169 0.0191786 0.00987424
 0.781098 0.0813395 0.108286 0.0229393 0.00633678
 0.675883 0.253608 0.026208 0.0348734 0.00942804
 0.490249 0.345362 0.128641 0.0132876 0.0224605
 0.774692 0.110836 0.077567 0.0288803 0.00802537
 0.734234 0.206241 0.0292893 0.0204879 0.00974773
 0.400702 0.440788 0.12302 0.0174634 0.0180272
 0.474524 0.211423 0.231014 0.0644465 0.0185921
 0.853685 0.0697658 0.03081 0.0336459 0.0120937
pobs_pel_tallas
 0 0 0 0 0 0 0 0 0 0 0 0 0 0 0 0 0 0 0 0 0 0 0 0 0 0
 0 0 0 0 0 0 0 0 0 0 0 0 0 0 0 0 0 0 0 0 0 0 0 0 0 0
 0 0 0 0 0 0 0 0 0 0 0 0 0 0 0 0 0 0 0 0 0 0 0 0 0 0
 0 0 0 0 0 0 0 0 0 0 0 0 0 0 0 0 0 0 0 0 0 0 0 0 0 0
 0 0 0 0 0 0 0 0 0 0 0 0 0 0 0 0 0 0 0 0 0 0 0 0 0 0
 0 0 0 0 0 0 0 0 0 0 0 0 0 0 0 0 0 0 0 0 0 0 0 0 0 0
 0 0 0 0 0 0 0 0 0 0 0 0 0 0 0 0 0 0 0 0 0 0 0 0 0 0
 0 0 0 0 0 0 0 0 0 0 0 0 0 0 0 0 0 0 0 0 0 0 0 0 0 0
 0 0 0 0 0 0 0 0 0 0 0 0 0 0 0 0 0 0 0 0 0 0 0 0 0 0
 0 0 0 0 0 0 0 0 0 0 0 0 0 0 0 0 0 0 0 0 0 0 0 0 0 0
 0 0 0 0 0 0 0 0 0 0 0 0 0 0 0 0 0 0 0 0 0 0 0 0 0 0
 0 0 0 0 0 0 0 0 0 0 0 0 0 0 0 0 0 0 0 0 0 0 0 0 0 0
 0.00862536 0 0 0.000197151 0.00414017 0.0128641 0.00837892 0.0270097 0.101434 0.158115 0.152841 0.127902 0.109271 0.109419 0.0830992 0.0579132 0.0238553 0.00714673 0.00463305 0.00128148 0.00103504 0.000492878 0.000147863 0.000147863 4.92878e-05 0
 0 0 0 0 0 0 0 0 0 0 0 0 0 0 0 0 0 0 0 0 0 0 0 0 0 0
 0 0 0 0 0 0 0 0.0054083 0.00873648 0.0413646 0.0450493 0.0745869 0.0622846 0.0627006 0.0613931 0.0827291 0.12552 0.122667 0.0946155 0.0697135 0.0546179 0.0294188 0.0215738 0.0213955 0.0102223 0.00600262
 0 0 0 0 0.00359764 0.0251062 0.0480494 0.140153 0.205849 0.193036 0.1447 0.116669 0.0760912 0.0342217 0.00950174 0.001854 0.000860785 0 0 0 0.000165536 0 0.000143464 0 0 0
 0 0 0 0 0 0 0 0.000145254 0.000435761 0.0275982 0.070085 0.0708112 0.156366 0.174668 0.174014 0.160142 0.0824315 0.0480064 0.0283245 0.00493863 0.00203355 0 0 0 0 0
 0 0 0 0 0 0 0 0 0 0 0 0 0 0 0 0 0 0 0 0 0 0 0 0 0 0
 0 0 1.00437e-05 0.000401748 0.00122533 0.00171747 0.00176769 0.0269171 0.070346 0.194647 0.189555 0.159765 0.064822 0.0314167 0.0384472 0.0292271 0.0345202 0.0313363 0.0194345 0.0106764 0.0143323 0.0359363 0.0279516 0.0138201 0.00172751 0
 0 0.0021121 0.0136068 0.0755702 0.200478 0.177729 0.0527432 0.0373336 0.0318909 0.0142505 0.0149659 0.0166563 0.0217959 0.0798694 0.0677717 0.0528807 0.04013 0.0224614 0.0357745 0.0225083 0.00881397 0.00855152 0.00135912 0.000746735 0 0
 0 0 0 0 5.4009e-05 0.00500934 0.000945158 0.0243581 0.138947 0.33067 0.221406 0.137944 0.0707744 0.0437923 0.0131692 0.00525238 0.0047753 0.00276346 9.45158e-05 9.00151e-06 2.25038e-05 9.00151e-06 4.50075e-06 0 0 0
 0.000866109 0.00284123 0.00948549 0.0512746 0.133035 0.25785 0.225252 0.132002 0.0553304 0.0519788 0.0540692 0.017754 0.00435017 0.00159236 0.00146478 0.000404838 0.000125132 0.000115318 0.000107957 0.000100596 0 0 0 0 0 0
 0 0 0 0 0.00144013 0.00171154 0.00461396 0.0210425 0.0478622 0.0707936 0.0888783 0.103762 0.0637923 0.0337046 0.0602308 0.124433 0.169614 0.0934646 0.0462172 0.0250306 0.0313229 0.00938855 0.002487 0.000210481 0 0
 0 0.00764035 0.051015 0.0998891 0.058973 0.0496711 0.0374665 0.0718981 0.12319 0.153886 0.159021 0.0857701 0.0377988 0.023471 0.0147837 0.00900784 0.00315554 0.000888139 0.00291439 0.00214683 0.00393193 0.00274676 0.000635225 9.99891e-05 0 0
 0 0 0 0 0 0 0 0 0 0 0 0 0 0 0 0 0 0 0 0 0 0 0 0 0 0
 0 0 0 0 0 0 0 0 0 0 0 0 0 0 0 0 0 0 0 0 0 0 0 0 0 0
 0 0 0 0 0 0 0 0 0 0 0 0 0 0 0 0 0 0 0 0 0 0 0 0 0 0
 0 0 0 0 0 0 0 0 0 0 0 0 0 0 0 0 0 0 0 0 0 0 0 0 0 0
 0 0 0 0 0 0 0 0 0 0 0 0 0 0 0 0 0 0 0 0 0 0 0 0 0 0
 0 0 0 0 0 0 0 0 0 0 0 0 0 0 0 0 0 0 0 0 0 0 0 0 0 0
 0 0 0 0 0 0 0 0 0 0 0 0 0 0 0 0 0 0 0 0 0 0 0 0 0 0
ppred_pel_tallas
 1.12681e-16 4.14835e-05 0.000403235 0.00267964 0.0121813 0.0379005 0.0807513 0.117861 0.117873 0.080807 0.0380888 0.0127322 0.00408866 0.00356489 0.00629676 0.0109965 0.0173517 0.0249661 0.0333437 0.0420662 0.0507048 0.0584626 0.0639712 0.0656443 0.0624814 0.0547418
 1.22768e-16 3.89969e-05 0.000379063 0.00251901 0.0114511 0.0356287 0.0759116 0.110801 0.110826 0.0760375 0.0360518 0.0126747 0.0055963 0.00711708 0.0128987 0.0214384 0.0313224 0.0403999 0.0465926 0.0491661 0.0492436 0.0490019 0.050135 0.0527693 0.055525 0.0564745
 1.17978e-16 5.12117e-05 0.000497796 0.00330803 0.0150378 0.0467884 0.0996882 0.145502 0.145519 0.0997738 0.0470762 0.0158709 0.00540616 0.00510127 0.00886353 0.014758 0.021701 0.0282574 0.0330233 0.0354354 0.0361064 0.0363236 0.0371042 0.0385588 0.0399583 0.0402898
 1.07034e-16 6.40931e-05 0.000623008 0.00414011 0.0188203 0.0585571 0.124763 0.182097 0.182111 0.124828 0.0587772 0.0194566 0.00573942 0.00412164 0.00673071 0.0110854 0.0161076 0.0205736 0.0232948 0.0237619 0.022451 0.0204732 0.0188467 0.0179606 0.0175522 0.0170638
 1.04628e-16 5.75677e-05 0.000559579 0.0037186 0.0169042 0.0525954 0.112061 0.163561 0.163584 0.112172 0.0529675 0.017979 0.00641739 0.00645387 0.0112604 0.0185474 0.0267682 0.0337831 0.0374545 0.0368095 0.032616 0.0268437 0.0214567 0.0174803 0.0148821 0.0130675
 1.0316e-16 6.52606e-05 0.000634356 0.00421552 0.0191631 0.0596237 0.127035 0.185414 0.185429 0.127104 0.0598547 0.019831 0.00589404 0.00430588 0.00705958 0.0116237 0.0168693 0.0214887 0.0241881 0.0243629 0.0224292 0.0194848 0.0165906 0.0142485 0.0123875 0.0106972
 1.05239e-16 4.46513e-05 0.000434027 0.00288426 0.0131115 0.0407948 0.0869189 0.126868 0.126903 0.0870905 0.0413709 0.0147757 0.00706312 0.00956093 0.0173914 0.0287157 0.0414446 0.0522947 0.0579452 0.0568664 0.0502139 0.0410026 0.0322522 0.025561 0.020936 0.0175558
 1.1063e-16 4.21166e-05 0.000409389 0.00272053 0.0123672 0.038479 0.0819845 0.119664 0.11969 0.0821116 0.0389065 0.0136049 0.00583823 0.00725136 0.013142 0.0219366 0.032244 0.041905 0.0487108 0.0516003 0.0511711 0.0490141 0.0464658 0.043841 0.0406324 0.0362672
 1.13078e-16 4.97644e-05 0.000483727 0.00321454 0.0146128 0.0454661 0.096871 0.14139 0.14141 0.0969674 0.0457903 0.0155512 0.0055773 0.0056662 0.00996545 0.0165913 0.0243623 0.031641 0.036804 0.0391562 0.0393106 0.0386343 0.0382125 0.0381761 0.0378243 0.0362714
 1.07514e-16 6.2411e-05 0.000606657 0.00403145 0.0183264 0.0570203 0.121488 0.177319 0.177333 0.121558 0.0572546 0.0190037 0.00573447 0.00433379 0.00716916 0.0118291 0.017217 0.0220484 0.0250693 0.0257379 0.0245433 0.0226307 0.0210349 0.0201277 0.0196115 0.0189091
 1.02576e-16 6.98272e-05 0.000678745 0.0045105 0.0205041 0.0637959 0.135924 0.198388 0.198399 0.135979 0.0639793 0.0210341 0.00584144 0.00358619 0.00559753 0.00915932 0.0132262 0.0167164 0.0185801 0.0183424 0.0163813 0.0136594 0.0111289 0.00927469 0.00806108 0.00718243
 1.01776e-16 6.4382e-05 0.000625816 0.00415877 0.0189052 0.0588211 0.125325 0.18292 0.182937 0.125412 0.0591142 0.0197517 0.00628365 0.00526414 0.00887246 0.0145636 0.0209671 0.0263538 0.0290053 0.0281281 0.02432 0.0191584 0.0142534 0.0105037 0.0079835 0.00630705
 1.02475e-16 6.03289e-05 0.000586419 0.00389696 0.017715 0.0551181 0.117436 0.171405 0.171425 0.117535 0.055451 0.0186769 0.00631269 0.00586458 0.010098 0.0166333 0.0240355 0.0303913 0.0337835 0.0333133 0.0296089 0.0243535 0.0192348 0.0151507 0.0121322 0.00978217
 1.0386e-16 5.67118e-05 0.000551259 0.00366331 0.0166529 0.0518135 0.110395 0.161129 0.161151 0.110503 0.0521776 0.0177053 0.00630752 0.00633195 0.0110599 0.0182586 0.0264469 0.033572 0.0375707 0.037479 0.0339712 0.028832 0.0238129 0.019787 0.0166984 0.0140726
 1.03469e-16 6.43671e-05 0.000625672 0.00415781 0.0189008 0.0588075 0.125296 0.182876 0.182891 0.125368 0.0590487 0.0195982 0.00591054 0.00445944 0.00736762 0.0121367 0.0176143 0.0224397 0.0252659 0.0254682 0.0234885 0.0204791 0.017546 0.0152013 0.0133487 0.0116395
 1.00634e-16 7.8108e-05 0.000759237 0.0050454 0.0229356 0.0713613 0.152043 0.221912 0.221916 0.152062 0.0714256 0.0231214 0.00551192 0.00177826 0.0020152 0.00321262 0.00463147 0.00584784 0.00648768 0.00638059 0.00565525 0.00464655 0.0036889 0.0029576 0.00245079 0.00207539
 1.01534e-16 3.59468e-05 0.000349416 0.00232199 0.0105555 0.0328423 0.0699759 0.102143 0.102194 0.0702273 0.0336863 0.0129922 0.00843423 0.0136783 0.0253081 0.0416728 0.0597699 0.0746191 0.0811684 0.0770886 0.064189 0.0472586 0.0312973 0.0192644 0.0116231 0.00730472
 1.01562e-16 7.55084e-05 0.000733969 0.00487748 0.0221723 0.0689863 0.146983 0.214526 0.21453 0.147 0.0690454 0.0223439 0.005311 0.00168993 0.00191904 0.0031258 0.00466418 0.00621488 0.00749424 0.00835006 0.00880905 0.00898441 0.00893177 0.00859364 0.00787476 0.00676286
 1.02119e-16 5.35811e-05 0.000520828 0.00346108 0.0157336 0.0489532 0.104301 0.152237 0.152268 0.104452 0.0494594 0.017195 0.00712709 0.00851604 0.0152155 0.0250112 0.0358897 0.0448536 0.0488938 0.0466394 0.0391977 0.029445 0.0203527 0.0136312 0.00946667 0.00712544
 1.04557e-16 5.40862e-05 0.000525738 0.00349371 0.0158819 0.0494147 0.105284 0.15367 0.153691 0.10539 0.0497724 0.0169167 0.00609671 0.00622678 0.0109359 0.0181353 0.0264473 0.0339369 0.0386385 0.0395971 0.0373544 0.0334299 0.0292603 0.0254788 0.021969 0.0183985
 1.04166e-16 6.43489e-05 0.000625494 0.00415663 0.0188954 0.0587908 0.125261 0.182824 0.182838 0.125329 0.0590202 0.0195586 0.00582372 0.0042732 0.00701702 0.0115649 0.0168104 0.0214739 0.0242956 0.0247007 0.0231184 0.0206313 0.0182503 0.0163964 0.014903 0.0133773
 1.02898e-16 6.46449e-05 0.000628372 0.00417575 0.0189824 0.0590613 0.125837 0.183666 0.183682 0.125916 0.0593281 0.0197533 0.00611148 0.00485635 0.00810111 0.0133085 0.0192085 0.0242486 0.0268935 0.0264407 0.0234319 0.0192666 0.0153412 0.0123851 0.0103824 0.00892848
 1.06757e-16 3.04428e-05 0.000295915 0.00196646 0.00893927 0.0278136 0.0592617 0.0865042 0.086552 0.0594956 0.0285994 0.0112097 0.00766817 0.0127518 0.0237127 0.0392226 0.0566592 0.0715858 0.0794819 0.0782439 0.0693971 0.0569761 0.0450233 0.0356825 0.0289943 0.0239323
 1.06519e-16 6.4338e-05 0.000625389 0.00415593 0.0188922 0.0587808 0.125239 0.182792 0.1828 0.125278 0.0589127 0.0192753 0.00512513 0.00276664 0.00420581 0.00704727 0.0106047 0.0142989 0.0175636 0.0201131 0.0220277 0.0235207 0.0246031 0.0249705 0.0242101 0.0221272
 1.05915e-16 5.56716e-05 0.000541148 0.00359612 0.0163475 0.0508631 0.10837 0.158175 0.158199 0.10849 0.0512641 0.0175056 0.00650309 0.00688724 0.0121091 0.0199356 0.0287298 0.0361801 0.0399872 0.0391366 0.0345248 0.0283622 0.0228325 0.0190407 0.0168628 0.0155018
 1.08935e-16 4.03812e-05 0.00039252 0.00260843 0.0118576 0.0368935 0.0786068 0.114736 0.114769 0.0787701 0.0374423 0.0134443 0.00659759 0.0091214 0.0166784 0.0276666 0.04022 0.0513515 0.0580212 0.058804 0.0546701 0.0481774 0.0417732 0.0365778 0.0323733 0.0284061
 1.06522e-16 6.38103e-05 0.000620259 0.00412184 0.0187373 0.0582988 0.124212 0.181293 0.181304 0.124265 0.0584762 0.0192513 0.00541733 0.00346576 0.00551952 0.00915987 0.01351 0.0176695 0.0207602 0.0223812 0.022801 0.022661 0.0224443 0.0221601 0.0214522 0.0199541
 1.04603e-16 6.04779e-05 0.000587867 0.00390658 0.0177588 0.0552542 0.117726 0.171828 0.171848 0.117823 0.0555805 0.0187013 0.00627284 0.00575495 0.00987856 0.0162495 0.0234381 0.0295586 0.0327407 0.0321481 0.0284833 0.023507 0.0189626 0.015739 0.0137601 0.0124317
 1.08465e-16 3.30054e-05 0.000320824 0.00213199 0.00969175 0.0301549 0.0642497 0.0937833 0.0938258 0.0644578 0.0308539 0.0117121 0.00720818 0.0114179 0.0211544 0.0350408 0.0507565 0.064419 0.0720721 0.071871 0.065125 0.0552863 0.0457493 0.0382145 0.0325771 0.0278927
 1.16331e-16 3.90859e-05 0.000379929 0.00252476 0.0114772 0.03571 0.0760847 0.111052 0.111073 0.0761861 0.0360513 0.0124674 0.00502659 0.00589584 0.0106751 0.0180074 0.026926 0.0359455 0.0435403 0.0489794 0.0526032 0.0552242 0.0571917 0.0579761 0.0565873 0.0523756
 1.06328e-16 7.03169e-05 0.000683505 0.00454213 0.0206479 0.0642432 0.136877 0.199778 0.199785 0.13691 0.0643545 0.0209699 0.00535298 0.00246181 0.00347246 0.00569653 0.00836269 0.0108754 0.0126943 0.0136143 0.0138896 0.0140286 0.0144146 0.0150516 0.0156006 0.0156229
pSPR Fmed_Fpbrs
0.643485   0.217327 0.217327
Fs Fmed_Fpbrs
0.241757   1.005 1.005
SSBpbr Bo_Bmed_Bpbrs
1.91215e+06  1.13483e+06  319955 319955
Ro
177248
SPR SPRFo_SPRFmed_SPRFpbrs
1.26696e+06 815266 275344
Fref
1.005
Nvult_r0
 209209 18015.4 7983.89 8720.38 3134.49
CTP_r0
 27768.6 2926.9 1312.59 1434.57 515.667
YTP_r0
391297
Np
 243795 41066.7 13191.1 1055.52 528.261
Nvult_p0
 202728 35453.4 11413.4 913.375 457.125
CTP_p0
 88908 41449.7 3395.41 1499.52 2132.28
 88908 17638.2 5718.66 457.817 229.132
YTP_p0
 1.53288e+06 1.10792e+06
CBA_c0
733771
log_Ro
11.9053
likeval ReclasPelacesDesembMPH_pf_preclas_ppelaces_ptallas_desvR_qrecl_qpela
 13.6628 17.4296 0.0601625 0.000819517 240.942 118.734 98.3938 0 24.2297 8.76661e-07 0 0.307285 0 0 0
q_reclas_q_pelaces
0.875747 1
M
1
N
 196809 44788.2 145228 8747.51 0.287241
 111171 65218.8 14433 46711.2 2813.36
 111906 33801.4 18844.4 4155.91 14257.7
 179985 34182.6 9823.95 5458.47 5332.71
 144465 49658.4 8732.52 2496.66 2741.69
 251437 48178.5 16131.9 2831.78 1698.53
 103514 76362.1 13900.5 4638.28 1302.32
 46922.3 24914.8 16408 2963.97 1266.17
 45200.5 16120.1 8404.22 5527.86 1425.04
 60661.9 12746.8 4233.97 2196.79 1816.96
 113369 15777.6 3021.69 997.4 945.196
 149680 38426.2 5231.88 1000.51 643.162
 124779 38539.1 8993.16 1216.57 382.071
 87282.8 32918.4 9301.91 2157.59 383.414
 87171.2 18439.6 5995.58 1677.28 457.935
 478418 21936.5 4192.13 1353.72 481.923
 101204 129517 5470.94 1039.73 455.138
 735001 30651 37237.7 1567.43 428.199
 423039 221982 8781.27 10630.3 569.585
 325013 117594 57249.3 2253.24 2873.06
 481789 92932.5 31432.6 15232.9 1363.67
 644479 146145 26772.3 9023.65 4763.65
 133968 185668 39437.8 7192.71 3703.24
 398771 42706.3 56962.5 12068.1 3333.72
 334996 129300 13387.6 17815.8 4816.54
 150559 108512 40481.6 4181.77 7068.61
 339584 49975 35041.2 13048.1 3625.88
 382350 110016 15649.3 10947.7 5208.71
 112201 126206 35275.9 5008.03 5169.75
 81157.4 37335.7 40883.8 11406.7 3290.74
 305716 25847.5 11441.1 12495.7 4491.5
pred_Ctot
 12448.3 3549.85 11665.9 703.173 0.0230908
 12383.7 9021.9 2022.28 6549.38 394.476
 12186.2 4573.2 2582.5 569.929 1955.33
 29118.3 6800.7 1978.39 1099.96 1074.65
 8603.86 3708.52 660.982 189.112 207.68
 28163.8 6700.81 2272.56 399.195 239.449
 23412.4 20965.1 3859.7 1288.66 361.837
 1972.67 1317.65 879.698 159.026 67.9364
 6815.27 2995.49 1581.02 1040.59 268.266
 11555.9 2969.09 997.884 518.073 428.51
 5673.85 991.875 192.557 63.6051 60.2783
 29228.8 9166.16 1262.7 241.622 155.327
 22922.8 8668.69 2046.99 277.085 87.0229
 24561.1 11113.9 3173.72 736.558 130.893
 17953.8 4629.22 1522.68 426.234 116.375
 81885.9 4608.73 891.401 288.034 102.543
 11486.9 18248.2 780.731 148.475 64.9968
 84530.7 4374.56 5382.86 226.731 61.9419
 66858.1 43174.9 1728.9 2094.29 112.219
 46711.5 20857.7 10280.9 404.905 516.304
 54277.3 12998.3 4453 2159.49 193.326
 90134.6 25243.6 4682.25 1579.2 833.701
 11435.1 19777.7 4256.52 776.85 399.983
 30207.1 4044.4 5466.46 1158.94 320.161
 25567.1 12335.9 1294.27 1723.6 465.994
 9378.96 8471.97 3203.25 331.132 559.747
 25887.5 4762.48 3383.86 1260.92 350.403
 25055.3 9030.1 1301.8 911.337 433.613
 6826.98 9626.85 2727.21 387.451 399.979
 6969.49 4000.86 4438.94 1239.34 357.552
 27768.6 2926.9 1312.59 1434.57 515.667
F
 0.104483 0.13243 0.134321 0.134422 0.134428
 0.190562 0.241534 0.244983 0.245167 0.245176
 0.185944 0.23568 0.239045 0.239225 0.239235
 0.287706 0.364662 0.369869 0.370147 0.370162
 0.098125 0.124372 0.126147 0.126242 0.126247
 0.191707 0.242984 0.246454 0.246639 0.246649
 0.424242 0.537719 0.545397 0.545807 0.545829
 0.0684253 0.0867278 0.0879662 0.0880323 0.0880358
 0.265823 0.336926 0.341737 0.341994 0.342008
 0.346726 0.439469 0.445744 0.44608 0.446097
 0.0819102 0.10382 0.105302 0.105381 0.105385
 0.356829 0.452274 0.458732 0.459077 0.459095
 0.332513 0.421454 0.427472 0.427793 0.42781
 0.554651 0.703009 0.713047 0.713584 0.713612
 0.379725 0.481294 0.488166 0.488533 0.488553
 0.306671 0.3887 0.39425 0.394547 0.394562
 0.194474 0.246492 0.250012 0.2502 0.25021
 0.197276 0.250044 0.253615 0.253805 0.253815
 0.280225 0.35518 0.360252 0.360523 0.360537
 0.251992 0.319395 0.323956 0.324199 0.324212
 0.192906 0.244505 0.247996 0.248183 0.248192
 0.244482 0.309876 0.314301 0.314537 0.31455
 0.143251 0.181567 0.18416 0.184299 0.184306
 0.12625 0.16002 0.162305 0.162427 0.162433
 0.127253 0.16129 0.163593 0.163716 0.163723
 0.102834 0.13034 0.132201 0.1323 0.132305
 0.127098 0.161095 0.163395 0.163518 0.163524
 0.108423 0.137424 0.139386 0.139491 0.139497
 0.10034 0.12718 0.128995 0.129093 0.129098
 0.144175 0.182739 0.185349 0.185488 0.185495
 0.153045 0.193982 0.196752 0.1969 0.196908
YTP_r0W_actual
 236033 47708.5 37933.8 49923.1 19698.5
YTP_p0W_proyectada
 668588 668170 79384.6 44235.7 72497.6
 668588 284328 133702 13505.6 7790.5
CTP_r0_actual
 27768.6 2926.9 1312.59 1434.57 515.667
CTP_p0_proyectada
 88908 41449.7 3395.41 1499.52 2132.28
 88908 17638.2 5718.66 457.817 229.132
Wmedp
 7.52 16.12 23.38 29.5 34
Frms_r0
 0.153045 0.193982 0.196752 0.1969 0.196908
Zrms_r0
 1.15305 1.19398 1.19675 1.1969 1.19691
nmprior
 8.19 8.8 8.5 0
nm_flota  nm_reclas  nm_pelaces    nm_pelaL
inf 12.415 18.2973 43.7625
cv_recla  cv_pelaces  cv_mph
0.334345 0.473387 0.883455
 ------------------------------------------------
Talla a la edad & desviaci?n 
 8 13.2811 15.8009 17.003 17.5766
 0.8 1.32811 1.58009 1.7003 1.75766
