    unsorted:	 2.334926880e-06 5.767205408e-05 9.546221996e-05 0.001099931438 4.330837005 1.950205791 7.277556248 11.03522262 13.42739836 59.36653935 158.9435229 135.0598607 222.7033782 253.5061496 455.6002379 502.2865230 563.1628139 635.8060045 788.6248520 812.1286848 895.5394373 912.5841382 930.4925967 1052.216794 1197.815979 1271.566076 1399.250427 1494.118196 1617.721551 1782.069605 1810.492619 2085.260707 2208.793488 2437.896671 2340.859632 2493.639494 2507.026040 2790.581445 2812.333826 3034.206866 3128.995854 3652.740834 3722.072621 4202.133797 10138.62303 41408.99297 158283.4647 382199.7060 388111.1556 376058.2194 395332.0118 354362.8844 357301.0376 425290.6668 443334.5954 452521.9327 456996.1329 314500.6201 604367.7784 617775.8472 655001.2738 696979.4037 711204.9507 985328.2009 1045622.798 1140447.748 1193276.489 1508138.961 1493887.041 1663342.053 1831549.952 2302394.396 2439097.360 2471664.095 2740439.194 2959572.800 3303271.402 43235520.29
      sorted:	 2.334926880e-06 5.767205408e-05 9.546221996e-05 0.001099931438 1.950205791 4.330837005 7.277556248 11.03522262 13.42739836 59.36653935 135.0598607 158.9435229 222.7033782 253.5061496 455.6002379 502.2865230 563.1628139 635.8060045 788.6248520 812.1286848 895.5394373 912.5841382 930.4925967 1052.216794 1197.815979 1271.566076 1399.250427 1494.118196 1617.721551 1782.069605 1810.492619 2085.260707 2208.793488 2340.859632 2437.896671 2493.639494 2507.026040 2790.581445 2812.333826 3034.206866 3128.995854 3652.740834 3722.072621 4202.133797 10138.62303 41408.99297 158283.4647 314500.6201 354362.8844 357301.0376 376058.2194 382199.7060 388111.1556 395332.0118 425290.6668 443334.5954 452521.9327 456996.1329 604367.7784 617775.8472 655001.2738 696979.4037 711204.9507 985328.2009 1045622.798 1140447.748 1193276.489 1493887.041 1508138.961 1663342.053 1831549.952 2302394.396 2439097.360 2471664.095 2740439.194 2959572.800 3303271.402 43235520.29
