years
 1991 1992 1993 1994 1995 1996 1997 1998 1999 2000 2001 2002 2003 2004 2005 2006 2007 2008 2009 2010 2011 2012 2013 2014 2015 2016 2017
reclasobs
 0 0 0 0 0 0 0 0 0 252601 567819 844713 477998 351125 339783 2.1784e+06 2.13404e+06 4.81314e+06 1.55562e+06 2.62356e+06 3.21686e+06 3.843e+06 1.13348e+06 3.07943e+06 1.97215e+06 2.03268e+06 2.025e+06
reclaspred
 3.1641e+06 1.73608e+06 870711 920640 939010 1.69361e+06 959635 806815 563743 371784 506876 698226 681309 498516 479865 1.3687e+06 1.20654e+06 3.13926e+06 2.50881e+06 1.7829e+06 3.11771e+06 2.56729e+06 1.91142e+06 3.12992e+06 2.29696e+06 1.9414e+06 2.08149e+06
pelacesobs
 0 0 0 0 0 0 0 0 0 0 0 0 0 0 0 552880 188675 0 991730 2.46772e+06 1.41603e+06 1.21717e+06 2.29649e+06 1.80582e+06 0 1.4828e+06 1.56532e+06
pelacespred
 1.94287e+06 1.15855e+06 565257 449790 512654 911152 495949 535108 344455 202123 285118 328789 357689 258806 252861 597582 604971 1.67086e+06 1.44461e+06 958408 1.60734e+06 1.41449e+06 1.13938e+06 1.90596e+06 1.43785e+06 1.22693e+06 1.39718e+06
mphobs
 0 0 0 0 0 0 0 0 0 0 0 498337 0 5186 125008 0 168611 109162 213762 579715 649985 157893 87575 83554 0 0 0
mphpred
 483138 324830 156263 85798.7 96893 118470 169937 91080.4 80689.4 49212.8 29226 61732.9 66310.2 53831.7 31975 40207.4 152341 134240 312889 219920 225796 281997 270219 211906 318375 257105 199420
desembarqueobs
 494567 514787 250237 358949 120608 361735 552515 73892 212993 205616 52469 317467 293654 387597 252695 516296 358380 742168 942051 627588 828172 859565 418607 520667 417249 300574 415391
desembarquepred
 494572 513899 250661 358976 120613 361738 552531 73897.4 213054 205671 52471.8 317523 293682 387564 252667 516226 358415 742013 941732 627359 828246 859535 418607 520685 417231 300570 415394
Reclutas
 167339 96437.8 89813.3 144791 113938 217184 84626.1 34019.2 33543.6 45280.6 83701.9 125155 103873 73172.2 65083 353232 71762.4 567688 328346 250027 352789 489367 92427.4 283520 233461 94884.4 190006
log_desv_Rt
 0.222955 -0.328169 -0.399334 0.0782257 -0.161417 0.483678 -0.458825 -1.37014 -1.38422 -1.08419 -0.469805 -0.067514 -0.253897 -0.604252 -0.721403 0.970057 -0.623706 1.44451 0.897 0.624502 0.968803 1.29605 -0.370644 0.750217 0.55595 -0.344408 0.349986
SSB
 1.84869e+06 1.24294e+06 597928 328303 370755 453319 650254 348513 308753 188310 111831 236217 253732 205983 122350 153851 582922 513660 1.19725e+06 841510 863992 1.07904e+06 1.03397e+06 810845 1.21824e+06 983795 763067
BT
 2.64804e+06 1.83498e+06 891068 870269 733147 1.51549e+06 1.08188e+06 734118 636021 453428 427625 695636 733707 747710 598588 1.25789e+06 1.02505e+06 2.96653e+06 2.7445e+06 1.7453e+06 2.80787e+06 2.59196e+06 1.74545e+06 3.03214e+06 2.14406e+06 1.76507e+06 2.25001e+06
Ftot
 0.217887 0.401248 0.394284 0.560516 0.18706 0.319573 0.760777 0.132374 0.531848 0.762717 0.161386 0.65145 0.616066 1.06706 0.774931 0.582968 0.413208 0.364735 0.531205 0.502662 0.390088 0.485467 0.305053 0.252666 0.260077 0.219532 0.296511
BD_Bspro_t
 0.965739 0.76289 0.546973 0.442098 0.442462 0.542443 0.557368 0.362109 0.413794 0.347088 0.297144 0.559982 0.438106 0.343688 0.229156 0.27492 0.469511 0.425645 0.565301 0.447514 0.40793 0.459103 0.475161 0.453966 0.587226 0.592679 0.586661
BD_Bspro
 1.9434 1.30661 0.62856 0.345122 0.389748 0.476542 0.683566 0.366367 0.32457 0.197956 0.11756 0.248318 0.26673 0.216536 0.128618 0.161732 0.612785 0.539975 1.25858 0.884619 0.908253 1.13432 1.08694 0.852384 1.28065 1.03419 0.802158
BD_Bo
 1.26804 0.852545 0.410126 0.225187 0.254305 0.310937 0.446017 0.239049 0.211777 0.129164 0.0767063 0.162024 0.174037 0.141286 0.0839212 0.105528 0.399833 0.352325 0.821206 0.577201 0.592622 0.740127 0.709215 0.556168 0.835606 0.674796 0.523396
BD_Brms
 8.09342 5.44148 2.61768 1.43728 1.62313 1.98459 2.84676 1.52576 1.35169 0.824403 0.489588 1.03414 1.11081 0.901777 0.535638 0.673545 2.55198 2.24876 5.24145 3.68405 3.78248 4.72395 4.52665 3.54981 5.33336 4.30697 3.34064
Sel_flota
 0.813076 0.999993 1 1 1
 0.813076 0.999993 1 1 1
 0.813076 0.999993 1 1 1
 0.813076 0.999993 1 1 1
 0.813076 0.999993 1 1 1
 0.813076 0.999993 1 1 1
 0.813076 0.999993 1 1 1
 0.813076 0.999993 1 1 1
 0.813076 0.999993 1 1 1
 0.813076 0.999993 1 1 1
 0.813076 0.999993 1 1 1
 0.813076 0.999993 1 1 1
 0.813076 0.999993 1 1 1
 0.813076 0.999993 1 1 1
 0.813076 0.999993 1 1 1
 0.813076 0.999993 1 1 1
 0.813076 0.999993 1 1 1
 0.813076 0.999993 1 1 1
 0.813076 0.999993 1 1 1
 0.813076 0.999993 1 1 1
 0.813076 0.999993 1 1 1
 0.813076 0.999993 1 1 1
 0.813076 0.999993 1 1 1
 0.813076 0.999993 1 1 1
 0.813076 0.999993 1 1 1
 0.813076 0.999993 1 1 1
 0.813076 0.999993 1 1 1
Sel_reclas
 1 1 1 1 1
 1 1 1 1 1
 1 1 1 1 1
 1 1 1 1 1
 1 1 1 1 1
 1 1 1 1 1
 1 1 1 1 1
 1 1 1 1 1
 1 1 1 1 1
 1 1 1 1 1
 1 1 1 1 1
 1 1 1 1 1
 1 1 1 1 1
 1 1 1 1 1
 1 1 1 1 1
 1 1 1 1 1
 1 1 1 1 1
 1 1 1 1 1
 1 1 1 1 1
 1 1 1 1 1
 1 1 1 1 1
 1 1 1 1 1
 1 1 1 1 1
 1 1 1 1 1
 1 1 1 1 1
 1 1 1 1 1
 1 1 1 1 1
Sel_pelaces
 0.737953 0.934091 0.986173 0.997222 0.999447
 0.737953 0.934091 0.986173 0.997222 0.999447
 0.737953 0.934091 0.986173 0.997222 0.999447
 0.737953 0.934091 0.986173 0.997222 0.999447
 0.737953 0.934091 0.986173 0.997222 0.999447
 0.737953 0.934091 0.986173 0.997222 0.999447
 0.737953 0.934091 0.986173 0.997222 0.999447
 0.737953 0.934091 0.986173 0.997222 0.999447
 0.737953 0.934091 0.986173 0.997222 0.999447
 0.737953 0.934091 0.986173 0.997222 0.999447
 0.737953 0.934091 0.986173 0.997222 0.999447
 0.737953 0.934091 0.986173 0.997222 0.999447
 0.737953 0.934091 0.986173 0.997222 0.999447
 0.737953 0.934091 0.986173 0.997222 0.999447
 0.737953 0.934091 0.986173 0.997222 0.999447
 0.737953 0.934091 0.986173 0.997222 0.999447
 0.737953 0.934091 0.986173 0.997222 0.999447
 0.737953 0.934091 0.986173 0.997222 0.999447
 0.737953 0.934091 0.986173 0.997222 0.999447
 0.737953 0.934091 0.986173 0.997222 0.999447
 0.737953 0.934091 0.986173 0.997222 0.999447
 0.737953 0.934091 0.986173 0.997222 0.999447
 0.737953 0.934091 0.986173 0.997222 0.999447
 0.737953 0.934091 0.986173 0.997222 0.999447
 0.737953 0.934091 0.986173 0.997222 0.999447
 0.737953 0.934091 0.986173 0.997222 0.999447
 0.737953 0.934091 0.986173 0.997222 0.999447
pf_obs 
 0.8446 0.082 0.0669 0.0065 0
 0.8095 0.147 0.0364 0.0071 0
 0.9664 0.0169 0.016 0.0007 0
 0.9276 0.0648 0.0075 0.0001 0
 0.7033 0.2144 0.0806 0.0017 0
 0.9318 0.0425 0.0243 0.0014 0
 0.5671 0.3108 0.0964 0.0239 0.0018
 0.0768 0.2599 0.5324 0.112 0.0189
 0.490249 0.384438 0.106611 0.0170017 0.00170017
 0.7925 0.1577 0.0466 0.003 0.0002
 0.840416 0.127587 0.0312969 0.00059994 9.999e-05
 0.8084 0.0986 0.0794 0.0134 0.0002
 0.7335 0.1905 0.0724 0.0035 0.0001
 0.4001 0.4547 0.1325 0.0127 0
 0.49795 0.308269 0.164784 0.0264974 0.00249975
 0.9179 0.0499 0.0305 0.0017 0
 0.2467 0.6533 0.0926 0.0074 0
 0.9418 0.0223 0.034 0.0019 0
 0.707729 0.231977 0.0356964 0.0245975 0
 0.517169 0.277429 0.184464 0.0207286 0.00020938
 0.811772 0.124168 0.05621 0.00726502 0.000585176
 0.764997 0.148141 0.077277 0.00933861 0.000247198
 0.163321 0.427699 0.378323 0.0303852 0.000271297
 0.753843 0.0900009 0.118128 0.0371064 0.000921714
 0.721811 0.176058 0.0630433 0.0369309 0.00215725
 0.143369 0.312575 0.442814 0.0836902 0.0175525
 0.692698 0.0596174 0.167031 0.0765114 0.00414204
pf_pred 
 0.530227 0.138113 0.310082 0.0215765 8.14922e-07
 0.478991 0.305925 0.0632351 0.141969 0.00987907
 0.614086 0.209185 0.103772 0.0214495 0.0515074
 0.774366 0.151583 0.0401395 0.019912 0.0139992
 0.69484 0.249724 0.0372424 0.00986178 0.00833157
 0.788178 0.156936 0.0449154 0.00669839 0.00327224
 0.492783 0.418923 0.0654161 0.0187221 0.00415605
 0.485619 0.291484 0.184096 0.0287469 0.0100537
 0.576881 0.22887 0.110075 0.069521 0.0146524
 0.756292 0.156147 0.0473631 0.0227791 0.0174189
 0.861199 0.111995 0.0171746 0.00520941 0.00442134
 0.777454 0.197167 0.0204782 0.00314033 0.00176095
 0.727961 0.223784 0.0427517 0.00444024 0.00106274
 0.682132 0.247802 0.0576382 0.0110111 0.00141734
 0.787387 0.159555 0.0413629 0.00962082 0.00207452
 0.951349 0.0405343 0.00609125 0.00157908 0.000446484
 0.417081 0.561118 0.0181638 0.00272952 0.000907666
 0.923417 0.0367479 0.0383448 0.00124124 0.00024855
 0.626505 0.3508 0.0108902 0.0113633 0.000441494
 0.648597 0.241377 0.10334 0.00320805 0.00347748
 0.773281 0.160146 0.0457288 0.0195775 0.00126656
 0.780215 0.178974 0.0288274 0.00823141 0.00375204
 0.342462 0.540476 0.0953258 0.015354 0.00638262
 0.77924 0.0880105 0.109116 0.019245 0.00438835
 0.650586 0.285489 0.025485 0.0315962 0.00684342
 0.442045 0.391787 0.135767 0.0121196 0.0182802
 0.729899 0.134954 0.0948981 0.0328851 0.00736334
pobs_RECLAS
 0 0 0 0 0
 0 0 0 0 0
 0 0 0 0 0
 0 0 0 0 0
 0 0 0 0 0
 0 0 0 0 0
 0 0 0 0 0
 0 0 0 0 0
 0 0 0 0 0
 0 0 0 0 0
 0.991045 0.00858322 0.000360255 1.14367e-05 0
 0.934742 0.0480273 0.0164251 0.00080598 0
 0.827803 0.169806 0.00239088 0 0
 0.941827 0.0461693 0.0120037 0 0
 0.791401 0.0380133 0.147996 0.0225897 0
 0.846168 0.0940531 0.0597789 0 0
 0.134021 0.677848 0.182769 0.00536245 0
 0.80878 0.0450904 0.141981 0.00414843 0
 0.846168 0.0940531 0.0597789 0 0
 0.905697 0.0802665 0.012482 0.00150086 5.37128e-05
 0.989698 0.0102097 9.19794e-05 0 0
 0.975433 0.0193895 0.00387452 0.00125025 5.28907e-05
 0.303575 0.632131 0.0575291 0.00676475 0
 0.966965 0.00978017 0.0227588 0.000495775 0
 0.843318 0.132988 0.00938335 0.0141283 0.000182051
 0.564624 0.303363 0.111486 0.0197234 0.00080311
 0.826376 0.0876187 0.0782897 0.00655872 0.00115652
ppred_RECLAS
 0.582235 0.122824 0.275752 0.0191878 7.24701e-07
 0.532731 0.274371 0.0567124 0.127325 0.00886004
 0.663636 0.182327 0.0904474 0.0186954 0.0448939
 0.810421 0.127361 0.0337252 0.0167301 0.0117621
 0.737517 0.2148 0.0320339 0.00848255 0.00716635
 0.821589 0.132183 0.0378306 0.0056418 0.00275608
 0.549137 0.372379 0.0581478 0.0166418 0.00369427
 0.53784 0.261893 0.165406 0.0258283 0.00903299
 0.629194 0.200574 0.0964657 0.0609254 0.0128408
 0.795529 0.131008 0.0397375 0.0191116 0.0146144
 0.884426 0.093254 0.0143005 0.00433763 0.00368144
 0.81356 0.165178 0.0171556 0.00263082 0.00147524
 0.769521 0.189596 0.0362202 0.00376187 0.000900373
 0.731309 0.209465 0.0487207 0.00930751 0.00119806
 0.822852 0.13294 0.0344631 0.00801596 0.00172847
 0.960589 0.032836 0.00493435 0.00127917 0.000361684
 0.470219 0.509967 0.0165079 0.00248069 0.000824918
 0.937261 0.0301051 0.031413 0.00101686 0.000203619
 0.676123 0.304197 0.00944343 0.0098537 0.000382841
 0.696528 0.208454 0.089244 0.00277046 0.00300314
 0.808739 0.1351 0.0385767 0.0165155 0.00106847
 0.815233 0.150459 0.0242343 0.00691989 0.00315422
 0.391858 0.499875 0.0881641 0.0142005 0.00590311
 0.813496 0.0743539 0.0921837 0.0162587 0.00370738
 0.697079 0.247503 0.0220939 0.0273919 0.00593281
 0.494517 0.354944 0.122999 0.0109798 0.016561
 0.769723 0.115057 0.080906 0.0280364 0.00627766
pobs_PELACES
 0 0 0 0 0
 0 0 0 0 0
 0 0 0 0 0
 0 0 0 0 0
 0 0 0 0 0
 0 0 0 0 0
 0 0 0 0 0
 0 0 0 0 0
 0 0 0 0 0
 0 0 0 0 0
 0 0 0 0 0
 0 0 0 0 0
 0 0 0 0 0
 0 0 0 0 0
 0 0 0 0 0
 0 0 0 0 0
 0.505614 0.472636 0.0217494 0 0
 0 0 0 0 0
 0.443492 0.261883 0.143347 0.151278 0
 0.227955 0.32914 0.350689 0.0885471 0.00366901
 0.970185 0.0296113 0.000203453 0 0
 0.997202 0.00247181 0.000326279 0 0
 0.445219 0.490057 0.0546422 0.010081 0
 0.90214 0.0892962 0.00764917 0.000914606 0
 0 0 0 0 0
 0.581667 0.319106 0.0959925 0.00289975 0.000334073
 0.762889 0.0836404 0.116647 0.0363945 0.000428098
ppred_PELACES
 0.517635 0.136374 0.323245 0.0227445 8.60951e-07
 0.473526 0.301152 0.0657187 0.149198 0.0104053
 0.60837 0.206485 0.108142 0.0226034 0.0543993
 0.7741 0.148754 0.0415862 0.0208608 0.014699
 0.68957 0.251298 0.0395666 0.0105946 0.00897064
 0.785201 0.156784 0.0473733 0.00714408 0.00349775
 0.499553 0.409135 0.0674493 0.0195202 0.00434289
 0.474854 0.290299 0.193569 0.0305647 0.0107133
 0.574009 0.224142 0.113811 0.0726855 0.0153536
 0.759149 0.150972 0.0483463 0.0235125 0.0180199
 0.857868 0.113361 0.0183532 0.00562926 0.00478833
 0.780945 0.192794 0.0211403 0.00327818 0.00184236
 0.730632 0.219364 0.0442435 0.00464666 0.00111462
 0.693964 0.235571 0.057848 0.011175 0.00144165
 0.791405 0.154289 0.0422276 0.00993197 0.00214639
 0.951846 0.0397304 0.00630328 0.00165235 0.000468243
 0.417844 0.559175 0.01911 0.00290388 0.0009678
 0.921432 0.0366296 0.0403521 0.00132085 0.000265082
 0.629325 0.346845 0.0113677 0.0119945 0.000467055
 0.647617 0.23784 0.107502 0.00337465 0.00366624
 0.770809 0.159113 0.0479664 0.0207656 0.00134642
 0.78034 0.176919 0.0300852 0.00868679 0.00396844
 0.339242 0.537565 0.100098 0.0163033 0.00679235
 0.771805 0.0879119 0.11507 0.0205226 0.0046901
 0.64618 0.285789 0.0269341 0.0337668 0.00732987
 0.435053 0.389942 0.142661 0.0128776 0.019467
 0.723132 0.134343 0.0997345 0.0349483 0.00784276
pobs_pel_tallas
 0 0 0 0 0 0 0 0 0 0 0 0 0 0 0 0 0 0 0 0 0 0 0 0 0 0
 0 0 0 0 0 0 0 0 0 0 0 0 0 0 0 0 0 0 0 0 0 0 0 0 0 0
 0 0 0 0 0 0 0 0 0 0 0 0 0 0 0 0 0 0 0 0 0 0 0 0 0 0
 0 0 0 0 0 0 0 0 0 0 0 0 0 0 0 0 0 0 0 0 0 0 0 0 0 0
 0 0 0 0 0 0 0 0 0 0 0 0 0 0 0 0 0 0 0 0 0 0 0 0 0 0
 0 0 0 0 0 0 0 0 0 0 0 0 0 0 0 0 0 0 0 0 0 0 0 0 0 0
 0 0 0 0 0 0 0 0 0 0 0 0 0 0 0 0 0 0 0 0 0 0 0 0 0 0
 0 0 0 0 0 0 0 0 0 0 0 0 0 0 0 0 0 0 0 0 0 0 0 0 0 0
 0 0 0 0 0 0 0 0 0 0 0 0 0 0 0 0 0 0 0 0 0 0 0 0 0 0
 0 0 0 0 0 0 0 0 0 0 0 0 0 0 0 0 0 0 0 0 0 0 0 0 0 0
 0 0 0 0 0 0 0 0 0 0 0 0 0 0 0 0 0 0 0 0 0 0 0 0 0 0
 0 0 0 0 0 0 0 0 0 0 0 0 0 0 0 0 0 0 0 0 0 0 0 0 0 0
 0.00862536 0 0 0.000197151 0.00414017 0.0128641 0.00837892 0.0270097 0.101434 0.158115 0.152841 0.127902 0.109271 0.109419 0.0830992 0.0579132 0.0238553 0.00714673 0.00463305 0.00128148 0.00103504 0.000492878 0.000147863 0.000147863 4.92878e-05 0
 0 0 0 0 0 0 0 0 0 0 0 0 0 0 0 0 0 0 0 0 0 0 0 0 0 0
 0 0 0 0 0 0 0 0.0054083 0.00873648 0.0413646 0.0450493 0.0745869 0.0622846 0.0627006 0.0613931 0.0827291 0.12552 0.122667 0.0946155 0.0697135 0.0546179 0.0294188 0.0215738 0.0213955 0.0102223 0.00600262
 0 0 0 0 0.00359764 0.0251062 0.0480494 0.140153 0.205849 0.193036 0.1447 0.116669 0.0760912 0.0342217 0.00950174 0.001854 0.000860785 0 0 0 0.000165536 0 0.000143464 0 0 0
 0 0 0 0 0 0 0 0.000145254 0.000435761 0.0275982 0.070085 0.0708112 0.156366 0.174668 0.174014 0.160142 0.0824315 0.0480064 0.0283245 0.00493863 0.00203355 0 0 0 0 0
 0 0 0 0 0 0 0 0 0 0 0 0 0 0 0 0 0 0 0 0 0 0 0 0 0 0
 0 0 1.00437e-05 0.000401748 0.00122533 0.00171747 0.00176769 0.0269171 0.070346 0.194647 0.189555 0.159765 0.064822 0.0314167 0.0384472 0.0292271 0.0345202 0.0313363 0.0194345 0.0106764 0.0143323 0.0359363 0.0279516 0.0138201 0.00172751 0
 0 0.0021121 0.0136068 0.0755702 0.200478 0.177729 0.0527432 0.0373336 0.0318909 0.0142505 0.0149659 0.0166563 0.0217959 0.0798694 0.0677717 0.0528807 0.04013 0.0224614 0.0357745 0.0225083 0.00881397 0.00855152 0.00135912 0.000746735 0 0
 0 0 0 0 5.4009e-05 0.00500934 0.000945158 0.0243581 0.138947 0.33067 0.221406 0.137944 0.0707744 0.0437923 0.0131692 0.00525238 0.0047753 0.00276346 9.45158e-05 9.00151e-06 2.25038e-05 9.00151e-06 4.50075e-06 0 0 0
 0.000866109 0.00284123 0.00948549 0.0512746 0.133035 0.25785 0.225252 0.132002 0.0553304 0.0519788 0.0540692 0.017754 0.00435017 0.00159236 0.00146478 0.000404838 0.000125132 0.000115318 0.000107957 0.000100596 0 0 0 0 0 0
 0 0 0 0 0.00144013 0.00171154 0.00461396 0.0210425 0.0478622 0.0707936 0.0888783 0.103762 0.0637923 0.0337046 0.0602308 0.124433 0.169614 0.0934646 0.0462172 0.0250306 0.0313229 0.00938855 0.002487 0.000210481 0 0
 0 0.00764035 0.051015 0.0998891 0.058973 0.0496711 0.0374665 0.0718981 0.12319 0.153886 0.159021 0.0857701 0.0377988 0.023471 0.0147837 0.00900784 0.00315554 0.000888139 0.00291439 0.00214683 0.00393193 0.00274676 0.000635225 9.99891e-05 0 0
 0 0 0 0 0 0 0 0 0 0 0 0 0 0 0 0 0 0 0 0 0 0 0 0 0 0
 0 0 0 0 0 0 0 0 0 0 0 0 0 0 0 0 0 0 0 0 0 0 0 0 0 0
 0 0 0 0 0 0 0 0 0 0 0 0 0 0 0 0 0 0 0 0 0 0 0 0 0 0
ppred_pel_tallas
 1.11645e-16 4.2637e-05 0.000414447 0.00275414 0.0125199 0.0389543 0.0829967 0.121139 0.121153 0.0830635 0.0391798 0.0131775 0.00442755 0.00414285 0.0073439 0.0126468 0.0195461 0.0273466 0.0352639 0.0427722 0.0496207 0.0554336 0.059335 0.0601054 0.0568669 0.0497541
 1.18697e-16 3.90037e-05 0.00037913 0.00251946 0.0114531 0.035635 0.0759252 0.110821 0.11085 0.0760675 0.0361131 0.0128352 0.00599371 0.00798075 0.0145293 0.0241062 0.0350929 0.0449697 0.0512581 0.0529824 0.0513004 0.0486688 0.0471771 0.0473432 0.0481214 0.0478382
 1.14647e-16 5.01107e-05 0.000487094 0.00323691 0.0147145 0.0457825 0.0975451 0.142374 0.142394 0.0976431 0.0461119 0.0156678 0.00563666 0.00574892 0.0101121 0.0168208 0.0246617 0.0319472 0.0370001 0.0390948 0.038864 0.0377562 0.0369891 0.0368434 0.036731 0.0357865
 1.05818e-16 6.37616e-05 0.000619786 0.0041187 0.018723 0.0582543 0.124117 0.181156 0.18117 0.124188 0.0584903 0.0194054 0.00583366 0.00437052 0.00720797 0.0118713 0.0172299 0.0219604 0.0247669 0.0250781 0.0233815 0.0208587 0.0186161 0.0171182 0.0161609 0.015239
 1.03787e-16 5.6799e-05 0.000552107 0.00366894 0.0166785 0.0518931 0.110565 0.161377 0.161402 0.110683 0.0522907 0.0178269 0.00655204 0.00684742 0.0120172 0.0197892 0.0285312 0.0359436 0.0397229 0.0388132 0.0340308 0.027495 0.0213414 0.0167186 0.0136508 0.0115525
 1.02716e-16 6.4676e-05 0.000628674 0.00417776 0.0189915 0.0590897 0.125897 0.183754 0.183769 0.125971 0.0593385 0.0197105 0.00598452 0.00457924 0.00758623 0.012488 0.0180969 0.0229942 0.0257719 0.025769 0.0234373 0.0199809 0.0165812 0.0138258 0.0116795 0.00983182
 1.04744e-16 4.11476e-05 0.000399969 0.00265794 0.0120826 0.0375937 0.0800989 0.116915 0.116954 0.0802917 0.0382411 0.0139526 0.00735259 0.0106513 0.0195186 0.0322251 0.0464694 0.0585465 0.0647003 0.0631938 0.0553268 0.044516 0.0342128 0.0262886 0.0208241 0.0169453
 1.10539e-16 3.91131e-05 0.000380194 0.00252652 0.0114852 0.0357349 0.0761381 0.111132 0.11116 0.0762761 0.0361991 0.012829 0.00591146 0.00780874 0.0142623 0.0238169 0.0350068 0.0454883 0.0528535 0.0559334 0.0553541 0.0528221 0.0497815 0.0465929 0.0427545 0.0377136
 1.1323e-16 4.72804e-05 0.000459582 0.00305409 0.0138834 0.0431967 0.0920359 0.134334 0.134355 0.0921422 0.0435543 0.0149185 0.00565987 0.00617396 0.0109772 0.0182783 0.026817 0.0347781 0.0403523 0.0427543 0.0426494 0.0415509 0.0406833 0.0402409 0.0395145 0.0375892
 1.06842e-16 6.25301e-05 0.000607815 0.00403915 0.0183614 0.0571291 0.12172 0.177657 0.177672 0.121792 0.057369 0.0190548 0.00578226 0.00442195 0.00733293 0.0120952 0.0175893 0.0224914 0.0255049 0.0260623 0.0246557 0.0224592 0.0205491 0.0193385 0.0185664 0.0176862
 1.01934e-16 7.06615e-05 0.000686855 0.00456439 0.0207491 0.0645581 0.137548 0.200758 0.200769 0.137602 0.0647375 0.0212672 0.00586526 0.00352756 0.00546841 0.00893594 0.0128837 0.0162413 0.0179703 0.0175979 0.0154943 0.0126144 0.00991612 0.00790755 0.00658718 0.00567891
 1.013e-16 6.43255e-05 0.000625266 0.00415512 0.0188886 0.0587694 0.125215 0.182759 0.182778 0.125306 0.0590741 0.0197684 0.00636299 0.00544333 0.00920954 0.0151097 0.0217274 0.0272535 0.0298883 0.0287994 0.0246142 0.0189954 0.0136548 0.00956963 0.00685203 0.0051167
 1.01988e-16 6.01812e-05 0.000584983 0.00388742 0.0176716 0.0549832 0.117148 0.170986 0.171007 0.117252 0.0553304 0.018675 0.0064068 0.00608776 0.0105195 0.0173174 0.0249904 0.0315269 0.0349099 0.0341935 0.0300429 0.0242468 0.0186174 0.0141465 0.010908 0.00850115
 1.03095e-16 5.71609e-05 0.000555625 0.00369232 0.0167848 0.0522238 0.111269 0.162405 0.162428 0.11138 0.0525971 0.0178636 0.00640212 0.00647732 0.0113217 0.0186737 0.0270043 0.0341865 0.0380817 0.0376884 0.0337077 0.0280092 0.0224548 0.0180146 0.0146923 0.0120282
 1.02618e-16 6.5187e-05 0.000633641 0.00421077 0.0191416 0.0595566 0.126892 0.185206 0.185221 0.126965 0.0598012 0.0198487 0.00598742 0.00451747 0.0074571 0.0122663 0.0177607 0.0225374 0.0252074 0.0251234 0.0227414 0.0192666 0.0158831 0.0131827 0.0111291 0.00939885
 1.00438e-16 7.84023e-05 0.000762098 0.00506441 0.0230221 0.0716302 0.152616 0.222748 0.222752 0.152635 0.0716931 0.0232036 0.00552019 0.00175727 0.001969 0.00313258 0.00450852 0.00567685 0.00626759 0.0061114 0.0053348 0.0042709 0.00325707 0.0024777 0.00194282 0.00156849
 1.0115e-16 3.44174e-05 0.000334549 0.0022232 0.0101064 0.031445 0.0669988 0.097798 0.0978518 0.0672616 0.0323271 0.0126531 0.00861098 0.014263 0.0264398 0.0435312 0.0624123 0.0778679 0.0846061 0.0801859 0.0665042 0.0485877 0.0316966 0.018962 0.0108982 0.00640033
 1.01352e-16 7.58972e-05 0.000737748 0.00490259 0.0222865 0.0693415 0.14774 0.215631 0.215635 0.147757 0.0694006 0.0224577 0.00533508 0.00169043 0.0019102 0.00310271 0.00461254 0.00611155 0.00730844 0.00804883 0.00836741 0.00839721 0.00822184 0.00781102 0.00708564 0.00603251
 1.01699e-16 5.18368e-05 0.000503872 0.00334841 0.0152214 0.0473596 0.100906 0.147282 0.147315 0.101069 0.0479068 0.0168013 0.0073114 0.00914583 0.0164373 0.0270214 0.0387557 0.0483935 0.0526684 0.0500876 0.0418451 0.0310618 0.0209776 0.0134819 0.00881879 0.0062282
 1.04122e-16 5.33434e-05 0.000518517 0.00344573 0.0156638 0.048736 0.103838 0.151559 0.151582 0.103951 0.0491144 0.0167583 0.00619849 0.00654549 0.0115512 0.0191455 0.0278833 0.0357012 0.0405011 0.0412642 0.0385751 0.0340781 0.0293491 0.0251173 0.0213026 0.0175666
 1.03736e-16 6.34905e-05 0.000617151 0.00410118 0.0186434 0.0580066 0.12359 0.180386 0.180402 0.123665 0.0582592 0.0193734 0.00593589 0.00462976 0.00770617 0.0126975 0.0184226 0.0234588 0.0263985 0.0265945 0.0245222 0.0214011 0.0183965 0.0160373 0.0142008 0.0124914
 1.02457e-16 6.42756e-05 0.000624782 0.0041519 0.0188739 0.0587239 0.125118 0.182617 0.182634 0.125201 0.0590039 0.0196827 0.00618244 0.00505904 0.00849042 0.0139471 0.0201146 0.0253579 0.0280553 0.0274608 0.02414 0.0195695 0.0152351 0.0119328 0.00967968 0.00807922
 1.05811e-16 2.7943e-05 0.000271616 0.00180499 0.00820524 0.0255298 0.0543959 0.0794033 0.0794551 0.0546493 0.0263807 0.0106632 0.0079766 0.0137501 0.0256429 0.0423926 0.0611666 0.0771272 0.0853421 0.0835129 0.0733076 0.0591593 0.0455506 0.0349215 0.0274114 0.0219515
 1.06196e-16 6.35726e-05 0.000617948 0.00410648 0.0186675 0.0580815 0.123749 0.180617 0.180626 0.123791 0.058224 0.0190811 0.00515279 0.00292863 0.00453003 0.0075925 0.011408 0.0153438 0.0187739 0.0213753 0.023227 0.0245653 0.025426 0.0255219 0.0244579 0.022071
 1.05478e-16 5.32251e-05 0.000517367 0.00343808 0.015629 0.0486279 0.103608 0.151225 0.151252 0.103742 0.0490796 0.0169336 0.00671231 0.00766395 0.0136233 0.0224328 0.0323038 0.0406231 0.0447808 0.0436144 0.0381228 0.0308035 0.024149 0.0194602 0.0166671 0.0149369
 1.08803e-16 3.58348e-05 0.000348327 0.00231476 0.0105226 0.0327398 0.069757 0.10182 0.101858 0.0699414 0.0333593 0.0123137 0.0068174 0.0101997 0.0188101 0.0312091 0.0453484 0.0578495 0.0652629 0.0659616 0.061029 0.0533551 0.0457259 0.0394513 0.0343461 0.0296228
 1.07745e-16 5.95634e-05 0.000578978 0.00384751 0.0174902 0.0544187 0.115945 0.169228 0.169241 0.116009 0.054634 0.0181139 0.00541968 0.00403348 0.00668654 0.0111343 0.0164447 0.0215487 0.0253881 0.027473 0.0281106 0.0280463 0.027828 0.0274397 0.026447 0.024433
pSPR Fmed_Fpbrs
0.489746   0.206675 0.206675
Fs Fmed_Fpbrs
0.396949   1.005 1.005
SSBpbr Bo_Bmed_Bpbrs
1.45792e+06  641112  228419 228419
Ro
133896
SPR SPRFo_SPRFmed_SPRFpbrs
951268 465880 196604
Fref
1.005
Nvult_r0
 135081 21214.1 14917.4 5169.34 1157.47
CTP_r0
 26240 4851.63 3411.6 1182.23 264.713
YTP_r0
415394
Np
 248065 54924.9 7985.71 5615.4 2478.08
Nvult_p0
 207757 47528.6 6910.35 4859.23 2144.38
CTP_p0
 93425.2 23823.5 3463.79 2435.67 1074.87
YTP_p0
 1.27597e+06
CBA_c0
673568
log_Ro
11.6248
likeval ReclasPelacesDesembMPH_pf_preclas_ppelaces_ptallas_desvR_qrecl_qpela
 11.8376 16.5622 0.032042 0.000821168 196.707 88.9534 70.1399 0 21.4133 6.02852e-06 2.82443e-05 0.161415 0 0 0
q_reclas_q_pelaces
1.41613 2.12995
M
1
N
 167339 36026.7 80883.9 5628.17 0.21257
 96437.8 51566 10658.7 23929.9 1665.18
 89813.3 25601.5 12700.2 2625.12 6303.79
 144791 23978.3 6349.47 3149.78 2214.46
 113938 33769.2 5036.13 1333.56 1126.64
 217184 36001.3 10303.6 1536.61 750.65
 84626.1 61615.2 9621.36 2753.63 611.268
 34019.2 16771.4 10592.4 1654.02 578.463
 33543.6 11237.9 5404.87 3413.59 719.457
 45280.6 8007.77 2428.93 1168.19 893.299
 83701.9 8959.66 1373.96 416.751 353.706
 125155 27005.5 2804.84 430.122 241.193
 103873 27109.2 5178.92 537.889 128.739
 73172.2 23156.2 5386.05 1028.94 132.445
 65083 11304.6 2930.59 681.641 146.981
 353232 12750.7 1916.09 496.721 140.447
 71762.4 80893 2618.55 393.496 130.852
 567688 18866.6 19686.3 637.254 127.606
 328346 155247 4819.45 5028.83 195.382
 250027 78426.2 33576.1 1042.33 1129.87
 352789 61121.7 17452.8 7471.93 483.393
 489367 94509.4 15222.6 4346.68 1981.3
 92427.4 121315 21396.7 3446.35 1432.63
 283520 26533.1 32895.7 5801.88 1322.97
 233461 84931.7 7581.63 9399.67 2035.87
 94884.4 69515.8 24089.4 2150.39 3243.49
 190006 29199.8 20532.8 7115.25 1593.18
pred_Ctot
 17423.5 4538.46 10189.4 709.012 0.0267786
 17425.1 11129.2 2300.42 5164.68 359.389
 15982 5444.19 2700.73 558.238 1340.52
 34757.1 6803.74 1801.65 893.743 628.349
 10288.8 3697.75 551.462 146.027 123.369
 32085.6 6388.65 1828.44 272.682 133.208
 25932.1 22045.3 3442.44 985.223 218.706
 2213.68 1328.73 839.198 131.042 45.8296
 7708.92 3058.42 1470.95 929.017 195.802
 13902.6 2870.4 870.659 418.74 320.206
 6576.67 855.268 131.156 39.7824 33.7642
 33950.1 8609.94 894.248 137.133 76.8979
 26938.2 8281.13 1582.03 164.311 39.3266
 28740.9 10440.9 2428.52 463.94 59.7182
 20228.1 4098.99 1062.62 247.161 53.2949
 87576.8 3731.4 560.733 145.363 41.1012
 13302.3 17896.1 579.312 87.0546 28.9488
 94336.3 3754.17 3917.3 126.805 25.3919
 75383.7 42209.7 1310.36 1367.29 53.1224
 54806.5 20396.4 8732.22 271.08 293.847
 62193 12880.2 3677.85 1574.57 101.866
 104163 23893.9 3848.61 1098.94 500.916
 13095.7 20667.7 3645.25 587.137 244.071
 33844.4 3822.53 4739.19 835.863 190.598
 28616.9 12557.6 1120.99 1389.8 301.017
 9948.66 8817.55 3055.58 272.763 411.414
 26240 4851.63 3411.6 1182.23 264.713
F
 0.177159 0.217885 0.217887 0.217887 0.217887
 0.326245 0.401246 0.401248 0.401248 0.401248
 0.320583 0.394282 0.394284 0.394284 0.394284
 0.455743 0.560512 0.560516 0.560516 0.560516
 0.152094 0.187058 0.18706 0.18706 0.18706
 0.259837 0.319571 0.319573 0.319573 0.319573
 0.618569 0.760771 0.760777 0.760777 0.760777
 0.10763 0.132373 0.132374 0.132374 0.132374
 0.432433 0.531844 0.531848 0.531848 0.531848
 0.620147 0.762712 0.762717 0.762717 0.762717
 0.131219 0.161385 0.161386 0.161386 0.161386
 0.529678 0.651445 0.65145 0.65145 0.65145
 0.500909 0.616062 0.616066 0.616066 0.616066
 0.867605 1.06706 1.06706 1.06706 1.06706
 0.630078 0.774925 0.774931 0.774931 0.774931
 0.473998 0.582964 0.582968 0.582968 0.582968
 0.33597 0.413205 0.413208 0.413208 0.413208
 0.296557 0.364732 0.364735 0.364735 0.364735
 0.43191 0.531201 0.531205 0.531205 0.531205
 0.408702 0.502658 0.502662 0.502662 0.502662
 0.317171 0.390085 0.390088 0.390088 0.390088
 0.394721 0.485463 0.485467 0.485467 0.485467
 0.248031 0.305051 0.305053 0.305053 0.305053
 0.205436 0.252664 0.252666 0.252666 0.252666
 0.211462 0.260075 0.260077 0.260077 0.260077
 0.178496 0.219531 0.219532 0.219532 0.219532
 0.241086 0.296509 0.296511 0.296511 0.296511
YTP_r0W_actual
 217792 77140.9 79149.2 32629.4 8682.59
YTP_p0W_proyectada
 702558 384035 80983.5 71852.3 36545.4
CTP_r0_actual
 26240 4851.63 3411.6 1182.23 264.713
CTP_p0_proyectada
 93425.2 23823.5 3463.79 2435.67 1074.87
Wmedp
 7.52 16.12 23.38 29.5 34
Frms_r0
 0.241086 0.296509 0.296511 0.296511 0.296511
Zrms_r0
 1.24109 1.29651 1.29651 1.29651 1.29651
nmprior
 8.19 8.8 8.5 0
nm_flota  nm_reclas  nm_pelaces    nm_pelaL
inf 11.6027 13.3355 10.2922
cv_recla  cv_pelaces  cv_mph
0.344058 0.546003 0.884344
 ------------------------------------------------
Talla a la edad & desviaci?n 
 8 13.2811 15.8009 17.003 17.5766
 0.8 1.32811 1.58009 1.7003 1.75766
