years
 1991 1992 1993 1994 1995 1996 1997 1998 1999 2000 2001 2002 2003 2004 2005 2006 2007 2008 2009 2010 2011 2012 2013 2014 2015 2016 2017
reclasobs
 0 0 0 0 0 0 0 0 0 252601 567819 844713 477998 351125 339783 2.1784e+06 2.13404e+06 4.81314e+06 1.55562e+06 2.62356e+06 3.21686e+06 3.843e+06 1.13348e+06 3.07943e+06 1.97215e+06 2.03268e+06 2.025e+06
reclaspred
 3.13939e+06 1.71972e+06 863242 914872 934838 1.68769e+06 952897 802642 561143 370292 506924 698805 682039 498700 480365 1.36937e+06 1.20649e+06 3.14329e+06 2.51152e+06 1.78394e+06 3.11808e+06 2.56589e+06 1.90983e+06 3.12799e+06 2.29457e+06 1.94046e+06 2.0827e+06
pelacesobs
 0 0 0 0 0 0 0 0 0 0 0 0 0 0 0 552880 188675 0 991730 2.46772e+06 1.41603e+06 1.21717e+06 2.29649e+06 1.80582e+06 0 1.4828e+06 1.56532e+06
pelacespred
 1.92995e+06 1.14744e+06 559254 445571 510145 907164 491589 532460 342446 200810 284755 328793 357865 258500 252700 596828 605317 1.67134e+06 1.44615e+06 958687 1.60733e+06 1.41273e+06 1.13947e+06 1.90429e+06 1.43757e+06 1.22756e+06 1.39802e+06
mphobs
 0 0 0 0 0 0 0 0 0 0 0 498337 0 5186 125008 0 168611 109162 213762 579715 649985 157893 87575 83554 0 0 0
mphpred
 480253 322448 154811 85193 96376.4 118145 169324 90420 80311.2 48978.6 29123.4 61838.2 66429.4 53885.6 31975.3 40252.1 152594 134378 313762 220380 226214 282377 270462 212009 318689 257293 199628
desembarqueobs
 494567 514787 250237 358949 120608 361735 552515 73892 212993 205616 52469 317467 293654 387597 252695 516296 358380 742168 942051 627588 828172 859565 418607 520667 417249 300574 415391
desembarquepred
 494572 513903 250659 358978 120613 361739 552531 73897.5 213055 205672 52471.9 317523 293682 387563 252667 516227 358415 742014 941730 627357 828249 859537 418607 520687 417232 300570 415395
Reclutas
 165936 95825.8 89692.6 143799 113387 215832 84131.4 33897.7 33446.9 45169.3 83500.7 124911 103697 73038.6 64984.2 352218 71616.2 566424 327631 249398 351553 487421 92114.8 282350 232428 94623.2 189563
log_desv_Rt
 0.218042 -0.331029 -0.397172 0.0748586 -0.162756 0.48094 -0.461181 -1.37021 -1.3836 -1.08314 -0.468706 -0.0659581 -0.252089 -0.602572 -0.719417 0.97069 -0.622239 1.44578 0.898326 0.625491 0.9688 1.29557 -0.370526 0.749586 0.555019 -0.343658 0.351161
SSB
 1.82527e+06 1.22551e+06 588382 323788 366293 449028 643540 343654 305235 186150 110688 235025 252475 204800 121527 152984 579954 510723 1.1925e+06 837586 859758 1.07322e+06 1.02793e+06 805773 1.21122e+06 977880 758715
BT
 2.61751e+06 1.81311e+06 879770 862158 726577 1.50474e+06 1.07319e+06 727309 631363 450531 425598 693660 731740 745832 597107 1.25401e+06 1.0211e+06 2.95831e+06 2.73689e+06 1.73956e+06 2.79737e+06 2.58103e+06 1.73699e+06 3.01818e+06 2.13322e+06 1.75675e+06 2.24221e+06
Ftot
 0.222103 0.409848 0.402766 0.574795 0.191578 0.327532 0.778809 0.135311 0.543169 0.779913 0.165204 0.665275 0.628309 1.08943 0.792535 0.597768 0.421555 0.372864 0.541826 0.511954 0.397909 0.495975 0.310622 0.258015 0.265302 0.223385 0.302136
BD_Bspro_t
 0.965176 0.760306 0.5433 0.43896 0.439812 0.540332 0.554877 0.359184 0.411341 0.344716 0.295226 0.558761 0.43693 0.342397 0.228042 0.273838 0.468317 0.424279 0.564364 0.446431 0.406877 0.457933 0.474026 0.452751 0.586129 0.591552 0.585551
BD_Bspro
 1.92552 1.29282 0.620697 0.341571 0.38641 0.473689 0.678884 0.362528 0.321999 0.196374 0.116767 0.247933 0.266341 0.216048 0.128201 0.161386 0.611806 0.538773 1.25799 0.883587 0.906977 1.13216 1.08439 0.850027 1.27774 1.03159 0.800384
BD_Bo
 1.25771 0.844444 0.405427 0.223108 0.252396 0.309405 0.443434 0.236797 0.210323 0.128268 0.0762698 0.161945 0.173969 0.141119 0.0837386 0.105414 0.39962 0.351916 0.821698 0.577143 0.592421 0.739505 0.708301 0.555222 0.834599 0.673813 0.522796
BD_Brms
 2.28675 1.53535 0.737141 0.405651 0.458901 0.562555 0.806244 0.43054 0.382406 0.233214 0.138672 0.294446 0.316307 0.256579 0.152252 0.191662 0.726582 0.639848 1.494 1.04935 1.07713 1.34455 1.28782 1.00949 1.51745 1.22511 0.950538
Sel_flota
 0.794454 0.986566 0.999284 0.999962 0.999998
 0.794454 0.986566 0.999284 0.999962 0.999998
 0.794454 0.986566 0.999284 0.999962 0.999998
 0.794454 0.986566 0.999284 0.999962 0.999998
 0.794454 0.986566 0.999284 0.999962 0.999998
 0.794454 0.986566 0.999284 0.999962 0.999998
 0.794454 0.986566 0.999284 0.999962 0.999998
 0.794454 0.986566 0.999284 0.999962 0.999998
 0.794454 0.986566 0.999284 0.999962 0.999998
 0.794454 0.986566 0.999284 0.999962 0.999998
 0.794454 0.986566 0.999284 0.999962 0.999998
 0.794454 0.986566 0.999284 0.999962 0.999998
 0.794454 0.986566 0.999284 0.999962 0.999998
 0.794454 0.986566 0.999284 0.999962 0.999998
 0.794454 0.986566 0.999284 0.999962 0.999998
 0.794454 0.986566 0.999284 0.999962 0.999998
 0.794454 0.986566 0.999284 0.999962 0.999998
 0.794454 0.986566 0.999284 0.999962 0.999998
 0.794454 0.986566 0.999284 0.999962 0.999998
 0.794454 0.986566 0.999284 0.999962 0.999998
 0.794454 0.986566 0.999284 0.999962 0.999998
 0.794454 0.986566 0.999284 0.999962 0.999998
 0.794454 0.986566 0.999284 0.999962 0.999998
 0.794454 0.986566 0.999284 0.999962 0.999998
 0.794454 0.986566 0.999284 0.999962 0.999998
 0.794454 0.986566 0.999284 0.999962 0.999998
 0.794454 0.986566 0.999284 0.999962 0.999998
Sel_reclas
 1 1 1 1 1
 1 1 1 1 1
 1 1 1 1 1
 1 1 1 1 1
 1 1 1 1 1
 1 1 1 1 1
 1 1 1 1 1
 1 1 1 1 1
 1 1 1 1 1
 1 1 1 1 1
 1 1 1 1 1
 1 1 1 1 1
 1 1 1 1 1
 1 1 1 1 1
 1 1 1 1 1
 1 1 1 1 1
 1 1 1 1 1
 1 1 1 1 1
 1 1 1 1 1
 1 1 1 1 1
 1 1 1 1 1
 1 1 1 1 1
 1 1 1 1 1
 1 1 1 1 1
 1 1 1 1 1
 1 1 1 1 1
 1 1 1 1 1
Sel_pelaces
 0.733635 0.93271 0.985867 0.99716 0.999434
 0.733635 0.93271 0.985867 0.99716 0.999434
 0.733635 0.93271 0.985867 0.99716 0.999434
 0.733635 0.93271 0.985867 0.99716 0.999434
 0.733635 0.93271 0.985867 0.99716 0.999434
 0.733635 0.93271 0.985867 0.99716 0.999434
 0.733635 0.93271 0.985867 0.99716 0.999434
 0.733635 0.93271 0.985867 0.99716 0.999434
 0.733635 0.93271 0.985867 0.99716 0.999434
 0.733635 0.93271 0.985867 0.99716 0.999434
 0.733635 0.93271 0.985867 0.99716 0.999434
 0.733635 0.93271 0.985867 0.99716 0.999434
 0.733635 0.93271 0.985867 0.99716 0.999434
 0.733635 0.93271 0.985867 0.99716 0.999434
 0.733635 0.93271 0.985867 0.99716 0.999434
 0.733635 0.93271 0.985867 0.99716 0.999434
 0.733635 0.93271 0.985867 0.99716 0.999434
 0.733635 0.93271 0.985867 0.99716 0.999434
 0.733635 0.93271 0.985867 0.99716 0.999434
 0.733635 0.93271 0.985867 0.99716 0.999434
 0.733635 0.93271 0.985867 0.99716 0.999434
 0.733635 0.93271 0.985867 0.99716 0.999434
 0.733635 0.93271 0.985867 0.99716 0.999434
 0.733635 0.93271 0.985867 0.99716 0.999434
 0.733635 0.93271 0.985867 0.99716 0.999434
 0.733635 0.93271 0.985867 0.99716 0.999434
 0.733635 0.93271 0.985867 0.99716 0.999434
pf_obs 
 0.8446 0.082 0.0669 0.0065 0
 0.8095 0.147 0.0364 0.0071 0
 0.9664 0.0169 0.016 0.0007 0
 0.9276 0.0648 0.0075 0.0001 0
 0.7033 0.2144 0.0806 0.0017 0
 0.9318 0.0425 0.0243 0.0014 0
 0.5671 0.3108 0.0964 0.0239 0.0018
 0.0768 0.2599 0.5324 0.112 0.0189
 0.490249 0.384438 0.106611 0.0170017 0.00170017
 0.7925 0.1577 0.0466 0.003 0.0002
 0.840416 0.127587 0.0312969 0.00059994 9.999e-05
 0.8084 0.0986 0.0794 0.0134 0.0002
 0.7335 0.1905 0.0724 0.0035 0.0001
 0.4001 0.4547 0.1325 0.0127 0
 0.49795 0.308269 0.164784 0.0264974 0.00249975
 0.9179 0.0499 0.0305 0.0017 0
 0.2467 0.6533 0.0926 0.0074 0
 0.9418 0.0223 0.034 0.0019 0
 0.707729 0.231977 0.0356964 0.0245975 0
 0.517169 0.277429 0.184464 0.0207286 0.00020938
 0.811772 0.124168 0.05621 0.00726502 0.000585176
 0.764997 0.148141 0.077277 0.00933861 0.000247198
 0.163321 0.427699 0.378323 0.0303852 0.000271297
 0.753843 0.0900009 0.118128 0.0371064 0.000921714
 0.721811 0.176058 0.0630433 0.0369309 0.00215725
 0.143369 0.312575 0.442814 0.0836902 0.0175525
 0.692698 0.0596174 0.167031 0.0765114 0.00414204
pf_pred 
 0.526468 0.1392 0.312594 0.0217374 8.43941e-07
 0.476742 0.306584 0.0643242 0.142451 0.00989896
 0.613034 0.209631 0.104591 0.0216081 0.0511362
 0.772233 0.153247 0.0406616 0.0199769 0.0138824
 0.69337 0.250689 0.0378491 0.00987577 0.00821617
 0.786345 0.158096 0.0455377 0.00678192 0.00323936
 0.49102 0.420032 0.0660731 0.018751 0.00412315
 0.483783 0.292334 0.18536 0.0286232 0.00989935
 0.574964 0.229763 0.111226 0.069594 0.0144531
 0.75513 0.157083 0.0478256 0.0227702 0.0171908
 0.860125 0.112924 0.0174067 0.00520235 0.00434248
 0.776144 0.198204 0.0207639 0.00315762 0.00173018
 0.726212 0.225146 0.043155 0.00444189 0.00104461
 0.680324 0.249171 0.0581579 0.010955 0.00139147
 0.786054 0.160689 0.0417081 0.00952788 0.00202037
 0.950927 0.0408936 0.00617207 0.00157225 0.000434892
 0.415478 0.562585 0.0183331 0.00272034 0.000883841
 0.922552 0.037066 0.0388889 0.00124776 0.000245098
 0.624565 0.352563 0.0110329 0.0114013 0.000437315
 0.646014 0.242774 0.104545 0.00321784 0.00344978
 0.771059 0.161493 0.0464945 0.0196984 0.00125521
 0.778378 0.180247 0.0293197 0.00831264 0.00374319
 0.340249 0.541672 0.0963264 0.0154183 0.00633424
 0.776611 0.0886593 0.110907 0.0194371 0.00438584
 0.648137 0.28712 0.0259174 0.0319647 0.0068608
 0.439458 0.392586 0.13742 0.0122293 0.0183061
 0.727401 0.135738 0.0962557 0.0332277 0.0073777
pobs_RECLAS
 0 0 0 0 0
 0 0 0 0 0
 0 0 0 0 0
 0 0 0 0 0
 0 0 0 0 0
 0 0 0 0 0
 0 0 0 0 0
 0 0 0 0 0
 0 0 0 0 0
 0 0 0 0 0
 0.991045 0.00858322 0.000360255 1.14367e-05 0
 0.934742 0.0480273 0.0164251 0.00080598 0
 0.827803 0.169806 0.00239088 0 0
 0.941827 0.0461693 0.0120037 0 0
 0.791401 0.0380133 0.147996 0.0225897 0
 0.846168 0.0940531 0.0597789 0 0
 0.134021 0.677848 0.182769 0.00536245 0
 0.80878 0.0450904 0.141981 0.00414843 0
 0.846168 0.0940531 0.0597789 0 0
 0.905697 0.0802665 0.012482 0.00150086 5.37128e-05
 0.989698 0.0102097 9.19794e-05 0 0
 0.975433 0.0193895 0.00387452 0.00125025 5.28907e-05
 0.303575 0.632131 0.0575291 0.00676475 0
 0.966965 0.00978017 0.0227588 0.000495775 0
 0.843318 0.132988 0.00938335 0.0141283 0.000182051
 0.564624 0.303363 0.111486 0.0197234 0.00080311
 0.826376 0.0876187 0.0782897 0.00655872 0.00115652
ppred_RECLAS
 0.583209 0.123659 0.274084 0.0190463 7.39432e-07
 0.53442 0.274358 0.0567967 0.125692 0.008734
 0.666281 0.181919 0.0895577 0.0184892 0.0437535
 0.810847 0.12785 0.0334605 0.0164271 0.0114151
 0.738544 0.214272 0.0319315 0.00832597 0.00692656
 0.821957 0.132202 0.0375777 0.00559251 0.00267115
 0.550656 0.371747 0.057653 0.0163491 0.00359486
 0.539845 0.262064 0.164026 0.0253114 0.00875364
 0.631244 0.200619 0.0958 0.0598985 0.0124391
 0.797079 0.130851 0.0392769 0.018686 0.0141068
 0.884772 0.0932626 0.0141903 0.00423812 0.0035375
 0.814239 0.164738 0.0170193 0.00258625 0.00141705
 0.77023 0.189414 0.0358069 0.00368285 0.000866075
 0.732529 0.209176 0.0480934 0.00905197 0.0011497
 0.82377 0.132835 0.0339909 0.00775907 0.00164524
 0.960727 0.0328034 0.00488327 0.00124304 0.000343817
 0.471211 0.509201 0.0163722 0.00242765 0.000788716
 0.937543 0.0300998 0.0311618 0.000999127 0.000196252
 0.676735 0.30383 0.0093789 0.00968502 0.00037147
 0.697187 0.208566 0.0886009 0.00272513 0.00292145
 0.808956 0.135299 0.0384356 0.0162726 0.00103687
 0.815543 0.150404 0.0241357 0.00683797 0.00307903
 0.392444 0.500006 0.0877485 0.0140354 0.00576592
 0.813897 0.0744527 0.0919196 0.0160982 0.00363231
 0.69742 0.247519 0.0220508 0.0271769 0.00583296
 0.495336 0.354847 0.122595 0.0109024 0.0163192
 0.770432 0.115082 0.0805366 0.0277819 0.00616834
pobs_PELACES
 0 0 0 0 0
 0 0 0 0 0
 0 0 0 0 0
 0 0 0 0 0
 0 0 0 0 0
 0 0 0 0 0
 0 0 0 0 0
 0 0 0 0 0
 0 0 0 0 0
 0 0 0 0 0
 0 0 0 0 0
 0 0 0 0 0
 0 0 0 0 0
 0 0 0 0 0
 0 0 0 0 0
 0 0 0 0 0
 0.505614 0.472636 0.0217494 0 0
 0 0 0 0 0
 0.443492 0.261883 0.143347 0.151278 0
 0.227955 0.32914 0.350689 0.0885471 0.00366901
 0.970185 0.0296113 0.000203453 0 0
 0.997202 0.00247181 0.000326279 0 0
 0.445219 0.490057 0.0546422 0.010081 0
 0.90214 0.0892962 0.00764917 0.000914606 0
 0 0 0 0 0
 0.581667 0.319106 0.0959925 0.00289975 0.000334073
 0.762889 0.0836404 0.116647 0.0363945 0.000428098
ppred_PELACES
 0.517692 0.137602 0.322069 0.022636 8.80799e-07
 0.474514 0.301763 0.0659168 0.147532 0.010275
 0.610537 0.20659 0.107318 0.0224075 0.0531468
 0.77426 0.149654 0.0412995 0.0205051 0.0142813
 0.689897 0.2514 0.0395678 0.0104348 0.00870074
 0.785087 0.157237 0.0471761 0.00710089 0.00339932
 0.500717 0.409056 0.0668359 0.0191669 0.00422402
 0.475846 0.29117 0.19252 0.0300478 0.0104154
 0.575655 0.224723 0.113168 0.0715595 0.0148945
 0.760718 0.151109 0.0477863 0.0229907 0.017396
 0.857815 0.11376 0.0182828 0.00552275 0.00462026
 0.781344 0.192679 0.0209817 0.00322441 0.00177073
 0.730988 0.219619 0.0437674 0.00455253 0.00107303
 0.695236 0.235554 0.0569836 0.0108455 0.00138062
 0.792249 0.154459 0.0416381 0.00961186 0.00204273
 0.951917 0.0397856 0.00624454 0.00160754 0.000445648
 0.418056 0.559202 0.018971 0.00284494 0.000926395
 0.921568 0.0367368 0.0401376 0.00130155 0.000256236
 0.629349 0.347098 0.0112995 0.0118005 0.000453639
 0.647753 0.238493 0.106858 0.00332395 0.00357152
 0.770531 0.159761 0.0478914 0.0205063 0.00130961
 0.780239 0.177276 0.0300068 0.00859775 0.00388023
 0.339023 0.538446 0.0997497 0.0161367 0.00664423
 0.771636 0.0882849 0.115084 0.0203847 0.00460999
 0.645731 0.286503 0.0269484 0.0335914 0.00722612
 0.434926 0.390547 0.142485 0.0128157 0.0192269
 0.723253 0.134744 0.0995448 0.03473 0.00772855
pobs_pel_tallas
 0 0 0 0 0 0 0 0 0 0 0 0 0 0 0 0 0 0 0 0 0 0 0 0 0 0
 0 0 0 0 0 0 0 0 0 0 0 0 0 0 0 0 0 0 0 0 0 0 0 0 0 0
 0 0 0 0 0 0 0 0 0 0 0 0 0 0 0 0 0 0 0 0 0 0 0 0 0 0
 0 0 0 0 0 0 0 0 0 0 0 0 0 0 0 0 0 0 0 0 0 0 0 0 0 0
 0 0 0 0 0 0 0 0 0 0 0 0 0 0 0 0 0 0 0 0 0 0 0 0 0 0
 0 0 0 0 0 0 0 0 0 0 0 0 0 0 0 0 0 0 0 0 0 0 0 0 0 0
 0 0 0 0 0 0 0 0 0 0 0 0 0 0 0 0 0 0 0 0 0 0 0 0 0 0
 0 0 0 0 0 0 0 0 0 0 0 0 0 0 0 0 0 0 0 0 0 0 0 0 0 0
 0 0 0 0 0 0 0 0 0 0 0 0 0 0 0 0 0 0 0 0 0 0 0 0 0 0
 0 0 0 0 0 0 0 0 0 0 0 0 0 0 0 0 0 0 0 0 0 0 0 0 0 0
 0 0 0 0 0 0 0 0 0 0 0 0 0 0 0 0 0 0 0 0 0 0 0 0 0 0
 0 0 0 0 0 0 0 0 0 0 0 0 0 0 0 0 0 0 0 0 0 0 0 0 0 0
 0.00862536 0 0 0.000197151 0.00414017 0.0128641 0.00837892 0.0270097 0.101434 0.158115 0.152841 0.127902 0.109271 0.109419 0.0830992 0.0579132 0.0238553 0.00714673 0.00463305 0.00128148 0.00103504 0.000492878 0.000147863 0.000147863 4.92878e-05 0
 0 0 0 0 0 0 0 0 0 0 0 0 0 0 0 0 0 0 0 0 0 0 0 0 0 0
 0 0 0 0 0 0 0 0.0054083 0.00873648 0.0413646 0.0450493 0.0745869 0.0622846 0.0627006 0.0613931 0.0827291 0.12552 0.122667 0.0946155 0.0697135 0.0546179 0.0294188 0.0215738 0.0213955 0.0102223 0.00600262
 0 0 0 0 0.00359764 0.0251062 0.0480494 0.140153 0.205849 0.193036 0.1447 0.116669 0.0760912 0.0342217 0.00950174 0.001854 0.000860785 0 0 0 0.000165536 0 0.000143464 0 0 0
 0 0 0 0 0 0 0 0.000145254 0.000435761 0.0275982 0.070085 0.0708112 0.156366 0.174668 0.174014 0.160142 0.0824315 0.0480064 0.0283245 0.00493863 0.00203355 0 0 0 0 0
 0 0 0 0 0 0 0 0 0 0 0 0 0 0 0 0 0 0 0 0 0 0 0 0 0 0
 0 0 1.00437e-05 0.000401748 0.00122533 0.00171747 0.00176769 0.0269171 0.070346 0.194647 0.189555 0.159765 0.064822 0.0314167 0.0384472 0.0292271 0.0345202 0.0313363 0.0194345 0.0106764 0.0143323 0.0359363 0.0279516 0.0138201 0.00172751 0
 0 0.0021121 0.0136068 0.0755702 0.200478 0.177729 0.0527432 0.0373336 0.0318909 0.0142505 0.0149659 0.0166563 0.0217959 0.0798694 0.0677717 0.0528807 0.04013 0.0224614 0.0357745 0.0225083 0.00881397 0.00855152 0.00135912 0.000746735 0 0
 0 0 0 0 5.4009e-05 0.00500934 0.000945158 0.0243581 0.138947 0.33067 0.221406 0.137944 0.0707744 0.0437923 0.0131692 0.00525238 0.0047753 0.00276346 9.45158e-05 9.00151e-06 2.25038e-05 9.00151e-06 4.50075e-06 0 0 0
 0.000866109 0.00284123 0.00948549 0.0512746 0.133035 0.25785 0.225252 0.132002 0.0553304 0.0519788 0.0540692 0.017754 0.00435017 0.00159236 0.00146478 0.000404838 0.000125132 0.000115318 0.000107957 0.000100596 0 0 0 0 0 0
 0 0 0 0 0.00144013 0.00171154 0.00461396 0.0210425 0.0478622 0.0707936 0.0888783 0.103762 0.0637923 0.0337046 0.0602308 0.124433 0.169614 0.0934646 0.0462172 0.0250306 0.0313229 0.00938855 0.002487 0.000210481 0 0
 0 0.00764035 0.051015 0.0998891 0.058973 0.0496711 0.0374665 0.0718981 0.12319 0.153886 0.159021 0.0857701 0.0377988 0.023471 0.0147837 0.00900784 0.00315554 0.000888139 0.00291439 0.00214683 0.00393193 0.00274676 0.000635225 9.99891e-05 0 0
 0 0 0 0 0 0 0 0 0 0 0 0 0 0 0 0 0 0 0 0 0 0 0 0 0 0
 0 0 0 0 0 0 0 0 0 0 0 0 0 0 0 0 0 0 0 0 0 0 0 0 0 0
 0 0 0 0 0 0 0 0 0 0 0 0 0 0 0 0 0 0 0 0 0 0 0 0 0 0
ppred_pel_tallas
 1.116e-16 4.26416e-05 0.000414491 0.00275444 0.0125213 0.0389585 0.0830057 0.121152 0.121166 0.083073 0.039186 0.0131843 0.00444144 0.00417222 0.00739859 0.0127346 0.0196665 0.0274853 0.0353932 0.0428583 0.0496369 0.0553705 0.0592027 0.0599289 0.0566764 0.049576
 1.18514e-16 3.90851e-05 0.000379921 0.00252471 0.011477 0.0357093 0.0760836 0.111052 0.111081 0.0762262 0.0361884 0.0128618 0.00600585 0.00799644 0.0145573 0.0241513 0.0351549 0.0450409 0.0513217 0.0530151 0.0512777 0.0485703 0.0469913 0.0470707 0.047776 0.0474467
 1.14391e-16 5.02892e-05 0.000488829 0.00324844 0.0147669 0.0459456 0.0978926 0.142881 0.142901 0.0979907 0.0462751 0.0157206 0.00564902 0.00575217 0.0101143 0.0168218 0.0246575 0.0319297 0.0369563 0.0390081 0.0387165 0.0375328 0.0366819 0.0364547 0.0362751 0.0352883
 1.05704e-16 6.37748e-05 0.000619914 0.00411954 0.0187269 0.0582663 0.124143 0.181193 0.181208 0.124214 0.0585038 0.0194133 0.00584462 0.00439259 0.00724918 0.0119382 0.0173231 0.0220709 0.0248753 0.0251591 0.0234122 0.020825 0.0185155 0.0169583 0.0159563 0.0150085
 1.03726e-16 5.68259e-05 0.000552368 0.00367068 0.0166864 0.0519177 0.110617 0.161454 0.161478 0.110736 0.0523155 0.0178353 0.00655491 0.00685011 0.0120218 0.0197964 0.0285408 0.035954 0.0397307 0.0388137 0.0340185 0.0274651 0.0212902 0.0166449 0.0135564 0.0114426
 1.0269e-16 6.46666e-05 0.000628582 0.00417715 0.0189887 0.0590811 0.125879 0.183727 0.183742 0.125953 0.0593305 0.0197098 0.00598901 0.0045902 0.00760699 0.0125218 0.0181441 0.0230508 0.0258286 0.0258146 0.0234618 0.0199798 0.0165556 0.0137809 0.0116228 0.00977059
 1.04671e-16 4.12435e-05 0.000400901 0.00266413 0.0121108 0.0376814 0.0802856 0.117187 0.117227 0.0804783 0.0383285 0.0139803 0.00735763 0.0106495 0.019513 0.0322143 0.0464505 0.0585154 0.0646521 0.0631227 0.0552275 0.0443852 0.0340513 0.0261028 0.0206253 0.0167475
 1.10407e-16 3.91949e-05 0.000380988 0.0025318 0.0115092 0.0358096 0.0762973 0.111364 0.111392 0.0764357 0.0362751 0.0128569 0.00592625 0.00782993 0.0143001 0.0238766 0.0350863 0.0455744 0.0529219 0.055954 0.0553007 0.0526812 0.0495562 0.0463012 0.0424241 0.037375
 1.13021e-16 4.7416e-05 0.0004609 0.00306284 0.0139233 0.0433205 0.0922998 0.134719 0.134741 0.0924064 0.0436791 0.0149608 0.00567491 0.0061887 0.0110019 0.0183166 0.0268662 0.0348271 0.0403804 0.0427349 0.0425564 0.0413659 0.0404006 0.0398696 0.0390773 0.0371191
 1.06668e-16 6.26593e-05 0.000609071 0.00404749 0.0183993 0.0572472 0.121972 0.178024 0.178039 0.122043 0.0574872 0.0190932 0.00579189 0.00442579 0.00733732 0.0121005 0.0175926 0.0224861 0.0254802 0.0260043 0.0245499 0.0222939 0.020319 0.0190472 0.018227 0.01732
 1.01893e-16 7.06571e-05 0.000686812 0.00456411 0.0207478 0.0645541 0.13754 0.200746 0.200757 0.137593 0.0647341 0.0212677 0.00586948 0.0035373 0.00548684 0.00896601 0.0129261 0.0162923 0.0180221 0.0176402 0.0155177 0.0126133 0.00988937 0.00785799 0.00652008 0.0056009
 1.01278e-16 6.43583e-05 0.000625586 0.00415724 0.0188982 0.0587995 0.125279 0.182853 0.182871 0.12537 0.0591039 0.0197775 0.00636374 0.0054406 0.00920365 0.0150996 0.021712 0.0272324 0.0298618 0.028768 0.0245779 0.0189541 0.0136082 0.00951846 0.00679803 0.00506263
 1.01958e-16 6.02105e-05 0.000585268 0.00388931 0.0176803 0.05501 0.117205 0.171069 0.17109 0.117309 0.0553576 0.0186847 0.00641143 0.00609388 0.0105302 0.017334 0.0250119 0.0315488 0.0349244 0.0341912 0.0300163 0.0241931 0.0185394 0.0140521 0.0108076 0.00840483
 1.03026e-16 5.72657e-05 0.000556643 0.00369909 0.0168155 0.0523195 0.111473 0.162703 0.162726 0.111584 0.0526928 0.0178941 0.00640835 0.00647693 0.0113184 0.0186663 0.0269892 0.0341583 0.0380329 0.037611 0.0335948 0.0278579 0.0222688 0.0178044 0.0144736 0.0118181
 1.02551e-16 6.52565e-05 0.000634316 0.00421526 0.019162 0.05962 0.127027 0.185403 0.185418 0.1271 0.059865 0.0198698 0.0059936 0.00452166 0.00746331 0.0122751 0.0177699 0.0225418 0.0251984 0.0250907 0.0226759 0.0191637 0.0157443 0.0130162 0.0109477 0.00921747
 1.00428e-16 7.84081e-05 0.000762155 0.00506479 0.0230238 0.0716356 0.152627 0.222765 0.222769 0.152646 0.0716985 0.0232056 0.00552117 0.00175862 0.0019714 0.00313638 0.00451359 0.00568236 0.00627197 0.00611269 0.00533124 0.00426148 0.00324183 0.00245766 0.00191968 0.00154428
 1.01133e-16 3.44348e-05 0.000334719 0.00222433 0.0101115 0.0314609 0.0670328 0.0978476 0.0979014 0.0672956 0.0323431 0.0126583 0.00861237 0.0142637 0.0264406 0.0435323 0.0624131 0.0778672 0.0846021 0.0801765 0.0664875 0.0485626 0.0316633 0.0189223 0.0108549 0.00635668
 1.01342e-16 7.59083e-05 0.000737856 0.00490331 0.0222898 0.0693517 0.147761 0.215663 0.215666 0.147779 0.0694109 0.0224615 0.00533694 0.00169298 0.00191467 0.00310964 0.00462149 0.00612063 0.0073144 0.00804785 0.00835651 0.00837544 0.00819075 0.00777417 0.00704748 0.00599712
 1.01676e-16 5.18387e-05 0.000503891 0.00334853 0.015222 0.0473613 0.10091 0.147288 0.147321 0.101073 0.047909 0.016803 0.00731436 0.009152 0.0164489 0.0270402 0.0387819 0.0484245 0.0526989 0.0501105 0.0418542 0.0310534 0.0209514 0.0134406 0.00876707 0.00617167
 1.04083e-16 5.33546e-05 0.000518626 0.00344645 0.0156671 0.0487463 0.10386 0.151591 0.151615 0.103973 0.0491257 0.0167645 0.00620643 0.00656115 0.0115802 0.0191919 0.0279468 0.0357738 0.0405677 0.0413061 0.0385774 0.0340348 0.0292648 0.0250049 0.0211782 0.0174452
 1.03702e-16 6.34677e-05 0.000616928 0.00409971 0.0186367 0.0579857 0.123545 0.180321 0.180337 0.123621 0.0582393 0.0193696 0.00594176 0.00464552 0.00773631 0.0127468 0.0184923 0.0235437 0.0264863 0.0266697 0.0245709 0.021416 0.0183773 0.0159899 0.0141339 0.0124145
 1.02431e-16 6.42673e-05 0.000624701 0.00415136 0.0188715 0.0587163 0.125102 0.182593 0.18261 0.125185 0.0589968 0.0196818 0.00618593 0.00506772 0.00850692 0.013974 0.0201525 0.0254037 0.0281021 0.0274996 0.024163 0.0195724 0.0152176 0.0118981 0.00963286 0.00802576
 1.05759e-16 2.7925e-05 0.000271441 0.00180382 0.00819996 0.0255134 0.0543609 0.0793522 0.0794041 0.0546147 0.0263656 0.0106619 0.00798535 0.0137714 0.0256833 0.0424583 0.0612586 0.0772374 0.0854529 0.0836019 0.0733558 0.0591573 0.0455001 0.0348329 0.027299 0.0218299
 1.06169e-16 6.35587e-05 0.000617813 0.00410558 0.0186634 0.0580688 0.123722 0.180578 0.180586 0.123764 0.0582119 0.0190787 0.00515613 0.00293773 0.00454748 0.00762116 0.0114487 0.0153937 0.0188262 0.0214212 0.0232585 0.0245774 0.0254178 0.0254953 0.0244172 0.022021
 1.05443e-16 5.31881e-05 0.000517007 0.0034357 0.0156182 0.0485941 0.103536 0.15112 0.151147 0.103671 0.049047 0.016926 0.00671805 0.0076813 0.0136567 0.0224878 0.0323821 0.0407197 0.0448831 0.0437062 0.0381899 0.0308379 0.0241498 0.019432 0.0166173 0.0148736
 1.08751e-16 3.58244e-05 0.000348226 0.00231408 0.0105195 0.0327303 0.0697368 0.101791 0.101829 0.0699215 0.0333508 0.0123134 0.00682355 0.0102144 0.018838 0.0312545 0.0454122 0.0579263 0.0653407 0.0660251 0.0610646 0.0533553 0.0456903 0.0393853 0.034258 0.0295221
 1.07698e-16 5.95734e-05 0.000579075 0.00384815 0.0174932 0.0544278 0.115965 0.169257 0.16927 0.116029 0.0546437 0.0181186 0.00542481 0.00404328 0.00670473 0.0111637 0.0164853 0.0215963 0.0254334 0.0275045 0.028118 0.0280235 0.0277747 0.0273605 0.02635 0.0243276
pSPR Fmed_Fpbrs
0.488178   0.6 0.325
Fs Fmed_Fpbrs
0.405462   0.278574 0.680546
SSBpbr Bo_Bmed_Bpbrs
1.45126e+06  635912  798195 399097
Ro
133428
SPR SPRFo_SPRFmed_SPRFpbrs
947938 462762 308080
Fref
0.278574
Nvult_r0
 134708 21189.9 14879.1 5133.63 1139.81
CTP_r0
 26075.5 4865.84 3450.52 1191.13 264.472
YTP_r0
415395
Np
 247150 54854.7 7959.42 5559.49 2439.1
Nvult_p0
 174280 39524 5742.8 4011.52 1759.97
CTP_p0
 31581.2 8520.69 1250.53 873.998 383.459
YTP_p0
 442902
CBA_c0
423647
log_Ro
11.6213
likeval ReclasPelacesDesembMPH_pf_preclas_ppelaces_ptallas_desvR_qrecl_qpela
 11.8192 16.5649 0.031837 0.000820984 196.601 88.9512 70.1862 0 21.3998 6.18458e-06 2.89075e-05 0.16026 6.8662e-16 0 0
q_reclas_q_pelaces
1.42248 2.14883
M
1
N
 165936 35942.6 79777.3 5544.19 0.215242
 95825.8 51169.9 10620.7 23506.9 1633.45
 89692.6 25455.4 12563.7 2594.12 6138.87
 143799 23960.6 6293.84 3090.5 2147.59
 113387 33507.6 4999.49 1303.68 1084.56
 215832 35823.5 10203.9 1518.76 725.41
 84131.4 61208.8 9539.8 2705.99 595.004
 33897.7 16670.7 10443.1 1611.59 557.351
 33446.9 11199.3 5366.41 3355.94 696.932
 45169.3 7991.97 2410.84 1147.26 866.124
 83500.7 8942.48 1362.06 406.823 339.569
 124911 26939.9 2794.99 424.822 232.77
 103697 27087.5 5141.12 528.893 124.378
 73038.6 23157.3 5361.29 1009.46 128.214
 64984.2 11307.7 2908.13 664.016 140.8
 352218 12737 1903.31 484.588 134.035
 71616.2 80588.1 2598.08 385.295 125.179
 566424 18848.2 19559.5 627.206 123.199
 327631 154953 4799.73 4957.31 190.14
 249398 78369.2 33400.5 1027.49 1101.52
 351553 61088.7 17398 7366.81 469.407
 487421 94277.3 15176.7 4300.49 1936.46
 92114.8 120916 21262.1 3401.25 1397.28
 282350 26476.6 32741.7 5734.66 1293.95
 232428 84619.5 7551.24 9307.5 1997.67
 94623.2 69256 23961 2131.02 3189.83
 189563 29149.4 20438.6 7051.23 1565.57
pred_Ctot
 17213.3 4551.25 10220.5 710.722 0.0275933
 17284.9 11115.6 2332.16 5164.76 358.9
 15934.2 5448.81 2718.57 561.647 1329.15
 34575.7 6861.41 1820.57 894.439 621.565
 10245.7 3704.36 559.284 145.931 121.408
 31926.8 6418.94 1848.9 275.356 131.523
 25785.6 22057.7 3469.78 984.695 216.524
 2203.2 1331.32 844.149 130.353 45.0827
 7673.22 3066.32 1484.38 928.772 192.885
 13859.1 2883 877.758 417.908 315.507
 6562.16 861.529 132.801 39.6904 33.1301
 33825.2 8637.95 904.914 137.612 75.4029
 26816.5 8313.87 1593.57 164.024 38.574
 28640.2 10489.6 2448.32 461.184 58.5777
 20186.5 4126.62 1071.1 244.683 51.8847
 87461.5 3761.19 567.676 144.608 39.9992
 13238.6 17926 584.158 86.68 28.1624
 94032.8 3778.02 3963.82 127.18 24.982
 75008.3 42341.7 1325.02 1369.26 52.5201
 54445.7 20460.8 8810.96 271.198 290.746
 61795.5 12942.6 3726.24 1578.7 100.597
 103594 23989.1 3902.17 1106.33 498.182
 12991.8 20682.8 3678.05 588.719 241.862
 33636.2 3839.97 4803.56 841.848 189.957
 28404.8 12583.1 1135.84 1400.86 300.677
 9868.27 8815.73 3085.85 274.616 411.073
 26075.5 4865.84 3450.52 1191.13 264.472
F
 0.176451 0.21912 0.221944 0.222095 0.222103
 0.325605 0.404342 0.409554 0.409832 0.409847
 0.319979 0.397355 0.402477 0.402751 0.402765
 0.456648 0.567073 0.574384 0.574774 0.574794
 0.1522 0.189004 0.191441 0.191571 0.191578
 0.260209 0.323132 0.327298 0.32752 0.327532
 0.618728 0.768346 0.778251 0.778779 0.778807
 0.107498 0.133493 0.135214 0.135306 0.135311
 0.431523 0.535872 0.54278 0.543148 0.543168
 0.619605 0.769435 0.779354 0.779884 0.779911
 0.131247 0.162984 0.165085 0.165197 0.165203
 0.52853 0.656338 0.664799 0.66525 0.665274
 0.499162 0.619868 0.627859 0.628285 0.628307
 0.865505 1.0748 1.08865 1.08939 1.08943
 0.629633 0.781888 0.791968 0.792505 0.792534
 0.474899 0.589738 0.59734 0.597746 0.597767
 0.334906 0.415892 0.421253 0.421539 0.421554
 0.296223 0.367855 0.372597 0.37285 0.372863
 0.430456 0.534547 0.541438 0.541806 0.541825
 0.406724 0.505077 0.511588 0.511935 0.511953
 0.316121 0.392564 0.397625 0.397894 0.397909
 0.394029 0.489312 0.49562 0.495956 0.495974
 0.246775 0.306449 0.310399 0.31061 0.310621
 0.204981 0.254549 0.25783 0.258005 0.258015
 0.21077 0.261738 0.265112 0.265292 0.265301
 0.177469 0.220384 0.223225 0.223377 0.223385
 0.240033 0.298077 0.30192 0.302125 0.302135
YTP_r0W_actual
 216426 77366.9 80052 32875.1 8674.67
YTP_p0W_proyectada
 237491 137354 29237.5 25782.9 13037.6
CTP_r0_actual
 26075.5 4865.84 3450.52 1191.13 264.472
CTP_p0_proyectada
 31581.2 8520.69 1250.53 873.998 383.459
Wmedp
 7.52 16.12 23.38 29.5 34
Frms_r0
 0.240033 0.298077 0.30192 0.302125 0.302135
Zrms_r0
 1.24003 1.29808 1.30192 1.30212 1.30214
nmprior
 8.19 8.8 8.5 0
nm_flota  nm_reclas  nm_pelaces    nm_pelaL
inf 11.6352 13.2933 10.2629
cv_recla  cv_pelaces  cv_mph
0.34379 0.546048 0.884245
 ------------------------------------------------
Talla a la edad & desviaci?n 
 8 13.2811 15.8009 17.003 17.5766
 0.8 1.32811 1.58009 1.7003 1.75766
