years
 1991 1992 1993 1994 1995 1996 1997 1998 1999 2000 2001 2002 2003 2004 2005 2006 2007 2008 2009 2010 2011 2012 2013 2014 2015 2016 2017 2018
reclasobs
 0 0 0 0 0 0 0 0 0 252601 567819 844713 477998 351125 339783 2.1784e+06 2.13404e+06 4.81314e+06 1.55562e+06 2.62356e+06 3.21686e+06 3.843e+06 1.13348e+06 3.07943e+06 1.97215e+06 2.03268e+06 2.025e+06 2.42433e+06
reclaspred
 3.28483e+06 1.83646e+06 924603 924329 917115 1.49504e+06 915499 795068 574289 409691 496900 653329 641698 492841 496166 1.41213e+06 1.3542e+06 3.08651e+06 2.55065e+06 1.89349e+06 3.35844e+06 2.7311e+06 2.14509e+06 3.32173e+06 2.50277e+06 2.20226e+06 2.32261e+06 2.35971e+06
pelacesobs
 0 0 0 0 0 0 0 0 0 0 0 0 0 0 0 552880 188675 0 991730 2.46772e+06 1.41603e+06 1.21717e+06 2.29649e+06 1.80582e+06 0 1.4828e+06 1.56532e+06 1.57751e+06
pelacespred
 1.49465e+06 925724 464534 380273 396669 668306 373295 408893 280894 188385 239185 261282 282732 226421 235647 563684 542937 1.43003e+06 1.217e+06 837500 1.44467e+06 1.26939e+06 997457 1.69307e+06 1.22725e+06 1.07735e+06 1.28459e+06 1.29312e+06
mphobs
 0 0 0 0 0 0 0 0 0 0 0 498337 0 5186 125008 0 168611 109162 213762 579715 649985 157893 87575 83554 0 0 0 0
mphpred
 2.83738e+06 1.89759e+06 941339 511358 555419 634442 851645 508470 449424 300695 194506 336955 362983 304382 200266 256547 932316 878192 1.75554e+06 1.32566e+06 1.41357e+06 1.75637e+06 1.66598e+06 1.36195e+06 1.90863e+06 1.58185e+06 1.28905e+06 1.20006e+06
desembarqueobs
 494567 514787 250237 358949 120608 361735 552515 73892 212993 205616 52469 317467 293654 387597 252695 516296 358380 742168 942051 627588 828172 859565 418607 520667 417249 300574 415391 372974
desembarquepred
 494575 513610 250813 358978 120613 361746 552555 73896.6 213045 205664 52471.7 317532 293701 387619 252685 516248 358401 742063 941815 627438 828226 859563 418612 520687 417243 300570 415387 372973
Reclutas
 189353 109132 103967 173787 137588 244407 99603 43319.7 41640.8 55855.3 104114 142226 118193 82927.8 80774.1 465217 95305.9 702744 412684 315200 465527 622851 127351 381895 325997 142283 265351 308828
log_desv_Rt
 0.103392 -0.447665 -0.496154 0.0176056 -0.215959 0.358613 -0.539031 -1.37162 -1.41114 -1.11746 -0.494742 -0.182805 -0.367904 -0.722253 -0.748568 1.00228 -0.583132 1.41477 0.88246 0.612983 1.00295 1.29408 -0.293274 0.804923 0.646664 -0.182404 0.440829 0.592561
SSB
 2.83738e+06 1.89759e+06 941339 511358 555419 634442 851645 508470 449424 300695 194506 336955 362983 304382 200266 256547 932316 878192 1.75554e+06 1.32566e+06 1.41357e+06 1.75637e+06 1.66598e+06 1.36195e+06 1.90863e+06 1.58185e+06 1.28905e+06 1.20006e+06
BT
 3.86325e+06 2.64086e+06 1.31826e+06 1.17735e+06 1.00974e+06 1.85017e+06 1.35364e+06 1.00855e+06 859071 633014 596777 868203 919120 926066 796667 1.71607e+06 1.53119e+06 3.9545e+06 3.71153e+06 2.49127e+06 4.00795e+06 3.72568e+06 2.6653e+06 4.3903e+06 3.21319e+06 2.75079e+06 3.3888e+06 3.36069e+06
Ftot
 0.146758 0.267929 0.261746 0.388933 0.132596 0.248916 0.569008 0.093405 0.366512 0.490297 0.11196 0.484626 0.455492 0.76369 0.521874 0.389548 0.259312 0.253607 0.366601 0.330761 0.251208 0.317592 0.191302 0.163603 0.166858 0.135798 0.183853 0.165025
BD_Bspro_t
 0.976792 0.831429 0.660292 0.564913 0.554386 0.633645 0.629588 0.455835 0.510912 0.461812 0.424658 0.647069 0.529156 0.437924 0.327676 0.387095 0.585974 0.557932 0.657812 0.561522 0.531633 0.581954 0.596702 0.587375 0.694386 0.703703 0.707478 0.718578
BD_Bspro
 2.34348 1.56727 0.777481 0.422347 0.458737 0.524005 0.7034 0.419961 0.371193 0.248353 0.160648 0.278302 0.299798 0.251399 0.165406 0.21189 0.770028 0.725325 1.44995 1.09491 1.16751 1.45064 1.37598 1.12487 1.57639 1.3065 1.06467 0.991163
BD_Bo
 1.56339 1.04556 0.518675 0.281757 0.306034 0.349576 0.469254 0.280165 0.247631 0.165682 0.107172 0.185661 0.200002 0.167714 0.110346 0.141356 0.513703 0.483881 0.967296 0.730437 0.77887 0.967752 0.917949 0.750429 1.05165 0.871595 0.710265 0.661227
BD_Brms
 10.4241 6.97141 3.45832 1.87865 2.04052 2.33084 3.1288 1.86804 1.65111 1.1047 0.714581 1.23792 1.33354 1.11825 0.735744 0.942509 3.42517 3.22633 6.44956 4.87027 5.1932 6.45259 6.12053 5.00357 7.01198 5.81146 4.73577 4.40881
Sel_flota
 0.848473 1 1 1 1
 0.848473 1 1 1 1
 0.848473 1 1 1 1
 0.848473 1 1 1 1
 0.848473 1 1 1 1
 0.848473 1 1 1 1
 0.848473 1 1 1 1
 0.848473 1 1 1 1
 0.848473 1 1 1 1
 0.848473 1 1 1 1
 0.848473 1 1 1 1
 0.848473 1 1 1 1
 0.848473 1 1 1 1
 0.848473 1 1 1 1
 0.848473 1 1 1 1
 0.848473 1 1 1 1
 0.848473 1 1 1 1
 0.848473 1 1 1 1
 0.848473 1 1 1 1
 0.848473 1 1 1 1
 0.848473 1 1 1 1
 0.848473 1 1 1 1
 0.848473 1 1 1 1
 0.848473 1 1 1 1
 0.848473 1 1 1 1
 0.848473 1 1 1 1
 0.848473 1 1 1 1
 0.848473 1 1 1 1
Sel_reclas
 1 1 1 1 1
 1 1 1 1 1
 1 1 1 1 1
 1 1 1 1 1
 1 1 1 1 1
 1 1 1 1 1
 1 1 1 1 1
 1 1 1 1 1
 1 1 1 1 1
 1 1 1 1 1
 1 1 1 1 1
 1 1 1 1 1
 1 1 1 1 1
 1 1 1 1 1
 1 1 1 1 1
 1 1 1 1 1
 1 1 1 1 1
 1 1 1 1 1
 1 1 1 1 1
 1 1 1 1 1
 1 1 1 1 1
 1 1 1 1 1
 1 1 1 1 1
 1 1 1 1 1
 1 1 1 1 1
 1 1 1 1 1
 1 1 1 1 1
 1 1 1 1 1
Sel_pelaces
 1 1 1 1 1
 1 1 1 1 1
 1 1 1 1 1
 1 1 1 1 1
 1 1 1 1 1
 1 1 1 1 1
 1 1 1 1 1
 1 1 1 1 1
 1 1 1 1 1
 1 1 1 1 1
 1 1 1 1 1
 1 1 1 1 1
 1 1 1 1 1
 1 1 1 1 1
 1 1 1 1 1
 1 1 1 1 1
 1 1 1 1 1
 1 1 1 1 1
 1 1 1 1 1
 1 1 1 1 1
 1 1 1 1 1
 1 1 1 1 1
 1 1 1 1 1
 1 1 1 1 1
 1 1 1 1 1
 1 1 1 1 1
 1 1 1 1 1
 1 1 1 1 1
pf_obs 
 0.8446 0.082 0.0669 0.0065 0
 0.8095 0.147 0.0364 0.0071 0
 0.9664 0.0169 0.016 0.0007 0
 0.9276 0.0648 0.0075 0.0001 0
 0.7033 0.2144 0.0806 0.0017 0
 0.9318 0.0425 0.0243 0.0014 0
 0.5671 0.3108 0.0964 0.0239 0.0018
 0.0768 0.2599 0.5324 0.112 0.0189
 0.490249 0.384438 0.106611 0.0170017 0.00170017
 0.7925 0.1577 0.0466 0.003 0.0002
 0.840416 0.127587 0.0312969 0.00059994 9.999e-05
 0.8084 0.0986 0.0794 0.0134 0.0002
 0.7335 0.1905 0.0724 0.0035 0.0001
 0.4001 0.4547 0.1325 0.0127 0
 0.49795 0.308269 0.164784 0.0264974 0.00249975
 0.9179 0.0499 0.0305 0.0017 0
 0.2467 0.6533 0.0926 0.0074 0
 0.9418 0.0223 0.034 0.0019 0
 0.707729 0.231977 0.0356964 0.0245975 0
 0.517169 0.277429 0.184464 0.0207286 0.00020938
 0.811772 0.124168 0.05621 0.00726502 0.000585176
 0.764997 0.148141 0.077277 0.00933861 0.000247198
 0.163321 0.427699 0.378323 0.0303852 0.000271297
 0.753843 0.0900009 0.118128 0.0371064 0.000921714
 0.721811 0.176058 0.0630433 0.0369309 0.00215725
 0.143369 0.312575 0.442814 0.0836902 0.0175525
 0.692698 0.0596174 0.167031 0.0765114 0.00414204
 0.394062 0.376323 0.152708 0.0712218 0.00568511
pf_pred 
 0.474196 0.126139 0.376345 0.0233185 8.04806e-07
 0.442404 0.289135 0.0644032 0.192152 0.0119062
 0.578261 0.20637 0.111677 0.0248754 0.0788163
 0.754335 0.153135 0.0452779 0.0245021 0.0227501
 0.669077 0.261276 0.0434148 0.0128365 0.0133963
 0.766908 0.164765 0.0539466 0.00896401 0.00541638
 0.489241 0.407918 0.072695 0.0238015 0.00634469
 0.470586 0.287802 0.192963 0.0343879 0.0142604
 0.557511 0.227312 0.116976 0.0784288 0.0197729
 0.724597 0.166805 0.0557881 0.0287088 0.0241012
 0.833804 0.127058 0.0237051 0.00792821 0.00750498
 0.753238 0.211371 0.0270566 0.00504793 0.00328645
 0.701151 0.236122 0.0537306 0.00687778 0.0021186
 0.64848 0.261039 0.0714898 0.0162678 0.0027238
 0.756145 0.17085 0.0542141 0.0148474 0.0039443
 0.943789 0.044592 0.00814026 0.00258307 0.000895347
 0.389095 0.582509 0.0225261 0.00411213 0.00175716
 0.9034 0.0419804 0.0520811 0.00201402 0.000524763
 0.611913 0.356482 0.0137348 0.0170395 0.000830618
 0.61731 0.251731 0.120294 0.0046348 0.00603024
 0.751985 0.16422 0.0551201 0.0263402 0.00233526
 0.753468 0.193584 0.0350592 0.0117676 0.0061219
 0.329768 0.527886 0.111774 0.0202429 0.0103292
 0.753039 0.0916389 0.122334 0.0259029 0.00708491
 0.64203 0.280939 0.0285836 0.038158 0.0102894
 0.443748 0.37943 0.138772 0.0141191 0.023931
 0.704167 0.144258 0.103392 0.0378142 0.0103684
 0.7012 0.221236 0.037823 0.0271082 0.012633
pobs_RECLAS
 0 0 0 0 0
 0 0 0 0 0
 0 0 0 0 0
 0 0 0 0 0
 0 0 0 0 0
 0 0 0 0 0
 0 0 0 0 0
 0 0 0 0 0
 0 0 0 0 0
 0 0 0 0 0
 0.991045 0.00858322 0.000360255 1.14367e-05 0
 0.934742 0.0480273 0.0164251 0.00080598 0
 0.827803 0.169806 0.00239088 0 0
 0.941827 0.0461693 0.0120037 0 0
 0.791401 0.0380133 0.147996 0.0225897 0
 0.846168 0.0940531 0.0597789 0 0
 0.134021 0.677848 0.182769 0.00536245 0
 0.80878 0.0450904 0.141981 0.00414843 0
 0.846168 0.0940531 0.0597789 0 0
 0.905697 0.0802665 0.012482 0.00150086 5.37128e-05
 0.989698 0.0102097 9.19794e-05 0 0
 0.975433 0.0193895 0.00387452 0.00125025 5.28907e-05
 0.303575 0.632131 0.0575291 0.00676475 0
 0.966965 0.00978017 0.0227588 0.000495775 0
 0.843318 0.132988 0.00938335 0.0141283 0.000182051
 0.564624 0.303363 0.111486 0.0197234 0.00080311
 0.826376 0.0876187 0.0782897 0.00655872 0.00115652
 0.89761 0.0855135 0.0140674 0.00269457 0.000114338
ppred_RECLAS
 0.515762 0.116168 0.346594 0.0214751 7.41184e-07
 0.484261 0.267431 0.0595687 0.177727 0.0110124
 0.618682 0.186591 0.100973 0.0224913 0.0712622
 0.784597 0.134271 0.0397002 0.0214837 0.0199476
 0.704781 0.233086 0.0387306 0.0114516 0.0119509
 0.795601 0.144483 0.047306 0.00786057 0.00474965
 0.532911 0.373041 0.0664796 0.0217664 0.00580221
 0.511943 0.26532 0.177889 0.0317016 0.0131464
 0.599024 0.205986 0.106001 0.0710708 0.0179178
 0.757752 0.146724 0.049072 0.0252527 0.0211998
 0.855533 0.110445 0.0206058 0.00689163 0.00652374
 0.783951 0.185063 0.023689 0.00441965 0.00287741
 0.735948 0.208629 0.0474744 0.00607696 0.00187192
 0.688343 0.231436 0.0633827 0.014423 0.00241492
 0.786743 0.149412 0.0474115 0.0129844 0.00344938
 0.952193 0.037925 0.0069232 0.00219687 0.000761482
 0.429757 0.543737 0.0210268 0.00383843 0.0016402
 0.917113 0.0360208 0.0446876 0.0017281 0.000450266
 0.651513 0.320107 0.0123333 0.0153008 0.000745862
 0.656507 0.225947 0.107973 0.00416007 0.00541259
 0.781999 0.144346 0.0484495 0.0231525 0.00205265
 0.783564 0.169951 0.0307792 0.010331 0.00537454
 0.36769 0.498018 0.10545 0.0190976 0.0097448
 0.78271 0.0806289 0.107636 0.0227908 0.00623369
 0.679371 0.251633 0.025602 0.0341776 0.0092161
 0.485065 0.351247 0.128464 0.0130704 0.0221535
 0.737729 0.127893 0.0916622 0.0335243 0.0091921
 0.734911 0.196276 0.0335557 0.0240497 0.0112077
pobs_PELACES
 0 0 0 0 0
 0 0 0 0 0
 0 0 0 0 0
 0 0 0 0 0
 0 0 0 0 0
 0 0 0 0 0
 0 0 0 0 0
 0 0 0 0 0
 0 0 0 0 0
 0 0 0 0 0
 0 0 0 0 0
 0 0 0 0 0
 0 0 0 0 0
 0 0 0 0 0
 0 0 0 0 0
 0 0 0 0 0
 0.505614 0.472636 0.0217494 0 0
 0 0 0 0 0
 0.443492 0.261883 0.143347 0.151278 0
 0.227955 0.32914 0.350689 0.0885471 0.00366901
 0.970185 0.0296113 0.000203453 0 0
 0.997202 0.00247181 0.000326279 0 0
 0.445219 0.490057 0.0546422 0.010081 0
 0.90214 0.0892962 0.00764917 0.000914606 0
 0 0 0 0 0
 0.581667 0.319106 0.0959925 0.00289975 0.000334073
 0.762889 0.0836404 0.116647 0.0363945 0.000428098
 0.88444 0.0763242 0.0277011 0.0115352 0
ppred_PELACES
 0.517595 0.115728 0.345283 0.0213938 7.38379e-07
 0.487607 0.265695 0.0591822 0.176574 0.010941
 0.621765 0.185082 0.100157 0.0223094 0.0706861
 0.787866 0.132234 0.0390978 0.0211577 0.0196449
 0.706159 0.231998 0.0385498 0.0113981 0.0118951
 0.797617 0.143058 0.0468392 0.00778301 0.00470278
 0.539986 0.36739 0.0654726 0.0214367 0.00571433
 0.51311 0.264685 0.177464 0.0316258 0.013115
 0.603418 0.203729 0.10484 0.070292 0.0177215
 0.762224 0.144015 0.0481661 0.0247865 0.0208084
 0.856224 0.109917 0.0205073 0.00685868 0.00649256
 0.788027 0.181572 0.0232421 0.00433626 0.00282312
 0.74035 0.20515 0.0466829 0.00597564 0.00184071
 0.696476 0.225397 0.0617287 0.0140467 0.0023519
 0.791088 0.146367 0.0464454 0.0127198 0.00337909
 0.953072 0.0372278 0.00679592 0.00215648 0.000747482
 0.432938 0.540704 0.0209095 0.00381702 0.00163105
 0.918072 0.0356041 0.0441706 0.00170811 0.000445057
 0.655664 0.316294 0.0121864 0.0151186 0.000736979
 0.660227 0.2235 0.106804 0.00411502 0.00535397
 0.784133 0.142933 0.0479752 0.0229259 0.00203256
 0.786245 0.167846 0.030398 0.010203 0.00530797
 0.369917 0.496264 0.105078 0.0190303 0.00971048
 0.784099 0.0801138 0.106949 0.0226452 0.00619386
 0.681186 0.250209 0.0254571 0.0339842 0.00916394
 0.486762 0.35009 0.128041 0.0130273 0.0220805
 0.739503 0.127027 0.0910418 0.0332975 0.0091299
 0.736516 0.195088 0.0333526 0.0239042 0.0111398
pobs_pel_tallas
 0 0 0 0 0 0 0 0 0 0 0 0 0 0 0 0 0 0 0 0 0 0 0 0 0 0
 0 0 0 0 0 0 0 0 0 0 0 0 0 0 0 0 0 0 0 0 0 0 0 0 0 0
 0 0 0 0 0 0 0 0 0 0 0 0 0 0 0 0 0 0 0 0 0 0 0 0 0 0
 0 0 0 0 0 0 0 0 0 0 0 0 0 0 0 0 0 0 0 0 0 0 0 0 0 0
 0 0 0 0 0 0 0 0 0 0 0 0 0 0 0 0 0 0 0 0 0 0 0 0 0 0
 0 0 0 0 0 0 0 0 0 0 0 0 0 0 0 0 0 0 0 0 0 0 0 0 0 0
 0 0 0 0 0 0 0 0 0 0 0 0 0 0 0 0 0 0 0 0 0 0 0 0 0 0
 0 0 0 0 0 0 0 0 0 0 0 0 0 0 0 0 0 0 0 0 0 0 0 0 0 0
 0 0 0 0 0 0 0 0 0 0 0 0 0 0 0 0 0 0 0 0 0 0 0 0 0 0
 0 0 0 0 0 0 0 0 0 0 0 0 0 0 0 0 0 0 0 0 0 0 0 0 0 0
 0 0 0 0 0 0 0 0 0 0 0 0 0 0 0 0 0 0 0 0 0 0 0 0 0 0
 0 0 0 0 0 0 0 0 0 0 0 0 0 0 0 0 0 0 0 0 0 0 0 0 0 0
 0.00862536 0 0 0.000197151 0.00414017 0.0128641 0.00837892 0.0270097 0.101434 0.158115 0.152841 0.127902 0.109271 0.109419 0.0830992 0.0579132 0.0238553 0.00714673 0.00463305 0.00128148 0.00103504 0.000492878 0.000147863 0.000147863 4.92878e-05 0
 0 0 0 0 0 0 0 0 0 0 0 0 0 0 0 0 0 0 0 0 0 0 0 0 0 0
 0 0 0 0 0 0 0 0.0054083 0.00873648 0.0413646 0.0450493 0.0745869 0.0622846 0.0627006 0.0613931 0.0827291 0.12552 0.122667 0.0946155 0.0697135 0.0546179 0.0294188 0.0215738 0.0213955 0.0102223 0.00600262
 0 0 0 0 0.00359764 0.0251062 0.0480494 0.140153 0.205849 0.193036 0.1447 0.116669 0.0760912 0.0342217 0.00950174 0.001854 0.000860785 0 0 0 0.000165536 0 0.000143464 0 0 0
 0 0 0 0 0 0 0 0.000145254 0.000435761 0.0275982 0.070085 0.0708112 0.156366 0.174668 0.174014 0.160142 0.0824315 0.0480064 0.0283245 0.00493863 0.00203355 0 0 0 0 0
 0 0 0 0 0 0 0 0 0 0 0 0 0 0 0 0 0 0 0 0 0 0 0 0 0 0
 0 0 1.00437e-05 0.000401748 0.00122533 0.00171747 0.00176769 0.0269171 0.070346 0.194647 0.189555 0.159765 0.064822 0.0314167 0.0384472 0.0292271 0.0345202 0.0313363 0.0194345 0.0106764 0.0143323 0.0359363 0.0279516 0.0138201 0.00172751 0
 0 0.0021121 0.0136068 0.0755702 0.200478 0.177729 0.0527432 0.0373336 0.0318909 0.0142505 0.0149659 0.0166563 0.0217959 0.0798694 0.0677717 0.0528807 0.04013 0.0224614 0.0357745 0.0225083 0.00881397 0.00855152 0.00135912 0.000746735 0 0
 0 0 0 0 5.4009e-05 0.00500934 0.000945158 0.0243581 0.138947 0.33067 0.221406 0.137944 0.0707744 0.0437923 0.0131692 0.00525238 0.0047753 0.00276346 9.45158e-05 9.00151e-06 2.25038e-05 9.00151e-06 4.50075e-06 0 0 0
 0.000866109 0.00284123 0.00948549 0.0512746 0.133035 0.25785 0.225252 0.132002 0.0553304 0.0519788 0.0540692 0.017754 0.00435017 0.00159236 0.00146478 0.000404838 0.000125132 0.000115318 0.000107957 0.000100596 0 0 0 0 0 0
 0 0 0 0 0.00144013 0.00171154 0.00461396 0.0210425 0.0478622 0.0707936 0.0888783 0.103762 0.0637923 0.0337046 0.0602308 0.124433 0.169614 0.0934646 0.0462172 0.0250306 0.0313229 0.00938855 0.002487 0.000210481 0 0
 0 0.00764035 0.051015 0.0998891 0.058973 0.0496711 0.0374665 0.0718981 0.12319 0.153886 0.159021 0.0857701 0.0377988 0.023471 0.0147837 0.00900784 0.00315554 0.000888139 0.00291439 0.00214683 0.00393193 0.00274676 0.000635225 9.99891e-05 0 0
 0 0 0 0 0 0 0 0 0 0 0 0 0 0 0 0 0 0 0 0 0 0 0 0 0 0
 0 0 0 0 0 0 0 0 0 0 0 0 0 0 0 0 0 0 0 0 0 0 0 0 0 0
 0 0 0 0 0 0 0 0 0 0 0 0 0 0 0 0 0 0 0 0 0 0 0 0 0 0
 0 0 0 0 0 0 0 0 0 0 0 0 0 0 0 0 0 0 0 0 0 0 0 0 0 0
ppred_pel_tallas
 1.1214e-16 4.26336e-05 0.000414414 0.00275393 0.012519 0.0389512 0.0829901 0.121129 0.121141 0.0830473 0.0391449 0.013085 0.00419947 0.00365142 0.00642823 0.0111787 0.0175369 0.0250389 0.0331266 0.0413633 0.0493728 0.0564796 0.0614662 0.0628717 0.0597482 0.0523203
 1.21336e-16 4.01636e-05 0.000390405 0.00259438 0.0117937 0.0366947 0.0781828 0.114115 0.114141 0.0783084 0.0371168 0.0130145 0.00566429 0.00711133 0.0128642 0.0213703 0.0312002 0.0401896 0.04624 0.0485895 0.0483351 0.0476443 0.0482379 0.0503126 0.0525923 0.0532558
 1.17138e-16 5.1214e-05 0.000497818 0.00330818 0.0150385 0.0467905 0.0996927 0.145508 0.145526 0.0997806 0.047086 0.0158937 0.00546173 0.00522185 0.00909114 0.0151304 0.0222278 0.0288973 0.0336804 0.0359812 0.0364171 0.0363108 0.0367264 0.0378177 0.038892 0.0389702
 1.06609e-16 6.48955e-05 0.000630808 0.00419194 0.019056 0.0592902 0.126325 0.184377 0.18439 0.126387 0.0595002 0.019663 0.0057178 0.00396903 0.00642662 0.0105806 0.0153782 0.0196506 0.0222644 0.0227323 0.0215035 0.0196297 0.0180736 0.0172009 0.0167623 0.0162351
 1.04328e-16 5.81654e-05 0.000565388 0.00375721 0.0170797 0.0531415 0.113224 0.165259 0.165281 0.113334 0.0535086 0.0181403 0.00641994 0.00638035 0.0111084 0.0182903 0.026386 0.0332776 0.03685 0.0361404 0.0319091 0.0261094 0.020695 0.0166947 0.0140898 0.0122995
 1.02965e-16 6.56987e-05 0.000638615 0.00424382 0.0192918 0.060024 0.127888 0.186659 0.186673 0.127956 0.0602512 0.0199483 0.0058939 0.00424762 0.00694008 0.0114222 0.0165713 0.0210974 0.0237254 0.0238587 0.0219067 0.0189529 0.0160481 0.0136956 0.0118347 0.0101656
 1.05101e-16 4.4478e-05 0.000432342 0.00287307 0.0130606 0.0406365 0.0865816 0.126376 0.126411 0.0867547 0.0412179 0.0147404 0.00709093 0.00964412 0.0175516 0.0289786 0.0418178 0.0527521 0.0584258 0.0572919 0.0505169 0.0411478 0.0322415 0.0254225 0.0207093 0.0172808
 1.1058e-16 4.22643e-05 0.000410824 0.00273007 0.0124105 0.0386139 0.0822719 0.120084 0.120109 0.0823977 0.0390371 0.013636 0.00581723 0.00718656 0.0130177 0.0217341 0.0319598 0.041563 0.048362 0.0513064 0.0509794 0.0489383 0.0464837 0.0439075 0.0406999 0.0363013
 1.13126e-16 4.97028e-05 0.000483129 0.00321056 0.0145948 0.0454098 0.0967512 0.141215 0.141235 0.0968479 0.045735 0.0155359 0.00558013 0.00568035 0.0099931 0.0166364 0.0244257 0.0317178 0.036884 0.0392282 0.0393681 0.0386794 0.0382549 0.0382282 0.0378946 0.0363608
 1.07434e-16 6.27834e-05 0.000610277 0.00405551 0.0184357 0.0573605 0.122213 0.178377 0.178391 0.122281 0.0575894 0.0190975 0.00571944 0.00425203 0.00700722 0.0115604 0.0168288 0.0215579 0.0245241 0.0251995 0.0240615 0.0222265 0.0207017 0.019845 0.0193607 0.0186818
 1.02407e-16 7.05261e-05 0.000685538 0.00455564 0.0207093 0.0644344 0.137285 0.200373 0.200384 0.137336 0.0646084 0.0212121 0.00581819 0.00344343 0.00531351 0.00868679 0.012541 0.0158451 0.0176021 0.0173607 0.0154804 0.0128771 0.0104578 0.0086862 0.007531 0.00670265
 1.0163e-16 6.49088e-05 0.000630936 0.00419279 0.0190598 0.0593023 0.126351 0.184416 0.184433 0.126436 0.0595894 0.0198889 0.00627352 0.0051725 0.00868815 0.0142552 0.0205163 0.025773 0.0283392 0.0274362 0.0236518 0.0185372 0.0136795 0.00996922 0.00748675 0.0058563
 1.02311e-16 6.09817e-05 0.000592764 0.00393913 0.0179067 0.0557145 0.118706 0.17326 0.173279 0.118803 0.0560395 0.0188457 0.00629735 0.00574501 0.00985833 0.0162331 0.0234519 0.0296424 0.03293 0.0324359 0.0287743 0.023593 0.0185474 0.0145227 0.0115565 0.00926435
 1.03646e-16 5.73678e-05 0.000557636 0.00370569 0.0168455 0.0524128 0.111672 0.162993 0.163015 0.111778 0.0527703 0.0178786 0.00630108 0.0062312 0.0108554 0.0179152 0.0259418 0.0329149 0.0368053 0.0366646 0.0331565 0.0280398 0.0230453 0.0190424 0.0159862 0.0134149
 1.03226e-16 6.51609e-05 0.000633387 0.00420908 0.0191339 0.0595327 0.126841 0.185131 0.185146 0.12691 0.0597651 0.0198056 0.00589717 0.0043255 0.00709776 0.011685 0.0169536 0.0215874 0.0242863 0.0244465 0.0224945 0.0195443 0.0166684 0.0143686 0.0125601 0.0109113
 1.00549e-16 7.85033e-05 0.00076308 0.00507094 0.0230517 0.0717225 0.152813 0.223035 0.223039 0.15283 0.0717815 0.023222 0.0054984 0.0016967 0.001853 0.0029428 0.00424025 0.00535056 0.00592969 0.00582103 0.00514278 0.0042032 0.00331099 0.00262942 0.00215894 0.00181528
 1.01401e-16 3.56606e-05 0.000346634 0.00230351 0.0104714 0.0325808 0.0694188 0.10133 0.101382 0.069673 0.033434 0.0129344 0.0084813 0.0138179 0.0255764 0.0421116 0.0603901 0.0753735 0.0819511 0.0777665 0.0646518 0.0474564 0.0312484 0.0190334 0.0112903 0.00694151
 1.01531e-16 7.56204e-05 0.000735057 0.00488471 0.0222052 0.0690886 0.147201 0.214845 0.214848 0.147218 0.0691462 0.0223722 0.0053069 0.00166627 0.00187211 0.00304789 0.00455159 0.00607246 0.00733563 0.00819272 0.00866698 0.00886319 0.00882886 0.00850274 0.00779048 0.00668325
 1.02074e-16 5.40062e-05 0.00052496 0.00348854 0.0158584 0.0493416 0.105129 0.153445 0.153475 0.105277 0.0498408 0.0172995 0.00710352 0.00840881 0.0150045 0.0246621 0.0353874 0.0442234 0.048202 0.0459716 0.0386245 0.0289982 0.0200246 0.0133919 0.0092846 0.00697907
 1.04459e-16 5.43821e-05 0.000528613 0.00351282 0.0159688 0.049685 0.10586 0.15451 0.154532 0.105966 0.0500408 0.016998 0.00610187 0.0061987 0.010876 0.0180319 0.0262894 0.0337198 0.0383648 0.0392737 0.0369886 0.0330291 0.0288355 0.025048 0.0215568 0.0180302
 1.04065e-16 6.4588e-05 0.000627819 0.00417208 0.0189657 0.0590093 0.125726 0.183504 0.183518 0.125794 0.0592363 0.0196221 0.0058224 0.00423875 0.00694688 0.0114471 0.0166373 0.0212488 0.024033 0.0244199 0.0228341 0.0203484 0.0179661 0.0161081 0.0146135 0.0130969
 1.02842e-16 6.4762e-05 0.00062951 0.00418331 0.0190167 0.0591682 0.126065 0.183999 0.184015 0.126144 0.0594339 0.0197843 0.00611065 0.00483907 0.008066 0.0132496 0.019122 0.0241364 0.0267631 0.0263021 0.0232927 0.0191295 0.0152046 0.0122468 0.0102428 0.0087915
 1.06711e-16 3.04697e-05 0.000296176 0.0019682 0.00894717 0.0278382 0.059314 0.0865806 0.0866285 0.0595481 0.0286241 0.0112179 0.00767072 0.0127538 0.0237159 0.0392274 0.0566652 0.0715912 0.0794837 0.0782378 0.0693789 0.0569422 0.044972 0.0356142 0.0289121 0.0238414
 1.06427e-16 6.45852e-05 0.000627791 0.00417189 0.0189648 0.0590066 0.12572 0.183494 0.183502 0.125759 0.0591366 0.0193421 0.0051266 0.00273708 0.00414445 0.00694304 0.0104489 0.0140911 0.0173124 0.0198313 0.0217262 0.0232056 0.0242783 0.0246426 0.0238911 0.0218326
 1.05758e-16 5.61084e-05 0.000545394 0.00362434 0.0164757 0.0512622 0.10922 0.159416 0.15944 0.109338 0.0516578 0.0176182 0.00649216 0.00680588 0.0119466 0.0196649 0.028337 0.0356796 0.0394226 0.0385639 0.033988 0.0278771 0.0223897 0.0186209 0.0164534 0.0151046
 1.08828e-16 4.0094e-05 0.000389728 0.00258988 0.0117732 0.0366311 0.0780477 0.11392 0.113954 0.0782132 0.0371873 0.0133814 0.00663272 0.00923545 0.0168989 0.0280288 0.040735 0.0519847 0.0586909 0.0594064 0.0551178 0.0484285 0.0418361 0.0364947 0.0321973 0.0281852
 1.07545e-16 6.09119e-05 0.000592086 0.00393462 0.0178862 0.0556507 0.11857 0.173059 0.173072 0.118631 0.0558542 0.0184756 0.00542014 0.00385551 0.00631943 0.0105108 0.0155127 0.0203071 0.0238915 0.025807 0.0263564 0.026264 0.0260687 0.0257678 0.0249462 0.0231868
 1.05295e-16 6.06659e-05 0.000589694 0.00391872 0.017814 0.0554259 0.118092 0.172362 0.172381 0.118183 0.0557348 0.0187063 0.00615955 0.00548472 0.0093673 0.0154179 0.0222734 0.0281654 0.0313445 0.031034 0.0278973 0.0235753 0.0196682 0.0169529 0.0152962 0.0140956
pSPR Fmed_Fpbrs
0.60518   0.199979 0.199979
Fs Fmed_Fpbrs
0.264357   1.005 1.005
SSBpbr Bo_Bmed_Bpbrs
1.81489e+06  1.00759e+06  272195 272195
Ro
170754
SPR SPRFo_SPRFmed_SPRFpbrs
1.21076e+06 732725 242125
Fref
1.005
Nvult_r0
 210061 57467.2 9824.73 7041.49 3281.48
CTP_r0
 25800 8140.18 1391.66 997.419 464.818
YTP_r0
372973
Np
 310651 98767.2 26050.4 4453.64 4187.59
Nvult_p0
 261937 85467.2 22542.4 3853.91 3623.69
CTP_p0
 120557 42840.2 11299.3 1931.76 1816.36
YTP_p0
 1.98009e+06
CBA_c0
855109
log_Ro
11.868
likeval ReclasPelacesDesembMPH_pf_preclas_ppelaces_ptallas_desvR_qrecl_qpela
 12.3311 17.831 0.0544535 0.00261119 208.854 94.4377 73.8651 0 22.8504 0 0 0.27872 0 0 0
q_reclas_q_pelaces
1 1
M
1
N
 189353 43125.9 128669 7972.38 0.275156
 109132 61503.6 13699.6 40873.7 2532.63
 103967 31983.7 17307.9 3855.25 12215.1
 173787 30630.2 9056.5 4900.91 4550.48
 137588 45962.7 7637.36 2258.16 2356.62
 244407 45230 14809 2460.73 1486.86
 99603 72794.3 12972.7 4247.45 1132.23
 43319.7 22610.3 15159.5 2701.58 1120.33
 41640.8 14722.2 7576.11 5079.56 1280.62
 55855.3 11224.6 3754.08 1931.87 1621.81
 104114 13555.1 2528.96 845.816 800.665
 142226 34830.3 4458.45 831.811 541.55
 118193 34682.2 7892.09 1010.23 311.186
 82927.8 29543 8090.85 1841.11 308.266
 80774.1 15958.6 5064.01 1386.86 368.427
 465217 19084.2 3483.81 1105.48 383.184
 95305.9 122975 4755.55 868.124 370.958
 702744 28136.6 34906.4 1349.86 351.713
 412684 208474 8032.26 9964.85 485.753
 315200 111234 53155.1 2048 2664.61
 465527 87581 29396.4 14047.6 1245.43
 622851 138383 25062.1 8412.03 4376.24
 127351 175009 37056.2 6711.11 3424.43
 381895 39830.6 53172.2 11258.6 3079.44
 325997 122282 12441.4 16608.8 4478.62
 142283 104096 38071.9 3873.56 6565.44
 265351 46646.5 33432.1 12227.4 3352.65
 308828 83517.6 14278.4 10233.5 4769
pred_Ctot
 14157 3765.86 11235.7 696.169 0.0240273
 14289.7 9339.09 2080.23 6206.51 384.571
 13327.1 4756.19 2573.81 573.301 1816.47
 31715.7 6438.51 1903.69 1030.18 956.518
 9339.89 3647.25 606.043 179.19 187.003
 29924.5 6429.07 2104.98 349.772 211.345
 25068.4 20901.5 3724.86 1219.57 325.098
 2099.97 1284.31 861.09 153.455 63.6366
 7215.02 2941.75 1513.84 1014.99 255.89
 12427.3 2860.79 956.797 492.373 413.349
 6010.57 915.91 170.881 57.1514 54.1005
 31336.1 8793.43 1125.6 210.003 136.722
 24710.8 8321.68 1893.64 242.395 74.6662
 26331.8 10599.6 2902.87 660.562 110.601
 18932.7 4277.81 1357.44 371.757 98.7592
 85017.8 4016.91 733.285 232.686 80.654
 12113.3 18134.7 701.284 128.019 54.7039
 87523.3 4067.15 5045.73 195.122 50.8401
 71520.1 41665.4 1605.32 1991.57 97.0823
 49880.7 20340.7 9720.18 374.507 487.264
 57477.5 12552.1 4213.07 2013.3 178.495
 95062.7 24423.9 4423.32 1484.68 772.382
 12222.1 19564.9 4142.64 750.257 382.829
 31644.9 3850.93 5140.83 1088.51 297.728
 27519.4 12041.9 1225.18 1635.57 441.037
 9880.88 8448.72 3090.02 314.389 532.869
 24537.3 5026.8 3602.76 1317.67 361.293
 25800 8140.18 1391.66 997.419 464.818
F
 0.12452 0.146758 0.146758 0.146758 0.146758
 0.227331 0.267929 0.267929 0.267929 0.267929
 0.222084 0.261746 0.261746 0.261746 0.261746
 0.329999 0.388933 0.388933 0.388933 0.388933
 0.112504 0.132596 0.132596 0.132596 0.132596
 0.211199 0.248916 0.248916 0.248916 0.248916
 0.482788 0.569008 0.569008 0.569008 0.569008
 0.0792516 0.093405 0.093405 0.093405 0.093405
 0.310976 0.366512 0.366512 0.366512 0.366512
 0.416003 0.490297 0.490297 0.490297 0.490297
 0.0949948 0.11196 0.11196 0.11196 0.11196
 0.411192 0.484626 0.484626 0.484626 0.484626
 0.386473 0.455492 0.455492 0.455492 0.455492
 0.64797 0.76369 0.76369 0.76369 0.76369
 0.442796 0.521874 0.521874 0.521874 0.521874
 0.330521 0.389548 0.389548 0.389548 0.389548
 0.220019 0.259312 0.259312 0.259312 0.259312
 0.215179 0.253607 0.253607 0.253607 0.253607
 0.311051 0.366601 0.366601 0.366601 0.366601
 0.280642 0.330761 0.330761 0.330761 0.330761
 0.213143 0.251208 0.251208 0.251208 0.251208
 0.269468 0.317592 0.317592 0.317592 0.317592
 0.162315 0.191302 0.191302 0.191302 0.191302
 0.138813 0.163603 0.163603 0.163603 0.163603
 0.141574 0.166858 0.166858 0.166858 0.166858
 0.115221 0.135798 0.135798 0.135798 0.135798
 0.155994 0.183853 0.183853 0.183853 0.183853
 0.140019 0.165025 0.165025 0.165025 0.165025
YTP_r0W_actual
 214140 97682.1 23101.6 24337 13712.1
YTP_p0W_proyectada
 906590 690583 264178 56986.9 61756.3
CTP_r0_actual
 25800 8140.18 1391.66 997.419 464.818
CTP_p0_proyectada
 120557 42840.2 11299.3 1931.76 1816.36
Wmedp
 7.52 16.12 23.38 29.5 34
Frms_r0
 0.140019 0.165025 0.165025 0.165025 0.165025
Zrms_r0
 1.14002 1.16502 1.16502 1.16502 1.16502
nmprior
 8.19 8.8 8.5 0
nm_flota  nm_reclas  nm_pelaces    nm_pelaL
inf 10.3013 16.7653 16.7653
cv_recla  cv_pelaces  cv_mph
0.341791 0.540167 1.57697
 ------------------------------------------------
Talla a la edad & desviaci?n 
 8 13.2811 15.8009 17.003 17.5766
 0.8 1.32811 1.58009 1.7003 1.75766
