years
 1991 1992 1993 1994 1995 1996 1997 1998 1999 2000 2001 2002 2003 2004 2005 2006 2007 2008 2009 2010 2011 2012 2013 2014 2015 2016 2017 2018
reclasobs
 0 0 0 0 0 0 0 0 0 252601 567819 844713 477998 351125 339783 2.1784e+06 2.13404e+06 4.81314e+06 1.55562e+06 2.62356e+06 3.21686e+06 3.843e+06 1.13348e+06 3.07943e+06 1.97215e+06 2.03268e+06 2.025e+06 2.42433e+06
reclaspred
 3.14994e+06 1.71988e+06 867067 918187 942269 1.68667e+06 944995 801320 560324 370038 508909 700642 685790 501073 484429 1.3756e+06 1.20299e+06 3.17247e+06 2.51653e+06 1.80018e+06 3.12984e+06 2.568e+06 1.91824e+06 3.11032e+06 2.30924e+06 2.01317e+06 2.11539e+06 2.1751e+06
pelacesobs
 0 0 0 0 0 0 0 0 0 0 0 0 0 0 0 552880 188675 0 991730 2.46772e+06 1.41603e+06 1.21717e+06 2.29649e+06 1.80582e+06 0 1.4828e+06 1.56532e+06 1.57751e+06
pelacespred
 1.87307e+06 1.11089e+06 542570 447118 510660 919186 476180 527819 337551 199769 290932 333018 362986 263740 261197 620877 597931 1.73548e+06 1.45119e+06 957379 1.63442e+06 1.41377e+06 1.12631e+06 1.92313e+06 1.42381e+06 1.25327e+06 1.43325e+06 1.44081e+06
mphobs
 0 0 0 0 0 0 0 0 0 0 0 498337 0 5186 125008 0 168611 109162 213762 579715 649985 157893 87575 83554 0 0 0 0
mphpred
 480049 322726 154385 85488.4 96627.9 118788 168184 89289.6 79772.3 48663.1 29034.7 61789.8 66328.6 53823.5 31921.2 40344.9 152794 133195 316021 219831 227814 282249 270136 212249 315601 259836 207801 190606
desembarqueobs
 494567 514787 250237 358949 120608 361735 552515 73892 212993 205616 52469 317467 293654 387597 252695 516296 358380 742168 942051 627588 828172 859565 418607 520667 417249 300574 415391 372974
desembarquepred
 494572 513890 250664 358982 120614 361741 552536 73897.6 213057 205674 52472 317526 293683 387562 252666 516222 358412 742009 941727 627351 828254 859534 418606 520689 417231 300568 415386 372974
Reclutas
 166536 93871.4 90559 142445 113626 212952 82862.3 33937.2 33336.3 44940.4 83263.6 124327 103648 72817 65086.6 351192 70007.4 569423 322430 251582 348305 483729 92332.1 277564 237208 100799 186333 217722
log_desv_Rt
 0.206053 -0.367233 -0.403156 0.0497983 -0.176247 0.451908 -0.491978 -1.38465 -1.40251 -1.10382 -0.487147 -0.0862408 -0.268156 -0.621208 -0.73344 0.952176 -0.660557 1.43546 0.866727 0.618609 0.943922 1.27237 -0.383766 0.716892 0.559778 -0.296029 0.318377 0.474063
SSB
 1.81399e+06 1.21951e+06 583384 323040 365134 448873 635526 337404 301441 183886 109715 233489 250640 203386 120622 152454 577372 503310 1.19417e+06 830690 860857 1.06655e+06 1.02078e+06 802037 1.19258e+06 981858 785231 720253
BT
 2.60653e+06 1.80154e+06 875660 858263 726077 1.49307e+06 1.06222e+06 720444 626800 447498 423756 690999 730208 744270 597445 1.25124e+06 1.01247e+06 2.96302e+06 2.72346e+06 1.73891e+06 2.7851e+06 2.56719e+06 1.73035e+06 2.98115e+06 2.12521e+06 1.79826e+06 2.25349e+06 2.23307e+06
Ftot
 0.225963 0.417018 0.409726 0.594878 0.19644 0.341815 0.803217 0.139621 0.561795 0.807573 0.173228 0.691411 0.65024 1.13246 0.828479 0.631823 0.433799 0.390032 0.559031 0.52641 0.41218 0.515302 0.316875 0.271176 0.272262 0.221865 0.308614 0.277644
BD_Bspro_t
 0.964608 0.759284 0.542052 0.439633 0.440795 0.541853 0.552568 0.356456 0.410078 0.343125 0.294449 0.557394 0.435587 0.340972 0.226941 0.273094 0.46731 0.421248 0.564605 0.444888 0.407711 0.457081 0.473723 0.452962 0.583746 0.593834 0.593756 0.604695
BD_Bspro
 1.88768 1.26905 0.607084 0.336164 0.379967 0.467108 0.661344 0.351111 0.313687 0.191357 0.114173 0.242974 0.260822 0.211649 0.125523 0.158647 0.600827 0.523757 1.24268 0.864436 0.895829 1.10988 1.06225 0.834619 1.24103 1.02175 0.817131 0.749513
BD_Bo
 1.26399 0.849753 0.406503 0.225095 0.254426 0.312775 0.442836 0.235104 0.210044 0.128132 0.0764499 0.162695 0.174646 0.14172 0.0840499 0.10623 0.402313 0.350708 0.832099 0.578826 0.599846 0.743175 0.711281 0.558861 0.830993 0.68416 0.54715 0.501873
BD_Brms
 2.29816 1.54501 0.739096 0.409264 0.462593 0.568682 0.805156 0.427461 0.381899 0.232968 0.139 0.29581 0.317539 0.257673 0.152818 0.193146 0.731479 0.63765 1.51291 1.05241 1.09063 1.35123 1.29324 1.01611 1.5109 1.24393 0.994819 0.912497
Sel_flota
 0.747204 0.982505 0.999064 0.999951 0.999997
 0.747204 0.982505 0.999064 0.999951 0.999997
 0.747204 0.982505 0.999064 0.999951 0.999997
 0.747204 0.982505 0.999064 0.999951 0.999997
 0.747204 0.982505 0.999064 0.999951 0.999997
 0.747204 0.982505 0.999064 0.999951 0.999997
 0.747204 0.982505 0.999064 0.999951 0.999997
 0.747204 0.982505 0.999064 0.999951 0.999997
 0.747204 0.982505 0.999064 0.999951 0.999997
 0.747204 0.982505 0.999064 0.999951 0.999997
 0.747204 0.982505 0.999064 0.999951 0.999997
 0.747204 0.982505 0.999064 0.999951 0.999997
 0.747204 0.982505 0.999064 0.999951 0.999997
 0.747204 0.982505 0.999064 0.999951 0.999997
 0.747204 0.982505 0.999064 0.999951 0.999997
 0.747204 0.982505 0.999064 0.999951 0.999997
 0.747204 0.982505 0.999064 0.999951 0.999997
 0.747204 0.982505 0.999064 0.999951 0.999997
 0.747204 0.982505 0.999064 0.999951 0.999997
 0.747204 0.982505 0.999064 0.999951 0.999997
 0.747204 0.982505 0.999064 0.999951 0.999997
 0.747204 0.982505 0.999064 0.999951 0.999997
 0.747204 0.982505 0.999064 0.999951 0.999997
 0.747204 0.982505 0.999064 0.999951 0.999997
 0.747204 0.982505 0.999064 0.999951 0.999997
 0.747204 0.982505 0.999064 0.999951 0.999997
 0.747204 0.982505 0.999064 0.999951 0.999997
 0.747204 0.982505 0.999064 0.999951 0.999997
Sel_reclas
 1 1 1 1 1
 1 1 1 1 1
 1 1 1 1 1
 1 1 1 1 1
 1 1 1 1 1
 1 1 1 1 1
 1 1 1 1 1
 1 1 1 1 1
 1 1 1 1 1
 1 1 1 1 1
 1 1 1 1 1
 1 1 1 1 1
 1 1 1 1 1
 1 1 1 1 1
 1 1 1 1 1
 1 1 1 1 1
 1 1 1 1 1
 1 1 1 1 1
 1 1 1 1 1
 1 1 1 1 1
 1 1 1 1 1
 1 1 1 1 1
 1 1 1 1 1
 1 1 1 1 1
 1 1 1 1 1
 1 1 1 1 1
 1 1 1 1 1
 1 1 1 1 1
Sel_pelaces
 0.812358 0.956117 0.990962 0.998191 0.99964
 0.812358 0.956117 0.990962 0.998191 0.99964
 0.812358 0.956117 0.990962 0.998191 0.99964
 0.812358 0.956117 0.990962 0.998191 0.99964
 0.812358 0.956117 0.990962 0.998191 0.99964
 0.812358 0.956117 0.990962 0.998191 0.99964
 0.812358 0.956117 0.990962 0.998191 0.99964
 0.812358 0.956117 0.990962 0.998191 0.99964
 0.812358 0.956117 0.990962 0.998191 0.99964
 0.812358 0.956117 0.990962 0.998191 0.99964
 0.812358 0.956117 0.990962 0.998191 0.99964
 0.812358 0.956117 0.990962 0.998191 0.99964
 0.812358 0.956117 0.990962 0.998191 0.99964
 0.812358 0.956117 0.990962 0.998191 0.99964
 0.812358 0.956117 0.990962 0.998191 0.99964
 0.812358 0.956117 0.990962 0.998191 0.99964
 0.812358 0.956117 0.990962 0.998191 0.99964
 0.812358 0.956117 0.990962 0.998191 0.99964
 0.812358 0.956117 0.990962 0.998191 0.99964
 0.812358 0.956117 0.990962 0.998191 0.99964
 0.812358 0.956117 0.990962 0.998191 0.99964
 0.812358 0.956117 0.990962 0.998191 0.99964
 0.812358 0.956117 0.990962 0.998191 0.99964
 0.812358 0.956117 0.990962 0.998191 0.99964
 0.812358 0.956117 0.990962 0.998191 0.99964
 0.812358 0.956117 0.990962 0.998191 0.99964
 0.812358 0.956117 0.990962 0.998191 0.99964
 0.812358 0.956117 0.990962 0.998191 0.99964
pf_obs 
 0.8446 0.082 0.0669 0.0065 0
 0.8095 0.147 0.0364 0.0071 0
 0.9664 0.0169 0.016 0.0007 0
 0.9276 0.0648 0.0075 0.0001 0
 0.7033 0.2144 0.0806 0.0017 0
 0.9318 0.0425 0.0243 0.0014 0
 0.5671 0.3108 0.0964 0.0239 0.0018
 0.0768 0.2599 0.5324 0.112 0.0189
 0.490249 0.384438 0.106611 0.0170017 0.00170017
 0.7925 0.1577 0.0466 0.003 0.0002
 0.840416 0.127587 0.0312969 0.00059994 9.999e-05
 0.8084 0.0986 0.0794 0.0134 0.0002
 0.7335 0.1905 0.0724 0.0035 0.0001
 0.4001 0.4547 0.1325 0.0127 0
 0.49795 0.308269 0.164784 0.0264974 0.00249975
 0.9179 0.0499 0.0305 0.0017 0
 0.2467 0.6533 0.0926 0.0074 0
 0.9418 0.0223 0.034 0.0019 0
 0.707729 0.231977 0.0356964 0.0245975 0
 0.517169 0.277429 0.184464 0.0207286 0.00020938
 0.811772 0.124168 0.05621 0.00726502 0.000585176
 0.764997 0.148141 0.077277 0.00933861 0.000247198
 0.163321 0.427699 0.378323 0.0303852 0.000271297
 0.753843 0.0900009 0.118128 0.0371064 0.000921714
 0.721811 0.176058 0.0630433 0.0369309 0.00215725
 0.143369 0.312575 0.442814 0.0836902 0.0175525
 0.692698 0.0596174 0.167031 0.0765114 0.00414204
 0.394062 0.376323 0.152708 0.0712218 0.00568511
pf_pred 
 0.515519 0.140342 0.321813 0.0223256 8.8473e-07
 0.458462 0.319842 0.0650566 0.146486 0.010153
 0.604419 0.213731 0.108324 0.0215927 0.0519335
 0.759938 0.163194 0.0419255 0.0208243 0.014119
 0.681976 0.260241 0.0395645 0.00994247 0.00827672
 0.774454 0.167206 0.0478968 0.00715268 0.00329055
 0.478548 0.430091 0.0680733 0.0191229 0.00416508
 0.472844 0.302359 0.186209 0.0287616 0.00982646
 0.563458 0.237721 0.114889 0.0695357 0.0143964
 0.746445 0.164234 0.0491352 0.0232325 0.0169525
 0.852639 0.119755 0.0180386 0.00526623 0.00430122
 0.767701 0.20567 0.0217136 0.00321314 0.00170256
 0.716622 0.234219 0.0436397 0.00450117 0.00101772
 0.66995 0.258849 0.059084 0.0107587 0.00135891
 0.778356 0.168365 0.0420426 0.00932638 0.00190983
 0.94837 0.0432914 0.00637195 0.00155207 0.000414247
 0.398403 0.579504 0.0185932 0.00267562 0.000824665
 0.920083 0.0381727 0.040241 0.00126507 0.000237897
 0.60784 0.369041 0.0111586 0.0115307 0.000430201
 0.637915 0.248381 0.107141 0.00316979 0.00339376
 0.758453 0.172181 0.0479024 0.0202258 0.0012376
 0.768901 0.187879 0.0309894 0.00844924 0.00378173
 0.329702 0.551965 0.0965878 0.0155967 0.00614869
 0.764003 0.0945766 0.116848 0.0200603 0.00451165
 0.644014 0.290145 0.0266841 0.0323594 0.00679803
 0.438271 0.398592 0.133434 0.0120453 0.0176581
 0.703808 0.151601 0.103143 0.0339079 0.00754062
 0.70476 0.225712 0.035922 0.0239794 0.00962641
pobs_RECLAS
 0 0 0 0 0
 0 0 0 0 0
 0 0 0 0 0
 0 0 0 0 0
 0 0 0 0 0
 0 0 0 0 0
 0 0 0 0 0
 0 0 0 0 0
 0 0 0 0 0
 0 0 0 0 0
 0.991045 0.00858322 0.000360255 1.14367e-05 0
 0.934742 0.0480273 0.0164251 0.00080598 0
 0.827803 0.169806 0.00239088 0 0
 0.941827 0.0461693 0.0120037 0 0
 0.791401 0.0380133 0.147996 0.0225897 0
 0.846168 0.0940531 0.0597789 0 0
 0.134021 0.677848 0.182769 0.00536245 0
 0.80878 0.0450904 0.141981 0.00414843 0
 0.846168 0.0940531 0.0597789 0 0
 0.905697 0.0802665 0.012482 0.00150086 5.37128e-05
 0.989698 0.0102097 9.19794e-05 0 0
 0.975433 0.0193895 0.00387452 0.00125025 5.28907e-05
 0.303575 0.632131 0.0575291 0.00676475 0
 0.966965 0.00978017 0.0227588 0.000495775 0
 0.843318 0.132988 0.00938335 0.0141283 0.000182051
 0.564624 0.303363 0.111486 0.0197234 0.00080311
 0.826376 0.0876187 0.0782897 0.00655872 0.00115652
 0.89761 0.0855135 0.0140674 0.00269457 0.000114338
ppred_RECLAS
 0.587389 0.120984 0.272723 0.0189029 7.49057e-07
 0.531315 0.278868 0.0557385 0.125388 0.00869024
 0.671817 0.178771 0.0890356 0.0177314 0.0426443
 0.809842 0.130028 0.0328103 0.0162812 0.0110382
 0.739653 0.21371 0.0319418 0.00801965 0.00667573
 0.82059 0.133603 0.0376138 0.00561189 0.0025816
 0.553958 0.369101 0.0573433 0.0160927 0.00350491
 0.543711 0.263616 0.159624 0.0246332 0.00841557
 0.634843 0.200501 0.0951846 0.057555 0.0119154
 0.799932 0.130458 0.0383101 0.0180962 0.0132039
 0.884552 0.0941231 0.0139389 0.00406568 0.00332051
 0.816383 0.16291 0.0168882 0.00249665 0.00132285
 0.772736 0.18843 0.0344777 0.00355273 0.000803238
 0.736396 0.207623 0.0464621 0.00845142 0.00106743
 0.826496 0.132393 0.032448 0.00719083 0.00147244
 0.961051 0.0327543 0.00473468 0.00115216 0.000307496
 0.46845 0.512359 0.016153 0.00232231 0.000715734
 0.939133 0.0293388 0.0303939 0.00095462 0.000179507
 0.674536 0.306605 0.00910659 0.00940133 0.000350739
 0.702697 0.20508 0.0869042 0.00256865 0.00275001
 0.807477 0.137934 0.0377091 0.0159071 0.000973296
 0.81658 0.149616 0.024244 0.00660389 0.00295564
 0.395321 0.499454 0.0859026 0.0138586 0.0054632
 0.812338 0.0759887 0.0922845 0.0158288 0.00355979
 0.706052 0.240362 0.0217292 0.0263267 0.00553041
 0.508906 0.35021 0.115252 0.0103945 0.0152374
 0.760468 0.123648 0.0826862 0.0271579 0.00603924
 0.76034 0.183978 0.0287811 0.019195 0.00770537
pobs_PELACES
 0 0 0 0 0
 0 0 0 0 0
 0 0 0 0 0
 0 0 0 0 0
 0 0 0 0 0
 0 0 0 0 0
 0 0 0 0 0
 0 0 0 0 0
 0 0 0 0 0
 0 0 0 0 0
 0 0 0 0 0
 0 0 0 0 0
 0 0 0 0 0
 0 0 0 0 0
 0 0 0 0 0
 0 0 0 0 0
 0.505614 0.472636 0.0217494 0 0
 0 0 0 0 0
 0.443492 0.261883 0.143347 0.151278 0
 0.227955 0.32914 0.350689 0.0885471 0.00366901
 0.970185 0.0296113 0.000203453 0 0
 0.997202 0.00247181 0.000326279 0 0
 0.445219 0.490057 0.0546422 0.010081 0
 0.90214 0.0892962 0.00764917 0.000914606 0
 0 0 0 0 0
 0.581667 0.319106 0.0959925 0.00289975 0.000334073
 0.762889 0.0836404 0.116647 0.0363945 0.000428098
 0.88444 0.0763242 0.0277011 0.0115352 0
ppred_PELACES
 0.545599 0.129963 0.303265 0.0211717 8.40179e-07
 0.49476 0.295898 0.0611582 0.138567 0.00961749
 0.63838 0.193674 0.0997498 0.0200076 0.0481882
 0.789298 0.142423 0.0371268 0.0185544 0.0125974
 0.708831 0.237399 0.0367361 0.0092901 0.00774448
 0.798158 0.148941 0.0433792 0.00651863 0.00300306
 0.527544 0.388691 0.0623134 0.0176109 0.00384109
 0.501922 0.283331 0.177679 0.0276183 0.00944908
 0.602866 0.214531 0.105233 0.0640845 0.0132863
 0.781321 0.140857 0.0426824 0.0203038 0.014836
 0.867579 0.107202 0.0164388 0.00482959 0.00395012
 0.798823 0.177808 0.0190323 0.00283359 0.00150353
 0.751317 0.205011 0.0387408 0.00402038 0.000910278
 0.720248 0.218887 0.0504547 0.00924156 0.0011689
 0.810692 0.14332 0.0362416 0.00808817 0.00165857
 0.956329 0.0365246 0.00545324 0.00133645 0.000357194
 0.436128 0.542824 0.0176952 0.00256226 0.000790828
 0.929948 0.033173 0.0355426 0.00112435 0.000211729
 0.647278 0.331571 0.0101759 0.0105801 0.000395286
 0.674287 0.222337 0.0973701 0.00289855 0.00310767
 0.784568 0.152769 0.0431895 0.0183497 0.00112437
 0.796386 0.165002 0.0276337 0.00758097 0.00339784
 0.361331 0.524237 0.0932894 0.0151587 0.00598435
 0.78618 0.0847525 0.106521 0.0184025 0.00414458
 0.674215 0.264491 0.024745 0.0301969 0.0063526
 0.469896 0.374088 0.127443 0.0115771 0.0169955
 0.730778 0.136537 0.094473 0.0312528 0.00695988
 0.731887 0.203987 0.0330241 0.0221837 0.00891798
pobs_pel_tallas
 0 0 0 0 0 0 0 0 0 0 0 0 0 0 0 0 0 0 0 0 0 0 0 0 0 0
 0 0 0 0 0 0 0 0 0 0 0 0 0 0 0 0 0 0 0 0 0 0 0 0 0 0
 0 0 0 0 0 0 0 0 0 0 0 0 0 0 0 0 0 0 0 0 0 0 0 0 0 0
 0 0 0 0 0 0 0 0 0 0 0 0 0 0 0 0 0 0 0 0 0 0 0 0 0 0
 0 0 0 0 0 0 0 0 0 0 0 0 0 0 0 0 0 0 0 0 0 0 0 0 0 0
 0 0 0 0 0 0 0 0 0 0 0 0 0 0 0 0 0 0 0 0 0 0 0 0 0 0
 0 0 0 0 0 0 0 0 0 0 0 0 0 0 0 0 0 0 0 0 0 0 0 0 0 0
 0 0 0 0 0 0 0 0 0 0 0 0 0 0 0 0 0 0 0 0 0 0 0 0 0 0
 0 0 0 0 0 0 0 0 0 0 0 0 0 0 0 0 0 0 0 0 0 0 0 0 0 0
 0 0 0 0 0 0 0 0 0 0 0 0 0 0 0 0 0 0 0 0 0 0 0 0 0 0
 0 0 0 0 0 0 0 0 0 0 0 0 0 0 0 0 0 0 0 0 0 0 0 0 0 0
 0 0 0 0 0 0 0 0 0 0 0 0 0 0 0 0 0 0 0 0 0 0 0 0 0 0
 0.00862536 0 0 0.000197151 0.00414017 0.0128641 0.00837892 0.0270097 0.101434 0.158115 0.152841 0.127902 0.109271 0.109419 0.0830992 0.0579132 0.0238553 0.00714673 0.00463305 0.00128148 0.00103504 0.000492878 0.000147863 0.000147863 4.92878e-05 0
 0 0 0 0 0 0 0 0 0 0 0 0 0 0 0 0 0 0 0 0 0 0 0 0 0 0
 0 0 0 0 0 0 0 0.0054083 0.00873648 0.0413646 0.0450493 0.0745869 0.0622846 0.0627006 0.0613931 0.0827291 0.12552 0.122667 0.0946155 0.0697135 0.0546179 0.0294188 0.0215738 0.0213955 0.0102223 0.00600262
 0 0 0 0 0.00359764 0.0251062 0.0480494 0.140153 0.205849 0.193036 0.1447 0.116669 0.0760912 0.0342217 0.00950174 0.001854 0.000860785 0 0 0 0.000165536 0 0.000143464 0 0 0
 0 0 0 0 0 0 0 0.000145254 0.000435761 0.0275982 0.070085 0.0708112 0.156366 0.174668 0.174014 0.160142 0.0824315 0.0480064 0.0283245 0.00493863 0.00203355 0 0 0 0 0
 0 0 0 0 0 0 0 0 0 0 0 0 0 0 0 0 0 0 0 0 0 0 0 0 0 0
 0 0 1.00437e-05 0.000401748 0.00122533 0.00171747 0.00176769 0.0269171 0.070346 0.194647 0.189555 0.159765 0.064822 0.0314167 0.0384472 0.0292271 0.0345202 0.0313363 0.0194345 0.0106764 0.0143323 0.0359363 0.0279516 0.0138201 0.00172751 0
 0 0.0021121 0.0136068 0.0755702 0.200478 0.177729 0.0527432 0.0373336 0.0318909 0.0142505 0.0149659 0.0166563 0.0217959 0.0798694 0.0677717 0.0528807 0.04013 0.0224614 0.0357745 0.0225083 0.00881397 0.00855152 0.00135912 0.000746735 0 0
 0 0 0 0 5.4009e-05 0.00500934 0.000945158 0.0243581 0.138947 0.33067 0.221406 0.137944 0.0707744 0.0437923 0.0131692 0.00525238 0.0047753 0.00276346 9.45158e-05 9.00151e-06 2.25038e-05 9.00151e-06 4.50075e-06 0 0 0
 0.000866109 0.00284123 0.00948549 0.0512746 0.133035 0.25785 0.225252 0.132002 0.0553304 0.0519788 0.0540692 0.017754 0.00435017 0.00159236 0.00146478 0.000404838 0.000125132 0.000115318 0.000107957 0.000100596 0 0 0 0 0 0
 0 0 0 0 0.00144013 0.00171154 0.00461396 0.0210425 0.0478622 0.0707936 0.0888783 0.103762 0.0637923 0.0337046 0.0602308 0.124433 0.169614 0.0934646 0.0462172 0.0250306 0.0313229 0.00938855 0.002487 0.000210481 0 0
 0 0.00764035 0.051015 0.0998891 0.058973 0.0496711 0.0374665 0.0718981 0.12319 0.153886 0.159021 0.0857701 0.0377988 0.023471 0.0147837 0.00900784 0.00315554 0.000888139 0.00291439 0.00214683 0.00393193 0.00274676 0.000635225 9.99891e-05 0 0
 0 0 0 0 0 0 0 0 0 0 0 0 0 0 0 0 0 0 0 0 0 0 0 0 0 0
 0 0 0 0 0 0 0 0 0 0 0 0 0 0 0 0 0 0 0 0 0 0 0 0 0 0
 0 0 0 0 0 0 0 0 0 0 0 0 0 0 0 0 0 0 0 0 0 0 0 0 0 0
 0 0 0 0 0 0 0 0 0 0 0 0 0 0 0 0 0 0 0 0 0 0 0 0 0 0
ppred_pel_tallas
 1.10909e-16 4.49403e-05 0.000436836 0.00290293 0.0131963 0.0410587 0.0874803 0.127683 0.127696 0.0875439 0.0412735 0.0138224 0.00449592 0.00398493 0.00698988 0.0120218 0.0185614 0.0259337 0.0333828 0.0404061 0.0467752 0.052156 0.0557464 0.0564152 0.0533421 0.0466505
 1.17365e-16 4.07528e-05 0.000396131 0.00263243 0.0119667 0.0372329 0.0793298 0.11579 0.115819 0.0794695 0.0377025 0.0133241 0.00604408 0.00785925 0.0142625 0.0236473 0.0343946 0.0440095 0.0500354 0.0514951 0.0495196 0.0465382 0.044647 0.044421 0.0449061 0.0445166
 1.1309e-16 5.25825e-05 0.000511121 0.00339658 0.0154404 0.0480408 0.102357 0.149397 0.149415 0.102449 0.0483497 0.0163342 0.00564659 0.00544397 0.00948351 0.015761 0.0230946 0.0298893 0.0345622 0.0364236 0.0360619 0.0348388 0.033911 0.0335666 0.0332859 0.0322881
 1.05101e-16 6.50135e-05 0.000631954 0.00419956 0.0190906 0.059398 0.126554 0.184712 0.184726 0.126621 0.0596239 0.0197436 0.00584036 0.00421966 0.00689619 0.0113448 0.0164494 0.0209317 0.0235415 0.0237251 0.0219499 0.0193577 0.0170294 0.0154377 0.0144145 0.0134949
 1.03364e-16 5.83855e-05 0.000567528 0.00377142 0.0171444 0.0533426 0.113653 0.165884 0.165907 0.113765 0.0537181 0.0182291 0.00649471 0.00651365 0.0113546 0.0186885 0.0269388 0.0339263 0.0374712 0.0365728 0.0320007 0.0257588 0.0198707 0.0154314 0.0124757 0.0104611
 1.02452e-16 6.57432e-05 0.000639048 0.0042467 0.0193049 0.0600647 0.127975 0.186786 0.1868 0.128045 0.060301 0.0199877 0.00596247 0.00439022 0.0072064 0.0118526 0.0171679 0.0217975 0.0244001 0.0243465 0.0220682 0.0187169 0.0154263 0.0127663 0.0107121 0.00897067
 1.04314e-16 4.34532e-05 0.00042238 0.00280687 0.0127596 0.0397002 0.0845868 0.123465 0.123502 0.0847699 0.0403151 0.0145359 0.0072662 0.0101593 0.0185421 0.0306018 0.0441186 0.0555641 0.061365 0.0598682 0.0523106 0.0419465 0.0320686 0.0244714 0.019245 0.0155654
 1.09569e-16 4.13427e-05 0.000401866 0.00267054 0.0121399 0.0377719 0.0804781 0.117466 0.117493 0.0806127 0.0382246 0.0134501 0.00596997 0.00763983 0.0138911 0.0231697 0.0340038 0.0440792 0.0510234 0.0536875 0.052703 0.04979 0.0464377 0.043079 0.0392773 0.0344981
 1.11767e-16 4.96573e-05 0.000482686 0.00320762 0.0145814 0.0453683 0.0966626 0.141086 0.141107 0.0967644 0.0457104 0.0155715 0.00569977 0.00594647 0.010496 0.0174588 0.0255872 0.0331249 0.0383221 0.0404118 0.0400273 0.0386324 0.0374376 0.0366852 0.0357564 0.0338221
 1.05815e-16 6.43564e-05 0.000625567 0.00415712 0.0188977 0.0587977 0.125275 0.182846 0.182859 0.125342 0.0590213 0.0195442 0.00578231 0.00418087 0.00683892 0.0112642 0.0163645 0.0208912 0.0236243 0.0240263 0.0225544 0.0203124 0.0183248 0.0170062 0.0161446 0.0152553
 1.01655e-16 7.14614e-05 0.00069463 0.00461606 0.0209839 0.0652889 0.139105 0.20303 0.203041 0.139156 0.0654585 0.0214738 0.00584585 0.00337983 0.00517285 0.00844332 0.0121674 0.0153262 0.0169343 0.0165419 0.0144992 0.0117127 0.00909555 0.00713818 0.00584901 0.00497406
 1.01134e-16 6.5798e-05 0.00063958 0.00425024 0.019321 0.0601148 0.128082 0.186942 0.186959 0.128165 0.0603957 0.0201323 0.0062863 0.00508257 0.00849866 0.0139321 0.0200308 0.0251198 0.0275374 0.0265153 0.0226321 0.0174233 0.0124713 0.00868176 0.0061619 0.00455871
 1.01728e-16 6.1885e-05 0.000601545 0.00399748 0.018172 0.0565398 0.120465 0.175826 0.175846 0.120561 0.0568643 0.0191093 0.00635105 0.00574151 0.00982962 0.0161677 0.0233188 0.0293934 0.0325011 0.031757 0.0277879 0.0222785 0.0169403 0.0127177 0.00968982 0.0074812
 1.02637e-16 5.93259e-05 0.000576669 0.00383217 0.0174205 0.0542018 0.115483 0.168556 0.168577 0.115587 0.0545485 0.0184225 0.00634875 0.00607524 0.0105163 0.0173285 0.025042 0.031668 0.0352115 0.0347391 0.0309076 0.0254704 0.0201822 0.0159705 0.012857 0.0104189
 1.02175e-16 6.67757e-05 0.000649083 0.00431339 0.019608 0.061008 0.129984 0.189719 0.189733 0.130052 0.0612351 0.0202645 0.00596254 0.00425336 0.00692419 0.0113734 0.0164519 0.0208447 0.0232538 0.0230746 0.020735 0.017369 0.0140989 0.0114992 0.0095549 0.00797156
 1.00362e-16 7.87715e-05 0.000765687 0.00508826 0.0231305 0.0719676 0.153335 0.223797 0.223801 0.153352 0.0720253 0.0232974 0.00550712 0.00168015 0.00181573 0.00287769 0.00413912 0.00520765 0.00574177 0.00558523 0.00485464 0.00385781 0.00290763 0.00217681 0.00167733 0.00133341
 1.01041e-16 3.59234e-05 0.000349188 0.00232048 0.0105486 0.0328209 0.0699303 0.102076 0.102128 0.0701854 0.0336772 0.0130207 0.00852115 0.0138694 0.0256666 0.0422525 0.0605743 0.0755655 0.0820865 0.077767 0.0644496 0.047018 0.0305848 0.0181965 0.0103576 0.00599721
 1.01183e-16 7.65986e-05 0.000744566 0.0049479 0.0224924 0.0699824 0.149105 0.217624 0.217627 0.149121 0.0700358 0.0226474 0.00533921 0.0016063 0.00173508 0.00280405 0.0041636 0.00550831 0.00657228 0.00721536 0.00747113 0.00746507 0.00727967 0.00689385 0.00623934 0.00530319
 1.01507e-16 5.33155e-05 0.000518246 0.00344393 0.0156556 0.0487106 0.103784 0.151483 0.151515 0.10394 0.0492337 0.0171658 0.00723206 0.00877866 0.0157146 0.0258255 0.0370354 0.046235 0.050299 0.047798 0.0398737 0.0295128 0.0198194 0.0126087 0.00812288 0.00564113
 1.03684e-16 5.55402e-05 0.00053987 0.00358763 0.0163088 0.050743 0.108114 0.1578 0.157822 0.108219 0.0510967 0.0173317 0.0061598 0.00617067 0.0107953 0.0178775 0.0260221 0.0332893 0.037712 0.0383359 0.0357139 0.0313982 0.0268833 0.0228715 0.0193 0.0158518
 1.03316e-16 6.46238e-05 0.000628167 0.00417439 0.0189762 0.059042 0.125796 0.183606 0.18362 0.125868 0.0592844 0.0196767 0.00593476 0.00447738 0.00739365 0.0121702 0.0176419 0.0224326 0.0251829 0.0252677 0.0231469 0.0200055 0.0169853 0.0146202 0.0128129 0.0111917
 1.02175e-16 6.55973e-05 0.000637629 0.00423727 0.019262 0.0599314 0.127691 0.186372 0.186388 0.127768 0.0601925 0.0200162 0.00613081 0.00477256 0.00792245 0.0130039 0.0187506 0.0236313 0.0261311 0.0255526 0.0224224 0.0181195 0.0140334 0.010913 0.00878133 0.00727413
 1.0536e-16 2.97624e-05 0.000289301 0.00192251 0.00873949 0.0271921 0.0579375 0.084572 0.0846226 0.0581845 0.0280217 0.011136 0.00793947 0.0134289 0.0249973 0.0413124 0.0595872 0.0750923 0.0830088 0.0810917 0.0709754 0.0570033 0.0435775 0.0331088 0.0257544 0.0204752
 1.05643e-16 6.47566e-05 0.000629457 0.00418296 0.0190152 0.0591632 0.126054 0.183981 0.183989 0.126095 0.0593004 0.0194134 0.00518995 0.00285213 0.00435771 0.00728909 0.0109317 0.0146626 0.0178683 0.0202335 0.0218414 0.0229411 0.0236 0.0235757 0.0225119 0.0202569
 1.04886e-16 5.55343e-05 0.000539813 0.00358725 0.0163071 0.0507376 0.108103 0.157785 0.15781 0.108227 0.0511557 0.0175144 0.00661728 0.00715324 0.0126127 0.0207576 0.0298875 0.0375769 0.041407 0.0402987 0.0351741 0.0283448 0.0221211 0.0177154 0.015074 0.0134375
 1.07811e-16 3.87048e-05 0.000376225 0.00250015 0.0113653 0.035362 0.0753437 0.109974 0.11001 0.0755205 0.035956 0.0130825 0.00681621 0.00981697 0.0180233 0.0298782 0.0433709 0.0552371 0.0621491 0.06254 0.0574657 0.0497429 0.0421087 0.0358842 0.0309333 0.0265043
 1.07074e-16 6.01932e-05 0.0005851 0.00388819 0.0176752 0.0549941 0.117171 0.171018 0.171031 0.117236 0.0552126 0.0183081 0.00548313 0.0040876 0.00677325 0.0112632 0.0165981 0.0216728 0.025392 0.027246 0.0275536 0.0271049 0.0265134 0.0258294 0.0246684 0.0226349
 1.0474e-16 6.02846e-05 0.000585988 0.0038941 0.017702 0.0550776 0.117349 0.171279 0.171299 0.117446 0.0554005 0.0186347 0.00623608 0.00570116 0.00978299 0.0161001 0.0232427 0.0293539 0.0325925 0.0321338 0.0286646 0.0239047 0.0195467 0.0164379 0.0144826 0.0130923
pSPR Fmed_Fpbrs
0.493419   0.6 0.325
Fs Fmed_Fpbrs
0.412485   0.287654 0.706979
SSBpbr Bo_Bmed_Bpbrs
1.43513e+06  636364  789321 394660
Ro
135525
SPR SPRFo_SPRFmed_SPRFpbrs
960961 474157 312312
Fref
0.287654
Nvult_r0
 152633 39187.7 6155.49 4106.19 1648.35
CTP_r0
 26224.3 8398.8 1336.67 892.279 358.201
YTP_r0
372974
Np
 227955 67640.9 18049.9 4207.07 837.594
Nvult_p0
 160314 48883.5 13068.3 3046.25 606.487
CTP_p0
 28361.5 10365 2463.67 384.828 328.155
 28361.5 10771.3 2917.26 680.487 135.485
YTP_p0
 454236 473259
CBA_c0
459943
log_Ro
11.6369
likeval ReclasPelacesDesembMPH_pf_preclas_ppelaces_ptallas_desvR_qrecl_qpela
 11.8943 16.5785 0.0328125 0.000820636 209.238 92.8966 74.7855 0 21.6646 6.45583e-06 2.57132e-05 0.1645 7.50263e-16 0 0
q_reclas_q_pelaces
1.4334 2.05736
M
1
N
 166536 35225.3 79554 5514.56 0.218525
 93871.4 51747.2 10378.7 23352.1 1618.47
 90559 25287.9 12637.3 2517.15 6053.87
 142445 24528.9 6220 3087.33 2093.15
 113626 33597.8 5029.81 1262.95 1051.31
 212952 36094.2 10190.5 1520.63 699.532
 82862.3 60682.8 9490.54 2664.36 580.294
 33937.2 16726.8 10140.1 1564.91 534.633
 33336.3 11248 5364.67 3244.65 671.733
 44940.4 8059.66 2382.66 1125.88 821.515
 83263.6 9042.31 1341.02 391.176 319.481
 124327 26912.1 2805.88 414.933 219.855
 103648 27283.8 5019.15 517.344 116.968
 72817 23456.3 5298.52 964.282 121.794
 65086.6 11493.4 2836.27 628.781 128.756
 351192 12892.9 1873.46 456.023 121.708
 70007.4 80578.6 2549.52 366.614 112.991
 569423 18624.2 19356.4 608.057 114.341
 322430 156521 4670.45 4822.81 179.929
 251582 78114.4 33246.1 982.896 1052.3
 348305 62454.1 17132.4 7228.43 442.284
 483729 94169.6 15324.7 4175.27 1868.71
 92332.1 121085 20880.4 3369.09 1328.14
 277564 26805.9 32627.6 5597.01 1258.74
 237208 83381.5 7554.85 9154.42 1923.07
 100799 71200.5 23474.8 2117.39 3103.91
 186333 31417.1 21063 6918.99 1538.62
 217722 54431.2 8534.67 5692.74 2285.23
pred_Ctot
 16581.3 4514.03 10350.9 718.089 0.0284568
 16293.4 11366.9 2312.07 5206.02 360.829
 15476.8 5472.82 2773.76 552.906 1329.82
 33494.1 7192.72 1847.86 917.828 622.291
 9923.56 3786.81 575.71 144.675 120.436
 30978.3 6688.27 1915.88 286.109 131.623
 24805.1 22293.4 3528.52 991.219 215.893
 2143.45 1370.62 844.104 130.379 44.5443
 7473.38 3153 1523.82 922.282 190.945
 13509.6 2972.42 889.28 420.477 306.817
 6458.04 907.046 136.628 39.8874 32.5782
 33057 8856.1 934.984 138.357 73.3119
 26221.9 8570.31 1596.82 164.702 37.2394
 28107.1 10859.8 2478.82 451.37 57.012
 19956.3 4316.72 1077.93 239.119 48.9661
 86785.5 3961.6 583.098 142.03 37.9078
 12578.1 18295.7 587.011 84.473 26.0358
 93178.1 3865.8 4075.26 128.116 24.0921
 71984.4 43704.2 1321.47 1365.54 50.9473
 53390.3 20788.2 8967.17 265.296 284.04
 59839.8 13584.6 3779.36 1595.76 97.6432
 100814 24633.7 4063.16 1107.82 495.841
 12544.5 21001.1 3674.97 593.424 233.945
 32716.7 4050.03 5003.76 859.037 193.201
 28062.8 12643 1162.75 1410.06 296.223
 9866.4 8973.15 3003.88 271.164 397.521
 24716.6 5323.98 3622.21 1190.79 264.815
 26224.3 8398.8 1336.67 892.279 358.201
F
 0.16884 0.222009 0.225751 0.225951 0.225962
 0.311597 0.409722 0.416627 0.416997 0.417017
 0.306149 0.402557 0.409342 0.409705 0.409724
 0.444495 0.58447 0.594321 0.594848 0.594876
 0.14678 0.193003 0.196256 0.19643 0.196439
 0.255405 0.335835 0.341495 0.341798 0.341814
 0.600167 0.789165 0.802465 0.803177 0.803215
 0.104326 0.137179 0.13949 0.139614 0.139621
 0.419776 0.551967 0.561269 0.561768 0.561794
 0.603422 0.793444 0.806817 0.807533 0.807571
 0.129437 0.170197 0.173066 0.173219 0.173227
 0.516625 0.679315 0.690764 0.691377 0.691409
 0.485862 0.638864 0.649631 0.650208 0.650238
 0.846179 1.11265 1.1314 1.1324 1.13246
 0.619043 0.813985 0.827703 0.828438 0.828477
 0.472101 0.620769 0.631231 0.631792 0.631821
 0.324137 0.42621 0.433393 0.433778 0.433798
 0.291433 0.383208 0.389667 0.390013 0.390031
 0.41771 0.549251 0.558508 0.559004 0.55903
 0.393336 0.5172 0.525917 0.526384 0.526409
 0.307982 0.404969 0.411794 0.41216 0.412179
 0.385036 0.506287 0.51482 0.515277 0.515301
 0.23677 0.311331 0.316578 0.316859 0.316874
 0.202623 0.266431 0.270922 0.271162 0.271175
 0.203436 0.267499 0.272007 0.272249 0.272262
 0.165778 0.217983 0.221657 0.221854 0.221864
 0.230598 0.303215 0.308325 0.308599 0.308613
 0.207457 0.272787 0.277384 0.27763 0.277643
YTP_r0W_actual
 217662 100786 22188.6 21771.6 10566.9
YTP_p0W_proyectada
 212427 162420 56984.6 11302.4 11101.5
 212427 168786 67476.2 19985.9 4583.46
CTP_r0_actual
 26224.3 8398.8 1336.67 892.279 358.201
CTP_p0_proyectada
 28361.5 10365 2463.67 384.828 328.155
 28361.5 10771.3 2917.26 680.487 135.485
Wmedp
 7.49 15.67 23.13 29.37 33.83
Frms_r0
 0.207457 0.272787 0.277384 0.27763 0.277643
Zrms_r0
 1.20746 1.27279 1.27738 1.27763 1.27764
nmprior
 8.19 8.8 8.5 0
nm_flota  nm_reclas  nm_pelaces    nm_pelaL
inf 11.8117 15.1448 15.1448
cv_recla  cv_pelaces  cv_mph
0.335683 0.52085 0.884058
 ------------------------------------------------
Talla a la edad & desviaci?n 
 8 13.2811 15.8009 17.003 17.5766
 0.8 1.32811 1.58009 1.7003 1.75766
