years
 1991 1992 1993 1994 1995 1996 1997 1998 1999 2000 2001 2002 2003 2004 2005 2006 2007 2008 2009 2010 2011 2012 2013 2014 2015 2016 2017 2018 2019 2020 2021
reclasobs
 0 0 0 0 0 0 0 0 0 252601 567819 844713 477998 351125 339783 2.1784e+06 2.13404e+06 4.81314e+06 1.55562e+06 2.62356e+06 3.21686e+06 3.843e+06 1.13348e+06 3.07943e+06 1.97215e+06 2.03268e+06 2.025e+06 2.42433e+06 2.27542e+06 1.05018e+06 2.36338e+06
reclaspred
 4.35606e+06 2.86163e+06 2.01259e+06 2.08977e+06 2.16439e+06 2.48236e+06 2.07594e+06 2.91925e+06 3.05293e+06 3.24219e+06 2.37441e+06 2.38736e+06 2.20263e+06 2.06246e+06 2.12877e+06 2.17346e+06 2.26669e+06 2.62354e+06 1.51392e+06 1.1173e+06 1.78846e+06 1.12397e+06 1.41187e+06 2.1198e+06 1.87405e+06 2.25632e+06 2.42737e+06 2.03212e+06 2.43222e+06 2.53959e+06 2.77342e+06
pelacesobs
 0 0 0 0 0 0 0 0 0 0 0 0 0 0 0 552880 188675 0 991730 2.46772e+06 1.41603e+06 1.21717e+06 2.29649e+06 1.80582e+06 0 1.4828e+06 1.56532e+06 1.57751e+06 1.42118e+06 867257 1.10002e+06
pelacespred
 2.21594e+06 1.50375e+06 1.01957e+06 909611 1.01748e+06 1.15017e+06 978880 1.50965e+06 1.67205e+06 1.66055e+06 1.36015e+06 1.14602e+06 1.11378e+06 1.13788e+06 1.1798e+06 1.03331e+06 1.03448e+06 1.13725e+06 746097 485827 705257 497455 650900 1.0427e+06 938272 1.10092e+06 1.31556e+06 1.16712e+06 1.10832e+06 1.23414e+06 1.39883e+06
mphobs
 0 0 0 0 0 0 0 0 0 0 0 498337 0 5186 125008 0 168611 109162 213762 579715 649985 157893 87575 83554 0 0 0 0 0 0 0
mphpred
 4.3189e+06 2.87415e+06 1.93856e+06 1.54154e+06 1.71497e+06 1.84426e+06 1.88391e+06 1.72231e+06 2.41792e+06 2.75618e+06 2.21609e+06 2.00076e+06 1.82e+06 1.60616e+06 1.54644e+06 1.91273e+06 1.65428e+06 2.05617e+06 1.54773e+06 921085 1.09085e+06 1.13453e+06 786404 1.33805e+06 1.70769e+06 1.49676e+06 1.88519e+06 1.67861e+06 1.93073e+06 1.90356e+06 2.11542e+06
desembarqueobs
 494567 514787 250237 358949 120608 361735 552515 73892 212993 205616 52469 317467 293654 387597 252695 516296 358380 742168 942051 627588 828172 859565 418607 520667 417249 300574 415391 372974 316634 284311 391294
desembarquepred
 494488 505278 260690 358709 120536 361485 552098 73849.5 212898 205534 52441.3 317386 293569 387513 252595 516009 358101 740920 938923 625743 826360 856996 418163 520233 416915 300379 415108 372669 316433 284172 391086
Reclutas
 320089 320089 320089 320089 320089 320089 320089 320089 320089 320089 320089 320089 320089 320089 320089 320089 320089 320089 320089 320089 320089 320089 320089 320089 320089 320089 320089 320089 320089 320089 320089
log_desv_Rt
 0 0 0 0 0 0 0 0 0 0 0 0 0 0 0 0 0 0 0 0 0 0 0 0 0 0 0 0 0 0 0
SSB
 4.3189e+06 2.87415e+06 1.93856e+06 1.54154e+06 1.71497e+06 1.84426e+06 1.88391e+06 1.72231e+06 2.41792e+06 2.75618e+06 2.21609e+06 2.00076e+06 1.82e+06 1.60616e+06 1.54644e+06 1.91273e+06 1.65428e+06 2.05617e+06 1.54773e+06 921085 1.09085e+06 1.13453e+06 786404 1.33805e+06 1.70769e+06 1.49676e+06 1.88519e+06 1.67861e+06 1.93073e+06 1.90356e+06 2.11542e+06
BT
 5.92482e+06 4.39251e+06 2.8323e+06 2.84898e+06 2.82997e+06 3.62106e+06 3.13326e+06 5.00583e+06 5.17249e+06 4.7063e+06 3.72974e+06 3.38812e+06 3.42786e+06 3.95585e+06 3.99246e+06 3.28668e+06 3.30081e+06 3.82986e+06 3.17283e+06 2.03807e+06 2.93934e+06 2.28639e+06 2.5974e+06 3.93413e+06 2.96871e+06 3.71294e+06 4.47904e+06 4.00997e+06 3.27126e+06 3.84068e+06 4.5208e+06
Ftot
 0.107975 0.167124 0.123063 0.162625 0.0532215 0.138255 0.25004 0.0242334 0.0665994 0.0605453 0.021159 0.126306 0.12665 0.177949 0.112971 0.223722 0.149915 0.265107 0.566207 0.515442 0.428215 0.687398 0.278722 0.231601 0.209954 0.126587 0.162136 0.173796 0.123637 0.106522 0.133963
BD_Bspro_t
 0.982872 0.886875 0.803957 0.78889 0.791269 0.836749 0.804117 0.752388 0.85965 0.889981 0.892722 0.914656 0.858149 0.817469 0.801098 0.814951 0.74053 0.772821 0.659423 0.509913 0.501069 0.493009 0.437293 0.601622 0.681932 0.701999 0.780679 0.780788 0.797349 0.798371 0.822614
BD_Bspro
 1.88765 1.2562 0.847283 0.673758 0.749558 0.806066 0.823395 0.752764 1.05679 1.20464 0.968581 0.874468 0.795465 0.702002 0.675897 0.835992 0.723033 0.898685 0.676463 0.402576 0.476776 0.495867 0.343712 0.584817 0.746377 0.654185 0.823954 0.733668 0.843858 0.831984 0.92458
BD_Bo
 1.71673 1.14245 0.770563 0.61275 0.681687 0.733078 0.748838 0.684602 0.961102 1.09556 0.880877 0.795286 0.723436 0.638437 0.614695 0.760294 0.657563 0.81731 0.61521 0.366124 0.433604 0.450967 0.312589 0.531862 0.678793 0.59495 0.749345 0.667235 0.767448 0.756649 0.84086
BD_Brms
 7.28748 4.84968 3.27102 2.60111 2.89374 3.1119 3.1788 2.90612 4.07986 4.65063 3.73931 3.37597 3.07097 2.71015 2.60937 3.22743 2.79134 3.46947 2.61155 1.55419 1.84064 1.91434 1.32693 2.25774 2.88146 2.52555 3.18096 2.8324 3.2578 3.21196 3.56943
Sel_flota
 0.5 1 1 1 1
 0.5 1 1 1 1
 0.5 1 1 1 1
 0.5 1 1 1 1
 0.5 1 1 1 1
 0.5 1 1 1 1
 0.5 1 1 1 1
 0.5 1 1 1 1
 0.5 1 1 1 1
 0.5 1 1 1 1
 0.5 1 1 1 1
 0.5 1 1 1 1
 0.5 1 1 1 1
 0.5 1 1 1 1
 0.5 1 1 1 1
 0.5 1 1 1 1
 0.5 1 1 1 1
 0.5 1 1 1 1
 0.5 1 1 1 1
 0.5 1 1 1 1
 0.5 1 1 1 1
 0.5 1 1 1 1
 0.5 1 1 1 1
 0.5 1 1 1 1
 0.5 1 1 1 1
 0.5 1 1 1 1
 0.5 1 1 1 1
 0.5 1 1 1 1
 0.5 1 1 1 1
 0.5 1 1 1 1
 0.5 1 1 1 1
Sel_reclas
 0.5 1 1 1 1
 0.5 1 1 1 1
 0.5 1 1 1 1
 0.5 1 1 1 1
 0.5 1 1 1 1
 0.5 1 1 1 1
 0.5 1 1 1 1
 0.5 1 1 1 1
 0.5 1 1 1 1
 0.5 1 1 1 1
 0.5 1 1 1 1
 0.5 1 1 1 1
 0.5 1 1 1 1
 0.5 1 1 1 1
 0.5 1 1 1 1
 0.5 1 1 1 1
 0.5 1 1 1 1
 0.5 1 1 1 1
 0.5 1 1 1 1
 0.5 1 1 1 1
 0.5 1 1 1 1
 0.5 1 1 1 1
 0.5 1 1 1 1
 0.5 1 1 1 1
 0.5 1 1 1 1
 0.5 1 1 1 1
 0.5 1 1 1 1
 0.5 1 1 1 1
 0.5 1 1 1 1
 0.5 1 1 1 1
 0.5 1 1 1 1
Sel_pelaces
 0.5 1 1 1 1
 0.5 1 1 1 1
 0.5 1 1 1 1
 0.5 1 1 1 1
 0.5 1 1 1 1
 0.5 1 1 1 1
 0.5 1 1 1 1
 0.5 1 1 1 1
 0.5 1 1 1 1
 0.5 1 1 1 1
 0.5 1 1 1 1
 0.5 1 1 1 1
 0.5 1 1 1 1
 0.5 1 1 1 1
 0.5 1 1 1 1
 0.5 1 1 1 1
 0.5 1 1 1 1
 0.5 1 1 1 1
 0.5 1 1 1 1
 0.5 1 1 1 1
 0.5 1 1 1 1
 0.5 1 1 1 1
 0.5 1 1 1 1
 0.5 1 1 1 1
 0.5 1 1 1 1
 0.5 1 1 1 1
 0.5 1 1 1 1
 0.5 1 1 1 1
 0.5 1 1 1 1
 0.5 1 1 1 1
 0.5 1 1 1 1
pf_obs 
 0.8446 0.082 0.0669 0.0065 0
 0.8095 0.147 0.0364 0.0071 0
 0.9664 0.0169 0.016 0.0007 0
 0.9276 0.0648 0.0075 0.0001 0
 0.7033 0.2144 0.0806 0.0017 0
 0.9318 0.0425 0.0243 0.0014 0
 0.5671 0.3108 0.0964 0.0239 0.0018
 0.0768 0.2599 0.5324 0.112 0.0189
 0.490249 0.384438 0.106611 0.0170017 0.00170017
 0.7925 0.1577 0.0466 0.003 0.0002
 0.840416 0.127587 0.0312969 0.00059994 9.999e-05
 0.8084 0.0986 0.0794 0.0134 0.0002
 0.7335 0.1905 0.0724 0.0035 0.0001
 0.4001 0.4547 0.1325 0.0127 0
 0.49795 0.308269 0.164784 0.0264974 0.00249975
 0.9179 0.0499 0.0305 0.0017 0
 0.2467 0.6533 0.0926 0.0074 0
 0.9418 0.0223 0.034 0.0019 0
 0.707729 0.231977 0.0356964 0.0245975 0
 0.517169 0.277429 0.184464 0.0207286 0.00020938
 0.811772 0.124168 0.05621 0.00726502 0.000585176
 0.764997 0.148141 0.077277 0.00933861 0.000247198
 0.163321 0.427699 0.378323 0.0303852 0.000271297
 0.753843 0.0900009 0.118128 0.0371064 0.000921714
 0.721811 0.176058 0.0630433 0.0369309 0.00215725
 0.143369 0.312575 0.442814 0.0836902 0.0175525
 0.692698 0.0596174 0.167031 0.0765114 0.00414204
 0.394062 0.376323 0.152708 0.0712218 0.00568511
 0.125707 0.32114 0.495352 0.0537591 0.00404204
 0.23352 0.215282 0.420074 0.123614 0.00750983
 0.774587 0.0839891 0.0768558 0.0609784 0.00358967
pf_pred 
 0.424902 0.0504425 0.418869 0.0246229 0.0811629
 0.472725 0.318483 0.0183134 0.152072 0.038406
 0.497477 0.328278 0.105247 0.00605191 0.0629463
 0.501193 0.335425 0.10673 0.0342182 0.0224328
 0.502764 0.337281 0.107563 0.0342258 0.0181666
 0.491283 0.342142 0.11299 0.0360338 0.0175516
 0.505726 0.330166 0.110372 0.0364497 0.0172862
 0.515723 0.333169 0.100938 0.0337427 0.016428
 0.487523 0.349526 0.112106 0.0339638 0.0168816
 0.484254 0.340328 0.119641 0.0383731 0.0174041
 0.480197 0.341266 0.117812 0.0414163 0.0193085
 0.478248 0.339261 0.119811 0.0413613 0.0213192
 0.493412 0.332069 0.113478 0.0400752 0.0209657
 0.501154 0.333778 0.108202 0.0369759 0.0198897
 0.508085 0.334149 0.105561 0.03422 0.0179844
 0.506137 0.336361 0.106989 0.0337988 0.0167149
 0.518337 0.33071 0.102811 0.032702 0.0154399
 0.516842 0.334482 0.102081 0.031735 0.0148601
 0.547233 0.316218 0.0945304 0.0288498 0.0131685
 0.596676 0.299291 0.0726578 0.0217203 0.00965459
 0.597513 0.31233 0.0669024 0.0162416 0.00701343
 0.596741 0.311216 0.0714258 0.0152997 0.00531813
 0.614256 0.303047 0.063821 0.0146473 0.0042281
 0.559535 0.341745 0.0775564 0.0163332 0.00483062
 0.538014 0.337866 0.0963018 0.0218549 0.00596384
 0.524713 0.338674 0.0999092 0.0284771 0.0082262
 0.510293 0.340947 0.106002 0.0312706 0.0114878
 0.511679 0.335072 0.106696 0.0331722 0.0133808
 0.511335 0.33626 0.104576 0.0333 0.0145293
 0.502914 0.340297 0.107889 0.0335534 0.015346
 0.499061 0.33871 0.111059 0.0352107 0.0159588
pobs_RECLAS
 0 0 0 0 0
 0 0 0 0 0
 0 0 0 0 0
 0 0 0 0 0
 0 0 0 0 0
 0 0 0 0 0
 0 0 0 0 0
 0 0 0 0 0
 0 0 0 0 0
 0 0 0 0 0
 0.991045 0.00858322 0.000360255 1.14367e-05 0
 0.934742 0.0480273 0.0164251 0.00080598 0
 0.827803 0.169806 0.00239088 0 0
 0.941827 0.0461693 0.0120037 0 0
 0.791401 0.0380133 0.147996 0.0225897 0
 0.846168 0.0940531 0.0597789 0 0
 0.134021 0.677848 0.182769 0.00536245 0
 0.80878 0.0450904 0.141981 0.00414843 0
 0.846168 0.0940531 0.0597789 0 0
 0.905697 0.0802665 0.012482 0.00150086 5.37128e-05
 0.989698 0.0102097 9.19794e-05 0 0
 0.975433 0.0193895 0.00387452 0.00125025 5.28907e-05
 0.303575 0.632131 0.0575291 0.00676475 0
 0.966965 0.00978017 0.0227588 0.000495775 0
 0.843318 0.132988 0.00938335 0.0141283 0.000182051
 0.564624 0.303363 0.111486 0.0197234 0.00080311
 0.826376 0.0876187 0.0782897 0.00655872 0.00115652
 0.89761 0.0855135 0.0140674 0.00269457 0.000114338
 0.34875 0.467042 0.161289 0.0227151 0.000203297
 0.318654 0.224769 0.449479 0.00709798 0
 0.937255 0.0296025 0.0250945 0.00804832 0
ppred_RECLAS
 0.426069 0.0503402 0.41802 0.024573 0.0809983
 0.474639 0.317327 0.0182469 0.151521 0.0382666
 0.49885 0.327381 0.10496 0.00603537 0.0627743
 0.503055 0.334173 0.106332 0.0340905 0.0223491
 0.503331 0.336897 0.10744 0.0341868 0.0181459
 0.49284 0.341094 0.112644 0.0359235 0.0174979
 0.508748 0.328147 0.109697 0.0362269 0.0171805
 0.515975 0.332995 0.100885 0.0337251 0.0164195
 0.488238 0.349039 0.111949 0.0339164 0.016858
 0.484901 0.339901 0.119491 0.038325 0.0173822
 0.480417 0.341122 0.117762 0.0413987 0.0193003
 0.479657 0.338344 0.119487 0.0412495 0.0212615
 0.494828 0.33114 0.113161 0.0399632 0.0209071
 0.503211 0.332402 0.107756 0.0368234 0.0198077
 0.509337 0.333299 0.105292 0.0341329 0.0179386
 0.508798 0.334548 0.106412 0.0336167 0.0166249
 0.520037 0.329543 0.102448 0.0325866 0.0153854
 0.520071 0.332247 0.101399 0.0315229 0.0147607
 0.555276 0.310601 0.0928511 0.0283373 0.0129346
 0.603601 0.294152 0.0714102 0.0213474 0.00948882
 0.60301 0.308064 0.0659886 0.0160198 0.00691764
 0.606761 0.303483 0.069651 0.0149195 0.00518599
 0.617499 0.300499 0.0632845 0.0145241 0.00419255
 0.562262 0.339629 0.0770761 0.0162321 0.00480071
 0.540475 0.336066 0.0957887 0.0217385 0.00593206
 0.526125 0.337668 0.0996123 0.0283925 0.00820176
 0.512148 0.339656 0.1056 0.0311522 0.0114443
 0.513682 0.333697 0.106258 0.0330362 0.0133259
 0.512714 0.335311 0.104281 0.033206 0.0144883
 0.50409 0.339493 0.107634 0.033474 0.0153097
 0.500566 0.337692 0.110726 0.0351049 0.0159108
pobs_PELACES
 0 0 0 0 0
 0 0 0 0 0
 0 0 0 0 0
 0 0 0 0 0
 0 0 0 0 0
 0 0 0 0 0
 0 0 0 0 0
 0 0 0 0 0
 0 0 0 0 0
 0 0 0 0 0
 0 0 0 0 0
 0 0 0 0 0
 0 0 0 0 0
 0 0 0 0 0
 0 0 0 0 0
 0 0 0 0 0
 0.505614 0.472636 0.0217494 0 0
 0 0 0 0 0
 0.443492 0.261883 0.143347 0.151278 0
 0.227955 0.32914 0.350689 0.0885471 0.00366901
 0.970185 0.0296113 0.000203453 0 0
 0.997202 0.00247181 0.000326279 0 0
 0.445219 0.490057 0.0546422 0.010081 0
 0.90214 0.0892962 0.00764917 0.000914606 0
 0 0 0 0 0
 0.581667 0.319106 0.0959925 0.00289975 0.000334073
 0.762889 0.0836404 0.116647 0.0363945 0.000428098
 0.88444 0.0763242 0.0277011 0.0115352 0
 0.521256 0.241999 0.230069 0.00667565 0
 0.616807 0.101726 0.260614 0.0208532 0
 0.833518 0.0704572 0.0857862 0.0102388 0
ppred_PELACES
 0.430431 0.0499575 0.414843 0.0243862 0.0803827
 0.481519 0.313171 0.0180079 0.149536 0.0377655
 0.503926 0.324065 0.103896 0.00597424 0.0621385
 0.509762 0.329663 0.104897 0.0336303 0.0220475
 0.505526 0.335408 0.106965 0.0340357 0.0180657
 0.498543 0.337259 0.111378 0.0355196 0.0173011
 0.519054 0.321263 0.107396 0.0354669 0.0168201
 0.516974 0.332308 0.100677 0.0336555 0.0163856
 0.490984 0.347166 0.111349 0.0337344 0.0167676
 0.487396 0.338255 0.118912 0.0381393 0.017298
 0.481289 0.34055 0.117565 0.0413293 0.0192679
 0.484861 0.334961 0.118293 0.040837 0.0210489
 0.500052 0.327716 0.111991 0.0395499 0.0206909
 0.51055 0.327492 0.106164 0.0362795 0.0195151
 0.513995 0.330135 0.104293 0.0338089 0.0177683
 0.518019 0.328268 0.104415 0.0329856 0.0163128
 0.526207 0.325306 0.101131 0.0321676 0.0151876
 0.530978 0.324696 0.0990943 0.0308065 0.0144253
 0.578212 0.294582 0.0880625 0.0268759 0.0122675
 0.623761 0.279193 0.0677785 0.0202617 0.00900625
 0.619795 0.295039 0.0631986 0.0153425 0.00662516
 0.633471 0.282869 0.06492 0.0139062 0.00483373
 0.628302 0.292013 0.0614973 0.014114 0.00407415
 0.571644 0.33235 0.0754242 0.0158842 0.00469781
 0.549066 0.329783 0.0939979 0.0213321 0.00582116
 0.53133 0.333959 0.0985183 0.0280807 0.00811168
 0.518829 0.335004 0.104154 0.0307255 0.0112875
 0.520843 0.328784 0.104694 0.0325497 0.0131297
 0.517809 0.331805 0.103191 0.0328588 0.0143368
 0.508483 0.336485 0.10668 0.0331775 0.0151741
 0.506092 0.333956 0.109501 0.0347165 0.0157348
pobs_pel_tallas
 0 0 0 0 0 0 0 0 0 0 0 0 0 0 0 0 0 0 0 0 0 0 0 0 0 0
 0 0 0 0 0 0 0 0 0 0 0 0 0 0 0 0 0 0 0 0 0 0 0 0 0 0
 0 0 0 0 0 0 0 0 0 0 0 0 0 0 0 0 0 0 0 0 0 0 0 0 0 0
 0 0 0 0 0 0 0 0 0 0 0 0 0 0 0 0 0 0 0 0 0 0 0 0 0 0
 0 0 0 0 0 0 0 0 0 0 0 0 0 0 0 0 0 0 0 0 0 0 0 0 0 0
 0 0 0 0 0 0 0 0 0 0 0 0 0 0 0 0 0 0 0 0 0 0 0 0 0 0
 0 0 0 0 0 0 0 0 0 0 0 0 0 0 0 0 0 0 0 0 0 0 0 0 0 0
 0 0 0 0 0 0 0 0 0 0 0 0 0 0 0 0 0 0 0 0 0 0 0 0 0 0
 0 0 0 0 0 0 0 0 0 0 0 0 0 0 0 0 0 0 0 0 0 0 0 0 0 0
 0 0 0 0 0 0 0 0 0 0 0 0 0 0 0 0 0 0 0 0 0 0 0 0 0 0
 0 0 0 0 0 0 0 0 0 0 0 0 0 0 0 0 0 0 0 0 0 0 0 0 0 0
 0 0 0 0 0 0 0 0 0 0 0 0 0 0 0 0 0 0 0 0 0 0 0 0 0 0
 0.00862536 0 0 0.000197151 0.00414017 0.0128641 0.00837892 0.0270097 0.101434 0.158115 0.152841 0.127902 0.109271 0.109419 0.0830992 0.0579132 0.0238553 0.00714673 0.00463305 0.00128148 0.00103504 0.000492878 0.000147863 0.000147863 4.92878e-05 0
 0 0 0 0 0 0 0 0 0 0 0 0 0 0 0 0 0 0 0 0 0 0 0 0 0 0
 0 0 0 0 0 0 0 0.0054083 0.00873648 0.0413646 0.0450493 0.0745869 0.0622846 0.0627006 0.0613931 0.0827291 0.12552 0.122667 0.0946155 0.0697135 0.0546179 0.0294188 0.0215738 0.0213955 0.0102223 0.00600262
 0 0 0 0 0.00359764 0.0251062 0.0480494 0.140153 0.205849 0.193036 0.1447 0.116669 0.0760912 0.0342217 0.00950174 0.001854 0.000860785 0 0 0 0.000165536 0 0.000143464 0 0 0
 0 0 0 0 0 0 0 0.000145254 0.000435761 0.0275982 0.070085 0.0708112 0.156366 0.174668 0.174014 0.160142 0.0824315 0.0480064 0.0283245 0.00493863 0.00203355 0 0 0 0 0
 0 0 0 0 0 0 0 0 0 0 0 0 0 0 0 0 0 0 0 0 0 0 0 0 0 0
 0 0 1.00437e-05 0.000401748 0.00122533 0.00171747 0.00176769 0.0269171 0.070346 0.194647 0.189555 0.159765 0.064822 0.0314167 0.0384472 0.0292271 0.0345202 0.0313363 0.0194345 0.0106764 0.0143323 0.0359363 0.0279516 0.0138201 0.00172751 0
 0 0.0021121 0.0136068 0.0755702 0.200478 0.177729 0.0527432 0.0373336 0.0318909 0.0142505 0.0149659 0.0166563 0.0217959 0.0798694 0.0677717 0.0528807 0.04013 0.0224614 0.0357745 0.0225083 0.00881397 0.00855152 0.00135912 0.000746735 0 0
 0 0 0 0 5.4009e-05 0.00500934 0.000945158 0.0243581 0.138947 0.33067 0.221406 0.137944 0.0707744 0.0437923 0.0131692 0.00525238 0.0047753 0.00276346 9.45158e-05 9.00151e-06 2.25038e-05 9.00151e-06 4.50075e-06 0 0 0
 0.000866109 0.00284123 0.00948549 0.0512746 0.133035 0.25785 0.225252 0.132002 0.0553304 0.0519788 0.0540692 0.017754 0.00435017 0.00159236 0.00146478 0.000404838 0.000125132 0.000115318 0.000107957 0.000100596 0 0 0 0 0 0
 0 0 0 0 0.00144013 0.00171154 0.00461396 0.0210425 0.0478622 0.0707936 0.0888783 0.103762 0.0637923 0.0337046 0.0602308 0.124433 0.169614 0.0934646 0.0462172 0.0250306 0.0313229 0.00938855 0.002487 0.000210481 0 0
 0 0.00764035 0.051015 0.0998891 0.058973 0.0496711 0.0374665 0.0718981 0.12319 0.153886 0.159021 0.0857701 0.0377988 0.023471 0.0147837 0.00900784 0.00315554 0.000888139 0.00291439 0.00214683 0.00393193 0.00274676 0.000635225 9.99891e-05 0 0
 0 0 0 0 0 0 0 0 0 0 0 0 0 0 0 0 0 0 0 0 0 0 0 0 0 0
 0 0 0 0 0 0 0 0 0 0 0 0 0 0 0 0 0 0 0 0 0 0 0 0 0 0
 0 0 0 0 0 0 0 0 0 0 0 0 0 0 0 0 0 0 0 0 0 0 0 0 0 0
 0 0 0 0 0 0 0 0 0 0 0 0 0 0 0 0 0 0 0 0 0 0 0 0 0 0
 0 0 0 0 0 0 0 0 0 0 0 0 0 0 0 0 0 0 0 0 0 0 0 0 0 0
 0 0 0 0 0 0 0 0 0 0 0 0 0 0 0 0 0 0 0 0 0 0 0 0 0 0
 0 0 0 0 0 0 0 0 0 0 0 0 0 0 0 0 0 0 0 0 0 0 0 0 0 0
ppred_pel_tallas
 1.28033e-16 3.5454e-05 0.000344626 0.00229016 0.0104107 0.0323917 0.0690141 0.100729 0.100735 0.0690411 0.0324843 0.0106867 0.00301464 0.00203128 0.00354746 0.0066166 0.0114191 0.0183259 0.0276483 0.0394323 0.0531154 0.067218 0.0794179 0.0872001 0.0888218 0.0840283
 1.21988e-16 3.96622e-05 0.00038553 0.00256199 0.0116464 0.0362366 0.0772069 0.112692 0.112722 0.0773545 0.0367322 0.0130783 0.00615792 0.00824213 0.0149836 0.0247784 0.0358855 0.0456156 0.0513521 0.052126 0.0493178 0.0457843 0.0440439 0.0448776 0.0471984 0.0489802
 1.14196e-16 4.15078e-05 0.00040347 0.0026812 0.0121884 0.0379228 0.0807996 0.117936 0.117967 0.0809528 0.0384373 0.0136759 0.00642001 0.00858205 0.0156239 0.0258962 0.0376164 0.0479835 0.0541767 0.0549373 0.0513067 0.0458447 0.0409736 0.0377522 0.0358039 0.0340767
 1.10216e-16 4.19885e-05 0.000408143 0.00271226 0.0123295 0.038362 0.0817354 0.119302 0.119334 0.0818912 0.0388854 0.0138428 0.00651569 0.00872803 0.0158933 0.0263416 0.0382581 0.0487848 0.0550334 0.0556881 0.0517528 0.0457617 0.0401155 0.0358709 0.0327049 0.029707
 1.09644e-16 4.16396e-05 0.000404751 0.00268972 0.0122271 0.0380432 0.0810562 0.118311 0.118343 0.0812147 0.0385757 0.0137666 0.00655926 0.00886908 0.0161675 0.026796 0.0389132 0.0496077 0.0559338 0.0565422 0.0524428 0.0462047 0.0402694 0.035725 0.032272 0.0290242
 1.09791e-16 4.10644e-05 0.000399161 0.00265256 0.0120582 0.0375177 0.0799366 0.116677 0.116709 0.080096 0.0380533 0.0136067 0.00654489 0.00891432 0.0162667 0.0269691 0.039182 0.0499864 0.0564265 0.0571471 0.0531544 0.047011 0.0411434 0.0366188 0.0331219 0.0297664
 1.09585e-16 4.27538e-05 0.000415583 0.00276169 0.0125543 0.0390612 0.0832252 0.121476 0.121507 0.083377 0.0395715 0.0140295 0.00647005 0.00852873 0.0155037 0.0257022 0.0373499 0.0476683 0.0538473 0.0546 0.0508855 0.045139 0.0396591 0.0354449 0.032178 0.0290013
 1.09139e-16 4.25825e-05 0.000413917 0.00275063 0.012504 0.0389047 0.0828917 0.12099 0.121022 0.0830487 0.0394321 0.0140287 0.00658243 0.00879434 0.0160046 0.0265134 0.0384783 0.0490025 0.055157 0.055601 0.0513438 0.0449543 0.0388868 0.0342555 0.0307878 0.02761
 1.09523e-16 4.04417e-05 0.000393108 0.00261234 0.0118754 0.0369488 0.0787246 0.114908 0.114941 0.0788887 0.0375 0.0134688 0.00661752 0.00915405 0.0167312 0.0277335 0.0402723 0.0513334 0.0578626 0.0584562 0.0541505 0.0475977 0.0413249 0.0364688 0.0327413 0.0292544
 1.10271e-16 4.01463e-05 0.000390236 0.00259326 0.0117886 0.0366788 0.0781494 0.114068 0.114101 0.0783093 0.0372163 0.0133425 0.00649988 0.0089386 0.0163347 0.0270986 0.0394051 0.0503437 0.0569653 0.0579162 0.0541928 0.0483289 0.0427042 0.0383335 0.0348628 0.0313979
 1.10886e-16 3.96432e-05 0.000385346 0.00256076 0.0116409 0.0362192 0.0771701 0.112639 0.112672 0.0773311 0.0367603 0.0132052 0.00649349 0.00899066 0.0164423 0.0272774 0.039664 0.0506744 0.0573449 0.0583229 0.054626 0.0488198 0.0433066 0.0390989 0.0358118 0.0325033
 1.11157e-16 3.99374e-05 0.000388206 0.00257977 0.0117273 0.0364881 0.0777429 0.113475 0.113507 0.0779013 0.0370203 0.0132663 0.00644903 0.00885541 0.0161816 0.0268495 0.0390559 0.0499276 0.0565574 0.0576202 0.0541162 0.0485592 0.0432944 0.0392942 0.0361584 0.0329451
 1.10784e-16 4.11887e-05 0.000400369 0.0026606 0.0120947 0.0376313 0.0801786 0.11703 0.117061 0.0803335 0.0381519 0.0136 0.00644481 0.00868053 0.0158236 0.0262449 0.03816 0.0487487 0.0551607 0.0560984 0.0525489 0.0469906 0.0417437 0.0377834 0.0347303 0.0316585
 1.10089e-16 4.20534e-05 0.000408774 0.00271645 0.0123486 0.0384212 0.0818617 0.119486 0.119518 0.0820165 0.0389413 0.0138521 0.00649566 0.00867627 0.0157952 0.0261831 0.0380383 0.0485263 0.054782 0.055499 0.0516688 0.0457949 0.0402419 0.0360397 0.0328562 0.0297899
 1.09492e-16 4.23371e-05 0.000411532 0.00273478 0.0124319 0.0386805 0.082414 0.120292 0.120324 0.08257 0.0392046 0.0139471 0.00654316 0.00874188 0.0159123 0.0263693 0.0382898 0.0488058 0.0550167 0.0555951 0.0515379 0.0453785 0.0395261 0.0350557 0.0316729 0.0285014
 1.09166e-16 4.26686e-05 0.000414754 0.00275619 0.0125293 0.0389833 0.0830593 0.121234 0.121266 0.0832144 0.0395045 0.0140359 0.00654315 0.00869829 0.0158236 0.0262216 0.0380753 0.0485315 0.0547036 0.0552674 0.0512079 0.0450383 0.0391509 0.0346183 0.0311593 0.0279205
 1.08798e-16 4.33431e-05 0.00042131 0.00279976 0.0127273 0.0395995 0.0843721 0.12315 0.123182 0.0845258 0.0401159 0.0142201 0.00655162 0.00862741 0.0156748 0.0259682 0.0376951 0.0480214 0.0540803 0.0545562 0.0504273 0.044194 0.038244 0.0336597 0.0301789 0.0269642
 1.08474e-16 4.3736e-05 0.000425129 0.00282514 0.0128427 0.0399585 0.085137 0.124266 0.124298 0.0852904 0.0404739 0.0143324 0.00656915 0.00861346 0.0156396 0.0259044 0.0375914 0.0478653 0.0538586 0.0542534 0.0500265 0.0436816 0.0376172 0.0329341 0.02939 0.0261619
 1.07388e-16 4.76266e-05 0.000462948 0.00307645 0.0139851 0.043513 0.0927102 0.135319 0.135348 0.0928494 0.0439805 0.0153364 0.00647242 0.00788953 0.0141909 0.0234877 0.0340728 0.0433619 0.0487469 0.0490277 0.0450912 0.0392165 0.0335947 0.0292436 0.0259616 0.0230139
 1.05584e-16 5.13784e-05 0.000499416 0.0033188 0.0150868 0.0469408 0.100013 0.145978 0.146005 0.100145 0.0473833 0.0163656 0.00653114 0.00752008 0.0134088 0.0221494 0.0320515 0.0406231 0.0453545 0.0450904 0.0406932 0.0343964 0.0283938 0.0237783 0.0204565 0.0177657
 1.0456e-16 5.10518e-05 0.000496241 0.0032977 0.0149909 0.0466424 0.0993775 0.14505 0.145079 0.0995167 0.0471097 0.0163411 0.00668864 0.00790455 0.0141381 0.0233377 0.0337205 0.0426293 0.0473838 0.046743 0.0416207 0.0344142 0.0275128 0.0221632 0.0183532 0.0154381
 1.04159e-16 5.21782e-05 0.000507191 0.00337046 0.0153217 0.0476715 0.10157 0.14825 0.148278 0.101704 0.0481197 0.0166166 0.00662292 0.00761386 0.0135682 0.0223986 0.0323782 0.040962 0.0455823 0.0450446 0.0402096 0.0333511 0.0267335 0.0215358 0.0177508 0.0147873
 1.03955e-16 5.17524e-05 0.000503052 0.00334296 0.0151966 0.0472825 0.100741 0.147041 0.147069 0.100879 0.0477449 0.0165328 0.00669852 0.00783359 0.0139894 0.0230865 0.0333477 0.0421362 0.0467914 0.046077 0.0408922 0.0336101 0.0266054 0.0211316 0.0172038 0.0142116
 1.0465e-16 4.70856e-05 0.000457689 0.00304151 0.0138263 0.0430188 0.0916573 0.133783 0.133815 0.0918141 0.0435453 0.0153476 0.0068625 0.00880633 0.0159243 0.0263081 0.0380253 0.0480937 0.0534937 0.0528184 0.0470782 0.038947 0.0310919 0.0249089 0.0204015 0.0168856
 1.05922e-16 4.52259e-05 0.000439612 0.00292138 0.0132802 0.0413197 0.0880372 0.1285 0.128531 0.088193 0.0418428 0.0147921 0.00672027 0.00874511 0.0158556 0.026237 0.0380159 0.0482777 0.0540664 0.0540019 0.0490539 0.0417816 0.0346909 0.0290207 0.0246746 0.0209563
 1.07118e-16 4.3765e-05 0.000425411 0.00282701 0.0128512 0.039985 0.0851935 0.124349 0.124381 0.0853512 0.0405149 0.0143829 0.00667592 0.00884171 0.0160694 0.026606 0.0385799 0.0490579 0.0550676 0.0552304 0.0505364 0.0435652 0.0368157 0.0314805 0.02739 0.0237778
 1.08083e-16 4.27353e-05 0.000415403 0.0027605 0.0125488 0.0390443 0.0831892 0.121424 0.121456 0.0833475 0.0395761 0.014086 0.00662375 0.00886472 0.0161362 0.0267316 0.0387935 0.0493967 0.0555774 0.0559658 0.0515546 0.0449105 0.0384984 0.0334598 0.0295709 0.0260255
 1.08592e-16 4.29012e-05 0.000417015 0.00277121 0.0125975 0.0391958 0.083512 0.121895 0.121927 0.0836674 0.0397178 0.0141066 0.00656395 0.00871302 0.015847 0.0262584 0.0381241 0.0485825 0.0547364 0.055251 0.051104 0.0448059 0.0387534 0.0340327 0.0303863 0.0269916
 1.08785e-16 4.26513e-05 0.000414586 0.00275507 0.0125242 0.0389675 0.0830256 0.121185 0.121217 0.0831824 0.0394942 0.0140468 0.00658184 0.00878447 0.015986 0.0264856 0.0384452 0.0489739 0.0551461 0.0556172 0.0513823 0.0449894 0.0388734 0.0341415 0.0305333 0.0272045
 1.0906e-16 4.18831e-05 0.000407119 0.00270545 0.0122986 0.0382657 0.0815303 0.119003 0.119035 0.0816893 0.0387999 0.0138429 0.00658695 0.00889721 0.0162157 0.0268723 0.0390158 0.0497197 0.056021 0.0565575 0.0523349 0.045928 0.039793 0.0350397 0.0313955 0.0280035
 1.0939e-16 4.16862e-05 0.000405205 0.00269273 0.0122408 0.0380858 0.0811469 0.118443 0.118475 0.0813048 0.0386161 0.013774 0.00654655 0.00883581 0.0161053 0.0266975 0.0387813 0.049462 0.0558085 0.0564745 0.0524541 0.046286 0.0403795 0.0358027 0.0322579 0.0288818
pSPR Fmed_Fpbrs
0.785513   0.285572 0.285572
Fs Fmed_Fpbrs
0.150003   1.005 1.005
SSBpbr Bo_Bmed_Bpbrs
2.51578e+06  1.85038e+06  592647 592647
Ro
320089
SPR SPRFo_SPRFmed_SPRFpbrs
2.28798e+06 1.79723e+06 653383
Fref
1.005
Nvult_r0
 209964 75723.7 24829 7871.87 3567.83
CTP_r0
 13180.8 8945.76 2933.22 929.957 421.491
YTP_r0
391086
Np
 320089 110125 35923 11778.8 4935.93
Nvult_p0
 248846 95295.8 31085.6 10192.6 4271.26
CTP_p0
 83224.7 47766.7 15581.5 5109.02 2140.95
YTP_p0
 1.98365e+06
CBA_c0
868857
log_Ro
12.4964
likeval ReclasPelacesDesembMPH_pf_preclas_ppelaces_ptallas_desvR_qrecl_qpela
 125.047 53.5574 10.3379 0.00378952 276.011 157.42 107.924 0 0 0 0 50.8702 0 0 0
q_reclas_q_pelaces
1 1
M
1
N
 320089 19426.7 161318 9482.95 31258
 320089 111566 6415.23 53271.5 13453.8
 320089 108314 34726 1996.81 20769
 320089 110727 35232.7 11295.8 7405.3
 320089 108558 34620.4 11016 5847.15
 320089 114662 37866.5 12076 5882.08
 320089 109889 36735.2 12131.6 5753.38
 320089 103916 31482.5 10524.4 5123.92
 320089 116336 37313.2 11304.5 5618.86
 320089 113898 40040.2 12842.3 5824.62
 320089 114243 39439 13864.6 6463.75
 320089 116515 41147.7 14205 7321.81
 320089 110548 37777.5 13341.3 6979.62
 320089 110529 35830.4 12244.4 6586.35
 320089 107730 34032.9 11032.5 5798.16
 320089 111287 35398 11182.6 5530.25
 320089 105292 32733.3 10411.7 4915.8
 320089 109250 33342.2 10365.4 4853.67
 320089 103136 30831.5 9409.47 4294.97
 320089 88721 21538.4 6438.71 2861.98
 320089 91001.8 19493 4732.23 2043.46
 320089 95058.5 21816.5 4673.18 1624.38
 320089 83504.6 17585.9 4036.05 1165.05
 320089 102436 23247.1 4895.78 1447.95
 320089 104878 29893.4 6784.08 1851.26
 320089 106020 31275.8 8914.55 2575.15
 320089 110532 34364.9 10137.7 3724.24
 320089 108585 34576.4 10749.9 4336.25
 320089 107954 33573.4 10690.7 4664.51
 320089 110695 35095.2 10914.6 4991.9
 320089 111647 36607.8 11606.2 5260.39
pred_Ctot
 10681 1268 10529.3 618.96 2040.23
 16331.6 11002.9 632.686 5253.76 1326.84
 12135.6 8008.12 2567.43 147.632 1535.53
 15906.7 10645.6 3387.36 1086 711.964
 5324.87 3572.21 1139.22 362.492 192.406
 13591.1 9465.2 3125.83 996.86 485.558
 24022.7 15683.3 5242.83 1731.41 821.119
 2439.26 1575.82 477.413 159.596 77.7011
 6644.85 4763.98 1527.98 462.92 230.093
 6048.42 4250.76 1494.34 479.287 217.38
 2131.17 1514.58 522.863 183.81 85.6933
 12447.1 8829.77 3118.26 1076.49 554.863
 12480.1 8399.16 2870.25 1013.64 530.296
 17350.8 11556 3746.14 1280.17 688.615
 11163.7 7341.94 2319.39 751.884 395.153
 21610.1 14361.3 4568.02 1443.08 713.664
 14701.9 9380.16 2916.11 927.549 437.933
 25392.1 16432.9 5015.17 1559.12 730.066
 51049 29498.7 8818.34 2691.28 1228.44
 46942.6 23546.3 5716.24 1708.81 759.56
 39684.1 20743.5 4443.35 1078.69 465.8
 60515 31560.2 7243.23 1551.53 539.308
 26622.3 13134.3 2766.05 634.823 183.249
 22335.1 13641.5 3095.84 651.977 192.825
 20337.4 12771.6 3640.3 826.137 225.439
 12474.1 8051.34 2375.15 676.989 195.562
 15860.5 10597 3294.67 971.929 357.054
 16960.4 11106.4 3536.59 1099.54 443.527
 12190.8 8016.83 2493.23 793.911 346.395
 10540.4 7132.19 2261.21 703.234 321.632
 13180.8 8945.76 2933.22 929.957 421.491
F
 0.0539873 0.107975 0.107975 0.107975 0.107975
 0.0835618 0.167124 0.167124 0.167124 0.167124
 0.0615313 0.123063 0.123063 0.123063 0.123063
 0.0813123 0.162625 0.162625 0.162625 0.162625
 0.0266107 0.0532215 0.0532215 0.0532215 0.0532215
 0.0691276 0.138255 0.138255 0.138255 0.138255
 0.12502 0.25004 0.25004 0.25004 0.25004
 0.0121167 0.0242334 0.0242334 0.0242334 0.0242334
 0.0332997 0.0665994 0.0665994 0.0665994 0.0665994
 0.0302727 0.0605453 0.0605453 0.0605453 0.0605453
 0.0105795 0.021159 0.021159 0.021159 0.021159
 0.063153 0.126306 0.126306 0.126306 0.126306
 0.0633248 0.12665 0.12665 0.12665 0.12665
 0.0889744 0.177949 0.177949 0.177949 0.177949
 0.0564853 0.112971 0.112971 0.112971 0.112971
 0.111861 0.223722 0.223722 0.223722 0.223722
 0.0749575 0.149915 0.149915 0.149915 0.149915
 0.132553 0.265107 0.265107 0.265107 0.265107
 0.283104 0.566207 0.566207 0.566207 0.566207
 0.257721 0.515442 0.515442 0.515442 0.515442
 0.214107 0.428215 0.428215 0.428215 0.428215
 0.343699 0.687398 0.687398 0.687398 0.687398
 0.139361 0.278722 0.278722 0.278722 0.278722
 0.1158 0.231601 0.231601 0.231601 0.231601
 0.104977 0.209954 0.209954 0.209954 0.209954
 0.0632934 0.126587 0.126587 0.126587 0.126587
 0.0810682 0.162136 0.162136 0.162136 0.162136
 0.0868982 0.173796 0.173796 0.173796 0.173796
 0.0618186 0.123637 0.123637 0.123637 0.123637
 0.0532608 0.106522 0.106522 0.106522 0.106522
 0.0669813 0.133963 0.133963 0.133963 0.133963
YTP_r0W_actual
 112037 145816 84770 32362.5 16101
YTP_p0W_proyectada
 625850 770000 364296 150716 72792.5
CTP_r0_actual
 13180.8 8945.76 2933.22 929.957 421.491
CTP_p0_proyectada
 83224.7 47766.7 15581.5 5109.02 2140.95
Wmedp
 7.52 16.12 23.38 29.5 34
Frms_r0
 0.0669813 0.133963 0.133963 0.133963 0.133963
Zrms_r0
 1.06698 1.13396 1.13396 1.13396 1.13396
nmprior
 8.19 8.8 8.5 0
nm_flota  nm_reclas  nm_pelaces    nm_pelaL
inf 3.77854 7.20258 13.0237
cv_recla  cv_pelaces  cv_mph
1.01149 0.829816 1.89976
 ------------------------------------------------
Talla a la edad & desviaci?n 
 8 13.2811 15.8009 17.003 17.5766
 0.8 1.32811 1.58009 1.7003 1.75766
