years
 1991 1992 1993 1994 1995 1996 1997 1998 1999 2000 2001 2002 2003 2004 2005 2006 2007 2008 2009 2010 2011 2012 2013 2014 2015 2016 2017 2018 2019
reclasobs
 0 0 0 0 0 0 0 0 0 252601 567819 844713 477998 351125 339783 2.1784e+06 2.13404e+06 4.81314e+06 1.55562e+06 2.62356e+06 3.21686e+06 3.843e+06 1.13348e+06 3.07943e+06 1.97215e+06 2.03268e+06 2.025e+06 2.42433e+06 2.27542e+06
reclaspred
 3.20817e+06 1.79945e+06 908337 894313 881889 1.4098e+06 881503 775617 567284 414532 490335 636868 628108 489348 493845 1.31581e+06 1.273e+06 2.87933e+06 2.37443e+06 1.76381e+06 3.12081e+06 2.53926e+06 2.01048e+06 3.10118e+06 2.3362e+06 2.07654e+06 2.51868e+06 2.49454e+06 2.03988e+06
pelacesobs
 0 0 0 0 0 0 0 0 0 0 0 0 0 0 0 552880 188675 0 991730 2.46772e+06 1.41603e+06 1.21717e+06 2.29649e+06 1.80582e+06 0 1.4828e+06 1.56532e+06 1.57751e+06 1.42118e+06
pelacespred
 1.67725e+06 1.0462e+06 528683 424987 437472 721353 416034 455049 319872 221298 271229 294487 319432 262089 271904 603303 585078 1.5239e+06 1.29802e+06 895698 1.53199e+06 1.35274e+06 1.06836e+06 1.80304e+06 1.30972e+06 1.16073e+06 1.60516e+06 1.57026e+06 1.05578e+06
mphobs
 0 0 0 0 0 0 0 0 0 0 0 498337 0 5186 125008 0 168611 109162 213762 579715 649985 157893 87575 83554 0 0 0 0 0
mphpred
 3.17806e+06 2.12537e+06 1.05988e+06 575860 618199 695644 924876 568884 503783 346653 230124 381014 412014 349119 236276 298847 995733 946546 1.87755e+06 1.41831e+06 1.5107e+06 1.86785e+06 1.77622e+06 1.46094e+06 2.0369e+06 1.68606e+06 1.39587e+06 1.52374e+06 1.95843e+06
desembarqueobs
 494567 514787 250237 358949 120608 361735 552515 73892 212993 205616 52469 317467 293654 387597 252695 516296 358380 742168 942051 627588 828172 859565 418607 520667 417249 300574 415391 372974 316634
desembarquepred
 494574 513538 250844 358978 120613 361747 552556 73896.3 213041 205659 52471.6 317531 293703 387631 252689 516258 358402 742072 941849 627455 828233 859576 418615 520689 417247 300573 415385 372953 316627
Reclutas
 198021 112960 110362 182625 145642 255581 105087 47055.9 45236.5 60661.4 113206 150073 124858 87404.6 86804.8 478892 100891 735299 423951 325018 482522 647670 133876 400620 340028 153834 354544 349818 116407
log_desv_Rt
 0.0991227 -0.462219 -0.485485 0.0181851 -0.208094 0.354291 -0.534456 -1.33791 -1.37734 -1.08394 -0.460041 -0.178129 -0.362069 -0.718701 -0.725587 0.982225 -0.575209 1.41103 0.860368 0.594631 0.989777 1.28413 -0.292336 0.803764 0.639778 -0.153373 0.681584 0.668165 -0.432152
SSB
 3.17806e+06 2.12537e+06 1.05988e+06 575860 618199 695644 924876 568884 503783 346653 230124 381014 412014 349119 236276 298847 995733 946546 1.87755e+06 1.41831e+06 1.5107e+06 1.86785e+06 1.77622e+06 1.46094e+06 2.0369e+06 1.68606e+06 1.39587e+06 1.52374e+06 1.95843e+06
BT
 4.28466e+06 2.9199e+06 1.4681e+06 1.28167e+06 1.10388e+06 1.97214e+06 1.45361e+06 1.11432e+06 948924 708849 670670 945169 1.00356e+06 1.00806e+06 880477 1.809e+06 1.62872e+06 4.1695e+06 3.8986e+06 2.628e+06 4.20662e+06 3.92022e+06 2.82823e+06 4.64223e+06 3.4037e+06 2.94241e+06 4.12492e+06 3.99708e+06 2.69683e+06
Ftot
 0.13251 0.241294 0.235421 0.357227 0.122047 0.234723 0.524603 0.0847254 0.329717 0.431424 0.100937 0.442711 0.413998 0.688537 0.469091 0.373918 0.244209 0.242734 0.349348 0.315036 0.24016 0.303595 0.180421 0.156013 0.158274 0.127564 0.152637 0.138567 0.132833
BD_Bspro_t
 0.979022 0.846818 0.68784 0.59727 0.584242 0.65803 0.650817 0.485216 0.541283 0.498617 0.467028 0.675248 0.561312 0.472575 0.365401 0.423426 0.60279 0.577776 0.673362 0.57862 0.548966 0.59779 0.613295 0.605559 0.708888 0.717826 0.726182 0.763082 0.792319
BD_Bspro
 2.49353 1.66757 0.831585 0.451824 0.485043 0.545806 0.725664 0.446349 0.395271 0.271986 0.180557 0.298946 0.323269 0.273921 0.185384 0.234477 0.781258 0.742666 1.47313 1.11282 1.1853 1.46553 1.39363 1.14626 1.59816 1.32289 1.09521 1.19553 1.5366
BD_Bo
 1.64474 1.09994 0.548516 0.298024 0.319936 0.360015 0.47865 0.294413 0.260722 0.179403 0.119096 0.197185 0.213229 0.180679 0.12228 0.154662 0.51532 0.489865 0.971684 0.734016 0.781828 0.966666 0.919244 0.756078 1.05415 0.872583 0.722403 0.788578 1.01354
BD_Brms
 10.6013 7.08976 3.53552 1.92095 2.06218 2.32052 3.08519 1.89767 1.68051 1.15636 0.767644 1.27098 1.37439 1.16459 0.788167 0.996888 3.32155 3.15747 6.26309 4.73118 5.03935 6.23075 5.92508 4.87338 6.79465 5.62433 4.65633 5.08286 6.5329
Sel_flota
 0.829528 1 1 1 1
 0.829528 1 1 1 1
 0.829528 1 1 1 1
 0.829528 1 1 1 1
 0.829528 1 1 1 1
 0.829528 1 1 1 1
 0.829528 1 1 1 1
 0.829528 1 1 1 1
 0.829528 1 1 1 1
 0.829528 1 1 1 1
 0.829528 1 1 1 1
 0.829528 1 1 1 1
 0.829528 1 1 1 1
 0.829528 1 1 1 1
 0.829528 1 1 1 1
 0.829528 1 1 1 1
 0.829528 1 1 1 1
 0.829528 1 1 1 1
 0.829528 1 1 1 1
 0.829528 1 1 1 1
 0.829528 1 1 1 1
 0.829528 1 1 1 1
 0.829528 1 1 1 1
 0.829528 1 1 1 1
 0.829528 1 1 1 1
 0.829528 1 1 1 1
 0.829528 1 1 1 1
 0.829528 1 1 1 1
 0.829528 1 1 1 1
Sel_reclas
 1 1 1 1 1
 1 1 1 1 1
 1 1 1 1 1
 1 1 1 1 1
 1 1 1 1 1
 1 1 1 1 1
 1 1 1 1 1
 1 1 1 1 1
 1 1 1 1 1
 1 1 1 1 1
 1 1 1 1 1
 1 1 1 1 1
 1 1 1 1 1
 1 1 1 1 1
 1 1 1 1 1
 1 1 1 1 1
 1 1 1 1 1
 1 1 1 1 1
 1 1 1 1 1
 1 1 1 1 1
 1 1 1 1 1
 1 1 1 1 1
 1 1 1 1 1
 1 1 1 1 1
 1 1 1 1 1
 1 1 1 1 1
 1 1 1 1 1
 1 1 1 1 1
 1 1 1 1 1
Sel_pelaces
 1 1 1 1 1
 1 1 1 1 1
 1 1 1 1 1
 1 1 1 1 1
 1 1 1 1 1
 1 1 1 1 1
 1 1 1 1 1
 1 1 1 1 1
 1 1 1 1 1
 1 1 1 1 1
 1 1 1 1 1
 1 1 1 1 1
 1 1 1 1 1
 1 1 1 1 1
 1 1 1 1 1
 1 1 1 1 1
 1 1 1 1 1
 1 1 1 1 1
 1 1 1 1 1
 1 1 1 1 1
 1 1 1 1 1
 1 1 1 1 1
 1 1 1 1 1
 1 1 1 1 1
 1 1 1 1 1
 1 1 1 1 1
 1 1 1 1 1
 1 1 1 1 1
 1 1 1 1 1
pf_obs 
 0.8446 0.082 0.0669 0.0065 0
 0.8095 0.147 0.0364 0.0071 0
 0.9664 0.0169 0.016 0.0007 0
 0.9276 0.0648 0.0075 0.0001 0
 0.7033 0.2144 0.0806 0.0017 0
 0.9318 0.0425 0.0243 0.0014 0
 0.5671 0.3108 0.0964 0.0239 0.0018
 0.0768 0.2599 0.5324 0.112 0.0189
 0.490249 0.384438 0.106611 0.0170017 0.00170017
 0.7925 0.1577 0.0466 0.003 0.0002
 0.840416 0.127587 0.0312969 0.00059994 9.999e-05
 0.8084 0.0986 0.0794 0.0134 0.0002
 0.7335 0.1905 0.0724 0.0035 0.0001
 0.4001 0.4547 0.1325 0.0127 0
 0.49795 0.308269 0.164784 0.0264974 0.00249975
 0.9179 0.0499 0.0305 0.0017 0
 0.2467 0.6533 0.0926 0.0074 0
 0.9418 0.0223 0.034 0.0019 0
 0.707729 0.231977 0.0356964 0.0245975 0
 0.517169 0.277429 0.184464 0.0207286 0.00020938
 0.811772 0.124168 0.05621 0.00726502 0.000585176
 0.764997 0.148141 0.077277 0.00933861 0.000247198
 0.163321 0.427699 0.378323 0.0303852 0.000271297
 0.753843 0.0900009 0.118128 0.0371064 0.000921714
 0.721811 0.176058 0.0630433 0.0369309 0.00215725
 0.143369 0.312575 0.442814 0.0836902 0.0175525
 0.692698 0.0596174 0.167031 0.0765114 0.00414204
 0.394062 0.376323 0.152708 0.0712218 0.00568511
 0.125707 0.32114 0.495352 0.0537591 0.00404204
pf_pred 
 0.454082 0.123951 0.397937 0.0240287 7.95624e-07
 0.423852 0.290389 0.0648818 0.208299 0.0125782
 0.565642 0.206824 0.114681 0.0256233 0.0872296
 0.741233 0.159549 0.0472439 0.0261961 0.0257785
 0.656002 0.268943 0.0462769 0.013703 0.0150752
 0.756821 0.170093 0.0571392 0.00983193 0.00611418
 0.48047 0.41225 0.0750377 0.0252073 0.00703473
 0.459168 0.292554 0.19701 0.0358598 0.0154082
 0.547036 0.230071 0.12057 0.0811937 0.021129
 0.710815 0.1738 0.0586067 0.0307131 0.026065
 0.820882 0.135427 0.0262581 0.00885441 0.00857814
 0.739448 0.220961 0.0299341 0.00580396 0.00385321
 0.685183 0.24613 0.0582501 0.0078913 0.00254585
 0.629977 0.271071 0.0773626 0.018309 0.00328057
 0.737858 0.180477 0.0598259 0.0170741 0.00476486
 0.936296 0.0497468 0.00960904 0.00318527 0.00116276
 0.384533 0.583773 0.0247502 0.00478072 0.00216325
 0.899146 0.0439456 0.0539782 0.00228851 0.000642069
 0.598766 0.367846 0.0145482 0.0178695 0.000970172
 0.605666 0.256705 0.126176 0.00499025 0.00646229
 0.743724 0.168289 0.0572782 0.0281535 0.00255538
 0.746716 0.198046 0.0362732 0.0123458 0.00661903
 0.322955 0.531967 0.113438 0.0207768 0.0108628
 0.745293 0.094075 0.126212 0.0269137 0.00750665
 0.632598 0.287244 0.0296058 0.0397195 0.0108322
 0.443263 0.377673 0.139997 0.0144292 0.0246378
 0.742142 0.127113 0.0886935 0.032877 0.00917458
 0.665101 0.260864 0.0364961 0.0254653 0.0120737
 0.375674 0.442191 0.141872 0.0198485 0.0204157
pobs_RECLAS
 0 0 0 0 0
 0 0 0 0 0
 0 0 0 0 0
 0 0 0 0 0
 0 0 0 0 0
 0 0 0 0 0
 0 0 0 0 0
 0 0 0 0 0
 0 0 0 0 0
 0 0 0 0 0
 0.991045 0.00858322 0.000360255 1.14367e-05 0
 0.934742 0.0480273 0.0164251 0.00080598 0
 0.827803 0.169806 0.00239088 0 0
 0.941827 0.0461693 0.0120037 0 0
 0.791401 0.0380133 0.147996 0.0225897 0
 0.846168 0.0940531 0.0597789 0 0
 0.134021 0.677848 0.182769 0.00536245 0
 0.80878 0.0450904 0.141981 0.00414843 0
 0.846168 0.0940531 0.0597789 0 0
 0.905697 0.0802665 0.012482 0.00150086 5.37128e-05
 0.989698 0.0102097 9.19794e-05 0 0
 0.975433 0.0193895 0.00387452 0.00125025 5.28907e-05
 0.303575 0.632131 0.0575291 0.00676475 0
 0.966965 0.00978017 0.0227588 0.000495775 0
 0.843318 0.132988 0.00938335 0.0141283 0.000182051
 0.564624 0.303363 0.111486 0.0197234 0.00080311
 0.826376 0.0876187 0.0782897 0.00655872 0.00115652
 0.89761 0.0855135 0.0140674 0.00269457 0.000114338
 0.34875 0.467042 0.161289 0.0227151 0.000203297
ppred_RECLAS
 0.501194 0.113254 0.363596 0.0219551 7.26963e-07
 0.471033 0.266609 0.0595686 0.191242 0.0115482
 0.611818 0.184837 0.10249 0.0228994 0.0779564
 0.776577 0.137757 0.040791 0.0226181 0.0222575
 0.697267 0.236681 0.0407257 0.0120593 0.0132668
 0.790209 0.14674 0.0492943 0.00848205 0.00527473
 0.529811 0.373098 0.0679113 0.0228134 0.00636663
 0.506119 0.267156 0.179907 0.0327467 0.0140705
 0.594242 0.206094 0.108005 0.0727319 0.018927
 0.749233 0.150711 0.0508209 0.0266329 0.0226022
 0.846936 0.115728 0.0224387 0.00756648 0.00733039
 0.775313 0.190545 0.0258137 0.00500505 0.00332281
 0.725609 0.214524 0.0507702 0.00687798 0.00221893
 0.675747 0.237541 0.0677933 0.0160443 0.00287478
 0.773989 0.155602 0.0515799 0.0147207 0.00410811
 0.946925 0.0414469 0.00800583 0.00265383 0.000968758
 0.430622 0.540057 0.0228968 0.00442272 0.00200125
 0.915195 0.0369525 0.0453886 0.00192434 0.000539896
 0.644189 0.326203 0.0129013 0.0158466 0.000860342
 0.650591 0.22746 0.111801 0.00442172 0.00572606
 0.778402 0.145517 0.0495277 0.024344 0.00220961
 0.781331 0.17098 0.031316 0.0106586 0.00571445
 0.365771 0.498327 0.106264 0.0194629 0.0101758
 0.779549 0.0814226 0.109237 0.023294 0.00649706
 0.675419 0.253766 0.0261553 0.0350902 0.00956974
 0.490239 0.345806 0.128184 0.0132117 0.022559
 0.776685 0.110085 0.0768121 0.0284728 0.00794556
 0.705822 0.229145 0.0320584 0.0223689 0.0106056
 0.420924 0.410141 0.131589 0.0184099 0.018936
pobs_PELACES
 0 0 0 0 0
 0 0 0 0 0
 0 0 0 0 0
 0 0 0 0 0
 0 0 0 0 0
 0 0 0 0 0
 0 0 0 0 0
 0 0 0 0 0
 0 0 0 0 0
 0 0 0 0 0
 0 0 0 0 0
 0 0 0 0 0
 0 0 0 0 0
 0 0 0 0 0
 0 0 0 0 0
 0 0 0 0 0
 0.505614 0.472636 0.0217494 0 0
 0 0 0 0 0
 0.443492 0.261883 0.143347 0.151278 0
 0.227955 0.32914 0.350689 0.0885471 0.00366901
 0.970185 0.0296113 0.000203453 0 0
 0.997202 0.00247181 0.000326279 0 0
 0.445219 0.490057 0.0546422 0.010081 0
 0.90214 0.0892962 0.00764917 0.000914606 0
 0 0 0 0 0
 0.581667 0.319106 0.0959925 0.00289975 0.000334073
 0.762889 0.0836404 0.116647 0.0363945 0.000428098
 0.88444 0.0763242 0.0277011 0.0115352 0
 0.521256 0.241999 0.230069 0.00667565 0
ppred_PELACES
 0.503057 0.112831 0.362238 0.0218731 7.24247e-07
 0.474416 0.264903 0.0591876 0.190018 0.0114743
 0.614958 0.183342 0.10166 0.0227141 0.0773257
 0.780044 0.135619 0.040158 0.0222671 0.0219121
 0.698714 0.23555 0.040531 0.0120016 0.0132034
 0.792389 0.145215 0.0487819 0.00839389 0.0052199
 0.537155 0.36727 0.0668504 0.022457 0.00626717
 0.50731 0.266512 0.179473 0.0326677 0.0140366
 0.598707 0.203826 0.106816 0.0719317 0.0187188
 0.753765 0.147987 0.0499023 0.0261515 0.0221937
 0.847671 0.115173 0.022331 0.00753016 0.0072952
 0.779622 0.186891 0.0253187 0.00490907 0.00325909
 0.730221 0.210918 0.0499168 0.00676236 0.00218163
 0.684176 0.231366 0.066031 0.0156272 0.00280005
 0.778572 0.152447 0.050534 0.0144222 0.00402481
 0.947972 0.040629 0.00784786 0.00260146 0.000949642
 0.433994 0.536859 0.0227612 0.00439653 0.0019894
 0.916249 0.0364933 0.0448246 0.00190043 0.000533187
 0.648681 0.322085 0.0127384 0.0156465 0.000849481
 0.654609 0.224844 0.110516 0.00437088 0.00566021
 0.780723 0.143993 0.0490088 0.0240889 0.00218646
 0.784235 0.168709 0.0309001 0.0105171 0.00563856
 0.368128 0.496474 0.105869 0.0193905 0.010138
 0.781053 0.0808669 0.108492 0.023135 0.00645272
 0.677368 0.252242 0.0259982 0.0348795 0.00951228
 0.492033 0.34459 0.127733 0.0131653 0.0224796
 0.778171 0.109352 0.0763011 0.0282834 0.00789269
 0.707438 0.227886 0.0318823 0.022246 0.0105474
 0.422747 0.40885 0.131175 0.0183519 0.0188764
pobs_pel_tallas
 0 0 0 0 0 0 0 0 0 0 0 0 0 0 0 0 0 0 0 0 0 0 0 0 0 0
 0 0 0 0 0 0 0 0 0 0 0 0 0 0 0 0 0 0 0 0 0 0 0 0 0 0
 0 0 0 0 0 0 0 0 0 0 0 0 0 0 0 0 0 0 0 0 0 0 0 0 0 0
 0 0 0 0 0 0 0 0 0 0 0 0 0 0 0 0 0 0 0 0 0 0 0 0 0 0
 0 0 0 0 0 0 0 0 0 0 0 0 0 0 0 0 0 0 0 0 0 0 0 0 0 0
 0 0 0 0 0 0 0 0 0 0 0 0 0 0 0 0 0 0 0 0 0 0 0 0 0 0
 0 0 0 0 0 0 0 0 0 0 0 0 0 0 0 0 0 0 0 0 0 0 0 0 0 0
 0 0 0 0 0 0 0 0 0 0 0 0 0 0 0 0 0 0 0 0 0 0 0 0 0 0
 0 0 0 0 0 0 0 0 0 0 0 0 0 0 0 0 0 0 0 0 0 0 0 0 0 0
 0 0 0 0 0 0 0 0 0 0 0 0 0 0 0 0 0 0 0 0 0 0 0 0 0 0
 0 0 0 0 0 0 0 0 0 0 0 0 0 0 0 0 0 0 0 0 0 0 0 0 0 0
 0 0 0 0 0 0 0 0 0 0 0 0 0 0 0 0 0 0 0 0 0 0 0 0 0 0
 0.00862536 0 0 0.000197151 0.00414017 0.0128641 0.00837892 0.0270097 0.101434 0.158115 0.152841 0.127902 0.109271 0.109419 0.0830992 0.0579132 0.0238553 0.00714673 0.00463305 0.00128148 0.00103504 0.000492878 0.000147863 0.000147863 4.92878e-05 0
 0 0 0 0 0 0 0 0 0 0 0 0 0 0 0 0 0 0 0 0 0 0 0 0 0 0
 0 0 0 0 0 0 0 0.0054083 0.00873648 0.0413646 0.0450493 0.0745869 0.0622846 0.0627006 0.0613931 0.0827291 0.12552 0.122667 0.0946155 0.0697135 0.0546179 0.0294188 0.0215738 0.0213955 0.0102223 0.00600262
 0 0 0 0 0.00359764 0.0251062 0.0480494 0.140153 0.205849 0.193036 0.1447 0.116669 0.0760912 0.0342217 0.00950174 0.001854 0.000860785 0 0 0 0.000165536 0 0.000143464 0 0 0
 0 0 0 0 0 0 0 0.000145254 0.000435761 0.0275982 0.070085 0.0708112 0.156366 0.174668 0.174014 0.160142 0.0824315 0.0480064 0.0283245 0.00493863 0.00203355 0 0 0 0 0
 0 0 0 0 0 0 0 0 0 0 0 0 0 0 0 0 0 0 0 0 0 0 0 0 0 0
 0 0 1.00437e-05 0.000401748 0.00122533 0.00171747 0.00176769 0.0269171 0.070346 0.194647 0.189555 0.159765 0.064822 0.0314167 0.0384472 0.0292271 0.0345202 0.0313363 0.0194345 0.0106764 0.0143323 0.0359363 0.0279516 0.0138201 0.00172751 0
 0 0.0021121 0.0136068 0.0755702 0.200478 0.177729 0.0527432 0.0373336 0.0318909 0.0142505 0.0149659 0.0166563 0.0217959 0.0798694 0.0677717 0.0528807 0.04013 0.0224614 0.0357745 0.0225083 0.00881397 0.00855152 0.00135912 0.000746735 0 0
 0 0 0 0 5.4009e-05 0.00500934 0.000945158 0.0243581 0.138947 0.33067 0.221406 0.137944 0.0707744 0.0437923 0.0131692 0.00525238 0.0047753 0.00276346 9.45158e-05 9.00151e-06 2.25038e-05 9.00151e-06 4.50075e-06 0 0 0
 0.000866109 0.00284123 0.00948549 0.0512746 0.133035 0.25785 0.225252 0.132002 0.0553304 0.0519788 0.0540692 0.017754 0.00435017 0.00159236 0.00146478 0.000404838 0.000125132 0.000115318 0.000107957 0.000100596 0 0 0 0 0 0
 0 0 0 0 0.00144013 0.00171154 0.00461396 0.0210425 0.0478622 0.0707936 0.0888783 0.103762 0.0637923 0.0337046 0.0602308 0.124433 0.169614 0.0934646 0.0462172 0.0250306 0.0313229 0.00938855 0.002487 0.000210481 0 0
 0 0.00764035 0.051015 0.0998891 0.058973 0.0496711 0.0374665 0.0718981 0.12319 0.153886 0.159021 0.0857701 0.0377988 0.023471 0.0147837 0.00900784 0.00315554 0.000888139 0.00291439 0.00214683 0.00393193 0.00274676 0.000635225 9.99891e-05 0 0
 0 0 0 0 0 0 0 0 0 0 0 0 0 0 0 0 0 0 0 0 0 0 0 0 0 0
 0 0 0 0 0 0 0 0 0 0 0 0 0 0 0 0 0 0 0 0 0 0 0 0 0 0
 0 0 0 0 0 0 0 0 0 0 0 0 0 0 0 0 0 0 0 0 0 0 0 0 0 0
 0 0 0 0 0 0 0 0 0 0 0 0 0 0 0 0 0 0 0 0 0 0 0 0 0 0
 0 0 0 0 0 0 0 0 0 0 0 0 0 0 0 0 0 0 0 0 0 0 0 0 0 0
ppred_pel_tallas
 1.12676e-16 4.14362e-05 0.000402775 0.00267658 0.0121673 0.0378572 0.0806592 0.117727 0.117738 0.0807152 0.0380469 0.0127222 0.00409515 0.00358517 0.00633581 0.0110603 0.0174418 0.0250757 0.0334573 0.042165 0.0507735 0.0584953 0.063972 0.0656239 0.062452 0.054713
 1.22774e-16 3.90771e-05 0.000379843 0.00252419 0.0114746 0.035702 0.0760678 0.111029 0.111054 0.0761931 0.036123 0.0126922 0.00558635 0.00708498 0.0128368 0.021337 0.031179 0.040225 0.04641 0.0490053 0.0491285 0.0489418 0.0501237 0.0527908 0.0555611 0.0565111
 1.18345e-16 5.06533e-05 0.000492368 0.00327196 0.0148739 0.0462782 0.0986014 0.143915 0.143933 0.0986884 0.0465711 0.0157215 0.00540658 0.00517588 0.00901609 0.0150141 0.0220773 0.0287469 0.033595 0.0360493 0.0367349 0.0369633 0.0377705 0.0392687 0.0407135 0.0410701
 1.07135e-16 6.42512e-05 0.000624545 0.00415032 0.0188668 0.0587016 0.12507 0.182547 0.18256 0.125135 0.0589169 0.0194894 0.00571541 0.00404875 0.00659031 0.0108552 0.015781 0.0201738 0.0228754 0.0233911 0.0221868 0.0203443 0.0188488 0.0180666 0.0177261 0.0172716
 1.04668e-16 5.75522e-05 0.000559428 0.0037176 0.0168997 0.0525813 0.112031 0.163517 0.16354 0.112142 0.0529541 0.0179766 0.00642169 0.00646514 0.0112816 0.0185813 0.026814 0.0338352 0.0375019 0.0368403 0.0326226 0.026827 0.0214269 0.0174527 0.0148715 0.0130828
 1.03171e-16 6.52681e-05 0.000634429 0.004216 0.0191654 0.0596306 0.12705 0.185436 0.18545 0.127118 0.0598612 0.019832 0.00589147 0.00429934 0.0070472 0.0116037 0.0168414 0.0214555 0.0241552 0.0243371 0.0224157 0.0194855 0.0166038 0.01427 0.0124128 0.0107224
 1.05336e-16 4.42448e-05 0.000430076 0.00285801 0.0129921 0.0404234 0.0861277 0.125713 0.125749 0.0863008 0.0410048 0.0146716 0.00707511 0.00964065 0.0175504 0.0289806 0.0418293 0.0527853 0.0584987 0.0574266 0.0507349 0.0414637 0.032657 0.0259232 0.0212658 0.0178539
 1.10899e-16 4.17865e-05 0.00040618 0.00269921 0.0122702 0.0381774 0.0813419 0.118726 0.118752 0.0814687 0.0386036 0.0135043 0.00580808 0.00722985 0.0131099 0.0218917 0.0321974 0.0418845 0.0487604 0.051771 0.0515053 0.0495289 0.047144 0.0446329 0.0414686 0.0370756
 1.13517e-16 4.93147e-05 0.000479357 0.0031855 0.0144808 0.0450553 0.0959958 0.140113 0.140133 0.0960926 0.0453807 0.0154226 0.00555709 0.00568167 0.0100044 0.0166609 0.0244738 0.0318061 0.0370358 0.0394721 0.0397337 0.0391892 0.038915 0.0390216 0.0387806 0.0372808
 1.07857e-16 6.20867e-05 0.000603505 0.0040105 0.0182312 0.056724 0.120857 0.176397 0.176412 0.120927 0.0569592 0.0189113 0.00572058 0.00434644 0.00720008 0.011884 0.0173042 0.0221759 0.0252451 0.0259726 0.0248512 0.0230277 0.0215325 0.0207247 0.020289 0.0196315
 1.02664e-16 6.98216e-05 0.00067869 0.00451014 0.0205024 0.0637907 0.135913 0.198372 0.198383 0.135968 0.0639731 0.0210294 0.00583341 0.00356948 0.00556622 0.00910841 0.0131549 0.0166313 0.0184957 0.0182772 0.0163524 0.0136776 0.0111967 0.00938711 0.00820823 0.00735118
 1.01823e-16 6.42165e-05 0.000624207 0.00414807 0.0188566 0.0586698 0.125003 0.182449 0.182467 0.125091 0.0589653 0.01971 0.00629032 0.00530043 0.00894432 0.0146828 0.0211392 0.0265709 0.0292461 0.0283652 0.0245315 0.0193353 0.0143998 0.0106299 0.00809904 0.00641653
 1.02542e-16 6.01474e-05 0.000584654 0.00388523 0.0176617 0.0549523 0.117082 0.170889 0.17091 0.117182 0.0552865 0.0186273 0.00631052 0.00588393 0.0101387 0.0167029 0.0241405 0.0305333 0.0339585 0.0335147 0.0298306 0.0245912 0.0194842 0.0154042 0.0123782 0.0100072
 1.04006e-16 5.63547e-05 0.000547788 0.00364024 0.016548 0.0514872 0.1097 0.160115 0.160137 0.109809 0.0518542 0.0176088 0.00630545 0.00637474 0.0111486 0.0184091 0.0266712 0.0338701 0.0379297 0.0378802 0.0343994 0.0292803 0.0242786 0.0202634 0.01717 0.0145167
 1.03625e-16 6.413e-05 0.000623366 0.00414249 0.0188312 0.0585908 0.124834 0.182203 0.182217 0.124907 0.0588329 0.019531 0.0059016 0.00447145 0.00739573 0.0121866 0.0176936 0.0225551 0.0254231 0.0256728 0.0237466 0.0207945 0.0179167 0.015615 0.0137833 0.0120668
 1.00659e-16 7.80832e-05 0.000758997 0.0050438 0.0229284 0.0713387 0.151995 0.221842 0.221846 0.152014 0.0714031 0.0231142 0.0055105 0.00177845 0.00201611 0.00321449 0.00463497 0.00585396 0.00649781 0.00639645 0.00567863 0.00467886 0.00373056 0.00300761 0.00250666 0.00213346
 1.01572e-16 3.57476e-05 0.00034748 0.00230913 0.010497 0.0326603 0.0695881 0.101577 0.101628 0.0698405 0.0335074 0.0129426 0.00844377 0.0137253 0.0254008 0.0418263 0.0599912 0.0748975 0.0814754 0.0773878 0.0644506 0.0474698 0.0314622 0.0193963 0.0117351 0.00740452
 1.01584e-16 7.54702e-05 0.000733597 0.00487501 0.0221611 0.0689514 0.146908 0.214418 0.214421 0.146926 0.0690104 0.0223323 0.0053076 0.00168766 0.00191579 0.00312148 0.00466028 0.00621478 0.00750313 0.00837369 0.0088518 0.00904726 0.00901135 0.00868284 0.0079646 0.00684499
 1.02163e-16 5.3431e-05 0.000519369 0.00345139 0.0156895 0.0488161 0.104009 0.151811 0.151842 0.10416 0.0493244 0.017157 0.00713269 0.00854798 0.0152788 0.0251162 0.0360411 0.0450448 0.0491059 0.0468488 0.0393858 0.0296048 0.0204886 0.0137529 0.00958183 0.00723657
 1.04643e-16 5.39193e-05 0.000524115 0.00348293 0.0158329 0.0492622 0.104959 0.153195 0.153217 0.105066 0.0496203 0.0168687 0.00608868 0.00623155 0.010949 0.0181602 0.0264901 0.0340052 0.0387411 0.0397423 0.0375482 0.0336728 0.0295439 0.0257858 0.0222761 0.0186827
 1.04237e-16 6.43072e-05 0.000625089 0.00415393 0.0188832 0.0587527 0.125179 0.182706 0.18272 0.125247 0.0589815 0.0195446 0.00581683 0.00426377 0.00700026 0.0115384 0.0167748 0.021435 0.024264 0.0246904 0.0231419 0.0206963 0.0183576 0.0165395 0.0150701 0.0135536
 1.02944e-16 6.45964e-05 0.0006279 0.00417262 0.0189681 0.059017 0.125742 0.183528 0.183545 0.125822 0.059284 0.0197397 0.00611003 0.0048596 0.00810827 0.0133208 0.0192272 0.0242744 0.0269262 0.0264804 0.0234795 0.0193241 0.0154103 0.0124666 0.0104745 0.00902688
 1.06843e-16 3.03223e-05 0.000294744 0.00195868 0.0089039 0.0277036 0.0590272 0.086162 0.0862099 0.0592614 0.0284899 0.0111757 0.00766394 0.0127585 0.0237283 0.0392499 0.0567021 0.0716473 0.0795643 0.0783491 0.0695275 0.0571336 0.0452075 0.0358885 0.0292124 0.0241497
 1.06564e-16 6.43344e-05 0.000625353 0.00415569 0.0188912 0.0587775 0.125232 0.182781 0.182789 0.125271 0.0589087 0.0192721 0.0051196 0.00275513 0.0041843 0.00701242 0.0105562 0.0142416 0.0175078 0.0200719 0.0220124 0.0235377 0.0246524 0.0250466 0.0243042 0.0222295
 1.05923e-16 5.57939e-05 0.000542337 0.00360402 0.0163834 0.0509749 0.108608 0.158522 0.158546 0.108727 0.0513737 0.0175352 0.00649534 0.00685426 0.0120444 0.0198284 0.0285756 0.0359865 0.0397749 0.0389323 0.0343513 0.0282309 0.0227431 0.0189858 0.0168335 0.0154907
 1.08899e-16 4.05281e-05 0.000393948 0.00261792 0.0119007 0.0370278 0.0788928 0.115153 0.115187 0.0790557 0.0375753 0.0134839 0.00659793 0.00910267 0.0166397 0.0276008 0.0401216 0.0512204 0.057863 0.0586274 0.0544832 0.0479857 0.0415812 0.0363913 0.0322005 0.028256
 1.06403e-16 6.40969e-05 0.000623045 0.00414035 0.0188214 0.0585606 0.12477 0.182107 0.182118 0.124822 0.0587357 0.0193285 0.0054184 0.00343017 0.005446 0.00903547 0.0133251 0.0174248 0.0204675 0.0220569 0.0224582 0.0223053 0.0220769 0.0217846 0.0210791 0.0196006
 1.04995e-16 5.82708e-05 0.000566413 0.00376401 0.0171107 0.0532378 0.11343 0.165558 0.16558 0.113537 0.0535983 0.018152 0.00637839 0.00627514 0.0109051 0.0179502 0.025889 0.0326428 0.0361439 0.0354669 0.0313879 0.0258543 0.0207968 0.017203 0.0149948 0.0135195
 1.08925e-16 3.48212e-05 0.000338474 0.00224928 0.0102249 0.0318138 0.0677841 0.0989411 0.0989806 0.0679772 0.0324628 0.012101 0.00696407 0.0106499 0.0196738 0.0326157 0.0473222 0.060225 0.0676868 0.0680072 0.0623694 0.0538937 0.0456103 0.0389783 0.0338252 0.0292706
pSPR Fmed_Fpbrs
0.638188   0.205144 0.205144
Fs Fmed_Fpbrs
0.237933   1.005 1.005
SSBpbr Bo_Bmed_Bpbrs
1.93226e+06  1.13653e+06  299780 299780
Ro
179334
SPR SPRFo_SPRFmed_SPRFpbrs
1.27452e+06 813386 261462
Fref
1.005
Nvult_r0
 78051.6 77764.4 24949.8 3490.59 3590.33
CTP_r0
 7746.8 9118.46 2925.55 409.297 420.994
YTP_r0
316627
Np
 264161 42219.5 5165.01 4976.04 1811.49
Nvult_p0
 221942 36534.2 4469.49 4305.97 1567.55
CTP_p0
 100905 16636.8 16028.1 5142.43 951.198
 100905 18312.7 2240.32 2158.35 785.731
YTP_p0
 1.57042e+06 1.18453e+06
CBA_c0
1.45465e+06
log_Ro
11.917
likeval ReclasPelacesDesembMPH_pf_preclas_ppelaces_ptallas_desvR_qrecl_qpela
 13.241 17.4435 0.0604738 0.00277995 222.009 104.825 83.7758 0 22.8676 8.28085e-07 0 0.309362 0 0 0
q_reclas_q_pelaces
0.879018 1
M
1
N
 198021 45254.8 145288 8772.94 0.290484
 112960 65264.7 14582.1 46815.2 2826.94
 110362 34017.3 18862.1 4214.39 14347.1
 182625 33397.3 9889.26 5483.46 5396.05
 145642 49954.1 8595.58 2545.23 2800.1
 255581 48420 16265.7 2798.83 1740.51
 105087 77387.9 14086.1 4731.94 1320.56
 47055.9 25018.6 16847.9 3066.66 1317.68
 45236.5 16136 8456.16 5694.51 1481.88
 60661.4 12659.3 4268.82 2237.09 1898.53
 113206 15602.5 3025.18 1020.11 988.283
 150073 38301.1 5188.75 1006.05 667.911
 124858 38239.9 9050.02 1226.03 395.535
 87404.6 32581.9 9298.75 2200.68 394.314
 86804.8 18163 6020.8 1718.31 479.529
 478892 21639.9 4179.94 1385.59 505.8
 100891 129192 5477.34 1058 478.737
 735299 30309.5 37229.1 1578.4 442.839
 423951 221168 8747.15 10744.1 583.318
 325018 116725 57373 2269.09 2938.44
 482522 92069.9 31336.6 15402.6 1398.04
 647670 145446 26639.3 9066.87 4861.06
 133876 185219 39496.5 7234.01 3782.18
 400620 42404.3 56890 12131.3 3383.62
 340028 129489 13346.3 17905.5 4883.15
 153834 109698 40663.1 4191.09 7156.26
 354544 50909.9 35522.7 13167.6 3674.52
 349818 114918 16077.5 11218.2 5318.78
 116407 114717 36805.5 5149.26 5296.41
pred_Ctot
 13147.5 3588.87 11521.9 695.727 0.0230365
 13165.8 9020.13 2015.38 6470.25 390.707
 12574.6 4597.83 2549.43 569.622 1939.17
 30327.4 6527.9 1932.97 1071.81 1054.72
 8938.03 3664.34 630.522 186.704 205.399
 29041.2 6526.93 2192.58 377.277 234.617
 24278.4 20831.3 3791.7 1273.74 355.469
 2030.41 1293.66 871.168 158.57 68.134
 6996.56 2942.6 1542.08 1038.46 270.239
 11875.6 2903.69 979.143 513.124 435.467
 5787.21 954.758 185.119 62.4235 60.4758
 30038.3 8975.99 1216 235.772 156.527
 23588.9 8473.53 2005.39 271.675 87.6462
 25171.2 10830.8 3091.08 731.55 131.078
 18254.1 4464.89 1480.05 422.401 117.879
 82789.1 4398.71 849.65 281.648 102.813
 11889.7 18050.1 765.27 147.819 66.887
 86171.7 4211.63 5173.12 219.325 61.5342
 69028.1 42406.7 1677.18 2060.07 111.845
 48263.8 20456.1 10054.6 397.659 514.961
 55996.5 12670.8 4312.6 2119.73 192.4
 93033.9 24674.7 4519.31 1538.18 824.67
 11907.8 19614.4 4182.61 766.069 400.527
 31068.3 3921.61 5261.28 1121.92 312.922
 26731 12137.7 1251.02 1678.38 457.725
 9849.01 8391.65 3110.63 320.608 547.436
 26930.8 4612.66 3218.51 1193.04 332.927
 24237.8 9506.5 1330 928.016 439.994
 7746.8 9118.46 2925.55 409.297 420.994
F
 0.109921 0.13251 0.13251 0.13251 0.13251
 0.20016 0.241294 0.241294 0.241294 0.241294
 0.195288 0.235421 0.235421 0.235421 0.235421
 0.29633 0.357227 0.357227 0.357227 0.357227
 0.101241 0.122047 0.122047 0.122047 0.122047
 0.194709 0.234723 0.234723 0.234723 0.234723
 0.435173 0.524603 0.524603 0.524603 0.524603
 0.0702821 0.0847254 0.0847254 0.0847254 0.0847254
 0.27351 0.329717 0.329717 0.329717 0.329717
 0.357878 0.431424 0.431424 0.431424 0.431424
 0.08373 0.100937 0.100937 0.100937 0.100937
 0.367241 0.442711 0.442711 0.442711 0.442711
 0.343423 0.413998 0.413998 0.413998 0.413998
 0.571161 0.688537 0.688537 0.688537 0.688537
 0.389124 0.469091 0.469091 0.469091 0.469091
 0.310176 0.373918 0.373918 0.373918 0.373918
 0.202578 0.244209 0.244209 0.244209 0.244209
 0.201355 0.242734 0.242734 0.242734 0.242734
 0.289794 0.349348 0.349348 0.349348 0.349348
 0.261332 0.315036 0.315036 0.315036 0.315036
 0.19922 0.24016 0.24016 0.24016 0.24016
 0.25184 0.303595 0.303595 0.303595 0.303595
 0.149664 0.180421 0.180421 0.180421 0.180421
 0.129417 0.156013 0.156013 0.156013 0.156013
 0.131293 0.158274 0.158274 0.158274 0.158274
 0.105818 0.127564 0.127564 0.127564 0.127564
 0.126617 0.152637 0.152637 0.152637 0.152637
 0.114946 0.138567 0.138567 0.138567 0.138567
 0.110189 0.132833 0.132833 0.132833 0.132833
YTP_r0W_actual
 40283.4 186928 63484.4 11869.6 14061.2
YTP_p0W_proyectada
 755779 260699 370731 151033 32179
 755779 286960 51818.6 63390.8 26581.3
CTP_r0_actual
 7746.8 9118.46 2925.55 409.297 420.994
CTP_p0_proyectada
 100905 16636.8 16028.1 5142.43 951.198
 100905 18312.7 2240.32 2158.35 785.731
Wmedp
 7.49 15.67 23.13 29.37 33.83
Frms_r0
 0.110189 0.132833 0.132833 0.132833 0.132833
Zrms_r0
 1.11019 1.13283 1.13283 1.13283 1.13283
nmprior
 8.19 8.8 8.5 0
nm_flota  nm_reclas  nm_pelaces    nm_pelaL
inf 11.671 16.241 21.4622
cv_recla  cv_pelaces  cv_mph
0.345209 0.51152 1.62714
 ------------------------------------------------
Talla a la edad & desviaci?n 
 8 13.2811 15.8009 17.003 17.5766
 0.8 1.32811 1.58009 1.7003 1.75766
