years
 1991 1992 1993 1994 1995 1996 1997 1998 1999 2000 2001 2002 2003 2004 2005 2006 2007 2008 2009 2010 2011 2012 2013 2014 2015 2016 2017 2018 2019 2020 2021
reclasobs
 0 0 0 0 0 0 0 0 0 252601 567819 844713 477998 351125 339783 2.1784e+06 2.13404e+06 4.81314e+06 1.55562e+06 2.62356e+06 3.21686e+06 3.843e+06 1.13348e+06 3.07943e+06 1.97215e+06 2.03268e+06 2.025e+06 2.42433e+06 2.27542e+06 1.05018e+06 2.36338e+06
reclaspred
 3.19338e+06 1.7496e+06 886320 905985 915493 1.57162e+06 893756 769132 546472 374113 500748 679124 666877 493638 485488 1.35569e+06 1.20702e+06 3.10109e+06 2.46251e+06 1.79412e+06 3.11424e+06 2.54109e+06 1.93821e+06 3.05822e+06 2.27492e+06 2.00535e+06 2.41917e+06 2.62421e+06 2.08359e+06 1.26346e+06 1.85619e+06
pelacesobs
 0 0 0 0 0 0 0 0 0 0 0 0 0 0 0 552880 188675 0 991730 2.46772e+06 1.41603e+06 1.21717e+06 2.29649e+06 1.80582e+06 0 1.4828e+06 1.56532e+06 1.57751e+06 1.42118e+06 867257 1.10002e+06
pelacespred
 1.7595e+06 1.05516e+06 522242 438863 480052 854357 426896 486390 317686 200586 289523 324322 353046 266301 271788 641317 579587 1.74294e+06 1.39981e+06 931820 1.62445e+06 1.38735e+06 1.08482e+06 1.89426e+06 1.34379e+06 1.19117e+06 1.63953e+06 1.75143e+06 1.15408e+06 783073 1.14546e+06
mphobs
 0 0 0 0 0 0 0 0 0 0 0 498337 0 5186 125008 0 168611 109162 213762 579715 649985 157893 87575 83554 0 0 0 0 0 0 0
mphpred
 492669 329853 159070 88146.1 96361.7 114789 157187 85613.2 76906.1 48729.7 30331.6 60996.8 65589.1 53731.7 32900.1 41890.2 153912 135513 312467 219469 231853 284445 271611 216977 311895 257158 209564 226809 326081 212744 122210
desembarqueobs
 494567 514787 250237 358949 120608 361735 552515 73892 212993 205616 52469 317467 293654 387597 252695 516296 358380 742168 942051 627588 828172 859565 418607 520667 417249 300574 415391 372974 316634 284311 391294
desembarquepred
 494571 513802 250698 358985 120614 361744 552542 73897.4 213053 205671 52471.9 317529 293691 387581 252672 516225 358404 742018 941754 627375 828251 859539 418606 520690 417236 300571 415383 372942 316614 284313 391295
Reclutas
 172305 95162.8 95791.2 146537 118318 215892 84852.3 36081 35388.6 47793.7 89374.5 128651 107437 75024.3 69433.5 376251 73287 608606 334826 269110 370579 511701 100687 295516 253914 111062 250856 284142 82297.1 60204.9 231599
log_desv_Rt
 0.20346 -0.390219 -0.383638 0.0414664 -0.172433 0.428969 -0.504897 -1.36004 -1.37942 -1.07892 -0.452973 -0.0887089 -0.268907 -0.627997 -0.705439 0.984448 -0.651425 1.46536 0.867804 0.649313 0.969259 1.29193 -0.333793 0.742914 0.591186 -0.235716 0.57907 0.703667 -0.535472 -0.848054 0.499197
SSB
 2.10905e+06 1.41206e+06 680958 377342 412512 491397 672896 366499 329225 208606 129846 261119 280778 230018 140841 179326 658876 580111 1.33763e+06 939517 992530 1.21767e+06 1.16273e+06 928849 1.33518e+06 1.10086e+06 897118 970940 1.39591e+06 910730 523163
BT
 2.96838e+06 2.03265e+06 999509 937257 794024 1.55786e+06 1.11189e+06 774699 674609 489824 469117 738308 781749 791646 651662 1.35987e+06 1.12246e+06 3.21689e+06 2.94184e+06 1.91624e+06 3.05208e+06 2.81924e+06 1.94021e+06 3.26216e+06 2.34075e+06 2.00002e+06 2.82642e+06 2.93973e+06 1.93573e+06 1.41422e+06 2.05851e+06
Ftot
 0.199213 0.366993 0.360048 0.547 0.182378 0.333777 0.767381 0.131327 0.523361 0.729382 0.161109 0.651066 0.609246 1.05737 0.764096 0.595251 0.389871 0.367229 0.518319 0.480548 0.376641 0.474232 0.282567 0.251337 0.249785 0.201095 0.250766 0.211392 0.193446 0.289829 0.317753
BD_Bspro_t
 0.968743 0.785279 0.583284 0.48438 0.477695 0.570632 0.5706 0.378405 0.434949 0.374262 0.331891 0.585488 0.464536 0.369737 0.255623 0.306252 0.500573 0.456804 0.592835 0.4763 0.443647 0.491575 0.508991 0.492501 0.613561 0.623773 0.629585 0.673714 0.730801 0.646145 0.556955
BD_Bspro
 2.10182 1.40722 0.678624 0.376049 0.411098 0.489713 0.67059 0.365243 0.328097 0.207891 0.129401 0.260224 0.279816 0.22923 0.140358 0.178712 0.656618 0.578124 1.33305 0.936297 0.989129 1.2135 1.15875 0.925666 1.3306 1.09709 0.894043 0.967612 1.39112 0.907609 0.52137
BD_Bo
 1.38321 0.926095 0.446604 0.247479 0.270545 0.322282 0.441317 0.240367 0.215921 0.136813 0.0851589 0.171254 0.184148 0.150857 0.0923701 0.117611 0.432122 0.380465 0.877282 0.61618 0.650948 0.798605 0.762573 0.609183 0.875674 0.721995 0.588372 0.636788 0.915502 0.5973 0.343115
BD_Brms
 7.57038 5.06855 2.44428 1.35446 1.4807 1.76386 2.41534 1.31554 1.18174 0.748785 0.466078 0.937281 1.00785 0.825645 0.505545 0.643687 2.36502 2.0823 4.8014 3.37237 3.56266 4.3708 4.17359 3.33408 4.7926 3.95151 3.22018 3.48516 5.01058 3.26904 1.87788
Sel_flota
 0.710708 0.979026 0.998874 0.999941 0.999997
 0.710708 0.979026 0.998874 0.999941 0.999997
 0.710708 0.979026 0.998874 0.999941 0.999997
 0.710708 0.979026 0.998874 0.999941 0.999997
 0.710708 0.979026 0.998874 0.999941 0.999997
 0.710708 0.979026 0.998874 0.999941 0.999997
 0.710708 0.979026 0.998874 0.999941 0.999997
 0.710708 0.979026 0.998874 0.999941 0.999997
 0.710708 0.979026 0.998874 0.999941 0.999997
 0.710708 0.979026 0.998874 0.999941 0.999997
 0.710708 0.979026 0.998874 0.999941 0.999997
 0.710708 0.979026 0.998874 0.999941 0.999997
 0.710708 0.979026 0.998874 0.999941 0.999997
 0.710708 0.979026 0.998874 0.999941 0.999997
 0.710708 0.979026 0.998874 0.999941 0.999997
 0.710708 0.979026 0.998874 0.999941 0.999997
 0.710708 0.979026 0.998874 0.999941 0.999997
 0.710708 0.979026 0.998874 0.999941 0.999997
 0.710708 0.979026 0.998874 0.999941 0.999997
 0.710708 0.979026 0.998874 0.999941 0.999997
 0.710708 0.979026 0.998874 0.999941 0.999997
 0.710708 0.979026 0.998874 0.999941 0.999997
 0.710708 0.979026 0.998874 0.999941 0.999997
 0.710708 0.979026 0.998874 0.999941 0.999997
 0.710708 0.979026 0.998874 0.999941 0.999997
 0.710708 0.979026 0.998874 0.999941 0.999997
 0.710708 0.979026 0.998874 0.999941 0.999997
 0.710708 0.979026 0.998874 0.999941 0.999997
 0.710708 0.979026 0.998874 0.999941 0.999997
 0.710708 0.979026 0.998874 0.999941 0.999997
 0.710708 0.979026 0.998874 0.999941 0.999997
Sel_reclas
 1 1 1 1 1
 1 1 1 1 1
 1 1 1 1 1
 1 1 1 1 1
 1 1 1 1 1
 1 1 1 1 1
 1 1 1 1 1
 1 1 1 1 1
 1 1 1 1 1
 1 1 1 1 1
 1 1 1 1 1
 1 1 1 1 1
 1 1 1 1 1
 1 1 1 1 1
 1 1 1 1 1
 1 1 1 1 1
 1 1 1 1 1
 1 1 1 1 1
 1 1 1 1 1
 1 1 1 1 1
 1 1 1 1 1
 1 1 1 1 1
 1 1 1 1 1
 1 1 1 1 1
 1 1 1 1 1
 1 1 1 1 1
 1 1 1 1 1
 1 1 1 1 1
 1 1 1 1 1
 1 1 1 1 1
 1 1 1 1 1
Sel_pelaces
 0.980527 1 1 1 1
 0.980527 1 1 1 1
 0.980527 1 1 1 1
 0.980527 1 1 1 1
 0.980527 1 1 1 1
 0.980527 1 1 1 1
 0.980527 1 1 1 1
 0.980527 1 1 1 1
 0.980527 1 1 1 1
 0.980527 1 1 1 1
 0.980527 1 1 1 1
 0.980527 1 1 1 1
 0.980527 1 1 1 1
 0.980527 1 1 1 1
 0.980527 1 1 1 1
 0.980527 1 1 1 1
 0.980527 1 1 1 1
 0.980527 1 1 1 1
 0.980527 1 1 1 1
 0.980527 1 1 1 1
 0.980527 1 1 1 1
 0.980527 1 1 1 1
 0.980527 1 1 1 1
 0.980527 1 1 1 1
 0.980527 1 1 1 1
 0.980527 1 1 1 1
 0.980527 1 1 1 1
 0.980527 1 1 1 1
 0.980527 1 1 1 1
 0.980527 1 1 1 1
 0.980527 1 1 1 1
pf_obs 
 0.8446 0.082 0.0669 0.0065 0
 0.8095 0.147 0.0364 0.0071 0
 0.9664 0.0169 0.016 0.0007 0
 0.9276 0.0648 0.0075 0.0001 0
 0.7033 0.2144 0.0806 0.0017 0
 0.9318 0.0425 0.0243 0.0014 0
 0.5671 0.3108 0.0964 0.0239 0.0018
 0.0768 0.2599 0.5324 0.112 0.0189
 0.490249 0.384438 0.106611 0.0170017 0.00170017
 0.7925 0.1577 0.0466 0.003 0.0002
 0.840416 0.127587 0.0312969 0.00059994 9.999e-05
 0.8084 0.0986 0.0794 0.0134 0.0002
 0.7335 0.1905 0.0724 0.0035 0.0001
 0.4001 0.4547 0.1325 0.0127 0
 0.49795 0.308269 0.164784 0.0264974 0.00249975
 0.9179 0.0499 0.0305 0.0017 0
 0.2467 0.6533 0.0926 0.0074 0
 0.9418 0.0223 0.034 0.0019 0
 0.707729 0.231977 0.0356964 0.0245975 0
 0.517169 0.277429 0.184464 0.0207286 0.00020938
 0.811772 0.124168 0.05621 0.00726502 0.000585176
 0.764997 0.148141 0.077277 0.00933861 0.000247198
 0.163321 0.427699 0.378323 0.0303852 0.000271297
 0.753843 0.0900009 0.118128 0.0371064 0.000921714
 0.721811 0.176058 0.0630433 0.0369309 0.00215725
 0.143369 0.312575 0.442814 0.0836902 0.0175525
 0.692698 0.0596174 0.167031 0.0765114 0.00414204
 0.394062 0.376323 0.152708 0.0712218 0.00568511
 0.125707 0.32114 0.495352 0.0537591 0.00404204
 0.23352 0.215282 0.420074 0.123614 0.00750983
 0.796117 0.104755 0.0508955 0.0450114 0.00322123
pf_pred 
 0.479128 0.138 0.35879 0.0240807 8.46787e-07
 0.425051 0.32565 0.0671031 0.170749 0.0114473
 0.581033 0.216937 0.115644 0.0232737 0.0631122
 0.73382 0.177942 0.0462207 0.0240649 0.017953
 0.658583 0.274696 0.0449932 0.0113888 0.0103386
 0.756035 0.178021 0.0532809 0.00854309 0.0041207
 0.464312 0.43774 0.0719253 0.0210307 0.00499224
 0.456927 0.311114 0.19055 0.0304204 0.0109892
 0.547789 0.244284 0.120181 0.0720958 0.01565
 0.728249 0.175195 0.0527904 0.0253113 0.0184545
 0.835519 0.132479 0.0208433 0.00610536 0.00505382
 0.74882 0.220168 0.025082 0.00386359 0.00206612
 0.695166 0.249654 0.0485305 0.00537925 0.00126983
 0.64534 0.274953 0.0655974 0.0124121 0.00169808
 0.757857 0.181483 0.0473774 0.0109347 0.00234789
 0.941932 0.0481693 0.00747324 0.0018953 0.000530532
 0.369982 0.605182 0.0206961 0.0031267 0.00101348
 0.911612 0.0405621 0.0459833 0.00153542 0.000306758
 0.582281 0.391661 0.0121116 0.0134093 0.000536519
 0.618669 0.256761 0.116988 0.00352631 0.00405479
 0.737354 0.185333 0.0524832 0.0233211 0.00150918
 0.750214 0.200551 0.0349881 0.00967539 0.0045717
 0.313708 0.559569 0.102249 0.0173991 0.00707528
 0.741284 0.101909 0.128385 0.0229378 0.00548369
 0.625932 0.300586 0.0293373 0.0361508 0.00799344
 0.425468 0.403844 0.137768 0.0131527 0.0197676
 0.729335 0.138064 0.0938054 0.0313205 0.00747531
 0.684335 0.250388 0.0336632 0.0223724 0.0092417
 0.338037 0.498361 0.130361 0.0171519 0.016089
 0.416286 0.243655 0.257377 0.0658981 0.0167837
 0.830041 0.0860291 0.0355026 0.0366636 0.0117638
pobs_RECLAS
 0 0 0 0 0
 0 0 0 0 0
 0 0 0 0 0
 0 0 0 0 0
 0 0 0 0 0
 0 0 0 0 0
 0 0 0 0 0
 0 0 0 0 0
 0 0 0 0 0
 0 0 0 0 0
 0.991045 0.00858322 0.000360255 1.14367e-05 0
 0.934742 0.0480273 0.0164251 0.00080598 0
 0.827803 0.169806 0.00239088 0 0
 0.941827 0.0461693 0.0120037 0 0
 0.791401 0.0380133 0.147996 0.0225897 0
 0.846168 0.0940531 0.0597789 0 0
 0.134021 0.677848 0.182769 0.00536245 0
 0.80878 0.0450904 0.141981 0.00414843 0
 0.846168 0.0940531 0.0597789 0 0
 0.905697 0.0802665 0.012482 0.00150086 5.37128e-05
 0.989698 0.0102097 9.19794e-05 0 0
 0.975433 0.0193895 0.00387452 0.00125025 5.28907e-05
 0.303575 0.632131 0.0575291 0.00676475 0
 0.966965 0.00978017 0.0227588 0.000495775 0
 0.843318 0.132988 0.00938335 0.0141283 0.000182051
 0.564624 0.303363 0.111486 0.0197234 0.00080311
 0.826376 0.0876187 0.0782897 0.00655872 0.00115652
 0.89761 0.0855135 0.0140674 0.00269457 0.000114338
 0.34875 0.467042 0.161289 0.0227151 0.000203297
 0.318654 0.224769 0.449479 0.00709798 0
 0.937255 0.0296025 0.0250945 0.00804832 0
ppred_RECLAS
 0.563873 0.1173 0.298794 0.0200322 7.04383e-07
 0.509505 0.280424 0.0565902 0.143838 0.00964261
 0.661002 0.177336 0.0925825 0.0186119 0.0504676
 0.795579 0.137647 0.0349966 0.0182003 0.0135771
 0.72828 0.219502 0.0352261 0.00890684 0.00808507
 0.812495 0.137595 0.0403344 0.00646009 0.0031158
 0.551926 0.367642 0.0590815 0.0172548 0.00409567
 0.539786 0.265952 0.159614 0.0254541 0.00919461
 0.631423 0.201101 0.0968473 0.0580321 0.0125964
 0.792374 0.134925 0.0397694 0.0190458 0.0138854
 0.875835 0.100408 0.0154789 0.00452914 0.00374886
 0.807993 0.168754 0.0188108 0.00289424 0.00154765
 0.762868 0.194967 0.0370892 0.00410633 0.000969287
 0.724414 0.214778 0.0500548 0.00945935 0.00129404
 0.816641 0.138193 0.0352848 0.00813412 0.00174644
 0.958097 0.0348884 0.00529726 0.0013419 0.000375603
 0.450187 0.528574 0.0177017 0.00267134 0.000865829
 0.935566 0.0299046 0.0332011 0.00110738 0.000221228
 0.661484 0.31783 0.00962116 0.0106399 0.000425688
 0.695452 0.206481 0.0921054 0.00277315 0.00318856
 0.797309 0.143917 0.039912 0.0177154 0.00114635
 0.808245 0.154607 0.0264075 0.00729433 0.00344643
 0.389101 0.500003 0.0894975 0.0152124 0.00618574
 0.800934 0.0794026 0.0979937 0.0174888 0.00418077
 0.699694 0.242314 0.0231684 0.0285179 0.00630534
 0.507792 0.348093 0.116344 0.0110953 0.0166745
 0.79057 0.107922 0.0718326 0.0239578 0.00571771
 0.750975 0.198382 0.0261306 0.0173473 0.0071655
 0.415381 0.442369 0.113373 0.0149005 0.0139763
 0.500568 0.211021 0.218346 0.0558431 0.014222
 0.87275 0.0650909 0.0263104 0.0271408 0.00870779
pobs_PELACES
 0 0 0 0 0
 0 0 0 0 0
 0 0 0 0 0
 0 0 0 0 0
 0 0 0 0 0
 0 0 0 0 0
 0 0 0 0 0
 0 0 0 0 0
 0 0 0 0 0
 0 0 0 0 0
 0 0 0 0 0
 0 0 0 0 0
 0 0 0 0 0
 0 0 0 0 0
 0 0 0 0 0
 0 0 0 0 0
 0.505614 0.472636 0.0217494 0 0
 0 0 0 0 0
 0.443492 0.261883 0.143347 0.151278 0
 0.227955 0.32914 0.350689 0.0885471 0.00366901
 0.970185 0.0296113 0.000203453 0 0
 0.997202 0.00247181 0.000326279 0 0
 0.445219 0.490057 0.0546422 0.010081 0
 0.90214 0.0892962 0.00764917 0.000914606 0
 0 0 0 0 0
 0.581667 0.319106 0.0959925 0.00289975 0.000334073
 0.762889 0.0836404 0.116647 0.0363945 0.000428098
 0.88444 0.0763242 0.0277011 0.0115352 0
 0.521256 0.241999 0.230069 0.00667565 0
 0.616807 0.101726 0.260614 0.0208532 0
 0.833518 0.0704572 0.0857862 0.0102388 0
ppred_PELACES
 0.56361 0.117483 0.29887 0.0200359 7.0451e-07
 0.512979 0.278736 0.0561146 0.142611 0.00956026
 0.663991 0.175975 0.0916555 0.0184232 0.0499556
 0.80041 0.134555 0.0340882 0.0177245 0.013222
 0.72763 0.220078 0.0352764 0.008919 0.00809608
 0.814086 0.136507 0.0399283 0.0063943 0.00308405
 0.564059 0.358014 0.0572457 0.0167141 0.00396728
 0.53788 0.267151 0.160196 0.0255458 0.00922768
 0.637977 0.197839 0.0949507 0.0568851 0.0123474
 0.799941 0.130231 0.0382027 0.0182908 0.0133348
 0.875269 0.100887 0.0155363 0.00454566 0.00376252
 0.813896 0.163651 0.0181644 0.00279414 0.0014941
 0.76914 0.189945 0.03599 0.00398378 0.00094035
 0.739229 0.203545 0.0471096 0.00889945 0.00121742
 0.8239 0.132888 0.0337609 0.00778072 0.00167054
 0.959429 0.0338014 0.00511224 0.00129476 0.000362404
 0.453892 0.525065 0.0175393 0.00264647 0.000857763
 0.936413 0.0295495 0.032728 0.00109146 0.000218046
 0.667379 0.312361 0.00942356 0.0104195 0.000416865
 0.70049 0.203272 0.0903887 0.002721 0.00312858
 0.799628 0.142374 0.0393868 0.0174799 0.0011311
 0.811774 0.151854 0.0258568 0.00714102 0.00337396
 0.390456 0.499064 0.0891642 0.0151543 0.00616205
 0.801506 0.0792537 0.097649 0.0174258 0.00416568
 0.700278 0.241922 0.0230931 0.0284227 0.00628427
 0.507425 0.348489 0.116323 0.0110925 0.0166702
 0.791124 0.107723 0.0715829 0.0238724 0.00569731
 0.750852 0.198537 0.0261148 0.0173356 0.00716063
 0.414841 0.442916 0.11337 0.014899 0.0139749
 0.502345 0.210504 0.217397 0.0555949 0.0141587
 0.873804 0.0646197 0.0260656 0.0268853 0.00862577
pobs_pel_tallas
 0 0 0 0 0 0 0 0 0 0 0 0 0 0 0 0 0 0 0 0 0 0 0 0 0 0
 0 0 0 0 0 0 0 0 0 0 0 0 0 0 0 0 0 0 0 0 0 0 0 0 0 0
 0 0 0 0 0 0 0 0 0 0 0 0 0 0 0 0 0 0 0 0 0 0 0 0 0 0
 0 0 0 0 0 0 0 0 0 0 0 0 0 0 0 0 0 0 0 0 0 0 0 0 0 0
 0 0 0 0 0 0 0 0 0 0 0 0 0 0 0 0 0 0 0 0 0 0 0 0 0 0
 0 0 0 0 0 0 0 0 0 0 0 0 0 0 0 0 0 0 0 0 0 0 0 0 0 0
 0 0 0 0 0 0 0 0 0 0 0 0 0 0 0 0 0 0 0 0 0 0 0 0 0 0
 0 0 0 0 0 0 0 0 0 0 0 0 0 0 0 0 0 0 0 0 0 0 0 0 0 0
 0 0 0 0 0 0 0 0 0 0 0 0 0 0 0 0 0 0 0 0 0 0 0 0 0 0
 0 0 0 0 0 0 0 0 0 0 0 0 0 0 0 0 0 0 0 0 0 0 0 0 0 0
 0 0 0 0 0 0 0 0 0 0 0 0 0 0 0 0 0 0 0 0 0 0 0 0 0 0
 0 0 0 0 0 0 0 0 0 0 0 0 0 0 0 0 0 0 0 0 0 0 0 0 0 0
 0.00862536 0 0 0.000197151 0.00414017 0.0128641 0.00837892 0.0270097 0.101434 0.158115 0.152841 0.127902 0.109271 0.109419 0.0830992 0.0579132 0.0238553 0.00714673 0.00463305 0.00128148 0.00103504 0.000492878 0.000147863 0.000147863 4.92878e-05 0
 0 0 0 0 0 0 0 0 0 0 0 0 0 0 0 0 0 0 0 0 0 0 0 0 0 0
 0 0 0 0 0 0 0 0.0054083 0.00873648 0.0413646 0.0450493 0.0745869 0.0622846 0.0627006 0.0613931 0.0827291 0.12552 0.122667 0.0946155 0.0697135 0.0546179 0.0294188 0.0215738 0.0213955 0.0102223 0.00600262
 0 0 0 0 0.00359764 0.0251062 0.0480494 0.140153 0.205849 0.193036 0.1447 0.116669 0.0760912 0.0342217 0.00950174 0.001854 0.000860785 0 0 0 0.000165536 0 0.000143464 0 0 0
 0 0 0 0 0 0 0 0.000145254 0.000435761 0.0275982 0.070085 0.0708112 0.156366 0.174668 0.174014 0.160142 0.0824315 0.0480064 0.0283245 0.00493863 0.00203355 0 0 0 0 0
 0 0 0 0 0 0 0 0 0 0 0 0 0 0 0 0 0 0 0 0 0 0 0 0 0 0
 0 0 1.00437e-05 0.000401748 0.00122533 0.00171747 0.00176769 0.0269171 0.070346 0.194647 0.189555 0.159765 0.064822 0.0314167 0.0384472 0.0292271 0.0345202 0.0313363 0.0194345 0.0106764 0.0143323 0.0359363 0.0279516 0.0138201 0.00172751 0
 0 0.0021121 0.0136068 0.0755702 0.200478 0.177729 0.0527432 0.0373336 0.0318909 0.0142505 0.0149659 0.0166563 0.0217959 0.0798694 0.0677717 0.0528807 0.04013 0.0224614 0.0357745 0.0225083 0.00881397 0.00855152 0.00135912 0.000746735 0 0
 0 0 0 0 5.4009e-05 0.00500934 0.000945158 0.0243581 0.138947 0.33067 0.221406 0.137944 0.0707744 0.0437923 0.0131692 0.00525238 0.0047753 0.00276346 9.45158e-05 9.00151e-06 2.25038e-05 9.00151e-06 4.50075e-06 0 0 0
 0.000866109 0.00284123 0.00948549 0.0512746 0.133035 0.25785 0.225252 0.132002 0.0553304 0.0519788 0.0540692 0.017754 0.00435017 0.00159236 0.00146478 0.000404838 0.000125132 0.000115318 0.000107957 0.000100596 0 0 0 0 0 0
 0 0 0 0 0.00144013 0.00171154 0.00461396 0.0210425 0.0478622 0.0707936 0.0888783 0.103762 0.0637923 0.0337046 0.0602308 0.124433 0.169614 0.0934646 0.0462172 0.0250306 0.0313229 0.00938855 0.002487 0.000210481 0 0
 0 0.00764035 0.051015 0.0998891 0.058973 0.0496711 0.0374665 0.0718981 0.12319 0.153886 0.159021 0.0857701 0.0377988 0.023471 0.0147837 0.00900784 0.00315554 0.000888139 0.00291439 0.00214683 0.00393193 0.00274676 0.000635225 9.99891e-05 0 0
 0 0 0 0 0 0 0 0 0 0 0 0 0 0 0 0 0 0 0 0 0 0 0 0 0 0
 0 0 0 0 0 0 0 0 0 0 0 0 0 0 0 0 0 0 0 0 0 0 0 0 0 0
 0 0 0 0 0 0 0 0 0 0 0 0 0 0 0 0 0 0 0 0 0 0 0 0 0 0
 0 0 0 0 0 0 0 0 0 0 0 0 0 0 0 0 0 0 0 0 0 0 0 0 0 0
 0 0 0 0 0 0 0 0 0 0 0 0 0 0 0 0 0 0 0 0 0 0 0 0 0 0
 0 0 0 0 0 0 0 0 0 0 0 0 0 0 0 0 0 0 0 0 0 0 0 0 0 0
 0 0 0 0 0 0 0 0 0 0 0 0 0 0 0 0 0 0 0 0 0 0 0 0 0 0
ppred_pel_tallas
 1.10665e-16 4.64239e-05 0.000451256 0.00299876 0.0136319 0.042414 0.090368 0.131897 0.131909 0.0904257 0.042609 0.0142007 0.00444767 0.00368414 0.00639068 0.0110235 0.0171108 0.0240835 0.0312959 0.0382975 0.044825 0.0504522 0.0542885 0.0551618 0.0522586 0.045728
 1.17611e-16 4.22534e-05 0.000410718 0.00272937 0.0124073 0.038604 0.0822508 0.120053 0.12008 0.0823825 0.0390463 0.0136862 0.00594376 0.00744298 0.013445 0.0222922 0.0324401 0.0415491 0.0473262 0.0488774 0.0472926 0.0448696 0.0435617 0.0438514 0.0447494 0.0446659
 1.12992e-16 5.46921e-05 0.000531626 0.00353284 0.0160598 0.0499681 0.106463 0.155389 0.155406 0.106546 0.0502488 0.0168722 0.00557795 0.00501583 0.00862967 0.014336 0.0210184 0.0272309 0.0315469 0.0333546 0.0332017 0.032332 0.0317886 0.0318071 0.031871 0.031216
 1.05034e-16 6.59287e-05 0.000640851 0.00425868 0.0193593 0.0602342 0.128336 0.187313 0.187326 0.128399 0.0604476 0.0199762 0.00580858 0.00402964 0.00651793 0.0107144 0.0155328 0.0197617 0.022221 0.0223908 0.0207185 0.0182903 0.0161334 0.014695 0.013809 0.0130211
 1.03339e-16 5.9934e-05 0.00058258 0.00387145 0.0175991 0.0547573 0.116667 0.170283 0.170305 0.116771 0.0551055 0.0186049 0.00639656 0.00609637 0.010536 0.0173349 0.0249939 0.0314921 0.0348118 0.0340285 0.0298552 0.0241456 0.0187664 0.0147213 0.012031 0.0101843
 1.02351e-16 6.70552e-05 0.000651801 0.00433144 0.0196901 0.0612634 0.130529 0.190513 0.190526 0.130593 0.0614799 0.020316 0.00590409 0.00409016 0.00661254 0.0108659 0.01574 0.0199889 0.0223844 0.0223515 0.0202868 0.0172457 0.0142647 0.0118623 0.0100097 0.0084326
 1.04092e-16 4.64608e-05 0.000451616 0.00300115 0.0136428 0.042448 0.0904413 0.132009 0.132043 0.0906099 0.0430144 0.0152789 0.00710856 0.00942014 0.0170853 0.0281878 0.0406384 0.0511833 0.0565319 0.0551639 0.0482206 0.0387009 0.0296377 0.0226804 0.0179061 0.014548
 1.08815e-16 4.43045e-05 0.000430656 0.00286186 0.0130096 0.0404779 0.0862433 0.12588 0.125906 0.0863702 0.0409044 0.0142442 0.00597022 0.0072477 0.0130834 0.0218006 0.0319634 0.0413719 0.0477776 0.0500964 0.048941 0.0459705 0.0426389 0.0393992 0.0358603 0.0315064
 1.10586e-16 5.25494e-05 0.000510799 0.00339444 0.0154306 0.0480105 0.102292 0.149303 0.149322 0.102386 0.048326 0.0163434 0.00569174 0.00554673 0.00967891 0.0160834 0.0235583 0.0304717 0.0352025 0.037039 0.0365664 0.0351454 0.0339117 0.033113 0.0322001 0.0304202
 1.05227e-16 6.58901e-05 0.000640475 0.00425618 0.019348 0.0601989 0.128261 0.187203 0.187215 0.128322 0.0604056 0.0199456 0.00575826 0.00392608 0.00632549 0.0104056 0.0151098 0.0192752 0.0217703 0.0220959 0.020676 0.0185368 0.016635 0.0153652 0.0145407 0.0137181
 1.01567e-16 7.20948e-05 0.000700787 0.00465698 0.0211699 0.0658676 0.140338 0.20483 0.20484 0.140386 0.0660272 0.021631 0.00581434 0.00322787 0.00487314 0.0079467 0.0114516 0.0144253 0.0159402 0.0155733 0.013654 0.0110351 0.00857558 0.00673646 0.00552516 0.0047024
 1.011e-16 6.70396e-05 0.000651649 0.00433043 0.0196855 0.0612491 0.130498 0.190469 0.190485 0.130575 0.0615077 0.0204324 0.00620465 0.00474163 0.00783042 0.0128279 0.0184459 0.0231391 0.0253793 0.02446 0.0209127 0.0161479 0.0116169 0.00814829 0.0058369 0.00435665
 1.01646e-16 6.33531e-05 0.000615815 0.00409231 0.018603 0.0578811 0.123322 0.179997 0.180015 0.123412 0.0581817 0.0194716 0.00627299 0.00537824 0.00911378 0.0149813 0.021608 0.0272392 0.0301238 0.0294426 0.025777 0.0206873 0.0157581 0.0118622 0.00906994 0.00703085
 1.02511e-16 6.08893e-05 0.000591866 0.00393316 0.0178796 0.0556301 0.118527 0.172997 0.173017 0.118623 0.0559526 0.0188114 0.00627345 0.00570534 0.00978572 0.0161163 0.0232913 0.0294574 0.0327603 0.0323331 0.0287867 0.023751 0.0188557 0.0149599 0.0120805 0.00982087
 1.02072e-16 6.78635e-05 0.000659658 0.00438366 0.0199275 0.0620019 0.132102 0.192809 0.192822 0.132165 0.0622125 0.0205362 0.00591287 0.00400186 0.00642687 0.0105477 0.0152583 0.0193354 0.0215761 0.0214207 0.0192664 0.0161639 0.0131524 0.0107616 0.0089741 0.00751397
 1.00348e-16 7.90269e-05 0.00076817 0.00510476 0.0232055 0.0722009 0.153832 0.224523 0.224526 0.153848 0.0722544 0.0233599 0.00549242 0.00161454 0.00168672 0.00266414 0.00383179 0.00482189 0.00531828 0.00517654 0.00450461 0.00358707 0.00271291 0.00204116 0.00158209 0.00126499
 1.01051e-16 3.73866e-05 0.000363411 0.002415 0.0109783 0.0341577 0.0727784 0.106233 0.106283 0.0730252 0.034986 0.0133696 0.00841297 0.0134418 0.0248308 0.0408734 0.0585992 0.0731064 0.0794246 0.0752615 0.062399 0.045559 0.0296837 0.0177163 0.0101416 0.00592255
 1.01099e-16 7.71311e-05 0.000749742 0.0049823 0.0226488 0.0704689 0.150141 0.219136 0.219139 0.150156 0.0705165 0.022787 0.00533125 0.00151847 0.00155737 0.00250526 0.0037235 0.00493502 0.0059042 0.00650651 0.00676958 0.00679984 0.00666353 0.00633503 0.00574984 0.00489741
 1.01468e-16 5.49712e-05 0.00053434 0.00355088 0.0161418 0.0502233 0.107007 0.156186 0.156216 0.107154 0.0507161 0.0175645 0.00711953 0.00831614 0.0148089 0.0243296 0.0348899 0.0435573 0.0473877 0.0450358 0.0375784 0.0278299 0.0187145 0.0119406 0.00773322 0.00540914
 1.03463e-16 5.76985e-05 0.00056085 0.00372705 0.0169426 0.0527149 0.112315 0.163932 0.163951 0.112412 0.0530383 0.0178779 0.00607917 0.00571028 0.00988032 0.0163541 0.0238102 0.0304725 0.0345449 0.0351557 0.0328082 0.028915 0.0248332 0.0211956 0.017939 0.0147727
 1.03118e-16 6.58644e-05 0.000640225 0.00425452 0.0193404 0.0601754 0.12821 0.18713 0.187144 0.128278 0.0604012 0.0199932 0.00589485 0.00422677 0.00689426 0.011338 0.0164322 0.0208887 0.0234401 0.0235045 0.0215135 0.018576 0.0157607 0.0135681 0.0119062 0.0104236
 1.02073e-16 6.68648e-05 0.00064995 0.00431915 0.0196342 0.0610894 0.130158 0.189972 0.189987 0.13023 0.0613297 0.0203284 0.00606199 0.00445592 0.00729904 0.0119714 0.0172637 0.0217626 0.024075 0.0235597 0.0207016 0.0167678 0.0130342 0.0101856 0.00823926 0.00685743
 1.05264e-16 3.21614e-05 0.00031262 0.00207747 0.00944393 0.0293838 0.0626071 0.091387 0.0914351 0.0628423 0.0301736 0.0117254 0.00780572 0.0128219 0.0238026 0.0393332 0.0567356 0.0715064 0.0790606 0.0772637 0.0676728 0.0544222 0.0416983 0.0317886 0.0248332 0.0198345
 1.05291e-16 6.6019e-05 0.000641728 0.00426451 0.0193858 0.0603166 0.128511 0.187567 0.187575 0.128549 0.0604448 0.019758 0.00520549 0.0027183 0.00407557 0.00680517 0.0101985 0.0136656 0.0166307 0.0187996 0.020256 0.0212433 0.0218368 0.0218191 0.0208588 0.0188065
 1.04643e-16 5.7681e-05 0.00056068 0.00372592 0.0169375 0.0526989 0.112282 0.163883 0.163906 0.112395 0.0530813 0.0180418 0.00649766 0.00661057 0.0115455 0.018992 0.0273487 0.0343941 0.0379181 0.0369366 0.0322944 0.0261044 0.0204749 0.016506 0.0141385 0.0126683
 1.0738e-16 4.1796e-05 0.000406272 0.00269982 0.012273 0.0381861 0.0813608 0.118755 0.118789 0.0815255 0.0387394 0.0138725 0.00671975 0.00919875 0.01679 0.0278208 0.0403754 0.0514052 0.0578085 0.0581277 0.0533549 0.0461277 0.0390107 0.0332445 0.0287008 0.0246655
 1.05452e-16 6.51638e-05 0.000633416 0.00420927 0.0191347 0.0595353 0.126847 0.185139 0.185149 0.126898 0.0597077 0.0196337 0.00546652 0.00339358 0.00535322 0.00886786 0.0130532 0.0170172 0.0198889 0.0212648 0.0214028 0.0209413 0.0203857 0.0197968 0.0188835 0.0173327
 1.03755e-16 6.18467e-05 0.000601172 0.003995 0.0181607 0.0565048 0.12039 0.175717 0.175736 0.120484 0.0568188 0.0190677 0.00627178 0.00557207 0.0095047 0.015622 0.0225165 0.0283604 0.031342 0.030646 0.026944 0.0219372 0.0173237 0.0139915 0.0119052 0.0105262
 1.07244e-16 3.417e-05 0.000332144 0.00220722 0.0100337 0.0312189 0.0665166 0.097092 0.0971347 0.0667257 0.0319209 0.0120626 0.00730379 0.0114709 0.0212263 0.0351355 0.0508399 0.0644112 0.0718469 0.0712777 0.0640287 0.0536123 0.043514 0.0355297 0.0296276 0.0248971
 1.14299e-16 4.13776e-05 0.000402205 0.00267279 0.0121501 0.0378037 0.0805455 0.117563 0.117583 0.0806463 0.038143 0.0131343 0.00515821 0.00587808 0.0105888 0.0178275 0.0265866 0.0353463 0.0425458 0.0474282 0.0503373 0.052137 0.0532802 0.0533742 0.0515589 0.047267
 1.04925e-16 7.19741e-05 0.000699613 0.00464918 0.0211345 0.0657573 0.140103 0.204486 0.204492 0.140134 0.0658602 0.0214324 0.0053988 0.00234257 0.00321196 0.00524932 0.00768423 0.0099468 0.0115201 0.0121991 0.0122117 0.0120362 0.0120548 0.0123173 0.0125653 0.0124421
pSPR Fmed_Fpbrs
0.541553   0.232714 0.232714
Fs Fmed_Fpbrs
0.36273   1.005 1.005
SSBpbr Bo_Bmed_Bpbrs
1.52475e+06  749493  278592 278592
Ro
140584
SPR SPRFo_SPRFmed_SPRFpbrs
1.00344e+06 543415 233514
Fref
1.005
Nvult_r0
 163621 13166.9 5351.39 5521.92 1771.67
CTP_r0
 30143.3 3124.19 1289.29 1331.45 427.206
YTP_r0
391295
Np
 182011 32779.5 9348.87 654.957 299.123
Nvult_p0
 149231 28271.4 8088.52 566.755 258.843
CTP_p0
 62178.4 29076.7 2105.71 849.063 1110.21
 62178.4 14021.1 4052.07 284.076 129.744
YTP_p0
 1.03255e+06 791884
CBA_c0
960350
log_Ro
11.6736
likeval ReclasPelacesDesembMPH_pf_preclas_ppelaces_ptallas_desvR_qrecl_qpela
 12.717 17.0333 0.0379887 0.000820197 240.622 117.229 99.1641 0 24.1433 2.90488e-06 1.08144e-05 0.191604 0 0 0
q_reclas_q_pelaces
1.27318 1.59657
M
1
N
 172305 36814.7 93962.7 6300.25 0.221534
 95162.8 55019.4 11143.6 28329.7 1899.18
 95791.2 26971.1 14131.3 2841.36 7704.65
 146537 27283.5 6974.55 3628.24 2706.64
 118318 36544 5875.28 1485.7 1348.63
 215892 38235.3 11245.5 1801.43 868.865
 84852.3 62649.8 10145 2964.07 703.58
 36081 18093.1 10872.9 1734.06 626.384
 35388.6 12090.7 5853.01 3508.18 761.496
 47793.7 8974.92 2664.59 1276.58 930.719
 89374.5 10470 1616.64 473.07 391.572
 128651 29321.9 3289.67 506.325 270.754
 107437 29796.2 5702.61 631.57 149.083
 75024.3 25633.7 6037.04 1141.52 156.165
 69433.5 13018 3349.18 772.392 165.841
 376251 14839.9 2266.56 574.348 160.764
 73287 90668.2 3048.21 460.097 149.127
 608606 20436 22771.6 759.665 151.765
 334826 172462 5247.61 5804.88 232.248
 269110 85220.3 38196.1 1150.32 1322.65
 370579 70357.7 19585.1 8694.81 562.641
 511701 104312 17900.9 4945.88 2336.86
 100687 134384 24121.4 4100.68 1667.45
 295516 30301.4 37489.5 6691.6 1599.66
 253914 90930.5 8715.72 10729.6 2372.34
 111062 78215.7 26194.5 2498.34 3754.62
 250856 35416.3 23631.8 7882.79 1881.3
 284142 77219.9 10192.7 6767.35 2795.35
 82297.1 89948.5 23096.9 3035.92 2847.63
 60204.9 26386.5 27381 7003.92 1783.75
 231599 18025.2 7308.97 7540.93 2419.44
pred_Ctot
 14546.1 4189.63 10892.7 731.079 0.0257081
 14106.7 10807.8 2227.04 5666.85 379.917
 13958.5 5211.62 2778.19 559.12 1516.19
 30790.4 7466.28 1939.38 1009.74 753.293
 9189.04 3832.77 627.779 158.905 144.252
 29381.9 6918.45 2070.66 332.011 160.143
 23560.1 22211.8 3649.63 1067.14 253.316
 2047.99 1394.44 854.062 136.347 49.2545
 7161.13 3193.48 1571.1 942.493 204.59
 12742.4 3065.44 923.689 442.879 322.904
 6169.66 978.254 153.911 45.0833 37.3186
 31271.7 9194.51 1047.45 161.348 86.2839
 24717.7 8876.84 1725.58 191.268 45.1509
 26604.1 11334.9 2704.24 511.686 70.0033
 19213.3 4600.97 1201.12 277.217 59.5239
 84899.1 4341.64 673.585 170.829 47.8185
 11466.9 18756.5 641.436 96.9061 31.4109
 90270.3 4016.57 4553.39 152.041 30.3761
 67195.3 45197.7 1397.68 1547.44 61.9143
 50598.8 20999.6 9568.06 288.404 331.627
 56224.6 14131.9 4001.94 1778.28 115.078
 95113.9 25426.3 4435.87 1226.67 579.611
 11771.1 20996.4 3836.66 652.857 265.482
 31006 4262.61 5370.01 959.429 229.368
 26488.3 12720.2 1241.5 1529.84 338.267
 9459.38 8978.62 3062.98 292.423 439.49
 26264.7 4971.93 3378.11 1127.91 269.2
 25364.6 9280.53 1247.71 829.223 342.54
 6757.72 9962.75 2606.06 342.884 321.635
 7204.36 4216.75 4454.23 1140.45 290.463
 30143.3 3124.19 1289.29 1331.45 427.206
F
 0.141582 0.195034 0.198988 0.199201 0.199212
 0.260825 0.359296 0.36658 0.366971 0.366992
 0.255889 0.352496 0.359643 0.360027 0.360047
 0.388757 0.535528 0.546384 0.546968 0.546999
 0.129617 0.178552 0.182172 0.182367 0.182377
 0.237218 0.326776 0.333401 0.333757 0.333776
 0.545383 0.751285 0.766516 0.767335 0.767378
 0.0933348 0.128572 0.131179 0.131319 0.131326
 0.371957 0.512384 0.522772 0.52333 0.523359
 0.518377 0.714084 0.728561 0.729339 0.72938
 0.114501 0.157729 0.160927 0.161099 0.161108
 0.462718 0.63741 0.650333 0.651027 0.651064
 0.432996 0.596468 0.60856 0.60921 0.609244
 0.75148 1.03519 1.05618 1.05731 1.05736
 0.543049 0.74807 0.763236 0.764051 0.764094
 0.423049 0.582766 0.59458 0.595216 0.595249
 0.277084 0.381694 0.389432 0.389848 0.38987
 0.260992 0.359526 0.366815 0.367207 0.367228
 0.368373 0.507447 0.517735 0.518288 0.518317
 0.341529 0.470468 0.480006 0.480519 0.480546
 0.267682 0.368741 0.376217 0.376618 0.37664
 0.33704 0.464285 0.473698 0.474204 0.47423
 0.200822 0.27664 0.282249 0.28255 0.282566
 0.178627 0.246065 0.251054 0.251322 0.251336
 0.177524 0.244546 0.249504 0.24977 0.249784
 0.142919 0.196877 0.200868 0.201083 0.201094
 0.178221 0.245506 0.250483 0.250751 0.250765
 0.150238 0.206958 0.211154 0.21138 0.211392
 0.137484 0.189389 0.193228 0.193435 0.193446
 0.205984 0.28375 0.289503 0.289812 0.289828
 0.22583 0.311089 0.317396 0.317735 0.317752
YTP_r0W_actual
 250189 44051 35584.5 45535.7 15934.8
YTP_p0W_proyectada
 465716 455632 48705.1 24937 37558.5
 465716 219711 93724.3 8343.3 4389.24
CTP_r0_actual
 30143.3 3124.19 1289.29 1331.45 427.206
CTP_p0_proyectada
 62178.4 29076.7 2105.71 849.063 1110.21
 62178.4 14021.1 4052.07 284.076 129.744
Wmedp
 7.49 15.67 23.13 29.37 33.83
Frms_r0
 0.22583 0.311089 0.317396 0.317735 0.317752
Zrms_r0
 1.22583 1.31109 1.3174 1.31773 1.31775
nmprior
 8.19 8.8 8.5 0
nm_flota  nm_reclas  nm_pelaces    nm_pelaL
inf 13.6338 19.7424 48.3082
cv_recla  cv_pelaces  cv_mph
0.322564 0.467974 0.883821
 ------------------------------------------------
Talla a la edad & desviaci?n 
 8 13.2811 15.8009 17.003 17.5766
 0.8 1.32811 1.58009 1.7003 1.75766
