years
 1991 1992 1993 1994 1995 1996 1997 1998 1999 2000 2001 2002 2003 2004 2005 2006 2007 2008 2009 2010 2011 2012 2013 2014 2015 2016 2017 2018 2019
reclasobs
 0 0 0 0 0 0 0 0 0 252601 567819 844713 477998 351125 339783 2.1784e+06 2.13404e+06 4.81314e+06 1.55562e+06 2.62356e+06 3.21686e+06 3.843e+06 1.13348e+06 3.07943e+06 1.97215e+06 2.03268e+06 2.025e+06 2.42433e+06 2.27542e+06
reclaspred
 3.22358e+06 1.7717e+06 893909 917372 926556 1.60117e+06 917539 784247 555304 377782 502214 681606 667848 494330 483901 1.35681e+06 1.20376e+06 3.10138e+06 2.46294e+06 1.79405e+06 3.1142e+06 2.54883e+06 1.93893e+06 3.06898e+06 2.29307e+06 2.03049e+06 2.48371e+06 2.47519e+06 1.95026e+06
pelacesobs
 0 0 0 0 0 0 0 0 0 0 0 0 0 0 0 552880 188675 0 991730 2.46772e+06 1.41603e+06 1.21717e+06 2.29649e+06 1.80582e+06 0 1.4828e+06 1.56532e+06 1.57751e+06 1.42118e+06
pelacespred
 1.77994e+06 1.07164e+06 529419 445242 486422 869781 441481 496322 323752 202845 290025 324960 352805 265561 269657 638994 578234 1.73644e+06 1.39849e+06 932045 1.61995e+06 1.39115e+06 1.08628e+06 1.89625e+06 1.35516e+06 1.20695e+06 1.68214e+06 1.65274e+06 1.08019e+06
mphobs
 0 0 0 0 0 0 0 0 0 0 0 498337 0 5186 125008 0 168611 109162 213762 579715 649985 157893 87575 83554 0 0 0 0 0
mphpred
 492056 330224 159744 87949.3 96670 115309 159407 87331.2 77938 49129 30298.2 60665.6 65183.6 53384.8 32617.9 41370.4 152343 133817 309494 217274 229414 281683 269519 215014 310127 257079 210758 231019 300572
desembarqueobs
 494567 514787 250237 358949 120608 361735 552515 73892 212993 205616 52469 317467 293654 387597 252695 516296 358380 742168 942051 627588 828172 859565 418607 520667 417249 300574 415391 372974 316634
desembarquepred
 494572 513805 250702 358982 120614 361742 552541 73897.4 213054 205670 52471.7 317528 293690 387581 252672 516227 358405 742022 941758 627378 828244 859536 418607 520689 417235 300568 415375 372937 316620
Reclutas
 173653 96721.9 94698.4 148699 118984 218952 86171.1 36108.6 35359.1 47713.7 88956.2 128708 107238 75067.8 68974.3 374896 72797.2 606268 334474 268743 369691 513121 100272 295457 256283 112416 257146 254687 84255.2
log_desv_Rt
 0.199628 -0.385589 -0.406731 0.0444975 -0.178438 0.431424 -0.501094 -1.3709 -1.39187 -1.09221 -0.469285 -0.099886 -0.28238 -0.639037 -0.723694 0.96922 -0.669751 1.44989 0.85513 0.636326 0.95524 1.28308 -0.349543 0.731093 0.588855 -0.235226 0.592214 0.582606 -0.523578
SSB
 2.11047e+06 1.41636e+06 685155 377223 414627 494571 683710 374572 334283 210719 129952 260200 279578 228972 139901 177442 653412 573953 1.32745e+06 931910 983979 1.20817e+06 1.15599e+06 922214 1.33016e+06 1.10263e+06 903963 990863 1.28918e+06
BT
 2.97223e+06 2.04107e+06 1.00225e+06 942427 797879 1.57389e+06 1.12636e+06 784318 679717 491391 467642 736478 778682 789107 646693 1.35256e+06 1.11347e+06 3.19811e+06 2.92573e+06 1.90402e+06 3.03557e+06 2.80821e+06 1.92941e+06 3.25218e+06 2.34009e+06 2.00935e+06 2.87598e+06 2.78222e+06 1.81585e+06
Ftot
 0.195758 0.359688 0.352851 0.524912 0.175412 0.316208 0.733912 0.125891 0.502569 0.702086 0.153639 0.625435 0.588021 1.01693 0.731656 0.563315 0.381147 0.350666 0.502454 0.466804 0.364626 0.457224 0.276882 0.241666 0.241672 0.194528 0.236227 0.213332 0.204076
BD_Bspro_t
 0.969164 0.78581 0.583495 0.482529 0.476662 0.570048 0.573406 0.381899 0.436845 0.37535 0.330984 0.584415 0.463081 0.368522 0.25406 0.303996 0.498166 0.453922 0.59072 0.47382 0.440787 0.488815 0.505959 0.488987 0.611283 0.62259 0.630036 0.675998 0.714607
BD_Bspro
 2.0879 1.40121 0.677827 0.373188 0.410192 0.489281 0.676397 0.370565 0.330708 0.208465 0.128562 0.257417 0.276588 0.226523 0.138405 0.175544 0.646423 0.567814 1.31325 0.921943 0.973455 1.19524 1.14363 0.91235 1.31593 1.09084 0.894294 0.980265 1.27539
BD_Bo
 1.36939 0.919015 0.444567 0.244763 0.269033 0.320906 0.44363 0.243043 0.216902 0.136726 0.08432 0.168833 0.181406 0.14857 0.090776 0.115134 0.423971 0.372413 0.861324 0.604676 0.638461 0.783927 0.750073 0.598385 0.863084 0.715452 0.586542 0.642928 0.836494
BD_Brms
 8.0854 5.4262 2.62489 1.44517 1.58847 1.89474 2.61935 1.43502 1.28067 0.807281 0.497856 0.996849 1.07109 0.877212 0.535974 0.679794 2.50328 2.19886 5.08557 3.57022 3.7697 4.62858 4.4287 3.53308 5.09596 4.22428 3.46316 3.79608 4.93896
Sel_flota
 0.762833 1 1 1 1
 0.762833 1 1 1 1
 0.762833 1 1 1 1
 0.762833 1 1 1 1
 0.762833 1 1 1 1
 0.762833 1 1 1 1
 0.762833 1 1 1 1
 0.762833 1 1 1 1
 0.762833 1 1 1 1
 0.762833 1 1 1 1
 0.762833 1 1 1 1
 0.762833 1 1 1 1
 0.762833 1 1 1 1
 0.762833 1 1 1 1
 0.762833 1 1 1 1
 0.762833 1 1 1 1
 0.762833 1 1 1 1
 0.762833 1 1 1 1
 0.762833 1 1 1 1
 0.762833 1 1 1 1
 0.762833 1 1 1 1
 0.762833 1 1 1 1
 0.762833 1 1 1 1
 0.762833 1 1 1 1
 0.762833 1 1 1 1
 0.762833 1 1 1 1
 0.762833 1 1 1 1
 0.762833 1 1 1 1
 0.762833 1 1 1 1
Sel_reclas
 1 1 1 1 1
 1 1 1 1 1
 1 1 1 1 1
 1 1 1 1 1
 1 1 1 1 1
 1 1 1 1 1
 1 1 1 1 1
 1 1 1 1 1
 1 1 1 1 1
 1 1 1 1 1
 1 1 1 1 1
 1 1 1 1 1
 1 1 1 1 1
 1 1 1 1 1
 1 1 1 1 1
 1 1 1 1 1
 1 1 1 1 1
 1 1 1 1 1
 1 1 1 1 1
 1 1 1 1 1
 1 1 1 1 1
 1 1 1 1 1
 1 1 1 1 1
 1 1 1 1 1
 1 1 1 1 1
 1 1 1 1 1
 1 1 1 1 1
 1 1 1 1 1
 1 1 1 1 1
Sel_pelaces
 0.972441 1 1 1 1
 0.972441 1 1 1 1
 0.972441 1 1 1 1
 0.972441 1 1 1 1
 0.972441 1 1 1 1
 0.972441 1 1 1 1
 0.972441 1 1 1 1
 0.972441 1 1 1 1
 0.972441 1 1 1 1
 0.972441 1 1 1 1
 0.972441 1 1 1 1
 0.972441 1 1 1 1
 0.972441 1 1 1 1
 0.972441 1 1 1 1
 0.972441 1 1 1 1
 0.972441 1 1 1 1
 0.972441 1 1 1 1
 0.972441 1 1 1 1
 0.972441 1 1 1 1
 0.972441 1 1 1 1
 0.972441 1 1 1 1
 0.972441 1 1 1 1
 0.972441 1 1 1 1
 0.972441 1 1 1 1
 0.972441 1 1 1 1
 0.972441 1 1 1 1
 0.972441 1 1 1 1
 0.972441 1 1 1 1
 0.972441 1 1 1 1
pf_obs 
 0.8446 0.082 0.0669 0.0065 0
 0.8095 0.147 0.0364 0.0071 0
 0.9664 0.0169 0.016 0.0007 0
 0.9276 0.0648 0.0075 0.0001 0
 0.7033 0.2144 0.0806 0.0017 0
 0.9318 0.0425 0.0243 0.0014 0
 0.5671 0.3108 0.0964 0.0239 0.0018
 0.0768 0.2599 0.5324 0.112 0.0189
 0.490249 0.384438 0.106611 0.0170017 0.00170017
 0.7925 0.1577 0.0466 0.003 0.0002
 0.840416 0.127587 0.0312969 0.00059994 9.999e-05
 0.8084 0.0986 0.0794 0.0134 0.0002
 0.7335 0.1905 0.0724 0.0035 0.0001
 0.4001 0.4547 0.1325 0.0127 0
 0.49795 0.308269 0.164784 0.0264974 0.00249975
 0.9179 0.0499 0.0305 0.0017 0
 0.2467 0.6533 0.0926 0.0074 0
 0.9418 0.0223 0.034 0.0019 0
 0.707729 0.231977 0.0356964 0.0245975 0
 0.517169 0.277429 0.184464 0.0207286 0.00020938
 0.811772 0.124168 0.05621 0.00726502 0.000585176
 0.764997 0.148141 0.077277 0.00933861 0.000247198
 0.163321 0.427699 0.378323 0.0303852 0.000271297
 0.753843 0.0900009 0.118128 0.0371064 0.000921714
 0.721811 0.176058 0.0630433 0.0369309 0.00215725
 0.143369 0.312575 0.442814 0.0836902 0.0175525
 0.692698 0.0596174 0.167031 0.0765114 0.00414204
 0.394062 0.376323 0.152708 0.0712218 0.00568511
 0.125707 0.32114 0.495352 0.0537591 0.00404204
pf_pred 
 0.495875 0.136043 0.344907 0.0231737 8.23903e-07
 0.441478 0.318359 0.0648102 0.164312 0.0110402
 0.590257 0.213809 0.111683 0.0227359 0.0615148
 0.748301 0.167426 0.0439747 0.0229701 0.0173281
 0.670508 0.266236 0.0420768 0.0110516 0.0101276
 0.76692 0.170666 0.0504319 0.00797042 0.00401187
 0.475519 0.429348 0.0696583 0.020584 0.00489063
 0.467486 0.303632 0.187366 0.0303986 0.011117
 0.557956 0.238459 0.116082 0.0716317 0.0158718
 0.736597 0.168679 0.0510982 0.0248745 0.0187506
 0.843298 0.1258 0.0197893 0.0059948 0.00511806
 0.757991 0.212527 0.0236682 0.00372319 0.00209079
 0.706018 0.240572 0.0469033 0.00522341 0.00128311
 0.657048 0.265597 0.0633016 0.0123416 0.00171206
 0.766983 0.173834 0.0458335 0.0109238 0.00242522
 0.944921 0.0456061 0.00706693 0.00186328 0.000542682
 0.381151 0.594516 0.0201479 0.00312204 0.00106291
 0.916571 0.0384055 0.0432528 0.00146582 0.000304467
 0.594793 0.380111 0.0115525 0.0130106 0.000532509
 0.632399 0.247895 0.112292 0.00341283 0.00400088
 0.748692 0.177693 0.0496431 0.0224874 0.00148466
 0.761282 0.192056 0.0329933 0.00921754 0.00445105
 0.325121 0.551455 0.0992983 0.0170584 0.00706703
 0.753805 0.0976118 0.12141 0.0218618 0.00531153
 0.640766 0.289532 0.0276355 0.0343731 0.00769321
 0.440862 0.395642 0.131773 0.0125776 0.0191454
 0.743507 0.132126 0.088001 0.0293097 0.007056
 0.666757 0.265641 0.0348234 0.0231937 0.00958459
 0.375341 0.455981 0.134459 0.0176265 0.0165914
pobs_RECLAS
 0 0 0 0 0
 0 0 0 0 0
 0 0 0 0 0
 0 0 0 0 0
 0 0 0 0 0
 0 0 0 0 0
 0 0 0 0 0
 0 0 0 0 0
 0 0 0 0 0
 0 0 0 0 0
 0.991045 0.00858322 0.000360255 1.14367e-05 0
 0.934742 0.0480273 0.0164251 0.00080598 0
 0.827803 0.169806 0.00239088 0 0
 0.941827 0.0461693 0.0120037 0 0
 0.791401 0.0380133 0.147996 0.0225897 0
 0.846168 0.0940531 0.0597789 0 0
 0.134021 0.677848 0.182769 0.00536245 0
 0.80878 0.0450904 0.141981 0.00414843 0
 0.846168 0.0940531 0.0597789 0 0
 0.905697 0.0802665 0.012482 0.00150086 5.37128e-05
 0.989698 0.0102097 9.19794e-05 0 0
 0.975433 0.0193895 0.00387452 0.00125025 5.28907e-05
 0.303575 0.632131 0.0575291 0.00676475 0
 0.966965 0.00978017 0.0227588 0.000495775 0
 0.843318 0.132988 0.00938335 0.0141283 0.000182051
 0.564624 0.303363 0.111486 0.0197234 0.00080311
 0.826376 0.0876187 0.0782897 0.00655872 0.00115652
 0.89761 0.0855135 0.0140674 0.00269457 0.000114338
 0.34875 0.467042 0.161289 0.0227151 0.000203297
ppred_RECLAS
 0.564305 0.117577 0.298089 0.0200281 7.12066e-07
 0.511162 0.27864 0.0567242 0.143812 0.00966278
 0.655801 0.179608 0.0938178 0.019099 0.0516748
 0.798178 0.134248 0.0352606 0.0184183 0.0138943
 0.728122 0.219683 0.0347193 0.00911912 0.00835671
 0.812981 0.136939 0.0404656 0.00639531 0.00321905
 0.548741 0.369408 0.0599334 0.0177103 0.00420786
 0.535736 0.264717 0.163352 0.0265025 0.00969222
 0.62655 0.201457 0.0980686 0.0605162 0.0134089
 0.789283 0.13494 0.0408775 0.0198991 0.0150001
 0.876215 0.0993742 0.0156323 0.00473552 0.00404295
 0.807035 0.169457 0.0188717 0.00296867 0.00166708
 0.76203 0.194736 0.0379669 0.0042282 0.00103864
 0.722498 0.21491 0.051221 0.00998633 0.00138532
 0.815303 0.137787 0.0363291 0.00865858 0.0019223
 0.958078 0.034712 0.00537881 0.00141819 0.000413049
 0.449134 0.529206 0.0179346 0.00277907 0.000946145
 0.935607 0.0296427 0.033384 0.00113137 0.000234998
 0.661142 0.317872 0.00966089 0.0108802 0.000445316
 0.695476 0.205358 0.0930237 0.00282721 0.00331436
 0.797642 0.143082 0.0399736 0.0181073 0.00119548
 0.808875 0.153766 0.0264154 0.00737984 0.00356364
 0.388652 0.499543 0.0899507 0.0154526 0.00640176
 0.80145 0.0787213 0.0979138 0.017631 0.00428361
 0.701628 0.240479 0.0229534 0.0285495 0.00638981
 0.509363 0.347171 0.115629 0.0110367 0.0167998
 0.792572 0.106851 0.071167 0.023703 0.00570623
 0.724953 0.219251 0.028742 0.0191432 0.00791078
 0.441765 0.407494 0.120162 0.0157522 0.0148271
pobs_PELACES
 0 0 0 0 0
 0 0 0 0 0
 0 0 0 0 0
 0 0 0 0 0
 0 0 0 0 0
 0 0 0 0 0
 0 0 0 0 0
 0 0 0 0 0
 0 0 0 0 0
 0 0 0 0 0
 0 0 0 0 0
 0 0 0 0 0
 0 0 0 0 0
 0 0 0 0 0
 0 0 0 0 0
 0 0 0 0 0
 0.505614 0.472636 0.0217494 0 0
 0 0 0 0 0
 0.443492 0.261883 0.143347 0.151278 0
 0.227955 0.32914 0.350689 0.0885471 0.00366901
 0.970185 0.0296113 0.000203453 0 0
 0.997202 0.00247181 0.000326279 0 0
 0.445219 0.490057 0.0546422 0.010081 0
 0.90214 0.0892962 0.00764917 0.000914606 0
 0 0 0 0 0
 0.581667 0.319106 0.0959925 0.00289975 0.000334073
 0.762889 0.0836404 0.116647 0.0363945 0.000428098
 0.88444 0.0763242 0.0277011 0.0115352 0
 0.521256 0.241999 0.230069 0.00667565 0
ppred_PELACES
 0.561199 0.118415 0.300215 0.0201709 7.17143e-07
 0.511213 0.27861 0.0567183 0.143797 0.00966177
 0.655726 0.179647 0.0938381 0.0191032 0.0516859
 0.800286 0.132846 0.0348924 0.018226 0.0137492
 0.725299 0.221964 0.0350799 0.00921382 0.0084435
 0.812494 0.137296 0.0405709 0.00641195 0.00322743
 0.556033 0.363438 0.0589648 0.0174241 0.00413986
 0.531233 0.267285 0.164936 0.0267596 0.00978622
 0.629211 0.200021 0.0973699 0.0600851 0.0133134
 0.793739 0.132086 0.0400131 0.0194783 0.0146829
 0.874478 0.100769 0.0158517 0.00480198 0.00409969
 0.810285 0.166603 0.0185539 0.00291867 0.001639
 0.765292 0.192067 0.0374464 0.00417024 0.0010244
 0.732732 0.206984 0.0493319 0.00961803 0.00133423
 0.819677 0.134524 0.0354687 0.00845352 0.00187678
 0.958722 0.0341791 0.00529624 0.00139642 0.000406708
 0.4496 0.528758 0.0179194 0.00277672 0.000945344
 0.935577 0.0296566 0.0333996 0.0011319 0.000235108
 0.663686 0.315485 0.00958835 0.0107985 0.000441972
 0.697292 0.204134 0.092469 0.00281035 0.0032946
 0.797738 0.143014 0.0399547 0.0180988 0.00119491
 0.810084 0.152793 0.0262483 0.00733316 0.0035411
 0.387162 0.50076 0.0901699 0.0154903 0.00641737
 0.800009 0.0792927 0.0986245 0.0177589 0.0043147
 0.699734 0.242006 0.0230991 0.0287308 0.00643037
 0.506183 0.349421 0.116379 0.0111082 0.0169087
 0.791013 0.107655 0.0717019 0.0238811 0.00574912
 0.722705 0.221043 0.028977 0.0192997 0.00797546
 0.438815 0.409648 0.120797 0.0158355 0.0149055
pobs_pel_tallas
 0 0 0 0 0 0 0 0 0 0 0 0 0 0 0 0 0 0 0 0 0 0 0 0 0 0
 0 0 0 0 0 0 0 0 0 0 0 0 0 0 0 0 0 0 0 0 0 0 0 0 0 0
 0 0 0 0 0 0 0 0 0 0 0 0 0 0 0 0 0 0 0 0 0 0 0 0 0 0
 0 0 0 0 0 0 0 0 0 0 0 0 0 0 0 0 0 0 0 0 0 0 0 0 0 0
 0 0 0 0 0 0 0 0 0 0 0 0 0 0 0 0 0 0 0 0 0 0 0 0 0 0
 0 0 0 0 0 0 0 0 0 0 0 0 0 0 0 0 0 0 0 0 0 0 0 0 0 0
 0 0 0 0 0 0 0 0 0 0 0 0 0 0 0 0 0 0 0 0 0 0 0 0 0 0
 0 0 0 0 0 0 0 0 0 0 0 0 0 0 0 0 0 0 0 0 0 0 0 0 0 0
 0 0 0 0 0 0 0 0 0 0 0 0 0 0 0 0 0 0 0 0 0 0 0 0 0 0
 0 0 0 0 0 0 0 0 0 0 0 0 0 0 0 0 0 0 0 0 0 0 0 0 0 0
 0 0 0 0 0 0 0 0 0 0 0 0 0 0 0 0 0 0 0 0 0 0 0 0 0 0
 0 0 0 0 0 0 0 0 0 0 0 0 0 0 0 0 0 0 0 0 0 0 0 0 0 0
 0.00862536 0 0 0.000197151 0.00414017 0.0128641 0.00837892 0.0270097 0.101434 0.158115 0.152841 0.127902 0.109271 0.109419 0.0830992 0.0579132 0.0238553 0.00714673 0.00463305 0.00128148 0.00103504 0.000492878 0.000147863 0.000147863 4.92878e-05 0
 0 0 0 0 0 0 0 0 0 0 0 0 0 0 0 0 0 0 0 0 0 0 0 0 0 0
 0 0 0 0 0 0 0 0.0054083 0.00873648 0.0413646 0.0450493 0.0745869 0.0622846 0.0627006 0.0613931 0.0827291 0.12552 0.122667 0.0946155 0.0697135 0.0546179 0.0294188 0.0215738 0.0213955 0.0102223 0.00600262
 0 0 0 0 0.00359764 0.0251062 0.0480494 0.140153 0.205849 0.193036 0.1447 0.116669 0.0760912 0.0342217 0.00950174 0.001854 0.000860785 0 0 0 0.000165536 0 0.000143464 0 0 0
 0 0 0 0 0 0 0 0.000145254 0.000435761 0.0275982 0.070085 0.0708112 0.156366 0.174668 0.174014 0.160142 0.0824315 0.0480064 0.0283245 0.00493863 0.00203355 0 0 0 0 0
 0 0 0 0 0 0 0 0 0 0 0 0 0 0 0 0 0 0 0 0 0 0 0 0 0 0
 0 0 1.00437e-05 0.000401748 0.00122533 0.00171747 0.00176769 0.0269171 0.070346 0.194647 0.189555 0.159765 0.064822 0.0314167 0.0384472 0.0292271 0.0345202 0.0313363 0.0194345 0.0106764 0.0143323 0.0359363 0.0279516 0.0138201 0.00172751 0
 0 0.0021121 0.0136068 0.0755702 0.200478 0.177729 0.0527432 0.0373336 0.0318909 0.0142505 0.0149659 0.0166563 0.0217959 0.0798694 0.0677717 0.0528807 0.04013 0.0224614 0.0357745 0.0225083 0.00881397 0.00855152 0.00135912 0.000746735 0 0
 0 0 0 0 5.4009e-05 0.00500934 0.000945158 0.0243581 0.138947 0.33067 0.221406 0.137944 0.0707744 0.0437923 0.0131692 0.00525238 0.0047753 0.00276346 9.45158e-05 9.00151e-06 2.25038e-05 9.00151e-06 4.50075e-06 0 0 0
 0.000866109 0.00284123 0.00948549 0.0512746 0.133035 0.25785 0.225252 0.132002 0.0553304 0.0519788 0.0540692 0.017754 0.00435017 0.00159236 0.00146478 0.000404838 0.000125132 0.000115318 0.000107957 0.000100596 0 0 0 0 0 0
 0 0 0 0 0.00144013 0.00171154 0.00461396 0.0210425 0.0478622 0.0707936 0.0888783 0.103762 0.0637923 0.0337046 0.0602308 0.124433 0.169614 0.0934646 0.0462172 0.0250306 0.0313229 0.00938855 0.002487 0.000210481 0 0
 0 0.00764035 0.051015 0.0998891 0.058973 0.0496711 0.0374665 0.0718981 0.12319 0.153886 0.159021 0.0857701 0.0377988 0.023471 0.0147837 0.00900784 0.00315554 0.000888139 0.00291439 0.00214683 0.00393193 0.00274676 0.000635225 9.99891e-05 0 0
 0 0 0 0 0 0 0 0 0 0 0 0 0 0 0 0 0 0 0 0 0 0 0 0 0 0
 0 0 0 0 0 0 0 0 0 0 0 0 0 0 0 0 0 0 0 0 0 0 0 0 0 0
 0 0 0 0 0 0 0 0 0 0 0 0 0 0 0 0 0 0 0 0 0 0 0 0 0 0
 0 0 0 0 0 0 0 0 0 0 0 0 0 0 0 0 0 0 0 0 0 0 0 0 0 0
 0 0 0 0 0 0 0 0 0 0 0 0 0 0 0 0 0 0 0 0 0 0 0 0 0 0
ppred_pel_tallas
 1.10717e-16 4.62252e-05 0.000449326 0.00298593 0.0135736 0.0422326 0.0899814 0.131333 0.131345 0.0900395 0.0424291 0.0141468 0.00444596 0.00370681 0.00643808 0.0111045 0.0172329 0.0242481 0.0314981 0.0385283 0.045076 0.0507166 0.0545593 0.0554289 0.0525084 0.0459461
 1.17764e-16 4.2108e-05 0.000409305 0.00271998 0.0123646 0.0384711 0.0819677 0.11964 0.119667 0.0820994 0.0389133 0.013643 0.00593326 0.00743941 0.0134415 0.0222887 0.0324401 0.0415603 0.0473605 0.0489502 0.0474196 0.0450625 0.0438242 0.0441759 0.045117 0.0450494
 1.13417e-16 5.40113e-05 0.000525009 0.00348887 0.0158599 0.0493462 0.105138 0.153456 0.153473 0.105223 0.0496328 0.0166893 0.00557681 0.00510325 0.00880918 0.0146381 0.0214641 0.0278139 0.0322336 0.0341006 0.0339758 0.0331286 0.0326216 0.0326899 0.0327987 0.03216
 1.05196e-16 6.59186e-05 0.000640752 0.00425802 0.0193564 0.0602249 0.128316 0.187284 0.187296 0.128379 0.0604356 0.0199655 0.00578878 0.00398809 0.00644016 0.0105884 0.0153576 0.0195549 0.0220193 0.022241 0.0206616 0.0183487 0.0163062 0.0149624 0.01414 0.0133812
 1.03423e-16 5.97419e-05 0.000580713 0.00385904 0.0175427 0.0545818 0.116293 0.169738 0.169759 0.116398 0.054933 0.018557 0.00640565 0.00614135 0.0106245 0.0174811 0.0252034 0.0317535 0.0350967 0.0343013 0.0300891 0.0243324 0.0189168 0.0148552 0.0121666 0.0103304
 1.02396e-16 6.69241e-05 0.000650526 0.00432297 0.0196516 0.0611436 0.130273 0.190141 0.190154 0.130338 0.0613614 0.0202812 0.00590486 0.00410918 0.00665134 0.0109313 0.0158367 0.0201156 0.0225335 0.0225125 0.0204506 0.0174075 0.0144233 0.0120164 0.0101563 0.0085669
 1.04243e-16 4.57998e-05 0.00044519 0.00295845 0.0134487 0.0418441 0.0891545 0.130131 0.130166 0.0893258 0.0424191 0.0151097 0.00712843 0.0095506 0.0173455 0.0286211 0.0412679 0.051986 0.0574375 0.0560801 0.0490715 0.0394523 0.0302941 0.0232637 0.0184328 0.0150202
 1.09168e-16 4.3757e-05 0.000425334 0.00282649 0.0128488 0.0399777 0.0851776 0.124325 0.124351 0.0853046 0.0404046 0.0140846 0.00593822 0.00725099 0.013103 0.0218437 0.0320487 0.0415281 0.0480423 0.0505107 0.0495387 0.0467641 0.0436076 0.0404868 0.0369857 0.0325827
 1.1114e-16 5.18273e-05 0.00050378 0.00334779 0.0152186 0.0473508 0.100887 0.147251 0.14727 0.100981 0.0476698 0.0161416 0.0056712 0.00559752 0.00979043 0.0162756 0.0238513 0.0308757 0.0357179 0.0376657 0.0373141 0.0360333 0.0349562 0.034308 0.0335056 0.0317637
 1.05627e-16 6.53793e-05 0.00063551 0.00422319 0.019198 0.0597322 0.127266 0.185751 0.185764 0.127329 0.0599419 0.0198043 0.00574727 0.00396969 0.00641884 0.0105651 0.01535 0.0196003 0.0221736 0.0225685 0.0212165 0.0191541 0.0173409 0.0161611 0.0154075 0.0146157
 1.01659e-16 7.20296e-05 0.000700153 0.00465277 0.0211508 0.065808 0.140211 0.204645 0.204654 0.140259 0.0659675 0.0216113 0.00580894 0.00322476 0.00486873 0.00794049 0.011445 0.0144222 0.015947 0.0155984 0.0137058 0.01112 0.00869616 0.00689022 0.00570458 0.00489587
 1.01149e-16 6.67421e-05 0.000648757 0.00431122 0.0195982 0.0609774 0.129919 0.189624 0.18964 0.129998 0.0612406 0.0203585 0.00621928 0.00481263 0.00797045 0.0130599 0.0187802 0.0235597 0.0258432 0.0249118 0.021307 0.0164644 0.0118612 0.00833954 0.00599462 0.00449295
 1.01722e-16 6.30361e-05 0.000612734 0.00407183 0.01851 0.0575915 0.122705 0.179096 0.179115 0.122796 0.0578955 0.0193883 0.00627726 0.00542948 0.00921749 0.0151555 0.0218642 0.0275723 0.0305112 0.0298531 0.0261836 0.0210757 0.016124 0.0122039 0.00938237 0.00730515
 1.02667e-16 6.03542e-05 0.000586665 0.00389859 0.0177225 0.0551412 0.117485 0.171477 0.171497 0.117583 0.0554692 0.0186702 0.00627899 0.00578816 0.00995376 0.0163986 0.0237067 0.029998 0.0333906 0.0330039 0.0294575 0.0244015 0.0194825 0.0155624 0.0126494 0.0103379
 1.02224e-16 6.75158e-05 0.000656277 0.00436119 0.0198254 0.0616841 0.131425 0.191821 0.191834 0.131489 0.0618974 0.0204418 0.00590975 0.00404113 0.00650875 0.0106869 0.0154666 0.0196137 0.021914 0.0218024 0.0196796 0.0166031 0.0136148 0.0112396 0.00945083 0.00796577
 1.00371e-16 7.89686e-05 0.000767603 0.00510099 0.0231884 0.0721477 0.153718 0.224357 0.22436 0.153734 0.0722017 0.0233445 0.00549304 0.00162359 0.00170505 0.00269486 0.00387683 0.0048802 0.00538577 0.00524777 0.00457531 0.00365559 0.00277975 0.00210727 0.00164727 0.00132748
 1.01091e-16 3.70331e-05 0.000359975 0.00239216 0.0108744 0.0338347 0.0720903 0.105229 0.105279 0.0723388 0.0346689 0.0132826 0.00843244 0.0135307 0.0250057 0.0411629 0.0590157 0.073629 0.0799983 0.0758156 0.0628751 0.0459307 0.0299575 0.017917 0.0102953 0.00604708
 1.01125e-16 7.70622e-05 0.000749072 0.00497785 0.0226286 0.0704059 0.150007 0.218941 0.218944 0.150022 0.0704538 0.0227673 0.00532827 0.00152116 0.00156417 0.00251785 0.00374455 0.00496752 0.00595122 0.00657081 0.00685284 0.00690138 0.00677915 0.00645695 0.00586824 0.00500296
 1.01516e-16 5.4667e-05 0.000531383 0.00353123 0.0160525 0.0499453 0.106415 0.155322 0.155352 0.106563 0.0504431 0.0174894 0.00713562 0.00839117 0.0149566 0.0245739 0.0352412 0.0439978 0.0478709 0.0455023 0.0379799 0.0281461 0.0189531 0.0121243 0.00788472 0.00554213
 1.03561e-16 5.74351e-05 0.00055829 0.00371003 0.0168653 0.0524742 0.111803 0.163183 0.163203 0.111899 0.0527991 0.0178047 0.00607275 0.00573134 0.00992635 0.0164343 0.0239345 0.030647 0.0347708 0.0354315 0.0331307 0.0292789 0.0252276 0.0216014 0.0183307 0.0151249
 1.03207e-16 6.57086e-05 0.000638711 0.00424446 0.0192947 0.0600331 0.127907 0.186687 0.186701 0.127975 0.06026 0.0199505 0.00589235 0.00424194 0.0069263 0.0113926 0.0165141 0.0209987 0.023575 0.0236599 0.0216869 0.0187682 0.0159733 0.0137994 0.0121488 0.0106645
 1.02132e-16 6.67256e-05 0.000648596 0.00431015 0.0195933 0.0609622 0.129887 0.189577 0.189592 0.129959 0.061204 0.0202918 0.00606388 0.00447841 0.00734445 0.0120474 0.0173747 0.0219058 0.0242395 0.0237316 0.0208699 0.0169285 0.0131892 0.0103386 0.00839128 0.0070054
 1.0537e-16 3.18902e-05 0.000309984 0.00205995 0.00936428 0.029136 0.0620791 0.0906164 0.0906647 0.0623151 0.0299285 0.0116536 0.00780796 0.0128626 0.0238853 0.0394722 0.0569398 0.071772 0.07937 0.0775932 0.0680036 0.0547462 0.0420163 0.032103 0.0251412 0.0201269
 1.05378e-16 6.58957e-05 0.00064053 0.00425655 0.0193496 0.060204 0.128271 0.187217 0.187225 0.128309 0.0603323 0.0197221 0.00519836 0.00271919 0.00408021 0.00681514 0.0102178 0.0137004 0.0166891 0.0188906 0.0203874 0.0214186 0.0220526 0.0220642 0.0211161 0.0190566
 1.04699e-16 5.76362e-05 0.000560245 0.00372302 0.0169243 0.052658 0.112194 0.163756 0.163779 0.112308 0.0530405 0.0180291 0.00649576 0.00661234 0.0115497 0.0189993 0.02736 0.0344101 0.0379395 0.0369647 0.0323318 0.0261545 0.0205412 0.0165903 0.0142394 0.0127807
 1.07424e-16 4.16937e-05 0.000405278 0.00269322 0.012243 0.0380927 0.0811617 0.118465 0.118499 0.0813268 0.0386474 0.0138467 0.00672382 0.00922105 0.0168341 0.0278938 0.0404805 0.0515374 0.0579543 0.0582703 0.053481 0.0462328 0.0390989 0.0333241 0.0287793 0.0247465
 1.05465e-16 6.51547e-05 0.000633327 0.00420868 0.0191321 0.059527 0.126829 0.185113 0.185123 0.12688 0.0596993 0.0196308 0.00546519 0.00339191 0.00535031 0.00886334 0.0130474 0.0170111 0.0198848 0.0212653 0.0214101 0.0209563 0.0204081 0.0198249 0.0189149 0.0173646
 1.04178e-16 5.95283e-05 0.000578636 0.00384524 0.0174799 0.0543866 0.115877 0.169131 0.169152 0.115981 0.0547362 0.0184897 0.00638008 0.00611293 0.0105726 0.0173916 0.0250676 0.0315728 0.0348906 0.0341131 0.0299885 0.0244114 0.0192728 0.0155621 0.01324 0.0117068
 1.07702e-16 3.61447e-05 0.000351339 0.00233477 0.0106136 0.0330229 0.0703603 0.102701 0.102741 0.0705538 0.0336728 0.0124919 0.00705452 0.0106706 0.0196813 0.0326028 0.0472486 0.0600156 0.0672323 0.0671796 0.061054 0.0520276 0.0432136 0.0361624 0.0307744 0.0262028
pSPR Fmed_Fpbrs
0.535336   0.219366 0.219366
Fs Fmed_Fpbrs
0.355521   1.005 1.005
SSBpbr Bo_Bmed_Bpbrs
1.54117e+06  747987  261023 261023
Ro
142228
SPR SPRFo_SPRFmed_SPRFpbrs
1.01081e+06 541124 221738
Fref
1.005
Nvult_r0
 57727.9 55738.3 16436.1 2154.63 2028.1
CTP_r0
 7776.26 9446.95 2785.71 365.184 343.737
YTP_r0
316620
Np
 194359 33217 3572.18 3216.27 1076.12
Nvult_p0
 161142 28744 3091.15 2783.17 931.213
CTP_p0
 69928.7 11506.2 10359.8 3054.89 520.6
 69928.7 14407.8 1549.43 1395.05 466.768
YTP_p0
 1.05102e+06 842138
CBA_c0
988358
log_Ro
11.6852
likeval ReclasPelacesDesembMPH_pf_preclas_ppelaces_ptallas_desvR_qrecl_qpela
 12.3568 17.0287 0.0380883 0.000820231 222.46 103.301 84.6183 0 22.6177 3.08167e-06 1.13003e-05 0.192593 0 0 0
q_reclas_q_pelaces
1.28243 1.61325
M
1
N
 173653 37031.4 93884.8 6307.95 0.224269
 96721.9 55021.6 11201.1 28397.8 1908.06
 94698.4 27043.8 14126.3 2875.77 7780.75
 148699 26616.5 6990.88 3651.68 2754.73
 118984 36653.4 5792.82 1521.5 1394.29
 218952 38289.7 11314.6 1788.19 900.08
 86171.1 63284.4 10267.4 3034.01 720.862
 36108.6 18110.3 11175.5 1813.14 663.081
 35359.1 12067.3 5874.33 3624.93 803.195
 47713.7 8865.61 2685.67 1307.38 985.514
 88956.2 10274.3 1616.23 489.605 418
 128708 29106 3241.4 509.898 286.337
 107238 29383.7 5728.81 637.992 156.72
 75067.8 25191 6003.96 1170.56 162.383
 68974.3 12713.2 3351.99 798.905 177.366
 374896 14521.1 2250.13 593.273 172.791
 72797.2 89741.5 3041.31 471.268 160.445
 606268 20023.9 22551.1 764.251 158.743
 334474 170685 5187.54 5842.27 239.118
 268743 83870.2 37991.7 1154.66 1353.62
 369691 69245.7 19345.6 8763.22 578.562
 513121 102978 17690.6 4942.34 2386.6
 100272 133183 23981.8 4119.83 1706.78
 295457 29864.5 37145.6 6688.66 1625.07
 256283 90393.4 8627.94 10731.5 2401.86
 112416 78408.2 26114.7 2492.62 3794.22
 257146 35652.2 23745.7 7908.76 1903.95
 254687 78999.4 10356.2 6897.6 2850.38
 84255.2 79622.6 23479.1 3077.91 2897.15
pred_Ctot
 15413.5 4228.69 10720.9 720.318 0.0256097
 15002.1 10818.3 2202.35 5583.56 375.162
 14438.9 5230.21 2731.99 556.167 1504.78
 32037.1 7168.01 1882.7 983.423 741.87
 9523.42 3781.43 597.629 156.969 143.845
 30252 6732.12 1989.34 314.402 158.253
 24427.9 22056.1 3578.42 1057.42 251.237
 2106.49 1368.16 844.268 136.976 50.0932
 7342.16 3137.9 1527.52 942.604 208.858
 13058 2990.27 905.845 440.963 332.403
 6278.63 936.623 147.338 44.6333 38.1057
 32081.5 8995.07 1001.74 157.582 88.4912
 25406.6 8657.18 1687.85 187.968 46.1736
 27240.1 11011.2 2624.37 511.662 70.9788
 19505.5 4420.85 1165.61 277.808 61.6767
 85706 4136.56 640.983 169.003 49.2222
 11887.6 18542.1 628.387 97.3721 33.1507
 91927.5 3851.88 4338.03 147.014 30.5365
 69438.5 44375.7 1348.68 1518.91 62.1672
 52385.5 20534.7 9301.84 282.705 331.417
 58041.7 13775.5 3848.54 1743.32 115.097
 98249 24786.3 4258.02 1189.59 574.44
 12277.8 20825.1 3749.89 644.192 266.879
 31919.2 4133.28 5140.98 925.717 224.912
 27687.8 12510.8 1194.14 1485.28 332.427
 9919.19 8901.77 2964.83 282.989 430.762
 27200.7 4833.75 3219.45 1072.28 258.139
 24501.9 9761.76 1279.69 852.319 352.214
 7776.26 9446.95 2785.71 365.184 343.737
F
 0.149331 0.195758 0.195758 0.195758 0.195758
 0.274382 0.359688 0.359688 0.359688 0.359688
 0.269166 0.352851 0.352851 0.352851 0.352851
 0.40042 0.524912 0.524912 0.524912 0.524912
 0.13381 0.175412 0.175412 0.175412 0.175412
 0.241214 0.316208 0.316208 0.316208 0.316208
 0.559852 0.733912 0.733912 0.733912 0.733912
 0.0960339 0.125891 0.125891 0.125891 0.125891
 0.383376 0.502569 0.502569 0.502569 0.502569
 0.535575 0.702086 0.702086 0.702086 0.702086
 0.117201 0.153639 0.153639 0.153639 0.153639
 0.477103 0.625435 0.625435 0.625435 0.625435
 0.448562 0.588021 0.588021 0.588021 0.588021
 0.775749 1.01693 1.01693 1.01693 1.01693
 0.558132 0.731656 0.731656 0.731656 0.731656
 0.429715 0.563315 0.563315 0.563315 0.563315
 0.290752 0.381147 0.381147 0.381147 0.381147
 0.2675 0.350666 0.350666 0.350666 0.350666
 0.383289 0.502454 0.502454 0.502454 0.502454
 0.356093 0.466804 0.466804 0.466804 0.466804
 0.278149 0.364626 0.364626 0.364626 0.364626
 0.348785 0.457224 0.457224 0.457224 0.457224
 0.211215 0.276882 0.276882 0.276882 0.276882
 0.18435 0.241666 0.241666 0.241666 0.241666
 0.184355 0.241672 0.241672 0.241672 0.241672
 0.148393 0.194528 0.194528 0.194528 0.194528
 0.180202 0.236227 0.236227 0.236227 0.236227
 0.162736 0.213332 0.213332 0.213332 0.213332
 0.155676 0.204076 0.204076 0.204076 0.204076
YTP_r0W_actual
 40436.6 193662 60449.9 10590.3 11480.8
YTP_p0W_proyectada
 523766 180302 239622 89722.1 17611.9
 523766 225771 35838.2 40972.7 15790.8
CTP_r0_actual
 7776.26 9446.95 2785.71 365.184 343.737
CTP_p0_proyectada
 69928.7 11506.2 10359.8 3054.89 520.6
 69928.7 14407.8 1549.43 1395.05 466.768
Wmedp
 7.49 15.67 23.13 29.37 33.83
Frms_r0
 0.155676 0.204076 0.204076 0.204076 0.204076
Zrms_r0
 1.15568 1.20408 1.20408 1.20408 1.20408
nmprior
 8.19 8.8 8.5 0
nm_flota  nm_reclas  nm_pelaces    nm_pelaL
inf 12.837 17.8336 23.7882
cv_recla  cv_pelaces  cv_mph
0.333484 0.505401 0.883839
 ------------------------------------------------
Talla a la edad & desviaci?n 
 8 13.2811 15.8009 17.003 17.5766
 0.8 1.32811 1.58009 1.7003 1.75766
