years
 1991 1992 1993 1994 1995 1996 1997 1998 1999 2000 2001 2002 2003 2004 2005 2006 2007 2008 2009 2010 2011 2012 2013 2014 2015 2016 2017 2018 2019
reclasobs
 0 0 0 0 0 0 0 0 0 252601 567819 844713 477998 351125 339783 2.1784e+06 2.13404e+06 4.81314e+06 1.55562e+06 2.62356e+06 3.21686e+06 3.843e+06 1.13348e+06 3.07943e+06 1.97215e+06 2.03268e+06 2.025e+06 2.42433e+06 2.27542e+06
reclaspred
 3.35175e+06 1.87169e+06 944512 934050 922246 1.48728e+06 905979 788775 570349 407713 496186 652035 641138 492271 496924 1.41091e+06 1.35482e+06 3.08623e+06 2.54865e+06 1.89322e+06 3.3574e+06 2.72368e+06 2.14032e+06 3.29702e+06 2.47122e+06 2.19989e+06 2.69159e+06 2.67067e+06 2.17304e+06
pelacesobs
 0 0 0 0 0 0 0 0 0 0 0 0 0 0 0 552880 188675 0 991730 2.46772e+06 1.41603e+06 1.21717e+06 2.29649e+06 1.80582e+06 0 1.4828e+06 1.56532e+06 1.57751e+06 1.42118e+06
pelacespred
 1.52791e+06 945934 475749 384844 399398 664754 368602 405495 278531 187195 238617 260607 282413 226160 235986 562998 542950 1.4297e+06 1.21566e+06 836395 1.4444e+06 1.26489e+06 994814 1.67966e+06 1.21145e+06 1.07672e+06 1.50323e+06 1.47233e+06 984852
mphobs
 0 0 0 0 0 0 0 0 0 0 0 498337 0 5186 125008 0 168611 109162 213762 579715 649985 157893 87575 83554 0 0 0 0 0
mphpred
 2.8992e+06 1.93914e+06 960948 523297 561497 636838 844972 502325 445154 298303 193565 336165 361994 303525 199677 256521 931466 878427 1.75438e+06 1.32403e+06 1.41318e+06 1.75519e+06 1.6613e+06 1.35801e+06 1.89212e+06 1.55934e+06 1.29374e+06 1.4246e+06 1.83558e+06
desembarqueobs
 494567 514787 250237 358949 120608 361735 552515 73892 212993 205616 52469 317467 293654 387597 252695 516296 358380 742168 942051 627588 828172 859565 418607 520667 417249 300574 415391 372974 316634
desembarquepred
 494574 513599 250811 358980 120613 361747 552557 73896.7 213046 205664 52471.7 317533 293701 387619 252684 516247 358401 742061 941814 627436 828229 859565 418613 520689 417245 300571 415381 372950 316625
Reclutas
 191257 108390 105996 172416 137245 241673 98437.3 43229 41560.9 55752.3 104057 141814 118091 82766.2 80933.9 464642 95487 702042 411698 315088 464832 619222 127113 378030 320088 146456 338015 332306 110127
log_desv_Rt
 0.118779 -0.449098 -0.471436 0.0150716 -0.213067 0.352748 -0.545417 -1.36833 -1.40768 -1.11392 -0.489902 -0.18032 -0.363381 -0.718817 -0.741204 1.00643 -0.575847 1.41916 0.885452 0.618014 1.00684 1.29363 -0.28976 0.800136 0.633758 -0.148113 0.688254 0.671219 -0.433201
SSB
 2.8992e+06 1.93914e+06 960948 523297 561497 636838 844972 502325 445154 298303 193565 336165 361994 303525 199677 256521 931466 878427 1.75438e+06 1.32403e+06 1.41318e+06 1.75519e+06 1.6613e+06 1.35801e+06 1.89212e+06 1.55934e+06 1.29374e+06 1.4246e+06 1.83558e+06
BT
 3.94099e+06 2.68821e+06 1.34483e+06 1.18831e+06 1.01628e+06 1.84189e+06 1.34393e+06 1.00058e+06 853905 630125 595572 866662 918145 925047 797563 1.71503e+06 1.53137e+06 3.95317e+06 3.70861e+06 2.49041e+06 4.00547e+06 3.71753e+06 2.65911e+06 4.35906e+06 3.17832e+06 2.74942e+06 3.89095e+06 3.77236e+06 2.534e+06
Ftot
 0.144779 0.264244 0.258135 0.391741 0.133709 0.255584 0.579934 0.0953968 0.374668 0.500347 0.115168 0.495454 0.46466 0.781302 0.535989 0.403508 0.261938 0.260949 0.372831 0.336354 0.256254 0.324421 0.193454 0.168714 0.171163 0.137744 0.164263 0.148777 0.142114
BD_Bspro_t
 0.977102 0.834426 0.665718 0.572012 0.559136 0.636574 0.628911 0.454328 0.510229 0.461025 0.424467 0.646793 0.528847 0.437441 0.32728 0.387075 0.585982 0.55824 0.65785 0.561621 0.532104 0.582323 0.597075 0.587841 0.693389 0.701883 0.710982 0.750713 0.781414
BD_Bspro
 2.40193 1.60654 0.796127 0.433542 0.465189 0.527608 0.700043 0.416167 0.368802 0.247139 0.160364 0.278506 0.299905 0.251465 0.165429 0.212523 0.771701 0.72776 1.45347 1.09694 1.17079 1.45414 1.37635 1.12509 1.56759 1.29189 1.07184 1.18026 1.52074
BD_Bo
 1.56804 1.04879 0.519732 0.283027 0.303687 0.344436 0.457006 0.271684 0.240763 0.161338 0.10469 0.181816 0.195786 0.164163 0.107996 0.13874 0.503786 0.4751 0.948862 0.716107 0.764324 0.949299 0.898517 0.734487 1.02336 0.843376 0.699722 0.770501 0.99278
BD_Brms
 9.89736 6.61989 3.28051 1.78645 1.91685 2.17405 2.88459 1.71485 1.51968 1.01836 0.660795 1.14761 1.23579 1.03618 0.681663 0.875718 3.17986 2.9988 5.98915 4.52002 4.82436 5.99191 5.67137 4.63602 6.45937 5.32333 4.41659 4.86335 6.26635
Sel_flota
 0.813717 1 1 1 1
 0.813717 1 1 1 1
 0.813717 1 1 1 1
 0.813717 1 1 1 1
 0.813717 1 1 1 1
 0.813717 1 1 1 1
 0.813717 1 1 1 1
 0.813717 1 1 1 1
 0.813717 1 1 1 1
 0.813717 1 1 1 1
 0.813717 1 1 1 1
 0.813717 1 1 1 1
 0.813717 1 1 1 1
 0.813717 1 1 1 1
 0.813717 1 1 1 1
 0.813717 1 1 1 1
 0.813717 1 1 1 1
 0.813717 1 1 1 1
 0.813717 1 1 1 1
 0.813717 1 1 1 1
 0.813717 1 1 1 1
 0.813717 1 1 1 1
 0.813717 1 1 1 1
 0.813717 1 1 1 1
 0.813717 1 1 1 1
 0.813717 1 1 1 1
 0.813717 1 1 1 1
 0.813717 1 1 1 1
 0.813717 1 1 1 1
Sel_reclas
 1 1 1 1 1
 1 1 1 1 1
 1 1 1 1 1
 1 1 1 1 1
 1 1 1 1 1
 1 1 1 1 1
 1 1 1 1 1
 1 1 1 1 1
 1 1 1 1 1
 1 1 1 1 1
 1 1 1 1 1
 1 1 1 1 1
 1 1 1 1 1
 1 1 1 1 1
 1 1 1 1 1
 1 1 1 1 1
 1 1 1 1 1
 1 1 1 1 1
 1 1 1 1 1
 1 1 1 1 1
 1 1 1 1 1
 1 1 1 1 1
 1 1 1 1 1
 1 1 1 1 1
 1 1 1 1 1
 1 1 1 1 1
 1 1 1 1 1
 1 1 1 1 1
 1 1 1 1 1
Sel_pelaces
 1 1 1 1 1
 1 1 1 1 1
 1 1 1 1 1
 1 1 1 1 1
 1 1 1 1 1
 1 1 1 1 1
 1 1 1 1 1
 1 1 1 1 1
 1 1 1 1 1
 1 1 1 1 1
 1 1 1 1 1
 1 1 1 1 1
 1 1 1 1 1
 1 1 1 1 1
 1 1 1 1 1
 1 1 1 1 1
 1 1 1 1 1
 1 1 1 1 1
 1 1 1 1 1
 1 1 1 1 1
 1 1 1 1 1
 1 1 1 1 1
 1 1 1 1 1
 1 1 1 1 1
 1 1 1 1 1
 1 1 1 1 1
 1 1 1 1 1
 1 1 1 1 1
 1 1 1 1 1
pf_obs 
 0.8446 0.082 0.0669 0.0065 0
 0.8095 0.147 0.0364 0.0071 0
 0.9664 0.0169 0.016 0.0007 0
 0.9276 0.0648 0.0075 0.0001 0
 0.7033 0.2144 0.0806 0.0017 0
 0.9318 0.0425 0.0243 0.0014 0
 0.5671 0.3108 0.0964 0.0239 0.0018
 0.0768 0.2599 0.5324 0.112 0.0189
 0.490249 0.384438 0.106611 0.0170017 0.00170017
 0.7925 0.1577 0.0466 0.003 0.0002
 0.840416 0.127587 0.0312969 0.00059994 9.999e-05
 0.8084 0.0986 0.0794 0.0134 0.0002
 0.7335 0.1905 0.0724 0.0035 0.0001
 0.4001 0.4547 0.1325 0.0127 0
 0.49795 0.308269 0.164784 0.0264974 0.00249975
 0.9179 0.0499 0.0305 0.0017 0
 0.2467 0.6533 0.0926 0.0074 0
 0.9418 0.0223 0.034 0.0019 0
 0.707729 0.231977 0.0356964 0.0245975 0
 0.517169 0.277429 0.184464 0.0207286 0.00020938
 0.811772 0.124168 0.05621 0.00726502 0.000585176
 0.764997 0.148141 0.077277 0.00933861 0.000247198
 0.163321 0.427699 0.378323 0.0303852 0.000271297
 0.753843 0.0900009 0.118128 0.0371064 0.000921714
 0.721811 0.176058 0.0630433 0.0369309 0.00215725
 0.143369 0.312575 0.442814 0.0836902 0.0175525
 0.692698 0.0596174 0.167031 0.0765114 0.00414204
 0.394062 0.376323 0.152708 0.0712218 0.00568511
 0.125707 0.32114 0.495352 0.0537591 0.00404204
pf_pred 
 0.462209 0.126544 0.387333 0.0239136 8.0217e-07
 0.426781 0.296732 0.0650583 0.199134 0.0122948
 0.570166 0.208548 0.11455 0.0251151 0.0816201
 0.741046 0.162254 0.0469176 0.0257707 0.0240125
 0.657931 0.268927 0.0458286 0.0132519 0.0140613
 0.757506 0.171147 0.0560915 0.00955872 0.00569685
 0.479709 0.415187 0.0741805 0.0243119 0.00661226
 0.462195 0.294662 0.194025 0.0346661 0.0144515
 0.549421 0.23262 0.119419 0.0786337 0.0199062
 0.717833 0.172097 0.0568256 0.0291724 0.0240719
 0.827772 0.132282 0.0243637 0.00804479 0.00753778
 0.746104 0.21753 0.0279308 0.0051443 0.0032902
 0.693162 0.243217 0.0545087 0.00699889 0.00211352
 0.640077 0.268291 0.0726327 0.0162782 0.00272127
 0.749622 0.176681 0.0549344 0.014872 0.00389026
 0.941552 0.046554 0.00839297 0.00260957 0.000891273
 0.380433 0.59105 0.0227134 0.00409489 0.00170804
 0.899729 0.0438454 0.053829 0.00206859 0.000528492
 0.602354 0.365458 0.0140749 0.0172797 0.000833694
 0.608048 0.258722 0.122446 0.00471576 0.00606886
 0.743964 0.170124 0.0567089 0.0268387 0.00236387
 0.745042 0.200418 0.0362394 0.01208 0.00622065
 0.321087 0.535225 0.11295 0.0204236 0.0103138
 0.743954 0.0953973 0.126648 0.026727 0.00727325
 0.630615 0.289742 0.0296734 0.0393939 0.0105758
 0.444738 0.378323 0.138789 0.0142138 0.0239359
 0.742935 0.128492 0.0876017 0.032137 0.00883368
 0.663217 0.263836 0.0364622 0.0248587 0.0116262
 0.372901 0.445865 0.141978 0.0196214 0.0196337
pobs_RECLAS
 0 0 0 0 0
 0 0 0 0 0
 0 0 0 0 0
 0 0 0 0 0
 0 0 0 0 0
 0 0 0 0 0
 0 0 0 0 0
 0 0 0 0 0
 0 0 0 0 0
 0 0 0 0 0
 0.991045 0.00858322 0.000360255 1.14367e-05 0
 0.934742 0.0480273 0.0164251 0.00080598 0
 0.827803 0.169806 0.00239088 0 0
 0.941827 0.0461693 0.0120037 0 0
 0.791401 0.0380133 0.147996 0.0225897 0
 0.846168 0.0940531 0.0597789 0 0
 0.134021 0.677848 0.182769 0.00536245 0
 0.80878 0.0450904 0.141981 0.00414843 0
 0.846168 0.0940531 0.0597789 0 0
 0.905697 0.0802665 0.012482 0.00150086 5.37128e-05
 0.989698 0.0102097 9.19794e-05 0 0
 0.975433 0.0193895 0.00387452 0.00125025 5.28907e-05
 0.303575 0.632131 0.0575291 0.00676475 0
 0.966965 0.00978017 0.0227588 0.000495775 0
 0.843318 0.132988 0.00938335 0.0141283 0.000182051
 0.564624 0.303363 0.111486 0.0197234 0.00080311
 0.826376 0.0876187 0.0782897 0.00655872 0.00115652
 0.89761 0.0855135 0.0140674 0.00269457 0.000114338
 0.34875 0.467042 0.161289 0.0227151 0.000203297
ppred_RECLAS
 0.514291 0.114289 0.349822 0.0215977 7.24484e-07
 0.479038 0.26968 0.0591273 0.18098 0.011174
 0.62093 0.183919 0.101022 0.022149 0.0719807
 0.779981 0.137858 0.0398633 0.0218959 0.0204021
 0.703185 0.23335 0.0397658 0.0114987 0.012201
 0.794124 0.145303 0.0476214 0.0081153 0.0048366
 0.534486 0.371475 0.0663706 0.0217523 0.0059161
 0.514049 0.266251 0.175318 0.0313237 0.0130581
 0.601578 0.205693 0.105596 0.0695315 0.0176019
 0.759656 0.146589 0.048403 0.0248485 0.0205039
 0.855449 0.111024 0.0204484 0.00675198 0.00632645
 0.784968 0.184233 0.0236554 0.00435685 0.00278657
 0.737112 0.20838 0.0467013 0.00599641 0.00181079
 0.690321 0.230839 0.0624935 0.0140058 0.00234139
 0.788294 0.149392 0.0464496 0.012575 0.0032894
 0.952295 0.0379972 0.00685032 0.00212993 0.000727455
 0.431273 0.54255 0.0208496 0.00375887 0.00156789
 0.917226 0.0361943 0.0444357 0.00170762 0.00043627
 0.652251 0.3196 0.0123088 0.0151115 0.000729082
 0.657435 0.226122 0.107017 0.00412156 0.00530417
 0.782041 0.144824 0.0482753 0.0228473 0.00201232
 0.783271 0.170367 0.0308057 0.0102687 0.00528793
 0.368377 0.497944 0.105083 0.019001 0.00959535
 0.781721 0.0813264 0.107968 0.0227848 0.00620046
 0.67787 0.252675 0.0258773 0.0343543 0.00922282
 0.496636 0.342962 0.125817 0.0128853 0.0216988
 0.780793 0.109569 0.0747008 0.0274043 0.00753277
 0.708141 0.228642 0.0315984 0.0215428 0.0100754
 0.42282 0.410373 0.130676 0.0180595 0.0180708
pobs_PELACES
 0 0 0 0 0
 0 0 0 0 0
 0 0 0 0 0
 0 0 0 0 0
 0 0 0 0 0
 0 0 0 0 0
 0 0 0 0 0
 0 0 0 0 0
 0 0 0 0 0
 0 0 0 0 0
 0 0 0 0 0
 0 0 0 0 0
 0 0 0 0 0
 0 0 0 0 0
 0 0 0 0 0
 0 0 0 0 0
 0.505614 0.472636 0.0217494 0 0
 0 0 0 0 0
 0.443492 0.261883 0.143347 0.151278 0
 0.227955 0.32914 0.350689 0.0885471 0.00366901
 0.970185 0.0296113 0.000203453 0 0
 0.997202 0.00247181 0.000326279 0 0
 0.445219 0.490057 0.0546422 0.010081 0
 0.90214 0.0892962 0.00764917 0.000914606 0
 0 0 0 0 0
 0.581667 0.319106 0.0959925 0.00289975 0.000334073
 0.762889 0.0836404 0.116647 0.0363945 0.000428098
 0.88444 0.0763242 0.0277011 0.0115352 0
 0.521256 0.241999 0.230069 0.00667565 0
ppred_PELACES
 0.516514 0.113766 0.348221 0.0214989 7.21169e-07
 0.483094 0.267581 0.058667 0.179571 0.011087
 0.624658 0.18211 0.100028 0.0219312 0.0712729
 0.784085 0.135286 0.0391196 0.0214874 0.0200215
 0.704898 0.232003 0.0395363 0.0114324 0.0121306
 0.796681 0.143498 0.04703 0.00801451 0.00477653
 0.543345 0.364406 0.0651077 0.0213383 0.00580353
 0.515514 0.265449 0.174789 0.0312292 0.0130187
 0.607085 0.20285 0.104136 0.0685704 0.0173586
 0.765227 0.143191 0.047281 0.0242725 0.0200287
 0.856323 0.110353 0.0203249 0.00671119 0.00628823
 0.790065 0.179866 0.0230947 0.00425359 0.00272052
 0.742609 0.204022 0.0457246 0.00587101 0.00177292
 0.700493 0.223256 0.0604406 0.0135457 0.00226448
 0.79374 0.145549 0.0452546 0.0122515 0.00320477
 0.953409 0.0371097 0.00669031 0.00208017 0.000710463
 0.435227 0.538779 0.0207047 0.00373274 0.00155699
 0.918436 0.0356653 0.0437863 0.00168266 0.000429893
 0.657431 0.314839 0.0121254 0.0148864 0.000718221
 0.662076 0.223058 0.105567 0.00406572 0.0052323
 0.784714 0.143048 0.0476832 0.0225671 0.00198764
 0.786637 0.167721 0.0303272 0.0101092 0.00520579
 0.371148 0.495759 0.104622 0.0189176 0.00955325
 0.783485 0.080669 0.107095 0.0226006 0.00615034
 0.680164 0.250877 0.025693 0.0341097 0.00915716
 0.498753 0.34152 0.125288 0.0128311 0.0216075
 0.782516 0.108708 0.0741135 0.0271888 0.00747355
 0.710028 0.227164 0.0313942 0.0214035 0.0100103
 0.424953 0.408856 0.130193 0.0179928 0.018004
pobs_pel_tallas
 0 0 0 0 0 0 0 0 0 0 0 0 0 0 0 0 0 0 0 0 0 0 0 0 0 0
 0 0 0 0 0 0 0 0 0 0 0 0 0 0 0 0 0 0 0 0 0 0 0 0 0 0
 0 0 0 0 0 0 0 0 0 0 0 0 0 0 0 0 0 0 0 0 0 0 0 0 0 0
 0 0 0 0 0 0 0 0 0 0 0 0 0 0 0 0 0 0 0 0 0 0 0 0 0 0
 0 0 0 0 0 0 0 0 0 0 0 0 0 0 0 0 0 0 0 0 0 0 0 0 0 0
 0 0 0 0 0 0 0 0 0 0 0 0 0 0 0 0 0 0 0 0 0 0 0 0 0 0
 0 0 0 0 0 0 0 0 0 0 0 0 0 0 0 0 0 0 0 0 0 0 0 0 0 0
 0 0 0 0 0 0 0 0 0 0 0 0 0 0 0 0 0 0 0 0 0 0 0 0 0 0
 0 0 0 0 0 0 0 0 0 0 0 0 0 0 0 0 0 0 0 0 0 0 0 0 0 0
 0 0 0 0 0 0 0 0 0 0 0 0 0 0 0 0 0 0 0 0 0 0 0 0 0 0
 0 0 0 0 0 0 0 0 0 0 0 0 0 0 0 0 0 0 0 0 0 0 0 0 0 0
 0 0 0 0 0 0 0 0 0 0 0 0 0 0 0 0 0 0 0 0 0 0 0 0 0 0
 0.00862536 0 0 0.000197151 0.00414017 0.0128641 0.00837892 0.0270097 0.101434 0.158115 0.152841 0.127902 0.109271 0.109419 0.0830992 0.0579132 0.0238553 0.00714673 0.00463305 0.00128148 0.00103504 0.000492878 0.000147863 0.000147863 4.92878e-05 0
 0 0 0 0 0 0 0 0 0 0 0 0 0 0 0 0 0 0 0 0 0 0 0 0 0 0
 0 0 0 0 0 0 0 0.0054083 0.00873648 0.0413646 0.0450493 0.0745869 0.0622846 0.0627006 0.0613931 0.0827291 0.12552 0.122667 0.0946155 0.0697135 0.0546179 0.0294188 0.0215738 0.0213955 0.0102223 0.00600262
 0 0 0 0 0.00359764 0.0251062 0.0480494 0.140153 0.205849 0.193036 0.1447 0.116669 0.0760912 0.0342217 0.00950174 0.001854 0.000860785 0 0 0 0.000165536 0 0.000143464 0 0 0
 0 0 0 0 0 0 0 0.000145254 0.000435761 0.0275982 0.070085 0.0708112 0.156366 0.174668 0.174014 0.160142 0.0824315 0.0480064 0.0283245 0.00493863 0.00203355 0 0 0 0 0
 0 0 0 0 0 0 0 0 0 0 0 0 0 0 0 0 0 0 0 0 0 0 0 0 0 0
 0 0 1.00437e-05 0.000401748 0.00122533 0.00171747 0.00176769 0.0269171 0.070346 0.194647 0.189555 0.159765 0.064822 0.0314167 0.0384472 0.0292271 0.0345202 0.0313363 0.0194345 0.0106764 0.0143323 0.0359363 0.0279516 0.0138201 0.00172751 0
 0 0.0021121 0.0136068 0.0755702 0.200478 0.177729 0.0527432 0.0373336 0.0318909 0.0142505 0.0149659 0.0166563 0.0217959 0.0798694 0.0677717 0.0528807 0.04013 0.0224614 0.0357745 0.0225083 0.00881397 0.00855152 0.00135912 0.000746735 0 0
 0 0 0 0 5.4009e-05 0.00500934 0.000945158 0.0243581 0.138947 0.33067 0.221406 0.137944 0.0707744 0.0437923 0.0131692 0.00525238 0.0047753 0.00276346 9.45158e-05 9.00151e-06 2.25038e-05 9.00151e-06 4.50075e-06 0 0 0
 0.000866109 0.00284123 0.00948549 0.0512746 0.133035 0.25785 0.225252 0.132002 0.0553304 0.0519788 0.0540692 0.017754 0.00435017 0.00159236 0.00146478 0.000404838 0.000125132 0.000115318 0.000107957 0.000100596 0 0 0 0 0 0
 0 0 0 0 0.00144013 0.00171154 0.00461396 0.0210425 0.0478622 0.0707936 0.0888783 0.103762 0.0637923 0.0337046 0.0602308 0.124433 0.169614 0.0934646 0.0462172 0.0250306 0.0313229 0.00938855 0.002487 0.000210481 0 0
 0 0.00764035 0.051015 0.0998891 0.058973 0.0496711 0.0374665 0.0718981 0.12319 0.153886 0.159021 0.0857701 0.0377988 0.023471 0.0147837 0.00900784 0.00315554 0.000888139 0.00291439 0.00214683 0.00393193 0.00274676 0.000635225 9.99891e-05 0 0
 0 0 0 0 0 0 0 0 0 0 0 0 0 0 0 0 0 0 0 0 0 0 0 0 0 0
 0 0 0 0 0 0 0 0 0 0 0 0 0 0 0 0 0 0 0 0 0 0 0 0 0 0
 0 0 0 0 0 0 0 0 0 0 0 0 0 0 0 0 0 0 0 0 0 0 0 0 0 0
 0 0 0 0 0 0 0 0 0 0 0 0 0 0 0 0 0 0 0 0 0 0 0 0 0 0
 0 0 0 0 0 0 0 0 0 0 0 0 0 0 0 0 0 0 0 0 0 0 0 0 0 0
ppred_pel_tallas
 1.12235e-16 4.25446e-05 0.000413548 0.00274817 0.0124928 0.0388698 0.0828167 0.120876 0.120887 0.0828731 0.0390606 0.0130503 0.00417239 0.00360478 0.00634353 0.0110449 0.0173583 0.0248435 0.0329658 0.0412975 0.0494489 0.0567116 0.0618297 0.0633129 0.0602029 0.0527325
 1.21647e-16 3.97918e-05 0.000386791 0.00257036 0.0116845 0.036355 0.0774591 0.113059 0.113085 0.0775856 0.0367801 0.0129139 0.00566189 0.00715496 0.0129538 0.0215198 0.0314179 0.0404698 0.0465639 0.048937 0.0486988 0.0480374 0.0486873 0.0508423 0.0532062 0.0539296
 1.17194e-16 5.14523e-05 0.000500134 0.00332357 0.0151085 0.0470082 0.100157 0.146185 0.146203 0.100243 0.047299 0.0159502 0.00544315 0.00515009 0.00895094 0.0148989 0.0218958 0.0284831 0.0332308 0.0355564 0.0360682 0.0360634 0.0365792 0.0377531 0.0388886 0.03901
 1.06707e-16 6.45841e-05 0.00062778 0.00417182 0.0189645 0.0590057 0.125718 0.183492 0.183505 0.125782 0.0592205 0.0195854 0.00573258 0.00404211 0.00657068 0.0108189 0.0157205 0.0200795 0.0227348 0.023187 0.0218973 0.0199463 0.0183248 0.0174133 0.0169608 0.0164329
 1.044e-16 5.80615e-05 0.000564379 0.0037505 0.0170492 0.0530466 0.113022 0.164964 0.164986 0.113132 0.0534138 0.0181099 0.00641366 0.00638052 0.0111113 0.0182972 0.0264005 0.0333055 0.0368989 0.0362185 0.032023 0.0262613 0.0208805 0.0169026 0.0143047 0.0125054
 1.03007e-16 6.56216e-05 0.000637865 0.00423884 0.0192692 0.0599536 0.127738 0.18644 0.186454 0.127806 0.0601814 0.0199277 0.00589403 0.0042581 0.00696149 0.0114582 0.0166242 0.0211662 0.0238058 0.0239451 0.0219951 0.0190426 0.0161408 0.013793 0.011936 0.0102675
 1.05095e-16 4.47546e-05 0.000435031 0.00289094 0.0131418 0.0408892 0.0871201 0.127162 0.127197 0.0872918 0.041466 0.014808 0.00707461 0.00957219 0.0174102 0.0287446 0.0414811 0.0523296 0.0579622 0.056845 0.0501351 0.0408541 0.0320328 0.0252807 0.0206142 0.0172176
 1.10447e-16 4.24623e-05 0.000412748 0.00274286 0.0124687 0.0387948 0.0826573 0.120646 0.120672 0.0827835 0.0392192 0.0136973 0.00583773 0.00720461 0.0130464 0.0217757 0.032007 0.0415956 0.0483476 0.0512081 0.0507683 0.0486059 0.0460473 0.0434072 0.040187 0.0358248
 1.12872e-16 5.00048e-05 0.000486065 0.00323007 0.0146835 0.0456858 0.0973391 0.142073 0.142093 0.0974354 0.0460095 0.0156204 0.00558918 0.00566016 0.00994857 0.0165598 0.0243092 0.0315576 0.0366799 0.0389791 0.039068 0.0383168 0.0378191 0.037718 0.0373251 0.0357634
 1.07225e-16 6.30308e-05 0.000612681 0.00407148 0.0185084 0.0575865 0.122695 0.179079 0.179093 0.122762 0.0578141 0.0191663 0.0057256 0.00423274 0.00696548 0.0114888 0.0167205 0.0214103 0.024339 0.0249792 0.0238048 0.0219279 0.0203546 0.0194485 0.0189244 0.0182259
 1.02353e-16 7.05342e-05 0.000685617 0.00455617 0.0207117 0.0644418 0.1373 0.200396 0.200407 0.137353 0.0646165 0.0212164 0.0058236 0.00345408 0.00533334 0.00871889 0.0125856 0.0158977 0.017653 0.0173976 0.0154923 0.0128573 0.0104056 0.00860572 0.00742992 0.00659028
 1.016e-16 6.50766e-05 0.000632568 0.00420364 0.0191091 0.0594557 0.126677 0.184893 0.18491 0.126762 0.0597401 0.0199304 0.00626484 0.00513152 0.00860744 0.0141217 0.0203241 0.0255318 0.0280741 0.0271797 0.0234302 0.0183618 0.0135463 0.00986602 0.0074011 0.00578043
 1.02261e-16 6.11678e-05 0.000594573 0.00395115 0.0179613 0.0558845 0.119069 0.173788 0.173808 0.119165 0.0562077 0.0188951 0.00629614 0.00571774 0.00980268 0.0161393 0.0233131 0.0294603 0.0327154 0.0322038 0.028538 0.0233601 0.0183211 0.0143061 0.0113552 0.00908602
 1.03543e-16 5.76988e-05 0.000560852 0.00372706 0.0169427 0.0527151 0.112316 0.163933 0.163955 0.112421 0.0530692 0.0179658 0.00629752 0.00617969 0.010751 0.0177399 0.0256841 0.03258 0.0364158 0.0362512 0.0327443 0.0276407 0.0226603 0.0186706 0.0156322 0.0130896
 1.03115e-16 6.53794e-05 0.000635511 0.00422319 0.019198 0.0597323 0.127266 0.185752 0.185766 0.127335 0.0599633 0.0198658 0.00590146 0.00430588 0.0070558 0.0116129 0.0168441 0.0214377 0.0240984 0.0242247 0.0222419 0.0192618 0.0163584 0.0140388 0.012225 0.0105898
 1.00532e-16 7.85311e-05 0.00076335 0.00507273 0.0230599 0.0717479 0.152867 0.223114 0.223118 0.152884 0.0718066 0.0232296 0.0054988 0.0016939 0.00184711 0.00293277 0.00422525 0.00533047 0.00590518 0.00579301 0.00511181 0.00416921 0.00327366 0.00258887 0.0021163 0.00177259
 1.01374e-16 3.58492e-05 0.000348467 0.00231569 0.0105268 0.0327531 0.0697858 0.101865 0.101917 0.0700391 0.0336032 0.0129809 0.00847142 0.0137716 0.0254852 0.0419606 0.0601727 0.0751005 0.0816509 0.0774757 0.0644004 0.0472578 0.0310987 0.0189197 0.0111992 0.00686414
 1.01515e-16 7.56504e-05 0.000735348 0.00488665 0.022214 0.069116 0.147259 0.21493 0.214933 0.147276 0.0691737 0.0223813 0.0053094 0.00166768 0.00187398 0.00305018 0.00455313 0.00607074 0.00732694 0.00817293 0.00863301 0.00881443 0.00876789 0.00843492 0.00772256 0.00662148
 1.02045e-16 5.41518e-05 0.000526375 0.00349795 0.0159012 0.0494746 0.105412 0.153858 0.153889 0.10556 0.0499715 0.0173356 0.00709627 0.00837389 0.0149357 0.0245483 0.0352236 0.0440179 0.0479764 0.0457531 0.0384351 0.0288469 0.0199072 0.0132977 0.00920303 0.00690444
 1.04397e-16 5.45344e-05 0.000530094 0.00352266 0.0160135 0.0498241 0.106156 0.154943 0.154964 0.106262 0.0501792 0.0170406 0.00610622 0.0061879 0.010852 0.0179897 0.0262233 0.0336258 0.0382409 0.0391193 0.0368041 0.032817 0.0286022 0.0248053 0.0213203 0.0178158
 1.04013e-16 6.46359e-05 0.000628284 0.00417517 0.0189797 0.059053 0.125819 0.18364 0.183654 0.125887 0.0592803 0.0196367 0.00582666 0.00424165 0.00695124 0.0114534 0.0166443 0.0212531 0.0240289 0.0244006 0.0227928 0.0202808 0.0178721 0.0159918 0.014483 0.0129626
 1.02813e-16 6.47943e-05 0.000629824 0.0041854 0.0190262 0.0591977 0.126128 0.18409 0.184107 0.126207 0.0594632 0.0197932 0.00611126 0.00483616 0.00805982 0.0132391 0.0191064 0.0241156 0.0267377 0.026273 0.02326 0.0190922 0.0151615 0.012197 0.0101869 0.00873167
 1.0666e-16 3.05711e-05 0.000297162 0.00197475 0.00897695 0.0279309 0.0595114 0.0868687 0.0869166 0.0597452 0.028716 0.0112453 0.00767133 0.0127417 0.0236908 0.0391849 0.056602 0.0715075 0.0793832 0.0781259 0.0692597 0.0568172 0.0448412 0.0354785 0.0287746 0.023708
 1.06419e-16 6.45346e-05 0.0006273 0.00416863 0.01895 0.0589605 0.125622 0.18335 0.183358 0.125661 0.0590913 0.0193298 0.00512972 0.00275053 0.0041709 0.00698689 0.0105122 0.0141708 0.0174004 0.0199168 0.0217997 0.023262 0.0243169 0.0246656 0.0239014 0.021833
 1.05777e-16 5.60242e-05 0.000544575 0.0036189 0.016451 0.0511853 0.109057 0.159176 0.1592 0.109175 0.0515819 0.0175966 0.00649443 0.00682195 0.0119787 0.0197185 0.0284149 0.0357793 0.0395355 0.0386791 0.0340962 0.0279742 0.0224759 0.0186984 0.0165237 0.0151672
 1.08647e-16 4.10817e-05 0.000399329 0.00265368 0.0120633 0.0375335 0.0799703 0.116726 0.116759 0.0801318 0.0380761 0.0136321 0.00659772 0.00902897 0.0164884 0.0273456 0.0397438 0.0507237 0.0572748 0.0579857 0.0538182 0.0473104 0.0408957 0.035697 0.03151 0.0275937
 1.06159e-16 6.44548e-05 0.000626524 0.00416347 0.0189265 0.0588876 0.125467 0.183124 0.183135 0.125518 0.0590616 0.0194304 0.00543326 0.00341501 0.00540912 0.00896908 0.0132179 0.0172654 0.0202446 0.0217588 0.022073 0.0218255 0.021506 0.0211425 0.0204019 0.0189331
 1.04805e-16 5.84841e-05 0.000568486 0.00377779 0.0171733 0.0534327 0.113845 0.166164 0.166186 0.113952 0.053792 0.0182113 0.00638365 0.00625843 0.010869 0.0178887 0.0257965 0.0325178 0.0359885 0.0352834 0.0311744 0.025604 0.0205009 0.0168581 0.0146075 0.013108
 1.08713e-16 3.50029e-05 0.000340241 0.00226102 0.0102783 0.0319798 0.0681379 0.0994575 0.099497 0.0683311 0.0326288 0.0121542 0.00697545 0.0106506 0.019671 0.0326082 0.0473054 0.0601908 0.0676235 0.0679002 0.0622037 0.0536578 0.0453 0.0386 0.0333961 0.0288165
pSPR Fmed_Fpbrs
0.615928   0.20843 0.20843
Fs Fmed_Fpbrs
0.260701   1.005 1.005
SSBpbr Bo_Bmed_Bpbrs
1.84893e+06  1.04636e+06  292927 292927
Ro
169837
SPR SPRFo_SPRFmed_SPRFpbrs
1.20703e+06 743443 251581
Fref
1.005
Nvult_r0
 74037.9 73743.3 23482.3 3245.26 3247.29
CTP_r0
 7674.34 9175.93 2921.92 403.81 404.063
YTP_r0
316625
Np
 250305 40645.7 4859.79 4654.71 1681.81
Nvult_p0
 209659 35172.4 4205.37 4027.9 1455.34
CTP_p0
 94321.5 15653.7 14993.1 4774.3 870.383
 94321.5 17630 2107.93 2018.97 729.482
YTP_p0
 1.46822e+06 1.11546e+06
CBA_c0
1.36239e+06
log_Ro
11.8626
likeval ReclasPelacesDesembMPH_pf_preclas_ppelaces_ptallas_desvR_qrecl_qpela
 12.6708 18.2218 0.0548629 0.00260783 222.058 104.472 83.9383 0 23.5309 0 0 0.280026 0 0 0
q_reclas_q_pelaces
1 1
M
1
N
 191257 43079.2 131859 8140.9 0.273082
 108390 62540 13711.9 41970.1 2591.29
 105996 32159.9 17664.6 3872.96 12586.5
 172416 31606.2 9139.3 5019.99 4677.5
 137245 46115.2 7858.62 2272.41 2411.2
 241673 45284.7 14841.6 2529.2 1507.36
 98437.3 72212.4 12902 4228.51 1150.05
 43229 22590.2 14874.9 2657.67 1107.92
 41560.9 14715.3 7554.33 4974.28 1259.24
 55752.3 11271.6 3721.84 1910.67 1576.6
 104057 13650.5 2514.16 830.166 777.846
 141814 34855.8 4475.46 824.293 527.203
 118091 34860.6 7812.82 1003.16 302.933
 82766.2 29765.6 8058.26 1805.99 301.912
 80933.9 16123.2 5013.09 1357.16 355.01
 464642 19249.6 3470.41 1079.03 368.533
 95487 123091 4730.27 852.795 355.715
 702042 28384.6 34847.7 1339.16 342.135
 411698 208858 8043.77 9875.33 476.454
 315088 111822 52922.3 2038.2 2623.02
 464832 88160.1 29387.1 13908.1 1224.98
 619222 138817 25100.8 8367.06 4308.67
 127113 174946 36919.4 6675.74 3371.2
 378030 39951.3 53038.7 11192.9 3045.95
 320088 121230 12415.5 16482.7 4424.97
 146456 102444 37581.9 3848.88 6481.49
 338015 48165.3 32837.5 12046.6 3311.31
 332306 108791 15034.9 10250.3 4794
 110127 108310 34489.3 4766.44 4769.42
pred_Ctot
 13565.8 3714.06 11368.2 701.865 0.0235437
 13490.4 9379.56 2056.46 6294.55 388.633
 12913.1 4723.19 2594.33 568.806 1848.53
 30528.8 6684.36 1932.86 1061.67 989.241
 9023.66 3688.39 628.549 181.752 192.853
 29175.5 6591.75 2160.38 368.156 219.415
 24317.1 21046.4 3760.32 1232.4 335.185
 2053.97 1309.46 862.236 154.054 64.2215
 7076.86 2996.28 1538.19 1012.85 256.403
 12181.7 2920.5 964.337 495.059 408.502
 5929.43 947.548 174.52 57.6257 53.994
 30730.1 8959.53 1150.4 211.881 135.515
 24233.3 8502.98 1905.65 244.685 73.8896
 25901.6 10856.8 2939.19 658.719 110.12
 18733 4415.25 1372.8 371.65 97.2172
 84425.2 4174.3 752.563 233.99 79.9169
 11789.6 18316.6 703.886 126.9 52.932
 86380.1 4209.45 5167.95 198.599 50.7389
 69800 42348.8 1630.98 2002.36 96.6075
 48763.1 20748.5 9819.67 378.186 486.699
 56250.7 12863 4287.73 2029.26 178.731
 92788.2 24960.2 4513.29 1504.45 774.725
 11854.6 19760.6 4170.15 754.043 380.786
 30999.1 3975.02 5277.18 1113.66 303.063
 26607.3 12225 1252 1662.13 446.219
 9906.51 8427.11 3091.51 316.611 533.171
 27026.5 4674.29 3186.78 1169.08 321.352
 24189.1 9622.72 1329.86 906.657 424.037
 7674.34 9175.93 2921.92 403.81 404.063
F
 0.117809 0.144779 0.144779 0.144779 0.144779
 0.21502 0.264244 0.264244 0.264244 0.264244
 0.210049 0.258135 0.258135 0.258135 0.258135
 0.318767 0.391741 0.391741 0.391741 0.391741
 0.108801 0.133709 0.133709 0.133709 0.133709
 0.207973 0.255584 0.255584 0.255584 0.255584
 0.471902 0.579934 0.579934 0.579934 0.579934
 0.077626 0.0953968 0.0953968 0.0953968 0.0953968
 0.304874 0.374668 0.374668 0.374668 0.374668
 0.407141 0.500347 0.500347 0.500347 0.500347
 0.0937143 0.115168 0.115168 0.115168 0.115168
 0.403159 0.495454 0.495454 0.495454 0.495454
 0.378102 0.46466 0.46466 0.46466 0.46466
 0.635758 0.781302 0.781302 0.781302 0.781302
 0.436143 0.535989 0.535989 0.535989 0.535989
 0.328342 0.403508 0.403508 0.403508 0.403508
 0.213144 0.261938 0.261938 0.261938 0.261938
 0.212338 0.260949 0.260949 0.260949 0.260949
 0.303379 0.372831 0.372831 0.372831 0.372831
 0.273697 0.336354 0.336354 0.336354 0.336354
 0.208518 0.256254 0.256254 0.256254 0.256254
 0.263987 0.324421 0.324421 0.324421 0.324421
 0.157417 0.193454 0.193454 0.193454 0.193454
 0.137285 0.168714 0.168714 0.168714 0.168714
 0.139279 0.171163 0.171163 0.171163 0.171163
 0.112085 0.137744 0.137744 0.137744 0.137744
 0.133664 0.164263 0.164263 0.164263 0.164263
 0.121062 0.148777 0.148777 0.148777 0.148777
 0.115641 0.142114 0.142114 0.142114 0.142114
YTP_r0W_actual
 39906.5 188107 63405.7 11710.5 13495.7
YTP_p0W_proyectada
 706468 245293 346790 140221 29445.1
 706468 276263 48756.4 59297.3 24678.4
CTP_r0_actual
 7674.34 9175.93 2921.92 403.81 404.063
CTP_p0_proyectada
 94321.5 15653.7 14993.1 4774.3 870.383
 94321.5 17630 2107.93 2018.97 729.482
Wmedp
 7.49 15.67 23.13 29.37 33.83
Frms_r0
 0.115641 0.142114 0.142114 0.142114 0.142114
Zrms_r0
 1.11564 1.14211 1.14211 1.14211 1.14211
nmprior
 8.19 8.8 8.5 0
nm_flota  nm_reclas  nm_pelaces    nm_pelaL
inf 11.9931 16.3148 21.5695
cv_recla  cv_pelaces  cv_mph
0.337694 0.522807 1.57596
 ------------------------------------------------
Talla a la edad & desviaci?n 
 8 13.2811 15.8009 17.003 17.5766
 0.8 1.32811 1.58009 1.7003 1.75766
