years
 1991 1992 1993 1994 1995 1996 1997 1998 1999 2000 2001 2002 2003 2004 2005 2006 2007 2008 2009 2010 2011 2012 2013 2014 2015 2016 2017 2018 2019 2020
reclasobs
 0 0 0 0 0 0 0 0 0 252601 567819 844713 477998 351125 339783 2.1784e+06 2.13404e+06 4.81314e+06 1.55562e+06 2.62356e+06 3.21686e+06 3.843e+06 1.13348e+06 3.07943e+06 1.97215e+06 2.03268e+06 2.025e+06 2.42433e+06 2.27542e+06 1.05018e+06
reclaspred
 3.33678e+06 1.86001e+06 939792 921546 906346 1.46116e+06 883782 770347 558349 400371 492619 648811 638546 489614 494784 1.4078e+06 1.35122e+06 3.08246e+06 2.54374e+06 1.88853e+06 3.34951e+06 2.71451e+06 2.13232e+06 3.27936e+06 2.44621e+06 2.16254e+06 2.60634e+06 2.78623e+06 2.25151e+06 1.39583e+06
pelacesobs
 0 0 0 0 0 0 0 0 0 0 0 0 0 0 0 552880 188675 0 991730 2.46772e+06 1.41603e+06 1.21717e+06 2.29649e+06 1.80582e+06 0 1.4828e+06 1.56532e+06 1.57751e+06 1.42118e+06 867257
pelacespred
 1.52034e+06 939372 472575 378864 392253 652302 357580 395634 271685 183136 236377 258977 281062 224735 234759 561401 541184 1.42786e+06 1.21274e+06 833462 1.44108e+06 1.2594e+06 990535 1.67016e+06 1.19906e+06 1.05806e+06 1.45335e+06 1.53133e+06 1.02041e+06 719188
mphobs
 0 0 0 0 0 0 0 0 0 0 0 498337 0 5186 125008 0 168611 109162 213762 579715 649985 157893 87575 83554 0 0 0 0 0 0
mphpred
 2.8853e+06 1.92952e+06 954120 520528 552381 624384 826633 487653 433511 290937 189635 333664 359812 301510 197971 254754 929247 875430 1.75156e+06 1.32061e+06 1.40892e+06 1.7503e+06 1.65548e+06 1.35207e+06 1.88053e+06 1.54062e+06 1.26823e+06 1.37611e+06 1.93262e+06 1.28974e+06
desembarqueobs
 494567 514787 250237 358949 120608 361735 552515 73892 212993 205616 52469 317467 293654 387597 252695 516296 358380 742168 942051 627588 828172 859565 418607 520667 417249 300574 415391 372974 316634 284311
desembarquepred
 494573 513615 250794 358981 120614 361747 552554 73896.7 213045 205664 52471.7 317532 293701 387617 252683 516244 358400 742058 941809 627432 828229 859563 418612 520689 417246 300571 415385 372954 316624 284317
Reclutas
 190967 107025 106452 168780 134961 238363 96743 42627.7 41253 55508.6 103899 141373 117784 82445.1 80765.9 464068 95064.9 701566 410342 314166 463819 616400 126414 375807 314876 142906 325576 363408 98934 76152.6
log_desv_Rt
 0.152168 -0.426865 -0.432235 0.0286672 -0.194943 0.373865 -0.527874 -1.34743 -1.38021 -1.08339 -0.456517 -0.148529 -0.331083 -0.687798 -0.708377 1.0401 -0.545371 1.45338 0.917059 0.64999 1.03956 1.32396 -0.260373 0.829144 0.652247 -0.137746 0.685663 0.795596 -0.505479 -0.767192
SSB
 2.8853e+06 1.92952e+06 954120 520528 552381 624384 826633 487653 433511 290937 189635 333664 359812 301510 197971 254754 929247 875430 1.75156e+06 1.32061e+06 1.40892e+06 1.7503e+06 1.65548e+06 1.35207e+06 1.88053e+06 1.54062e+06 1.26823e+06 1.37611e+06 1.93262e+06 1.28974e+06
BT
 3.92436e+06 2.67346e+06 1.33771e+06 1.17465e+06 1.00005e+06 1.81319e+06 1.31896e+06 977810 838263 620564 590442 862804 914815 921435 794820 1.7117e+06 1.52741e+06 3.94859e+06 3.70191e+06 2.48501e+06 3.99652e+06 3.70639e+06 2.64915e+06 4.33692e+06 3.15097e+06 2.70669e+06 3.77637e+06 3.90624e+06 2.61508e+06 1.93629e+06
Ftot
 0.146152 0.266846 0.260814 0.402008 0.137495 0.264473 0.597794 0.0986771 0.387178 0.515547 0.118473 0.50556 0.47328 0.798292 0.549911 0.415196 0.264651 0.267006 0.378052 0.341389 0.260683 0.330098 0.195454 0.172656 0.174527 0.141241 0.172339 0.146214 0.137182 0.201613
BD_Bspro_t
 0.976887 0.833708 0.664522 0.571177 0.55618 0.633247 0.624357 0.447883 0.504515 0.45543 0.41995 0.644943 0.527372 0.435815 0.325535 0.385459 0.585527 0.55756 0.65759 0.56125 0.531749 0.58205 0.597005 0.58764 0.692673 0.700092 0.707531 0.745669 0.789916 0.721383
BD_Bspro
 2.47137 1.65271 0.817238 0.445851 0.473134 0.534808 0.708041 0.417692 0.371318 0.249198 0.162429 0.285795 0.308192 0.258254 0.16957 0.218206 0.795934 0.749837 1.50027 1.13115 1.20679 1.49919 1.41798 1.1581 1.61074 1.31959 1.08629 1.17869 1.65536 1.10471
BD_Bo
 1.56019 1.04336 0.515927 0.281468 0.298692 0.337627 0.44699 0.263691 0.234415 0.15732 0.102542 0.180424 0.194563 0.163037 0.10705 0.137755 0.502477 0.473376 0.947131 0.714103 0.761853 0.946449 0.895179 0.731113 1.01687 0.833067 0.68578 0.744112 1.04504 0.697408
BD_Brms
 9.53268 6.37491 3.15229 1.71976 1.825 2.06289 2.73109 1.61114 1.43227 0.96122 0.626529 1.10238 1.18877 0.99615 0.654073 0.841674 3.07012 2.89231 5.78693 4.36314 4.65489 5.78276 5.46951 4.46707 6.21304 5.09 4.19009 4.54649 6.38512 4.26113
Sel_flota
 0.788041 1 1 1 1
 0.788041 1 1 1 1
 0.788041 1 1 1 1
 0.788041 1 1 1 1
 0.788041 1 1 1 1
 0.788041 1 1 1 1
 0.788041 1 1 1 1
 0.788041 1 1 1 1
 0.788041 1 1 1 1
 0.788041 1 1 1 1
 0.788041 1 1 1 1
 0.788041 1 1 1 1
 0.788041 1 1 1 1
 0.788041 1 1 1 1
 0.788041 1 1 1 1
 0.788041 1 1 1 1
 0.788041 1 1 1 1
 0.788041 1 1 1 1
 0.788041 1 1 1 1
 0.788041 1 1 1 1
 0.788041 1 1 1 1
 0.788041 1 1 1 1
 0.788041 1 1 1 1
 0.788041 1 1 1 1
 0.788041 1 1 1 1
 0.788041 1 1 1 1
 0.788041 1 1 1 1
 0.788041 1 1 1 1
 0.788041 1 1 1 1
 0.788041 1 1 1 1
Sel_reclas
 1 1 1 1 1
 1 1 1 1 1
 1 1 1 1 1
 1 1 1 1 1
 1 1 1 1 1
 1 1 1 1 1
 1 1 1 1 1
 1 1 1 1 1
 1 1 1 1 1
 1 1 1 1 1
 1 1 1 1 1
 1 1 1 1 1
 1 1 1 1 1
 1 1 1 1 1
 1 1 1 1 1
 1 1 1 1 1
 1 1 1 1 1
 1 1 1 1 1
 1 1 1 1 1
 1 1 1 1 1
 1 1 1 1 1
 1 1 1 1 1
 1 1 1 1 1
 1 1 1 1 1
 1 1 1 1 1
 1 1 1 1 1
 1 1 1 1 1
 1 1 1 1 1
 1 1 1 1 1
 1 1 1 1 1
Sel_pelaces
 1 1 1 1 1
 1 1 1 1 1
 1 1 1 1 1
 1 1 1 1 1
 1 1 1 1 1
 1 1 1 1 1
 1 1 1 1 1
 1 1 1 1 1
 1 1 1 1 1
 1 1 1 1 1
 1 1 1 1 1
 1 1 1 1 1
 1 1 1 1 1
 1 1 1 1 1
 1 1 1 1 1
 1 1 1 1 1
 1 1 1 1 1
 1 1 1 1 1
 1 1 1 1 1
 1 1 1 1 1
 1 1 1 1 1
 1 1 1 1 1
 1 1 1 1 1
 1 1 1 1 1
 1 1 1 1 1
 1 1 1 1 1
 1 1 1 1 1
 1 1 1 1 1
 1 1 1 1 1
 1 1 1 1 1
pf_obs 
 0.8446 0.082 0.0669 0.0065 0
 0.8095 0.147 0.0364 0.0071 0
 0.9664 0.0169 0.016 0.0007 0
 0.9276 0.0648 0.0075 0.0001 0
 0.7033 0.2144 0.0806 0.0017 0
 0.9318 0.0425 0.0243 0.0014 0
 0.5671 0.3108 0.0964 0.0239 0.0018
 0.0768 0.2599 0.5324 0.112 0.0189
 0.490249 0.384438 0.106611 0.0170017 0.00170017
 0.7925 0.1577 0.0466 0.003 0.0002
 0.840416 0.127587 0.0312969 0.00059994 9.999e-05
 0.8084 0.0986 0.0794 0.0134 0.0002
 0.7335 0.1905 0.0724 0.0035 0.0001
 0.4001 0.4547 0.1325 0.0127 0
 0.49795 0.308269 0.164784 0.0264974 0.00249975
 0.9179 0.0499 0.0305 0.0017 0
 0.2467 0.6533 0.0926 0.0074 0
 0.9418 0.0223 0.034 0.0019 0
 0.707729 0.231977 0.0356964 0.0245975 0
 0.517169 0.277429 0.184464 0.0207286 0.00020938
 0.811772 0.124168 0.05621 0.00726502 0.000585176
 0.764997 0.148141 0.077277 0.00933861 0.000247198
 0.163321 0.427699 0.378323 0.0303852 0.000271297
 0.753843 0.0900009 0.118128 0.0371064 0.000921714
 0.721811 0.176058 0.0630433 0.0369309 0.00215725
 0.143369 0.312575 0.442814 0.0836902 0.0175525
 0.692698 0.0596174 0.167031 0.0765114 0.00414204
 0.394062 0.376323 0.152708 0.0712218 0.00568511
 0.125707 0.32114 0.495352 0.0537591 0.00404204
 0.23352 0.215282 0.420074 0.123614 0.00750983
pf_pred 
 0.455566 0.127751 0.392308 0.0243746 7.90607e-07
 0.417215 0.302802 0.0656978 0.20175 0.0125354
 0.565659 0.210436 0.116336 0.0252409 0.0823281
 0.731189 0.16956 0.0480868 0.0265839 0.0245806
 0.651107 0.273633 0.0474723 0.013463 0.0143247
 0.752908 0.174617 0.0568412 0.0098613 0.00577229
 0.473284 0.421352 0.0744592 0.024238 0.0066664
 0.457196 0.299821 0.194377 0.0343494 0.0142567
 0.545966 0.235966 0.120451 0.0780895 0.0195271
 0.715242 0.175408 0.0568302 0.0290094 0.02351
 0.824634 0.1356 0.0244959 0.0079364 0.00733439
 0.741038 0.222263 0.0283776 0.00512637 0.00319579
 0.687175 0.248713 0.0550254 0.00702542 0.00206031
 0.633892 0.27377 0.0734146 0.0162423 0.0026819
 0.744968 0.181043 0.0553281 0.0148369 0.00382452
 0.940136 0.0478539 0.00852569 0.00260551 0.000878804
 0.372728 0.598798 0.0227619 0.00405529 0.00165733
 0.897203 0.0450412 0.0551337 0.00209578 0.000525984
 0.594741 0.372731 0.0142528 0.0174464 0.000829628
 0.600636 0.264229 0.124288 0.00475261 0.00609418
 0.738082 0.174438 0.0578792 0.0272251 0.00237598
 0.738817 0.205571 0.0370376 0.0122892 0.00628505
 0.313815 0.541567 0.113826 0.0205079 0.0102847
 0.737682 0.0978389 0.129814 0.027284 0.007381
 0.620966 0.297469 0.0304221 0.0403644 0.0107788
 0.434359 0.384644 0.142048 0.0145272 0.024422
 0.733821 0.132546 0.0908721 0.0335587 0.00920174
 0.684286 0.246707 0.0343623 0.0235584 0.0110856
 0.327957 0.495252 0.138149 0.0192419 0.0193996
 0.419417 0.224398 0.262486 0.0732195 0.0204802
pobs_RECLAS
 0 0 0 0 0
 0 0 0 0 0
 0 0 0 0 0
 0 0 0 0 0
 0 0 0 0 0
 0 0 0 0 0
 0 0 0 0 0
 0 0 0 0 0
 0 0 0 0 0
 0 0 0 0 0
 0.991045 0.00858322 0.000360255 1.14367e-05 0
 0.934742 0.0480273 0.0164251 0.00080598 0
 0.827803 0.169806 0.00239088 0 0
 0.941827 0.0461693 0.0120037 0 0
 0.791401 0.0380133 0.147996 0.0225897 0
 0.846168 0.0940531 0.0597789 0 0
 0.134021 0.677848 0.182769 0.00536245 0
 0.80878 0.0450904 0.141981 0.00414843 0
 0.846168 0.0940531 0.0597789 0 0
 0.905697 0.0802665 0.012482 0.00150086 5.37128e-05
 0.989698 0.0102097 9.19794e-05 0 0
 0.975433 0.0193895 0.00387452 0.00125025 5.28907e-05
 0.303575 0.632131 0.0575291 0.00676475 0
 0.966965 0.00978017 0.0227588 0.000495775 0
 0.843318 0.132988 0.00938335 0.0141283 0.000182051
 0.564624 0.303363 0.111486 0.0197234 0.00080311
 0.826376 0.0876187 0.0782897 0.00655872 0.00115652
 0.89761 0.0855135 0.0140674 0.00269457 0.000114338
 0.34875 0.467042 0.161289 0.0227151 0.000203297
 0.318654 0.224769 0.449479 0.00709798 0
ppred_RECLAS
 0.51571 0.113638 0.34897 0.021682 7.03269e-07
 0.477435 0.271512 0.058909 0.180903 0.0112401
 0.624316 0.182017 0.100625 0.0218322 0.0712098
 0.776994 0.140667 0.0398928 0.022054 0.0203921
 0.703659 0.232417 0.0403217 0.0114352 0.012167
 0.795438 0.144561 0.0470576 0.00816396 0.00477875
 0.536644 0.370667 0.0655024 0.0213223 0.00586448
 0.5171 0.266732 0.172926 0.0305585 0.0126833
 0.606239 0.204642 0.104461 0.0677232 0.0169349
 0.763514 0.145673 0.0471965 0.0240918 0.0195247
 0.856748 0.110768 0.0200101 0.00648305 0.00599128
 0.786189 0.18351 0.0234298 0.00423256 0.00263859
 0.738206 0.208141 0.0460492 0.00587937 0.00172421
 0.692154 0.230202 0.0617314 0.0136575 0.0022551
 0.789868 0.149169 0.045587 0.0122247 0.00315118
 0.95266 0.0378423 0.00674202 0.00206041 0.000694948
 0.431266 0.542917 0.0206378 0.00367684 0.00150267
 0.917619 0.0360957 0.0441838 0.00167955 0.000421521
 0.652599 0.319517 0.0122179 0.0149556 0.000711184
 0.657906 0.226338 0.106464 0.00407107 0.00522026
 0.78241 0.144915 0.0480834 0.0226174 0.00197386
 0.783365 0.170508 0.0307205 0.0101932 0.00521307
 0.368147 0.498685 0.104813 0.0188841 0.00947034
 0.781701 0.0814209 0.10803 0.0227056 0.00614242
 0.675976 0.254296 0.0260069 0.0345062 0.00921443
 0.494217 0.34394 0.127016 0.0129899 0.0218375
 0.778292 0.110402 0.07569 0.0279521 0.0076644
 0.73392 0.207922 0.0289602 0.0198547 0.00934279
 0.383063 0.454643 0.126821 0.0176642 0.0178089
 0.479298 0.201253 0.235413 0.0656676 0.0183679
pobs_PELACES
 0 0 0 0 0
 0 0 0 0 0
 0 0 0 0 0
 0 0 0 0 0
 0 0 0 0 0
 0 0 0 0 0
 0 0 0 0 0
 0 0 0 0 0
 0 0 0 0 0
 0 0 0 0 0
 0 0 0 0 0
 0 0 0 0 0
 0 0 0 0 0
 0 0 0 0 0
 0 0 0 0 0
 0 0 0 0 0
 0.505614 0.472636 0.0217494 0 0
 0 0 0 0 0
 0.443492 0.261883 0.143347 0.151278 0
 0.227955 0.32914 0.350689 0.0885471 0.00366901
 0.970185 0.0296113 0.000203453 0 0
 0.997202 0.00247181 0.000326279 0 0
 0.445219 0.490057 0.0546422 0.010081 0
 0.90214 0.0892962 0.00764917 0.000914606 0
 0 0 0 0 0
 0.581667 0.319106 0.0959925 0.00289975 0.000334073
 0.762889 0.0836404 0.116647 0.0363945 0.000428098
 0.88444 0.0763242 0.0277011 0.0115352 0
 0.521256 0.241999 0.230069 0.00667565 0
 0.616807 0.101726 0.260614 0.0208532 0
ppred_PELACES
 0.518262 0.113039 0.34713 0.0215677 6.99562e-07
 0.482094 0.269092 0.0583839 0.17929 0.0111399
 0.628585 0.179949 0.0994814 0.0215841 0.0704006
 0.781829 0.137617 0.039028 0.0215759 0.01995
 0.70566 0.230847 0.0400494 0.0113579 0.0120849
 0.798432 0.142446 0.046369 0.00804448 0.00470882
 0.547024 0.362363 0.064035 0.0208447 0.00573311
 0.518824 0.26578 0.172308 0.0304495 0.0126381
 0.612685 0.201292 0.102751 0.0666145 0.0166577
 0.769963 0.141701 0.0459095 0.0234348 0.0189922
 0.857762 0.109984 0.0198684 0.00643716 0.00594887
 0.792073 0.17846 0.022785 0.00411608 0.00256597
 0.744553 0.203095 0.0449327 0.00573683 0.00168241
 0.703922 0.221402 0.0593715 0.0131354 0.00216889
 0.796181 0.144687 0.0442175 0.0118574 0.0030565
 0.953953 0.036809 0.00655792 0.00200415 0.000675972
 0.435812 0.538577 0.0204728 0.00364745 0.00149066
 0.91902 0.0354819 0.0434325 0.00165099 0.000414353
 0.658569 0.314025 0.0120079 0.0146986 0.000698961
 0.66326 0.222796 0.104798 0.00400736 0.00513856
 0.785498 0.142859 0.047401 0.0222964 0.00194584
 0.787258 0.167445 0.0301684 0.01001 0.0051194
 0.371333 0.496171 0.104284 0.0187889 0.00942259
 0.783755 0.0806548 0.107014 0.022492 0.00608463
 0.678645 0.252202 0.0257927 0.034222 0.00913855
 0.496687 0.34226 0.126396 0.0129265 0.0217309
 0.780365 0.109369 0.0749823 0.0276907 0.00759274
 0.735913 0.206365 0.0287433 0.0197061 0.00927283
 0.385333 0.45297 0.126355 0.0175992 0.0177434
 0.482819 0.199893 0.233821 0.0652237 0.0182437
pobs_pel_tallas
 0 0 0 0 0 0 0 0 0 0 0 0 0 0 0 0 0 0 0 0 0 0 0 0 0 0
 0 0 0 0 0 0 0 0 0 0 0 0 0 0 0 0 0 0 0 0 0 0 0 0 0 0
 0 0 0 0 0 0 0 0 0 0 0 0 0 0 0 0 0 0 0 0 0 0 0 0 0 0
 0 0 0 0 0 0 0 0 0 0 0 0 0 0 0 0 0 0 0 0 0 0 0 0 0 0
 0 0 0 0 0 0 0 0 0 0 0 0 0 0 0 0 0 0 0 0 0 0 0 0 0 0
 0 0 0 0 0 0 0 0 0 0 0 0 0 0 0 0 0 0 0 0 0 0 0 0 0 0
 0 0 0 0 0 0 0 0 0 0 0 0 0 0 0 0 0 0 0 0 0 0 0 0 0 0
 0 0 0 0 0 0 0 0 0 0 0 0 0 0 0 0 0 0 0 0 0 0 0 0 0 0
 0 0 0 0 0 0 0 0 0 0 0 0 0 0 0 0 0 0 0 0 0 0 0 0 0 0
 0 0 0 0 0 0 0 0 0 0 0 0 0 0 0 0 0 0 0 0 0 0 0 0 0 0
 0 0 0 0 0 0 0 0 0 0 0 0 0 0 0 0 0 0 0 0 0 0 0 0 0 0
 0 0 0 0 0 0 0 0 0 0 0 0 0 0 0 0 0 0 0 0 0 0 0 0 0 0
 0.00862536 0 0 0.000197151 0.00414017 0.0128641 0.00837892 0.0270097 0.101434 0.158115 0.152841 0.127902 0.109271 0.109419 0.0830992 0.0579132 0.0238553 0.00714673 0.00463305 0.00128148 0.00103504 0.000492878 0.000147863 0.000147863 4.92878e-05 0
 0 0 0 0 0 0 0 0 0 0 0 0 0 0 0 0 0 0 0 0 0 0 0 0 0 0
 0 0 0 0 0 0 0 0.0054083 0.00873648 0.0413646 0.0450493 0.0745869 0.0622846 0.0627006 0.0613931 0.0827291 0.12552 0.122667 0.0946155 0.0697135 0.0546179 0.0294188 0.0215738 0.0213955 0.0102223 0.00600262
 0 0 0 0 0.00359764 0.0251062 0.0480494 0.140153 0.205849 0.193036 0.1447 0.116669 0.0760912 0.0342217 0.00950174 0.001854 0.000860785 0 0 0 0.000165536 0 0.000143464 0 0 0
 0 0 0 0 0 0 0 0.000145254 0.000435761 0.0275982 0.070085 0.0708112 0.156366 0.174668 0.174014 0.160142 0.0824315 0.0480064 0.0283245 0.00493863 0.00203355 0 0 0 0 0
 0 0 0 0 0 0 0 0 0 0 0 0 0 0 0 0 0 0 0 0 0 0 0 0 0 0
 0 0 1.00437e-05 0.000401748 0.00122533 0.00171747 0.00176769 0.0269171 0.070346 0.194647 0.189555 0.159765 0.064822 0.0314167 0.0384472 0.0292271 0.0345202 0.0313363 0.0194345 0.0106764 0.0143323 0.0359363 0.0279516 0.0138201 0.00172751 0
 0 0.0021121 0.0136068 0.0755702 0.200478 0.177729 0.0527432 0.0373336 0.0318909 0.0142505 0.0149659 0.0166563 0.0217959 0.0798694 0.0677717 0.0528807 0.04013 0.0224614 0.0357745 0.0225083 0.00881397 0.00855152 0.00135912 0.000746735 0 0
 0 0 0 0 5.4009e-05 0.00500934 0.000945158 0.0243581 0.138947 0.33067 0.221406 0.137944 0.0707744 0.0437923 0.0131692 0.00525238 0.0047753 0.00276346 9.45158e-05 9.00151e-06 2.25038e-05 9.00151e-06 4.50075e-06 0 0 0
 0.000866109 0.00284123 0.00948549 0.0512746 0.133035 0.25785 0.225252 0.132002 0.0553304 0.0519788 0.0540692 0.017754 0.00435017 0.00159236 0.00146478 0.000404838 0.000125132 0.000115318 0.000107957 0.000100596 0 0 0 0 0 0
 0 0 0 0 0.00144013 0.00171154 0.00461396 0.0210425 0.0478622 0.0707936 0.0888783 0.103762 0.0637923 0.0337046 0.0602308 0.124433 0.169614 0.0934646 0.0462172 0.0250306 0.0313229 0.00938855 0.002487 0.000210481 0 0
 0 0.00764035 0.051015 0.0998891 0.058973 0.0496711 0.0374665 0.0718981 0.12319 0.153886 0.159021 0.0857701 0.0377988 0.023471 0.0147837 0.00900784 0.00315554 0.000888139 0.00291439 0.00214683 0.00393193 0.00274676 0.000635225 9.99891e-05 0 0
 0 0 0 0 0 0 0 0 0 0 0 0 0 0 0 0 0 0 0 0 0 0 0 0 0 0
 0 0 0 0 0 0 0 0 0 0 0 0 0 0 0 0 0 0 0 0 0 0 0 0 0 0
 0 0 0 0 0 0 0 0 0 0 0 0 0 0 0 0 0 0 0 0 0 0 0 0 0 0
 0 0 0 0 0 0 0 0 0 0 0 0 0 0 0 0 0 0 0 0 0 0 0 0 0 0
 0 0 0 0 0 0 0 0 0 0 0 0 0 0 0 0 0 0 0 0 0 0 0 0 0 0
 0 0 0 0 0 0 0 0 0 0 0 0 0 0 0 0 0 0 0 0 0 0 0 0 0 0
ppred_pel_tallas
 1.1221e-16 4.26886e-05 0.000414948 0.00275748 0.0125351 0.0390014 0.0830971 0.121285 0.121296 0.0831531 0.039191 0.0130892 0.00417302 0.00358701 0.0063066 0.0109819 0.0172634 0.0247159 0.03281 0.0411212 0.0492601 0.056517 0.0616361 0.0631289 0.0600385 0.0525969
 1.2162e-16 3.97095e-05 0.000385991 0.00256504 0.0116603 0.0362798 0.0772988 0.112825 0.112851 0.0774261 0.0367073 0.0128966 0.00567369 0.00719139 0.013024 0.0216348 0.0315808 0.040669 0.0467724 0.0491206 0.0488291 0.048101 0.0486883 0.0507966 0.0531337 0.0538483
 1.16996e-16 5.17758e-05 0.000503279 0.00334447 0.0152035 0.0473037 0.100786 0.147104 0.147122 0.100872 0.0475911 0.0160352 0.00543911 0.00509868 0.00884726 0.0147259 0.0216439 0.0281604 0.0328627 0.0351753 0.0356976 0.0357079 0.0362273 0.0373885 0.0385022 0.0386065
 1.06702e-16 6.43982e-05 0.000625974 0.00415982 0.0189099 0.0588359 0.125357 0.182964 0.182978 0.125422 0.0590543 0.0195415 0.00574714 0.00409821 0.00668014 0.0109993 0.0159785 0.0204001 0.0230803 0.02351 0.0221584 0.0201277 0.0184317 0.0174648 0.0169785 0.0164335
 1.04399e-16 5.81244e-05 0.00056499 0.00375456 0.0170677 0.053104 0.113145 0.165142 0.165165 0.113253 0.0534694 0.0181231 0.0064047 0.00635288 0.0110582 0.0182105 0.0262784 0.0331576 0.0367465 0.0360877 0.0319345 0.0262224 0.0208842 0.0169328 0.0143436 0.0125392
 1.02979e-16 6.57658e-05 0.000639267 0.00424815 0.0193115 0.0600853 0.128019 0.18685 0.186864 0.128086 0.0603115 0.0199652 0.00589111 0.00423266 0.00691028 0.0113724 0.0164984 0.0210036 0.0236185 0.0237497 0.021806 0.0188678 0.0159824 0.0136507 0.0118107 0.010161
 1.05002e-16 4.50577e-05 0.000437977 0.00291051 0.0132308 0.0411661 0.08771 0.128023 0.128058 0.0878807 0.0417396 0.0148876 0.00707045 0.00952309 0.017311 0.0285783 0.0412373 0.0520141 0.0575975 0.0564613 0.0497572 0.0404932 0.0316888 0.0249508 0.0203004 0.0169283
 1.10233e-16 4.27349e-05 0.000415398 0.00276047 0.0125487 0.0390438 0.0831879 0.121421 0.121446 0.0833142 0.0394686 0.0137786 0.00585815 0.0072127 0.0130549 0.021784 0.032006 0.0415673 0.0482649 0.0510398 0.050488 0.0482018 0.0455294 0.0428073 0.0395522 0.0352061
 1.12517e-16 5.04661e-05 0.000490548 0.00325987 0.0148189 0.0461072 0.098237 0.143384 0.143403 0.0983325 0.0464284 0.0157486 0.00560049 0.00562381 0.00987005 0.0164254 0.024106 0.0312812 0.0363338 0.0385678 0.0385889 0.0377586 0.0371695 0.0369768 0.0365134 0.0349235
 1.06926e-16 6.34208e-05 0.000616473 0.00409668 0.0186229 0.0579429 0.123454 0.180188 0.180201 0.123521 0.0581681 0.0192739 0.00573317 0.00419766 0.00689084 0.0113616 0.0165294 0.021153 0.0240219 0.0246112 0.0233889 0.0214582 0.0198222 0.0188516 0.0182763 0.0175557
 1.02254e-16 7.06527e-05 0.000686769 0.00456383 0.0207465 0.0645501 0.137531 0.200733 0.200744 0.137583 0.0647242 0.0212495 0.00582684 0.00344545 0.00531448 0.00868642 0.0125361 0.0158297 0.0175667 0.0172934 0.0153691 0.0127123 0.0102362 0.00841237 0.00721813 0.00637051
 1.01551e-16 6.5242e-05 0.000634176 0.00421432 0.0191577 0.0596068 0.126999 0.185363 0.18538 0.127083 0.059889 0.0199725 0.00625934 0.00509776 0.00854032 0.0140101 0.0201626 0.0253268 0.0278447 0.0269502 0.0232205 0.01818 0.0133893 0.00972559 0.00727041 0.00565724
 1.02209e-16 6.13279e-05 0.000596129 0.00396149 0.0180084 0.0560308 0.11938 0.174243 0.174263 0.119476 0.0563525 0.0189378 0.0062956 0.00569537 0.0097569 0.016062 0.0231986 0.0293098 0.0325372 0.0320099 0.0283386 0.0231605 0.0181234 0.0141126 0.011171 0.00891822
 1.03455e-16 5.79812e-05 0.000563598 0.00374531 0.0170256 0.0529732 0.112866 0.164735 0.164757 0.11297 0.0533243 0.0180402 0.00629418 0.0061351 0.0106607 0.0175884 0.0254616 0.0322913 0.0360808 0.0358967 0.0323924 0.0273017 0.0223347 0.0183567 0.0153332 0.0128141
 1.0302e-16 6.55804e-05 0.000637465 0.00423618 0.0192571 0.059916 0.127658 0.186323 0.186337 0.127726 0.0601456 0.0199208 0.00590421 0.00428521 0.00701225 0.0115386 0.0167322 0.0212868 0.0239129 0.0240113 0.0220058 0.0190054 0.0160834 0.0137506 0.0119349 0.0103132
 1.00515e-16 7.85759e-05 0.000763785 0.00507562 0.023073 0.0717888 0.152954 0.223241 0.223245 0.152971 0.0718471 0.0232413 0.0054982 0.00168669 0.00183255 0.00290841 0.0041896 0.00528445 0.00585218 0.00573749 0.00505729 0.00411704 0.00322337 0.00253954 0.00206783 0.0017261
 1.01347e-16 3.58974e-05 0.000348935 0.0023188 0.010541 0.0327971 0.0698796 0.102002 0.102054 0.0701328 0.0336469 0.0129941 0.00847214 0.0137668 0.025475 0.0419433 0.0601466 0.0750653 0.0816077 0.0774259 0.0643451 0.0471972 0.0310329 0.0188497 0.0111272 0.00679385
 1.01499e-16 7.56985e-05 0.000735816 0.00488976 0.0222281 0.06916 0.147353 0.215066 0.21507 0.14737 0.0692173 0.0223945 0.00531028 0.00166322 0.00186441 0.00303366 0.00452786 0.00603591 0.00728286 0.00812061 0.00857355 0.008749 0.00869831 0.00836424 0.00765489 0.00656104
 1.0202e-16 5.42455e-05 0.000527286 0.003504 0.0159287 0.0495603 0.105595 0.154125 0.154155 0.105742 0.0500558 0.0173594 0.00709298 0.00835439 0.014897 0.024484 0.0351307 0.0439003 0.0478452 0.0456227 0.0383167 0.028745 0.0198198 0.0132196 0.00913014 0.00683561
 1.04353e-16 5.46319e-05 0.000531041 0.00352896 0.0160421 0.0499132 0.106346 0.15522 0.155241 0.106452 0.0502678 0.0170679 0.00610923 0.0061815 0.0108375 0.0179643 0.0261834 0.0335685 0.0381648 0.0390233 0.0366881 0.0326819 0.0284517 0.0246466 0.0211634 0.0176712
 1.0397e-16 6.47005e-05 0.000628912 0.00417934 0.0189987 0.059112 0.125945 0.183823 0.183837 0.126012 0.0593389 0.0196547 0.00582854 0.0042372 0.00694141 0.0114364 0.0166181 0.0212166 0.0239818 0.0243426 0.0227233 0.0201986 0.0177767 0.0158851 0.0143696 0.0128493
 1.02784e-16 6.48454e-05 0.00063032 0.0041887 0.0190412 0.0592444 0.126227 0.184236 0.184252 0.126306 0.0595095 0.0198069 0.00611134 0.00482958 0.00804631 0.0132164 0.0190728 0.0240717 0.0266859 0.0262167 0.0232015 0.019032 0.0150986 0.0121307 0.0101178 0.0086622
 1.06616e-16 3.05863e-05 0.00029731 0.00197573 0.00898142 0.0279448 0.0595411 0.086912 0.0869599 0.059775 0.0287305 0.0112516 0.00767687 0.0127517 0.0237092 0.0392144 0.0566423 0.0715535 0.0794251 0.0781515 0.0692583 0.0567834 0.0447761 0.0353888 0.02867 0.023599
 1.06395e-16 6.45569e-05 0.000627516 0.00417006 0.0189565 0.0589808 0.125665 0.183413 0.183421 0.125704 0.0591116 0.0193363 0.00513095 0.00275027 0.00416992 0.00698498 0.0105088 0.0141652 0.0173914 0.019903 0.0217796 0.0232341 0.0242804 0.024621 0.0238504 0.0217789
 1.05788e-16 5.58991e-05 0.000543359 0.00361081 0.0164143 0.051071 0.108813 0.158821 0.158845 0.108932 0.0514697 0.0175659 0.00650152 0.00685383 0.0120414 0.0198222 0.0285641 0.0359662 0.0397404 0.0388764 0.0342649 0.028105 0.0225712 0.0187673 0.0165756 0.0152085
 1.08709e-16 4.09115e-05 0.000397675 0.00264269 0.0120133 0.037378 0.079639 0.116242 0.116276 0.0798009 0.0379218 0.0135857 0.00659558 0.0090469 0.0165262 0.0274103 0.0398415 0.0508562 0.0574387 0.0581748 0.0540271 0.0475347 0.041131 0.0359355 0.0317403 0.0278033
 1.06254e-16 6.42777e-05 0.000624802 0.00415203 0.0188745 0.0587257 0.125122 0.182621 0.182632 0.125174 0.0589008 0.0193815 0.00542972 0.00343078 0.00544287 0.00902699 0.0133057 0.0173852 0.0203945 0.0219354 0.0222745 0.0220518 0.0217565 0.0214121 0.0206794 0.0192029
 1.04428e-16 6.06162e-05 0.000589211 0.00391552 0.0177994 0.0553806 0.117995 0.172221 0.172241 0.118092 0.055707 0.0187424 0.00628289 0.00575851 0.00988224 0.0162535 0.0234394 0.0295502 0.0327115 0.0320837 0.0283685 0.0233296 0.018717 0.0154296 0.0134017 0.0120477
 1.0853e-16 3.17394e-05 0.000308519 0.00205022 0.00932002 0.0289983 0.0617855 0.0901869 0.0902307 0.0619994 0.0297167 0.0113962 0.0072666 0.011712 0.021736 0.036007 0.0521542 0.0661885 0.0740422 0.073817 0.0668561 0.056706 0.0468562 0.0390589 0.0332142 0.0283611
 1.16428e-16 3.97692e-05 0.000386571 0.0025689 0.0116779 0.0363342 0.0774147 0.112993 0.113013 0.0775106 0.0366575 0.0126159 0.0049402 0.00561871 0.0101403 0.017131 0.0256844 0.0344279 0.0419506 0.0475732 0.0515899 0.054693 0.0571 0.0581945 0.0569631 0.0527814
pSPR Fmed_Fpbrs
0.6173   0.213667 0.213667
Fs Fmed_Fpbrs
0.263319   1.005 1.005
SSBpbr Bo_Bmed_Bpbrs
1.84933e+06  1.04913e+06  302675 302675
Ro
164011
SPR SPRFo_SPRFmed_SPRFpbrs
1.16749e+06 720693 249455
Fref
1.005
Nvult_r0
 52253.1 22843.3 26720.6 7453.63 2084.85
CTP_r0
 7163.76 3832.78 4483.33 1250.61 349.807
YTP_r0
284317
Np
 242523 23899.6 9823.08 11490.4 4169.04
Nvult_p0
 202111 20681.2 8500.3 9943.08 3607.63
CTP_p0
 89324.8 10366.4 4260.75 4983.94 1808.32
YTP_p0
 1.14695e+06
CBA_c0
543108
log_Ro
11.8277
likeval ReclasPelacesDesembMPH_pf_preclas_ppelaces_ptallas_desvR_qrecl_qpela
 12.9201 18.3836 0.0526339 0.00260019 234.186 115.331 92.9971 0 24.7141 0 0 0.268406 0 0 0
q_reclas_q_pelaces
1 1
M
1
N
 190967 42736.9 131240 8154.14 0.264485
 107025 62610.1 13584.3 41715.7 2591.94
 106452 31905.6 17638.4 3826.94 12482.3
 168780 31885.9 9042.78 4999.14 4622.41
 134961 45231.8 7847.19 2225.45 2367.89
 238363 44551.1 14502.3 2515.98 1472.72
 96743 71192 12580.7 4095.27 1126.36
 42627.7 22219.5 14405.2 2545.61 1056.56
 41253 14508.6 7406.03 4801.41 1200.64
 55508.6 11185.4 3623.95 1849.87 1499.19
 103899 13602.7 2457.3 796.139 735.748
 141373 34815.2 4445.06 802.993 500.588
 117784 34917.9 7725.24 986.327 289.255
 82445.1 29841 8002.23 1770.41 292.328
 80765.9 16168.2 4941.12 1325.02 341.552
 464068 19263.3 3431.97 1048.84 353.758
 95064.9 123081 4678.63 833.55 340.659
 701566 28389.1 34750.3 1320.95 331.523
 410342 209119 7996.45 9788.24 465.459
 314166 112064 52712.4 2015.66 2584.64
 463819 88313.5 29302.7 13783.4 1202.9
 616400 138943 25033.4 8306.16 4248.01
 126414 174821 36743.7 6620.11 3319.97
 375807 39866.4 52895.1 11117.4 3007.53
 314876 120665 12340.4 16373.4 4372.29
 142906 100952 37281.2 3812.75 6409.68
 325576 47034.5 32246.3 11908.5 3265.27
 363408 104562 14563.9 9984.81 4698.42
 98934 119141 33233.9 4628.95 4666.89
 76152.6 32666.4 38211 10658.8 2981.38
pred_Ctot
 13256.5 3717.4 11415.7 709.275 0.0230058
 13052 9472.75 2055.27 6311.48 392.154
 12712.9 4729.44 2614.59 567.277 1850.28
 29723.7 6892.79 1954.78 1080.67 999.23
 8838.46 3714.45 644.413 182.754 194.451
 28832 6686.82 2176.69 377.631 221.045
 23864.7 21246.1 3754.5 1222.16 336.143
 2028.82 1330.47 862.557 152.427 63.2648
 7029.27 3038.05 1550.79 1005.4 251.41
 12106.6 2969.07 961.944 491.031 397.946
 5899 970.01 175.231 56.7729 52.4664
 30328.9 9096.67 1161.43 209.81 130.796
 23889.5 8646.46 1912.94 244.237 71.6261
 25593.5 11053.5 2964.12 655.783 108.282
 18594.4 4518.83 1380.99 370.329 95.46
 84063.5 4278.91 762.336 232.975 78.5794
 11506 18484.7 702.655 125.186 51.1614
 85604.6 4297.5 5260.45 199.964 50.1856
 68465.8 42908.3 1640.76 2008.41 95.5057
 47879.7 21063 9907.59 378.854 485.798
 55365.4 13085 4341.66 2042.22 178.228
 91155.8 25363.5 4569.73 1516.25 775.455
 11551.3 19934.6 4189.84 754.882 378.571
 30557.1 4052.79 5377.28 1130.19 305.744
 25864.6 12390.2 1267.15 1681.27 448.961
 9602.05 8503.05 3140.15 321.143 539.879
 26426.7 4773.32 3272.53 1208.53 331.378
 25237.2 9098.83 1267.32 868.86 408.848
 6464.95 9762.8 2723.3 379.312 382.421
 7163.76 3832.78 4483.33 1250.61 349.807
F
 0.115173 0.146152 0.146152 0.146152 0.146152
 0.210286 0.266846 0.266846 0.266846 0.266846
 0.205533 0.260814 0.260814 0.260814 0.260814
 0.316799 0.402008 0.402008 0.402008 0.402008
 0.108352 0.137495 0.137495 0.137495 0.137495
 0.208415 0.264473 0.264473 0.264473 0.264473
 0.471086 0.597794 0.597794 0.597794 0.597794
 0.0777616 0.0986771 0.0986771 0.0986771 0.0986771
 0.305112 0.387178 0.387178 0.387178 0.387178
 0.406273 0.515547 0.515547 0.515547 0.515547
 0.0933617 0.118473 0.118473 0.118473 0.118473
 0.398402 0.50556 0.50556 0.50556 0.50556
 0.372964 0.47328 0.47328 0.47328 0.47328
 0.629087 0.798292 0.798292 0.798292 0.798292
 0.433353 0.549911 0.549911 0.549911 0.549911
 0.327192 0.415196 0.415196 0.415196 0.415196
 0.208556 0.264651 0.264651 0.264651 0.264651
 0.210412 0.267006 0.267006 0.267006 0.267006
 0.297921 0.378052 0.378052 0.378052 0.378052
 0.269028 0.341389 0.341389 0.341389 0.341389
 0.205429 0.260683 0.260683 0.260683 0.260683
 0.260131 0.330098 0.330098 0.330098 0.330098
 0.154026 0.195454 0.195454 0.195454 0.195454
 0.13606 0.172656 0.172656 0.172656 0.172656
 0.137534 0.174527 0.174527 0.174527 0.174527
 0.111303 0.141241 0.141241 0.141241 0.141241
 0.13581 0.172339 0.172339 0.172339 0.172339
 0.115222 0.146214 0.146214 0.146214 0.146214
 0.108105 0.137182 0.137182 0.137182 0.137182
 0.158879 0.201613 0.201613 0.201613 0.201613
YTP_r0W_actual
 52295.5 60941.2 118808 39644.4 12628
YTP_p0W_proyectada
 671722 167106 99616.3 147026 61482.7
CTP_r0_actual
 7163.76 3832.78 4483.33 1250.61 349.807
CTP_p0_proyectada
 89324.8 10366.4 4260.75 4983.94 1808.32
Wmedp
 7.52 16.12 23.38 29.5 34
Frms_r0
 0.158879 0.201613 0.201613 0.201613 0.201613
Zrms_r0
 1.15888 1.20161 1.20161 1.20161 1.20161
nmprior
 8.19 8.8 8.5 0
nm_flota  nm_reclas  nm_pelaces    nm_pelaL
inf 12.6237 16.4483 28.7969
cv_recla  cv_pelaces  cv_mph
0.332782 0.504522 1.57365
 ------------------------------------------------
Talla a la edad & desviaci?n 
 8 13.2811 15.8009 17.003 17.5766
 0.8 1.32811 1.58009 1.7003 1.75766
