years
 1991 1992 1993 1994 1995 1996 1997 1998 1999 2000 2001 2002 2003 2004 2005 2006 2007 2008 2009 2010 2011 2012 2013 2014 2015 2016 2017 2018 2019 2020
reclasobs
 0 0 0 0 0 0 0 0 0 252601 567819 844713 477998 351125 339783 2.1784e+06 2.13404e+06 4.81314e+06 1.55562e+06 2.62356e+06 3.21686e+06 3.843e+06 1.13348e+06 3.07943e+06 1.97215e+06 2.03268e+06 2.025e+06 2.42433e+06 2.27542e+06 1.05018e+06
reclaspred
 3.16651e+06 1.77391e+06 896533 874924 859177 1.37103e+06 854670 754196 554086 407636 485564 631157 623243 485968 491005 1.29884e+06 1.25747e+06 2.84511e+06 2.34421e+06 1.7405e+06 3.07893e+06 2.50376e+06 1.9838e+06 3.05536e+06 2.29197e+06 2.02225e+06 2.41111e+06 2.56479e+06 2.08368e+06 1.30261e+06
pelacesobs
 0 0 0 0 0 0 0 0 0 0 0 0 0 0 0 552880 188675 0 991730 2.46772e+06 1.41603e+06 1.21717e+06 2.29649e+06 1.80582e+06 0 1.4828e+06 1.56532e+06 1.57751e+06 1.42118e+06 867257
pelacespred
 1.68892e+06 1.05241e+06 532255 423812 434726 715056 410204 450952 318132 221771 273675 297886 323609 266057 276144 607725 589634 1.5362e+06 1.30746e+06 901675 1.54186e+06 1.36039e+06 1.07508e+06 1.8116e+06 1.31113e+06 1.15294e+06 1.56511e+06 1.64173e+06 1.0999e+06 782896
mphobs
 0 0 0 0 0 0 0 0 0 0 0 498337 0 5186 125008 0 168611 109162 213762 579715 649985 157893 87575 83554 0 0 0 0 0 0
mphpred
 480211 321087 159899 87009 92406.9 103516 137341 84272.6 74881 51833.5 34687.3 57797.2 62627.8 53113.6 36027.4 45545 150533 143130 284102 214448 228265 282104 268259 220652 307097 252806 207573 222763 310900 209092
desembarqueobs
 494567 514787 250237 358949 120608 361735 552515 73892 212993 205616 52469 317467 293654 387597 252695 516296 358380 742168 942051 627588 828172 859565 418607 520667 417249 300574 415391 372974 316634 284311
desembarquepred
 494574 513546 250831 358979 120613 361747 552553 73896.2 213040 205658 52471.5 317531 293703 387630 252689 516258 358402 742071 941850 627454 828234 859577 418615 520689 417248 300574 415389 372958 316627 284319
Reclutas
 198599 112087 111459 180059 144258 253722 104195 46946.6 45447.4 61151 114462 150862 125548 87782.6 87540.3 480401 101286 739795 424428 325595 484152 649068 134173 401644 337280 151055 343178 383789 105381 81227.4
log_desv_Rt
 0.129406 -0.442604 -0.448227 0.0314025 -0.190282 0.374355 -0.515616 -1.31287 -1.34533 -1.04854 -0.421641 -0.145521 -0.329192 -0.68702 -0.689784 1.01274 -0.543938 1.44449 0.888858 0.623771 1.02052 1.31365 -0.26275 0.833683 0.659029 -0.144238 0.676365 0.788209 -0.504298 -0.764631
SSB
 3.20009e+06 2.1397e+06 1.06555e+06 579822 615793 689823 915227 561586 499001 345414 231153 385157 417347 353945 240084 303509 1.00314e+06 953809 1.89323e+06 1.42907e+06 1.52114e+06 1.87992e+06 1.78766e+06 1.47041e+06 2.04647e+06 1.68468e+06 1.38325e+06 1.48447e+06 2.07182e+06 1.39338e+06
BT
 4.31229e+06 2.93467e+06 1.4767e+06 1.27922e+06 1.09777e+06 1.95763e+06 1.4407e+06 1.10479e+06 945024 709755 676335 952961 1.01299e+06 1.01691e+06 890358 1.81973e+06 1.63938e+06 4.19737e+06 3.92043e+06 2.64331e+06 4.22791e+06 3.93948e+06 2.84357e+06 4.66153e+06 3.40806e+06 2.92468e+06 4.03293e+06 4.15965e+06 2.79759e+06 2.08247e+06
Ftot
 0.132251 0.240856 0.23508 0.36234 0.124053 0.240371 0.533811 0.0862531 0.334755 0.435159 0.101869 0.444358 0.414627 0.690558 0.471909 0.38051 0.244267 0.245869 0.350921 0.316721 0.242047 0.306007 0.180449 0.157915 0.15962 0.12941 0.158676 0.13526 0.127588 0.185692
BD_Bspro_t
 0.979062 0.847673 0.689453 0.599644 0.58458 0.657546 0.649179 0.482897 0.539878 0.498375 0.468616 0.677546 0.564576 0.476108 0.369296 0.427171 0.604821 0.580021 0.675377 0.580765 0.55113 0.59982 0.615641 0.608002 0.710457 0.718384 0.725005 0.759765 0.80131 0.736765
BD_Bspro
 2.57634 1.72264 0.857858 0.466805 0.495764 0.555365 0.736834 0.452124 0.401738 0.278087 0.186098 0.310083 0.335999 0.284955 0.193288 0.24435 0.80761 0.767895 1.52421 1.15052 1.22465 1.51349 1.43921 1.1838 1.64758 1.35631 1.11363 1.19512 1.66798 1.12178
BD_Bo
 1.64616 1.10069 0.548132 0.298267 0.316771 0.354853 0.470803 0.288886 0.256692 0.177685 0.118908 0.198129 0.214688 0.182074 0.123502 0.156128 0.516026 0.49065 0.973901 0.735128 0.782493 0.967054 0.91959 0.756394 1.05273 0.866618 0.711561 0.76363 1.06577 0.716769
BD_Brms
 10.284 6.87627 3.42432 1.86335 1.97895 2.21685 2.94123 1.80475 1.60362 1.11004 0.742848 1.23776 1.34121 1.13746 0.771548 0.975373 3.22375 3.06522 6.08421 4.59253 4.88843 6.04143 5.74491 4.72538 6.57666 5.41398 4.4453 4.77059 6.65811 4.47783
Sel_flota
 0.804934 1 1 1 1
 0.804934 1 1 1 1
 0.804934 1 1 1 1
 0.804934 1 1 1 1
 0.804934 1 1 1 1
 0.804934 1 1 1 1
 0.804934 1 1 1 1
 0.804934 1 1 1 1
 0.804934 1 1 1 1
 0.804934 1 1 1 1
 0.804934 1 1 1 1
 0.804934 1 1 1 1
 0.804934 1 1 1 1
 0.804934 1 1 1 1
 0.804934 1 1 1 1
 0.804934 1 1 1 1
 0.804934 1 1 1 1
 0.804934 1 1 1 1
 0.804934 1 1 1 1
 0.804934 1 1 1 1
 0.804934 1 1 1 1
 0.804934 1 1 1 1
 0.804934 1 1 1 1
 0.804934 1 1 1 1
 0.804934 1 1 1 1
 0.804934 1 1 1 1
 0.804934 1 1 1 1
 0.804934 1 1 1 1
 0.804934 1 1 1 1
 0.804934 1 1 1 1
Sel_reclas
 1 1 1 1 1
 1 1 1 1 1
 1 1 1 1 1
 1 1 1 1 1
 1 1 1 1 1
 1 1 1 1 1
 1 1 1 1 1
 1 1 1 1 1
 1 1 1 1 1
 1 1 1 1 1
 1 1 1 1 1
 1 1 1 1 1
 1 1 1 1 1
 1 1 1 1 1
 1 1 1 1 1
 1 1 1 1 1
 1 1 1 1 1
 1 1 1 1 1
 1 1 1 1 1
 1 1 1 1 1
 1 1 1 1 1
 1 1 1 1 1
 1 1 1 1 1
 1 1 1 1 1
 1 1 1 1 1
 1 1 1 1 1
 1 1 1 1 1
 1 1 1 1 1
 1 1 1 1 1
 1 1 1 1 1
Sel_pelaces
 1 1 1 1 1
 1 1 1 1 1
 1 1 1 1 1
 1 1 1 1 1
 1 1 1 1 1
 1 1 1 1 1
 1 1 1 1 1
 1 1 1 1 1
 1 1 1 1 1
 1 1 1 1 1
 1 1 1 1 1
 1 1 1 1 1
 1 1 1 1 1
 1 1 1 1 1
 1 1 1 1 1
 1 1 1 1 1
 1 1 1 1 1
 1 1 1 1 1
 1 1 1 1 1
 1 1 1 1 1
 1 1 1 1 1
 1 1 1 1 1
 1 1 1 1 1
 1 1 1 1 1
 1 1 1 1 1
 1 1 1 1 1
 1 1 1 1 1
 1 1 1 1 1
 1 1 1 1 1
 1 1 1 1 1
pf_obs 
 0.8446 0.082 0.0669 0.0065 0
 0.8095 0.147 0.0364 0.0071 0
 0.9664 0.0169 0.016 0.0007 0
 0.9276 0.0648 0.0075 0.0001 0
 0.7033 0.2144 0.0806 0.0017 0
 0.9318 0.0425 0.0243 0.0014 0
 0.5671 0.3108 0.0964 0.0239 0.0018
 0.0768 0.2599 0.5324 0.112 0.0189
 0.490249 0.384438 0.106611 0.0170017 0.00170017
 0.7925 0.1577 0.0466 0.003 0.0002
 0.840416 0.127587 0.0312969 0.00059994 9.999e-05
 0.8084 0.0986 0.0794 0.0134 0.0002
 0.7335 0.1905 0.0724 0.0035 0.0001
 0.4001 0.4547 0.1325 0.0127 0
 0.49795 0.308269 0.164784 0.0264974 0.00249975
 0.9179 0.0499 0.0305 0.0017 0
 0.2467 0.6533 0.0926 0.0074 0
 0.9418 0.0223 0.034 0.0019 0
 0.707729 0.231977 0.0356964 0.0245975 0
 0.517169 0.277429 0.184464 0.0207286 0.00020938
 0.811772 0.124168 0.05621 0.00726502 0.000585176
 0.764997 0.148141 0.077277 0.00933861 0.000247198
 0.163321 0.427699 0.378323 0.0303852 0.000271297
 0.753843 0.0900009 0.118128 0.0371064 0.000921714
 0.721811 0.176058 0.0630433 0.0369309 0.00215725
 0.143369 0.312575 0.442814 0.0836902 0.0175525
 0.692698 0.0596174 0.167031 0.0765114 0.00414204
 0.394062 0.376323 0.152708 0.0712218 0.00568511
 0.125707 0.32114 0.495352 0.0537591 0.00404204
 0.23352 0.215282 0.420074 0.123614 0.00750983
pf_pred 
 0.446276 0.124795 0.404435 0.0244939 7.81616e-07
 0.413714 0.295565 0.0655209 0.21234 0.0128604
 0.560558 0.208361 0.116495 0.0258246 0.0887613
 0.731241 0.166524 0.0484743 0.027102 0.0266579
 0.648707 0.273718 0.0480655 0.0139916 0.0155173
 0.751911 0.173525 0.0580988 0.0102023 0.00626349
 0.47414 0.417937 0.0754863 0.025274 0.00716291
 0.45369 0.297393 0.197831 0.0357315 0.0153541
 0.543126 0.233133 0.121797 0.0810216 0.0209221
 0.707 0.177484 0.0589453 0.0307952 0.0257755
 0.816561 0.139319 0.0267259 0.00887608 0.0085185
 0.733065 0.226461 0.030739 0.00589675 0.00383791
 0.6777 0.252203 0.059468 0.00807197 0.00255629
 0.62202 0.27704 0.0789864 0.0186245 0.00332861
 0.731141 0.185503 0.0610959 0.0174189 0.00484134
 0.933875 0.051672 0.00997193 0.00328429 0.00119663
 0.377227 0.590599 0.0251419 0.00485201 0.00218026
 0.89642 0.0452021 0.0553616 0.00235675 0.000659191
 0.590416 0.375636 0.0148146 0.0181443 0.00098845
 0.597692 0.261973 0.128704 0.00507591 0.00655543
 0.737618 0.172398 0.0585948 0.0287868 0.00260155
 0.740597 0.202921 0.0371112 0.0126133 0.00675677
 0.315748 0.53795 0.114446 0.0209304 0.0109246
 0.739029 0.0963627 0.129413 0.0275319 0.00766326
 0.622922 0.2948 0.0303808 0.0408007 0.0110962
 0.432324 0.383996 0.143601 0.0147989 0.0252797
 0.73239 0.131098 0.0923411 0.0345323 0.00963786
 0.685608 0.243949 0.0345095 0.0243073 0.0116271
 0.331718 0.490161 0.138211 0.0195516 0.0203589
 0.421971 0.222494 0.260772 0.0735299 0.0212329
pobs_RECLAS
 0 0 0 0 0
 0 0 0 0 0
 0 0 0 0 0
 0 0 0 0 0
 0 0 0 0 0
 0 0 0 0 0
 0 0 0 0 0
 0 0 0 0 0
 0 0 0 0 0
 0 0 0 0 0
 0.991045 0.00858322 0.000360255 1.14367e-05 0
 0.934742 0.0480273 0.0164251 0.00080598 0
 0.827803 0.169806 0.00239088 0 0
 0.941827 0.0461693 0.0120037 0 0
 0.791401 0.0380133 0.147996 0.0225897 0
 0.846168 0.0940531 0.0597789 0 0
 0.134021 0.677848 0.182769 0.00536245 0
 0.80878 0.0450904 0.141981 0.00414843 0
 0.846168 0.0940531 0.0597789 0 0
 0.905697 0.0802665 0.012482 0.00150086 5.37128e-05
 0.989698 0.0102097 9.19794e-05 0 0
 0.975433 0.0193895 0.00387452 0.00125025 5.28907e-05
 0.303575 0.632131 0.0575291 0.00676475 0
 0.966965 0.00978017 0.0227588 0.000495775 0
 0.843318 0.132988 0.00938335 0.0141283 0.000182051
 0.564624 0.303363 0.111486 0.0197234 0.00080311
 0.826376 0.0876187 0.0782897 0.00655872 0.00115652
 0.89761 0.0855135 0.0140674 0.00269457 0.000114338
 0.34875 0.467042 0.161289 0.0227151 0.000203297
 0.318654 0.224769 0.449479 0.00709798 0
ppred_RECLAS
 0.500906 0.112483 0.364534 0.0220773 7.04502e-07
 0.468296 0.268048 0.059421 0.192572 0.0116631
 0.614187 0.182933 0.102278 0.022673 0.0779291
 0.773034 0.14063 0.0409365 0.0228876 0.0225126
 0.696895 0.236172 0.0414723 0.0120724 0.0133887
 0.790918 0.146241 0.048964 0.00859818 0.00527869
 0.531426 0.372407 0.0672629 0.0225207 0.00638259
 0.508176 0.267733 0.178101 0.0321679 0.0138227
 0.597924 0.205171 0.107189 0.0713038 0.0184127
 0.751644 0.150441 0.0499639 0.026103 0.0218481
 0.847094 0.116129 0.0222774 0.00739868 0.00710062
 0.775046 0.190846 0.0259047 0.00496936 0.00323432
 0.72496 0.215222 0.050748 0.00688835 0.00218145
 0.675374 0.237934 0.067837 0.0159955 0.00285876
 0.773468 0.156299 0.0514775 0.0146766 0.00407916
 0.946489 0.0418155 0.00806977 0.00265781 0.000968371
 0.430549 0.540032 0.0229892 0.00443657 0.00199359
 0.915276 0.0369734 0.0452835 0.00192772 0.00053919
 0.643361 0.327079 0.0128996 0.0157989 0.000860677
 0.650058 0.227873 0.111951 0.0044152 0.00570214
 0.778216 0.145724 0.0495285 0.0243327 0.00219901
 0.781128 0.171216 0.0313127 0.0106425 0.00570105
 0.365158 0.499106 0.106182 0.0194191 0.0101358
 0.779163 0.0815434 0.109511 0.0232979 0.00648475
 0.673019 0.255634 0.0263446 0.0353802 0.009622
 0.486733 0.347192 0.129838 0.0133805 0.0228568
 0.773234 0.111089 0.0782474 0.0292618 0.00816687
 0.730877 0.208823 0.0295405 0.0208073 0.0099529
 0.381977 0.453297 0.127817 0.0180812 0.0188278
 0.476456 0.201522 0.236191 0.066599 0.0192315
pobs_PELACES
 0 0 0 0 0
 0 0 0 0 0
 0 0 0 0 0
 0 0 0 0 0
 0 0 0 0 0
 0 0 0 0 0
 0 0 0 0 0
 0 0 0 0 0
 0 0 0 0 0
 0 0 0 0 0
 0 0 0 0 0
 0 0 0 0 0
 0 0 0 0 0
 0 0 0 0 0
 0 0 0 0 0
 0 0 0 0 0
 0.505614 0.472636 0.0217494 0 0
 0 0 0 0 0
 0.443492 0.261883 0.143347 0.151278 0
 0.227955 0.32914 0.350689 0.0885471 0.00366901
 0.970185 0.0296113 0.000203453 0 0
 0.997202 0.00247181 0.000326279 0 0
 0.445219 0.490057 0.0546422 0.010081 0
 0.90214 0.0892962 0.00764917 0.000914606 0
 0 0 0 0 0
 0.581667 0.319106 0.0959925 0.00289975 0.000334073
 0.762889 0.0836404 0.116647 0.0363945 0.000428098
 0.88444 0.0763242 0.0277011 0.0115352 0
 0.521256 0.241999 0.230069 0.00667565 0
 0.616807 0.101726 0.260614 0.0208532 0
ppred_PELACES
 0.503034 0.112003 0.362979 0.0219832 7.01498e-07
 0.472158 0.266101 0.0589894 0.191173 0.0115784
 0.617766 0.181236 0.101329 0.0224627 0.077206
 0.7771 0.13811 0.0402031 0.0224776 0.0221093
 0.698579 0.23486 0.0412419 0.0120053 0.0133143
 0.793465 0.14446 0.0483674 0.00849343 0.00521438
 0.539973 0.365615 0.066036 0.0221099 0.00626617
 0.509564 0.266977 0.177598 0.0320771 0.0137837
 0.603094 0.202533 0.105811 0.0703871 0.0181759
 0.756836 0.147296 0.0489194 0.0255573 0.0213913
 0.847941 0.115486 0.022154 0.00735768 0.00706127
 0.779994 0.186648 0.0253349 0.00486006 0.00316318
 0.73025 0.211083 0.049772 0.00675586 0.0021395
 0.685043 0.230848 0.0658165 0.0155191 0.00277361
 0.778746 0.152657 0.050278 0.0143347 0.00398411
 0.947716 0.0408567 0.00788472 0.00259686 0.000946165
 0.434408 0.536372 0.0228334 0.00440651 0.00198008
 0.916495 0.0364413 0.0446318 0.00189998 0.000531431
 0.648528 0.322342 0.0127127 0.01557 0.00084821
 0.654682 0.224863 0.110472 0.00435686 0.0056268
 0.780894 0.143964 0.0489306 0.0240389 0.00217247
 0.784477 0.168596 0.0308335 0.0104797 0.00561381
 0.367854 0.496985 0.105731 0.0193366 0.0100927
 0.780907 0.0808994 0.108646 0.0231139 0.00643354
 0.675276 0.25387 0.0261627 0.0351359 0.00955558
 0.488814 0.345784 0.129311 0.0133262 0.0227641
 0.77502 0.110215 0.0776312 0.0290313 0.00810255
 0.732586 0.207496 0.0293529 0.0206751 0.00988969
 0.383918 0.451874 0.127415 0.0180244 0.0187686
 0.479439 0.200374 0.234846 0.0662196 0.0191219
pobs_pel_tallas
 0 0 0 0 0 0 0 0 0 0 0 0 0 0 0 0 0 0 0 0 0 0 0 0 0 0
 0 0 0 0 0 0 0 0 0 0 0 0 0 0 0 0 0 0 0 0 0 0 0 0 0 0
 0 0 0 0 0 0 0 0 0 0 0 0 0 0 0 0 0 0 0 0 0 0 0 0 0 0
 0 0 0 0 0 0 0 0 0 0 0 0 0 0 0 0 0 0 0 0 0 0 0 0 0 0
 0 0 0 0 0 0 0 0 0 0 0 0 0 0 0 0 0 0 0 0 0 0 0 0 0 0
 0 0 0 0 0 0 0 0 0 0 0 0 0 0 0 0 0 0 0 0 0 0 0 0 0 0
 0 0 0 0 0 0 0 0 0 0 0 0 0 0 0 0 0 0 0 0 0 0 0 0 0 0
 0 0 0 0 0 0 0 0 0 0 0 0 0 0 0 0 0 0 0 0 0 0 0 0 0 0
 0 0 0 0 0 0 0 0 0 0 0 0 0 0 0 0 0 0 0 0 0 0 0 0 0 0
 0 0 0 0 0 0 0 0 0 0 0 0 0 0 0 0 0 0 0 0 0 0 0 0 0 0
 0 0 0 0 0 0 0 0 0 0 0 0 0 0 0 0 0 0 0 0 0 0 0 0 0 0
 0 0 0 0 0 0 0 0 0 0 0 0 0 0 0 0 0 0 0 0 0 0 0 0 0 0
 0.00862536 0 0 0.000197151 0.00414017 0.0128641 0.00837892 0.0270097 0.101434 0.158115 0.152841 0.127902 0.109271 0.109419 0.0830992 0.0579132 0.0238553 0.00714673 0.00463305 0.00128148 0.00103504 0.000492878 0.000147863 0.000147863 4.92878e-05 0
 0 0 0 0 0 0 0 0 0 0 0 0 0 0 0 0 0 0 0 0 0 0 0 0 0 0
 0 0 0 0 0 0 0 0.0054083 0.00873648 0.0413646 0.0450493 0.0745869 0.0622846 0.0627006 0.0613931 0.0827291 0.12552 0.122667 0.0946155 0.0697135 0.0546179 0.0294188 0.0215738 0.0213955 0.0102223 0.00600262
 0 0 0 0 0.00359764 0.0251062 0.0480494 0.140153 0.205849 0.193036 0.1447 0.116669 0.0760912 0.0342217 0.00950174 0.001854 0.000860785 0 0 0 0.000165536 0 0.000143464 0 0 0
 0 0 0 0 0 0 0 0.000145254 0.000435761 0.0275982 0.070085 0.0708112 0.156366 0.174668 0.174014 0.160142 0.0824315 0.0480064 0.0283245 0.00493863 0.00203355 0 0 0 0 0
 0 0 0 0 0 0 0 0 0 0 0 0 0 0 0 0 0 0 0 0 0 0 0 0 0 0
 0 0 1.00437e-05 0.000401748 0.00122533 0.00171747 0.00176769 0.0269171 0.070346 0.194647 0.189555 0.159765 0.064822 0.0314167 0.0384472 0.0292271 0.0345202 0.0313363 0.0194345 0.0106764 0.0143323 0.0359363 0.0279516 0.0138201 0.00172751 0
 0 0.0021121 0.0136068 0.0755702 0.200478 0.177729 0.0527432 0.0373336 0.0318909 0.0142505 0.0149659 0.0166563 0.0217959 0.0798694 0.0677717 0.0528807 0.04013 0.0224614 0.0357745 0.0225083 0.00881397 0.00855152 0.00135912 0.000746735 0 0
 0 0 0 0 5.4009e-05 0.00500934 0.000945158 0.0243581 0.138947 0.33067 0.221406 0.137944 0.0707744 0.0437923 0.0131692 0.00525238 0.0047753 0.00276346 9.45158e-05 9.00151e-06 2.25038e-05 9.00151e-06 4.50075e-06 0 0 0
 0.000866109 0.00284123 0.00948549 0.0512746 0.133035 0.25785 0.225252 0.132002 0.0553304 0.0519788 0.0540692 0.017754 0.00435017 0.00159236 0.00146478 0.000404838 0.000125132 0.000115318 0.000107957 0.000100596 0 0 0 0 0 0
 0 0 0 0 0.00144013 0.00171154 0.00461396 0.0210425 0.0478622 0.0707936 0.0888783 0.103762 0.0637923 0.0337046 0.0602308 0.124433 0.169614 0.0934646 0.0462172 0.0250306 0.0313229 0.00938855 0.002487 0.000210481 0 0
 0 0.00764035 0.051015 0.0998891 0.058973 0.0496711 0.0374665 0.0718981 0.12319 0.153886 0.159021 0.0857701 0.0377988 0.023471 0.0147837 0.00900784 0.00315554 0.000888139 0.00291439 0.00214683 0.00393193 0.00274676 0.000635225 9.99891e-05 0 0
 0 0 0 0 0 0 0 0 0 0 0 0 0 0 0 0 0 0 0 0 0 0 0 0 0 0
 0 0 0 0 0 0 0 0 0 0 0 0 0 0 0 0 0 0 0 0 0 0 0 0 0 0
 0 0 0 0 0 0 0 0 0 0 0 0 0 0 0 0 0 0 0 0 0 0 0 0 0 0
 0 0 0 0 0 0 0 0 0 0 0 0 0 0 0 0 0 0 0 0 0 0 0 0 0 0
 0 0 0 0 0 0 0 0 0 0 0 0 0 0 0 0 0 0 0 0 0 0 0 0 0 0
 0 0 0 0 0 0 0 0 0 0 0 0 0 0 0 0 0 0 0 0 0 0 0 0 0 0
ppred_pel_tallas
 1.12709e-16 4.14343e-05 0.000402756 0.00267645 0.0121668 0.0378554 0.0806554 0.117721 0.117733 0.0807111 0.0380439 0.0127179 0.00408585 0.00356534 0.00629883 0.0110009 0.0173601 0.0249812 0.0333687 0.0421048 0.0507597 0.0585348 0.0640585 0.0657412 0.0625803 0.0548347
 1.22902e-16 3.88911e-05 0.000378036 0.00251218 0.01142 0.0355321 0.0757058 0.1105 0.110526 0.0758316 0.035955 0.0126431 0.00558804 0.00711311 0.0128935 0.0214312 0.0313153 0.0403984 0.046606 0.0492069 0.0493253 0.0491358 0.0503268 0.0530161 0.0558145 0.0567861
 1.18289e-16 5.08846e-05 0.000494617 0.0032869 0.0149418 0.0464896 0.0990516 0.144572 0.14459 0.0991377 0.0467791 0.0157798 0.00539735 0.00512532 0.00891595 0.0148479 0.0218374 0.0284437 0.0332581 0.0357166 0.0364371 0.0367133 0.0375636 0.0390917 0.0405544 0.0409236
 1.07192e-16 6.40087e-05 0.000622188 0.00413466 0.0187956 0.05848 0.124598 0.181858 0.181871 0.124664 0.0586993 0.0194295 0.00572822 0.0041085 0.00670786 0.0110495 0.0160601 0.0205232 0.0232576 0.0237586 0.0225016 0.0205911 0.0190358 0.0182142 0.0178546 0.0173931
 1.04708e-16 5.75411e-05 0.00055932 0.00371688 0.0168964 0.0525711 0.112009 0.163485 0.163508 0.11212 0.0529428 0.0179703 0.00641336 0.00644861 0.011251 0.0185322 0.0267471 0.0337586 0.037432 0.0367965 0.0326205 0.0268727 0.0215151 0.0175695 0.0149997 0.0132067
 1.03167e-16 6.53567e-05 0.00063529 0.00422173 0.0191914 0.0597116 0.127222 0.185688 0.185702 0.127291 0.0599409 0.0198545 0.00588844 0.00428102 0.00701068 0.0115427 0.0167524 0.0213415 0.0240258 0.0242053 0.0222932 0.0193791 0.0165154 0.0141992 0.0123586 0.0106839
 1.05277e-16 4.44769e-05 0.000432332 0.002873 0.0130603 0.0406355 0.0865795 0.126373 0.126408 0.0867518 0.0412142 0.0147321 0.00707089 0.0096008 0.0174702 0.0288463 0.0416329 0.0525319 0.0582075 0.0571231 0.0504404 0.0411883 0.032401 0.0256841 0.0210441 0.0176545
 1.10743e-16 4.19721e-05 0.000407984 0.0027112 0.0123247 0.038347 0.0817032 0.119254 0.11928 0.0818302 0.0387739 0.0135607 0.00582464 0.00724111 0.0131264 0.0219146 0.0322206 0.041893 0.0487305 0.051675 0.0513198 0.0492438 0.0467676 0.0441913 0.0409992 0.0366182
 1.13241e-16 4.96761e-05 0.000482869 0.00320884 0.0145869 0.0453854 0.0966991 0.141139 0.141159 0.0967953 0.0457087 0.0155227 0.00556514 0.00565145 0.00993958 0.0165504 0.0243075 0.0315814 0.0367571 0.0391449 0.0393575 0.0387555 0.0384136 0.0384508 0.038155 0.0366322
 1.07633e-16 6.23396e-05 0.000605963 0.00402684 0.0183054 0.0569551 0.121349 0.177116 0.17713 0.121419 0.0571891 0.0189823 0.00572858 0.0043304 0.00716429 0.011822 0.017209 0.0220432 0.0250735 0.0257604 0.0245938 0.0227175 0.0211632 0.0202976 0.0198169 0.0191382
 1.02602e-16 6.98438e-05 0.000678907 0.00451157 0.020509 0.0638111 0.135957 0.198435 0.198446 0.136011 0.0639939 0.0210373 0.00583833 0.00357722 0.00558029 0.00913097 0.0131858 0.0166667 0.0185276 0.0182956 0.0163477 0.0136435 0.0111318 0.00929445 0.00809433 0.00722505
 1.01802e-16 6.42471e-05 0.000624505 0.00415005 0.0188656 0.0586978 0.125063 0.182536 0.182554 0.125151 0.058993 0.0197179 0.00628951 0.00529466 0.00893284 0.0146637 0.0211118 0.0265365 0.029208 0.0283275 0.024497 0.0193047 0.0143709 0.0106001 0.00806607 0.00637996
 1.0253e-16 6.01498e-05 0.000584677 0.00388539 0.0176624 0.0549544 0.117087 0.170896 0.170917 0.117187 0.0552889 0.0186288 0.00631249 0.0058879 0.010146 0.0167147 0.0241567 0.030552 0.033976 0.0335262 0.0298324 0.0245817 0.0194642 0.0153765 0.0123467 0.00997548
 1.03985e-16 5.64262e-05 0.000548482 0.00364486 0.016569 0.0515525 0.109839 0.160318 0.16034 0.109948 0.0519186 0.0176274 0.00630407 0.00636228 0.0111235 0.0183672 0.0266101 0.0337915 0.0378399 0.0377872 0.03431 0.0291971 0.0242014 0.0201905 0.017101 0.0144527
 1.03602e-16 6.41443e-05 0.000623506 0.00414342 0.0188354 0.0586039 0.124862 0.182243 0.182258 0.124935 0.0588463 0.0195362 0.00590482 0.00447652 0.00740488 0.0122011 0.017713 0.0225764 0.0254407 0.0256799 0.0237374 0.0207664 0.017871 0.0155563 0.0137181 0.0120018
 1.00659e-16 7.80621e-05 0.000758791 0.00504243 0.0229222 0.0713194 0.151954 0.221782 0.221786 0.151973 0.0713841 0.0231091 0.00551175 0.00178394 0.00202691 0.00323237 0.00466072 0.00588632 0.00653337 0.0064308 0.00570805 0.00470153 0.00374661 0.00301832 0.0025135 0.0021376
 1.01574e-16 3.57817e-05 0.000347811 0.00231133 0.010507 0.0326915 0.0696545 0.101674 0.101725 0.0699067 0.0335378 0.0129504 0.00844044 0.0137136 0.0253781 0.041789 0.059938 0.074832 0.0814058 0.0773244 0.064402 0.0474395 0.0314488 0.0193949 0.0117402 0.00741157
 1.01578e-16 7.54905e-05 0.000733795 0.00487632 0.0221671 0.06897 0.146948 0.214476 0.214479 0.146965 0.0690289 0.022338 0.00530826 0.00168637 0.00191285 0.00311624 0.00465194 0.00620266 0.00748674 0.00835277 0.00882633 0.00901773 0.00897904 0.00864982 0.00793345 0.00681803
 1.02155e-16 5.34184e-05 0.000519246 0.00345057 0.0156858 0.0488046 0.103985 0.151775 0.151806 0.104136 0.0493133 0.0171545 0.00713479 0.00855419 0.0152907 0.0251358 0.0360689 0.0450788 0.0491415 0.0468802 0.0394078 0.0296148 0.020487 0.0137418 0.00956454 0.00721635
 1.04635e-16 5.39253e-05 0.000524173 0.00348332 0.0158347 0.0492677 0.104971 0.153212 0.153234 0.105077 0.0496258 0.0168705 0.00608926 0.00623201 0.0109498 0.0181613 0.0264914 0.0340063 0.0387411 0.0397403 0.0375433 0.0336644 0.029532 0.0257707 0.0222589 0.0186645
 1.04228e-16 6.43212e-05 0.000625225 0.00415484 0.0188873 0.0587655 0.125207 0.182746 0.18276 0.125275 0.0589942 0.0195486 0.00581738 0.00426311 0.00699868 0.0115356 0.0167704 0.0214284 0.0242551 0.0246786 0.0231268 0.0206777 0.0183355 0.0165147 0.0150438 0.0135275
 1.02934e-16 6.46164e-05 0.000628094 0.00417391 0.018974 0.0590352 0.125781 0.183585 0.183601 0.125861 0.0593021 0.019745 0.00610999 0.00485688 0.00810271 0.0133115 0.0192134 0.0242563 0.026905 0.0264576 0.0234561 0.0193003 0.0153861 0.0124416 0.0104491 0.00900187
 1.06826e-16 3.02998e-05 0.000294525 0.00195722 0.00889728 0.027683 0.0589833 0.0860979 0.0861459 0.0592177 0.0284701 0.0111714 0.00766826 0.0127709 0.0237519 0.0392886 0.0567567 0.0717136 0.0796328 0.0784079 0.0695667 0.0571483 0.045199 0.0358623 0.0291755 0.0241087
 1.06563e-16 6.43223e-05 0.000625236 0.00415491 0.0188876 0.0587665 0.125208 0.182747 0.182755 0.125247 0.0588977 0.0192687 0.00511925 0.00275597 0.0041862 0.00701584 0.0105617 0.0142497 0.0175188 0.0200859 0.0220293 0.0235568 0.0246722 0.0250652 0.0243197 0.0222404
 1.05961e-16 5.56216e-05 0.000540662 0.00359289 0.0163328 0.0508175 0.108273 0.158033 0.158057 0.108392 0.0512188 0.0174921 0.00650287 0.00689332 0.0121216 0.0199563 0.02876 0.0362189 0.0400318 0.039184 0.0345737 0.0284142 0.0228914 0.0191102 0.0169441 0.0155925
 1.09009e-16 4.02631e-05 0.000391371 0.0026008 0.0118229 0.0367856 0.0783768 0.1144 0.114434 0.0785403 0.0373351 0.0134116 0.00659503 0.00913151 0.0167001 0.027704 0.040277 0.0514296 0.0581196 0.0589208 0.0548041 0.0483285 0.0419408 0.0367587 0.0325607 0.0285908
 1.06552e-16 6.38374e-05 0.000620523 0.00412359 0.0187453 0.0583235 0.124265 0.18137 0.181381 0.124317 0.0585 0.0192565 0.00541203 0.0034507 0.0054906 0.00911247 0.0134428 0.0175874 0.0206744 0.0223063 0.0227495 0.0226398 0.0224534 0.0221944 0.0215041 0.0200156
 1.04648e-16 6.03422e-05 0.000586547 0.00389781 0.0177189 0.0551302 0.117462 0.171443 0.171463 0.117559 0.0554585 0.0186671 0.00627844 0.00578499 0.00993798 0.0163479 0.0235798 0.0297368 0.0329374 0.0323405 0.0286534 0.0236483 0.0190797 0.0158421 0.0138582 0.0125288
 1.08777e-16 3.16229e-05 0.000307386 0.00204269 0.00928579 0.0288918 0.0615586 0.0898557 0.0898994 0.061772 0.0296085 0.0113572 0.00724704 0.011685 0.0216879 0.0359307 0.0520518 0.0660758 0.0739496 0.0737831 0.0669164 0.0568824 0.0471521 0.0394595 0.0336909 0.0288773
 1.16706e-16 3.94908e-05 0.000383865 0.00255092 0.0115961 0.0360799 0.0768728 0.112202 0.112222 0.076969 0.0364039 0.0125365 0.00492821 0.00562945 0.0101666 0.0171779 0.0257591 0.0345373 0.0421021 0.0477762 0.0518568 0.0550372 0.0575302 0.058708 0.0575418 0.0533929
pSPR Fmed_Fpbrs
0.642356   0.21007 0.21007
Fs Fmed_Fpbrs
0.23753   1.005 1.005
SSBpbr Bo_Bmed_Bpbrs
1.94397e+06  1.15152e+06  311172 311172
Ro
174493
SPR SPRFo_SPRFmed_SPRFpbrs
1.24211e+06 797876 260930
Fref
1.005
Nvult_r0
 55494.2 24295 28474.7 8029.03 2318.51
CTP_r0
 7216.13 3804.87 4459.45 1257.43 363.103
YTP_r0
284319
Np
 257651 42209.5 3465.24 1439.35 1914.14
Nvult_p0
 215441 36525.6 2998.61 1245.53 1656.38
CTP_p0
 96344.4 11161.8 4636.24 5433.85 2000.32
 96344.4 18308.3 1503.04 624.317 830.257
YTP_p0
 1.23102e+06 1.0897e+06
CBA_c0
1.18863e+06
log_Ro
11.8896
likeval ReclasPelacesDesembMPH_pf_preclas_ppelaces_ptallas_desvR_qrecl_qpela
 13.441 17.4118 0.0588211 0.000819281 234.142 115.741 92.8289 0 23.939 1.09686e-06 0 0.300819 0 0 0
q_reclas_q_pelaces
0.862079 1
M
1
N
 198599 45176.1 146407 8866.87 0.282948
 112087 65682.8 14560.6 47188 2857.95
 111459 33967.6 18991.3 4210 14470.1
 180059 33934.5 9878.16 5522.88 5432.38
 144258 49482.9 8689.3 2529.41 2805.22
 253722 48026.2 16079.9 2823.67 1733.54
 104195 76919.2 13892.9 4651.56 1318.3
 46946.6 24942.8 16592.4 2996.86 1287.77
 45447.4 16112.3 8417.66 5599.58 1445.97
 61151 12770 4241.12 2215.72 1854.55
 114462 15848.5 3040.25 1009.72 969.038
 150862 38793.2 5265.64 1010.12 657.44
 125548 38810.2 9151.22 1242.15 393.374
 87782.6 33080.5 9431.51 2223.89 397.459
 87540.3 18522.9 6100.59 1739.33 483.421
 480401 22026.4 4250.77 1400.01 510.092
 101286 130104 5538.55 1068.86 480.294
 739795 30610 37489.8 1595.95 446.392
 424428 223288 8806.21 10785.5 587.561
 325595 117716 57832.1 2280.82 2945.63
 484152 92824.8 31549.3 15499.7 1400.76
 649068 146579 26807.1 9111.2 4880.73
 134173 186648 39708.3 7262.03 3790.41
 401644 42686.6 57327.1 12196 3394.65
 337280 130120 13409.6 18008.8 4897.67
 151055 109118 40806.3 4205.32 7183.58
 343178 50072.8 35269.5 13189.6 3681.16
 383789 111110 15717.9 11071.2 5295.75
 105381 126623 35704.1 5050.78 5259.32
 81227.4 34983.8 41002.3 11561.5 3338.55
pred_Ctot
 12788.1 3576 11589.1 701.874 0.0223973
 12685.9 9063.04 2009.1 6511.09 394.345
 12335.4 4585.09 2563.52 568.283 1953.24
 29484.4 6714.44 1954.54 1092.78 1074.88
 8736.77 3686.43 647.345 188.439 208.986
 28662.5 6614.68 2214.7 388.907 238.762
 23818.9 20995.5 3792.13 1269.67 359.836
 2001.79 1312.17 872.876 157.656 67.7456
 6936.13 2977.28 1555.44 1034.71 267.191
 11751.9 2950.19 979.805 511.886 428.447
 5734.46 978.394 187.688 62.3341 59.8229
 29519.8 9119.37 1237.83 237.456 154.549
 23138.5 8610.91 2030.4 275.599 87.2787
 24744.1 11020.7 3142.1 740.888 132.413
 18035.1 4575.81 1507.06 429.674 119.422
 82134.3 4544.56 877.032 288.853 105.244
 11612.8 18181.5 773.988 149.368 67.119
 85333 4302.93 5270.04 224.346 62.7504
 67554.4 42979.7 1695.06 2076.04 113.097
 47287 20726.3 10182.5 401.586 518.64
 55045.4 12865.4 4372.69 2148.24 194.143
 91390.4 25040.7 4579.55 1556.5 833.792
 11603.1 19768.6 4205.66 769.15 401.457
 30621.4 3992.75 5362.17 1140.77 317.524
 25977.3 12293.9 1266.95 1701.49 462.737
 9526.65 8461.71 3164.39 326.108 557.062
 26283.5 4704.76 3313.87 1239.27 345.876
 25249.9 8984.26 1270.93 895.2 428.207
 6556.47 9688.14 2731.77 386.442 402.398
 7216.13 3804.87 4459.45 1257.43 363.103
F
 0.106453 0.132251 0.132251 0.132251 0.132251
 0.193873 0.240856 0.240856 0.240856 0.240856
 0.189224 0.23508 0.23508 0.23508 0.23508
 0.29166 0.36234 0.36234 0.36234 0.36234
 0.0998548 0.124053 0.124053 0.124053 0.124053
 0.193483 0.240371 0.240371 0.240371 0.240371
 0.429683 0.533811 0.533811 0.533811 0.533811
 0.069428 0.0862531 0.0862531 0.0862531 0.0862531
 0.269456 0.334755 0.334755 0.334755 0.334755
 0.350275 0.435159 0.435159 0.435159 0.435159
 0.0819979 0.101869 0.101869 0.101869 0.101869
 0.357679 0.444358 0.444358 0.444358 0.444358
 0.333748 0.414627 0.414627 0.414627 0.414627
 0.555854 0.690558 0.690558 0.690558 0.690558
 0.379856 0.471909 0.471909 0.471909 0.471909
 0.306286 0.38051 0.38051 0.38051 0.38051
 0.196619 0.244267 0.244267 0.244267 0.244267
 0.197909 0.245869 0.245869 0.245869 0.245869
 0.282468 0.350921 0.350921 0.350921 0.350921
 0.25494 0.316721 0.316721 0.316721 0.316721
 0.194832 0.242047 0.242047 0.242047 0.242047
 0.246315 0.306007 0.306007 0.306007 0.306007
 0.14525 0.180449 0.180449 0.180449 0.180449
 0.127111 0.157915 0.157915 0.157915 0.157915
 0.128483 0.15962 0.15962 0.15962 0.15962
 0.104167 0.12941 0.12941 0.12941 0.12941
 0.127724 0.158676 0.158676 0.158676 0.158676
 0.108875 0.13526 0.13526 0.13526 0.13526
 0.1027 0.127588 0.127588 0.127588 0.127588
 0.14947 0.185692 0.185692 0.185692 0.185692
YTP_r0W_actual
 52677.7 60497.4 118175 39860.7 13108
YTP_p0W_proyectada
 721619 174905 107236 159592 67670.9
 721619 286892 34765.4 18336.2 28087.6
CTP_r0_actual
 7216.13 3804.87 4459.45 1257.43 363.103
CTP_p0_proyectada
 96344.4 11161.8 4636.24 5433.85 2000.32
 96344.4 18308.3 1503.04 624.317 830.257
Wmedp
 7.49 15.67 23.13 29.37 33.83
Frms_r0
 0.14947 0.185692 0.185692 0.185692 0.185692
Zrms_r0
 1.14947 1.18569 1.18569 1.18569 1.18569
nmprior
 8.19 8.8 8.5 0
nm_flota  nm_reclas  nm_pelaces    nm_pelaL
inf 12.2553 16.3347 28.5584
cv_recla  cv_pelaces  cv_mph
0.339424 0.491005 0.883328
 ------------------------------------------------
Talla a la edad & desviaci?n 
 8 13.2811 15.8009 17.003 17.5766
 0.8 1.32811 1.58009 1.7003 1.75766
