years
 1991 1992 1993 1994 1995 1996 1997 1998 1999 2000 2001 2002 2003 2004 2005 2006 2007 2008 2009 2010 2011 2012 2013 2014 2015 2016 2017 2018 2019 2020
reclasobs
 0 0 0 0 0 0 0 0 0 252601 567819 844713 477998 351125 339783 2.1784e+06 2.13404e+06 4.81314e+06 1.55562e+06 2.62356e+06 3.21686e+06 3.843e+06 1.13348e+06 3.07943e+06 1.97215e+06 2.03268e+06 2.025e+06 2.42433e+06 2.27542e+06 1.05018e+06
reclaspred
 4.28769e+06 2.87521e+06 2.02592e+06 2.10684e+06 2.18285e+06 2.50368e+06 2.09555e+06 2.94511e+06 3.07861e+06 3.26898e+06 2.3937e+06 2.40704e+06 2.22168e+06 2.08091e+06 2.14752e+06 2.19395e+06 2.28832e+06 2.64931e+06 1.5323e+06 1.13255e+06 1.81357e+06 1.14159e+06 1.43071e+06 2.14372e+06 1.89441e+06 2.2783e+06 2.44994e+06 2.05079e+06 2.45467e+06 2.56233e+06
pelacesobs
 0 0 0 0 0 0 0 0 0 0 0 0 0 0 0 552880 188675 0 991730 2.46772e+06 1.41603e+06 1.21717e+06 2.29649e+06 1.80582e+06 0 1.4828e+06 1.56532e+06 1.57751e+06 1.42118e+06 867257
pelacespred
 2.11722e+06 1.50359e+06 1.02605e+06 917310 1.02639e+06 1.16054e+06 988971 1.52312e+06 1.68645e+06 1.67464e+06 1.37139e+06 1.15592e+06 1.12383e+06 1.14856e+06 1.19057e+06 1.04375e+06 1.04503e+06 1.14944e+06 756679 493713 715971 507114 660371 1.05512e+06 949457 1.11228e+06 1.32841e+06 1.17851e+06 1.11909e+06 1.24575e+06
mphobs
 0 0 0 0 0 0 0 0 0 0 0 498337 0 5186 125008 0 168611 109162 213762 579715 649985 157893 87575 83554 0 0 0 0 0 0
mphpred
 4.11395e+06 2.86909e+06 1.94957e+06 1.55346e+06 1.72987e+06 1.86013e+06 1.90114e+06 1.73925e+06 2.43883e+06 2.7792e+06 2.23453e+06 2.017e+06 1.83574e+06 1.62074e+06 1.56077e+06 1.93019e+06 1.67085e+06 2.07605e+06 1.56532e+06 934410 1.10719e+06 1.15208e+06 800118 1.35526e+06 1.72692e+06 1.513e+06 1.90341e+06 1.69472e+06 1.9488e+06 1.92134e+06
desembarqueobs
 494567 514787 250237 358949 120608 361735 552515 73892 212993 205616 52469 317467 293654 387597 252695 516296 358380 742168 942051 627588 828172 859565 418607 520667 417249 300574 415391 372974 316634 284311
desembarquepred
 494447 505248 260755 358696 120531 361472 552086 73848 212894 205528 52440 317373 293560 387494 252584 515994 358090 740907 938942 625754 826360 857000 418157 520218 416903 300370 415096 372655 316421 284153
Reclutas
 322460 322460 322460 322460 322460 322460 322460 322460 322460 322460 322460 322460 322460 322460 322460 322460 322460 322460 322460 322460 322460 322460 322460 322460 322460 322460 322460 322460 322460 322460
log_desv_Rt
 0 0 0 0 0 0 0 0 0 0 0 0 0 0 0 0 0 0 0 0 0 0 0 0 0 0 0 0 0 0
SSB
 4.11395e+06 2.86909e+06 1.94957e+06 1.55346e+06 1.72987e+06 1.86013e+06 1.90114e+06 1.73925e+06 2.43883e+06 2.7792e+06 2.23453e+06 2.017e+06 1.83574e+06 1.62074e+06 1.56077e+06 1.93019e+06 1.67085e+06 2.07605e+06 1.56532e+06 934410 1.10719e+06 1.15208e+06 800118 1.35526e+06 1.72692e+06 1.513e+06 1.90341e+06 1.69472e+06 1.9488e+06 1.92134e+06
BT
 5.68713e+06 4.39285e+06 2.84898e+06 2.87029e+06 2.85338e+06 3.65011e+06 3.15961e+06 5.04777e+06 5.2141e+06 4.74397e+06 3.75967e+06 3.41452e+06 3.45558e+06 3.98789e+06 4.02517e+06 3.31425e+06 3.33e+06 3.86289e+06 3.20214e+06 2.06018e+06 2.97022e+06 2.31292e+06 2.62575e+06 3.97149e+06 2.99793e+06 3.74626e+06 4.51681e+06 4.04358e+06 3.29959e+06 3.87318e+06
Ftot
 0.109673 0.166337 0.122292 0.161319 0.052771 0.137086 0.247745 0.0240205 0.0660453 0.0600498 0.0209883 0.125279 0.12557 0.176384 0.111987 0.221666 0.148509 0.262583 0.559787 0.508805 0.422495 0.677487 0.275115 0.229052 0.207729 0.125373 0.160656 0.172228 0.122513 0.105577
BD_Bspro_t
 0.982605 0.885794 0.803971 0.789626 0.792439 0.83781 0.805526 0.754212 0.860712 0.890815 0.893533 0.915303 0.859207 0.818822 0.802578 0.816344 0.74245 0.774557 0.662014 0.513487 0.504836 0.496954 0.441648 0.604882 0.684539 0.7044 0.782433 0.782483 0.798896 0.799906
BD_Bspro
 1.79226 1.24993 0.849338 0.676771 0.753624 0.810373 0.828239 0.757712 1.06249 1.21077 0.973482 0.878716 0.799749 0.706082 0.679956 0.840895 0.727916 0.904441 0.681938 0.40708 0.482353 0.501909 0.348575 0.590425 0.752339 0.659146 0.829231 0.738311 0.849004 0.837042
BD_Bo
 1.6371 1.14172 0.77581 0.618182 0.688382 0.740218 0.756537 0.692116 0.970505 1.10595 0.889207 0.802645 0.730514 0.644955 0.621091 0.768097 0.664899 0.826142 0.622902 0.371838 0.440595 0.458458 0.318398 0.539311 0.687208 0.602083 0.757443 0.674394 0.775504 0.764578
BD_Brms
 6.95447 4.85008 3.29567 2.62606 2.92427 3.14447 3.2138 2.94014 4.12274 4.69813 3.77739 3.40967 3.10325 2.73979 2.63842 3.26291 2.82452 3.50948 2.64611 1.57958 1.87166 1.94755 1.35257 2.29102 2.91929 2.55767 3.21765 2.86485 3.29437 3.24796
Sel_flota
 0.5 1 1 1 1
 0.5 1 1 1 1
 0.5 1 1 1 1
 0.5 1 1 1 1
 0.5 1 1 1 1
 0.5 1 1 1 1
 0.5 1 1 1 1
 0.5 1 1 1 1
 0.5 1 1 1 1
 0.5 1 1 1 1
 0.5 1 1 1 1
 0.5 1 1 1 1
 0.5 1 1 1 1
 0.5 1 1 1 1
 0.5 1 1 1 1
 0.5 1 1 1 1
 0.5 1 1 1 1
 0.5 1 1 1 1
 0.5 1 1 1 1
 0.5 1 1 1 1
 0.5 1 1 1 1
 0.5 1 1 1 1
 0.5 1 1 1 1
 0.5 1 1 1 1
 0.5 1 1 1 1
 0.5 1 1 1 1
 0.5 1 1 1 1
 0.5 1 1 1 1
 0.5 1 1 1 1
 0.5 1 1 1 1
Sel_reclas
 0.5 1 1 1 1
 0.5 1 1 1 1
 0.5 1 1 1 1
 0.5 1 1 1 1
 0.5 1 1 1 1
 0.5 1 1 1 1
 0.5 1 1 1 1
 0.5 1 1 1 1
 0.5 1 1 1 1
 0.5 1 1 1 1
 0.5 1 1 1 1
 0.5 1 1 1 1
 0.5 1 1 1 1
 0.5 1 1 1 1
 0.5 1 1 1 1
 0.5 1 1 1 1
 0.5 1 1 1 1
 0.5 1 1 1 1
 0.5 1 1 1 1
 0.5 1 1 1 1
 0.5 1 1 1 1
 0.5 1 1 1 1
 0.5 1 1 1 1
 0.5 1 1 1 1
 0.5 1 1 1 1
 0.5 1 1 1 1
 0.5 1 1 1 1
 0.5 1 1 1 1
 0.5 1 1 1 1
 0.5 1 1 1 1
Sel_pelaces
 0.5 1 1 1 1
 0.5 1 1 1 1
 0.5 1 1 1 1
 0.5 1 1 1 1
 0.5 1 1 1 1
 0.5 1 1 1 1
 0.5 1 1 1 1
 0.5 1 1 1 1
 0.5 1 1 1 1
 0.5 1 1 1 1
 0.5 1 1 1 1
 0.5 1 1 1 1
 0.5 1 1 1 1
 0.5 1 1 1 1
 0.5 1 1 1 1
 0.5 1 1 1 1
 0.5 1 1 1 1
 0.5 1 1 1 1
 0.5 1 1 1 1
 0.5 1 1 1 1
 0.5 1 1 1 1
 0.5 1 1 1 1
 0.5 1 1 1 1
 0.5 1 1 1 1
 0.5 1 1 1 1
 0.5 1 1 1 1
 0.5 1 1 1 1
 0.5 1 1 1 1
 0.5 1 1 1 1
 0.5 1 1 1 1
pf_obs 
 0.8446 0.082 0.0669 0.0065 0
 0.8095 0.147 0.0364 0.0071 0
 0.9664 0.0169 0.016 0.0007 0
 0.9276 0.0648 0.0075 0.0001 0
 0.7033 0.2144 0.0806 0.0017 0
 0.9318 0.0425 0.0243 0.0014 0
 0.5671 0.3108 0.0964 0.0239 0.0018
 0.0768 0.2599 0.5324 0.112 0.0189
 0.490249 0.384438 0.106611 0.0170017 0.00170017
 0.7925 0.1577 0.0466 0.003 0.0002
 0.840416 0.127587 0.0312969 0.00059994 9.999e-05
 0.8084 0.0986 0.0794 0.0134 0.0002
 0.7335 0.1905 0.0724 0.0035 0.0001
 0.4001 0.4547 0.1325 0.0127 0
 0.49795 0.308269 0.164784 0.0264974 0.00249975
 0.9179 0.0499 0.0305 0.0017 0
 0.2467 0.6533 0.0926 0.0074 0
 0.9418 0.0223 0.034 0.0019 0
 0.707729 0.231977 0.0356964 0.0245975 0
 0.517169 0.277429 0.184464 0.0207286 0.00020938
 0.811772 0.124168 0.05621 0.00726502 0.000585176
 0.764997 0.148141 0.077277 0.00933861 0.000247198
 0.163321 0.427699 0.378323 0.0303852 0.000271297
 0.753843 0.0900009 0.118128 0.0371064 0.000921714
 0.721811 0.176058 0.0630433 0.0369309 0.00215725
 0.143369 0.312575 0.442814 0.0836902 0.0175525
 0.692698 0.0596174 0.167031 0.0765114 0.00414204
 0.394062 0.376323 0.152708 0.0712218 0.00568511
 0.125707 0.32114 0.495352 0.0537591 0.00404204
 0.23352 0.215282 0.420074 0.123614 0.00750983
pf_pred 
 0.425885 0.0512435 0.446142 0.051952 0.0247776
 0.473344 0.318679 0.0185633 0.161618 0.0277958
 0.497534 0.328496 0.105269 0.00613201 0.0625689
 0.501032 0.335534 0.106848 0.0342403 0.022346
 0.502494 0.337351 0.107697 0.0342952 0.0181626
 0.491068 0.34215 0.113092 0.0361038 0.0175857
 0.505368 0.330272 0.110497 0.0365231 0.017339
 0.515259 0.333266 0.101142 0.0338384 0.0164946
 0.487315 0.349454 0.112223 0.0340583 0.016949
 0.484075 0.340331 0.119688 0.0384364 0.01747
 0.480053 0.34126 0.117872 0.0414531 0.0193628
 0.47812 0.339269 0.119854 0.0413978 0.0213592
 0.493159 0.332141 0.113571 0.0401213 0.021008
 0.500831 0.333847 0.108338 0.0370447 0.0199392
 0.507698 0.334223 0.105724 0.0343089 0.0180459
 0.505766 0.336415 0.107143 0.0338922 0.0167835
 0.517845 0.330829 0.103005 0.0328053 0.015516
 0.51636 0.334569 0.102284 0.0318466 0.0149398
 0.546437 0.316516 0.0948055 0.0289839 0.0132577
 0.595287 0.299912 0.0731347 0.0219059 0.0097604
 0.596034 0.312922 0.0674682 0.0164524 0.00712366
 0.595207 0.311831 0.0720105 0.015526 0.00542539
 0.612424 0.303856 0.0644934 0.0148933 0.0043332
 0.558478 0.341886 0.0781144 0.0165798 0.0049427
 0.537249 0.337964 0.0966267 0.0220774 0.00608287
 0.524106 0.338741 0.100168 0.0286388 0.00834631
 0.509855 0.340962 0.106189 0.0314007 0.0115941
 0.511244 0.335139 0.106861 0.0332808 0.013475
 0.510909 0.33632 0.104755 0.0334017 0.0146145
 0.502565 0.340318 0.108041 0.0336518 0.0154249
pobs_RECLAS
 0 0 0 0 0
 0 0 0 0 0
 0 0 0 0 0
 0 0 0 0 0
 0 0 0 0 0
 0 0 0 0 0
 0 0 0 0 0
 0 0 0 0 0
 0 0 0 0 0
 0 0 0 0 0
 0.991045 0.00858322 0.000360255 1.14367e-05 0
 0.934742 0.0480273 0.0164251 0.00080598 0
 0.827803 0.169806 0.00239088 0 0
 0.941827 0.0461693 0.0120037 0 0
 0.791401 0.0380133 0.147996 0.0225897 0
 0.846168 0.0940531 0.0597789 0 0
 0.134021 0.677848 0.182769 0.00536245 0
 0.80878 0.0450904 0.141981 0.00414843 0
 0.846168 0.0940531 0.0597789 0 0
 0.905697 0.0802665 0.012482 0.00150086 5.37128e-05
 0.989698 0.0102097 9.19794e-05 0 0
 0.975433 0.0193895 0.00387452 0.00125025 5.28907e-05
 0.303575 0.632131 0.0575291 0.00676475 0
 0.966965 0.00978017 0.0227588 0.000495775 0
 0.843318 0.132988 0.00938335 0.0141283 0.000182051
 0.564624 0.303363 0.111486 0.0197234 0.00080311
 0.826376 0.0876187 0.0782897 0.00655872 0.00115652
 0.89761 0.0855135 0.0140674 0.00269457 0.000114338
 0.34875 0.467042 0.161289 0.0227151 0.000203297
 0.318654 0.224769 0.449479 0.00709798 0
ppred_RECLAS
 0.427072 0.0511376 0.44522 0.0518446 0.0247264
 0.475248 0.317527 0.0184962 0.161034 0.0276953
 0.498898 0.327604 0.104983 0.00611537 0.0623991
 0.502877 0.334293 0.106453 0.0341137 0.0222633
 0.503056 0.336971 0.107575 0.0342565 0.0181421
 0.492612 0.341112 0.112749 0.0359943 0.0175324
 0.508358 0.328276 0.109829 0.0363023 0.0172342
 0.515509 0.333094 0.10109 0.033821 0.0164861
 0.488024 0.348971 0.112068 0.0340113 0.0169256
 0.484716 0.339908 0.119539 0.0383886 0.0174483
 0.480271 0.341117 0.117822 0.0414358 0.0193547
 0.479517 0.338361 0.119533 0.0412869 0.021302
 0.494562 0.331222 0.113256 0.0400102 0.0209498
 0.502868 0.332485 0.107896 0.0368935 0.0198579
 0.508939 0.333381 0.105458 0.0342225 0.0180004
 0.508399 0.334623 0.106572 0.0337116 0.0166941
 0.519527 0.329675 0.102645 0.0326908 0.0154619
 0.519554 0.33236 0.101609 0.0316362 0.0148411
 0.554367 0.310982 0.093148 0.0284771 0.0130259
 0.602109 0.294857 0.071902 0.0215367 0.00959589
 0.601448 0.308728 0.066564 0.0162319 0.00702819
 0.605051 0.304247 0.0702592 0.0151484 0.00529345
 0.615625 0.301347 0.0639609 0.0147703 0.00429742
 0.561172 0.339799 0.0776377 0.0164786 0.00491254
 0.539682 0.336187 0.0961188 0.0219613 0.0060509
 0.525503 0.337747 0.0998736 0.0285547 0.0083218
 0.511691 0.339684 0.105791 0.031283 0.0115507
 0.513227 0.333779 0.106428 0.0331457 0.0134204
 0.512275 0.335381 0.104462 0.0333084 0.0145737
 0.503729 0.339521 0.107788 0.033573 0.0153888
pobs_PELACES
 0 0 0 0 0
 0 0 0 0 0
 0 0 0 0 0
 0 0 0 0 0
 0 0 0 0 0
 0 0 0 0 0
 0 0 0 0 0
 0 0 0 0 0
 0 0 0 0 0
 0 0 0 0 0
 0 0 0 0 0
 0 0 0 0 0
 0 0 0 0 0
 0 0 0 0 0
 0 0 0 0 0
 0 0 0 0 0
 0.505614 0.472636 0.0217494 0 0
 0 0 0 0 0
 0.443492 0.261883 0.143347 0.151278 0
 0.227955 0.32914 0.350689 0.0885471 0.00366901
 0.970185 0.0296113 0.000203453 0 0
 0.997202 0.00247181 0.000326279 0 0
 0.445219 0.490057 0.0546422 0.010081 0
 0.90214 0.0892962 0.00764917 0.000914606 0
 0 0 0 0 0
 0.581667 0.319106 0.0959925 0.00289975 0.000334073
 0.762889 0.0836404 0.116647 0.0363945 0.000428098
 0.88444 0.0763242 0.0277011 0.0115352 0
 0.521256 0.241999 0.230069 0.00667565 0
 0.616807 0.101726 0.260614 0.0208532 0
ppred_PELACES
 0.431505 0.0507419 0.441774 0.0514434 0.024535
 0.482097 0.313383 0.0182548 0.158932 0.0273338
 0.503942 0.324307 0.103927 0.00605381 0.061771
 0.50953 0.329819 0.105028 0.0336571 0.0219654
 0.505232 0.335495 0.107104 0.0341065 0.0180626
 0.498266 0.337311 0.111493 0.0355932 0.017337
 0.51857 0.321457 0.107548 0.0355483 0.0168762
 0.516499 0.332413 0.100883 0.0337519 0.0164524
 0.490747 0.347115 0.111472 0.0338304 0.0168356
 0.487191 0.338275 0.118965 0.0382042 0.0173645
 0.481135 0.340549 0.117626 0.0413668 0.0193225
 0.484678 0.335006 0.118348 0.0408775 0.0210908
 0.499742 0.327827 0.112096 0.0396002 0.0207351
 0.510142 0.327619 0.106317 0.0363536 0.0195673
 0.513556 0.330246 0.104466 0.0339008 0.0178312
 0.517537 0.328403 0.104591 0.033085 0.0163838
 0.525641 0.32548 0.101339 0.0322749 0.0152652
 0.530358 0.324886 0.0993238 0.0309248 0.0145074
 0.577055 0.295149 0.0884056 0.0270273 0.0123627
 0.622039 0.280087 0.0683005 0.0204579 0.00911523
 0.618034 0.29588 0.0637939 0.0155564 0.0067357
 0.631427 0.283929 0.0655672 0.0141368 0.00493994
 0.626308 0.292971 0.0621831 0.0143598 0.00417797
 0.570457 0.33261 0.0759951 0.01613 0.0048086
 0.548184 0.329978 0.0943434 0.0215557 0.00593913
 0.530659 0.334077 0.0987885 0.0282445 0.00823139
 0.518312 0.335079 0.104357 0.0308589 0.0113941
 0.520323 0.328913 0.104876 0.0326625 0.0132247
 0.517324 0.331909 0.103381 0.0329636 0.0144228
 0.508084 0.336542 0.106842 0.0332785 0.0152538
pobs_pel_tallas
 0 0 0 0 0 0 0 0 0 0 0 0 0 0 0 0 0 0 0 0 0 0 0 0 0 0
 0 0 0 0 0 0 0 0 0 0 0 0 0 0 0 0 0 0 0 0 0 0 0 0 0 0
 0 0 0 0 0 0 0 0 0 0 0 0 0 0 0 0 0 0 0 0 0 0 0 0 0 0
 0 0 0 0 0 0 0 0 0 0 0 0 0 0 0 0 0 0 0 0 0 0 0 0 0 0
 0 0 0 0 0 0 0 0 0 0 0 0 0 0 0 0 0 0 0 0 0 0 0 0 0 0
 0 0 0 0 0 0 0 0 0 0 0 0 0 0 0 0 0 0 0 0 0 0 0 0 0 0
 0 0 0 0 0 0 0 0 0 0 0 0 0 0 0 0 0 0 0 0 0 0 0 0 0 0
 0 0 0 0 0 0 0 0 0 0 0 0 0 0 0 0 0 0 0 0 0 0 0 0 0 0
 0 0 0 0 0 0 0 0 0 0 0 0 0 0 0 0 0 0 0 0 0 0 0 0 0 0
 0 0 0 0 0 0 0 0 0 0 0 0 0 0 0 0 0 0 0 0 0 0 0 0 0 0
 0 0 0 0 0 0 0 0 0 0 0 0 0 0 0 0 0 0 0 0 0 0 0 0 0 0
 0 0 0 0 0 0 0 0 0 0 0 0 0 0 0 0 0 0 0 0 0 0 0 0 0 0
 0.00862536 0 0 0.000197151 0.00414017 0.0128641 0.00837892 0.0270097 0.101434 0.158115 0.152841 0.127902 0.109271 0.109419 0.0830992 0.0579132 0.0238553 0.00714673 0.00463305 0.00128148 0.00103504 0.000492878 0.000147863 0.000147863 4.92878e-05 0
 0 0 0 0 0 0 0 0 0 0 0 0 0 0 0 0 0 0 0 0 0 0 0 0 0 0
 0 0 0 0 0 0 0 0.0054083 0.00873648 0.0413646 0.0450493 0.0745869 0.0622846 0.0627006 0.0613931 0.0827291 0.12552 0.122667 0.0946155 0.0697135 0.0546179 0.0294188 0.0215738 0.0213955 0.0102223 0.00600262
 0 0 0 0 0.00359764 0.0251062 0.0480494 0.140153 0.205849 0.193036 0.1447 0.116669 0.0760912 0.0342217 0.00950174 0.001854 0.000860785 0 0 0 0.000165536 0 0.000143464 0 0 0
 0 0 0 0 0 0 0 0.000145254 0.000435761 0.0275982 0.070085 0.0708112 0.156366 0.174668 0.174014 0.160142 0.0824315 0.0480064 0.0283245 0.00493863 0.00203355 0 0 0 0 0
 0 0 0 0 0 0 0 0 0 0 0 0 0 0 0 0 0 0 0 0 0 0 0 0 0 0
 0 0 1.00437e-05 0.000401748 0.00122533 0.00171747 0.00176769 0.0269171 0.070346 0.194647 0.189555 0.159765 0.064822 0.0314167 0.0384472 0.0292271 0.0345202 0.0313363 0.0194345 0.0106764 0.0143323 0.0359363 0.0279516 0.0138201 0.00172751 0
 0 0.0021121 0.0136068 0.0755702 0.200478 0.177729 0.0527432 0.0373336 0.0318909 0.0142505 0.0149659 0.0166563 0.0217959 0.0798694 0.0677717 0.0528807 0.04013 0.0224614 0.0357745 0.0225083 0.00881397 0.00855152 0.00135912 0.000746735 0 0
 0 0 0 0 5.4009e-05 0.00500934 0.000945158 0.0243581 0.138947 0.33067 0.221406 0.137944 0.0707744 0.0437923 0.0131692 0.00525238 0.0047753 0.00276346 9.45158e-05 9.00151e-06 2.25038e-05 9.00151e-06 4.50075e-06 0 0 0
 0.000866109 0.00284123 0.00948549 0.0512746 0.133035 0.25785 0.225252 0.132002 0.0553304 0.0519788 0.0540692 0.017754 0.00435017 0.00159236 0.00146478 0.000404838 0.000125132 0.000115318 0.000107957 0.000100596 0 0 0 0 0 0
 0 0 0 0 0.00144013 0.00171154 0.00461396 0.0210425 0.0478622 0.0707936 0.0888783 0.103762 0.0637923 0.0337046 0.0602308 0.124433 0.169614 0.0934646 0.0462172 0.0250306 0.0313229 0.00938855 0.002487 0.000210481 0 0
 0 0.00764035 0.051015 0.0998891 0.058973 0.0496711 0.0374665 0.0718981 0.12319 0.153886 0.159021 0.0857701 0.0377988 0.023471 0.0147837 0.00900784 0.00315554 0.000888139 0.00291439 0.00214683 0.00393193 0.00274676 0.000635225 9.99891e-05 0 0
 0 0 0 0 0 0 0 0 0 0 0 0 0 0 0 0 0 0 0 0 0 0 0 0 0 0
 0 0 0 0 0 0 0 0 0 0 0 0 0 0 0 0 0 0 0 0 0 0 0 0 0 0
 0 0 0 0 0 0 0 0 0 0 0 0 0 0 0 0 0 0 0 0 0 0 0 0 0 0
 0 0 0 0 0 0 0 0 0 0 0 0 0 0 0 0 0 0 0 0 0 0 0 0 0 0
 0 0 0 0 0 0 0 0 0 0 0 0 0 0 0 0 0 0 0 0 0 0 0 0 0 0
 0 0 0 0 0 0 0 0 0 0 0 0 0 0 0 0 0 0 0 0 0 0 0 0 0 0
ppred_pel_tallas
 1.22073e-16 3.55425e-05 0.000345486 0.00229588 0.0104367 0.0324726 0.0691864 0.100981 0.100986 0.069214 0.0325673 0.0107192 0.00303838 0.00207735 0.00365012 0.00682808 0.0118161 0.0190031 0.0286892 0.040849 0.0547649 0.0687279 0.0801791 0.0864733 0.0859546 0.0787087
 1.21172e-16 3.97097e-05 0.000385993 0.00256506 0.0116604 0.03628 0.0772995 0.112827 0.112857 0.0774472 0.036776 0.0130934 0.0061638 0.008249 0.0149966 0.0248021 0.0359246 0.0456746 0.051434 0.0522289 0.0494294 0.0458745 0.0440595 0.0447454 0.0468414 0.0483443
 1.14143e-16 4.15091e-05 0.000403483 0.00268129 0.0121888 0.037924 0.0808022 0.11794 0.117971 0.0809555 0.0384389 0.0136774 0.00642285 0.00858806 0.0156353 0.0259148 0.0376429 0.0480159 0.0542103 0.0549658 0.0513237 0.0458452 0.0409545 0.0377124 0.0357443 0.0340002
 1.10208e-16 4.19694e-05 0.000407958 0.00271102 0.0123239 0.0383445 0.0816982 0.119248 0.11928 0.0818541 0.0388682 0.0138379 0.00651628 0.00873185 0.0159009 0.0263544 0.038277 0.0488094 0.0550619 0.0557179 0.0517814 0.0457872 0.0401366 0.0358865 0.0327142 0.0297094
 1.09654e-16 4.16154e-05 0.000404516 0.00268815 0.01222 0.0380211 0.0810091 0.118242 0.118274 0.0811677 0.0385538 0.0137599 0.00655874 0.00887116 0.016172 0.0268037 0.038925 0.049624 0.0559544 0.0565668 0.0524712 0.0462365 0.0403043 0.0357619 0.032309 0.029059
 1.09808e-16 4.10416e-05 0.000398939 0.00265109 0.0120515 0.0374968 0.0798922 0.116612 0.116644 0.0800516 0.0380325 0.0136002 0.00654407 0.00891554 0.0162695 0.0269741 0.0391898 0.0499976 0.0564415 0.0571664 0.0531786 0.0470405 0.0411783 0.0366584 0.0331644 0.0298091
 1.09607e-16 4.2714e-05 0.000415195 0.00275912 0.0125426 0.0390248 0.0831476 0.121363 0.121394 0.0832995 0.0395354 0.0140187 0.00646976 0.00853337 0.0155133 0.0257184 0.0373741 0.0477003 0.0538857 0.0546428 0.0509313 0.0451874 0.0397105 0.0354993 0.0322343 0.0290571
 1.09166e-16 4.25434e-05 0.000413537 0.0027481 0.0124925 0.0388689 0.0828156 0.120878 0.120911 0.0829726 0.0393966 0.0140177 0.00658119 0.00879682 0.0160102 0.0265231 0.0384934 0.0490239 0.0551849 0.055636 0.0513862 0.0450048 0.0389455 0.0343209 0.030857 0.0276791
 1.09548e-16 4.04222e-05 0.000392919 0.00261108 0.0118696 0.036931 0.0786866 0.114852 0.114886 0.0788507 0.0374821 0.0134629 0.00661573 0.00915277 0.0167292 0.0277307 0.040269 0.051331 0.0578635 0.0584633 0.0541666 0.0476248 0.0413631 0.0365166 0.0327959 0.0293117
 1.1029e-16 4.01294e-05 0.000390072 0.00259217 0.0117836 0.0366634 0.0781165 0.11402 0.114053 0.0782765 0.0372009 0.0133377 0.00649905 0.00893904 0.0163359 0.0271008 0.0394087 0.0503491 0.0569732 0.0579273 0.0542081 0.0483494 0.0427308 0.0383661 0.0349004 0.0314383
 1.109e-16 3.96305e-05 0.000385223 0.00255994 0.0116371 0.0362077 0.0771455 0.112603 0.112636 0.0773065 0.0367487 0.0132015 0.0064927 0.00899061 0.0164425 0.027278 0.0396652 0.0506767 0.0573492 0.0583302 0.0546374 0.048836 0.0433282 0.0391253 0.0358419 0.0325352
 1.1117e-16 3.99224e-05 0.00038806 0.00257879 0.0117228 0.0364743 0.0777135 0.113432 0.113464 0.077872 0.0370066 0.0132621 0.0064486 0.00885646 0.0161839 0.0268535 0.0390619 0.049936 0.0565681 0.0576332 0.0541317 0.0485776 0.043316 0.0393191 0.0361858 0.0329736
 1.10799e-16 4.11631e-05 0.00040012 0.00265894 0.0120872 0.0376079 0.0801287 0.116957 0.116989 0.0802837 0.0381287 0.013593 0.00644447 0.00868317 0.0158291 0.0262544 0.0381741 0.0487677 0.0551837 0.0561247 0.0525777 0.0470221 0.0417779 0.0378203 0.0347689 0.031697
 1.10109e-16 4.20198e-05 0.000408448 0.00271428 0.0123387 0.0383906 0.0817963 0.119391 0.119422 0.0819512 0.0389108 0.0138428 0.00649501 0.00867931 0.0158017 0.0261942 0.0380551 0.0485491 0.0548103 0.0555321 0.0517064 0.045837 0.0402887 0.0360906 0.0329094 0.0298428
 1.09517e-16 4.2301e-05 0.00041118 0.00273244 0.0124213 0.0386474 0.0823436 0.12019 0.120222 0.0824997 0.0391718 0.013937 0.00654217 0.0087445 0.0159181 0.0263793 0.0383051 0.048827 0.0550439 0.0556282 0.0515771 0.0454244 0.0395788 0.0351144 0.0317352 0.0285639
 1.09193e-16 4.26289e-05 0.000414368 0.00275362 0.0125176 0.038947 0.0829819 0.121121 0.121153 0.0831371 0.0394684 0.0140249 0.00654221 0.0087015 0.0158306 0.0262335 0.0380934 0.0485563 0.0547349 0.0553047 0.0512512 0.0450881 0.0392075 0.0346809 0.0312259 0.0279875
 1.08828e-16 4.32964e-05 0.000420856 0.00279674 0.0127136 0.0395569 0.0842813 0.123018 0.123049 0.0844351 0.0400736 0.0142072 0.00655068 0.00863153 0.0156836 0.0259833 0.0377179 0.0480524 0.054119 0.0546016 0.050479 0.0442523 0.0383092 0.033731 0.030254 0.0270392
 1.08506e-16 4.3685e-05 0.000424634 0.00282184 0.0128277 0.0399119 0.0850377 0.124122 0.124153 0.0851912 0.0404276 0.0143183 0.00656811 0.00861796 0.0156492 0.0259209 0.0376163 0.0478992 0.0539009 0.054303 0.0500831 0.0437454 0.0376886 0.0330122 0.0294721 0.0262438
 1.0743e-16 4.75313e-05 0.000462021 0.0030703 0.0139571 0.043426 0.0925247 0.135049 0.135077 0.0926641 0.0438944 0.0153111 0.00647288 0.00790312 0.0142186 0.0235343 0.0341414 0.0434514 0.0488516 0.0491401 0.0452055 0.0393304 0.0337088 0.0293586 0.0260761 0.0231243
 1.05637e-16 5.12366e-05 0.000498038 0.00330964 0.0150451 0.0468112 0.0997372 0.145575 0.145602 0.0998694 0.0472551 0.0163281 0.0065324 0.00754157 0.0134525 0.0222226 0.0321592 0.040763 0.0455174 0.0452637 0.0408667 0.0345659 0.0285596 0.0239416 0.0206157 0.0179162
 1.04617e-16 5.09067e-05 0.000494832 0.00328833 0.0149483 0.0465098 0.0990952 0.144638 0.144667 0.0992347 0.0469785 0.0163024 0.00668911 0.00792475 0.0141794 0.0234072 0.0338233 0.0427639 0.0475423 0.0469145 0.0417966 0.0345907 0.0276898 0.0223403 0.0185273 0.0156027
 1.04219e-16 5.20099e-05 0.000505554 0.00335959 0.0152722 0.0475177 0.101242 0.147772 0.147799 0.101376 0.0479675 0.0165721 0.0066244 0.00763934 0.01362 0.0224855 0.0325061 0.0411283 0.0457762 0.0452511 0.0404168 0.0335536 0.0269312 0.0217295 0.0179383 0.0149628
 1.04017e-16 5.15882e-05 0.000501456 0.00333235 0.0151484 0.0471325 0.100422 0.146574 0.146603 0.10056 0.0475965 0.016489 0.00669911 0.00785661 0.0140365 0.0231657 0.0334647 0.0422895 0.0469719 0.0462724 0.0410923 0.0338105 0.0268056 0.0213311 0.0173987 0.0143947
 1.0471e-16 4.69878e-05 0.000456738 0.00303519 0.0137975 0.0429295 0.0914669 0.133505 0.133538 0.0916238 0.0434564 0.0153201 0.00685938 0.00881252 0.0159382 0.0263325 0.0380633 0.0481476 0.0535648 0.0529077 0.0471869 0.0390759 0.0312402 0.0250721 0.0205712 0.0170514
 1.05974e-16 4.51533e-05 0.000438906 0.00291669 0.0132588 0.0412534 0.0878958 0.128293 0.128325 0.0880517 0.0417768 0.0147717 0.00671795 0.00874968 0.0158658 0.0262549 0.0380436 0.0483166 0.0541173 0.0540655 0.0491313 0.0418743 0.0347994 0.0291429 0.0248054 0.0210881
 1.07162e-16 4.37097e-05 0.000424874 0.00282344 0.012835 0.0399345 0.0850859 0.124192 0.124224 0.0852437 0.0404646 0.0143672 0.00667381 0.00884444 0.0160758 0.0266173 0.0385977 0.0490836 0.0551024 0.0552756 0.0505937 0.0436361 0.0369008 0.031578 0.0274958 0.0238856
 1.08121e-16 4.26927e-05 0.000414989 0.00275775 0.0125363 0.0390054 0.0831062 0.121303 0.121335 0.0832646 0.0395373 0.0140739 0.00662194 0.00886643 0.0161404 0.0267391 0.0388055 0.0494144 0.055602 0.0559988 0.0515975 0.044965 0.0385651 0.0335375 0.0296561 0.0261132
 1.08625e-16 4.28584e-05 0.000416599 0.00276845 0.012585 0.0391567 0.0834287 0.121773 0.121805 0.0835841 0.0396789 0.0140946 0.00656275 0.00871605 0.0158537 0.0262699 0.0381417 0.0486069 0.0547676 0.0552891 0.0511493 0.0448592 0.0388154 0.0341028 0.0304621 0.027069
 1.08815e-16 4.26114e-05 0.000414198 0.00275249 0.0125124 0.038931 0.0829479 0.121072 0.121104 0.0831047 0.0394579 0.0140356 0.00658053 0.00878691 0.0159915 0.0264952 0.0384601 0.0489949 0.0551736 0.0556517 0.0514245 0.0450402 0.0389331 0.0342092 0.0306061 0.0272785
 1.09089e-16 4.18502e-05 0.000406799 0.00270333 0.0122889 0.0382357 0.0814663 0.118909 0.118942 0.0816253 0.03877 0.0138336 0.00658554 0.00889852 0.0162189 0.0268781 0.039025 0.0497333 0.05604 0.0565831 0.0523682 0.0459703 0.0398447 0.0350997 0.0314611 0.0280708
pSPR Fmed_Fpbrs
0.786226   0.285403 0.285403
Fs Fmed_Fpbrs
0.149277   1.005 1.005
SSBpbr Bo_Bmed_Bpbrs
2.51295e+06  1.8501e+06  591554 591554
Ro
322460
SPR SPRFo_SPRFmed_SPRFpbrs
2.2954e+06 1.8047e+06 655112
Fref
1.005
Nvult_r0
 209933 74643.4 23697.1 7381 3383.22
CTP_r0
 10526.3 7128.03 2262.94 704.846 323.079
YTP_r0
284153
Np
 322460 71770.9 15152.9 4973.61 1791.6
Nvult_p0
 250689 62106.2 13112.4 4303.86 1550.34
CTP_p0
 83841.1 48808.3 16020.3 5085.97 2108.53
 83841.1 31130.5 6572.54 2157.3 777.105
YTP_p0
 1.98405e+06 1.35746e+06
CBA_c0
1.79607e+06
log_Ro
12.5037
likeval ReclasPelacesDesembMPH_pf_preclas_ppelaces_ptallas_desvR_qrecl_qpela
 125.465 52.5166 10.4538 0.00381737 267.521 150.818 100.565 0 0 0 0 51.4679 0 0 0
q_reclas_q_pelaces
1 1
M
1
N
 322460 19842.3 172753 20116.7 9594.29
 322460 112296 6541.36 56951.1 9794.71
 322460 109160 34981 2037.67 20791.7
 322460 111590 35535 11387.5 7431.72
 322460 109434 34935.9 11125.1 5891.78
 322460 115537 38189 12191.6 5938.36
 322460 110768 37058.9 12249.2 5815.21
 322460 104806 31807.2 10641.5 5187.23
 322460 117210 37640.7 11423.5 5684.87
 322460 114773 40363.4 12962.2 5891.56
 322460 115118 39761.8 13983.4 6531.69
 322460 117388 41469.8 14323.7 7390.34
 322460 111424 38099.7 13459.5 7047.56
 322460 111407 36153.3 12362.1 6653.88
 322460 108613 34357.1 11149.4 5864.37
 322460 112167 35723.2 11300.2 5595.91
 322460 106181 33059.8 10529 4979.95
 322460 110137 33671 10483.6 4918.03
 322460 104031 31160.2 9526.27 4357.46
 322460 89665.4 21865.3 6549.27 2918.09
 322460 91980.5 19831.7 4836.03 2093.94
 322460 96036.8 22177.6 4781.65 1670.9
 322460 84540.9 17943.8 4143.72 1205.61
 322460 103381 23620.6 5013.48 1494.6
 322460 105790 30246.2 6910.68 1904.07
 322460 106924 31617.9 9039.83 2634.51
 322460 111418 34700.1 10261 3788.69
 322460 109470 34905.2 10870.9 4401.49
 322460 108838 33900.3 10809.3 4729.48
 322460 111578 35422.7 11033.2 5057.27
pred_Ctot
 10925.5 1314.58 11445.2 1332.76 635.636
 16377.7 11026.3 642.292 5591.99 961.736
 12150.8 8022.57 2570.89 149.757 1528.07
 15900.1 10648 3390.79 1086.6 709.142
 5319.41 3571.2 1140.08 363.049 192.269
 13579.2 9461.27 3127.27 998.358 486.288
 23989.7 15677.9 5245.27 1733.74 823.078
 2435.84 1575.49 478.14 159.968 77.9769
 6639.13 4760.93 1528.92 464.008 230.912
 6043.97 4249.24 1494.38 479.902 218.123
 2129.71 1513.97 522.927 183.903 85.9014
 12440 8827.29 3118.43 1077.11 555.735
 12468.2 8397.27 2871.32 1014.36 531.129
 17331.1 11552.7 3749.02 1281.92 689.993
 11150.7 7340.6 2322.03 753.533 396.345
 21579.2 14353.6 4571.38 1446.05 716.091
 14676.2 9375.99 2919.25 929.731 439.739
 25349.7 16425 5021.45 1563.45 733.44
 50908.7 29488.1 8832.54 2700.28 1235.15
 46743 23549.6 5742.67 1720.09 766.404
 39489.3 20732.1 4470 1090.03 471.967
 60200.9 31539.4 7283.34 1570.34 548.739
 26491.8 13144 2789.81 644.244 187.442
 22264.5 13629.8 3114.15 660.978 197.048
 20280.2 12757.5 3647.48 833.38 229.617
 12449.1 8046.12 2379.28 680.257 198.25
 15836.9 10590.8 3298.41 975.357 360.133
 16937.2 11103 3540.25 1102.57 446.42
 12172.2 8012.71 2495.74 795.783 348.185
 10526.3 7128.03 2262.94 704.846 323.079
F
 0.0548365 0.109673 0.109673 0.109673 0.109673
 0.0831683 0.166337 0.166337 0.166337 0.166337
 0.0611458 0.122292 0.122292 0.122292 0.122292
 0.0806594 0.161319 0.161319 0.161319 0.161319
 0.0263855 0.052771 0.052771 0.052771 0.052771
 0.0685429 0.137086 0.137086 0.137086 0.137086
 0.123872 0.247745 0.247745 0.247745 0.247745
 0.0120102 0.0240205 0.0240205 0.0240205 0.0240205
 0.0330226 0.0660453 0.0660453 0.0660453 0.0660453
 0.0300249 0.0600498 0.0600498 0.0600498 0.0600498
 0.0104942 0.0209883 0.0209883 0.0209883 0.0209883
 0.0626395 0.125279 0.125279 0.125279 0.125279
 0.0627852 0.12557 0.12557 0.12557 0.12557
 0.0881919 0.176384 0.176384 0.176384 0.176384
 0.0559934 0.111987 0.111987 0.111987 0.111987
 0.110833 0.221666 0.221666 0.221666 0.221666
 0.0742546 0.148509 0.148509 0.148509 0.148509
 0.131292 0.262583 0.262583 0.262583 0.262583
 0.279894 0.559787 0.559787 0.559787 0.559787
 0.254403 0.508805 0.508805 0.508805 0.508805
 0.211247 0.422495 0.422495 0.422495 0.422495
 0.338744 0.677487 0.677487 0.677487 0.677487
 0.137558 0.275115 0.275115 0.275115 0.275115
 0.114526 0.229052 0.229052 0.229052 0.229052
 0.103864 0.207729 0.207729 0.207729 0.207729
 0.0626865 0.125373 0.125373 0.125373 0.125373
 0.0803282 0.160656 0.160656 0.160656 0.160656
 0.0861138 0.172228 0.172228 0.172228 0.172228
 0.0612563 0.122513 0.122513 0.122513 0.122513
 0.0527883 0.105577 0.105577 0.105577 0.105577
YTP_r0W_actual
 76842.3 113336 59967.9 22343.6 11663.1
YTP_p0W_proyectada
 627970 764827 370549 149375 71331.5
 627970 487816 152023 63359.8 26289.4
CTP_r0_actual
 10526.3 7128.03 2262.94 704.846 323.079
CTP_p0_proyectada
 83841.1 48808.3 16020.3 5085.97 2108.53
 83841.1 31130.5 6572.54 2157.3 777.105
Wmedp
 7.49 15.67 23.13 29.37 33.83
Frms_r0
 0.0527883 0.105577 0.105577 0.105577 0.105577
Zrms_r0
 1.05279 1.10558 1.10558 1.10558 1.10558
nmprior
 8.19 8.8 8.5 0
nm_flota  nm_reclas  nm_pelaces    nm_pelaL
inf 3.88371 7.65369 11.4986
cv_recla  cv_pelaces  cv_mph
1.03702 0.852733 1.90672
 ------------------------------------------------
Talla a la edad & desviaci?n 
 8 13.2811 15.8009 17.003 17.5766
 0.8 1.32811 1.58009 1.7003 1.75766
