years
 1991 1992 1993 1994 1995 1996 1997 1998 1999 2000 2001 2002 2003 2004 2005 2006 2007 2008 2009 2010 2011 2012 2013 2014 2015 2016 2017 2018
reclasobs
 0 0 0 0 0 0 0 0 0 252601 567819 844713 477998 351125 339783 2.1784e+06 2.13404e+06 4.81314e+06 1.55562e+06 2.62356e+06 3.21686e+06 3.843e+06 1.13348e+06 3.07943e+06 1.97215e+06 2.03268e+06 2.025e+06 2.42433e+06
reclaspred
 3.16657e+06 1.77739e+06 895158 890893 882797 1.42765e+06 894184 783712 571677 415711 491902 640171 630500 490380 493543 1.32895e+06 1.28277e+06 2.90602e+06 2.39839e+06 1.7803e+06 3.1514e+06 2.56937e+06 2.03133e+06 3.14925e+06 2.38337e+06 2.0951e+06 2.19816e+06 2.23032e+06
pelacesobs
 0 0 0 0 0 0 0 0 0 0 0 0 0 0 0 552880 188675 0 991730 2.46772e+06 1.41603e+06 1.21717e+06 2.29649e+06 1.80582e+06 0 1.4828e+06 1.56532e+06 1.57751e+06
pelacespred
 1.62401e+06 1.01264e+06 510363 415174 429827 717971 414930 452210 316925 218006 267485 290704 314878 257552 266670 598737 579509 1.5121e+06 1.28871e+06 889056 1.52076e+06 1.34588e+06 1.06141e+06 1.80092e+06 1.31352e+06 1.15066e+06 1.3647e+06 1.37259e+06
mphobs
 0 0 0 0 0 0 0 0 0 0 0 498337 0 5186 125008 0 168611 109162 213762 579715 649985 157893 87575 83554 0 0 0 0
mphpred
 3.07909e+06 2.05889e+06 1.02722e+06 556850 604733 685745 921805 566858 500666 342760 226213 375853 406402 343948 231958 293117 988220 937276 1.86285e+06 1.40773e+06 1.49821e+06 1.85422e+06 1.766e+06 1.45144e+06 2.03521e+06 1.69336e+06 1.37822e+06 1.2773e+06
desembarqueobs
 494567 514787 250237 358949 120608 361735 552515 73892 212993 205616 52469 317467 293654 387597 252695 516296 358380 742168 942051 627588 828172 859565 418607 520667 417249 300574 415391 372974
desembarquepred
 494575 513556 250842 358976 120613 361746 552554 73896.3 213041 205659 52471.6 317530 293702 387629 252689 516258 358402 742073 941845 627455 828229 859573 418614 520687 417245 300572 415390 372974
Reclutas
 195155 113168 107611 182743 144933 256693 105414 46639 44820.3 60100.7 112058 149416 124075 86935 85831.7 477705 99965.5 731806 423329 323778 480927 647713 133215 401724 343709 148539 276845 323651
log_desv_Rt
 0.0861216 -0.458795 -0.509153 0.0204098 -0.2114 0.360209 -0.52978 -1.34523 -1.38501 -1.09165 -0.468653 -0.180939 -0.366783 -0.722512 -0.735284 0.981321 -0.582847 1.40784 0.860478 0.592387 0.988042 1.28578 -0.295711 0.808093 0.652124 -0.186826 0.435784 0.591993
SSB
 3.07909e+06 2.05889e+06 1.02722e+06 556850 604733 685745 921805 566858 500666 342760 226213 375853 406402 343948 231958 293117 988220 937276 1.86285e+06 1.40773e+06 1.49821e+06 1.85422e+06 1.766e+06 1.45144e+06 2.03521e+06 1.69336e+06 1.37822e+06 1.2773e+06
BT
 4.161e+06 2.84177e+06 1.42505e+06 1.25853e+06 1.08602e+06 1.96446e+06 1.44988e+06 1.10798e+06 941877 701390 661939 936367 993288 997990 868278 1.79774e+06 1.61569e+06 4.14298e+06 3.87691e+06 2.61083e+06 4.18273e+06 3.90206e+06 2.81235e+06 4.63782e+06 3.411e+06 2.91918e+06 3.57274e+06 3.54307e+06
Ftot
 0.135656 0.247136 0.241165 0.358334 0.122311 0.230857 0.521107 0.0841908 0.32776 0.430814 0.0997551 0.439201 0.411749 0.68389 0.464503 0.364321 0.243843 0.237871 0.346234 0.312298 0.237273 0.299553 0.179965 0.152691 0.155769 0.126948 0.172089 0.154467
BD_Bspro_t
 0.978529 0.842657 0.680211 0.587536 0.576673 0.652642 0.648786 0.482802 0.537986 0.494542 0.461745 0.671919 0.557483 0.468546 0.360833 0.418757 0.60062 0.57493 0.671364 0.57635 0.546312 0.595422 0.610819 0.602784 0.707854 0.717547 0.720963 0.730973
BD_Bspro
 2.42526 1.6217 0.809092 0.438607 0.476322 0.540132 0.726066 0.446489 0.394353 0.269977 0.178178 0.296043 0.320105 0.270913 0.182703 0.230875 0.778378 0.738251 1.46728 1.10881 1.18007 1.46048 1.391 1.14324 1.60304 1.33378 1.08557 1.00608
BD_Bo
 1.63282 1.09181 0.544725 0.295294 0.320686 0.363646 0.488827 0.300601 0.2655 0.181763 0.119959 0.199312 0.215512 0.182393 0.123005 0.155438 0.524046 0.497031 0.987854 0.746508 0.794488 0.983278 0.936496 0.769689 1.07926 0.897974 0.730863 0.677345
BD_Brms
 11.1162 7.43304 3.70848 2.01035 2.18322 2.47569 3.32792 2.04648 1.80752 1.23744 0.816681 1.35691 1.4672 1.24173 0.837419 1.05822 3.5677 3.38378 6.72529 5.08221 5.40886 6.69413 6.37565 5.24003 7.34755 6.11339 4.9757 4.61135
Sel_flota
 0.863979 1 1 1 1
 0.863979 1 1 1 1
 0.863979 1 1 1 1
 0.863979 1 1 1 1
 0.863979 1 1 1 1
 0.863979 1 1 1 1
 0.863979 1 1 1 1
 0.863979 1 1 1 1
 0.863979 1 1 1 1
 0.863979 1 1 1 1
 0.863979 1 1 1 1
 0.863979 1 1 1 1
 0.863979 1 1 1 1
 0.863979 1 1 1 1
 0.863979 1 1 1 1
 0.863979 1 1 1 1
 0.863979 1 1 1 1
 0.863979 1 1 1 1
 0.863979 1 1 1 1
 0.863979 1 1 1 1
 0.863979 1 1 1 1
 0.863979 1 1 1 1
 0.863979 1 1 1 1
 0.863979 1 1 1 1
 0.863979 1 1 1 1
 0.863979 1 1 1 1
 0.863979 1 1 1 1
 0.863979 1 1 1 1
Sel_reclas
 1 1 1 1 1
 1 1 1 1 1
 1 1 1 1 1
 1 1 1 1 1
 1 1 1 1 1
 1 1 1 1 1
 1 1 1 1 1
 1 1 1 1 1
 1 1 1 1 1
 1 1 1 1 1
 1 1 1 1 1
 1 1 1 1 1
 1 1 1 1 1
 1 1 1 1 1
 1 1 1 1 1
 1 1 1 1 1
 1 1 1 1 1
 1 1 1 1 1
 1 1 1 1 1
 1 1 1 1 1
 1 1 1 1 1
 1 1 1 1 1
 1 1 1 1 1
 1 1 1 1 1
 1 1 1 1 1
 1 1 1 1 1
 1 1 1 1 1
 1 1 1 1 1
Sel_pelaces
 1 1 1 1 1
 1 1 1 1 1
 1 1 1 1 1
 1 1 1 1 1
 1 1 1 1 1
 1 1 1 1 1
 1 1 1 1 1
 1 1 1 1 1
 1 1 1 1 1
 1 1 1 1 1
 1 1 1 1 1
 1 1 1 1 1
 1 1 1 1 1
 1 1 1 1 1
 1 1 1 1 1
 1 1 1 1 1
 1 1 1 1 1
 1 1 1 1 1
 1 1 1 1 1
 1 1 1 1 1
 1 1 1 1 1
 1 1 1 1 1
 1 1 1 1 1
 1 1 1 1 1
 1 1 1 1 1
 1 1 1 1 1
 1 1 1 1 1
 1 1 1 1 1
pf_obs 
 0.8446 0.082 0.0669 0.0065 0
 0.8095 0.147 0.0364 0.0071 0
 0.9664 0.0169 0.016 0.0007 0
 0.9276 0.0648 0.0075 0.0001 0
 0.7033 0.2144 0.0806 0.0017 0
 0.9318 0.0425 0.0243 0.0014 0
 0.5671 0.3108 0.0964 0.0239 0.0018
 0.0768 0.2599 0.5324 0.112 0.0189
 0.490249 0.384438 0.106611 0.0170017 0.00170017
 0.7925 0.1577 0.0466 0.003 0.0002
 0.840416 0.127587 0.0312969 0.00059994 9.999e-05
 0.8084 0.0986 0.0794 0.0134 0.0002
 0.7335 0.1905 0.0724 0.0035 0.0001
 0.4001 0.4547 0.1325 0.0127 0
 0.49795 0.308269 0.164784 0.0264974 0.00249975
 0.9179 0.0499 0.0305 0.0017 0
 0.2467 0.6533 0.0926 0.0074 0
 0.9418 0.0223 0.034 0.0019 0
 0.707729 0.231977 0.0356964 0.0245975 0
 0.517169 0.277429 0.184464 0.0207286 0.00020938
 0.811772 0.124168 0.05621 0.00726502 0.000585176
 0.764997 0.148141 0.077277 0.00933861 0.000247198
 0.163321 0.427699 0.378323 0.0303852 0.000271297
 0.753843 0.0900009 0.118128 0.0371064 0.000921714
 0.721811 0.176058 0.0630433 0.0369309 0.00215725
 0.143369 0.312575 0.442814 0.0836902 0.0175525
 0.692698 0.0596174 0.167031 0.0765114 0.00414204
 0.394062 0.376323 0.152708 0.0712218 0.00568511
pf_pred 
 0.467046 0.123839 0.385679 0.0234356 7.96744e-07
 0.440006 0.283514 0.0642439 0.200078 0.0121581
 0.574165 0.204962 0.111824 0.0253391 0.0837104
 0.754598 0.150711 0.0455766 0.0248658 0.0242489
 0.667564 0.261191 0.0437542 0.0132318 0.014259
 0.766521 0.163725 0.0548044 0.00918071 0.00576823
 0.490127 0.405221 0.073387 0.0245651 0.0067006
 0.468195 0.285889 0.195441 0.0353951 0.0150797
 0.555736 0.22497 0.117889 0.0805916 0.0208137
 0.718861 0.168118 0.0572325 0.0299911 0.0257976
 0.828131 0.129618 0.0252659 0.00860127 0.00838428
 0.747826 0.214091 0.0287207 0.0055984 0.00376365
 0.694581 0.23845 0.0568557 0.00762731 0.00248626
 0.640022 0.263313 0.075469 0.0179948 0.00320093
 0.746294 0.17398 0.0583175 0.0167146 0.00469433
 0.939477 0.0471908 0.0091424 0.0030645 0.00112501
 0.392949 0.575947 0.0242528 0.00469856 0.00215312
 0.903047 0.0419993 0.0521377 0.00219549 0.000620251
 0.609062 0.358337 0.0141223 0.0175313 0.000946795
 0.615513 0.249841 0.123418 0.00486398 0.00636421
 0.752044 0.162487 0.0555381 0.0274351 0.00249596
 0.755151 0.191378 0.0350403 0.0119768 0.00645465
 0.331677 0.524863 0.11213 0.0205305 0.0107992
 0.754447 0.0904189 0.121833 0.0260281 0.00727236
 0.644111 0.278526 0.0284871 0.0383844 0.0104915
 0.442817 0.378674 0.139705 0.0142888 0.0245156
 0.703724 0.14271 0.104367 0.0385045 0.010695
 0.702804 0.218732 0.0377941 0.0276397 0.0130296
pobs_RECLAS
 0 0 0 0 0
 0 0 0 0 0
 0 0 0 0 0
 0 0 0 0 0
 0 0 0 0 0
 0 0 0 0 0
 0 0 0 0 0
 0 0 0 0 0
 0 0 0 0 0
 0 0 0 0 0
 0.991045 0.00858322 0.000360255 1.14367e-05 0
 0.934742 0.0480273 0.0164251 0.00080598 0
 0.827803 0.169806 0.00239088 0 0
 0.941827 0.0461693 0.0120037 0 0
 0.791401 0.0380133 0.147996 0.0225897 0
 0.846168 0.0940531 0.0597789 0 0
 0.134021 0.677848 0.182769 0.00536245 0
 0.80878 0.0450904 0.141981 0.00414843 0
 0.846168 0.0940531 0.0597789 0 0
 0.905697 0.0802665 0.012482 0.00150086 5.37128e-05
 0.989698 0.0102097 9.19794e-05 0 0
 0.975433 0.0193895 0.00387452 0.00125025 5.28907e-05
 0.303575 0.632131 0.0575291 0.00676475 0
 0.966965 0.00978017 0.0227588 0.000495775 0
 0.843318 0.132988 0.00938335 0.0141283 0.000182051
 0.564624 0.303363 0.111486 0.0197234 0.00080311
 0.826376 0.0876187 0.0782897 0.00655872 0.00115652
 0.89761 0.0855135 0.0140674 0.00269457 0.000114338
ppred_RECLAS
 0.503974 0.115258 0.358955 0.0218118 7.41538e-07
 0.477123 0.264722 0.0599857 0.186817 0.0113522
 0.610244 0.187597 0.102349 0.0231922 0.076618
 0.781556 0.134155 0.0405699 0.0221342 0.0215851
 0.699498 0.236101 0.0395512 0.0119607 0.0128892
 0.792175 0.145736 0.0487828 0.00817199 0.00513446
 0.528762 0.374515 0.0678261 0.0227037 0.00619286
 0.504956 0.266127 0.181931 0.0329484 0.0140373
 0.592618 0.206293 0.108102 0.073901 0.0190858
 0.748693 0.150279 0.0511595 0.0268087 0.0230602
 0.84811 0.11455 0.0223288 0.00760139 0.00740963
 0.775573 0.190534 0.0255605 0.0049824 0.00334953
 0.725935 0.213971 0.0510191 0.00684431 0.00223103
 0.675645 0.237256 0.0680008 0.0162141 0.00288418
 0.774247 0.154811 0.0518922 0.014873 0.00417712
 0.947543 0.0409016 0.00792397 0.00265609 0.000975075
 0.429126 0.541623 0.0228075 0.00441855 0.0020248
 0.915365 0.0366634 0.0455138 0.00191656 0.00054145
 0.644426 0.325923 0.0128448 0.0159455 0.000861151
 0.650492 0.227111 0.11219 0.00442148 0.00578523
 0.778846 0.144923 0.0495348 0.0244696 0.00222616
 0.781889 0.170478 0.0312138 0.0106689 0.00574977
 0.365384 0.498392 0.106475 0.0194951 0.0102545
 0.780848 0.0806974 0.108734 0.0232296 0.00649047
 0.67731 0.252543 0.0258297 0.0348037 0.00951283
 0.479523 0.353727 0.130502 0.0133475 0.0229005
 0.733707 0.128267 0.093805 0.0346077 0.00961261
 0.732796 0.196659 0.0339801 0.0248504 0.0117147
pobs_PELACES
 0 0 0 0 0
 0 0 0 0 0
 0 0 0 0 0
 0 0 0 0 0
 0 0 0 0 0
 0 0 0 0 0
 0 0 0 0 0
 0 0 0 0 0
 0 0 0 0 0
 0 0 0 0 0
 0 0 0 0 0
 0 0 0 0 0
 0 0 0 0 0
 0 0 0 0 0
 0 0 0 0 0
 0 0 0 0 0
 0.505614 0.472636 0.0217494 0 0
 0 0 0 0 0
 0.443492 0.261883 0.143347 0.151278 0
 0.227955 0.32914 0.350689 0.0885471 0.00366901
 0.970185 0.0296113 0.000203453 0 0
 0.997202 0.00247181 0.000326279 0 0
 0.445219 0.490057 0.0546422 0.010081 0
 0.90214 0.0892962 0.00764917 0.000914606 0
 0 0 0 0 0
 0.581667 0.319106 0.0959925 0.00289975 0.000334073
 0.762889 0.0836404 0.116647 0.0363945 0.000428098
 0.88444 0.0763242 0.0277011 0.0115352 0
ppred_PELACES
 0.505496 0.114905 0.357854 0.0217449 7.39263e-07
 0.479892 0.263321 0.0596681 0.185828 0.0112921
 0.612815 0.186359 0.101674 0.0230392 0.0761124
 0.78429 0.132476 0.0400622 0.0218572 0.021315
 0.70065 0.235196 0.0393995 0.0119149 0.0128398
 0.793875 0.144543 0.0483836 0.00810511 0.00509243
 0.534587 0.369886 0.0669878 0.0224231 0.00611633
 0.505901 0.265619 0.181584 0.0328855 0.0140105
 0.596165 0.204497 0.107161 0.0732576 0.0189196
 0.752314 0.148113 0.0504223 0.0264224 0.0227279
 0.848686 0.114116 0.0222441 0.00757257 0.00738153
 0.778986 0.187637 0.0251718 0.00490664 0.0032986
 0.729596 0.211112 0.0503374 0.00675287 0.00220122
 0.682335 0.232362 0.0665981 0.0158796 0.00282468
 0.77787 0.152326 0.0510593 0.0146343 0.00411007
 0.94835 0.0402724 0.00780208 0.00261523 0.000960076
 0.43181 0.539077 0.0227003 0.00439778 0.00201529
 0.916188 0.0363067 0.0450709 0.00189791 0.000536181
 0.647979 0.322666 0.0127165 0.0157861 0.000852545
 0.653672 0.225045 0.111169 0.00438125 0.00573259
 0.780675 0.143724 0.0491251 0.0242672 0.00220775
 0.784174 0.168693 0.0308869 0.0105572 0.00568955
 0.367259 0.496919 0.10616 0.0194374 0.0102242
 0.782019 0.0802664 0.108153 0.0231055 0.0064558
 0.678837 0.251349 0.0257075 0.0346391 0.00946783
 0.480945 0.352761 0.130145 0.013311 0.022838
 0.735214 0.127542 0.0932743 0.034412 0.00955823
 0.734151 0.195661 0.0338077 0.0247244 0.0116552
pobs_pel_tallas
 0 0 0 0 0 0 0 0 0 0 0 0 0 0 0 0 0 0 0 0 0 0 0 0 0 0
 0 0 0 0 0 0 0 0 0 0 0 0 0 0 0 0 0 0 0 0 0 0 0 0 0 0
 0 0 0 0 0 0 0 0 0 0 0 0 0 0 0 0 0 0 0 0 0 0 0 0 0 0
 0 0 0 0 0 0 0 0 0 0 0 0 0 0 0 0 0 0 0 0 0 0 0 0 0 0
 0 0 0 0 0 0 0 0 0 0 0 0 0 0 0 0 0 0 0 0 0 0 0 0 0 0
 0 0 0 0 0 0 0 0 0 0 0 0 0 0 0 0 0 0 0 0 0 0 0 0 0 0
 0 0 0 0 0 0 0 0 0 0 0 0 0 0 0 0 0 0 0 0 0 0 0 0 0 0
 0 0 0 0 0 0 0 0 0 0 0 0 0 0 0 0 0 0 0 0 0 0 0 0 0 0
 0 0 0 0 0 0 0 0 0 0 0 0 0 0 0 0 0 0 0 0 0 0 0 0 0 0
 0 0 0 0 0 0 0 0 0 0 0 0 0 0 0 0 0 0 0 0 0 0 0 0 0 0
 0 0 0 0 0 0 0 0 0 0 0 0 0 0 0 0 0 0 0 0 0 0 0 0 0 0
 0 0 0 0 0 0 0 0 0 0 0 0 0 0 0 0 0 0 0 0 0 0 0 0 0 0
 0.00862536 0 0 0.000197151 0.00414017 0.0128641 0.00837892 0.0270097 0.101434 0.158115 0.152841 0.127902 0.109271 0.109419 0.0830992 0.0579132 0.0238553 0.00714673 0.00463305 0.00128148 0.00103504 0.000492878 0.000147863 0.000147863 4.92878e-05 0
 0 0 0 0 0 0 0 0 0 0 0 0 0 0 0 0 0 0 0 0 0 0 0 0 0 0
 0 0 0 0 0 0 0 0.0054083 0.00873648 0.0413646 0.0450493 0.0745869 0.0622846 0.0627006 0.0613931 0.0827291 0.12552 0.122667 0.0946155 0.0697135 0.0546179 0.0294188 0.0215738 0.0213955 0.0102223 0.00600262
 0 0 0 0 0.00359764 0.0251062 0.0480494 0.140153 0.205849 0.193036 0.1447 0.116669 0.0760912 0.0342217 0.00950174 0.001854 0.000860785 0 0 0 0.000165536 0 0.000143464 0 0 0
 0 0 0 0 0 0 0 0.000145254 0.000435761 0.0275982 0.070085 0.0708112 0.156366 0.174668 0.174014 0.160142 0.0824315 0.0480064 0.0283245 0.00493863 0.00203355 0 0 0 0 0
 0 0 0 0 0 0 0 0 0 0 0 0 0 0 0 0 0 0 0 0 0 0 0 0 0 0
 0 0 1.00437e-05 0.000401748 0.00122533 0.00171747 0.00176769 0.0269171 0.070346 0.194647 0.189555 0.159765 0.064822 0.0314167 0.0384472 0.0292271 0.0345202 0.0313363 0.0194345 0.0106764 0.0143323 0.0359363 0.0279516 0.0138201 0.00172751 0
 0 0.0021121 0.0136068 0.0755702 0.200478 0.177729 0.0527432 0.0373336 0.0318909 0.0142505 0.0149659 0.0166563 0.0217959 0.0798694 0.0677717 0.0528807 0.04013 0.0224614 0.0357745 0.0225083 0.00881397 0.00855152 0.00135912 0.000746735 0 0
 0 0 0 0 5.4009e-05 0.00500934 0.000945158 0.0243581 0.138947 0.33067 0.221406 0.137944 0.0707744 0.0437923 0.0131692 0.00525238 0.0047753 0.00276346 9.45158e-05 9.00151e-06 2.25038e-05 9.00151e-06 4.50075e-06 0 0 0
 0.000866109 0.00284123 0.00948549 0.0512746 0.133035 0.25785 0.225252 0.132002 0.0553304 0.0519788 0.0540692 0.017754 0.00435017 0.00159236 0.00146478 0.000404838 0.000125132 0.000115318 0.000107957 0.000100596 0 0 0 0 0 0
 0 0 0 0 0.00144013 0.00171154 0.00461396 0.0210425 0.0478622 0.0707936 0.0888783 0.103762 0.0637923 0.0337046 0.0602308 0.124433 0.169614 0.0934646 0.0462172 0.0250306 0.0313229 0.00938855 0.002487 0.000210481 0 0
 0 0.00764035 0.051015 0.0998891 0.058973 0.0496711 0.0374665 0.0718981 0.12319 0.153886 0.159021 0.0857701 0.0377988 0.023471 0.0147837 0.00900784 0.00315554 0.000888139 0.00291439 0.00214683 0.00393193 0.00274676 0.000635225 9.99891e-05 0 0
 0 0 0 0 0 0 0 0 0 0 0 0 0 0 0 0 0 0 0 0 0 0 0 0 0 0
 0 0 0 0 0 0 0 0 0 0 0 0 0 0 0 0 0 0 0 0 0 0 0 0 0 0
 0 0 0 0 0 0 0 0 0 0 0 0 0 0 0 0 0 0 0 0 0 0 0 0 0 0
 0 0 0 0 0 0 0 0 0 0 0 0 0 0 0 0 0 0 0 0 0 0 0 0 0 0
ppred_pel_tallas
 1.12538e-16 4.16371e-05 0.000404727 0.00268955 0.0122263 0.0380407 0.0810502 0.118298 0.118309 0.0811071 0.0382335 0.0127901 0.00413021 0.00363419 0.00642201 0.0111937 0.0176136 0.0252493 0.0335699 0.042144 0.0505635 0.0580821 0.0633905 0.0649475 0.0617688 0.0541002
 1.22337e-16 3.95281e-05 0.000384227 0.00255333 0.0116071 0.036114 0.0769457 0.11231 0.112335 0.0770702 0.0365325 0.0128174 0.00559719 0.00704927 0.0127605 0.0212084 0.0309886 0.0399731 0.0461044 0.0486516 0.0487183 0.0484491 0.049515 0.0520439 0.0546839 0.0555479
 1.18173e-16 5.04768e-05 0.000490653 0.00326056 0.014822 0.046117 0.0982578 0.143414 0.143432 0.0983463 0.0464146 0.0156834 0.00542958 0.00524911 0.00915781 0.0152474 0.0224106 0.0291593 0.0340357 0.0364522 0.0370419 0.0371414 0.0378152 0.0391949 0.0405445 0.0408318
 1.0699e-16 6.46009e-05 0.000627944 0.00417291 0.0189695 0.0590211 0.125751 0.18354 0.183553 0.125814 0.0592315 0.0195777 0.00570204 0.00397366 0.00644167 0.010609 0.0154265 0.019728 0.0223832 0.0229091 0.0217587 0.0199843 0.0185426 0.0177861 0.0174473 0.0169846
 1.04565e-16 5.77117e-05 0.000560978 0.0037279 0.0169465 0.052727 0.112341 0.16397 0.163993 0.112452 0.0530992 0.0180217 0.00642752 0.00645664 0.0112618 0.0185461 0.0267581 0.0337537 0.0373913 0.0366971 0.0324439 0.0266116 0.0211781 0.0171796 0.0145891 0.0128085
 1.03108e-16 6.53905e-05 0.000635619 0.00422391 0.0192013 0.0597424 0.127288 0.185784 0.185798 0.127356 0.059972 0.0198648 0.00589154 0.00428332 0.00701433 0.0115483 0.0167597 0.0213485 0.0240291 0.0241999 0.0222734 0.0193397 0.0164529 0.014113 0.0122517 0.0105634
 1.05312e-16 4.40333e-05 0.000428019 0.00284434 0.01293 0.0402301 0.0857159 0.125112 0.125148 0.0858902 0.0408156 0.0146214 0.00709134 0.00970376 0.0176738 0.0291842 0.0421212 0.0531492 0.0588933 0.0577988 0.0510398 0.0416795 0.0327862 0.0259835 0.0212785 0.017837
 1.10977e-16 4.16704e-05 0.000405052 0.00269171 0.0122361 0.0380713 0.0811159 0.118396 0.118422 0.0812423 0.0384962 0.0134664 0.00579116 0.00720874 0.0130735 0.0218359 0.0321271 0.041817 0.0487248 0.0518012 0.0516271 0.0497495 0.0474475 0.0449847 0.041826 0.0374002
 1.13694e-16 4.91054e-05 0.000477322 0.00317197 0.0144193 0.044864 0.0955883 0.139518 0.139538 0.0956854 0.0451905 0.0153643 0.00555147 0.00569707 0.0100378 0.016718 0.0245599 0.0319229 0.0371821 0.0396469 0.0399403 0.0394356 0.0392102 0.0393684 0.0391704 0.0376928
 1.0799e-16 6.19671e-05 0.000602343 0.00400278 0.0181961 0.0566148 0.120624 0.176058 0.176072 0.120694 0.0568502 0.0188768 0.00571454 0.00434912 0.00720776 0.0118983 0.0173282 0.0222133 0.0253008 0.0260526 0.0249627 0.0231772 0.0217237 0.0209558 0.0205517 0.019911
 1.0268e-16 6.99052e-05 0.000679503 0.00451554 0.020527 0.0638671 0.136076 0.198609 0.19862 0.13613 0.0640478 0.0210491 0.00582673 0.00354395 0.00551635 0.00902605 0.0130368 0.016484 0.0183359 0.0181265 0.0162292 0.0135913 0.0111469 0.00936732 0.00821014 0.00736735
 1.01825e-16 6.41641e-05 0.000623698 0.00414469 0.0188412 0.058622 0.124901 0.182301 0.182319 0.124989 0.0589187 0.019698 0.00629539 0.00531832 0.00897903 0.0147397 0.0212202 0.0266705 0.0293517 0.0284609 0.0246044 0.0193803 0.0144197 0.0106329 0.00809419 0.00641069
 1.02557e-16 6.00959e-05 0.000584154 0.00388191 0.0176466 0.0549052 0.116982 0.170743 0.170764 0.117082 0.0552397 0.0186131 0.00630956 0.0058887 0.0101489 0.0167206 0.0241677 0.030571 0.0340064 0.0335718 0.0298956 0.0246626 0.0195594 0.0154793 0.0124486 0.0100684
 1.04052e-16 5.62031e-05 0.000546314 0.00363045 0.0165035 0.0513487 0.109405 0.159684 0.159706 0.109514 0.0517173 0.0175688 0.00630726 0.0063987 0.0111971 0.0184905 0.0267907 0.0340251 0.0381096 0.0380705 0.0345884 0.0294623 0.0244535 0.0204317 0.0173301 0.0146638
 1.03676e-16 6.40722e-05 0.000622804 0.00413875 0.0188142 0.058538 0.124722 0.182038 0.182053 0.124794 0.0587799 0.0195136 0.0058967 0.0044685 0.0073916 0.0121811 0.0176885 0.0225547 0.0254342 0.0257033 0.0238034 0.020881 0.0180309 0.0157499 0.0139281 0.0122097
 1.00661e-16 7.81144e-05 0.000759299 0.00504581 0.0229375 0.0713672 0.152055 0.22193 0.221934 0.152074 0.0714309 0.0231218 0.00550843 0.00176984 0.00199923 0.00318657 0.00459483 0.00580369 0.00644285 0.00634386 0.0056344 0.00464596 0.00370879 0.00299484 0.00250033 0.00213146
 1.01575e-16 3.55677e-05 0.000345731 0.00229751 0.0104442 0.0324959 0.0692379 0.101066 0.101118 0.0694913 0.0333465 0.0128999 0.00845743 0.0137786 0.025505 0.0419981 0.060237 0.0752029 0.0818051 0.0776965 0.0647011 0.0476455 0.0315685 0.0194515 0.01176 0.00741503
 1.01592e-16 7.54652e-05 0.000733549 0.00487469 0.0221596 0.0689469 0.146899 0.214404 0.214407 0.146916 0.0690056 0.02233 0.00530524 0.00168323 0.00190764 0.00310852 0.0046428 0.00619525 0.00748616 0.00836473 0.00885507 0.00906405 0.00903953 0.00871774 0.00800073 0.00687764
 1.02177e-16 5.33732e-05 0.000518807 0.00344765 0.0156726 0.0487633 0.103897 0.151646 0.151678 0.104048 0.0492725 0.0171427 0.00713559 0.00856189 0.0153062 0.0251614 0.0361061 0.0451261 0.0491949 0.0469345 0.0394595 0.0296634 0.0205343 0.0137906 0.00961614 0.00726975
 1.04676e-16 5.38421e-05 0.000523365 0.00347794 0.0158102 0.0491917 0.104809 0.152976 0.152998 0.104915 0.0495501 0.016847 0.00608622 0.00623647 0.0109602 0.01818 0.0265213 0.0340503 0.0388015 0.0398189 0.0376414 0.0337814 0.0296644 0.0259118 0.0223992 0.0187944
 1.04262e-16 6.43032e-05 0.00062505 0.00415368 0.018882 0.0587491 0.125172 0.182695 0.182709 0.12524 0.0589774 0.0195423 0.00581358 0.00425724 0.00698808 0.0115187 0.0167475 0.0214029 0.0242331 0.0246682 0.0231352 0.0207088 0.0183891 0.0165868 0.0151276 0.0136151
 1.02957e-16 6.45914e-05 0.000627851 0.00417229 0.0189666 0.0590124 0.125733 0.183514 0.18353 0.125812 0.0592794 0.0197381 0.00610951 0.00485914 0.0081075 0.0133196 0.0192255 0.0242725 0.0269247 0.0264802 0.0234815 0.0193292 0.0154195 0.0124802 0.0104924 0.0090482
 1.06871e-16 3.02507e-05 0.000294048 0.00195405 0.00888287 0.0276382 0.0588878 0.0859585 0.0860065 0.0591221 0.0284252 0.0111567 0.00766451 0.0127692 0.02375 0.0392865 0.056756 0.0717175 0.0796462 0.0784365 0.0696154 0.0572197 0.0452919 0.0359715 0.0292931 0.0242258
 1.06552e-16 6.44139e-05 0.000626126 0.00416083 0.0189145 0.0588501 0.125387 0.183007 0.183015 0.125425 0.0589804 0.0192927 0.00511776 0.00274062 0.00415516 0.00696365 0.0104849 0.0141496 0.0174023 0.0199625 0.0219076 0.0234419 0.0245667 0.0249708 0.0242384 0.0221746
 1.05883e-16 5.59149e-05 0.000543513 0.00361184 0.0164189 0.0510854 0.108844 0.158866 0.15889 0.108962 0.0514828 0.0175667 0.00649284 0.00683285 0.0120014 0.0197567 0.0284712 0.0358527 0.0396226 0.0387757 0.0342017 0.0280927 0.0226147 0.0188636 0.0167157 0.0153789
 1.09046e-16 3.96149e-05 0.000385071 0.00255893 0.0116326 0.0361934 0.0771151 0.112559 0.112593 0.077282 0.0367539 0.0132532 0.00663307 0.00929959 0.0170305 0.0282508 0.0410635 0.0524163 0.0592015 0.0599629 0.0556936 0.0490123 0.0424278 0.0370935 0.0327926 0.0287562
 1.07793e-16 6.05586e-05 0.000588651 0.0039118 0.0177825 0.0553279 0.117882 0.172055 0.172068 0.117943 0.0555323 0.0183744 0.0054041 0.00386754 0.00635033 0.0105674 0.0156062 0.0204499 0.0240975 0.026091 0.0267329 0.0267417 0.0266438 0.0264188 0.0256351 0.0238668
 1.05478e-16 6.04711e-05 0.000587801 0.00390614 0.0177568 0.055248 0.117712 0.171809 0.171828 0.117805 0.0555578 0.0186518 0.00615378 0.00549788 0.00939625 0.0154676 0.0223488 0.0282687 0.0314754 0.0311928 0.0280878 0.0238052 0.0199456 0.0172806 0.0156668 0.0144907
pSPR Fmed_Fpbrs
0.625219   0.196886 0.196886
Fs Fmed_Fpbrs
0.243727   1.005 1.005
SSBpbr Bo_Bmed_Bpbrs
1.88575e+06  1.08472e+06  276991 276991
Ro
179051
SPR SPRFo_SPRFmed_SPRFpbrs
1.26959e+06 793771 249965
Fref
1.005
Nvult_r0
 219462 60106 10385.5 7595.18 3580.42
CTP_r0
 25840.1 8042.17 1389.58 1016.23 479.06
YTP_r0
372974
Np
 325057 104189 27668.9 4780.81 4598.45
Nvult_p0
 274872 90159.1 23943 4137.03 3979.22
CTP_p0
 127748 45192 12001.3 2073.67 1994.57
YTP_p0
 2.09874e+06
CBA_c0
890704
log_Ro
11.9154
likeval ReclasPelacesDesembMPH_pf_preclas_ppelaces_ptallas_desvR_qrecl_qpela
 12.9043 17.1653 0.0594034 0.00276096 208.806 94.7563 73.7288 0 22.2894 6.28203e-07 0 0.304557 0 0 0
q_reclas_q_pelaces
0.893764 1
M
1
N
 195155 45045.4 140288 8524.52 0.289809
 113168 63853.4 14469.1 45061.9 2738.26
 107611 33627.9 18346.8 4157.36 13734.3
 182743 32141.8 9720.06 5303.09 5171.53
 144933 49327.9 8263.3 2498.92 2692.91
 256693 47971.1 16057.5 2689.92 1690.08
 105414 77356.6 14009.6 4689.48 1279.14
 46639 24721.3 16900.1 3060.67 1303.96
 44820.3 15953.8 8360.15 5715.19 1476.01
 60100.7 12422.2 4228.89 2216.03 1906.18
 112058 15238.2 2970.32 1011.19 985.677
 149416 37819.8 5073.6 988.975 664.861
 124075 37610.1 8967.73 1203.04 392.153
 86935 31981.1 9166.21 2185.58 388.775
 85831.7 17712.9 5937.31 1701.71 477.931
 477705 21137.9 4095.1 1372.66 503.918
 99965.5 128282 5401.88 1046.52 479.568
 731806 29789.3 36980.3 1557.22 439.932
 423329 219203 8638.94 10724.3 579.177
 323778 115470 57040.7 2248.01 2941.38
 480927 90943.7 31084.6 15355.4 1396.99
 647713 144130 26389.5 9019.96 4861.12
 133215 183946 39297.6 7195.2 3784.73
 401724 41949.9 56524.6 12075.7 3374.02
 343709 129521 13247.2 17849.7 4878.81
 148539 110522 40775.2 4170.42 7155.27
 276845 48968 35811.4 13212 3669.76
 323651 87774.8 15166.3 11091.5 5228.61
pred_Ctot
 13774.6 3652.39 11374.9 691.189 0.0234984
 13995.2 9017.71 2043.4 6363.88 386.712
 13013.3 4645.43 2534.46 574.305 1897.28
 31540 6299.25 1904.97 1039.32 1013.53
 9267.11 3625.86 607.396 183.684 197.943
 29821.6 6369.74 2132.17 357.176 224.414
 25051.1 20711.4 3750.92 1255.56 342.478
 2080.67 1270.5 868.542 157.296 67.0143
 7149.77 2894.32 1516.69 1036.84 267.776
 12169 2845.93 968.842 507.694 436.706
 5890.65 921.998 179.721 61.1825 59.639
 30755.4 8804.79 1181.18 230.242 154.786
 24165.2 8295.91 1978.07 265.362 86.4998
 25709.9 10577.4 3031.61 722.855 128.582
 18527.5 4319.23 1447.79 414.956 116.542
 83654.8 4202.06 814.076 272.876 100.175
 12211.7 17898.7 753.706 146.017 66.9126
 87388 4064.28 5045.38 212.458 60.0218
 70887.5 41706.2 1643.67 2040.44 110.196
 49474.1 20081.8 9920.17 390.96 511.546
 57297.1 12379.6 4231.36 2090.24 190.163
 95349.4 24164.4 4424.38 1512.26 814.999
 12280.9 19433.9 4151.81 760.176 399.858
 31724.4 3802.1 5123.06 1094.47 305.801
 27660.1 11960.7 1223.32 1648.34 450.538
 9841.53 8415.95 3104.92 317.566 544.854
 24472.5 4962.84 3629.44 1339.02 371.925
 25840.1 8042.17 1389.58 1016.23 479.06
F
 0.117204 0.135656 0.135656 0.135656 0.135656
 0.21352 0.247136 0.247136 0.247136 0.247136
 0.208362 0.241165 0.241165 0.241165 0.241165
 0.309593 0.358334 0.358334 0.358334 0.358334
 0.105674 0.122311 0.122311 0.122311 0.122311
 0.199456 0.230857 0.230857 0.230857 0.230857
 0.450225 0.521107 0.521107 0.521107 0.521107
 0.072739 0.0841908 0.0841908 0.0841908 0.0841908
 0.283178 0.32776 0.32776 0.32776 0.32776
 0.372215 0.430814 0.430814 0.430814 0.430814
 0.0861863 0.0997551 0.0997551 0.0997551 0.0997551
 0.37946 0.439201 0.439201 0.439201 0.439201
 0.355742 0.411749 0.411749 0.411749 0.411749
 0.590866 0.68389 0.68389 0.68389 0.68389
 0.401321 0.464503 0.464503 0.464503 0.464503
 0.314766 0.364321 0.364321 0.364321 0.364321
 0.210675 0.243843 0.243843 0.243843 0.243843
 0.205515 0.237871 0.237871 0.237871 0.237871
 0.299139 0.346234 0.346234 0.346234 0.346234
 0.269819 0.312298 0.312298 0.312298 0.312298
 0.204999 0.237273 0.237273 0.237273 0.237273
 0.258808 0.299553 0.299553 0.299553 0.299553
 0.155486 0.179965 0.179965 0.179965 0.179965
 0.131922 0.152691 0.152691 0.152691 0.152691
 0.134581 0.155769 0.155769 0.155769 0.155769
 0.10968 0.126948 0.126948 0.126948 0.126948
 0.148681 0.172089 0.172089 0.172089 0.172089
 0.133457 0.154467 0.154467 0.154467 0.154467
YTP_r0W_actual
 214473 96506 23067 24796.1 14132.3
YTP_p0W_proyectada
 960665 728495 280591 61173.3 67815.5
CTP_r0_actual
 25840.1 8042.17 1389.58 1016.23 479.06
CTP_p0_proyectada
 127748 45192 12001.3 2073.67 1994.57
Wmedp
 7.52 16.12 23.38 29.5 34
Frms_r0
 0.133457 0.154467 0.154467 0.154467 0.154467
Zrms_r0
 1.13346 1.15447 1.15447 1.15447 1.15447
nmprior
 8.19 8.8 8.5 0
nm_flota  nm_reclas  nm_pelaces    nm_pelaL
inf 10.0621 16.4723 16.4723
cv_recla  cv_pelaces  cv_mph
0.349645 0.529987 1.62157
 ------------------------------------------------
Talla a la edad & desviaci?n 
 8 13.2811 15.8009 17.003 17.5766
 0.8 1.32811 1.58009 1.7003 1.75766
