years
 1991 1992 1993 1994 1995 1996 1997 1998 1999 2000 2001 2002 2003 2004 2005 2006 2007 2008 2009 2010 2011 2012 2013 2014 2015 2016 2017 2018 2019 2020
reclasobs
 0 0 0 0 0 0 0 0 0 252601 567819 844713 477998 351125 339783 2.1784e+06 2.13404e+06 4.81314e+06 1.55562e+06 2.62356e+06 3.21686e+06 3.843e+06 1.13348e+06 3.07943e+06 1.97215e+06 2.03268e+06 2.025e+06 2.42433e+06 2.27542e+06 1.05018e+06
reclaspred
 3.13933e+06 1.7171e+06 869679 888978 899079 1.56163e+06 882276 758169 538766 368260 498743 678868 666706 492170 482377 1.34215e+06 1.20062e+06 3.0775e+06 2.45344e+06 1.76719e+06 3.08067e+06 2.51315e+06 1.90561e+06 3.03788e+06 2.24588e+06 1.97437e+06 2.39464e+06 2.58149e+06 2.02395e+06 1.21347e+06
pelacesobs
 0 0 0 0 0 0 0 0 0 0 0 0 0 0 0 552880 188675 0 991730 2.46772e+06 1.41603e+06 1.21717e+06 2.29649e+06 1.80582e+06 0 1.4828e+06 1.56532e+06 1.57751e+06 1.42118e+06 867257
pelacespred
 1.84851e+06 1.10432e+06 544575 440068 488014 858900 440951 496021 324151 202043 289982 328652 358706 267265 269106 626026 598857 1.72095e+06 1.43007e+06 949237 1.62927e+06 1.40363e+06 1.11552e+06 1.90161e+06 1.38345e+06 1.22359e+06 1.64561e+06 1.74539e+06 1.18985e+06 797634
mphobs
 0 0 0 0 0 0 0 0 0 0 0 498337 0 5186 125008 0 168611 109162 213762 579715 649985 157893 87575 83554 0 0 0 0 0 0
mphpred
 485021 324903 156260 86639.8 94485.5 113113 156330 84392.8 75910 47930.8 29810.5 60993 65671.8 53716.7 32711 41521.5 152310 135280 310351 218837 228052 281921 268748 213542 310819 254105 206751 225078 321265 205873
desembarqueobs
 494567 514787 250237 358949 120608 361735 552515 73892 212993 205616 52469 317467 293654 387597 252695 516296 358380 742168 942051 627588 828172 859565 418607 520667 417249 300574 415391 372974 316634 284311
desembarquepred
 494571 513828 250680 358986 120614 361743 552537 73897.4 213053 205670 52471.9 317528 293689 387576 252670 516226 358409 742016 941750 627368 828254 859545 418609 520692 417237 300571 415384 372944 316617 284319
Reclutas
 170848 94320.3 94775.7 143696 116219 214429 83833.2 35458.2 35013.1 47414.7 88633.3 128045 106878 74604 68702.2 370234 74275.2 598083 335145 261910 367449 503915 98252.3 293142 246940 109142 247459 276447 76190.5 58540.1
log_desv_Rt
 0.226575 -0.3675 -0.362685 0.0535057 -0.158721 0.453779 -0.485368 -1.34584 -1.35847 -1.05527 -0.429689 -0.0618183 -0.242511 -0.602004 -0.684416 0.999939 -0.60642 1.47953 0.900366 0.653802 0.992388 1.30821 -0.326659 0.766459 0.594947 -0.22155 0.597048 0.707821 -0.58096 -0.844485
SSB
 2.04171e+06 1.36769e+06 657779 364712 397739 476153 658076 355253 319545 201766 125488 256751 276447 226122 137698 174786 641154 569463 1.30643e+06 921200 959989 1.18675e+06 1.1313e+06 898910 1.3084e+06 1.06966e+06 870325 947471 1.35237e+06 866628
BT
 2.88575e+06 1.97815e+06 970594 913639 771397 1.53328e+06 1.09222e+06 755689 660537 480034 461360 731275 774488 784499 643086 1.33652e+06 1.10542e+06 3.16146e+06 2.90587e+06 1.87607e+06 2.99815e+06 2.76355e+06 1.89108e+06 3.20954e+06 2.29015e+06 1.95193e+06 2.77138e+06 2.86475e+06 1.86673e+06 1.35455e+06
Ftot
 0.205434 0.378696 0.371759 0.565372 0.188538 0.34156 0.786595 0.135177 0.538543 0.751583 0.16464 0.661323 0.618609 1.07599 0.781214 0.61122 0.398117 0.375913 0.528378 0.494085 0.386948 0.486569 0.291098 0.257372 0.256301 0.207127 0.257466 0.218099 0.201229 0.305684
BD_Bspro_t
 0.967787 0.779779 0.574456 0.474887 0.467887 0.562384 0.564624 0.370894 0.427256 0.36623 0.324198 0.580979 0.460416 0.365593 0.251315 0.300814 0.493928 0.45203 0.587231 0.471247 0.435466 0.485014 0.501966 0.484284 0.608491 0.616995 0.622693 0.668253 0.724436 0.634879
BD_Bspro
 2.10573 1.41057 0.678405 0.376149 0.410211 0.491084 0.678712 0.366393 0.329565 0.208093 0.129423 0.264803 0.285115 0.233212 0.142016 0.180267 0.661259 0.58732 1.3474 0.950087 0.990092 1.22397 1.16678 0.927097 1.34943 1.1032 0.897616 0.977181 1.39478 0.893803
BD_Bo
 1.34075 0.898133 0.43195 0.2395 0.261188 0.31268 0.432146 0.233288 0.209839 0.132496 0.0824055 0.168604 0.181537 0.14849 0.0904236 0.114778 0.421033 0.373956 0.857907 0.604934 0.630407 0.779317 0.742905 0.590297 0.859202 0.702426 0.571526 0.622186 0.888077 0.569098
BD_Brms
 2.43773 1.63297 0.785365 0.435454 0.474887 0.56851 0.78572 0.42416 0.381525 0.240901 0.149828 0.306552 0.330068 0.269982 0.164407 0.208688 0.765515 0.679919 1.55983 1.09988 1.14619 1.41694 1.35074 1.07327 1.56219 1.27714 1.03914 1.13125 1.61468 1.03472
Sel_flota
 0.706158 0.978569 0.998849 0.999939 0.999997
 0.706158 0.978569 0.998849 0.999939 0.999997
 0.706158 0.978569 0.998849 0.999939 0.999997
 0.706158 0.978569 0.998849 0.999939 0.999997
 0.706158 0.978569 0.998849 0.999939 0.999997
 0.706158 0.978569 0.998849 0.999939 0.999997
 0.706158 0.978569 0.998849 0.999939 0.999997
 0.706158 0.978569 0.998849 0.999939 0.999997
 0.706158 0.978569 0.998849 0.999939 0.999997
 0.706158 0.978569 0.998849 0.999939 0.999997
 0.706158 0.978569 0.998849 0.999939 0.999997
 0.706158 0.978569 0.998849 0.999939 0.999997
 0.706158 0.978569 0.998849 0.999939 0.999997
 0.706158 0.978569 0.998849 0.999939 0.999997
 0.706158 0.978569 0.998849 0.999939 0.999997
 0.706158 0.978569 0.998849 0.999939 0.999997
 0.706158 0.978569 0.998849 0.999939 0.999997
 0.706158 0.978569 0.998849 0.999939 0.999997
 0.706158 0.978569 0.998849 0.999939 0.999997
 0.706158 0.978569 0.998849 0.999939 0.999997
 0.706158 0.978569 0.998849 0.999939 0.999997
 0.706158 0.978569 0.998849 0.999939 0.999997
 0.706158 0.978569 0.998849 0.999939 0.999997
 0.706158 0.978569 0.998849 0.999939 0.999997
 0.706158 0.978569 0.998849 0.999939 0.999997
 0.706158 0.978569 0.998849 0.999939 0.999997
 0.706158 0.978569 0.998849 0.999939 0.999997
 0.706158 0.978569 0.998849 0.999939 0.999997
 0.706158 0.978569 0.998849 0.999939 0.999997
 0.706158 0.978569 0.998849 0.999939 0.999997
Sel_reclas
 1 1 1 1 1
 1 1 1 1 1
 1 1 1 1 1
 1 1 1 1 1
 1 1 1 1 1
 1 1 1 1 1
 1 1 1 1 1
 1 1 1 1 1
 1 1 1 1 1
 1 1 1 1 1
 1 1 1 1 1
 1 1 1 1 1
 1 1 1 1 1
 1 1 1 1 1
 1 1 1 1 1
 1 1 1 1 1
 1 1 1 1 1
 1 1 1 1 1
 1 1 1 1 1
 1 1 1 1 1
 1 1 1 1 1
 1 1 1 1 1
 1 1 1 1 1
 1 1 1 1 1
 1 1 1 1 1
 1 1 1 1 1
 1 1 1 1 1
 1 1 1 1 1
 1 1 1 1 1
 1 1 1 1 1
Sel_pelaces
 0.868646 0.970829 0.994065 0.998815 0.999764
 0.868646 0.970829 0.994065 0.998815 0.999764
 0.868646 0.970829 0.994065 0.998815 0.999764
 0.868646 0.970829 0.994065 0.998815 0.999764
 0.868646 0.970829 0.994065 0.998815 0.999764
 0.868646 0.970829 0.994065 0.998815 0.999764
 0.868646 0.970829 0.994065 0.998815 0.999764
 0.868646 0.970829 0.994065 0.998815 0.999764
 0.868646 0.970829 0.994065 0.998815 0.999764
 0.868646 0.970829 0.994065 0.998815 0.999764
 0.868646 0.970829 0.994065 0.998815 0.999764
 0.868646 0.970829 0.994065 0.998815 0.999764
 0.868646 0.970829 0.994065 0.998815 0.999764
 0.868646 0.970829 0.994065 0.998815 0.999764
 0.868646 0.970829 0.994065 0.998815 0.999764
 0.868646 0.970829 0.994065 0.998815 0.999764
 0.868646 0.970829 0.994065 0.998815 0.999764
 0.868646 0.970829 0.994065 0.998815 0.999764
 0.868646 0.970829 0.994065 0.998815 0.999764
 0.868646 0.970829 0.994065 0.998815 0.999764
 0.868646 0.970829 0.994065 0.998815 0.999764
 0.868646 0.970829 0.994065 0.998815 0.999764
 0.868646 0.970829 0.994065 0.998815 0.999764
 0.868646 0.970829 0.994065 0.998815 0.999764
 0.868646 0.970829 0.994065 0.998815 0.999764
 0.868646 0.970829 0.994065 0.998815 0.999764
 0.868646 0.970829 0.994065 0.998815 0.999764
 0.868646 0.970829 0.994065 0.998815 0.999764
 0.868646 0.970829 0.994065 0.998815 0.999764
 0.868646 0.970829 0.994065 0.998815 0.999764
pf_obs 
 0.8446 0.082 0.0669 0.0065 0
 0.8095 0.147 0.0364 0.0071 0
 0.9664 0.0169 0.016 0.0007 0
 0.9276 0.0648 0.0075 0.0001 0
 0.7033 0.2144 0.0806 0.0017 0
 0.9318 0.0425 0.0243 0.0014 0
 0.5671 0.3108 0.0964 0.0239 0.0018
 0.0768 0.2599 0.5324 0.112 0.0189
 0.490249 0.384438 0.106611 0.0170017 0.00170017
 0.7925 0.1577 0.0466 0.003 0.0002
 0.840416 0.127587 0.0312969 0.00059994 9.999e-05
 0.8084 0.0986 0.0794 0.0134 0.0002
 0.7335 0.1905 0.0724 0.0035 0.0001
 0.4001 0.4547 0.1325 0.0127 0
 0.49795 0.308269 0.164784 0.0264974 0.00249975
 0.9179 0.0499 0.0305 0.0017 0
 0.2467 0.6533 0.0926 0.0074 0
 0.9418 0.0223 0.034 0.0019 0
 0.707729 0.231977 0.0356964 0.0245975 0
 0.517169 0.277429 0.184464 0.0207286 0.00020938
 0.811772 0.124168 0.05621 0.00726502 0.000585176
 0.764997 0.148141 0.077277 0.00933861 0.000247198
 0.163321 0.427699 0.378323 0.0303852 0.000271297
 0.753843 0.0900009 0.118128 0.0371064 0.000921714
 0.721811 0.176058 0.0630433 0.0369309 0.00215725
 0.143369 0.312575 0.442814 0.0836902 0.0175525
 0.692698 0.0596174 0.167031 0.0765114 0.00414204
 0.394062 0.376323 0.152708 0.0712218 0.00568511
 0.125707 0.32114 0.495352 0.0537591 0.00404204
 0.23352 0.215282 0.420074 0.123614 0.00750983
pf_pred 
 0.48285 0.139349 0.353838 0.0239618 8.59371e-07
 0.427144 0.32761 0.0671575 0.166805 0.0112831
 0.583209 0.217609 0.115137 0.0230363 0.0610083
 0.733864 0.178958 0.0460558 0.0237842 0.017338
 0.660656 0.273593 0.0446069 0.0111777 0.00996581
 0.758682 0.176866 0.0521861 0.00832459 0.00394113
 0.464228 0.439589 0.0709475 0.0204385 0.0047976
 0.457928 0.311973 0.189803 0.0297367 0.0105604
 0.550306 0.244135 0.119379 0.0711017 0.0150783
 0.73127 0.174488 0.0517966 0.0246651 0.0177803
 0.837146 0.131852 0.0203401 0.00586405 0.0047977
 0.749504 0.220068 0.0247382 0.00373442 0.00195517
 0.695584 0.249889 0.0480667 0.0052533 0.00120637
 0.646022 0.275102 0.0650681 0.012174 0.00163361
 0.75857 0.181637 0.0468231 0.0107029 0.00226701
 0.942044 0.0481968 0.00739631 0.00185064 0.000511801
 0.377956 0.597807 0.0202496 0.00302359 0.000964331
 0.910908 0.0418181 0.0454752 0.00150307 0.00029562
 0.586812 0.3874 0.0122611 0.0130133 0.000514045
 0.61434 0.261995 0.116141 0.00358044 0.00394465
 0.741026 0.182256 0.0525482 0.0227011 0.00146879
 0.750235 0.201618 0.0341319 0.00960348 0.00441142
 0.31252 0.561477 0.10222 0.0168666 0.00691594
 0.744651 0.100723 0.126822 0.0225615 0.00524257
 0.622032 0.305212 0.0290977 0.0358161 0.00784262
 0.426964 0.401676 0.138992 0.0129543 0.0194132
 0.731083 0.138074 0.0923243 0.0312505 0.00726857
 0.68179 0.253259 0.033722 0.0220433 0.00918557
 0.326551 0.506449 0.133526 0.0173897 0.0160847
 0.422096 0.235045 0.259251 0.0668653 0.0167427
pobs_RECLAS
 0 0 0 0 0
 0 0 0 0 0
 0 0 0 0 0
 0 0 0 0 0
 0 0 0 0 0
 0 0 0 0 0
 0 0 0 0 0
 0 0 0 0 0
 0 0 0 0 0
 0 0 0 0 0
 0.991045 0.00858322 0.000360255 1.14367e-05 0
 0.934742 0.0480273 0.0164251 0.00080598 0
 0.827803 0.169806 0.00239088 0 0
 0.941827 0.0461693 0.0120037 0 0
 0.791401 0.0380133 0.147996 0.0225897 0
 0.846168 0.0940531 0.0597789 0 0
 0.134021 0.677848 0.182769 0.00536245 0
 0.80878 0.0450904 0.141981 0.00414843 0
 0.846168 0.0940531 0.0597789 0 0
 0.905697 0.0802665 0.012482 0.00150086 5.37128e-05
 0.989698 0.0102097 9.19794e-05 0 0
 0.975433 0.0193895 0.00387452 0.00125025 5.28907e-05
 0.303575 0.632131 0.0575291 0.00676475 0
 0.966965 0.00978017 0.0227588 0.000495775 0
 0.843318 0.132988 0.00938335 0.0141283 0.000182051
 0.564624 0.303363 0.111486 0.0197234 0.00080311
 0.826376 0.0876187 0.0782897 0.00655872 0.00115652
 0.89761 0.0855135 0.0140674 0.00269457 0.000114338
 0.34875 0.467042 0.161289 0.0227151 0.000203297
 0.318654 0.224769 0.449479 0.00709798 0
ppred_RECLAS
 0.569121 0.117892 0.293156 0.0198304 7.11158e-07
 0.513298 0.28098 0.0563812 0.13988 0.00946127
 0.66449 0.177 0.0916727 0.0183208 0.048517
 0.796762 0.137667 0.0346604 0.0178785 0.0130321
 0.731335 0.217495 0.0347278 0.00869254 0.00774961
 0.815647 0.135887 0.0392512 0.00625417 0.00296075
 0.553648 0.367728 0.058014 0.0166924 0.003918
 0.542338 0.265733 0.158348 0.0247813 0.00880009
 0.635407 0.199954 0.0956617 0.0569093 0.0120678
 0.796099 0.133466 0.0387332 0.0184222 0.0132791
 0.877779 0.0993509 0.0150104 0.00432271 0.00353644
 0.809599 0.167726 0.0184389 0.00278019 0.00145549
 0.764433 0.194138 0.0365256 0.00398726 0.000915576
 0.726544 0.213663 0.0493367 0.00921887 0.00123699
 0.818302 0.137472 0.0346413 0.00790882 0.00167508
 0.958458 0.0346764 0.00520514 0.00130085 0.000359733
 0.460228 0.519173 0.0172133 0.0025673 0.000818753
 0.935429 0.0306526 0.0326289 0.00107724 0.000211856
 0.667122 0.312535 0.00967815 0.01026 0.000405259
 0.692994 0.210013 0.0910979 0.00280516 0.00309033
 0.801432 0.140641 0.0396914 0.0171274 0.0011081
 0.809291 0.154596 0.02561 0.00719742 0.00330598
 0.389311 0.500698 0.0892495 0.0147098 0.00603122
 0.804756 0.0780075 0.0961752 0.0170903 0.00397101
 0.697513 0.245275 0.0228966 0.0281517 0.00616399
 0.510917 0.344986 0.116904 0.0108835 0.016309
 0.793091 0.107341 0.0702795 0.023762 0.0055265
 0.749949 0.19988 0.0260627 0.0170176 0.00709091
 0.404404 0.450237 0.116249 0.0151228 0.0139872
 0.508311 0.202529 0.218708 0.0563449 0.0141076
pobs_PELACES
 0 0 0 0 0
 0 0 0 0 0
 0 0 0 0 0
 0 0 0 0 0
 0 0 0 0 0
 0 0 0 0 0
 0 0 0 0 0
 0 0 0 0 0
 0 0 0 0 0
 0 0 0 0 0
 0 0 0 0 0
 0 0 0 0 0
 0 0 0 0 0
 0 0 0 0 0
 0 0 0 0 0
 0 0 0 0 0
 0.505614 0.472636 0.0217494 0 0
 0 0 0 0 0
 0.443492 0.261883 0.143347 0.151278 0
 0.227955 0.32914 0.350689 0.0885471 0.00366901
 0.970185 0.0296113 0.000203453 0 0
 0.997202 0.00247181 0.000326279 0 0
 0.445219 0.490057 0.0546422 0.010081 0
 0.90214 0.0892962 0.00764917 0.000914606 0
 0 0 0 0 0
 0.581667 0.319106 0.0959925 0.00289975 0.000334073
 0.762889 0.0836404 0.116647 0.0363945 0.000428098
 0.88444 0.0763242 0.0277011 0.0115352 0
 0.521256 0.241999 0.230069 0.00667565 0
 0.616807 0.101726 0.260614 0.0208532 0
ppred_PELACES
 0.542167 0.123223 0.313315 0.0212937 7.6436e-07
 0.491399 0.290573 0.0595505 0.148429 0.010049
 0.644384 0.18553 0.0981463 0.0197056 0.0522336
 0.785594 0.144187 0.0370305 0.0191883 0.014
 0.711466 0.232502 0.0379645 0.00954747 0.00851987
 0.802296 0.144869 0.0427494 0.00684326 0.00324268
 0.542754 0.375393 0.0603223 0.0174346 0.00409603
 0.515176 0.278711 0.169903 0.0267153 0.00949587
 0.618379 0.207208 0.10114 0.0604439 0.0128294
 0.787713 0.137953 0.0407877 0.0194868 0.0140597
 0.866523 0.108004 0.0166899 0.00482904 0.00395442
 0.801107 0.174784 0.0195878 0.00296683 0.00155466
 0.753613 0.202334 0.0388176 0.00425676 0.000978379
 0.722897 0.215693 0.0506316 0.00950235 0.00127621
 0.811401 0.142016 0.0364517 0.00835956 0.0017722
 0.956014 0.03659 0.00560087 0.00140613 0.000389212
 0.441348 0.536881 0.0181779 0.00272374 0.000869462
 0.929862 0.032923 0.0357942 0.00118723 0.000233708
 0.652509 0.3258 0.0102939 0.0109628 0.000433428
 0.677167 0.219393 0.0971228 0.00300444 0.00331298
 0.787883 0.149245 0.0430162 0.0186482 0.00120763
 0.797988 0.163077 0.0275717 0.00778439 0.00357895
 0.368334 0.515771 0.0939533 0.0155574 0.00638479
 0.788258 0.0834434 0.105158 0.0187741 0.00436638
 0.677556 0.260219 0.0248305 0.0306724 0.00672227
 0.486047 0.360033 0.12475 0.0116686 0.017502
 0.776309 0.114742 0.0767913 0.0260853 0.00607258
 0.731403 0.213638 0.0284818 0.0186845 0.00779286
 0.380831 0.465374 0.122868 0.0160591 0.0148671
 0.484017 0.209693 0.23139 0.0598904 0.0150095
pobs_pel_tallas
 0 0 0 0 0 0 0 0 0 0 0 0 0 0 0 0 0 0 0 0 0 0 0 0 0 0
 0 0 0 0 0 0 0 0 0 0 0 0 0 0 0 0 0 0 0 0 0 0 0 0 0 0
 0 0 0 0 0 0 0 0 0 0 0 0 0 0 0 0 0 0 0 0 0 0 0 0 0 0
 0 0 0 0 0 0 0 0 0 0 0 0 0 0 0 0 0 0 0 0 0 0 0 0 0 0
 0 0 0 0 0 0 0 0 0 0 0 0 0 0 0 0 0 0 0 0 0 0 0 0 0 0
 0 0 0 0 0 0 0 0 0 0 0 0 0 0 0 0 0 0 0 0 0 0 0 0 0 0
 0 0 0 0 0 0 0 0 0 0 0 0 0 0 0 0 0 0 0 0 0 0 0 0 0 0
 0 0 0 0 0 0 0 0 0 0 0 0 0 0 0 0 0 0 0 0 0 0 0 0 0 0
 0 0 0 0 0 0 0 0 0 0 0 0 0 0 0 0 0 0 0 0 0 0 0 0 0 0
 0 0 0 0 0 0 0 0 0 0 0 0 0 0 0 0 0 0 0 0 0 0 0 0 0 0
 0 0 0 0 0 0 0 0 0 0 0 0 0 0 0 0 0 0 0 0 0 0 0 0 0 0
 0 0 0 0 0 0 0 0 0 0 0 0 0 0 0 0 0 0 0 0 0 0 0 0 0 0
 0.00862536 0 0 0.000197151 0.00414017 0.0128641 0.00837892 0.0270097 0.101434 0.158115 0.152841 0.127902 0.109271 0.109419 0.0830992 0.0579132 0.0238553 0.00714673 0.00463305 0.00128148 0.00103504 0.000492878 0.000147863 0.000147863 4.92878e-05 0
 0 0 0 0 0 0 0 0 0 0 0 0 0 0 0 0 0 0 0 0 0 0 0 0 0 0
 0 0 0 0 0 0 0 0.0054083 0.00873648 0.0413646 0.0450493 0.0745869 0.0622846 0.0627006 0.0613931 0.0827291 0.12552 0.122667 0.0946155 0.0697135 0.0546179 0.0294188 0.0215738 0.0213955 0.0102223 0.00600262
 0 0 0 0 0.00359764 0.0251062 0.0480494 0.140153 0.205849 0.193036 0.1447 0.116669 0.0760912 0.0342217 0.00950174 0.001854 0.000860785 0 0 0 0.000165536 0 0.000143464 0 0 0
 0 0 0 0 0 0 0 0.000145254 0.000435761 0.0275982 0.070085 0.0708112 0.156366 0.174668 0.174014 0.160142 0.0824315 0.0480064 0.0283245 0.00493863 0.00203355 0 0 0 0 0
 0 0 0 0 0 0 0 0 0 0 0 0 0 0 0 0 0 0 0 0 0 0 0 0 0 0
 0 0 1.00437e-05 0.000401748 0.00122533 0.00171747 0.00176769 0.0269171 0.070346 0.194647 0.189555 0.159765 0.064822 0.0314167 0.0384472 0.0292271 0.0345202 0.0313363 0.0194345 0.0106764 0.0143323 0.0359363 0.0279516 0.0138201 0.00172751 0
 0 0.0021121 0.0136068 0.0755702 0.200478 0.177729 0.0527432 0.0373336 0.0318909 0.0142505 0.0149659 0.0166563 0.0217959 0.0798694 0.0677717 0.0528807 0.04013 0.0224614 0.0357745 0.0225083 0.00881397 0.00855152 0.00135912 0.000746735 0 0
 0 0 0 0 5.4009e-05 0.00500934 0.000945158 0.0243581 0.138947 0.33067 0.221406 0.137944 0.0707744 0.0437923 0.0131692 0.00525238 0.0047753 0.00276346 9.45158e-05 9.00151e-06 2.25038e-05 9.00151e-06 4.50075e-06 0 0 0
 0.000866109 0.00284123 0.00948549 0.0512746 0.133035 0.25785 0.225252 0.132002 0.0553304 0.0519788 0.0540692 0.017754 0.00435017 0.00159236 0.00146478 0.000404838 0.000125132 0.000115318 0.000107957 0.000100596 0 0 0 0 0 0
 0 0 0 0 0.00144013 0.00171154 0.00461396 0.0210425 0.0478622 0.0707936 0.0888783 0.103762 0.0637923 0.0337046 0.0602308 0.124433 0.169614 0.0934646 0.0462172 0.0250306 0.0313229 0.00938855 0.002487 0.000210481 0 0
 0 0.00764035 0.051015 0.0998891 0.058973 0.0496711 0.0374665 0.0718981 0.12319 0.153886 0.159021 0.0857701 0.0377988 0.023471 0.0147837 0.00900784 0.00315554 0.000888139 0.00291439 0.00214683 0.00393193 0.00274676 0.000635225 9.99891e-05 0 0
 0 0 0 0 0 0 0 0 0 0 0 0 0 0 0 0 0 0 0 0 0 0 0 0 0 0
 0 0 0 0 0 0 0 0 0 0 0 0 0 0 0 0 0 0 0 0 0 0 0 0 0 0
 0 0 0 0 0 0 0 0 0 0 0 0 0 0 0 0 0 0 0 0 0 0 0 0 0 0
 0 0 0 0 0 0 0 0 0 0 0 0 0 0 0 0 0 0 0 0 0 0 0 0 0 0
 0 0 0 0 0 0 0 0 0 0 0 0 0 0 0 0 0 0 0 0 0 0 0 0 0 0
 0 0 0 0 0 0 0 0 0 0 0 0 0 0 0 0 0 0 0 0 0 0 0 0 0 0
ppred_pel_tallas
 1.11209e-16 4.46576e-05 0.000434088 0.00288467 0.0131133 0.0408004 0.0869299 0.126879 0.126892 0.0869905 0.0410049 0.0137099 0.00440434 0.00382485 0.00669869 0.0115614 0.0179461 0.0252591 0.0328238 0.0401683 0.0470171 0.0529241 0.0569555 0.0578813 0.0548467 0.0480054
 1.18379e-16 4.0476e-05 0.000393441 0.00261455 0.0118854 0.03698 0.0787909 0.115004 0.115032 0.0789282 0.0374412 0.0132186 0.0059658 0.00772535 0.014015 0.0232448 0.0338307 0.0433385 0.0493791 0.0510203 0.0493959 0.0468956 0.0455499 0.0458563 0.0467821 0.0466728
 1.13696e-16 5.30771e-05 0.000515928 0.00342853 0.0155856 0.0484927 0.103319 0.150801 0.150819 0.103407 0.0487887 0.0164423 0.00558522 0.00524518 0.0090977 0.0151235 0.0221797 0.0287479 0.0333266 0.0352702 0.0351523 0.0342755 0.0337291 0.0337524 0.0337973 0.0330628
 1.054e-16 6.47084e-05 0.000628988 0.00417985 0.019001 0.0591192 0.12596 0.183846 0.18386 0.126028 0.0593479 0.019662 0.00584089 0.0042609 0.00697997 0.0114842 0.0166517 0.02119 0.0238355 0.0240314 0.0222558 0.0196698 0.0173704 0.0158332 0.0148784 0.0140204
 1.03555e-16 5.86026e-05 0.000569638 0.00378545 0.0172081 0.0535409 0.114075 0.166501 0.166523 0.114185 0.0539088 0.0182708 0.00645336 0.00639543 0.0111279 0.0183177 0.0264146 0.0332887 0.0368101 0.0360021 0.0316168 0.0256087 0.0199451 0.0156815 0.0128375 0.0108734
 1.02506e-16 6.60841e-05 0.000642361 0.00426871 0.019405 0.0603761 0.128638 0.187754 0.187768 0.128707 0.060606 0.0200692 0.00593783 0.00429173 0.00701352 0.0115336 0.0167092 0.0212233 0.023773 0.0237483 0.0215693 0.0183539 0.0151998 0.0126545 0.0106864 0.00900497
 1.04279e-16 4.4706e-05 0.000434559 0.0028878 0.0131275 0.0408448 0.0870255 0.127024 0.12706 0.0872023 0.0414387 0.0148431 0.00719468 0.0098387 0.0179113 0.0295573 0.0426144 0.053674 0.0592865 0.0578573 0.0505821 0.040604 0.0311011 0.023802 0.0187877 0.0152561
 1.09261e-16 4.24344e-05 0.000412477 0.00274106 0.0124605 0.0387693 0.0826031 0.120567 0.120594 0.0827355 0.0392144 0.0137487 0.00598491 0.00752733 0.0136531 0.0227609 0.0333831 0.0432326 0.0499678 0.0524578 0.0513348 0.0483159 0.0448993 0.0415414 0.0378274 0.0332247
 1.11205e-16 5.09351e-05 0.000495107 0.00329016 0.0149566 0.0465357 0.0991499 0.144716 0.144736 0.0992482 0.0468661 0.0159128 0.00569693 0.00577148 0.0101383 0.016857 0.0247002 0.0319662 0.0369614 0.0389419 0.0385179 0.0371059 0.0358822 0.0350915 0.0341485 0.0322624
 1.05546e-16 6.48829e-05 0.000630685 0.00419113 0.0190523 0.0592787 0.1263 0.184341 0.184355 0.126365 0.0594977 0.0196854 0.00578239 0.00411146 0.00669654 0.0110244 0.0160103 0.020427 0.0230768 0.0234309 0.0219379 0.0196829 0.0176772 0.0163363 0.0154612 0.0145827
 1.01663e-16 7.13744e-05 0.000693784 0.00461044 0.0209584 0.0652094 0.138936 0.202783 0.202794 0.138987 0.0653803 0.0214519 0.00584946 0.00339918 0.0052112 0.00850709 0.0122598 0.0154435 0.0170654 0.0166725 0.0146168 0.0118112 0.00917481 0.00720125 0.00589911 0.00501323
 1.01171e-16 6.59861e-05 0.000641409 0.00426239 0.0193762 0.0602867 0.128448 0.187477 0.187494 0.12853 0.0605629 0.0201739 0.00626416 0.0050098 0.00835795 0.0137012 0.0197029 0.0247174 0.0271132 0.0261352 0.022351 0.0172656 0.0124282 0.00872257 0.00625007 0.00466321
 1.01765e-16 6.20742e-05 0.000603383 0.00400969 0.0182275 0.0567126 0.120833 0.176363 0.176383 0.120928 0.0570329 0.0191527 0.00633277 0.00567691 0.00970406 0.015961 0.0230237 0.029028 0.0321098 0.0313965 0.0275061 0.0220984 0.016858 0.0127118 0.00973369 0.00755116
 1.02686e-16 5.95441e-05 0.00057879 0.00384626 0.0174846 0.0544011 0.115908 0.169176 0.169196 0.11601 0.0547428 0.018472 0.00632649 0.0059982 0.0103667 0.0170824 0.0246911 0.0312342 0.0347485 0.0343151 0.03058 0.0252668 0.0200975 0.0159782 0.0129241 0.0105161
 1.02227e-16 6.6834e-05 0.000649651 0.00431716 0.0196252 0.0610613 0.130098 0.189885 0.189898 0.130165 0.0612864 0.0202758 0.00595154 0.00422181 0.00686363 0.0112742 0.0163115 0.0206734 0.0230754 0.0229194 0.0206292 0.0173258 0.014117 0.0115666 0.0096548 0.00808716
 1.00378e-16 7.87456e-05 0.000765435 0.00508659 0.0231229 0.0719439 0.153284 0.223724 0.223727 0.153301 0.0720018 0.0232901 0.00550626 0.0016817 0.00181925 0.00288387 0.00414878 0.00522142 0.00576006 0.00560838 0.00488308 0.00389189 0.00294715 0.00222065 0.00172328 0.00137862
 1.01083e-16 3.63534e-05 0.000353368 0.00234826 0.0106749 0.0332137 0.0707673 0.103298 0.103349 0.0710196 0.0340607 0.01312 0.0084813 0.0137263 0.0253884 0.0417947 0.0599213 0.074758 0.0812231 0.0769728 0.0638285 0.0466171 0.0303904 0.0181563 0.0104098 0.00609089
 1.01201e-16 7.65915e-05 0.000744497 0.00494744 0.0224904 0.0699759 0.149091 0.217603 0.217607 0.149107 0.0700289 0.0226442 0.005336 0.00160029 0.00172402 0.00278637 0.00413952 0.00548097 0.0065477 0.00720088 0.00747278 0.00748536 0.0073169 0.00694296 0.00629373 0.00535655
 1.01554e-16 5.37464e-05 0.000522434 0.00347176 0.0157821 0.0491042 0.104623 0.152707 0.152738 0.104776 0.0496183 0.0172661 0.00719413 0.00863956 0.0154438 0.0253793 0.0363977 0.0454442 0.0494493 0.0470098 0.0392479 0.0290969 0.0196036 0.0125464 0.00815818 0.00572647
 1.03721e-16 5.57774e-05 0.000542176 0.00360295 0.0163785 0.0509597 0.108576 0.158474 0.158495 0.10868 0.0513088 0.0173879 0.00614147 0.00609957 0.0106563 0.017648 0.0256929 0.0328784 0.0372657 0.0379141 0.0353676 0.0311529 0.0267376 0.022807 0.0192938 0.0158837
 1.03355e-16 6.48969e-05 0.000630821 0.00419203 0.0190564 0.0592915 0.126327 0.184381 0.184396 0.126398 0.0595283 0.0197409 0.00591216 0.00439231 0.00722767 0.0118963 0.0172497 0.0219445 0.0246553 0.0247732 0.0227472 0.019731 0.0168326 0.0145647 0.0128238 0.011242
 1.02224e-16 6.57292e-05 0.000638911 0.00424579 0.0193008 0.0600519 0.127948 0.186746 0.186762 0.128024 0.06031 0.0200462 0.00611738 0.004726 0.00783198 0.0128548 0.0185374 0.023367 0.0258473 0.0252903 0.022217 0.0179892 0.0139779 0.0109194 0.00883207 0.00735235
 1.05484e-16 3.03393e-05 0.000294909 0.00195977 0.00890888 0.0277191 0.0590603 0.0862107 0.0862604 0.0593034 0.0285354 0.011267 0.00788042 0.0132248 0.0246012 0.0406608 0.0586583 0.0739452 0.0817856 0.0799734 0.0701137 0.05647 0.0433571 0.0331292 0.025927 0.0207232
 1.05678e-16 6.49278e-05 0.000631121 0.00419402 0.0190654 0.0593196 0.126387 0.184467 0.184476 0.126427 0.0594547 0.0194576 0.00518563 0.00281999 0.00429299 0.00718006 0.0107707 0.0144522 0.0176229 0.019974 0.0215889 0.0227119 0.0234057 0.0234255 0.022413 0.0202122
 1.04997e-16 5.58094e-05 0.000542488 0.00360502 0.0163879 0.050989 0.108638 0.158566 0.158591 0.108761 0.0514003 0.0175758 0.00658641 0.00704996 0.0124125 0.020428 0.0294174 0.0369959 0.040787 0.0397322 0.0347405 0.0280842 0.0220311 0.0177641 0.015219 0.0136381
 1.07825e-16 4.00351e-05 0.000389155 0.00258608 0.011756 0.0365773 0.0779331 0.113753 0.113788 0.0781033 0.0371491 0.0134089 0.00674084 0.00947768 0.0173554 0.0287714 0.0417753 0.0532289 0.0599354 0.0603906 0.0556095 0.0482946 0.0410649 0.0351733 0.0304717 0.0262266
 1.0589e-16 6.39435e-05 0.000621554 0.00413044 0.0187764 0.0584204 0.124471 0.181672 0.181683 0.124526 0.058604 0.019308 0.00546986 0.0035623 0.00569852 0.00945001 0.0139141 0.0181467 0.0212227 0.0227137 0.0228941 0.0224413 0.0218883 0.021293 0.0203392 0.0186891
 1.0407e-16 6.02447e-05 0.0005856 0.00389152 0.0176903 0.0550412 0.117272 0.171166 0.171187 0.117372 0.0553791 0.0186663 0.00634162 0.00593499 0.0102224 0.0168123 0.0242345 0.0305281 0.0337448 0.0330073 0.029038 0.0236656 0.0187148 0.0151384 0.0128965 0.0114094
 1.07792e-16 3.13687e-05 0.000304915 0.00202627 0.00921115 0.0286595 0.0610638 0.0891339 0.0891788 0.0612835 0.0293973 0.0113433 0.00738266 0.0120124 0.0223084 0.0369412 0.05347 0.0677784 0.0756681 0.0751762 0.0676873 0.0568737 0.0463716 0.0380434 0.0318416 0.0268112
 1.15278e-16 3.98679e-05 0.00038753 0.00257528 0.0117068 0.0364244 0.0776069 0.113274 0.113294 0.0777074 0.036763 0.012689 0.00505687 0.00585889 0.01059 0.0178615 0.0267053 0.0356422 0.0431493 0.0484853 0.0519673 0.0543834 0.0560753 0.0565373 0.054834 0.0503851
pSPR Fmed_Fpbrs
0.533049   0.6 0.325
Fs Fmed_Fpbrs
0.374397   0.297031 0.73409
SSBpbr Bo_Bmed_Bpbrs
1.52281e+06  735592  837545 418773
Ro
136210
SPR SPRFo_SPRFmed_SPRFpbrs
969596 516842 315119
Fref
0.297031
Nvult_r0
 41185.6 17683.4 19199.7 4947.79 1238.84
CTP_r0
 7312.01 4071.71 4491.03 1158.31 290.035
YTP_r0
284319
Np
 186837 55728.2 4774.01 1813.6 2485.29
Nvult_p0
 131109 40398.1 3468.62 1317.86 1805.96
CTP_p0
 22732.1 2833.19 1102.62 1188.16 389.006
 22732.1 9097.87 793.638 301.787 413.578
YTP_p0
 288220 354039
CBA_c0
307965
log_Ro
11.642
likeval ReclasPelacesDesembMPH_pf_preclas_ppelaces_ptallas_desvR_qrecl_qpela
 12.334 16.9359 0.0358191 0.000819497 234.382 114.328 93.7225 0 23.7948 3.19476e-06 1.63088e-05 0.180345 7.17889e-16 0 0
q_reclas_q_pelaces
1.28824 1.77632
M
1
N
 170848 36394.8 90690.1 6135.37 0.220028
 94320.3 54364.1 10950.6 27173.8 1838.01
 94775.7 26556.6 13806.3 2759.74 7308.42
 143696 26815.8 6790.24 3503.6 2553.91
 116219 35462 5673.1 1420.15 1266.11
 214429 37425 10847.8 1728.78 818.418
 83833.2 61978.1 9856.18 2837.14 665.942
 35458.2 17696.5 10559.7 1652.7 586.893
 35013.1 11856.7 5703.55 3394.04 719.731
 47414.7 8805.94 2575.12 1225.28 883.225
 88633.3 10259.4 1552.63 447.168 365.833
 128045 29027.6 3212.61 484.567 253.686
 106878 29529.2 5590.65 610.5 140.189
 74604 25402.6 5930.03 1108.71 148.772
 68702.2 12837.6 3260.64 744.741 157.739
 370234 14557.7 2198.79 549.696 152.014
 74275.2 88457.2 2944.68 439.283 140.096
 598083 20627.9 22041.7 727.852 143.145
 335145 168726 5252.94 5570.33 220.026
 261910 84897.5 37011.2 1139.99 1255.89
 367449 67972.1 19258.4 8312.04 537.773
 503915 102857 17123.3 4813.6 2211.05
 98252.3 131475 23504.6 3874.56 1588.64
 293142 29428.9 36377.6 6465.2 1502.23
 246940 89919.2 8415.89 10348.9 2265.97
 109142 75804.3 25741.5 2396.75 3591.56
 247459 34687.6 22770.5 7699.95 1790.85
 276447 75901.3 9918.82 6477.26 2698.97
 76190.5 87182.7 22556.2 2934.65 2714.28
 58540.1 24316.1 26340 6787.02 1699.35
pred_Ctot
 14757.3 4258.9 10814.3 732.343 0.0262649
 14297.8 10966.1 2247.97 5583.48 377.681
 14131.2 5272.68 2789.77 558.169 1478.23
 30882.3 7530.85 1938.11 1000.88 729.613
 9257.89 3833.91 625.083 156.635 139.653
 29625 6906.25 2037.76 325.058 153.893
 23617.7 22364.1 3609.47 1039.81 244.079
 2056.59 1401.1 852.421 133.55 47.4278
 7220.55 3203.29 1566.38 932.924 197.842
 12882.5 3073.87 912.477 434.514 313.228
 6208.11 977.788 150.838 43.4866 35.5788
 31361 9208.15 1035.1 156.257 81.8089
 24770.6 8898.87 1711.71 187.077 42.9603
 26668.2 11356.4 2686.05 502.548 67.4365
 19249.9 4609.34 1188.21 271.605 57.5291
 84952.9 4346.35 666.994 166.889 46.1539
 11772.4 18620.3 630.726 94.1778 30.0366
 90066.1 4134.77 4496.36 148.616 29.2294
 68000 44892 1420.82 1507.99 59.5677
 50163.2 21392.9 9483.33 292.356 322.096
 56783.2 13965.9 4026.65 1739.54 112.55
 95243.5 25595.7 4333.09 1219.18 560.036
 11735.1 21083.4 3838.37 633.339 259.693
 31254.4 4227.52 5322.95 946.946 220.04
 26226.9 12868.7 1226.85 1510.12 330.67
 9500.43 8937.75 3092.73 288.249 431.966
 26392.7 4984.58 3332.98 1128.17 262.401
 25258.8 9382.66 1249.32 816.655 340.305
 6454.2 10009.8 2639.11 343.702 317.91
 7312.01 4071.71 4491.03 1158.31 290.035
F
 0.145069 0.201031 0.205197 0.205421 0.205433
 0.267419 0.37058 0.37826 0.378673 0.378695
 0.262521 0.363792 0.371331 0.371737 0.371758
 0.399242 0.553256 0.564721 0.565338 0.565371
 0.133138 0.184498 0.188321 0.188527 0.188538
 0.241195 0.33424 0.341167 0.341539 0.341559
 0.555461 0.769738 0.78569 0.786548 0.786593
 0.0954565 0.13228 0.135022 0.135169 0.135177
 0.380297 0.527001 0.537923 0.53851 0.538541
 0.530736 0.735475 0.750717 0.751537 0.75158
 0.116262 0.161111 0.16445 0.16463 0.164639
 0.466999 0.64715 0.660562 0.661283 0.661321
 0.436836 0.605351 0.617897 0.618571 0.618607
 0.759817 1.05293 1.07475 1.07592 1.07598
 0.55166 0.764471 0.780314 0.781166 0.781211
 0.431618 0.598121 0.610516 0.611183 0.611218
 0.281133 0.389584 0.397658 0.398092 0.398115
 0.265454 0.367857 0.37548 0.37589 0.375912
 0.373119 0.517054 0.52777 0.528346 0.528377
 0.348902 0.483496 0.493516 0.494055 0.494083
 0.273247 0.378656 0.386503 0.386925 0.386947
 0.343595 0.476141 0.486009 0.486539 0.486567
 0.205561 0.284859 0.290763 0.29108 0.291097
 0.181745 0.251856 0.257075 0.257356 0.257371
 0.180989 0.250808 0.256006 0.256286 0.256301
 0.146265 0.202688 0.206889 0.207115 0.207127
 0.181811 0.251948 0.257169 0.25745 0.257465
 0.154012 0.213424 0.217847 0.218085 0.218098
 0.1421 0.196916 0.200997 0.201217 0.201228
 0.215861 0.299133 0.305332 0.305666 0.305683
YTP_r0W_actual
 53377.6 64740.2 119012 36718.5 10470.3
YTP_p0W_proyectada
 170263 44396.1 25503.6 34896.3 13160.1
 170263 142564 18356.8 8863.48 13991.3
CTP_r0_actual
 7312.01 4071.71 4491.03 1158.31 290.035
CTP_p0_proyectada
 22732.1 2833.19 1102.62 1188.16 389.006
 22732.1 9097.87 793.638 301.787 413.578
Wmedp
 7.49 15.67 23.13 29.37 33.83
Frms_r0
 0.215861 0.299133 0.305332 0.305666 0.305683
Zrms_r0
 1.21586 1.29913 1.30533 1.30567 1.30568
nmprior
 8.19 8.8 8.5 0
nm_flota  nm_reclas  nm_pelaces    nm_pelaL
inf 13.2449 15.8589 27.5631
cv_recla  cv_pelaces  cv_mph
0.325146 0.484248 0.883444
 ------------------------------------------------
Talla a la edad & desviaci?n 
 8 13.2811 15.8009 17.003 17.5766
 0.8 1.32811 1.58009 1.7003 1.75766
