years
 1991 1992 1993 1994 1995 1996 1997 1998 1999 2000 2001 2002 2003 2004 2005 2006 2007 2008 2009 2010 2011 2012 2013 2014 2015 2016 2017
reclasobs
 0 0 0 0 0 0 0 0 0 252601 567819 844713 477998 351125 339783 2.1784e+06 2.13404e+06 4.81314e+06 1.55562e+06 2.62356e+06 3.21686e+06 3.843e+06 1.13348e+06 3.07943e+06 1.97215e+06 2.03268e+06 2.025e+06
reclaspred
 3.149e+06 1.77243e+06 889594 884739 873521 1.42775e+06 896685 780699 568705 412516 489811 639706 629201 488846 489517 1.32862e+06 1.27792e+06 2.9037e+06 2.39837e+06 1.77631e+06 3.14582e+06 2.57419e+06 2.02997e+06 3.16315e+06 2.37764e+06 2.03477e+06 2.14939e+06
pelacesobs
 0 0 0 0 0 0 0 0 0 0 0 0 0 0 0 552880 188675 0 991730 2.46772e+06 1.41603e+06 1.21717e+06 2.29649e+06 1.80582e+06 0 1.4828e+06 1.56532e+06
pelacespred
 1.61436e+06 1.00916e+06 507539 412568 425403 718164 416494 450528 315294 216266 266260 290446 314136 256504 264283 598570 577439 1.5111e+06 1.28876e+06 888365 1.51754e+06 1.34932e+06 1.06086e+06 1.80918e+06 1.31259e+06 1.11796e+06 1.33466e+06
mphobs
 0 0 0 0 0 0 0 0 0 0 0 498337 0 5186 125008 0 168611 109162 213762 579715 649985 157893 87575 83554 0 0 0
mphpred
 3.06232e+06 2.04652e+06 1.02423e+06 552350 598970 678302 923208 567810 498990 340421 223934 374796 406248 343678 231324 290921 987792 933159 1.86278e+06 1.40794e+06 1.49414e+06 1.85118e+06 1.76869e+06 1.45079e+06 2.04513e+06 1.68338e+06 1.33206e+06
desembarqueobs
 494567 514787 250237 358949 120608 361735 552515 73892 212993 205616 52469 317467 293654 387597 252695 516296 358380 742168 942051 627588 828172 859565 418607 520667 417249 300574 415391
desembarquepred
 494575 513584 250829 358973 120613 361743 552549 73896.1 213039 205658 52471.5 317528 293700 387626 252688 516258 358401 742074 941842 627455 828223 859566 418612 520684 417243 300572 415394
Reclutas
 193763 115471 105566 182846 143617 259178 106121 46147.1 44601.2 59997 112011 149910 123986 86924.1 85211.1 478523 99013.5 733123 424106 322902 481402 652287 132521 404794 338698 138061 275138
log_desv_Rt
 0.105016 -0.412603 -0.50228 0.0470228 -0.194469 0.395896 -0.497038 -1.32979 -1.36386 -1.06733 -0.443023 -0.151584 -0.341449 -0.696584 -0.716487 1.00909 -0.566363 1.43569 0.888365 0.615729 1.01508 1.31887 -0.274881 0.841758 0.66349 -0.233927 0.455654
SSB
 3.06232e+06 2.04652e+06 1.02423e+06 552350 598970 678302 923208 567810 498990 340421 223934 374796 406248 343678 231324 290921 987792 933159 1.86278e+06 1.40794e+06 1.49414e+06 1.85118e+06 1.76869e+06 1.45079e+06 2.04513e+06 1.68338e+06 1.33206e+06
BT
 4.1372e+06 2.83286e+06 1.41792e+06 1.25242e+06 1.07567e+06 1.96534e+06 1.45188e+06 1.10439e+06 937660 697527 658908 935610 991878 996155 862604 1.79642e+06 1.61068e+06 4.14157e+06 3.87661e+06 2.60675e+06 4.17819e+06 3.90647e+06 2.81126e+06 4.65745e+06 3.40777e+06 2.84479e+06 3.50492e+06
Ftot
 0.135057 0.245925 0.240108 0.350683 0.120913 0.223347 0.512429 0.0828656 0.322021 0.42417 0.0963006 0.426492 0.401063 0.664231 0.449191 0.346363 0.24081 0.228052 0.337888 0.305207 0.230714 0.290547 0.177595 0.146646 0.15289 0.128288 0.170674
BD_Bspro_t
 0.978623 0.841923 0.678642 0.583859 0.572211 0.648371 0.648068 0.481391 0.534928 0.491188 0.457732 0.670717 0.556604 0.467843 0.359723 0.416933 0.600093 0.573419 0.67102 0.575738 0.544814 0.594218 0.609601 0.600899 0.707472 0.714905 0.713533
BD_Bspro
 2.47089 1.65128 0.826417 0.445674 0.483291 0.547301 0.744909 0.458149 0.40262 0.274675 0.180686 0.302412 0.32779 0.277304 0.186648 0.234735 0.79702 0.752938 1.50302 1.13602 1.20558 1.49366 1.4271 1.1706 1.65015 1.35827 1.0748
BD_Bo
 1.61915 1.08207 0.541543 0.292046 0.316696 0.358641 0.488132 0.300221 0.263833 0.179992 0.118402 0.198168 0.214798 0.181714 0.122309 0.15382 0.52228 0.493393 0.984914 0.744426 0.790003 0.978782 0.935167 0.767083 1.08133 0.89006 0.704307
BD_Brms
 11.9354 7.97637 3.99194 2.15279 2.3345 2.6437 3.59822 2.21305 1.94483 1.3268 0.872787 1.46078 1.58336 1.33949 0.901589 1.13387 3.84994 3.63701 7.26021 5.48748 5.82344 7.21501 6.89351 5.65449 7.97093 6.561 5.19174
Sel_flota
 0.919777 1 1 1 1
 0.919777 1 1 1 1
 0.919777 1 1 1 1
 0.919777 1 1 1 1
 0.919777 1 1 1 1
 0.919777 1 1 1 1
 0.919777 1 1 1 1
 0.919777 1 1 1 1
 0.919777 1 1 1 1
 0.919777 1 1 1 1
 0.919777 1 1 1 1
 0.919777 1 1 1 1
 0.919777 1 1 1 1
 0.919777 1 1 1 1
 0.919777 1 1 1 1
 0.919777 1 1 1 1
 0.919777 1 1 1 1
 0.919777 1 1 1 1
 0.919777 1 1 1 1
 0.919777 1 1 1 1
 0.919777 1 1 1 1
 0.919777 1 1 1 1
 0.919777 1 1 1 1
 0.919777 1 1 1 1
 0.919777 1 1 1 1
 0.919777 1 1 1 1
 0.919777 1 1 1 1
Sel_reclas
 1 1 1 1 1
 1 1 1 1 1
 1 1 1 1 1
 1 1 1 1 1
 1 1 1 1 1
 1 1 1 1 1
 1 1 1 1 1
 1 1 1 1 1
 1 1 1 1 1
 1 1 1 1 1
 1 1 1 1 1
 1 1 1 1 1
 1 1 1 1 1
 1 1 1 1 1
 1 1 1 1 1
 1 1 1 1 1
 1 1 1 1 1
 1 1 1 1 1
 1 1 1 1 1
 1 1 1 1 1
 1 1 1 1 1
 1 1 1 1 1
 1 1 1 1 1
 1 1 1 1 1
 1 1 1 1 1
 1 1 1 1 1
 1 1 1 1 1
Sel_pelaces
 1 1 1 1 1
 1 1 1 1 1
 1 1 1 1 1
 1 1 1 1 1
 1 1 1 1 1
 1 1 1 1 1
 1 1 1 1 1
 1 1 1 1 1
 1 1 1 1 1
 1 1 1 1 1
 1 1 1 1 1
 1 1 1 1 1
 1 1 1 1 1
 1 1 1 1 1
 1 1 1 1 1
 1 1 1 1 1
 1 1 1 1 1
 1 1 1 1 1
 1 1 1 1 1
 1 1 1 1 1
 1 1 1 1 1
 1 1 1 1 1
 1 1 1 1 1
 1 1 1 1 1
 1 1 1 1 1
 1 1 1 1 1
 1 1 1 1 1
pf_obs 
 0.8446 0.082 0.0669 0.0065 0
 0.8095 0.147 0.0364 0.0071 0
 0.9664 0.0169 0.016 0.0007 0
 0.9276 0.0648 0.0075 0.0001 0
 0.7033 0.2144 0.0806 0.0017 0
 0.9318 0.0425 0.0243 0.0014 0
 0.5671 0.3108 0.0964 0.0239 0.0018
 0.0768 0.2599 0.5324 0.112 0.0189
 0.490249 0.384438 0.106611 0.0170017 0.00170017
 0.7925 0.1577 0.0466 0.003 0.0002
 0.840416 0.127587 0.0312969 0.00059994 9.999e-05
 0.8084 0.0986 0.0794 0.0134 0.0002
 0.7335 0.1905 0.0724 0.0035 0.0001
 0.4001 0.4547 0.1325 0.0127 0
 0.49795 0.308269 0.164784 0.0264974 0.00249975
 0.9179 0.0499 0.0305 0.0017 0
 0.2467 0.6533 0.0926 0.0074 0
 0.9418 0.0223 0.034 0.0019 0
 0.707729 0.231977 0.0356964 0.0245975 0
 0.517169 0.277429 0.184464 0.0207286 0.00020938
 0.811772 0.124168 0.05621 0.00726502 0.000585176
 0.764997 0.148141 0.077277 0.00933861 0.000247198
 0.163321 0.427699 0.378323 0.0303852 0.000271297
 0.753843 0.0900009 0.118128 0.0371064 0.000921714
 0.721811 0.176058 0.0630433 0.0369309 0.00215725
 0.143369 0.312575 0.442814 0.0836902 0.0175525
 0.692698 0.0596174 0.167031 0.0765114 0.00414204
pf_pred 
 0.480603 0.123573 0.372973 0.0228508 7.5857e-07
 0.461054 0.271145 0.0637141 0.192304 0.0117822
 0.583383 0.201996 0.107976 0.0253725 0.0812721
 0.768026 0.14065 0.0442783 0.0236689 0.023377
 0.681342 0.250301 0.0414457 0.0130476 0.0138631
 0.780584 0.153684 0.0516319 0.00854938 0.00555111
 0.504184 0.394826 0.0707357 0.0237645 0.00648999
 0.481379 0.275605 0.193517 0.0346698 0.0148287
 0.570045 0.216377 0.1135 0.0796941 0.0203845
 0.731391 0.159605 0.0548567 0.0287749 0.0253723
 0.838648 0.121243 0.0238325 0.00819128 0.00808535
 0.759027 0.204882 0.0271198 0.00533086 0.00364077
 0.706778 0.228022 0.0554351 0.00733783 0.00242747
 0.652936 0.252566 0.0734854 0.0178653 0.0031471
 0.756604 0.165267 0.0568561 0.0165426 0.00473017
 0.943311 0.0439652 0.00863929 0.00297213 0.00111203
 0.404754 0.564562 0.0237965 0.00467608 0.00221058
 0.908741 0.0390485 0.049519 0.00208724 0.000604044
 0.622935 0.3455 0.0135062 0.0171278 0.000930871
 0.628889 0.239789 0.120328 0.00470385 0.00628935
 0.764134 0.15368 0.0531036 0.0266479 0.00243455
 0.767479 0.181547 0.0332126 0.0114765 0.00628514
 0.343636 0.514889 0.11046 0.0202078 0.0108069
 0.767182 0.0849085 0.116028 0.0248918 0.00698905
 0.653241 0.271503 0.027446 0.0375053 0.0103052
 0.4424 0.375564 0.14253 0.0144082 0.0250989
 0.72372 0.128368 0.099624 0.0378082 0.0104799
pobs_RECLAS
 0 0 0 0 0
 0 0 0 0 0
 0 0 0 0 0
 0 0 0 0 0
 0 0 0 0 0
 0 0 0 0 0
 0 0 0 0 0
 0 0 0 0 0
 0 0 0 0 0
 0 0 0 0 0
 0.991045 0.00858322 0.000360255 1.14367e-05 0
 0.934742 0.0480273 0.0164251 0.00080598 0
 0.827803 0.169806 0.00239088 0 0
 0.941827 0.0461693 0.0120037 0 0
 0.791401 0.0380133 0.147996 0.0225897 0
 0.846168 0.0940531 0.0597789 0 0
 0.134021 0.677848 0.182769 0.00536245 0
 0.80878 0.0450904 0.141981 0.00414843 0
 0.846168 0.0940531 0.0597789 0 0
 0.905697 0.0802665 0.012482 0.00150086 5.37128e-05
 0.989698 0.0102097 9.19794e-05 0 0
 0.975433 0.0193895 0.00387452 0.00125025 5.28907e-05
 0.303575 0.632131 0.0575291 0.00676475 0
 0.966965 0.00978017 0.0227588 0.000495775 0
 0.843318 0.132988 0.00938335 0.0141283 0.000182051
 0.564624 0.303363 0.111486 0.0197234 0.00080311
 0.826376 0.0876187 0.0782897 0.00655872 0.00115652
ppred_RECLAS
 0.501749 0.118542 0.357788 0.0219205 7.27687e-07
 0.482384 0.260414 0.0611925 0.184693 0.0113159
 0.604017 0.191992 0.102629 0.0241159 0.077247
 0.783107 0.131506 0.0413997 0.0221301 0.0218572
 0.699403 0.236115 0.0390967 0.0123081 0.0130774
 0.794859 0.143685 0.0482728 0.00799317 0.00518996
 0.526298 0.377216 0.0675807 0.0227045 0.00620052
 0.502423 0.264422 0.185665 0.033263 0.014227
 0.591073 0.205794 0.107949 0.0757966 0.0193875
 0.748227 0.149601 0.0514183 0.0269713 0.023782
 0.849734 0.112913 0.022195 0.00762848 0.00752982
 0.77467 0.191582 0.0253593 0.00498481 0.00340443
 0.724523 0.214222 0.0520803 0.00689376 0.00228056
 0.673171 0.237841 0.069201 0.0168237 0.00296361
 0.772403 0.154539 0.0531654 0.0154687 0.00442312
 0.94777 0.0405076 0.00795988 0.0027384 0.00102457
 0.425524 0.544863 0.0229661 0.00451292 0.00213345
 0.915584 0.0361207 0.0458062 0.00193074 0.000558755
 0.643034 0.327084 0.0127863 0.0162148 0.000881252
 0.648772 0.226942 0.113882 0.00445184 0.00595239
 0.779188 0.143872 0.0497142 0.0249471 0.00227917
 0.78248 0.169835 0.0310699 0.0107361 0.00587967
 0.36305 0.499659 0.107193 0.0196101 0.0104872
 0.781971 0.0795151 0.108658 0.0233107 0.00654511
 0.672186 0.256669 0.0259465 0.0354562 0.00974222
 0.463351 0.361452 0.137174 0.0138668 0.0241558
 0.740374 0.12063 0.0936188 0.0355291 0.00984814
pobs_PELACES
 0 0 0 0 0
 0 0 0 0 0
 0 0 0 0 0
 0 0 0 0 0
 0 0 0 0 0
 0 0 0 0 0
 0 0 0 0 0
 0 0 0 0 0
 0 0 0 0 0
 0 0 0 0 0
 0 0 0 0 0
 0 0 0 0 0
 0 0 0 0 0
 0 0 0 0 0
 0 0 0 0 0
 0 0 0 0 0
 0.505614 0.472636 0.0217494 0 0
 0 0 0 0 0
 0.443492 0.261883 0.143347 0.151278 0
 0.227955 0.32914 0.350689 0.0885471 0.00366901
 0.970185 0.0296113 0.000203453 0 0
 0.997202 0.00247181 0.000326279 0 0
 0.445219 0.490057 0.0546422 0.010081 0
 0.90214 0.0892962 0.00764917 0.000914606 0
 0 0 0 0 0
 0.581667 0.319106 0.0959925 0.00289975 0.000334073
 0.762889 0.0836404 0.116647 0.0363945 0.000428098
ppred_PELACES
 0.502642 0.118329 0.357146 0.0218812 7.26381e-07
 0.48401 0.259596 0.0610003 0.184113 0.0112804
 0.605536 0.191255 0.102235 0.0240234 0.0769506
 0.78468 0.130553 0.0410995 0.0219697 0.0216987
 0.700076 0.235587 0.0390092 0.0122805 0.0130481
 0.795821 0.143011 0.0480463 0.00795566 0.00516561
 0.529679 0.374524 0.0670984 0.0225425 0.00615627
 0.502972 0.264131 0.18546 0.0332264 0.0142113
 0.593132 0.204758 0.107405 0.075415 0.0192899
 0.750337 0.148347 0.0509875 0.0267453 0.0235827
 0.850059 0.112668 0.0221469 0.00761197 0.00751353
 0.776634 0.189911 0.0251382 0.00494135 0.00337475
 0.726637 0.212578 0.0516806 0.00684085 0.00226306
 0.677028 0.235034 0.0683844 0.0166251 0.00292864
 0.774487 0.153124 0.0526787 0.0153271 0.00438263
 0.948222 0.040157 0.00789098 0.0027147 0.00101571
 0.427083 0.543384 0.0229038 0.00450067 0.00212766
 0.916049 0.0359216 0.0455537 0.0019201 0.000555674
 0.645085 0.325205 0.0127128 0.0161217 0.000876189
 0.650611 0.225754 0.113285 0.00442853 0.00592123
 0.780237 0.143188 0.049478 0.0248285 0.00226834
 0.783786 0.168815 0.0308834 0.0106716 0.00584436
 0.364138 0.498806 0.10701 0.0195766 0.0104693
 0.782632 0.079274 0.108329 0.02324 0.00652526
 0.673077 0.255972 0.025876 0.0353598 0.00971573
 0.464195 0.360883 0.136958 0.013845 0.0241178
 0.741241 0.120227 0.0933059 0.0354104 0.00981524
pobs_pel_tallas
 0 0 0 0 0 0 0 0 0 0 0 0 0 0 0 0 0 0 0 0 0 0 0 0 0 0
 0 0 0 0 0 0 0 0 0 0 0 0 0 0 0 0 0 0 0 0 0 0 0 0 0 0
 0 0 0 0 0 0 0 0 0 0 0 0 0 0 0 0 0 0 0 0 0 0 0 0 0 0
 0 0 0 0 0 0 0 0 0 0 0 0 0 0 0 0 0 0 0 0 0 0 0 0 0 0
 0 0 0 0 0 0 0 0 0 0 0 0 0 0 0 0 0 0 0 0 0 0 0 0 0 0
 0 0 0 0 0 0 0 0 0 0 0 0 0 0 0 0 0 0 0 0 0 0 0 0 0 0
 0 0 0 0 0 0 0 0 0 0 0 0 0 0 0 0 0 0 0 0 0 0 0 0 0 0
 0 0 0 0 0 0 0 0 0 0 0 0 0 0 0 0 0 0 0 0 0 0 0 0 0 0
 0 0 0 0 0 0 0 0 0 0 0 0 0 0 0 0 0 0 0 0 0 0 0 0 0 0
 0 0 0 0 0 0 0 0 0 0 0 0 0 0 0 0 0 0 0 0 0 0 0 0 0 0
 0 0 0 0 0 0 0 0 0 0 0 0 0 0 0 0 0 0 0 0 0 0 0 0 0 0
 0 0 0 0 0 0 0 0 0 0 0 0 0 0 0 0 0 0 0 0 0 0 0 0 0 0
 0.00862536 0 0 0.000197151 0.00414017 0.0128641 0.00837892 0.0270097 0.101434 0.158115 0.152841 0.127902 0.109271 0.109419 0.0830992 0.0579132 0.0238553 0.00714673 0.00463305 0.00128148 0.00103504 0.000492878 0.000147863 0.000147863 4.92878e-05 0
 0 0 0 0 0 0 0 0 0 0 0 0 0 0 0 0 0 0 0 0 0 0 0 0 0 0
 0 0 0 0 0 0 0 0.0054083 0.00873648 0.0413646 0.0450493 0.0745869 0.0622846 0.0627006 0.0613931 0.0827291 0.12552 0.122667 0.0946155 0.0697135 0.0546179 0.0294188 0.0215738 0.0213955 0.0102223 0.00600262
 0 0 0 0 0.00359764 0.0251062 0.0480494 0.140153 0.205849 0.193036 0.1447 0.116669 0.0760912 0.0342217 0.00950174 0.001854 0.000860785 0 0 0 0.000165536 0 0.000143464 0 0 0
 0 0 0 0 0 0 0 0.000145254 0.000435761 0.0275982 0.070085 0.0708112 0.156366 0.174668 0.174014 0.160142 0.0824315 0.0480064 0.0283245 0.00493863 0.00203355 0 0 0 0 0
 0 0 0 0 0 0 0 0 0 0 0 0 0 0 0 0 0 0 0 0 0 0 0 0 0 0
 0 0 1.00437e-05 0.000401748 0.00122533 0.00171747 0.00176769 0.0269171 0.070346 0.194647 0.189555 0.159765 0.064822 0.0314167 0.0384472 0.0292271 0.0345202 0.0313363 0.0194345 0.0106764 0.0143323 0.0359363 0.0279516 0.0138201 0.00172751 0
 0 0.0021121 0.0136068 0.0755702 0.200478 0.177729 0.0527432 0.0373336 0.0318909 0.0142505 0.0149659 0.0166563 0.0217959 0.0798694 0.0677717 0.0528807 0.04013 0.0224614 0.0357745 0.0225083 0.00881397 0.00855152 0.00135912 0.000746735 0 0
 0 0 0 0 5.4009e-05 0.00500934 0.000945158 0.0243581 0.138947 0.33067 0.221406 0.137944 0.0707744 0.0437923 0.0131692 0.00525238 0.0047753 0.00276346 9.45158e-05 9.00151e-06 2.25038e-05 9.00151e-06 4.50075e-06 0 0 0
 0.000866109 0.00284123 0.00948549 0.0512746 0.133035 0.25785 0.225252 0.132002 0.0553304 0.0519788 0.0540692 0.017754 0.00435017 0.00159236 0.00146478 0.000404838 0.000125132 0.000115318 0.000107957 0.000100596 0 0 0 0 0 0
 0 0 0 0 0.00144013 0.00171154 0.00461396 0.0210425 0.0478622 0.0707936 0.0888783 0.103762 0.0637923 0.0337046 0.0602308 0.124433 0.169614 0.0934646 0.0462172 0.0250306 0.0313229 0.00938855 0.002487 0.000210481 0 0
 0 0.00764035 0.051015 0.0998891 0.058973 0.0496711 0.0374665 0.0718981 0.12319 0.153886 0.159021 0.0857701 0.0377988 0.023471 0.0147837 0.00900784 0.00315554 0.000888139 0.00291439 0.00214683 0.00393193 0.00274676 0.000635225 9.99891e-05 0 0
 0 0 0 0 0 0 0 0 0 0 0 0 0 0 0 0 0 0 0 0 0 0 0 0 0 0
 0 0 0 0 0 0 0 0 0 0 0 0 0 0 0 0 0 0 0 0 0 0 0 0 0 0
 0 0 0 0 0 0 0 0 0 0 0 0 0 0 0 0 0 0 0 0 0 0 0 0 0 0
ppred_pel_tallas
 1.12532e-16 4.1402e-05 0.000402442 0.00267437 0.0121573 0.037826 0.0805927 0.11763 0.117642 0.0806513 0.0380242 0.0127366 0.00415387 0.00371641 0.00658141 0.0114554 0.0179855 0.0257064 0.0340538 0.0425815 0.0508952 0.0582834 0.0634744 0.0649502 0.061731 0.0540535
 1.222e-16 3.98673e-05 0.000387525 0.00257524 0.0117067 0.0364239 0.077606 0.113273 0.113299 0.0777288 0.0368366 0.0129001 0.00557692 0.0069608 0.0125875 0.0209241 0.030584 0.0394738 0.0455704 0.0481554 0.0483137 0.0481489 0.0492916 0.0518498 0.0544772 0.055309
 1.18431e-16 4.98772e-05 0.000484825 0.00322183 0.014646 0.0455692 0.0970907 0.141711 0.141729 0.0971815 0.0458745 0.0155297 0.00544705 0.00536605 0.00939062 0.015634 0.0229695 0.0298671 0.0348264 0.0372424 0.0377675 0.0377819 0.038391 0.0397438 0.0410952 0.0413895
 1.07095e-16 6.4633e-05 0.000628256 0.00417498 0.0189789 0.0590504 0.125814 0.183631 0.183644 0.125875 0.0592578 0.0195785 0.00568257 0.0039273 0.0063541 0.0104669 0.0152283 0.0194924 0.0221497 0.0227267 0.0216685 0.0200053 0.0186681 0.0179903 0.0176963 0.017246
 1.04626e-16 5.76643e-05 0.000560518 0.00372484 0.0169326 0.0526837 0.112249 0.163836 0.163858 0.11236 0.0530565 0.0180096 0.00642883 0.00646564 0.0112795 0.018575 0.0267988 0.0338032 0.0374432 0.0367447 0.0324837 0.0266462 0.0212154 0.0172295 0.0146588 0.0128991
 1.03096e-16 6.55508e-05 0.000637177 0.00423426 0.0192484 0.0598889 0.1276 0.186239 0.186253 0.127668 0.0601159 0.0199048 0.00588428 0.0042464 0.00694131 0.0114271 0.0165845 0.021127 0.0237828 0.023957 0.0220574 0.0191621 0.0163128 0.0140031 0.0121648 0.0104952
 1.05335e-16 4.3629e-05 0.00042409 0.00281823 0.0128113 0.0398608 0.084929 0.123964 0.124 0.0851055 0.0404536 0.0145238 0.0071182 0.00981534 0.0178923 0.0295451 0.0426388 0.053795 0.0595954 0.058465 0.0515943 0.0420883 0.033059 0.0261557 0.021389 0.0179144
 1.11157e-16 4.14292e-05 0.000402706 0.00267613 0.0121653 0.0378509 0.0806463 0.117711 0.117737 0.0807719 0.0382736 0.0133892 0.00576001 0.00717345 0.0130137 0.0217454 0.0320153 0.041715 0.0486846 0.0518828 0.0518773 0.0501824 0.0480362 0.0456686 0.0425289 0.0380513
 1.1398e-16 4.88555e-05 0.000474893 0.00315583 0.014346 0.0446357 0.0951019 0.138808 0.138828 0.0951991 0.0449626 0.0152922 0.00553862 0.00570207 0.0100524 0.0167447 0.0246038 0.0319906 0.0372826 0.0397937 0.0401514 0.0397313 0.0396059 0.0398668 0.039755 0.0383279
 1.08183e-16 6.18043e-05 0.00060076 0.00399226 0.0181482 0.056466 0.120307 0.175595 0.175609 0.120378 0.0567018 0.0188302 0.00570697 0.00435417 0.0072208 0.0119217 0.0173659 0.0222696 0.0253805 0.0261623 0.0251109 0.0233736 0.0219754 0.0212637 0.0209073 0.0202968
 1.02703e-16 7.00183e-05 0.000680602 0.00452284 0.0205602 0.0639705 0.136296 0.198931 0.198941 0.136349 0.0641489 0.0210757 0.00581749 0.00350898 0.00544809 0.00891336 0.0128753 0.0162827 0.0181178 0.0179213 0.0160622 0.0134752 0.0110812 0.00934286 0.00821533 0.00739189
 1.01841e-16 6.39704e-05 0.000621815 0.00413218 0.0187843 0.058445 0.124524 0.18175 0.181769 0.124613 0.0587453 0.0196515 0.00630883 0.005373 0.009086 0.0149162 0.0214729 0.0269852 0.0296925 0.0287822 0.0248689 0.0195718 0.0145441 0.010709 0.00814261 0.00644664
 1.02615e-16 5.98522e-05 0.000581785 0.00386616 0.017575 0.0546826 0.116508 0.170051 0.170071 0.116608 0.0550194 0.0185484 0.00631103 0.0059242 0.0102214 0.016843 0.0243491 0.0308094 0.0342884 0.0338777 0.0302081 0.024971 0.0198584 0.0157634 0.0127091 0.0102951
 1.04197e-16 5.57659e-05 0.000542065 0.00360221 0.0163751 0.0509493 0.108554 0.158442 0.158465 0.108665 0.0513221 0.0174529 0.00631022 0.00646296 0.0113279 0.0187106 0.0271152 0.0344488 0.038606 0.0386035 0.0351282 0.029995 0.0249772 0.0209453 0.0178242 0.0151205
 1.03839e-16 6.37935e-05 0.000620096 0.00412075 0.0187324 0.0582834 0.12418 0.181247 0.181262 0.124252 0.0585266 0.0194356 0.00588846 0.00448754 0.00743391 0.0122549 0.0178029 0.0227156 0.0256442 0.0259637 0.0241161 0.0212477 0.0184487 0.0162061 0.0143999 0.012668
 1.00683e-16 7.81038e-05 0.000759196 0.00504513 0.0229344 0.0713575 0.152035 0.2219 0.221904 0.152054 0.0714211 0.0231181 0.00550647 0.001767 0.00199413 0.00317844 0.00458384 0.00579144 0.00643244 0.00633926 0.00563925 0.00466252 0.00373736 0.0030338 0.0025466 0.00218112
 1.01612e-16 3.51784e-05 0.000341947 0.00227236 0.0103298 0.0321403 0.0684802 0.0999598 0.100012 0.0687356 0.0329977 0.0128052 0.00848153 0.0138822 0.0257083 0.0423341 0.0607192 0.0758058 0.0824626 0.0783242 0.0652296 0.0480439 0.0318457 0.0196397 0.0118938 0.00751923
 1.01611e-16 7.54538e-05 0.000733437 0.00487395 0.0221563 0.0689364 0.146876 0.214371 0.214375 0.146894 0.0689945 0.0223249 0.00530028 0.00167404 0.00189079 0.0030817 0.00460656 0.00615467 0.00745076 0.00834585 0.00886167 0.00909917 0.00909925 0.00879289 0.00808017 0.0069515
 1.02216e-16 5.31348e-05 0.00051649 0.00343226 0.0156026 0.0485455 0.103433 0.150969 0.151001 0.103585 0.0490587 0.0170843 0.00714919 0.00862281 0.0154258 0.0253592 0.0363899 0.0454808 0.0495819 0.047305 0.0397738 0.0299054 0.0207114 0.0139231 0.00972443 0.00736646
 1.04774e-16 5.359e-05 0.000520914 0.00346166 0.0157362 0.0489613 0.104318 0.15226 0.152282 0.104425 0.0493209 0.0167765 0.00607879 0.00625386 0.0109991 0.0182485 0.026629 0.0342042 0.0390055 0.0400746 0.0379483 0.0341351 0.0300536 0.0263157 0.0227908 0.0191471
 1.04339e-16 6.42671e-05 0.000624699 0.00415135 0.0188714 0.0587161 0.125101 0.182592 0.182606 0.125169 0.0589436 0.0195293 0.0058053 0.00424408 0.00696418 0.0114805 0.0166955 0.021344 0.0241812 0.0246406 0.0231478 0.0207709 0.0185011 0.0167405 0.0153089 0.0138066
 1.02994e-16 6.45594e-05 0.000627541 0.00417023 0.0189573 0.0589832 0.125671 0.183423 0.183439 0.12575 0.0592504 0.0197293 0.00610886 0.00486192 0.00811337 0.0133295 0.0192401 0.0242916 0.0269475 0.0265059 0.0235104 0.019363 0.0154607 0.012531 0.0105533 0.00911709
 1.06951e-16 2.99937e-05 0.000291549 0.00193745 0.0088074 0.0274033 0.0583875 0.0852284 0.0852765 0.0586227 0.0281933 0.0110899 0.00766976 0.0128146 0.0238412 0.0394388 0.0569783 0.0720033 0.0799729 0.0787741 0.0699393 0.0575188 0.0455673 0.0362288 0.029535 0.0244497
 1.06582e-16 6.44644e-05 0.000626617 0.00416409 0.0189293 0.0588963 0.125485 0.183151 0.183158 0.125523 0.0590249 0.019303 0.00510978 0.00271665 0.00410905 0.00688809 0.0103778 0.0140188 0.0172655 0.0198423 0.0218231 0.0234026 0.0245708 0.0250086 0.0242976 0.0222434
 1.06003e-16 5.54405e-05 0.000538901 0.00358119 0.0162796 0.050652 0.10792 0.157518 0.157543 0.108041 0.0510567 0.0174484 0.00651508 0.00694364 0.0122199 0.0201183 0.0289914 0.0365058 0.0403406 0.0394728 0.0348092 0.0285842 0.0230052 0.0191893 0.0170104 0.01566
 1.09515e-16 3.82352e-05 0.00037166 0.00246981 0.0112274 0.0349329 0.0744295 0.108639 0.108674 0.0746002 0.0355065 0.0128858 0.00663919 0.00949554 0.017431 0.0289263 0.0420631 0.0537284 0.0607506 0.0616423 0.0574127 0.0507232 0.0441145 0.0387405 0.034363 0.0301938
 1.07936e-16 6.10551e-05 0.000593477 0.00394386 0.0179282 0.0557815 0.118849 0.173466 0.173477 0.118906 0.0559743 0.018487 0.00535283 0.0036908 0.00600712 0.0100023 0.0147994 0.0194513 0.0230289 0.0251092 0.0259712 0.026267 0.0264497 0.0264497 0.0258184 0.0241348
pSPR Fmed_Fpbrs
0.617529   0.185659 0.185659
Fs Fmed_Fpbrs
0.242606   1.005 1.005
SSBpbr Bo_Bmed_Bpbrs
1.89131e+06  1.07337e+06  256573 256573
Ro
174447
SPR SPRFo_SPRFmed_SPRFpbrs
1.23936e+06 765339 230098
Fref
1.005
Nvult_r0
 188625 31137.2 24165 9170.81 2542.01
CTP_r0
 25593.1 4539.53 3523.04 1337.02 370.603
YTP_r0
415394
Np
 346129 86512.7 13999.5 10864.7 5402.12
Nvult_p0
 295605 74862.9 12114.3 9401.68 4674.67
CTP_p0
 141994 37524.8 6072.27 4712.56 2343.16
YTP_p0
 2.03335e+06
CBA_c0
900782
log_Ro
11.8894
likeval ReclasPelacesDesembMPH_pf_preclas_ppelaces_ptallas_desvR_qrecl_qpela
 12.7791 17.15 0.0567887 0.00275922 196.144 90.6259 69.184 0 21.9506 6.26374e-07 0 0.291751 0 0 0
q_reclas_q_pelaces
0.89391 1
M
1
N
 193763 46026.7 138919 8511.14 0.282541
 115471 62954.5 14793.2 44649.2 2735.6
 105566 33879.9 18110.4 4255.62 13631.4
 182846 31140 9803.24 5240.31 5175.67
 143617 48720.1 8067.23 2539.66 2698.39
 259178 47272.9 15881.9 2629.77 1707.51
 106121 77640.3 13909.8 4673.14 1276.22
 46147.1 24367.8 17109.9 3065.35 1311.08
 44601.2 15730.7 8251.5 5793.82 1481.96
 59997 12201.7 4193.75 2199.82 1939.69
 112011 14941.6 2937.04 1009.47 996.414
 149910 37713.6 4992.08 981.279 670.175
 123986 37254 9056.93 1198.85 396.597
 86924.1 31540.8 9176.96 2231.04 393.014
 85211.1 17358.6 5971.81 1737.53 496.828
 478523 20738.2 4075.12 1401.94 524.538
 99013.5 128013 5395.76 1060.28 501.242
 733123 29188.2 37014.8 1560.18 451.515
 424106 218668 8548.14 10840.3 589.152
 322902 114343 57378.4 2243.02 2999.07
 481402 89713.9 31000.3 15556.2 1421.22
 652287 143237 26204 9054.68 4958.84
 132521 183689 39407.3 7209.26 3855.4
 404794 41404.5 56579.8 12138.2 3408.12
 338698 130125 13154.2 17975.4 4939.07
 138061 108254 41083.5 4153.1 7234.63
 275138 45136.7 35029.7 13294.1 3684.92
pred_Ctot
 14453.8 3716.38 11216.9 687.224 0.0228135
 15051 8851.49 2079.94 6277.74 384.629
 13463.4 4661.68 2491.89 585.549 1875.61
 32711.2 5990.48 1885.87 1008.09 995.655
 9642.39 3542.27 586.541 184.65 196.191
 30937.7 6091.12 2046.38 338.847 220.013
 26188.7 20508.4 3674.21 1234.39 337.108
 2154.09 1233.29 865.957 155.142 66.3558
 7403.51 2810.21 1474.09 1035.03 264.745
 12644.7 2759.34 948.394 497.477 438.652
 6045.42 873.985 171.797 59.0471 58.2834
 31741.1 8567.76 1134.1 222.927 152.25
 24912.2 8037.22 1953.95 258.641 85.5623
 26382.4 10205.1 2969.24 721.861 127.161
 18849.6 4117.36 1416.48 412.131 117.844
 84685.6 3946.96 775.59 266.823 99.8319
 12661.3 17660.3 744.388 146.275 69.1503
 89200 3832.91 4860.68 204.879 59.2916
 73443.8 40734.3 1592.38 2019.36 109.749
 51112.6 19488.7 9779.61 382.303 511.163
 59198.2 11905.8 4113.99 2064.44 188.607
 98819 23375.6 4276.38 1477.68 809.261
 12793.8 19169.6 4112.5 752.35 402.346
 32644.6 3612.97 4937.16 1059.18 297.393
 28410.8 11808.2 1193.68 1631.18 448.197
 9807.45 8325.78 3159.7 319.412 556.411
 25593.1 4539.53 3523.04 1337.02 370.603
F
 0.124222 0.135057 0.135057 0.135057 0.135057
 0.226196 0.245925 0.245925 0.245925 0.245925
 0.220846 0.240108 0.240108 0.240108 0.240108
 0.32255 0.350683 0.350683 0.350683 0.350683
 0.111213 0.120913 0.120913 0.120913 0.120913
 0.205429 0.223347 0.223347 0.223347 0.223347
 0.47132 0.512429 0.512429 0.512429 0.512429
 0.0762179 0.0828656 0.0828656 0.0828656 0.0828656
 0.296188 0.322021 0.322021 0.322021 0.322021
 0.390142 0.42417 0.42417 0.42417 0.42417
 0.088575 0.0963006 0.0963006 0.0963006 0.0963006
 0.392277 0.426492 0.426492 0.426492 0.426492
 0.368888 0.401063 0.401063 0.401063 0.401063
 0.610944 0.664231 0.664231 0.664231 0.664231
 0.413155 0.449191 0.449191 0.449191 0.449191
 0.318576 0.346363 0.346363 0.346363 0.346363
 0.221491 0.24081 0.24081 0.24081 0.24081
 0.209757 0.228052 0.228052 0.228052 0.228052
 0.310782 0.337888 0.337888 0.337888 0.337888
 0.280722 0.305207 0.305207 0.305207 0.305207
 0.212205 0.230714 0.230714 0.230714 0.230714
 0.267238 0.290547 0.290547 0.290547 0.290547
 0.163348 0.177595 0.177595 0.177595 0.177595
 0.134882 0.146646 0.146646 0.146646 0.146646
 0.140625 0.15289 0.15289 0.15289 0.15289
 0.117997 0.128288 0.128288 0.128288 0.128288
 0.156982 0.170674 0.170674 0.170674 0.170674
YTP_r0W_actual
 212423 72178.5 81734.5 36901.8 12155.8
YTP_p0W_proyectada
 1.0678e+06 604900 141970 139021 79667.5
CTP_r0_actual
 25593.1 4539.53 3523.04 1337.02 370.603
CTP_p0_proyectada
 141994 37524.8 6072.27 4712.56 2343.16
Wmedp
 7.52 16.12 23.38 29.5 34
Frms_r0
 0.156982 0.170674 0.170674 0.170674 0.170674
Zrms_r0
 1.15698 1.17067 1.17067 1.17067 1.17067
nmprior
 8.19 8.8 8.5 0
nm_flota  nm_reclas  nm_pelaces    nm_pelaL
inf 9.9229 16.8604 12.7111
cv_recla  cv_pelaces  cv_mph
0.357479 0.555608 1.62106
 ------------------------------------------------
Talla a la edad & desviaci?n 
 8 13.2811 15.8009 17.003 17.5766
 0.8 1.32811 1.58009 1.7003 1.75766
