years
 1991 1992 1993 1994 1995 1996 1997 1998 1999 2000 2001 2002 2003 2004 2005 2006 2007 2008 2009 2010 2011 2012 2013 2014 2015 2016 2017 2018 2019
reclasobs
 0 0 0 0 0 0 0 0 0 252601 567819 844713 477998 351125 339783 2.1784e+06 2.13404e+06 4.81314e+06 1.55562e+06 2.62356e+06 3.21686e+06 3.843e+06 1.13348e+06 3.07943e+06 1.97215e+06 2.03268e+06 2.025e+06 2.42433e+06 2.27542e+06
reclaspred
 3.20818e+06 1.79945e+06 908339 894313 881888 1.4098e+06 881504 775619 567286 414535 490339 636872 628114 489355 493849 1.3158e+06 1.27301e+06 2.87932e+06 2.37443e+06 1.7638e+06 3.12081e+06 2.53926e+06 2.01048e+06 3.10116e+06 2.33619e+06 2.07653e+06 2.51866e+06 2.49451e+06 2.03986e+06
pelacesobs
 0 0 0 0 0 0 0 0 0 0 0 0 0 0 0 552880 188675 0 991730 2.46772e+06 1.41603e+06 1.21717e+06 2.29649e+06 1.80582e+06 0 1.4828e+06 1.56532e+06 1.57751e+06 1.42118e+06
pelacespred
 1.67728e+06 1.04622e+06 528695 424996 437480 721364 416043 455058 319880 221305 271236 294495 319442 262099 271912 603314 585090 1.52393e+06 1.29805e+06 895716 1.53202e+06 1.35276e+06 1.06838e+06 1.80307e+06 1.30973e+06 1.16074e+06 1.60517e+06 1.57027e+06 1.05579e+06
mphobs
 0 0 0 0 0 0 0 0 0 0 0 498337 0 5186 125008 0 168611 109162 213762 579715 649985 157893 87575 83554 0 0 0 0 0
mphpred
 481157 321779 160465 87184.9 93594.9 105320 140025 86128.8 76272.6 52483.3 34841 57685.7 62379.2 52857.2 35772.9 45245.7 150753 143307 284259 214731 228718 282791 268918 221185 308383 255266 211332 230691 296502
desembarqueobs
 494567 514787 250237 358949 120608 361735 552515 73892 212993 205616 52469 317467 293654 387597 252695 516296 358380 742168 942051 627588 828172 859565 418607 520667 417249 300574 415391 372974 316634
desembarquepred
 494574 513538 250844 358978 120613 361747 552556 73896.3 213041 205659 52471.6 317531 293703 387631 252689 516258 358402 742072 941849 627455 828233 859576 418615 520689 417247 300573 415385 372953 316627
Reclutas
 198022 112961 110363 182627 145644 255584 105089 47056.6 45237.2 60662.3 113208 150075 124861 87405.9 86805.7 478896 100893 735308 423954 325020 482527 647677 133877 400623 340030 153835 354547 349821 116408
log_desv_Rt
 0.0991192 -0.462221 -0.485488 0.0181854 -0.208094 0.354289 -0.534456 -1.33791 -1.37734 -1.08394 -0.460031 -0.178128 -0.362063 -0.718698 -0.725588 0.982224 -0.575204 1.41103 0.860366 0.594628 0.989777 1.28413 -0.292336 0.80376 0.639775 -0.153377 0.681579 0.668161 -0.432155
SSB
 3.17812e+06 2.12541e+06 1.0599e+06 575872 618211 695656 924892 568896 503794 346661 230131 381024 412026 349131 236286 298856 995751 946566 1.87758e+06 1.41834e+06 1.51072e+06 1.86788e+06 1.77625e+06 1.46097e+06 2.03692e+06 1.68608e+06 1.39589e+06 1.52375e+06 1.95845e+06
BT
 4.28473e+06 2.91995e+06 1.46813e+06 1.28169e+06 1.10389e+06 1.97217e+06 1.45363e+06 1.11434e+06 948941 708864 670687 945187 1.00358e+06 1.00808e+06 880494 1.80902e+06 1.62874e+06 4.16956e+06 3.89866e+06 2.62804e+06 4.20668e+06 3.92028e+06 2.82827e+06 4.64228e+06 3.40374e+06 2.94244e+06 4.12496e+06 3.99712e+06 2.69685e+06
Ftot
 0.132508 0.241289 0.235416 0.35722 0.122045 0.234719 0.524593 0.0847236 0.32971 0.431413 0.100934 0.4427 0.413986 0.688515 0.469078 0.373911 0.244204 0.242729 0.349341 0.315031 0.240156 0.303589 0.180417 0.156011 0.158272 0.127562 0.152635 0.138566 0.132832
BD_Bspro_t
 0.979022 0.846821 0.687845 0.597276 0.584247 0.658034 0.650821 0.485221 0.541288 0.498624 0.467035 0.675254 0.561319 0.472584 0.365411 0.423434 0.602794 0.577782 0.673367 0.578625 0.548971 0.597794 0.613299 0.605563 0.708891 0.717829 0.726185 0.763083 0.79232
BD_Bspro
 2.49355 1.66759 0.831593 0.451828 0.485047 0.54581 0.725667 0.446354 0.395275 0.27199 0.18056 0.29895 0.323274 0.273927 0.185389 0.234481 0.781263 0.742673 1.47315 1.11282 1.18531 1.46554 1.39364 1.14627 1.59816 1.32289 1.09521 1.19553 1.53659
BD_Bo
 1.64475 1.09995 0.548522 0.298027 0.319939 0.360018 0.478653 0.294417 0.260725 0.179405 0.119098 0.197189 0.213233 0.180683 0.122284 0.154665 0.515324 0.48987 0.971693 0.734023 0.781835 0.966673 0.919251 0.756084 1.05415 0.872585 0.722404 0.788577 1.01354
BD_Brms
 10.6015 7.08986 3.53557 1.92098 2.06221 2.32055 3.08522 1.89771 1.68054 1.15638 0.767663 1.27101 1.37442 1.16462 0.788196 0.996914 3.32159 3.15753 6.26318 4.73125 5.03942 6.23083 5.92516 4.87344 6.7947 5.62437 4.65635 5.08289 6.53293
Sel_flota
 0.829532 1 1 1 1
 0.829532 1 1 1 1
 0.829532 1 1 1 1
 0.829532 1 1 1 1
 0.829532 1 1 1 1
 0.829532 1 1 1 1
 0.829532 1 1 1 1
 0.829532 1 1 1 1
 0.829532 1 1 1 1
 0.829532 1 1 1 1
 0.829532 1 1 1 1
 0.829532 1 1 1 1
 0.829532 1 1 1 1
 0.829532 1 1 1 1
 0.829532 1 1 1 1
 0.829532 1 1 1 1
 0.829532 1 1 1 1
 0.829532 1 1 1 1
 0.829532 1 1 1 1
 0.829532 1 1 1 1
 0.829532 1 1 1 1
 0.829532 1 1 1 1
 0.829532 1 1 1 1
 0.829532 1 1 1 1
 0.829532 1 1 1 1
 0.829532 1 1 1 1
 0.829532 1 1 1 1
 0.829532 1 1 1 1
 0.829532 1 1 1 1
Sel_reclas
 1 1 1 1 1
 1 1 1 1 1
 1 1 1 1 1
 1 1 1 1 1
 1 1 1 1 1
 1 1 1 1 1
 1 1 1 1 1
 1 1 1 1 1
 1 1 1 1 1
 1 1 1 1 1
 1 1 1 1 1
 1 1 1 1 1
 1 1 1 1 1
 1 1 1 1 1
 1 1 1 1 1
 1 1 1 1 1
 1 1 1 1 1
 1 1 1 1 1
 1 1 1 1 1
 1 1 1 1 1
 1 1 1 1 1
 1 1 1 1 1
 1 1 1 1 1
 1 1 1 1 1
 1 1 1 1 1
 1 1 1 1 1
 1 1 1 1 1
 1 1 1 1 1
 1 1 1 1 1
Sel_pelaces
 1 1 1 1 1
 1 1 1 1 1
 1 1 1 1 1
 1 1 1 1 1
 1 1 1 1 1
 1 1 1 1 1
 1 1 1 1 1
 1 1 1 1 1
 1 1 1 1 1
 1 1 1 1 1
 1 1 1 1 1
 1 1 1 1 1
 1 1 1 1 1
 1 1 1 1 1
 1 1 1 1 1
 1 1 1 1 1
 1 1 1 1 1
 1 1 1 1 1
 1 1 1 1 1
 1 1 1 1 1
 1 1 1 1 1
 1 1 1 1 1
 1 1 1 1 1
 1 1 1 1 1
 1 1 1 1 1
 1 1 1 1 1
 1 1 1 1 1
 1 1 1 1 1
 1 1 1 1 1
pf_obs 
 0.8446 0.082 0.0669 0.0065 0
 0.8095 0.147 0.0364 0.0071 0
 0.9664 0.0169 0.016 0.0007 0
 0.9276 0.0648 0.0075 0.0001 0
 0.7033 0.2144 0.0806 0.0017 0
 0.9318 0.0425 0.0243 0.0014 0
 0.5671 0.3108 0.0964 0.0239 0.0018
 0.0768 0.2599 0.5324 0.112 0.0189
 0.490249 0.384438 0.106611 0.0170017 0.00170017
 0.7925 0.1577 0.0466 0.003 0.0002
 0.840416 0.127587 0.0312969 0.00059994 9.999e-05
 0.8084 0.0986 0.0794 0.0134 0.0002
 0.7335 0.1905 0.0724 0.0035 0.0001
 0.4001 0.4547 0.1325 0.0127 0
 0.49795 0.308269 0.164784 0.0264974 0.00249975
 0.9179 0.0499 0.0305 0.0017 0
 0.2467 0.6533 0.0926 0.0074 0
 0.9418 0.0223 0.034 0.0019 0
 0.707729 0.231977 0.0356964 0.0245975 0
 0.517169 0.277429 0.184464 0.0207286 0.00020938
 0.811772 0.124168 0.05621 0.00726502 0.000585176
 0.764997 0.148141 0.077277 0.00933861 0.000247198
 0.163321 0.427699 0.378323 0.0303852 0.000271297
 0.753843 0.0900009 0.118128 0.0371064 0.000921714
 0.721811 0.176058 0.0630433 0.0369309 0.00215725
 0.143369 0.312575 0.442814 0.0836902 0.0175525
 0.692698 0.0596174 0.167031 0.0765114 0.00414204
 0.394062 0.376323 0.152708 0.0712218 0.00568511
 0.125707 0.32114 0.495352 0.0537591 0.00404204
pf_pred 
 0.454081 0.12395 0.397939 0.0240287 7.9562e-07
 0.423852 0.290387 0.0648818 0.208301 0.0125782
 0.565641 0.206824 0.114681 0.0256234 0.0872307
 0.741233 0.159548 0.047244 0.0261962 0.0257789
 0.656002 0.268943 0.046277 0.0137031 0.0150754
 0.756821 0.170093 0.0571394 0.00983199 0.00611427
 0.48047 0.41225 0.0750379 0.0252075 0.00703482
 0.459168 0.292553 0.197011 0.03586 0.0154084
 0.547036 0.230071 0.12057 0.0811941 0.0211293
 0.710814 0.1738 0.0586069 0.0307133 0.0260653
 0.820882 0.135427 0.0262582 0.00885449 0.00857826
 0.739447 0.220962 0.0299343 0.00580405 0.00385329
 0.685183 0.246129 0.0582509 0.00789142 0.00254591
 0.629975 0.271072 0.0773634 0.0183094 0.00328067
 0.737853 0.180479 0.0598276 0.0170747 0.00476509
 0.936295 0.049747 0.00960932 0.00318542 0.00116282
 0.384534 0.583772 0.0247504 0.00478088 0.00216336
 0.899145 0.0439456 0.0539783 0.00228854 0.000642098
 0.598765 0.367846 0.0145484 0.0178697 0.000970199
 0.605665 0.256705 0.126177 0.00499033 0.0064624
 0.743724 0.168288 0.0572784 0.0281539 0.00255544
 0.746716 0.198045 0.0362733 0.0123459 0.00661915
 0.322955 0.531967 0.113438 0.0207769 0.010863
 0.745292 0.094075 0.126213 0.0269139 0.00750676
 0.632599 0.287243 0.0296059 0.0397198 0.0108324
 0.443263 0.377673 0.139996 0.0144293 0.0246381
 0.742143 0.127112 0.0886935 0.0328771 0.00917469
 0.665101 0.260864 0.0364961 0.0254654 0.0120738
 0.375675 0.44219 0.141871 0.0198485 0.0204158
pobs_RECLAS
 0 0 0 0 0
 0 0 0 0 0
 0 0 0 0 0
 0 0 0 0 0
 0 0 0 0 0
 0 0 0 0 0
 0 0 0 0 0
 0 0 0 0 0
 0 0 0 0 0
 0 0 0 0 0
 0.991045 0.00858322 0.000360255 1.14367e-05 0
 0.934742 0.0480273 0.0164251 0.00080598 0
 0.827803 0.169806 0.00239088 0 0
 0.941827 0.0461693 0.0120037 0 0
 0.791401 0.0380133 0.147996 0.0225897 0
 0.846168 0.0940531 0.0597789 0 0
 0.134021 0.677848 0.182769 0.00536245 0
 0.80878 0.0450904 0.141981 0.00414843 0
 0.846168 0.0940531 0.0597789 0 0
 0.905697 0.0802665 0.012482 0.00150086 5.37128e-05
 0.989698 0.0102097 9.19794e-05 0 0
 0.975433 0.0193895 0.00387452 0.00125025 5.28907e-05
 0.303575 0.632131 0.0575291 0.00676475 0
 0.966965 0.00978017 0.0227588 0.000495775 0
 0.843318 0.132988 0.00938335 0.0141283 0.000182051
 0.564624 0.303363 0.111486 0.0197234 0.00080311
 0.826376 0.0876187 0.0782897 0.00655872 0.00115652
 0.89761 0.0855135 0.0140674 0.00269457 0.000114338
 0.34875 0.467042 0.161289 0.0227151 0.000203297
ppred_RECLAS
 0.501191 0.113254 0.363599 0.0219552 7.26962e-07
 0.471031 0.266608 0.0595687 0.191244 0.0115482
 0.611816 0.184837 0.10249 0.0228995 0.0779577
 0.776576 0.137757 0.0407913 0.0226182 0.0222579
 0.697265 0.236682 0.0407259 0.0120594 0.013267
 0.790208 0.146741 0.0492947 0.00848214 0.00527483
 0.52981 0.373099 0.0679116 0.0228136 0.00636673
 0.506118 0.267157 0.179908 0.032747 0.0140708
 0.594241 0.206094 0.108005 0.0727326 0.0189273
 0.749231 0.150712 0.0508212 0.0266332 0.0226026
 0.846936 0.115728 0.0224389 0.00756657 0.00733052
 0.775311 0.190547 0.025814 0.00500514 0.0033229
 0.725607 0.214525 0.0507711 0.00687811 0.002219
 0.675743 0.237543 0.0677943 0.0160447 0.00287488
 0.773984 0.155604 0.0515816 0.0147213 0.00410833
 0.946924 0.0414472 0.0080061 0.00265396 0.000968817
 0.430622 0.540057 0.022897 0.00442287 0.00200136
 0.915194 0.0369527 0.0453889 0.00192437 0.000539923
 0.644187 0.326205 0.0129014 0.0158468 0.000860369
 0.650589 0.22746 0.111803 0.00442181 0.00572618
 0.778401 0.145517 0.0495281 0.0243444 0.00220966
 0.78133 0.17098 0.0313161 0.0106587 0.00571458
 0.365769 0.498327 0.106265 0.019463 0.010176
 0.779547 0.0814229 0.109238 0.0232943 0.00649718
 0.675418 0.253766 0.0261555 0.0350906 0.0095699
 0.490238 0.345807 0.128184 0.0132119 0.0225593
 0.776684 0.110085 0.0768124 0.028473 0.00794568
 0.705822 0.229145 0.0320585 0.022369 0.0106057
 0.420924 0.410141 0.131589 0.0184099 0.0189361
pobs_PELACES
 0 0 0 0 0
 0 0 0 0 0
 0 0 0 0 0
 0 0 0 0 0
 0 0 0 0 0
 0 0 0 0 0
 0 0 0 0 0
 0 0 0 0 0
 0 0 0 0 0
 0 0 0 0 0
 0 0 0 0 0
 0 0 0 0 0
 0 0 0 0 0
 0 0 0 0 0
 0 0 0 0 0
 0 0 0 0 0
 0.505614 0.472636 0.0217494 0 0
 0 0 0 0 0
 0.443492 0.261883 0.143347 0.151278 0
 0.227955 0.32914 0.350689 0.0885471 0.00366901
 0.970185 0.0296113 0.000203453 0 0
 0.997202 0.00247181 0.000326279 0 0
 0.445219 0.490057 0.0546422 0.010081 0
 0.90214 0.0892962 0.00764917 0.000914606 0
 0 0 0 0 0
 0.581667 0.319106 0.0959925 0.00289975 0.000334073
 0.762889 0.0836404 0.116647 0.0363945 0.000428098
 0.88444 0.0763242 0.0277011 0.0115352 0
 0.521256 0.241999 0.230069 0.00667565 0
ppred_PELACES
 0.503055 0.112831 0.362241 0.0218731 7.24246e-07
 0.474415 0.264903 0.0591877 0.190021 0.0114744
 0.614956 0.183342 0.101661 0.0227143 0.077327
 0.780043 0.135619 0.0401582 0.0222672 0.0219125
 0.698713 0.235551 0.0405312 0.0120017 0.0132036
 0.792388 0.145215 0.0487823 0.00839397 0.00522
 0.537154 0.367271 0.0668508 0.0224572 0.00626728
 0.507309 0.266512 0.179474 0.032668 0.0140368
 0.598705 0.203827 0.106817 0.0719323 0.018719
 0.753763 0.147988 0.0499027 0.0261519 0.0221941
 0.84767 0.115173 0.0223312 0.00753026 0.00729534
 0.779619 0.186893 0.025319 0.00490917 0.00325918
 0.73022 0.210919 0.0499177 0.0067625 0.0021817
 0.684172 0.231368 0.0660321 0.0156277 0.00280015
 0.778567 0.152449 0.0505358 0.0144228 0.00402503
 0.947971 0.0406294 0.00784813 0.0026016 0.000949701
 0.433994 0.536859 0.0227614 0.00439668 0.00198951
 0.916248 0.0364935 0.0448249 0.00190046 0.000533214
 0.648678 0.322087 0.0127386 0.0156468 0.000849508
 0.654607 0.224845 0.110517 0.00437096 0.00566033
 0.780722 0.143993 0.0490092 0.0240893 0.00218651
 0.784234 0.16871 0.0309003 0.0105172 0.00563869
 0.368127 0.496475 0.10587 0.0193907 0.0101382
 0.781052 0.0808673 0.108493 0.0231353 0.00645284
 0.677367 0.252242 0.0259984 0.0348799 0.00951244
 0.492032 0.34459 0.127733 0.0131654 0.0224799
 0.77817 0.109352 0.0763014 0.0282835 0.00789282
 0.707438 0.227886 0.0318824 0.0222462 0.0105474
 0.422746 0.40885 0.131175 0.018352 0.0188765
pobs_pel_tallas
 0 0 0 0 0 0 0 0 0 0 0 0 0 0 0 0 0 0 0 0 0 0 0 0 0 0
 0 0 0 0 0 0 0 0 0 0 0 0 0 0 0 0 0 0 0 0 0 0 0 0 0 0
 0 0 0 0 0 0 0 0 0 0 0 0 0 0 0 0 0 0 0 0 0 0 0 0 0 0
 0 0 0 0 0 0 0 0 0 0 0 0 0 0 0 0 0 0 0 0 0 0 0 0 0 0
 0 0 0 0 0 0 0 0 0 0 0 0 0 0 0 0 0 0 0 0 0 0 0 0 0 0
 0 0 0 0 0 0 0 0 0 0 0 0 0 0 0 0 0 0 0 0 0 0 0 0 0 0
 0 0 0 0 0 0 0 0 0 0 0 0 0 0 0 0 0 0 0 0 0 0 0 0 0 0
 0 0 0 0 0 0 0 0 0 0 0 0 0 0 0 0 0 0 0 0 0 0 0 0 0 0
 0 0 0 0 0 0 0 0 0 0 0 0 0 0 0 0 0 0 0 0 0 0 0 0 0 0
 0 0 0 0 0 0 0 0 0 0 0 0 0 0 0 0 0 0 0 0 0 0 0 0 0 0
 0 0 0 0 0 0 0 0 0 0 0 0 0 0 0 0 0 0 0 0 0 0 0 0 0 0
 0 0 0 0 0 0 0 0 0 0 0 0 0 0 0 0 0 0 0 0 0 0 0 0 0 0
 0.00862536 0 0 0.000197151 0.00414017 0.0128641 0.00837892 0.0270097 0.101434 0.158115 0.152841 0.127902 0.109271 0.109419 0.0830992 0.0579132 0.0238553 0.00714673 0.00463305 0.00128148 0.00103504 0.000492878 0.000147863 0.000147863 4.92878e-05 0
 0 0 0 0 0 0 0 0 0 0 0 0 0 0 0 0 0 0 0 0 0 0 0 0 0 0
 0 0 0 0 0 0 0 0.0054083 0.00873648 0.0413646 0.0450493 0.0745869 0.0622846 0.0627006 0.0613931 0.0827291 0.12552 0.122667 0.0946155 0.0697135 0.0546179 0.0294188 0.0215738 0.0213955 0.0102223 0.00600262
 0 0 0 0 0.00359764 0.0251062 0.0480494 0.140153 0.205849 0.193036 0.1447 0.116669 0.0760912 0.0342217 0.00950174 0.001854 0.000860785 0 0 0 0.000165536 0 0.000143464 0 0 0
 0 0 0 0 0 0 0 0.000145254 0.000435761 0.0275982 0.070085 0.0708112 0.156366 0.174668 0.174014 0.160142 0.0824315 0.0480064 0.0283245 0.00493863 0.00203355 0 0 0 0 0
 0 0 0 0 0 0 0 0 0 0 0 0 0 0 0 0 0 0 0 0 0 0 0 0 0 0
 0 0 1.00437e-05 0.000401748 0.00122533 0.00171747 0.00176769 0.0269171 0.070346 0.194647 0.189555 0.159765 0.064822 0.0314167 0.0384472 0.0292271 0.0345202 0.0313363 0.0194345 0.0106764 0.0143323 0.0359363 0.0279516 0.0138201 0.00172751 0
 0 0.0021121 0.0136068 0.0755702 0.200478 0.177729 0.0527432 0.0373336 0.0318909 0.0142505 0.0149659 0.0166563 0.0217959 0.0798694 0.0677717 0.0528807 0.04013 0.0224614 0.0357745 0.0225083 0.00881397 0.00855152 0.00135912 0.000746735 0 0
 0 0 0 0 5.4009e-05 0.00500934 0.000945158 0.0243581 0.138947 0.33067 0.221406 0.137944 0.0707744 0.0437923 0.0131692 0.00525238 0.0047753 0.00276346 9.45158e-05 9.00151e-06 2.25038e-05 9.00151e-06 4.50075e-06 0 0 0
 0.000866109 0.00284123 0.00948549 0.0512746 0.133035 0.25785 0.225252 0.132002 0.0553304 0.0519788 0.0540692 0.017754 0.00435017 0.00159236 0.00146478 0.000404838 0.000125132 0.000115318 0.000107957 0.000100596 0 0 0 0 0 0
 0 0 0 0 0.00144013 0.00171154 0.00461396 0.0210425 0.0478622 0.0707936 0.0888783 0.103762 0.0637923 0.0337046 0.0602308 0.124433 0.169614 0.0934646 0.0462172 0.0250306 0.0313229 0.00938855 0.002487 0.000210481 0 0
 0 0.00764035 0.051015 0.0998891 0.058973 0.0496711 0.0374665 0.0718981 0.12319 0.153886 0.159021 0.0857701 0.0377988 0.023471 0.0147837 0.00900784 0.00315554 0.000888139 0.00291439 0.00214683 0.00393193 0.00274676 0.000635225 9.99891e-05 0 0
 0 0 0 0 0 0 0 0 0 0 0 0 0 0 0 0 0 0 0 0 0 0 0 0 0 0
 0 0 0 0 0 0 0 0 0 0 0 0 0 0 0 0 0 0 0 0 0 0 0 0 0 0
 0 0 0 0 0 0 0 0 0 0 0 0 0 0 0 0 0 0 0 0 0 0 0 0 0 0
 0 0 0 0 0 0 0 0 0 0 0 0 0 0 0 0 0 0 0 0 0 0 0 0 0 0
 0 0 0 0 0 0 0 0 0 0 0 0 0 0 0 0 0 0 0 0 0 0 0 0 0 0
ppred_pel_tallas
 1.12677e-16 4.1436e-05 0.000402772 0.00267656 0.0121673 0.037857 0.0806587 0.117726 0.117738 0.0807148 0.0380467 0.0127221 0.00409514 0.00358517 0.00633581 0.0110603 0.0174419 0.0250757 0.0334574 0.0421652 0.0507738 0.0584957 0.0639725 0.0656244 0.0624525 0.0547134
 1.22774e-16 3.9077e-05 0.000379842 0.00252418 0.0114746 0.0357019 0.0760675 0.111028 0.111054 0.0761928 0.0361229 0.0126922 0.00558633 0.00708497 0.0128368 0.021337 0.0311789 0.0402249 0.0464099 0.0490053 0.0491286 0.048942 0.050124 0.0527912 0.0555616 0.0565116
 1.18345e-16 5.06532e-05 0.000492367 0.00327195 0.0148738 0.0462781 0.098601 0.143915 0.143933 0.0986881 0.0465709 0.0157214 0.00540657 0.00517588 0.0090161 0.0150141 0.0220774 0.028747 0.033595 0.0360494 0.0367351 0.0369635 0.0377707 0.039269 0.0407139 0.0410706
 1.07135e-16 6.42512e-05 0.000624544 0.00415032 0.0188667 0.0587015 0.12507 0.182546 0.18256 0.125134 0.0589169 0.0194894 0.00571541 0.00404875 0.00659032 0.0108552 0.015781 0.0201738 0.0228754 0.0233911 0.0221869 0.0203444 0.0188489 0.0180667 0.0177263 0.0172718
 1.04668e-16 5.75521e-05 0.000559427 0.00371759 0.0168996 0.0525812 0.112031 0.163517 0.163539 0.112142 0.052954 0.0179766 0.0064217 0.00646516 0.0112816 0.0185813 0.0268141 0.0338353 0.0375021 0.0368405 0.0326227 0.0268271 0.021427 0.0174528 0.0148717 0.013083
 1.03171e-16 6.5268e-05 0.000634428 0.004216 0.0191653 0.0596305 0.12705 0.185436 0.18545 0.127118 0.0598611 0.0198319 0.00589147 0.00429935 0.00704722 0.0116037 0.0168415 0.0214556 0.0241553 0.0243372 0.0224158 0.0194856 0.0166039 0.0142701 0.0124129 0.0107225
 1.05336e-16 4.42447e-05 0.000430075 0.002858 0.0129921 0.0404233 0.0861275 0.125713 0.125748 0.0863006 0.0410047 0.0146716 0.00707511 0.00964066 0.0175505 0.0289806 0.0418294 0.0527854 0.0584988 0.0574267 0.050735 0.0414639 0.0326571 0.0259233 0.0212659 0.0178541
 1.10899e-16 4.17864e-05 0.000406179 0.0026992 0.0122702 0.0381773 0.0813417 0.118726 0.118752 0.0814684 0.0386035 0.0135043 0.00580807 0.00722986 0.0131099 0.0218917 0.0321974 0.0418846 0.0487604 0.0517711 0.0515054 0.049529 0.0471442 0.0446331 0.0414689 0.0370758
 1.13517e-16 4.93146e-05 0.000479356 0.00318549 0.0144808 0.0450552 0.0959955 0.140112 0.140132 0.0960923 0.0453806 0.0154226 0.00555708 0.00568167 0.0100044 0.0166609 0.0244738 0.0318061 0.0370358 0.0394722 0.0397339 0.0391893 0.0389152 0.0390219 0.0387809 0.0372811
 1.07857e-16 6.20865e-05 0.000603503 0.00401049 0.0182311 0.0567239 0.120857 0.176397 0.176411 0.120927 0.0569591 0.0189112 0.00572058 0.00434646 0.00720011 0.0118841 0.0173043 0.022176 0.0252452 0.0259727 0.0248513 0.0230279 0.0215327 0.0207249 0.0202893 0.0196317
 1.02664e-16 6.98215e-05 0.00067869 0.00451013 0.0205024 0.0637907 0.135913 0.198372 0.198383 0.135968 0.0639731 0.0210293 0.00583341 0.00356949 0.00556623 0.00910843 0.0131549 0.0166314 0.0184958 0.0182773 0.0163525 0.0136776 0.0111967 0.00938719 0.00820831 0.00735127
 1.01823e-16 6.42163e-05 0.000624205 0.00414806 0.0188565 0.0586697 0.125003 0.182449 0.182467 0.125091 0.0589652 0.01971 0.00629033 0.00530048 0.00894441 0.0146829 0.0211394 0.0265712 0.0292464 0.0283655 0.0245317 0.0193356 0.0143999 0.01063 0.00809916 0.00641663
 1.02542e-16 6.01473e-05 0.000584653 0.00388522 0.0176617 0.0549521 0.117082 0.170889 0.170909 0.117182 0.0552863 0.0186273 0.00631051 0.00588395 0.0101387 0.016703 0.0241406 0.0305334 0.0339587 0.0335148 0.0298308 0.0245914 0.0194844 0.0154044 0.0123784 0.0100074
 1.04006e-16 5.63544e-05 0.000547784 0.00364022 0.0165479 0.0514869 0.109699 0.160114 0.160136 0.109808 0.0518539 0.0176087 0.00630546 0.00637479 0.0111487 0.0184093 0.0266715 0.0338704 0.0379301 0.0378806 0.0343998 0.0292807 0.024279 0.0202637 0.0171703 0.014517
 1.03625e-16 6.41296e-05 0.000623362 0.00414246 0.018831 0.0585904 0.124834 0.182201 0.182216 0.124906 0.0588325 0.0195309 0.0059016 0.00447151 0.00739586 0.0121868 0.0176939 0.0225555 0.0254236 0.0256734 0.0237471 0.0207951 0.0179172 0.0156155 0.0137838 0.0120673
 1.00659e-16 7.80831e-05 0.000758996 0.00504379 0.0229284 0.0713387 0.151995 0.221842 0.221845 0.152014 0.071403 0.0231142 0.0055105 0.00177846 0.00201613 0.00321453 0.00463502 0.00585403 0.00649788 0.00639653 0.00567871 0.00467894 0.00373065 0.0030077 0.00250675 0.00213354
 1.01572e-16 3.57476e-05 0.000347479 0.00230912 0.010497 0.0326603 0.0695881 0.101577 0.101628 0.0698404 0.0335074 0.0129426 0.00844376 0.0137253 0.0254008 0.0418263 0.0599912 0.0748975 0.0814754 0.0773878 0.0644506 0.0474698 0.0314623 0.0193964 0.0117352 0.00740462
 1.01584e-16 7.54701e-05 0.000733597 0.00487501 0.0221611 0.0689514 0.146908 0.214418 0.214421 0.146926 0.0690103 0.0223322 0.0053076 0.00168767 0.0019158 0.00312149 0.0046603 0.00621482 0.00750318 0.00837375 0.00885186 0.00904732 0.00901142 0.0086829 0.00796467 0.00684505
 1.02163e-16 5.34308e-05 0.000519367 0.00345138 0.0156895 0.0488159 0.104009 0.15181 0.151841 0.10416 0.0493242 0.017157 0.0071327 0.00854803 0.0152789 0.0251163 0.0360413 0.045045 0.0491062 0.0468491 0.039386 0.029605 0.0204888 0.013753 0.00958193 0.00723666
 1.04644e-16 5.39192e-05 0.000524113 0.00348292 0.0158329 0.049262 0.104959 0.153195 0.153217 0.105065 0.0496201 0.0168686 0.00608867 0.00623156 0.0109491 0.0181603 0.0264902 0.0340054 0.0387412 0.0397424 0.0375484 0.033673 0.0295442 0.0257861 0.0222764 0.018683
 1.04238e-16 6.43071e-05 0.000625088 0.00415393 0.0188832 0.0587526 0.125179 0.182706 0.182719 0.125247 0.0589814 0.0195446 0.00581683 0.00426378 0.00700027 0.0115384 0.0167749 0.021435 0.0242641 0.0246904 0.023142 0.0206964 0.0183577 0.0165397 0.0150703 0.0135538
 1.02944e-16 6.45963e-05 0.0006279 0.00417261 0.0189681 0.0590169 0.125742 0.183528 0.183544 0.125822 0.059284 0.0197397 0.00611003 0.00485961 0.00810829 0.0133209 0.0192272 0.0242744 0.0269262 0.0264805 0.0234796 0.0193241 0.0154104 0.0124667 0.0104746 0.00902697
 1.06843e-16 3.03222e-05 0.000294743 0.00195867 0.00890387 0.0277035 0.059027 0.0861617 0.0862096 0.0592612 0.0284898 0.0111757 0.00766394 0.0127586 0.0237283 0.03925 0.0567022 0.0716474 0.0795644 0.0783492 0.0695276 0.0571337 0.0452076 0.0358887 0.0292126 0.0241498
 1.06564e-16 6.43342e-05 0.000625351 0.00415568 0.0188911 0.0587773 0.125232 0.182781 0.182789 0.125271 0.0589085 0.0192721 0.0051196 0.00275514 0.00418432 0.00701246 0.0105563 0.0142417 0.017508 0.020072 0.0220126 0.0235379 0.0246526 0.0250468 0.0243045 0.0222298
 1.05923e-16 5.57939e-05 0.000542337 0.00360402 0.0163834 0.0509748 0.108608 0.158522 0.158546 0.108727 0.0513736 0.0175352 0.00649534 0.00685426 0.0120444 0.0198284 0.0285756 0.0359865 0.0397749 0.0389323 0.0343513 0.0282309 0.0227432 0.0189859 0.0168337 0.0154909
 1.08899e-16 4.05281e-05 0.000393947 0.00261792 0.0119007 0.0370277 0.0788926 0.115153 0.115186 0.0790556 0.0375752 0.0134838 0.00659793 0.00910268 0.0166397 0.0276009 0.0401217 0.0512205 0.0578631 0.0586275 0.0544833 0.0479858 0.0415813 0.0363914 0.0322006 0.0282561
 1.06403e-16 6.40969e-05 0.000623044 0.00414035 0.0188214 0.0585605 0.12477 0.182107 0.182118 0.124822 0.0587356 0.0193285 0.00541839 0.00343017 0.00544601 0.00903548 0.0133251 0.0174249 0.0204675 0.022057 0.0224583 0.0223054 0.022077 0.0217847 0.0210792 0.0196007
 1.04995e-16 5.82708e-05 0.000566412 0.00376401 0.0171107 0.0532377 0.113429 0.165558 0.16558 0.113537 0.0535982 0.018152 0.00637839 0.00627515 0.0109051 0.0179502 0.025889 0.0326428 0.036144 0.0354669 0.0313879 0.0258544 0.0207968 0.0172031 0.0149949 0.0135195
 1.08925e-16 3.48211e-05 0.000338474 0.00224928 0.0102249 0.0318138 0.067784 0.098941 0.0989806 0.0679772 0.0324627 0.0121009 0.00696407 0.0106499 0.0196738 0.0326157 0.0473222 0.060225 0.0676868 0.0680072 0.0623694 0.0538937 0.0456103 0.0389783 0.0338252 0.0292706
pSPR Fmed_Fpbrs
0.638192   0.205144 0.205144
Fs Fmed_Fpbrs
0.237929   1.005 1.005
SSBpbr Bo_Bmed_Bpbrs
1.93228e+06  1.13655e+06  299781 299781
Ro
179336
SPR SPRFo_SPRFmed_SPRFpbrs
1.27454e+06 813401 261464
Fref
1.005
Nvult_r0
 78052.2 77765 24950 3490.62 3590.39
CTP_r0
 7746.83 9118.45 2925.55 409.298 420.996
YTP_r0
316627
Np
 264163 38356.2 36952.9 11855.9 2193
Nvult_p0
 221943 33191.2 31976.8 10259.4 1897.69
CTP_p0
 100906 16637 16028.3 5142.48 951.21
YTP_p0
 1.58579e+06
CBA_c0
697375
log_Ro
11.917
likeval ReclasPelacesDesembMPH_pf_preclas_ppelaces_ptallas_desvR_qrecl_qpela
 13.2411 17.4435 0.0604749 0.000819803 222.009 104.826 83.7757 0 22.8675 8.28308e-07 0 0.309368 0 0 0
q_reclas_q_pelaces
0.879003 1
M
1
N
 198022 45255.3 145291 8773.08 0.290487
 112961 65265.3 14582.3 46816.2 2826.99
 110363 34017.7 18862.4 4214.46 14347.5
 182627 33397.7 9889.43 5483.56 5396.2
 145644 49954.9 8595.74 2545.29 2800.18
 255584 48420.6 16266 2798.89 1740.56
 105089 77388.8 14086.4 4732.04 1320.6
 47056.6 25019.1 16848.3 3066.74 1317.72
 45237.2 16136.3 8456.32 5694.64 1481.92
 60662.3 12659.6 4268.92 2237.15 1898.59
 113208 15602.8 3025.27 1020.15 988.323
 150075 38302 5188.88 1006.09 667.938
 124861 38240.6 9050.33 1226.08 395.553
 87405.9 32582.7 9299.05 2200.79 394.335
 86805.7 18163.6 6021.08 1718.41 479.562
 478896 21640.3 4180.12 1385.68 505.835
 100893 129194 5477.49 1058.05 478.771
 735308 30310.1 37229.8 1578.45 442.867
 423954 221171 8747.36 10744.4 583.342
 325020 116727 57374.3 2269.16 2938.53
 482527 92071 31337.2 15403.1 1398.09
 647677 145448 26639.7 9067.07 4861.23
 133877 185222 39497.2 7234.16 3782.3
 400623 42404.8 56891 12131.6 3383.71
 340030 129490 13346.5 17905.8 4883.27
 153835 109699 40663.6 4191.17 7156.43
 354547 50910.3 35523 13167.7 3674.6
 349821 114919 16077.7 11218.3 5318.87
 116408 114718 36805.9 5149.32 5296.49
pred_Ctot
 13147.4 3588.85 11521.9 695.726 0.0230363
 13165.7 9020.06 2015.37 6470.29 390.707
 12574.5 4597.8 2549.42 569.622 1939.19
 30327.3 6527.87 1932.97 1071.81 1054.74
 8938.01 3664.34 630.523 186.705 205.402
 29041.2 6526.91 2192.59 377.279 234.62
 24278.5 20831.2 3791.71 1273.75 355.474
 2030.41 1293.65 871.169 158.571 68.1348
 6996.55 2942.59 1542.08 1038.47 270.242
 11875.6 2903.68 979.145 513.127 435.472
 5787.21 954.754 185.12 62.424 60.4766
 30038.2 8976.01 1216.01 235.775 156.53
 23588.8 8473.51 2005.41 271.678 87.6482
 25171.1 10830.9 3091.11 731.566 131.081
 18253.9 4464.92 1480.09 422.415 117.885
 82788.9 4398.72 849.673 281.66 102.819
 11889.7 18050.1 765.276 147.824 66.8905
 86171.6 4211.63 5173.13 219.327 61.5369
 69027.9 42406.7 1677.19 2060.09 111.848
 48263.6 20456.1 10054.7 397.665 514.97
 55996.4 12670.8 4312.61 2119.76 192.404
 93033.9 24674.6 4519.31 1538.19 824.685
 11907.8 19614.4 4182.62 766.073 400.533
 31068.2 3921.61 5261.29 1121.93 312.926
 26731 12137.7 1251.02 1678.39 457.731
 9849.01 8391.64 3110.63 320.61 547.443
 26930.9 4612.65 3218.51 1193.04 332.931
 24237.8 9506.47 1330 928.018 439.996
 7746.83 9118.45 2925.55 409.298 420.996
F
 0.109919 0.132508 0.132508 0.132508 0.132508
 0.200157 0.241289 0.241289 0.241289 0.241289
 0.195285 0.235416 0.235416 0.235416 0.235416
 0.296325 0.35722 0.35722 0.35722 0.35722
 0.10124 0.122045 0.122045 0.122045 0.122045
 0.194707 0.234719 0.234719 0.234719 0.234719
 0.435167 0.524593 0.524593 0.524593 0.524593
 0.070281 0.0847236 0.0847236 0.0847236 0.0847236
 0.273505 0.32971 0.32971 0.32971 0.32971
 0.357871 0.431413 0.431413 0.431413 0.431413
 0.083728 0.100934 0.100934 0.100934 0.100934
 0.367234 0.4427 0.4427 0.4427 0.4427
 0.343415 0.413986 0.413986 0.413986 0.413986
 0.571145 0.688515 0.688515 0.688515 0.688515
 0.389115 0.469078 0.469078 0.469078 0.469078
 0.310171 0.373911 0.373911 0.373911 0.373911
 0.202575 0.244204 0.244204 0.244204 0.244204
 0.201352 0.242729 0.242729 0.242729 0.242729
 0.28979 0.349341 0.349341 0.349341 0.349341
 0.261328 0.315031 0.315031 0.315031 0.315031
 0.199217 0.240156 0.240156 0.240156 0.240156
 0.251837 0.303589 0.303589 0.303589 0.303589
 0.149662 0.180417 0.180417 0.180417 0.180417
 0.129416 0.156011 0.156011 0.156011 0.156011
 0.131292 0.158272 0.158272 0.158272 0.158272
 0.105817 0.127562 0.127562 0.127562 0.127562
 0.126616 0.152635 0.152635 0.152635 0.152635
 0.114945 0.138566 0.138566 0.138566 0.138566
 0.110188 0.132832 0.132832 0.132832 0.132832
YTP_r0W_actual
 40283.5 186928 63484.4 11869.6 14061.3
YTP_p0W_proyectada
 758815 268188 374741 151703 32341.1
CTP_r0_actual
 7746.83 9118.45 2925.55 409.298 420.996
CTP_p0_proyectada
 100906 16637 16028.3 5142.48 951.21
Wmedp
 7.52 16.12 23.38 29.5 34
Frms_r0
 0.110188 0.132832 0.132832 0.132832 0.132832
Zrms_r0
 1.11019 1.13283 1.13283 1.13283 1.13283
nmprior
 8.19 8.8 8.5 0
nm_flota  nm_reclas  nm_pelaces    nm_pelaL
inf 11.671 16.2409 21.4621
cv_recla  cv_pelaces  cv_mph
0.34521 0.511519 0.883609
 ------------------------------------------------
Talla a la edad & desviaci?n 
 8 13.2811 15.8009 17.003 17.5766
 0.8 1.32811 1.58009 1.7003 1.75766
