years
 1991 1992 1993 1994 1995 1996 1997 1998 1999 2000 2001 2002 2003 2004 2005 2006 2007 2008 2009 2010 2011 2012 2013 2014 2015 2016 2017
reclasobs
 0 0 0 0 0 0 0 0 0 252601 567819 844713 477998 351125 339783 2.1784e+06 2.13404e+06 4.81314e+06 1.55562e+06 2.62356e+06 3.21686e+06 3.843e+06 1.13348e+06 3.07943e+06 1.97215e+06 2.03268e+06 2.025e+06
reclaspred
 4.14906e+06 2.85585e+06 2.02685e+06 2.12006e+06 2.20168e+06 2.52779e+06 2.11848e+06 2.97587e+06 3.10929e+06 3.30106e+06 2.41681e+06 2.43064e+06 2.24455e+06 2.10305e+06 2.17004e+06 2.21855e+06 2.3143e+06 2.68027e+06 1.55445e+06 1.15098e+06 1.84388e+06 1.16279e+06 1.45334e+06 2.17243e+06 1.91885e+06 2.30466e+06 2.477e+06
pelacesobs
 0 0 0 0 0 0 0 0 0 0 0 0 0 0 0 552880 188675 0 991730 2.46772e+06 1.41603e+06 1.21717e+06 2.29649e+06 1.80582e+06 0 1.4828e+06 1.56532e+06
pelacespred
 1.9996e+06 1.48114e+06 1.02391e+06 922413 1.0351e+06 1.1721e+06 1.00072e+06 1.53912e+06 1.70367e+06 1.69152e+06 1.38487e+06 1.1678e+06 1.1359e+06 1.16139e+06 1.20351e+06 1.0563e+06 1.05771e+06 1.16411e+06 769464 503260 728912 518765 671763 1.07005e+06 962888 1.12591e+06 1.34382e+06
mphobs
 0 0 0 0 0 0 0 0 0 0 0 498337 0 5186 125008 0 168611 109162 213762 579715 649985 157893 87575 83554 0 0 0
mphpred
 3.87347e+06 2.81868e+06 1.94313e+06 1.55942e+06 1.74383e+06 1.87738e+06 1.92105e+06 1.75926e+06 2.46376e+06 2.80674e+06 2.25663e+06 2.03648e+06 1.85463e+06 1.63824e+06 1.57798e+06 1.95115e+06 1.69077e+06 2.09993e+06 1.58649e+06 950513 1.12693e+06 1.17323e+06 816615 1.37593e+06 1.74999e+06 1.5325e+06 1.92528e+06
desembarqueobs
 494567 514787 250237 358949 120608 361735 552515 73892 212993 205616 52469 317467 293654 387597 252695 516296 358380 742168 942051 627588 828172 859565 418607 520667 417249 300574 415391
desembarquepred
 494419 505244 261037 358660 120520 361427 552016 73840.8 212870 205505 52435.4 317334 293523 387446 252555 515928 358048 740810 938808 625679 826291 857005 418128 520171 416868 300347 415094
Reclutas
 325302 325302 325302 325302 325302 325302 325302 325302 325302 325302 325302 325302 325302 325302 325302 325302 325302 325302 325302 325302 325302 325302 325302 325302 325302 325302 325302
log_desv_Rt
 0 0 0 0 0 0 0 0 0 0 0 0 0 0 0 0 0 0 0 0 0 0 0 0 0 0 0
SSB
 3.87347e+06 2.81868e+06 1.94313e+06 1.55942e+06 1.74383e+06 1.87738e+06 1.92105e+06 1.75926e+06 2.46376e+06 2.80674e+06 2.25663e+06 2.03648e+06 1.85463e+06 1.63824e+06 1.57798e+06 1.95115e+06 1.69077e+06 2.09993e+06 1.58649e+06 950513 1.12693e+06 1.17323e+06 816615 1.37593e+06 1.74999e+06 1.5325e+06 1.92528e+06
BT
 5.40944e+06 4.34094e+06 2.84585e+06 2.88597e+06 2.87687e+06 3.68283e+06 3.19031e+06 5.09769e+06 5.26383e+06 4.78909e+06 3.79555e+06 3.44618e+06 3.48882e+06 4.02633e+06 4.06442e+06 3.34734e+06 3.36505e+06 3.90254e+06 3.23734e+06 2.08684e+06 3.00741e+06 2.34485e+06 2.6598e+06 4.01631e+06 3.03299e+06 3.78623e+06 4.56211e+06
Ftot
 0.113299 0.167449 0.122367 0.160311 0.0523168 0.135776 0.245089 0.0237703 0.0653894 0.0594625 0.0207861 0.12406 0.124288 0.17453 0.110821 0.219227 0.146843 0.259585 0.552152 0.500945 0.415758 0.665933 0.270889 0.226054 0.20511 0.123942 0.158921
BD_Bspro_t
 0.982035 0.883202 0.802318 0.789274 0.793077 0.838675 0.807009 0.756282 0.861936 0.891792 0.894489 0.916068 0.860464 0.820432 0.804338 0.817999 0.744737 0.776623 0.665107 0.517772 0.509348 0.501657 0.446816 0.608742 0.687626 0.707243 0.784508
BD_Bspro
 1.67602 1.21962 0.840777 0.674748 0.754545 0.812327 0.831223 0.76122 1.06605 1.21446 0.976426 0.881169 0.802485 0.708853 0.682779 0.844248 0.731585 0.908627 0.686464 0.41128 0.487615 0.50765 0.353344 0.595355 0.757209 0.6631 0.833056
BD_Bo
 1.53134 1.11434 0.768196 0.6165 0.689408 0.742203 0.759467 0.695507 0.974024 1.10962 0.892135 0.805102 0.73321 0.647661 0.623838 0.771367 0.668431 0.830189 0.627204 0.375776 0.445522 0.463826 0.322841 0.543961 0.691843 0.605858 0.761142
BD_Brms
 6.56955 4.78058 3.29561 2.64483 2.95761 3.1841 3.25816 2.98377 4.17863 4.76034 3.82732 3.45394 3.14552 2.77851 2.67631 3.30922 2.86761 3.56157 2.69075 1.61211 1.91132 1.98985 1.38501 2.33363 2.96805 2.59917 3.26535
Sel_flota
 0.5 1 1 1 1
 0.5 1 1 1 1
 0.5 1 1 1 1
 0.5 1 1 1 1
 0.5 1 1 1 1
 0.5 1 1 1 1
 0.5 1 1 1 1
 0.5 1 1 1 1
 0.5 1 1 1 1
 0.5 1 1 1 1
 0.5 1 1 1 1
 0.5 1 1 1 1
 0.5 1 1 1 1
 0.5 1 1 1 1
 0.5 1 1 1 1
 0.5 1 1 1 1
 0.5 1 1 1 1
 0.5 1 1 1 1
 0.5 1 1 1 1
 0.5 1 1 1 1
 0.5 1 1 1 1
 0.5 1 1 1 1
 0.5 1 1 1 1
 0.5 1 1 1 1
 0.5 1 1 1 1
 0.5 1 1 1 1
 0.5 1 1 1 1
Sel_reclas
 0.5 1 1 1 1
 0.5 1 1 1 1
 0.5 1 1 1 1
 0.5 1 1 1 1
 0.5 1 1 1 1
 0.5 1 1 1 1
 0.5 1 1 1 1
 0.5 1 1 1 1
 0.5 1 1 1 1
 0.5 1 1 1 1
 0.5 1 1 1 1
 0.5 1 1 1 1
 0.5 1 1 1 1
 0.5 1 1 1 1
 0.5 1 1 1 1
 0.5 1 1 1 1
 0.5 1 1 1 1
 0.5 1 1 1 1
 0.5 1 1 1 1
 0.5 1 1 1 1
 0.5 1 1 1 1
 0.5 1 1 1 1
 0.5 1 1 1 1
 0.5 1 1 1 1
 0.5 1 1 1 1
 0.5 1 1 1 1
 0.5 1 1 1 1
Sel_pelaces
 0.5 1 1 1 1
 0.5 1 1 1 1
 0.5 1 1 1 1
 0.5 1 1 1 1
 0.5 1 1 1 1
 0.5 1 1 1 1
 0.5 1 1 1 1
 0.5 1 1 1 1
 0.5 1 1 1 1
 0.5 1 1 1 1
 0.5 1 1 1 1
 0.5 1 1 1 1
 0.5 1 1 1 1
 0.5 1 1 1 1
 0.5 1 1 1 1
 0.5 1 1 1 1
 0.5 1 1 1 1
 0.5 1 1 1 1
 0.5 1 1 1 1
 0.5 1 1 1 1
 0.5 1 1 1 1
 0.5 1 1 1 1
 0.5 1 1 1 1
 0.5 1 1 1 1
 0.5 1 1 1 1
 0.5 1 1 1 1
 0.5 1 1 1 1
pf_obs 
 0.8446 0.082 0.0669 0.0065 0
 0.8095 0.147 0.0364 0.0071 0
 0.9664 0.0169 0.016 0.0007 0
 0.9276 0.0648 0.0075 0.0001 0
 0.7033 0.2144 0.0806 0.0017 0
 0.9318 0.0425 0.0243 0.0014 0
 0.5671 0.3108 0.0964 0.0239 0.0018
 0.0768 0.2599 0.5324 0.112 0.0189
 0.490249 0.384438 0.106611 0.0170017 0.00170017
 0.7925 0.1577 0.0466 0.003 0.0002
 0.840416 0.127587 0.0312969 0.00059994 9.999e-05
 0.8084 0.0986 0.0794 0.0134 0.0002
 0.7335 0.1905 0.0724 0.0035 0.0001
 0.4001 0.4547 0.1325 0.0127 0
 0.49795 0.308269 0.164784 0.0264974 0.00249975
 0.9179 0.0499 0.0305 0.0017 0
 0.2467 0.6533 0.0926 0.0074 0
 0.9418 0.0223 0.034 0.0019 0
 0.707729 0.231977 0.0356964 0.0245975 0
 0.517169 0.277429 0.184464 0.0207286 0.00020938
 0.811772 0.124168 0.05621 0.00726502 0.000585176
 0.764997 0.148141 0.077277 0.00933861 0.000247198
 0.163321 0.427699 0.378323 0.0303852 0.000271297
 0.753843 0.0900009 0.118128 0.0371064 0.000921714
 0.721811 0.176058 0.0630433 0.0369309 0.00215725
 0.143369 0.312575 0.442814 0.0836902 0.0175525
 0.692698 0.0596174 0.167031 0.0765114 0.00414204
pf_pred 
 0.43279 0.0447895 0.487192 0.0247338 0.0104947
 0.476708 0.320291 0.0160299 0.174363 0.0126081
 0.498868 0.329189 0.105241 0.00526711 0.0614351
 0.501429 0.335855 0.106887 0.0341716 0.021658
 0.502448 0.337522 0.107802 0.0343082 0.01792
 0.49092 0.342214 0.113196 0.0361539 0.017516
 0.504993 0.330414 0.110642 0.0365978 0.0173521
 0.514734 0.333386 0.101379 0.0339477 0.0165532
 0.487077 0.349374 0.112361 0.0341677 0.0170203
 0.483865 0.340337 0.119744 0.0385103 0.0175441
 0.479882 0.341253 0.117943 0.0414969 0.0194255
 0.477968 0.339279 0.119905 0.0414411 0.0214061
 0.492858 0.332227 0.113681 0.0401761 0.021058
 0.500447 0.333928 0.1085 0.0371264 0.0199981
 0.50724 0.334309 0.105917 0.0344147 0.0181191
 0.505327 0.33648 0.107325 0.0340032 0.0168652
 0.517261 0.33097 0.103234 0.0329281 0.0156068
 0.515788 0.334672 0.102526 0.0319794 0.0150349
 0.54549 0.316869 0.095133 0.0291438 0.0133642
 0.593632 0.300647 0.0737048 0.0221282 0.00988747
 0.594276 0.313617 0.0681441 0.0167058 0.00725662
 0.593396 0.312547 0.0727045 0.0157976 0.0055551
 0.610274 0.304792 0.0652864 0.0151869 0.00446025
 0.557234 0.342046 0.0787702 0.0168726 0.00507759
 0.536348 0.338077 0.0970089 0.0223403 0.00622536
 0.523389 0.338819 0.100473 0.0288299 0.00848937
 0.509338 0.340978 0.106409 0.0315543 0.0117204
pobs_RECLAS
 0 0 0 0 0
 0 0 0 0 0
 0 0 0 0 0
 0 0 0 0 0
 0 0 0 0 0
 0 0 0 0 0
 0 0 0 0 0
 0 0 0 0 0
 0 0 0 0 0
 0 0 0 0 0
 0.991045 0.00858322 0.000360255 1.14367e-05 0
 0.934742 0.0480273 0.0164251 0.00080598 0
 0.827803 0.169806 0.00239088 0 0
 0.941827 0.0461693 0.0120037 0 0
 0.791401 0.0380133 0.147996 0.0225897 0
 0.846168 0.0940531 0.0597789 0 0
 0.134021 0.677848 0.182769 0.00536245 0
 0.80878 0.0450904 0.141981 0.00414843 0
 0.846168 0.0940531 0.0597789 0 0
 0.905697 0.0802665 0.012482 0.00150086 5.37128e-05
 0.989698 0.0102097 9.19794e-05 0 0
 0.975433 0.0193895 0.00387452 0.00125025 5.28907e-05
 0.303575 0.632131 0.0575291 0.00676475 0
 0.966965 0.00978017 0.0227588 0.000495775 0
 0.843318 0.132988 0.00938335 0.0141283 0.000182051
 0.564624 0.303363 0.111486 0.0197234 0.00080311
 0.826376 0.0876187 0.0782897 0.00655872 0.00115652
ppred_RECLAS
 0.434024 0.0446921 0.486132 0.02468 0.0104718
 0.478627 0.319117 0.0159711 0.173724 0.0125618
 0.500233 0.328292 0.104955 0.00525276 0.0612678
 0.503262 0.33462 0.106494 0.034046 0.0215784
 0.503005 0.337145 0.107681 0.0342698 0.0179
 0.492447 0.341187 0.112857 0.0360454 0.0174634
 0.507947 0.328443 0.109982 0.0363794 0.0172486
 0.514981 0.333216 0.101328 0.0339304 0.0165447
 0.487778 0.348897 0.112207 0.034121 0.016997
 0.4845 0.339918 0.119597 0.0384629 0.0175225
 0.480098 0.341111 0.117894 0.0414797 0.0194174
 0.479351 0.338381 0.119587 0.0413314 0.0213494
 0.494246 0.331318 0.11337 0.0400661 0.0210003
 0.50246 0.332582 0.108063 0.0369768 0.0199175
 0.508466 0.333477 0.105654 0.0343291 0.018074
 0.507927 0.334711 0.106761 0.0338244 0.0167765
 0.518923 0.32983 0.102879 0.0328148 0.0155531
 0.518941 0.332493 0.101858 0.0317712 0.014937
 0.553285 0.311435 0.0935013 0.0286439 0.0131349
 0.600331 0.295691 0.0724899 0.0217635 0.00972449
 0.599592 0.309508 0.0672513 0.0164869 0.00716154
 0.603036 0.305137 0.0709808 0.015423 0.0054234
 0.613424 0.302329 0.0647588 0.0150641 0.0044242
 0.55989 0.339994 0.0782977 0.0167714 0.00504713
 0.538747 0.336328 0.0965071 0.0222247 0.00619316
 0.52477 0.337838 0.100182 0.0287464 0.00846478
 0.511152 0.339717 0.106016 0.0314376 0.0116771
pobs_PELACES
 0 0 0 0 0
 0 0 0 0 0
 0 0 0 0 0
 0 0 0 0 0
 0 0 0 0 0
 0 0 0 0 0
 0 0 0 0 0
 0 0 0 0 0
 0 0 0 0 0
 0 0 0 0 0
 0 0 0 0 0
 0 0 0 0 0
 0 0 0 0 0
 0 0 0 0 0
 0 0 0 0 0
 0 0 0 0 0
 0.505614 0.472636 0.0217494 0 0
 0 0 0 0 0
 0.443492 0.261883 0.143347 0.151278 0
 0.227955 0.32914 0.350689 0.0885471 0.00366901
 0.970185 0.0296113 0.000203453 0 0
 0.997202 0.00247181 0.000326279 0 0
 0.445219 0.490057 0.0546422 0.010081 0
 0.90214 0.0892962 0.00764917 0.000914606 0
 0 0 0 0 0
 0.581667 0.319106 0.0959925 0.00289975 0.000334073
 0.762889 0.0836404 0.116647 0.0363945 0.000428098
ppred_PELACES
 0.438621 0.044329 0.482183 0.0244795 0.0103868
 0.485525 0.314894 0.0157598 0.171425 0.0123956
 0.50528 0.324976 0.103895 0.00519971 0.060649
 0.509873 0.330166 0.105076 0.0335929 0.0212912
 0.505163 0.335681 0.107213 0.034121 0.0178223
 0.498047 0.337423 0.111611 0.0356477 0.0172708
 0.51805 0.3217 0.107724 0.0356325 0.0168945
 0.515961 0.332543 0.101123 0.0338619 0.0165113
 0.490474 0.34706 0.111616 0.0339414 0.0169075
 0.486951 0.338302 0.119028 0.0382801 0.0174392
 0.480954 0.34055 0.1177 0.0414114 0.0193854
 0.484462 0.335059 0.118414 0.0409257 0.0211398
 0.499372 0.327959 0.112221 0.03966 0.0207875
 0.509659 0.327771 0.1065 0.0364418 0.0196293
 0.513035 0.330377 0.104672 0.03401 0.017906
 0.516964 0.328564 0.1048 0.0332032 0.0164684
 0.524968 0.325685 0.101586 0.0324024 0.0153576
 0.529623 0.32511 0.0995966 0.0310657 0.0146053
 0.575678 0.295823 0.0888142 0.027208 0.0124765
 0.619989 0.281148 0.0689245 0.020693 0.00924619
 0.615944 0.296869 0.0645049 0.0158136 0.00686908
 0.629019 0.285165 0.0663348 0.0144135 0.00506842
 0.623968 0.294083 0.0629925 0.0146533 0.00430353
 0.569059 0.332911 0.0766664 0.0164219 0.00494198
 0.547145 0.330205 0.09475 0.0218201 0.0060804
 0.529867 0.334214 0.099107 0.0284381 0.00837399
 0.517702 0.335165 0.104595 0.0310164 0.0115206
pobs_pel_tallas
 0 0 0 0 0 0 0 0 0 0 0 0 0 0 0 0 0 0 0 0 0 0 0 0 0 0
 0 0 0 0 0 0 0 0 0 0 0 0 0 0 0 0 0 0 0 0 0 0 0 0 0 0
 0 0 0 0 0 0 0 0 0 0 0 0 0 0 0 0 0 0 0 0 0 0 0 0 0 0
 0 0 0 0 0 0 0 0 0 0 0 0 0 0 0 0 0 0 0 0 0 0 0 0 0 0
 0 0 0 0 0 0 0 0 0 0 0 0 0 0 0 0 0 0 0 0 0 0 0 0 0 0
 0 0 0 0 0 0 0 0 0 0 0 0 0 0 0 0 0 0 0 0 0 0 0 0 0 0
 0 0 0 0 0 0 0 0 0 0 0 0 0 0 0 0 0 0 0 0 0 0 0 0 0 0
 0 0 0 0 0 0 0 0 0 0 0 0 0 0 0 0 0 0 0 0 0 0 0 0 0 0
 0 0 0 0 0 0 0 0 0 0 0 0 0 0 0 0 0 0 0 0 0 0 0 0 0 0
 0 0 0 0 0 0 0 0 0 0 0 0 0 0 0 0 0 0 0 0 0 0 0 0 0 0
 0 0 0 0 0 0 0 0 0 0 0 0 0 0 0 0 0 0 0 0 0 0 0 0 0 0
 0 0 0 0 0 0 0 0 0 0 0 0 0 0 0 0 0 0 0 0 0 0 0 0 0 0
 0.00862536 0 0 0.000197151 0.00414017 0.0128641 0.00837892 0.0270097 0.101434 0.158115 0.152841 0.127902 0.109271 0.109419 0.0830992 0.0579132 0.0238553 0.00714673 0.00463305 0.00128148 0.00103504 0.000492878 0.000147863 0.000147863 4.92878e-05 0
 0 0 0 0 0 0 0 0 0 0 0 0 0 0 0 0 0 0 0 0 0 0 0 0 0 0
 0 0 0 0 0 0 0 0.0054083 0.00873648 0.0413646 0.0450493 0.0745869 0.0622846 0.0627006 0.0613931 0.0827291 0.12552 0.122667 0.0946155 0.0697135 0.0546179 0.0294188 0.0215738 0.0213955 0.0102223 0.00600262
 0 0 0 0 0.00359764 0.0251062 0.0480494 0.140153 0.205849 0.193036 0.1447 0.116669 0.0760912 0.0342217 0.00950174 0.001854 0.000860785 0 0 0 0.000165536 0 0.000143464 0 0 0
 0 0 0 0 0 0 0 0.000145254 0.000435761 0.0275982 0.070085 0.0708112 0.156366 0.174668 0.174014 0.160142 0.0824315 0.0480064 0.0283245 0.00493863 0.00203355 0 0 0 0 0
 0 0 0 0 0 0 0 0 0 0 0 0 0 0 0 0 0 0 0 0 0 0 0 0 0 0
 0 0 1.00437e-05 0.000401748 0.00122533 0.00171747 0.00176769 0.0269171 0.070346 0.194647 0.189555 0.159765 0.064822 0.0314167 0.0384472 0.0292271 0.0345202 0.0313363 0.0194345 0.0106764 0.0143323 0.0359363 0.0279516 0.0138201 0.00172751 0
 0 0.0021121 0.0136068 0.0755702 0.200478 0.177729 0.0527432 0.0373336 0.0318909 0.0142505 0.0149659 0.0166563 0.0217959 0.0798694 0.0677717 0.0528807 0.04013 0.0224614 0.0357745 0.0225083 0.00881397 0.00855152 0.00135912 0.000746735 0 0
 0 0 0 0 5.4009e-05 0.00500934 0.000945158 0.0243581 0.138947 0.33067 0.221406 0.137944 0.0707744 0.0437923 0.0131692 0.00525238 0.0047753 0.00276346 9.45158e-05 9.00151e-06 2.25038e-05 9.00151e-06 4.50075e-06 0 0 0
 0.000866109 0.00284123 0.00948549 0.0512746 0.133035 0.25785 0.225252 0.132002 0.0553304 0.0519788 0.0540692 0.017754 0.00435017 0.00159236 0.00146478 0.000404838 0.000125132 0.000115318 0.000107957 0.000100596 0 0 0 0 0 0
 0 0 0 0 0.00144013 0.00171154 0.00461396 0.0210425 0.0478622 0.0707936 0.0888783 0.103762 0.0637923 0.0337046 0.0602308 0.124433 0.169614 0.0934646 0.0462172 0.0250306 0.0313229 0.00938855 0.002487 0.000210481 0 0
 0 0.00764035 0.051015 0.0998891 0.058973 0.0496711 0.0374665 0.0718981 0.12319 0.153886 0.159021 0.0857701 0.0377988 0.023471 0.0147837 0.00900784 0.00315554 0.000888139 0.00291439 0.00214683 0.00393193 0.00274676 0.000635225 9.99891e-05 0 0
 0 0 0 0 0 0 0 0 0 0 0 0 0 0 0 0 0 0 0 0 0 0 0 0 0 0
 0 0 0 0 0 0 0 0 0 0 0 0 0 0 0 0 0 0 0 0 0 0 0 0 0 0
 0 0 0 0 0 0 0 0 0 0 0 0 0 0 0 0 0 0 0 0 0 0 0 0 0 0
ppred_pel_tallas
 1.18139e-16 3.61287e-05 0.000351184 0.00233374 0.0106088 0.0330081 0.0703274 0.102646 0.102651 0.0703522 0.0330937 0.0108657 0.00301418 0.00195473 0.00342714 0.00650825 0.011463 0.0187624 0.0287527 0.0413505 0.0556417 0.0696272 0.0804893 0.0855012 0.0831885 0.0740455
 1.19825e-16 3.99921e-05 0.000388738 0.0025833 0.0117433 0.036538 0.0778492 0.11363 0.11366 0.0779976 0.0370363 0.013183 0.00619875 0.00828781 0.0150642 0.0249101 0.0360724 0.0458435 0.0515852 0.0523096 0.0493808 0.0456378 0.0435757 0.0439557 0.0456979 0.0468314
 1.13867e-16 4.16193e-05 0.000404555 0.00268841 0.0122211 0.0380247 0.0810167 0.118253 0.118284 0.0811703 0.0385406 0.0137127 0.00643746 0.00860533 0.0156656 0.0259634 0.0377092 0.0480907 0.0542745 0.0549929 0.0512855 0.0457177 0.0407224 0.037373 0.0353089 0.0334955
 1.10089e-16 4.19976e-05 0.000408232 0.00271285 0.0123322 0.0383703 0.0817532 0.119328 0.11936 0.0819092 0.0388946 0.0138477 0.00652204 0.00874068 0.0159171 0.0263807 0.0383138 0.0488531 0.0551046 0.0557482 0.0517875 0.0457588 0.0400667 0.0357722 0.0325578 0.0295189
 1.09618e-16 4.16096e-05 0.000404461 0.00268778 0.0122183 0.0380158 0.0809979 0.118226 0.118258 0.0811566 0.0385488 0.0137591 0.00656052 0.00887581 0.016181 0.0268186 0.0389464 0.049651 0.0559838 0.0565943 0.0524921 0.0462472 0.0403018 0.0357445 0.0322764 0.0290125
 1.09805e-16 4.10236e-05 0.000398764 0.00264993 0.0120462 0.0374804 0.0798571 0.116561 0.116593 0.0800166 0.0380163 0.0135955 0.00654422 0.00891828 0.0162751 0.0269836 0.0392039 0.0500162 0.0564637 0.0571906 0.0532034 0.0470648 0.0412011 0.0366786 0.0331806 0.0298203
 1.09624e-16 4.26711e-05 0.000414779 0.00275635 0.01253 0.0389856 0.0830641 0.121241 0.121272 0.0832162 0.0394966 0.0140072 0.00646982 0.00853918 0.0155252 0.0257385 0.0374038 0.0477393 0.0539318 0.0546929 0.0509831 0.0452398 0.0397635 0.0355527 0.0322868 0.0291067
 1.09194e-16 4.24991e-05 0.000413106 0.00274524 0.0124795 0.0388285 0.0827293 0.120753 0.120785 0.0828864 0.0393563 0.0140053 0.00657991 0.0087999 0.016017 0.0265349 0.0385116 0.0490494 0.0552182 0.0556769 0.0514352 0.0450623 0.0390113 0.0343934 0.0309328 0.0277537
 1.09575e-16 4.03998e-05 0.0003927 0.00260963 0.011863 0.0369105 0.0786429 0.114789 0.114822 0.078807 0.0374616 0.0134561 0.00661372 0.00915138 0.0167271 0.0277276 0.0402656 0.0513288 0.0578652 0.058472 0.0541856 0.047656 0.0414069 0.0365712 0.0328578 0.0293763
 1.10312e-16 4.01096e-05 0.000389879 0.00259089 0.0117778 0.0366453 0.078078 0.113964 0.113997 0.0782379 0.0371829 0.013332 0.00649811 0.0089396 0.0163374 0.0271035 0.0394131 0.0503557 0.0569826 0.0579405 0.0542261 0.0483735 0.0427618 0.0384039 0.0349438 0.0314849
 1.10918e-16 3.96156e-05 0.000385078 0.00255898 0.0116328 0.036194 0.0771164 0.112561 0.112594 0.0772775 0.0367351 0.0131971 0.00649178 0.00899057 0.0164428 0.0272786 0.0396666 0.0506796 0.0573544 0.058339 0.0546509 0.0488553 0.0433535 0.0391563 0.0358772 0.0325726
 1.11185e-16 3.99045e-05 0.000387886 0.00257764 0.0117176 0.036458 0.0776788 0.113381 0.113414 0.0778373 0.0369904 0.0132571 0.00644809 0.00885771 0.0161867 0.0268582 0.0390692 0.0499459 0.0565808 0.0576486 0.05415 0.0485994 0.0433417 0.0393485 0.0362182 0.0330073
 1.10818e-16 4.11327e-05 0.000399825 0.00265698 0.0120783 0.0375801 0.0800695 0.11687 0.116902 0.0802246 0.0381011 0.0135847 0.00644407 0.00868632 0.0158357 0.0262656 0.0381909 0.0487901 0.0552111 0.0561558 0.052612 0.0470594 0.0418186 0.0378641 0.0348147 0.0317427
 1.10134e-16 4.198e-05 0.00040806 0.00271171 0.012327 0.0383542 0.0817188 0.119278 0.119309 0.0818737 0.0388747 0.0138319 0.00649424 0.00868291 0.0158094 0.0262073 0.0380749 0.048576 0.0548438 0.0555713 0.0517509 0.0458869 0.0403442 0.036151 0.0329726 0.0299056
 1.09547e-16 4.22581e-05 0.000410764 0.00272967 0.0124087 0.0386083 0.0822602 0.120068 0.1201 0.0824163 0.0391328 0.0139251 0.00654098 0.0087476 0.0159249 0.0263911 0.0383231 0.048852 0.055076 0.0556674 0.0516237 0.0454789 0.0396414 0.035184 0.0318092 0.0286381
 1.09226e-16 4.25817e-05 0.00041391 0.00275058 0.0125037 0.0389039 0.0828901 0.120987 0.121019 0.0830454 0.0394256 0.0140118 0.00654109 0.00870529 0.0158388 0.0262476 0.0381148 0.0485857 0.0547719 0.0553489 0.0513026 0.0451471 0.0392746 0.0347554 0.031305 0.0280672
 1.08864e-16 4.3241e-05 0.000420318 0.00279316 0.0126973 0.0395063 0.0841735 0.12286 0.122892 0.0843274 0.0400233 0.0141919 0.00654955 0.00863641 0.0156941 0.0260011 0.037745 0.0480892 0.0541648 0.0546554 0.0505403 0.0443215 0.0383867 0.0338159 0.0303433 0.0271285
 1.08545e-16 4.36244e-05 0.000424045 0.00281793 0.0128099 0.0398565 0.0849197 0.123949 0.123981 0.0850734 0.0403726 0.0143016 0.00656687 0.00862328 0.0156606 0.0259404 0.0376458 0.0479393 0.0539509 0.0543619 0.0501503 0.0438213 0.0377735 0.0331051 0.0295698 0.0263412
 1.07479e-16 4.74179e-05 0.000460919 0.00306297 0.0139238 0.0433224 0.092304 0.134726 0.134755 0.0924438 0.0437919 0.0152809 0.00647341 0.00791925 0.0142516 0.0235896 0.0342229 0.0435577 0.048976 0.0492738 0.0453414 0.0394659 0.0338446 0.0294956 0.0262128 0.023256
 1.05701e-16 5.10677e-05 0.000496396 0.00329873 0.0149956 0.0466569 0.0994085 0.145095 0.145122 0.0995411 0.0471025 0.0162834 0.00653384 0.00756702 0.0135042 0.0223095 0.0322868 0.040929 0.0457107 0.0454695 0.0410731 0.0347678 0.0287575 0.0241367 0.0208063 0.0180964
 1.04686e-16 5.07345e-05 0.000493158 0.00327721 0.0148977 0.0463525 0.09876 0.144149 0.144178 0.0989 0.0468227 0.0162564 0.00668955 0.0079485 0.0142279 0.0234891 0.0339442 0.0429225 0.0477293 0.0471173 0.0420051 0.0348005 0.0279007 0.0225521 0.0187358 0.0158001
 1.04291e-16 5.18115e-05 0.000503626 0.00334677 0.015214 0.0473364 0.100856 0.147209 0.147236 0.100991 0.0477883 0.0165195 0.00662599 0.00766902 0.0136803 0.0225869 0.0326553 0.0413226 0.0460029 0.0454932 0.0406603 0.0337924 0.0271653 0.0219597 0.0181617 0.0151723
 1.04091e-16 5.13955e-05 0.000499582 0.0033199 0.0150918 0.0469564 0.100047 0.146027 0.146055 0.100185 0.0474222 0.0164376 0.00669967 0.00788332 0.0140911 0.0232578 0.0336008 0.0424679 0.0471823 0.0465006 0.0413267 0.034046 0.0270418 0.0215672 0.0176299 0.0146122
 1.04781e-16 4.68727e-05 0.000455619 0.00302775 0.0137637 0.0428243 0.0912429 0.133178 0.13321 0.0913999 0.0433517 0.0152878 0.00685565 0.00881967 0.0159544 0.0263608 0.0381075 0.0482104 0.0536478 0.0530122 0.0473144 0.0392277 0.0314152 0.0252649 0.0207722 0.0172479
 1.06036e-16 4.50677e-05 0.000438074 0.00291116 0.0132337 0.0411752 0.0877292 0.12805 0.128082 0.0878851 0.041699 0.0147477 0.00671518 0.00875501 0.0158778 0.0262758 0.038076 0.0483622 0.054177 0.0541402 0.0492224 0.0419835 0.0349274 0.0292873 0.0249601 0.0212441
 1.07215e-16 4.36445e-05 0.00042424 0.00281923 0.0128158 0.0398749 0.0849589 0.124007 0.124039 0.0851168 0.0404053 0.0143487 0.0066713 0.00884762 0.0160833 0.0266305 0.0386185 0.0491138 0.0551433 0.0553288 0.0506611 0.0437197 0.0370012 0.0316933 0.027621 0.0240131
 1.08165e-16 4.26425e-05 0.000414501 0.0027545 0.0125216 0.0389595 0.0830085 0.12116 0.121193 0.0831669 0.0394915 0.0140596 0.0066198 0.00886841 0.0161452 0.0267478 0.0388194 0.049435 0.0556308 0.0560374 0.051648 0.0450292 0.0386438 0.0336292 0.0297569 0.026217
pSPR Fmed_Fpbrs
0.783722   0.283097 0.283097
Fs Fmed_Fpbrs
0.150188   1.005 1.005
SSBpbr Bo_Bmed_Bpbrs
2.52947e+06  1.85593e+06  589610 589610
Ro
325302
SPR SPRFo_SPRFmed_SPRFpbrs
2.31111e+06 1.81127e+06 654267
Fref
1.005
Nvult_r0
 214771 77181.6 24086.1 7142.42 2652.96
CTP_r0
 15809.6 10583.8 3302.89 979.43 363.797
YTP_r0
415094
Np
 325302 110531 35299.2 11015.9 4291.75
Nvult_p0
 252899 95646.6 30545.8 9532.45 3713.82
CTP_p0
 84580 47942.6 15311 4778.11 1861.54
YTP_p0
 1.97109e+06
CBA_c0
881894
log_Ro
12.5125
likeval ReclasPelacesDesembMPH_pf_preclas_ppelaces_ptallas_desvR_qrecl_qpela
 121.461 50.1961 10.9236 0.00385064 227.991 120.973 74.2226 0 0 0 0 53.8035 0 0 0
q_reclas_q_pelaces
1 1
M
1
N
 325302 17229.6 187413 9514.58 4037.08
 325302 113081 5659.46 61560.1 4451.36
 325302 110060 35186.2 1761 20540.1
 325302 112569 35825.6 11453.4 7259.19
 325302 110454 35278 11227.3 5864.32
 325302 116582 38562.6 12316.5 5967.17
 325302 111817 37443 12385.2 5872.23
 325302 105870 32193.9 10780.4 5256.6
 325302 118258 38032.4 11565.3 5761.1
 325302 115823 40751 13105.7 5970.56
 325302 116166 40149 14126 6612.64
 325302 118435 41856.1 14466.1 7472.37
 325302 112474 38486.3 13601.5 7129.09
 325302 112461 36541 12503.6 6735.02
 325302 109671 34746.5 11289.9 5944.03
 325302 113221 36113.5 11441.6 5674.93
 325302 107248 33452.2 10670.1 5057.23
 325302 111200 34065.9 10625.7 4995.58
 325302 105105 31555.5 9666.94 4432.87
 325302 90801.7 22260.4 6683.19 2986.22
 325302 93156.5 20241.4 4962.27 2155.5
 325302 97210.1 22613 4913.44 1727.78
 325302 85780.1 18374.1 4274.17 1255.28
 325302 104513 24068.4 5155.44 1551.47
 325302 106882 30669.1 7062.82 1968.13
 325302 108007 32028.2 9190.27 2706.2
 325302 112481 35101.9 10409 3866.31
pred_Ctot
 11377.7 1177.48 12807.9 650.23 275.896
 16628.8 11172.6 559.164 6082.24 439.801
 12265.3 8093.54 2587.5 129.499 1510.46
 15943.3 10678.7 3398.54 1086.51 688.633
 5320.6 3574.14 1141.55 363.301 189.762
 13571.7 9460.63 3129.35 999.486 484.236
 23954.7 15673.5 5248.39 1736.04 823.112
 2431.84 1575.07 478.963 160.385 78.2049
 6632.03 4757.07 1529.9 465.227 231.748
 6038.34 4247.19 1494.33 480.585 218.939
 2127.86 1513.16 522.974 184.003 86.1353
 12430.6 8823.7 3118.39 1077.77 556.712
 12452.9 8394.28 2872.34 1015.12 532.065
 17306.7 11548.1 3752.21 1283.92 691.583
 11134.5 7338.5 2325.01 755.445 397.736
 21540.5 14343.1 4574.94 1449.45 718.912
 14644.5 9370.27 2922.73 932.247 441.853
 25296.6 16413.8 5028.34 1568.41 737.379
 50733.6 29470.6 8847.89 2710.53 1242.94
 46499.3 23549.7 5773.31 1733.31 774.487
 39255.2 20716.2 4501.3 1103.51 479.34
 59831 31513.6 7330.67 1592.84 560.111
 26337.4 13153.8 2817.55 655.416 192.49
 22180.4 13614.9 3135.4 671.603 202.11
 20211.9 12740.2 3655.71 841.877 234.598
 12419.1 8039.61 2384.04 684.085 201.438
 15809.6 10583.8 3302.89 979.43 363.797
F
 0.0566495 0.113299 0.113299 0.113299 0.113299
 0.0837246 0.167449 0.167449 0.167449 0.167449
 0.0611837 0.122367 0.122367 0.122367 0.122367
 0.0801554 0.160311 0.160311 0.160311 0.160311
 0.0261584 0.0523168 0.0523168 0.0523168 0.0523168
 0.0678878 0.135776 0.135776 0.135776 0.135776
 0.122545 0.245089 0.245089 0.245089 0.245089
 0.0118851 0.0237703 0.0237703 0.0237703 0.0237703
 0.0326947 0.0653894 0.0653894 0.0653894 0.0653894
 0.0297312 0.0594625 0.0594625 0.0594625 0.0594625
 0.010393 0.0207861 0.0207861 0.0207861 0.0207861
 0.0620298 0.12406 0.12406 0.12406 0.12406
 0.0621441 0.124288 0.124288 0.124288 0.124288
 0.0872648 0.17453 0.17453 0.17453 0.17453
 0.0554105 0.110821 0.110821 0.110821 0.110821
 0.109613 0.219227 0.219227 0.219227 0.219227
 0.0734215 0.146843 0.146843 0.146843 0.146843
 0.129793 0.259585 0.259585 0.259585 0.259585
 0.276076 0.552152 0.552152 0.552152 0.552152
 0.250473 0.500945 0.500945 0.500945 0.500945
 0.207879 0.415758 0.415758 0.415758 0.415758
 0.332966 0.665933 0.665933 0.665933 0.665933
 0.135445 0.270889 0.270889 0.270889 0.270889
 0.113027 0.226054 0.226054 0.226054 0.226054
 0.102555 0.20511 0.20511 0.20511 0.20511
 0.0619711 0.123942 0.123942 0.123942 0.123942
 0.0794606 0.158921 0.158921 0.158921 0.158921
YTP_r0W_actual
 131220 168282 76627.1 27032.3 11932.5
YTP_p0W_proyectada
 636042 772834 357971 140954 63292.5
CTP_r0_actual
 15809.6 10583.8 3302.89 979.43 363.797
CTP_p0_proyectada
 84580 47942.6 15311 4778.11 1861.54
Wmedp
 7.52 16.12 23.38 29.5 34
Frms_r0
 0.0794606 0.158921 0.158921 0.158921 0.158921
Zrms_r0
 1.07946 1.15892 1.15892 1.15892 1.15892
nmprior
 8.19 8.8 8.5 0
nm_flota  nm_reclas  nm_pelaces    nm_pelaL
inf 3.68876 7.57203 6.18431
cv_recla  cv_pelaces  cv_mph
1.10209 0.950541 1.91501
 ------------------------------------------------
Talla a la edad & desviaci?n 
 8 13.2811 15.8009 17.003 17.5766
 0.8 1.32811 1.58009 1.7003 1.75766
