    unsorted:	 2.336712191e-06 5.780980645e-05 0.0001050528635 0.001099943810 2.766580181 7.606093405 3.594938329 13.68388914 14.51149516 40.60033498 116.0357295 144.0020257 225.9783609 240.8826037 478.1616180 511.4475522 639.9313699 786.5092454 902.5739402 867.4570213 943.8090337 1004.888262 1133.862136 1168.094481 1233.979153 1378.991809 1435.257207 1507.479278 1639.061595 1882.124094 2355.344821 2358.021411 2111.124966 2406.274833 2457.406701 2464.449440 2763.564014 3022.998110 3648.357964 3830.875373 10922.54349 41789.99308 181721.0234 386631.8368 387473.0584 375168.2999 413567.5694 421721.3430 324367.7591 458062.8556 477349.9832 518418.2890 615604.7331 656267.5921 677438.7355 706479.2583 766977.5911 1015871.048 1081624.093 1196879.665 1242635.404 1536161.618 1699962.166 1899789.125 2202015.044 2474036.351 2523921.950 2787926.314 3207024.669 37619121.31
      sorted:	 2.336712191e-06 5.780980645e-05 0.0001050528635 0.001099943810 2.766580181 3.594938329 7.606093405 13.68388914 14.51149516 40.60033498 116.0357295 144.0020257 225.9783609 240.8826037 478.1616180 511.4475522 639.9313699 786.5092454 867.4570213 902.5739402 943.8090337 1004.888262 1133.862136 1168.094481 1233.979153 1378.991809 1435.257207 1507.479278 1639.061595 1882.124094 2111.124966 2355.344821 2358.021411 2406.274833 2457.406701 2464.449440 2763.564014 3022.998110 3648.357964 3830.875373 10922.54349 41789.99308 181721.0234 324367.7591 375168.2999 386631.8368 387473.0584 413567.5694 421721.3430 458062.8556 477349.9832 518418.2890 615604.7331 656267.5921 677438.7355 706479.2583 766977.5911 1015871.048 1081624.093 1196879.665 1242635.404 1536161.618 1699962.166 1899789.125 2202015.044 2474036.351 2523921.950 2787926.314 3207024.669 37619121.31
