years
 1991 1992 1993 1994 1995 1996 1997 1998 1999 2000 2001 2002 2003 2004 2005 2006 2007 2008 2009 2010 2011 2012 2013 2014 2015 2016 2017 2018 2019 2020
reclasobs
 0 0 0 0 0 0 0 0 0 252601 567819 844713 477998 351125 339783 2.1784e+06 2.13404e+06 4.81314e+06 1.55562e+06 2.62356e+06 3.21686e+06 3.843e+06 1.13348e+06 3.07943e+06 1.97215e+06 2.03268e+06 2.025e+06 2.42433e+06 2.27542e+06 1.05018e+06
reclaspred
 3.1665e+06 1.77391e+06 896532 874924 859178 1.37103e+06 854670 754195 554084 407633 485560 631153 623237 485961 491002 1.29884e+06 1.25747e+06 2.84511e+06 2.34421e+06 1.7405e+06 3.07893e+06 2.50376e+06 1.9838e+06 3.05537e+06 2.29199e+06 2.02227e+06 2.41113e+06 2.56481e+06 2.0837e+06 1.30262e+06
pelacesobs
 0 0 0 0 0 0 0 0 0 0 0 0 0 0 0 552880 188675 0 991730 2.46772e+06 1.41603e+06 1.21717e+06 2.29649e+06 1.80582e+06 0 1.4828e+06 1.56532e+06 1.57751e+06 1.42118e+06 867257
pelacespred
 1.68889e+06 1.05239e+06 532244 423804 434718 715046 410195 450944 318125 221765 273668 297878 323599 266048 276136 607714 589622 1.53617e+06 1.30743e+06 901658 1.54183e+06 1.36036e+06 1.07506e+06 1.81158e+06 1.31111e+06 1.15293e+06 1.5651e+06 1.64172e+06 1.09989e+06 782889
mphobs
 0 0 0 0 0 0 0 0 0 0 0 498337 0 5186 125008 0 168611 109162 213762 579715 649985 157893 87575 83554 0 0 0 0 0 0
mphpred
 3.20004e+06 2.13967e+06 1.06553e+06 579811 615782 689812 915213 561575 498991 345406 231147 385147 417336 353934 240074 303500 1.00312e+06 953790 1.8932e+06 1.42904e+06 1.52112e+06 1.87989e+06 1.78763e+06 1.47038e+06 2.04645e+06 1.68466e+06 1.38324e+06 1.48446e+06 2.0718e+06 1.39336e+06
desembarqueobs
 494567 514787 250237 358949 120608 361735 552515 73892 212993 205616 52469 317467 293654 387597 252695 516296 358380 742168 942051 627588 828172 859565 418607 520667 417249 300574 415391 372974 316634 284311
desembarquepred
 494574 513546 250831 358979 120613 361747 552553 73896.2 213040 205658 52471.5 317531 293703 387630 252689 516258 358402 742071 941850 627454 828234 859577 418615 520689 417248 300574 415389 372958 316627 284319
Reclutas
 198598 112087 111458 180057 144256 253719 104194 46946 45446.8 61150.1 114460 150860 125546 87781.4 87539.5 480397 101284 739785 424424 325592 484147 649061 134172 401642 337277 151054 343176 383786 105380 81226.8
log_desv_Rt
 0.12941 -0.442602 -0.448224 0.0314023 -0.190282 0.374356 -0.515616 -1.31288 -1.34533 -1.04854 -0.421651 -0.145523 -0.329198 -0.687024 -0.689783 1.01274 -0.543943 1.44449 0.88886 0.623773 1.02052 1.31365 -0.26275 0.833687 0.659032 -0.144234 0.67637 0.788213 -0.504296 -0.764628
SSB
 3.20004e+06 2.13967e+06 1.06553e+06 579811 615782 689812 915213 561575 498991 345406 231147 385147 417336 353934 240074 303500 1.00312e+06 953790 1.8932e+06 1.42904e+06 1.52112e+06 1.87989e+06 1.78763e+06 1.47038e+06 2.04645e+06 1.68466e+06 1.38324e+06 1.48446e+06 2.0718e+06 1.39336e+06
BT
 4.31222e+06 2.93463e+06 1.47667e+06 1.27921e+06 1.09775e+06 1.95761e+06 1.44068e+06 1.10477e+06 945008 709742 676320 952943 1.01297e+06 1.01689e+06 890341 1.81971e+06 1.63936e+06 4.19731e+06 3.92037e+06 2.64327e+06 4.22786e+06 3.93943e+06 2.84353e+06 4.66148e+06 3.40803e+06 2.92466e+06 4.0329e+06 4.15962e+06 2.79756e+06 2.08245e+06
Ftot
 0.132253 0.24086 0.235085 0.362346 0.124056 0.240375 0.53382 0.0862548 0.334762 0.43517 0.101872 0.444368 0.414639 0.690579 0.471922 0.380517 0.244271 0.245874 0.350927 0.316727 0.242051 0.306012 0.180452 0.157917 0.159622 0.129412 0.158678 0.135261 0.127589 0.185694
BD_Bspro_t
 0.979062 0.847671 0.689449 0.599639 0.584575 0.657542 0.649176 0.482892 0.539873 0.498369 0.468609 0.67754 0.564569 0.4761 0.369287 0.427164 0.604816 0.580016 0.675373 0.580761 0.551125 0.599816 0.615637 0.607998 0.710454 0.718381 0.725003 0.759763 0.801309 0.736763
BD_Bspro
 2.57632 1.72263 0.857851 0.466801 0.49576 0.555362 0.73683 0.452119 0.401734 0.278084 0.186095 0.310078 0.335993 0.284949 0.193282 0.244345 0.807604 0.767888 1.5242 1.15051 1.22464 1.51349 1.4392 1.18379 1.64758 1.35631 1.11363 1.19513 1.66799 1.12179
BD_Bo
 1.64615 1.10068 0.548127 0.298264 0.316768 0.35485 0.4708 0.288883 0.256689 0.177683 0.118906 0.198126 0.214684 0.182069 0.123498 0.156125 0.516022 0.490645 0.973892 0.735121 0.782486 0.967047 0.919583 0.756388 1.05272 0.866617 0.71156 0.76363 1.06577 0.716769
BD_Brms
 10.2839 6.87618 3.42427 1.86332 1.97892 2.21683 2.94119 1.80472 1.6036 1.11002 0.742831 1.23773 1.34118 1.13743 0.771521 0.97535 3.2237 3.06517 6.08412 4.59246 4.88837 6.04136 5.74484 4.72532 6.57661 5.41395 4.44528 4.77057 6.65809 4.47782
Sel_flota
 0.804931 1 1 1 1
 0.804931 1 1 1 1
 0.804931 1 1 1 1
 0.804931 1 1 1 1
 0.804931 1 1 1 1
 0.804931 1 1 1 1
 0.804931 1 1 1 1
 0.804931 1 1 1 1
 0.804931 1 1 1 1
 0.804931 1 1 1 1
 0.804931 1 1 1 1
 0.804931 1 1 1 1
 0.804931 1 1 1 1
 0.804931 1 1 1 1
 0.804931 1 1 1 1
 0.804931 1 1 1 1
 0.804931 1 1 1 1
 0.804931 1 1 1 1
 0.804931 1 1 1 1
 0.804931 1 1 1 1
 0.804931 1 1 1 1
 0.804931 1 1 1 1
 0.804931 1 1 1 1
 0.804931 1 1 1 1
 0.804931 1 1 1 1
 0.804931 1 1 1 1
 0.804931 1 1 1 1
 0.804931 1 1 1 1
 0.804931 1 1 1 1
 0.804931 1 1 1 1
Sel_reclas
 1 1 1 1 1
 1 1 1 1 1
 1 1 1 1 1
 1 1 1 1 1
 1 1 1 1 1
 1 1 1 1 1
 1 1 1 1 1
 1 1 1 1 1
 1 1 1 1 1
 1 1 1 1 1
 1 1 1 1 1
 1 1 1 1 1
 1 1 1 1 1
 1 1 1 1 1
 1 1 1 1 1
 1 1 1 1 1
 1 1 1 1 1
 1 1 1 1 1
 1 1 1 1 1
 1 1 1 1 1
 1 1 1 1 1
 1 1 1 1 1
 1 1 1 1 1
 1 1 1 1 1
 1 1 1 1 1
 1 1 1 1 1
 1 1 1 1 1
 1 1 1 1 1
 1 1 1 1 1
 1 1 1 1 1
Sel_pelaces
 1 1 1 1 1
 1 1 1 1 1
 1 1 1 1 1
 1 1 1 1 1
 1 1 1 1 1
 1 1 1 1 1
 1 1 1 1 1
 1 1 1 1 1
 1 1 1 1 1
 1 1 1 1 1
 1 1 1 1 1
 1 1 1 1 1
 1 1 1 1 1
 1 1 1 1 1
 1 1 1 1 1
 1 1 1 1 1
 1 1 1 1 1
 1 1 1 1 1
 1 1 1 1 1
 1 1 1 1 1
 1 1 1 1 1
 1 1 1 1 1
 1 1 1 1 1
 1 1 1 1 1
 1 1 1 1 1
 1 1 1 1 1
 1 1 1 1 1
 1 1 1 1 1
 1 1 1 1 1
 1 1 1 1 1
pf_obs 
 0.8446 0.082 0.0669 0.0065 0
 0.8095 0.147 0.0364 0.0071 0
 0.9664 0.0169 0.016 0.0007 0
 0.9276 0.0648 0.0075 0.0001 0
 0.7033 0.2144 0.0806 0.0017 0
 0.9318 0.0425 0.0243 0.0014 0
 0.5671 0.3108 0.0964 0.0239 0.0018
 0.0768 0.2599 0.5324 0.112 0.0189
 0.490249 0.384438 0.106611 0.0170017 0.00170017
 0.7925 0.1577 0.0466 0.003 0.0002
 0.840416 0.127587 0.0312969 0.00059994 9.999e-05
 0.8084 0.0986 0.0794 0.0134 0.0002
 0.7335 0.1905 0.0724 0.0035 0.0001
 0.4001 0.4547 0.1325 0.0127 0
 0.49795 0.308269 0.164784 0.0264974 0.00249975
 0.9179 0.0499 0.0305 0.0017 0
 0.2467 0.6533 0.0926 0.0074 0
 0.9418 0.0223 0.034 0.0019 0
 0.707729 0.231977 0.0356964 0.0245975 0
 0.517169 0.277429 0.184464 0.0207286 0.00020938
 0.811772 0.124168 0.05621 0.00726502 0.000585176
 0.764997 0.148141 0.077277 0.00933861 0.000247198
 0.163321 0.427699 0.378323 0.0303852 0.000271297
 0.753843 0.0900009 0.118128 0.0371064 0.000921714
 0.721811 0.176058 0.0630433 0.0369309 0.00215725
 0.143369 0.312575 0.442814 0.0836902 0.0175525
 0.692698 0.0596174 0.167031 0.0765114 0.00414204
 0.394062 0.376323 0.152708 0.0712218 0.00568511
 0.125707 0.32114 0.495352 0.0537591 0.00404204
 0.23352 0.215282 0.420074 0.123614 0.00750983
pf_pred 
 0.446277 0.124795 0.404433 0.0244939 7.81619e-07
 0.413714 0.295566 0.0655209 0.212339 0.0128604
 0.560559 0.208361 0.116495 0.0258245 0.0887602
 0.731241 0.166525 0.0484743 0.0271019 0.0266576
 0.648708 0.273718 0.0480654 0.0139915 0.0155171
 0.751911 0.173525 0.0580986 0.0102022 0.0062634
 0.47414 0.417938 0.0754861 0.0252738 0.00716281
 0.453691 0.297394 0.197831 0.0357313 0.0153539
 0.543127 0.233133 0.121797 0.0810212 0.0209219
 0.707 0.177485 0.0589452 0.030795 0.0257752
 0.816561 0.139319 0.0267258 0.00887601 0.00851839
 0.733066 0.22646 0.0307388 0.00589667 0.00383783
 0.677701 0.252204 0.0594673 0.00807185 0.00255623
 0.622023 0.277039 0.0789856 0.0186241 0.00332852
 0.731146 0.185501 0.0610943 0.0174184 0.00484111
 0.933876 0.0516718 0.00997165 0.00328414 0.00119656
 0.377226 0.590601 0.0251417 0.00485185 0.00218015
 0.896421 0.0452021 0.0553615 0.00235672 0.000659163
 0.590417 0.375636 0.0148145 0.0181441 0.000988424
 0.597693 0.261974 0.128703 0.00507583 0.00655532
 0.737619 0.172399 0.0585946 0.0287864 0.00260149
 0.740597 0.202922 0.0371111 0.0126132 0.00675665
 0.315749 0.537951 0.114446 0.0209303 0.0109244
 0.73903 0.0963626 0.129412 0.0275317 0.00766314
 0.622922 0.294801 0.0303807 0.0408004 0.011096
 0.432324 0.383997 0.143601 0.0147988 0.0252794
 0.73239 0.131099 0.092341 0.0345323 0.00963774
 0.685607 0.243949 0.0345095 0.0243072 0.011627
 0.331717 0.490162 0.138211 0.0195516 0.0203588
 0.421971 0.222494 0.260772 0.07353 0.0212328
pobs_RECLAS
 0 0 0 0 0
 0 0 0 0 0
 0 0 0 0 0
 0 0 0 0 0
 0 0 0 0 0
 0 0 0 0 0
 0 0 0 0 0
 0 0 0 0 0
 0 0 0 0 0
 0 0 0 0 0
 0.991045 0.00858322 0.000360255 1.14367e-05 0
 0.934742 0.0480273 0.0164251 0.00080598 0
 0.827803 0.169806 0.00239088 0 0
 0.941827 0.0461693 0.0120037 0 0
 0.791401 0.0380133 0.147996 0.0225897 0
 0.846168 0.0940531 0.0597789 0 0
 0.134021 0.677848 0.182769 0.00536245 0
 0.80878 0.0450904 0.141981 0.00414843 0
 0.846168 0.0940531 0.0597789 0 0
 0.905697 0.0802665 0.012482 0.00150086 5.37128e-05
 0.989698 0.0102097 9.19794e-05 0 0
 0.975433 0.0193895 0.00387452 0.00125025 5.28907e-05
 0.303575 0.632131 0.0575291 0.00676475 0
 0.966965 0.00978017 0.0227588 0.000495775 0
 0.843318 0.132988 0.00938335 0.0141283 0.000182051
 0.564624 0.303363 0.111486 0.0197234 0.00080311
 0.826376 0.0876187 0.0782897 0.00655872 0.00115652
 0.89761 0.0855135 0.0140674 0.00269457 0.000114338
 0.34875 0.467042 0.161289 0.0227151 0.000203297
 0.318654 0.224769 0.449479 0.00709798 0
ppred_RECLAS
 0.500908 0.112483 0.364531 0.0220773 7.04503e-07
 0.468298 0.268049 0.0594209 0.19257 0.0116631
 0.614189 0.182933 0.102278 0.0226729 0.0779279
 0.773035 0.140629 0.0409363 0.0228875 0.0225122
 0.696896 0.236171 0.0414721 0.0120723 0.0133885
 0.790919 0.146241 0.0489636 0.0085981 0.00527859
 0.531427 0.372407 0.0672626 0.0225205 0.00638249
 0.508177 0.267733 0.1781 0.0321676 0.0138225
 0.597926 0.20517 0.107188 0.0713032 0.0184124
 0.751645 0.150441 0.0499636 0.0261027 0.0218478
 0.847094 0.116129 0.0222773 0.0073986 0.0071005
 0.775048 0.190844 0.0259044 0.00496928 0.00323424
 0.724962 0.215221 0.0507472 0.00688822 0.00218139
 0.675378 0.237932 0.067836 0.0159951 0.00285867
 0.773473 0.156296 0.0514758 0.0146761 0.00407894
 0.946489 0.0418152 0.00806951 0.00265768 0.000968314
 0.430549 0.540032 0.022989 0.00443642 0.00199348
 0.915277 0.0369732 0.0452832 0.00192769 0.000539165
 0.643363 0.327078 0.0128994 0.0157987 0.000860652
 0.65006 0.227873 0.11195 0.00441512 0.00570202
 0.778217 0.145723 0.0495282 0.0243322 0.00219896
 0.781129 0.171215 0.0313125 0.0106424 0.00570093
 0.365159 0.499105 0.106182 0.0194189 0.0101356
 0.779165 0.0815431 0.10951 0.0232976 0.00648463
 0.673019 0.255635 0.0263444 0.0353798 0.00962185
 0.486734 0.347192 0.129837 0.0133804 0.0228564
 0.773235 0.111089 0.0782472 0.0292617 0.00816675
 0.730877 0.208822 0.0295404 0.0208072 0.00995281
 0.381977 0.453298 0.127816 0.0180812 0.0188276
 0.476457 0.201522 0.236191 0.0665989 0.0192314
pobs_PELACES
 0 0 0 0 0
 0 0 0 0 0
 0 0 0 0 0
 0 0 0 0 0
 0 0 0 0 0
 0 0 0 0 0
 0 0 0 0 0
 0 0 0 0 0
 0 0 0 0 0
 0 0 0 0 0
 0 0 0 0 0
 0 0 0 0 0
 0 0 0 0 0
 0 0 0 0 0
 0 0 0 0 0
 0 0 0 0 0
 0.505614 0.472636 0.0217494 0 0
 0 0 0 0 0
 0.443492 0.261883 0.143347 0.151278 0
 0.227955 0.32914 0.350689 0.0885471 0.00366901
 0.970185 0.0296113 0.000203453 0 0
 0.997202 0.00247181 0.000326279 0 0
 0.445219 0.490057 0.0546422 0.010081 0
 0.90214 0.0892962 0.00764917 0.000914606 0
 0 0 0 0 0
 0.581667 0.319106 0.0959925 0.00289975 0.000334073
 0.762889 0.0836404 0.116647 0.0363945 0.000428098
 0.88444 0.0763242 0.0277011 0.0115352 0
 0.521256 0.241999 0.230069 0.00667565 0
 0.616807 0.101726 0.260614 0.0208532 0
ppred_PELACES
 0.503037 0.112003 0.362977 0.0219831 7.01499e-07
 0.47216 0.266101 0.0589892 0.191171 0.0115783
 0.617768 0.181236 0.101329 0.0224625 0.0772049
 0.777101 0.13811 0.0402029 0.0224774 0.0221089
 0.69858 0.234859 0.0412417 0.0120052 0.0133141
 0.793466 0.144459 0.0483671 0.00849335 0.00521428
 0.539974 0.365614 0.0660357 0.0221097 0.00626607
 0.509565 0.266977 0.177597 0.0320769 0.0137835
 0.603095 0.202533 0.10581 0.0703865 0.0181757
 0.756837 0.147296 0.048919 0.025557 0.021391
 0.847942 0.115486 0.0221538 0.00735759 0.00706115
 0.779996 0.186646 0.0253346 0.00485997 0.0031631
 0.730252 0.211082 0.0497711 0.00675574 0.00213944
 0.685047 0.230845 0.0658154 0.0155187 0.00277352
 0.778752 0.152654 0.0502763 0.0143341 0.00398389
 0.947716 0.0408563 0.00788446 0.00259673 0.000946109
 0.434409 0.536372 0.0228332 0.00440636 0.00197997
 0.916496 0.0364411 0.0446315 0.00189995 0.000531406
 0.64853 0.32234 0.0127126 0.0155698 0.000848184
 0.654684 0.224862 0.11047 0.00435678 0.00562668
 0.780895 0.143964 0.0489302 0.0240385 0.00217241
 0.784478 0.168595 0.0308334 0.0104796 0.00561369
 0.367856 0.496985 0.105731 0.0193364 0.0100925
 0.780909 0.080899 0.108645 0.0231136 0.00643341
 0.675277 0.25387 0.0261625 0.0351355 0.00955542
 0.488815 0.345784 0.129311 0.0133261 0.0227637
 0.775021 0.110214 0.0776309 0.0290312 0.00810243
 0.732586 0.207496 0.0293528 0.020675 0.0098896
 0.383918 0.451874 0.127415 0.0180244 0.0187685
 0.479439 0.200374 0.234846 0.0662195 0.0191218
pobs_pel_tallas
 0 0 0 0 0 0 0 0 0 0 0 0 0 0 0 0 0 0 0 0 0 0 0 0 0 0
 0 0 0 0 0 0 0 0 0 0 0 0 0 0 0 0 0 0 0 0 0 0 0 0 0 0
 0 0 0 0 0 0 0 0 0 0 0 0 0 0 0 0 0 0 0 0 0 0 0 0 0 0
 0 0 0 0 0 0 0 0 0 0 0 0 0 0 0 0 0 0 0 0 0 0 0 0 0 0
 0 0 0 0 0 0 0 0 0 0 0 0 0 0 0 0 0 0 0 0 0 0 0 0 0 0
 0 0 0 0 0 0 0 0 0 0 0 0 0 0 0 0 0 0 0 0 0 0 0 0 0 0
 0 0 0 0 0 0 0 0 0 0 0 0 0 0 0 0 0 0 0 0 0 0 0 0 0 0
 0 0 0 0 0 0 0 0 0 0 0 0 0 0 0 0 0 0 0 0 0 0 0 0 0 0
 0 0 0 0 0 0 0 0 0 0 0 0 0 0 0 0 0 0 0 0 0 0 0 0 0 0
 0 0 0 0 0 0 0 0 0 0 0 0 0 0 0 0 0 0 0 0 0 0 0 0 0 0
 0 0 0 0 0 0 0 0 0 0 0 0 0 0 0 0 0 0 0 0 0 0 0 0 0 0
 0 0 0 0 0 0 0 0 0 0 0 0 0 0 0 0 0 0 0 0 0 0 0 0 0 0
 0.00862536 0 0 0.000197151 0.00414017 0.0128641 0.00837892 0.0270097 0.101434 0.158115 0.152841 0.127902 0.109271 0.109419 0.0830992 0.0579132 0.0238553 0.00714673 0.00463305 0.00128148 0.00103504 0.000492878 0.000147863 0.000147863 4.92878e-05 0
 0 0 0 0 0 0 0 0 0 0 0 0 0 0 0 0 0 0 0 0 0 0 0 0 0 0
 0 0 0 0 0 0 0 0.0054083 0.00873648 0.0413646 0.0450493 0.0745869 0.0622846 0.0627006 0.0613931 0.0827291 0.12552 0.122667 0.0946155 0.0697135 0.0546179 0.0294188 0.0215738 0.0213955 0.0102223 0.00600262
 0 0 0 0 0.00359764 0.0251062 0.0480494 0.140153 0.205849 0.193036 0.1447 0.116669 0.0760912 0.0342217 0.00950174 0.001854 0.000860785 0 0 0 0.000165536 0 0.000143464 0 0 0
 0 0 0 0 0 0 0 0.000145254 0.000435761 0.0275982 0.070085 0.0708112 0.156366 0.174668 0.174014 0.160142 0.0824315 0.0480064 0.0283245 0.00493863 0.00203355 0 0 0 0 0
 0 0 0 0 0 0 0 0 0 0 0 0 0 0 0 0 0 0 0 0 0 0 0 0 0 0
 0 0 1.00437e-05 0.000401748 0.00122533 0.00171747 0.00176769 0.0269171 0.070346 0.194647 0.189555 0.159765 0.064822 0.0314167 0.0384472 0.0292271 0.0345202 0.0313363 0.0194345 0.0106764 0.0143323 0.0359363 0.0279516 0.0138201 0.00172751 0
 0 0.0021121 0.0136068 0.0755702 0.200478 0.177729 0.0527432 0.0373336 0.0318909 0.0142505 0.0149659 0.0166563 0.0217959 0.0798694 0.0677717 0.0528807 0.04013 0.0224614 0.0357745 0.0225083 0.00881397 0.00855152 0.00135912 0.000746735 0 0
 0 0 0 0 5.4009e-05 0.00500934 0.000945158 0.0243581 0.138947 0.33067 0.221406 0.137944 0.0707744 0.0437923 0.0131692 0.00525238 0.0047753 0.00276346 9.45158e-05 9.00151e-06 2.25038e-05 9.00151e-06 4.50075e-06 0 0 0
 0.000866109 0.00284123 0.00948549 0.0512746 0.133035 0.25785 0.225252 0.132002 0.0553304 0.0519788 0.0540692 0.017754 0.00435017 0.00159236 0.00146478 0.000404838 0.000125132 0.000115318 0.000107957 0.000100596 0 0 0 0 0 0
 0 0 0 0 0.00144013 0.00171154 0.00461396 0.0210425 0.0478622 0.0707936 0.0888783 0.103762 0.0637923 0.0337046 0.0602308 0.124433 0.169614 0.0934646 0.0462172 0.0250306 0.0313229 0.00938855 0.002487 0.000210481 0 0
 0 0.00764035 0.051015 0.0998891 0.058973 0.0496711 0.0374665 0.0718981 0.12319 0.153886 0.159021 0.0857701 0.0377988 0.023471 0.0147837 0.00900784 0.00315554 0.000888139 0.00291439 0.00214683 0.00393193 0.00274676 0.000635225 9.99891e-05 0 0
 0 0 0 0 0 0 0 0 0 0 0 0 0 0 0 0 0 0 0 0 0 0 0 0 0 0
 0 0 0 0 0 0 0 0 0 0 0 0 0 0 0 0 0 0 0 0 0 0 0 0 0 0
 0 0 0 0 0 0 0 0 0 0 0 0 0 0 0 0 0 0 0 0 0 0 0 0 0 0
 0 0 0 0 0 0 0 0 0 0 0 0 0 0 0 0 0 0 0 0 0 0 0 0 0 0
 0 0 0 0 0 0 0 0 0 0 0 0 0 0 0 0 0 0 0 0 0 0 0 0 0 0
 0 0 0 0 0 0 0 0 0 0 0 0 0 0 0 0 0 0 0 0 0 0 0 0 0 0
ppred_pel_tallas
 1.12709e-16 4.14345e-05 0.000402758 0.00267647 0.0121668 0.0378556 0.0806558 0.117722 0.117733 0.0807115 0.038044 0.012718 0.00408587 0.00356535 0.00629883 0.0110008 0.0173601 0.0249812 0.0333686 0.0421046 0.0507595 0.0585345 0.0640581 0.0657408 0.0625799 0.0548343
 1.22902e-16 3.88913e-05 0.000378037 0.00251219 0.0114201 0.0355322 0.075706 0.110501 0.110526 0.0758319 0.0359551 0.0126431 0.00558806 0.00711312 0.0128935 0.0214313 0.0313154 0.0403985 0.046606 0.0492069 0.0493253 0.0491356 0.0503265 0.0530157 0.0558141 0.0567856
 1.18289e-16 5.08848e-05 0.000494618 0.00328691 0.0149418 0.0464897 0.0990519 0.144573 0.14459 0.099138 0.0467792 0.0157798 0.00539735 0.00512531 0.00891594 0.0148479 0.0218373 0.0284436 0.033258 0.0357165 0.036437 0.0367131 0.0375633 0.0390914 0.040554 0.0409232
 1.07192e-16 6.40088e-05 0.000622188 0.00413466 0.0187956 0.0584801 0.124598 0.181858 0.181871 0.124664 0.0586994 0.0194295 0.00572823 0.00410849 0.00670785 0.0110495 0.0160601 0.0205231 0.0232575 0.0237586 0.0225015 0.0205911 0.0190357 0.0182141 0.0178545 0.0173929
 1.04708e-16 5.75412e-05 0.000559321 0.00371688 0.0168964 0.0525712 0.112009 0.163486 0.163508 0.11212 0.0529429 0.0179703 0.00641336 0.00644859 0.0112509 0.0185322 0.026747 0.0337585 0.0374319 0.0367963 0.0326204 0.0268726 0.021515 0.0175694 0.0149995 0.0132066
 1.03167e-16 6.53568e-05 0.000635291 0.00422173 0.0191914 0.0597116 0.127222 0.185688 0.185702 0.127291 0.059941 0.0198545 0.00588844 0.00428101 0.00701066 0.0115426 0.0167524 0.0213414 0.0240257 0.0242052 0.0222931 0.019379 0.0165153 0.0141991 0.0123585 0.0106838
 1.05277e-16 4.4477e-05 0.000432333 0.002873 0.0130603 0.0406356 0.0865797 0.126373 0.126408 0.086752 0.0412143 0.0147321 0.00707089 0.00960079 0.0174702 0.0288463 0.0416329 0.0525318 0.0582074 0.057123 0.0504403 0.0411882 0.0324009 0.025684 0.021044 0.0176543
 1.10743e-16 4.19723e-05 0.000407985 0.00271121 0.0123248 0.0383471 0.0817034 0.119254 0.11928 0.0818304 0.038774 0.0135607 0.00582464 0.00724111 0.0131264 0.0219146 0.0322206 0.041893 0.0487304 0.0516749 0.0513197 0.0492437 0.0467675 0.0441911 0.040999 0.036618
 1.1324e-16 4.96762e-05 0.00048287 0.00320884 0.014587 0.0453855 0.0966994 0.14114 0.141159 0.0967956 0.0457088 0.0155227 0.00556514 0.00565144 0.00993957 0.0165503 0.0243075 0.0315813 0.036757 0.0391448 0.0393574 0.0387554 0.0384134 0.0384506 0.0381548 0.0366319
 1.07633e-16 6.23397e-05 0.000605964 0.00402685 0.0183055 0.0569552 0.12135 0.177116 0.17713 0.121419 0.0571893 0.0189823 0.00572858 0.00433039 0.00716426 0.011822 0.0172089 0.0220431 0.0250734 0.0257603 0.0245936 0.0227173 0.0211631 0.0202974 0.0198167 0.019138
 1.02602e-16 6.98439e-05 0.000678907 0.00451158 0.020509 0.0638111 0.135957 0.198435 0.198446 0.136011 0.063994 0.0210373 0.00583833 0.00357722 0.00558028 0.00913096 0.0131858 0.0166666 0.0185276 0.0182955 0.0163476 0.0136435 0.0111318 0.00929438 0.00809426 0.00722497
 1.01802e-16 6.42473e-05 0.000624507 0.00415007 0.0188656 0.058698 0.125063 0.182537 0.182555 0.125151 0.0589931 0.019718 0.00628951 0.00529462 0.00893275 0.0146636 0.0211116 0.0265362 0.0292077 0.0283272 0.0244968 0.0193044 0.0143708 0.0105999 0.00806596 0.00637987
 1.0253e-16 6.01499e-05 0.000584679 0.0038854 0.0176625 0.0549546 0.117087 0.170897 0.170917 0.117187 0.055289 0.0186288 0.00631249 0.00588788 0.010146 0.0167146 0.0241567 0.0305519 0.0339758 0.033526 0.0298322 0.0245815 0.019464 0.0153763 0.0123465 0.00997531
 1.03985e-16 5.64265e-05 0.000548485 0.00364488 0.0165691 0.0515528 0.109839 0.160319 0.160341 0.109948 0.0519189 0.0176274 0.00630406 0.00636223 0.0111234 0.018367 0.0266099 0.0337912 0.0378395 0.0377868 0.0343096 0.0291968 0.024201 0.0201902 0.0171007 0.0144524
 1.03602e-16 6.41448e-05 0.00062351 0.00414344 0.0188355 0.0586043 0.124863 0.182245 0.182259 0.124935 0.0588467 0.0195363 0.00590482 0.00447646 0.00740475 0.0122009 0.0177127 0.022576 0.0254403 0.0256794 0.0237368 0.0207659 0.0178705 0.0155558 0.0137177 0.0120014
 1.00659e-16 7.80622e-05 0.000758792 0.00504244 0.0229222 0.0713195 0.151954 0.221782 0.221786 0.151973 0.0713842 0.0231091 0.00551175 0.00178393 0.00202689 0.00323234 0.00466067 0.00588626 0.00653329 0.00643072 0.00570797 0.00470145 0.00374653 0.00301823 0.00251342 0.00213752
 1.01574e-16 3.57818e-05 0.000347812 0.00231133 0.010507 0.0326915 0.0696546 0.101674 0.101725 0.0699067 0.0335379 0.0129505 0.00844044 0.0137136 0.0253781 0.041789 0.059938 0.074832 0.0814058 0.0773244 0.0644019 0.0474395 0.0314487 0.0193948 0.0117401 0.00741147
 1.01578e-16 7.54906e-05 0.000733795 0.00487633 0.0221671 0.06897 0.146948 0.214476 0.214479 0.146966 0.0690289 0.022338 0.00530826 0.00168637 0.00191284 0.00311622 0.00465191 0.00620262 0.00748669 0.00835271 0.00882627 0.00901767 0.00897897 0.00864976 0.00793338 0.00681797
 1.02155e-16 5.34186e-05 0.000519248 0.00345059 0.0156859 0.0488048 0.103985 0.151775 0.151806 0.104136 0.0493135 0.0171545 0.00713478 0.00855415 0.0152906 0.0251356 0.0360687 0.0450785 0.0491412 0.0468799 0.0394075 0.0296146 0.0204868 0.0137416 0.00956444 0.00721626
 1.04635e-16 5.39255e-05 0.000524175 0.00348333 0.0158347 0.0492678 0.104971 0.153213 0.153235 0.105078 0.0496259 0.0168706 0.00608926 0.006232 0.0109498 0.0181612 0.0264913 0.0340062 0.0387409 0.0397401 0.0375431 0.0336642 0.0295317 0.0257704 0.0222586 0.0186643
 1.04228e-16 6.43213e-05 0.000625226 0.00415485 0.0188873 0.0587656 0.125207 0.182746 0.18276 0.125275 0.0589943 0.0195487 0.00581738 0.00426311 0.00699867 0.0115355 0.0167703 0.0214284 0.024255 0.0246785 0.0231268 0.0206776 0.0183354 0.0165145 0.0150436 0.0135273
 1.02934e-16 6.46165e-05 0.000628095 0.00417391 0.018974 0.0590353 0.125782 0.183585 0.183601 0.125861 0.0593022 0.019745 0.00610999 0.00485687 0.00810269 0.0133115 0.0192134 0.0242563 0.026905 0.0264575 0.023456 0.0193003 0.015386 0.0124415 0.010449 0.00900179
 1.06826e-16 3.02999e-05 0.000294526 0.00195723 0.00889731 0.0276831 0.0589835 0.0860982 0.0861462 0.0592179 0.0284702 0.0111714 0.00766826 0.0127709 0.0237519 0.0392885 0.0567566 0.0717135 0.0796328 0.0784078 0.0695666 0.0571482 0.0451989 0.0358622 0.0291754 0.0241086
 1.06563e-16 6.43224e-05 0.000625237 0.00415492 0.0188877 0.0587666 0.125209 0.182747 0.182755 0.125248 0.0588978 0.0192688 0.00511925 0.00275596 0.00418618 0.0070158 0.0105616 0.0142496 0.0175187 0.0200858 0.0220291 0.0235566 0.024672 0.025065 0.0243195 0.0222402
 1.05961e-16 5.56217e-05 0.000540663 0.00359289 0.0163328 0.0508175 0.108273 0.158033 0.158057 0.108393 0.0512189 0.0174921 0.00650287 0.00689332 0.0121216 0.0199563 0.02876 0.0362189 0.0400318 0.0391839 0.0345736 0.0284141 0.0228913 0.01911 0.016944 0.0155924
 1.09009e-16 4.02632e-05 0.000391372 0.00260081 0.0118229 0.0367857 0.078377 0.1144 0.114434 0.0785405 0.0373351 0.0134117 0.00659504 0.0091315 0.0167001 0.027704 0.0402769 0.0514296 0.0581195 0.0589207 0.054804 0.0483284 0.0419406 0.0367586 0.0325606 0.0285906
 1.06552e-16 6.38375e-05 0.000620523 0.00412359 0.0187453 0.0583235 0.124265 0.18137 0.181381 0.124317 0.0585001 0.0192565 0.00541203 0.0034507 0.00549059 0.00911246 0.0134428 0.0175874 0.0206744 0.0223062 0.0227495 0.0226397 0.0224533 0.0221943 0.021504 0.0200155
 1.04648e-16 6.03422e-05 0.000586548 0.00389782 0.0177189 0.0551303 0.117462 0.171443 0.171463 0.117559 0.0554585 0.0186672 0.00627844 0.00578499 0.00993797 0.0163478 0.0235798 0.0297368 0.0329374 0.0323404 0.0286534 0.0236483 0.0190797 0.015842 0.0138582 0.0125288
 1.08777e-16 3.16229e-05 0.000307386 0.00204269 0.00928579 0.0288918 0.0615586 0.0898557 0.0898994 0.061772 0.0296085 0.0113572 0.00724704 0.011685 0.0216879 0.0359307 0.0520518 0.0660758 0.0739496 0.0737831 0.0669164 0.0568824 0.047152 0.0394594 0.0336909 0.0288773
 1.16706e-16 3.94908e-05 0.000383865 0.00255092 0.0115961 0.0360799 0.0768728 0.112202 0.112222 0.076969 0.036404 0.0125365 0.00492821 0.00562945 0.0101666 0.0171779 0.0257591 0.0345373 0.0421021 0.0477761 0.0518567 0.0550371 0.0575301 0.0587079 0.0575417 0.0533928
pSPR Fmed_Fpbrs
0.642352   0.210071 0.210071
Fs Fmed_Fpbrs
0.237535   1.005 1.005
SSBpbr Bo_Bmed_Bpbrs
1.94395e+06  1.1515e+06  311170 311170
Ro
174491
SPR SPRFo_SPRFmed_SPRFpbrs
1.2421e+06 797862 260928
Fref
1.005
Nvult_r0
 55493.8 24294.9 28474.5 8028.97 2318.48
CTP_r0
 7216.11 3804.87 4459.45 1257.43 363.102
YTP_r0
284319
Np
 257649 25733 10688.7 12527.5 4611.65
Nvult_p0
 215440 22267.8 9249.32 10840.6 3990.64
CTP_p0
 96343.4 11161.7 4636.19 5433.79 2000.3
YTP_p0
 1.24113e+06
CBA_c0
571362
log_Ro
11.8896
likeval ReclasPelacesDesembMPH_pf_preclas_ppelaces_ptallas_desvR_qrecl_qpela
 13.4409 17.4118 0.05882 0.00279787 234.142 115.741 92.8289 0 23.9391 1.09662e-06 0 0.300813 0 0 0
q_reclas_q_pelaces
0.862093 1
M
1
N
 198598 45175.7 146404 8866.74 0.282945
 112087 65682.2 14560.4 47187 2857.9
 111458 33967.2 18991 4209.93 14469.7
 180057 33934.1 9878 5522.79 5432.24
 144256 49482.1 8689.15 2529.35 2805.14
 253719 48025.6 16079.7 2823.62 1733.49
 104194 76918.3 13892.7 4651.46 1318.26
 46946 24942.4 16592 2996.78 1287.73
 45446.8 16112.1 8417.51 5599.45 1445.93
 61150.1 12769.8 4241.03 2215.66 1854.49
 114460 15848.1 3040.17 1009.68 969.002
 150860 38792.3 5265.51 1010.09 657.415
 125546 38809.5 9150.91 1242.11 393.356
 87781.4 33079.7 9431.22 2223.79 397.44
 87539.5 18522.4 6100.31 1739.24 483.389
 480397 22026.1 4250.6 1399.92 510.057
 101284 130102 5538.42 1068.81 480.262
 739785 30609.4 37489.1 1595.9 446.365
 424424 223285 8806.01 10785.2 587.538
 325592 117714 57830.8 2280.76 2945.54
 484147 92823.8 31548.7 15499.3 1400.71
 649061 146578 26806.7 9111 4880.57
 134172 186645 39707.6 7261.88 3790.29
 401642 42686 57326.1 12195.8 3394.56
 337277 130119 13409.4 18008.4 4897.55
 151054 109117 40805.9 4205.25 7183.42
 343176 50072.5 35269.2 13189.4 3681.08
 383786 111110 15717.8 11071 5295.67
 105380 126623 35703.8 5050.73 5259.24
 81226.8 34983.5 41002 11561.4 3338.5
pred_Ctot
 12788.1 3576.02 11589.1 701.875 0.0223974
 12686 9063.11 2009.11 6511.06 394.345
 12335.4 4585.11 2563.53 568.283 1953.22
 29484.5 6714.47 1954.54 1092.78 1074.86
 8736.79 3686.44 647.345 188.438 208.984
 28662.6 6614.7 2214.7 388.905 238.758
 23818.9 20995.5 3792.12 1269.66 359.831
 2001.79 1312.17 872.874 157.655 67.7448
 6936.14 2977.29 1555.44 1034.7 267.188
 11752 2950.2 979.804 511.884 428.442
 5734.47 978.397 187.687 62.3337 59.8222
 29519.9 9119.35 1237.82 237.454 154.546
 23138.6 8610.94 2030.38 275.595 87.2768
 24744.3 11020.7 3142.08 740.872 132.41
 18035.3 4575.77 1507.02 429.661 119.416
 82134.6 4544.55 877.009 288.841 105.238
 11612.8 18181.5 773.982 149.363 67.1156
 85333 4302.92 5270.03 224.344 62.7478
 67554.6 42979.6 1695.05 2076.02 113.094
 47287.2 20726.4 10182.5 401.581 518.632
 55045.5 12865.4 4372.68 2148.21 194.139
 91390.4 25040.7 4579.55 1556.49 833.777
 11603.1 19768.6 4205.65 769.146 401.451
 30621.5 3992.75 5362.15 1140.77 317.52
 25977.3 12293.9 1266.95 1701.47 462.731
 9526.65 8461.73 3164.39 326.106 557.055
 26283.5 4704.78 3313.87 1239.27 345.872
 25249.9 8984.28 1270.93 895.198 428.205
 6556.45 9688.15 2731.77 386.442 402.395
 7216.11 3804.87 4459.45 1257.43 363.102
F
 0.106455 0.132253 0.132253 0.132253 0.132253
 0.193876 0.24086 0.24086 0.24086 0.24086
 0.189227 0.235085 0.235085 0.235085 0.235085
 0.291664 0.362346 0.362346 0.362346 0.362346
 0.0998561 0.124056 0.124056 0.124056 0.124056
 0.193485 0.240375 0.240375 0.240375 0.240375
 0.429688 0.53382 0.53382 0.53382 0.53382
 0.0694291 0.0862548 0.0862548 0.0862548 0.0862548
 0.26946 0.334762 0.334762 0.334762 0.334762
 0.350281 0.43517 0.43517 0.43517 0.43517
 0.0819997 0.101872 0.101872 0.101872 0.101872
 0.357686 0.444368 0.444368 0.444368 0.444368
 0.333755 0.414639 0.414639 0.414639 0.414639
 0.555868 0.690579 0.690579 0.690579 0.690579
 0.379864 0.471922 0.471922 0.471922 0.471922
 0.30629 0.380517 0.380517 0.380517 0.380517
 0.196621 0.244271 0.244271 0.244271 0.244271
 0.197912 0.245874 0.245874 0.245874 0.245874
 0.282472 0.350927 0.350927 0.350927 0.350927
 0.254943 0.316727 0.316727 0.316727 0.316727
 0.194835 0.242051 0.242051 0.242051 0.242051
 0.246318 0.306012 0.306012 0.306012 0.306012
 0.145252 0.180452 0.180452 0.180452 0.180452
 0.127112 0.157917 0.157917 0.157917 0.157917
 0.128484 0.159622 0.159622 0.159622 0.159622
 0.104167 0.129412 0.129412 0.129412 0.129412
 0.127724 0.158678 0.158678 0.158678 0.158678
 0.108876 0.135261 0.135261 0.135261 0.135261
 0.1027 0.127589 0.127589 0.127589 0.127589
 0.149471 0.185694 0.185694 0.185694 0.185694
YTP_r0W_actual
 52677.6 60497.5 118176 39860.7 13108
YTP_p0W_proyectada
 724502 179926 108394 160297 68010.1
CTP_r0_actual
 7216.11 3804.87 4459.45 1257.43 363.102
CTP_p0_proyectada
 96343.4 11161.7 4636.19 5433.79 2000.3
Wmedp
 7.52 16.12 23.38 29.5 34
Frms_r0
 0.149471 0.185694 0.185694 0.185694 0.185694
Zrms_r0
 1.14947 1.18569 1.18569 1.18569 1.18569
nmprior
 8.19 8.8 8.5 0
nm_flota  nm_reclas  nm_pelaces    nm_pelaL
inf 12.2554 16.3348 28.5586
cv_recla  cv_pelaces  cv_mph
0.339423 0.491006 1.63237
 ------------------------------------------------
Talla a la edad & desviaci?n 
 8 13.2811 15.8009 17.003 17.5766
 0.8 1.32811 1.58009 1.7003 1.75766
