    unsorted:	 2.326127573e-06 5.709173416e-05 9.828219644e-05 0.001099958231 3.730295807 1.199892236 7.190673200 10.27915795 13.73750521 60.05961999 157.7969107 136.3367435 227.9863839 256.6801420 468.2067959 511.9897938 647.1823279 793.4877227 816.5974685 881.4069171 916.1535556 949.8231935 1072.459745 1216.839712 1296.904775 1389.897488 1527.703163 1642.006219 1808.640264 1845.865909 2098.166731 2242.213023 2457.766771 2351.970943 2529.748699 2581.212038 2841.165435 2912.442116 3118.620260 3230.179180 3728.642217 3833.812780 4314.780750 10132.27104 41291.16079 163548.9764 385077.7093 388506.8903 377335.4691 356441.7683 359059.1041 397143.5177 421237.6601 315815.4269 444466.3799 454112.3716 458833.8184 603566.8309 615225.9163 650928.2155 693761.3125 702384.2692 969516.2315 1042261.971 1124401.603 1183130.724 1502590.328 1649105.624 1818926.923 2303652.890 2437172.760 2474205.545 2738797.665 2939481.986 3288299.395 41876497.74
      sorted:	 2.326127573e-06 5.709173416e-05 9.828219644e-05 0.001099958231 1.199892236 3.730295807 7.190673200 10.27915795 13.73750521 60.05961999 136.3367435 157.7969107 227.9863839 256.6801420 468.2067959 511.9897938 647.1823279 793.4877227 816.5974685 881.4069171 916.1535556 949.8231935 1072.459745 1216.839712 1296.904775 1389.897488 1527.703163 1642.006219 1808.640264 1845.865909 2098.166731 2242.213023 2351.970943 2457.766771 2529.748699 2581.212038 2841.165435 2912.442116 3118.620260 3230.179180 3728.642217 3833.812780 4314.780750 10132.27104 41291.16079 163548.9764 315815.4269 356441.7683 359059.1041 377335.4691 385077.7093 388506.8903 397143.5177 421237.6601 444466.3799 454112.3716 458833.8184 603566.8309 615225.9163 650928.2155 693761.3125 702384.2692 969516.2315 1042261.971 1124401.603 1183130.724 1502590.328 1649105.624 1818926.923 2303652.890 2437172.760 2474205.545 2738797.665 2939481.986 3288299.395 41876497.74
