years
 1991 1992 1993 1994 1995 1996 1997 1998 1999 2000 2001 2002 2003 2004 2005 2006 2007 2008 2009 2010 2011 2012 2013 2014 2015 2016 2017 2018 2019
reclasobs
 0 0 0 0 0 0 0 0 0 252601 567819 844713 477998 351125 339783 2.1784e+06 2.13404e+06 4.81314e+06 1.55562e+06 2.62356e+06 3.21686e+06 3.843e+06 1.13348e+06 3.07943e+06 1.97215e+06 2.03268e+06 2.025e+06 2.42433e+06 2.27542e+06
reclaspred
 4.2033e+06 2.89248e+06 2.04981e+06 2.14103e+06 2.22172e+06 2.54947e+06 2.13795e+06 3.00123e+06 3.1344e+06 3.32721e+06 2.43563e+06 2.44983e+06 2.26311e+06 2.12102e+06 2.18831e+06 2.23848e+06 2.33533e+06 2.70529e+06 1.5722e+06 1.16567e+06 1.86807e+06 1.17979e+06 1.4716e+06 2.19565e+06 1.93864e+06 2.32604e+06 2.49899e+06 2.09137e+06 2.50347e+06
pelacesobs
 0 0 0 0 0 0 0 0 0 0 0 0 0 0 0 552880 188675 0 991730 2.46772e+06 1.41603e+06 1.21717e+06 2.29649e+06 1.80582e+06 0 1.4828e+06 1.56532e+06 1.57751e+06 1.42118e+06
pelacespred
 2.02704e+06 1.50158e+06 1.0369e+06 932371 1.04499e+06 1.18275e+06 1.01077e+06 1.55235e+06 1.71776e+06 1.70528e+06 1.39584e+06 1.17745e+06 1.14569e+06 1.17179e+06 1.214e+06 1.06645e+06 1.06796e+06 1.17594e+06 779667 510854 739238 528109 680947 1.08211e+06 973754 1.13696e+06 1.35634e+06 1.20327e+06 1.1425e+06
mphobs
 0 0 0 0 0 0 0 0 0 0 0 498337 0 5186 125008 0 168611 109162 213762 579715 649985 157893 87575 83554 0 0 0 0 0
mphpred
 3.92484e+06 2.85594e+06 1.96708e+06 1.57597e+06 1.76073e+06 1.89394e+06 1.9383e+06 1.77596e+06 2.48423e+06 2.82922e+06 2.27462e+06 2.05233e+06 1.86997e+06 1.65243e+06 1.59193e+06 1.96814e+06 1.70688e+06 2.11926e+06 1.60352e+06 963341 1.14265e+06 1.19014e+06 829871 1.39262e+06 1.76866e+06 1.54828e+06 1.94303e+06 1.72972e+06 1.98808e+06
desembarqueobs
 494567 514787 250237 358949 120608 361735 552515 73892 212993 205616 52469 317467 293654 387597 252695 516296 358380 742168 942051 627588 828172 859565 418607 520667 417249 300574 415391 372974 316634
desembarquepred
 494378 505160 260954 358668 120523 361454 552065 73843 212883 205517 52435.8 317356 293544 387474 252569 515985 358082 740920 939058 625818 826411 857051 418141 520191 416884 300357 415078 372650 316412
Reclutas
 327616 327616 327616 327616 327616 327616 327616 327616 327616 327616 327616 327616 327616 327616 327616 327616 327616 327616 327616 327616 327616 327616 327616 327616 327616 327616 327616 327616 327616
log_desv_Rt
 0 0 0 0 0 0 0 0 0 0 0 0 0 0 0 0 0 0 0 0 0 0 0 0 0 0 0 0 0
SSB
 3.92484e+06 2.85594e+06 1.96708e+06 1.57597e+06 1.76073e+06 1.89394e+06 1.9383e+06 1.77596e+06 2.48423e+06 2.82922e+06 2.27462e+06 2.05233e+06 1.86997e+06 1.65243e+06 1.59193e+06 1.96814e+06 1.70688e+06 2.11926e+06 1.60352e+06 963341 1.14265e+06 1.19014e+06 829871 1.39262e+06 1.76866e+06 1.54828e+06 1.94303e+06 1.72972e+06 1.98808e+06
BT
 5.47529e+06 4.39141e+06 2.87769e+06 2.91261e+06 2.90249e+06 3.71247e+06 3.21657e+06 5.13882e+06 5.30453e+06 4.82589e+06 3.82477e+06 3.47195e+06 3.51585e+06 4.05758e+06 4.09631e+06 3.37421e+06 3.39347e+06 3.93471e+06 3.26583e+06 2.10823e+06 3.03729e+06 2.37049e+06 2.68731e+06 4.05265e+06 3.06141e+06 3.81868e+06 4.59892e+06 4.11668e+06 3.36117e+06
Ftot
 0.111841 0.165331 0.120973 0.158764 0.051848 0.134643 0.242925 0.0235704 0.064872 0.0590007 0.0206258 0.123106 0.123287 0.173083 0.109909 0.217334 0.145549 0.257276 0.54638 0.494998 0.410617 0.65698 0.267598 0.22371 0.203059 0.122817 0.157533 0.168925 0.120144
BD_Bspro_t
 0.982265 0.884544 0.80435 0.791274 0.794851 0.839997 0.808471 0.758056 0.862955 0.892582 0.895251 0.916674 0.861451 0.821693 0.805716 0.819295 0.746521 0.778232 0.667494 0.521053 0.512805 0.505292 0.450862 0.611772 0.690052 0.709481 0.786146 0.786074 0.802172
BD_Bspro
 1.68566 1.22658 0.844832 0.676857 0.756209 0.81342 0.832471 0.762749 1.06694 1.21511 0.976915 0.881443 0.803124 0.709693 0.683708 0.845287 0.73308 0.910189 0.688686 0.413741 0.490752 0.511147 0.356417 0.598108 0.759614 0.664965 0.834502 0.742888 0.853852
BD_Bo
 1.54451 1.12387 0.774088 0.620179 0.692887 0.745307 0.762762 0.698879 0.977599 1.11336 0.895111 0.807634 0.735872 0.650266 0.626456 0.774506 0.671694 0.833973 0.631017 0.379095 0.449658 0.468345 0.326572 0.548024 0.696006 0.609283 0.764623 0.680681 0.782353
BD_Brms
 6.55328 4.76854 3.28442 2.63139 2.93988 3.1623 3.23636 2.96531 4.1479 4.72392 3.79791 3.42675 3.12227 2.75904 2.65802 3.28619 2.84996 3.5385 2.67737 1.60848 1.90788 1.98717 1.38563 2.32524 2.95312 2.58516 3.24426 2.88809 3.31948
Sel_flota
 0.5 1 1 1 1
 0.5 1 1 1 1
 0.5 1 1 1 1
 0.5 1 1 1 1
 0.5 1 1 1 1
 0.5 1 1 1 1
 0.5 1 1 1 1
 0.5 1 1 1 1
 0.5 1 1 1 1
 0.5 1 1 1 1
 0.5 1 1 1 1
 0.5 1 1 1 1
 0.5 1 1 1 1
 0.5 1 1 1 1
 0.5 1 1 1 1
 0.5 1 1 1 1
 0.5 1 1 1 1
 0.5 1 1 1 1
 0.5 1 1 1 1
 0.5 1 1 1 1
 0.5 1 1 1 1
 0.5 1 1 1 1
 0.5 1 1 1 1
 0.5 1 1 1 1
 0.5 1 1 1 1
 0.5 1 1 1 1
 0.5 1 1 1 1
 0.5 1 1 1 1
 0.5 1 1 1 1
Sel_reclas
 0.5 1 1 1 1
 0.5 1 1 1 1
 0.5 1 1 1 1
 0.5 1 1 1 1
 0.5 1 1 1 1
 0.5 1 1 1 1
 0.5 1 1 1 1
 0.5 1 1 1 1
 0.5 1 1 1 1
 0.5 1 1 1 1
 0.5 1 1 1 1
 0.5 1 1 1 1
 0.5 1 1 1 1
 0.5 1 1 1 1
 0.5 1 1 1 1
 0.5 1 1 1 1
 0.5 1 1 1 1
 0.5 1 1 1 1
 0.5 1 1 1 1
 0.5 1 1 1 1
 0.5 1 1 1 1
 0.5 1 1 1 1
 0.5 1 1 1 1
 0.5 1 1 1 1
 0.5 1 1 1 1
 0.5 1 1 1 1
 0.5 1 1 1 1
 0.5 1 1 1 1
 0.5 1 1 1 1
Sel_pelaces
 0.5 1 1 1 1
 0.5 1 1 1 1
 0.5 1 1 1 1
 0.5 1 1 1 1
 0.5 1 1 1 1
 0.5 1 1 1 1
 0.5 1 1 1 1
 0.5 1 1 1 1
 0.5 1 1 1 1
 0.5 1 1 1 1
 0.5 1 1 1 1
 0.5 1 1 1 1
 0.5 1 1 1 1
 0.5 1 1 1 1
 0.5 1 1 1 1
 0.5 1 1 1 1
 0.5 1 1 1 1
 0.5 1 1 1 1
 0.5 1 1 1 1
 0.5 1 1 1 1
 0.5 1 1 1 1
 0.5 1 1 1 1
 0.5 1 1 1 1
 0.5 1 1 1 1
 0.5 1 1 1 1
 0.5 1 1 1 1
 0.5 1 1 1 1
 0.5 1 1 1 1
 0.5 1 1 1 1
pf_obs 
 0.8446 0.082 0.0669 0.0065 0
 0.8095 0.147 0.0364 0.0071 0
 0.9664 0.0169 0.016 0.0007 0
 0.9276 0.0648 0.0075 0.0001 0
 0.7033 0.2144 0.0806 0.0017 0
 0.9318 0.0425 0.0243 0.0014 0
 0.5671 0.3108 0.0964 0.0239 0.0018
 0.0768 0.2599 0.5324 0.112 0.0189
 0.490249 0.384438 0.106611 0.0170017 0.00170017
 0.7925 0.1577 0.0466 0.003 0.0002
 0.840416 0.127587 0.0312969 0.00059994 9.999e-05
 0.8084 0.0986 0.0794 0.0134 0.0002
 0.7335 0.1905 0.0724 0.0035 0.0001
 0.4001 0.4547 0.1325 0.0127 0
 0.49795 0.308269 0.164784 0.0264974 0.00249975
 0.9179 0.0499 0.0305 0.0017 0
 0.2467 0.6533 0.0926 0.0074 0
 0.9418 0.0223 0.034 0.0019 0
 0.707729 0.231977 0.0356964 0.0245975 0
 0.517169 0.277429 0.184464 0.0207286 0.00020938
 0.811772 0.124168 0.05621 0.00726502 0.000585176
 0.764997 0.148141 0.077277 0.00933861 0.000247198
 0.163321 0.427699 0.378323 0.0303852 0.000271297
 0.753843 0.0900009 0.118128 0.0371064 0.000921714
 0.721811 0.176058 0.0630433 0.0369309 0.00215725
 0.143369 0.312575 0.442814 0.0836902 0.0175525
 0.692698 0.0596174 0.167031 0.0765114 0.00414204
 0.394062 0.376323 0.152708 0.0712218 0.00568511
 0.125707 0.32114 0.495352 0.0537591 0.00404204
pf_pred 
 0.431297 0.0437925 0.491288 0.0216557 0.0119673
 0.475788 0.320042 0.0157219 0.176377 0.012071
 0.498161 0.329163 0.105422 0.00517879 0.0620747
 0.500913 0.335847 0.107072 0.0342921 0.0218766
 0.502027 0.337533 0.107964 0.0344201 0.0180564
 0.490655 0.342188 0.113302 0.0362408 0.0176151
 0.50463 0.330503 0.110761 0.0366739 0.0174323
 0.514288 0.333472 0.101573 0.0340397 0.0166283
 0.486878 0.349304 0.112471 0.0342577 0.0170889
 0.483696 0.340338 0.119787 0.0385699 0.0176084
 0.479746 0.341247 0.117998 0.0415313 0.0194775
 0.477849 0.339287 0.119945 0.0414752 0.021444
 0.492623 0.332294 0.113767 0.040219 0.0210976
 0.500147 0.333991 0.108627 0.0371905 0.0200444
 0.506881 0.334377 0.106068 0.0344975 0.0181765
 0.504983 0.33653 0.107468 0.03409 0.0169293
 0.516807 0.331078 0.103413 0.0330241 0.0156779
 0.515345 0.33475 0.102713 0.0320828 0.0151092
 0.544763 0.317138 0.0953852 0.0292676 0.0134471
 0.592376 0.3012 0.0741395 0.0222989 0.00998572
 0.592939 0.314142 0.0686594 0.0169003 0.00735935
 0.592003 0.313097 0.0732373 0.0160068 0.00565574
 0.608604 0.305516 0.0659043 0.0154159 0.0045598
 0.556262 0.342169 0.0792825 0.0171024 0.00518375
 0.535642 0.338165 0.0973079 0.0225468 0.00633785
 0.522827 0.338879 0.100711 0.02898 0.00860235
 0.50893 0.340992 0.106583 0.0316752 0.0118202
 0.510325 0.335279 0.10721 0.0335103 0.0136753
 0.510012 0.336445 0.105131 0.033617 0.0147956
pobs_RECLAS
 0 0 0 0 0
 0 0 0 0 0
 0 0 0 0 0
 0 0 0 0 0
 0 0 0 0 0
 0 0 0 0 0
 0 0 0 0 0
 0 0 0 0 0
 0 0 0 0 0
 0 0 0 0 0
 0.991045 0.00858322 0.000360255 1.14367e-05 0
 0.934742 0.0480273 0.0164251 0.00080598 0
 0.827803 0.169806 0.00239088 0 0
 0.941827 0.0461693 0.0120037 0 0
 0.791401 0.0380133 0.147996 0.0225897 0
 0.846168 0.0940531 0.0597789 0 0
 0.134021 0.677848 0.182769 0.00536245 0
 0.80878 0.0450904 0.141981 0.00414843 0
 0.846168 0.0940531 0.0597789 0 0
 0.905697 0.0802665 0.012482 0.00150086 5.37128e-05
 0.989698 0.0102097 9.19794e-05 0 0
 0.975433 0.0193895 0.00387452 0.00125025 5.28907e-05
 0.303575 0.632131 0.0575291 0.00676475 0
 0.966965 0.00978017 0.0227588 0.000495775 0
 0.843318 0.132988 0.00938335 0.0141283 0.000182051
 0.564624 0.303363 0.111486 0.0197234 0.00080311
 0.826376 0.0876187 0.0782897 0.00655872 0.00115652
 0.89761 0.0855135 0.0140674 0.00269457 0.000114338
 0.34875 0.467042 0.161289 0.0227151 0.000203297
ppred_RECLAS
 0.432513 0.0436989 0.490237 0.0216094 0.0119417
 0.47768 0.318887 0.0156652 0.17574 0.0120274
 0.499509 0.328279 0.105139 0.00516488 0.0619079
 0.502726 0.334626 0.106683 0.0341676 0.0217971
 0.502578 0.337159 0.107844 0.034382 0.0180364
 0.492168 0.341171 0.112965 0.0361331 0.0175628
 0.507554 0.328553 0.110107 0.0364574 0.0173294
 0.514533 0.333303 0.101521 0.0340225 0.0166199
 0.487574 0.34883 0.112319 0.0342113 0.0170658
 0.484326 0.339923 0.119641 0.0385228 0.0175869
 0.47996 0.341106 0.11795 0.0415142 0.0194695
 0.47922 0.338396 0.11963 0.0413663 0.0213877
 0.493998 0.331393 0.113459 0.04011 0.0210404
 0.502142 0.332658 0.108193 0.037042 0.0199644
 0.508097 0.333552 0.105807 0.0344125 0.0181317
 0.507558 0.334779 0.106909 0.0339127 0.0168412
 0.518453 0.32995 0.103061 0.0329116 0.0156245
 0.518465 0.332595 0.102052 0.0318763 0.015012
 0.552457 0.311777 0.093773 0.0287729 0.0132198
 0.598981 0.296319 0.072938 0.0219375 0.0098239
 0.59818 0.310097 0.0677753 0.0166827 0.00726459
 0.601486 0.30582 0.0715352 0.0156348 0.0055243
 0.611714 0.303088 0.0653806 0.0152933 0.00452356
 0.558888 0.340144 0.0788133 0.0170012 0.00515308
 0.538014 0.336438 0.0968109 0.0224316 0.00630548
 0.524194 0.337908 0.100423 0.028897 0.0085777
 0.510727 0.339744 0.106193 0.0315593 0.0117769
 0.512266 0.333951 0.106785 0.0333774 0.0136211
 0.511349 0.335527 0.104844 0.0335252 0.0147552
pobs_PELACES
 0 0 0 0 0
 0 0 0 0 0
 0 0 0 0 0
 0 0 0 0 0
 0 0 0 0 0
 0 0 0 0 0
 0 0 0 0 0
 0 0 0 0 0
 0 0 0 0 0
 0 0 0 0 0
 0 0 0 0 0
 0 0 0 0 0
 0 0 0 0 0
 0 0 0 0 0
 0 0 0 0 0
 0 0 0 0 0
 0.505614 0.472636 0.0217494 0 0
 0 0 0 0 0
 0.443492 0.261883 0.143347 0.151278 0
 0.227955 0.32914 0.350689 0.0885471 0.00366901
 0.970185 0.0296113 0.000203453 0 0
 0.997202 0.00247181 0.000326279 0 0
 0.445219 0.490057 0.0546422 0.010081 0
 0.90214 0.0892962 0.00764917 0.000914606 0
 0 0 0 0 0
 0.581667 0.319106 0.0959925 0.00289975 0.000334073
 0.762889 0.0836404 0.116647 0.0363945 0.000428098
 0.88444 0.0763242 0.0277011 0.0115352 0
 0.521256 0.241999 0.230069 0.00667565 0
ppred_PELACES
 0.437047 0.0433497 0.48632 0.0214367 0.0118463
 0.484491 0.314729 0.0154609 0.173449 0.0118706
 0.504499 0.325006 0.10409 0.00511339 0.0612907
 0.509274 0.33022 0.105278 0.0337177 0.0215101
 0.504717 0.335709 0.10738 0.0342342 0.0179589
 0.497722 0.33744 0.11173 0.0357379 0.0173707
 0.517568 0.321871 0.107868 0.0357161 0.016977
 0.515505 0.332636 0.101318 0.0339544 0.0165866
 0.490249 0.34701 0.111732 0.0340327 0.0169767
 0.486758 0.33832 0.119077 0.0383412 0.017504
 0.48081 0.340549 0.117757 0.0414464 0.0194377
 0.484291 0.335101 0.118465 0.0409635 0.0211794
 0.499084 0.328062 0.112318 0.0397069 0.0208289
 0.509281 0.327888 0.106642 0.0365109 0.0196781
 0.512628 0.330479 0.104832 0.0340954 0.0179647
 0.516518 0.328688 0.104964 0.0332957 0.0165348
 0.524446 0.325844 0.101778 0.032502 0.01543
 0.529053 0.325282 0.0998082 0.0311754 0.0146819
 0.574627 0.296333 0.0891277 0.0273476 0.012565
 0.618432 0.281947 0.0694003 0.0208735 0.00934742
 0.614351 0.297618 0.0650477 0.0160113 0.00697223
 0.627162 0.286116 0.0669262 0.0146275 0.00516837
 0.622149 0.294943 0.0636236 0.0148824 0.004402
 0.567967 0.333143 0.0771911 0.0166513 0.00504701
 0.546331 0.330381 0.0950681 0.0220278 0.00619197
 0.529246 0.334321 0.0993567 0.0285902 0.00848663
 0.517221 0.335235 0.104783 0.0311405 0.0116207
 0.519227 0.329184 0.105261 0.0329011 0.0134266
 0.516301 0.332126 0.103781 0.0331854 0.0146057
pobs_pel_tallas
 0 0 0 0 0 0 0 0 0 0 0 0 0 0 0 0 0 0 0 0 0 0 0 0 0 0
 0 0 0 0 0 0 0 0 0 0 0 0 0 0 0 0 0 0 0 0 0 0 0 0 0 0
 0 0 0 0 0 0 0 0 0 0 0 0 0 0 0 0 0 0 0 0 0 0 0 0 0 0
 0 0 0 0 0 0 0 0 0 0 0 0 0 0 0 0 0 0 0 0 0 0 0 0 0 0
 0 0 0 0 0 0 0 0 0 0 0 0 0 0 0 0 0 0 0 0 0 0 0 0 0 0
 0 0 0 0 0 0 0 0 0 0 0 0 0 0 0 0 0 0 0 0 0 0 0 0 0 0
 0 0 0 0 0 0 0 0 0 0 0 0 0 0 0 0 0 0 0 0 0 0 0 0 0 0
 0 0 0 0 0 0 0 0 0 0 0 0 0 0 0 0 0 0 0 0 0 0 0 0 0 0
 0 0 0 0 0 0 0 0 0 0 0 0 0 0 0 0 0 0 0 0 0 0 0 0 0 0
 0 0 0 0 0 0 0 0 0 0 0 0 0 0 0 0 0 0 0 0 0 0 0 0 0 0
 0 0 0 0 0 0 0 0 0 0 0 0 0 0 0 0 0 0 0 0 0 0 0 0 0 0
 0 0 0 0 0 0 0 0 0 0 0 0 0 0 0 0 0 0 0 0 0 0 0 0 0 0
 0.00862536 0 0 0.000197151 0.00414017 0.0128641 0.00837892 0.0270097 0.101434 0.158115 0.152841 0.127902 0.109271 0.109419 0.0830992 0.0579132 0.0238553 0.00714673 0.00463305 0.00128148 0.00103504 0.000492878 0.000147863 0.000147863 4.92878e-05 0
 0 0 0 0 0 0 0 0 0 0 0 0 0 0 0 0 0 0 0 0 0 0 0 0 0 0
 0 0 0 0 0 0 0 0.0054083 0.00873648 0.0413646 0.0450493 0.0745869 0.0622846 0.0627006 0.0613931 0.0827291 0.12552 0.122667 0.0946155 0.0697135 0.0546179 0.0294188 0.0215738 0.0213955 0.0102223 0.00600262
 0 0 0 0 0.00359764 0.0251062 0.0480494 0.140153 0.205849 0.193036 0.1447 0.116669 0.0760912 0.0342217 0.00950174 0.001854 0.000860785 0 0 0 0.000165536 0 0.000143464 0 0 0
 0 0 0 0 0 0 0 0.000145254 0.000435761 0.0275982 0.070085 0.0708112 0.156366 0.174668 0.174014 0.160142 0.0824315 0.0480064 0.0283245 0.00493863 0.00203355 0 0 0 0 0
 0 0 0 0 0 0 0 0 0 0 0 0 0 0 0 0 0 0 0 0 0 0 0 0 0 0
 0 0 1.00437e-05 0.000401748 0.00122533 0.00171747 0.00176769 0.0269171 0.070346 0.194647 0.189555 0.159765 0.064822 0.0314167 0.0384472 0.0292271 0.0345202 0.0313363 0.0194345 0.0106764 0.0143323 0.0359363 0.0279516 0.0138201 0.00172751 0
 0 0.0021121 0.0136068 0.0755702 0.200478 0.177729 0.0527432 0.0373336 0.0318909 0.0142505 0.0149659 0.0166563 0.0217959 0.0798694 0.0677717 0.0528807 0.04013 0.0224614 0.0357745 0.0225083 0.00881397 0.00855152 0.00135912 0.000746735 0 0
 0 0 0 0 5.4009e-05 0.00500934 0.000945158 0.0243581 0.138947 0.33067 0.221406 0.137944 0.0707744 0.0437923 0.0131692 0.00525238 0.0047753 0.00276346 9.45158e-05 9.00151e-06 2.25038e-05 9.00151e-06 4.50075e-06 0 0 0
 0.000866109 0.00284123 0.00948549 0.0512746 0.133035 0.25785 0.225252 0.132002 0.0553304 0.0519788 0.0540692 0.017754 0.00435017 0.00159236 0.00146478 0.000404838 0.000125132 0.000115318 0.000107957 0.000100596 0 0 0 0 0 0
 0 0 0 0 0.00144013 0.00171154 0.00461396 0.0210425 0.0478622 0.0707936 0.0888783 0.103762 0.0637923 0.0337046 0.0602308 0.124433 0.169614 0.0934646 0.0462172 0.0250306 0.0313229 0.00938855 0.002487 0.000210481 0 0
 0 0.00764035 0.051015 0.0998891 0.058973 0.0496711 0.0374665 0.0718981 0.12319 0.153886 0.159021 0.0857701 0.0377988 0.023471 0.0147837 0.00900784 0.00315554 0.000888139 0.00291439 0.00214683 0.00393193 0.00274676 0.000635225 9.99891e-05 0 0
 0 0 0 0 0 0 0 0 0 0 0 0 0 0 0 0 0 0 0 0 0 0 0 0 0 0
 0 0 0 0 0 0 0 0 0 0 0 0 0 0 0 0 0 0 0 0 0 0 0 0 0 0
 0 0 0 0 0 0 0 0 0 0 0 0 0 0 0 0 0 0 0 0 0 0 0 0 0 0
 0 0 0 0 0 0 0 0 0 0 0 0 0 0 0 0 0 0 0 0 0 0 0 0 0 0
 0 0 0 0 0 0 0 0 0 0 0 0 0 0 0 0 0 0 0 0 0 0 0 0 0 0
ppred_pel_tallas
 1.182e-16 3.5999e-05 0.000349923 0.00232536 0.0105708 0.0328896 0.070075 0.102278 0.102282 0.0700994 0.0329738 0.0108236 0.0029959 0.00193272 0.00339011 0.00645364 0.0113989 0.018711 0.0287487 0.0414298 0.0558257 0.0699103 0.0808366 0.0858603 0.0835085 0.0742944
 1.19931e-16 3.99069e-05 0.000387909 0.0025778 0.0117183 0.0364602 0.0776833 0.113387 0.113418 0.0778316 0.0369582 0.0131572 0.00619141 0.00828305 0.0150569 0.0248989 0.0360582 0.0458305 0.0515815 0.0523271 0.0494337 0.0457394 0.0437343 0.0441712 0.0459587 0.0471155
 1.13972e-16 4.1555e-05 0.00040393 0.00268426 0.0122023 0.0379659 0.0808915 0.11807 0.118102 0.0810451 0.0384819 0.013694 0.00643374 0.00860573 0.0156677 0.0259676 0.0377168 0.0481035 0.0542955 0.0550261 0.0513361 0.0457912 0.0408237 0.0375043 0.0354687 0.0336772
 1.10145e-16 4.19483e-05 0.000407752 0.00270966 0.0123177 0.0383252 0.0816571 0.119188 0.11922 0.0818132 0.0388495 0.0138335 0.00651956 0.00874182 0.0159203 0.0263867 0.0383237 0.0488686 0.0551275 0.0557811 0.0518332 0.0458201 0.0401453 0.0358676 0.0326666 0.0296351
 1.09657e-16 4.15729e-05 0.000404104 0.00268541 0.0122075 0.0379823 0.0809265 0.118121 0.118154 0.0810852 0.0385153 0.0137485 0.00655856 0.00887639 0.0161829 0.0268223 0.0389528 0.0496614 0.0559999 0.0566183 0.0525264 0.0462938 0.0403617 0.0358169 0.0323581 0.0290988
 1.09835e-16 4.09968e-05 0.000398503 0.0026482 0.0120383 0.0374559 0.0798049 0.116484 0.116517 0.0799644 0.0379918 0.0135877 0.00654274 0.0089186 0.0162763 0.0269859 0.0392081 0.0500232 0.0564749 0.0572077 0.0532281 0.0470988 0.0412452 0.0367321 0.0332413 0.0298845
 1.0965e-16 4.26314e-05 0.000414393 0.00275379 0.0125183 0.0389494 0.0829869 0.121128 0.121159 0.083139 0.0394606 0.0139964 0.00646928 0.00854325 0.0155338 0.025753 0.0374255 0.0477682 0.0539669 0.0547328 0.0510269 0.0452878 0.0398162 0.0356103 0.0323481 0.0291689
 1.09221e-16 4.24615e-05 0.000412741 0.00274281 0.0124684 0.0387941 0.0826561 0.120646 0.120678 0.0828133 0.0393221 0.0139947 0.00657862 0.00880209 0.016022 0.0265437 0.0385253 0.0490688 0.0552439 0.0557095 0.0514753 0.0451107 0.0390681 0.0344575 0.0310014 0.0278226
 1.096e-16 4.03812e-05 0.00039252 0.00260843 0.0118576 0.0368935 0.0786068 0.114736 0.114769 0.0787708 0.0374445 0.0134504 0.006612 0.00915009 0.0167251 0.0277247 0.0402622 0.0513262 0.0578657 0.0584785 0.0542008 0.0476817 0.0414434 0.0366172 0.0329104 0.0294317
 1.10331e-16 4.00937e-05 0.000389725 0.00258986 0.0117731 0.0366308 0.078047 0.113919 0.113951 0.078207 0.0371684 0.0133274 0.00649732 0.00893998 0.0163385 0.0271054 0.0394162 0.0503606 0.0569898 0.0579507 0.0542404 0.0483929 0.0427869 0.0384348 0.0349795 0.0315235
 1.10932e-16 3.96037e-05 0.000384963 0.00255821 0.0116293 0.0361832 0.0770934 0.112527 0.11256 0.0772544 0.0367243 0.0131937 0.00649103 0.00899052 0.0164429 0.0272791 0.0396676 0.0506817 0.0573584 0.0583457 0.0546615 0.0488705 0.0433738 0.0391812 0.0359056 0.0326028
 1.11197e-16 3.98905e-05 0.00038775 0.00257674 0.0117135 0.0364452 0.0776515 0.113341 0.113374 0.07781 0.0369777 0.0132532 0.00644768 0.00885868 0.0161888 0.0268619 0.0390748 0.0499537 0.0565907 0.0576607 0.0541644 0.0486165 0.0433619 0.0393718 0.0362439 0.0330341
 1.10833e-16 4.11089e-05 0.000399593 0.00265544 0.0120713 0.0375584 0.0800232 0.116803 0.116835 0.0801783 0.0380795 0.0135782 0.00644375 0.00868876 0.0158409 0.0262743 0.038204 0.0488076 0.0552324 0.0561801 0.0526388 0.0470886 0.0418504 0.0378985 0.0348507 0.0317787
 1.10153e-16 4.19488e-05 0.000407758 0.00270969 0.0123179 0.0383257 0.0816582 0.119189 0.119221 0.0818132 0.0388464 0.0138233 0.00649364 0.00868571 0.0158154 0.0262175 0.0380904 0.048597 0.0548699 0.0556019 0.0517856 0.0459259 0.0403876 0.0361983 0.0330222 0.0299548
 1.0957e-16 4.22246e-05 0.000410438 0.00272751 0.0123989 0.0385777 0.082195 0.119973 0.120005 0.0823511 0.0391024 0.0139157 0.00654005 0.00875001 0.0159302 0.0264002 0.0383372 0.0488716 0.0551011 0.055698 0.05166 0.0455214 0.0396903 0.0352385 0.0318671 0.0286961
 1.09251e-16 4.2545e-05 0.000413552 0.0027482 0.0124929 0.0388704 0.0828186 0.120883 0.120915 0.0829739 0.0393922 0.0140016 0.0065402 0.00870823 0.0158451 0.0262585 0.0381314 0.0486084 0.0548007 0.0553833 0.0513426 0.0451932 0.039327 0.0348135 0.0313669 0.0281294
 1.08892e-16 4.3198e-05 0.0004199 0.00279038 0.0126847 0.0394669 0.0840897 0.122738 0.122769 0.0842436 0.0399842 0.01418 0.00654866 0.00864017 0.0157021 0.0260149 0.0377659 0.0481176 0.0542002 0.0546971 0.0505879 0.0443753 0.038447 0.033882 0.030413 0.0271981
 1.08575e-16 4.35775e-05 0.000423588 0.0028149 0.0127961 0.0398137 0.0848284 0.123816 0.123848 0.0849821 0.04033 0.0142886 0.00656589 0.00862736 0.0156694 0.0259554 0.0376685 0.0479702 0.0539895 0.0544074 0.0502023 0.0438801 0.0378394 0.0331773 0.0296458 0.0264171
 1.07517e-16 4.73313e-05 0.000460077 0.00305738 0.0138984 0.0432433 0.0921354 0.13448 0.134509 0.0922754 0.0437136 0.0152578 0.00647376 0.00793147 0.0142765 0.0236315 0.0342846 0.0436383 0.0490705 0.0493755 0.045445 0.0395696 0.0339488 0.0296009 0.026318 0.0233575
 1.05751e-16 5.09395e-05 0.00049515 0.00329044 0.0149579 0.0465397 0.0991588 0.144731 0.144758 0.0992919 0.0469866 0.0162494 0.00653487 0.00758621 0.0135432 0.022375 0.0323832 0.0410543 0.0458568 0.0456252 0.0412296 0.0349213 0.0289083 0.0242858 0.020952 0.0182343
 1.04739e-16 5.06034e-05 0.000491883 0.00326874 0.0148592 0.0462327 0.0985047 0.143776 0.143805 0.098645 0.0467041 0.0162214 0.00668984 0.00796648 0.0142647 0.0235511 0.0340359 0.0430427 0.0478711 0.0472714 0.0421637 0.0349604 0.0280618 0.022714 0.0188954 0.0159514
 1.04347e-16 5.16586e-05 0.00050214 0.0033369 0.0151691 0.0471967 0.100559 0.146774 0.146802 0.100694 0.0476501 0.016479 0.0066272 0.00769188 0.0137268 0.022665 0.0327702 0.0414723 0.0461776 0.0456796 0.040848 0.0339765 0.0273459 0.0221373 0.0183341 0.0153341
 1.04149e-16 5.12456e-05 0.000498126 0.00331022 0.0150478 0.0468195 0.0997549 0.145601 0.14563 0.099894 0.0472866 0.0163976 0.00670006 0.007904 0.0141334 0.0233291 0.0337062 0.0426062 0.0473455 0.0466776 0.0415089 0.0342293 0.0272257 0.0217512 0.0178103 0.0147821
 1.04837e-16 4.67828e-05 0.000454745 0.00302194 0.0137373 0.0427421 0.0910678 0.132923 0.132955 0.091225 0.04327 0.0152625 0.00685271 0.0088252 0.0159669 0.0263827 0.0381417 0.0482591 0.0537123 0.0530935 0.0474139 0.0393463 0.031552 0.0254159 0.0209296 0.0174019
 1.06085e-16 4.50006e-05 0.000437422 0.00290682 0.013214 0.0411139 0.0875987 0.12786 0.127891 0.0877547 0.041638 0.0147288 0.00671301 0.00875915 0.0158871 0.026292 0.0381012 0.0483977 0.0542236 0.0541985 0.0492936 0.0420691 0.0350278 0.0294006 0.0250816 0.0213666
 1.07257e-16 4.35933e-05 0.000423743 0.00281592 0.0128008 0.0398282 0.0848593 0.123861 0.123894 0.0850172 0.0403587 0.0143342 0.00666932 0.00885009 0.0160891 0.0266408 0.0386348 0.0491373 0.0551752 0.0553704 0.050714 0.0437853 0.03708 0.0317839 0.0277193 0.0241135
 1.082e-16 4.26028e-05 0.000414115 0.00275194 0.0125099 0.0389232 0.0829313 0.121047 0.12108 0.0830897 0.0394554 0.0140482 0.00661811 0.00887 0.0161491 0.0267548 0.0388306 0.0494515 0.0556537 0.056068 0.051688 0.0450799 0.0387059 0.0337015 0.0298363 0.0262989
 1.08694e-16 4.27681e-05 0.000415721 0.00276262 0.0125585 0.0390742 0.0832529 0.121517 0.121549 0.0834085 0.0395969 0.0140694 0.00656018 0.00872241 0.0158677 0.0262941 0.0381787 0.0486582 0.0548333 0.0553692 0.0512447 0.0449718 0.0389465 0.0342511 0.0306224 0.0272329
 1.0888e-16 4.25271e-05 0.000413379 0.00274705 0.0124877 0.0388541 0.0827839 0.120832 0.120864 0.0829408 0.0393813 0.0140119 0.00657774 0.00879201 0.016003 0.0265153 0.0384912 0.0490388 0.0552314 0.0557242 0.0515133 0.0451472 0.0390592 0.0343522 0.0307603 0.0274351
pSPR Fmed_Fpbrs
0.7874   0.285685 0.285685
Fs Fmed_Fpbrs
0.148292   1.005 1.005
SSBpbr Bo_Bmed_Bpbrs
2.54116e+06  1.87385e+06  598913 598913
Ro
327616
SPR SPRFo_SPRFmed_SPRFpbrs
2.32837e+06 1.83336e+06 665181
Fref
1.005
Nvult_r0
 214120 74627.6 23319.3 7456.65 3281.84
CTP_r0
 12133.7 8004.4 2501.18 799.785 352.003
YTP_r0
316412
Np
 327616 113496 36134.1 11291 4788.3
Nvult_p0
 254698 98213 31268.3 9770.57 4143.51
CTP_p0
 85181.8 49228.9 15673.1 4897.47 2076.92
YTP_p0
 2.01567e+06
CBA_c0
826188
log_Ro
12.5196
likeval ReclasPelacesDesembMPH_pf_preclas_ppelaces_ptallas_desvR_qrecl_qpela
 122.152 50.2596 10.7991 0.0038773 252.894 137.98 90.5768 0 0 0 0 53.2912 0 0 0
q_reclas_q_pelaces
1 1
M
1
N
 327616 17019.6 190935 8416.33 4651.01
 327616 113969 5598.66 62808.7 4298.54
 327616 110961 35537.6 1745.77 20925.4
 327616 113449 36169.1 11583.9 7389.94
 327616 111326 35608.8 11352.5 5955.4
 327616 117439 38885.2 12437.9 6045.52
 327616 112677 37761 12503 5943.08
 327616 106738 32511.6 10895.5 5322.42
 327616 119111 38352.2 11681.7 5827.26
 327616 116677 41066.2 13222.8 6036.61
 327616 117020 40463.8 14241.9 6679.19
 327616 119287 42170.4 14581.9 7539.31
 327616 113328 38800.2 13716.7 7195.32
 327616 113318 36855.4 12618.2 6800.76
 327616 110532 35062 11403.5 6008.44
 327616 114079 36430 11556 5738.78
 327616 108113 33769.4 10783.9 5119.58
 327616 112064 34385.3 10740.3 5058.11
 327616 105975 31874.1 9780.12 4493.51
 327616 91712 22574.6 6789.74 3040.54
 327616 94098.8 20566.3 5062.34 2204.43
 327616 98153.8 22959.4 5018.04 1773.04
 327616 86778 18719.3 4378.68 1295.15
 327616 105430 24428.6 5269.62 1597.23
 327616 107769 31010.8 7185.36 2019.79
 327616 108887 32360.2 9311.74 2764.07
 327616 113345 35427.8 10528.8 3929.01
 327616 111394 35619.8 11133.6 4543.51
 327616 110762 34610.3 11067.1 4870.88
pred_Ctot
 11314.6 1148.85 12888.4 568.112 313.949
 16542.5 11127.4 546.628 6132.36 419.69
 12215.3 8071.34 2585.02 126.988 1522.12
 15906.9 10665.1 3400.16 1088.98 694.709
 5310.96 3570.76 1142.15 364.131 191.019
 13557.4 9455.07 3130.66 1001.38 486.727
 23922.6 15667.9 5250.74 1738.57 826.399
 2428.65 1574.77 479.663 160.748 78.5248
 6627.08 4754.5 1530.88 466.294 232.604
 6034.66 4246.1 1494.48 481.202 219.684
 2126.56 1512.63 523.047 184.095 86.3372
 12425.3 8822.31 3118.87 1078.46 557.598
 12443.1 8393.36 2873.63 1015.89 532.901
 17290.5 11546.3 3755.31 1285.7 692.95
 11123.6 7337.94 2327.68 757.052 398.887
 21514.9 14337.9 4578.67 1452.41 721.273
 14622.5 9367.53 2925.98 934.384 443.59
 25261.8 16409.2 5034.94 1572.68 740.645
 50618.3 29467.8 8863.01 2719.49 1249.48
 46329 23556.5 5798.36 1743.97 780.971
 39085.9 20708 4525.96 1114.05 485.121
 59551.1 31495.2 7367.12 1610.17 568.925
 26220.1 13162.3 2839.31 664.151 196.447
 22117.1 13604.7 3152.29 679.996 206.107
 20160.6 12727.9 3662.48 848.617 238.545
 12396.8 8035.2 2387.98 687.148 203.971
 15787.5 10577.9 3306.3 982.599 366.675
 16889.5 11096.3 3548.18 1109.04 452.591
 12133.7 8004.4 2501.18 799.785 352.003
F
 0.0559205 0.111841 0.111841 0.111841 0.111841
 0.0826656 0.165331 0.165331 0.165331 0.165331
 0.0604863 0.120973 0.120973 0.120973 0.120973
 0.0793822 0.158764 0.158764 0.158764 0.158764
 0.025924 0.051848 0.051848 0.051848 0.051848
 0.0673217 0.134643 0.134643 0.134643 0.134643
 0.121462 0.242925 0.242925 0.242925 0.242925
 0.0117852 0.0235704 0.0235704 0.0235704 0.0235704
 0.032436 0.064872 0.064872 0.064872 0.064872
 0.0295004 0.0590007 0.0590007 0.0590007 0.0590007
 0.0103129 0.0206258 0.0206258 0.0206258 0.0206258
 0.061553 0.123106 0.123106 0.123106 0.123106
 0.0616436 0.123287 0.123287 0.123287 0.123287
 0.0865414 0.173083 0.173083 0.173083 0.173083
 0.0549546 0.109909 0.109909 0.109909 0.109909
 0.108667 0.217334 0.217334 0.217334 0.217334
 0.0727743 0.145549 0.145549 0.145549 0.145549
 0.128638 0.257276 0.257276 0.257276 0.257276
 0.27319 0.54638 0.54638 0.54638 0.54638
 0.247499 0.494998 0.494998 0.494998 0.494998
 0.205308 0.410617 0.410617 0.410617 0.410617
 0.32849 0.65698 0.65698 0.65698 0.65698
 0.133799 0.267598 0.267598 0.267598 0.267598
 0.111855 0.22371 0.22371 0.22371 0.22371
 0.101529 0.203059 0.203059 0.203059 0.203059
 0.0614083 0.122817 0.122817 0.122817 0.122817
 0.0787666 0.157533 0.157533 0.157533 0.157533
 0.0844623 0.168925 0.168925 0.168925 0.168925
 0.0600721 0.120144 0.120144 0.120144 0.120144
YTP_r0W_actual
 63095.5 164090 54275.6 23193.8 11756.9
YTP_p0W_proyectada
 640567 793571 366438 144475 70615.3
CTP_r0_actual
 12133.7 8004.4 2501.18 799.785 352.003
CTP_p0_proyectada
 85181.8 49228.9 15673.1 4897.47 2076.92
Wmedp
 7.52 16.12 23.38 29.5 34
Frms_r0
 0.0600721 0.120144 0.120144 0.120144 0.120144
Zrms_r0
 1.06007 1.12014 1.12014 1.12014 1.12014
nmprior
 8.19 8.8 8.5 0
nm_flota  nm_reclas  nm_pelaces    nm_pelaL
inf 3.87707 7.74114 9.49916
cv_recla  cv_pelaces  cv_mph
1.04851 0.86827 1.92163
 ------------------------------------------------
Talla a la edad & desviaci?n 
 8 13.2811 15.8009 17.003 17.5766
 0.8 1.32811 1.58009 1.7003 1.75766
