    unsorted:	 2.340709416e-06 5.811308089e-05 0.0001071022751 0.001099947649 4.944417526 3.926073640 2.282791800 13.76221606 11.45376167 49.91246916 124.3152451 146.8979179 225.8646959 242.0933590 471.4358009 505.6403572 632.7102066 904.1225246 911.1051865 792.4602653 846.3342222 944.6024767 1082.661790 1165.463573 1299.456549 1317.642318 1414.246076 1542.499770 1693.833291 1792.650172 1978.887601 2416.646551 2397.771518 2349.926105 2456.381949 2578.180754 2658.894599 2855.736892 3112.190575 3727.167361 4108.860426 10773.08246 41782.96779 175255.0599 385328.3433 382827.0355 397665.5246 364767.1513 407978.5586 439264.9197 318368.0692 464182.8323 491400.7533 615284.5712 626868.4162 655177.0333 671572.0071 745277.1657 895550.0879 1069915.113 1083313.455 1225207.859 1498069.682 1539048.302 1693654.308 1946622.625 2216832.363 2466093.741 2536502.505 2783707.205 3228172.543 39007340.19
      sorted:	 2.340709416e-06 5.811308089e-05 0.0001071022751 0.001099947649 2.282791800 3.926073640 4.944417526 11.45376167 13.76221606 49.91246916 124.3152451 146.8979179 225.8646959 242.0933590 471.4358009 505.6403572 632.7102066 792.4602653 846.3342222 904.1225246 911.1051865 944.6024767 1082.661790 1165.463573 1299.456549 1317.642318 1414.246076 1542.499770 1693.833291 1792.650172 1978.887601 2349.926105 2397.771518 2416.646551 2456.381949 2578.180754 2658.894599 2855.736892 3112.190575 3727.167361 4108.860426 10773.08246 41782.96779 175255.0599 318368.0692 364767.1513 382827.0355 385328.3433 397665.5246 407978.5586 439264.9197 464182.8323 491400.7533 615284.5712 626868.4162 655177.0333 671572.0071 745277.1657 895550.0879 1069915.113 1083313.455 1225207.859 1498069.682 1539048.302 1693654.308 1946622.625 2216832.363 2466093.741 2536502.505 2783707.205 3228172.543 39007340.19
