years
 1991 1992 1993 1994 1995 1996 1997 1998 1999 2000 2001 2002 2003 2004 2005 2006 2007 2008 2009 2010 2011 2012 2013 2014 2015 2016 2017
reclasobs
 0 0 0 0 0 0 0 0 0 252601 567819 844713 477998 351125 339783 2.1784e+06 2.13404e+06 4.81314e+06 1.55562e+06 2.62356e+06 3.21686e+06 3.843e+06 1.13348e+06 3.07943e+06 1.97215e+06 2.03268e+06 2.025e+06
reclaspred
 3.149e+06 1.77243e+06 889595 884738 873520 1.42775e+06 896685 780700 568707 412519 489815 639709 629206 488853 489520 1.32862e+06 1.27792e+06 2.9037e+06 2.39836e+06 1.7763e+06 3.14581e+06 2.57418e+06 2.02997e+06 3.16313e+06 2.37762e+06 2.03476e+06 2.14937e+06
pelacesobs
 0 0 0 0 0 0 0 0 0 0 0 0 0 0 0 552880 188675 0 991730 2.46772e+06 1.41603e+06 1.21717e+06 2.29649e+06 1.80582e+06 0 1.4828e+06 1.56532e+06
pelacespred
 1.61439e+06 1.00919e+06 507552 412577 425412 718176 416504 450538 315302 216273 266268 290454 314146 256515 264292 598582 577451 1.51113e+06 1.28879e+06 888383 1.51756e+06 1.34935e+06 1.06088e+06 1.80921e+06 1.31261e+06 1.11798e+06 1.33468e+06
mphobs
 0 0 0 0 0 0 0 0 0 0 0 498337 0 5186 125008 0 168611 109162 213762 579715 649985 157893 87575 83554 0 0 0
mphpred
 468806 313299 156797 84558.4 91695.4 103840 141332 86925.3 76389.8 52114.8 34282 57377.4 62192.5 52613.9 35413.8 44537.1 151219 142856 285169 215539 228735 283393 270765 222099 313083 257704 203922
desembarqueobs
 494567 514787 250237 358949 120608 361735 552515 73892 212993 205616 52469 317467 293654 387597 252695 516296 358380 742168 942051 627588 828172 859565 418607 520667 417249 300574 415391
desembarquepred
 494575 513584 250829 358973 120613 361743 552549 73896.1 213039 205658 52471.5 317528 293700 387626 252688 516258 358401 742074 941842 627455 828223 859566 418612 520684 417243 300572 415394
Reclutas
 193765 115472 105567 182848 143619 259181 106122 46147.8 44601.9 59998 112014 149912 123989 86925.5 85212.1 478528 99015.2 733133 424110 322905 481407 652295 132522 404797 338701 138062 275140
log_desv_Rt
 0.105012 -0.412605 -0.502283 0.0470229 -0.194469 0.395895 -0.497038 -1.32978 -1.36386 -1.06732 -0.443012 -0.151582 -0.341443 -0.696581 -0.716489 1.00908 -0.566359 1.4357 0.888362 0.615725 1.01508 1.31887 -0.274882 0.841754 0.663487 -0.233931 0.45565
SSB
 3.06239e+06 2.04657e+06 1.02425e+06 552363 598983 678315 923225 567824 499002 340431 223941 374807 406261 343691 231334 290931 987812 933180 1.86281e+06 1.40797e+06 1.49417e+06 1.85121e+06 1.76872e+06 1.45082e+06 2.04516e+06 1.6834e+06 1.33208e+06
BT
 4.13728e+06 2.83292e+06 1.41795e+06 1.25244e+06 1.07569e+06 1.96537e+06 1.4519e+06 1.10442e+06 937680 697543 658925 935629 991902 996179 862623 1.79645e+06 1.6107e+06 4.14164e+06 3.87667e+06 2.6068e+06 4.17825e+06 3.90653e+06 2.8113e+06 4.65751e+06 3.40781e+06 2.84483e+06 3.50496e+06
Ftot
 0.135054 0.24592 0.240103 0.350676 0.120911 0.223343 0.512418 0.0828637 0.322013 0.424158 0.0962976 0.42648 0.401051 0.664208 0.449178 0.346355 0.240805 0.228047 0.337882 0.305201 0.230709 0.290541 0.177592 0.146644 0.152888 0.128287 0.170672
BD_Bspro_t
 0.978623 0.841926 0.678647 0.583865 0.572217 0.648376 0.648072 0.481398 0.534934 0.491195 0.45774 0.670724 0.556612 0.467852 0.359733 0.416941 0.600097 0.573425 0.671025 0.575743 0.544819 0.594222 0.609606 0.600903 0.707476 0.714908 0.713535
BD_Bspro
 2.47092 1.65129 0.826426 0.445679 0.483296 0.547305 0.744914 0.458154 0.402625 0.27468 0.180689 0.302417 0.327796 0.27731 0.186654 0.23474 0.797026 0.752946 1.50303 1.13603 1.20559 1.49367 1.42711 1.17061 1.65016 1.35827 1.0748
BD_Bo
 1.61917 1.08208 0.54155 0.29205 0.3167 0.358645 0.488136 0.300225 0.263837 0.179995 0.118404 0.198171 0.214802 0.181719 0.122313 0.153823 0.522284 0.493399 0.984923 0.744434 0.79001 0.978789 0.935175 0.767089 1.08133 0.890062 0.704309
BD_Brms
 11.9357 7.97651 3.99202 2.15284 2.33454 2.64374 3.59828 2.2131 1.94486 1.32683 0.872812 1.46081 1.58341 1.33954 0.901626 1.1339 3.85 3.63708 7.26033 5.48757 5.82354 7.21512 6.89361 5.65458 7.97101 6.56107 5.19179
Sel_flota
 0.919782 1 1 1 1
 0.919782 1 1 1 1
 0.919782 1 1 1 1
 0.919782 1 1 1 1
 0.919782 1 1 1 1
 0.919782 1 1 1 1
 0.919782 1 1 1 1
 0.919782 1 1 1 1
 0.919782 1 1 1 1
 0.919782 1 1 1 1
 0.919782 1 1 1 1
 0.919782 1 1 1 1
 0.919782 1 1 1 1
 0.919782 1 1 1 1
 0.919782 1 1 1 1
 0.919782 1 1 1 1
 0.919782 1 1 1 1
 0.919782 1 1 1 1
 0.919782 1 1 1 1
 0.919782 1 1 1 1
 0.919782 1 1 1 1
 0.919782 1 1 1 1
 0.919782 1 1 1 1
 0.919782 1 1 1 1
 0.919782 1 1 1 1
 0.919782 1 1 1 1
 0.919782 1 1 1 1
Sel_reclas
 1 1 1 1 1
 1 1 1 1 1
 1 1 1 1 1
 1 1 1 1 1
 1 1 1 1 1
 1 1 1 1 1
 1 1 1 1 1
 1 1 1 1 1
 1 1 1 1 1
 1 1 1 1 1
 1 1 1 1 1
 1 1 1 1 1
 1 1 1 1 1
 1 1 1 1 1
 1 1 1 1 1
 1 1 1 1 1
 1 1 1 1 1
 1 1 1 1 1
 1 1 1 1 1
 1 1 1 1 1
 1 1 1 1 1
 1 1 1 1 1
 1 1 1 1 1
 1 1 1 1 1
 1 1 1 1 1
 1 1 1 1 1
 1 1 1 1 1
Sel_pelaces
 1 1 1 1 1
 1 1 1 1 1
 1 1 1 1 1
 1 1 1 1 1
 1 1 1 1 1
 1 1 1 1 1
 1 1 1 1 1
 1 1 1 1 1
 1 1 1 1 1
 1 1 1 1 1
 1 1 1 1 1
 1 1 1 1 1
 1 1 1 1 1
 1 1 1 1 1
 1 1 1 1 1
 1 1 1 1 1
 1 1 1 1 1
 1 1 1 1 1
 1 1 1 1 1
 1 1 1 1 1
 1 1 1 1 1
 1 1 1 1 1
 1 1 1 1 1
 1 1 1 1 1
 1 1 1 1 1
 1 1 1 1 1
 1 1 1 1 1
pf_obs 
 0.8446 0.082 0.0669 0.0065 0
 0.8095 0.147 0.0364 0.0071 0
 0.9664 0.0169 0.016 0.0007 0
 0.9276 0.0648 0.0075 0.0001 0
 0.7033 0.2144 0.0806 0.0017 0
 0.9318 0.0425 0.0243 0.0014 0
 0.5671 0.3108 0.0964 0.0239 0.0018
 0.0768 0.2599 0.5324 0.112 0.0189
 0.490249 0.384438 0.106611 0.0170017 0.00170017
 0.7925 0.1577 0.0466 0.003 0.0002
 0.840416 0.127587 0.0312969 0.00059994 9.999e-05
 0.8084 0.0986 0.0794 0.0134 0.0002
 0.7335 0.1905 0.0724 0.0035 0.0001
 0.4001 0.4547 0.1325 0.0127 0
 0.49795 0.308269 0.164784 0.0264974 0.00249975
 0.9179 0.0499 0.0305 0.0017 0
 0.2467 0.6533 0.0926 0.0074 0
 0.9418 0.0223 0.034 0.0019 0
 0.707729 0.231977 0.0356964 0.0245975 0
 0.517169 0.277429 0.184464 0.0207286 0.00020938
 0.811772 0.124168 0.05621 0.00726502 0.000585176
 0.764997 0.148141 0.077277 0.00933861 0.000247198
 0.163321 0.427699 0.378323 0.0303852 0.000271297
 0.753843 0.0900009 0.118128 0.0371064 0.000921714
 0.721811 0.176058 0.0630433 0.0369309 0.00215725
 0.143369 0.312575 0.442814 0.0836902 0.0175525
 0.692698 0.0596174 0.167031 0.0765114 0.00414204
pf_pred 
 0.480601 0.123573 0.372975 0.0228509 7.58566e-07
 0.461054 0.271144 0.0637141 0.192306 0.0117823
 0.583382 0.201995 0.107976 0.0253726 0.0812733
 0.768026 0.14065 0.0442784 0.023669 0.0233774
 0.681342 0.250301 0.0414458 0.0130477 0.0138633
 0.780583 0.153684 0.0516321 0.00854944 0.00555121
 0.504184 0.394825 0.0707358 0.0237647 0.00649009
 0.481379 0.275605 0.193518 0.0346701 0.0148289
 0.570045 0.216376 0.1135 0.0796946 0.0203847
 0.731391 0.159605 0.0548569 0.0287751 0.0253727
 0.838648 0.121243 0.0238326 0.00819136 0.00808548
 0.759026 0.204883 0.02712 0.00533095 0.00364085
 0.706777 0.228022 0.0554358 0.00733796 0.00242753
 0.652934 0.252567 0.0734863 0.0178657 0.0031472
 0.7566 0.165269 0.0568578 0.0165432 0.00473042
 0.943311 0.0439654 0.00863956 0.00297228 0.00111209
 0.404756 0.564561 0.0237967 0.00467625 0.00221071
 0.908741 0.0390485 0.0495191 0.00208727 0.000604072
 0.622934 0.345501 0.0135063 0.017128 0.000930899
 0.628889 0.239789 0.120329 0.00470393 0.00628947
 0.764133 0.15368 0.0531038 0.0266483 0.00243461
 0.76748 0.181546 0.0332126 0.0114765 0.00628525
 0.343636 0.514888 0.11046 0.0202079 0.010807
 0.767181 0.0849084 0.116029 0.024892 0.00698916
 0.653241 0.271502 0.0274461 0.0375055 0.0103054
 0.4424 0.375563 0.14253 0.0144083 0.0250992
 0.72372 0.128368 0.099624 0.0378082 0.01048
pobs_RECLAS
 0 0 0 0 0
 0 0 0 0 0
 0 0 0 0 0
 0 0 0 0 0
 0 0 0 0 0
 0 0 0 0 0
 0 0 0 0 0
 0 0 0 0 0
 0 0 0 0 0
 0 0 0 0 0
 0.991045 0.00858322 0.000360255 1.14367e-05 0
 0.934742 0.0480273 0.0164251 0.00080598 0
 0.827803 0.169806 0.00239088 0 0
 0.941827 0.0461693 0.0120037 0 0
 0.791401 0.0380133 0.147996 0.0225897 0
 0.846168 0.0940531 0.0597789 0 0
 0.134021 0.677848 0.182769 0.00536245 0
 0.80878 0.0450904 0.141981 0.00414843 0
 0.846168 0.0940531 0.0597789 0 0
 0.905697 0.0802665 0.012482 0.00150086 5.37128e-05
 0.989698 0.0102097 9.19794e-05 0 0
 0.975433 0.0193895 0.00387452 0.00125025 5.28907e-05
 0.303575 0.632131 0.0575291 0.00676475 0
 0.966965 0.00978017 0.0227588 0.000495775 0
 0.843318 0.132988 0.00938335 0.0141283 0.000182051
 0.564624 0.303363 0.111486 0.0197234 0.00080311
 0.826376 0.0876187 0.0782897 0.00655872 0.00115652
ppred_RECLAS
 0.501746 0.118542 0.357791 0.0219206 7.27685e-07
 0.482382 0.260413 0.0611926 0.184696 0.011316
 0.604014 0.191992 0.102629 0.0241161 0.0772485
 0.783106 0.131506 0.0414 0.0221303 0.0218576
 0.699401 0.236116 0.0390969 0.0123082 0.0130777
 0.794858 0.143686 0.0482732 0.00799326 0.00519008
 0.526297 0.377217 0.0675811 0.0227048 0.00620064
 0.502422 0.264422 0.185666 0.0332634 0.0142272
 0.591071 0.205795 0.107949 0.0757973 0.0193878
 0.748226 0.149601 0.0514187 0.0269716 0.0237824
 0.849733 0.112913 0.0221952 0.00762859 0.00752998
 0.774667 0.191584 0.0253596 0.00498492 0.00340453
 0.724521 0.214223 0.0520812 0.00689391 0.00228063
 0.673167 0.237843 0.0692022 0.0168242 0.00296372
 0.772398 0.154542 0.0531672 0.0154694 0.00442338
 0.947769 0.040508 0.00796016 0.00273855 0.00102464
 0.425524 0.544863 0.0229664 0.00451309 0.00213357
 0.915583 0.0361209 0.0458065 0.00193078 0.000558784
 0.643032 0.327086 0.0127865 0.0162151 0.000881282
 0.64877 0.226942 0.113883 0.00445193 0.00595252
 0.779187 0.143872 0.0497146 0.0249475 0.00227923
 0.782479 0.169835 0.0310701 0.0107362 0.00587981
 0.363049 0.49966 0.107193 0.0196103 0.0104874
 0.781969 0.0795155 0.108659 0.023311 0.00654524
 0.672185 0.256669 0.0259467 0.0354566 0.00974238
 0.46335 0.361453 0.137175 0.013867 0.0241562
 0.740373 0.12063 0.0936192 0.0355293 0.0098483
pobs_PELACES
 0 0 0 0 0
 0 0 0 0 0
 0 0 0 0 0
 0 0 0 0 0
 0 0 0 0 0
 0 0 0 0 0
 0 0 0 0 0
 0 0 0 0 0
 0 0 0 0 0
 0 0 0 0 0
 0 0 0 0 0
 0 0 0 0 0
 0 0 0 0 0
 0 0 0 0 0
 0 0 0 0 0
 0 0 0 0 0
 0.505614 0.472636 0.0217494 0 0
 0 0 0 0 0
 0.443492 0.261883 0.143347 0.151278 0
 0.227955 0.32914 0.350689 0.0885471 0.00366901
 0.970185 0.0296113 0.000203453 0 0
 0.997202 0.00247181 0.000326279 0 0
 0.445219 0.490057 0.0546422 0.010081 0
 0.90214 0.0892962 0.00764917 0.000914606 0
 0 0 0 0 0
 0.581667 0.319106 0.0959925 0.00289975 0.000334073
 0.762889 0.0836404 0.116647 0.0363945 0.000428098
ppred_PELACES
 0.502639 0.118329 0.357149 0.0218813 7.2638e-07
 0.484008 0.259595 0.0610004 0.184116 0.0112805
 0.605533 0.191255 0.102235 0.0240236 0.0769521
 0.784678 0.130553 0.0410998 0.0219699 0.0216991
 0.700074 0.235587 0.0390094 0.0122807 0.0130484
 0.79582 0.143012 0.0480468 0.00795576 0.00516573
 0.529678 0.374525 0.0670988 0.0225427 0.00615639
 0.50297 0.264131 0.185461 0.0332267 0.0142115
 0.59313 0.204758 0.107406 0.0754157 0.0192902
 0.750335 0.148348 0.0509879 0.0267457 0.0235832
 0.850058 0.112669 0.0221472 0.00761208 0.00751369
 0.776632 0.189913 0.0251385 0.00494146 0.00337485
 0.726635 0.212579 0.0516815 0.006841 0.00226313
 0.677023 0.235037 0.0683856 0.0166257 0.00292875
 0.774482 0.153127 0.0526805 0.0153278 0.00438288
 0.948221 0.0401575 0.00789128 0.00271485 0.00101577
 0.427083 0.543384 0.0229041 0.00450084 0.00212778
 0.916048 0.0359218 0.045554 0.00192014 0.000555703
 0.645082 0.325207 0.012713 0.0161219 0.00087622
 0.650609 0.225754 0.113287 0.00442862 0.00592136
 0.780236 0.143188 0.0494785 0.024829 0.0022684
 0.783785 0.168815 0.0308835 0.0106717 0.0058445
 0.364137 0.498806 0.10701 0.0195768 0.0104695
 0.78263 0.0792744 0.10833 0.0232403 0.00652539
 0.673076 0.255972 0.0258761 0.0353602 0.0097159
 0.464194 0.360884 0.136959 0.0138451 0.0241182
 0.74124 0.120227 0.0933064 0.0354106 0.00981539
pobs_pel_tallas
 0 0 0 0 0 0 0 0 0 0 0 0 0 0 0 0 0 0 0 0 0 0 0 0 0 0
 0 0 0 0 0 0 0 0 0 0 0 0 0 0 0 0 0 0 0 0 0 0 0 0 0 0
 0 0 0 0 0 0 0 0 0 0 0 0 0 0 0 0 0 0 0 0 0 0 0 0 0 0
 0 0 0 0 0 0 0 0 0 0 0 0 0 0 0 0 0 0 0 0 0 0 0 0 0 0
 0 0 0 0 0 0 0 0 0 0 0 0 0 0 0 0 0 0 0 0 0 0 0 0 0 0
 0 0 0 0 0 0 0 0 0 0 0 0 0 0 0 0 0 0 0 0 0 0 0 0 0 0
 0 0 0 0 0 0 0 0 0 0 0 0 0 0 0 0 0 0 0 0 0 0 0 0 0 0
 0 0 0 0 0 0 0 0 0 0 0 0 0 0 0 0 0 0 0 0 0 0 0 0 0 0
 0 0 0 0 0 0 0 0 0 0 0 0 0 0 0 0 0 0 0 0 0 0 0 0 0 0
 0 0 0 0 0 0 0 0 0 0 0 0 0 0 0 0 0 0 0 0 0 0 0 0 0 0
 0 0 0 0 0 0 0 0 0 0 0 0 0 0 0 0 0 0 0 0 0 0 0 0 0 0
 0 0 0 0 0 0 0 0 0 0 0 0 0 0 0 0 0 0 0 0 0 0 0 0 0 0
 0.00862536 0 0 0.000197151 0.00414017 0.0128641 0.00837892 0.0270097 0.101434 0.158115 0.152841 0.127902 0.109271 0.109419 0.0830992 0.0579132 0.0238553 0.00714673 0.00463305 0.00128148 0.00103504 0.000492878 0.000147863 0.000147863 4.92878e-05 0
 0 0 0 0 0 0 0 0 0 0 0 0 0 0 0 0 0 0 0 0 0 0 0 0 0 0
 0 0 0 0 0 0 0 0.0054083 0.00873648 0.0413646 0.0450493 0.0745869 0.0622846 0.0627006 0.0613931 0.0827291 0.12552 0.122667 0.0946155 0.0697135 0.0546179 0.0294188 0.0215738 0.0213955 0.0102223 0.00600262
 0 0 0 0 0.00359764 0.0251062 0.0480494 0.140153 0.205849 0.193036 0.1447 0.116669 0.0760912 0.0342217 0.00950174 0.001854 0.000860785 0 0 0 0.000165536 0 0.000143464 0 0 0
 0 0 0 0 0 0 0 0.000145254 0.000435761 0.0275982 0.070085 0.0708112 0.156366 0.174668 0.174014 0.160142 0.0824315 0.0480064 0.0283245 0.00493863 0.00203355 0 0 0 0 0
 0 0 0 0 0 0 0 0 0 0 0 0 0 0 0 0 0 0 0 0 0 0 0 0 0 0
 0 0 1.00437e-05 0.000401748 0.00122533 0.00171747 0.00176769 0.0269171 0.070346 0.194647 0.189555 0.159765 0.064822 0.0314167 0.0384472 0.0292271 0.0345202 0.0313363 0.0194345 0.0106764 0.0143323 0.0359363 0.0279516 0.0138201 0.00172751 0
 0 0.0021121 0.0136068 0.0755702 0.200478 0.177729 0.0527432 0.0373336 0.0318909 0.0142505 0.0149659 0.0166563 0.0217959 0.0798694 0.0677717 0.0528807 0.04013 0.0224614 0.0357745 0.0225083 0.00881397 0.00855152 0.00135912 0.000746735 0 0
 0 0 0 0 5.4009e-05 0.00500934 0.000945158 0.0243581 0.138947 0.33067 0.221406 0.137944 0.0707744 0.0437923 0.0131692 0.00525238 0.0047753 0.00276346 9.45158e-05 9.00151e-06 2.25038e-05 9.00151e-06 4.50075e-06 0 0 0
 0.000866109 0.00284123 0.00948549 0.0512746 0.133035 0.25785 0.225252 0.132002 0.0553304 0.0519788 0.0540692 0.017754 0.00435017 0.00159236 0.00146478 0.000404838 0.000125132 0.000115318 0.000107957 0.000100596 0 0 0 0 0 0
 0 0 0 0 0.00144013 0.00171154 0.00461396 0.0210425 0.0478622 0.0707936 0.0888783 0.103762 0.0637923 0.0337046 0.0602308 0.124433 0.169614 0.0934646 0.0462172 0.0250306 0.0313229 0.00938855 0.002487 0.000210481 0 0
 0 0.00764035 0.051015 0.0998891 0.058973 0.0496711 0.0374665 0.0718981 0.12319 0.153886 0.159021 0.0857701 0.0377988 0.023471 0.0147837 0.00900784 0.00315554 0.000888139 0.00291439 0.00214683 0.00393193 0.00274676 0.000635225 9.99891e-05 0 0
 0 0 0 0 0 0 0 0 0 0 0 0 0 0 0 0 0 0 0 0 0 0 0 0 0 0
 0 0 0 0 0 0 0 0 0 0 0 0 0 0 0 0 0 0 0 0 0 0 0 0 0 0
 0 0 0 0 0 0 0 0 0 0 0 0 0 0 0 0 0 0 0 0 0 0 0 0 0 0
ppred_pel_tallas
 1.12532e-16 4.14018e-05 0.00040244 0.00267435 0.0121572 0.0378257 0.0805922 0.117629 0.117641 0.0806507 0.0380239 0.0127365 0.00415386 0.0037164 0.00658141 0.0114554 0.0179855 0.0257065 0.0340539 0.0425817 0.0508955 0.0582839 0.0634749 0.0649508 0.0617315 0.0540539
 1.222e-16 3.98672e-05 0.000387523 0.00257523 0.0117066 0.0364238 0.0776057 0.113273 0.113298 0.0777285 0.0368365 0.0129001 0.0055769 0.00696078 0.0125874 0.020924 0.0305839 0.0394738 0.0455703 0.0481554 0.0483138 0.0481491 0.049292 0.0518503 0.0544777 0.0553096
 1.18431e-16 4.9877e-05 0.000484822 0.00322182 0.0146459 0.045569 0.0970903 0.14171 0.141729 0.0971811 0.0458743 0.0155296 0.00544705 0.00536606 0.00939065 0.0156341 0.0229696 0.0298672 0.0348265 0.0372426 0.0377677 0.0377821 0.0383913 0.0397442 0.0410957 0.04139
 1.07095e-16 6.46329e-05 0.000628255 0.00417498 0.0189789 0.0590503 0.125813 0.183631 0.183644 0.125875 0.0592577 0.0195785 0.00568256 0.0039273 0.00635411 0.010467 0.0152284 0.0194925 0.0221498 0.0227267 0.0216686 0.0200054 0.0186682 0.0179905 0.0176965 0.0172462
 1.04626e-16 5.76642e-05 0.000560517 0.00372483 0.0169326 0.0526836 0.112249 0.163835 0.163858 0.11236 0.0530564 0.0180095 0.00642883 0.00646567 0.0112796 0.0185751 0.0267989 0.0338033 0.0374433 0.0367448 0.0324838 0.0266464 0.0212155 0.0172297 0.0146589 0.0128993
 1.03096e-16 6.55507e-05 0.000637176 0.00423426 0.0192483 0.0598888 0.1276 0.186239 0.186252 0.127667 0.0601159 0.0199048 0.00588428 0.00424641 0.00694134 0.0114271 0.0165845 0.0211271 0.0237829 0.0239571 0.0220576 0.0191622 0.0163129 0.0140032 0.012165 0.0104953
 1.05335e-16 4.36289e-05 0.000424089 0.00281822 0.0128112 0.0398607 0.0849288 0.123964 0.124 0.0851053 0.0404535 0.0145238 0.0071182 0.00981535 0.0178924 0.0295452 0.0426389 0.0537951 0.0595955 0.0584651 0.0515944 0.0420885 0.0330592 0.0261559 0.0213891 0.0179145
 1.11157e-16 4.1429e-05 0.000402705 0.00267612 0.0121653 0.0378508 0.080646 0.117711 0.117736 0.0807717 0.0382734 0.0133892 0.00576 0.00717345 0.0130137 0.0217454 0.0320153 0.041715 0.0486847 0.0518829 0.0518775 0.0501826 0.0480364 0.0456689 0.0425292 0.0380516
 1.1398e-16 4.88554e-05 0.000474891 0.00315582 0.0143459 0.0446356 0.0951016 0.138808 0.138828 0.0951988 0.0449625 0.0152922 0.00553862 0.00570207 0.0100524 0.0167447 0.0246039 0.0319907 0.0372827 0.0397938 0.0401516 0.0397315 0.0396061 0.0398671 0.0397553 0.0383282
 1.08183e-16 6.18041e-05 0.000600758 0.00399225 0.0181482 0.0564659 0.120307 0.175595 0.175609 0.120377 0.0567017 0.0188301 0.00570696 0.00435419 0.00722083 0.0119218 0.017366 0.0222697 0.0253806 0.0261624 0.0251111 0.0233738 0.0219756 0.0212639 0.0209076 0.020297
 1.02703e-16 7.00182e-05 0.000680602 0.00452284 0.0205602 0.0639704 0.136296 0.19893 0.198941 0.136349 0.0641488 0.0210757 0.00581749 0.00350899 0.0054481 0.00891338 0.0128753 0.0162828 0.0181178 0.0179213 0.0160623 0.0134753 0.0110813 0.00934295 0.00821543 0.00739199
 1.01841e-16 6.39702e-05 0.000621813 0.00413217 0.0187842 0.0584448 0.124524 0.18175 0.181768 0.124613 0.0587451 0.0196514 0.00630884 0.00537305 0.0090861 0.0149164 0.0214732 0.0269855 0.0296928 0.0287825 0.0248692 0.019572 0.0145442 0.0107091 0.00814274 0.00644675
 1.02615e-16 5.9852e-05 0.000581783 0.00386615 0.017575 0.0546824 0.116507 0.17005 0.170071 0.116608 0.0550193 0.0185484 0.00631103 0.00592422 0.0102214 0.0168431 0.0243492 0.0308095 0.0342885 0.0338778 0.0302083 0.0249712 0.0198586 0.0157636 0.0127093 0.0102953
 1.04197e-16 5.57656e-05 0.000542061 0.00360219 0.016375 0.0509489 0.108553 0.158441 0.158464 0.108664 0.0513218 0.0174528 0.00631022 0.00646301 0.011328 0.0187108 0.0271155 0.0344492 0.0386065 0.0386039 0.0351286 0.0299954 0.0249776 0.0209457 0.0178245 0.0151208
 1.03839e-16 6.37931e-05 0.000620091 0.00412073 0.0187322 0.058283 0.124179 0.181245 0.18126 0.124251 0.0585262 0.0194354 0.00588847 0.00448761 0.00743404 0.0122551 0.0178032 0.022716 0.0256447 0.0259643 0.0241167 0.0212483 0.0184492 0.0162067 0.0144005 0.0126685
 1.00683e-16 7.81037e-05 0.000759196 0.00504512 0.0229344 0.0713574 0.152035 0.2219 0.221904 0.152054 0.071421 0.0231181 0.00550647 0.00176701 0.00199415 0.00317848 0.0045839 0.00579151 0.00643253 0.00633935 0.00563935 0.00466262 0.00373745 0.0030339 0.0025467 0.00218121
 1.01612e-16 3.51784e-05 0.000341946 0.00227236 0.0103298 0.0321402 0.0684801 0.0999597 0.100012 0.0687355 0.0329977 0.0128052 0.00848152 0.0138822 0.0257083 0.0423341 0.0607192 0.0758058 0.0824626 0.0783242 0.0652296 0.0480439 0.0318458 0.0196398 0.011894 0.00751934
 1.01611e-16 7.54537e-05 0.000733437 0.00487395 0.0221563 0.0689363 0.146876 0.214371 0.214375 0.146894 0.0689945 0.0223249 0.00530028 0.00167404 0.0018908 0.00308172 0.00460659 0.00615471 0.00745081 0.00834591 0.00886173 0.00909923 0.00909932 0.00879296 0.00808024 0.00695157
 1.02216e-16 5.31346e-05 0.000516487 0.00343224 0.0156025 0.0485453 0.103432 0.150969 0.151 0.103585 0.0490585 0.0170842 0.0071492 0.00862286 0.0154259 0.0253593 0.0363901 0.0454811 0.0495823 0.0473053 0.0397741 0.0299056 0.0207116 0.0139232 0.00972454 0.00736656
 1.04774e-16 5.35898e-05 0.000520912 0.00346165 0.0157362 0.0489611 0.104318 0.152259 0.152281 0.104425 0.0493207 0.0167764 0.00607878 0.00625387 0.0109991 0.0182485 0.0266291 0.0342043 0.0390057 0.0400748 0.0379485 0.0341354 0.0300539 0.026316 0.0227911 0.0191474
 1.04339e-16 6.4267e-05 0.000624698 0.00415134 0.0188714 0.058716 0.125101 0.182592 0.182606 0.125169 0.0589435 0.0195293 0.0058053 0.00424409 0.00696419 0.0114805 0.0166955 0.021344 0.0241812 0.0246407 0.0231479 0.020771 0.0185012 0.0167407 0.015309 0.0138068
 1.02994e-16 6.45594e-05 0.00062754 0.00417023 0.0189572 0.0589831 0.12567 0.183423 0.183439 0.12575 0.0592504 0.0197293 0.00610886 0.00486193 0.00811339 0.0133295 0.0192401 0.0242916 0.0269476 0.026506 0.0235105 0.0193631 0.0154608 0.0125311 0.0105534 0.00911718
 1.06951e-16 2.99936e-05 0.000291548 0.00193744 0.00880737 0.0274032 0.0583873 0.085228 0.0852762 0.0586225 0.0281932 0.0110899 0.00766976 0.0128146 0.0238412 0.0394388 0.0569784 0.0720034 0.079973 0.0787742 0.0699395 0.057519 0.0455674 0.036229 0.0295352 0.0244498
 1.06582e-16 6.44642e-05 0.000626615 0.00416408 0.0189293 0.0588961 0.125485 0.18315 0.183158 0.125523 0.0590248 0.019303 0.00510977 0.00271666 0.00410907 0.00688812 0.0103778 0.0140189 0.0172656 0.0198424 0.0218233 0.0234028 0.024571 0.0250089 0.0242979 0.0222436
 1.06003e-16 5.54404e-05 0.000538901 0.00358119 0.0162796 0.0506519 0.10792 0.157518 0.157542 0.108041 0.0510566 0.0174484 0.00651508 0.00694363 0.0122199 0.0201183 0.0289914 0.0365058 0.0403406 0.0394728 0.0348093 0.0285843 0.0230053 0.0191895 0.0170106 0.0156602
 1.09515e-16 3.82351e-05 0.000371659 0.00246981 0.0112274 0.0349328 0.0744294 0.108639 0.108674 0.0746001 0.0355064 0.0128858 0.00663919 0.00949555 0.0174311 0.0289264 0.0420631 0.0537285 0.0607507 0.0616423 0.0574128 0.0507234 0.0441146 0.0387407 0.0343632 0.0301939
 1.07936e-16 6.1055e-05 0.000593476 0.00394386 0.0179282 0.0557814 0.118849 0.173466 0.173477 0.118906 0.0559743 0.018487 0.00535282 0.0036908 0.00600713 0.0100023 0.0147994 0.0194514 0.023029 0.0251092 0.0259712 0.0262671 0.0264498 0.0264498 0.0258186 0.0241349
pSPR Fmed_Fpbrs
0.617534   0.185658 0.185658
Fs Fmed_Fpbrs
0.242601   1.005 1.005
SSBpbr Bo_Bmed_Bpbrs
1.89133e+06  1.07339e+06  256574 256574
Ro
174449
SPR SPRFo_SPRFmed_SPRFpbrs
1.23937e+06 765355 230100
Fref
1.005
Nvult_r0
 188627 31137.5 24165.2 9170.92 2542.07
CTP_r0
 25593.1 4539.51 3523.04 1337.02 370.607
YTP_r0
415394
Np
 346132 86513.6 13999.7 10864.9 5402.21
Nvult_p0
 295609 74863.6 12114.5 9401.83 4674.75
CTP_p0
 141996 37525.2 6072.34 4712.64 2343.2
YTP_p0
 2.03338e+06
CBA_c0
900790
log_Ro
11.8894
likeval ReclasPelacesDesembMPH_pf_preclas_ppelaces_ptallas_desvR_qrecl_qpela
 12.7792 17.1499 0.0567899 0.000822046 196.144 90.626 69.1839 0 21.9505 6.266e-07 0 0.291757 0 0 0
q_reclas_q_pelaces
0.893892 1
M
1
N
 193765 46027.3 138923 8511.3 0.282545
 115472 62955.2 14793.4 44650.4 2735.66
 105567 33880.3 18110.7 4255.71 13631.8
 182848 31140.4 9803.43 5240.42 5175.84
 143619 48721 8067.4 2539.73 2698.49
 259181 47273.6 15882.2 2629.83 1707.57
 106122 77641.4 13910 4673.26 1276.26
 46147.8 24368.2 17110.3 3065.44 1311.13
 44601.9 15731 8251.68 5793.97 1482.01
 59998 12201.9 4193.86 2199.88 1939.76
 112014 14942 2937.14 1009.51 996.459
 149912 37714.6 4992.22 981.316 670.205
 123989 37254.8 9057.27 1198.9 396.617
 86925.5 31541.7 9177.28 2231.15 393.036
 85212.1 17359.2 5972.12 1737.63 496.865
 478528 20738.6 4075.31 1402.03 524.578
 99015.2 128015 5395.92 1060.34 501.279
 733133 29188.8 37015.6 1560.24 451.545
 424110 218672 8548.35 10840.5 589.179
 322905 114345 57379.8 2243.1 2999.17
 481407 89715.1 31000.9 15556.7 1421.27
 652295 143239 26204.5 9054.9 4959.02
 132522 183692 39408 7209.42 3855.53
 404797 41405.1 56580.9 12138.4 3408.22
 338701 130126 13154.5 17975.8 4939.2
 138062 108256 41084 4153.17 7234.81
 275140 45137.1 35030.1 13294.3 3685.01
pred_Ctot
 14453.7 3716.35 11216.9 687.223 0.0228133
 15051 8851.4 2079.93 6277.78 384.63
 13463.3 4661.65 2491.88 585.55 1875.63
 32711.2 5990.44 1885.87 1008.09 995.671
 9642.37 3542.27 586.541 184.651 196.194
 30937.7 6091.11 2046.39 338.849 220.017
 26188.7 20508.3 3674.22 1234.4 337.114
 2154.09 1233.28 865.958 155.143 66.3568
 7403.5 2810.2 1474.09 1035.04 264.748
 12644.7 2759.34 948.396 497.48 438.657
 6045.41 873.981 171.798 59.0476 58.2843
 31740.9 8567.78 1134.1 222.93 152.253
 24912.1 8037.19 1953.98 258.645 85.5645
 26382.2 10205.2 2969.27 721.878 127.165
 18849.4 4117.4 1416.51 412.145 117.85
 84685.3 3946.97 775.612 266.835 99.8375
 12661.3 17660.3 744.395 146.28 69.1541
 89199.9 3832.91 4860.68 204.882 59.2943
 73443.6 40734.4 1592.39 2019.38 109.752
 51112.4 19488.6 9779.68 382.308 511.172
 59198.1 11905.7 4114 2064.46 188.611
 98819 23375.5 4276.38 1477.69 809.276
 12793.8 19169.6 4112.51 752.354 402.352
 32644.5 3612.96 4937.18 1059.19 297.397
 28410.9 11808.2 1193.69 1631.2 448.203
 9807.45 8325.76 3159.7 319.414 556.417
 25593.1 4539.51 3523.04 1337.02 370.607
F
 0.12422 0.135054 0.135054 0.135054 0.135054
 0.226192 0.24592 0.24592 0.24592 0.24592
 0.220842 0.240103 0.240103 0.240103 0.240103
 0.322545 0.350676 0.350676 0.350676 0.350676
 0.111212 0.120911 0.120911 0.120911 0.120911
 0.205427 0.223343 0.223343 0.223343 0.223343
 0.471313 0.512418 0.512418 0.512418 0.512418
 0.0762165 0.0828637 0.0828637 0.0828637 0.0828637
 0.296182 0.322013 0.322013 0.322013 0.322013
 0.390132 0.424158 0.424158 0.424158 0.424158
 0.0885728 0.0962976 0.0962976 0.0962976 0.0962976
 0.392268 0.42648 0.42648 0.42648 0.42648
 0.368879 0.401051 0.401051 0.401051 0.401051
 0.610927 0.664208 0.664208 0.664208 0.664208
 0.413145 0.449178 0.449178 0.449178 0.449178
 0.318571 0.346355 0.346355 0.346355 0.346355
 0.221488 0.240805 0.240805 0.240805 0.240805
 0.209753 0.228047 0.228047 0.228047 0.228047
 0.310777 0.337882 0.337882 0.337882 0.337882
 0.280718 0.305201 0.305201 0.305201 0.305201
 0.212202 0.230709 0.230709 0.230709 0.230709
 0.267235 0.290541 0.290541 0.290541 0.290541
 0.163346 0.177592 0.177592 0.177592 0.177592
 0.13488 0.146644 0.146644 0.146644 0.146644
 0.140624 0.152888 0.152888 0.152888 0.152888
 0.117996 0.128287 0.128287 0.128287 0.128287
 0.156981 0.170672 0.170672 0.170672 0.170672
YTP_r0W_actual
 212423 72178.3 81734.5 36901.9 12155.9
YTP_p0W_proyectada
 1.06781e+06 604905 141971 139023 79668.9
CTP_r0_actual
 25593.1 4539.51 3523.04 1337.02 370.607
CTP_p0_proyectada
 141996 37525.2 6072.34 4712.64 2343.2
Wmedp
 7.52 16.12 23.38 29.5 34
Frms_r0
 0.156981 0.170672 0.170672 0.170672 0.170672
Zrms_r0
 1.15698 1.17067 1.17067 1.17067 1.17067
nmprior
 8.19 8.8 8.5 0
nm_flota  nm_reclas  nm_pelaces    nm_pelaL
inf 9.92284 16.8603 12.711
cv_recla  cv_pelaces  cv_mph
0.35748 0.555606 0.884817
 ------------------------------------------------
Talla a la edad & desviaci?n 
 8 13.2811 15.8009 17.003 17.5766
 0.8 1.32811 1.58009 1.7003 1.75766
