    unsorted:	 2.335133073e-06 5.769359695e-05 0.0001023150166 0.001099923738 5.944749557 5.945707827 3.185182033 13.75866702 12.52111165 56.36070312 131.6807101 154.5316499 227.3398907 252.1215592 469.6042397 510.5555377 642.1086010 795.6398307 899.5066954 928.5602026 934.9276659 827.8947962 1084.838976 1201.043206 1300.913553 1368.457870 1485.335495 1612.397411 1779.028507 1843.765653 2063.350200 2452.630995 2298.110864 2377.090985 2512.355087 2573.096143 2737.179127 2887.136313 3035.478697 3183.203140 3803.491691 4265.597866 10358.74763 41454.88900 387405.5841 388956.7435 380849.2570 365877.7498 359347.5312 403033.3902 428910.9803 169215.1001 316698.9487 451499.9988 468438.0004 607581.4314 626855.4692 659207.2013 701101.9019 717944.6875 967271.2240 1052690.555 1109128.769 1198794.950 1515366.331 1663452.601 1802937.220 2267077.642 2352783.666 2450855.364 2566415.555 2785964.155 3237787.514 40458931.36
      sorted:	 2.335133073e-06 5.769359695e-05 0.0001023150166 0.001099923738 3.185182033 5.944749557 5.945707827 12.52111165 13.75866702 56.36070312 131.6807101 154.5316499 227.3398907 252.1215592 469.6042397 510.5555377 642.1086010 795.6398307 827.8947962 899.5066954 928.5602026 934.9276659 1084.838976 1201.043206 1300.913553 1368.457870 1485.335495 1612.397411 1779.028507 1843.765653 2063.350200 2298.110864 2377.090985 2452.630995 2512.355087 2573.096143 2737.179127 2887.136313 3035.478697 3183.203140 3803.491691 4265.597866 10358.74763 41454.88900 169215.1001 316698.9487 359347.5312 365877.7498 380849.2570 387405.5841 388956.7435 403033.3902 428910.9803 451499.9988 468438.0004 607581.4314 626855.4692 659207.2013 701101.9019 717944.6875 967271.2240 1052690.555 1109128.769 1198794.950 1515366.331 1663452.601 1802937.220 2267077.642 2352783.666 2450855.364 2566415.555 2785964.155 3237787.514 40458931.36
