years
 1991 1992 1993 1994 1995 1996 1997 1998 1999 2000 2001 2002 2003 2004 2005 2006 2007 2008 2009 2010 2011 2012 2013 2014 2015 2016 2017 2018 2019 2020 2021
reclasobs
 0 0 0 0 0 0 0 0 0 252601 567819 844713 477998 351125 339783 2.1784e+06 2.13404e+06 4.81314e+06 1.55562e+06 2.62356e+06 3.21686e+06 3.843e+06 1.13348e+06 3.07943e+06 1.97215e+06 2.03268e+06 2.025e+06 2.42433e+06 2.27542e+06 1.05018e+06 2.36338e+06
reclaspred
 3.19034e+06 1.74614e+06 884869 906583 917672 1.58113e+06 895617 770161 546336 372696 501517 681409 669271 494543 485864 1.35516e+06 1.20861e+06 3.10362e+06 2.47042e+06 1.79119e+06 3.11409e+06 2.54047e+06 1.93228e+06 3.0637e+06 2.27172e+06 2.00057e+06 2.41742e+06 2.61794e+06 2.07479e+06 1.25798e+06 1.8682e+06
pelacesobs
 0 0 0 0 0 0 0 0 0 0 0 0 0 0 0 552880 188675 0 991730 2.46772e+06 1.41603e+06 1.21717e+06 2.29649e+06 1.80582e+06 0 1.4828e+06 1.56532e+06 1.57751e+06 1.42118e+06 867257 1.10002e+06
pelacespred
 1.79582e+06 1.07502e+06 531276 442193 487693 863863 435260 493084 321290 201321 290691 327249 356524 267289 271633 638081 589759 1.74152e+06 1.41927e+06 941035 1.63352e+06 1.39862e+06 1.10001e+06 1.90492e+06 1.36378e+06 1.20698e+06 1.64656e+06 1.75689e+06 1.17561e+06 794089 1.15498e+06
mphobs
 0 0 0 0 0 0 0 0 0 0 0 498337 0 5186 125008 0 168611 109162 213762 579715 649985 157893 87575 83554 0 0 0 0 0 0 0
mphpred
 488884 327468 157674 87469 95777 114469 157051 85111.2 76487.2 48260.3 29934.2 60714.9 65284.3 53424.7 32587.5 41489.1 152559 134843 310360 218492 229525 282466 269523 214769 310572 255008 207701 225173 323211 210424 120819
desembarqueobs
 494567 514787 250237 358949 120608 361735 552515 73892 212993 205616 52469 317467 293654 387597 252695 516296 358380 742168 942051 627588 828172 859565 418607 520667 417249 300574 415391 372974 316634 284311 391294
desembarquepred
 494571 513812 250692 358986 120614 361744 552541 73897.4 213054 205671 52471.9 317529 293690 387578 252670 516225 358407 742016 941750 627369 828252 859542 418608 520691 417236 300571 415383 372943 316615 284314 391296
Reclutas
 171626 94594.4 95348.5 145438 117546 214823 84223.2 35755.8 35088 47388.4 88590.4 128000 106947 74688.9 68922 372153 73618.8 601374 334648 265383 367934 506663 99345.3 293374 249749 109876 248052 279814 81323.7 59768.1 231140
log_desv_Rt
 0.207351 -0.388368 -0.380427 0.0417851 -0.17114 0.431847 -0.504496 -1.36125 -1.38011 -1.07959 -0.453942 -0.0859351 -0.265634 -0.624635 -0.704991 0.98134 -0.639065 1.46125 0.875112 0.643208 0.969939 1.28988 -0.339364 0.743482 0.582492 -0.238614 0.575673 0.69616 -0.539528 -0.847494 0.505059
SSB
 2.07172e+06 1.38769e+06 668167 370662 405869 485078 665525 360671 324126 204510 126851 257288 276652 226395 138094 175816 646492 571416 1.31519e+06 925893 972646 1.19699e+06 1.14214e+06 910116 1.31609e+06 1.08063e+06 880163 954203 1.36965e+06 891703 511987
BT
 2.92293e+06 2.00248e+06 983762 926022 784289 1.54575e+06 1.10193e+06 764835 666547 483259 462841 731824 775012 785358 645013 1.34349e+06 1.10918e+06 3.1772e+06 2.91465e+06 1.89059e+06 3.01572e+06 2.78256e+06 1.90931e+06 3.22465e+06 2.30693e+06 1.96921e+06 2.78722e+06 2.89341e+06 1.90205e+06 1.38975e+06 2.04237e+06
Ftot
 0.202737 0.373578 0.366586 0.556699 0.185274 0.3382 0.777966 0.133476 0.532688 0.744915 0.164217 0.661119 0.618446 1.07491 0.778775 0.607892 0.396415 0.374282 0.526323 0.48973 0.383879 0.483102 0.288136 0.255915 0.254395 0.205079 0.2558 0.21597 0.197382 0.295957 0.322362
BD_Bspro_t
 0.968202 0.782289 0.578509 0.479488 0.473322 0.567161 0.567646 0.374664 0.431104 0.369634 0.326814 0.581822 0.460819 0.365986 0.251896 0.302055 0.495916 0.452957 0.588808 0.472613 0.438655 0.487223 0.504475 0.487422 0.610047 0.619458 0.625245 0.669903 0.727096 0.641353 0.551756
BD_Bspro
 2.08087 1.39383 0.671121 0.3723 0.407663 0.487222 0.668466 0.362265 0.325558 0.205414 0.127411 0.258425 0.277874 0.227396 0.138705 0.176593 0.649349 0.573941 1.32101 0.929985 0.976945 1.20228 1.14719 0.914138 1.32191 1.08541 0.884053 0.958421 1.37571 0.895644 0.51425
BD_Bo
 1.37089 0.918263 0.442139 0.245274 0.268571 0.320985 0.44039 0.238663 0.21448 0.135328 0.0839394 0.170252 0.183066 0.14981 0.0913795 0.116341 0.427796 0.378117 0.870288 0.612681 0.643619 0.792072 0.755777 0.602241 0.870885 0.715074 0.582421 0.631414 0.906324 0.590057 0.338792
BD_Brms
 7.45072 4.9907 2.403 1.33305 1.45967 1.74454 2.39349 1.29712 1.16569 0.7355 0.456206 0.92531 0.99495 0.814207 0.496642 0.632305 2.32505 2.05504 4.72996 3.32988 3.49803 4.30486 4.1076 3.27314 4.7332 3.88639 3.16542 3.4317 4.92582 3.20692 1.84131
Sel_flota
 0.705444 0.978496 0.998845 0.999939 0.999997
 0.705444 0.978496 0.998845 0.999939 0.999997
 0.705444 0.978496 0.998845 0.999939 0.999997
 0.705444 0.978496 0.998845 0.999939 0.999997
 0.705444 0.978496 0.998845 0.999939 0.999997
 0.705444 0.978496 0.998845 0.999939 0.999997
 0.705444 0.978496 0.998845 0.999939 0.999997
 0.705444 0.978496 0.998845 0.999939 0.999997
 0.705444 0.978496 0.998845 0.999939 0.999997
 0.705444 0.978496 0.998845 0.999939 0.999997
 0.705444 0.978496 0.998845 0.999939 0.999997
 0.705444 0.978496 0.998845 0.999939 0.999997
 0.705444 0.978496 0.998845 0.999939 0.999997
 0.705444 0.978496 0.998845 0.999939 0.999997
 0.705444 0.978496 0.998845 0.999939 0.999997
 0.705444 0.978496 0.998845 0.999939 0.999997
 0.705444 0.978496 0.998845 0.999939 0.999997
 0.705444 0.978496 0.998845 0.999939 0.999997
 0.705444 0.978496 0.998845 0.999939 0.999997
 0.705444 0.978496 0.998845 0.999939 0.999997
 0.705444 0.978496 0.998845 0.999939 0.999997
 0.705444 0.978496 0.998845 0.999939 0.999997
 0.705444 0.978496 0.998845 0.999939 0.999997
 0.705444 0.978496 0.998845 0.999939 0.999997
 0.705444 0.978496 0.998845 0.999939 0.999997
 0.705444 0.978496 0.998845 0.999939 0.999997
 0.705444 0.978496 0.998845 0.999939 0.999997
 0.705444 0.978496 0.998845 0.999939 0.999997
 0.705444 0.978496 0.998845 0.999939 0.999997
 0.705444 0.978496 0.998845 0.999939 0.999997
 0.705444 0.978496 0.998845 0.999939 0.999997
Sel_reclas
 1 1 1 1 1
 1 1 1 1 1
 1 1 1 1 1
 1 1 1 1 1
 1 1 1 1 1
 1 1 1 1 1
 1 1 1 1 1
 1 1 1 1 1
 1 1 1 1 1
 1 1 1 1 1
 1 1 1 1 1
 1 1 1 1 1
 1 1 1 1 1
 1 1 1 1 1
 1 1 1 1 1
 1 1 1 1 1
 1 1 1 1 1
 1 1 1 1 1
 1 1 1 1 1
 1 1 1 1 1
 1 1 1 1 1
 1 1 1 1 1
 1 1 1 1 1
 1 1 1 1 1
 1 1 1 1 1
 1 1 1 1 1
 1 1 1 1 1
 1 1 1 1 1
 1 1 1 1 1
 1 1 1 1 1
 1 1 1 1 1
Sel_pelaces
 0.945026 1 1 1 1
 0.945026 1 1 1 1
 0.945026 1 1 1 1
 0.945026 1 1 1 1
 0.945026 1 1 1 1
 0.945026 1 1 1 1
 0.945026 1 1 1 1
 0.945026 1 1 1 1
 0.945026 1 1 1 1
 0.945026 1 1 1 1
 0.945026 1 1 1 1
 0.945026 1 1 1 1
 0.945026 1 1 1 1
 0.945026 1 1 1 1
 0.945026 1 1 1 1
 0.945026 1 1 1 1
 0.945026 1 1 1 1
 0.945026 1 1 1 1
 0.945026 1 1 1 1
 0.945026 1 1 1 1
 0.945026 1 1 1 1
 0.945026 1 1 1 1
 0.945026 1 1 1 1
 0.945026 1 1 1 1
 0.945026 1 1 1 1
 0.945026 1 1 1 1
 0.945026 1 1 1 1
 0.945026 1 1 1 1
 0.945026 1 1 1 1
 0.945026 1 1 1 1
 0.945026 1 1 1 1
pf_obs 
 0.8446 0.082 0.0669 0.0065 0
 0.8095 0.147 0.0364 0.0071 0
 0.9664 0.0169 0.016 0.0007 0
 0.9276 0.0648 0.0075 0.0001 0
 0.7033 0.2144 0.0806 0.0017 0
 0.9318 0.0425 0.0243 0.0014 0
 0.5671 0.3108 0.0964 0.0239 0.0018
 0.0768 0.2599 0.5324 0.112 0.0189
 0.490249 0.384438 0.106611 0.0170017 0.00170017
 0.7925 0.1577 0.0466 0.003 0.0002
 0.840416 0.127587 0.0312969 0.00059994 9.999e-05
 0.8084 0.0986 0.0794 0.0134 0.0002
 0.7335 0.1905 0.0724 0.0035 0.0001
 0.4001 0.4547 0.1325 0.0127 0
 0.49795 0.308269 0.164784 0.0264974 0.00249975
 0.9179 0.0499 0.0305 0.0017 0
 0.2467 0.6533 0.0926 0.0074 0
 0.9418 0.0223 0.034 0.0019 0
 0.707729 0.231977 0.0356964 0.0245975 0
 0.517169 0.277429 0.184464 0.0207286 0.00020938
 0.811772 0.124168 0.05621 0.00726502 0.000585176
 0.764997 0.148141 0.077277 0.00933861 0.000247198
 0.163321 0.427699 0.378323 0.0303852 0.000271297
 0.753843 0.0900009 0.118128 0.0371064 0.000921714
 0.721811 0.176058 0.0630433 0.0369309 0.00215725
 0.143369 0.312575 0.442814 0.0836902 0.0175525
 0.692698 0.0596174 0.167031 0.0765114 0.00414204
 0.394062 0.376323 0.152708 0.0712218 0.00568511
 0.125707 0.32114 0.495352 0.0537591 0.00404204
 0.23352 0.215282 0.420074 0.123614 0.00750983
 0.796117 0.104755 0.0508955 0.0450114 0.00322123
pf_pred 
 0.480543 0.13862 0.356784 0.0240524 8.73337e-07
 0.424998 0.327614 0.0670962 0.168917 0.0113745
 0.58169 0.217504 0.115652 0.0231175 0.0620374
 0.733568 0.178798 0.0461089 0.0239293 0.0175956
 0.658671 0.275089 0.0448502 0.011262 0.0101277
 0.75585 0.178537 0.0531065 0.00847104 0.00403512
 0.463229 0.439219 0.0717976 0.0208504 0.00490373
 0.456468 0.312231 0.190291 0.0301965 0.0108143
 0.547515 0.245063 0.120242 0.0717368 0.0154426
 0.728807 0.175393 0.052529 0.025099 0.0181716
 0.835984 0.132476 0.0206132 0.00599566 0.00493101
 0.74913 0.220194 0.0248823 0.00378841 0.00200578
 0.695463 0.249951 0.0480769 0.00528151 0.00122798
 0.645859 0.275263 0.0650618 0.0121713 0.00164549
 0.758508 0.181702 0.0468272 0.0106956 0.00226716
 0.941972 0.0482605 0.00740398 0.00185194 0.000511829
 0.373764 0.601816 0.0204036 0.00304557 0.000970881
 0.91113 0.0413347 0.0457252 0.00151258 0.000297358
 0.584587 0.389573 0.0121755 0.0131446 0.000519624
 0.616439 0.259859 0.116201 0.0035372 0.00396413
 0.738386 0.184615 0.0525998 0.0229213 0.00147759
 0.749852 0.201409 0.0346448 0.00963229 0.00446219
 0.312816 0.561075 0.10205 0.0171084 0.00695049
 0.742274 0.101775 0.127874 0.0227259 0.00535109
 0.623435 0.30339 0.029299 0.0359848 0.00789143
 0.425679 0.403378 0.138348 0.0130607 0.019535
 0.729265 0.138691 0.0933549 0.0313186 0.00736992
 0.682984 0.25187 0.0337482 0.0222062 0.00919152
 0.33801 0.498585 0.130429 0.0170925 0.0158829
 0.417538 0.244224 0.25614 0.0655468 0.0165517
 0.831319 0.0859651 0.0351582 0.0360256 0.0115325
pobs_RECLAS
 0 0 0 0 0
 0 0 0 0 0
 0 0 0 0 0
 0 0 0 0 0
 0 0 0 0 0
 0 0 0 0 0
 0 0 0 0 0
 0 0 0 0 0
 0 0 0 0 0
 0 0 0 0 0
 0.991045 0.00858322 0.000360255 1.14367e-05 0
 0.934742 0.0480273 0.0164251 0.00080598 0
 0.827803 0.169806 0.00239088 0 0
 0.941827 0.0461693 0.0120037 0 0
 0.791401 0.0380133 0.147996 0.0225897 0
 0.846168 0.0940531 0.0597789 0 0
 0.134021 0.677848 0.182769 0.00536245 0
 0.80878 0.0450904 0.141981 0.00414843 0
 0.846168 0.0940531 0.0597789 0 0
 0.905697 0.0802665 0.012482 0.00150086 5.37128e-05
 0.989698 0.0102097 9.19794e-05 0 0
 0.975433 0.0193895 0.00387452 0.00125025 5.28907e-05
 0.303575 0.632131 0.0575291 0.00676475 0
 0.966965 0.00978017 0.0227588 0.000495775 0
 0.843318 0.132988 0.00938335 0.0141283 0.000182051
 0.564624 0.303363 0.111486 0.0197234 0.00080311
 0.826376 0.0876187 0.0782897 0.00655872 0.00115652
 0.89761 0.0855135 0.0140674 0.00269457 0.000114338
 0.34875 0.467042 0.161289 0.0227151 0.000203297
 0.318654 0.224769 0.449479 0.00709798 0
 0.937255 0.0296025 0.0250945 0.00804832 0
ppred_RECLAS
 0.567093 0.117316 0.29568 0.0199109 7.22917e-07
 0.511319 0.281094 0.0563485 0.141698 0.00954102
 0.663287 0.176917 0.0920786 0.0183845 0.0493332
 0.796624 0.137491 0.0346854 0.0179798 0.01322
 0.729766 0.218686 0.0349153 0.00875757 0.007875
 0.813455 0.137199 0.0399491 0.00636507 0.00303178
 0.552813 0.367443 0.0587105 0.0170292 0.00400477
 0.541113 0.265962 0.15875 0.0251635 0.00901129
 0.632976 0.200818 0.0963975 0.0574439 0.0123651
 0.794186 0.134198 0.0392904 0.0187508 0.0135746
 0.876972 0.0997746 0.0152038 0.00441733 0.00363274
 0.809447 0.16771 0.0185326 0.00281828 0.00149205
 0.764508 0.19405 0.036505 0.00400553 0.000931253
 0.726598 0.213651 0.0492965 0.00921016 0.00124508
 0.818386 0.137425 0.0346179 0.0078973 0.0016739
 0.958439 0.0346951 0.00520613 0.00130066 0.000359448
 0.456017 0.523208 0.0173614 0.00258851 0.000825127
 0.935657 0.0302708 0.0327763 0.001083 0.000212894
 0.665281 0.314334 0.00961128 0.0103643 0.000409686
 0.69506 0.208044 0.091027 0.0027677 0.00310156
 0.799375 0.142482 0.0397336 0.0172949 0.00111483
 0.809112 0.154352 0.0259791 0.00721461 0.00334199
 0.389847 0.500125 0.0890563 0.0149133 0.00605833
 0.802939 0.078825 0.0969691 0.0172141 0.00405303
 0.698971 0.243553 0.0230291 0.0282524 0.00619536
 0.509825 0.346441 0.116352 0.010972 0.0164099
 0.791732 0.107807 0.0710501 0.023809 0.00560244
 0.751155 0.198579 0.0260543 0.0171245 0.0070877
 0.417105 0.441299 0.113047 0.0147981 0.0137501
 0.503731 0.210684 0.216326 0.0552959 0.0139624
 0.874569 0.0646111 0.0258683 0.0264765 0.00847516
pobs_PELACES
 0 0 0 0 0
 0 0 0 0 0
 0 0 0 0 0
 0 0 0 0 0
 0 0 0 0 0
 0 0 0 0 0
 0 0 0 0 0
 0 0 0 0 0
 0 0 0 0 0
 0 0 0 0 0
 0 0 0 0 0
 0 0 0 0 0
 0 0 0 0 0
 0 0 0 0 0
 0 0 0 0 0
 0 0 0 0 0
 0.505614 0.472636 0.0217494 0 0
 0 0 0 0 0
 0.443492 0.261883 0.143347 0.151278 0
 0.227955 0.32914 0.350689 0.0885471 0.00366901
 0.970185 0.0296113 0.000203453 0 0
 0.997202 0.00247181 0.000326279 0 0
 0.445219 0.490057 0.0546422 0.010081 0
 0.90214 0.0892962 0.00764917 0.000914606 0
 0 0 0 0 0
 0.581667 0.319106 0.0959925 0.00289975 0.000334073
 0.762889 0.0836404 0.116647 0.0363945 0.000428098
 0.88444 0.0763242 0.0277011 0.0115352 0
 0.521256 0.241999 0.230069 0.00667565 0
 0.616807 0.101726 0.260614 0.0208532 0
 0.833518 0.0704572 0.0857862 0.0102388 0
ppred_PELACES
 0.557919 0.119921 0.301835 0.0203239 7.3791e-07
 0.505877 0.284539 0.0568962 0.143056 0.00963239
 0.658285 0.17976 0.0933282 0.0186315 0.0499957
 0.79579 0.138226 0.0347408 0.0180049 0.0132383
 0.721885 0.225118 0.0358976 0.00900335 0.00809598
 0.809561 0.140148 0.0407153 0.00648636 0.00308953
 0.556395 0.364844 0.0579914 0.0168159 0.00395455
 0.530136 0.272428 0.162464 0.0257509 0.00922163
 0.631374 0.202028 0.0966323 0.0575727 0.0123927
 0.796199 0.133123 0.0387809 0.0185027 0.0133948
 0.87242 0.103488 0.0157522 0.00457641 0.00376355
 0.809996 0.167316 0.0184072 0.00279854 0.00148158
 0.764494 0.194205 0.0363827 0.00399122 0.000927915
 0.734842 0.207537 0.0475415 0.00887883 0.00120026
 0.820592 0.13593 0.0340628 0.00776846 0.00164657
 0.958395 0.0347549 0.00519386 0.00129731 0.000358518
 0.450881 0.528201 0.0174805 0.0026059 0.000830662
 0.934351 0.0309263 0.0334019 0.00110352 0.000216926
 0.663297 0.316267 0.00963627 0.0103892 0.000410669
 0.692645 0.209911 0.0915424 0.00278287 0.00311854
 0.795955 0.145021 0.0403376 0.0175554 0.00113161
 0.807193 0.156002 0.0261719 0.00726688 0.00336617
 0.382681 0.506177 0.0899597 0.015063 0.00611912
 0.797755 0.0809827 0.0994525 0.0176534 0.00415643
 0.691921 0.24934 0.023536 0.0288717 0.00633113
 0.500412 0.353238 0.118471 0.011171 0.0167075
 0.786296 0.110713 0.0728405 0.0244068 0.00574306
 0.744216 0.204177 0.02675 0.0175804 0.00727636
 0.407792 0.448496 0.114739 0.0150184 0.0139547
 0.496552 0.21398 0.219274 0.0560433 0.014151
 0.871643 0.06619 0.0264432 0.0270617 0.00866244
pobs_pel_tallas
 0 0 0 0 0 0 0 0 0 0 0 0 0 0 0 0 0 0 0 0 0 0 0 0 0 0
 0 0 0 0 0 0 0 0 0 0 0 0 0 0 0 0 0 0 0 0 0 0 0 0 0 0
 0 0 0 0 0 0 0 0 0 0 0 0 0 0 0 0 0 0 0 0 0 0 0 0 0 0
 0 0 0 0 0 0 0 0 0 0 0 0 0 0 0 0 0 0 0 0 0 0 0 0 0 0
 0 0 0 0 0 0 0 0 0 0 0 0 0 0 0 0 0 0 0 0 0 0 0 0 0 0
 0 0 0 0 0 0 0 0 0 0 0 0 0 0 0 0 0 0 0 0 0 0 0 0 0 0
 0 0 0 0 0 0 0 0 0 0 0 0 0 0 0 0 0 0 0 0 0 0 0 0 0 0
 0 0 0 0 0 0 0 0 0 0 0 0 0 0 0 0 0 0 0 0 0 0 0 0 0 0
 0 0 0 0 0 0 0 0 0 0 0 0 0 0 0 0 0 0 0 0 0 0 0 0 0 0
 0 0 0 0 0 0 0 0 0 0 0 0 0 0 0 0 0 0 0 0 0 0 0 0 0 0
 0 0 0 0 0 0 0 0 0 0 0 0 0 0 0 0 0 0 0 0 0 0 0 0 0 0
 0 0 0 0 0 0 0 0 0 0 0 0 0 0 0 0 0 0 0 0 0 0 0 0 0 0
 0.00862536 0 0 0.000197151 0.00414017 0.0128641 0.00837892 0.0270097 0.101434 0.158115 0.152841 0.127902 0.109271 0.109419 0.0830992 0.0579132 0.0238553 0.00714673 0.00463305 0.00128148 0.00103504 0.000492878 0.000147863 0.000147863 4.92878e-05 0
 0 0 0 0 0 0 0 0 0 0 0 0 0 0 0 0 0 0 0 0 0 0 0 0 0 0
 0 0 0 0 0 0 0 0.0054083 0.00873648 0.0413646 0.0450493 0.0745869 0.0622846 0.0627006 0.0613931 0.0827291 0.12552 0.122667 0.0946155 0.0697135 0.0546179 0.0294188 0.0215738 0.0213955 0.0102223 0.00600262
 0 0 0 0 0.00359764 0.0251062 0.0480494 0.140153 0.205849 0.193036 0.1447 0.116669 0.0760912 0.0342217 0.00950174 0.001854 0.000860785 0 0 0 0.000165536 0 0.000143464 0 0 0
 0 0 0 0 0 0 0 0.000145254 0.000435761 0.0275982 0.070085 0.0708112 0.156366 0.174668 0.174014 0.160142 0.0824315 0.0480064 0.0283245 0.00493863 0.00203355 0 0 0 0 0
 0 0 0 0 0 0 0 0 0 0 0 0 0 0 0 0 0 0 0 0 0 0 0 0 0 0
 0 0 1.00437e-05 0.000401748 0.00122533 0.00171747 0.00176769 0.0269171 0.070346 0.194647 0.189555 0.159765 0.064822 0.0314167 0.0384472 0.0292271 0.0345202 0.0313363 0.0194345 0.0106764 0.0143323 0.0359363 0.0279516 0.0138201 0.00172751 0
 0 0.0021121 0.0136068 0.0755702 0.200478 0.177729 0.0527432 0.0373336 0.0318909 0.0142505 0.0149659 0.0166563 0.0217959 0.0798694 0.0677717 0.0528807 0.04013 0.0224614 0.0357745 0.0225083 0.00881397 0.00855152 0.00135912 0.000746735 0 0
 0 0 0 0 5.4009e-05 0.00500934 0.000945158 0.0243581 0.138947 0.33067 0.221406 0.137944 0.0707744 0.0437923 0.0131692 0.00525238 0.0047753 0.00276346 9.45158e-05 9.00151e-06 2.25038e-05 9.00151e-06 4.50075e-06 0 0 0
 0.000866109 0.00284123 0.00948549 0.0512746 0.133035 0.25785 0.225252 0.132002 0.0553304 0.0519788 0.0540692 0.017754 0.00435017 0.00159236 0.00146478 0.000404838 0.000125132 0.000115318 0.000107957 0.000100596 0 0 0 0 0 0
 0 0 0 0 0.00144013 0.00171154 0.00461396 0.0210425 0.0478622 0.0707936 0.0888783 0.103762 0.0637923 0.0337046 0.0602308 0.124433 0.169614 0.0934646 0.0462172 0.0250306 0.0313229 0.00938855 0.002487 0.000210481 0 0
 0 0.00764035 0.051015 0.0998891 0.058973 0.0496711 0.0374665 0.0718981 0.12319 0.153886 0.159021 0.0857701 0.0377988 0.023471 0.0147837 0.00900784 0.00315554 0.000888139 0.00291439 0.00214683 0.00393193 0.00274676 0.000635225 9.99891e-05 0 0
 0 0 0 0 0 0 0 0 0 0 0 0 0 0 0 0 0 0 0 0 0 0 0 0 0 0
 0 0 0 0 0 0 0 0 0 0 0 0 0 0 0 0 0 0 0 0 0 0 0 0 0 0
 0 0 0 0 0 0 0 0 0 0 0 0 0 0 0 0 0 0 0 0 0 0 0 0 0 0
 0 0 0 0 0 0 0 0 0 0 0 0 0 0 0 0 0 0 0 0 0 0 0 0 0 0
 0 0 0 0 0 0 0 0 0 0 0 0 0 0 0 0 0 0 0 0 0 0 0 0 0 0
 0 0 0 0 0 0 0 0 0 0 0 0 0 0 0 0 0 0 0 0 0 0 0 0 0 0
 0 0 0 0 0 0 0 0 0 0 0 0 0 0 0 0 0 0 0 0 0 0 0 0 0 0
ppred_pel_tallas
 1.1078e-16 4.59551e-05 0.000446699 0.00296848 0.0134943 0.0419857 0.0894555 0.130565 0.130577 0.0895143 0.0421847 0.0140745 0.00444629 0.00374334 0.00651321 0.0112318 0.0174224 0.0244994 0.0317988 0.03886 0.0454219 0.0510656 0.0549037 0.0557595 0.0528122 0.0462088
 1.17692e-16 4.16685e-05 0.000405032 0.00269158 0.0122356 0.0380695 0.0811122 0.118391 0.118419 0.0812466 0.0385211 0.0135409 0.00597251 0.00758256 0.0137204 0.0227484 0.0330977 0.0423768 0.0482398 0.0497681 0.048071 0.0454955 0.0440449 0.0442279 0.0450557 0.0449244
 1.13069e-16 5.42221e-05 0.000527058 0.00350249 0.0159218 0.0495388 0.105548 0.154054 0.154072 0.105633 0.0498255 0.0167516 0.0055914 0.00510717 0.00881217 0.0146406 0.0214622 0.0277994 0.0321926 0.0340138 0.0338206 0.0328829 0.0322688 0.0322251 0.0322327 0.0315212
 1.05084e-16 6.55482e-05 0.000637152 0.0042341 0.0192476 0.0598865 0.127595 0.186231 0.186245 0.12766 0.0601057 0.0198812 0.00582615 0.004118 0.00669252 0.0110039 0.0159508 0.0202892 0.0228055 0.0229645 0.0212252 0.0187043 0.0164593 0.0149534 0.0140203 0.0131977
 1.03367e-16 5.94608e-05 0.00057798 0.00384088 0.0174601 0.0543249 0.115746 0.168939 0.168961 0.115852 0.0546811 0.0184889 0.00642373 0.00621778 0.0107747 0.0177301 0.0255626 0.0322059 0.0355954 0.0347847 0.030503 0.0246469 0.0191275 0.0149737 0.0122094 0.0103138
 1.02385e-16 6.66825e-05 0.000648177 0.00430737 0.0195807 0.0609228 0.129803 0.189454 0.189468 0.129869 0.0611451 0.0202232 0.00592185 0.00417793 0.0067859 0.0111536 0.0161555 0.0205136 0.0229663 0.0229229 0.020791 0.0176553 0.0145822 0.012106 0.0101991 0.00858074
 1.04123e-16 4.58296e-05 0.00044548 0.00296037 0.0134574 0.0418713 0.0892125 0.130216 0.130251 0.0893844 0.0424485 0.0151247 0.00714598 0.00958466 0.0174086 0.0287226 0.0414077 0.0521479 0.0575891 0.056181 0.0490872 0.0393654 0.030109 0.0230024 0.0181274 0.0147042
 1.08902e-16 4.36667e-05 0.000424455 0.00282066 0.0128223 0.0398951 0.0850017 0.124068 0.124095 0.0851311 0.0403301 0.0140811 0.00599006 0.00737512 0.0133376 0.0222247 0.0325808 0.0421617 0.0486724 0.0510061 0.0497888 0.0467167 0.0432791 0.0399452 0.0363223 0.0318866
 1.10712e-16 5.20055e-05 0.000505512 0.0033593 0.0152709 0.0475136 0.101234 0.147757 0.147777 0.101329 0.0478357 0.0162029 0.00570507 0.00564755 0.00988079 0.0164205 0.0240495 0.0311015 0.0359192 0.0377742 0.0372635 0.0357779 0.0344806 0.0336299 0.0326713 0.0308411
 1.05276e-16 6.55819e-05 0.000637479 0.00423627 0.0192575 0.0599173 0.127661 0.186327 0.18634 0.127723 0.0601286 0.0198684 0.00577158 0.00399568 0.0064632 0.0106342 0.01544 0.0196927 0.0222342 0.0225534 0.0210835 0.0188744 0.0169063 0.0155859 0.0147261 0.0138767
 1.01577e-16 7.18601e-05 0.000698506 0.00464182 0.021101 0.0656532 0.139881 0.204163 0.204173 0.13993 0.0658169 0.0215739 0.00582894 0.00329052 0.0049961 0.00815001 0.0117437 0.014791 0.0163398 0.0159558 0.013977 0.0112791 0.00874436 0.00684771 0.00559851 0.00475243
 1.01106e-16 6.67184e-05 0.000648526 0.00430968 0.0195912 0.0609556 0.129873 0.189557 0.189573 0.129952 0.06122 0.0203547 0.00622581 0.00482992 0.00800347 0.0131139 0.0188564 0.0236522 0.0259385 0.0249927 0.0213586 0.0164786 0.0118382 0.00828563 0.00591919 0.00440598
 1.01657e-16 6.29704e-05 0.000612094 0.00406758 0.0184907 0.0575314 0.122577 0.178909 0.178928 0.122669 0.0578388 0.0193786 0.006297 0.00548086 0.00931516 0.0153143 0.0220865 0.0278383 0.0307786 0.0300696 0.0263064 0.0210865 0.0160327 0.0120405 0.00918375 0.00710427
 1.02519e-16 6.0528e-05 0.000588354 0.00390982 0.0177735 0.0553 0.117823 0.171971 0.171991 0.117921 0.0556288 0.0187235 0.00629582 0.00580156 0.00997462 0.0164288 0.0237405 0.0300202 0.0333763 0.0329241 0.0292873 0.0241302 0.0191183 0.0151315 0.01219 0.00989046
 1.02076e-16 6.75911e-05 0.00065701 0.00436606 0.0198475 0.061753 0.131572 0.192035 0.192049 0.131636 0.0619684 0.0204701 0.00593009 0.00407518 0.00657073 0.0107856 0.0156003 0.0197636 0.0220442 0.0218689 0.0196448 0.0164488 0.0133474 0.0108866 0.00905151 0.00756111
 1.0035e-16 7.89418e-05 0.000767342 0.00509926 0.0231805 0.0721231 0.153666 0.224281 0.224284 0.153682 0.0721781 0.0233393 0.00549783 0.00163751 0.00173179 0.00273865 0.00393884 0.00495586 0.0054646 0.00531647 0.00462251 0.0036756 0.0027734 0.00208002 0.00160653 0.00128048
 1.01042e-16 3.71386e-05 0.000361001 0.00239898 0.0109054 0.0339311 0.0722958 0.105528 0.105579 0.072544 0.0347644 0.013311 0.00843272 0.0135174 0.0249782 0.0411164 0.0589468 0.0735382 0.0798902 0.0756966 0.0627501 0.0458016 0.0298242 0.0177798 0.0101573 0.00591391
 1.0112e-16 7.69613e-05 0.000748091 0.00497133 0.0225989 0.0703137 0.149811 0.218654 0.218657 0.149826 0.0703635 0.0227435 0.00533624 0.00155175 0.00162388 0.00261633 0.00388549 0.00514277 0.00614046 0.00674808 0.00699645 0.00700122 0.00683742 0.00648347 0.00587449 0.00499827
 1.01471e-16 5.4635e-05 0.000531071 0.00352916 0.0160431 0.0499161 0.106353 0.155231 0.155261 0.106501 0.050415 0.0174836 0.00714245 0.00841024 0.0149932 0.024634 0.0353266 0.0441026 0.047981 0.0455992 0.038047 0.0281735 0.0189394 0.0120745 0.00780796 0.00544933
 1.03503e-16 5.70523e-05 0.000554569 0.0036853 0.0167529 0.0521245 0.111058 0.162096 0.162116 0.111157 0.0524584 0.0177185 0.00611361 0.00587033 0.0101957 0.0168767 0.0245636 0.0314209 0.0355909 0.0361734 0.0336916 0.0296134 0.025352 0.0215719 0.0182135 0.0149747
 1.03154e-16 6.55618e-05 0.000637284 0.00423497 0.0192516 0.0598989 0.127621 0.18627 0.186284 0.12769 0.060129 0.0199165 0.00590585 0.00429066 0.00702128 0.0115495 0.0167393 0.0212799 0.0238801 0.0239467 0.0219185 0.0189236 0.01605 0.0138074 0.0121038 0.0105836
 1.02094e-16 6.64874e-05 0.000646281 0.00429477 0.0195234 0.0607446 0.129423 0.1889 0.188915 0.129497 0.0609915 0.0202365 0.00608507 0.00455579 0.0074951 0.0122956 0.0177295 0.0223457 0.0247123 0.0241703 0.0212183 0.0171598 0.0133083 0.0103703 0.00836582 0.00694846
 1.05272e-16 3.1521e-05 0.000306396 0.00203611 0.00925589 0.0287988 0.0613606 0.0895679 0.0896167 0.0615992 0.0295998 0.0115699 0.0078458 0.0129934 0.0241392 0.03989 0.057536 0.0725093 0.080158 0.078316 0.0685633 0.0550949 0.042161 0.0320865 0.0250179 0.019946
 1.05365e-16 6.571e-05 0.000638725 0.00424455 0.0192951 0.0600343 0.12791 0.18669 0.186698 0.127949 0.0601654 0.0196754 0.00520593 0.00276021 0.0041617 0.00695103 0.0104156 0.0139531 0.0169742 0.0191781 0.0206502 0.0216409 0.0222295 0.0221971 0.0212076 0.0191098
 1.0471e-16 5.69927e-05 0.000553989 0.00368146 0.0167354 0.0520701 0.110942 0.161928 0.161952 0.111059 0.0524642 0.0178735 0.00653805 0.00678897 0.0118959 0.0195714 0.0281813 0.0354364 0.039058 0.0380302 0.0332236 0.0268167 0.0209853 0.0168676 0.0144075 0.0128831
 1.07457e-16 4.12184e-05 0.000400657 0.00266251 0.0121034 0.0376584 0.0802364 0.117114 0.117149 0.0804033 0.0382192 0.0137247 0.00673741 0.00931348 0.017019 0.0282029 0.0409321 0.052118 0.0586169 0.0589511 0.0541242 0.0468064 0.0395939 0.0337419 0.0291205 0.0250093
 1.0555e-16 6.47662e-05 0.000629551 0.00418359 0.019018 0.059172 0.126073 0.184009 0.18402 0.126125 0.0593491 0.0195307 0.00547545 0.00346553 0.00549751 0.00910889 0.0134049 0.0174687 0.0204041 0.0217957 0.0219096 0.0214056 0.0208082 0.0201852 0.0192411 0.0176546
 1.03819e-16 6.13001e-05 0.000595859 0.00395969 0.0180002 0.0560054 0.119326 0.174164 0.174184 0.119422 0.0563283 0.0189329 0.00630109 0.00570777 0.00977188 0.0160644 0.0231532 0.0291601 0.0322212 0.0314971 0.0276784 0.0225149 0.0177542 0.0143118 0.0121541 0.0107295
 1.07294e-16 3.35894e-05 0.000326501 0.00216972 0.00986324 0.0306884 0.0653865 0.0954426 0.095486 0.0655982 0.0313993 0.0119176 0.00733047 0.0116054 0.0214924 0.0355773 0.0514787 0.065219 0.0727451 0.0721633 0.064815 0.0542568 0.0440187 0.0359205 0.0299321 0.0251333
 1.14398e-16 4.09004e-05 0.000397566 0.00264197 0.01201 0.0373677 0.0796167 0.116207 0.116228 0.0797192 0.0377126 0.0130102 0.00516776 0.00596193 0.0107575 0.0181099 0.0269999 0.0358796 0.0431587 0.0480662 0.0509541 0.0527087 0.053803 0.0538511 0.0519885 0.0476408
 1.0496e-16 7.17961e-05 0.000697883 0.00463768 0.0210822 0.0655947 0.139757 0.20398 0.203987 0.139788 0.0657001 0.0213873 0.00540537 0.00238034 0.00328694 0.00537396 0.00786471 0.0101757 0.0117761 0.0124544 0.0124434 0.0122341 0.0122208 0.0124592 0.0126898 0.0125521
pSPR Fmed_Fpbrs
0.537333   0.233995 0.233995
Fs Fmed_Fpbrs
0.369272   1.005 1.005
SSBpbr Bo_Bmed_Bpbrs
1.51122e+06  736466  278056 278056
Ro
139486
SPR SPRFo_SPRFmed_SPRFpbrs
995600 534969 232965
Fref
1.005
Nvult_r0
 163404 13055.7 5256.85 5382.09 1722.84
CTP_r0
 30274.8 3130.66 1280.38 1311.97 419.988
YTP_r0
391296
Np
 179961 32582.2 9320.61 645.598 292.003
Nvult_p0
 147378 28098.8 8064.03 558.656 252.682
CTP_p0
 61140.3 28963 2075.52 828.85 1074.27
 61140.3 13931.8 4039.74 280.016 126.656
YTP_p0
 1.02048e+06 782199
CBA_c0
948999
log_Ro
11.6657
likeval ReclasPelacesDesembMPH_pf_preclas_ppelaces_ptallas_desvR_qrecl_qpela
 12.6825 17.0242 0.0372883 0.000820065 240.645 117.224 99.2303 0 24.0839 3.27151e-06 1.29299e-05 0.187715 0 0 0
q_reclas_q_pelaces
1.29215 1.66792
M
1
N
 171626 36501.1 92186.5 6208.46 0.225416
 94594.4 54723.7 11011.8 27696.6 1864.93
 95348.5 26737.3 13967.8 2789.38 7485.13
 145438 27083.7 6871.32 3562.95 2619.77
 117546 36126.7 5778.86 1449.62 1303.54
 214823 37944.5 11086.7 1766.76 841.542
 84223.2 62254.5 10026.2 2909.36 684.212
 35755.8 17897.5 10697.3 1695.76 607.27
 35088 11971.8 5777.98 3444.14 741.378
 47388.4 8864.72 2615.14 1248.55 903.905
 88590.4 10307.6 1573.31 457.154 375.957
 128000 29025.6 3229.08 491.229 260.071
 106947 29537.1 5591.65 613.755 142.696
 74688.9 25433.1 5932.83 1109.09 149.938
 68922 12871.9 3268.27 745.899 158.103
 372153 14637.6 2210.05 552.327 152.642
 73618.8 89163.6 2970.63 443.005 141.216
 601374 20476 22255.3 735.515 144.587
 334648 169895 5222.72 5633.5 222.689
 265383 84926.6 37344.1 1135.76 1272.78
 367934 69109.8 19348 8423.39 542.975
 506663 103244 17462.8 4850.84 2247.06
 99345.3 132561 23674.2 3965.09 1610.78
 293374 29824.7 36785.5 6531.15 1537.76
 249749 90099.5 8541.41 10480.2 2298.18
 109876 76784.1 25841.7 2437.14 3645.05
 248052 34976.6 23111.5 7745.78 1822.65
 279814 76186.7 10018 6585.2 2725.58
 81323.7 88391 22688.6 2970.29 2759.95
 59768.1 26028.6 26806.2 6853.14 1730.45
 231140 17844.4 7167.83 7337.64 2348.81
pred_Ctot
 14627.3 4219.45 10860.1 732.132 0.0265835
 14153.1 10910 2234.4 5625.19 378.787
 14026.4 5244.7 2788.73 557.435 1495.92
 30823.7 7512.88 1937.44 1005.48 739.346
 9201.25 3842.83 626.531 157.324 141.477
 29388.4 6941.75 2064.85 329.364 156.891
 23502.1 22283.9 3642.68 1057.85 248.793
 2046.77 1400.02 853.252 135.399 48.4905
 7162.65 3205.94 1573.02 938.468 202.022
 12773.4 3074.03 920.649 439.897 318.484
 6183.95 979.955 152.48 44.3512 36.4758
 31316.1 9204.84 1040.16 158.368 83.8484
 24760.3 8898.92 1711.67 188.036 43.7195
 26659.5 11362.2 2685.6 502.4 67.9218
 19248.2 4610.94 1188.31 271.415 57.5325
 84933.3 4351.43 667.583 166.981 46.1493
 11613.6 18699.7 633.981 94.6323 30.1673
 90128.5 4088.8 4523.11 149.624 29.4145
 67614.6 45058.9 1408.24 1520.34 60.1008
 50396.8 21244.7 9499.95 289.183 324.087
 56404.7 14102.6 4018.06 1750.94 112.872
 95088.2 25540.6 4393.28 1221.46 565.847
 11743.9 21064.2 3831.19 642.293 260.939
 31085.9 4262.28 5355.26 951.744 224.099
 26317.6 12807.3 1236.82 1519.06 333.128
 9466.29 8970.35 3076.59 290.446 434.422
 26272.6 4996.51 3363.21 1128.29 265.51
 25308.4 9333.21 1250.56 822.864 340.598
 6758.35 9968.96 2607.86 341.755 317.57
 7241.08 4235.41 4442.06 1136.73 287.046
 30274.8 3130.66 1280.38 1311.97 419.988
F
 0.143019 0.198377 0.202502 0.202724 0.202736
 0.263539 0.365545 0.373147 0.373556 0.373577
 0.258606 0.358703 0.366163 0.366564 0.366585
 0.392719 0.544727 0.556055 0.556665 0.556697
 0.1307 0.18129 0.18506 0.185262 0.185273
 0.238581 0.330928 0.33781 0.33818 0.338199
 0.548811 0.761237 0.777067 0.777919 0.777963
 0.0941597 0.130606 0.133322 0.133468 0.133475
 0.375781 0.521233 0.532072 0.532655 0.532686
 0.525496 0.728896 0.744054 0.744869 0.744912
 0.115846 0.160686 0.164027 0.164207 0.164217
 0.466383 0.646903 0.660356 0.661079 0.661117
 0.436279 0.605147 0.617732 0.618408 0.618444
 0.758287 1.05179 1.07367 1.07484 1.0749
 0.549382 0.762028 0.777875 0.778727 0.778772
 0.428833 0.59482 0.60719 0.607855 0.60789
 0.279649 0.387891 0.395957 0.396391 0.396414
 0.264035 0.366234 0.37385 0.37426 0.374281
 0.371292 0.515006 0.525715 0.526291 0.526322
 0.345477 0.479199 0.489164 0.4897 0.489728
 0.270805 0.375624 0.383436 0.383856 0.383878
 0.340801 0.472713 0.482544 0.483072 0.4831
 0.203264 0.28194 0.287803 0.288118 0.288135
 0.180534 0.250412 0.255619 0.2559 0.255914
 0.179461 0.248924 0.254101 0.254379 0.254394
 0.144672 0.200669 0.204842 0.205066 0.205078
 0.180452 0.250299 0.255504 0.255784 0.255799
 0.152355 0.211326 0.215721 0.215957 0.21597
 0.139242 0.193137 0.197154 0.19737 0.197381
 0.208781 0.289593 0.295615 0.295939 0.295956
 0.227408 0.31543 0.321989 0.322342 0.322361
YTP_r0W_actual
 251280 44142.3 35338.5 44869.4 15665.6
YTP_p0W_proyectada
 457941 453851 48006.9 24343.3 36342.7
 457941 218311 93439.2 8224.08 4284.76
CTP_r0_actual
 30274.8 3130.66 1280.38 1311.97 419.988
CTP_p0_proyectada
 61140.3 28963 2075.52 828.85 1074.27
 61140.3 13931.8 4039.74 280.016 126.656
Wmedp
 7.49 15.67 23.13 29.37 33.83
Frms_r0
 0.227408 0.31543 0.321989 0.322342 0.322361
Zrms_r0
 1.22741 1.31543 1.32199 1.32234 1.32236
nmprior
 8.19 8.8 8.5 0
nm_flota  nm_reclas  nm_pelaces    nm_pelaL
inf 13.7171 18.8269 45.4164
cv_recla  cv_pelaces  cv_mph
0.322127 0.467849 0.88375
 ------------------------------------------------
Talla a la edad & desviaci?n 
 8 13.2811 15.8009 17.003 17.5766
 0.8 1.32811 1.58009 1.7003 1.75766
