years
 1991 1992 1993 1994 1995 1996 1997 1998 1999 2000 2001 2002 2003 2004 2005 2006 2007 2008 2009 2010 2011 2012 2013 2014 2015 2016 2017
reclasobs
 0 0 0 0 0 0 0 0 0 252601 567819 844713 477998 351125 339783 2.1784e+06 2.13404e+06 4.81314e+06 1.55562e+06 2.62356e+06 3.21686e+06 3.843e+06 1.13348e+06 3.07943e+06 1.97215e+06 2.03268e+06 2.025e+06
reclaspred
 3.26448e+06 1.8301e+06 918105 917818 907544 1.49599e+06 919136 792818 571912 406910 494831 652836 640197 491302 492146 1.41156e+06 1.34891e+06 3.08306e+06 2.55006e+06 1.88906e+06 3.35229e+06 2.73622e+06 2.14359e+06 3.33581e+06 2.49517e+06 2.13551e+06 2.26797e+06
pelacesobs
 0 0 0 0 0 0 0 0 0 0 0 0 0 0 0 552880 188675 0 991730 2.46772e+06 1.41603e+06 1.21717e+06 2.29649e+06 1.80582e+06 0 1.4828e+06 1.56532e+06
pelacespred
 1.485e+06 922031 461630 377848 392650 668996 375325 407868 279834 187091 238186 261095 282017 225507 233565 563543 541014 1.42881e+06 1.217e+06 836908 1.44171e+06 1.27292e+06 997107 1.70083e+06 1.22592e+06 1.0452e+06 1.25465e+06
mphobs
 0 0 0 0 0 0 0 0 0 0 0 498337 0 5186 125008 0 168611 109162 213762 579715 649985 157893 87575 83554 0 0 0
mphpred
 2.82067e+06 1.88511e+06 937991 506863 550134 627774 853805 510126 448544 299073 192729 336125 362911 304192 199799 254706 931914 874420 1.75518e+06 1.32583e+06 1.40986e+06 1.75373e+06 1.66879e+06 1.36157e+06 1.91792e+06 1.57142e+06 1.24377e+06
desembarqueobs
 494567 514787 250237 358949 120608 361735 552515 73892 212993 205616 52469 317467 293654 387597 252695 516296 358380 742168 942051 627588 828172 859565 418607 520667 417249 300574 415391
desembarquepred
 494575 513637 250800 358975 120613 361744 552549 73896.5 213043 205662 52471.6 317529 293698 387617 252684 516249 358400 742065 941812 627439 828219 859556 418610 520683 417241 300570 415392
Reclutas
 187937 111320 102075 174034 136421 246948 100410 42900.8 41476.6 55797.8 104048 142697 118101 82958.1 80228.8 465914 94431.7 703835 413529 314444 466035 627354 126719 384760 320929 132102 263530
log_desv_Rt
 0.121771 -0.401927 -0.488626 0.044918 -0.198592 0.394845 -0.505068 -1.35544 -1.3892 -1.0926 -0.469486 -0.153608 -0.342794 -0.695998 -0.729451 1.02967 -0.566457 1.44221 0.910393 0.636473 1.02993 1.32718 -0.272366 0.838284 0.656885 -0.230762 0.459833
SSB
 2.82067e+06 1.88511e+06 937991 506863 550134 627774 853805 510126 448544 299073 192729 336125 362911 304192 199799 254706 931914 874420 1.75518e+06 1.32583e+06 1.40986e+06 1.75373e+06 1.66879e+06 1.36157e+06 1.91792e+06 1.57142e+06 1.24377e+06
BT
 3.83945e+06 2.63148e+06 1.31095e+06 1.17167e+06 1.00032e+06 1.8522e+06 1.35674e+06 1.00648e+06 856180 630197 594279 867641 917794 924555 791701 1.71488e+06 1.52653e+06 3.95259e+06 3.71113e+06 2.48745e+06 4.004e+06 3.7304e+06 2.66467e+06 4.40878e+06 3.20909e+06 2.67767e+06 3.32122e+06
Ftot
 0.146149 0.266734 0.260708 0.380663 0.131051 0.240708 0.558896 0.0918195 0.359637 0.482064 0.108007 0.470387 0.443523 0.741207 0.504246 0.370199 0.25613 0.243248 0.357775 0.323224 0.244276 0.308102 0.188786 0.157192 0.163875 0.137392 0.182614
BD_Bspro_t
 0.976888 0.830575 0.658534 0.561025 0.549872 0.629346 0.629103 0.454827 0.508214 0.458872 0.420979 0.645966 0.528369 0.437331 0.326741 0.385397 0.585486 0.556496 0.657466 0.560924 0.530173 0.580791 0.595532 0.585538 0.694011 0.700865 0.699531
BD_Bspro
 2.38611 1.59469 0.793484 0.428775 0.46538 0.531059 0.722267 0.431535 0.379441 0.252998 0.163037 0.284342 0.307001 0.257328 0.169018 0.215465 0.788343 0.739707 1.48478 1.12157 1.19266 1.48355 1.4117 1.15181 1.62244 1.32932 1.05216
BD_Bo
 1.54891 1.03517 0.515078 0.278333 0.302095 0.344729 0.468849 0.280125 0.246308 0.16423 0.105833 0.184576 0.199285 0.16704 0.109716 0.139866 0.511741 0.480169 0.963823 0.728049 0.774195 0.963023 0.916383 0.747679 1.05318 0.86291 0.682993
BD_Brms
 11.155 7.45514 3.70951 2.00451 2.17564 2.48268 3.37658 2.01741 1.77388 1.18276 0.762194 1.32929 1.43522 1.203 0.790155 1.00729 3.68548 3.45811 6.9413 5.2433 5.57563 6.93554 6.59965 5.38467 7.58486 6.21455 4.91881
Sel_flota
 0.902804 1 1 1 1
 0.902804 1 1 1 1
 0.902804 1 1 1 1
 0.902804 1 1 1 1
 0.902804 1 1 1 1
 0.902804 1 1 1 1
 0.902804 1 1 1 1
 0.902804 1 1 1 1
 0.902804 1 1 1 1
 0.902804 1 1 1 1
 0.902804 1 1 1 1
 0.902804 1 1 1 1
 0.902804 1 1 1 1
 0.902804 1 1 1 1
 0.902804 1 1 1 1
 0.902804 1 1 1 1
 0.902804 1 1 1 1
 0.902804 1 1 1 1
 0.902804 1 1 1 1
 0.902804 1 1 1 1
 0.902804 1 1 1 1
 0.902804 1 1 1 1
 0.902804 1 1 1 1
 0.902804 1 1 1 1
 0.902804 1 1 1 1
 0.902804 1 1 1 1
 0.902804 1 1 1 1
Sel_reclas
 1 1 1 1 1
 1 1 1 1 1
 1 1 1 1 1
 1 1 1 1 1
 1 1 1 1 1
 1 1 1 1 1
 1 1 1 1 1
 1 1 1 1 1
 1 1 1 1 1
 1 1 1 1 1
 1 1 1 1 1
 1 1 1 1 1
 1 1 1 1 1
 1 1 1 1 1
 1 1 1 1 1
 1 1 1 1 1
 1 1 1 1 1
 1 1 1 1 1
 1 1 1 1 1
 1 1 1 1 1
 1 1 1 1 1
 1 1 1 1 1
 1 1 1 1 1
 1 1 1 1 1
 1 1 1 1 1
 1 1 1 1 1
 1 1 1 1 1
Sel_pelaces
 1 1 1 1 1
 1 1 1 1 1
 1 1 1 1 1
 1 1 1 1 1
 1 1 1 1 1
 1 1 1 1 1
 1 1 1 1 1
 1 1 1 1 1
 1 1 1 1 1
 1 1 1 1 1
 1 1 1 1 1
 1 1 1 1 1
 1 1 1 1 1
 1 1 1 1 1
 1 1 1 1 1
 1 1 1 1 1
 1 1 1 1 1
 1 1 1 1 1
 1 1 1 1 1
 1 1 1 1 1
 1 1 1 1 1
 1 1 1 1 1
 1 1 1 1 1
 1 1 1 1 1
 1 1 1 1 1
 1 1 1 1 1
 1 1 1 1 1
pf_obs 
 0.8446 0.082 0.0669 0.0065 0
 0.8095 0.147 0.0364 0.0071 0
 0.9664 0.0169 0.016 0.0007 0
 0.9276 0.0648 0.0075 0.0001 0
 0.7033 0.2144 0.0806 0.0017 0
 0.9318 0.0425 0.0243 0.0014 0
 0.5671 0.3108 0.0964 0.0239 0.0018
 0.0768 0.2599 0.5324 0.112 0.0189
 0.490249 0.384438 0.106611 0.0170017 0.00170017
 0.7925 0.1577 0.0466 0.003 0.0002
 0.840416 0.127587 0.0312969 0.00059994 9.999e-05
 0.8084 0.0986 0.0794 0.0134 0.0002
 0.7335 0.1905 0.0724 0.0035 0.0001
 0.4001 0.4547 0.1325 0.0127 0
 0.49795 0.308269 0.164784 0.0264974 0.00249975
 0.9179 0.0499 0.0305 0.0017 0
 0.2467 0.6533 0.0926 0.0074 0
 0.9418 0.0223 0.034 0.0019 0
 0.707729 0.231977 0.0356964 0.0245975 0
 0.517169 0.277429 0.184464 0.0207286 0.00020938
 0.811772 0.124168 0.05621 0.00726502 0.000585176
 0.764997 0.148141 0.077277 0.00933861 0.000247198
 0.163321 0.427699 0.378323 0.0303852 0.000271297
 0.753843 0.0900009 0.118128 0.0371064 0.000921714
 0.721811 0.176058 0.0630433 0.0369309 0.00215725
 0.143369 0.312575 0.442814 0.0836902 0.0175525
 0.692698 0.0596174 0.167031 0.0765114 0.00414204
pf_pred 
 0.487595 0.125837 0.363845 0.0227217 7.68639e-07
 0.463373 0.276501 0.0638825 0.184709 0.0115353
 0.587647 0.203195 0.10777 0.024899 0.0764887
 0.767856 0.142953 0.0439507 0.0233103 0.0219299
 0.682778 0.250402 0.0411472 0.0126506 0.0130218
 0.780882 0.154712 0.0508395 0.00835418 0.00521232
 0.503163 0.397534 0.0701148 0.0230402 0.00614828
 0.483525 0.277407 0.191285 0.0337378 0.0140449
 0.571504 0.218702 0.112684 0.0777006 0.0194095
 0.736635 0.158401 0.0535729 0.0276029 0.023788
 0.843912 0.118827 0.0224105 0.00757946 0.00727075
 0.764071 0.202349 0.0255637 0.00482125 0.00319477
 0.713005 0.225799 0.0524857 0.00663075 0.00207921
 0.661106 0.250312 0.0696942 0.0162 0.00268838
 0.766034 0.162243 0.0529761 0.0147501 0.00399754
 0.947306 0.0415735 0.00771172 0.00251806 0.000891114
 0.400787 0.571152 0.0221386 0.00410661 0.00181544
 0.908989 0.039065 0.0495132 0.00191919 0.000513382
 0.625693 0.343679 0.0131466 0.0166627 0.000818637
 0.630589 0.241639 0.117317 0.00448768 0.00596739
 0.76396 0.155401 0.0527474 0.0256092 0.00228224
 0.765742 0.183733 0.033264 0.0112907 0.00597023
 0.341591 0.51793 0.11018 0.0199476 0.0103509
 0.765661 0.086116 0.116598 0.024804 0.00682089
 0.650834 0.27411 0.027582 0.037345 0.0101291
 0.443147 0.376308 0.141736 0.014262 0.0245478
 0.724231 0.129742 0.0986814 0.0371682 0.0101773
pobs_RECLAS
 0 0 0 0 0
 0 0 0 0 0
 0 0 0 0 0
 0 0 0 0 0
 0 0 0 0 0
 0 0 0 0 0
 0 0 0 0 0
 0 0 0 0 0
 0 0 0 0 0
 0 0 0 0 0
 0.991045 0.00858322 0.000360255 1.14367e-05 0
 0.934742 0.0480273 0.0164251 0.00080598 0
 0.827803 0.169806 0.00239088 0 0
 0.941827 0.0461693 0.0120037 0 0
 0.791401 0.0380133 0.147996 0.0225897 0
 0.846168 0.0940531 0.0597789 0 0
 0.134021 0.677848 0.182769 0.00536245 0
 0.80878 0.0450904 0.141981 0.00414843 0
 0.846168 0.0940531 0.0597789 0 0
 0.905697 0.0802665 0.012482 0.00150086 5.37128e-05
 0.989698 0.0102097 9.19794e-05 0 0
 0.975433 0.0193895 0.00387452 0.00125025 5.28907e-05
 0.303575 0.632131 0.0575291 0.00676475 0
 0.966965 0.00978017 0.0227588 0.000495775 0
 0.843318 0.132988 0.00938335 0.0141283 0.000182051
 0.564624 0.303363 0.111486 0.0197234 0.00080311
 0.826376 0.0876187 0.0782897 0.00655872 0.00115652
ppred_RECLAS
 0.513482 0.11948 0.345463 0.0215738 7.29808e-07
 0.489531 0.263022 0.0607685 0.175705 0.010973
 0.612793 0.190804 0.101198 0.0233806 0.0718244
 0.786267 0.131616 0.040465 0.0214616 0.0201907
 0.704743 0.233064 0.0382981 0.0117747 0.0121202
 0.798252 0.142448 0.0468094 0.00769194 0.00479914
 0.530357 0.375775 0.066277 0.0217791 0.00581176
 0.509279 0.263574 0.181747 0.0320554 0.0133446
 0.597255 0.205559 0.105912 0.0730313 0.0182431
 0.757 0.146153 0.0494302 0.0254684 0.0219485
 0.857028 0.108842 0.0205273 0.00694255 0.00665978
 0.782911 0.186191 0.0235223 0.00443625 0.00293966
 0.73443 0.208943 0.0485674 0.00613574 0.00192399
 0.685734 0.232121 0.0646294 0.0150227 0.00249301
 0.784846 0.149197 0.0487165 0.0135641 0.00367612
 0.952361 0.0375848 0.00697183 0.00227647 0.000805618
 0.426188 0.546941 0.0212001 0.00393253 0.00173848
 0.917282 0.0355056 0.0450018 0.00174432 0.000466606
 0.650175 0.321201 0.0122867 0.0155729 0.000765094
 0.654826 0.225785 0.10962 0.00419324 0.00557586
 0.782304 0.143324 0.0486481 0.023619 0.00210487
 0.784116 0.169322 0.030655 0.0104051 0.00550197
 0.365355 0.499237 0.106203 0.0192276 0.00997735
 0.78375 0.0794687 0.107598 0.0228894 0.00629438
 0.674028 0.255902 0.0257498 0.0348643 0.00945625
 0.468811 0.358964 0.135203 0.0136047 0.0234164
 0.744501 0.120206 0.091428 0.0344363 0.00942926
pobs_PELACES
 0 0 0 0 0
 0 0 0 0 0
 0 0 0 0 0
 0 0 0 0 0
 0 0 0 0 0
 0 0 0 0 0
 0 0 0 0 0
 0 0 0 0 0
 0 0 0 0 0
 0 0 0 0 0
 0 0 0 0 0
 0 0 0 0 0
 0 0 0 0 0
 0 0 0 0 0
 0 0 0 0 0
 0 0 0 0 0
 0.505614 0.472636 0.0217494 0 0
 0 0 0 0 0
 0.443492 0.261883 0.143347 0.151278 0
 0.227955 0.32914 0.350689 0.0885471 0.00366901
 0.970185 0.0296113 0.000203453 0 0
 0.997202 0.00247181 0.000326279 0 0
 0.445219 0.490057 0.0546422 0.010081 0
 0.90214 0.0892962 0.00764917 0.000914606 0
 0 0 0 0 0
 0.581667 0.319106 0.0959925 0.00289975 0.000334073
 0.762889 0.0836404 0.116647 0.0363945 0.000428098
ppred_PELACES
 0.514653 0.119193 0.344632 0.0215219 7.28051e-07
 0.491669 0.261921 0.0605139 0.174969 0.010927
 0.614775 0.189827 0.10068 0.0232609 0.0714567
 0.788312 0.130356 0.0400779 0.0212563 0.0199975
 0.705617 0.232374 0.0381848 0.0117398 0.0120843
 0.799492 0.141572 0.0465216 0.00764465 0.00476963
 0.53482 0.372204 0.0656473 0.0215722 0.00575653
 0.510015 0.263179 0.181474 0.0320074 0.0133245
 0.600026 0.204144 0.105183 0.0725287 0.0181175
 0.759833 0.144449 0.0488539 0.0251715 0.0216926
 0.857452 0.108519 0.0204665 0.00692196 0.00664003
 0.785464 0.184001 0.0232457 0.00438407 0.00290508
 0.737196 0.206767 0.0480617 0.00607185 0.00190395
 0.690834 0.228354 0.0635804 0.0147789 0.00245254
 0.787564 0.147312 0.048101 0.0133927 0.00362967
 0.952897 0.0371621 0.00689341 0.00225086 0.000796556
 0.428198 0.545025 0.0211258 0.00391875 0.00173239
 0.917872 0.0352523 0.0446808 0.00173188 0.000463277
 0.65278 0.318808 0.0121952 0.0154569 0.000759395
 0.657166 0.224254 0.108877 0.00416482 0.00553807
 0.783635 0.142448 0.0483506 0.0234745 0.002092
 0.785784 0.168014 0.0304182 0.0103247 0.00545945
 0.36676 0.498132 0.105968 0.019185 0.00995525
 0.784603 0.0791551 0.107173 0.022799 0.00626955
 0.675182 0.254996 0.0256587 0.0347409 0.00942278
 0.469909 0.358223 0.134924 0.0135766 0.023368
 0.745613 0.119682 0.0910299 0.0342863 0.0093882
pobs_pel_tallas
 0 0 0 0 0 0 0 0 0 0 0 0 0 0 0 0 0 0 0 0 0 0 0 0 0 0
 0 0 0 0 0 0 0 0 0 0 0 0 0 0 0 0 0 0 0 0 0 0 0 0 0 0
 0 0 0 0 0 0 0 0 0 0 0 0 0 0 0 0 0 0 0 0 0 0 0 0 0 0
 0 0 0 0 0 0 0 0 0 0 0 0 0 0 0 0 0 0 0 0 0 0 0 0 0 0
 0 0 0 0 0 0 0 0 0 0 0 0 0 0 0 0 0 0 0 0 0 0 0 0 0 0
 0 0 0 0 0 0 0 0 0 0 0 0 0 0 0 0 0 0 0 0 0 0 0 0 0 0
 0 0 0 0 0 0 0 0 0 0 0 0 0 0 0 0 0 0 0 0 0 0 0 0 0 0
 0 0 0 0 0 0 0 0 0 0 0 0 0 0 0 0 0 0 0 0 0 0 0 0 0 0
 0 0 0 0 0 0 0 0 0 0 0 0 0 0 0 0 0 0 0 0 0 0 0 0 0 0
 0 0 0 0 0 0 0 0 0 0 0 0 0 0 0 0 0 0 0 0 0 0 0 0 0 0
 0 0 0 0 0 0 0 0 0 0 0 0 0 0 0 0 0 0 0 0 0 0 0 0 0 0
 0 0 0 0 0 0 0 0 0 0 0 0 0 0 0 0 0 0 0 0 0 0 0 0 0 0
 0.00862536 0 0 0.000197151 0.00414017 0.0128641 0.00837892 0.0270097 0.101434 0.158115 0.152841 0.127902 0.109271 0.109419 0.0830992 0.0579132 0.0238553 0.00714673 0.00463305 0.00128148 0.00103504 0.000492878 0.000147863 0.000147863 4.92878e-05 0
 0 0 0 0 0 0 0 0 0 0 0 0 0 0 0 0 0 0 0 0 0 0 0 0 0 0
 0 0 0 0 0 0 0 0.0054083 0.00873648 0.0413646 0.0450493 0.0745869 0.0622846 0.0627006 0.0613931 0.0827291 0.12552 0.122667 0.0946155 0.0697135 0.0546179 0.0294188 0.0215738 0.0213955 0.0102223 0.00600262
 0 0 0 0 0.00359764 0.0251062 0.0480494 0.140153 0.205849 0.193036 0.1447 0.116669 0.0760912 0.0342217 0.00950174 0.001854 0.000860785 0 0 0 0.000165536 0 0.000143464 0 0 0
 0 0 0 0 0 0 0 0.000145254 0.000435761 0.0275982 0.070085 0.0708112 0.156366 0.174668 0.174014 0.160142 0.0824315 0.0480064 0.0283245 0.00493863 0.00203355 0 0 0 0 0
 0 0 0 0 0 0 0 0 0 0 0 0 0 0 0 0 0 0 0 0 0 0 0 0 0 0
 0 0 1.00437e-05 0.000401748 0.00122533 0.00171747 0.00176769 0.0269171 0.070346 0.194647 0.189555 0.159765 0.064822 0.0314167 0.0384472 0.0292271 0.0345202 0.0313363 0.0194345 0.0106764 0.0143323 0.0359363 0.0279516 0.0138201 0.00172751 0
 0 0.0021121 0.0136068 0.0755702 0.200478 0.177729 0.0527432 0.0373336 0.0318909 0.0142505 0.0149659 0.0166563 0.0217959 0.0798694 0.0677717 0.0528807 0.04013 0.0224614 0.0357745 0.0225083 0.00881397 0.00855152 0.00135912 0.000746735 0 0
 0 0 0 0 5.4009e-05 0.00500934 0.000945158 0.0243581 0.138947 0.33067 0.221406 0.137944 0.0707744 0.0437923 0.0131692 0.00525238 0.0047753 0.00276346 9.45158e-05 9.00151e-06 2.25038e-05 9.00151e-06 4.50075e-06 0 0 0
 0.000866109 0.00284123 0.00948549 0.0512746 0.133035 0.25785 0.225252 0.132002 0.0553304 0.0519788 0.0540692 0.017754 0.00435017 0.00159236 0.00146478 0.000404838 0.000125132 0.000115318 0.000107957 0.000100596 0 0 0 0 0 0
 0 0 0 0 0.00144013 0.00171154 0.00461396 0.0210425 0.0478622 0.0707936 0.0888783 0.103762 0.0637923 0.0337046 0.0602308 0.124433 0.169614 0.0934646 0.0462172 0.0250306 0.0313229 0.00938855 0.002487 0.000210481 0 0
 0 0.00764035 0.051015 0.0998891 0.058973 0.0496711 0.0374665 0.0718981 0.12319 0.153886 0.159021 0.0857701 0.0377988 0.023471 0.0147837 0.00900784 0.00315554 0.000888139 0.00291439 0.00214683 0.00393193 0.00274676 0.000635225 9.99891e-05 0 0
 0 0 0 0 0 0 0 0 0 0 0 0 0 0 0 0 0 0 0 0 0 0 0 0 0 0
 0 0 0 0 0 0 0 0 0 0 0 0 0 0 0 0 0 0 0 0 0 0 0 0 0 0
 0 0 0 0 0 0 0 0 0 0 0 0 0 0 0 0 0 0 0 0 0 0 0 0 0 0
ppred_pel_tallas
 1.12135e-16 4.23913e-05 0.000412059 0.00273828 0.0124478 0.0387298 0.0825184 0.120441 0.120453 0.0825773 0.038929 0.0130296 0.00422313 0.00373461 0.00658963 0.0114438 0.017914 0.0255028 0.0336187 0.04181 0.0497143 0.0566908 0.0615597 0.0628832 0.059718 0.0522796
 1.2121e-16 4.04982e-05 0.000393657 0.00261599 0.0118919 0.0370003 0.078834 0.115066 0.115091 0.0789579 0.0374166 0.0130956 0.00564315 0.00702159 0.0126889 0.0210823 0.0307905 0.0396845 0.0457007 0.0480903 0.0479316 0.0473505 0.0480269 0.0501364 0.0524077 0.0530413
 1.1738e-16 5.06383e-05 0.000492222 0.00327099 0.0148695 0.0462645 0.098572 0.143873 0.143891 0.0986622 0.0465675 0.0157464 0.005479 0.00533521 0.0093167 0.0155049 0.0227691 0.0295825 0.0344452 0.0367443 0.0371159 0.0369251 0.0372756 0.0383385 0.0394124 0.039496
 1.06706e-16 6.49322e-05 0.000631164 0.00419431 0.0190667 0.0593237 0.126396 0.184481 0.184494 0.126458 0.0595308 0.0196653 0.00569913 0.00392379 0.00634105 0.0104417 0.0151841 0.0194195 0.0220345 0.022551 0.0214104 0.0196431 0.0181868 0.0173891 0.0169929 0.0164773
 1.04384e-16 5.81208e-05 0.000564955 0.00375433 0.0170666 0.0531008 0.113138 0.165132 0.165155 0.113247 0.0534685 0.0181289 0.00642126 0.00638901 0.0111255 0.0183182 0.0264252 0.0333252 0.0369 0.0361861 0.0319471 0.026142 0.0207297 0.0167405 0.0141537 0.0123828
 1.02953e-16 6.58531e-05 0.000640116 0.0042538 0.0193372 0.0601651 0.128189 0.187098 0.187112 0.128256 0.0603899 0.0199869 0.0058868 0.00421182 0.0068693 0.0113047 0.0164015 0.0208829 0.0234871 0.023624 0.0216984 0.0187822 0.015914 0.013591 0.0117524 0.0101012
 1.05128e-16 4.40525e-05 0.000428206 0.00284558 0.0129356 0.0402477 0.0857533 0.125167 0.125203 0.0859287 0.0408368 0.0146374 0.00711845 0.00975993 0.0177786 0.0293536 0.0423558 0.0534241 0.0591574 0.0579881 0.0510992 0.0415811 0.0325355 0.0256131 0.0208359 0.0173721
 1.1077e-16 4.20093e-05 0.000408346 0.0027136 0.0123357 0.0383809 0.0817756 0.119359 0.119385 0.0819008 0.038802 0.0135548 0.00578505 0.00715086 0.0129575 0.0216431 0.031848 0.0414625 0.0483261 0.0513968 0.0512441 0.0493919 0.0470987 0.0446215 0.0414341 0.0369823
 1.13428e-16 4.94234e-05 0.000480413 0.00319252 0.0145127 0.0451546 0.0962073 0.140422 0.140441 0.0963042 0.0454804 0.0154558 0.00556718 0.00568903 0.0100153 0.0166758 0.0244885 0.0318103 0.0370141 0.0394074 0.0396134 0.0390105 0.0386878 0.0387655 0.0385193 0.0370355
 1.07643e-16 6.25865e-05 0.000608363 0.00404279 0.0183779 0.0571806 0.12183 0.177817 0.177831 0.121898 0.0574102 0.0190418 0.00571199 0.00426185 0.00703001 0.0116002 0.0168908 0.0216458 0.0246409 0.0253491 0.0242504 0.0224637 0.0209945 0.0201944 0.0197579 0.0191076
 1.02437e-16 7.06272e-05 0.000686522 0.00456218 0.020739 0.0645268 0.137482 0.200661 0.200671 0.137533 0.0646986 0.0212354 0.00580877 0.00340964 0.00524774 0.00857834 0.0123858 0.0156524 0.0173946 0.0171677 0.015327 0.012776 0.0104085 0.00867922 0.00755422 0.00674482
 1.0165e-16 6.46977e-05 0.000628885 0.00417916 0.0189979 0.0591095 0.12594 0.183816 0.183834 0.126026 0.0594004 0.0198379 0.00628761 0.00523089 0.0088025 0.014444 0.0207868 0.0261102 0.0287051 0.0277825 0.0239389 0.018748 0.0138198 0.0100589 0.00754705 0.00590271
 1.02372e-16 6.07219e-05 0.000590238 0.00392234 0.0178304 0.0554771 0.118201 0.172521 0.172541 0.118298 0.0558047 0.0187769 0.00629952 0.00578413 0.009938 0.0163674 0.0236504 0.0299026 0.0332362 0.0327658 0.0291082 0.0239193 0.0188607 0.0148182 0.0118265 0.00949896
 1.03791e-16 5.69032e-05 0.000553119 0.00367567 0.0167091 0.0519883 0.110767 0.161673 0.161695 0.110875 0.0523504 0.0177558 0.00630554 0.00630234 0.0109998 0.0181578 0.0262988 0.0333795 0.0373469 0.0372416 0.0337346 0.0286027 0.0235911 0.0195713 0.0164905 0.013878
 1.03384e-16 6.48707e-05 0.000630566 0.00419033 0.0190487 0.0592675 0.126276 0.184307 0.184321 0.126346 0.0595014 0.0197248 0.00588987 0.0043481 0.00714704 0.0117704 0.0170846 0.0217692 0.0245191 0.0247286 0.0228254 0.0199239 0.0170935 0.0148273 0.0130302 0.0113646
 1.0057e-16 7.84889e-05 0.00076294 0.00507 0.0230475 0.0717094 0.152784 0.222994 0.222998 0.152802 0.0717682 0.0232175 0.00549676 0.00169506 0.00185025 0.00293856 0.00423486 0.0053453 0.0059269 0.00582364 0.00515355 0.00422389 0.00334184 0.00266903 0.00220459 0.00186339
 1.01436e-16 3.52702e-05 0.000342839 0.00227829 0.0103568 0.0322242 0.0686589 0.100221 0.100273 0.0689151 0.0330841 0.0128394 0.00850547 0.0139219 0.0257803 0.0424486 0.0608739 0.0759783 0.0826109 0.0783966 0.0651823 0.0478564 0.0315267 0.0192219 0.0114236 0.00704423
 1.01551e-16 7.56039e-05 0.000734897 0.00488365 0.0222004 0.0690736 0.147169 0.214798 0.214801 0.147186 0.0691306 0.0223658 0.00530201 0.00165789 0.00185689 0.00302383 0.00451942 0.0060372 0.00730646 0.00818049 0.00868021 0.00890466 0.00889452 0.00858329 0.00787467 0.00676103
 1.02113e-16 5.37687e-05 0.000522651 0.0034732 0.0157887 0.0491246 0.104666 0.15277 0.152801 0.104816 0.0496277 0.0172412 0.0071169 0.00846914 0.0151231 0.024858 0.0356686 0.044575 0.048586 0.0463396 0.0389374 0.0292399 0.0202025 0.013526 0.00939483 0.00707765
 1.04555e-16 5.41299e-05 0.000526162 0.00349653 0.0158947 0.0494546 0.105369 0.153794 0.153815 0.105475 0.0498117 0.0169277 0.00609494 0.00621717 0.0109169 0.0181037 0.0264015 0.0338788 0.0385738 0.0395327 0.0372963 0.0333809 0.0292201 0.0254458 0.0219418 0.0183766
 1.0414e-16 6.4547e-05 0.00062742 0.00416943 0.0189536 0.0589718 0.125646 0.183387 0.183401 0.125714 0.0591981 0.0196079 0.0058144 0.00422682 0.00692541 0.011413 0.0165912 0.0211974 0.0239893 0.0244006 0.0228539 0.0204162 0.0180822 0.0162644 0.0147959 0.0132885
 1.02881e-16 6.4724e-05 0.000629141 0.00418086 0.0190056 0.0591336 0.125991 0.183891 0.183907 0.12607 0.0593995 0.0197739 0.00611013 0.00484295 0.00807408 0.0132632 0.019142 0.0241625 0.0267939 0.0263361 0.0233296 0.0191705 0.0152523 0.0123034 0.0103087 0.00886462
 1.06795e-16 3.02097e-05 0.000293649 0.0019514 0.00887081 0.0276007 0.0588079 0.0858419 0.08589 0.0590428 0.0283895 0.0111501 0.00767558 0.0127987 0.0238063 0.0393785 0.0568861 0.0718756 0.0798097 0.0785762 0.0697057 0.0572465 0.0452546 0.0358802 0.0291632 0.0240741
 1.06461e-16 6.46267e-05 0.000628195 0.00417458 0.018977 0.0590446 0.125801 0.183612 0.18362 0.125839 0.059173 0.01935 0.00511844 0.00271393 0.00410007 0.00687044 0.0103463 0.0139664 0.0171833 0.0197202 0.0216521 0.0231778 0.024295 0.0246939 0.0239639 0.0219143
 1.05885e-16 5.56139e-05 0.000540587 0.00359239 0.0163305 0.0508104 0.108258 0.158011 0.158035 0.108378 0.0512135 0.0174948 0.00651499 0.00692061 0.0121729 0.0200396 0.0288762 0.0363567 0.0401676 0.0392882 0.0346206 0.0283908 0.0227999 0.0189649 0.0167656 0.0154024
 1.09302e-16 3.87058e-05 0.000376235 0.00250021 0.0113656 0.0353629 0.0753456 0.109976 0.110011 0.075515 0.0359321 0.0130116 0.00663843 0.00943165 0.0173001 0.0287056 0.0417367 0.0533002 0.060245 0.0610929 0.0568465 0.0501515 0.043537 0.0381574 0.0337837 0.0296378
 1.07685e-16 6.14152e-05 0.000596978 0.00396713 0.018034 0.0561105 0.11955 0.174489 0.1745 0.119607 0.0563024 0.0185899 0.00536893 0.00367803 0.00597468 0.00994302 0.0147019 0.0193031 0.0228163 0.0248174 0.0255862 0.0257803 0.0258653 0.0257893 0.0251205 0.0234469
pSPR Fmed_Fpbrs
0.597196   0.188853 0.188853
Fs Fmed_Fpbrs
0.263255   1.005 1.005
SSBpbr Bo_Bmed_Bpbrs
1.82107e+06  996480  252861 252861
Ro
166390
SPR SPRFo_SPRFmed_SPRFpbrs
1.18212e+06 705956 223247
Fref
1.005
Nvult_r0
 181318 29771.9 22644.3 8528.97 2335.38
CTP_r0
 25662.1 4597.24 3496.64 1317.01 360.62
YTP_r0
415392
Np
 331632 49240.2 11070.7 1771.67 1528.98
Nvult_p0
 282392 42609.5 9579.93 1533.09 1323.09
CTP_p0
 134335 35659.4 5706.64 4340.44 2135.86
 134335 21357.9 4801.91 768.458 663.192
YTP_p0
 1.89668e+06 1.49692e+06
CBA_c0
1.77675e+06
log_Ro
11.8421
likeval ReclasPelacesDesembMPH_pf_preclas_ppelaces_ptallas_desvR_qrecl_qpela
 12.2081 17.7468 0.0520362 0.00260977 196.213 90.3195 69.3293 0 22.4954 0 0 0.266922 0 0 0
q_reclas_q_pelaces
1 1
M
1
N
 187937 44041.9 127342 7952.38 0.269017
 111320 60591.9 13999.1 40476.9 2527.82
 102075 32188.2 17071.8 3944.25 12116.6
 174034 29676.1 9123.85 4839.06 4552.5
 136421 45403.5 7460.91 2293.84 2361.15
 246948 44586.4 14651.4 2407.59 1502.14
 100410 73102.8 12893.5 4236.89 1130.61
 42900.8 22302.4 15378.5 2712.37 1129.15
 41476.6 14526.8 7484.79 5161.11 1289.24
 55797.8 11028.1 3729.82 1921.75 1656.15
 104048 13283.5 2505.24 847.296 812.786
 142697 34720.8 4386.44 827.271 548.187
 118101 34331.4 7980.11 1008.16 316.13
 82958.1 29111.3 8105.45 1884.06 312.659
 80228.8 15629.7 5103.46 1420.96 385.104
 465914 18721 3472.68 1133.91 401.279
 94431.7 122705 4756.2 882.256 390.025
 703835 27567.6 34940.8 1354.35 362.287
 413529 207875 7951.76 10078.5 495.156
 314444 110137 53472.3 2045.45 2719.89
 466035 86401 29326.8 14238.4 1268.89
 627354 137514 24896.4 8450.51 4468.41
 126719 174750 37174.6 6730.31 3492.4
 384760 39312.1 53227.1 11323 3113.74
 320929 122818 12358.4 16732.9 4538.46
 132102 101827 38352.9 3859.22 6642.49
 263530 42928.4 32651.2 12298 3367.42
pred_Ctot
 14843.8 3830.84 11076.5 691.712 0.0233995
 15357.4 9163.96 2117.23 6121.75 382.309
 13793.8 4769.58 2529.66 584.451 1795.41
 32899.4 6124.94 1883.1 998.749 939.605
 9715.73 3563.15 585.513 180.015 185.297
 31034.6 6148.7 2020.51 332.02 207.153
 26194.3 20695.3 3650.13 1199.46 320.075
 2172.01 1246.12 859.259 151.551 63.0902
 7462.97 2855.91 1471.48 1014.65 253.458
 12891.9 2772.2 937.584 483.081 416.316
 6159.38 867.274 163.566 55.3195 53.0663
 32301.9 8554.54 1080.73 203.824 135.063
 25444.4 8057.92 1873.01 236.626 74.199
 26991.8 10219.8 2845.49 661.418 109.762
 19241.2 4075.21 1330.65 370.493 100.41
 85972.8 3773.01 699.878 228.527 80.8732
 12557.6 17895.5 693.652 128.67 56.8819
 89303.8 3837.95 4864.43 188.551 50.4374
 74070.8 40685.4 1556.32 1972.57 96.9118
 51513 19739.6 9583.69 366.6 487.478
 59359.1 12074.6 4098.43 1989.81 177.328
 98496.9 23633.4 4278.73 1452.32 767.946
 12728 19298.5 4105.38 743.262 385.684
 32553.2 3661.35 4957.34 1054.58 290.001
 28237.7 11892.8 1196.7 1620.29 439.471
 9840.3 8356.1 3147.32 316.695 545.096
 25662.1 4597.24 3496.64 1317.01 360.62
F
 0.131943 0.146149 0.146149 0.146149 0.146149
 0.240808 0.266734 0.266734 0.266734 0.266734
 0.235368 0.260708 0.260708 0.260708 0.260708
 0.343664 0.380663 0.380663 0.380663 0.380663
 0.118314 0.131051 0.131051 0.131051 0.131051
 0.217312 0.240708 0.240708 0.240708 0.240708
 0.504573 0.558896 0.558896 0.558896 0.558896
 0.0828949 0.0918195 0.0918195 0.0918195 0.0918195
 0.324682 0.359637 0.359637 0.359637 0.359637
 0.435209 0.482064 0.482064 0.482064 0.482064
 0.0975089 0.108007 0.108007 0.108007 0.108007
 0.424667 0.470387 0.470387 0.470387 0.470387
 0.400414 0.443523 0.443523 0.443523 0.443523
 0.669164 0.741207 0.741207 0.741207 0.741207
 0.455235 0.504246 0.504246 0.504246 0.504246
 0.334217 0.370199 0.370199 0.370199 0.370199
 0.231235 0.25613 0.25613 0.25613 0.25613
 0.219605 0.243248 0.243248 0.243248 0.243248
 0.323 0.357775 0.357775 0.357775 0.357775
 0.291808 0.323224 0.323224 0.323224 0.323224
 0.220533 0.244276 0.244276 0.244276 0.244276
 0.278156 0.308102 0.308102 0.308102 0.308102
 0.170437 0.188786 0.188786 0.188786 0.188786
 0.141913 0.157192 0.157192 0.157192 0.157192
 0.147947 0.163875 0.163875 0.163875 0.163875
 0.124038 0.137392 0.137392 0.137392 0.137392
 0.164865 0.182614 0.182614 0.182614 0.182614
YTP_r0W_actual
 212996 73096.2 81122.1 36349.4 11828.3
YTP_p0W_proyectada
 1.00617e+06 558783 131995 127479 72256.1
 1.00617e+06 334678 111068 22569.6 22435.8
CTP_r0_actual
 25662.1 4597.24 3496.64 1317.01 360.62
CTP_p0_proyectada
 134335 35659.4 5706.64 4340.44 2135.86
 134335 21357.9 4801.91 768.458 663.192
Wmedp
 7.49 15.67 23.13 29.37 33.83
Frms_r0
 0.164865 0.182614 0.182614 0.182614 0.182614
Zrms_r0
 1.16486 1.18261 1.18261 1.18261 1.18261
nmprior
 8.19 8.8 8.5 0
nm_flota  nm_reclas  nm_pelaces    nm_pelaL
inf 10.1562 17.1079 12.8789
cv_recla  cv_pelaces  cv_mph
0.3494 0.565193 1.57655
 ------------------------------------------------
Talla a la edad & desviaci?n 
 8 13.2811 15.8009 17.003 17.5766
 0.8 1.32811 1.58009 1.7003 1.75766
