years
 1991 1992 1993 1994 1995 1996 1997 1998 1999 2000 2001 2002 2003 2004 2005 2006 2007 2008 2009 2010 2011 2012 2013 2014 2015 2016 2017
reclasobs
 0 0 0 0 0 0 0 0 0 252601 567819 844713 477998 351125 339783 2.1784e+06 2.13404e+06 4.81314e+06 1.55562e+06 2.62356e+06 3.21686e+06 3.843e+06 1.13348e+06 3.07943e+06 1.97215e+06 2.03268e+06 2.025e+06
reclaspred
 3.17388e+06 1.74861e+06 876116 917016 929131 1.65211e+06 949635 800563 562780 376708 503703 689105 672083 495215 479553 1.36926e+06 1.19681e+06 3.13174e+06 2.48299e+06 1.80377e+06 3.12573e+06 2.57926e+06 1.94564e+06 3.11808e+06 2.3219e+06 1.96902e+06 2.06045e+06
pelacesobs
 0 0 0 0 0 0 0 0 0 0 0 0 0 0 0 552880 188675 0 991730 2.46772e+06 1.41603e+06 1.21717e+06 2.29649e+06 1.80582e+06 0 1.4828e+06 1.56532e+06
pelacespred
 1.73974e+06 1.04709e+06 513298 439956 484587 891719 456112 505072 326402 200051 288476 325233 351404 261684 263026 636862 571191 1.73703e+06 1.39813e+06 930267 1.61169e+06 1.39633e+06 1.0847e+06 1.91292e+06 1.36755e+06 1.16386e+06 1.36652e+06
mphobs
 0 0 0 0 0 0 0 0 0 0 0 498337 0 5186 125008 0 168611 109162 213762 579715 649985 157893 87575 83554 0 0 0
mphpred
 485847 325931 157818 86293.3 96700.6 116695 166069 90659.8 80180.3 49717.4 29999 61322.8 65912.6 53750.1 32442.2 40879.9 153693 133090 313982 219134 230839 283542 273211 216722 317031 260954 202551
desembarqueobs
 494567 514787 250237 358949 120608 361735 552515 73892 212993 205616 52469 317467 293654 387597 252695 516296 358380 742168 942051 627588 828172 859565 418607 520667 417249 300574 415391
desembarquepred
 494572 513862 250681 358976 120613 361739 552534 73897 213052 205669 52471.8 317525 293685 387575 252671 516229 358403 742023 941743 627372 828237 859526 418601 520683 417229 300568 415392
Reclutas
 169490 98612.8 91068.9 148746 116689 221184 86911.4 35133 34584.4 46726 86585.5 127561 105667 74382.3 67002 367641 70088.1 595218 329555 264787 361745 509984 97538 291809 250312 98472.5 192805
log_desv_Rt
 0.207966 -0.333626 -0.413211 0.0774106 -0.165315 0.474167 -0.459938 -1.36569 -1.38142 -1.08053 -0.463695 -0.0762313 -0.264532 -0.615609 -0.720105 0.98228 -0.675074 1.4641 0.872917 0.654097 0.966112 1.30955 -0.344585 0.751273 0.597882 -0.33505 0.33685
SSB
 1.98077e+06 1.3288e+06 643414 351812 394242 475756 677051 369614 326890 202695 122304 250009 268721 219136 132265 166665 626595 542598 1.28008e+06 893396 941116 1.15598e+06 1.11387e+06 883563 1.29251e+06 1.06389e+06 825790
BT
 2.80831e+06 1.9418e+06 946598 910111 767615 1.55936e+06 1.11806e+06 769228 664462 476546 450062 719150 758220 770490 623055 1.31609e+06 1.06999e+06 3.11257e+06 2.84685e+06 1.84428e+06 2.94278e+06 2.73293e+06 1.86481e+06 3.17762e+06 2.27731e+06 1.88049e+06 2.34352e+06
Ftot
 0.203891 0.37513 0.368333 0.524531 0.176418 0.304191 0.723879 0.124748 0.498434 0.705257 0.150057 0.614688 0.581892 1.00214 0.719134 0.537973 0.389703 0.338455 0.500742 0.464836 0.361811 0.450582 0.281567 0.234983 0.241113 0.202765 0.278129
BD_Bspro_t
 0.967904 0.774933 0.565725 0.4609 0.458931 0.555555 0.56824 0.375659 0.42764 0.363858 0.315805 0.574082 0.452323 0.357918 0.243151 0.291104 0.487136 0.439549 0.581411 0.462491 0.428575 0.476501 0.493895 0.475138 0.601821 0.611111 0.604797
BD_Bspro
 2.02523 1.35863 0.657857 0.359709 0.403092 0.486436 0.692249 0.377911 0.334228 0.207245 0.125049 0.255621 0.274754 0.224055 0.135234 0.170406 0.64066 0.554778 1.30882 0.91345 0.962242 1.18193 1.13887 0.903397 1.32153 1.08777 0.844327
BD_Bo
 1.31637 0.883088 0.427597 0.233806 0.262004 0.316176 0.449952 0.245637 0.217243 0.134706 0.0812802 0.16615 0.178586 0.145632 0.0878999 0.110761 0.416419 0.360597 0.850713 0.593729 0.625442 0.768239 0.740247 0.587194 0.858973 0.707037 0.548799
BD_Brms
 8.68039 5.82325 2.81966 1.54176 1.7277 2.08493 2.96707 1.61978 1.43254 0.888277 0.535978 1.09563 1.17763 0.960328 0.579629 0.730381 2.74595 2.37785 5.60977 3.91516 4.12429 5.06592 4.88134 3.87207 5.66423 4.66234 3.61889
Sel_flota
 0.837574 1 1 1 1
 0.837574 1 1 1 1
 0.837574 1 1 1 1
 0.837574 1 1 1 1
 0.837574 1 1 1 1
 0.837574 1 1 1 1
 0.837574 1 1 1 1
 0.837574 1 1 1 1
 0.837574 1 1 1 1
 0.837574 1 1 1 1
 0.837574 1 1 1 1
 0.837574 1 1 1 1
 0.837574 1 1 1 1
 0.837574 1 1 1 1
 0.837574 1 1 1 1
 0.837574 1 1 1 1
 0.837574 1 1 1 1
 0.837574 1 1 1 1
 0.837574 1 1 1 1
 0.837574 1 1 1 1
 0.837574 1 1 1 1
 0.837574 1 1 1 1
 0.837574 1 1 1 1
 0.837574 1 1 1 1
 0.837574 1 1 1 1
 0.837574 1 1 1 1
 0.837574 1 1 1 1
Sel_reclas
 1 1 1 1 1
 1 1 1 1 1
 1 1 1 1 1
 1 1 1 1 1
 1 1 1 1 1
 1 1 1 1 1
 1 1 1 1 1
 1 1 1 1 1
 1 1 1 1 1
 1 1 1 1 1
 1 1 1 1 1
 1 1 1 1 1
 1 1 1 1 1
 1 1 1 1 1
 1 1 1 1 1
 1 1 1 1 1
 1 1 1 1 1
 1 1 1 1 1
 1 1 1 1 1
 1 1 1 1 1
 1 1 1 1 1
 1 1 1 1 1
 1 1 1 1 1
 1 1 1 1 1
 1 1 1 1 1
 1 1 1 1 1
 1 1 1 1 1
Sel_pelaces
 0.962352 1 1 1 1
 0.962352 1 1 1 1
 0.962352 1 1 1 1
 0.962352 1 1 1 1
 0.962352 1 1 1 1
 0.962352 1 1 1 1
 0.962352 1 1 1 1
 0.962352 1 1 1 1
 0.962352 1 1 1 1
 0.962352 1 1 1 1
 0.962352 1 1 1 1
 0.962352 1 1 1 1
 0.962352 1 1 1 1
 0.962352 1 1 1 1
 0.962352 1 1 1 1
 0.962352 1 1 1 1
 0.962352 1 1 1 1
 0.962352 1 1 1 1
 0.962352 1 1 1 1
 0.962352 1 1 1 1
 0.962352 1 1 1 1
 0.962352 1 1 1 1
 0.962352 1 1 1 1
 0.962352 1 1 1 1
 0.962352 1 1 1 1
 0.962352 1 1 1 1
 0.962352 1 1 1 1
pf_obs 
 0.8446 0.082 0.0669 0.0065 0
 0.8095 0.147 0.0364 0.0071 0
 0.9664 0.0169 0.016 0.0007 0
 0.9276 0.0648 0.0075 0.0001 0
 0.7033 0.2144 0.0806 0.0017 0
 0.9318 0.0425 0.0243 0.0014 0
 0.5671 0.3108 0.0964 0.0239 0.0018
 0.0768 0.2599 0.5324 0.112 0.0189
 0.490249 0.384438 0.106611 0.0170017 0.00170017
 0.7925 0.1577 0.0466 0.003 0.0002
 0.840416 0.127587 0.0312969 0.00059994 9.999e-05
 0.8084 0.0986 0.0794 0.0134 0.0002
 0.7335 0.1905 0.0724 0.0035 0.0001
 0.4001 0.4547 0.1325 0.0127 0
 0.49795 0.308269 0.164784 0.0264974 0.00249975
 0.9179 0.0499 0.0305 0.0017 0
 0.2467 0.6533 0.0926 0.0074 0
 0.9418 0.0223 0.034 0.0019 0
 0.707729 0.231977 0.0356964 0.0245975 0
 0.517169 0.277429 0.184464 0.0207286 0.00020938
 0.811772 0.124168 0.05621 0.00726502 0.000585176
 0.764997 0.148141 0.077277 0.00933861 0.000247198
 0.163321 0.427699 0.378323 0.0303852 0.000271297
 0.753843 0.0900009 0.118128 0.0371064 0.000921714
 0.721811 0.176058 0.0630433 0.0369309 0.00215725
 0.143369 0.312575 0.442814 0.0836902 0.0175525
 0.692698 0.0596174 0.167031 0.0765114 0.00414204
pf_pred 
 0.524658 0.135975 0.317665 0.0217006 7.94132e-07
 0.479909 0.298218 0.0634685 0.148275 0.0101295
 0.611205 0.207396 0.104013 0.0221367 0.0552488
 0.775518 0.148295 0.0406405 0.020382 0.0151641
 0.695079 0.247906 0.0376647 0.0103221 0.00902817
 0.78938 0.154729 0.0454408 0.00690389 0.00354687
 0.497575 0.41287 0.0657907 0.0193214 0.00444366
 0.488032 0.2868 0.185032 0.0294849 0.0106506
 0.578716 0.225503 0.109675 0.0707578 0.0153481
 0.755085 0.15501 0.0481241 0.0234054 0.0183756
 0.859953 0.111795 0.017881 0.0055513 0.00481961
 0.776808 0.196741 0.0211149 0.00337722 0.00195878
 0.727325 0.222395 0.0443213 0.00475671 0.00120208
 0.680603 0.246439 0.0595047 0.0118588 0.00159436
 0.785471 0.158494 0.0432347 0.0104394 0.00236018
 0.951107 0.0403248 0.0063299 0.0017267 0.000511185
 0.401484 0.575062 0.019344 0.00303649 0.00107353
 0.925595 0.0337999 0.039014 0.00131236 0.000278837
 0.618472 0.358201 0.0105967 0.0122314 0.00049886
 0.65762 0.229573 0.10591 0.00313314 0.00376397
 0.768367 0.16355 0.0456512 0.0210604 0.00137151
 0.782355 0.175007 0.0301055 0.00840325 0.00412917
 0.345945 0.534898 0.0958137 0.0164823 0.00686131
 0.775108 0.0885217 0.111526 0.0199771 0.00486714
 0.661225 0.273753 0.0255942 0.0322454 0.00718319
 0.439051 0.395265 0.133884 0.0125173 0.0192832
 0.724116 0.134624 0.0995373 0.0337151 0.00800814
pobs_RECLAS
 0 0 0 0 0
 0 0 0 0 0
 0 0 0 0 0
 0 0 0 0 0
 0 0 0 0 0
 0 0 0 0 0
 0 0 0 0 0
 0 0 0 0 0
 0 0 0 0 0
 0 0 0 0 0
 0.991045 0.00858322 0.000360255 1.14367e-05 0
 0.934742 0.0480273 0.0164251 0.00080598 0
 0.827803 0.169806 0.00239088 0 0
 0.941827 0.0461693 0.0120037 0 0
 0.791401 0.0380133 0.147996 0.0225897 0
 0.846168 0.0940531 0.0597789 0 0
 0.134021 0.677848 0.182769 0.00536245 0
 0.80878 0.0450904 0.141981 0.00414843 0
 0.846168 0.0940531 0.0597789 0 0
 0.905697 0.0802665 0.012482 0.00150086 5.37128e-05
 0.989698 0.0102097 9.19794e-05 0 0
 0.975433 0.0193895 0.00387452 0.00125025 5.28907e-05
 0.303575 0.632131 0.0575291 0.00676475 0
 0.966965 0.00978017 0.0227588 0.000495775 0
 0.843318 0.132988 0.00938335 0.0141283 0.000182051
 0.564624 0.303363 0.111486 0.0197234 0.00080311
 0.826376 0.0876187 0.0782897 0.00655872 0.00115652
ppred_RECLAS
 0.569341 0.123193 0.287804 0.0196607 7.19484e-07
 0.525844 0.271879 0.0578629 0.135179 0.0092348
 0.653873 0.184636 0.0925985 0.0197074 0.0491856
 0.806455 0.127858 0.0350396 0.0175731 0.0130743
 0.731831 0.218026 0.033125 0.00907794 0.00794
 0.818106 0.133626 0.0392432 0.00596228 0.00306312
 0.54566 0.373355 0.0594941 0.0174722 0.00401837
 0.532755 0.261746 0.168869 0.0269092 0.00972022
 0.623459 0.201554 0.0980266 0.063243 0.0137181
 0.788887 0.133616 0.0414823 0.0201751 0.0158396
 0.880209 0.0956253 0.0152948 0.00474839 0.00412252
 0.807978 0.169265 0.0181661 0.00290558 0.00168522
 0.763141 0.193183 0.0384997 0.00413192 0.00104419
 0.722795 0.213885 0.0516442 0.0102922 0.00138374
 0.816161 0.135821 0.0370497 0.00894594 0.00202254
 0.959134 0.0337044 0.00529068 0.00144321 0.00042726
 0.446434 0.531873 0.0178912 0.00280844 0.000992901
 0.937262 0.0284998 0.0328963 0.00110657 0.000235113
 0.661475 0.317827 0.0094023 0.0108527 0.000442632
 0.698179 0.202378 0.0933637 0.00276199 0.00331809
 0.799424 0.141622 0.0395303 0.0182367 0.00118762
 0.812302 0.150927 0.0259632 0.007247 0.00356101
 0.388175 0.500362 0.0896274 0.0154181 0.0064183
 0.805088 0.0767211 0.0966586 0.017314 0.00421831
 0.700545 0.241979 0.0226236 0.0285028 0.00634947
 0.483858 0.363692 0.123189 0.0115174 0.0177429
 0.75893 0.117635 0.0869766 0.0294605 0.00699758
pobs_PELACES
 0 0 0 0 0
 0 0 0 0 0
 0 0 0 0 0
 0 0 0 0 0
 0 0 0 0 0
 0 0 0 0 0
 0 0 0 0 0
 0 0 0 0 0
 0 0 0 0 0
 0 0 0 0 0
 0 0 0 0 0
 0 0 0 0 0
 0 0 0 0 0
 0 0 0 0 0
 0 0 0 0 0
 0 0 0 0 0
 0.505614 0.472636 0.0217494 0 0
 0 0 0 0 0
 0.443492 0.261883 0.143347 0.151278 0
 0.227955 0.32914 0.350689 0.0885471 0.00366901
 0.970185 0.0296113 0.000203453 0 0
 0.997202 0.00247181 0.000326279 0 0
 0.445219 0.490057 0.0546422 0.010081 0
 0.90214 0.0892962 0.00764917 0.000914606 0
 0 0 0 0 0
 0.581667 0.319106 0.0959925 0.00289975 0.000334073
 0.762889 0.0836404 0.116647 0.0363945 0.000428098
ppred_PELACES
 0.562599 0.125122 0.29231 0.0199685 7.30747e-07
 0.521287 0.274492 0.058419 0.136478 0.00932355
 0.649644 0.186892 0.0937298 0.0199481 0.0497865
 0.804849 0.128919 0.0353305 0.0177189 0.0131828
 0.726118 0.222671 0.0338307 0.00927134 0.00810916
 0.814798 0.136055 0.0399568 0.00607069 0.00311881
 0.545766 0.373268 0.0594803 0.0174682 0.00401744
 0.52486 0.266169 0.171722 0.0273639 0.00988447
 0.620718 0.203021 0.0987401 0.0637033 0.0138179
 0.788791 0.133677 0.0415011 0.0201842 0.0158467
 0.876974 0.0982079 0.0157079 0.00487663 0.00423386
 0.807134 0.170009 0.0182459 0.00291834 0.00169263
 0.76184 0.194245 0.0387112 0.00415462 0.00104992
 0.725858 0.211521 0.0510735 0.0101785 0.00136845
 0.816187 0.135802 0.0370445 0.00894468 0.00202226
 0.958759 0.0340141 0.0053393 0.00145648 0.000431187
 0.442117 0.536021 0.0180308 0.00283035 0.00100064
 0.936062 0.0290451 0.0335257 0.00112774 0.000239611
 0.658888 0.320256 0.00947417 0.0109357 0.000446016
 0.695335 0.204284 0.0942434 0.00278801 0.00334935
 0.796363 0.143783 0.0401336 0.018515 0.00120574
 0.810124 0.152678 0.0262645 0.0073311 0.00360234
 0.38266 0.504872 0.0904352 0.0155571 0.00647616
 0.801011 0.0783259 0.0986805 0.0176762 0.00430655
 0.695178 0.246316 0.023029 0.0290136 0.00646325
 0.476992 0.36853 0.124828 0.0116706 0.0179789
 0.75461 0.119743 0.088535 0.0299884 0.00712296
pobs_pel_tallas
 0 0 0 0 0 0 0 0 0 0 0 0 0 0 0 0 0 0 0 0 0 0 0 0 0 0
 0 0 0 0 0 0 0 0 0 0 0 0 0 0 0 0 0 0 0 0 0 0 0 0 0 0
 0 0 0 0 0 0 0 0 0 0 0 0 0 0 0 0 0 0 0 0 0 0 0 0 0 0
 0 0 0 0 0 0 0 0 0 0 0 0 0 0 0 0 0 0 0 0 0 0 0 0 0 0
 0 0 0 0 0 0 0 0 0 0 0 0 0 0 0 0 0 0 0 0 0 0 0 0 0 0
 0 0 0 0 0 0 0 0 0 0 0 0 0 0 0 0 0 0 0 0 0 0 0 0 0 0
 0 0 0 0 0 0 0 0 0 0 0 0 0 0 0 0 0 0 0 0 0 0 0 0 0 0
 0 0 0 0 0 0 0 0 0 0 0 0 0 0 0 0 0 0 0 0 0 0 0 0 0 0
 0 0 0 0 0 0 0 0 0 0 0 0 0 0 0 0 0 0 0 0 0 0 0 0 0 0
 0 0 0 0 0 0 0 0 0 0 0 0 0 0 0 0 0 0 0 0 0 0 0 0 0 0
 0 0 0 0 0 0 0 0 0 0 0 0 0 0 0 0 0 0 0 0 0 0 0 0 0 0
 0 0 0 0 0 0 0 0 0 0 0 0 0 0 0 0 0 0 0 0 0 0 0 0 0 0
 0.00862536 0 0 0.000197151 0.00414017 0.0128641 0.00837892 0.0270097 0.101434 0.158115 0.152841 0.127902 0.109271 0.109419 0.0830992 0.0579132 0.0238553 0.00714673 0.00463305 0.00128148 0.00103504 0.000492878 0.000147863 0.000147863 4.92878e-05 0
 0 0 0 0 0 0 0 0 0 0 0 0 0 0 0 0 0 0 0 0 0 0 0 0 0 0
 0 0 0 0 0 0 0 0.0054083 0.00873648 0.0413646 0.0450493 0.0745869 0.0622846 0.0627006 0.0613931 0.0827291 0.12552 0.122667 0.0946155 0.0697135 0.0546179 0.0294188 0.0215738 0.0213955 0.0102223 0.00600262
 0 0 0 0 0.00359764 0.0251062 0.0480494 0.140153 0.205849 0.193036 0.1447 0.116669 0.0760912 0.0342217 0.00950174 0.001854 0.000860785 0 0 0 0.000165536 0 0.000143464 0 0 0
 0 0 0 0 0 0 0 0.000145254 0.000435761 0.0275982 0.070085 0.0708112 0.156366 0.174668 0.174014 0.160142 0.0824315 0.0480064 0.0283245 0.00493863 0.00203355 0 0 0 0 0
 0 0 0 0 0 0 0 0 0 0 0 0 0 0 0 0 0 0 0 0 0 0 0 0 0 0
 0 0 1.00437e-05 0.000401748 0.00122533 0.00171747 0.00176769 0.0269171 0.070346 0.194647 0.189555 0.159765 0.064822 0.0314167 0.0384472 0.0292271 0.0345202 0.0313363 0.0194345 0.0106764 0.0143323 0.0359363 0.0279516 0.0138201 0.00172751 0
 0 0.0021121 0.0136068 0.0755702 0.200478 0.177729 0.0527432 0.0373336 0.0318909 0.0142505 0.0149659 0.0166563 0.0217959 0.0798694 0.0677717 0.0528807 0.04013 0.0224614 0.0357745 0.0225083 0.00881397 0.00855152 0.00135912 0.000746735 0 0
 0 0 0 0 5.4009e-05 0.00500934 0.000945158 0.0243581 0.138947 0.33067 0.221406 0.137944 0.0707744 0.0437923 0.0131692 0.00525238 0.0047753 0.00276346 9.45158e-05 9.00151e-06 2.25038e-05 9.00151e-06 4.50075e-06 0 0 0
 0.000866109 0.00284123 0.00948549 0.0512746 0.133035 0.25785 0.225252 0.132002 0.0553304 0.0519788 0.0540692 0.017754 0.00435017 0.00159236 0.00146478 0.000404838 0.000125132 0.000115318 0.000107957 0.000100596 0 0 0 0 0 0
 0 0 0 0 0.00144013 0.00171154 0.00461396 0.0210425 0.0478622 0.0707936 0.0888783 0.103762 0.0637923 0.0337046 0.0602308 0.124433 0.169614 0.0934646 0.0462172 0.0250306 0.0313229 0.00938855 0.002487 0.000210481 0 0
 0 0.00764035 0.051015 0.0998891 0.058973 0.0496711 0.0374665 0.0718981 0.12319 0.153886 0.159021 0.0857701 0.0377988 0.023471 0.0147837 0.00900784 0.00315554 0.000888139 0.00291439 0.00214683 0.00393193 0.00274676 0.000635225 9.99891e-05 0 0
 0 0 0 0 0 0 0 0 0 0 0 0 0 0 0 0 0 0 0 0 0 0 0 0 0 0
 0 0 0 0 0 0 0 0 0 0 0 0 0 0 0 0 0 0 0 0 0 0 0 0 0 0
 0 0 0 0 0 0 0 0 0 0 0 0 0 0 0 0 0 0 0 0 0 0 0 0 0 0
ppred_pel_tallas
 1.10471e-16 4.63405e-05 0.000450446 0.00299338 0.0136075 0.0423379 0.0902059 0.131661 0.131673 0.0902671 0.0425447 0.0142103 0.00452711 0.00386662 0.00673318 0.0115755 0.0178726 0.0249721 0.0321459 0.0389093 0.0450407 0.050217 0.0536646 0.0542949 0.0513201 0.044863
 1.17021e-16 4.29378e-05 0.000417371 0.00277358 0.0126083 0.0392292 0.083583 0.121997 0.122024 0.0837127 0.0396649 0.0138679 0.00593977 0.00734464 0.0132468 0.0219643 0.0319685 0.0409548 0.0466622 0.0482018 0.0466329 0.0442018 0.0428215 0.0429708 0.0436975 0.0434717
 1.13179e-16 5.35104e-05 0.00052014 0.00345651 0.0157128 0.0488885 0.104163 0.152032 0.152051 0.104251 0.0491865 0.0165752 0.00562706 0.00527839 0.00914957 0.015199 0.0222659 0.0288085 0.0333021 0.0350899 0.0347548 0.0336298 0.0328457 0.0326818 0.0326172 0.03186
 1.05061e-16 6.62943e-05 0.000644405 0.0042823 0.0194667 0.0605682 0.129047 0.188351 0.188364 0.129108 0.0607728 0.020058 0.00576832 0.00389427 0.00625596 0.0102846 0.0149228 0.0190135 0.0214321 0.0216834 0.0201923 0.0179871 0.0160323 0.0147352 0.0139207 0.0131484
 1.03336e-16 5.98094e-05 0.000581369 0.0038634 0.0175625 0.0546435 0.116425 0.16993 0.169951 0.116529 0.0549957 0.0185799 0.00641762 0.00615827 0.0106545 0.0175278 0.0252646 0.0318176 0.035143 0.0343056 0.0300314 0.0242052 0.0187273 0.0146229 0.0119167 0.0100869
 1.02325e-16 6.71139e-05 0.000652371 0.00433523 0.0197074 0.061317 0.130643 0.19068 0.190693 0.130707 0.0615328 0.0203312 0.00590271 0.00407944 0.00659113 0.0108304 0.0156887 0.019924 0.0223119 0.0222786 0.0202189 0.0171836 0.014206 0.011803 0.00994763 0.00836868
 1.04244e-16 4.49541e-05 0.00043697 0.00290382 0.0132004 0.0410714 0.0875083 0.127728 0.127764 0.0876842 0.0416619 0.0149061 0.00718616 0.00978741 0.0178092 0.0293872 0.0423671 0.0533585 0.0589307 0.0574981 0.0502511 0.0403174 0.03086 0.0236 0.0186189 0.0151174
 1.09441e-16 4.32321e-05 0.000420231 0.00279258 0.0126947 0.0394981 0.0841557 0.122833 0.122859 0.0842823 0.0399235 0.0139261 0.00589406 0.00722526 0.0130684 0.0218007 0.0320178 0.0415539 0.0481913 0.0508564 0.0501357 0.0476231 0.0446823 0.0416809 0.0381786 0.0336629
 1.11629e-16 5.11278e-05 0.00049698 0.00330261 0.0150132 0.0467117 0.0995249 0.145264 0.145283 0.0996213 0.0470355 0.0159501 0.0056611 0.00566784 0.00993785 0.016525 0.0242219 0.0313671 0.0363108 0.0383365 0.0380534 0.0368538 0.0358809 0.0353481 0.0346411 0.0329402
 1.05938e-16 6.49717e-05 0.000631548 0.00419686 0.0190783 0.0593598 0.126473 0.184594 0.184606 0.126536 0.0595721 0.0196921 0.00573975 0.0040072 0.00649845 0.0107007 0.0155536 0.019874 0.02251 0.0229574 0.0216538 0.0196449 0.0178942 0.0167787 0.0160763 0.0153064
 1.01685e-16 7.22352e-05 0.000702152 0.00466605 0.0212112 0.0659959 0.140612 0.205229 0.205238 0.140658 0.0661513 0.02166 0.00579296 0.00316295 0.00474799 0.00774115 0.0111593 0.014066 0.015561 0.0152346 0.0134083 0.0109105 0.00857222 0.00683466 0.00569639 0.00491711
 1.0115e-16 6.64826e-05 0.000646235 0.00429446 0.019522 0.0607403 0.129414 0.188887 0.188904 0.129494 0.0610089 0.0202978 0.00624126 0.0048945 0.00812988 0.0133224 0.0191547 0.0240232 0.0263399 0.025371 0.0216706 0.0167074 0.0119931 0.00839159 0.00600207 0.0044833
 1.01762e-16 6.27518e-05 0.00060997 0.00405346 0.0184265 0.0573317 0.122152 0.178288 0.178307 0.122243 0.0576392 0.0193148 0.00628419 0.00548217 0.00932319 0.0153323 0.022123 0.0279058 0.0308935 0.0302486 0.0265617 0.021419 0.016428 0.0124695 0.00960935 0.00749102
 1.02781e-16 5.9788e-05 0.000581161 0.00386202 0.0175562 0.0546239 0.116383 0.169868 0.169889 0.116483 0.0549591 0.0185248 0.00629487 0.00589747 0.0101721 0.0167629 0.0242369 0.0306763 0.0341593 0.0337873 0.0301921 0.025057 0.0200593 0.0160738 0.0131048 0.0107362
 1.02344e-16 6.72283e-05 0.000653483 0.00434262 0.0197409 0.0614215 0.130865 0.191005 0.191018 0.13093 0.0616368 0.0203633 0.00590637 0.00407189 0.00657332 0.0107971 0.0156323 0.0198369 0.0221877 0.0221159 0.0200238 0.016973 0.0140061 0.0116431 0.00984997 0.00833922
 1.00382e-16 7.89717e-05 0.000767633 0.00510119 0.0231893 0.0721505 0.153724 0.224366 0.224369 0.15374 0.0722043 0.0233447 0.00549138 0.00161958 0.00169745 0.00268248 0.00385944 0.00485929 0.00536462 0.00523057 0.00456574 0.00365564 0.0027894 0.00212486 0.00167026 0.00135305
 1.01111e-16 3.64167e-05 0.000353983 0.00235235 0.0106935 0.0332716 0.0708906 0.103478 0.103529 0.0711425 0.0341172 0.0131347 0.00847554 0.0137055 0.0253477 0.0417274 0.0598247 0.0746374 0.0810921 0.0768493 0.0637283 0.0465491 0.0303559 0.0181515 0.0104288 0.00612701
 1.01129e-16 7.71022e-05 0.000749461 0.00498043 0.0226403 0.0704424 0.150085 0.219054 0.219057 0.150099 0.0704893 0.0227763 0.00532392 0.00150647 0.00153572 0.00247117 0.00367826 0.00488615 0.0058653 0.00649357 0.00679511 0.00686774 0.00676748 0.00646083 0.00588026 0.00501716
 1.01528e-16 5.42718e-05 0.000527541 0.0035057 0.0159364 0.0495842 0.105646 0.154199 0.15423 0.105796 0.0500895 0.0173951 0.00716451 0.00850593 0.0151809 0.0249438 0.0357706 0.0446563 0.0485828 0.0461712 0.0385265 0.0285352 0.0191962 0.0122606 0.00795747 0.00558407
 1.03619e-16 5.72739e-05 0.000556722 0.00369962 0.0168179 0.0523269 0.111489 0.162725 0.162745 0.111586 0.052652 0.0177582 0.00606469 0.00573533 0.009938 0.0164571 0.0239748 0.0307132 0.0348726 0.0355781 0.0333277 0.0295245 0.0255097 0.0218985 0.0186166 0.0153758
 1.03256e-16 6.55954e-05 0.000637611 0.00423715 0.0192615 0.0599296 0.127687 0.186366 0.18638 0.127755 0.0601577 0.0199208 0.00589391 0.00426027 0.00696323 0.0114542 0.0166039 0.0211141 0.0237068 0.0237968 0.0218204 0.018896 0.0160983 0.0139256 0.0122772 0.010792
 1.02142e-16 6.67289e-05 0.000648628 0.00431036 0.0195943 0.0609652 0.129893 0.189586 0.189601 0.129965 0.0612068 0.0202923 0.00606279 0.00447561 0.0073391 0.0120386 0.0173624 0.0218907 0.0242239 0.0237182 0.0208613 0.0169262 0.0131934 0.0103486 0.00840594 0.00702322
 1.05395e-16 3.15193e-05 0.000306379 0.002036 0.00925538 0.0287972 0.0613572 0.0895628 0.0896115 0.0615951 0.0295961 0.0115635 0.00783103 0.0129616 0.0240795 0.0397931 0.0574008 0.0723486 0.0799994 0.0781949 0.0685107 0.0551285 0.0422813 0.03228 0.0252623 0.0202155
 1.0537e-16 6.59782e-05 0.000641332 0.00426188 0.0193739 0.0602793 0.128432 0.187452 0.187459 0.128469 0.0604062 0.019742 0.00519267 0.00269598 0.00403481 0.00674027 0.0101107 0.0135672 0.016545 0.0187551 0.0202761 0.021338 0.0219998 0.0220308 0.0210931 0.0190378
 1.04732e-16 5.7261e-05 0.000556597 0.00369878 0.0168142 0.0523152 0.111464 0.16269 0.162714 0.11158 0.0527045 0.0179385 0.00652071 0.0067159 0.0117525 0.019334 0.0278396 0.0350076 0.0385878 0.0375781 0.0328405 0.0265284 0.0207916 0.0167524 0.0143507 0.0128678
 1.0791e-16 3.92893e-05 0.000381906 0.0025379 0.011537 0.035896 0.0764814 0.111634 0.11167 0.0766556 0.0364811 0.0132286 0.00678967 0.00968193 0.0177556 0.029432 0.0427222 0.0544096 0.0612177 0.0616059 0.0566198 0.0490402 0.0415674 0.0355019 0.0307015 0.0264115
 1.06799e-16 6.21563e-05 0.000604181 0.004015 0.0182516 0.0567876 0.120992 0.176594 0.176606 0.121049 0.0569795 0.0188074 0.00541609 0.00368259 0.00596714 0.00992051 0.0146476 0.0191865 0.0225908 0.0244217 0.0249522 0.0248488 0.0246052 0.0242152 0.0233003 0.021496
pSPR Fmed_Fpbrs
0.506084   0.201649 0.201649
Fs Fmed_Fpbrs
0.370987   1.005 1.005
SSBpbr Bo_Bmed_Bpbrs
1.50472e+06  686279  228189 228189
Ro
137666
SPR SPRFo_SPRFmed_SPRFpbrs
978045 494973 197221
Fref
1.005
Nvult_r0
 136616 22052.9 16305.3 5522.91 1311.82
CTP_r0
 25812.1 4798.85 3548.14 1201.82 285.461
YTP_r0
415392
Np
 257524 56189.2 8514.9 6295.69 2726.48
Nvult_p0
 216696 48622.7 7368.28 5447.91 2359.33
CTP_p0
 99039.3 24372 3693.33 2730.75 1182.61
YTP_p0
 1.34477e+06
CBA_c0
694205
log_Ro
11.6526
likeval ReclasPelacesDesembMPH_pf_preclas_ppelaces_ptallas_desvR_qrecl_qpela
 11.9016 16.6408 0.0344766 0.000821833 196.564 89.0469 70.1445 0 21.6569 4.21845e-06 1.34598e-05 0.174885 0 0 0
q_reclas_q_pelaces
1.33782 1.68532
M
1
N
 169490 37286.4 87108.5 5950.62 0.217763
 98612.8 52563.4 11186.8 26134.7 1785.4
 91068.9 26496.2 13288.4 2828.11 7058.39
 148746 24608.9 6744.1 3382.3 2516.42
 116689 35265.5 5357.93 1468.35 1284.29
 221184 37030.8 10875.2 1652.29 848.862
 86911.4 63067.9 10049.9 2951.45 678.792
 35133 17436.9 11249.6 1792.62 647.536
 34584.4 11642.4 5662.35 3653.13 792.403
 46726 8380.67 2601.85 1265.42 993.487
 86585.5 9521.92 1522.98 472.823 410.502
 127561 28091 3014.82 482.205 279.677
 105667 28043.3 5588.78 599.807 151.579
 74382.3 23877 5765.3 1148.97 154.474
 67002 11820.6 3224.48 778.577 176.025
 367641 13496 2118.51 577.896 171.085
 70088.1 86186.6 2899.16 455.09 160.893
 595218 18603.5 21473.3 722.324 153.472
 329555 164918 4878.77 5631.39 229.678
 264787 79705.3 36770.8 1087.79 1306.81
 361745 65995.7 18421.2 8498.31 553.431
 509984 98287.4 16907.9 4719.43 2319.02
 97538 128636 23041.9 3963.78 1650.05
 291809 28343.8 35709.5 6396.48 1558.41
 250312 88171.6 8243.51 10385.8 2313.6
 98472.5 75245.8 25487.1 2382.89 3670.9
 192805 30567.8 22601 7655.37 1818.33
pred_Ctot
 17055.4 4420.23 10326.5 705.434 0.0258153
 17241.7 10714.1 2280.23 5327.07 363.92
 15669.3 5316.95 2666.56 567.512 1416.39
 34638 6623.51 1815.18 910.349 677.296
 10255.2 3657.61 555.705 152.292 133.202
 32105.3 6293.07 1848.15 280.792 144.257
 26223.3 21759.2 3467.32 1018.28 234.191
 2222.25 1305.94 842.541 134.259 48.4973
 7717.54 3007.23 1462.58 943.601 204.677
 13815.7 2836.19 880.518 428.244 336.216
 6530.97 849.032 135.798 42.1597 36.6028
 33822.9 8566.26 919.36 147.047 85.2867
 26800.7 8194.86 1633.16 175.277 44.2946
 28549.1 10337.3 2496.03 497.437 66.8781
 20113.3 4058.52 1107.1 267.318 60.4365
 87427.2 3706.71 581.854 158.721 46.9889
 12669.5 18147 610.432 95.8214 33.8768
 95039.9 3470.57 4005.95 134.753 28.6309
 73826 42757.8 1264.91 1460.04 59.5481
 55707.4 19447.3 8971.7 265.411 318.849
 61271.2 13041.8 3640.32 1679.4 109.367
 104487 23372.9 4020.71 1122.29 551.467
 13204.3 20416.4 3657.08 629.109 261.887
 33488.1 3824.53 4818.41 863.098 210.282
 29414.4 12177.8 1138.55 1434.43 319.543
 9858.08 8874.97 3006.11 281.053 432.97
 25812.1 4798.85 3548.14 1201.82 285.461
F
 0.170774 0.203891 0.203891 0.203891 0.203891
 0.314199 0.37513 0.37513 0.37513 0.37513
 0.308506 0.368333 0.368333 0.368333 0.368333
 0.439334 0.524531 0.524531 0.524531 0.524531
 0.147763 0.176418 0.176418 0.176418 0.176418
 0.254783 0.304191 0.304191 0.304191 0.304191
 0.606302 0.723879 0.723879 0.723879 0.723879
 0.104486 0.124748 0.124748 0.124748 0.124748
 0.417476 0.498434 0.498434 0.498434 0.498434
 0.590705 0.705257 0.705257 0.705257 0.705257
 0.125684 0.150057 0.150057 0.150057 0.150057
 0.514847 0.614688 0.614688 0.614688 0.614688
 0.487378 0.581892 0.581892 0.581892 0.581892
 0.83937 1.00214 1.00214 1.00214 1.00214
 0.602328 0.719134 0.719134 0.719134 0.719134
 0.450593 0.537973 0.537973 0.537973 0.537973
 0.326405 0.389703 0.389703 0.389703 0.389703
 0.283481 0.338455 0.338455 0.338455 0.338455
 0.419409 0.500742 0.500742 0.500742 0.500742
 0.389335 0.464836 0.464836 0.464836 0.464836
 0.303043 0.361811 0.361811 0.361811 0.361811
 0.377396 0.450582 0.450582 0.450582 0.450582
 0.235833 0.281567 0.281567 0.281567 0.281567
 0.196815 0.234983 0.234983 0.234983 0.234983
 0.20195 0.241113 0.241113 0.241113 0.241113
 0.16983 0.202765 0.202765 0.202765 0.202765
 0.232954 0.278129 0.278129 0.278129 0.278129
YTP_r0W_actual
 214240 76301.7 82316.9 33170.2 9363.12
YTP_p0W_proyectada
 744776 392876 86350 80557.1 40208.7
CTP_r0_actual
 25812.1 4798.85 3548.14 1201.82 285.461
CTP_p0_proyectada
 99039.3 24372 3693.33 2730.75 1182.61
Wmedp
 7.52 16.12 23.38 29.5 34
Frms_r0
 0.232954 0.278129 0.278129 0.278129 0.278129
Zrms_r0
 1.23295 1.27813 1.27813 1.27813 1.27813
nmprior
 8.19 8.8 8.5 0
nm_flota  nm_reclas  nm_pelaces    nm_pelaL
inf 11.103 18.9852 14.144
cv_recla  cv_pelaces  cv_mph
0.344986 0.547298 0.884702
 ------------------------------------------------
Talla a la edad & desviaci?n 
 8 13.2811 15.8009 17.003 17.5766
 0.8 1.32811 1.58009 1.7003 1.75766
