years
 1991 1992 1993 1994 1995 1996 1997 1998 1999 2000 2001 2002 2003 2004 2005 2006 2007 2008 2009 2010 2011 2012 2013 2014 2015 2016 2017 2018
reclasobs
 0 0 0 0 0 0 0 0 0 252601 567819 844713 477998 351125 339783 2.1784e+06 2.13404e+06 4.81314e+06 1.55562e+06 2.62356e+06 3.21686e+06 3.843e+06 1.13348e+06 3.07943e+06 1.97215e+06 2.03268e+06 2.025e+06 2.42433e+06
reclaspred
 3.16657e+06 1.77739e+06 895160 890893 882796 1.42764e+06 894185 783713 571679 415714 491906 640175 630506 490386 493547 1.32895e+06 1.28277e+06 2.90602e+06 2.39839e+06 1.78029e+06 3.1514e+06 2.56936e+06 2.03133e+06 3.14924e+06 2.38336e+06 2.09509e+06 2.19815e+06 2.2303e+06
pelacesobs
 0 0 0 0 0 0 0 0 0 0 0 0 0 0 0 552880 188675 0 991730 2.46772e+06 1.41603e+06 1.21717e+06 2.29649e+06 1.80582e+06 0 1.4828e+06 1.56532e+06 1.57751e+06
pelacespred
 1.62404e+06 1.01267e+06 510376 415183 429835 717982 414940 452219 316933 218013 267493 290712 314888 257562 266678 598748 579521 1.51213e+06 1.28873e+06 889074 1.52078e+06 1.3459e+06 1.06143e+06 1.80094e+06 1.31354e+06 1.15067e+06 1.36471e+06 1.37261e+06
mphobs
 0 0 0 0 0 0 0 0 0 0 0 498337 0 5186 125008 0 168611 109162 213762 579715 649985 157893 87575 83554 0 0 0 0
mphpred
 470759 314781 157050 85136.4 92457 104843 140933 86666.7 76546.5 52404.6 34585.9 57464.3 62134.9 52586.8 35464.6 44814.8 151088 143299 284808 215226 229059 283488 270001 221909 311159 258893 210714 195284
desembarqueobs
 494567 514787 250237 358949 120608 361735 552515 73892 212993 205616 52469 317467 293654 387597 252695 516296 358380 742168 942051 627588 828172 859565 418607 520667 417249 300574 415391 372974
desembarquepred
 494575 513556 250842 358976 120613 361746 552554 73896.3 213041 205659 52471.6 317530 293702 387629 252689 516258 358402 742073 941845 627455 828229 859573 418614 520687 417245 300572 415390 372974
Reclutas
 195157 113170 107612 182745 144935 256696 105415 46639.8 44821 60101.7 112061 149418 124078 86936.3 85832.6 477710 99967.1 731816 423333 323781 480932 647721 133216 401727 343712 148540 276847 323654
log_desv_Rt
 0.0861178 -0.458797 -0.509156 0.0204101 -0.2114 0.360207 -0.52978 -1.34523 -1.38501 -1.09165 -0.468642 -0.180937 -0.366777 -0.722509 -0.735286 0.98132 -0.582843 1.40784 0.860475 0.592384 0.988041 1.28578 -0.295711 0.808089 0.652121 -0.18683 0.435779 0.59199
SSB
 3.07915e+06 2.05893e+06 1.02724e+06 556862 604746 685758 921822 566872 500677 342770 226220 375864 406414 343961 231968 293126 988239 937296 1.86288e+06 1.40776e+06 1.49824e+06 1.85425e+06 1.76603e+06 1.45147e+06 2.03523e+06 1.69338e+06 1.37824e+06 1.27732e+06
BT
 4.16108e+06 2.84182e+06 1.42508e+06 1.25856e+06 1.08604e+06 1.96449e+06 1.44991e+06 1.108e+06 941895 701405 661956 936386 993311 998013 868296 1.79776e+06 1.61571e+06 4.14304e+06 3.87696e+06 2.61087e+06 4.18279e+06 3.90211e+06 2.8124e+06 4.63787e+06 3.41104e+06 2.91921e+06 3.57277e+06 3.54311e+06
Ftot
 0.135653 0.247131 0.24116 0.358327 0.122309 0.230853 0.521096 0.0841889 0.327752 0.430803 0.0997522 0.439189 0.411737 0.683867 0.46449 0.364313 0.243838 0.237866 0.346228 0.312292 0.237269 0.299548 0.179962 0.152688 0.155767 0.126946 0.172087 0.154466
BD_Bspro_t
 0.978529 0.84266 0.680216 0.587541 0.576678 0.652647 0.648791 0.482808 0.537992 0.494549 0.461753 0.671925 0.55749 0.468555 0.360843 0.418765 0.600625 0.574936 0.671369 0.576355 0.546317 0.595427 0.610824 0.602788 0.707857 0.717549 0.720966 0.730975
BD_Bspro
 2.42529 1.62171 0.809101 0.438611 0.476326 0.540135 0.72607 0.446495 0.394357 0.269981 0.178182 0.296048 0.320111 0.27092 0.182709 0.23088 0.778383 0.738259 1.46729 1.10881 1.18008 1.46049 1.39101 1.14324 1.60305 1.33378 1.08557 1.00607
BD_Bo
 1.63284 1.09182 0.544731 0.295297 0.320689 0.363649 0.48883 0.300605 0.265503 0.181766 0.119962 0.199316 0.215516 0.182398 0.12301 0.155441 0.524051 0.497036 0.987863 0.746515 0.794495 0.983285 0.936503 0.769695 1.07926 0.897976 0.730864 0.677345
BD_Brms
 11.1164 7.43316 3.70854 2.01039 2.18326 2.47573 3.32797 2.04652 1.80755 1.23747 0.816703 1.35695 1.46724 1.24177 0.837451 1.05825 3.56775 3.38383 6.72539 5.08229 5.40894 6.69422 6.37573 5.2401 7.34762 6.11344 4.97574 4.61138
Sel_flota
 0.863984 1 1 1 1
 0.863984 1 1 1 1
 0.863984 1 1 1 1
 0.863984 1 1 1 1
 0.863984 1 1 1 1
 0.863984 1 1 1 1
 0.863984 1 1 1 1
 0.863984 1 1 1 1
 0.863984 1 1 1 1
 0.863984 1 1 1 1
 0.863984 1 1 1 1
 0.863984 1 1 1 1
 0.863984 1 1 1 1
 0.863984 1 1 1 1
 0.863984 1 1 1 1
 0.863984 1 1 1 1
 0.863984 1 1 1 1
 0.863984 1 1 1 1
 0.863984 1 1 1 1
 0.863984 1 1 1 1
 0.863984 1 1 1 1
 0.863984 1 1 1 1
 0.863984 1 1 1 1
 0.863984 1 1 1 1
 0.863984 1 1 1 1
 0.863984 1 1 1 1
 0.863984 1 1 1 1
 0.863984 1 1 1 1
Sel_reclas
 1 1 1 1 1
 1 1 1 1 1
 1 1 1 1 1
 1 1 1 1 1
 1 1 1 1 1
 1 1 1 1 1
 1 1 1 1 1
 1 1 1 1 1
 1 1 1 1 1
 1 1 1 1 1
 1 1 1 1 1
 1 1 1 1 1
 1 1 1 1 1
 1 1 1 1 1
 1 1 1 1 1
 1 1 1 1 1
 1 1 1 1 1
 1 1 1 1 1
 1 1 1 1 1
 1 1 1 1 1
 1 1 1 1 1
 1 1 1 1 1
 1 1 1 1 1
 1 1 1 1 1
 1 1 1 1 1
 1 1 1 1 1
 1 1 1 1 1
 1 1 1 1 1
Sel_pelaces
 1 1 1 1 1
 1 1 1 1 1
 1 1 1 1 1
 1 1 1 1 1
 1 1 1 1 1
 1 1 1 1 1
 1 1 1 1 1
 1 1 1 1 1
 1 1 1 1 1
 1 1 1 1 1
 1 1 1 1 1
 1 1 1 1 1
 1 1 1 1 1
 1 1 1 1 1
 1 1 1 1 1
 1 1 1 1 1
 1 1 1 1 1
 1 1 1 1 1
 1 1 1 1 1
 1 1 1 1 1
 1 1 1 1 1
 1 1 1 1 1
 1 1 1 1 1
 1 1 1 1 1
 1 1 1 1 1
 1 1 1 1 1
 1 1 1 1 1
 1 1 1 1 1
pf_obs 
 0.8446 0.082 0.0669 0.0065 0
 0.8095 0.147 0.0364 0.0071 0
 0.9664 0.0169 0.016 0.0007 0
 0.9276 0.0648 0.0075 0.0001 0
 0.7033 0.2144 0.0806 0.0017 0
 0.9318 0.0425 0.0243 0.0014 0
 0.5671 0.3108 0.0964 0.0239 0.0018
 0.0768 0.2599 0.5324 0.112 0.0189
 0.490249 0.384438 0.106611 0.0170017 0.00170017
 0.7925 0.1577 0.0466 0.003 0.0002
 0.840416 0.127587 0.0312969 0.00059994 9.999e-05
 0.8084 0.0986 0.0794 0.0134 0.0002
 0.7335 0.1905 0.0724 0.0035 0.0001
 0.4001 0.4547 0.1325 0.0127 0
 0.49795 0.308269 0.164784 0.0264974 0.00249975
 0.9179 0.0499 0.0305 0.0017 0
 0.2467 0.6533 0.0926 0.0074 0
 0.9418 0.0223 0.034 0.0019 0
 0.707729 0.231977 0.0356964 0.0245975 0
 0.517169 0.277429 0.184464 0.0207286 0.00020938
 0.811772 0.124168 0.05621 0.00726502 0.000585176
 0.764997 0.148141 0.077277 0.00933861 0.000247198
 0.163321 0.427699 0.378323 0.0303852 0.000271297
 0.753843 0.0900009 0.118128 0.0371064 0.000921714
 0.721811 0.176058 0.0630433 0.0369309 0.00215725
 0.143369 0.312575 0.442814 0.0836902 0.0175525
 0.692698 0.0596174 0.167031 0.0765114 0.00414204
 0.394062 0.376323 0.152708 0.0712218 0.00568511
pf_pred 
 0.467044 0.123838 0.385681 0.0234356 7.96741e-07
 0.440005 0.283512 0.0642439 0.20008 0.0121582
 0.574164 0.204962 0.111824 0.0253392 0.0837116
 0.754598 0.15071 0.0455767 0.0248659 0.0242493
 0.667563 0.261191 0.0437543 0.0132319 0.0142592
 0.766521 0.163725 0.0548046 0.00918077 0.00576833
 0.490127 0.40522 0.0733872 0.0245653 0.0067007
 0.468195 0.285889 0.195441 0.0353953 0.0150799
 0.555736 0.224969 0.117889 0.080592 0.0208139
 0.71886 0.168118 0.0572327 0.0299913 0.025798
 0.828131 0.129618 0.025266 0.00860135 0.00838442
 0.747825 0.214092 0.028721 0.00559849 0.00376374
 0.694581 0.238449 0.0568565 0.00762743 0.00248633
 0.64002 0.263314 0.0754698 0.0179952 0.00320103
 0.746289 0.173982 0.0583192 0.0167152 0.00469457
 0.939477 0.047191 0.00914268 0.00306465 0.00112507
 0.39295 0.575945 0.0242531 0.00469873 0.00215324
 0.903047 0.0419994 0.0521378 0.00219552 0.000620279
 0.609061 0.358338 0.0141224 0.0175315 0.000946823
 0.615512 0.24984 0.123419 0.00486406 0.00636433
 0.752044 0.162486 0.0555383 0.0274355 0.00249602
 0.755151 0.191377 0.0350404 0.0119769 0.00645477
 0.331677 0.524863 0.11213 0.0205306 0.0107994
 0.754447 0.0904189 0.121834 0.0260283 0.00727248
 0.644112 0.278525 0.0284872 0.0383847 0.0104917
 0.442817 0.378673 0.139705 0.0142889 0.0245159
 0.703724 0.142709 0.104367 0.0385045 0.0106951
 0.702805 0.218732 0.037794 0.0276397 0.0130296
pobs_RECLAS
 0 0 0 0 0
 0 0 0 0 0
 0 0 0 0 0
 0 0 0 0 0
 0 0 0 0 0
 0 0 0 0 0
 0 0 0 0 0
 0 0 0 0 0
 0 0 0 0 0
 0 0 0 0 0
 0.991045 0.00858322 0.000360255 1.14367e-05 0
 0.934742 0.0480273 0.0164251 0.00080598 0
 0.827803 0.169806 0.00239088 0 0
 0.941827 0.0461693 0.0120037 0 0
 0.791401 0.0380133 0.147996 0.0225897 0
 0.846168 0.0940531 0.0597789 0 0
 0.134021 0.677848 0.182769 0.00536245 0
 0.80878 0.0450904 0.141981 0.00414843 0
 0.846168 0.0940531 0.0597789 0 0
 0.905697 0.0802665 0.012482 0.00150086 5.37128e-05
 0.989698 0.0102097 9.19794e-05 0 0
 0.975433 0.0193895 0.00387452 0.00125025 5.28907e-05
 0.303575 0.632131 0.0575291 0.00676475 0
 0.966965 0.00978017 0.0227588 0.000495775 0
 0.843318 0.132988 0.00938335 0.0141283 0.000182051
 0.564624 0.303363 0.111486 0.0197234 0.00080311
 0.826376 0.0876187 0.0782897 0.00655872 0.00115652
 0.89761 0.0855135 0.0140674 0.00269457 0.000114338
ppred_RECLAS
 0.503971 0.115258 0.358958 0.0218119 7.41537e-07
 0.477122 0.264721 0.0599858 0.186819 0.0113523
 0.610242 0.187597 0.10235 0.0231924 0.0766193
 0.781555 0.134155 0.0405702 0.0221344 0.0215855
 0.699496 0.236102 0.0395514 0.0119609 0.0128895
 0.792174 0.145737 0.0487832 0.00817208 0.00513456
 0.528761 0.374515 0.0678265 0.0227039 0.00619297
 0.504955 0.266127 0.181932 0.0329487 0.0140375
 0.592617 0.206293 0.108102 0.0739017 0.0190861
 0.748691 0.150279 0.0511599 0.026809 0.0230606
 0.848109 0.11455 0.022329 0.00760149 0.00740978
 0.775571 0.190536 0.0255609 0.0049825 0.00334963
 0.725933 0.213972 0.05102 0.00684445 0.0022311
 0.675641 0.237259 0.0680019 0.0162145 0.00288428
 0.774242 0.154814 0.0518939 0.0148736 0.00417736
 0.947542 0.040902 0.00792425 0.00265623 0.000975137
 0.429126 0.541623 0.0228077 0.00441872 0.00202492
 0.915364 0.0366637 0.0455141 0.0019166 0.000541477
 0.644423 0.325925 0.012845 0.0159457 0.000861179
 0.65049 0.227112 0.112192 0.00442157 0.00578535
 0.778845 0.144923 0.0495352 0.02447 0.00222622
 0.781889 0.170479 0.0312139 0.010669 0.0057499
 0.365382 0.498392 0.106475 0.0194952 0.0102547
 0.780847 0.0806977 0.108735 0.0232299 0.00649059
 0.67731 0.252543 0.0258298 0.0348041 0.00951298
 0.479522 0.353728 0.130502 0.0133476 0.0229009
 0.733707 0.128267 0.0938053 0.0346079 0.00961276
 0.732796 0.196659 0.0339801 0.0248506 0.0117148
pobs_PELACES
 0 0 0 0 0
 0 0 0 0 0
 0 0 0 0 0
 0 0 0 0 0
 0 0 0 0 0
 0 0 0 0 0
 0 0 0 0 0
 0 0 0 0 0
 0 0 0 0 0
 0 0 0 0 0
 0 0 0 0 0
 0 0 0 0 0
 0 0 0 0 0
 0 0 0 0 0
 0 0 0 0 0
 0 0 0 0 0
 0.505614 0.472636 0.0217494 0 0
 0 0 0 0 0
 0.443492 0.261883 0.143347 0.151278 0
 0.227955 0.32914 0.350689 0.0885471 0.00366901
 0.970185 0.0296113 0.000203453 0 0
 0.997202 0.00247181 0.000326279 0 0
 0.445219 0.490057 0.0546422 0.010081 0
 0.90214 0.0892962 0.00764917 0.000914606 0
 0 0 0 0 0
 0.581667 0.319106 0.0959925 0.00289975 0.000334073
 0.762889 0.0836404 0.116647 0.0363945 0.000428098
 0.88444 0.0763242 0.0277011 0.0115352 0
ppred_PELACES
 0.505493 0.114904 0.357857 0.0217449 7.39262e-07
 0.47989 0.26332 0.0596682 0.18583 0.0112922
 0.612813 0.186359 0.101674 0.0230394 0.0761138
 0.784289 0.132476 0.0400625 0.0218574 0.0213154
 0.700649 0.235196 0.0393997 0.011915 0.01284
 0.793874 0.144544 0.048384 0.0081052 0.00509254
 0.534585 0.369887 0.0669882 0.0224233 0.00611644
 0.505899 0.26562 0.181585 0.0328858 0.0140107
 0.596164 0.204497 0.107161 0.0732583 0.0189199
 0.752312 0.148114 0.0504228 0.0264227 0.0227283
 0.848685 0.114116 0.0222443 0.00757267 0.00738168
 0.778984 0.187639 0.0251722 0.00490674 0.00329869
 0.729594 0.211113 0.0503384 0.00675301 0.00220129
 0.682331 0.232365 0.0665992 0.0158801 0.00282479
 0.777865 0.152329 0.0510611 0.0146349 0.00411031
 0.948349 0.0402728 0.00780236 0.00261537 0.000960137
 0.431809 0.539077 0.0227005 0.00439795 0.0020154
 0.916188 0.0363069 0.0450712 0.00189795 0.000536208
 0.647976 0.322668 0.0127166 0.0157864 0.000852574
 0.65367 0.225045 0.111171 0.00438134 0.00573271
 0.780674 0.143725 0.0491255 0.0242676 0.00220781
 0.784173 0.168693 0.030887 0.0105573 0.00568969
 0.367257 0.49692 0.106161 0.0194376 0.0102244
 0.782017 0.0802667 0.108154 0.0231058 0.00645593
 0.678836 0.251349 0.0257077 0.0346395 0.00946799
 0.480944 0.352761 0.130145 0.0133111 0.0228383
 0.735213 0.127542 0.0932746 0.0344121 0.00955838
 0.734151 0.195661 0.0338078 0.0247245 0.0116554
pobs_pel_tallas
 0 0 0 0 0 0 0 0 0 0 0 0 0 0 0 0 0 0 0 0 0 0 0 0 0 0
 0 0 0 0 0 0 0 0 0 0 0 0 0 0 0 0 0 0 0 0 0 0 0 0 0 0
 0 0 0 0 0 0 0 0 0 0 0 0 0 0 0 0 0 0 0 0 0 0 0 0 0 0
 0 0 0 0 0 0 0 0 0 0 0 0 0 0 0 0 0 0 0 0 0 0 0 0 0 0
 0 0 0 0 0 0 0 0 0 0 0 0 0 0 0 0 0 0 0 0 0 0 0 0 0 0
 0 0 0 0 0 0 0 0 0 0 0 0 0 0 0 0 0 0 0 0 0 0 0 0 0 0
 0 0 0 0 0 0 0 0 0 0 0 0 0 0 0 0 0 0 0 0 0 0 0 0 0 0
 0 0 0 0 0 0 0 0 0 0 0 0 0 0 0 0 0 0 0 0 0 0 0 0 0 0
 0 0 0 0 0 0 0 0 0 0 0 0 0 0 0 0 0 0 0 0 0 0 0 0 0 0
 0 0 0 0 0 0 0 0 0 0 0 0 0 0 0 0 0 0 0 0 0 0 0 0 0 0
 0 0 0 0 0 0 0 0 0 0 0 0 0 0 0 0 0 0 0 0 0 0 0 0 0 0
 0 0 0 0 0 0 0 0 0 0 0 0 0 0 0 0 0 0 0 0 0 0 0 0 0 0
 0.00862536 0 0 0.000197151 0.00414017 0.0128641 0.00837892 0.0270097 0.101434 0.158115 0.152841 0.127902 0.109271 0.109419 0.0830992 0.0579132 0.0238553 0.00714673 0.00463305 0.00128148 0.00103504 0.000492878 0.000147863 0.000147863 4.92878e-05 0
 0 0 0 0 0 0 0 0 0 0 0 0 0 0 0 0 0 0 0 0 0 0 0 0 0 0
 0 0 0 0 0 0 0 0.0054083 0.00873648 0.0413646 0.0450493 0.0745869 0.0622846 0.0627006 0.0613931 0.0827291 0.12552 0.122667 0.0946155 0.0697135 0.0546179 0.0294188 0.0215738 0.0213955 0.0102223 0.00600262
 0 0 0 0 0.00359764 0.0251062 0.0480494 0.140153 0.205849 0.193036 0.1447 0.116669 0.0760912 0.0342217 0.00950174 0.001854 0.000860785 0 0 0 0.000165536 0 0.000143464 0 0 0
 0 0 0 0 0 0 0 0.000145254 0.000435761 0.0275982 0.070085 0.0708112 0.156366 0.174668 0.174014 0.160142 0.0824315 0.0480064 0.0283245 0.00493863 0.00203355 0 0 0 0 0
 0 0 0 0 0 0 0 0 0 0 0 0 0 0 0 0 0 0 0 0 0 0 0 0 0 0
 0 0 1.00437e-05 0.000401748 0.00122533 0.00171747 0.00176769 0.0269171 0.070346 0.194647 0.189555 0.159765 0.064822 0.0314167 0.0384472 0.0292271 0.0345202 0.0313363 0.0194345 0.0106764 0.0143323 0.0359363 0.0279516 0.0138201 0.00172751 0
 0 0.0021121 0.0136068 0.0755702 0.200478 0.177729 0.0527432 0.0373336 0.0318909 0.0142505 0.0149659 0.0166563 0.0217959 0.0798694 0.0677717 0.0528807 0.04013 0.0224614 0.0357745 0.0225083 0.00881397 0.00855152 0.00135912 0.000746735 0 0
 0 0 0 0 5.4009e-05 0.00500934 0.000945158 0.0243581 0.138947 0.33067 0.221406 0.137944 0.0707744 0.0437923 0.0131692 0.00525238 0.0047753 0.00276346 9.45158e-05 9.00151e-06 2.25038e-05 9.00151e-06 4.50075e-06 0 0 0
 0.000866109 0.00284123 0.00948549 0.0512746 0.133035 0.25785 0.225252 0.132002 0.0553304 0.0519788 0.0540692 0.017754 0.00435017 0.00159236 0.00146478 0.000404838 0.000125132 0.000115318 0.000107957 0.000100596 0 0 0 0 0 0
 0 0 0 0 0.00144013 0.00171154 0.00461396 0.0210425 0.0478622 0.0707936 0.0888783 0.103762 0.0637923 0.0337046 0.0602308 0.124433 0.169614 0.0934646 0.0462172 0.0250306 0.0313229 0.00938855 0.002487 0.000210481 0 0
 0 0.00764035 0.051015 0.0998891 0.058973 0.0496711 0.0374665 0.0718981 0.12319 0.153886 0.159021 0.0857701 0.0377988 0.023471 0.0147837 0.00900784 0.00315554 0.000888139 0.00291439 0.00214683 0.00393193 0.00274676 0.000635225 9.99891e-05 0 0
 0 0 0 0 0 0 0 0 0 0 0 0 0 0 0 0 0 0 0 0 0 0 0 0 0 0
 0 0 0 0 0 0 0 0 0 0 0 0 0 0 0 0 0 0 0 0 0 0 0 0 0 0
 0 0 0 0 0 0 0 0 0 0 0 0 0 0 0 0 0 0 0 0 0 0 0 0 0 0
 0 0 0 0 0 0 0 0 0 0 0 0 0 0 0 0 0 0 0 0 0 0 0 0 0 0
ppred_pel_tallas
 1.12538e-16 4.16368e-05 0.000404725 0.00268954 0.0122263 0.0380405 0.0810497 0.118297 0.118308 0.0811067 0.0382333 0.01279 0.0041302 0.00363418 0.00642201 0.0111937 0.0176136 0.0252494 0.03357 0.0421442 0.0505638 0.0580824 0.063391 0.064948 0.0617693 0.0541006
 1.22337e-16 3.95279e-05 0.000384226 0.00255332 0.011607 0.0361139 0.0769454 0.112309 0.112335 0.0770699 0.0365324 0.0128173 0.00559717 0.00704925 0.0127605 0.0212083 0.0309885 0.039973 0.0461043 0.0486516 0.0487184 0.0484493 0.0495153 0.0520443 0.0546844 0.0555485
 1.18173e-16 5.04766e-05 0.000490651 0.00326055 0.014822 0.0461168 0.0982574 0.143413 0.143431 0.0983459 0.0464144 0.0156833 0.00542957 0.00524912 0.00915783 0.0152475 0.0224106 0.0291594 0.0340358 0.0364523 0.037042 0.0371417 0.0378155 0.0391952 0.0405449 0.0408322
 1.0699e-16 6.46009e-05 0.000627943 0.00417291 0.0189694 0.059021 0.125751 0.18354 0.183553 0.125814 0.0592314 0.0195777 0.00570203 0.00397366 0.00644168 0.010609 0.0154266 0.0197281 0.0223833 0.0229092 0.0217587 0.0199844 0.0185427 0.0177863 0.0174475 0.0169848
 1.04565e-16 5.77116e-05 0.000560977 0.00372789 0.0169465 0.0527269 0.112341 0.16397 0.163992 0.112452 0.0530991 0.0180217 0.00642752 0.00645666 0.0112618 0.0185461 0.0267582 0.0337539 0.0373914 0.0366973 0.032444 0.0266118 0.0211782 0.0171798 0.0145892 0.0128086
 1.03108e-16 6.53904e-05 0.000635618 0.00422391 0.0192013 0.0597424 0.127288 0.185783 0.185797 0.127356 0.0599719 0.0198648 0.00589154 0.00428333 0.00701435 0.0115484 0.0167597 0.0213486 0.0240292 0.0242 0.0222735 0.0193398 0.016453 0.0141131 0.0122518 0.0105635
 1.05312e-16 4.40332e-05 0.000428018 0.00284433 0.0129299 0.04023 0.0857157 0.125112 0.125148 0.08589 0.0408155 0.0146213 0.00709133 0.00970378 0.0176738 0.0291843 0.0421213 0.0531493 0.0588934 0.0577989 0.0510399 0.0416797 0.0327863 0.0259836 0.0212786 0.0178371
 1.10978e-16 4.16703e-05 0.00040505 0.0026917 0.0122361 0.0380712 0.0811157 0.118396 0.118422 0.081242 0.0384961 0.0134664 0.00579116 0.00720874 0.0130735 0.0218359 0.0321271 0.041817 0.0487249 0.0518013 0.0516273 0.0497497 0.0474477 0.0449849 0.0418263 0.0374004
 1.13694e-16 4.91052e-05 0.00047732 0.00317196 0.0144193 0.0448639 0.095588 0.139518 0.139537 0.0956851 0.0451904 0.0153643 0.00555147 0.00569708 0.0100378 0.016718 0.02456 0.031923 0.0371822 0.039647 0.0399404 0.0394358 0.0392104 0.0393687 0.0391707 0.0376931
 1.0799e-16 6.1967e-05 0.000602341 0.00400277 0.018196 0.0566146 0.120624 0.176057 0.176072 0.120694 0.0568501 0.0188768 0.00571453 0.00434913 0.00720779 0.0118983 0.0173282 0.0222134 0.0253009 0.0260528 0.0249628 0.0231774 0.0217239 0.0209561 0.0205519 0.0199113
 1.0268e-16 6.99051e-05 0.000679503 0.00451553 0.020527 0.0638671 0.136076 0.198609 0.19862 0.13613 0.0640478 0.0210491 0.00582672 0.00354395 0.00551636 0.00902607 0.0130368 0.0164841 0.0183359 0.0181266 0.0162293 0.0135913 0.011147 0.00936741 0.00821023 0.00736745
 1.01825e-16 6.41639e-05 0.000623696 0.00414468 0.0188411 0.0586218 0.124901 0.1823 0.182318 0.124989 0.0589185 0.019698 0.0062954 0.00531837 0.00897912 0.0147399 0.0212204 0.0266708 0.029352 0.0284612 0.0246047 0.0193805 0.0144199 0.0106331 0.00809431 0.0064108
 1.02557e-16 6.00958e-05 0.000584152 0.0038819 0.0176466 0.0549051 0.116982 0.170743 0.170763 0.117081 0.0552396 0.0186131 0.00630956 0.00588872 0.0101489 0.0167207 0.0241678 0.0305711 0.0340066 0.033572 0.0298958 0.0246628 0.0195596 0.0154796 0.0124488 0.0100686
 1.04052e-16 5.62028e-05 0.000546311 0.00363043 0.0165034 0.0513484 0.109404 0.159683 0.159705 0.109514 0.051717 0.0175688 0.00630726 0.00639876 0.0111972 0.0184907 0.026791 0.0340255 0.03811 0.038071 0.0345888 0.0294627 0.0244538 0.0204321 0.0173305 0.0146641
 1.03676e-16 6.40717e-05 0.0006228 0.00413873 0.0188141 0.0585376 0.124721 0.182037 0.182052 0.124793 0.0587795 0.0195134 0.0058967 0.00446857 0.00739173 0.0121813 0.0176888 0.0225551 0.0254347 0.0257039 0.0238039 0.0208815 0.0180314 0.0157504 0.0139286 0.0122102
 1.00661e-16 7.81143e-05 0.000759299 0.00504581 0.0229375 0.0713671 0.152055 0.22193 0.221934 0.152074 0.0714309 0.0231217 0.00550843 0.00176985 0.00199925 0.00318661 0.00459488 0.00580376 0.00644293 0.00634395 0.00563449 0.00464605 0.00370889 0.00299494 0.00250043 0.00213155
 1.01576e-16 3.55677e-05 0.000345731 0.0022975 0.0104441 0.0324959 0.0692379 0.101066 0.101117 0.0694913 0.0333465 0.0128999 0.00845743 0.0137786 0.025505 0.0419981 0.0602369 0.0752029 0.0818051 0.0776965 0.0647012 0.0476456 0.0315686 0.0194516 0.0117601 0.00741514
 1.01592e-16 7.54652e-05 0.000733548 0.00487469 0.0221596 0.0689468 0.146899 0.214404 0.214407 0.146916 0.0690055 0.02233 0.00530524 0.00168323 0.00190766 0.00310854 0.00464283 0.00619529 0.00748621 0.00836479 0.00885513 0.00906411 0.0090396 0.00871781 0.0080008 0.0068777
 1.02177e-16 5.3373e-05 0.000518805 0.00344764 0.0156725 0.0487631 0.103896 0.151646 0.151677 0.104048 0.0492723 0.0171427 0.0071356 0.00856194 0.0153063 0.0251616 0.0361063 0.0451264 0.0491952 0.0469348 0.0394598 0.0296636 0.0205345 0.0137907 0.00961625 0.00726985
 1.04676e-16 5.3842e-05 0.000523363 0.00347793 0.0158102 0.0491915 0.104808 0.152976 0.152997 0.104915 0.0495499 0.016847 0.00608621 0.00623649 0.0109602 0.01818 0.0265214 0.0340504 0.0388017 0.0398191 0.0376416 0.0337816 0.0296647 0.0259121 0.0223995 0.0187947
 1.04262e-16 6.43031e-05 0.000625049 0.00415367 0.018882 0.058749 0.125171 0.182694 0.182708 0.125239 0.0589774 0.0195423 0.00581357 0.00425725 0.00698809 0.0115187 0.0167475 0.0214029 0.0242332 0.0246683 0.0231352 0.0207089 0.0183892 0.0165869 0.0151278 0.0136153
 1.02957e-16 6.45913e-05 0.000627851 0.00417229 0.0189666 0.0590123 0.125733 0.183514 0.18353 0.125812 0.0592793 0.0197381 0.00610952 0.00485915 0.00810752 0.0133196 0.0192256 0.0242726 0.0269248 0.0264802 0.0234815 0.0193293 0.0154196 0.0124803 0.0104925 0.00904829
 1.06871e-16 3.02506e-05 0.000294047 0.00195405 0.00888284 0.0276381 0.0588876 0.0859582 0.0860062 0.0591219 0.0284251 0.0111567 0.0076645 0.0127693 0.02375 0.0392865 0.056756 0.0717175 0.0796463 0.0784366 0.0696155 0.0572199 0.045292 0.0359717 0.0292933 0.024226
 1.06552e-16 6.44137e-05 0.000626124 0.00416082 0.0189145 0.05885 0.125386 0.183007 0.183015 0.125425 0.0589802 0.0192926 0.00511776 0.00274062 0.00415518 0.00696369 0.0104849 0.0141497 0.0174025 0.0199626 0.0219077 0.0234421 0.024567 0.024971 0.0242386 0.0221748
 1.05883e-16 5.59149e-05 0.000543512 0.00361183 0.0164189 0.0510854 0.108844 0.158866 0.15889 0.108962 0.0514827 0.0175666 0.00649283 0.00683285 0.0120014 0.0197567 0.0284712 0.0358528 0.0396226 0.0387757 0.0342017 0.0280928 0.0226148 0.0188637 0.0167158 0.0153791
 1.09046e-16 3.96148e-05 0.00038507 0.00255893 0.0116325 0.0361933 0.077115 0.112559 0.112593 0.0772818 0.0367538 0.0132531 0.00663307 0.0092996 0.0170305 0.0282508 0.0410635 0.0524163 0.0592016 0.059963 0.0556937 0.0490124 0.0424279 0.0370936 0.0327928 0.0287564
 1.07793e-16 6.05586e-05 0.000588651 0.00391179 0.0177824 0.0553278 0.117882 0.172055 0.172068 0.117943 0.0555322 0.0183744 0.0054041 0.00386754 0.00635033 0.0105675 0.0156062 0.02045 0.0240975 0.0260911 0.026733 0.0267418 0.0266439 0.0264189 0.0256352 0.0238669
 1.05478e-16 6.04711e-05 0.0005878 0.00390614 0.0177568 0.055248 0.117712 0.171809 0.171827 0.117805 0.0555578 0.0186518 0.00615378 0.00549788 0.00939626 0.0154676 0.0223488 0.0282687 0.0314755 0.0311928 0.0280878 0.0238052 0.0199456 0.0172807 0.0156669 0.0144908
pSPR Fmed_Fpbrs
0.625224   0.196886 0.196886
Fs Fmed_Fpbrs
0.243722   1.005 1.005
SSBpbr Bo_Bmed_Bpbrs
1.88577e+06  1.08474e+06  276992 276992
Ro
179053
SPR SPRFo_SPRFmed_SPRFpbrs
1.2696e+06 793787 249967
Fref
1.005
Nvult_r0
 219463 60106.5 10385.6 7595.27 3580.48
CTP_r0
 25840.1 8042.14 1389.58 1016.23 479.062
YTP_r0
372974
Np
 325060 104190 27669.2 4780.87 4598.52
Nvult_p0
 274875 90159.9 23943.2 4137.08 3979.29
CTP_p0
 127750 45192.4 12001.5 2073.7 1994.6
YTP_p0
 2.09876e+06
CBA_c0
890711
log_Ro
11.9154
likeval ReclasPelacesDesembMPH_pf_preclas_ppelaces_ptallas_desvR_qrecl_qpela
 12.9044 17.1652 0.0594046 0.000821089 208.806 94.7564 73.7287 0 22.2893 6.28412e-07 0 0.304564 0 0 0
q_reclas_q_pelaces
0.893747 1
M
1
N
 195157 45045.9 140291 8524.66 0.289813
 113170 63854 14469.3 45063.1 2738.32
 107612 33628.4 18347.1 4157.44 13734.7
 182745 32142.2 9720.24 5303.19 5171.69
 144935 49328.7 8263.46 2498.98 2692.99
 256696 47971.7 16057.8 2689.98 1690.13
 105415 77357.6 14009.8 4689.59 1279.18
 46639.8 24721.8 16900.5 3060.76 1304.01
 44821 15954.1 8360.32 5715.34 1476.06
 60101.7 12422.4 4228.99 2216.09 1906.24
 112061 15238.6 2970.41 1011.22 985.719
 149418 37820.7 5073.74 989.009 664.889
 124078 37610.9 8968.05 1203.09 392.172
 86936.3 31982 9166.52 2185.69 388.796
 85832.6 17713.5 5937.61 1701.81 477.965
 477710 21138.3 4095.28 1372.75 503.955
 99967.1 128284 5402.02 1046.57 479.603
 731816 29789.9 36981 1557.27 439.96
 423333 219207 8639.14 10724.6 579.202
 323781 115471 57042.1 2248.08 2941.47
 480932 90944.8 31085.2 15355.9 1397.04
 647721 144132 26390 9020.17 4861.28
 133216 183949 39298.3 7195.36 3784.85
 401727 41950.5 56525.6 12076 3374.11
 343712 129522 13247.4 17850 4878.94
 148540 110523 40775.7 4170.49 7155.45
 276847 48968.4 35811.9 13212.2 3669.84
 323654 87775.6 15166.5 11091.6 5228.7
pred_Ctot
 13774.5 3652.37 11374.9 691.187 0.0234983
 13995.2 9017.63 2043.39 6363.92 386.713
 13013.3 4645.4 2534.45 574.306 1897.3
 31539.9 6299.22 1904.97 1039.32 1013.55
 9267.1 3625.85 607.396 183.685 197.946
 29821.6 6369.73 2132.17 357.178 224.417
 25051.1 20711.4 3750.92 1255.57 342.482
 2080.66 1270.49 868.543 157.297 67.0152
 7149.76 2894.31 1516.69 1036.85 267.779
 12169 2845.92 968.843 507.697 436.711
 5890.65 921.995 179.722 61.183 59.6399
 30755.3 8804.81 1181.19 230.245 154.789
 24165.1 8295.89 1978.09 265.366 86.5019
 25709.7 10577.4 3031.64 722.871 128.586
 18527.3 4319.26 1447.83 414.969 116.547
 83654.6 4202.07 814.098 272.888 100.181
 12211.7 17898.7 753.713 146.023 66.9163
 87388 4064.28 5045.38 212.461 60.0245
 70887.3 41706.2 1643.68 2040.45 110.199
 49473.9 20081.8 9920.24 390.966 511.555
 57297 12379.6 4231.37 2090.26 190.167
 95349.4 24164.3 4424.39 1512.27 815.014
 12280.9 19433.9 4151.81 760.18 399.864
 31724.3 3802.09 5123.08 1094.48 305.806
 27660.1 11960.7 1223.33 1648.36 450.544
 9841.53 8415.94 3104.92 317.568 544.861
 24472.5 4962.82 3629.44 1339.02 371.929
 25840.1 8042.14 1389.58 1016.23 479.062
F
 0.117202 0.135653 0.135653 0.135653 0.135653
 0.213517 0.247131 0.247131 0.247131 0.247131
 0.208358 0.24116 0.24116 0.24116 0.24116
 0.309588 0.358327 0.358327 0.358327 0.358327
 0.105673 0.122309 0.122309 0.122309 0.122309
 0.199453 0.230853 0.230853 0.230853 0.230853
 0.450219 0.521096 0.521096 0.521096 0.521096
 0.0727378 0.0841889 0.0841889 0.0841889 0.0841889
 0.283172 0.327752 0.327752 0.327752 0.327752
 0.372206 0.430803 0.430803 0.430803 0.430803
 0.0861842 0.0997522 0.0997522 0.0997522 0.0997522
 0.379452 0.439189 0.439189 0.439189 0.439189
 0.355734 0.411737 0.411737 0.411737 0.411737
 0.59085 0.683867 0.683867 0.683867 0.683867
 0.401312 0.46449 0.46449 0.46449 0.46449
 0.314761 0.364313 0.364313 0.364313 0.364313
 0.210672 0.243838 0.243838 0.243838 0.243838
 0.205512 0.237866 0.237866 0.237866 0.237866
 0.299135 0.346228 0.346228 0.346228 0.346228
 0.269815 0.312292 0.312292 0.312292 0.312292
 0.204996 0.237269 0.237269 0.237269 0.237269
 0.258804 0.299548 0.299548 0.299548 0.299548
 0.155484 0.179962 0.179962 0.179962 0.179962
 0.13192 0.152688 0.152688 0.152688 0.152688
 0.13458 0.155767 0.155767 0.155767 0.155767
 0.109679 0.126946 0.126946 0.126946 0.126946
 0.14868 0.172087 0.172087 0.172087 0.172087
 0.133456 0.154466 0.154466 0.154466 0.154466
YTP_r0W_actual
 214473 96505.7 23067 24796.1 14132.3
YTP_p0W_proyectada
 960677 728501 280594 61174.1 67816.6
CTP_r0_actual
 25840.1 8042.14 1389.58 1016.23 479.062
CTP_p0_proyectada
 127750 45192.4 12001.5 2073.7 1994.6
Wmedp
 7.52 16.12 23.38 29.5 34
Frms_r0
 0.133456 0.154466 0.154466 0.154466 0.154466
Zrms_r0
 1.13346 1.15447 1.15447 1.15447 1.15447
nmprior
 8.19 8.8 8.5 0
nm_flota  nm_reclas  nm_pelaces    nm_pelaL
inf 10.0621 16.4722 16.4722
cv_recla  cv_pelaces  cv_mph
0.349646 0.529986 0.884302
 ------------------------------------------------
Talla a la edad & desviaci?n 
 8 13.2811 15.8009 17.003 17.5766
 0.8 1.32811 1.58009 1.7003 1.75766
