years
 1991 1992 1993 1994 1995 1996 1997 1998 1999 2000 2001 2002 2003 2004 2005 2006 2007 2008 2009 2010 2011 2012 2013 2014 2015 2016 2017 2018 2019
reclasobs
 0 0 0 0 0 0 0 0 0 252601 567819 844713 477998 351125 339783 2.1784e+06 2.13404e+06 4.81314e+06 1.55562e+06 2.62356e+06 3.21686e+06 3.843e+06 1.13348e+06 3.07943e+06 1.97215e+06 2.03268e+06 2.025e+06 2.42433e+06 2.27542e+06
reclaspred
 3.17922e+06 1.738e+06 878946 911655 927957 1.62426e+06 914643 782048 551417 371100 504598 689588 676348 497083 484765 1.35986e+06 1.21222e+06 3.1221e+06 2.49163e+06 1.78407e+06 3.11427e+06 2.54309e+06 1.91529e+06 3.07873e+06 2.27425e+06 2.00902e+06 2.4765e+06 2.46732e+06 1.94224e+06
pelacesobs
 0 0 0 0 0 0 0 0 0 0 0 0 0 0 0 552880 188675 0 991730 2.46772e+06 1.41603e+06 1.21717e+06 2.29649e+06 1.80582e+06 0 1.4828e+06 1.56532e+06 1.57751e+06 1.42118e+06
pelacespred
 1.90372e+06 1.13422e+06 557148 445394 502100 877432 460672 510965 331358 200909 286424 326763 356795 261974 260922 609007 602454 1.69067e+06 1.434e+06 951183 1.61555e+06 1.40027e+06 1.12409e+06 1.88726e+06 1.40115e+06 1.24646e+06 1.67252e+06 1.64836e+06 1.15046e+06
mphobs
 0 0 0 0 0 0 0 0 0 0 0 498337 0 5186 125008 0 168611 109162 213762 579715 649985 157893 87575 83554 0 0 0 0 0
mphpred
 487230 326879 156941 86993.1 96344.4 116514 161846 86824.3 77883.5 48432.9 29568.1 61292 65853.7 53684 32325.5 41003.7 152451 135402 311903 219681 227503 282442 269091 212733 312874 255685 209399 231403 301317
desembarqueobs
 494567 514787 250237 358949 120608 361735 552515 73892 212993 205616 52469 317467 293654 387597 252695 516296 358380 742168 942051 627588 828172 859565 418607 520667 417249 300574 415391 372974 316634
desembarquepred
 494572 513843 250681 358985 120614 361743 552539 73897.6 213056 205673 52472 317528 293687 387571 252669 516226 358413 742014 941742 627362 828257 859546 418610 520693 417237 300571 415379 372940 316622
Reclutas
 169409 94114.1 93189.4 143761 115673 213540 83471.7 34907 34273.8 46268.4 86156.8 126275 105420 73780.2 67117.7 361620 73559.5 582683 331628 255941 360015 493705 95578.7 286483 241077 108021 246933 243052 83038.8
log_desv_Rt
 0.204711 -0.383095 -0.39297 0.0405473 -0.176838 0.436219 -0.503095 -1.37492 -1.39322 -1.09314 -0.471435 -0.0891443 -0.269653 -0.626513 -0.721155 0.96299 -0.629508 1.44004 0.87641 0.617345 0.958542 1.27433 -0.367654 0.730076 0.557511 -0.245277 0.581516 0.565673 -0.508296
SSB
 1.95779e+06 1.31347e+06 630623 349557 387133 468176 650331 348879 312953 194614 118811 246284 264614 215714 129891 164762 612579 544073 1.2533e+06 882725 914158 1.13491e+06 1.08127e+06 854809 1.2572e+06 1.0274e+06 841411 929826 1.21076e+06
BT
 2.78323e+06 1.91343e+06 935875 895049 757371 1.51947e+06 1.08183e+06 743026 647369 466382 444745 712944 754350 766178 622732 1.29812e+06 1.06851e+06 3.06751e+06 2.82868e+06 1.81386e+06 2.90662e+06 2.67545e+06 1.81842e+06 3.10878e+06 2.21308e+06 1.89509e+06 2.73268e+06 2.6392e+06 1.72031e+06
Ftot
 0.212485 0.39181 0.384672 0.574419 0.190575 0.341116 0.79201 0.136688 0.547384 0.774449 0.168679 0.676132 0.633871 1.10338 0.80342 0.622154 0.411817 0.383291 0.541925 0.509124 0.39818 0.499819 0.302529 0.26382 0.263967 0.212749 0.259009 0.234339 0.22069
BD_Bspro_t
 0.966693 0.77269 0.56311 0.462518 0.459008 0.555956 0.560433 0.365801 0.421136 0.357259 0.312017 0.570819 0.449411 0.35459 0.240381 0.288627 0.482403 0.440379 0.576952 0.46032 0.423029 0.473261 0.489602 0.470624 0.597959 0.606503 0.613996 0.66231 0.702088
BD_Bspro
 1.99549 1.33876 0.642766 0.356288 0.394587 0.477191 0.662853 0.355597 0.318979 0.198361 0.121099 0.251027 0.269709 0.219867 0.132392 0.167934 0.624374 0.554549 1.27743 0.899722 0.93176 1.15677 1.10209 0.871268 1.2814 1.04718 0.857613 0.94773 1.23407
BD_Bo
 1.31365 0.881319 0.423139 0.234548 0.25976 0.31414 0.436363 0.234093 0.209987 0.130583 0.0797205 0.165253 0.177552 0.144741 0.0871549 0.110553 0.411032 0.365065 0.840943 0.592296 0.613387 0.76151 0.725514 0.573564 0.84356 0.689368 0.564575 0.6239 0.812399
BD_Brms
 2.38846 1.6024 0.769344 0.42645 0.472292 0.571163 0.793387 0.425623 0.381794 0.237424 0.144946 0.30046 0.322822 0.263165 0.158463 0.201005 0.74733 0.663754 1.52899 1.0769 1.11525 1.38456 1.31912 1.04284 1.53374 1.2534 1.0265 1.13436 1.47709
Sel_flota
 0.721437 0.980083 0.998932 0.999944 0.999997
 0.721437 0.980083 0.998932 0.999944 0.999997
 0.721437 0.980083 0.998932 0.999944 0.999997
 0.721437 0.980083 0.998932 0.999944 0.999997
 0.721437 0.980083 0.998932 0.999944 0.999997
 0.721437 0.980083 0.998932 0.999944 0.999997
 0.721437 0.980083 0.998932 0.999944 0.999997
 0.721437 0.980083 0.998932 0.999944 0.999997
 0.721437 0.980083 0.998932 0.999944 0.999997
 0.721437 0.980083 0.998932 0.999944 0.999997
 0.721437 0.980083 0.998932 0.999944 0.999997
 0.721437 0.980083 0.998932 0.999944 0.999997
 0.721437 0.980083 0.998932 0.999944 0.999997
 0.721437 0.980083 0.998932 0.999944 0.999997
 0.721437 0.980083 0.998932 0.999944 0.999997
 0.721437 0.980083 0.998932 0.999944 0.999997
 0.721437 0.980083 0.998932 0.999944 0.999997
 0.721437 0.980083 0.998932 0.999944 0.999997
 0.721437 0.980083 0.998932 0.999944 0.999997
 0.721437 0.980083 0.998932 0.999944 0.999997
 0.721437 0.980083 0.998932 0.999944 0.999997
 0.721437 0.980083 0.998932 0.999944 0.999997
 0.721437 0.980083 0.998932 0.999944 0.999997
 0.721437 0.980083 0.998932 0.999944 0.999997
 0.721437 0.980083 0.998932 0.999944 0.999997
 0.721437 0.980083 0.998932 0.999944 0.999997
 0.721437 0.980083 0.998932 0.999944 0.999997
 0.721437 0.980083 0.998932 0.999944 0.999997
 0.721437 0.980083 0.998932 0.999944 0.999997
Sel_reclas
 1 1 1 1 1
 1 1 1 1 1
 1 1 1 1 1
 1 1 1 1 1
 1 1 1 1 1
 1 1 1 1 1
 1 1 1 1 1
 1 1 1 1 1
 1 1 1 1 1
 1 1 1 1 1
 1 1 1 1 1
 1 1 1 1 1
 1 1 1 1 1
 1 1 1 1 1
 1 1 1 1 1
 1 1 1 1 1
 1 1 1 1 1
 1 1 1 1 1
 1 1 1 1 1
 1 1 1 1 1
 1 1 1 1 1
 1 1 1 1 1
 1 1 1 1 1
 1 1 1 1 1
 1 1 1 1 1
 1 1 1 1 1
 1 1 1 1 1
 1 1 1 1 1
 1 1 1 1 1
Sel_pelaces
 0.798107 0.952141 0.990111 0.998019 0.999606
 0.798107 0.952141 0.990111 0.998019 0.999606
 0.798107 0.952141 0.990111 0.998019 0.999606
 0.798107 0.952141 0.990111 0.998019 0.999606
 0.798107 0.952141 0.990111 0.998019 0.999606
 0.798107 0.952141 0.990111 0.998019 0.999606
 0.798107 0.952141 0.990111 0.998019 0.999606
 0.798107 0.952141 0.990111 0.998019 0.999606
 0.798107 0.952141 0.990111 0.998019 0.999606
 0.798107 0.952141 0.990111 0.998019 0.999606
 0.798107 0.952141 0.990111 0.998019 0.999606
 0.798107 0.952141 0.990111 0.998019 0.999606
 0.798107 0.952141 0.990111 0.998019 0.999606
 0.798107 0.952141 0.990111 0.998019 0.999606
 0.798107 0.952141 0.990111 0.998019 0.999606
 0.798107 0.952141 0.990111 0.998019 0.999606
 0.798107 0.952141 0.990111 0.998019 0.999606
 0.798107 0.952141 0.990111 0.998019 0.999606
 0.798107 0.952141 0.990111 0.998019 0.999606
 0.798107 0.952141 0.990111 0.998019 0.999606
 0.798107 0.952141 0.990111 0.998019 0.999606
 0.798107 0.952141 0.990111 0.998019 0.999606
 0.798107 0.952141 0.990111 0.998019 0.999606
 0.798107 0.952141 0.990111 0.998019 0.999606
 0.798107 0.952141 0.990111 0.998019 0.999606
 0.798107 0.952141 0.990111 0.998019 0.999606
 0.798107 0.952141 0.990111 0.998019 0.999606
 0.798107 0.952141 0.990111 0.998019 0.999606
 0.798107 0.952141 0.990111 0.998019 0.999606
pf_obs 
 0.8446 0.082 0.0669 0.0065 0
 0.8095 0.147 0.0364 0.0071 0
 0.9664 0.0169 0.016 0.0007 0
 0.9276 0.0648 0.0075 0.0001 0
 0.7033 0.2144 0.0806 0.0017 0
 0.9318 0.0425 0.0243 0.0014 0
 0.5671 0.3108 0.0964 0.0239 0.0018
 0.0768 0.2599 0.5324 0.112 0.0189
 0.490249 0.384438 0.106611 0.0170017 0.00170017
 0.7925 0.1577 0.0466 0.003 0.0002
 0.840416 0.127587 0.0312969 0.00059994 9.999e-05
 0.8084 0.0986 0.0794 0.0134 0.0002
 0.7335 0.1905 0.0724 0.0035 0.0001
 0.4001 0.4547 0.1325 0.0127 0
 0.49795 0.308269 0.164784 0.0264974 0.00249975
 0.9179 0.0499 0.0305 0.0017 0
 0.2467 0.6533 0.0926 0.0074 0
 0.9418 0.0223 0.034 0.0019 0
 0.707729 0.231977 0.0356964 0.0245975 0
 0.517169 0.277429 0.184464 0.0207286 0.00020938
 0.811772 0.124168 0.05621 0.00726502 0.000585176
 0.764997 0.148141 0.077277 0.00933861 0.000247198
 0.163321 0.427699 0.378323 0.0303852 0.000271297
 0.753843 0.0900009 0.118128 0.0371064 0.000921714
 0.721811 0.176058 0.0630433 0.0369309 0.00215725
 0.143369 0.312575 0.442814 0.0836902 0.0175525
 0.692698 0.0596174 0.167031 0.0765114 0.00414204
 0.394062 0.376323 0.152708 0.0712218 0.00568511
 0.125707 0.32114 0.495352 0.0537591 0.00404204
pf_pred 
 0.49501 0.139429 0.342256 0.0233039 8.81256e-07
 0.438331 0.325104 0.0662976 0.159424 0.0108435
 0.590864 0.216185 0.112791 0.0224847 0.0576758
 0.744196 0.172632 0.0444281 0.0226597 0.016084
 0.668455 0.268906 0.0426215 0.0106993 0.00931775
 0.763549 0.17398 0.0508642 0.00789983 0.00370602
 0.469649 0.435499 0.0702045 0.0200734 0.00457469
 0.463547 0.308364 0.188227 0.0295152 0.010347
 0.554359 0.242211 0.117926 0.0705738 0.01493
 0.736575 0.170675 0.0509922 0.0242198 0.0175374
 0.843128 0.127146 0.0194493 0.0056535 0.00462267
 0.757028 0.214097 0.023494 0.00352204 0.00185884
 0.70444 0.243419 0.046088 0.00492601 0.0011266
 0.656043 0.268522 0.062411 0.0115141 0.00151
 0.767009 0.176174 0.044669 0.0100541 0.00209449
 0.944685 0.0461904 0.00694689 0.00171276 0.000465116
 0.390046 0.586802 0.0194152 0.00284626 0.000891084
 0.913678 0.0411942 0.043453 0.00140509 0.000270138
 0.597837 0.377369 0.0119728 0.0123463 0.000475404
 0.621846 0.258929 0.112046 0.00346852 0.00370957
 0.749203 0.177075 0.0508627 0.0214846 0.00137456
 0.757057 0.196959 0.0326871 0.00917713 0.00411942
 0.319471 0.557423 0.100262 0.0162449 0.00659954
 0.752944 0.0982066 0.1224 0.0215456 0.00490335
 0.629341 0.300655 0.0281856 0.0343946 0.00742372
 0.438215 0.395138 0.135726 0.012458 0.0184627
 0.740138 0.135112 0.0882821 0.0297074 0.00676023
 0.660571 0.271536 0.0356628 0.0228162 0.00941425
 0.376881 0.45496 0.135093 0.0173779 0.0156878
pobs_RECLAS
 0 0 0 0 0
 0 0 0 0 0
 0 0 0 0 0
 0 0 0 0 0
 0 0 0 0 0
 0 0 0 0 0
 0 0 0 0 0
 0 0 0 0 0
 0 0 0 0 0
 0 0 0 0 0
 0.991045 0.00858322 0.000360255 1.14367e-05 0
 0.934742 0.0480273 0.0164251 0.00080598 0
 0.827803 0.169806 0.00239088 0 0
 0.941827 0.0461693 0.0120037 0 0
 0.791401 0.0380133 0.147996 0.0225897 0
 0.846168 0.0940531 0.0597789 0 0
 0.134021 0.677848 0.182769 0.00536245 0
 0.80878 0.0450904 0.141981 0.00414843 0
 0.846168 0.0940531 0.0597789 0 0
 0.905697 0.0802665 0.012482 0.00150086 5.37128e-05
 0.989698 0.0102097 9.19794e-05 0 0
 0.975433 0.0193895 0.00387452 0.00125025 5.28907e-05
 0.303575 0.632131 0.0575291 0.00676475 0
 0.966965 0.00978017 0.0227588 0.000495775 0
 0.843318 0.132988 0.00938335 0.0141283 0.000182051
 0.564624 0.303363 0.111486 0.0197234 0.00080311
 0.826376 0.0876187 0.0782897 0.00655872 0.00115652
 0.89761 0.0855135 0.0140674 0.00269457 0.000114338
 0.34875 0.467042 0.161289 0.0227151 0.000203297
ppred_RECLAS
 0.575861 0.118767 0.285923 0.0194481 7.35408e-07
 0.519498 0.280537 0.0560832 0.134719 0.00916268
 0.66689 0.177698 0.0908884 0.0180993 0.0464242
 0.801998 0.13453 0.0339228 0.0172829 0.0122668
 0.734186 0.216393 0.0336393 0.00843581 0.00734611
 0.816542 0.135696 0.038896 0.00603467 0.00283087
 0.553781 0.36781 0.0580513 0.0165798 0.00377828
 0.542838 0.264958 0.158642 0.0248506 0.00871131
 0.634327 0.200631 0.0957167 0.0572204 0.0121044
 0.797168 0.132414 0.0387351 0.0183774 0.0133062
 0.880361 0.0973285 0.0146028 0.00424035 0.003467
 0.812657 0.165486 0.0177869 0.00266353 0.00140566
 0.76831 0.19151 0.0355204 0.00379236 0.000867277
 0.731151 0.210922 0.0479359 0.00883303 0.00115832
 0.822143 0.135184 0.033557 0.00754446 0.00157159
 0.959587 0.0338616 0.00498904 0.00122871 0.000333647
 0.46796 0.512232 0.0166135 0.00243295 0.000761646
 0.936242 0.0307428 0.031791 0.0010269 0.000197418
 0.672742 0.307473 0.00955912 0.00984668 0.000379132
 0.69537 0.209915 0.0890188 0.00275272 0.00294386
 0.804997 0.138497 0.0389981 0.0164555 0.00105274
 0.811794 0.153171 0.0249122 0.00698677 0.00313604
 0.392155 0.499663 0.0881246 0.0142633 0.00579421
 0.808363 0.077085 0.0942145 0.0165669 0.00377009
 0.699804 0.244423 0.0224702 0.0273916 0.00591187
 0.517259 0.341512 0.115047 0.010549 0.0156327
 0.797252 0.106421 0.068189 0.0229221 0.00521589
 0.727528 0.218838 0.0281868 0.0180145 0.00743263
 0.453727 0.40096 0.116764 0.0150046 0.0135445
pobs_PELACES
 0 0 0 0 0
 0 0 0 0 0
 0 0 0 0 0
 0 0 0 0 0
 0 0 0 0 0
 0 0 0 0 0
 0 0 0 0 0
 0 0 0 0 0
 0 0 0 0 0
 0 0 0 0 0
 0 0 0 0 0
 0 0 0 0 0
 0 0 0 0 0
 0 0 0 0 0
 0 0 0 0 0
 0 0 0 0 0
 0.505614 0.472636 0.0217494 0 0
 0 0 0 0 0
 0.443492 0.261883 0.143347 0.151278 0
 0.227955 0.32914 0.350689 0.0885471 0.00366901
 0.970185 0.0296113 0.000203453 0 0
 0.997202 0.00247181 0.000326279 0 0
 0.445219 0.490057 0.0546422 0.010081 0
 0.90214 0.0892962 0.00764917 0.000914606 0
 0 0 0 0 0
 0.581667 0.319106 0.0959925 0.00289975 0.000334073
 0.762889 0.0836404 0.116647 0.0363945 0.000428098
 0.88444 0.0763242 0.0277011 0.0115352 0
 0.521256 0.241999 0.230069 0.00667565 0
ppred_PELACES
 0.529903 0.128038 0.320111 0.0219459 8.31175e-07
 0.4793 0.298627 0.0619293 0.149931 0.0102134
 0.629819 0.193743 0.1028 0.0206323 0.053005
 0.778779 0.148391 0.0387714 0.0199071 0.0141517
 0.700163 0.242221 0.0391096 0.00988531 0.00862203
 0.791759 0.152468 0.0453498 0.00709138 0.00333184
 0.525134 0.388899 0.063514 0.01828 0.0041723
 0.49752 0.286345 0.178134 0.0281254 0.00987495
 0.599467 0.215874 0.106732 0.0643031 0.0136241
 0.776423 0.144017 0.043599 0.0208448 0.0151165
 0.861285 0.111973 0.0174516 0.00510778 0.00418286
 0.793195 0.181891 0.0202444 0.00305506 0.00161483
 0.74461 0.209763 0.0402981 0.00433589 0.000993145
 0.713172 0.223383 0.0524312 0.00973496 0.0012786
 0.804448 0.147345 0.0378446 0.00857409 0.00178888
 0.954256 0.0380948 0.00581402 0.00144302 0.000392461
 0.432639 0.545454 0.0183495 0.00270826 0.000849175
 0.925785 0.0350993 0.0376535 0.00122583 0.000236034
 0.642894 0.334696 0.010784 0.0111951 0.000431731
 0.663929 0.228937 0.100638 0.00313635 0.00335942
 0.779689 0.154685 0.0451812 0.0192142 0.00123118
 0.789288 0.170247 0.0287043 0.00811323 0.00364741
 0.355277 0.526275 0.0963381 0.0157157 0.00639431
 0.779373 0.08669 0.109999 0.0194952 0.00444351
 0.664725 0.270808 0.0258462 0.0317559 0.00686467
 0.474786 0.36724 0.128477 0.0118738 0.0176237
 0.767759 0.11959 0.0795546 0.026954 0.00614305
 0.693667 0.243993 0.0326325 0.0210208 0.00868672
 0.412437 0.426701 0.129038 0.0167131 0.0151107
pobs_pel_tallas
 0 0 0 0 0 0 0 0 0 0 0 0 0 0 0 0 0 0 0 0 0 0 0 0 0 0
 0 0 0 0 0 0 0 0 0 0 0 0 0 0 0 0 0 0 0 0 0 0 0 0 0 0
 0 0 0 0 0 0 0 0 0 0 0 0 0 0 0 0 0 0 0 0 0 0 0 0 0 0
 0 0 0 0 0 0 0 0 0 0 0 0 0 0 0 0 0 0 0 0 0 0 0 0 0 0
 0 0 0 0 0 0 0 0 0 0 0 0 0 0 0 0 0 0 0 0 0 0 0 0 0 0
 0 0 0 0 0 0 0 0 0 0 0 0 0 0 0 0 0 0 0 0 0 0 0 0 0 0
 0 0 0 0 0 0 0 0 0 0 0 0 0 0 0 0 0 0 0 0 0 0 0 0 0 0
 0 0 0 0 0 0 0 0 0 0 0 0 0 0 0 0 0 0 0 0 0 0 0 0 0 0
 0 0 0 0 0 0 0 0 0 0 0 0 0 0 0 0 0 0 0 0 0 0 0 0 0 0
 0 0 0 0 0 0 0 0 0 0 0 0 0 0 0 0 0 0 0 0 0 0 0 0 0 0
 0 0 0 0 0 0 0 0 0 0 0 0 0 0 0 0 0 0 0 0 0 0 0 0 0 0
 0 0 0 0 0 0 0 0 0 0 0 0 0 0 0 0 0 0 0 0 0 0 0 0 0 0
 0.00862536 0 0 0.000197151 0.00414017 0.0128641 0.00837892 0.0270097 0.101434 0.158115 0.152841 0.127902 0.109271 0.109419 0.0830992 0.0579132 0.0238553 0.00714673 0.00463305 0.00128148 0.00103504 0.000492878 0.000147863 0.000147863 4.92878e-05 0
 0 0 0 0 0 0 0 0 0 0 0 0 0 0 0 0 0 0 0 0 0 0 0 0 0 0
 0 0 0 0 0 0 0 0.0054083 0.00873648 0.0413646 0.0450493 0.0745869 0.0622846 0.0627006 0.0613931 0.0827291 0.12552 0.122667 0.0946155 0.0697135 0.0546179 0.0294188 0.0215738 0.0213955 0.0102223 0.00600262
 0 0 0 0 0.00359764 0.0251062 0.0480494 0.140153 0.205849 0.193036 0.1447 0.116669 0.0760912 0.0342217 0.00950174 0.001854 0.000860785 0 0 0 0.000165536 0 0.000143464 0 0 0
 0 0 0 0 0 0 0 0.000145254 0.000435761 0.0275982 0.070085 0.0708112 0.156366 0.174668 0.174014 0.160142 0.0824315 0.0480064 0.0283245 0.00493863 0.00203355 0 0 0 0 0
 0 0 0 0 0 0 0 0 0 0 0 0 0 0 0 0 0 0 0 0 0 0 0 0 0 0
 0 0 1.00437e-05 0.000401748 0.00122533 0.00171747 0.00176769 0.0269171 0.070346 0.194647 0.189555 0.159765 0.064822 0.0314167 0.0384472 0.0292271 0.0345202 0.0313363 0.0194345 0.0106764 0.0143323 0.0359363 0.0279516 0.0138201 0.00172751 0
 0 0.0021121 0.0136068 0.0755702 0.200478 0.177729 0.0527432 0.0373336 0.0318909 0.0142505 0.0149659 0.0166563 0.0217959 0.0798694 0.0677717 0.0528807 0.04013 0.0224614 0.0357745 0.0225083 0.00881397 0.00855152 0.00135912 0.000746735 0 0
 0 0 0 0 5.4009e-05 0.00500934 0.000945158 0.0243581 0.138947 0.33067 0.221406 0.137944 0.0707744 0.0437923 0.0131692 0.00525238 0.0047753 0.00276346 9.45158e-05 9.00151e-06 2.25038e-05 9.00151e-06 4.50075e-06 0 0 0
 0.000866109 0.00284123 0.00948549 0.0512746 0.133035 0.25785 0.225252 0.132002 0.0553304 0.0519788 0.0540692 0.017754 0.00435017 0.00159236 0.00146478 0.000404838 0.000125132 0.000115318 0.000107957 0.000100596 0 0 0 0 0 0
 0 0 0 0 0.00144013 0.00171154 0.00461396 0.0210425 0.0478622 0.0707936 0.0888783 0.103762 0.0637923 0.0337046 0.0602308 0.124433 0.169614 0.0934646 0.0462172 0.0250306 0.0313229 0.00938855 0.002487 0.000210481 0 0
 0 0.00764035 0.051015 0.0998891 0.058973 0.0496711 0.0374665 0.0718981 0.12319 0.153886 0.159021 0.0857701 0.0377988 0.023471 0.0147837 0.00900784 0.00315554 0.000888139 0.00291439 0.00214683 0.00393193 0.00274676 0.000635225 9.99891e-05 0 0
 0 0 0 0 0 0 0 0 0 0 0 0 0 0 0 0 0 0 0 0 0 0 0 0 0 0
 0 0 0 0 0 0 0 0 0 0 0 0 0 0 0 0 0 0 0 0 0 0 0 0 0 0
 0 0 0 0 0 0 0 0 0 0 0 0 0 0 0 0 0 0 0 0 0 0 0 0 0 0
 0 0 0 0 0 0 0 0 0 0 0 0 0 0 0 0 0 0 0 0 0 0 0 0 0 0
 0 0 0 0 0 0 0 0 0 0 0 0 0 0 0 0 0 0 0 0 0 0 0 0 0 0
ppred_pel_tallas
 1.11472e-16 4.36475e-05 0.000424269 0.00281942 0.0128167 0.0398775 0.0849637 0.12401 0.124022 0.0850265 0.0400898 0.0134359 0.00439652 0.00394193 0.00694315 0.0119788 0.0185744 0.0261053 0.0338604 0.0413484 0.0482956 0.0542659 0.0583254 0.0592289 0.0561039 0.0491018
 1.18628e-16 3.94793e-05 0.000383753 0.00255018 0.0115927 0.0360695 0.076851 0.112172 0.112201 0.076992 0.0365435 0.012963 0.00599433 0.00791888 0.0144012 0.0238879 0.0347651 0.0445301 0.0507241 0.052383 0.0506659 0.0480248 0.0465482 0.0467579 0.0476111 0.0474291
 1.14056e-16 5.18774e-05 0.000504267 0.00335103 0.0152333 0.0473966 0.100984 0.147393 0.147412 0.101076 0.0477057 0.0161279 0.00560323 0.00544292 0.00949696 0.0157928 0.0231609 0.0300178 0.0347936 0.0368107 0.0366637 0.0357085 0.0350804 0.0350319 0.0349996 0.0341605
 1.05549e-16 6.4147e-05 0.000623532 0.00414359 0.0188362 0.0586064 0.124868 0.182251 0.182265 0.124938 0.0588418 0.0195166 0.00585329 0.00436201 0.00718277 0.011823 0.0171459 0.0218244 0.0245593 0.0247771 0.022968 0.0203233 0.0179669 0.0163846 0.0153901 0.0144857
 1.03642e-16 5.76715e-05 0.000560588 0.0037253 0.0169347 0.0526903 0.112263 0.163856 0.163879 0.112377 0.0530735 0.0180417 0.00650457 0.00662939 0.0115884 0.0190799 0.0275117 0.0346664 0.038324 0.0374663 0.0328771 0.0265942 0.0206705 0.0162093 0.013234 0.0111846
 1.02623e-16 6.52162e-05 0.000633925 0.00421265 0.0191501 0.0595832 0.126949 0.185289 0.185303 0.127021 0.0598251 0.0198493 0.00596943 0.00447504 0.0073779 0.0121401 0.0175897 0.0223439 0.0250324 0.0250126 0.0227254 0.0193455 0.0160261 0.013342 0.0112606 0.00947808
 1.04472e-16 4.32547e-05 0.000420451 0.00279405 0.0127014 0.0395188 0.0842005 0.122901 0.122938 0.0843837 0.0401341 0.0144787 0.00725627 0.010164 0.0185556 0.0306273 0.044162 0.055633 0.0614685 0.060017 0.0525149 0.0422131 0.032397 0.0248501 0.0196526 0.0159744
 1.09706e-16 4.09801e-05 0.000398342 0.00264712 0.0120334 0.0374407 0.0797723 0.116436 0.116464 0.0799084 0.0378981 0.0133574 0.00598118 0.00771196 0.0140346 0.023408 0.0343485 0.0445161 0.0515117 0.0541753 0.0531498 0.0501812 0.0467837 0.043401 0.0395917 0.0348089
 1.1189e-16 4.93773e-05 0.000479965 0.00318954 0.0144992 0.0451125 0.0961177 0.140291 0.140312 0.0962201 0.0454568 0.0154955 0.00569759 0.00597881 0.0105634 0.0175732 0.0257584 0.0333537 0.0385994 0.0407243 0.0403637 0.0389871 0.0378074 0.0370636 0.0361307 0.0341749
 1.05944e-16 6.3953e-05 0.000621645 0.00413105 0.0187792 0.0584291 0.12449 0.181699 0.181713 0.124558 0.0586577 0.0194402 0.0057927 0.00425669 0.00699045 0.0115167 0.0167313 0.0213594 0.0241535 0.0245642 0.0230591 0.0207667 0.0187348 0.0173871 0.0165065 0.0155975
 1.01753e-16 7.09429e-05 0.00068959 0.00458257 0.0208317 0.0648152 0.138096 0.201558 0.201568 0.138149 0.0649924 0.0213434 0.0058672 0.0034946 0.00540018 0.00882076 0.0127131 0.0160165 0.0177026 0.0173019 0.0151796 0.0122815 0.00955921 0.00752284 0.00617959 0.0052637
 1.01211e-16 6.53344e-05 0.000635074 0.00422029 0.0191848 0.0596912 0.127179 0.185625 0.185643 0.127265 0.0599787 0.0200149 0.00630341 0.00518095 0.00869407 0.0142572 0.0205021 0.0257186 0.0282087 0.0271868 0.0232436 0.0179461 0.0129073 0.00904826 0.00647486 0.00482555
 1.0182e-16 6.13326e-05 0.000596175 0.00396179 0.0180097 0.0560351 0.119389 0.174257 0.174277 0.119488 0.0563671 0.0189689 0.00637017 0.00585601 0.0100574 0.0165469 0.0238692 0.0300942 0.0332893 0.0325495 0.0285155 0.0229076 0.017472 0.0131699 0.0100784 0.00781225
 1.02763e-16 5.87431e-05 0.000571004 0.00379452 0.0172494 0.0536693 0.114349 0.1669 0.166922 0.114454 0.0540232 0.018272 0.00636316 0.00618357 0.0107333 0.0176909 0.0255706 0.0323462 0.0359842 0.0355328 0.0316607 0.0261528 0.020793 0.0165203 0.0133516 0.0108539
 1.02293e-16 6.62613e-05 0.000644084 0.00428016 0.019457 0.060538 0.128983 0.188258 0.188272 0.129053 0.0607716 0.020132 0.00597587 0.00435027 0.00711806 0.0116969 0.0169232 0.0214483 0.0239396 0.023776 0.021397 0.0179653 0.0146305 0.0119781 0.00998849 0.00835746
 1.00389e-16 7.86008e-05 0.000764028 0.00507723 0.0230804 0.0718116 0.153002 0.223312 0.223316 0.15302 0.0718718 0.0232544 0.00551415 0.00171795 0.00189062 0.00300207 0.00431903 0.00543541 0.00599556 0.00583667 0.0050802 0.00404659 0.00306122 0.00230318 0.0017841 0.00142466
 1.01085e-16 3.5636e-05 0.000346395 0.00230192 0.0104642 0.0325583 0.0693709 0.10126 0.101312 0.0696273 0.0334188 0.0129484 0.00853285 0.0139328 0.0257922 0.0424611 0.0608762 0.0759479 0.0825131 0.0781904 0.0648303 0.0473374 0.0308451 0.0184104 0.0105372 0.00614909
 1.01259e-16 7.62557e-05 0.000741233 0.00492575 0.0223918 0.0696691 0.148437 0.21665 0.216653 0.148454 0.0697256 0.0225558 0.00533981 0.00165306 0.0018312 0.00296692 0.00440619 0.00582983 0.00695694 0.00763936 0.00791262 0.00790922 0.00771608 0.00731038 0.00661941 0.00562917
 1.01593e-16 5.29544e-05 0.000514735 0.0034206 0.0155496 0.0483806 0.103081 0.150457 0.150489 0.103239 0.0489087 0.0170741 0.00724467 0.00885367 0.0158637 0.0260731 0.0373938 0.0466895 0.050807 0.048305 0.0403355 0.0299108 0.0201597 0.0129084 0.00839609 0.00589191
 1.03846e-16 5.4687e-05 0.000531577 0.00353252 0.0160583 0.0499635 0.106453 0.155376 0.155399 0.106562 0.0503277 0.0171116 0.00618121 0.00632999 0.0111144 0.018411 0.0268009 0.0342899 0.0388539 0.0395108 0.0368299 0.0324077 0.0277803 0.0236671 0.0200005 0.0164522
 1.03479e-16 6.4222e-05 0.00062426 0.00414843 0.0188582 0.0586749 0.125014 0.182464 0.182479 0.125087 0.0589203 0.0195677 0.00593146 0.00452343 0.00748956 0.0123332 0.0178858 0.0227582 0.0255778 0.0257133 0.023628 0.020515 0.0175189 0.0151683 0.0133553 0.0117007
 1.02303e-16 6.50127e-05 0.000631946 0.00419951 0.0190904 0.0593973 0.126553 0.184711 0.184727 0.126633 0.0596667 0.0198686 0.00615334 0.00489861 0.00817242 0.013419 0.019351 0.0243914 0.0269785 0.0263935 0.0231803 0.0187609 0.0145671 0.0113684 0.00918474 0.00763746
 1.05573e-16 2.92638e-05 0.000284455 0.00189031 0.00859308 0.0267365 0.0569669 0.0831555 0.0832063 0.0572149 0.0275695 0.0109992 0.00793167 0.0134781 0.0251016 0.0414912 0.059858 0.0754606 0.0834671 0.0816258 0.0715727 0.0576556 0.0442747 0.0338304 0.026467 0.0211395
 1.05904e-16 6.41959e-05 0.000624007 0.00414675 0.0188505 0.058651 0.124962 0.182388 0.182397 0.125004 0.0587914 0.019258 0.00517719 0.00289878 0.00445869 0.00746371 0.0111993 0.0150329 0.0183402 0.0208007 0.0224987 0.0236842 0.0244174 0.02444 0.0233783 0.0210725
 1.05162e-16 5.47526e-05 0.000532214 0.00353675 0.0160776 0.0500235 0.106581 0.155564 0.15559 0.106709 0.0504515 0.0173138 0.00663944 0.00730444 0.0129141 0.0212586 0.0306133 0.0384989 0.0424417 0.0413394 0.0361375 0.0292006 0.022889 0.0184351 0.0157741 0.0141199
 1.07975e-16 3.91076e-05 0.000380139 0.00252616 0.0114836 0.0357299 0.0761276 0.111118 0.111153 0.0763012 0.0363131 0.0131698 0.00676451 0.00965179 0.0177042 0.0293545 0.0426269 0.0543238 0.0611858 0.0616781 0.0568327 0.0493993 0.0420415 0.0360308 0.0312147 0.0268494
 1.0607e-16 6.32393e-05 0.000614709 0.00408495 0.0185696 0.057777 0.123101 0.179671 0.179683 0.123157 0.0579684 0.0191236 0.00548075 0.0036791 0.00593429 0.00984527 0.0144938 0.0188973 0.0220902 0.0236253 0.0237886 0.0232882 0.0226837 0.0220399 0.0210314 0.0193087
 1.04583e-16 5.71365e-05 0.000555387 0.00369074 0.0167776 0.0522015 0.111222 0.162336 0.16236 0.111337 0.0525874 0.0178923 0.00648896 0.00666483 0.0116631 0.0192 0.027677 0.0348635 0.0385342 0.0376862 0.0331431 0.0269925 0.0213186 0.0172112 0.0146285 0.0129126
 1.08067e-16 3.3972e-05 0.00033022 0.00219443 0.00997558 0.0310379 0.0661311 0.096529 0.0965702 0.0663327 0.031715 0.0119325 0.00711179 0.0110823 0.0205054 0.0339796 0.0492578 0.0625953 0.0701724 0.0701983 0.063911 0.0545978 0.0454798 0.0381531 0.0325066 0.0276661
pSPR Fmed_Fpbrs
0.519644   0.6 0.325
Fs Fmed_Fpbrs
0.387394   0.294043 0.725465
SSBpbr Bo_Bmed_Bpbrs
1.49035e+06  699931  819690 409845
Ro
138048
SPR SPRFo_SPRFmed_SPRFpbrs
981109 509827 318860
Fref
0.294043
Nvult_r0
 56986.8 53131.8 15531.9 1996.31 1802.07
CTP_r0
 7826.95 9448.47 2805.57 360.9 325.799
YTP_r0
316622
Np
 186312 55439.3 7184.37 6136.11 2271.4
Nvult_p0
 130873 40150.8 5214.08 4453.81 1648.67
CTP_p0
 22903.8 4220.96 3686.76 1072.36 178.445
 22903.8 8982.32 1183.81 1011.99 374.623
YTP_p0
 360499 382079
CBA_c0
366973
log_Ro
11.6554
likeval ReclasPelacesDesembMPH_pf_preclas_ppelaces_ptallas_desvR_qrecl_qpela
 12.2421 16.8475 0.0354702 0.000819896 222.388 103.264 84.8333 0 22.3698 4.55862e-06 2.17003e-05 0.178234 7.52687e-16 0 0
q_reclas_q_pelaces
1.35331 1.94011
M
1
N
 169409 35912.9 86630.7 5893.15 0.222843
 94114.1 53464.6 10727.8 25774.8 1753.05
 93189.4 26097.6 13396.8 2668.33 6844.24
 143761 25974.6 6585.25 3356.01 2382.02
 115673 34943.9 5441.96 1364.83 1188.53
 213540 37087.4 10665 1654.94 776.343
 83471.7 61419.6 9766.48 2790.48 635.921
 34907 17341.8 10396.8 1628.72 570.944
 34273.8 11635.7 5579.82 3336.6 705.831
 46268.4 8494.99 2503.26 1188.1 860.267
 86156.8 9735.14 1462.95 424.846 347.365
 126275 28063.7 3035.64 454.733 239.987
 105420 28521.9 5321.81 568.368 129.983
 73780.2 24548.5 5637.42 1039.37 136.303
 67117.7 12244.4 3062.56 688.821 143.492
 361620 13829.9 2049.62 504.942 137.116
 73559.5 84923.2 2765.08 405.014 126.793
 582683 20105.5 20866.3 674.146 129.604
 331628 162572 5080.13 5234.39 201.545
 255941 82520.6 35162.9 1087.62 1163.16
 360015 65212.3 18431.6 7778.88 497.662
 493705 99373.3 16238.7 4555.39 2044.73
 95578.7 126640 22399.1 3625.94 1472.98
 286483 28267 34634.4 6091.01 1386.13
 241077 87125.5 8029.55 9789.48 2112.86
 108021 73308.7 24745.4 2269.24 3362.82
 246933 34084.5 21893 7360.44 1674.86
 243052 75358.7 9727.83 6217.92 2565.47
 83038.8 75506.2 22034 2831.77 2556.23
pred_Ctot
 15411.2 4340.85 10655.4 725.52 0.0274361
 14989.1 11117.2 2267.1 5451.63 370.804
 14601.2 5342.25 2787.24 555.632 1425.26
 31882.3 7395.75 1903.35 970.769 689.058
 9498.62 3821.1 605.644 152.035 132.403
 30042.5 6845.41 2001.3 310.825 145.816
 24046.1 22297.6 3594.48 1027.76 234.225
 2088.84 1389.55 848.193 133.002 46.626
 7298.09 3188.69 1552.49 929.099 196.552
 13095.2 3034.35 906.566 430.591 311.789
 6302.45 950.43 145.385 42.2603 34.5549
 32049.3 9063.93 994.635 149.108 78.6953
 25377.3 8769.12 1660.31 177.458 40.5855
 27273.4 11163.1 2594.59 478.67 62.7747
 19553.2 4491.16 1138.74 256.306 53.3944
 85719.2 4191.24 630.35 155.414 42.2039
 12243.6 18419.8 609.448 89.3447 27.9713
 91004.7 4103.06 4328.03 139.951 26.9065
 70017.7 44196.8 1402.24 1445.98 55.6785
 51236 21334 9231.84 285.783 305.644
 58164 13747.1 3948.7 1667.94 106.713
 97280.9 25309 4200.25 1179.25 529.341
 12059.2 21041.2 3784.64 613.201 249.115
 31876.6 4157.67 5181.95 912.154 207.588
 26838 12821.3 1201.97 1466.74 316.581
 9838.17 8871.06 3047.11 279.689 414.497
 27012.7 4931.16 3222.02 1084.23 246.727
 24229.2 9959.7 1308.08 836.878 345.307
 7826.95 9448.47 2805.57 360.9 325.799
F
 0.153294 0.208253 0.212258 0.212473 0.212484
 0.282666 0.384006 0.391392 0.391788 0.391809
 0.277516 0.37701 0.384261 0.38465 0.38467
 0.414407 0.562978 0.573805 0.574387 0.574417
 0.137488 0.18678 0.190372 0.190565 0.190575
 0.246093 0.334321 0.340751 0.341096 0.341115
 0.571386 0.776236 0.791164 0.791966 0.792008
 0.0986117 0.133965 0.136542 0.13668 0.136687
 0.394903 0.536482 0.5468 0.547354 0.547383
 0.558717 0.759024 0.773622 0.774406 0.774447
 0.121691 0.165319 0.168498 0.168669 0.168678
 0.487787 0.662665 0.675409 0.676094 0.67613
 0.457298 0.621246 0.633194 0.633836 0.633869
 0.796018 1.0814 1.1022 1.10332 1.10338
 0.579617 0.787417 0.802561 0.803374 0.803417
 0.448845 0.609763 0.62149 0.622119 0.622153
 0.2971 0.403615 0.411377 0.411794 0.411816
 0.276521 0.375657 0.382882 0.38327 0.38329
 0.390965 0.531131 0.541346 0.541894 0.541923
 0.367301 0.498983 0.50858 0.509095 0.509122
 0.287262 0.390249 0.397754 0.398157 0.398179
 0.360588 0.489864 0.499285 0.499791 0.499818
 0.218255 0.296503 0.302205 0.302512 0.302528
 0.19033 0.258566 0.263538 0.263806 0.26382
 0.190435 0.258709 0.263685 0.263952 0.263966
 0.153485 0.208512 0.212522 0.212737 0.212749
 0.186859 0.25385 0.258733 0.258995 0.259008
 0.169061 0.229671 0.234088 0.234326 0.234338
 0.159214 0.216295 0.220455 0.220678 0.22069
YTP_r0W_actual
 40700.1 193694 60881 10466.1 10881.7
YTP_p0W_proyectada
 171549 66142.5 85274.8 31495.1 6036.8
 171549 140753 27381.5 29722 12673.5
CTP_r0_actual
 7826.95 9448.47 2805.57 360.9 325.799
CTP_p0_proyectada
 22903.8 4220.96 3686.76 1072.36 178.445
 22903.8 8982.32 1183.81 1011.99 374.623
Wmedp
 7.49 15.67 23.13 29.37 33.83
Frms_r0
 0.159214 0.216295 0.220455 0.220678 0.22069
Zrms_r0
 1.15921 1.21629 1.22045 1.22068 1.22069
nmprior
 8.19 8.8 8.5 0
nm_flota  nm_reclas  nm_pelaces    nm_pelaL
inf 13.1014 14.419 18.8291
cv_recla  cv_pelaces  cv_mph
0.331932 0.502705 0.883659
 ------------------------------------------------
Talla a la edad & desviaci?n 
 8 13.2811 15.8009 17.003 17.5766
 0.8 1.32811 1.58009 1.7003 1.75766
