years
 1991 1992 1993 1994 1995 1996 1997 1998 1999 2000 2001 2002 2003 2004 2005 2006 2007 2008 2009 2010 2011 2012 2013 2014 2015 2016 2017 2018
reclasobs
 0 0 0 0 0 0 0 0 0 252601 567819 844713 477998 351125 339783 2.1784e+06 2.13404e+06 4.81314e+06 1.55562e+06 2.62356e+06 3.21686e+06 3.843e+06 1.13348e+06 3.07943e+06 1.97215e+06 2.03268e+06 2.025e+06 2.42433e+06
reclaspred
 4.13785e+06 2.85392e+06 2.03113e+06 2.12843e+06 2.21168e+06 2.53982e+06 2.1297e+06 2.99078e+06 3.12413e+06 3.31656e+06 2.42798e+06 2.44203e+06 2.25557e+06 2.11373e+06 2.18089e+06 2.23039e+06 2.3268e+06 2.69515e+06 1.56502e+06 1.15973e+06 1.85831e+06 1.17295e+06 1.46424e+06 2.18627e+06 1.93063e+06 2.31738e+06 2.49007e+06 2.08396e+06
pelacesobs
 0 0 0 0 0 0 0 0 0 0 0 0 0 0 0 552880 188675 0 991730 2.46772e+06 1.41603e+06 1.21717e+06 2.29649e+06 1.80582e+06 0 1.4828e+06 1.56532e+06 1.57751e+06
pelacespred
 1.99634e+06 1.47929e+06 1.02532e+06 926007 1.03985e+06 1.17792e+06 1.00648e+06 1.54688e+06 1.71199e+06 1.69967e+06 1.39137e+06 1.17353e+06 1.14172e+06 1.16757e+06 1.20974e+06 1.06233e+06 1.06381e+06 1.17114e+06 775543 507788 735073 524351 677245 1.07724e+06 969360 1.13249e+06 1.35126e+06 1.19874e+06
mphobs
 0 0 0 0 0 0 0 0 0 0 0 498337 0 5186 125008 0 168611 109162 213762 579715 649985 157893 87575 83554 0 0 0 0
mphpred
 3.86597e+06 2.813e+06 1.94484e+06 1.56458e+06 1.75165e+06 1.88619e+06 1.93085e+06 1.76899e+06 2.47583e+06 2.82005e+06 2.2673e+06 2.04588e+06 1.86374e+06 1.64667e+06 1.58626e+06 1.96125e+06 1.70035e+06 2.11142e+06 1.59662e+06 958159 1.13631e+06 1.18333e+06 824539 1.38588e+06 1.76111e+06 1.54189e+06 1.93583e+06 1.72334e+06
desembarqueobs
 494567 514787 250237 358949 120608 361735 552515 73892 212993 205616 52469 317467 293654 387597 252695 516296 358380 742168 942051 627588 828172 859565 418607 520667 417249 300574 415391 372974
desembarquepred
 494389 505122 261104 358657 120520 361436 552028 73841.6 212875 205510 52435.4 317342 293531 387455 252560 515946 358057 740854 938924 625735 826321 856983 418120 520171 416866 300345 415086 372696
Reclutas
 326676 326676 326676 326676 326676 326676 326676 326676 326676 326676 326676 326676 326676 326676 326676 326676 326676 326676 326676 326676 326676 326676 326676 326676 326676 326676 326676 326676
log_desv_Rt
 0 0 0 0 0 0 0 0 0 0 0 0 0 0 0 0 0 0 0 0 0 0 0 0 0 0 0 0
SSB
 3.86597e+06 2.813e+06 1.94484e+06 1.56458e+06 1.75165e+06 1.88619e+06 1.93085e+06 1.76899e+06 2.47583e+06 2.82005e+06 2.2673e+06 2.04588e+06 1.86374e+06 1.64667e+06 1.58626e+06 1.96125e+06 1.70035e+06 2.11142e+06 1.59662e+06 958159 1.13631e+06 1.18333e+06 824539 1.38588e+06 1.76111e+06 1.54189e+06 1.93583e+06 1.72334e+06
BT
 5.40399e+06 4.33813e+06 2.85001e+06 2.89626e+06 2.88947e+06 3.69923e+06 3.20538e+06 5.12189e+06 5.2879e+06 4.81089e+06 3.81289e+06 3.46147e+06 3.50487e+06 4.04489e+06 4.08336e+06 3.3633e+06 3.38193e+06 3.92166e+06 3.25428e+06 2.09957e+06 3.0252e+06 2.36013e+06 2.67619e+06 4.03794e+06 3.0499e+06 3.80553e+06 4.58398e+06 4.10336e+06
Ftot
 0.113597 0.167522 0.122143 0.159688 0.0520811 0.135142 0.243831 0.0236522 0.0650818 0.0591873 0.0206906 0.12349 0.12369 0.173664 0.110276 0.218092 0.146066 0.2582 0.548682 0.497363 0.412656 0.66052 0.268905 0.224647 0.203879 0.123267 0.158094 0.169538
BD_Bspro_t
 0.981989 0.883052 0.802387 0.789601 0.793638 0.839211 0.807764 0.757282 0.862521 0.892254 0.894939 0.916428 0.861053 0.821185 0.805162 0.818774 0.745806 0.777588 0.666539 0.519742 0.511426 0.503845 0.449254 0.610566 0.689084 0.708586 0.78549 0.78543
BD_Bspro
 1.66899 1.21441 0.839614 0.675451 0.756212 0.814297 0.833578 0.763699 1.06885 1.21746 0.978825 0.883238 0.804603 0.71089 0.684814 0.846698 0.734067 0.911533 0.689286 0.413651 0.490561 0.51086 0.355966 0.598306 0.760297 0.665658 0.835728 0.743991
BD_Bo
 1.52685 1.11099 0.768108 0.617926 0.691809 0.744947 0.762586 0.698658 0.977824 1.11377 0.895463 0.808016 0.736079 0.650347 0.626491 0.774589 0.67155 0.833902 0.630583 0.378422 0.448782 0.467352 0.32565 0.547351 0.695546 0.608967 0.764553 0.680629
BD_Brms
 6.52936 4.75098 3.2847 2.64247 2.95842 3.18565 3.26108 2.98771 4.18151 4.76288 3.82931 3.45536 3.14773 2.78111 2.67909 3.31241 2.87178 3.56606 2.69659 1.61827 1.91915 1.99856 1.39259 2.34067 2.9744 2.60416 3.2695 2.91061
Sel_flota
 0.5 1 1 1 1
 0.5 1 1 1 1
 0.5 1 1 1 1
 0.5 1 1 1 1
 0.5 1 1 1 1
 0.5 1 1 1 1
 0.5 1 1 1 1
 0.5 1 1 1 1
 0.5 1 1 1 1
 0.5 1 1 1 1
 0.5 1 1 1 1
 0.5 1 1 1 1
 0.5 1 1 1 1
 0.5 1 1 1 1
 0.5 1 1 1 1
 0.5 1 1 1 1
 0.5 1 1 1 1
 0.5 1 1 1 1
 0.5 1 1 1 1
 0.5 1 1 1 1
 0.5 1 1 1 1
 0.5 1 1 1 1
 0.5 1 1 1 1
 0.5 1 1 1 1
 0.5 1 1 1 1
 0.5 1 1 1 1
 0.5 1 1 1 1
 0.5 1 1 1 1
Sel_reclas
 0.5 1 1 1 1
 0.5 1 1 1 1
 0.5 1 1 1 1
 0.5 1 1 1 1
 0.5 1 1 1 1
 0.5 1 1 1 1
 0.5 1 1 1 1
 0.5 1 1 1 1
 0.5 1 1 1 1
 0.5 1 1 1 1
 0.5 1 1 1 1
 0.5 1 1 1 1
 0.5 1 1 1 1
 0.5 1 1 1 1
 0.5 1 1 1 1
 0.5 1 1 1 1
 0.5 1 1 1 1
 0.5 1 1 1 1
 0.5 1 1 1 1
 0.5 1 1 1 1
 0.5 1 1 1 1
 0.5 1 1 1 1
 0.5 1 1 1 1
 0.5 1 1 1 1
 0.5 1 1 1 1
 0.5 1 1 1 1
 0.5 1 1 1 1
 0.5 1 1 1 1
Sel_pelaces
 0.5 1 1 1 1
 0.5 1 1 1 1
 0.5 1 1 1 1
 0.5 1 1 1 1
 0.5 1 1 1 1
 0.5 1 1 1 1
 0.5 1 1 1 1
 0.5 1 1 1 1
 0.5 1 1 1 1
 0.5 1 1 1 1
 0.5 1 1 1 1
 0.5 1 1 1 1
 0.5 1 1 1 1
 0.5 1 1 1 1
 0.5 1 1 1 1
 0.5 1 1 1 1
 0.5 1 1 1 1
 0.5 1 1 1 1
 0.5 1 1 1 1
 0.5 1 1 1 1
 0.5 1 1 1 1
 0.5 1 1 1 1
 0.5 1 1 1 1
 0.5 1 1 1 1
 0.5 1 1 1 1
 0.5 1 1 1 1
 0.5 1 1 1 1
 0.5 1 1 1 1
pf_obs 
 0.8446 0.082 0.0669 0.0065 0
 0.8095 0.147 0.0364 0.0071 0
 0.9664 0.0169 0.016 0.0007 0
 0.9276 0.0648 0.0075 0.0001 0
 0.7033 0.2144 0.0806 0.0017 0
 0.9318 0.0425 0.0243 0.0014 0
 0.5671 0.3108 0.0964 0.0239 0.0018
 0.0768 0.2599 0.5324 0.112 0.0189
 0.490249 0.384438 0.106611 0.0170017 0.00170017
 0.7925 0.1577 0.0466 0.003 0.0002
 0.840416 0.127587 0.0312969 0.00059994 9.999e-05
 0.8084 0.0986 0.0794 0.0134 0.0002
 0.7335 0.1905 0.0724 0.0035 0.0001
 0.4001 0.4547 0.1325 0.0127 0
 0.49795 0.308269 0.164784 0.0264974 0.00249975
 0.9179 0.0499 0.0305 0.0017 0
 0.2467 0.6533 0.0926 0.0074 0
 0.9418 0.0223 0.034 0.0019 0
 0.707729 0.231977 0.0356964 0.0245975 0
 0.517169 0.277429 0.184464 0.0207286 0.00020938
 0.811772 0.124168 0.05621 0.00726502 0.000585176
 0.764997 0.148141 0.077277 0.00933861 0.000247198
 0.163321 0.427699 0.378323 0.0303852 0.000271297
 0.753843 0.0900009 0.118128 0.0371064 0.000921714
 0.721811 0.176058 0.0630433 0.0369309 0.00215725
 0.143369 0.312575 0.442814 0.0836902 0.0175525
 0.692698 0.0596174 0.167031 0.0765114 0.00414204
 0.394062 0.376323 0.152708 0.0712218 0.00568511
pf_pred 
 0.434821 0.0448914 0.485017 0.0201193 0.0151516
 0.477555 0.320808 0.0160157 0.173038 0.0125835
 0.499159 0.329383 0.105284 0.00525611 0.0609179
 0.501459 0.335954 0.106927 0.034178 0.0214818
 0.502353 0.33758 0.107866 0.0343311 0.0178708
 0.490822 0.34223 0.11325 0.0361863 0.0175125
 0.504805 0.330476 0.110711 0.0366363 0.0173715
 0.514481 0.33344 0.101492 0.0340002 0.0165862
 0.486963 0.349335 0.112426 0.0342198 0.0170561
 0.483766 0.340339 0.11977 0.0385452 0.01758
 0.479802 0.34125 0.117976 0.0415174 0.0194554
 0.477897 0.339284 0.119929 0.0414615 0.0214283
 0.492718 0.332267 0.113732 0.0402017 0.0210815
 0.500268 0.333966 0.108576 0.0371647 0.0200257
 0.507025 0.33435 0.106008 0.0344642 0.0181534
 0.505121 0.33651 0.10741 0.0340551 0.0169035
 0.516989 0.331035 0.103342 0.0329856 0.0156493
 0.515522 0.334719 0.102638 0.0320414 0.0150794
 0.545053 0.317031 0.0952843 0.029218 0.0134139
 0.592877 0.30098 0.0739658 0.0222306 0.00994637
 0.593471 0.313934 0.068454 0.0168226 0.00731823
 0.592556 0.312879 0.0730255 0.0159233 0.00561548
 0.609266 0.30523 0.0656592 0.0153247 0.00452002
 0.556648 0.34212 0.0790792 0.017011 0.00514139
 0.535924 0.33813 0.0971886 0.0224646 0.006293
 0.523051 0.338855 0.100616 0.02892 0.00855729
 0.509094 0.340986 0.106513 0.0316268 0.0117803
 0.51049 0.335253 0.107147 0.0334694 0.0136397
pobs_RECLAS
 0 0 0 0 0
 0 0 0 0 0
 0 0 0 0 0
 0 0 0 0 0
 0 0 0 0 0
 0 0 0 0 0
 0 0 0 0 0
 0 0 0 0 0
 0 0 0 0 0
 0 0 0 0 0
 0.991045 0.00858322 0.000360255 1.14367e-05 0
 0.934742 0.0480273 0.0164251 0.00080598 0
 0.827803 0.169806 0.00239088 0 0
 0.941827 0.0461693 0.0120037 0 0
 0.791401 0.0380133 0.147996 0.0225897 0
 0.846168 0.0940531 0.0597789 0 0
 0.134021 0.677848 0.182769 0.00536245 0
 0.80878 0.0450904 0.141981 0.00414843 0
 0.846168 0.0940531 0.0597789 0 0
 0.905697 0.0802665 0.012482 0.00150086 5.37128e-05
 0.989698 0.0102097 9.19794e-05 0 0
 0.975433 0.0193895 0.00387452 0.00125025 5.28907e-05
 0.303575 0.632131 0.0575291 0.00676475 0
 0.966965 0.00978017 0.0227588 0.000495775 0
 0.843318 0.132988 0.00938335 0.0141283 0.000182051
 0.564624 0.303363 0.111486 0.0197234 0.00080311
 0.826376 0.0876187 0.0782897 0.00655872 0.00115652
 0.89761 0.0855135 0.0140674 0.00269457 0.000114338
ppred_RECLAS
 0.436059 0.044793 0.483954 0.0200752 0.0151184
 0.479475 0.319629 0.0159569 0.172402 0.0125372
 0.500521 0.328488 0.104998 0.00524181 0.0607522
 0.503284 0.334725 0.106535 0.0340529 0.0214032
 0.502907 0.337204 0.107745 0.0342929 0.0178509
 0.492341 0.341208 0.112912 0.0360783 0.0174603
 0.507741 0.328517 0.110055 0.0364191 0.0172686
 0.514728 0.333271 0.10144 0.0339829 0.0165778
 0.487661 0.34886 0.112273 0.0341733 0.0170329
 0.484398 0.339922 0.119623 0.0384981 0.0175585
 0.480017 0.341109 0.117927 0.0415003 0.0194474
 0.479273 0.33839 0.119613 0.0413522 0.0213718
 0.494098 0.331363 0.113423 0.0400923 0.0210241
 0.50227 0.332628 0.108141 0.0370158 0.0199454
 0.508245 0.333522 0.105745 0.0343789 0.0181085
 0.507706 0.334752 0.106849 0.0338772 0.0168152
 0.518641 0.329902 0.102988 0.0328727 0.0155958
 0.518655 0.332554 0.101975 0.0318342 0.0149819
 0.552788 0.311641 0.0936644 0.0287213 0.0131858
 0.59952 0.296069 0.072759 0.0218679 0.00978409
 0.598742 0.309864 0.0675664 0.0166044 0.00722334
 0.602101 0.30555 0.0713148 0.0155503 0.00548394
 0.612392 0.302788 0.0651339 0.0152021 0.00448386
 0.559286 0.340085 0.0786086 0.0169098 0.0051108
 0.538307 0.336394 0.0966897 0.0223493 0.00626069
 0.524424 0.33788 0.100326 0.0288368 0.00853266
 0.510898 0.339733 0.106122 0.0315106 0.011737
 0.512439 0.333919 0.106721 0.0333362 0.0135855
pobs_PELACES
 0 0 0 0 0
 0 0 0 0 0
 0 0 0 0 0
 0 0 0 0 0
 0 0 0 0 0
 0 0 0 0 0
 0 0 0 0 0
 0 0 0 0 0
 0 0 0 0 0
 0 0 0 0 0
 0 0 0 0 0
 0 0 0 0 0
 0 0 0 0 0
 0 0 0 0 0
 0 0 0 0 0
 0 0 0 0 0
 0.505614 0.472636 0.0217494 0 0
 0 0 0 0 0
 0.443492 0.261883 0.143347 0.151278 0
 0.227955 0.32914 0.350689 0.0885471 0.00366901
 0.970185 0.0296113 0.000203453 0 0
 0.997202 0.00247181 0.000326279 0 0
 0.445219 0.490057 0.0546422 0.010081 0
 0.90214 0.0892962 0.00764917 0.000914606 0
 0 0 0 0 0
 0.581667 0.319106 0.0959925 0.00289975 0.000334073
 0.762889 0.0836404 0.116647 0.0363945 0.000428098
 0.88444 0.0763242 0.0277011 0.0115352 0
ppred_PELACES
 0.440674 0.0444265 0.479994 0.0199109 0.0149947
 0.486378 0.315391 0.0157453 0.170116 0.012371
 0.505559 0.325174 0.103939 0.00518894 0.0601394
 0.50987 0.330287 0.105123 0.0336014 0.0211194
 0.505055 0.335747 0.10728 0.0341447 0.0177738
 0.497915 0.337462 0.111672 0.0356822 0.0172685
 0.517792 0.321809 0.107808 0.0356755 0.016916
 0.515702 0.332602 0.101237 0.0339147 0.0165445
 0.490344 0.347033 0.111685 0.0339943 0.0169437
 0.486837 0.338314 0.119058 0.0383159 0.0174754
 0.480869 0.34055 0.117734 0.0414323 0.0194155
 0.48436 0.335084 0.118444 0.0409482 0.0211631
 0.4992 0.328021 0.112279 0.039688 0.0208121
 0.509433 0.327841 0.106585 0.0364831 0.0196584
 0.512792 0.330439 0.104768 0.034061 0.017941
 0.516697 0.328638 0.104898 0.0332585 0.0165081
 0.524655 0.325781 0.101701 0.032462 0.0154009
 0.529281 0.325213 0.0997235 0.0311314 0.0146511
 0.575047 0.296129 0.0890024 0.0272917 0.0125295
 0.619052 0.281629 0.0692103 0.0208013 0.00930688
 0.614985 0.297321 0.0648313 0.0159323 0.00693094
 0.627899 0.28574 0.0666912 0.0145421 0.00512839
 0.62287 0.294603 0.0633732 0.0147912 0.00436265
 0.568402 0.333051 0.0769828 0.0165601 0.00500509
 0.546656 0.330311 0.0949412 0.0219451 0.00614747
 0.529494 0.334278 0.0992569 0.0285294 0.0084417
 0.517414 0.335207 0.104708 0.0310908 0.0115807
 0.519425 0.329134 0.105192 0.0328585 0.0133908
pobs_pel_tallas
 0 0 0 0 0 0 0 0 0 0 0 0 0 0 0 0 0 0 0 0 0 0 0 0 0 0
 0 0 0 0 0 0 0 0 0 0 0 0 0 0 0 0 0 0 0 0 0 0 0 0 0 0
 0 0 0 0 0 0 0 0 0 0 0 0 0 0 0 0 0 0 0 0 0 0 0 0 0 0
 0 0 0 0 0 0 0 0 0 0 0 0 0 0 0 0 0 0 0 0 0 0 0 0 0 0
 0 0 0 0 0 0 0 0 0 0 0 0 0 0 0 0 0 0 0 0 0 0 0 0 0 0
 0 0 0 0 0 0 0 0 0 0 0 0 0 0 0 0 0 0 0 0 0 0 0 0 0 0
 0 0 0 0 0 0 0 0 0 0 0 0 0 0 0 0 0 0 0 0 0 0 0 0 0 0
 0 0 0 0 0 0 0 0 0 0 0 0 0 0 0 0 0 0 0 0 0 0 0 0 0 0
 0 0 0 0 0 0 0 0 0 0 0 0 0 0 0 0 0 0 0 0 0 0 0 0 0 0
 0 0 0 0 0 0 0 0 0 0 0 0 0 0 0 0 0 0 0 0 0 0 0 0 0 0
 0 0 0 0 0 0 0 0 0 0 0 0 0 0 0 0 0 0 0 0 0 0 0 0 0 0
 0 0 0 0 0 0 0 0 0 0 0 0 0 0 0 0 0 0 0 0 0 0 0 0 0 0
 0.00862536 0 0 0.000197151 0.00414017 0.0128641 0.00837892 0.0270097 0.101434 0.158115 0.152841 0.127902 0.109271 0.109419 0.0830992 0.0579132 0.0238553 0.00714673 0.00463305 0.00128148 0.00103504 0.000492878 0.000147863 0.000147863 4.92878e-05 0
 0 0 0 0 0 0 0 0 0 0 0 0 0 0 0 0 0 0 0 0 0 0 0 0 0 0
 0 0 0 0 0 0 0 0.0054083 0.00873648 0.0413646 0.0450493 0.0745869 0.0622846 0.0627006 0.0613931 0.0827291 0.12552 0.122667 0.0946155 0.0697135 0.0546179 0.0294188 0.0215738 0.0213955 0.0102223 0.00600262
 0 0 0 0 0.00359764 0.0251062 0.0480494 0.140153 0.205849 0.193036 0.1447 0.116669 0.0760912 0.0342217 0.00950174 0.001854 0.000860785 0 0 0 0.000165536 0 0.000143464 0 0 0
 0 0 0 0 0 0 0 0.000145254 0.000435761 0.0275982 0.070085 0.0708112 0.156366 0.174668 0.174014 0.160142 0.0824315 0.0480064 0.0283245 0.00493863 0.00203355 0 0 0 0 0
 0 0 0 0 0 0 0 0 0 0 0 0 0 0 0 0 0 0 0 0 0 0 0 0 0 0
 0 0 1.00437e-05 0.000401748 0.00122533 0.00171747 0.00176769 0.0269171 0.070346 0.194647 0.189555 0.159765 0.064822 0.0314167 0.0384472 0.0292271 0.0345202 0.0313363 0.0194345 0.0106764 0.0143323 0.0359363 0.0279516 0.0138201 0.00172751 0
 0 0.0021121 0.0136068 0.0755702 0.200478 0.177729 0.0527432 0.0373336 0.0318909 0.0142505 0.0149659 0.0166563 0.0217959 0.0798694 0.0677717 0.0528807 0.04013 0.0224614 0.0357745 0.0225083 0.00881397 0.00855152 0.00135912 0.000746735 0 0
 0 0 0 0 5.4009e-05 0.00500934 0.000945158 0.0243581 0.138947 0.33067 0.221406 0.137944 0.0707744 0.0437923 0.0131692 0.00525238 0.0047753 0.00276346 9.45158e-05 9.00151e-06 2.25038e-05 9.00151e-06 4.50075e-06 0 0 0
 0.000866109 0.00284123 0.00948549 0.0512746 0.133035 0.25785 0.225252 0.132002 0.0553304 0.0519788 0.0540692 0.017754 0.00435017 0.00159236 0.00146478 0.000404838 0.000125132 0.000115318 0.000107957 0.000100596 0 0 0 0 0 0
 0 0 0 0 0.00144013 0.00171154 0.00461396 0.0210425 0.0478622 0.0707936 0.0888783 0.103762 0.0637923 0.0337046 0.0602308 0.124433 0.169614 0.0934646 0.0462172 0.0250306 0.0313229 0.00938855 0.002487 0.000210481 0 0
 0 0.00764035 0.051015 0.0998891 0.058973 0.0496711 0.0374665 0.0718981 0.12319 0.153886 0.159021 0.0857701 0.0377988 0.023471 0.0147837 0.00900784 0.00315554 0.000888139 0.00291439 0.00214683 0.00393193 0.00274676 0.000635225 9.99891e-05 0 0
 0 0 0 0 0 0 0 0 0 0 0 0 0 0 0 0 0 0 0 0 0 0 0 0 0 0
 0 0 0 0 0 0 0 0 0 0 0 0 0 0 0 0 0 0 0 0 0 0 0 0 0 0
 0 0 0 0 0 0 0 0 0 0 0 0 0 0 0 0 0 0 0 0 0 0 0 0 0 0
 0 0 0 0 0 0 0 0 0 0 0 0 0 0 0 0 0 0 0 0 0 0 0 0 0 0
ppred_pel_tallas
 1.18398e-16 3.62977e-05 0.000352827 0.00234466 0.0106585 0.0331625 0.0706564 0.103126 0.103131 0.0706813 0.0332482 0.0109155 0.00302526 0.00195605 0.00342472 0.00649882 0.0114374 0.0187053 0.0286439 0.0411699 0.0553787 0.0692914 0.0801171 0.0851532 0.0829361 0.0739487
 1.19689e-16 4.00623e-05 0.00038942 0.00258784 0.0117639 0.0366022 0.0779859 0.113829 0.113859 0.0781345 0.0371012 0.0132058 0.00620882 0.00830045 0.0150866 0.0249459 0.036121 0.0458979 0.0516312 0.0523279 0.0493517 0.0455462 0.0434145 0.0437283 0.0454181 0.046522
 1.13781e-16 4.16423e-05 0.000404778 0.00268989 0.0122279 0.0380456 0.0810614 0.118318 0.11835 0.0812151 0.0385619 0.0137204 0.00644119 0.00861043 0.0156748 0.0259783 0.0377301 0.0481154 0.0542982 0.0550087 0.0512858 0.0456956 0.0406726 0.0372928 0.0351991 0.0333609
 1.10062e-16 4.19974e-05 0.00040823 0.00271283 0.0123322 0.0383701 0.0817527 0.119327 0.119359 0.0819088 0.0388945 0.0138482 0.0065234 0.00874369 0.0159228 0.0263901 0.0383273 0.0488698 0.0551222 0.0557637 0.0517977 0.045761 0.0400591 0.0357539 0.0325289 0.0294808
 1.09614e-16 4.16008e-05 0.000404374 0.00268721 0.0122157 0.0380077 0.0809807 0.1182 0.118233 0.0811394 0.0385408 0.0137568 0.00656072 0.00887743 0.0161842 0.0268241 0.0389546 0.0496617 0.0559964 0.0566077 0.0525054 0.0462594 0.0403123 0.0357526 0.0322815 0.0290141
 1.0981e-16 4.10127e-05 0.000398658 0.00264922 0.012043 0.0374704 0.0798359 0.11653 0.116562 0.0799955 0.0380064 0.0135924 0.00654399 0.00891921 0.0162771 0.026987 0.0392092 0.0500234 0.0564729 0.0572016 0.0532161 0.0470791 0.0412168 0.0366953 0.0331974 0.0298361
 1.09634e-16 4.26499e-05 0.000414572 0.00275498 0.0125238 0.0389662 0.0830228 0.121181 0.121212 0.0831749 0.0394774 0.0140015 0.00646974 0.0085418 0.0155307 0.0257477 0.0374174 0.0477573 0.0539532 0.0547165 0.051008 0.0452657 0.0397905 0.0355807 0.0323153 0.0291344
 1.09208e-16 4.24778e-05 0.000412899 0.00274386 0.0124732 0.038809 0.0826879 0.120692 0.120724 0.082845 0.0393369 0.0139993 0.00657925 0.00880129 0.0160201 0.0265404 0.0385201 0.0490613 0.0552336 0.0556962 0.0514585 0.0450899 0.0390431 0.0344287 0.0309701 0.0277907
 1.09589e-16 4.03891e-05 0.000392596 0.00260894 0.0118599 0.0369007 0.0786221 0.114758 0.114792 0.0787861 0.0374517 0.0134528 0.00661275 0.00915069 0.0167261 0.0277261 0.0402638 0.0513276 0.0578658 0.0584761 0.0541945 0.0476709 0.0414278 0.0365974 0.0328875 0.0294075
 1.10323e-16 4.01002e-05 0.000389788 0.00259028 0.0117751 0.0366368 0.0780598 0.113937 0.11397 0.0782198 0.0371743 0.0133293 0.00649766 0.00893985 0.0163381 0.0271047 0.0394151 0.0503588 0.056987 0.0579466 0.0542346 0.0483849 0.0427765 0.0384219 0.0349645 0.0315072
 1.10926e-16 3.96086e-05 0.00038501 0.00255853 0.0116307 0.0361876 0.0771028 0.112541 0.112574 0.0772638 0.0367287 0.0131951 0.00649134 0.00899055 0.0164429 0.0272789 0.0396673 0.0506809 0.0573568 0.058343 0.0546572 0.0488643 0.0433655 0.039171 0.0358939 0.0325903
 1.11192e-16 3.98962e-05 0.000387805 0.0025771 0.0117152 0.0364504 0.0776625 0.113358 0.11339 0.077821 0.0369828 0.0132547 0.00644785 0.00885829 0.016188 0.0268604 0.0390725 0.0499506 0.0565867 0.0576558 0.0541586 0.0486096 0.0433537 0.0393624 0.0362334 0.0330232
 1.10827e-16 4.11185e-05 0.000399687 0.00265606 0.0120741 0.0375671 0.0800419 0.11683 0.116862 0.080197 0.0380882 0.0135808 0.00644388 0.00868778 0.0158388 0.0262708 0.0381987 0.0488006 0.0552238 0.0561704 0.052628 0.0470768 0.0418376 0.0378846 0.0348362 0.0317641
 1.10146e-16 4.19614e-05 0.000407879 0.0027105 0.0123216 0.0383372 0.0816825 0.119225 0.119256 0.0818375 0.0388578 0.0138267 0.00649388 0.00868458 0.015813 0.0262134 0.0380842 0.0485886 0.0548594 0.0555897 0.0517717 0.0459102 0.0403702 0.0361792 0.0330022 0.029935
 1.0956e-16 4.22381e-05 0.000410569 0.00272838 0.0124028 0.03859 0.0822212 0.120011 0.120043 0.0823773 0.0391146 0.0139195 0.00654043 0.00874904 0.0159281 0.0263965 0.0383316 0.0488637 0.055091 0.0556857 0.0516454 0.0455043 0.0396707 0.0352166 0.0318438 0.0286728
 1.09241e-16 4.25597e-05 0.000413696 0.00274915 0.0124973 0.0388838 0.0828473 0.120925 0.120956 0.0830026 0.0394056 0.0140057 0.00654056 0.00870705 0.0158426 0.0262541 0.0381248 0.0485993 0.0547892 0.0553695 0.0513266 0.0451747 0.039306 0.0347902 0.031342 0.0281044
 1.0888e-16 4.32152e-05 0.000420067 0.0027915 0.0126898 0.0394827 0.0841232 0.122787 0.122818 0.0842772 0.0399999 0.0141848 0.00654902 0.00863867 0.0156989 0.0260094 0.0377575 0.0481062 0.0541861 0.0546804 0.0505689 0.0443538 0.0384228 0.0338555 0.0303851 0.0271702
 1.08563e-16 4.35962e-05 0.000423771 0.00281611 0.0128016 0.0398308 0.0848649 0.123869 0.123901 0.0850186 0.040347 0.0142938 0.00656628 0.00862573 0.0156659 0.0259494 0.0376594 0.0479579 0.0539741 0.0543892 0.0501815 0.0438565 0.037813 0.0331484 0.0296154 0.0263867
 1.07502e-16 4.73659e-05 0.000460414 0.00305961 0.0139086 0.0432749 0.0922028 0.134579 0.134607 0.0923427 0.0437449 0.0152671 0.00647362 0.0079266 0.0142665 0.0236148 0.03426 0.0436061 0.0490328 0.0493349 0.0454037 0.0395282 0.0339071 0.0295588 0.0262759 0.0233169
 1.05731e-16 5.09906e-05 0.000495647 0.00329375 0.0149729 0.0465864 0.0992584 0.144876 0.144903 0.0993913 0.0470329 0.016263 0.00653447 0.00757858 0.0135276 0.0223489 0.0323448 0.0410044 0.0457986 0.0455632 0.0411672 0.0348601 0.0288481 0.0242263 0.0208938 0.0181792
 1.04718e-16 5.06555e-05 0.00049239 0.00327211 0.0148745 0.0462804 0.0986063 0.143925 0.143953 0.0987465 0.0467513 0.0162353 0.00668974 0.00795935 0.0142502 0.0235265 0.0339996 0.042995 0.0478148 0.0472102 0.0421007 0.0348968 0.0279976 0.0226494 0.0188317 0.015891
 1.04324e-16 5.17192e-05 0.000502729 0.00334081 0.0151869 0.0472522 0.100677 0.146946 0.146974 0.100812 0.0477049 0.0164951 0.00662674 0.00768284 0.0137084 0.0226341 0.0327247 0.0414131 0.0461084 0.0456058 0.0407736 0.0339035 0.0272741 0.0220666 0.0182655 0.0152697
 1.04126e-16 5.1305e-05 0.000498703 0.00331406 0.0150653 0.0468737 0.0998705 0.14577 0.145798 0.100009 0.0473403 0.0164134 0.00669992 0.00789582 0.0141167 0.0233009 0.0336646 0.0425515 0.0472809 0.0466075 0.0414367 0.0341566 0.0271527 0.0216781 0.0177386 0.0147145
 1.04815e-16 4.68186e-05 0.000455093 0.00302425 0.0137478 0.0427748 0.0911374 0.133025 0.133057 0.0912946 0.0433025 0.0152726 0.00685388 0.008823 0.0159619 0.026374 0.0381281 0.0482397 0.0536866 0.0530612 0.0473743 0.0392992 0.0314976 0.0253559 0.020867 0.0173406
 1.06066e-16 4.50274e-05 0.000437682 0.00290855 0.0132219 0.0411383 0.0876508 0.127936 0.127967 0.0878068 0.0416623 0.0147363 0.00671387 0.00875749 0.0158834 0.0262855 0.0380911 0.0483835 0.054205 0.0541752 0.0492652 0.042035 0.0349877 0.0293555 0.0250331 0.0213178
 1.0724e-16 4.36138e-05 0.000423942 0.00281724 0.0128068 0.0398469 0.0848991 0.12392 0.123952 0.085057 0.0403773 0.01434 0.00667011 0.0088491 0.0160868 0.0266367 0.0386283 0.0491279 0.0551625 0.0553538 0.0506928 0.0437591 0.0370485 0.0317477 0.02768 0.0240734
 1.08186e-16 4.26188e-05 0.00041427 0.00275297 0.0125146 0.0389378 0.0829623 0.121093 0.121125 0.0831207 0.0394699 0.0140528 0.00661878 0.00886935 0.0161475 0.026752 0.0388261 0.0494448 0.0556445 0.0560557 0.051672 0.0450596 0.038681 0.0336725 0.0298045 0.0262661
 1.08682e-16 4.27844e-05 0.00041588 0.00276367 0.0125633 0.0390891 0.0832847 0.121563 0.121595 0.0834403 0.0396117 0.0140739 0.00656062 0.00872122 0.0158651 0.0262896 0.0381719 0.0486487 0.0548212 0.0553545 0.0512274 0.0449515 0.038923 0.0342245 0.0305937 0.0272036
pSPR Fmed_Fpbrs
0.784205   0.283844 0.283844
Fs Fmed_Fpbrs
0.150138   1.005 1.005
SSBpbr Bo_Bmed_Bpbrs
2.53198e+06  1.85899e+06  592090 592090
Ro
326676
SPR SPRFo_SPRFmed_SPRFpbrs
2.31634e+06 1.81649e+06 657481
Fref
1.005
Nvult_r0
 216266 76563.4 24469.8 7643.57 3114.98
CTP_r0
 16900.1 11098.8 3547.18 1108.03 451.552
YTP_r0
372696
Np
 326676 72709.3 14867.8 4643.11 1683.77
Nvult_p0
 253967 62918.2 12865.7 4017.87 1457.04
CTP_p0
 84937.3 47890.2 14955.7 4779.87 1956.7
 84937.3 31537.6 6448.91 2013.94 730.334
YTP_p0
 1.93913e+06 1.36339e+06
CBA_c0
1.76641e+06
log_Ro
12.5167
likeval ReclasPelacesDesembMPH_pf_preclas_ppelaces_ptallas_desvR_qrecl_qpela
 121.893 50.2479 11.0717 0.00386653 238.451 127.503 80.7459 0 0 0 0 54.5887 0 0 0
q_reclas_q_pelaces
1 1
M
1
N
 326676 17261.8 186500 7736.33 5826.16
 326676 113542 5668.36 61242.2 4453.59
 326676 110521 35327 1763.63 20440.4
 326676 113058 35983.7 11501.8 7229.21
 326676 110955 35453.1 11283.9 5873.75
 326676 117088 38746.6 12380.6 5991.63
 326676 112325 37629.4 12452.3 5904.39
 326676 106384 32380.9 10847.7 5291.81
 326676 118765 38221.6 11633.8 5798.62
 326676 116330 40938.1 13175 6008.95
 326676 116673 40335.9 14194.8 6651.79
 326676 118941 42042.7 14534.9 7511.98
 326676 112982 38672.7 13669.9 7168.38
 326676 112970 36727.8 12571.6 6774.06
 326676 110182 34934 11357.4 5982.31
 326676 113730 36301.6 11509.6 5712.88
 326676 107762 33640.8 10737.8 5094.32
 326676 111713 34255.8 10693.9 5032.79
 326676 105622 31745 9734.32 4468.98
 326676 91343.6 22447.7 6746.71 3018.6
 326676 93717.8 20435.3 5021.98 2184.69
 326676 97772.3 22819.9 4975.92 1754.79
 326676 86375.9 18580.7 4336.69 1279.1
 326676 105058 24283.7 5223.75 1578.82
 326676 107409 30872.6 7136.03 1999.01
 326676 108530 32225.8 9262.66 2740.77
 326676 112994 35295.8 10480.3 3903.7
 326676 111044 35489.7 11085.8 4517.8
pred_Ctot
 11455 1182.63 12777.4 530.028 399.159
 16706.1 11222.7 560.27 6053.29 440.201
 12295.1 8113.28 2593.33 129.467 1500.51
 15950.5 10686.1 3401.14 1087.14 683.298
 5319.26 3574.53 1142.15 363.522 189.229
 13567.2 9459.84 3130.43 1000.25 484.077
 23938.5 15671.7 5250.07 1737.34 823.783
 2430.05 1574.94 479.376 160.593 78.3416
 6629.14 4755.58 1530.47 465.842 232.189
 6036.12 4246.53 1494.41 480.943 219.352
 2127.09 1512.85 523.018 184.057 86.2508
 12427.3 8822.76 3118.63 1078.17 557.222
 12446.9 8393.61 2873.07 1015.56 532.552
 17296.7 11546.8 3753.99 1284.96 692.384
 11127.8 7338.06 2326.58 756.395 398.417
 21524.5 14339.6 4577.04 1451.18 720.301
 14630.9 9368.34 2924.58 933.497 442.878
 25275 16410.6 5032.15 1570.92 739.312
 50662.6 29467.9 8856.65 2715.81 1246.81
 46394.8 23552.8 5788.1 1739.63 778.341
 39151.3 20710.3 4515.91 1109.78 482.784
 59658.7 31500.8 7352.22 1603.17 565.368
 26265.6 13158.5 2830.58 660.653 194.859
 22141.7 13608.5 3145.52 676.646 204.509
 20180.5 12732.4 3659.68 845.915 236.966
 12405.4 8036.75 2386.34 685.907 202.956
 15796.4 10580.3 3304.95 981.335 365.527
 16900.1 11098.8 3547.18 1108.03 451.552
F
 0.0567983 0.113597 0.113597 0.113597 0.113597
 0.0837612 0.167522 0.167522 0.167522 0.167522
 0.0610716 0.122143 0.122143 0.122143 0.122143
 0.0798441 0.159688 0.159688 0.159688 0.159688
 0.0260405 0.0520811 0.0520811 0.0520811 0.0520811
 0.0675712 0.135142 0.135142 0.135142 0.135142
 0.121915 0.243831 0.243831 0.243831 0.243831
 0.0118261 0.0236522 0.0236522 0.0236522 0.0236522
 0.0325409 0.0650818 0.0650818 0.0650818 0.0650818
 0.0295936 0.0591873 0.0591873 0.0591873 0.0591873
 0.0103453 0.0206906 0.0206906 0.0206906 0.0206906
 0.061745 0.12349 0.12349 0.12349 0.12349
 0.0618449 0.12369 0.12369 0.12369 0.12369
 0.0868319 0.173664 0.173664 0.173664 0.173664
 0.055138 0.110276 0.110276 0.110276 0.110276
 0.109046 0.218092 0.218092 0.218092 0.218092
 0.0730331 0.146066 0.146066 0.146066 0.146066
 0.1291 0.2582 0.2582 0.2582 0.2582
 0.274341 0.548682 0.548682 0.548682 0.548682
 0.248681 0.497363 0.497363 0.497363 0.497363
 0.206328 0.412656 0.412656 0.412656 0.412656
 0.33026 0.66052 0.66052 0.66052 0.66052
 0.134453 0.268905 0.268905 0.268905 0.268905
 0.112323 0.224647 0.224647 0.224647 0.224647
 0.101939 0.203879 0.203879 0.203879 0.203879
 0.0616336 0.123267 0.123267 0.123267 0.123267
 0.079047 0.158094 0.158094 0.158094 0.158094
 0.0847691 0.169538 0.169538 0.169538 0.169538
YTP_r0W_actual
 140271 133185 58883.2 27035.8 13320.8
YTP_p0W_proyectada
 636181 750439 345926 140385 66195
 636181 494194 149163 59149.5 24707.2
CTP_r0_actual
 16900.1 11098.8 3547.18 1108.03 451.552
CTP_p0_proyectada
 84937.3 47890.2 14955.7 4779.87 1956.7
 84937.3 31537.6 6448.91 2013.94 730.334
Wmedp
 7.49 15.67 23.13 29.37 33.83
Frms_r0
 0.0847691 0.169538 0.169538 0.169538 0.169538
Zrms_r0
 1.08477 1.16954 1.16954 1.16954 1.16954
nmprior
 8.19 8.8 8.5 0
nm_flota  nm_reclas  nm_pelaces    nm_pelaL
inf 3.628 6.90085 6.90085
cv_recla  cv_pelaces  cv_mph
1.0746 0.906774 1.91896
 ------------------------------------------------
Talla a la edad & desviaci?n 
 8 13.2811 15.8009 17.003 17.5766
 0.8 1.32811 1.58009 1.7003 1.75766
