years
 1991 1992 1993 1994 1995 1996 1997 1998 1999 2000 2001 2002 2003 2004 2005 2006 2007 2008 2009 2010 2011 2012 2013 2014 2015 2016 2017 2018 2019 2020 2021
reclasobs
 0 0 0 0 0 0 0 0 0 252601 567819 844713 477998 351125 339783 2.1784e+06 2.13404e+06 4.81314e+06 1.55562e+06 2.62356e+06 3.21686e+06 3.843e+06 1.13348e+06 3.07943e+06 1.97215e+06 2.03268e+06 2.025e+06 2.42433e+06 2.27542e+06 1.05018e+06 2.36338e+06
reclaspred
 3.18731e+06 1.78334e+06 903083 886250 873180 1.38628e+06 861792 762289 559407 410839 488574 634322 626294 487959 494313 1.31128e+06 1.27081e+06 2.87159e+06 2.36652e+06 1.75915e+06 3.11154e+06 2.5265e+06 2.00338e+06 3.08196e+06 2.31074e+06 2.04125e+06 2.42679e+06 2.58855e+06 2.12384e+06 1.33771e+06 1.9328e+06
pelacesobs
 0 0 0 0 0 0 0 0 0 0 0 0 0 0 0 552880 188675 0 991730 2.46772e+06 1.41603e+06 1.21717e+06 2.29649e+06 1.80582e+06 0 1.4828e+06 1.56532e+06 1.57751e+06 1.42118e+06 867257 1.10002e+06
pelacespred
 1.6724e+06 1.04017e+06 526361 421683 434471 711206 406457 448522 315878 219664 270914 294223 319621 262394 273224 603316 585989 1.52528e+06 1.29803e+06 895452 1.53329e+06 1.34952e+06 1.06798e+06 1.79813e+06 1.30019e+06 1.14486e+06 1.54976e+06 1.63004e+06 1.10197e+06 788745 1.12171e+06
mphobs
 0 0 0 0 0 0 0 0 0 0 0 498337 0 5186 125008 0 168611 109162 213762 579715 649985 157893 87575 83554 0 0 0 0 0 0 0
mphpred
 3.1718e+06 2.11809e+06 1.05346e+06 575514 614828 690266 909470 556927 495989 342889 229042 380865 411782 348813 236280 299865 996199 948227 1.87865e+06 1.4184e+06 1.51255e+06 1.86866e+06 1.77457e+06 1.46077e+06 2.03072e+06 1.67133e+06 1.37363e+06 1.4692e+06 2.05853e+06 1.40434e+06 877636
desembarqueobs
 494567 514787 250237 358949 120608 361735 552515 73892 212993 205616 52469 317467 293654 387597 252695 516296 358380 742168 942051 627588 828172 859565 418607 520667 417249 300574 415391 372974 316634 284311 391294
desembarquepred
 494573 513535 250839 358980 120613 361748 552557 73896.3 213041 205660 52471.6 317532 293704 387631 252689 516257 358402 742069 941847 627452 828236 859579 418616 520690 417248 300575 415390 372958 316627 284318 391297
Reclutas
 196807 111170 111905 179983 144464 251435 103513 46921.7 45199.9 60661.1 113367 149679 124777 87281.6 87170.5 478414 101203 734992 423036 325011 481784 644472 133966 398769 334993 150558 339582 382347 112200 81156.9 305714
log_desv_Rt
 0.104685 -0.466483 -0.459887 0.0153244 -0.204513 0.349644 -0.537846 -1.32906 -1.36644 -1.07224 -0.446911 -0.169049 -0.351011 -0.7084 -0.709674 0.992936 -0.560415 1.42232 0.869918 0.606318 0.999956 1.29089 -0.279952 0.810842 0.636571 -0.163189 0.650177 0.76879 -0.457256 -0.781156 0.54511
SSB
 3.1718e+06 2.11809e+06 1.05346e+06 575514 614828 690266 909470 556927 495989 342889 229042 380865 411782 348813 236280 299865 996199 948227 1.87865e+06 1.4184e+06 1.51255e+06 1.86866e+06 1.77457e+06 1.46077e+06 2.03072e+06 1.67133e+06 1.37363e+06 1.4692e+06 2.05853e+06 1.40434e+06 877636
BT
 4.27521e+06 2.9071e+06 1.46338e+06 1.27433e+06 1.09726e+06 1.94872e+06 1.43287e+06 1.09915e+06 940051 704914 670105 944642 1.00378e+06 1.00829e+06 883662 1.80982e+06 1.6311e+06 4.17208e+06 3.89919e+06 2.62999e+06 4.20711e+06 3.9162e+06 2.82747e+06 4.63031e+06 3.38369e+06 2.90633e+06 3.99758e+06 4.13322e+06 2.80221e+06 2.09515e+06 2.95817e+06
Ftot
 0.13443 0.245181 0.239239 0.370169 0.12625 0.246653 0.545839 0.0880377 0.342015 0.446109 0.105388 0.459107 0.427823 0.713635 0.488566 0.394571 0.250215 0.253821 0.360544 0.324218 0.248197 0.314555 0.184309 0.162436 0.163725 0.132307 0.163526 0.139498 0.129099 0.185498 0.19691
BD_Bspro_t
 0.978769 0.84636 0.6875 0.598622 0.584996 0.658214 0.6481 0.481651 0.539377 0.497333 0.467104 0.675491 0.56168 0.472699 0.365859 0.424344 0.603319 0.5786 0.673829 0.5792 0.550058 0.598713 0.614539 0.607143 0.709431 0.717357 0.724048 0.758221 0.800704 0.738402 0.674112
BD_Bspro
 2.5035 1.67181 0.831496 0.454254 0.485285 0.544828 0.717846 0.439583 0.391485 0.270643 0.180783 0.300617 0.325021 0.275319 0.186496 0.236684 0.786302 0.748437 1.48282 1.11954 1.19386 1.47493 1.40067 1.15299 1.60285 1.31918 1.08421 1.15964 1.6248 1.10845 0.692719
BD_Bo
 1.65877 1.10771 0.550933 0.30098 0.32154 0.360992 0.475631 0.291259 0.25939 0.179323 0.119784 0.199183 0.215352 0.182421 0.123569 0.156822 0.520988 0.4959 0.982486 0.741788 0.791027 0.977261 0.928055 0.763948 1.06202 0.874064 0.718374 0.768356 1.07656 0.734435 0.458982
BD_Brms
 9.9133 6.62 3.29253 1.79874 1.92162 2.1574 2.84251 1.74065 1.55019 1.07169 0.715861 1.19038 1.28701 1.0902 0.738483 0.937214 3.11358 2.96364 5.87163 4.43314 4.72741 5.8404 5.54633 4.56557 6.34694 5.22366 4.29321 4.59192 6.43384 4.3892 2.74301
Sel_flota
 0.777239 0.98514 0.999207 0.999958 0.999998
 0.777239 0.98514 0.999207 0.999958 0.999998
 0.777239 0.98514 0.999207 0.999958 0.999998
 0.777239 0.98514 0.999207 0.999958 0.999998
 0.777239 0.98514 0.999207 0.999958 0.999998
 0.777239 0.98514 0.999207 0.999958 0.999998
 0.777239 0.98514 0.999207 0.999958 0.999998
 0.777239 0.98514 0.999207 0.999958 0.999998
 0.777239 0.98514 0.999207 0.999958 0.999998
 0.777239 0.98514 0.999207 0.999958 0.999998
 0.777239 0.98514 0.999207 0.999958 0.999998
 0.777239 0.98514 0.999207 0.999958 0.999998
 0.777239 0.98514 0.999207 0.999958 0.999998
 0.777239 0.98514 0.999207 0.999958 0.999998
 0.777239 0.98514 0.999207 0.999958 0.999998
 0.777239 0.98514 0.999207 0.999958 0.999998
 0.777239 0.98514 0.999207 0.999958 0.999998
 0.777239 0.98514 0.999207 0.999958 0.999998
 0.777239 0.98514 0.999207 0.999958 0.999998
 0.777239 0.98514 0.999207 0.999958 0.999998
 0.777239 0.98514 0.999207 0.999958 0.999998
 0.777239 0.98514 0.999207 0.999958 0.999998
 0.777239 0.98514 0.999207 0.999958 0.999998
 0.777239 0.98514 0.999207 0.999958 0.999998
 0.777239 0.98514 0.999207 0.999958 0.999998
 0.777239 0.98514 0.999207 0.999958 0.999998
 0.777239 0.98514 0.999207 0.999958 0.999998
 0.777239 0.98514 0.999207 0.999958 0.999998
 0.777239 0.98514 0.999207 0.999958 0.999998
 0.777239 0.98514 0.999207 0.999958 0.999998
 0.777239 0.98514 0.999207 0.999958 0.999998
Sel_reclas
 1 1 1 1 1
 1 1 1 1 1
 1 1 1 1 1
 1 1 1 1 1
 1 1 1 1 1
 1 1 1 1 1
 1 1 1 1 1
 1 1 1 1 1
 1 1 1 1 1
 1 1 1 1 1
 1 1 1 1 1
 1 1 1 1 1
 1 1 1 1 1
 1 1 1 1 1
 1 1 1 1 1
 1 1 1 1 1
 1 1 1 1 1
 1 1 1 1 1
 1 1 1 1 1
 1 1 1 1 1
 1 1 1 1 1
 1 1 1 1 1
 1 1 1 1 1
 1 1 1 1 1
 1 1 1 1 1
 1 1 1 1 1
 1 1 1 1 1
 1 1 1 1 1
 1 1 1 1 1
 1 1 1 1 1
 1 1 1 1 1
Sel_pelaces
 1 1 1 1 1
 1 1 1 1 1
 1 1 1 1 1
 1 1 1 1 1
 1 1 1 1 1
 1 1 1 1 1
 1 1 1 1 1
 1 1 1 1 1
 1 1 1 1 1
 1 1 1 1 1
 1 1 1 1 1
 1 1 1 1 1
 1 1 1 1 1
 1 1 1 1 1
 1 1 1 1 1
 1 1 1 1 1
 1 1 1 1 1
 1 1 1 1 1
 1 1 1 1 1
 1 1 1 1 1
 1 1 1 1 1
 1 1 1 1 1
 1 1 1 1 1
 1 1 1 1 1
 1 1 1 1 1
 1 1 1 1 1
 1 1 1 1 1
 1 1 1 1 1
 1 1 1 1 1
 1 1 1 1 1
 1 1 1 1 1
pf_obs 
 0.8446 0.082 0.0669 0.0065 0
 0.8095 0.147 0.0364 0.0071 0
 0.9664 0.0169 0.016 0.0007 0
 0.9276 0.0648 0.0075 0.0001 0
 0.7033 0.2144 0.0806 0.0017 0
 0.9318 0.0425 0.0243 0.0014 0
 0.5671 0.3108 0.0964 0.0239 0.0018
 0.0768 0.2599 0.5324 0.112 0.0189
 0.490249 0.384438 0.106611 0.0170017 0.00170017
 0.7925 0.1577 0.0466 0.003 0.0002
 0.840416 0.127587 0.0312969 0.00059994 9.999e-05
 0.8084 0.0986 0.0794 0.0134 0.0002
 0.7335 0.1905 0.0724 0.0035 0.0001
 0.4001 0.4547 0.1325 0.0127 0
 0.49795 0.308269 0.164784 0.0264974 0.00249975
 0.9179 0.0499 0.0305 0.0017 0
 0.2467 0.6533 0.0926 0.0074 0
 0.9418 0.0223 0.034 0.0019 0
 0.707729 0.231977 0.0356964 0.0245975 0
 0.517169 0.277429 0.184464 0.0207286 0.00020938
 0.811772 0.124168 0.05621 0.00726502 0.000585176
 0.764997 0.148141 0.077277 0.00933861 0.000247198
 0.163321 0.427699 0.378323 0.0303852 0.000271297
 0.753843 0.0900009 0.118128 0.0371064 0.000921714
 0.721811 0.176058 0.0630433 0.0369309 0.00215725
 0.143369 0.312575 0.442814 0.0836902 0.0175525
 0.692698 0.0596174 0.167031 0.0765114 0.00414204
 0.394062 0.376323 0.152708 0.0712218 0.00568511
 0.125707 0.32114 0.495352 0.0537591 0.00404204
 0.23352 0.215282 0.420074 0.123614 0.00750983
 0.774587 0.0839891 0.0768558 0.0609784 0.00358967
pf_pred 
 0.438827 0.12514 0.411245 0.0247882 8.14015e-07
 0.407739 0.29705 0.0665841 0.215639 0.0129882
 0.557284 0.209136 0.118099 0.0260631 0.0894175
 0.726649 0.169713 0.0493709 0.0274495 0.0268177
 0.643513 0.277373 0.0494371 0.0141443 0.0155329
 0.745551 0.177384 0.0601589 0.0105674 0.0063386
 0.469302 0.420246 0.0773676 0.025831 0.00725294
 0.448642 0.299672 0.200068 0.0361669 0.0154505
 0.536609 0.235854 0.124483 0.0819316 0.021122
 0.701656 0.180279 0.0605899 0.0314565 0.0260182
 0.81262 0.142059 0.0275784 0.00910959 0.00863308
 0.729725 0.228841 0.0315244 0.00603224 0.00387782
 0.674149 0.254943 0.0602002 0.00814885 0.00255925
 0.618419 0.279831 0.0799093 0.0185451 0.00329564
 0.728403 0.187809 0.0617746 0.0172921 0.00472121
 0.93289 0.0525051 0.0101551 0.0032813 0.00116817
 0.373808 0.593839 0.0254066 0.00483157 0.00211504
 0.893779 0.046254 0.0569151 0.0023973 0.00065491
 0.586638 0.378831 0.0151698 0.0183759 0.000984622
 0.593002 0.264789 0.130515 0.00514018 0.00655436
 0.732671 0.17546 0.0601094 0.0291498 0.00260959
 0.735952 0.206116 0.0382307 0.0128941 0.00680708
 0.312041 0.539694 0.116151 0.0211985 0.0109146
 0.733236 0.0981719 0.13269 0.0281313 0.00777132
 0.617758 0.298064 0.0312725 0.0416456 0.0112593
 0.427383 0.386054 0.145967 0.0150891 0.0255065
 0.726256 0.133608 0.0949317 0.0353741 0.00983018
 0.682108 0.245837 0.0354403 0.0248103 0.0118047
 0.341887 0.482103 0.136576 0.0194031 0.0200304
 0.40982 0.235259 0.26102 0.0728761 0.0210248
 0.817726 0.0861911 0.038653 0.0422451 0.0151853
pobs_RECLAS
 0 0 0 0 0
 0 0 0 0 0
 0 0 0 0 0
 0 0 0 0 0
 0 0 0 0 0
 0 0 0 0 0
 0 0 0 0 0
 0 0 0 0 0
 0 0 0 0 0
 0 0 0 0 0
 0.991045 0.00858322 0.000360255 1.14367e-05 0
 0.934742 0.0480273 0.0164251 0.00080598 0
 0.827803 0.169806 0.00239088 0 0
 0.941827 0.0461693 0.0120037 0 0
 0.791401 0.0380133 0.147996 0.0225897 0
 0.846168 0.0940531 0.0597789 0 0
 0.134021 0.677848 0.182769 0.00536245 0
 0.80878 0.0450904 0.141981 0.00414843 0
 0.846168 0.0940531 0.0597789 0 0
 0.905697 0.0802665 0.012482 0.00150086 5.37128e-05
 0.989698 0.0102097 9.19794e-05 0 0
 0.975433 0.0193895 0.00387452 0.00125025 5.28907e-05
 0.303575 0.632131 0.0575291 0.00676475 0
 0.966965 0.00978017 0.0227588 0.000495775 0
 0.843318 0.132988 0.00938335 0.0141283 0.000182051
 0.564624 0.303363 0.111486 0.0197234 0.00080311
 0.826376 0.0876187 0.0782897 0.00655872 0.00115652
 0.89761 0.0855135 0.0140674 0.00269457 0.000114338
 0.34875 0.467042 0.161289 0.0227151 0.000203297
 0.318654 0.224769 0.449479 0.00709798 0
 0.937255 0.0296025 0.0250945 0.00804832 0
ppred_RECLAS
 0.501208 0.112478 0.364368 0.0219459 7.20649e-07
 0.469106 0.268279 0.0592677 0.191796 0.0115516
 0.61773 0.182003 0.101296 0.0223377 0.0766331
 0.773593 0.141374 0.0405246 0.0225135 0.0219944
 0.69705 0.236479 0.0415483 0.0118782 0.0130439
 0.789443 0.147438 0.0492816 0.00865005 0.00518831
 0.53265 0.371261 0.0673232 0.0224594 0.00630598
 0.509763 0.268208 0.176522 0.0318861 0.0136212
 0.598352 0.20594 0.107108 0.0704411 0.018159
 0.751886 0.150833 0.0499435 0.0259086 0.0214286
 0.846789 0.116564 0.0223073 0.00736289 0.00697746
 0.776153 0.189967 0.0257814 0.0049294 0.00316873
 0.72655 0.21464 0.0499354 0.00675404 0.0021211
 0.677727 0.237325 0.0667259 0.0154728 0.00274954
 0.775556 0.155929 0.0505251 0.0141318 0.00385821
 0.946909 0.0416726 0.00794152 0.00256405 0.000912783
 0.43218 0.538889 0.0227229 0.00431789 0.0018901
 0.915322 0.0371766 0.045085 0.00189754 0.000518363
 0.644828 0.325912 0.0128599 0.0155656 0.000834004
 0.651486 0.227904 0.110699 0.00435635 0.00555466
 0.778238 0.146291 0.0493935 0.0239347 0.00214264
 0.781103 0.171428 0.0313345 0.01056 0.00557462
 0.366608 0.498444 0.105737 0.0192831 0.00992794
 0.779106 0.0820407 0.109302 0.0231552 0.00639641
 0.67338 0.255523 0.0264258 0.0351645 0.0095067
 0.487932 0.346862 0.12928 0.0133539 0.0225725
 0.772659 0.111792 0.0782954 0.0291527 0.00810098
 0.732334 0.207685 0.0295134 0.0206454 0.00982262
 0.398539 0.442308 0.123518 0.0175346 0.0181007
 0.471222 0.212641 0.232545 0.0648764 0.0187161
 0.851927 0.070569 0.0311932 0.034066 0.0122447
pobs_PELACES
 0 0 0 0 0
 0 0 0 0 0
 0 0 0 0 0
 0 0 0 0 0
 0 0 0 0 0
 0 0 0 0 0
 0 0 0 0 0
 0 0 0 0 0
 0 0 0 0 0
 0 0 0 0 0
 0 0 0 0 0
 0 0 0 0 0
 0 0 0 0 0
 0 0 0 0 0
 0 0 0 0 0
 0 0 0 0 0
 0.505614 0.472636 0.0217494 0 0
 0 0 0 0 0
 0.443492 0.261883 0.143347 0.151278 0
 0.227955 0.32914 0.350689 0.0885471 0.00366901
 0.970185 0.0296113 0.000203453 0 0
 0.997202 0.00247181 0.000326279 0 0
 0.445219 0.490057 0.0546422 0.010081 0
 0.90214 0.0892962 0.00764917 0.000914606 0
 0 0 0 0 0
 0.581667 0.319106 0.0959925 0.00289975 0.000334073
 0.762889 0.0836404 0.116647 0.0363945 0.000428098
 0.88444 0.0763242 0.0277011 0.0115352 0
 0.521256 0.241999 0.230069 0.00667565 0
 0.616807 0.101726 0.260614 0.0208532 0
 0.833518 0.0704572 0.0857862 0.0102388 0
ppred_PELACES
 0.503635 0.111985 0.362544 0.0218354 7.17018e-07
 0.473444 0.266243 0.058751 0.190112 0.0114502
 0.621739 0.180202 0.100183 0.0220908 0.0757858
 0.778125 0.138636 0.0396716 0.0220376 0.0215294
 0.698904 0.235063 0.0412753 0.0117998 0.0129577
 0.792299 0.145488 0.0485743 0.00852539 0.00511352
 0.542091 0.363954 0.065831 0.0219587 0.00616534
 0.511319 0.267406 0.175922 0.0317771 0.0135747
 0.604167 0.203119 0.105474 0.0693601 0.0178802
 0.757704 0.147419 0.0487119 0.025267 0.0208978
 0.84774 0.115854 0.0221606 0.00731428 0.00693139
 0.781634 0.185377 0.0251048 0.00479949 0.0030852
 0.732427 0.210117 0.0487862 0.00659791 0.00207206
 0.688515 0.229583 0.0643356 0.0149159 0.00265055
 0.781456 0.151936 0.0491198 0.0137371 0.00375042
 0.948273 0.0406181 0.0077264 0.00249435 0.000887965
 0.436413 0.534904 0.0225287 0.00428072 0.00187382
 0.916713 0.0365903 0.0443218 0.0018653 0.000509554
 0.650505 0.320749 0.012635 0.015292 0.00081934
 0.656638 0.224653 0.108955 0.00428741 0.00546672
 0.781231 0.144374 0.0486902 0.0235925 0.00211199
 0.784825 0.168568 0.0307667 0.0103678 0.00547315
 0.369592 0.496187 0.105168 0.0191785 0.00987407
 0.7811 0.0813391 0.108286 0.022939 0.00633666
 0.675884 0.253608 0.0262079 0.034873 0.00942788
 0.49025 0.345361 0.128641 0.0132875 0.0224602
 0.774692 0.110836 0.0775667 0.0288802 0.00802524
 0.734234 0.206241 0.0292892 0.0204878 0.00974764
 0.400702 0.440788 0.123019 0.0174633 0.0180271
 0.474524 0.211423 0.231014 0.0644464 0.018592
 0.853685 0.0697657 0.03081 0.0336458 0.0120937
pobs_pel_tallas
 0 0 0 0 0 0 0 0 0 0 0 0 0 0 0 0 0 0 0 0 0 0 0 0 0 0
 0 0 0 0 0 0 0 0 0 0 0 0 0 0 0 0 0 0 0 0 0 0 0 0 0 0
 0 0 0 0 0 0 0 0 0 0 0 0 0 0 0 0 0 0 0 0 0 0 0 0 0 0
 0 0 0 0 0 0 0 0 0 0 0 0 0 0 0 0 0 0 0 0 0 0 0 0 0 0
 0 0 0 0 0 0 0 0 0 0 0 0 0 0 0 0 0 0 0 0 0 0 0 0 0 0
 0 0 0 0 0 0 0 0 0 0 0 0 0 0 0 0 0 0 0 0 0 0 0 0 0 0
 0 0 0 0 0 0 0 0 0 0 0 0 0 0 0 0 0 0 0 0 0 0 0 0 0 0
 0 0 0 0 0 0 0 0 0 0 0 0 0 0 0 0 0 0 0 0 0 0 0 0 0 0
 0 0 0 0 0 0 0 0 0 0 0 0 0 0 0 0 0 0 0 0 0 0 0 0 0 0
 0 0 0 0 0 0 0 0 0 0 0 0 0 0 0 0 0 0 0 0 0 0 0 0 0 0
 0 0 0 0 0 0 0 0 0 0 0 0 0 0 0 0 0 0 0 0 0 0 0 0 0 0
 0 0 0 0 0 0 0 0 0 0 0 0 0 0 0 0 0 0 0 0 0 0 0 0 0 0
 0.00862536 0 0 0.000197151 0.00414017 0.0128641 0.00837892 0.0270097 0.101434 0.158115 0.152841 0.127902 0.109271 0.109419 0.0830992 0.0579132 0.0238553 0.00714673 0.00463305 0.00128148 0.00103504 0.000492878 0.000147863 0.000147863 4.92878e-05 0
 0 0 0 0 0 0 0 0 0 0 0 0 0 0 0 0 0 0 0 0 0 0 0 0 0 0
 0 0 0 0 0 0 0 0.0054083 0.00873648 0.0413646 0.0450493 0.0745869 0.0622846 0.0627006 0.0613931 0.0827291 0.12552 0.122667 0.0946155 0.0697135 0.0546179 0.0294188 0.0215738 0.0213955 0.0102223 0.00600262
 0 0 0 0 0.00359764 0.0251062 0.0480494 0.140153 0.205849 0.193036 0.1447 0.116669 0.0760912 0.0342217 0.00950174 0.001854 0.000860785 0 0 0 0.000165536 0 0.000143464 0 0 0
 0 0 0 0 0 0 0 0.000145254 0.000435761 0.0275982 0.070085 0.0708112 0.156366 0.174668 0.174014 0.160142 0.0824315 0.0480064 0.0283245 0.00493863 0.00203355 0 0 0 0 0
 0 0 0 0 0 0 0 0 0 0 0 0 0 0 0 0 0 0 0 0 0 0 0 0 0 0
 0 0 1.00437e-05 0.000401748 0.00122533 0.00171747 0.00176769 0.0269171 0.070346 0.194647 0.189555 0.159765 0.064822 0.0314167 0.0384472 0.0292271 0.0345202 0.0313363 0.0194345 0.0106764 0.0143323 0.0359363 0.0279516 0.0138201 0.00172751 0
 0 0.0021121 0.0136068 0.0755702 0.200478 0.177729 0.0527432 0.0373336 0.0318909 0.0142505 0.0149659 0.0166563 0.0217959 0.0798694 0.0677717 0.0528807 0.04013 0.0224614 0.0357745 0.0225083 0.00881397 0.00855152 0.00135912 0.000746735 0 0
 0 0 0 0 5.4009e-05 0.00500934 0.000945158 0.0243581 0.138947 0.33067 0.221406 0.137944 0.0707744 0.0437923 0.0131692 0.00525238 0.0047753 0.00276346 9.45158e-05 9.00151e-06 2.25038e-05 9.00151e-06 4.50075e-06 0 0 0
 0.000866109 0.00284123 0.00948549 0.0512746 0.133035 0.25785 0.225252 0.132002 0.0553304 0.0519788 0.0540692 0.017754 0.00435017 0.00159236 0.00146478 0.000404838 0.000125132 0.000115318 0.000107957 0.000100596 0 0 0 0 0 0
 0 0 0 0 0.00144013 0.00171154 0.00461396 0.0210425 0.0478622 0.0707936 0.0888783 0.103762 0.0637923 0.0337046 0.0602308 0.124433 0.169614 0.0934646 0.0462172 0.0250306 0.0313229 0.00938855 0.002487 0.000210481 0 0
 0 0.00764035 0.051015 0.0998891 0.058973 0.0496711 0.0374665 0.0718981 0.12319 0.153886 0.159021 0.0857701 0.0377988 0.023471 0.0147837 0.00900784 0.00315554 0.000888139 0.00291439 0.00214683 0.00393193 0.00274676 0.000635225 9.99891e-05 0 0
 0 0 0 0 0 0 0 0 0 0 0 0 0 0 0 0 0 0 0 0 0 0 0 0 0 0
 0 0 0 0 0 0 0 0 0 0 0 0 0 0 0 0 0 0 0 0 0 0 0 0 0 0
 0 0 0 0 0 0 0 0 0 0 0 0 0 0 0 0 0 0 0 0 0 0 0 0 0 0
 0 0 0 0 0 0 0 0 0 0 0 0 0 0 0 0 0 0 0 0 0 0 0 0 0 0
 0 0 0 0 0 0 0 0 0 0 0 0 0 0 0 0 0 0 0 0 0 0 0 0 0 0
 0 0 0 0 0 0 0 0 0 0 0 0 0 0 0 0 0 0 0 0 0 0 0 0 0 0
 0 0 0 0 0 0 0 0 0 0 0 0 0 0 0 0 0 0 0 0 0 0 0 0 0 0
ppred_pel_tallas
 1.12681e-16 4.14837e-05 0.000403237 0.00267965 0.0121813 0.0379006 0.0807517 0.117862 0.117873 0.0808074 0.038089 0.0127323 0.00408868 0.0035649 0.00629676 0.0109965 0.0173517 0.0249661 0.0333436 0.0420661 0.0507046 0.0584623 0.0639708 0.0656439 0.062481 0.0547415
 1.22767e-16 3.8997e-05 0.000379065 0.00251902 0.0114511 0.0356288 0.0759118 0.110801 0.110827 0.0760378 0.0360519 0.0126747 0.00559631 0.00711709 0.0128987 0.0214384 0.0313224 0.0403999 0.0465926 0.049166 0.0492436 0.0490017 0.0501348 0.0527689 0.0555246 0.0564741
 1.17978e-16 5.12118e-05 0.000497797 0.00330804 0.0150379 0.0467885 0.0996885 0.145502 0.145519 0.0997741 0.0470763 0.015871 0.00540616 0.00510127 0.00886352 0.0147579 0.0217009 0.0282573 0.0330232 0.0354353 0.0361063 0.0363234 0.0371039 0.0385585 0.039958 0.0402894
 1.07034e-16 6.40932e-05 0.000623008 0.00414011 0.0188204 0.0585572 0.124763 0.182098 0.182111 0.124828 0.0587773 0.0194566 0.00573942 0.00412164 0.0067307 0.0110854 0.0161076 0.0205736 0.0232948 0.0237618 0.0224509 0.0204731 0.0188466 0.0179605 0.017552 0.0170637
 1.04628e-16 5.75678e-05 0.00055958 0.00371861 0.0169043 0.0525955 0.112061 0.163561 0.163584 0.112172 0.0529676 0.0179791 0.00641738 0.00645386 0.0112604 0.0185474 0.0267681 0.033783 0.0374543 0.0368094 0.0326159 0.0268435 0.0214566 0.0174802 0.014882 0.0130674
 1.0316e-16 6.52606e-05 0.000634357 0.00421552 0.0191632 0.0596238 0.127035 0.185415 0.185429 0.127104 0.0598548 0.019831 0.00589404 0.00430587 0.00705957 0.0116237 0.0168693 0.0214886 0.024188 0.0243629 0.0224291 0.0194847 0.0165905 0.0142484 0.0123874 0.0106971
 1.05239e-16 4.46514e-05 0.000434028 0.00288427 0.0131115 0.0407949 0.0869191 0.126868 0.126903 0.0870906 0.041371 0.0147757 0.00706312 0.00956092 0.0173914 0.0287157 0.0414446 0.0522946 0.0579451 0.0568663 0.0502138 0.0410025 0.0322521 0.0255609 0.0209359 0.0175556
 1.1063e-16 4.21168e-05 0.00040939 0.00272054 0.0123672 0.0384791 0.0819847 0.119665 0.119691 0.0821119 0.0389066 0.0136049 0.00583824 0.00725135 0.013142 0.0219366 0.032244 0.041905 0.0487107 0.0516002 0.0511709 0.0490139 0.0464656 0.0438407 0.0406321 0.0362669
 1.13078e-16 4.97645e-05 0.000483728 0.00321455 0.0146129 0.0454662 0.0968712 0.141391 0.14141 0.0969677 0.0457904 0.0155512 0.0055773 0.0056662 0.00996544 0.0165913 0.0243623 0.031641 0.036804 0.0391561 0.0393105 0.0386342 0.0382123 0.0381759 0.037824 0.0362711
 1.07514e-16 6.24111e-05 0.000606658 0.00403146 0.0183264 0.0570204 0.121489 0.177319 0.177333 0.121558 0.0572547 0.0190038 0.00573448 0.00433378 0.00716913 0.011829 0.0172169 0.0220483 0.0250692 0.0257378 0.0245432 0.0226305 0.0210347 0.0201275 0.0196113 0.0189089
 1.02576e-16 6.98272e-05 0.000678746 0.0045105 0.0205041 0.0637959 0.135924 0.198388 0.198399 0.135979 0.0639794 0.0210341 0.00584145 0.00358618 0.00559753 0.00915931 0.0132262 0.0167163 0.0185801 0.0183424 0.0163812 0.0136593 0.0111289 0.00927463 0.00806101 0.00718236
 1.01776e-16 6.43822e-05 0.000625818 0.00415878 0.0189052 0.0588212 0.125326 0.18292 0.182938 0.125413 0.0591143 0.0197518 0.00628364 0.00526409 0.00887237 0.0145634 0.0209669 0.0263536 0.029005 0.0281278 0.0243198 0.0191582 0.0142533 0.0105036 0.00798339 0.00630696
 1.02474e-16 6.03291e-05 0.00058642 0.00389697 0.0177151 0.0551182 0.117436 0.171405 0.171426 0.117535 0.0554511 0.0186769 0.00631269 0.00586457 0.0100979 0.0166332 0.0240354 0.0303912 0.0337834 0.0333131 0.0296088 0.0243533 0.0192346 0.0151505 0.012132 0.00978201
 1.0386e-16 5.67121e-05 0.000551262 0.00366333 0.016653 0.0518137 0.110395 0.16113 0.161152 0.110504 0.0521779 0.0177054 0.00630752 0.0063319 0.0110597 0.0182585 0.0264466 0.0335716 0.0375703 0.0374786 0.0339708 0.0288316 0.0238126 0.0197867 0.0166981 0.0140723
 1.03469e-16 6.43675e-05 0.000625676 0.00415783 0.0189009 0.0588079 0.125297 0.182878 0.182892 0.125369 0.0590491 0.0195983 0.00591054 0.00445938 0.0073675 0.0121365 0.017614 0.0224393 0.0252654 0.0254677 0.023488 0.0204786 0.0175456 0.0152008 0.0133482 0.0116391
 1.00634e-16 7.8108e-05 0.000759238 0.0050454 0.0229357 0.0713614 0.152043 0.221912 0.221916 0.152062 0.0714257 0.0231214 0.00551192 0.00177825 0.00201518 0.00321259 0.00463143 0.00584779 0.00648761 0.00638052 0.00565517 0.00464647 0.00368882 0.00295752 0.00245071 0.00207532
 1.01534e-16 3.59468e-05 0.000349416 0.002322 0.0105555 0.0328423 0.0699759 0.102143 0.102194 0.0702274 0.0336863 0.0129922 0.00843423 0.0136783 0.0253081 0.0416728 0.0597699 0.0746191 0.0811684 0.0770886 0.064189 0.0472585 0.0312972 0.0192643 0.0116231 0.00730463
 1.01562e-16 7.55084e-05 0.000733969 0.00487748 0.0221723 0.0689864 0.146983 0.214527 0.21453 0.147 0.0690455 0.0223439 0.005311 0.00168992 0.00191903 0.00312578 0.00466416 0.00621484 0.0074942 0.00835 0.008809 0.00898435 0.0089317 0.00859357 0.0078747 0.0067628
 1.02119e-16 5.35813e-05 0.000520829 0.0034611 0.0157337 0.0489534 0.104302 0.152238 0.152269 0.104452 0.0494596 0.0171951 0.00712708 0.00851599 0.0152154 0.0250111 0.0358894 0.0448534 0.0488935 0.0466391 0.0391974 0.0294448 0.0203525 0.0136311 0.00946657 0.00712535
 1.04557e-16 5.40864e-05 0.000525739 0.00349372 0.015882 0.0494148 0.105284 0.15367 0.153692 0.105391 0.0497726 0.0169167 0.00609671 0.00622677 0.0109359 0.0181352 0.0264472 0.0339367 0.0386384 0.039597 0.0373542 0.0334297 0.0292601 0.0254786 0.0219687 0.0183982
 1.04166e-16 6.4349e-05 0.000625495 0.00415664 0.0188955 0.0587909 0.125261 0.182825 0.182839 0.125329 0.0590203 0.0195586 0.00582372 0.0042732 0.00701701 0.0115649 0.0168104 0.0214739 0.0242955 0.0247007 0.0231183 0.0206312 0.0182502 0.0163963 0.0149028 0.0133771
 1.02897e-16 6.4645e-05 0.000628372 0.00417576 0.0189824 0.0590614 0.125837 0.183666 0.183683 0.125917 0.0593282 0.0197533 0.00611148 0.00485634 0.00810109 0.0133085 0.0192084 0.0242486 0.0268934 0.0264407 0.0234318 0.0192666 0.0153411 0.012385 0.0103823 0.00892839
 1.06757e-16 3.04429e-05 0.000295916 0.00196647 0.0089393 0.0278137 0.0592619 0.0865045 0.0865523 0.0594958 0.0285995 0.0112097 0.00766817 0.0127518 0.0237127 0.0392225 0.0566591 0.0715857 0.0794818 0.0782438 0.069397 0.0569759 0.0450232 0.0356824 0.0289941 0.0239322
 1.06519e-16 6.43382e-05 0.00062539 0.00415594 0.0188923 0.058781 0.125239 0.182792 0.1828 0.125278 0.0589129 0.0192753 0.00512514 0.00276663 0.0042058 0.00704724 0.0106046 0.0142988 0.0175635 0.020113 0.0220276 0.0235205 0.0246029 0.0249703 0.0242098 0.0221269
 1.05914e-16 5.56717e-05 0.000541149 0.00359612 0.0163475 0.0508632 0.10837 0.158175 0.158199 0.10849 0.0512641 0.0175056 0.0065031 0.00688724 0.0121091 0.0199356 0.0287298 0.0361801 0.0399871 0.0391365 0.0345247 0.0283621 0.0228324 0.0190406 0.0168627 0.0155016
 1.08935e-16 4.03813e-05 0.000392521 0.00260844 0.0118576 0.0368936 0.0786069 0.114736 0.11477 0.0787703 0.0374424 0.0134444 0.00659759 0.00912139 0.0166784 0.0276666 0.0402199 0.0513515 0.0580211 0.0588039 0.0546701 0.0481773 0.0417731 0.0365777 0.0323731 0.028406
 1.06522e-16 6.38104e-05 0.00062026 0.00412184 0.0187373 0.0582988 0.124212 0.181294 0.181304 0.124265 0.0584763 0.0192513 0.00541733 0.00346576 0.00551951 0.00915986 0.01351 0.0176695 0.0207602 0.0223812 0.0228009 0.0226609 0.0224442 0.02216 0.0214521 0.019954
 1.04603e-16 6.0478e-05 0.000587867 0.00390659 0.0177588 0.0552543 0.117726 0.171828 0.171848 0.117823 0.0555806 0.0187013 0.00627284 0.00575494 0.00987856 0.0162494 0.0234381 0.0295586 0.0327407 0.0321481 0.0284833 0.023507 0.0189626 0.0157389 0.01376 0.0124316
 1.08465e-16 3.30054e-05 0.000320824 0.00213199 0.00969176 0.0301549 0.0642497 0.0937833 0.0938259 0.0644578 0.0308539 0.0117121 0.00720818 0.0114179 0.0211544 0.0350408 0.0507565 0.064419 0.0720722 0.071871 0.065125 0.0552863 0.0457493 0.0382145 0.032577 0.0278926
 1.16331e-16 3.9086e-05 0.000379929 0.00252477 0.0114772 0.03571 0.0760848 0.111052 0.111073 0.0761861 0.0360514 0.0124674 0.00502659 0.00589584 0.0106751 0.0180074 0.026926 0.0359455 0.0435403 0.0489794 0.0526032 0.0552242 0.0571916 0.0579761 0.0565872 0.0523755
 1.06328e-16 7.03169e-05 0.000683505 0.00454213 0.0206479 0.0642433 0.136877 0.199778 0.199785 0.13691 0.0643546 0.02097 0.00535298 0.00246181 0.00347246 0.00569652 0.00836267 0.0108754 0.0126943 0.0136143 0.0138896 0.0140286 0.0144145 0.0150515 0.0156006 0.0156228
pSPR Fmed_Fpbrs
0.643481   0.217328 0.217328
Fs Fmed_Fpbrs
0.241761   1.005 1.005
SSBpbr Bo_Bmed_Bpbrs
1.91214e+06  1.13482e+06  319953 319953
Ro
177246
SPR SPRFo_SPRFmed_SPRFpbrs
1.26694e+06 815253 275342
Fref
1.005
Nvult_r0
 209208 18015.3 7983.82 8720.31 3134.46
CTP_r0
 27768.6 2926.91 1312.59 1434.57 515.666
YTP_r0
391297
Np
 243793 96505.8 7832.05 3457.16 4915.89
Nvult_p0
 202727 83314.8 6776.54 2991.6 4253.91
CTP_p0
 88907.2 41449.4 3395.37 1499.5 2132.26
YTP_p0
 1.53286e+06
CBA_c0
733767
log_Ro
11.9053
likeval ReclasPelacesDesembMPH_pf_preclas_ppelaces_ptallas_desvR_qrecl_qpela
 13.6627 17.4297 0.0601616 0.00278009 240.942 118.734 98.3938 0 24.2298 8.76462e-07 0 0.30728 0 0 0
q_reclas_q_pelaces
0.87576 1
M
1
N
 196807 44787.8 145225 8747.39 0.287243
 111170 65218.3 14432.8 46710.2 2813.32
 111905 33801.1 18844.2 4155.85 14257.4
 179983 34182.2 9823.81 5458.39 5332.58
 144464 49657.8 8732.39 2496.61 2741.62
 251435 48177.9 16131.6 2831.73 1698.48
 103513 76361.2 13900.3 4638.19 1302.29
 46921.7 24914.4 16407.6 2963.9 1266.13
 45199.9 16119.9 8404.08 5527.74 1425.01
 60661.1 12746.6 4233.89 2196.74 1816.9
 113367 15777.3 3021.61 997.369 945.162
 149679 38425.3 5231.76 1000.48 643.139
 124777 38538.4 8992.88 1216.53 382.055
 87281.6 32917.6 9301.64 2157.5 383.395
 87170.5 18439.1 5995.32 1677.19 457.905
 478414 21936.1 4191.96 1353.64 481.891
 101203 129515 5470.81 1039.68 455.107
 734992 30650.5 37237 1567.39 428.174
 423036 221979 8781.08 10630 569.562
 325011 117593 57248.1 2253.18 2872.98
 481784 92931.5 31432.1 15232.5 1363.62
 644472 146143 26771.9 9023.46 4763.5
 133966 185665 39437.1 7192.57 3703.13
 398769 42705.8 56961.5 12067.8 3333.64
 334993 129299 13387.4 17815.5 4816.43
 150558 108512 40481.2 4181.7 7068.46
 339582 49974.7 35040.9 13048 3625.81
 382347 110015 15649.2 10947.6 5208.64
 112200 126205 35275.6 5007.98 5169.68
 81156.9 37335.5 40883.5 11406.6 3290.7
 305714 25847.3 11441 12495.6 4491.45
pred_Ctot
 12448.3 3549.87 11665.9 703.174 0.0230914
 12383.8 9021.96 2022.28 6549.35 394.475
 12186.3 4573.22 2582.51 569.929 1955.32
 29118.3 6800.74 1978.39 1099.96 1074.64
 8603.87 3708.52 660.982 189.111 207.678
 28163.9 6700.82 2272.56 399.193 239.446
 23412.4 20965.2 3859.69 1288.65 361.833
 1972.67 1317.65 879.697 159.025 67.9356
 6815.28 2995.5 1581.02 1040.58 268.263
 11555.9 2969.09 997.882 518.07 428.506
 5673.85 991.879 192.557 63.6047 60.2776
 29228.9 9166.13 1262.7 241.619 155.325
 22922.8 8668.72 2046.97 277.082 87.0211
 24561.2 11113.8 3173.69 736.542 130.89
 17953.9 4629.19 1522.64 426.221 116.37
 81886.1 4608.73 891.379 288.022 102.538
 11486.8 18248.2 780.726 148.47 64.9935
 84530.8 4374.56 5382.85 226.729 61.9394
 66858.3 43174.8 1728.88 2094.27 112.216
 46711.7 20857.8 10280.8 404.899 516.296
 54277.4 12998.4 4452.99 2159.46 193.323
 90134.6 25243.7 4682.25 1579.19 833.686
 11435.1 19777.8 4256.51 776.846 399.978
 30207.2 4044.4 5466.44 1158.93 320.156
 25567.1 12336 1294.27 1723.58 465.988
 9378.96 8471.99 3203.25 331.13 559.741
 25887.5 4762.49 3383.86 1260.92 350.399
 25055.3 9030.12 1301.8 911.336 433.611
 6826.95 9626.86 2727.21 387.451 399.976
 6969.47 4000.86 4438.94 1239.34 357.551
 27768.6 2926.91 1312.59 1434.57 515.666
F
 0.104484 0.132433 0.134324 0.134425 0.13443
 0.190564 0.241538 0.244987 0.245171 0.245181
 0.185946 0.235684 0.239049 0.239229 0.239239
 0.287709 0.364668 0.369875 0.370153 0.370168
 0.0981262 0.124374 0.12615 0.126244 0.126249
 0.191709 0.242988 0.246458 0.246643 0.246653
 0.424247 0.537728 0.545406 0.545816 0.545838
 0.0684263 0.0867294 0.0879678 0.088034 0.0880375
 0.265828 0.336933 0.341744 0.342001 0.342015
 0.346733 0.439479 0.445755 0.44609 0.446108
 0.081912 0.103822 0.105305 0.105384 0.105388
 0.356835 0.452284 0.458742 0.459087 0.459106
 0.33252 0.421465 0.427483 0.427805 0.427822
 0.554665 0.70303 0.713069 0.713605 0.713633
 0.379733 0.481306 0.488179 0.488546 0.488565
 0.306676 0.388707 0.394258 0.394554 0.39457
 0.194477 0.246497 0.250017 0.250205 0.250214
 0.197279 0.250049 0.253619 0.25381 0.25382
 0.280229 0.355186 0.360258 0.360529 0.360543
 0.251995 0.3194 0.323961 0.324205 0.324218
 0.192908 0.244509 0.248 0.248187 0.248197
 0.244485 0.309881 0.314306 0.314542 0.314555
 0.143252 0.18157 0.184163 0.184302 0.184309
 0.126252 0.160022 0.162307 0.162429 0.162436
 0.127254 0.161292 0.163595 0.163718 0.163725
 0.102834 0.130341 0.132202 0.132301 0.132307
 0.127099 0.161096 0.163397 0.16352 0.163526
 0.108423 0.137425 0.139388 0.139492 0.139498
 0.100341 0.12718 0.128997 0.129094 0.129099
 0.144176 0.182741 0.18535 0.18549 0.185497
 0.153046 0.193984 0.196754 0.196902 0.19691
YTP_r0W_actual
 236033 47708.6 37933.9 49923.2 19698.4
YTP_p0W_proyectada
 668582 668165 79383.9 44235.2 72496.7
CTP_r0_actual
 27768.6 2926.91 1312.59 1434.57 515.666
CTP_p0_proyectada
 88907.2 41449.4 3395.37 1499.5 2132.26
Wmedp
 7.52 16.12 23.38 29.5 34
Frms_r0
 0.153046 0.193984 0.196754 0.196902 0.19691
Zrms_r0
 1.15305 1.19398 1.19675 1.1969 1.19691
nmprior
 8.19 8.8 8.5 0
nm_flota  nm_reclas  nm_pelaces    nm_pelaL
inf 12.4151 18.2973 43.7627
cv_recla  cv_pelaces  cv_mph
0.334344 0.473388 1.62718
 ------------------------------------------------
Talla a la edad & desviaci?n 
 8 13.2811 15.8009 17.003 17.5766
 0.8 1.32811 1.58009 1.7003 1.75766
