years
 1991 1992 1993 1994 1995 1996 1997 1998 1999 2000 2001 2002 2003 2004 2005 2006 2007 2008 2009 2010 2011 2012 2013 2014 2015 2016 2017
reclasobs
 0 0 0 0 0 0 0 0 0 252601 567819 844713 477998 351125 339783 2.1784e+06 2.13404e+06 4.81314e+06 1.55562e+06 2.62356e+06 3.21686e+06 3.843e+06 1.13348e+06 3.07943e+06 1.97215e+06 2.03268e+06 2.025e+06
reclaspred
 3.26193e+06 1.82751e+06 916457 915713 905744 1.48955e+06 914282 790979 571047 405822 494269 651985 638068 491218 494923 1.40934e+06 1.33526e+06 3.0277e+06 2.51802e+06 1.91622e+06 3.38634e+06 2.74589e+06 2.14417e+06 3.32572e+06 2.48965e+06 2.13347e+06 2.26938e+06
pelacesobs
 0 0 0 0 0 0 0 0 0 0 0 0 0 0 0 552880 188675 0 991730 2.46772e+06 1.41603e+06 1.21717e+06 2.29649e+06 1.80582e+06 0 1.4828e+06 1.56532e+06
pelacespred
 1.48418e+06 920751 460727 376820 391790 665827 372923 407015 279327 186466 237856 260694 280938 225500 235054 562707 535491 1.40183e+06 1.19978e+06 845173 1.4545e+06 1.27985e+06 997950 1.69568e+06 1.22275e+06 1.04379e+06 1.25673e+06
mphobs
 0 0 0 0 0 0 0 0 0 0 0 498337 0 5186 125008 0 168611 109162 213762 579715 649985 157893 87575 83554 0 0 0
mphpred
 2.82048e+06 1.88309e+06 936250 505830 548662 626438 849207 506928 447359 298641 192088 335701 362268 302903 199809 256422 929555 862592 1.71871e+06 1.30838e+06 1.43667e+06 1.77141e+06 1.67453e+06 1.36098e+06 1.91103e+06 1.56831e+06 1.24337e+06
desembarqueobs
 494567 514787 250237 358949 120608 361735 552515 73892 212993 205616 52469 317467 293654 387597 252695 516296 358380 742168 942051 627588 828172 859565 418607 520667 417249 300574 407403
desembarquepred
 494575 513658 250791 358974 120613 361743 552549 73896.4 213043 205662 52471.6 317529 293699 387618 252684 516248 358401 742069 941824 627447 828219 859553 418609 520682 417241 300569 407404
Reclutas
 187281 111149 102065 173638 136320 245618 100336 43097.8 41508.5 55565.6 104047 142546 117631 83220.3 80746.1 464593 91984.3 692136 414601 328650 465152 625680 125778 383199 321219 132153 263165
log_desv_Rt
 0.119157 -0.402578 -0.487842 0.0435233 -0.198443 0.390327 -0.504923 -1.34998 -1.38755 -1.09589 -0.468612 -0.153789 -0.345898 -0.69196 -0.722142 1.02771 -0.591833 1.42633 0.913865 0.681541 1.02891 1.32539 -0.278934 0.835104 0.658673 -0.229488 0.45933
SSB
 2.82048e+06 1.88309e+06 936250 505830 548662 626438 849207 506928 447359 298641 192088 335701 362268 302903 199809 256422 929555 862592 1.71871e+06 1.30838e+06 1.43667e+06 1.77141e+06 1.67453e+06 1.36098e+06 1.91103e+06 1.56831e+06 1.24337e+06
BT
 3.83773e+06 2.62869e+06 1.30891e+06 1.16928e+06 998345 1.84488e+06 1.3512e+06 1.00453e+06 855015 628705 593521 866714 915291 924585 795107 1.71312e+06 1.51408e+06 3.891e+06 3.67147e+06 2.50331e+06 4.03175e+06 3.74775e+06 2.66682e+06 4.39703e+06 3.2018e+06 2.67433e+06 3.31741e+06
Ftot
 0.146316 0.267206 0.261275 0.381949 0.131435 0.242039 0.562054 0.0921278 0.360531 0.483719 0.108316 0.471566 0.445434 0.742462 0.5025 0.371488 0.258729 0.248022 0.362747 0.319589 0.242032 0.307323 0.188807 0.157884 0.164388 0.137621 0.179277
BD_Bspro_t
 0.976861 0.830431 0.658217 0.560666 0.549326 0.628895 0.627902 0.453355 0.507609 0.458461 0.420133 0.645665 0.527922 0.436418 0.32684 0.386902 0.584825 0.553315 0.653125 0.558136 0.534395 0.582781 0.596183 0.585557 0.693546 0.700647 0.699821
BD_Bspro
 2.38806 1.59439 0.792711 0.428279 0.464545 0.530397 0.719013 0.429209 0.378773 0.252855 0.162638 0.284233 0.306728 0.256464 0.169175 0.217109 0.787042 0.730345 1.45521 1.10779 1.21641 1.49983 1.4178 1.15233 1.61805 1.32787 1.05275
BD_Bo
 1.55093 1.03547 0.514826 0.278146 0.301698 0.344466 0.466963 0.27875 0.245994 0.164217 0.105625 0.184595 0.199204 0.166561 0.109871 0.141002 0.511144 0.474323 0.945085 0.719453 0.789994 0.974066 0.920792 0.748379 1.05084 0.862384 0.683706
BD_Brms
 11.1349 7.43424 3.69621 1.99696 2.16606 2.47311 3.35258 2.0013 1.76612 1.179 0.758343 1.32531 1.4302 1.19583 0.788822 1.01233 3.66978 3.40542 6.78528 5.16535 5.6718 6.99335 6.61087 5.37302 7.54455 6.19153 4.9087
Sel_flota
 0.900534 1 1 1 1
 0.900534 1 1 1 1
 0.900534 1 1 1 1
 0.900534 1 1 1 1
 0.900534 1 1 1 1
 0.900534 1 1 1 1
 0.900534 1 1 1 1
 0.900534 1 1 1 1
 0.900534 1 1 1 1
 0.900534 1 1 1 1
 0.900534 1 1 1 1
 0.900534 1 1 1 1
 0.900534 1 1 1 1
 0.900534 1 1 1 1
 0.900534 1 1 1 1
 0.900534 1 1 1 1
 0.900534 1 1 1 1
 0.900534 1 1 1 1
 0.900534 1 1 1 1
 0.900534 1 1 1 1
 0.900534 1 1 1 1
 0.900534 1 1 1 1
 0.900534 1 1 1 1
 0.900534 1 1 1 1
 0.900534 1 1 1 1
 0.900534 1 1 1 1
 0.900534 1 1 1 1
Sel_reclas
 1 1 1 1 1
 1 1 1 1 1
 1 1 1 1 1
 1 1 1 1 1
 1 1 1 1 1
 1 1 1 1 1
 1 1 1 1 1
 1 1 1 1 1
 1 1 1 1 1
 1 1 1 1 1
 1 1 1 1 1
 1 1 1 1 1
 1 1 1 1 1
 1 1 1 1 1
 1 1 1 1 1
 1 1 1 1 1
 1 1 1 1 1
 1 1 1 1 1
 1 1 1 1 1
 1 1 1 1 1
 1 1 1 1 1
 1 1 1 1 1
 1 1 1 1 1
 1 1 1 1 1
 1 1 1 1 1
 1 1 1 1 1
 1 1 1 1 1
Sel_pelaces
 1 1 1 1 1
 1 1 1 1 1
 1 1 1 1 1
 1 1 1 1 1
 1 1 1 1 1
 1 1 1 1 1
 1 1 1 1 1
 1 1 1 1 1
 1 1 1 1 1
 1 1 1 1 1
 1 1 1 1 1
 1 1 1 1 1
 1 1 1 1 1
 1 1 1 1 1
 1 1 1 1 1
 1 1 1 1 1
 1 1 1 1 1
 1 1 1 1 1
 1 1 1 1 1
 1 1 1 1 1
 1 1 1 1 1
 1 1 1 1 1
 1 1 1 1 1
 1 1 1 1 1
 1 1 1 1 1
 1 1 1 1 1
 1 1 1 1 1
pf_obs 
 0.8446 0.082 0.0669 0.0065 0
 0.8095 0.147 0.0364 0.0071 0
 0.9664 0.0169 0.016 0.0007 0
 0.9276 0.0648 0.0075 0.0001 0
 0.7033 0.2144 0.0806 0.0017 0
 0.9318 0.0425 0.0243 0.0014 0
 0.5671 0.3108 0.0964 0.0239 0.0018
 0.0768 0.2599 0.5324 0.112 0.0189
 0.490249 0.384438 0.106611 0.0170017 0.00170017
 0.7925 0.1577 0.0466 0.003 0.0002
 0.840416 0.127587 0.0312969 0.00059994 9.999e-05
 0.8084 0.0986 0.0794 0.0134 0.0002
 0.7335 0.1905 0.0724 0.0035 0.0001
 0.4001 0.4547 0.1325 0.0127 0
 0.49795 0.308269 0.164784 0.0264974 0.00249975
 0.9179 0.0499 0.0305 0.0017 0
 0.2467 0.6533 0.0926 0.0074 0
 0.9418 0.0223 0.034 0.0019 0
 0.707729 0.231977 0.0356964 0.0245975 0
 0.517169 0.277429 0.184464 0.0207286 0.00020938
 0.811772 0.124168 0.05621 0.00726502 0.000585176
 0.764997 0.148141 0.077277 0.00933861 0.000247198
 0.163321 0.427699 0.378323 0.0303852 0.000271297
 0.753843 0.0900009 0.118128 0.0371064 0.000921714
 0.721811 0.176058 0.0630433 0.0369309 0.00215725
 0.143369 0.312575 0.442814 0.0836902 0.0175525
 0.692698 0.0596174 0.167031 0.0765114 0.00414204
pf_pred 
 0.48625 0.125797 0.365182 0.022771 7.70129e-07
 0.462933 0.27637 0.0638344 0.185307 0.0115553
 0.587544 0.203364 0.107597 0.0248521 0.076643
 0.767242 0.143468 0.044025 0.023293 0.0219721
 0.682646 0.25049 0.0412138 0.012647 0.0130032
 0.779811 0.155564 0.0510086 0.0083926 0.00522331
 0.503843 0.396726 0.0702485 0.0230341 0.00614857
 0.485362 0.277218 0.18984 0.0336152 0.0139644
 0.571255 0.219901 0.112497 0.0770384 0.0193081
 0.735436 0.159253 0.0540138 0.0276323 0.0236654
 0.844105 0.118599 0.0224502 0.00761444 0.00723154
 0.76362 0.202855 0.0255041 0.00482779 0.00319255
 0.712016 0.226614 0.0526664 0.00662151 0.00208228
 0.662356 0.249286 0.0695289 0.0161589 0.00267047
 0.766644 0.162278 0.052478 0.0146368 0.00396384
 0.946665 0.0421364 0.00778735 0.0025183 0.000892601
 0.394622 0.576767 0.0226038 0.00417747 0.00182976
 0.908667 0.0386958 0.0501492 0.00196537 0.000522321
 0.630603 0.33915 0.012815 0.016608 0.000823856
 0.642446 0.235845 0.111744 0.00422229 0.00574347
 0.757709 0.162433 0.0526747 0.0249573 0.0022258
 0.763488 0.184223 0.0350545 0.0113677 0.00586636
 0.339214 0.518729 0.110651 0.0210549 0.0103513
 0.764886 0.0859744 0.117078 0.024974 0.00708841
 0.651415 0.273563 0.0274334 0.0373581 0.0102307
 0.44288 0.377137 0.141247 0.0141645 0.0245712
 0.723532 0.130184 0.099026 0.0370876 0.0101709
pobs_RECLAS
 0 0 0 0 0
 0 0 0 0 0
 0 0 0 0 0
 0 0 0 0 0
 0 0 0 0 0
 0 0 0 0 0
 0 0 0 0 0
 0 0 0 0 0
 0 0 0 0 0
 0 0 0 0 0
 0.991045 0.00858322 0.000360255 1.14367e-05 0
 0.934742 0.0480273 0.0164251 0.00080598 0
 0.827803 0.169806 0.00239088 0 0
 0.941827 0.0461693 0.0120037 0 0
 0.791401 0.0380133 0.147996 0.0225897 0
 0.846168 0.0940531 0.0597789 0 0
 0.134021 0.677848 0.182769 0.00536245 0
 0.80878 0.0450904 0.141981 0.00414843 0
 0.846168 0.0940531 0.0597789 0 0
 0.905697 0.0802665 0.012482 0.00150086 5.37128e-05
 0.989698 0.0102097 9.19794e-05 0 0
 0.975433 0.0193895 0.00387452 0.00125025 5.28907e-05
 0.303575 0.632131 0.0575291 0.00676475 0
 0.966965 0.00978017 0.0227588 0.000495775 0
 0.843318 0.132988 0.00938335 0.0141283 0.000182051
 0.564624 0.303363 0.111486 0.0197234 0.00080311
 0.826376 0.0876187 0.0782897 0.00655872 0.00115652
ppred_RECLAS
 0.512773 0.119303 0.346328 0.0215954 7.30369e-07
 0.489735 0.262578 0.0606488 0.17606 0.0109786
 0.613305 0.190662 0.100877 0.0233 0.0718561
 0.786131 0.131825 0.0404523 0.0214027 0.020189
 0.705147 0.23273 0.0382917 0.0117503 0.0120813
 0.797662 0.142953 0.0468734 0.00771223 0.00479986
 0.531713 0.374441 0.0663026 0.0217402 0.0058032
 0.511751 0.263003 0.180106 0.0318915 0.0132484
 0.597639 0.206369 0.105574 0.0722977 0.0181199
 0.756356 0.14666 0.0497428 0.0254474 0.0217941
 0.857519 0.108394 0.0205185 0.00695927 0.00660931
 0.782938 0.186277 0.0234198 0.00443324 0.00293164
 0.734007 0.209309 0.0486447 0.00611588 0.00192328
 0.68753 0.230699 0.0643449 0.0149541 0.00247136
 0.785863 0.148913 0.048156 0.0134313 0.00363738
 0.9519 0.0380011 0.00702309 0.00227115 0.000804999
 0.420541 0.552073 0.021636 0.00399861 0.00175141
 0.917186 0.0350866 0.0454716 0.00178206 0.000473603
 0.655544 0.316252 0.0119498 0.0154867 0.000768231
 0.666884 0.219726 0.104106 0.00393372 0.00535093
 0.776838 0.149609 0.048516 0.0229869 0.00205007
 0.782428 0.169471 0.0322474 0.0104574 0.00539659
 0.363495 0.499668 0.106585 0.0202812 0.00997096
 0.783452 0.0791854 0.107833 0.0230019 0.00652867
 0.67515 0.254936 0.0255655 0.0348143 0.00953411
 0.469176 0.359336 0.13458 0.013496 0.0234115
 0.744315 0.120397 0.0915819 0.0342996 0.00940637
pobs_PELACES
 0 0 0 0 0
 0 0 0 0 0
 0 0 0 0 0
 0 0 0 0 0
 0 0 0 0 0
 0 0 0 0 0
 0 0 0 0 0
 0 0 0 0 0
 0 0 0 0 0
 0 0 0 0 0
 0 0 0 0 0
 0 0 0 0 0
 0 0 0 0 0
 0 0 0 0 0
 0 0 0 0 0
 0 0 0 0 0
 0.505614 0.472636 0.0217494 0 0
 0 0 0 0 0
 0.443492 0.261883 0.143347 0.151278 0
 0.227955 0.32914 0.350689 0.0885471 0.00366901
 0.970185 0.0296113 0.000203453 0 0
 0.997202 0.00247181 0.000326279 0 0
 0.445219 0.490057 0.0546422 0.010081 0
 0.90214 0.0892962 0.00764917 0.000914606 0
 0 0 0 0 0
 0.581667 0.319106 0.0959925 0.00289975 0.000334073
 0.762889 0.0836404 0.116647 0.0363945 0.000428098
ppred_PELACES
 0.513973 0.119009 0.345475 0.0215422 7.2857e-07
 0.491927 0.26145 0.0603883 0.175304 0.0109315
 0.615337 0.189661 0.100347 0.0231775 0.0714785
 0.788231 0.13053 0.040055 0.0211925 0.0199907
 0.706043 0.232022 0.0381754 0.0117146 0.0120446
 0.798941 0.142049 0.0465771 0.00766347 0.00476952
 0.536303 0.370771 0.0656526 0.0215271 0.00574631
 0.512507 0.262596 0.179827 0.0318421 0.0132279
 0.600482 0.204911 0.104828 0.0717869 0.0179919
 0.75927 0.144906 0.0491479 0.025143 0.0215334
 0.857952 0.108064 0.020456 0.00693808 0.00658918
 0.785557 0.18403 0.0231372 0.00437975 0.00289627
 0.736852 0.207071 0.0481244 0.00605047 0.00190271
 0.692742 0.226852 0.0632717 0.0147047 0.00243014
 0.788625 0.146992 0.0475347 0.013258 0.00359045
 0.952455 0.0375624 0.00694202 0.00224493 0.000795707
 0.422612 0.5501 0.0215587 0.00398432 0.00174516
 0.917802 0.0348255 0.0451332 0.00176879 0.000470078
 0.658227 0.313788 0.0118567 0.015366 0.000762246
 0.66921 0.218191 0.103379 0.00390624 0.00531356
 0.778212 0.148687 0.0482172 0.0228454 0.00203745
 0.78414 0.168137 0.0319936 0.0103751 0.00535412
 0.36493 0.498541 0.106344 0.0202355 0.00994848
 0.784329 0.0788644 0.107395 0.0229086 0.00650221
 0.676333 0.254008 0.0254724 0.0346876 0.00949941
 0.470301 0.358575 0.134295 0.0134673 0.0233618
 0.745433 0.119871 0.0911813 0.0341496 0.00936523
pobs_pel_tallas
 0 0 0 0 0 0 0 0 0 0 0 0 0 0 0 0 0 0 0 0 0 0 0 0 0 0
 0 0 0 0 0 0 0 0 0 0 0 0 0 0 0 0 0 0 0 0 0 0 0 0 0 0
 0 0 0 0 0 0 0 0 0 0 0 0 0 0 0 0 0 0 0 0 0 0 0 0 0 0
 0 0 0 0 0 0 0 0 0 0 0 0 0 0 0 0 0 0 0 0 0 0 0 0 0 0
 0 0 0 0 0 0 0 0 0 0 0 0 0 0 0 0 0 0 0 0 0 0 0 0 0 0
 0 0 0 0 0 0 0 0 0 0 0 0 0 0 0 0 0 0 0 0 0 0 0 0 0 0
 0 0 0 0 0 0 0 0 0 0 0 0 0 0 0 0 0 0 0 0 0 0 0 0 0 0
 0 0 0 0 0 0 0 0 0 0 0 0 0 0 0 0 0 0 0 0 0 0 0 0 0 0
 0 0 0 0 0 0 0 0 0 0 0 0 0 0 0 0 0 0 0 0 0 0 0 0 0 0
 0 0 0 0 0 0 0 0 0 0 0 0 0 0 0 0 0 0 0 0 0 0 0 0 0 0
 0 0 0 0 0 0 0 0 0 0 0 0 0 0 0 0 0 0 0 0 0 0 0 0 0 0
 0 0 0 0 0 0 0 0 0 0 0 0 0 0 0 0 0 0 0 0 0 0 0 0 0 0
 0.00862536 0 0 0.000197151 0.00414017 0.0128641 0.00837892 0.0270097 0.101434 0.158115 0.152841 0.127902 0.109271 0.109419 0.0830992 0.0579132 0.0238553 0.00714673 0.00463305 0.00128148 0.00103504 0.000492878 0.000147863 0.000147863 4.92878e-05 0
 0 0 0 0 0 0 0 0 0 0 0 0 0 0 0 0 0 0 0 0 0 0 0 0 0 0
 0 0 0 0 0 0 0 0.0054083 0.00873648 0.0413646 0.0450493 0.0745869 0.0622846 0.0627006 0.0613931 0.0827291 0.12552 0.122667 0.0946155 0.0697135 0.0546179 0.0294188 0.0215738 0.0213955 0.0102223 0.00600262
 0 0 0 0 0.00359764 0.0251062 0.0480494 0.140153 0.205849 0.193036 0.1447 0.116669 0.0760912 0.0342217 0.00950174 0.001854 0.000860785 0 0 0 0.000165536 0 0.000143464 0 0 0
 0 0 0 0 0 0 0 0.000145254 0.000435761 0.0275982 0.070085 0.0708112 0.156366 0.174668 0.174014 0.160142 0.0824315 0.0480064 0.0283245 0.00493863 0.00203355 0 0 0 0 0
 0 0 0 0 0 0 0 0 0 0 0 0 0 0 0 0 0 0 0 0 0 0 0 0 0 0
 0 0 1.00437e-05 0.000401748 0.00122533 0.00171747 0.00176769 0.0269171 0.070346 0.194647 0.189555 0.159765 0.064822 0.0314167 0.0384472 0.0292271 0.0345202 0.0313363 0.0194345 0.0106764 0.0143323 0.0359363 0.0279516 0.0138201 0.00172751 0
 0 0.0021121 0.0136068 0.0755702 0.200478 0.177729 0.0527432 0.0373336 0.0318909 0.0142505 0.0149659 0.0166563 0.0217959 0.0798694 0.0677717 0.0528807 0.04013 0.0224614 0.0357745 0.0225083 0.00881397 0.00855152 0.00135912 0.000746735 0 0
 0 0 0 0 5.4009e-05 0.00500934 0.000945158 0.0243581 0.138947 0.33067 0.221406 0.137944 0.0707744 0.0437923 0.0131692 0.00525238 0.0047753 0.00276346 9.45158e-05 9.00151e-06 2.25038e-05 9.00151e-06 4.50075e-06 0 0 0
 0.000866109 0.00284123 0.00948549 0.0512746 0.133035 0.25785 0.225252 0.132002 0.0553304 0.0519788 0.0540692 0.017754 0.00435017 0.00159236 0.00146478 0.000404838 0.000125132 0.000115318 0.000107957 0.000100596 0 0 0 0 0 0
 0 0 0 0 0.00144013 0.00171154 0.00461396 0.0210425 0.0478622 0.0707936 0.0888783 0.103762 0.0637923 0.0337046 0.0602308 0.124433 0.169614 0.0934646 0.0462172 0.0250306 0.0313229 0.00938855 0.002487 0.000210481 0 0
 0 0.00764035 0.051015 0.0998891 0.058973 0.0496711 0.0374665 0.0718981 0.12319 0.153886 0.159021 0.0857701 0.0377988 0.023471 0.0147837 0.00900784 0.00315554 0.000888139 0.00291439 0.00214683 0.00393193 0.00274676 0.000635225 9.99891e-05 0 0
 0 0 0 0 0 0 0 0 0 0 0 0 0 0 0 0 0 0 0 0 0 0 0 0 0 0
 0 0 0 0 0 0 0 0 0 0 0 0 0 0 0 0 0 0 0 0 0 0 0 0 0 0
 0 0 0 0 0 0 0 0 0 0 0 0 0 0 0 0 0 0 0 0 0 0 0 0 0 0
ppred_pel_tallas
 1.12161e-16 4.23353e-05 0.000411514 0.00273466 0.0124314 0.0386787 0.0824094 0.120281 0.120293 0.0824682 0.0388776 0.0130124 0.00421772 0.00373036 0.00658317 0.0114349 0.0179048 0.0254991 0.0336292 0.0418442 0.0497792 0.0567875 0.0616819 0.0630184 0.0598512 0.0523976
 1.2124e-16 4.05194e-05 0.000393863 0.00261736 0.0118982 0.0370197 0.0788753 0.115126 0.115151 0.078999 0.0374352 0.0130997 0.00563914 0.00701006 0.0126667 0.0210457 0.0307382 0.0396198 0.0456317 0.0480281 0.0478863 0.0473288 0.0480306 0.0501638 0.0524542 0.0531005
 1.17365e-16 5.06845e-05 0.000492672 0.00327398 0.014883 0.0463067 0.0986621 0.144004 0.144022 0.0987521 0.0466095 0.0157592 0.00547996 0.00533114 0.00930794 0.0154897 0.0227458 0.0295502 0.034404 0.0366949 0.0370591 0.0368618 0.0372077 0.038269 0.0393458 0.0394367
 1.06698e-16 6.49256e-05 0.0006311 0.00419388 0.0190648 0.0593177 0.126383 0.184462 0.184475 0.126445 0.059525 0.0196642 0.00570067 0.00392801 0.00634913 0.0104549 0.0152028 0.0194423 0.0220581 0.0225712 0.0214237 0.0196475 0.0181825 0.0173775 0.0169765 0.0164585
 1.04375e-16 5.81559e-05 0.000565296 0.00375659 0.0170769 0.0531328 0.113206 0.165232 0.165254 0.113315 0.0534999 0.0181375 0.00641951 0.00638059 0.0111089 0.0182907 0.0263858 0.0332758 0.0368458 0.0361339 0.0319021 0.0261062 0.0207019 0.0167179 0.0141334 0.012363
 1.02957e-16 6.58077e-05 0.000639675 0.00425086 0.0193238 0.0601236 0.1281 0.186969 0.186983 0.128167 0.0603491 0.0199757 0.00588933 0.00422331 0.00689191 0.0113422 0.0164554 0.0209505 0.0235614 0.0236958 0.0217601 0.0188302 0.0159492 0.0136163 0.011771 0.0101155
 1.05121e-16 4.41747e-05 0.000429394 0.00285347 0.0129715 0.0403593 0.0859911 0.125514 0.12555 0.0861659 0.0409461 0.0146667 0.00710998 0.00972546 0.0177112 0.0292422 0.0421963 0.0532254 0.058942 0.0577847 0.0509313 0.0414593 0.0324563 0.0255652 0.0208067 0.0173522
 1.10689e-16 4.22145e-05 0.00041034 0.00272686 0.0123959 0.0385684 0.0821751 0.119942 0.119968 0.0823 0.0389885 0.0136122 0.00579104 0.00713661 0.0129257 0.0215872 0.0317603 0.0413374 0.0481607 0.0511899 0.050996 0.0491056 0.0467829 0.0442923 0.0411132 0.0366916
 1.13322e-16 4.94609e-05 0.000480778 0.00319494 0.0145237 0.0451889 0.0962804 0.140528 0.140548 0.0963776 0.0455159 0.0154703 0.00557815 0.00570788 0.0100499 0.0167315 0.024565 0.0318987 0.0370957 0.0394586 0.0396122 0.0389438 0.0385539 0.0385738 0.0382874 0.0367853
 1.07621e-16 6.25401e-05 0.000607912 0.00403979 0.0183643 0.0571382 0.12174 0.177685 0.177699 0.121808 0.0573685 0.0190303 0.00571431 0.00427304 0.0070522 0.0116373 0.0169448 0.0217151 0.0247195 0.0254284 0.0243226 0.0225231 0.0210382 0.020221 0.0197668 0.0190997
 1.02429e-16 7.06684e-05 0.000686922 0.00456484 0.0207511 0.0645645 0.137562 0.200778 0.200788 0.137613 0.0647356 0.0212454 0.00580624 0.00339871 0.0052263 0.00854293 0.012335 0.015589 0.0173256 0.0171021 0.015272 0.0127348 0.0103797 0.00865901 0.00753858 0.00673092
 1.01645e-16 6.47053e-05 0.000628959 0.00417965 0.0190001 0.0591165 0.125955 0.183838 0.183856 0.126041 0.0594074 0.0198403 0.00628839 0.00523157 0.00880357 0.0144455 0.0207885 0.0261113 0.0287043 0.0277785 0.0239306 0.0187351 0.013803 0.0100397 0.00752759 0.00588476
 1.02371e-16 6.06935e-05 0.000589963 0.00392051 0.0178221 0.0554512 0.118145 0.172441 0.172461 0.118243 0.0557793 0.01877 0.00630117 0.00579148 0.00995244 0.0163913 0.0236849 0.029946 0.033284 0.0328121 0.0291481 0.0239502 0.0188825 0.0148326 0.0118352 0.00950373
 1.0377e-16 5.70603e-05 0.000554646 0.00368582 0.0167552 0.0521318 0.111073 0.162119 0.162141 0.11118 0.0524916 0.0177951 0.00629843 0.00626617 0.0109283 0.0180392 0.0261273 0.0331629 0.0371065 0.0370051 0.0335249 0.0284306 0.023455 0.0194633 0.0164025 0.0138051
 1.03347e-16 6.4958e-05 0.000631415 0.00419598 0.0190743 0.0593473 0.126446 0.184555 0.184569 0.126516 0.0595807 0.019749 0.00589164 0.00434035 0.0071304 0.0117416 0.0170407 0.0217087 0.0244426 0.0246375 0.022721 0.0198076 0.0169673 0.0146958 0.0129004 0.0112444
 1.0057e-16 7.84525e-05 0.000762586 0.00506765 0.0230368 0.0716761 0.152714 0.222891 0.222894 0.152731 0.0717355 0.0232086 0.005499 0.00170471 0.0018692 0.00296992 0.00427996 0.00540185 0.00598884 0.00588315 0.00520408 0.0042623 0.00336856 0.00268656 0.00221577 0.00187043
 1.01458e-16 3.48101e-05 0.000338367 0.00224857 0.0102217 0.0318038 0.0677633 0.0989135 0.0989665 0.0680218 0.0326717 0.0127274 0.00853382 0.0140441 0.0260202 0.0428454 0.061444 0.0766921 0.0833912 0.0791442 0.0658147 0.0483354 0.0318598 0.0194438 0.0115722 0.00714763
 1.01569e-16 7.55982e-05 0.000734841 0.00488328 0.0221987 0.0690683 0.147158 0.214781 0.214785 0.147174 0.0691247 0.0223623 0.00529693 0.00164769 0.001838 0.0029936 0.00447818 0.00599013 0.00726358 0.0081538 0.00867925 0.00893279 0.00894792 0.00865278 0.00794907 0.00683053
 1.02093e-16 5.42174e-05 0.000527012 0.00350218 0.0159204 0.0495345 0.10554 0.154045 0.154075 0.105687 0.0500297 0.0173501 0.00708846 0.00834826 0.0148859 0.024466 0.0351057 0.0438711 0.0478178 0.0456058 0.03832 0.0287766 0.019885 0.0133192 0.00925987 0.00698571
 1.04331e-16 5.5122e-05 0.000535805 0.00356062 0.0161861 0.0503609 0.1073 0.156612 0.156633 0.107403 0.0507083 0.0171907 0.00608784 0.00607029 0.0106173 0.0175981 0.0256529 0.0328956 0.037413 0.0382767 0.0360182 0.0321255 0.0280109 0.0243049 0.0209029 0.0174796
 1.04066e-16 6.41004e-05 0.000623078 0.00414058 0.0188225 0.0585637 0.124777 0.182118 0.182133 0.124847 0.0587999 0.0195052 0.00585664 0.00437735 0.00721814 0.0118951 0.0172796 0.02205 0.0249032 0.0252439 0.0235157 0.020843 0.0182833 0.0162899 0.0147081 0.0131419
 1.02913e-16 6.45886e-05 0.000627824 0.00417211 0.0189658 0.0590098 0.125727 0.183506 0.183522 0.125807 0.059276 0.0197349 0.00610336 0.00484632 0.00808394 0.0132826 0.0191765 0.0242196 0.026882 0.0264631 0.0234999 0.0193816 0.0154923 0.0125521 0.010542 0.00906157
 1.0691e-16 3.00589e-05 0.000292184 0.00194166 0.00882656 0.0274629 0.0585145 0.0854137 0.0854618 0.0587496 0.0282525 0.0111078 0.00767075 0.0128081 0.0238273 0.0394148 0.0569416 0.0719529 0.0799096 0.0787001 0.0698572 0.0574313 0.045477 0.0361389 0.0294486 0.0243687
 1.06518e-16 6.46042e-05 0.000627976 0.00417312 0.0189704 0.059024 0.125757 0.183548 0.183556 0.125795 0.059152 0.0193421 0.00511377 0.00270677 0.00408713 0.00684978 0.0103182 0.0139347 0.0171554 0.0197058 0.0216599 0.0232133 0.024359 0.024783 0.0240715 0.0220318
 1.05887e-16 5.57087e-05 0.000541508 0.00359851 0.0163583 0.050897 0.108442 0.15828 0.158304 0.108562 0.0512986 0.0175182 0.00650978 0.00689676 0.012126 0.0199618 0.0287639 0.0362153 0.0400115 0.0391362 0.0344888 0.028287 0.022724 0.018912 0.0167303 0.0153806
 1.09272e-16 3.87382e-05 0.000376549 0.0025023 0.0113751 0.0353924 0.0754086 0.110068 0.110103 0.0755781 0.0359622 0.0130227 0.00664431 0.00944005 0.017315 0.0287288 0.041767 0.0533317 0.0602674 0.0610939 0.0568165 0.0500872 0.043443 0.0380444 0.0336656 0.0295274
 1.07672e-16 6.14004e-05 0.000596833 0.00396617 0.0180296 0.0560969 0.119521 0.174447 0.174458 0.119578 0.0562892 0.0185865 0.00537016 0.00368268 0.00598381 0.00995827 0.0147241 0.0193314 0.022848 0.0248487 0.0256132 0.0258 0.025876 0.0257904 0.0251122 0.0234304
pSPR Fmed_Fpbrs
0.596981   0.189285 0.189285
Fs Fmed_Fpbrs
0.263785   1.005 1.005
SSBpbr Bo_Bmed_Bpbrs
1.81858e+06  994727  253300 253300
Ro
166243
SPR SPRFo_SPRFmed_SPRFpbrs
1.18107e+06 705079 223559
Fref
1.005
log_Ro
11.8412
likeval ReclasPelacesDesembMPH_pf_preclas_ppelaces_ptallas_desvR_qrecl_qpela
 12.2291 17.4787 0.0501986 0.00260414 191.737 92.1829 61.5107 0 22.5046 0 0 0.257423 0 0 0
q_reclas_q_pelaces
1 1
M
1
N
 187281 43891.2 127414 7944.9 0.268701
 111149 60391.4 13948.9 40492.7 2525.02
 102065 32144.6 17007.3 3928.24 12114.5
 173638 29675.5 9106.33 4818.03 4544.8
 136320 45286.9 7451.19 2286.5 2350.9
 245618 44551.5 14608.2 2403.53 1495.89
 100336 72661.7 12866.2 4218.77 1126.13
 43097.8 22250.9 15237.5 2698.12 1120.85
 41508.5 14592.5 7465.2 5112.21 1281.27
 55565.6 11036.7 3743.33 1915.01 1640.08
 104047 13223 2503.05 848.96 806.269
 142546 34719.3 4365.11 826.291 546.415
 117631 34295.1 7970.36 1002.08 315.126
 83220.3 28974.8 8081.42 1878.17 310.391
 80746.1 15687.7 5073.16 1414.97 383.192
 464593 18893 3491.67 1129.15 400.222
 91984.3 122318 4793.7 885.938 388.046
 692136 26806 34740.1 1361.48 361.83
 414601 203656 7695.25 9972.92 494.715
 328650 110019 52127 1969.65 2679.26
 465152 90666.9 29402 13930.7 1242.4
 625680 137607 26184.3 8491.19 4381.94
 125778 174528 37228.8 7083.98 3482.74
 383199 39036.2 53158.5 11339.3 3218.46
 321219 122288 12263.2 16699.8 4573.32
 132153 101910 38167.7 3827.53 6639.62
 263165 42949.7 32670.3 12235.8 3355.56
pred_Ctot
 14772.8 3821.85 11094.6 691.806 0.0233973
 15323.4 9148.07 2112.97 6133.82 382.489
 13788.1 4772.42 2525.02 583.215 1798.61
 32848.9 6142.45 1884.89 997.271 940.716
 9712.34 3563.84 586.369 179.935 185.004
 30952 6174.59 2024.61 333.116 207.321
 26241 20662.2 3658.67 1199.66 320.229
 2183.74 1247.26 854.132 151.242 62.8288
 7468.48 2874.95 1470.76 1007.19 252.43
 12848 2782.13 943.616 482.734 413.432
 6161.35 865.688 163.87 55.5799 52.785
 32267.2 8571.76 1077.69 204.001 134.903
 25381.4 8078.15 1877.41 236.038 74.2275
 27060.3 10184.5 2840.57 660.165 109.101
 19269.7 4078.88 1319.04 367.898 99.6317
 85800.3 3819 705.801 228.245 80.9002
 12316.5 18001.4 705.484 130.383 57.1083
 89183.7 3797.91 4922.04 192.897 51.2647
 74997.5 40335.1 1524.09 1975.19 97.9811
 53184.9 19524.4 9250.69 349.543 475.474
 58615.3 12565.6 4074.84 1930.66 172.185
 97793.7 23596.8 4490.06 1456.06 751.411
 12605.2 19276 4111.79 782.401 384.656
 32478.5 3650.64 4971.34 1060.44 300.988
 28279.4 11876 1190.95 1621.8 444.14
 9836.22 8376.11 3137.05 314.59 545.719
 25129.8 4521.56 3439.39 1288.13 353.259
F
 0.131763 0.146316 0.146316 0.146316 0.146316
 0.240628 0.267206 0.267206 0.267206 0.267206
 0.235287 0.261275 0.261275 0.261275 0.261275
 0.343958 0.381949 0.381949 0.381949 0.381949
 0.118362 0.131435 0.131435 0.131435 0.131435
 0.217965 0.242039 0.242039 0.242039 0.242039
 0.506149 0.562054 0.562054 0.562054 0.562054
 0.0829642 0.0921278 0.0921278 0.0921278 0.0921278
 0.32467 0.360531 0.360531 0.360531 0.360531
 0.435605 0.483719 0.483719 0.483719 0.483719
 0.0975424 0.108316 0.108316 0.108316 0.108316
 0.424661 0.471566 0.471566 0.471566 0.471566
 0.401128 0.445434 0.445434 0.445434 0.445434
 0.668612 0.742462 0.742462 0.742462 0.742462
 0.452518 0.5025 0.5025 0.5025 0.5025
 0.334538 0.371488 0.371488 0.371488 0.371488
 0.232994 0.258729 0.258729 0.258729 0.258729
 0.223352 0.248022 0.248022 0.248022 0.248022
 0.326666 0.362747 0.362747 0.362747 0.362747
 0.287801 0.319589 0.319589 0.319589 0.319589
 0.217958 0.242032 0.242032 0.242032 0.242032
 0.276755 0.307323 0.307323 0.307323 0.307323
 0.170027 0.188807 0.188807 0.188807 0.188807
 0.142179 0.157884 0.157884 0.157884 0.157884
 0.148037 0.164388 0.164388 0.164388 0.164388
 0.123933 0.137621 0.137621 0.137621 0.137621
 0.161445 0.179277 0.179277 0.179277 0.179277
nmprior
 8 9 7.5 0
nm_flota  nm_reclas  nm_pelaces    nm_pelaL
inf 10.245 16.4727 12.4476
cv_recla  cv_pelaces  cv_mph
0.349701 0.560907 1.57484
 ------------------------------------------------
Talla a la edad & desviación 
 8 13.2811 15.8009 17.003 17.5766
 0.8 1.32811 1.58009 1.7003 1.75766
