years
 1991 1992 1993 1994 1995 1996 1997 1998 1999 2000 2001 2002 2003 2004 2005 2006 2007 2008 2009 2010 2011 2012 2013 2014 2015 2016 2017 2018 2019 2020 2021
reclasobs
 0 0 0 0 0 0 0 0 0 252601 567819 844713 477998 351125 339783 2.1784e+06 2.13404e+06 4.81314e+06 1.55562e+06 2.62356e+06 3.21686e+06 3.843e+06 1.13348e+06 3.07943e+06 1.97215e+06 2.03268e+06 2.025e+06 2.42433e+06 2.27542e+06 1.05018e+06 2.36338e+06
reclaspred
 3.27417e+06 1.83398e+06 927736 904132 886551 1.39531e+06 867895 768141 563106 412214 489143 634630 625261 488753 497347 1.31007e+06 1.25862e+06 2.82314e+06 2.33952e+06 1.78486e+06 3.14501e+06 2.53873e+06 2.0062e+06 3.0765e+06 2.30829e+06 2.04088e+06 2.43058e+06 2.59768e+06 2.11801e+06 1.31823e+06 1.9559e+06
pelacesobs
 0 0 0 0 0 0 0 0 0 0 0 0 0 0 0 552880 188675 0 991730 2.46772e+06 1.41603e+06 1.21717e+06 2.29649e+06 1.80582e+06 0 1.4828e+06 1.56532e+06 1.57751e+06 1.42118e+06 867257 0
pelacespred
 1.72256e+06 1.07342e+06 543425 431839 442092 716389 410125 452280 318302 220545 271361 294423 319021 262912 275110 602907 580450 1.49834e+06 1.28143e+06 904845 1.54769e+06 1.359e+06 1.07024e+06 1.79496e+06 1.29858e+06 1.14437e+06 1.55351e+06 1.63935e+06 1.09971e+06 778486 1.08059e+06
mphobs
 0 0 0 0 0 0 0 0 0 0 0 498337 0 5186 125008 0 168611 109162 213762 579715 649985 157893 87575 83554 0 0 0 0 0 0 0
mphpred
 494904 330179 164472 89639.1 95110.8 106114 138734 85023.8 75758.4 52336 34807.7 57757 62405.3 52755.4 35890.9 45779.2 150630 141809 279094 212344 233520 286131 270094 221478 306940 252948 208188 223484 313699 211049 114719
desembarqueobs
 494567 514787 250237 358949 120608 361735 552515 73892 212993 205616 52469 317467 293654 387597 252695 516296 358380 742168 942051 627588 828172 859565 418607 520667 417249 300574 407403 355545 319650 289779 219260
desembarquepred
 494573 513548 250833 358979 120613 361748 552557 73896.2 213041 205660 52471.5 317532 293705 387632 252689 516256 358403 742074 941860 627461 828235 859575 418614 520689 417248 300574 407402 355531 319642 289787 219263
Reclutas
 198351 112826 113046 181491 145390 251450 104027 47315.1 45314.4 60452.1 113418 149738 124418 87673.1 87733.1 477198 98638.7 723551 424589 339812 481378 644018 133108 397614 335579 150700 339654 381982 106391 80122.4 362409
log_desv_Rt
 0.107069 -0.457119 -0.455174 0.0182353 -0.203551 0.344275 -0.538321 -1.32614 -1.36934 -1.08112 -0.451885 -0.17408 -0.359323 -0.709353 -0.70867 0.984963 -0.591505 1.4012 0.868154 0.645423 0.993683 1.28476 -0.291809 0.802514 0.632889 -0.167678 0.644958 0.762405 -0.515852 -0.799413 0.709805
SSB
 3.2669e+06 2.17954e+06 1.08569e+06 591715 627835 700466 915797 561249 500088 345475 229769 381259 411943 348243 236919 302193 994321 936095 1.84233e+06 1.4017e+06 1.54148e+06 1.88877e+06 1.78291e+06 1.462e+06 2.02614e+06 1.66973e+06 1.37427e+06 1.47524e+06 2.07075e+06 1.39315e+06 757268
BT
 4.39055e+06 2.98393e+06 1.50307e+06 1.29809e+06 1.11486e+06 1.9608e+06 1.44138e+06 1.10785e+06 945597 706990 671115 945125 1.00246e+06 1.00966e+06 887941 1.80888e+06 1.61857e+06 4.11076e+06 3.86089e+06 2.64796e+06 4.23919e+06 3.9387e+06 2.83291e+06 4.62325e+06 3.37966e+06 2.90515e+06 3.99771e+06 4.13601e+06 2.7999e+06 2.07812e+06 2.68021e+06
Ftot
 0.130581 0.238124 0.232414 0.360847 0.123755 0.243377 0.540588 0.0870508 0.338287 0.442456 0.104472 0.456227 0.426107 0.708473 0.482035 0.390977 0.251463 0.255983 0.36327 0.31918 0.243963 0.311171 0.18345 0.161606 0.163276 0.131886 0.159155 0.131633 0.13024 0.19127 0.110233
BD_Bspro_t
 0.979367 0.850084 0.694115 0.605755 0.590518 0.661922 0.650011 0.483667 0.541473 0.499157 0.467808 0.675834 0.561747 0.472384 0.366493 0.426127 0.602758 0.575563 0.66983 0.576631 0.554112 0.600656 0.615121 0.607067 0.708971 0.717059 0.724244 0.761139 0.805828 0.739276 0.684338
BD_Bspro
 2.57443 1.71755 0.855561 0.466292 0.494755 0.551991 0.721679 0.442283 0.394086 0.272246 0.181066 0.300445 0.324625 0.274428 0.1867 0.238138 0.783558 0.737674 1.45182 1.10459 1.21474 1.48842 1.40499 1.1521 1.59666 1.31581 1.08297 1.16254 1.63183 1.09785 0.596753
BD_Bo
 1.72065 1.14794 0.571824 0.311651 0.330675 0.368929 0.482342 0.295605 0.263392 0.181959 0.121017 0.200806 0.216967 0.183417 0.124783 0.159162 0.5237 0.493033 0.970337 0.738262 0.811885 0.994801 0.939044 0.770021 1.06715 0.879434 0.723815 0.776994 1.09065 0.73376 0.398847
BD_Brms
 10.3976 6.93685 3.45544 1.88326 1.99822 2.22938 2.91472 1.78629 1.59163 1.09955 0.731288 1.21344 1.3111 1.10836 0.754044 0.961792 3.16464 2.97932 5.86359 4.4612 4.90609 6.01142 5.67449 4.65312 6.44861 5.31428 4.3739 4.69525 6.59061 4.434 2.41017
Sel_flota
 0.786675 0.985929 0.999249 0.99996 0.999998
 0.786675 0.985929 0.999249 0.99996 0.999998
 0.786675 0.985929 0.999249 0.99996 0.999998
 0.786675 0.985929 0.999249 0.99996 0.999998
 0.786675 0.985929 0.999249 0.99996 0.999998
 0.786675 0.985929 0.999249 0.99996 0.999998
 0.786675 0.985929 0.999249 0.99996 0.999998
 0.786675 0.985929 0.999249 0.99996 0.999998
 0.786675 0.985929 0.999249 0.99996 0.999998
 0.786675 0.985929 0.999249 0.99996 0.999998
 0.786675 0.985929 0.999249 0.99996 0.999998
 0.786675 0.985929 0.999249 0.99996 0.999998
 0.786675 0.985929 0.999249 0.99996 0.999998
 0.786675 0.985929 0.999249 0.99996 0.999998
 0.786675 0.985929 0.999249 0.99996 0.999998
 0.786675 0.985929 0.999249 0.99996 0.999998
 0.786675 0.985929 0.999249 0.99996 0.999998
 0.786675 0.985929 0.999249 0.99996 0.999998
 0.786675 0.985929 0.999249 0.99996 0.999998
 0.786675 0.985929 0.999249 0.99996 0.999998
 0.786675 0.985929 0.999249 0.99996 0.999998
 0.786675 0.985929 0.999249 0.99996 0.999998
 0.786675 0.985929 0.999249 0.99996 0.999998
 0.786675 0.985929 0.999249 0.99996 0.999998
 0.786675 0.985929 0.999249 0.99996 0.999998
 0.786675 0.985929 0.999249 0.99996 0.999998
 0.786675 0.985929 0.999249 0.99996 0.999998
 0.786675 0.985929 0.999249 0.99996 0.999998
 0.786675 0.985929 0.999249 0.99996 0.999998
 0.786675 0.985929 0.999249 0.99996 0.999998
 0.786675 0.985929 0.999249 0.99996 0.999998
Sel_reclas
 1 1 1 1 1
 1 1 1 1 1
 1 1 1 1 1
 1 1 1 1 1
 1 1 1 1 1
 1 1 1 1 1
 1 1 1 1 1
 1 1 1 1 1
 1 1 1 1 1
 1 1 1 1 1
 1 1 1 1 1
 1 1 1 1 1
 1 1 1 1 1
 1 1 1 1 1
 1 1 1 1 1
 1 1 1 1 1
 1 1 1 1 1
 1 1 1 1 1
 1 1 1 1 1
 1 1 1 1 1
 1 1 1 1 1
 1 1 1 1 1
 1 1 1 1 1
 1 1 1 1 1
 1 1 1 1 1
 1 1 1 1 1
 1 1 1 1 1
 1 1 1 1 1
 1 1 1 1 1
 1 1 1 1 1
 1 1 1 1 1
Sel_pelaces
 1 1 1 1 1
 1 1 1 1 1
 1 1 1 1 1
 1 1 1 1 1
 1 1 1 1 1
 1 1 1 1 1
 1 1 1 1 1
 1 1 1 1 1
 1 1 1 1 1
 1 1 1 1 1
 1 1 1 1 1
 1 1 1 1 1
 1 1 1 1 1
 1 1 1 1 1
 1 1 1 1 1
 1 1 1 1 1
 1 1 1 1 1
 1 1 1 1 1
 1 1 1 1 1
 1 1 1 1 1
 1 1 1 1 1
 1 1 1 1 1
 1 1 1 1 1
 1 1 1 1 1
 1 1 1 1 1
 1 1 1 1 1
 1 1 1 1 1
 1 1 1 1 1
 1 1 1 1 1
 1 1 1 1 1
 1 1 1 1 1
pf_obs 
 0.8446 0.082 0.0669 0.0065 0
 0.8095 0.147 0.0364 0.0071 0
 0.9664 0.0169 0.016 0.0007 0
 0.9276 0.0648 0.0075 0.0001 0
 0.7033 0.2144 0.0806 0.0017 0
 0.9318 0.0425 0.0243 0.0014 0
 0.5671 0.3108 0.0964 0.0239 0.0018
 0.0768 0.2599 0.5324 0.112 0.0189
 0.490249 0.384438 0.106611 0.0170017 0.00170017
 0.7925 0.1577 0.0466 0.003 0.0002
 0.840416 0.127587 0.0312969 0.00059994 9.999e-05
 0.8084 0.0986 0.0794 0.0134 0.0002
 0.7335 0.1905 0.0724 0.0035 0.0001
 0.4001 0.4547 0.1325 0.0127 0
 0.49795 0.308269 0.164784 0.0264974 0.00249975
 0.9179 0.0499 0.0305 0.0017 0
 0.2467 0.6533 0.0926 0.0074 0
 0.9418 0.0223 0.034 0.0019 0
 0.707729 0.231977 0.0356964 0.0245975 0
 0.517169 0.277429 0.184464 0.0207286 0.00020938
 0.811772 0.124168 0.05621 0.00726502 0.000585176
 0.764997 0.148141 0.077277 0.00933861 0.000247198
 0.163321 0.427699 0.378323 0.0303852 0.000271297
 0.753843 0.0900009 0.118128 0.0371064 0.000921714
 0.721811 0.176058 0.0630433 0.0369309 0.00215725
 0.143369 0.312575 0.442814 0.0836902 0.0175525
 0.692698 0.0596174 0.167031 0.0765114 0.00414204
 0.394062 0.376323 0.152708 0.0712218 0.00568511
 0.125707 0.32114 0.495352 0.0537591 0.00404204
 0.23352 0.215282 0.420074 0.123614 0.00750983
 0 0 0 0 0
pf_pred 
 0.436691 0.124328 0.414169 0.0248116 7.99891e-07
 0.408837 0.293389 0.0664334 0.218273 0.0130669
 0.556664 0.208481 0.117454 0.0262081 0.0911926
 0.726336 0.168895 0.049662 0.0275712 0.0275363
 0.643824 0.27617 0.0496809 0.014381 0.0159442
 0.745536 0.176839 0.0603779 0.0107132 0.00653442
 0.472062 0.416954 0.0774791 0.0260649 0.00743976
 0.452062 0.297375 0.198614 0.0362765 0.0156727
 0.537894 0.235463 0.123769 0.0815566 0.0213164
 0.701773 0.179623 0.0609064 0.0315202 0.0261768
 0.814571 0.140131 0.0274652 0.00916165 0.00867115
 0.731682 0.227233 0.0311542 0.00602331 0.00390795
 0.675835 0.253423 0.0600632 0.00809945 0.0025796
 0.622454 0.276451 0.0793168 0.0184933 0.00328515
 0.731223 0.185953 0.0609543 0.0171621 0.00470754
 0.932899 0.0524974 0.0101563 0.00327375 0.00117352
 0.370907 0.596182 0.0258392 0.00491973 0.00215241
 0.894739 0.0452118 0.0569523 0.00243212 0.000665136
 0.594744 0.371345 0.0146895 0.018231 0.000990672
 0.608251 0.256758 0.123862 0.00482312 0.00630593
 0.728891 0.180991 0.0593782 0.028208 0.00253237
 0.73633 0.204358 0.0397933 0.012864 0.00665452
 0.312643 0.537965 0.11619 0.0222821 0.0109203
 0.735099 0.0969348 0.131869 0.0280793 0.00801773
 0.621446 0.295031 0.030839 0.0413683 0.0113154
 0.430435 0.384501 0.144692 0.0149135 0.0254583
 0.728434 0.132605 0.0942338 0.0349755 0.00975141
 0.683573 0.244626 0.035316 0.0247477 0.0117374
 0.331239 0.489166 0.139287 0.0198332 0.0204745
 0.414099 0.225328 0.264728 0.0743471 0.0214988
 0.845169 0.0734502 0.0315767 0.0365728 0.0132312
pobs_RECLAS
 0 0 0 0 0
 0 0 0 0 0
 0 0 0 0 0
 0 0 0 0 0
 0 0 0 0 0
 0 0 0 0 0
 0 0 0 0 0
 0 0 0 0 0
 0 0 0 0 0
 0 0 0 0 0
 0.991045 0.00858322 0.000360255 1.14367e-05 0
 0.934742 0.0480273 0.0164251 0.00080598 0
 0.827803 0.169806 0.00239088 0 0
 0.941827 0.0461693 0.0120037 0 0
 0.791401 0.0380133 0.147996 0.0225897 0
 0.846168 0.0940531 0.0597789 0 0
 0.134021 0.677848 0.182769 0.00536245 0
 0.80878 0.0450904 0.141981 0.00414843 0
 0.846168 0.0940531 0.0597789 0 0
 0.905697 0.0802665 0.012482 0.00150086 5.37128e-05
 0.989698 0.0102097 9.19794e-05 0 0
 0.975433 0.0193895 0.00387452 0.00125025 5.28907e-05
 0.303575 0.632131 0.0575291 0.00676475 0
 0.966965 0.00978017 0.0227588 0.000495775 0
 0.843318 0.132988 0.00938335 0.0141283 0.000182051
 0.564624 0.303363 0.111486 0.0197234 0.00080311
 0.826376 0.0876187 0.0782897 0.00655872 0.00115652
 0.89761 0.0855135 0.0140674 0.00269457 0.000114338
 0.34875 0.467042 0.161289 0.0227151 0.000203297
 0.318654 0.224769 0.449479 0.00709798 0
 0.937255 0.0296025 0.0250945 0.00804832 0
ppred_RECLAS
 0.496034 0.112415 0.369434 0.0221157 7.12954e-07
 0.46726 0.2663 0.0594767 0.195274 0.0116896
 0.614294 0.182737 0.101546 0.022642 0.0787812
 0.771189 0.141988 0.0411719 0.0228408 0.022811
 0.694894 0.237305 0.0421139 0.0121818 0.0135055
 0.787468 0.148323 0.0499505 0.00885651 0.00540176
 0.532394 0.37043 0.067856 0.0228103 0.00651052
 0.510294 0.267432 0.176216 0.0321626 0.0138948
 0.596693 0.206939 0.107273 0.0706346 0.018461
 0.749729 0.151606 0.0506863 0.0262115 0.0217672
 0.846963 0.116041 0.0224377 0.00747923 0.00707854
 0.775812 0.190274 0.025721 0.00496914 0.00322387
 0.725716 0.215088 0.0502653 0.00677316 0.0021571
 0.678756 0.236158 0.0667678 0.0155552 0.00276312
 0.775924 0.155712 0.0503226 0.0141581 0.00388337
 0.946315 0.0421311 0.00803746 0.00258884 0.00092797
 0.426327 0.544055 0.0232577 0.00442499 0.00193588
 0.915196 0.0367122 0.0456131 0.00194646 0.000532298
 0.649838 0.321245 0.0125316 0.0155414 0.000844483
 0.663099 0.221868 0.105556 0.00410728 0.0053698
 0.772804 0.152379 0.0493087 0.0234074 0.00210131
 0.779426 0.171497 0.0329348 0.010639 0.00550333
 0.364572 0.498809 0.106272 0.0203653 0.0099805
 0.778705 0.0816869 0.109622 0.0233254 0.00666005
 0.674276 0.254644 0.0262572 0.0351966 0.0096269
 0.488136 0.347088 0.128851 0.0132712 0.0226539
 0.7725 0.111876 0.0784273 0.0290878 0.00810956
 0.731363 0.208335 0.029671 0.020777 0.00985376
 0.384432 0.451915 0.126944 0.0180627 0.018646
 0.472743 0.204507 0.237005 0.0665131 0.0192327
 0.873501 0.0604515 0.0256387 0.0296739 0.0107349
pobs_PELACES
 0 0 0 0 0
 0 0 0 0 0
 0 0 0 0 0
 0 0 0 0 0
 0 0 0 0 0
 0 0 0 0 0
 0 0 0 0 0
 0 0 0 0 0
 0 0 0 0 0
 0 0 0 0 0
 0 0 0 0 0
 0 0 0 0 0
 0 0 0 0 0
 0 0 0 0 0
 0 0 0 0 0
 0 0 0 0 0
 0.505614 0.472636 0.0217494 0 0
 0 0 0 0 0
 0.443492 0.261883 0.143347 0.151278 0
 0.227955 0.32914 0.350689 0.0885471 0.00366901
 0.970185 0.0296113 0.000203453 0 0
 0.997202 0.00247181 0.000326279 0 0
 0.445219 0.490057 0.0546422 0.010081 0
 0.90214 0.0892962 0.00764917 0.000914606 0
 0 0 0 0 0
 0.581667 0.319106 0.0959925 0.00289975 0.000334073
 0.762889 0.0836404 0.116647 0.0363945 0.000428098
 0.88444 0.0763242 0.0277011 0.0115352 0
 0.521256 0.241999 0.230069 0.00667565 0
 0.616807 0.101726 0.260614 0.0208532 0
 0 0 0 0 0
ppred_PELACES
 0.498292 0.111962 0.367732 0.0220132 7.09646e-07
 0.471295 0.264427 0.0589966 0.193687 0.0115946
 0.618039 0.181063 0.100513 0.0224104 0.0779752
 0.775456 0.139426 0.0403649 0.0223912 0.0223619
 0.696642 0.235974 0.041855 0.0121066 0.0134221
 0.790188 0.146473 0.0492745 0.00873617 0.00532834
 0.541356 0.363512 0.0664307 0.0223283 0.00637292
 0.511768 0.266674 0.175649 0.0320585 0.0138498
 0.602211 0.204258 0.105726 0.0696106 0.0181933
 0.755294 0.148352 0.049502 0.0255964 0.0212562
 0.847866 0.11537 0.0222976 0.00743235 0.00703416
 0.781039 0.185895 0.0250787 0.00484453 0.00314301
 0.731338 0.210766 0.049163 0.00662396 0.00210958
 0.689006 0.228813 0.06449 0.0150221 0.00266839
 0.781498 0.151938 0.048999 0.0137841 0.00378078
 0.947624 0.0411186 0.00783083 0.00252205 0.000904027
 0.43039 0.540233 0.0230688 0.00438879 0.00192004
 0.916542 0.0361525 0.0448672 0.00191452 0.000523561
 0.655284 0.316291 0.0123187 0.015276 0.00083006
 0.667878 0.218826 0.103963 0.00404498 0.00528833
 0.775671 0.15051 0.0486518 0.0230943 0.00207319
 0.782976 0.168789 0.0323704 0.0104559 0.00540861
 0.367412 0.496667 0.105731 0.0202607 0.00992918
 0.780609 0.081021 0.108651 0.023118 0.0066008
 0.676664 0.252817 0.0260501 0.0349177 0.0095506
 0.49035 0.345651 0.128244 0.0132082 0.0225463
 0.774397 0.110983 0.077747 0.0288344 0.00803891
 0.733087 0.207026 0.0294675 0.0206339 0.00978587
 0.386497 0.450468 0.126466 0.017994 0.0185751
 0.476009 0.203346 0.235462 0.0660771 0.0191066
 0.874329 0.0600718 0.0254653 0.0294724 0.010662
pobs_pel_tallas
 0 0 0 0 0 0 0 0 0 0 0 0 0 0 0 0 0 0 0 0 0 0 0 0 0 0
 0 0 0 0 0 0 0 0 0 0 0 0 0 0 0 0 0 0 0 0 0 0 0 0 0 0
 0 0 0 0 0 0 0 0 0 0 0 0 0 0 0 0 0 0 0 0 0 0 0 0 0 0
 0 0 0 0 0 0 0 0 0 0 0 0 0 0 0 0 0 0 0 0 0 0 0 0 0 0
 0 0 0 0 0 0 0 0 0 0 0 0 0 0 0 0 0 0 0 0 0 0 0 0 0 0
 0 0 0 0 0 0 0 0 0 0 0 0 0 0 0 0 0 0 0 0 0 0 0 0 0 0
 0 0 0 0 0 0 0 0 0 0 0 0 0 0 0 0 0 0 0 0 0 0 0 0 0 0
 0 0 0 0 0 0 0 0 0 0 0 0 0 0 0 0 0 0 0 0 0 0 0 0 0 0
 0 0 0 0 0 0 0 0 0 0 0 0 0 0 0 0 0 0 0 0 0 0 0 0 0 0
 0 0 0 0 0 0 0 0 0 0 0 0 0 0 0 0 0 0 0 0 0 0 0 0 0 0
 0 0 0 0 0 0 0 0 0 0 0 0 0 0 0 0 0 0 0 0 0 0 0 0 0 0
 0 0 0 0 0 0 0 0 0 0 0 0 0 0 0 0 0 0 0 0 0 0 0 0 0 0
 0.00862536 0 0 0.000197151 0.00414017 0.0128641 0.00837892 0.0270097 0.101434 0.158115 0.152841 0.127902 0.109271 0.109419 0.0830992 0.0579132 0.0238553 0.00714673 0.00463305 0.00128148 0.00103504 0.000492878 0.000147863 0.000147863 4.92878e-05 0
 0 0 0 0 0 0 0 0 0 0 0 0 0 0 0 0 0 0 0 0 0 0 0 0 0 0
 0 0 0 0 0 0 0 0.0054083 0.00873648 0.0413646 0.0450493 0.0745869 0.0622846 0.0627006 0.0613931 0.0827291 0.12552 0.122667 0.0946155 0.0697135 0.0546179 0.0294188 0.0215738 0.0213955 0.0102223 0.00600262
 0 0 0 0 0.00359764 0.0251062 0.0480494 0.140153 0.205849 0.193036 0.1447 0.116669 0.0760912 0.0342217 0.00950174 0.001854 0.000860785 0 0 0 0.000165536 0 0.000143464 0 0 0
 0 0 0 0 0 0 0 0.000145254 0.000435761 0.0275982 0.070085 0.0708112 0.156366 0.174668 0.174014 0.160142 0.0824315 0.0480064 0.0283245 0.00493863 0.00203355 0 0 0 0 0
 0 0 0 0 0 0 0 0 0 0 0 0 0 0 0 0 0 0 0 0 0 0 0 0 0 0
 0 0 1.00437e-05 0.000401748 0.00122533 0.00171747 0.00176769 0.0269171 0.070346 0.194647 0.189555 0.159765 0.064822 0.0314167 0.0384472 0.0292271 0.0345202 0.0313363 0.0194345 0.0106764 0.0143323 0.0359363 0.0279516 0.0138201 0.00172751 0
 0 0.0021121 0.0136068 0.0755702 0.200478 0.177729 0.0527432 0.0373336 0.0318909 0.0142505 0.0149659 0.0166563 0.0217959 0.0798694 0.0677717 0.0528807 0.04013 0.0224614 0.0357745 0.0225083 0.00881397 0.00855152 0.00135912 0.000746735 0 0
 0 0 0 0 5.4009e-05 0.00500934 0.000945158 0.0243581 0.138947 0.33067 0.221406 0.137944 0.0707744 0.0437923 0.0131692 0.00525238 0.0047753 0.00276346 9.45158e-05 9.00151e-06 2.25038e-05 9.00151e-06 4.50075e-06 0 0 0
 0.000866109 0.00284123 0.00948549 0.0512746 0.133035 0.25785 0.225252 0.132002 0.0553304 0.0519788 0.0540692 0.017754 0.00435017 0.00159236 0.00146478 0.000404838 0.000125132 0.000115318 0.000107957 0.000100596 0 0 0 0 0 0
 0 0 0 0 0.00144013 0.00171154 0.00461396 0.0210425 0.0478622 0.0707936 0.0888783 0.103762 0.0637923 0.0337046 0.0602308 0.124433 0.169614 0.0934646 0.0462172 0.0250306 0.0313229 0.00938855 0.002487 0.000210481 0 0
 0 0.00764035 0.051015 0.0998891 0.058973 0.0496711 0.0374665 0.0718981 0.12319 0.153886 0.159021 0.0857701 0.0377988 0.023471 0.0147837 0.00900784 0.00315554 0.000888139 0.00291439 0.00214683 0.00393193 0.00274676 0.000635225 9.99891e-05 0 0
 0 0 0 0 0 0 0 0 0 0 0 0 0 0 0 0 0 0 0 0 0 0 0 0 0 0
 0 0 0 0 0 0 0 0 0 0 0 0 0 0 0 0 0 0 0 0 0 0 0 0 0 0
 0 0 0 0 0 0 0 0 0 0 0 0 0 0 0 0 0 0 0 0 0 0 0 0 0 0
 0 0 0 0 0 0 0 0 0 0 0 0 0 0 0 0 0 0 0 0 0 0 0 0 0 0
 0 0 0 0 0 0 0 0 0 0 0 0 0 0 0 0 0 0 0 0 0 0 0 0 0 0
 0 0 0 0 0 0 0 0 0 0 0 0 0 0 0 0 0 0 0 0 0 0 0 0 0 0
 0 0 0 0 0 0 0 0 0 0 0 0 0 0 0 0 0 0 0 0 0 0 0 0 0 0
ppred_pel_tallas
 1.12849e-16 4.10437e-05 0.000398959 0.00265123 0.0120521 0.0374986 0.0798952 0.116612 0.116623 0.0799508 0.0376871 0.0126036 0.00406185 0.00356539 0.00630911 0.0110273 0.0174187 0.0250971 0.0335746 0.042434 0.0512344 0.0591527 0.0647855 0.066515 0.0633258 0.0554852
 1.23157e-16 3.882e-05 0.000377344 0.00250759 0.0113991 0.0354671 0.0755673 0.110298 0.110324 0.0756924 0.0358874 0.0126146 0.00556459 0.00707151 0.0128166 0.0213065 0.0311416 0.0401936 0.0464085 0.0490679 0.0492945 0.0492473 0.0505926 0.0534242 0.0563321 0.057365
 1.18391e-16 5.09071e-05 0.000494835 0.00328835 0.0149484 0.04651 0.0990952 0.144636 0.144654 0.0991812 0.0467992 0.0157855 0.00539656 0.00512051 0.00890598 0.0148303 0.0218095 0.0284039 0.0332063 0.0356551 0.0363714 0.0366527 0.0375213 0.0390825 0.0405906 0.0410099
 1.07231e-16 6.38733e-05 0.000620872 0.00412591 0.0187558 0.0583563 0.124335 0.181473 0.181487 0.124401 0.0585777 0.0193958 0.00573455 0.00414008 0.00677021 0.0111528 0.0162088 0.0207102 0.0234636 0.0239592 0.0226767 0.0207326 0.0191472 0.0183057 0.0179361 0.0174707
 1.04754e-16 5.73816e-05 0.000557769 0.00370657 0.0168496 0.0524253 0.111699 0.163032 0.163055 0.11181 0.0527989 0.0179286 0.006416 0.00647545 0.0113051 0.0186229 0.0268799 0.0339303 0.0376298 0.0370034 0.0328223 0.0270626 0.0216927 0.0177363 0.0151554 0.0133483
 1.03238e-16 6.50868e-05 0.000632667 0.00420429 0.0191121 0.059465 0.126697 0.184921 0.184935 0.126766 0.0596975 0.0197845 0.00589433 0.00432948 0.00710793 0.0117052 0.0169897 0.0216464 0.0243741 0.0245649 0.0226373 0.0196951 0.0168036 0.0144644 0.012603 0.0109045
 1.05328e-16 4.45909e-05 0.000433439 0.00288036 0.0130937 0.0407396 0.0868012 0.126696 0.126731 0.0869726 0.041315 0.014756 0.00705442 0.00955009 0.0173725 0.0286861 0.0414058 0.0522542 0.0579165 0.0568663 0.0502574 0.0410981 0.0323988 0.025749 0.0211498 0.0177768
 1.10696e-16 4.21537e-05 0.000409749 0.00272293 0.0123781 0.0385129 0.0820567 0.11977 0.119796 0.0821835 0.0389392 0.0136124 0.00583222 0.00723335 0.0131072 0.021879 0.0321612 0.0418017 0.048599 0.0514966 0.0510913 0.0489692 0.0464609 0.0438759 0.0407032 0.0363664
 1.13164e-16 4.96034e-05 0.000482163 0.00320414 0.0145656 0.045319 0.0965577 0.140933 0.140953 0.0966547 0.0456451 0.0155092 0.00558003 0.00569336 0.01002 0.0166822 0.0244945 0.0318099 0.0369957 0.0393528 0.039499 0.0388111 0.0383829 0.0383483 0.0380028 0.0364546
 1.07631e-16 6.22126e-05 0.000604728 0.00401863 0.0182681 0.056839 0.121102 0.176755 0.176769 0.121172 0.0570748 0.0189498 0.00573262 0.00435601 0.00721542 0.0119075 0.0173338 0.0222035 0.0252561 0.0259475 0.0247693 0.0228721 0.0212936 0.0204035 0.0198983 0.0191948
 1.02609e-16 6.98376e-05 0.000678847 0.00451118 0.0205072 0.0638054 0.135945 0.198417 0.198429 0.135999 0.0639881 0.021035 0.00583666 0.00357444 0.00557524 0.00912297 0.0131751 0.0166549 0.0185178 0.0182914 0.0163521 0.0136578 0.0111547 0.00932308 0.00812486 0.00725381
 1.0179e-16 6.43331e-05 0.000625341 0.00415561 0.0188908 0.0587765 0.12523 0.182781 0.182799 0.125318 0.0590704 0.0197397 0.00628639 0.00527651 0.00889675 0.0146037 0.0210246 0.0264255 0.0290833 0.0282023 0.0243827 0.0192065 0.0142891 0.0105318 0.00800873 0.00633229
 1.02494e-16 6.02394e-05 0.000585548 0.00389117 0.0176887 0.0550363 0.117261 0.171151 0.171171 0.117361 0.0553702 0.0186536 0.00631443 0.00588022 0.0101294 0.016686 0.0241127 0.0304911 0.0338983 0.0334329 0.0297248 0.0244611 0.0193332 0.0152404 0.012213 0.00985264
 1.03878e-16 5.67526e-05 0.000551655 0.00366595 0.0166649 0.0518507 0.110474 0.161245 0.161267 0.110582 0.0522136 0.0177138 0.00630141 0.00631334 0.011024 0.0181999 0.0263637 0.0334703 0.0374645 0.0373857 0.0339055 0.0288006 0.0238142 0.0198129 0.0167391 0.0141187
 1.03476e-16 6.4371e-05 0.000625709 0.00415806 0.0189019 0.058811 0.125304 0.182887 0.182902 0.125375 0.0590522 0.0195993 0.00591074 0.00445935 0.0073673 0.012136 0.0176129 0.0224371 0.0252617 0.025462 0.0234806 0.0204702 0.0175376 0.0151951 0.0133464 0.0116419
 1.00643e-16 7.80546e-05 0.000758718 0.00504195 0.02292 0.0713126 0.151939 0.22176 0.221764 0.151959 0.0713777 0.023108 0.00551422 0.0017903 0.00203903 0.00325216 0.00468862 0.00592009 0.00656798 0.00645982 0.00572585 0.00470507 0.00373592 0.00299582 0.00248288 0.00210283
 1.01569e-16 3.54507e-05 0.000344594 0.00228995 0.0104098 0.0323891 0.0690102 0.100733 0.100785 0.0692642 0.0332415 0.0128708 0.00846319 0.0138066 0.0255603 0.04209 0.06037 0.0753714 0.0819928 0.077882 0.0648657 0.0477791 0.0316697 0.0195239 0.0118082 0.00744282
 1.01585e-16 7.54944e-05 0.000733832 0.00487657 0.0221682 0.0689735 0.146955 0.214487 0.21449 0.146973 0.069032 0.0223378 0.00530529 0.00167947 0.00189987 0.00309531 0.00462301 0.00616881 0.00745418 0.00832898 0.00881727 0.0090255 0.00900136 0.0086813 0.00796771 0.00684966
 1.02109e-16 5.39749e-05 0.000524656 0.00348652 0.0158492 0.049313 0.105068 0.153356 0.153386 0.105216 0.0498122 0.0172903 0.00710153 0.00840863 0.0150049 0.0246631 0.0353899 0.0442287 0.0482122 0.0459892 0.0386523 0.0290384 0.0200782 0.013458 0.00935994 0.00705882
 1.04357e-16 5.50123e-05 0.000534739 0.00355353 0.0161538 0.0502607 0.107087 0.1563 0.156322 0.10719 0.0506091 0.0171615 0.00608821 0.00608563 0.0106487 0.0176512 0.0257317 0.0329995 0.0375365 0.0384116 0.0361574 0.0322648 0.0281479 0.024437 0.0210255 0.0175872
 1.0411e-16 6.3891e-05 0.000621043 0.00412705 0.018761 0.0583725 0.124369 0.181524 0.181538 0.12444 0.0586115 0.019452 0.00586409 0.00442117 0.00730519 0.0120398 0.0174892 0.0223161 0.0252011 0.0255415 0.0237868 0.021076 0.0184806 0.0164606 0.0148599 0.0132775
 1.02942e-16 6.44928e-05 0.000626893 0.00416592 0.0189377 0.0589223 0.125541 0.183234 0.18325 0.12562 0.0591895 0.0197098 0.00610474 0.004862 0.00811563 0.0133357 0.0192544 0.0243205 0.0269987 0.0265859 0.0236207 0.0194964 0.0156008 0.0126549 0.0106386 0.00914955
 1.06891e-16 3.02633e-05 0.000294171 0.00195487 0.00888658 0.0276497 0.0589124 0.0859944 0.0860423 0.0591466 0.0284363 0.0111592 0.00766235 0.0127628 0.0237375 0.0392656 0.0567253 0.0716781 0.0796021 0.0783936 0.0695806 0.057199 0.0452897 0.0359898 0.0293302 0.0242765
 1.06592e-16 6.42977e-05 0.000624997 0.00415332 0.0188804 0.058744 0.125161 0.182677 0.182685 0.1252 0.0588754 0.0192621 0.00511906 0.00275879 0.00419201 0.00702554 0.0105758 0.0142679 0.0175399 0.0201084 0.0220527 0.0235819 0.024701 0.0250999 0.0243614 0.0222884
 1.05935e-16 5.5736e-05 0.000541774 0.00360028 0.0163664 0.050922 0.108496 0.158357 0.158382 0.108615 0.0513217 0.0175208 0.00649818 0.00686807 0.0120716 0.0198735 0.0286405 0.0360681 0.0398646 0.0390194 0.0344271 0.0282916 0.0227902 0.0190235 0.0168658 0.01552
 1.0893e-16 4.03896e-05 0.000392601 0.00260897 0.01186 0.0369011 0.078623 0.11476 0.114793 0.0787865 0.0374504 0.0134481 0.00660129 0.00912828 0.016691 0.0276866 0.0402468 0.0513813 0.0580465 0.0588163 0.0546629 0.0481489 0.0417272 0.0365224 0.0323179 0.0283588
 1.06525e-16 6.37861e-05 0.000620023 0.00412027 0.0187302 0.0582766 0.124165 0.181224 0.181235 0.124218 0.0584543 0.0192449 0.0054175 0.00346936 0.00552688 0.00917233 0.0135285 0.0176941 0.0207895 0.0224132 0.0228338 0.0226931 0.0224746 0.0221875 0.0214754 0.0199723
 1.04629e-16 6.03834e-05 0.000586948 0.00390048 0.017731 0.0551679 0.117542 0.17156 0.17158 0.117639 0.0554954 0.0186771 0.00627577 0.00577379 0.00991607 0.0163118 0.0235285 0.0296735 0.0328697 0.0322778 0.0286028 0.023612 0.0190545 0.015822 0.0138375 0.0125041
 1.08713e-16 3.18353e-05 0.000309451 0.00205641 0.00934817 0.0290859 0.0619721 0.0904592 0.0905028 0.0621848 0.0298003 0.011413 0.00724437 0.011651 0.0216193 0.0358154 0.0518823 0.0658554 0.0736935 0.0735118 0.0666473 0.0566246 0.0469073 0.0392277 0.0334745 0.0286816
 1.16707e-16 3.92083e-05 0.000381118 0.00253267 0.0115131 0.0358218 0.0763228 0.1114 0.111419 0.0764204 0.0361505 0.0124671 0.00494408 0.00570122 0.0103079 0.0174121 0.0260968 0.0349625 0.0425711 0.0482319 0.0522508 0.0553451 0.0577526 0.0588601 0.0576415 0.0534544
 1.05511e-16 7.20173e-05 0.000700034 0.00465197 0.0211472 0.0657968 0.140187 0.204609 0.204614 0.140216 0.0658926 0.0214244 0.00534983 0.00223034 0.00299913 0.00490053 0.00718985 0.00934421 0.0108973 0.0116741 0.0118975 0.0120111 0.0123505 0.0129219 0.013431 0.013492
pSPR Fmed_Fpbrs
0.649769   0.215485 0.215485
Fs Fmed_Fpbrs
0.234848   1.005 1.005
SSBpbr Bo_Bmed_Bpbrs
1.89865e+06  1.13875e+06  314198 314198
Ro
178211
SPR SPRFo_SPRFmed_SPRFpbrs
1.26898e+06 824545 273446
Fref
1.005
log_Ro
11.9107
likeval ReclasPelacesDesembMPH_pf_preclas_ppelaces_ptallas_desvR_qrecl_qpela
 13.6738 17.1764 0.0588823 0.00081818 228.85 121.117 82.2756 0 24.5903 8.75731e-07 0 0.300425 0 0 0
q_reclas_q_pelaces
0.875809 1
M
1
N
 198351 45540.6 149792 8967.51 0.28909
 112826 65845.6 14729.6 48364.3 2895.23
 113046 34416.1 19154.5 4271.28 14861.7
 181491 34638.3 10068.2 5586.2 5578.95
 145390 50266.3 8927.99 2582.62 2863.25
 251450 48524.2 16367.9 2902.37 1770.22
 104027 76385 14042.8 4721.5 1347.63
 47315.1 25012.7 16490.8 3009.97 1300.36
 45314.4 16254.2 8444.84 5561.23 1453.49
 60452.1 12775.2 4283.72 2215.6 1839.94
 113418 15701.9 3038.23 1012.78 958.523
 149738 38432.3 5211.04 1006.9 653.263
 124418 38474.2 9016.82 1215.18 387.013
 87673.1 32734.8 9298.71 2166.92 384.921
 87733.1 18472.4 5989.06 1685.28 462.256
 477198 22089.3 4225.03 1361.06 487.875
 98638.7 129071 5526.86 1051.63 460.079
 723551 29774.3 37056.2 1581.46 432.482
 424589 217630 8510.18 10555.5 573.565
 339812 117372 55960 2177.69 2847.1
 481378 97251.5 31521.1 14964.7 1343.41
 644018 146164 28128.1 9087.3 4700.7
 133108 185478 39564.8 7582.42 3715.95
 397614 42387.1 56943.9 12117.2 3459.81
 335579 128812 13296.7 17824.6 4875.37
 150700 108572 40341.2 4155.19 7092.9
 339654 49975.8 35071.3 13008.3 3626.67
 381982 110247 15715.1 11005 5219.26
 106391 126700 35621.3 5068.73 5232.44
 80122.4 35327.5 40993.5 11505.2 3326.83
 362409 25357.8 10762.7 12457.1 4506.52
pred_Ctot
 12343.6 3514.28 11707 701.33 0.0226099
 12370.9 8877.6 2010.19 6604.67 395.388
 12119.7 4539.07 2557.22 570.604 1985.45
 29014.3 6746.69 1983.8 1101.36 1099.97
 8593.71 3686.29 663.136 191.956 212.823
 28131.7 6672.75 2278.27 404.246 246.567
 23576 20823.8 3869.51 1301.75 371.561
 1990.75 1309.55 874.637 159.751 69.0182
 6839.32 2993.91 1573.72 1036.99 271.038
 11554.4 2957.43 1002.8 518.968 430.99
 5694.75 979.67 192.012 64.05 60.6209
 29386.2 9126.25 1251.23 241.912 156.953
 23017.3 8630.97 2045.61 275.848 87.8549
 24765.5 10999.1 3155.77 735.789 130.706
 18048.4 4589.78 1504.5 423.604 116.194
 81887.9 4608.12 891.5 287.363 103.009
 11372.9 18280.4 792.294 150.851 65.9983
 84803 4285.16 5397.91 230.515 63.0413
 68282 42633.8 1686.49 2093.09 113.738
 48681.3 20549.6 9913.31 386.018 504.694
 53975.1 13402.5 4397.01 2088.84 187.524
 90172.9 25026.2 4873.18 1575.35 814.929
 11441.3 19687 4252.03 815.421 399.631
 30318.7 3998.02 5438.86 1158.12 330.687
 25839.1 12267.1 1282.26 1720.05 470.483
 9467.96 8457.57 3182.69 328.041 559.986
 25526.4 4646.85 3302.22 1225.64 341.717
 23954.6 8572.46 1237.58 867.238 411.314
 6604.22 9752.94 2777.09 395.432 408.218
 7162.56 3897.44 4578.93 1285.96 371.86
 19164.3 1665.49 716.006 829.292 300.019
F
 0.102725 0.128744 0.130483 0.130576 0.130581
 0.187326 0.234773 0.237945 0.238115 0.238124
 0.182834 0.229144 0.23224 0.232405 0.232414
 0.283869 0.35577 0.360576 0.360833 0.360846
 0.0973551 0.122014 0.123662 0.12375 0.123755
 0.191459 0.239952 0.243194 0.243367 0.243377
 0.425267 0.532981 0.540182 0.540566 0.540586
 0.0684807 0.0858259 0.0869855 0.0870474 0.0870507
 0.266122 0.333527 0.338033 0.338274 0.338286
 0.348069 0.43623 0.442124 0.442438 0.442455
 0.0821854 0.103002 0.104393 0.104468 0.104472
 0.358902 0.449807 0.455885 0.456209 0.456226
 0.335208 0.420111 0.425787 0.42609 0.426106
 0.557338 0.698504 0.707942 0.708445 0.708472
 0.379205 0.475252 0.481673 0.482015 0.482034
 0.307572 0.385476 0.390684 0.390962 0.390976
 0.197819 0.247924 0.251274 0.251453 0.251462
 0.201376 0.252381 0.255791 0.255973 0.255983
 0.285776 0.358158 0.362997 0.363256 0.363269
 0.251091 0.314689 0.318941 0.319168 0.31918
 0.19192 0.24053 0.24378 0.243953 0.243963
 0.244791 0.306793 0.310938 0.311159 0.311171
 0.144316 0.180869 0.183313 0.183443 0.18345
 0.127131 0.159332 0.161484 0.161599 0.161605
 0.128445 0.160979 0.163154 0.16327 0.163276
 0.103751 0.13003 0.131787 0.131881 0.131886
 0.125203 0.156915 0.159035 0.159148 0.159154
 0.103553 0.129781 0.131534 0.131628 0.131633
 0.102456 0.128407 0.130142 0.130234 0.130239
 0.150468 0.188579 0.191127 0.191263 0.19127
 0.0867177 0.108682 0.11015 0.110229 0.110233
nmprior
 8 9 7.5 0
nm_flota  nm_reclas  nm_pelaces    nm_pelaL
inf 13.0423 15.9332 27.7181
cv_recla  cv_pelaces  cv_mph
0.334479 0.487675 0.882734
 ------------------------------------------------
Talla a la edad & desviación 
 8 13.2811 15.8009 17.003 17.5766
 0.8 1.32811 1.58009 1.7003 1.75766
