years
 1991 1992 1993 1994 1995 1996 1997 1998 1999 2000 2001 2002 2003 2004 2005 2006 2007 2008 2009 2010 2011 2012 2013 2014 2015 2016 2017 2018
reclasobs
 0 0 0 0 0 0 0 0 0 252601 567819 844713 477998 351125 339783 2.1784e+06 2.13404e+06 4.81314e+06 1.55562e+06 2.62356e+06 3.21686e+06 3.843e+06 1.13348e+06 3.07943e+06 1.97215e+06 2.03268e+06 2.025e+06 2.42433e+06
reclaspred
 3.16091e+06 1.72353e+06 868704 921360 946830 1.69695e+06 945918 803399 560903 367870 509630 702992 686310 502124 487424 1.37822e+06 1.18811e+06 3.12701e+06 2.48499e+06 1.83007e+06 3.16389e+06 2.58328e+06 1.91864e+06 3.10658e+06 2.30583e+06 2.00987e+06 2.11632e+06 2.17541e+06
pelacesobs
 0 0 0 0 0 0 0 0 0 0 0 0 0 0 0 552880 188675 0 991730 2.46772e+06 1.41603e+06 1.21717e+06 2.29649e+06 1.80582e+06 0 1.4828e+06 1.56532e+06 1.57751e+06
pelacespred
 1.88897e+06 1.11742e+06 544832 447890 513795 923939 476795 530352 337950 197895 290464 333255 362385 263035 261642 618896 591024 1.70262e+06 1.42668e+06 965888 1.65015e+06 1.42327e+06 1.12989e+06 1.91866e+06 1.42335e+06 1.25357e+06 1.43587e+06 1.44632e+06
mphobs
 0 0 0 0 0 0 0 0 0 0 0 498337 0 5186 125008 0 168611 109162 213762 579715 649985 157893 87575 83554 0 0 0 0
mphpred
 483412 324723 155027 85897.6 97156.5 119828 169430 89373.2 80144 48659.4 28792.7 62041.8 66539.2 53744.3 31880.1 40565.7 152972 131026 310793 216727 233062 285870 272251 212572 315819 260213 208131 191922
desembarqueobs
 494567 514787 250237 358949 120608 361735 552515 73892 212993 205616 52469 317467 293654 387597 252695 516296 358380 742168 942051 627588 828172 859565 418607 520667 417249 300574 407403 355545
desembarquepred
 494572 513918 250651 358981 120614 361740 552534 73897.6 213057 205675 52472 317526 293682 387560 252665 516220 358415 742013 941740 627360 828254 859527 418604 520688 417230 300568 407399 355546
Reclutas
 165489 93508.5 90243.9 141344 112884 211128 82316 33779.2 33068 44369.4 82422.4 123563 102724 72699.6 64876.6 347151 67498.8 555834 319868 260271 343946 479232 90571.2 273419 234604 99384.6 183520 212704
log_desv_Rt
 0.209213 -0.361641 -0.397176 0.0515034 -0.173333 0.452772 -0.489127 -1.37985 -1.40113 -1.10714 -0.487836 -0.0829394 -0.267651 -0.613357 -0.727206 0.950067 -0.687583 1.42078 0.868217 0.662032 0.940792 1.27249 -0.393557 0.711313 0.558206 -0.300696 0.31263 0.460208
SSB
 1.78649e+06 1.20004e+06 572914 317441 359050 442832 626143 330286 296179 179825 106406 229281 245901 198616 117816 149914 565321 484219 1.14856e+06 800934 861299 1.05645e+06 1.00613e+06 785576 1.16713e+06 961637 769163 709263
BT
 2.57176e+06 1.7777e+06 862825 848259 717060 1.47798e+06 1.05007e+06 710588 618735 440254 416893 683666 721059 737721 592594 1.2362e+06 988478 2.88482e+06 2.65981e+06 1.7251e+06 2.76484e+06 2.54458e+06 1.7044e+06 2.93205e+06 2.08804e+06 1.76605e+06 2.2143e+06 2.18744e+06
Ftot
 0.22944 0.423825 0.416643 0.604695 0.199455 0.346745 0.816799 0.142096 0.572147 0.82726 0.176839 0.703086 0.662675 1.15283 0.841191 0.644099 0.446732 0.404105 0.577608 0.530824 0.415565 0.522387 0.322599 0.27714 0.278072 0.226514 0.308843 0.270194
BD_Bspro_t
 0.964076 0.756311 0.537447 0.434956 0.436325 0.53813 0.548635 0.351594 0.405755 0.33799 0.288121 0.552821 0.430828 0.335723 0.222901 0.26973 0.461974 0.412054 0.555306 0.436403 0.407309 0.454197 0.469768 0.447683 0.578584 0.588846 0.589071 0.603854
BD_Bspro
 1.87674 1.26067 0.601858 0.333479 0.377189 0.465205 0.657776 0.346972 0.311142 0.18891 0.111781 0.240864 0.258324 0.208651 0.123768 0.157488 0.593881 0.508682 1.20659 0.841398 0.904812 1.10983 1.05696 0.825264 1.2261 1.01022 0.808022 0.745095
BD_Bo
 1.25698 0.844356 0.403105 0.223353 0.252629 0.311579 0.440558 0.232391 0.208393 0.126526 0.0748676 0.161323 0.173017 0.139748 0.0828957 0.10548 0.397763 0.340699 0.808134 0.563541 0.606014 0.743327 0.707917 0.552735 0.821202 0.676613 0.541188 0.499041
BD_Brms
 7.23553 4.86033 2.32038 1.28568 1.4542 1.79353 2.53597 1.3377 1.19956 0.728315 0.430957 0.928618 0.995932 0.804424 0.477169 0.607171 2.28963 1.96115 4.65183 3.24389 3.48838 4.27879 4.07495 3.18169 4.72705 3.89476 3.11522 2.87261
Sel_flota
 0.743473 0.982164 0.999045 0.99995 0.999997
 0.743473 0.982164 0.999045 0.99995 0.999997
 0.743473 0.982164 0.999045 0.99995 0.999997
 0.743473 0.982164 0.999045 0.99995 0.999997
 0.743473 0.982164 0.999045 0.99995 0.999997
 0.743473 0.982164 0.999045 0.99995 0.999997
 0.743473 0.982164 0.999045 0.99995 0.999997
 0.743473 0.982164 0.999045 0.99995 0.999997
 0.743473 0.982164 0.999045 0.99995 0.999997
 0.743473 0.982164 0.999045 0.99995 0.999997
 0.743473 0.982164 0.999045 0.99995 0.999997
 0.743473 0.982164 0.999045 0.99995 0.999997
 0.743473 0.982164 0.999045 0.99995 0.999997
 0.743473 0.982164 0.999045 0.99995 0.999997
 0.743473 0.982164 0.999045 0.99995 0.999997
 0.743473 0.982164 0.999045 0.99995 0.999997
 0.743473 0.982164 0.999045 0.99995 0.999997
 0.743473 0.982164 0.999045 0.99995 0.999997
 0.743473 0.982164 0.999045 0.99995 0.999997
 0.743473 0.982164 0.999045 0.99995 0.999997
 0.743473 0.982164 0.999045 0.99995 0.999997
 0.743473 0.982164 0.999045 0.99995 0.999997
 0.743473 0.982164 0.999045 0.99995 0.999997
 0.743473 0.982164 0.999045 0.99995 0.999997
 0.743473 0.982164 0.999045 0.99995 0.999997
 0.743473 0.982164 0.999045 0.99995 0.999997
 0.743473 0.982164 0.999045 0.99995 0.999997
 0.743473 0.982164 0.999045 0.99995 0.999997
Sel_reclas
 1 1 1 1 1
 1 1 1 1 1
 1 1 1 1 1
 1 1 1 1 1
 1 1 1 1 1
 1 1 1 1 1
 1 1 1 1 1
 1 1 1 1 1
 1 1 1 1 1
 1 1 1 1 1
 1 1 1 1 1
 1 1 1 1 1
 1 1 1 1 1
 1 1 1 1 1
 1 1 1 1 1
 1 1 1 1 1
 1 1 1 1 1
 1 1 1 1 1
 1 1 1 1 1
 1 1 1 1 1
 1 1 1 1 1
 1 1 1 1 1
 1 1 1 1 1
 1 1 1 1 1
 1 1 1 1 1
 1 1 1 1 1
 1 1 1 1 1
 1 1 1 1 1
Sel_pelaces
 0.800938 0.952939 0.990282 0.998054 0.999613
 0.800938 0.952939 0.990282 0.998054 0.999613
 0.800938 0.952939 0.990282 0.998054 0.999613
 0.800938 0.952939 0.990282 0.998054 0.999613
 0.800938 0.952939 0.990282 0.998054 0.999613
 0.800938 0.952939 0.990282 0.998054 0.999613
 0.800938 0.952939 0.990282 0.998054 0.999613
 0.800938 0.952939 0.990282 0.998054 0.999613
 0.800938 0.952939 0.990282 0.998054 0.999613
 0.800938 0.952939 0.990282 0.998054 0.999613
 0.800938 0.952939 0.990282 0.998054 0.999613
 0.800938 0.952939 0.990282 0.998054 0.999613
 0.800938 0.952939 0.990282 0.998054 0.999613
 0.800938 0.952939 0.990282 0.998054 0.999613
 0.800938 0.952939 0.990282 0.998054 0.999613
 0.800938 0.952939 0.990282 0.998054 0.999613
 0.800938 0.952939 0.990282 0.998054 0.999613
 0.800938 0.952939 0.990282 0.998054 0.999613
 0.800938 0.952939 0.990282 0.998054 0.999613
 0.800938 0.952939 0.990282 0.998054 0.999613
 0.800938 0.952939 0.990282 0.998054 0.999613
 0.800938 0.952939 0.990282 0.998054 0.999613
 0.800938 0.952939 0.990282 0.998054 0.999613
 0.800938 0.952939 0.990282 0.998054 0.999613
 0.800938 0.952939 0.990282 0.998054 0.999613
 0.800938 0.952939 0.990282 0.998054 0.999613
 0.800938 0.952939 0.990282 0.998054 0.999613
 0.800938 0.952939 0.990282 0.998054 0.999613
pf_obs 
 0.8446 0.082 0.0669 0.0065 0
 0.8095 0.147 0.0364 0.0071 0
 0.9664 0.0169 0.016 0.0007 0
 0.9276 0.0648 0.0075 0.0001 0
 0.7033 0.2144 0.0806 0.0017 0
 0.9318 0.0425 0.0243 0.0014 0
 0.5671 0.3108 0.0964 0.0239 0.0018
 0.0768 0.2599 0.5324 0.112 0.0189
 0.490249 0.384438 0.106611 0.0170017 0.00170017
 0.7925 0.1577 0.0466 0.003 0.0002
 0.840416 0.127587 0.0312969 0.00059994 9.999e-05
 0.8084 0.0986 0.0794 0.0134 0.0002
 0.7335 0.1905 0.0724 0.0035 0.0001
 0.4001 0.4547 0.1325 0.0127 0
 0.49795 0.308269 0.164784 0.0264974 0.00249975
 0.9179 0.0499 0.0305 0.0017 0
 0.2467 0.6533 0.0926 0.0074 0
 0.9418 0.0223 0.034 0.0019 0
 0.707729 0.231977 0.0356964 0.0245975 0
 0.517169 0.277429 0.184464 0.0207286 0.00020938
 0.811772 0.124168 0.05621 0.00726502 0.000585176
 0.764997 0.148141 0.077277 0.00933861 0.000247198
 0.163321 0.427699 0.378323 0.0303852 0.000271297
 0.753843 0.0900009 0.118128 0.0371064 0.000921714
 0.721811 0.176058 0.0630433 0.0369309 0.00215725
 0.143369 0.312575 0.442814 0.0836902 0.0175525
 0.692698 0.0596174 0.167031 0.0765114 0.00414204
 0.394062 0.376323 0.152708 0.0712218 0.00568511
pf_pred 
 0.51631 0.140889 0.320478 0.022323 8.87554e-07
 0.45952 0.320367 0.0649659 0.145053 0.0100941
 0.605685 0.214097 0.107755 0.021404 0.0510592
 0.759941 0.163807 0.0418009 0.0206083 0.0138428
 0.682735 0.259963 0.0393875 0.00982624 0.00808855
 0.774099 0.167849 0.0477258 0.00710011 0.00322616
 0.479159 0.429886 0.0679302 0.0189333 0.00409211
 0.475194 0.302401 0.184373 0.0284135 0.00961799
 0.563818 0.239106 0.114419 0.0685334 0.0141232
 0.7468 0.164521 0.0491155 0.0229816 0.0165819
 0.854178 0.118757 0.0177448 0.00516566 0.00415533
 0.768624 0.205265 0.0213372 0.00313089 0.00164297
 0.717174 0.234289 0.0431762 0.00438217 0.000979172
 0.67315 0.256927 0.0581572 0.0104681 0.00129821
 0.780524 0.167718 0.0409413 0.0089991 0.00181781
 0.948298 0.0434982 0.00630733 0.00150089 0.000396
 0.393407 0.58445 0.0186977 0.00264917 0.000795727
 0.92084 0.0375441 0.0401277 0.00125718 0.000231364
 0.613508 0.364092 0.0107387 0.0112446 0.000416662
 0.65168 0.241351 0.100903 0.00291009 0.00315633
 0.752828 0.179496 0.0472066 0.0193092 0.0011595
 0.768217 0.187553 0.0323031 0.00832216 0.00360451
 0.327545 0.554024 0.0962316 0.0162181 0.00598084
 0.764229 0.0942705 0.116982 0.0199261 0.00459175
 0.645166 0.289599 0.0263855 0.0321242 0.00672588
 0.438131 0.399949 0.132626 0.0118556 0.0174384
 0.70376 0.151996 0.103227 0.0336023 0.00741439
 0.70207 0.228032 0.0362074 0.0241179 0.00957309
pobs_RECLAS
 0 0 0 0 0
 0 0 0 0 0
 0 0 0 0 0
 0 0 0 0 0
 0 0 0 0 0
 0 0 0 0 0
 0 0 0 0 0
 0 0 0 0 0
 0 0 0 0 0
 0 0 0 0 0
 0.991045 0.00858322 0.000360255 1.14367e-05 0
 0.934742 0.0480273 0.0164251 0.00080598 0
 0.827803 0.169806 0.00239088 0 0
 0.941827 0.0461693 0.0120037 0 0
 0.791401 0.0380133 0.147996 0.0225897 0
 0.846168 0.0940531 0.0597789 0 0
 0.134021 0.677848 0.182769 0.00536245 0
 0.80878 0.0450904 0.141981 0.00414843 0
 0.846168 0.0940531 0.0597789 0 0
 0.905697 0.0802665 0.012482 0.00150086 5.37128e-05
 0.989698 0.0102097 9.19794e-05 0 0
 0.975433 0.0193895 0.00387452 0.00125025 5.28907e-05
 0.303575 0.632131 0.0575291 0.00676475 0
 0.966965 0.00978017 0.0227588 0.000495775 0
 0.843318 0.132988 0.00938335 0.0141283 0.000182051
 0.564624 0.303363 0.111486 0.0197234 0.00080311
 0.826376 0.0876187 0.0782897 0.00655872 0.00115652
 0.89761 0.0855135 0.0140674 0.00269457 0.000114338
ppred_RECLAS
 0.589378 0.121093 0.270691 0.0188376 7.4894e-07
 0.533656 0.278506 0.0554773 0.12375 0.00861122
 0.674116 0.178415 0.0882085 0.0175047 0.0417554
 0.810667 0.129963 0.0325614 0.0160375 0.010772
 0.741257 0.212684 0.0316692 0.00789343 0.00649723
 0.821024 0.13359 0.037319 0.00554669 0.00252019
 0.555962 0.36772 0.0570124 0.0158743 0.00343077
 0.547253 0.262804 0.157488 0.024248 0.00820758
 0.636426 0.200983 0.0944364 0.0565096 0.0116448
 0.801189 0.130061 0.0380953 0.0178071 0.0128477
 0.88629 0.092906 0.0136437 0.00396814 0.00319187
 0.817969 0.161829 0.0165113 0.00242038 0.00127006
 0.774168 0.18767 0.0339504 0.00344241 0.000769149
 0.740427 0.20493 0.0454562 0.00817311 0.00101354
 0.829092 0.131196 0.03142 0.00689927 0.00139358
 0.961198 0.0327412 0.00466069 0.00110797 0.000292315
 0.46456 0.516232 0.016222 0.00229621 0.000689675
 0.940032 0.0287085 0.0301423 0.000943452 0.000173618
 0.680961 0.300873 0.00871341 0.00911508 0.000337737
 0.716118 0.197797 0.0812078 0.00233981 0.00253767
 0.803452 0.143439 0.0370566 0.0151431 0.00090929
 0.81679 0.148766 0.0251627 0.00647634 0.0028049
 0.394178 0.500682 0.0854471 0.0143871 0.00530535
 0.813312 0.0754392 0.0919877 0.0156541 0.00360713
 0.70812 0.239006 0.0213976 0.0260272 0.00544908
 0.509993 0.350558 0.11424 0.0102026 0.0150062
 0.76132 0.123527 0.0824302 0.0268074 0.00591479
 0.758826 0.185366 0.028922 0.0192471 0.00763936
pobs_PELACES
 0 0 0 0 0
 0 0 0 0 0
 0 0 0 0 0
 0 0 0 0 0
 0 0 0 0 0
 0 0 0 0 0
 0 0 0 0 0
 0 0 0 0 0
 0 0 0 0 0
 0 0 0 0 0
 0 0 0 0 0
 0 0 0 0 0
 0 0 0 0 0
 0 0 0 0 0
 0 0 0 0 0
 0 0 0 0 0
 0.505614 0.472636 0.0217494 0 0
 0 0 0 0 0
 0.443492 0.261883 0.143347 0.151278 0
 0.227955 0.32914 0.350689 0.0885471 0.00366901
 0.970185 0.0296113 0.000203453 0 0
 0.997202 0.00247181 0.000326279 0 0
 0.445219 0.490057 0.0546422 0.010081 0
 0.90214 0.0892962 0.00764917 0.000914606 0
 0 0 0 0 0
 0.581667 0.319106 0.0959925 0.00289975 0.000334073
 0.762889 0.0836404 0.116647 0.0363945 0.000428098
 0.88444 0.0763242 0.0277011 0.0115352 0
ppred_PELACES
 0.544629 0.130751 0.303345 0.0212742 8.47134e-07
 0.494372 0.29689 0.0613119 0.137821 0.00960525
 0.638249 0.194491 0.099693 0.0199366 0.0476302
 0.788495 0.143402 0.037211 0.018468 0.0124238
 0.708316 0.238032 0.0367917 0.00924161 0.00761879
 0.796908 0.150117 0.0434953 0.00651472 0.00296463
 0.527249 0.389056 0.0623996 0.0175064 0.00378936
 0.502609 0.283974 0.176703 0.0274189 0.00929535
 0.601987 0.216218 0.10524 0.0634578 0.0130969
 0.781086 0.141345 0.0428247 0.0201699 0.0145749
 0.868304 0.106796 0.0162821 0.00477241 0.00384479
 0.799023 0.177949 0.0187937 0.00277598 0.00145891
 0.751068 0.205607 0.0385103 0.00393463 0.00088049
 0.722746 0.217339 0.0497773 0.00901717 0.00111994
 0.812046 0.143083 0.0354432 0.0078418 0.00158641
 0.956096 0.0368312 0.00542884 0.00130046 0.000343631
 0.429979 0.548826 0.0178775 0.00255007 0.000767113
 0.930279 0.0327434 0.0356456 0.00112432 0.000207225
 0.651955 0.327481 0.00982398 0.0103557 0.000384301
 0.686173 0.21626 0.0919949 0.00267099 0.00290136
 0.778411 0.160017 0.0428602 0.01765 0.00106147
 0.794934 0.165318 0.0289737 0.00751457 0.00325961
 0.357813 0.527177 0.0933264 0.0158355 0.00584857
 0.785287 0.0847917 0.107278 0.0183978 0.00424597
 0.674087 0.264833 0.0246008 0.0301558 0.00632328
 0.46826 0.376184 0.127235 0.0114515 0.0168694
 0.729381 0.137421 0.0951308 0.0311777 0.00688977
 0.727932 0.20711 0.0335305 0.0224873 0.00893933
pobs_pel_tallas
 0 0 0 0 0 0 0 0 0 0 0 0 0 0 0 0 0 0 0 0 0 0 0 0 0 0
 0 0 0 0 0 0 0 0 0 0 0 0 0 0 0 0 0 0 0 0 0 0 0 0 0 0
 0 0 0 0 0 0 0 0 0 0 0 0 0 0 0 0 0 0 0 0 0 0 0 0 0 0
 0 0 0 0 0 0 0 0 0 0 0 0 0 0 0 0 0 0 0 0 0 0 0 0 0 0
 0 0 0 0 0 0 0 0 0 0 0 0 0 0 0 0 0 0 0 0 0 0 0 0 0 0
 0 0 0 0 0 0 0 0 0 0 0 0 0 0 0 0 0 0 0 0 0 0 0 0 0 0
 0 0 0 0 0 0 0 0 0 0 0 0 0 0 0 0 0 0 0 0 0 0 0 0 0 0
 0 0 0 0 0 0 0 0 0 0 0 0 0 0 0 0 0 0 0 0 0 0 0 0 0 0
 0 0 0 0 0 0 0 0 0 0 0 0 0 0 0 0 0 0 0 0 0 0 0 0 0 0
 0 0 0 0 0 0 0 0 0 0 0 0 0 0 0 0 0 0 0 0 0 0 0 0 0 0
 0 0 0 0 0 0 0 0 0 0 0 0 0 0 0 0 0 0 0 0 0 0 0 0 0 0
 0 0 0 0 0 0 0 0 0 0 0 0 0 0 0 0 0 0 0 0 0 0 0 0 0 0
 0.00862536 0 0 0.000197151 0.00414017 0.0128641 0.00837892 0.0270097 0.101434 0.158115 0.152841 0.127902 0.109271 0.109419 0.0830992 0.0579132 0.0238553 0.00714673 0.00463305 0.00128148 0.00103504 0.000492878 0.000147863 0.000147863 4.92878e-05 0
 0 0 0 0 0 0 0 0 0 0 0 0 0 0 0 0 0 0 0 0 0 0 0 0 0 0
 0 0 0 0 0 0 0 0.0054083 0.00873648 0.0413646 0.0450493 0.0745869 0.0622846 0.0627006 0.0613931 0.0827291 0.12552 0.122667 0.0946155 0.0697135 0.0546179 0.0294188 0.0215738 0.0213955 0.0102223 0.00600262
 0 0 0 0 0.00359764 0.0251062 0.0480494 0.140153 0.205849 0.193036 0.1447 0.116669 0.0760912 0.0342217 0.00950174 0.001854 0.000860785 0 0 0 0.000165536 0 0.000143464 0 0 0
 0 0 0 0 0 0 0 0.000145254 0.000435761 0.0275982 0.070085 0.0708112 0.156366 0.174668 0.174014 0.160142 0.0824315 0.0480064 0.0283245 0.00493863 0.00203355 0 0 0 0 0
 0 0 0 0 0 0 0 0 0 0 0 0 0 0 0 0 0 0 0 0 0 0 0 0 0 0
 0 0 1.00437e-05 0.000401748 0.00122533 0.00171747 0.00176769 0.0269171 0.070346 0.194647 0.189555 0.159765 0.064822 0.0314167 0.0384472 0.0292271 0.0345202 0.0313363 0.0194345 0.0106764 0.0143323 0.0359363 0.0279516 0.0138201 0.00172751 0
 0 0.0021121 0.0136068 0.0755702 0.200478 0.177729 0.0527432 0.0373336 0.0318909 0.0142505 0.0149659 0.0166563 0.0217959 0.0798694 0.0677717 0.0528807 0.04013 0.0224614 0.0357745 0.0225083 0.00881397 0.00855152 0.00135912 0.000746735 0 0
 0 0 0 0 5.4009e-05 0.00500934 0.000945158 0.0243581 0.138947 0.33067 0.221406 0.137944 0.0707744 0.0437923 0.0131692 0.00525238 0.0047753 0.00276346 9.45158e-05 9.00151e-06 2.25038e-05 9.00151e-06 4.50075e-06 0 0 0
 0.000866109 0.00284123 0.00948549 0.0512746 0.133035 0.25785 0.225252 0.132002 0.0553304 0.0519788 0.0540692 0.017754 0.00435017 0.00159236 0.00146478 0.000404838 0.000125132 0.000115318 0.000107957 0.000100596 0 0 0 0 0 0
 0 0 0 0 0.00144013 0.00171154 0.00461396 0.0210425 0.0478622 0.0707936 0.0888783 0.103762 0.0637923 0.0337046 0.0602308 0.124433 0.169614 0.0934646 0.0462172 0.0250306 0.0313229 0.00938855 0.002487 0.000210481 0 0
 0 0.00764035 0.051015 0.0998891 0.058973 0.0496711 0.0374665 0.0718981 0.12319 0.153886 0.159021 0.0857701 0.0377988 0.023471 0.0147837 0.00900784 0.00315554 0.000888139 0.00291439 0.00214683 0.00393193 0.00274676 0.000635225 9.99891e-05 0 0
 0 0 0 0 0 0 0 0 0 0 0 0 0 0 0 0 0 0 0 0 0 0 0 0 0 0
 0 0 0 0 0 0 0 0 0 0 0 0 0 0 0 0 0 0 0 0 0 0 0 0 0 0
 0 0 0 0 0 0 0 0 0 0 0 0 0 0 0 0 0 0 0 0 0 0 0 0 0 0
 0 0 0 0 0 0 0 0 0 0 0 0 0 0 0 0 0 0 0 0 0 0 0 0 0 0
ppred_pel_tallas
 1.10921e-16 4.48604e-05 0.000436059 0.00289777 0.0131728 0.0409856 0.0873247 0.127456 0.127469 0.0873887 0.0412017 0.0138025 0.00449979 0.00400387 0.00702724 0.0120837 0.0186506 0.0260458 0.0335064 0.0405266 0.0468804 0.0522408 0.0558125 0.0564678 0.0533862 0.0466891
 1.17293e-16 4.07209e-05 0.000395821 0.00263037 0.0119573 0.0372038 0.0792676 0.115699 0.115728 0.0794079 0.0376749 0.0133192 0.00605332 0.00788356 0.014309 0.0237238 0.0345033 0.0441428 0.050175 0.0516168 0.0496011 0.0465653 0.044616 0.0443372 0.0447813 0.0443664
 1.12987e-16 5.25718e-05 0.000511016 0.00339588 0.0154372 0.048031 0.102336 0.149366 0.149385 0.102428 0.0483412 0.0163348 0.00565515 0.005464 0.00952151 0.0158231 0.0231825 0.0299961 0.0346721 0.0365158 0.036117 0.0348442 0.0338626 0.0334675 0.0331443 0.0321159
 1.05066e-16 6.49473e-05 0.000631311 0.00419529 0.0190712 0.0593375 0.126425 0.184525 0.184538 0.126493 0.059565 0.0197286 0.00584727 0.00424341 0.00694234 0.0114209 0.0165584 0.0210671 0.0236873 0.0238606 0.0220566 0.0194257 0.0170577 0.0154316 0.0143818 0.013444
 1.03339e-16 5.83431e-05 0.000567116 0.00376868 0.0171319 0.0533038 0.11357 0.165764 0.165787 0.113682 0.0536804 0.0182196 0.00649921 0.00652902 0.0113845 0.0187378 0.0270093 0.034014 0.0375656 0.0366604 0.0320696 0.0258025 0.0198885 0.0154266 0.0124533 0.0104263
 1.02449e-16 6.56403e-05 0.000638047 0.00424005 0.0192746 0.0599707 0.127774 0.186493 0.186508 0.127845 0.0602088 0.0199629 0.00596927 0.00441858 0.007262 0.0119445 0.0172999 0.0219628 0.0245806 0.0245189 0.022213 0.0188246 0.015498 0.0128095 0.0107355 0.00898106
 1.04298e-16 4.34288e-05 0.000422144 0.0028053 0.0127525 0.0396779 0.0845394 0.123396 0.123433 0.0847227 0.0402934 0.0145304 0.00726882 0.0101682 0.0185594 0.0306305 0.0441597 0.0556154 0.0614205 0.0599202 0.052352 0.041973 0.0320792 0.0244674 0.019229 0.0155407
 1.09495e-16 4.13993e-05 0.000402416 0.0026742 0.0121565 0.0378236 0.0805882 0.117627 0.117654 0.0807231 0.0382772 0.0134695 0.00598058 0.00765529 0.0139186 0.0232129 0.0340608 0.04414 0.0510697 0.0536974 0.0526583 0.0496831 0.0462741 0.0428754 0.0390559 0.0342811
 1.11673e-16 4.95849e-05 0.000481983 0.00320295 0.0145602 0.0453021 0.0965218 0.140881 0.140902 0.0966244 0.0456469 0.0155579 0.00571428 0.00598753 0.0105749 0.0175882 0.0257711 0.0333505 0.038559 0.0406205 0.0401725 0.038694 0.0374133 0.0365864 0.0356024 0.033635
 1.05762e-16 6.4337e-05 0.000625379 0.00415586 0.018892 0.05878 0.125237 0.182791 0.182804 0.125304 0.0590044 0.0195408 0.00578665 0.00419288 0.00686204 0.0113024 0.0164191 0.020959 0.023697 0.0240924 0.0226029 0.0203357 0.0183193 0.016972 0.0160845 0.0151748
 1.01627e-16 7.15211e-05 0.000695211 0.00461992 0.0210015 0.0653435 0.139222 0.2032 0.20321 0.139272 0.0655124 0.0214895 0.00584501 0.00337012 0.00515327 0.00841059 0.0121196 0.0152647 0.0168638 0.0164685 0.0144277 0.0116446 0.0090298 0.0070728 0.00578316 0.00490876
 1.01114e-16 6.58145e-05 0.00063974 0.0042513 0.0193258 0.0601298 0.128114 0.186989 0.187006 0.128197 0.060411 0.0201378 0.00628888 0.00508597 0.00850461 0.0139414 0.0200429 0.0251322 0.027546 0.0265148 0.0226183 0.0173944 0.0124284 0.0086287 0.00610406 0.0045016
 1.01708e-16 6.18645e-05 0.000601345 0.00399615 0.0181659 0.0565211 0.120425 0.175768 0.175788 0.120522 0.0568465 0.019106 0.00635643 0.00575585 0.00985696 0.0162123 0.0233814 0.0294687 0.0325777 0.0318204 0.0278263 0.0222863 0.0169195 0.0126759 0.00963645 0.00742506
 1.02586e-16 5.95317e-05 0.000578669 0.00384546 0.0174809 0.0543898 0.115884 0.16914 0.169161 0.115986 0.0547341 0.0184758 0.00634412 0.00603799 0.0104416 0.0172037 0.0248598 0.0314339 0.0349444 0.0344638 0.0306447 0.0252296 0.0199635 0.0157699 0.0126731 0.0102538
 1.02115e-16 6.68872e-05 0.000650167 0.00432059 0.0196408 0.0611098 0.130201 0.190036 0.19005 0.130269 0.0613366 0.0202961 0.00596673 0.00424766 0.00691079 0.0113494 0.0164136 0.0207884 0.0231766 0.0229737 0.0206082 0.0172155 0.0139219 0.0113066 0.00935876 0.00778545
 1.00355e-16 7.87524e-05 0.000765501 0.00508702 0.0231249 0.0719501 0.153297 0.223743 0.223746 0.153315 0.0720083 0.0232931 0.00550937 0.00168755 0.00183006 0.00290124 0.00417265 0.00524896 0.00578561 0.0056249 0.00488448 0.00387504 0.0029127 0.00217233 0.00166666 0.00131965
 1.01042e-16 3.54169e-05 0.000344265 0.00228777 0.0103999 0.0323582 0.0689445 0.100638 0.10069 0.0692025 0.033224 0.0128994 0.00855698 0.014014 0.0259494 0.0427194 0.0612436 0.0764 0.0829922 0.0786234 0.0651566 0.0475294 0.0309112 0.0183826 0.010454 0.00604348
 1.01185e-16 7.66259e-05 0.000744831 0.00494966 0.0225005 0.0700073 0.149158 0.217701 0.217704 0.149174 0.0700601 0.0226535 0.00533611 0.00159598 0.00171513 0.00277134 0.0041172 0.00545148 0.0065125 0.007162 0.00743182 0.00744295 0.0072731 0.00689807 0.0062489 0.00531371
 1.01471e-16 5.37007e-05 0.00052199 0.00346881 0.0157687 0.0490625 0.104534 0.152577 0.152609 0.104688 0.0495792 0.0172603 0.00721013 0.00868026 0.0155212 0.0255055 0.0365751 0.045658 0.0496665 0.0471888 0.0393529 0.0291097 0.0195267 0.0123986 0.0079661 0.00551746
 1.03469e-16 5.65192e-05 0.000549387 0.00365087 0.0165963 0.0516374 0.11002 0.160582 0.160602 0.110122 0.0519814 0.0175909 0.00615176 0.00602346 0.0104953 0.0173718 0.0252739 0.0323078 0.0365556 0.0370883 0.0344494 0.0301623 0.0256987 0.0217588 0.0182908 0.0149835
 1.03228e-16 6.41167e-05 0.000623237 0.00414163 0.0188273 0.0585787 0.124809 0.182165 0.182181 0.124884 0.0588325 0.0195607 0.00598453 0.00465219 0.00773328 0.0127292 0.0184395 0.023419 0.0262374 0.0262363 0.0239001 0.0204817 0.0171967 0.0146273 0.0126905 0.0110052
 1.02184e-16 6.54777e-05 0.000636467 0.00422954 0.0192269 0.0598221 0.127458 0.186032 0.186048 0.127536 0.0600837 0.0199827 0.00612716 0.00478059 0.00794067 0.0130364 0.0188027 0.0237075 0.0262346 0.0256847 0.0225821 0.0183015 0.014227 0.0111021 0.00894806 0.00740417
 1.05406e-16 2.94727e-05 0.000286485 0.0019038 0.00865441 0.0269274 0.0573735 0.0837489 0.0837998 0.0576219 0.0277616 0.0110643 0.00795437 0.0134994 0.0251362 0.041542 0.0599172 0.0755059 0.0834624 0.0815299 0.0713535 0.0573034 0.0438079 0.0332914 0.02591 0.020615
 1.05682e-16 6.4683e-05 0.000628742 0.00417821 0.0189936 0.059096 0.125911 0.183772 0.18378 0.125951 0.0592333 0.019392 0.00518592 0.00285318 0.00436154 0.00729696 0.0109464 0.014688 0.0179093 0.0202949 0.0219268 0.0230509 0.0237298 0.0237165 0.0226524 0.0203862
 1.04872e-16 5.55237e-05 0.000539711 0.00358657 0.016304 0.050728 0.108082 0.157755 0.15778 0.108207 0.0511466 0.0175128 0.00662045 0.00716149 0.0126284 0.0207831 0.0299233 0.0376199 0.0414505 0.0403343 0.0351949 0.0283475 0.022107 0.0176887 0.0150404 0.0134022
 1.07772e-16 3.85701e-05 0.000374915 0.00249144 0.0113258 0.0352388 0.0750814 0.109591 0.109627 0.0752592 0.0358361 0.0130525 0.00683133 0.00986752 0.0181212 0.0300391 0.0436 0.0555194 0.062449 0.0628119 0.0576715 0.0498643 0.0421495 0.0358625 0.0308719 0.0264234
 1.07074e-16 6.00782e-05 0.000583981 0.00388076 0.0176414 0.054889 0.116947 0.170691 0.170704 0.117013 0.055109 0.0182784 0.00548601 0.0041091 0.00681644 0.0113357 0.0167045 0.0218106 0.0255509 0.0274117 0.027713 0.0272496 0.0266391 0.025934 0.0247499 0.0226921
 1.04789e-16 5.99589e-05 0.000582822 0.00387306 0.0176064 0.05478 0.116715 0.170354 0.170374 0.116813 0.0551078 0.0185533 0.00625088 0.00577629 0.00993145 0.0163464 0.023598 0.0298022 0.0330891 0.0326211 0.0290953 0.0242576 0.0198265 0.0166628 0.0146704 0.0132531
pSPR Fmed_Fpbrs
0.489121   0.223724 0.223724
Fs Fmed_Fpbrs
0.41935   1.005 1.005
SSBpbr Bo_Bmed_Bpbrs
1.42125e+06  624101  246905 246905
Ro
134249
SPR SPRFo_SPRFmed_SPRFpbrs
951909 465598 212965
Fref
1.005
log_Ro
11.6274
likeval ReclasPelacesDesembMPH_pf_preclas_ppelaces_ptallas_desvR_qrecl_qpela
 11.8711 16.2577 0.0309024 0.000819455 204.498 94.8097 66.411 0 21.6479 7.10209e-06 2.77139e-05 0.154607 0 0 0
q_reclas_q_pelaces
1.45884 2.11481
M
1
N
 165489 34945.3 78267.7 5447.28 0.216573
 93508.5 51332.5 10261.9 22894.9 1593.17
 90243.9 25102.1 12454.2 2471.97 5896.63
 141344 24355.4 6133.33 3021.68 2029.62
 112884 33169.2 4947.31 1233.21 1015.08
 211128 35804.4 10031.5 1491.2 677.546
 82316 60019.5 9369.97 2609.9 564.066
 33779.2 16499 9899.05 1524.23 515.93
 33068 11180.8 5279 3159.7 651.12
 44369.4 7950.14 2344.93 1096.51 791.142
 82422.4 8824.27 1297.82 377.489 303.644
 123563 26585.9 2728.69 400.122 209.962
 102724 26951.2 4902.95 497.284 111.112
 72699.6 23089.1 5171.55 930.34 115.374
 64876.6 11350.2 2737.63 601.364 121.471
 347151 12769.8 1827.69 434.615 114.666
 67498.8 79114 2495.46 353.302 106.117
 555834 17813.9 18767.5 587.528 108.121
 319868 151416 4406.49 4610.83 170.845
 260271 76590.6 31586.3 910.304 987.292
 343946 64526.3 16728.6 6837.39 410.564
 479232 92900 15782.8 4063.12 1759.75
 90571.2 119558 20459.6 3445.37 1270.52
 273419 26214 32039.2 5452.98 1256.53
 234604 81855.8 7345.56 8935.98 1870.86
 99384.6 70186.8 22916.3 2046.83 3010.54
 183520 30894.9 20670.1 6723.11 1483.4
 212704 53662.1 8391.81 5585.3 2216.87
pred_Ctot
 16635.4 4539.4 10325.7 719.242 0.0285968
 16390.4 11427 2317.24 5173.82 360.042
 15582.8 5508.21 2772.29 550.675 1313.63
 33549.5 7231.68 1845.41 909.805 611.127
 9953.97 3790.14 574.252 143.262 117.928
 30970.9 6715.49 1909.47 284.069 129.076
 24867.4 22310.2 3525.44 982.602 212.373
 2159.28 1374.11 837.788 129.111 43.7041
 7495.93 3178.9 1521.2 911.148 187.767
 13536.4 2982.08 890.26 416.56 300.561
 6488.07 902.039 134.784 39.2368 31.5626
 33165.2 8856.96 920.675 135.095 70.8924
 26284.5 8586.7 1582.41 160.607 35.8867
 28314.3 10807 2446.23 440.311 54.6058
 20049 4308.11 1051.64 231.156 46.6935
 86792.5 3981.15 577.275 137.368 36.2437
 12387.6 18403.2 588.756 83.4172 25.0559
 93432.7 3809.4 4071.55 127.56 23.4753
 73086.3 43373.7 1279.28 1339.55 49.6363
 55391.1 20514.2 8576.5 247.35 268.28
 59255.7 14128.3 3715.67 1519.84 91.2655
 100614 24563.9 4230.76 1089.96 472.084
 12449.7 21057.9 3657.67 616.433 227.326
 32727.4 4037.05 5009.66 853.317 196.637
 28168 12643.9 1151.99 1402.54 293.652
 9871.67 9011.36 2988.24 267.122 392.909
 24249.4 5237.3 3556.9 1157.83 255.477
 24873.5 8078.9 1282.79 854.47 339.164
F
 0.170582 0.225348 0.229221 0.229428 0.229439
 0.315102 0.416266 0.42342 0.423804 0.423824
 0.309763 0.409212 0.416245 0.416622 0.416642
 0.449574 0.593909 0.604117 0.604664 0.604693
 0.148289 0.195897 0.199264 0.199445 0.199454
 0.257796 0.340561 0.346414 0.346728 0.346744
 0.607268 0.802231 0.816019 0.816758 0.816797
 0.105645 0.139562 0.141961 0.142089 0.142096
 0.425376 0.561943 0.571601 0.572119 0.572146
 0.615045 0.812504 0.82647 0.827218 0.827257
 0.131475 0.173685 0.17667 0.17683 0.176838
 0.522725 0.690546 0.702415 0.703051 0.703084
 0.49268 0.650855 0.662042 0.662641 0.662673
 0.857097 1.13227 1.15173 1.15277 1.15283
 0.625403 0.826188 0.840388 0.841149 0.841189
 0.47887 0.632611 0.643484 0.644066 0.644097
 0.332133 0.438764 0.446305 0.446709 0.446731
 0.300441 0.396897 0.403719 0.404084 0.404104
 0.429436 0.567306 0.577056 0.577579 0.577606
 0.394653 0.521356 0.530317 0.530797 0.530822
 0.308961 0.408153 0.415168 0.415544 0.415564
 0.38838 0.51307 0.521888 0.522361 0.522386
 0.239843 0.316845 0.322291 0.322582 0.322598
 0.206046 0.272197 0.276875 0.277126 0.277139
 0.206739 0.273112 0.277806 0.278058 0.278071
 0.168407 0.222474 0.226297 0.226502 0.226513
 0.229616 0.303334 0.308548 0.308827 0.308842
 0.200882 0.265375 0.269936 0.270181 0.270194
nmprior
 8 9 7.5 0
nm_flota  nm_reclas  nm_pelaces    nm_pelaL
inf 11.9834 14.3623 14.3623
cv_recla  cv_pelaces  cv_mph
0.335355 0.515786 0.883421
 ------------------------------------------------
Talla a la edad & desviación 
 8 13.2811 15.8009 17.003 17.5766
 0.8 1.32811 1.58009 1.7003 1.75766
