years
 1991 1992 1993 1994 1995 1996 1997 1998 1999 2000 2001 2002 2003 2004 2005 2006 2007 2008 2009 2010 2011 2012 2013 2014 2015 2016 2017 2018 2019
reclasobs
 0 0 0 0 0 0 0 0 0 252601 567819 844713 477998 351125 339783 2.1784e+06 2.13404e+06 4.81314e+06 1.55562e+06 2.62356e+06 3.21686e+06 3.843e+06 1.13348e+06 3.07943e+06 1.97215e+06 2.03268e+06 2.025e+06 2.42433e+06 2.27542e+06
reclaspred
 3.3552e+06 1.87271e+06 944641 933256 921332 1.48188e+06 901868 787385 569703 406712 495670 651273 639108 492230 499627 1.40863e+06 1.34109e+06 3.03005e+06 2.51609e+06 1.92009e+06 3.39152e+06 2.73375e+06 2.14128e+06 3.28693e+06 2.46394e+06 2.1949e+06 2.68298e+06 2.67384e+06 2.17784e+06
pelacesobs
 0 0 0 0 0 0 0 0 0 0 0 0 0 0 0 552880 188675 0 991730 2.46772e+06 1.41603e+06 1.21717e+06 2.29649e+06 1.80582e+06 0 1.4828e+06 1.56532e+06 1.57751e+06 1.42118e+06
pelacespred
 1.53011e+06 946719 475915 384469 398990 662116 366581 404881 278155 186627 238318 260250 281386 226176 237438 562133 537400 1.40233e+06 1.19818e+06 844496 1.45723e+06 1.27201e+06 995848 1.6745e+06 1.20756e+06 1.07395e+06 1.49943e+06 1.47723e+06 986920
mphobs
 0 0 0 0 0 0 0 0 0 0 0 498337 0 5186 125008 0 168611 109162 213762 579715 649985 157893 87575 83554 0 0 0 0 0
mphpred
 2.90474e+06 1.94086e+06 961244 523297 560861 636082 841071 499609 444250 297991 192966 335778 361419 302308 199717 258190 929081 866511 1.71735e+06 1.30627e+06 1.43978e+06 1.77297e+06 1.66732e+06 1.3577e+06 1.8852e+06 1.5547e+06 1.29126e+06 1.42304e+06 1.84315e+06
desembarqueobs
 494567 514787 250237 358949 120608 361735 552515 73892 212993 205616 52469 317467 293654 387597 252695 516296 358380 742168 942051 627588 828172 859565 418607 520667 417249 300574 407403 355545 319650
desembarquepred
 494574 513621 250801 358979 120613 361747 552556 73896.6 213046 205664 52471.7 317533 293702 387620 252684 516246 358402 742066 941826 627445 828228 859561 418611 520687 417245 300571 407394 355524 319641
Reclutas
 190700 108354 106046 172121 137170 240470 98392.6 43424.3 41589 55521.1 104061 141685 117636 83027.5 81434.1 463316 93034.4 690150 412791 329290 464037 617686 126199 376424 319804 146295 336032 331752 109456
log_desv_Rt
 0.117085 -0.448211 -0.469742 0.0145822 -0.212394 0.34898 -0.544651 -1.3626 -1.40578 -1.11685 -0.488636 -0.180007 -0.366025 -0.714444 -0.733822 1.00479 -0.600647 1.40329 0.889326 0.663323 1.00635 1.29236 -0.295757 0.7971 0.634091 -0.14799 0.683591 0.670772 -0.438094
SSB
 2.90474e+06 1.94086e+06 961244 523297 560861 636082 841071 499609 444250 297991 192966 335778 361419 302308 199717 258190 929081 866511 1.71735e+06 1.30627e+06 1.43978e+06 1.77297e+06 1.66732e+06 1.3577e+06 1.8852e+06 1.5547e+06 1.29126e+06 1.42304e+06 1.84315e+06
BT
 3.94623e+06 2.69018e+06 1.34527e+06 1.18745e+06 1.01536e+06 1.83581e+06 1.33927e+06 999184 853041 628770 594883 865835 915764 925138 800881 1.7132e+06 1.51884e+06 3.89068e+06 3.66836e+06 2.50589e+06 4.03336e+06 3.73528e+06 2.66171e+06 4.34729e+06 3.16939e+06 2.74299e+06 3.87367e+06 3.76516e+06 2.54143e+06
Ftot
 0.144647 0.26416 0.25816 0.392296 0.133916 0.256653 0.582697 0.0956513 0.375339 0.501716 0.11542 0.496385 0.466341 0.78229 0.533951 0.404551 0.264409 0.265937 0.378158 0.332963 0.253634 0.323303 0.193362 0.169345 0.17177 0.138123 0.161763 0.141861 0.143131
BD_Bspro_t
 0.977122 0.834559 0.665891 0.572175 0.558998 0.636376 0.627909 0.453073 0.509777 0.460715 0.423674 0.646525 0.52844 0.436575 0.327406 0.388522 0.585318 0.555037 0.653427 0.55876 0.536271 0.584307 0.597737 0.587872 0.692881 0.701449 0.710915 0.752935 0.786823
BD_Bspro
 2.40946 1.60993 0.797345 0.434071 0.465231 0.527625 0.697663 0.414422 0.368503 0.247182 0.160064 0.278525 0.299794 0.250762 0.165664 0.214167 0.770666 0.718764 1.42453 1.08354 1.19429 1.47067 1.38303 1.1262 1.56376 1.28961 1.07109 1.1804 1.52888
BD_Bo
 1.57321 1.05117 0.52061 0.283417 0.303762 0.344502 0.455524 0.270588 0.240606 0.161392 0.10451 0.181857 0.195744 0.16373 0.108166 0.139836 0.50319 0.469302 0.930115 0.707477 0.779786 0.960242 0.903017 0.735329 1.02102 0.842023 0.699348 0.77072 0.998248
BD_Brms
 9.91312 6.62366 3.28048 1.78588 1.91407 2.17078 2.87036 1.70503 1.51611 1.01697 0.658541 1.14592 1.23343 1.0317 0.681581 0.881137 3.17071 2.95717 5.86086 4.45797 4.91361 6.0507 5.69011 4.63347 6.43368 5.30577 4.40674 4.85648 6.29018
Sel_flota
 0.812433 1 1 1 1
 0.812433 1 1 1 1
 0.812433 1 1 1 1
 0.812433 1 1 1 1
 0.812433 1 1 1 1
 0.812433 1 1 1 1
 0.812433 1 1 1 1
 0.812433 1 1 1 1
 0.812433 1 1 1 1
 0.812433 1 1 1 1
 0.812433 1 1 1 1
 0.812433 1 1 1 1
 0.812433 1 1 1 1
 0.812433 1 1 1 1
 0.812433 1 1 1 1
 0.812433 1 1 1 1
 0.812433 1 1 1 1
 0.812433 1 1 1 1
 0.812433 1 1 1 1
 0.812433 1 1 1 1
 0.812433 1 1 1 1
 0.812433 1 1 1 1
 0.812433 1 1 1 1
 0.812433 1 1 1 1
 0.812433 1 1 1 1
 0.812433 1 1 1 1
 0.812433 1 1 1 1
 0.812433 1 1 1 1
 0.812433 1 1 1 1
Sel_reclas
 1 1 1 1 1
 1 1 1 1 1
 1 1 1 1 1
 1 1 1 1 1
 1 1 1 1 1
 1 1 1 1 1
 1 1 1 1 1
 1 1 1 1 1
 1 1 1 1 1
 1 1 1 1 1
 1 1 1 1 1
 1 1 1 1 1
 1 1 1 1 1
 1 1 1 1 1
 1 1 1 1 1
 1 1 1 1 1
 1 1 1 1 1
 1 1 1 1 1
 1 1 1 1 1
 1 1 1 1 1
 1 1 1 1 1
 1 1 1 1 1
 1 1 1 1 1
 1 1 1 1 1
 1 1 1 1 1
 1 1 1 1 1
 1 1 1 1 1
 1 1 1 1 1
 1 1 1 1 1
Sel_pelaces
 1 1 1 1 1
 1 1 1 1 1
 1 1 1 1 1
 1 1 1 1 1
 1 1 1 1 1
 1 1 1 1 1
 1 1 1 1 1
 1 1 1 1 1
 1 1 1 1 1
 1 1 1 1 1
 1 1 1 1 1
 1 1 1 1 1
 1 1 1 1 1
 1 1 1 1 1
 1 1 1 1 1
 1 1 1 1 1
 1 1 1 1 1
 1 1 1 1 1
 1 1 1 1 1
 1 1 1 1 1
 1 1 1 1 1
 1 1 1 1 1
 1 1 1 1 1
 1 1 1 1 1
 1 1 1 1 1
 1 1 1 1 1
 1 1 1 1 1
 1 1 1 1 1
 1 1 1 1 1
pf_obs 
 0.8446 0.082 0.0669 0.0065 0
 0.8095 0.147 0.0364 0.0071 0
 0.9664 0.0169 0.016 0.0007 0
 0.9276 0.0648 0.0075 0.0001 0
 0.7033 0.2144 0.0806 0.0017 0
 0.9318 0.0425 0.0243 0.0014 0
 0.5671 0.3108 0.0964 0.0239 0.0018
 0.0768 0.2599 0.5324 0.112 0.0189
 0.490249 0.384438 0.106611 0.0170017 0.00170017
 0.7925 0.1577 0.0466 0.003 0.0002
 0.840416 0.127587 0.0312969 0.00059994 9.999e-05
 0.8084 0.0986 0.0794 0.0134 0.0002
 0.7335 0.1905 0.0724 0.0035 0.0001
 0.4001 0.4547 0.1325 0.0127 0
 0.49795 0.308269 0.164784 0.0264974 0.00249975
 0.9179 0.0499 0.0305 0.0017 0
 0.2467 0.6533 0.0926 0.0074 0
 0.9418 0.0223 0.034 0.0019 0
 0.707729 0.231977 0.0356964 0.0245975 0
 0.517169 0.277429 0.184464 0.0207286 0.00020938
 0.811772 0.124168 0.05621 0.00726502 0.000585176
 0.764997 0.148141 0.077277 0.00933861 0.000247198
 0.163321 0.427699 0.378323 0.0303852 0.000271297
 0.753843 0.0900009 0.118128 0.0371064 0.000921714
 0.721811 0.176058 0.0630433 0.0369309 0.00215725
 0.143369 0.312575 0.442814 0.0836902 0.0175525
 0.692698 0.0596174 0.167031 0.0765114 0.00414204
 0.394062 0.376323 0.152708 0.0712218 0.00568511
 0.125707 0.32114 0.495352 0.0537591 0.00404204
pf_pred 
 0.460759 0.126458 0.388818 0.023964 8.04463e-07
 0.426495 0.296284 0.0650115 0.199889 0.0123202
 0.569987 0.2087 0.114335 0.0250877 0.0818907
 0.740384 0.162732 0.0470213 0.0257603 0.0241028
 0.657772 0.268966 0.0459218 0.0132691 0.014071
 0.756491 0.171914 0.0562687 0.00960703 0.00571966
 0.480513 0.414241 0.074302 0.0243196 0.00662426
 0.464056 0.294386 0.192619 0.0345499 0.0143887
 0.549256 0.233736 0.119199 0.0779931 0.0198156
 0.716716 0.172864 0.0572587 0.0292004 0.0239603
 0.828113 0.131917 0.0243907 0.00807904 0.00750083
 0.745804 0.217915 0.0278443 0.00514825 0.00328851
 0.692317 0.243911 0.0546692 0.0069854 0.00211656
 0.641498 0.267108 0.0724518 0.016239 0.00270366
 0.750346 0.176611 0.054422 0.0147617 0.00385948
 0.940915 0.0471155 0.0084678 0.00260931 0.00089281
 0.374666 0.59629 0.0231601 0.00416243 0.0017215
 0.89944 0.0434161 0.0544894 0.00211639 0.000537678
 0.607698 0.360522 0.0137209 0.0172204 0.000838769
 0.620374 0.252695 0.116648 0.00443944 0.00584311
 0.737628 0.177434 0.0565383 0.0260991 0.00230063
 0.742843 0.200771 0.0381322 0.0121506 0.00610337
 0.31899 0.535756 0.113404 0.0215387 0.0103107
 0.743233 0.0951911 0.127113 0.0269062 0.00755655
 0.631031 0.28929 0.0295392 0.039445 0.0106943
 0.444669 0.3788 0.138409 0.0141329 0.0239889
 0.741862 0.129122 0.0880036 0.0321556 0.00885654
 0.663005 0.263762 0.0366316 0.0249664 0.0116351
 0.370171 0.447802 0.142471 0.0197865 0.0197703
pobs_RECLAS
 0 0 0 0 0
 0 0 0 0 0
 0 0 0 0 0
 0 0 0 0 0
 0 0 0 0 0
 0 0 0 0 0
 0 0 0 0 0
 0 0 0 0 0
 0 0 0 0 0
 0 0 0 0 0
 0.991045 0.00858322 0.000360255 1.14367e-05 0
 0.934742 0.0480273 0.0164251 0.00080598 0
 0.827803 0.169806 0.00239088 0 0
 0.941827 0.0461693 0.0120037 0 0
 0.791401 0.0380133 0.147996 0.0225897 0
 0.846168 0.0940531 0.0597789 0 0
 0.134021 0.677848 0.182769 0.00536245 0
 0.80878 0.0450904 0.141981 0.00414843 0
 0.846168 0.0940531 0.0597789 0 0
 0.905697 0.0802665 0.012482 0.00150086 5.37128e-05
 0.989698 0.0102097 9.19794e-05 0 0
 0.975433 0.0193895 0.00387452 0.00125025 5.28907e-05
 0.303575 0.632131 0.0575291 0.00676475 0
 0.966965 0.00978017 0.0227588 0.000495775 0
 0.843318 0.132988 0.00938335 0.0141283 0.000182051
 0.564624 0.303363 0.111486 0.0197234 0.00080311
 0.826376 0.0876187 0.0782897 0.00655872 0.00115652
 0.89761 0.0855135 0.0140674 0.00269457 0.000114338
 0.34875 0.467042 0.161289 0.0227151 0.000203297
ppred_RECLAS
 0.513232 0.114153 0.350983 0.0216322 7.26183e-07
 0.479149 0.269082 0.0590428 0.181537 0.0111891
 0.621137 0.183875 0.100735 0.0221035 0.0721498
 0.779671 0.138106 0.0399056 0.021862 0.0204553
 0.703371 0.233128 0.0398031 0.0115011 0.0121962
 0.793488 0.145794 0.0477196 0.00814739 0.00485064
 0.535723 0.370216 0.0664053 0.0217349 0.00592024
 0.516316 0.26568 0.173837 0.0311809 0.0129856
 0.601812 0.206483 0.105301 0.0688991 0.0175051
 0.758958 0.147088 0.0487205 0.0248462 0.0203875
 0.855942 0.110559 0.0204417 0.00677101 0.00628642
 0.784984 0.184327 0.0235525 0.00435473 0.00278164
 0.73667 0.208751 0.0467886 0.00597845 0.00181146
 0.69201 0.229473 0.0622434 0.0139509 0.00232272
 0.789203 0.149122 0.0459514 0.0124641 0.00325877
 0.951845 0.0383996 0.00690133 0.00212662 0.000727649
 0.425672 0.547653 0.021271 0.00382292 0.00158109
 0.917115 0.0357853 0.0449124 0.00174441 0.000443176
 0.657703 0.314568 0.0119719 0.0150254 0.000731854
 0.669395 0.220065 0.101586 0.00386618 0.0050886
 0.776634 0.151055 0.0481331 0.0222191 0.00195861
 0.781576 0.170531 0.0323886 0.0103205 0.00518406
 0.366509 0.498372 0.105491 0.0200358 0.0095912
 0.78135 0.0810601 0.108243 0.022912 0.00643479
 0.678612 0.251985 0.0257299 0.0343583 0.0093152
 0.496967 0.343127 0.125375 0.0128019 0.0217298
 0.780097 0.109997 0.0749689 0.0273929 0.00754474
 0.708247 0.228351 0.0317137 0.0216146 0.010073
 0.420362 0.412116 0.131118 0.0182097 0.0181948
pobs_PELACES
 0 0 0 0 0
 0 0 0 0 0
 0 0 0 0 0
 0 0 0 0 0
 0 0 0 0 0
 0 0 0 0 0
 0 0 0 0 0
 0 0 0 0 0
 0 0 0 0 0
 0 0 0 0 0
 0 0 0 0 0
 0 0 0 0 0
 0 0 0 0 0
 0 0 0 0 0
 0 0 0 0 0
 0 0 0 0 0
 0.505614 0.472636 0.0217494 0 0
 0 0 0 0 0
 0.443492 0.261883 0.143347 0.151278 0
 0.227955 0.32914 0.350689 0.0885471 0.00366901
 0.970185 0.0296113 0.000203453 0 0
 0.997202 0.00247181 0.000326279 0 0
 0.445219 0.490057 0.0546422 0.010081 0
 0.90214 0.0892962 0.00764917 0.000914606 0
 0 0 0 0 0
 0.581667 0.319106 0.0959925 0.00289975 0.000334073
 0.762889 0.0836404 0.116647 0.0363945 0.000428098
 0.88444 0.0763242 0.0277011 0.0115352 0
 0.521256 0.241999 0.230069 0.00667565 0
ppred_PELACES
 0.515468 0.113628 0.34937 0.0215328 7.22846e-07
 0.48323 0.266974 0.05858 0.180115 0.0111014
 0.62489 0.182054 0.0997369 0.0218845 0.0714351
 0.783814 0.135509 0.0391552 0.0214509 0.0200707
 0.705098 0.231771 0.0395714 0.0114341 0.0121252
 0.796079 0.143965 0.0471208 0.00804517 0.00478979
 0.544682 0.363073 0.065124 0.0213156 0.00580601
 0.517795 0.264868 0.173305 0.0310856 0.0129459
 0.607366 0.203603 0.103832 0.0679381 0.017261
 0.764594 0.143649 0.0475815 0.0242653 0.0199108
 0.85682 0.109885 0.0203171 0.00672971 0.00624807
 0.790125 0.17992 0.0229895 0.00425062 0.00271514
 0.742231 0.204343 0.0458005 0.0058522 0.0017732
 0.702233 0.221856 0.0601773 0.0134879 0.00224562
 0.794649 0.14527 0.0447643 0.0121421 0.00317458
 0.95298 0.0374946 0.00673869 0.0020765 0.0007105
 0.429678 0.543833 0.0211227 0.00379626 0.00157006
 0.918357 0.0352488 0.044239 0.00171826 0.000436532
 0.662953 0.309743 0.0117883 0.0147949 0.00072063
 0.67394 0.21704 0.100189 0.00381303 0.00501865
 0.779345 0.149222 0.0475487 0.0219493 0.00193483
 0.784973 0.167878 0.0318849 0.01016 0.00510344
 0.369292 0.496183 0.105028 0.0199478 0.00954906
 0.783135 0.0803982 0.107359 0.0227249 0.00638225
 0.680926 0.25017 0.0255446 0.0341109 0.00924812
 0.499104 0.341669 0.124842 0.0127475 0.0216374
 0.78181 0.10914 0.074385 0.0271795 0.00748598
 0.710058 0.226934 0.0315168 0.0214805 0.0100105
 0.422522 0.41058 0.130629 0.0181419 0.018127
pobs_pel_tallas
 0 0 0 0 0 0 0 0 0 0 0 0 0 0 0 0 0 0 0 0 0 0 0 0 0 0
 0 0 0 0 0 0 0 0 0 0 0 0 0 0 0 0 0 0 0 0 0 0 0 0 0 0
 0 0 0 0 0 0 0 0 0 0 0 0 0 0 0 0 0 0 0 0 0 0 0 0 0 0
 0 0 0 0 0 0 0 0 0 0 0 0 0 0 0 0 0 0 0 0 0 0 0 0 0 0
 0 0 0 0 0 0 0 0 0 0 0 0 0 0 0 0 0 0 0 0 0 0 0 0 0 0
 0 0 0 0 0 0 0 0 0 0 0 0 0 0 0 0 0 0 0 0 0 0 0 0 0 0
 0 0 0 0 0 0 0 0 0 0 0 0 0 0 0 0 0 0 0 0 0 0 0 0 0 0
 0 0 0 0 0 0 0 0 0 0 0 0 0 0 0 0 0 0 0 0 0 0 0 0 0 0
 0 0 0 0 0 0 0 0 0 0 0 0 0 0 0 0 0 0 0 0 0 0 0 0 0 0
 0 0 0 0 0 0 0 0 0 0 0 0 0 0 0 0 0 0 0 0 0 0 0 0 0 0
 0 0 0 0 0 0 0 0 0 0 0 0 0 0 0 0 0 0 0 0 0 0 0 0 0 0
 0 0 0 0 0 0 0 0 0 0 0 0 0 0 0 0 0 0 0 0 0 0 0 0 0 0
 0.00862536 0 0 0.000197151 0.00414017 0.0128641 0.00837892 0.0270097 0.101434 0.158115 0.152841 0.127902 0.109271 0.109419 0.0830992 0.0579132 0.0238553 0.00714673 0.00463305 0.00128148 0.00103504 0.000492878 0.000147863 0.000147863 4.92878e-05 0
 0 0 0 0 0 0 0 0 0 0 0 0 0 0 0 0 0 0 0 0 0 0 0 0 0 0
 0 0 0 0 0 0 0 0.0054083 0.00873648 0.0413646 0.0450493 0.0745869 0.0622846 0.0627006 0.0613931 0.0827291 0.12552 0.122667 0.0946155 0.0697135 0.0546179 0.0294188 0.0215738 0.0213955 0.0102223 0.00600262
 0 0 0 0 0.00359764 0.0251062 0.0480494 0.140153 0.205849 0.193036 0.1447 0.116669 0.0760912 0.0342217 0.00950174 0.001854 0.000860785 0 0 0 0.000165536 0 0.000143464 0 0 0
 0 0 0 0 0 0 0 0.000145254 0.000435761 0.0275982 0.070085 0.0708112 0.156366 0.174668 0.174014 0.160142 0.0824315 0.0480064 0.0283245 0.00493863 0.00203355 0 0 0 0 0
 0 0 0 0 0 0 0 0 0 0 0 0 0 0 0 0 0 0 0 0 0 0 0 0 0 0
 0 0 1.00437e-05 0.000401748 0.00122533 0.00171747 0.00176769 0.0269171 0.070346 0.194647 0.189555 0.159765 0.064822 0.0314167 0.0384472 0.0292271 0.0345202 0.0313363 0.0194345 0.0106764 0.0143323 0.0359363 0.0279516 0.0138201 0.00172751 0
 0 0.0021121 0.0136068 0.0755702 0.200478 0.177729 0.0527432 0.0373336 0.0318909 0.0142505 0.0149659 0.0166563 0.0217959 0.0798694 0.0677717 0.0528807 0.04013 0.0224614 0.0357745 0.0225083 0.00881397 0.00855152 0.00135912 0.000746735 0 0
 0 0 0 0 5.4009e-05 0.00500934 0.000945158 0.0243581 0.138947 0.33067 0.221406 0.137944 0.0707744 0.0437923 0.0131692 0.00525238 0.0047753 0.00276346 9.45158e-05 9.00151e-06 2.25038e-05 9.00151e-06 4.50075e-06 0 0 0
 0.000866109 0.00284123 0.00948549 0.0512746 0.133035 0.25785 0.225252 0.132002 0.0553304 0.0519788 0.0540692 0.017754 0.00435017 0.00159236 0.00146478 0.000404838 0.000125132 0.000115318 0.000107957 0.000100596 0 0 0 0 0 0
 0 0 0 0 0.00144013 0.00171154 0.00461396 0.0210425 0.0478622 0.0707936 0.0888783 0.103762 0.0637923 0.0337046 0.0602308 0.124433 0.169614 0.0934646 0.0462172 0.0250306 0.0313229 0.00938855 0.002487 0.000210481 0 0
 0 0.00764035 0.051015 0.0998891 0.058973 0.0496711 0.0374665 0.0718981 0.12319 0.153886 0.159021 0.0857701 0.0377988 0.023471 0.0147837 0.00900784 0.00315554 0.000888139 0.00291439 0.00214683 0.00393193 0.00274676 0.000635225 9.99891e-05 0 0
 0 0 0 0 0 0 0 0 0 0 0 0 0 0 0 0 0 0 0 0 0 0 0 0 0 0
 0 0 0 0 0 0 0 0 0 0 0 0 0 0 0 0 0 0 0 0 0 0 0 0 0 0
 0 0 0 0 0 0 0 0 0 0 0 0 0 0 0 0 0 0 0 0 0 0 0 0 0 0
 0 0 0 0 0 0 0 0 0 0 0 0 0 0 0 0 0 0 0 0 0 0 0 0 0 0
 0 0 0 0 0 0 0 0 0 0 0 0 0 0 0 0 0 0 0 0 0 0 0 0 0 0
ppred_pel_tallas
 1.12271e-16 4.24585e-05 0.000412711 0.00274261 0.0124675 0.0387912 0.0826491 0.120631 0.120643 0.0827054 0.0389817 0.0130245 0.00416567 0.00360171 0.00634004 0.0110415 0.0173584 0.0248542 0.0329971 0.0413602 0.0495507 0.0568532 0.0620027 0.0635013 0.0603872 0.0528953
 1.21701e-16 3.98031e-05 0.0003869 0.00257109 0.0116878 0.0363653 0.077481 0.113091 0.113117 0.0776073 0.0367895 0.0129145 0.00565571 0.00714003 0.0129254 0.0214732 0.0313519 0.0403893 0.0464807 0.0488664 0.0486555 0.0480308 0.0487202 0.0509114 0.0533036 0.0540444
 1.17209e-16 5.14714e-05 0.00050032 0.0033248 0.0151141 0.0470256 0.100194 0.146239 0.146257 0.10028 0.0473163 0.0159555 0.00544365 0.0051486 0.00894759 0.0148929 0.021886 0.0284686 0.0332109 0.0355309 0.0360378 0.03603 0.0365461 0.0377249 0.0388699 0.0390037
 1.06713e-16 6.45618e-05 0.000627563 0.00417038 0.018958 0.0589853 0.125675 0.183429 0.183442 0.125739 0.0592004 0.0195799 0.00573369 0.00404747 0.00658124 0.0108364 0.0157457 0.0201112 0.0227697 0.0232209 0.0219268 0.0199697 0.0183427 0.0174273 0.0169727 0.0164438
 1.044e-16 5.8078e-05 0.000564539 0.00375156 0.0170541 0.0530617 0.113054 0.165011 0.165033 0.113164 0.0534285 0.0181137 0.00641209 0.00637495 0.0111005 0.0182795 0.0263752 0.0332743 0.0368657 0.0361883 0.0319997 0.0262466 0.0208737 0.0169013 0.0143064 0.0125079
 1.03015e-16 6.5572e-05 0.000637383 0.00423564 0.0192546 0.0599083 0.127641 0.186299 0.186313 0.127709 0.0601368 0.0199153 0.0058962 0.00426934 0.00698372 0.0114951 0.0166775 0.0212335 0.0238805 0.0240188 0.0220606 0.0190968 0.0161842 0.0138282 0.0119656 0.0102929
 1.05093e-16 4.48648e-05 0.000436102 0.00289805 0.0131741 0.0409898 0.0873344 0.127474 0.12751 0.0875056 0.0415645 0.0148343 0.00706652 0.00954011 0.0173476 0.0286412 0.0413331 0.0521454 0.057763 0.0566577 0.049982 0.0407452 0.0319651 0.0252435 0.0205956 0.0172084
 1.10378e-16 4.26501e-05 0.000414574 0.00275499 0.0125238 0.0389664 0.083023 0.12118 0.121206 0.0831489 0.0393898 0.0137497 0.0058427 0.00719044 0.0130152 0.0217211 0.0319219 0.0414754 0.0481906 0.0510146 0.0505395 0.0483451 0.0457625 0.0431125 0.0399015 0.0355677
 1.12783e-16 5.0028e-05 0.00048629 0.00323157 0.0146902 0.0457069 0.0973841 0.142139 0.142159 0.0974808 0.0460318 0.0156306 0.0055991 0.00567861 0.00998273 0.0166149 0.0243855 0.0316467 0.0367644 0.0390369 0.0390788 0.0382687 0.037711 0.0375587 0.0371306 0.035553
 1.07213e-16 6.29786e-05 0.000612174 0.00406811 0.0184931 0.0575389 0.122593 0.178931 0.178945 0.122661 0.0577671 0.0191531 0.00572756 0.00424391 0.00698775 0.0115261 0.016775 0.0214804 0.024419 0.0250611 0.0238812 0.0219938 0.0204076 0.0194873 0.0189484 0.0182352
 1.02347e-16 7.05752e-05 0.000686016 0.00455882 0.0207237 0.0644793 0.13738 0.200513 0.200523 0.137432 0.0646532 0.0212263 0.0058209 0.00344282 0.00531129 0.00868248 0.0125334 0.0158326 0.0175824 0.0173307 0.0154367 0.0128164 0.0103782 0.00858791 0.00741749 0.00658015
 1.01596e-16 6.50815e-05 0.000632616 0.00420396 0.0191106 0.0594602 0.126687 0.184907 0.184924 0.126772 0.0597446 0.019932 0.00626573 0.0051328 0.0086097 0.0141252 0.0203287 0.0255365 0.0280774 0.0271796 0.0234253 0.0183518 0.0135319 0.00984895 0.00738354 0.0057643
 1.02261e-16 6.11367e-05 0.00059427 0.00394913 0.0179522 0.0558561 0.119008 0.1737 0.17372 0.119104 0.0561797 0.0188874 0.00629782 0.00572548 0.00981795 0.0161646 0.0233496 0.0295064 0.0327663 0.0322536 0.0285814 0.0233944 0.0183463 0.0143238 0.0113672 0.00909366
 1.03527e-16 5.78421e-05 0.000562246 0.00373632 0.0169848 0.0528461 0.112595 0.16434 0.164362 0.1127 0.0531979 0.0180015 0.0062907 0.00614597 0.0106844 0.0176294 0.0255247 0.0323789 0.0361931 0.0360328 0.032552 0.0274847 0.022539 0.0185762 0.0155568 0.0130282
 1.03084e-16 6.54542e-05 0.000636238 0.00422803 0.01922 0.0598007 0.127412 0.185965 0.185979 0.127481 0.0600312 0.0198865 0.00590293 0.00429914 0.00704133 0.011588 0.016806 0.0213852 0.0240321 0.024146 0.022152 0.019162 0.0162506 0.0139269 0.012115 0.0104884
 1.00533e-16 7.84957e-05 0.000763006 0.00507044 0.0230495 0.0717156 0.152798 0.223014 0.223017 0.152815 0.0717749 0.0232209 0.00550092 0.00170318 0.00186534 0.00296294 0.00426865 0.00538491 0.00596486 0.00585045 0.00516074 0.00420663 0.00329999 0.0026065 0.00212794 0.00178029
 1.01396e-16 3.53921e-05 0.000344024 0.00228616 0.0103926 0.0323355 0.0688961 0.100567 0.100619 0.0691517 0.0331935 0.0128698 0.00849972 0.0138934 0.0257241 0.0423557 0.0607403 0.075811 0.0824275 0.0782193 0.0650288 0.0477329 0.0314284 0.0191383 0.0113448 0.00696503
 1.01532e-16 7.56439e-05 0.000735286 0.00488623 0.0222121 0.0691101 0.147247 0.214911 0.214915 0.147263 0.0691671 0.0223775 0.00530439 0.00165773 0.00185557 0.00302074 0.00451303 0.0060251 0.00728559 0.00814765 0.00863317 0.0088433 0.00882166 0.00850446 0.00779683 0.00669072
 1.02026e-16 5.46066e-05 0.000530796 0.00352733 0.0160347 0.0498902 0.106297 0.15515 0.15518 0.106443 0.050379 0.0174459 0.00706737 0.00825121 0.0146951 0.0241505 0.0346525 0.0433036 0.047197 0.0450088 0.0378091 0.0283775 0.019586 0.0130889 0.00906713 0.00681205
 1.04179e-16 5.55116e-05 0.000539592 0.00358578 0.0163004 0.0507169 0.108058 0.157719 0.15774 0.108161 0.0510623 0.0172995 0.0060987 0.0060421 0.0105547 0.0174883 0.0254813 0.0326519 0.0370924 0.0378784 0.035544 0.0315823 0.0274157 0.023688 0.0203044 0.0169396
 1.0394e-16 6.41937e-05 0.000623985 0.0041466 0.0188499 0.058649 0.124958 0.182384 0.182398 0.125029 0.058886 0.0195349 0.00586843 0.00439059 0.00724088 0.0119304 0.0173255 0.0220967 0.0249332 0.0252351 0.0234477 0.0207033 0.0180715 0.0160177 0.014397 0.0128186
 1.02846e-16 6.46572e-05 0.000628491 0.00417655 0.018986 0.0590725 0.125861 0.183701 0.183717 0.12594 0.0593383 0.0197539 0.00610476 0.00484033 0.00807123 0.013261 0.0191445 0.0241769 0.0268301 0.0264036 0.0234326 0.0193041 0.015401 0.0124443 0.0104186 0.00892731
 1.06775e-16 3.04182e-05 0.000295676 0.00196487 0.00893206 0.0277912 0.0592139 0.0864344 0.0864823 0.0594479 0.028577 0.0112024 0.00766653 0.0127514 0.0237126 0.0392225 0.0566594 0.0715872 0.0794861 0.0782531 0.0694147 0.0570052 0.0450663 0.0357392 0.029061 0.0240026
 1.06478e-16 6.45058e-05 0.00062702 0.00416677 0.0189415 0.0589341 0.125566 0.183268 0.183276 0.125604 0.0590645 0.0193202 0.00512488 0.00274386 0.00415902 0.00696807 0.0104869 0.0141431 0.0173777 0.0199087 0.0218149 0.023306 0.0243903 0.0247646 0.0240188 0.0219595
 1.05788e-16 5.60871e-05 0.000545186 0.00362296 0.0164694 0.0512427 0.109179 0.159355 0.159379 0.109297 0.0516382 0.0176118 0.00649038 0.00680485 0.0119451 0.0196628 0.0283347 0.0356784 0.0394246 0.0385719 0.0340047 0.0279048 0.0224293 0.0186717 0.0165128 0.0151686
 1.08631e-16 4.11106e-05 0.00039961 0.00265555 0.0120718 0.0375599 0.0800266 0.116808 0.116841 0.0801882 0.0381028 0.0136413 0.00660111 0.00903247 0.0164942 0.0273542 0.039754 0.0507322 0.0572759 0.0579729 0.0537867 0.0472589 0.0408275 0.0356193 0.0314316 0.0275229
 1.06168e-16 6.43966e-05 0.000625958 0.00415971 0.0189095 0.0588344 0.125353 0.182959 0.18297 0.125405 0.0590091 0.0194153 0.00543453 0.00342546 0.00543014 0.0090043 0.0132695 0.0173321 0.0203213 0.0218387 0.02215 0.0218963 0.0215695 0.0211987 0.0204504 0.0189733
 1.04816e-16 5.84866e-05 0.000568511 0.00377795 0.017174 0.0534349 0.11385 0.166171 0.166193 0.113957 0.0537939 0.018211 0.00638123 0.00625288 0.0108586 0.0178717 0.0257729 0.0324899 0.0359612 0.0352625 0.0311652 0.0256087 0.0205187 0.0168855 0.0146401 0.0131413
 1.08762e-16 3.48027e-05 0.000338294 0.00224809 0.0102195 0.0317969 0.067748 0.0988886 0.0989282 0.067942 0.0324486 0.0121033 0.00698236 0.010692 0.0197534 0.0327452 0.0475039 0.0604428 0.0679058 0.0681826 0.0624617 0.0538804 0.0454899 0.0387658 0.0335456 0.0289524
pSPR Fmed_Fpbrs
0.616153   0.208699 0.208699
Fs Fmed_Fpbrs
0.260684   1.005 1.005
SSBpbr Bo_Bmed_Bpbrs
1.84638e+06  1.04534e+06  293020 293020
Ro
169629
SPR SPRFo_SPRFmed_SPRFpbrs
1.20556e+06 742807 251599
Fref
1.005
log_Ro
11.8614
likeval ReclasPelacesDesembMPH_pf_preclas_ppelaces_ptallas_desvR_qrecl_qpela
 12.681 17.9516 0.0529258 0.0026023 216.961 106.658 74.4108 0 23.5316 0 0 0.270065 0 0 0
q_reclas_q_pelaces
1 1
M
1
N
 190700 42994.7 132195 8147.57 0.273511
 108354 62376.3 13686.8 42082.4 2593.75
 106046 32162.2 17619.8 3866.19 12620
 172121 31631 9139.74 5007.14 4684.97
 137170 46038.8 7860.43 2271.26 2408.53
 240470 45260 14813.9 2529.26 1505.82
 98392.6 71814.2 12881.2 4216.12 1148.4
 43424.3 22546.1 14752.1 2646.07 1101.98
 41589 14780.5 7537.66 4931.95 1253.05
 55521.1 11278.5 3735.83 1905.17 1563.28
 104061 13587.5 2512.26 832.147 772.591
 141685 34855.4 4453.69 823.462 525.997
 117636 34824.8 7805.47 997.351 302.195
 83027.5 29628 8036.46 1801.26 299.894
 81434.1 16177.4 4984.99 1352.15 353.524
 463316 19414 3489.17 1075.17 367.884
 93034.4 122700 4765.7 856.511 354.237
 690150 27609.3 34651.1 1345.86 341.923
 412791 204558 7785.14 9770.75 475.913
 329290 111688 51557.4 1962.19 2582.59
 464037 92427.9 29451.7 13595.4 1198.43
 617686 138921 26385 8407.44 4223.13
 126199 174743 36988.2 7025.11 3362.94
 376424 39676.8 52982.2 11214.8 3149.66
 319804 120679 12322.4 16454.7 4461.19
 146295 102325 37388.6 3817.71 6480.12
 336032 48106.2 32787 11980 3299.63
 331752 108395 15054.1 10260.2 4781.53
 109456 108759 34602.4 4805.62 4801.68
pred_Ctot
 13494.3 3703.6 11387.4 701.839 0.0235605
 13462.5 9352.33 2052.11 6309.58 388.892
 12901.7 4723.95 2587.98 567.862 1853.61
 30472.3 6697.63 1935.27 1060.23 992.009
 9018.41 3687.66 629.612 181.926 192.921
 29099.4 6612.9 2164.45 369.547 220.014
 24369.4 21008.4 3768.25 1233.38 335.952
 2065.41 1310.25 857.308 153.774 64.0409
 7082.95 3014.16 1537.14 1005.76 255.533
 12143 2928.76 970.107 494.729 405.948
 5933.15 945.14 174.751 57.8836 53.741
 30710 8973.09 1146.54 211.99 135.411
 24181.7 8519.5 1909.52 243.991 73.9288
 25977.2 10816.4 2933.9 657.592 109.484
 18764.3 4416.63 1360.96 369.155 96.5163
 84257.6 4219.13 758.28 233.661 79.95
 11569.1 18412.4 715.145 128.529 53.1572
 86274.9 4164.49 5226.65 203.005 51.5744
 70766 41982.6 1597.78 2005.3 97.674
 50431.4 20542.1 9482.57 360.891 474.998
 55547.6 13361.8 4257.65 1965.41 173.251
 92142.2 24903.7 4729.91 1507.16 757.061
 11746.8 19729.1 4176.1 793.16 379.688
 30930.2 3961.46 5289.91 1119.73 314.472
 26632.8 12209.5 1246.71 1664.78 451.355
 9906.67 8439.17 3083.59 314.862 534.442
 26441.5 4602.16 3136.63 1146.09 315.665
 23044.6 9167.8 1273.23 867.78 404.41
 7667.99 9276.1 2951.25 409.873 409.537
F
 0.117516 0.144647 0.144647 0.144647 0.144647
 0.214612 0.26416 0.26416 0.26416 0.26416
 0.209738 0.25816 0.25816 0.25816 0.25816
 0.318714 0.392296 0.392296 0.392296 0.392296
 0.108798 0.133916 0.133916 0.133916 0.133916
 0.208514 0.256653 0.256653 0.256653 0.256653
 0.473402 0.582697 0.582697 0.582697 0.582697
 0.0777103 0.0956513 0.0956513 0.0956513 0.0956513
 0.304938 0.375339 0.375339 0.375339 0.375339
 0.407611 0.501716 0.501716 0.501716 0.501716
 0.0937711 0.11542 0.11542 0.11542 0.11542
 0.403279 0.496385 0.496385 0.496385 0.496385
 0.378871 0.466341 0.466341 0.466341 0.466341
 0.635558 0.78229 0.78229 0.78229 0.78229
 0.4338 0.533951 0.533951 0.533951 0.533951
 0.32867 0.404551 0.404551 0.404551 0.404551
 0.214815 0.264409 0.264409 0.264409 0.264409
 0.216056 0.265937 0.265937 0.265937 0.265937
 0.307228 0.378158 0.378158 0.378158 0.378158
 0.27051 0.332963 0.332963 0.332963 0.332963
 0.206061 0.253634 0.253634 0.253634 0.253634
 0.262662 0.323303 0.323303 0.323303 0.323303
 0.157094 0.193362 0.193362 0.193362 0.193362
 0.137581 0.169345 0.169345 0.169345 0.169345
 0.139551 0.17177 0.17177 0.17177 0.17177
 0.112216 0.138123 0.138123 0.138123 0.138123
 0.131422 0.161763 0.161763 0.161763 0.161763
 0.115253 0.141861 0.141861 0.141861 0.141861
 0.116284 0.143131 0.143131 0.143131 0.143131
nmprior
 8 9 7.5 0
nm_flota  nm_reclas  nm_pelaces    nm_pelaL
inf 12.113 15.7976 20.8186
cv_recla  cv_pelaces  cv_mph
0.337829 0.518917 1.57429
 ------------------------------------------------
Talla a la edad & desviación 
 8 13.2811 15.8009 17.003 17.5766
 0.8 1.32811 1.58009 1.7003 1.75766
