years
 1991 1992 1993 1994 1995 1996 1997 1998 1999 2000 2001 2002 2003 2004 2005 2006 2007 2008 2009 2010 2011 2012 2013 2014 2015 2016 2017
reclasobs
 0 0 0 0 0 0 0 0 0 252601 567819 844713 477998 351125 339783 2.1784e+06 2.13404e+06 4.81314e+06 1.55562e+06 2.62356e+06 3.21686e+06 3.843e+06 1.13348e+06 3.07943e+06 1.97215e+06 2.03268e+06 2.025e+06
reclaspred
 3.15023e+06 1.77181e+06 888912 883718 872785 1.42355e+06 892730 779312 567991 411314 489394 639260 627532 488918 492391 1.32882e+06 1.26698e+06 2.85888e+06 2.37402e+06 1.80482e+06 3.18351e+06 2.58785e+06 2.03366e+06 3.15848e+06 2.37601e+06 2.03579e+06 2.15379e+06
pelacesobs
 0 0 0 0 0 0 0 0 0 0 0 0 0 0 0 552880 188675 0 991730 2.46772e+06 1.41603e+06 1.21717e+06 2.29649e+06 1.80582e+06 0 1.4828e+06 1.56532e+06
pelacespred
 1.60978e+06 1.0053e+06 505244 410447 423506 713318 412694 448329 313678 214691 265037 289116 312029 255595 265020 596629 570514 1.48158e+06 1.26941e+06 895498 1.52862e+06 1.35433e+06 1.05981e+06 1.80051e+06 1.30676e+06 1.11431e+06 1.33421e+06
mphobs
 0 0 0 0 0 0 0 0 0 0 0 498337 0 5186 125008 0 168611 109162 213762 579715 649985 157893 87575 83554 0 0 0
mphpred
 3.05519e+06 2.03976e+06 1.01988e+06 549915 595955 675365 916243 562654 496205 338716 222277 373144 404242 341124 230412 291761 983585 918924 1.82298e+06 1.38809e+06 1.51955e+06 1.86675e+06 1.77172e+06 1.44744e+06 2.03405e+06 1.67698e+06 1.329e+06
desembarqueobs
 494567 514787 250237 358949 120608 361735 552515 73892 212993 205616 52469 317467 293654 387597 252695 516296 358380 742168 942051 627588 828172 859565 418607 520667 417249 300574 407403
desembarquepred
 494575 513608 250819 358973 120613 361743 552548 73896.1 213039 205658 52471.5 317528 293700 387627 252688 516257 358402 742078 941853 627462 828223 859563 418611 520683 417242 300572 407406
Reclutas
 192905 115163 105445 182164 143289 257399 105868 46259 44539.5 59610.1 111764 149534 123322 87092.2 85632.3 476699 96308 720699 424890 337178 480062 649830 131347 402561 338565 137898 274383
log_desv_Rt
 0.102837 -0.413007 -0.501171 0.0455505 -0.194497 0.39127 -0.497171 -1.3251 -1.36298 -1.07153 -0.442968 -0.151836 -0.344557 -0.692392 -0.709296 1.00753 -0.591808 1.42086 0.892471 0.661253 1.01456 1.31735 -0.281516 0.838487 0.665358 -0.232847 0.455164
SSB
 3.05519e+06 2.03976e+06 1.01988e+06 549915 595955 675365 916243 562654 496205 338716 222277 373144 404242 341124 230412 291761 983585 918924 1.82298e+06 1.38809e+06 1.51955e+06 1.86675e+06 1.77172e+06 1.44744e+06 2.03405e+06 1.67698e+06 1.329e+06
BT
 4.12685e+06 2.82411e+06 1.41264e+06 1.2475e+06 1.07131e+06 1.95417e+06 1.44312e+06 1.09936e+06 933951 693847 656094 932536 987008 994100 864270 1.7921e+06 1.59501e+06 4.07415e+06 3.83202e+06 2.62002e+06 4.20205e+06 3.91939e+06 2.80905e+06 4.63761e+06 3.39438e+06 2.8363e+06 3.4953e+06
Ftot
 0.135503 0.246905 0.241174 0.35267 0.121542 0.225062 0.516552 0.0833776 0.323816 0.42714 0.0968901 0.42875 0.40389 0.667308 0.449048 0.348226 0.243707 0.232774 0.342886 0.302215 0.228996 0.290314 0.17794 0.147584 0.153655 0.128747 0.167896
BD_Bspro_t
 0.978553 0.841486 0.677797 0.582883 0.571059 0.6474 0.646376 0.479205 0.533589 0.489883 0.455863 0.669729 0.555374 0.466109 0.358905 0.41755 0.599009 0.569827 0.66661 0.572722 0.548528 0.595788 0.609836 0.600468 0.706639 0.71432 0.71341
BD_Bspro
 2.47072 1.64954 0.824777 0.444714 0.481946 0.546165 0.740962 0.455016 0.401279 0.273918 0.179755 0.30176 0.326909 0.275866 0.186333 0.235946 0.795421 0.74313 1.47423 1.12254 1.22885 1.50964 1.43278 1.17054 1.64493 1.35617 1.07476
BD_Bo
 1.61931 1.08111 0.540558 0.291465 0.315867 0.357956 0.485626 0.298217 0.262998 0.179526 0.117811 0.197773 0.214256 0.180802 0.122123 0.154639 0.521319 0.487047 0.966211 0.735714 0.805387 0.989414 0.939046 0.76717 1.07809 0.888831 0.704394
BD_Brms
 11.8918 7.93941 3.96973 2.14045 2.31965 2.62874 3.56632 2.19004 1.93139 1.31839 0.865176 1.4524 1.57344 1.32777 0.896841 1.13563 3.82844 3.57675 7.09562 5.40291 5.91457 7.26602 6.89613 5.63392 7.91721 6.52736 5.1729
Sel_flota
 0.917043 1 1 1 1
 0.917043 1 1 1 1
 0.917043 1 1 1 1
 0.917043 1 1 1 1
 0.917043 1 1 1 1
 0.917043 1 1 1 1
 0.917043 1 1 1 1
 0.917043 1 1 1 1
 0.917043 1 1 1 1
 0.917043 1 1 1 1
 0.917043 1 1 1 1
 0.917043 1 1 1 1
 0.917043 1 1 1 1
 0.917043 1 1 1 1
 0.917043 1 1 1 1
 0.917043 1 1 1 1
 0.917043 1 1 1 1
 0.917043 1 1 1 1
 0.917043 1 1 1 1
 0.917043 1 1 1 1
 0.917043 1 1 1 1
 0.917043 1 1 1 1
 0.917043 1 1 1 1
 0.917043 1 1 1 1
 0.917043 1 1 1 1
 0.917043 1 1 1 1
 0.917043 1 1 1 1
Sel_reclas
 1 1 1 1 1
 1 1 1 1 1
 1 1 1 1 1
 1 1 1 1 1
 1 1 1 1 1
 1 1 1 1 1
 1 1 1 1 1
 1 1 1 1 1
 1 1 1 1 1
 1 1 1 1 1
 1 1 1 1 1
 1 1 1 1 1
 1 1 1 1 1
 1 1 1 1 1
 1 1 1 1 1
 1 1 1 1 1
 1 1 1 1 1
 1 1 1 1 1
 1 1 1 1 1
 1 1 1 1 1
 1 1 1 1 1
 1 1 1 1 1
 1 1 1 1 1
 1 1 1 1 1
 1 1 1 1 1
 1 1 1 1 1
 1 1 1 1 1
Sel_pelaces
 1 1 1 1 1
 1 1 1 1 1
 1 1 1 1 1
 1 1 1 1 1
 1 1 1 1 1
 1 1 1 1 1
 1 1 1 1 1
 1 1 1 1 1
 1 1 1 1 1
 1 1 1 1 1
 1 1 1 1 1
 1 1 1 1 1
 1 1 1 1 1
 1 1 1 1 1
 1 1 1 1 1
 1 1 1 1 1
 1 1 1 1 1
 1 1 1 1 1
 1 1 1 1 1
 1 1 1 1 1
 1 1 1 1 1
 1 1 1 1 1
 1 1 1 1 1
 1 1 1 1 1
 1 1 1 1 1
 1 1 1 1 1
 1 1 1 1 1
pf_obs 
 0.8446 0.082 0.0669 0.0065 0
 0.8095 0.147 0.0364 0.0071 0
 0.9664 0.0169 0.016 0.0007 0
 0.9276 0.0648 0.0075 0.0001 0
 0.7033 0.2144 0.0806 0.0017 0
 0.9318 0.0425 0.0243 0.0014 0
 0.5671 0.3108 0.0964 0.0239 0.0018
 0.0768 0.2599 0.5324 0.112 0.0189
 0.490249 0.384438 0.106611 0.0170017 0.00170017
 0.7925 0.1577 0.0466 0.003 0.0002
 0.840416 0.127587 0.0312969 0.00059994 9.999e-05
 0.8084 0.0986 0.0794 0.0134 0.0002
 0.7335 0.1905 0.0724 0.0035 0.0001
 0.4001 0.4547 0.1325 0.0127 0
 0.49795 0.308269 0.164784 0.0264974 0.00249975
 0.9179 0.0499 0.0305 0.0017 0
 0.2467 0.6533 0.0926 0.0074 0
 0.9418 0.0223 0.034 0.0019 0
 0.707729 0.231977 0.0356964 0.0245975 0
 0.517169 0.277429 0.184464 0.0207286 0.00020938
 0.811772 0.124168 0.05621 0.00726502 0.000585176
 0.764997 0.148141 0.077277 0.00933861 0.000247198
 0.163321 0.427699 0.378323 0.0303852 0.000271297
 0.753843 0.0900009 0.118128 0.0371064 0.000921714
 0.721811 0.176058 0.0630433 0.0369309 0.00215725
 0.143369 0.312575 0.442814 0.0836902 0.0175525
 0.692698 0.0596174 0.167031 0.0765114 0.00414204
pf_pred 
 0.479437 0.123575 0.374094 0.0228932 7.60992e-07
 0.460661 0.271148 0.0636653 0.192732 0.0117949
 0.583386 0.202187 0.107801 0.0253117 0.0813145
 0.76741 0.141214 0.0443454 0.023644 0.0233862
 0.681241 0.250392 0.041508 0.0130348 0.0138239
 0.779518 0.154557 0.0517857 0.00858459 0.00555486
 0.504824 0.394093 0.0708588 0.0237419 0.00648243
 0.483235 0.275472 0.192036 0.0345286 0.0147279
 0.569824 0.217624 0.113305 0.0789869 0.0202598
 0.730277 0.160443 0.0552846 0.0287837 0.0252123
 0.838989 0.120932 0.0238406 0.00821488 0.00802341
 0.758727 0.205311 0.0270102 0.00532482 0.00362684
 0.705962 0.228767 0.0555426 0.00730706 0.00242169
 0.654416 0.25148 0.0732146 0.0177759 0.00311359
 0.757516 0.165219 0.0562251 0.0163691 0.00467041
 0.942736 0.044498 0.00869848 0.00296015 0.00110769
 0.39848 0.570305 0.0242561 0.00474157 0.0022174
 0.908496 0.0386481 0.0501127 0.00213138 0.000611485
 0.627676 0.341174 0.0131566 0.0170594 0.000933726
 0.640661 0.234151 0.114715 0.00442371 0.00604992
 0.757972 0.160643 0.0530317 0.0259812 0.00237212
 0.765213 0.182075 0.0349869 0.0115499 0.00617515
 0.341184 0.515784 0.11092 0.021314 0.0107981
 0.76639 0.0847859 0.116513 0.0250564 0.00725399
 0.653821 0.270979 0.0272927 0.0375057 0.0104007
 0.442048 0.376515 0.142024 0.0143045 0.0251085
 0.723034 0.128809 0.0999781 0.0377125 0.0104656
pobs_RECLAS
 0 0 0 0 0
 0 0 0 0 0
 0 0 0 0 0
 0 0 0 0 0
 0 0 0 0 0
 0 0 0 0 0
 0 0 0 0 0
 0 0 0 0 0
 0 0 0 0 0
 0 0 0 0 0
 0.991045 0.00858322 0.000360255 1.14367e-05 0
 0.934742 0.0480273 0.0164251 0.00080598 0
 0.827803 0.169806 0.00239088 0 0
 0.941827 0.0461693 0.0120037 0 0
 0.791401 0.0380133 0.147996 0.0225897 0
 0.846168 0.0940531 0.0597789 0 0
 0.134021 0.677848 0.182769 0.00536245 0
 0.80878 0.0450904 0.141981 0.00414843 0
 0.846168 0.0940531 0.0597789 0 0
 0.905697 0.0802665 0.012482 0.00150086 5.37128e-05
 0.989698 0.0102097 9.19794e-05 0 0
 0.975433 0.0193895 0.00387452 0.00125025 5.28907e-05
 0.303575 0.632131 0.0575291 0.00676475 0
 0.966965 0.00978017 0.0227588 0.000495775 0
 0.843318 0.132988 0.00938335 0.0141283 0.000182051
 0.564624 0.303363 0.111486 0.0197234 0.00080311
 0.826376 0.0876187 0.0782897 0.00655872 0.00115652
ppred_RECLAS
 0.501335 0.118377 0.358357 0.0219302 7.2898e-07
 0.482751 0.260042 0.0610576 0.184838 0.0113118
 0.604749 0.191819 0.102274 0.0240137 0.0771448
 0.783048 0.13172 0.041364 0.0220544 0.021814
 0.699938 0.235706 0.0390733 0.0122702 0.0130131
 0.794343 0.144164 0.0483036 0.00800736 0.00518135
 0.527734 0.37586 0.0675804 0.0226434 0.00618252
 0.505031 0.263853 0.183937 0.0330722 0.0141067
 0.591601 0.206607 0.107569 0.0749884 0.0192342
 0.747752 0.150048 0.0517027 0.0269188 0.0235788
 0.850439 0.112332 0.0221453 0.00763073 0.00745287
 0.774931 0.191522 0.0251963 0.00496722 0.00338327
 0.724363 0.21445 0.0520667 0.00684978 0.00227014
 0.675322 0.236267 0.0687856 0.0167006 0.00292524
 0.77382 0.15411 0.0524448 0.0152685 0.00435639
 0.947391 0.0408804 0.0079913 0.00271949 0.00101764
 0.419902 0.549994 0.0233922 0.00457271 0.00213843
 0.915594 0.0356503 0.0462257 0.00196606 0.000564054
 0.648379 0.322203 0.012425 0.0161108 0.000881806
 0.660934 0.220941 0.108243 0.00417414 0.0057086
 0.773832 0.150116 0.0495565 0.0242787 0.00221668
 0.780841 0.169955 0.032658 0.0107811 0.00576411
 0.361234 0.500087 0.107544 0.0206654 0.0104695
 0.781731 0.0792183 0.108862 0.023411 0.00677764
 0.673415 0.255642 0.0257479 0.0353829 0.00981204
 0.463745 0.361873 0.136501 0.0137482 0.0241321
 0.740291 0.120784 0.0937488 0.0353628 0.00981348
pobs_PELACES
 0 0 0 0 0
 0 0 0 0 0
 0 0 0 0 0
 0 0 0 0 0
 0 0 0 0 0
 0 0 0 0 0
 0 0 0 0 0
 0 0 0 0 0
 0 0 0 0 0
 0 0 0 0 0
 0 0 0 0 0
 0 0 0 0 0
 0 0 0 0 0
 0 0 0 0 0
 0 0 0 0 0
 0 0 0 0 0
 0.505614 0.472636 0.0217494 0 0
 0 0 0 0 0
 0.443492 0.261883 0.143347 0.151278 0
 0.227955 0.32914 0.350689 0.0885471 0.00366901
 0.970185 0.0296113 0.000203453 0 0
 0.997202 0.00247181 0.000326279 0 0
 0.445219 0.490057 0.0546422 0.010081 0
 0.90214 0.0892962 0.00764917 0.000914606 0
 0 0 0 0 0
 0.581667 0.319106 0.0959925 0.00289975 0.000334073
 0.762889 0.0836404 0.116647 0.0363945 0.000428098
ppred_PELACES
 0.502263 0.118156 0.357691 0.0218894 7.27624e-07
 0.484439 0.259193 0.0608584 0.184234 0.0112749
 0.606326 0.191053 0.101865 0.0239179 0.076837
 0.784683 0.130727 0.0410522 0.0218881 0.0216495
 0.700636 0.235157 0.0389824 0.0122416 0.0129828
 0.795348 0.14346 0.0480676 0.00796824 0.00515603
 0.531257 0.373056 0.0670763 0.0224745 0.0061364
 0.505602 0.263549 0.183725 0.0330341 0.0140905
 0.593741 0.205525 0.107006 0.0745954 0.0191334
 0.749951 0.148739 0.0512519 0.0266841 0.0233733
 0.850776 0.112079 0.0220954 0.00761353 0.00743607
 0.776971 0.189786 0.0249678 0.00492218 0.00335259
 0.726565 0.212737 0.0516508 0.00679506 0.002252
 0.679315 0.233361 0.0679397 0.0164952 0.00288927
 0.775964 0.152649 0.0519476 0.0151238 0.00431509
 0.947864 0.0405128 0.00791943 0.00269504 0.00100849
 0.421528 0.548453 0.0233266 0.00455989 0.00213243
 0.916085 0.0354428 0.0459567 0.00195462 0.000560772
 0.650516 0.320245 0.0123495 0.0160129 0.000876447
 0.662785 0.219734 0.107652 0.00415134 0.00567742
 0.774927 0.149389 0.0493165 0.0241611 0.00220594
 0.782198 0.168903 0.0324558 0.0107144 0.00572842
 0.362359 0.499206 0.107355 0.020629 0.0104511
 0.78242 0.0789683 0.108519 0.0233371 0.00675626
 0.67434 0.254918 0.025675 0.0352827 0.00978427
 0.464622 0.361281 0.136278 0.0137257 0.0240926
 0.741174 0.120373 0.0934301 0.0352426 0.00978012
pobs_pel_tallas
 0 0 0 0 0 0 0 0 0 0 0 0 0 0 0 0 0 0 0 0 0 0 0 0 0 0
 0 0 0 0 0 0 0 0 0 0 0 0 0 0 0 0 0 0 0 0 0 0 0 0 0 0
 0 0 0 0 0 0 0 0 0 0 0 0 0 0 0 0 0 0 0 0 0 0 0 0 0 0
 0 0 0 0 0 0 0 0 0 0 0 0 0 0 0 0 0 0 0 0 0 0 0 0 0 0
 0 0 0 0 0 0 0 0 0 0 0 0 0 0 0 0 0 0 0 0 0 0 0 0 0 0
 0 0 0 0 0 0 0 0 0 0 0 0 0 0 0 0 0 0 0 0 0 0 0 0 0 0
 0 0 0 0 0 0 0 0 0 0 0 0 0 0 0 0 0 0 0 0 0 0 0 0 0 0
 0 0 0 0 0 0 0 0 0 0 0 0 0 0 0 0 0 0 0 0 0 0 0 0 0 0
 0 0 0 0 0 0 0 0 0 0 0 0 0 0 0 0 0 0 0 0 0 0 0 0 0 0
 0 0 0 0 0 0 0 0 0 0 0 0 0 0 0 0 0 0 0 0 0 0 0 0 0 0
 0 0 0 0 0 0 0 0 0 0 0 0 0 0 0 0 0 0 0 0 0 0 0 0 0 0
 0 0 0 0 0 0 0 0 0 0 0 0 0 0 0 0 0 0 0 0 0 0 0 0 0 0
 0.00862536 0 0 0.000197151 0.00414017 0.0128641 0.00837892 0.0270097 0.101434 0.158115 0.152841 0.127902 0.109271 0.109419 0.0830992 0.0579132 0.0238553 0.00714673 0.00463305 0.00128148 0.00103504 0.000492878 0.000147863 0.000147863 4.92878e-05 0
 0 0 0 0 0 0 0 0 0 0 0 0 0 0 0 0 0 0 0 0 0 0 0 0 0 0
 0 0 0 0 0 0 0 0.0054083 0.00873648 0.0413646 0.0450493 0.0745869 0.0622846 0.0627006 0.0613931 0.0827291 0.12552 0.122667 0.0946155 0.0697135 0.0546179 0.0294188 0.0215738 0.0213955 0.0102223 0.00600262
 0 0 0 0 0.00359764 0.0251062 0.0480494 0.140153 0.205849 0.193036 0.1447 0.116669 0.0760912 0.0342217 0.00950174 0.001854 0.000860785 0 0 0 0.000165536 0 0.000143464 0 0 0
 0 0 0 0 0 0 0 0.000145254 0.000435761 0.0275982 0.070085 0.0708112 0.156366 0.174668 0.174014 0.160142 0.0824315 0.0480064 0.0283245 0.00493863 0.00203355 0 0 0 0 0
 0 0 0 0 0 0 0 0 0 0 0 0 0 0 0 0 0 0 0 0 0 0 0 0 0 0
 0 0 1.00437e-05 0.000401748 0.00122533 0.00171747 0.00176769 0.0269171 0.070346 0.194647 0.189555 0.159765 0.064822 0.0314167 0.0384472 0.0292271 0.0345202 0.0313363 0.0194345 0.0106764 0.0143323 0.0359363 0.0279516 0.0138201 0.00172751 0
 0 0.0021121 0.0136068 0.0755702 0.200478 0.177729 0.0527432 0.0373336 0.0318909 0.0142505 0.0149659 0.0166563 0.0217959 0.0798694 0.0677717 0.0528807 0.04013 0.0224614 0.0357745 0.0225083 0.00881397 0.00855152 0.00135912 0.000746735 0 0
 0 0 0 0 5.4009e-05 0.00500934 0.000945158 0.0243581 0.138947 0.33067 0.221406 0.137944 0.0707744 0.0437923 0.0131692 0.00525238 0.0047753 0.00276346 9.45158e-05 9.00151e-06 2.25038e-05 9.00151e-06 4.50075e-06 0 0 0
 0.000866109 0.00284123 0.00948549 0.0512746 0.133035 0.25785 0.225252 0.132002 0.0553304 0.0519788 0.0540692 0.017754 0.00435017 0.00159236 0.00146478 0.000404838 0.000125132 0.000115318 0.000107957 0.000100596 0 0 0 0 0 0
 0 0 0 0 0.00144013 0.00171154 0.00461396 0.0210425 0.0478622 0.0707936 0.0888783 0.103762 0.0637923 0.0337046 0.0602308 0.124433 0.169614 0.0934646 0.0462172 0.0250306 0.0313229 0.00938855 0.002487 0.000210481 0 0
 0 0.00764035 0.051015 0.0998891 0.058973 0.0496711 0.0374665 0.0718981 0.12319 0.153886 0.159021 0.0857701 0.0377988 0.023471 0.0147837 0.00900784 0.00315554 0.000888139 0.00291439 0.00214683 0.00393193 0.00274676 0.000635225 9.99891e-05 0 0
 0 0 0 0 0 0 0 0 0 0 0 0 0 0 0 0 0 0 0 0 0 0 0 0 0 0
 0 0 0 0 0 0 0 0 0 0 0 0 0 0 0 0 0 0 0 0 0 0 0 0 0 0
 0 0 0 0 0 0 0 0 0 0 0 0 0 0 0 0 0 0 0 0 0 0 0 0 0 0
ppred_pel_tallas
 1.12548e-16 4.13707e-05 0.000402138 0.00267235 0.0121481 0.0377974 0.0805318 0.117541 0.117553 0.0805903 0.0379953 0.0127267 0.00415007 0.00371236 0.00657468 0.0114454 0.0179735 0.0256965 0.0340523 0.0425957 0.0509306 0.058341 0.0635499 0.0650352 0.0618153 0.0541283
 1.22207e-16 3.99027e-05 0.000387868 0.00257752 0.0117171 0.0364562 0.0776748 0.113374 0.113399 0.0777974 0.0368683 0.0129087 0.00557457 0.00695101 0.0125682 0.0208922 0.0305379 0.0394157 0.0455062 0.0480932 0.0482605 0.0481089 0.0492657 0.0518366 0.0544745 0.0553143
 1.18391e-16 4.99423e-05 0.000485457 0.00322603 0.0146651 0.0456287 0.0972174 0.141895 0.141914 0.0973081 0.0459336 0.0155478 0.00544881 0.00536125 0.00938007 0.0156157 0.0229414 0.0298279 0.0347759 0.0371808 0.0376946 0.0376974 0.0382954 0.0396394 0.0409867 0.041283
 1.07077e-16 6.46334e-05 0.000628259 0.004175 0.018979 0.0590507 0.125814 0.183632 0.183645 0.125876 0.0592584 0.0195794 0.00568455 0.00393155 0.00636209 0.0104799 0.0152465 0.0195141 0.0221712 0.0227434 0.021676 0.0200012 0.0186521 0.017964 0.0176625 0.0172082
 1.0461e-16 5.77105e-05 0.000560967 0.00372782 0.0169462 0.0527259 0.112339 0.163967 0.163989 0.11245 0.053098 0.0180212 0.0064269 0.00645536 0.0112592 0.0185413 0.0267504 0.0337423 0.0373759 0.036679 0.0324257 0.0265983 0.0211759 0.017195 0.0146259 0.0128665
 1.03096e-16 6.55118e-05 0.000636798 0.00423175 0.0192369 0.0598533 0.127524 0.186128 0.186142 0.127592 0.0600811 0.0198954 0.00588689 0.0042572 0.00696248 0.0114621 0.0166347 0.0211897 0.023851 0.0240219 0.0221115 0.019202 0.0163392 0.0140193 0.0121743 0.0105006
 1.05324e-16 4.3759e-05 0.000425353 0.00282662 0.0128494 0.0399796 0.085182 0.124333 0.124369 0.0853579 0.04057 0.0145553 0.00710983 0.00978004 0.0178232 0.0294309 0.042475 0.0535906 0.059373 0.0582537 0.0514178 0.041957 0.0329695 0.0260966 0.0213479 0.0178827
 1.11067e-16 4.16458e-05 0.000404812 0.00269012 0.0122289 0.0380488 0.081068 0.118326 0.118352 0.0811933 0.0384705 0.01345 0.00576673 0.00715925 0.0129817 0.021689 0.0319264 0.0415874 0.0485146 0.0516682 0.0516176 0.04988 0.0477001 0.0453159 0.0421829 0.0377358
 1.1386e-16 4.89057e-05 0.000475381 0.00315907 0.0143607 0.0446816 0.0951995 0.138951 0.138971 0.0952971 0.0450097 0.0153104 0.00555038 0.00572096 0.0100868 0.0167999 0.0246793 0.0320767 0.0373601 0.0398378 0.0401392 0.0396485 0.0394505 0.0396485 0.0394925 0.0380452
 1.08149e-16 6.17725e-05 0.000600451 0.00399021 0.0181389 0.056437 0.120245 0.175505 0.175519 0.120316 0.0566734 0.0188226 0.00570946 0.00436383 0.00723979 0.0119534 0.017412 0.0223284 0.0254465 0.0262276 0.0251679 0.0234164 0.0220004 0.0212689 0.0208924 0.0202633
 1.02689e-16 7.00773e-05 0.000681176 0.00452666 0.0205775 0.0640244 0.136411 0.199098 0.199109 0.136464 0.0642019 0.0210904 0.00581456 0.00349483 0.00542021 0.00886721 0.0128089 0.0161994 0.0180262 0.0178325 0.0159853 0.0134139 0.0110339 0.00930501 0.0081824 0.0073611
 1.01831e-16 6.39981e-05 0.000622085 0.00413397 0.0187924 0.0584704 0.124578 0.181829 0.181847 0.124667 0.0587704 0.0196591 0.00630913 0.00536997 0.00907965 0.0149054 0.0214566 0.0269632 0.0296654 0.0287512 0.024835 0.0195356 0.0145063 0.0106706 0.00810536 0.00641244
 1.02608e-16 5.98462e-05 0.000581727 0.00386578 0.0175733 0.0546771 0.116496 0.170034 0.170054 0.116597 0.0550142 0.0185474 0.00631245 0.00592805 0.0102287 0.016855 0.024366 0.03083 0.0343097 0.0338958 0.0302199 0.0249747 0.0198541 0.0157527 0.0126942 0.0102783
 1.04164e-16 5.59543e-05 0.000543896 0.00361438 0.0164305 0.0511214 0.10892 0.158977 0.159 0.109031 0.0514916 0.0175005 0.00630312 0.00642268 0.011248 0.0185777 0.0269227 0.0342045 0.0383326 0.0383307 0.0348807 0.0297843 0.0248018 0.0207976 0.0176971 0.0150108
 1.03786e-16 6.39152e-05 0.000621278 0.00412861 0.0187681 0.0583946 0.124416 0.181592 0.181607 0.124489 0.058637 0.019469 0.00589062 0.00447609 0.0074095 0.0122129 0.0177392 0.0226286 0.0255353 0.0258358 0.0239715 0.0210882 0.0182764 0.0160265 0.0142214 0.012501
 1.0068e-16 7.80743e-05 0.00075891 0.00504323 0.0229258 0.0713306 0.151978 0.221817 0.22182 0.151997 0.0713948 0.0231111 0.00550864 0.00177558 0.00201092 0.00320618 0.00462363 0.00584111 0.00648643 0.00639037 0.00568142 0.00469278 0.00375604 0.00304326 0.0025497 0.00218028
 1.01632e-16 3.47208e-05 0.000337499 0.0022428 0.0101955 0.0317222 0.0675895 0.0986599 0.0987126 0.0678473 0.0325876 0.012694 0.00850996 0.0140043 0.0259478 0.0427302 0.0612884 0.0765183 0.0832412 0.0790697 0.0658594 0.0485196 0.0321752 0.0198572 0.0120376 0.00761759
 1.01627e-16 7.54567e-05 0.000733466 0.00487414 0.0221571 0.0689391 0.146882 0.21438 0.214383 0.146899 0.0689965 0.0223237 0.00529516 0.00166258 0.00186933 0.00304713 0.00455888 0.00609913 0.00739784 0.00830825 0.00884953 0.00911625 0.00914194 0.00885223 0.00814533 0.00701302
 1.02193e-16 5.35822e-05 0.000520838 0.00346116 0.0157339 0.0489543 0.104303 0.15224 0.152271 0.104454 0.0494597 0.017193 0.00712136 0.00850339 0.0151915 0.0249717 0.0358333 0.0447843 0.0488213 0.0465772 0.0391596 0.0294418 0.0203904 0.0137103 0.00958199 0.00726661
 1.0454e-16 5.45928e-05 0.000530661 0.00352643 0.0160307 0.0498775 0.10627 0.155109 0.15513 0.106374 0.0502274 0.0170429 0.00607283 0.00610802 0.0107012 0.0177454 0.0258833 0.0332232 0.0378446 0.038814 0.0366593 0.0328622 0.0288208 0.0251472 0.021723 0.0182224
 1.04258e-16 6.38298e-05 0.000620448 0.0041231 0.018743 0.0583165 0.12425 0.18135 0.181364 0.124321 0.0585538 0.0194291 0.00584769 0.00439369 0.00725498 0.0119593 0.017379 0.0221901 0.0250871 0.0254748 0.0237994 0.0211864 0.0186896 0.0167522 0.0152062 0.0136451
 1.03024e-16 6.44287e-05 0.00062627 0.00416178 0.0189189 0.0588637 0.125416 0.183052 0.183068 0.125496 0.0591311 0.0196915 0.00610198 0.00486444 0.00812155 0.0133461 0.0192706 0.0243435 0.0270298 0.0266271 0.0236753 0.0195692 0.0156961 0.012775 0.0107816 0.00930882
 1.07064e-16 2.98471e-05 0.000290124 0.00192798 0.00876435 0.0272694 0.0581021 0.0848119 0.08486 0.0583376 0.0280601 0.0110488 0.00766508 0.0128238 0.0238616 0.0394741 0.0570324 0.0720784 0.0800698 0.0788942 0.0700862 0.057698 0.0457832 0.0364805 0.0298132 0.0247372
 1.06636e-16 6.44469e-05 0.000626447 0.00416296 0.0189242 0.0588803 0.125451 0.183101 0.183109 0.125489 0.0590085 0.0192965 0.00510525 0.00270914 0.00409532 0.00686604 0.0103475 0.013984 0.0172337 0.019823 0.0218251 0.0234313 0.0246272 0.0250896 0.0243969 0.022353
 1.06001e-16 5.55445e-05 0.000539913 0.00358791 0.0163101 0.050747 0.108123 0.157814 0.157838 0.108243 0.05115 0.0174742 0.0065097 0.00691823 0.0121698 0.0200353 0.0288715 0.0363546 0.0401735 0.0393094 0.0346664 0.0284701 0.0229194 0.0191266 0.0169652 0.0156283
 1.09479e-16 3.82704e-05 0.000372002 0.00247208 0.0112378 0.034965 0.074498 0.108739 0.108774 0.0746688 0.0355392 0.0128978 0.00664575 0.00950504 0.0174479 0.0289527 0.0420976 0.0537646 0.060777 0.0616452 0.0573813 0.0506535 0.0440112 0.0386154 0.0342311 0.0300692
 1.07917e-16 6.10495e-05 0.000593423 0.00394351 0.0179266 0.0557764 0.118838 0.17345 0.173462 0.118895 0.0559695 0.018486 0.00535416 0.00369445 0.00601417 0.010014 0.0148163 0.0194727 0.0230523 0.025131 0.0259879 0.0262757 0.0264483 0.0264375 0.0257959 0.0241039
pSPR Fmed_Fpbrs
0.616765   0.18617 0.18617
Fs Fmed_Fpbrs
0.243637   1.005 1.005
SSBpbr Bo_Bmed_Bpbrs
1.88673e+06  1.06933e+06  256916 256916
Ro
174053
SPR SPRFo_SPRFmed_SPRFpbrs
1.23656e+06 762666 230210
Fref
1.005
log_Ro
11.8871
likeval ReclasPelacesDesembMPH_pf_preclas_ppelaces_ptallas_desvR_qrecl_qpela
 12.7901 16.8945 0.0546827 0.00274938 191.666 92.4862 61.3776 0 21.9776 5.9047e-07 0 0.280839 0 0 0
q_reclas_q_pelaces
0.89683 1
M
1
N
 192905 45805.9 138667 8485.91 0.282079
 115163 62673.2 14715.6 44548.1 2726.28
 105445 33782 18011.8 4229.17 13586.3
 182164 31094.2 9764.52 5206.23 5149.47
 143289 48496.7 8039.38 2524.61 2677.46
 257399 47153.2 15799.1 2619.05 1694.71
 105868 77033.3 13850.8 4640.83 1267.12
 46259 24251.7 16906.3 3039.79 1296.6
 44539.5 15765.1 8208.01 5721.94 1467.65
 59610.1 12175.5 4195.37 2184.3 1913.28
 111764 14822.1 2922.04 1006.86 983.396
 149534 37620.1 4949.22 975.693 664.563
 123322 37126.9 9014.09 1185.87 393.019
 87092.2 31325 9119.83 2214.22 387.838
 85632.3 17374.7 5912.74 1721.41 491.15
 476699 20869 4079.48 1388.28 519.495
 96308 127427 5419.7 1059.44 495.449
 720699 28334 36739 1562.57 448.296
 424890 214167 8258.87 10708.8 586.134
 337178 114136 55917.2 2156.32 2949.01
 480062 94016.3 31036.8 15205.5 1388.28
 649830 143153 27507.8 9080.93 4855.11
 131347 183182 39393.6 7569.73 3834.98
 402561 41044.8 56404 12129.8 3511.65
 338565 129348 13027.7 17902.8 4964.63
 137898 108181 40806.9 4110.01 7214.25
 274383 45080.3 34990 13198.5 3662.7
pred_Ctot
 14394.2 3710.1 11231.4 687.326 0.0228473
 15024.7 8843.59 2076.47 6286.02 384.696
 13465.7 4666.86 2488.27 584.244 1876.9
 32665.5 6010.89 1887.6 1006.43 995.455
 9640.64 3543.45 587.404 184.463 195.63
 30857.3 6118.15 2049.94 339.822 219.89
 26234.2 20479.8 3682.32 1233.79 336.873
 2165.98 1234.74 860.757 154.766 66.0144
 7410.12 2830.04 1473.45 1027.17 263.463
 12605.9 2769.53 954.313 496.859 435.211
 6050.29 872.088 171.924 59.2408 57.8601
 31723.3 8584.3 1129.33 222.637 151.643
 24864.8 8057.44 1956.28 257.363 85.2947
 26467.1 10170.8 2961.08 718.924 125.926
 18890.3 4120.09 1402.09 408.199 116.467
 84539.1 3990.33 780.029 265.449 99.3316
 12416.5 17770.6 755.814 147.746 69.0937
 89105.3 3790.6 4915.05 209.046 59.9744
 74338.7 40406.8 1558.2 2020.42 110.586
 52767 19285.4 9448.29 364.351 498.291
 58471.6 12392.4 4090.99 2004.25 182.991
 98114.5 23345.4 4485.97 1480.91 791.769
 12668.2 19151.1 4118.48 791.394 400.936
 32568.9 3603.11 4951.41 1064.81 308.269
 28453.6 11792.7 1187.75 1632.21 452.628
 9801.43 8348.37 3149.07 317.17 556.724
 25063.5 4465.09 3465.67 1307.28 362.781
F
 0.124262 0.135503 0.135503 0.135503 0.135503
 0.226423 0.246905 0.246905 0.246905 0.246905
 0.221166 0.241174 0.241174 0.241174 0.241174
 0.323413 0.35267 0.35267 0.35267 0.35267
 0.111459 0.121542 0.121542 0.121542 0.121542
 0.206391 0.225062 0.225062 0.225062 0.225062
 0.4737 0.516552 0.516552 0.516552 0.516552
 0.0764608 0.0833776 0.0833776 0.0833776 0.0833776
 0.296953 0.323816 0.323816 0.323816 0.323816
 0.391706 0.42714 0.42714 0.42714 0.42714
 0.0888523 0.0968901 0.0968901 0.0968901 0.0968901
 0.393182 0.42875 0.42875 0.42875 0.42875
 0.370384 0.40389 0.40389 0.40389 0.40389
 0.61195 0.667308 0.667308 0.667308 0.667308
 0.411796 0.449048 0.449048 0.449048 0.449048
 0.319338 0.348226 0.348226 0.348226 0.348226
 0.22349 0.243707 0.243707 0.243707 0.243707
 0.213463 0.232774 0.232774 0.232774 0.232774
 0.314441 0.342886 0.342886 0.342886 0.342886
 0.277144 0.302215 0.302215 0.302215 0.302215
 0.209999 0.228996 0.228996 0.228996 0.228996
 0.26623 0.290314 0.290314 0.290314 0.290314
 0.163179 0.17794 0.17794 0.17794 0.17794
 0.135341 0.147584 0.147584 0.147584 0.147584
 0.140908 0.153655 0.153655 0.153655 0.153655
 0.118067 0.128747 0.128747 0.128747 0.128747
 0.153968 0.167896 0.167896 0.167896 0.167896
nmprior
 8 9 7.5 0
nm_flota  nm_reclas  nm_pelaces    nm_pelaL
inf 10.0134 16.2466 12.2938
cv_recla  cv_pelaces  cv_mph
0.357633 0.551454 1.61816
 ------------------------------------------------
Talla a la edad & desviación 
 8 13.2811 15.8009 17.003 17.5766
 0.8 1.32811 1.58009 1.7003 1.75766
