    unsorted:	 2.148156336e-06 1.467399712e-06 9.384473964e-05 0.001099917567 -0.1363155608 6.321031179 3.223376269 13.46631153 10.71097761 52.24838458 126.3647999 150.5906929 223.0004377 253.8878256 468.1816664 513.2252201 645.5681188 787.2113086 893.9117835 918.5431461 939.8989438 832.6494248 1047.892755 1197.657838 1268.472093 1330.411133 1491.084131 1611.718572 1770.207145 1816.532525 2042.709089 2410.502817 2263.358368 2345.805017 2468.579610 2503.023665 2737.616728 2772.177058 2941.056156 3044.071880 3667.106940 4089.511805 10251.43740 41299.23976 169205.9954 388745.6566 392130.3181 383662.2147 399360.4684 362618.3159 366253.9559 435621.0622 319043.7297 452420.4933 471870.5114 603835.5195 618564.8980 657342.6653 702457.1059 717914.7152 970246.5687 1049301.107 1122116.758 1193919.878 1508830.465 1660149.587 1788895.914 2286165.061 2347540.806 2446547.727 2572482.173 2781923.507 3260929.466 40482790.00
      sorted:	 -0.1363155608 1.467399712e-06 2.148156336e-06 9.384473964e-05 0.001099917567 3.223376269 6.321031179 10.71097761 13.46631153 52.24838458 126.3647999 150.5906929 223.0004377 253.8878256 468.1816664 513.2252201 645.5681188 787.2113086 832.6494248 893.9117835 918.5431461 939.8989438 1047.892755 1197.657838 1268.472093 1330.411133 1491.084131 1611.718572 1770.207145 1816.532525 2042.709089 2263.358368 2345.805017 2410.502817 2468.579610 2503.023665 2737.616728 2772.177058 2941.056156 3044.071880 3667.106940 4089.511805 10251.43740 41299.23976 169205.9954 319043.7297 362618.3159 366253.9559 383662.2147 388745.6566 392130.3181 399360.4684 435621.0622 452420.4933 471870.5114 603835.5195 618564.8980 657342.6653 702457.1059 717914.7152 970246.5687 1049301.107 1122116.758 1193919.878 1508830.465 1660149.587 1788895.914 2286165.061 2347540.806 2446547.727 2572482.173 2781923.507 3260929.466 40482790.00
