years
 1991 1992 1993 1994 1995 1996 1997 1998 1999 2000 2001 2002 2003 2004 2005 2006 2007 2008 2009 2010 2011 2012 2013 2014 2015 2016 2017 2018 2019 2020
reclasobs
 0 0 0 0 0 0 0 0 0 252601 567819 844713 477998 351125 339783 2.1784e+06 2.13404e+06 4.81314e+06 1.55562e+06 2.62356e+06 3.21686e+06 3.843e+06 1.13348e+06 3.07943e+06 1.97215e+06 2.03268e+06 2.025e+06 2.42433e+06 2.27542e+06 1.05018e+06
reclaspred
 3.17168e+06 1.77584e+06 897079 874772 858943 1.36763e+06 851536 753309 553657 406616 485201 630776 621701 486111 493747 1.29849e+06 1.24624e+06 2.79984e+06 2.31927e+06 1.7673e+06 3.11452e+06 2.51664e+06 1.98712e+06 3.05017e+06 2.28867e+06 2.02068e+06 2.40739e+06 2.57394e+06 2.09514e+06 1.3017e+06
pelacesobs
 0 0 0 0 0 0 0 0 0 0 0 0 0 0 0 552880 188675 0 991730 2.46772e+06 1.41603e+06 1.21717e+06 2.29649e+06 1.80582e+06 0 1.4828e+06 1.56532e+06 1.57751e+06 1.42118e+06 867257
pelacespred
 1.68786e+06 1.05098e+06 531207 422522 433453 711203 407199 449386 316958 220472 272687 296825 321790 265407 277073 606004 582834 1.5067e+06 1.28825e+06 909097 1.55371e+06 1.36637e+06 1.07475e+06 1.80394e+06 1.3055e+06 1.14872e+06 1.55976e+06 1.64653e+06 1.10294e+06 779890
mphobs
 0 0 0 0 0 0 0 0 0 0 0 498337 0 5186 125008 0 168611 109162 213762 579715 649985 157893 87575 83554 0 0 0 0 0 0
mphpred
 481876 321880 160185 87134.4 92448.4 103578 136994 83959.7 74844.8 51834.6 34602.5 57805 62612 52975.5 36061.3 45870.7 150497 141516 279128 212257 233021 285630 269873 221092 306713 252714 207703 223096 313209 210200
desembarqueobs
 494567 514787 250237 358949 120608 361735 552515 73892 212993 205616 52469 317467 293654 387597 252695 516296 358380 742168 942051 627588 828172 859565 418607 520667 417249 300574 407403 355545 319650 289779
desembarquepred
 494574 513571 250820 358978 120613 361747 552553 73896.2 213040 205658 52471.5 317531 293704 387631 252689 516257 358403 742075 941861 627461 828233 859573 418614 520688 417247 300574 407401 355531 319642 289787
Reclutas
 197840 111973 111381 179559 144001 252241 104033 47081.4 45405.2 60787.7 114282 150572 124942 87984.3 87981.5 478656 98552.9 727373 425323 340048 483037 647016 133042 399582 336829 150736 340964 383485 105333 80183.5
log_desv_Rt
 0.127847 -0.441353 -0.446655 0.0308934 -0.189794 0.370772 -0.5149 -1.30773 -1.34399 -1.05222 -0.420944 -0.145169 -0.331764 -0.682453 -0.682485 1.01137 -0.569018 1.42983 0.893238 0.669476 1.02048 1.31276 -0.268945 0.830807 0.659963 -0.144079 0.672164 0.789688 -0.502489 -0.775294
SSB
 3.19963e+06 2.13727e+06 1.06362e+06 578568 613853 687750 909637 557488 496966 344179 229759 383822 415741 351755 239445 304580 999293 939657 1.8534e+06 1.40938e+06 1.54725e+06 1.89657e+06 1.79194e+06 1.46804e+06 2.03656e+06 1.67801e+06 1.37914e+06 1.48135e+06 2.07969e+06 1.39572e+06
BT
 4.30999e+06 2.93152e+06 1.47432e+06 1.27624e+06 1.09485e+06 1.94876e+06 1.43376e+06 1.10121e+06 942324 706719 674061 950506 1.00879e+06 1.01547e+06 892465 1.81591e+06 1.62399e+06 4.13003e+06 3.87617e+06 2.65724e+06 4.2536e+06 3.95457e+06 2.84302e+06 4.64404e+06 3.39514e+06 2.91493e+06 4.01208e+06 4.15222e+06 2.8072e+06 2.08128e+06
Ftot
 0.132372 0.241232 0.235556 0.363438 0.12445 0.241652 0.537148 0.0866382 0.336008 0.437361 0.102295 0.445952 0.416795 0.692686 0.471063 0.381799 0.246848 0.250564 0.356007 0.313895 0.239782 0.305207 0.180569 0.158648 0.160326 0.129879 0.156354 0.128968 0.128413 0.189742
BD_Bspro_t
 0.979043 0.847534 0.689137 0.599225 0.583894 0.65689 0.647823 0.481133 0.538884 0.497407 0.46706 0.676777 0.563607 0.474668 0.368752 0.427937 0.603848 0.576535 0.671053 0.577817 0.55486 0.601467 0.615984 0.607682 0.709706 0.717746 0.724718 0.761726 0.80631 0.739504
BD_Bspro
 2.58183 1.72459 0.85825 0.466855 0.495326 0.554955 0.733998 0.449845 0.401009 0.277723 0.185396 0.309711 0.335467 0.283836 0.193212 0.245769 0.806343 0.758222 1.49553 1.13725 1.24849 1.53037 1.44594 1.18458 1.64333 1.35401 1.11284 1.19532 1.67813 1.12622
BD_Bo
 1.6486 1.10122 0.548027 0.298106 0.316286 0.354361 0.468688 0.287244 0.25606 0.177337 0.118383 0.197763 0.214209 0.181241 0.123373 0.156934 0.514883 0.484156 0.954958 0.726177 0.797215 0.977202 0.923293 0.756403 1.04933 0.864588 0.710596 0.763259 1.07155 0.71914
BD_Brms
 10.2862 6.87091 3.41934 1.85999 1.97342 2.21099 2.92431 1.79222 1.59765 1.10647 0.738632 1.23392 1.33653 1.13083 0.769771 0.979166 3.21254 3.02082 5.95833 4.53088 4.97411 6.09712 5.76076 4.71947 6.54715 5.39448 4.43366 4.76225 6.68581 4.48697
Sel_flota
 0.803975 1 1 1 1
 0.803975 1 1 1 1
 0.803975 1 1 1 1
 0.803975 1 1 1 1
 0.803975 1 1 1 1
 0.803975 1 1 1 1
 0.803975 1 1 1 1
 0.803975 1 1 1 1
 0.803975 1 1 1 1
 0.803975 1 1 1 1
 0.803975 1 1 1 1
 0.803975 1 1 1 1
 0.803975 1 1 1 1
 0.803975 1 1 1 1
 0.803975 1 1 1 1
 0.803975 1 1 1 1
 0.803975 1 1 1 1
 0.803975 1 1 1 1
 0.803975 1 1 1 1
 0.803975 1 1 1 1
 0.803975 1 1 1 1
 0.803975 1 1 1 1
 0.803975 1 1 1 1
 0.803975 1 1 1 1
 0.803975 1 1 1 1
 0.803975 1 1 1 1
 0.803975 1 1 1 1
 0.803975 1 1 1 1
 0.803975 1 1 1 1
 0.803975 1 1 1 1
Sel_reclas
 1 1 1 1 1
 1 1 1 1 1
 1 1 1 1 1
 1 1 1 1 1
 1 1 1 1 1
 1 1 1 1 1
 1 1 1 1 1
 1 1 1 1 1
 1 1 1 1 1
 1 1 1 1 1
 1 1 1 1 1
 1 1 1 1 1
 1 1 1 1 1
 1 1 1 1 1
 1 1 1 1 1
 1 1 1 1 1
 1 1 1 1 1
 1 1 1 1 1
 1 1 1 1 1
 1 1 1 1 1
 1 1 1 1 1
 1 1 1 1 1
 1 1 1 1 1
 1 1 1 1 1
 1 1 1 1 1
 1 1 1 1 1
 1 1 1 1 1
 1 1 1 1 1
 1 1 1 1 1
 1 1 1 1 1
Sel_pelaces
 1 1 1 1 1
 1 1 1 1 1
 1 1 1 1 1
 1 1 1 1 1
 1 1 1 1 1
 1 1 1 1 1
 1 1 1 1 1
 1 1 1 1 1
 1 1 1 1 1
 1 1 1 1 1
 1 1 1 1 1
 1 1 1 1 1
 1 1 1 1 1
 1 1 1 1 1
 1 1 1 1 1
 1 1 1 1 1
 1 1 1 1 1
 1 1 1 1 1
 1 1 1 1 1
 1 1 1 1 1
 1 1 1 1 1
 1 1 1 1 1
 1 1 1 1 1
 1 1 1 1 1
 1 1 1 1 1
 1 1 1 1 1
 1 1 1 1 1
 1 1 1 1 1
 1 1 1 1 1
 1 1 1 1 1
pf_obs 
 0.8446 0.082 0.0669 0.0065 0
 0.8095 0.147 0.0364 0.0071 0
 0.9664 0.0169 0.016 0.0007 0
 0.9276 0.0648 0.0075 0.0001 0
 0.7033 0.2144 0.0806 0.0017 0
 0.9318 0.0425 0.0243 0.0014 0
 0.5671 0.3108 0.0964 0.0239 0.0018
 0.0768 0.2599 0.5324 0.112 0.0189
 0.490249 0.384438 0.106611 0.0170017 0.00170017
 0.7925 0.1577 0.0466 0.003 0.0002
 0.840416 0.127587 0.0312969 0.00059994 9.999e-05
 0.8084 0.0986 0.0794 0.0134 0.0002
 0.7335 0.1905 0.0724 0.0035 0.0001
 0.4001 0.4547 0.1325 0.0127 0
 0.49795 0.308269 0.164784 0.0264974 0.00249975
 0.9179 0.0499 0.0305 0.0017 0
 0.2467 0.6533 0.0926 0.0074 0
 0.9418 0.0223 0.034 0.0019 0
 0.707729 0.231977 0.0356964 0.0245975 0
 0.517169 0.277429 0.184464 0.0207286 0.00020938
 0.811772 0.124168 0.05621 0.00726502 0.000585176
 0.764997 0.148141 0.077277 0.00933861 0.000247198
 0.163321 0.427699 0.378323 0.0303852 0.000271297
 0.753843 0.0900009 0.118128 0.0371064 0.000921714
 0.721811 0.176058 0.0630433 0.0369309 0.00215725
 0.143369 0.312575 0.442814 0.0836902 0.0175525
 0.692698 0.0596174 0.167031 0.0765114 0.00414204
 0.394062 0.376323 0.152708 0.0712218 0.00568511
 0.125707 0.32114 0.495352 0.0537591 0.00404204
 0.23352 0.215282 0.420074 0.123614 0.00750983
pf_pred 
 0.445162 0.124744 0.405562 0.0245314 7.82315e-07
 0.41374 0.295078 0.0654662 0.212841 0.0128746
 0.560585 0.208511 0.11622 0.0257845 0.0889002
 0.730783 0.166903 0.0485501 0.0270607 0.0267034
 0.648763 0.273627 0.0481149 0.0139961 0.0154992
 0.751088 0.174181 0.058218 0.0102371 0.00627553
 0.475069 0.416948 0.0755633 0.0252561 0.00716351
 0.455685 0.297072 0.196383 0.0355905 0.0152697
 0.54313 0.234196 0.121529 0.0803386 0.0208064
 0.706045 0.178172 0.0593516 0.0307988 0.0256329
 0.817148 0.138776 0.026715 0.00889916 0.00846135
 0.733021 0.226678 0.0305868 0.00588809 0.00382632
 0.677123 0.252733 0.059555 0.00803606 0.00255226
 0.623765 0.275693 0.0787002 0.0185452 0.00329717
 0.732237 0.185279 0.0604414 0.0172538 0.0047886
 0.933302 0.0521987 0.0100327 0.00327285 0.00119358
 0.371525 0.595769 0.0255959 0.00491958 0.00219013
 0.896296 0.0446784 0.0559542 0.00240395 0.000667739
 0.59571 0.370798 0.0144289 0.0180705 0.000992006
 0.610151 0.255974 0.122785 0.00477794 0.00631227
 0.73144 0.179645 0.0583812 0.0280041 0.0025294
 0.738518 0.203172 0.0390046 0.0126758 0.00662944
 0.313723 0.538441 0.114869 0.0220524 0.0109147
 0.738462 0.0960801 0.129815 0.0276943 0.00794819
 0.623587 0.294179 0.0302098 0.0408169 0.0112068
 0.432297 0.384536 0.143151 0.0147005 0.0253154
 0.731449 0.131641 0.0927366 0.0345232 0.00965043
 0.685862 0.243544 0.0346046 0.0243777 0.0116119
 0.330504 0.491274 0.138171 0.0196324 0.0204182
 0.41825 0.223359 0.262986 0.0739649 0.0214396
pobs_RECLAS
 0 0 0 0 0
 0 0 0 0 0
 0 0 0 0 0
 0 0 0 0 0
 0 0 0 0 0
 0 0 0 0 0
 0 0 0 0 0
 0 0 0 0 0
 0 0 0 0 0
 0 0 0 0 0
 0.991045 0.00858322 0.000360255 1.14367e-05 0
 0.934742 0.0480273 0.0164251 0.00080598 0
 0.827803 0.169806 0.00239088 0 0
 0.941827 0.0461693 0.0120037 0 0
 0.791401 0.0380133 0.147996 0.0225897 0
 0.846168 0.0940531 0.0597789 0 0
 0.134021 0.677848 0.182769 0.00536245 0
 0.80878 0.0450904 0.141981 0.00414843 0
 0.846168 0.0940531 0.0597789 0 0
 0.905697 0.0802665 0.012482 0.00150086 5.37128e-05
 0.989698 0.0102097 9.19794e-05 0 0
 0.975433 0.0193895 0.00387452 0.00125025 5.28907e-05
 0.303575 0.632131 0.0575291 0.00676475 0
 0.966965 0.00978017 0.0227588 0.000495775 0
 0.843318 0.132988 0.00938335 0.0141283 0.000182051
 0.564624 0.303363 0.111486 0.0197234 0.00080311
 0.826376 0.0876187 0.0782897 0.00655872 0.00115652
 0.89761 0.0855135 0.0140674 0.00269457 0.000114338
 0.34875 0.467042 0.161289 0.0227151 0.000203297
 0.318654 0.224769 0.449479 0.00709798 0
ppred_RECLAS
 0.50008 0.112397 0.365419 0.0221032 7.04881e-07
 0.468628 0.267452 0.0593371 0.192914 0.0116692
 0.614502 0.182926 0.101959 0.0226207 0.0779919
 0.772845 0.140826 0.0409647 0.0228328 0.0225313
 0.697202 0.235891 0.0414794 0.0120659 0.0133617
 0.790394 0.146676 0.0490247 0.00862057 0.00528455
 0.532691 0.371179 0.0672687 0.0224837 0.00637717
 0.510487 0.267162 0.176611 0.0320072 0.0137323
 0.59823 0.205951 0.106872 0.0706495 0.0182971
 0.751026 0.150908 0.0502696 0.026086 0.0217106
 0.847758 0.115545 0.0222429 0.00740944 0.00704492
 0.775231 0.19084 0.025751 0.00495718 0.00322138
 0.724692 0.215499 0.0507809 0.00685214 0.00217625
 0.677295 0.236468 0.0675028 0.0159066 0.00282805
 0.774658 0.155926 0.050866 0.0145204 0.00402997
 0.946083 0.0421962 0.00811018 0.00264569 0.00096486
 0.424902 0.54517 0.023422 0.00450175 0.00200412
 0.915275 0.0365018 0.045714 0.001964 0.000545536
 0.648688 0.322209 0.0125382 0.0157025 0.000862015
 0.662072 0.221883 0.106432 0.00414161 0.0054716
 0.772904 0.151909 0.0493676 0.0236805 0.00213888
 0.779484 0.171342 0.0328939 0.0106899 0.00559083
 0.363263 0.499573 0.106577 0.0204605 0.0101268
 0.778867 0.0812366 0.10976 0.0234158 0.00672027
 0.67391 0.25485 0.026171 0.0353601 0.00970857
 0.487009 0.347476 0.129355 0.0132837 0.0228756
 0.772595 0.111471 0.0785278 0.0292336 0.00817182
 0.731321 0.208301 0.0295969 0.02085 0.00993157
 0.380972 0.454241 0.127756 0.0181525 0.0188791
 0.47297 0.20235 0.238249 0.0670077 0.019423
pobs_PELACES
 0 0 0 0 0
 0 0 0 0 0
 0 0 0 0 0
 0 0 0 0 0
 0 0 0 0 0
 0 0 0 0 0
 0 0 0 0 0
 0 0 0 0 0
 0 0 0 0 0
 0 0 0 0 0
 0 0 0 0 0
 0 0 0 0 0
 0 0 0 0 0
 0 0 0 0 0
 0 0 0 0 0
 0 0 0 0 0
 0.505614 0.472636 0.0217494 0 0
 0 0 0 0 0
 0.443492 0.261883 0.143347 0.151278 0
 0.227955 0.32914 0.350689 0.0885471 0.00366901
 0.970185 0.0296113 0.000203453 0 0
 0.997202 0.00247181 0.000326279 0 0
 0.445219 0.490057 0.0546422 0.010081 0
 0.90214 0.0892962 0.00764917 0.000914606 0
 0 0 0 0 0
 0.581667 0.319106 0.0959925 0.00289975 0.000334073
 0.762889 0.0836404 0.116647 0.0363945 0.000428098
 0.88444 0.0763242 0.0277011 0.0115352 0
 0.521256 0.241999 0.230069 0.00667565 0
 0.616807 0.101726 0.260614 0.0208532 0
ppred_PELACES
 0.502221 0.111916 0.363855 0.0220086 7.01863e-07
 0.472515 0.265495 0.058903 0.191502 0.0115839
 0.618105 0.181216 0.101006 0.0224093 0.0772629
 0.776946 0.138284 0.0402251 0.0224206 0.0221245
 0.698899 0.234569 0.041247 0.0119982 0.0132868
 0.792972 0.144872 0.0484217 0.00851454 0.00521955
 0.54133 0.364317 0.0660251 0.0220681 0.00625928
 0.511888 0.266398 0.176106 0.0319156 0.013693
 0.603443 0.203279 0.105486 0.0697329 0.0180597
 0.756279 0.147724 0.0492091 0.0255356 0.0212525
 0.84861 0.114898 0.0221184 0.00736797 0.00700549
 0.780217 0.186606 0.0251797 0.0048472 0.00314991
 0.730038 0.211314 0.0497948 0.00671907 0.00213399
 0.68701 0.229349 0.0654707 0.0154278 0.00274291
 0.779933 0.152276 0.0496753 0.0141805 0.00393563
 0.947329 0.0412211 0.00792275 0.00258455 0.000942561
 0.428809 0.541467 0.0232629 0.00447117 0.00199051
 0.916523 0.0359639 0.0450404 0.00193506 0.000537497
 0.653918 0.317412 0.0123515 0.0154688 0.000849182
 0.6666 0.21891 0.105006 0.00408611 0.00539828
 0.775615 0.150096 0.0487783 0.0233978 0.00211335
 0.782859 0.168719 0.0323905 0.0105263 0.00550527
 0.365969 0.49745 0.106124 0.0203735 0.0100838
 0.78063 0.0805892 0.108885 0.0232291 0.00666671
 0.676185 0.253072 0.0259884 0.0351134 0.00964083
 0.489108 0.346055 0.128826 0.0132294 0.022782
 0.774367 0.110603 0.0779158 0.0290058 0.00810814
 0.732957 0.207032 0.0294167 0.0207231 0.00987109
 0.382932 0.452802 0.127351 0.018095 0.0188193
 0.476031 0.201175 0.236866 0.0666186 0.0193102
pobs_pel_tallas
 0 0 0 0 0 0 0 0 0 0 0 0 0 0 0 0 0 0 0 0 0 0 0 0 0 0
 0 0 0 0 0 0 0 0 0 0 0 0 0 0 0 0 0 0 0 0 0 0 0 0 0 0
 0 0 0 0 0 0 0 0 0 0 0 0 0 0 0 0 0 0 0 0 0 0 0 0 0 0
 0 0 0 0 0 0 0 0 0 0 0 0 0 0 0 0 0 0 0 0 0 0 0 0 0 0
 0 0 0 0 0 0 0 0 0 0 0 0 0 0 0 0 0 0 0 0 0 0 0 0 0 0
 0 0 0 0 0 0 0 0 0 0 0 0 0 0 0 0 0 0 0 0 0 0 0 0 0 0
 0 0 0 0 0 0 0 0 0 0 0 0 0 0 0 0 0 0 0 0 0 0 0 0 0 0
 0 0 0 0 0 0 0 0 0 0 0 0 0 0 0 0 0 0 0 0 0 0 0 0 0 0
 0 0 0 0 0 0 0 0 0 0 0 0 0 0 0 0 0 0 0 0 0 0 0 0 0 0
 0 0 0 0 0 0 0 0 0 0 0 0 0 0 0 0 0 0 0 0 0 0 0 0 0 0
 0 0 0 0 0 0 0 0 0 0 0 0 0 0 0 0 0 0 0 0 0 0 0 0 0 0
 0 0 0 0 0 0 0 0 0 0 0 0 0 0 0 0 0 0 0 0 0 0 0 0 0 0
 0.00862536 0 0 0.000197151 0.00414017 0.0128641 0.00837892 0.0270097 0.101434 0.158115 0.152841 0.127902 0.109271 0.109419 0.0830992 0.0579132 0.0238553 0.00714673 0.00463305 0.00128148 0.00103504 0.000492878 0.000147863 0.000147863 4.92878e-05 0
 0 0 0 0 0 0 0 0 0 0 0 0 0 0 0 0 0 0 0 0 0 0 0 0 0 0
 0 0 0 0 0 0 0 0.0054083 0.00873648 0.0413646 0.0450493 0.0745869 0.0622846 0.0627006 0.0613931 0.0827291 0.12552 0.122667 0.0946155 0.0697135 0.0546179 0.0294188 0.0215738 0.0213955 0.0102223 0.00600262
 0 0 0 0 0.00359764 0.0251062 0.0480494 0.140153 0.205849 0.193036 0.1447 0.116669 0.0760912 0.0342217 0.00950174 0.001854 0.000860785 0 0 0 0.000165536 0 0.000143464 0 0 0
 0 0 0 0 0 0 0 0.000145254 0.000435761 0.0275982 0.070085 0.0708112 0.156366 0.174668 0.174014 0.160142 0.0824315 0.0480064 0.0283245 0.00493863 0.00203355 0 0 0 0 0
 0 0 0 0 0 0 0 0 0 0 0 0 0 0 0 0 0 0 0 0 0 0 0 0 0 0
 0 0 1.00437e-05 0.000401748 0.00122533 0.00171747 0.00176769 0.0269171 0.070346 0.194647 0.189555 0.159765 0.064822 0.0314167 0.0384472 0.0292271 0.0345202 0.0313363 0.0194345 0.0106764 0.0143323 0.0359363 0.0279516 0.0138201 0.00172751 0
 0 0.0021121 0.0136068 0.0755702 0.200478 0.177729 0.0527432 0.0373336 0.0318909 0.0142505 0.0149659 0.0166563 0.0217959 0.0798694 0.0677717 0.0528807 0.04013 0.0224614 0.0357745 0.0225083 0.00881397 0.00855152 0.00135912 0.000746735 0 0
 0 0 0 0 5.4009e-05 0.00500934 0.000945158 0.0243581 0.138947 0.33067 0.221406 0.137944 0.0707744 0.0437923 0.0131692 0.00525238 0.0047753 0.00276346 9.45158e-05 9.00151e-06 2.25038e-05 9.00151e-06 4.50075e-06 0 0 0
 0.000866109 0.00284123 0.00948549 0.0512746 0.133035 0.25785 0.225252 0.132002 0.0553304 0.0519788 0.0540692 0.017754 0.00435017 0.00159236 0.00146478 0.000404838 0.000125132 0.000115318 0.000107957 0.000100596 0 0 0 0 0 0
 0 0 0 0 0.00144013 0.00171154 0.00461396 0.0210425 0.0478622 0.0707936 0.0888783 0.103762 0.0637923 0.0337046 0.0602308 0.124433 0.169614 0.0934646 0.0462172 0.0250306 0.0313229 0.00938855 0.002487 0.000210481 0 0
 0 0.00764035 0.051015 0.0998891 0.058973 0.0496711 0.0374665 0.0718981 0.12319 0.153886 0.159021 0.0857701 0.0377988 0.023471 0.0147837 0.00900784 0.00315554 0.000888139 0.00291439 0.00214683 0.00393193 0.00274676 0.000635225 9.99891e-05 0 0
 0 0 0 0 0 0 0 0 0 0 0 0 0 0 0 0 0 0 0 0 0 0 0 0 0 0
 0 0 0 0 0 0 0 0 0 0 0 0 0 0 0 0 0 0 0 0 0 0 0 0 0 0
 0 0 0 0 0 0 0 0 0 0 0 0 0 0 0 0 0 0 0 0 0 0 0 0 0 0
 0 0 0 0 0 0 0 0 0 0 0 0 0 0 0 0 0 0 0 0 0 0 0 0 0 0
 0 0 0 0 0 0 0 0 0 0 0 0 0 0 0 0 0 0 0 0 0 0 0 0 0 0
 0 0 0 0 0 0 0 0 0 0 0 0 0 0 0 0 0 0 0 0 0 0 0 0 0 0
ppred_pel_tallas
 1.12736e-16 4.13673e-05 0.000402105 0.00267213 0.0121471 0.0377942 0.080525 0.117531 0.117542 0.0805806 0.0379825 0.0126979 0.00408084 0.00356342 0.00629698 0.0109996 0.0173622 0.0249917 0.0333951 0.0421549 0.0508392 0.058644 0.0641911 0.0658851 0.0627208 0.0549587
 1.22934e-16 3.89205e-05 0.000378321 0.00251408 0.0114287 0.0355589 0.075763 0.110584 0.110609 0.0758886 0.0359809 0.0126489 0.00558303 0.00709834 0.012865 0.0213844 0.0312485 0.040316 0.0465185 0.0491283 0.0492683 0.0491077 0.0503292 0.0530456 0.0558647 0.0568491
 1.18284e-16 5.09126e-05 0.000494888 0.00328871 0.01495 0.0465151 0.099106 0.144652 0.144669 0.099192 0.0468045 0.0157878 0.00539881 0.00512477 0.00891419 0.0148444 0.0218308 0.0284326 0.0332405 0.0356908 0.036402 0.0366692 0.0375132 0.0390394 0.0405056 0.0408829
 1.07189e-16 6.3996e-05 0.000622064 0.00413384 0.0187918 0.0584684 0.124574 0.181822 0.181835 0.124639 0.058688 0.0194266 0.00572939 0.00411271 0.00671606 0.011063 0.0160795 0.0205473 0.0232836 0.0237829 0.022521 0.0206039 0.019042 0.0182151 0.0178517 0.0173879
 1.04703e-16 5.75674e-05 0.000559576 0.00371858 0.0169041 0.0525952 0.11206 0.16356 0.163583 0.112171 0.0529664 0.0179767 0.00641174 0.00644164 0.0112373 0.0185097 0.0267148 0.0337183 0.0373882 0.0367549 0.0325857 0.0268466 0.0214967 0.0175563 0.014989 0.0131968
 1.03172e-16 6.53161e-05 0.000634896 0.00421911 0.0191795 0.0596745 0.127143 0.185572 0.185586 0.127212 0.0599045 0.0198445 0.00589054 0.00429095 0.00703023 0.0115751 0.0167991 0.0214002 0.0240904 0.0242681 0.0223477 0.0194224 0.0165481 0.0142239 0.0123779 0.0106997
 1.05271e-16 4.45887e-05 0.000433418 0.00288022 0.0130931 0.0407376 0.0867971 0.12669 0.126725 0.0869688 0.0413143 0.014759 0.0070633 0.00956959 0.0174091 0.0287455 0.0414884 0.0523517 0.0580118 0.0569379 0.0502869 0.0410761 0.0323271 0.0256384 0.0210155 0.0176347
 1.10669e-16 4.21636e-05 0.000409845 0.00272357 0.0123809 0.0385219 0.0820759 0.119798 0.119823 0.0822025 0.0389478 0.0136141 0.00582984 0.00722696 0.0130952 0.0218599 0.0321353 0.0417724 0.0485726 0.0514798 0.0510882 0.0489788 0.0464769 0.0438889 0.0407045 0.036351
 1.13146e-16 4.97048e-05 0.000483149 0.00321069 0.0145954 0.0454117 0.0967551 0.141221 0.141241 0.0968516 0.0457361 0.0155345 0.00557532 0.00566975 0.00997334 0.0166048 0.0243826 0.0316686 0.0368389 0.0391989 0.0393631 0.0387004 0.0382966 0.0382808 0.0379483 0.0364088
 1.07616e-16 6.22937e-05 0.000605517 0.00402387 0.018292 0.0569131 0.12126 0.176985 0.177 0.12133 0.0571479 0.0189708 0.00573059 0.00434087 0.0071851 0.0118568 0.0172599 0.0221086 0.0251479 0.0258362 0.0246636 0.0227764 0.0212084 0.0203275 0.019831 0.0191368
 1.02593e-16 6.98989e-05 0.000679442 0.00451513 0.0205251 0.0638614 0.136064 0.198591 0.198603 0.136118 0.0640433 0.0210508 0.00583517 0.0035631 0.00555254 0.0090851 0.0131199 0.0165842 0.0184375 0.0182092 0.0162743 0.0135872 0.011091 0.00926466 0.00807074 0.00720438
 1.01794e-16 6.42655e-05 0.000624684 0.00415124 0.018871 0.0587147 0.125098 0.182589 0.182607 0.125186 0.0590097 0.0197231 0.00629017 0.00529363 0.00893044 0.0146595 0.0211049 0.0265264 0.0291943 0.0283098 0.0244751 0.0192786 0.0143417 0.0105691 0.0080356 0.00635212
 1.02527e-16 6.01323e-05 0.000584508 0.00388426 0.0176573 0.0549385 0.117053 0.170847 0.170867 0.117153 0.0552733 0.0186247 0.00631401 0.00589349 0.0101569 0.0167327 0.0241826 0.0305842 0.0340108 0.0335588 0.0298587 0.0245995 0.0194736 0.0153789 0.0123441 0.00996973
 1.0396e-16 5.65881e-05 0.000550057 0.00365532 0.0166166 0.0517005 0.110154 0.160778 0.1608 0.110262 0.0520643 0.0176681 0.00629729 0.0063262 0.0110521 0.0182485 0.0264385 0.0335743 0.0375978 0.0375476 0.0340954 0.0290181 0.0240564 0.0200721 0.0170017 0.0143686
 1.03561e-16 6.4242e-05 0.000624456 0.00414973 0.0188641 0.0586932 0.125053 0.182521 0.182536 0.125125 0.058935 0.019563 0.00590656 0.00446733 0.00738529 0.0121674 0.0176619 0.0225064 0.025353 0.0255767 0.0236207 0.0206377 0.0177323 0.0154122 0.0135757 0.0118693
 1.00658e-16 7.80302e-05 0.000758482 0.00504038 0.0229128 0.0712903 0.151892 0.221691 0.221695 0.151911 0.0713556 0.0231014 0.00551386 0.00179273 0.00204414 0.00326086 0.00470165 0.00593753 0.00658928 0.00648419 0.00575284 0.00473477 0.00376867 0.00303152 0.0025206 0.0021408
 1.01596e-16 3.53205e-05 0.000343328 0.00228154 0.0103716 0.0322701 0.0687568 0.100363 0.100416 0.0690113 0.0331245 0.0128383 0.00846894 0.0138362 0.0256189 0.0421872 0.0605102 0.0755484 0.0821889 0.0780744 0.0650361 0.0479193 0.031782 0.0196161 0.0118877 0.00751377
 1.01595e-16 7.54928e-05 0.000733817 0.00487647 0.0221677 0.0689721 0.146952 0.214482 0.214486 0.14697 0.0690302 0.0223365 0.0053031 0.00167495 0.00189147 0.0030818 0.00460448 0.00614745 0.00743429 0.00831578 0.00881499 0.00903579 0.00902285 0.00871037 0.00799983 0.0068807
 1.02133e-16 5.38624e-05 0.000523562 0.00347926 0.0158162 0.0492103 0.104849 0.153036 0.153067 0.104998 0.0497112 0.0172624 0.00710708 0.00843551 0.0150578 0.0247508 0.0355159 0.0443867 0.0483857 0.0461572 0.0387978 0.0291548 0.0201689 0.0135316 0.00942459 0.00711889
 1.0441e-16 5.4907e-05 0.000533715 0.00354673 0.0161229 0.0501645 0.106882 0.156001 0.156022 0.106985 0.0505131 0.0171311 0.00608276 0.0060878 0.0106554 0.0176644 0.0257555 0.033039 0.037598 0.0385015 0.0362801 0.0324207 0.028331 0.0246351 0.0212228 0.0177684
 1.04151e-16 6.38864e-05 0.000620998 0.00412675 0.0187596 0.0583682 0.12436 0.18151 0.181525 0.124431 0.0586066 0.0194488 0.00585914 0.00441105 0.00728627 0.0120091 0.0174465 0.0222655 0.0251516 0.0255048 0.0237733 0.0210917 0.018526 0.0165313 0.014948 0.0133738
 1.02966e-16 6.44831e-05 0.000626798 0.0041653 0.0189348 0.0589134 0.125522 0.183206 0.183222 0.125601 0.0591805 0.0197066 0.00610334 0.00486024 0.00811251 0.0133307 0.0192477 0.0243129 0.0269921 0.0265831 0.0236242 0.0195084 0.0156224 0.0126861 0.0106779 0.00919458
 1.0694e-16 3.01445e-05 0.000293015 0.00194719 0.00885167 0.0275411 0.058681 0.0856567 0.0857047 0.0589156 0.0283289 0.011128 0.00766376 0.0127816 0.0237755 0.0393292 0.0568185 0.0717987 0.0797414 0.0785402 0.0697253 0.0573382 0.0454246 0.0361224 0.0294608 0.0244021
 1.06621e-16 6.42995e-05 0.000625014 0.00415344 0.0188809 0.0587456 0.125164 0.182682 0.18269 0.125203 0.0588764 0.0192606 0.00511434 0.00274835 0.00417239 0.00699378 0.0105317 0.0142158 0.017489 0.0200702 0.022037 0.0235934 0.0247386 0.0251577 0.024431 0.0223615
 1.05968e-16 5.56965e-05 0.00054139 0.00359773 0.0163548 0.0508859 0.108419 0.158245 0.15827 0.108538 0.051286 0.0175104 0.00649855 0.00687405 0.0120836 0.0198934 0.0286693 0.0361045 0.0399055 0.0390611 0.0344674 0.0283312 0.0228322 0.0190715 0.0169217 0.0155829
 1.08989e-16 4.02873e-05 0.000391607 0.00260236 0.01183 0.0368077 0.0784239 0.114469 0.114502 0.0785875 0.0373576 0.0134199 0.0065995 0.00913795 0.0167116 0.0277218 0.0403002 0.0514538 0.0581367 0.0589216 0.0547813 0.0482795 0.0418693 0.0366734 0.0324722 0.0285089
 1.06558e-16 6.37836e-05 0.00062 0.00412012 0.0187295 0.0582744 0.12416 0.181218 0.181228 0.124213 0.0584515 0.0192425 0.00541308 0.00346011 0.00550958 0.00914432 0.0134896 0.0176481 0.0207447 0.0223801 0.0228214 0.0227066 0.0225136 0.0222475 0.0215492 0.0200518
 1.04651e-16 6.03727e-05 0.000586844 0.00389979 0.0177279 0.0551581 0.117521 0.171529 0.171549 0.117619 0.0554857 0.018674 0.00627515 0.00577383 0.00991634 0.0163123 0.0235293 0.0296747 0.0328715 0.0322809 0.0286085 0.0236218 0.0190703 0.0158451 0.0138682 0.0125411
 1.08791e-16 3.15417e-05 0.000306597 0.00203745 0.00926196 0.0288176 0.0614006 0.0896252 0.0896689 0.0616144 0.0295358 0.0113375 0.00725238 0.0117072 0.0217315 0.0360026 0.0521546 0.0662037 0.0740879 0.0739134 0.0670238 0.0569611 0.0472054 0.0394959 0.0337193 0.0289035
 1.16836e-16 3.92101e-05 0.000381136 0.00253278 0.0115137 0.0358234 0.0763263 0.111405 0.111424 0.0764229 0.0361488 0.0124579 0.00491999 0.00564886 0.0102099 0.0172537 0.0258774 0.0347052 0.042323 0.0480515 0.052187 0.0554204 0.0579579 0.0591616 0.0579943 0.0538144
pSPR Fmed_Fpbrs
0.64202   0.210273 0.210273
Fs Fmed_Fpbrs
0.237966   1.005 1.005
SSBpbr Bo_Bmed_Bpbrs
1.94082e+06  1.149e+06  311060 311060
Ro
174097
SPR SPRFo_SPRFmed_SPRFpbrs
1.23929e+06 795648 260589
Fref
1.005
log_Ro
11.8874
likeval ReclasPelacesDesembMPH_pf_preclas_ppelaces_ptallas_desvR_qrecl_qpela
 13.4527 17.1512 0.0566199 0.00081823 228.752 118.155 82.2573 0 23.977 1.06036e-06 0 0.28948 0 0 0
q_reclas_q_pelaces
0.864229 1
M
1
N
 197840 45046.7 146454 8858.61 0.282504
 111973 65433.5 14517.1 47197.4 2854.94
 111381 33930.5 18912.1 4195.85 14466.5
 179559 33905.4 9862.69 5497.25 5424.65
 144001 49319 8672.33 2522.68 2793.6
 252241 47931 16020.4 2817.04 1726.89
 104033 76409.1 13847.6 4628.39 1312.77
 47081.4 24850 16427.4 2977.14 1277.31
 45405.2 16154.9 8383.12 5541.78 1435.23
 60787.7 12749.4 4247.01 2203.86 1834.21
 114282 15733 3028.67 1008.89 959.259
 150572 38722.7 5225.05 1005.84 653.639
 124942 38702.7 9120.03 1230.61 390.845
 87984.3 32876.4 9385.01 2211.52 393.187
 87981.5 18546 6050.07 1727.07 479.33
 478656 22162.5 4259.68 1389.59 506.769
 98552.9 129545 5565.6 1069.72 476.225
 727373 29729.3 37232.4 1599.61 444.319
 425323 218764 8512.79 10661.2 585.264
 340048 117522 56372.7 2193.64 2898.08
 483037 97195.5 31586.6 15151.4 1368.51
 647016 146542 28133 9142.67 4781.63
 133042 186232 39730 7627.31 3775.11
 399582 42329.9 57192.5 12201.2 3501.73
 336829 129395 13287.8 17953.3 4929.32
 150736 108927 40550.3 4164.18 7171.05
 340964 49954.5 35191.3 13100.7 3662.1
 383485 110617 15717.3 11072.3 5274.09
 105333 127181 35769.8 5082.44 5285.87
 80183.5 34948.7 41149 11573.2 3354.63
pred_Ctot
 12735.8 3568.85 11602.9 701.828 0.0223816
 12677.3 9041.39 2005.93 6521.57 394.485
 12336.2 4588.47 2557.51 567.411 1956.33
 29450.3 6726.14 1956.55 1090.54 1076.14
 8737.94 3685.37 648.041 188.507 208.752
 28603.7 6633.36 2217.12 389.861 238.991
 23882.1 20960.3 3798.62 1269.64 360.115
 2013.91 1312.91 867.92 157.293 67.4848
 6945.44 2994.85 1554.09 1027.35 266.068
 11721 2957.83 985.296 511.291 425.532
 5741.95 975.155 187.722 62.5328 59.4564
 29523.8 9129.87 1231.94 237.154 154.112
 23107.4 8624.71 2032.36 274.237 87.098
 24838 10978 3133.8 738.46 131.292
 18079.9 4574.77 1492.38 426.019 118.237
 81993.6 4585.83 881.404 287.53 104.86
 11396.9 18275.8 785.178 150.912 67.1844
 85278.8 4250.96 5323.81 228.726 63.5326
 68494.5 42634.2 1659.03 2077.74 114.06
 48937.3 20530.4 9847.96 383.215 506.277
 54384.8 13357.1 4340.81 2082.19 188.068
 90789.1 24976.8 4795 1558.28 814.985
 11499.6 19736.7 4210.55 808.336 400.083
 30563.7 3976.6 5372.84 1146.22 328.963
 26022 12276 1260.64 1703.27 467.654
 9528.61 8475.86 3155.31 324.025 557.997
 25722.4 4629.33 3261.21 1214.05 339.37
 24078.7 8550.16 1214.87 855.835 407.663
 6586.48 9790.41 2753.56 391.246 406.907
 7260.98 3877.61 4565.54 1284.06 372.2
F
 0.106424 0.132372 0.132372 0.132372 0.132372
 0.193945 0.241232 0.241232 0.241232 0.241232
 0.189381 0.235556 0.235556 0.235556 0.235556
 0.292195 0.363438 0.363438 0.363438 0.363438
 0.100055 0.12445 0.12445 0.12445 0.12445
 0.194282 0.241652 0.241652 0.241652 0.241652
 0.431854 0.537148 0.537148 0.537148 0.537148
 0.069655 0.0866382 0.0866382 0.0866382 0.0866382
 0.270142 0.336008 0.336008 0.336008 0.336008
 0.351628 0.437361 0.437361 0.437361 0.437361
 0.0822426 0.102295 0.102295 0.102295 0.102295
 0.358534 0.445952 0.445952 0.445952 0.445952
 0.335093 0.416795 0.416795 0.416795 0.416795
 0.556902 0.692686 0.692686 0.692686 0.692686
 0.378723 0.471063 0.471063 0.471063 0.471063
 0.306957 0.381799 0.381799 0.381799 0.381799
 0.198459 0.246848 0.246848 0.246848 0.246848
 0.201447 0.250564 0.250564 0.250564 0.250564
 0.286221 0.356007 0.356007 0.356007 0.356007
 0.252364 0.313895 0.313895 0.313895 0.313895
 0.192779 0.239782 0.239782 0.239782 0.239782
 0.245379 0.305207 0.305207 0.305207 0.305207
 0.145173 0.180569 0.180569 0.180569 0.180569
 0.127549 0.158648 0.158648 0.158648 0.158648
 0.128898 0.160326 0.160326 0.160326 0.160326
 0.104419 0.129879 0.129879 0.129879 0.129879
 0.125705 0.156354 0.156354 0.156354 0.156354
 0.103687 0.128968 0.128968 0.128968 0.128968
 0.103241 0.128413 0.128413 0.128413 0.128413
 0.152548 0.189742 0.189742 0.189742 0.189742
nmprior
 8 9 7.5 0
nm_flota  nm_reclas  nm_pelaces    nm_pelaL
inf 12.3769 15.8336 27.5103
cv_recla  cv_pelaces  cv_mph
0.339571 0.487318 0.882761
 ------------------------------------------------
Talla a la edad & desviación 
 8 13.2811 15.8009 17.003 17.5766
 0.8 1.32811 1.58009 1.7003 1.75766
