years
 1991 1992 1993 1994 1995 1996 1997 1998 1999 2000 2001 2002 2003 2004 2005 2006 2007 2008 2009 2010 2011 2012 2013 2014 2015 2016 2017 2018 2019
reclasobs
 0 0 0 0 0 0 0 0 0 252601 567819 844713 477998 351125 339783 2.1784e+06 2.13404e+06 4.81314e+06 1.55562e+06 2.62356e+06 3.21686e+06 3.843e+06 1.13348e+06 3.07943e+06 1.97215e+06 2.03268e+06 2.025e+06 2.42433e+06 2.27542e+06
reclaspred
 3.25154e+06 2.44396e+06 1.8637e+06 2.03338e+06 2.12393e+06 2.44821e+06 2.04825e+06 2.88585e+06 3.02079e+06 3.20922e+06 2.35082e+06 2.36334e+06 2.17929e+06 2.03981e+06 2.10577e+06 2.14818e+06 2.23995e+06 2.59155e+06 1.49046e+06 1.09757e+06 1.75595e+06 1.10098e+06 1.38763e+06 2.08958e+06 1.84849e+06 2.22907e+06 2.40291e+06 2.01943e+06 2.41727e+06
pelacesobs
 0 0 0 0 0 0 0 0 0 0 0 0 0 0 0 552880 188675 0 991730 2.46772e+06 1.41603e+06 1.21717e+06 2.29649e+06 1.80582e+06 0 1.4828e+06 1.56532e+06 1.57751e+06 1.42118e+06
pelacespred
 1.49429e+06 1.21855e+06 915280 880648 996037 1.13255e+06 964223 1.4921e+06 1.65393e+06 1.64312e+06 1.34636e+06 1.13388e+06 1.10142e+06 1.1247e+06 1.16655e+06 1.02036e+06 1.02138e+06 1.12199e+06 732414 475517 691330 484720 638664 1.02695e+06 924142 1.08677e+06 1.30265e+06 1.16201e+06 1.10104e+06
mphobs
 0 0 0 0 0 0 0 0 0 0 0 498337 0 5186 125008 0 168611 109162 213762 579715 649985 157893 87575 83554 0 0 0 0 0
mphpred
 2.8795e+06 2.29584e+06 1.73061e+06 1.4878e+06 1.67596e+06 1.81504e+06 1.85842e+06 1.69934e+06 2.39136e+06 2.72768e+06 2.19343e+06 1.98093e+06 1.80072e+06 1.58824e+06 1.52879e+06 1.89125e+06 1.63371e+06 2.03155e+06 1.52552e+06 903784 1.06958e+06 1.11168e+06 768411 1.31603e+06 1.68346e+06 1.47641e+06 1.86361e+06 1.66517e+06 1.92202e+06
desembarqueobs
 494567 514787 250237 358949 120608 361735 552515 73892 212993 205616 52469 317467 293654 387597 252695 516296 358380 742168 942051 627588 828172 859565 418607 520667 417249 300574 407403 355545 319650
desembarquepred
 493743 495580 259441 359066 120638 361834 552699 73910.7 213089 205716 52484.6 317691 293848 387897 252829 516566 358460 741812 940375 626604 827390 858179 418598 520766 417330 300649 407499 355588 319710
Reclutas
 317229 317229 317229 317229 317229 317229 317229 317229 317229 317229 317229 317229 317229 317229 317229 317229 317229 317229 317229 317229 317229 317229 317229 317229 317229 317229 317229 317229 317229
log_desv_Rt
 0 0 0 0 0 0 0 0 0 0 0 0 0 0 0 0 0 0 0 0 0 0 0 0 0 0 0 0 0
SSB
 2.8795e+06 2.29584e+06 1.73061e+06 1.4878e+06 1.67596e+06 1.81504e+06 1.85842e+06 1.69934e+06 2.39136e+06 2.72768e+06 2.19343e+06 1.98093e+06 1.80072e+06 1.58824e+06 1.52879e+06 1.89125e+06 1.63371e+06 2.03155e+06 1.52552e+06 903784 1.06958e+06 1.11168e+06 768411 1.31603e+06 1.68346e+06 1.47641e+06 1.86361e+06 1.66517e+06 1.92202e+06
BT
 4.21925e+06 3.69801e+06 2.58186e+06 2.77671e+06 2.77699e+06 3.57413e+06 3.09599e+06 4.95227e+06 5.12075e+06 4.66e+06 3.69315e+06 3.35604e+06 3.39412e+06 3.91685e+06 3.9526e+06 3.25302e+06 3.26497e+06 3.78938e+06 3.13662e+06 2.01006e+06 2.90036e+06 2.25264e+06 2.5615e+06 3.88763e+06 2.9323e+06 3.67188e+06 4.43285e+06 3.97382e+06 3.25301e+06
Ftot
 0.144023 0.191555 0.132162 0.167242 0.054277 0.140297 0.253617 0.0245337 0.067365 0.0612184 0.0213887 0.127698 0.128113 0.180074 0.114299 0.226544 0.151834 0.268618 0.57547 0.524987 0.436376 0.701673 0.283788 0.235131 0.213014 0.128235 0.160802 0.166959 0.125669
BD_Bspro_t
 0.97722 0.859815 0.777463 0.767363 0.779934 0.830792 0.800349 0.749032 0.857869 0.888716 0.891561 0.913756 0.856711 0.815636 0.799095 0.813067 0.737915 0.770451 0.655819 0.504846 0.495728 0.487434 0.43114 0.597055 0.678317 0.698698 0.778704 0.781516 0.800908
BD_Bspro
 1.2772 1.01831 0.767608 0.659909 0.74337 0.805056 0.824299 0.753737 1.06068 1.20986 0.972893 0.878639 0.798705 0.704462 0.67809 0.838862 0.72463 0.901089 0.67664 0.400872 0.47441 0.493082 0.340827 0.58372 0.746696 0.654859 0.826602 0.738581 0.852506
BD_Bo
 1.20257 0.958814 0.722757 0.62135 0.699935 0.758016 0.776135 0.709696 0.998708 1.13916 0.916047 0.8273 0.752036 0.6633 0.638469 0.789847 0.682289 0.848438 0.637104 0.377449 0.44669 0.464272 0.320912 0.549613 0.703067 0.616595 0.778303 0.695426 0.802694
BD_Brms
 5.10244 4.0682 3.06662 2.63636 2.96979 3.21622 3.2931 3.0112 4.23747 4.83342 3.88674 3.51019 3.19085 2.81435 2.70899 3.35128 2.89492 3.59988 2.7032 1.60149 1.89528 1.96988 1.36162 2.33198 2.98308 2.61618 3.3023 2.95066 3.40579
Sel_flota
 0.5 1 1 1 1
 0.5 1 1 1 1
 0.5 1 1 1 1
 0.5 1 1 1 1
 0.5 1 1 1 1
 0.5 1 1 1 1
 0.5 1 1 1 1
 0.5 1 1 1 1
 0.5 1 1 1 1
 0.5 1 1 1 1
 0.5 1 1 1 1
 0.5 1 1 1 1
 0.5 1 1 1 1
 0.5 1 1 1 1
 0.5 1 1 1 1
 0.5 1 1 1 1
 0.5 1 1 1 1
 0.5 1 1 1 1
 0.5 1 1 1 1
 0.5 1 1 1 1
 0.5 1 1 1 1
 0.5 1 1 1 1
 0.5 1 1 1 1
 0.5 1 1 1 1
 0.5 1 1 1 1
 0.5 1 1 1 1
 0.5 1 1 1 1
 0.5 1 1 1 1
 0.5 1 1 1 1
Sel_reclas
 0.5 1 1 1 1
 0.5 1 1 1 1
 0.5 1 1 1 1
 0.5 1 1 1 1
 0.5 1 1 1 1
 0.5 1 1 1 1
 0.5 1 1 1 1
 0.5 1 1 1 1
 0.5 1 1 1 1
 0.5 1 1 1 1
 0.5 1 1 1 1
 0.5 1 1 1 1
 0.5 1 1 1 1
 0.5 1 1 1 1
 0.5 1 1 1 1
 0.5 1 1 1 1
 0.5 1 1 1 1
 0.5 1 1 1 1
 0.5 1 1 1 1
 0.5 1 1 1 1
 0.5 1 1 1 1
 0.5 1 1 1 1
 0.5 1 1 1 1
 0.5 1 1 1 1
 0.5 1 1 1 1
 0.5 1 1 1 1
 0.5 1 1 1 1
 0.5 1 1 1 1
 0.5 1 1 1 1
Sel_pelaces
 0.5 1 1 1 1
 0.5 1 1 1 1
 0.5 1 1 1 1
 0.5 1 1 1 1
 0.5 1 1 1 1
 0.5 1 1 1 1
 0.5 1 1 1 1
 0.5 1 1 1 1
 0.5 1 1 1 1
 0.5 1 1 1 1
 0.5 1 1 1 1
 0.5 1 1 1 1
 0.5 1 1 1 1
 0.5 1 1 1 1
 0.5 1 1 1 1
 0.5 1 1 1 1
 0.5 1 1 1 1
 0.5 1 1 1 1
 0.5 1 1 1 1
 0.5 1 1 1 1
 0.5 1 1 1 1
 0.5 1 1 1 1
 0.5 1 1 1 1
 0.5 1 1 1 1
 0.5 1 1 1 1
 0.5 1 1 1 1
 0.5 1 1 1 1
 0.5 1 1 1 1
 0.5 1 1 1 1
pf_obs 
 0.8446 0.082 0.0669 0.0065 0
 0.8095 0.147 0.0364 0.0071 0
 0.9664 0.0169 0.016 0.0007 0
 0.9276 0.0648 0.0075 0.0001 0
 0.7033 0.2144 0.0806 0.0017 0
 0.9318 0.0425 0.0243 0.0014 0
 0.5671 0.3108 0.0964 0.0239 0.0018
 0.0768 0.2599 0.5324 0.112 0.0189
 0.490249 0.384438 0.106611 0.0170017 0.00170017
 0.7925 0.1577 0.0466 0.003 0.0002
 0.840416 0.127587 0.0312969 0.00059994 9.999e-05
 0.8084 0.0986 0.0794 0.0134 0.0002
 0.7335 0.1905 0.0724 0.0035 0.0001
 0.4001 0.4547 0.1325 0.0127 0
 0.49795 0.308269 0.164784 0.0264974 0.00249975
 0.9179 0.0499 0.0305 0.0017 0
 0.2467 0.6533 0.0926 0.0074 0
 0.9418 0.0223 0.034 0.0019 0
 0.707729 0.231977 0.0356964 0.0245975 0
 0.517169 0.277429 0.184464 0.0207286 0.00020938
 0.811772 0.124168 0.05621 0.00726502 0.000585176
 0.764997 0.148141 0.077277 0.00933861 0.000247198
 0.163321 0.427699 0.378323 0.0303852 0.000271297
 0.753843 0.0900009 0.118128 0.0371064 0.000921714
 0.721811 0.176058 0.0630433 0.0369309 0.00215725
 0.143369 0.312575 0.442814 0.0836902 0.0175525
 0.692698 0.0596174 0.167031 0.0765114 0.00414204
 0.394062 0.376323 0.152708 0.0712218 0.00568511
 0.125707 0.32114 0.495352 0.0537591 0.00404204
pf_pred 
 0.424987 0.363477 0.133716 0.0491913 0.0286282
 0.479524 0.315758 0.129407 0.0476062 0.0277057
 0.503956 0.327914 0.101999 0.0418023 0.024328
 0.504883 0.336051 0.105152 0.0327079 0.0212059
 0.504687 0.337717 0.106965 0.0334699 0.0171608
 0.49217 0.342438 0.112768 0.0357171 0.0169063
 0.5065 0.330104 0.110181 0.0362835 0.0169317
 0.516511 0.333061 0.100622 0.0335851 0.016221
 0.487857 0.349658 0.111931 0.0338157 0.0167382
 0.484517 0.340336 0.11958 0.0382792 0.0172889
 0.4804 0.341279 0.117732 0.041366 0.0192226
 0.478423 0.339251 0.119754 0.0413117 0.0212603
 0.493756 0.331971 0.113353 0.0400129 0.020907
 0.501592 0.333685 0.108017 0.036883 0.0198222
 0.50861 0.334049 0.10534 0.0340997 0.0179011
 0.50664 0.336285 0.10678 0.0336725 0.0166223
 0.519009 0.330545 0.102547 0.0325616 0.0153369
 0.517502 0.334361 0.101802 0.0315827 0.0147519
 0.54835 0.315792 0.094147 0.0286647 0.0130466
 0.598665 0.298391 0.071978 0.0214588 0.0095072
 0.599628 0.311475 0.0660948 0.0159434 0.00685909
 0.598926 0.310331 0.0705949 0.0149802 0.00516813
 0.616873 0.301879 0.0628658 0.0143009 0.00408158
 0.561022 0.341551 0.0767663 0.0159864 0.00467456
 0.539076 0.337732 0.0958508 0.0215433 0.00579819
 0.52555 0.338583 0.0995536 0.028254 0.00805946
 0.510724 0.341045 0.105783 0.0311034 0.0113454
 0.511277 0.335487 0.106812 0.0331301 0.0132945
 0.510296 0.336588 0.105107 0.0334637 0.0145447
pobs_RECLAS
 0 0 0 0 0
 0 0 0 0 0
 0 0 0 0 0
 0 0 0 0 0
 0 0 0 0 0
 0 0 0 0 0
 0 0 0 0 0
 0 0 0 0 0
 0 0 0 0 0
 0 0 0 0 0
 0.991045 0.00858322 0.000360255 1.14367e-05 0
 0.934742 0.0480273 0.0164251 0.00080598 0
 0.827803 0.169806 0.00239088 0 0
 0.941827 0.0461693 0.0120037 0 0
 0.791401 0.0380133 0.147996 0.0225897 0
 0.846168 0.0940531 0.0597789 0 0
 0.134021 0.677848 0.182769 0.00536245 0
 0.80878 0.0450904 0.141981 0.00414843 0
 0.846168 0.0940531 0.0597789 0 0
 0.905697 0.0802665 0.012482 0.00150086 5.37128e-05
 0.989698 0.0102097 9.19794e-05 0 0
 0.975433 0.0193895 0.00387452 0.00125025 5.28907e-05
 0.303575 0.632131 0.0575291 0.00676475 0
 0.966965 0.00978017 0.0227588 0.000495775 0
 0.843318 0.132988 0.00938335 0.0141283 0.000182051
 0.564624 0.303363 0.111486 0.0197234 0.00080311
 0.826376 0.0876187 0.0782897 0.00655872 0.00115652
 0.89761 0.0855135 0.0140674 0.00269457 0.000114338
 0.34875 0.467042 0.161289 0.0227151 0.000203297
ppred_RECLAS
 0.426581 0.36247 0.133345 0.049055 0.0285489
 0.481754 0.314404 0.128853 0.0474022 0.027587
 0.50544 0.326934 0.101694 0.0416773 0.0242552
 0.506803 0.334748 0.104744 0.032581 0.0211237
 0.505265 0.337323 0.106841 0.0334309 0.0171408
 0.493753 0.341371 0.112417 0.0356058 0.0168536
 0.509572 0.32805 0.109495 0.0360576 0.0168264
 0.516767 0.332885 0.100569 0.0335673 0.0162124
 0.48858 0.349164 0.111773 0.0337679 0.0167145
 0.485171 0.339903 0.119428 0.0382306 0.017267
 0.480623 0.341133 0.117681 0.0413483 0.0192144
 0.47985 0.338323 0.119426 0.0411987 0.0212022
 0.49519 0.331031 0.113032 0.0398995 0.0208478
 0.503677 0.33229 0.107566 0.0367287 0.0197393
 0.509877 0.333188 0.105068 0.0340118 0.0178549
 0.509339 0.334446 0.106196 0.0334882 0.0165314
 0.520733 0.329361 0.10218 0.032445 0.015282
 0.52078 0.332089 0.101111 0.0313681 0.0146517
 0.556558 0.310053 0.092436 0.0281438 0.0128095
 0.605741 0.29313 0.070709 0.0210805 0.00933959
 0.605244 0.307106 0.0651677 0.0157198 0.00676288
 0.6092 0.302381 0.0687864 0.0145964 0.00503573
 0.620176 0.299276 0.0623237 0.0141776 0.00404639
 0.563795 0.339393 0.0762814 0.0158855 0.00464504
 0.541577 0.3359 0.0953308 0.0214264 0.00576672
 0.526982 0.337561 0.0992532 0.0281688 0.00803514
 0.512562 0.339764 0.105386 0.0309865 0.0113027
 0.513192 0.334172 0.106393 0.0330002 0.0132424
 0.5117 0.335623 0.104806 0.0333678 0.014503
pobs_PELACES
 0 0 0 0 0
 0 0 0 0 0
 0 0 0 0 0
 0 0 0 0 0
 0 0 0 0 0
 0 0 0 0 0
 0 0 0 0 0
 0 0 0 0 0
 0 0 0 0 0
 0 0 0 0 0
 0 0 0 0 0
 0 0 0 0 0
 0 0 0 0 0
 0 0 0 0 0
 0 0 0 0 0
 0 0 0 0 0
 0.505614 0.472636 0.0217494 0 0
 0 0 0 0 0
 0.443492 0.261883 0.143347 0.151278 0
 0.227955 0.32914 0.350689 0.0885471 0.00366901
 0.970185 0.0296113 0.000203453 0 0
 0.997202 0.00247181 0.000326279 0 0
 0.445219 0.490057 0.0546422 0.010081 0
 0.90214 0.0892962 0.00764917 0.000914606 0
 0 0 0 0 0
 0.581667 0.319106 0.0959925 0.00289975 0.000334073
 0.762889 0.0836404 0.116647 0.0363945 0.000428098
 0.88444 0.0763242 0.0277011 0.0115352 0
 0.521256 0.241999 0.230069 0.00667565 0
ppred_PELACES
 0.432403 0.35879 0.131991 0.0485569 0.028259
 0.489649 0.309615 0.12689 0.0466801 0.0271667
 0.51089 0.323331 0.100573 0.041218 0.0239879
 0.513699 0.330068 0.10328 0.0321255 0.0208283
 0.507504 0.335796 0.106357 0.0332796 0.0170632
 0.49954 0.337469 0.111131 0.0351988 0.0166609
 0.520024 0.321058 0.107161 0.0352892 0.0164678
 0.517778 0.332189 0.100358 0.0334971 0.0161785
 0.491358 0.347268 0.111166 0.0335845 0.0166237
 0.487695 0.338237 0.118842 0.0380432 0.0171823
 0.481504 0.340555 0.117482 0.0412782 0.0191818
 0.485111 0.334901 0.118218 0.040782 0.0209877
 0.500475 0.327566 0.111848 0.0394819 0.0206295
 0.511103 0.327318 0.105956 0.0361791 0.019444
 0.514589 0.329984 0.104058 0.0336848 0.0176833
 0.518676 0.328081 0.104175 0.032851 0.0162168
 0.526982 0.325066 0.100847 0.0320219 0.0150827
 0.53183 0.324432 0.0987793 0.0306449 0.0143139
 0.57985 0.293767 0.0875808 0.0266655 0.0121367
 0.626227 0.277899 0.0670348 0.0199851 0.00885429
 0.62231 0.293829 0.0623503 0.0150402 0.0064705
 0.63639 0.281343 0.0640007 0.0135809 0.00468538
 0.631142 0.290636 0.0605243 0.0137682 0.00392956
 0.573311 0.331989 0.0746172 0.0155389 0.0045437
 0.550289 0.329516 0.093519 0.0210191 0.00565713
 0.532253 0.3338 0.0981472 0.0278549 0.0079456
 0.519188 0.335145 0.103953 0.0305653 0.0111491
 0.520072 0.32945 0.104889 0.0325339 0.0130552
 0.51688 0.332063 0.103694 0.0330138 0.0143491
pobs_pel_tallas
 0 0 0 0 0 0 0 0 0 0 0 0 0 0 0 0 0 0 0 0 0 0 0 0 0 0
 0 0 0 0 0 0 0 0 0 0 0 0 0 0 0 0 0 0 0 0 0 0 0 0 0 0
 0 0 0 0 0 0 0 0 0 0 0 0 0 0 0 0 0 0 0 0 0 0 0 0 0 0
 0 0 0 0 0 0 0 0 0 0 0 0 0 0 0 0 0 0 0 0 0 0 0 0 0 0
 0 0 0 0 0 0 0 0 0 0 0 0 0 0 0 0 0 0 0 0 0 0 0 0 0 0
 0 0 0 0 0 0 0 0 0 0 0 0 0 0 0 0 0 0 0 0 0 0 0 0 0 0
 0 0 0 0 0 0 0 0 0 0 0 0 0 0 0 0 0 0 0 0 0 0 0 0 0 0
 0 0 0 0 0 0 0 0 0 0 0 0 0 0 0 0 0 0 0 0 0 0 0 0 0 0
 0 0 0 0 0 0 0 0 0 0 0 0 0 0 0 0 0 0 0 0 0 0 0 0 0 0
 0 0 0 0 0 0 0 0 0 0 0 0 0 0 0 0 0 0 0 0 0 0 0 0 0 0
 0 0 0 0 0 0 0 0 0 0 0 0 0 0 0 0 0 0 0 0 0 0 0 0 0 0
 0 0 0 0 0 0 0 0 0 0 0 0 0 0 0 0 0 0 0 0 0 0 0 0 0 0
 0.00862536 0 0 0.000197151 0.00414017 0.0128641 0.00837892 0.0270097 0.101434 0.158115 0.152841 0.127902 0.109271 0.109419 0.0830992 0.0579132 0.0238553 0.00714673 0.00463305 0.00128148 0.00103504 0.000492878 0.000147863 0.000147863 4.92878e-05 0
 0 0 0 0 0 0 0 0 0 0 0 0 0 0 0 0 0 0 0 0 0 0 0 0 0 0
 0 0 0 0 0 0 0 0.0054083 0.00873648 0.0413646 0.0450493 0.0745869 0.0622846 0.0627006 0.0613931 0.0827291 0.12552 0.122667 0.0946155 0.0697135 0.0546179 0.0294188 0.0215738 0.0213955 0.0102223 0.00600262
 0 0 0 0 0.00359764 0.0251062 0.0480494 0.140153 0.205849 0.193036 0.1447 0.116669 0.0760912 0.0342217 0.00950174 0.001854 0.000860785 0 0 0 0.000165536 0 0.000143464 0 0 0
 0 0 0 0 0 0 0 0.000145254 0.000435761 0.0275982 0.070085 0.0708112 0.156366 0.174668 0.174014 0.160142 0.0824315 0.0480064 0.0283245 0.00493863 0.00203355 0 0 0 0 0
 0 0 0 0 0 0 0 0 0 0 0 0 0 0 0 0 0 0 0 0 0 0 0 0 0 0
 0 0 1.00437e-05 0.000401748 0.00122533 0.00171747 0.00176769 0.0269171 0.070346 0.194647 0.189555 0.159765 0.064822 0.0314167 0.0384472 0.0292271 0.0345202 0.0313363 0.0194345 0.0106764 0.0143323 0.0359363 0.0279516 0.0138201 0.00172751 0
 0 0.0021121 0.0136068 0.0755702 0.200478 0.177729 0.0527432 0.0373336 0.0318909 0.0142505 0.0149659 0.0166563 0.0217959 0.0798694 0.0677717 0.0528807 0.04013 0.0224614 0.0357745 0.0225083 0.00881397 0.00855152 0.00135912 0.000746735 0 0
 0 0 0 0 5.4009e-05 0.00500934 0.000945158 0.0243581 0.138947 0.33067 0.221406 0.137944 0.0707744 0.0437923 0.0131692 0.00525238 0.0047753 0.00276346 9.45158e-05 9.00151e-06 2.25038e-05 9.00151e-06 4.50075e-06 0 0 0
 0.000866109 0.00284123 0.00948549 0.0512746 0.133035 0.25785 0.225252 0.132002 0.0553304 0.0519788 0.0540692 0.017754 0.00435017 0.00159236 0.00146478 0.000404838 0.000125132 0.000115318 0.000107957 0.000100596 0 0 0 0 0 0
 0 0 0 0 0.00144013 0.00171154 0.00461396 0.0210425 0.0478622 0.0707936 0.0888783 0.103762 0.0637923 0.0337046 0.0602308 0.124433 0.169614 0.0934646 0.0462172 0.0250306 0.0313229 0.00938855 0.002487 0.000210481 0 0
 0 0.00764035 0.051015 0.0998891 0.058973 0.0496711 0.0374665 0.0718981 0.12319 0.153886 0.159021 0.0857701 0.0377988 0.023471 0.0147837 0.00900784 0.00315554 0.000888139 0.00291439 0.00214683 0.00393193 0.00274676 0.000635225 9.99891e-05 0 0
 0 0 0 0 0 0 0 0 0 0 0 0 0 0 0 0 0 0 0 0 0 0 0 0 0 0
 0 0 0 0 0 0 0 0 0 0 0 0 0 0 0 0 0 0 0 0 0 0 0 0 0 0
 0 0 0 0 0 0 0 0 0 0 0 0 0 0 0 0 0 0 0 0 0 0 0 0 0 0
 0 0 0 0 0 0 0 0 0 0 0 0 0 0 0 0 0 0 0 0 0 0 0 0 0 0
 0 0 0 0 0 0 0 0 0 0 0 0 0 0 0 0 0 0 0 0 0 0 0 0 0 0
ppred_pel_tallas
 1.13553e-16 3.56166e-05 0.000346206 0.00230066 0.0104585 0.0325404 0.0693321 0.101199 0.101234 0.0695018 0.0331108 0.0121078 0.00644783 0.0094235 0.0173463 0.0288092 0.0419457 0.0537058 0.0610021 0.0624389 0.0590973 0.0536541 0.0485738 0.0448233 0.0418866 0.038678
 1.1302e-16 4.03318e-05 0.000392039 0.00260524 0.0118431 0.0368483 0.0785104 0.114594 0.114624 0.078657 0.037341 0.013268 0.00618923 0.00824031 0.015018 0.0249556 0.0364007 0.0467464 0.0533606 0.055056 0.0527499 0.0486924 0.0449122 0.0421326 0.0398202 0.0370015
 1.11179e-16 4.20814e-05 0.000409046 0.00271826 0.0123568 0.0384468 0.0819162 0.119566 0.119597 0.082069 0.0389602 0.013841 0.0064487 0.00856951 0.0155905 0.0258413 0.03754 0.0478922 0.0540808 0.0548378 0.0511729 0.0455879 0.0404316 0.0367012 0.0340087 0.0313752
 1.09812e-16 4.23128e-05 0.000411295 0.0027332 0.0124248 0.0386582 0.0823666 0.120223 0.120255 0.0825226 0.0391822 0.0139396 0.00654047 0.00873896 0.0159066 0.0263583 0.0382705 0.048775 0.0549723 0.0555389 0.0514783 0.0453343 0.0395259 0.0351338 0.031859 0.0288089
 1.09381e-16 4.18025e-05 0.000406335 0.00270024 0.0122749 0.038192 0.0813733 0.118774 0.118806 0.081532 0.0387251 0.0138161 0.00657387 0.00887932 0.0161833 0.0268195 0.0389415 0.0496308 0.0559341 0.0564964 0.0523268 0.0459989 0.039964 0.0353234 0.0317917 0.0284952
 1.09643e-16 4.11465e-05 0.000399959 0.00265787 0.0120823 0.0375927 0.0800964 0.11691 0.116943 0.080256 0.0381286 0.0136317 0.00655244 0.00891989 0.0162754 0.0269824 0.0391986 0.0500012 0.0564307 0.0571287 0.0531005 0.0469108 0.0409905 0.0364133 0.0328712 0.0294852
 1.09501e-16 4.28337e-05 0.000416359 0.00276685 0.0125777 0.0391342 0.0833806 0.121703 0.121734 0.0835324 0.0396441 0.014052 0.00647275 0.00852406 0.0154932 0.025684 0.037322 0.0476296 0.0537972 0.0545377 0.0508089 0.0450446 0.0395435 0.0353068 0.0320203 0.0288312
 1.09079e-16 4.26487e-05 0.000414561 0.0027549 0.0125234 0.0389652 0.0830206 0.121178 0.12121 0.0831775 0.0394924 0.0140475 0.0065852 0.0087916 0.015998 0.0265015 0.0384593 0.0489747 0.0551185 0.0555498 0.0512772 0.0448701 0.0387839 0.0341354 0.0306555 0.027473
 1.09479e-16 4.04726e-05 0.000393408 0.00261434 0.0118844 0.036977 0.0787846 0.114996 0.115029 0.0789488 0.0375284 0.0134783 0.00662059 0.00915664 0.0167354 0.0277398 0.0402801 0.0513402 0.0578645 0.0584478 0.0541269 0.0475555 0.0412631 0.0363895 0.0326493 0.0291562
 1.10239e-16 4.01708e-05 0.000390475 0.00259484 0.0117958 0.0367013 0.0781972 0.114138 0.114171 0.0783571 0.0372387 0.0133496 0.00650123 0.0089383 0.0163336 0.0270965 0.0394015 0.0503378 0.0569559 0.0579019 0.0541718 0.0482993 0.0426648 0.0382841 0.0348049 0.0313346
 1.10864e-16 3.96609e-05 0.000385518 0.0025619 0.0116461 0.0362354 0.0772046 0.112689 0.112722 0.0773656 0.0367765 0.0132104 0.00649465 0.00899084 0.0164423 0.0272771 0.039663 0.0506718 0.0573396 0.0583134 0.0546106 0.0487971 0.0432762 0.0390611 0.0357684 0.0324568
 1.11139e-16 3.9958e-05 0.000388406 0.0025811 0.0117333 0.0365069 0.0777829 0.113533 0.113566 0.0779413 0.037039 0.013272 0.00644965 0.00885403 0.0161786 0.0268442 0.0390478 0.0499165 0.0565432 0.0576028 0.0540952 0.0485342 0.0432646 0.0392598 0.0361204 0.0329053
 1.10763e-16 4.12235e-05 0.000400707 0.00266284 0.0121049 0.037663 0.0802462 0.117128 0.11716 0.0804011 0.0381834 0.0136095 0.00644528 0.00867695 0.0158161 0.0262321 0.0381408 0.0487231 0.0551295 0.0560629 0.0525098 0.046948 0.0416971 0.0377332 0.0346777 0.0316059
 1.10061e-16 4.20989e-05 0.000409217 0.00271939 0.012362 0.0384629 0.0819504 0.119616 0.119647 0.0821051 0.0389826 0.0138647 0.00649653 0.00867214 0.0157864 0.026168 0.0380155 0.0484954 0.0547436 0.055454 0.0516179 0.0457378 0.0401785 0.0359708 0.032784 0.0297183
 1.09458e-16 4.23861e-05 0.000412008 0.00273794 0.0124463 0.0387252 0.0825094 0.120432 0.120463 0.0826653 0.0392491 0.0139608 0.0065445 0.00873831 0.0159045 0.0263558 0.038269 0.048777 0.0549798 0.0555502 0.0514846 0.0453164 0.0394547 0.0349763 0.0315886 0.0284169
 1.0913e-16 4.27227e-05 0.00041528 0.00275968 0.0125451 0.0390328 0.0831646 0.121388 0.12142 0.0833196 0.0395536 0.0140509 0.00654442 0.00869388 0.0158141 0.0262052 0.0380504 0.0484974 0.0546607 0.0552164 0.0511489 0.0449706 0.0390741 0.0345333 0.031069 0.0278298
 1.08758e-16 4.34068e-05 0.00042193 0.00280388 0.012746 0.0396578 0.0844963 0.123331 0.123363 0.0846499 0.0401738 0.0142377 0.00655288 0.00862172 0.0156627 0.0259474 0.0376637 0.0479787 0.0540272 0.0544939 0.0503565 0.0441143 0.0381551 0.0335624 0.0300766 0.0268621
 1.0843e-16 4.38062e-05 0.000425812 0.00282967 0.0128633 0.0400226 0.0852736 0.124466 0.124497 0.0854269 0.0405376 0.0143518 0.00657053 0.00860719 0.0156262 0.0258815 0.0375567 0.0478183 0.0538001 0.0541847 0.0499484 0.0435938 0.0375193 0.0328272 0.0292778 0.0260501
 1.07331e-16 4.77615e-05 0.000464259 0.00308517 0.0140247 0.0436363 0.0929728 0.135702 0.135731 0.0931116 0.0441025 0.0153723 0.00647164 0.00786999 0.0141512 0.0234209 0.0339744 0.0432338 0.0485971 0.0488673 0.0449289 0.0390556 0.0334343 0.0290826 0.0258015 0.02286
 1.05509e-16 5.15816e-05 0.000501391 0.00333192 0.0151465 0.0471264 0.100409 0.146555 0.146582 0.10054 0.0475668 0.0164193 0.0065292 0.007489 0.0133458 0.0220436 0.0318961 0.0404211 0.0451197 0.0448411 0.0404441 0.0341539 0.0281573 0.0235462 0.0202307 0.0175528
 1.04478e-16 5.12589e-05 0.000498255 0.00331108 0.0150517 0.0468316 0.0997808 0.145639 0.145667 0.0999194 0.047297 0.0163963 0.00668788 0.00787549 0.0140787 0.0232377 0.0335728 0.042436 0.0471563 0.0464971 0.041369 0.0341622 0.0272608 0.0219114 0.0181062 0.0152048
 1.04074e-16 5.24186e-05 0.000509528 0.00338599 0.0153922 0.0478911 0.102038 0.148933 0.14896 0.102171 0.0483369 0.0166801 0.00662068 0.0075772 0.0134938 0.0222736 0.0321945 0.0407231 0.0453041 0.0447486 0.0399133 0.0330624 0.0264523 0.0212609 0.0174852 0.0145392
 1.03867e-16 5.19864e-05 0.000505327 0.00335807 0.0152653 0.0474963 0.101197 0.147706 0.147734 0.101334 0.0479565 0.0165951 0.00669753 0.00780049 0.0139218 0.0229726 0.0331796 0.0419162 0.0465326 0.0457975 0.0406064 0.0333248 0.0263212 0.0208492 0.0169283 0.0139532
 1.04566e-16 4.72229e-05 0.000459024 0.00305038 0.0138666 0.0431443 0.0919246 0.134173 0.134205 0.0920812 0.0436702 0.0153862 0.00686693 0.00879774 0.015905 0.0262742 0.0379724 0.0480185 0.0533943 0.0526934 0.0469257 0.0387657 0.0308833 0.0246793 0.0201626 0.0166524
 1.05849e-16 4.53266e-05 0.000440591 0.00292788 0.0133098 0.0414118 0.0882333 0.128786 0.128818 0.0883889 0.0419344 0.0148204 0.00672352 0.00873884 0.0158415 0.0262124 0.0379779 0.048224 0.0539961 0.053914 0.0489466 0.0416529 0.0345402 0.0288507 0.0244925 0.0207729
 1.07056e-16 4.3841e-05 0.00042615 0.00283192 0.0128735 0.0400545 0.0853415 0.124565 0.124597 0.0854991 0.0405841 0.0144044 0.00667884 0.008838 0.0160607 0.0265906 0.0385556 0.0490228 0.05502 0.0551684 0.0504578 0.0434677 0.0366986 0.0313461 0.0272442 0.0236291
 1.08038e-16 4.27649e-05 0.00041569 0.00276241 0.0125575 0.0390713 0.0832467 0.121508 0.12154 0.0834051 0.0396033 0.0140953 0.00662717 0.00886824 0.0161421 0.0267408 0.0388053 0.0494084 0.0555842 0.0559615 0.0515333 0.0448685 0.0384351 0.0333778 0.0294756 0.0259241
 1.08584e-16 4.28377e-05 0.000416397 0.00276711 0.0125789 0.0391378 0.0833884 0.121714 0.121746 0.0835441 0.0396608 0.014091 0.00656751 0.00872914 0.0158788 0.0263111 0.0382004 0.0486789 0.0548433 0.0553557 0.0511954 0.044878 0.0388052 0.0340663 0.0304047 0.0269975
 1.08817e-16 4.25748e-05 0.000413842 0.00275013 0.0125017 0.0388976 0.0828766 0.120968 0.121 0.0830335 0.0394247 0.0140255 0.00658004 0.00879072 0.0159995 0.0265092 0.0384814 0.0490242 0.0552106 0.0556952 0.0514732 0.0450923 0.0389863 0.0342599 0.0306506 0.0273132
pSPR Fmed_Fpbrs
0.777483   0.285685 0.285685
Fs Fmed_Fpbrs
0.156665   1.005 1.005
SSBpbr Bo_Bmed_Bpbrs
2.39446e+06  1.74193e+06  564338 564338
Ro
317229
SPR SPRFo_SPRFmed_SPRFpbrs
2.25455e+06 1.75287e+06 644091
Fref
1.005
log_Ro
12.4874
likeval ReclasPelacesDesembMPH_pf_preclas_ppelaces_ptallas_desvR_qrecl_qpela
 120.056 53.5453 13.8301 0.00375411 245.76 140.594 79.8244 0 0 0 0 69.3532 0 0 0
q_reclas_q_pelaces
1 1
M
1
N
 317229 139718 51399.3 18908.8 11004.5
 317229 108594 44505 16372.5 9528.4
 317229 106043 32985.2 13518.3 7867.36
 317229 109240 34181.5 10632.3 6893.37
 317229 107340 33998 10638.1 5454.41
 317229 113578 37402.1 11846.4 5607.35
 317229 108796 36313.5 11958.4 5580.39
 317229 102803 31058.1 10366.4 5006.79
 317229 115279 36902.6 11148.7 5518.43
 317229 112837 39646.1 12691.3 5732.06
 317229 113184 39045.4 13718.9 6375.11
 317229 115461 40757 14060 7235.75
 317229 109484 37383.6 13196.2 6895.1
 317229 109461 35433.7 12099 6502.42
 317229 106654 33632.6 10887.2 5715.39
 317229 110220 34997.9 11036.4 5448.07
 317229 104204 32327.9 10265 4834.96
 317229 108170 32934.4 10217.4 4772.45
 317229 102035 30419.7 9261.82 4215.46
 317229 87522 21112.1 6294.15 2788.59
 317229 89759.3 19046.9 4594.5 1976.62
 317229 93825.5 21343.7 4529.12 1562.53
 317229 82169.9 17111.7 3892.62 1110.98
 317229 101264 22759.9 4739.71 1385.93
 317229 103758 29447.2 6618.5 1781.31
 317229 104912 30847.2 8754.65 2497.26
 317229 109454 33949.8 9982.27 3641.16
 317229 107686 34284.9 10634.3 4267.33
 317229 107355 33524.1 10673.3 4639.05
pred_Ctot
 14015 11986.5 4409.6 1622.2 944.083
 18458.9 12154.8 4981.43 1832.56 1066.51
 12892.3 8388.75 2609.35 1069.39 622.361
 16196.7 10780.6 3373.29 1049.27 680.289
 5380.78 3600.6 1140.42 356.843 182.962
 13662.8 9506.2 3130.48 991.519 469.323
 24131.1 15727.1 5249.32 1728.65 806.676
 2447.27 1578.07 476.754 159.129 76.8562
 6660.12 4773.47 1528.06 461.645 228.506
 6060.17 4256.8 1495.66 478.783 216.244
 2134.95 1516.68 523.212 183.835 85.4273
 12468.3 8841.28 3120.92 1076.63 554.069
 12507.7 8409.39 2871.42 1013.59 529.609
 17393.5 11571.1 3745.68 1278.98 687.368
 11191 7350.1 2317.81 750.298 393.879
 21674.7 14386.7 4568.2 1440.55 711.123
 14751.3 9394.76 2914.59 925.467 435.906
 25480.3 16463 5012.45 1555.04 726.343
 51326.4 29558.6 8812.3 2683.06 1221.18
 47294.8 23573 5686.29 1695.25 751.073
 40013.6 20784.9 4410.55 1063.92 457.712
 61049.2 31632.4 7195.82 1526.95 526.793
 26836.3 13132.9 2734.9 622.142 177.564
 22456.8 13671.7 3072.83 639.911 187.115
 20436.7 12803.7 3633.77 816.719 219.813
 12519.3 8065.49 2371.5 673.049 191.987
 15593.7 10413 3229.82 949.666 346.403
 16170.3 10610.6 3378.16 1047.81 420.469
 12275.3 8096.7 2528.37 804.977 349.875
F
 0.0720117 0.144023 0.144023 0.144023 0.144023
 0.0957773 0.191555 0.191555 0.191555 0.191555
 0.0660812 0.132162 0.132162 0.132162 0.132162
 0.0836209 0.167242 0.167242 0.167242 0.167242
 0.0271385 0.054277 0.054277 0.054277 0.054277
 0.0701483 0.140297 0.140297 0.140297 0.140297
 0.126809 0.253617 0.253617 0.253617 0.253617
 0.0122668 0.0245337 0.0245337 0.0245337 0.0245337
 0.0336825 0.067365 0.067365 0.067365 0.067365
 0.0306092 0.0612184 0.0612184 0.0612184 0.0612184
 0.0106943 0.0213887 0.0213887 0.0213887 0.0213887
 0.063849 0.127698 0.127698 0.127698 0.127698
 0.0640563 0.128113 0.128113 0.128113 0.128113
 0.090037 0.180074 0.180074 0.180074 0.180074
 0.0571496 0.114299 0.114299 0.114299 0.114299
 0.113272 0.226544 0.226544 0.226544 0.226544
 0.0759171 0.151834 0.151834 0.151834 0.151834
 0.134309 0.268618 0.268618 0.268618 0.268618
 0.287735 0.57547 0.57547 0.57547 0.57547
 0.262493 0.524987 0.524987 0.524987 0.524987
 0.218188 0.436376 0.436376 0.436376 0.436376
 0.350837 0.701673 0.701673 0.701673 0.701673
 0.141894 0.283788 0.283788 0.283788 0.283788
 0.117566 0.235131 0.235131 0.235131 0.235131
 0.106507 0.213014 0.213014 0.213014 0.213014
 0.0641174 0.128235 0.128235 0.128235 0.128235
 0.080401 0.160802 0.160802 0.160802 0.160802
 0.0834796 0.166959 0.166959 0.166959 0.166959
 0.0628344 0.125669 0.125669 0.125669 0.125669
nmprior
 8 9 7.5 0
nm_flota  nm_reclas  nm_pelaces    nm_pelaL
inf 3.90985 7.73609 9.49235
cv_recla  cv_pelaces  cv_mph
1.03947 0.896203 1.89086
 ------------------------------------------------
Talla a la edad & desviación 
 8 13.2811 15.8009 17.003 17.5766
 0.8 1.32811 1.58009 1.7003 1.75766
