    unsorted:	 2.334222973e-06 5.761659200e-05 9.521113295e-05 0.001099979715 4.010455516 1.632140144 7.280503167 10.58885163 13.42729973 59.52117065 158.0429050 135.5695081 222.5062990 251.1562771 466.2253956 504.7857927 638.1250379 787.6964253 812.2162803 879.9617401 906.5219527 936.5686318 1050.892572 1194.314939 1270.783205 1385.827761 1501.838126 1608.070500 1769.474403 1805.427520 2074.512559 2195.341896 2423.867996 2336.952935 2489.595196 2504.679586 2819.979307 2812.533845 3029.475144 3125.988262 3613.682618 3719.708221 4193.832186 10175.16776 41338.34237 383835.7135 387696.6940 376342.6332 395279.4507 354877.5295 357895.9837 424530.1899 444376.1247 453602.9376 456118.7182 314779.3406 163548.6675 605685.5877 615180.0977 654494.9105 694557.4055 707284.0304 980534.0637 1048462.465 1134927.622 1189423.500 1507622.679 1655576.410 1821674.184 2293488.867 2436503.771 2469368.747 2735785.230 2941422.988 3290595.574 41857677.69
      sorted:	 2.334222973e-06 5.761659200e-05 9.521113295e-05 0.001099979715 1.632140144 4.010455516 7.280503167 10.58885163 13.42729973 59.52117065 135.5695081 158.0429050 222.5062990 251.1562771 466.2253956 504.7857927 638.1250379 787.6964253 812.2162803 879.9617401 906.5219527 936.5686318 1050.892572 1194.314939 1270.783205 1385.827761 1501.838126 1608.070500 1769.474403 1805.427520 2074.512559 2195.341896 2336.952935 2423.867996 2489.595196 2504.679586 2812.533845 2819.979307 3029.475144 3125.988262 3613.682618 3719.708221 4193.832186 10175.16776 41338.34237 163548.6675 314779.3406 354877.5295 357895.9837 376342.6332 383835.7135 387696.6940 395279.4507 424530.1899 444376.1247 453602.9376 456118.7182 605685.5877 615180.0977 654494.9105 694557.4055 707284.0304 980534.0637 1048462.465 1134927.622 1189423.500 1507622.679 1655576.410 1821674.184 2293488.867 2436503.771 2469368.747 2735785.230 2941422.988 3290595.574 41857677.69
