years
 1991 1992 1993 1994 1995 1996 1997 1998 1999 2000 2001 2002 2003 2004 2005 2006 2007 2008 2009 2010 2011 2012 2013 2014 2015 2016 2017 2018 2019 2020
reclasobs
 0 0 0 0 0 0 0 0 0 252601 567819 844713 477998 351125 339783 2.1784e+06 2.13404e+06 4.81314e+06 1.55562e+06 2.62356e+06 3.21686e+06 3.843e+06 1.13348e+06 3.07943e+06 1.97215e+06 2.03268e+06 2.025e+06 2.42433e+06 2.27542e+06 1.05018e+06
reclaspred
 3.33879e+06 1.86025e+06 939498 920507 905254 1.45593e+06 879878 769082 557792 399424 492136 648098 636552 489587 497440 1.40557e+06 1.3375e+06 3.02597e+06 2.51095e+06 1.91533e+06 3.38362e+06 2.7248e+06 2.13339e+06 3.26978e+06 2.4395e+06 2.15806e+06 2.59847e+06 2.79243e+06 2.26141e+06 1.39333e+06
pelacesobs
 0 0 0 0 0 0 0 0 0 0 0 0 0 0 0 552880 188675 0 991730 2.46772e+06 1.41603e+06 1.21717e+06 2.29649e+06 1.80582e+06 0 1.4828e+06 1.56532e+06 1.57751e+06 1.42118e+06 867257
pelacespred
 1.52184e+06 939714 472499 378373 391757 649745 355660 395085 271361 182600 236098 258644 280053 224758 236186 560558 535644 1.40033e+06 1.19514e+06 841520 1.45391e+06 1.26662e+06 991627 1.66528e+06 1.19545e+06 1.05555e+06 1.44998e+06 1.53788e+06 1.02473e+06 717421
mphobs
 0 0 0 0 0 0 0 0 0 0 0 498337 0 5186 125008 0 168611 109162 213762 579715 649985 157893 87575 83554 0 0 0 0 0 0
mphpred
 2.88954e+06 1.93034e+06 953984 520278 551587 623520 822880 485079 432693 290678 189064 333306 359272 300321 198022 256398 926910 863514 1.71431e+06 1.30272e+06 1.43547e+06 1.7681e+06 1.66164e+06 1.35185e+06 1.87395e+06 1.53637e+06 1.26612e+06 1.37491e+06 1.94266e+06 1.29377e+06
desembarqueobs
 494567 514787 250237 358949 120608 361735 552515 73892 212993 205616 52469 317467 293654 387597 252695 516296 358380 742168 942051 627588 828172 859565 418607 520667 417249 300574 407403 355545 319650 289779
desembarquepred
 494573 513637 250784 358981 120613 361747 552554 73896.6 213045 205664 52471.7 317532 293701 387617 252683 516243 358401 742062 941822 627441 828229 859559 418611 520688 417245 300571 407398 355527 319639 289785
Reclutas
 190360 107002 106466 168497 134879 237236 96719.2 42821.4 41283.9 55282.2 103908 141255 117331 82706.9 81256.7 462769 92605.3 689593 411440 328390 463046 614954 125495 374279 314683 142768 323681 363393 99014.4 75282.5
log_desv_Rt
 0.150235 -0.425836 -0.430856 0.0282357 -0.194302 0.370376 -0.526869 -1.34164 -1.37821 -1.08623 -0.455179 -0.148117 -0.333678 -0.683378 -0.701067 1.03855 -0.570335 1.43742 0.920983 0.695521 1.03915 1.32287 -0.266413 0.826322 0.652883 -0.137459 0.681079 0.796803 -0.503415 -0.777433
SSB
 2.88954e+06 1.93034e+06 953984 520278 551587 623520 822880 485079 432693 290678 189064 333306 359272 300321 198022 256398 926910 863514 1.71431e+06 1.30272e+06 1.43547e+06 1.7681e+06 1.66164e+06 1.35185e+06 1.87395e+06 1.53637e+06 1.26612e+06 1.37491e+06 1.94266e+06 1.29377e+06
BT
 3.92795e+06 2.6744e+06 1.33758e+06 1.17351e+06 998912 1.8073e+06 1.31451e+06 976565 837513 619286 589798 862032 912481 921548 798082 1.7099e+06 1.51491e+06 3.88575e+06 3.66138e+06 2.50036e+06 4.02442e+06 3.72435e+06 2.65188e+06 4.3258e+06 3.14269e+06 2.70086e+06 3.76008e+06 3.90285e+06 2.62762e+06 1.93794e+06
Ftot
 0.146063 0.266849 0.260927 0.402569 0.137708 0.265471 0.600496 0.0989141 0.387735 0.516771 0.118677 0.506313 0.474818 0.799049 0.547634 0.416012 0.267069 0.272016 0.38347 0.33801 0.257889 0.328807 0.195311 0.173208 0.175077 0.141575 0.169617 0.139235 0.137872 0.2057
BD_Bspro_t
 0.976901 0.833778 0.66458 0.571196 0.555931 0.632968 0.623347 0.446637 0.504067 0.455136 0.419162 0.644685 0.52698 0.434963 0.325669 0.386892 0.584871 0.554338 0.653124 0.558349 0.535914 0.584034 0.59767 0.587665 0.692185 0.699688 0.707507 0.747946 0.795354 0.724511
BD_Bspro
 2.4781 1.65548 0.818145 0.446195 0.473046 0.534736 0.705709 0.416008 0.371082 0.249288 0.162143 0.285846 0.308115 0.257558 0.169826 0.219889 0.794926 0.740557 1.4702 1.11722 1.23107 1.51634 1.42504 1.15936 1.60712 1.3176 1.08583 1.17913 1.66604 1.10955
BD_Bo
 1.56382 1.0447 0.516297 0.281575 0.298519 0.337449 0.445343 0.262525 0.234174 0.157315 0.102321 0.180385 0.194438 0.162534 0.10717 0.138763 0.501644 0.467334 0.927783 0.705031 0.776875 0.956896 0.899283 0.73162 1.01418 0.831484 0.685222 0.744102 1.05137 0.700189
BD_Brms
 9.54584 6.37705 3.15156 1.71878 1.82221 2.05985 2.71845 1.6025 1.42944 0.960277 0.624587 1.1011 1.18688 0.992135 0.654183 0.847032 3.06212 2.85269 5.66335 4.30363 4.74218 5.84106 5.48938 4.46594 6.19075 5.07552 4.18271 4.54213 6.41773 4.27407
Sel_flota
 0.787319 1 1 1 1
 0.787319 1 1 1 1
 0.787319 1 1 1 1
 0.787319 1 1 1 1
 0.787319 1 1 1 1
 0.787319 1 1 1 1
 0.787319 1 1 1 1
 0.787319 1 1 1 1
 0.787319 1 1 1 1
 0.787319 1 1 1 1
 0.787319 1 1 1 1
 0.787319 1 1 1 1
 0.787319 1 1 1 1
 0.787319 1 1 1 1
 0.787319 1 1 1 1
 0.787319 1 1 1 1
 0.787319 1 1 1 1
 0.787319 1 1 1 1
 0.787319 1 1 1 1
 0.787319 1 1 1 1
 0.787319 1 1 1 1
 0.787319 1 1 1 1
 0.787319 1 1 1 1
 0.787319 1 1 1 1
 0.787319 1 1 1 1
 0.787319 1 1 1 1
 0.787319 1 1 1 1
 0.787319 1 1 1 1
 0.787319 1 1 1 1
 0.787319 1 1 1 1
Sel_reclas
 1 1 1 1 1
 1 1 1 1 1
 1 1 1 1 1
 1 1 1 1 1
 1 1 1 1 1
 1 1 1 1 1
 1 1 1 1 1
 1 1 1 1 1
 1 1 1 1 1
 1 1 1 1 1
 1 1 1 1 1
 1 1 1 1 1
 1 1 1 1 1
 1 1 1 1 1
 1 1 1 1 1
 1 1 1 1 1
 1 1 1 1 1
 1 1 1 1 1
 1 1 1 1 1
 1 1 1 1 1
 1 1 1 1 1
 1 1 1 1 1
 1 1 1 1 1
 1 1 1 1 1
 1 1 1 1 1
 1 1 1 1 1
 1 1 1 1 1
 1 1 1 1 1
 1 1 1 1 1
 1 1 1 1 1
Sel_pelaces
 1 1 1 1 1
 1 1 1 1 1
 1 1 1 1 1
 1 1 1 1 1
 1 1 1 1 1
 1 1 1 1 1
 1 1 1 1 1
 1 1 1 1 1
 1 1 1 1 1
 1 1 1 1 1
 1 1 1 1 1
 1 1 1 1 1
 1 1 1 1 1
 1 1 1 1 1
 1 1 1 1 1
 1 1 1 1 1
 1 1 1 1 1
 1 1 1 1 1
 1 1 1 1 1
 1 1 1 1 1
 1 1 1 1 1
 1 1 1 1 1
 1 1 1 1 1
 1 1 1 1 1
 1 1 1 1 1
 1 1 1 1 1
 1 1 1 1 1
 1 1 1 1 1
 1 1 1 1 1
 1 1 1 1 1
pf_obs 
 0.8446 0.082 0.0669 0.0065 0
 0.8095 0.147 0.0364 0.0071 0
 0.9664 0.0169 0.016 0.0007 0
 0.9276 0.0648 0.0075 0.0001 0
 0.7033 0.2144 0.0806 0.0017 0
 0.9318 0.0425 0.0243 0.0014 0
 0.5671 0.3108 0.0964 0.0239 0.0018
 0.0768 0.2599 0.5324 0.112 0.0189
 0.490249 0.384438 0.106611 0.0170017 0.00170017
 0.7925 0.1577 0.0466 0.003 0.0002
 0.840416 0.127587 0.0312969 0.00059994 9.999e-05
 0.8084 0.0986 0.0794 0.0134 0.0002
 0.7335 0.1905 0.0724 0.0035 0.0001
 0.4001 0.4547 0.1325 0.0127 0
 0.49795 0.308269 0.164784 0.0264974 0.00249975
 0.9179 0.0499 0.0305 0.0017 0
 0.2467 0.6533 0.0926 0.0074 0
 0.9418 0.0223 0.034 0.0019 0
 0.707729 0.231977 0.0356964 0.0245975 0
 0.517169 0.277429 0.184464 0.0207286 0.00020938
 0.811772 0.124168 0.05621 0.00726502 0.000585176
 0.764997 0.148141 0.077277 0.00933861 0.000247198
 0.163321 0.427699 0.378323 0.0303852 0.000271297
 0.753843 0.0900009 0.118128 0.0371064 0.000921714
 0.721811 0.176058 0.0630433 0.0369309 0.00215725
 0.143369 0.312575 0.442814 0.0836902 0.0175525
 0.692698 0.0596174 0.167031 0.0765114 0.00414204
 0.394062 0.376323 0.152708 0.0712218 0.00568511
 0.125707 0.32114 0.495352 0.0537591 0.00404204
 0.23352 0.215282 0.420074 0.123614 0.00750983
pf_pred 
 0.454301 0.127676 0.393603 0.0244196 7.94692e-07
 0.417204 0.302205 0.0656492 0.202384 0.0125566
 0.565619 0.210563 0.11606 0.0252121 0.0825463
 0.730728 0.169906 0.048167 0.0265491 0.0246501
 0.651132 0.273544 0.047528 0.0134738 0.014322
 0.752071 0.175266 0.0569744 0.00989924 0.00578939
 0.474247 0.420301 0.0745457 0.0242329 0.00667285
 0.45919 0.299445 0.192954 0.0342228 0.0141884
 0.54594 0.237002 0.120184 0.0774433 0.0194301
 0.714232 0.176102 0.0572418 0.0290274 0.0233973
 0.825078 0.135144 0.0245127 0.00796783 0.00729731
 0.740847 0.222555 0.0282761 0.00512875 0.0031939
 0.686445 0.249307 0.0551747 0.00701007 0.00206331
 0.635448 0.272464 0.073219 0.0162042 0.00266476
 0.745788 0.180884 0.054805 0.0147277 0.00379542
 0.939528 0.04839 0.00859693 0.00260473 0.000880351
 0.3671 0.603908 0.0232003 0.00412175 0.0016709
 0.896964 0.0445687 0.0557891 0.00214325 0.000535126
 0.600315 0.367577 0.0138884 0.017385 0.000834633
 0.613255 0.258035 0.11837 0.00447245 0.0058672
 0.731777 0.181801 0.0576606 0.026451 0.0023105
 0.736723 0.205808 0.0389528 0.0123544 0.00616243
 0.311843 0.541982 0.114267 0.0216271 0.0102808
 0.737102 0.0975525 0.130224 0.0274554 0.00766661
 0.621562 0.296877 0.0302645 0.0404004 0.0108962
 0.434423 0.385043 0.141626 0.0144377 0.0244711
 0.732812 0.133134 0.0912634 0.0335683 0.00922222
 0.684517 0.246283 0.0344809 0.0236366 0.0110824
 0.3268 0.496256 0.138132 0.0193392 0.0194728
 0.41578 0.225223 0.264638 0.0736618 0.0206973
pobs_RECLAS
 0 0 0 0 0
 0 0 0 0 0
 0 0 0 0 0
 0 0 0 0 0
 0 0 0 0 0
 0 0 0 0 0
 0 0 0 0 0
 0 0 0 0 0
 0 0 0 0 0
 0 0 0 0 0
 0.991045 0.00858322 0.000360255 1.14367e-05 0
 0.934742 0.0480273 0.0164251 0.00080598 0
 0.827803 0.169806 0.00239088 0 0
 0.941827 0.0461693 0.0120037 0 0
 0.791401 0.0380133 0.147996 0.0225897 0
 0.846168 0.0940531 0.0597789 0 0
 0.134021 0.677848 0.182769 0.00536245 0
 0.80878 0.0450904 0.141981 0.00414843 0
 0.846168 0.0940531 0.0597789 0 0
 0.905697 0.0802665 0.012482 0.00150086 5.37128e-05
 0.989698 0.0102097 9.19794e-05 0 0
 0.975433 0.0193895 0.00387452 0.00125025 5.28907e-05
 0.303575 0.632131 0.0575291 0.00676475 0
 0.966965 0.00978017 0.0227588 0.000495775 0
 0.843318 0.132988 0.00938335 0.0141283 0.000182051
 0.564624 0.303363 0.111486 0.0197234 0.00080311
 0.826376 0.0876187 0.0782897 0.00655872 0.00115652
 0.89761 0.0855135 0.0140674 0.00269457 0.000114338
 0.34875 0.467042 0.161289 0.0227151 0.000203297
 0.318654 0.224769 0.449479 0.00709798 0
ppred_RECLAS
 0.514666 0.113553 0.350062 0.0217183 7.06784e-07
 0.477658 0.270857 0.0588394 0.181391 0.0112541
 0.624498 0.182022 0.100328 0.0217947 0.0713575
 0.776755 0.140863 0.0399338 0.022011 0.0204366
 0.703876 0.232188 0.0403424 0.0114368 0.0121567
 0.794863 0.145015 0.0471409 0.00819068 0.00479017
 0.537868 0.369441 0.065525 0.0213005 0.00586537
 0.519337 0.266141 0.171494 0.0304166 0.0126104
 0.606443 0.205422 0.10417 0.067124 0.0168411
 0.762798 0.146173 0.0475136 0.0240942 0.0194209
 0.857238 0.110297 0.0200059 0.0065029 0.00595566
 0.786187 0.183617 0.023329 0.00423145 0.00263511
 0.737743 0.20852 0.0461479 0.00586321 0.00172575
 0.693799 0.228853 0.0614992 0.0136105 0.00223823
 0.790731 0.148905 0.0451157 0.0121239 0.0031244
 0.952217 0.038236 0.00679297 0.00205816 0.000695621
 0.425597 0.54809 0.021056 0.00374079 0.00151647
 0.917504 0.0356841 0.0446678 0.001716 0.000428452
 0.658082 0.31445 0.0118811 0.0148723 0.000714001
 0.669899 0.220243 0.101033 0.00381741 0.00500788
 0.776999 0.15115 0.047939 0.0219913 0.00192095
 0.781676 0.170667 0.0323017 0.0102449 0.00511022
 0.366231 0.499146 0.105236 0.0199178 0.00946823
 0.78135 0.0811336 0.108306 0.0228344 0.00637625
 0.676737 0.253594 0.025852 0.0345101 0.00930754
 0.494516 0.344132 0.126578 0.0129037 0.021871
 0.77755 0.110842 0.0759822 0.0279476 0.00767804
 0.73428 0.207435 0.029042 0.0199082 0.00933434
 0.382043 0.455533 0.126797 0.0177522 0.0178749
 0.475823 0.202076 0.23744 0.0660911 0.0185701
pobs_PELACES
 0 0 0 0 0
 0 0 0 0 0
 0 0 0 0 0
 0 0 0 0 0
 0 0 0 0 0
 0 0 0 0 0
 0 0 0 0 0
 0 0 0 0 0
 0 0 0 0 0
 0 0 0 0 0
 0 0 0 0 0
 0 0 0 0 0
 0 0 0 0 0
 0 0 0 0 0
 0 0 0 0 0
 0 0 0 0 0
 0.505614 0.472636 0.0217494 0 0
 0 0 0 0 0
 0.443492 0.261883 0.143347 0.151278 0
 0.227955 0.32914 0.350689 0.0885471 0.00366901
 0.970185 0.0296113 0.000203453 0 0
 0.997202 0.00247181 0.000326279 0 0
 0.445219 0.490057 0.0546422 0.010081 0
 0.90214 0.0892962 0.00764917 0.000914606 0
 0 0 0 0 0
 0.581667 0.319106 0.0959925 0.00289975 0.000334073
 0.762889 0.0836404 0.116647 0.0363945 0.000428098
 0.88444 0.0763242 0.0277011 0.0115352 0
 0.521256 0.241999 0.230069 0.00667565 0
 0.616807 0.101726 0.260614 0.0208532 0
ppred_PELACES
 0.517226 0.112954 0.348216 0.0216037 7.03055e-07
 0.482333 0.268433 0.0583128 0.179767 0.0111534
 0.628783 0.179945 0.0991833 0.021546 0.0705433
 0.781616 0.137796 0.0390642 0.0215317 0.0199916
 0.705887 0.230611 0.0400685 0.0113591 0.0120742
 0.797884 0.14288 0.0464466 0.00807004 0.00471961
 0.548326 0.361081 0.0640422 0.0208185 0.00573264
 0.52107 0.265182 0.170876 0.030307 0.0125649
 0.612919 0.202042 0.102456 0.0660195 0.016564
 0.769298 0.142168 0.0462116 0.023434 0.0188887
 0.858255 0.109512 0.0198634 0.00645661 0.00591326
 0.7921 0.17854 0.0226839 0.00411443 0.00256224
 0.74414 0.203434 0.0450224 0.00572021 0.00168366
 0.705582 0.220046 0.0591327 0.0130868 0.0021521
 0.79702 0.14443 0.0437599 0.0117595 0.0030305
 0.953528 0.0371868 0.00660658 0.00200169 0.000676534
 0.430185 0.543712 0.0208878 0.0037109 0.00150435
 0.918937 0.035064 0.0438916 0.00168618 0.000421006
 0.664112 0.308905 0.0116716 0.01461 0.000701409
 0.675123 0.216757 0.099434 0.00375699 0.00492861
 0.78012 0.149034 0.0472682 0.0216836 0.00189407
 0.785589 0.167608 0.0317228 0.0100613 0.00501863
 0.369419 0.496636 0.104707 0.0198176 0.00942061
 0.783419 0.0803656 0.107281 0.0226183 0.0063159
 0.679419 0.251489 0.0256375 0.0342238 0.00923031
 0.496999 0.342441 0.125956 0.0128403 0.0217635
 0.779602 0.10982 0.0752812 0.0276898 0.00760721
 0.736183 0.20595 0.028834 0.0197657 0.00926751
 0.38433 0.453847 0.126328 0.0176865 0.0178087
 0.479425 0.200687 0.235808 0.065637 0.0184425
pobs_pel_tallas
 0 0 0 0 0 0 0 0 0 0 0 0 0 0 0 0 0 0 0 0 0 0 0 0 0 0
 0 0 0 0 0 0 0 0 0 0 0 0 0 0 0 0 0 0 0 0 0 0 0 0 0 0
 0 0 0 0 0 0 0 0 0 0 0 0 0 0 0 0 0 0 0 0 0 0 0 0 0 0
 0 0 0 0 0 0 0 0 0 0 0 0 0 0 0 0 0 0 0 0 0 0 0 0 0 0
 0 0 0 0 0 0 0 0 0 0 0 0 0 0 0 0 0 0 0 0 0 0 0 0 0 0
 0 0 0 0 0 0 0 0 0 0 0 0 0 0 0 0 0 0 0 0 0 0 0 0 0 0
 0 0 0 0 0 0 0 0 0 0 0 0 0 0 0 0 0 0 0 0 0 0 0 0 0 0
 0 0 0 0 0 0 0 0 0 0 0 0 0 0 0 0 0 0 0 0 0 0 0 0 0 0
 0 0 0 0 0 0 0 0 0 0 0 0 0 0 0 0 0 0 0 0 0 0 0 0 0 0
 0 0 0 0 0 0 0 0 0 0 0 0 0 0 0 0 0 0 0 0 0 0 0 0 0 0
 0 0 0 0 0 0 0 0 0 0 0 0 0 0 0 0 0 0 0 0 0 0 0 0 0 0
 0 0 0 0 0 0 0 0 0 0 0 0 0 0 0 0 0 0 0 0 0 0 0 0 0 0
 0.00862536 0 0 0.000197151 0.00414017 0.0128641 0.00837892 0.0270097 0.101434 0.158115 0.152841 0.127902 0.109271 0.109419 0.0830992 0.0579132 0.0238553 0.00714673 0.00463305 0.00128148 0.00103504 0.000492878 0.000147863 0.000147863 4.92878e-05 0
 0 0 0 0 0 0 0 0 0 0 0 0 0 0 0 0 0 0 0 0 0 0 0 0 0 0
 0 0 0 0 0 0 0 0.0054083 0.00873648 0.0413646 0.0450493 0.0745869 0.0622846 0.0627006 0.0613931 0.0827291 0.12552 0.122667 0.0946155 0.0697135 0.0546179 0.0294188 0.0215738 0.0213955 0.0102223 0.00600262
 0 0 0 0 0.00359764 0.0251062 0.0480494 0.140153 0.205849 0.193036 0.1447 0.116669 0.0760912 0.0342217 0.00950174 0.001854 0.000860785 0 0 0 0.000165536 0 0.000143464 0 0 0
 0 0 0 0 0 0 0 0.000145254 0.000435761 0.0275982 0.070085 0.0708112 0.156366 0.174668 0.174014 0.160142 0.0824315 0.0480064 0.0283245 0.00493863 0.00203355 0 0 0 0 0
 0 0 0 0 0 0 0 0 0 0 0 0 0 0 0 0 0 0 0 0 0 0 0 0 0 0
 0 0 1.00437e-05 0.000401748 0.00122533 0.00171747 0.00176769 0.0269171 0.070346 0.194647 0.189555 0.159765 0.064822 0.0314167 0.0384472 0.0292271 0.0345202 0.0313363 0.0194345 0.0106764 0.0143323 0.0359363 0.0279516 0.0138201 0.00172751 0
 0 0.0021121 0.0136068 0.0755702 0.200478 0.177729 0.0527432 0.0373336 0.0318909 0.0142505 0.0149659 0.0166563 0.0217959 0.0798694 0.0677717 0.0528807 0.04013 0.0224614 0.0357745 0.0225083 0.00881397 0.00855152 0.00135912 0.000746735 0 0
 0 0 0 0 5.4009e-05 0.00500934 0.000945158 0.0243581 0.138947 0.33067 0.221406 0.137944 0.0707744 0.0437923 0.0131692 0.00525238 0.0047753 0.00276346 9.45158e-05 9.00151e-06 2.25038e-05 9.00151e-06 4.50075e-06 0 0 0
 0.000866109 0.00284123 0.00948549 0.0512746 0.133035 0.25785 0.225252 0.132002 0.0553304 0.0519788 0.0540692 0.017754 0.00435017 0.00159236 0.00146478 0.000404838 0.000125132 0.000115318 0.000107957 0.000100596 0 0 0 0 0 0
 0 0 0 0 0.00144013 0.00171154 0.00461396 0.0210425 0.0478622 0.0707936 0.0888783 0.103762 0.0637923 0.0337046 0.0602308 0.124433 0.169614 0.0934646 0.0462172 0.0250306 0.0313229 0.00938855 0.002487 0.000210481 0 0
 0 0.00764035 0.051015 0.0998891 0.058973 0.0496711 0.0374665 0.0718981 0.12319 0.153886 0.159021 0.0857701 0.0377988 0.023471 0.0147837 0.00900784 0.00315554 0.000888139 0.00291439 0.00214683 0.00393193 0.00274676 0.000635225 9.99891e-05 0 0
 0 0 0 0 0 0 0 0 0 0 0 0 0 0 0 0 0 0 0 0 0 0 0 0 0 0
 0 0 0 0 0 0 0 0 0 0 0 0 0 0 0 0 0 0 0 0 0 0 0 0 0 0
 0 0 0 0 0 0 0 0 0 0 0 0 0 0 0 0 0 0 0 0 0 0 0 0 0 0
 0 0 0 0 0 0 0 0 0 0 0 0 0 0 0 0 0 0 0 0 0 0 0 0 0 0
 0 0 0 0 0 0 0 0 0 0 0 0 0 0 0 0 0 0 0 0 0 0 0 0 0 0
 0 0 0 0 0 0 0 0 0 0 0 0 0 0 0 0 0 0 0 0 0 0 0 0 0 0
ppred_pel_tallas
 1.12245e-16 4.26032e-05 0.000414119 0.00275196 0.01251 0.0389234 0.0829309 0.121042 0.121054 0.0829869 0.0391129 0.0130638 0.00416692 0.00358518 0.0063054 0.0109821 0.0172685 0.0247322 0.0328463 0.0411869 0.0493617 0.0566548 0.0618024 0.0633088 0.0602141 0.0527519
 1.21668e-16 3.97292e-05 0.000386182 0.00256632 0.0116661 0.0362978 0.0773372 0.112881 0.112907 0.0774641 0.0367242 0.0128994 0.00566747 0.00717526 0.0129932 0.0215842 0.031509 0.0405811 0.0466808 0.0490414 0.0487772 0.0480858 0.0487119 0.0508549 0.0532187 0.0539495
 1.17007e-16 5.1792e-05 0.000503437 0.00334552 0.0152082 0.0473186 0.100818 0.14715 0.147168 0.100903 0.0476059 0.01604 0.00544002 0.00509845 0.00884634 0.0147239 0.0216398 0.0281528 0.0328502 0.0351565 0.0356721 0.0356771 0.0361946 0.0373587 0.0384804 0.0385962
 1.06706e-16 6.43807e-05 0.000625804 0.00415869 0.0189048 0.0588199 0.125322 0.182915 0.182928 0.125388 0.0590386 0.0195371 0.00574806 0.00410251 0.00668864 0.0110134 0.0159988 0.0204255 0.0231084 0.0235372 0.0221819 0.0201462 0.0184455 0.017475 0.0169866 0.0164404
 1.04398e-16 5.8143e-05 0.000565171 0.00375576 0.0170732 0.053121 0.113181 0.165195 0.165218 0.113289 0.053486 0.0181276 0.00640322 0.00634721 0.0110471 0.0181923 0.0262524 0.0331254 0.0367119 0.0360556 0.0319088 0.0262048 0.020874 0.0169278 0.0143414 0.0125379
 1.02985e-16 6.57207e-05 0.000638829 0.00424524 0.0192983 0.0600441 0.127931 0.186722 0.186736 0.127998 0.0602709 0.0199539 0.00589317 0.00424309 0.00693091 0.0114066 0.0165478 0.0210659 0.0236876 0.0238175 0.0218659 0.0189168 0.016021 0.0136815 0.0118361 0.0101826
 1.04999e-16 4.51649e-05 0.000439019 0.00291744 0.0132623 0.0412641 0.0879187 0.128327 0.128362 0.0880889 0.0418355 0.0149132 0.00706274 0.00949223 0.0172507 0.0284787 0.0410947 0.0518365 0.0574053 0.0562803 0.0496086 0.0403867 0.0316214 0.0249123 0.0202796 0.0169165
 1.10165e-16 4.29199e-05 0.000417197 0.00277242 0.012603 0.0392129 0.0835481 0.121946 0.121972 0.0836742 0.0396367 0.01383 0.00586275 0.0071981 0.013023 0.0217282 0.0319196 0.0414459 0.0481075 0.0508474 0.0502623 0.0479464 0.0452517 0.0425206 0.0392746 0.034956
 1.12433e-16 5.04854e-05 0.000490736 0.00326111 0.0148246 0.0461248 0.0982745 0.143439 0.143458 0.0983704 0.0464472 0.0157576 0.00561012 0.00564216 0.0099041 0.0164804 0.0241823 0.0313705 0.0364191 0.0386273 0.0386028 0.0377153 0.0370683 0.0368263 0.0363291 0.0347241
 1.06917e-16 6.33661e-05 0.000615941 0.00409314 0.0186068 0.0578929 0.123347 0.180032 0.180046 0.123415 0.0581188 0.0192599 0.00573507 0.00420903 0.00691355 0.0113996 0.016585 0.0212245 0.0241037 0.0246952 0.0234676 0.0215269 0.0198786 0.0188946 0.0183053 0.0175706
 1.0225e-16 7.06933e-05 0.000687164 0.00456645 0.0207584 0.0645872 0.13761 0.200848 0.200859 0.137662 0.0647605 0.0212593 0.00582407 0.00343411 0.00529227 0.00864976 0.0124836 0.0157643 0.0174957 0.0172263 0.0153137 0.012672 0.0102097 0.00839589 0.00720733 0.00636219
 1.01547e-16 6.52442e-05 0.000634197 0.00421446 0.0191584 0.0596088 0.127004 0.185369 0.185386 0.127088 0.0598911 0.0199735 0.00626036 0.00509967 0.00854382 0.0140156 0.0201701 0.0253352 0.0278521 0.0269542 0.0232192 0.0181729 0.0133772 0.00971043 0.00725448 0.00564256
 1.0221e-16 6.12938e-05 0.000595798 0.00395929 0.0179984 0.0559997 0.119314 0.174146 0.174166 0.11941 0.0563219 0.0189293 0.00629731 0.00570356 0.00977308 0.0160888 0.0232374 0.0293588 0.0325916 0.0320634 0.0283856 0.0231984 0.0181521 0.0141336 0.011186 0.0089286
 1.0344e-16 5.81179e-05 0.000564927 0.00375414 0.0170658 0.0530981 0.113132 0.165124 0.165145 0.113236 0.053447 0.0180741 0.00628745 0.00610245 0.0105962 0.0174816 0.0253075 0.0320971 0.035866 0.0356868 0.0322085 0.0271536 0.0222209 0.0182696 0.0152647 0.012759
 1.02992e-16 6.56496e-05 0.000638137 0.00424065 0.0192774 0.0599791 0.127792 0.18652 0.186534 0.127861 0.0602083 0.0199399 0.00590556 0.00427897 0.00699888 0.0115155 0.0166969 0.0212383 0.0238515 0.0239384 0.0219226 0.018913 0.0159837 0.0136474 0.0118337 0.0102201
 1.00516e-16 7.85409e-05 0.000763445 0.00507336 0.0230628 0.0717569 0.152886 0.223142 0.223145 0.152903 0.0718157 0.0232328 0.00550027 0.0016958 0.00185045 0.00293803 0.00423222 0.00533794 0.00591085 0.00579402 0.00510553 0.00415408 0.00324962 0.00255734 0.0020798 0.00173422
 1.01369e-16 3.54339e-05 0.00034443 0.00228886 0.0104049 0.0323737 0.0689775 0.100686 0.100738 0.069233 0.0332315 0.0128815 0.00850094 0.0138905 0.0257177 0.0423445 0.0607231 0.0757869 0.0823961 0.0781806 0.0649824 0.0476785 0.0313662 0.01907 0.0112735 0.00689489
 1.01517e-16 7.56916e-05 0.00073575 0.00488932 0.0222261 0.0691537 0.147339 0.215047 0.21505 0.147356 0.0692104 0.0223907 0.00530524 0.00165324 0.00184596 0.00300416 0.00448769 0.00599024 0.00724159 0.00809558 0.00857417 0.00877855 0.00875293 0.00843471 0.00773005 0.00663105
 1.02e-16 5.47021e-05 0.000531724 0.00353349 0.0160628 0.0499774 0.106483 0.155422 0.155451 0.106628 0.0504649 0.0174701 0.00706392 0.00823111 0.0146552 0.0240843 0.0345568 0.0431826 0.0470622 0.044875 0.0376882 0.028274 0.0194978 0.0130107 0.00899465 0.00674386
 1.04136e-16 5.56091e-05 0.00054054 0.00359208 0.0163291 0.0508059 0.108248 0.157996 0.158017 0.108351 0.0511509 0.0173268 0.0061015 0.00603522 0.0105394 0.0174614 0.0254393 0.0325923 0.037014 0.0377808 0.0354274 0.0314479 0.027267 0.023532 0.0201507 0.0167983
 1.03898e-16 6.42575e-05 0.000624605 0.00415072 0.0188686 0.0587073 0.125083 0.182565 0.182579 0.125153 0.0589439 0.0195527 0.00587029 0.00438619 0.00723114 0.0119136 0.0172995 0.0220606 0.0248866 0.0251777 0.0233789 0.0206221 0.0179773 0.0159124 0.0142851 0.012707
 1.02817e-16 6.4708e-05 0.000628984 0.00417982 0.0190009 0.0591189 0.12596 0.183845 0.183861 0.126039 0.0593842 0.0197675 0.00610489 0.00483389 0.008058 0.0132387 0.0191115 0.0241338 0.0267792 0.026348 0.0233746 0.0192441 0.0153381 0.012378 0.0103495 0.00885798
 1.06731e-16 3.04286e-05 0.000295777 0.00196555 0.00893512 0.0278007 0.0592342 0.086464 0.086512 0.0594684 0.0285872 0.0112075 0.00767224 0.0127624 0.0237329 0.0392552 0.0567045 0.0716394 0.079535 0.0782857 0.0694197 0.056977 0.0450059 0.0356533 0.0289597 0.0238962
 1.06454e-16 6.45292e-05 0.000627247 0.00416828 0.0189484 0.0589555 0.125611 0.183335 0.183343 0.12565 0.0590859 0.0193269 0.00512598 0.00274315 0.00415718 0.00696475 0.0104815 0.014135 0.0173661 0.0198926 0.0217931 0.023277 0.0243535 0.0247201 0.0239682 0.0219059
 1.05799e-16 5.59629e-05 0.000543979 0.00361493 0.016433 0.0511292 0.108937 0.159002 0.159026 0.109056 0.0515268 0.0175814 0.00649746 0.00683658 0.0120075 0.019766 0.0284831 0.0358643 0.0396283 0.0387679 0.0341721 0.0280344 0.0225235 0.0187395 0.0165639 0.0152092
 1.08694e-16 4.09373e-05 0.000397925 0.00264435 0.0120209 0.0374015 0.0796891 0.116316 0.116349 0.0798511 0.0379456 0.013594 0.00659914 0.00905117 0.0165335 0.0274214 0.0398555 0.0508693 0.0574448 0.058167 0.0539999 0.0474866 0.0410653 0.0358596 0.0316634 0.0277336
 1.06265e-16 6.42148e-05 0.000624191 0.00414797 0.0188561 0.0586683 0.124999 0.182442 0.182453 0.125052 0.0588441 0.0193652 0.00543091 0.00344168 0.00546483 0.00906382 0.0133597 0.0174552 0.0204754 0.0220202 0.022357 0.0221287 0.0218265 0.0214751 0.0207347 0.0192495
 1.04436e-16 6.06384e-05 0.000589427 0.00391695 0.0178059 0.0554009 0.118038 0.172284 0.172304 0.118135 0.0557267 0.018747 0.00627963 0.00574852 0.00986299 0.0162219 0.0233947 0.0294957 0.0326546 0.0320338 0.0283334 0.0233128 0.0187175 0.0154427 0.013422 0.0120702
 1.0855e-16 3.16569e-05 0.000307716 0.00204488 0.00929577 0.0289228 0.0616248 0.0899523 0.0899962 0.061839 0.0296426 0.011376 0.00727128 0.011733 0.0217773 0.0360751 0.0522519 0.0663105 0.074175 0.0739437 0.0669633 0.0567883 0.0469168 0.0391056 0.0332547 0.0284
 1.1656e-16 3.94897e-05 0.000383854 0.00255084 0.0115958 0.0360789 0.0768706 0.112199 0.112219 0.0769669 0.0364034 0.0125377 0.00493196 0.00563793 0.0101831 0.0172061 0.0258016 0.0345942 0.0421695 0.047846 0.0519175 0.0550737 0.0575257 0.0586471 0.0574159 0.0532046
pSPR Fmed_Fpbrs
0.617345   0.213822 0.213822
Fs Fmed_Fpbrs
0.263389   1.005 1.005
SSBpbr Bo_Bmed_Bpbrs
1.84774e+06  1.04831e+06  302702 302702
Ro
163806
SPR SPRFo_SPRFmed_SPRFpbrs
1.16603e+06 719845 249324
Fref
1.005
log_Ro
11.8264
likeval ReclasPelacesDesembMPH_pf_preclas_ppelaces_ptallas_desvR_qrecl_qpela
 12.9315 18.1125 0.0507167 0.0025947 228.8 117.744 82.4146 0 24.7341 0 0 0.258577 0 0 0
q_reclas_q_pelaces
1 1
M
1
N
 190360 42657.4 131505 8158.71 0.265511
 107002 62422 13560.2 41803.5 2593.62
 106466 31904.6 17585.4 3820.14 12507.5
 168497 31893.2 9041.48 4983.55 4627.1
 134879 45148.9 7844.58 2223.88 2363.88
 237236 44520.9 14472.6 2514.6 1470.62
 96719.2 70813.3 12559.6 4082.82 1124.26
 42821.4 22176.4 14289.9 2534.49 1050.77
 41283.9 14572.8 7389.91 4761.85 1194.72
 55282.2 11192 3637.97 1844.82 1487
 103908 13539.2 2455.75 798.241 731.066
 141255 34815.6 4423.4 802.322 499.642
 117331 34880.7 7719.52 980.784 288.679
 82706.9 29700.7 7981.42 1766.38 290.479
 81256.7 16219.2 4914.16 1320.58 340.321
 462769 19422.9 3450.65 1045.49 353.357
 92605.3 122694 4713.54 837.403 339.472
 689593 27607.2 34557.5 1327.6 331.474
 411440 204780 7737.37 9685.3 464.981
 328390 111916 51339.9 1939.81 2544.75
 463046 92580.7 29363.2 13469.9 1176.6
 614954 139043 26316.4 8346.59 4163.33
 125495 174630 36817.7 6968.39 3312.54
 374279 39586.8 52844.9 11141.4 3111.11
 314683 120137 12247.1 16348.8 4409.34
 142768 100859 37097.8 3781.84 6410.01
 323681 46981.7 32205.9 11845.9 3254.42
 363393 104190 14587.1 9999.46 4688.43
 99014.4 119804 33347.5 4668.81 4701.06
 75282.5 32678.5 38397.4 10687.9 3003.05
pred_Ctot
 13195.2 3708.36 11432.2 709.266 0.0230818
 13038.3 9444.39 2051.64 6324.83 392.413
 12708.9 4731.12 2607.73 566.488 1854.73
 29686.1 6902.49 1956.81 1078.57 1001.42
 8838.36 3713.04 645.138 182.892 194.405
 28770.8 6704.86 2179.58 378.7 221.475
 23929.2 21207.2 3761.37 1222.73 336.693
 2040.96 1330.95 857.624 152.11 63.0632
 7037.76 3055.22 1549.3 998.328 250.476
 12072 2976.49 967.508 490.625 395.464
 5904.09 967.067 175.408 57.0162 52.2181
 30318.1 9107.73 1157.16 209.887 130.706
 23845.2 8660.24 1916.61 243.51 71.6737
 25675.3 11008.9 2958.42 654.733 107.67
 18628.5 4518.19 1368.94 367.873 94.8031
 83904.7 4321.48 767.75 232.616 78.6199
 11292.6 18577.1 713.678 126.791 51.3996
 85515 4249.1 5318.84 204.334 51.0181
 69459.5 42530.6 1606.97 2011.53 96.5714
 49563.9 20854.7 9566.76 361.468 474.192
 54682.8 13585.3 4308.76 1976.58 172.655
 90548.5 25295.3 4787.58 1518.44 757.408
 11449.7 19899.5 4195.44 794.061 377.47
 30498.3 4036.33 5388.14 1135.99 317.213
 25903.2 12372.2 1261.25 1683.66 454.09
 9606.05 8514.15 3131.66 319.25 541.11
 25858.3 4697.83 3220.36 1184.51 325.419
 24064.7 8658.24 1212.2 830.96 389.611
 6495.61 9863.8 2745.58 384.395 387.05
 7209.85 3905.49 4588.97 1277.34 358.902
F
 0.114998 0.146063 0.146063 0.146063 0.146063
 0.210095 0.266849 0.266849 0.266849 0.266849
 0.205433 0.260927 0.260927 0.260927 0.260927
 0.31695 0.402569 0.402569 0.402569 0.402569
 0.10842 0.137708 0.137708 0.137708 0.137708
 0.209011 0.265471 0.265471 0.265471 0.265471
 0.472782 0.600496 0.600496 0.600496 0.600496
 0.0778769 0.0989141 0.0989141 0.0989141 0.0989141
 0.305271 0.387735 0.387735 0.387735 0.387735
 0.406863 0.516771 0.516771 0.516771 0.516771
 0.093437 0.118677 0.118677 0.118677 0.118677
 0.39863 0.506313 0.506313 0.506313 0.506313
 0.373833 0.474818 0.474818 0.474818 0.474818
 0.629106 0.799049 0.799049 0.799049 0.799049
 0.431163 0.547634 0.547634 0.547634 0.547634
 0.327534 0.416012 0.416012 0.416012 0.416012
 0.210268 0.267069 0.267069 0.267069 0.267069
 0.214164 0.272016 0.272016 0.272016 0.272016
 0.301913 0.38347 0.38347 0.38347 0.38347
 0.266121 0.33801 0.33801 0.33801 0.33801
 0.203041 0.257889 0.257889 0.257889 0.257889
 0.258876 0.328807 0.328807 0.328807 0.328807
 0.153772 0.195311 0.195311 0.195311 0.195311
 0.13637 0.173208 0.173208 0.173208 0.173208
 0.137841 0.175077 0.175077 0.175077 0.175077
 0.111464 0.141575 0.141575 0.141575 0.141575
 0.133543 0.169617 0.169617 0.169617 0.169617
 0.109622 0.139235 0.139235 0.139235 0.139235
 0.108549 0.137872 0.137872 0.137872 0.137872
 0.161951 0.2057 0.2057 0.2057 0.2057
nmprior
 8 9 7.5 0
nm_flota  nm_reclas  nm_pelaces    nm_pelaL
inf 12.7448 15.9401 27.7326
cv_recla  cv_pelaces  cv_mph
0.332929 0.500788 1.57199
 ------------------------------------------------
Talla a la edad & desviación 
 8 13.2811 15.8009 17.003 17.5766
 0.8 1.32811 1.58009 1.7003 1.75766
