years
 1991 1992 1993 1994 1995 1996 1997 1998 1999 2000 2001 2002 2003 2004 2005 2006 2007 2008 2009 2010 2011 2012 2013 2014 2015 2016 2017
reclasobs
 0 0 0 0 0 0 0 0 0 252601 567819 844713 477998 351125 339783 2.1784e+06 2.13404e+06 4.81314e+06 1.55562e+06 2.62356e+06 3.21686e+06 3.843e+06 1.13348e+06 3.07943e+06 1.97215e+06 2.03268e+06 2.025e+06
reclaspred
 3.22279e+06 2.41931e+06 1.84354e+06 2.01162e+06 2.10215e+06 2.42406e+06 2.02636e+06 2.8572e+06 2.9924e+06 3.17963e+06 2.32953e+06 2.34162e+06 2.15828e+06 2.01948e+06 2.0851e+06 2.12562e+06 2.21613e+06 2.56319e+06 1.4703e+06 1.08089e+06 1.72847e+06 1.0817e+06 1.36699e+06 2.06328e+06 1.82608e+06 2.20486e+06 2.37802e+06
pelacesobs
 0 0 0 0 0 0 0 0 0 0 0 0 0 0 0 552880 188675 0 991730 2.46772e+06 1.41603e+06 1.21717e+06 2.29649e+06 1.80582e+06 0 1.4828e+06 1.56532e+06
pelacespred
 1.48046e+06 1.20539e+06 904705 870527 985380 1.12074e+06 952950 1.47716e+06 1.638e+06 1.62755e+06 1.33395e+06 1.12296e+06 1.09034e+06 1.11294e+06 1.15468e+06 1.00887e+06 1.00978e+06 1.1086e+06 720856 466932 679633 474226 628313 1.01331e+06 911854 1.07427e+06 1.28849e+06
mphobs
 0 0 0 0 0 0 0 0 0 0 0 498337 0 5186 125008 0 168611 109162 213762 579715 649985 157893 87575 83554 0 0 0
mphpred
 2.85514e+06 2.27366e+06 1.71181e+06 1.47135e+06 1.65789e+06 1.79676e+06 1.83909e+06 1.68051e+06 2.36822e+06 2.70225e+06 2.17307e+06 1.963e+06 1.78336e+06 1.57218e+06 1.513e+06 1.87202e+06 1.61547e+06 2.00966e+06 1.5062e+06 889227 1.05173e+06 1.09249e+06 753443 1.29713e+06 1.66232e+06 1.45854e+06 1.84353e+06
desembarqueobs
 494567 514787 250237 358949 120608 361735 552515 73892 212993 205616 52469 317467 293654 387597 252695 516296 358380 742168 942051 627588 828172 859565 418607 520667 417249 300574 407403
desembarquepred
 493791 496220 259704 359038 120630 361806 552652 73905.9 213075 205702 52481.2 317667 293826 387866 252809 516515 358426 741710 940164 626477 827247 858000 418555 520716 417292 300626 407475
Reclutas
 314610 314610 314610 314610 314610 314610 314610 314610 314610 314610 314610 314610 314610 314610 314610 314610 314610 314610 314610 314610 314610 314610 314610 314610 314610 314610 314610
log_desv_Rt
 0 0 0 0 0 0 0 0 0 0 0 0 0 0 0 0 0 0 0 0 0 0 0 0 0 0 0
SSB
 2.85514e+06 2.27366e+06 1.71181e+06 1.47135e+06 1.65789e+06 1.79676e+06 1.83909e+06 1.68051e+06 2.36822e+06 2.70225e+06 2.17307e+06 1.963e+06 1.78336e+06 1.57218e+06 1.513e+06 1.87202e+06 1.61547e+06 2.00966e+06 1.5062e+06 889227 1.05173e+06 1.09249e+06 753443 1.29713e+06 1.66232e+06 1.45854e+06 1.84353e+06
BT
 4.18441e+06 3.66453e+06 2.55565e+06 2.74926e+06 2.74922e+06 3.54114e+06 3.06651e+06 4.90581e+06 5.07473e+06 4.61837e+06 3.66008e+06 3.32688e+06 3.36353e+06 3.88148e+06 3.9165e+06 3.2226e+06 3.23279e+06 3.75296e+06 3.10435e+06 1.98579e+06 2.86645e+06 2.22354e+06 2.53038e+06 3.84649e+06 2.90011e+06 3.63514e+06 4.39118e+06
Ftot
 0.145306 0.193719 0.133726 0.169013 0.0548334 0.141668 0.256275 0.0247777 0.0679965 0.0617811 0.0215825 0.12886 0.129338 0.181848 0.115415 0.22888 0.153433 0.271483 0.582795 0.532623 0.442982 0.713171 0.287963 0.238055 0.215563 0.12962 0.162455
BD_Bspro_t
 0.977019 0.858601 0.775422 0.765197 0.777948 0.829273 0.798617 0.746902 0.856641 0.88776 0.890638 0.913023 0.855516 0.814109 0.797428 0.811497 0.735753 0.768495 0.652907 0.50085 0.491511 0.483008 0.426262 0.593383 0.675375 0.695986 0.776724
BD_Bspro
 1.27738 1.01723 0.765862 0.658277 0.741737 0.803866 0.822805 0.751858 1.05954 1.20898 0.972227 0.878242 0.797871 0.70339 0.676913 0.837537 0.72276 0.899117 0.673873 0.397838 0.47054 0.488777 0.337089 0.580334 0.743718 0.652546 0.824789
BD_Bo
 1.20068 0.956148 0.719872 0.618747 0.697196 0.755594 0.773395 0.706709 0.995911 1.13638 0.913845 0.825503 0.749959 0.661152 0.636264 0.787242 0.679358 0.845125 0.633406 0.373948 0.442284 0.459426 0.316847 0.545485 0.699057 0.613361 0.77526
BD_Brms
 5.15098 4.10194 3.0883 2.65447 2.99102 3.24155 3.31792 3.03183 4.27253 4.87515 3.92046 3.54146 3.21737 2.83639 2.72962 3.37732 2.91449 3.62564 2.71736 1.60426 1.89743 1.97097 1.35929 2.34017 2.999 2.63136 3.32592
Sel_flota
 0.5 1 1 1 1
 0.5 1 1 1 1
 0.5 1 1 1 1
 0.5 1 1 1 1
 0.5 1 1 1 1
 0.5 1 1 1 1
 0.5 1 1 1 1
 0.5 1 1 1 1
 0.5 1 1 1 1
 0.5 1 1 1 1
 0.5 1 1 1 1
 0.5 1 1 1 1
 0.5 1 1 1 1
 0.5 1 1 1 1
 0.5 1 1 1 1
 0.5 1 1 1 1
 0.5 1 1 1 1
 0.5 1 1 1 1
 0.5 1 1 1 1
 0.5 1 1 1 1
 0.5 1 1 1 1
 0.5 1 1 1 1
 0.5 1 1 1 1
 0.5 1 1 1 1
 0.5 1 1 1 1
 0.5 1 1 1 1
 0.5 1 1 1 1
Sel_reclas
 0.5 1 1 1 1
 0.5 1 1 1 1
 0.5 1 1 1 1
 0.5 1 1 1 1
 0.5 1 1 1 1
 0.5 1 1 1 1
 0.5 1 1 1 1
 0.5 1 1 1 1
 0.5 1 1 1 1
 0.5 1 1 1 1
 0.5 1 1 1 1
 0.5 1 1 1 1
 0.5 1 1 1 1
 0.5 1 1 1 1
 0.5 1 1 1 1
 0.5 1 1 1 1
 0.5 1 1 1 1
 0.5 1 1 1 1
 0.5 1 1 1 1
 0.5 1 1 1 1
 0.5 1 1 1 1
 0.5 1 1 1 1
 0.5 1 1 1 1
 0.5 1 1 1 1
 0.5 1 1 1 1
 0.5 1 1 1 1
 0.5 1 1 1 1
Sel_pelaces
 0.5 1 1 1 1
 0.5 1 1 1 1
 0.5 1 1 1 1
 0.5 1 1 1 1
 0.5 1 1 1 1
 0.5 1 1 1 1
 0.5 1 1 1 1
 0.5 1 1 1 1
 0.5 1 1 1 1
 0.5 1 1 1 1
 0.5 1 1 1 1
 0.5 1 1 1 1
 0.5 1 1 1 1
 0.5 1 1 1 1
 0.5 1 1 1 1
 0.5 1 1 1 1
 0.5 1 1 1 1
 0.5 1 1 1 1
 0.5 1 1 1 1
 0.5 1 1 1 1
 0.5 1 1 1 1
 0.5 1 1 1 1
 0.5 1 1 1 1
 0.5 1 1 1 1
 0.5 1 1 1 1
 0.5 1 1 1 1
 0.5 1 1 1 1
pf_obs 
 0.8446 0.082 0.0669 0.0065 0
 0.8095 0.147 0.0364 0.0071 0
 0.9664 0.0169 0.016 0.0007 0
 0.9276 0.0648 0.0075 0.0001 0
 0.7033 0.2144 0.0806 0.0017 0
 0.9318 0.0425 0.0243 0.0014 0
 0.5671 0.3108 0.0964 0.0239 0.0018
 0.0768 0.2599 0.5324 0.112 0.0189
 0.490249 0.384438 0.106611 0.0170017 0.00170017
 0.7925 0.1577 0.0466 0.003 0.0002
 0.840416 0.127587 0.0312969 0.00059994 9.999e-05
 0.8084 0.0986 0.0794 0.0134 0.0002
 0.7335 0.1905 0.0724 0.0035 0.0001
 0.4001 0.4547 0.1325 0.0127 0
 0.49795 0.308269 0.164784 0.0264974 0.00249975
 0.9179 0.0499 0.0305 0.0017 0
 0.2467 0.6533 0.0926 0.0074 0
 0.9418 0.0223 0.034 0.0019 0
 0.707729 0.231977 0.0356964 0.0245975 0
 0.517169 0.277429 0.184464 0.0207286 0.00020938
 0.811772 0.124168 0.05621 0.00726502 0.000585176
 0.764997 0.148141 0.077277 0.00933861 0.000247198
 0.163321 0.427699 0.378323 0.0303852 0.000271297
 0.753843 0.0900009 0.118128 0.0371064 0.000921714
 0.721811 0.176058 0.0630433 0.0369309 0.00215725
 0.143369 0.312575 0.442814 0.0836902 0.0175525
 0.692698 0.0596174 0.167031 0.0765114 0.00414204
pf_pred 
 0.42505 0.363438 0.133701 0.0491859 0.0286251
 0.479853 0.315637 0.129275 0.0475575 0.0276774
 0.504473 0.327792 0.101785 0.041688 0.0242615
 0.50537 0.335994 0.104938 0.0325852 0.0211128
 0.505134 0.337678 0.106775 0.0333481 0.0170646
 0.492467 0.342456 0.112642 0.0356179 0.0168166
 0.506933 0.329989 0.110036 0.0361938 0.016848
 0.517053 0.332951 0.100386 0.0334741 0.0161358
 0.488097 0.349743 0.111796 0.0337068 0.0166576
 0.484722 0.340333 0.119526 0.0382067 0.0172123
 0.480565 0.341287 0.117664 0.0413241 0.0191601
 0.478568 0.339242 0.119705 0.0412703 0.0212146
 0.494043 0.331889 0.113248 0.0399608 0.0208591
 0.501958 0.333607 0.107863 0.0368053 0.0197663
 0.509048 0.333965 0.105156 0.0339995 0.0178319
 0.507059 0.336222 0.106606 0.0335672 0.0165453
 0.519567 0.330408 0.102328 0.0324452 0.0152515
 0.518047 0.334261 0.101572 0.0314569 0.0146626
 0.549252 0.315452 0.0938359 0.0285139 0.012947
 0.600242 0.297677 0.0714408 0.0212512 0.0093897
 0.601314 0.310783 0.0654565 0.0157092 0.00673766
 0.600678 0.309611 0.0699313 0.0147288 0.00505092
 0.618973 0.300929 0.0621032 0.0140272 0.00396751
 0.56223 0.341378 0.0761286 0.0157108 0.00455227
 0.539947 0.337615 0.0954782 0.021292 0.00566726
 0.526243 0.338503 0.0992581 0.0280704 0.00792596
 0.511221 0.341028 0.10557 0.0309559 0.0112263
pobs_RECLAS
 0 0 0 0 0
 0 0 0 0 0
 0 0 0 0 0
 0 0 0 0 0
 0 0 0 0 0
 0 0 0 0 0
 0 0 0 0 0
 0 0 0 0 0
 0 0 0 0 0
 0 0 0 0 0
 0.991045 0.00858322 0.000360255 1.14367e-05 0
 0.934742 0.0480273 0.0164251 0.00080598 0
 0.827803 0.169806 0.00239088 0 0
 0.941827 0.0461693 0.0120037 0 0
 0.791401 0.0380133 0.147996 0.0225897 0
 0.846168 0.0940531 0.0597789 0 0
 0.134021 0.677848 0.182769 0.00536245 0
 0.80878 0.0450904 0.141981 0.00414843 0
 0.846168 0.0940531 0.0597789 0 0
 0.905697 0.0802665 0.012482 0.00150086 5.37128e-05
 0.989698 0.0102097 9.19794e-05 0 0
 0.975433 0.0193895 0.00387452 0.00125025 5.28907e-05
 0.303575 0.632131 0.0575291 0.00676475 0
 0.966965 0.00978017 0.0227588 0.000495775 0
 0.843318 0.132988 0.00938335 0.0141283 0.000182051
 0.564624 0.303363 0.111486 0.0197234 0.00080311
 0.826376 0.0876187 0.0782897 0.00655872 0.00115652
ppred_RECLAS
 0.426659 0.362421 0.133327 0.0490483 0.028545
 0.482112 0.314266 0.128713 0.047351 0.0275572
 0.505975 0.326798 0.101477 0.0415616 0.0241879
 0.507313 0.334674 0.104526 0.0324572 0.0210299
 0.505718 0.33728 0.106649 0.0333088 0.0170445
 0.494067 0.341376 0.112287 0.0355057 0.0167636
 0.510041 0.327909 0.109342 0.0359656 0.0167418
 0.517311 0.332773 0.100332 0.0334562 0.0161272
 0.488828 0.349244 0.111636 0.0336587 0.0166338
 0.485383 0.339896 0.119373 0.0381577 0.0171902
 0.480789 0.341139 0.117613 0.0413063 0.0191519
 0.480009 0.338304 0.119374 0.0411562 0.021156
 0.495492 0.330939 0.112924 0.0398463 0.0207994
 0.504066 0.332195 0.107407 0.0366496 0.0196827
 0.510328 0.333094 0.104882 0.0339108 0.0177854
 0.50979 0.33436 0.106016 0.0333812 0.0164536
 0.52131 0.32921 0.101957 0.0323274 0.0151962
 0.521366 0.331959 0.100872 0.0312403 0.0145616
 0.557591 0.309616 0.0920999 0.0279864 0.0127074
 0.607438 0.292318 0.0701548 0.0208686 0.00922068
 0.607026 0.30633 0.0645186 0.0154841 0.00664111
 0.611159 0.301485 0.0680959 0.0143422 0.00491835
 0.622326 0.298281 0.0615567 0.0139037 0.0039326
 0.565041 0.339186 0.0756399 0.0156099 0.00452304
 0.542482 0.335755 0.0949523 0.0211747 0.00563605
 0.527691 0.337468 0.0989547 0.0279846 0.00790173
 0.513079 0.339731 0.105168 0.0308382 0.0111836
pobs_PELACES
 0 0 0 0 0
 0 0 0 0 0
 0 0 0 0 0
 0 0 0 0 0
 0 0 0 0 0
 0 0 0 0 0
 0 0 0 0 0
 0 0 0 0 0
 0 0 0 0 0
 0 0 0 0 0
 0 0 0 0 0
 0 0 0 0 0
 0 0 0 0 0
 0 0 0 0 0
 0 0 0 0 0
 0 0 0 0 0
 0.505614 0.472636 0.0217494 0 0
 0 0 0 0 0
 0.443492 0.261883 0.143347 0.151278 0
 0.227955 0.32914 0.350689 0.0885471 0.00366901
 0.970185 0.0296113 0.000203453 0 0
 0.997202 0.00247181 0.000326279 0 0
 0.445219 0.490057 0.0546422 0.010081 0
 0.90214 0.0892962 0.00764917 0.000914606 0
 0 0 0 0 0
 0.581667 0.319106 0.0959925 0.00289975 0.000334073
 0.762889 0.0836404 0.116647 0.0363945 0.000428098
ppred_PELACES
 0.432534 0.358707 0.131961 0.0485457 0.0282525
 0.490097 0.309421 0.126729 0.0466209 0.0271323
 0.51149 0.323151 0.100344 0.0410977 0.0239179
 0.514281 0.329941 0.103048 0.0319981 0.0207324
 0.50798 0.335736 0.106161 0.0331564 0.0169665
 0.499911 0.337433 0.11099 0.0350956 0.01657
 0.520602 0.320841 0.106986 0.0351903 0.0163809
 0.518332 0.332069 0.10012 0.0333855 0.0160931
 0.491632 0.347328 0.111024 0.0334741 0.0165426
 0.487929 0.338214 0.118782 0.0379689 0.0171052
 0.481679 0.340555 0.117412 0.0412356 0.0191191
 0.485318 0.33485 0.118156 0.040736 0.02094
 0.500827 0.327439 0.11173 0.039425 0.0205795
 0.511565 0.327172 0.105783 0.0360954 0.0193851
 0.515086 0.329857 0.103863 0.0335813 0.0176126
 0.519223 0.327926 0.103976 0.0327389 0.016137
 0.527624 0.324867 0.100612 0.031901 0.0149957
 0.532532 0.324215 0.0985193 0.0305115 0.0142219
 0.581163 0.293119 0.0871926 0.0264952 0.0120304
 0.628185 0.276869 0.0664471 0.0197657 0.00873336
 0.624319 0.29285 0.0616795 0.0148027 0.00634887
 0.63873 0.280107 0.0632674 0.0133253 0.0045696
 0.633427 0.289514 0.0597474 0.0134951 0.00381701
 0.574669 0.331679 0.0739656 0.0152644 0.00442292
 0.551295 0.329287 0.0931231 0.0207668 0.00552747
 0.533018 0.333662 0.0978386 0.0276689 0.00781261
 0.519773 0.33506 0.103723 0.0304142 0.0110298
pobs_pel_tallas
 0 0 0 0 0 0 0 0 0 0 0 0 0 0 0 0 0 0 0 0 0 0 0 0 0 0
 0 0 0 0 0 0 0 0 0 0 0 0 0 0 0 0 0 0 0 0 0 0 0 0 0 0
 0 0 0 0 0 0 0 0 0 0 0 0 0 0 0 0 0 0 0 0 0 0 0 0 0 0
 0 0 0 0 0 0 0 0 0 0 0 0 0 0 0 0 0 0 0 0 0 0 0 0 0 0
 0 0 0 0 0 0 0 0 0 0 0 0 0 0 0 0 0 0 0 0 0 0 0 0 0 0
 0 0 0 0 0 0 0 0 0 0 0 0 0 0 0 0 0 0 0 0 0 0 0 0 0 0
 0 0 0 0 0 0 0 0 0 0 0 0 0 0 0 0 0 0 0 0 0 0 0 0 0 0
 0 0 0 0 0 0 0 0 0 0 0 0 0 0 0 0 0 0 0 0 0 0 0 0 0 0
 0 0 0 0 0 0 0 0 0 0 0 0 0 0 0 0 0 0 0 0 0 0 0 0 0 0
 0 0 0 0 0 0 0 0 0 0 0 0 0 0 0 0 0 0 0 0 0 0 0 0 0 0
 0 0 0 0 0 0 0 0 0 0 0 0 0 0 0 0 0 0 0 0 0 0 0 0 0 0
 0 0 0 0 0 0 0 0 0 0 0 0 0 0 0 0 0 0 0 0 0 0 0 0 0 0
 0.00862536 0 0 0.000197151 0.00414017 0.0128641 0.00837892 0.0270097 0.101434 0.158115 0.152841 0.127902 0.109271 0.109419 0.0830992 0.0579132 0.0238553 0.00714673 0.00463305 0.00128148 0.00103504 0.000492878 0.000147863 0.000147863 4.92878e-05 0
 0 0 0 0 0 0 0 0 0 0 0 0 0 0 0 0 0 0 0 0 0 0 0 0 0 0
 0 0 0 0 0 0 0 0.0054083 0.00873648 0.0413646 0.0450493 0.0745869 0.0622846 0.0627006 0.0613931 0.0827291 0.12552 0.122667 0.0946155 0.0697135 0.0546179 0.0294188 0.0215738 0.0213955 0.0102223 0.00600262
 0 0 0 0 0.00359764 0.0251062 0.0480494 0.140153 0.205849 0.193036 0.1447 0.116669 0.0760912 0.0342217 0.00950174 0.001854 0.000860785 0 0 0 0.000165536 0 0.000143464 0 0 0
 0 0 0 0 0 0 0 0.000145254 0.000435761 0.0275982 0.070085 0.0708112 0.156366 0.174668 0.174014 0.160142 0.0824315 0.0480064 0.0283245 0.00493863 0.00203355 0 0 0 0 0
 0 0 0 0 0 0 0 0 0 0 0 0 0 0 0 0 0 0 0 0 0 0 0 0 0 0
 0 0 1.00437e-05 0.000401748 0.00122533 0.00171747 0.00176769 0.0269171 0.070346 0.194647 0.189555 0.159765 0.064822 0.0314167 0.0384472 0.0292271 0.0345202 0.0313363 0.0194345 0.0106764 0.0143323 0.0359363 0.0279516 0.0138201 0.00172751 0
 0 0.0021121 0.0136068 0.0755702 0.200478 0.177729 0.0527432 0.0373336 0.0318909 0.0142505 0.0149659 0.0166563 0.0217959 0.0798694 0.0677717 0.0528807 0.04013 0.0224614 0.0357745 0.0225083 0.00881397 0.00855152 0.00135912 0.000746735 0 0
 0 0 0 0 5.4009e-05 0.00500934 0.000945158 0.0243581 0.138947 0.33067 0.221406 0.137944 0.0707744 0.0437923 0.0131692 0.00525238 0.0047753 0.00276346 9.45158e-05 9.00151e-06 2.25038e-05 9.00151e-06 4.50075e-06 0 0 0
 0.000866109 0.00284123 0.00948549 0.0512746 0.133035 0.25785 0.225252 0.132002 0.0553304 0.0519788 0.0540692 0.017754 0.00435017 0.00159236 0.00146478 0.000404838 0.000125132 0.000115318 0.000107957 0.000100596 0 0 0 0 0 0
 0 0 0 0 0.00144013 0.00171154 0.00461396 0.0210425 0.0478622 0.0707936 0.0888783 0.103762 0.0637923 0.0337046 0.0602308 0.124433 0.169614 0.0934646 0.0462172 0.0250306 0.0313229 0.00938855 0.002487 0.000210481 0 0
 0 0.00764035 0.051015 0.0998891 0.058973 0.0496711 0.0374665 0.0718981 0.12319 0.153886 0.159021 0.0857701 0.0377988 0.023471 0.0147837 0.00900784 0.00315554 0.000888139 0.00291439 0.00214683 0.00393193 0.00274676 0.000635225 9.99891e-05 0 0
 0 0 0 0 0 0 0 0 0 0 0 0 0 0 0 0 0 0 0 0 0 0 0 0 0 0
 0 0 0 0 0 0 0 0 0 0 0 0 0 0 0 0 0 0 0 0 0 0 0 0 0 0
 0 0 0 0 0 0 0 0 0 0 0 0 0 0 0 0 0 0 0 0 0 0 0 0 0 0
ppred_pel_tallas
 1.1355e-16 3.56273e-05 0.00034631 0.00230136 0.0104616 0.0325503 0.069353 0.10123 0.101265 0.0695228 0.0331205 0.0121106 0.00644757 0.00942151 0.0173423 0.0288026 0.041936 0.0536934 0.0609881 0.0624246 0.0590836 0.0536417 0.0485627 0.044813 0.0418769 0.0386691
 1.13004e-16 4.03687e-05 0.000392398 0.00260762 0.0118539 0.036882 0.0785822 0.114699 0.114729 0.0787287 0.0373744 0.0132779 0.00618934 0.00823567 0.0150084 0.0249394 0.0363767 0.0467147 0.0533227 0.0550142 0.052706 0.048647 0.0448653 0.0420846 0.0397723 0.0369556
 1.11148e-16 4.21308e-05 0.000409526 0.00272145 0.0123713 0.038492 0.0820123 0.119706 0.119737 0.0821651 0.039005 0.0138546 0.00644974 0.00856523 0.0155813 0.0258255 0.0375161 0.0478596 0.05404 0.0547897 0.0511178 0.0455257 0.040362 0.0366252 0.0339291 0.0312962
 1.09776e-16 4.23607e-05 0.000411761 0.0027363 0.0124388 0.038702 0.0824599 0.120359 0.120391 0.0826158 0.0392258 0.013953 0.00654202 0.00873599 0.0158999 0.0263466 0.0382524 0.0487495 0.0549389 0.0554971 0.0514274 0.0452732 0.0394543 0.0350529 0.0317722 0.0287211
 1.09346e-16 4.18417e-05 0.000406716 0.00270277 0.0122864 0.0382278 0.0814496 0.118885 0.118917 0.0816083 0.0387609 0.0138273 0.00657564 0.00887796 0.0161799 0.0268133 0.0389313 0.0496156 0.0559123 0.0564667 0.0522873 0.0459482 0.0399017 0.0352507 0.031712 0.0284134
 1.09613e-16 4.11771e-05 0.000400256 0.00265984 0.0120913 0.0376206 0.0801559 0.116997 0.117029 0.0803154 0.0381565 0.0136405 0.00655394 0.00891912 0.0162733 0.0269785 0.0391919 0.0499909 0.0564156 0.0571072 0.053071 0.0468718 0.0409413 0.0363548 0.032806 0.0294172
 1.09471e-16 4.28814e-05 0.000416822 0.00276993 0.0125917 0.0391777 0.0834734 0.121838 0.121869 0.0836251 0.0396873 0.014065 0.00647327 0.0085189 0.0154824 0.0256657 0.0372948 0.0475934 0.0537535 0.0544885 0.0507555 0.044987 0.039481 0.0352393 0.0319493 0.0287597
 1.09046e-16 4.26944e-05 0.000415005 0.00275785 0.0125368 0.0390069 0.0831095 0.121307 0.12134 0.0832664 0.0395339 0.0140603 0.00658669 0.00878878 0.0159916 0.0264904 0.0384421 0.0489503 0.0550864 0.0555095 0.0512281 0.0448112 0.0387152 0.0340585 0.0305736 0.027391
 1.0945e-16 4.04951e-05 0.000393627 0.00261579 0.011891 0.0369976 0.0788285 0.11506 0.115093 0.0789927 0.037549 0.0134852 0.00662266 0.00915816 0.0167377 0.0277433 0.0402841 0.0513432 0.0578636 0.0584397 0.0541083 0.0475243 0.0412189 0.0363339 0.0325859 0.0290896
 1.10217e-16 4.01902e-05 0.000390663 0.00259609 0.0118015 0.036719 0.0782348 0.114193 0.114226 0.0783948 0.0372563 0.0133552 0.00650218 0.00893781 0.0163323 0.0270941 0.0393975 0.0503317 0.0569471 0.0578894 0.0541544 0.0482758 0.0426343 0.0382467 0.0347617 0.031288
 1.10847e-16 3.96753e-05 0.000385658 0.00256283 0.0116503 0.0362486 0.0772326 0.11273 0.112763 0.0773937 0.0367896 0.0132146 0.00649556 0.0089909 0.0164421 0.0272765 0.0396617 0.0506692 0.0573348 0.0583051 0.0545977 0.0487786 0.0432517 0.039031 0.0357341 0.0324203
 1.11125e-16 3.99751e-05 0.000388572 0.0025822 0.0117383 0.0365225 0.0778162 0.113582 0.113614 0.0779745 0.0370546 0.0132768 0.00645014 0.00885285 0.016176 0.0268397 0.039041 0.049907 0.0565311 0.0575881 0.0540777 0.0485133 0.0432401 0.0392316 0.0360893 0.0328729
 1.10745e-16 4.12525e-05 0.000400989 0.00266472 0.0121134 0.0376895 0.0803027 0.117211 0.117242 0.0804576 0.0382097 0.0136174 0.00644566 0.00867394 0.0158098 0.0262214 0.0381248 0.0487017 0.0551033 0.0560331 0.0524771 0.0469124 0.0416584 0.0376914 0.0346341 0.0315623
 1.10037e-16 4.2137e-05 0.000409587 0.00272185 0.0123731 0.0384976 0.0820244 0.119724 0.119755 0.0821791 0.0390172 0.0138751 0.00649725 0.00866867 0.0157791 0.0261553 0.0379964 0.0484695 0.0547114 0.0554165 0.0515753 0.0456902 0.0401256 0.0359132 0.0327239 0.0296586
 1.0943e-16 4.2427e-05 0.000412406 0.00274058 0.0124583 0.0387626 0.082589 0.120548 0.12058 0.0827449 0.0392863 0.0139722 0.00654562 0.00873531 0.0158979 0.0263444 0.0382516 0.0487529 0.0549488 0.0555126 0.0514401 0.0452644 0.0393951 0.03491 0.0315183 0.0283465
 1.09099e-16 4.27677e-05 0.000415718 0.00276259 0.0125584 0.0390739 0.0832522 0.121516 0.121547 0.0834072 0.0395945 0.0140634 0.00654547 0.0086902 0.0158062 0.0261916 0.0380297 0.0484691 0.0546251 0.0551739 0.0510997 0.0449143 0.0390102 0.0344625 0.0309939 0.0277542
 1.08724e-16 4.34598e-05 0.000422444 0.00280729 0.0127616 0.0397061 0.0845993 0.123482 0.123513 0.0847528 0.0402218 0.0142523 0.00655393 0.00861699 0.0156526 0.0259301 0.0376376 0.0479433 0.0539831 0.0544422 0.0502977 0.0440482 0.0380813 0.0334818 0.0299918 0.0267775
 1.08393e-16 4.3864e-05 0.000426374 0.00283341 0.0128803 0.0400755 0.0853862 0.12463 0.124662 0.0855394 0.0405901 0.0143678 0.00657169 0.00860204 0.0156152 0.0258626 0.0375282 0.0477796 0.0537519 0.0541282 0.0498841 0.0435214 0.0374386 0.032739 0.0291851 0.0259578
 1.07285e-16 4.78697e-05 0.000465311 0.00309215 0.0140565 0.0437351 0.0931834 0.13601 0.136038 0.0933219 0.0442003 0.0154011 0.00647107 0.00785445 0.0141195 0.0233676 0.033896 0.0431316 0.0484776 0.0487392 0.044799 0.0389264 0.0333053 0.0289527 0.0256724 0.0227356
 1.05449e-16 5.17428e-05 0.000502958 0.00334234 0.0151938 0.0472737 0.100723 0.147013 0.14704 0.100853 0.0477125 0.0164618 0.00652763 0.00746429 0.0132957 0.0219594 0.0317724 0.0402606 0.0449331 0.0446431 0.0402464 0.0339616 0.02797 0.0233624 0.0200518 0.0173841
 1.04414e-16 5.14244e-05 0.000499864 0.00332177 0.0151003 0.0469828 0.100103 0.146109 0.146137 0.100241 0.0474466 0.0164403 0.00668713 0.00785198 0.0140307 0.0231569 0.0334537 0.0422802 0.0469732 0.0462996 0.0411676 0.0339614 0.0270607 0.0217121 0.017911 0.0150207
 1.04008e-16 5.26114e-05 0.000511402 0.00339845 0.0154489 0.0480673 0.102413 0.149481 0.149508 0.102546 0.048511 0.016731 0.00661873 0.00754749 0.0134335 0.0221724 0.0320458 0.0405299 0.0450794 0.04451 0.0396751 0.0328311 0.026228 0.0210423 0.0172746 0.0143427
 1.03798e-16 5.21746e-05 0.000507156 0.00337023 0.0153206 0.0476682 0.101563 0.14824 0.148268 0.1017 0.0481267 0.0166452 0.00669657 0.00777352 0.0138668 0.02288 0.0330429 0.0417375 0.0463227 0.0455713 0.0403761 0.0330957 0.0260939 0.020624 0.0167093 0.0137482
 1.04499e-16 4.73348e-05 0.000460111 0.0030576 0.0138994 0.0432464 0.0921423 0.134491 0.134523 0.0922987 0.0437718 0.0154175 0.00687034 0.00879034 0.0158884 0.0262454 0.0379276 0.0479552 0.0533113 0.0525899 0.0468008 0.0386185 0.0307149 0.0244948 0.0199712 0.016466
 1.0579e-16 4.54095e-05 0.000441397 0.00293324 0.0133341 0.0414875 0.0883946 0.129021 0.129053 0.0885501 0.0420098 0.0148436 0.00672609 0.00873347 0.0158295 0.0261916 0.0379456 0.0481788 0.0539371 0.0538407 0.0488579 0.0415471 0.0344169 0.0287122 0.0243447 0.0206243
 1.07006e-16 4.39041e-05 0.000426763 0.00283599 0.012892 0.0401121 0.0854642 0.124744 0.124776 0.0856218 0.0406415 0.0144222 0.00668121 0.0088348 0.0160533 0.0265775 0.0385349 0.0489929 0.0549797 0.0551164 0.0503923 0.0433869 0.036602 0.0312355 0.0271244 0.0235072
 1.07996e-16 4.28131e-05 0.000416158 0.00276552 0.0125717 0.0391153 0.0833405 0.121645 0.121677 0.0834988 0.0396472 0.014109 0.00662922 0.00886631 0.0161374 0.0267324 0.0387917 0.0493884 0.0555564 0.0559242 0.0514847 0.0448067 0.0383596 0.0332899 0.0293792 0.0258249
pSPR Fmed_Fpbrs
0.772894   0.283097 0.283097
Fs Fmed_Fpbrs
0.159326   1.005 1.005
SSBpbr Bo_Bmed_Bpbrs
2.37794e+06  1.719e+06  554290 554290
Ro
314610
SPR SPRFo_SPRFmed_SPRFpbrs
2.23515e+06 1.72753e+06 632762
Fref
1.005
log_Ro
12.4791
likeval ReclasPelacesDesembMPH_pf_preclas_ppelaces_ptallas_desvR_qrecl_qpela
 119.371 53.5108 13.7258 0.00372311 221.498 123.195 65.4048 0 0 0 0 68.8851 0 0 0
q_reclas_q_pelaces
1 1
M
1
N
 314610 138564 50974.9 18752.6 10913.6
 314610 107628 44080.9 16216.5 9437.61
 314610 105054 32621.2 13360.6 7775.54
 314610 108253 33809.7 10498.5 6802.28
 314610 106360 33631.3 10503.8 5374.9
 314610 112608 37039.8 11712.1 5529.76
 314610 107824 35954.3 11826.3 5505.09
 314610 101819 30698.8 10236.6 4934.46
 314610 114314 36540.4 11017.1 5444.55
 314610 111870 39289.2 12558.8 5657.8
 314610 112218 38689 13587.7 6300.02
 314610 114496 40401.3 13929 7160.08
 314610 108517 37028.3 13065.8 6820.24
 314610 108491 35077.7 11969.3 6428.12
 314610 105679 33275.4 10758.7 5642.7
 314610 109249 34639.5 10907 5376.05
 314610 103223 31968.4 10136.2 4764.74
 314610 107192 32572.3 10087.7 4702.03
 314610 101048 30058.2 9133.77 4147.26
 314610 86482 20755.2 6173.96 2727.93
 314610 88678.9 18677.4 4482.47 1922.53
 314610 92744 20947.9 4412.01 1513
 314610 81024.3 16721.1 3776.77 1068.24
 314610 100218 22349.1 4612.22 1336.41
 314610 102751 29058.1 6480.07 1724.79
 314610 103913 30470 8616.98 2433.09
 314610 108475 33580.1 9846.57 3570.9
pred_Ctot
 14019.4 11987.2 4409.85 1622.29 944.137
 18505.1 12172.3 4985.37 1834.01 1067.35
 12932.9 8403.44 2609.42 1068.73 621.979
 16227.2 10788.6 3369.51 1046.29 677.922
 5390.43 3603.46 1139.43 355.867 182.101
 13678.6 9511.92 3128.71 989.31 467.093
 24169.5 15733.2 5246.31 1725.65 803.281
 2451.08 1578.34 475.877 158.683 76.4915
 6666.18 4776.61 1526.85 460.35 227.501
 6064.66 4258.12 1495.47 478.028 215.354
 2136.42 1517.24 523.093 183.712 85.1792
 12474.9 8843.04 3120.36 1075.79 553.004
 12519.8 8410.61 2869.89 1012.67 528.604
 17413.5 11573.2 3741.9 1276.82 685.716
 11204.3 7350.67 2314.51 748.338 392.485
 21706.9 14393.5 4563.76 1436.99 708.295
 14778.6 9398.18 2910.63 922.874 433.816
 25524.5 16469.3 5004.51 1549.9 722.435
 51476 29564.2 8794.32 2672.33 1213.39
 47514.4 23563.7 5655.17 1682.22 743.277
 40230.6 20792.8 4379.34 1051.02 450.78
 61399.2 31647.3 7148.13 1505.53 516.287
 26983.3 13118.6 2707.31 611.495 172.958
 22534.8 13682.8 3051.32 629.706 182.46
 20499.8 12818 3624.95 808.378 215.165
 12546.4 8070.43 2366.47 669.241 188.967
 15618.6 10418.9 3225.32 945.75 342.98
F
 0.0726532 0.145306 0.145306 0.145306 0.145306
 0.0968597 0.193719 0.193719 0.193719 0.193719
 0.0668629 0.133726 0.133726 0.133726 0.133726
 0.0845064 0.169013 0.169013 0.169013 0.169013
 0.0274167 0.0548334 0.0548334 0.0548334 0.0548334
 0.070834 0.141668 0.141668 0.141668 0.141668
 0.128138 0.256275 0.256275 0.256275 0.256275
 0.0123888 0.0247777 0.0247777 0.0247777 0.0247777
 0.0339983 0.0679965 0.0679965 0.0679965 0.0679965
 0.0308906 0.0617811 0.0617811 0.0617811 0.0617811
 0.0107913 0.0215825 0.0215825 0.0215825 0.0215825
 0.0644302 0.12886 0.12886 0.12886 0.12886
 0.0646688 0.129338 0.129338 0.129338 0.129338
 0.0909239 0.181848 0.181848 0.181848 0.181848
 0.0577073 0.115415 0.115415 0.115415 0.115415
 0.11444 0.22888 0.22888 0.22888 0.22888
 0.0767163 0.153433 0.153433 0.153433 0.153433
 0.135741 0.271483 0.271483 0.271483 0.271483
 0.291397 0.582795 0.582795 0.582795 0.582795
 0.266311 0.532623 0.532623 0.532623 0.532623
 0.221491 0.442982 0.442982 0.442982 0.442982
 0.356585 0.713171 0.713171 0.713171 0.713171
 0.143981 0.287963 0.287963 0.287963 0.287963
 0.119027 0.238055 0.238055 0.238055 0.238055
 0.107782 0.215563 0.215563 0.215563 0.215563
 0.0648099 0.12962 0.12962 0.12962 0.12962
 0.0812273 0.162455 0.162455 0.162455 0.162455
nmprior
 8 9 7.5 0
nm_flota  nm_reclas  nm_pelaces    nm_pelaL
inf 3.72562 7.56594 6.17983
cv_recla  cv_pelaces  cv_mph
1.09257 0.981425 1.88303
 ------------------------------------------------
Talla a la edad & desviación 
 8 13.2811 15.8009 17.003 17.5766
 0.8 1.32811 1.58009 1.7003 1.75766
