years
 1991 1992 1993 1994 1995 1996 1997 1998 1999 2000 2001 2002 2003 2004 2005 2006 2007 2008 2009 2010 2011 2012 2013 2014 2015 2016 2017 2018 2019
reclasobs
 0 0 0 0 0 0 0 0 0 252601 567819 844713 477998 351125 339783 2.1784e+06 2.13404e+06 4.81314e+06 1.55562e+06 2.62356e+06 3.21686e+06 3.843e+06 1.13348e+06 3.07943e+06 1.97215e+06 2.03268e+06 2.025e+06 2.42433e+06 2.27542e+06
reclaspred
 3.19627e+06 1.75035e+06 884091 911658 924373 1.60196e+06 908120 779399 551472 373036 502788 684607 669402 495352 487317 1.36119e+06 1.18916e+06 3.06217e+06 2.43201e+06 1.82707e+06 3.15045e+06 2.56239e+06 1.93936e+06 3.06264e+06 2.28593e+06 2.0257e+06 2.47459e+06 2.48255e+06 1.95593e+06
pelacesobs
 0 0 0 0 0 0 0 0 0 0 0 0 0 0 0 552880 188675 0 991730 2.46772e+06 1.41603e+06 1.21717e+06 2.29649e+06 1.80582e+06 0 1.4828e+06 1.56532e+06 1.57751e+06 1.42118e+06
pelacespred
 1.76081e+06 1.05371e+06 519277 439016 483839 867704 433215 492960 319769 198565 289179 324960 352199 264533 270276 638116 569453 1.70772e+06 1.37259e+06 939726 1.63419e+06 1.39443e+06 1.08485e+06 1.88866e+06 1.34753e+06 1.2019e+06 1.67448e+06 1.65947e+06 1.08255e+06
mphobs
 0 0 0 0 0 0 0 0 0 0 0 498337 0 5186 125008 0 168611 109162 213762 579715 649985 157893 87575 83554 0 0 0 0 0
mphpred
 491099 328683 158254 87477.6 96421.9 115795 159657 86388.3 77683.2 48736.1 29876.8 61059.8 65559.1 53389.7 32551.8 41634.3 153066 131932 305672 214506 235647 286065 272120 215881 310872 257776 211458 232001 304484
desembarqueobs
 494567 514787 250237 358949 120608 361735 552515 73892 212993 205616 52469 317467 293654 387597 252695 516296 358380 742168 942051 627588 828172 859565 418607 520667 417249 300574 407403 355545 319650
desembarquepred
 494572 513843 250684 358983 120614 361743 552541 73897.4 213054 205672 52471.8 317529 293689 387578 252670 516223 358406 742023 941766 627384 828248 859532 418605 520687 417233 300569 407392 355513 319635
Reclutas
 170100 95303 93988.3 145718 117080 214658 84684.2 35651.8 34838.8 46827.6 87585.5 127351 105869 74622.2 68474.6 368521 69640.2 588438 329342 277895 362279 504360 97989.1 288462 251231 110128 249872 249038 82457.6
log_desv_Rt
 0.195714 -0.383608 -0.397499 0.0410013 -0.177809 0.428375 -0.50174 -1.36687 -1.38994 -1.0942 -0.468054 -0.0937258 -0.278471 -0.628231 -0.714206 0.968828 -0.697328 1.4368 0.856426 0.686573 0.951745 1.28262 -0.355813 0.723895 0.585704 -0.239026 0.58028 0.576937 -0.528385
SSB
 2.03456e+06 1.36169e+06 655626 362409 399464 479725 661438 357896 321832 201907 123776 252963 271603 221187 134858 172486 634132 546576 1.26636e+06 888670 976255 1.18513e+06 1.12736e+06 894368 1.2879e+06 1.06793e+06 876046 961150 1.26144e+06
BT
 2.87506e+06 1.97333e+06 966554 916172 775369 1.53795e+06 1.09735e+06 760498 661639 477342 455588 724017 764282 777493 637492 1.32793e+06 1.07854e+06 3.09344e+06 2.83546e+06 1.87626e+06 2.99156e+06 2.76094e+06 1.88465e+06 3.16989e+06 2.27678e+06 1.95518e+06 2.7929e+06 2.71076e+06 1.77866e+06
Ftot
 0.204744 0.377632 0.370734 0.554261 0.184713 0.332957 0.773931 0.132672 0.529292 0.744792 0.162552 0.656565 0.617402 1.06882 0.76916 0.596193 0.404299 0.375745 0.535639 0.483912 0.378488 0.478562 0.289458 0.25482 0.254422 0.204073 0.244679 0.214083 0.214323
BD_Bspro_t
 0.967878 0.779067 0.573062 0.472484 0.467497 0.562545 0.565124 0.371691 0.42793 0.365613 0.320614 0.577463 0.455879 0.360566 0.247349 0.298052 0.490694 0.442079 0.57961 0.462685 0.43852 0.483721 0.499818 0.481663 0.604131 0.615588 0.623318 0.672386 0.716067
BD_Bspro
 2.04682 1.3699 0.659575 0.364592 0.40187 0.482615 0.665423 0.360052 0.32377 0.203124 0.124522 0.254487 0.273239 0.222519 0.13567 0.173525 0.637952 0.549868 1.27399 0.894023 0.982136 1.19227 1.13415 0.899756 1.29566 1.07437 0.881323 0.96694 1.26904
BD_Bo
 1.34409 0.899577 0.433126 0.239418 0.263898 0.316921 0.436966 0.236437 0.212612 0.133386 0.0817702 0.167115 0.179429 0.146123 0.0890913 0.113949 0.418927 0.361085 0.836598 0.587082 0.644944 0.782933 0.744769 0.590847 0.850827 0.70551 0.578743 0.634965 0.833346
BD_Brms
 7.57837 5.07206 2.44209 1.34991 1.48793 1.78689 2.46374 1.3331 1.19876 0.752068 0.461043 0.942241 1.01167 0.823881 0.502321 0.642477 2.36203 2.03589 4.71697 3.31013 3.63637 4.41439 4.19921 3.33136 4.7972 3.97786 3.26311 3.58011 4.69863
Sel_flota
 0.734137 0.981296 0.998998 0.999947 0.999997
 0.734137 0.981296 0.998998 0.999947 0.999997
 0.734137 0.981296 0.998998 0.999947 0.999997
 0.734137 0.981296 0.998998 0.999947 0.999997
 0.734137 0.981296 0.998998 0.999947 0.999997
 0.734137 0.981296 0.998998 0.999947 0.999997
 0.734137 0.981296 0.998998 0.999947 0.999997
 0.734137 0.981296 0.998998 0.999947 0.999997
 0.734137 0.981296 0.998998 0.999947 0.999997
 0.734137 0.981296 0.998998 0.999947 0.999997
 0.734137 0.981296 0.998998 0.999947 0.999997
 0.734137 0.981296 0.998998 0.999947 0.999997
 0.734137 0.981296 0.998998 0.999947 0.999997
 0.734137 0.981296 0.998998 0.999947 0.999997
 0.734137 0.981296 0.998998 0.999947 0.999997
 0.734137 0.981296 0.998998 0.999947 0.999997
 0.734137 0.981296 0.998998 0.999947 0.999997
 0.734137 0.981296 0.998998 0.999947 0.999997
 0.734137 0.981296 0.998998 0.999947 0.999997
 0.734137 0.981296 0.998998 0.999947 0.999997
 0.734137 0.981296 0.998998 0.999947 0.999997
 0.734137 0.981296 0.998998 0.999947 0.999997
 0.734137 0.981296 0.998998 0.999947 0.999997
 0.734137 0.981296 0.998998 0.999947 0.999997
 0.734137 0.981296 0.998998 0.999947 0.999997
 0.734137 0.981296 0.998998 0.999947 0.999997
 0.734137 0.981296 0.998998 0.999947 0.999997
 0.734137 0.981296 0.998998 0.999947 0.999997
 0.734137 0.981296 0.998998 0.999947 0.999997
Sel_reclas
 1 1 1 1 1
 1 1 1 1 1
 1 1 1 1 1
 1 1 1 1 1
 1 1 1 1 1
 1 1 1 1 1
 1 1 1 1 1
 1 1 1 1 1
 1 1 1 1 1
 1 1 1 1 1
 1 1 1 1 1
 1 1 1 1 1
 1 1 1 1 1
 1 1 1 1 1
 1 1 1 1 1
 1 1 1 1 1
 1 1 1 1 1
 1 1 1 1 1
 1 1 1 1 1
 1 1 1 1 1
 1 1 1 1 1
 1 1 1 1 1
 1 1 1 1 1
 1 1 1 1 1
 1 1 1 1 1
 1 1 1 1 1
 1 1 1 1 1
 1 1 1 1 1
 1 1 1 1 1
Sel_pelaces
 0.968581 1 1 1 1
 0.968581 1 1 1 1
 0.968581 1 1 1 1
 0.968581 1 1 1 1
 0.968581 1 1 1 1
 0.968581 1 1 1 1
 0.968581 1 1 1 1
 0.968581 1 1 1 1
 0.968581 1 1 1 1
 0.968581 1 1 1 1
 0.968581 1 1 1 1
 0.968581 1 1 1 1
 0.968581 1 1 1 1
 0.968581 1 1 1 1
 0.968581 1 1 1 1
 0.968581 1 1 1 1
 0.968581 1 1 1 1
 0.968581 1 1 1 1
 0.968581 1 1 1 1
 0.968581 1 1 1 1
 0.968581 1 1 1 1
 0.968581 1 1 1 1
 0.968581 1 1 1 1
 0.968581 1 1 1 1
 0.968581 1 1 1 1
 0.968581 1 1 1 1
 0.968581 1 1 1 1
 0.968581 1 1 1 1
 0.968581 1 1 1 1
pf_obs 
 0.8446 0.082 0.0669 0.0065 0
 0.8095 0.147 0.0364 0.0071 0
 0.9664 0.0169 0.016 0.0007 0
 0.9276 0.0648 0.0075 0.0001 0
 0.7033 0.2144 0.0806 0.0017 0
 0.9318 0.0425 0.0243 0.0014 0
 0.5671 0.3108 0.0964 0.0239 0.0018
 0.0768 0.2599 0.5324 0.112 0.0189
 0.490249 0.384438 0.106611 0.0170017 0.00170017
 0.7925 0.1577 0.0466 0.003 0.0002
 0.840416 0.127587 0.0312969 0.00059994 9.999e-05
 0.8084 0.0986 0.0794 0.0134 0.0002
 0.7335 0.1905 0.0724 0.0035 0.0001
 0.4001 0.4547 0.1325 0.0127 0
 0.49795 0.308269 0.164784 0.0264974 0.00249975
 0.9179 0.0499 0.0305 0.0017 0
 0.2467 0.6533 0.0926 0.0074 0
 0.9418 0.0223 0.034 0.0019 0
 0.707729 0.231977 0.0356964 0.0245975 0
 0.517169 0.277429 0.184464 0.0207286 0.00020938
 0.811772 0.124168 0.05621 0.00726502 0.000585176
 0.764997 0.148141 0.077277 0.00933861 0.000247198
 0.163321 0.427699 0.378323 0.0303852 0.000271297
 0.753843 0.0900009 0.118128 0.0371064 0.000921714
 0.721811 0.176058 0.0630433 0.0369309 0.00215725
 0.143369 0.312575 0.442814 0.0836902 0.0175525
 0.692698 0.0596174 0.167031 0.0765114 0.00414204
 0.394062 0.376323 0.152708 0.0712218 0.00568511
 0.125707 0.32114 0.495352 0.0537591 0.00404204
pf_pred 
 0.491261 0.138137 0.347202 0.0233991 8.49096e-07
 0.43938 0.319864 0.0662954 0.163456 0.011005
 0.589883 0.215019 0.112362 0.0228009 0.0599345
 0.744843 0.170792 0.0446862 0.0228633 0.0168152
 0.668921 0.267531 0.0428684 0.0109598 0.00971928
 0.763733 0.17313 0.0512063 0.0080507 0.00387951
 0.473538 0.430875 0.0704345 0.020404 0.00474843
 0.467282 0.305106 0.187162 0.0298173 0.0106331
 0.555632 0.241256 0.117257 0.0706101 0.0152454
 0.735313 0.170409 0.0517359 0.0245729 0.01797
 0.843263 0.12624 0.0198162 0.00586527 0.00481639
 0.756906 0.213778 0.0236991 0.00365058 0.00196578
 0.703963 0.24276 0.0469909 0.00508333 0.00120308
 0.657551 0.265849 0.0630875 0.0119205 0.00159264
 0.767293 0.174944 0.0451403 0.0103987 0.00222383
 0.944209 0.0463877 0.00711489 0.00178898 0.000499556
 0.372957 0.602469 0.0205136 0.00307267 0.000987079
 0.915941 0.0381949 0.0441033 0.00146981 0.000290546
 0.596978 0.378398 0.0113185 0.0127954 0.00051014
 0.644053 0.241878 0.107253 0.00313513 0.003681
 0.738775 0.188294 0.0499137 0.0216429 0.00137377
 0.757572 0.193617 0.0353943 0.00918567 0.00423099
 0.320417 0.55468 0.100205 0.0179146 0.00678257
 0.74943 0.0986949 0.124422 0.0220296 0.00542363
 0.638142 0.291386 0.0280936 0.0347245 0.00765372
 0.436856 0.398354 0.13322 0.0125935 0.0189767
 0.738383 0.134456 0.0904588 0.0296771 0.0070254
 0.66339 0.267709 0.0357539 0.0235873 0.00956014
 0.3697 0.459274 0.136566 0.0178908 0.0165693
pobs_RECLAS
 0 0 0 0 0
 0 0 0 0 0
 0 0 0 0 0
 0 0 0 0 0
 0 0 0 0 0
 0 0 0 0 0
 0 0 0 0 0
 0 0 0 0 0
 0 0 0 0 0
 0 0 0 0 0
 0.991045 0.00858322 0.000360255 1.14367e-05 0
 0.934742 0.0480273 0.0164251 0.00080598 0
 0.827803 0.169806 0.00239088 0 0
 0.941827 0.0461693 0.0120037 0 0
 0.791401 0.0380133 0.147996 0.0225897 0
 0.846168 0.0940531 0.0597789 0 0
 0.134021 0.677848 0.182769 0.00536245 0
 0.80878 0.0450904 0.141981 0.00414843 0
 0.846168 0.0940531 0.0597789 0 0
 0.905697 0.0802665 0.012482 0.00150086 5.37128e-05
 0.989698 0.0102097 9.19794e-05 0 0
 0.975433 0.0193895 0.00387452 0.00125025 5.28907e-05
 0.303575 0.632131 0.0575291 0.00676475 0
 0.966965 0.00978017 0.0227588 0.000495775 0
 0.843318 0.132988 0.00938335 0.0141283 0.000182051
 0.564624 0.303363 0.111486 0.0197234 0.00080311
 0.826376 0.0876187 0.0782897 0.00655872 0.00115652
 0.89761 0.0855135 0.0140674 0.00269457 0.000114338
 0.34875 0.467042 0.161289 0.0227151 0.000203297
ppred_RECLAS
 0.567917 0.118893 0.293433 0.0197563 7.1687e-07
 0.516186 0.278331 0.056623 0.13947 0.0093896
 0.662053 0.178786 0.0917056 0.0185908 0.0488652
 0.799659 0.134966 0.0346446 0.0177076 0.0130227
 0.73132 0.217877 0.0342825 0.00875621 0.00776476
 0.814116 0.136889 0.0397446 0.00624253 0.00300802
 0.553103 0.367081 0.0588299 0.0170243 0.00396169
 0.542365 0.264146 0.15913 0.0253272 0.00903142
 0.631299 0.201953 0.096305 0.0579346 0.012508
 0.793007 0.13422 0.0399541 0.0189571 0.0138624
 0.878702 0.0980458 0.0151137 0.0044691 0.00366971
 0.809789 0.167666 0.0182299 0.00280521 0.00151048
 0.764699 0.193624 0.0367639 0.00397292 0.000940224
 0.728509 0.211752 0.04921 0.00928799 0.00124085
 0.819558 0.136323 0.0344861 0.00793601 0.00169707
 0.958515 0.0346052 0.00520667 0.00130784 0.000365182
 0.445776 0.532894 0.0178087 0.00266486 0.000856028
 0.93695 0.0289409 0.0328014 0.00109207 0.000215866
 0.668145 0.311949 0.00915489 0.010339 0.000412184
 0.711539 0.197206 0.0858074 0.00250574 0.00294187
 0.793324 0.149759 0.0389663 0.0168793 0.00107135
 0.809519 0.152713 0.0273947 0.00710244 0.00327127
 0.389117 0.500302 0.0887329 0.015848 0.00599985
 0.802688 0.0785916 0.0972778 0.0172068 0.00423606
 0.7042 0.239066 0.0226305 0.0279447 0.00615904
 0.511606 0.347333 0.114059 0.0107717 0.0162307
 0.792935 0.107381 0.0709323 0.0232483 0.00550325
 0.726616 0.218253 0.0286216 0.0188637 0.00764526
 0.441952 0.408655 0.119316 0.0156158 0.0144616
pobs_PELACES
 0 0 0 0 0
 0 0 0 0 0
 0 0 0 0 0
 0 0 0 0 0
 0 0 0 0 0
 0 0 0 0 0
 0 0 0 0 0
 0 0 0 0 0
 0 0 0 0 0
 0 0 0 0 0
 0 0 0 0 0
 0 0 0 0 0
 0 0 0 0 0
 0 0 0 0 0
 0 0 0 0 0
 0 0 0 0 0
 0.505614 0.472636 0.0217494 0 0
 0 0 0 0 0
 0.443492 0.261883 0.143347 0.151278 0
 0.227955 0.32914 0.350689 0.0885471 0.00366901
 0.970185 0.0296113 0.000203453 0 0
 0.997202 0.00247181 0.000326279 0 0
 0.445219 0.490057 0.0546422 0.010081 0
 0.90214 0.0892962 0.00764917 0.000914606 0
 0 0 0 0 0
 0.581667 0.319106 0.0959925 0.00289975 0.000334073
 0.762889 0.0836404 0.116647 0.0363945 0.000428098
 0.88444 0.0763242 0.0277011 0.0115352 0
 0.521256 0.241999 0.230069 0.00667565 0
ppred_PELACES
 0.564392 0.119967 0.295731 0.0199097 7.22435e-07
 0.516149 0.278624 0.0565576 0.139292 0.00937759
 0.661909 0.179048 0.0916417 0.0185757 0.0488252
 0.801951 0.133566 0.0341746 0.0174643 0.0128436
 0.728035 0.220586 0.0346713 0.00885501 0.00785234
 0.813472 0.137434 0.0398254 0.00625457 0.00301381
 0.561003 0.360886 0.0575763 0.0166575 0.00387628
 0.537205 0.267213 0.160853 0.0256003 0.0091288
 0.634245 0.200626 0.0953769 0.0573668 0.0123853
 0.797951 0.131219 0.0388914 0.0184485 0.0134904
 0.876718 0.0996676 0.0153491 0.00453848 0.00372667
 0.813167 0.164763 0.0178457 0.00274553 0.00147832
 0.768114 0.190937 0.0361231 0.00390292 0.000923648
 0.739564 0.203411 0.0469773 0.0088636 0.00118413
 0.82423 0.132941 0.0334796 0.00770254 0.00164712
 0.959197 0.0340562 0.00510625 0.00128238 0.000358068
 0.446059 0.532671 0.0177593 0.00265713 0.000853537
 0.936945 0.0289777 0.0327711 0.00109094 0.00021564
 0.670791 0.309521 0.00905527 0.0102248 0.000407626
 0.713269 0.196199 0.0851284 0.00248553 0.00291813
 0.793253 0.149903 0.0389177 0.0168563 0.00106988
 0.810699 0.151852 0.0271642 0.00704164 0.00324324
 0.387216 0.502015 0.0888862 0.015874 0.00600964
 0.801061 0.079311 0.0980223 0.0173371 0.00426812
 0.701929 0.240972 0.022777 0.0281234 0.00619841
 0.507874 0.350108 0.114833 0.0108441 0.0163398
 0.791079 0.108419 0.0715159 0.0234378 0.00554808
 0.723785 0.22057 0.0288893 0.0190389 0.00771621
 0.438476 0.411339 0.11995 0.0156977 0.0145374
pobs_pel_tallas
 0 0 0 0 0 0 0 0 0 0 0 0 0 0 0 0 0 0 0 0 0 0 0 0 0 0
 0 0 0 0 0 0 0 0 0 0 0 0 0 0 0 0 0 0 0 0 0 0 0 0 0 0
 0 0 0 0 0 0 0 0 0 0 0 0 0 0 0 0 0 0 0 0 0 0 0 0 0 0
 0 0 0 0 0 0 0 0 0 0 0 0 0 0 0 0 0 0 0 0 0 0 0 0 0 0
 0 0 0 0 0 0 0 0 0 0 0 0 0 0 0 0 0 0 0 0 0 0 0 0 0 0
 0 0 0 0 0 0 0 0 0 0 0 0 0 0 0 0 0 0 0 0 0 0 0 0 0 0
 0 0 0 0 0 0 0 0 0 0 0 0 0 0 0 0 0 0 0 0 0 0 0 0 0 0
 0 0 0 0 0 0 0 0 0 0 0 0 0 0 0 0 0 0 0 0 0 0 0 0 0 0
 0 0 0 0 0 0 0 0 0 0 0 0 0 0 0 0 0 0 0 0 0 0 0 0 0 0
 0 0 0 0 0 0 0 0 0 0 0 0 0 0 0 0 0 0 0 0 0 0 0 0 0 0
 0 0 0 0 0 0 0 0 0 0 0 0 0 0 0 0 0 0 0 0 0 0 0 0 0 0
 0 0 0 0 0 0 0 0 0 0 0 0 0 0 0 0 0 0 0 0 0 0 0 0 0 0
 0.00862536 0 0 0.000197151 0.00414017 0.0128641 0.00837892 0.0270097 0.101434 0.158115 0.152841 0.127902 0.109271 0.109419 0.0830992 0.0579132 0.0238553 0.00714673 0.00463305 0.00128148 0.00103504 0.000492878 0.000147863 0.000147863 4.92878e-05 0
 0 0 0 0 0 0 0 0 0 0 0 0 0 0 0 0 0 0 0 0 0 0 0 0 0 0
 0 0 0 0 0 0 0 0.0054083 0.00873648 0.0413646 0.0450493 0.0745869 0.0622846 0.0627006 0.0613931 0.0827291 0.12552 0.122667 0.0946155 0.0697135 0.0546179 0.0294188 0.0215738 0.0213955 0.0102223 0.00600262
 0 0 0 0 0.00359764 0.0251062 0.0480494 0.140153 0.205849 0.193036 0.1447 0.116669 0.0760912 0.0342217 0.00950174 0.001854 0.000860785 0 0 0 0.000165536 0 0.000143464 0 0 0
 0 0 0 0 0 0 0 0.000145254 0.000435761 0.0275982 0.070085 0.0708112 0.156366 0.174668 0.174014 0.160142 0.0824315 0.0480064 0.0283245 0.00493863 0.00203355 0 0 0 0 0
 0 0 0 0 0 0 0 0 0 0 0 0 0 0 0 0 0 0 0 0 0 0 0 0 0 0
 0 0 1.00437e-05 0.000401748 0.00122533 0.00171747 0.00176769 0.0269171 0.070346 0.194647 0.189555 0.159765 0.064822 0.0314167 0.0384472 0.0292271 0.0345202 0.0313363 0.0194345 0.0106764 0.0143323 0.0359363 0.0279516 0.0138201 0.00172751 0
 0 0.0021121 0.0136068 0.0755702 0.200478 0.177729 0.0527432 0.0373336 0.0318909 0.0142505 0.0149659 0.0166563 0.0217959 0.0798694 0.0677717 0.0528807 0.04013 0.0224614 0.0357745 0.0225083 0.00881397 0.00855152 0.00135912 0.000746735 0 0
 0 0 0 0 5.4009e-05 0.00500934 0.000945158 0.0243581 0.138947 0.33067 0.221406 0.137944 0.0707744 0.0437923 0.0131692 0.00525238 0.0047753 0.00276346 9.45158e-05 9.00151e-06 2.25038e-05 9.00151e-06 4.50075e-06 0 0 0
 0.000866109 0.00284123 0.00948549 0.0512746 0.133035 0.25785 0.225252 0.132002 0.0553304 0.0519788 0.0540692 0.017754 0.00435017 0.00159236 0.00146478 0.000404838 0.000125132 0.000115318 0.000107957 0.000100596 0 0 0 0 0 0
 0 0 0 0 0.00144013 0.00171154 0.00461396 0.0210425 0.0478622 0.0707936 0.0888783 0.103762 0.0637923 0.0337046 0.0602308 0.124433 0.169614 0.0934646 0.0462172 0.0250306 0.0313229 0.00938855 0.002487 0.000210481 0 0
 0 0.00764035 0.051015 0.0998891 0.058973 0.0496711 0.0374665 0.0718981 0.12319 0.153886 0.159021 0.0857701 0.0377988 0.023471 0.0147837 0.00900784 0.00315554 0.000888139 0.00291439 0.00214683 0.00393193 0.00274676 0.000635225 9.99891e-05 0 0
 0 0 0 0 0 0 0 0 0 0 0 0 0 0 0 0 0 0 0 0 0 0 0 0 0 0
 0 0 0 0 0 0 0 0 0 0 0 0 0 0 0 0 0 0 0 0 0 0 0 0 0 0
 0 0 0 0 0 0 0 0 0 0 0 0 0 0 0 0 0 0 0 0 0 0 0 0 0 0
 0 0 0 0 0 0 0 0 0 0 0 0 0 0 0 0 0 0 0 0 0 0 0 0 0 0
 0 0 0 0 0 0 0 0 0 0 0 0 0 0 0 0 0 0 0 0 0 0 0 0 0 0
ppred_pel_tallas
 1.10562e-16 4.64882e-05 0.000451882 0.00300292 0.0136508 0.0424728 0.0904933 0.13208 0.132092 0.0905522 0.0426716 0.0142306 0.00447905 0.00374333 0.00649942 0.0111966 0.0173447 0.0243457 0.0315254 0.0384218 0.0447875 0.0502346 0.0539177 0.0546983 0.0517747 0.0452862
 1.1726e-16 4.25145e-05 0.000413257 0.00274624 0.012484 0.0388425 0.0827591 0.120795 0.120822 0.0828907 0.0392847 0.0137623 0.00595918 0.0074422 0.0134384 0.0222792 0.0324168 0.0415088 0.0472572 0.0487612 0.0471034 0.0445777 0.043142 0.0432943 0.0440703 0.0439071
 1.12816e-16 5.45206e-05 0.00052996 0.00352177 0.0160095 0.0498115 0.106129 0.154902 0.15492 0.106214 0.050097 0.0168358 0.00560189 0.00509044 0.00877387 0.0145733 0.0213569 0.027649 0.0319924 0.0337593 0.0335056 0.0325012 0.0318187 0.0317143 0.0316808 0.0309568
 1.04946e-16 6.60557e-05 0.000642085 0.00426688 0.0193966 0.0603501 0.128583 0.187673 0.187686 0.128646 0.060562 0.0200089 0.00580548 0.00400623 0.00647129 0.0106371 0.0154216 0.0196217 0.0220657 0.0222368 0.0205773 0.0181633 0.0160124 0.0145683 0.0136678 0.0128642
 1.03274e-16 5.99674e-05 0.000582904 0.0038736 0.0176089 0.0547878 0.116732 0.170378 0.170399 0.116836 0.0551368 0.0186169 0.00640428 0.00610865 0.0105581 0.0173701 0.0250412 0.0315444 0.0348559 0.0340479 0.0298362 0.0240816 0.0186599 0.0145822 0.0118737 0.0100236
 1.02322e-16 6.70047e-05 0.000651309 0.00432818 0.0196753 0.0612172 0.13043 0.190369 0.190383 0.130495 0.0614352 0.0203054 0.00591135 0.00411256 0.00665574 0.0109368 0.0158407 0.0201125 0.0225146 0.0224674 0.0203706 0.0172885 0.0142676 0.0118333 0.00995962 0.00837191
 1.04081e-16 4.62092e-05 0.00044917 0.00298489 0.0135689 0.0422181 0.0899514 0.131294 0.131329 0.0901214 0.042789 0.0152181 0.00712518 0.00948944 0.0172212 0.0284125 0.0409614 0.0515878 0.0569739 0.0555866 0.048576 0.0389657 0.0298139 0.0227856 0.0179611 0.0145696
 1.08823e-16 4.42489e-05 0.000430115 0.00285827 0.0129933 0.0404271 0.0861351 0.125722 0.125748 0.086262 0.0408538 0.0142282 0.00596757 0.00724937 0.013088 0.0218095 0.0319789 0.0413971 0.0478158 0.0501506 0.0490125 0.046058 0.0427372 0.0394994 0.0359522 0.0315814
 1.10653e-16 5.22419e-05 0.00050781 0.00337458 0.0153404 0.0477296 0.101694 0.148429 0.148449 0.101789 0.0480495 0.0162658 0.00570388 0.00561364 0.00981147 0.0163034 0.0238761 0.0308734 0.0356492 0.0374806 0.0369626 0.0354791 0.0341889 0.0333505 0.0324127 0.0306142
 1.0529e-16 6.57262e-05 0.000638882 0.00424559 0.0192999 0.0600491 0.127941 0.186737 0.18675 0.128003 0.0602574 0.0199021 0.00575922 0.00394985 0.00637394 0.0104871 0.01523 0.0194323 0.0219545 0.022294 0.020877 0.0187358 0.0168317 0.0155595 0.0147296 0.0138955
 1.01555e-16 7.22141e-05 0.000701947 0.00466469 0.021205 0.0659766 0.140571 0.205169 0.205178 0.140618 0.0661343 0.0216604 0.00580807 0.00319851 0.00481529 0.00785087 0.0113135 0.0142516 0.0157488 0.0153873 0.0134926 0.0109073 0.00847987 0.0066654 0.00547084 0.00465933
 1.01083e-16 6.69796e-05 0.000651065 0.00432656 0.0196679 0.0611943 0.130381 0.190299 0.190315 0.130459 0.0614546 0.0204198 0.00621334 0.00476836 0.00788186 0.0129121 0.0185649 0.0232841 0.0255303 0.0245917 0.0210047 0.0161913 0.0116158 0.00811536 0.00578744 0.00430363
 1.0164e-16 6.32685e-05 0.000614993 0.00408684 0.0185782 0.0578038 0.123158 0.179756 0.179775 0.123248 0.058106 0.0194512 0.00627888 0.00540219 0.0091607 0.0150588 0.0217195 0.0273787 0.0302762 0.0295879 0.0258984 0.0207764 0.0158152 0.0118932 0.0090822 0.00703069
 1.02498e-16 6.0917e-05 0.000592135 0.00393494 0.0178877 0.0556554 0.11858 0.173076 0.173095 0.118676 0.0559776 0.0188189 0.00627366 0.00570212 0.00977904 0.016105 0.0232743 0.0294348 0.0327332 0.0323026 0.028754 0.0237165 0.0188195 0.0149225 0.012043 0.00978488
 1.02052e-16 6.78908e-05 0.000659922 0.00438542 0.0199355 0.0620267 0.132155 0.192887 0.1929 0.132218 0.0622375 0.0205444 0.00591512 0.00400312 0.00642855 0.0105498 0.01526 0.0193345 0.0215695 0.0214046 0.019238 0.016122 0.0130984 0.0106994 0.00890899 0.00745163
 1.00346e-16 7.90078e-05 0.000767984 0.00510352 0.0231999 0.0721834 0.153795 0.224468 0.224472 0.153811 0.0722373 0.0233555 0.00549409 0.00162068 0.00169868 0.00268385 0.00385996 0.00485682 0.00535583 0.00521139 0.00453232 0.00360556 0.00272261 0.00204412 0.00158076 0.00126144
 1.0106e-16 3.67414e-05 0.000357139 0.00237332 0.0107888 0.0335682 0.0715226 0.1044 0.104451 0.0717729 0.0344086 0.0132148 0.00845817 0.013625 0.0251892 0.0414652 0.0594475 0.0741642 0.0805729 0.0763479 0.0632969 0.0462104 0.0301026 0.0179595 0.0102735 0.00599276
 1.011e-16 7.71749e-05 0.000750167 0.00498513 0.0226617 0.0705089 0.150227 0.219261 0.219264 0.150241 0.0705556 0.0227972 0.00532757 0.00150471 0.00153058 0.00246114 0.00366052 0.00485701 0.00582051 0.00642897 0.00670795 0.00675843 0.00664084 0.00632597 0.00574865 0.00489954
 1.01435e-16 5.52522e-05 0.000537072 0.00356903 0.0162243 0.05048 0.107554 0.156985 0.157014 0.1077 0.0509683 0.0176341 0.00710513 0.00824781 0.0146742 0.0241065 0.0345685 0.043153 0.0469422 0.0446026 0.0372017 0.0275298 0.0184868 0.0117675 0.00759644 0.00529704
 1.0325e-16 5.8751e-05 0.000571081 0.00379503 0.0172517 0.0536765 0.114364 0.166922 0.166941 0.114457 0.0539886 0.0181542 0.00606455 0.00553914 0.00953386 0.0157717 0.0229528 0.0293561 0.0332444 0.0337757 0.03144 0.0276114 0.0236141 0.0200724 0.0169324 0.0139118
 1.03033e-16 6.53392e-05 0.00063512 0.0042206 0.0191862 0.0596956 0.127188 0.185638 0.185653 0.127259 0.0599333 0.0198732 0.00594661 0.00440828 0.00724681 0.0119181 0.0172596 0.0219113 0.0245321 0.0245058 0.02229 0.0190646 0.0159757 0.0135741 0.0117821 0.0102376
 1.02078e-16 6.67762e-05 0.000649089 0.00431342 0.0196082 0.0610085 0.129986 0.189721 0.189735 0.130057 0.0612488 0.0203025 0.00605669 0.0044563 0.00730219 0.0119791 0.0172799 0.0217938 0.0241288 0.0236438 0.0208197 0.016917 0.0132031 0.0103562 0.00839162 0.00697585
 1.05303e-16 3.18945e-05 0.000310026 0.00206024 0.00936557 0.02914 0.0620877 0.0906289 0.0906773 0.0623242 0.0299344 0.0116605 0.00782212 0.0128926 0.0239411 0.0395618 0.0570628 0.0719139 0.0795025 0.0776824 0.0680225 0.054685 0.0418849 0.0319252 0.0249452 0.019937
 1.05311e-16 6.59824e-05 0.000641372 0.00426214 0.0193751 0.0602832 0.12844 0.187463 0.187471 0.128478 0.0604115 0.0197476 0.00520391 0.00271975 0.0040792 0.00681189 0.0102097 0.0136829 0.0166555 0.0188335 0.0202997 0.0212965 0.0218975 0.0218835 0.0209223 0.0188647
 1.04589e-16 5.7817e-05 0.000562002 0.0037347 0.0169774 0.0528232 0.112546 0.164269 0.164293 0.11266 0.053204 0.0180774 0.00649547 0.00658785 0.0114998 0.0189156 0.0272373 0.0342509 0.0377544 0.0367668 0.0321299 0.0259491 0.0203264 0.0163602 0.013994 0.0125278
 1.07257e-16 4.1833e-05 0.000406632 0.00270221 0.0122839 0.0382199 0.0814328 0.118861 0.118895 0.0815983 0.0387757 0.0138905 0.00674005 0.00923775 0.016862 0.0279363 0.0405334 0.0515862 0.0579744 0.0582319 0.0533588 0.0460141 0.0387888 0.032944 0.0283609 0.0243244
 1.05381e-16 6.51602e-05 0.00063338 0.00420903 0.0191337 0.059532 0.12684 0.185128 0.185139 0.126891 0.0597054 0.0196358 0.00547414 0.00341063 0.0053854 0.00892035 0.0131271 0.017106 0.0199787 0.0213372 0.0214408 0.0209343 0.0203315 0.0197005 0.0187554 0.0171858
 1.04106e-16 5.96173e-05 0.000579501 0.00385099 0.0175061 0.054468 0.116051 0.169384 0.169405 0.116154 0.0548168 0.0185137 0.00638037 0.00610182 0.0105498 0.0173535 0.0250118 0.0315005 0.0348066 0.0340229 0.0298954 0.0243139 0.0191665 0.0154422 0.0131055 0.0115614
 1.07602e-16 3.61168e-05 0.000351068 0.00233297 0.0106054 0.0329975 0.0703061 0.102622 0.102662 0.0705003 0.03365 0.0124913 0.00707168 0.0107114 0.0197585 0.032728 0.0474235 0.0602239 0.0674394 0.0673423 0.0611358 0.0520112 0.0431039 0.035981 0.0305503 0.0259644
pSPR Fmed_Fpbrs
0.528086   0.227359 0.227359
Fs Fmed_Fpbrs
0.373396   1.005 1.005
SSBpbr Bo_Bmed_Bpbrs
1.51371e+06  723681  268470 268470
Ro
139864
SPR SPRFo_SPRFmed_SPRFpbrs
994012 524924 225998
Fref
1.005
log_Ro
11.6684
likeval ReclasPelacesDesembMPH_pf_preclas_ppelaces_ptallas_desvR_qrecl_qpela
 12.2759 16.7072 0.035378 0.000819268 217.231 105.4 75.1612 0 22.5894 3.77079e-06 1.27124e-05 0.178406 0 0 0
q_reclas_q_pelaces
1.31675 1.66073
M
1
N
 170100 36522.7 90302.9 6080.53 0.220637
 95303 53843.1 10990.4 27075.6 1822.84
 93988.3 26571.2 13674.1 2772.55 7287.59
 145718 26337.7 6793.92 3473.43 2554.49
 117080 35686.3 5624.36 1436.66 1274
 214658 37609.5 10951.9 1720.44 829.016
 84684.2 61843.6 9979.43 2888.93 672.29
 35651.8 17650.4 10645.7 1694.47 604.233
 34838.8 11898.3 5700.57 3430.18 740.58
 46827.6 8689.88 2603.89 1235.91 903.779
 87585.5 9971.13 1539.25 455.191 373.772
 127351 28596.4 3127.34 481.383 259.207
 105869 28931.6 5523.41 597.067 141.303
 74622.2 24752.9 5807.09 1096.6 146.507
 68474.6 12525.7 3190.3 734.426 157.056
 368521 14322 2166.27 544.289 151.982
 69640.2 87515 2935.13 439.293 141.114
 588438 19039.8 21651.4 720.981 142.515
 329342 164288 4844.35 5472.32 218.167
 277895 81766.1 35730.4 1043.64 1225.3
 362279 71663.7 18708.9 8105.76 514.485
 504360 100943 18184.6 4715.68 2171.99
 97989.1 130577 23218.3 4147.45 1570.18
 288462 29147.1 36158.6 6396.64 1574.77
 251231 88013.7 8350.33 10312.5 2272.89
 110128 76676.3 25224.8 2382.46 3589.89
 249872 34876.9 23088.5 7568.24 1791.53
 249038 76809 10091.8 6651.9 2695.95
 82457.6 78291.6 22902.4 2997.73 2776.17
pred_Ctot
 15191.1 4271.59 10736.4 723.565 0.0262564
 14918.8 10860.7 2251 5550 373.665
 14473.3 5275.68 2756.9 559.441 1470.54
 31823.2 7297.04 1909.2 976.826 718.423
 9489.77 3795.38 608.16 155.482 137.884
 30016.2 6804.36 2012.51 316.409 152.472
 24287.3 22099.2 3612.52 1046.5 243.543
 2108.23 1376.54 844.415 134.527 47.9732
 7317.42 3177.23 1544.22 929.903 200.775
 13028.6 3019.38 916.679 435.394 318.401
 6289 941.487 147.788 43.7428 35.9203
 32009.8 9040.75 1002.24 154.384 83.1333
 25299.3 8724.39 1688.78 182.686 43.2365
 27301.9 11038.2 2619.43 494.947 66.1276
 19543 4455.85 1149.73 264.856 56.641
 85549 4202.9 644.637 162.089 45.2618
 11581.3 18708.3 637.001 95.4146 30.6514
 91704.5 3824.09 4415.64 147.158 29.0896
 69876.9 44291.9 1324.84 1497.72 59.7125
 54060 20302.5 9002.47 263.154 308.973
 56825.8 14483.4 3839.3 1664.75 105.669
 97179.4 24836.6 4540.29 1178.31 542.741
 12065.2 20886.3 3773.2 674.567 255.395
 31589 4160.06 5244.46 928.563 228.61
 27472.2 12544.2 1209.44 1494.9 329.495
 9804.98 8940.82 2990.05 282.653 425.922
 26353.3 4798.78 3228.52 1059.19 250.74
 23190.8 9358.57 1249.88 824.564 334.203
 7686.64 9549.03 2839.41 371.977 344.501
F
 0.15031 0.200914 0.204539 0.204733 0.204743
 0.277233 0.370569 0.377253 0.377612 0.377631
 0.27217 0.3638 0.370363 0.370715 0.370733
 0.406903 0.543894 0.553705 0.554231 0.554259
 0.135605 0.181258 0.184528 0.184703 0.184713
 0.244436 0.32673 0.332623 0.33294 0.332956
 0.568172 0.759456 0.773156 0.773891 0.773929
 0.0973995 0.130191 0.132539 0.132665 0.132672
 0.388573 0.519392 0.528761 0.529264 0.52929
 0.546779 0.730862 0.744046 0.744753 0.74479
 0.119336 0.159512 0.162389 0.162544 0.162552
 0.482009 0.644285 0.655907 0.65653 0.656563
 0.453258 0.605855 0.616783 0.61737 0.617401
 0.784659 1.04883 1.06775 1.06876 1.06881
 0.564669 0.754774 0.768389 0.769119 0.769158
 0.437688 0.585042 0.595596 0.596162 0.596191
 0.296811 0.396738 0.403894 0.404278 0.404298
 0.275849 0.368718 0.375369 0.375726 0.375744
 0.393233 0.525621 0.535102 0.535611 0.535637
 0.355258 0.474861 0.483427 0.483887 0.483911
 0.277862 0.371409 0.378109 0.378468 0.378487
 0.35133 0.469611 0.478082 0.478537 0.478561
 0.212502 0.284044 0.289168 0.289443 0.289457
 0.187072 0.250053 0.254564 0.254806 0.254819
 0.186781 0.249664 0.254167 0.254409 0.254421
 0.149818 0.200256 0.203869 0.204062 0.204072
 0.179628 0.240103 0.244434 0.244666 0.244679
 0.157166 0.210079 0.213868 0.214071 0.214082
 0.157343 0.210315 0.214108 0.214312 0.214323
nmprior
 8 9 7.5 0
nm_flota  nm_reclas  nm_pelaces    nm_pelaL
inf 13.0534 17.3656 23.1025
cv_recla  cv_pelaces  cv_mph
0.332389 0.500608 0.88332
 ------------------------------------------------
Talla a la edad & desviación 
 8 13.2811 15.8009 17.003 17.5766
 0.8 1.32811 1.58009 1.7003 1.75766
