years
 1991 1992 1993 1994 1995 1996 1997 1998 1999 2000 2001 2002 2003 2004 2005 2006 2007 2008 2009 2010 2011 2012 2013 2014 2015 2016 2017
reclasobs
 0 0 0 0 0 0 0 0 0 252601 567819 844713 477998 351125 339783 2.1784e+06 2.13404e+06 4.81314e+06 1.55562e+06 2.62356e+06 3.21686e+06 3.843e+06 1.13348e+06 3.07943e+06 1.97215e+06 2.03268e+06 2.025e+06
reclaspred
 3.15023e+06 1.77181e+06 888913 883718 872784 1.42355e+06 892730 779313 567993 411317 489398 639263 627538 488925 492395 1.32881e+06 1.26698e+06 2.85887e+06 2.37402e+06 1.80481e+06 3.1835e+06 2.58784e+06 2.03366e+06 3.15846e+06 2.37599e+06 2.03577e+06 2.15377e+06
pelacesobs
 0 0 0 0 0 0 0 0 0 0 0 0 0 0 0 552880 188675 0 991730 2.46772e+06 1.41603e+06 1.21717e+06 2.29649e+06 1.80582e+06 0 1.4828e+06 1.56532e+06
pelacespred
 1.60982e+06 1.00532e+06 505257 410457 423515 713331 412704 448340 313687 214697 265045 289125 312040 255605 265029 596640 570526 1.48161e+06 1.26943e+06 895516 1.52864e+06 1.35436e+06 1.05983e+06 1.80053e+06 1.30678e+06 1.11432e+06 1.33423e+06
mphobs
 0 0 0 0 0 0 0 0 0 0 0 498337 0 5186 125008 0 168611 109162 213762 579715 649985 157893 87575 83554 0 0 0
mphpred
 469702 313590 156796 84543.3 91621.4 103830 140862 86502 76286.1 52074.1 34173 57367.1 62148.3 52444.8 35424.1 44855.5 151215 141274 280262 213403 233613 286991 272382 222527 312710 257815 204317
desembarqueobs
 494567 514787 250237 358949 120608 361735 552515 73892 212993 205616 52469 317467 293654 387597 252695 516296 358380 742168 942051 627588 828172 859565 418607 520667 417249 300574 407403
desembarquepred
 494575 513608 250819 358973 120613 361743 552548 73896.1 213039 205658 52471.5 317528 293700 387627 252688 516257 358402 742078 941853 627462 828223 859563 418611 520683 417242 300572 407406
Reclutas
 192906 115165 105446 182167 143291 257402 105869 46259.8 44540.2 59611.1 111767 149536 123325 87093.6 85633.3 476704 96309.6 720710 424894 337181 480068 649837 131349 402564 338569 137899 274385
log_desv_Rt
 0.102833 -0.413009 -0.501174 0.0455506 -0.194497 0.391269 -0.497171 -1.3251 -1.36298 -1.07153 -0.442958 -0.151835 -0.344551 -0.692388 -0.709298 1.00752 -0.591804 1.42086 0.892467 0.661249 1.01456 1.31735 -0.281517 0.838483 0.665356 -0.232851 0.45516
SSB
 3.05526e+06 2.0398e+06 1.01991e+06 549927 595968 675379 916260 562668 496217 338725 222285 373155 404255 341137 230423 291771 983605 918944 1.82301e+06 1.38812e+06 1.51958e+06 1.86679e+06 1.77176e+06 1.44747e+06 2.03408e+06 1.677e+06 1.32902e+06
BT
 4.12694e+06 2.82416e+06 1.41267e+06 1.24752e+06 1.07134e+06 1.95419e+06 1.44314e+06 1.09938e+06 933970 693863 656112 932556 987032 994124 864289 1.79213e+06 1.59504e+06 4.07422e+06 3.83208e+06 2.62007e+06 4.20212e+06 3.91945e+06 2.8091e+06 4.63767e+06 3.39442e+06 2.83633e+06 3.49533e+06
Ftot
 0.1355 0.2469 0.241168 0.352662 0.121539 0.225058 0.516541 0.0833756 0.323808 0.427128 0.0968871 0.428738 0.403877 0.667285 0.449034 0.348218 0.243702 0.232769 0.342879 0.30221 0.228992 0.290308 0.177937 0.147581 0.153652 0.128746 0.167894
BD_Bspro_t
 0.978553 0.841489 0.677802 0.582889 0.571065 0.647405 0.646381 0.479211 0.533595 0.489891 0.455871 0.669736 0.555382 0.466118 0.358916 0.417558 0.599014 0.569833 0.666615 0.572727 0.548533 0.595792 0.609841 0.600472 0.706642 0.714323 0.713412
BD_Bspro
 2.47075 1.64956 0.824786 0.444718 0.481951 0.546169 0.740967 0.455022 0.401284 0.273922 0.179758 0.301765 0.326915 0.275873 0.18634 0.235951 0.795427 0.743137 1.47425 1.12255 1.22886 1.50965 1.43279 1.17055 1.64493 1.35617 1.07476
BD_Bo
 1.61933 1.08112 0.540565 0.291468 0.315871 0.357959 0.48563 0.298221 0.263001 0.179529 0.117814 0.197777 0.21426 0.180807 0.122127 0.154642 0.521323 0.487052 0.96622 0.735722 0.805394 0.989421 0.939053 0.767177 1.07809 0.888833 0.704395
BD_Brms
 11.892 7.93956 3.96981 2.14049 2.3197 2.62879 3.56637 2.19008 1.93143 1.31843 0.865202 1.45244 1.57349 1.32781 0.896878 1.13566 3.8285 3.57682 7.09574 5.403 5.91467 7.26613 6.89623 5.634 7.91729 6.52742 5.17295
Sel_flota
 0.917048 1 1 1 1
 0.917048 1 1 1 1
 0.917048 1 1 1 1
 0.917048 1 1 1 1
 0.917048 1 1 1 1
 0.917048 1 1 1 1
 0.917048 1 1 1 1
 0.917048 1 1 1 1
 0.917048 1 1 1 1
 0.917048 1 1 1 1
 0.917048 1 1 1 1
 0.917048 1 1 1 1
 0.917048 1 1 1 1
 0.917048 1 1 1 1
 0.917048 1 1 1 1
 0.917048 1 1 1 1
 0.917048 1 1 1 1
 0.917048 1 1 1 1
 0.917048 1 1 1 1
 0.917048 1 1 1 1
 0.917048 1 1 1 1
 0.917048 1 1 1 1
 0.917048 1 1 1 1
 0.917048 1 1 1 1
 0.917048 1 1 1 1
 0.917048 1 1 1 1
 0.917048 1 1 1 1
Sel_reclas
 1 1 1 1 1
 1 1 1 1 1
 1 1 1 1 1
 1 1 1 1 1
 1 1 1 1 1
 1 1 1 1 1
 1 1 1 1 1
 1 1 1 1 1
 1 1 1 1 1
 1 1 1 1 1
 1 1 1 1 1
 1 1 1 1 1
 1 1 1 1 1
 1 1 1 1 1
 1 1 1 1 1
 1 1 1 1 1
 1 1 1 1 1
 1 1 1 1 1
 1 1 1 1 1
 1 1 1 1 1
 1 1 1 1 1
 1 1 1 1 1
 1 1 1 1 1
 1 1 1 1 1
 1 1 1 1 1
 1 1 1 1 1
 1 1 1 1 1
Sel_pelaces
 1 1 1 1 1
 1 1 1 1 1
 1 1 1 1 1
 1 1 1 1 1
 1 1 1 1 1
 1 1 1 1 1
 1 1 1 1 1
 1 1 1 1 1
 1 1 1 1 1
 1 1 1 1 1
 1 1 1 1 1
 1 1 1 1 1
 1 1 1 1 1
 1 1 1 1 1
 1 1 1 1 1
 1 1 1 1 1
 1 1 1 1 1
 1 1 1 1 1
 1 1 1 1 1
 1 1 1 1 1
 1 1 1 1 1
 1 1 1 1 1
 1 1 1 1 1
 1 1 1 1 1
 1 1 1 1 1
 1 1 1 1 1
 1 1 1 1 1
pf_obs 
 0.8446 0.082 0.0669 0.0065 0
 0.8095 0.147 0.0364 0.0071 0
 0.9664 0.0169 0.016 0.0007 0
 0.9276 0.0648 0.0075 0.0001 0
 0.7033 0.2144 0.0806 0.0017 0
 0.9318 0.0425 0.0243 0.0014 0
 0.5671 0.3108 0.0964 0.0239 0.0018
 0.0768 0.2599 0.5324 0.112 0.0189
 0.490249 0.384438 0.106611 0.0170017 0.00170017
 0.7925 0.1577 0.0466 0.003 0.0002
 0.840416 0.127587 0.0312969 0.00059994 9.999e-05
 0.8084 0.0986 0.0794 0.0134 0.0002
 0.7335 0.1905 0.0724 0.0035 0.0001
 0.4001 0.4547 0.1325 0.0127 0
 0.49795 0.308269 0.164784 0.0264974 0.00249975
 0.9179 0.0499 0.0305 0.0017 0
 0.2467 0.6533 0.0926 0.0074 0
 0.9418 0.0223 0.034 0.0019 0
 0.707729 0.231977 0.0356964 0.0245975 0
 0.517169 0.277429 0.184464 0.0207286 0.00020938
 0.811772 0.124168 0.05621 0.00726502 0.000585176
 0.764997 0.148141 0.077277 0.00933861 0.000247198
 0.163321 0.427699 0.378323 0.0303852 0.000271297
 0.753843 0.0900009 0.118128 0.0371064 0.000921714
 0.721811 0.176058 0.0630433 0.0369309 0.00215725
 0.143369 0.312575 0.442814 0.0836902 0.0175525
 0.692698 0.0596174 0.167031 0.0765114 0.00414204
pf_pred 
 0.479436 0.123574 0.374096 0.0228933 7.60988e-07
 0.46066 0.271146 0.0636652 0.192733 0.011795
 0.583385 0.202186 0.107801 0.0253118 0.0813158
 0.76741 0.141213 0.0443455 0.0236441 0.0233866
 0.681241 0.250392 0.041508 0.0130349 0.0138242
 0.779518 0.154557 0.0517859 0.00858465 0.00555496
 0.504825 0.394092 0.0708589 0.0237421 0.00648253
 0.483234 0.275472 0.192037 0.0345288 0.0147281
 0.569824 0.217624 0.113305 0.0789874 0.0202601
 0.730276 0.160442 0.0552847 0.0287839 0.0252127
 0.838989 0.120931 0.0238407 0.00821496 0.00802354
 0.758726 0.205312 0.0270105 0.00532491 0.00362693
 0.705961 0.228766 0.0555434 0.00730719 0.00242176
 0.654414 0.251481 0.0732155 0.0177764 0.0031137
 0.757512 0.165221 0.0562268 0.0163697 0.00467066
 0.942735 0.0444983 0.00869875 0.0029603 0.00110776
 0.398481 0.570304 0.0242563 0.00474174 0.00221752
 0.908496 0.0386481 0.0501128 0.00213141 0.000611514
 0.627675 0.341175 0.0131567 0.0170595 0.000933754
 0.64066 0.23415 0.114716 0.00442378 0.00605003
 0.757972 0.160643 0.0530319 0.0259816 0.00237218
 0.765213 0.182074 0.0349869 0.01155 0.00617527
 0.341184 0.515783 0.11092 0.0213141 0.0107983
 0.76639 0.0847859 0.116514 0.0250566 0.0072541
 0.653822 0.270978 0.0272927 0.037506 0.0104009
 0.442048 0.376514 0.142024 0.0143046 0.0251088
 0.723035 0.128809 0.0999781 0.0377126 0.0104657
pobs_RECLAS
 0 0 0 0 0
 0 0 0 0 0
 0 0 0 0 0
 0 0 0 0 0
 0 0 0 0 0
 0 0 0 0 0
 0 0 0 0 0
 0 0 0 0 0
 0 0 0 0 0
 0 0 0 0 0
 0.991045 0.00858322 0.000360255 1.14367e-05 0
 0.934742 0.0480273 0.0164251 0.00080598 0
 0.827803 0.169806 0.00239088 0 0
 0.941827 0.0461693 0.0120037 0 0
 0.791401 0.0380133 0.147996 0.0225897 0
 0.846168 0.0940531 0.0597789 0 0
 0.134021 0.677848 0.182769 0.00536245 0
 0.80878 0.0450904 0.141981 0.00414843 0
 0.846168 0.0940531 0.0597789 0 0
 0.905697 0.0802665 0.012482 0.00150086 5.37128e-05
 0.989698 0.0102097 9.19794e-05 0 0
 0.975433 0.0193895 0.00387452 0.00125025 5.28907e-05
 0.303575 0.632131 0.0575291 0.00676475 0
 0.966965 0.00978017 0.0227588 0.000495775 0
 0.843318 0.132988 0.00938335 0.0141283 0.000182051
 0.564624 0.303363 0.111486 0.0197234 0.00080311
 0.826376 0.0876187 0.0782897 0.00655872 0.00115652
ppred_RECLAS
 0.501332 0.118376 0.358361 0.0219303 7.28979e-07
 0.482749 0.260041 0.0610577 0.18484 0.0113119
 0.604747 0.191819 0.102274 0.024014 0.0771463
 0.783047 0.13172 0.0413643 0.0220546 0.0218144
 0.699936 0.235707 0.0390736 0.0122704 0.0130134
 0.794342 0.144165 0.048304 0.00800745 0.00518146
 0.527733 0.37586 0.0675808 0.0226437 0.00618263
 0.505029 0.263853 0.183938 0.0330726 0.014107
 0.591599 0.206608 0.10757 0.0749891 0.0192345
 0.74775 0.150048 0.0517031 0.0269191 0.0235793
 0.850438 0.112333 0.0221455 0.00763083 0.00745303
 0.774928 0.191524 0.0251966 0.00496732 0.00338337
 0.724361 0.214451 0.0520677 0.00684993 0.00227021
 0.675318 0.236269 0.0687867 0.0167011 0.00292535
 0.773815 0.154113 0.0524466 0.0152692 0.00435664
 0.94739 0.0408808 0.00799159 0.00271964 0.00101771
 0.419902 0.549994 0.0233925 0.00457288 0.00213855
 0.915593 0.0356505 0.046226 0.00196609 0.000564084
 0.648377 0.322205 0.0124252 0.016111 0.000881837
 0.660931 0.220941 0.108244 0.00417422 0.00570873
 0.773831 0.150116 0.0495569 0.0242791 0.00221674
 0.780841 0.169956 0.0326582 0.0107812 0.00576425
 0.361232 0.500087 0.107545 0.0206655 0.0104697
 0.781729 0.0792186 0.108863 0.0234113 0.00677778
 0.673415 0.255642 0.025748 0.0353833 0.0098122
 0.463744 0.361873 0.136502 0.0137483 0.0241324
 0.74029 0.120784 0.0937492 0.035363 0.00981363
pobs_PELACES
 0 0 0 0 0
 0 0 0 0 0
 0 0 0 0 0
 0 0 0 0 0
 0 0 0 0 0
 0 0 0 0 0
 0 0 0 0 0
 0 0 0 0 0
 0 0 0 0 0
 0 0 0 0 0
 0 0 0 0 0
 0 0 0 0 0
 0 0 0 0 0
 0 0 0 0 0
 0 0 0 0 0
 0 0 0 0 0
 0.505614 0.472636 0.0217494 0 0
 0 0 0 0 0
 0.443492 0.261883 0.143347 0.151278 0
 0.227955 0.32914 0.350689 0.0885471 0.00366901
 0.970185 0.0296113 0.000203453 0 0
 0.997202 0.00247181 0.000326279 0 0
 0.445219 0.490057 0.0546422 0.010081 0
 0.90214 0.0892962 0.00764917 0.000914606 0
 0 0 0 0 0
 0.581667 0.319106 0.0959925 0.00289975 0.000334073
 0.762889 0.0836404 0.116647 0.0363945 0.000428098
ppred_PELACES
 0.502259 0.118156 0.357694 0.0218895 7.27623e-07
 0.484437 0.259192 0.0608585 0.184237 0.011275
 0.606324 0.191054 0.101866 0.0239181 0.0768385
 0.784682 0.130727 0.0410525 0.0218883 0.02165
 0.700634 0.235158 0.0389826 0.0122418 0.0129831
 0.795347 0.143461 0.048068 0.00796834 0.00515615
 0.531255 0.373056 0.0670767 0.0224748 0.00613652
 0.5056 0.263549 0.183726 0.0330344 0.0140907
 0.593739 0.205525 0.107006 0.0745962 0.0191337
 0.749949 0.14874 0.0512524 0.0266844 0.0233737
 0.850775 0.112079 0.0220956 0.00761364 0.00743623
 0.776969 0.189788 0.0249682 0.00492229 0.00335269
 0.726563 0.212738 0.0516517 0.00679521 0.00225208
 0.67931 0.233364 0.0679409 0.0164957 0.00288938
 0.775959 0.152652 0.0519494 0.0151244 0.00431535
 0.947863 0.0405132 0.00791973 0.00269519 0.00100855
 0.421528 0.548453 0.0233269 0.00456007 0.00213256
 0.916084 0.0354431 0.045957 0.00195465 0.000560801
 0.650514 0.320247 0.0123497 0.0160131 0.000876478
 0.662783 0.219735 0.107653 0.00415143 0.00567756
 0.774926 0.149389 0.0493169 0.0241616 0.002206
 0.782197 0.168903 0.032456 0.0107145 0.00572856
 0.362357 0.499207 0.107356 0.0206291 0.0104513
 0.782418 0.0789687 0.10852 0.0233374 0.00675639
 0.674339 0.254918 0.0256752 0.0352831 0.00978443
 0.464621 0.361282 0.136279 0.0137259 0.024093
 0.741173 0.120373 0.0934306 0.0352428 0.00978028
pobs_pel_tallas
 0 0 0 0 0 0 0 0 0 0 0 0 0 0 0 0 0 0 0 0 0 0 0 0 0 0
 0 0 0 0 0 0 0 0 0 0 0 0 0 0 0 0 0 0 0 0 0 0 0 0 0 0
 0 0 0 0 0 0 0 0 0 0 0 0 0 0 0 0 0 0 0 0 0 0 0 0 0 0
 0 0 0 0 0 0 0 0 0 0 0 0 0 0 0 0 0 0 0 0 0 0 0 0 0 0
 0 0 0 0 0 0 0 0 0 0 0 0 0 0 0 0 0 0 0 0 0 0 0 0 0 0
 0 0 0 0 0 0 0 0 0 0 0 0 0 0 0 0 0 0 0 0 0 0 0 0 0 0
 0 0 0 0 0 0 0 0 0 0 0 0 0 0 0 0 0 0 0 0 0 0 0 0 0 0
 0 0 0 0 0 0 0 0 0 0 0 0 0 0 0 0 0 0 0 0 0 0 0 0 0 0
 0 0 0 0 0 0 0 0 0 0 0 0 0 0 0 0 0 0 0 0 0 0 0 0 0 0
 0 0 0 0 0 0 0 0 0 0 0 0 0 0 0 0 0 0 0 0 0 0 0 0 0 0
 0 0 0 0 0 0 0 0 0 0 0 0 0 0 0 0 0 0 0 0 0 0 0 0 0 0
 0 0 0 0 0 0 0 0 0 0 0 0 0 0 0 0 0 0 0 0 0 0 0 0 0 0
 0.00862536 0 0 0.000197151 0.00414017 0.0128641 0.00837892 0.0270097 0.101434 0.158115 0.152841 0.127902 0.109271 0.109419 0.0830992 0.0579132 0.0238553 0.00714673 0.00463305 0.00128148 0.00103504 0.000492878 0.000147863 0.000147863 4.92878e-05 0
 0 0 0 0 0 0 0 0 0 0 0 0 0 0 0 0 0 0 0 0 0 0 0 0 0 0
 0 0 0 0 0 0 0 0.0054083 0.00873648 0.0413646 0.0450493 0.0745869 0.0622846 0.0627006 0.0613931 0.0827291 0.12552 0.122667 0.0946155 0.0697135 0.0546179 0.0294188 0.0215738 0.0213955 0.0102223 0.00600262
 0 0 0 0 0.00359764 0.0251062 0.0480494 0.140153 0.205849 0.193036 0.1447 0.116669 0.0760912 0.0342217 0.00950174 0.001854 0.000860785 0 0 0 0.000165536 0 0.000143464 0 0 0
 0 0 0 0 0 0 0 0.000145254 0.000435761 0.0275982 0.070085 0.0708112 0.156366 0.174668 0.174014 0.160142 0.0824315 0.0480064 0.0283245 0.00493863 0.00203355 0 0 0 0 0
 0 0 0 0 0 0 0 0 0 0 0 0 0 0 0 0 0 0 0 0 0 0 0 0 0 0
 0 0 1.00437e-05 0.000401748 0.00122533 0.00171747 0.00176769 0.0269171 0.070346 0.194647 0.189555 0.159765 0.064822 0.0314167 0.0384472 0.0292271 0.0345202 0.0313363 0.0194345 0.0106764 0.0143323 0.0359363 0.0279516 0.0138201 0.00172751 0
 0 0.0021121 0.0136068 0.0755702 0.200478 0.177729 0.0527432 0.0373336 0.0318909 0.0142505 0.0149659 0.0166563 0.0217959 0.0798694 0.0677717 0.0528807 0.04013 0.0224614 0.0357745 0.0225083 0.00881397 0.00855152 0.00135912 0.000746735 0 0
 0 0 0 0 5.4009e-05 0.00500934 0.000945158 0.0243581 0.138947 0.33067 0.221406 0.137944 0.0707744 0.0437923 0.0131692 0.00525238 0.0047753 0.00276346 9.45158e-05 9.00151e-06 2.25038e-05 9.00151e-06 4.50075e-06 0 0 0
 0.000866109 0.00284123 0.00948549 0.0512746 0.133035 0.25785 0.225252 0.132002 0.0553304 0.0519788 0.0540692 0.017754 0.00435017 0.00159236 0.00146478 0.000404838 0.000125132 0.000115318 0.000107957 0.000100596 0 0 0 0 0 0
 0 0 0 0 0.00144013 0.00171154 0.00461396 0.0210425 0.0478622 0.0707936 0.0888783 0.103762 0.0637923 0.0337046 0.0602308 0.124433 0.169614 0.0934646 0.0462172 0.0250306 0.0313229 0.00938855 0.002487 0.000210481 0 0
 0 0.00764035 0.051015 0.0998891 0.058973 0.0496711 0.0374665 0.0718981 0.12319 0.153886 0.159021 0.0857701 0.0377988 0.023471 0.0147837 0.00900784 0.00315554 0.000888139 0.00291439 0.00214683 0.00393193 0.00274676 0.000635225 9.99891e-05 0 0
 0 0 0 0 0 0 0 0 0 0 0 0 0 0 0 0 0 0 0 0 0 0 0 0 0 0
 0 0 0 0 0 0 0 0 0 0 0 0 0 0 0 0 0 0 0 0 0 0 0 0 0 0
 0 0 0 0 0 0 0 0 0 0 0 0 0 0 0 0 0 0 0 0 0 0 0 0 0 0
ppred_pel_tallas
 1.12548e-16 4.13705e-05 0.000402136 0.00267233 0.012148 0.0377971 0.0805312 0.11754 0.117552 0.0805897 0.0379951 0.0127266 0.00415005 0.00371235 0.00657468 0.0114454 0.0179735 0.0256965 0.0340525 0.0425959 0.0509309 0.0583414 0.0635504 0.0650358 0.0618158 0.0541288
 1.22207e-16 3.99025e-05 0.000387867 0.00257751 0.011717 0.0364561 0.0776745 0.113373 0.113399 0.0777971 0.0368681 0.0129086 0.00557455 0.00695099 0.0125682 0.0208921 0.0305378 0.0394157 0.0455062 0.0480932 0.0482606 0.0481091 0.049266 0.0518371 0.054475 0.0553149
 1.18391e-16 4.99421e-05 0.000485455 0.00322602 0.014665 0.0456285 0.0972169 0.141895 0.141913 0.0973077 0.0459335 0.0155478 0.0054488 0.00536126 0.0093801 0.0156158 0.0229414 0.029828 0.034776 0.0371809 0.0376948 0.0376977 0.0382957 0.0396398 0.0409871 0.0412835
 1.07078e-16 6.46333e-05 0.000628258 0.004175 0.0189789 0.0590506 0.125814 0.183632 0.183645 0.125876 0.0592583 0.0195794 0.00568454 0.00393155 0.0063621 0.0104799 0.0152465 0.0195141 0.0221713 0.0227434 0.0216761 0.0200013 0.0186523 0.0179642 0.0176627 0.0172084
 1.0461e-16 5.77104e-05 0.000560965 0.00372781 0.0169461 0.0527258 0.112339 0.163966 0.163989 0.112449 0.0530979 0.0180211 0.0064269 0.00645538 0.0112592 0.0185414 0.0267505 0.0337424 0.0373761 0.0366791 0.0324259 0.0265984 0.021176 0.0171951 0.0146261 0.0128666
 1.03096e-16 6.55117e-05 0.000636797 0.00423174 0.0192369 0.0598532 0.127524 0.186128 0.186142 0.127592 0.060081 0.0198954 0.00588689 0.00425721 0.0069625 0.0114621 0.0166347 0.0211897 0.0238511 0.024022 0.0221116 0.0192021 0.0163393 0.0140194 0.0121744 0.0105008
 1.05324e-16 4.37589e-05 0.000425352 0.00282662 0.0128494 0.0399795 0.0851818 0.124333 0.124369 0.0853576 0.0405699 0.0145552 0.00710982 0.00978006 0.0178232 0.0294309 0.042475 0.0535906 0.0593731 0.0582538 0.0514179 0.0419572 0.0329697 0.0260968 0.0213481 0.0178828
 1.11067e-16 4.16457e-05 0.000404811 0.00269011 0.0122289 0.0380487 0.0810677 0.118326 0.118352 0.0811931 0.0384704 0.01345 0.00576672 0.00715925 0.0129817 0.021689 0.0319264 0.0415874 0.0485146 0.0516683 0.0516177 0.0498802 0.0477004 0.0453162 0.0421832 0.037736
 1.1386e-16 4.89055e-05 0.000475379 0.00315906 0.0143607 0.0446814 0.0951992 0.13895 0.13897 0.0952968 0.0450095 0.0153103 0.00555038 0.00572096 0.0100868 0.0167999 0.0246793 0.0320768 0.0373602 0.0398379 0.0401394 0.0396487 0.0394508 0.0396488 0.0394928 0.0380455
 1.08149e-16 6.17724e-05 0.000600449 0.0039902 0.0181389 0.0564368 0.120245 0.175504 0.175519 0.120316 0.0566733 0.0188226 0.00570946 0.00436384 0.00723982 0.0119535 0.0174121 0.0223285 0.0254466 0.0262278 0.0251681 0.0234166 0.0220006 0.0212691 0.0208927 0.0202636
 1.02689e-16 7.00772e-05 0.000681176 0.00452665 0.0205775 0.0640243 0.136411 0.199098 0.199109 0.136464 0.0642018 0.0210903 0.00581456 0.00349484 0.00542022 0.00886723 0.0128089 0.0161994 0.0180262 0.0178326 0.0159854 0.013414 0.011034 0.0093051 0.0081825 0.0073612
 1.01831e-16 6.39979e-05 0.000622083 0.00413396 0.0187924 0.0584702 0.124578 0.181828 0.181847 0.124667 0.0587702 0.019659 0.00630914 0.00537002 0.00907975 0.0149056 0.0214568 0.0269635 0.0296657 0.0287515 0.0248353 0.0195359 0.0145065 0.0106708 0.00810549 0.00641255
 1.02608e-16 5.98461e-05 0.000581725 0.00386577 0.0175732 0.054677 0.116496 0.170033 0.170054 0.116596 0.0550141 0.0185473 0.00631244 0.00592807 0.0102288 0.0168551 0.0243662 0.0308302 0.0343099 0.033896 0.0302201 0.0249749 0.0198543 0.0157529 0.0126944 0.0102784
 1.04164e-16 5.59539e-05 0.000543892 0.00361436 0.0164304 0.051121 0.10892 0.158976 0.158999 0.10903 0.0514913 0.0175004 0.00630313 0.00642274 0.0112481 0.0185779 0.026923 0.0342048 0.038333 0.0383311 0.0348811 0.0297847 0.0248022 0.020798 0.0176975 0.0150111
 1.03786e-16 6.39147e-05 0.000621274 0.00412858 0.018768 0.0583942 0.124415 0.181591 0.181606 0.124488 0.0586366 0.0194689 0.00589062 0.00447616 0.00740964 0.0122132 0.0177395 0.022629 0.0255358 0.0258363 0.0239721 0.0210887 0.018277 0.016027 0.014222 0.0125015
 1.0068e-16 7.80743e-05 0.00075891 0.00504322 0.0229258 0.0713305 0.151977 0.221816 0.22182 0.151997 0.0713947 0.0231111 0.00550864 0.00177559 0.00201094 0.00320622 0.00462369 0.00584119 0.00648651 0.00639047 0.00568152 0.00469288 0.00375613 0.00304336 0.0025498 0.00218037
 1.01632e-16 3.47208e-05 0.000337499 0.0022428 0.0101955 0.0317222 0.0675894 0.0986598 0.0987125 0.0678472 0.0325876 0.0126939 0.00850996 0.0140043 0.0259478 0.0427302 0.0612884 0.0765182 0.0832412 0.0790697 0.0658594 0.0485197 0.0321752 0.0198573 0.0120377 0.0076177
 1.01627e-16 7.54567e-05 0.000733466 0.00487414 0.0221571 0.0689391 0.146882 0.214379 0.214383 0.146899 0.0689964 0.0223236 0.00529516 0.00166259 0.00186934 0.00304715 0.00455891 0.00609917 0.00739789 0.0083083 0.00884959 0.00911632 0.00914201 0.0088523 0.0081454 0.00701308
 1.02193e-16 5.3582e-05 0.000520836 0.00346114 0.0157339 0.0489541 0.104303 0.15224 0.15227 0.104454 0.0494595 0.017193 0.00712137 0.00850345 0.0151916 0.0249719 0.0358336 0.0447847 0.0488216 0.0465776 0.0391599 0.0294421 0.0203906 0.0137104 0.0095821 0.00726671
 1.04541e-16 5.45926e-05 0.000530659 0.00352642 0.0160306 0.0498773 0.10627 0.155108 0.155129 0.106374 0.0502272 0.0170428 0.00607282 0.00610803 0.0107012 0.0177454 0.0258834 0.0332234 0.0378448 0.0388142 0.0366596 0.0328625 0.0288211 0.0251475 0.0217233 0.0182226
 1.04258e-16 6.38297e-05 0.000620447 0.00412309 0.018743 0.0583164 0.12425 0.181349 0.181364 0.124321 0.0585537 0.019429 0.00584768 0.0043937 0.00725499 0.0119593 0.0173791 0.0221902 0.0250872 0.0254749 0.0237995 0.0211866 0.0186898 0.0167524 0.0152064 0.0136453
 1.03024e-16 6.44286e-05 0.000626269 0.00416178 0.0189188 0.0588637 0.125416 0.183051 0.183068 0.125495 0.0591311 0.0196915 0.00610198 0.00486445 0.00812157 0.0133461 0.0192706 0.0243436 0.0270299 0.0266272 0.0236754 0.0195693 0.0156962 0.0127751 0.0107817 0.00930891
 1.07064e-16 2.9847e-05 0.000290123 0.00192797 0.00876432 0.0272693 0.0581019 0.0848116 0.0848597 0.0583373 0.02806 0.0110487 0.00766508 0.0128238 0.0238616 0.0394742 0.0570325 0.0720785 0.0800699 0.0788943 0.0700864 0.0576982 0.0457834 0.0364806 0.0298134 0.0247374
 1.06636e-16 6.44467e-05 0.000626445 0.00416295 0.0189242 0.0588801 0.125451 0.183101 0.183108 0.125489 0.0590083 0.0192965 0.00510525 0.00270915 0.00409534 0.00686608 0.0103476 0.0139841 0.0172338 0.0198231 0.0218253 0.0234315 0.0246274 0.0250898 0.0243972 0.0223533
 1.06001e-16 5.55445e-05 0.000539912 0.00358791 0.0163101 0.050747 0.108123 0.157813 0.157838 0.108243 0.05115 0.0174741 0.0065097 0.00691823 0.0121698 0.0200353 0.0288715 0.0363546 0.0401735 0.0393095 0.0346665 0.0284702 0.0229195 0.0191268 0.0169653 0.0156284
 1.09479e-16 3.82703e-05 0.000372001 0.00247208 0.0112377 0.0349649 0.0744978 0.108739 0.108774 0.0746686 0.0355391 0.0128978 0.00664574 0.00950505 0.0174479 0.0289527 0.0420977 0.0537647 0.0607771 0.0616453 0.0573814 0.0506536 0.0440113 0.0386155 0.0342313 0.0300694
 1.07917e-16 6.10495e-05 0.000593423 0.0039435 0.0179266 0.0557764 0.118838 0.17345 0.173462 0.118895 0.0559694 0.018486 0.00535416 0.00369445 0.00601418 0.010014 0.0148163 0.0194727 0.0230523 0.0251311 0.025988 0.0262758 0.0264484 0.0264376 0.025796 0.0241041
pSPR Fmed_Fpbrs
0.61677   0.186169 0.186169
Fs Fmed_Fpbrs
0.243632   1.005 1.005
SSBpbr Bo_Bmed_Bpbrs
1.88675e+06  1.06935e+06  256917 256917
Ro
174055
SPR SPRFo_SPRFmed_SPRFpbrs
1.23657e+06 762682 230212
Fref
1.005
log_Ro
11.8871
likeval ReclasPelacesDesembMPH_pf_preclas_ppelaces_ptallas_desvR_qrecl_qpela
 12.7902 16.8944 0.054684 0.000820941 191.666 92.4863 61.3776 0 21.9775 5.9069e-07 0 0.280845 0 0 0
q_reclas_q_pelaces
0.896812 1
M
1
N
 192906 45806.5 138670 8486.07 0.282083
 115165 62673.9 14715.9 44549.3 2726.34
 105446 33782.5 18012.1 4229.25 13586.7
 182167 31094.6 9764.72 5206.34 5149.65
 143291 48497.6 8039.54 2524.68 2677.55
 257402 47153.9 15799.4 2619.11 1694.77
 105869 77034.4 13851 4640.94 1267.16
 46259.8 24252.2 16906.7 3039.88 1296.65
 44540.2 15765.3 8208.19 5722.1 1467.7
 59611.1 12175.7 4195.47 2184.37 1913.35
 111767 14822.5 2922.14 1006.9 983.44
 149536 37621.1 4949.36 975.729 664.593
 123325 37127.7 9014.42 1185.92 393.039
 87093.6 31325.9 9120.15 2214.33 387.86
 85633.3 17375.3 5913.05 1721.51 491.186
 476704 20869.5 4079.67 1388.37 519.534
 96309.6 127429 5419.86 1059.5 495.486
 720710 28334.5 36739.8 1562.63 448.326
 424894 214171 8259.08 10709.1 586.161
 337181 114137 55918.6 2156.39 2949.11
 480068 94017.4 31037.4 15206 1388.34
 649837 143155 27508.3 9081.15 4855.28
 131349 183185 39394.3 7569.9 3835.11
 402564 41045.4 56405.1 12130 3511.76
 338569 129349 13027.9 17903.2 4964.76
 137899 108183 40807.4 4110.09 7214.43
 274385 45080.7 34990.5 13198.7 3662.79
pred_Ctot
 14394.1 3710.07 11231.5 687.324 0.0228471
 15024.6 8843.51 2076.46 6286.06 384.696
 13465.6 4666.84 2488.26 584.244 1876.92
 32665.4 6010.85 1887.6 1006.43 995.471
 9640.62 3543.44 587.404 184.464 195.634
 30857.3 6118.13 2049.95 339.824 219.894
 26234.2 20479.8 3682.33 1233.8 336.878
 2165.98 1234.73 860.758 154.767 66.0153
 7410.11 2830.03 1473.45 1027.17 263.467
 12605.9 2769.53 954.314 496.862 435.216
 6050.28 872.085 171.925 59.2413 57.8609
 31723.2 8584.33 1129.34 222.641 151.646
 24864.7 8057.41 1956.3 257.367 85.2969
 26466.9 10170.8 2961.1 718.941 125.929
 18890.1 4120.12 1402.13 408.213 116.473
 84538.8 3990.34 780.051 265.461 99.3372
 12416.6 17770.5 755.821 147.752 69.0976
 89105.2 3790.6 4915.06 209.049 59.9772
 74338.4 40406.9 1558.21 2020.44 110.589
 52766.8 19285.4 9448.37 364.357 498.3
 58471.6 12392.3 4091 2004.28 182.995
 98114.5 23345.3 4485.97 1480.92 791.784
 12668.2 19151.1 4118.49 791.397 400.943
 32568.9 3603.1 4951.43 1064.82 308.274
 28453.6 11792.7 1187.75 1632.22 452.634
 9801.43 8348.35 3149.07 317.172 556.731
 25063.5 4465.07 3465.67 1307.28 362.785
F
 0.12426 0.1355 0.1355 0.1355 0.1355
 0.226419 0.2469 0.2469 0.2469 0.2469
 0.221163 0.241168 0.241168 0.241168 0.241168
 0.323408 0.352662 0.352662 0.352662 0.352662
 0.111457 0.121539 0.121539 0.121539 0.121539
 0.206389 0.225058 0.225058 0.225058 0.225058
 0.473693 0.516541 0.516541 0.516541 0.516541
 0.0764594 0.0833756 0.0833756 0.0833756 0.0833756
 0.296947 0.323808 0.323808 0.323808 0.323808
 0.391697 0.427128 0.427128 0.427128 0.427128
 0.0888501 0.0968871 0.0968871 0.0968871 0.0968871
 0.393173 0.428738 0.428738 0.428738 0.428738
 0.370375 0.403877 0.403877 0.403877 0.403877
 0.611932 0.667285 0.667285 0.667285 0.667285
 0.411786 0.449034 0.449034 0.449034 0.449034
 0.319333 0.348218 0.348218 0.348218 0.348218
 0.223487 0.243702 0.243702 0.243702 0.243702
 0.21346 0.232769 0.232769 0.232769 0.232769
 0.314437 0.342879 0.342879 0.342879 0.342879
 0.277141 0.30221 0.30221 0.30221 0.30221
 0.209997 0.228992 0.228992 0.228992 0.228992
 0.266226 0.290308 0.290308 0.290308 0.290308
 0.163177 0.177937 0.177937 0.177937 0.177937
 0.135339 0.147581 0.147581 0.147581 0.147581
 0.140906 0.153652 0.153652 0.153652 0.153652
 0.118066 0.128746 0.128746 0.128746 0.128746
 0.153967 0.167894 0.167894 0.167894 0.167894
nmprior
 8 9 7.5 0
nm_flota  nm_reclas  nm_pelaces    nm_pelaL
inf 10.0133 16.2465 12.2938
cv_recla  cv_pelaces  cv_mph
0.357634 0.551453 0.884222
 ------------------------------------------------
Talla a la edad & desviación 
 8 13.2811 15.8009 17.003 17.5766
 0.8 1.32811 1.58009 1.7003 1.75766
