years
 1991 1992 1993 1994 1995 1996 1997 1998 1999 2000 2001 2002 2003 2004 2005 2006 2007 2008 2009 2010 2011 2012 2013 2014 2015 2016 2017 2018 2019 2020
reclasobs
 0 0 0 0 0 0 0 0 0 252601 567819 844713 477998 351125 339783 2.1784e+06 2.13404e+06 4.81314e+06 1.55562e+06 2.62356e+06 3.21686e+06 3.843e+06 1.13348e+06 3.07943e+06 1.97215e+06 2.03268e+06 2.025e+06 2.42433e+06 2.27542e+06 1.05018e+06
reclaspred
 3.18855e+06 1.74927e+06 883781 897208 903001 1.55645e+06 887484 763015 542924 371415 497641 675184 660989 491128 484402 1.34e+06 1.18017e+06 3.01047e+06 2.39697e+06 1.79978e+06 3.11018e+06 2.52778e+06 1.92016e+06 3.02422e+06 2.25034e+06 1.98107e+06 2.39145e+06 2.60543e+06 2.05434e+06 1.21946e+06
pelacesobs
 0 0 0 0 0 0 0 0 0 0 0 0 0 0 0 552880 188675 0 991730 2.46772e+06 1.41603e+06 1.21717e+06 2.29649e+06 1.80582e+06 0 1.4828e+06 1.56532e+06 1.57751e+06 1.42118e+06 867257
pelacespred
 1.79051e+06 1.07604e+06 532107 444444 483148 864381 432328 492415 322138 203419 294066 329499 357354 270972 277646 648597 577286 1.72751e+06 1.38659e+06 949759 1.6546e+06 1.41197e+06 1.09589e+06 1.91346e+06 1.35493e+06 1.1995e+06 1.65708e+06 1.78113e+06 1.159e+06 770548
mphobs
 0 0 0 0 0 0 0 0 0 0 0 498337 0 5186 125008 0 168611 109162 213762 579715 649985 157893 87575 83554 0 0 0 0 0 0
mphpred
 493354 330550 159602 88014.6 95479.3 113462 156236 85225.4 76574.6 48604.5 30192.3 60858.2 65479.2 53526.2 32943.3 42061 152314 132299 302997 213841 234385 284953 270917 215462 309108 254979 207710 225573 325666 208814
desembarqueobs
 494567 514787 250237 358949 120608 361735 552515 73892 212993 205616 52469 317467 293654 387597 252695 516296 358380 742168 942051 627588 828172 859565 418607 520667 417249 300574 407403 355545 319650 289779
desembarquepred
 494571 513832 250682 358983 120614 361742 552537 73897.3 213052 205669 52471.8 317528 293690 387582 252671 516225 358406 742027 941775 627388 828247 859535 418605 520688 417234 300570 407395 355517 319630 289784
Reclutas
 173457 95951.2 95521 146405 117991 216996 85402.9 36203.6 35550 47877.8 89864.5 129106 107300 75457.2 69880.7 375399 71290.4 599339 334716 281203 370124 513058 99931.6 295475 254478 110804 250219 283887 77696.1 58140.4
log_desv_Rt
 0.228571 -0.363522 -0.368015 0.0590161 -0.156754 0.45252 -0.479981 -1.3382 -1.35642 -1.05871 -0.429058 -0.0667241 -0.25173 -0.603795 -0.680572 1.00063 -0.660599 1.46847 0.885922 0.711716 0.986478 1.31303 -0.322875 0.761224 0.611852 -0.219601 0.594977 0.721215 -0.574556 -0.864501
SSB
 2.13062e+06 1.42752e+06 689263 380103 412340 490000 674725 368057 330698 209905 130390 262825 282781 231160 142270 181646 657791 571350 1.30853e+06 923503 1.01222e+06 1.23061e+06 1.16999e+06 930503 1.33493e+06 1.10116e+06 897025 974166 1.40643e+06 901792
BT
 2.99596e+06 2.05253e+06 1.00862e+06 939649 792890 1.56046e+06 1.11469e+06 777578 677095 491413 471394 741344 783267 794894 655960 1.35987e+06 1.11313e+06 3.1678e+06 2.90544e+06 1.92672e+06 3.07254e+06 2.8368e+06 1.94468e+06 3.26303e+06 2.34147e+06 1.99847e+06 2.82037e+06 2.93954e+06 1.935e+06 1.39484e+06
Ftot
 0.195279 0.359038 0.352458 0.53338 0.178601 0.324612 0.749241 0.128397 0.510928 0.710053 0.155473 0.629564 0.591672 1.02306 0.733984 0.574239 0.383969 0.362401 0.51319 0.465142 0.36321 0.458893 0.276179 0.244964 0.244035 0.197229 0.2399 0.195066 0.191835 0.298053
BD_Bspro_t
 0.969238 0.787128 0.585641 0.48539 0.476737 0.569337 0.570926 0.378641 0.435095 0.37493 0.332087 0.586685 0.465958 0.370882 0.257431 0.308817 0.499974 0.453233 0.587759 0.472362 0.447714 0.493382 0.509574 0.492179 0.613061 0.623286 0.629373 0.676842 0.737162 0.646474
BD_Bspro
 2.16869 1.45303 0.70158 0.386895 0.419709 0.498756 0.686782 0.374635 0.336608 0.213656 0.13272 0.267521 0.287834 0.235291 0.144812 0.184892 0.669545 0.58156 1.33192 0.940006 1.03031 1.2526 1.1909 0.947131 1.35878 1.12084 0.913055 0.991575 1.43156 0.917908
BD_Bo
 1.37625 0.922093 0.445221 0.245523 0.266346 0.31651 0.43583 0.237742 0.213611 0.135586 0.0842237 0.169768 0.182659 0.149315 0.0918977 0.117332 0.424892 0.369057 0.845232 0.596526 0.653833 0.794897 0.755743 0.601048 0.86228 0.711281 0.579423 0.629251 0.908468 0.582502
BD_Brms
 7.89464 5.28944 2.55394 1.40841 1.52786 1.81561 2.50007 1.36377 1.22534 0.777768 0.483136 0.973851 1.04779 0.856523 0.527157 0.673058 2.43733 2.11704 4.84854 3.42188 3.75061 4.55981 4.3352 3.44782 4.94634 4.08016 3.32377 3.6096 5.21129 3.34144
Sel_flota
 0.739598 1 1 1 1
 0.739598 1 1 1 1
 0.739598 1 1 1 1
 0.739598 1 1 1 1
 0.739598 1 1 1 1
 0.739598 1 1 1 1
 0.739598 1 1 1 1
 0.739598 1 1 1 1
 0.739598 1 1 1 1
 0.739598 1 1 1 1
 0.739598 1 1 1 1
 0.739598 1 1 1 1
 0.739598 1 1 1 1
 0.739598 1 1 1 1
 0.739598 1 1 1 1
 0.739598 1 1 1 1
 0.739598 1 1 1 1
 0.739598 1 1 1 1
 0.739598 1 1 1 1
 0.739598 1 1 1 1
 0.739598 1 1 1 1
 0.739598 1 1 1 1
 0.739598 1 1 1 1
 0.739598 1 1 1 1
 0.739598 1 1 1 1
 0.739598 1 1 1 1
 0.739598 1 1 1 1
 0.739598 1 1 1 1
 0.739598 1 1 1 1
 0.739598 1 1 1 1
Sel_reclas
 1 1 1 1 1
 1 1 1 1 1
 1 1 1 1 1
 1 1 1 1 1
 1 1 1 1 1
 1 1 1 1 1
 1 1 1 1 1
 1 1 1 1 1
 1 1 1 1 1
 1 1 1 1 1
 1 1 1 1 1
 1 1 1 1 1
 1 1 1 1 1
 1 1 1 1 1
 1 1 1 1 1
 1 1 1 1 1
 1 1 1 1 1
 1 1 1 1 1
 1 1 1 1 1
 1 1 1 1 1
 1 1 1 1 1
 1 1 1 1 1
 1 1 1 1 1
 1 1 1 1 1
 1 1 1 1 1
 1 1 1 1 1
 1 1 1 1 1
 1 1 1 1 1
 1 1 1 1 1
 1 1 1 1 1
Sel_pelaces
 0.98736 1 1 1 1
 0.98736 1 1 1 1
 0.98736 1 1 1 1
 0.98736 1 1 1 1
 0.98736 1 1 1 1
 0.98736 1 1 1 1
 0.98736 1 1 1 1
 0.98736 1 1 1 1
 0.98736 1 1 1 1
 0.98736 1 1 1 1
 0.98736 1 1 1 1
 0.98736 1 1 1 1
 0.98736 1 1 1 1
 0.98736 1 1 1 1
 0.98736 1 1 1 1
 0.98736 1 1 1 1
 0.98736 1 1 1 1
 0.98736 1 1 1 1
 0.98736 1 1 1 1
 0.98736 1 1 1 1
 0.98736 1 1 1 1
 0.98736 1 1 1 1
 0.98736 1 1 1 1
 0.98736 1 1 1 1
 0.98736 1 1 1 1
 0.98736 1 1 1 1
 0.98736 1 1 1 1
 0.98736 1 1 1 1
 0.98736 1 1 1 1
 0.98736 1 1 1 1
pf_obs 
 0.8446 0.082 0.0669 0.0065 0
 0.8095 0.147 0.0364 0.0071 0
 0.9664 0.0169 0.016 0.0007 0
 0.9276 0.0648 0.0075 0.0001 0
 0.7033 0.2144 0.0806 0.0017 0
 0.9318 0.0425 0.0243 0.0014 0
 0.5671 0.3108 0.0964 0.0239 0.0018
 0.0768 0.2599 0.5324 0.112 0.0189
 0.490249 0.384438 0.106611 0.0170017 0.00170017
 0.7925 0.1577 0.0466 0.003 0.0002
 0.840416 0.127587 0.0312969 0.00059994 9.999e-05
 0.8084 0.0986 0.0794 0.0134 0.0002
 0.7335 0.1905 0.0724 0.0035 0.0001
 0.4001 0.4547 0.1325 0.0127 0
 0.49795 0.308269 0.164784 0.0264974 0.00249975
 0.9179 0.0499 0.0305 0.0017 0
 0.2467 0.6533 0.0926 0.0074 0
 0.9418 0.0223 0.034 0.0019 0
 0.707729 0.231977 0.0356964 0.0245975 0
 0.517169 0.277429 0.184464 0.0207286 0.00020938
 0.811772 0.124168 0.05621 0.00726502 0.000585176
 0.764997 0.148141 0.077277 0.00933861 0.000247198
 0.163321 0.427699 0.378323 0.0303852 0.000271297
 0.753843 0.0900009 0.118128 0.0371064 0.000921714
 0.721811 0.176058 0.0630433 0.0369309 0.00215725
 0.143369 0.312575 0.442814 0.0836902 0.0175525
 0.692698 0.0596174 0.167031 0.0765114 0.00414204
 0.394062 0.376323 0.152708 0.0712218 0.00568511
 0.125707 0.32114 0.495352 0.0537591 0.00404204
 0.23352 0.215282 0.420074 0.123614 0.00750983
pf_pred 
 0.486506 0.136963 0.352788 0.0237415 8.09186e-07
 0.431358 0.32358 0.0653651 0.168366 0.0113309
 0.584821 0.216098 0.113285 0.0228842 0.0629117
 0.738059 0.175017 0.0452433 0.0237177 0.0179626
 0.663762 0.270963 0.0436141 0.0112746 0.0103867
 0.761776 0.174594 0.0512768 0.0082535 0.00409916
 0.469816 0.434657 0.0700117 0.0205618 0.00495338
 0.463889 0.308492 0.186608 0.0300575 0.0109542
 0.554147 0.242571 0.116973 0.0707575 0.0155507
 0.732119 0.173026 0.0516069 0.024886 0.018362
 0.839406 0.129418 0.0201368 0.00600602 0.00503321
 0.751738 0.218129 0.0242835 0.00377841 0.00207136
 0.698045 0.247403 0.0479307 0.00533595 0.0012854
 0.650731 0.270602 0.0644545 0.0124871 0.00172503
 0.76145 0.178829 0.0462698 0.011021 0.00243011
 0.942261 0.0479007 0.00737523 0.00190825 0.000554747
 0.368316 0.606627 0.020787 0.00320056 0.00106884
 0.913959 0.0392227 0.0449608 0.00154065 0.000316431
 0.591798 0.383018 0.0114806 0.0131602 0.000543575
 0.637702 0.246494 0.108659 0.00325697 0.00388766
 0.735938 0.189959 0.0504173 0.0222249 0.00146134
 0.753279 0.197286 0.0355626 0.00943872 0.00443435
 0.31594 0.558356 0.100516 0.018119 0.00706828
 0.746997 0.099858 0.125003 0.0225033 0.00563885
 0.631732 0.296725 0.0282376 0.035348 0.00795797
 0.430697 0.402318 0.134544 0.0128038 0.0196363
 0.734388 0.136339 0.0913551 0.0305512 0.00736624
 0.688541 0.247646 0.0327558 0.0219483 0.00910974
 0.32871 0.506791 0.130795 0.0173002 0.0164035
 0.420309 0.235058 0.260181 0.067149 0.0173031
pobs_RECLAS
 0 0 0 0 0
 0 0 0 0 0
 0 0 0 0 0
 0 0 0 0 0
 0 0 0 0 0
 0 0 0 0 0
 0 0 0 0 0
 0 0 0 0 0
 0 0 0 0 0
 0 0 0 0 0
 0.991045 0.00858322 0.000360255 1.14367e-05 0
 0.934742 0.0480273 0.0164251 0.00080598 0
 0.827803 0.169806 0.00239088 0 0
 0.941827 0.0461693 0.0120037 0 0
 0.791401 0.0380133 0.147996 0.0225897 0
 0.846168 0.0940531 0.0597789 0 0
 0.134021 0.677848 0.182769 0.00536245 0
 0.80878 0.0450904 0.141981 0.00414843 0
 0.846168 0.0940531 0.0597789 0 0
 0.905697 0.0802665 0.012482 0.00150086 5.37128e-05
 0.989698 0.0102097 9.19794e-05 0 0
 0.975433 0.0193895 0.00387452 0.00125025 5.28907e-05
 0.303575 0.632131 0.0575291 0.00676475 0
 0.966965 0.00978017 0.0227588 0.000495775 0
 0.843318 0.132988 0.00938335 0.0141283 0.000182051
 0.564624 0.303363 0.111486 0.0197234 0.00080311
 0.826376 0.0876187 0.0782897 0.00655872 0.00115652
 0.89761 0.0855135 0.0140674 0.00269457 0.000114338
 0.34875 0.467042 0.161289 0.0227151 0.000203297
 0.318654 0.224769 0.449479 0.00709798 0
ppred_RECLAS
 0.562793 0.116615 0.300376 0.0202143 6.88969e-07
 0.508818 0.279502 0.0564611 0.145432 0.00978739
 0.657903 0.178059 0.0933436 0.018856 0.0518376
 0.79477 0.137126 0.035448 0.0185828 0.0140737
 0.728323 0.218935 0.0352397 0.00910972 0.00839233
 0.813496 0.136689 0.0401444 0.00646164 0.00320922
 0.551434 0.367745 0.0592338 0.0173965 0.00419084
 0.539911 0.264746 0.160146 0.0257952 0.00940088
 0.630549 0.201004 0.0969286 0.0586325 0.012886
 0.790997 0.134997 0.0402641 0.0194162 0.0143262
 0.876448 0.0995669 0.0154922 0.0046207 0.00387228
 0.806884 0.169676 0.0188894 0.00293911 0.00161125
 0.761041 0.195788 0.0379311 0.00422273 0.00101723
 0.723831 0.213967 0.0509645 0.00987365 0.00136399
 0.815671 0.138182 0.035753 0.00851596 0.00187776
 0.957386 0.0353532 0.00544329 0.00140839 0.000409431
 0.443492 0.534433 0.0183132 0.00281967 0.000941643
 0.935515 0.0293961 0.0336966 0.00115467 0.000237155
 0.66566 0.313712 0.00940326 0.0107789 0.000445217
 0.706984 0.199357 0.0878803 0.00263414 0.00314422
 0.791945 0.149668 0.0397238 0.017511 0.00115139
 0.807107 0.154243 0.0278037 0.00737943 0.00346688
 0.386133 0.501062 0.0902022 0.0162598 0.00634299
 0.800688 0.0786665 0.0984753 0.0177277 0.00444219
 0.700057 0.241673 0.0229987 0.0287899 0.00648152
 0.506886 0.348477 0.116539 0.0110903 0.0170084
 0.789978 0.107805 0.0722353 0.0241571 0.00582456
 0.750222 0.198602 0.0262689 0.0176016 0.00730566
 0.399481 0.453362 0.117006 0.0154763 0.0146741
 0.49702 0.203952 0.225751 0.0582632 0.0150134
pobs_PELACES
 0 0 0 0 0
 0 0 0 0 0
 0 0 0 0 0
 0 0 0 0 0
 0 0 0 0 0
 0 0 0 0 0
 0 0 0 0 0
 0 0 0 0 0
 0 0 0 0 0
 0 0 0 0 0
 0 0 0 0 0
 0 0 0 0 0
 0 0 0 0 0
 0 0 0 0 0
 0 0 0 0 0
 0 0 0 0 0
 0.505614 0.472636 0.0217494 0 0
 0 0 0 0 0
 0.443492 0.261883 0.143347 0.151278 0
 0.227955 0.32914 0.350689 0.0885471 0.00366901
 0.970185 0.0296113 0.000203453 0 0
 0.997202 0.00247181 0.000326279 0 0
 0.445219 0.490057 0.0546422 0.010081 0
 0.90214 0.0892962 0.00764917 0.000914606 0
 0 0 0 0 0
 0.581667 0.319106 0.0959925 0.00289975 0.000334073
 0.762889 0.0836404 0.116647 0.0363945 0.000428098
 0.88444 0.0763242 0.0277011 0.0115352 0
 0.521256 0.241999 0.230069 0.00667565 0
 0.616807 0.101726 0.260614 0.0208532 0
ppred_PELACES
 0.563792 0.116349 0.29969 0.0201681 6.87395e-07
 0.513349 0.276923 0.0559402 0.14409 0.00969711
 0.661846 0.176007 0.0922678 0.0186387 0.0512402
 0.800118 0.133552 0.0345242 0.0180985 0.0137069
 0.728843 0.218516 0.0351723 0.0090923 0.00837628
 0.815787 0.13501 0.0396512 0.00638225 0.00316979
 0.564177 0.357298 0.0575511 0.0169023 0.00407178
 0.539492 0.264988 0.160292 0.0258187 0.00940944
 0.637784 0.197068 0.0950305 0.0574843 0.0126336
 0.798869 0.129912 0.0387475 0.0186849 0.0137866
 0.876517 0.0995111 0.0154835 0.00461811 0.00387011
 0.813251 0.164082 0.0182667 0.00284222 0.00155813
 0.767905 0.190164 0.0368416 0.00410143 0.000988015
 0.738606 0.202519 0.0482379 0.00934539 0.00129101
 0.823122 0.132597 0.0343078 0.00817174 0.00180186
 0.958855 0.0341341 0.00525559 0.00135982 0.000395313
 0.448502 0.529623 0.0181483 0.00279428 0.000933166
 0.936618 0.0288936 0.0331205 0.00113493 0.0002331
 0.672607 0.307194 0.00920788 0.0105549 0.000435966
 0.712597 0.195538 0.0861969 0.00258368 0.00308399
 0.794976 0.147489 0.0391452 0.0172559 0.00113462
 0.811232 0.150945 0.0272091 0.00722163 0.00339275
 0.388747 0.498929 0.0898182 0.0161905 0.00631598
 0.802014 0.0781431 0.0978201 0.0176098 0.00441264
 0.701786 0.240279 0.022866 0.0286239 0.00644415
 0.507943 0.34773 0.116289 0.0110666 0.016972
 0.791285 0.107134 0.0717859 0.0240068 0.00578831
 0.750978 0.198 0.0261893 0.0175483 0.00728353
 0.400385 0.45268 0.11683 0.015453 0.014652
 0.500243 0.202646 0.224305 0.0578898 0.0149172
pobs_pel_tallas
 0 0 0 0 0 0 0 0 0 0 0 0 0 0 0 0 0 0 0 0 0 0 0 0 0 0
 0 0 0 0 0 0 0 0 0 0 0 0 0 0 0 0 0 0 0 0 0 0 0 0 0 0
 0 0 0 0 0 0 0 0 0 0 0 0 0 0 0 0 0 0 0 0 0 0 0 0 0 0
 0 0 0 0 0 0 0 0 0 0 0 0 0 0 0 0 0 0 0 0 0 0 0 0 0 0
 0 0 0 0 0 0 0 0 0 0 0 0 0 0 0 0 0 0 0 0 0 0 0 0 0 0
 0 0 0 0 0 0 0 0 0 0 0 0 0 0 0 0 0 0 0 0 0 0 0 0 0 0
 0 0 0 0 0 0 0 0 0 0 0 0 0 0 0 0 0 0 0 0 0 0 0 0 0 0
 0 0 0 0 0 0 0 0 0 0 0 0 0 0 0 0 0 0 0 0 0 0 0 0 0 0
 0 0 0 0 0 0 0 0 0 0 0 0 0 0 0 0 0 0 0 0 0 0 0 0 0 0
 0 0 0 0 0 0 0 0 0 0 0 0 0 0 0 0 0 0 0 0 0 0 0 0 0 0
 0 0 0 0 0 0 0 0 0 0 0 0 0 0 0 0 0 0 0 0 0 0 0 0 0 0
 0 0 0 0 0 0 0 0 0 0 0 0 0 0 0 0 0 0 0 0 0 0 0 0 0 0
 0.00862536 0 0 0.000197151 0.00414017 0.0128641 0.00837892 0.0270097 0.101434 0.158115 0.152841 0.127902 0.109271 0.109419 0.0830992 0.0579132 0.0238553 0.00714673 0.00463305 0.00128148 0.00103504 0.000492878 0.000147863 0.000147863 4.92878e-05 0
 0 0 0 0 0 0 0 0 0 0 0 0 0 0 0 0 0 0 0 0 0 0 0 0 0 0
 0 0 0 0 0 0 0 0.0054083 0.00873648 0.0413646 0.0450493 0.0745869 0.0622846 0.0627006 0.0613931 0.0827291 0.12552 0.122667 0.0946155 0.0697135 0.0546179 0.0294188 0.0215738 0.0213955 0.0102223 0.00600262
 0 0 0 0 0.00359764 0.0251062 0.0480494 0.140153 0.205849 0.193036 0.1447 0.116669 0.0760912 0.0342217 0.00950174 0.001854 0.000860785 0 0 0 0.000165536 0 0.000143464 0 0 0
 0 0 0 0 0 0 0 0.000145254 0.000435761 0.0275982 0.070085 0.0708112 0.156366 0.174668 0.174014 0.160142 0.0824315 0.0480064 0.0283245 0.00493863 0.00203355 0 0 0 0 0
 0 0 0 0 0 0 0 0 0 0 0 0 0 0 0 0 0 0 0 0 0 0 0 0 0 0
 0 0 1.00437e-05 0.000401748 0.00122533 0.00171747 0.00176769 0.0269171 0.070346 0.194647 0.189555 0.159765 0.064822 0.0314167 0.0384472 0.0292271 0.0345202 0.0313363 0.0194345 0.0106764 0.0143323 0.0359363 0.0279516 0.0138201 0.00172751 0
 0 0.0021121 0.0136068 0.0755702 0.200478 0.177729 0.0527432 0.0373336 0.0318909 0.0142505 0.0149659 0.0166563 0.0217959 0.0798694 0.0677717 0.0528807 0.04013 0.0224614 0.0357745 0.0225083 0.00881397 0.00855152 0.00135912 0.000746735 0 0
 0 0 0 0 5.4009e-05 0.00500934 0.000945158 0.0243581 0.138947 0.33067 0.221406 0.137944 0.0707744 0.0437923 0.0131692 0.00525238 0.0047753 0.00276346 9.45158e-05 9.00151e-06 2.25038e-05 9.00151e-06 4.50075e-06 0 0 0
 0.000866109 0.00284123 0.00948549 0.0512746 0.133035 0.25785 0.225252 0.132002 0.0553304 0.0519788 0.0540692 0.017754 0.00435017 0.00159236 0.00146478 0.000404838 0.000125132 0.000115318 0.000107957 0.000100596 0 0 0 0 0 0
 0 0 0 0 0.00144013 0.00171154 0.00461396 0.0210425 0.0478622 0.0707936 0.0888783 0.103762 0.0637923 0.0337046 0.0602308 0.124433 0.169614 0.0934646 0.0462172 0.0250306 0.0313229 0.00938855 0.002487 0.000210481 0 0
 0 0.00764035 0.051015 0.0998891 0.058973 0.0496711 0.0374665 0.0718981 0.12319 0.153886 0.159021 0.0857701 0.0377988 0.023471 0.0147837 0.00900784 0.00315554 0.000888139 0.00291439 0.00214683 0.00393193 0.00274676 0.000635225 9.99891e-05 0 0
 0 0 0 0 0 0 0 0 0 0 0 0 0 0 0 0 0 0 0 0 0 0 0 0 0 0
 0 0 0 0 0 0 0 0 0 0 0 0 0 0 0 0 0 0 0 0 0 0 0 0 0 0
 0 0 0 0 0 0 0 0 0 0 0 0 0 0 0 0 0 0 0 0 0 0 0 0 0 0
 0 0 0 0 0 0 0 0 0 0 0 0 0 0 0 0 0 0 0 0 0 0 0 0 0 0
 0 0 0 0 0 0 0 0 0 0 0 0 0 0 0 0 0 0 0 0 0 0 0 0 0 0
 0 0 0 0 0 0 0 0 0 0 0 0 0 0 0 0 0 0 0 0 0 0 0 0 0 0
ppred_pel_tallas
 1.10701e-16 4.64389e-05 0.000451402 0.00299973 0.0136363 0.0424277 0.0903972 0.13194 0.131951 0.0904544 0.042621 0.0142001 0.004436 0.00365696 0.00633954 0.0109409 0.0169963 0.0239489 0.0311655 0.0382006 0.0447853 0.050479 0.0543744 0.0552873 0.0523999 0.0458637
 1.17777e-16 4.2284e-05 0.000411015 0.00273134 0.0124163 0.0386319 0.0823102 0.12014 0.120167 0.0824411 0.0390714 0.0136869 0.00592513 0.00739845 0.0133604 0.0221536 0.0322439 0.0413104 0.0470801 0.0486703 0.0471678 0.044855 0.0436653 0.0440629 0.045045 0.0450129
 1.13249e-16 5.45154e-05 0.000529909 0.00352143 0.0160079 0.0498067 0.106119 0.154888 0.154905 0.106203 0.0500876 0.0168206 0.00556722 0.00501582 0.00863343 0.0143444 0.0210352 0.0272624 0.0316028 0.0334474 0.0333467 0.0325436 0.0320772 0.0321744 0.0323072 0.0316994
 1.05166e-16 6.59047e-05 0.000640617 0.00425713 0.0193523 0.0602122 0.128289 0.187244 0.187257 0.128352 0.0604241 0.0199646 0.0057958 0.00400509 0.00647231 0.0106406 0.0154304 0.0196415 0.0221053 0.0223084 0.0206955 0.0183425 0.0162627 0.0148916 0.0140548 0.0132939
 1.03401e-16 6.00339e-05 0.000583551 0.0038779 0.0176284 0.0548486 0.116861 0.170567 0.170588 0.116964 0.0551943 0.0186271 0.00638519 0.00605848 0.0104624 0.0172137 0.0248207 0.0312772 0.0345813 0.033816 0.0296904 0.0240449 0.0187313 0.0147429 0.0120961 0.0102787
 1.02356e-16 6.71953e-05 0.000653162 0.00434049 0.0197313 0.0613914 0.130801 0.190911 0.190924 0.130865 0.0616055 0.0203503 0.00589596 0.00405401 0.0065414 0.0107481 0.0155701 0.0197752 0.0221491 0.0221233 0.0200903 0.0170932 0.0141561 0.0117899 0.00996471 0.00840797
 1.04137e-16 4.64706e-05 0.000451711 0.00300178 0.0136457 0.0424569 0.0904602 0.132037 0.132071 0.0906286 0.0430222 0.0152785 0.00710114 0.0094028 0.0170526 0.0281346 0.0405641 0.0510947 0.0564438 0.0550947 0.0481862 0.0387093 0.0296874 0.0227627 0.0180085 0.0146578
 1.08876e-16 4.44373e-05 0.000431947 0.00287044 0.0130486 0.0405992 0.0865019 0.126257 0.126283 0.0866277 0.0410224 0.0142733 0.00595419 0.00719539 0.0129822 0.0216341 0.0317261 0.0410793 0.0474666 0.0498143 0.0487284 0.0458481 0.0426052 0.0394372 0.0359475 0.0316211
 1.10696e-16 5.25334e-05 0.000510644 0.00339341 0.015426 0.047996 0.102261 0.149257 0.149276 0.102355 0.0483102 0.0163352 0.00568201 0.00552768 0.00964336 0.0160256 0.0234774 0.0303754 0.0351074 0.0369671 0.0365385 0.0351754 0.0340042 0.0332631 0.0323957 0.0306439
 1.05359e-16 6.58018e-05 0.000639617 0.00425048 0.0193221 0.0601182 0.128089 0.186952 0.186964 0.12815 0.0603245 0.0199183 0.00574918 0.00391804 0.00631236 0.0103856 0.0150849 0.0192524 0.0217619 0.0221174 0.0207424 0.0186583 0.0168141 0.0155957 0.0148088 0.0140048
 1.01591e-16 7.21976e-05 0.000701786 0.00466362 0.0212001 0.0659615 0.140538 0.205122 0.205131 0.140585 0.0661189 0.0216549 0.00580528 0.00319464 0.00480839 0.00783991 0.0112988 0.0142353 0.0157352 0.0153819 0.0135005 0.0109319 0.00852176 0.0067227 0.0055396 0.00473431
 1.01118e-16 6.69864e-05 0.000651132 0.004327 0.0196699 0.0612005 0.130395 0.190318 0.190334 0.130472 0.0614598 0.0204187 0.00620618 0.00475197 0.00785103 0.0128622 0.0184956 0.0232023 0.0254504 0.0245315 0.020979 0.0162066 0.0116691 0.00819655 0.00588319 0.00440132
 1.01691e-16 6.32513e-05 0.000614826 0.00408573 0.0185732 0.0577881 0.123124 0.179707 0.179726 0.123214 0.0580891 0.0194428 0.00626923 0.0053836 0.00912636 0.0150038 0.0216443 0.0272927 0.0301976 0.0295391 0.0258977 0.0208316 0.0159214 0.0120355 0.00924117 0.00718757
 1.026e-16 6.08381e-05 0.000591368 0.00392985 0.0178645 0.0555833 0.118427 0.172851 0.172871 0.118522 0.0559042 0.0187918 0.00625889 0.00568062 0.00974072 0.0160447 0.0231946 0.0293495 0.0326675 0.0322871 0.0288142 0.0238637 0.0190469 0.0152076 0.0123547 0.0100918
 1.02149e-16 6.77995e-05 0.000659035 0.00437952 0.0199087 0.0619433 0.131977 0.192627 0.19264 0.13204 0.0621535 0.0205162 0.00590564 0.00399468 0.00641489 0.0105295 0.0152355 0.0193141 0.021567 0.0214368 0.0193195 0.0162606 0.0132919 0.0109356 0.0091687 0.00771292
 1.00364e-16 7.89796e-05 0.00076771 0.0051017 0.0231916 0.0721577 0.15374 0.224388 0.224392 0.153756 0.0722117 0.0233476 0.00549322 0.00162252 0.0017028 0.00269102 0.00387108 0.00487247 0.00537629 0.00523686 0.00456313 0.00364207 0.00276477 0.00209089 0.00162999 0.00131016
 1.01098e-16 3.69426e-05 0.000359095 0.00238632 0.0108479 0.0337521 0.0719142 0.104972 0.105023 0.0721631 0.0345876 0.01326 0.00843653 0.0135515 0.0250469 0.0412314 0.0591148 0.0737545 0.080138 0.0759536 0.062998 0.0460318 0.0300369 0.0179784 0.0103428 0.00608328
 1.01117e-16 7.7148e-05 0.000749906 0.00498339 0.0226538 0.0704843 0.150174 0.219184 0.219187 0.150188 0.0705309 0.022789 0.005325 0.00150273 0.00152756 0.0024569 0.00365607 0.00485488 0.00582465 0.00644387 0.00673708 0.00680279 0.00669818 0.00639124 0.00581532 0.00496139
 1.01477e-16 5.54018e-05 0.000538526 0.00357869 0.0162682 0.0506167 0.107845 0.15741 0.157439 0.10799 0.0511014 0.0176674 0.00708832 0.00819164 0.0145654 0.0239275 0.0343135 0.0428387 0.046608 0.0442991 0.0369717 0.0273941 0.0184416 0.0117931 0.00766733 0.00538992
 1.03319e-16 5.86957e-05 0.000570544 0.00379146 0.0172355 0.053626 0.114257 0.166765 0.166784 0.114349 0.0539371 0.0181351 0.00605383 0.0055233 0.00950563 0.0157275 0.0228944 0.0292941 0.0331975 0.0337662 0.031486 0.0277199 0.0237784 0.0202745 0.0171492 0.0141211
 1.0309e-16 6.54811e-05 0.0006365 0.00422977 0.0192279 0.0598252 0.127465 0.186041 0.186055 0.127534 0.0600592 0.019904 0.00592835 0.00434995 0.0071341 0.011733 0.0169963 0.0215877 0.0241901 0.024199 0.0220637 0.0189413 0.0159518 0.0136284 0.0118866 0.0103663
 1.02123e-16 6.68201e-05 0.000649515 0.00431626 0.0196211 0.0610486 0.130071 0.189845 0.18986 0.130142 0.0612875 0.0203113 0.00604921 0.00443427 0.0072598 0.0119095 0.017181 0.0216723 0.024001 0.0235303 0.0207389 0.0168789 0.013208 0.0103976 0.00845965 0.00705973
 1.05413e-16 3.20207e-05 0.000311252 0.00206838 0.0094026 0.0292552 0.0623331 0.0909871 0.0910352 0.0625683 0.0300448 0.0116836 0.00779543 0.0128182 0.0237987 0.0393291 0.0567347 0.0715163 0.0790934 0.0773345 0.0677969 0.0546107 0.0419539 0.0321035 0.0251887 0.0202043
 1.05356e-16 6.60609e-05 0.000642135 0.00426721 0.0193981 0.0603549 0.128593 0.187686 0.187694 0.12863 0.0604814 0.0197653 0.00519562 0.00269136 0.00402399 0.00672073 0.010079 0.0135201 0.0164796 0.0186694 0.0201698 0.0212136 0.0218637 0.0218935 0.0209671 0.0189339
 1.04683e-16 5.78053e-05 0.000561888 0.00373394 0.016974 0.0528125 0.112523 0.164236 0.164259 0.112637 0.0531923 0.0180708 0.00648689 0.00657078 0.0114679 0.0188637 0.0271647 0.0341644 0.0376688 0.0367017 0.0321036 0.0259737 0.0204054 0.0164891 0.0141617 0.0127193
 1.07427e-16 4.18386e-05 0.000406686 0.00270258 0.0122855 0.038225 0.0814437 0.118877 0.11891 0.0816081 0.0387771 0.0138815 0.00671385 0.00918031 0.0167543 0.027762 0.0402914 0.0513013 0.0576974 0.0580262 0.053278 0.046084 0.039002 0.0332675 0.0287496 0.0247333
 1.05487e-16 6.51771e-05 0.000633545 0.00421013 0.0191386 0.0595475 0.126873 0.185176 0.185187 0.126924 0.0597189 0.019635 0.00546074 0.00337931 0.00532615 0.00882377 0.0129914 0.0169429 0.0198139 0.0212039 0.0213686 0.0209403 0.020417 0.0198539 0.0189571 0.0174131
 1.03799e-16 6.18571e-05 0.000601273 0.00399567 0.0181638 0.0565143 0.12041 0.175747 0.175766 0.120504 0.0568275 0.0190683 0.00626639 0.00555897 0.00947983 0.0155814 0.0224592 0.0282912 0.0312713 0.0305873 0.0269096 0.0219342 0.017353 0.0140489 0.0119834 0.0106164
 1.07517e-16 3.29793e-05 0.00032057 0.0021303 0.00968408 0.030131 0.0641989 0.0937093 0.093753 0.0644125 0.0308486 0.0117578 0.00733962 0.0117059 0.0216952 0.0359168 0.0519757 0.0658607 0.0734838 0.0729359 0.0655701 0.0549725 0.0446981 0.0365746 0.030563 0.0257291
 1.14855e-16 4.12044e-05 0.000400521 0.00266161 0.0120993 0.0376455 0.0802084 0.117071 0.11709 0.0803056 0.0379727 0.0130485 0.00506006 0.00568877 0.0102388 0.0172662 0.0258183 0.0344651 0.0417363 0.0469167 0.0503122 0.0526815 0.0543504 0.0548247 0.0531959 0.0489006
pSPR Fmed_Fpbrs
0.540145   0.224327 0.224327
Fs Fmed_Fpbrs
0.355   1.005 1.005
SSBpbr Bo_Bmed_Bpbrs
1.54814e+06  758810  269882 269882
Ro
138015
SPR SPRFo_SPRFmed_SPRFpbrs
982444 530662 220389
Fref
1.005
log_Ro
11.6551
likeval ReclasPelacesDesembMPH_pf_preclas_ppelaces_ptallas_desvR_qrecl_qpela
 12.4127 16.7535 0.0355042 0.000818687 229.232 116.667 82.9115 0 23.965 2.64165e-06 1.10614e-05 0.179592 0 0 0
q_reclas_q_pelaces
1.259 1.60508
M
1
N
 173457 36867.3 94962.3 6390.65 0.217814
 95951.2 55229.8 11156.8 28737.4 1934
 95521 27066.5 14189 2866.26 7879.73
 146405 27076.6 6999.49 3669.33 2778.96
 117991 36302.6 5843.26 1510.53 1391.57
 216996 38035.3 11170.6 1798.02 893.001
 85402.9 62790.1 10113.8 2970.34 715.56
 36203.6 18051.8 10919.6 1758.85 641
 35550 12112 5840.67 3533.05 776.475
 47877.8 8962.58 2673.18 1289.07 951.133
 89864.5 10417.6 1620.94 483.461 405.154
 129106 29468.3 3280.6 510.447 279.832
 107300 29815 5776.23 643.046 154.907
 75457.2 25483.5 6069.89 1175.95 162.451
 69880.7 13025.6 3370.21 802.748 177.005
 375399 14938.4 2300.05 595.111 173.004
 71290.4 90313.1 3094.72 476.491 159.127
 599339 19742.6 22630.8 775.481 159.274
 334716 168645 5055 5794.52 239.34
 281203 84244.9 37136.7 1113.14 1328.69
 370124 73336.5 19464.4 8580.26 564.174
 513058 104085 18762.3 4979.73 2339.5
 99931.6 134423 24199.1 4362.11 1701.67
 295475 29970.8 37517.7 6754.02 1692.41
 254478 90686.7 8630.14 10803.3 2432.16
 110804 78157.5 26137.6 2487.37 3814.7
 250219 35229.7 23605.9 7894.34 1903.42
 283887 77085 10195.9 6831.86 2835.6
 77696.1 90405.6 23332.4 3086.15 2926.19
 58140.4 24802 27452.9 7085.19 1825.73
pred_Ctot
 14920.5 4200.47 10819.5 728.118 0.0248166
 14453.8 10842.4 2190.23 5641.56 379.671
 14152.6 5229.56 2741.48 553.795 1522.46
 31146.9 7385.92 1909.32 1000.92 758.041
 9329.26 3808.42 613.002 158.466 145.986
 29854.7 6842.49 2009.58 323.462 160.65
 24014.5 22217.4 3578.62 1051.01 253.19
 2089.37 1389.46 840.489 135.38 49.3383
 7291.55 3191.79 1539.15 931.038 204.619
 12898.6 3048.42 909.221 438.446 323.506
 6228.61 960.314 149.421 44.5662 37.3477
 31544.6 9153.17 1018.99 158.55 86.9189
 24904.7 8826.77 1710.06 190.375 45.8603
 26891.5 11182.7 2663.58 516.031 71.2867
 19331.4 4540.05 1174.68 279.796 61.6948
 84984.3 4320.26 665.185 172.109 50.0336
 11401 18777.8 643.451 99.0715 33.0855
 91038.4 3906.93 4478.49 153.462 31.5193
 68911.8 44600.4 1336.86 1532.43 63.2964
 53206 20566 9065.89 271.743 324.363
 56333.2 14540.6 3859.25 1701.23 111.86
 95944.1 25128 4529.55 1202.2 564.797
 11866.4 20971.4 3775.31 680.534 265.479
 31411.5 4199.07 5256.43 946.274 237.116
 26958 12662.2 1204.99 1508.42 339.592
 9620.63 8986.71 3005.36 286.003 438.623
 26090 4843.61 3245.49 1085.37 261.694
 24394.2 8773.81 1160.5 777.603 322.748
 6572.2 10132.7 2615.11 345.898 327.97
 7402.5 4139.85 4582.32 1182.63 304.743
F
 0.144428 0.195279 0.195279 0.195279 0.195279
 0.265544 0.359038 0.359038 0.359038 0.359038
 0.260677 0.352458 0.352458 0.352458 0.352458
 0.394487 0.53338 0.53338 0.53338 0.53338
 0.132093 0.178601 0.178601 0.178601 0.178601
 0.240083 0.324612 0.324612 0.324612 0.324612
 0.554137 0.749241 0.749241 0.749241 0.749241
 0.0949619 0.128397 0.128397 0.128397 0.128397
 0.377882 0.510928 0.510928 0.510928 0.510928
 0.525154 0.710053 0.710053 0.710053 0.710053
 0.114988 0.155473 0.155473 0.155473 0.155473
 0.465624 0.629564 0.629564 0.629564 0.629564
 0.4376 0.591672 0.591672 0.591672 0.591672
 0.75665 1.02306 1.02306 1.02306 1.02306
 0.542853 0.733984 0.733984 0.733984 0.733984
 0.424706 0.574239 0.574239 0.574239 0.574239
 0.283983 0.383969 0.383969 0.383969 0.383969
 0.268031 0.362401 0.362401 0.362401 0.362401
 0.379555 0.51319 0.51319 0.51319 0.51319
 0.344018 0.465142 0.465142 0.465142 0.465142
 0.268629 0.36321 0.36321 0.36321 0.36321
 0.339396 0.458893 0.458893 0.458893 0.458893
 0.204262 0.276179 0.276179 0.276179 0.276179
 0.181175 0.244964 0.244964 0.244964 0.244964
 0.180488 0.244035 0.244035 0.244035 0.244035
 0.14587 0.197229 0.197229 0.197229 0.197229
 0.177429 0.2399 0.2399 0.2399 0.2399
 0.14427 0.195066 0.195066 0.195066 0.195066
 0.141881 0.191835 0.191835 0.191835 0.191835
 0.220439 0.298053 0.298053 0.298053 0.298053
nmprior
 8 9 7.5 0
nm_flota  nm_reclas  nm_pelaces    nm_pelaL
inf 13.3023 17.9773 32.0384
cv_recla  cv_pelaces  cv_mph
0.326182 0.481635 0.883007
 ------------------------------------------------
Talla a la edad & desviación 
 8 13.2811 15.8009 17.003 17.5766
 0.8 1.32811 1.58009 1.7003 1.75766
