years
 1991 1992 1993 1994 1995 1996 1997 1998 1999 2000 2001 2002 2003 2004 2005 2006 2007 2008 2009 2010 2011 2012 2013 2014 2015 2016 2017 2018 2019 2020
reclasobs
 0 0 0 0 0 0 0 0 0 252601 567819 844713 477998 351125 339783 2.1784e+06 2.13404e+06 4.81314e+06 1.55562e+06 2.62356e+06 3.21686e+06 3.843e+06 1.13348e+06 3.07943e+06 1.97215e+06 2.03268e+06 2.025e+06 2.42433e+06 2.27542e+06 1.05018e+06
reclaspred
 3.19443e+06 2.39603e+06 1.82525e+06 1.9914e+06 2.08123e+06 2.40039e+06 2.00467e+06 2.82874e+06 2.96421e+06 3.15026e+06 2.30839e+06 2.32006e+06 2.13739e+06 1.99924e+06 2.06452e+06 2.10312e+06 2.19237e+06 2.53483e+06 1.44996e+06 1.06398e+06 1.70058e+06 1.06206e+06 1.34607e+06 2.03681e+06 1.80358e+06 2.18065e+06 2.35321e+06 1.97834e+06 2.36786e+06 2.46466e+06
pelacesobs
 0 0 0 0 0 0 0 0 0 0 0 0 0 0 0 552880 188675 0 991730 2.46772e+06 1.41603e+06 1.21717e+06 2.29649e+06 1.80582e+06 0 1.4828e+06 1.56532e+06 1.57751e+06 1.42118e+06 867257
pelacespred
 1.46684e+06 1.19326e+06 895289 861174 975207 1.10918e+06 941773 1.46233e+06 1.62217e+06 1.61209e+06 1.32163e+06 1.11211e+06 1.07931e+06 1.10121e+06 1.14286e+06 997394 998178 1.09517e+06 709143 458199 667748 463509 617817 999564 899488 1.06175e+06 1.27436e+06 1.13693e+06 1.07733e+06 1.19572e+06
mphobs
 0 0 0 0 0 0 0 0 0 0 0 498337 0 5186 125008 0 168611 109162 213762 579715 649985 157893 87575 83554 0 0 0 0 0 0
mphpred
 2.83106e+06 2.25217e+06 1.6947e+06 1.45645e+06 1.64076e+06 1.77901e+06 1.82002e+06 1.6618e+06 2.34524e+06 2.677e+06 2.15285e+06 1.9452e+06 1.7661e+06 1.55619e+06 1.49727e+06 1.85285e+06 1.59725e+06 1.9878e+06 1.48678e+06 874449 1.03357e+06 1.07296e+06 738169 1.27803e+06 1.64106e+06 1.4406e+06 1.82346e+06 1.62971e+06 1.88224e+06 1.84841e+06
desembarqueobs
 494567 514787 250237 358949 120608 361735 552515 73892 212993 205616 52469 317467 293654 387597 252695 516296 358380 742168 942051 627588 828172 859565 418607 520667 417249 300574 407403 355545 319650 289779
desembarquepred
 493646 494714 258996 359115 120652 361881 552778 73918.7 213115 205740 52490.3 317732 293886 387948 252859 516629 358499 741879 940405 626625 827433 858204 418644 520829 417383 300687 407557 355632 319762 289896
Reclutas
 312018 312018 312018 312018 312018 312018 312018 312018 312018 312018 312018 312018 312018 312018 312018 312018 312018 312018 312018 312018 312018 312018 312018 312018 312018 312018 312018 312018 312018 312018
log_desv_Rt
 0 0 0 0 0 0 0 0 0 0 0 0 0 0 0 0 0 0 0 0 0 0 0 0 0 0 0 0 0 0
SSB
 2.83106e+06 2.25217e+06 1.6947e+06 1.45645e+06 1.64076e+06 1.77901e+06 1.82002e+06 1.6618e+06 2.34524e+06 2.677e+06 2.15285e+06 1.9452e+06 1.7661e+06 1.55619e+06 1.49727e+06 1.85285e+06 1.59725e+06 1.9878e+06 1.48678e+06 874449 1.03357e+06 1.07296e+06 738169 1.27803e+06 1.64106e+06 1.4406e+06 1.82346e+06 1.62971e+06 1.88224e+06 1.84841e+06
BT
 4.14994e+06 3.63155e+06 2.5313e+06 2.72375e+06 2.72264e+06 3.50891e+06 3.03744e+06 4.85974e+06 5.02909e+06 4.57708e+06 3.62728e+06 3.29798e+06 3.33318e+06 3.84639e+06 3.88066e+06 3.19238e+06 3.20076e+06 3.71672e+06 3.07215e+06 1.96138e+06 2.83236e+06 2.19418e+06 2.49903e+06 3.80531e+06 2.86788e+06 3.5985e+06 4.34973e+06 3.89986e+06 3.19069e+06 3.73722e+06
Ftot
 0.146538 0.194987 0.134687 0.170742 0.0553923 0.143078 0.259043 0.0250309 0.0686528 0.0623658 0.0217835 0.130072 0.130615 0.183702 0.116578 0.231331 0.155108 0.274507 0.590652 0.540826 0.45007 0.725582 0.292411 0.241147 0.218251 0.131071 0.164179 0.170405 0.128285 0.111924
BD_Bspro_t
 0.976827 0.857548 0.774045 0.76374 0.776305 0.827901 0.7969 0.744721 0.855375 0.886772 0.889682 0.912262 0.854274 0.812521 0.795691 0.809862 0.733496 0.76645 0.649842 0.496618 0.48704 0.478316 0.421089 0.5895 0.672274 0.693138 0.774651 0.777651 0.797433 0.795297
BD_Bspro
 1.27464 1.014 0.76301 0.655742 0.738726 0.800969 0.819433 0.748199 1.05591 1.20528 0.969288 0.875797 0.795158 0.700648 0.67412 0.834218 0.719136 0.894974 0.6694 0.393707 0.46535 0.483084 0.332349 0.575411 0.738859 0.648608 0.820983 0.733751 0.847448 0.832219
BD_Bo
 1.20222 0.956393 0.719661 0.618487 0.696757 0.755464 0.772878 0.705692 0.995918 1.1368 0.91422 0.826041 0.749982 0.660842 0.635822 0.786823 0.67828 0.844128 0.63137 0.371339 0.438912 0.455639 0.313467 0.54272 0.696882 0.611758 0.77434 0.692064 0.799302 0.784938
BD_Brms
 5.10709 4.0628 3.05715 2.62736 2.95985 3.20924 3.28322 2.99781 4.2307 4.82918 3.88364 3.50905 3.18596 2.80728 2.701 3.34246 2.88136 3.58589 2.68208 1.57746 1.86451 1.93557 1.33162 2.3055 2.96038 2.59877 3.28943 2.93992 3.39547 3.33445
Sel_flota
 0.5 1 1 1 1
 0.5 1 1 1 1
 0.5 1 1 1 1
 0.5 1 1 1 1
 0.5 1 1 1 1
 0.5 1 1 1 1
 0.5 1 1 1 1
 0.5 1 1 1 1
 0.5 1 1 1 1
 0.5 1 1 1 1
 0.5 1 1 1 1
 0.5 1 1 1 1
 0.5 1 1 1 1
 0.5 1 1 1 1
 0.5 1 1 1 1
 0.5 1 1 1 1
 0.5 1 1 1 1
 0.5 1 1 1 1
 0.5 1 1 1 1
 0.5 1 1 1 1
 0.5 1 1 1 1
 0.5 1 1 1 1
 0.5 1 1 1 1
 0.5 1 1 1 1
 0.5 1 1 1 1
 0.5 1 1 1 1
 0.5 1 1 1 1
 0.5 1 1 1 1
 0.5 1 1 1 1
 0.5 1 1 1 1
Sel_reclas
 0.5 1 1 1 1
 0.5 1 1 1 1
 0.5 1 1 1 1
 0.5 1 1 1 1
 0.5 1 1 1 1
 0.5 1 1 1 1
 0.5 1 1 1 1
 0.5 1 1 1 1
 0.5 1 1 1 1
 0.5 1 1 1 1
 0.5 1 1 1 1
 0.5 1 1 1 1
 0.5 1 1 1 1
 0.5 1 1 1 1
 0.5 1 1 1 1
 0.5 1 1 1 1
 0.5 1 1 1 1
 0.5 1 1 1 1
 0.5 1 1 1 1
 0.5 1 1 1 1
 0.5 1 1 1 1
 0.5 1 1 1 1
 0.5 1 1 1 1
 0.5 1 1 1 1
 0.5 1 1 1 1
 0.5 1 1 1 1
 0.5 1 1 1 1
 0.5 1 1 1 1
 0.5 1 1 1 1
 0.5 1 1 1 1
Sel_pelaces
 0.5 1 1 1 1
 0.5 1 1 1 1
 0.5 1 1 1 1
 0.5 1 1 1 1
 0.5 1 1 1 1
 0.5 1 1 1 1
 0.5 1 1 1 1
 0.5 1 1 1 1
 0.5 1 1 1 1
 0.5 1 1 1 1
 0.5 1 1 1 1
 0.5 1 1 1 1
 0.5 1 1 1 1
 0.5 1 1 1 1
 0.5 1 1 1 1
 0.5 1 1 1 1
 0.5 1 1 1 1
 0.5 1 1 1 1
 0.5 1 1 1 1
 0.5 1 1 1 1
 0.5 1 1 1 1
 0.5 1 1 1 1
 0.5 1 1 1 1
 0.5 1 1 1 1
 0.5 1 1 1 1
 0.5 1 1 1 1
 0.5 1 1 1 1
 0.5 1 1 1 1
 0.5 1 1 1 1
 0.5 1 1 1 1
pf_obs 
 0.8446 0.082 0.0669 0.0065 0
 0.8095 0.147 0.0364 0.0071 0
 0.9664 0.0169 0.016 0.0007 0
 0.9276 0.0648 0.0075 0.0001 0
 0.7033 0.2144 0.0806 0.0017 0
 0.9318 0.0425 0.0243 0.0014 0
 0.5671 0.3108 0.0964 0.0239 0.0018
 0.0768 0.2599 0.5324 0.112 0.0189
 0.490249 0.384438 0.106611 0.0170017 0.00170017
 0.7925 0.1577 0.0466 0.003 0.0002
 0.840416 0.127587 0.0312969 0.00059994 9.999e-05
 0.8084 0.0986 0.0794 0.0134 0.0002
 0.7335 0.1905 0.0724 0.0035 0.0001
 0.4001 0.4547 0.1325 0.0127 0
 0.49795 0.308269 0.164784 0.0264974 0.00249975
 0.9179 0.0499 0.0305 0.0017 0
 0.2467 0.6533 0.0926 0.0074 0
 0.9418 0.0223 0.034 0.0019 0
 0.707729 0.231977 0.0356964 0.0245975 0
 0.517169 0.277429 0.184464 0.0207286 0.00020938
 0.811772 0.124168 0.05621 0.00726502 0.000585176
 0.764997 0.148141 0.077277 0.00933861 0.000247198
 0.163321 0.427699 0.378323 0.0303852 0.000271297
 0.753843 0.0900009 0.118128 0.0371064 0.000921714
 0.721811 0.176058 0.0630433 0.0369309 0.00215725
 0.143369 0.312575 0.442814 0.0836902 0.0175525
 0.692698 0.0596174 0.167031 0.0765114 0.00414204
 0.394062 0.376323 0.152708 0.0712218 0.00568511
 0.125707 0.32114 0.495352 0.0537591 0.00404204
 0.23352 0.215282 0.420074 0.123614 0.00750983
pf_pred 
 0.42511 0.3634 0.133687 0.0491808 0.0286221
 0.48013 0.315546 0.129158 0.0475145 0.0276523
 0.504806 0.327737 0.101641 0.0416034 0.0242122
 0.505706 0.33594 0.104804 0.032503 0.0210466
 0.505527 0.33761 0.10661 0.0332595 0.0169939
 0.492749 0.342459 0.112515 0.0355297 0.0167479
 0.507371 0.329865 0.109886 0.0361032 0.0167746
 0.517613 0.332833 0.100141 0.0333596 0.0160527
 0.488346 0.34983 0.111654 0.033594 0.0165762
 0.484934 0.34033 0.119471 0.0381313 0.0171337
 0.480736 0.341294 0.117594 0.0412806 0.0190957
 0.478719 0.339232 0.119655 0.0412273 0.0211674
 0.494342 0.331804 0.113139 0.0399066 0.0208095
 0.50234 0.333525 0.107703 0.0367246 0.0197083
 0.509505 0.333877 0.104964 0.0338951 0.01776
 0.507497 0.336156 0.106424 0.0334575 0.0164652
 0.520151 0.330264 0.102099 0.0323236 0.0151627
 0.518619 0.334155 0.10133 0.0313255 0.0145696
 0.550206 0.315088 0.0935077 0.0283556 0.012843
 0.601926 0.296907 0.0708694 0.0210317 0.00926637
 0.603116 0.310035 0.0647768 0.0154617 0.0066102
 0.602552 0.308832 0.0692242 0.0144633 0.00492818
 0.621225 0.299899 0.0612902 0.0137381 0.00384838
 0.563515 0.341192 0.0754485 0.0154194 0.0044244
 0.540869 0.337491 0.0950839 0.0210261 0.00553008
 0.526972 0.338418 0.0989469 0.0278771 0.00778583
 0.511741 0.34101 0.105346 0.0308011 0.0111015
 0.512268 0.33534 0.106434 0.0328799 0.0130783
 0.511249 0.336459 0.104709 0.0332335 0.0143503
 0.503851 0.339768 0.107654 0.0335027 0.0152249
pobs_RECLAS
 0 0 0 0 0
 0 0 0 0 0
 0 0 0 0 0
 0 0 0 0 0
 0 0 0 0 0
 0 0 0 0 0
 0 0 0 0 0
 0 0 0 0 0
 0 0 0 0 0
 0 0 0 0 0
 0.991045 0.00858322 0.000360255 1.14367e-05 0
 0.934742 0.0480273 0.0164251 0.00080598 0
 0.827803 0.169806 0.00239088 0 0
 0.941827 0.0461693 0.0120037 0 0
 0.791401 0.0380133 0.147996 0.0225897 0
 0.846168 0.0940531 0.0597789 0 0
 0.134021 0.677848 0.182769 0.00536245 0
 0.80878 0.0450904 0.141981 0.00414843 0
 0.846168 0.0940531 0.0597789 0 0
 0.905697 0.0802665 0.012482 0.00150086 5.37128e-05
 0.989698 0.0102097 9.19794e-05 0 0
 0.975433 0.0193895 0.00387452 0.00125025 5.28907e-05
 0.303575 0.632131 0.0575291 0.00676475 0
 0.966965 0.00978017 0.0227588 0.000495775 0
 0.843318 0.132988 0.00938335 0.0141283 0.000182051
 0.564624 0.303363 0.111486 0.0197234 0.00080311
 0.826376 0.0876187 0.0782897 0.00655872 0.00115652
 0.89761 0.0855135 0.0140674 0.00269457 0.000114338
 0.34875 0.467042 0.161289 0.0227151 0.000203297
 0.318654 0.224769 0.449479 0.00709798 0
ppred_RECLAS
 0.426734 0.362373 0.13331 0.0490419 0.0285412
 0.482405 0.314164 0.128592 0.0473065 0.0275313
 0.50632 0.326735 0.101331 0.0414762 0.0241382
 0.50767 0.334605 0.104388 0.0323739 0.020963
 0.506117 0.337207 0.106483 0.0332198 0.0169736
 0.494366 0.341367 0.112156 0.0354164 0.0166945
 0.510518 0.327757 0.109184 0.0358725 0.0166674
 0.517874 0.332653 0.100087 0.0333416 0.0160441
 0.489084 0.349325 0.111493 0.0335456 0.0165523
 0.485602 0.339889 0.119316 0.0380819 0.0171115
 0.480963 0.341145 0.117542 0.0412626 0.0190873
 0.480175 0.338285 0.11932 0.0411121 0.0211083
 0.495806 0.330843 0.112811 0.039791 0.0207493
 0.504471 0.332096 0.107241 0.0365673 0.0196239
 0.510799 0.332995 0.104687 0.0338056 0.0177131
 0.510261 0.334269 0.105827 0.0332698 0.0163728
 0.521915 0.32905 0.101723 0.0322048 0.015107
 0.521981 0.331822 0.100623 0.0311067 0.0144678
 0.558686 0.309147 0.0917448 0.027821 0.0126008
 0.609251 0.291443 0.0695653 0.0206447 0.00909584
 0.608932 0.305492 0.0638275 0.0152351 0.00651333
 0.613256 0.300515 0.06736 0.0140738 0.00479546
 0.62463 0.297202 0.0607391 0.0136146 0.00381378
 0.566366 0.338964 0.0749558 0.0153187 0.0043955
 0.543438 0.335602 0.0945518 0.0209084 0.00549914
 0.528438 0.33737 0.0986403 0.0277907 0.00776171
 0.513622 0.339697 0.10494 0.0306825 0.0110587
 0.514227 0.333993 0.106006 0.0327478 0.0130258
 0.512684 0.33547 0.104401 0.0331359 0.0143081
 0.50509 0.338919 0.107385 0.033419 0.0151869
pobs_PELACES
 0 0 0 0 0
 0 0 0 0 0
 0 0 0 0 0
 0 0 0 0 0
 0 0 0 0 0
 0 0 0 0 0
 0 0 0 0 0
 0 0 0 0 0
 0 0 0 0 0
 0 0 0 0 0
 0 0 0 0 0
 0 0 0 0 0
 0 0 0 0 0
 0 0 0 0 0
 0 0 0 0 0
 0 0 0 0 0
 0.505614 0.472636 0.0217494 0 0
 0 0 0 0 0
 0.443492 0.261883 0.143347 0.151278 0
 0.227955 0.32914 0.350689 0.0885471 0.00366901
 0.970185 0.0296113 0.000203453 0 0
 0.997202 0.00247181 0.000326279 0 0
 0.445219 0.490057 0.0546422 0.010081 0
 0.90214 0.0892962 0.00764917 0.000914606 0
 0 0 0 0 0
 0.581667 0.319106 0.0959925 0.00289975 0.000334073
 0.762889 0.0836404 0.116647 0.0363945 0.000428098
 0.88444 0.0763242 0.0277011 0.0115352 0
 0.521256 0.241999 0.230069 0.00667565 0
 0.616807 0.101726 0.260614 0.0208532 0
ppred_PELACES
 0.432659 0.358628 0.131932 0.048535 0.0282462
 0.490443 0.309286 0.126596 0.0465719 0.0271038
 0.511874 0.32306 0.100191 0.0410096 0.0238666
 0.51471 0.329821 0.102895 0.031911 0.0206632
 0.508402 0.335647 0.10599 0.0330661 0.0168951
 0.500268 0.337382 0.110847 0.0350031 0.0164996
 0.521193 0.32061 0.106803 0.0350902 0.0163039
 0.518905 0.331942 0.099873 0.0332703 0.0160098
 0.491915 0.347389 0.110876 0.0333597 0.0164606
 0.488173 0.33819 0.11872 0.0378916 0.017026
 0.48186 0.340555 0.117339 0.0411913 0.0190543
 0.485534 0.334797 0.11809 0.0406883 0.0208907
 0.501194 0.327307 0.111606 0.0393658 0.0205275
 0.512047 0.327019 0.105602 0.0360083 0.0193239
 0.515605 0.329724 0.103658 0.0334735 0.0175391
 0.519794 0.327762 0.103767 0.0326221 0.0160541
 0.528297 0.324657 0.100365 0.0317749 0.0149053
 0.533269 0.323986 0.0982466 0.0303721 0.0141262
 0.582559 0.292424 0.0867818 0.026316 0.0119192
 0.630276 0.275761 0.0658222 0.0195339 0.00860642
 0.626466 0.291795 0.0609657 0.014552 0.00622129
 0.641237 0.278772 0.0624863 0.0130555 0.0044485
 0.635873 0.288301 0.0589199 0.0132068 0.00369955
 0.576111 0.331347 0.0732713 0.0149744 0.00429672
 0.552358 0.329046 0.0927045 0.0204999 0.0053917
 0.533823 0.333516 0.0975137 0.0274733 0.00767306
 0.520386 0.334972 0.103481 0.0302558 0.0109049
 0.521247 0.329167 0.104474 0.0322745 0.0128376
 0.517971 0.331831 0.103269 0.0327764 0.0141529
 0.509706 0.335758 0.106383 0.0331073 0.0150453
pobs_pel_tallas
 0 0 0 0 0 0 0 0 0 0 0 0 0 0 0 0 0 0 0 0 0 0 0 0 0 0
 0 0 0 0 0 0 0 0 0 0 0 0 0 0 0 0 0 0 0 0 0 0 0 0 0 0
 0 0 0 0 0 0 0 0 0 0 0 0 0 0 0 0 0 0 0 0 0 0 0 0 0 0
 0 0 0 0 0 0 0 0 0 0 0 0 0 0 0 0 0 0 0 0 0 0 0 0 0 0
 0 0 0 0 0 0 0 0 0 0 0 0 0 0 0 0 0 0 0 0 0 0 0 0 0 0
 0 0 0 0 0 0 0 0 0 0 0 0 0 0 0 0 0 0 0 0 0 0 0 0 0 0
 0 0 0 0 0 0 0 0 0 0 0 0 0 0 0 0 0 0 0 0 0 0 0 0 0 0
 0 0 0 0 0 0 0 0 0 0 0 0 0 0 0 0 0 0 0 0 0 0 0 0 0 0
 0 0 0 0 0 0 0 0 0 0 0 0 0 0 0 0 0 0 0 0 0 0 0 0 0 0
 0 0 0 0 0 0 0 0 0 0 0 0 0 0 0 0 0 0 0 0 0 0 0 0 0 0
 0 0 0 0 0 0 0 0 0 0 0 0 0 0 0 0 0 0 0 0 0 0 0 0 0 0
 0 0 0 0 0 0 0 0 0 0 0 0 0 0 0 0 0 0 0 0 0 0 0 0 0 0
 0.00862536 0 0 0.000197151 0.00414017 0.0128641 0.00837892 0.0270097 0.101434 0.158115 0.152841 0.127902 0.109271 0.109419 0.0830992 0.0579132 0.0238553 0.00714673 0.00463305 0.00128148 0.00103504 0.000492878 0.000147863 0.000147863 4.92878e-05 0
 0 0 0 0 0 0 0 0 0 0 0 0 0 0 0 0 0 0 0 0 0 0 0 0 0 0
 0 0 0 0 0 0 0 0.0054083 0.00873648 0.0413646 0.0450493 0.0745869 0.0622846 0.0627006 0.0613931 0.0827291 0.12552 0.122667 0.0946155 0.0697135 0.0546179 0.0294188 0.0215738 0.0213955 0.0102223 0.00600262
 0 0 0 0 0.00359764 0.0251062 0.0480494 0.140153 0.205849 0.193036 0.1447 0.116669 0.0760912 0.0342217 0.00950174 0.001854 0.000860785 0 0 0 0.000165536 0 0.000143464 0 0 0
 0 0 0 0 0 0 0 0.000145254 0.000435761 0.0275982 0.070085 0.0708112 0.156366 0.174668 0.174014 0.160142 0.0824315 0.0480064 0.0283245 0.00493863 0.00203355 0 0 0 0 0
 0 0 0 0 0 0 0 0 0 0 0 0 0 0 0 0 0 0 0 0 0 0 0 0 0 0
 0 0 1.00437e-05 0.000401748 0.00122533 0.00171747 0.00176769 0.0269171 0.070346 0.194647 0.189555 0.159765 0.064822 0.0314167 0.0384472 0.0292271 0.0345202 0.0313363 0.0194345 0.0106764 0.0143323 0.0359363 0.0279516 0.0138201 0.00172751 0
 0 0.0021121 0.0136068 0.0755702 0.200478 0.177729 0.0527432 0.0373336 0.0318909 0.0142505 0.0149659 0.0166563 0.0217959 0.0798694 0.0677717 0.0528807 0.04013 0.0224614 0.0357745 0.0225083 0.00881397 0.00855152 0.00135912 0.000746735 0 0
 0 0 0 0 5.4009e-05 0.00500934 0.000945158 0.0243581 0.138947 0.33067 0.221406 0.137944 0.0707744 0.0437923 0.0131692 0.00525238 0.0047753 0.00276346 9.45158e-05 9.00151e-06 2.25038e-05 9.00151e-06 4.50075e-06 0 0 0
 0.000866109 0.00284123 0.00948549 0.0512746 0.133035 0.25785 0.225252 0.132002 0.0553304 0.0519788 0.0540692 0.017754 0.00435017 0.00159236 0.00146478 0.000404838 0.000125132 0.000115318 0.000107957 0.000100596 0 0 0 0 0 0
 0 0 0 0 0.00144013 0.00171154 0.00461396 0.0210425 0.0478622 0.0707936 0.0888783 0.103762 0.0637923 0.0337046 0.0602308 0.124433 0.169614 0.0934646 0.0462172 0.0250306 0.0313229 0.00938855 0.002487 0.000210481 0 0
 0 0.00764035 0.051015 0.0998891 0.058973 0.0496711 0.0374665 0.0718981 0.12319 0.153886 0.159021 0.0857701 0.0377988 0.023471 0.0147837 0.00900784 0.00315554 0.000888139 0.00291439 0.00214683 0.00393193 0.00274676 0.000635225 9.99891e-05 0 0
 0 0 0 0 0 0 0 0 0 0 0 0 0 0 0 0 0 0 0 0 0 0 0 0 0 0
 0 0 0 0 0 0 0 0 0 0 0 0 0 0 0 0 0 0 0 0 0 0 0 0 0 0
 0 0 0 0 0 0 0 0 0 0 0 0 0 0 0 0 0 0 0 0 0 0 0 0 0 0
 0 0 0 0 0 0 0 0 0 0 0 0 0 0 0 0 0 0 0 0 0 0 0 0 0 0
 0 0 0 0 0 0 0 0 0 0 0 0 0 0 0 0 0 0 0 0 0 0 0 0 0 0
 0 0 0 0 0 0 0 0 0 0 0 0 0 0 0 0 0 0 0 0 0 0 0 0 0 0
ppred_pel_tallas
 1.13547e-16 3.56377e-05 0.000346411 0.00230202 0.0104647 0.0325597 0.0693732 0.101259 0.101294 0.0695428 0.0331298 0.0121132 0.00644732 0.00941961 0.0173385 0.0287962 0.0419268 0.0536815 0.0609746 0.0624107 0.0590706 0.0536299 0.0485519 0.0448031 0.0418677 0.0386605
 1.1299e-16 4.03972e-05 0.000392675 0.00260946 0.0118623 0.0369081 0.0786376 0.11478 0.11481 0.0787841 0.0374002 0.0132856 0.00618959 0.00823243 0.0150017 0.024928 0.0363596 0.0466919 0.0532951 0.0549832 0.0526725 0.0486114 0.0448278 0.0420455 0.0397329 0.0369177
 1.11126e-16 4.21624e-05 0.000409834 0.00272349 0.0123806 0.0385209 0.0820739 0.119796 0.119827 0.0822266 0.0390338 0.0138635 0.00645068 0.00856308 0.0155766 0.0258172 0.0375034 0.0478418 0.054017 0.0547613 0.0510837 0.0454853 0.0403153 0.036573 0.0338736 0.0312406
 1.09751e-16 4.2396e-05 0.000412105 0.00273858 0.0124492 0.0387343 0.0825287 0.12046 0.120492 0.0826845 0.0392579 0.0139628 0.00654286 0.00873315 0.0158938 0.0263361 0.0382364 0.0487275 0.0549113 0.0554642 0.0513891 0.0452291 0.0394041 0.0349971 0.0317126 0.0286608
 1.0932e-16 4.18764e-05 0.000407054 0.00270502 0.0122966 0.0382596 0.0815173 0.118984 0.119016 0.0816759 0.0387925 0.0138371 0.00657679 0.00887586 0.0161751 0.026805 0.0389184 0.0495974 0.0558884 0.0564366 0.0522505 0.0459038 0.0398495 0.0351917 0.0316487 0.0283494
 1.09588e-16 4.12065e-05 0.000400542 0.00266174 0.0120999 0.0376475 0.0802132 0.11708 0.117113 0.0803726 0.0381833 0.0136489 0.0065552 0.00891796 0.0162704 0.0269734 0.0391837 0.0499788 0.0563986 0.0570844 0.0530413 0.0468339 0.0408951 0.0363011 0.0327473 0.0293568
 1.09443e-16 4.293e-05 0.000417295 0.00277307 0.012606 0.0392221 0.0835681 0.121977 0.122008 0.0837196 0.0397314 0.0140782 0.0064737 0.0085134 0.015471 0.0256463 0.037266 0.0475552 0.0537076 0.0544372 0.0507003 0.0449281 0.0394178 0.0351719 0.031879 0.0286897
 1.09013e-16 4.27416e-05 0.000415464 0.0027609 0.0125507 0.03905 0.0832014 0.121442 0.121474 0.0833582 0.0395769 0.0140736 0.00658818 0.00878577 0.0159849 0.0264787 0.0384238 0.0489246 0.0550527 0.0554675 0.051177 0.0447503 0.0386445 0.0339796 0.0304899 0.0273075
 1.0942e-16 4.05184e-05 0.000393854 0.0026173 0.0118979 0.0370189 0.0788739 0.115126 0.115159 0.0790381 0.0375704 0.0134923 0.0066248 0.00915972 0.0167401 0.0277468 0.0402881 0.0513461 0.0578626 0.0584313 0.054089 0.0474919 0.0411732 0.0362766 0.0325205 0.029021
 1.10194e-16 4.02102e-05 0.000390857 0.00259739 0.0118074 0.0367373 0.0782738 0.11425 0.114283 0.0784338 0.0372746 0.013361 0.00650316 0.0089373 0.0163309 0.0270916 0.0393934 0.0503253 0.0569379 0.0578764 0.0541363 0.0482514 0.0426028 0.038208 0.0347171 0.0312399
 1.10829e-16 3.96902e-05 0.000385803 0.0025638 0.0116547 0.0362622 0.0772617 0.112773 0.112806 0.0774227 0.0368033 0.013219 0.00649649 0.00899095 0.0164418 0.0272759 0.0396604 0.0506665 0.0573297 0.0582965 0.0545843 0.0487594 0.0432262 0.0389998 0.0356985 0.0323825
 1.1111e-16 3.99928e-05 0.000388745 0.00258335 0.0117435 0.0365387 0.0778507 0.113632 0.113665 0.0780091 0.0370707 0.0132818 0.00645065 0.00885161 0.0161732 0.026835 0.0390338 0.0498971 0.0565185 0.0575727 0.0540594 0.0484916 0.0432145 0.0392023 0.036057 0.0328392
 1.10727e-16 4.12827e-05 0.000401283 0.00266667 0.0121223 0.0377172 0.0803616 0.117297 0.117328 0.0805163 0.0382371 0.0136257 0.00644606 0.0086708 0.0158032 0.0262102 0.038108 0.0486793 0.0550761 0.0560021 0.052443 0.0468753 0.041618 0.0376479 0.0345886 0.031517
 1.10013e-16 4.21767e-05 0.000409972 0.00272441 0.0123848 0.0385339 0.0821017 0.119836 0.119868 0.0822562 0.0390532 0.0138861 0.006498 0.00866504 0.0157713 0.0261421 0.0379764 0.0484424 0.0546778 0.0553772 0.0515309 0.0456405 0.0400705 0.0358533 0.0326612 0.0295964
 1.09401e-16 4.24698e-05 0.000412821 0.00274334 0.0124709 0.0388016 0.0826722 0.120669 0.120701 0.082828 0.0393251 0.0139841 0.00654677 0.00873216 0.0158911 0.0263325 0.0382334 0.0487276 0.0549165 0.0554733 0.0513937 0.0452102 0.039333 0.034841 0.0314451 0.0282731
 1.09067e-16 4.28148e-05 0.000416175 0.00276563 0.0125722 0.0391169 0.0833439 0.121649 0.121681 0.0834988 0.0396373 0.0140765 0.00654655 0.00868633 0.0157978 0.0261772 0.0380079 0.0484394 0.0545877 0.0551294 0.0510482 0.0448553 0.0389434 0.0343887 0.0309156 0.0276755
 1.08689e-16 4.35152e-05 0.000422983 0.00281087 0.0127778 0.0397568 0.0847072 0.123639 0.123671 0.0848606 0.0402721 0.0142676 0.00655501 0.00861201 0.015642 0.0259119 0.0376101 0.047906 0.0539368 0.0543879 0.0502361 0.043979 0.0380041 0.0333975 0.0299032 0.0266891
 1.08355e-16 4.39248e-05 0.000426964 0.00283733 0.0128981 0.040131 0.0855044 0.124803 0.124834 0.0856575 0.0406452 0.0143845 0.00657287 0.00859659 0.0156036 0.0258427 0.0374981 0.0477387 0.053701 0.0540686 0.0498165 0.0434454 0.0373539 0.0326467 0.0290882 0.0258613
 1.07236e-16 4.79847e-05 0.000466428 0.00309958 0.0140903 0.0438402 0.0934072 0.136336 0.136365 0.0935454 0.0443042 0.0154316 0.0064704 0.0078378 0.0140856 0.0233106 0.0338121 0.0430223 0.04835 0.0486025 0.0446606 0.0387892 0.0331686 0.0288155 0.025536 0.0226046
 1.05386e-16 5.19151e-05 0.000504633 0.00335346 0.0152444 0.0474311 0.101058 0.147503 0.147529 0.101188 0.0478681 0.0165073 0.00652587 0.00743768 0.0132417 0.0218689 0.0316395 0.0400881 0.0447328 0.0444308 0.0400348 0.0337563 0.0277705 0.0231671 0.0198622 0.0172055
 1.04347e-16 5.16013e-05 0.000501583 0.00333319 0.0151522 0.0471444 0.100447 0.146611 0.14664 0.100585 0.0476065 0.0164874 0.00668623 0.00782664 0.013979 0.0230699 0.0333253 0.0421125 0.0467764 0.0460877 0.0409519 0.0337469 0.0268476 0.0215004 0.017704 0.0148257
 1.03937e-16 5.28179e-05 0.000513409 0.00341179 0.0155095 0.0482559 0.102815 0.150068 0.150095 0.102947 0.0486976 0.0167855 0.00661653 0.0075154 0.0133685 0.0220633 0.0318854 0.0403216 0.0448375 0.0442534 0.0394196 0.0325837 0.0259887 0.0208098 0.017051 0.0141345
 1.03725e-16 5.23761e-05 0.000509114 0.00338324 0.0153798 0.0478523 0.101955 0.148813 0.14884 0.102091 0.0483088 0.0166987 0.00669542 0.00774437 0.0138074 0.02278 0.0328954 0.0415448 0.0460966 0.0453281 0.040129 0.0328507 0.0258516 0.0203847 0.016477 0.0135311
 1.04429e-16 4.74536e-05 0.000461265 0.00306527 0.0139343 0.043355 0.0923735 0.134829 0.134861 0.0925298 0.0438798 0.0154508 0.00687395 0.00878243 0.0158708 0.0262145 0.0378797 0.0478877 0.0532228 0.0524798 0.0466679 0.038462 0.0305361 0.024299 0.0197684 0.0162687
 1.05728e-16 4.54971e-05 0.000442248 0.00293889 0.0133598 0.0415675 0.0885651 0.12927 0.129302 0.0887205 0.0420894 0.0148682 0.00672881 0.00872777 0.0158168 0.0261695 0.0379115 0.0481309 0.0538747 0.0537632 0.048764 0.0414353 0.0342866 0.028566 0.0241886 0.0204675
 1.06954e-16 4.39704e-05 0.000427408 0.00284028 0.0129115 0.0401727 0.0855933 0.124933 0.124965 0.0857508 0.0407018 0.014441 0.00668369 0.00883141 0.0160454 0.0265636 0.038513 0.0489615 0.0549373 0.0550617 0.0503233 0.0433018 0.0365003 0.0311191 0.0269984 0.0233791
 1.07952e-16 4.28636e-05 0.000416649 0.00276878 0.0125865 0.0391615 0.0834388 0.121788 0.121821 0.0835971 0.0396931 0.0141234 0.00663137 0.0088643 0.0161325 0.0267236 0.0387776 0.0493675 0.0555273 0.0558852 0.0514338 0.0447421 0.0382805 0.0331979 0.0292782 0.025721
 1.08509e-16 4.29345e-05 0.000417339 0.00277336 0.0126073 0.0392263 0.0835769 0.12199 0.122021 0.0837324 0.0397489 0.014118 0.00657035 0.0087225 0.0158641 0.0262858 0.0381614 0.0486249 0.0547737 0.0552705 0.0510934 0.044757 0.0386639 0.0339062 0.0302314 0.0268204
 1.08748e-16 4.26647e-05 0.000414716 0.00275593 0.0125281 0.0389797 0.0830516 0.121223 0.121255 0.0832084 0.0395065 0.0140508 0.00658301 0.00878528 0.0159873 0.0264878 0.0384482 0.0489774 0.055149 0.055618 0.0513785 0.0449781 0.0388518 0.0341074 0.030486 0.0271459
 1.09023e-16 4.19839e-05 0.000408099 0.00271196 0.0123282 0.0383578 0.0817265 0.119289 0.119321 0.0818851 0.0388908 0.0138692 0.00658504 0.00887977 0.0161806 0.0268138 0.0389303 0.0496099 0.0558956 0.0564279 0.0522103 0.0458121 0.0396848 0.0349363 0.0312956 0.027908
pSPR Fmed_Fpbrs
0.775638   0.285403 0.285403
Fs Fmed_Fpbrs
0.158241   1.005 1.005
SSBpbr Bo_Bmed_Bpbrs
2.35485e+06  1.70877e+06  554339 554339
Ro
312018
SPR SPRFo_SPRFmed_SPRFpbrs
2.22107e+06 1.72274e+06 633899
Fref
1.005
log_Ro
12.4708
likeval ReclasPelacesDesembMPH_pf_preclas_ppelaces_ptallas_desvR_qrecl_qpela
 123.218 56.0146 13.9184 0.00369172 260.054 153.713 88.6343 0 0 0 0 69.576 0 0 0
q_reclas_q_pelaces
1 1
M
1
N
 312018 137423 50555 18598.1 10823.7
 312018 106676 43664 16063.1 9348.33
 312018 104122 32291.5 13217.4 7692.24
 312018 107310 33477.7 10382.5 6722.93
 312018 105392 33280.6 10382.7 5305.01
 312018 111650 36682.4 11583.5 5460.19
 312018 106860 35597.9 11695.7 5434.15
 312018 100840 30340.4 10107.2 4863.6
 312018 113357 36180.1 10885.7 5371.29
 312018 110912 38935 12426.8 5583.8
 312018 111261 38335.2 13457.4 6225.13
 312018 113542 40048.6 13798.9 7084.77
 312018 107557 36675.1 12936.1 6745.62
 312018 107528 34723.3 11840 6353.95
 312018 104712 32919.1 10630.3 5569.95
 312018 108286 34282.4 10777.6 5303.93
 312018 102247 31609 10007.2 4694.27
 312018 106219 32210.3 9957.57 4631.3
 312018 100064 29695.6 9005.01 4078.59
 312018 85433.2 20392.3 6051.75 2666.34
 312018 87588.3 18300.1 4368.11 1867.45
 312018 91654.5 20544.2 4292.37 1462.57
 312018 79859.6 16320.9 3658.29 1024.78
 312018 99172 21930.1 4481.84 1286.01
 312018 101747 28665.9 6338.94 1667.21
 312018 102918 30091.3 8477.85 2367.79
 312018 107504 33210.4 9710.09 3499.75
 312018 105739 33560.4 10367.6 4123.83
 312018 105410 32804.5 10411.8 4495.84
 312018 107654 34109.4 10615.1 4823.94
pred_Ctot
 14018.2 11983.2 4408.38 1621.75 943.823
 18467.9 12137.3 4967.97 1827.62 1063.63
 12916 8385.52 2600.61 1064.47 619.496
 16252.4 10796.4 3368.2 1044.58 676.396
 5399.88 3606.24 1138.77 355.267 181.523
 13696.9 9519.33 3127.57 987.62 465.54
 24215.6 15743.6 5244.61 1723.12 800.609
 2455.59 1578.98 475.076 158.26 76.1553
 6674.15 4781.07 1525.97 459.125 226.545
 6070.88 4260.58 1495.65 477.365 214.497
 2138.47 1518.18 523.094 183.629 84.9436
 12485.3 8847.36 3120.66 1075.23 552.057
 12536 8414.21 2869.09 1011.99 527.709
 17439.5 11578.8 3739.05 1274.95 684.202
 11221.3 7353.29 2311.71 746.504 391.145
 21747.7 14405.3 4560.6 1433.75 705.584
 14811.8 9404.59 2907.35 920.446 431.773
 25580.5 16481.9 4998.03 1545.1 718.632
 51659.9 29584.2 8779.61 2662.36 1205.85
 47770.9 23563.5 5624.44 1669.15 735.41
 40480.1 20809 4347.7 1037.76 443.665
 61803.3 31676.7 7100.28 1483.49 505.48
 27149.8 13106.7 2678.61 600.405 168.188
 22625.2 13698.9 3029.26 619.089 177.64
 20573.1 12837.2 3616.71 799.769 210.348
 12578.6 8077.92 2361.83 665.415 185.845
 15648.8 10427.9 3221.43 941.883 339.478
 16221.4 10618.8 3370.31 1041.17 414.137
 12318.3 8106.8 2522.91 800.744 345.763
 10783.7 7271.91 2304.06 717.044 325.853
F
 0.0732691 0.146538 0.146538 0.146538 0.146538
 0.0974933 0.194987 0.194987 0.194987 0.194987
 0.0673436 0.134687 0.134687 0.134687 0.134687
 0.085371 0.170742 0.170742 0.170742 0.170742
 0.0276961 0.0553923 0.0553923 0.0553923 0.0553923
 0.0715391 0.143078 0.143078 0.143078 0.143078
 0.129521 0.259043 0.259043 0.259043 0.259043
 0.0125154 0.0250309 0.0250309 0.0250309 0.0250309
 0.0343264 0.0686528 0.0686528 0.0686528 0.0686528
 0.0311829 0.0623658 0.0623658 0.0623658 0.0623658
 0.0108918 0.0217835 0.0217835 0.0217835 0.0217835
 0.0650358 0.130072 0.130072 0.130072 0.130072
 0.0653075 0.130615 0.130615 0.130615 0.130615
 0.0918509 0.183702 0.183702 0.183702 0.183702
 0.0582891 0.116578 0.116578 0.116578 0.116578
 0.115665 0.231331 0.231331 0.231331 0.231331
 0.077554 0.155108 0.155108 0.155108 0.155108
 0.137253 0.274507 0.274507 0.274507 0.274507
 0.295326 0.590652 0.590652 0.590652 0.590652
 0.270413 0.540826 0.540826 0.540826 0.540826
 0.225035 0.45007 0.45007 0.45007 0.45007
 0.362791 0.725582 0.725582 0.725582 0.725582
 0.146205 0.292411 0.292411 0.292411 0.292411
 0.120574 0.241147 0.241147 0.241147 0.241147
 0.109125 0.218251 0.218251 0.218251 0.218251
 0.0655356 0.131071 0.131071 0.131071 0.131071
 0.0820896 0.164179 0.164179 0.164179 0.164179
 0.0852024 0.170405 0.170405 0.170405 0.170405
 0.0641423 0.128285 0.128285 0.128285 0.128285
 0.0559621 0.111924 0.111924 0.111924 0.111924
nmprior
 8 9 7.5 0
nm_flota  nm_reclas  nm_pelaces    nm_pelaL
inf 3.91562 7.65354 11.4983
cv_recla  cv_pelaces  cv_mph
1.02769 0.880674 1.87508
 ------------------------------------------------
Talla a la edad & desviación 
 8 13.2811 15.8009 17.003 17.5766
 0.8 1.32811 1.58009 1.7003 1.75766
