years
 1991 1992 1993 1994 1995 1996 1997 1998 1999 2000 2001 2002 2003 2004 2005 2006 2007 2008 2009 2010 2011 2012 2013 2014 2015 2016 2017 2018 2019
reclasobs
 0 0 0 0 0 0 0 0 0 252601 567819 844713 477998 351125 339783 2.1784e+06 2.13404e+06 4.81314e+06 1.55562e+06 2.62356e+06 3.21686e+06 3.843e+06 1.13348e+06 3.07943e+06 1.97215e+06 2.03268e+06 2.025e+06 2.42433e+06 2.27542e+06
reclaspred
 3.18738e+06 1.78489e+06 901415 888381 876898 1.39774e+06 870907 769779 563959 412095 489532 636074 626188 489069 496787 1.31627e+06 1.26284e+06 2.83525e+06 2.35073e+06 1.79275e+06 3.15947e+06 2.55263e+06 2.01474e+06 3.09606e+06 2.33253e+06 2.07575e+06 2.5157e+06 2.50344e+06 2.04981e+06
pelacesobs
 0 0 0 0 0 0 0 0 0 0 0 0 0 0 0 552880 188675 0 991730 2.46772e+06 1.41603e+06 1.21717e+06 2.29649e+06 1.80582e+06 0 1.4828e+06 1.56532e+06 1.57751e+06 1.42118e+06
pelacespred
 1.65809e+06 1.03176e+06 520980 419177 432551 711095 407713 449488 316043 218504 269276 292468 316649 260539 272258 600577 577519 1.49226e+06 1.27676e+06 901542 1.54174e+06 1.35535e+06 1.066e+06 1.79165e+06 1.30088e+06 1.1543e+06 1.59678e+06 1.57154e+06 1.05571e+06
mphobs
 0 0 0 0 0 0 0 0 0 0 0 498337 0 5186 125008 0 168611 109162 213762 579715 649985 157893 87575 83554 0 0 0 0 0
mphpred
 479106 319682 159123 86621.6 93006.3 104789 138601 84972.9 75691.3 52186.6 34627.1 57637.8 62291.1 52628.9 35738.1 45550.7 150814 141803 279398 212633 233732 286520 270582 221712 308001 255159 211541 231104 298761
desembarqueobs
 494567 514787 250237 358949 120608 361735 552515 73892 212993 205616 52469 317467 293654 387597 252695 516296 358380 742168 942051 627588 828172 859565 418607 520667 417249 300574 407403 355545 319650
desembarquepred
 494574 513563 250832 358978 120613 361747 552556 73896.3 213041 205660 52471.6 317532 293704 387631 252689 516257 358403 742076 941859 627462 828234 859574 418614 520689 417247 300573 407398 355527 319643
Reclutas
 195349 112084 110242 180861 144607 252133 104290 47052.1 45096.9 60199.9 112841 149455 124024 87447.3 87189.3 476659 98147 721850 424392 339189 480610 643991 132648 397693 338816 153397 351688 348767 115680
log_desv_Rt
 0.0902797 -0.465263 -0.481833 0.0132179 -0.21049 0.345445 -0.537333 -1.33325 -1.3757 -1.08684 -0.458527 -0.177514 -0.364032 -0.713474 -0.716429 0.98229 -0.598044 1.39731 0.866146 0.642048 0.990547 1.28317 -0.296811 0.80117 0.640948 -0.151479 0.678233 0.669892 -0.43368
SSB
 3.14633e+06 2.09938e+06 1.04497e+06 568851 610780 688161 910204 558024 497071 342713 227399 378512 409070 345619 234695 299135 990407 931233 1.83483e+06 1.39638e+06 1.53494e+06 1.8816e+06 1.77693e+06 1.456e+06 2.02267e+06 1.67565e+06 1.38921e+06 1.51768e+06 1.96199e+06
BT
 4.24136e+06 2.88721e+06 1.45053e+06 1.26832e+06 1.09265e+06 1.94857e+06 1.43478e+06 1.10155e+06 940185 702330 666225 940546 997131 1.00445e+06 881280 1.80302e+06 1.61168e+06 4.09715e+06 3.84993e+06 2.63907e+06 4.2268e+06 3.92871e+06 2.82322e+06 4.61598e+06 3.3839e+06 2.92777e+06 4.09708e+06 3.98181e+06 2.69948e+06
Ftot
 0.134675 0.245743 0.239879 0.365947 0.124963 0.241485 0.539251 0.0867738 0.336951 0.44135 0.103382 0.452495 0.423323 0.703041 0.477255 0.383356 0.250572 0.252014 0.360224 0.31655 0.241566 0.307914 0.182884 0.15933 0.161404 0.129719 0.152879 0.134544 0.135421
BD_Bspro_t
 0.978722 0.845224 0.685193 0.594854 0.581897 0.656024 0.647443 0.48092 0.538469 0.496067 0.464346 0.673881 0.559654 0.470263 0.364082 0.423657 0.601568 0.574011 0.668742 0.5754 0.552651 0.599326 0.613586 0.60528 0.708062 0.717108 0.72584 0.764896 0.797355
BD_Bspro
 2.48036 1.65501 0.823786 0.448444 0.481498 0.5425 0.717544 0.439909 0.391857 0.270172 0.179266 0.298393 0.322484 0.272462 0.185018 0.235818 0.78077 0.734122 1.44646 1.10081 1.21004 1.48333 1.40082 1.14781 1.59454 1.32097 1.09516 1.19644 1.5467
BD_Bo
 1.63744 1.09257 0.543833 0.296046 0.317867 0.358138 0.473696 0.290411 0.25869 0.178358 0.118345 0.196988 0.212892 0.17987 0.122142 0.155678 0.515435 0.48464 0.954898 0.726713 0.798825 0.979237 0.924766 0.757743 1.05265 0.872053 0.722982 0.789842 1.02107
BD_Brms
 10.2197 6.81909 3.39422 1.84771 1.9839 2.23525 2.95648 1.81254 1.61456 1.11318 0.738626 1.22946 1.32872 1.12262 0.762325 0.971635 3.21699 3.02478 5.9598 4.53563 4.98571 6.11171 5.77174 4.7293 6.56993 5.44275 4.51235 4.92964 6.37283
Sel_flota
 0.809706 0.987782 0.999349 0.999966 0.999998
 0.809706 0.987782 0.999349 0.999966 0.999998
 0.809706 0.987782 0.999349 0.999966 0.999998
 0.809706 0.987782 0.999349 0.999966 0.999998
 0.809706 0.987782 0.999349 0.999966 0.999998
 0.809706 0.987782 0.999349 0.999966 0.999998
 0.809706 0.987782 0.999349 0.999966 0.999998
 0.809706 0.987782 0.999349 0.999966 0.999998
 0.809706 0.987782 0.999349 0.999966 0.999998
 0.809706 0.987782 0.999349 0.999966 0.999998
 0.809706 0.987782 0.999349 0.999966 0.999998
 0.809706 0.987782 0.999349 0.999966 0.999998
 0.809706 0.987782 0.999349 0.999966 0.999998
 0.809706 0.987782 0.999349 0.999966 0.999998
 0.809706 0.987782 0.999349 0.999966 0.999998
 0.809706 0.987782 0.999349 0.999966 0.999998
 0.809706 0.987782 0.999349 0.999966 0.999998
 0.809706 0.987782 0.999349 0.999966 0.999998
 0.809706 0.987782 0.999349 0.999966 0.999998
 0.809706 0.987782 0.999349 0.999966 0.999998
 0.809706 0.987782 0.999349 0.999966 0.999998
 0.809706 0.987782 0.999349 0.999966 0.999998
 0.809706 0.987782 0.999349 0.999966 0.999998
 0.809706 0.987782 0.999349 0.999966 0.999998
 0.809706 0.987782 0.999349 0.999966 0.999998
 0.809706 0.987782 0.999349 0.999966 0.999998
 0.809706 0.987782 0.999349 0.999966 0.999998
 0.809706 0.987782 0.999349 0.999966 0.999998
 0.809706 0.987782 0.999349 0.999966 0.999998
Sel_reclas
 1 1 1 1 1
 1 1 1 1 1
 1 1 1 1 1
 1 1 1 1 1
 1 1 1 1 1
 1 1 1 1 1
 1 1 1 1 1
 1 1 1 1 1
 1 1 1 1 1
 1 1 1 1 1
 1 1 1 1 1
 1 1 1 1 1
 1 1 1 1 1
 1 1 1 1 1
 1 1 1 1 1
 1 1 1 1 1
 1 1 1 1 1
 1 1 1 1 1
 1 1 1 1 1
 1 1 1 1 1
 1 1 1 1 1
 1 1 1 1 1
 1 1 1 1 1
 1 1 1 1 1
 1 1 1 1 1
 1 1 1 1 1
 1 1 1 1 1
 1 1 1 1 1
 1 1 1 1 1
Sel_pelaces
 1 1 1 1 1
 1 1 1 1 1
 1 1 1 1 1
 1 1 1 1 1
 1 1 1 1 1
 1 1 1 1 1
 1 1 1 1 1
 1 1 1 1 1
 1 1 1 1 1
 1 1 1 1 1
 1 1 1 1 1
 1 1 1 1 1
 1 1 1 1 1
 1 1 1 1 1
 1 1 1 1 1
 1 1 1 1 1
 1 1 1 1 1
 1 1 1 1 1
 1 1 1 1 1
 1 1 1 1 1
 1 1 1 1 1
 1 1 1 1 1
 1 1 1 1 1
 1 1 1 1 1
 1 1 1 1 1
 1 1 1 1 1
 1 1 1 1 1
 1 1 1 1 1
 1 1 1 1 1
pf_obs 
 0.8446 0.082 0.0669 0.0065 0
 0.8095 0.147 0.0364 0.0071 0
 0.9664 0.0169 0.016 0.0007 0
 0.9276 0.0648 0.0075 0.0001 0
 0.7033 0.2144 0.0806 0.0017 0
 0.9318 0.0425 0.0243 0.0014 0
 0.5671 0.3108 0.0964 0.0239 0.0018
 0.0768 0.2599 0.5324 0.112 0.0189
 0.490249 0.384438 0.106611 0.0170017 0.00170017
 0.7925 0.1577 0.0466 0.003 0.0002
 0.840416 0.127587 0.0312969 0.00059994 9.999e-05
 0.8084 0.0986 0.0794 0.0134 0.0002
 0.7335 0.1905 0.0724 0.0035 0.0001
 0.4001 0.4547 0.1325 0.0127 0
 0.49795 0.308269 0.164784 0.0264974 0.00249975
 0.9179 0.0499 0.0305 0.0017 0
 0.2467 0.6533 0.0926 0.0074 0
 0.9418 0.0223 0.034 0.0019 0
 0.707729 0.231977 0.0356964 0.0245975 0
 0.517169 0.277429 0.184464 0.0207286 0.00020938
 0.811772 0.124168 0.05621 0.00726502 0.000585176
 0.764997 0.148141 0.077277 0.00933861 0.000247198
 0.163321 0.427699 0.378323 0.0303852 0.000271297
 0.753843 0.0900009 0.118128 0.0371064 0.000921714
 0.721811 0.176058 0.0630433 0.0369309 0.00215725
 0.143369 0.312575 0.442814 0.0836902 0.0175525
 0.692698 0.0596174 0.167031 0.0765114 0.00414204
 0.394062 0.376323 0.152708 0.0712218 0.00568511
 0.125707 0.32114 0.495352 0.0537591 0.00404204
pf_pred 
 0.448122 0.124433 0.403192 0.0242517 8.10847e-07
 0.420886 0.290067 0.0657821 0.210605 0.0126601
 0.563995 0.207326 0.115303 0.0258162 0.0875607
 0.737665 0.161973 0.0480525 0.0263847 0.0259257
 0.653543 0.270289 0.0472804 0.0138367 0.0150515
 0.753305 0.172242 0.0582399 0.0100667 0.00614673
 0.479261 0.412293 0.076013 0.0253746 0.00705914
 0.458903 0.293111 0.19696 0.0357745 0.0152523
 0.544523 0.232111 0.121652 0.0807951 0.0209186
 0.70778 0.175704 0.0597794 0.0309109 0.025826
 0.819593 0.136232 0.0267152 0.00896111 0.00849848
 0.737269 0.222712 0.0303086 0.00587357 0.00383618
 0.682092 0.248341 0.0591015 0.0079284 0.00253799
 0.629084 0.27136 0.0780125 0.0183042 0.00323905
 0.736795 0.181653 0.0599262 0.0169494 0.00467652
 0.935031 0.0507803 0.00983689 0.00319832 0.0011533
 0.376498 0.590971 0.0255039 0.00487277 0.002154
 0.89748 0.0439116 0.055588 0.00236837 0.000652075
 0.60153 0.365102 0.0143978 0.0179933 0.000977012
 0.614861 0.252219 0.121931 0.0047432 0.00624502
 0.734646 0.176995 0.058131 0.027731 0.00249725
 0.741987 0.199969 0.0388836 0.0126085 0.006552
 0.318322 0.533429 0.115245 0.0221146 0.0108895
 0.741227 0.0945844 0.128829 0.0274919 0.00786797
 0.630194 0.288399 0.0299879 0.0403513 0.011068
 0.440047 0.379162 0.141382 0.0145232 0.0248862
 0.738069 0.128637 0.0906093 0.0333849 0.00929976
 0.66232 0.262252 0.0372758 0.0259402 0.0122121
 0.370276 0.444887 0.143943 0.020216 0.0206781
pobs_RECLAS
 0 0 0 0 0
 0 0 0 0 0
 0 0 0 0 0
 0 0 0 0 0
 0 0 0 0 0
 0 0 0 0 0
 0 0 0 0 0
 0 0 0 0 0
 0 0 0 0 0
 0 0 0 0 0
 0.991045 0.00858322 0.000360255 1.14367e-05 0
 0.934742 0.0480273 0.0164251 0.00080598 0
 0.827803 0.169806 0.00239088 0 0
 0.941827 0.0461693 0.0120037 0 0
 0.791401 0.0380133 0.147996 0.0225897 0
 0.846168 0.0940531 0.0597789 0 0
 0.134021 0.677848 0.182769 0.00536245 0
 0.80878 0.0450904 0.141981 0.00414843 0
 0.846168 0.0940531 0.0597789 0 0
 0.905697 0.0802665 0.012482 0.00150086 5.37128e-05
 0.989698 0.0102097 9.19794e-05 0 0
 0.975433 0.0193895 0.00387452 0.00125025 5.28907e-05
 0.303575 0.632131 0.0575291 0.00676475 0
 0.966965 0.00978017 0.0227588 0.000495775 0
 0.843318 0.132988 0.00938335 0.0141283 0.000182051
 0.564624 0.303363 0.111486 0.0197234 0.00080311
 0.826376 0.0876187 0.0782897 0.00655872 0.00115652
 0.89761 0.0855135 0.0140674 0.00269457 0.000114338
 0.34875 0.467042 0.161289 0.0227151 0.000203297
ppred_RECLAS
 0.500467 0.113665 0.363987 0.0218799 7.31521e-07
 0.472572 0.265816 0.0595675 0.190588 0.0114564
 0.614628 0.184426 0.101352 0.0226783 0.0769153
 0.776331 0.138756 0.0406692 0.0223163 0.0219274
 0.698063 0.236177 0.0408297 0.0119414 0.0129894
 0.789679 0.147379 0.0492424 0.00850613 0.00519367
 0.53242 0.371172 0.0675877 0.0225472 0.00627236
 0.510201 0.266764 0.177165 0.0321592 0.0137104
 0.596218 0.207014 0.107197 0.0711495 0.0184206
 0.749747 0.151222 0.0508244 0.0262634 0.0219423
 0.847736 0.115317 0.0223496 0.0074921 0.00710507
 0.77585 0.190366 0.0255911 0.00495614 0.00323687
 0.725772 0.214793 0.0504976 0.00676982 0.00216704
 0.678489 0.236027 0.0669956 0.0157087 0.00277966
 0.775878 0.155275 0.0505984 0.0143018 0.00394589
 0.946626 0.04183 0.00800533 0.00260114 0.000937925
 0.425417 0.544946 0.0232386 0.00443716 0.00196137
 0.91526 0.0365444 0.0457129 0.0019464 0.000535878
 0.649889 0.321125 0.0125113 0.0156256 0.000848424
 0.662982 0.221625 0.105859 0.00411537 0.00541822
 0.773013 0.152014 0.0493349 0.02352 0.00211797
 0.779633 0.17126 0.0329033 0.0106625 0.00554059
 0.364238 0.498792 0.106492 0.0204223 0.0100559
 0.77926 0.0812958 0.109428 0.0233372 0.00667872
 0.676384 0.253054 0.0260035 0.0349681 0.00959116
 0.49094 0.346024 0.127514 0.0130905 0.0224305
 0.776149 0.110607 0.0769949 0.028351 0.00789723
 0.706267 0.228736 0.032131 0.022346 0.0105197
 0.41908 0.411841 0.13169 0.0184835 0.0189054
pobs_PELACES
 0 0 0 0 0
 0 0 0 0 0
 0 0 0 0 0
 0 0 0 0 0
 0 0 0 0 0
 0 0 0 0 0
 0 0 0 0 0
 0 0 0 0 0
 0 0 0 0 0
 0 0 0 0 0
 0 0 0 0 0
 0 0 0 0 0
 0 0 0 0 0
 0 0 0 0 0
 0 0 0 0 0
 0 0 0 0 0
 0.505614 0.472636 0.0217494 0 0
 0 0 0 0 0
 0.443492 0.261883 0.143347 0.151278 0
 0.227955 0.32914 0.350689 0.0885471 0.00366901
 0.970185 0.0296113 0.000203453 0 0
 0.997202 0.00247181 0.000326279 0 0
 0.445219 0.490057 0.0546422 0.010081 0
 0.90214 0.0892962 0.00764917 0.000914606 0
 0 0 0 0 0
 0.581667 0.319106 0.0959925 0.00289975 0.000334073
 0.762889 0.0836404 0.116647 0.0363945 0.000428098
 0.88444 0.0763242 0.0277011 0.0115352 0
 0.521256 0.241999 0.230069 0.00667565 0
ppred_PELACES
 0.502545 0.113238 0.362431 0.0217857 7.28373e-07
 0.476293 0.264069 0.0591203 0.189148 0.0113698
 0.618078 0.182865 0.100402 0.0224646 0.0761905
 0.780137 0.136469 0.0399432 0.0219163 0.0215343
 0.69963 0.234975 0.0406026 0.0118747 0.0129168
 0.792072 0.145743 0.0486508 0.00840353 0.005131
 0.540408 0.364989 0.0663252 0.0221236 0.00615448
 0.511513 0.26609 0.176659 0.0320667 0.013671
 0.60113 0.204627 0.105825 0.070234 0.0181835
 0.754709 0.148326 0.049767 0.0257147 0.0214837
 0.848531 0.114726 0.0222263 0.0074506 0.00706571
 0.780485 0.186478 0.0250252 0.0048461 0.00316499
 0.730765 0.210957 0.0495157 0.00663761 0.00212471
 0.687589 0.229512 0.0649717 0.015232 0.00269528
 0.780815 0.151942 0.049422 0.0139679 0.00385375
 0.947768 0.0409476 0.00782499 0.00254235 0.000916721
 0.429032 0.541544 0.0230715 0.00440502 0.00194716
 0.916444 0.0360538 0.0450557 0.00191832 0.000528147
 0.654717 0.316735 0.0123232 0.0153897 0.000835609
 0.667218 0.21893 0.104446 0.00406016 0.00534552
 0.775548 0.150363 0.048754 0.0232419 0.00209292
 0.782772 0.168866 0.0324053 0.0105005 0.00545636
 0.366765 0.496884 0.106011 0.0203292 0.0100101
 0.780933 0.080711 0.108575 0.0231545 0.00662643
 0.678487 0.251444 0.0258222 0.0347231 0.00952396
 0.492886 0.344757 0.126985 0.0130357 0.0223367
 0.777758 0.109845 0.0764199 0.0281384 0.007838
 0.707929 0.227469 0.0319365 0.0222102 0.0104557
 0.421056 0.410503 0.131194 0.0184135 0.0188336
pobs_pel_tallas
 0 0 0 0 0 0 0 0 0 0 0 0 0 0 0 0 0 0 0 0 0 0 0 0 0 0
 0 0 0 0 0 0 0 0 0 0 0 0 0 0 0 0 0 0 0 0 0 0 0 0 0 0
 0 0 0 0 0 0 0 0 0 0 0 0 0 0 0 0 0 0 0 0 0 0 0 0 0 0
 0 0 0 0 0 0 0 0 0 0 0 0 0 0 0 0 0 0 0 0 0 0 0 0 0 0
 0 0 0 0 0 0 0 0 0 0 0 0 0 0 0 0 0 0 0 0 0 0 0 0 0 0
 0 0 0 0 0 0 0 0 0 0 0 0 0 0 0 0 0 0 0 0 0 0 0 0 0 0
 0 0 0 0 0 0 0 0 0 0 0 0 0 0 0 0 0 0 0 0 0 0 0 0 0 0
 0 0 0 0 0 0 0 0 0 0 0 0 0 0 0 0 0 0 0 0 0 0 0 0 0 0
 0 0 0 0 0 0 0 0 0 0 0 0 0 0 0 0 0 0 0 0 0 0 0 0 0 0
 0 0 0 0 0 0 0 0 0 0 0 0 0 0 0 0 0 0 0 0 0 0 0 0 0 0
 0 0 0 0 0 0 0 0 0 0 0 0 0 0 0 0 0 0 0 0 0 0 0 0 0 0
 0 0 0 0 0 0 0 0 0 0 0 0 0 0 0 0 0 0 0 0 0 0 0 0 0 0
 0.00862536 0 0 0.000197151 0.00414017 0.0128641 0.00837892 0.0270097 0.101434 0.158115 0.152841 0.127902 0.109271 0.109419 0.0830992 0.0579132 0.0238553 0.00714673 0.00463305 0.00128148 0.00103504 0.000492878 0.000147863 0.000147863 4.92878e-05 0
 0 0 0 0 0 0 0 0 0 0 0 0 0 0 0 0 0 0 0 0 0 0 0 0 0 0
 0 0 0 0 0 0 0 0.0054083 0.00873648 0.0413646 0.0450493 0.0745869 0.0622846 0.0627006 0.0613931 0.0827291 0.12552 0.122667 0.0946155 0.0697135 0.0546179 0.0294188 0.0215738 0.0213955 0.0102223 0.00600262
 0 0 0 0 0.00359764 0.0251062 0.0480494 0.140153 0.205849 0.193036 0.1447 0.116669 0.0760912 0.0342217 0.00950174 0.001854 0.000860785 0 0 0 0.000165536 0 0.000143464 0 0 0
 0 0 0 0 0 0 0 0.000145254 0.000435761 0.0275982 0.070085 0.0708112 0.156366 0.174668 0.174014 0.160142 0.0824315 0.0480064 0.0283245 0.00493863 0.00203355 0 0 0 0 0
 0 0 0 0 0 0 0 0 0 0 0 0 0 0 0 0 0 0 0 0 0 0 0 0 0 0
 0 0 1.00437e-05 0.000401748 0.00122533 0.00171747 0.00176769 0.0269171 0.070346 0.194647 0.189555 0.159765 0.064822 0.0314167 0.0384472 0.0292271 0.0345202 0.0313363 0.0194345 0.0106764 0.0143323 0.0359363 0.0279516 0.0138201 0.00172751 0
 0 0.0021121 0.0136068 0.0755702 0.200478 0.177729 0.0527432 0.0373336 0.0318909 0.0142505 0.0149659 0.0166563 0.0217959 0.0798694 0.0677717 0.0528807 0.04013 0.0224614 0.0357745 0.0225083 0.00881397 0.00855152 0.00135912 0.000746735 0 0
 0 0 0 0 5.4009e-05 0.00500934 0.000945158 0.0243581 0.138947 0.33067 0.221406 0.137944 0.0707744 0.0437923 0.0131692 0.00525238 0.0047753 0.00276346 9.45158e-05 9.00151e-06 2.25038e-05 9.00151e-06 4.50075e-06 0 0 0
 0.000866109 0.00284123 0.00948549 0.0512746 0.133035 0.25785 0.225252 0.132002 0.0553304 0.0519788 0.0540692 0.017754 0.00435017 0.00159236 0.00146478 0.000404838 0.000125132 0.000115318 0.000107957 0.000100596 0 0 0 0 0 0
 0 0 0 0 0.00144013 0.00171154 0.00461396 0.0210425 0.0478622 0.0707936 0.0888783 0.103762 0.0637923 0.0337046 0.0602308 0.124433 0.169614 0.0934646 0.0462172 0.0250306 0.0313229 0.00938855 0.002487 0.000210481 0 0
 0 0.00764035 0.051015 0.0998891 0.058973 0.0496711 0.0374665 0.0718981 0.12319 0.153886 0.159021 0.0857701 0.0377988 0.023471 0.0147837 0.00900784 0.00315554 0.000888139 0.00291439 0.00214683 0.00393193 0.00274676 0.000635225 9.99891e-05 0 0
 0 0 0 0 0 0 0 0 0 0 0 0 0 0 0 0 0 0 0 0 0 0 0 0 0 0
 0 0 0 0 0 0 0 0 0 0 0 0 0 0 0 0 0 0 0 0 0 0 0 0 0 0
 0 0 0 0 0 0 0 0 0 0 0 0 0 0 0 0 0 0 0 0 0 0 0 0 0 0
 0 0 0 0 0 0 0 0 0 0 0 0 0 0 0 0 0 0 0 0 0 0 0 0 0 0
 0 0 0 0 0 0 0 0 0 0 0 0 0 0 0 0 0 0 0 0 0 0 0 0 0 0
ppred_pel_tallas
 1.12673e-16 4.1394e-05 0.000402365 0.00267385 0.012155 0.0378187 0.0805771 0.117607 0.117618 0.0806333 0.038009 0.0127116 0.00409713 0.00359505 0.00635537 0.0110929 0.0174891 0.0251359 0.0335249 0.0422325 0.0508341 0.0585451 0.0640099 0.0656506 0.0624686 0.054721
 1.22667e-16 3.92317e-05 0.000381346 0.00253418 0.01152 0.0358432 0.0763688 0.111468 0.111493 0.0764937 0.036263 0.0127338 0.0055867 0.00706539 0.0127967 0.0212699 0.0310807 0.0400979 0.0462623 0.048847 0.0489649 0.0487707 0.0499377 0.0525829 0.0553312 0.0562676
 1.18091e-16 5.09103e-05 0.000494866 0.00328856 0.0149493 0.046513 0.0991015 0.144645 0.144663 0.0991883 0.046805 0.0157946 0.00541721 0.00516498 0.00898981 0.0149673 0.0220029 0.0286381 0.0334454 0.0358515 0.0364794 0.0366405 0.0373752 0.0388053 0.0401981 0.0405298
 1.0703e-16 6.42589e-05 0.000624619 0.00415081 0.018869 0.0587086 0.125085 0.182568 0.182582 0.12515 0.0589252 0.0194955 0.00572548 0.00406959 0.00662937 0.0109186 0.0158698 0.0202796 0.0229801 0.0234714 0.0222213 0.0203197 0.0187624 0.0179249 0.0175422 0.0170626
 1.04609e-16 5.76277e-05 0.000560162 0.00372247 0.0169218 0.0526502 0.112178 0.163731 0.163754 0.112288 0.0530221 0.0179962 0.00642001 0.00645158 0.0112545 0.0185365 0.0267496 0.0337541 0.0374122 0.0367514 0.0325408 0.0267527 0.0213547 0.017375 0.0147827 0.012982
 1.03153e-16 6.5242e-05 0.000634175 0.00421432 0.0191577 0.0596067 0.126999 0.185362 0.185376 0.127068 0.0598381 0.0198267 0.00589576 0.00431207 0.00707166 0.0116437 0.0168981 0.0215246 0.0242272 0.0243999 0.0224593 0.0195051 0.0166004 0.014249 0.0123807 0.0106854
 1.05268e-16 4.45127e-05 0.00043268 0.00287531 0.0130708 0.0406682 0.0866492 0.126474 0.12651 0.0868212 0.0412459 0.0147398 0.00706616 0.00958587 0.0174415 0.0287994 0.0415669 0.0524521 0.0581253 0.0570526 0.0503926 0.0411667 0.0324012 0.0256965 0.0210584 0.0176631
 1.10696e-16 4.21327e-05 0.000409545 0.00272157 0.0123719 0.0384937 0.0820158 0.11971 0.119736 0.0821423 0.0389192 0.0136037 0.00582454 0.00721962 0.0130822 0.0218397 0.0321092 0.0417454 0.048554 0.0514805 0.0511169 0.0490385 0.0465637 0.0439932 0.0408137 0.0364533
 1.13227e-16 4.95143e-05 0.000481297 0.00319839 0.0145394 0.0452376 0.0963843 0.14068 0.1407 0.0964815 0.0455643 0.0154847 0.00557858 0.00570194 0.010038 0.0167127 0.0245398 0.0318699 0.0370681 0.0394351 0.0395906 0.0389144 0.0385015 0.038484 0.0381531 0.0366116
 1.07689e-16 6.21644e-05 0.00060426 0.00401552 0.018254 0.056795 0.121008 0.176618 0.176632 0.121078 0.0570307 0.0189356 0.00572933 0.00435524 0.00721506 0.0119077 0.0173357 0.0222096 0.0252699 0.0259736 0.0248122 0.0229352 0.0213781 0.0205074 0.0200166 0.01932
 1.02614e-16 6.98924e-05 0.000679379 0.00451471 0.0205232 0.0638555 0.136051 0.198573 0.198584 0.136105 0.0640371 0.0210481 0.00583283 0.0035589 0.00554481 0.00907266 0.0131028 0.0165645 0.0184192 0.0181974 0.0162737 0.0136003 0.0111179 0.00930295 0.00811672 0.00725367
 1.01792e-16 6.42876e-05 0.000624898 0.00415267 0.0188774 0.0587348 0.125141 0.182651 0.182669 0.125229 0.0590297 0.019729 0.00629008 0.00529052 0.00892405 0.0146486 0.0210888 0.026505 0.0291685 0.0282813 0.0244456 0.0192493 0.0143134 0.0105431 0.00801317 0.0063344
 1.02509e-16 6.01922e-05 0.00058509 0.00388813 0.0176749 0.0549932 0.11717 0.171017 0.171037 0.117269 0.0553274 0.0186406 0.0063137 0.00588489 0.0101393 0.0167031 0.0241388 0.0305268 0.0339431 0.0334856 0.0297839 0.0245252 0.0194005 0.0153078 0.0122767 0.0099087
 1.03918e-16 5.66358e-05 0.000550521 0.0036584 0.0166306 0.051744 0.110247 0.160913 0.160936 0.110355 0.0521081 0.0176827 0.00630204 0.00633014 0.0110583 0.0182576 0.0264489 0.0335817 0.0375953 0.0375267 0.0340491 0.0289433 0.0239554 0.0199522 0.0168736 0.0142435
 1.03519e-16 6.43147e-05 0.000625162 0.00415442 0.0188854 0.0587596 0.125194 0.182727 0.182742 0.125266 0.0590008 0.0195828 0.00590732 0.00445939 0.00736872 0.0121393 0.01762 0.0224509 0.025286 0.0255014 0.023539 0.0205497 0.017637 0.0153095 0.0134681 0.0117617
 1.00647e-16 7.80664e-05 0.000758834 0.00504272 0.0229235 0.0713234 0.151962 0.221794 0.221798 0.151981 0.0713882 0.0231108 0.00551304 0.00178616 0.00203099 0.00323891 0.00466968 0.00589659 0.00654274 0.00643648 0.00570753 0.00469338 0.00373081 0.00299613 0.00248702 0.00210933
 1.01576e-16 3.53389e-05 0.000343507 0.00228273 0.010377 0.0322869 0.0687926 0.100416 0.100468 0.0690471 0.0331414 0.012844 0.00847094 0.0138381 0.025622 0.0421919 0.0605159 0.0755532 0.08219 0.0780682 0.0650193 0.0478906 0.0317421 0.0195677 0.0118349 0.00746109
 1.01592e-16 7.54863e-05 0.000733754 0.00487605 0.0221658 0.0689661 0.14694 0.214464 0.214467 0.146957 0.0690244 0.022335 0.00530371 0.00167713 0.00189572 0.00308883 0.00461456 0.00616004 0.00744794 0.00832861 0.00882533 0.00904271 0.00902623 0.00871064 0.00799766 0.00687681
 1.02122e-16 5.39282e-05 0.000524202 0.00348351 0.0158355 0.0492704 0.104977 0.153223 0.153254 0.105126 0.0497702 0.0172786 0.00710358 0.00841924 0.0150258 0.0246978 0.0354398 0.0442913 0.0482812 0.0460564 0.0387113 0.0290868 0.0201177 0.013492 0.00939168 0.00708956
 1.04382e-16 5.49579e-05 0.000534211 0.00355002 0.0161379 0.0502111 0.106981 0.156146 0.156167 0.107084 0.0505596 0.0171461 0.00608607 0.00608821 0.0106549 0.0176624 0.02575 0.0330269 0.0375748 0.0384625 0.0362218 0.0323425 0.0282363 0.0245309 0.0211183 0.0176723
 1.04131e-16 6.38809e-05 0.000620945 0.0041264 0.018758 0.0583632 0.12435 0.181495 0.181509 0.124421 0.058602 0.0194484 0.00586181 0.00441757 0.00729867 0.0120294 0.0174751 0.0223001 0.025187 0.0255342 0.0237906 0.0210934 0.0185117 0.0165031 0.0149098 0.0133302
 1.02955e-16 6.44759e-05 0.000626729 0.00416483 0.0189327 0.0589069 0.125508 0.183186 0.183202 0.125588 0.0591742 0.0197052 0.00610456 0.00486382 0.00811941 0.0133421 0.0192639 0.0243329 0.0270135 0.0266023 0.0236384 0.0195157 0.0156223 0.0126791 0.0106654 0.00917802
 1.0692e-16 3.02101e-05 0.000293653 0.00195143 0.00887094 0.027601 0.0588087 0.0858431 0.085891 0.059043 0.028388 0.0111446 0.0076615 0.012768 0.0237485 0.0392844 0.0567537 0.0717166 0.0796496 0.0784488 0.0696422 0.0572667 0.0453632 0.0360677 0.0294097 0.0243535
 1.06598e-16 6.43244e-05 0.000625256 0.00415505 0.0188882 0.0587684 0.125213 0.182753 0.182761 0.125251 0.0588993 0.0192685 0.00511722 0.00275128 0.00417726 0.00700111 0.0105406 0.0142237 0.0174912 0.0200615 0.022013 0.0235524 0.0246821 0.0250903 0.0243592 0.0222919
 1.05904e-16 5.58861e-05 0.000543233 0.00360997 0.0164104 0.0510591 0.108788 0.158784 0.158808 0.108906 0.0514566 0.0175586 0.00649211 0.00683509 0.0120063 0.0197651 0.0284839 0.0358701 0.0396445 0.038802 0.0342324 0.0281284 0.0226558 0.0189098 0.0167655 0.0154297
 1.0884e-16 4.05984e-05 0.000394631 0.00262246 0.0119214 0.0370919 0.0790295 0.115353 0.115386 0.0791926 0.0376397 0.0135052 0.0066041 0.0091067 0.0166455 0.0276088 0.0401293 0.0512222 0.05785 0.0585894 0.0544118 0.0478774 0.0414394 0.0362261 0.0320259 0.0280865
 1.06382e-16 6.40629e-05 0.000622715 0.00413816 0.0188115 0.0585295 0.124704 0.182011 0.182022 0.124756 0.0587054 0.0193208 0.00542185 0.00344217 0.00546938 0.00907411 0.0133806 0.0174942 0.0205427 0.0221276 0.0225148 0.0223423 0.0220929 0.0217815 0.0210605 0.0195707
 1.04977e-16 5.83112e-05 0.000566806 0.00376663 0.0171225 0.0532747 0.113508 0.165673 0.165695 0.113615 0.0536346 0.018162 0.00637625 0.00626518 0.0108855 0.0179179 0.0258428 0.0325854 0.0360817 0.0354079 0.0313383 0.025816 0.0207673 0.0171777 0.0149693 0.0134914
 1.08925e-16 3.46819e-05 0.000337121 0.00224029 0.010184 0.0316866 0.067513 0.0985456 0.0985852 0.067707 0.0323382 0.0120676 0.00697394 0.0106897 0.0197516 0.0327441 0.0475063 0.0604544 0.0679356 0.0682422 0.0625632 0.0540337 0.0456998 0.0390296 0.0338524 0.0292843
pSPR Fmed_Fpbrs
0.637373   0.210223 0.210223
Fs Fmed_Fpbrs
0.242383   1.005 1.005
SSBpbr Bo_Bmed_Bpbrs
1.9215e+06  1.12864e+06  307868 307868
Ro
178486
SPR SPRFo_SPRFmed_SPRFpbrs
1.2685e+06 808508 266668
Fref
1.005
log_Ro
11.9123
likeval ReclasPelacesDesembMPH_pf_preclas_ppelaces_ptallas_desvR_qrecl_qpela
 13.2213 17.1972 0.0581657 0.000818774 216.814 106.998 74.2795 0 22.893 7.71152e-07 0 0.297352 0 0 0
q_reclas_q_pelaces
0.882993 1
M
1
N
 195349 44902.7 143902 8650.58 0.28922
 112084 64440.5 14461.2 46272.5 2781.5
 110242 33793.5 18597 4161.54 14114.3
 180861 33396.3 9809.19 5383.18 5289.39
 144607 49472.6 8558.89 2503.3 2723.01
 252133 48078.6 16086.5 2778.99 1696.8
 104290 76281 13933.6 4649.01 1293.31
 47052.1 24792.5 16473.6 2990.39 1274.89
 45096.9 16135.1 8371.46 5556.92 1438.7
 60199.9 12628.8 4255.28 2199.21 1837.38
 112841 15491.7 3004.24 1007.12 955.098
 149455 38178.6 5145.84 996.716 650.963
 124024 38115 8982.77 1204.41 385.537
 87447.3 32385.5 9229.99 2164.66 383.041
 87189.3 18206.5 5949.22 1681.82 464.019
 476659 21794.2 4180.18 1358.41 489.822
 98147 128560 5490.25 1048.38 463.423
 721850 29476 36924.8 1572.34 432.894
 424392 216537 8454.02 10559.6 573.357
 339189 116627 55809.1 2169.84 2856.79
 480610 96567.8 31384 14963.2 1347.44
 643991 145396 27984 9069.25 4712.69
 132648 184632 39460.8 7567.92 3726.43
 397693 42081.8 56696.6 12092 3460.53
 338816 128595 13226.6 17787.4 4878.78
 153397 109373 40335.8 4140.99 7095.59
 351688 50805.1 35397.3 13034.6 3630.81
 348767 114315 16070.5 11177 5261.72
 115680 115061 36820.6 5168.23 5286.19
pred_Ctot
 12871.6 3574.15 11581.1 696.592 0.0232903
 12992.9 8954.45 2030.71 6501.42 390.82
 12498.3 4594.39 2555.14 572.094 1940.37
 30032.6 6594.41 1956.37 1074.2 1055.52
 8869.59 3668.24 641.668 187.785 204.272
 28760.9 6576.12 2223.58 384.343 234.68
 24161.6 20785.5 3832.15 1279.24 355.882
 2029.66 1296.39 871.127 158.226 67.4587
 6959.53 2966.61 1554.83 1032.64 267.36
 11770.7 2922.03 994.155 514.061 429.497
 5767.17 958.614 187.985 63.056 59.8006
 29855.1 9018.56 1227.32 237.846 155.343
 23392.6 8516.93 2026.91 271.908 87.0414
 25117.5 10834.6 3114.81 730.833 129.326
 18227.3 4493.84 1482.5 419.306 115.691
 82456.8 4478.12 867.477 282.047 101.705
 11582.6 18180.7 784.607 149.907 66.2661
 85637.8 4190.05 5304.22 225.99 62.2212
 69496.9 42181.4 1663.42 2078.82 112.877
 49499.6 20305 9816.11 381.853 502.758
 54840.4 13212.4 4339.4 2070.08 186.416
 91671.7 24706 4804.03 1557.77 809.493
 11681.5 19575.3 4229.14 811.54 399.614
 30749.5 3923.79 5344.42 1140.49 326.4
 26519.9 12136.4 1261.95 1698.07 465.766
 9751.46 8402.26 3133.03 321.834 551.48
 26147 4557.13 3209.94 1182.7 329.455
 22958.9 9090.81 1292.14 899.203 423.326
 7662.51 9206.52 2978.77 418.352 427.913
F
 0.109047 0.133029 0.134587 0.13467 0.134674
 0.198979 0.24274 0.245583 0.245734 0.245742
 0.194231 0.236948 0.239723 0.239871 0.239878
 0.29631 0.361476 0.365709 0.365934 0.365946
 0.101183 0.123436 0.124881 0.124958 0.124962
 0.195532 0.238534 0.241328 0.241476 0.241484
 0.436635 0.532663 0.5389 0.539233 0.53925
 0.0702613 0.0857136 0.0867174 0.0867708 0.0867737
 0.272831 0.332834 0.336732 0.33694 0.33695
 0.357363 0.435957 0.441062 0.441334 0.441349
 0.0837087 0.102118 0.103314 0.103378 0.103381
 0.366388 0.446966 0.452201 0.45248 0.452494
 0.342767 0.418151 0.423047 0.423308 0.423322
 0.569256 0.694451 0.702583 0.703017 0.703039
 0.386437 0.471424 0.476945 0.477239 0.477255
 0.310406 0.378672 0.383106 0.383343 0.383355
 0.20289 0.247511 0.250409 0.250563 0.250572
 0.204057 0.248935 0.25185 0.252005 0.252013
 0.291676 0.355823 0.35999 0.360212 0.360223
 0.256313 0.312683 0.316344 0.31654 0.31655
 0.195597 0.238614 0.241409 0.241557 0.241565
 0.24932 0.304152 0.307714 0.307904 0.307914
 0.148083 0.18065 0.182766 0.182878 0.182884
 0.129011 0.157384 0.159227 0.159325 0.15933
 0.130689 0.159431 0.161299 0.161398 0.161403
 0.105034 0.128134 0.129635 0.129715 0.129719
 0.123787 0.151011 0.152779 0.152873 0.152878
 0.108941 0.1329 0.134456 0.134539 0.134543
 0.109651 0.133766 0.135332 0.135416 0.13542
nmprior
 8 9 7.5 0
nm_flota  nm_reclas  nm_pelaces    nm_pelaL
inf 11.7891 15.7593 20.7631
cv_recla  cv_pelaces  cv_mph
0.344952 0.507896 0.883054
 ------------------------------------------------
Talla a la edad & desviación 
 8 13.2811 15.8009 17.003 17.5766
 0.8 1.32811 1.58009 1.7003 1.75766
