years
 1991 1992 1993 1994 1995 1996 1997 1998 1999 2000 2001 2002 2003 2004 2005 2006 2007 2008 2009 2010 2011 2012 2013 2014 2015 2016 2017 2018
reclasobs
 0 0 0 0 0 0 0 0 0 252601 567819 844713 477998 351125 339783 2.1784e+06 2.13404e+06 4.81314e+06 1.55562e+06 2.62356e+06 3.21686e+06 3.843e+06 1.13348e+06 3.07943e+06 1.97215e+06 2.03268e+06 2.025e+06 2.42433e+06
reclaspred
 3.29002e+06 1.83849e+06 925247 923922 916526 1.48981e+06 911484 793760 573699 408724 496390 652557 639646 492802 498906 1.40988e+06 1.3405e+06 3.03072e+06 2.51838e+06 1.9205e+06 3.39257e+06 2.74108e+06 2.14593e+06 3.31187e+06 2.49659e+06 2.19895e+06 2.32436e+06 2.35822e+06
pelacesobs
 0 0 0 0 0 0 0 0 0 0 0 0 0 0 0 552880 188675 0 991730 2.46772e+06 1.41603e+06 1.21717e+06 2.29649e+06 1.80582e+06 0 1.4828e+06 1.56532e+06 1.57751e+06
pelacespred
 1.49771e+06 927085 465006 380090 396419 665752 371326 408328 280550 187834 238892 260921 281693 226438 237119 562838 537400 1.40285e+06 1.19968e+06 845691 1.4575e+06 1.27648e+06 998437 1.68804e+06 1.22384e+06 1.07538e+06 1.28689e+06 1.29581e+06
mphobs
 0 0 0 0 0 0 0 0 0 0 0 498337 0 5186 125008 0 168611 109162 213762 579715 649985 157893 87575 83554 0 0 0 0
mphpred
 2.8445e+06 1.9004e+06 942211 511658 555036 633910 847845 505806 448570 300419 193924 336571 362398 303154 200307 258246 929947 866312 1.71878e+06 1.30809e+06 1.44027e+06 1.77414e+06 1.67192e+06 1.36155e+06 1.90188e+06 1.57812e+06 1.28788e+06 1.20442e+06
desembarqueobs
 494567 514787 250237 358949 120608 361735 552515 73892 212993 205616 52469 317467 293654 387597 252695 516296 358380 742168 942051 627588 828172 859565 418607 520667 417249 300574 407403 355545
desembarquepred
 494575 513632 250804 358977 120613 361746 552555 73896.6 213045 205664 52471.7 317532 293701 387620 252684 516247 358402 742068 941827 627447 828226 859559 418611 520686 417243 300569 407400 355544
Reclutas
 188847 109114 104040 173523 137540 243189 99563.4 43520.7 41671.3 55623.5 104116 142094 117735 83192.7 81281.2 463894 92856.2 690953 413788 329399 464708 621288 126432 380347 326033 142245 265211 306309
log_desv_Rt
 0.101683 -0.446862 -0.494486 0.0170513 -0.215341 0.354581 -0.538462 -1.36602 -1.40944 -1.12065 -0.49375 -0.182766 -0.370822 -0.718097 -0.741342 1.0004 -0.608205 1.39881 0.886097 0.658013 1.00215 1.29254 -0.299553 0.801828 0.647741 -0.181708 0.44127 0.585339
SSB
 2.8445e+06 1.9004e+06 942211 511658 555036 633910 847845 505806 448570 300419 193924 336571 362398 303154 200307 258246 929947 866312 1.71878e+06 1.30809e+06 1.44027e+06 1.77414e+06 1.67192e+06 1.36155e+06 1.90188e+06 1.57812e+06 1.28788e+06 1.20442e+06
BT
 3.87048e+06 2.64416e+06 1.31942e+06 1.17695e+06 1.00917e+06 1.84428e+06 1.34911e+06 1.00727e+06 858281 631699 596100 867367 916716 926160 800031 1.71428e+06 1.5187e+06 3.89245e+06 3.67162e+06 2.50693e+06 4.03585e+06 3.74335e+06 2.66777e+06 4.37883e+06 3.20534e+06 2.74617e+06 3.38555e+06 3.34861e+06
Ftot
 0.146545 0.267693 0.261621 0.389313 0.132748 0.249916 0.571606 0.0936314 0.367102 0.491586 0.112189 0.48551 0.457137 0.764542 0.51977 0.390517 0.261793 0.258404 0.371685 0.327198 0.24868 0.31653 0.191231 0.164195 0.167365 0.13606 0.18037 0.157572
BD_Bspro_t
 0.976826 0.831648 0.660611 0.565235 0.55437 0.633539 0.628631 0.454624 0.510496 0.461536 0.423891 0.646806 0.528745 0.437054 0.327803 0.388572 0.58531 0.554741 0.65343 0.558699 0.535814 0.583936 0.597351 0.587393 0.693907 0.70339 0.707661 0.721762
BD_Bspro
 2.35164 1.57111 0.778953 0.423003 0.458865 0.524073 0.700938 0.418165 0.370846 0.248365 0.160323 0.278253 0.299605 0.250626 0.1656 0.2135 0.768815 0.716206 1.42097 1.08143 1.19071 1.46673 1.38222 1.12564 1.57234 1.30468 1.06473 0.99573
BD_Bo
 1.56971 1.04871 0.51995 0.282353 0.306291 0.349817 0.467875 0.279124 0.247539 0.165783 0.107015 0.185733 0.199986 0.167293 0.110538 0.142511 0.513182 0.478066 0.948494 0.721855 0.794797 0.979041 0.922631 0.75136 1.04953 0.870872 0.710702 0.664647
BD_Brms
 10.4494 6.98116 3.46124 1.87959 2.03894 2.32869 3.11458 1.85809 1.64784 1.1036 0.712386 1.2364 1.33128 1.11364 0.735834 0.948675 3.41619 3.18242 6.314 4.80529 5.29086 6.51735 6.14183 5.0017 6.98662 5.79728 4.73105 4.42447
Sel_flota
 0.847269 1 1 1 1
 0.847269 1 1 1 1
 0.847269 1 1 1 1
 0.847269 1 1 1 1
 0.847269 1 1 1 1
 0.847269 1 1 1 1
 0.847269 1 1 1 1
 0.847269 1 1 1 1
 0.847269 1 1 1 1
 0.847269 1 1 1 1
 0.847269 1 1 1 1
 0.847269 1 1 1 1
 0.847269 1 1 1 1
 0.847269 1 1 1 1
 0.847269 1 1 1 1
 0.847269 1 1 1 1
 0.847269 1 1 1 1
 0.847269 1 1 1 1
 0.847269 1 1 1 1
 0.847269 1 1 1 1
 0.847269 1 1 1 1
 0.847269 1 1 1 1
 0.847269 1 1 1 1
 0.847269 1 1 1 1
 0.847269 1 1 1 1
 0.847269 1 1 1 1
 0.847269 1 1 1 1
 0.847269 1 1 1 1
Sel_reclas
 1 1 1 1 1
 1 1 1 1 1
 1 1 1 1 1
 1 1 1 1 1
 1 1 1 1 1
 1 1 1 1 1
 1 1 1 1 1
 1 1 1 1 1
 1 1 1 1 1
 1 1 1 1 1
 1 1 1 1 1
 1 1 1 1 1
 1 1 1 1 1
 1 1 1 1 1
 1 1 1 1 1
 1 1 1 1 1
 1 1 1 1 1
 1 1 1 1 1
 1 1 1 1 1
 1 1 1 1 1
 1 1 1 1 1
 1 1 1 1 1
 1 1 1 1 1
 1 1 1 1 1
 1 1 1 1 1
 1 1 1 1 1
 1 1 1 1 1
 1 1 1 1 1
Sel_pelaces
 1 1 1 1 1
 1 1 1 1 1
 1 1 1 1 1
 1 1 1 1 1
 1 1 1 1 1
 1 1 1 1 1
 1 1 1 1 1
 1 1 1 1 1
 1 1 1 1 1
 1 1 1 1 1
 1 1 1 1 1
 1 1 1 1 1
 1 1 1 1 1
 1 1 1 1 1
 1 1 1 1 1
 1 1 1 1 1
 1 1 1 1 1
 1 1 1 1 1
 1 1 1 1 1
 1 1 1 1 1
 1 1 1 1 1
 1 1 1 1 1
 1 1 1 1 1
 1 1 1 1 1
 1 1 1 1 1
 1 1 1 1 1
 1 1 1 1 1
 1 1 1 1 1
pf_obs 
 0.8446 0.082 0.0669 0.0065 0
 0.8095 0.147 0.0364 0.0071 0
 0.9664 0.0169 0.016 0.0007 0
 0.9276 0.0648 0.0075 0.0001 0
 0.7033 0.2144 0.0806 0.0017 0
 0.9318 0.0425 0.0243 0.0014 0
 0.5671 0.3108 0.0964 0.0239 0.0018
 0.0768 0.2599 0.5324 0.112 0.0189
 0.490249 0.384438 0.106611 0.0170017 0.00170017
 0.7925 0.1577 0.0466 0.003 0.0002
 0.840416 0.127587 0.0312969 0.00059994 9.999e-05
 0.8084 0.0986 0.0794 0.0134 0.0002
 0.7335 0.1905 0.0724 0.0035 0.0001
 0.4001 0.4547 0.1325 0.0127 0
 0.49795 0.308269 0.164784 0.0264974 0.00249975
 0.9179 0.0499 0.0305 0.0017 0
 0.2467 0.6533 0.0926 0.0074 0
 0.9418 0.0223 0.034 0.0019 0
 0.707729 0.231977 0.0356964 0.0245975 0
 0.517169 0.277429 0.184464 0.0207286 0.00020938
 0.811772 0.124168 0.05621 0.00726502 0.000585176
 0.764997 0.148141 0.077277 0.00933861 0.000247198
 0.163321 0.427699 0.378323 0.0303852 0.000271297
 0.753843 0.0900009 0.118128 0.0371064 0.000921714
 0.721811 0.176058 0.0630433 0.0369309 0.00215725
 0.143369 0.312575 0.442814 0.0836902 0.0175525
 0.692698 0.0596174 0.167031 0.0765114 0.00414204
 0.394062 0.376323 0.152708 0.0712218 0.00568511
pf_pred 
 0.472706 0.126036 0.377887 0.0233697 8.04768e-07
 0.442082 0.288679 0.0643546 0.192951 0.0119331
 0.578063 0.206497 0.111473 0.0248505 0.0791159
 0.753674 0.153593 0.0453841 0.0244996 0.0228498
 0.668921 0.261298 0.0435105 0.0128566 0.0134134
 0.765891 0.165524 0.0541296 0.00901348 0.005442
 0.49007 0.406928 0.0728259 0.0238155 0.00636
 0.472494 0.287475 0.191547 0.0342801 0.014204
 0.557366 0.228399 0.116752 0.0777924 0.0196908
 0.723499 0.167546 0.0562206 0.0287385 0.0239956
 0.834149 0.126687 0.0237317 0.00796324 0.00746939
 0.752965 0.211726 0.0269708 0.00505231 0.0032855
 0.700349 0.236776 0.0538888 0.00686463 0.00212215
 0.649935 0.25983 0.0713009 0.0162277 0.00270621
 0.756902 0.17075 0.0536988 0.0147356 0.00391304
 0.943175 0.0451325 0.00821277 0.00258281 0.000896967
 0.383301 0.587767 0.0229785 0.00418141 0.00177168
 0.903142 0.0415554 0.0527084 0.00206061 0.000533846
 0.617199 0.351601 0.0133859 0.0169785 0.000835731
 0.629543 0.245719 0.114572 0.00436188 0.00580489
 0.745788 0.171335 0.0549714 0.0256316 0.00227448
 0.751345 0.193914 0.0368947 0.0118374 0.0060092
 0.327684 0.528417 0.11222 0.0213513 0.010328
 0.75241 0.0914167 0.122747 0.0260677 0.00735884
 0.64267 0.280329 0.028431 0.0381749 0.0103958
 0.443723 0.379974 0.138312 0.0140276 0.0239643
 0.703959 0.144466 0.103535 0.0376872 0.010352
 0.698561 0.223203 0.0381787 0.0273617 0.0126955
pobs_RECLAS
 0 0 0 0 0
 0 0 0 0 0
 0 0 0 0 0
 0 0 0 0 0
 0 0 0 0 0
 0 0 0 0 0
 0 0 0 0 0
 0 0 0 0 0
 0 0 0 0 0
 0 0 0 0 0
 0.991045 0.00858322 0.000360255 1.14367e-05 0
 0.934742 0.0480273 0.0164251 0.00080598 0
 0.827803 0.169806 0.00239088 0 0
 0.941827 0.0461693 0.0120037 0 0
 0.791401 0.0380133 0.147996 0.0225897 0
 0.846168 0.0940531 0.0597789 0 0
 0.134021 0.677848 0.182769 0.00536245 0
 0.80878 0.0450904 0.141981 0.00414843 0
 0.846168 0.0940531 0.0597789 0 0
 0.905697 0.0802665 0.012482 0.00150086 5.37128e-05
 0.989698 0.0102097 9.19794e-05 0 0
 0.975433 0.0193895 0.00387452 0.00125025 5.28907e-05
 0.303575 0.632131 0.0575291 0.00676475 0
 0.966965 0.00978017 0.0227588 0.000495775 0
 0.843318 0.132988 0.00938335 0.0141283 0.000182051
 0.564624 0.303363 0.111486 0.0197234 0.00080311
 0.826376 0.0876187 0.0782897 0.00655872 0.00115652
 0.89761 0.0855135 0.0140674 0.00269457 0.000114338
ppred_RECLAS
 0.514627 0.116016 0.347844 0.0215118 7.40787e-07
 0.484296 0.266837 0.0594853 0.178352 0.0110302
 0.618832 0.186545 0.100702 0.0224493 0.0714713
 0.784245 0.134531 0.0397515 0.021459 0.0200139
 0.704934 0.232876 0.0387777 0.0114582 0.0119544
 0.794915 0.145003 0.0474189 0.00789602 0.00476732
 0.534127 0.371771 0.066534 0.0217579 0.00581052
 0.514214 0.264739 0.176397 0.0315689 0.0130806
 0.599239 0.206793 0.105707 0.0704333 0.017828
 0.75702 0.147234 0.0494047 0.0252544 0.0210865
 0.856018 0.109982 0.0206024 0.00691321 0.00648448
 0.783957 0.185164 0.0235871 0.00441846 0.00287331
 0.735499 0.209001 0.0475674 0.00605938 0.00187321
 0.690047 0.230058 0.0631309 0.0143682 0.00239612
 0.787674 0.149137 0.0469016 0.0128704 0.00341773
 0.951735 0.038334 0.00697564 0.00219375 0.000761853
 0.424143 0.548841 0.0214567 0.00390448 0.00165434
 0.917006 0.0356073 0.0451639 0.00176567 0.000457433
 0.656917 0.31512 0.011997 0.0152169 0.000749019
 0.668469 0.2199 0.102533 0.00390356 0.00519494
 0.776573 0.150586 0.0483143 0.0225276 0.00199904
 0.781871 0.170108 0.0323653 0.0103842 0.00527149
 0.365831 0.498435 0.105852 0.0201398 0.00974196
 0.782381 0.0803504 0.107888 0.0229122 0.00646803
 0.680292 0.250814 0.0254376 0.0341556 0.00930127
 0.485399 0.351506 0.127949 0.0129766 0.0221689
 0.737803 0.127951 0.0916989 0.0333787 0.00916859
 0.732715 0.197914 0.033853 0.0242615 0.0112571
pobs_PELACES
 0 0 0 0 0
 0 0 0 0 0
 0 0 0 0 0
 0 0 0 0 0
 0 0 0 0 0
 0 0 0 0 0
 0 0 0 0 0
 0 0 0 0 0
 0 0 0 0 0
 0 0 0 0 0
 0 0 0 0 0
 0 0 0 0 0
 0 0 0 0 0
 0 0 0 0 0
 0 0 0 0 0
 0 0 0 0 0
 0.505614 0.472636 0.0217494 0 0
 0 0 0 0 0
 0.443492 0.261883 0.143347 0.151278 0
 0.227955 0.32914 0.350689 0.0885471 0.00366901
 0.970185 0.0296113 0.000203453 0 0
 0.997202 0.00247181 0.000326279 0 0
 0.445219 0.490057 0.0546422 0.010081 0
 0.90214 0.0892962 0.00764917 0.000914606 0
 0 0 0 0 0
 0.581667 0.319106 0.0959925 0.00289975 0.000334073
 0.762889 0.0836404 0.116647 0.0363945 0.000428098
 0.88444 0.0763242 0.0277011 0.0115352 0
ppred_PELACES
 0.516472 0.115575 0.346522 0.02143 7.37972e-07
 0.487667 0.265093 0.0590965 0.177186 0.0109581
 0.621938 0.185025 0.0998818 0.0222664 0.070889
 0.787547 0.132472 0.0391432 0.0211306 0.0197077
 0.706323 0.231779 0.0385951 0.0114042 0.0118981
 0.796961 0.143557 0.0469458 0.00781726 0.00471977
 0.541288 0.366056 0.0655112 0.0214235 0.0057212
 0.515393 0.264097 0.175969 0.0314923 0.0130489
 0.603674 0.204504 0.104537 0.0696539 0.0176307
 0.761549 0.14449 0.048484 0.0247838 0.0206935
 0.856713 0.109451 0.0205029 0.00687981 0.00645316
 0.788073 0.181636 0.0231378 0.00433429 0.00281857
 0.739957 0.205478 0.0467657 0.00595725 0.00184164
 0.698227 0.223986 0.0614647 0.013989 0.00233288
 0.792022 0.146083 0.0459411 0.0126068 0.00334773
 0.952631 0.0376223 0.00684613 0.00215302 0.000747707
 0.427369 0.545767 0.0213365 0.00388261 0.00164508
 0.917991 0.0351844 0.0446275 0.00174469 0.000452
 0.661127 0.311254 0.0118498 0.0150302 0.000739829
 0.672114 0.217482 0.101406 0.00386064 0.00513783
 0.77874 0.149125 0.0478457 0.0223091 0.00197965
 0.784579 0.167996 0.0319634 0.0102552 0.00520603
 0.36807 0.496675 0.105479 0.0200687 0.00970757
 0.783787 0.0798314 0.107191 0.0227642 0.00642625
 0.682124 0.249377 0.0252918 0.0339599 0.00924798
 0.487112 0.350336 0.127523 0.0129334 0.0220951
 0.739558 0.127094 0.0910852 0.0331553 0.00910722
 0.734267 0.196764 0.0336563 0.0241206 0.0111917
pobs_pel_tallas
 0 0 0 0 0 0 0 0 0 0 0 0 0 0 0 0 0 0 0 0 0 0 0 0 0 0
 0 0 0 0 0 0 0 0 0 0 0 0 0 0 0 0 0 0 0 0 0 0 0 0 0 0
 0 0 0 0 0 0 0 0 0 0 0 0 0 0 0 0 0 0 0 0 0 0 0 0 0 0
 0 0 0 0 0 0 0 0 0 0 0 0 0 0 0 0 0 0 0 0 0 0 0 0 0 0
 0 0 0 0 0 0 0 0 0 0 0 0 0 0 0 0 0 0 0 0 0 0 0 0 0 0
 0 0 0 0 0 0 0 0 0 0 0 0 0 0 0 0 0 0 0 0 0 0 0 0 0 0
 0 0 0 0 0 0 0 0 0 0 0 0 0 0 0 0 0 0 0 0 0 0 0 0 0 0
 0 0 0 0 0 0 0 0 0 0 0 0 0 0 0 0 0 0 0 0 0 0 0 0 0 0
 0 0 0 0 0 0 0 0 0 0 0 0 0 0 0 0 0 0 0 0 0 0 0 0 0 0
 0 0 0 0 0 0 0 0 0 0 0 0 0 0 0 0 0 0 0 0 0 0 0 0 0 0
 0 0 0 0 0 0 0 0 0 0 0 0 0 0 0 0 0 0 0 0 0 0 0 0 0 0
 0 0 0 0 0 0 0 0 0 0 0 0 0 0 0 0 0 0 0 0 0 0 0 0 0 0
 0.00862536 0 0 0.000197151 0.00414017 0.0128641 0.00837892 0.0270097 0.101434 0.158115 0.152841 0.127902 0.109271 0.109419 0.0830992 0.0579132 0.0238553 0.00714673 0.00463305 0.00128148 0.00103504 0.000492878 0.000147863 0.000147863 4.92878e-05 0
 0 0 0 0 0 0 0 0 0 0 0 0 0 0 0 0 0 0 0 0 0 0 0 0 0 0
 0 0 0 0 0 0 0 0.0054083 0.00873648 0.0413646 0.0450493 0.0745869 0.0622846 0.0627006 0.0613931 0.0827291 0.12552 0.122667 0.0946155 0.0697135 0.0546179 0.0294188 0.0215738 0.0213955 0.0102223 0.00600262
 0 0 0 0 0.00359764 0.0251062 0.0480494 0.140153 0.205849 0.193036 0.1447 0.116669 0.0760912 0.0342217 0.00950174 0.001854 0.000860785 0 0 0 0.000165536 0 0.000143464 0 0 0
 0 0 0 0 0 0 0 0.000145254 0.000435761 0.0275982 0.070085 0.0708112 0.156366 0.174668 0.174014 0.160142 0.0824315 0.0480064 0.0283245 0.00493863 0.00203355 0 0 0 0 0
 0 0 0 0 0 0 0 0 0 0 0 0 0 0 0 0 0 0 0 0 0 0 0 0 0 0
 0 0 1.00437e-05 0.000401748 0.00122533 0.00171747 0.00176769 0.0269171 0.070346 0.194647 0.189555 0.159765 0.064822 0.0314167 0.0384472 0.0292271 0.0345202 0.0313363 0.0194345 0.0106764 0.0143323 0.0359363 0.0279516 0.0138201 0.00172751 0
 0 0.0021121 0.0136068 0.0755702 0.200478 0.177729 0.0527432 0.0373336 0.0318909 0.0142505 0.0149659 0.0166563 0.0217959 0.0798694 0.0677717 0.0528807 0.04013 0.0224614 0.0357745 0.0225083 0.00881397 0.00855152 0.00135912 0.000746735 0 0
 0 0 0 0 5.4009e-05 0.00500934 0.000945158 0.0243581 0.138947 0.33067 0.221406 0.137944 0.0707744 0.0437923 0.0131692 0.00525238 0.0047753 0.00276346 9.45158e-05 9.00151e-06 2.25038e-05 9.00151e-06 4.50075e-06 0 0 0
 0.000866109 0.00284123 0.00948549 0.0512746 0.133035 0.25785 0.225252 0.132002 0.0553304 0.0519788 0.0540692 0.017754 0.00435017 0.00159236 0.00146478 0.000404838 0.000125132 0.000115318 0.000107957 0.000100596 0 0 0 0 0 0
 0 0 0 0 0.00144013 0.00171154 0.00461396 0.0210425 0.0478622 0.0707936 0.0888783 0.103762 0.0637923 0.0337046 0.0602308 0.124433 0.169614 0.0934646 0.0462172 0.0250306 0.0313229 0.00938855 0.002487 0.000210481 0 0
 0 0.00764035 0.051015 0.0998891 0.058973 0.0496711 0.0374665 0.0718981 0.12319 0.153886 0.159021 0.0857701 0.0377988 0.023471 0.0147837 0.00900784 0.00315554 0.000888139 0.00291439 0.00214683 0.00393193 0.00274676 0.000635225 9.99891e-05 0 0
 0 0 0 0 0 0 0 0 0 0 0 0 0 0 0 0 0 0 0 0 0 0 0 0 0 0
 0 0 0 0 0 0 0 0 0 0 0 0 0 0 0 0 0 0 0 0 0 0 0 0 0 0
 0 0 0 0 0 0 0 0 0 0 0 0 0 0 0 0 0 0 0 0 0 0 0 0 0 0
 0 0 0 0 0 0 0 0 0 0 0 0 0 0 0 0 0 0 0 0 0 0 0 0 0 0
ppred_pel_tallas
 1.12179e-16 4.25412e-05 0.000413515 0.00274795 0.0124918 0.0388667 0.0828101 0.120866 0.120878 0.0828673 0.0390602 0.0130573 0.0041922 0.00364799 0.00642423 0.0111746 0.0175365 0.0250497 0.0331595 0.0414302 0.0494821 0.0566319 0.0616525 0.0630747 0.0599468 0.0524958
 1.21397e-16 4.01685e-05 0.000390452 0.00259469 0.0117951 0.0366991 0.0781923 0.114129 0.114155 0.0783177 0.0371204 0.0130132 0.00565776 0.00709647 0.0128361 0.0213243 0.0311351 0.0401106 0.046159 0.0485224 0.048297 0.0476453 0.0482811 0.0503948 0.0527053 0.0533874
 1.1716e-16 5.12282e-05 0.000497957 0.0033091 0.0150427 0.0468035 0.0997204 0.145549 0.145567 0.0998083 0.0470989 0.0158976 0.0054619 0.0052203 0.00908778 0.0151244 0.0222182 0.0288834 0.0336617 0.035958 0.0363906 0.0362832 0.0367015 0.0378 0.0388859 0.0389781
 1.06618e-16 6.48692e-05 0.000630552 0.00419024 0.0190482 0.0592662 0.126273 0.184302 0.184315 0.126336 0.0594765 0.0196563 0.00571884 0.00397475 0.00643796 0.0105994 0.0154053 0.0196849 0.0223025 0.0227699 0.021537 0.0196578 0.0180969 0.0172211 0.016781 0.0162534
 1.04331e-16 5.8179e-05 0.00056552 0.00375808 0.0170837 0.0531539 0.113251 0.165298 0.16532 0.11336 0.0535207 0.0181433 0.00641834 0.00637508 0.0110983 0.0182736 0.0263623 0.0332486 0.0368194 0.0361131 0.031889 0.0260982 0.0206921 0.0166976 0.014096 0.0123068
 1.02975e-16 6.56446e-05 0.000638089 0.00424033 0.0192759 0.0599746 0.127783 0.186506 0.186519 0.127851 0.0602025 0.0199347 0.00589614 0.00425963 0.00696386 0.0114617 0.0166284 0.0211697 0.0238058 0.0239383 0.0219779 0.0190124 0.0160965 0.0137356 0.0118688 0.0101952
 1.05101e-16 4.45852e-05 0.000433384 0.00287999 0.0130921 0.0407344 0.0867903 0.12668 0.126716 0.0869628 0.0413138 0.0147658 0.00708265 0.00961201 0.0174889 0.0288752 0.04167 0.0525685 0.0582277 0.0571065 0.0503667 0.041043 0.032179 0.0253914 0.0206972 0.017278
 1.10513e-16 4.24523e-05 0.000412651 0.00274221 0.0124657 0.0387856 0.0826378 0.120618 0.120643 0.0827634 0.0392079 0.0136884 0.00582211 0.00717217 0.012986 0.0216787 0.0318737 0.0414416 0.0482037 0.0511116 0.0507496 0.0486771 0.0461991 0.043614 0.0404164 0.0360469
 1.13038e-16 4.97238e-05 0.000483334 0.00321192 0.0146009 0.0454291 0.0967922 0.141275 0.141295 0.0968892 0.0457554 0.0155455 0.00559017 0.00569935 0.0100283 0.0166933 0.0245045 0.03181 0.036972 0.0392893 0.0393817 0.0386334 0.0381483 0.03807 0.037701 0.0361513
 1.07424e-16 6.27278e-05 0.000609737 0.00405191 0.0184194 0.0573097 0.122105 0.178219 0.178233 0.122173 0.0575394 0.0190834 0.00572137 0.0042636 0.00703032 0.011599 0.0168854 0.0216308 0.0246075 0.0252852 0.0241419 0.0222967 0.0207592 0.0198884 0.0193892 0.0186953
 1.02402e-16 7.05664e-05 0.00068593 0.00455825 0.0207211 0.0644712 0.137363 0.200488 0.200498 0.137415 0.0646445 0.0212218 0.00581547 0.00343221 0.00529155 0.00865054 0.012489 0.0157804 0.0175319 0.0172944 0.0154256 0.0128371 0.0104315 0.00866959 0.00751986 0.0066938
 1.01626e-16 6.49126e-05 0.000630973 0.00419304 0.019061 0.0593058 0.126358 0.184427 0.184444 0.126444 0.059593 0.0198903 0.00627446 0.00517403 0.00869091 0.0142596 0.0205221 0.0257792 0.0283441 0.0274377 0.0236483 0.0185284 0.013666 0.00995291 0.00746986 0.0058408
 1.02312e-16 6.09493e-05 0.000592449 0.00393703 0.0178972 0.0556849 0.118643 0.173168 0.173187 0.11874 0.0560104 0.0188377 0.00629903 0.00575293 0.00987395 0.016259 0.0234893 0.0296897 0.0329824 0.0324872 0.0288192 0.0236289 0.0185741 0.0145418 0.0115698 0.00927325
 1.03629e-16 5.75121e-05 0.000559038 0.00371501 0.0168879 0.0525446 0.111953 0.163403 0.163424 0.112058 0.0528998 0.0179145 0.0062942 0.00619722 0.0107883 0.0178039 0.0257812 0.0327123 0.0365809 0.0364447 0.0329629 0.0278828 0.0229234 0.0189476 0.0159106 0.0133534
 1.03195e-16 6.52378e-05 0.000634135 0.00421405 0.0191565 0.059603 0.126991 0.18535 0.185364 0.12706 0.0598348 0.0198268 0.0058987 0.00431861 0.00708297 0.0116595 0.0169146 0.0215338 0.0242184 0.0243657 0.0224023 0.0194416 0.0165574 0.0142534 0.0124469 0.0108068
 1.0055e-16 7.8467e-05 0.000762727 0.00506859 0.0230411 0.0716893 0.152742 0.222932 0.222936 0.15276 0.0717489 0.0232131 0.00550057 0.00170621 0.00187169 0.00297372 0.00428474 0.00540637 0.0059909 0.00587996 0.00519301 0.00424168 0.00333814 0.00264767 0.00217107 0.00182337
 1.01424e-16 3.52019e-05 0.000342175 0.00227388 0.0103368 0.0321618 0.068526 0.100027 0.100079 0.0687825 0.0330229 0.0128228 0.00850959 0.0139399 0.0258157 0.0425074 0.0609587 0.0760854 0.0827292 0.078512 0.0652821 0.0479336 0.0315802 0.0192542 0.0114381 0.0070444
 1.01549e-16 7.56137e-05 0.000734993 0.00488428 0.0222032 0.0690826 0.147188 0.214826 0.214829 0.147205 0.0691395 0.0223684 0.00530185 0.00165624 0.00185356 0.00301824 0.00451119 0.00602649 0.00729402 0.00816734 0.00866727 0.00889246 0.00888328 0.0085731 0.00786564 0.00675335
 1.02055e-16 5.44562e-05 0.000529334 0.00351761 0.0159906 0.0497527 0.106005 0.154723 0.154753 0.106151 0.0502439 0.0174087 0.00707494 0.00828744 0.0147665 0.0242686 0.0348223 0.0435167 0.0474309 0.0452352 0.0380051 0.0285337 0.0197066 0.0131853 0.00915022 0.00688787
 1.04239e-16 5.53612e-05 0.00053813 0.00357607 0.0162563 0.0505795 0.107766 0.157292 0.157313 0.107869 0.0509256 0.0172575 0.00609448 0.00605292 0.0105788 0.0175304 0.0255472 0.0327455 0.0372156 0.0380314 0.0357263 0.0317915 0.0276453 0.0239267 0.0205368 0.0171502
 1.03992e-16 6.41438e-05 0.000623501 0.00414338 0.0188352 0.0586035 0.124861 0.182242 0.182256 0.124932 0.0588403 0.0195199 0.00586426 0.00438812 0.00723738 0.0119256 0.0173206 0.0220951 0.0249402 0.0252574 0.0234917 0.0207731 0.0181673 0.0161355 0.0145286 0.0129539
 1.02875e-16 6.46248e-05 0.000628176 0.00417445 0.0189765 0.0590429 0.125798 0.183609 0.183625 0.125877 0.0593089 0.0197449 0.00610405 0.00484306 0.00807706 0.013271 0.0191593 0.0241969 0.0268547 0.0264322 0.0234653 0.0193419 0.0154451 0.0124955 0.0104761 0.0089886
 1.06827e-16 3.03175e-05 0.000294697 0.00195837 0.00890249 0.0276992 0.0590179 0.0861484 0.0861963 0.0592521 0.0284858 0.0111752 0.00766582 0.0127632 0.023737 0.0392639 0.0567212 0.0716692 0.0795847 0.0783633 0.0695325 0.0571293 0.0451969 0.0358754 0.0291995 0.0241374
 1.06485e-16 6.45595e-05 0.000627541 0.00417023 0.0189573 0.0589832 0.12567 0.183421 0.183429 0.125709 0.0591127 0.0193334 0.00512183 0.00273013 0.00413197 0.00692317 0.010422 0.0140611 0.0172869 0.0198198 0.0217376 0.0232453 0.0243471 0.0247369 0.0240038 0.0219549
 1.05765e-16 5.61857e-05 0.000546145 0.00362932 0.0164984 0.0513328 0.109371 0.159635 0.159659 0.109488 0.051727 0.0176371 0.0064876 0.00678578 0.011907 0.0195994 0.0282425 0.0355607 0.0392915 0.0384367 0.0338784 0.0277923 0.0223298 0.0185822 0.0164313 0.0150952
 1.08806e-16 4.01229e-05 0.000390008 0.00259175 0.0117817 0.0366575 0.0781039 0.114002 0.114036 0.0782695 0.0372141 0.013391 0.00663721 0.00924131 0.0169091 0.0280445 0.0407551 0.0520047 0.058703 0.0594016 0.0550889 0.0483734 0.0417585 0.0364034 0.0321032 0.0280986
 1.07528e-16 6.09164e-05 0.000592129 0.00393491 0.0178875 0.0556548 0.118579 0.173072 0.173084 0.118639 0.0558584 0.0184772 0.00542119 0.00385723 0.00632259 0.010516 0.01552 0.0203158 0.0239002 0.0258134 0.0263582 0.0262593 0.0260562 0.0257472 0.0249184 0.0231539
 1.05335e-16 6.04806e-05 0.000587893 0.00390676 0.0177596 0.0552567 0.117731 0.171836 0.171855 0.117824 0.0555682 0.0186596 0.00616685 0.005525 0.00944713 0.0155504 0.022465 0.0284077 0.0316142 0.031301 0.0281372 0.0237775 0.0198357 0.0170955 0.0154226 0.0142096
pSPR Fmed_Fpbrs
0.60555   0.200221 0.200221
Fs Fmed_Fpbrs
0.264189   1.005 1.005
SSBpbr Bo_Bmed_Bpbrs
1.81212e+06  1.00672e+06  272218 272218
Ro
170589
SPR SPRFo_SPRFmed_SPRFpbrs
1.20959e+06 732465 242184
Fref
1.005
log_Ro
11.867
likeval ReclasPelacesDesembMPH_pf_preclas_ppelaces_ptallas_desvR_qrecl_qpela
 12.3537 17.5594 0.0525845 0.00260567 204.065 96.4144 65.5258 0 22.8449 0 0 0.269056 0 0 0
q_reclas_q_pelaces
1 1
M
1
N
 188847 43052.2 129081 7982.78 0.274898
 109114 61361.1 13679.1 41013.3 2536.48
 104040 31995.2 17271.9 3850.39 12258.4
 173523 30664.6 9060.87 4891.32 4561.92
 137540 45899.5 7643.04 2258.39 2356.19
 243189 45215.6 14786.4 2462.18 1486.57
 99563.4 72391.7 12955.6 4236.73 1131.43
 43520.7 22567.1 15036.6 2691.02 1115.03
 41671.3 14789.3 7559.91 5037.22 1275.02
 55623.5 11232.1 3768.97 1926.6 1608.64
 104116 13492.1 2527.4 848.077 795.484
 142094 34829.1 4436.7 831.107 540.466
 117735 34644.3 7884.84 1004.41 310.506
 83192.7 29403.6 8068.73 1836.4 306.247
 81281.2 16012.8 5035.81 1381.89 366.96
 463894 19250.3 3502.99 1101.64 382.583
 92856.2 122582 4792.31 872.056 369.493
 690953 27364.4 34708.7 1356.92 351.54
 413788 204207 7774.42 9860.98 485.386
 329399 111101 51803 1972.21 2624.66
 464708 91839.7 29466 13739.2 1219.18
 621288 138478 26347.3 8453.31 4291.3
 126432 174794 37120.9 7062.75 3416.37
 380347 39554.5 53110.6 11279.1 3184.05
 326033 121750 12347.9 16579.7 4515.01
 142245 104084 37886.8 3842.49 6564.39
 265211 46631.2 33419.3 12164.8 3341.46
 306309 83739 14323.5 10265.2 4762.97
pred_Ctot
 14080.8 3754.32 11256.4 696.128 0.0239721
 14257.5 9310.12 2075.48 6222.82 384.851
 13313.4 4755.87 2567.35 572.335 1822.13
 31655.2 6451.08 1906.19 1029.01 959.718
 9334.21 3646.19 607.152 179.403 187.172
 29845.8 6450.26 2109.36 351.244 212.068
 25122.7 20860.5 3733.3 1220.86 326.035
 2111.76 1284.84 856.096 153.211 63.4833
 7221.5 2959.24 1512.69 1007.91 255.123
 12388.2 2868.84 962.647 492.08 410.868
 6014.34 913.434 171.109 57.4162 53.8555
 31317.6 8806.2 1121.78 210.138 136.652
 24660.7 8337.36 1897.54 241.718 74.7252
 26409.8 10558.1 2897.28 659.404 109.966
 18965.4 4278.42 1345.51 369.225 98.0473
 84854.8 4060.44 738.879 232.368 80.6975
 11889.5 18231.8 712.764 129.702 54.9551
 87426 4022.65 5102.28 199.472 51.6774
 72492.4 41296.9 1572.22 1994.19 98.1598
 51562.8 20125.6 9384 357.261 475.45
 56774.1 13043.1 4184.77 1951.24 173.148
 94421.1 24369 4636.53 1487.59 755.173
 12113.5 19534.1 4148.45 789.298 381.796
 31581.9 3837.15 5152.22 1094.17 308.882
 27564.3 12023.4 1219.41 1637.33 445.88
 9883 8463.12 3080.6 312.435 533.756
 24056.6 4936.88 3538.13 1287.89 353.762
 24464.1 7816.73 1337.04 958.225 444.606
F
 0.124163 0.146545 0.146545 0.146545 0.146545
 0.226808 0.267693 0.267693 0.267693 0.267693
 0.221663 0.261621 0.261621 0.261621 0.261621
 0.329853 0.389313 0.389313 0.389313 0.389313
 0.112474 0.132748 0.132748 0.132748 0.132748
 0.211746 0.249916 0.249916 0.249916 0.249916
 0.484304 0.571606 0.571606 0.571606 0.571606
 0.079331 0.0936314 0.0936314 0.0936314 0.0936314
 0.311034 0.367102 0.367102 0.367102 0.367102
 0.416506 0.491586 0.491586 0.491586 0.491586
 0.0950543 0.112189 0.112189 0.112189 0.112189
 0.411358 0.48551 0.48551 0.48551 0.48551
 0.387318 0.457137 0.457137 0.457137 0.457137
 0.647773 0.764542 0.764542 0.764542 0.764542
 0.440385 0.51977 0.51977 0.51977 0.51977
 0.330873 0.390517 0.390517 0.390517 0.390517
 0.221809 0.261793 0.261793 0.261793 0.261793
 0.218937 0.258404 0.258404 0.258404 0.258404
 0.314918 0.371685 0.371685 0.371685 0.371685
 0.277225 0.327198 0.327198 0.327198 0.327198
 0.210699 0.24868 0.24868 0.24868 0.24868
 0.268186 0.31653 0.31653 0.31653 0.31653
 0.162024 0.191231 0.191231 0.191231 0.191231
 0.139117 0.164195 0.164195 0.164195 0.164195
 0.141803 0.167365 0.167365 0.167365 0.167365
 0.11528 0.13606 0.13606 0.13606 0.13606
 0.152822 0.18037 0.18037 0.18037 0.18037
 0.133506 0.157572 0.157572 0.157572 0.157572
nmprior
 8 9 7.5 0
nm_flota  nm_reclas  nm_pelaces    nm_pelaL
inf 10.376 16.1587 16.1587
cv_recla  cv_pelaces  cv_mph
0.342104 0.536037 1.57531
 ------------------------------------------------
Talla a la edad & desviación 
 8 13.2811 15.8009 17.003 17.5766
 0.8 1.32811 1.58009 1.7003 1.75766
