years
 1991 1992 1993 1994 1995 1996 1997 1998 1999 2000 2001 2002 2003 2004 2005 2006 2007 2008 2009 2010 2011 2012 2013 2014 2015 2016 2017 2018
reclasobs
 0 0 0 0 0 0 0 0 0 252601 567819 844713 477998 351125 339783 2.1784e+06 2.13404e+06 4.81314e+06 1.55562e+06 2.62356e+06 3.21686e+06 3.843e+06 1.13348e+06 3.07943e+06 1.97215e+06 2.03268e+06 2.025e+06 2.42433e+06
reclaspred
 3.17515e+06 1.78119e+06 896673 891471 883188 1.4245e+06 890982 782810 571214 414626 491531 639784 628901 490493 496378 1.329e+06 1.2717e+06 2.86059e+06 2.37364e+06 1.8085e+06 3.18886e+06 2.58305e+06 2.03509e+06 3.14457e+06 2.38105e+06 2.09505e+06 2.20316e+06 2.23221e+06
pelacesobs
 0 0 0 0 0 0 0 0 0 0 0 0 0 0 0 552880 188675 0 991730 2.46772e+06 1.41603e+06 1.21717e+06 2.29649e+06 1.80582e+06 0 1.4828e+06 1.56532e+06 1.57751e+06
pelacespred
 1.62384e+06 1.01179e+06 509639 414024 428638 713868 411661 450384 315535 216551 266346 289469 312874 256721 267435 596847 572630 1.48254e+06 1.26938e+06 896206 1.53202e+06 1.35119e+06 1.06061e+06 1.7926e+06 1.30763e+06 1.14658e+06 1.36483e+06 1.37294e+06
mphobs
 0 0 0 0 0 0 0 0 0 0 0 498337 0 5186 125008 0 168611 109162 213762 579715 649985 157893 87575 83554 0 0 0 0
mphpred
 3.08022e+06 2.05761e+06 1.02585e+06 555933 602965 683746 915808 562366 498310 341279 224663 374308 404535 341528 231132 293993 984104 923084 1.82297e+06 1.3879e+06 1.52365e+06 1.87005e+06 1.76941e+06 1.44845e+06 2.02454e+06 1.68657e+06 1.37456e+06 1.27957e+06
desembarqueobs
 494567 514787 250237 358949 120608 361735 552515 73892 212993 205616 52469 317467 293654 387597 252695 516296 358380 742168 942051 627588 828172 859565 418607 520667 417249 300574 407403 355545
desembarquepred
 494575 513580 250832 358976 120613 361746 552554 73896.2 213041 205660 52471.6 317531 293703 387630 252689 516257 358403 742077 941857 627462 828229 859569 418613 520686 417244 300572 407402 355545
Reclutas
 194478 113037 107583 182216 144672 255057 105204 46759.5 44761 59720.1 111831 149074 123435 87111.3 86248.6 475906 97263.3 719351 424162 338060 479680 645414 132072 399550 343357 148295 276403 320656
log_desv_Rt
 0.0848839 -0.457715 -0.507168 0.0197559 -0.210969 0.356053 -0.529537 -1.34042 -1.3841 -1.09577 -0.468447 -0.180989 -0.36972 -0.718248 -0.728201 0.979787 -0.608013 1.39292 0.864682 0.637788 0.987684 1.28446 -0.302086 0.804905 0.653336 -0.186232 0.436424 0.584933
SSB
 3.08022e+06 2.05761e+06 1.02585e+06 555933 602965 683746 915808 562366 498310 341279 224663 374308 404535 341528 231132 293993 984104 923084 1.82297e+06 1.3879e+06 1.52365e+06 1.87005e+06 1.76941e+06 1.44845e+06 2.02454e+06 1.68657e+06 1.37456e+06 1.27957e+06
BT
 4.16078e+06 2.83995e+06 1.42342e+06 1.25588e+06 1.0833e+06 1.95501e+06 1.44235e+06 1.1038e+06 938684 697994 659316 933511 988658 996125 870006 1.79352e+06 1.60011e+06 4.07546e+06 3.83237e+06 2.62412e+06 4.20705e+06 3.91561e+06 2.81074e+06 4.6188e+06 3.39747e+06 2.90974e+06 3.56448e+06 3.52558e+06
Ftot
 0.135735 0.247431 0.241562 0.359458 0.122715 0.232253 0.524672 0.0846214 0.329255 0.433418 0.10027 0.441169 0.414306 0.68657 0.46403 0.365893 0.246609 0.242604 0.351309 0.309357 0.235279 0.299042 0.180209 0.15353 0.156511 0.12741 0.169126 0.147768
BD_Bspro_t
 0.978517 0.842583 0.680013 0.587266 0.576077 0.65204 0.647362 0.480911 0.536871 0.493413 0.460008 0.671006 0.556333 0.466903 0.360094 0.419395 0.59956 0.571358 0.66694 0.573327 0.550008 0.597006 0.611075 0.602377 0.707033 0.716906 0.720787 0.733703
BD_Bspro
 2.43159 1.62432 0.809831 0.438865 0.475993 0.539763 0.722958 0.443944 0.393376 0.269413 0.177354 0.295486 0.319348 0.26961 0.182461 0.232084 0.776872 0.728702 1.43909 1.09564 1.2028 1.47626 1.39681 1.14343 1.59821 1.33141 1.0851 1.01012
BD_Bo
 1.63747 1.09384 0.545351 0.295538 0.32054 0.363484 0.48685 0.298958 0.264905 0.181426 0.119432 0.198984 0.215053 0.181559 0.122872 0.156288 0.523156 0.490718 0.969104 0.737817 0.809984 0.994131 0.940633 0.770004 1.07626 0.896591 0.730724 0.680228
BD_Brms
 11.1236 7.43065 3.70467 2.00764 2.17749 2.46921 3.30726 2.03087 1.79955 1.23246 0.811326 1.35174 1.4609 1.23336 0.834689 1.0617 3.55389 3.33353 6.5833 5.01212 5.50237 6.75331 6.38989 5.23078 7.31123 6.09071 4.96394 4.62091
Sel_flota
 0.862363 1 1 1 1
 0.862363 1 1 1 1
 0.862363 1 1 1 1
 0.862363 1 1 1 1
 0.862363 1 1 1 1
 0.862363 1 1 1 1
 0.862363 1 1 1 1
 0.862363 1 1 1 1
 0.862363 1 1 1 1
 0.862363 1 1 1 1
 0.862363 1 1 1 1
 0.862363 1 1 1 1
 0.862363 1 1 1 1
 0.862363 1 1 1 1
 0.862363 1 1 1 1
 0.862363 1 1 1 1
 0.862363 1 1 1 1
 0.862363 1 1 1 1
 0.862363 1 1 1 1
 0.862363 1 1 1 1
 0.862363 1 1 1 1
 0.862363 1 1 1 1
 0.862363 1 1 1 1
 0.862363 1 1 1 1
 0.862363 1 1 1 1
 0.862363 1 1 1 1
 0.862363 1 1 1 1
 0.862363 1 1 1 1
Sel_reclas
 1 1 1 1 1
 1 1 1 1 1
 1 1 1 1 1
 1 1 1 1 1
 1 1 1 1 1
 1 1 1 1 1
 1 1 1 1 1
 1 1 1 1 1
 1 1 1 1 1
 1 1 1 1 1
 1 1 1 1 1
 1 1 1 1 1
 1 1 1 1 1
 1 1 1 1 1
 1 1 1 1 1
 1 1 1 1 1
 1 1 1 1 1
 1 1 1 1 1
 1 1 1 1 1
 1 1 1 1 1
 1 1 1 1 1
 1 1 1 1 1
 1 1 1 1 1
 1 1 1 1 1
 1 1 1 1 1
 1 1 1 1 1
 1 1 1 1 1
 1 1 1 1 1
Sel_pelaces
 1 1 1 1 1
 1 1 1 1 1
 1 1 1 1 1
 1 1 1 1 1
 1 1 1 1 1
 1 1 1 1 1
 1 1 1 1 1
 1 1 1 1 1
 1 1 1 1 1
 1 1 1 1 1
 1 1 1 1 1
 1 1 1 1 1
 1 1 1 1 1
 1 1 1 1 1
 1 1 1 1 1
 1 1 1 1 1
 1 1 1 1 1
 1 1 1 1 1
 1 1 1 1 1
 1 1 1 1 1
 1 1 1 1 1
 1 1 1 1 1
 1 1 1 1 1
 1 1 1 1 1
 1 1 1 1 1
 1 1 1 1 1
 1 1 1 1 1
 1 1 1 1 1
pf_obs 
 0.8446 0.082 0.0669 0.0065 0
 0.8095 0.147 0.0364 0.0071 0
 0.9664 0.0169 0.016 0.0007 0
 0.9276 0.0648 0.0075 0.0001 0
 0.7033 0.2144 0.0806 0.0017 0
 0.9318 0.0425 0.0243 0.0014 0
 0.5671 0.3108 0.0964 0.0239 0.0018
 0.0768 0.2599 0.5324 0.112 0.0189
 0.490249 0.384438 0.106611 0.0170017 0.00170017
 0.7925 0.1577 0.0466 0.003 0.0002
 0.840416 0.127587 0.0312969 0.00059994 9.999e-05
 0.8084 0.0986 0.0794 0.0134 0.0002
 0.7335 0.1905 0.0724 0.0035 0.0001
 0.4001 0.4547 0.1325 0.0127 0
 0.49795 0.308269 0.164784 0.0264974 0.00249975
 0.9179 0.0499 0.0305 0.0017 0
 0.2467 0.6533 0.0926 0.0074 0
 0.9418 0.0223 0.034 0.0019 0
 0.707729 0.231977 0.0356964 0.0245975 0
 0.517169 0.277429 0.184464 0.0207286 0.00020938
 0.811772 0.124168 0.05621 0.00726502 0.000585176
 0.764997 0.148141 0.077277 0.00933861 0.000247198
 0.163321 0.427699 0.378323 0.0303852 0.000271297
 0.753843 0.0900009 0.118128 0.0371064 0.000921714
 0.721811 0.176058 0.0630433 0.0369309 0.00215725
 0.143369 0.312575 0.442814 0.0836902 0.0175525
 0.692698 0.0596174 0.167031 0.0765114 0.00414204
 0.394062 0.376323 0.152708 0.0712218 0.00568511
pf_pred 
 0.465746 0.123779 0.386995 0.0234796 7.97459e-07
 0.43973 0.283203 0.0641923 0.200697 0.012177
 0.574065 0.205118 0.111617 0.0252998 0.083899
 0.75393 0.151222 0.0456762 0.0248552 0.0243167
 0.667437 0.261219 0.0438443 0.0132431 0.0142566
 0.765509 0.164507 0.0549709 0.00922661 0.00578703
 0.490912 0.404311 0.0735063 0.0245625 0.00670851
 0.470117 0.285627 0.193984 0.0352676 0.0150035
 0.555619 0.226107 0.117658 0.0799077 0.0207081
 0.717849 0.168848 0.0576499 0.029999 0.0256538
 0.828626 0.129166 0.0252588 0.00862412 0.00832536
 0.747704 0.214372 0.0285835 0.00558959 0.00375079
 0.693948 0.23904 0.0569391 0.00759203 0.00248089
 0.641696 0.262055 0.0751747 0.0179065 0.00316779
 0.747349 0.173804 0.0576667 0.0165426 0.00463752
 0.938929 0.047701 0.00919781 0.00305175 0.00112086
 0.387048 0.581329 0.0247001 0.00476272 0.00216062
 0.902869 0.0415416 0.0527212 0.00224007 0.000627884
 0.614163 0.353676 0.0137549 0.0174566 0.000949613
 0.627643 0.243995 0.117662 0.00457602 0.00612344
 0.745933 0.169535 0.0553912 0.0267113 0.00242897
 0.753013 0.191748 0.03686 0.012043 0.00633562
 0.32952 0.525491 0.112562 0.021638 0.0107888
 0.753802 0.0902169 0.122251 0.0261865 0.00754379
 0.644763 0.277931 0.0283279 0.0383864 0.0105912
 0.442714 0.379341 0.139221 0.01419 0.0245338
 0.703548 0.142914 0.104512 0.0383569 0.0106688
 0.700204 0.220702 0.0381301 0.0278844 0.0130803
pobs_RECLAS
 0 0 0 0 0
 0 0 0 0 0
 0 0 0 0 0
 0 0 0 0 0
 0 0 0 0 0
 0 0 0 0 0
 0 0 0 0 0
 0 0 0 0 0
 0 0 0 0 0
 0 0 0 0 0
 0.991045 0.00858322 0.000360255 1.14367e-05 0
 0.934742 0.0480273 0.0164251 0.00080598 0
 0.827803 0.169806 0.00239088 0 0
 0.941827 0.0461693 0.0120037 0 0
 0.791401 0.0380133 0.147996 0.0225897 0
 0.846168 0.0940531 0.0597789 0 0
 0.134021 0.677848 0.182769 0.00536245 0
 0.80878 0.0450904 0.141981 0.00414843 0
 0.846168 0.0940531 0.0597789 0 0
 0.905697 0.0802665 0.012482 0.00150086 5.37128e-05
 0.989698 0.0102097 9.19794e-05 0 0
 0.975433 0.0193895 0.00387452 0.00125025 5.28907e-05
 0.303575 0.632131 0.0575291 0.00676475 0
 0.966965 0.00978017 0.0227588 0.000495775 0
 0.843318 0.132988 0.00938335 0.0141283 0.000182051
 0.564624 0.303363 0.111486 0.0197234 0.00080311
 0.826376 0.0876187 0.0782897 0.00655872 0.00115652
 0.89761 0.0855135 0.0140674 0.00269457 0.000114338
ppred_RECLAS
 0.503142 0.115115 0.359907 0.0218361 7.4164e-07
 0.477323 0.264201 0.0598852 0.187231 0.01136
 0.610603 0.187523 0.102043 0.0231295 0.076702
 0.781274 0.134418 0.0406005 0.0220932 0.0216145
 0.699776 0.235817 0.0395808 0.0119553 0.0128702
 0.791561 0.14623 0.0488634 0.0082015 0.00514407
 0.530055 0.373224 0.0678544 0.0226739 0.0061927
 0.507358 0.265553 0.180351 0.032789 0.0139491
 0.592975 0.207099 0.107767 0.0731904 0.0189673
 0.748128 0.150728 0.0514632 0.0267796 0.0229007
 0.848801 0.113959 0.0222851 0.00760881 0.00734523
 0.775807 0.190493 0.0253996 0.00496697 0.003333
 0.725738 0.214211 0.0510248 0.00680344 0.0022232
 0.67769 0.23573 0.0676229 0.0161077 0.00284956
 0.77556 0.154398 0.0512277 0.0146955 0.0041197
 0.947162 0.0412702 0.0079578 0.00264032 0.000969751
 0.423538 0.546721 0.0232296 0.00447918 0.00203199
 0.915361 0.0361989 0.0459407 0.00195197 0.000547131
 0.649791 0.321017 0.0124848 0.0158447 0.000861926
 0.662543 0.221126 0.106634 0.00414713 0.00554951
 0.773526 0.151123 0.0493755 0.0238104 0.00216517
 0.780245 0.170606 0.0327959 0.0107152 0.00563707
 0.363566 0.498807 0.106846 0.0205392 0.010241
 0.780579 0.0804048 0.108954 0.0233384 0.00672331
 0.678348 0.251655 0.0256497 0.0347573 0.00958991
 0.479892 0.354034 0.129933 0.0132433 0.0228971
 0.733905 0.128279 0.0938102 0.0344291 0.00957631
 0.730711 0.198243 0.0342499 0.0250468 0.0117492
pobs_PELACES
 0 0 0 0 0
 0 0 0 0 0
 0 0 0 0 0
 0 0 0 0 0
 0 0 0 0 0
 0 0 0 0 0
 0 0 0 0 0
 0 0 0 0 0
 0 0 0 0 0
 0 0 0 0 0
 0 0 0 0 0
 0 0 0 0 0
 0 0 0 0 0
 0 0 0 0 0
 0 0 0 0 0
 0 0 0 0 0
 0.505614 0.472636 0.0217494 0 0
 0 0 0 0 0
 0.443492 0.261883 0.143347 0.151278 0
 0.227955 0.32914 0.350689 0.0885471 0.00366901
 0.970185 0.0296113 0.000203453 0 0
 0.997202 0.00247181 0.000326279 0 0
 0.445219 0.490057 0.0546422 0.010081 0
 0.90214 0.0892962 0.00764917 0.000914606 0
 0 0 0 0 0
 0.581667 0.319106 0.0959925 0.00289975 0.000334073
 0.762889 0.0836404 0.116647 0.0363945 0.000428098
 0.88444 0.0763242 0.0277011 0.0115352 0
ppred_PELACES
 0.504683 0.114758 0.35879 0.0217684 7.3934e-07
 0.480127 0.262784 0.0595638 0.186226 0.011299
 0.613209 0.186268 0.10136 0.0229747 0.0761887
 0.784051 0.132711 0.040085 0.0218127 0.02134
 0.700946 0.234898 0.0394266 0.0119087 0.0128201
 0.793297 0.145012 0.0484567 0.00813322 0.00510125
 0.535987 0.368513 0.066998 0.0223877 0.00611454
 0.508318 0.265035 0.179999 0.032725 0.0139219
 0.59658 0.205265 0.106813 0.0725423 0.0187994
 0.751819 0.148519 0.0507089 0.0263872 0.0225651
 0.849385 0.11352 0.0221991 0.00757945 0.00731688
 0.779273 0.187548 0.0250069 0.00489018 0.00328147
 0.729468 0.211298 0.0503309 0.00671092 0.00219297
 0.684463 0.230776 0.0662018 0.0157692 0.00278968
 0.779207 0.151888 0.0503952 0.0144566 0.00405275
 0.947988 0.0406253 0.00783346 0.00259907 0.0009546
 0.426275 0.544125 0.0231193 0.00445792 0.00202234
 0.916211 0.0358354 0.0454795 0.00193238 0.000541638
 0.653414 0.317697 0.0123556 0.0156808 0.000853011
 0.665677 0.219073 0.105644 0.00410861 0.00549797
 0.775393 0.149877 0.0489685 0.0236141 0.00214732
 0.782565 0.168805 0.0324497 0.0106021 0.00557756
 0.365462 0.497321 0.106528 0.020478 0.0102105
 0.781771 0.079968 0.108363 0.0232116 0.00668679
 0.679897 0.250443 0.0255262 0.0345899 0.00954373
 0.481337 0.353051 0.129572 0.0132065 0.0228335
 0.735402 0.127557 0.0932823 0.0342354 0.00952242
 0.73203 0.197272 0.0340822 0.0249242 0.0116917
pobs_pel_tallas
 0 0 0 0 0 0 0 0 0 0 0 0 0 0 0 0 0 0 0 0 0 0 0 0 0 0
 0 0 0 0 0 0 0 0 0 0 0 0 0 0 0 0 0 0 0 0 0 0 0 0 0 0
 0 0 0 0 0 0 0 0 0 0 0 0 0 0 0 0 0 0 0 0 0 0 0 0 0 0
 0 0 0 0 0 0 0 0 0 0 0 0 0 0 0 0 0 0 0 0 0 0 0 0 0 0
 0 0 0 0 0 0 0 0 0 0 0 0 0 0 0 0 0 0 0 0 0 0 0 0 0 0
 0 0 0 0 0 0 0 0 0 0 0 0 0 0 0 0 0 0 0 0 0 0 0 0 0 0
 0 0 0 0 0 0 0 0 0 0 0 0 0 0 0 0 0 0 0 0 0 0 0 0 0 0
 0 0 0 0 0 0 0 0 0 0 0 0 0 0 0 0 0 0 0 0 0 0 0 0 0 0
 0 0 0 0 0 0 0 0 0 0 0 0 0 0 0 0 0 0 0 0 0 0 0 0 0 0
 0 0 0 0 0 0 0 0 0 0 0 0 0 0 0 0 0 0 0 0 0 0 0 0 0 0
 0 0 0 0 0 0 0 0 0 0 0 0 0 0 0 0 0 0 0 0 0 0 0 0 0 0
 0 0 0 0 0 0 0 0 0 0 0 0 0 0 0 0 0 0 0 0 0 0 0 0 0 0
 0.00862536 0 0 0.000197151 0.00414017 0.0128641 0.00837892 0.0270097 0.101434 0.158115 0.152841 0.127902 0.109271 0.109419 0.0830992 0.0579132 0.0238553 0.00714673 0.00463305 0.00128148 0.00103504 0.000492878 0.000147863 0.000147863 4.92878e-05 0
 0 0 0 0 0 0 0 0 0 0 0 0 0 0 0 0 0 0 0 0 0 0 0 0 0 0
 0 0 0 0 0 0 0 0.0054083 0.00873648 0.0413646 0.0450493 0.0745869 0.0622846 0.0627006 0.0613931 0.0827291 0.12552 0.122667 0.0946155 0.0697135 0.0546179 0.0294188 0.0215738 0.0213955 0.0102223 0.00600262
 0 0 0 0 0.00359764 0.0251062 0.0480494 0.140153 0.205849 0.193036 0.1447 0.116669 0.0760912 0.0342217 0.00950174 0.001854 0.000860785 0 0 0 0.000165536 0 0.000143464 0 0 0
 0 0 0 0 0 0 0 0.000145254 0.000435761 0.0275982 0.070085 0.0708112 0.156366 0.174668 0.174014 0.160142 0.0824315 0.0480064 0.0283245 0.00493863 0.00203355 0 0 0 0 0
 0 0 0 0 0 0 0 0 0 0 0 0 0 0 0 0 0 0 0 0 0 0 0 0 0 0
 0 0 1.00437e-05 0.000401748 0.00122533 0.00171747 0.00176769 0.0269171 0.070346 0.194647 0.189555 0.159765 0.064822 0.0314167 0.0384472 0.0292271 0.0345202 0.0313363 0.0194345 0.0106764 0.0143323 0.0359363 0.0279516 0.0138201 0.00172751 0
 0 0.0021121 0.0136068 0.0755702 0.200478 0.177729 0.0527432 0.0373336 0.0318909 0.0142505 0.0149659 0.0166563 0.0217959 0.0798694 0.0677717 0.0528807 0.04013 0.0224614 0.0357745 0.0225083 0.00881397 0.00855152 0.00135912 0.000746735 0 0
 0 0 0 0 5.4009e-05 0.00500934 0.000945158 0.0243581 0.138947 0.33067 0.221406 0.137944 0.0707744 0.0437923 0.0131692 0.00525238 0.0047753 0.00276346 9.45158e-05 9.00151e-06 2.25038e-05 9.00151e-06 4.50075e-06 0 0 0
 0.000866109 0.00284123 0.00948549 0.0512746 0.133035 0.25785 0.225252 0.132002 0.0553304 0.0519788 0.0540692 0.017754 0.00435017 0.00159236 0.00146478 0.000404838 0.000125132 0.000115318 0.000107957 0.000100596 0 0 0 0 0 0
 0 0 0 0 0.00144013 0.00171154 0.00461396 0.0210425 0.0478622 0.0707936 0.0888783 0.103762 0.0637923 0.0337046 0.0602308 0.124433 0.169614 0.0934646 0.0462172 0.0250306 0.0313229 0.00938855 0.002487 0.000210481 0 0
 0 0.00764035 0.051015 0.0998891 0.058973 0.0496711 0.0374665 0.0718981 0.12319 0.153886 0.159021 0.0857701 0.0377988 0.023471 0.0147837 0.00900784 0.00315554 0.000888139 0.00291439 0.00214683 0.00393193 0.00274676 0.000635225 9.99891e-05 0 0
 0 0 0 0 0 0 0 0 0 0 0 0 0 0 0 0 0 0 0 0 0 0 0 0 0 0
 0 0 0 0 0 0 0 0 0 0 0 0 0 0 0 0 0 0 0 0 0 0 0 0 0 0
 0 0 0 0 0 0 0 0 0 0 0 0 0 0 0 0 0 0 0 0 0 0 0 0 0 0
 0 0 0 0 0 0 0 0 0 0 0 0 0 0 0 0 0 0 0 0 0 0 0 0 0 0
ppred_pel_tallas
 1.12567e-16 4.15701e-05 0.000404076 0.00268523 0.0122067 0.0379795 0.0809198 0.118107 0.118119 0.0809767 0.0381721 0.0127698 0.00412455 0.00363085 0.00641752 0.0111882 0.0176098 0.0252532 0.0335901 0.04219 0.0506422 0.0581942 0.0635291 0.0650993 0.0619177 0.0542317
 1.22375e-16 3.95475e-05 0.000384416 0.00255458 0.0116128 0.0361317 0.0769834 0.112365 0.11239 0.0771077 0.0365494 0.0128206 0.00559232 0.00703611 0.0127353 0.0211669 0.0309295 0.0399004 0.0460278 0.0485841 0.0486718 0.0484312 0.0495279 0.0520849 0.0547472 0.0556253
 1.18171e-16 5.05092e-05 0.000490968 0.00326265 0.0148316 0.0461466 0.0983208 0.143506 0.143524 0.0984093 0.046444 0.0156924 0.00543052 0.00524684 0.00915271 0.0152384 0.0223962 0.0291386 0.0340079 0.0364171 0.0369997 0.0370933 0.0377635 0.0391436 0.0404983 0.0407946
 1.0699e-16 6.45813e-05 0.000627753 0.00417164 0.0189637 0.0590031 0.125713 0.183484 0.183497 0.125776 0.0592139 0.019573 0.00570346 0.00397933 0.00645277 0.0106274 0.0154528 0.0197608 0.0224189 0.0229428 0.0217865 0.0200042 0.018555 0.0177927 0.0174501 0.0169855
 1.04562e-16 5.7736e-05 0.000561215 0.00372947 0.0169537 0.0527492 0.112389 0.164039 0.164062 0.112499 0.053121 0.0180275 0.00642571 0.00644951 0.0112479 0.0185231 0.0267254 0.0337131 0.0373476 0.0366564 0.032411 0.0265886 0.0211638 0.0171714 0.0145837 0.0128038
 1.03115e-16 6.53428e-05 0.000635155 0.00422083 0.0191873 0.0596989 0.127195 0.185648 0.185662 0.127264 0.0599291 0.0198529 0.00589384 0.0042946 0.0070366 0.0115852 0.0168129 0.0214156 0.0241032 0.0242724 0.0223369 0.0193911 0.0164928 0.0141441 0.012277 0.0105846
 1.05308e-16 4.41486e-05 0.00042914 0.00285179 0.0129638 0.0403355 0.0859404 0.12544 0.125476 0.0861141 0.0409188 0.014649 0.00708311 0.00967072 0.0176092 0.0290776 0.0419686 0.0529591 0.0586875 0.0576048 0.0508804 0.0415649 0.0327132 0.0259412 0.0212547 0.0178226
 1.10901e-16 4.18696e-05 0.000406987 0.00270457 0.0122946 0.0382532 0.0815035 0.118962 0.118988 0.0816296 0.0386772 0.013522 0.00579678 0.00719447 0.0130418 0.0217803 0.0320402 0.0416935 0.0485623 0.051599 0.051386 0.0494725 0.0471429 0.0446678 0.0415176 0.0371212
 1.13592e-16 4.91395e-05 0.000477654 0.00317418 0.0144294 0.0448952 0.0956547 0.139615 0.139635 0.0957522 0.0452229 0.0153778 0.00556225 0.00571594 0.0100725 0.0167739 0.0246369 0.032012 0.0372649 0.0397 0.0399421 0.0393731 0.0390818 0.0391837 0.0389465 0.0374512
 1.07967e-16 6.19264e-05 0.000601947 0.00400015 0.0181841 0.0565776 0.120545 0.175942 0.175956 0.120615 0.0568136 0.0188667 0.00571663 0.00435907 0.0072275 0.0119313 0.0173764 0.0222752 0.0253711 0.0261238 0.0250276 0.0232306 0.0217623 0.020978 0.0205566 0.0198994
 1.02669e-16 6.99627e-05 0.000680063 0.00451926 0.0205439 0.0639197 0.136188 0.198773 0.198784 0.136242 0.0640995 0.0210633 0.00582362 0.00352962 0.00548816 0.00897942 0.0129698 0.0164 0.0182438 0.0180378 0.0161532 0.0135319 0.0111026 0.00933357 0.00818221 0.00734215
 1.01816e-16 6.41877e-05 0.000623928 0.00414622 0.0188481 0.0586436 0.124947 0.182368 0.182386 0.125035 0.0589401 0.0197046 0.00629585 0.00531617 0.00897442 0.0147318 0.021208 0.0266538 0.0293305 0.0284357 0.0245757 0.0193485 0.0143856 0.0105978 0.00805997 0.00637941
 1.02551e-16 6.00853e-05 0.000584051 0.00388122 0.0176435 0.0548956 0.116962 0.170713 0.170733 0.117061 0.0552303 0.0186109 0.00631098 0.00589319 0.0101575 0.0167349 0.024188 0.0305959 0.0340329 0.0335956 0.0299132 0.0246721 0.0195609 0.0154744 0.0124391 0.0100565
 1.04024e-16 5.63784e-05 0.000548018 0.00364177 0.016555 0.0515088 0.109746 0.160182 0.160204 0.109855 0.0518749 0.017613 0.00630033 0.00636051 0.0111213 0.0183646 0.0266086 0.0337942 0.0378518 0.0378142 0.0343572 0.0292673 0.0242932 0.0202985 0.0172169 0.0145668
 1.03629e-16 6.41823e-05 0.000623875 0.00414587 0.0188465 0.0586386 0.124936 0.182351 0.182366 0.125008 0.0588798 0.0195438 0.00589856 0.00445795 0.00736915 0.0121425 0.01763 0.0224749 0.0253346 0.0255867 0.023672 0.0207365 0.0178756 0.0155885 0.0137683 0.0120607
 1.00659e-16 7.80845e-05 0.000759009 0.00504388 0.0229288 0.0713399 0.151997 0.221845 0.221849 0.152016 0.0714042 0.0231146 0.00551054 0.00177836 0.0020159 0.00321412 0.00463437 0.0058531 0.00649664 0.00639497 0.00567686 0.00467687 0.00372848 0.00300564 0.002505 0.00213229
 1.01596e-16 3.51118e-05 0.0003413 0.00226806 0.0103103 0.0320794 0.0683506 0.0997706 0.099823 0.0686063 0.032938 0.0127891 0.00848575 0.0139002 0.0257436 0.0423927 0.0608038 0.0759125 0.0825806 0.078439 0.0653284 0.0481195 0.0318967 0.0196684 0.0119035 0.0075136
 1.01608e-16 7.54671e-05 0.000733567 0.00487481 0.0221602 0.0689486 0.146902 0.214409 0.214413 0.14692 0.0690066 0.0223284 0.00530013 0.00167195 0.00188655 0.00307456 0.00459602 0.00614089 0.00743461 0.00832857 0.00884436 0.00908249 0.00908348 0.00877824 0.00806692 0.00694002
 1.02155e-16 5.38209e-05 0.000523158 0.00347657 0.015804 0.0491723 0.104768 0.152918 0.152949 0.104917 0.0496737 0.0172515 0.00710767 0.00844225 0.0150714 0.0247733 0.0355486 0.0444285 0.048433 0.0462057 0.0388447 0.0291997 0.0202137 0.0135785 0.00947474 0.00717105
 1.04448e-16 5.4831e-05 0.000532977 0.00354182 0.0161006 0.0500951 0.106734 0.155785 0.155807 0.106837 0.0504439 0.0171096 0.00607994 0.00609178 0.0106648 0.0176812 0.0257824 0.0330787 0.0376527 0.0385729 0.0363695 0.0325275 0.0284522 0.0247645 0.0213518 0.0178881
 1.04184e-16 6.38681e-05 0.000620821 0.00412557 0.0187543 0.0583515 0.124325 0.181459 0.181473 0.124396 0.0585896 0.0194425 0.00585556 0.0044057 0.00727665 0.0119938 0.0174259 0.0222427 0.0251324 0.0254966 0.0237828 0.0211226 0.0185782 0.0166009 0.0150286 0.0134578
 1.02987e-16 6.44589e-05 0.000626564 0.00416374 0.0189277 0.0588913 0.125475 0.183138 0.183154 0.125554 0.0591586 0.0196999 0.0061028 0.00486224 0.00811679 0.013338 0.0192586 0.0243276 0.0270103 0.0266043 0.0236485 0.0195367 0.0156555 0.0127244 0.0107209 0.00924031
 1.06983e-16 3.01027e-05 0.000292609 0.0019445 0.00883942 0.027503 0.0585998 0.0855381 0.0855861 0.0588343 0.0282906 0.0111152 0.00765976 0.0127785 0.0237706 0.0393221 0.0568105 0.0717932 0.0797442 0.0785581 0.0697642 0.0574012 0.0455103 0.0362256 0.0295733 0.0245149
 1.06608e-16 6.43935e-05 0.000625927 0.00415951 0.0189085 0.0588315 0.125347 0.182949 0.182957 0.125385 0.0589612 0.0192854 0.00511314 0.00273328 0.00414182 0.00694231 0.0104557 0.0141165 0.0173727 0.0199459 0.0219129 0.0234746 0.0246277 0.0250566 0.0243427 0.022289
 1.05885e-16 5.60023e-05 0.000544362 0.00361748 0.0164445 0.0511652 0.109014 0.159114 0.159138 0.109132 0.0515612 0.0175882 0.00648808 0.00681099 0.0119583 0.0196853 0.0283681 0.0357229 0.0394791 0.0386358 0.03408 0.0279966 0.0225442 0.0188144 0.0166829 0.015359
 1.09018e-16 3.96472e-05 0.000385384 0.00256102 0.011642 0.0362229 0.0771779 0.112651 0.112685 0.0773449 0.0367838 0.0132639 0.00663825 0.0093065 0.0170426 0.0282695 0.0410876 0.0524406 0.0592172 0.0599594 0.0556626 0.048951 0.0423401 0.0369892 0.032684 0.0286548
 1.0777e-16 6.05742e-05 0.000588802 0.0039128 0.017787 0.0553421 0.117913 0.1721 0.172112 0.117973 0.0555465 0.0183791 0.00540527 0.00386804 0.00635095 0.0105683 0.0156071 0.0204502 0.024096 0.0260861 0.0267224 0.0267237 0.0266168 0.0263826 0.0255908 0.0238173
 1.05513e-16 6.02964e-05 0.000586102 0.00389486 0.0177055 0.0550884 0.117372 0.171312 0.171331 0.117465 0.0554007 0.0186079 0.00616099 0.00553659 0.00947288 0.0155947 0.0225325 0.0285008 0.0317334 0.0314474 0.0283153 0.0239953 0.0201011 0.017411 0.0157807 0.0145924
pSPR Fmed_Fpbrs
0.625068   0.197206 0.197206
Fs Fmed_Fpbrs
0.244083   1.005 1.005
SSBpbr Bo_Bmed_Bpbrs
1.88109e+06  1.08175e+06  276909 276909
Ro
178651
SPR SPRFo_SPRFmed_SPRFpbrs
1.26675e+06 791806 249812
Fref
1.005
log_Ro
11.9132
likeval ReclasPelacesDesembMPH_pf_preclas_ppelaces_ptallas_desvR_qrecl_qpela
 12.9187 16.9081 0.0572604 0.00275149 204.015 96.73 65.3997 0 22.3016 5.94236e-07 0 0.293449 0 0 0
q_reclas_q_pelaces
0.89652 1
M
1
N
 194478 44912.6 140419 8519.46 0.289355
 113037 63641.5 14425.3 45100.7 2736.42
 107583 33593.9 18280.5 4143.55 13740.8
 182216 32135.2 9706.37 5281.83 5167.38
 144672 49166.3 8252.32 2492.59 2683.36
 255057 47877.3 15998.5 2685.27 1684.23
 105204 76799.7 13962.7 4665.71 1274.3
 46759.5 24617.1 16718.7 3039.57 1293.09
 44761 15991.3 8321.3 5651.43 1464.57
 59720.1 12396.3 4232.48 2202.44 1883.42
 111831 15118.3 2956.43 1009.41 974.446
 149074 37732.4 5031.08 983.845 660.191
 123435 37487.1 8929.4 1190.61 389.063
 87111.3 31767.2 9112.91 2170.69 384.009
 86248.6 17727.4 5881.8 1687.29 473.011
 475906 21265.2 4100.4 1360.47 499.682
 97263.3 127701 5425.87 1046.23 474.623
 719351 28926.4 36711.1 1559.82 437.211
 424162 214678 8349.08 10596 576.406
 338060 115257 55580.3 2161.59 2892.55
 479680 95244.3 31118.6 15006.3 1364.58
 645414 144059 27692.6 9047.83 4759.9
 132072 183462 39298.3 7554.35 3766.65
 399550 41593.5 56362.2 12073 3477.98
 343357 128759 13123.6 17783.5 4906.66
 148295 110366 40505.2 4128.45 7137.91
 276403 48878.1 35744.3 13118.5 3648.85
 320656 87883.4 15183.4 11103.6 5208.57
pred_Ctot
 13710 3643.63 11391.8 691.159 0.0234745
 13970.4 8997.48 2039.41 6376.23 386.869
 13007.3 4647.62 2529.06 573.248 1901
 31483.7 6314.94 1907.41 1037.94 1015.45
 9262.99 3625.31 608.49 183.793 197.859
 29745 6392.17 2135.98 358.514 224.864
 25103.7 20675.1 3758.87 1256.05 343.052
 2092.59 1271.38 863.463 156.983 66.7837
 7157.31 2912.64 1515.64 1029.35 266.756
 12135 2854.32 974.549 507.122 433.667
 5897.28 919.266 179.765 61.3773 59.2511
 30753.2 8817.14 1175.64 229.901 154.271
 24130.1 8311.93 1979.89 263.991 86.2659
 25803 10537.4 3022.83 720.035 127.379
 18572.1 4319.15 1433.05 411.094 115.245
 83517.8 4243.01 818.146 271.453 99.7007
 11984.3 17999.9 764.798 147.47 66.9001
 87316.4 4017.48 5098.67 216.637 60.7226
 71825 41361.6 1608.6 2041.51 111.055
 51135.9 19879 9586.26 372.821 498.894
 56610.2 12866.3 4203.73 2027.17 184.338
 94706.1 24116.1 4635.86 1514.65 796.828
 12169.7 19407.2 4157.1 799.125 398.449
 31660.5 3789.21 5134.66 1099.86 316.847
 27707 11943.4 1217.32 1649.56 455.131
 9841.93 8433.09 3095.01 315.456 545.409
 23995.4 4874.27 3564.53 1308.21 363.874
 24505 7723.89 1334.44 975.869 457.77
F
 0.117053 0.135735 0.135735 0.135735 0.135735
 0.213376 0.247431 0.247431 0.247431 0.247431
 0.208314 0.241562 0.241562 0.241562 0.241562
 0.309983 0.359458 0.359458 0.359458 0.359458
 0.105825 0.122715 0.122715 0.122715 0.122715
 0.200286 0.232253 0.232253 0.232253 0.232253
 0.452458 0.524672 0.524672 0.524672 0.524672
 0.0729744 0.0846214 0.0846214 0.0846214 0.0846214
 0.283937 0.329255 0.329255 0.329255 0.329255
 0.373764 0.433418 0.433418 0.433418 0.433418
 0.0864688 0.10027 0.10027 0.10027 0.10027
 0.380448 0.441169 0.441169 0.441169 0.441169
 0.357282 0.414306 0.414306 0.414306 0.414306
 0.592073 0.68657 0.68657 0.68657 0.68657
 0.400163 0.46403 0.46403 0.46403 0.46403
 0.315533 0.365893 0.365893 0.365893 0.365893
 0.212667 0.246609 0.246609 0.246609 0.246609
 0.209213 0.242604 0.242604 0.242604 0.242604
 0.302956 0.351309 0.351309 0.351309 0.351309
 0.266778 0.309357 0.309357 0.309357 0.309357
 0.202896 0.235279 0.235279 0.235279 0.235279
 0.257883 0.299042 0.299042 0.299042 0.299042
 0.155406 0.180209 0.180209 0.180209 0.180209
 0.132398 0.15353 0.15353 0.15353 0.15353
 0.134969 0.156511 0.156511 0.156511 0.156511
 0.109874 0.12741 0.12741 0.12741 0.12741
 0.145848 0.169126 0.169126 0.169126 0.169126
 0.12743 0.147768 0.147768 0.147768 0.147768
nmprior
 8 9 7.5 0
nm_flota  nm_reclas  nm_pelaces    nm_pelaL
inf 10.1392 15.892 15.892
cv_recla  cv_pelaces  cv_mph
0.349839 0.526002 1.61879
 ------------------------------------------------
Talla a la edad & desviación 
 8 13.2811 15.8009 17.003 17.5766
 0.8 1.32811 1.58009 1.7003 1.75766
