years
 1991 1992 1993 1994 1995 1996 1997 1998 1999 2000 2001 2002 2003 2004 2005 2006 2007 2008 2009 2010 2011 2012 2013 2014 2015 2016 2017 2018 2019
reclasobs
 0 0 0 0 0 0 0 0 0 252601 567819 844713 477998 351125 339783 2.1784e+06 2.13404e+06 4.81314e+06 1.55562e+06 2.62356e+06 3.21686e+06 3.843e+06 1.13348e+06 3.07943e+06 1.97215e+06 2.03268e+06 2.025e+06 2.42433e+06 2.27542e+06
reclaspred
 3.21525e+06 1.80238e+06 909413 894548 881982 1.4065e+06 878233 774644 566773 413424 489958 636489 626547 489470 496641 1.31577e+06 1.26197e+06 2.83422e+06 2.34981e+06 1.79153e+06 3.15778e+06 2.55282e+06 2.01425e+06 3.09619e+06 2.3328e+06 2.07489e+06 2.51487e+06 2.50152e+06 2.0472e+06
pelacesobs
 0 0 0 0 0 0 0 0 0 0 0 0 0 0 0 552880 188675 0 991730 2.46772e+06 1.41603e+06 1.21717e+06 2.29649e+06 1.80582e+06 0 1.4828e+06 1.56532e+06 1.57751e+06 1.42118e+06
pelacespred
 1.67626e+06 1.04479e+06 527660 423648 436126 717169 412716 453186 318457 219823 270084 293260 317441 261269 272677 601397 578149 1.49417e+06 1.27858e+06 902839 1.54337e+06 1.35818e+06 1.06765e+06 1.7946e+06 1.30336e+06 1.15584e+06 1.59882e+06 1.57294e+06 1.05617e+06
mphobs
 0 0 0 0 0 0 0 0 0 0 0 498337 0 5186 125008 0 168611 109162 213762 579715 649985 157893 87575 83554 0 0 0 0 0
mphpred
 3.17771e+06 2.12305e+06 1.05796e+06 574645 616181 693424 918784 564344 501390 345144 228551 379466 410163 346712 235461 299727 991596 932233 1.83742e+06 1.39835e+06 1.53624e+06 1.88386e+06 1.77982e+06 1.45805e+06 2.02605e+06 1.67837e+06 1.39088e+06 1.5197e+06 1.96325e+06
desembarqueobs
 494567 514787 250237 358949 120608 361735 552515 73892 212993 205616 52469 317467 293654 387597 252695 516296 358380 742168 942051 627588 828172 859565 418607 520667 417249 300574 407403 355545 319650
desembarquepred
 494574 513562 250833 358977 120613 361747 552555 73896.2 213041 205660 52471.6 317532 293704 387631 252689 516257 358403 742076 941860 627462 828232 859573 418614 520688 417247 300573 407397 355527 319643
Reclutas
 197287 112813 110307 182069 145354 253962 104874 47173 45175.2 60277.5 112983 149737 124221 87581.6 87222.5 477079 98167 722784 424785 339352 481308 645410 132732 398386 339365 153457 352143 348906 115528
log_desv_Rt
 0.0978761 -0.461056 -0.483521 0.0176 -0.20761 0.350398 -0.534024 -1.33296 -1.37624 -1.08783 -0.459549 -0.177905 -0.364726 -0.714214 -0.718323 0.980897 -0.600115 1.39632 0.864798 0.640254 0.989723 1.2831 -0.298455 0.800637 0.64029 -0.153365 0.677252 0.668016 -0.437276
SSB
 3.17771e+06 2.12305e+06 1.05796e+06 574645 616181 693424 918784 564344 501390 345144 228551 379466 410163 346712 235461 299727 991596 932233 1.83742e+06 1.39835e+06 1.53624e+06 1.88386e+06 1.77982e+06 1.45805e+06 2.02605e+06 1.67837e+06 1.39088e+06 1.5197e+06 1.96325e+06
BT
 4.28255e+06 2.9168e+06 1.46578e+06 1.27857e+06 1.10079e+06 1.96251e+06 1.44597e+06 1.11006e+06 945673 705405 668036 942330 998961 1.00622e+06 882223 1.80475e+06 1.61303e+06 4.1016e+06 3.85379e+06 2.64129e+06 4.23121e+06 3.93408e+06 2.82681e+06 4.62291e+06 3.38911e+06 2.93111e+06 4.10179e+06 3.98476e+06 2.70041e+06
Ftot
 0.132644 0.241689 0.235915 0.35846 0.122486 0.236159 0.528246 0.0851705 0.331247 0.434029 0.101461 0.44468 0.416527 0.69126 0.46867 0.375533 0.246933 0.247564 0.354547 0.312263 0.238092 0.303026 0.180639 0.156876 0.159095 0.128122 0.150546 0.132335 0.134012
BD_Bspro_t
 0.979001 0.846684 0.687535 0.59688 0.583556 0.657359 0.64937 0.483306 0.540152 0.497477 0.46529 0.674349 0.560188 0.470963 0.364682 0.424052 0.601738 0.574214 0.668956 0.575601 0.552645 0.599379 0.61357 0.605172 0.708049 0.717082 0.725785 0.764943 0.797262
BD_Bspro
 2.4994 1.66986 0.832131 0.451982 0.484652 0.545407 0.722662 0.44388 0.394364 0.27147 0.179765 0.298466 0.32261 0.272703 0.1852 0.235748 0.779931 0.73324 1.44521 1.09986 1.20832 1.48173 1.3999 1.14682 1.59357 1.32011 1.09399 1.1953 1.54418
BD_Bo
 1.64837 1.10128 0.548796 0.298085 0.319631 0.359699 0.4766 0.292742 0.260085 0.179036 0.118556 0.19684 0.212763 0.179849 0.12214 0.155477 0.514369 0.483576 0.953124 0.725362 0.796893 0.977213 0.923242 0.756335 1.05097 0.870617 0.721491 0.78831 1.0184
BD_Brms
 10.602 7.08327 3.52976 1.91723 2.05581 2.31352 3.06541 1.88286 1.67282 1.15153 0.76253 1.26604 1.36846 1.15676 0.785585 1 3.30833 3.11027 6.13032 4.6654 5.12547 6.28526 5.93813 4.86461 6.75965 5.59965 4.6405 5.07027 6.55014
Sel_flota
 0.827917 1 1 1 1
 0.827917 1 1 1 1
 0.827917 1 1 1 1
 0.827917 1 1 1 1
 0.827917 1 1 1 1
 0.827917 1 1 1 1
 0.827917 1 1 1 1
 0.827917 1 1 1 1
 0.827917 1 1 1 1
 0.827917 1 1 1 1
 0.827917 1 1 1 1
 0.827917 1 1 1 1
 0.827917 1 1 1 1
 0.827917 1 1 1 1
 0.827917 1 1 1 1
 0.827917 1 1 1 1
 0.827917 1 1 1 1
 0.827917 1 1 1 1
 0.827917 1 1 1 1
 0.827917 1 1 1 1
 0.827917 1 1 1 1
 0.827917 1 1 1 1
 0.827917 1 1 1 1
 0.827917 1 1 1 1
 0.827917 1 1 1 1
 0.827917 1 1 1 1
 0.827917 1 1 1 1
 0.827917 1 1 1 1
 0.827917 1 1 1 1
Sel_reclas
 1 1 1 1 1
 1 1 1 1 1
 1 1 1 1 1
 1 1 1 1 1
 1 1 1 1 1
 1 1 1 1 1
 1 1 1 1 1
 1 1 1 1 1
 1 1 1 1 1
 1 1 1 1 1
 1 1 1 1 1
 1 1 1 1 1
 1 1 1 1 1
 1 1 1 1 1
 1 1 1 1 1
 1 1 1 1 1
 1 1 1 1 1
 1 1 1 1 1
 1 1 1 1 1
 1 1 1 1 1
 1 1 1 1 1
 1 1 1 1 1
 1 1 1 1 1
 1 1 1 1 1
 1 1 1 1 1
 1 1 1 1 1
 1 1 1 1 1
 1 1 1 1 1
 1 1 1 1 1
Sel_pelaces
 1 1 1 1 1
 1 1 1 1 1
 1 1 1 1 1
 1 1 1 1 1
 1 1 1 1 1
 1 1 1 1 1
 1 1 1 1 1
 1 1 1 1 1
 1 1 1 1 1
 1 1 1 1 1
 1 1 1 1 1
 1 1 1 1 1
 1 1 1 1 1
 1 1 1 1 1
 1 1 1 1 1
 1 1 1 1 1
 1 1 1 1 1
 1 1 1 1 1
 1 1 1 1 1
 1 1 1 1 1
 1 1 1 1 1
 1 1 1 1 1
 1 1 1 1 1
 1 1 1 1 1
 1 1 1 1 1
 1 1 1 1 1
 1 1 1 1 1
 1 1 1 1 1
 1 1 1 1 1
pf_obs 
 0.8446 0.082 0.0669 0.0065 0
 0.8095 0.147 0.0364 0.0071 0
 0.9664 0.0169 0.016 0.0007 0
 0.9276 0.0648 0.0075 0.0001 0
 0.7033 0.2144 0.0806 0.0017 0
 0.9318 0.0425 0.0243 0.0014 0
 0.5671 0.3108 0.0964 0.0239 0.0018
 0.0768 0.2599 0.5324 0.112 0.0189
 0.490249 0.384438 0.106611 0.0170017 0.00170017
 0.7925 0.1577 0.0466 0.003 0.0002
 0.840416 0.127587 0.0312969 0.00059994 9.999e-05
 0.8084 0.0986 0.0794 0.0134 0.0002
 0.7335 0.1905 0.0724 0.0035 0.0001
 0.4001 0.4547 0.1325 0.0127 0
 0.49795 0.308269 0.164784 0.0264974 0.00249975
 0.9179 0.0499 0.0305 0.0017 0
 0.2467 0.6533 0.0926 0.0074 0
 0.9418 0.0223 0.034 0.0019 0
 0.707729 0.231977 0.0356964 0.0245975 0
 0.517169 0.277429 0.184464 0.0207286 0.00020938
 0.811772 0.124168 0.05621 0.00726502 0.000585176
 0.764997 0.148141 0.077277 0.00933861 0.000247198
 0.163321 0.427699 0.378323 0.0303852 0.000271297
 0.753843 0.0900009 0.118128 0.0371064 0.000921714
 0.721811 0.176058 0.0630433 0.0369309 0.00215725
 0.143369 0.312575 0.442814 0.0836902 0.0175525
 0.692698 0.0596174 0.167031 0.0765114 0.00414204
 0.394062 0.376323 0.152708 0.0712218 0.00568511
 0.125707 0.32114 0.495352 0.0537591 0.00404204
pf_pred 
 0.452819 0.123902 0.399207 0.0240716 7.964e-07
 0.42362 0.290071 0.064831 0.208882 0.0125957
 0.565555 0.207003 0.114464 0.0255826 0.0873962
 0.740572 0.160071 0.0473414 0.0261777 0.0258382
 0.65588 0.268978 0.0463633 0.0137121 0.015066
 0.75582 0.170874 0.0572991 0.00987654 0.00613046
 0.481241 0.411374 0.075147 0.025199 0.00703955
 0.461047 0.292335 0.195567 0.0357248 0.0153262
 0.546908 0.231227 0.120342 0.0805068 0.0210156
 0.709785 0.174553 0.0590263 0.0307203 0.025916
 0.821385 0.134969 0.026251 0.00887696 0.00851753
 0.739312 0.221261 0.0297928 0.00579457 0.00383961
 0.684519 0.246751 0.0583356 0.00785488 0.00254006
 0.631624 0.269832 0.0770754 0.0182218 0.00324698
 0.738893 0.180325 0.0591719 0.016902 0.00470792
 0.93572 0.0502813 0.00966765 0.00317234 0.00115856
 0.378676 0.589111 0.0251977 0.00484479 0.00217036
 0.898957 0.0434732 0.0545847 0.00233472 0.000649997
 0.603896 0.363161 0.0141734 0.017796 0.000973094
 0.617875 0.250855 0.120353 0.0046971 0.00622014
 0.737499 0.175508 0.0571087 0.0273991 0.00248538
 0.744519 0.198426 0.0381469 0.0124127 0.00649544
 0.320798 0.532584 0.113875 0.0218921 0.0108512
 0.744572 0.0938808 0.126674 0.0270848 0.00778794
 0.633055 0.286786 0.0294618 0.039753 0.0109438
 0.443123 0.378272 0.139589 0.0143401 0.024676
 0.74113 0.127712 0.089092 0.0328765 0.0091892
 0.664916 0.260811 0.0366421 0.0255615 0.0120691
 0.372873 0.444252 0.14234 0.0199977 0.0205372
pobs_RECLAS
 0 0 0 0 0
 0 0 0 0 0
 0 0 0 0 0
 0 0 0 0 0
 0 0 0 0 0
 0 0 0 0 0
 0 0 0 0 0
 0 0 0 0 0
 0 0 0 0 0
 0 0 0 0 0
 0.991045 0.00858322 0.000360255 1.14367e-05 0
 0.934742 0.0480273 0.0164251 0.00080598 0
 0.827803 0.169806 0.00239088 0 0
 0.941827 0.0461693 0.0120037 0 0
 0.791401 0.0380133 0.147996 0.0225897 0
 0.846168 0.0940531 0.0597789 0 0
 0.134021 0.677848 0.182769 0.00536245 0
 0.80878 0.0450904 0.141981 0.00414843 0
 0.846168 0.0940531 0.0597789 0 0
 0.905697 0.0802665 0.012482 0.00150086 5.37128e-05
 0.989698 0.0102097 9.19794e-05 0 0
 0.975433 0.0193895 0.00387452 0.00125025 5.28907e-05
 0.303575 0.632131 0.0575291 0.00676475 0
 0.966965 0.00978017 0.0227588 0.000495775 0
 0.843318 0.132988 0.00938335 0.0141283 0.000182051
 0.564624 0.303363 0.111486 0.0197234 0.00080311
 0.826376 0.0876187 0.0782897 0.00655872 0.00115652
 0.89761 0.0855135 0.0140674 0.00269457 0.000114338
 0.34875 0.467042 0.161289 0.0227151 0.000203297
ppred_RECLAS
 0.500411 0.113126 0.364485 0.0219779 7.27131e-07
 0.471292 0.26608 0.0594689 0.191606 0.0115539
 0.612206 0.184775 0.102172 0.0228355 0.0780115
 0.776332 0.138006 0.0408158 0.0225693 0.0222766
 0.697568 0.236393 0.0407466 0.0120509 0.0132409
 0.78964 0.147207 0.0493629 0.00850858 0.00528135
 0.531112 0.371826 0.0679226 0.0227764 0.00636279
 0.5085 0.266596 0.178348 0.0325794 0.0139767
 0.594608 0.206884 0.107673 0.0720313 0.0188031
 0.748684 0.151157 0.0511148 0.0266027 0.0224424
 0.847634 0.115135 0.0223932 0.00757243 0.00726582
 0.775551 0.190503 0.0256512 0.00498905 0.00330586
 0.725409 0.214768 0.0507745 0.00683678 0.00221083
 0.677768 0.236032 0.0674207 0.0159393 0.00284025
 0.775277 0.155198 0.0509265 0.0145468 0.00405189
 0.946543 0.0418154 0.00803991 0.00263821 0.000963492
 0.425046 0.545145 0.0233172 0.00448323 0.00200839
 0.915195 0.036487 0.0458129 0.00195953 0.000545542
 0.649561 0.321294 0.0125394 0.0157444 0.00086091
 0.662619 0.221482 0.10626 0.00414711 0.00549182
 0.773102 0.151704 0.049363 0.0236829 0.00214829
 0.779686 0.171112 0.032896 0.0107041 0.00560135
 0.363938 0.498756 0.106642 0.0205017 0.010162
 0.779238 0.0811397 0.109482 0.023409 0.00673099
 0.676284 0.253 0.025991 0.0350698 0.00965455
 0.49059 0.346029 0.127691 0.0131178 0.0225726
 0.776103 0.110459 0.0770559 0.028435 0.00794776
 0.706035 0.228806 0.0321456 0.0224248 0.0105881
 0.418495 0.411934 0.131985 0.0185429 0.0190432
pobs_PELACES
 0 0 0 0 0
 0 0 0 0 0
 0 0 0 0 0
 0 0 0 0 0
 0 0 0 0 0
 0 0 0 0 0
 0 0 0 0 0
 0 0 0 0 0
 0 0 0 0 0
 0 0 0 0 0
 0 0 0 0 0
 0 0 0 0 0
 0 0 0 0 0
 0 0 0 0 0
 0 0 0 0 0
 0 0 0 0 0
 0.505614 0.472636 0.0217494 0 0
 0 0 0 0 0
 0.443492 0.261883 0.143347 0.151278 0
 0.227955 0.32914 0.350689 0.0885471 0.00366901
 0.970185 0.0296113 0.000203453 0 0
 0.997202 0.00247181 0.000326279 0 0
 0.445219 0.490057 0.0546422 0.010081 0
 0.90214 0.0892962 0.00764917 0.000914606 0
 0 0 0 0 0
 0.581667 0.319106 0.0959925 0.00289975 0.000334073
 0.762889 0.0836404 0.116647 0.0363945 0.000428098
 0.88444 0.0763242 0.0277011 0.0115352 0
 0.521256 0.241999 0.230069 0.00667565 0
ppred_PELACES
 0.502294 0.112699 0.363111 0.0218951 7.2439e-07
 0.474713 0.264358 0.0590841 0.190366 0.0114792
 0.615382 0.183262 0.101336 0.0226485 0.0773727
 0.779847 0.135838 0.0401744 0.0222147 0.0219265
 0.699034 0.235248 0.0405492 0.0119926 0.0131767
 0.791859 0.145654 0.0488421 0.00841882 0.00522564
 0.538575 0.365908 0.0668416 0.0224139 0.00626152
 0.509709 0.26594 0.177909 0.0324992 0.0139424
 0.599134 0.204575 0.106471 0.0712271 0.0185932
 0.753293 0.148384 0.0501773 0.0261148 0.0220308
 0.848377 0.114573 0.0222841 0.00753552 0.00723041
 0.779916 0.186798 0.0251523 0.00489203 0.00324157
 0.730096 0.211103 0.0499079 0.0067201 0.0021731
 0.686281 0.229796 0.0656396 0.0155182 0.00276522
 0.77988 0.152019 0.0498834 0.0142488 0.00396889
 0.947612 0.0409794 0.00787916 0.00258547 0.000944227
 0.428476 0.541893 0.0231781 0.00445648 0.00199641
 0.91628 0.0360203 0.0452269 0.00193446 0.000538564
 0.654131 0.317105 0.0123759 0.0155391 0.000849685
 0.666571 0.218887 0.105016 0.00409852 0.00542747
 0.775465 0.150124 0.0488489 0.0234363 0.00212591
 0.782628 0.168828 0.0324568 0.0105612 0.00552656
 0.366316 0.496892 0.106243 0.020425 0.010124
 0.780767 0.0805778 0.108724 0.0232469 0.00668438
 0.678259 0.251457 0.0258324 0.0348559 0.00959565
 0.492408 0.344794 0.127235 0.013071 0.0224921
 0.777585 0.109727 0.0765458 0.0282468 0.00789516
 0.707593 0.227594 0.0319753 0.022306 0.010532
 0.420348 0.410621 0.131564 0.0184838 0.0189825
pobs_pel_tallas
 0 0 0 0 0 0 0 0 0 0 0 0 0 0 0 0 0 0 0 0 0 0 0 0 0 0
 0 0 0 0 0 0 0 0 0 0 0 0 0 0 0 0 0 0 0 0 0 0 0 0 0 0
 0 0 0 0 0 0 0 0 0 0 0 0 0 0 0 0 0 0 0 0 0 0 0 0 0 0
 0 0 0 0 0 0 0 0 0 0 0 0 0 0 0 0 0 0 0 0 0 0 0 0 0 0
 0 0 0 0 0 0 0 0 0 0 0 0 0 0 0 0 0 0 0 0 0 0 0 0 0 0
 0 0 0 0 0 0 0 0 0 0 0 0 0 0 0 0 0 0 0 0 0 0 0 0 0 0
 0 0 0 0 0 0 0 0 0 0 0 0 0 0 0 0 0 0 0 0 0 0 0 0 0 0
 0 0 0 0 0 0 0 0 0 0 0 0 0 0 0 0 0 0 0 0 0 0 0 0 0 0
 0 0 0 0 0 0 0 0 0 0 0 0 0 0 0 0 0 0 0 0 0 0 0 0 0 0
 0 0 0 0 0 0 0 0 0 0 0 0 0 0 0 0 0 0 0 0 0 0 0 0 0 0
 0 0 0 0 0 0 0 0 0 0 0 0 0 0 0 0 0 0 0 0 0 0 0 0 0 0
 0 0 0 0 0 0 0 0 0 0 0 0 0 0 0 0 0 0 0 0 0 0 0 0 0 0
 0.00862536 0 0 0.000197151 0.00414017 0.0128641 0.00837892 0.0270097 0.101434 0.158115 0.152841 0.127902 0.109271 0.109419 0.0830992 0.0579132 0.0238553 0.00714673 0.00463305 0.00128148 0.00103504 0.000492878 0.000147863 0.000147863 4.92878e-05 0
 0 0 0 0 0 0 0 0 0 0 0 0 0 0 0 0 0 0 0 0 0 0 0 0 0 0
 0 0 0 0 0 0 0 0.0054083 0.00873648 0.0413646 0.0450493 0.0745869 0.0622846 0.0627006 0.0613931 0.0827291 0.12552 0.122667 0.0946155 0.0697135 0.0546179 0.0294188 0.0215738 0.0213955 0.0102223 0.00600262
 0 0 0 0 0.00359764 0.0251062 0.0480494 0.140153 0.205849 0.193036 0.1447 0.116669 0.0760912 0.0342217 0.00950174 0.001854 0.000860785 0 0 0 0.000165536 0 0.000143464 0 0 0
 0 0 0 0 0 0 0 0.000145254 0.000435761 0.0275982 0.070085 0.0708112 0.156366 0.174668 0.174014 0.160142 0.0824315 0.0480064 0.0283245 0.00493863 0.00203355 0 0 0 0 0
 0 0 0 0 0 0 0 0 0 0 0 0 0 0 0 0 0 0 0 0 0 0 0 0 0 0
 0 0 1.00437e-05 0.000401748 0.00122533 0.00171747 0.00176769 0.0269171 0.070346 0.194647 0.189555 0.159765 0.064822 0.0314167 0.0384472 0.0292271 0.0345202 0.0313363 0.0194345 0.0106764 0.0143323 0.0359363 0.0279516 0.0138201 0.00172751 0
 0 0.0021121 0.0136068 0.0755702 0.200478 0.177729 0.0527432 0.0373336 0.0318909 0.0142505 0.0149659 0.0166563 0.0217959 0.0798694 0.0677717 0.0528807 0.04013 0.0224614 0.0357745 0.0225083 0.00881397 0.00855152 0.00135912 0.000746735 0 0
 0 0 0 0 5.4009e-05 0.00500934 0.000945158 0.0243581 0.138947 0.33067 0.221406 0.137944 0.0707744 0.0437923 0.0131692 0.00525238 0.0047753 0.00276346 9.45158e-05 9.00151e-06 2.25038e-05 9.00151e-06 4.50075e-06 0 0 0
 0.000866109 0.00284123 0.00948549 0.0512746 0.133035 0.25785 0.225252 0.132002 0.0553304 0.0519788 0.0540692 0.017754 0.00435017 0.00159236 0.00146478 0.000404838 0.000125132 0.000115318 0.000107957 0.000100596 0 0 0 0 0 0
 0 0 0 0 0.00144013 0.00171154 0.00461396 0.0210425 0.0478622 0.0707936 0.0888783 0.103762 0.0637923 0.0337046 0.0602308 0.124433 0.169614 0.0934646 0.0462172 0.0250306 0.0313229 0.00938855 0.002487 0.000210481 0 0
 0 0.00764035 0.051015 0.0998891 0.058973 0.0496711 0.0374665 0.0718981 0.12319 0.153886 0.159021 0.0857701 0.0377988 0.023471 0.0147837 0.00900784 0.00315554 0.000888139 0.00291439 0.00214683 0.00393193 0.00274676 0.000635225 9.99891e-05 0 0
 0 0 0 0 0 0 0 0 0 0 0 0 0 0 0 0 0 0 0 0 0 0 0 0 0 0
 0 0 0 0 0 0 0 0 0 0 0 0 0 0 0 0 0 0 0 0 0 0 0 0 0 0
 0 0 0 0 0 0 0 0 0 0 0 0 0 0 0 0 0 0 0 0 0 0 0 0 0 0
 0 0 0 0 0 0 0 0 0 0 0 0 0 0 0 0 0 0 0 0 0 0 0 0 0 0
 0 0 0 0 0 0 0 0 0 0 0 0 0 0 0 0 0 0 0 0 0 0 0 0 0 0
ppred_pel_tallas
 1.12704e-16 4.13733e-05 0.000402163 0.00267252 0.0121489 0.0377997 0.0805368 0.117548 0.11756 0.0805927 0.0379893 0.0127032 0.0040899 0.00358218 0.00633186 0.0110555 0.0174389 0.02508 0.0334769 0.0422087 0.0508475 0.0586003 0.0641016 0.0657657 0.0625909 0.0548357
 1.22807e-16 3.91015e-05 0.000380081 0.00252577 0.0114818 0.0357243 0.0761154 0.111098 0.111124 0.0762404 0.0361445 0.0126969 0.0055817 0.00707165 0.0128111 0.0212948 0.0311187 0.0401506 0.0463311 0.0489347 0.0490778 0.0489181 0.050129 0.0528222 0.055613 0.0565761
 1.18337e-16 5.06882e-05 0.000492708 0.00327422 0.0148841 0.0463101 0.0986692 0.144014 0.144032 0.0987563 0.0466028 0.0157313 0.0054078 0.00517388 0.00901146 0.0150058 0.022064 0.0287272 0.0335679 0.036014 0.0366913 0.036912 0.0377138 0.0392106 0.0406588 0.0410234
 1.07133e-16 6.4235e-05 0.000624387 0.00414927 0.018862 0.0586867 0.125039 0.1825 0.182514 0.125103 0.0589024 0.0194856 0.00571686 0.00405404 0.00660062 0.0108722 0.0158053 0.020204 0.022908 0.0234215 0.022211 0.0203604 0.018857 0.0180684 0.0177236 0.0172668
 1.04663e-16 5.75785e-05 0.000559684 0.0037193 0.0169074 0.0526053 0.112082 0.163592 0.163614 0.112193 0.0529776 0.017983 0.00641995 0.0064579 0.0112674 0.0185579 0.0267806 0.0337935 0.0374569 0.036798 0.0325877 0.0268015 0.0214098 0.0174411 0.0148625 0.0130744
 1.03176e-16 6.52244e-05 0.000634004 0.00421318 0.0191525 0.0595907 0.126965 0.185312 0.185326 0.127034 0.059822 0.0198211 0.00589369 0.00430992 0.00706805 0.0116382 0.0168912 0.0215181 0.0242243 0.0244043 0.0224742 0.0195322 0.0166393 0.0142972 0.0124343 0.0107402
 1.0533e-16 4.43618e-05 0.000431213 0.00286556 0.0130264 0.0405303 0.0863554 0.126046 0.126081 0.0865279 0.0411095 0.0146997 0.00706711 0.00960787 0.0174863 0.0288747 0.0416776 0.0525961 0.0582934 0.0572324 0.0505741 0.0413464 0.0325801 0.025876 0.0212367 0.0178342
 1.10821e-16 4.19841e-05 0.000408101 0.00271197 0.0123283 0.0383579 0.0817265 0.119288 0.119314 0.081853 0.0387832 0.0135595 0.00581374 0.0072159 0.0130788 0.0218371 0.032112 0.0417631 0.0486003 0.0515715 0.0512667 0.0492542 0.0468412 0.0443172 0.0411605 0.036796
 1.13415e-16 4.93499e-05 0.000479699 0.00318777 0.0144911 0.0450874 0.0960643 0.140213 0.140233 0.0961614 0.045414 0.0154363 0.0055677 0.00570005 0.0100381 0.0167152 0.0245486 0.0318925 0.0371158 0.0395227 0.0397338 0.0391259 0.0387868 0.0388377 0.0385579 0.0370405
 1.07834e-16 6.20477e-05 0.000603126 0.00400799 0.0182197 0.0566884 0.120781 0.176287 0.176301 0.120851 0.0569243 0.0189017 0.00572268 0.00435619 0.00721938 0.0119163 0.0173513 0.0222363 0.0253135 0.0260417 0.0249138 0.0230786 0.0215687 0.0207444 0.0202917 0.0196178
 1.02652e-16 6.98797e-05 0.000679255 0.00451389 0.0205195 0.0638438 0.136026 0.198537 0.198548 0.13608 0.0640253 0.0210437 0.0058303 0.00355509 0.00553789 0.00906154 0.0130875 0.0165469 0.0184031 0.0181879 0.0162758 0.0136175 0.0111517 0.00935267 0.0081796 0.00732531
 1.01813e-16 6.42407e-05 0.000624442 0.00414964 0.0188637 0.058692 0.12505 0.182518 0.182536 0.125138 0.0589873 0.0197167 0.00629076 0.00529817 0.00893948 0.0146744 0.0211265 0.0265535 0.0292241 0.0283392 0.024502 0.0193029 0.0143651 0.0105942 0.00806433 0.00638479
 1.02536e-16 6.01371e-05 0.000584554 0.00388457 0.0176587 0.0549428 0.117062 0.17086 0.17088 0.117162 0.0552773 0.0186251 0.00631195 0.00588842 0.0101473 0.0167171 0.0241608 0.0305582 0.0339849 0.0335383 0.0298479 0.0246003 0.0194853 0.0153987 0.0123682 0.00999488
 1.03978e-16 5.65281e-05 0.000549473 0.00365144 0.0165989 0.0516456 0.110037 0.160607 0.160629 0.110146 0.0520101 0.0176525 0.00629859 0.00633694 0.0110736 0.0182845 0.0264909 0.0336416 0.0376745 0.0376266 0.0341707 0.0290874 0.0241201 0.0201317 0.017058 0.0144208
 1.0358e-16 6.42377e-05 0.000624414 0.00414945 0.0188628 0.0586893 0.125044 0.182509 0.182523 0.125116 0.0589306 0.0195606 0.00590342 0.00446113 0.00737378 0.0121489 0.0176364 0.0224771 0.0253257 0.0255587 0.023618 0.0206532 0.0177647 0.0154571 0.0136269 0.0119211
 1.00658e-16 7.80535e-05 0.000758708 0.00504188 0.0229197 0.0713116 0.151937 0.221757 0.221761 0.151956 0.0713765 0.0231071 0.00551259 0.0017869 0.00203266 0.00324184 0.00467422 0.00590301 0.00655121 0.00644719 0.00572079 0.00470956 0.00375014 0.00301836 0.00251133 0.00213432
 1.01593e-16 3.52931e-05 0.000343062 0.00227977 0.0103635 0.0322451 0.0687035 0.100286 0.100338 0.0689582 0.0331002 0.0128321 0.008472 0.0138465 0.0256387 0.0422198 0.0605564 0.075605 0.0822487 0.0781281 0.065076 0.0479422 0.0317893 0.0196124 0.0118781 0.00750267
 1.016e-16 7.54728e-05 0.000733622 0.00487518 0.0221618 0.0689538 0.146913 0.214425 0.214429 0.146931 0.069012 0.0223309 0.00530252 0.00167635 0.0018946 0.00308734 0.00461322 0.00616002 0.00745104 0.00833684 0.00884023 0.00906469 0.0090542 0.00874218 0.00802969 0.0069064
 1.02141e-16 5.38799e-05 0.000523732 0.00348039 0.0158213 0.0492262 0.104883 0.153086 0.153117 0.105032 0.0497267 0.0172661 0.00710472 0.00842807 0.0150435 0.0247272 0.0354823 0.0443455 0.0483422 0.0461183 0.0387694 0.0291398 0.0201669 0.0135398 0.00943954 0.00713703
 1.04417e-16 5.49047e-05 0.000533693 0.00354658 0.0161222 0.0501624 0.106877 0.155995 0.156016 0.106981 0.0505109 0.0171303 0.00608235 0.00608723 0.0106544 0.0176628 0.0257532 0.0330365 0.0375957 0.0385002 0.0362808 0.0324237 0.0283367 0.0246434 0.0212334 0.0177805
 1.04159e-16 6.38741e-05 0.000620879 0.00412596 0.018756 0.058357 0.124336 0.181476 0.18149 0.124407 0.0585954 0.0194453 0.00585869 0.0044117 0.00728779 0.0120118 0.0174507 0.0222716 0.0251599 0.0255155 0.0237867 0.021108 0.0185451 0.0165526 0.0149704 0.0133958
 1.02975e-16 6.44641e-05 0.000626614 0.00416407 0.0189293 0.058896 0.125485 0.183152 0.183168 0.125564 0.0591633 0.0197015 0.00610338 0.00486283 0.00811781 0.0133396 0.0192608 0.0243301 0.0270124 0.0266049 0.0236466 0.0195311 0.0156455 0.0127098 0.0107019 0.009218
 1.06955e-16 3.01731e-05 0.000293293 0.00194904 0.00886008 0.0275672 0.0587367 0.085738 0.0857859 0.058971 0.0283542 0.0111338 0.00765929 0.0127682 0.0237496 0.0392868 0.0567584 0.0717254 0.0796648 0.0784731 0.0696783 0.0573165 0.0454267 0.0361429 0.0294924 0.0244382
 1.06621e-16 6.43107e-05 0.000625123 0.00415416 0.0188842 0.0587559 0.125186 0.182714 0.182722 0.125225 0.0588866 0.0192639 0.00511488 0.00274802 0.00417147 0.00699196 0.0105284 0.0142104 0.0174807 0.0200584 0.0220215 0.0235748 0.0247182 0.0251376 0.0244136 0.0223486
 1.0593e-16 5.58673e-05 0.000543051 0.00360876 0.0164049 0.0510419 0.108751 0.158731 0.158755 0.10887 0.0514395 0.0175532 0.00649107 0.00683529 0.012007 0.0197665 0.0284863 0.0358741 0.0396508 0.0388117 0.0342471 0.0281498 0.0226855 0.0189483 0.0168119 0.0154815
 1.08878e-16 4.05591e-05 0.000394249 0.00261992 0.0119098 0.037056 0.078953 0.115241 0.115275 0.0791161 0.0376039 0.0134938 0.00660208 0.00910752 0.0166479 0.0276134 0.0401373 0.0512351 0.0578696 0.0586179 0.0544513 0.0479295 0.0415041 0.0363016 0.0321084 0.0281711
 1.06406e-16 6.40487e-05 0.000622576 0.00413724 0.0188073 0.0585165 0.124676 0.18197 0.181981 0.124728 0.0586922 0.0193161 0.00541964 0.00343927 0.00546425 0.00906604 0.0133698 0.0174826 0.0205338 0.0221256 0.0225238 0.0223645 0.0221284 0.0218283 0.0211148 0.0196278
 1.05001e-16 5.82835e-05 0.000566537 0.00376484 0.0171144 0.0532494 0.113454 0.165594 0.165616 0.113562 0.0536094 0.0181545 0.00637591 0.00626811 0.0108916 0.0179282 0.025858 0.0326053 0.0361054 0.0354341 0.0313666 0.0258471 0.0208025 0.0172181 0.0150148 0.0135403
 1.08968e-16 3.46236e-05 0.000336554 0.00223652 0.0101669 0.0316333 0.0673995 0.0983798 0.0984195 0.0675935 0.0322851 0.012051 0.00697168 0.0106925 0.0197583 0.032756 0.0475252 0.0604821 0.0679735 0.0682919 0.0626262 0.054111 0.0457909 0.0391319 0.0339606 0.0293919
pSPR Fmed_Fpbrs
0.637926   0.205477 0.205477
Fs Fmed_Fpbrs
0.238387   1.005 1.005
SSBpbr Bo_Bmed_Bpbrs
1.92779e+06  1.1334e+06  299727 299727
Ro
178892
SPR SPRFo_SPRFmed_SPRFpbrs
1.27139e+06 811052 261241
Fref
1.005
log_Ro
11.9145
likeval ReclasPelacesDesembMPH_pf_preclas_ppelaces_ptallas_desvR_qrecl_qpela
 13.2471 17.1853 0.0582466 0.00277057 216.911 107.009 74.2606 0 22.8873 7.8976e-07 0 0.297866 0 0 0
q_reclas_q_pelaces
0.881676 1
M
1
N
 197287 45111.8 145348 8764.26 0.289962
 112813 65029.6 14534.1 46828.2 2823.77
 110307 33975.2 18786.8 4198.85 14344.3
 182069 33379.6 9872.14 5458.86 5388.05
 145354 49779.8 8580.44 2537.69 2788.27
 253962 48316.2 16201.8 2792.68 1733.44
 104874 76835.2 14035.8 4706.6 1314.83
 47173 24913.7 16666.8 3044.58 1306.14
 45175.2 16172.4 8416.95 5630.78 1469.87
 60277.5 12632.9 4271.91 2223.32 1875.62
 112983 15481.1 3011.01 1018.19 976.967
 149737 38215.3 5145.68 1000.81 663.162
 124221 38119.3 9011.98 1213.46 392.401
 87581.6 32369.3 9246.03 2185.9 389.51
 87222.5 18179 5965.24 1703.93 474.615
 477079 21768 4185.37 1373.39 501.569
 98167 128608 5500.89 1057.66 473.81
 722784 29436.3 36960.1 1580.87 440.122
 424785 216621 8454.22 10615.1 580.437
 339352 116518 55902 2181.73 2889.16
 481308 96400.5 31367.9 15049.4 1365.14
 645410 145385 27950 9094.7 4759.17
 132732 184750 39502.4 7594.26 3764.21
 398386 42046.5 56733.6 12130.5 3487.99
 339365 128707 13222.2 17840.8 4911.5
 153457 109438 40384.5 4148.74 7139
 352143 50772 35418.5 13070.1 3653.17
 348906 114365 16067.5 11208.7 5292.3
 115528 115035 36857.6 5178.23 5317.93
pred_Ctot
 13087.1 3580.94 11537.6 695.701 0.023017
 13145 9000.94 2011.71 6481.63 390.846
 12570.1 4600.86 2544.07 568.601 1942.47
 30275.2 6543.83 1935.36 1070.17 1056.29
 8934.42 3664.03 631.562 186.786 205.23
 28967.9 6549.01 2196.07 378.533 234.959
 24329.7 20797.5 3799.16 1273.97 355.893
 2041.99 1294.76 866.17 158.226 67.88
 7003.8 2961.14 1541.13 1030.98 269.13
 11841.9 2912.2 984.782 512.53 432.377
 5793.86 952.041 185.168 62.616 60.0806
 30035.2 8988.93 1210.36 235.41 155.988
 23552.7 8490.14 2007.19 270.269 87.3976
 25261.9 10792 3082.65 728.783 129.863
 18297.7 4465.52 1465.32 418.556 116.586
 82647.1 4441.07 853.891 280.196 102.329
 11666.2 18149.3 776.29 149.258 66.8645
 86097.7 4163.65 5227.86 223.608 62.2536
 69953.4 42067.4 1641.8 2061.43 112.72
 49907.3 20262.1 9721.18 379.396 502.416
 55313.8 13163.4 4283.26 2054.98 186.408
 92391.1 24623.6 4733.85 1540.35 806.052
 11797.9 19586.7 4187.93 805.121 399.071
 30999.7 3908.66 5273.98 1127.66 324.245
 26760.5 12123 1245.41 1680.44 462.617
 9847.66 8406.47 3102.13 318.685 548.382
 26352 4541 3167.8 1168.97 326.736
 23093.3 9058.27 1272.62 887.782 419.175
 7738.98 9220.46 2954.26 415.052 426.25
F
 0.109818 0.132644 0.132644 0.132644 0.132644
 0.200098 0.241689 0.241689 0.241689 0.241689
 0.195318 0.235915 0.235915 0.235915 0.235915
 0.296775 0.35846 0.35846 0.35846 0.35846
 0.101408 0.122486 0.122486 0.122486 0.122486
 0.19552 0.236159 0.236159 0.236159 0.236159
 0.437344 0.528246 0.528246 0.528246 0.528246
 0.0705141 0.0851705 0.0851705 0.0851705 0.0851705
 0.274245 0.331247 0.331247 0.331247 0.331247
 0.35934 0.434029 0.434029 0.434029 0.434029
 0.0840009 0.101461 0.101461 0.101461 0.101461
 0.368158 0.44468 0.44468 0.44468 0.44468
 0.34485 0.416527 0.416527 0.416527 0.416527
 0.572305 0.69126 0.69126 0.69126 0.69126
 0.38802 0.46867 0.46867 0.46867 0.46867
 0.31091 0.375533 0.375533 0.375533 0.375533
 0.20444 0.246933 0.246933 0.246933 0.246933
 0.204963 0.247564 0.247564 0.247564 0.247564
 0.293536 0.354547 0.354547 0.354547 0.354547
 0.258528 0.312263 0.312263 0.312263 0.312263
 0.197121 0.238092 0.238092 0.238092 0.238092
 0.25088 0.303026 0.303026 0.303026 0.303026
 0.149554 0.180639 0.180639 0.180639 0.180639
 0.12988 0.156876 0.156876 0.156876 0.156876
 0.131717 0.159095 0.159095 0.159095 0.159095
 0.106074 0.128122 0.128122 0.128122 0.128122
 0.12464 0.150546 0.150546 0.150546 0.150546
 0.109563 0.132335 0.132335 0.132335 0.132335
 0.110951 0.134012 0.134012 0.134012 0.134012
nmprior
 8 9 7.5 0
nm_flota  nm_reclas  nm_pelaces    nm_pelaL
inf 11.7934 15.7298 20.7203
cv_recla  cv_pelaces  cv_mph
0.345288 0.50772 1.62439
 ------------------------------------------------
Talla a la edad & desviación 
 8 13.2811 15.8009 17.003 17.5766
 0.8 1.32811 1.58009 1.7003 1.75766
