years
 1991 1992 1993 1994 1995 1996 1997 1998 1999 2000 2001 2002 2003 2004 2005 2006 2007 2008 2009 2010 2011 2012 2013 2014 2015 2016 2017 2018
reclasobs
 0 0 0 0 0 0 0 0 0 252601 567819 844713 477998 351125 339783 2.1784e+06 2.13404e+06 4.81314e+06 1.55562e+06 2.62356e+06 3.21686e+06 3.843e+06 1.13348e+06 3.07943e+06 1.97215e+06 2.03268e+06 2.025e+06 2.42433e+06
reclaspred
 3.17515e+06 1.78119e+06 896675 891471 883187 1.4245e+06 890983 782811 571216 414629 491535 639788 628907 490499 496381 1.329e+06 1.2717e+06 2.86058e+06 2.37364e+06 1.8085e+06 3.18885e+06 2.58304e+06 2.03509e+06 3.14455e+06 2.38103e+06 2.09503e+06 2.20314e+06 2.23219e+06
pelacesobs
 0 0 0 0 0 0 0 0 0 0 0 0 0 0 0 552880 188675 0 991730 2.46772e+06 1.41603e+06 1.21717e+06 2.29649e+06 1.80582e+06 0 1.4828e+06 1.56532e+06 1.57751e+06
pelacespred
 1.62387e+06 1.01181e+06 509651 414033 428646 713880 411671 450394 315543 216558 266353 289477 312884 256731 267443 596858 572643 1.48257e+06 1.2694e+06 896224 1.53204e+06 1.35122e+06 1.06063e+06 1.79262e+06 1.30765e+06 1.1466e+06 1.36484e+06 1.37295e+06
mphobs
 0 0 0 0 0 0 0 0 0 0 0 498337 0 5186 125008 0 168611 109162 213762 579715 649985 157893 87575 83554 0 0 0 0
mphpred
 472853 315870 157482 85342.9 92562.9 104963 140588 86330.7 76497.1 52391 34489 57461.4 62101.8 52429.8 35482.6 45132.1 151072 141705 279849 213060 233900 287076 271627 222355 310791 258908 211010 196428
desembarqueobs
 494567 514787 250237 358949 120608 361735 552515 73892 212993 205616 52469 317467 293654 387597 252695 516296 358380 742168 942051 627588 828172 859565 418607 520667 417249 300574 407403 355545
desembarquepred
 494575 513580 250832 358976 120613 361746 552554 73896.2 213041 205660 52471.6 317531 293703 387630 252689 516257 358403 742077 941857 627462 828229 859569 418613 520686 417244 300572 407402 355545
Reclutas
 194479 113039 107584 182218 144673 255060 105205 46760.2 44761.7 59721.1 111833 149076 123437 87112.6 86249.5 475911 97264.8 719362 424166 338063 479685 645421 132074 399553 343360 148296 276405 320658
log_desv_Rt
 0.0848801 -0.457717 -0.507171 0.0197562 -0.210968 0.356052 -0.529537 -1.34041 -1.38409 -1.09576 -0.468437 -0.180987 -0.369714 -0.718244 -0.728202 0.979785 -0.608009 1.39292 0.864679 0.637785 0.987682 1.28446 -0.302086 0.804901 0.653333 -0.186237 0.43642 0.58493
SSB
 3.08028e+06 2.05765e+06 1.02588e+06 555945 602978 683758 915824 562380 498321 341288 224670 374318 404547 341541 231143 294002 984122 923104 1.82301e+06 1.38793e+06 1.52368e+06 1.87008e+06 1.76945e+06 1.44847e+06 2.02457e+06 1.68659e+06 1.37457e+06 1.27958e+06
BT
 4.16086e+06 2.84e+06 1.42345e+06 1.2559e+06 1.08331e+06 1.95504e+06 1.44238e+06 1.10382e+06 938702 698009 659333 933530 988681 996148 870025 1.79355e+06 1.60014e+06 4.07553e+06 3.83243e+06 2.62416e+06 4.20711e+06 3.91567e+06 2.81078e+06 4.61886e+06 3.39751e+06 2.90977e+06 3.56451e+06 3.52561e+06
Ftot
 0.135732 0.247426 0.241557 0.35945 0.122713 0.232249 0.524661 0.0846195 0.329247 0.433407 0.100267 0.441158 0.414294 0.686547 0.464017 0.365886 0.246604 0.242599 0.351302 0.309351 0.235275 0.299036 0.180206 0.153527 0.156509 0.127408 0.169124 0.147767
BD_Bspro_t
 0.978517 0.842585 0.680018 0.587272 0.576083 0.652044 0.647366 0.480917 0.536876 0.49342 0.460015 0.671013 0.556341 0.466912 0.360104 0.419402 0.599564 0.571363 0.666945 0.573332 0.550013 0.59701 0.61108 0.602382 0.707036 0.716908 0.72079 0.733705
BD_Bspro
 2.43161 1.62434 0.80984 0.438869 0.475997 0.539767 0.722962 0.443949 0.393381 0.269417 0.177357 0.295491 0.319354 0.269616 0.182467 0.232088 0.776877 0.728709 1.4391 1.09565 1.20281 1.47626 1.39682 1.14344 1.59822 1.33141 1.0851 1.01012
BD_Bo
 1.63748 1.09385 0.545358 0.295541 0.320544 0.363487 0.486853 0.298962 0.264908 0.181429 0.119435 0.198988 0.215058 0.181563 0.122876 0.156292 0.523161 0.490723 0.969114 0.737824 0.809991 0.994138 0.94064 0.77001 1.07626 0.896593 0.730725 0.680228
BD_Brms
 11.1238 7.43077 3.70474 2.00768 2.17752 2.46925 3.3073 2.03091 1.79958 1.23249 0.811348 1.35177 1.46093 1.2334 0.834722 1.06172 3.55395 3.33359 6.5834 5.0122 5.50245 6.7534 6.38997 5.23085 7.31129 6.09076 4.96397 4.62094
Sel_flota
 0.862368 1 1 1 1
 0.862368 1 1 1 1
 0.862368 1 1 1 1
 0.862368 1 1 1 1
 0.862368 1 1 1 1
 0.862368 1 1 1 1
 0.862368 1 1 1 1
 0.862368 1 1 1 1
 0.862368 1 1 1 1
 0.862368 1 1 1 1
 0.862368 1 1 1 1
 0.862368 1 1 1 1
 0.862368 1 1 1 1
 0.862368 1 1 1 1
 0.862368 1 1 1 1
 0.862368 1 1 1 1
 0.862368 1 1 1 1
 0.862368 1 1 1 1
 0.862368 1 1 1 1
 0.862368 1 1 1 1
 0.862368 1 1 1 1
 0.862368 1 1 1 1
 0.862368 1 1 1 1
 0.862368 1 1 1 1
 0.862368 1 1 1 1
 0.862368 1 1 1 1
 0.862368 1 1 1 1
 0.862368 1 1 1 1
Sel_reclas
 1 1 1 1 1
 1 1 1 1 1
 1 1 1 1 1
 1 1 1 1 1
 1 1 1 1 1
 1 1 1 1 1
 1 1 1 1 1
 1 1 1 1 1
 1 1 1 1 1
 1 1 1 1 1
 1 1 1 1 1
 1 1 1 1 1
 1 1 1 1 1
 1 1 1 1 1
 1 1 1 1 1
 1 1 1 1 1
 1 1 1 1 1
 1 1 1 1 1
 1 1 1 1 1
 1 1 1 1 1
 1 1 1 1 1
 1 1 1 1 1
 1 1 1 1 1
 1 1 1 1 1
 1 1 1 1 1
 1 1 1 1 1
 1 1 1 1 1
 1 1 1 1 1
Sel_pelaces
 1 1 1 1 1
 1 1 1 1 1
 1 1 1 1 1
 1 1 1 1 1
 1 1 1 1 1
 1 1 1 1 1
 1 1 1 1 1
 1 1 1 1 1
 1 1 1 1 1
 1 1 1 1 1
 1 1 1 1 1
 1 1 1 1 1
 1 1 1 1 1
 1 1 1 1 1
 1 1 1 1 1
 1 1 1 1 1
 1 1 1 1 1
 1 1 1 1 1
 1 1 1 1 1
 1 1 1 1 1
 1 1 1 1 1
 1 1 1 1 1
 1 1 1 1 1
 1 1 1 1 1
 1 1 1 1 1
 1 1 1 1 1
 1 1 1 1 1
 1 1 1 1 1
pf_obs 
 0.8446 0.082 0.0669 0.0065 0
 0.8095 0.147 0.0364 0.0071 0
 0.9664 0.0169 0.016 0.0007 0
 0.9276 0.0648 0.0075 0.0001 0
 0.7033 0.2144 0.0806 0.0017 0
 0.9318 0.0425 0.0243 0.0014 0
 0.5671 0.3108 0.0964 0.0239 0.0018
 0.0768 0.2599 0.5324 0.112 0.0189
 0.490249 0.384438 0.106611 0.0170017 0.00170017
 0.7925 0.1577 0.0466 0.003 0.0002
 0.840416 0.127587 0.0312969 0.00059994 9.999e-05
 0.8084 0.0986 0.0794 0.0134 0.0002
 0.7335 0.1905 0.0724 0.0035 0.0001
 0.4001 0.4547 0.1325 0.0127 0
 0.49795 0.308269 0.164784 0.0264974 0.00249975
 0.9179 0.0499 0.0305 0.0017 0
 0.2467 0.6533 0.0926 0.0074 0
 0.9418 0.0223 0.034 0.0019 0
 0.707729 0.231977 0.0356964 0.0245975 0
 0.517169 0.277429 0.184464 0.0207286 0.00020938
 0.811772 0.124168 0.05621 0.00726502 0.000585176
 0.764997 0.148141 0.077277 0.00933861 0.000247198
 0.163321 0.427699 0.378323 0.0303852 0.000271297
 0.753843 0.0900009 0.118128 0.0371064 0.000921714
 0.721811 0.176058 0.0630433 0.0369309 0.00215725
 0.143369 0.312575 0.442814 0.0836902 0.0175525
 0.692698 0.0596174 0.167031 0.0765114 0.00414204
 0.394062 0.376323 0.152708 0.0712218 0.00568511
pf_pred 
 0.465745 0.123778 0.386997 0.0234796 7.97456e-07
 0.43973 0.283202 0.0641922 0.200699 0.0121771
 0.574064 0.205118 0.111617 0.0252999 0.0839003
 0.75393 0.151221 0.0456763 0.0248553 0.024317
 0.667437 0.261218 0.0438444 0.0132432 0.0142568
 0.765508 0.164507 0.0549711 0.00922667 0.00578713
 0.490912 0.40431 0.0735064 0.0245627 0.00670861
 0.470117 0.285627 0.193985 0.0352678 0.0150037
 0.555619 0.226106 0.117658 0.0799082 0.0207084
 0.717848 0.168848 0.0576501 0.0299992 0.0256541
 0.828626 0.129166 0.0252589 0.0086242 0.00832549
 0.747703 0.214373 0.0285837 0.00558968 0.00375088
 0.693947 0.23904 0.0569398 0.00759215 0.00248096
 0.641693 0.262057 0.0751756 0.017907 0.00316789
 0.747344 0.173806 0.0576684 0.0165432 0.00463776
 0.938928 0.0477012 0.00919809 0.00305189 0.00112093
 0.387049 0.581327 0.0247003 0.00476288 0.00216074
 0.902869 0.0415416 0.0527213 0.0022401 0.000627912
 0.614162 0.353677 0.013755 0.0174568 0.000949641
 0.627642 0.243995 0.117663 0.0045761 0.00612356
 0.745933 0.169535 0.0553914 0.0267117 0.00242902
 0.753013 0.191748 0.03686 0.0120431 0.00633574
 0.32952 0.525491 0.112562 0.0216381 0.010789
 0.753801 0.0902169 0.122251 0.0261867 0.0075439
 0.644764 0.27793 0.028328 0.0383867 0.0105914
 0.442714 0.37934 0.139221 0.0141901 0.0245341
 0.703548 0.142913 0.104512 0.0383569 0.0106689
 0.700204 0.220701 0.03813 0.0278844 0.0130803
pobs_RECLAS
 0 0 0 0 0
 0 0 0 0 0
 0 0 0 0 0
 0 0 0 0 0
 0 0 0 0 0
 0 0 0 0 0
 0 0 0 0 0
 0 0 0 0 0
 0 0 0 0 0
 0 0 0 0 0
 0.991045 0.00858322 0.000360255 1.14367e-05 0
 0.934742 0.0480273 0.0164251 0.00080598 0
 0.827803 0.169806 0.00239088 0 0
 0.941827 0.0461693 0.0120037 0 0
 0.791401 0.0380133 0.147996 0.0225897 0
 0.846168 0.0940531 0.0597789 0 0
 0.134021 0.677848 0.182769 0.00536245 0
 0.80878 0.0450904 0.141981 0.00414843 0
 0.846168 0.0940531 0.0597789 0 0
 0.905697 0.0802665 0.012482 0.00150086 5.37128e-05
 0.989698 0.0102097 9.19794e-05 0 0
 0.975433 0.0193895 0.00387452 0.00125025 5.28907e-05
 0.303575 0.632131 0.0575291 0.00676475 0
 0.966965 0.00978017 0.0227588 0.000495775 0
 0.843318 0.132988 0.00938335 0.0141283 0.000182051
 0.564624 0.303363 0.111486 0.0197234 0.00080311
 0.826376 0.0876187 0.0782897 0.00655872 0.00115652
 0.89761 0.0855135 0.0140674 0.00269457 0.000114338
ppred_RECLAS
 0.503139 0.115115 0.35991 0.0218362 7.4164e-07
 0.477321 0.2642 0.0598853 0.187233 0.0113601
 0.610601 0.187523 0.102043 0.0231297 0.0767034
 0.781273 0.134418 0.0406008 0.0220934 0.0216149
 0.699775 0.235818 0.039581 0.0119554 0.0128705
 0.79156 0.14623 0.0488638 0.00820158 0.00514418
 0.530054 0.373224 0.0678548 0.0226742 0.00619281
 0.507356 0.265553 0.180352 0.0327893 0.0139493
 0.592974 0.2071 0.107768 0.0731911 0.0189676
 0.748126 0.150729 0.0514636 0.02678 0.0229011
 0.848801 0.11396 0.0222853 0.00760892 0.00734538
 0.775805 0.190495 0.0253999 0.00496707 0.00333309
 0.725736 0.214211 0.0510257 0.00680358 0.00222327
 0.677686 0.235732 0.0676239 0.0161082 0.00284967
 0.775554 0.1544 0.0512294 0.0146961 0.00411993
 0.947161 0.0412706 0.00795808 0.00264046 0.000969813
 0.423538 0.546721 0.0232299 0.00447935 0.00203211
 0.915361 0.0361991 0.045941 0.00195201 0.000547159
 0.649789 0.321019 0.0124849 0.0158449 0.000861955
 0.662541 0.221127 0.106635 0.00414721 0.00554964
 0.773525 0.151123 0.0493758 0.0238108 0.00216523
 0.780245 0.170607 0.032796 0.0107153 0.0056372
 0.363565 0.498808 0.106847 0.0205394 0.0102412
 0.780577 0.0804051 0.108955 0.0233387 0.00672344
 0.678347 0.251655 0.0256499 0.0347576 0.00959007
 0.479891 0.354034 0.129934 0.0132434 0.0228974
 0.733904 0.128279 0.0938105 0.0344293 0.00957646
 0.730711 0.198243 0.03425 0.025047 0.0117493
pobs_PELACES
 0 0 0 0 0
 0 0 0 0 0
 0 0 0 0 0
 0 0 0 0 0
 0 0 0 0 0
 0 0 0 0 0
 0 0 0 0 0
 0 0 0 0 0
 0 0 0 0 0
 0 0 0 0 0
 0 0 0 0 0
 0 0 0 0 0
 0 0 0 0 0
 0 0 0 0 0
 0 0 0 0 0
 0 0 0 0 0
 0.505614 0.472636 0.0217494 0 0
 0 0 0 0 0
 0.443492 0.261883 0.143347 0.151278 0
 0.227955 0.32914 0.350689 0.0885471 0.00366901
 0.970185 0.0296113 0.000203453 0 0
 0.997202 0.00247181 0.000326279 0 0
 0.445219 0.490057 0.0546422 0.010081 0
 0.90214 0.0892962 0.00764917 0.000914606 0
 0 0 0 0 0
 0.581667 0.319106 0.0959925 0.00289975 0.000334073
 0.762889 0.0836404 0.116647 0.0363945 0.000428098
 0.88444 0.0763242 0.0277011 0.0115352 0
ppred_PELACES
 0.50468 0.114758 0.358793 0.0217684 7.3934e-07
 0.480125 0.262783 0.059564 0.186229 0.0112991
 0.613206 0.186268 0.10136 0.0229749 0.0761901
 0.78405 0.132711 0.0400853 0.0218129 0.0213405
 0.700945 0.234899 0.0394268 0.0119089 0.0128204
 0.793296 0.145013 0.0484571 0.00813331 0.00510136
 0.535986 0.368513 0.0669984 0.022388 0.00611465
 0.508317 0.265036 0.18 0.0327253 0.0139221
 0.596578 0.205266 0.106814 0.072543 0.0187997
 0.751818 0.14852 0.0507094 0.0263875 0.0225655
 0.849384 0.11352 0.0221993 0.00757955 0.00731703
 0.779271 0.18755 0.0250073 0.00489029 0.00328157
 0.729466 0.211298 0.0503318 0.00671106 0.00219304
 0.684459 0.230779 0.0662029 0.0157697 0.00278979
 0.779202 0.151891 0.050397 0.0144573 0.00405298
 0.947987 0.0406258 0.00783375 0.00259921 0.000954661
 0.426275 0.544125 0.0231196 0.00445808 0.00202246
 0.916211 0.0358356 0.0454798 0.00193241 0.000541665
 0.653411 0.317699 0.0123558 0.015681 0.00085304
 0.665675 0.219073 0.105645 0.00410869 0.00549809
 0.775391 0.149878 0.0489689 0.0236146 0.00214738
 0.782565 0.168806 0.0324498 0.0106022 0.00557769
 0.365461 0.497322 0.106528 0.0204782 0.0102107
 0.781769 0.0799683 0.108364 0.0232119 0.00668692
 0.679896 0.250443 0.0255263 0.0345903 0.00954389
 0.481336 0.353051 0.129573 0.0132067 0.0228339
 0.735402 0.127558 0.0932827 0.0342355 0.00952257
 0.73203 0.197272 0.0340823 0.0249243 0.0116918
pobs_pel_tallas
 0 0 0 0 0 0 0 0 0 0 0 0 0 0 0 0 0 0 0 0 0 0 0 0 0 0
 0 0 0 0 0 0 0 0 0 0 0 0 0 0 0 0 0 0 0 0 0 0 0 0 0 0
 0 0 0 0 0 0 0 0 0 0 0 0 0 0 0 0 0 0 0 0 0 0 0 0 0 0
 0 0 0 0 0 0 0 0 0 0 0 0 0 0 0 0 0 0 0 0 0 0 0 0 0 0
 0 0 0 0 0 0 0 0 0 0 0 0 0 0 0 0 0 0 0 0 0 0 0 0 0 0
 0 0 0 0 0 0 0 0 0 0 0 0 0 0 0 0 0 0 0 0 0 0 0 0 0 0
 0 0 0 0 0 0 0 0 0 0 0 0 0 0 0 0 0 0 0 0 0 0 0 0 0 0
 0 0 0 0 0 0 0 0 0 0 0 0 0 0 0 0 0 0 0 0 0 0 0 0 0 0
 0 0 0 0 0 0 0 0 0 0 0 0 0 0 0 0 0 0 0 0 0 0 0 0 0 0
 0 0 0 0 0 0 0 0 0 0 0 0 0 0 0 0 0 0 0 0 0 0 0 0 0 0
 0 0 0 0 0 0 0 0 0 0 0 0 0 0 0 0 0 0 0 0 0 0 0 0 0 0
 0 0 0 0 0 0 0 0 0 0 0 0 0 0 0 0 0 0 0 0 0 0 0 0 0 0
 0.00862536 0 0 0.000197151 0.00414017 0.0128641 0.00837892 0.0270097 0.101434 0.158115 0.152841 0.127902 0.109271 0.109419 0.0830992 0.0579132 0.0238553 0.00714673 0.00463305 0.00128148 0.00103504 0.000492878 0.000147863 0.000147863 4.92878e-05 0
 0 0 0 0 0 0 0 0 0 0 0 0 0 0 0 0 0 0 0 0 0 0 0 0 0 0
 0 0 0 0 0 0 0 0.0054083 0.00873648 0.0413646 0.0450493 0.0745869 0.0622846 0.0627006 0.0613931 0.0827291 0.12552 0.122667 0.0946155 0.0697135 0.0546179 0.0294188 0.0215738 0.0213955 0.0102223 0.00600262
 0 0 0 0 0.00359764 0.0251062 0.0480494 0.140153 0.205849 0.193036 0.1447 0.116669 0.0760912 0.0342217 0.00950174 0.001854 0.000860785 0 0 0 0.000165536 0 0.000143464 0 0 0
 0 0 0 0 0 0 0 0.000145254 0.000435761 0.0275982 0.070085 0.0708112 0.156366 0.174668 0.174014 0.160142 0.0824315 0.0480064 0.0283245 0.00493863 0.00203355 0 0 0 0 0
 0 0 0 0 0 0 0 0 0 0 0 0 0 0 0 0 0 0 0 0 0 0 0 0 0 0
 0 0 1.00437e-05 0.000401748 0.00122533 0.00171747 0.00176769 0.0269171 0.070346 0.194647 0.189555 0.159765 0.064822 0.0314167 0.0384472 0.0292271 0.0345202 0.0313363 0.0194345 0.0106764 0.0143323 0.0359363 0.0279516 0.0138201 0.00172751 0
 0 0.0021121 0.0136068 0.0755702 0.200478 0.177729 0.0527432 0.0373336 0.0318909 0.0142505 0.0149659 0.0166563 0.0217959 0.0798694 0.0677717 0.0528807 0.04013 0.0224614 0.0357745 0.0225083 0.00881397 0.00855152 0.00135912 0.000746735 0 0
 0 0 0 0 5.4009e-05 0.00500934 0.000945158 0.0243581 0.138947 0.33067 0.221406 0.137944 0.0707744 0.0437923 0.0131692 0.00525238 0.0047753 0.00276346 9.45158e-05 9.00151e-06 2.25038e-05 9.00151e-06 4.50075e-06 0 0 0
 0.000866109 0.00284123 0.00948549 0.0512746 0.133035 0.25785 0.225252 0.132002 0.0553304 0.0519788 0.0540692 0.017754 0.00435017 0.00159236 0.00146478 0.000404838 0.000125132 0.000115318 0.000107957 0.000100596 0 0 0 0 0 0
 0 0 0 0 0.00144013 0.00171154 0.00461396 0.0210425 0.0478622 0.0707936 0.0888783 0.103762 0.0637923 0.0337046 0.0602308 0.124433 0.169614 0.0934646 0.0462172 0.0250306 0.0313229 0.00938855 0.002487 0.000210481 0 0
 0 0.00764035 0.051015 0.0998891 0.058973 0.0496711 0.0374665 0.0718981 0.12319 0.153886 0.159021 0.0857701 0.0377988 0.023471 0.0147837 0.00900784 0.00315554 0.000888139 0.00291439 0.00214683 0.00393193 0.00274676 0.000635225 9.99891e-05 0 0
 0 0 0 0 0 0 0 0 0 0 0 0 0 0 0 0 0 0 0 0 0 0 0 0 0 0
 0 0 0 0 0 0 0 0 0 0 0 0 0 0 0 0 0 0 0 0 0 0 0 0 0 0
 0 0 0 0 0 0 0 0 0 0 0 0 0 0 0 0 0 0 0 0 0 0 0 0 0 0
 0 0 0 0 0 0 0 0 0 0 0 0 0 0 0 0 0 0 0 0 0 0 0 0 0 0
ppred_pel_tallas
 1.12567e-16 4.15698e-05 0.000404074 0.00268521 0.0122066 0.0379793 0.0809193 0.118107 0.118118 0.0809762 0.0381719 0.0127698 0.00412453 0.00363085 0.00641752 0.0111882 0.0176098 0.0252532 0.0335902 0.0421902 0.0506425 0.0581946 0.0635296 0.0650999 0.0619182 0.0542322
 1.22375e-16 3.95473e-05 0.000384414 0.00255457 0.0116127 0.0361316 0.0769831 0.112364 0.11239 0.0771074 0.0365493 0.0128206 0.0055923 0.00703609 0.0127352 0.0211668 0.0309294 0.0399003 0.0460278 0.0485841 0.0486719 0.0484314 0.0495282 0.0520854 0.0547477 0.0556258
 1.18171e-16 5.0509e-05 0.000490966 0.00326264 0.0148315 0.0461464 0.0983205 0.143505 0.143523 0.0984089 0.0464438 0.0156924 0.00543051 0.00524685 0.00915273 0.0152384 0.0223963 0.0291386 0.034008 0.0364172 0.0369998 0.0370935 0.0377638 0.0391439 0.0404987 0.0407951
 1.0699e-16 6.45812e-05 0.000627752 0.00417164 0.0189637 0.0590031 0.125713 0.183484 0.183497 0.125775 0.0592138 0.019573 0.00570345 0.00397933 0.00645278 0.0106274 0.0154529 0.0197609 0.0224189 0.0229429 0.0217865 0.0200043 0.0185551 0.0177929 0.0174503 0.0169857
 1.04562e-16 5.77359e-05 0.000561214 0.00372946 0.0169536 0.0527491 0.112388 0.164039 0.164062 0.112499 0.0531208 0.0180275 0.00642571 0.00644953 0.0112479 0.0185232 0.0267255 0.0337133 0.0373478 0.0366566 0.0324112 0.0265888 0.021164 0.0171715 0.0145839 0.012804
 1.03115e-16 6.53427e-05 0.000635155 0.00422083 0.0191873 0.0596988 0.127195 0.185648 0.185662 0.127264 0.0599291 0.0198529 0.00589384 0.00429461 0.00703662 0.0115853 0.016813 0.0214157 0.0241033 0.0242725 0.022337 0.0193912 0.0164929 0.0141442 0.0122771 0.0105847
 1.05308e-16 4.41485e-05 0.000429139 0.00285178 0.0129638 0.0403354 0.0859402 0.12544 0.125475 0.0861139 0.0409187 0.014649 0.00708311 0.00967074 0.0176092 0.0290777 0.0419686 0.0529592 0.0586876 0.0576049 0.0508806 0.0415651 0.0327134 0.0259414 0.0212549 0.0178228
 1.10901e-16 4.18694e-05 0.000406986 0.00270456 0.0122946 0.0382531 0.0815033 0.118962 0.118988 0.0816293 0.0386771 0.013522 0.00579677 0.00719448 0.0130418 0.0217803 0.0320402 0.0416935 0.0485624 0.0515992 0.0513861 0.0494727 0.0471431 0.0446681 0.0415179 0.0371215
 1.13592e-16 4.91394e-05 0.000477652 0.00317417 0.0144293 0.0448951 0.0956545 0.139615 0.139635 0.0957519 0.0452228 0.0153777 0.00556225 0.00571595 0.0100725 0.0167739 0.0246369 0.0320121 0.037265 0.0397001 0.0399422 0.0393732 0.0390821 0.0391839 0.0389468 0.0374515
 1.07967e-16 6.19262e-05 0.000601945 0.00400014 0.0181841 0.0565774 0.120545 0.175942 0.175956 0.120615 0.0568135 0.0188667 0.00571662 0.00435909 0.00722753 0.0119314 0.0173765 0.0222753 0.0253712 0.026124 0.0250277 0.0232307 0.0217625 0.0209782 0.0205568 0.0198996
 1.02669e-16 6.99627e-05 0.000680062 0.00451925 0.0205439 0.0639197 0.136188 0.198773 0.198784 0.136242 0.0640994 0.0210633 0.00582362 0.00352963 0.00548817 0.00897944 0.0129698 0.0164001 0.0182439 0.0180379 0.0161533 0.0135319 0.0111027 0.00933366 0.0081823 0.00734224
 1.01816e-16 6.41875e-05 0.000623926 0.00414621 0.0188481 0.0586434 0.124947 0.182367 0.182385 0.125035 0.0589399 0.0197045 0.00629585 0.00531622 0.00897451 0.0147319 0.0212082 0.0266541 0.0293308 0.028436 0.024576 0.0193488 0.0143858 0.010598 0.00806009 0.00637952
 1.02551e-16 6.00852e-05 0.000584049 0.00388121 0.0176434 0.0548954 0.116961 0.170713 0.170733 0.117061 0.0552302 0.0186108 0.00631098 0.00589321 0.0101576 0.0167349 0.0241881 0.0305961 0.0340331 0.0335958 0.0299134 0.0246723 0.0195611 0.0154746 0.0124393 0.0100567
 1.04024e-16 5.6378e-05 0.000548015 0.00364175 0.0165549 0.0515085 0.109745 0.160181 0.160203 0.109854 0.0518746 0.017613 0.00630033 0.00636057 0.0111215 0.0183648 0.0266088 0.0337946 0.0378522 0.0378147 0.0343576 0.0292677 0.0242935 0.0202989 0.0172172 0.0145671
 1.03629e-16 6.41818e-05 0.00062387 0.00414584 0.0188464 0.0586382 0.124935 0.18235 0.182365 0.125007 0.0588794 0.0195437 0.00589856 0.00445801 0.00736928 0.0121428 0.0176303 0.0224753 0.0253351 0.0255872 0.0236726 0.0207371 0.0178761 0.015589 0.0137688 0.0120612
 1.00659e-16 7.80844e-05 0.000759008 0.00504388 0.0229287 0.0713398 0.151997 0.221845 0.221849 0.152016 0.0714041 0.0231146 0.00551054 0.00177837 0.00201592 0.00321415 0.00463442 0.00585317 0.00649672 0.00639506 0.00567695 0.00467696 0.00372858 0.00300573 0.00250509 0.00213238
 1.01596e-16 3.51118e-05 0.000341299 0.00226806 0.0103103 0.0320794 0.0683505 0.0997705 0.0998229 0.0686063 0.032938 0.012789 0.00848574 0.0139002 0.0257436 0.0423927 0.0608038 0.0759125 0.0825806 0.078439 0.0653284 0.0481195 0.0318968 0.0196684 0.0119036 0.00751371
 1.01608e-16 7.54671e-05 0.000733567 0.00487481 0.0221602 0.0689485 0.146902 0.214409 0.214412 0.146919 0.0690065 0.0223284 0.00530013 0.00167196 0.00188656 0.00307458 0.00459605 0.00614092 0.00743466 0.00832863 0.00884442 0.00908255 0.00908355 0.00877831 0.00806699 0.00694008
 1.02155e-16 5.38207e-05 0.000523156 0.00347656 0.0158039 0.0491721 0.104767 0.152918 0.152948 0.104917 0.0496735 0.0172514 0.00710768 0.0084423 0.0150715 0.0247735 0.0355488 0.0444288 0.0484333 0.046206 0.038845 0.0292 0.0202139 0.0135787 0.00947485 0.00717114
 1.04448e-16 5.48308e-05 0.000532975 0.00354181 0.0161006 0.0500949 0.106733 0.155785 0.155806 0.106837 0.0504437 0.0171095 0.00607993 0.0060918 0.0106648 0.0176813 0.0257825 0.0330789 0.0376528 0.0385731 0.0363697 0.0325278 0.0284525 0.0247648 0.0213521 0.0178883
 1.04184e-16 6.3868e-05 0.00062082 0.00412557 0.0187542 0.0583515 0.124324 0.181458 0.181473 0.124395 0.0585895 0.0194424 0.00585555 0.0044057 0.00727666 0.0119939 0.0174259 0.0222427 0.0251325 0.0254967 0.0237829 0.0211227 0.0185784 0.016601 0.0150288 0.013458
 1.02987e-16 6.44588e-05 0.000626563 0.00416373 0.0189277 0.0588913 0.125475 0.183137 0.183154 0.125554 0.0591585 0.0196999 0.0061028 0.00486225 0.00811681 0.013338 0.0192586 0.0243276 0.0270104 0.0266044 0.0236486 0.0195367 0.0156556 0.0127245 0.010721 0.0092404
 1.06983e-16 3.01026e-05 0.000292608 0.00194449 0.00883939 0.0275029 0.0585996 0.0855378 0.0855858 0.0588341 0.0282905 0.0111151 0.00765976 0.0127785 0.0237706 0.0393221 0.0568105 0.0717933 0.0797443 0.0785582 0.0697643 0.0574013 0.0455104 0.0362257 0.0295735 0.024515
 1.06608e-16 6.43933e-05 0.000625926 0.0041595 0.0189085 0.0588313 0.125347 0.182949 0.182957 0.125385 0.0589611 0.0192853 0.00511313 0.00273329 0.00414184 0.00694234 0.0104558 0.0141166 0.0173728 0.0199461 0.021913 0.0234748 0.0246279 0.0250569 0.024343 0.0222892
 1.05885e-16 5.60022e-05 0.000544361 0.00361747 0.0164445 0.0511652 0.109014 0.159114 0.159138 0.109132 0.0515611 0.0175881 0.00648807 0.00681099 0.0119583 0.0196853 0.0283681 0.0357229 0.0394791 0.0386358 0.03408 0.0279967 0.0225443 0.0188145 0.0166831 0.0153592
 1.09019e-16 3.96471e-05 0.000385384 0.00256101 0.011642 0.0362228 0.0771777 0.11265 0.112684 0.0773447 0.0367837 0.0132639 0.00663825 0.00930651 0.0170426 0.0282695 0.0410876 0.0524407 0.0592173 0.0599595 0.0556627 0.0489511 0.0423403 0.0369893 0.0326841 0.0286549
 1.0777e-16 6.05741e-05 0.000588802 0.0039128 0.017787 0.055342 0.117913 0.172099 0.172112 0.117973 0.0555464 0.0183791 0.00540527 0.00386804 0.00635095 0.0105683 0.0156071 0.0204502 0.024096 0.0260861 0.0267225 0.0267238 0.0266169 0.0263827 0.025591 0.0238174
 1.05513e-16 6.02963e-05 0.000586102 0.00389485 0.0177055 0.0550883 0.117372 0.171312 0.171331 0.117465 0.0554007 0.0186078 0.00616099 0.00553659 0.00947289 0.0155947 0.0225325 0.0285008 0.0317334 0.0314475 0.0283153 0.0239953 0.0201012 0.017411 0.0157808 0.0145925
pSPR Fmed_Fpbrs
0.625073   0.197206 0.197206
Fs Fmed_Fpbrs
0.244078   1.005 1.005
SSBpbr Bo_Bmed_Bpbrs
1.88111e+06  1.08177e+06  276910 276910
Ro
178653
SPR SPRFo_SPRFmed_SPRFpbrs
1.26677e+06 791821 249813
Fref
1.005
log_Ro
11.9132
likeval ReclasPelacesDesembMPH_pf_preclas_ppelaces_ptallas_desvR_qrecl_qpela
 12.9188 16.908 0.0572616 0.000820024 204.015 96.7302 65.3997 0 22.3015 5.9444e-07 0 0.293456 0 0 0
q_reclas_q_pelaces
0.896503 1
M
1
N
 194479 44913.1 140422 8519.6 0.289358
 113039 63642.1 14425.5 45101.8 2736.48
 107584 33594.3 18280.8 4143.63 13741.2
 182218 32135.6 9706.54 5281.94 5167.54
 144673 49167.1 8252.49 2492.66 2683.45
 255060 47877.9 15998.8 2685.33 1684.28
 105205 76800.7 13962.9 4665.82 1274.34
 46760.2 24617.5 16719.1 3039.66 1293.14
 44761.7 15991.5 8321.47 5651.57 1464.62
 59721.1 12396.6 4232.58 2202.5 1883.49
 111833 15118.7 2956.53 1009.45 974.488
 149076 37733.3 5031.22 983.879 660.22
 123437 37487.9 8929.72 1190.66 389.082
 87112.6 31768 9113.22 2170.79 384.03
 86249.5 17728 5882.09 1687.38 473.045
 475911 21265.6 4100.58 1360.56 499.718
 97264.8 127703 5426.02 1046.28 474.658
 719362 28927 36711.8 1559.87 437.239
 424166 214681 8349.28 10596.3 576.431
 338063 115258 55581.6 2161.65 2892.64
 479685 95245.4 31119.1 15006.8 1364.64
 645421 144061 27693.1 9048.04 4760.07
 132074 183465 39299 7554.52 3766.78
 399553 41594 56363.3 12073.3 3478.08
 343360 128760 13123.8 17783.8 4906.79
 148296 110367 40505.7 4128.53 7138.08
 276405 48878.5 35744.8 13118.6 3648.93
 320658 87884.2 15183.6 11103.7 5208.66
pred_Ctot
 13709.9 3643.6 11391.8 691.157 0.0234744
 13970.3 8997.4 2039.4 6376.26 386.869
 13007.2 4647.59 2529.05 573.249 1901.02
 31483.6 6314.9 1907.41 1037.94 1015.46
 9262.97 3625.3 608.491 183.794 197.862
 29745 6392.15 2135.99 358.516 224.868
 25103.7 20675.1 3758.88 1256.06 343.057
 2092.58 1271.38 863.464 156.984 66.7846
 7157.3 2912.63 1515.64 1029.35 266.759
 12134.9 2854.31 974.551 507.124 433.672
 5897.27 919.262 179.766 61.3778 59.2519
 30753.1 8817.16 1175.65 229.904 154.274
 24130 8311.9 1979.92 263.995 86.268
 25802.9 10537.4 3022.85 720.051 127.383
 18571.9 4319.18 1433.09 411.107 115.251
 83517.5 4243.02 818.169 271.466 99.7063
 11984.3 17999.9 764.805 147.475 66.9038
 87316.3 4017.48 5098.67 216.64 60.7253
 71824.7 41361.6 1608.61 2041.53 111.058
 51135.7 19878.9 9586.33 372.827 498.902
 56610.1 12866.3 4203.74 2027.2 184.342
 94706.1 24116 4635.87 1514.66 796.843
 12169.7 19407.2 4157.11 799.129 398.455
 31660.5 3789.2 5134.68 1099.87 316.852
 27707.1 11943.3 1217.32 1649.57 455.137
 9841.93 8433.07 3095.01 315.458 545.416
 23995.5 4874.25 3564.53 1308.21 363.878
 24505 7723.86 1334.44 975.871 457.773
F
 0.117051 0.135732 0.135732 0.135732 0.135732
 0.213372 0.247426 0.247426 0.247426 0.247426
 0.208311 0.241557 0.241557 0.241557 0.241557
 0.309978 0.35945 0.35945 0.35945 0.35945
 0.105823 0.122713 0.122713 0.122713 0.122713
 0.200284 0.232249 0.232249 0.232249 0.232249
 0.452451 0.524661 0.524661 0.524661 0.524661
 0.0729731 0.0846195 0.0846195 0.0846195 0.0846195
 0.283932 0.329247 0.329247 0.329247 0.329247
 0.373756 0.433407 0.433407 0.433407 0.433407
 0.0864667 0.100267 0.100267 0.100267 0.100267
 0.38044 0.441158 0.441158 0.441158 0.441158
 0.357273 0.414294 0.414294 0.414294 0.414294
 0.592056 0.686547 0.686547 0.686547 0.686547
 0.400153 0.464017 0.464017 0.464017 0.464017
 0.315528 0.365886 0.365886 0.365886 0.365886
 0.212664 0.246604 0.246604 0.246604 0.246604
 0.209209 0.242599 0.242599 0.242599 0.242599
 0.302951 0.351302 0.351302 0.351302 0.351302
 0.266774 0.309351 0.309351 0.309351 0.309351
 0.202894 0.235275 0.235275 0.235275 0.235275
 0.257879 0.299036 0.299036 0.299036 0.299036
 0.155404 0.180206 0.180206 0.180206 0.180206
 0.132397 0.153527 0.153527 0.153527 0.153527
 0.134968 0.156509 0.156509 0.156509 0.156509
 0.109873 0.127408 0.127408 0.127408 0.127408
 0.145847 0.169124 0.169124 0.169124 0.169124
 0.127429 0.147767 0.147767 0.147767 0.147767
nmprior
 8 9 7.5 0
nm_flota  nm_reclas  nm_pelaces    nm_pelaL
inf 10.1392 15.8919 15.8919
cv_recla  cv_pelaces  cv_mph
0.349841 0.526001 0.883728
 ------------------------------------------------
Talla a la edad & desviación 
 8 13.2811 15.8009 17.003 17.5766
 0.8 1.32811 1.58009 1.7003 1.75766
