years
 1991 1992 1993 1994 1995 1996 1997 1998 1999 2000 2001 2002 2003 2004 2005 2006 2007 2008 2009 2010 2011 2012 2013 2014 2015 2016 2017
reclasobs
 0 0 0 0 0 0 0 0 0 252601 567819 844713 477998 351125 339783 2.1784e+06 2.13404e+06 4.81314e+06 1.55562e+06 2.62356e+06 3.21686e+06 3.843e+06 1.13348e+06 3.07943e+06 1.97215e+06 2.03268e+06 2.025e+06
reclaspred
 3.14346e+06 1.71944e+06 862901 916559 938213 1.69644e+06 953111 804266 561542 368146 507555 700932 682296 499609 483363 1.37178e+06 1.19129e+06 3.10053e+06 2.48357e+06 1.81311e+06 3.15149e+06 2.58082e+06 1.90944e+06 3.1237e+06 2.2921e+06 1.93814e+06 2.08288e+06
pelacesobs
 0 0 0 0 0 0 0 0 0 0 0 0 0 0 0 552880 188675 0 991730 2.46772e+06 1.41603e+06 1.21717e+06 2.29649e+06 1.80582e+06 0 1.4828e+06 1.56532e+06
pelacespred
 1.94444e+06 1.15274e+06 560803 445578 512792 910922 492294 534949 343005 199058 284139 328914 357168 257651 253001 594424 598809 1.64017e+06 1.42387e+06 966957 1.62312e+06 1.42295e+06 1.14396e+06 1.89958e+06 1.43869e+06 1.22956e+06 1.4004e+06
mphobs
 0 0 0 0 0 0 0 0 0 0 0 498337 0 5186 125008 0 168611 109162 213762 579715 649985 157893 87575 83554 0 0 0
mphpred
 482366 323614 155031 85377.4 96719.7 119016 170394 90422.5 80629.2 48962.9 28883.6 62073 66614.7 53785 31927.2 40478.8 152742 132159 308892 217658 231324 285930 272517 212215 318831 257782 200002
desembarqueobs
 494567 514787 250237 358949 120608 361735 552515 73892 212993 205616 52469 317467 293654 387597 252695 516296 358380 742168 942051 627588 828172 859565 418607 520667 417249 300574 407403
desembarquepred
 494572 513931 250646 358977 120613 361738 552530 73897.4 213055 205672 52471.9 317523 293681 387561 252665 516224 358418 742018 941742 627365 828249 859530 418604 520685 417230 300570 407407
Reclutas
 164836 95394.8 89366.7 142671 112649 213956 83584.7 33753.3 33191.2 44611.1 82682.2 124146 102774 72928.4 64806.9 348268 69037.7 553717 325379 257655 347338 483014 90277.5 278264 230274 93337.8 186603
log_desv_Rt
 0.220187 -0.326738 -0.392014 0.0757808 -0.160488 0.48101 -0.458902 -1.36568 -1.38248 -1.08678 -0.469758 -0.0633055 -0.252228 -0.595284 -0.713351 0.96821 -0.650109 1.43189 0.900229 0.666858 0.965537 1.29528 -0.381874 0.74381 0.55451 -0.348537 0.344223
SSB
 1.7945e+06 1.20391e+06 576745 317621 359817 442763 633902 336390 299957 182152 107453 230924 247820 200091 118775 150589 568230 491660 1.14914e+06 809733 860572 1.06372e+06 1.01382e+06 789482 1.18611e+06 959002 744049
BT
 2.57876e+06 1.78656e+06 865541 851390 717109 1.48917e+06 1.06073e+06 717409 623370 443420 418906 686463 722712 739416 592550 1.23942e+06 997218 2.88374e+06 2.677e+06 1.72697e+06 2.77827e+06 2.55938e+06 1.71131e+06 2.96972e+06 2.09769e+06 1.7269e+06 2.20376e+06
Ftot
 0.225892 0.417231 0.410247 0.585044 0.19468 0.33249 0.792193 0.137712 0.553123 0.7986 0.168619 0.676471 0.640331 1.10885 0.804434 0.60946 0.434134 0.385975 0.558708 0.515595 0.401245 0.502753 0.316223 0.263687 0.270737 0.227838 0.302376
BD_Bspro_t
 0.964595 0.757027 0.538219 0.433823 0.435053 0.536439 0.550878 0.354291 0.407058 0.339713 0.289089 0.554337 0.432297 0.337256 0.224109 0.270672 0.463148 0.415247 0.555548 0.438562 0.406592 0.455234 0.470275 0.447604 0.581165 0.58689 0.581088
BD_Bspro
 1.90978 1.28125 0.613797 0.338027 0.382933 0.471208 0.674626 0.358001 0.319227 0.193854 0.114356 0.24576 0.263741 0.212946 0.126406 0.160264 0.604735 0.523246 1.22296 0.861754 0.915859 1.13206 1.07895 0.840201 1.26232 1.02061 0.79185
BD_Bo
 1.24722 0.836747 0.400852 0.220755 0.250082 0.307731 0.440578 0.233799 0.208478 0.1266 0.0746825 0.160498 0.172241 0.139068 0.0825519 0.104663 0.394934 0.341716 0.798681 0.562785 0.598119 0.739311 0.704629 0.54871 0.824379 0.66653 0.517133
BD_Brms
 2.26767 1.52136 0.728822 0.401372 0.454694 0.559512 0.80105 0.42509 0.37905 0.230182 0.135786 0.291814 0.313166 0.252852 0.150094 0.190297 0.718062 0.621302 1.45215 1.02325 1.08749 1.3442 1.28114 0.997654 1.49887 1.21187 0.940241
Sel_flota
 0.789892 0.986194 0.999264 0.999961 0.999998
 0.789892 0.986194 0.999264 0.999961 0.999998
 0.789892 0.986194 0.999264 0.999961 0.999998
 0.789892 0.986194 0.999264 0.999961 0.999998
 0.789892 0.986194 0.999264 0.999961 0.999998
 0.789892 0.986194 0.999264 0.999961 0.999998
 0.789892 0.986194 0.999264 0.999961 0.999998
 0.789892 0.986194 0.999264 0.999961 0.999998
 0.789892 0.986194 0.999264 0.999961 0.999998
 0.789892 0.986194 0.999264 0.999961 0.999998
 0.789892 0.986194 0.999264 0.999961 0.999998
 0.789892 0.986194 0.999264 0.999961 0.999998
 0.789892 0.986194 0.999264 0.999961 0.999998
 0.789892 0.986194 0.999264 0.999961 0.999998
 0.789892 0.986194 0.999264 0.999961 0.999998
 0.789892 0.986194 0.999264 0.999961 0.999998
 0.789892 0.986194 0.999264 0.999961 0.999998
 0.789892 0.986194 0.999264 0.999961 0.999998
 0.789892 0.986194 0.999264 0.999961 0.999998
 0.789892 0.986194 0.999264 0.999961 0.999998
 0.789892 0.986194 0.999264 0.999961 0.999998
 0.789892 0.986194 0.999264 0.999961 0.999998
 0.789892 0.986194 0.999264 0.999961 0.999998
 0.789892 0.986194 0.999264 0.999961 0.999998
 0.789892 0.986194 0.999264 0.999961 0.999998
 0.789892 0.986194 0.999264 0.999961 0.999998
 0.789892 0.986194 0.999264 0.999961 0.999998
Sel_reclas
 1 1 1 1 1
 1 1 1 1 1
 1 1 1 1 1
 1 1 1 1 1
 1 1 1 1 1
 1 1 1 1 1
 1 1 1 1 1
 1 1 1 1 1
 1 1 1 1 1
 1 1 1 1 1
 1 1 1 1 1
 1 1 1 1 1
 1 1 1 1 1
 1 1 1 1 1
 1 1 1 1 1
 1 1 1 1 1
 1 1 1 1 1
 1 1 1 1 1
 1 1 1 1 1
 1 1 1 1 1
 1 1 1 1 1
 1 1 1 1 1
 1 1 1 1 1
 1 1 1 1 1
 1 1 1 1 1
 1 1 1 1 1
 1 1 1 1 1
Sel_pelaces
 0.72075 0.928517 0.984933 0.99697 0.999396
 0.72075 0.928517 0.984933 0.99697 0.999396
 0.72075 0.928517 0.984933 0.99697 0.999396
 0.72075 0.928517 0.984933 0.99697 0.999396
 0.72075 0.928517 0.984933 0.99697 0.999396
 0.72075 0.928517 0.984933 0.99697 0.999396
 0.72075 0.928517 0.984933 0.99697 0.999396
 0.72075 0.928517 0.984933 0.99697 0.999396
 0.72075 0.928517 0.984933 0.99697 0.999396
 0.72075 0.928517 0.984933 0.99697 0.999396
 0.72075 0.928517 0.984933 0.99697 0.999396
 0.72075 0.928517 0.984933 0.99697 0.999396
 0.72075 0.928517 0.984933 0.99697 0.999396
 0.72075 0.928517 0.984933 0.99697 0.999396
 0.72075 0.928517 0.984933 0.99697 0.999396
 0.72075 0.928517 0.984933 0.99697 0.999396
 0.72075 0.928517 0.984933 0.99697 0.999396
 0.72075 0.928517 0.984933 0.99697 0.999396
 0.72075 0.928517 0.984933 0.99697 0.999396
 0.72075 0.928517 0.984933 0.99697 0.999396
 0.72075 0.928517 0.984933 0.99697 0.999396
 0.72075 0.928517 0.984933 0.99697 0.999396
 0.72075 0.928517 0.984933 0.99697 0.999396
 0.72075 0.928517 0.984933 0.99697 0.999396
 0.72075 0.928517 0.984933 0.99697 0.999396
 0.72075 0.928517 0.984933 0.99697 0.999396
 0.72075 0.928517 0.984933 0.99697 0.999396
pf_obs 
 0.8446 0.082 0.0669 0.0065 0
 0.8095 0.147 0.0364 0.0071 0
 0.9664 0.0169 0.016 0.0007 0
 0.9276 0.0648 0.0075 0.0001 0
 0.7033 0.2144 0.0806 0.0017 0
 0.9318 0.0425 0.0243 0.0014 0
 0.5671 0.3108 0.0964 0.0239 0.0018
 0.0768 0.2599 0.5324 0.112 0.0189
 0.490249 0.384438 0.106611 0.0170017 0.00170017
 0.7925 0.1577 0.0466 0.003 0.0002
 0.840416 0.127587 0.0312969 0.00059994 9.999e-05
 0.8084 0.0986 0.0794 0.0134 0.0002
 0.7335 0.1905 0.0724 0.0035 0.0001
 0.4001 0.4547 0.1325 0.0127 0
 0.49795 0.308269 0.164784 0.0264974 0.00249975
 0.9179 0.0499 0.0305 0.0017 0
 0.2467 0.6533 0.0926 0.0074 0
 0.9418 0.0223 0.034 0.0019 0
 0.707729 0.231977 0.0356964 0.0245975 0
 0.517169 0.277429 0.184464 0.0207286 0.00020938
 0.811772 0.124168 0.05621 0.00726502 0.000585176
 0.764997 0.148141 0.077277 0.00933861 0.000247198
 0.163321 0.427699 0.378323 0.0303852 0.000271297
 0.753843 0.0900009 0.118128 0.0371064 0.000921714
 0.721811 0.176058 0.0630433 0.0369309 0.00215725
 0.143369 0.312575 0.442814 0.0836902 0.0175525
 0.692698 0.0596174 0.167031 0.0765114 0.00414204
pf_pred 
 0.527382 0.139768 0.311123 0.0217264 8.48145e-07
 0.477764 0.307259 0.0642223 0.140921 0.00983377
 0.614416 0.209968 0.104026 0.0213996 0.0501908
 0.772292 0.153863 0.04051 0.0197534 0.0135823
 0.694118 0.250457 0.0376653 0.00974654 0.00801289
 0.785903 0.158814 0.0453826 0.0067295 0.00317057
 0.49152 0.419918 0.0659549 0.0185609 0.00404566
 0.486049 0.29244 0.183546 0.028282 0.00968391
 0.57518 0.231223 0.110812 0.0686046 0.0141802
 0.75528 0.15749 0.0478577 0.0225448 0.0168271
 0.861443 0.112088 0.0171533 0.00511328 0.00420223
 0.776835 0.197976 0.0204327 0.00308356 0.00167333
 0.726533 0.225375 0.0427516 0.0043326 0.00100767
 0.683269 0.247425 0.0572989 0.0106751 0.00133218
 0.78803 0.160174 0.0406606 0.00920871 0.00192744
 0.950787 0.0411507 0.00612104 0.00152402 0.000416967
 0.410028 0.567942 0.0184745 0.00270011 0.000855398
 0.923299 0.0364281 0.0387929 0.00124177 0.000238779
 0.629757 0.348078 0.0106139 0.0111268 0.000424306
 0.65863 0.236381 0.0988069 0.00296163 0.00322021
 0.765621 0.168335 0.0459675 0.0188949 0.00118108
 0.77754 0.180108 0.0305548 0.00821271 0.00358383
 0.337567 0.544121 0.0960945 0.0160332 0.00618452
 0.776756 0.0883167 0.111128 0.0193327 0.00446625
 0.649374 0.286507 0.0255925 0.0317355 0.00679107
 0.438867 0.394398 0.13662 0.012026 0.0180896
 0.726908 0.136246 0.0965961 0.0329847 0.00726521
pobs_RECLAS
 0 0 0 0 0
 0 0 0 0 0
 0 0 0 0 0
 0 0 0 0 0
 0 0 0 0 0
 0 0 0 0 0
 0 0 0 0 0
 0 0 0 0 0
 0 0 0 0 0
 0 0 0 0 0
 0.991045 0.00858322 0.000360255 1.14367e-05 0
 0.934742 0.0480273 0.0164251 0.00080598 0
 0.827803 0.169806 0.00239088 0 0
 0.941827 0.0461693 0.0120037 0 0
 0.791401 0.0380133 0.147996 0.0225897 0
 0.846168 0.0940531 0.0597789 0 0
 0.134021 0.677848 0.182769 0.00536245 0
 0.80878 0.0450904 0.141981 0.00414843 0
 0.846168 0.0940531 0.0597789 0 0
 0.905697 0.0802665 0.012482 0.00150086 5.37128e-05
 0.989698 0.0102097 9.19794e-05 0 0
 0.975433 0.0193895 0.00387452 0.00125025 5.28907e-05
 0.303575 0.632131 0.0575291 0.00676475 0
 0.966965 0.00978017 0.0227588 0.000495775 0
 0.843318 0.132988 0.00938335 0.0141283 0.000182051
 0.564624 0.303363 0.111486 0.0197234 0.00080311
 0.826376 0.0876187 0.0782897 0.00655872 0.00115652
ppred_RECLAS
 0.585507 0.123748 0.271779 0.0189655 7.40335e-07
 0.536905 0.274065 0.0564998 0.123886 0.00864465
 0.668884 0.181463 0.0886738 0.0182281 0.0427507
 0.811829 0.127743 0.033161 0.0161578 0.0111095
 0.740296 0.21317 0.0316307 0.00817915 0.00672405
 0.822409 0.132202 0.0372662 0.00552198 0.00260156
 0.552722 0.370325 0.0573207 0.0161186 0.00351316
 0.543487 0.261262 0.161806 0.0249145 0.00853055
 0.632863 0.201136 0.0950467 0.0588004 0.0121533
 0.798277 0.130512 0.039083 0.0183968 0.0137306
 0.886449 0.0920972 0.0139067 0.00414255 0.00340433
 0.815762 0.163708 0.0166554 0.0025116 0.0013629
 0.771598 0.188708 0.0352893 0.00357364 0.000831117
 0.736535 0.206518 0.0470883 0.0087656 0.00109384
 0.826378 0.131669 0.0329382 0.00745396 0.00156009
 0.960843 0.0328193 0.00481299 0.00119744 0.000327602
 0.467088 0.513278 0.0164671 0.00240497 0.000761868
 0.93851 0.0294146 0.030897 0.000988304 0.000190033
 0.682911 0.298363 0.00897078 0.0093973 0.000358338
 0.709988 0.201682 0.0831322 0.00248995 0.00270725
 0.805066 0.140555 0.037857 0.0155498 0.000971942
 0.815707 0.149609 0.0250288 0.00672242 0.00293339
 0.390953 0.501492 0.0873692 0.0145669 0.0056187
 0.81491 0.0738275 0.0916493 0.0159326 0.00368061
 0.699757 0.245962 0.0216754 0.026859 0.00574732
 0.496148 0.355564 0.121521 0.0106893 0.0160782
 0.770997 0.11504 0.0804609 0.0274553 0.00604707
pobs_PELACES
 0 0 0 0 0
 0 0 0 0 0
 0 0 0 0 0
 0 0 0 0 0
 0 0 0 0 0
 0 0 0 0 0
 0 0 0 0 0
 0 0 0 0 0
 0 0 0 0 0
 0 0 0 0 0
 0 0 0 0 0
 0 0 0 0 0
 0 0 0 0 0
 0 0 0 0 0
 0 0 0 0 0
 0 0 0 0 0
 0.505614 0.472636 0.0217494 0 0
 0 0 0 0 0
 0.443492 0.261883 0.143347 0.151278 0
 0.227955 0.32914 0.350689 0.0885471 0.00366901
 0.970185 0.0296113 0.000203453 0 0
 0.997202 0.00247181 0.000326279 0 0
 0.445219 0.490057 0.0546422 0.010081 0
 0.90214 0.0892962 0.00764917 0.000914606 0
 0 0 0 0 0
 0.581667 0.319106 0.0959925 0.00289975 0.000334073
 0.762889 0.0836404 0.116647 0.0363945 0.000428098
ppred_PELACES
 0.516282 0.13853 0.322415 0.0227727 8.91117e-07
 0.473588 0.303126 0.0661687 0.146845 0.0102716
 0.610052 0.207619 0.107429 0.0223514 0.0525484
 0.773133 0.150895 0.0414462 0.0204388 0.0140871
 0.68898 0.25238 0.0396908 0.0103883 0.00856097
 0.783359 0.158767 0.0474061 0.00710976 0.00335775
 0.499835 0.409847 0.067063 0.0190851 0.00416982
 0.475932 0.292121 0.191796 0.0298923 0.0102598
 0.574094 0.226782 0.113406 0.0710065 0.0147117
 0.759854 0.151973 0.0481086 0.0229179 0.0171464
 0.858198 0.113617 0.0181853 0.00548305 0.00451691
 0.781039 0.193265 0.0207964 0.00317388 0.00172646
 0.730131 0.220693 0.0436577 0.00447445 0.00104314
 0.697226 0.234395 0.0564213 0.0106286 0.00132953
 0.793248 0.154557 0.0408709 0.00936043 0.00196386
 0.951504 0.0402482 0.00624464 0.0015724 0.000431228
 0.41114 0.565894 0.0192223 0.00284136 0.000902301
 0.921765 0.0362986 0.0403773 0.00130722 0.000251965
 0.633265 0.343758 0.0109373 0.0115958 0.000443246
 0.65871 0.233137 0.10171 0.00308325 0.00336046
 0.76379 0.167381 0.0477388 0.0198465 0.00124352
 0.77819 0.177979 0.0315158 0.0085672 0.00374745
 0.334704 0.541887 0.100006 0.0168765 0.00652534
 0.770207 0.0883696 0.116235 0.0204523 0.0047362
 0.645255 0.287104 0.0268071 0.0336217 0.00721191
 0.432386 0.393345 0.142461 0.0126837 0.0191246
 0.720959 0.135895 0.100691 0.0347758 0.00767805
pobs_pel_tallas
 0 0 0 0 0 0 0 0 0 0 0 0 0 0 0 0 0 0 0 0 0 0 0 0 0 0
 0 0 0 0 0 0 0 0 0 0 0 0 0 0 0 0 0 0 0 0 0 0 0 0 0 0
 0 0 0 0 0 0 0 0 0 0 0 0 0 0 0 0 0 0 0 0 0 0 0 0 0 0
 0 0 0 0 0 0 0 0 0 0 0 0 0 0 0 0 0 0 0 0 0 0 0 0 0 0
 0 0 0 0 0 0 0 0 0 0 0 0 0 0 0 0 0 0 0 0 0 0 0 0 0 0
 0 0 0 0 0 0 0 0 0 0 0 0 0 0 0 0 0 0 0 0 0 0 0 0 0 0
 0 0 0 0 0 0 0 0 0 0 0 0 0 0 0 0 0 0 0 0 0 0 0 0 0 0
 0 0 0 0 0 0 0 0 0 0 0 0 0 0 0 0 0 0 0 0 0 0 0 0 0 0
 0 0 0 0 0 0 0 0 0 0 0 0 0 0 0 0 0 0 0 0 0 0 0 0 0 0
 0 0 0 0 0 0 0 0 0 0 0 0 0 0 0 0 0 0 0 0 0 0 0 0 0 0
 0 0 0 0 0 0 0 0 0 0 0 0 0 0 0 0 0 0 0 0 0 0 0 0 0 0
 0 0 0 0 0 0 0 0 0 0 0 0 0 0 0 0 0 0 0 0 0 0 0 0 0 0
 0.00862536 0 0 0.000197151 0.00414017 0.0128641 0.00837892 0.0270097 0.101434 0.158115 0.152841 0.127902 0.109271 0.109419 0.0830992 0.0579132 0.0238553 0.00714673 0.00463305 0.00128148 0.00103504 0.000492878 0.000147863 0.000147863 4.92878e-05 0
 0 0 0 0 0 0 0 0 0 0 0 0 0 0 0 0 0 0 0 0 0 0 0 0 0 0
 0 0 0 0 0 0 0 0.0054083 0.00873648 0.0413646 0.0450493 0.0745869 0.0622846 0.0627006 0.0613931 0.0827291 0.12552 0.122667 0.0946155 0.0697135 0.0546179 0.0294188 0.0215738 0.0213955 0.0102223 0.00600262
 0 0 0 0 0.00359764 0.0251062 0.0480494 0.140153 0.205849 0.193036 0.1447 0.116669 0.0760912 0.0342217 0.00950174 0.001854 0.000860785 0 0 0 0.000165536 0 0.000143464 0 0 0
 0 0 0 0 0 0 0 0.000145254 0.000435761 0.0275982 0.070085 0.0708112 0.156366 0.174668 0.174014 0.160142 0.0824315 0.0480064 0.0283245 0.00493863 0.00203355 0 0 0 0 0
 0 0 0 0 0 0 0 0 0 0 0 0 0 0 0 0 0 0 0 0 0 0 0 0 0 0
 0 0 1.00437e-05 0.000401748 0.00122533 0.00171747 0.00176769 0.0269171 0.070346 0.194647 0.189555 0.159765 0.064822 0.0314167 0.0384472 0.0292271 0.0345202 0.0313363 0.0194345 0.0106764 0.0143323 0.0359363 0.0279516 0.0138201 0.00172751 0
 0 0.0021121 0.0136068 0.0755702 0.200478 0.177729 0.0527432 0.0373336 0.0318909 0.0142505 0.0149659 0.0166563 0.0217959 0.0798694 0.0677717 0.0528807 0.04013 0.0224614 0.0357745 0.0225083 0.00881397 0.00855152 0.00135912 0.000746735 0 0
 0 0 0 0 5.4009e-05 0.00500934 0.000945158 0.0243581 0.138947 0.33067 0.221406 0.137944 0.0707744 0.0437923 0.0131692 0.00525238 0.0047753 0.00276346 9.45158e-05 9.00151e-06 2.25038e-05 9.00151e-06 4.50075e-06 0 0 0
 0.000866109 0.00284123 0.00948549 0.0512746 0.133035 0.25785 0.225252 0.132002 0.0553304 0.0519788 0.0540692 0.017754 0.00435017 0.00159236 0.00146478 0.000404838 0.000125132 0.000115318 0.000107957 0.000100596 0 0 0 0 0 0
 0 0 0 0 0.00144013 0.00171154 0.00461396 0.0210425 0.0478622 0.0707936 0.0888783 0.103762 0.0637923 0.0337046 0.0602308 0.124433 0.169614 0.0934646 0.0462172 0.0250306 0.0313229 0.00938855 0.002487 0.000210481 0 0
 0 0.00764035 0.051015 0.0998891 0.058973 0.0496711 0.0374665 0.0718981 0.12319 0.153886 0.159021 0.0857701 0.0377988 0.023471 0.0147837 0.00900784 0.00315554 0.000888139 0.00291439 0.00214683 0.00393193 0.00274676 0.000635225 9.99891e-05 0 0
 0 0 0 0 0 0 0 0 0 0 0 0 0 0 0 0 0 0 0 0 0 0 0 0 0 0
 0 0 0 0 0 0 0 0 0 0 0 0 0 0 0 0 0 0 0 0 0 0 0 0 0 0
 0 0 0 0 0 0 0 0 0 0 0 0 0 0 0 0 0 0 0 0 0 0 0 0 0 0
ppred_pel_tallas
 1.11624e-16 4.25255e-05 0.000413363 0.00274694 0.0124872 0.0388524 0.0827796 0.120822 0.120836 0.0828474 0.0390813 0.0131545 0.00444466 0.00419455 0.00744321 0.0128091 0.0197748 0.0276239 0.0355502 0.0430184 0.0497871 0.0555047 0.0593212 0.0600345 0.056771 0.0496592
 1.18452e-16 3.90089e-05 0.00037918 0.00251979 0.0114546 0.0356397 0.0759352 0.110836 0.110865 0.0760784 0.0361209 0.0128457 0.00601651 0.00802967 0.0146216 0.0242573 0.0353065 0.0452287 0.0515226 0.0531985 0.051416 0.0486471 0.0470034 0.0470251 0.0476859 0.0473279
 1.14288e-16 5.02492e-05 0.00048844 0.00324586 0.0147552 0.045909 0.0978148 0.142768 0.142788 0.0979133 0.0462402 0.0157135 0.00565818 0.00577737 0.0101627 0.0169015 0.0247712 0.03207 0.0371051 0.0391413 0.0388117 0.0375755 0.0366668 0.0363841 0.0361562 0.0351323
 1.05669e-16 6.3682e-05 0.000619012 0.00411355 0.0186996 0.0581815 0.123962 0.18093 0.180944 0.124034 0.058421 0.0193917 0.00585282 0.00442263 0.00730777 0.0120349 0.0174619 0.0222441 0.0250631 0.0253358 0.0235554 0.0209227 0.0185666 0.0169692 0.0159362 0.0149664
 1.03701e-16 5.67504e-05 0.000551634 0.0036658 0.0166642 0.0518487 0.11047 0.161239 0.161264 0.110589 0.052248 0.0178176 0.00656125 0.00687385 0.0120681 0.019873 0.0286507 0.0360913 0.0398798 0.0389545 0.0341335 0.0275449 0.0213343 0.0166582 0.0135461 0.0114154
 1.0269e-16 6.45243e-05 0.000627199 0.00416796 0.0189469 0.0589511 0.125602 0.183323 0.183338 0.125677 0.0592029 0.019675 0.00599736 0.00462711 0.00767956 0.0126419 0.0183171 0.0232681 0.0260674 0.0260452 0.0236595 0.0201323 0.0166639 0.0138538 0.0116703 0.00980032
 1.0466e-16 4.11709e-05 0.000400195 0.00265944 0.0120895 0.037615 0.0801442 0.116981 0.117021 0.0803373 0.0382634 0.0139626 0.00736203 0.0106687 0.0195507 0.0322768 0.0465408 0.0586293 0.064778 0.0632453 0.0553333 0.0444668 0.0341077 0.0261367 0.0206408 0.0167486
 1.10344e-16 3.92019e-05 0.000381057 0.00253226 0.0115113 0.035816 0.0763109 0.111384 0.111412 0.0764498 0.036283 0.0128631 0.00593726 0.00785283 0.0143427 0.0239453 0.035181 0.0456847 0.0530264 0.0560265 0.0553194 0.0526363 0.0494524 0.0461542 0.0422547 0.0372033
 1.12942e-16 4.72874e-05 0.000459651 0.00305454 0.0138855 0.0432031 0.0920496 0.134354 0.134376 0.0921572 0.0435649 0.0149325 0.00569012 0.0062387 0.0110989 0.0184764 0.0270949 0.0351107 0.0406847 0.043015 0.0427726 0.0414956 0.0404412 0.0398325 0.038981 0.036984
 1.06628e-16 6.25882e-05 0.00060838 0.0040429 0.0183784 0.0571822 0.121833 0.177822 0.177837 0.121905 0.0574236 0.0190763 0.00579724 0.00444684 0.00737861 0.0121691 0.0176917 0.0226112 0.0256185 0.0261385 0.0246641 0.0223782 0.0203699 0.0190653 0.0182153 0.0172831
 1.01869e-16 7.06887e-05 0.000687119 0.00456615 0.0207571 0.064583 0.137601 0.200835 0.200846 0.137655 0.0647627 0.0212763 0.00586984 0.00353392 0.00547978 0.00895408 0.0129083 0.0162689 0.017994 0.0176087 0.0154836 0.0125763 0.00984861 0.00781282 0.00647095 0.00554957
 1.01261e-16 6.43332e-05 0.000625341 0.00415561 0.0188908 0.0587765 0.12523 0.182781 0.1828 0.125321 0.0590818 0.0197727 0.00636872 0.00545472 0.00923068 0.0151438 0.0217743 0.0273079 0.0299395 0.0288342 0.0246212 0.0189692 0.0135969 0.00948744 0.00675572 0.00501676
 1.01942e-16 6.014e-05 0.000584582 0.00388475 0.0176595 0.0549455 0.117068 0.170869 0.17089 0.117172 0.0552949 0.0186688 0.00641908 0.00611977 0.0105804 0.0174165 0.0251293 0.0316936 0.0350782 0.0343308 0.0301224 0.0242565 0.0185623 0.0140442 0.0107807 0.00836926
 1.0298e-16 5.74296e-05 0.000558236 0.00370968 0.0168637 0.0524693 0.111792 0.163169 0.163191 0.111903 0.0528407 0.0179369 0.00640548 0.00644903 0.0112622 0.0185722 0.0268517 0.0339808 0.037829 0.0373985 0.0333883 0.0276644 0.022088 0.017634 0.0143136 0.0116718
 1.02491e-16 6.53388e-05 0.000635116 0.00422057 0.0191861 0.0596952 0.127188 0.185637 0.185652 0.12726 0.0599403 0.0198943 0.00599974 0.00452403 0.00746575 0.0122773 0.0177692 0.0225326 0.0251725 0.0250387 0.0225901 0.0190406 0.0155875 0.0128356 0.010758 0.00903431
 1.00422e-16 7.83741e-05 0.000761824 0.00506259 0.0230138 0.0716045 0.152561 0.222668 0.222672 0.15258 0.0716682 0.0231977 0.00552425 0.00176979 0.00199313 0.00317219 0.00456478 0.00574587 0.00634025 0.00617605 0.0053815 0.00429467 0.00325853 0.00246138 0.00191478 0.0015346
 1.01138e-16 3.38652e-05 0.000329181 0.00218753 0.00994422 0.0309405 0.0659239 0.0962293 0.0962838 0.0661899 0.0318332 0.0125215 0.00865202 0.0144249 0.0267561 0.0440533 0.0631601 0.0787991 0.0856144 0.0811353 0.0672814 0.0491403 0.0320363 0.0191397 0.0109725 0.00641774
 1.01349e-16 7.59246e-05 0.000738014 0.00490436 0.0222945 0.0693665 0.147793 0.215709 0.215712 0.14781 0.0694251 0.0224643 0.00533308 0.00168248 0.00189468 0.00307714 0.00457599 0.00606617 0.00725955 0.00800312 0.00833032 0.00837099 0.00820541 0.00780135 0.00707947 0.00602749
 1.01642e-16 5.21613e-05 0.000507026 0.00336937 0.0153167 0.0476561 0.101538 0.148204 0.148237 0.101699 0.0481984 0.0168825 0.00729694 0.00907165 0.0162907 0.0267783 0.038405 0.0479512 0.0521786 0.049607 0.04142 0.0307122 0.0206979 0.0132529 0.00862254 0.00605521
 1.03873e-16 5.42571e-05 0.000527398 0.00350475 0.0159321 0.0495708 0.105617 0.154155 0.154178 0.105727 0.0499416 0.0170045 0.00620174 0.00643134 0.0113147 0.0187435 0.0272815 0.0348976 0.0395289 0.0401752 0.0374175 0.0328855 0.0281487 0.0239453 0.0202095 0.0166069
 1.03622e-16 6.29124e-05 0.000611531 0.00406384 0.0184736 0.0574784 0.122464 0.178744 0.17876 0.122544 0.057744 0.0192412 0.00599272 0.00482928 0.00809387 0.0133358 0.0193337 0.0245863 0.027605 0.0277044 0.025387 0.0219491 0.0186395 0.0160422 0.0140513 0.0122622
 1.02449e-16 6.40985e-05 0.000623061 0.00414046 0.0188219 0.0585621 0.124773 0.182114 0.182131 0.124857 0.0588438 0.0196357 0.00618358 0.00508507 0.00854377 0.0140377 0.0202501 0.0255382 0.0282717 0.0276996 0.0243867 0.019812 0.0154622 0.0121324 0.00983966 0.00819047
 1.05822e-16 2.75693e-05 0.000267983 0.00178084 0.00809549 0.0251884 0.0536684 0.0783415 0.0783938 0.0539238 0.026046 0.0105731 0.00800179 0.013854 0.0258464 0.0427283 0.0616477 0.0777268 0.0859929 0.084129 0.0738187 0.0595346 0.0458002 0.0350789 0.0275124 0.0220212
 1.0623e-16 6.34409e-05 0.000616669 0.00409798 0.0186288 0.0579612 0.123493 0.180243 0.180252 0.123535 0.0581045 0.0190447 0.00514992 0.00293991 0.00455451 0.00763518 0.0114741 0.0154364 0.0188934 0.0215202 0.0233946 0.0247513 0.025623 0.0257185 0.0246407 0.0222274
 1.0544e-16 5.31488e-05 0.000516626 0.00343316 0.0156067 0.0485583 0.10346 0.151008 0.151036 0.103595 0.0490121 0.0169172 0.00672234 0.00769574 0.0136847 0.0225337 0.0324472 0.0407995 0.0449673 0.0437817 0.0382461 0.0308705 0.024161 0.0194284 0.0166061 0.0148607
 1.08721e-16 3.56151e-05 0.000346192 0.00230057 0.0104581 0.0325391 0.0693295 0.101196 0.101234 0.0695154 0.033164 0.0122646 0.00684194 0.0102819 0.0189694 0.0314712 0.0457219 0.0583106 0.0657541 0.0664093 0.0613706 0.0535596 0.0457969 0.0394156 0.0342383 0.0294748
 1.07728e-16 5.93845e-05 0.000577238 0.00383595 0.0174377 0.0542552 0.115597 0.16872 0.168733 0.115662 0.054473 0.0180685 0.00542616 0.00407126 0.00676185 0.0112602 0.0166285 0.0217849 0.0256569 0.0277474 0.028366 0.028267 0.0280076 0.0275766 0.0265411 0.0244857
pSPR Fmed_Fpbrs
0.483462   0.6 0.325
Fs Fmed_Fpbrs
0.412895   0.279367 0.682859
SSBpbr Bo_Bmed_Bpbrs
1.4388e+06  623664  791339 395669
Ro
132259
SPR SPRFo_SPRFmed_SPRFpbrs
939634 454277 305381
Fref
0.279367
log_Ro
11.6125
likeval ReclasPelacesDesembMPH_pf_preclas_ppelaces_ptallas_desvR_qrecl_qpela
 11.7992 16.2576 0.0299671 0.00081959 192.164 90.7609 62.3206 0 21.4075 6.79312e-06 3.11468e-05 0.150539 8.50381e-16 0 0
q_reclas_q_pelaces
1.44677 2.21223
M
1
N
 164836 35619.4 78344 5467.48 0.213429
 95394.8 50730.1 10486.8 22997.5 1604.76
 89366.7 25240.7 12367.2 2542.62 5963.28
 142671 23776.5 6195.81 3019.54 2076.16
 112649 33063.2 4912.24 1270.31 1044.32
 213956 35534.3 10038.5 1487.64 700.875
 83584.7 60530.1 9417.77 2649 577.379
 33753.3 16446.5 10194.9 1569.86 537.511
 33191.2 11137.3 5281.98 3268.31 675.524
 44611.1 7888.26 2374.57 1118.05 834.477
 82682.2 8733.57 1320.22 393.294 323.209
 124146 26624 2720.69 410.371 222.687
 102774 26765.6 5026.29 509.111 118.405
 72928.4 22799.6 5236.36 975.137 121.688
 64806.9 11174.2 2810.06 636.098 133.136
 348268 12629 1859.45 462.719 126.594
 69037.7 79167.3 2547.09 372.049 117.862
 553717 18024.5 18980.7 607.22 116.758
 325379 150171 4531.66 4748.04 181.055
 257655 76989.7 31841.8 953.888 1037.14
 347338 63077 17033.7 6997.58 437.389
 483014 93070.6 15621.5 4196.48 1831.19
 90277.5 119453 20854 3477.34 1341.27
 278264 25870.6 32171.1 5593.23 1292.1
 230274 83120.1 7337.95 9093.64 1945.88
 93337.8 68403.1 23412.9 2059.62 3097.99
 186603 28681.7 20100.1 6859.39 1510.8
pred_Ctot
 17277.1 4578.83 10192.4 711.763 0.0277854
 17389.5 11183.5 2337.55 5129.22 357.927
 16052.7 5485.77 2717.86 559.102 1311.32
 34643 6901.89 1817.17 886.084 609.266
 10277.9 3708.54 557.713 144.318 118.648
 31913.2 6448.98 1842.85 273.265 128.747
 25841.4 22077 3467.54 975.828 212.698
 2218.77 1334.96 837.869 129.105 44.2062
 7693.63 3092.85 1482.22 917.657 189.675
 13877.7 2893.76 879.349 414.242 309.185
 6588.85 857.322 131.199 39.1095 32.1412
 33913 8642.7 891.998 134.614 73.05
 26863.3 8333.19 1580.73 160.197 37.2582
 28833.9 10441.3 2418.01 450.488 56.2179
 20272.9 4120.64 1046.04 236.904 49.5854
 87448.6 3784.83 562.982 140.172 38.3505
 13026.4 18043.3 586.925 85.7811 27.1756
 94286.6 3720.01 3961.5 126.809 24.384
 76054.6 42036.7 1281.82 1343.77 51.2427
 56311.1 20209.9 8447.73 253.212 275.32
 61193.1 13454.4 3674 1510.2 94.3989
 103339 23937.4 4060.9 1091.51 476.31
 12872.4 20748.9 3664.36 611.393 235.833
 33639.1 3824.74 4812.65 837.245 193.42
 28518 12582.3 1123.92 1393.7 298.238
 9861.27 8862.06 3069.83 270.223 406.47
 25553.4 4789.53 3395.69 1159.53 255.398
F
 0.17843 0.222773 0.225726 0.225883 0.225891
 0.329568 0.411471 0.416924 0.417215 0.41723
 0.324051 0.404583 0.409945 0.410231 0.410246
 0.462122 0.576967 0.584613 0.585021 0.585043
 0.153776 0.191992 0.194536 0.194672 0.194679
 0.262631 0.3279 0.332245 0.332477 0.33249
 0.625748 0.781256 0.79161 0.792163 0.792192
 0.108778 0.135811 0.137611 0.137707 0.137712
 0.436908 0.545486 0.552716 0.553101 0.553122
 0.630808 0.787574 0.798012 0.798569 0.798598
 0.133191 0.166291 0.168494 0.168612 0.168618
 0.534339 0.667131 0.675972 0.676444 0.676469
 0.505793 0.631491 0.63986 0.640306 0.64033
 0.875869 1.09354 1.10803 1.1088 1.10884
 0.635416 0.793327 0.803841 0.804402 0.804432
 0.481408 0.601045 0.609011 0.609436 0.609459
 0.342919 0.42814 0.433814 0.434117 0.434133
 0.304879 0.380646 0.385691 0.38596 0.385974
 0.441319 0.550994 0.558297 0.558686 0.558707
 0.407265 0.508477 0.515216 0.515575 0.515594
 0.316941 0.395705 0.40095 0.40123 0.401244
 0.397121 0.495812 0.502383 0.502733 0.502752
 0.249782 0.311857 0.31599 0.316211 0.316222
 0.208285 0.260047 0.263493 0.263677 0.263687
 0.213853 0.266999 0.270537 0.270726 0.270736
 0.179967 0.224692 0.22767 0.227829 0.227837
 0.238845 0.298202 0.302154 0.302365 0.302376
nmprior
 8 9 7.5 0
nm_flota  nm_reclas  nm_pelaces    nm_pelaL
inf 11.8147 12.5817 9.76706
cv_recla  cv_pelaces  cv_mph
0.3435 0.54096 0.883494
 ------------------------------------------------
Talla a la edad & desviación 
 8 13.2811 15.8009 17.003 17.5766
 0.8 1.32811 1.58009 1.7003 1.75766
