years
 1991 1992 1993 1994 1995 1996 1997 1998 1999 2000 2001 2002 2003 2004 2005 2006 2007 2008 2009 2010 2011 2012 2013 2014 2015 2016 2017 2018 2019 2020 2021
reclasobs
 0 0 0 0 0 0 0 0 0 252601 567819 844713 477998 351125 339783 2.1784e+06 2.13404e+06 4.81314e+06 1.55562e+06 2.62356e+06 3.21686e+06 3.843e+06 1.13348e+06 3.07943e+06 1.97215e+06 2.03268e+06 2.025e+06 2.42433e+06 2.27542e+06 1.05018e+06 2.36338e+06
reclaspred
 3.27417e+06 1.83398e+06 927734 904131 886551 1.39531e+06 867894 768139 563104 412211 489139 634626 625255 488746 497343 1.31007e+06 1.25862e+06 2.82313e+06 2.33952e+06 1.78486e+06 3.14502e+06 2.53874e+06 2.0062e+06 3.07651e+06 2.3083e+06 2.04089e+06 2.4306e+06 2.5977e+06 2.11803e+06 1.31824e+06 1.9559e+06
pelacesobs
 0 0 0 0 0 0 0 0 0 0 0 0 0 0 0 552880 188675 0 991730 2.46772e+06 1.41603e+06 1.21717e+06 2.29649e+06 1.80582e+06 0 1.4828e+06 1.56532e+06 1.57751e+06 1.42118e+06 867257 0
pelacespred
 1.72253e+06 1.0734e+06 543414 431831 442085 716378 410116 452271 318295 220539 271354 294416 319011 262902 275103 602897 580439 1.49831e+06 1.28141e+06 904829 1.54766e+06 1.35897e+06 1.07022e+06 1.79494e+06 1.29857e+06 1.14436e+06 1.5535e+06 1.63933e+06 1.09971e+06 778478 1.08057e+06
mphobs
 0 0 0 0 0 0 0 0 0 0 0 498337 0 5186 125008 0 168611 109162 213762 579715 649985 157893 87575 83554 0 0 0 0 0 0 0
mphpred
 3.26684e+06 2.1795e+06 1.08567e+06 591704 627823 700454 915782 561237 500077 345467 229763 381249 411932 348232 236909 302184 994303 936076 1.84229e+06 1.40167e+06 1.54146e+06 1.88874e+06 1.78288e+06 1.46197e+06 2.02611e+06 1.66971e+06 1.37425e+06 1.47522e+06 2.07074e+06 1.39314e+06 757260
desembarqueobs
 494567 514787 250237 358949 120608 361735 552515 73892 212993 205616 52469 317467 293654 387597 252695 516296 358380 742168 942051 627588 828172 859565 418607 520667 417249 300574 407403 355545 319650 289779 219260
desembarquepred
 494573 513548 250833 358979 120613 361748 552557 73896.2 213041 205660 52471.5 317532 293705 387632 252689 516256 358403 742074 941860 627461 828235 859575 418614 520689 417248 300574 407402 355531 319642 289787 219263
Reclutas
 198350 112825 113045 181489 145388 251448 104026 47314.5 45313.8 60451.2 113416 149737 124416 87671.9 87732.3 477194 98637.2 723542 424586 339809 481373 644011 133106 397612 335577 150699 339652 381980 106390 80121.8 362404
log_desv_Rt
 0.107072 -0.457117 -0.455171 0.018235 -0.203551 0.344276 -0.538321 -1.32614 -1.36935 -1.08112 -0.451895 -0.174081 -0.359329 -0.709357 -0.708668 0.984964 -0.59151 1.4012 0.868156 0.645426 0.993684 1.28476 -0.291809 0.802518 0.632892 -0.167674 0.644962 0.762409 -0.515849 -0.799411 0.7098
SSB
 3.26684e+06 2.1795e+06 1.08567e+06 591704 627823 700454 915782 561237 500077 345467 229763 381249 411932 348232 236909 302184 994303 936076 1.84229e+06 1.40167e+06 1.54146e+06 1.88874e+06 1.78288e+06 1.46197e+06 2.02611e+06 1.66971e+06 1.37425e+06 1.47522e+06 2.07074e+06 1.39314e+06 757260
BT
 4.39048e+06 2.98388e+06 1.50305e+06 1.29807e+06 1.11484e+06 1.96078e+06 1.44136e+06 1.10783e+06 945580 706977 671099 945107 1.00244e+06 1.00964e+06 887924 1.80886e+06 1.61854e+06 4.1107e+06 3.86083e+06 2.64793e+06 4.23914e+06 3.93864e+06 2.83287e+06 4.6232e+06 3.37963e+06 2.90512e+06 3.99768e+06 4.13598e+06 2.79988e+06 2.0781e+06 2.68018e+06
Ftot
 0.130584 0.238128 0.232418 0.360854 0.123757 0.243381 0.540597 0.0870526 0.338294 0.442467 0.104475 0.456238 0.426119 0.708495 0.482047 0.390985 0.251467 0.255988 0.363277 0.319186 0.243967 0.311177 0.183453 0.161608 0.163278 0.131888 0.159156 0.131635 0.130241 0.191272 0.110235
BD_Bspro_t
 0.979367 0.850082 0.69411 0.60575 0.590513 0.661918 0.650007 0.483662 0.541468 0.499151 0.467801 0.675828 0.56174 0.472376 0.366484 0.42612 0.602754 0.575558 0.669826 0.576626 0.554107 0.600652 0.615117 0.607063 0.708969 0.717057 0.724242 0.761138 0.805827 0.739275 0.684336
BD_Bspro
 2.57441 1.71754 0.855554 0.466288 0.494751 0.551988 0.721675 0.442279 0.394082 0.272242 0.181063 0.30044 0.32462 0.274421 0.186695 0.238134 0.783553 0.737667 1.4518 1.10458 1.21473 1.48841 1.40499 1.1521 1.59666 1.31581 1.08297 1.16254 1.63183 1.09785 0.596753
BD_Bo
 1.72063 1.14793 0.571818 0.311648 0.330672 0.368927 0.482339 0.295602 0.263389 0.181956 0.121015 0.200802 0.216963 0.183412 0.124779 0.159159 0.523696 0.493027 0.970328 0.738255 0.811879 0.994794 0.939036 0.770015 1.06715 0.879432 0.723814 0.776995 1.09065 0.73376 0.398846
BD_Brms
 10.3975 6.93675 3.45539 1.88323 1.99819 2.22935 2.91468 1.78626 1.59161 1.09952 0.731271 1.21341 1.31106 1.10833 0.754017 0.961769 3.16459 2.97927 5.86351 4.46113 4.90603 6.01135 5.67442 4.65306 6.44856 5.31424 4.37387 4.69523 6.59059 4.43398 2.41015
Sel_flota
 0.786671 0.985928 0.999249 0.99996 0.999998
 0.786671 0.985928 0.999249 0.99996 0.999998
 0.786671 0.985928 0.999249 0.99996 0.999998
 0.786671 0.985928 0.999249 0.99996 0.999998
 0.786671 0.985928 0.999249 0.99996 0.999998
 0.786671 0.985928 0.999249 0.99996 0.999998
 0.786671 0.985928 0.999249 0.99996 0.999998
 0.786671 0.985928 0.999249 0.99996 0.999998
 0.786671 0.985928 0.999249 0.99996 0.999998
 0.786671 0.985928 0.999249 0.99996 0.999998
 0.786671 0.985928 0.999249 0.99996 0.999998
 0.786671 0.985928 0.999249 0.99996 0.999998
 0.786671 0.985928 0.999249 0.99996 0.999998
 0.786671 0.985928 0.999249 0.99996 0.999998
 0.786671 0.985928 0.999249 0.99996 0.999998
 0.786671 0.985928 0.999249 0.99996 0.999998
 0.786671 0.985928 0.999249 0.99996 0.999998
 0.786671 0.985928 0.999249 0.99996 0.999998
 0.786671 0.985928 0.999249 0.99996 0.999998
 0.786671 0.985928 0.999249 0.99996 0.999998
 0.786671 0.985928 0.999249 0.99996 0.999998
 0.786671 0.985928 0.999249 0.99996 0.999998
 0.786671 0.985928 0.999249 0.99996 0.999998
 0.786671 0.985928 0.999249 0.99996 0.999998
 0.786671 0.985928 0.999249 0.99996 0.999998
 0.786671 0.985928 0.999249 0.99996 0.999998
 0.786671 0.985928 0.999249 0.99996 0.999998
 0.786671 0.985928 0.999249 0.99996 0.999998
 0.786671 0.985928 0.999249 0.99996 0.999998
 0.786671 0.985928 0.999249 0.99996 0.999998
 0.786671 0.985928 0.999249 0.99996 0.999998
Sel_reclas
 1 1 1 1 1
 1 1 1 1 1
 1 1 1 1 1
 1 1 1 1 1
 1 1 1 1 1
 1 1 1 1 1
 1 1 1 1 1
 1 1 1 1 1
 1 1 1 1 1
 1 1 1 1 1
 1 1 1 1 1
 1 1 1 1 1
 1 1 1 1 1
 1 1 1 1 1
 1 1 1 1 1
 1 1 1 1 1
 1 1 1 1 1
 1 1 1 1 1
 1 1 1 1 1
 1 1 1 1 1
 1 1 1 1 1
 1 1 1 1 1
 1 1 1 1 1
 1 1 1 1 1
 1 1 1 1 1
 1 1 1 1 1
 1 1 1 1 1
 1 1 1 1 1
 1 1 1 1 1
 1 1 1 1 1
 1 1 1 1 1
Sel_pelaces
 1 1 1 1 1
 1 1 1 1 1
 1 1 1 1 1
 1 1 1 1 1
 1 1 1 1 1
 1 1 1 1 1
 1 1 1 1 1
 1 1 1 1 1
 1 1 1 1 1
 1 1 1 1 1
 1 1 1 1 1
 1 1 1 1 1
 1 1 1 1 1
 1 1 1 1 1
 1 1 1 1 1
 1 1 1 1 1
 1 1 1 1 1
 1 1 1 1 1
 1 1 1 1 1
 1 1 1 1 1
 1 1 1 1 1
 1 1 1 1 1
 1 1 1 1 1
 1 1 1 1 1
 1 1 1 1 1
 1 1 1 1 1
 1 1 1 1 1
 1 1 1 1 1
 1 1 1 1 1
 1 1 1 1 1
 1 1 1 1 1
pf_obs 
 0.8446 0.082 0.0669 0.0065 0
 0.8095 0.147 0.0364 0.0071 0
 0.9664 0.0169 0.016 0.0007 0
 0.9276 0.0648 0.0075 0.0001 0
 0.7033 0.2144 0.0806 0.0017 0
 0.9318 0.0425 0.0243 0.0014 0
 0.5671 0.3108 0.0964 0.0239 0.0018
 0.0768 0.2599 0.5324 0.112 0.0189
 0.490249 0.384438 0.106611 0.0170017 0.00170017
 0.7925 0.1577 0.0466 0.003 0.0002
 0.840416 0.127587 0.0312969 0.00059994 9.999e-05
 0.8084 0.0986 0.0794 0.0134 0.0002
 0.7335 0.1905 0.0724 0.0035 0.0001
 0.4001 0.4547 0.1325 0.0127 0
 0.49795 0.308269 0.164784 0.0264974 0.00249975
 0.9179 0.0499 0.0305 0.0017 0
 0.2467 0.6533 0.0926 0.0074 0
 0.9418 0.0223 0.034 0.0019 0
 0.707729 0.231977 0.0356964 0.0245975 0
 0.517169 0.277429 0.184464 0.0207286 0.00020938
 0.811772 0.124168 0.05621 0.00726502 0.000585176
 0.764997 0.148141 0.077277 0.00933861 0.000247198
 0.163321 0.427699 0.378323 0.0303852 0.000271297
 0.753843 0.0900009 0.118128 0.0371064 0.000921714
 0.721811 0.176058 0.0630433 0.0369309 0.00215725
 0.143369 0.312575 0.442814 0.0836902 0.0175525
 0.692698 0.0596174 0.167031 0.0765114 0.00414204
 0.394062 0.376323 0.152708 0.0712218 0.00568511
 0.125707 0.32114 0.495352 0.0537591 0.00404204
 0.23352 0.215282 0.420074 0.123614 0.00750983
 0 0 0 0 0
pf_pred 
 0.436692 0.124328 0.414167 0.0248116 7.99894e-07
 0.408838 0.293391 0.0664335 0.218271 0.0130669
 0.556665 0.208482 0.117454 0.026208 0.0911915
 0.726336 0.168895 0.0496619 0.0275711 0.0275359
 0.643824 0.27617 0.0496808 0.0143809 0.015944
 0.745536 0.176839 0.0603778 0.0107131 0.00653433
 0.472062 0.416955 0.077479 0.0260648 0.00743966
 0.452062 0.297376 0.198613 0.0362763 0.0156725
 0.537895 0.235464 0.123769 0.0815562 0.0213162
 0.701774 0.179624 0.0609062 0.03152 0.0261764
 0.814571 0.140131 0.0274651 0.00916157 0.00867103
 0.731683 0.227232 0.031154 0.00602323 0.00390787
 0.675836 0.253423 0.0600625 0.00809933 0.00257954
 0.622457 0.276449 0.079316 0.0184928 0.00328505
 0.731227 0.185951 0.0609527 0.0171616 0.00470731
 0.9329 0.0524973 0.010156 0.0032736 0.00117346
 0.370906 0.596183 0.0258389 0.00491957 0.0021523
 0.894739 0.0452118 0.0569522 0.00243209 0.000665107
 0.594745 0.371344 0.0146894 0.0182309 0.000990646
 0.608252 0.256758 0.123861 0.00482304 0.00630582
 0.728891 0.180991 0.0593779 0.0282077 0.00253231
 0.73633 0.204358 0.0397933 0.0128639 0.00665439
 0.312643 0.537965 0.11619 0.022282 0.0109201
 0.7351 0.0969347 0.131868 0.0280791 0.00801761
 0.621445 0.295032 0.0308389 0.041368 0.0113153
 0.430435 0.384501 0.144692 0.0149134 0.0254579
 0.728434 0.132605 0.0942338 0.0349755 0.00975129
 0.683573 0.244627 0.035316 0.0247477 0.0117373
 0.331238 0.489167 0.139287 0.0198332 0.0204744
 0.414098 0.225328 0.264728 0.0743472 0.0214988
 0.845168 0.0734508 0.031577 0.0365731 0.0132313
pobs_RECLAS
 0 0 0 0 0
 0 0 0 0 0
 0 0 0 0 0
 0 0 0 0 0
 0 0 0 0 0
 0 0 0 0 0
 0 0 0 0 0
 0 0 0 0 0
 0 0 0 0 0
 0 0 0 0 0
 0.991045 0.00858322 0.000360255 1.14367e-05 0
 0.934742 0.0480273 0.0164251 0.00080598 0
 0.827803 0.169806 0.00239088 0 0
 0.941827 0.0461693 0.0120037 0 0
 0.791401 0.0380133 0.147996 0.0225897 0
 0.846168 0.0940531 0.0597789 0 0
 0.134021 0.677848 0.182769 0.00536245 0
 0.80878 0.0450904 0.141981 0.00414843 0
 0.846168 0.0940531 0.0597789 0 0
 0.905697 0.0802665 0.012482 0.00150086 5.37128e-05
 0.989698 0.0102097 9.19794e-05 0 0
 0.975433 0.0193895 0.00387452 0.00125025 5.28907e-05
 0.303575 0.632131 0.0575291 0.00676475 0
 0.966965 0.00978017 0.0227588 0.000495775 0
 0.843318 0.132988 0.00938335 0.0141283 0.000182051
 0.564624 0.303363 0.111486 0.0197234 0.00080311
 0.826376 0.0876187 0.0782897 0.00655872 0.00115652
 0.89761 0.0855135 0.0140674 0.00269457 0.000114338
 0.34875 0.467042 0.161289 0.0227151 0.000203297
 0.318654 0.224769 0.449479 0.00709798 0
 0.937255 0.0296025 0.0250945 0.00804832 0
ppred_RECLAS
 0.496036 0.112416 0.369432 0.0221157 7.12955e-07
 0.467261 0.266301 0.0594767 0.195272 0.0116895
 0.614295 0.182737 0.101546 0.0226419 0.07878
 0.77119 0.141988 0.0411717 0.0228406 0.0228106
 0.694895 0.237304 0.0421137 0.0121817 0.0135053
 0.787469 0.148323 0.0499501 0.00885643 0.00540166
 0.532395 0.370429 0.0678557 0.0228101 0.00651042
 0.510296 0.267432 0.176215 0.0321623 0.0138946
 0.596694 0.206939 0.107273 0.070634 0.0184607
 0.749731 0.151605 0.0506859 0.0262112 0.0217668
 0.846964 0.116041 0.0224375 0.00747914 0.00707841
 0.775814 0.190273 0.0257208 0.00496905 0.00322379
 0.725718 0.215088 0.0502645 0.00677303 0.00215704
 0.678759 0.236156 0.0667668 0.0155548 0.00276303
 0.775929 0.15571 0.050321 0.0141575 0.00388316
 0.946315 0.0421307 0.00803719 0.00258871 0.000927915
 0.426327 0.544055 0.0232574 0.00442483 0.00193578
 0.915196 0.036712 0.0456128 0.00194643 0.000532273
 0.64984 0.321243 0.0125314 0.0155411 0.000844457
 0.663101 0.221867 0.105555 0.0041072 0.00536968
 0.772805 0.152379 0.0493084 0.023407 0.00210126
 0.779427 0.171496 0.0329346 0.0106389 0.0055032
 0.364573 0.498809 0.106272 0.0203652 0.00998033
 0.778707 0.0816866 0.109621 0.0233251 0.00665992
 0.674276 0.254644 0.026257 0.0351962 0.00962675
 0.488137 0.347087 0.128851 0.0132711 0.0226536
 0.7725 0.111876 0.078427 0.0290876 0.00810944
 0.731364 0.208335 0.0296709 0.0207769 0.00985367
 0.384432 0.451915 0.126944 0.0180627 0.0186459
 0.472743 0.204507 0.237005 0.066513 0.0192326
 0.8735 0.0604518 0.0256388 0.029674 0.010735
pobs_PELACES
 0 0 0 0 0
 0 0 0 0 0
 0 0 0 0 0
 0 0 0 0 0
 0 0 0 0 0
 0 0 0 0 0
 0 0 0 0 0
 0 0 0 0 0
 0 0 0 0 0
 0 0 0 0 0
 0 0 0 0 0
 0 0 0 0 0
 0 0 0 0 0
 0 0 0 0 0
 0 0 0 0 0
 0 0 0 0 0
 0.505614 0.472636 0.0217494 0 0
 0 0 0 0 0
 0.443492 0.261883 0.143347 0.151278 0
 0.227955 0.32914 0.350689 0.0885471 0.00366901
 0.970185 0.0296113 0.000203453 0 0
 0.997202 0.00247181 0.000326279 0 0
 0.445219 0.490057 0.0546422 0.010081 0
 0.90214 0.0892962 0.00764917 0.000914606 0
 0 0 0 0 0
 0.581667 0.319106 0.0959925 0.00289975 0.000334073
 0.762889 0.0836404 0.116647 0.0363945 0.000428098
 0.88444 0.0763242 0.0277011 0.0115352 0
 0.521256 0.241999 0.230069 0.00667565 0
 0.616807 0.101726 0.260614 0.0208532 0
 0 0 0 0 0
ppred_PELACES
 0.498295 0.111962 0.367729 0.0220131 7.09647e-07
 0.471297 0.264428 0.0589965 0.193685 0.0115945
 0.61804 0.181062 0.100513 0.0224103 0.077974
 0.775457 0.139426 0.0403647 0.022391 0.0223615
 0.696644 0.235973 0.0418547 0.0121065 0.0134218
 0.790189 0.146472 0.0492742 0.00873608 0.00532824
 0.541357 0.363511 0.0664304 0.0223281 0.00637281
 0.51177 0.266674 0.175648 0.0320582 0.0138496
 0.602213 0.204258 0.105726 0.06961 0.018193
 0.755295 0.148351 0.0495016 0.0255961 0.0212558
 0.847867 0.11537 0.0222974 0.00743226 0.00703403
 0.781041 0.185893 0.0250784 0.00484444 0.00314293
 0.73134 0.210765 0.0491621 0.00662383 0.00210951
 0.68901 0.228811 0.0644889 0.0150216 0.0026683
 0.781503 0.151935 0.0489973 0.0137835 0.00378057
 0.947625 0.0411182 0.00783057 0.00252193 0.000903972
 0.43039 0.540233 0.0230685 0.00438864 0.00191994
 0.916543 0.0361523 0.0448669 0.00191448 0.000523536
 0.655286 0.316289 0.0123185 0.0152758 0.000830034
 0.66788 0.218825 0.103962 0.0040449 0.00528821
 0.775672 0.15051 0.0486515 0.0230939 0.00207314
 0.782977 0.168788 0.0323702 0.0104558 0.00540848
 0.367413 0.496667 0.10573 0.0202605 0.00992901
 0.780611 0.0810207 0.10865 0.0231177 0.00660068
 0.676665 0.252817 0.0260499 0.0349173 0.00955045
 0.490351 0.345651 0.128243 0.0132081 0.022546
 0.774398 0.110983 0.0777467 0.0288343 0.00803878
 0.733087 0.207026 0.0294675 0.0206338 0.00978579
 0.386497 0.450469 0.126465 0.017994 0.018575
 0.476009 0.203346 0.235461 0.066077 0.0191065
 0.874328 0.060072 0.0254654 0.0294725 0.0106621
pobs_pel_tallas
 0 0 0 0 0 0 0 0 0 0 0 0 0 0 0 0 0 0 0 0 0 0 0 0 0 0
 0 0 0 0 0 0 0 0 0 0 0 0 0 0 0 0 0 0 0 0 0 0 0 0 0 0
 0 0 0 0 0 0 0 0 0 0 0 0 0 0 0 0 0 0 0 0 0 0 0 0 0 0
 0 0 0 0 0 0 0 0 0 0 0 0 0 0 0 0 0 0 0 0 0 0 0 0 0 0
 0 0 0 0 0 0 0 0 0 0 0 0 0 0 0 0 0 0 0 0 0 0 0 0 0 0
 0 0 0 0 0 0 0 0 0 0 0 0 0 0 0 0 0 0 0 0 0 0 0 0 0 0
 0 0 0 0 0 0 0 0 0 0 0 0 0 0 0 0 0 0 0 0 0 0 0 0 0 0
 0 0 0 0 0 0 0 0 0 0 0 0 0 0 0 0 0 0 0 0 0 0 0 0 0 0
 0 0 0 0 0 0 0 0 0 0 0 0 0 0 0 0 0 0 0 0 0 0 0 0 0 0
 0 0 0 0 0 0 0 0 0 0 0 0 0 0 0 0 0 0 0 0 0 0 0 0 0 0
 0 0 0 0 0 0 0 0 0 0 0 0 0 0 0 0 0 0 0 0 0 0 0 0 0 0
 0 0 0 0 0 0 0 0 0 0 0 0 0 0 0 0 0 0 0 0 0 0 0 0 0 0
 0.00862536 0 0 0.000197151 0.00414017 0.0128641 0.00837892 0.0270097 0.101434 0.158115 0.152841 0.127902 0.109271 0.109419 0.0830992 0.0579132 0.0238553 0.00714673 0.00463305 0.00128148 0.00103504 0.000492878 0.000147863 0.000147863 4.92878e-05 0
 0 0 0 0 0 0 0 0 0 0 0 0 0 0 0 0 0 0 0 0 0 0 0 0 0 0
 0 0 0 0 0 0 0 0.0054083 0.00873648 0.0413646 0.0450493 0.0745869 0.0622846 0.0627006 0.0613931 0.0827291 0.12552 0.122667 0.0946155 0.0697135 0.0546179 0.0294188 0.0215738 0.0213955 0.0102223 0.00600262
 0 0 0 0 0.00359764 0.0251062 0.0480494 0.140153 0.205849 0.193036 0.1447 0.116669 0.0760912 0.0342217 0.00950174 0.001854 0.000860785 0 0 0 0.000165536 0 0.000143464 0 0 0
 0 0 0 0 0 0 0 0.000145254 0.000435761 0.0275982 0.070085 0.0708112 0.156366 0.174668 0.174014 0.160142 0.0824315 0.0480064 0.0283245 0.00493863 0.00203355 0 0 0 0 0
 0 0 0 0 0 0 0 0 0 0 0 0 0 0 0 0 0 0 0 0 0 0 0 0 0 0
 0 0 1.00437e-05 0.000401748 0.00122533 0.00171747 0.00176769 0.0269171 0.070346 0.194647 0.189555 0.159765 0.064822 0.0314167 0.0384472 0.0292271 0.0345202 0.0313363 0.0194345 0.0106764 0.0143323 0.0359363 0.0279516 0.0138201 0.00172751 0
 0 0.0021121 0.0136068 0.0755702 0.200478 0.177729 0.0527432 0.0373336 0.0318909 0.0142505 0.0149659 0.0166563 0.0217959 0.0798694 0.0677717 0.0528807 0.04013 0.0224614 0.0357745 0.0225083 0.00881397 0.00855152 0.00135912 0.000746735 0 0
 0 0 0 0 5.4009e-05 0.00500934 0.000945158 0.0243581 0.138947 0.33067 0.221406 0.137944 0.0707744 0.0437923 0.0131692 0.00525238 0.0047753 0.00276346 9.45158e-05 9.00151e-06 2.25038e-05 9.00151e-06 4.50075e-06 0 0 0
 0.000866109 0.00284123 0.00948549 0.0512746 0.133035 0.25785 0.225252 0.132002 0.0553304 0.0519788 0.0540692 0.017754 0.00435017 0.00159236 0.00146478 0.000404838 0.000125132 0.000115318 0.000107957 0.000100596 0 0 0 0 0 0
 0 0 0 0 0.00144013 0.00171154 0.00461396 0.0210425 0.0478622 0.0707936 0.0888783 0.103762 0.0637923 0.0337046 0.0602308 0.124433 0.169614 0.0934646 0.0462172 0.0250306 0.0313229 0.00938855 0.002487 0.000210481 0 0
 0 0.00764035 0.051015 0.0998891 0.058973 0.0496711 0.0374665 0.0718981 0.12319 0.153886 0.159021 0.0857701 0.0377988 0.023471 0.0147837 0.00900784 0.00315554 0.000888139 0.00291439 0.00214683 0.00393193 0.00274676 0.000635225 9.99891e-05 0 0
 0 0 0 0 0 0 0 0 0 0 0 0 0 0 0 0 0 0 0 0 0 0 0 0 0 0
 0 0 0 0 0 0 0 0 0 0 0 0 0 0 0 0 0 0 0 0 0 0 0 0 0 0
 0 0 0 0 0 0 0 0 0 0 0 0 0 0 0 0 0 0 0 0 0 0 0 0 0 0
 0 0 0 0 0 0 0 0 0 0 0 0 0 0 0 0 0 0 0 0 0 0 0 0 0 0
 0 0 0 0 0 0 0 0 0 0 0 0 0 0 0 0 0 0 0 0 0 0 0 0 0 0
 0 0 0 0 0 0 0 0 0 0 0 0 0 0 0 0 0 0 0 0 0 0 0 0 0 0
 0 0 0 0 0 0 0 0 0 0 0 0 0 0 0 0 0 0 0 0 0 0 0 0 0 0
ppred_pel_tallas
 1.12849e-16 4.10439e-05 0.000398961 0.00265124 0.0120522 0.0374988 0.0798956 0.116612 0.116624 0.0799512 0.0376873 0.0126036 0.00406186 0.00356539 0.00630911 0.0110273 0.0174186 0.025097 0.0335745 0.0424339 0.0512342 0.0591524 0.0647851 0.0665146 0.0633254 0.0554849
 1.23157e-16 3.88201e-05 0.000377346 0.0025076 0.0113992 0.0354672 0.0755676 0.110298 0.110324 0.0756927 0.0358875 0.0126147 0.0055646 0.00707152 0.0128166 0.0213066 0.0311417 0.0401936 0.0464085 0.0490679 0.0492944 0.0492472 0.0505923 0.0534238 0.0563316 0.0573645
 1.1839e-16 5.09072e-05 0.000494836 0.00328836 0.0149484 0.0465102 0.0990955 0.144637 0.144654 0.0991815 0.0467994 0.0157855 0.00539657 0.00512051 0.00890596 0.0148303 0.0218094 0.0284039 0.0332062 0.035655 0.0363713 0.0366525 0.037521 0.0390822 0.0405903 0.0410095
 1.07231e-16 6.38734e-05 0.000620872 0.00412592 0.0187558 0.0583564 0.124335 0.181473 0.181487 0.124401 0.0585778 0.0193958 0.00573456 0.00414008 0.0067702 0.0111527 0.0162088 0.0207101 0.0234636 0.0239591 0.0226766 0.0207325 0.0191471 0.0183055 0.0179359 0.0174705
 1.04754e-16 5.73817e-05 0.00055777 0.00370658 0.0168496 0.0524254 0.111699 0.163032 0.163055 0.11181 0.0527989 0.0179286 0.006416 0.00647544 0.0113051 0.0186228 0.0268798 0.0339302 0.0376297 0.0370032 0.0328222 0.0270625 0.0216926 0.0177362 0.0151553 0.0133482
 1.03238e-16 6.50869e-05 0.000632667 0.0042043 0.0191121 0.059465 0.126697 0.184921 0.184935 0.126766 0.0596976 0.0197845 0.00589433 0.00432948 0.00710791 0.0117052 0.0169897 0.0216464 0.0243741 0.0245648 0.0226372 0.019695 0.0168035 0.0144643 0.0126029 0.0109044
 1.05328e-16 4.4591e-05 0.00043344 0.00288036 0.0130937 0.0407397 0.0868014 0.126697 0.126732 0.0869728 0.0413151 0.0147561 0.00705442 0.00955007 0.0173725 0.0286861 0.0414058 0.0522541 0.0579164 0.0568661 0.0502573 0.0410979 0.0323986 0.0257489 0.0211496 0.0177767
 1.10696e-16 4.21539e-05 0.000409751 0.00272294 0.0123781 0.038513 0.082057 0.11977 0.119796 0.0821837 0.0389394 0.0136125 0.00583222 0.00723335 0.0131072 0.021879 0.0321612 0.0418016 0.0485989 0.0514965 0.0510912 0.0489691 0.0464607 0.0438757 0.040703 0.0363661
 1.13163e-16 4.96035e-05 0.000482164 0.00320415 0.0145656 0.0453191 0.096558 0.140933 0.140953 0.0966549 0.0456452 0.0155092 0.00558004 0.00569335 0.01002 0.0166822 0.0244944 0.0318099 0.0369956 0.0393527 0.0394989 0.038811 0.0383827 0.038348 0.0380025 0.0364543
 1.07631e-16 6.22127e-05 0.00060473 0.00401864 0.0182682 0.0568391 0.121102 0.176755 0.17677 0.121172 0.0570749 0.0189499 0.00573263 0.00435599 0.00721539 0.0119074 0.0173337 0.0222034 0.025256 0.0259474 0.0247692 0.0228719 0.0212934 0.0204033 0.0198981 0.0191946
 1.02609e-16 6.98377e-05 0.000678847 0.00451118 0.0205072 0.0638055 0.135945 0.198418 0.198429 0.135999 0.0639881 0.021035 0.00583666 0.00357443 0.00557523 0.00912296 0.0131751 0.0166548 0.0185177 0.0182913 0.0163521 0.0136577 0.0111547 0.00932301 0.00812478 0.00725372
 1.0179e-16 6.43333e-05 0.000625343 0.00415563 0.0188909 0.0587766 0.12523 0.182781 0.182799 0.125318 0.0590705 0.0197398 0.00628638 0.00527646 0.00889666 0.0146035 0.0210244 0.0264252 0.029083 0.0282021 0.0243824 0.0192063 0.0142889 0.0105316 0.00800862 0.00633219
 1.02494e-16 6.02395e-05 0.00058555 0.00389118 0.0176888 0.0550364 0.117262 0.171151 0.171171 0.117361 0.0553703 0.0186536 0.00631443 0.0058802 0.0101294 0.016686 0.0241126 0.0304909 0.0338981 0.0334328 0.0297246 0.0244609 0.019333 0.0152402 0.0122128 0.00985248
 1.03878e-16 5.67529e-05 0.000551659 0.00366597 0.016665 0.051851 0.110475 0.161246 0.161268 0.110583 0.0522139 0.0177139 0.00630141 0.00631328 0.0110239 0.0181997 0.0263635 0.03347 0.037464 0.0373853 0.0339051 0.0288003 0.0238138 0.0198126 0.0167387 0.0141185
 1.03475e-16 6.43714e-05 0.000625713 0.00415808 0.0189021 0.0588114 0.125304 0.182889 0.182903 0.125376 0.0590526 0.0195994 0.00591074 0.00445928 0.00736717 0.0121358 0.0176126 0.0224367 0.0252612 0.0254615 0.0234801 0.0204697 0.0175371 0.0151946 0.0133459 0.0116415
 1.00643e-16 7.80546e-05 0.000758719 0.00504195 0.02292 0.0713126 0.151939 0.221761 0.221765 0.151959 0.0713777 0.0231081 0.00551422 0.00179029 0.00203901 0.00325213 0.00468857 0.00592003 0.00656791 0.00645974 0.00572577 0.00470498 0.00373584 0.00299574 0.00248279 0.00210275
 1.01569e-16 3.54508e-05 0.000344594 0.00228995 0.0104098 0.0323891 0.0690103 0.100733 0.100785 0.0692642 0.0332415 0.0128709 0.0084632 0.0138066 0.0255603 0.04209 0.06037 0.0753714 0.0819928 0.077882 0.0648657 0.0477791 0.0316696 0.0195239 0.0118081 0.00744272
 1.01585e-16 7.54944e-05 0.000733833 0.00487658 0.0221682 0.0689735 0.146956 0.214487 0.21449 0.146973 0.069032 0.0223378 0.00530529 0.00167946 0.00189986 0.00309529 0.00462298 0.00616877 0.00745413 0.00832893 0.00881721 0.00902544 0.00900129 0.00868124 0.00796765 0.0068496
 1.02109e-16 5.39751e-05 0.000524657 0.00348653 0.0158493 0.0493132 0.105068 0.153356 0.153387 0.105217 0.0498124 0.0172904 0.00710152 0.00840858 0.0150048 0.024663 0.0353897 0.0442284 0.0482119 0.0459889 0.038652 0.0290382 0.020078 0.0134578 0.00935983 0.00705873
 1.04357e-16 5.50125e-05 0.000534741 0.00355354 0.0161539 0.0502609 0.107087 0.156301 0.156322 0.107191 0.0506092 0.0171615 0.00608822 0.00608562 0.0106487 0.0176511 0.0257316 0.0329994 0.0375363 0.0384114 0.0361572 0.0322646 0.0281477 0.0244367 0.0210252 0.017587
 1.0411e-16 6.38911e-05 0.000621044 0.00412706 0.018761 0.0583725 0.124369 0.181524 0.181538 0.124441 0.0586116 0.019452 0.00586409 0.00442116 0.00730518 0.0120398 0.0174892 0.022316 0.025201 0.0255414 0.0237867 0.0210759 0.0184805 0.0164605 0.0148597 0.0132774
 1.02942e-16 6.44928e-05 0.000626893 0.00416593 0.0189377 0.0589223 0.125541 0.183234 0.18325 0.12562 0.0591896 0.0197098 0.00610474 0.00486199 0.00811561 0.0133357 0.0192544 0.0243204 0.0269986 0.0265858 0.0236206 0.0194964 0.0156007 0.0126548 0.0106385 0.00914947
 1.06891e-16 3.02634e-05 0.000294172 0.00195488 0.00888661 0.0276498 0.0589126 0.0859947 0.0860426 0.0591468 0.0284364 0.0111593 0.00766235 0.0127628 0.0237375 0.0392655 0.0567252 0.0716781 0.079602 0.0783935 0.0695804 0.0571989 0.0452896 0.0359896 0.0293301 0.0242763
 1.06592e-16 6.42979e-05 0.000624998 0.00415333 0.0188805 0.0587441 0.125161 0.182678 0.182686 0.1252 0.0588756 0.0192621 0.00511906 0.00275879 0.00419199 0.0070255 0.0105758 0.0142678 0.0175398 0.0201083 0.0220525 0.0235817 0.0247008 0.0250997 0.0243611 0.0222881
 1.05935e-16 5.57361e-05 0.000541774 0.00360028 0.0163664 0.050922 0.108496 0.158358 0.158382 0.108615 0.0513217 0.0175209 0.00649819 0.00686807 0.0120716 0.0198735 0.0286405 0.0360681 0.0398646 0.0390194 0.034427 0.0282915 0.0227901 0.0190233 0.0168656 0.0155198
 1.0893e-16 4.03897e-05 0.000392602 0.00260898 0.0118601 0.0369012 0.0786232 0.11476 0.114793 0.0787867 0.0374505 0.0134481 0.00660129 0.00912827 0.016691 0.0276866 0.0402468 0.0513812 0.0580465 0.0588163 0.0546628 0.0481488 0.0417271 0.0365223 0.0323177 0.0283586
 1.06525e-16 6.37861e-05 0.000620024 0.00412028 0.0187302 0.0582766 0.124165 0.181225 0.181235 0.124218 0.0584543 0.0192449 0.0054175 0.00346936 0.00552687 0.00917232 0.0135285 0.0176941 0.0207895 0.0224132 0.0228337 0.022693 0.0224745 0.0221874 0.0214753 0.0199722
 1.04629e-16 6.03835e-05 0.000586949 0.00390048 0.017731 0.0551679 0.117542 0.17156 0.17158 0.117639 0.0554955 0.0186771 0.00627577 0.00577378 0.00991607 0.0163118 0.0235285 0.0296735 0.0328697 0.0322777 0.0286028 0.0236119 0.0190545 0.015822 0.0138375 0.012504
 1.08713e-16 3.18353e-05 0.000309451 0.00205641 0.00934817 0.0290859 0.0619721 0.0904593 0.0905028 0.0621848 0.0298003 0.011413 0.00724438 0.0116511 0.0216193 0.0358154 0.0518823 0.0658555 0.0736935 0.0735118 0.0666473 0.0566246 0.0469073 0.0392276 0.0334744 0.0286816
 1.16707e-16 3.92083e-05 0.000381118 0.00253267 0.0115131 0.0358218 0.0763228 0.1114 0.11142 0.0764204 0.0361505 0.0124671 0.00494408 0.00570122 0.0103079 0.0174121 0.0260968 0.0349625 0.0425711 0.0482319 0.0522508 0.0553451 0.0577526 0.0588601 0.0576414 0.0534543
 1.05511e-16 7.20173e-05 0.000700033 0.00465197 0.0211472 0.0657967 0.140187 0.204608 0.204614 0.140216 0.0658925 0.0214244 0.00534983 0.00223035 0.00299915 0.00490055 0.00718989 0.00934425 0.0108973 0.0116742 0.0118975 0.0120111 0.0123505 0.012922 0.0134311 0.013492
pSPR Fmed_Fpbrs
0.649765   0.215486 0.215486
Fs Fmed_Fpbrs
0.234853   1.005 1.005
SSBpbr Bo_Bmed_Bpbrs
1.89863e+06  1.13873e+06  314196 314196
Ro
178209
SPR SPRFo_SPRFmed_SPRFpbrs
1.26897e+06 824531 273445
Fref
1.005
log_Ro
11.9107
likeval ReclasPelacesDesembMPH_pf_preclas_ppelaces_ptallas_desvR_qrecl_qpela
 13.6737 17.1764 0.0588813 0.00277704 228.85 121.117 82.2757 0 24.5903 8.75518e-07 0 0.300419 0 0 0
q_reclas_q_pelaces
0.875823 1
M
1
N
 198350 45540.1 149789 8967.37 0.289087
 112825 65845.1 14729.4 48363.3 2895.18
 113045 34415.7 19154.3 4271.21 14861.3
 181489 34638 10068 5586.11 5578.8
 145388 50265.6 8927.84 2582.56 2863.17
 251448 48523.6 16367.6 2902.32 1770.17
 104026 76384.1 14042.6 4721.4 1347.59
 47314.5 25012.2 16490.5 3009.89 1300.32
 45313.8 16253.9 8444.69 5561.1 1453.45
 60451.2 12774.9 4283.63 2215.54 1839.89
 113416 15701.6 3038.14 1012.75 958.486
 149737 38431.5 5210.92 1006.87 653.238
 124416 38473.4 9016.52 1215.14 386.995
 87671.9 32734 9298.43 2166.82 384.902
 87732.3 18471.9 5988.78 1685.2 462.225
 477194 22088.9 4224.85 1360.98 487.842
 98637.2 129069 5526.72 1051.58 460.047
 723542 29773.7 37055.5 1581.41 432.456
 424586 217626 8509.99 10555.2 573.542
 339809 117370 55958.8 2177.63 2847.01
 481373 97250.4 31520.6 14964.3 1343.36
 644011 146163 28127.7 9087.11 4700.54
 133106 185475 39564.1 7582.27 3715.84
 397612 42386.6 56942.9 12117 3459.72
 335577 128811 13296.5 17824.3 4875.25
 150699 108571 40340.8 4155.12 7092.75
 339652 49975.5 35070.9 13008.1 3626.59
 381980 110246 15715 11004.9 5219.18
 106390 126699 35621 5068.68 5232.36
 80121.8 35327.2 40993.2 11505.1 3326.79
 362404 25357.6 10762.5 12456.9 4506.47
pred_Ctot
 12343.7 3514.3 11707 701.331 0.0226101
 12371 8877.67 2010.2 6604.64 395.388
 12119.8 4539.09 2557.23 570.604 1985.43
 29014.3 6746.72 1983.8 1101.36 1099.95
 8593.73 3686.3 663.136 191.955 212.82
 28131.7 6672.77 2278.27 404.244 246.563
 23576 20823.8 3869.5 1301.74 371.556
 1990.75 1309.56 874.635 159.75 69.0173
 6839.33 2993.92 1573.72 1036.99 271.035
 11554.4 2957.44 1002.8 518.965 430.985
 5694.75 979.674 192.011 64.0495 60.6201
 29386.3 9126.23 1251.23 241.909 156.95
 23017.4 8630.99 2045.59 275.844 87.853
 24765.6 10999.1 3155.74 735.773 130.702
 18048.6 4589.75 1504.47 423.591 116.188
 81888.2 4608.11 891.477 287.35 103.004
 11372.9 18280.5 792.287 150.846 65.9949
 84803 4285.16 5397.91 230.512 63.0386
 68282.2 42633.8 1686.47 2093.07 113.735
 48681.5 20549.6 9913.24 386.012 504.686
 53975.2 13402.6 4397.01 2088.81 187.521
 90172.9 25026.2 4873.18 1575.34 814.914
 11441.3 19687 4252.03 815.417 399.625
 30318.8 3998.02 5438.84 1158.11 330.682
 25839.1 12267.2 1282.25 1720.04 470.477
 9467.96 8457.58 3182.69 328.04 559.979
 25526.4 4646.87 3302.22 1225.64 341.713
 23954.5 8572.48 1237.58 867.236 411.312
 6604.19 9752.96 2777.09 395.432 408.216
 7162.54 3897.44 4578.94 1285.96 371.859
 19164.2 1665.5 716.01 829.297 300.021
F
 0.102726 0.128746 0.130486 0.130578 0.130583
 0.187329 0.234778 0.23795 0.238119 0.238128
 0.182837 0.229148 0.232244 0.232409 0.232418
 0.283873 0.355776 0.360583 0.360839 0.360853
 0.0973563 0.122016 0.123664 0.123752 0.123757
 0.191461 0.239956 0.243198 0.243371 0.24338
 0.425272 0.53299 0.540191 0.540576 0.540596
 0.0684818 0.0858276 0.0869873 0.0870492 0.0870524
 0.266126 0.333534 0.33804 0.338281 0.338294
 0.348076 0.43624 0.442135 0.442449 0.442466
 0.0821873 0.103005 0.104396 0.104471 0.104474
 0.358909 0.449818 0.455896 0.45622 0.456237
 0.335215 0.420122 0.425799 0.426102 0.426118
 0.557353 0.698526 0.707964 0.708467 0.708494
 0.379213 0.475264 0.481686 0.482028 0.482046
 0.307576 0.385483 0.390691 0.390969 0.390984
 0.197822 0.247929 0.251279 0.251457 0.251467
 0.201379 0.252386 0.255796 0.255978 0.255988
 0.285779 0.358165 0.363004 0.363262 0.363276
 0.251094 0.314694 0.318946 0.319173 0.319185
 0.191922 0.240534 0.243784 0.243958 0.243967
 0.244794 0.306798 0.310943 0.311164 0.311176
 0.144317 0.180872 0.183316 0.183446 0.183453
 0.127132 0.159334 0.161487 0.161602 0.161608
 0.128446 0.160981 0.163156 0.163272 0.163278
 0.103752 0.130032 0.131789 0.131882 0.131887
 0.125204 0.156917 0.159037 0.15915 0.159156
 0.103553 0.129782 0.131536 0.131629 0.131634
 0.102457 0.128408 0.130143 0.130236 0.13024
 0.150469 0.188581 0.191129 0.191265 0.191272
 0.0867188 0.108684 0.110152 0.110231 0.110235
nmprior
 8 9 7.5 0
nm_flota  nm_reclas  nm_pelaces    nm_pelaL
inf 13.0424 15.9333 27.7182
cv_recla  cv_pelaces  cv_mph
0.334478 0.487675 1.62628
 ------------------------------------------------
Talla a la edad & desviación 
 8 13.2811 15.8009 17.003 17.5766
 0.8 1.32811 1.58009 1.7003 1.75766
