    unsorted:	 2.059119931e-06 4.545118006e-05 0.0001033986008 0.001099920668 2.857203177 7.647890692 3.567981354 13.38450594 14.44085624 40.83110516 116.5457399 144.4051907 220.5785083 236.1118010 476.5126260 505.0783730 632.4087059 784.2491162 891.9273814 863.0158389 937.4150330 990.4600255 1119.223183 1144.348847 1226.575970 1358.735306 1403.886914 1477.796794 1604.326169 1861.741604 2322.522520 2323.306612 2063.865798 2372.958530 2413.989117 2441.938958 2656.691191 2921.379180 3535.755083 3719.608571 10974.76521 41828.24624 181720.7193 385859.0266 386551.8597 373106.0274 412367.5656 417828.4725 463920.8322 323432.3859 477424.6598 518422.1832 617713.1042 655748.1030 680237.4389 707842.6419 772954.3436 1028925.384 1087704.281 1205358.676 1248615.491 1540455.692 1706487.511 1901826.756 2193203.158 2475691.057 2518175.570 2784339.526 3210711.336 37603591.51
      sorted:	 2.059119931e-06 4.545118006e-05 0.0001033986008 0.001099920668 2.857203177 3.567981354 7.647890692 13.38450594 14.44085624 40.83110516 116.5457399 144.4051907 220.5785083 236.1118010 476.5126260 505.0783730 632.4087059 784.2491162 863.0158389 891.9273814 937.4150330 990.4600255 1119.223183 1144.348847 1226.575970 1358.735306 1403.886914 1477.796794 1604.326169 1861.741604 2063.865798 2322.522520 2323.306612 2372.958530 2413.989117 2441.938958 2656.691191 2921.379180 3535.755083 3719.608571 10974.76521 41828.24624 181720.7193 323432.3859 373106.0274 385859.0266 386551.8597 412367.5656 417828.4725 463920.8322 477424.6598 518422.1832 617713.1042 655748.1030 680237.4389 707842.6419 772954.3436 1028925.384 1087704.281 1205358.676 1248615.491 1540455.692 1706487.511 1901826.756 2193203.158 2475691.057 2518175.570 2784339.526 3210711.336 37603591.51
