    unsorted:	 2.276687564e-06 6.203981342e-05 0.0001050353049 0.001099923779 4.992083687 4.017998413 2.368141905 13.45331127 11.57215213 49.61792585 124.3393055 146.8137028 220.4912712 237.2965936 469.4375488 499.2479488 624.6928724 892.6129075 906.1660163 788.5448240 841.7119361 934.4763772 1059.965785 1144.326687 1276.512949 1314.069331 1391.451321 1511.522659 1659.875823 1755.988657 1955.977322 2337.298711 2340.140132 2383.216201 2421.093934 2555.378022 2581.040854 2759.304766 3005.975893 3613.712445 3988.683903 10818.42842 41810.59303 175255.8743 384608.6545 381954.3477 396606.7588 363025.0111 404949.9652 444509.0638 317466.6792 464226.3446 491792.3861 617256.8130 626442.2427 655298.5409 674594.2453 751472.5553 897519.1256 1078400.542 1099638.778 1231640.734 1500554.026 1543084.245 1700451.681 1949080.403 2208495.052 2468386.164 2529090.442 2779754.494 3231609.800 38990947.04
      sorted:	 2.276687564e-06 6.203981342e-05 0.0001050353049 0.001099923779 2.368141905 4.017998413 4.992083687 11.57215213 13.45331127 49.61792585 124.3393055 146.8137028 220.4912712 237.2965936 469.4375488 499.2479488 624.6928724 788.5448240 841.7119361 892.6129075 906.1660163 934.4763772 1059.965785 1144.326687 1276.512949 1314.069331 1391.451321 1511.522659 1659.875823 1755.988657 1955.977322 2337.298711 2340.140132 2383.216201 2421.093934 2555.378022 2581.040854 2759.304766 3005.975893 3613.712445 3988.683903 10818.42842 41810.59303 175255.8743 317466.6792 363025.0111 381954.3477 384608.6545 396606.7588 404949.9652 444509.0638 464226.3446 491792.3861 617256.8130 626442.2427 655298.5409 674594.2453 751472.5553 897519.1256 1078400.542 1099638.778 1231640.734 1500554.026 1543084.245 1700451.681 1949080.403 2208495.052 2468386.164 2529090.442 2779754.494 3231609.800 38990947.04
