years
 1991 1992 1993 1994 1995 1996 1997 1998 1999 2000 2001 2002 2003 2004 2005 2006 2007 2008 2009 2010 2011 2012 2013 2014 2015 2016 2017 2018 2019
reclasobs
 0 0 0 0 0 0 0 0 0 252601 567819 844713 477998 351125 339783 2.1784e+06 2.13404e+06 4.81314e+06 1.55562e+06 2.62356e+06 3.21686e+06 3.843e+06 1.13348e+06 3.07943e+06 1.97215e+06 2.03268e+06 2.025e+06 2.42433e+06 2.27542e+06
reclaspred
 3.19252e+06 1.74577e+06 882183 912757 927751 1.61625e+06 911192 781255 551528 371093 503901 687925 672858 496728 487929 1.35966e+06 1.19147e+06 3.06492e+06 2.446e+06 1.82103e+06 3.149e+06 2.56143e+06 1.92953e+06 3.0713e+06 2.2807e+06 2.0175e+06 2.47282e+06 2.47741e+06 1.95033e+06
pelacesobs
 0 0 0 0 0 0 0 0 0 0 0 0 0 0 0 552880 188675 0 991730 2.46772e+06 1.41603e+06 1.21717e+06 2.29649e+06 1.80582e+06 0 1.4828e+06 1.56532e+06 1.57751e+06 1.42118e+06
pelacespred
 1.82308e+06 1.0881e+06 535028 444524 496481 882196 447758 504195 326112 200060 290771 329492 357557 265979 269825 631856 586211 1.70272e+06 1.40435e+06 954222 1.64815e+06 1.41343e+06 1.11055e+06 1.90437e+06 1.38112e+06 1.22816e+06 1.68608e+06 1.6737e+06 1.12029e+06
mphobs
 0 0 0 0 0 0 0 0 0 0 0 498337 0 5186 125008 0 168611 109162 213762 579715 649985 157893 87575 83554 0 0 0 0 0
mphpred
 490709 328649 157884 87409.1 96580.8 116536 161134 86578.4 77902.7 48576.7 29617.9 61271.5 65784.6 53492.4 32441 41485.5 152555 132348 305683 215600 234325 285993 271836 214723 312217 257155 210748 232060 304167
desembarqueobs
 494567 514787 250237 358949 120608 361735 552515 73892 212993 205616 52469 317467 293654 387597 252695 516296 358380 742168 942051 627588 828172 859565 418607 520667 417249 300574 407403 355545 319650
desembarquepred
 494572 513857 250676 358984 120614 361743 552540 73897.5 213055 205673 52471.9 317528 293688 387573 252669 516223 358411 742021 941761 627377 828253 859536 418606 520690 417235 300570 407391 355513 319636
Reclutas
 169221 94537.4 93420.9 144227 116034 213224 83833.5 35214.9 34435.1 46277.6 86501.3 126469 105211 74174.7 67778.3 362719 70301.9 578437 329961 271666 358924 497527 95974.4 285781 245179 108421 246155 244151 81947.4
log_desv_Rt
 0.201278 -0.380934 -0.392815 0.041462 -0.176044 0.432412 -0.501097 -1.36846 -1.39085 -1.09527 -0.46977 -0.0899355 -0.273966 -0.623507 -0.713687 0.963699 -0.677131 1.4304 0.869046 0.674642 0.95318 1.27972 -0.365848 0.725295 0.57206 -0.243909 0.576031 0.567857 -0.523852
SSB
 1.98397e+06 1.32875e+06 638339 353402 390483 471165 651478 350043 314966 196399 119748 247725 265972 216274 131162 167729 616791 535092 1.2359e+06 871687 947392 1.15629e+06 1.09905e+06 868143 1.26232e+06 1.0397e+06 852069 938235 1.22977e+06
BT
 2.81356e+06 1.93255e+06 945313 900988 762201 1.5216e+06 1.08389e+06 747222 650796 468497 447042 715172 755126 769003 628486 1.305e+06 1.0607e+06 3.03921e+06 2.80156e+06 1.84025e+06 2.94109e+06 2.71023e+06 1.84134e+06 3.11963e+06 2.23018e+06 1.91187e+06 2.73913e+06 2.65375e+06 1.73998e+06
Ftot
 0.209844 0.387175 0.380211 0.568055 0.188819 0.339092 0.788731 0.135687 0.542406 0.767083 0.166988 0.670863 0.63054 1.0937 0.789938 0.614443 0.413896 0.386079 0.546826 0.497446 0.388973 0.491282 0.297733 0.261347 0.261159 0.209955 0.251608 0.220339 0.219925
BD_Bspro_t
 0.967097 0.774764 0.566277 0.465595 0.461372 0.557679 0.561031 0.366555 0.422644 0.359228 0.313561 0.57226 0.450645 0.355329 0.242218 0.292215 0.483912 0.436696 0.573791 0.457778 0.431136 0.477466 0.493376 0.474261 0.599163 0.609297 0.616992 0.6671 0.710948
BD_Bspro
 2.01747 1.35119 0.649118 0.359369 0.397077 0.479121 0.662479 0.355954 0.320285 0.199716 0.12177 0.251909 0.270464 0.219926 0.133376 0.170561 0.627207 0.544128 1.25677 0.886407 0.96339 1.17582 1.11761 0.882803 1.28363 1.05725 0.866458 0.954079 1.25054
BD_Bo
 1.32634 0.88831 0.426748 0.236259 0.261049 0.314987 0.435532 0.234014 0.210564 0.131298 0.0800547 0.165612 0.17781 0.144585 0.0876852 0.112132 0.412343 0.357724 0.826235 0.582748 0.633358 0.773015 0.734749 0.580378 0.843895 0.695066 0.569633 0.627237 0.822137
BD_Brms
 7.40245 4.95775 2.38172 1.31859 1.45694 1.75798 2.43075 1.30606 1.17518 0.73279 0.446794 0.924295 0.992376 0.806946 0.48938 0.625818 2.30133 1.9965 4.6113 3.25238 3.53484 4.31427 4.10071 3.23915 4.70987 3.87924 3.17918 3.50068 4.58843
Sel_flota
 0.726487 0.98057 0.998958 0.999945 0.999997
 0.726487 0.98057 0.998958 0.999945 0.999997
 0.726487 0.98057 0.998958 0.999945 0.999997
 0.726487 0.98057 0.998958 0.999945 0.999997
 0.726487 0.98057 0.998958 0.999945 0.999997
 0.726487 0.98057 0.998958 0.999945 0.999997
 0.726487 0.98057 0.998958 0.999945 0.999997
 0.726487 0.98057 0.998958 0.999945 0.999997
 0.726487 0.98057 0.998958 0.999945 0.999997
 0.726487 0.98057 0.998958 0.999945 0.999997
 0.726487 0.98057 0.998958 0.999945 0.999997
 0.726487 0.98057 0.998958 0.999945 0.999997
 0.726487 0.98057 0.998958 0.999945 0.999997
 0.726487 0.98057 0.998958 0.999945 0.999997
 0.726487 0.98057 0.998958 0.999945 0.999997
 0.726487 0.98057 0.998958 0.999945 0.999997
 0.726487 0.98057 0.998958 0.999945 0.999997
 0.726487 0.98057 0.998958 0.999945 0.999997
 0.726487 0.98057 0.998958 0.999945 0.999997
 0.726487 0.98057 0.998958 0.999945 0.999997
 0.726487 0.98057 0.998958 0.999945 0.999997
 0.726487 0.98057 0.998958 0.999945 0.999997
 0.726487 0.98057 0.998958 0.999945 0.999997
 0.726487 0.98057 0.998958 0.999945 0.999997
 0.726487 0.98057 0.998958 0.999945 0.999997
 0.726487 0.98057 0.998958 0.999945 0.999997
 0.726487 0.98057 0.998958 0.999945 0.999997
 0.726487 0.98057 0.998958 0.999945 0.999997
 0.726487 0.98057 0.998958 0.999945 0.999997
Sel_reclas
 1 1 1 1 1
 1 1 1 1 1
 1 1 1 1 1
 1 1 1 1 1
 1 1 1 1 1
 1 1 1 1 1
 1 1 1 1 1
 1 1 1 1 1
 1 1 1 1 1
 1 1 1 1 1
 1 1 1 1 1
 1 1 1 1 1
 1 1 1 1 1
 1 1 1 1 1
 1 1 1 1 1
 1 1 1 1 1
 1 1 1 1 1
 1 1 1 1 1
 1 1 1 1 1
 1 1 1 1 1
 1 1 1 1 1
 1 1 1 1 1
 1 1 1 1 1
 1 1 1 1 1
 1 1 1 1 1
 1 1 1 1 1
 1 1 1 1 1
 1 1 1 1 1
 1 1 1 1 1
Sel_pelaces
 0.909125 1 1 1 1
 0.909125 1 1 1 1
 0.909125 1 1 1 1
 0.909125 1 1 1 1
 0.909125 1 1 1 1
 0.909125 1 1 1 1
 0.909125 1 1 1 1
 0.909125 1 1 1 1
 0.909125 1 1 1 1
 0.909125 1 1 1 1
 0.909125 1 1 1 1
 0.909125 1 1 1 1
 0.909125 1 1 1 1
 0.909125 1 1 1 1
 0.909125 1 1 1 1
 0.909125 1 1 1 1
 0.909125 1 1 1 1
 0.909125 1 1 1 1
 0.909125 1 1 1 1
 0.909125 1 1 1 1
 0.909125 1 1 1 1
 0.909125 1 1 1 1
 0.909125 1 1 1 1
 0.909125 1 1 1 1
 0.909125 1 1 1 1
 0.909125 1 1 1 1
 0.909125 1 1 1 1
 0.909125 1 1 1 1
 0.909125 1 1 1 1
pf_obs 
 0.8446 0.082 0.0669 0.0065 0
 0.8095 0.147 0.0364 0.0071 0
 0.9664 0.0169 0.016 0.0007 0
 0.9276 0.0648 0.0075 0.0001 0
 0.7033 0.2144 0.0806 0.0017 0
 0.9318 0.0425 0.0243 0.0014 0
 0.5671 0.3108 0.0964 0.0239 0.0018
 0.0768 0.2599 0.5324 0.112 0.0189
 0.490249 0.384438 0.106611 0.0170017 0.00170017
 0.7925 0.1577 0.0466 0.003 0.0002
 0.840416 0.127587 0.0312969 0.00059994 9.999e-05
 0.8084 0.0986 0.0794 0.0134 0.0002
 0.7335 0.1905 0.0724 0.0035 0.0001
 0.4001 0.4547 0.1325 0.0127 0
 0.49795 0.308269 0.164784 0.0264974 0.00249975
 0.9179 0.0499 0.0305 0.0017 0
 0.2467 0.6533 0.0926 0.0074 0
 0.9418 0.0223 0.034 0.0019 0
 0.707729 0.231977 0.0356964 0.0245975 0
 0.517169 0.277429 0.184464 0.0207286 0.00020938
 0.811772 0.124168 0.05621 0.00726502 0.000585176
 0.764997 0.148141 0.077277 0.00933861 0.000247198
 0.163321 0.427699 0.378323 0.0303852 0.000271297
 0.753843 0.0900009 0.118128 0.0371064 0.000921714
 0.721811 0.176058 0.0630433 0.0369309 0.00215725
 0.143369 0.312575 0.442814 0.0836902 0.0175525
 0.692698 0.0596174 0.167031 0.0765114 0.00414204
 0.394062 0.376323 0.152708 0.0712218 0.00568511
 0.125707 0.32114 0.495352 0.0537591 0.00404204
pf_pred 
 0.493341 0.138984 0.344311 0.0233628 8.76686e-07
 0.439343 0.322586 0.066264 0.160901 0.0109064
 0.590883 0.215766 0.11233 0.0225702 0.0584502
 0.744525 0.171955 0.044518 0.0226706 0.0163316
 0.669063 0.268048 0.0426709 0.0107831 0.00943463
 0.763484 0.173835 0.0509624 0.00795376 0.00376447
 0.472015 0.432941 0.0702589 0.0201561 0.00462923
 0.466637 0.306657 0.186802 0.0295089 0.0103948
 0.555217 0.242357 0.117345 0.0701174 0.0149625
 0.736051 0.17069 0.0513849 0.0242877 0.0175868
 0.843916 0.126208 0.0195061 0.00571759 0.00465258
 0.75738 0.213763 0.0234228 0.00354965 0.0018851
 0.704417 0.243132 0.046353 0.00495057 0.00114707
 0.658328 0.266223 0.0623378 0.0115883 0.00152234
 0.768209 0.175215 0.0443871 0.0100744 0.00211525
 0.94424 0.0465288 0.00702421 0.00173182 0.000474898
 0.379267 0.596767 0.0200811 0.00295714 0.000927764
 0.915232 0.0393456 0.043706 0.00143811 0.000277881
 0.600958 0.374744 0.0114126 0.0123999 0.000486266
 0.639867 0.247062 0.106344 0.00316169 0.00356532
 0.740797 0.186598 0.0501747 0.0210971 0.00133283
 0.757157 0.194851 0.0347654 0.00914331 0.00408256
 0.318754 0.557171 0.100017 0.0174339 0.00662406
 0.751181 0.0982506 0.123618 0.0217292 0.0052208
 0.634312 0.295671 0.0279962 0.0345068 0.0075145
 0.43725 0.397467 0.134176 0.0124461 0.0186606
 0.738607 0.135174 0.089675 0.0296729 0.00687164
 0.661693 0.269757 0.0358047 0.0232719 0.00947338
 0.371775 0.458199 0.136137 0.0177097 0.0161788
pobs_RECLAS
 0 0 0 0 0
 0 0 0 0 0
 0 0 0 0 0
 0 0 0 0 0
 0 0 0 0 0
 0 0 0 0 0
 0 0 0 0 0
 0 0 0 0 0
 0 0 0 0 0
 0 0 0 0 0
 0.991045 0.00858322 0.000360255 1.14367e-05 0
 0.934742 0.0480273 0.0164251 0.00080598 0
 0.827803 0.169806 0.00239088 0 0
 0.941827 0.0461693 0.0120037 0 0
 0.791401 0.0380133 0.147996 0.0225897 0
 0.846168 0.0940531 0.0597789 0 0
 0.134021 0.677848 0.182769 0.00536245 0
 0.80878 0.0450904 0.141981 0.00414843 0
 0.846168 0.0940531 0.0597789 0 0
 0.905697 0.0802665 0.012482 0.00150086 5.37128e-05
 0.989698 0.0102097 9.19794e-05 0 0
 0.975433 0.0193895 0.00387452 0.00125025 5.28907e-05
 0.303575 0.632131 0.0575291 0.00676475 0
 0.966965 0.00978017 0.0227588 0.000495775 0
 0.843318 0.132988 0.00938335 0.0141283 0.000182051
 0.564624 0.303363 0.111486 0.0197234 0.00080311
 0.826376 0.0876187 0.0782897 0.00655872 0.00115652
 0.89761 0.0855135 0.0140674 0.00269457 0.000114338
 0.34875 0.467042 0.161289 0.0227151 0.000203297
ppred_RECLAS
 0.572526 0.118888 0.288995 0.0195896 7.3506e-07
 0.518786 0.279239 0.0562593 0.136467 0.00924972
 0.665345 0.178146 0.0909672 0.018259 0.0472827
 0.801133 0.134742 0.0341971 0.0173963 0.0125314
 0.733418 0.216708 0.0338516 0.00854584 0.00747674
 0.815465 0.136326 0.0392039 0.00611234 0.00289278
 0.55436 0.366785 0.0583079 0.0167092 0.00383736
 0.544242 0.26415 0.157911 0.02492 0.00877783
 0.633459 0.201564 0.0956795 0.0571113 0.0121864
 0.795526 0.133209 0.039286 0.0185487 0.0134304
 0.88029 0.0971504 0.0147345 0.00431459 0.00351074
 0.811862 0.16616 0.0178424 0.00270106 0.00143436
 0.767038 0.192306 0.0359341 0.00383372 0.000888242
 0.731608 0.210137 0.0481419 0.00893892 0.00117423
 0.822001 0.135234 0.0335593 0.00760845 0.0015974
 0.958975 0.0343478 0.00508248 0.00125175 0.000343234
 0.455 0.524351 0.0173046 0.00254562 0.000798614
 0.937032 0.0295313 0.0321747 0.00105759 0.000204343
 0.674147 0.306387 0.00914774 0.00992859 0.000389332
 0.709999 0.200178 0.0844845 0.00250917 0.00282934
 0.79676 0.147115 0.0387987 0.016297 0.00102952
 0.810808 0.152398 0.0266615 0.00700466 0.00312746
 0.389744 0.500859 0.0882026 0.015359 0.00583535
 0.805816 0.0775723 0.0957573 0.0168149 0.00403983
 0.702872 0.241137 0.0224013 0.0275828 0.00600636
 0.51457 0.344778 0.114204 0.0105828 0.015866
 0.794826 0.107092 0.0697049 0.0230416 0.00533568
 0.727126 0.218436 0.0284477 0.0184715 0.00751885
 0.44667 0.40566 0.118261 0.0153687 0.0140395
pobs_PELACES
 0 0 0 0 0
 0 0 0 0 0
 0 0 0 0 0
 0 0 0 0 0
 0 0 0 0 0
 0 0 0 0 0
 0 0 0 0 0
 0 0 0 0 0
 0 0 0 0 0
 0 0 0 0 0
 0 0 0 0 0
 0 0 0 0 0
 0 0 0 0 0
 0 0 0 0 0
 0 0 0 0 0
 0 0 0 0 0
 0.505614 0.472636 0.0217494 0 0
 0 0 0 0 0
 0.443492 0.261883 0.143347 0.151278 0
 0.227955 0.32914 0.350689 0.0885471 0.00366901
 0.970185 0.0296113 0.000203453 0 0
 0.997202 0.00247181 0.000326279 0 0
 0.445219 0.490057 0.0546422 0.010081 0
 0.90214 0.0892962 0.00764917 0.000914606 0
 0 0 0 0 0
 0.581667 0.319106 0.0959925 0.00289975 0.000334073
 0.762889 0.0836404 0.116647 0.0363945 0.000428098
 0.88444 0.0763242 0.0277011 0.0115352 0
 0.521256 0.241999 0.230069 0.00667565 0
ppred_PELACES
 0.553645 0.124254 0.301654 0.0204463 7.67202e-07
 0.503348 0.288492 0.0579872 0.14064 0.00953254
 0.651336 0.185809 0.0946612 0.0189981 0.0491964
 0.79362 0.139992 0.0354072 0.0180085 0.0129723
 0.717646 0.22958 0.0358212 0.00904252 0.00791125
 0.805279 0.143929 0.0413053 0.00643925 0.00304748
 0.547363 0.372864 0.0589912 0.0169006 0.00388128
 0.523454 0.276295 0.165035 0.0260431 0.00917342
 0.622179 0.208082 0.0984489 0.0587539 0.0125368
 0.790719 0.136567 0.0400892 0.0189232 0.0137014
 0.871479 0.104321 0.015806 0.0046281 0.00376583
 0.805904 0.171505 0.0183415 0.002776 0.00147414
 0.759498 0.198664 0.0369803 0.00394452 0.000913905
 0.731192 0.210768 0.0479671 0.00890329 0.00116952
 0.817886 0.138521 0.0342107 0.00775415 0.00162797
 0.957243 0.0358192 0.00528048 0.00130025 0.000356531
 0.44005 0.538786 0.0177364 0.00260879 0.000818426
 0.933295 0.031323 0.034047 0.00111899 0.000216206
 0.663244 0.316704 0.00942443 0.0102271 0.000401033
 0.699044 0.207935 0.0874935 0.00259811 0.00292961
 0.786536 0.154618 0.0406813 0.0170856 0.00107933
 0.802466 0.159211 0.0277706 0.00729488 0.00325701
 0.373234 0.514578 0.090455 0.0157496 0.00598376
 0.794236 0.0822773 0.101404 0.017805 0.00427769
 0.68739 0.25378 0.0235385 0.0289806 0.0063107
 0.49525 0.358633 0.118642 0.0109933 0.0164814
 0.782591 0.113562 0.0738035 0.0243944 0.00564892
 0.711682 0.230862 0.0300259 0.0194948 0.00793536
 0.427856 0.419605 0.122163 0.0158747 0.0145017
pobs_pel_tallas
 0 0 0 0 0 0 0 0 0 0 0 0 0 0 0 0 0 0 0 0 0 0 0 0 0 0
 0 0 0 0 0 0 0 0 0 0 0 0 0 0 0 0 0 0 0 0 0 0 0 0 0 0
 0 0 0 0 0 0 0 0 0 0 0 0 0 0 0 0 0 0 0 0 0 0 0 0 0 0
 0 0 0 0 0 0 0 0 0 0 0 0 0 0 0 0 0 0 0 0 0 0 0 0 0 0
 0 0 0 0 0 0 0 0 0 0 0 0 0 0 0 0 0 0 0 0 0 0 0 0 0 0
 0 0 0 0 0 0 0 0 0 0 0 0 0 0 0 0 0 0 0 0 0 0 0 0 0 0
 0 0 0 0 0 0 0 0 0 0 0 0 0 0 0 0 0 0 0 0 0 0 0 0 0 0
 0 0 0 0 0 0 0 0 0 0 0 0 0 0 0 0 0 0 0 0 0 0 0 0 0 0
 0 0 0 0 0 0 0 0 0 0 0 0 0 0 0 0 0 0 0 0 0 0 0 0 0 0
 0 0 0 0 0 0 0 0 0 0 0 0 0 0 0 0 0 0 0 0 0 0 0 0 0 0
 0 0 0 0 0 0 0 0 0 0 0 0 0 0 0 0 0 0 0 0 0 0 0 0 0 0
 0 0 0 0 0 0 0 0 0 0 0 0 0 0 0 0 0 0 0 0 0 0 0 0 0 0
 0.00862536 0 0 0.000197151 0.00414017 0.0128641 0.00837892 0.0270097 0.101434 0.158115 0.152841 0.127902 0.109271 0.109419 0.0830992 0.0579132 0.0238553 0.00714673 0.00463305 0.00128148 0.00103504 0.000492878 0.000147863 0.000147863 4.92878e-05 0
 0 0 0 0 0 0 0 0 0 0 0 0 0 0 0 0 0 0 0 0 0 0 0 0 0 0
 0 0 0 0 0 0 0 0.0054083 0.00873648 0.0413646 0.0450493 0.0745869 0.0622846 0.0627006 0.0613931 0.0827291 0.12552 0.122667 0.0946155 0.0697135 0.0546179 0.0294188 0.0215738 0.0213955 0.0102223 0.00600262
 0 0 0 0 0.00359764 0.0251062 0.0480494 0.140153 0.205849 0.193036 0.1447 0.116669 0.0760912 0.0342217 0.00950174 0.001854 0.000860785 0 0 0 0.000165536 0 0.000143464 0 0 0
 0 0 0 0 0 0 0 0.000145254 0.000435761 0.0275982 0.070085 0.0708112 0.156366 0.174668 0.174014 0.160142 0.0824315 0.0480064 0.0283245 0.00493863 0.00203355 0 0 0 0 0
 0 0 0 0 0 0 0 0 0 0 0 0 0 0 0 0 0 0 0 0 0 0 0 0 0 0
 0 0 1.00437e-05 0.000401748 0.00122533 0.00171747 0.00176769 0.0269171 0.070346 0.194647 0.189555 0.159765 0.064822 0.0314167 0.0384472 0.0292271 0.0345202 0.0313363 0.0194345 0.0106764 0.0143323 0.0359363 0.0279516 0.0138201 0.00172751 0
 0 0.0021121 0.0136068 0.0755702 0.200478 0.177729 0.0527432 0.0373336 0.0318909 0.0142505 0.0149659 0.0166563 0.0217959 0.0798694 0.0677717 0.0528807 0.04013 0.0224614 0.0357745 0.0225083 0.00881397 0.00855152 0.00135912 0.000746735 0 0
 0 0 0 0 5.4009e-05 0.00500934 0.000945158 0.0243581 0.138947 0.33067 0.221406 0.137944 0.0707744 0.0437923 0.0131692 0.00525238 0.0047753 0.00276346 9.45158e-05 9.00151e-06 2.25038e-05 9.00151e-06 4.50075e-06 0 0 0
 0.000866109 0.00284123 0.00948549 0.0512746 0.133035 0.25785 0.225252 0.132002 0.0553304 0.0519788 0.0540692 0.017754 0.00435017 0.00159236 0.00146478 0.000404838 0.000125132 0.000115318 0.000107957 0.000100596 0 0 0 0 0 0
 0 0 0 0 0.00144013 0.00171154 0.00461396 0.0210425 0.0478622 0.0707936 0.0888783 0.103762 0.0637923 0.0337046 0.0602308 0.124433 0.169614 0.0934646 0.0462172 0.0250306 0.0313229 0.00938855 0.002487 0.000210481 0 0
 0 0.00764035 0.051015 0.0998891 0.058973 0.0496711 0.0374665 0.0718981 0.12319 0.153886 0.159021 0.0857701 0.0377988 0.023471 0.0147837 0.00900784 0.00315554 0.000888139 0.00291439 0.00214683 0.00393193 0.00274676 0.000635225 9.99891e-05 0 0
 0 0 0 0 0 0 0 0 0 0 0 0 0 0 0 0 0 0 0 0 0 0 0 0 0 0
 0 0 0 0 0 0 0 0 0 0 0 0 0 0 0 0 0 0 0 0 0 0 0 0 0 0
 0 0 0 0 0 0 0 0 0 0 0 0 0 0 0 0 0 0 0 0 0 0 0 0 0 0
 0 0 0 0 0 0 0 0 0 0 0 0 0 0 0 0 0 0 0 0 0 0 0 0 0 0
 0 0 0 0 0 0 0 0 0 0 0 0 0 0 0 0 0 0 0 0 0 0 0 0 0 0
ppred_pel_tallas
 1.10788e-16 4.56031e-05 0.000443278 0.00294574 0.0133909 0.0416641 0.0887703 0.129565 0.129578 0.0888312 0.0418699 0.0139908 0.00447294 0.00384753 0.00671665 0.0115672 0.0179021 0.0250953 0.0324416 0.0394617 0.0459101 0.0514083 0.0551119 0.0558696 0.0528648 0.0462349
 1.17465e-16 4.14602e-05 0.000403008 0.00267813 0.0121744 0.0378792 0.0807068 0.1178 0.117828 0.080843 0.038337 0.0134978 0.00600432 0.00767926 0.0139074 0.0230569 0.0335394 0.0429254 0.048828 0.0503064 0.0484765 0.0457158 0.0440647 0.0440622 0.0447396 0.0445059
 1.1301e-16 5.36497e-05 0.000521494 0.00346551 0.0157537 0.0490158 0.104434 0.152428 0.152446 0.104522 0.0493121 0.0166112 0.00562391 0.00525339 0.00910011 0.0151181 0.0221514 0.0286683 0.0331528 0.0349498 0.034633 0.0335196 0.0327265 0.0325283 0.0324112 0.0315996
 1.05059e-16 6.53695e-05 0.000635414 0.00422255 0.0191951 0.0597232 0.127247 0.185724 0.185737 0.127313 0.0599452 0.0198368 0.00583497 0.00416082 0.00677718 0.0111448 0.016155 0.0205485 0.0230954 0.0232522 0.0214819 0.0189133 0.0166167 0.0150625 0.0140861 0.0132254
 1.03339e-16 5.91116e-05 0.000574585 0.00381832 0.0173576 0.0540059 0.115066 0.167947 0.167969 0.115174 0.0543691 0.0184067 0.00645205 0.00632526 0.0109843 0.0180757 0.026057 0.0328201 0.0362577 0.0354034 0.0310017 0.0249901 0.0193231 0.0150565 0.01222 0.0102851
 1.02391e-16 6.63298e-05 0.000644749 0.00428459 0.0194771 0.0606006 0.129117 0.188452 0.188466 0.129184 0.0608289 0.0201369 0.00594242 0.00426912 0.00696524 0.0114506 0.0165831 0.0210508 0.0235568 0.0234936 0.0212803 0.0180331 0.0148514 0.0122882 0.0103192 0.00865771
 1.0415e-16 4.50856e-05 0.000438249 0.00291232 0.013239 0.0411916 0.0877644 0.128102 0.128138 0.0879401 0.0417815 0.0149429 0.00718981 0.00977794 0.0177885 0.0293514 0.0423124 0.0532831 0.0588345 0.0573813 0.0501123 0.0401536 0.0306692 0.0233841 0.0183858 0.0148805
 1.08998e-16 4.31163e-05 0.000419106 0.0027851 0.0126607 0.0393923 0.0839304 0.122504 0.122531 0.0840616 0.0398334 0.0139374 0.00599957 0.00746865 0.0135263 0.0225413 0.0330458 0.0427649 0.0493708 0.0517408 0.0505083 0.047392 0.0439008 0.0405101 0.0368224 0.0323093
 1.10909e-16 5.12481e-05 0.00049815 0.00331038 0.0150485 0.0468216 0.0997592 0.145606 0.145626 0.0998579 0.0471534 0.0160083 0.00572599 0.00579296 0.0101711 0.0169042 0.0247525 0.0319986 0.0369327 0.038803 0.0382253 0.0366371 0.0352452 0.0343252 0.0333147 0.0314312
 1.05409e-16 6.51305e-05 0.000633092 0.00420712 0.019125 0.0595049 0.126782 0.185045 0.185058 0.126847 0.0597217 0.0197517 0.00578225 0.00407846 0.00662901 0.0109109 0.0158431 0.020209 0.0228212 0.023155 0.0216539 0.0193933 0.0173771 0.016021 0.015133 0.0142527
 1.01585e-16 7.17826e-05 0.000697752 0.00463681 0.0210783 0.0655824 0.139731 0.203943 0.203953 0.13978 0.0657474 0.0215549 0.00583347 0.00331055 0.00503546 0.00821511 0.0118373 0.0149081 0.0164679 0.0160789 0.0140817 0.0113594 0.00880208 0.00688867 0.00562893 0.00477658
 1.01102e-16 6.63813e-05 0.00064525 0.00428791 0.0194922 0.0606476 0.129217 0.188599 0.188616 0.129298 0.0609186 0.0202748 0.0062518 0.00493074 0.00820031 0.0134385 0.0193208 0.0242295 0.0265618 0.0255765 0.0218321 0.0168098 0.0120357 0.00838331 0.00595554 0.00441137
 1.01669e-16 6.25589e-05 0.000608094 0.004041 0.0183698 0.0571554 0.121776 0.17774 0.177759 0.12187 0.0574698 0.0192781 0.00632151 0.00558836 0.00952643 0.015664 0.0225897 0.0284697 0.0314714 0.030737 0.0268759 0.0215232 0.016341 0.0122474 0.00932012 0.00719352
 1.02529e-16 6.02273e-05 0.000585431 0.0038904 0.0176852 0.0550253 0.117238 0.171117 0.171137 0.117337 0.0553592 0.0186499 0.00631342 0.00587944 0.0101277 0.0166822 0.0241052 0.0304781 0.0338789 0.0334088 0.0297019 0.0244497 0.0193459 0.015287 0.0122953 0.009962
 1.02076e-16 6.73682e-05 0.000654843 0.00435166 0.019782 0.0615493 0.131138 0.191402 0.191416 0.131203 0.0617689 0.0204165 0.0059453 0.0041376 0.00669299 0.0109876 0.0158901 0.0201255 0.022438 0.0222429 0.0199559 0.016677 0.0134966 0.010975 0.00910006 0.00758609
 1.00353e-16 7.88469e-05 0.00076642 0.00509313 0.0231526 0.0720364 0.153481 0.224011 0.224015 0.153498 0.0720931 0.0233163 0.00550388 0.00166315 0.00178208 0.0028218 0.00405827 0.00510529 0.00562776 0.00547241 0.00475377 0.00377404 0.00284055 0.0021231 0.00163366 0.00129782
 1.0105e-16 3.62465e-05 0.000352328 0.00234135 0.0106435 0.033116 0.0705592 0.102994 0.103046 0.0708124 0.033966 0.0130972 0.00849596 0.0137722 0.0254768 0.0419395 0.0601265 0.0750087 0.0814855 0.0772041 0.0639934 0.0466999 0.0303969 0.0181069 0.0103291 0.00600033
 1.0114e-16 7.68743e-05 0.000747245 0.00496571 0.0225734 0.0702342 0.149641 0.218407 0.21841 0.149656 0.0702847 0.0227198 0.00533537 0.00156144 0.00164421 0.00265117 0.00393819 0.00521426 0.00622885 0.00684982 0.00710786 0.00711904 0.0069579 0.00660132 0.00598303 0.00509107
 1.01447e-16 5.46306e-05 0.000531028 0.00352887 0.0160418 0.049912 0.106344 0.155219 0.155249 0.106493 0.0504117 0.0174842 0.00714706 0.0084208 0.0150131 0.0246663 0.0353716 0.0441559 0.0480335 0.0456394 0.0380652 0.028165 0.0189055 0.0120214 0.00774388 0.00538271
 1.03335e-16 5.75794e-05 0.000559692 0.00371935 0.0169076 0.0526061 0.112084 0.163593 0.163614 0.112182 0.0529367 0.0178638 0.00612363 0.00582207 0.0100921 0.0166975 0.0242888 0.0310409 0.0351083 0.0355982 0.0330359 0.0288909 0.0245849 0.020796 0.0174757 0.0143217
 1.0311e-16 6.4786e-05 0.000629743 0.00418486 0.0190238 0.0591901 0.126111 0.184066 0.184081 0.126184 0.0594353 0.0197324 0.00596532 0.00452202 0.00747328 0.0122955 0.0178079 0.0226108 0.0253209 0.0253023 0.0230248 0.0197029 0.0165158 0.0140302 0.0121672 0.0105565
 1.02125e-16 6.60981e-05 0.000642497 0.00426962 0.0194091 0.0603889 0.128666 0.187794 0.18781 0.128741 0.0606409 0.0201369 0.00609711 0.00463344 0.00765014 0.0125545 0.018107 0.0228299 0.0252626 0.0247322 0.0217443 0.0176238 0.0137042 0.0107018 0.00863618 0.00715822
 1.05334e-16 3.07429e-05 0.000298832 0.00198584 0.00902739 0.0280878 0.0598459 0.0873573 0.0874069 0.0600884 0.0289021 0.0113797 0.00789163 0.0131954 0.0245361 0.0405463 0.0584791 0.0736901 0.0814495 0.0795555 0.0696166 0.0559023 0.0427386 0.0324933 0.0253162 0.0201783
 1.05457e-16 6.54202e-05 0.000635907 0.00422583 0.01921 0.0597695 0.127346 0.185866 0.185874 0.127385 0.0599026 0.0195964 0.00520269 0.00279165 0.00422777 0.00706411 0.0105864 0.0141844 0.0172598 0.0195067 0.0210112 0.0220257 0.022629 0.0225969 0.0215878 0.019449
 1.04719e-16 5.66195e-05 0.000550361 0.00365735 0.0166258 0.0517291 0.110215 0.160867 0.160892 0.110335 0.0521302 0.0177841 0.00656462 0.00689581 0.0121049 0.0199163 0.0286752 0.0360517 0.0397246 0.0386589 0.0337407 0.0271892 0.0212225 0.0170044 0.0144826 0.012926
 1.07408e-16 4.07932e-05 0.000396524 0.00263505 0.0119786 0.0372699 0.0794088 0.115907 0.115941 0.0795783 0.0378393 0.0136244 0.00677154 0.00944362 0.017273 0.0286221 0.0415323 0.052865 0.0594248 0.0597092 0.0547392 0.0472334 0.0398392 0.0338439 0.0291258 0.0249573
 1.05562e-16 6.4461e-05 0.000626584 0.00416387 0.0189284 0.0588932 0.125479 0.183142 0.183153 0.125533 0.0590748 0.0194542 0.00548858 0.00353438 0.00563396 0.00933585 0.0137339 0.0178865 0.0208716 0.0222612 0.0223286 0.0217548 0.0210853 0.0203995 0.0194029 0.0177712
 1.04224e-16 5.86203e-05 0.000569811 0.00378659 0.0172133 0.0535571 0.11411 0.166551 0.166574 0.114219 0.0539222 0.0182679 0.00643387 0.00634944 0.0110373 0.0181606 0.0261735 0.0329594 0.0364101 0.0355751 0.0312343 0.0253666 0.0199508 0.0160261 0.0135599 0.0119336
 1.07679e-16 3.5242e-05 0.000342565 0.00227646 0.0103485 0.0321982 0.0686033 0.100137 0.100178 0.0688014 0.0328639 0.0122723 0.0071103 0.0109108 0.0201531 0.0333836 0.0483722 0.0614252 0.068778 0.0686669 0.0623189 0.0529896 0.0438791 0.036589 0.0310289 0.026338
pSPR Fmed_Fpbrs
0.522121   0.229176 0.229176
Fs Fmed_Fpbrs
0.382879   1.005 1.005
SSBpbr Bo_Bmed_Bpbrs
1.49582e+06  706209  268016 268016
Ro
138370
SPR SPRFo_SPRFmed_SPRFpbrs
983394 513450 225370
Fref
1.005
log_Ro
11.6577
likeval ReclasPelacesDesembMPH_pf_preclas_ppelaces_ptallas_desvR_qrecl_qpela
 12.2759 16.6888 0.0344533 0.000818969 217.263 105.388 75.224 0 22.4787 4.36527e-06 1.64174e-05 0.173356 0 0 0
q_reclas_q_pelaces
1.34456 1.77972
M
1
N
 169221 36089 87895.5 5958.63 0.223587
 94537.4 53450.7 10807.3 26220 1777.21
 93420.9 26251.4 13451.7 2700.54 6993.29
 144227 26072.9 6651.85 3384.79 2438.26
 116034 35117.8 5495.22 1387.4 1213.84
 213224 37215 10735.5 1674.07 792.292
 83833.5 61313.2 9817.91 2814.59 646.401
 35214.9 17388.9 10408.2 1642.63 578.603
 34435.1 11738.7 5600.07 3343.59 713.468
 46277.6 8542.26 2537.11 1198.34 867.688
 86501.3 9751.13 1481.19 433.763 352.95
 126469 28186.6 3045.42 461.18 244.908
 105211 28577.5 5371.02 573.198 132.808
 74174.7 24480.7 5665.15 1052.46 138.257
 67778.3 12327.8 3081.55 698.911 146.74
 362719 14046.4 2090.22 514.951 141.204
 70301.9 85391.2 2828.82 416.224 130.579
 578437 19146.3 20934.3 688.247 132.982
 329961 160750 4823.65 5236.81 205.355
 271666 81590.6 34592.9 1027.65 1158.79
 358924 69629.2 18429.1 7742.46 489.116
 497527 99536.6 17492.4 4596.82 2052.43
 95974.4 128091 22619 3939.28 1496.67
 285781 28439.6 35191 6180.3 1484.85
 245179 86952.3 8097.16 9971.36 2171.35
 108421 74609 24761.1 2294.76 3440.38
 246155 34243.3 22340.2 7385.65 1710.29
 244151 75427.4 9843.11 6391.96 2601.87
 81947.4 76532.3 22356.4 2905.66 2654.37
pred_Ctot
 15314.4 4314.38 10688.2 725.233 0.0272143
 14990.8 11006.9 2260.98 5490.06 372.137
 14576.5 5322.73 2771.08 556.784 1441.91
 31874 7361.59 1905.87 970.556 699.176
 9507.77 3809.12 606.378 153.234 134.071
 30025.8 6836.48 2004.22 312.8 148.047
 24204 22200.4 3602.74 1033.56 237.378
 2106.5 1384.32 843.268 133.21 46.9244
 7319.03 3194.82 1546.88 924.308 197.24
 13071.1 3031.19 912.517 431.313 312.314
 6309.04 943.519 145.826 42.7442 34.7823
 32076.3 9053.23 991.996 150.334 79.8372
 25362.6 8753.98 1668.94 178.246 41.3004
 27383.4 11073.6 2592.96 482.017 63.3221
 19592.1 4468.61 1132.03 256.933 53.9465
 85589.2 4217.53 636.699 156.978 43.0464
 11826 18608 626.156 92.2074 28.9289
 91491.7 3933.2 4369.1 143.761 27.7785
 70615.4 44034.2 1341.04 1457.04 57.1386
 53631.7 20708 8913.39 265.003 298.834
 57149.2 14395.2 3870.75 1627.54 102.822
 97173.2 25007.2 4461.77 1173.45 523.954
 12010 20993 3768.42 656.874 249.58
 31726.8 4149.7 5221.12 917.752 220.505
 27201.2 12679.2 1200.56 1479.75 322.244
 9816.91 8923.72 3012.45 279.434 418.957
 26384.4 4828.66 3203.36 1059.97 245.468
 23129 9429.18 1251.53 813.453 331.136
 7749.41 9550.86 2837.69 369.147 337.237
F
 0.152449 0.205766 0.209625 0.209832 0.209843
 0.281277 0.379652 0.386771 0.387153 0.387173
 0.276218 0.372824 0.379815 0.38019 0.38021
 0.412685 0.557018 0.567463 0.568024 0.568053
 0.137174 0.18515 0.188622 0.188808 0.188818
 0.246346 0.332504 0.338739 0.339074 0.339091
 0.573003 0.773405 0.787909 0.788687 0.788728
 0.0985745 0.13305 0.135545 0.135679 0.135686
 0.394051 0.531867 0.541841 0.542376 0.542405
 0.557276 0.752179 0.766284 0.767041 0.767081
 0.121314 0.163743 0.166814 0.166979 0.166987
 0.487373 0.657828 0.670164 0.670826 0.670861
 0.458079 0.618288 0.629883 0.630505 0.630538
 0.794562 1.07245 1.09256 1.09364 1.0937
 0.57388 0.774589 0.789115 0.789895 0.789936
 0.446385 0.602505 0.613803 0.61441 0.614441
 0.30069 0.405854 0.413465 0.413874 0.413895
 0.280481 0.378577 0.385676 0.386057 0.386078
 0.397262 0.536201 0.546256 0.546796 0.546824
 0.361388 0.487781 0.496928 0.497419 0.497445
 0.282584 0.381415 0.388568 0.388952 0.388972
 0.35691 0.481736 0.49077 0.491255 0.49128
 0.216299 0.291948 0.297423 0.297716 0.297732
 0.189865 0.256269 0.261075 0.261333 0.261346
 0.189728 0.256084 0.260886 0.261144 0.261158
 0.15253 0.205876 0.209736 0.209944 0.209955
 0.18279 0.246719 0.251346 0.251594 0.251607
 0.160074 0.216058 0.22011 0.220327 0.220339
 0.159773 0.215652 0.219696 0.219913 0.219924
nmprior
 8 9 7.5 0
nm_flota  nm_reclas  nm_pelaces    nm_pelaL
inf 13.161 15.8013 20.8239
cv_recla  cv_pelaces  cv_mph
0.33239 0.500332 0.883159
 ------------------------------------------------
Talla a la edad & desviación 
 8 13.2811 15.8009 17.003 17.5766
 0.8 1.32811 1.58009 1.7003 1.75766
