years
 1991 1992 1993 1994 1995 1996 1997 1998 1999 2000 2001 2002 2003 2004 2005 2006 2007 2008 2009 2010 2011 2012 2013 2014 2015 2016 2017 2018 2019 2020 2021
reclasobs
 0 0 0 0 0 0 0 0 0 252601 567819 844713 477998 351125 339783 2.1784e+06 2.13404e+06 4.81314e+06 1.55562e+06 2.62356e+06 3.21686e+06 3.843e+06 1.13348e+06 3.07943e+06 1.97215e+06 2.03268e+06 2.025e+06 2.42433e+06 2.27542e+06 1.05018e+06 2.36338e+06
reclaspred
 3.17648e+06 2.38165e+06 1.81423e+06 1.97902e+06 2.06819e+06 2.38546e+06 1.99092e+06 2.81066e+06 2.94631e+06 3.13161e+06 2.29498e+06 2.30636e+06 2.1241e+06 1.98636e+06 2.05144e+06 2.08879e+06 2.17723e+06 2.51675e+06 1.43691e+06 1.05311e+06 1.68264e+06 1.0494e+06 1.33264e+06 2.01986e+06 1.7892e+06 2.16522e+06 2.3374e+06 1.96528e+06 2.35216e+06 2.44878e+06 2.40935e+06
pelacesobs
 0 0 0 0 0 0 0 0 0 0 0 0 0 0 0 552880 188675 0 991730 2.46772e+06 1.41603e+06 1.21717e+06 2.29649e+06 1.80582e+06 0 1.4828e+06 1.56532e+06 1.57751e+06 1.42118e+06 867257 0
pelacespred
 1.45823e+06 1.18588e+06 889686 855475 968887 1.10191e+06 934678 1.45292e+06 1.61212e+06 1.60226e+06 1.3138e+06 1.10521e+06 1.0723e+06 1.09374e+06 1.13533e+06 990077 990783 1.0866e+06 701617 452579 660103 456599 611071 990761 891574 1.05376e+06 1.26535e+06 1.12895e+06 1.06979e+06 1.18761e+06 1.21286e+06
mphobs
 0 0 0 0 0 0 0 0 0 0 0 498337 0 5186 125008 0 168611 109162 213762 579715 649985 157893 87575 83554 0 0 0 0 0 0 0
mphpred
 2.8158e+06 2.23869e+06 1.68436e+06 1.44748e+06 1.63016e+06 1.76787e+06 1.80794e+06 1.6499e+06 2.33064e+06 2.66097e+06 2.14001e+06 1.9339e+06 1.75513e+06 1.54601e+06 1.48725e+06 1.84066e+06 1.58563e+06 1.97387e+06 1.47436e+06 864944 1.02189e+06 1.06039e+06 728317 1.26576e+06 1.62745e+06 1.42914e+06 1.81067e+06 1.61843e+06 1.8696e+06 1.83598e+06 1.84969e+06
desembarqueobs
 494567 514787 250237 358949 120608 361735 552515 73892 212993 205616 52469 317467 293654 387597 252695 516296 358380 742168 942051 627588 828172 859565 418607 520667 417249 300574 407403 355545 319650 289779 219260
desembarquepred
 493484 493011 258210 359201 120677 361964 552919 73933 213159 205783 52500.6 317805 293952 388041 252915 516761 358585 742083 940721 626817 827669 858468 418746 520957 417482 300752 407650 355718 319838 289970 219376
Reclutas
 310375 310375 310375 310375 310375 310375 310375 310375 310375 310375 310375 310375 310375 310375 310375 310375 310375 310375 310375 310375 310375 310375 310375 310375 310375 310375 310375 310375 310375 310375 310375
log_desv_Rt
 0 0 0 0 0 0 0 0 0 0 0 0 0 0 0 0 0 0 0 0 0 0 0 0 0 0 0 0 0 0 0
SSB
 2.8158e+06 2.23869e+06 1.68436e+06 1.44748e+06 1.63016e+06 1.76787e+06 1.80794e+06 1.6499e+06 2.33064e+06 2.66097e+06 2.14001e+06 1.9339e+06 1.75513e+06 1.54601e+06 1.48725e+06 1.84066e+06 1.58563e+06 1.97387e+06 1.47436e+06 864944 1.02189e+06 1.06039e+06 728317 1.26576e+06 1.62745e+06 1.42914e+06 1.81067e+06 1.61843e+06 1.8696e+06 1.83598e+06 1.84969e+06
BT
 4.12808e+06 3.61068e+06 2.5164e+06 2.70815e+06 2.70609e+06 3.48861e+06 3.01904e+06 4.83049e+06 5.00013e+06 4.55087e+06 3.60646e+06 3.27964e+06 3.3139e+06 3.8241e+06 3.85789e+06 3.17318e+06 3.18039e+06 3.69367e+06 3.05164e+06 1.94575e+06 2.81055e+06 2.17536e+06 2.47896e+06 3.77902e+06 2.84731e+06 3.57517e+06 4.32338e+06 3.87642e+06 3.17093e+06 3.71457e+06 3.72183e+06
Ftot
 0.147308 0.19548 0.135089 0.171835 0.0557513 0.143996 0.260857 0.0251965 0.0690823 0.0627484 0.021915 0.130866 0.131453 0.18492 0.117342 0.232944 0.156211 0.276505 0.595896 0.546312 0.454808 0.733915 0.295373 0.243194 0.220026 0.132025 0.165313 0.171564 0.129162 0.112673 0.0868146
BD_Bspro_t
 0.976706 0.856931 0.773398 0.763058 0.775373 0.827073 0.795805 0.743305 0.854551 0.886127 0.889058 0.911764 0.853461 0.811482 0.794554 0.808791 0.732016 0.765108 0.647823 0.493821 0.484084 0.475212 0.417669 0.586935 0.670231 0.691265 0.77329 0.776357 0.79627 0.794128 0.829023
BD_Bspro
 1.27408 1.01295 0.76213 0.654947 0.737605 0.799914 0.818046 0.746539 1.05455 1.20402 0.9683 0.875041 0.794149 0.699529 0.672943 0.832849 0.717457 0.893123 0.667108 0.391365 0.462378 0.479797 0.329544 0.572725 0.736379 0.646649 0.81928 0.732297 0.845943 0.830731 0.836935
BD_Bo
 1.20511 0.958119 0.720875 0.619495 0.697678 0.756614 0.773765 0.706128 0.99747 1.13884 0.915885 0.827675 0.751161 0.661663 0.636516 0.787766 0.678621 0.844777 0.630997 0.37018 0.437349 0.453825 0.311706 0.541723 0.696518 0.611646 0.774932 0.692657 0.800152 0.785763 0.791632
BD_Brms
 5.1078 4.06094 3.05539 2.6257 2.95707 3.20687 3.27956 2.99289 4.22773 4.82693 3.88193 3.50806 3.18376 2.80443 2.69784 3.33891 2.8763 3.58054 2.67445 1.56899 1.85368 1.92351 1.32115 2.29606 2.95216 2.59243 3.28451 2.93579 3.3914 3.33042 3.35529
Sel_flota
 0.5 1 1 1 1
 0.5 1 1 1 1
 0.5 1 1 1 1
 0.5 1 1 1 1
 0.5 1 1 1 1
 0.5 1 1 1 1
 0.5 1 1 1 1
 0.5 1 1 1 1
 0.5 1 1 1 1
 0.5 1 1 1 1
 0.5 1 1 1 1
 0.5 1 1 1 1
 0.5 1 1 1 1
 0.5 1 1 1 1
 0.5 1 1 1 1
 0.5 1 1 1 1
 0.5 1 1 1 1
 0.5 1 1 1 1
 0.5 1 1 1 1
 0.5 1 1 1 1
 0.5 1 1 1 1
 0.5 1 1 1 1
 0.5 1 1 1 1
 0.5 1 1 1 1
 0.5 1 1 1 1
 0.5 1 1 1 1
 0.5 1 1 1 1
 0.5 1 1 1 1
 0.5 1 1 1 1
 0.5 1 1 1 1
 0.5 1 1 1 1
Sel_reclas
 0.5 1 1 1 1
 0.5 1 1 1 1
 0.5 1 1 1 1
 0.5 1 1 1 1
 0.5 1 1 1 1
 0.5 1 1 1 1
 0.5 1 1 1 1
 0.5 1 1 1 1
 0.5 1 1 1 1
 0.5 1 1 1 1
 0.5 1 1 1 1
 0.5 1 1 1 1
 0.5 1 1 1 1
 0.5 1 1 1 1
 0.5 1 1 1 1
 0.5 1 1 1 1
 0.5 1 1 1 1
 0.5 1 1 1 1
 0.5 1 1 1 1
 0.5 1 1 1 1
 0.5 1 1 1 1
 0.5 1 1 1 1
 0.5 1 1 1 1
 0.5 1 1 1 1
 0.5 1 1 1 1
 0.5 1 1 1 1
 0.5 1 1 1 1
 0.5 1 1 1 1
 0.5 1 1 1 1
 0.5 1 1 1 1
 0.5 1 1 1 1
Sel_pelaces
 0.5 1 1 1 1
 0.5 1 1 1 1
 0.5 1 1 1 1
 0.5 1 1 1 1
 0.5 1 1 1 1
 0.5 1 1 1 1
 0.5 1 1 1 1
 0.5 1 1 1 1
 0.5 1 1 1 1
 0.5 1 1 1 1
 0.5 1 1 1 1
 0.5 1 1 1 1
 0.5 1 1 1 1
 0.5 1 1 1 1
 0.5 1 1 1 1
 0.5 1 1 1 1
 0.5 1 1 1 1
 0.5 1 1 1 1
 0.5 1 1 1 1
 0.5 1 1 1 1
 0.5 1 1 1 1
 0.5 1 1 1 1
 0.5 1 1 1 1
 0.5 1 1 1 1
 0.5 1 1 1 1
 0.5 1 1 1 1
 0.5 1 1 1 1
 0.5 1 1 1 1
 0.5 1 1 1 1
 0.5 1 1 1 1
 0.5 1 1 1 1
pf_obs 
 0.8446 0.082 0.0669 0.0065 0
 0.8095 0.147 0.0364 0.0071 0
 0.9664 0.0169 0.016 0.0007 0
 0.9276 0.0648 0.0075 0.0001 0
 0.7033 0.2144 0.0806 0.0017 0
 0.9318 0.0425 0.0243 0.0014 0
 0.5671 0.3108 0.0964 0.0239 0.0018
 0.0768 0.2599 0.5324 0.112 0.0189
 0.490249 0.384438 0.106611 0.0170017 0.00170017
 0.7925 0.1577 0.0466 0.003 0.0002
 0.840416 0.127587 0.0312969 0.00059994 9.999e-05
 0.8084 0.0986 0.0794 0.0134 0.0002
 0.7335 0.1905 0.0724 0.0035 0.0001
 0.4001 0.4547 0.1325 0.0127 0
 0.49795 0.308269 0.164784 0.0264974 0.00249975
 0.9179 0.0499 0.0305 0.0017 0
 0.2467 0.6533 0.0926 0.0074 0
 0.9418 0.0223 0.034 0.0019 0
 0.707729 0.231977 0.0356964 0.0245975 0
 0.517169 0.277429 0.184464 0.0207286 0.00020938
 0.811772 0.124168 0.05621 0.00726502 0.000585176
 0.764997 0.148141 0.077277 0.00933861 0.000247198
 0.163321 0.427699 0.378323 0.0303852 0.000271297
 0.753843 0.0900009 0.118128 0.0371064 0.000921714
 0.721811 0.176058 0.0630433 0.0369309 0.00215725
 0.143369 0.312575 0.442814 0.0836902 0.0175525
 0.692698 0.0596174 0.167031 0.0765114 0.00414204
 0.394062 0.376323 0.152708 0.0712218 0.00568511
 0.125707 0.32114 0.495352 0.0537591 0.00404204
 0.23352 0.215282 0.420074 0.123614 0.00750983
 0 0 0 0 0
pf_pred 
 0.425148 0.363376 0.133678 0.0491776 0.0286202
 0.480288 0.315497 0.129088 0.0474889 0.0276374
 0.504954 0.327726 0.101574 0.0415597 0.0241868
 0.505867 0.335907 0.104747 0.0324648 0.0210137
 0.505759 0.337556 0.106513 0.0332144 0.0169576
 0.492924 0.342456 0.112432 0.0354771 0.0167111
 0.507654 0.329781 0.109789 0.0360448 0.0167311
 0.517979 0.332755 0.0999809 0.033285 0.0160003
 0.488508 0.349886 0.111562 0.0335204 0.0165237
 0.485073 0.340327 0.119435 0.038082 0.0170827
 0.480848 0.341299 0.117548 0.0412522 0.0190536
 0.478818 0.339225 0.119621 0.0411991 0.0211365
 0.494537 0.331747 0.113067 0.0398711 0.0207771
 0.50259 0.333471 0.107597 0.0366717 0.0196704
 0.509805 0.333818 0.104837 0.0338267 0.017713
 0.507784 0.336112 0.106305 0.0333857 0.0164129
 0.520535 0.330169 0.101948 0.0322439 0.0151047
 0.518996 0.334085 0.101171 0.0312392 0.0145087
 0.550838 0.314845 0.0932909 0.0282515 0.0127748
 0.603046 0.296391 0.0704906 0.0208869 0.00918537
 0.604316 0.309533 0.0643258 0.0152986 0.00652659
 0.603801 0.308309 0.0687544 0.0142882 0.00484787
 0.622727 0.299204 0.0607499 0.0135475 0.00377063
 0.564369 0.341067 0.0749961 0.0152271 0.00434083
 0.541479 0.337408 0.0948228 0.0208503 0.00544022
 0.527453 0.338362 0.0987415 0.0277496 0.00769383
 0.512084 0.340998 0.105199 0.0306994 0.0110196
 0.5126 0.335291 0.106307 0.0327959 0.013006
 0.511569 0.336415 0.104575 0.0331564 0.0142853
 0.50412 0.339749 0.107538 0.0334284 0.0151652
 0.49798 0.340171 0.110889 0.0350989 0.0158603
pobs_RECLAS
 0 0 0 0 0
 0 0 0 0 0
 0 0 0 0 0
 0 0 0 0 0
 0 0 0 0 0
 0 0 0 0 0
 0 0 0 0 0
 0 0 0 0 0
 0 0 0 0 0
 0 0 0 0 0
 0.991045 0.00858322 0.000360255 1.14367e-05 0
 0.934742 0.0480273 0.0164251 0.00080598 0
 0.827803 0.169806 0.00239088 0 0
 0.941827 0.0461693 0.0120037 0 0
 0.791401 0.0380133 0.147996 0.0225897 0
 0.846168 0.0940531 0.0597789 0 0
 0.134021 0.677848 0.182769 0.00536245 0
 0.80878 0.0450904 0.141981 0.00414843 0
 0.846168 0.0940531 0.0597789 0 0
 0.905697 0.0802665 0.012482 0.00150086 5.37128e-05
 0.989698 0.0102097 9.19794e-05 0 0
 0.975433 0.0193895 0.00387452 0.00125025 5.28907e-05
 0.303575 0.632131 0.0575291 0.00676475 0
 0.966965 0.00978017 0.0227588 0.000495775 0
 0.843318 0.132988 0.00938335 0.0141283 0.000182051
 0.564624 0.303363 0.111486 0.0197234 0.00080311
 0.826376 0.0876187 0.0782897 0.00655872 0.00115652
 0.89761 0.0855135 0.0140674 0.00269457 0.000114338
 0.34875 0.467042 0.161289 0.0227151 0.000203297
 0.318654 0.224769 0.449479 0.00709798 0
 0.937255 0.0296025 0.0250945 0.00804832 0
ppred_RECLAS
 0.426781 0.362343 0.133299 0.0490378 0.0285389
 0.48257 0.314112 0.128521 0.0472804 0.0275161
 0.506473 0.326721 0.101262 0.0414321 0.0241125
 0.507846 0.334562 0.104328 0.0323348 0.0209296
 0.506354 0.33715 0.106385 0.0331745 0.0169372
 0.494552 0.341356 0.112071 0.0353631 0.0166575
 0.510827 0.327656 0.109081 0.0358125 0.0166233
 0.518242 0.332574 0.0999264 0.0332668 0.0159915
 0.489251 0.349378 0.1114 0.0334717 0.0164997
 0.485745 0.339883 0.119279 0.0380323 0.0170604
 0.481076 0.341149 0.117496 0.0412341 0.0190453
 0.480283 0.338271 0.119285 0.0410833 0.0210771
 0.496012 0.330779 0.112737 0.0397548 0.0207165
 0.504737 0.332031 0.107133 0.0365134 0.0195854
 0.511108 0.33293 0.104559 0.0337368 0.0176659
 0.51057 0.33421 0.105703 0.0331967 0.01632
 0.522313 0.328944 0.10157 0.0321244 0.0150487
 0.522386 0.33173 0.100458 0.031019 0.0144065
 0.559412 0.308835 0.0915101 0.0277122 0.0125309
 0.610458 0.290857 0.0691744 0.0204969 0.00901385
 0.610202 0.304929 0.063369 0.015071 0.0064295
 0.614655 0.299863 0.0668709 0.0138968 0.00471507
 0.626168 0.296476 0.0601959 0.013424 0.00373624
 0.567245 0.338815 0.0745009 0.0151265 0.00431216
 0.544071 0.3355 0.0942867 0.0207324 0.00540947
 0.52893 0.337304 0.0984329 0.0276629 0.00766978
 0.513978 0.339674 0.10479 0.0305802 0.0109768
 0.514574 0.333933 0.105876 0.0326631 0.0129533
 0.513015 0.335419 0.104266 0.0330583 0.014243
 0.505368 0.338893 0.107267 0.0333442 0.015127
 0.498926 0.339531 0.11068 0.0350328 0.0158304
pobs_PELACES
 0 0 0 0 0
 0 0 0 0 0
 0 0 0 0 0
 0 0 0 0 0
 0 0 0 0 0
 0 0 0 0 0
 0 0 0 0 0
 0 0 0 0 0
 0 0 0 0 0
 0 0 0 0 0
 0 0 0 0 0
 0 0 0 0 0
 0 0 0 0 0
 0 0 0 0 0
 0 0 0 0 0
 0 0 0 0 0
 0.505614 0.472636 0.0217494 0 0
 0 0 0 0 0
 0.443492 0.261883 0.143347 0.151278 0
 0.227955 0.32914 0.350689 0.0885471 0.00366901
 0.970185 0.0296113 0.000203453 0 0
 0.997202 0.00247181 0.000326279 0 0
 0.445219 0.490057 0.0546422 0.010081 0
 0.90214 0.0892962 0.00764917 0.000914606 0
 0 0 0 0 0
 0.581667 0.319106 0.0959925 0.00289975 0.000334073
 0.762889 0.0836404 0.116647 0.0363945 0.000428098
 0.88444 0.0763242 0.0277011 0.0115352 0
 0.521256 0.241999 0.230069 0.00667565 0
 0.616807 0.101726 0.260614 0.0208532 0
 0 0 0 0 0
ppred_PELACES
 0.432738 0.358578 0.131914 0.0485283 0.0282423
 0.490628 0.30922 0.12652 0.0465441 0.0270876
 0.512043 0.323033 0.100119 0.0409645 0.0238404
 0.51493 0.329746 0.102826 0.0318693 0.0206283
 0.508653 0.335579 0.10589 0.0330199 0.0168583
 0.500492 0.337345 0.110754 0.0349476 0.0164617
 0.521575 0.320457 0.106684 0.0350256 0.016258
 0.51928 0.331857 0.0997112 0.0331952 0.0159571
 0.4921 0.347429 0.110779 0.033285 0.0164077
 0.488332 0.338174 0.118679 0.037841 0.0169746
 0.481979 0.340555 0.117292 0.0411623 0.0190121
 0.485675 0.334762 0.118048 0.0406571 0.0208584
 0.501434 0.32722 0.111524 0.039327 0.0204936
 0.512363 0.326919 0.105483 0.0359512 0.0192839
 0.515945 0.329637 0.103524 0.033403 0.0174911
 0.52017 0.327654 0.10363 0.0325456 0.0159999
 0.52874 0.324519 0.100203 0.0316922 0.0148462
 0.533755 0.323833 0.0980671 0.0302807 0.0140635
 0.583486 0.29196 0.08651 0.026198 0.0118463
 0.631668 0.27502 0.0654079 0.0193808 0.00852306
 0.627896 0.291087 0.0604924 0.0143869 0.00613764
 0.64291 0.277875 0.0619677 0.0128778 0.00436934
 0.637504 0.287485 0.0583705 0.0130169 0.00362294
 0.577068 0.331125 0.0728099 0.0147832 0.00421429
 0.553061 0.328885 0.0924275 0.0203236 0.0053028
 0.534355 0.33342 0.0972995 0.0273443 0.00758147
 0.520789 0.334914 0.103322 0.0301516 0.010823
 0.521642 0.329071 0.104335 0.0321875 0.0127647
 0.518337 0.331752 0.103126 0.0326969 0.0140874
 0.510015 0.33571 0.106259 0.033031 0.0149849
 0.502507 0.337104 0.109889 0.0347824 0.0157173
pobs_pel_tallas
 0 0 0 0 0 0 0 0 0 0 0 0 0 0 0 0 0 0 0 0 0 0 0 0 0 0
 0 0 0 0 0 0 0 0 0 0 0 0 0 0 0 0 0 0 0 0 0 0 0 0 0 0
 0 0 0 0 0 0 0 0 0 0 0 0 0 0 0 0 0 0 0 0 0 0 0 0 0 0
 0 0 0 0 0 0 0 0 0 0 0 0 0 0 0 0 0 0 0 0 0 0 0 0 0 0
 0 0 0 0 0 0 0 0 0 0 0 0 0 0 0 0 0 0 0 0 0 0 0 0 0 0
 0 0 0 0 0 0 0 0 0 0 0 0 0 0 0 0 0 0 0 0 0 0 0 0 0 0
 0 0 0 0 0 0 0 0 0 0 0 0 0 0 0 0 0 0 0 0 0 0 0 0 0 0
 0 0 0 0 0 0 0 0 0 0 0 0 0 0 0 0 0 0 0 0 0 0 0 0 0 0
 0 0 0 0 0 0 0 0 0 0 0 0 0 0 0 0 0 0 0 0 0 0 0 0 0 0
 0 0 0 0 0 0 0 0 0 0 0 0 0 0 0 0 0 0 0 0 0 0 0 0 0 0
 0 0 0 0 0 0 0 0 0 0 0 0 0 0 0 0 0 0 0 0 0 0 0 0 0 0
 0 0 0 0 0 0 0 0 0 0 0 0 0 0 0 0 0 0 0 0 0 0 0 0 0 0
 0.00862536 0 0 0.000197151 0.00414017 0.0128641 0.00837892 0.0270097 0.101434 0.158115 0.152841 0.127902 0.109271 0.109419 0.0830992 0.0579132 0.0238553 0.00714673 0.00463305 0.00128148 0.00103504 0.000492878 0.000147863 0.000147863 4.92878e-05 0
 0 0 0 0 0 0 0 0 0 0 0 0 0 0 0 0 0 0 0 0 0 0 0 0 0 0
 0 0 0 0 0 0 0 0.0054083 0.00873648 0.0413646 0.0450493 0.0745869 0.0622846 0.0627006 0.0613931 0.0827291 0.12552 0.122667 0.0946155 0.0697135 0.0546179 0.0294188 0.0215738 0.0213955 0.0102223 0.00600262
 0 0 0 0 0.00359764 0.0251062 0.0480494 0.140153 0.205849 0.193036 0.1447 0.116669 0.0760912 0.0342217 0.00950174 0.001854 0.000860785 0 0 0 0.000165536 0 0.000143464 0 0 0
 0 0 0 0 0 0 0 0.000145254 0.000435761 0.0275982 0.070085 0.0708112 0.156366 0.174668 0.174014 0.160142 0.0824315 0.0480064 0.0283245 0.00493863 0.00203355 0 0 0 0 0
 0 0 0 0 0 0 0 0 0 0 0 0 0 0 0 0 0 0 0 0 0 0 0 0 0 0
 0 0 1.00437e-05 0.000401748 0.00122533 0.00171747 0.00176769 0.0269171 0.070346 0.194647 0.189555 0.159765 0.064822 0.0314167 0.0384472 0.0292271 0.0345202 0.0313363 0.0194345 0.0106764 0.0143323 0.0359363 0.0279516 0.0138201 0.00172751 0
 0 0.0021121 0.0136068 0.0755702 0.200478 0.177729 0.0527432 0.0373336 0.0318909 0.0142505 0.0149659 0.0166563 0.0217959 0.0798694 0.0677717 0.0528807 0.04013 0.0224614 0.0357745 0.0225083 0.00881397 0.00855152 0.00135912 0.000746735 0 0
 0 0 0 0 5.4009e-05 0.00500934 0.000945158 0.0243581 0.138947 0.33067 0.221406 0.137944 0.0707744 0.0437923 0.0131692 0.00525238 0.0047753 0.00276346 9.45158e-05 9.00151e-06 2.25038e-05 9.00151e-06 4.50075e-06 0 0 0
 0.000866109 0.00284123 0.00948549 0.0512746 0.133035 0.25785 0.225252 0.132002 0.0553304 0.0519788 0.0540692 0.017754 0.00435017 0.00159236 0.00146478 0.000404838 0.000125132 0.000115318 0.000107957 0.000100596 0 0 0 0 0 0
 0 0 0 0 0.00144013 0.00171154 0.00461396 0.0210425 0.0478622 0.0707936 0.0888783 0.103762 0.0637923 0.0337046 0.0602308 0.124433 0.169614 0.0934646 0.0462172 0.0250306 0.0313229 0.00938855 0.002487 0.000210481 0 0
 0 0.00764035 0.051015 0.0998891 0.058973 0.0496711 0.0374665 0.0718981 0.12319 0.153886 0.159021 0.0857701 0.0377988 0.023471 0.0147837 0.00900784 0.00315554 0.000888139 0.00291439 0.00214683 0.00393193 0.00274676 0.000635225 9.99891e-05 0 0
 0 0 0 0 0 0 0 0 0 0 0 0 0 0 0 0 0 0 0 0 0 0 0 0 0 0
 0 0 0 0 0 0 0 0 0 0 0 0 0 0 0 0 0 0 0 0 0 0 0 0 0 0
 0 0 0 0 0 0 0 0 0 0 0 0 0 0 0 0 0 0 0 0 0 0 0 0 0 0
 0 0 0 0 0 0 0 0 0 0 0 0 0 0 0 0 0 0 0 0 0 0 0 0 0 0
 0 0 0 0 0 0 0 0 0 0 0 0 0 0 0 0 0 0 0 0 0 0 0 0 0 0
 0 0 0 0 0 0 0 0 0 0 0 0 0 0 0 0 0 0 0 0 0 0 0 0 0 0
 0 0 0 0 0 0 0 0 0 0 0 0 0 0 0 0 0 0 0 0 0 0 0 0 0 0
ppred_pel_tallas
 1.13545e-16 3.56441e-05 0.000346474 0.00230244 0.0104666 0.0325656 0.0693857 0.101278 0.101312 0.0695554 0.0331356 0.0121149 0.00644716 0.00941841 0.0173361 0.0287922 0.041921 0.0536741 0.0609662 0.0624021 0.0590624 0.0536225 0.0485452 0.0447969 0.0418619 0.0386552
 1.12982e-16 4.04124e-05 0.000392823 0.00261045 0.0118667 0.036922 0.0786673 0.114824 0.114854 0.0788137 0.037414 0.0132898 0.00618979 0.00823086 0.0149984 0.0249223 0.0363511 0.0466805 0.0532811 0.0549671 0.0526547 0.0485921 0.044807 0.0420236 0.0397107 0.0368963
 1.11115e-16 4.21764e-05 0.00040997 0.00272439 0.0123847 0.0385336 0.0821011 0.119835 0.119867 0.0822538 0.0390465 0.0138674 0.00645125 0.00856246 0.0155751 0.0258146 0.0374992 0.0478356 0.0540085 0.05475 0.0510692 0.0454672 0.0402934 0.0365479 0.0338465 0.0312131
 1.09739e-16 4.24142e-05 0.000412281 0.00273976 0.0124545 0.0387509 0.0825641 0.120511 0.120543 0.0827199 0.0392744 0.0139678 0.00654315 0.00873138 0.01589 0.0263297 0.0382268 0.0487148 0.0548957 0.0554462 0.0513691 0.045207 0.0393796 0.0349702 0.031684 0.0286319
 1.09306e-16 4.18971e-05 0.000407255 0.00270635 0.0123027 0.0382785 0.0815576 0.119042 0.119075 0.0817162 0.0388113 0.0138429 0.00657731 0.00887426 0.0161716 0.026799 0.0389092 0.0495847 0.0558723 0.0564172 0.0522277 0.0458776 0.0398197 0.0351588 0.031614 0.0283147
 1.09573e-16 4.12249e-05 0.000400721 0.00266293 0.0121053 0.0376644 0.0802491 0.117133 0.117165 0.0804086 0.0382001 0.0136541 0.00655592 0.00891707 0.0162684 0.0269697 0.0391779 0.0499703 0.0563871 0.0570693 0.0530221 0.0468101 0.0408665 0.0362684 0.0327118 0.0293209
 1.09425e-16 4.29615e-05 0.000417602 0.00277511 0.0126153 0.0392509 0.0836294 0.122066 0.122097 0.0837809 0.0397599 0.0140867 0.00647394 0.00850975 0.0154634 0.0256335 0.037247 0.04753 0.0536773 0.0544035 0.0506642 0.0448899 0.0393772 0.0351288 0.0318343 0.0286453
 1.08992e-16 4.27724e-05 0.000415763 0.0027629 0.0125597 0.0390782 0.0832614 0.121529 0.121561 0.0834182 0.0396049 0.0140822 0.00658914 0.00878377 0.0159804 0.0264709 0.0384117 0.0489076 0.0550305 0.0554398 0.0511435 0.0447105 0.0385985 0.0339283 0.0304357 0.0272534
 1.09401e-16 4.05337e-05 0.000394002 0.00261828 0.0119023 0.0370328 0.0789035 0.115169 0.115203 0.0790677 0.0375844 0.013497 0.00662619 0.00916073 0.0167416 0.0277491 0.0402907 0.051348 0.0578619 0.0584257 0.0540764 0.0474708 0.0411433 0.0362392 0.0324779 0.0289763
 1.10179e-16 4.02233e-05 0.000390985 0.00259823 0.0118112 0.0367492 0.0782993 0.114287 0.11432 0.0784593 0.0372865 0.0133647 0.0065038 0.00893696 0.01633 0.0270899 0.0393906 0.0503212 0.0569318 0.0578678 0.0541245 0.0482355 0.0425822 0.0381827 0.034688 0.0312086
 1.10818e-16 3.97e-05 0.000385898 0.00256443 0.0116576 0.0362711 0.0772807 0.1128 0.112833 0.0774418 0.0368122 0.0132219 0.0064971 0.00899099 0.0164417 0.0272755 0.0396595 0.0506647 0.0573263 0.0582908 0.0545755 0.0487468 0.0432096 0.0389794 0.0356752 0.0323579
 1.111e-16 4.00045e-05 0.000388858 0.0025841 0.011747 0.0365493 0.0778733 0.113665 0.113698 0.0780317 0.0370813 0.013285 0.00645098 0.00885079 0.0161715 0.0268319 0.0390291 0.0498906 0.0565102 0.0575627 0.0540475 0.0484775 0.0431978 0.0391831 0.0360359 0.0328172
 1.10715e-16 4.13026e-05 0.000401476 0.00266795 0.0121281 0.0377353 0.0804001 0.117353 0.117385 0.0805549 0.0382551 0.0136311 0.00644631 0.00866873 0.0157988 0.0262029 0.038097 0.0486645 0.0550582 0.0559817 0.0524207 0.046851 0.0415916 0.0376194 0.0345589 0.0314873
 1.09997e-16 4.22027e-05 0.000410225 0.00272609 0.0123924 0.0385577 0.0821523 0.11991 0.119942 0.0823069 0.0390768 0.0138932 0.00649848 0.00866265 0.0157662 0.0261334 0.0379633 0.0484246 0.0546557 0.0553514 0.0515017 0.0456079 0.0400343 0.0358141 0.0326202 0.0295557
 1.09382e-16 4.24978e-05 0.000413094 0.00274515 0.0124791 0.0388273 0.0827268 0.120749 0.120781 0.0828825 0.0393506 0.0139919 0.00654752 0.00873009 0.0158865 0.0263246 0.0382214 0.048711 0.0548952 0.0554475 0.0513631 0.0451746 0.0392922 0.0347957 0.0313971 0.0282251
 1.09046e-16 4.28458e-05 0.000416476 0.00276763 0.0125813 0.0391452 0.0834041 0.121737 0.121769 0.0835589 0.0396654 0.0140851 0.00654726 0.00868378 0.0157923 0.0261678 0.0379936 0.0484198 0.054563 0.0551002 0.0510144 0.0448166 0.0388996 0.0343402 0.0308642 0.0276239
 1.08666e-16 4.35516e-05 0.000423338 0.00281323 0.0127885 0.0397901 0.0847781 0.123743 0.123774 0.0849315 0.0403052 0.0142776 0.00655571 0.00860871 0.0156349 0.0258999 0.0375919 0.0478814 0.0539062 0.0543522 0.0501956 0.0439335 0.0379534 0.0333422 0.0298451 0.0266312
 1.0833e-16 4.39648e-05 0.000427353 0.00283991 0.0129099 0.0401675 0.0855823 0.124916 0.124948 0.0857353 0.0406815 0.0143955 0.00657365 0.00859297 0.0155959 0.0258295 0.0374782 0.0477117 0.0536674 0.0540293 0.0497719 0.0433954 0.0372982 0.032586 0.0290246 0.0257979
 1.07204e-16 4.8061e-05 0.00046717 0.00310451 0.0141127 0.0439099 0.0935557 0.136553 0.136581 0.0936937 0.0443732 0.0154519 0.00646992 0.00782669 0.0140629 0.0232726 0.0337562 0.0429495 0.048265 0.0485116 0.0445687 0.0386982 0.0330781 0.0287248 0.0254461 0.0225182
 1.05344e-16 5.20297e-05 0.000505747 0.00336087 0.015278 0.0475358 0.101281 0.147828 0.147855 0.101411 0.0479717 0.0165375 0.00652465 0.00741988 0.0132056 0.0218084 0.0315506 0.0399728 0.044599 0.0442891 0.0398938 0.0336197 0.027638 0.0230377 0.0197367 0.0170874
 1.04302e-16 5.17191e-05 0.000502728 0.0033408 0.0151868 0.047252 0.100676 0.146946 0.146974 0.100814 0.047713 0.0165187 0.00668557 0.00780963 0.0139443 0.0230115 0.0332393 0.0420001 0.0466447 0.0459461 0.0408081 0.0336042 0.0267062 0.0213601 0.0175671 0.0146969
 1.03891e-16 5.29557e-05 0.000514748 0.00342068 0.0155499 0.0483818 0.103084 0.150459 0.150486 0.103215 0.048822 0.0168218 0.00661499 0.00749383 0.0133248 0.02199 0.0317777 0.0401819 0.0446753 0.0440817 0.0392489 0.0324188 0.0258296 0.0206557 0.016903 0.0139969
 1.03677e-16 5.25105e-05 0.00051042 0.00339192 0.0154192 0.047975 0.102217 0.149194 0.149222 0.102352 0.0484302 0.0167344 0.00669458 0.00772476 0.0137674 0.0227128 0.0327964 0.0414154 0.045945 0.0451653 0.0399639 0.0326875 0.0256906 0.020226 0.0163232 0.0133876
 1.04382e-16 4.75324e-05 0.000462032 0.00307037 0.0139575 0.043427 0.092527 0.135053 0.135084 0.0926831 0.0439515 0.0154729 0.00687632 0.00877714 0.015859 0.0261939 0.0378477 0.0478426 0.0531638 0.0524064 0.0465796 0.0383581 0.0304176 0.0241694 0.0196343 0.0161383
 1.05687e-16 4.5555e-05 0.000442811 0.00294263 0.0133768 0.0416204 0.0886778 0.129435 0.129466 0.0888331 0.042142 0.0148844 0.00673059 0.00872399 0.0158084 0.0261548 0.0378888 0.0480991 0.0538333 0.0537118 0.0487018 0.0413614 0.0342006 0.0284694 0.0240856 0.020364
 1.06919e-16 4.40141e-05 0.000427833 0.0028431 0.0129244 0.0402126 0.0856785 0.125057 0.125089 0.085836 0.0407416 0.0144534 0.00668533 0.00882917 0.0160402 0.0265544 0.0384986 0.0489407 0.0549093 0.0550255 0.0502777 0.0432457 0.0364332 0.0310424 0.0269154 0.0232947
 1.07923e-16 4.28968e-05 0.000416972 0.00277093 0.0125963 0.0391918 0.0835035 0.121883 0.121915 0.0836617 0.0397234 0.0141329 0.00663278 0.00886297 0.0161292 0.0267177 0.0387683 0.0493537 0.0555081 0.0558595 0.0514003 0.0446995 0.0382285 0.0331373 0.0292118 0.0256527
 1.08484e-16 4.2967e-05 0.000417655 0.00277547 0.0126169 0.039256 0.0836402 0.122082 0.122114 0.0837957 0.0397784 0.0141271 0.0065713 0.00872026 0.0158592 0.0262772 0.0381483 0.0486066 0.0547503 0.0552418 0.0510591 0.0447164 0.0386165 0.0338526 0.0301733 0.026761
 1.08724e-16 4.26948e-05 0.000415009 0.00275788 0.012537 0.0390073 0.0831103 0.121309 0.121341 0.0832671 0.0395339 0.0140593 0.006584 0.00878344 0.0159831 0.0264805 0.038437 0.0489616 0.0551283 0.055592 0.0513467 0.0449398 0.0388067 0.0340563 0.0304309 0.0270899
 1.09001e-16 4.20093e-05 0.000408346 0.0027136 0.0123357 0.038381 0.081776 0.119361 0.119394 0.0819346 0.038914 0.0138764 0.00658608 0.00887865 0.016178 0.026809 0.0389227 0.0495988 0.0558803 0.0564078 0.0521843 0.0457795 0.0396453 0.0348906 0.0312456 0.0278569
 1.09406e-16 4.13909e-05 0.000402334 0.00267365 0.0121541 0.037816 0.0805721 0.117604 0.117637 0.0807315 0.0383513 0.0137016 0.00656353 0.00891165 0.0162544 0.0269443 0.0391366 0.0499079 0.056298 0.0569469 0.0528587 0.046599 0.0406047 0.0359597 0.0323683 0.0289612
pSPR Fmed_Fpbrs
0.778298   0.285935 0.285935
Fs Fmed_Fpbrs
0.156264   1.005 1.005
SSBpbr Bo_Bmed_Bpbrs
2.33655e+06  1.70171e+06  551275 551275
Ro
310375
SPR SPRFo_SPRFmed_SPRFpbrs
2.21007e+06 1.72009e+06 631938
Fref
1.005
log_Ro
12.4655
likeval ReclasPelacesDesembMPH_pf_preclas_ppelaces_ptallas_desvR_qrecl_qpela
 122.917 56.6488 14.37 0.00367152 260.085 160.518 88.617 0 0 0 0 71.3387 0 0 0
q_reclas_q_pelaces
1 1
M
1
N
 310375 136699 50288.7 18500.2 10766.7
 310375 106073 43400.5 15966.2 9291.94
 310375 103548 32093.3 13131.2 7642.06
 310375 106723 33279.8 10314.6 6676.39
 310375 104780 33062.5 10310 5263.76
 310375 111042 36456.2 11503.5 5418.6
 310375 106249 35371.6 11612.9 5390.41
 310375 100218 30112 10024.7 4818.92
 310375 112751 35950.9 10802 5324.79
 310375 110304 38710.1 12342.8 5536.69
 310375 110654 38110.5 13374.5 6177.45
 310375 112936 39824.8 13716.2 7036.85
 310375 106948 36450.6 12853.6 6698.12
 310375 106917 34497.8 11757.7 6306.69
 310375 104097 32692.1 10548.4 5523.55
 310375 107674 34055.1 10695.2 5257.91
 310375 101627 31379.8 9924.77 4649.26
 310375 105602 31979.6 9874.48 4586.1
 310375 99437.3 29464 8922.64 4034.66
 310375 84760.7 20158.6 5973.14 2626.79
 310375 86888.4 18056.8 4294.43 1832.06
 310375 90956 20283.7 4215.26 1430.2
 310375 79108.7 16062.1 3581.93 996.942
 310375 98503.7 21659.6 4397.73 1253.68
 310375 101107 28414.5 6247.96 1630.21
 310375 102285 29849.2 8388.6 2325.82
 310375 106886 32974.7 9622.77 3454.11
 310375 105122 33329.9 10282.4 4077.7
 310375 104794 32575.5 10328.3 4449.92
 310375 107040 33880.4 10531.8 4777.87
 310375 107926 35181.7 11135.8 5031.97
pred_Ctot
 14015.4 11979 4406.82 1621.18 943.489
 18415.3 12096.8 4949.52 1820.83 1059.68
 12885.3 8362.82 2591.93 1060.51 617.191
 16266.6 10801.4 3368.24 1043.93 675.715
 5405.85 3607.99 1138.47 355.015 181.252
 13709.6 9524.67 3127.06 986.719 464.784
 24247.8 15751.8 5243.98 1721.66 799.152
 2458.74 1579.52 474.588 157.997 75.9498
 6679.94 4784.4 1525.52 458.363 225.948
 6075.47 4262.55 1495.9 476.971 213.958
 2139.98 1518.92 523.137 183.59 84.7968
 12493.3 8851.04 3121.15 1074.96 551.492
 12547.8 8417.36 2868.83 1011.64 527.174
 17458.2 11583.6 3737.56 1273.85 683.28
 11233.5 7355.69 2310.09 745.372 390.305
 21776.9 14414.5 4559.02 1431.78 703.887
 14835.1 9409.74 2905.49 918.946 430.48
 25620.5 16492.3 4994.39 1542.14 716.232
 51790.4 29602.1 8771.32 2656.23 1201.1
 47949 23566.5 5604.81 1660.75 730.342
 40652.2 20822.2 4327.19 1029.13 439.042
 62082.9 31700.4 7069.35 1469.12 498.46
 27263.9 13099.6 2659.72 593.132 165.084
 22687.6 13710.9 3014.84 612.127 174.501
 20623.6 12851.1 3611.57 794.136 207.205
 12601 8083.54 2358.96 662.945 183.807
 15670.2 10434.8 3219.17 939.427 337.209
 16241.8 10623.7 3368.34 1039.14 412.095
 12335 8111.68 2521.53 799.473 344.45
 10797 7276.55 2303.19 715.95 324.799
 8363.75 5713.29 1862.42 589.498 266.378
F
 0.0736541 0.147308 0.147308 0.147308 0.147308
 0.09774 0.19548 0.19548 0.19548 0.19548
 0.0675447 0.135089 0.135089 0.135089 0.135089
 0.0859176 0.171835 0.171835 0.171835 0.171835
 0.0278757 0.0557513 0.0557513 0.0557513 0.0557513
 0.0719981 0.143996 0.143996 0.143996 0.143996
 0.130429 0.260857 0.260857 0.260857 0.260857
 0.0125982 0.0251965 0.0251965 0.0251965 0.0251965
 0.0345411 0.0690823 0.0690823 0.0690823 0.0690823
 0.0313742 0.0627484 0.0627484 0.0627484 0.0627484
 0.0109575 0.021915 0.021915 0.021915 0.021915
 0.0654328 0.130866 0.130866 0.130866 0.130866
 0.0657263 0.131453 0.131453 0.131453 0.131453
 0.0924598 0.18492 0.18492 0.18492 0.18492
 0.0586709 0.117342 0.117342 0.117342 0.117342
 0.116472 0.232944 0.232944 0.232944 0.232944
 0.0781053 0.156211 0.156211 0.156211 0.156211
 0.138253 0.276505 0.276505 0.276505 0.276505
 0.297948 0.595896 0.595896 0.595896 0.595896
 0.273156 0.546312 0.546312 0.546312 0.546312
 0.227404 0.454808 0.454808 0.454808 0.454808
 0.366957 0.733915 0.733915 0.733915 0.733915
 0.147686 0.295373 0.295373 0.295373 0.295373
 0.121597 0.243194 0.243194 0.243194 0.243194
 0.110013 0.220026 0.220026 0.220026 0.220026
 0.0660127 0.132025 0.132025 0.132025 0.132025
 0.0826565 0.165313 0.165313 0.165313 0.165313
 0.0857818 0.171564 0.171564 0.171564 0.171564
 0.0645812 0.129162 0.129162 0.129162 0.129162
 0.0563363 0.112673 0.112673 0.112673 0.112673
 0.0434073 0.0868146 0.0868146 0.0868146 0.0868146
nmprior
 8 9 7.5 0
nm_flota  nm_reclas  nm_pelaces    nm_pelaL
inf 3.80556 7.65373 11.4987
cv_recla  cv_pelaces  cv_mph
1.00284 0.885645 1.86994
 ------------------------------------------------
Talla a la edad & desviación 
 8 13.2811 15.8009 17.003 17.5766
 0.8 1.32811 1.58009 1.7003 1.75766
