years
 1991 1992 1993 1994 1995 1996 1997 1998 1999 2000 2001 2002 2003 2004 2005 2006 2007 2008 2009 2010 2011 2012 2013 2014 2015 2016 2017 2018 2019 2020
reclasobs
 0 0 0 0 0 0 0 0 0 252601 567819 844713 477998 351125 339783 2.1784e+06 2.13404e+06 4.81314e+06 1.55562e+06 2.62356e+06 3.21686e+06 3.843e+06 1.13348e+06 3.07943e+06 1.97215e+06 2.03268e+06 2.025e+06 2.42433e+06 2.27542e+06 1.05018e+06
reclaspred
 3.17167e+06 1.77584e+06 897078 874772 858943 1.36763e+06 851536 753308 553656 406613 485197 630772 621695 486104 493744 1.29849e+06 1.24624e+06 2.79984e+06 2.31927e+06 1.7673e+06 3.11452e+06 2.51664e+06 1.98712e+06 3.05018e+06 2.28869e+06 2.02069e+06 2.40741e+06 2.57396e+06 2.09516e+06 1.30171e+06
pelacesobs
 0 0 0 0 0 0 0 0 0 0 0 0 0 0 0 552880 188675 0 991730 2.46772e+06 1.41603e+06 1.21717e+06 2.29649e+06 1.80582e+06 0 1.4828e+06 1.56532e+06 1.57751e+06 1.42118e+06 867257
pelacespred
 1.68783e+06 1.05096e+06 531196 422514 433446 711193 407191 449377 316951 220466 272680 296818 321781 265397 277065 605994 582823 1.50667e+06 1.28822e+06 909080 1.55368e+06 1.36635e+06 1.07473e+06 1.80392e+06 1.30549e+06 1.14871e+06 1.55975e+06 1.64652e+06 1.10293e+06 779882
mphobs
 0 0 0 0 0 0 0 0 0 0 0 498337 0 5186 125008 0 168611 109162 213762 579715 649985 157893 87575 83554 0 0 0 0 0 0
mphpred
 3.19957e+06 2.13723e+06 1.0636e+06 578558 613842 687739 909623 557477 496956 344171 229753 383812 415729 351743 239436 304571 999276 939638 1.85336e+06 1.40935e+06 1.54722e+06 1.89654e+06 1.79191e+06 1.46801e+06 2.03653e+06 1.67799e+06 1.37912e+06 1.48133e+06 2.07967e+06 1.39571e+06
desembarqueobs
 494567 514787 250237 358949 120608 361735 552515 73892 212993 205616 52469 317467 293654 387597 252695 516296 358380 742168 942051 627588 828172 859565 418607 520667 417249 300574 407403 355545 319650 289779
desembarquepred
 494574 513571 250820 358978 120613 361747 552553 73896.2 213040 205658 52471.5 317531 293704 387631 252689 516257 358403 742075 941861 627461 828233 859573 418614 520688 417247 300574 407401 355531 319642 289787
Reclutas
 197839 111972 111380 179557 143999 252238 104032 47080.7 45404.6 60786.8 114279 150570 124940 87983.1 87980.7 478651 98551.4 727364 425320 340046 483032 647009 133041 399579 336826 150735 340962 383482 105332 80182.9
log_desv_Rt
 0.12785 -0.441351 -0.446653 0.0308932 -0.189794 0.370773 -0.5149 -1.30774 -1.34399 -1.05223 -0.420954 -0.145171 -0.33177 -0.682457 -0.682484 1.01137 -0.569023 1.42982 0.89324 0.669479 1.02048 1.31276 -0.268945 0.830811 0.659966 -0.144075 0.672169 0.789692 -0.502486 -0.775291
SSB
 3.19957e+06 2.13723e+06 1.0636e+06 578558 613842 687739 909623 557477 496956 344171 229753 383812 415729 351743 239436 304571 999276 939638 1.85336e+06 1.40935e+06 1.54722e+06 1.89654e+06 1.79191e+06 1.46801e+06 2.03653e+06 1.67799e+06 1.37912e+06 1.48133e+06 2.07967e+06 1.39571e+06
BT
 4.30992e+06 2.93148e+06 1.47429e+06 1.27622e+06 1.09484e+06 1.94873e+06 1.43374e+06 1.10119e+06 942308 706706 674045 950489 1.00877e+06 1.01545e+06 892448 1.81589e+06 1.62396e+06 4.12997e+06 3.87611e+06 2.6572e+06 4.25355e+06 3.95452e+06 2.84298e+06 4.64399e+06 3.39511e+06 2.9149e+06 4.01205e+06 4.15219e+06 2.80718e+06 2.08126e+06
Ftot
 0.132374 0.241236 0.23556 0.363445 0.124452 0.241655 0.537157 0.0866399 0.336015 0.437372 0.102298 0.445962 0.416806 0.692707 0.471075 0.381806 0.246852 0.250569 0.356013 0.3139 0.239786 0.305212 0.180572 0.15865 0.160328 0.12988 0.156356 0.128969 0.128414 0.189744
BD_Bspro_t
 0.979043 0.847531 0.689133 0.599221 0.583889 0.656887 0.647819 0.481127 0.538879 0.497401 0.467053 0.676772 0.5636 0.474659 0.368743 0.427931 0.603844 0.57653 0.671049 0.577812 0.554855 0.601462 0.61598 0.607678 0.709704 0.717744 0.724716 0.761724 0.806309 0.739502
BD_Bspro
 2.58181 1.72458 0.858242 0.466851 0.495323 0.554952 0.733995 0.44984 0.401005 0.277719 0.185393 0.309707 0.335461 0.283829 0.193206 0.245765 0.806338 0.758215 1.49552 1.13724 1.24849 1.53036 1.44593 1.18457 1.64332 1.35401 1.11284 1.19532 1.67814 1.12623
BD_Bo
 1.64859 1.10121 0.548022 0.298103 0.316283 0.354359 0.468685 0.287241 0.256057 0.177335 0.11838 0.19776 0.214205 0.181236 0.12337 0.156931 0.514878 0.48415 0.954949 0.72617 0.797208 0.977195 0.923286 0.756397 1.04933 0.864586 0.710595 0.763259 1.07156 0.71914
BD_Brms
 10.2861 6.87082 3.41929 1.85996 1.9734 2.21096 2.92428 1.79219 1.59763 1.10645 0.738615 1.23389 1.3365 1.13079 0.769744 0.979143 3.2125 3.02078 5.95824 4.53082 4.97404 6.09704 5.76069 4.71941 6.5471 5.39444 4.43364 4.76223 6.68579 4.48695
Sel_flota
 0.803972 1 1 1 1
 0.803972 1 1 1 1
 0.803972 1 1 1 1
 0.803972 1 1 1 1
 0.803972 1 1 1 1
 0.803972 1 1 1 1
 0.803972 1 1 1 1
 0.803972 1 1 1 1
 0.803972 1 1 1 1
 0.803972 1 1 1 1
 0.803972 1 1 1 1
 0.803972 1 1 1 1
 0.803972 1 1 1 1
 0.803972 1 1 1 1
 0.803972 1 1 1 1
 0.803972 1 1 1 1
 0.803972 1 1 1 1
 0.803972 1 1 1 1
 0.803972 1 1 1 1
 0.803972 1 1 1 1
 0.803972 1 1 1 1
 0.803972 1 1 1 1
 0.803972 1 1 1 1
 0.803972 1 1 1 1
 0.803972 1 1 1 1
 0.803972 1 1 1 1
 0.803972 1 1 1 1
 0.803972 1 1 1 1
 0.803972 1 1 1 1
 0.803972 1 1 1 1
Sel_reclas
 1 1 1 1 1
 1 1 1 1 1
 1 1 1 1 1
 1 1 1 1 1
 1 1 1 1 1
 1 1 1 1 1
 1 1 1 1 1
 1 1 1 1 1
 1 1 1 1 1
 1 1 1 1 1
 1 1 1 1 1
 1 1 1 1 1
 1 1 1 1 1
 1 1 1 1 1
 1 1 1 1 1
 1 1 1 1 1
 1 1 1 1 1
 1 1 1 1 1
 1 1 1 1 1
 1 1 1 1 1
 1 1 1 1 1
 1 1 1 1 1
 1 1 1 1 1
 1 1 1 1 1
 1 1 1 1 1
 1 1 1 1 1
 1 1 1 1 1
 1 1 1 1 1
 1 1 1 1 1
 1 1 1 1 1
Sel_pelaces
 1 1 1 1 1
 1 1 1 1 1
 1 1 1 1 1
 1 1 1 1 1
 1 1 1 1 1
 1 1 1 1 1
 1 1 1 1 1
 1 1 1 1 1
 1 1 1 1 1
 1 1 1 1 1
 1 1 1 1 1
 1 1 1 1 1
 1 1 1 1 1
 1 1 1 1 1
 1 1 1 1 1
 1 1 1 1 1
 1 1 1 1 1
 1 1 1 1 1
 1 1 1 1 1
 1 1 1 1 1
 1 1 1 1 1
 1 1 1 1 1
 1 1 1 1 1
 1 1 1 1 1
 1 1 1 1 1
 1 1 1 1 1
 1 1 1 1 1
 1 1 1 1 1
 1 1 1 1 1
 1 1 1 1 1
pf_obs 
 0.8446 0.082 0.0669 0.0065 0
 0.8095 0.147 0.0364 0.0071 0
 0.9664 0.0169 0.016 0.0007 0
 0.9276 0.0648 0.0075 0.0001 0
 0.7033 0.2144 0.0806 0.0017 0
 0.9318 0.0425 0.0243 0.0014 0
 0.5671 0.3108 0.0964 0.0239 0.0018
 0.0768 0.2599 0.5324 0.112 0.0189
 0.490249 0.384438 0.106611 0.0170017 0.00170017
 0.7925 0.1577 0.0466 0.003 0.0002
 0.840416 0.127587 0.0312969 0.00059994 9.999e-05
 0.8084 0.0986 0.0794 0.0134 0.0002
 0.7335 0.1905 0.0724 0.0035 0.0001
 0.4001 0.4547 0.1325 0.0127 0
 0.49795 0.308269 0.164784 0.0264974 0.00249975
 0.9179 0.0499 0.0305 0.0017 0
 0.2467 0.6533 0.0926 0.0074 0
 0.9418 0.0223 0.034 0.0019 0
 0.707729 0.231977 0.0356964 0.0245975 0
 0.517169 0.277429 0.184464 0.0207286 0.00020938
 0.811772 0.124168 0.05621 0.00726502 0.000585176
 0.764997 0.148141 0.077277 0.00933861 0.000247198
 0.163321 0.427699 0.378323 0.0303852 0.000271297
 0.753843 0.0900009 0.118128 0.0371064 0.000921714
 0.721811 0.176058 0.0630433 0.0369309 0.00215725
 0.143369 0.312575 0.442814 0.0836902 0.0175525
 0.692698 0.0596174 0.167031 0.0765114 0.00414204
 0.394062 0.376323 0.152708 0.0712218 0.00568511
 0.125707 0.32114 0.495352 0.0537591 0.00404204
 0.23352 0.215282 0.420074 0.123614 0.00750983
pf_pred 
 0.445163 0.124745 0.40556 0.0245314 7.82317e-07
 0.413741 0.29508 0.0654663 0.212839 0.0128745
 0.560585 0.208511 0.11622 0.0257844 0.0888991
 0.730783 0.166904 0.04855 0.0270607 0.026703
 0.648763 0.273627 0.0481148 0.013996 0.015499
 0.751088 0.174182 0.0582178 0.0102371 0.00627543
 0.475069 0.416948 0.0755631 0.0252559 0.00716342
 0.455685 0.297072 0.196383 0.0355903 0.0152695
 0.54313 0.234196 0.121529 0.0803381 0.0208062
 0.706045 0.178172 0.0593514 0.0307986 0.0256326
 0.817148 0.138777 0.0267149 0.00889909 0.00846124
 0.733023 0.226677 0.0305866 0.00588801 0.00382625
 0.677124 0.252734 0.0595542 0.00803595 0.0025522
 0.623767 0.275692 0.0786994 0.0185447 0.00329707
 0.732242 0.185277 0.0604397 0.0172532 0.00478837
 0.933303 0.0521985 0.0100324 0.0032727 0.00119351
 0.371525 0.59577 0.0255957 0.00491942 0.00219002
 0.896296 0.0446784 0.0559541 0.00240392 0.000667711
 0.595711 0.370797 0.0144288 0.0180703 0.00099198
 0.610152 0.255974 0.122783 0.00477786 0.00631216
 0.731441 0.179645 0.0583809 0.0280037 0.00252934
 0.738518 0.203172 0.0390046 0.0126757 0.00662932
 0.313723 0.538442 0.114869 0.0220523 0.0109146
 0.738463 0.09608 0.129815 0.027694 0.00794807
 0.623587 0.29418 0.0302097 0.0408165 0.0112067
 0.432297 0.384536 0.143151 0.0147004 0.0253151
 0.731449 0.131641 0.0927366 0.0345231 0.00965032
 0.685861 0.243545 0.0346046 0.0243777 0.0116119
 0.330503 0.491275 0.138171 0.0196324 0.0204181
 0.418249 0.22336 0.262986 0.073965 0.0214396
pobs_RECLAS
 0 0 0 0 0
 0 0 0 0 0
 0 0 0 0 0
 0 0 0 0 0
 0 0 0 0 0
 0 0 0 0 0
 0 0 0 0 0
 0 0 0 0 0
 0 0 0 0 0
 0 0 0 0 0
 0.991045 0.00858322 0.000360255 1.14367e-05 0
 0.934742 0.0480273 0.0164251 0.00080598 0
 0.827803 0.169806 0.00239088 0 0
 0.941827 0.0461693 0.0120037 0 0
 0.791401 0.0380133 0.147996 0.0225897 0
 0.846168 0.0940531 0.0597789 0 0
 0.134021 0.677848 0.182769 0.00536245 0
 0.80878 0.0450904 0.141981 0.00414843 0
 0.846168 0.0940531 0.0597789 0 0
 0.905697 0.0802665 0.012482 0.00150086 5.37128e-05
 0.989698 0.0102097 9.19794e-05 0 0
 0.975433 0.0193895 0.00387452 0.00125025 5.28907e-05
 0.303575 0.632131 0.0575291 0.00676475 0
 0.966965 0.00978017 0.0227588 0.000495775 0
 0.843318 0.132988 0.00938335 0.0141283 0.000182051
 0.564624 0.303363 0.111486 0.0197234 0.00080311
 0.826376 0.0876187 0.0782897 0.00655872 0.00115652
 0.89761 0.0855135 0.0140674 0.00269457 0.000114338
 0.34875 0.467042 0.161289 0.0227151 0.000203297
 0.318654 0.224769 0.449479 0.00709798 0
ppred_RECLAS
 0.500082 0.112397 0.365417 0.0221032 7.04881e-07
 0.468629 0.267453 0.059337 0.192912 0.0116692
 0.614504 0.182926 0.101959 0.0226205 0.0779907
 0.772846 0.140826 0.0409645 0.0228327 0.0225309
 0.697203 0.23589 0.0414792 0.0120657 0.0133615
 0.790395 0.146676 0.0490243 0.00862048 0.00528445
 0.532692 0.371179 0.0672683 0.0224835 0.00637707
 0.510489 0.267162 0.17661 0.0320069 0.0137321
 0.598231 0.205951 0.106872 0.070649 0.0182969
 0.751027 0.150907 0.0502693 0.0260857 0.0217102
 0.847758 0.115545 0.0222428 0.00740935 0.0070448
 0.775233 0.190838 0.0257507 0.00495709 0.0032213
 0.724693 0.215498 0.0507801 0.00685201 0.00217619
 0.677298 0.236466 0.0675019 0.0159062 0.00282796
 0.774663 0.155923 0.0508643 0.0145198 0.00402975
 0.946084 0.0421959 0.00810992 0.00264556 0.000964803
 0.424903 0.54517 0.0234218 0.0045016 0.00200402
 0.915275 0.0365016 0.0457137 0.00196397 0.00054551
 0.64869 0.322207 0.012538 0.0157023 0.000861989
 0.662074 0.221882 0.106431 0.00414153 0.00547148
 0.772905 0.151909 0.0493673 0.0236801 0.00213883
 0.779484 0.171341 0.0328938 0.0106898 0.00559071
 0.363264 0.499573 0.106577 0.0204603 0.0101267
 0.778869 0.0812363 0.109759 0.0234155 0.00672015
 0.673911 0.254851 0.0261709 0.0353597 0.00970841
 0.48701 0.347476 0.129355 0.0132836 0.0228753
 0.772596 0.111471 0.0785275 0.0292335 0.0081717
 0.731321 0.208301 0.0295969 0.0208499 0.00993149
 0.380972 0.454242 0.127756 0.0181524 0.0188789
 0.47297 0.20235 0.238249 0.0670076 0.0194229
pobs_PELACES
 0 0 0 0 0
 0 0 0 0 0
 0 0 0 0 0
 0 0 0 0 0
 0 0 0 0 0
 0 0 0 0 0
 0 0 0 0 0
 0 0 0 0 0
 0 0 0 0 0
 0 0 0 0 0
 0 0 0 0 0
 0 0 0 0 0
 0 0 0 0 0
 0 0 0 0 0
 0 0 0 0 0
 0 0 0 0 0
 0.505614 0.472636 0.0217494 0 0
 0 0 0 0 0
 0.443492 0.261883 0.143347 0.151278 0
 0.227955 0.32914 0.350689 0.0885471 0.00366901
 0.970185 0.0296113 0.000203453 0 0
 0.997202 0.00247181 0.000326279 0 0
 0.445219 0.490057 0.0546422 0.010081 0
 0.90214 0.0892962 0.00764917 0.000914606 0
 0 0 0 0 0
 0.581667 0.319106 0.0959925 0.00289975 0.000334073
 0.762889 0.0836404 0.116647 0.0363945 0.000428098
 0.88444 0.0763242 0.0277011 0.0115352 0
 0.521256 0.241999 0.230069 0.00667565 0
 0.616807 0.101726 0.260614 0.0208532 0
ppred_PELACES
 0.502223 0.111916 0.363852 0.0220085 7.01863e-07
 0.472517 0.265496 0.0589028 0.1915 0.0115838
 0.618107 0.181216 0.101006 0.0224091 0.0772617
 0.776947 0.138284 0.0402249 0.0224204 0.0221241
 0.6989 0.234568 0.0412468 0.0119981 0.0132866
 0.792973 0.144872 0.0484213 0.00851445 0.00521945
 0.541331 0.364317 0.0660247 0.0220678 0.00625918
 0.511889 0.266397 0.176105 0.0319153 0.0136928
 0.603444 0.203279 0.105485 0.0697323 0.0180595
 0.75628 0.147724 0.0492087 0.0255354 0.0212522
 0.84861 0.114898 0.0221183 0.00736788 0.00700537
 0.78022 0.186604 0.0251794 0.00484711 0.00314983
 0.73004 0.211313 0.0497939 0.00671894 0.00213393
 0.687014 0.229347 0.0654697 0.0154273 0.00274282
 0.779938 0.152273 0.0496736 0.0141799 0.00393542
 0.94733 0.0412207 0.00792249 0.00258442 0.000942506
 0.428809 0.541467 0.0232627 0.00447102 0.0019904
 0.916524 0.0359637 0.0450401 0.00193503 0.000537472
 0.65392 0.31741 0.0123514 0.0154686 0.000849155
 0.666602 0.218909 0.105005 0.00408603 0.00539817
 0.775616 0.150096 0.0487779 0.0233974 0.00211329
 0.782859 0.168719 0.0323903 0.0105262 0.00550514
 0.36597 0.497449 0.106124 0.0203734 0.0100836
 0.780632 0.0805888 0.108884 0.0232288 0.00666658
 0.676186 0.253072 0.0259883 0.035113 0.00964068
 0.489109 0.346054 0.128826 0.0132292 0.0227817
 0.774368 0.110603 0.0779155 0.0290057 0.00810802
 0.732957 0.207032 0.0294166 0.020723 0.00987101
 0.382933 0.452803 0.127351 0.0180949 0.0188191
 0.476031 0.201175 0.236866 0.0666185 0.0193101
pobs_pel_tallas
 0 0 0 0 0 0 0 0 0 0 0 0 0 0 0 0 0 0 0 0 0 0 0 0 0 0
 0 0 0 0 0 0 0 0 0 0 0 0 0 0 0 0 0 0 0 0 0 0 0 0 0 0
 0 0 0 0 0 0 0 0 0 0 0 0 0 0 0 0 0 0 0 0 0 0 0 0 0 0
 0 0 0 0 0 0 0 0 0 0 0 0 0 0 0 0 0 0 0 0 0 0 0 0 0 0
 0 0 0 0 0 0 0 0 0 0 0 0 0 0 0 0 0 0 0 0 0 0 0 0 0 0
 0 0 0 0 0 0 0 0 0 0 0 0 0 0 0 0 0 0 0 0 0 0 0 0 0 0
 0 0 0 0 0 0 0 0 0 0 0 0 0 0 0 0 0 0 0 0 0 0 0 0 0 0
 0 0 0 0 0 0 0 0 0 0 0 0 0 0 0 0 0 0 0 0 0 0 0 0 0 0
 0 0 0 0 0 0 0 0 0 0 0 0 0 0 0 0 0 0 0 0 0 0 0 0 0 0
 0 0 0 0 0 0 0 0 0 0 0 0 0 0 0 0 0 0 0 0 0 0 0 0 0 0
 0 0 0 0 0 0 0 0 0 0 0 0 0 0 0 0 0 0 0 0 0 0 0 0 0 0
 0 0 0 0 0 0 0 0 0 0 0 0 0 0 0 0 0 0 0 0 0 0 0 0 0 0
 0.00862536 0 0 0.000197151 0.00414017 0.0128641 0.00837892 0.0270097 0.101434 0.158115 0.152841 0.127902 0.109271 0.109419 0.0830992 0.0579132 0.0238553 0.00714673 0.00463305 0.00128148 0.00103504 0.000492878 0.000147863 0.000147863 4.92878e-05 0
 0 0 0 0 0 0 0 0 0 0 0 0 0 0 0 0 0 0 0 0 0 0 0 0 0 0
 0 0 0 0 0 0 0 0.0054083 0.00873648 0.0413646 0.0450493 0.0745869 0.0622846 0.0627006 0.0613931 0.0827291 0.12552 0.122667 0.0946155 0.0697135 0.0546179 0.0294188 0.0215738 0.0213955 0.0102223 0.00600262
 0 0 0 0 0.00359764 0.0251062 0.0480494 0.140153 0.205849 0.193036 0.1447 0.116669 0.0760912 0.0342217 0.00950174 0.001854 0.000860785 0 0 0 0.000165536 0 0.000143464 0 0 0
 0 0 0 0 0 0 0 0.000145254 0.000435761 0.0275982 0.070085 0.0708112 0.156366 0.174668 0.174014 0.160142 0.0824315 0.0480064 0.0283245 0.00493863 0.00203355 0 0 0 0 0
 0 0 0 0 0 0 0 0 0 0 0 0 0 0 0 0 0 0 0 0 0 0 0 0 0 0
 0 0 1.00437e-05 0.000401748 0.00122533 0.00171747 0.00176769 0.0269171 0.070346 0.194647 0.189555 0.159765 0.064822 0.0314167 0.0384472 0.0292271 0.0345202 0.0313363 0.0194345 0.0106764 0.0143323 0.0359363 0.0279516 0.0138201 0.00172751 0
 0 0.0021121 0.0136068 0.0755702 0.200478 0.177729 0.0527432 0.0373336 0.0318909 0.0142505 0.0149659 0.0166563 0.0217959 0.0798694 0.0677717 0.0528807 0.04013 0.0224614 0.0357745 0.0225083 0.00881397 0.00855152 0.00135912 0.000746735 0 0
 0 0 0 0 5.4009e-05 0.00500934 0.000945158 0.0243581 0.138947 0.33067 0.221406 0.137944 0.0707744 0.0437923 0.0131692 0.00525238 0.0047753 0.00276346 9.45158e-05 9.00151e-06 2.25038e-05 9.00151e-06 4.50075e-06 0 0 0
 0.000866109 0.00284123 0.00948549 0.0512746 0.133035 0.25785 0.225252 0.132002 0.0553304 0.0519788 0.0540692 0.017754 0.00435017 0.00159236 0.00146478 0.000404838 0.000125132 0.000115318 0.000107957 0.000100596 0 0 0 0 0 0
 0 0 0 0 0.00144013 0.00171154 0.00461396 0.0210425 0.0478622 0.0707936 0.0888783 0.103762 0.0637923 0.0337046 0.0602308 0.124433 0.169614 0.0934646 0.0462172 0.0250306 0.0313229 0.00938855 0.002487 0.000210481 0 0
 0 0.00764035 0.051015 0.0998891 0.058973 0.0496711 0.0374665 0.0718981 0.12319 0.153886 0.159021 0.0857701 0.0377988 0.023471 0.0147837 0.00900784 0.00315554 0.000888139 0.00291439 0.00214683 0.00393193 0.00274676 0.000635225 9.99891e-05 0 0
 0 0 0 0 0 0 0 0 0 0 0 0 0 0 0 0 0 0 0 0 0 0 0 0 0 0
 0 0 0 0 0 0 0 0 0 0 0 0 0 0 0 0 0 0 0 0 0 0 0 0 0 0
 0 0 0 0 0 0 0 0 0 0 0 0 0 0 0 0 0 0 0 0 0 0 0 0 0 0
 0 0 0 0 0 0 0 0 0 0 0 0 0 0 0 0 0 0 0 0 0 0 0 0 0 0
 0 0 0 0 0 0 0 0 0 0 0 0 0 0 0 0 0 0 0 0 0 0 0 0 0 0
 0 0 0 0 0 0 0 0 0 0 0 0 0 0 0 0 0 0 0 0 0 0 0 0 0 0
ppred_pel_tallas
 1.12736e-16 4.13675e-05 0.000402107 0.00267214 0.0121472 0.0377944 0.0805254 0.117532 0.117543 0.080581 0.0379827 0.012698 0.00408086 0.00356343 0.00629698 0.0109996 0.0173621 0.0249917 0.033395 0.0421548 0.050839 0.0586437 0.0641907 0.0658847 0.0627204 0.0549583
 1.22933e-16 3.89206e-05 0.000378323 0.00251409 0.0114287 0.035559 0.0757633 0.110584 0.11061 0.0758888 0.035981 0.012649 0.00558305 0.00709835 0.012865 0.0213844 0.0312486 0.040316 0.0465185 0.0491283 0.0492682 0.0491076 0.0503289 0.0530452 0.0558642 0.0568486
 1.18284e-16 5.09127e-05 0.00049489 0.00328872 0.01495 0.0465152 0.0991063 0.144652 0.14467 0.0991923 0.0468047 0.0157879 0.00539882 0.00512477 0.00891417 0.0148443 0.0218308 0.0284326 0.0332404 0.0356907 0.0364018 0.036669 0.0375129 0.0390391 0.0405052 0.0408825
 1.07189e-16 6.39961e-05 0.000622065 0.00413384 0.0187918 0.0584685 0.124574 0.181822 0.181835 0.124639 0.058688 0.0194266 0.0057294 0.0041127 0.00671606 0.011063 0.0160795 0.0205473 0.0232836 0.0237829 0.0225209 0.0206039 0.0190419 0.0182149 0.0178515 0.0173877
 1.04703e-16 5.75675e-05 0.000559577 0.00371859 0.0169042 0.0525953 0.112061 0.16356 0.163583 0.112171 0.0529665 0.0179767 0.00641174 0.00644162 0.0112373 0.0185096 0.0267147 0.0337182 0.0373881 0.0367547 0.0325856 0.0268465 0.0214966 0.0175562 0.0149888 0.0131966
 1.03172e-16 6.53162e-05 0.000634897 0.00421911 0.0191795 0.0596745 0.127143 0.185572 0.185587 0.127212 0.0599046 0.0198445 0.00589054 0.00429094 0.00703021 0.011575 0.0167991 0.0214001 0.0240903 0.024268 0.0223476 0.0194223 0.016548 0.0142238 0.0123778 0.0106996
 1.05271e-16 4.45888e-05 0.000433419 0.00288023 0.0130931 0.0407377 0.0867973 0.126691 0.126726 0.086969 0.0413144 0.0147591 0.0070633 0.00956958 0.0174091 0.0287454 0.0414883 0.0523516 0.0580118 0.0569378 0.0502868 0.041076 0.032327 0.0256383 0.0210153 0.0176346
 1.10669e-16 4.21637e-05 0.000409846 0.00272357 0.012381 0.038522 0.0820761 0.119798 0.119824 0.0822028 0.0389479 0.0136141 0.00582984 0.00722696 0.0130952 0.0218598 0.0321353 0.0417724 0.0485725 0.0514797 0.0510881 0.0489787 0.0464767 0.0438887 0.0407043 0.0363507
 1.13146e-16 4.97049e-05 0.00048315 0.0032107 0.0145954 0.0454118 0.0967553 0.141221 0.141241 0.0968519 0.0457363 0.0155345 0.00557533 0.00566974 0.00997333 0.0166047 0.0243826 0.0316686 0.0368388 0.0391988 0.039363 0.0387003 0.0382964 0.0382806 0.0379481 0.0364086
 1.07616e-16 6.22938e-05 0.000605518 0.00402388 0.018292 0.0569132 0.12126 0.176986 0.177 0.12133 0.057148 0.0189708 0.0057306 0.00434086 0.00718508 0.0118568 0.0172598 0.0221085 0.0251478 0.0258361 0.0246635 0.0227762 0.0212082 0.0203273 0.0198308 0.0191366
 1.02593e-16 6.98989e-05 0.000679442 0.00451513 0.0205252 0.0638614 0.136064 0.198592 0.198603 0.136118 0.0640434 0.0210508 0.00583517 0.0035631 0.00555253 0.00908509 0.0131199 0.0165842 0.0184375 0.0182091 0.0162742 0.0135871 0.011091 0.00926459 0.00807067 0.0072043
 1.01794e-16 6.42657e-05 0.000624686 0.00415126 0.018871 0.0587148 0.125099 0.182589 0.182607 0.125187 0.0590099 0.0197232 0.00629016 0.00529359 0.00893035 0.0146593 0.0211047 0.0265262 0.029194 0.0283095 0.0244748 0.0192784 0.0143415 0.010569 0.00803549 0.00635203
 1.02526e-16 6.01325e-05 0.000584509 0.00388427 0.0176573 0.0549386 0.117053 0.170847 0.170867 0.117153 0.0552734 0.0186247 0.00631401 0.00589348 0.0101569 0.0167327 0.0241825 0.0305841 0.0340106 0.0335586 0.0298585 0.0245993 0.0194734 0.0153787 0.0123439 0.00996956
 1.0396e-16 5.65884e-05 0.00055006 0.00365534 0.0166167 0.0517007 0.110155 0.160779 0.160801 0.110263 0.0520645 0.0176681 0.00629729 0.00632614 0.011052 0.0182484 0.0264382 0.0335739 0.0375974 0.0375472 0.034095 0.0290177 0.024056 0.0200717 0.0170014 0.0143683
 1.03561e-16 6.42425e-05 0.00062446 0.00414975 0.0188642 0.0586936 0.125053 0.182522 0.182537 0.125125 0.0589353 0.0195631 0.00590655 0.00446727 0.00738516 0.0121672 0.0176615 0.022506 0.0253525 0.0255762 0.0236202 0.0206372 0.0177318 0.0154117 0.0135752 0.0118689
 1.00658e-16 7.80303e-05 0.000758482 0.00504038 0.0229129 0.0712904 0.151892 0.221691 0.221695 0.151911 0.0713557 0.0231014 0.00551386 0.00179272 0.00204412 0.00326083 0.0047016 0.00593747 0.00658921 0.00648411 0.00575276 0.00473469 0.00376858 0.00303144 0.00252051 0.00214071
 1.01595e-16 3.53206e-05 0.000343329 0.00228154 0.0103716 0.0322701 0.0687569 0.100364 0.100416 0.0690114 0.0331245 0.0128383 0.00846894 0.0138362 0.0256189 0.0421872 0.0605102 0.0755484 0.0821889 0.0780744 0.065036 0.0479192 0.031782 0.0196161 0.0118876 0.00751367
 1.01595e-16 7.54929e-05 0.000733817 0.00487647 0.0221677 0.0689721 0.146953 0.214482 0.214486 0.14697 0.0690303 0.0223365 0.0053031 0.00167494 0.00189146 0.00308179 0.00460445 0.00614742 0.00743425 0.00831573 0.00881493 0.00903572 0.00902278 0.00871031 0.00799977 0.00688064
 1.02133e-16 5.38626e-05 0.000523564 0.00347927 0.0158163 0.0492104 0.104849 0.153037 0.153067 0.104998 0.0497113 0.0172625 0.00710707 0.00843546 0.0150578 0.0247506 0.0355157 0.0443865 0.0483854 0.0461569 0.0387976 0.0291546 0.0201688 0.0135315 0.00942449 0.00711881
 1.0441e-16 5.49072e-05 0.000533717 0.00354674 0.016123 0.0501647 0.106882 0.156002 0.156023 0.106986 0.0505132 0.0171311 0.00608276 0.00608779 0.0106554 0.0176644 0.0257554 0.0330389 0.0375979 0.0385013 0.0362799 0.0324204 0.0283307 0.0246348 0.0212226 0.0177682
 1.04151e-16 6.38865e-05 0.000620999 0.00412676 0.0187597 0.0583683 0.12436 0.181511 0.181525 0.124431 0.0586067 0.0194488 0.00585915 0.00441104 0.00728626 0.0120091 0.0174465 0.0222655 0.0251516 0.0255047 0.0237732 0.0210916 0.0185259 0.0165311 0.0149478 0.0133736
 1.02966e-16 6.44831e-05 0.000626799 0.0041653 0.0189349 0.0589135 0.125522 0.183206 0.183223 0.125602 0.0591806 0.0197066 0.00610334 0.00486023 0.00811249 0.0133307 0.0192476 0.0243128 0.0269921 0.026583 0.0236241 0.0195084 0.0156224 0.012686 0.0106779 0.0091945
 1.0694e-16 3.01446e-05 0.000293016 0.0019472 0.0088517 0.0275412 0.0586812 0.085657 0.085705 0.0589158 0.028329 0.011128 0.00766376 0.0127816 0.0237755 0.0393291 0.0568185 0.0717986 0.0797413 0.07854 0.0697251 0.0573381 0.0454244 0.0361223 0.0294607 0.0244019
 1.06621e-16 6.42996e-05 0.000625015 0.00415345 0.018881 0.0587457 0.125164 0.182683 0.182691 0.125203 0.0588765 0.0192607 0.00511434 0.00274834 0.00417237 0.00699375 0.0105316 0.0142157 0.0174889 0.02007 0.0220368 0.0235932 0.0247384 0.0251574 0.0244308 0.0223613
 1.05968e-16 5.56966e-05 0.00054139 0.00359773 0.0163548 0.0508859 0.108419 0.158245 0.15827 0.108538 0.051286 0.0175104 0.00649855 0.00687405 0.0120836 0.0198934 0.0286693 0.0361045 0.0399055 0.0390611 0.0344673 0.0283312 0.0228321 0.0190713 0.0169215 0.0155827
 1.08989e-16 4.02873e-05 0.000391607 0.00260237 0.01183 0.0368077 0.078424 0.114469 0.114503 0.0785877 0.0373576 0.0134199 0.0065995 0.00913794 0.0167115 0.0277218 0.0403001 0.0514537 0.0581367 0.0589215 0.0547812 0.0482794 0.0418692 0.0366732 0.0324721 0.0285088
 1.06558e-16 6.37837e-05 0.00062 0.00412012 0.0187295 0.0582744 0.12416 0.181218 0.181228 0.124213 0.0584515 0.0192425 0.00541309 0.00346011 0.00550957 0.00914431 0.0134896 0.0176481 0.0207447 0.0223801 0.0228214 0.0227065 0.0225135 0.0222474 0.0215491 0.0200517
 1.04651e-16 6.03728e-05 0.000586845 0.00389979 0.0177279 0.0551582 0.117521 0.17153 0.17155 0.117619 0.0554857 0.018674 0.00627515 0.00577382 0.00991633 0.0163123 0.0235293 0.0296746 0.0328715 0.0322809 0.0286085 0.0236217 0.0190702 0.015845 0.0138682 0.012541
 1.08791e-16 3.15417e-05 0.000306597 0.00203745 0.00926196 0.0288176 0.0614006 0.0896252 0.089669 0.0616144 0.0295358 0.0113375 0.00725238 0.0117072 0.0217315 0.0360026 0.0521546 0.0662037 0.0740879 0.0739134 0.0670238 0.0569611 0.0472053 0.0394959 0.0337192 0.0289035
 1.16836e-16 3.92101e-05 0.000381136 0.00253278 0.0115137 0.0358234 0.0763263 0.111405 0.111424 0.0764229 0.0361488 0.0124579 0.00491999 0.00564886 0.0102099 0.0172537 0.0258774 0.0347052 0.042323 0.0480515 0.052187 0.0554204 0.0579578 0.0591616 0.0579942 0.0538143
pSPR Fmed_Fpbrs
0.642015   0.210274 0.210274
Fs Fmed_Fpbrs
0.23797   1.005 1.005
SSBpbr Bo_Bmed_Bpbrs
1.9408e+06  1.14898e+06  311059 311059
Ro
174095
SPR SPRFo_SPRFmed_SPRFpbrs
1.23928e+06 795635 260587
Fref
1.005
log_Ro
11.8874
likeval ReclasPelacesDesembMPH_pf_preclas_ppelaces_ptallas_desvR_qrecl_qpela
 13.4526 17.1513 0.0566189 0.0027893 228.752 118.155 82.2573 0 23.9771 1.06012e-06 0 0.289475 0 0 0
q_reclas_q_pelaces
0.864243 1
M
1
N
 197839 45046.3 146451 8858.48 0.282501
 111972 65433 14516.9 47196.4 2854.89
 111380 33930.1 18911.9 4195.78 14466.1
 179557 33905.1 9862.53 5497.15 5424.5
 143999 49318.3 8672.18 2522.62 2793.52
 252238 47930.5 16020.1 2816.99 1726.84
 104032 76408.2 13847.4 4628.29 1312.74
 47080.7 24849.6 16427.1 2977.07 1277.27
 45404.6 16154.6 8382.97 5541.65 1435.19
 60786.8 12749.2 4246.92 2203.81 1834.15
 114279 15732.7 3028.58 1008.86 959.223
 150570 38721.8 5224.93 1005.81 653.615
 124940 38701.9 9119.73 1230.57 390.827
 87983.1 32875.6 9384.72 2211.42 393.168
 87980.7 18545.5 6049.79 1726.98 479.298
 478651 22162.2 4259.5 1389.51 506.735
 98551.4 129543 5565.47 1069.67 476.193
 727364 29728.8 37231.7 1599.56 444.292
 425320 218760 8512.6 10661 585.24
 340046 117521 56371.5 2193.58 2898
 483032 97194.4 31586.1 15150.9 1368.46
 647009 146540 28132.5 9142.47 4781.48
 133041 186229 39729.3 7627.15 3774.99
 399579 42329.4 57191.6 12201 3501.63
 336826 129394 13287.6 17953 4929.2
 150735 108926 40549.9 4164.11 7170.9
 340962 49954.2 35190.9 13100.5 3662.02
 383482 110616 15717.1 11072.1 5274.02
 105332 127180 35769.5 5082.39 5285.8
 80182.9 34948.4 41148.7 11573.1 3354.59
pred_Ctot
 12735.9 3568.88 11602.9 701.83 0.0223817
 12677.3 9041.46 2005.93 6521.54 394.485
 12336.2 4588.49 2557.52 567.411 1956.31
 29450.4 6726.17 1956.55 1090.54 1076.13
 8737.96 3685.38 648.041 188.506 208.75
 28603.7 6633.37 2217.11 389.859 238.988
 23882.1 20960.3 3798.61 1269.63 360.11
 2013.91 1312.92 867.919 157.292 67.484
 6945.45 2994.86 1554.09 1027.35 266.066
 11721.1 2957.84 985.294 511.289 425.528
 5741.95 975.159 187.721 62.5323 59.4556
 29523.9 9129.84 1231.94 237.151 154.11
 23107.4 8624.74 2032.34 274.233 87.0961
 24838.2 10977.9 3133.78 738.444 131.288
 18080.1 4574.73 1492.34 426.006 118.231
 81993.8 4585.82 881.381 287.518 104.854
 11396.9 18275.8 785.172 150.908 67.1809
 85278.8 4250.96 5323.8 228.723 63.5299
 68494.7 42634.2 1659.02 2077.72 114.057
 48937.5 20530.5 9847.89 383.21 506.269
 54384.9 13357.2 4340.8 2082.16 188.064
 90789.2 24976.8 4795 1558.27 814.971
 11499.6 19736.7 4210.54 808.332 400.077
 30563.8 3976.6 5372.82 1146.21 328.958
 26022 12276 1260.63 1703.25 467.648
 9528.61 8475.87 3155.32 324.023 557.99
 25722.4 4629.35 3261.21 1214.05 339.366
 24078.7 8550.18 1214.87 855.833 407.661
 6586.46 9790.43 2753.56 391.246 406.904
 7260.96 3877.61 4565.54 1284.06 372.199
F
 0.106425 0.132374 0.132374 0.132374 0.132374
 0.193947 0.241236 0.241236 0.241236 0.241236
 0.189384 0.23556 0.23556 0.23556 0.23556
 0.292199 0.363445 0.363445 0.363445 0.363445
 0.100056 0.124452 0.124452 0.124452 0.124452
 0.194284 0.241655 0.241655 0.241655 0.241655
 0.431859 0.537157 0.537157 0.537157 0.537157
 0.0696561 0.0866399 0.0866399 0.0866399 0.0866399
 0.270146 0.336015 0.336015 0.336015 0.336015
 0.351635 0.437372 0.437372 0.437372 0.437372
 0.0822444 0.102298 0.102298 0.102298 0.102298
 0.358541 0.445962 0.445962 0.445962 0.445962
 0.335101 0.416806 0.416806 0.416806 0.416806
 0.556917 0.692707 0.692707 0.692707 0.692707
 0.378731 0.471075 0.471075 0.471075 0.471075
 0.306961 0.381806 0.381806 0.381806 0.381806
 0.198462 0.246852 0.246852 0.246852 0.246852
 0.20145 0.250569 0.250569 0.250569 0.250569
 0.286224 0.356013 0.356013 0.356013 0.356013
 0.252367 0.3139 0.3139 0.3139 0.3139
 0.192781 0.239786 0.239786 0.239786 0.239786
 0.245382 0.305212 0.305212 0.305212 0.305212
 0.145175 0.180572 0.180572 0.180572 0.180572
 0.12755 0.15865 0.15865 0.15865 0.15865
 0.128899 0.160328 0.160328 0.160328 0.160328
 0.10442 0.12988 0.12988 0.12988 0.12988
 0.125706 0.156356 0.156356 0.156356 0.156356
 0.103688 0.128969 0.128969 0.128969 0.128969
 0.103241 0.128414 0.128414 0.128414 0.128414
 0.152549 0.189744 0.189744 0.189744 0.189744
nmprior
 8 9 7.5 0
nm_flota  nm_reclas  nm_pelaces    nm_pelaL
inf 12.377 15.8336 27.5104
cv_recla  cv_pelaces  cv_mph
0.33957 0.487318 1.62987
 ------------------------------------------------
Talla a la edad & desviación 
 8 13.2811 15.8009 17.003 17.5766
 0.8 1.32811 1.58009 1.7003 1.75766
