years
 1991 1992 1993 1994 1995 1996 1997 1998 1999 2000 2001 2002 2003 2004 2005 2006 2007 2008 2009 2010 2011 2012 2013 2014 2015 2016 2017 2018 2019
reclasobs
 0 0 0 0 0 0 0 0 0 252601 567819 844713 477998 351125 339783 2.1784e+06 2.13404e+06 4.81314e+06 1.55562e+06 2.62356e+06 3.21686e+06 3.843e+06 1.13348e+06 3.07943e+06 1.97215e+06 2.03268e+06 2.025e+06 2.42433e+06 2.27542e+06
reclaspred
 3.1962e+06 1.75031e+06 884078 911637 924397 1.60202e+06 908148 779417 551480 373031 502767 684601 669410 495375 487328 1.36117e+06 1.18915e+06 3.06217e+06 2.43207e+06 1.82705e+06 3.15044e+06 2.56235e+06 1.93932e+06 3.06244e+06 2.28594e+06 2.02587e+06 2.47479e+06 2.48256e+06 1.95592e+06
pelacesobs
 0 0 0 0 0 0 0 0 0 0 0 0 0 0 0 552880 188675 0 991730 2.46772e+06 1.41603e+06 1.21717e+06 2.29649e+06 1.80582e+06 0 1.4828e+06 1.56532e+06 1.57751e+06 1.42118e+06
pelacespred
 1.76013e+06 1.05326e+06 519045 438465 483380 866447 432957 492452 319464 198332 288706 324502 351721 264139 269809 636845 568994 1.70458e+06 1.37105e+06 938750 1.63182e+06 1.39277e+06 1.08402e+06 1.88561e+06 1.34638e+06 1.20094e+06 1.67216e+06 1.65718e+06 1.08204e+06
mphobs
 0 0 0 0 0 0 0 0 0 0 0 498337 0 5186 125008 0 168611 109162 213762 579715 649985 157893 87575 83554 0 0 0 0 0
mphpred
 490417 328230 158036 87357.7 96289.2 115643 159448 86274.8 77579.8 48670.8 29835.8 60974.1 65469.9 53318.6 32510 41579 152855 131752 305259 214222 235325 285676 271747 215583 310427 257434 211194 231707 304072
desembarqueobs
 494567 514787 250237 358949 120608 361735 552515 73892 212993 205616 52469 317467 293654 387597 252695 516296 358380 742168 942051 627588 828172 859565 418607 520667 417249 300574 407403 355545 319650
desembarquepred
 494572 513843 250683 358983 120614 361743 552541 73897.4 213054 205672 52471.9 317529 293689 387578 252670 516224 358406 742024 941765 627383 828249 859532 418604 520689 417234 300569 407390 355512 319635
Reclutas
 170110 95300.9 93988.3 145715 117091 214664 84680.1 35652.2 34838.8 46825.7 87582.5 127355 105871 74624.9 68474.9 368517 69641.9 588444 329356 277882 362283 504352 97987.1 288442 251265 110144 249887 249028 82457.3
log_desv_Rt
 0.195766 -0.383642 -0.397511 0.0409709 -0.177727 0.428391 -0.5018 -1.36687 -1.38995 -1.09425 -0.468101 -0.0937067 -0.278462 -0.628207 -0.714214 0.968805 -0.697315 1.4368 0.856457 0.686516 0.951743 1.28259 -0.355846 0.723813 0.585826 -0.238892 0.580328 0.576886 -0.5284
SSB
 2.03452e+06 1.36168e+06 655620 362407 399460 479749 661477 357915 321844 201913 123775 252954 271605 221195 134869 172493 634128 546578 1.26638e+06 888709 976257 1.18514e+06 1.12736e+06 894356 1.28782e+06 1.06798e+06 876147 961247 1.26146e+06
BT
 2.87503e+06 1.9733e+06 966547 916164 775392 1.538e+06 1.09739e+06 760525 661654 477342 455577 724019 764294 777520 637508 1.32793e+06 1.07854e+06 3.09348e+06 2.83554e+06 1.87628e+06 2.99158e+06 2.76094e+06 1.88464e+06 3.16974e+06 2.27677e+06 1.95533e+06 2.79313e+06 2.71082e+06 1.77868e+06
Ftot
 0.20475 0.377641 0.370741 0.554288 0.184714 0.332957 0.773913 0.132671 0.529294 0.744816 0.162566 0.656596 0.617415 1.06881 0.769177 0.596237 0.404309 0.375764 0.535641 0.483926 0.378502 0.478582 0.289466 0.254845 0.254431 0.20406 0.244666 0.214087 0.214325
BD_Bspro_t
 0.967877 0.779065 0.57306 0.472484 0.467497 0.562559 0.565139 0.371706 0.427943 0.365623 0.320616 0.577458 0.455882 0.360574 0.247364 0.298059 0.490692 0.442081 0.579615 0.462696 0.438522 0.483724 0.499819 0.481663 0.604119 0.615598 0.623343 0.672407 0.716071
BD_Bspro
 2.04675 1.36986 0.659561 0.364586 0.401862 0.482633 0.665453 0.360067 0.323779 0.203127 0.124519 0.254475 0.273238 0.222524 0.13568 0.17353 0.63794 0.549864 1.274 0.894052 0.982127 1.19227 1.13413 0.899733 1.29556 1.0744 0.881414 0.967026 1.26904
BD_Bo
 1.34407 0.899566 0.433122 0.239417 0.263896 0.316937 0.436991 0.23645 0.21262 0.13339 0.0817697 0.167109 0.179431 0.146128 0.0890987 0.113954 0.418924 0.361086 0.836611 0.587108 0.644945 0.78294 0.744766 0.590839 0.850774 0.705538 0.578809 0.635029 0.833357
BD_Brms
 2.44375 1.63557 0.787495 0.435304 0.47981 0.576248 0.79453 0.429908 0.386581 0.242527 0.148672 0.303834 0.326237 0.265687 0.161998 0.207189 0.76168 0.65652 1.52111 1.06747 1.17263 1.42353 1.35412 1.07425 1.54686 1.2828 1.05238 1.1546 1.51519
Sel_flota
 0.734076 0.981291 0.998998 0.999947 0.999997
 0.734076 0.981291 0.998998 0.999947 0.999997
 0.734076 0.981291 0.998998 0.999947 0.999997
 0.734076 0.981291 0.998998 0.999947 0.999997
 0.734076 0.981291 0.998998 0.999947 0.999997
 0.734076 0.981291 0.998998 0.999947 0.999997
 0.734076 0.981291 0.998998 0.999947 0.999997
 0.734076 0.981291 0.998998 0.999947 0.999997
 0.734076 0.981291 0.998998 0.999947 0.999997
 0.734076 0.981291 0.998998 0.999947 0.999997
 0.734076 0.981291 0.998998 0.999947 0.999997
 0.734076 0.981291 0.998998 0.999947 0.999997
 0.734076 0.981291 0.998998 0.999947 0.999997
 0.734076 0.981291 0.998998 0.999947 0.999997
 0.734076 0.981291 0.998998 0.999947 0.999997
 0.734076 0.981291 0.998998 0.999947 0.999997
 0.734076 0.981291 0.998998 0.999947 0.999997
 0.734076 0.981291 0.998998 0.999947 0.999997
 0.734076 0.981291 0.998998 0.999947 0.999997
 0.734076 0.981291 0.998998 0.999947 0.999997
 0.734076 0.981291 0.998998 0.999947 0.999997
 0.734076 0.981291 0.998998 0.999947 0.999997
 0.734076 0.981291 0.998998 0.999947 0.999997
 0.734076 0.981291 0.998998 0.999947 0.999997
 0.734076 0.981291 0.998998 0.999947 0.999997
 0.734076 0.981291 0.998998 0.999947 0.999997
 0.734076 0.981291 0.998998 0.999947 0.999997
 0.734076 0.981291 0.998998 0.999947 0.999997
 0.734076 0.981291 0.998998 0.999947 0.999997
Sel_reclas
 1 1 1 1 1
 1 1 1 1 1
 1 1 1 1 1
 1 1 1 1 1
 1 1 1 1 1
 1 1 1 1 1
 1 1 1 1 1
 1 1 1 1 1
 1 1 1 1 1
 1 1 1 1 1
 1 1 1 1 1
 1 1 1 1 1
 1 1 1 1 1
 1 1 1 1 1
 1 1 1 1 1
 1 1 1 1 1
 1 1 1 1 1
 1 1 1 1 1
 1 1 1 1 1
 1 1 1 1 1
 1 1 1 1 1
 1 1 1 1 1
 1 1 1 1 1
 1 1 1 1 1
 1 1 1 1 1
 1 1 1 1 1
 1 1 1 1 1
 1 1 1 1 1
 1 1 1 1 1
Sel_pelaces
 0.966353 0.999756 0.999998 1 1
 0.966353 0.999756 0.999998 1 1
 0.966353 0.999756 0.999998 1 1
 0.966353 0.999756 0.999998 1 1
 0.966353 0.999756 0.999998 1 1
 0.966353 0.999756 0.999998 1 1
 0.966353 0.999756 0.999998 1 1
 0.966353 0.999756 0.999998 1 1
 0.966353 0.999756 0.999998 1 1
 0.966353 0.999756 0.999998 1 1
 0.966353 0.999756 0.999998 1 1
 0.966353 0.999756 0.999998 1 1
 0.966353 0.999756 0.999998 1 1
 0.966353 0.999756 0.999998 1 1
 0.966353 0.999756 0.999998 1 1
 0.966353 0.999756 0.999998 1 1
 0.966353 0.999756 0.999998 1 1
 0.966353 0.999756 0.999998 1 1
 0.966353 0.999756 0.999998 1 1
 0.966353 0.999756 0.999998 1 1
 0.966353 0.999756 0.999998 1 1
 0.966353 0.999756 0.999998 1 1
 0.966353 0.999756 0.999998 1 1
 0.966353 0.999756 0.999998 1 1
 0.966353 0.999756 0.999998 1 1
 0.966353 0.999756 0.999998 1 1
 0.966353 0.999756 0.999998 1 1
 0.966353 0.999756 0.999998 1 1
 0.966353 0.999756 0.999998 1 1
pf_obs 
 0.8446 0.082 0.0669 0.0065 0
 0.8095 0.147 0.0364 0.0071 0
 0.9664 0.0169 0.016 0.0007 0
 0.9276 0.0648 0.0075 0.0001 0
 0.7033 0.2144 0.0806 0.0017 0
 0.9318 0.0425 0.0243 0.0014 0
 0.5671 0.3108 0.0964 0.0239 0.0018
 0.0768 0.2599 0.5324 0.112 0.0189
 0.490249 0.384438 0.106611 0.0170017 0.00170017
 0.7925 0.1577 0.0466 0.003 0.0002
 0.840416 0.127587 0.0312969 0.00059994 9.999e-05
 0.8084 0.0986 0.0794 0.0134 0.0002
 0.7335 0.1905 0.0724 0.0035 0.0001
 0.4001 0.4547 0.1325 0.0127 0
 0.49795 0.308269 0.164784 0.0264974 0.00249975
 0.9179 0.0499 0.0305 0.0017 0
 0.2467 0.6533 0.0926 0.0074 0
 0.9418 0.0223 0.034 0.0019 0
 0.707729 0.231977 0.0356964 0.0245975 0
 0.517169 0.277429 0.184464 0.0207286 0.00020938
 0.811772 0.124168 0.05621 0.00726502 0.000585176
 0.764997 0.148141 0.077277 0.00933861 0.000247198
 0.163321 0.427699 0.378323 0.0303852 0.000271297
 0.753843 0.0900009 0.118128 0.0371064 0.000921714
 0.721811 0.176058 0.0630433 0.0369309 0.00215725
 0.143369 0.312575 0.442814 0.0836902 0.0175525
 0.692698 0.0596174 0.167031 0.0765114 0.00414204
 0.394062 0.376323 0.152708 0.0712218 0.00568511
 0.125707 0.32114 0.495352 0.0537591 0.00404204
pf_pred 
 0.491272 0.138112 0.347209 0.0234058 8.72485e-07
 0.439354 0.319897 0.0662831 0.163458 0.011008
 0.589865 0.215027 0.112375 0.0227967 0.0599364
 0.744825 0.170805 0.0446886 0.0228661 0.0168149
 0.668927 0.267527 0.0428679 0.0109593 0.00971896
 0.763712 0.173151 0.0512071 0.00805081 0.00387945
 0.473497 0.430906 0.070444 0.0204045 0.00474849
 0.467256 0.305112 0.187178 0.0298215 0.0106334
 0.555607 0.241267 0.117262 0.0706172 0.0152473
 0.735287 0.170425 0.0517407 0.024575 0.0179727
 0.843249 0.12625 0.0198183 0.00586583 0.00481694
 0.756907 0.213777 0.0236993 0.0036507 0.00196583
 0.703948 0.242777 0.0469892 0.00508317 0.00120306
 0.657536 0.265862 0.0630902 0.0119196 0.00159254
 0.767266 0.174967 0.0451442 0.0103995 0.00222373
 0.944203 0.0463925 0.00711605 0.00178919 0.000499595
 0.372949 0.602477 0.0205141 0.0030729 0.000987095
 0.915936 0.0381985 0.0441051 0.00146987 0.00029057
 0.596967 0.378408 0.0113189 0.0127952 0.000510134
 0.644014 0.241908 0.107261 0.00313538 0.00368108
 0.738765 0.188298 0.0499193 0.0216442 0.00137381
 0.757554 0.193633 0.0353952 0.00918671 0.00423123
 0.320398 0.554696 0.10021 0.0179142 0.00678288
 0.749405 0.0987046 0.124435 0.022032 0.00542399
 0.638172 0.29136 0.0280924 0.034723 0.00765336
 0.436853 0.39838 0.1332 0.0125921 0.0189746
 0.738354 0.134475 0.0904712 0.0296745 0.00702506
 0.663343 0.267743 0.0357621 0.0235924 0.00956014
 0.369681 0.459272 0.136581 0.0178945 0.0165715
pobs_RECLAS
 0 0 0 0 0
 0 0 0 0 0
 0 0 0 0 0
 0 0 0 0 0
 0 0 0 0 0
 0 0 0 0 0
 0 0 0 0 0
 0 0 0 0 0
 0 0 0 0 0
 0 0 0 0 0
 0.991045 0.00858322 0.000360255 1.14367e-05 0
 0.934742 0.0480273 0.0164251 0.00080598 0
 0.827803 0.169806 0.00239088 0 0
 0.941827 0.0461693 0.0120037 0 0
 0.791401 0.0380133 0.147996 0.0225897 0
 0.846168 0.0940531 0.0597789 0 0
 0.134021 0.677848 0.182769 0.00536245 0
 0.80878 0.0450904 0.141981 0.00414843 0
 0.846168 0.0940531 0.0597789 0 0
 0.905697 0.0802665 0.012482 0.00150086 5.37128e-05
 0.989698 0.0102097 9.19794e-05 0 0
 0.975433 0.0193895 0.00387452 0.00125025 5.28907e-05
 0.303575 0.632131 0.0575291 0.00676475 0
 0.966965 0.00978017 0.0227588 0.000495775 0
 0.843318 0.132988 0.00938335 0.0141283 0.000182051
 0.564624 0.303363 0.111486 0.0197234 0.00080311
 0.826376 0.0876187 0.0782897 0.00655872 0.00115652
 0.89761 0.0855135 0.0140674 0.00269457 0.000114338
 0.34875 0.467042 0.161289 0.0227151 0.000203297
ppred_RECLAS
 0.567949 0.118866 0.293424 0.0197609 7.36578e-07
 0.51618 0.278351 0.0566104 0.139467 0.00939184
 0.662055 0.178783 0.0917108 0.0185864 0.0488642
 0.799658 0.134968 0.0346441 0.0177086 0.0130216
 0.73134 0.217861 0.0342799 0.00875527 0.00776399
 0.81411 0.136897 0.0397427 0.00624221 0.00300779
 0.553083 0.367096 0.0588356 0.0170241 0.0039616
 0.542359 0.264143 0.159137 0.0253297 0.0090313
 0.631295 0.201954 0.0963044 0.0579376 0.0125089
 0.792999 0.134225 0.0399552 0.0189574 0.0138636
 0.8787 0.0980471 0.0151142 0.00446921 0.00366986
 0.809802 0.167654 0.0182287 0.00280509 0.00151041
 0.764701 0.193627 0.0367602 0.00397254 0.000940154
 0.728513 0.21175 0.0492089 0.00928672 0.00124069
 0.819548 0.136332 0.0344867 0.00793603 0.00169688
 0.958514 0.0346062 0.00520708 0.00130788 0.000365179
 0.445787 0.532883 0.0178084 0.00266496 0.000856008
 0.936951 0.0289414 0.0328001 0.00109204 0.000215866
 0.668154 0.311941 0.00915471 0.0103382 0.000412155
 0.711521 0.197222 0.0858095 0.00250581 0.00294178
 0.793329 0.149753 0.038968 0.0168791 0.0010713
 0.809516 0.152716 0.0273935 0.00710277 0.00327123
 0.389115 0.500304 0.088734 0.0158472 0.00599994
 0.80268 0.0785949 0.0972819 0.0172077 0.00423608
 0.704243 0.239029 0.0226279 0.0279415 0.00615832
 0.511623 0.347343 0.114036 0.01077 0.0162281
 0.792924 0.10739 0.0709378 0.0232449 0.00550266
 0.72659 0.218271 0.0286268 0.0188669 0.00764488
 0.441952 0.408641 0.119325 0.0156186 0.0144631
pobs_PELACES
 0 0 0 0 0
 0 0 0 0 0
 0 0 0 0 0
 0 0 0 0 0
 0 0 0 0 0
 0 0 0 0 0
 0 0 0 0 0
 0 0 0 0 0
 0 0 0 0 0
 0 0 0 0 0
 0 0 0 0 0
 0 0 0 0 0
 0 0 0 0 0
 0 0 0 0 0
 0 0 0 0 0
 0 0 0 0 0
 0.505614 0.472636 0.0217494 0 0
 0 0 0 0 0
 0.443492 0.261883 0.143347 0.151278 0
 0.227955 0.32914 0.350689 0.0885471 0.00366901
 0.970185 0.0296113 0.000203453 0 0
 0.997202 0.00247181 0.000326279 0 0
 0.445219 0.490057 0.0546422 0.010081 0
 0.90214 0.0892962 0.00764917 0.000914606 0
 0 0 0 0 0
 0.581667 0.319106 0.0959925 0.00289975 0.000334073
 0.762889 0.0836404 0.116647 0.0363945 0.000428098
 0.88444 0.0763242 0.0277011 0.0115352 0
 0.521256 0.241999 0.230069 0.00667565 0
ppred_PELACES
 0.563875 0.12007 0.296114 0.0199408 7.43282e-07
 0.515605 0.278924 0.0566157 0.139463 0.00939157
 0.661427 0.179282 0.09179 0.0186003 0.0489005
 0.801612 0.133786 0.034238 0.0174979 0.0128666
 0.72764 0.220897 0.0347285 0.00886936 0.00786514
 0.813145 0.13767 0.0398991 0.00626614 0.0030193
 0.560469 0.361309 0.0576608 0.0166801 0.00388151
 0.536662 0.267492 0.161069 0.0256362 0.00914055
 0.63374 0.200879 0.0955195 0.057456 0.0124048
 0.7976 0.131436 0.0389646 0.0184831 0.0135165
 0.876489 0.099848 0.015381 0.00454785 0.00373443
 0.812866 0.165024 0.0178784 0.00275063 0.00148106
 0.767743 0.191237 0.0361846 0.00390959 0.000925246
 0.739166 0.203713 0.0470577 0.00887778 0.00118604
 0.823916 0.133172 0.0335444 0.00771733 0.0016501
 0.959114 0.0341239 0.0051179 0.00128524 0.000358855
 0.445561 0.533145 0.0177794 0.00266028 0.000854501
 0.936816 0.0290337 0.0328405 0.00109325 0.000216105
 0.670344 0.309937 0.00906968 0.0102405 0.000408255
 0.712816 0.196497 0.0852737 0.00248979 0.00292295
 0.79291 0.150139 0.0389916 0.0168874 0.00107182
 0.810374 0.152106 0.0272145 0.00705531 0.00324935
 0.386716 0.502402 0.088977 0.0158892 0.00601581
 0.800703 0.0794424 0.0982084 0.0173702 0.00427607
 0.701533 0.241279 0.0228125 0.0281672 0.00620805
 0.50736 0.350472 0.114954 0.010856 0.0163577
 0.790709 0.108602 0.0716534 0.0234776 0.00555772
 0.723339 0.220913 0.0289441 0.0190748 0.00772908
 0.437954 0.411681 0.120092 0.0157178 0.0145549
pobs_pel_tallas
 0 0 0 0 0 0 0 0 0 0 0 0 0 0 0 0 0 0 0 0 0 0 0 0 0 0
 0 0 0 0 0 0 0 0 0 0 0 0 0 0 0 0 0 0 0 0 0 0 0 0 0 0
 0 0 0 0 0 0 0 0 0 0 0 0 0 0 0 0 0 0 0 0 0 0 0 0 0 0
 0 0 0 0 0 0 0 0 0 0 0 0 0 0 0 0 0 0 0 0 0 0 0 0 0 0
 0 0 0 0 0 0 0 0 0 0 0 0 0 0 0 0 0 0 0 0 0 0 0 0 0 0
 0 0 0 0 0 0 0 0 0 0 0 0 0 0 0 0 0 0 0 0 0 0 0 0 0 0
 0 0 0 0 0 0 0 0 0 0 0 0 0 0 0 0 0 0 0 0 0 0 0 0 0 0
 0 0 0 0 0 0 0 0 0 0 0 0 0 0 0 0 0 0 0 0 0 0 0 0 0 0
 0 0 0 0 0 0 0 0 0 0 0 0 0 0 0 0 0 0 0 0 0 0 0 0 0 0
 0 0 0 0 0 0 0 0 0 0 0 0 0 0 0 0 0 0 0 0 0 0 0 0 0 0
 0 0 0 0 0 0 0 0 0 0 0 0 0 0 0 0 0 0 0 0 0 0 0 0 0 0
 0 0 0 0 0 0 0 0 0 0 0 0 0 0 0 0 0 0 0 0 0 0 0 0 0 0
 0.00862536 0 0 0.000197151 0.00414017 0.0128641 0.00837892 0.0270097 0.101434 0.158115 0.152841 0.127902 0.109271 0.109419 0.0830992 0.0579132 0.0238553 0.00714673 0.00463305 0.00128148 0.00103504 0.000492878 0.000147863 0.000147863 4.92878e-05 0
 0 0 0 0 0 0 0 0 0 0 0 0 0 0 0 0 0 0 0 0 0 0 0 0 0 0
 0 0 0 0 0 0 0 0.0054083 0.00873648 0.0413646 0.0450493 0.0745869 0.0622846 0.0627006 0.0613931 0.0827291 0.12552 0.122667 0.0946155 0.0697135 0.0546179 0.0294188 0.0215738 0.0213955 0.0102223 0.00600262
 0 0 0 0 0.00359764 0.0251062 0.0480494 0.140153 0.205849 0.193036 0.1447 0.116669 0.0760912 0.0342217 0.00950174 0.001854 0.000860785 0 0 0 0.000165536 0 0.000143464 0 0 0
 0 0 0 0 0 0 0 0.000145254 0.000435761 0.0275982 0.070085 0.0708112 0.156366 0.174668 0.174014 0.160142 0.0824315 0.0480064 0.0283245 0.00493863 0.00203355 0 0 0 0 0
 0 0 0 0 0 0 0 0 0 0 0 0 0 0 0 0 0 0 0 0 0 0 0 0 0 0
 0 0 1.00437e-05 0.000401748 0.00122533 0.00171747 0.00176769 0.0269171 0.070346 0.194647 0.189555 0.159765 0.064822 0.0314167 0.0384472 0.0292271 0.0345202 0.0313363 0.0194345 0.0106764 0.0143323 0.0359363 0.0279516 0.0138201 0.00172751 0
 0 0.0021121 0.0136068 0.0755702 0.200478 0.177729 0.0527432 0.0373336 0.0318909 0.0142505 0.0149659 0.0166563 0.0217959 0.0798694 0.0677717 0.0528807 0.04013 0.0224614 0.0357745 0.0225083 0.00881397 0.00855152 0.00135912 0.000746735 0 0
 0 0 0 0 5.4009e-05 0.00500934 0.000945158 0.0243581 0.138947 0.33067 0.221406 0.137944 0.0707744 0.0437923 0.0131692 0.00525238 0.0047753 0.00276346 9.45158e-05 9.00151e-06 2.25038e-05 9.00151e-06 4.50075e-06 0 0 0
 0.000866109 0.00284123 0.00948549 0.0512746 0.133035 0.25785 0.225252 0.132002 0.0553304 0.0519788 0.0540692 0.017754 0.00435017 0.00159236 0.00146478 0.000404838 0.000125132 0.000115318 0.000107957 0.000100596 0 0 0 0 0 0
 0 0 0 0 0.00144013 0.00171154 0.00461396 0.0210425 0.0478622 0.0707936 0.0888783 0.103762 0.0637923 0.0337046 0.0602308 0.124433 0.169614 0.0934646 0.0462172 0.0250306 0.0313229 0.00938855 0.002487 0.000210481 0 0
 0 0.00764035 0.051015 0.0998891 0.058973 0.0496711 0.0374665 0.0718981 0.12319 0.153886 0.159021 0.0857701 0.0377988 0.023471 0.0147837 0.00900784 0.00315554 0.000888139 0.00291439 0.00214683 0.00393193 0.00274676 0.000635225 9.99891e-05 0 0
 0 0 0 0 0 0 0 0 0 0 0 0 0 0 0 0 0 0 0 0 0 0 0 0 0 0
 0 0 0 0 0 0 0 0 0 0 0 0 0 0 0 0 0 0 0 0 0 0 0 0 0 0
 0 0 0 0 0 0 0 0 0 0 0 0 0 0 0 0 0 0 0 0 0 0 0 0 0 0
 0 0 0 0 0 0 0 0 0 0 0 0 0 0 0 0 0 0 0 0 0 0 0 0 0 0
 0 0 0 0 0 0 0 0 0 0 0 0 0 0 0 0 0 0 0 0 0 0 0 0 0 0
ppred_pel_tallas
 1.10576e-16 4.64457e-05 0.000451468 0.00300017 0.0136383 0.042434 0.0904105 0.131959 0.131971 0.0904694 0.0426329 0.0142186 0.0044776 0.00374586 0.00650524 0.011207 0.0173613 0.02437 0.0315584 0.0384643 0.0448397 0.0502959 0.0539856 0.0547686 0.0518422 0.0453458
 1.17281e-16 4.24698e-05 0.000412821 0.00274334 0.0124709 0.0388016 0.0826719 0.120668 0.120695 0.0828037 0.0392443 0.0137505 0.00595976 0.00744935 0.0134529 0.0223033 0.0324519 0.0415537 0.0473086 0.0488145 0.0471555 0.0446278 0.0431915 0.0433449 0.0441227 0.04396
 1.12836e-16 5.44809e-05 0.000529574 0.0035192 0.0159978 0.0497752 0.106052 0.15479 0.154807 0.106137 0.0500611 0.0168253 0.00560206 0.00509605 0.0087853 0.0145925 0.0213852 0.027686 0.0320357 0.0338057 0.0335529 0.0325484 0.0318661 0.0317624 0.0317293 0.0310043
 1.04955e-16 6.60277e-05 0.000641813 0.00426507 0.0193884 0.0603246 0.128528 0.187594 0.187607 0.128592 0.0605368 0.0200017 0.00580621 0.00401149 0.0064818 0.0106546 0.015447 0.0196542 0.0221024 0.022274 0.0206122 0.0181947 0.0160407 0.0145946 0.0136928 0.012888
 1.0328e-16 5.99348e-05 0.000582588 0.0038715 0.0175993 0.054758 0.116669 0.170286 0.170307 0.116773 0.0551075 0.0186087 0.00640575 0.00611613 0.0105729 0.0173946 0.0250767 0.0315891 0.0349055 0.0340966 0.0298793 0.0241169 0.0186879 0.0146048 0.0118925 0.0100398
 1.02327e-16 6.69777e-05 0.000651047 0.00432644 0.0196674 0.0611926 0.130378 0.190293 0.190306 0.130443 0.061411 0.0202985 0.00591233 0.00411826 0.00666705 0.0109557 0.015868 0.0201472 0.0225535 0.0225064 0.0204062 0.017319 0.0142931 0.0118547 0.0099778 0.00838728
 1.04087e-16 4.61651e-05 0.000448742 0.00298205 0.013556 0.0421779 0.0898657 0.131169 0.131204 0.0900359 0.0427495 0.0152071 0.00712719 0.00949962 0.0172413 0.0284459 0.0410096 0.0516486 0.0570415 0.055653 0.0486348 0.0390139 0.0298519 0.0228157 0.0179856 0.0145899
 1.08835e-16 4.42042e-05 0.000429681 0.00285538 0.0129802 0.0403862 0.0860481 0.125595 0.125621 0.0861752 0.0408134 0.0142164 0.00596795 0.0072561 0.0131017 0.0218325 0.032013 0.0414416 0.047868 0.0502067 0.0490692 0.0461135 0.0427908 0.0395505 0.0359997 0.0316236
 1.1067e-16 5.22004e-05 0.000507406 0.0033719 0.0153282 0.0476917 0.101613 0.148311 0.148331 0.101708 0.0480119 0.0162548 0.00570415 0.0056197 0.00982381 0.0163242 0.0239066 0.0309131 0.0356955 0.0375302 0.0370127 0.0355287 0.0342383 0.0333999 0.0324616 0.0306608
 1.053e-16 6.56973e-05 0.000638601 0.00424373 0.0192914 0.0600227 0.127885 0.186655 0.186668 0.127947 0.0602314 0.0198946 0.00575986 0.00395505 0.00638436 0.0105045 0.0152553 0.0194647 0.0219913 0.0223317 0.0209129 0.0187687 0.0168619 0.015588 0.0147571 0.0139216
 1.01558e-16 7.21952e-05 0.000701763 0.00466347 0.0211994 0.0659594 0.140534 0.205115 0.205125 0.140581 0.0661173 0.0216557 0.00580892 0.00320285 0.00482387 0.0078651 0.0113341 0.0142775 0.0157775 0.0154155 0.0135175 0.0109278 0.00849613 0.00667851 0.00548185 0.00466886
 1.01085e-16 6.69547e-05 0.000650824 0.00432495 0.0196606 0.0611716 0.130333 0.190228 0.190244 0.130411 0.0614323 0.0204137 0.00621472 0.00477465 0.00789424 0.0129326 0.0185944 0.0233211 0.025571 0.0246311 0.0210386 0.0162176 0.011635 0.00812915 0.00579756 0.00431134
 1.01642e-16 6.3238e-05 0.000614696 0.00408487 0.0185693 0.0577759 0.123098 0.17967 0.179688 0.123189 0.0580786 0.0194437 0.00628036 0.00540943 0.009175 0.0150826 0.0217538 0.0274219 0.030324 0.0296349 0.0259397 0.0208098 0.0158409 0.0119128 0.00909737 0.00704255
 1.02502e-16 6.08841e-05 0.000591816 0.00393282 0.0178781 0.0556254 0.118516 0.172982 0.173002 0.118613 0.0559481 0.0188106 0.00627501 0.0057094 0.00979346 0.0161289 0.023309 0.0294788 0.0327822 0.0323513 0.0287978 0.0237532 0.0188492 0.0149466 0.0120628 0.00980114
 1.02056e-16 6.78649e-05 0.000659671 0.00438375 0.0199279 0.0620031 0.132105 0.192813 0.192826 0.132168 0.0622142 0.0205379 0.00591611 0.00400869 0.00643961 0.0105682 0.0152867 0.0193683 0.0216074 0.0214424 0.0192722 0.016151 0.0131224 0.0107193 0.00892583 0.00746583
 1.00347e-16 7.9001e-05 0.000767918 0.00510308 0.0231979 0.0721772 0.153781 0.224449 0.224452 0.153797 0.0722312 0.0233538 0.00549443 0.00162231 0.0017019 0.00268918 0.00386765 0.00486651 0.00536654 0.00522186 0.0045415 0.00361295 0.0027283 0.00204849 0.00158422 0.00126424
 1.01061e-16 3.67004e-05 0.000356741 0.00237067 0.0107768 0.0335308 0.0714427 0.104284 0.104335 0.0716933 0.0343719 0.0132049 0.00846093 0.0136364 0.0252116 0.0415021 0.0595004 0.0742303 0.0806447 0.0764161 0.0633537 0.0462522 0.0301301 0.0179763 0.0102835 0.00599892
 1.01102e-16 7.71643e-05 0.000750065 0.00498444 0.0226586 0.0704992 0.150206 0.219231 0.219234 0.15022 0.070546 0.0227944 0.00532756 0.00150608 0.0015334 0.00246593 0.00366768 0.00486656 0.00583203 0.00644184 0.00672155 0.00677231 0.00665463 0.00633922 0.00576076 0.00490989
 1.01438e-16 5.52154e-05 0.000536714 0.00356665 0.0162135 0.0504464 0.107482 0.15688 0.15691 0.107628 0.0509354 0.0176252 0.00710751 0.00825783 0.0146939 0.0241389 0.034615 0.0432111 0.0470054 0.0446628 0.0372521 0.0275673 0.0185122 0.011784 0.00760744 0.00530493
 1.03256e-16 5.87138e-05 0.000570719 0.00379263 0.0172407 0.0536425 0.114292 0.166816 0.166835 0.114385 0.053955 0.0181446 0.0060656 0.00554634 0.00954826 0.0157958 0.0229878 0.0294011 0.0332956 0.0338281 0.0314894 0.0276555 0.0236526 0.0201056 0.0169608 0.0139353
 1.03039e-16 6.5311e-05 0.000634846 0.00421878 0.019178 0.0596698 0.127133 0.185558 0.185572 0.127204 0.0599079 0.019866 0.00594751 0.00441395 0.0072581 0.011937 0.0172869 0.0219461 0.0245713 0.0245454 0.0223266 0.0190967 0.0160035 0.0135983 0.0118036 0.0102566
 1.02082e-16 6.67495e-05 0.000648829 0.0043117 0.0196004 0.0609841 0.129934 0.189645 0.18966 0.130005 0.0612248 0.0202958 0.00605789 0.00446241 0.00731429 0.0119991 0.0173089 0.0218304 0.0241695 0.0236838 0.0208552 0.0169462 0.0132263 0.0103748 0.00840698 0.0069888
 1.05308e-16 3.18534e-05 0.000309626 0.00205758 0.00935348 0.0291024 0.0620076 0.090512 0.0905605 0.0622443 0.0298975 0.0116502 0.00782391 0.0129019 0.0239596 0.0395925 0.0571071 0.07197 0.079565 0.0777441 0.0680775 0.0547305 0.0419213 0.0319542 0.0249689 0.0199565
 1.05321e-16 6.59529e-05 0.000641085 0.00426024 0.0193664 0.0602562 0.128382 0.18738 0.187387 0.128421 0.0603847 0.0197395 0.00520358 0.00272293 0.00408588 0.00682332 0.0102269 0.0137062 0.0166843 0.0188665 0.0203361 0.0213354 0.0219381 0.0219245 0.0209618 0.0189004
 1.04596e-16 5.77844e-05 0.000561685 0.0037326 0.0169679 0.0527934 0.112483 0.164177 0.1642 0.112596 0.0531748 0.0180692 0.00649688 0.00659522 0.0115143 0.0189397 0.0272721 0.0342948 0.037803 0.0368145 0.0321721 0.0259839 0.0203546 0.0163839 0.0140149 0.012547
 1.07264e-16 4.17907e-05 0.00040622 0.00269948 0.0122715 0.0381812 0.0813504 0.11874 0.118774 0.081516 0.0387376 0.0138798 0.00674151 0.0092465 0.0168794 0.0279653 0.0405754 0.0516398 0.0580346 0.0582925 0.0534144 0.0460622 0.0388296 0.0329787 0.0283909 0.0243503
 1.05391e-16 6.51297e-05 0.000633084 0.00420706 0.0191247 0.0595041 0.12678 0.185042 0.185052 0.126832 0.0596778 0.0196277 0.00547432 0.00341505 0.00539441 0.00893553 0.0131495 0.0171354 0.0200132 0.0213744 0.0214787 0.0209719 0.0203685 0.0197366 0.0187897 0.0172172
 1.04113e-16 5.95805e-05 0.000579144 0.00384862 0.0174953 0.0544344 0.115979 0.169279 0.1693 0.116083 0.0547837 0.0185044 0.00638193 0.00611006 0.0105661 0.0173806 0.0250508 0.0315499 0.0348613 0.0340768 0.0299433 0.0243537 0.0191987 0.0154691 0.0131289 0.0115824
 1.07611e-16 3.60738e-05 0.00035065 0.0023302 0.0105928 0.0329582 0.0702224 0.1025 0.10254 0.0704168 0.0336113 0.0124803 0.00707286 0.0107197 0.0197749 0.0327555 0.0474636 0.0602751 0.0674975 0.0674017 0.0611916 0.0520612 0.0431479 0.03602 0.030585 0.0259949
pSPR Fmed_Fpbrs
0.528092   0.6 0.325
Fs Fmed_Fpbrs
0.373404   0.291588 0.718155
SSBpbr Bo_Bmed_Bpbrs
1.51371e+06  723691  832539 416268
Ro
139866
SPR SPRFo_SPRFmed_SPRFpbrs
994024 524936 323057
Fref
0.291588
log_Ro
11.6684
likeval ReclasPelacesDesembMPH_pf_preclas_ppelaces_ptallas_desvR_qrecl_qpela
 12.2766 16.7042 0.0353881 0.000819267 217.23 105.4 75.1628 0 22.5895 3.77045e-06 1.27116e-05 0.178511 2.52516e-10 0 0
q_reclas_q_pelaces
1.31674 1.6607
M
1
N
 170110 36514.8 90301.6 6082.03 0.226706
 95300.9 53846.9 10987.9 27075 1823.28
 93988.3 26571.1 13675 2771.91 7287.5
 145715 26338.2 6793.85 3473.63 2554.29
 117091 35686.2 5624.33 1436.61 1273.96
 214664 37613.4 10951.8 1720.43 828.989
 84680.1 61846.6 9980.5 2888.92 672.28
 35652.2 17650.6 10646.4 1694.68 604.241
 34838.8 11898.6 5700.66 3430.43 740.652
 46825.7 8690.14 2603.95 1235.92 903.847
 87582.5 9971 1539.27 455.19 373.778
 127355 28595.4 3127.26 481.382 259.205
 105871 28933 5523.07 597.034 141.298
 74624.9 24754.1 5807.33 1096.52 146.497
 68474.9 12527 3190.49 734.459 157.045
 368517 14322.5 2166.47 544.312 151.983
 69641.9 87514.3 2935.13 439.314 141.113
 588444 19040.6 21651.1 720.974 142.519
 329356 164292 4844.48 5472.14 218.162
 277882 81772.2 35731.2 1043.66 1225.26
 362283 71661.9 18710.1 8105.82 514.474
 504352 100945 18183.9 4715.91 2171.97
 97987.1 130576 23218.5 4147.21 1570.2
 288442 29146.8 36158.4 6396.63 1574.69
 251265 88007.2 8350.06 10312.1 2272.81
 110144 76687.3 25222.8 2382.36 3589.74
 249887 34882.8 23092.2 7567.73 1791.48
 249028 76815.5 10093.6 6653.04 2695.83
 82457.3 78289.3 22904.3 2998.26 2776.46
pred_Ctot
 15191.3 4270.76 10736.6 723.764 0.0269794
 14917.7 10861.7 2250.55 5550 373.763
 14472.4 5275.71 2757.12 559.32 1470.55
 31821.6 7297.42 1909.26 976.921 718.394
 9489.93 3795.35 608.158 155.477 137.881
 30014.8 6805.03 2012.5 316.406 152.467
 24284.1 22099.8 3612.85 1046.48 243.535
 2108.07 1376.54 844.468 134.542 47.9734
 7316.91 3177.3 1544.25 929.974 200.796
 13027.5 3019.52 916.72 435.409 318.432
 6288.8 941.546 147.801 43.7463 35.9238
 32009.8 9040.71 1002.25 154.389 83.1356
 25298.5 8724.91 1688.7 182.679 43.2357
 27301.2 11038.7 2619.53 494.909 66.1231
 19542.1 4456.37 1149.81 264.872 56.638
 85547.4 4203.29 644.734 162.105 45.2647
 11581 18708.4 637.013 95.4211 30.6517
 91702.8 3824.4 4415.77 147.163 29.0916
 69875 44292.7 1324.88 1497.67 59.7112
 54055 20304.4 9002.87 263.166 308.969
 56823.9 14483.4 3839.66 1664.81 105.67
 97174.3 24838 4540.28 1178.41 542.755
 12064.3 20886.6 3773.32 674.546 255.404
 31587.3 4160.38 5244.9 928.647 228.62
 27474.6 12543.6 1209.43 1494.89 329.493
 9805.03 8941.52 2989.63 282.625 425.878
 26351.5 4799.33 3228.87 1059.07 250.721
 23188.5 9359.49 1250.14 824.72 334.194
 7686.06 9548.77 2839.66 372.046 344.539
F
 0.150302 0.200919 0.204545 0.204739 0.204749
 0.277217 0.370575 0.377262 0.377621 0.37764
 0.272152 0.363805 0.370369 0.370721 0.37074
 0.406889 0.543917 0.553732 0.554258 0.554286
 0.135594 0.181258 0.184528 0.184704 0.184713
 0.244415 0.326727 0.332623 0.332939 0.332956
 0.568111 0.759433 0.773137 0.773872 0.773911
 0.0973904 0.130189 0.132538 0.132664 0.13267
 0.388542 0.519391 0.528764 0.529266 0.529293
 0.546751 0.730881 0.744069 0.744776 0.744814
 0.119336 0.159525 0.162403 0.162558 0.162566
 0.481991 0.644311 0.655938 0.656561 0.656594
 0.453229 0.605864 0.616796 0.617382 0.617413
 0.784589 1.04882 1.06774 1.06876 1.06881
 0.564634 0.754786 0.768406 0.769136 0.769175
 0.437683 0.585082 0.59564 0.596206 0.596236
 0.296793 0.396745 0.403904 0.404288 0.404308
 0.27584 0.368734 0.375388 0.375745 0.375763
 0.393201 0.525619 0.535104 0.535612 0.535639
 0.355238 0.474872 0.483441 0.483901 0.483925
 0.277849 0.37142 0.378122 0.378482 0.378501
 0.351316 0.469628 0.478103 0.478557 0.478581
 0.21249 0.28405 0.289176 0.289451 0.289465
 0.187076 0.250077 0.25459 0.254832 0.254845
 0.186771 0.24967 0.254176 0.254417 0.25443
 0.149795 0.200242 0.203855 0.204049 0.204059
 0.179603 0.240089 0.244421 0.244653 0.244666
 0.157156 0.210082 0.213872 0.214076 0.214086
 0.157331 0.210315 0.21411 0.214313 0.214324
nmprior
 8 9 7.5 0
nm_flota  nm_reclas  nm_pelaces    nm_pelaL
inf 13.0535 17.2899 22.9917
cv_recla  cv_pelaces  cv_mph
0.3324 0.500563 0.88332
 ------------------------------------------------
Talla a la edad & desviación 
 8 13.2811 15.8009 17.003 17.5766
 0.8 1.32811 1.58009 1.7003 1.75766
