years
 1991 1992 1993 1994 1995 1996 1997 1998 1999 2000 2001 2002 2003 2004 2005 2006 2007 2008 2009 2010 2011 2012 2013 2014 2015 2016 2017 2018 2019 2020
reclasobs
 0 0 0 0 0 0 0 0 0 252601 567819 844713 477998 351125 339783 2.1784e+06 2.13404e+06 4.81314e+06 1.55562e+06 2.62356e+06 3.21686e+06 3.843e+06 1.13348e+06 3.07943e+06 1.97215e+06 2.03268e+06 2.025e+06 2.42433e+06 2.27542e+06 1.05018e+06
reclaspred
 3.14558e+06 1.71798e+06 869946 890734 902291 1.57028e+06 882379 759511 538931 366013 499422 681147 667336 493115 485209 1.3444e+06 1.18705e+06 3.03324e+06 2.42438e+06 1.79577e+06 3.1152e+06 2.52787e+06 1.90597e+06 3.03472e+06 2.24125e+06 1.96963e+06 2.38754e+06 2.59139e+06 2.03408e+06 1.20771e+06
pelacesobs
 0 0 0 0 0 0 0 0 0 0 0 0 0 0 0 552880 188675 0 991730 2.46772e+06 1.41603e+06 1.21717e+06 2.29649e+06 1.80582e+06 0 1.4828e+06 1.56532e+06 1.57751e+06 1.42118e+06 867257
pelacespred
 1.86371e+06 1.11037e+06 546540 439826 490242 861554 441176 497789 324177 200008 289089 328534 357846 266179 268986 622329 592632 1.68509e+06 1.40684e+06 957849 1.64318e+06 1.41203e+06 1.11938e+06 1.89489e+06 1.38273e+06 1.2231e+06 1.63938e+06 1.75366e+06 1.20221e+06 796422
mphobs
 0 0 0 0 0 0 0 0 0 0 0 498337 0 5186 125008 0 168611 109162 213762 579715 649985 157893 87575 83554 0 0 0 0 0 0
mphpred
 487521 326305 156599 86888.2 94820.7 113921 157323 84356.7 76169.5 47879.8 29557.4 61224.5 65869.7 53637.9 32655 41720.9 152449 133276 305190 215928 233106 285580 270752 213822 311027 254203 206828 225602 324678 206962
desembarqueobs
 494567 514787 250237 358949 120608 361735 552515 73892 212993 205616 52469 317467 293654 387597 252695 516296 358380 742168 942051 627588 828172 859565 418607 520667 417249 300574 407403 355545 319650 289779
desembarquepred
 494571 513859 250666 358985 120614 361742 552536 73897.4 213053 205671 52471.9 317528 293688 387574 252669 516223 358412 742019 941762 627376 828254 859539 418607 520691 417236 300571 407396 355518 319632 289786
Reclutas
 169567 93828.2 94300.7 142379 115321 212454 83191.8 35249.7 34695.1 46763.6 87685.9 127176 105860 74419.7 68426.4 365621 71664.6 582953 332603 270806 362811 498511 96286.7 288599 243613 107483 242390 272308 75343.5 57181.7
log_desv_Rt
 0.229746 -0.362034 -0.357012 0.0549915 -0.155778 0.455225 -0.482351 -1.34104 -1.3569 -1.05839 -0.429738 -0.0579287 -0.24138 -0.593779 -0.677741 0.998097 -0.631503 1.46461 0.903451 0.697902 0.990384 1.30813 -0.33617 0.761537 0.592079 -0.226164 0.587048 0.703433 -0.581442 -0.857266
SSB
 2.00618e+06 1.34276e+06 644415 357550 390193 468793 647393 347133 313442 197028 121630 251942 271058 220723 134377 171684 627336 548440 1.25587e+06 888556 959246 1.17518e+06 1.11416e+06 879890 1.2799e+06 1.04606e+06 851108 928364 1.33607e+06 851662
BT
 2.841e+06 1.94754e+06 954111 901135 760274 1.51597e+06 1.07832e+06 744188 651133 471637 453482 722923 764223 776833 637197 1.31911e+06 1.07889e+06 3.07476e+06 2.83649e+06 1.85956e+06 2.97509e+06 2.73703e+06 1.86117e+06 3.15458e+06 2.24742e+06 1.9143e+06 2.71312e+06 2.81476e+06 1.84564e+06 1.33163e+06
Ftot
 0.209085 0.385821 0.378981 0.576129 0.191877 0.347072 0.801296 0.137841 0.549478 0.771045 0.168307 0.673275 0.631041 1.09699 0.794555 0.624045 0.409952 0.389958 0.546391 0.499284 0.390346 0.493729 0.296609 0.263281 0.262143 0.21184 0.258771 0.211859 0.205976 0.318701
BD_Bspro_t
 0.967227 0.776581 0.569317 0.469532 0.462762 0.558163 0.560311 0.365518 0.422451 0.360596 0.317378 0.576261 0.455441 0.360047 0.246812 0.297004 0.488402 0.442891 0.577926 0.462756 0.434746 0.482016 0.497794 0.478822 0.603331 0.61179 0.617727 0.666564 0.727514 0.633684
BD_Bspro
 2.09134 1.39976 0.67177 0.372728 0.406756 0.488693 0.674875 0.361868 0.326747 0.205392 0.126794 0.262637 0.282564 0.230093 0.140082 0.178972 0.653966 0.571721 1.30918 0.926275 0.999966 1.22507 1.16146 0.917241 1.33423 1.09046 0.887237 0.967773 1.39279 0.887815
BD_Bo
 1.33074 0.89068 0.427453 0.23717 0.258822 0.310959 0.429428 0.23026 0.207912 0.130693 0.0806798 0.167118 0.179798 0.14641 0.0891351 0.113881 0.416124 0.363791 0.833045 0.589396 0.636286 0.779519 0.739045 0.583648 0.848979 0.693872 0.564556 0.615801 0.886241 0.564924
BD_Brms
 2.41952 1.61942 0.777187 0.431218 0.470586 0.565381 0.780778 0.418654 0.378022 0.237623 0.14669 0.303851 0.326905 0.2662 0.162064 0.207057 0.756589 0.661437 1.51463 1.07163 1.15688 1.41731 1.34372 1.06118 1.5436 1.26158 1.02647 1.11964 1.61135 1.02713
Sel_flota
 0.702173 0.978164 0.998826 0.999938 0.999997
 0.702173 0.978164 0.998826 0.999938 0.999997
 0.702173 0.978164 0.998826 0.999938 0.999997
 0.702173 0.978164 0.998826 0.999938 0.999997
 0.702173 0.978164 0.998826 0.999938 0.999997
 0.702173 0.978164 0.998826 0.999938 0.999997
 0.702173 0.978164 0.998826 0.999938 0.999997
 0.702173 0.978164 0.998826 0.999938 0.999997
 0.702173 0.978164 0.998826 0.999938 0.999997
 0.702173 0.978164 0.998826 0.999938 0.999997
 0.702173 0.978164 0.998826 0.999938 0.999997
 0.702173 0.978164 0.998826 0.999938 0.999997
 0.702173 0.978164 0.998826 0.999938 0.999997
 0.702173 0.978164 0.998826 0.999938 0.999997
 0.702173 0.978164 0.998826 0.999938 0.999997
 0.702173 0.978164 0.998826 0.999938 0.999997
 0.702173 0.978164 0.998826 0.999938 0.999997
 0.702173 0.978164 0.998826 0.999938 0.999997
 0.702173 0.978164 0.998826 0.999938 0.999997
 0.702173 0.978164 0.998826 0.999938 0.999997
 0.702173 0.978164 0.998826 0.999938 0.999997
 0.702173 0.978164 0.998826 0.999938 0.999997
 0.702173 0.978164 0.998826 0.999938 0.999997
 0.702173 0.978164 0.998826 0.999938 0.999997
 0.702173 0.978164 0.998826 0.999938 0.999997
 0.702173 0.978164 0.998826 0.999938 0.999997
 0.702173 0.978164 0.998826 0.999938 0.999997
 0.702173 0.978164 0.998826 0.999938 0.999997
 0.702173 0.978164 0.998826 0.999938 0.999997
 0.702173 0.978164 0.998826 0.999938 0.999997
Sel_reclas
 1 1 1 1 1
 1 1 1 1 1
 1 1 1 1 1
 1 1 1 1 1
 1 1 1 1 1
 1 1 1 1 1
 1 1 1 1 1
 1 1 1 1 1
 1 1 1 1 1
 1 1 1 1 1
 1 1 1 1 1
 1 1 1 1 1
 1 1 1 1 1
 1 1 1 1 1
 1 1 1 1 1
 1 1 1 1 1
 1 1 1 1 1
 1 1 1 1 1
 1 1 1 1 1
 1 1 1 1 1
 1 1 1 1 1
 1 1 1 1 1
 1 1 1 1 1
 1 1 1 1 1
 1 1 1 1 1
 1 1 1 1 1
 1 1 1 1 1
 1 1 1 1 1
 1 1 1 1 1
 1 1 1 1 1
Sel_pelaces
 0.851688 0.966555 0.993171 0.998636 0.999729
 0.851688 0.966555 0.993171 0.998636 0.999729
 0.851688 0.966555 0.993171 0.998636 0.999729
 0.851688 0.966555 0.993171 0.998636 0.999729
 0.851688 0.966555 0.993171 0.998636 0.999729
 0.851688 0.966555 0.993171 0.998636 0.999729
 0.851688 0.966555 0.993171 0.998636 0.999729
 0.851688 0.966555 0.993171 0.998636 0.999729
 0.851688 0.966555 0.993171 0.998636 0.999729
 0.851688 0.966555 0.993171 0.998636 0.999729
 0.851688 0.966555 0.993171 0.998636 0.999729
 0.851688 0.966555 0.993171 0.998636 0.999729
 0.851688 0.966555 0.993171 0.998636 0.999729
 0.851688 0.966555 0.993171 0.998636 0.999729
 0.851688 0.966555 0.993171 0.998636 0.999729
 0.851688 0.966555 0.993171 0.998636 0.999729
 0.851688 0.966555 0.993171 0.998636 0.999729
 0.851688 0.966555 0.993171 0.998636 0.999729
 0.851688 0.966555 0.993171 0.998636 0.999729
 0.851688 0.966555 0.993171 0.998636 0.999729
 0.851688 0.966555 0.993171 0.998636 0.999729
 0.851688 0.966555 0.993171 0.998636 0.999729
 0.851688 0.966555 0.993171 0.998636 0.999729
 0.851688 0.966555 0.993171 0.998636 0.999729
 0.851688 0.966555 0.993171 0.998636 0.999729
 0.851688 0.966555 0.993171 0.998636 0.999729
 0.851688 0.966555 0.993171 0.998636 0.999729
 0.851688 0.966555 0.993171 0.998636 0.999729
 0.851688 0.966555 0.993171 0.998636 0.999729
 0.851688 0.966555 0.993171 0.998636 0.999729
pf_obs 
 0.8446 0.082 0.0669 0.0065 0
 0.8095 0.147 0.0364 0.0071 0
 0.9664 0.0169 0.016 0.0007 0
 0.9276 0.0648 0.0075 0.0001 0
 0.7033 0.2144 0.0806 0.0017 0
 0.9318 0.0425 0.0243 0.0014 0
 0.5671 0.3108 0.0964 0.0239 0.0018
 0.0768 0.2599 0.5324 0.112 0.0189
 0.490249 0.384438 0.106611 0.0170017 0.00170017
 0.7925 0.1577 0.0466 0.003 0.0002
 0.840416 0.127587 0.0312969 0.00059994 9.999e-05
 0.8084 0.0986 0.0794 0.0134 0.0002
 0.7335 0.1905 0.0724 0.0035 0.0001
 0.4001 0.4547 0.1325 0.0127 0
 0.49795 0.308269 0.164784 0.0264974 0.00249975
 0.9179 0.0499 0.0305 0.0017 0
 0.2467 0.6533 0.0926 0.0074 0
 0.9418 0.0223 0.034 0.0019 0
 0.707729 0.231977 0.0356964 0.0245975 0
 0.517169 0.277429 0.184464 0.0207286 0.00020938
 0.811772 0.124168 0.05621 0.00726502 0.000585176
 0.764997 0.148141 0.077277 0.00933861 0.000247198
 0.163321 0.427699 0.378323 0.0303852 0.000271297
 0.753843 0.0900009 0.118128 0.0371064 0.000921714
 0.721811 0.176058 0.0630433 0.0369309 0.00215725
 0.143369 0.312575 0.442814 0.0836902 0.0175525
 0.692698 0.0596174 0.167031 0.0765114 0.00414204
 0.394062 0.376323 0.152708 0.0712218 0.00568511
 0.125707 0.32114 0.495352 0.0537591 0.00404204
 0.23352 0.215282 0.420074 0.123614 0.00750983
pf_pred 
 0.483748 0.139986 0.352298 0.0239677 8.63515e-07
 0.428194 0.328396 0.0670961 0.165095 0.0112188
 0.584472 0.218141 0.114604 0.0228411 0.0599416
 0.733871 0.179682 0.0459295 0.0235384 0.0169792
 0.661496 0.273352 0.0443871 0.0110402 0.00972477
 0.758406 0.177527 0.0519608 0.00825127 0.00385536
 0.464761 0.439571 0.0707569 0.0202093 0.00470243
 0.460201 0.312202 0.187939 0.0293439 0.0103143
 0.550676 0.245607 0.11891 0.0700439 0.0147631
 0.731625 0.174863 0.0517583 0.0243867 0.0173672
 0.838704 0.130894 0.0200203 0.00575042 0.0046313
 0.750391 0.219752 0.0243317 0.00364006 0.00188531
 0.696042 0.250112 0.0475687 0.00511717 0.00116021
 0.649126 0.273354 0.064107 0.0118509 0.00156151
 0.760783 0.181096 0.0456309 0.010332 0.00215759
 0.941942 0.0484554 0.00732404 0.00178987 0.000489096
 0.373291 0.60245 0.0203412 0.00298944 0.00092879
 0.911495 0.0412798 0.0454412 0.00149617 0.000287809
 0.592762 0.3822 0.0118343 0.0127063 0.000498169
 0.628053 0.255414 0.109553 0.00330167 0.00367861
 0.735247 0.189873 0.0518431 0.0216583 0.00137798
 0.749165 0.201551 0.0355973 0.00948013 0.00420684
 0.31032 0.563457 0.101949 0.0175396 0.00673427
 0.744809 0.100437 0.126979 0.0224388 0.0053358
 0.622594 0.305206 0.0288207 0.035602 0.00777764
 0.426856 0.402822 0.138363 0.0127667 0.0191919
 0.730134 0.138952 0.0926298 0.0311082 0.00717636
 0.681813 0.253291 0.0337948 0.0220141 0.00908729
 0.325525 0.507786 0.133312 0.0173911 0.0159856
 0.419114 0.23649 0.26073 0.0669298 0.0167363
pobs_RECLAS
 0 0 0 0 0
 0 0 0 0 0
 0 0 0 0 0
 0 0 0 0 0
 0 0 0 0 0
 0 0 0 0 0
 0 0 0 0 0
 0 0 0 0 0
 0 0 0 0 0
 0 0 0 0 0
 0.991045 0.00858322 0.000360255 1.14367e-05 0
 0.934742 0.0480273 0.0164251 0.00080598 0
 0.827803 0.169806 0.00239088 0 0
 0.941827 0.0461693 0.0120037 0 0
 0.791401 0.0380133 0.147996 0.0225897 0
 0.846168 0.0940531 0.0597789 0 0
 0.134021 0.677848 0.182769 0.00536245 0
 0.80878 0.0450904 0.141981 0.00414843 0
 0.846168 0.0940531 0.0597789 0 0
 0.905697 0.0802665 0.012482 0.00150086 5.37128e-05
 0.989698 0.0102097 9.19794e-05 0 0
 0.975433 0.0193895 0.00387452 0.00125025 5.28907e-05
 0.303575 0.632131 0.0575291 0.00676475 0
 0.966965 0.00978017 0.0227588 0.000495775 0
 0.843318 0.132988 0.00938335 0.0141283 0.000182051
 0.564624 0.303363 0.111486 0.0197234 0.00080311
 0.826376 0.0876187 0.0782897 0.00655872 0.00115652
 0.89761 0.0855135 0.0140674 0.00269457 0.000114338
 0.34875 0.467042 0.161289 0.0227151 0.000203297
 0.318654 0.224769 0.449479 0.00709798 0
ppred_RECLAS
 0.571395 0.118041 0.290802 0.0197615 7.11931e-07
 0.515812 0.280751 0.0561249 0.13794 0.00937287
 0.666933 0.176701 0.0908332 0.0180824 0.0474507
 0.79774 0.137575 0.0343872 0.0176021 0.0126963
 0.733139 0.21639 0.0343975 0.00854581 0.00752716
 0.816266 0.13579 0.0388923 0.0061689 0.00288221
 0.555758 0.366365 0.0576176 0.0164361 0.00382421
 0.545966 0.26496 0.156159 0.0243546 0.00856004
 0.637151 0.200387 0.0948765 0.0558207 0.0117646
 0.797468 0.133047 0.0384807 0.0181084 0.0128953
 0.879582 0.0981167 0.0146917 0.00421511 0.00339458
 0.811261 0.166616 0.0180333 0.00269455 0.0013955
 0.765916 0.193386 0.0359583 0.00386354 0.000875922
 0.730636 0.210995 0.0482809 0.00891361 0.0011744
 0.82102 0.136263 0.0335461 0.00758631 0.00158411
 0.958624 0.0346616 0.00512218 0.00125026 0.000341624
 0.45674 0.522672 0.0172659 0.00253453 0.000787405
 0.936237 0.0300869 0.0324055 0.00106573 0.000204995
 0.673927 0.306452 0.00927965 0.00995158 0.000390141
 0.706418 0.202998 0.0851639 0.00256361 0.00285611
 0.797495 0.146137 0.0390406 0.0162909 0.00103643
 0.809318 0.153888 0.0265845 0.00707154 0.00313783
 0.388204 0.501805 0.0888589 0.01527 0.0058625
 0.805795 0.0774412 0.0958276 0.0169146 0.00402193
 0.699191 0.244286 0.0225783 0.027859 0.00608572
 0.512191 0.345032 0.116012 0.0106922 0.0160724
 0.793209 0.1076 0.0702072 0.023551 0.00543268
 0.750943 0.19914 0.0260089 0.0169231 0.00698534
 0.404613 0.450619 0.115808 0.0150905 0.01387
 0.506764 0.203417 0.219474 0.0562745 0.014071
pobs_PELACES
 0 0 0 0 0
 0 0 0 0 0
 0 0 0 0 0
 0 0 0 0 0
 0 0 0 0 0
 0 0 0 0 0
 0 0 0 0 0
 0 0 0 0 0
 0 0 0 0 0
 0 0 0 0 0
 0 0 0 0 0
 0 0 0 0 0
 0 0 0 0 0
 0 0 0 0 0
 0 0 0 0 0
 0 0 0 0 0
 0.505614 0.472636 0.0217494 0 0
 0 0 0 0 0
 0.443492 0.261883 0.143347 0.151278 0
 0.227955 0.32914 0.350689 0.0885471 0.00366901
 0.970185 0.0296113 0.000203453 0 0
 0.997202 0.00247181 0.000326279 0 0
 0.445219 0.490057 0.0546422 0.010081 0
 0.90214 0.0892962 0.00764917 0.000914606 0
 0 0 0 0 0
 0.581667 0.319106 0.0959925 0.00289975 0.000334073
 0.762889 0.0836404 0.116647 0.0363945 0.000428098
 0.88444 0.0763242 0.0277011 0.0115352 0
 0.521256 0.241999 0.230069 0.00667565 0
 0.616807 0.101726 0.260614 0.0208532 0
ppred_PELACES
 0.540188 0.124256 0.314095 0.0214602 7.7397e-07
 0.48996 0.292197 0.059864 0.147918 0.0100618
 0.643251 0.18685 0.0984405 0.0197019 0.0517566
 0.784116 0.145618 0.0372533 0.01917 0.0138423
 0.71018 0.233763 0.0381324 0.00952518 0.00839895
 0.800517 0.146428 0.0429923 0.00685585 0.00320665
 0.541488 0.37659 0.060525 0.0173554 0.00404245
 0.514744 0.279963 0.169386 0.0265614 0.00934586
 0.616557 0.209321 0.101455 0.0600072 0.0126606
 0.78681 0.138871 0.0410546 0.0194205 0.0138445
 0.866694 0.108049 0.0166054 0.00479007 0.00386183
 0.800629 0.17551 0.0194297 0.00291844 0.00151309
 0.752543 0.203592 0.0387315 0.00418343 0.000949473
 0.724471 0.214856 0.0501418 0.00930435 0.0012272
 0.812084 0.14228 0.0357974 0.00813761 0.00170106
 0.955602 0.0370458 0.00560138 0.00137444 0.00037596
 0.434473 0.543568 0.0183992 0.00271533 0.000844492
 0.929731 0.0327243 0.0361206 0.00119427 0.00022997
 0.65648 0.322333 0.00999203 0.0107723 0.000422776
 0.687725 0.21431 0.0920714 0.00278628 0.00310756
 0.781152 0.156774 0.0429212 0.0180062 0.0011468
 0.795611 0.164136 0.0290378 0.0077652 0.00344936
 0.363746 0.519383 0.0943133 0.0162947 0.00626272
 0.78658 0.0837574 0.106306 0.0188656 0.00449073
 0.675977 0.261705 0.0248099 0.030778 0.0067307
 0.48341 0.362502 0.125061 0.0115887 0.0174391
 0.773533 0.116309 0.0778422 0.0262534 0.00606263
 0.729217 0.215265 0.0288475 0.0188719 0.00779823
 0.377386 0.468116 0.123444 0.0161728 0.014881
 0.478513 0.211746 0.234242 0.0603845 0.0151151
pobs_pel_tallas
 0 0 0 0 0 0 0 0 0 0 0 0 0 0 0 0 0 0 0 0 0 0 0 0 0 0
 0 0 0 0 0 0 0 0 0 0 0 0 0 0 0 0 0 0 0 0 0 0 0 0 0 0
 0 0 0 0 0 0 0 0 0 0 0 0 0 0 0 0 0 0 0 0 0 0 0 0 0 0
 0 0 0 0 0 0 0 0 0 0 0 0 0 0 0 0 0 0 0 0 0 0 0 0 0 0
 0 0 0 0 0 0 0 0 0 0 0 0 0 0 0 0 0 0 0 0 0 0 0 0 0 0
 0 0 0 0 0 0 0 0 0 0 0 0 0 0 0 0 0 0 0 0 0 0 0 0 0 0
 0 0 0 0 0 0 0 0 0 0 0 0 0 0 0 0 0 0 0 0 0 0 0 0 0 0
 0 0 0 0 0 0 0 0 0 0 0 0 0 0 0 0 0 0 0 0 0 0 0 0 0 0
 0 0 0 0 0 0 0 0 0 0 0 0 0 0 0 0 0 0 0 0 0 0 0 0 0 0
 0 0 0 0 0 0 0 0 0 0 0 0 0 0 0 0 0 0 0 0 0 0 0 0 0 0
 0 0 0 0 0 0 0 0 0 0 0 0 0 0 0 0 0 0 0 0 0 0 0 0 0 0
 0 0 0 0 0 0 0 0 0 0 0 0 0 0 0 0 0 0 0 0 0 0 0 0 0 0
 0.00862536 0 0 0.000197151 0.00414017 0.0128641 0.00837892 0.0270097 0.101434 0.158115 0.152841 0.127902 0.109271 0.109419 0.0830992 0.0579132 0.0238553 0.00714673 0.00463305 0.00128148 0.00103504 0.000492878 0.000147863 0.000147863 4.92878e-05 0
 0 0 0 0 0 0 0 0 0 0 0 0 0 0 0 0 0 0 0 0 0 0 0 0 0 0
 0 0 0 0 0 0 0 0.0054083 0.00873648 0.0413646 0.0450493 0.0745869 0.0622846 0.0627006 0.0613931 0.0827291 0.12552 0.122667 0.0946155 0.0697135 0.0546179 0.0294188 0.0215738 0.0213955 0.0102223 0.00600262
 0 0 0 0 0.00359764 0.0251062 0.0480494 0.140153 0.205849 0.193036 0.1447 0.116669 0.0760912 0.0342217 0.00950174 0.001854 0.000860785 0 0 0 0.000165536 0 0.000143464 0 0 0
 0 0 0 0 0 0 0 0.000145254 0.000435761 0.0275982 0.070085 0.0708112 0.156366 0.174668 0.174014 0.160142 0.0824315 0.0480064 0.0283245 0.00493863 0.00203355 0 0 0 0 0
 0 0 0 0 0 0 0 0 0 0 0 0 0 0 0 0 0 0 0 0 0 0 0 0 0 0
 0 0 1.00437e-05 0.000401748 0.00122533 0.00171747 0.00176769 0.0269171 0.070346 0.194647 0.189555 0.159765 0.064822 0.0314167 0.0384472 0.0292271 0.0345202 0.0313363 0.0194345 0.0106764 0.0143323 0.0359363 0.0279516 0.0138201 0.00172751 0
 0 0.0021121 0.0136068 0.0755702 0.200478 0.177729 0.0527432 0.0373336 0.0318909 0.0142505 0.0149659 0.0166563 0.0217959 0.0798694 0.0677717 0.0528807 0.04013 0.0224614 0.0357745 0.0225083 0.00881397 0.00855152 0.00135912 0.000746735 0 0
 0 0 0 0 5.4009e-05 0.00500934 0.000945158 0.0243581 0.138947 0.33067 0.221406 0.137944 0.0707744 0.0437923 0.0131692 0.00525238 0.0047753 0.00276346 9.45158e-05 9.00151e-06 2.25038e-05 9.00151e-06 4.50075e-06 0 0 0
 0.000866109 0.00284123 0.00948549 0.0512746 0.133035 0.25785 0.225252 0.132002 0.0553304 0.0519788 0.0540692 0.017754 0.00435017 0.00159236 0.00146478 0.000404838 0.000125132 0.000115318 0.000107957 0.000100596 0 0 0 0 0 0
 0 0 0 0 0.00144013 0.00171154 0.00461396 0.0210425 0.0478622 0.0707936 0.0888783 0.103762 0.0637923 0.0337046 0.0602308 0.124433 0.169614 0.0934646 0.0462172 0.0250306 0.0313229 0.00938855 0.002487 0.000210481 0 0
 0 0.00764035 0.051015 0.0998891 0.058973 0.0496711 0.0374665 0.0718981 0.12319 0.153886 0.159021 0.0857701 0.0377988 0.023471 0.0147837 0.00900784 0.00315554 0.000888139 0.00291439 0.00214683 0.00393193 0.00274676 0.000635225 9.99891e-05 0 0
 0 0 0 0 0 0 0 0 0 0 0 0 0 0 0 0 0 0 0 0 0 0 0 0 0 0
 0 0 0 0 0 0 0 0 0 0 0 0 0 0 0 0 0 0 0 0 0 0 0 0 0 0
 0 0 0 0 0 0 0 0 0 0 0 0 0 0 0 0 0 0 0 0 0 0 0 0 0 0
 0 0 0 0 0 0 0 0 0 0 0 0 0 0 0 0 0 0 0 0 0 0 0 0 0 0
 0 0 0 0 0 0 0 0 0 0 0 0 0 0 0 0 0 0 0 0 0 0 0 0 0 0
 0 0 0 0 0 0 0 0 0 0 0 0 0 0 0 0 0 0 0 0 0 0 0 0 0 0
ppred_pel_tallas
 1.11249e-16 4.44946e-05 0.000432504 0.00287414 0.0130654 0.0406515 0.0866127 0.126416 0.126429 0.0866737 0.0408576 0.0136668 0.00440589 0.00384981 0.00674942 0.0116468 0.018072 0.0254236 0.0330166 0.0403748 0.0472249 0.0531263 0.0571495 0.0580653 0.0550164 0.0481548
 1.1834e-16 4.03574e-05 0.000392288 0.0026069 0.0118506 0.0368717 0.0785602 0.114667 0.114695 0.0786982 0.0373355 0.0131912 0.00597674 0.00776477 0.0140919 0.0233717 0.0340129 0.0435658 0.0496256 0.0512519 0.0495823 0.0470203 0.0456108 0.045862 0.0467458 0.0466087
 1.13624e-16 5.29838e-05 0.000515021 0.0034225 0.0155582 0.0484074 0.103138 0.150536 0.150555 0.103226 0.0487055 0.0164209 0.00559433 0.0052773 0.00916031 0.0152271 0.0223286 0.0289344 0.0335299 0.0354626 0.0353089 0.0343811 0.0337793 0.0337502 0.0337496 0.0329784
 1.05378e-16 6.45867e-05 0.000627805 0.00417199 0.0189653 0.059008 0.125723 0.1835 0.183514 0.125792 0.059239 0.0196328 0.00584942 0.0042955 0.00704778 0.0115964 0.0168131 0.0213922 0.0240568 0.0242432 0.0224335 0.0198008 0.017454 0.0158767 0.0148911 0.0140107
 1.03537e-16 5.84966e-05 0.000568608 0.0037786 0.017177 0.0534441 0.113869 0.1662 0.166223 0.113979 0.053814 0.0182454 0.00646097 0.00642592 0.0111877 0.0184164 0.0265565 0.0334663 0.0370041 0.0361872 0.0317712 0.0257213 0.0200159 0.0157174 0.0128471 0.0108645
 1.02509e-16 6.59375e-05 0.000640936 0.00425925 0.0193619 0.0602422 0.128353 0.187338 0.187352 0.128422 0.0604745 0.0200333 0.00594625 0.00432934 0.00708752 0.0116561 0.0168857 0.0214451 0.0240169 0.0239844 0.0217721 0.0185113 0.0153128 0.012732 0.0107384 0.00903898
 1.04268e-16 4.46017e-05 0.000433544 0.00288106 0.0130969 0.0407495 0.0868224 0.126727 0.126764 0.0869998 0.0413453 0.0148179 0.00720166 0.00986763 0.0179681 0.0296513 0.0427495 0.0538435 0.0594722 0.0580354 0.0507324 0.040716 0.0311747 0.0238436 0.0188053 0.0152567
 1.09206e-16 4.23988e-05 0.000412132 0.00273876 0.01245 0.0387368 0.0825339 0.120466 0.120494 0.0826668 0.0391839 0.0137439 0.0059967 0.00755753 0.0137105 0.0228544 0.0335142 0.0433899 0.0501268 0.0525875 0.0514095 0.0483234 0.0448434 0.0414375 0.0376957 0.0330846
 1.11142e-16 5.0785e-05 0.000493648 0.00328047 0.0149125 0.0463986 0.0988578 0.14429 0.14431 0.0989571 0.0467323 0.0158783 0.00571141 0.00582273 0.0102381 0.0170218 0.0249364 0.0322607 0.0372799 0.0392398 0.0387562 0.0372627 0.0359551 0.0350916 0.0340928 0.0321687
 1.05511e-16 6.48085e-05 0.000629962 0.00418632 0.0190304 0.0592107 0.126155 0.18413 0.184143 0.126221 0.0594312 0.0196677 0.00578813 0.00413379 0.00674029 0.0110969 0.0161148 0.0205586 0.0232214 0.0235701 0.022055 0.0197681 0.0177277 0.0163542 0.0154509 0.0145495
 1.01641e-16 7.13884e-05 0.000693921 0.00461135 0.0209625 0.0652223 0.138963 0.202823 0.202834 0.139014 0.0653932 0.0214563 0.00585085 0.00340033 0.00521306 0.00850989 0.0122633 0.0154466 0.0170663 0.0166688 0.0146063 0.0117923 0.00914703 0.00716534 0.00585701 0.00496774
 1.01155e-16 6.59468e-05 0.000641026 0.00425984 0.0193646 0.0602507 0.128371 0.187365 0.187382 0.128454 0.060528 0.0201656 0.00626984 0.0050273 0.00839166 0.0137565 0.0197812 0.0248131 0.0272132 0.0262233 0.0224135 0.0172962 0.0124288 0.00870061 0.00621484 0.00462298
 1.01751e-16 6.1986e-05 0.000602526 0.004004 0.0182016 0.0566321 0.120661 0.176113 0.176133 0.120757 0.0569543 0.0191325 0.0063414 0.00570724 0.00976297 0.0160579 0.0231619 0.0291988 0.0322923 0.0315639 0.0276361 0.0221805 0.0168946 0.0127138 0.00971402 0.0075211
 1.02643e-16 5.96737e-05 0.00058005 0.00385464 0.0175226 0.0545195 0.11616 0.169544 0.169565 0.116262 0.0548599 0.0185062 0.00632512 0.00597807 0.0103259 0.0170139 0.0245904 0.0311036 0.0345966 0.0341539 0.0304193 0.0251111 0.0199469 0.015832 0.012784 0.0103862
 1.02174e-16 6.68903e-05 0.000650198 0.00432079 0.0196417 0.0611127 0.130208 0.190045 0.190058 0.130275 0.0613382 0.0202934 0.00595793 0.00422818 0.00687419 0.0112901 0.0163308 0.0206903 0.0230801 0.0229001 0.0205761 0.0172345 0.0139908 0.0114155 0.00949284 0.00792907
 1.00373e-16 7.87117e-05 0.000765106 0.0050844 0.0231129 0.0719129 0.153218 0.223627 0.223631 0.153236 0.0719715 0.0232822 0.00550927 0.0016927 0.00184067 0.00291917 0.00419925 0.00528406 0.00582744 0.00567099 0.0049329 0.00392502 0.0029642 0.00222508 0.00171937 0.00137008
 1.01086e-16 3.57871e-05 0.000347863 0.00231168 0.0105086 0.0326963 0.069665 0.101689 0.101741 0.0699204 0.0335539 0.0129842 0.0085211 0.0138874 0.0257035 0.042315 0.0606672 0.0756883 0.0822332 0.0779285 0.0646185 0.0471899 0.0307577 0.0183676 0.0105215 0.00614649
 1.0121e-16 7.65807e-05 0.000744392 0.00494674 0.0224872 0.069966 0.14907 0.217573 0.217576 0.149086 0.0700188 0.0226402 0.00533315 0.00159558 0.00171551 0.00277299 0.00412178 0.00546186 0.00653258 0.007196 0.00748297 0.00751195 0.00735714 0.00699101 0.00634265 0.00540035
 1.01523e-16 5.40734e-05 0.000525613 0.00349288 0.0158782 0.049403 0.10526 0.153636 0.153667 0.105411 0.0499116 0.0173463 0.00717556 0.00855614 0.0152798 0.0251079 0.0360074 0.0449549 0.0489128 0.046493 0.0388059 0.0287545 0.0193546 0.0123674 0.00802435 0.00562073
 1.03518e-16 5.6647e-05 0.000550629 0.00365913 0.0166339 0.0517543 0.110269 0.160945 0.160965 0.11037 0.0520951 0.0176196 0.00613781 0.00597634 0.010404 0.0172214 0.0250594 0.0320427 0.0362726 0.0368295 0.0342506 0.0300414 0.025654 0.0217756 0.0183498 0.0150667
 1.03279e-16 6.43425e-05 0.000625432 0.00415621 0.0188936 0.0587849 0.125248 0.182806 0.182822 0.125322 0.0590336 0.0196123 0.00596217 0.0045739 0.00758116 0.0124787 0.0180819 0.0229763 0.0257635 0.0258002 0.0235601 0.0202665 0.0171022 0.0146281 0.0127541 0.0111025
 1.02243e-16 6.55335e-05 0.000637009 0.00423315 0.0192433 0.0598731 0.127567 0.18619 0.186206 0.127644 0.0601329 0.0199937 0.00611734 0.0047519 0.00788549 0.0129459 0.018674 0.0235497 0.0260687 0.0255379 0.0224783 0.0182537 0.0142359 0.011159 0.00903984 0.00751659
 1.05549e-16 2.99614e-05 0.000291235 0.00193536 0.00879792 0.0273739 0.0583247 0.0851372 0.0851872 0.0585695 0.0281958 0.0111725 0.00789742 0.0133115 0.0247725 0.0409448 0.0590677 0.0744609 0.0823558 0.0805317 0.0706064 0.0568742 0.0436808 0.0333956 0.0261574 0.020928
 1.05742e-16 6.47896e-05 0.000629778 0.00418509 0.0190248 0.0591934 0.126118 0.184075 0.184083 0.126158 0.059329 0.0194185 0.00518071 0.00282767 0.00431082 0.00721191 0.0108216 0.0145268 0.0177247 0.020106 0.0217526 0.0229064 0.0236252 0.0236584 0.0226437 0.0204244
 1.05009e-16 5.56794e-05 0.000541223 0.00359662 0.0163497 0.0508702 0.108385 0.158197 0.158222 0.108508 0.0512838 0.0175444 0.00659496 0.00708565 0.0124824 0.0205434 0.0295827 0.037202 0.0410108 0.0399442 0.0349165 0.0282141 0.0221187 0.0178215 0.015259 0.0136697
 1.07816e-16 3.98179e-05 0.000387044 0.00257205 0.0116922 0.0363789 0.0775103 0.113136 0.113171 0.0776817 0.0369545 0.0133564 0.00675507 0.00953725 0.0174723 0.0289647 0.0420532 0.053577 0.0603161 0.0607551 0.0559165 0.0485239 0.0412181 0.0352652 0.0305201 0.0262458
 1.05935e-16 6.37149e-05 0.000619332 0.00411568 0.0187093 0.0582116 0.124026 0.181022 0.181034 0.124082 0.0583977 0.0192481 0.00547336 0.00360017 0.00577503 0.00957847 0.0141029 0.0183919 0.0215073 0.0230142 0.0231902 0.0227217 0.0221496 0.021534 0.020556 0.0188757
 1.041e-16 6.00647e-05 0.00058385 0.00387989 0.0176374 0.0548767 0.116921 0.170655 0.170675 0.117023 0.0552172 0.0186209 0.00634871 0.00597414 0.0103 0.0169413 0.0244211 0.0307646 0.0340086 0.0332694 0.0292743 0.0238651 0.0188794 0.0152762 0.0130151 0.0115121
 1.07823e-16 3.10849e-05 0.000302156 0.00200793 0.00912781 0.0284002 0.0605114 0.0883276 0.0883728 0.0607323 0.0291424 0.0112725 0.00739583 0.0120785 0.0224389 0.0371578 0.0537829 0.0681737 0.0761066 0.0756073 0.0680687 0.0571852 0.0466156 0.0382339 0.0319933 0.0269335
 1.15428e-16 3.94145e-05 0.000383123 0.00254599 0.0115737 0.0360102 0.0767243 0.111986 0.112006 0.0768258 0.0363521 0.0125655 0.00505207 0.00590861 0.0106943 0.0180397 0.0269739 0.0360049 0.0435953 0.0489965 0.0525271 0.0549796 0.0566957 0.0571619 0.055433 0.0509252
pSPR Fmed_Fpbrs
0.528212   0.6 0.325
Fs Fmed_Fpbrs
0.38157   0.297833 0.736497
SSBpbr Bo_Bmed_Bpbrs
1.50757e+06  720938  829164 414582
Ro
134761
SPR SPRFo_SPRFmed_SPRFpbrs
959279 506703 311766
Fref
0.297833
log_Ro
11.6313
likeval ReclasPelacesDesembMPH_pf_preclas_ppelaces_ptallas_desvR_qrecl_qpela
 12.2917 16.6134 0.0336413 0.000818415 229.036 116.692 83.1352 0 23.8041 3.67388e-06 1.80849e-05 0.169133 3.10872e-16 0 0
q_reclas_q_pelaces
1.31207 1.83129
M
1
N
 169567 36055.2 89016.4 6049.84 0.217953
 93828.2 53862.4 10810.6 26575.3 1805.79
 94300.7 26325.9 13585.9 2705.16 7098.78
 142379 26585.8 6684.87 3422.94 2469
 115321 34951.1 5566.85 1383.19 1218.33
 212454 37076.8 10657.5 1690.76 789.958
 83191.8 61253.5 9713.32 2772.08 644.997
 35249.7 17435.4 10290.5 1605.03 564.13
 34695.1 11771.3 5605.06 3298.75 695.243
 46763.6 8677.81 2529.92 1191.05 848.183
 87685.9 10011.1 1501.64 430.869 346.996
 127176 28662.2 3123.85 466.942 241.834
 105860 29160.5 5457.59 586.596 132.993
 74419.7 25003.6 5786.65 1068.98 140.847
 68426.4 12672.6 3145.53 711.665 148.607
 365621 14408.9 2143.07 523.28 142.984
 71664.6 86782.8 2878.95 422.708 131.325
 582953 19769.5 21379 703.248 135.272
 332603 163088 4966.41 5327.64 208.868
 270806 83370.1 35157.2 1058.6 1179.4
 362811 70162.8 18819.8 7854.85 499.731
 498511 101473 17619.3 4688.07 2080.25
 96286.7 129664 23031.1 3958.43 1519.75
 288599 28762.1 35687.8 6300.22 1498.07
 243613 88249.5 8178.65 10093 2204.8
 107483 74552.9 25122.1 2315.65 3480.89
 242390 34075.8 22293.5 7479.44 1725.34
 272308 74354.6 9732.46 6333.34 2614.22
 75343.5 86329.5 22233.8 2897.52 2663.21
 57181.7 23985 25963.6 6658.4 1664.89
pred_Ctot
 14812.3 4286.35 10787.3 733.89 0.0264408
 14389.1 11035.5 2254.71 5547.88 376.997
 14232.3 5311.88 2790.69 556.195 1459.62
 30941.8 7575.85 1936.5 992.437 715.887
 9290.28 3839.06 623.388 155.052 136.578
 29627.8 6935.25 2029.9 322.344 150.613
 23676.3 22393 3604.57 1029.52 239.556
 2071.89 1405.58 846.126 132.11 46.4363
 7243.47 3230.66 1564.11 921.342 194.191
 12909 3085.34 913.241 430.287 306.433
 6238.22 973.584 148.91 42.7712 34.4473
 31463 9213.92 1020.2 152.623 79.0486
 24826.8 8921.11 1696.71 182.522 41.3831
 26867.2 11314.1 2653.37 490.508 64.6306
 19344.6 4604.77 1160.27 262.715 54.8614
 84956.4 4370.34 660.577 161.433 44.113
 11599.4 18720.2 632.072 92.8923 28.8607
 90253.6 4087.41 4499.46 148.147 28.498
 69107.3 44558.9 1379.71 1481.37 58.0792
 52082.8 21180.8 9084.96 273.799 305.058
 56220.8 14518.7 3964.19 1656.11 105.368
 94954.2 25546 4511.85 1201.58 533.204
 11639.3 21133.8 3823.85 657.864 252.585
 31259.5 4215.32 5329.29 941.753 223.942
 26281.2 12883.5 1216.59 1502.85 328.313
 9505.35 8970.15 3081.1 284.292 427.371
 25837.6 4917.16 3277.94 1100.84 253.954
 24083.7 8947.03 1193.74 777.608 320.991
 6489.44 10122.9 2657.62 346.697 318.677
 7380.98 4164.81 4591.7 1178.69 294.741
F
 0.146814 0.204519 0.208839 0.209072 0.209084
 0.270914 0.377397 0.385369 0.385798 0.38582
 0.26611 0.370705 0.378536 0.378957 0.378979
 0.404542 0.563548 0.575453 0.576093 0.576127
 0.134731 0.187687 0.191652 0.191865 0.191877
 0.243705 0.339493 0.346665 0.347051 0.347071
 0.562649 0.783798 0.800355 0.801246 0.801293
 0.0967882 0.134831 0.137679 0.137832 0.13784
 0.385829 0.537479 0.548833 0.549444 0.549476
 0.541407 0.754209 0.77014 0.770998 0.771043
 0.118181 0.164632 0.168109 0.168297 0.168306
 0.472756 0.658573 0.672485 0.673233 0.673273
 0.4431 0.617261 0.6303 0.631002 0.631038
 0.770277 1.07304 1.0957 1.09692 1.09699
 0.557915 0.777205 0.793622 0.794506 0.794552
 0.438188 0.610418 0.623312 0.624006 0.624043
 0.287858 0.401 0.409471 0.409927 0.409951
 0.273818 0.381443 0.3895 0.389934 0.389957
 0.383661 0.53446 0.545749 0.546357 0.546389
 0.350584 0.488381 0.498698 0.499253 0.499282
 0.274091 0.381822 0.389888 0.390322 0.390345
 0.346683 0.482948 0.493149 0.493698 0.493727
 0.208271 0.290133 0.296261 0.296591 0.296608
 0.184869 0.257532 0.262972 0.263265 0.26328
 0.18407 0.256419 0.261836 0.262127 0.262143
 0.148748 0.207214 0.211591 0.211827 0.211839
 0.181702 0.253121 0.258467 0.258755 0.25877
 0.148762 0.207233 0.21161 0.211846 0.211858
 0.144631 0.201478 0.205734 0.205963 0.205975
 0.223783 0.311742 0.318327 0.318681 0.3187
nmprior
 8 9 7.5 0
nm_flota  nm_reclas  nm_pelaces    nm_pelaL
inf 13.4257 15.0565 25.8982
cv_recla  cv_pelaces  cv_mph
0.324588 0.479617 0.882861
 ------------------------------------------------
Talla a la edad & desviación 
 8 13.2811 15.8009 17.003 17.5766
 0.8 1.32811 1.58009 1.7003 1.75766
