years
 1991 1992 1993 1994 1995 1996 1997 1998 1999 2000 2001 2002 2003 2004 2005 2006 2007 2008 2009 2010 2011 2012 2013 2014 2015 2016 2017 2018
reclasobs
 0 0 0 0 0 0 0 0 0 252601 567819 844713 477998 351125 339783 2.1784e+06 2.13404e+06 4.81314e+06 1.55562e+06 2.62356e+06 3.21686e+06 3.843e+06 1.13348e+06 3.07943e+06 1.97215e+06 2.03268e+06 2.025e+06 2.42433e+06
reclaspred
 3.24504e+06 2.4381e+06 1.8587e+06 2.02812e+06 2.11885e+06 2.44271e+06 2.04333e+06 2.87943e+06 3.01442e+06 3.20258e+06 2.34604e+06 2.35847e+06 2.17459e+06 2.03526e+06 2.10115e+06 2.14315e+06 2.23465e+06 2.58524e+06 1.48604e+06 1.09394e+06 1.74997e+06 1.0968e+06 1.38312e+06 2.08379e+06 1.84353e+06 2.22368e+06 2.39735e+06 2.01481e+06
pelacesobs
 0 0 0 0 0 0 0 0 0 0 0 0 0 0 0 552880 188675 0 991730 2.46772e+06 1.41603e+06 1.21717e+06 2.29649e+06 1.80582e+06 0 1.4828e+06 1.56532e+06 1.57751e+06
pelacespred
 1.49116e+06 1.21534e+06 912609 878187 993534 1.12985e+06 961692 1.48875e+06 1.65036e+06 1.63963e+06 1.34358e+06 1.13144e+06 1.09895e+06 1.12208e+06 1.1639e+06 1.0178e+06 1.0188e+06 1.11903e+06 729896 473658 688789 482460 636409 1.02395e+06 921434 1.08399e+06 1.29949e+06 1.1592e+06
mphobs
 0 0 0 0 0 0 0 0 0 0 0 498337 0 5186 125008 0 168611 109162 213762 579715 649985 157893 87575 83554 0 0 0 0
mphpred
 2.87401e+06 2.29072e+06 1.72597e+06 1.48371e+06 1.67169e+06 1.81083e+06 1.85405e+06 1.69512e+06 2.38617e+06 2.72198e+06 2.18887e+06 1.97691e+06 1.79683e+06 1.58466e+06 1.52526e+06 1.88696e+06 1.62966e+06 2.02668e+06 1.52126e+06 900619 1.0657e+06 1.10752e+06 765178 1.31189e+06 1.6788e+06 1.47246e+06 1.85914e+06 1.6612e+06
desembarqueobs
 494567 514787 250237 358949 120608 361735 552515 73892 212993 205616 52469 317467 293654 387597 252695 516296 358380 742168 942051 627588 828172 859565 418607 520667 417249 300574 407403 355545
desembarquepred
 493802 496314 259767 359028 120627 361797 552636 73904.2 213069 205697 52480 317658 293819 387855 252803 516504 358419 741706 940190 626492 827258 858023 418549 520706 417284 300620 407475 355585
Reclutas
 316639 316639 316639 316639 316639 316639 316639 316639 316639 316639 316639 316639 316639 316639 316639 316639 316639 316639 316639 316639 316639 316639 316639 316639 316639 316639 316639 316639
log_desv_Rt
 0 0 0 0 0 0 0 0 0 0 0 0 0 0 0 0 0 0 0 0 0 0 0 0 0 0 0 0
SSB
 2.87401e+06 2.29072e+06 1.72597e+06 1.48371e+06 1.67169e+06 1.81083e+06 1.85405e+06 1.69512e+06 2.38617e+06 2.72198e+06 2.18887e+06 1.97691e+06 1.79683e+06 1.58466e+06 1.52526e+06 1.88696e+06 1.62966e+06 2.02668e+06 1.52126e+06 900619 1.0657e+06 1.10752e+06 765178 1.31189e+06 1.6788e+06 1.47246e+06 1.85914e+06 1.6612e+06
BT
 4.2114e+06 3.69043e+06 2.57552e+06 2.77007e+06 2.77049e+06 3.56659e+06 3.08933e+06 4.94183e+06 5.11041e+06 4.65065e+06 3.68572e+06 3.34949e+06 3.38725e+06 3.90891e+06 3.9445e+06 3.2462e+06 3.25778e+06 3.78123e+06 3.12943e+06 2.00471e+06 2.89288e+06 2.24625e+06 2.55465e+06 3.8785e+06 2.92516e+06 3.66368e+06 4.42352e+06 3.9655e+06
Ftot
 0.144325 0.192287 0.132679 0.167652 0.0544017 0.140595 0.254187 0.0245862 0.0675004 0.061339 0.0214303 0.127946 0.128374 0.180451 0.114537 0.227039 0.152174 0.26922 0.57698 0.526564 0.437746 0.704044 0.284662 0.235748 0.213554 0.12853 0.161161 0.167335
BD_Bspro_t
 0.977173 0.859499 0.776823 0.766682 0.779394 0.830411 0.799956 0.748568 0.857604 0.88851 0.891362 0.913599 0.856455 0.81531 0.79874 0.812732 0.737456 0.770036 0.655207 0.504016 0.494853 0.486513 0.430126 0.596287 0.677698 0.698125 0.778282 0.781107
BD_Bspro
 1.28008 1.02029 0.768745 0.660844 0.744569 0.806542 0.825795 0.755007 1.0628 1.21237 0.97492 0.880514 0.800308 0.705804 0.679352 0.84045 0.725848 0.90268 0.677568 0.401135 0.474664 0.493287 0.34081 0.584314 0.747735 0.655831 0.82806 0.739897
BD_Bo
 1.20283 0.958714 0.722353 0.620963 0.699635 0.757869 0.775959 0.709444 0.998662 1.1392 0.916085 0.827376 0.752011 0.66321 0.638354 0.789731 0.682045 0.848205 0.636678 0.376927 0.446019 0.463518 0.320242 0.549052 0.702611 0.616252 0.778088 0.695245
BD_Brms
 5.14372 4.0998 3.08903 2.65545 2.99188 3.24091 3.31827 3.03383 4.27063 4.87162 3.9175 3.53815 3.21586 2.83612 2.72982 3.37716 2.91666 3.62722 2.72266 1.61187 1.90733 1.98216 1.36947 2.34794 3.00461 2.63531 3.32737 2.97311
Sel_flota
 0.5 1 1 1 1
 0.5 1 1 1 1
 0.5 1 1 1 1
 0.5 1 1 1 1
 0.5 1 1 1 1
 0.5 1 1 1 1
 0.5 1 1 1 1
 0.5 1 1 1 1
 0.5 1 1 1 1
 0.5 1 1 1 1
 0.5 1 1 1 1
 0.5 1 1 1 1
 0.5 1 1 1 1
 0.5 1 1 1 1
 0.5 1 1 1 1
 0.5 1 1 1 1
 0.5 1 1 1 1
 0.5 1 1 1 1
 0.5 1 1 1 1
 0.5 1 1 1 1
 0.5 1 1 1 1
 0.5 1 1 1 1
 0.5 1 1 1 1
 0.5 1 1 1 1
 0.5 1 1 1 1
 0.5 1 1 1 1
 0.5 1 1 1 1
 0.5 1 1 1 1
Sel_reclas
 0.5 1 1 1 1
 0.5 1 1 1 1
 0.5 1 1 1 1
 0.5 1 1 1 1
 0.5 1 1 1 1
 0.5 1 1 1 1
 0.5 1 1 1 1
 0.5 1 1 1 1
 0.5 1 1 1 1
 0.5 1 1 1 1
 0.5 1 1 1 1
 0.5 1 1 1 1
 0.5 1 1 1 1
 0.5 1 1 1 1
 0.5 1 1 1 1
 0.5 1 1 1 1
 0.5 1 1 1 1
 0.5 1 1 1 1
 0.5 1 1 1 1
 0.5 1 1 1 1
 0.5 1 1 1 1
 0.5 1 1 1 1
 0.5 1 1 1 1
 0.5 1 1 1 1
 0.5 1 1 1 1
 0.5 1 1 1 1
 0.5 1 1 1 1
 0.5 1 1 1 1
Sel_pelaces
 0.5 1 1 1 1
 0.5 1 1 1 1
 0.5 1 1 1 1
 0.5 1 1 1 1
 0.5 1 1 1 1
 0.5 1 1 1 1
 0.5 1 1 1 1
 0.5 1 1 1 1
 0.5 1 1 1 1
 0.5 1 1 1 1
 0.5 1 1 1 1
 0.5 1 1 1 1
 0.5 1 1 1 1
 0.5 1 1 1 1
 0.5 1 1 1 1
 0.5 1 1 1 1
 0.5 1 1 1 1
 0.5 1 1 1 1
 0.5 1 1 1 1
 0.5 1 1 1 1
 0.5 1 1 1 1
 0.5 1 1 1 1
 0.5 1 1 1 1
 0.5 1 1 1 1
 0.5 1 1 1 1
 0.5 1 1 1 1
 0.5 1 1 1 1
 0.5 1 1 1 1
pf_obs 
 0.8446 0.082 0.0669 0.0065 0
 0.8095 0.147 0.0364 0.0071 0
 0.9664 0.0169 0.016 0.0007 0
 0.9276 0.0648 0.0075 0.0001 0
 0.7033 0.2144 0.0806 0.0017 0
 0.9318 0.0425 0.0243 0.0014 0
 0.5671 0.3108 0.0964 0.0239 0.0018
 0.0768 0.2599 0.5324 0.112 0.0189
 0.490249 0.384438 0.106611 0.0170017 0.00170017
 0.7925 0.1577 0.0466 0.003 0.0002
 0.840416 0.127587 0.0312969 0.00059994 9.999e-05
 0.8084 0.0986 0.0794 0.0134 0.0002
 0.7335 0.1905 0.0724 0.0035 0.0001
 0.4001 0.4547 0.1325 0.0127 0
 0.49795 0.308269 0.164784 0.0264974 0.00249975
 0.9179 0.0499 0.0305 0.0017 0
 0.2467 0.6533 0.0926 0.0074 0
 0.9418 0.0223 0.034 0.0019 0
 0.707729 0.231977 0.0356964 0.0245975 0
 0.517169 0.277429 0.184464 0.0207286 0.00020938
 0.811772 0.124168 0.05621 0.00726502 0.000585176
 0.764997 0.148141 0.077277 0.00933861 0.000247198
 0.163321 0.427699 0.378323 0.0303852 0.000271297
 0.753843 0.0900009 0.118128 0.0371064 0.000921714
 0.721811 0.176058 0.0630433 0.0369309 0.00215725
 0.143369 0.312575 0.442814 0.0836902 0.0175525
 0.692698 0.0596174 0.167031 0.0765114 0.00414204
 0.394062 0.376323 0.152708 0.0712218 0.00568511
pf_pred 
 0.425002 0.363468 0.133712 0.0491901 0.0286275
 0.479612 0.315722 0.129373 0.0475937 0.0276984
 0.504123 0.327869 0.101932 0.0417686 0.0243083
 0.505034 0.336037 0.105082 0.0326692 0.0211776
 0.504802 0.337716 0.106916 0.0334335 0.0171322
 0.492241 0.342446 0.11274 0.0356918 0.0168804
 0.506596 0.330081 0.11015 0.0362635 0.0169102
 0.516628 0.333038 0.100571 0.0335611 0.0162013
 0.487909 0.349677 0.111902 0.0337923 0.0167203
 0.484561 0.340335 0.119568 0.0382637 0.0172723
 0.480436 0.341281 0.117717 0.041357 0.0192091
 0.478454 0.339249 0.119743 0.0413028 0.0212505
 0.493817 0.331954 0.11333 0.0400017 0.0208967
 0.50167 0.333669 0.107985 0.0368664 0.0198103
 0.508703 0.334031 0.105301 0.0340783 0.0178863
 0.506729 0.336272 0.106743 0.03365 0.0166059
 0.519128 0.330516 0.102501 0.0325369 0.0153187
 0.517617 0.33434 0.101753 0.031556 0.0147329
 0.548539 0.315721 0.0940817 0.0286329 0.0130255
 0.598991 0.298244 0.0718666 0.0214155 0.00948257
 0.599977 0.311332 0.0659626 0.0158947 0.00683372
 0.599289 0.310182 0.0704572 0.0149279 0.00514365
 0.617307 0.301683 0.0627076 0.0142439 0.00405775
 0.561274 0.341514 0.0766336 0.015929 0.00464899
 0.539259 0.337707 0.0957724 0.0214907 0.00577078
 0.525696 0.338566 0.0994911 0.0282153 0.00803144
 0.51083 0.341041 0.105738 0.0310721 0.0113202
 0.511382 0.335471 0.106771 0.0331038 0.013272
pobs_RECLAS
 0 0 0 0 0
 0 0 0 0 0
 0 0 0 0 0
 0 0 0 0 0
 0 0 0 0 0
 0 0 0 0 0
 0 0 0 0 0
 0 0 0 0 0
 0 0 0 0 0
 0 0 0 0 0
 0.991045 0.00858322 0.000360255 1.14367e-05 0
 0.934742 0.0480273 0.0164251 0.00080598 0
 0.827803 0.169806 0.00239088 0 0
 0.941827 0.0461693 0.0120037 0 0
 0.791401 0.0380133 0.147996 0.0225897 0
 0.846168 0.0940531 0.0597789 0 0
 0.134021 0.677848 0.182769 0.00536245 0
 0.80878 0.0450904 0.141981 0.00414843 0
 0.846168 0.0940531 0.0597789 0 0
 0.905697 0.0802665 0.012482 0.00150086 5.37128e-05
 0.989698 0.0102097 9.19794e-05 0 0
 0.975433 0.0193895 0.00387452 0.00125025 5.28907e-05
 0.303575 0.632131 0.0575291 0.00676475 0
 0.966965 0.00978017 0.0227588 0.000495775 0
 0.843318 0.132988 0.00938335 0.0141283 0.000182051
 0.564624 0.303363 0.111486 0.0197234 0.00080311
 0.826376 0.0876187 0.0782897 0.00655872 0.00115652
 0.89761 0.0855135 0.0140674 0.00269457 0.000114338
ppred_RECLAS
 0.426599 0.362459 0.133341 0.0490534 0.028548
 0.481852 0.314363 0.128816 0.0473889 0.0275792
 0.505612 0.326884 0.101626 0.0416431 0.0242353
 0.506959 0.33473 0.104673 0.0325422 0.0210953
 0.505382 0.337321 0.106791 0.0333944 0.0171122
 0.493828 0.341376 0.112388 0.0355803 0.0168277
 0.509675 0.328021 0.109462 0.0360372 0.0168046
 0.516884 0.332862 0.100518 0.0335433 0.0161927
 0.488634 0.349182 0.111743 0.0337444 0.0166967
 0.485217 0.339902 0.119416 0.038215 0.0172503
 0.480658 0.341135 0.117667 0.0413393 0.0192009
 0.479884 0.338319 0.119415 0.0411896 0.0211923
 0.495255 0.331011 0.113009 0.0398882 0.0208374
 0.50376 0.33227 0.107532 0.0367118 0.0197272
 0.509973 0.333168 0.105029 0.0339902 0.0178401
 0.509435 0.334428 0.106158 0.0334654 0.0165148
 0.520855 0.329329 0.102132 0.03242 0.0152637
 0.520904 0.332062 0.10106 0.031341 0.0146325
 0.556774 0.309962 0.0923656 0.0281106 0.0127879
 0.606092 0.292963 0.0705942 0.0210363 0.00931467
 0.605613 0.306945 0.0650332 0.0156708 0.00673744
 0.609606 0.302196 0.0686432 0.0145436 0.00501122
 0.620621 0.299071 0.0621646 0.0141206 0.00402261
 0.564055 0.33935 0.0761479 0.015828 0.00461952
 0.541767 0.335869 0.095251 0.0213737 0.00573937
 0.527132 0.337541 0.09919 0.0281299 0.00800714
 0.512672 0.339756 0.105339 0.030955 0.0112776
 0.513302 0.334153 0.106352 0.0329737 0.0132198
pobs_PELACES
 0 0 0 0 0
 0 0 0 0 0
 0 0 0 0 0
 0 0 0 0 0
 0 0 0 0 0
 0 0 0 0 0
 0 0 0 0 0
 0 0 0 0 0
 0 0 0 0 0
 0 0 0 0 0
 0 0 0 0 0
 0 0 0 0 0
 0 0 0 0 0
 0 0 0 0 0
 0 0 0 0 0
 0 0 0 0 0
 0.505614 0.472636 0.0217494 0 0
 0 0 0 0 0
 0.443492 0.261883 0.143347 0.151278 0
 0.227955 0.32914 0.350689 0.0885471 0.00366901
 0.970185 0.0296113 0.000203453 0 0
 0.997202 0.00247181 0.000326279 0 0
 0.445219 0.490057 0.0546422 0.010081 0
 0.90214 0.0892962 0.00764917 0.000914606 0
 0 0 0 0 0
 0.581667 0.319106 0.0959925 0.00289975 0.000334073
 0.762889 0.0836404 0.116647 0.0363945 0.000428098
 0.88444 0.0763242 0.0277011 0.0115352 0
ppred_PELACES
 0.432434 0.35877 0.131984 0.0485543 0.0282574
 0.489777 0.309555 0.126846 0.046664 0.0271574
 0.511084 0.323266 0.100501 0.0411822 0.0239671
 0.513872 0.330037 0.103206 0.0320859 0.0207995
 0.507626 0.335791 0.106306 0.0332429 0.0170346
 0.499627 0.337465 0.1111 0.0351727 0.0166349
 0.520151 0.321013 0.107124 0.0352673 0.0164456
 0.517897 0.332164 0.100307 0.033473 0.0161588
 0.491417 0.347281 0.111135 0.0335608 0.0166058
 0.487745 0.338233 0.11883 0.0380273 0.0171656
 0.481541 0.340555 0.117467 0.041269 0.0191683
 0.485155 0.33489 0.118205 0.0407721 0.0209775
 0.50055 0.327539 0.111823 0.0394697 0.0206188
 0.511201 0.327287 0.105919 0.0361613 0.0194314
 0.514695 0.329957 0.104017 0.0336627 0.0176682
 0.518792 0.328048 0.104133 0.0328271 0.0161997
 0.527118 0.325024 0.100797 0.0319962 0.0150642
 0.531978 0.324387 0.0987242 0.0306166 0.0142943
 0.580123 0.293633 0.0874996 0.0266297 0.0121142
 0.626632 0.277687 0.066913 0.0199394 0.00882895
 0.622726 0.293626 0.0622113 0.0149908 0.00644509
 0.636874 0.281088 0.0638486 0.0135277 0.0046612
 0.631616 0.290404 0.0603631 0.0137113 0.00390603
 0.573595 0.331923 0.0744815 0.0154817 0.00451843
 0.550501 0.329467 0.0934356 0.0209664 0.00562997
 0.532415 0.33377 0.0980818 0.0278156 0.00791768
 0.519313 0.335126 0.103904 0.0305332 0.0111239
 0.520197 0.329419 0.104845 0.0325066 0.0130325
pobs_pel_tallas
 0 0 0 0 0 0 0 0 0 0 0 0 0 0 0 0 0 0 0 0 0 0 0 0 0 0
 0 0 0 0 0 0 0 0 0 0 0 0 0 0 0 0 0 0 0 0 0 0 0 0 0 0
 0 0 0 0 0 0 0 0 0 0 0 0 0 0 0 0 0 0 0 0 0 0 0 0 0 0
 0 0 0 0 0 0 0 0 0 0 0 0 0 0 0 0 0 0 0 0 0 0 0 0 0 0
 0 0 0 0 0 0 0 0 0 0 0 0 0 0 0 0 0 0 0 0 0 0 0 0 0 0
 0 0 0 0 0 0 0 0 0 0 0 0 0 0 0 0 0 0 0 0 0 0 0 0 0 0
 0 0 0 0 0 0 0 0 0 0 0 0 0 0 0 0 0 0 0 0 0 0 0 0 0 0
 0 0 0 0 0 0 0 0 0 0 0 0 0 0 0 0 0 0 0 0 0 0 0 0 0 0
 0 0 0 0 0 0 0 0 0 0 0 0 0 0 0 0 0 0 0 0 0 0 0 0 0 0
 0 0 0 0 0 0 0 0 0 0 0 0 0 0 0 0 0 0 0 0 0 0 0 0 0 0
 0 0 0 0 0 0 0 0 0 0 0 0 0 0 0 0 0 0 0 0 0 0 0 0 0 0
 0 0 0 0 0 0 0 0 0 0 0 0 0 0 0 0 0 0 0 0 0 0 0 0 0 0
 0.00862536 0 0 0.000197151 0.00414017 0.0128641 0.00837892 0.0270097 0.101434 0.158115 0.152841 0.127902 0.109271 0.109419 0.0830992 0.0579132 0.0238553 0.00714673 0.00463305 0.00128148 0.00103504 0.000492878 0.000147863 0.000147863 4.92878e-05 0
 0 0 0 0 0 0 0 0 0 0 0 0 0 0 0 0 0 0 0 0 0 0 0 0 0 0
 0 0 0 0 0 0 0 0.0054083 0.00873648 0.0413646 0.0450493 0.0745869 0.0622846 0.0627006 0.0613931 0.0827291 0.12552 0.122667 0.0946155 0.0697135 0.0546179 0.0294188 0.0215738 0.0213955 0.0102223 0.00600262
 0 0 0 0 0.00359764 0.0251062 0.0480494 0.140153 0.205849 0.193036 0.1447 0.116669 0.0760912 0.0342217 0.00950174 0.001854 0.000860785 0 0 0 0.000165536 0 0.000143464 0 0 0
 0 0 0 0 0 0 0 0.000145254 0.000435761 0.0275982 0.070085 0.0708112 0.156366 0.174668 0.174014 0.160142 0.0824315 0.0480064 0.0283245 0.00493863 0.00203355 0 0 0 0 0
 0 0 0 0 0 0 0 0 0 0 0 0 0 0 0 0 0 0 0 0 0 0 0 0 0 0
 0 0 1.00437e-05 0.000401748 0.00122533 0.00171747 0.00176769 0.0269171 0.070346 0.194647 0.189555 0.159765 0.064822 0.0314167 0.0384472 0.0292271 0.0345202 0.0313363 0.0194345 0.0106764 0.0143323 0.0359363 0.0279516 0.0138201 0.00172751 0
 0 0.0021121 0.0136068 0.0755702 0.200478 0.177729 0.0527432 0.0373336 0.0318909 0.0142505 0.0149659 0.0166563 0.0217959 0.0798694 0.0677717 0.0528807 0.04013 0.0224614 0.0357745 0.0225083 0.00881397 0.00855152 0.00135912 0.000746735 0 0
 0 0 0 0 5.4009e-05 0.00500934 0.000945158 0.0243581 0.138947 0.33067 0.221406 0.137944 0.0707744 0.0437923 0.0131692 0.00525238 0.0047753 0.00276346 9.45158e-05 9.00151e-06 2.25038e-05 9.00151e-06 4.50075e-06 0 0 0
 0.000866109 0.00284123 0.00948549 0.0512746 0.133035 0.25785 0.225252 0.132002 0.0553304 0.0519788 0.0540692 0.017754 0.00435017 0.00159236 0.00146478 0.000404838 0.000125132 0.000115318 0.000107957 0.000100596 0 0 0 0 0 0
 0 0 0 0 0.00144013 0.00171154 0.00461396 0.0210425 0.0478622 0.0707936 0.0888783 0.103762 0.0637923 0.0337046 0.0602308 0.124433 0.169614 0.0934646 0.0462172 0.0250306 0.0313229 0.00938855 0.002487 0.000210481 0 0
 0 0.00764035 0.051015 0.0998891 0.058973 0.0496711 0.0374665 0.0718981 0.12319 0.153886 0.159021 0.0857701 0.0377988 0.023471 0.0147837 0.00900784 0.00315554 0.000888139 0.00291439 0.00214683 0.00393193 0.00274676 0.000635225 9.99891e-05 0 0
 0 0 0 0 0 0 0 0 0 0 0 0 0 0 0 0 0 0 0 0 0 0 0 0 0 0
 0 0 0 0 0 0 0 0 0 0 0 0 0 0 0 0 0 0 0 0 0 0 0 0 0 0
 0 0 0 0 0 0 0 0 0 0 0 0 0 0 0 0 0 0 0 0 0 0 0 0 0 0
 0 0 0 0 0 0 0 0 0 0 0 0 0 0 0 0 0 0 0 0 0 0 0 0 0 0
ppred_pel_tallas
 1.13552e-16 3.56191e-05 0.00034623 0.00230082 0.0104592 0.0325427 0.069337 0.101207 0.101241 0.0695068 0.0331131 0.0121085 0.00644777 0.00942303 0.0173453 0.0288076 0.0419434 0.0537029 0.0609988 0.0624355 0.0590941 0.0536512 0.0485712 0.0448209 0.0418843 0.0386759
 1.13016e-16 4.03424e-05 0.000392142 0.00260593 0.0118462 0.036858 0.078531 0.114625 0.114655 0.0786776 0.0373506 0.0132708 0.00618922 0.00823888 0.0150151 0.0249507 0.0363934 0.0467368 0.0533492 0.0550437 0.0527372 0.0486796 0.0448991 0.0421194 0.0398071 0.036989
 1.11169e-16 4.20974e-05 0.000409201 0.00271929 0.0123615 0.0384614 0.0819472 0.119611 0.119642 0.0821 0.0389747 0.0138453 0.00644896 0.00856796 0.0155872 0.0258357 0.0375316 0.0478808 0.0540668 0.0548216 0.0511548 0.045568 0.0404097 0.0366776 0.0339843 0.0313511
 1.09801e-16 4.2327e-05 0.000411434 0.00273412 0.0124289 0.0386712 0.0823943 0.120264 0.120295 0.0825503 0.0391952 0.0139436 0.00654101 0.00873826 0.0159049 0.0263553 0.0382658 0.0487682 0.0549632 0.0555271 0.0514634 0.0453159 0.0395039 0.0351088 0.031832 0.0287817
 1.09371e-16 4.18125e-05 0.000406433 0.00270089 0.0122779 0.0382012 0.0813928 0.118802 0.118835 0.0815515 0.0387343 0.013819 0.00657444 0.00887921 0.0161829 0.0268187 0.0389399 0.0496282 0.0559298 0.0564898 0.0523172 0.0459858 0.0399472 0.0353033 0.0317693 0.0284719
 1.09635e-16 4.11537e-05 0.000400029 0.00265833 0.0120844 0.0375993 0.0801104 0.11693 0.116963 0.0802699 0.0381352 0.0136338 0.00655285 0.00891982 0.0162751 0.0269818 0.0391975 0.0499994 0.0564278 0.0571242 0.053094 0.0469017 0.0409786 0.0363988 0.0328548 0.0294678
 1.09494e-16 4.28442e-05 0.000416461 0.00276753 0.0125808 0.0391437 0.083401 0.121733 0.121764 0.0835528 0.0396536 0.0140549 0.00647289 0.00852299 0.015491 0.0256802 0.0373163 0.047622 0.053788 0.0545272 0.0507974 0.045032 0.0395296 0.0352916 0.0320041 0.0288148
 1.09071e-16 4.26586e-05 0.000414657 0.00275554 0.0125263 0.0389742 0.0830398 0.121206 0.121238 0.0831967 0.0395014 0.0140503 0.00658554 0.00879101 0.0159966 0.0264992 0.0384557 0.0489696 0.0551117 0.0555412 0.0512667 0.0448574 0.038769 0.0341187 0.0306376 0.027455
 1.09472e-16 4.04774e-05 0.000393455 0.00261465 0.0118858 0.0369814 0.0787941 0.115009 0.115043 0.0789582 0.0375328 0.0134798 0.00662104 0.00915697 0.0167359 0.0277406 0.040281 0.0513409 0.0578643 0.0584461 0.0541229 0.0475488 0.0412536 0.0363775 0.0326356 0.0291418
 1.10235e-16 4.0175e-05 0.000390515 0.00259511 0.011797 0.0367051 0.0782053 0.11415 0.114182 0.0783652 0.0372425 0.0133508 0.00650143 0.00893819 0.0163334 0.027096 0.0394007 0.0503365 0.0569541 0.0578993 0.0541681 0.0482942 0.0426582 0.038276 0.0347956 0.0313245
 1.1086e-16 3.9664e-05 0.000385548 0.0025621 0.011647 0.0362382 0.0772106 0.112698 0.112731 0.0773716 0.0367793 0.0132113 0.00649485 0.00899085 0.0164422 0.027277 0.0396627 0.0506713 0.0573386 0.0583116 0.0546078 0.0487931 0.0432709 0.0390547 0.035761 0.0324489
 1.11136e-16 3.99617e-05 0.000388442 0.00258133 0.0117344 0.0365102 0.07779 0.113544 0.113576 0.0779484 0.0370424 0.0132731 0.00644976 0.00885378 0.016178 0.0268433 0.0390464 0.0499145 0.0565406 0.0575996 0.0540915 0.0485297 0.0432594 0.0392538 0.0361137 0.0328983
 1.10759e-16 4.12297e-05 0.000400767 0.00266324 0.0121067 0.0376687 0.0802583 0.117146 0.117178 0.0804132 0.038189 0.0136112 0.00644536 0.00867631 0.0158147 0.0262299 0.0381374 0.0487186 0.0551239 0.0560565 0.0525028 0.0469404 0.0416889 0.0377242 0.0346684 0.0315966
 1.10056e-16 4.21071e-05 0.000409296 0.00271991 0.0123644 0.0384703 0.0819662 0.119639 0.11967 0.0821208 0.03899 0.0138669 0.00649669 0.0086714 0.0157849 0.0261653 0.0380114 0.0484899 0.0547367 0.055446 0.0516088 0.0457277 0.0401672 0.0359585 0.0327712 0.0297055
 1.09452e-16 4.23948e-05 0.000412093 0.0027385 0.0124489 0.0387332 0.0825263 0.120456 0.120488 0.0826823 0.039257 0.0139632 0.00654474 0.00873767 0.0159031 0.0263534 0.0382653 0.0487719 0.0549732 0.0555422 0.0514752 0.0453053 0.039442 0.0349622 0.0315736 0.0284019
 1.09123e-16 4.27323e-05 0.000415373 0.0027603 0.012548 0.0390415 0.0831832 0.121415 0.121447 0.0833383 0.0395623 0.0140536 0.00654464 0.0086931 0.0158124 0.0262023 0.038046 0.0484914 0.0546532 0.0552074 0.0511384 0.0449586 0.0390605 0.0345182 0.031053 0.0278137
 1.0875e-16 4.34181e-05 0.000422039 0.0028046 0.0127493 0.0396681 0.0845181 0.123363 0.123395 0.0846717 0.040184 0.0142408 0.00655311 0.00862072 0.0156605 0.0259437 0.0376582 0.0479712 0.0540179 0.054483 0.050344 0.0441003 0.0381394 0.0335453 0.0300586 0.0268441
 1.08422e-16 4.38184e-05 0.000425931 0.00283046 0.0128669 0.0400338 0.0852974 0.124501 0.124532 0.0854507 0.0405487 0.0143552 0.00657078 0.00860611 0.0156239 0.0258775 0.0375507 0.0478102 0.0537899 0.0541728 0.0499349 0.0435785 0.0375022 0.0328086 0.0292581 0.0260305
 1.07321e-16 4.77841e-05 0.000464478 0.00308662 0.0140313 0.0436569 0.0930167 0.135766 0.135795 0.0931554 0.0441229 0.0153783 0.00647153 0.00786678 0.0141446 0.0234099 0.0339582 0.0432126 0.0485724 0.0488408 0.0449019 0.0390287 0.0334074 0.0290554 0.0257745 0.0228339
 1.05496e-16 5.16149e-05 0.000501715 0.00333408 0.0151562 0.0471568 0.100474 0.14665 0.146677 0.100605 0.047597 0.0164281 0.00652889 0.00748391 0.0133355 0.0220262 0.0318706 0.040388 0.0450812 0.0448002 0.0404032 0.0341141 0.0281185 0.0235081 0.0201935 0.0175177
 1.04465e-16 5.12932e-05 0.000498588 0.0033133 0.0150618 0.0468629 0.0998475 0.145736 0.145765 0.099986 0.047328 0.0164054 0.00668773 0.00787064 0.0140688 0.023221 0.0335482 0.0424038 0.0471185 0.0464562 0.0413273 0.0341206 0.0272193 0.0218701 0.0180656 0.0151665
 1.0406e-16 5.24586e-05 0.000509916 0.00338857 0.015404 0.0479276 0.102116 0.149047 0.149074 0.102248 0.0483729 0.0166907 0.00662028 0.00757106 0.0134814 0.0222527 0.0321638 0.0406832 0.0452577 0.0446992 0.039864 0.0330145 0.0264058 0.0212156 0.0174415 0.0144983
 1.03853e-16 5.20254e-05 0.000505706 0.00336059 0.0152768 0.0475319 0.101273 0.147816 0.147844 0.10141 0.0479918 0.0166055 0.00669734 0.00779492 0.0139105 0.0229534 0.0331513 0.0418792 0.0464892 0.0457506 0.0405587 0.0332773 0.026274 0.0208024 0.0168828 0.0139106
 1.04552e-16 4.72463e-05 0.000459251 0.00305189 0.0138735 0.0431656 0.0919701 0.13424 0.134272 0.0921267 0.0436914 0.0153927 0.00686763 0.00879618 0.0159015 0.0262681 0.0379629 0.0480052 0.0533769 0.0526717 0.0468996 0.038735 0.0308481 0.0246408 0.0201227 0.0166135
 1.05836e-16 4.53441e-05 0.000440761 0.00292901 0.0133149 0.0414277 0.0882673 0.128835 0.128867 0.0884229 0.0419503 0.0148253 0.00672405 0.00873769 0.0158389 0.026208 0.037971 0.0482144 0.0539836 0.0538985 0.0489279 0.0416306 0.0345143 0.0288216 0.0244615 0.0207417
 1.07046e-16 4.38544e-05 0.00042628 0.00283278 0.0128774 0.0400667 0.0853674 0.124603 0.124635 0.0855251 0.0405962 0.0144082 0.00667934 0.00883732 0.0160591 0.0265878 0.0385512 0.0490164 0.0550114 0.0551574 0.0504439 0.0434506 0.0366782 0.0313228 0.0272189 0.0236034
 1.08029e-16 4.27752e-05 0.00041579 0.00276307 0.0125605 0.0390807 0.0832668 0.121537 0.121569 0.0834251 0.0396127 0.0140982 0.00662761 0.00886781 0.0161411 0.026739 0.0388023 0.049404 0.0555782 0.0559534 0.0515229 0.0448553 0.038419 0.0333591 0.0294551 0.025903
 1.08576e-16 4.2848e-05 0.000416498 0.00276778 0.0125819 0.0391472 0.0834085 0.121744 0.121776 0.0835641 0.0396702 0.0140938 0.00656781 0.00872841 0.0158772 0.0263084 0.0381961 0.048673 0.0548357 0.0553465 0.0511845 0.0448651 0.0387902 0.0340494 0.0303864 0.0269789
pSPR Fmed_Fpbrs
0.774546   0.283844 0.283844
Fs Fmed_Fpbrs
0.158293   1.005 1.005
SSBpbr Bo_Bmed_Bpbrs
2.38937e+06  1.73121e+06  558741 558741
Ro
316639
SPR SPRFo_SPRFmed_SPRFpbrs
2.24518e+06 1.73899e+06 637281
Fref
1.005
log_Ro
12.4855
likeval ReclasPelacesDesembMPH_pf_preclas_ppelaces_ptallas_desvR_qrecl_qpela
 119.927 53.3706 13.7441 0.00374729 231.761 129.896 71.1565 0 0 0 0 69.004 0 0 0
q_reclas_q_pelaces
1 1
M
1
N
 316639 139458 51303.7 18873.6 10984
 316639 108375 44408.8 16337.1 9507.8
 316639 105807 32894.8 13479.2 7844.6
 316639 109008 34087.8 10597.7 6869.88
 316639 107119 33912.1 10604.6 5434.1
 316639 113359 37320.2 11815 5587.9
 316639 108578 36232.9 11928.6 5562.47
 316639 102583 30978.1 10337.5 4990.35
 316639 115062 36821.6 11119.4 5501.86
 316639 112619 39566 12661.7 5715.51
 316639 112967 38965.4 13689.5 6358.38
 316639 115244 40677 14030.6 7218.84
 316639 109267 37304.1 13167 6878.4
 316639 109243 35354.2 12070.1 6485.88
 316639 106435 33552.9 10858.7 5699.27
 316639 110002 34917.9 11007.6 5432.12
 316639 103985 32248 10236.5 4819.46
 316639 107951 32853.9 10188.7 4756.93
 316639 101815 30339.7 9233.61 4200.49
 316639 87293.2 21034.7 6268.12 2775.46
 316639 89521.7 18967.2 4570.44 1965
 316639 93586.9 21258 4503.99 1551.92
 316639 81919.8 17027.8 3867.82 1101.85
 316639 101031 22670.8 4712.34 1375.33
 316639 103533 29361.5 6588.54 1769.18
 316639 104688 30763.7 8724.46 2483.41
 316639 109235 33867.5 9952.32 3625.84
 316639 107467 34203.8 10604.7 4251.63
pred_Ctot
 14017.4 11987.8 4410.08 1622.38 944.187
 18492.2 12173.2 4988.19 1835.05 1067.96
 12917.2 8401.02 2611.82 1070.24 622.856
 16204.9 10782.3 3371.73 1048.25 679.521
 5382.96 3601.24 1140.1 356.518 182.69
 13665.5 9506.93 3129.88 990.871 468.632
 24137.4 15727.1 5248.23 1727.82 805.707
 2447.92 1578.02 476.532 159.021 76.7659
 6660.91 4773.77 1527.68 461.331 228.265
 6060.66 4256.75 1495.5 478.584 216.033
 2135.11 1516.69 523.148 183.795 85.3674
 12468.6 8840.89 3120.53 1076.36 553.792
 12509.2 8408.94 2870.85 1013.31 529.348
 17396.2 11570.5 3744.54 1278.4 686.953
 11192.8 7349.6 2316.91 749.816 393.548
 21679.4 14386.7 4566.8 1439.65 710.449
 14755.7 9394.61 2913.48 924.83 435.42
 25486.8 16462.5 5010.2 1553.78 725.429
 51350 29555.5 8807.22 2680.4 1219.35
 47333.8 23568 5679.08 1692.31 749.336
 40053.5 20784 4403.56 1061.11 456.208
 61113.2 31631.2 7184.96 1522.29 524.53
 26864.1 13128.7 2728.92 619.869 176.586
 22470.9 13672.7 3068.07 637.727 186.125
 20448.1 12805.5 3631.58 814.904 218.821
 12524 8065.87 2370.24 672.19 191.338
 15598.3 10413.8 3228.72 948.792 345.665
 16175.3 10611.2 3377.25 1047.09 419.801
F
 0.0721627 0.144325 0.144325 0.144325 0.144325
 0.0961434 0.192287 0.192287 0.192287 0.192287
 0.0663394 0.132679 0.132679 0.132679 0.132679
 0.0838259 0.167652 0.167652 0.167652 0.167652
 0.0272008 0.0544017 0.0544017 0.0544017 0.0544017
 0.0702973 0.140595 0.140595 0.140595 0.140595
 0.127093 0.254187 0.254187 0.254187 0.254187
 0.0122931 0.0245862 0.0245862 0.0245862 0.0245862
 0.0337502 0.0675004 0.0675004 0.0675004 0.0675004
 0.0306695 0.061339 0.061339 0.061339 0.061339
 0.0107152 0.0214303 0.0214303 0.0214303 0.0214303
 0.063973 0.127946 0.127946 0.127946 0.127946
 0.064187 0.128374 0.128374 0.128374 0.128374
 0.0902257 0.180451 0.180451 0.180451 0.180451
 0.0572686 0.114537 0.114537 0.114537 0.114537
 0.113519 0.227039 0.227039 0.227039 0.227039
 0.0760868 0.152174 0.152174 0.152174 0.152174
 0.13461 0.26922 0.26922 0.26922 0.26922
 0.28849 0.57698 0.57698 0.57698 0.57698
 0.263282 0.526564 0.526564 0.526564 0.526564
 0.218873 0.437746 0.437746 0.437746 0.437746
 0.352022 0.704044 0.704044 0.704044 0.704044
 0.142331 0.284662 0.284662 0.284662 0.284662
 0.117874 0.235748 0.235748 0.235748 0.235748
 0.106777 0.213554 0.213554 0.213554 0.213554
 0.064265 0.12853 0.12853 0.12853 0.12853
 0.0805805 0.161161 0.161161 0.161161 0.161161
 0.0836677 0.167335 0.167335 0.167335 0.167335
nmprior
 8 9 7.5 0
nm_flota  nm_reclas  nm_pelaces    nm_pelaL
inf 3.65993 6.89632 6.89632
cv_recla  cv_pelaces  cv_mph
1.0659 0.934525 1.88914
 ------------------------------------------------
Talla a la edad & desviación 
 8 13.2811 15.8009 17.003 17.5766
 0.8 1.32811 1.58009 1.7003 1.75766
