years
 1991 1992 1993 1994 1995 1996 1997 1998 1999 2000 2001 2002 2003 2004 2005 2006 2007 2008 2009 2010 2011 2012 2013 2014 2015 2016 2017 2018 2019 2020 2021
reclasobs
 0 0 0 0 0 0 0 0 0 252601 567819 844713 477998 351125 339783 2.1784e+06 2.13404e+06 4.81314e+06 1.55562e+06 2.62356e+06 3.21686e+06 3.843e+06 1.13348e+06 3.07943e+06 1.97215e+06 2.03268e+06 2.025e+06 2.42433e+06 2.27542e+06 1.05018e+06 2.36338e+06
reclaspred
 3.31782e+06 1.90228e+06 966332 959495 956546 1.44622e+06 995722 899567 662379 496461 509641 627939 629323 520519 532669 1.25476e+06 1.2822e+06 2.64398e+06 2.22249e+06 1.69176e+06 3.01073e+06 2.45052e+06 2.00904e+06 3.03385e+06 2.29891e+06 2.03567e+06 2.3717e+06 2.48334e+06 2.08703e+06 1.36239e+06 1.93652e+06
pelacesobs
 0 0 0 0 0 0 0 0 0 0 0 0 0 0 0 552880 188675 0 991730 2.46772e+06 1.41603e+06 1.21717e+06 2.29649e+06 1.80582e+06 0 1.4828e+06 1.56532e+06 1.57751e+06 1.42118e+06 867257 1.10002e+06
pelacespred
 1.86936e+06 1.20782e+06 625525 504872 509249 794824 533092 558402 411898 297233 307656 321047 350571 314236 324943 627922 638093 1.48867e+06 1.32026e+06 941589 1.57143e+06 1.42793e+06 1.14606e+06 1.86993e+06 1.383e+06 1.21305e+06 1.60106e+06 1.6567e+06 1.14749e+06 856518 1.19589e+06
mphobs
 0 0 0 0 0 0 0 0 0 0 0 498337 0 5186 125008 0 168611 109162 213762 579715 649985 157893 87575 83554 0 0 0 0 0 0 0
mphpred
 491638 330563 169827 91869.7 102280 112735 147654 102719 88843.8 64012.9 43482.6 58696.4 63740.7 56311.9 42120.2 52020.4 145727 145507 260584 205644 222425 273644 261000 220196 299121 247443 204456 214671 293301 206777 135271
desembarqueobs
 494567 514787 250237 358949 120608 361735 552515 73892 212993 205616 52469 317467 293654 387597 252695 516296 358380 742168 942051 627588 828172 859565 418607 520667 417249 300574 415391 372974 316634 284311 391294
desembarquepred
 494573 513148 251078 358968 120611 361746 552559 73894.8 213027 205649 52470.9 317525 293704 387654 252700 516284 358399 742110 941939 627516 828227 859600 418618 520686 417253 300577 415394 372967 316633 284319 391298
Reclutas
 253902 148546 145263 271561 217189 357841 151316 72850.2 66451.7 86095.7 155755 192996 162841 115249 120963 625437 146210 937652 552168 420023 647907 863318 189928 561967 470463 213539 474577 530760 160890 118093 437630
log_desv_Rt
 0.033435 -0.502619 -0.524967 0.100673 -0.122745 0.376575 -0.484142 -1.21511 -1.30704 -1.04806 -0.455229 -0.240844 -0.410743 -0.756418 -0.70803 0.934936 -0.518472 1.33986 0.810338 0.536796 0.970232 1.25727 -0.256872 0.827928 0.650203 -0.139695 0.65891 0.770795 -0.422791 -0.732043 0.577859
SSB
 5.14394e+06 3.45863e+06 1.77687e+06 961219 1.07014e+06 1.17953e+06 1.54488e+06 1.07474e+06 929560 669758 454953 614132 666910 589183 440697 544282 1.52472e+06 1.52241e+06 2.72646e+06 2.15163e+06 2.3272e+06 2.8631e+06 2.73081e+06 2.30388e+06 3.12966e+06 2.58896e+06 2.13919e+06 2.24607e+06 3.06876e+06 2.16348e+06 1.41532e+06
BT
 6.72643e+06 4.58723e+06 2.36614e+06 2.00897e+06 1.8133e+06 2.99105e+06 2.29702e+06 1.94817e+06 1.60141e+06 1.20314e+06 1.08421e+06 1.35275e+06 1.45145e+06 1.4652e+06 1.3508e+06 2.54035e+06 2.43416e+06 5.67862e+06 5.36734e+06 3.74522e+06 5.97559e+06 5.6275e+06 4.23365e+06 6.79347e+06 5.05098e+06 4.36027e+06 5.82622e+06 5.96383e+06 4.13278e+06 3.16532e+06 4.406e+06
Ftot
 0.0828934 0.148677 0.143836 0.213123 0.071796 0.144394 0.304985 0.04664 0.181297 0.232138 0.0603028 0.286198 0.263819 0.41712 0.274052 0.24294 0.156705 0.164615 0.239141 0.209807 0.157833 0.200139 0.116669 0.100188 0.102941 0.08349 0.101903 0.0879101 0.084268 0.11656 0.118538
BD_Bspro_t
 0.986825 0.90027 0.789108 0.719738 0.713749 0.768505 0.759855 0.640961 0.687501 0.659753 0.635874 0.773499 0.677323 0.604358 0.518508 0.571449 0.700675 0.689244 0.751514 0.676599 0.653575 0.696202 0.710398 0.709332 0.790233 0.796893 0.803054 0.827169 0.85673 0.81278 0.768506
BD_Bspro
 2.93069 1.97051 1.01235 0.547642 0.609696 0.672023 0.880175 0.612317 0.529604 0.381585 0.259203 0.349893 0.379963 0.335679 0.251081 0.310097 0.868688 0.867375 1.55336 1.22586 1.32589 1.63121 1.55584 1.3126 1.78308 1.47502 1.21878 1.27967 1.74839 1.23261 0.806359
BD_Bo
 1.98213 1.33273 0.684688 0.37039 0.41236 0.454514 0.595295 0.414133 0.358191 0.25808 0.175308 0.236646 0.256983 0.227032 0.169815 0.20973 0.587526 0.586638 1.0506 0.829094 0.896749 1.10325 1.05227 0.887761 1.20596 0.997613 0.824303 0.865486 1.1825 0.833662 0.54537
BD_Brms
 3.60388 2.42314 1.24489 0.673437 0.749745 0.826389 1.08235 0.752969 0.651256 0.469237 0.318743 0.430265 0.467241 0.412785 0.308755 0.381328 1.06823 1.06661 1.91017 1.50744 1.63045 2.00591 1.91322 1.61411 2.19266 1.81384 1.49873 1.57361 2.15 1.51575 0.991582
Sel_flota
 0.890664 1 1 1 1
 0.890664 1 1 1 1
 0.890664 1 1 1 1
 0.890664 1 1 1 1
 0.890664 1 1 1 1
 0.890664 1 1 1 1
 0.890664 1 1 1 1
 0.890664 1 1 1 1
 0.890664 1 1 1 1
 0.890664 1 1 1 1
 0.890664 1 1 1 1
 0.890664 1 1 1 1
 0.890664 1 1 1 1
 0.890664 1 1 1 1
 0.890664 1 1 1 1
 0.890664 1 1 1 1
 0.890664 1 1 1 1
 0.890664 1 1 1 1
 0.890664 1 1 1 1
 0.890664 1 1 1 1
 0.890664 1 1 1 1
 0.890664 1 1 1 1
 0.890664 1 1 1 1
 0.890664 1 1 1 1
 0.890664 1 1 1 1
 0.890664 1 1 1 1
 0.890664 1 1 1 1
 0.890664 1 1 1 1
 0.890664 1 1 1 1
 0.890664 1 1 1 1
 0.890664 1 1 1 1
Sel_reclas
 1 1 1 1 1
 1 1 1 1 1
 1 1 1 1 1
 1 1 1 1 1
 1 1 1 1 1
 1 1 1 1 1
 1 1 1 1 1
 1 1 1 1 1
 1 1 1 1 1
 1 1 1 1 1
 1 1 1 1 1
 1 1 1 1 1
 1 1 1 1 1
 1 1 1 1 1
 1 1 1 1 1
 1 1 1 1 1
 1 1 1 1 1
 1 1 1 1 1
 1 1 1 1 1
 1 1 1 1 1
 1 1 1 1 1
 1 1 1 1 1
 1 1 1 1 1
 1 1 1 1 1
 1 1 1 1 1
 1 1 1 1 1
 1 1 1 1 1
 1 1 1 1 1
 1 1 1 1 1
 1 1 1 1 1
 1 1 1 1 1
Sel_pelaces
 1 1 1 1 1
 1 1 1 1 1
 1 1 1 1 1
 1 1 1 1 1
 1 1 1 1 1
 1 1 1 1 1
 1 1 1 1 1
 1 1 1 1 1
 1 1 1 1 1
 1 1 1 1 1
 1 1 1 1 1
 1 1 1 1 1
 1 1 1 1 1
 1 1 1 1 1
 1 1 1 1 1
 1 1 1 1 1
 1 1 1 1 1
 1 1 1 1 1
 1 1 1 1 1
 1 1 1 1 1
 1 1 1 1 1
 1 1 1 1 1
 1 1 1 1 1
 1 1 1 1 1
 1 1 1 1 1
 1 1 1 1 1
 1 1 1 1 1
 1 1 1 1 1
 1 1 1 1 1
 1 1 1 1 1
 1 1 1 1 1
pf_obs 
 0.8446 0.082 0.0669 0.0065 0
 0.8095 0.147 0.0364 0.0071 0
 0.9664 0.0169 0.016 0.0007 0
 0.9276 0.0648 0.0075 0.0001 0
 0.7033 0.2144 0.0806 0.0017 0
 0.9318 0.0425 0.0243 0.0014 0
 0.5671 0.3108 0.0964 0.0239 0.0018
 0.0768 0.2599 0.5324 0.112 0.0189
 0.490249 0.384438 0.106611 0.0170017 0.00170017
 0.7925 0.1577 0.0466 0.003 0.0002
 0.840416 0.127587 0.0312969 0.00059994 9.999e-05
 0.8084 0.0986 0.0794 0.0134 0.0002
 0.7335 0.1905 0.0724 0.0035 0.0001
 0.4001 0.4547 0.1325 0.0127 0
 0.49795 0.308269 0.164784 0.0264974 0.00249975
 0.9179 0.0499 0.0305 0.0017 0
 0.2467 0.6533 0.0926 0.0074 0
 0.9418 0.0223 0.034 0.0019 0
 0.707729 0.231977 0.0356964 0.0245975 0
 0.517169 0.277429 0.184464 0.0207286 0.00020938
 0.811772 0.124168 0.05621 0.00726502 0.000585176
 0.764997 0.148141 0.077277 0.00933861 0.000247198
 0.163321 0.427699 0.378323 0.0303852 0.000271297
 0.753843 0.0900009 0.118128 0.0371064 0.000921714
 0.721811 0.176058 0.0630433 0.0369309 0.00215725
 0.143369 0.312575 0.442814 0.0836902 0.0175525
 0.692698 0.0596174 0.167031 0.0765114 0.00414204
 0.394062 0.376323 0.152708 0.0712218 0.00568511
 0.125707 0.32114 0.495352 0.0537591 0.00404204
 0.23352 0.215282 0.420074 0.123614 0.00750983
 0.774587 0.0839891 0.0768558 0.0609784 0.00358967
pf_pred 
 0.420129 0.110123 0.445791 0.0239554 7.37781e-07
 0.408504 0.266107 0.0617946 0.250152 0.0134427
 0.544312 0.200103 0.114985 0.0267014 0.113899
 0.749168 0.144262 0.0467975 0.0268912 0.0328819
 0.644753 0.274517 0.0464307 0.0150618 0.019238
 0.741954 0.173362 0.0654396 0.0110682 0.00817641
 0.474434 0.402153 0.082912 0.0312971 0.00920393
 0.437948 0.285746 0.211424 0.0435894 0.0212927
 0.520289 0.224201 0.129901 0.096114 0.0294955
 0.67275 0.180645 0.0685182 0.0396991 0.0383876
 0.791031 0.146469 0.0345006 0.013086 0.0149135
 0.72195 0.225255 0.037005 0.00871648 0.00707399
 0.666094 0.249814 0.0681242 0.0111915 0.00477554
 0.605245 0.274364 0.0900714 0.0245624 0.00575697
 0.704372 0.188911 0.0741708 0.0243497 0.00819646
 0.921953 0.0570885 0.0133931 0.00525843 0.0023074
 0.39713 0.561224 0.0304627 0.00714661 0.00403716
 0.884928 0.0492094 0.0613124 0.00332798 0.0012218
 0.599477 0.359347 0.0176085 0.0219393 0.00162804
 0.591893 0.257349 0.135259 0.0066279 0.00887082
 0.738452 0.162883 0.0622176 0.0327008 0.00374703
 0.740565 0.197703 0.0384441 0.0146848 0.00860256
 0.328511 0.513383 0.120485 0.0234288 0.0141919
 0.739881 0.092672 0.128021 0.0300451 0.00938138
 0.629357 0.282693 0.0313337 0.0432856 0.0133306
 0.442839 0.366298 0.145574 0.0161354 0.0291548
 0.733585 0.125989 0.0923214 0.0366903 0.0114149
 0.69257 0.232664 0.0353568 0.0259085 0.0135
 0.363817 0.456657 0.135867 0.0206469 0.023013
 0.430336 0.223483 0.248491 0.0739324 0.0237577
 0.821775 0.0821243 0.037701 0.0419199 0.0164801
pobs_RECLAS
 0 0 0 0 0
 0 0 0 0 0
 0 0 0 0 0
 0 0 0 0 0
 0 0 0 0 0
 0 0 0 0 0
 0 0 0 0 0
 0 0 0 0 0
 0 0 0 0 0
 0 0 0 0 0
 0.991045 0.00858322 0.000360255 1.14367e-05 0
 0.934742 0.0480273 0.0164251 0.00080598 0
 0.827803 0.169806 0.00239088 0 0
 0.941827 0.0461693 0.0120037 0 0
 0.791401 0.0380133 0.147996 0.0225897 0
 0.846168 0.0940531 0.0597789 0 0
 0.134021 0.677848 0.182769 0.00536245 0
 0.80878 0.0450904 0.141981 0.00414843 0
 0.846168 0.0940531 0.0597789 0 0
 0.905697 0.0802665 0.012482 0.00150086 5.37128e-05
 0.989698 0.0102097 9.19794e-05 0 0
 0.975433 0.0193895 0.00387452 0.00125025 5.28907e-05
 0.303575 0.632131 0.0575291 0.00676475 0
 0.966965 0.00978017 0.0227588 0.000495775 0
 0.843318 0.132988 0.00938335 0.0141283 0.000182051
 0.564624 0.303363 0.111486 0.0197234 0.00080311
 0.826376 0.0876187 0.0782897 0.00655872 0.00115652
 0.89761 0.0855135 0.0140674 0.00269457 0.000114338
 0.34875 0.467042 0.161289 0.0227151 0.000203297
 0.318654 0.224769 0.449479 0.00709798 0
 0.937255 0.0296025 0.0250945 0.00804832 0
ppred_RECLAS
 0.448767 0.104685 0.423775 0.0227723 7.01345e-07
 0.437122 0.253232 0.0588049 0.238049 0.0127924
 0.57321 0.187413 0.107693 0.0250081 0.106676
 0.770696 0.13188 0.042781 0.0245832 0.0300597
 0.670959 0.254266 0.0430055 0.0139507 0.0178188
 0.763759 0.158712 0.0599098 0.0101329 0.00748549
 0.50423 0.379354 0.0782115 0.0295228 0.00868213
 0.466732 0.271112 0.200597 0.0413571 0.0202022
 0.549557 0.210522 0.121975 0.0902499 0.027696
 0.698246 0.166571 0.0631801 0.0366062 0.0353969
 0.809615 0.133443 0.0314324 0.0119222 0.0135872
 0.745199 0.20642 0.0339108 0.00798764 0.00648249
 0.691958 0.230464 0.0628474 0.0103246 0.00440564
 0.633739 0.25456 0.0835699 0.0227894 0.00534143
 0.728506 0.173489 0.0681157 0.0223618 0.00752733
 0.930061 0.0511578 0.0120017 0.00471215 0.00206769
 0.425546 0.53477 0.0290268 0.00680976 0.00384687
 0.896362 0.0443201 0.0552205 0.00299732 0.00110041
 0.627541 0.334168 0.0163747 0.0204021 0.00151397
 0.620065 0.239584 0.125922 0.00617038 0.00825847
 0.760486 0.149161 0.0569762 0.029946 0.00343137
 0.762569 0.180935 0.0351835 0.0134394 0.00787294
 0.354806 0.49328 0.115767 0.0225114 0.0136362
 0.761717 0.0848924 0.117274 0.0275229 0.00859384
 0.656167 0.262245 0.0290672 0.0401547 0.0123664
 0.471766 0.34728 0.138016 0.0152976 0.0276411
 0.755779 0.115493 0.0846305 0.0336338 0.010464
 0.716832 0.214303 0.0325664 0.0238639 0.0124346
 0.391208 0.436995 0.130017 0.0197579 0.0220221
 0.459206 0.212157 0.235898 0.0701855 0.0225537
 0.838266 0.0745252 0.0342125 0.038041 0.0149551
pobs_PELACES
 0 0 0 0 0
 0 0 0 0 0
 0 0 0 0 0
 0 0 0 0 0
 0 0 0 0 0
 0 0 0 0 0
 0 0 0 0 0
 0 0 0 0 0
 0 0 0 0 0
 0 0 0 0 0
 0 0 0 0 0
 0 0 0 0 0
 0 0 0 0 0
 0 0 0 0 0
 0 0 0 0 0
 0 0 0 0 0
 0.505614 0.472636 0.0217494 0 0
 0 0 0 0 0
 0.443492 0.261883 0.143347 0.151278 0
 0.227955 0.32914 0.350689 0.0885471 0.00366901
 0.970185 0.0296113 0.000203453 0 0
 0.997202 0.00247181 0.000326279 0 0
 0.445219 0.490057 0.0546422 0.010081 0
 0.90214 0.0892962 0.00764917 0.000914606 0
 0 0 0 0 0
 0.581667 0.319106 0.0959925 0.00289975 0.000334073
 0.762889 0.0836404 0.116647 0.0363945 0.000428098
 0.88444 0.0763242 0.0277011 0.0115352 0
 0.521256 0.241999 0.230069 0.00667565 0
 0.616807 0.101726 0.260614 0.0208532 0
 0.833518 0.0704572 0.0857862 0.0102388 0
ppred_PELACES
 0.449507 0.104544 0.423207 0.0227417 7.00404e-07
 0.438442 0.252638 0.058667 0.23749 0.0127623
 0.574479 0.186856 0.107373 0.0249338 0.106359
 0.772052 0.1311 0.042528 0.0244378 0.0298819
 0.671531 0.253824 0.0429308 0.0139265 0.0177878
 0.764698 0.158082 0.0596718 0.0100927 0.00745575
 0.506981 0.377249 0.0777775 0.029359 0.00863396
 0.467151 0.270899 0.200439 0.0413246 0.0201863
 0.551175 0.209765 0.121537 0.0899256 0.0275964
 0.700007 0.165599 0.0628112 0.0363925 0.0351903
 0.80995 0.133209 0.0313771 0.0119013 0.0135633
 0.747155 0.204835 0.0336505 0.00792633 0.00643273
 0.693983 0.228949 0.0624342 0.0102568 0.00437667
 0.637226 0.252137 0.0827745 0.0225725 0.00529058
 0.730458 0.172242 0.0676262 0.0222011 0.00747323
 0.930629 0.0507423 0.0119042 0.00467388 0.0020509
 0.426929 0.533483 0.028957 0.00679336 0.00383761
 0.896912 0.0440847 0.0549272 0.0029814 0.00109456
 0.629556 0.332361 0.0162862 0.0202917 0.00150578
 0.621847 0.23846 0.125332 0.00614144 0.00821974
 0.761521 0.148516 0.0567298 0.0298165 0.00341653
 0.763874 0.179941 0.0349902 0.0133655 0.00782967
 0.35577 0.492542 0.115594 0.0224777 0.0136158
 0.762372 0.0846589 0.116951 0.0274472 0.0085702
 0.657004 0.261606 0.0289964 0.0400569 0.0123363
 0.472517 0.346786 0.137819 0.0152759 0.0276018
 0.756457 0.115173 0.0843955 0.0335404 0.0104349
 0.717476 0.213816 0.0324925 0.0238097 0.0124063
 0.391933 0.436475 0.129862 0.0197344 0.0219959
 0.460251 0.211747 0.235442 0.0700499 0.0225101
 0.838845 0.0742584 0.03409 0.0379048 0.0149016
pobs_pel_tallas
 0 0 0 0 0 0 0 0 0 0 0 0 0 0 0 0 0 0 0 0 0 0 0 0 0 0
 0 0 0 0 0 0 0 0 0 0 0 0 0 0 0 0 0 0 0 0 0 0 0 0 0 0
 0 0 0 0 0 0 0 0 0 0 0 0 0 0 0 0 0 0 0 0 0 0 0 0 0 0
 0 0 0 0 0 0 0 0 0 0 0 0 0 0 0 0 0 0 0 0 0 0 0 0 0 0
 0 0 0 0 0 0 0 0 0 0 0 0 0 0 0 0 0 0 0 0 0 0 0 0 0 0
 0 0 0 0 0 0 0 0 0 0 0 0 0 0 0 0 0 0 0 0 0 0 0 0 0 0
 0 0 0 0 0 0 0 0 0 0 0 0 0 0 0 0 0 0 0 0 0 0 0 0 0 0
 0 0 0 0 0 0 0 0 0 0 0 0 0 0 0 0 0 0 0 0 0 0 0 0 0 0
 0 0 0 0 0 0 0 0 0 0 0 0 0 0 0 0 0 0 0 0 0 0 0 0 0 0
 0 0 0 0 0 0 0 0 0 0 0 0 0 0 0 0 0 0 0 0 0 0 0 0 0 0
 0 0 0 0 0 0 0 0 0 0 0 0 0 0 0 0 0 0 0 0 0 0 0 0 0 0
 0 0 0 0 0 0 0 0 0 0 0 0 0 0 0 0 0 0 0 0 0 0 0 0 0 0
 0.00862536 0 0 0.000197151 0.00414017 0.0128641 0.00837892 0.0270097 0.101434 0.158115 0.152841 0.127902 0.109271 0.109419 0.0830992 0.0579132 0.0238553 0.00714673 0.00463305 0.00128148 0.00103504 0.000492878 0.000147863 0.000147863 4.92878e-05 0
 0 0 0 0 0 0 0 0 0 0 0 0 0 0 0 0 0 0 0 0 0 0 0 0 0 0
 0 0 0 0 0 0 0 0.0054083 0.00873648 0.0413646 0.0450493 0.0745869 0.0622846 0.0627006 0.0613931 0.0827291 0.12552 0.122667 0.0946155 0.0697135 0.0546179 0.0294188 0.0215738 0.0213955 0.0102223 0.00600262
 0 0 0 0 0.00359764 0.0251062 0.0480494 0.140153 0.205849 0.193036 0.1447 0.116669 0.0760912 0.0342217 0.00950174 0.001854 0.000860785 0 0 0 0.000165536 0 0.000143464 0 0 0
 0 0 0 0 0 0 0 0.000145254 0.000435761 0.0275982 0.070085 0.0708112 0.156366 0.174668 0.174014 0.160142 0.0824315 0.0480064 0.0283245 0.00493863 0.00203355 0 0 0 0 0
 0 0 0 0 0 0 0 0 0 0 0 0 0 0 0 0 0 0 0 0 0 0 0 0 0 0
 0 0 1.00437e-05 0.000401748 0.00122533 0.00171747 0.00176769 0.0269171 0.070346 0.194647 0.189555 0.159765 0.064822 0.0314167 0.0384472 0.0292271 0.0345202 0.0313363 0.0194345 0.0106764 0.0143323 0.0359363 0.0279516 0.0138201 0.00172751 0
 0 0.0021121 0.0136068 0.0755702 0.200478 0.177729 0.0527432 0.0373336 0.0318909 0.0142505 0.0149659 0.0166563 0.0217959 0.0798694 0.0677717 0.0528807 0.04013 0.0224614 0.0357745 0.0225083 0.00881397 0.00855152 0.00135912 0.000746735 0 0
 0 0 0 0 5.4009e-05 0.00500934 0.000945158 0.0243581 0.138947 0.33067 0.221406 0.137944 0.0707744 0.0437923 0.0131692 0.00525238 0.0047753 0.00276346 9.45158e-05 9.00151e-06 2.25038e-05 9.00151e-06 4.50075e-06 0 0 0
 0.000866109 0.00284123 0.00948549 0.0512746 0.133035 0.25785 0.225252 0.132002 0.0553304 0.0519788 0.0540692 0.017754 0.00435017 0.00159236 0.00146478 0.000404838 0.000125132 0.000115318 0.000107957 0.000100596 0 0 0 0 0 0
 0 0 0 0 0.00144013 0.00171154 0.00461396 0.0210425 0.0478622 0.0707936 0.0888783 0.103762 0.0637923 0.0337046 0.0602308 0.124433 0.169614 0.0934646 0.0462172 0.0250306 0.0313229 0.00938855 0.002487 0.000210481 0 0
 0 0.00764035 0.051015 0.0998891 0.058973 0.0496711 0.0374665 0.0718981 0.12319 0.153886 0.159021 0.0857701 0.0377988 0.023471 0.0147837 0.00900784 0.00315554 0.000888139 0.00291439 0.00214683 0.00393193 0.00274676 0.000635225 9.99891e-05 0 0
 0 0 0 0 0 0 0 0 0 0 0 0 0 0 0 0 0 0 0 0 0 0 0 0 0 0
 0 0 0 0 0 0 0 0 0 0 0 0 0 0 0 0 0 0 0 0 0 0 0 0 0 0
 0 0 0 0 0 0 0 0 0 0 0 0 0 0 0 0 0 0 0 0 0 0 0 0 0 0
 0 0 0 0 0 0 0 0 0 0 0 0 0 0 0 0 0 0 0 0 0 0 0 0 0 0
 0 0 0 0 0 0 0 0 0 0 0 0 0 0 0 0 0 0 0 0 0 0 0 0 0 0
 0 0 0 0 0 0 0 0 0 0 0 0 0 0 0 0 0 0 0 0 0 0 0 0 0 0
 0 0 0 0 0 0 0 0 0 0 0 0 0 0 0 0 0 0 0 0 0 0 0 0 0 0
ppred_pel_tallas
 1.14521e-16 3.70253e-05 0.000359899 0.00239166 0.0108721 0.0338273 0.072073 0.105195 0.105206 0.0721257 0.0340059 0.0113961 0.00373747 0.00339867 0.00610307 0.010798 0.0173324 0.0254938 0.0349478 0.0453155 0.056001 0.0658342 0.0729723 0.075426 0.0720203 0.0631302
 1.27735e-16 3.61139e-05 0.00035104 0.00233279 0.0106045 0.0329948 0.0702997 0.10261 0.102634 0.0704193 0.0333968 0.0117676 0.00525929 0.00676429 0.0122929 0.0204805 0.0300428 0.0390222 0.0455604 0.0490857 0.0507557 0.0526282 0.0561459 0.0610908 0.0657033 0.0677217
 1.23646e-16 4.73191e-05 0.000459959 0.00305659 0.0138948 0.043232 0.0921111 0.134443 0.134461 0.0921999 0.0435307 0.0147596 0.00523513 0.00524227 0.00920946 0.0153644 0.0226466 0.0296109 0.0348573 0.0378695 0.0393471 0.0406585 0.042829 0.0458566 0.0487808 0.0502972
 1.08769e-16 6.35929e-05 0.000618146 0.0041078 0.0186735 0.0581001 0.123789 0.180676 0.180689 0.123851 0.0583085 0.019276 0.00562281 0.00393435 0.00638862 0.0105339 0.0153461 0.0196894 0.0224696 0.0232347 0.0224529 0.0211674 0.0202983 0.0201352 0.0203276 0.0202465
 1.05711e-16 5.53132e-05 0.000537664 0.00357297 0.0162422 0.0505356 0.107672 0.157156 0.157181 0.107792 0.0509373 0.0174027 0.00648687 0.00690167 0.0121507 0.0200243 0.0289006 0.0364771 0.0404524 0.0397869 0.0353249 0.0292088 0.023567 0.0194979 0.0169374 0.0151984
 1.04037e-16 6.29872e-05 0.000612258 0.00406867 0.0184956 0.0575467 0.12261 0.178956 0.178971 0.122685 0.057798 0.0192221 0.00589512 0.00460918 0.00768258 0.0126764 0.0184308 0.0235469 0.0266342 0.0270426 0.0252137 0.0223094 0.0194347 0.0170844 0.0151445 0.0132671
 1.06747e-16 4.17594e-05 0.000405916 0.00269746 0.0122623 0.0381527 0.0812897 0.118652 0.118689 0.0814676 0.0387502 0.0139886 0.0070331 0.0098782 0.0180538 0.0298402 0.0431239 0.0545336 0.0606576 0.0599299 0.0535425 0.0445768 0.0360831 0.0296188 0.0251019 0.0216294
 1.13414e-16 3.84786e-05 0.000374026 0.00248554 0.0112989 0.0351552 0.0749029 0.109328 0.109355 0.0750319 0.0355891 0.0125556 0.00565307 0.00733173 0.0133788 0.0223882 0.033024 0.0431612 0.0506225 0.0543689 0.0549844 0.0539813 0.0525435 0.0507897 0.0480371 0.0436206
 1.1725e-16 4.53996e-05 0.000441301 0.0029326 0.0133312 0.0414784 0.0883748 0.12899 0.12901 0.0884745 0.0418138 0.0143023 0.00537936 0.00581298 0.010338 0.0172616 0.025444 0.0332556 0.039088 0.0422837 0.0434991 0.0441004 0.0450781 0.0463646 0.047006 0.0458942
 1.1146e-16 5.76587e-05 0.000560463 0.00372448 0.0169309 0.0526785 0.112238 0.163818 0.163834 0.112316 0.052942 0.0176931 0.00564177 0.00475973 0.00807432 0.0133689 0.0195232 0.025142 0.0288636 0.0301239 0.0294954 0.0282459 0.0274636 0.0274384 0.0276788 0.0273879
 1.04429e-16 6.67145e-05 0.000648489 0.00430944 0.0195901 0.0609521 0.129865 0.189545 0.189558 0.129928 0.0611633 0.0202003 0.00584248 0.00399942 0.00644359 0.0105815 0.0153202 0.0194477 0.0217825 0.021799 0.0199376 0.017286 0.0148911 0.0132391 0.0122114 0.0113916
 1.02908e-16 6.15422e-05 0.000598212 0.00397533 0.0180713 0.0562266 0.119797 0.174852 0.174872 0.119894 0.0565507 0.0190075 0.00632575 0.00573065 0.00981331 0.0161375 0.0232683 0.0293199 0.0324127 0.0316829 0.027789 0.0224499 0.0173989 0.0135706 0.0109923 0.00920197
 1.0363e-16 5.71625e-05 0.00055564 0.00369243 0.0167852 0.0522252 0.111272 0.16241 0.162432 0.11138 0.0525883 0.0178344 0.00632836 0.00631754 0.0110224 0.0181902 0.026334 0.033399 0.0373196 0.0371285 0.0334988 0.0282217 0.0230672 0.018936 0.0158007 0.0132036
 1.05613e-16 5.24875e-05 0.000510197 0.00339044 0.0154125 0.047954 0.102172 0.149128 0.149153 0.102291 0.0483544 0.0165698 0.00629941 0.00687325 0.0121746 0.0201427 0.0292427 0.0372608 0.0419651 0.0423164 0.0390425 0.0340474 0.029159 0.0252234 0.0220857 0.0191793
 1.05487e-16 6.01669e-05 0.000584843 0.00388649 0.0176674 0.05497 0.11712 0.170944 0.17096 0.117202 0.0552439 0.0184596 0.00587848 0.00494553 0.00837781 0.0138496 0.0201685 0.0258355 0.0293599 0.0300557 0.0284148 0.0256896 0.0230382 0.0209247 0.0191378 0.017226
 1.01173e-16 7.66547e-05 0.000745111 0.00495152 0.0225089 0.0700336 0.149214 0.217783 0.217788 0.149238 0.070114 0.0227413 0.00553532 0.00202102 0.00250422 0.0040303 0.00582611 0.00738592 0.00825148 0.00821561 0.00743866 0.00632952 0.00528703 0.00450554 0.003959 0.00351528
 1.02303e-16 3.51657e-05 0.000341823 0.00227154 0.0103261 0.0321286 0.0684554 0.0999234 0.0999747 0.0687062 0.0329707 0.0127572 0.00837019 0.013643 0.0252603 0.0416101 0.0597155 0.074627 0.0813236 0.0774926 0.0649323 0.0483902 0.0328034 0.0210656 0.0135898 0.0092857
 1.02081e-16 7.38775e-05 0.000718115 0.00477213 0.0216934 0.0674963 0.143808 0.209893 0.209897 0.143829 0.0675676 0.0219003 0.00529508 0.00187171 0.00229985 0.00377643 0.00564471 0.00753787 0.00911963 0.0102094 0.0108382 0.0111356 0.0111568 0.0108179 0.00999152 0.00865598
 1.02845e-16 5.18557e-05 0.000504056 0.00334963 0.015227 0.0473769 0.100943 0.147335 0.147367 0.101099 0.0479015 0.0167418 0.00714992 0.00879331 0.0157749 0.0259461 0.0372546 0.04661 0.0509082 0.0487401 0.0412544 0.031417 0.0222744 0.0155536 0.0114014 0.00902468
 1.05685e-16 5.12208e-05 0.000497884 0.00330862 0.0150405 0.0467967 0.0997062 0.145529 0.145552 0.0998192 0.0471767 0.01614 0.00607531 0.00656005 0.0116299 0.0193161 0.0282162 0.0363035 0.0415133 0.0428412 0.0408482 0.0371031 0.0330628 0.0293266 0.0257179 0.021868
 1.05244e-16 6.27255e-05 0.000609715 0.00405177 0.0184188 0.0573077 0.122101 0.178212 0.178227 0.122171 0.0575439 0.0191018 0.00576963 0.00437062 0.00723745 0.0119507 0.0174114 0.0223264 0.0254223 0.026123 0.0248663 0.0227353 0.0207118 0.0191556 0.0178279 0.0162846
 1.03722e-16 6.29193e-05 0.000611598 0.00406429 0.0184757 0.0574847 0.122478 0.178764 0.178781 0.122563 0.0577697 0.0192989 0.0061317 0.005128 0.00865006 0.0142266 0.0205503 0.0259778 0.0288812 0.0285204 0.0254771 0.0212384 0.0172746 0.0143331 0.0123612 0.0108961
 1.08021e-16 2.93044e-05 0.000284849 0.00189293 0.00860499 0.0267736 0.0570457 0.0832698 0.0833174 0.0572781 0.027554 0.0108601 0.00755726 0.0126623 0.0235719 0.039016 0.05642 0.071409 0.0795252 0.078697 0.0704276 0.0586726 0.0473621 0.0385278 0.0321299 0.0271105
 1.076e-16 6.27956e-05 0.000610396 0.0040563 0.0184393 0.0573717 0.122237 0.17841 0.178418 0.122277 0.0575091 0.0188386 0.00506701 0.00284471 0.00438834 0.00737088 0.0111172 0.0150423 0.0185734 0.0214253 0.0236823 0.0255491 0.0269999 0.0276673 0.0270707 0.0249712
 1.07009e-16 5.41166e-05 0.000526033 0.00349567 0.0158908 0.0494425 0.105343 0.153757 0.153782 0.105467 0.0498562 0.0170858 0.00649555 0.00707588 0.0124974 0.020588 0.02969 0.0374328 0.0414599 0.0407396 0.0362052 0.0301318 0.0247489 0.021154 0.0191665 0.0179143
 1.10269e-16 3.89207e-05 0.000378323 0.00251409 0.0114287 0.0355591 0.0757637 0.110586 0.11062 0.0759278 0.0361105 0.0130231 0.00652323 0.00915344 0.0167725 0.027845 0.0405258 0.0518405 0.0587614 0.0598737 0.0561472 0.050116 0.0441754 0.0393737 0.0354218 0.0315198
 1.07595e-16 6.23083e-05 0.000605659 0.00402482 0.0182963 0.0569265 0.121288 0.177026 0.177037 0.121343 0.0571111 0.0188309 0.00537279 0.00356774 0.00574538 0.00955157 0.0141126 0.0185098 0.0218464 0.0237184 0.0244069 0.0245635 0.024656 0.0246458 0.0241126 0.0226379
 1.0548e-16 5.90976e-05 0.000574449 0.00381742 0.0173534 0.0539931 0.115039 0.167907 0.167927 0.11514 0.0543315 0.0183309 0.0062717 0.0059346 0.0102466 0.0168675 0.0243469 0.030742 0.034126 0.0336426 0.0300252 0.0250927 0.0206319 0.0175306 0.0156702 0.014399
 1.09561e-16 3.22831e-05 0.000313803 0.00208533 0.00947965 0.0294949 0.0628436 0.091731 0.0917731 0.0630498 0.0301875 0.0114813 0.00711517 0.0113119 0.0209723 0.0347584 0.0503914 0.0640494 0.0718381 0.0719459 0.0656649 0.0563807 0.0473949 0.0403182 0.0349804 0.0304061
 1.17683e-16 3.79103e-05 0.000368502 0.00244882 0.011132 0.0346359 0.0737963 0.107712 0.107733 0.0738979 0.034978 0.0121244 0.00495665 0.00589924 0.0107073 0.0180765 0.0270602 0.0361901 0.0439614 0.0496626 0.0536437 0.0567057 0.0591571 0.0604015 0.0593698 0.0553435
 1.07326e-16 6.90946e-05 0.000671624 0.00446318 0.020289 0.0631265 0.134498 0.196305 0.196312 0.134533 0.063245 0.020632 0.00532701 0.00256671 0.00369642 0.00607794 0.00893493 0.0116454 0.0136435 0.0147203 0.0151518 0.0154765 0.0160883 0.0169661 0.017717 0.0178425
pSPR Fmed_Fpbrs
0.746348   0.6 0.325
Fs Fmed_Fpbrs
0.146096   0.264274 0.638797
SSBpbr Bo_Bmed_Bpbrs
2.59515e+06  1.80713e+06  1.42733e+06 713667
Ro
245553
SPR SPRFo_SPRFmed_SPRFpbrs
1.7552e+06 1.30999e+06 570439
Fref
0.264274
Nvult_r0
 292766 26364.2 12103.1 13457.5 5290.56
CTP_r0
 27957.7 2793.96 1282.63 1426.16 560.67
YTP_r0
391298
Np
 343708 144864 12795.8 5874.21 8665.79
Nvult_p0
 243783 103948 9181.72 4215.07 6218.19
CTP_p0
 46448.5 21728.5 1919.27 881.086 1299.8
YTP_p0
 814615
CBA_c0
518293
log_Ro
12.2313
likeval ReclasPelacesDesembMPH_pf_preclas_ppelaces_ptallas_desvR_qrecl_qpela
 16.2783 17.3766 0.108148 0.000812367 241.599 120.82 98.0876 0 22.7736 1.53067e-05 7.22192e-06 0.549834 1.02464e-15 0 0
q_reclas_q_pelaces
0.574416 0.682269
M
1
N
 253902 59497.3 240852 12942.6 0.398608
 148546 86757.7 20146.6 81555.9 4382.68
 145263 47869.3 27507.1 6387.61 27247.3
 271561 47013.7 15250.9 8763.6 10715.9
 217189 82629.5 13975.6 4533.6 5790.62
 357841 74950.2 28291.8 4785.16 3534.94
 151316 115756 23865.4 9008.57 2649.26
 72850.2 42424.8 31390.3 6471.74 3161.33
 66451.7 25709.6 14896 11021.6 3382.32
 86095.7 20801 7889.78 4571.3 4420.28
 155755 25756.9 6067 2301.2 2622.56
 192996 54302.8 8920.93 2101.31 1705.35
 162841 55023.7 15004.9 2465.02 1051.85
 115249 47360.9 15548.2 4239.99 993.774
 120963 29241.3 11480.8 3769.06 1268.72
 625437 34862 8178.69 3211.14 1409.05
 146210 185318 10058.9 2359.84 1333.09
 937652 46780.7 58286.4 3163.73 1161.5
 552168 297901 14597.6 18187.8 1349.66
 420023 164163 86282 4227.94 5658.7
 647907 128181 48962.3 25734 2948.74
 863318 207094 40270.1 15382.3 9011.15
 189928 265742 62366.7 12127.4 7346.15
 561967 62974.5 86995.6 20416.9 6375.04
 470463 189087 20958.4 28952.9 8916.58
 213539 157911 62756.9 6955.97 12568.6
 474577 72927 53439 21237.7 6607.36
 530760 159439 24229.1 17754.5 9251.2
 160890 180551 53718.3 8163.28 9098.76
 118093 54908.6 61053 18164.8 5837.14
 437630 39160 17977.3 19989 7858.33
pred_Ctot
 11491.9 3012.22 12193.8 655.254 0.0201806
 11772.8 7669.01 1780.88 7209.19 387.41
 11157.3 4101.72 2356.96 547.327 2334.71
 30141.7 5804.17 1882.83 1081.93 1322.95
 8548.98 3639.9 615.639 199.709 255.082
 27586 6445.62 2433.06 411.518 304.001
 23260.7 19716.9 4065.04 1534.45 451.254
 1880.14 1226.73 907.66 187.133 91.411
 6346.61 2734.86 1584.56 1172.42 359.794
 10338 2775.92 1052.9 610.046 589.893
 5171.22 957.515 225.541 85.5474 97.494
 28026.1 8744.37 1436.53 338.373 274.612
 21971.9 8240.4 2247.15 369.164 157.526
 23297.7 10561.1 3467.11 945.479 221.603
 16892.9 4530.63 1778.83 583.976 196.575
 78291.4 4847.91 1137.33 446.542 195.942
 12177.8 17209.6 934.122 219.147 123.797
 81804.3 4549 5667.82 307.644 112.945
 68131.4 40840.2 2001.23 2493.43 185.029
 45949.4 19978.3 10500.3 514.532 688.653
 54330.3 11983.8 4577.55 2405.9 275.681
 90406.2 24135.1 4693.16 1792.68 1050.18
 11950.3 18675.4 4382.91 852.273 516.261
 30547.7 3826.18 5285.65 1240.48 387.333
 26249.8 11790.8 1306.89 1805.4 556.006
 9732.42 8050.25 3199.32 354.613 640.745
 26222.3 4503.52 3300.07 1311.51 408.03
 25429.7 8542.94 1298.22 951.306 495.69
 7399.08 9287.2 2763.17 419.904 468.024
 7423.79 3855.34 4286.76 1275.42 409.848
 27957.7 2793.96 1282.63 1426.16 560.67
F
 0.0738302 0.0828934 0.0828934 0.0828934 0.0828934
 0.132421 0.148677 0.148677 0.148677 0.148677
 0.128109 0.143836 0.143836 0.143836 0.143836
 0.189821 0.213123 0.213123 0.213123 0.213123
 0.0639461 0.071796 0.071796 0.071796 0.071796
 0.128606 0.144394 0.144394 0.144394 0.144394
 0.27164 0.304985 0.304985 0.304985 0.304985
 0.0415405 0.04664 0.04664 0.04664 0.04664
 0.161474 0.181297 0.181297 0.181297 0.181297
 0.206757 0.232138 0.232138 0.232138 0.232138
 0.0537095 0.0603028 0.0603028 0.0603028 0.0603028
 0.254906 0.286198 0.286198 0.286198 0.286198
 0.234974 0.263819 0.263819 0.263819 0.263819
 0.371513 0.41712 0.41712 0.41712 0.41712
 0.244088 0.274052 0.274052 0.274052 0.274052
 0.216378 0.24294 0.24294 0.24294 0.24294
 0.139571 0.156705 0.156705 0.156705 0.156705
 0.146617 0.164615 0.164615 0.164615 0.164615
 0.212994 0.239141 0.239141 0.239141 0.239141
 0.186868 0.209807 0.209807 0.209807 0.209807
 0.140576 0.157833 0.157833 0.157833 0.157833
 0.178256 0.200139 0.200139 0.200139 0.200139
 0.103913 0.116669 0.116669 0.116669 0.116669
 0.0892342 0.100188 0.100188 0.100188 0.100188
 0.0916857 0.102941 0.102941 0.102941 0.102941
 0.0743616 0.08349 0.08349 0.08349 0.08349
 0.090761 0.101903 0.101903 0.101903 0.101903
 0.0782984 0.0879101 0.0879101 0.0879101 0.0879101
 0.0750544 0.084268 0.084268 0.084268 0.084268
 0.103816 0.11656 0.11656 0.11656 0.11656
 0.105577 0.118538 0.118538 0.118538 0.118538
nmprior
 8.19 8.8 8.5 0
nm_flota  nm_reclas  nm_pelaces    nm_pelaL
inf 11.5785 17.4894 41.2675
cv_recla  cv_pelaces  cv_mph
0.364947 0.472667 0.879592
 ------------------------------------------------
Talla a la edad & desviaci?n 
 8 13.2811 15.8009 17.003 17.5766
 0.8 1.32811 1.58009 1.7003 1.75766
