years
 1991 1992 1993 1994 1995 1996 1997 1998 1999 2000 2001 2002 2003 2004 2005 2006 2007 2008 2009 2010 2011 2012 2013 2014 2015 2016 2017 2018 2019 2020 2021
reclasobs
 0 0 0 0 0 0 0 0 0 252601 567819 844713 477998 351125 339783 2.1784e+06 2.13404e+06 4.81314e+06 1.55562e+06 2.62356e+06 3.21686e+06 3.843e+06 1.13348e+06 3.07943e+06 1.97215e+06 2.03268e+06 2.025e+06 2.42433e+06 2.27542e+06 1.05018e+06 2.36338e+06
reclaspred
 3.32612e+06 1.70646e+06 864535 757679 668068 2.18038e+06 1.04616e+06 772133 517316 277034 497495 777329 769264 539468 463724 1.54502e+06 1.05062e+06 3.77413e+06 2.79811e+06 1.89198e+06 3.19153e+06 2.75179e+06 1.76121e+06 3.14617e+06 2.20516e+06 1.80248e+06 2.36037e+06 2.82457e+06 2.04275e+06 1.00144e+06 1.71545e+06
pelacesobs
 0 0 0 0 0 0 0 0 0 0 0 0 0 0 0 552880 188675 0 991730 2.46772e+06 1.41603e+06 1.21717e+06 2.29649e+06 1.80582e+06 0 1.4828e+06 1.56532e+06 1.57751e+06 1.42118e+06 867257 1.10002e+06
pelacespred
 2.32464e+06 1.19234e+06 541898 333453 362885 1.14246e+06 543625 562270 296419 121157 260606 342706 387912 250386 213407 621081 534834 1.95587e+06 1.6156e+06 973409 1.64429e+06 1.4268e+06 1.10023e+06 1.91806e+06 1.42597e+06 1.2039e+06 1.58964e+06 1.87201e+06 1.39636e+06 728877 960527
mphobs
 0 0 0 0 0 0 0 0 0 0 0 498337 0 5186 125008 0 168611 109162 213762 579715 649985 157893 87575 83554 0 0 0 0 0 0 0
mphpred
 558967 345794 151335 85518.8 70271.7 84728.9 228122 95294.9 75821.5 37165.1 17920.3 61746 70381 54638.2 28243 32839.5 165159 107451 388695 233996 229619 284785 289517 190087 326948 253435 187101 225095 368472 204109 90474.5
desembarqueobs
 494567 514787 250237 358949 120608 361735 552515 73892 212993 205616 52469 317467 293654 387597 252695 516296 358380 742168 942051 627588 828172 859565 418607 520667 417249 300574 415391 372974 316634 284311 391294
desembarquepred
 494533 514473 250151 358923 120601 361656 552266 73891.9 212987 205600 52467.8 317407 293553 387287 252561 516052 358364 741795 941278 626982 828102 859184 418500 520596 417115 300504 415284 372847 316526 284213 391226
Reclutas
 126606 88497.3 87959.7 86210.3 62900.2 227717 59998.6 20891.9 26890.7 36421.2 59007.7 111219 91221.3 66684.4 50311.6 280207 41773.1 483699 255122 206509 266125 402161 55477.5 203034 162708 64224.4 163815 193063 48727.8 32269.2 141930
log_desv_Rt
 0.243278 -0.114833 -0.120926 -0.141015 -0.456256 0.8303 -0.503483 -1.55844 -1.30603 -1.00265 -0.520137 0.113701 -0.084516 -0.397834 -0.679569 1.03772 -0.865551 1.58366 0.943936 0.732539 0.98616 1.39905 -0.581827 0.715568 0.494151 -0.435421 0.500935 0.665212 -0.711556 -1.12369 0.357526
SSB
 1.13662e+06 703149 307730 173897 142893 172290 463870 193776 154178 75572.6 36439.7 125556 143115 111103 57430.1 66776.8 335839 218494 790385 475814 466914 579091 588712 386530 664826 515343 380458 457716 749263 415043 183974
BT
 1.71881e+06 1.18245e+06 545822 515218 338663 1.22176e+06 813304 431069 408524 282576 251702 521358 554308 595721 423610 933515 620456 2.26708e+06 2.01e+06 1.20193e+06 1.9201e+06 1.78659e+06 1.04054e+06 1.95366e+06 1.30026e+06 1.03301e+06 1.61584e+06 1.76946e+06 1.07851e+06 701247 1.1218e+06
Ftot
 0.371737 0.727425 0.726901 1.2383 0.502711 0.532892 1.21102 0.25602 1.08959 1.86007 0.351585 1.16362 1.07272 1.90559 1.6022 1.09327 0.842865 0.646084 0.895822 0.912518 0.748395 0.892234 0.590584 0.510997 0.509169 0.436517 0.531497 0.40798 0.375391 0.686868 0.717391
BD_Bspro_t
 0.942667 0.645281 0.38355 0.283603 0.228939 0.312347 0.463985 0.238277 0.257147 0.174535 0.122569 0.400507 0.302774 0.218077 0.122199 0.142485 0.335973 0.242717 0.45808 0.313883 0.271 0.312945 0.338309 0.281241 0.433321 0.431152 0.416024 0.491979 0.589154 0.449787 0.305935
BD_Bspro
 1.60189 0.990982 0.433699 0.245081 0.201386 0.242817 0.653755 0.273098 0.21729 0.106508 0.0513563 0.176953 0.201699 0.156583 0.0809391 0.0941118 0.473315 0.307935 1.11393 0.670589 0.658045 0.816141 0.829701 0.544755 0.936972 0.726299 0.536198 0.645082 1.05597 0.58494 0.259283
BD_Bo
 0.941587 0.582495 0.254926 0.144058 0.118374 0.142727 0.384275 0.160526 0.127722 0.0626051 0.030187 0.104012 0.118558 0.0920388 0.0475757 0.0553186 0.278213 0.181003 0.654762 0.394169 0.386796 0.479724 0.487695 0.320205 0.550748 0.426915 0.315175 0.379176 0.620696 0.343825 0.152406
BD_Brms
 1.71198 1.05908 0.463502 0.261923 0.215225 0.259504 0.698681 0.291865 0.232223 0.113827 0.0548855 0.189113 0.21556 0.167343 0.0865012 0.100579 0.505841 0.329096 1.19048 0.716671 0.703266 0.872226 0.886718 0.582191 1.00136 0.77621 0.573046 0.689411 1.12854 0.625137 0.277101
Sel_flota
 0.619159 0.968642 0.998299 0.99991 0.999995
 0.619159 0.968642 0.998299 0.99991 0.999995
 0.619159 0.968642 0.998299 0.99991 0.999995
 0.619159 0.968642 0.998299 0.99991 0.999995
 0.619159 0.968642 0.998299 0.99991 0.999995
 0.619159 0.968642 0.998299 0.99991 0.999995
 0.619159 0.968642 0.998299 0.99991 0.999995
 0.619159 0.968642 0.998299 0.99991 0.999995
 0.619159 0.968642 0.998299 0.99991 0.999995
 0.619159 0.968642 0.998299 0.99991 0.999995
 0.619159 0.968642 0.998299 0.99991 0.999995
 0.619159 0.968642 0.998299 0.99991 0.999995
 0.619159 0.968642 0.998299 0.99991 0.999995
 0.619159 0.968642 0.998299 0.99991 0.999995
 0.619159 0.968642 0.998299 0.99991 0.999995
 0.619159 0.968642 0.998299 0.99991 0.999995
 0.619159 0.968642 0.998299 0.99991 0.999995
 0.619159 0.968642 0.998299 0.99991 0.999995
 0.619159 0.968642 0.998299 0.99991 0.999995
 0.619159 0.968642 0.998299 0.99991 0.999995
 0.619159 0.968642 0.998299 0.99991 0.999995
 0.619159 0.968642 0.998299 0.99991 0.999995
 0.619159 0.968642 0.998299 0.99991 0.999995
 0.619159 0.968642 0.998299 0.99991 0.999995
 0.619159 0.968642 0.998299 0.99991 0.999995
 0.619159 0.968642 0.998299 0.99991 0.999995
 0.619159 0.968642 0.998299 0.99991 0.999995
 0.619159 0.968642 0.998299 0.99991 0.999995
 0.619159 0.968642 0.998299 0.99991 0.999995
 0.619159 0.968642 0.998299 0.99991 0.999995
 0.619159 0.968642 0.998299 0.99991 0.999995
Sel_reclas
 0.988922 1 1 1 1
 0.988922 1 1 1 1
 0.988922 1 1 1 1
 0.988922 1 1 1 1
 0.988922 1 1 1 1
 0.988922 1 1 1 1
 0.988922 1 1 1 1
 0.988922 1 1 1 1
 0.988922 1 1 1 1
 0.988922 1 1 1 1
 0.988922 1 1 1 1
 0.988922 1 1 1 1
 0.988922 1 1 1 1
 0.988922 1 1 1 1
 0.988922 1 1 1 1
 0.988922 1 1 1 1
 0.988922 1 1 1 1
 0.988922 1 1 1 1
 0.988922 1 1 1 1
 0.988922 1 1 1 1
 0.988922 1 1 1 1
 0.988922 1 1 1 1
 0.988922 1 1 1 1
 0.988922 1 1 1 1
 0.988922 1 1 1 1
 0.988922 1 1 1 1
 0.988922 1 1 1 1
 0.988922 1 1 1 1
 0.988922 1 1 1 1
 0.988922 1 1 1 1
 0.988922 1 1 1 1
Sel_pelaces
 0.560743 0.865311 0.969999 0.993892 0.99878
 0.560743 0.865311 0.969999 0.993892 0.99878
 0.560743 0.865311 0.969999 0.993892 0.99878
 0.560743 0.865311 0.969999 0.993892 0.99878
 0.560743 0.865311 0.969999 0.993892 0.99878
 0.560743 0.865311 0.969999 0.993892 0.99878
 0.560743 0.865311 0.969999 0.993892 0.99878
 0.560743 0.865311 0.969999 0.993892 0.99878
 0.560743 0.865311 0.969999 0.993892 0.99878
 0.560743 0.865311 0.969999 0.993892 0.99878
 0.560743 0.865311 0.969999 0.993892 0.99878
 0.560743 0.865311 0.969999 0.993892 0.99878
 0.560743 0.865311 0.969999 0.993892 0.99878
 0.560743 0.865311 0.969999 0.993892 0.99878
 0.560743 0.865311 0.969999 0.993892 0.99878
 0.560743 0.865311 0.969999 0.993892 0.99878
 0.560743 0.865311 0.969999 0.993892 0.99878
 0.560743 0.865311 0.969999 0.993892 0.99878
 0.560743 0.865311 0.969999 0.993892 0.99878
 0.560743 0.865311 0.969999 0.993892 0.99878
 0.560743 0.865311 0.969999 0.993892 0.99878
 0.560743 0.865311 0.969999 0.993892 0.99878
 0.560743 0.865311 0.969999 0.993892 0.99878
 0.560743 0.865311 0.969999 0.993892 0.99878
 0.560743 0.865311 0.969999 0.993892 0.99878
 0.560743 0.865311 0.969999 0.993892 0.99878
 0.560743 0.865311 0.969999 0.993892 0.99878
 0.560743 0.865311 0.969999 0.993892 0.99878
 0.560743 0.865311 0.969999 0.993892 0.99878
 0.560743 0.865311 0.969999 0.993892 0.99878
 0.560743 0.865311 0.969999 0.993892 0.99878
pf_obs 
 0.8446 0.082 0.0669 0.0065 0
 0.8095 0.147 0.0364 0.0071 0
 0.9664 0.0169 0.016 0.0007 0
 0.9276 0.0648 0.0075 0.0001 0
 0.7033 0.2144 0.0806 0.0017 0
 0.9318 0.0425 0.0243 0.0014 0
 0.5671 0.3108 0.0964 0.0239 0.0018
 0.0768 0.2599 0.5324 0.112 0.0189
 0.490249 0.384438 0.106611 0.0170017 0.00170017
 0.7925 0.1577 0.0466 0.003 0.0002
 0.840416 0.127587 0.0312969 0.00059994 9.999e-05
 0.8084 0.0986 0.0794 0.0134 0.0002
 0.7335 0.1905 0.0724 0.0035 0.0001
 0.4001 0.4547 0.1325 0.0127 0
 0.49795 0.308269 0.164784 0.0264974 0.00249975
 0.9179 0.0499 0.0305 0.0017 0
 0.2467 0.6533 0.0926 0.0074 0
 0.9418 0.0223 0.034 0.0019 0
 0.707729 0.231977 0.0356964 0.0245975 0
 0.517169 0.277429 0.184464 0.0207286 0.00020938
 0.811772 0.124168 0.05621 0.00726502 0.000585176
 0.764997 0.148141 0.077277 0.00933861 0.000247198
 0.163321 0.427699 0.378323 0.0303852 0.000271297
 0.753843 0.0900009 0.118128 0.0371064 0.000921714
 0.721811 0.176058 0.0630433 0.0369309 0.00215725
 0.143369 0.312575 0.442814 0.0836902 0.0175525
 0.692698 0.0596174 0.167031 0.0765114 0.00414204
 0.394062 0.376323 0.152708 0.0712218 0.00568511
 0.125707 0.32114 0.495352 0.0537591 0.00404204
 0.23352 0.215282 0.420074 0.123614 0.00750983
 0.774587 0.0839891 0.0768558 0.0609784 0.00358967
pf_pred 
 0.509846 0.178089 0.283786 0.0282783 9.88829e-07
 0.517449 0.307779 0.0649577 0.0998803 0.00993403
 0.663399 0.222664 0.0738256 0.0149298 0.0251814
 0.708202 0.228398 0.0425566 0.0135172 0.0073267
 0.708652 0.242604 0.0385974 0.00681705 0.00332913
 0.881503 0.0955453 0.0192332 0.00294549 0.000772676
 0.406263 0.551052 0.0346766 0.00671322 0.00129505
 0.434869 0.327585 0.221294 0.01321 0.003042
 0.625927 0.208809 0.0971554 0.0634561 0.00465177
 0.813685 0.143755 0.0243006 0.0107468 0.00751306
 0.895197 0.095746 0.0070973 0.00112099 0.000839175
 0.81422 0.173533 0.0112228 0.000802876 0.00022131
 0.750204 0.22429 0.0239053 0.00146749 0.000133542
 0.721928 0.237967 0.0361927 0.00366778 0.000244976
 0.815695 0.159376 0.0215431 0.00305634 0.000329173
 0.964469 0.0322983 0.0028183 0.000358008 5.60718e-05
 0.35794 0.630274 0.0107622 0.000892864 0.000130825
 0.949284 0.0257053 0.0245712 0.000401086 3.80579e-05
 0.598075 0.390332 0.00599507 0.00549963 9.80728e-05
 0.669259 0.243394 0.0849419 0.00124561 0.00116015
 0.775054 0.178471 0.034618 0.0115318 0.00032577
 0.8013 0.171392 0.0218593 0.00406077 0.00138768
 0.284674 0.631762 0.0725333 0.0088346 0.0021965
 0.800867 0.0815431 0.104333 0.0115108 0.00174682
 0.641721 0.313534 0.0187406 0.023078 0.00292647
 0.429284 0.430226 0.123541 0.00710761 0.0098422
 0.777394 0.124621 0.0745328 0.0206283 0.00282445
 0.720992 0.239559 0.0224636 0.0129262 0.00405892
 0.325589 0.547598 0.109445 0.00989793 0.00746925
 0.414683 0.260988 0.265108 0.0511248 0.00809675
 0.878509 0.0684029 0.0242273 0.0236007 0.00526013
pobs_RECLAS
 0 0 0 0 0
 0 0 0 0 0
 0 0 0 0 0
 0 0 0 0 0
 0 0 0 0 0
 0 0 0 0 0
 0 0 0 0 0
 0 0 0 0 0
 0 0 0 0 0
 0 0 0 0 0
 0.991045 0.00858322 0.000360255 1.14367e-05 0
 0.934742 0.0480273 0.0164251 0.00080598 0
 0.827803 0.169806 0.00239088 0 0
 0.941827 0.0461693 0.0120037 0 0
 0.791401 0.0380133 0.147996 0.0225897 0
 0.846168 0.0940531 0.0597789 0 0
 0.134021 0.677848 0.182769 0.00536245 0
 0.80878 0.0450904 0.141981 0.00414843 0
 0.846168 0.0940531 0.0597789 0 0
 0.905697 0.0802665 0.012482 0.00150086 5.37128e-05
 0.989698 0.0102097 9.19794e-05 0 0
 0.975433 0.0193895 0.00387452 0.00125025 5.28907e-05
 0.303575 0.632131 0.0575291 0.00676475 0
 0.966965 0.00978017 0.0227588 0.000495775 0
 0.843318 0.132988 0.00938335 0.0141283 0.000182051
 0.564624 0.303363 0.111486 0.0197234 0.00080311
 0.826376 0.0876187 0.0782897 0.00655872 0.00115652
 0.89761 0.0855135 0.0140674 0.00269457 0.000114338
 0.34875 0.467042 0.161289 0.0227151 0.000203297
 0.318654 0.224769 0.449479 0.00709798 0
 0.937255 0.0296025 0.0250945 0.00804832 0
ppred_RECLAS
 0.624662 0.139122 0.214843 0.0213725 7.47283e-07
 0.63427 0.236146 0.0482166 0.0740075 0.00736005
 0.761013 0.159888 0.0512859 0.0103532 0.0174607
 0.801897 0.156297 0.02808 0.00890158 0.00482442
 0.794198 0.172287 0.0265484 0.00468094 0.00228575
 0.922062 0.0632326 0.0123267 0.00188454 0.000494318
 0.531114 0.436305 0.0264785 0.00511614 0.000986858
 0.548861 0.264912 0.173506 0.0103402 0.00238093
 0.735552 0.149969 0.0673529 0.0439075 0.0032184
 0.885153 0.0894666 0.0145059 0.00640075 0.00447422
 0.930655 0.0635229 0.00456364 0.000719604 0.000538649
 0.878453 0.1138 0.00710021 0.000506969 0.00013973
 0.831236 0.152072 0.0156466 0.000958692 8.72326e-05
 0.820974 0.154128 0.0224743 0.00227239 0.000151758
 0.883594 0.101194 0.0131503 0.0018617 0.000200486
 0.978055 0.0200125 0.00168553 0.000213705 3.34676e-05
 0.472992 0.517651 0.00854559 0.000707685 0.000103682
 0.967993 0.016484 0.0152505 0.000248504 2.35776e-05
 0.706289 0.285522 0.00423831 0.00388095 6.92009e-05
 0.767429 0.172685 0.0582392 0.000852472 0.000793909
 0.847313 0.121975 0.0228866 0.00761032 0.000214969
 0.867365 0.114942 0.0141686 0.00262727 0.000897729
 0.387733 0.542776 0.0603316 0.0073357 0.00182367
 0.86614 0.0558591 0.0692205 0.00762389 0.00115686
 0.739517 0.228879 0.01325 0.0162887 0.00206535
 0.543884 0.346511 0.0964017 0.00553685 0.00766642
 0.848439 0.0860592 0.0498448 0.0137718 0.00188547
 0.803066 0.169852 0.0154329 0.00886551 0.00278359
 0.432383 0.463599 0.0897935 0.00810704 0.00611726
 0.534882 0.211214 0.207609 0.039966 0.00632892
 0.921363 0.0449315 0.0153968 0.014972 0.00333666
pobs_PELACES
 0 0 0 0 0
 0 0 0 0 0
 0 0 0 0 0
 0 0 0 0 0
 0 0 0 0 0
 0 0 0 0 0
 0 0 0 0 0
 0 0 0 0 0
 0 0 0 0 0
 0 0 0 0 0
 0 0 0 0 0
 0 0 0 0 0
 0 0 0 0 0
 0 0 0 0 0
 0 0 0 0 0
 0 0 0 0 0
 0.505614 0.472636 0.0217494 0 0
 0 0 0 0 0
 0.443492 0.261883 0.143347 0.151278 0
 0.227955 0.32914 0.350689 0.0885471 0.00366901
 0.970185 0.0296113 0.000203453 0 0
 0.997202 0.00247181 0.000326279 0 0
 0.445219 0.490057 0.0546422 0.010081 0
 0.90214 0.0892962 0.00764917 0.000914606 0
 0 0 0 0 0
 0.581667 0.319106 0.0959925 0.00289975 0.000334073
 0.762889 0.0836404 0.116647 0.0363945 0.000428098
 0.88444 0.0763242 0.0277011 0.0115352 0
 0.521256 0.241999 0.230069 0.00667565 0
 0.616807 0.101726 0.260614 0.0208532 0
 0.833518 0.0704572 0.0857862 0.0102388 0
ppred_PELACES
 0.514278 0.167455 0.288832 0.0294347 1.03423e-06
 0.541568 0.282941 0.0643012 0.101088 0.0101024
 0.685517 0.202117 0.0721599 0.0149201 0.025286
 0.749127 0.193169 0.0384342 0.0124758 0.00679458
 0.724344 0.226288 0.0388962 0.00702514 0.00344727
 0.889646 0.0875543 0.0190334 0.00298072 0.000785681
 0.458541 0.499913 0.0336085 0.00664946 0.00128889
 0.438936 0.313896 0.229884 0.0140357 0.00324772
 0.66267 0.181837 0.0905742 0.0604648 0.00445371
 0.859284 0.106951 0.019088 0.00862157 0.00605593
 0.900639 0.0900849 0.00723 0.0011679 0.000878508
 0.843215 0.145764 0.0100793 0.000736956 0.000204111
 0.783219 0.193218 0.0220526 0.00138369 0.000126519
 0.786817 0.180946 0.0290306 0.00300456 0.00020163
 0.85509 0.124232 0.0178158 0.00258212 0.000279423
 0.970418 0.0267122 0.00249514 0.000323959 5.0982e-05
 0.39278 0.595232 0.0109247 0.000926572 0.000136416
 0.952894 0.022985 0.0236874 0.000395355 3.76944e-05
 0.635202 0.353404 0.00582929 0.00546666 9.79523e-05
 0.700151 0.216408 0.0810876 0.00121556 0.00113759
 0.794703 0.160147 0.0334384 0.0113884 0.000323264
 0.823842 0.150315 0.02059 0.00391018 0.00134263
 0.304755 0.608175 0.0753427 0.0093836 0.00234422
 0.807944 0.0749659 0.103617 0.0116902 0.00178258
 0.660082 0.293984 0.0189831 0.0239051 0.00304594
 0.444047 0.410531 0.127485 0.00750072 0.0104366
 0.787465 0.114645 0.0740491 0.0209573 0.0028833
 0.733485 0.225864 0.0229133 0.013484 0.00425447
 0.337726 0.529183 0.114475 0.0105879 0.00802843
 0.433787 0.241495 0.264309 0.0521153 0.00829329
 0.887705 0.0608172 0.0231983 0.0231051 0.00517443
pobs_pel_tallas
 0 0 0 0 0 0 0 0 0 0 0 0 0 0 0 0 0 0 0 0 0 0 0 0 0 0
 0 0 0 0 0 0 0 0 0 0 0 0 0 0 0 0 0 0 0 0 0 0 0 0 0 0
 0 0 0 0 0 0 0 0 0 0 0 0 0 0 0 0 0 0 0 0 0 0 0 0 0 0
 0 0 0 0 0 0 0 0 0 0 0 0 0 0 0 0 0 0 0 0 0 0 0 0 0 0
 0 0 0 0 0 0 0 0 0 0 0 0 0 0 0 0 0 0 0 0 0 0 0 0 0 0
 0 0 0 0 0 0 0 0 0 0 0 0 0 0 0 0 0 0 0 0 0 0 0 0 0 0
 0 0 0 0 0 0 0 0 0 0 0 0 0 0 0 0 0 0 0 0 0 0 0 0 0 0
 0 0 0 0 0 0 0 0 0 0 0 0 0 0 0 0 0 0 0 0 0 0 0 0 0 0
 0 0 0 0 0 0 0 0 0 0 0 0 0 0 0 0 0 0 0 0 0 0 0 0 0 0
 0 0 0 0 0 0 0 0 0 0 0 0 0 0 0 0 0 0 0 0 0 0 0 0 0 0
 0 0 0 0 0 0 0 0 0 0 0 0 0 0 0 0 0 0 0 0 0 0 0 0 0 0
 0 0 0 0 0 0 0 0 0 0 0 0 0 0 0 0 0 0 0 0 0 0 0 0 0 0
 0.00862536 0 0 0.000197151 0.00414017 0.0128641 0.00837892 0.0270097 0.101434 0.158115 0.152841 0.127902 0.109271 0.109419 0.0830992 0.0579132 0.0238553 0.00714673 0.00463305 0.00128148 0.00103504 0.000492878 0.000147863 0.000147863 4.92878e-05 0
 0 0 0 0 0 0 0 0 0 0 0 0 0 0 0 0 0 0 0 0 0 0 0 0 0 0
 0 0 0 0 0 0 0 0.0054083 0.00873648 0.0413646 0.0450493 0.0745869 0.0622846 0.0627006 0.0613931 0.0827291 0.12552 0.122667 0.0946155 0.0697135 0.0546179 0.0294188 0.0215738 0.0213955 0.0102223 0.00600262
 0 0 0 0 0.00359764 0.0251062 0.0480494 0.140153 0.205849 0.193036 0.1447 0.116669 0.0760912 0.0342217 0.00950174 0.001854 0.000860785 0 0 0 0.000165536 0 0.000143464 0 0 0
 0 0 0 0 0 0 0 0.000145254 0.000435761 0.0275982 0.070085 0.0708112 0.156366 0.174668 0.174014 0.160142 0.0824315 0.0480064 0.0283245 0.00493863 0.00203355 0 0 0 0 0
 0 0 0 0 0 0 0 0 0 0 0 0 0 0 0 0 0 0 0 0 0 0 0 0 0 0
 0 0 1.00437e-05 0.000401748 0.00122533 0.00171747 0.00176769 0.0269171 0.070346 0.194647 0.189555 0.159765 0.064822 0.0314167 0.0384472 0.0292271 0.0345202 0.0313363 0.0194345 0.0106764 0.0143323 0.0359363 0.0279516 0.0138201 0.00172751 0
 0 0.0021121 0.0136068 0.0755702 0.200478 0.177729 0.0527432 0.0373336 0.0318909 0.0142505 0.0149659 0.0166563 0.0217959 0.0798694 0.0677717 0.0528807 0.04013 0.0224614 0.0357745 0.0225083 0.00881397 0.00855152 0.00135912 0.000746735 0 0
 0 0 0 0 5.4009e-05 0.00500934 0.000945158 0.0243581 0.138947 0.33067 0.221406 0.137944 0.0707744 0.0437923 0.0131692 0.00525238 0.0047753 0.00276346 9.45158e-05 9.00151e-06 2.25038e-05 9.00151e-06 4.50075e-06 0 0 0
 0.000866109 0.00284123 0.00948549 0.0512746 0.133035 0.25785 0.225252 0.132002 0.0553304 0.0519788 0.0540692 0.017754 0.00435017 0.00159236 0.00146478 0.000404838 0.000125132 0.000115318 0.000107957 0.000100596 0 0 0 0 0 0
 0 0 0 0 0.00144013 0.00171154 0.00461396 0.0210425 0.0478622 0.0707936 0.0888783 0.103762 0.0637923 0.0337046 0.0602308 0.124433 0.169614 0.0934646 0.0462172 0.0250306 0.0313229 0.00938855 0.002487 0.000210481 0 0
 0 0.00764035 0.051015 0.0998891 0.058973 0.0496711 0.0374665 0.0718981 0.12319 0.153886 0.159021 0.0857701 0.0377988 0.023471 0.0147837 0.00900784 0.00315554 0.000888139 0.00291439 0.00214683 0.00393193 0.00274676 0.000635225 9.99891e-05 0 0
 0 0 0 0 0 0 0 0 0 0 0 0 0 0 0 0 0 0 0 0 0 0 0 0 0 0
 0 0 0 0 0 0 0 0 0 0 0 0 0 0 0 0 0 0 0 0 0 0 0 0 0 0
 0 0 0 0 0 0 0 0 0 0 0 0 0 0 0 0 0 0 0 0 0 0 0 0 0 0
 0 0 0 0 0 0 0 0 0 0 0 0 0 0 0 0 0 0 0 0 0 0 0 0 0 0
 0 0 0 0 0 0 0 0 0 0 0 0 0 0 0 0 0 0 0 0 0 0 0 0 0 0
 0 0 0 0 0 0 0 0 0 0 0 0 0 0 0 0 0 0 0 0 0 0 0 0 0 0
 0 0 0 0 0 0 0 0 0 0 0 0 0 0 0 0 0 0 0 0 0 0 0 0 0 0
ppred_pel_tallas
 1.1133e-16 4.23604e-05 0.000411758 0.00273628 0.0124387 0.0387016 0.0824585 0.120354 0.120371 0.0825396 0.0389751 0.0132341 0.00475271 0.00487999 0.00872253 0.0148588 0.0225768 0.0308379 0.0385236 0.0449834 0.0501661 0.054154 0.0565809 0.0565732 0.0533259 0.0468016
 1.13776e-16 4.46083e-05 0.000433609 0.00288148 0.0130988 0.0407554 0.0868348 0.126744 0.126771 0.0869684 0.0412044 0.0143965 0.00614294 0.0075671 0.0136344 0.0225853 0.0328166 0.0419081 0.0474622 0.0484804 0.0459813 0.042258 0.0393566 0.0379635 0.0373817 0.0363292
 1.0791e-16 5.64652e-05 0.000548861 0.00364738 0.0165805 0.0515881 0.109915 0.160428 0.160447 0.11001 0.0519093 0.0175091 0.00598217 0.00565819 0.00979693 0.0162047 0.02357 0.0301352 0.0341482 0.0348174 0.03276 0.0295114 0.0265057 0.0243402 0.022763 0.0211677
 1.0356e-16 6.17046e-05 0.000599791 0.00398582 0.018119 0.056375 0.120114 0.175313 0.175332 0.120205 0.0566809 0.0190028 0.00620526 0.00544829 0.00928013 0.0152715 0.0220583 0.0278785 0.0309799 0.0305604 0.0272355 0.022594 0.0182135 0.0149064 0.0126383 0.0109422
 1.02469e-16 5.96633e-05 0.000579948 0.00385396 0.0175196 0.05451 0.11614 0.169514 0.169536 0.116247 0.054868 0.0185539 0.00645079 0.00625055 0.0108341 0.0178294 0.025708 0.0323899 0.0357928 0.0349502 0.0305738 0.024547 0.0187778 0.0143093 0.011204 0.00899962
 1.01004e-16 7.3279e-05 0.000712298 0.00473347 0.0215177 0.0669495 0.142643 0.208194 0.208202 0.142685 0.0670882 0.0219183 0.00573964 0.00291039 0.00425258 0.00692664 0.00999927 0.0126326 0.0140233 0.0137969 0.0122183 0.00999542 0.00783939 0.00613087 0.00488501 0.00393299
 1.01983e-16 3.77695e-05 0.000367133 0.00243973 0.0110907 0.0345075 0.0735236 0.10732 0.107368 0.0737588 0.0352967 0.0133695 0.00815682 0.0128376 0.0236918 0.03903 0.0560376 0.0700824 0.0764654 0.0730151 0.0613962 0.0460206 0.0314714 0.0204279 0.013273 0.00901446
 1.08672e-16 3.61546e-05 0.000351436 0.00233542 0.0106165 0.033032 0.0703792 0.102727 0.102758 0.0705286 0.0335343 0.0120712 0.00600062 0.00839801 0.0154508 0.0258308 0.0380064 0.0494515 0.0575438 0.0609616 0.0602815 0.0572287 0.0532776 0.0488283 0.0434815 0.0368897
 1.09478e-16 5.45833e-05 0.000530569 0.00352582 0.0160279 0.0498688 0.106251 0.155081 0.155098 0.106338 0.0501588 0.0168673 0.00563887 0.00516369 0.0089142 0.0148113 0.0217142 0.0281274 0.0325691 0.034387 0.0341074 0.0329523 0.0319232 0.0312042 0.0302651 0.0284204
 1.02468e-16 7.07781e-05 0.000687988 0.00457192 0.0207833 0.0646646 0.137775 0.201089 0.201099 0.137826 0.0648339 0.0212725 0.00580025 0.00337108 0.00517139 0.00845076 0.0121996 0.015414 0.0171252 0.0168979 0.0150863 0.0125856 0.0102793 0.00861333 0.00754678 0.00678424
 1.00498e-16 7.41844e-05 0.000721099 0.00479196 0.0217835 0.0677767 0.144406 0.210766 0.210775 0.144448 0.067919 0.0221943 0.00582263 0.00296959 0.00434008 0.00704607 0.0101157 0.0126632 0.0138405 0.0132574 0.0112129 0.00849717 0.00592845 0.00398085 0.00271633 0.0019527
 1.00437e-16 6.94546e-05 0.000675123 0.00448643 0.0203947 0.0634555 0.135199 0.19733 0.197344 0.135268 0.0636856 0.0210591 0.00615339 0.00431116 0.0069662 0.0113835 0.016337 0.0204279 0.0222806 0.0212587 0.0178446 0.0133229 0.00903119 0.0057562 0.00361899 0.00234117
 1.00847e-16 6.45127e-05 0.000627087 0.00416721 0.0189436 0.0589405 0.12558 0.183291 0.18331 0.125671 0.0592459 0.0198253 0.00637999 0.00545582 0.0092298 0.0151423 0.021772 0.0273032 0.0299271 0.0288016 0.0245458 0.0188187 0.0133349 0.00908456 0.00620327 0.00433563
 1.0122e-16 6.48091e-05 0.000629968 0.00418636 0.0190306 0.0592113 0.126157 0.184133 0.18415 0.126242 0.0594975 0.0198573 0.00626174 0.00516106 0.00867157 0.0142366 0.0205087 0.0258013 0.028436 0.0276284 0.0239418 0.0188878 0.0140124 0.0101845 0.00749529 0.00561357
 1.00853e-16 7.04327e-05 0.000684631 0.00454961 0.0206819 0.0643491 0.137103 0.200108 0.20012 0.137161 0.0645455 0.0212493 0.00597381 0.00379356 0.00597446 0.00976432 0.0140557 0.0176669 0.0194421 0.018844 0.0162655 0.0127553 0.00938754 0.00676776 0.00495941 0.00372623
 1.00121e-16 7.9932e-05 0.000776968 0.00516322 0.0234713 0.0730278 0.155594 0.227094 0.227097 0.155606 0.07307 0.0235931 0.00546895 0.00144401 0.00134567 0.00209525 0.00300361 0.00376215 0.00411602 0.00394889 0.00334797 0.00254545 0.00178168 0.00119598 0.000807297 0.000564264
 1.00584e-16 3.23529e-05 0.000314482 0.00208985 0.00950017 0.0295589 0.0629804 0.0919337 0.091991 0.0632601 0.0304976 0.01221 0.00888593 0.0151308 0.0281133 0.0462738 0.0662989 0.0826198 0.0895842 0.0845866 0.0696625 0.0502083 0.0318911 0.0181137 0.00947037 0.00479227
 1.00736e-16 7.84887e-05 0.000762938 0.00506999 0.0230474 0.0717091 0.152784 0.222993 0.222995 0.152795 0.0717461 0.0231547 0.00534075 0.00135893 0.00122478 0.0019379 0.00287033 0.00378786 0.0045024 0.00491565 0.00505219 0.00500345 0.00483378 0.00453651 0.00407042 0.00342865
 1.00824e-16 5.23208e-05 0.000508577 0.00337968 0.0153635 0.0478019 0.101848 0.148658 0.148691 0.102014 0.0483592 0.0169725 0.0074149 0.00930609 0.0167268 0.0274822 0.0393785 0.0490883 0.0532619 0.0503625 0.0416085 0.0302073 0.0195156 0.0115302 0.00656871 0.00389941
 1.0271e-16 5.76705e-05 0.000560578 0.00372524 0.0169344 0.0526894 0.112261 0.163853 0.163874 0.112363 0.0530331 0.0179283 0.0062237 0.00602649 0.0104726 0.0173102 0.0251333 0.0320222 0.0360357 0.0362364 0.0331872 0.0284642 0.0236166 0.0194224 0.0158812 0.0126885
 1.02203e-16 6.54587e-05 0.000636282 0.00422832 0.0192213 0.0598047 0.127421 0.185978 0.185993 0.127496 0.0600584 0.0199541 0.00606872 0.00465694 0.00771043 0.012667 0.0182965 0.0231256 0.025696 0.025333 0.0225315 0.0185912 0.0148072 0.0118543 0.0097264 0.00807826
 1.01253e-16 6.78588e-05 0.000659612 0.00438335 0.0199261 0.0619976 0.132093 0.192797 0.192811 0.132164 0.0622352 0.0206125 0.00610634 0.00442066 0.00720998 0.01181 0.0170008 0.0213669 0.0235124 0.0227913 0.019685 0.0154692 0.0114478 0.00835164 0.00624772 0.00483375
 1.03668e-16 2.51024e-05 0.000244004 0.00162149 0.00737112 0.0229346 0.0488667 0.0713347 0.0713933 0.0491531 0.0238959 0.0101473 0.00858912 0.0154507 0.0288944 0.047699 0.0686381 0.0861577 0.0945966 0.0913201 0.0782766 0.0606616 0.04382 0.0308003 0.0219629 0.0161454
 1.04484e-16 6.65493e-05 0.000646883 0.00429877 0.0195416 0.0608011 0.129543 0.189074 0.189081 0.12958 0.0609227 0.0198947 0.00519229 0.00262087 0.00388411 0.00649469 0.00976564 0.0131475 0.0160991 0.0183283 0.0198743 0.0209065 0.0214342 0.0212191 0.0199682 0.0176145
 1.03536e-16 5.43702e-05 0.000528497 0.00351205 0.0159653 0.0496741 0.105837 0.154478 0.154506 0.105975 0.0501384 0.0173059 0.00687581 0.00786726 0.0139796 0.0229937 0.0330478 0.0414196 0.0453835 0.04371 0.0374184 0.0291126 0.0214419 0.015869 0.0124558 0.0104496
 1.06303e-16 3.65757e-05 0.000355528 0.00236261 0.0107401 0.0334167 0.0711993 0.103926 0.103965 0.0713932 0.0340681 0.0126229 0.0070938 0.0107005 0.0197323 0.0326901 0.0473808 0.0601889 0.0674212 0.0673275 0.0610668 0.051777 0.0425571 0.0349831 0.0290307 0.023964
 1.04756e-16 6.48625e-05 0.000630486 0.0041898 0.0190462 0.05926 0.12626 0.184283 0.184294 0.126315 0.0594433 0.0195769 0.00552649 0.00356403 0.00568197 0.00941085 0.0138321 0.0179867 0.0209314 0.0222201 0.0221168 0.0213056 0.02035 0.0193616 0.0180901 0.0162596
 1.02792e-16 6.04162e-05 0.000587267 0.0039026 0.0177407 0.0551979 0.117606 0.171654 0.171675 0.117712 0.0555548 0.0187715 0.00648954 0.00623297 0.0107781 0.0177114 0.025483 0.0319971 0.035165 0.0340366 0.0293722 0.0231336 0.0173137 0.0130086 0.0102682 0.00854829
 1.0586e-16 2.78181e-05 0.000270402 0.00179692 0.00816857 0.0254157 0.0541528 0.0790482 0.0790993 0.0544023 0.0262538 0.0105899 0.00787754 0.0135537 0.025282 0.0418213 0.0604017 0.0762835 0.0846269 0.0831616 0.073487 0.0598886 0.0466881 0.0362201 0.0286125 0.0228697
 1.1432e-16 3.57305e-05 0.000347314 0.00230802 0.010492 0.0326445 0.0695534 0.10152 0.101544 0.0696691 0.0330341 0.0116222 0.00516314 0.00663992 0.0121623 0.0205099 0.0306164 0.0407508 0.0491101 0.0547844 0.058094 0.0599396 0.0607726 0.0601441 0.0571676 0.0513749
 1.03878e-16 7.31191e-05 0.000710744 0.00472314 0.0214707 0.0668034 0.142332 0.207739 0.207745 0.142361 0.0669002 0.0217508 0.00542781 0.00225454 0.00302161 0.00492418 0.00719442 0.00928325 0.0106928 0.0112188 0.0110677 0.010691 0.010463 0.0104593 0.010476 0.0102171
pSPR Fmed_Fpbrs
0.351242   0.6 0.325
Fs Fmed_Fpbrs
0.72558   0.31606 0.791852
SSBpbr Bo_Bmed_Bpbrs
1.20713e+06  363639  663923 331961
Ro
99266.2
SPR SPRFo_SPRFmed_SPRFpbrs
709547 249223 230603
Fref
0.31606
Nvult_r0
 108443 6334.17 2204.15 2145.12 478.083
CTP_r0
 33353.2 2596.97 919.809 896.017 199.705
YTP_r0
391226
Np
 115248 33486.8 1424.67 483.029 553.71
Nvult_p0
 80386.2 24416.5 1042.38 353.482 405.21
CTP_p0
 13156.3 5723.01 250.01 84.8851 97.3135
YTP_p0
 202848
CBA_c0
334713
log_Ro
11.3256
likeval ReclasPelacesDesembMPH_pf_preclas_ppelaces_ptallas_desvR_qrecl_qpela
 12.044 16.2069 0.0240819 0.000841787 247.746 116.677 102.685 0 27.6035 3.81896e-05 0.000118579 0.00976295 1.20176e-15 0 0
q_reclas_q_pelaces
2.40056 4.70786
M
1
N
 126606 29756.2 46206.1 4597.93 0.160768
 88497.3 37000 7636.64 11728.3 1166.42
 87959.7 20750.7 6728.18 1359.03 2292.07
 86210.3 20631.3 3775.27 1197.98 649.309
 62900.2 14732.9 2287.23 403.443 197.009
 227717 16950.4 3330.55 509.405 133.621
 59998.6 60229.4 3721.43 719.753 138.841
 20891.9 10428.2 6855.97 408.67 94.1013
 26890.7 6559.05 2993.73 1953.33 143.185
 36421.2 5038.69 839.809 371.123 259.441
 59007.7 4235.39 305.871 48.2441 36.1129
 111219 17461.2 1108.4 79.216 21.8345
 91221.3 19906.3 2080.99 127.616 11.6125
 66684.4 17272.3 2590.77 262.357 17.5225
 50311.6 7539.13 1003.28 142.218 15.3165
 280207 6863.51 587.517 74.5561 11.6765
 41773.1 52384.9 875.668 72.5658 10.6319
 483699 9119.23 8518.02 138.872 13.1763
 255122 119275 1794.2 1644.11 29.3171
 206509 53897.5 18424.9 269.891 251.36
 266125 43178.8 8192.18 2725.73 76.9964
 402161 61595.5 7693.86 1427.69 487.855
 55477.5 85150.3 9548.02 1161.49 288.757
 203034 14158.5 17678.6 1947.91 295.583
 162708 54433.7 3175.1 3904.87 495.135
 64224.4 43671.7 12228.7 702.602 972.854
 163815 18031.3 10526.2 2909.58 398.354
 193063 43365.2 3964.11 2277.96 715.244
 48727.8 55169.6 10745.3 970.44 732.268
 32269.2 14208.2 14108.7 2717.52 430.352
 141930 7758.84 2687.18 2614.55 582.697
pred_Ctot
 16765.4 5856.13 9331.78 929.881 0.0325159
 21037.4 12513.1 2640.92 4060.74 403.878
 20897.2 7013.94 2325.52 470.292 793.219
 31019.3 10003.9 1863.99 592.054 320.911
 10907.3 3734.06 594.074 104.925 51.2405
 41552 4503.78 906.606 138.843 36.4221
 21241.4 28811.8 1813.07 351.001 67.7119
 1961.13 1477.32 997.971 59.5733 13.7185
 8803.16 2936.73 1366.41 892.458 65.4233
 17227.3 3043.58 514.494 227.532 159.067
 7427.3 794.389 58.8851 9.30068 6.9625
 38238.6 8149.72 527.062 37.7058 10.3935
 29513.4 8823.7 940.447 57.7318 5.25361
 32012.7 10552.2 1604.91 162.642 10.863
 21637 4227.58 571.448 81.0719 8.73158
 91963.6 3079.69 268.729 34.1366 5.34653
 11197.4 19716.9 336.674 27.9315 4.09261
 104126 2819.6 2695.2 43.9949 4.17454
 71791 46854.1 719.629 660.158 11.7723
 58965.5 21444.3 7483.86 109.745 102.216
 64763.9 14913.1 2892.7 963.603 27.2215
 112808 24128.8 3077.4 571.682 195.36
 11063.4 24552.5 2818.9 343.344 85.3639
 35715.5 3636.5 4652.82 513.336 77.9011
 28532 13940.3 833.239 1026.09 130.116
 9828.41 9849.97 2828.45 162.728 225.336
 29823.5 4780.89 2859.34 791.375 108.356
 27808.1 9239.59 866.404 498.552 156.549
 6510.13 10949.2 2188.35 197.908 149.347
 7313.5 4602.87 4675.54 901.656 142.797
 33353.2 2596.97 919.809 896.017 199.705
F
 0.230164 0.36008 0.371104 0.371703 0.371735
 0.450392 0.704614 0.726188 0.72736 0.727421
 0.450068 0.704107 0.725665 0.726836 0.726898
 0.766705 1.19947 1.23619 1.23819 1.23829
 0.311258 0.486947 0.501856 0.502666 0.502708
 0.329945 0.516182 0.531986 0.532844 0.53289
 0.749812 1.17304 1.20896 1.21091 1.21101
 0.158517 0.247991 0.255584 0.255997 0.256018
 0.674632 1.05543 1.08774 1.0895 1.08959
 1.15168 1.80174 1.8569 1.8599 1.86006
 0.217687 0.340559 0.350986 0.351553 0.351583
 0.720469 1.12714 1.16165 1.16352 1.16362
 0.664185 1.03908 1.0709 1.07262 1.07271
 1.17986 1.84583 1.90235 1.90542 1.90558
 0.992017 1.55196 1.59947 1.60206 1.60219
 0.676909 1.05899 1.09141 1.09317 1.09327
 0.521868 0.816435 0.841432 0.84279 0.842861
 0.400029 0.625824 0.644985 0.646026 0.646081
 0.554657 0.867731 0.894298 0.895742 0.895818
 0.564994 0.883903 0.910966 0.912436 0.912514
 0.463376 0.724927 0.747122 0.748328 0.748392
 0.552435 0.864255 0.890716 0.892154 0.892229
 0.365666 0.572064 0.589579 0.590531 0.590581
 0.316389 0.494973 0.510128 0.510952 0.510995
 0.315257 0.493202 0.508303 0.509123 0.509167
 0.270273 0.422828 0.435774 0.436477 0.436515
 0.329081 0.51483 0.530593 0.531449 0.531495
 0.252605 0.395187 0.407286 0.407943 0.407978
 0.232427 0.363619 0.374752 0.375357 0.375389
 0.425281 0.665329 0.6857 0.686807 0.686865
 0.44418 0.694895 0.716171 0.717327 0.717388
nmprior
 8.19 8.8 8.5 0
nm_flota  nm_reclas  nm_pelaces    nm_pelaL
inf 19.2386 11.34 23.4963
cv_recla  cv_pelaces  cv_mph
0.313914 0.45648 0.895378
 ------------------------------------------------
Talla a la edad & desviaci?n 
 8 13.2811 15.8009 17.003 17.5766
 0.8 1.32811 1.58009 1.7003 1.75766
