years
 1991 1992 1993 1994 1995 1996 1997 1998 1999 2000 2001 2002 2003 2004 2005 2006 2007 2008 2009 2010 2011 2012 2013 2014 2015 2016 2017 2018 2019 2020 2021
reclasobs
 0 0 0 0 0 0 0 0 0 252601 567819 844713 477998 351125 339783 2.1784e+06 2.13404e+06 4.81314e+06 1.55562e+06 2.62356e+06 3.21686e+06 3.843e+06 1.13348e+06 3.07943e+06 1.97215e+06 2.03268e+06 2.025e+06 2.42433e+06 2.27542e+06 1.05018e+06 2.36338e+06
reclaspred
 3.17643e+06 1.72507e+06 874548 897065 910880 1.63888e+06 896351 761623 534049 353462 502417 695836 684544 498243 482552 1.37634e+06 1.19937e+06 3.1908e+06 2.52353e+06 1.79849e+06 3.12748e+06 2.5547e+06 1.90372e+06 3.0721e+06 2.25319e+06 1.9734e+06 2.40913e+06 2.62589e+06 2.05706e+06 1.222e+06 1.88385e+06
pelacesobs
 0 0 0 0 0 0 0 0 0 0 0 0 0 0 0 552880 188675 0 991730 2.46772e+06 1.41603e+06 1.21717e+06 2.29649e+06 1.80582e+06 0 1.4828e+06 1.56532e+06 1.57751e+06 1.42118e+06 867257 1.10002e+06
pelacespred
 1.88751e+06 1.11275e+06 544233 432520 490535 884318 442085 497128 315366 186459 283004 327100 359122 259584 257243 614688 592562 1.73238e+06 1.44577e+06 948125 1.62367e+06 1.39282e+06 1.11139e+06 1.88564e+06 1.38153e+06 1.22107e+06 1.62634e+06 1.74222e+06 1.22045e+06 806049 1.1247e+06
mphobs
 0 0 0 0 0 0 0 0 0 0 0 498337 0 5186 125008 0 168611 109162 213762 579715 649985 157893 87575 83554 0 0 0 0 0 0 0
mphpred
 487995 327483 155771 86796.2 94226.1 114780 162497 84037.4 75458.1 45877.4 27625.2 61175.8 66022 53542.7 31582.2 40023.8 153691 133152 319597 221314 228473 283260 270294 211263 312699 253959 205482 225194 326441 209049 120504
desembarqueobs
 494567 514787 250237 358949 120608 361735 552515 73892 212993 205616 52469 317467 293654 387597 252695 516296 358380 742168 942051 627588 828172 859565 418607 520667 417249 300574 415391 372974 316634 284311 391294
desembarquepred
 494568 513920 250621 358985 120614 361738 552520 73897.5 213054 205671 52471.7 317521 293678 387547 252660 516209 358410 741992 941703 627329 828252 859521 418603 520689 417231 300568 415379 372938 316611 284311 391293
Reclutas
 166123 91261.5 91987.6 134773 109408 208027 79147.9 32779.6 32777.9 44427.2 82731.2 123508 103292 72212.5 64753.7 349877 68874.8 569910 319174 248927 346009 476455 90429.1 272361 227775 100449 228277 256992 74979.4 53773.4 206095
log_desv_Rt
 0.240482 -0.358515 -0.350591 0.0313505 -0.177159 0.465425 -0.500927 -1.38244 -1.38249 -1.07839 -0.456648 -0.055936 -0.23468 -0.592632 -0.701653 0.985338 -0.639954 1.47323 0.893492 0.644915 0.974219 1.29413 -0.367679 0.734884 0.556113 -0.262596 0.558316 0.676801 -0.555032 -0.887466 0.456093
SSB
 1.81803e+06 1.22004e+06 580325 323360 351040 427615 605385 313082 281120 170917 102918 227911 245965 199474 117660 149109 572578 496058 1.19066e+06 824506 851177 1.05529e+06 1.00698e+06 787062 1.16496e+06 946127 765526 838963 1.21616e+06 778814 448937
BT
 2.61178e+06 1.79637e+06 874997 837692 699497 1.44772e+06 1.02043e+06 681279 599816 430690 414004 683230 724587 738294 592903 1.24466e+06 1.00345e+06 2.95879e+06 2.71232e+06 1.72811e+06 2.76557e+06 2.54096e+06 1.70581e+06 2.92858e+06 2.06875e+06 1.75501e+06 2.51627e+06 2.61686e+06 1.70321e+06 1.22858e+06 1.83612e+06
Ftot
 0.230025 0.425023 0.418133 0.638813 0.212622 0.374778 0.870201 0.153224 0.617637 0.888344 0.189885 0.739498 0.690079 1.21275 0.899098 0.691281 0.451201 0.419999 0.584957 0.554066 0.436709 0.547568 0.329559 0.2929 0.290492 0.235251 0.293818 0.246739 0.22374 0.342428 0.365738
BD_Bspro_t
 0.964028 0.759272 0.542413 0.441783 0.434734 0.534068 0.542163 0.341843 0.395718 0.328372 0.282684 0.550989 0.431007 0.336433 0.222814 0.268679 0.465439 0.418115 0.563945 0.443567 0.405917 0.455439 0.472483 0.450625 0.579846 0.58734 0.591948 0.640789 0.702751 0.609367 0.514988
BD_Bspro
 1.94729 1.30679 0.621588 0.346352 0.376 0.458019 0.648429 0.335343 0.301108 0.183069 0.110236 0.244116 0.263454 0.213657 0.126026 0.159711 0.613289 0.531328 1.27532 0.88313 0.911698 1.13032 1.07858 0.843023 1.24779 1.0134 0.819957 0.898615 1.30263 0.834189 0.480858
BD_Bo
 1.27532 0.855842 0.40709 0.226833 0.24625 0.299966 0.424669 0.219623 0.197202 0.119896 0.0721955 0.159877 0.172541 0.139928 0.0825368 0.104598 0.401656 0.347978 0.835233 0.57838 0.597089 0.74027 0.706386 0.552113 0.817205 0.663695 0.537006 0.588521 0.853119 0.546328 0.314923
BD_Brms
 2.31877 1.55608 0.740164 0.412423 0.447727 0.545393 0.772126 0.399314 0.358549 0.217992 0.131265 0.290685 0.313712 0.254415 0.150067 0.190178 0.730283 0.632687 1.51861 1.0516 1.08562 1.34595 1.28434 1.00384 1.48583 1.20672 0.976375 1.07004 1.55112 0.993323 0.572588
Sel_flota
 0.677856 0.975598 0.998685 0.999931 0.999996
 0.677856 0.975598 0.998685 0.999931 0.999996
 0.677856 0.975598 0.998685 0.999931 0.999996
 0.677856 0.975598 0.998685 0.999931 0.999996
 0.677856 0.975598 0.998685 0.999931 0.999996
 0.677856 0.975598 0.998685 0.999931 0.999996
 0.677856 0.975598 0.998685 0.999931 0.999996
 0.677856 0.975598 0.998685 0.999931 0.999996
 0.677856 0.975598 0.998685 0.999931 0.999996
 0.677856 0.975598 0.998685 0.999931 0.999996
 0.677856 0.975598 0.998685 0.999931 0.999996
 0.677856 0.975598 0.998685 0.999931 0.999996
 0.677856 0.975598 0.998685 0.999931 0.999996
 0.677856 0.975598 0.998685 0.999931 0.999996
 0.677856 0.975598 0.998685 0.999931 0.999996
 0.677856 0.975598 0.998685 0.999931 0.999996
 0.677856 0.975598 0.998685 0.999931 0.999996
 0.677856 0.975598 0.998685 0.999931 0.999996
 0.677856 0.975598 0.998685 0.999931 0.999996
 0.677856 0.975598 0.998685 0.999931 0.999996
 0.677856 0.975598 0.998685 0.999931 0.999996
 0.677856 0.975598 0.998685 0.999931 0.999996
 0.677856 0.975598 0.998685 0.999931 0.999996
 0.677856 0.975598 0.998685 0.999931 0.999996
 0.677856 0.975598 0.998685 0.999931 0.999996
 0.677856 0.975598 0.998685 0.999931 0.999996
 0.677856 0.975598 0.998685 0.999931 0.999996
 0.677856 0.975598 0.998685 0.999931 0.999996
 0.677856 0.975598 0.998685 0.999931 0.999996
 0.677856 0.975598 0.998685 0.999931 0.999996
 0.677856 0.975598 0.998685 0.999931 0.999996
Sel_reclas
 1 1 1 1 1
 1 1 1 1 1
 1 1 1 1 1
 1 1 1 1 1
 1 1 1 1 1
 1 1 1 1 1
 1 1 1 1 1
 1 1 1 1 1
 1 1 1 1 1
 1 1 1 1 1
 1 1 1 1 1
 1 1 1 1 1
 1 1 1 1 1
 1 1 1 1 1
 1 1 1 1 1
 1 1 1 1 1
 1 1 1 1 1
 1 1 1 1 1
 1 1 1 1 1
 1 1 1 1 1
 1 1 1 1 1
 1 1 1 1 1
 1 1 1 1 1
 1 1 1 1 1
 1 1 1 1 1
 1 1 1 1 1
 1 1 1 1 1
 1 1 1 1 1
 1 1 1 1 1
 1 1 1 1 1
 1 1 1 1 1
Sel_pelaces
 0.804546 0.953951 0.990499 0.998098 0.999621
 0.804546 0.953951 0.990499 0.998098 0.999621
 0.804546 0.953951 0.990499 0.998098 0.999621
 0.804546 0.953951 0.990499 0.998098 0.999621
 0.804546 0.953951 0.990499 0.998098 0.999621
 0.804546 0.953951 0.990499 0.998098 0.999621
 0.804546 0.953951 0.990499 0.998098 0.999621
 0.804546 0.953951 0.990499 0.998098 0.999621
 0.804546 0.953951 0.990499 0.998098 0.999621
 0.804546 0.953951 0.990499 0.998098 0.999621
 0.804546 0.953951 0.990499 0.998098 0.999621
 0.804546 0.953951 0.990499 0.998098 0.999621
 0.804546 0.953951 0.990499 0.998098 0.999621
 0.804546 0.953951 0.990499 0.998098 0.999621
 0.804546 0.953951 0.990499 0.998098 0.999621
 0.804546 0.953951 0.990499 0.998098 0.999621
 0.804546 0.953951 0.990499 0.998098 0.999621
 0.804546 0.953951 0.990499 0.998098 0.999621
 0.804546 0.953951 0.990499 0.998098 0.999621
 0.804546 0.953951 0.990499 0.998098 0.999621
 0.804546 0.953951 0.990499 0.998098 0.999621
 0.804546 0.953951 0.990499 0.998098 0.999621
 0.804546 0.953951 0.990499 0.998098 0.999621
 0.804546 0.953951 0.990499 0.998098 0.999621
 0.804546 0.953951 0.990499 0.998098 0.999621
 0.804546 0.953951 0.990499 0.998098 0.999621
 0.804546 0.953951 0.990499 0.998098 0.999621
 0.804546 0.953951 0.990499 0.998098 0.999621
 0.804546 0.953951 0.990499 0.998098 0.999621
 0.804546 0.953951 0.990499 0.998098 0.999621
 0.804546 0.953951 0.990499 0.998098 0.999621
pf_obs 
 0.8446 0.082 0.0669 0.0065 0
 0.8095 0.147 0.0364 0.0071 0
 0.9664 0.0169 0.016 0.0007 0
 0.9276 0.0648 0.0075 0.0001 0
 0.7033 0.2144 0.0806 0.0017 0
 0.9318 0.0425 0.0243 0.0014 0
 0.5671 0.3108 0.0964 0.0239 0.0018
 0.0768 0.2599 0.5324 0.112 0.0189
 0.490249 0.384438 0.106611 0.0170017 0.00170017
 0.7925 0.1577 0.0466 0.003 0.0002
 0.840416 0.127587 0.0312969 0.00059994 9.999e-05
 0.8084 0.0986 0.0794 0.0134 0.0002
 0.7335 0.1905 0.0724 0.0035 0.0001
 0.4001 0.4547 0.1325 0.0127 0
 0.49795 0.308269 0.164784 0.0264974 0.00249975
 0.9179 0.0499 0.0305 0.0017 0
 0.2467 0.6533 0.0926 0.0074 0
 0.9418 0.0223 0.034 0.0019 0
 0.707729 0.231977 0.0356964 0.0245975 0
 0.517169 0.277429 0.184464 0.0207286 0.00020938
 0.811772 0.124168 0.05621 0.00726502 0.000585176
 0.764997 0.148141 0.077277 0.00933861 0.000247198
 0.163321 0.427699 0.378323 0.0303852 0.000271297
 0.753843 0.0900009 0.118128 0.0371064 0.000921714
 0.721811 0.176058 0.0630433 0.0369309 0.00215725
 0.143369 0.312575 0.442814 0.0836902 0.0175525
 0.692698 0.0596174 0.167031 0.0765114 0.00414204
 0.394062 0.376323 0.152708 0.0712218 0.00568511
 0.125707 0.32114 0.495352 0.0537591 0.00404204
 0.23352 0.215282 0.420074 0.123614 0.00750983
 0.774587 0.0839891 0.0768558 0.0609784 0.00358967
pf_pred 
 0.492833 0.144456 0.338741 0.0239699 8.96034e-07
 0.430237 0.337676 0.067323 0.153889 0.010875
 0.589243 0.221016 0.113798 0.0220533 0.0538904
 0.731202 0.18524 0.0455615 0.0228029 0.0151938
 0.663598 0.273606 0.0437079 0.0104166 0.00867206
 0.763252 0.176098 0.0495629 0.00772006 0.00336693
 0.458264 0.450216 0.0685607 0.0187672 0.0041918
 0.457033 0.317951 0.188116 0.0276559 0.00924355
 0.553815 0.246533 0.118109 0.0681863 0.0133572
 0.740547 0.172936 0.0484911 0.0225109 0.0155153
 0.844759 0.12855 0.0180055 0.0048725 0.00381353
 0.755692 0.21715 0.0225861 0.00308516 0.00148627
 0.701487 0.249111 0.044073 0.00443379 0.000895771
 0.654022 0.274088 0.0603161 0.0103275 0.00124665
 0.766636 0.180598 0.0421595 0.00890239 0.00170449
 0.945 0.0466112 0.0065446 0.00147389 0.000370096
 0.376604 0.601694 0.0184833 0.00251228 0.00070661
 0.914645 0.0410471 0.0428081 0.00127773 0.000222171
 0.586275 0.390193 0.0114833 0.011641 0.000407252
 0.617041 0.26454 0.111882 0.00319262 0.00334415
 0.742629 0.184699 0.0506698 0.0207896 0.00121262
 0.752408 0.202151 0.0328759 0.00876475 0.00380006
 0.308675 0.571413 0.0984496 0.0155348 0.00592749
 0.747286 0.101474 0.125591 0.0210638 0.00458527
 0.619637 0.310737 0.0284037 0.0342392 0.00698262
 0.42497 0.40737 0.137645 0.012255 0.0177602
 0.731481 0.140317 0.0915022 0.0301375 0.00656263
 0.682374 0.255317 0.0329755 0.0209441 0.00838842
 0.337305 0.504115 0.128125 0.0161285 0.0143267
 0.413218 0.251765 0.256404 0.0635324 0.0150806
 0.831459 0.0872407 0.0354308 0.0351178 0.0107513
pobs_RECLAS
 0 0 0 0 0
 0 0 0 0 0
 0 0 0 0 0
 0 0 0 0 0
 0 0 0 0 0
 0 0 0 0 0
 0 0 0 0 0
 0 0 0 0 0
 0 0 0 0 0
 0 0 0 0 0
 0.991045 0.00858322 0.000360255 1.14367e-05 0
 0.934742 0.0480273 0.0164251 0.00080598 0
 0.827803 0.169806 0.00239088 0 0
 0.941827 0.0461693 0.0120037 0 0
 0.791401 0.0380133 0.147996 0.0225897 0
 0.846168 0.0940531 0.0597789 0 0
 0.134021 0.677848 0.182769 0.00536245 0
 0.80878 0.0450904 0.141981 0.00414843 0
 0.846168 0.0940531 0.0597789 0 0
 0.905697 0.0802665 0.012482 0.00150086 5.37128e-05
 0.989698 0.0102097 9.19794e-05 0 0
 0.975433 0.0193895 0.00387452 0.00125025 5.28907e-05
 0.303575 0.632131 0.0575291 0.00676475 0
 0.966965 0.00978017 0.0227588 0.000495775 0
 0.843318 0.132988 0.00938335 0.0141283 0.000182051
 0.564624 0.303363 0.111486 0.0197234 0.00080311
 0.826376 0.0876187 0.0782897 0.00655872 0.00115652
 0.89761 0.0855135 0.0140674 0.00269457 0.000114338
 0.34875 0.467042 0.161289 0.0227151 0.000203297
 0.318654 0.224769 0.449479 0.00709798 0
 0.937255 0.0296025 0.0250945 0.00804832 0
ppred_RECLAS
 0.588844 0.11913 0.27275 0.0192757 7.20508e-07
 0.526813 0.283339 0.0551219 0.125834 0.00889186
 0.679177 0.174619 0.0877336 0.0169801 0.0414903
 0.801574 0.137841 0.033056 0.0165217 0.0110078
 0.741549 0.211151 0.0329352 0.0078392 0.00652591
 0.825317 0.130747 0.0359136 0.00558674 0.00243637
 0.558888 0.36823 0.054618 0.0149296 0.0033344
 0.551286 0.265359 0.15332 0.0225119 0.00752372
 0.648847 0.196259 0.0916819 0.0528583 0.0103538
 0.811272 0.126924 0.0346614 0.0160681 0.0110739
 0.887718 0.0933608 0.012769 0.00345105 0.00270084
 0.821205 0.159374 0.0161556 0.00220375 0.00106158
 0.777048 0.186838 0.0322226 0.00323722 0.000653977
 0.743315 0.204538 0.0437618 0.00748175 0.000903067
 0.831537 0.131155 0.0298173 0.00628732 0.00120371
 0.962231 0.0321333 0.00439806 0.000989127 0.000248353
 0.469012 0.51294 0.015374 0.00208692 0.000586931
 0.940595 0.028932 0.0294432 0.000877666 0.000152598
 0.675886 0.306122 0.00878586 0.00889459 0.000311148
 0.704364 0.205793 0.0848896 0.00241914 0.00253379
 0.809241 0.137855 0.0369015 0.0151207 0.000881901
 0.817468 0.149719 0.0237488 0.00632304 0.00274123
 0.394634 0.502468 0.0845006 0.0133165 0.00508074
 0.813298 0.0760612 0.091897 0.0153929 0.00335058
 0.703776 0.243092 0.0216916 0.0261145 0.00532534
 0.518869 0.343239 0.113233 0.0100687 0.0145908
 0.800066 0.105697 0.067285 0.0221327 0.00481922
 0.757825 0.195599 0.0246644 0.0156454 0.00626578
 0.425788 0.439314 0.109018 0.0137058 0.0121739
 0.509498 0.213411 0.212136 0.0524958 0.01246
 0.879067 0.063354 0.0251116 0.0248575 0.00760961
pobs_PELACES
 0 0 0 0 0
 0 0 0 0 0
 0 0 0 0 0
 0 0 0 0 0
 0 0 0 0 0
 0 0 0 0 0
 0 0 0 0 0
 0 0 0 0 0
 0 0 0 0 0
 0 0 0 0 0
 0 0 0 0 0
 0 0 0 0 0
 0 0 0 0 0
 0 0 0 0 0
 0 0 0 0 0
 0 0 0 0 0
 0.505614 0.472636 0.0217494 0 0
 0 0 0 0 0
 0.443492 0.261883 0.143347 0.151278 0
 0.227955 0.32914 0.350689 0.0885471 0.00366901
 0.970185 0.0296113 0.000203453 0 0
 0.997202 0.00247181 0.000326279 0 0
 0.445219 0.490057 0.0546422 0.010081 0
 0.90214 0.0892962 0.00764917 0.000914606 0
 0 0 0 0 0
 0.581667 0.319106 0.0959925 0.00289975 0.000334073
 0.762889 0.0836404 0.116647 0.0363945 0.000428098
 0.88444 0.0763242 0.0277011 0.0115352 0
 0.521256 0.241999 0.230069 0.00667565 0
 0.616807 0.101726 0.260614 0.0208532 0
 0.833518 0.0704572 0.0857862 0.0102388 0
ppred_PELACES
 0.546244 0.128105 0.304003 0.0216471 8.10382e-07
 0.490663 0.300104 0.0604243 0.138973 0.00983517
 0.646416 0.189127 0.0983495 0.0191774 0.0469306
 0.781998 0.149746 0.0371058 0.0186833 0.0124667
 0.710422 0.234894 0.0379808 0.00910869 0.00759427
 0.803774 0.145521 0.041385 0.00648626 0.00283294
 0.536513 0.384784 0.0588684 0.0162091 0.00362562
 0.508748 0.28602 0.171389 0.0253563 0.00848728
 0.619702 0.209165 0.100978 0.0586497 0.0115056
 0.796391 0.135386 0.0381296 0.0178049 0.0122894
 0.870942 0.106598 0.0151162 0.00411645 0.00322649
 0.805838 0.172438 0.0180476 0.00247997 0.00119644
 0.757785 0.201879 0.035961 0.00363947 0.000736351
 0.732242 0.212071 0.0466785 0.00803762 0.000971617
 0.818666 0.140158 0.0328591 0.00697929 0.0013382
 0.958122 0.0354465 0.00501095 0.00113529 0.000285483
 0.437495 0.542723 0.0168319 0.00230192 0.00064838
 0.931829 0.0326111 0.0343487 0.00103157 0.000179629
 0.650215 0.329679 0.00978079 0.0099754 0.000349485
 0.677405 0.222236 0.0947835 0.00272119 0.00285447
 0.787076 0.1523 0.0421897 0.0174171 0.00101737
 0.79839 0.164297 0.0269471 0.00722798 0.0031383
 0.360746 0.527263 0.0918368 0.0145817 0.0055719
 0.7872 0.0848153 0.106163 0.0179167 0.00390586
 0.671783 0.26739 0.024719 0.029984 0.00612372
 0.479375 0.36741 0.125625 0.0112552 0.016335
 0.773354 0.117693 0.0776182 0.0257245 0.00560982
 0.728493 0.217605 0.028437 0.018175 0.00728994
 0.387855 0.464171 0.119396 0.0151243 0.0134542
 0.470121 0.22576 0.232402 0.0579439 0.013774
 0.861804 0.0710442 0.0291573 0.0290793 0.00891554
pobs_pel_tallas
 0 0 0 0 0 0 0 0 0 0 0 0 0 0 0 0 0 0 0 0 0 0 0 0 0 0
 0 0 0 0 0 0 0 0 0 0 0 0 0 0 0 0 0 0 0 0 0 0 0 0 0 0
 0 0 0 0 0 0 0 0 0 0 0 0 0 0 0 0 0 0 0 0 0 0 0 0 0 0
 0 0 0 0 0 0 0 0 0 0 0 0 0 0 0 0 0 0 0 0 0 0 0 0 0 0
 0 0 0 0 0 0 0 0 0 0 0 0 0 0 0 0 0 0 0 0 0 0 0 0 0 0
 0 0 0 0 0 0 0 0 0 0 0 0 0 0 0 0 0 0 0 0 0 0 0 0 0 0
 0 0 0 0 0 0 0 0 0 0 0 0 0 0 0 0 0 0 0 0 0 0 0 0 0 0
 0 0 0 0 0 0 0 0 0 0 0 0 0 0 0 0 0 0 0 0 0 0 0 0 0 0
 0 0 0 0 0 0 0 0 0 0 0 0 0 0 0 0 0 0 0 0 0 0 0 0 0 0
 0 0 0 0 0 0 0 0 0 0 0 0 0 0 0 0 0 0 0 0 0 0 0 0 0 0
 0 0 0 0 0 0 0 0 0 0 0 0 0 0 0 0 0 0 0 0 0 0 0 0 0 0
 0 0 0 0 0 0 0 0 0 0 0 0 0 0 0 0 0 0 0 0 0 0 0 0 0 0
 0.00862536 0 0 0.000197151 0.00414017 0.0128641 0.00837892 0.0270097 0.101434 0.158115 0.152841 0.127902 0.109271 0.109419 0.0830992 0.0579132 0.0238553 0.00714673 0.00463305 0.00128148 0.00103504 0.000492878 0.000147863 0.000147863 4.92878e-05 0
 0 0 0 0 0 0 0 0 0 0 0 0 0 0 0 0 0 0 0 0 0 0 0 0 0 0
 0 0 0 0 0 0 0 0.0054083 0.00873648 0.0413646 0.0450493 0.0745869 0.0622846 0.0627006 0.0613931 0.0827291 0.12552 0.122667 0.0946155 0.0697135 0.0546179 0.0294188 0.0215738 0.0213955 0.0102223 0.00600262
 0 0 0 0 0.00359764 0.0251062 0.0480494 0.140153 0.205849 0.193036 0.1447 0.116669 0.0760912 0.0342217 0.00950174 0.001854 0.000860785 0 0 0 0.000165536 0 0.000143464 0 0 0
 0 0 0 0 0 0 0 0.000145254 0.000435761 0.0275982 0.070085 0.0708112 0.156366 0.174668 0.174014 0.160142 0.0824315 0.0480064 0.0283245 0.00493863 0.00203355 0 0 0 0 0
 0 0 0 0 0 0 0 0 0 0 0 0 0 0 0 0 0 0 0 0 0 0 0 0 0 0
 0 0 1.00437e-05 0.000401748 0.00122533 0.00171747 0.00176769 0.0269171 0.070346 0.194647 0.189555 0.159765 0.064822 0.0314167 0.0384472 0.0292271 0.0345202 0.0313363 0.0194345 0.0106764 0.0143323 0.0359363 0.0279516 0.0138201 0.00172751 0
 0 0.0021121 0.0136068 0.0755702 0.200478 0.177729 0.0527432 0.0373336 0.0318909 0.0142505 0.0149659 0.0166563 0.0217959 0.0798694 0.0677717 0.0528807 0.04013 0.0224614 0.0357745 0.0225083 0.00881397 0.00855152 0.00135912 0.000746735 0 0
 0 0 0 0 5.4009e-05 0.00500934 0.000945158 0.0243581 0.138947 0.33067 0.221406 0.137944 0.0707744 0.0437923 0.0131692 0.00525238 0.0047753 0.00276346 9.45158e-05 9.00151e-06 2.25038e-05 9.00151e-06 4.50075e-06 0 0 0
 0.000866109 0.00284123 0.00948549 0.0512746 0.133035 0.25785 0.225252 0.132002 0.0553304 0.0519788 0.0540692 0.017754 0.00435017 0.00159236 0.00146478 0.000404838 0.000125132 0.000115318 0.000107957 0.000100596 0 0 0 0 0 0
 0 0 0 0 0.00144013 0.00171154 0.00461396 0.0210425 0.0478622 0.0707936 0.0888783 0.103762 0.0637923 0.0337046 0.0602308 0.124433 0.169614 0.0934646 0.0462172 0.0250306 0.0313229 0.00938855 0.002487 0.000210481 0 0
 0 0.00764035 0.051015 0.0998891 0.058973 0.0496711 0.0374665 0.0718981 0.12319 0.153886 0.159021 0.0857701 0.0377988 0.023471 0.0147837 0.00900784 0.00315554 0.000888139 0.00291439 0.00214683 0.00393193 0.00274676 0.000635225 9.99891e-05 0 0
 0 0 0 0 0 0 0 0 0 0 0 0 0 0 0 0 0 0 0 0 0 0 0 0 0 0
 0 0 0 0 0 0 0 0 0 0 0 0 0 0 0 0 0 0 0 0 0 0 0 0 0 0
 0 0 0 0 0 0 0 0 0 0 0 0 0 0 0 0 0 0 0 0 0 0 0 0 0 0
 0 0 0 0 0 0 0 0 0 0 0 0 0 0 0 0 0 0 0 0 0 0 0 0 0 0
 0 0 0 0 0 0 0 0 0 0 0 0 0 0 0 0 0 0 0 0 0 0 0 0 0 0
 0 0 0 0 0 0 0 0 0 0 0 0 0 0 0 0 0 0 0 0 0 0 0 0 0 0
 0 0 0 0 0 0 0 0 0 0 0 0 0 0 0 0 0 0 0 0 0 0 0 0 0 0
ppred_pel_tallas
 1.10977e-16 4.49934e-05 0.000437352 0.00290636 0.0132119 0.0411072 0.0875837 0.127834 0.127846 0.0876464 0.0413191 0.0138297 0.00447846 0.00394014 0.00690472 0.0118832 0.018367 0.0257005 0.0331475 0.0402145 0.0466658 0.0521465 0.0558306 0.0565691 0.0535342 0.0468509
 1.17422e-16 4.04153e-05 0.000392851 0.00261064 0.0118676 0.0369247 0.078673 0.114832 0.114861 0.0788147 0.0374008 0.013244 0.00607007 0.00796 0.0144589 0.0239704 0.0348551 0.0445785 0.0506441 0.0520574 0.0499671 0.0468449 0.0448315 0.0445278 0.0449814 0.0445922
 1.12752e-16 5.32445e-05 0.000517555 0.00343934 0.0156347 0.0486456 0.103645 0.151277 0.151295 0.103735 0.0489472 0.0165077 0.0056368 0.0053354 0.00926486 0.015396 0.0225626 0.0292068 0.0337832 0.0356172 0.0352803 0.0340974 0.0331925 0.032844 0.0325454 0.0315396
 1.05093e-16 6.44122e-05 0.000626109 0.00416072 0.018914 0.0588486 0.125384 0.183004 0.183019 0.125454 0.0590861 0.0196003 0.00588508 0.00439596 0.0072407 0.0119131 0.0172632 0.0219445 0.0246372 0.0247556 0.0227921 0.0199556 0.0173974 0.0156328 0.0145014 0.0135239
 1.03355e-16 5.85166e-05 0.000568802 0.00377989 0.0171829 0.0534623 0.113908 0.166257 0.166279 0.114019 0.053834 0.0182564 0.00647502 0.00645383 0.0112398 0.0185013 0.0266755 0.0336087 0.0371458 0.0362965 0.0318182 0.0256855 0.0198898 0.0155058 0.0125647 0.0105338
 1.02362e-16 6.62059e-05 0.000643545 0.00427658 0.0194407 0.0604874 0.128875 0.1881 0.188114 0.128944 0.0607182 0.0201078 0.0059526 0.00430758 0.0070403 0.0115745 0.0167607 0.0212721 0.0237964 0.0237189 0.0214635 0.0181603 0.0149231 0.0123145 0.0103125 0.00862905
 1.04037e-16 4.41919e-05 0.000429561 0.00285459 0.0129766 0.0403751 0.0860248 0.125564 0.125601 0.0862061 0.0409838 0.0147346 0.00726797 0.0100654 0.0183483 0.0302741 0.0436313 0.0549196 0.0605946 0.0590167 0.0514145 0.0410233 0.0311247 0.0235186 0.0183122 0.0146953
 1.08999e-16 4.19049e-05 0.000407331 0.00270686 0.012305 0.0382856 0.0815725 0.119063 0.119091 0.0817083 0.0387422 0.0136266 0.00603446 0.00770494 0.0139994 0.0233333 0.0342052 0.04426 0.0510843 0.0535101 0.0521868 0.0488889 0.045179 0.0415578 0.0376312 0.0328737
 1.10797e-16 5.1044e-05 0.000496166 0.0032972 0.0149886 0.0466352 0.099362 0.145026 0.145046 0.0994612 0.0469687 0.0159536 0.005726 0.0058203 0.0102281 0.0170025 0.0249026 0.0322044 0.0371897 0.0390994 0.0385445 0.0369577 0.0355397 0.0345619 0.0334633 0.0314739
 1.05001e-16 6.55977e-05 0.000637633 0.00423729 0.0192621 0.0599317 0.127691 0.186372 0.186385 0.127755 0.0601466 0.0198832 0.00579807 0.00405106 0.00656704 0.0108029 0.015676 0.0199738 0.0225127 0.0227676 0.0211772 0.0188132 0.0166839 0.0152202 0.0142515 0.013337
 1.01423e-16 7.17384e-05 0.000697323 0.00463396 0.0210653 0.065542 0.139645 0.203817 0.203828 0.139695 0.0657106 0.0215522 0.00585628 0.00336583 0.00514025 0.00838584 0.0120771 0.0151963 0.0167593 0.0163159 0.0142142 0.0113604 0.0086725 0.00665126 0.00531799 0.00442923
 1.01017e-16 6.63758e-05 0.000645197 0.00428756 0.0194906 0.0606427 0.129206 0.188584 0.1886 0.129287 0.0609151 0.0202774 0.00626195 0.00495348 0.00824316 0.0135082 0.0194184 0.024346 0.0266781 0.025668 0.0218769 0.0167956 0.0119618 0.00825868 0.00579503 0.00423205
 1.0158e-16 6.24177e-05 0.000606723 0.00403189 0.0183284 0.0570265 0.121502 0.177339 0.177359 0.121597 0.057346 0.0192512 0.00634868 0.0056658 0.00967477 0.0159063 0.0229315 0.0288839 0.0318981 0.0311012 0.0271149 0.0216087 0.0162832 0.0120835 0.00909668 0.00695289
 1.02372e-16 6.03138e-05 0.000586272 0.00389598 0.0177106 0.0551043 0.117406 0.171362 0.171383 0.117506 0.0554402 0.0186811 0.00633332 0.00591108 0.010185 0.0167733 0.0242281 0.0306148 0.0339954 0.0334629 0.029657 0.0242871 0.0190704 0.0149236 0.011882 0.00953969
 1.01911e-16 6.74324e-05 0.000655467 0.00435581 0.0198009 0.061608 0.131263 0.191585 0.191598 0.131329 0.0618301 0.0204426 0.00596756 0.00417728 0.00676584 0.0111042 0.0160494 0.0203071 0.0226022 0.0223404 0.0199442 0.0165347 0.0132291 0.0106104 0.00867936 0.00715293
 1.00316e-16 7.89192e-05 0.000767123 0.0050978 0.0231739 0.0721025 0.153622 0.224217 0.22422 0.153639 0.0721586 0.0233358 0.00550418 0.00165425 0.00176371 0.00279076 0.00401225 0.00504462 0.00555549 0.00539268 0.00466964 0.00368635 0.00274876 0.0020272 0.00153565 0.00120181
 1.00966e-16 3.6036e-05 0.000350283 0.00232776 0.0105817 0.0329238 0.0701495 0.102396 0.102448 0.0704046 0.0337799 0.0130533 0.00852693 0.013867 0.0256594 0.0422385 0.0605499 0.0755256 0.0820253 0.077678 0.0643273 0.0468598 0.0303938 0.0179821 0.010134 0.0057806
 1.01134e-16 7.67535e-05 0.000746072 0.00495791 0.0225379 0.0701239 0.149406 0.218064 0.218067 0.149422 0.0701764 0.0226902 0.00534237 0.00159258 0.0017055 0.00275279 0.0040848 0.00539894 0.00643266 0.00704793 0.00727896 0.007252 0.00705227 0.00666298 0.00601934 0.00510834
 1.01427e-16 5.35574e-05 0.000520597 0.00345955 0.0157266 0.0489316 0.104255 0.15217 0.152202 0.10441 0.0494517 0.0172282 0.0072259 0.00873339 0.0156242 0.025675 0.0368169 0.0459567 0.0499851 0.0474797 0.0395755 0.0292437 0.0195742 0.0123771 0.00789847 0.00542535
 1.03549e-16 5.5797e-05 0.000542367 0.00360422 0.0163843 0.0509777 0.108614 0.15853 0.158551 0.108719 0.0513311 0.0174063 0.00617429 0.00616792 0.0107836 0.0178529 0.025975 0.0332057 0.0375743 0.0381258 0.0354181 0.0310148 0.0264269 0.0223731 0.0188004 0.0153907
 1.03176e-16 6.48304e-05 0.000630175 0.00418773 0.0190368 0.0592307 0.126198 0.184193 0.184207 0.12627 0.0594723 0.0197351 0.00594231 0.00446644 0.00736835 0.0121256 0.0175718 0.0223318 0.0250473 0.0250929 0.0229276 0.0197368 0.0166667 0.0142598 0.0124287 0.0108087
 1.02076e-16 6.57623e-05 0.000639233 0.00424793 0.0193105 0.0600822 0.128012 0.186841 0.186856 0.128089 0.0603421 0.0200614 0.00613314 0.00475579 0.00788719 0.0129438 0.0186606 0.0235107 0.0259839 0.0253842 0.0222365 0.0179161 0.0138112 0.0106734 0.00853101 0.00702494
 1.05191e-16 2.97143e-05 0.000288834 0.0019194 0.00872536 0.0271481 0.0578438 0.0844353 0.0844862 0.0580922 0.0279824 0.0111355 0.0079703 0.013502 0.0251354 0.0415366 0.0599002 0.0754648 0.0833788 0.0813817 0.0711197 0.0569706 0.0433766 0.0327792 0.0253494 0.0200479
 1.05544e-16 6.48406e-05 0.000630274 0.00418839 0.0190398 0.05924 0.126217 0.18422 0.184228 0.126258 0.0593773 0.0194383 0.0051959 0.00285397 0.00435931 0.00729043 0.0109308 0.0146553 0.0178481 0.0201917 0.0217694 0.022832 0.023451 0.02339 0.0222989 0.0200311
 1.04826e-16 5.5334e-05 0.000537866 0.00357431 0.0162483 0.0505546 0.107713 0.157216 0.157241 0.107839 0.0509772 0.0174688 0.00663738 0.00722328 0.0127488 0.0209817 0.0302076 0.0379734 0.0418319 0.0406902 0.0354798 0.0285384 0.0222051 0.017711 0.015009 0.0133372
 1.07613e-16 3.94856e-05 0.000383814 0.00255058 0.0115946 0.0360752 0.0768634 0.112192 0.112227 0.0770371 0.0366587 0.0132812 0.00678972 0.00965639 0.017704 0.029347 0.042601 0.0542588 0.0610522 0.0614409 0.05646 0.048873 0.0413653 0.0352335 0.0303459 0.025969
 1.058e-16 6.37002e-05 0.000619188 0.00411473 0.018705 0.0581981 0.123998 0.180981 0.180992 0.124054 0.0583864 0.01925 0.00548805 0.003634 0.00583902 0.00968286 0.0142498 0.0185689 0.0216867 0.0231601 0.02327 0.0227159 0.0220547 0.0213601 0.0203225 0.0186065
 1.03933e-16 6.0005e-05 0.00058327 0.00387604 0.0176199 0.0548222 0.116805 0.170485 0.170506 0.116908 0.0551663 0.0186139 0.00637132 0.00603107 0.0104084 0.0171183 0.0246708 0.0310668 0.0343183 0.0335287 0.0294318 0.023892 0.018774 0.0150582 0.0127162 0.0111685
 1.07358e-16 3.19472e-05 0.000310538 0.00206364 0.00938102 0.0291881 0.0621899 0.0907774 0.0908223 0.062409 0.0299239 0.0115073 0.00740489 0.011984 0.0222416 0.0368224 0.0532812 0.0675034 0.0752928 0.0746863 0.0670678 0.0561129 0.0454719 0.0370298 0.0307632 0.0257328
 1.14907e-16 3.87233e-05 0.000376404 0.00250134 0.0113707 0.0353787 0.0753788 0.110022 0.110044 0.0754869 0.0357426 0.012426 0.00516637 0.00624764 0.0113465 0.0191092 0.0284908 0.037861 0.0455396 0.050708 0.0537304 0.0555344 0.0566151 0.0565692 0.0544981 0.049817
 1.05285e-16 7.09856e-05 0.000690006 0.00458533 0.0208443 0.0648542 0.138179 0.201678 0.201685 0.138213 0.0649674 0.0211718 0.00540958 0.00249659 0.00352381 0.00577203 0.00845066 0.0109394 0.0126692 0.0134124 0.0134163 0.0132031 0.013191 0.0134362 0.0136604 0.013481
pSPR Fmed_Fpbrs
0.504331   0.6 0.325
Fs Fmed_Fpbrs
0.420606   0.303065 0.752054
SSBpbr Bo_Bmed_Bpbrs
1.42554e+06  647669  784049 392025
Ro
130614
SPR SPRFo_SPRFmed_SPRFpbrs
933618 470853 303426
Fref
0.303065
Nvult_r0
 146925 11645.9 4649.15 4603.87 1409.41
CTP_r0
 29188.9 3062.64 1243.82 1232.83 377.431
YTP_r0
391293
Np
 164049 59170.3 4038.4 1593.96 1980.03
Nvult_p0
 114906 42974.5 2940.74 1160.87 1442.06
CTP_p0
 19582.7 9806.72 683.263 269.98 335.391
YTP_p0
 340689
CBA_c0
376112
log_Ro
11.6
likeval ReclasPelacesDesembMPH_pf_preclas_ppelaces_ptallas_desvR_qrecl_qpela
 12.2473 16.7869 0.0293279 0.000822239 241.705 116.969 99.6389 0 24.1954 6.71933e-06 2.63333e-05 0.143904 7.89409e-16 0 0
q_reclas_q_pelaces
1.44386 2.07523
M
1
N
 166123 34779.3 79839.6 5643.2 0.21094
 91261.5 52289.9 10222.7 23343 1649.51
 91987.6 25169.3 12707 2459.97 6010.94
 134773 25488.3 6157.65 3078.89 2051.38
 109408 32155.1 5027.86 1196.88 996.378
 208027 34846.7 9613.21 1495.79 652.318
 79147.9 59360.2 8893.55 2432.34 543.256
 32779.6 16142.4 9343.29 1372 458.54
 32777.9 10869.3 5113.89 2949.5 577.755
 44427.2 7933.44 2188.85 1015.25 699.716
 82731.2 8950.25 1226.81 331.609 259.522
 123508 26759.3 2735.82 373.359 179.857
 103292 27523.4 4784.73 480.9 97.1528
 72212.5 23802.5 5164.44 883.607 106.658
 64753.7 11676.1 2682.19 565.887 108.342
 349877 12950.5 1786.72 402.008 100.94
 68874.8 80559.3 2427.16 329.563 92.6885
 569910 18661.1 19083.1 568.992 98.9311
 319174 157713 4557.12 4615.2 161.451
 248927 78982 32789.1 934.731 979.045
 346009 62902.3 16923 6936.24 404.555
 476455 94673.9 15112.6 4025.06 1745.02
 90429.1 120929 20414.2 3217.75 1227.7
 272361 26606.9 32255.3 5403.82 1176.26
 227775 82153.1 7355.29 8856.65 1806.09
 100449 68816.7 22764 2024.47 2933.75
 228277 31506.1 20124.5 6620.96 1441.67
 256992 68813.1 8701.84 5520.7 2210.99
 74979.4 79981.3 19899.1 2502.07 2222.43
 53773.4 23701.8 23653.5 5854.61 1389.62
 206095 15684.3 6243.1 6181.34 1892.31
pred_Ctot
 15355 4500.77 10554 746.822 0.0279174
 14782.6 11602.2 2313.15 5287.47 373.655
 14685.7 5508.39 2836.19 549.637 1343.11
 31008.7 7855.63 1932.17 967.023 644.334
 9392.6 3872.63 618.644 147.437 122.745
 30117.2 6948.67 1955.7 304.626 132.856
 23376.2 22965.6 3497.3 957.319 213.825
 2061.57 1434.2 848.55 124.75 41.6955
 7331.96 3263.85 1563.65 902.72 176.836
 13333.9 3113.79 873.103 405.318 279.36
 6382.83 971.296 136.046 36.8156 28.8143
 32049.3 9209.44 957.889 130.843 63.0336
 25333.2 8996.26 1591.63 160.12 32.3495
 27312.5 11446.1 2518.85 431.284 52.0612
 19616.5 4621.09 1078.77 227.792 43.6142
 85932.5 4238.53 595.125 134.026 33.6542
 11760.8 18790.1 577.209 78.4551 22.0665
 91345.9 4099.39 4275.27 127.607 22.1884
 68198.4 45389.2 1335.8 1354.14 47.3735
 50790.8 21775.2 9209.43 262.796 275.269
 57407.5 14277.8 3916.94 1607.1 93.739
 96240 25857 4205.13 1121.09 486.063
 11654 21573.7 3716.96 586.514 223.792
 31508.8 4278.59 5295.46 888.14 193.334
 26151.2 13114.4 1198.75 1445.04 294.695
 9481.98 9089.28 3071.14 273.434 396.268
 26485 5080.49 3313.05 1091.2 237.615
 25363.6 9490.05 1225.69 778.485 311.794
 6752.8 10092.3 2565.04 322.889 286.818
 7175.55 4371.91 4452.45 1103.24 261.874
 29188.9 3062.64 1243.82 1232.83 377.431
F
 0.155924 0.224412 0.229722 0.230009 0.230024
 0.288105 0.414651 0.424464 0.424993 0.425021
 0.283434 0.40793 0.417584 0.418104 0.418132
 0.433024 0.623225 0.637973 0.638769 0.638811
 0.144127 0.207433 0.212342 0.212607 0.212621
 0.254046 0.365633 0.374286 0.374752 0.374777
 0.589871 0.848966 0.869057 0.87014 0.870197
 0.103864 0.149485 0.153023 0.153214 0.153224
 0.418669 0.602565 0.616825 0.617594 0.617635
 0.60217 0.866666 0.887176 0.888282 0.888341
 0.128715 0.185251 0.189635 0.189872 0.189884
 0.501274 0.721453 0.738526 0.739447 0.739496
 0.467774 0.673239 0.689171 0.690031 0.690076
 0.822071 1.18316 1.21116 1.21267 1.21275
 0.609459 0.877158 0.897916 0.899036 0.899095
 0.468589 0.674412 0.690372 0.691233 0.691278
 0.30585 0.440191 0.450608 0.45117 0.4512
 0.284699 0.40975 0.419447 0.41997 0.419998
 0.396517 0.570683 0.584188 0.584916 0.584955
 0.375577 0.540545 0.553337 0.554027 0.554063
 0.296026 0.426052 0.436135 0.436679 0.436707
 0.371173 0.534207 0.546849 0.54753 0.547566
 0.223394 0.321517 0.329126 0.329536 0.329558
 0.198544 0.285752 0.292515 0.292879 0.292899
 0.196912 0.283403 0.29011 0.290472 0.290491
 0.159466 0.22951 0.234942 0.235235 0.23525
 0.199166 0.286648 0.293432 0.293798 0.293817
 0.167254 0.240718 0.246415 0.246722 0.246738
 0.151664 0.21828 0.223446 0.223725 0.223739
 0.232117 0.334072 0.341977 0.342404 0.342426
 0.247918 0.356814 0.365258 0.365713 0.365737
nmprior
 8.19 8.8 8.5 0
nm_flota  nm_reclas  nm_pelaces    nm_pelaL
inf 14.4076 16.4644 38.1514
cv_recla  cv_pelaces  cv_mph
0.316552 0.464576 0.884921
 ------------------------------------------------
Talla a la edad & desviaci?n 
 8 13.2811 15.8009 17.003 17.5766
 0.8 1.32811 1.58009 1.7003 1.75766
