years
 1991 1992 1993 1994 1995 1996 1997 1998 1999 2000 2001 2002 2003 2004 2005 2006 2007 2008 2009 2010 2011 2012 2013 2014 2015 2016 2017 2018 2019 2020 2021
reclasobs
 0 0 0 0 0 0 0 0 0 252601 567819 844713 477998 351125 339783 2.1784e+06 2.13404e+06 4.81314e+06 1.55562e+06 2.62356e+06 3.21686e+06 3.843e+06 1.13348e+06 3.07943e+06 1.97215e+06 2.03268e+06 2.025e+06 2.42433e+06 2.27542e+06 1.05018e+06 2.36338e+06
reclaspred
 3.2193e+06 1.7893e+06 907571 925680 933189 1.50704e+06 917489 806907 583264 416794 503218 657783 646814 495063 496897 1.3136e+06 1.23783e+06 2.93022e+06 2.37945e+06 1.75674e+06 3.07995e+06 2.50364e+06 1.96491e+06 3.05126e+06 2.28605e+06 2.02388e+06 2.4084e+06 2.57449e+06 2.09119e+06 1.30651e+06 1.91016e+06
pelacesobs
 0 0 0 0 0 0 0 0 0 0 0 0 0 0 0 552880 188675 0 991730 2.46772e+06 1.41603e+06 1.21717e+06 2.29649e+06 1.80582e+06 0 1.4828e+06 1.56532e+06 1.57751e+06 1.42118e+06 867257 1.10002e+06
pelacespred
 1.79185e+06 1.1014e+06 553943 464120 493692 825810 457309 509236 349868 235000 297334 322533 349526 278799 288997 638166 603353 1.65913e+06 1.37695e+06 937629 1.61645e+06 1.40424e+06 1.11022e+06 1.89987e+06 1.36349e+06 1.20755e+06 1.64062e+06 1.72886e+06 1.15583e+06 815855 1.17836e+06
mphobs
 0 0 0 0 0 0 0 0 0 0 0 498337 0 5186 125008 0 168611 109162 213762 579715 649985 157893 87575 83554 0 0 0 0 0 0 0
mphpred
 489857 327577 161393 88889.4 98698 114295 151149 90088.4 80444.3 53992.1 35029 60068.7 64345.1 53827.1 35242.3 44776.2 150042 139691 291767 214192 227957 280276 266557 218214 306971 253547 208343 222530 313429 211222 130360
desembarqueobs
 494567 514787 250237 358949 120608 361735 552515 73892 212993 205616 52469 317467 293654 387597 252695 516296 358380 742168 942051 627588 828172 859565 418607 520667 417249 300574 415391 372974 316634 284311 391294
desembarquepred
 494574 513581 250835 358982 120614 361750 552566 73896.9 213049 205668 52471.8 317537 293705 387624 252687 516253 358406 742056 941831 627434 828252 859580 418617 520694 417247 300576 415391 372955 316625 284319 391299
Reclutas
 186977 104369 105342 172985 139048 239485 98029.7 43842.1 41614.3 55482 103192 140461 117436 82070.2 79839.1 427290 89527.2 673871 381354 299206 428126 580845 120108 350510 298801 133189 297272 334870 100004 72305.8 268362
log_desv_Rt
 0.143633 -0.43942 -0.430139 0.0658495 -0.152534 0.391136 -0.502084 -1.30676 -1.35891 -1.0713 -0.450763 -0.142423 -0.32146 -0.679779 -0.707342 0.970108 -0.592812 1.42568 0.856372 0.613778 0.972062 1.27713 -0.298964 0.772036 0.612421 -0.195587 0.607292 0.726387 -0.482148 -0.80645 0.504982
SSB
 2.72393e+06 1.82154e+06 897450 494283 548826 635555 840486 500951 447323 300232 194784 334021 357801 299314 195970 248985 834331 776772 1.62242e+06 1.19105e+06 1.26759e+06 1.55852e+06 1.48223e+06 1.21341e+06 1.70696e+06 1.40989e+06 1.15852e+06 1.23742e+06 1.74287e+06 1.17453e+06 724885
BT
 3.72568e+06 2.53948e+06 1.26943e+06 1.15621e+06 1.00602e+06 1.83193e+06 1.33902e+06 1.0048e+06 857632 631962 594199 861049 911583 917339 786807 1.59645e+06 1.39363e+06 3.71828e+06 3.4455e+06 2.29286e+06 3.65669e+06 3.39251e+06 2.41359e+06 3.99229e+06 2.90232e+06 2.49522e+06 3.4534e+06 3.56693e+06 2.39536e+06 1.78222e+06 2.54705e+06
Ftot
 0.155627 0.28471 0.27794 0.418217 0.139132 0.267733 0.597339 0.0976445 0.38415 0.514348 0.121417 0.521045 0.487552 0.824854 0.574666 0.467297 0.300389 0.295682 0.420232 0.381896 0.295307 0.373666 0.219876 0.19398 0.194335 0.156407 0.194432 0.165819 0.15294 0.221809 0.235835
BD_Bspro_t
 0.975472 0.825507 0.650793 0.558463 0.553701 0.635582 0.627489 0.454785 0.513047 0.463921 0.427437 0.646039 0.526908 0.434515 0.323673 0.379601 0.560147 0.529696 0.640011 0.535962 0.50539 0.553839 0.570298 0.560729 0.671308 0.680748 0.687781 0.724952 0.772588 0.702254 0.630635
BD_Bspro
 2.35291 1.57343 0.775211 0.426959 0.474072 0.548988 0.726006 0.432718 0.386395 0.259338 0.168253 0.288525 0.309066 0.258546 0.169278 0.215071 0.72069 0.670971 1.40143 1.02882 1.09494 1.34624 1.28034 1.04814 1.47446 1.21785 1.00073 1.06887 1.50548 1.01456 0.626151
BD_Bo
 1.57047 1.0502 0.51742 0.284976 0.316422 0.366426 0.484578 0.28882 0.257902 0.173097 0.112302 0.192578 0.206288 0.172568 0.112985 0.143551 0.481029 0.447844 0.935395 0.686692 0.730823 0.898556 0.854572 0.699587 0.984138 0.812862 0.66794 0.713425 1.00484 0.677171 0.417928
BD_Brms
 2.85539 1.90945 0.940763 0.518139 0.575313 0.666229 0.88105 0.525128 0.468912 0.314722 0.204185 0.350142 0.37507 0.31376 0.205428 0.261001 0.874598 0.814261 1.70072 1.24853 1.32877 1.63374 1.55377 1.27198 1.78934 1.47793 1.21444 1.29714 1.82699 1.23122 0.75987
Sel_flota
 0.754833 0.983193 0.999101 0.999953 0.999998
 0.754833 0.983193 0.999101 0.999953 0.999998
 0.754833 0.983193 0.999101 0.999953 0.999998
 0.754833 0.983193 0.999101 0.999953 0.999998
 0.754833 0.983193 0.999101 0.999953 0.999998
 0.754833 0.983193 0.999101 0.999953 0.999998
 0.754833 0.983193 0.999101 0.999953 0.999998
 0.754833 0.983193 0.999101 0.999953 0.999998
 0.754833 0.983193 0.999101 0.999953 0.999998
 0.754833 0.983193 0.999101 0.999953 0.999998
 0.754833 0.983193 0.999101 0.999953 0.999998
 0.754833 0.983193 0.999101 0.999953 0.999998
 0.754833 0.983193 0.999101 0.999953 0.999998
 0.754833 0.983193 0.999101 0.999953 0.999998
 0.754833 0.983193 0.999101 0.999953 0.999998
 0.754833 0.983193 0.999101 0.999953 0.999998
 0.754833 0.983193 0.999101 0.999953 0.999998
 0.754833 0.983193 0.999101 0.999953 0.999998
 0.754833 0.983193 0.999101 0.999953 0.999998
 0.754833 0.983193 0.999101 0.999953 0.999998
 0.754833 0.983193 0.999101 0.999953 0.999998
 0.754833 0.983193 0.999101 0.999953 0.999998
 0.754833 0.983193 0.999101 0.999953 0.999998
 0.754833 0.983193 0.999101 0.999953 0.999998
 0.754833 0.983193 0.999101 0.999953 0.999998
 0.754833 0.983193 0.999101 0.999953 0.999998
 0.754833 0.983193 0.999101 0.999953 0.999998
 0.754833 0.983193 0.999101 0.999953 0.999998
 0.754833 0.983193 0.999101 0.999953 0.999998
 0.754833 0.983193 0.999101 0.999953 0.999998
 0.754833 0.983193 0.999101 0.999953 0.999998
Sel_reclas
 1 1 1 1 1
 1 1 1 1 1
 1 1 1 1 1
 1 1 1 1 1
 1 1 1 1 1
 1 1 1 1 1
 1 1 1 1 1
 1 1 1 1 1
 1 1 1 1 1
 1 1 1 1 1
 1 1 1 1 1
 1 1 1 1 1
 1 1 1 1 1
 1 1 1 1 1
 1 1 1 1 1
 1 1 1 1 1
 1 1 1 1 1
 1 1 1 1 1
 1 1 1 1 1
 1 1 1 1 1
 1 1 1 1 1
 1 1 1 1 1
 1 1 1 1 1
 1 1 1 1 1
 1 1 1 1 1
 1 1 1 1 1
 1 1 1 1 1
 1 1 1 1 1
 1 1 1 1 1
 1 1 1 1 1
 1 1 1 1 1
Sel_pelaces
 1 1 1 1 1
 1 1 1 1 1
 1 1 1 1 1
 1 1 1 1 1
 1 1 1 1 1
 1 1 1 1 1
 1 1 1 1 1
 1 1 1 1 1
 1 1 1 1 1
 1 1 1 1 1
 1 1 1 1 1
 1 1 1 1 1
 1 1 1 1 1
 1 1 1 1 1
 1 1 1 1 1
 1 1 1 1 1
 1 1 1 1 1
 1 1 1 1 1
 1 1 1 1 1
 1 1 1 1 1
 1 1 1 1 1
 1 1 1 1 1
 1 1 1 1 1
 1 1 1 1 1
 1 1 1 1 1
 1 1 1 1 1
 1 1 1 1 1
 1 1 1 1 1
 1 1 1 1 1
 1 1 1 1 1
 1 1 1 1 1
pf_obs 
 0.8446 0.082 0.0669 0.0065 0
 0.8095 0.147 0.0364 0.0071 0
 0.9664 0.0169 0.016 0.0007 0
 0.9276 0.0648 0.0075 0.0001 0
 0.7033 0.2144 0.0806 0.0017 0
 0.9318 0.0425 0.0243 0.0014 0
 0.5671 0.3108 0.0964 0.0239 0.0018
 0.0768 0.2599 0.5324 0.112 0.0189
 0.490249 0.384438 0.106611 0.0170017 0.00170017
 0.7925 0.1577 0.0466 0.003 0.0002
 0.840416 0.127587 0.0312969 0.00059994 9.999e-05
 0.8084 0.0986 0.0794 0.0134 0.0002
 0.7335 0.1905 0.0724 0.0035 0.0001
 0.4001 0.4547 0.1325 0.0127 0
 0.49795 0.308269 0.164784 0.0264974 0.00249975
 0.9179 0.0499 0.0305 0.0017 0
 0.2467 0.6533 0.0926 0.0074 0
 0.9418 0.0223 0.034 0.0019 0
 0.707729 0.231977 0.0356964 0.0245975 0
 0.517169 0.277429 0.184464 0.0207286 0.00020938
 0.811772 0.124168 0.05621 0.00726502 0.000585176
 0.764997 0.148141 0.077277 0.00933861 0.000247198
 0.163321 0.427699 0.378323 0.0303852 0.000271297
 0.753843 0.0900009 0.118128 0.0371064 0.000921714
 0.721811 0.176058 0.0630433 0.0369309 0.00215725
 0.143369 0.312575 0.442814 0.0836902 0.0175525
 0.692698 0.0596174 0.167031 0.0765114 0.00414204
 0.394062 0.376323 0.152708 0.0712218 0.00568511
 0.125707 0.32114 0.495352 0.0537591 0.00404204
 0.23352 0.215282 0.420074 0.123614 0.00750983
 0.774587 0.0839891 0.0768558 0.0609784 0.00358967
pf_pred 
 0.454929 0.127658 0.393193 0.0242202 8.31807e-07
 0.414146 0.308027 0.0659099 0.199631 0.0122865
 0.566435 0.211484 0.117803 0.0247564 0.0795217
 0.736708 0.16792 0.0469608 0.0256918 0.0227195
 0.648881 0.278461 0.0466717 0.0128023 0.0131838
 0.743398 0.181709 0.0596022 0.00982519 0.00546558
 0.466838 0.424049 0.0776747 0.0250246 0.00641375
 0.449004 0.303674 0.197568 0.0354304 0.0143239
 0.532737 0.241385 0.125406 0.080274 0.020198
 0.70333 0.180822 0.060412 0.0307918 0.0246443
 0.816209 0.141011 0.0262866 0.00860557 0.00788802
 0.735532 0.22573 0.029837 0.00547101 0.0034297
 0.681883 0.252653 0.0560441 0.00725751 0.00216258
 0.62797 0.27828 0.0747687 0.0162529 0.00272886
 0.738797 0.185762 0.0567712 0.0148942 0.0037764
 0.934834 0.05205 0.00938506 0.00280839 0.000922563
 0.378335 0.591703 0.0240282 0.00424717 0.00168662
 0.900902 0.0445048 0.0520072 0.00207387 0.00051164
 0.58631 0.382562 0.0141201 0.0162031 0.000804742
 0.605317 0.260147 0.124598 0.00451035 0.00542714
 0.734603 0.179514 0.0569757 0.0267747 0.00213323
 0.742577 0.202948 0.037066 0.0115526 0.0058558
 0.317439 0.5437 0.109919 0.0196994 0.00924251
 0.736401 0.100603 0.130297 0.0258885 0.00681012
 0.623025 0.297117 0.0308046 0.0392201 0.00983341
 0.428529 0.392069 0.141924 0.014465 0.023013
 0.726212 0.13608 0.094978 0.03381 0.00892002
 0.682921 0.24701 0.0351305 0.0241039 0.0108342
 0.346289 0.483339 0.133227 0.0186319 0.018513
 0.415226 0.240227 0.255869 0.0693581 0.01932
 0.820051 0.0876339 0.0383182 0.0401094 0.013888
pobs_RECLAS
 0 0 0 0 0
 0 0 0 0 0
 0 0 0 0 0
 0 0 0 0 0
 0 0 0 0 0
 0 0 0 0 0
 0 0 0 0 0
 0 0 0 0 0
 0 0 0 0 0
 0 0 0 0 0
 0.991045 0.00858322 0.000360255 1.14367e-05 0
 0.934742 0.0480273 0.0164251 0.00080598 0
 0.827803 0.169806 0.00239088 0 0
 0.941827 0.0461693 0.0120037 0 0
 0.791401 0.0380133 0.147996 0.0225897 0
 0.846168 0.0940531 0.0597789 0 0
 0.134021 0.677848 0.182769 0.00536245 0
 0.80878 0.0450904 0.141981 0.00414843 0
 0.846168 0.0940531 0.0597789 0 0
 0.905697 0.0802665 0.012482 0.00150086 5.37128e-05
 0.989698 0.0102097 9.19794e-05 0 0
 0.975433 0.0193895 0.00387452 0.00125025 5.28907e-05
 0.303575 0.632131 0.0575291 0.00676475 0
 0.966965 0.00978017 0.0227588 0.000495775 0
 0.843318 0.132988 0.00938335 0.0141283 0.000182051
 0.564624 0.303363 0.111486 0.0197234 0.00080311
 0.826376 0.0876187 0.0782897 0.00655872 0.00115652
 0.89761 0.0855135 0.0140674 0.00269457 0.000114338
 0.34875 0.467042 0.161289 0.0227151 0.000203297
 0.318654 0.224769 0.449479 0.00709798 0
 0.937255 0.0296025 0.0250945 0.00804832 0
ppred_RECLAS
 0.524807 0.11269 0.341485 0.0210169 7.21763e-07
 0.483047 0.274016 0.0576716 0.174525 0.0107408
 0.633363 0.18039 0.0988371 0.0207525 0.0666575
 0.787511 0.136365 0.0375004 0.0204978 0.0181255
 0.707805 0.232521 0.0383435 0.0105088 0.0108215
 0.792322 0.147777 0.0476796 0.00785293 0.00436825
 0.537844 0.368887 0.066414 0.0213771 0.00547864
 0.517219 0.268031 0.171579 0.0307432 0.0124284
 0.601846 0.207387 0.105955 0.067763 0.0170492
 0.759145 0.147803 0.048546 0.0247214 0.0197848
 0.853399 0.112909 0.0207092 0.00677382 0.00620872
 0.786443 0.182735 0.0237453 0.00435007 0.00272687
 0.739434 0.20767 0.0452905 0.00585967 0.00174597
 0.693827 0.23006 0.0607141 0.0131852 0.00221369
 0.789987 0.150105 0.0450918 0.0118193 0.00299661
 0.949945 0.0401178 0.00711218 0.00212634 0.000698476
 0.444113 0.529519 0.02115 0.00373514 0.00148321
 0.923268 0.0347757 0.0399712 0.00159252 0.000392868
 0.651338 0.322844 0.0117173 0.0134338 0.000667171
 0.669754 0.218917 0.103112 0.00372924 0.00448705
 0.784944 0.146254 0.0456577 0.0214372 0.00170789
 0.791905 0.164647 0.0295724 0.00920883 0.00466757
 0.379179 0.496181 0.0986804 0.0176699 0.00828994
 0.786853 0.0821809 0.104711 0.0207869 0.00546785
 0.684493 0.249555 0.0254539 0.0323795 0.00811794
 0.496227 0.347405 0.123725 0.0125992 0.0200438
 0.777707 0.111409 0.0764979 0.0272079 0.00717787
 0.738608 0.204379 0.0285974 0.0196044 0.00881137
 0.410091 0.43803 0.118789 0.0165983 0.0164916
 0.484153 0.213991 0.224217 0.0607253 0.0169145
 0.857531 0.0699842 0.0301022 0.031482 0.0109002
pobs_PELACES
 0 0 0 0 0
 0 0 0 0 0
 0 0 0 0 0
 0 0 0 0 0
 0 0 0 0 0
 0 0 0 0 0
 0 0 0 0 0
 0 0 0 0 0
 0 0 0 0 0
 0 0 0 0 0
 0 0 0 0 0
 0 0 0 0 0
 0 0 0 0 0
 0 0 0 0 0
 0 0 0 0 0
 0 0 0 0 0
 0.505614 0.472636 0.0217494 0 0
 0 0 0 0 0
 0.443492 0.261883 0.143347 0.151278 0
 0.227955 0.32914 0.350689 0.0885471 0.00366901
 0.970185 0.0296113 0.000203453 0 0
 0.997202 0.00247181 0.000326279 0 0
 0.445219 0.490057 0.0546422 0.010081 0
 0.90214 0.0892962 0.00764917 0.000914606 0
 0 0 0 0 0
 0.581667 0.319106 0.0959925 0.00289975 0.000334073
 0.762889 0.0836404 0.116647 0.0363945 0.000428098
 0.88444 0.0763242 0.0277011 0.0115352 0
 0.521256 0.241999 0.230069 0.00667565 0
 0.616807 0.101726 0.260614 0.0208532 0
 0.833518 0.0704572 0.0857862 0.0102388 0
ppred_PELACES
 0.527886 0.11203 0.339207 0.0208758 7.16914e-07
 0.488589 0.271276 0.0570097 0.172508 0.0106167
 0.638389 0.178052 0.0974142 0.0204522 0.0656925
 0.79287 0.133034 0.036504 0.0199508 0.0176417
 0.71 0.23081 0.0380334 0.0104234 0.0107335
 0.795689 0.145441 0.04686 0.00771735 0.00429281
 0.549171 0.360076 0.0646249 0.0207978 0.00533011
 0.519114 0.26704 0.170857 0.0306131 0.0123757
 0.608998 0.203863 0.103945 0.0664703 0.0167239
 0.766352 0.143534 0.0470165 0.0239391 0.0191586
 0.854559 0.112033 0.0205354 0.00671673 0.00615639
 0.793029 0.17717 0.0229593 0.00420547 0.0026362
 0.746549 0.202105 0.0439641 0.00568728 0.0016946
 0.707095 0.220329 0.0578949 0.01257 0.00211038
 0.797222 0.14506 0.043445 0.0113858 0.00288668
 0.951616 0.0387978 0.00686131 0.00205107 0.000673745
 0.449727 0.524211 0.020905 0.00369155 0.0014659
 0.924891 0.0340691 0.0390984 0.00155761 0.000384256
 0.658533 0.316235 0.0114521 0.0131283 0.000651992
 0.676237 0.214766 0.100954 0.0036508 0.00439264
 0.78876 0.14373 0.0448005 0.021033 0.00167568
 0.796574 0.161019 0.0288641 0.00898734 0.00455528
 0.383142 0.493129 0.0979602 0.0175398 0.0082289
 0.7894 0.0812504 0.10342 0.0205295 0.00540013
 0.687695 0.247078 0.0251754 0.0320236 0.00802868
 0.499238 0.345418 0.122916 0.0125163 0.0199119
 0.780319 0.110157 0.0755612 0.0268732 0.00708957
 0.741051 0.202508 0.028311 0.0194071 0.0087227
 0.412933 0.436011 0.118146 0.0165079 0.0164017
 0.488501 0.212334 0.222221 0.0601811 0.0167629
 0.859767 0.0689307 0.0296124 0.0309676 0.0107221
pobs_pel_tallas
 0 0 0 0 0 0 0 0 0 0 0 0 0 0 0 0 0 0 0 0 0 0 0 0 0 0
 0 0 0 0 0 0 0 0 0 0 0 0 0 0 0 0 0 0 0 0 0 0 0 0 0 0
 0 0 0 0 0 0 0 0 0 0 0 0 0 0 0 0 0 0 0 0 0 0 0 0 0 0
 0 0 0 0 0 0 0 0 0 0 0 0 0 0 0 0 0 0 0 0 0 0 0 0 0 0
 0 0 0 0 0 0 0 0 0 0 0 0 0 0 0 0 0 0 0 0 0 0 0 0 0 0
 0 0 0 0 0 0 0 0 0 0 0 0 0 0 0 0 0 0 0 0 0 0 0 0 0 0
 0 0 0 0 0 0 0 0 0 0 0 0 0 0 0 0 0 0 0 0 0 0 0 0 0 0
 0 0 0 0 0 0 0 0 0 0 0 0 0 0 0 0 0 0 0 0 0 0 0 0 0 0
 0 0 0 0 0 0 0 0 0 0 0 0 0 0 0 0 0 0 0 0 0 0 0 0 0 0
 0 0 0 0 0 0 0 0 0 0 0 0 0 0 0 0 0 0 0 0 0 0 0 0 0 0
 0 0 0 0 0 0 0 0 0 0 0 0 0 0 0 0 0 0 0 0 0 0 0 0 0 0
 0 0 0 0 0 0 0 0 0 0 0 0 0 0 0 0 0 0 0 0 0 0 0 0 0 0
 0.00862536 0 0 0.000197151 0.00414017 0.0128641 0.00837892 0.0270097 0.101434 0.158115 0.152841 0.127902 0.109271 0.109419 0.0830992 0.0579132 0.0238553 0.00714673 0.00463305 0.00128148 0.00103504 0.000492878 0.000147863 0.000147863 4.92878e-05 0
 0 0 0 0 0 0 0 0 0 0 0 0 0 0 0 0 0 0 0 0 0 0 0 0 0 0
 0 0 0 0 0 0 0 0.0054083 0.00873648 0.0413646 0.0450493 0.0745869 0.0622846 0.0627006 0.0613931 0.0827291 0.12552 0.122667 0.0946155 0.0697135 0.0546179 0.0294188 0.0215738 0.0213955 0.0102223 0.00600262
 0 0 0 0 0.00359764 0.0251062 0.0480494 0.140153 0.205849 0.193036 0.1447 0.116669 0.0760912 0.0342217 0.00950174 0.001854 0.000860785 0 0 0 0.000165536 0 0.000143464 0 0 0
 0 0 0 0 0 0 0 0.000145254 0.000435761 0.0275982 0.070085 0.0708112 0.156366 0.174668 0.174014 0.160142 0.0824315 0.0480064 0.0283245 0.00493863 0.00203355 0 0 0 0 0
 0 0 0 0 0 0 0 0 0 0 0 0 0 0 0 0 0 0 0 0 0 0 0 0 0 0
 0 0 1.00437e-05 0.000401748 0.00122533 0.00171747 0.00176769 0.0269171 0.070346 0.194647 0.189555 0.159765 0.064822 0.0314167 0.0384472 0.0292271 0.0345202 0.0313363 0.0194345 0.0106764 0.0143323 0.0359363 0.0279516 0.0138201 0.00172751 0
 0 0.0021121 0.0136068 0.0755702 0.200478 0.177729 0.0527432 0.0373336 0.0318909 0.0142505 0.0149659 0.0166563 0.0217959 0.0798694 0.0677717 0.0528807 0.04013 0.0224614 0.0357745 0.0225083 0.00881397 0.00855152 0.00135912 0.000746735 0 0
 0 0 0 0 5.4009e-05 0.00500934 0.000945158 0.0243581 0.138947 0.33067 0.221406 0.137944 0.0707744 0.0437923 0.0131692 0.00525238 0.0047753 0.00276346 9.45158e-05 9.00151e-06 2.25038e-05 9.00151e-06 4.50075e-06 0 0 0
 0.000866109 0.00284123 0.00948549 0.0512746 0.133035 0.25785 0.225252 0.132002 0.0553304 0.0519788 0.0540692 0.017754 0.00435017 0.00159236 0.00146478 0.000404838 0.000125132 0.000115318 0.000107957 0.000100596 0 0 0 0 0 0
 0 0 0 0 0.00144013 0.00171154 0.00461396 0.0210425 0.0478622 0.0707936 0.0888783 0.103762 0.0637923 0.0337046 0.0602308 0.124433 0.169614 0.0934646 0.0462172 0.0250306 0.0313229 0.00938855 0.002487 0.000210481 0 0
 0 0.00764035 0.051015 0.0998891 0.058973 0.0496711 0.0374665 0.0718981 0.12319 0.153886 0.159021 0.0857701 0.0377988 0.023471 0.0147837 0.00900784 0.00315554 0.000888139 0.00291439 0.00214683 0.00393193 0.00274676 0.000635225 9.99891e-05 0 0
 0 0 0 0 0 0 0 0 0 0 0 0 0 0 0 0 0 0 0 0 0 0 0 0 0 0
 0 0 0 0 0 0 0 0 0 0 0 0 0 0 0 0 0 0 0 0 0 0 0 0 0 0
 0 0 0 0 0 0 0 0 0 0 0 0 0 0 0 0 0 0 0 0 0 0 0 0 0 0
 0 0 0 0 0 0 0 0 0 0 0 0 0 0 0 0 0 0 0 0 0 0 0 0 0 0
 0 0 0 0 0 0 0 0 0 0 0 0 0 0 0 0 0 0 0 0 0 0 0 0 0 0
 0 0 0 0 0 0 0 0 0 0 0 0 0 0 0 0 0 0 0 0 0 0 0 0 0 0
 0 0 0 0 0 0 0 0 0 0 0 0 0 0 0 0 0 0 0 0 0 0 0 0 0 0
ppred_pel_tallas
 1.11912e-16 4.34813e-05 0.000422654 0.00280868 0.0127679 0.0397257 0.0846402 0.123537 0.123548 0.0846956 0.0399134 0.0133164 0.00420982 0.00356133 0.00623829 0.0108529 0.017043 0.024367 0.032292 0.0403961 0.0483038 0.055336 0.0602812 0.061695 0.0586457 0.0513583
 1.20812e-16 4.02445e-05 0.000391191 0.0025996 0.0118174 0.0367685 0.0783402 0.114345 0.114372 0.0784684 0.0371994 0.0130632 0.00573203 0.0072475 0.0131182 0.0217812 0.0317709 0.0408612 0.0468889 0.0490584 0.0484834 0.0473927 0.0475857 0.0493276 0.051387 0.0519602
 1.16025e-16 5.25833e-05 0.000511128 0.00339663 0.0154406 0.0480415 0.102358 0.149398 0.149416 0.102443 0.0483258 0.0162634 0.00546854 0.00505613 0.00875002 0.0145575 0.0213854 0.0277996 0.0323926 0.0345839 0.0349575 0.0347762 0.0350594 0.0359614 0.0368357 0.0367701
 1.06074e-16 6.53076e-05 0.000634814 0.00421856 0.019177 0.0596667 0.127127 0.185548 0.185561 0.12719 0.0598779 0.0197873 0.00575241 0.00398961 0.00645594 0.0106216 0.0154206 0.019668 0.0222136 0.0225589 0.0211551 0.0190707 0.0172962 0.0162301 0.0156527 0.0150619
 1.04019e-16 5.84818e-05 0.000568464 0.00377764 0.0171726 0.0534306 0.11384 0.166158 0.16618 0.113949 0.0537958 0.0182277 0.00642648 0.00635286 0.01105 0.0181914 0.0262387 0.0330815 0.0366114 0.0358661 0.0315986 0.0257516 0.0202734 0.0161976 0.0135208 0.0116808
 1.0289e-16 6.55399e-05 0.000637071 0.00423356 0.0192452 0.0598789 0.127579 0.186208 0.186222 0.127648 0.0601098 0.0199125 0.00591081 0.0043053 0.00705205 0.0116067 0.0168349 0.021424 0.0240755 0.0241813 0.0221578 0.0191096 0.0161104 0.0136789 0.0117601 0.0100536
 1.04945e-16 4.52345e-05 0.000439696 0.00292194 0.0132827 0.0413276 0.0880542 0.128525 0.12856 0.0882239 0.0418976 0.0149292 0.00705596 0.00946844 0.0172047 0.0284038 0.0409894 0.0517094 0.0572745 0.0561674 0.0495295 0.0403444 0.0316053 0.024904 0.0202608 0.0168756
 1.10164e-16 4.27587e-05 0.00041563 0.00276201 0.0125557 0.0390656 0.0832344 0.121488 0.121514 0.0833613 0.0394924 0.0137911 0.00587355 0.00724279 0.0131105 0.0218727 0.0321268 0.0417043 0.0483883 0.0511138 0.0504841 0.04811 0.0453609 0.042589 0.0393168 0.0349823
 1.12549e-16 5.01624e-05 0.000487596 0.00324025 0.0147297 0.0458297 0.0976457 0.142521 0.142541 0.0977425 0.046155 0.0156712 0.00561062 0.005686 0.00999399 0.0166321 0.0244071 0.0316663 0.0367697 0.0390101 0.038999 0.0381157 0.0374702 0.037226 0.0367164 0.0350832
 1.07037e-16 6.31234e-05 0.000613582 0.00407747 0.0185356 0.0576712 0.122875 0.179343 0.179357 0.122943 0.0578993 0.019195 0.00573533 0.00424166 0.00698034 0.011512 0.0167507 0.0214412 0.0243585 0.024971 0.0237517 0.0218155 0.0201746 0.0192004 0.0186171 0.0178773
 1.02337e-16 7.03889e-05 0.000684205 0.00454678 0.020669 0.0643091 0.137018 0.199984 0.199994 0.13707 0.0644864 0.0211814 0.00583345 0.00349465 0.00541286 0.00885042 0.0127747 0.0161345 0.0179119 0.0176453 0.0157003 0.0130115 0.0105065 0.00866291 0.00745489 0.00659274
 1.01576e-16 6.53208e-05 0.000634941 0.00421941 0.0191808 0.0596787 0.127153 0.185586 0.185603 0.127236 0.0599588 0.0199898 0.00624978 0.00506667 0.00848019 0.0139114 0.0200222 0.0251543 0.0276624 0.0267864 0.0230989 0.0181119 0.013372 0.0097473 0.0073163 0.00571408
 1.02178e-16 6.14923e-05 0.000597727 0.00397211 0.0180566 0.056181 0.1197 0.17471 0.17473 0.119796 0.0565011 0.0189814 0.00629458 0.00567134 0.0097078 0.015979 0.0230755 0.0291477 0.0323451 0.031801 0.0281248 0.0229496 0.0179203 0.0139222 0.0109999 0.00877377
 1.03345e-16 5.82426e-05 0.000566138 0.00376219 0.0171024 0.053212 0.113375 0.165478 0.165499 0.113479 0.0535613 0.0181119 0.00629824 0.00610928 0.010606 0.0174947 0.0253199 0.0320989 0.0358419 0.0356188 0.0320816 0.0269616 0.0219697 0.017977 0.0149563 0.0124617
 1.02922e-16 6.56662e-05 0.000638299 0.00424172 0.0192823 0.0599943 0.127825 0.186567 0.186581 0.127893 0.0602245 0.0199476 0.00591367 0.00429437 0.00702741 0.0115616 0.0167606 0.0213125 0.0239219 0.0239866 0.0219323 0.0188749 0.0158976 0.0135211 0.0116803 0.0100549
 1.00528e-16 7.83834e-05 0.000761914 0.00506319 0.0230165 0.071613 0.152579 0.222694 0.222698 0.152597 0.0716744 0.0231939 0.00550858 0.00173461 0.00192693 0.00306475 0.00441486 0.00556776 0.00616426 0.00604046 0.00531952 0.00432358 0.00337634 0.00265064 0.0021497 0.00178768
 1.01356e-16 3.70435e-05 0.000360076 0.00239283 0.0108775 0.0338442 0.0721106 0.105258 0.105309 0.072357 0.0346714 0.0132654 0.00838239 0.0134211 0.0248003 0.040831 0.0585559 0.0730895 0.0794775 0.0754352 0.0627367 0.0460806 0.0303758 0.0185332 0.0110161 0.00678198
 1.01359e-16 7.6182e-05 0.000740516 0.00492099 0.0223701 0.0696018 0.148294 0.21644 0.216443 0.14831 0.0696567 0.0225296 0.00532384 0.00162832 0.00178675 0.00289683 0.00431292 0.00572875 0.00687621 0.0076128 0.007968 0.00805792 0.00794913 0.00760208 0.00693571 0.00593685
 1.01839e-16 5.42425e-05 0.000527257 0.00350381 0.0159278 0.0495575 0.105589 0.154116 0.154147 0.105737 0.0500565 0.0173685 0.00711765 0.0084083 0.0149984 0.0246487 0.0353612 0.044175 0.0481177 0.0458335 0.0384127 0.0286957 0.0196238 0.0129004 0.00872732 0.00639523
 1.04078e-16 5.57008e-05 0.000541432 0.003598 0.016356 0.0508898 0.108427 0.158256 0.158277 0.108528 0.0512316 0.0173448 0.0060852 0.00598801 0.0104493 0.0173154 0.0252359 0.0323507 0.0367734 0.0375878 0.0353167 0.0314272 0.0273151 0.0236096 0.0202165 0.0168231
 1.03723e-16 6.49692e-05 0.000631524 0.0041967 0.0190776 0.0593575 0.126468 0.184587 0.184601 0.126536 0.0595857 0.0197373 0.00585479 0.00425844 0.00697473 0.0114849 0.0166736 0.0212556 0.0239662 0.0242267 0.0224679 0.0197851 0.0172152 0.0152137 0.0136456 0.0121352
 1.02547e-16 6.56128e-05 0.00063778 0.00423827 0.0192666 0.0599456 0.127721 0.186416 0.186431 0.127797 0.0602004 0.0200029 0.006087 0.00467549 0.00773971 0.0127068 0.0183347 0.0231348 0.0256365 0.0251654 0.0222368 0.0181891 0.0143617 0.0114618 0.00948668 0.00806177
 1.06105e-16 3.1559e-05 0.000306765 0.00203856 0.00926705 0.0288335 0.0614345 0.0896755 0.089723 0.061667 0.0296142 0.0115226 0.00770256 0.0126784 0.0235485 0.0389348 0.0562106 0.0709497 0.0786445 0.0771968 0.0681318 0.0554889 0.043333 0.0338463 0.027108 0.0221117
 1.05979e-16 6.50218e-05 0.000632035 0.0042001 0.019093 0.0594056 0.12657 0.184734 0.184742 0.126609 0.0595372 0.0194751 0.00516628 0.00276526 0.00418703 0.00700397 0.0105157 0.0141304 0.0172695 0.0196399 0.0213269 0.0225654 0.0234041 0.0235825 0.0227248 0.020654
 1.0536e-16 5.66446e-05 0.000550605 0.00365897 0.0166331 0.051752 0.110264 0.160939 0.160962 0.11038 0.0521426 0.0177613 0.00649072 0.00673217 0.0117967 0.0194147 0.0279722 0.0352106 0.0388836 0.037996 0.033416 0.0272967 0.0217729 0.0179376 0.015693 0.0142866
 1.08261e-16 4.11216e-05 0.000399717 0.00265626 0.012075 0.03757 0.080048 0.116839 0.116873 0.0802113 0.0381187 0.0136613 0.00664381 0.0091235 0.0166648 0.0276305 0.0401386 0.0511869 0.0577206 0.0583066 0.0539212 0.0471469 0.0404712 0.0350605 0.0307343 0.0267569
 1.06104e-16 6.42738e-05 0.000624765 0.00415178 0.0188734 0.0587222 0.125114 0.18261 0.182621 0.125167 0.0588985 0.019384 0.00543857 0.00345062 0.00548064 0.00908944 0.0133954 0.0174968 0.0205136 0.0220414 0.0223454 0.0220691 0.0217075 0.0212914 0.0204904 0.0189588
 1.04292e-16 6.10394e-05 0.000593325 0.00394285 0.0179236 0.0557672 0.118819 0.173423 0.173443 0.118914 0.0560876 0.018849 0.00626601 0.00566609 0.00969926 0.0159501 0.0230019 0.0289986 0.0321007 0.0314832 0.0278339 0.0228822 0.0183448 0.0151035 0.0130958 0.01175
 1.07953e-16 3.40129e-05 0.000330617 0.00219707 0.00998758 0.0310753 0.0662108 0.0966454 0.0966875 0.0664166 0.0317667 0.0119856 0.00721684 0.0113033 0.0209158 0.0346357 0.0501513 0.0636123 0.0710962 0.0707729 0.0639413 0.0540311 0.0444253 0.0368355 0.0311821 0.0265432
 1.1534e-16 4.02372e-05 0.00039112 0.00259913 0.0118153 0.0367619 0.0783258 0.114323 0.114344 0.0784275 0.0371043 0.0128085 0.00510771 0.00591917 0.0106916 0.0180123 0.0268843 0.0357892 0.0431689 0.0482745 0.0514587 0.0535829 0.0550741 0.0554887 0.0539046 0.0497024
 1.05793e-16 7.08179e-05 0.000688375 0.0045745 0.020795 0.064701 0.137853 0.201201 0.201208 0.137885 0.0648109 0.021113 0.00537507 0.0024437 0.00342763 0.00561702 0.0082367 0.0106914 0.0124396 0.013271 0.013432 0.0134266 0.0136448 0.0141119 0.01452 0.0144619
pSPR Fmed_Fpbrs
0.606883   0.6 0.325
Fs Fmed_Fpbrs
0.280796   0.287819 0.706514
SSBpbr Bo_Bmed_Bpbrs
1.73447e+06  965898  953960 476980
Ro
161961
SPR SPRFo_SPRFmed_SPRFpbrs
1.15768e+06 702579 376247
Fref
0.287819
Nvult_r0
 185736 15935.1 6877.61 7194.15 2490.9
CTP_r0
 28067.6 2999.42 1311.5 1372.81 475.34
YTP_r0
391299
Np
 214972 82625.6 6564.03 2818.09 3803.32
Nvult_p0
 151331 59721 4752.73 2040.65 2754.09
CTP_p0
 27009.5 13172.4 1061.46 456.054 615.519
YTP_p0
 474649
CBA_c0
416304
log_Ro
11.8151
likeval ReclasPelacesDesembMPH_pf_preclas_ppelaces_ptallas_desvR_qrecl_qpela
 13.7005 17.1601 0.0580308 0.000815233 241.019 118.161 98.5533 0 23.565 1.48842e-08 2.45685e-06 0.296132 7.17954e-16 0 0
q_reclas_q_pelaces
1.01744 1.24982
M
1
N
 186977 40868.9 123999 7632.06 0.262101
 104369 61161.4 12901.7 39047.7 2403.13
 105342 30970.2 17006.4 3571.21 11470.9
 172985 31419.1 8669.04 4739.35 4190.9
 139048 46410.2 7661.67 2099.96 2162.44
 239485 46053.3 14890.5 2452.78 1364.38
 98029.7 71980.6 13021 4192.24 1074.42
 43842.1 22974.4 14718.4 2637.32 1066.18
 41614.3 14982.6 7678.13 4911.31 1235.7
 55482 11455.6 3778.01 1924.32 1540.07
 103192 13843.4 2541.54 831.363 762.009
 140461 34637.7 4519.65 828.17 519.15
 117436 34870.1 7634.32 987.932 294.372
 82070.2 29900.5 7942.85 1725.54 289.71
 79839.1 16199 4888.49 1281.66 324.952
 427290 19034.2 3386.99 1012.82 332.7
 89527.2 110469 4422.89 781.191 310.211
 673871 26253.5 30246.8 1205.23 297.329
 381354 198313 7221.67 8281.09 411.273
 299206 102158 48263.7 1745.83 2100.62
 428126 82505.5 25817.3 12123.3 965.86
 580845 126029 22703.6 7071 3584.03
 120108 161165 32108.6 5749.95 2697.64
 350510 37428 47762.8 9482.47 2494.31
 298801 111382 11378.2 14475.3 3629.14
 133189 94924.9 33848.6 3447.12 5483.96
 297272 43541.2 29943.3 10650.8 2809.86
 334870 94432.3 13230.7 9070.7 4076.93
 100004 108698 29513.6 4124.2 4097.71
 72305.8 32778.2 34405.2 9318.94 2595.73
 268362 22499.1 9695.69 10141.1 3511.24
pred_Ctot
 13226.2 3711.4 11431.3 704.155 0.0241832
 12983.8 9656.87 2066.32 6258.56 385.189
 12819.5 4786.28 2666.1 560.283 1799.72
 30370.2 6922.39 1935.92 1059.12 936.593
 8838.24 3792.85 635.703 174.377 179.574
 28160.5 6883.28 2257.78 372.186 207.041
 23324.8 21187 3880.9 1250.32 320.453
 1981.08 1339.86 871.705 156.325 63.1994
 6779.31 3071.73 1595.85 1021.52 257.028
 11644.9 2993.85 1000.23 509.816 408.032
 5755.51 994.342 185.361 60.6823 55.6225
 29806.4 9147.4 1209.1 221.705 138.984
 23548.6 8725.26 1935.46 250.635 74.6839
 25275.8 11200.8 3009.44 654.179 109.837
 18396 4625.46 1413.6 370.865 94.0323
 82612.7 4599.74 829.372 248.182 81.5283
 11695.1 18290.7 742.762 131.289 52.1368
 86773.2 4286.62 5009.23 199.751 49.2802
 67235 43870.2 1619.22 1858.09 92.2836
 48489.8 20839.5 9981.14 361.308 434.749
 55065.2 13456.2 4270.85 2007.01 159.905
 92330.7 25234.2 4608.72 1436.43 728.099
 11769.1 20157.7 4075.23 730.353 342.666
 30541.8 4172.46 5404 1073.71 282.446
 26080.8 12437.8 1289.53 1641.82 411.642
 9466.31 8660.89 3135.13 319.535 508.363
 25959.6 4864.38 3395.13 1208.59 318.86
 25159.7 9100.19 1294.26 888.02 399.147
 6957.6 9711.19 2676.78 374.35 371.961
 7143.1 4132.6 4401.68 1193.16 332.36
 28067.6 2999.42 1311.5 1372.81 475.34
F
 0.117472 0.153011 0.155487 0.155619 0.155626
 0.214909 0.279925 0.284454 0.284697 0.284709
 0.209798 0.273269 0.27769 0.277927 0.277939
 0.315684 0.411188 0.417841 0.418197 0.418216
 0.105021 0.136793 0.139007 0.139125 0.139131
 0.202094 0.263233 0.267492 0.26772 0.267732
 0.450891 0.587299 0.596802 0.597311 0.597337
 0.0737053 0.0960034 0.0975567 0.0976399 0.0976443
 0.289969 0.377693 0.383804 0.384131 0.384149
 0.388247 0.505703 0.513886 0.514324 0.514347
 0.0916499 0.119377 0.121308 0.121412 0.121417
 0.393302 0.512288 0.520577 0.521021 0.521044
 0.36802 0.479358 0.487114 0.487529 0.487551
 0.622627 0.81099 0.824112 0.824815 0.824852
 0.433777 0.565007 0.574149 0.574639 0.574665
 0.352731 0.459443 0.466877 0.467275 0.467296
 0.226744 0.29534 0.300119 0.300375 0.300388
 0.223191 0.290713 0.295416 0.295668 0.295681
 0.317205 0.41317 0.419855 0.420213 0.420231
 0.288268 0.375478 0.381553 0.381878 0.381895
 0.222908 0.290344 0.295042 0.295293 0.295306
 0.282056 0.367386 0.37333 0.373648 0.373665
 0.16597 0.216181 0.219679 0.219866 0.219876
 0.146423 0.19072 0.193806 0.193971 0.19398
 0.146691 0.191069 0.19416 0.194326 0.194335
 0.118061 0.153778 0.156267 0.1564 0.156407
 0.146764 0.191164 0.194257 0.194423 0.194432
 0.125166 0.163032 0.16567 0.165811 0.165818
 0.115444 0.15037 0.152803 0.152933 0.15294
 0.167428 0.218081 0.221609 0.221798 0.221808
 0.178016 0.231872 0.235623 0.235824 0.235835
nmprior
 8.19 8.8 8.5 0
nm_flota  nm_reclas  nm_pelaces    nm_pelaL
inf 12.6051 19.642 47.9891
cv_recla  cv_pelaces  cv_mph
0.334806 0.469713 0.881142
 ------------------------------------------------
Talla a la edad & desviaci?n 
 8 13.2811 15.8009 17.003 17.5766
 0.8 1.32811 1.58009 1.7003 1.75766
