years
 1991 1992 1993 1994 1995 1996 1997 1998 1999 2000 2001 2002 2003 2004 2005 2006 2007 2008 2009 2010 2011 2012 2013 2014 2015 2016 2017 2018 2019 2020 2021
reclasobs
 0 0 0 0 0 0 0 0 0 252601 567819 844713 477998 351125 339783 2.1784e+06 2.13404e+06 4.81314e+06 1.55562e+06 2.62356e+06 3.21686e+06 3.843e+06 1.13348e+06 3.07943e+06 1.97215e+06 2.03268e+06 2.025e+06 2.42433e+06 2.27542e+06 1.05018e+06 2.36338e+06
reclaspred
 3.18273e+06 1.7102e+06 865370 870975 876257 1.73217e+06 904098 747901 516078 324708 500686 715032 705088 504369 476431 1.41544e+06 1.15681e+06 3.33983e+06 2.58552e+06 1.83193e+06 3.14669e+06 2.59805e+06 1.87843e+06 3.07857e+06 2.24469e+06 1.94666e+06 2.40937e+06 2.688e+06 2.06537e+06 1.17759e+06 1.82285e+06
pelacesobs
 0 0 0 0 0 0 0 0 0 0 0 0 0 0 0 552880 188675 0 991730 2.46772e+06 1.41603e+06 1.21717e+06 2.29649e+06 1.80582e+06 0 1.4828e+06 1.56532e+06 1.57751e+06 1.42118e+06 867257 1.10002e+06
pelacespred
 1.84127e+06 1.06531e+06 513981 410242 470614 946533 434697 491245 296441 163991 282847 336002 370645 259922 252310 639552 570852 1.84922e+06 1.48551e+06 948754 1.652e+06 1.40206e+06 1.09103e+06 1.91161e+06 1.37124e+06 1.20204e+06 1.64269e+06 1.80674e+06 1.22777e+06 761650 1.09234e+06
mphobs
 0 0 0 0 0 0 0 0 0 0 0 498337 0 5186 125008 0 168611 109162 213762 579715 649985 157893 87575 83554 0 0 0 0 0 0 0
mphpred
 493019 330086 154321 86108.8 89889.4 111627 172057 83246.6 73738.4 42255.3 24176.1 61398.1 66920.3 53638.3 30273.9 37901.6 156184 126168 336677 223782 230582 283869 274578 208041 314849 255334 203508 226594 338464 210119 114554
desembarqueobs
 494567 514787 250237 358949 120608 361735 552515 73892 212993 205616 52469 317467 293654 387597 252695 516296 358380 742168 942051 627588 828172 859565 418607 520667 417249 300574 415391 372974 316634 284311 391294
desembarquepred
 494562 514091 250495 358978 120612 361721 552466 73896.9 213046 205662 52471.2 317500 293653 387489 252639 516174 358399 741948 941611 627256 828227 859450 418583 520673 417209 300556 415361 372917 316593 284294 391283
Reclutas
 158263 88854.5 88465.7 120066 97343 205076 73202.2 28891.6 30246.8 41204.7 75420.5 118752 99120 69719.6 59800.9 325817 58861 542647 294684 237015 317049 449333 79964.2 246327 207720 88774.2 206277 236079 66344.5 46453.4 181011
log_desv_Rt
 0.275395 -0.301864 -0.30625 -0.000824975 -0.210623 0.534515 -0.495639 -1.42531 -1.37947 -1.07031 -0.465786 -0.0118299 -0.192533 -0.544384 -0.697844 0.997472 -0.713685 1.50759 0.897038 0.67926 0.97019 1.3189 -0.407285 0.717797 0.547325 -0.302769 0.540356 0.6753 -0.594004 -0.950415 0.409694
SSB
 1.54781e+06 1.03629e+06 484482 270334 282203 350448 540165 261349 231498 132658 75899.8 192756 210093 168395 95043.4 118990 490333 396098 1.05698e+06 702553 723901 891193 862024 653135 988454 801607 638902 711379 1.06259e+06 659657 359636
BT
 2.2754e+06 1.57381e+06 756319 730308 588342 1.34192e+06 931074 584374 523520 371223 356292 626417 665592 685452 532606 1.13564e+06 867398 2.72622e+06 2.46669e+06 1.55182e+06 2.47411e+06 2.27861e+06 1.48295e+06 2.58317e+06 1.80541e+06 1.5155e+06 2.21534e+06 2.33671e+06 1.49756e+06 1.054e+06 1.57528e+06
Ftot
 0.268188 0.498428 0.492488 0.765879 0.260017 0.422841 0.992902 0.182617 0.746729 1.12306 0.228044 0.847772 0.788413 1.39931 1.07073 0.797093 0.540769 0.478484 0.665616 0.63945 0.510193 0.633865 0.387864 0.345364 0.34148 0.278098 0.346622 0.285041 0.258294 0.411196 0.446491
BD_Bspro_t
 0.958221 0.727873 0.495432 0.392735 0.378343 0.482178 0.510566 0.301289 0.348223 0.273892 0.225014 0.507694 0.391539 0.298737 0.18779 0.227066 0.426425 0.365213 0.533137 0.404145 0.366814 0.413376 0.432645 0.403075 0.537624 0.545236 0.546573 0.601608 0.672988 0.568297 0.46005
BD_Bspro
 1.80202 1.20649 0.564054 0.314734 0.328552 0.408005 0.628882 0.304272 0.269519 0.154446 0.0883656 0.224415 0.244598 0.196052 0.110653 0.138533 0.570865 0.461153 1.23058 0.817939 0.842794 1.03756 1.0036 0.760405 1.1508 0.933263 0.743835 0.828216 1.23711 0.767999 0.418702
BD_Bo
 1.15598 0.77395 0.361834 0.201899 0.210763 0.261731 0.403421 0.195188 0.172894 0.0990756 0.0566856 0.14396 0.156907 0.125765 0.0709829 0.0888676 0.366204 0.295825 0.789403 0.524699 0.540643 0.665585 0.643801 0.487792 0.738224 0.598678 0.477162 0.531292 0.793594 0.492663 0.268593
BD_Brms
 2.10178 1.40718 0.657881 0.367088 0.383205 0.475874 0.733493 0.354886 0.314352 0.180137 0.103065 0.261745 0.285286 0.228664 0.12906 0.161577 0.665825 0.537863 1.43528 0.953999 0.982988 1.21015 1.17055 0.886894 1.34223 1.08851 0.867568 0.965985 1.4429 0.895752 0.488351
Sel_flota
 0.657975 0.97337 0.998562 0.999924 0.999996
 0.657975 0.97337 0.998562 0.999924 0.999996
 0.657975 0.97337 0.998562 0.999924 0.999996
 0.657975 0.97337 0.998562 0.999924 0.999996
 0.657975 0.97337 0.998562 0.999924 0.999996
 0.657975 0.97337 0.998562 0.999924 0.999996
 0.657975 0.97337 0.998562 0.999924 0.999996
 0.657975 0.97337 0.998562 0.999924 0.999996
 0.657975 0.97337 0.998562 0.999924 0.999996
 0.657975 0.97337 0.998562 0.999924 0.999996
 0.657975 0.97337 0.998562 0.999924 0.999996
 0.657975 0.97337 0.998562 0.999924 0.999996
 0.657975 0.97337 0.998562 0.999924 0.999996
 0.657975 0.97337 0.998562 0.999924 0.999996
 0.657975 0.97337 0.998562 0.999924 0.999996
 0.657975 0.97337 0.998562 0.999924 0.999996
 0.657975 0.97337 0.998562 0.999924 0.999996
 0.657975 0.97337 0.998562 0.999924 0.999996
 0.657975 0.97337 0.998562 0.999924 0.999996
 0.657975 0.97337 0.998562 0.999924 0.999996
 0.657975 0.97337 0.998562 0.999924 0.999996
 0.657975 0.97337 0.998562 0.999924 0.999996
 0.657975 0.97337 0.998562 0.999924 0.999996
 0.657975 0.97337 0.998562 0.999924 0.999996
 0.657975 0.97337 0.998562 0.999924 0.999996
 0.657975 0.97337 0.998562 0.999924 0.999996
 0.657975 0.97337 0.998562 0.999924 0.999996
 0.657975 0.97337 0.998562 0.999924 0.999996
 0.657975 0.97337 0.998562 0.999924 0.999996
 0.657975 0.97337 0.998562 0.999924 0.999996
 0.657975 0.97337 0.998562 0.999924 0.999996
Sel_reclas
 1 1 1 1 1
 1 1 1 1 1
 1 1 1 1 1
 1 1 1 1 1
 1 1 1 1 1
 1 1 1 1 1
 1 1 1 1 1
 1 1 1 1 1
 1 1 1 1 1
 1 1 1 1 1
 1 1 1 1 1
 1 1 1 1 1
 1 1 1 1 1
 1 1 1 1 1
 1 1 1 1 1
 1 1 1 1 1
 1 1 1 1 1
 1 1 1 1 1
 1 1 1 1 1
 1 1 1 1 1
 1 1 1 1 1
 1 1 1 1 1
 1 1 1 1 1
 1 1 1 1 1
 1 1 1 1 1
 1 1 1 1 1
 1 1 1 1 1
 1 1 1 1 1
 1 1 1 1 1
 1 1 1 1 1
 1 1 1 1 1
Sel_pelaces
 0.857902 1 1 1 1
 0.857902 1 1 1 1
 0.857902 1 1 1 1
 0.857902 1 1 1 1
 0.857902 1 1 1 1
 0.857902 1 1 1 1
 0.857902 1 1 1 1
 0.857902 1 1 1 1
 0.857902 1 1 1 1
 0.857902 1 1 1 1
 0.857902 1 1 1 1
 0.857902 1 1 1 1
 0.857902 1 1 1 1
 0.857902 1 1 1 1
 0.857902 1 1 1 1
 0.857902 1 1 1 1
 0.857902 1 1 1 1
 0.857902 1 1 1 1
 0.857902 1 1 1 1
 0.857902 1 1 1 1
 0.857902 1 1 1 1
 0.857902 1 1 1 1
 0.857902 1 1 1 1
 0.857902 1 1 1 1
 0.857902 1 1 1 1
 0.857902 1 1 1 1
 0.857902 1 1 1 1
 0.857902 1 1 1 1
 0.857902 1 1 1 1
 0.857902 1 1 1 1
 0.857902 1 1 1 1
pf_obs 
 0.8446 0.082 0.0669 0.0065 0
 0.8095 0.147 0.0364 0.0071 0
 0.9664 0.0169 0.016 0.0007 0
 0.9276 0.0648 0.0075 0.0001 0
 0.7033 0.2144 0.0806 0.0017 0
 0.9318 0.0425 0.0243 0.0014 0
 0.5671 0.3108 0.0964 0.0239 0.0018
 0.0768 0.2599 0.5324 0.112 0.0189
 0.490249 0.384438 0.106611 0.0170017 0.00170017
 0.7925 0.1577 0.0466 0.003 0.0002
 0.840416 0.127587 0.0312969 0.00059994 9.999e-05
 0.8084 0.0986 0.0794 0.0134 0.0002
 0.7335 0.1905 0.0724 0.0035 0.0001
 0.4001 0.4547 0.1325 0.0127 0
 0.49795 0.308269 0.164784 0.0264974 0.00249975
 0.9179 0.0499 0.0305 0.0017 0
 0.2467 0.6533 0.0926 0.0074 0
 0.9418 0.0223 0.034 0.0019 0
 0.707729 0.231977 0.0356964 0.0245975 0
 0.517169 0.277429 0.184464 0.0207286 0.00020938
 0.811772 0.124168 0.05621 0.00726502 0.000585176
 0.764997 0.148141 0.077277 0.00933861 0.000247198
 0.163321 0.427699 0.378323 0.0303852 0.000271297
 0.753843 0.0900009 0.118128 0.0371064 0.000921714
 0.721811 0.176058 0.0630433 0.0369309 0.00215725
 0.143369 0.312575 0.442814 0.0836902 0.0175525
 0.692698 0.0596174 0.167031 0.0765114 0.00414204
 0.394062 0.376323 0.152708 0.0712218 0.00568511
 0.125707 0.32114 0.495352 0.0537591 0.00404204
 0.23352 0.215282 0.420074 0.123614 0.00750983
 0.774587 0.0839891 0.0768558 0.0609784 0.00358967
pf_pred 
 0.509645 0.153255 0.313039 0.0240598 9.15031e-07
 0.446842 0.34167 0.0674063 0.133813 0.0102694
 0.604266 0.224069 0.107381 0.0205128 0.0437706
 0.72865 0.193232 0.0448617 0.0208169 0.0124397
 0.676452 0.265446 0.0418183 0.00935926 0.00692422
 0.7866 0.162541 0.0419397 0.00642246 0.00249694
 0.452796 0.467416 0.0612252 0.0153124 0.00325101
 0.459267 0.321886 0.188043 0.0236493 0.00715468
 0.571513 0.241392 0.11261 0.0640144 0.010471
 0.763161 0.164815 0.0412378 0.0185444 0.0122417
 0.861207 0.1188 0.0140975 0.00337851 0.00251627
 0.770211 0.207798 0.0188996 0.00218071 0.000910452
 0.714615 0.24335 0.0381504 0.00333929 0.000545025
 0.671153 0.266748 0.053243 0.00803959 0.000816901
 0.781184 0.17524 0.0356699 0.0067812 0.00112502
 0.950635 0.0427892 0.00531048 0.00103608 0.00022912
 0.367542 0.61379 0.0162621 0.00194427 0.000462277
 0.925344 0.0360952 0.037459 0.000960317 0.000141859
 0.584919 0.395363 0.00969088 0.00974054 0.000286107
 0.633721 0.256421 0.104816 0.00248055 0.00256166
 0.747128 0.187558 0.0461966 0.0182413 0.000875832
 0.764611 0.194601 0.0305086 0.00727424 0.00300499
 0.304963 0.585688 0.0909421 0.0137746 0.00463238
 0.756482 0.0991719 0.122216 0.0184096 0.00372005
 0.62753 0.309186 0.0262302 0.0313803 0.00567296
 0.424113 0.416506 0.132981 0.0109529 0.0154476
 0.739766 0.138178 0.0889766 0.0276072 0.00547216
 0.690998 0.252341 0.0305101 0.0190722 0.00707925
 0.3326 0.516763 0.123672 0.0145304 0.0124353
 0.409706 0.25536 0.260997 0.0607179 0.0132185
 0.838933 0.0846211 0.0336559 0.0333564 0.00943362
pobs_RECLAS
 0 0 0 0 0
 0 0 0 0 0
 0 0 0 0 0
 0 0 0 0 0
 0 0 0 0 0
 0 0 0 0 0
 0 0 0 0 0
 0 0 0 0 0
 0 0 0 0 0
 0 0 0 0 0
 0.991045 0.00858322 0.000360255 1.14367e-05 0
 0.934742 0.0480273 0.0164251 0.00080598 0
 0.827803 0.169806 0.00239088 0 0
 0.941827 0.0461693 0.0120037 0 0
 0.791401 0.0380133 0.147996 0.0225897 0
 0.846168 0.0940531 0.0597789 0 0
 0.134021 0.677848 0.182769 0.00536245 0
 0.80878 0.0450904 0.141981 0.00414843 0
 0.846168 0.0940531 0.0597789 0 0
 0.905697 0.0802665 0.012482 0.00150086 5.37128e-05
 0.989698 0.0102097 9.19794e-05 0 0
 0.975433 0.0193895 0.00387452 0.00125025 5.28907e-05
 0.303575 0.632131 0.0575291 0.00676475 0
 0.966965 0.00978017 0.0227588 0.000495775 0
 0.843318 0.132988 0.00938335 0.0141283 0.000182051
 0.564624 0.303363 0.111486 0.0197234 0.00080311
 0.826376 0.0876187 0.0782897 0.00655872 0.00115652
 0.89761 0.0855135 0.0140674 0.00269457 0.000114338
 0.34875 0.467042 0.161289 0.0227151 0.000203297
 0.318654 0.224769 0.449479 0.00709798 0
 0.937255 0.0296025 0.0250945 0.00804832 0
ppred_RECLAS
 0.612209 0.123406 0.245539 0.0188454 7.16668e-07
 0.551475 0.280001 0.0537655 0.106579 0.00817876
 0.699375 0.172251 0.0803465 0.0153263 0.0327011
 0.805175 0.139884 0.031572 0.014628 0.00874067
 0.758033 0.199456 0.030609 0.00684095 0.00506074
 0.847747 0.116708 0.0293184 0.00448327 0.00174289
 0.562504 0.375311 0.0477349 0.0119198 0.00253049
 0.560753 0.264238 0.150405 0.0188895 0.00571427
 0.673128 0.186453 0.0845673 0.0480008 0.00785096
 0.835392 0.11562 0.0280686 0.0126019 0.0083182
 0.902708 0.0835933 0.00966387 0.00231274 0.00172238
 0.837511 0.14734 0.0130223 0.00150027 0.000626315
 0.793516 0.176803 0.0269428 0.00235473 0.000384298
 0.765718 0.191185 0.0369603 0.00557138 0.000566056
 0.848124 0.122355 0.024172 0.00458799 0.000761101
 0.967275 0.0284729 0.00343479 0.000669112 0.000147957
 0.467402 0.51729 0.0133372 0.00159226 0.000378553
 0.949773 0.0246229 0.024873 0.000636739 9.40528e-05
 0.681768 0.30352 0.00723595 0.00726225 0.000213296
 0.725653 0.19365 0.0769988 0.00181954 0.00187889
 0.81763 0.136221 0.0326549 0.0128756 0.000618155
 0.831861 0.139673 0.0213005 0.00507125 0.00209478
 0.397726 0.509646 0.0770542 0.0116545 0.00391909
 0.825226 0.0723061 0.0867774 0.013053 0.00263743
 0.716872 0.236105 0.0195068 0.0233039 0.00421257
 0.525404 0.345752 0.107528 0.00884403 0.0124724
 0.811571 0.101312 0.0635315 0.0196843 0.00390144
 0.770349 0.188459 0.0221949 0.0138548 0.00514226
 0.42778 0.445693 0.103904 0.0121908 0.0104322
 0.51392 0.21351 0.212468 0.0493577 0.0107445
 0.888 0.0596143 0.0230818 0.0228436 0.00645997
pobs_PELACES
 0 0 0 0 0
 0 0 0 0 0
 0 0 0 0 0
 0 0 0 0 0
 0 0 0 0 0
 0 0 0 0 0
 0 0 0 0 0
 0 0 0 0 0
 0 0 0 0 0
 0 0 0 0 0
 0 0 0 0 0
 0 0 0 0 0
 0 0 0 0 0
 0 0 0 0 0
 0 0 0 0 0
 0 0 0 0 0
 0.505614 0.472636 0.0217494 0 0
 0 0 0 0 0
 0.443492 0.261883 0.143347 0.151278 0
 0.227955 0.32914 0.350689 0.0885471 0.00366901
 0.970185 0.0296113 0.000203453 0 0
 0.997202 0.00247181 0.000326279 0 0
 0.445219 0.490057 0.0546422 0.010081 0
 0.90214 0.0892962 0.00764917 0.000914606 0
 0 0 0 0 0
 0.581667 0.319106 0.0959925 0.00289975 0.000334073
 0.762889 0.0836404 0.116647 0.0363945 0.000428098
 0.88444 0.0763242 0.0277011 0.0115352 0
 0.521256 0.241999 0.230069 0.00667565 0
 0.616807 0.101726 0.260614 0.0208532 0
 0.833518 0.0704572 0.0857862 0.0102388 0
ppred_PELACES
 0.582436 0.133084 0.264204 0.0202756 7.7105e-07
 0.526689 0.295952 0.0565932 0.11216 0.00860688
 0.677891 0.18489 0.0858895 0.01638 0.0349489
 0.793678 0.148411 0.0332839 0.0154159 0.00921127
 0.734214 0.219175 0.0335625 0.00750016 0.00554837
 0.833218 0.127951 0.0320298 0.00489697 0.00190369
 0.550475 0.386087 0.0487018 0.0121558 0.00258053
 0.527614 0.284347 0.161605 0.0202945 0.00613926
 0.656907 0.196239 0.0884549 0.0501905 0.00820896
 0.830727 0.119234 0.0286769 0.0128685 0.00849396
 0.89075 0.0938932 0.010834 0.00259252 0.00193073
 0.82856 0.155559 0.0136522 0.00157224 0.000656346
 0.781766 0.18704 0.0283167 0.00247392 0.000403743
 0.764733 0.1924 0.0367651 0.00553847 0.000562694
 0.842889 0.126793 0.0248268 0.00471001 0.000781323
 0.965005 0.0304749 0.00365202 0.000711176 0.000157255
 0.443387 0.540685 0.0138779 0.00165641 0.000393798
 0.944708 0.0271613 0.0273283 0.000699442 0.000103314
 0.663333 0.321187 0.00761487 0.00764026 0.000224395
 0.70838 0.206164 0.0815401 0.0019263 0.0019891
 0.80239 0.147766 0.0352724 0.0139045 0.000667544
 0.819429 0.150135 0.0227758 0.00542094 0.00223918
 0.371136 0.532413 0.0802371 0.0121338 0.00408023
 0.807918 0.0796014 0.0952589 0.0143265 0.00289473
 0.692484 0.256567 0.0211372 0.0252478 0.00456393
 0.494505 0.368496 0.114336 0.00940287 0.0132604
 0.793215 0.111332 0.0696139 0.0215655 0.00427426
 0.747839 0.207022 0.0243233 0.0151815 0.00563462
 0.397279 0.469675 0.10926 0.0128177 0.0109686
 0.486794 0.225862 0.223993 0.0520254 0.0113252
 0.877124 0.0655207 0.0252746 0.0250088 0.0070722
pobs_pel_tallas
 0 0 0 0 0 0 0 0 0 0 0 0 0 0 0 0 0 0 0 0 0 0 0 0 0 0
 0 0 0 0 0 0 0 0 0 0 0 0 0 0 0 0 0 0 0 0 0 0 0 0 0 0
 0 0 0 0 0 0 0 0 0 0 0 0 0 0 0 0 0 0 0 0 0 0 0 0 0 0
 0 0 0 0 0 0 0 0 0 0 0 0 0 0 0 0 0 0 0 0 0 0 0 0 0 0
 0 0 0 0 0 0 0 0 0 0 0 0 0 0 0 0 0 0 0 0 0 0 0 0 0 0
 0 0 0 0 0 0 0 0 0 0 0 0 0 0 0 0 0 0 0 0 0 0 0 0 0 0
 0 0 0 0 0 0 0 0 0 0 0 0 0 0 0 0 0 0 0 0 0 0 0 0 0 0
 0 0 0 0 0 0 0 0 0 0 0 0 0 0 0 0 0 0 0 0 0 0 0 0 0 0
 0 0 0 0 0 0 0 0 0 0 0 0 0 0 0 0 0 0 0 0 0 0 0 0 0 0
 0 0 0 0 0 0 0 0 0 0 0 0 0 0 0 0 0 0 0 0 0 0 0 0 0 0
 0 0 0 0 0 0 0 0 0 0 0 0 0 0 0 0 0 0 0 0 0 0 0 0 0 0
 0 0 0 0 0 0 0 0 0 0 0 0 0 0 0 0 0 0 0 0 0 0 0 0 0 0
 0.00862536 0 0 0.000197151 0.00414017 0.0128641 0.00837892 0.0270097 0.101434 0.158115 0.152841 0.127902 0.109271 0.109419 0.0830992 0.0579132 0.0238553 0.00714673 0.00463305 0.00128148 0.00103504 0.000492878 0.000147863 0.000147863 4.92878e-05 0
 0 0 0 0 0 0 0 0 0 0 0 0 0 0 0 0 0 0 0 0 0 0 0 0 0 0
 0 0 0 0 0 0 0 0.0054083 0.00873648 0.0413646 0.0450493 0.0745869 0.0622846 0.0627006 0.0613931 0.0827291 0.12552 0.122667 0.0946155 0.0697135 0.0546179 0.0294188 0.0215738 0.0213955 0.0102223 0.00600262
 0 0 0 0 0.00359764 0.0251062 0.0480494 0.140153 0.205849 0.193036 0.1447 0.116669 0.0760912 0.0342217 0.00950174 0.001854 0.000860785 0 0 0 0.000165536 0 0.000143464 0 0 0
 0 0 0 0 0 0 0 0.000145254 0.000435761 0.0275982 0.070085 0.0708112 0.156366 0.174668 0.174014 0.160142 0.0824315 0.0480064 0.0283245 0.00493863 0.00203355 0 0 0 0 0
 0 0 0 0 0 0 0 0 0 0 0 0 0 0 0 0 0 0 0 0 0 0 0 0 0 0
 0 0 1.00437e-05 0.000401748 0.00122533 0.00171747 0.00176769 0.0269171 0.070346 0.194647 0.189555 0.159765 0.064822 0.0314167 0.0384472 0.0292271 0.0345202 0.0313363 0.0194345 0.0106764 0.0143323 0.0359363 0.0279516 0.0138201 0.00172751 0
 0 0.0021121 0.0136068 0.0755702 0.200478 0.177729 0.0527432 0.0373336 0.0318909 0.0142505 0.0149659 0.0166563 0.0217959 0.0798694 0.0677717 0.0528807 0.04013 0.0224614 0.0357745 0.0225083 0.00881397 0.00855152 0.00135912 0.000746735 0 0
 0 0 0 0 5.4009e-05 0.00500934 0.000945158 0.0243581 0.138947 0.33067 0.221406 0.137944 0.0707744 0.0437923 0.0131692 0.00525238 0.0047753 0.00276346 9.45158e-05 9.00151e-06 2.25038e-05 9.00151e-06 4.50075e-06 0 0 0
 0.000866109 0.00284123 0.00948549 0.0512746 0.133035 0.25785 0.225252 0.132002 0.0553304 0.0519788 0.0540692 0.017754 0.00435017 0.00159236 0.00146478 0.000404838 0.000125132 0.000115318 0.000107957 0.000100596 0 0 0 0 0 0
 0 0 0 0 0.00144013 0.00171154 0.00461396 0.0210425 0.0478622 0.0707936 0.0888783 0.103762 0.0637923 0.0337046 0.0602308 0.124433 0.169614 0.0934646 0.0462172 0.0250306 0.0313229 0.00938855 0.002487 0.000210481 0 0
 0 0.00764035 0.051015 0.0998891 0.058973 0.0496711 0.0374665 0.0718981 0.12319 0.153886 0.159021 0.0857701 0.0377988 0.023471 0.0147837 0.00900784 0.00315554 0.000888139 0.00291439 0.00214683 0.00393193 0.00274676 0.000635225 9.99891e-05 0 0
 0 0 0 0 0 0 0 0 0 0 0 0 0 0 0 0 0 0 0 0 0 0 0 0 0 0
 0 0 0 0 0 0 0 0 0 0 0 0 0 0 0 0 0 0 0 0 0 0 0 0 0 0
 0 0 0 0 0 0 0 0 0 0 0 0 0 0 0 0 0 0 0 0 0 0 0 0 0 0
 0 0 0 0 0 0 0 0 0 0 0 0 0 0 0 0 0 0 0 0 0 0 0 0 0 0
 0 0 0 0 0 0 0 0 0 0 0 0 0 0 0 0 0 0 0 0 0 0 0 0 0 0
 0 0 0 0 0 0 0 0 0 0 0 0 0 0 0 0 0 0 0 0 0 0 0 0 0 0
 0 0 0 0 0 0 0 0 0 0 0 0 0 0 0 0 0 0 0 0 0 0 0 0 0 0
ppred_pel_tallas
 1.09692e-16 4.79745e-05 0.000466329 0.00309892 0.0140872 0.0438307 0.0933865 0.136303 0.136316 0.0934512 0.0440492 0.0147231 0.00471352 0.00405192 0.0070358 0.0120193 0.0183867 0.0253596 0.0320933 0.0380668 0.0431526 0.0472419 0.0498227 0.0500152 0.0471121 0.041168
 1.14414e-16 4.33827e-05 0.000421696 0.00280232 0.0127389 0.0396357 0.0844492 0.123262 0.123291 0.0845889 0.040105 0.0140953 0.00621044 0.00787382 0.014234 0.0235678 0.0342092 0.0436164 0.0492747 0.0501481 0.0473327 0.0432776 0.0401771 0.0387819 0.0383555 0.0375079
 1.10083e-16 5.58371e-05 0.000542756 0.00360681 0.016396 0.0510142 0.108692 0.158643 0.158661 0.108779 0.0513087 0.017248 0.00575058 0.00523969 0.00902672 0.0149685 0.0218751 0.0281875 0.0323566 0.0336924 0.0327468 0.030846 0.0291634 0.0280775 0.0272089 0.0259133
 1.04104e-16 6.53743e-05 0.000635461 0.00422286 0.0191965 0.0597276 0.127257 0.185738 0.185752 0.127327 0.0599628 0.0198762 0.00593015 0.00436671 0.0071644 0.0117748 0.017038 0.0216046 0.0241503 0.0240806 0.0218789 0.0187548 0.0158805 0.0138138 0.0124486 0.0113545
 1.02716e-16 6.04763e-05 0.000587851 0.00390648 0.0177583 0.0552528 0.117723 0.171824 0.171845 0.117826 0.0555995 0.0187597 0.0064204 0.00607658 0.010487 0.0172479 0.0248558 0.0312902 0.0345325 0.0336532 0.0293577 0.023495 0.0179384 0.0137118 0.0108668 0.0089238
 1.01771e-16 6.86311e-05 0.000667119 0.00443324 0.0201529 0.0627031 0.133596 0.19499 0.195002 0.133657 0.0629059 0.0207389 0.00590524 0.00388398 0.0061882 0.0101482 0.0146735 0.0185798 0.0207037 0.0205012 0.0183525 0.0152722 0.0122703 0.00987328 0.00808311 0.00664994
 1.0316e-16 4.5342e-05 0.00044074 0.00292888 0.0133143 0.0414258 0.0882635 0.128831 0.128868 0.0884453 0.0420362 0.015077 0.00735307 0.0100972 0.0183802 0.0303023 0.0436186 0.0547905 0.060237 0.0583013 0.050231 0.0393222 0.0289467 0.020997 0.0156457 0.0121011
 1.07811e-16 4.34589e-05 0.000422436 0.00280724 0.0127613 0.0397054 0.0845975 0.123478 0.123506 0.0847324 0.040159 0.0140741 0.00611167 0.00766661 0.013891 0.0231293 0.0338578 0.0437091 0.0502578 0.0523267 0.0505681 0.0467857 0.0426036 0.0386051 0.0344734 0.0297271
 1.09026e-16 5.41086e-05 0.000525955 0.00349515 0.0158885 0.049435 0.105327 0.153732 0.153751 0.10542 0.0497477 0.0167929 0.00577103 0.00551284 0.00958048 0.0158998 0.0232488 0.0299847 0.0344723 0.0359829 0.0350903 0.033165 0.0313876 0.0300838 0.0287972 0.0268528
 1.03587e-16 6.84259e-05 0.000665124 0.00441998 0.0200926 0.0625156 0.133197 0.194407 0.194418 0.133253 0.0627047 0.0206389 0.00579242 0.00366512 0.00577786 0.00947552 0.0137199 0.0174195 0.0195151 0.0195325 0.0178591 0.0154591 0.01326 0.0116928 0.0106563 0.00979488
 1.00924e-16 7.33699e-05 0.000713181 0.00473934 0.0215444 0.0670326 0.14282 0.208452 0.208461 0.142864 0.067181 0.0219729 0.00581495 0.00306065 0.00452993 0.00736832 0.0105969 0.0133044 0.0146162 0.0141313 0.0121581 0.00950571 0.00700157 0.00510986 0.00386954 0.00307744
 1.00703e-16 6.82475e-05 0.00066339 0.00440846 0.0200402 0.0623526 0.132849 0.193901 0.193916 0.132923 0.0625983 0.0207497 0.00618856 0.004547 0.00743693 0.0121682 0.0174782 0.0218858 0.0239295 0.0229332 0.0194072 0.0147087 0.0102441 0.0068304 0.00458034 0.00319231
 1.01182e-16 6.4393e-05 0.000625923 0.00415948 0.0189084 0.0588312 0.125347 0.182951 0.182969 0.125435 0.059127 0.0197628 0.0063041 0.00530773 0.00895611 0.0147043 0.0211745 0.0266219 0.0293081 0.0284216 0.0245479 0.0192584 0.014164 0.0101754 0.00739506 0.00548047
 1.01761e-16 6.29901e-05 0.000612286 0.00406886 0.0184965 0.0575494 0.122616 0.178965 0.178984 0.122707 0.057854 0.0193763 0.00627795 0.00543694 0.00923222 0.0151793 0.0218974 0.0276121 0.0305524 0.0298908 0.026217 0.0211094 0.016167 0.012265 0.00946523 0.00740543
 1.01354e-16 6.94277e-05 0.000674862 0.00448469 0.0203868 0.0634309 0.135147 0.197253 0.197265 0.135206 0.0636316 0.0209667 0.00594083 0.00385531 0.00611462 0.0100116 0.014445 0.0182258 0.0201891 0.0197925 0.0174259 0.0141274 0.0109442 0.00844226 0.00665014 0.00531876
 1.00212e-16 7.94862e-05 0.000772634 0.00513442 0.0233403 0.0726205 0.154726 0.225827 0.22583 0.15474 0.0726687 0.0234795 0.00548354 0.00153457 0.00152598 0.00239542 0.0034393 0.00431694 0.00474026 0.0045776 0.00392736 0.00305059 0.00221532 0.00157357 0.00114166 0.00085898
 1.00772e-16 3.65213e-05 0.000355 0.0023591 0.0107242 0.0333672 0.0710942 0.103775 0.103827 0.0713483 0.03422 0.0131861 0.0085339 0.0138178 0.0255554 0.0420604 0.0602804 0.0751599 0.0815717 0.0771518 0.0637418 0.0462242 0.0297187 0.0172877 0.00945292 0.00515105
 1.00884e-16 7.78143e-05 0.000756383 0.00502643 0.0228494 0.0710931 0.151471 0.221077 0.22108 0.151484 0.0711368 0.0229761 0.00534617 0.00146006 0.00143083 0.00228537 0.00338434 0.00446203 0.00529668 0.00577274 0.00592135 0.00585399 0.0056505 0.00530541 0.00476962 0.00403163
 1.01107e-16 5.46379e-05 0.0005311 0.00352935 0.0160439 0.0499188 0.106358 0.15524 0.155271 0.106509 0.0504254 0.0175065 0.0071978 0.00852977 0.0152174 0.0249975 0.0358328 0.0447015 0.0485673 0.0460398 0.0382254 0.0280281 0.0184762 0.0113561 0.00692909 0.00451344
 1.02936e-16 5.83484e-05 0.000567167 0.00376903 0.0171335 0.0533087 0.11358 0.165778 0.165798 0.113678 0.0536363 0.0180809 0.00615087 0.00577909 0.00999265 0.0165205 0.024007 0.0306303 0.0345504 0.0348779 0.0321428 0.0278266 0.0233747 0.0194964 0.0161682 0.013094
 1.02564e-16 6.60918e-05 0.000642436 0.00426921 0.0194072 0.0603832 0.128653 0.187776 0.18779 0.128723 0.0606174 0.020084 0.00596924 0.0043578 0.00713462 0.011723 0.0169582 0.0214888 0.0239824 0.0238249 0.021469 0.0180926 0.0148527 0.0123264 0.0104684 0.00893958
 1.01619e-16 6.74953e-05 0.000656078 0.00435987 0.0198194 0.0616654 0.131385 0.191764 0.191778 0.131456 0.0619029 0.0205053 0.00608178 0.00441547 0.00720859 0.0118139 0.01702 0.0214201 0.0236278 0.023003 0.0200263 0.0159623 0.0120951 0.00913045 0.00711224 0.00572334
 1.04359e-16 3.05701e-05 0.000297152 0.00197468 0.00897666 0.02793 0.0595097 0.0868669 0.0869183 0.0597605 0.028772 0.0114088 0.0080799 0.0136256 0.0253455 0.0418572 0.0603022 0.0758447 0.0835599 0.0811552 0.0703142 0.0555172 0.0413392 0.0303374 0.0227472 0.0175293
 1.04697e-16 6.65472e-05 0.000646862 0.00429863 0.0195409 0.0607992 0.129539 0.189068 0.189076 0.129578 0.0609279 0.0199143 0.00524237 0.00272855 0.00408306 0.00680931 0.0101864 0.0136111 0.0164926 0.0185259 0.0197931 0.0205502 0.0208996 0.0206611 0.0195413 0.0174201
 1.0398e-16 5.70391e-05 0.00055444 0.00368445 0.016749 0.0521124 0.111032 0.16206 0.162084 0.111153 0.0525178 0.0179196 0.00662222 0.00696539 0.0122265 0.0201078 0.0289295 0.0363242 0.0399307 0.0386899 0.0334925 0.0265919 0.0202587 0.0157127 0.0129505 0.0112741
 1.06581e-16 4.07318e-05 0.000395927 0.00263108 0.0119605 0.0372138 0.0792893 0.115732 0.115768 0.0794633 0.0377985 0.0136507 0.00687825 0.00968294 0.0177235 0.0293534 0.0425534 0.0540796 0.0606277 0.0606412 0.0551747 0.0470527 0.0390504 0.0325564 0.0275038 0.0231777
 1.04924e-16 6.53361e-05 0.00063509 0.00422039 0.0191853 0.0596927 0.127182 0.185628 0.185639 0.127235 0.0598706 0.0197004 0.00551782 0.0034821 0.00551569 0.00912912 0.0134125 0.0174316 0.0202718 0.0215054 0.0214001 0.0206344 0.0197675 0.01891 0.0178063 0.0161621
 1.03231e-16 6.15985e-05 0.00059876 0.00397897 0.0180878 0.0562781 0.119907 0.175012 0.175032 0.120005 0.0566054 0.0190331 0.00635165 0.00577798 0.00989708 0.016263 0.0234204 0.0294547 0.0324642 0.0315882 0.0275247 0.0220585 0.0169871 0.0132748 0.0109262 0.00941203
 1.06415e-16 3.27234e-05 0.000318083 0.00211378 0.00960896 0.0298973 0.063701 0.0929829 0.0930283 0.0639225 0.0306414 0.011759 0.00751388 0.0121171 0.0224719 0.0371787 0.0537397 0.0679641 0.0755801 0.0745893 0.0664081 0.0548091 0.0435685 0.0346829 0.0281951 0.0231758
 1.13656e-16 4.00966e-05 0.000389754 0.00259005 0.011774 0.0366334 0.0780522 0.113924 0.113946 0.0781602 0.0369971 0.0128286 0.00525258 0.00625286 0.0113245 0.0190496 0.0283545 0.037581 0.0450206 0.0498356 0.0523944 0.0536629 0.0542079 0.0537161 0.0513717 0.0466398
 1.04452e-16 7.22475e-05 0.000702272 0.00466684 0.0212148 0.0660071 0.140635 0.205263 0.205269 0.140666 0.0661115 0.0215166 0.0054262 0.00236604 0.00325034 0.00530849 0.00775986 0.0100204 0.0115573 0.012154 0.0120365 0.0116922 0.0115223 0.0116015 0.0116985 0.0114811
pSPR Fmed_Fpbrs
0.459486   0.6 0.325
Fs Fmed_Fpbrs
0.494268   0.307321 0.764987
SSBpbr Bo_Bmed_Bpbrs
1.33896e+06  548286  736429 368215
Ro
120165
SPR SPRFo_SPRFmed_SPRFpbrs
858930 394666 279152
Fref
0.307321
Nvult_r0
 131372 9932.46 3880.92 3842.75 1086.73
CTP_r0
 29830.8 3008.96 1196.74 1186.09 335.441
YTP_r0
391283
Np
 147523 49639.1 3105.86 1195.8 1461.59
Nvult_p0
 103188 36099.2 2265.22 872.276 1066.17
CTP_p0
 17356 8312.15 531.916 205.04 250.631
YTP_p0
 291515
CBA_c0
361353
log_Ro
11.5166
likeval ReclasPelacesDesembMPH_pf_preclas_ppelaces_ptallas_desvR_qrecl_qpela
 11.9059 16.8218 0.0194701 0.000827453 242.578 116.541 100.385 0 24.8921 1.30819e-05 3.58924e-05 0.0832517 4.47641e-16 0 0
q_reclas_q_pelaces
1.66951 2.34513
M
1
N
 158263 33280.1 66440.9 5100.35 0.193962
 88854.5 48803.3 9430.17 18699.8 1435.02
 88465.7 23548.2 11052.4 2108.98 4499.9
 120066 23536.9 5363.81 2486.47 1485.78
 97343 26685.3 4108.62 918.418 679.425
 205076 30179.3 7621.85 1165.84 453.232
 73202.2 57120.4 7356.44 1838.2 390.252
 28891.6 14012.1 7994.07 1004.11 303.755
 30246.8 9425.27 4315.3 2450.63 400.833
 41204.7 6807.76 1676.24 753.152 497.158
 75420.5 7239.88 839.38 200.91 149.626
 118752 23879.8 2133.22 245.906 102.661
 99120 25008.7 3849.09 336.58 54.9324
 69719.6 21705.7 4270.82 644.395 65.4743
 59800.9 10214.1 2045.27 388.487 64.4485
 325817 10875.4 1325.18 258.291 57.1161
 58861 70942.5 1841.61 219.941 52.2909
 542647 15170.7 15417.5 394.809 58.3184
 294684 145711 3503.02 3517.34 103.309
 237015 69961.5 28043 662.965 684.605
 317049 57247.4 13811.8 5447.77 261.552
 449333 83376 12817 3052.81 1261.05
 79964.2 108929 16549.8 2503.83 841.982
 246327 22791.2 27471.9 4133.27 835.161
 207720 72198.6 5990.7 7158.47 1294.03
 88774.2 61038.5 19049.4 1567.09 2210.03
 206277 27197.2 17129.7 5308.64 1052.19
 236079 60409.9 7140.08 4457.95 1654.6
 66344.5 71996.3 16839.1 1976.04 1691
 46453.4 20592.2 20598.1 4786.4 1041.96
 181011 13038.3 5076.72 5025.85 1421.29
pred_Ctot
 16418.2 4937.12 10084.5 775.085 0.0294777
 16128.1 12332.1 2432.94 4829.78 370.66
 15890.6 5892.42 2823.83 539.431 1151.05
 31289.5 8297.69 1926.44 893.911 534.18
 9811.99 3850.32 606.578 135.757 100.436
 32204.1 6654.56 1717.05 262.941 102.227
 23389 24144.2 3162.57 790.96 167.93
 2088.12 1463.5 854.962 107.525 32.5297
 7722.17 3261.64 1521.57 864.95 141.481
 14433 3117 779.892 350.713 231.517
 6724.53 927.624 110.077 26.3803 19.6477
 33567 9056.14 823.672 95.0387 39.6789
 26442.1 9004.43 1411.64 123.56 20.167
 28524.5 11337 2262.87 341.689 34.7189
 20222 4536.34 923.366 175.541 29.1229
 87685.3 3946.82 489.832 95.5664 21.1337
 11465.9 19147.8 507.314 60.6535 14.4212
 95044.4 3707.43 3847.51 98.6365 14.5707
 68443.6 46263 1133.97 1139.78 33.4785
 53236.9 21541.1 8805.28 208.383 215.197
 58727.9 14743 3631.28 1433.86 68.8447
 100187 25498.5 3997.53 953.142 393.744
 11624.2 22324.6 3466.43 525.046 176.572
 32242.4 4226.85 5209.02 784.646 158.554
 26910.7 13259 1124.84 1345.7 243.276
 9524.6 9353.76 2986.44 245.976 346.917
 27089.5 5059.93 3258.23 1010.95 200.385
 25913.5 9463.18 1144.18 715.24 265.483
 6646.15 10326.2 2471.27 290.354 248.487
 7115.51 4434.92 4532.83 1054.51 229.571
 29830.8 3008.96 1196.74 1186.09 335.441
F
 0.176461 0.261046 0.267802 0.268168 0.268187
 0.327953 0.485155 0.497711 0.49839 0.498426
 0.324044 0.479373 0.49178 0.49245 0.492486
 0.503929 0.745483 0.764777 0.765821 0.765876
 0.171084 0.253093 0.259643 0.259997 0.260016
 0.278219 0.411581 0.422233 0.422809 0.422839
 0.653304 0.966461 0.991475 0.992827 0.992898
 0.120157 0.177754 0.182354 0.182603 0.182616
 0.491329 0.726844 0.745655 0.746672 0.746726
 0.738946 1.09315 1.12145 1.12298 1.12306
 0.150047 0.221971 0.227716 0.228026 0.228043
 0.557812 0.825195 0.846553 0.847707 0.847768
 0.518756 0.767417 0.787279 0.788353 0.78841
 0.920712 1.36205 1.3973 1.39921 1.39931
 0.704516 1.04222 1.06919 1.07065 1.07073
 0.524467 0.775866 0.795947 0.797032 0.797089
 0.355812 0.526368 0.539991 0.540728 0.540767
 0.31483 0.465742 0.477796 0.478447 0.478482
 0.437959 0.647891 0.664659 0.665566 0.665614
 0.420742 0.622421 0.638531 0.639402 0.639447
 0.335694 0.496607 0.50946 0.510155 0.510191
 0.417067 0.616985 0.632954 0.633817 0.633863
 0.255204 0.377535 0.387306 0.387834 0.387862
 0.227241 0.336167 0.344868 0.345338 0.345363
 0.224685 0.332387 0.340989 0.341454 0.341479
 0.182981 0.270692 0.277698 0.278077 0.278096
 0.228068 0.337391 0.346123 0.346595 0.34662
 0.18755 0.27745 0.284631 0.28502 0.28504
 0.169951 0.251416 0.257923 0.258275 0.258293
 0.270556 0.400245 0.410604 0.411164 0.411194
 0.29378 0.434601 0.445849 0.446457 0.446489
nmprior
 8.19 8.8 8.5 0
nm_flota  nm_reclas  nm_pelaces    nm_pelaL
inf 15.8376 16.6307 38.653
cv_recla  cv_pelaces  cv_mph
0.312108 0.465059 0.887722
 ------------------------------------------------
Talla a la edad & desviaci?n 
 8 13.2811 15.8009 17.003 17.5766
 0.8 1.32811 1.58009 1.7003 1.75766
