years
 1991 1992 1993 1994 1995 1996 1997 1998 1999 2000 2001 2002 2003 2004 2005 2006 2007 2008 2009 2010 2011 2012 2013 2014 2015 2016 2017 2018 2019 2020 2021
reclasobs
 0 0 0 0 0 0 0 0 0 252601 567819 844713 477998 351125 339783 2.1784e+06 2.13404e+06 4.81314e+06 1.55562e+06 2.62356e+06 3.21686e+06 3.843e+06 1.13348e+06 3.07943e+06 1.97215e+06 2.03268e+06 2.025e+06 2.42433e+06 2.27542e+06 1.05018e+06 2.36338e+06
reclaspred
 6.71098e+06 1.69666e+06 1.07125e+06 871356 140216 3.53457e+06 1.38773e+06 341000 1.07486e+06 238911 349936 918693 745634 607738 401668 2.02623e+06 793407 4.96419e+06 2.61933e+06 2.22425e+06 2.93048e+06 3.42518e+06 1.57431e+06 3.39325e+06 2.52719e+06 1.47171e+06 2.15771e+06 3.89707e+06 2.87235e+06 687963 1.40489e+06
pelacesobs
 0 0 0 0 0 0 0 0 0 0 0 0 0 0 0 552880 188675 0 991730 2.46772e+06 1.41603e+06 1.21717e+06 2.29649e+06 1.80582e+06 0 1.4828e+06 1.56532e+06 1.57751e+06 1.42118e+06 867257 1.10002e+06
pelacespred
 7.25995e+06 1.6706e+06 564244 360360 56012.4 1.99027e+06 820040 298087 576842 97661 184035 393192 358745 267960 163882 867914 383676 2.78309e+06 1.49486e+06 1.02019e+06 1.49099e+06 1.7043e+06 978972 2.15765e+06 1.65061e+06 1.00652e+06 1.45368e+06 2.70009e+06 2.19611e+06 520667 735634
mphobs
 0 0 0 0 0 0 0 0 0 0 0 498337 0 5186 125008 0 168611 109162 213762 579715 649985 157893 87575 83554 0 0 0 0 0 0 0
mphpred
 1.77412e+06 682089 99826.4 144442 60044.1 7125.11 495408 99982.3 28775.5 106674 9189.78 47004.5 90063.9 48805.5 28699.8 26065 243064 58580.6 616593 193968 293866 265564 421162 150187 418942 322105 137873 238494 656423 266893 41732.8
desembarqueobs
 494567 514787 250237 358949 120608 361735 552515 73892 212993 205616 52469 317467 293654 387597 252695 516296 358380 742168 942051 627588 828172 859565 418607 520667 417249 300574 415391 372974 316634 284311 391294
desembarquepred
 494486 514288 250027 358340 120466 361502 551710 73854.2 212794 205328 52442.9 317044 293168 386702 252254 515599 357960 741314 939895 626209 827302 858186 418056 520191 416646 300154 414869 372593 316178 283520 390901
Reclutas
 6747.01 4087.03 174384 55809.6 4611.38 288374 5499.55 1476.01 57348.1 6235.13 32866.4 118423 70565.8 69780.6 40654.8 260112 8933.69 465365 138332 233962 180679 428241 11252.8 173132 142229 23346.4 127286 197010 22442.3 8312.54 104846
log_desv_Rt
 -1.9415 -2.44278 1.31067 0.171351 -2.32207 1.81366 -2.14593 -3.46125 0.198545 -2.02039 -0.358144 0.923671 0.405951 0.394762 -0.145478 1.71052 -1.66077 2.29223 1.07906 1.60457 1.34613 2.20909 -1.42998 1.30346 1.10685 -0.700152 0.995845 1.43266 -0.739647 -1.73283 0.801901
SSB
 1.69007e+06 649776 95097.4 137600 57199.7 6787.58 471940 95245.9 27412.3 101620 8754.44 44777.8 85797.4 46493.5 27340.2 24830.2 231550 55805.5 587383 184779 279945 252984 401211 143072 399095 306846 131341 227196 625327 254249 39755.8
BT
 2.10024e+06 926884 412860 382821 112372 1.27756e+06 710100 142091 450798 207438 126691 435284 407368 522699 321283 816219 388096 1.98238e+06 1.3803e+06 900065 1.28805e+06 1.43077e+06 613062 1.43695e+06 926646 552703 1.058e+06 1.51012e+06 857558 420219 708308
Ftot
 0.309623 1.13956 1.13615 1.63662 2.54391 0.561346 1.42633 0.865036 1.02338 2.55165 0.790583 1.62696 1.70021 2.62817 2.63333 1.30115 1.60828 0.796009 1.44414 1.33247 1.27285 1.20772 1.03558 0.78607 0.754129 0.851202 0.960195 0.496399 0.46282 1.50316 1.38858
BD_Bspro_t
 0.951667 0.612702 0.200607 0.272789 0.103178 0.0183256 0.456207 0.135363 0.0649095 0.211601 0.0347481 0.223798 0.21092 0.107581 0.062431 0.0597294 0.252699 0.0789401 0.377047 0.156342 0.182971 0.169888 0.250218 0.121088 0.304496 0.299506 0.196174 0.325602 0.536671 0.321779 0.0926891
BD_Bspro
 5.02844 1.93327 0.282941 0.409398 0.170185 0.0201949 1.40415 0.283383 0.0815593 0.302349 0.0260469 0.133226 0.255271 0.138331 0.0813449 0.0738769 0.688925 0.166037 1.74763 0.54977 0.832914 0.752698 1.19371 0.42568 1.18742 0.912953 0.390777 0.675972 1.86052 0.756463 0.118285
BD_Bo
 1.14036 0.438429 0.0641659 0.0928439 0.0385948 0.00457984 0.318436 0.0642661 0.0184961 0.0685671 0.00590696 0.0302133 0.0578908 0.0313709 0.0184475 0.0167539 0.156235 0.0376541 0.39633 0.124678 0.188889 0.170698 0.270712 0.0965365 0.269285 0.207041 0.0886211 0.153298 0.421932 0.171552 0.0268248
BD_Brms
 2.07338 0.797144 0.116665 0.168807 0.0701724 0.00832698 0.578974 0.116847 0.0336293 0.124668 0.0107399 0.0549333 0.105256 0.0570381 0.0335409 0.0304617 0.284064 0.0684621 0.7206 0.226687 0.343435 0.31036 0.492204 0.175521 0.489609 0.376438 0.161129 0.278723 0.767149 0.311913 0.0487723
Sel_flota
 0.630423 1 1 1 1
 0.630423 1 1 1 1
 0.630423 1 1 1 1
 0.630423 1 1 1 1
 0.630423 1 1 1 1
 0.630423 1 1 1 1
 0.630423 1 1 1 1
 0.630423 1 1 1 1
 0.630423 1 1 1 1
 0.630423 1 1 1 1
 0.630423 1 1 1 1
 0.630423 1 1 1 1
 0.630423 1 1 1 1
 0.630423 1 1 1 1
 0.630423 1 1 1 1
 0.630423 1 1 1 1
 0.630423 1 1 1 1
 0.630423 1 1 1 1
 0.630423 1 1 1 1
 0.630423 1 1 1 1
 0.630423 1 1 1 1
 0.630423 1 1 1 1
 0.630423 1 1 1 1
 0.630423 1 1 1 1
 0.630423 1 1 1 1
 0.630423 1 1 1 1
 0.630423 1 1 1 1
 0.630423 1 1 1 1
 0.630423 1 1 1 1
 0.630423 1 1 1 1
 0.630423 1 1 1 1
Sel_reclas
 0.831976 1 1 1 1
 0.831976 1 1 1 1
 0.831976 1 1 1 1
 0.831976 1 1 1 1
 0.831976 1 1 1 1
 0.831976 1 1 1 1
 0.831976 1 1 1 1
 0.831976 1 1 1 1
 0.831976 1 1 1 1
 0.831976 1 1 1 1
 0.831976 1 1 1 1
 0.831976 1 1 1 1
 0.831976 1 1 1 1
 0.831976 1 1 1 1
 0.831976 1 1 1 1
 0.831976 1 1 1 1
 0.831976 1 1 1 1
 0.831976 1 1 1 1
 0.831976 1 1 1 1
 0.831976 1 1 1 1
 0.831976 1 1 1 1
 0.831976 1 1 1 1
 0.831976 1 1 1 1
 0.831976 1 1 1 1
 0.831976 1 1 1 1
 0.831976 1 1 1 1
 0.831976 1 1 1 1
 0.831976 1 1 1 1
 0.831976 1 1 1 1
 0.831976 1 1 1 1
 0.831976 1 1 1 1
Sel_pelaces
 0.43842 0.797116 0.95186 0.990051 0.998007
 0.43842 0.797116 0.95186 0.990051 0.998007
 0.43842 0.797116 0.95186 0.990051 0.998007
 0.43842 0.797116 0.95186 0.990051 0.998007
 0.43842 0.797116 0.95186 0.990051 0.998007
 0.43842 0.797116 0.95186 0.990051 0.998007
 0.43842 0.797116 0.95186 0.990051 0.998007
 0.43842 0.797116 0.95186 0.990051 0.998007
 0.43842 0.797116 0.95186 0.990051 0.998007
 0.43842 0.797116 0.95186 0.990051 0.998007
 0.43842 0.797116 0.95186 0.990051 0.998007
 0.43842 0.797116 0.95186 0.990051 0.998007
 0.43842 0.797116 0.95186 0.990051 0.998007
 0.43842 0.797116 0.95186 0.990051 0.998007
 0.43842 0.797116 0.95186 0.990051 0.998007
 0.43842 0.797116 0.95186 0.990051 0.998007
 0.43842 0.797116 0.95186 0.990051 0.998007
 0.43842 0.797116 0.95186 0.990051 0.998007
 0.43842 0.797116 0.95186 0.990051 0.998007
 0.43842 0.797116 0.95186 0.990051 0.998007
 0.43842 0.797116 0.95186 0.990051 0.998007
 0.43842 0.797116 0.95186 0.990051 0.998007
 0.43842 0.797116 0.95186 0.990051 0.998007
 0.43842 0.797116 0.95186 0.990051 0.998007
 0.43842 0.797116 0.95186 0.990051 0.998007
 0.43842 0.797116 0.95186 0.990051 0.998007
 0.43842 0.797116 0.95186 0.990051 0.998007
 0.43842 0.797116 0.95186 0.990051 0.998007
 0.43842 0.797116 0.95186 0.990051 0.998007
 0.43842 0.797116 0.95186 0.990051 0.998007
 0.43842 0.797116 0.95186 0.990051 0.998007
pf_obs 
 0.8446 0.082 0.0669 0.0065 0
 0.8095 0.147 0.0364 0.0071 0
 0.9664 0.0169 0.016 0.0007 0
 0.9276 0.0648 0.0075 0.0001 0
 0.7033 0.2144 0.0806 0.0017 0
 0.9318 0.0425 0.0243 0.0014 0
 0.5671 0.3108 0.0964 0.0239 0.0018
 0.0768 0.2599 0.5324 0.112 0.0189
 0.490249 0.384438 0.106611 0.0170017 0.00170017
 0.7925 0.1577 0.0466 0.003 0.0002
 0.840416 0.127587 0.0312969 0.00059994 9.999e-05
 0.8084 0.0986 0.0794 0.0134 0.0002
 0.7335 0.1905 0.0724 0.0035 0.0001
 0.4001 0.4547 0.1325 0.0127 0
 0.49795 0.308269 0.164784 0.0264974 0.00249975
 0.9179 0.0499 0.0305 0.0017 0
 0.2467 0.6533 0.0926 0.0074 0
 0.9418 0.0223 0.034 0.0019 0
 0.707729 0.231977 0.0356964 0.0245975 0
 0.517169 0.277429 0.184464 0.0207286 0.00020938
 0.811772 0.124168 0.05621 0.00726502 0.000585176
 0.764997 0.148141 0.077277 0.00933861 0.000247198
 0.163321 0.427699 0.378323 0.0303852 0.000271297
 0.753843 0.0900009 0.118128 0.0371064 0.000921714
 0.721811 0.176058 0.0630433 0.0369309 0.00215725
 0.143369 0.312575 0.442814 0.0836902 0.0175525
 0.692698 0.0596174 0.167031 0.0765114 0.00414204
 0.394062 0.376323 0.152708 0.0712218 0.00568511
 0.125707 0.32114 0.495352 0.0537591 0.00404204
 0.23352 0.215282 0.420074 0.123614 0.00750983
 0.774587 0.0839891 0.0768558 0.0609784 0.00358967
pf_pred 
 0.0418959 0.165675 0.694607 0.0978216 7.89809e-07
 0.0917959 0.0628182 0.146184 0.612888 0.0863138
 0.967995 0.0055752 0.00182807 0.00425408 0.0203474
 0.573024 0.420311 0.00116097 0.000380672 0.00512296
 0.282209 0.547267 0.167862 0.000463661 0.00219801
 0.996867 0.00172828 0.00107102 0.000328509 5.20896e-06
 0.0524757 0.945876 0.000909534 0.00056364 0.000175625
 0.123576 0.0973055 0.777763 0.00074788 0.000607873
 0.965824 0.00735136 0.00297819 0.0238047 4.1495e-05
 0.311896 0.676283 0.00254278 0.00103013 0.00824822
 0.967222 0.0192434 0.013302 5.00146e-05 0.000182498
 0.923774 0.0748958 0.000781179 0.00053999 9.43879e-06
 0.770723 0.22161 0.00753391 7.85802e-05 5.52681e-05
 0.851926 0.131953 0.0155822 0.000529738 9.41139e-06
 0.866298 0.126838 0.00611618 0.000722257 2.49903e-05
 0.9848 0.0145046 0.000660096 3.183e-05 3.88885e-06
 0.138531 0.855411 0.00578113 0.000263095 1.42365e-05
 0.986966 0.00359918 0.00936827 6.33137e-05 3.03728e-06
 0.499346 0.497217 0.000949279 0.00247087 1.75e-05
 0.855021 0.100511 0.0441629 8.43152e-05 0.000221018
 0.769646 0.213856 0.0114378 0.00502562 3.47461e-05
 0.902758 0.0854206 0.0109747 0.000586971 0.00025969
 0.0951045 0.861244 0.0383454 0.00492656 0.000380067
 0.908403 0.0161115 0.0718444 0.00319875 0.000442676
 0.708767 0.276595 0.00257473 0.0114812 0.000581924
 0.294265 0.579714 0.119687 0.00111413 0.00521993
 0.89021 0.0490517 0.0498924 0.0103008 0.000545134
 0.830844 0.159291 0.00440726 0.0044828 0.000974496
 0.203783 0.714294 0.0771456 0.00213446 0.002643
 0.240619 0.235932 0.46959 0.050717 0.00314079
 0.965437 0.0145831 0.00620741 0.012355 0.00141701
pobs_RECLAS
 0 0 0 0 0
 0 0 0 0 0
 0 0 0 0 0
 0 0 0 0 0
 0 0 0 0 0
 0 0 0 0 0
 0 0 0 0 0
 0 0 0 0 0
 0 0 0 0 0
 0 0 0 0 0
 0.991045 0.00858322 0.000360255 1.14367e-05 0
 0.934742 0.0480273 0.0164251 0.00080598 0
 0.827803 0.169806 0.00239088 0 0
 0.941827 0.0461693 0.0120037 0 0
 0.791401 0.0380133 0.147996 0.0225897 0
 0.846168 0.0940531 0.0597789 0 0
 0.134021 0.677848 0.182769 0.00536245 0
 0.80878 0.0450904 0.141981 0.00414843 0
 0.846168 0.0940531 0.0597789 0 0
 0.905697 0.0802665 0.012482 0.00150086 5.37128e-05
 0.989698 0.0102097 9.19794e-05 0 0
 0.975433 0.0193895 0.00387452 0.00125025 5.28907e-05
 0.303575 0.632131 0.0575291 0.00676475 0
 0.966965 0.00978017 0.0227588 0.000495775 0
 0.843318 0.132988 0.00938335 0.0141283 0.000182051
 0.564624 0.303363 0.111486 0.0197234 0.00080311
 0.826376 0.0876187 0.0782897 0.00655872 0.00115652
 0.89761 0.0855135 0.0140674 0.00269457 0.000114338
 0.34875 0.467042 0.161289 0.0227151 0.000203297
 0.318654 0.224769 0.449479 0.00709798 0
 0.937255 0.0296025 0.0250945 0.00804832 0
ppred_RECLAS
 0.0551633 0.163381 0.684988 0.096467 7.78872e-07
 0.124479 0.0605576 0.140923 0.590833 0.0832077
 0.977029 0.00400151 0.00131207 0.0030533 0.014604
 0.663668 0.331082 0.000914501 0.000299858 0.00403539
 0.390131 0.464984 0.142623 0.000393948 0.00186753
 0.997681 0.00127913 0.00079268 0.000243137 3.85526e-06
 0.0739301 0.924458 0.00088894 0.000550877 0.000171648
 0.162707 0.092961 0.743037 0.000714489 0.000580733
 0.975245 0.00532491 0.00215724 0.0172428 3.00567e-05
 0.424692 0.565425 0.00212596 0.000861273 0.00689615
 0.975883 0.0141588 0.00978727 3.67995e-05 0.000134278
 0.946814 0.052258 0.000545062 0.000376774 6.58585e-06
 0.8326 0.161802 0.00550066 5.7373e-05 4.03524e-05
 0.9044 0.0851917 0.0100602 0.000342011 6.07621e-06
 0.914243 0.0813547 0.00392295 0.000463259 1.60289e-05
 0.989289 0.0102205 0.000465127 2.24286e-05 2.74022e-06
 0.190799 0.80351 0.00543037 0.000247132 1.33727e-05
 0.990465 0.00263305 0.00685353 4.63183e-05 2.22198e-06
 0.590171 0.407014 0.000777066 0.00202262 1.43252e-05
 0.893963 0.0735133 0.0323007 6.16681e-05 0.000161652
 0.826141 0.161407 0.0086327 0.00379309 2.62246e-05
 0.929235 0.062162 0.00798648 0.000427148 0.000188981
 0.127892 0.830037 0.036956 0.00474805 0.000366296
 0.931485 0.0120514 0.0537394 0.00239265 0.00033112
 0.769018 0.219372 0.00204206 0.00910595 0.000461534
 0.364718 0.521841 0.107739 0.00100291 0.00469883
 0.91837 0.0364705 0.0370956 0.00765875 0.000405314
 0.868736 0.123609 0.00342 0.00347862 0.000756202
 0.256094 0.667365 0.0720772 0.00199423 0.00246936
 0.315063 0.212803 0.423556 0.0457451 0.0028329
 0.975686 0.0102589 0.00436676 0.00869143 0.000996829
pobs_PELACES
 0 0 0 0 0
 0 0 0 0 0
 0 0 0 0 0
 0 0 0 0 0
 0 0 0 0 0
 0 0 0 0 0
 0 0 0 0 0
 0 0 0 0 0
 0 0 0 0 0
 0 0 0 0 0
 0 0 0 0 0
 0 0 0 0 0
 0 0 0 0 0
 0 0 0 0 0
 0 0 0 0 0
 0 0 0 0 0
 0.505614 0.472636 0.0217494 0 0
 0 0 0 0 0
 0.443492 0.261883 0.143347 0.151278 0
 0.227955 0.32914 0.350689 0.0885471 0.00366901
 0.970185 0.0296113 0.000203453 0 0
 0.997202 0.00247181 0.000326279 0 0
 0.445219 0.490057 0.0546422 0.010081 0
 0.90214 0.0892962 0.00764917 0.000914606 0
 0 0 0 0 0
 0.581667 0.319106 0.0959925 0.00289975 0.000334073
 0.762889 0.0836404 0.116647 0.0363945 0.000428098
 0.88444 0.0763242 0.0277011 0.0115352 0
 0.521256 0.241999 0.230069 0.00667565 0
 0.616807 0.101726 0.260614 0.0208532 0
 0.833518 0.0704572 0.0857862 0.0102388 0
ppred_PELACES
 0.0332484 0.143438 0.718122 0.105191 8.56134e-07
 0.0814187 0.0521412 0.144893 0.631848 0.0896991
 0.964076 0.00519987 0.00203599 0.00492803 0.0237604
 0.613407 0.379131 0.00125052 0.000426486 0.00578563
 0.355337 0.46975 0.172056 0.000494315 0.00236216
 0.996427 0.00180459 0.00133541 0.000426039 6.80971e-06
 0.0590713 0.938937 0.00107814 0.000694929 0.000218273
 0.108527 0.0844034 0.805603 0.000805732 0.000660158
 0.961364 0.00700848 0.00339048 0.0281874 4.95296e-05
 0.398839 0.588421 0.00264192 0.00111324 0.00898529
 0.964617 0.0192243 0.0158686 6.20587e-05 0.000228266
 0.934632 0.0639878 0.000796969 0.000573009 1.00964e-05
 0.800776 0.191314 0.00776657 8.4257e-05 5.9737e-05
 0.894038 0.0924548 0.0130374 0.000461008 8.25614e-06
 0.905825 0.0884359 0.00509225 0.000625469 2.18153e-05
 0.986096 0.013149 0.000714569 3.58392e-05 4.41386e-06
 0.159235 0.833701 0.00672822 0.000318482 1.73721e-05
 0.985149 0.00359502 0.011174 7.85473e-05 3.79835e-06
 0.531299 0.464752 0.00105955 0.00286854 2.04798e-05
 0.860873 0.0910231 0.0477584 9.48379e-05 0.000250599
 0.783306 0.198209 0.012659 0.00578535 4.03201e-05
 0.907599 0.0792622 0.0121604 0.000676482 0.000301697
 0.0982431 0.850053 0.0451944 0.00603949 0.00046967
 0.894885 0.0159124 0.0847311 0.00392387 0.000547389
 0.704576 0.277314 0.00308256 0.0142972 0.000730475
 0.289139 0.564085 0.139069 0.00134649 0.00635929
 0.882603 0.04716 0.0572804 0.0123006 0.000656198
 0.821077 0.166339 0.0054957 0.00581417 0.00127408
 0.190944 0.711374 0.0917454 0.00264025 0.00329557
 0.243107 0.206778 0.49146 0.0552086 0.00344642
 0.965237 0.0129604 0.00658763 0.0136378 0.00157671
pobs_pel_tallas
 0 0 0 0 0 0 0 0 0 0 0 0 0 0 0 0 0 0 0 0 0 0 0 0 0 0
 0 0 0 0 0 0 0 0 0 0 0 0 0 0 0 0 0 0 0 0 0 0 0 0 0 0
 0 0 0 0 0 0 0 0 0 0 0 0 0 0 0 0 0 0 0 0 0 0 0 0 0 0
 0 0 0 0 0 0 0 0 0 0 0 0 0 0 0 0 0 0 0 0 0 0 0 0 0 0
 0 0 0 0 0 0 0 0 0 0 0 0 0 0 0 0 0 0 0 0 0 0 0 0 0 0
 0 0 0 0 0 0 0 0 0 0 0 0 0 0 0 0 0 0 0 0 0 0 0 0 0 0
 0 0 0 0 0 0 0 0 0 0 0 0 0 0 0 0 0 0 0 0 0 0 0 0 0 0
 0 0 0 0 0 0 0 0 0 0 0 0 0 0 0 0 0 0 0 0 0 0 0 0 0 0
 0 0 0 0 0 0 0 0 0 0 0 0 0 0 0 0 0 0 0 0 0 0 0 0 0 0
 0 0 0 0 0 0 0 0 0 0 0 0 0 0 0 0 0 0 0 0 0 0 0 0 0 0
 0 0 0 0 0 0 0 0 0 0 0 0 0 0 0 0 0 0 0 0 0 0 0 0 0 0
 0 0 0 0 0 0 0 0 0 0 0 0 0 0 0 0 0 0 0 0 0 0 0 0 0 0
 0.00862536 0 0 0.000197151 0.00414017 0.0128641 0.00837892 0.0270097 0.101434 0.158115 0.152841 0.127902 0.109271 0.109419 0.0830992 0.0579132 0.0238553 0.00714673 0.00463305 0.00128148 0.00103504 0.000492878 0.000147863 0.000147863 4.92878e-05 0
 0 0 0 0 0 0 0 0 0 0 0 0 0 0 0 0 0 0 0 0 0 0 0 0 0 0
 0 0 0 0 0 0 0 0.0054083 0.00873648 0.0413646 0.0450493 0.0745869 0.0622846 0.0627006 0.0613931 0.0827291 0.12552 0.122667 0.0946155 0.0697135 0.0546179 0.0294188 0.0215738 0.0213955 0.0102223 0.00600262
 0 0 0 0 0.00359764 0.0251062 0.0480494 0.140153 0.205849 0.193036 0.1447 0.116669 0.0760912 0.0342217 0.00950174 0.001854 0.000860785 0 0 0 0.000165536 0 0.000143464 0 0 0
 0 0 0 0 0 0 0 0.000145254 0.000435761 0.0275982 0.070085 0.0708112 0.156366 0.174668 0.174014 0.160142 0.0824315 0.0480064 0.0283245 0.00493863 0.00203355 0 0 0 0 0
 0 0 0 0 0 0 0 0 0 0 0 0 0 0 0 0 0 0 0 0 0 0 0 0 0 0
 0 0 1.00437e-05 0.000401748 0.00122533 0.00171747 0.00176769 0.0269171 0.070346 0.194647 0.189555 0.159765 0.064822 0.0314167 0.0384472 0.0292271 0.0345202 0.0313363 0.0194345 0.0106764 0.0143323 0.0359363 0.0279516 0.0138201 0.00172751 0
 0 0.0021121 0.0136068 0.0755702 0.200478 0.177729 0.0527432 0.0373336 0.0318909 0.0142505 0.0149659 0.0166563 0.0217959 0.0798694 0.0677717 0.0528807 0.04013 0.0224614 0.0357745 0.0225083 0.00881397 0.00855152 0.00135912 0.000746735 0 0
 0 0 0 0 5.4009e-05 0.00500934 0.000945158 0.0243581 0.138947 0.33067 0.221406 0.137944 0.0707744 0.0437923 0.0131692 0.00525238 0.0047753 0.00276346 9.45158e-05 9.00151e-06 2.25038e-05 9.00151e-06 4.50075e-06 0 0 0
 0.000866109 0.00284123 0.00948549 0.0512746 0.133035 0.25785 0.225252 0.132002 0.0553304 0.0519788 0.0540692 0.017754 0.00435017 0.00159236 0.00146478 0.000404838 0.000125132 0.000115318 0.000107957 0.000100596 0 0 0 0 0 0
 0 0 0 0 0.00144013 0.00171154 0.00461396 0.0210425 0.0478622 0.0707936 0.0888783 0.103762 0.0637923 0.0337046 0.0602308 0.124433 0.169614 0.0934646 0.0462172 0.0250306 0.0313229 0.00938855 0.002487 0.000210481 0 0
 0 0.00764035 0.051015 0.0998891 0.058973 0.0496711 0.0374665 0.0718981 0.12319 0.153886 0.159021 0.0857701 0.0377988 0.023471 0.0147837 0.00900784 0.00315554 0.000888139 0.00291439 0.00214683 0.00393193 0.00274676 0.000635225 9.99891e-05 0 0
 0 0 0 0 0 0 0 0 0 0 0 0 0 0 0 0 0 0 0 0 0 0 0 0 0 0
 0 0 0 0 0 0 0 0 0 0 0 0 0 0 0 0 0 0 0 0 0 0 0 0 0 0
 0 0 0 0 0 0 0 0 0 0 0 0 0 0 0 0 0 0 0 0 0 0 0 0 0 0
 0 0 0 0 0 0 0 0 0 0 0 0 0 0 0 0 0 0 0 0 0 0 0 0 0 0
 0 0 0 0 0 0 0 0 0 0 0 0 0 0 0 0 0 0 0 0 0 0 0 0 0 0
 0 0 0 0 0 0 0 0 0 0 0 0 0 0 0 0 0 0 0 0 0 0 0 0 0 0
 0 0 0 0 0 0 0 0 0 0 0 0 0 0 0 0 0 0 0 0 0 0 0 0 0 0
ppred_pel_tallas
 1.3131e-16 2.73866e-06 2.66208e-05 0.000176905 0.000804193 0.00250222 0.0053318 0.00778503 0.00779997 0.00540531 0.00275228 0.00154066 0.00207926 0.00435728 0.00874866 0.0158192 0.0259589 0.0392606 0.0556081 0.0746481 0.0953613 0.115456 0.131307 0.138973 0.135924 0.122371
 1.8274e-16 6.70636e-06 6.51882e-05 0.000433199 0.00196926 0.00612713 0.0130547 0.0190549 0.0190603 0.0130817 0.00621926 0.00224194 0.00114345 0.00170475 0.0033949 0.00636075 0.0110558 0.0181777 0.028769 0.0441525 0.0654273 0.0925499 0.123449 0.153822 0.177999 0.19068
 1.04576e-16 7.94096e-05 0.00077189 0.00512948 0.0233179 0.0725506 0.154577 0.225609 0.22561 0.154579 0.072559 0.0233423 0.00519129 0.000908736 0.000345391 0.000462805 0.000704539 0.000993817 0.00132834 0.00174968 0.00233828 0.00317556 0.00428458 0.00558355 0.00688184 0.00792631
 1.01155e-16 5.05256e-05 0.000491127 0.00326371 0.0148364 0.0461617 0.0983537 0.143558 0.143594 0.0985318 0.0467594 0.0165618 0.00759071 0.00992338 0.0179241 0.0294475 0.0421706 0.052518 0.0568885 0.0536346 0.0440803 0.0317017 0.0201466 0.0115989 0.00641671 0.00379615
 1.05535e-16 2.92687e-05 0.000284502 0.00189062 0.00859451 0.026741 0.0569761 0.0831678 0.0832133 0.0571982 0.0274871 0.0107515 0.00731234 0.0121445 0.0226243 0.0375387 0.0544925 0.0693852 0.0779991 0.0782943 0.0714986 0.0610524 0.0503502 0.0411164 0.0333769 0.0264807
 1.00083e-16 8.20744e-05 0.000797792 0.00530161 0.0241003 0.0749851 0.159764 0.23318 0.23318 0.159765 0.074988 0.0241087 0.00532272 0.000844162 0.000170999 0.000155034 0.000220591 0.000288193 0.000338455 0.000364233 0.000369339 0.000363622 0.000354586 0.000342583 0.000322753 0.000290682
 1.00378e-16 4.86582e-06 4.72976e-05 0.000314314 0.00142888 0.00444626 0.00947656 0.0138502 0.0139405 0.0099176 0.00592652 0.00570158 0.0110288 0.0234022 0.0442572 0.0728883 0.104364 0.129907 0.140578 0.132265 0.108216 0.0770237 0.0477365 0.0258209 0.0122625 0.0051945
 1.23463e-16 8.93929e-06 8.6893e-05 0.000577435 0.00262494 0.00816722 0.0174015 0.0253999 0.0254092 0.0174478 0.00832622 0.00309972 0.00182764 0.00300899 0.00612169 0.0115688 0.0200537 0.0322369 0.0484993 0.0685333 0.0907402 0.111842 0.127332 0.132989 0.126771 0.109925
 1.02935e-16 7.91863e-05 0.000769719 0.00511505 0.0232523 0.0723465 0.154142 0.224975 0.224975 0.154145 0.0723579 0.0232854 0.00519886 0.000955515 0.000440929 0.000628489 0.000960568 0.00135175 0.00178805 0.00229849 0.00294569 0.00377878 0.00477097 0.00578777 0.00661485 0.00703594
 1.01859e-16 3.28519e-05 0.000319333 0.00212208 0.0096467 0.0300148 0.0639517 0.0933513 0.0934079 0.0642282 0.0309425 0.0123247 0.00883799 0.0149593 0.0277753 0.0457055 0.0654613 0.081532 0.0883332 0.083309 0.0685133 0.0493379 0.031438 0.0181971 0.0101652 0.00609279
 1.00508e-16 7.94542e-05 0.000772323 0.00513236 0.023331 0.0725913 0.154663 0.225736 0.225738 0.154673 0.0726221 0.0234202 0.0053574 0.00126673 0.00102763 0.00159695 0.00234786 0.00306612 0.00358765 0.00382978 0.00382238 0.0036621 0.00342946 0.00314282 0.00277883 0.00232501
 1.00099e-16 7.69844e-05 0.000748316 0.00497282 0.0226057 0.0703349 0.149856 0.218721 0.218727 0.149886 0.0704358 0.022897 0.00570332 0.00234082 0.00309507 0.00497824 0.00712469 0.00887698 0.00962336 0.00908447 0.00748077 0.00539429 0.00343555 0.00196995 0.00105883 0.00057242
 1.00292e-16 6.59589e-05 0.000641144 0.00426063 0.0193682 0.0602618 0.128395 0.1874 0.187418 0.128485 0.0605636 0.0202396 0.00644645 0.00540753 0.00910256 0.0149028 0.0213647 0.0266612 0.0289784 0.0274783 0.022805 0.0166715 0.0108717 0.00647555 0.00366442 0.00207157
 1.00448e-16 7.36408e-05 0.000715815 0.00475684 0.0216239 0.0672801 0.143348 0.209222 0.209231 0.143391 0.0674262 0.0220461 0.00581652 0.00302883 0.00446562 0.00726355 0.0104498 0.0131255 0.0144257 0.013947 0.0119793 0.00930393 0.00672533 0.00470409 0.00330035 0.00235042
 1.00237e-16 7.46116e-05 0.000725251 0.00481955 0.021909 0.068167 0.145237 0.21198 0.211988 0.145279 0.0683066 0.022312 0.00583055 0.00293024 0.00425628 0.00690257 0.00989881 0.0123688 0.0134744 0.0128297 0.0107297 0.00795885 0.00533487 0.00334041 0.00205093 0.0012953
 1.00029e-16 8.12234e-05 0.000789521 0.00524664 0.0238505 0.0742077 0.158107 0.230763 0.230764 0.158114 0.0742284 0.0239104 0.00539694 0.00111731 0.000702812 0.00103085 0.00147119 0.00183736 0.00200036 0.00190244 0.00158748 0.00117232 0.000778971 0.000479761 0.000286443 0.000173908
 1.00443e-16 1.31162e-05 0.000127494 0.000847246 0.00385151 0.0119839 0.0255359 0.0372872 0.0373674 0.0259276 0.0132984 0.00764596 0.0103629 0.0208706 0.0393206 0.0647546 0.0927413 0.11549 0.12507 0.11783 0.0966388 0.0690975 0.0432026 0.0237765 0.0116824 0.00527674
 1.00333e-16 8.11454e-05 0.000788762 0.0052416 0.0238276 0.0741364 0.157955 0.230541 0.230541 0.157957 0.0741424 0.0238452 0.00528661 0.000889609 0.000280232 0.000354463 0.000548153 0.000783137 0.00103683 0.00129422 0.0015416 0.00175572 0.00189728 0.0019215 0.00180216 0.00155131
 1.00441e-16 4.37625e-05 0.000425387 0.00282685 0.0128505 0.0399828 0.0851893 0.124346 0.12439 0.0854076 0.0407156 0.0149655 0.00813071 0.0119868 0.021951 0.0360893 0.0516768 0.0643402 0.0696577 0.0655988 0.0537736 0.0384332 0.0240462 0.0133017 0.00666762 0.0032031
 1.01454e-16 7.0909e-05 0.000689261 0.00458038 0.0208217 0.0647842 0.13803 0.201461 0.201469 0.138073 0.0649293 0.0212413 0.00563607 0.00300205 0.00448722 0.0073679 0.0107495 0.013811 0.0157522 0.0161781 0.0152922 0.0136884 0.011929 0.0102647 0.00866378 0.00702758
 1.01004e-16 6.45199e-05 0.000627156 0.00416768 0.0189457 0.0589471 0.125594 0.183312 0.183331 0.125687 0.05926 0.0198492 0.00643446 0.00557167 0.0094436 0.0154801 0.0222233 0.0277995 0.0303466 0.029009 0.0244524 0.0184286 0.0127513 0.00847072 0.00571968 0.00408461
 1.00491e-16 7.47578e-05 0.000726672 0.00482899 0.0219519 0.0683005 0.145522 0.212395 0.212403 0.145559 0.0684259 0.022314 0.00573785 0.00271077 0.00384301 0.00623499 0.00897406 0.0112827 0.0124213 0.0120452 0.0104018 0.00815663 0.00599208 0.00429482 0.0031098 0.00229374
 1.02207e-16 8.09233e-06 7.86604e-05 0.00052273 0.0023763 0.00739401 0.0157567 0.0230146 0.0230964 0.0161564 0.0087356 0.00624966 0.0102392 0.0212694 0.0401929 0.0662753 0.0950971 0.118796 0.129355 0.123065 0.102773 0.0760376 0.0507438 0.0315519 0.0191951 0.0120195
 1.02936e-16 7.37105e-05 0.000716492 0.00476134 0.0216444 0.0673437 0.143483 0.209418 0.20942 0.143491 0.0673716 0.0217264 0.0049735 0.00119998 0.00105146 0.00177644 0.00291135 0.00440735 0.00624104 0.00835822 0.0106226 0.0127548 0.0143392 0.0149499 0.0143477 0.0126172
 1.01718e-16 5.8035e-05 0.000564121 0.00374879 0.0170415 0.0530224 0.112971 0.16489 0.164917 0.113101 0.0534598 0.0183041 0.00691564 0.00746891 0.0131468 0.0215784 0.0309309 0.0385909 0.0419464 0.039814 0.0331713 0.0245446 0.0165519 0.0107119 0.00719787 0.00535348
 1.05369e-16 2.38161e-05 0.000231501 0.00153841 0.00699343 0.0217594 0.0463628 0.0676793 0.0677337 0.0466289 0.0226532 0.00957604 0.00802512 0.0144051 0.0269798 0.0446622 0.0645562 0.0816296 0.0907265 0.0894024 0.0793 0.0648972 0.0507136 0.0391999 0.0305365 0.0237853
 1.0301e-16 7.26988e-05 0.000706659 0.00469599 0.0213473 0.0664194 0.141514 0.206545 0.206549 0.141536 0.0664957 0.0215687 0.00525572 0.00194172 0.00245704 0.00404822 0.00606133 0.0081178 0.00987224 0.0111495 0.0119998 0.0125689 0.0129024 0.0128705 0.0122755 0.0110289
 1.01e-16 6.76311e-05 0.000657398 0.00436864 0.0198592 0.0617895 0.13165 0.19215 0.192166 0.131728 0.0620519 0.0206169 0.00626928 0.00480212 0.00792642 0.0129636 0.0185907 0.0232178 0.0252776 0.0240567 0.0201303 0.0149968 0.0102096 0.0066708 0.00449025 0.0032937
 1.03652e-16 1.5728e-05 0.000152882 0.00101596 0.00461843 0.01437 0.0306194 0.0447042 0.0447727 0.0309543 0.0154945 0.00786593 0.00916645 0.0179414 0.0337871 0.0557982 0.0802945 0.100786 0.110644 0.106769 0.0914201 0.0706561 0.0507268 0.0352208 0.0246093 0.017596
 1.20356e-16 2.00245e-05 0.000194645 0.00129349 0.00588001 0.018295 0.0389802 0.0568971 0.0569178 0.0390815 0.0186373 0.00687785 0.00383339 0.00585571 0.0111123 0.019228 0.0297657 0.0417406 0.0540124 0.0658356 0.0768694 0.0865451 0.0934726 0.0956702 0.0916248 0.0813594
 1.01829e-16 7.95053e-05 0.00077282 0.00513566 0.023346 0.072638 0.154763 0.225881 0.225883 0.154769 0.0726587 0.0234061 0.00528725 0.00110604 0.000719367 0.00108256 0.00159881 0.00211501 0.00254061 0.00285151 0.00310334 0.00338546 0.00374452 0.00413755 0.00444796 0.00454716
pSPR Fmed_Fpbrs
0.217407   0.6 0.325
Fs Fmed_Fpbrs
1.13743   0.309966 0.775488
SSBpbr Bo_Bmed_Bpbrs
1.48206e+06  248106  815130 407565
Ro
47021
SPR SPRFo_SPRFmed_SPRFpbrs
336103 73071 109233
Fref
0.309966
Nvult_r0
 88773.9 1076.69 458.302 912.185 104.619
CTP_r0
 41437.8 625.926 266.43 530.291 60.8196
YTP_r0
390901
Np
 89353.3 16072.4 108.779 46.3023 100.615
Nvult_p0
 62316.8 11735.6 79.4269 33.8086 73.4659
CTP_p0
 10186.7 2776.89 18.7941 7.99984 17.3836
YTP_p0
 122634
CBA_c0
310421
log_Ro
10.5784
likeval ReclasPelacesDesembMPH_pf_preclas_ppelaces_ptallas_desvR_qrecl_qpela
 17.1843 19.9246 0.315688 0.000965937 338.406 122.018 123.509 0 105.918 0.000112521 0.000281387 0.00477113 3.09346e-16 0 0
q_reclas_q_pelaces
4.49578 10.8756
M
1
N
 6747.01 17604.4 73808 10394.4 0.083924
 4087.03 2041.95 4751.81 19922.4 2805.69
 174384 733.016 240.351 559.318 2675.24
 55809.6 31343.5 86.5757 28.3875 382.03
 4611.38 7316.86 2244.28 6.19906 29.387
 288374 341.224 211.457 64.8596 1.02844
 5499.55 74468.2 71.607 44.375 13.8268
 1476.01 823.222 6580.01 6.3272 5.14272
 57348.1 314.744 127.509 1019.18 1.77658
 6235.13 11067.1 41.6116 16.8577 134.979
 32866.4 459.132 317.375 1.19331 4.35427
 118423 7345.21 76.6121 52.9581 0.925685
 70565.8 15620.6 531.044 5.5389 3.89569
 69780.6 8887.92 1049.57 35.6815 0.633921
 40654.8 4896.38 236.105 27.8815 0.964707
 260112 2843.42 129.402 6.2398 0.76235
 8933.69 42133.2 284.749 12.9587 0.701219
 465365 1192.36 3103.57 20.9749 1.00621
 138332 103648 197.883 515.068 3.64798
 233962 20475.6 8996.7 17.1764 45.0249
 180679 37156.6 1987.28 873.184 6.037
 428241 29793.5 3827.82 204.727 90.576
 11252.8 73575.5 3275.82 420.873 32.4688
 173132 2154.93 9609.26 427.836 59.2083
 142229 38803.1 361.205 1610.68 81.6372
 23346.4 32525.4 6715.18 62.5094 292.869
 127286 5021.98 5108.06 1054.61 55.8116
 197010 25562.1 707.251 719.373 156.381
 22442.3 53001 5724.25 158.378 196.112
 8312.54 6166.77 12274.1 1325.63 82.0937
 104846 1185.47 504.604 1004.34 115.189
pred_Ctot
 768.409 3038.63 12739.7 1794.14 0.0144858
 1402.2 959.558 2232.98 9361.97 1318.46
 59696 343.821 112.736 262.348 1254.82
 24625.4 18062.7 49.8919 16.3592 220.156
 2630.15 5100.45 1564.45 4.32125 20.4851
 55911.8 96.9347 60.0706 18.4253 0.292157
 2214.06 39908.4 38.3751 23.7811 7.40997
 409.802 322.684 2579.21 2.48011 2.01582
 18149.4 138.144 55.9652 447.329 0.77976
 3561.8 7723.04 29.0381 11.764 94.1933
 8488.91 168.891 116.746 0.438958 1.60171
 52052.8 4220.23 44.0179 30.4274 0.531857
 31908.5 9174.8 311.909 3.25328 2.28814
 40462.8 6267.19 740.09 25.1603 0.447001
 23597.2 3454.96 166.599 19.6736 0.680713
 98228.5 1446.76 65.8411 3.17488 0.387892
 3897.38 24065.9 162.645 7.40186 0.400526
 120865 440.76 1147.25 7.75347 0.371949
 56165 55925.5 106.772 277.916 1.96835
 89847.1 10561.8 4640.72 8.85999 23.2249
 67173.2 18664.9 998.272 438.627 3.03257
 153308 14506.3 1863.75 99.6807 44.1011
 3593.53 32542.2 1448.88 186.151 14.3609
 44510.4 789.441 3520.27 156.734 21.6904
 35349.6 13795.1 128.414 572.623 29.0233
 6399.25 12606.8 2602.79 24.2285 113.516
 38357.6 2113.56 2149.78 443.843 23.4889
 34324.7 6580.79 182.077 185.198 40.2593
 3676.15 12885.5 1391.67 38.5047 47.6785
 3467.7 3400.16 6767.54 730.912 45.2638
 41437.8 625.926 266.43 530.291 60.8196
F
 0.195194 0.309623 0.309623 0.309623 0.309623
 0.718406 1.13956 1.13956 1.13956 1.13956
 0.716255 1.13615 1.13615 1.13615 1.13615
 1.03176 1.63662 1.63662 1.63662 1.63662
 1.60374 2.54391 2.54391 2.54391 2.54391
 0.353886 0.561346 0.561346 0.561346 0.561346
 0.899195 1.42633 1.42633 1.42633 1.42633
 0.545339 0.865036 0.865036 0.865036 0.865036
 0.645163 1.02338 1.02338 1.02338 1.02338
 1.60862 2.55165 2.55165 2.55165 2.55165
 0.498402 0.790583 0.790583 0.790583 0.790583
 1.02567 1.62696 1.62696 1.62696 1.62696
 1.07185 1.70021 1.70021 1.70021 1.70021
 1.65686 2.62817 2.62817 2.62817 2.62817
 1.66011 2.63333 2.63333 2.63333 2.63333
 0.820277 1.30115 1.30115 1.30115 1.30115
 1.0139 1.60828 1.60828 1.60828 1.60828
 0.501823 0.796009 0.796009 0.796009 0.796009
 0.910421 1.44414 1.44414 1.44414 1.44414
 0.840018 1.33247 1.33247 1.33247 1.33247
 0.802432 1.27285 1.27285 1.27285 1.27285
 0.761375 1.20772 1.20772 1.20772 1.20772
 0.652856 1.03558 1.03558 1.03558 1.03558
 0.495557 0.78607 0.78607 0.78607 0.78607
 0.47542 0.754129 0.754129 0.754129 0.754129
 0.536618 0.851202 0.851202 0.851202 0.851202
 0.605329 0.960195 0.960195 0.960195 0.960195
 0.312941 0.496399 0.496399 0.496399 0.496399
 0.291772 0.46282 0.46282 0.46282 0.46282
 0.947625 1.50316 1.50316 1.50316 1.50316
 0.875394 1.38858 1.38858 1.38858 1.38858
nmprior
 8.19 8.8 8.5 0
nm_flota  nm_reclas  nm_pelaces    nm_pelaL
inf 22.1526 3.79332 5.65882
cv_recla  cv_pelaces  cv_mph
0.374965 0.506135 0.959135
 ------------------------------------------------
Talla a la edad & desviaci?n 
 8 13.2811 15.8009 17.003 17.5766
 0.8 1.32811 1.58009 1.7003 1.75766
