years
 1991 1992 1993 1994 1995 1996 1997 1998 1999 2000 2001 2002 2003 2004 2005 2006 2007 2008 2009 2010 2011 2012 2013 2014 2015 2016 2017 2018 2019 2020 2021
reclasobs
 0 0 0 0 0 0 0 0 0 252601 567819 844713 477998 351125 339783 2.1784e+06 2.13404e+06 4.81314e+06 1.55562e+06 2.62356e+06 3.21686e+06 3.843e+06 1.13348e+06 3.07943e+06 1.97215e+06 2.03268e+06 2.025e+06 2.42433e+06 2.27542e+06 1.05018e+06 2.36338e+06
reclaspred
 5.50564e+06 1.93035e+06 999542 745897 328877 2.94325e+06 1.54823e+06 835991 529242 253733 447456 806523 776670 563854 436001 1.66335e+06 950248 3.9505e+06 2.98479e+06 1.99661e+06 3.15297e+06 2.98301e+06 1.72775e+06 3.19681e+06 2.31526e+06 1.69836e+06 2.24077e+06 3.07646e+06 2.38781e+06 889632 1.55489e+06
pelacesobs
 0 0 0 0 0 0 0 0 0 0 0 0 0 0 0 552880 188675 0 991730 2.46772e+06 1.41603e+06 1.21717e+06 2.29649e+06 1.80582e+06 0 1.4828e+06 1.56532e+06 1.57751e+06 1.42118e+06 867257 1.10002e+06
pelacespred
 5.02104e+06 1.62341e+06 584832 302891 164966 1.57333e+06 894696 701055 291672 96544.4 237752 344349 379187 247669 188392 676397 464708 2.08637e+06 1.70484e+06 995621 1.61058e+06 1.5127e+06 1.0652e+06 1.98133e+06 1.51929e+06 1.14727e+06 1.5123e+06 2.09158e+06 1.69589e+06 636544 842855
mphobs
 0 0 0 0 0 0 0 0 0 0 0 498337 0 5186 125008 0 168611 109162 213762 579715 649985 157893 87575 83554 0 0 0 0 0 0 0
mphpred
 1.09509e+06 501122 127990 109631 55175.1 31435.9 385719 132623 74962.1 33734.2 14929.2 60678.7 73597.3 53167.2 27908.1 30274.7 190286 80051 455505 239205 240469 284884 327701 164952 360797 263801 162644 228413 448123 210953 63869.8
desembarqueobs
 494567 514787 250237 358949 120608 361735 552515 73892 212993 205616 52469 317467 293654 387597 252695 516296 358380 742168 942051 627588 828172 859565 418607 520667 417249 300574 415391 372974 316634 284311 391294
desembarquepred
 494506 514547 249924 358759 120562 361591 552021 73880.2 212860 205474 52460.6 317256 293406 387050 252447 515876 358233 741584 940762 626606 827815 858759 418318 520437 416928 300378 415128 372737 316380 283974 391105
Reclutas
 52846.2 40419.9 139317 59172 23893.9 280460 36420.1 10716.8 26431.6 36979.8 44211.6 106531 82893.2 67502.3 44759 255202 25592.4 434799 225579 198401 225175 391132 34837.6 178860 137874 44436.9 137100 174229 37016.4 21964.7 118615
log_desv_Rt
 -0.394029 -0.662092 0.575339 -0.280967 -1.18779 1.27502 -0.766295 -1.9896 -1.08686 -0.751042 -0.572428 0.307023 0.0561383 -0.149253 -0.560122 1.18064 -1.11912 1.71347 1.05726 0.928873 1.05546 1.60763 -0.810719 0.825191 0.564927 -0.567345 0.559298 0.798957 -0.750053 -1.27198 0.414469
SSB
 1.40889e+06 644719 164665 141046 70985.6 40443.9 496247 170627 96442.5 43400.8 19207.2 78066.3 94686.8 68402.3 35905.2 38949.9 244813 102990 586030 307749 309375 366517 421604 212219 464184 339393 209250 293865 576534 271402 82171.7
BT
 1.87333e+06 998231 447984 396867 161819 1.28554e+06 797426 311112 332922 242205 179080 445249 461378 540230 357918 821027 455837 1.91931e+06 1.65733e+06 970200 1.52855e+06 1.48892e+06 744678 1.56455e+06 992631 708979 1.22221e+06 1.45294e+06 841881 488508 848532
Ftot
 0.344179 0.955688 0.960034 1.62301 1.2923 0.52105 1.20515 0.343284 1.45634 2.53618 0.491331 1.45631 1.38977 2.29319 2.04776 1.23395 1.28305 0.775572 1.14896 1.17597 1.00708 1.10134 0.87094 0.664925 0.687873 0.667189 0.744475 0.496528 0.49296 1.12604 1.00788
BD_Bspro_t
 0.946664 0.620098 0.275502 0.257251 0.126821 0.0978659 0.473622 0.213764 0.178829 0.109948 0.0694191 0.295364 0.221888 0.147179 0.0800631 0.0891831 0.267109 0.133595 0.384846 0.229205 0.196639 0.223385 0.261834 0.172295 0.340984 0.326217 0.279079 0.382315 0.519345 0.342672 0.167122
BD_Bspro
 2.51512 1.15094 0.293957 0.251792 0.126722 0.0721996 0.88589 0.304599 0.172167 0.0774782 0.0342883 0.139362 0.169033 0.12211 0.0640972 0.0695326 0.437035 0.183855 1.04617 0.549387 0.55229 0.654299 0.752638 0.378849 0.828652 0.605877 0.373549 0.5246 1.02922 0.484501 0.146691
BD_Bo
 1.08809 0.497918 0.127172 0.10893 0.0548224 0.0312349 0.383253 0.131775 0.0744828 0.0335186 0.0148338 0.0602908 0.0731268 0.0528273 0.0277297 0.0300811 0.18907 0.0795392 0.452593 0.237675 0.238931 0.283062 0.325606 0.163898 0.358491 0.262114 0.161604 0.226952 0.445258 0.209604 0.0634614
BD_Brms
 1.97835 0.905305 0.231221 0.198054 0.099677 0.0567908 0.696824 0.239592 0.135423 0.0609428 0.0269705 0.10962 0.132958 0.0960496 0.0504176 0.054693 0.343763 0.144617 0.822896 0.432137 0.434421 0.514659 0.59201 0.297996 0.651801 0.476571 0.293826 0.41264 0.80956 0.381099 0.115384
Sel_flota
 0.660542 0.973665 0.998578 0.999925 0.999996
 0.660542 0.973665 0.998578 0.999925 0.999996
 0.660542 0.973665 0.998578 0.999925 0.999996
 0.660542 0.973665 0.998578 0.999925 0.999996
 0.660542 0.973665 0.998578 0.999925 0.999996
 0.660542 0.973665 0.998578 0.999925 0.999996
 0.660542 0.973665 0.998578 0.999925 0.999996
 0.660542 0.973665 0.998578 0.999925 0.999996
 0.660542 0.973665 0.998578 0.999925 0.999996
 0.660542 0.973665 0.998578 0.999925 0.999996
 0.660542 0.973665 0.998578 0.999925 0.999996
 0.660542 0.973665 0.998578 0.999925 0.999996
 0.660542 0.973665 0.998578 0.999925 0.999996
 0.660542 0.973665 0.998578 0.999925 0.999996
 0.660542 0.973665 0.998578 0.999925 0.999996
 0.660542 0.973665 0.998578 0.999925 0.999996
 0.660542 0.973665 0.998578 0.999925 0.999996
 0.660542 0.973665 0.998578 0.999925 0.999996
 0.660542 0.973665 0.998578 0.999925 0.999996
 0.660542 0.973665 0.998578 0.999925 0.999996
 0.660542 0.973665 0.998578 0.999925 0.999996
 0.660542 0.973665 0.998578 0.999925 0.999996
 0.660542 0.973665 0.998578 0.999925 0.999996
 0.660542 0.973665 0.998578 0.999925 0.999996
 0.660542 0.973665 0.998578 0.999925 0.999996
 0.660542 0.973665 0.998578 0.999925 0.999996
 0.660542 0.973665 0.998578 0.999925 0.999996
 0.660542 0.973665 0.998578 0.999925 0.999996
 0.660542 0.973665 0.998578 0.999925 0.999996
 0.660542 0.973665 0.998578 0.999925 0.999996
 0.660542 0.973665 0.998578 0.999925 0.999996
Sel_reclas
 0.733738 0.932743 0.985875 0.997161 0.999435
 0.733738 0.932743 0.985875 0.997161 0.999435
 0.733738 0.932743 0.985875 0.997161 0.999435
 0.733738 0.932743 0.985875 0.997161 0.999435
 0.733738 0.932743 0.985875 0.997161 0.999435
 0.733738 0.932743 0.985875 0.997161 0.999435
 0.733738 0.932743 0.985875 0.997161 0.999435
 0.733738 0.932743 0.985875 0.997161 0.999435
 0.733738 0.932743 0.985875 0.997161 0.999435
 0.733738 0.932743 0.985875 0.997161 0.999435
 0.733738 0.932743 0.985875 0.997161 0.999435
 0.733738 0.932743 0.985875 0.997161 0.999435
 0.733738 0.932743 0.985875 0.997161 0.999435
 0.733738 0.932743 0.985875 0.997161 0.999435
 0.733738 0.932743 0.985875 0.997161 0.999435
 0.733738 0.932743 0.985875 0.997161 0.999435
 0.733738 0.932743 0.985875 0.997161 0.999435
 0.733738 0.932743 0.985875 0.997161 0.999435
 0.733738 0.932743 0.985875 0.997161 0.999435
 0.733738 0.932743 0.985875 0.997161 0.999435
 0.733738 0.932743 0.985875 0.997161 0.999435
 0.733738 0.932743 0.985875 0.997161 0.999435
 0.733738 0.932743 0.985875 0.997161 0.999435
 0.733738 0.932743 0.985875 0.997161 0.999435
 0.733738 0.932743 0.985875 0.997161 0.999435
 0.733738 0.932743 0.985875 0.997161 0.999435
 0.733738 0.932743 0.985875 0.997161 0.999435
 0.733738 0.932743 0.985875 0.997161 0.999435
 0.733738 0.932743 0.985875 0.997161 0.999435
 0.733738 0.932743 0.985875 0.997161 0.999435
 0.733738 0.932743 0.985875 0.997161 0.999435
Sel_pelaces
 0.393922 0.765861 0.942731 0.988073 0.997607
 0.393922 0.765861 0.942731 0.988073 0.997607
 0.393922 0.765861 0.942731 0.988073 0.997607
 0.393922 0.765861 0.942731 0.988073 0.997607
 0.393922 0.765861 0.942731 0.988073 0.997607
 0.393922 0.765861 0.942731 0.988073 0.997607
 0.393922 0.765861 0.942731 0.988073 0.997607
 0.393922 0.765861 0.942731 0.988073 0.997607
 0.393922 0.765861 0.942731 0.988073 0.997607
 0.393922 0.765861 0.942731 0.988073 0.997607
 0.393922 0.765861 0.942731 0.988073 0.997607
 0.393922 0.765861 0.942731 0.988073 0.997607
 0.393922 0.765861 0.942731 0.988073 0.997607
 0.393922 0.765861 0.942731 0.988073 0.997607
 0.393922 0.765861 0.942731 0.988073 0.997607
 0.393922 0.765861 0.942731 0.988073 0.997607
 0.393922 0.765861 0.942731 0.988073 0.997607
 0.393922 0.765861 0.942731 0.988073 0.997607
 0.393922 0.765861 0.942731 0.988073 0.997607
 0.393922 0.765861 0.942731 0.988073 0.997607
 0.393922 0.765861 0.942731 0.988073 0.997607
 0.393922 0.765861 0.942731 0.988073 0.997607
 0.393922 0.765861 0.942731 0.988073 0.997607
 0.393922 0.765861 0.942731 0.988073 0.997607
 0.393922 0.765861 0.942731 0.988073 0.997607
 0.393922 0.765861 0.942731 0.988073 0.997607
 0.393922 0.765861 0.942731 0.988073 0.997607
 0.393922 0.765861 0.942731 0.988073 0.997607
 0.393922 0.765861 0.942731 0.988073 0.997607
 0.393922 0.765861 0.942731 0.988073 0.997607
 0.393922 0.765861 0.942731 0.988073 0.997607
pf_obs 
 0.8446 0.082 0.0669 0.0065 0
 0.8095 0.147 0.0364 0.0071 0
 0.9664 0.0169 0.016 0.0007 0
 0.9276 0.0648 0.0075 0.0001 0
 0.7033 0.2144 0.0806 0.0017 0
 0.9318 0.0425 0.0243 0.0014 0
 0.5671 0.3108 0.0964 0.0239 0.0018
 0.0768 0.2599 0.5324 0.112 0.0189
 0.490249 0.384438 0.106611 0.0170017 0.00170017
 0.7925 0.1577 0.0466 0.003 0.0002
 0.840416 0.127587 0.0312969 0.00059994 9.999e-05
 0.8084 0.0986 0.0794 0.0134 0.0002
 0.7335 0.1905 0.0724 0.0035 0.0001
 0.4001 0.4547 0.1325 0.0127 0
 0.49795 0.308269 0.164784 0.0264974 0.00249975
 0.9179 0.0499 0.0305 0.0017 0
 0.2467 0.6533 0.0926 0.0074 0
 0.9418 0.0223 0.034 0.0019 0
 0.707729 0.231977 0.0356964 0.0245975 0
 0.517169 0.277429 0.184464 0.0207286 0.00020938
 0.811772 0.124168 0.05621 0.00726502 0.000585176
 0.764997 0.148141 0.077277 0.00933861 0.000247198
 0.163321 0.427699 0.378323 0.0303852 0.000271297
 0.753843 0.0900009 0.118128 0.0371064 0.000921714
 0.721811 0.176058 0.0630433 0.0369309 0.00215725
 0.143369 0.312575 0.442814 0.0836902 0.0175525
 0.692698 0.0596174 0.167031 0.0765114 0.00414204
 0.394062 0.376323 0.152708 0.0712218 0.00568511
 0.125707 0.32114 0.495352 0.0537591 0.00404204
 0.23352 0.215282 0.420074 0.123614 0.00750983
 0.774587 0.0839891 0.0768558 0.0609784 0.00358967
pf_pred 
 0.285176 0.198038 0.457855 0.0589307 1.02418e-06
 0.432529 0.219415 0.0985155 0.221125 0.0284165
 0.885053 0.0664951 0.0192125 0.00828884 0.0209506
 0.618578 0.355689 0.0151455 0.00420361 0.00638314
 0.657588 0.263452 0.0738941 0.00298521 0.00208058
 0.977017 0.0180521 0.00383329 0.00102693 7.02234e-05
 0.27497 0.714628 0.00822779 0.00169123 0.000483213
 0.340897 0.271581 0.382202 0.00421021 0.00111
 0.748871 0.112873 0.0579672 0.0791885 0.00110052
 0.878428 0.104393 0.00793936 0.00387985 0.00535956
 0.922249 0.0738057 0.00342164 0.000242323 0.000280888
 0.87163 0.121945 0.00610866 0.000274247 4.18617e-05
 0.801659 0.184588 0.0130966 0.000624448 3.22275e-05
 0.804172 0.173839 0.0205307 0.00138795 6.9412e-05
 0.859785 0.127529 0.0113439 0.00125344 8.86552e-05
 0.977446 0.0210527 0.00137315 0.000114892 1.3548e-05
 0.321211 0.670548 0.0077151 0.000481016 4.4883e-05
 0.974185 0.0121795 0.0134772 0.000148115 1.00713e-05
 0.640595 0.353964 0.00261677 0.00279095 3.26935e-05
 0.750905 0.190801 0.0574494 0.000406632 0.000437755
 0.812104 0.159497 0.0219745 0.00633203 9.28423e-05
 0.861593 0.122551 0.0135424 0.00179106 0.000522519
 0.256511 0.683208 0.0536328 0.00567998 0.000968128
 0.871659 0.0478881 0.0741575 0.00560284 0.00069307
 0.687362 0.287488 0.00959041 0.0143444 0.00121555
 0.442853 0.43728 0.110541 0.00356037 0.00576562
 0.845795 0.0877372 0.0525562 0.0128316 0.00108047
 0.786091 0.193169 0.0119851 0.00692544 0.00182967
 0.330262 0.572048 0.0884932 0.00531849 0.00387846
 0.430684 0.251287 0.272902 0.0408857 0.00424173
 0.932102 0.039761 0.0127207 0.0132333 0.0021832
pobs_RECLAS
 0 0 0 0 0
 0 0 0 0 0
 0 0 0 0 0
 0 0 0 0 0
 0 0 0 0 0
 0 0 0 0 0
 0 0 0 0 0
 0 0 0 0 0
 0 0 0 0 0
 0 0 0 0 0
 0.991045 0.00858322 0.000360255 1.14367e-05 0
 0.934742 0.0480273 0.0164251 0.00080598 0
 0.827803 0.169806 0.00239088 0 0
 0.941827 0.0461693 0.0120037 0 0
 0.791401 0.0380133 0.147996 0.0225897 0
 0.846168 0.0940531 0.0597789 0 0
 0.134021 0.677848 0.182769 0.00536245 0
 0.80878 0.0450904 0.141981 0.00414843 0
 0.846168 0.0940531 0.0597789 0 0
 0.905697 0.0802665 0.012482 0.00150086 5.37128e-05
 0.989698 0.0102097 9.19794e-05 0 0
 0.975433 0.0193895 0.00387452 0.00125025 5.28907e-05
 0.303575 0.632131 0.0575291 0.00676475 0
 0.966965 0.00978017 0.0227588 0.000495775 0
 0.843318 0.132988 0.00938335 0.0141283 0.000182051
 0.564624 0.303363 0.111486 0.0197234 0.00080311
 0.826376 0.0876187 0.0782897 0.00655872 0.00115652
 0.89761 0.0855135 0.0140674 0.00269457 0.000114338
 0.34875 0.467042 0.161289 0.0227151 0.000203297
 0.318654 0.224769 0.449479 0.00709798 0
 0.937255 0.0296025 0.0250945 0.00804832 0
ppred_RECLAS
 0.313947 0.185925 0.442589 0.0575375 1.00217e-06
 0.474489 0.199001 0.0917496 0.207974 0.0267853
 0.901808 0.0560012 0.0166146 0.00723889 0.018337
 0.67267 0.30469 0.0132655 0.00371734 0.00565708
 0.702573 0.227502 0.0653934 0.00266762 0.00186331
 0.980351 0.0153311 0.0033498 0.000906374 6.21164e-05
 0.317935 0.672014 0.00793342 0.00164672 0.000471527
 0.373445 0.253726 0.367658 0.00409063 0.00108086
 0.786125 0.0945934 0.0497299 0.0685958 0.000955398
 0.908848 0.078046 0.00602304 0.00297055 0.00411235
 0.933217 0.0632962 0.00301977 0.000216002 0.00025093
 0.89468 0.0999277 0.00512429 0.000232289 3.55348e-05
 0.834119 0.154115 0.0111986 0.000539152 2.78864e-05
 0.846912 0.135631 0.0162898 0.00111155 5.57097e-05
 0.889717 0.100123 0.009076 0.00101235 7.17588e-05
 0.981585 0.0171597 0.00114741 9.69448e-05 1.14568e-05
 0.369046 0.623101 0.00734744 0.000462573 4.32568e-05
 0.978027 0.0102164 0.0116192 0.000128965 8.78844e-06
 0.685738 0.30936 0.00234584 0.00252658 2.96616e-05
 0.786186 0.162797 0.05027 0.000359309 0.000387659
 0.839275 0.13584 0.0192124 0.00559076 8.21538e-05
 0.883398 0.102919 0.0116688 0.00155845 0.000455655
 0.292898 0.648274 0.0522806 0.00559165 0.000955169
 0.88809 0.0410072 0.0653017 0.00498292 0.000617744
 0.723124 0.253894 0.00870887 0.0131556 0.00111727
 0.484517 0.40205 0.104515 0.00339981 0.00551774
 0.86612 0.0751959 0.0463033 0.0114174 0.000963507
 0.812134 0.1691 0.0107967 0.00630116 0.00166841
 0.36682 0.538455 0.0857187 0.00520329 0.00380282
 0.476774 0.227472 0.253427 0.0383413 0.0039865
 0.942657 0.0331367 0.010883 0.0114332 0.00189038
pobs_PELACES
 0 0 0 0 0
 0 0 0 0 0
 0 0 0 0 0
 0 0 0 0 0
 0 0 0 0 0
 0 0 0 0 0
 0 0 0 0 0
 0 0 0 0 0
 0 0 0 0 0
 0 0 0 0 0
 0 0 0 0 0
 0 0 0 0 0
 0 0 0 0 0
 0 0 0 0 0
 0 0 0 0 0
 0 0 0 0 0
 0.505614 0.472636 0.0217494 0 0
 0 0 0 0 0
 0.443492 0.261883 0.143347 0.151278 0
 0.227955 0.32914 0.350689 0.0885471 0.00366901
 0.970185 0.0296113 0.000203453 0 0
 0.997202 0.00247181 0.000326279 0 0
 0.445219 0.490057 0.0546422 0.010081 0
 0.90214 0.0892962 0.00764917 0.000914606 0
 0 0 0 0 0
 0.581667 0.319106 0.0959925 0.00289975 0.000334073
 0.762889 0.0836404 0.116647 0.0363945 0.000428098
 0.88444 0.0763242 0.0277011 0.0115352 0
 0.521256 0.241999 0.230069 0.00667565 0
 0.616807 0.101726 0.260614 0.0208532 0
 0.833518 0.0704572 0.0857862 0.0102388 0
ppred_PELACES
 0.21664 0.189363 0.523487 0.0705094 1.23713e-06
 0.368751 0.214286 0.114158 0.268032 0.0347733
 0.860036 0.0739666 0.0253559 0.0114428 0.0291985
 0.611009 0.357922 0.0179075 0.00519624 0.00796552
 0.630045 0.273018 0.0904282 0.00382034 0.00268801
 0.970754 0.0220007 0.00557443 0.0015626 0.000107875
 0.256163 0.731127 0.00995293 0.00213961 0.000617149
 0.269166 0.269944 0.45426 0.00523651 0.00139379
 0.717963 0.113667 0.0687655 0.0982261 0.0013781
 0.8922 0.0901628 0.00793624 0.00405139 0.00564954
 0.905034 0.0892339 0.00493798 0.000365929 0.000428221
 0.86498 0.127113 0.00750094 0.000352118 5.42599e-05
 0.789684 0.193296 0.0161718 0.000806294 4.20089e-05
 0.818498 0.158179 0.0217118 0.00153364 7.74254e-05
 0.865401 0.120538 0.0125127 0.00144493 0.00010317
 0.975108 0.0229498 0.00176914 0.000154805 1.84286e-05
 0.303533 0.686474 0.00932822 0.000608209 5.72922e-05
 0.966753 0.0142553 0.0187614 0.000215708 1.48075e-05
 0.615713 0.377262 0.0033003 0.00368148 4.35365e-05
 0.723647 0.202953 0.072283 0.000535089 0.000581537
 0.786992 0.175557 0.0286785 0.00864387 0.000127949
 0.844918 0.134353 0.0175802 0.00243185 0.000716227
 0.226263 0.699987 0.065274 0.00723152 0.00124435
 0.834482 0.0550173 0.101477 0.00802152 0.00100174
 0.643603 0.32189 0.0127861 0.0200085 0.00171173
 0.388673 0.460398 0.138621 0.00467125 0.00763685
 0.809803 0.0995646 0.0709648 0.0181264 0.0015409
 0.745112 0.22541 0.0166927 0.010093 0.00269201
 0.280076 0.597542 0.110335 0.0069387 0.00510836
 0.380362 0.247058 0.317601 0.0497664 0.00521232
 0.917307 0.0444385 0.0168569 0.0183426 0.00305501
pobs_pel_tallas
 0 0 0 0 0 0 0 0 0 0 0 0 0 0 0 0 0 0 0 0 0 0 0 0 0 0
 0 0 0 0 0 0 0 0 0 0 0 0 0 0 0 0 0 0 0 0 0 0 0 0 0 0
 0 0 0 0 0 0 0 0 0 0 0 0 0 0 0 0 0 0 0 0 0 0 0 0 0 0
 0 0 0 0 0 0 0 0 0 0 0 0 0 0 0 0 0 0 0 0 0 0 0 0 0 0
 0 0 0 0 0 0 0 0 0 0 0 0 0 0 0 0 0 0 0 0 0 0 0 0 0 0
 0 0 0 0 0 0 0 0 0 0 0 0 0 0 0 0 0 0 0 0 0 0 0 0 0 0
 0 0 0 0 0 0 0 0 0 0 0 0 0 0 0 0 0 0 0 0 0 0 0 0 0 0
 0 0 0 0 0 0 0 0 0 0 0 0 0 0 0 0 0 0 0 0 0 0 0 0 0 0
 0 0 0 0 0 0 0 0 0 0 0 0 0 0 0 0 0 0 0 0 0 0 0 0 0 0
 0 0 0 0 0 0 0 0 0 0 0 0 0 0 0 0 0 0 0 0 0 0 0 0 0 0
 0 0 0 0 0 0 0 0 0 0 0 0 0 0 0 0 0 0 0 0 0 0 0 0 0 0
 0 0 0 0 0 0 0 0 0 0 0 0 0 0 0 0 0 0 0 0 0 0 0 0 0 0
 0.00862536 0 0 0.000197151 0.00414017 0.0128641 0.00837892 0.0270097 0.101434 0.158115 0.152841 0.127902 0.109271 0.109419 0.0830992 0.0579132 0.0238553 0.00714673 0.00463305 0.00128148 0.00103504 0.000492878 0.000147863 0.000147863 4.92878e-05 0
 0 0 0 0 0 0 0 0 0 0 0 0 0 0 0 0 0 0 0 0 0 0 0 0 0 0
 0 0 0 0 0 0 0 0.0054083 0.00873648 0.0413646 0.0450493 0.0745869 0.0622846 0.0627006 0.0613931 0.0827291 0.12552 0.122667 0.0946155 0.0697135 0.0546179 0.0294188 0.0215738 0.0213955 0.0102223 0.00600262
 0 0 0 0 0.00359764 0.0251062 0.0480494 0.140153 0.205849 0.193036 0.1447 0.116669 0.0760912 0.0342217 0.00950174 0.001854 0.000860785 0 0 0 0.000165536 0 0.000143464 0 0 0
 0 0 0 0 0 0 0 0.000145254 0.000435761 0.0275982 0.070085 0.0708112 0.156366 0.174668 0.174014 0.160142 0.0824315 0.0480064 0.0283245 0.00493863 0.00203355 0 0 0 0 0
 0 0 0 0 0 0 0 0 0 0 0 0 0 0 0 0 0 0 0 0 0 0 0 0 0 0
 0 0 1.00437e-05 0.000401748 0.00122533 0.00171747 0.00176769 0.0269171 0.070346 0.194647 0.189555 0.159765 0.064822 0.0314167 0.0384472 0.0292271 0.0345202 0.0313363 0.0194345 0.0106764 0.0143323 0.0359363 0.0279516 0.0138201 0.00172751 0
 0 0.0021121 0.0136068 0.0755702 0.200478 0.177729 0.0527432 0.0373336 0.0318909 0.0142505 0.0149659 0.0166563 0.0217959 0.0798694 0.0677717 0.0528807 0.04013 0.0224614 0.0357745 0.0225083 0.00881397 0.00855152 0.00135912 0.000746735 0 0
 0 0 0 0 5.4009e-05 0.00500934 0.000945158 0.0243581 0.138947 0.33067 0.221406 0.137944 0.0707744 0.0437923 0.0131692 0.00525238 0.0047753 0.00276346 9.45158e-05 9.00151e-06 2.25038e-05 9.00151e-06 4.50075e-06 0 0 0
 0.000866109 0.00284123 0.00948549 0.0512746 0.133035 0.25785 0.225252 0.132002 0.0553304 0.0519788 0.0540692 0.017754 0.00435017 0.00159236 0.00146478 0.000404838 0.000125132 0.000115318 0.000107957 0.000100596 0 0 0 0 0 0
 0 0 0 0 0.00144013 0.00171154 0.00461396 0.0210425 0.0478622 0.0707936 0.0888783 0.103762 0.0637923 0.0337046 0.0602308 0.124433 0.169614 0.0934646 0.0462172 0.0250306 0.0313229 0.00938855 0.002487 0.000210481 0 0
 0 0.00764035 0.051015 0.0998891 0.058973 0.0496711 0.0374665 0.0718981 0.12319 0.153886 0.159021 0.0857701 0.0377988 0.023471 0.0147837 0.00900784 0.00315554 0.000888139 0.00291439 0.00214683 0.00393193 0.00274676 0.000635225 9.99891e-05 0 0
 0 0 0 0 0 0 0 0 0 0 0 0 0 0 0 0 0 0 0 0 0 0 0 0 0 0
 0 0 0 0 0 0 0 0 0 0 0 0 0 0 0 0 0 0 0 0 0 0 0 0 0 0
 0 0 0 0 0 0 0 0 0 0 0 0 0 0 0 0 0 0 0 0 0 0 0 0 0 0
 0 0 0 0 0 0 0 0 0 0 0 0 0 0 0 0 0 0 0 0 0 0 0 0 0 0
 0 0 0 0 0 0 0 0 0 0 0 0 0 0 0 0 0 0 0 0 0 0 0 0 0 0
 0 0 0 0 0 0 0 0 0 0 0 0 0 0 0 0 0 0 0 0 0 0 0 0 0 0
 0 0 0 0 0 0 0 0 0 0 0 0 0 0 0 0 0 0 0 0 0 0 0 0 0 0
ppred_pel_tallas
 1.22227e-16 1.78444e-05 0.000173454 0.00115266 0.00523985 0.0163032 0.0347364 0.0507028 0.0507218 0.0348298 0.0166191 0.00616242 0.00350649 0.00543781 0.0103848 0.0181023 0.0283174 0.0402843 0.0530983 0.0661171 0.0788809 0.0904952 0.0991513 0.102505 0.098848 0.0882113
 1.36114e-16 3.03736e-05 0.000295242 0.00196199 0.00891892 0.0277502 0.0591255 0.0862997 0.0863206 0.0592276 0.0280939 0.00991491 0.00447466 0.00582365 0.0106618 0.0179398 0.0267332 0.0356115 0.043257 0.0493851 0.0549949 0.0615565 0.0696974 0.0784153 0.0853916 0.0881187
 1.0684e-16 7.084e-05 0.00068859 0.00457593 0.0208015 0.0647212 0.137896 0.201264 0.201271 0.137931 0.0648389 0.0211417 0.00543163 0.00256241 0.00364718 0.00596538 0.0087043 0.0112077 0.0128743 0.0134724 0.0132896 0.0129302 0.0129099 0.013359 0.0140142 0.014431
 1.02478e-16 5.03281e-05 0.000489207 0.00325095 0.0147784 0.0459812 0.0979691 0.142996 0.14303 0.0981374 0.0465461 0.0164094 0.00734244 0.00941268 0.0169734 0.0279176 0.0400642 0.0500751 0.0545879 0.0520644 0.0437291 0.0327848 0.0225522 0.0149613 0.0102537 0.00764265
 1.03518e-16 5.18961e-05 0.000504448 0.00335224 0.0152388 0.0474137 0.101021 0.147448 0.147475 0.10115 0.0478471 0.0164915 0.00650032 0.00738891 0.0131622 0.0217693 0.0315656 0.0401289 0.0450005 0.0450045 0.0408859 0.0346953 0.0284594 0.0232131 0.0189613 0.015271
 1.00342e-16 7.99598e-05 0.000777237 0.00516502 0.0234794 0.0730532 0.155648 0.227173 0.227175 0.155658 0.073088 0.0235802 0.0054182 0.0013306 0.00113284 0.00175134 0.00252697 0.00320243 0.00357463 0.00355088 0.00319702 0.00268678 0.0021916 0.00179828 0.00150298 0.00125949
 1.00794e-16 2.11e-05 0.000205099 0.00136296 0.00619586 0.019278 0.0410764 0.059967 0.0600373 0.0414199 0.020431 0.00952399 0.00970952 0.0184008 0.0345049 0.0568181 0.0813956 0.101408 0.10991 0.103706 0.0853056 0.0613563 0.0388391 0.0219471 0.011409 0.00577146
 1.13939e-16 2.21709e-05 0.00021551 0.00143214 0.00651031 0.0202561 0.0431588 0.0629971 0.0630238 0.0432894 0.0206964 0.00778996 0.00467481 0.00739513 0.0139519 0.0237944 0.0360444 0.0489899 0.0607375 0.0701519 0.0771113 0.0818055 0.0838266 0.0820611 0.0755505 0.0645136
 1.12098e-16 5.91377e-05 0.000574839 0.00382001 0.0173652 0.0540297 0.115116 0.168018 0.168029 0.115171 0.0542119 0.017893 0.00515076 0.00350036 0.00567696 0.00945802 0.0140225 0.0185158 0.0221382 0.0246073 0.0263192 0.027978 0.0299755 0.0320268 0.0333219 0.0330207
 1.01615e-16 7.34894e-05 0.000714343 0.00474706 0.0215794 0.0671417 0.143053 0.208792 0.2088 0.143095 0.0672842 0.0219908 0.0057794 0.00296712 0.00434956 0.00706856 0.0101629 0.0127566 0.0140153 0.0135657 0.0117218 0.00927994 0.00704692 0.00546257 0.00453451 0.00401817
 1.00275e-16 7.45465e-05 0.000724618 0.00481534 0.0218899 0.0681075 0.145111 0.211795 0.211804 0.145153 0.0682484 0.0222965 0.00583539 0.00294929 0.00429341 0.00696354 0.00998549 0.0124754 0.0135877 0.0129331 0.0108104 0.00801289 0.00536766 0.00336306 0.00207516 0.00132929
 1.00294e-16 7.12473e-05 0.000692549 0.00460223 0.0209211 0.0650933 0.138689 0.202423 0.202435 0.138748 0.0652939 0.0215004 0.0060554 0.00386191 0.00608181 0.00991889 0.0142277 0.0177772 0.0193644 0.0184333 0.0154069 0.0114116 0.00762313 0.00473702 0.00286525 0.00176601
 1.00605e-16 6.50452e-05 0.000632263 0.00420161 0.0190999 0.059427 0.126616 0.184804 0.184823 0.126707 0.0597323 0.0199813 0.00641312 0.00545674 0.00921791 0.0151104 0.0216997 0.0271573 0.0296638 0.0283749 0.0239227 0.0179963 0.0123513 0.0080162 0.00514697 0.00338267
 1.00834e-16 6.74186e-05 0.000655333 0.00435492 0.0197968 0.0615954 0.131236 0.191546 0.191561 0.131311 0.0618455 0.0205191 0.00616776 0.00461224 0.00758063 0.0124209 0.0178741 0.0224493 0.0246707 0.0238501 0.0204863 0.015919 0.0115266 0.00809646 0.00572684 0.00413062
 1.00555e-16 7.1282e-05 0.000692886 0.00460447 0.0209313 0.065125 0.138756 0.202521 0.202533 0.138813 0.0653155 0.0214812 0.00598451 0.00370415 0.00578616 0.00944205 0.0135688 0.0170075 0.0186269 0.017903 0.015226 0.011637 0.00821246 0.00557414 0.00380527 0.00267747
 1.00076e-16 8.03183e-05 0.000780723 0.00518818 0.0235847 0.0733808 0.156346 0.228191 0.228194 0.156356 0.073417 0.0236893 0.0054507 0.00135339 0.00116668 0.00179834 0.00257495 0.00322122 0.00351666 0.00336094 0.0028296 0.00212396 0.00145331 0.000940273 0.000603236 0.000398524
 1.00516e-16 2.50017e-05 0.000243026 0.001615 0.00734157 0.0228427 0.0486713 0.071051 0.071117 0.0489938 0.0239252 0.0104664 0.00945162 0.017327 0.0324013 0.0533447 0.0764157 0.0951954 0.10316 0.0973024 0.0799778 0.0574256 0.0362043 0.0202605 0.0102922 0.00494987
 1.0057e-16 7.96301e-05 0.000774033 0.00514372 0.0233826 0.072752 0.155006 0.226236 0.226237 0.155013 0.0727751 0.0234496 0.00531309 0.00114781 0.000801312 0.00122932 0.00183401 0.00245268 0.00297273 0.00333331 0.00354002 0.00362906 0.00361357 0.0034658 0.00314974 0.00266866
 1.00569e-16 5.07155e-05 0.000492973 0.00327598 0.0148922 0.0463352 0.0987234 0.144097 0.144134 0.0989007 0.0469301 0.0166093 0.00758238 0.00988079 0.0178414 0.0293145 0.0419876 0.0523046 0.0566817 0.0534734 0.0439834 0.0316503 0.020082 0.0114394 0.00608575 0.00325129
 1.0229e-16 5.96059e-05 0.000579391 0.00385026 0.0175027 0.0544576 0.116028 0.169351 0.16937 0.116124 0.0547798 0.0184344 0.00619195 0.00570136 0.00981626 0.016209 0.0235163 0.0299254 0.0336078 0.0336819 0.0306822 0.0261048 0.0214288 0.017411 0.0140683 0.0111174
 1.01762e-16 6.48236e-05 0.000630108 0.00418729 0.0190348 0.0592245 0.126185 0.184174 0.184191 0.126267 0.0595022 0.0198372 0.00620158 0.00502839 0.00842114 0.0138276 0.0199322 0.0251056 0.0277303 0.0270575 0.0236418 0.0189472 0.0144559 0.0109764 0.00855309 0.00682391
 1.00907e-16 6.95948e-05 0.000676486 0.00449549 0.0204359 0.0635836 0.135472 0.197728 0.197741 0.135535 0.063796 0.0210493 0.00603511 0.00403694 0.00645006 0.0105486 0.015178 0.0190624 0.0209497 0.0202589 0.0174194 0.0135745 0.00989802 0.00705523 0.0051193 0.00383074
 1.02999e-16 1.86371e-05 0.00018116 0.00120387 0.00547268 0.0170279 0.0362822 0.0529691 0.0530365 0.0366115 0.0181336 0.00866548 0.00921531 0.0176604 0.0331858 0.0547565 0.0786941 0.0985695 0.107827 0.103422 0.087637 0.0665577 0.0464864 0.0310812 0.0208497 0.0144552
 1.03917e-16 6.87352e-05 0.000668131 0.00443996 0.0201834 0.0627982 0.133798 0.195284 0.195289 0.133825 0.0628883 0.0204454 0.00510471 0.00214259 0.00293721 0.0049246 0.00750016 0.0102896 0.0129304 0.015208 0.0170897 0.0185714 0.0194934 0.0195362 0.018424 0.0161595
 1.02748e-16 5.30128e-05 0.000515304 0.00342438 0.0155667 0.048434 0.103195 0.150623 0.150654 0.103346 0.0489421 0.0170335 0.00710392 0.00854051 0.0152732 0.0251114 0.036044 0.045071 0.0491828 0.0470157 0.0396904 0.0300949 0.0211986 0.0146888 0.0107111 0.00848734
 1.05879e-16 3.20146e-05 0.000311193 0.00206799 0.00940081 0.0292496 0.0623211 0.0909688 0.0910133 0.0625385 0.02998 0.0115117 0.00737176 0.0119065 0.0221036 0.0366203 0.0530475 0.0673206 0.0752782 0.0749402 0.0676002 0.0567914 0.0460276 0.0371351 0.0301522 0.0243098
 1.04153e-16 6.67024e-05 0.000648372 0.00430866 0.0195865 0.060941 0.129842 0.18951 0.189519 0.129889 0.0611004 0.0200481 0.00547182 0.00320264 0.00496202 0.00821367 0.0120973 0.0157827 0.0184582 0.0197342 0.019822 0.0192805 0.0185553 0.0177076 0.0165097 0.0147424
 1.02008e-16 6.13739e-05 0.000596577 0.00396446 0.0180219 0.0560729 0.11947 0.174374 0.174396 0.119576 0.0564289 0.0190498 0.00654362 0.00622343 0.0107377 0.0176286 0.0253289 0.031729 0.0347263 0.0333616 0.0283987 0.0218235 0.0156743 0.0111045 0.00821555 0.00649182
 1.04898e-16 2.30696e-05 0.000224245 0.00149019 0.00677422 0.0210774 0.0449098 0.0655592 0.0656169 0.0451914 0.0220231 0.00950598 0.00834888 0.015202 0.0284834 0.04709 0.0679168 0.0855739 0.0945527 0.0922691 0.0805551 0.0643377 0.0486346 0.0362325 0.0273891 0.0210187
 1.15102e-16 3.133e-05 0.000304539 0.00202377 0.00919977 0.028624 0.0609874 0.0890179 0.0890422 0.0611062 0.0290241 0.0103612 0.00496096 0.00678873 0.0125579 0.0212643 0.0319192 0.0428329 0.0522184 0.0591334 0.0637806 0.0668378 0.0684645 0.067955 0.0643262 0.0572378
 1.02855e-16 7.55574e-05 0.000734445 0.00488064 0.0221867 0.0690311 0.147078 0.214666 0.21467 0.147099 0.0691018 0.0223914 0.0053956 0.00186268 0.00223055 0.00360107 0.00526047 0.00679086 0.0078285 0.0082254 0.00813336 0.0078814 0.00773992 0.00775909 0.00778359 0.00759285
pSPR Fmed_Fpbrs
0.259289   0.6 0.325
Fs Fmed_Fpbrs
0.956151   0.306764 0.763287
SSBpbr Bo_Bmed_Bpbrs
1.29483e+06  270993  712156 356078
Ro
78367.9
SPR SPRFo_SPRFmed_SPRFpbrs
560168 145245 182055
Fref
0.306764
Nvult_r0
 96190.9 3311.07 1045.97 1087.38 179.388
CTP_r0
 38444.4 1639.94 524.664 545.805 90.0458
YTP_r0
391105
Np
 95891 22424.1 529.567 162.498 191.315
Nvult_p0
 67085 16304.8 386.154 118.509 139.527
CTP_p0
 11303.1 3749.95 90.5512 27.8186 32.7539
YTP_p0
 149500
CBA_c0
318624
log_Ro
11.0892
likeval ReclasPelacesDesembMPH_pf_preclas_ppelaces_ptallas_desvR_qrecl_qpela
 13.4469 16.5417 0.0992032 0.000855363 267.947 116.864 107.428 0 38.3837 0.000100797 0.000242436 0.0166615 8.24752e-16 0 0
q_reclas_q_pelaces
4.14823 9.16319
M
1
N
 52846.2 25982.3 58768.1 7555.25 0.131297
 40419.9 15487.6 6836.66 15331.5 1970.15
 139317 7909.39 2246.83 968.477 2447.77
 59172 27183.5 1142.59 316.907 481.202
 23893.9 7451.23 2059.25 83.1253 57.9328
 280460 3743.43 778.887 208.436 14.2524
 36420.1 73131.2 829.173 170.299 48.6552
 10716.8 6043.99 8321.46 91.5594 24.1378
 26431.6 3142.63 1591.73 2172.86 30.1961
 36979.8 3715.76 280.01 136.771 188.928
 44211.6 2547.52 115.694 8.18458 9.48659
 106531 11756.9 580.845 26.0578 3.97737
 82893.2 14976.5 1047.58 49.9112 2.5758
 67502.3 12177.1 1423.78 96.2021 4.81097
 44759 5459.8 480.348 53.0451 3.75175
 255202 4257.4 273.509 22.8662 2.69625
 25592.4 41553.4 471.049 29.3455 2.73808
 434799 4034.11 4382.93 48.1218 3.27194
 225579 95831 697.424 743.228 8.70588
 198401 38851.1 11517.7 81.4566 87.6873
 225175 33565.9 4548.22 1309.43 19.1984
 391132 42591.8 4631.84 612.068 178.555
 34837.6 69516.3 5361.92 567.325 96.6932
 178860 7209.53 10952.4 826.646 102.25
 137874 42410.4 1388.17 2074.2 175.759
 44436.9 32200.2 7985.58 256.942 416.066
 137100 10520.9 6186.41 1508.92 127.051
 174229 30844.4 1874.79 1082.14 285.88
 37016.4 46172.9 6997.15 420.072 306.316
 21964.7 9832.97 10510.9 1573.41 163.228
 118615 3840.64 1208.47 1256.05 207.211
pred_Ctot
 6920.04 4805.56 11110.2 1430 0.0248525
 12581 6382.12 2865.52 6431.86 826.553
 43514.4 3269.29 944.601 407.528 1030.05
 26759.8 15387.2 655.199 181.849 276.136
 9279.59 3717.72 1042.76 42.126 29.3602
 53086.4 980.864 208.283 55.7983 3.8156
 13463.4 34990.4 402.859 82.808 23.6596
 1400.01 1115.34 1569.65 17.2907 4.55862
 11137.8 1678.73 862.131 1177.75 16.3678
 21561.7 2562.4 194.877 95.2336 131.554
 7952.16 636.395 29.5033 2.08945 2.42197
 44889.6 6280.24 314.6 14.1239 2.15591
 33846.4 7793.39 552.946 26.3645 1.36066
 37371.1 8078.57 954.093 64.5001 3.22568
 23286.2 3453.97 307.234 33.9477 2.40111
 95940.7 2066.42 134.781 11.2771 1.32979
 9889.44 20644.8 237.533 14.8095 1.38186
 114827 1435.6 1588.55 17.4583 1.1871
 80568.2 44518.4 329.114 351.021 4.1119
 72063 18310.8 5513.31 39.0238 42.0106
 72938.1 14325 1973.62 568.703 8.33852
 135440 19264.7 2128.83 281.55 82.1384
 10089.7 26873.5 2109.61 223.418 38.0807
 41641.1 2287.72 3542.68 267.66 33.1096
 33014.3 13808.2 460.632 688.969 58.3835
 10374.8 10244.2 2589.67 83.4093 135.072
 35027.2 3633.49 2176.53 531.4 44.7461
 31626.7 7771.74 482.196 278.631 73.613
 6677.25 11565.7 1789.16 107.529 78.4149
 7730.65 4510.52 4898.5 733.885 76.1378
 38444.4 1639.94 524.664 545.805 90.0458
F
 0.227345 0.335115 0.34369 0.344153 0.344177
 0.631272 0.93052 0.95433 0.955616 0.955684
 0.634143 0.934751 0.958669 0.959962 0.96003
 1.07207 1.58027 1.62071 1.62289 1.62301
 0.85362 1.25827 1.29047 1.29221 1.2923
 0.344176 0.507328 0.52031 0.521011 0.521048
 0.796056 1.17342 1.20344 1.20506 1.20515
 0.226753 0.334243 0.342796 0.343258 0.343282
 0.961975 1.41799 1.45427 1.45623 1.45634
 1.67525 2.46939 2.53257 2.53599 2.53617
 0.324545 0.478392 0.490633 0.491294 0.491329
 0.961953 1.41796 1.45424 1.4562 1.4563
 0.918 1.35317 1.38779 1.38966 1.38976
 1.51475 2.2328 2.28993 2.29302 2.29318
 1.35263 1.99383 2.04485 2.04761 2.04775
 0.815076 1.20145 1.2322 1.23386 1.23394
 0.847509 1.24926 1.28123 1.28295 1.28305
 0.512298 0.755147 0.77447 0.775514 0.775569
 0.758935 1.1187 1.14732 1.14887 1.14895
 0.776778 1.145 1.1743 1.17588 1.17596
 0.665218 0.980557 1.00565 1.007 1.00707
 0.727484 1.07234 1.09978 1.10126 1.10134
 0.575293 0.848003 0.869702 0.870875 0.870937
 0.439211 0.647414 0.66398 0.664876 0.664923
 0.454369 0.669757 0.686895 0.687821 0.68787
 0.440706 0.649618 0.66624 0.667139 0.667186
 0.491757 0.724869 0.743417 0.74442 0.744472
 0.327978 0.483452 0.495822 0.496491 0.496526
 0.325621 0.479978 0.492259 0.492923 0.492958
 0.743799 1.09639 1.12444 1.12596 1.12604
 0.665745 0.981334 1.00644 1.0078 1.00787
nmprior
 8.19 8.8 8.5 0
nm_flota  nm_reclas  nm_pelaces    nm_pelaL
inf 22.2222 7.59135 13.9449
cv_recla  cv_pelaces  cv_mph
0.331693 0.461172 0.902569
 ------------------------------------------------
Talla a la edad & desviaci?n 
 8 13.2811 15.8009 17.003 17.5766
 0.8 1.32811 1.58009 1.7003 1.75766
