years
 1991 1992 1993 1994 1995 1996 1997 1998 1999 2000 2001 2002 2003 2004 2005 2006 2007 2008 2009 2010 2011 2012 2013 2014 2015 2016 2017 2018 2019 2020 2021
reclasobs
 0 0 0 0 0 0 0 0 0 252601 567819 844713 477998 351125 339783 2.1784e+06 2.13404e+06 4.81314e+06 1.55562e+06 2.62356e+06 3.21686e+06 3.843e+06 1.13348e+06 3.07943e+06 1.97215e+06 2.03268e+06 2.025e+06 2.42433e+06 2.27542e+06 1.05018e+06 2.36338e+06
reclaspred
 5.43296e+06 1.16103e+06 1.37508e+06 902395 44405.1 3.30402e+06 1.22318e+06 260322 1.05966e+06 224063 305334 1.21552e+06 563155 826958 374259 1.96494e+06 719500 5.81657e+06 5.15123e+06 1.40585e+06 3.17483e+06 3.31727e+06 1.45409e+06 3.66129e+06 2.55088e+06 1.26346e+06 2.16927e+06 4.00639e+06 2.83394e+06 568353 1.38592e+06
pelacesobs
 0 0 0 0 0 0 0 0 0 0 0 0 0 0 0 552880 188675 0 991730 2.46772e+06 1.41603e+06 1.21717e+06 2.29649e+06 1.80582e+06 0 1.4828e+06 1.56532e+06 1.57751e+06 1.42118e+06 867257 1.10002e+06
pelacespred
 6.07395e+06 1.10611e+06 585104 418294 12662.9 1.68412e+06 733675 234333 509888 96376.3 143533 515217 260013 383678 147021 770679 361716 3.05443e+06 3.30091e+06 929658 1.53924e+06 1.56366e+06 937972 2.16682e+06 1.6789e+06 896636 1.33784e+06 2.57616e+06 2.24742e+06 472988 658953
mphobs
 0 0 0 0 0 0 0 0 0 0 0 498337 0 5186 125008 0 168611 109162 213762 579715 649985 157893 87575 83554 0 0 0 0 0 0 0
mphpred
 1.48437e+06 523956 57571.6 227640 41104.5 1010.52 447934 86213.8 18997.6 107925 7696.19 38787.6 131240 30681.8 43265.3 23378.2 235295 50078.6 808402 517072 120342 325034 411670 135510 461371 323727 106401 241333 675350 257496 28164.5
desembarqueobs
 494567 514787 250237 358949 120608 361735 552515 73892 212993 205616 52469 317467 293654 387597 252695 516296 358380 742168 942051 627588 828172 859565 418607 520667 417249 300574 415391 372974 316634 284311 391294
desembarquepred
 494446 513901 250999 357547 120307 361400 551623 73845.1 212726 205294 52426 316953 293016 386478 252069 515364 357991 741121 939883 625119 826835 857743 418000 520049 416523 300036 414662 372489 316152 283415 390742
Reclutas
 1308.5 773.706 251671 3715.73 1068.37 294386 1077.17 306.678 61668 1427.58 31730.6 154734 32936.5 89052.2 34950.7 269005 2730.27 569060 293548 23650.8 277749 391528 3005.3 200143 131034 10470.3 142134 215665 8608 2520.52 112137
log_desv_Rt
 -2.99393 -3.51937 2.26532 -1.95023 -3.19667 2.42208 -3.18847 -4.44476 0.858958 -2.90682 0.194476 1.7789 0.231775 1.22642 0.291131 2.33192 -2.25841 3.08118 2.41923 -0.0994095 2.36391 2.70725 -2.16243 2.03622 1.61265 -0.914266 1.69396 2.11092 -1.11011 -2.33834 1.45692
SSB
 1.60215e+06 565529 62139.7 245702 44365.9 1090.7 483476 93054.5 20505 116489 8306.85 41865.2 141653 33116.2 46698.2 25233.2 253965 54052.1 872545 558099 129891 350824 444334 146262 497978 349413 114843 260481 728936 277927 30399.2
BT
 1.98634e+06 831233 493100 365933 106694 1.29678e+06 713967 130330 474852 206980 123068 544451 357058 623639 328662 847008 393191 2.40789e+06 2.26337e+06 895049 1.56254e+06 1.49786e+06 625454 1.64297e+06 1.02663e+06 534623 1.14719e+06 1.67393e+06 939464 431288 745158
Ftot
 0.336525 1.39165 1.34624 1.39996 4.36801 0.929046 1.5356 0.972884 1.55605 2.60208 1.32412 1.87549 2.15902 3.14849 3.69717 2.03452 1.68598 1.03814 0.947422 1.5732 1.78337 1.56936 1.05724 1.02351 0.81981 0.926097 1.34458 0.655705 0.443346 1.57839 2.11917
BD_Bspro_t
 0.948033 0.574412 0.145709 0.389254 0.079561 0.00328615 0.475629 0.135891 0.0504424 0.236253 0.0335564 0.218563 0.289601 0.0813941 0.100314 0.0615658 0.271672 0.0772849 0.480463 0.331617 0.0970818 0.219264 0.278318 0.131206 0.361365 0.337765 0.185352 0.362573 0.580673 0.34304 0.0751922
BD_Bspro
 8.58032 3.0287 0.33279 1.31586 0.237602 0.00584126 2.58926 0.498354 0.109815 0.623857 0.0444874 0.22421 0.758625 0.177354 0.250093 0.135137 1.36011 0.289476 4.67292 2.98891 0.695631 1.87884 2.37964 0.783309 2.66693 1.87129 0.615044 1.39501 3.90382 1.48844 0.162803
BD_Bo
 1.15599 0.408045 0.0448355 0.177281 0.0320112 0.000786971 0.348841 0.0671414 0.0147949 0.0840498 0.00599362 0.0302069 0.102207 0.0238943 0.033694 0.0182064 0.183243 0.039 0.629565 0.402684 0.0937196 0.253129 0.3206 0.105532 0.359305 0.252111 0.0828625 0.187944 0.525947 0.200532 0.0219338
BD_Brms
 2.10181 0.7419 0.081519 0.322329 0.0582022 0.00143086 0.634257 0.122075 0.0268998 0.152818 0.0108975 0.0549216 0.18583 0.0434441 0.0612619 0.0331026 0.333169 0.0709092 1.14466 0.732153 0.170399 0.460235 0.582908 0.191877 0.653282 0.458384 0.150659 0.341717 0.956267 0.364604 0.0398797
Sel_flota
 0.375169 0.919408 0.995408 0.999757 0.999987
 0.375169 0.919408 0.995408 0.999757 0.999987
 0.375169 0.919408 0.995408 0.999757 0.999987
 0.375169 0.919408 0.995408 0.999757 0.999987
 0.375169 0.919408 0.995408 0.999757 0.999987
 0.375169 0.919408 0.995408 0.999757 0.999987
 0.375169 0.919408 0.995408 0.999757 0.999987
 0.375169 0.919408 0.995408 0.999757 0.999987
 0.375169 0.919408 0.995408 0.999757 0.999987
 0.375169 0.919408 0.995408 0.999757 0.999987
 0.375169 0.919408 0.995408 0.999757 0.999987
 0.375169 0.919408 0.995408 0.999757 0.999987
 0.375169 0.919408 0.995408 0.999757 0.999987
 0.375169 0.919408 0.995408 0.999757 0.999987
 0.375169 0.919408 0.995408 0.999757 0.999987
 0.375169 0.919408 0.995408 0.999757 0.999987
 0.375169 0.919408 0.995408 0.999757 0.999987
 0.375169 0.919408 0.995408 0.999757 0.999987
 0.375169 0.919408 0.995408 0.999757 0.999987
 0.375169 0.919408 0.995408 0.999757 0.999987
 0.375169 0.919408 0.995408 0.999757 0.999987
 0.375169 0.919408 0.995408 0.999757 0.999987
 0.375169 0.919408 0.995408 0.999757 0.999987
 0.375169 0.919408 0.995408 0.999757 0.999987
 0.375169 0.919408 0.995408 0.999757 0.999987
 0.375169 0.919408 0.995408 0.999757 0.999987
 0.375169 0.919408 0.995408 0.999757 0.999987
 0.375169 0.919408 0.995408 0.999757 0.999987
 0.375169 0.919408 0.995408 0.999757 0.999987
 0.375169 0.919408 0.995408 0.999757 0.999987
 0.375169 0.919408 0.995408 0.999757 0.999987
Sel_reclas
 0.874666 1 1 1 1
 0.874666 1 1 1 1
 0.874666 1 1 1 1
 0.874666 1 1 1 1
 0.874666 1 1 1 1
 0.874666 1 1 1 1
 0.874666 1 1 1 1
 0.874666 1 1 1 1
 0.874666 1 1 1 1
 0.874666 1 1 1 1
 0.874666 1 1 1 1
 0.874666 1 1 1 1
 0.874666 1 1 1 1
 0.874666 1 1 1 1
 0.874666 1 1 1 1
 0.874666 1 1 1 1
 0.874666 1 1 1 1
 0.874666 1 1 1 1
 0.874666 1 1 1 1
 0.874666 1 1 1 1
 0.874666 1 1 1 1
 0.874666 1 1 1 1
 0.874666 1 1 1 1
 0.874666 1 1 1 1
 0.874666 1 1 1 1
 0.874666 1 1 1 1
 0.874666 1 1 1 1
 0.874666 1 1 1 1
 0.874666 1 1 1 1
 0.874666 1 1 1 1
 0.874666 1 1 1 1
Sel_pelaces
 0.404434 0.77363 0.945053 0.988579 0.99771
 0.404434 0.77363 0.945053 0.988579 0.99771
 0.404434 0.77363 0.945053 0.988579 0.99771
 0.404434 0.77363 0.945053 0.988579 0.99771
 0.404434 0.77363 0.945053 0.988579 0.99771
 0.404434 0.77363 0.945053 0.988579 0.99771
 0.404434 0.77363 0.945053 0.988579 0.99771
 0.404434 0.77363 0.945053 0.988579 0.99771
 0.404434 0.77363 0.945053 0.988579 0.99771
 0.404434 0.77363 0.945053 0.988579 0.99771
 0.404434 0.77363 0.945053 0.988579 0.99771
 0.404434 0.77363 0.945053 0.988579 0.99771
 0.404434 0.77363 0.945053 0.988579 0.99771
 0.404434 0.77363 0.945053 0.988579 0.99771
 0.404434 0.77363 0.945053 0.988579 0.99771
 0.404434 0.77363 0.945053 0.988579 0.99771
 0.404434 0.77363 0.945053 0.988579 0.99771
 0.404434 0.77363 0.945053 0.988579 0.99771
 0.404434 0.77363 0.945053 0.988579 0.99771
 0.404434 0.77363 0.945053 0.988579 0.99771
 0.404434 0.77363 0.945053 0.988579 0.99771
 0.404434 0.77363 0.945053 0.988579 0.99771
 0.404434 0.77363 0.945053 0.988579 0.99771
 0.404434 0.77363 0.945053 0.988579 0.99771
 0.404434 0.77363 0.945053 0.988579 0.99771
 0.404434 0.77363 0.945053 0.988579 0.99771
 0.404434 0.77363 0.945053 0.988579 0.99771
 0.404434 0.77363 0.945053 0.988579 0.99771
 0.404434 0.77363 0.945053 0.988579 0.99771
 0.404434 0.77363 0.945053 0.988579 0.99771
 0.404434 0.77363 0.945053 0.988579 0.99771
pf_obs 
 0.8446 0.082 0.0669 0.0065 0
 0.8095 0.147 0.0364 0.0071 0
 0.9664 0.0169 0.016 0.0007 0
 0.9276 0.0648 0.0075 0.0001 0
 0.7033 0.2144 0.0806 0.0017 0
 0.9318 0.0425 0.0243 0.0014 0
 0.5671 0.3108 0.0964 0.0239 0.0018
 0.0768 0.2599 0.5324 0.112 0.0189
 0.490249 0.384438 0.106611 0.0170017 0.00170017
 0.7925 0.1577 0.0466 0.003 0.0002
 0.840416 0.127587 0.0312969 0.00059994 9.999e-05
 0.8084 0.0986 0.0794 0.0134 0.0002
 0.7335 0.1905 0.0724 0.0035 0.0001
 0.4001 0.4547 0.1325 0.0127 0
 0.49795 0.308269 0.164784 0.0264974 0.00249975
 0.9179 0.0499 0.0305 0.0017 0
 0.2467 0.6533 0.0926 0.0074 0
 0.9418 0.0223 0.034 0.0019 0
 0.707729 0.231977 0.0356964 0.0245975 0
 0.517169 0.277429 0.184464 0.0207286 0.00020938
 0.811772 0.124168 0.05621 0.00726502 0.000585176
 0.764997 0.148141 0.077277 0.00933861 0.000247198
 0.163321 0.427699 0.378323 0.0303852 0.000271297
 0.753843 0.0900009 0.118128 0.0371064 0.000921714
 0.721811 0.176058 0.0630433 0.0369309 0.00215725
 0.143369 0.312575 0.442814 0.0836902 0.0175525
 0.692698 0.0596174 0.167031 0.0765114 0.00414204
 0.394062 0.376323 0.152708 0.0712218 0.00568511
 0.125707 0.32114 0.495352 0.0537591 0.00404204
 0.23352 0.215282 0.420074 0.123614 0.00750983
 0.774587 0.0839891 0.0768558 0.0609784 0.00358967
pf_pred 
 0.00568497 0.141483 0.732369 0.120462 5.87821e-07
 0.0152145 0.0156771 0.149296 0.704523 0.11529
 0.98068 0.0012453 0.000335358 0.00275233 0.0149868
 0.0340771 0.961564 0.000324454 7.54945e-05 0.00395925
 0.10499 0.109573 0.782411 0.000227051 0.00279844
 0.999237 0.000526097 3.90204e-05 0.000197085 7.46476e-07
 0.00760829 0.992166 0.000161981 1.06243e-05 5.34959e-05
 0.0200136 0.0292846 0.950517 0.000132666 5.20337e-05
 0.967948 0.0022525 0.00100538 0.0287885 5.55437e-06
 0.0653878 0.928273 0.000520342 0.000198039 0.00562122
 0.962766 0.0114014 0.0256939 1.15095e-05 0.000127007
 0.924975 0.0743319 0.000234123 0.000456262 2.43876e-06
 0.405277 0.584641 0.0100044 2.6361e-05 5.11296e-05
 0.895325 0.0821378 0.022222 0.000312348 2.39165e-06
 0.703393 0.29266 0.0032589 0.000678182 9.46316e-06
 0.979155 0.0200382 0.000798589 6.59017e-06 1.36702e-06
 0.0317441 0.964162 0.00396168 0.000130829 1.28968e-06
 0.98503 0.00183971 0.0130836 4.55441e-05 1.50471e-06
 0.50462 0.49336 0.00027758 0.00173646 6.19957e-06
 0.116074 0.678884 0.204308 0.000101548 0.00063312
 0.921244 0.028357 0.0400819 0.0102809 3.66227e-05
 0.800887 0.195764 0.00134339 0.00159828 0.000407436
 0.0175382 0.926154 0.0555021 0.000324923 0.000480753
 0.884434 0.00656166 0.103477 0.00544846 7.85011e-05
 0.549285 0.435388 0.000981167 0.0136236 0.000722496
 0.102974 0.7081 0.18322 0.000367516 0.00533871
 0.883246 0.0320124 0.0685625 0.0156937 0.000485262
 0.755994 0.236401 0.00231423 0.00428674 0.00100333
 0.0530167 0.851104 0.0931973 0.000819604 0.00186226
 0.0641458 0.124625 0.736054 0.0730839 0.00209126
 0.969547 0.0075184 0.00350667 0.017642 0.00178561
pobs_RECLAS
 0 0 0 0 0
 0 0 0 0 0
 0 0 0 0 0
 0 0 0 0 0
 0 0 0 0 0
 0 0 0 0 0
 0 0 0 0 0
 0 0 0 0 0
 0 0 0 0 0
 0 0 0 0 0
 0.991045 0.00858322 0.000360255 1.14367e-05 0
 0.934742 0.0480273 0.0164251 0.00080598 0
 0.827803 0.169806 0.00239088 0 0
 0.941827 0.0461693 0.0120037 0 0
 0.791401 0.0380133 0.147996 0.0225897 0
 0.846168 0.0940531 0.0597789 0 0
 0.134021 0.677848 0.182769 0.00536245 0
 0.80878 0.0450904 0.141981 0.00414843 0
 0.846168 0.0940531 0.0597789 0 0
 0.905697 0.0802665 0.012482 0.00150086 5.37128e-05
 0.989698 0.0102097 9.19794e-05 0 0
 0.975433 0.0193895 0.00387452 0.00125025 5.28907e-05
 0.303575 0.632131 0.0575291 0.00676475 0
 0.966965 0.00978017 0.0227588 0.000495775 0
 0.843318 0.132988 0.00938335 0.0141283 0.000182051
 0.564624 0.303363 0.111486 0.0197234 0.00080311
 0.826376 0.0876187 0.0782897 0.00655872 0.00115652
 0.89761 0.0855135 0.0140674 0.00269457 0.000114338
 0.34875 0.467042 0.161289 0.0227151 0.000203297
 0.318654 0.224769 0.449479 0.00709798 0
 0.937255 0.0296025 0.0250945 0.00804832 0
ppred_RECLAS
 0.0132156 0.150682 0.718461 0.117642 5.73921e-07
 0.0394156 0.0169213 0.146054 0.685469 0.11214
 0.99256 0.000527858 0.000128956 0.00105265 0.00573019
 0.0781671 0.918081 0.000280724 6.49629e-05 0.00340594
 0.352555 0.0929178 0.552414 0.000158648 0.00195429
 0.999676 0.000230163 1.56029e-05 7.84168e-05 2.96932e-07
 0.0183743 0.981424 0.00014479 9.44335e-06 4.75353e-05
 0.0487057 0.0310363 0.92008 0.000127775 5.01023e-05
 0.987898 0.000939265 0.000378674 0.0107819 2.0796e-06
 0.166063 0.828989 0.000408912 0.000154515 0.00438414
 0.985032 0.00489762 0.010017 4.46297e-06 4.92348e-05
 0.969212 0.0305341 8.62436e-05 0.000167053 8.92626e-07
 0.644479 0.350144 0.00533556 1.39679e-05 2.70827e-05
 0.964917 0.0283478 0.0066418 9.26008e-05 7.0874e-07
 0.891552 0.107219 0.00101634 0.000209582 2.92304e-06
 0.991936 0.00778411 0.00027712 2.27248e-06 4.71231e-07
 0.0754399 0.921038 0.00340864 0.000111911 1.10286e-06
 0.993966 0.000803325 0.00521228 1.80521e-05 5.96255e-07
 0.700087 0.2988 0.00015361 0.000956157 3.41281e-06
 0.247841 0.590993 0.160592 7.93674e-05 0.000494681
 0.969267 0.0118417 0.0150423 0.00383537 1.36581e-05
 0.908068 0.0905386 0.000561034 0.000663704 0.000169141
 0.0398837 0.909678 0.04972 0.000289593 0.000428364
 0.950622 0.00305634 0.0439845 0.00230424 3.31906e-05
 0.734584 0.257165 0.000530591 0.00733151 0.000388709
 0.21091 0.634401 0.15004 0.000299469 0.0043491
 0.950928 0.0144371 0.0280513 0.00638621 0.00019741
 0.874013 0.122386 0.00109946 0.00202696 0.0004743
 0.110375 0.806085 0.0812135 0.000710948 0.00161499
 0.155249 0.122896 0.655307 0.0646971 0.00185072
 0.989236 0.00290594 0.00120817 0.00603931 0.000611051
pobs_PELACES
 0 0 0 0 0
 0 0 0 0 0
 0 0 0 0 0
 0 0 0 0 0
 0 0 0 0 0
 0 0 0 0 0
 0 0 0 0 0
 0 0 0 0 0
 0 0 0 0 0
 0 0 0 0 0
 0 0 0 0 0
 0 0 0 0 0
 0 0 0 0 0
 0 0 0 0 0
 0 0 0 0 0
 0 0 0 0 0
 0.505614 0.472636 0.0217494 0 0
 0 0 0 0 0
 0.443492 0.261883 0.143347 0.151278 0
 0.227955 0.32914 0.350689 0.0885471 0.00366901
 0.970185 0.0296113 0.000203453 0 0
 0.997202 0.00247181 0.000326279 0 0
 0.445219 0.490057 0.0546422 0.010081 0
 0.90214 0.0892962 0.00764917 0.000914606 0
 0 0 0 0 0
 0.581667 0.319106 0.0959925 0.00289975 0.000334073
 0.762889 0.0836404 0.116647 0.0363945 0.000428098
 0.88444 0.0763242 0.0277011 0.0115352 0
 0.521256 0.241999 0.230069 0.00667565 0
 0.616807 0.101726 0.260614 0.0208532 0
 0.833518 0.0704572 0.0857862 0.0102388 0
ppred_PELACES
 0.00712087 0.127875 0.738562 0.126442 6.22534e-07
 0.0251428 0.0140656 0.14322 0.701724 0.115847
 0.988088 0.000690362 0.000199187 0.00169754 0.0093251
 0.0611262 0.934149 0.000336891 8.13875e-05 0.00430602
 0.397408 0.0799716 0.520534 0.0001554 0.00193132
 0.999509 0.000325856 2.63633e-05 0.000138414 5.28919e-07
 0.0145258 0.985233 0.000170851 1.16306e-05 5.90794e-05
 0.0298151 0.0266913 0.943303 0.000136843 5.41493e-05
 0.981636 0.00118082 0.000559287 0.0166207 3.23502e-06
 0.159451 0.834581 0.00047112 0.000185526 0.0053116
 0.977997 0.00641386 0.0155014 7.21091e-06 8.02762e-05
 0.96338 0.0362581 0.000119355 0.000241188 1.30047e-06
 0.614329 0.378935 0.00668197 1.82417e-05 3.56901e-05
 0.965794 0.0269688 0.00713277 0.000103557 7.99726e-07
 0.90505 0.0937452 0.000989396 0.000212293 2.98736e-06
 0.990598 0.00902526 0.000372976 3.19007e-06 6.67513e-07
 0.0618889 0.933924 0.00404738 0.000138666 1.37897e-06
 0.990275 0.00111129 0.00858185 3.10448e-05 1.03479e-06
 0.622998 0.37527 0.000230137 0.00149645 5.39021e-06
 0.201166 0.605039 0.193069 9.95876e-05 0.000626368
 0.959015 0.0142306 0.0211164 0.0056177 2.01871e-05
 0.886382 0.111546 0.000811783 0.00100231 0.000257762
 0.0288645 0.911003 0.0592339 0.00036035 0.000537906
 0.921296 0.0041237 0.0706579 0.0038664 5.62021e-05
 0.655406 0.331333 0.000818098 0.0118109 0.000631947
 0.153759 0.655241 0.184961 0.000385659 0.00565214
 0.928539 0.0185261 0.0425142 0.0101051 0.000315222
 0.822465 0.171282 0.00184903 0.0035625 0.000841267
 0.0730003 0.82372 0.100258 0.000917508 0.00210338
 0.112296 0.112017 0.701334 0.0722664 0.00208609
 0.98593 0.00331182 0.00159496 0.00831464 0.000848899
pobs_pel_tallas
 0 0 0 0 0 0 0 0 0 0 0 0 0 0 0 0 0 0 0 0 0 0 0 0 0 0
 0 0 0 0 0 0 0 0 0 0 0 0 0 0 0 0 0 0 0 0 0 0 0 0 0 0
 0 0 0 0 0 0 0 0 0 0 0 0 0 0 0 0 0 0 0 0 0 0 0 0 0 0
 0 0 0 0 0 0 0 0 0 0 0 0 0 0 0 0 0 0 0 0 0 0 0 0 0 0
 0 0 0 0 0 0 0 0 0 0 0 0 0 0 0 0 0 0 0 0 0 0 0 0 0 0
 0 0 0 0 0 0 0 0 0 0 0 0 0 0 0 0 0 0 0 0 0 0 0 0 0 0
 0 0 0 0 0 0 0 0 0 0 0 0 0 0 0 0 0 0 0 0 0 0 0 0 0 0
 0 0 0 0 0 0 0 0 0 0 0 0 0 0 0 0 0 0 0 0 0 0 0 0 0 0
 0 0 0 0 0 0 0 0 0 0 0 0 0 0 0 0 0 0 0 0 0 0 0 0 0 0
 0 0 0 0 0 0 0 0 0 0 0 0 0 0 0 0 0 0 0 0 0 0 0 0 0 0
 0 0 0 0 0 0 0 0 0 0 0 0 0 0 0 0 0 0 0 0 0 0 0 0 0 0
 0 0 0 0 0 0 0 0 0 0 0 0 0 0 0 0 0 0 0 0 0 0 0 0 0 0
 0.00862536 0 0 0.000197151 0.00414017 0.0128641 0.00837892 0.0270097 0.101434 0.158115 0.152841 0.127902 0.109271 0.109419 0.0830992 0.0579132 0.0238553 0.00714673 0.00463305 0.00128148 0.00103504 0.000492878 0.000147863 0.000147863 4.92878e-05 0
 0 0 0 0 0 0 0 0 0 0 0 0 0 0 0 0 0 0 0 0 0 0 0 0 0 0
 0 0 0 0 0 0 0 0.0054083 0.00873648 0.0413646 0.0450493 0.0745869 0.0622846 0.0627006 0.0613931 0.0827291 0.12552 0.122667 0.0946155 0.0697135 0.0546179 0.0294188 0.0215738 0.0213955 0.0102223 0.00600262
 0 0 0 0 0.00359764 0.0251062 0.0480494 0.140153 0.205849 0.193036 0.1447 0.116669 0.0760912 0.0342217 0.00950174 0.001854 0.000860785 0 0 0 0.000165536 0 0.000143464 0 0 0
 0 0 0 0 0 0 0 0.000145254 0.000435761 0.0275982 0.070085 0.0708112 0.156366 0.174668 0.174014 0.160142 0.0824315 0.0480064 0.0283245 0.00493863 0.00203355 0 0 0 0 0
 0 0 0 0 0 0 0 0 0 0 0 0 0 0 0 0 0 0 0 0 0 0 0 0 0 0
 0 0 1.00437e-05 0.000401748 0.00122533 0.00171747 0.00176769 0.0269171 0.070346 0.194647 0.189555 0.159765 0.064822 0.0314167 0.0384472 0.0292271 0.0345202 0.0313363 0.0194345 0.0106764 0.0143323 0.0359363 0.0279516 0.0138201 0.00172751 0
 0 0.0021121 0.0136068 0.0755702 0.200478 0.177729 0.0527432 0.0373336 0.0318909 0.0142505 0.0149659 0.0166563 0.0217959 0.0798694 0.0677717 0.0528807 0.04013 0.0224614 0.0357745 0.0225083 0.00881397 0.00855152 0.00135912 0.000746735 0 0
 0 0 0 0 5.4009e-05 0.00500934 0.000945158 0.0243581 0.138947 0.33067 0.221406 0.137944 0.0707744 0.0437923 0.0131692 0.00525238 0.0047753 0.00276346 9.45158e-05 9.00151e-06 2.25038e-05 9.00151e-06 4.50075e-06 0 0 0
 0.000866109 0.00284123 0.00948549 0.0512746 0.133035 0.25785 0.225252 0.132002 0.0553304 0.0519788 0.0540692 0.017754 0.00435017 0.00159236 0.00146478 0.000404838 0.000125132 0.000115318 0.000107957 0.000100596 0 0 0 0 0 0
 0 0 0 0 0.00144013 0.00171154 0.00461396 0.0210425 0.0478622 0.0707936 0.0888783 0.103762 0.0637923 0.0337046 0.0602308 0.124433 0.169614 0.0934646 0.0462172 0.0250306 0.0313229 0.00938855 0.002487 0.000210481 0 0
 0 0.00764035 0.051015 0.0998891 0.058973 0.0496711 0.0374665 0.0718981 0.12319 0.153886 0.159021 0.0857701 0.0377988 0.023471 0.0147837 0.00900784 0.00315554 0.000888139 0.00291439 0.00214683 0.00393193 0.00274676 0.000635225 9.99891e-05 0 0
 0 0 0 0 0 0 0 0 0 0 0 0 0 0 0 0 0 0 0 0 0 0 0 0 0 0
 0 0 0 0 0 0 0 0 0 0 0 0 0 0 0 0 0 0 0 0 0 0 0 0 0 0
 0 0 0 0 0 0 0 0 0 0 0 0 0 0 0 0 0 0 0 0 0 0 0 0 0 0
 0 0 0 0 0 0 0 0 0 0 0 0 0 0 0 0 0 0 0 0 0 0 0 0 0 0
 0 0 0 0 0 0 0 0 0 0 0 0 0 0 0 0 0 0 0 0 0 0 0 0 0 0
 0 0 0 0 0 0 0 0 0 0 0 0 0 0 0 0 0 0 0 0 0 0 0 0 0 0
 0 0 0 0 0 0 0 0 0 0 0 0 0 0 0 0 0 0 0 0 0 0 0 0 0 0
ppred_pel_tallas
 1.34027e-16 5.86567e-07 5.70165e-06 3.78901e-05 0.000172251 0.000536008 0.00114251 0.00167034 0.00168382 0.00120893 0.000762347 0.000840796 0.00177192 0.00397618 0.00808416 0.0147818 0.0246028 0.0378521 0.0546315 0.0747023 0.096978 0.118923 0.136573 0.14566 0.143422 0.12998
 1.94115e-16 2.07098e-06 2.01307e-05 0.000133776 0.000608126 0.00189212 0.00403142 0.00588435 0.0058862 0.00404069 0.00192481 0.000709727 0.000416877 0.000735246 0.00165991 0.00357176 0.0072235 0.0137893 0.024846 0.0420905 0.0666738 0.0982648 0.134256 0.169668 0.198098 0.213572
 1.01755e-16 8.13875e-05 0.000791115 0.00525724 0.0238986 0.0743576 0.158427 0.231228 0.231228 0.158427 0.0743587 0.023902 0.00526585 0.000810555 0.000120359 7.61287e-05 0.000117515 0.000185479 0.000287617 0.00044547 0.000686948 0.00103464 0.00148914 0.00201527 0.00254017 0.00296782
 1.00986e-16 5.03508e-06 4.89428e-05 0.000325247 0.00147858 0.00460089 0.00980601 0.014331 0.0144208 0.0102448 0.00607359 0.00572946 0.010985 0.0232846 0.0440313 0.0725161 0.103832 0.129249 0.139877 0.131634 0.107762 0.0768202 0.0478182 0.0261893 0.0128942 0.00604268
 1.15385e-16 3.2734e-05 0.000318186 0.00211446 0.00961203 0.0299066 0.0637196 0.0930023 0.0930108 0.0637614 0.0300495 0.0100346 0.00321255 0.00283905 0.00518155 0.00945245 0.0157873 0.0243547 0.0351588 0.0478919 0.0616121 0.0744369 0.0837015 0.086823 0.082502 0.0714841
 1.00015e-16 8.23282e-05 0.00080026 0.00531801 0.0241749 0.075217 0.160258 0.233901 0.233901 0.160258 0.0752176 0.0241764 0.00532175 0.000808431 9.7865e-05 3.15276e-05 3.75111e-05 4.72078e-05 5.28312e-05 5.29983e-05 4.89943e-05 4.36809e-05 3.96736e-05 3.79544e-05 3.77523e-05 3.74423e-05
 1.00268e-16 1.19668e-06 1.16322e-05 7.73049e-05 0.000351475 0.00109408 0.00233455 0.0034272 0.00352193 0.00279733 0.00264728 0.00483471 0.0113197 0.0245169 0.0464322 0.0764742 0.109493 0.136279 0.147449 0.138687 0.113401 0.0806119 0.049823 0.02678 0.0125262 0.005108
 1.27252e-16 2.45584e-06 2.38716e-05 0.000158636 0.000721136 0.00224374 0.00478068 0.00697836 0.00698238 0.00480101 0.00231618 0.000948768 0.000799257 0.00165081 0.00375939 0.00794374 0.0154583 0.0277555 0.0459659 0.0700424 0.0978601 0.124918 0.145248 0.153491 0.147189 0.127961
 1.01684e-16 8.08561e-05 0.00078595 0.00522291 0.0237426 0.073872 0.157392 0.229719 0.229719 0.157393 0.073874 0.0237485 0.00523813 0.000820614 0.000151226 0.000134883 0.000219334 0.000351877 0.000548145 0.000837925 0.00125124 0.00179723 0.00244112 0.00309489 0.003633 0.00393144
 1.01145e-16 1.31339e-05 0.000127666 0.000848391 0.00385671 0.0120001 0.0255704 0.0373376 0.0374179 0.0259625 0.0133158 0.00765455 0.0103721 0.0208871 0.039348 0.0647907 0.0927725 0.115489 0.125 0.117662 0.0963752 0.0687887 0.0429497 0.0237064 0.0119063 0.00584736
 1.00464e-16 8.05563e-05 0.000783036 0.00520355 0.0236546 0.0735982 0.156809 0.228867 0.228868 0.156812 0.0736088 0.0236855 0.00528227 0.000958405 0.000423929 0.000600106 0.000918615 0.00128322 0.00165086 0.00199452 0.00230017 0.0025487 0.00269965 0.00269953 0.00251376 0.00215633
 1.00038e-16 7.93523e-05 0.000771333 0.00512578 0.0233011 0.0724982 0.154465 0.225447 0.225451 0.154482 0.0725554 0.0234661 0.00553958 0.00167335 0.00178858 0.00282114 0.00403245 0.00502069 0.00543641 0.00512099 0.00419999 0.00300486 0.00188395 0.00104674 0.000529519 0.000258811
 1.00298e-16 5.06016e-05 0.000491865 0.00326862 0.0148587 0.0462311 0.0985016 0.143774 0.14381 0.0986796 0.0468287 0.0165838 0.00759497 0.00992371 0.0179262 0.0294579 0.0422005 0.0525838 0.057006 0.0538069 0.0442819 0.0318677 0.0201753 0.011376 0.00585338 0.00286755
 1.00224e-16 7.95512e-05 0.000773266 0.00513862 0.0233594 0.0726799 0.154852 0.226012 0.226015 0.154865 0.0727226 0.023483 0.00544891 0.00145136 0.00136948 0.0021435 0.00309232 0.00391328 0.00435541 0.00430103 0.00382685 0.00314395 0.00246515 0.00190549 0.00147399 0.00112906
 1.00075e-16 7.45478e-05 0.000724631 0.00481543 0.0218902 0.0681087 0.145113 0.211799 0.211808 0.145157 0.0682565 0.0223169 0.00588551 0.00305737 0.00449522 0.00728827 0.0104325 0.012994 0.0140775 0.0132725 0.0109012 0.00781731 0.00491793 0.00274298 0.00138758 0.00066603
 1.00014e-16 8.15942e-05 0.000793125 0.00527059 0.0239594 0.0745465 0.158829 0.231816 0.231817 0.158833 0.0745607 0.0240005 0.00537371 0.00101799 0.000507914 0.000708597 0.00100822 0.0012579 0.00136731 0.00129667 0.00107633 0.000787079 0.000513495 0.000306029 0.000173235 9.78508e-05
 1.0037e-16 5.0979e-06 4.95535e-05 0.000329305 0.00149703 0.00465829 0.00992829 0.0145095 0.0145993 0.010367 0.00613073 0.00574723 0.0109876 0.0232826 0.0440285 0.0725162 0.103843 0.129282 0.139945 0.131741 0.107891 0.0769272 0.0478316 0.0260275 0.0124932 0.00538294
 1.00252e-16 8.15676e-05 0.000792866 0.00526888 0.0239515 0.0745221 0.158777 0.23174 0.23174 0.158778 0.0745242 0.0239576 0.00528462 0.000829277 0.000156699 0.000145472 0.000237569 0.000372958 0.000548779 0.000760609 0.000992168 0.00121046 0.00136949 0.0014254 0.00135654 0.00117566
 1.00254e-16 5.13156e-05 0.000498806 0.00331474 0.0150684 0.0468834 0.0998914 0.145802 0.145838 0.100068 0.0474751 0.0167761 0.00759711 0.00983333 0.0177383 0.0291363 0.0417149 0.0519277 0.0562009 0.0528931 0.0433046 0.0308708 0.0192064 0.0104908 0.00510984 0.00230879
 1.05843e-16 1.65699e-05 0.000161066 0.00107034 0.00486565 0.0151392 0.0322577 0.0470934 0.0471518 0.0325435 0.0160992 0.00764057 0.00804317 0.0154071 0.0290418 0.0481665 0.0697981 0.0886172 0.0991456 0.0987475 0.0890643 0.0746665 0.0601158 0.0478106 0.0378792 0.0294576
 1.0118e-16 7.89928e-05 0.000767838 0.00510255 0.0231955 0.0721697 0.153765 0.224425 0.224427 0.153772 0.0721929 0.0232628 0.00527298 0.00114494 0.000810055 0.00125309 0.0018886 0.00256601 0.00318651 0.00370098 0.00411826 0.00446287 0.00471835 0.00481324 0.00466457 0.00423989
 1.00197e-16 7.30101e-05 0.000709684 0.0047161 0.0214387 0.0667039 0.14212 0.207431 0.207441 0.142172 0.0668798 0.0219464 0.00598934 0.00348526 0.00533287 0.00867071 0.012413 0.0154618 0.0167539 0.0158029 0.0129953 0.00934902 0.00593202 0.00338397 0.00181175 0.000985953
 1.0207e-16 2.37772e-06 2.31124e-05 0.000153594 0.000698271 0.00217305 0.00463315 0.0067806 0.00686829 0.00506155 0.00361114 0.0048504 0.0105701 0.0227426 0.0430922 0.0710816 0.102029 0.127525 0.138983 0.132416 0.11084 0.0822988 0.0551895 0.034476 0.0209618 0.0129382
 1.02438e-16 7.58859e-05 0.000737638 0.00490186 0.0222832 0.0693312 0.147717 0.215598 0.215599 0.14772 0.06934 0.02231 0.00497445 0.000913447 0.000460511 0.000773209 0.00141307 0.00241367 0.00384216 0.00569374 0.00782305 0.00991276 0.0115264 0.0122536 0.0118831 0.010503
 1.014e-16 5.3985e-05 0.000524754 0.00348717 0.0158522 0.0493223 0.105088 0.153385 0.153417 0.105243 0.0498447 0.0173603 0.00726938 0.00877008 0.0156804 0.0257517 0.0368917 0.045978 0.0498762 0.0471607 0.0389967 0.0284165 0.0185803 0.0113493 0.0069792 0.00472189
 1.06501e-16 1.26651e-05 0.000123109 0.000818107 0.00371903 0.0115716 0.0246569 0.0360008 0.0360641 0.0249662 0.0126106 0.00672157 0.0083612 0.0166104 0.0313849 0.0520196 0.0752873 0.0953934 0.106379 0.1054 0.0943035 0.0781695 0.0620967 0.0488067 0.0384675 0.030055
 1.02299e-16 7.64826e-05 0.000743438 0.00494041 0.0224584 0.0698763 0.148879 0.217294 0.217295 0.148888 0.069907 0.0225477 0.00516791 0.00125055 0.00107038 0.00172909 0.00267196 0.00375513 0.00487931 0.00598829 0.00706358 0.00806222 0.00885649 0.00924927 0.00907005 0.00828008
 1.00597e-16 6.77454e-05 0.000658509 0.00437603 0.0198928 0.0618939 0.131872 0.192475 0.192491 0.131953 0.062164 0.0206725 0.00633154 0.00492175 0.00814783 0.0133195 0.0190795 0.0237818 0.0258017 0.0243981 0.0201671 0.0146698 0.00953698 0.00573486 0.00340777 0.00218566
 1.03552e-16 6.01311e-06 5.84496e-05 0.000388422 0.00176576 0.00549436 0.0117092 0.0171066 0.017186 0.012097 0.00679618 0.00552537 0.00982368 0.0206493 0.0390924 0.0645656 0.0928802 0.116516 0.127781 0.12308 0.105033 0.0806833 0.0573124 0.0391279 0.0267182 0.0186026
 1.27868e-16 9.2497e-06 8.99103e-05 0.000597486 0.00271609 0.00845084 0.0180058 0.0262825 0.0262944 0.0180644 0.00865057 0.00330681 0.00213237 0.00361293 0.00720475 0.0132115 0.0220921 0.0341562 0.049504 0.0678538 0.0880682 0.107654 0.122877 0.129887 0.126399 0.11288
 1.01025e-16 8.12097e-05 0.000789387 0.00524576 0.0238464 0.0741952 0.158081 0.230723 0.230724 0.158082 0.0742005 0.0238619 0.00528494 0.000875895 0.000248547 0.000290837 0.000432374 0.000592052 0.000752667 0.000919093 0.00111478 0.00136415 0.00166736 0.00198593 0.00225102 0.00239004
pSPR Fmed_Fpbrs
0.250196   0.6 0.325
Fs Fmed_Fpbrs
1.37977   0.39014 1.03752
SSBpbr Bo_Bmed_Bpbrs
1.38595e+06  277462  762272 381136
Ro
26122.8
SPR SPRFo_SPRFmed_SPRFpbrs
186724 46717.6 60685.1
Fref
0.39014
Nvult_r0
 93509 486 220.806 1109.32 112.27
CTP_r0
 41416.2 321.164 149.795 753.616 76.276
YTP_r0
390742
Np
 88938.3 18628.2 26.8878 10.314 53.5876
Nvult_p0
 60674.7 13840.8 20.1797 7.74513 40.242
CTP_p0
 7746.96 3654 5.64466 2.17328 11.2938
YTP_p0
 117740
CBA_c0
308841
log_Ro
9.99056
likeval ReclasPelacesDesembMPH_pf_preclas_ppelaces_ptallas_desvR_qrecl_qpela
 31.8132 28.867 0.637359 0.000965037 442.527 144.287 140.355 0 218.81 9.33204e-05 0.000258062 0.678408 6.83534e-16 0 0
q_reclas_q_pelaces
3.93101 9.83026
M
1
N
 1308.5 14300.8 69064.8 11317 0.0552129
 773.706 424.275 3860.94 18175.4 2973.89
 251671 168.863 43.4187 355.46 1935.28
 3715.73 55871.5 18.0174 4.18216 219.302
 1068.37 808.441 5674.14 1.64511 20.2753
 294386 76.3362 5.36084 26.9969 0.102237
 1077.17 76427.5 11.9529 0.782189 3.93802
 306.678 222.736 6851.74 0.953544 0.373939
 61668 78.3199 33.4988 957.036 0.184625
 1427.58 12654.1 6.89058 2.6185 74.3185
 31730.6 197.852 425.542 0.190144 2.09795
 154734 7102.99 21.5443 41.9018 0.223945
 32936.5 28165.1 465.88 1.22536 2.37648
 89052.2 5390.2 1423.41 19.9818 0.15299
 34950.7 10054.3 109.682 22.8004 0.318132
 269005 3211.94 123.538 1.01755 0.211053
 2730.27 46128.9 182.012 5.99769 0.0591173
 569060 533.589 3601.43 12.5013 0.412964
 293548 141813 75.5771 471.405 1.68277
 23650.8 75686.3 21833.4 10.8274 67.4974
 277749 4821.96 6554.71 1677.77 5.97591
 391528 52334.5 344.225 408.611 104.151
 3005.3 79940.3 4548.38 26.5529 39.2817
 200143 743.59 11125.6 584.143 8.41504
 131034 50151.2 106.748 1477.63 78.3499
 10470.3 35441.7 8682.43 17.3644 252.205
 142134 2721.27 5564.61 1270.56 39.2815
 215665 31573.7 290.801 536.884 125.638
 8608 62036.6 6356.4 55.6981 126.53
 2520.52 2681.46 15182 1504.04 43.0322
 112137 512.888 231.12 1160.64 117.461
pred_Ctot
 99.1219 2466.87 12769.4 2100.35 0.0102491
 207.469 213.777 2035.84 9607.06 1572.13
 65706.3 83.4362 22.4692 184.408 1004.13
 1001.15 28249.7 9.53209 2.21794 116.318
 616.086 642.976 4591.2 1.33234 16.4213
 56334.1 29.6598 2.19986 11.1111 0.0420842
 312.318 40728.2 6.64929 0.436125 2.19599
 61.0623 89.3483 2900.06 0.404768 0.158756
 18066.5 42.0423 18.7651 537.331 0.103671
 607.466 8623.85 4.83408 1.83983 52.2223
 8173.77 96.7966 218.138 0.0977145 1.07828
 52275.2 4200.88 13.2315 25.7858 0.137827
 12327.3 17783 304.303 0.801823 1.55521
 42780.5 3924.72 1061.81 14.9247 0.114278
 18442.6 7673.4 85.4467 17.7816 0.248119
 96478.1 1974.41 78.6865 0.649343 0.134695
 851.11 25850.7 106.219 3.50773 0.0345785
 119759 223.671 1590.7 5.53723 0.182942
 57130.7 55855.9 31.4263 196.594 0.701886
 6988.41 40873.2 12300.7 6.11387 38.1179
 90360.2 2781.4 3931.43 1008.4 3.59214
 115470 28224.7 193.686 230.436 58.743
 642.319 33919.4 2032.7 11.9 17.6071
 41615.3 308.746 4868.93 256.366 3.69372
 22485.3 17822.9 40.1647 557.691 29.5758
 1998.11 13740 3555.23 7.13131 103.593
 37071 1343.6 2877.66 658.686 20.3671
 30331.1 9484.61 92.8486 171.988 40.2544
 845.181 13568.1 1485.73 13.0659 29.6877
 746.683 1450.69 8567.97 850.726 24.3432
 41416.2 321.164 149.795 753.616 76.276
F
 0.126254 0.309404 0.334979 0.336443 0.33652
 0.522103 1.27949 1.38525 1.39131 1.39163
 0.505069 1.23775 1.34006 1.34592 1.34623
 0.525222 1.28714 1.39353 1.39962 1.39994
 1.63874 4.01599 4.34795 4.36695 4.36796
 0.348549 0.854173 0.92478 0.928821 0.929034
 0.576108 1.41184 1.52854 1.53522 1.53558
 0.364996 0.894478 0.968417 0.972648 0.972872
 0.583782 1.43065 1.54891 1.55567 1.55603
 0.97622 2.39237 2.59013 2.60145 2.60205
 0.496768 1.2174 1.31804 1.3238 1.3241
 0.703626 1.72434 1.86688 1.87504 1.87547
 0.809999 1.98502 2.14911 2.1585 2.159
 1.18122 2.89475 3.13404 3.14773 3.14845
 1.38706 3.39921 3.68019 3.69627 3.69712
 0.763289 1.87056 2.02518 2.03403 2.03449
 0.632529 1.55011 1.67824 1.68557 1.68596
 0.389477 0.954472 1.03337 1.03788 1.03812
 0.355443 0.871068 0.943071 0.947192 0.94741
 0.590216 1.44641 1.56597 1.57282 1.57318
 0.669064 1.63964 1.77518 1.78293 1.78334
 0.588776 1.44288 1.56216 1.56898 1.56934
 0.396642 0.972031 1.05238 1.05698 1.05722
 0.383989 0.941022 1.01881 1.02326 1.0235
 0.307568 0.753741 0.816046 0.819611 0.8198
 0.347443 0.851461 0.921844 0.925872 0.926085
 0.504443 1.23621 1.3384 1.34425 1.34456
 0.246 0.602861 0.652694 0.655546 0.655697
 0.16633 0.407616 0.44131 0.443238 0.44334
 0.592161 1.45118 1.57114 1.578 1.57837
 0.795048 1.94838 2.10944 2.11866 2.11914
nmprior
 8.19 8.8 8.5 0
nm_flota  nm_reclas  nm_pelaces    nm_pelaL
inf 7.61201 3.09445 4.34268
cv_recla  cv_pelaces  cv_mph
0.510186 0.609219 0.958688
 ------------------------------------------------
Talla a la edad & desviaci?n 
 8 13.2811 15.8009 17.003 17.5766
 0.8 1.32811 1.58009 1.7003 1.75766
