years
 1991 1992 1993 1994 1995 1996 1997 1998 1999 2000 2001 2002 2003 2004 2005 2006 2007 2008 2009 2010 2011 2012 2013 2014 2015 2016 2017 2018 2019 2020 2021
reclasobs
 0 0 0 0 0 0 0 0 0 252601 567819 844713 477998 351125 339783 2.1784e+06 2.13404e+06 4.81314e+06 1.55562e+06 2.62356e+06 3.21686e+06 3.843e+06 1.13348e+06 3.07943e+06 1.97215e+06 2.03268e+06 2.025e+06 2.42433e+06 2.27542e+06 1.05018e+06 2.36338e+06
reclaspred
 3.28656e+06 1.87361e+06 951935 952543 952689 1.45181e+06 980803 883799 649770 484485 508685 631764 630098 514255 525615 1.26253e+06 1.27598e+06 2.68799e+06 2.24784e+06 1.70203e+06 3.02238e+06 2.45778e+06 2.00238e+06 3.03711e+06 2.2976e+06 2.03598e+06 2.37929e+06 2.49768e+06 2.08837e+06 1.35567e+06 1.93734e+06
pelacesobs
 0 0 0 0 0 0 0 0 0 0 0 0 0 0 0 552880 188675 0 991730 2.46772e+06 1.41603e+06 1.21717e+06 2.29649e+06 1.80582e+06 0 1.4828e+06 1.56532e+06 1.57751e+06 1.42118e+06 867257 1.10002e+06
pelacespred
 1.84839e+06 1.18373e+06 610148 496845 506369 796844 519205 549939 401994 287591 305971 320455 348911 306749 318109 628170 632594 1.51349e+06 1.3284e+06 940241 1.57809e+06 1.42255e+06 1.14024e+06 1.87437e+06 1.37998e+06 1.21311e+06 1.60796e+06 1.66749e+06 1.14886e+06 851164 1.19593e+06
mphobs
 0 0 0 0 0 0 0 0 0 0 0 498337 0 5186 125008 0 168611 109162 213762 579715 649985 157893 87575 83554 0 0 0 0 0 0 0
mphpred
 489887 328656 167621 91075.7 101711 113081 147858 100525 87550.5 62565.5 42280 58967.2 63735.6 55733.6 40813.8 50738.5 146329 144871 265354 207098 223450 274902 261886 220138 300618 248671 205465 216186 296573 207733 134887
desembarqueobs
 494567 514787 250237 358949 120608 361735 552515 73892 212993 205616 52469 317467 293654 387597 252695 516296 358380 742168 942051 627588 828172 859565 418607 520667 417249 300574 415391 372974 316634 284311 391294
desembarquepred
 494574 513218 251041 358971 120612 361748 552564 73895.2 213032 205652 52471.1 317530 293707 387654 252700 516281 358401 742102 941924 627505 828233 859601 418619 520688 417253 300577 415394 372966 316632 284320 391298
Reclutas
 235173 136620 135235 247068 197787 326550 137922 65809.2 60321.2 78484.3 142556 179192 150863 106492 110653 575761 132585 870690 510063 389648 593070 791624 172927 509261 427826 193948 430489 481729 146074 107118 396469
log_desv_Rt
 0.0457578 -0.497359 -0.50755 0.095098 -0.127372 0.374018 -0.487873 -1.22781 -1.31488 -1.05167 -0.454833 -0.226107 -0.398189 -0.746491 -0.708167 0.941128 -0.52734 1.35472 0.81997 0.550679 0.970748 1.25952 -0.261698 0.818397 0.644152 -0.146974 0.650356 0.762817 -0.430454 -0.740636 0.568034
SSB
 4.5237e+06 3.03487e+06 1.54784e+06 841010 939221 1.04421e+06 1.36534e+06 928269 808457 577742 390421 544514 588546 514654 376882 468528 1.35123e+06 1.33776e+06 2.45032e+06 1.91238e+06 2.06338e+06 2.5385e+06 2.4183e+06 2.0328e+06 2.77596e+06 2.29628e+06 1.8973e+06 1.9963e+06 2.73861e+06 1.91824e+06 1.24557e+06
BT
 5.95378e+06 4.05578e+06 2.08125e+06 1.79223e+06 1.61118e+06 2.69485e+06 2.05278e+06 1.71079e+06 1.4154e+06 1.06104e+06 962217 1.22843e+06 1.31294e+06 1.32304e+06 1.20673e+06 2.30211e+06 2.17507e+06 5.18717e+06 4.88881e+06 3.38296e+06 5.39788e+06 5.06828e+06 3.78053e+06 6.09636e+06 4.51697e+06 3.89949e+06 5.23866e+06 5.3672e+06 3.70114e+06 2.82412e+06 3.95197e+06
Ftot
 0.0944694 0.170172 0.164862 0.245191 0.0822622 0.164924 0.350534 0.0540396 0.210181 0.270534 0.0695686 0.325426 0.30104 0.481914 0.31947 0.279606 0.179278 0.186788 0.270031 0.237937 0.179937 0.228353 0.132946 0.114953 0.117444 0.0949913 0.11658 0.100588 0.0953864 0.132587 0.136382
BD_Bspro_t
 0.985017 0.887835 0.765046 0.690921 0.685648 0.745551 0.736119 0.607017 0.656991 0.625992 0.599974 0.751346 0.649216 0.571396 0.479569 0.53461 0.674628 0.660713 0.730722 0.650287 0.625765 0.670134 0.684932 0.682937 0.769725 0.77696 0.783504 0.809763 0.842324 0.79395 0.745231
BD_Bspro
 2.81708 1.88992 0.963897 0.523727 0.584887 0.650269 0.85025 0.578067 0.503456 0.359781 0.24313 0.339088 0.366509 0.320494 0.234698 0.29177 0.841459 0.833074 1.52591 1.19091 1.28494 1.58081 1.50596 1.2659 1.72869 1.42997 1.18152 1.24317 1.70543 1.19456 0.775662
BD_Bo
 1.90474 1.27786 0.651732 0.354114 0.395467 0.439674 0.57489 0.390856 0.340408 0.243263 0.16439 0.229272 0.247812 0.216699 0.158689 0.197278 0.568946 0.563277 1.03173 0.805225 0.868804 1.06886 1.01825 0.855926 1.16884 0.966866 0.798874 0.840558 1.15311 0.807693 0.524458
BD_Brms
 3.46317 2.32337 1.18497 0.643844 0.719031 0.799408 1.04525 0.710647 0.618923 0.442296 0.298891 0.416858 0.450568 0.393999 0.288526 0.358687 1.03445 1.02414 1.87587 1.46405 1.57964 1.94337 1.85136 1.55623 2.12517 1.75794 1.4525 1.52829 2.09657 1.46853 0.95356
Sel_flota
 0.854432 0.991113 0.999528 0.999975 0.999999
 0.854432 0.991113 0.999528 0.999975 0.999999
 0.854432 0.991113 0.999528 0.999975 0.999999
 0.854432 0.991113 0.999528 0.999975 0.999999
 0.854432 0.991113 0.999528 0.999975 0.999999
 0.854432 0.991113 0.999528 0.999975 0.999999
 0.854432 0.991113 0.999528 0.999975 0.999999
 0.854432 0.991113 0.999528 0.999975 0.999999
 0.854432 0.991113 0.999528 0.999975 0.999999
 0.854432 0.991113 0.999528 0.999975 0.999999
 0.854432 0.991113 0.999528 0.999975 0.999999
 0.854432 0.991113 0.999528 0.999975 0.999999
 0.854432 0.991113 0.999528 0.999975 0.999999
 0.854432 0.991113 0.999528 0.999975 0.999999
 0.854432 0.991113 0.999528 0.999975 0.999999
 0.854432 0.991113 0.999528 0.999975 0.999999
 0.854432 0.991113 0.999528 0.999975 0.999999
 0.854432 0.991113 0.999528 0.999975 0.999999
 0.854432 0.991113 0.999528 0.999975 0.999999
 0.854432 0.991113 0.999528 0.999975 0.999999
 0.854432 0.991113 0.999528 0.999975 0.999999
 0.854432 0.991113 0.999528 0.999975 0.999999
 0.854432 0.991113 0.999528 0.999975 0.999999
 0.854432 0.991113 0.999528 0.999975 0.999999
 0.854432 0.991113 0.999528 0.999975 0.999999
 0.854432 0.991113 0.999528 0.999975 0.999999
 0.854432 0.991113 0.999528 0.999975 0.999999
 0.854432 0.991113 0.999528 0.999975 0.999999
 0.854432 0.991113 0.999528 0.999975 0.999999
 0.854432 0.991113 0.999528 0.999975 0.999999
 0.854432 0.991113 0.999528 0.999975 0.999999
Sel_reclas
 1 1 1 1 1
 1 1 1 1 1
 1 1 1 1 1
 1 1 1 1 1
 1 1 1 1 1
 1 1 1 1 1
 1 1 1 1 1
 1 1 1 1 1
 1 1 1 1 1
 1 1 1 1 1
 1 1 1 1 1
 1 1 1 1 1
 1 1 1 1 1
 1 1 1 1 1
 1 1 1 1 1
 1 1 1 1 1
 1 1 1 1 1
 1 1 1 1 1
 1 1 1 1 1
 1 1 1 1 1
 1 1 1 1 1
 1 1 1 1 1
 1 1 1 1 1
 1 1 1 1 1
 1 1 1 1 1
 1 1 1 1 1
 1 1 1 1 1
 1 1 1 1 1
 1 1 1 1 1
 1 1 1 1 1
 1 1 1 1 1
Sel_pelaces
 1 1 1 1 1
 1 1 1 1 1
 1 1 1 1 1
 1 1 1 1 1
 1 1 1 1 1
 1 1 1 1 1
 1 1 1 1 1
 1 1 1 1 1
 1 1 1 1 1
 1 1 1 1 1
 1 1 1 1 1
 1 1 1 1 1
 1 1 1 1 1
 1 1 1 1 1
 1 1 1 1 1
 1 1 1 1 1
 1 1 1 1 1
 1 1 1 1 1
 1 1 1 1 1
 1 1 1 1 1
 1 1 1 1 1
 1 1 1 1 1
 1 1 1 1 1
 1 1 1 1 1
 1 1 1 1 1
 1 1 1 1 1
 1 1 1 1 1
 1 1 1 1 1
 1 1 1 1 1
 1 1 1 1 1
 1 1 1 1 1
pf_obs 
 0.8446 0.082 0.0669 0.0065 0
 0.8095 0.147 0.0364 0.0071 0
 0.9664 0.0169 0.016 0.0007 0
 0.9276 0.0648 0.0075 0.0001 0
 0.7033 0.2144 0.0806 0.0017 0
 0.9318 0.0425 0.0243 0.0014 0
 0.5671 0.3108 0.0964 0.0239 0.0018
 0.0768 0.2599 0.5324 0.112 0.0189
 0.490249 0.384438 0.106611 0.0170017 0.00170017
 0.7925 0.1577 0.0466 0.003 0.0002
 0.840416 0.127587 0.0312969 0.00059994 9.999e-05
 0.8084 0.0986 0.0794 0.0134 0.0002
 0.7335 0.1905 0.0724 0.0035 0.0001
 0.4001 0.4547 0.1325 0.0127 0
 0.49795 0.308269 0.164784 0.0264974 0.00249975
 0.9179 0.0499 0.0305 0.0017 0
 0.2467 0.6533 0.0926 0.0074 0
 0.9418 0.0223 0.034 0.0019 0
 0.707729 0.231977 0.0356964 0.0245975 0
 0.517169 0.277429 0.184464 0.0207286 0.00020938
 0.811772 0.124168 0.05621 0.00726502 0.000585176
 0.764997 0.148141 0.077277 0.00933861 0.000247198
 0.163321 0.427699 0.378323 0.0303852 0.000271297
 0.753843 0.0900009 0.118128 0.0371064 0.000921714
 0.721811 0.176058 0.0630433 0.0369309 0.00215725
 0.143369 0.312575 0.442814 0.0836902 0.0175525
 0.692698 0.0596174 0.167031 0.0765114 0.00414204
 0.394062 0.376323 0.152708 0.0712218 0.00568511
 0.125707 0.32114 0.495352 0.0537591 0.00404204
 0.23352 0.215282 0.420074 0.123614 0.00750983
 0.774587 0.0839891 0.0768558 0.0609784 0.00358967
pf_pred 
 0.422222 0.112823 0.440827 0.0241277 7.61385e-07
 0.406854 0.273092 0.0629271 0.243789 0.0133377
 0.54688 0.201999 0.116198 0.0265378 0.108385
 0.745361 0.149207 0.0472391 0.0269337 0.0312588
 0.643071 0.276714 0.0471876 0.0148019 0.0182248
 0.739164 0.176458 0.0655426 0.0110829 0.00775336
 0.471516 0.40606 0.0830617 0.0305788 0.0087838
 0.437679 0.289236 0.210308 0.0425995 0.0201771
 0.519259 0.228178 0.130439 0.0940595 0.028064
 0.674542 0.182161 0.0683484 0.0387173 0.0362312
 0.792663 0.147213 0.033795 0.0125616 0.0137676
 0.72194 0.226924 0.0363975 0.00828567 0.0064523
 0.666509 0.251682 0.066885 0.0106242 0.00429966
 0.606649 0.276485 0.0884068 0.0232693 0.00518932
 0.708436 0.189449 0.0720046 0.0227814 0.00732932
 0.923524 0.0567766 0.0128442 0.0048347 0.00202072
 0.392737 0.567461 0.0296226 0.00663825 0.00354127
 0.886373 0.048909 0.060512 0.00313074 0.00107533
 0.595706 0.364521 0.0172078 0.0210995 0.00146588
 0.591731 0.259039 0.134677 0.00629804 0.00825478
 0.735705 0.166649 0.0621644 0.0320225 0.00345852
 0.738713 0.199987 0.0387827 0.014338 0.00817968
 0.325143 0.51871 0.119775 0.0230151 0.0133562
 0.736714 0.0946766 0.129861 0.0297265 0.00902265
 0.62602 0.286353 0.0316861 0.0430892 0.0128515
 0.438294 0.371193 0.146178 0.0160364 0.0282987
 0.729819 0.128531 0.0938799 0.0366574 0.0111129
 0.688638 0.236368 0.0358402 0.0259536 0.0132003
 0.35918 0.461361 0.136522 0.020525 0.0224124
 0.425602 0.226598 0.251003 0.0736457 0.0231515
 0.819621 0.0837361 0.0383293 0.04209 0.0162241
pobs_RECLAS
 0 0 0 0 0
 0 0 0 0 0
 0 0 0 0 0
 0 0 0 0 0
 0 0 0 0 0
 0 0 0 0 0
 0 0 0 0 0
 0 0 0 0 0
 0 0 0 0 0
 0 0 0 0 0
 0.991045 0.00858322 0.000360255 1.14367e-05 0
 0.934742 0.0480273 0.0164251 0.00080598 0
 0.827803 0.169806 0.00239088 0 0
 0.941827 0.0461693 0.0120037 0 0
 0.791401 0.0380133 0.147996 0.0225897 0
 0.846168 0.0940531 0.0597789 0 0
 0.134021 0.677848 0.182769 0.00536245 0
 0.80878 0.0450904 0.141981 0.00414843 0
 0.846168 0.0940531 0.0597789 0 0
 0.905697 0.0802665 0.012482 0.00150086 5.37128e-05
 0.989698 0.0102097 9.19794e-05 0 0
 0.975433 0.0193895 0.00387452 0.00125025 5.28907e-05
 0.303575 0.632131 0.0575291 0.00676475 0
 0.966965 0.00978017 0.0227588 0.000495775 0
 0.843318 0.132988 0.00938335 0.0141283 0.000182051
 0.564624 0.303363 0.111486 0.0197234 0.00080311
 0.826376 0.0876187 0.0782897 0.00655872 0.00115652
 0.89761 0.0855135 0.0140674 0.00269457 0.000114338
 0.34875 0.467042 0.161289 0.0227151 0.000203297
 0.318654 0.224769 0.449479 0.00709798 0
 0.937255 0.0296025 0.0250945 0.00804832 0
ppred_RECLAS
 0.460769 0.106022 0.410738 0.0224707 7.09078e-07
 0.444831 0.256843 0.0586765 0.227219 0.0124308
 0.585033 0.185897 0.106021 0.0242026 0.0988457
 0.773721 0.133079 0.0417696 0.0238043 0.0276262
 0.677007 0.250894 0.0424217 0.0133009 0.0163764
 0.767623 0.157646 0.0580546 0.00981223 0.00686429
 0.510381 0.376974 0.0764382 0.0281274 0.00807942
 0.475671 0.270821 0.195253 0.0395321 0.0187238
 0.557963 0.210784 0.11946 0.0861033 0.0256896
 0.707831 0.164172 0.0610659 0.0345761 0.0323552
 0.816497 0.130619 0.0297317 0.0110463 0.0121065
 0.751908 0.202797 0.0322443 0.00733684 0.00571327
 0.69999 0.226902 0.0597761 0.00949064 0.0038408
 0.643821 0.251029 0.079553 0.020929 0.0046673
 0.739598 0.169726 0.0639472 0.0202228 0.00650599
 0.933751 0.0492959 0.0110553 0.00415942 0.00173843
 0.429343 0.533558 0.0276143 0.00618539 0.0032996
 0.90114 0.0427622 0.0524535 0.00271258 0.000931678
 0.631957 0.332128 0.015543 0.0190495 0.00132342
 0.62853 0.236439 0.121868 0.00569642 0.00746606
 0.764538 0.148949 0.055086 0.0283633 0.00306325
 0.767245 0.178517 0.034321 0.0126827 0.00723518
 0.359352 0.493402 0.11296 0.0216958 0.0125903
 0.76572 0.0847133 0.115206 0.0263601 0.00800067
 0.660851 0.26022 0.0285493 0.0388061 0.0115737
 0.476113 0.347214 0.135574 0.0148664 0.0262334
 0.759161 0.115095 0.0833507 0.0325314 0.00986183
 0.720206 0.212851 0.0320002 0.0231624 0.0117804
 0.394852 0.43673 0.128137 0.0192556 0.0210258
 0.463934 0.212589 0.233479 0.0684731 0.0215249
 0.84139 0.0739788 0.0335744 0.0368518 0.0142046
pobs_PELACES
 0 0 0 0 0
 0 0 0 0 0
 0 0 0 0 0
 0 0 0 0 0
 0 0 0 0 0
 0 0 0 0 0
 0 0 0 0 0
 0 0 0 0 0
 0 0 0 0 0
 0 0 0 0 0
 0 0 0 0 0
 0 0 0 0 0
 0 0 0 0 0
 0 0 0 0 0
 0 0 0 0 0
 0 0 0 0 0
 0.505614 0.472636 0.0217494 0 0
 0 0 0 0 0
 0.443492 0.261883 0.143347 0.151278 0
 0.227955 0.32914 0.350689 0.0885471 0.00366901
 0.970185 0.0296113 0.000203453 0 0
 0.997202 0.00247181 0.000326279 0 0
 0.445219 0.490057 0.0546422 0.010081 0
 0.90214 0.0892962 0.00764917 0.000914606 0
 0 0 0 0 0
 0.581667 0.319106 0.0959925 0.00289975 0.000334073
 0.762889 0.0836404 0.116647 0.0363945 0.000428098
 0.88444 0.0763242 0.0277011 0.0115352 0
 0.521256 0.241999 0.230069 0.00667565 0
 0.616807 0.101726 0.260614 0.0208532 0
 0.833518 0.0704572 0.0857862 0.0102388 0
ppred_PELACES
 0.461881 0.105826 0.40987 0.0224229 7.0757e-07
 0.446793 0.256003 0.058457 0.226363 0.012384
 0.586901 0.185109 0.105523 0.0240884 0.098379
 0.775702 0.131952 0.0413877 0.0235858 0.0273726
 0.677829 0.250268 0.0423062 0.0132646 0.0163316
 0.768974 0.156753 0.0576993 0.00975195 0.0068221
 0.514388 0.373974 0.0757561 0.0278749 0.00800688
 0.476297 0.270517 0.195004 0.0394815 0.0186999
 0.560377 0.209698 0.118776 0.0856073 0.0255415
 0.710417 0.162774 0.0605002 0.0342544 0.0320541
 0.816975 0.130286 0.0296501 0.0110159 0.0120732
 0.754667 0.200576 0.0318623 0.00724956 0.00564529
 0.702877 0.224765 0.0591637 0.00939298 0.00380127
 0.648881 0.247562 0.0783493 0.0206109 0.00459633
 0.742423 0.167937 0.0632171 0.019991 0.00643139
 0.934539 0.0487192 0.0109175 0.0041074 0.00171669
 0.431333 0.531714 0.0275052 0.00616079 0.00328647
 0.901914 0.0424399 0.0520312 0.00269066 0.000924149
 0.634802 0.329584 0.0154124 0.0188887 0.00131224
 0.631089 0.234868 0.120978 0.00565462 0.00741126
 0.76603 0.148033 0.05472 0.0281741 0.00304281
 0.769106 0.177116 0.0340301 0.0125748 0.0071736
 0.360753 0.492365 0.112681 0.0216418 0.0125589
 0.766685 0.0843815 0.114719 0.026248 0.00796665
 0.662055 0.259317 0.028441 0.0386581 0.0115296
 0.477204 0.346522 0.135268 0.0148327 0.0261738
 0.760153 0.11464 0.082995 0.032392 0.00981957
 0.721133 0.21216 0.0318874 0.0230805 0.0117387
 0.395898 0.436008 0.127891 0.0192184 0.0209851
 0.465478 0.212025 0.232773 0.0682648 0.0214594
 0.842237 0.0735992 0.0333894 0.0366481 0.0141261
pobs_pel_tallas
 0 0 0 0 0 0 0 0 0 0 0 0 0 0 0 0 0 0 0 0 0 0 0 0 0 0
 0 0 0 0 0 0 0 0 0 0 0 0 0 0 0 0 0 0 0 0 0 0 0 0 0 0
 0 0 0 0 0 0 0 0 0 0 0 0 0 0 0 0 0 0 0 0 0 0 0 0 0 0
 0 0 0 0 0 0 0 0 0 0 0 0 0 0 0 0 0 0 0 0 0 0 0 0 0 0
 0 0 0 0 0 0 0 0 0 0 0 0 0 0 0 0 0 0 0 0 0 0 0 0 0 0
 0 0 0 0 0 0 0 0 0 0 0 0 0 0 0 0 0 0 0 0 0 0 0 0 0 0
 0 0 0 0 0 0 0 0 0 0 0 0 0 0 0 0 0 0 0 0 0 0 0 0 0 0
 0 0 0 0 0 0 0 0 0 0 0 0 0 0 0 0 0 0 0 0 0 0 0 0 0 0
 0 0 0 0 0 0 0 0 0 0 0 0 0 0 0 0 0 0 0 0 0 0 0 0 0 0
 0 0 0 0 0 0 0 0 0 0 0 0 0 0 0 0 0 0 0 0 0 0 0 0 0 0
 0 0 0 0 0 0 0 0 0 0 0 0 0 0 0 0 0 0 0 0 0 0 0 0 0 0
 0 0 0 0 0 0 0 0 0 0 0 0 0 0 0 0 0 0 0 0 0 0 0 0 0 0
 0.00862536 0 0 0.000197151 0.00414017 0.0128641 0.00837892 0.0270097 0.101434 0.158115 0.152841 0.127902 0.109271 0.109419 0.0830992 0.0579132 0.0238553 0.00714673 0.00463305 0.00128148 0.00103504 0.000492878 0.000147863 0.000147863 4.92878e-05 0
 0 0 0 0 0 0 0 0 0 0 0 0 0 0 0 0 0 0 0 0 0 0 0 0 0 0
 0 0 0 0 0 0 0 0.0054083 0.00873648 0.0413646 0.0450493 0.0745869 0.0622846 0.0627006 0.0613931 0.0827291 0.12552 0.122667 0.0946155 0.0697135 0.0546179 0.0294188 0.0215738 0.0213955 0.0102223 0.00600262
 0 0 0 0 0.00359764 0.0251062 0.0480494 0.140153 0.205849 0.193036 0.1447 0.116669 0.0760912 0.0342217 0.00950174 0.001854 0.000860785 0 0 0 0.000165536 0 0.000143464 0 0 0
 0 0 0 0 0 0 0 0.000145254 0.000435761 0.0275982 0.070085 0.0708112 0.156366 0.174668 0.174014 0.160142 0.0824315 0.0480064 0.0283245 0.00493863 0.00203355 0 0 0 0 0
 0 0 0 0 0 0 0 0 0 0 0 0 0 0 0 0 0 0 0 0 0 0 0 0 0 0
 0 0 1.00437e-05 0.000401748 0.00122533 0.00171747 0.00176769 0.0269171 0.070346 0.194647 0.189555 0.159765 0.064822 0.0314167 0.0384472 0.0292271 0.0345202 0.0313363 0.0194345 0.0106764 0.0143323 0.0359363 0.0279516 0.0138201 0.00172751 0
 0 0.0021121 0.0136068 0.0755702 0.200478 0.177729 0.0527432 0.0373336 0.0318909 0.0142505 0.0149659 0.0166563 0.0217959 0.0798694 0.0677717 0.0528807 0.04013 0.0224614 0.0357745 0.0225083 0.00881397 0.00855152 0.00135912 0.000746735 0 0
 0 0 0 0 5.4009e-05 0.00500934 0.000945158 0.0243581 0.138947 0.33067 0.221406 0.137944 0.0707744 0.0437923 0.0131692 0.00525238 0.0047753 0.00276346 9.45158e-05 9.00151e-06 2.25038e-05 9.00151e-06 4.50075e-06 0 0 0
 0.000866109 0.00284123 0.00948549 0.0512746 0.133035 0.25785 0.225252 0.132002 0.0553304 0.0519788 0.0540692 0.017754 0.00435017 0.00159236 0.00146478 0.000404838 0.000125132 0.000115318 0.000107957 0.000100596 0 0 0 0 0 0
 0 0 0 0 0.00144013 0.00171154 0.00461396 0.0210425 0.0478622 0.0707936 0.0888783 0.103762 0.0637923 0.0337046 0.0602308 0.124433 0.169614 0.0934646 0.0462172 0.0250306 0.0313229 0.00938855 0.002487 0.000210481 0 0
 0 0.00764035 0.051015 0.0998891 0.058973 0.0496711 0.0374665 0.0718981 0.12319 0.153886 0.159021 0.0857701 0.0377988 0.023471 0.0147837 0.00900784 0.00315554 0.000888139 0.00291439 0.00214683 0.00393193 0.00274676 0.000635225 9.99891e-05 0 0
 0 0 0 0 0 0 0 0 0 0 0 0 0 0 0 0 0 0 0 0 0 0 0 0 0 0
 0 0 0 0 0 0 0 0 0 0 0 0 0 0 0 0 0 0 0 0 0 0 0 0 0 0
 0 0 0 0 0 0 0 0 0 0 0 0 0 0 0 0 0 0 0 0 0 0 0 0 0 0
 0 0 0 0 0 0 0 0 0 0 0 0 0 0 0 0 0 0 0 0 0 0 0 0 0 0
 0 0 0 0 0 0 0 0 0 0 0 0 0 0 0 0 0 0 0 0 0 0 0 0 0 0
 0 0 0 0 0 0 0 0 0 0 0 0 0 0 0 0 0 0 0 0 0 0 0 0 0 0
 0 0 0 0 0 0 0 0 0 0 0 0 0 0 0 0 0 0 0 0 0 0 0 0 0 0
ppred_pel_tallas
 1.14104e-16 3.80445e-05 0.000369806 0.00245749 0.0111714 0.0347585 0.074057 0.108091 0.108101 0.0741101 0.0349387 0.0116997 0.00381315 0.00342675 0.0061289 0.0108139 0.0172967 0.0253275 0.0345396 0.0445467 0.0547882 0.0641728 0.0709589 0.0732444 0.0698932 0.0612565
 1.2655e-16 3.68018e-05 0.000357726 0.00237722 0.0108065 0.0336232 0.0716387 0.104564 0.104589 0.0717599 0.0340305 0.0119845 0.00534098 0.00685123 0.0124425 0.0207171 0.0303589 0.0393629 0.0458169 0.0491103 0.0503934 0.0517546 0.0546987 0.0590912 0.063263 0.0650307
 1.22157e-16 4.83423e-05 0.000469904 0.00312268 0.0141953 0.0441668 0.0941027 0.137349 0.137367 0.0941907 0.0444626 0.0150517 0.00528011 0.00520527 0.00911867 0.0152053 0.0223985 0.0292558 0.0343761 0.0372306 0.0384961 0.0395196 0.0413241 0.0439374 0.0464601 0.0476648
 1.08226e-16 6.38935e-05 0.000621068 0.00412722 0.0187617 0.0583748 0.124374 0.18153 0.181543 0.124437 0.0585844 0.0193679 0.00565133 0.00395664 0.00642414 0.010588 0.0154136 0.0197512 0.0224909 0.0231695 0.0222531 0.0207938 0.0197297 0.0193744 0.0194042 0.0192145
 1.05379e-16 5.58319e-05 0.000542706 0.00360648 0.0163945 0.0510096 0.108682 0.15863 0.158654 0.1088 0.0514057 0.0175388 0.00647944 0.00681721 0.0119807 0.0197413 0.0284893 0.035952 0.0398568 0.0391752 0.034736 0.0286491 0.0230149 0.0189226 0.0163204 0.0145449
 1.03838e-16 6.33394e-05 0.000615681 0.00409142 0.018599 0.0578685 0.123296 0.179957 0.179972 0.12337 0.0581176 0.0193192 0.00590194 0.00457733 0.0076145 0.0125595 0.0182534 0.0233046 0.026331 0.0266856 0.0248083 0.0218573 0.0189388 0.0165552 0.0146029 0.0127413
 1.06433e-16 4.23695e-05 0.000411847 0.00273687 0.0124414 0.0387101 0.0824773 0.120386 0.120422 0.0826537 0.0393024 0.0141526 0.00703425 0.00980009 0.0178933 0.0295696 0.042724 0.054009 0.0600372 0.0592523 0.0528358 0.0438478 0.0353243 0.0288256 0.0242867 0.020824
 1.12821e-16 3.9232e-05 0.000381349 0.0025342 0.0115201 0.0358435 0.0763694 0.111469 0.111495 0.0764982 0.0362766 0.0127744 0.00569519 0.00732323 0.0133449 0.022319 0.0328959 0.0429397 0.0502628 0.0538201 0.0542005 0.0529373 0.0512511 0.0493051 0.0464539 0.0420501
 1.16389e-16 4.61576e-05 0.000448668 0.00298156 0.0135537 0.0421708 0.0898502 0.131143 0.131164 0.0899498 0.042506 0.0145241 0.00542606 0.00581428 0.0103238 0.0172277 0.0253726 0.0331158 0.0388341 0.0418565 0.0428331 0.0431396 0.043795 0.0447776 0.0451866 0.0439593
 1.10648e-16 5.85162e-05 0.000568798 0.00377986 0.0171827 0.0534619 0.113907 0.166254 0.166269 0.113984 0.0537209 0.0179317 0.00566373 0.00469431 0.0079327 0.0131269 0.0191584 0.0246473 0.0282464 0.0293919 0.0286407 0.0272405 0.026273 0.0260468 0.0261095 0.0257096
 1.04037e-16 6.72932e-05 0.000654114 0.00434682 0.01976 0.0614808 0.130992 0.191189 0.191201 0.131053 0.0616872 0.0203567 0.00584573 0.00393008 0.00630042 0.0103402 0.0149634 0.0189794 0.0212275 0.0211895 0.0192947 0.01661 0.0141676 0.0124565 0.0113756 0.0105311
 1.02654e-16 6.2161e-05 0.000604227 0.0040153 0.018253 0.0567919 0.121002 0.17661 0.176629 0.121096 0.0571092 0.0191696 0.00631637 0.00562857 0.00960752 0.0157934 0.0227655 0.0286723 0.0316697 0.0309091 0.0270355 0.0217362 0.016717 0.0129042 0.0103355 0.00856628
 1.03351e-16 5.78951e-05 0.000562761 0.00373974 0.0170003 0.0528945 0.112698 0.164491 0.164512 0.112804 0.0532508 0.0180301 0.00632666 0.00621693 0.0108164 0.0178426 0.0258198 0.0327238 0.0365214 0.0362604 0.0326041 0.0273209 0.0221643 0.018036 0.0149232 0.0123821
 1.0517e-16 5.34475e-05 0.000519529 0.00345245 0.0156944 0.0488311 0.104041 0.151856 0.15188 0.104158 0.0492241 0.0168304 0.00630743 0.00676361 0.0119464 0.0197552 0.028664 0.0364897 0.0410323 0.0412669 0.0379108 0.032847 0.0278934 0.0239084 0.0207631 0.0179127
 1.04961e-16 6.11525e-05 0.000594424 0.00395015 0.0179568 0.0558705 0.119039 0.173744 0.17376 0.119118 0.0561374 0.0187288 0.00589119 0.00484273 0.00816198 0.0134823 0.0196177 0.0250969 0.0284578 0.0290258 0.0272821 0.0244597 0.02171 0.0195132 0.0176885 0.0158106
 1.01031e-16 7.69768e-05 0.000748242 0.00497233 0.0226035 0.0703279 0.149841 0.218698 0.218703 0.149864 0.0704051 0.0228266 0.00553262 0.00197261 0.00240597 0.00386555 0.00558441 0.00707257 0.00788799 0.00783031 0.00705343 0.00595203 0.00491342 0.00413006 0.00358278 0.00314886
 1.02104e-16 3.55285e-05 0.000345349 0.00229497 0.0104326 0.0324601 0.0691615 0.100954 0.101005 0.0694115 0.0332993 0.0128555 0.00837283 0.0136007 0.0251727 0.0414618 0.0594949 0.0743347 0.0809729 0.0771016 0.0645143 0.0479482 0.0323349 0.0205712 0.0130806 0.0087831
 1.01939e-16 7.42895e-05 0.00072212 0.00479874 0.0218144 0.0678727 0.14461 0.211064 0.211068 0.14463 0.0679413 0.0220135 0.00530185 0.00183174 0.00221476 0.00362994 0.00542162 0.00723221 0.00873601 0.00975841 0.0103306 0.0105815 0.01057 0.010222 0.0094191 0.00814141
 1.02646e-16 5.22879e-05 0.000508257 0.00337755 0.0153539 0.0477717 0.101784 0.148563 0.148595 0.101939 0.048292 0.0168559 0.0071457 0.00872713 0.015641 0.0257221 0.0369271 0.0461876 0.0504217 0.048229 0.0407478 0.0309225 0.0217823 0.0150515 0.0108878 0.00851436
 1.05373e-16 5.1982e-05 0.000505284 0.00335779 0.015264 0.0474922 0.101188 0.147692 0.147714 0.101299 0.0478664 0.0163467 0.00608185 0.00647337 0.0114491 0.0190081 0.0277544 0.0356846 0.0407596 0.0419877 0.0399247 0.036127 0.0320468 0.0282931 0.0247058 0.0209264
 1.04958e-16 6.30969e-05 0.000613324 0.00407576 0.0185278 0.0576469 0.122823 0.179267 0.179282 0.122893 0.0578823 0.0192084 0.00578722 0.00435965 0.00720828 0.011897 0.017322 0.0221886 0.0252209 0.0258406 0.024485 0.022242 0.0201063 0.0184569 0.0170744 0.0155276
 1.03503e-16 6.33502e-05 0.000615787 0.00409212 0.0186022 0.0578784 0.123317 0.179988 0.180005 0.1234 0.0581589 0.0194124 0.00612685 0.00506061 0.00851387 0.0139989 0.0202177 0.0255496 0.0283894 0.0280063 0.0249714 0.0207497 0.0167926 0.0138428 0.0118575 0.0103894
 1.07674e-16 2.97149e-05 0.000288839 0.00191944 0.00872553 0.0271486 0.0578447 0.084436 0.0844836 0.058077 0.0279287 0.0109795 0.00758058 0.0126584 0.023555 0.0389811 0.0563543 0.0712937 0.0793357 0.078405 0.0700069 0.0581082 0.0466586 0.0377136 0.0312542 0.0262331
 1.07313e-16 6.31509e-05 0.000613849 0.00407924 0.0185436 0.0576962 0.122928 0.179419 0.179427 0.122969 0.0578332 0.0189414 0.00508585 0.00283854 0.00436846 0.00733224 0.0110491 0.0149301 0.0183985 0.0211663 0.0233186 0.0250677 0.0264028 0.0269763 0.0263264 0.0242249
 1.06716e-16 5.45326e-05 0.000530076 0.00352255 0.016013 0.0498225 0.106153 0.154939 0.154964 0.106275 0.0502326 0.0171975 0.00649592 0.00702188 0.012387 0.020403 0.0294188 0.0370815 0.0410513 0.0403018 0.0357553 0.0296674 0.0242524 0.0206082 0.0185688 0.0172833
 1.0991e-16 3.93068e-05 0.000382076 0.00253903 0.0115421 0.0359119 0.0765153 0.111683 0.111717 0.0766792 0.0364627 0.013135 0.00654413 0.00914764 0.0167526 0.0278058 0.0404559 0.0517239 0.0585776 0.0595991 0.0557587 0.0495986 0.0435295 0.0386198 0.0345995 0.0306806
 1.07335e-16 6.26128e-05 0.000608619 0.00404449 0.0183857 0.0572047 0.121881 0.177891 0.177902 0.121936 0.0573884 0.0189177 0.00538575 0.0035556 0.00571568 0.00949842 0.0140274 0.018384 0.0216713 0.0234836 0.0241002 0.0241734 0.0241783 0.0240897 0.0235028 0.0220116
 1.05276e-16 5.93988e-05 0.000577378 0.00383688 0.0174419 0.0542683 0.115625 0.168763 0.168783 0.115725 0.0546041 0.0184117 0.00627195 0.00589541 0.0101664 0.0167329 0.0241492 0.0304851 0.0338261 0.03332 0.0296931 0.0247509 0.0202701 0.0171384 0.015247 0.0139576
 1.09281e-16 3.26097e-05 0.000316978 0.00210643 0.00957555 0.0297933 0.0634794 0.0926588 0.092701 0.0636853 0.030485 0.0115748 0.00713014 0.0113011 0.0209445 0.0347075 0.0503077 0.0639218 0.0716546 0.0716928 0.0653283 0.0559503 0.0468704 0.0397141 0.0343261 0.0297413
 1.1725e-16 3.83408e-05 0.000372687 0.00247663 0.0112584 0.0350293 0.0746343 0.108935 0.108956 0.074736 0.0353716 0.0122517 0.00498646 0.00590692 0.0107118 0.0180765 0.0270438 0.0361342 0.0438313 0.0494159 0.0532398 0.0561178 0.0583835 0.0594706 0.0583376 0.0542834
 1.07049e-16 6.9374e-05 0.00067434 0.00448123 0.020371 0.0633818 0.135042 0.197099 0.197106 0.135077 0.0634992 0.0207109 0.00533713 0.00255182 0.00366239 0.00601885 0.00884384 0.0115176 0.0134758 0.0145081 0.0148856 0.015143 0.0156756 0.016472 0.0171547 0.0172417
pSPR Fmed_Fpbrs
0.721889   0.6 0.325
Fs Fmed_Fpbrs
0.167309   0.270532 0.656314
SSBpbr Bo_Bmed_Bpbrs
2.37497e+06  1.59571e+06  1.30623e+06 653116
Ro
224655
SPR SPRFo_SPRFmed_SPRFpbrs
1.60582e+06 1.15922e+06 521890
Fref
0.270532
Nvult_r0
 266660 23878.2 10849 11908.7 4590.26
CTP_r0
 27830.6 2843.29 1301.49 1429.18 550.896
YTP_r0
391298
Np
 311950 129810 11307.6 5128.86 7436.25
Nvult_p0
 220874 93286.7 8133.33 3689.27 5349.02
CTP_p0
 41469.7 19724.2 1731.17 785.535 1138.96
YTP_p0
 732178
CBA_c0
493562
log_Ro
12.1423
likeval ReclasPelacesDesembMPH_pf_preclas_ppelaces_ptallas_desvR_qrecl_qpela
 15.8168 17.3374 0.0992192 0.000811974 241.381 120.302 98.1136 0 22.8716 9.62712e-06 3.40376e-06 0.505002 7.61587e-16 0 0
q_reclas_q_pelaces
0.644246 0.769143
M
1
N
 235173 54463.3 211079 11548 0.364405
 136620 79806.5 18245.1 70655 3865.44
 135235 43458.4 24802.5 5662.15 23124.8
 247068 43213.4 13577.4 7738.13 8980.54
 197787 73711.9 12467.7 3909.2 4813.08
 326550 67823.3 24993.9 4224.56 2955.36
 137922 104341 21188.3 7797.37 2239.76
 65809.2 37606.8 27119.4 5490.83 2600.66
 60321.2 23117.4 13113.3 9452.07 2820.1
 78484.3 18543.1 6905.19 3910.02 3658.88
 142556 22913.9 5217.24 1938.41 2124.46
 179192 49416.8 7867.93 1790.39 1394.2
 150863 49919.1 13167.6 2090.75 846.116
 106492 42912.2 13626.8 3585.36 799.562
 110653 25953.6 9791.61 3096.75 996.274
 575761 30982.8 6956.53 2617.47 1093.98
 132585 166799 8639.21 1935.19 1032.33
 870690 41848 51372.5 2656.79 912.518
 510063 273059 12793.2 15680.3 1089.36
 389648 148980 76865.5 3593.09 4709.33
 593070 116973 43293 22292.1 2407.56
 791624 187086 36003.1 13305 7590.19
 172927 239601 54885.3 10541.9 6117.59
 509261 56785.1 77262.6 17678.7 5365.76
 427826 169821 18640.6 25338.2 7557.01
 193948 142361 55608.8 6097.96 10760.5
 430489 65787.3 47666.1 18604.3 5639.88
 481729 143353 21561 15606.6 7937.52
 146074 162623 47732.7 7173.14 7832.58
 107118 49531.5 54429 15963 5018.07
 396469 35185.8 15977.8 17538 6760.1
pred_Ctot
 11604.2 3100.77 12115.5 663.116 0.0209256
 11826.3 7938.13 1829.14 7086.37 387.694
 11362 4196.74 2414.13 551.351 2251.82
 30027.2 6010.87 1903.05 1085.04 1259.27
 8534.95 3672.6 626.282 196.453 241.883
 27445.3 6551.91 2433.61 411.509 287.884
 23120.5 19910.9 4072.88 1499.41 430.708
 1884.21 1245.16 905.379 183.391 86.8628
 6360.49 2794.99 1597.77 1152.15 343.761
 10433.5 2817.58 1057.18 598.861 560.408
 5225.7 970.51 222.796 82.8135 90.7642
 28124.7 8840.31 1417.94 322.786 251.363
 22086.1 8339.97 2216.36 352.054 142.477
 23490.4 10706 3423.25 901.023 200.939
 17083.8 4568.53 1736.38 549.372 176.746
 78862.4 4848.32 1096.81 412.849 172.555
 12052.9 17415.1 909.105 203.725 108.68
 82253.1 4538.63 5615.36 290.525 99.7877
 67692.1 41421.7 1955.38 2397.61 166.573
 46069.1 20167.4 10485.2 490.332 642.674
 54100.1 12254.6 4571.26 2354.78 254.323
 90122.3 24398.2 4731.45 1749.22 997.914
 11847.1 18900.1 4364.2 838.595 486.656
 30357.9 3901.36 5351.21 1224.95 371.799
 26033.4 11908.2 1317.68 1791.89 534.436
 9621.11 8148.16 3208.78 352.02 621.193
 26010.5 4580.79 3345.84 1306.46 396.06
 25255.2 8668.59 1314.41 951.827 484.109
 7275.35 9345.07 2765.32 415.743 453.973
 7319.7 3897.13 4316.86 1266.59 398.169
 27830.6 2843.29 1301.49 1429.18 550.896
F
 0.0807176 0.0936298 0.0944248 0.094467 0.0944692
 0.145401 0.16866 0.170092 0.170168 0.170172
 0.140864 0.163397 0.164784 0.164858 0.164862
 0.209499 0.243012 0.245075 0.245185 0.245191
 0.0702875 0.0815312 0.0822234 0.0822602 0.0822621
 0.140916 0.163458 0.164846 0.16492 0.164924
 0.299507 0.347419 0.350368 0.350525 0.350533
 0.0461731 0.0535593 0.0540141 0.0540382 0.0540395
 0.179586 0.208313 0.210082 0.210176 0.210181
 0.231153 0.26813 0.270406 0.270527 0.270534
 0.0594416 0.0689504 0.0695358 0.0695669 0.0695685
 0.278054 0.322534 0.325273 0.325418 0.325426
 0.257218 0.298365 0.300898 0.301032 0.30104
 0.411763 0.477631 0.481687 0.481902 0.481913
 0.272965 0.316631 0.319319 0.319462 0.319469
 0.238905 0.277122 0.279475 0.279599 0.279606
 0.153181 0.177685 0.179193 0.179274 0.179278
 0.159598 0.185128 0.1867 0.186784 0.186788
 0.230723 0.267631 0.269903 0.270024 0.27003
 0.203301 0.235822 0.237824 0.237931 0.237936
 0.153744 0.178338 0.179853 0.179933 0.179937
 0.195112 0.226323 0.228245 0.228347 0.228352
 0.113593 0.131764 0.132883 0.132943 0.132946
 0.0982194 0.113931 0.114899 0.11495 0.114953
 0.100348 0.1164 0.117389 0.117441 0.117444
 0.0811636 0.0941471 0.0949465 0.094989 0.0949912
 0.0996093 0.115543 0.116525 0.116577 0.116579
 0.0859457 0.0996941 0.100541 0.100586 0.100588
 0.0815012 0.0945387 0.0953414 0.0953841 0.0953863
 0.113286 0.131409 0.132524 0.132584 0.132587
 0.116529 0.13517 0.136318 0.136379 0.136382
nmprior
 8.19 8.8 8.5 0
nm_flota  nm_reclas  nm_pelaces    nm_pelaL
inf 11.6891 17.8854 42.4863
cv_recla  cv_pelaces  cv_mph
0.359736 0.472133 0.87938
 ------------------------------------------------
Talla a la edad & desviaci?n 
 8 13.2811 15.8009 17.003 17.5766
 0.8 1.32811 1.58009 1.7003 1.75766
