years
 1991 1992 1993 1994 1995 1996 1997 1998 1999 2000 2001 2002 2003 2004 2005 2006 2007 2008 2009 2010 2011 2012 2013 2014 2015 2016 2017 2018 2019 2020 2021
reclasobs
 0 0 0 0 0 0 0 0 0 252601 567819 844713 477998 351125 339783 2.1784e+06 2.13404e+06 4.81314e+06 1.55562e+06 2.62356e+06 3.21686e+06 3.843e+06 1.13348e+06 3.07943e+06 1.97215e+06 2.03268e+06 2.025e+06 2.42433e+06 2.27542e+06 1.05018e+06 2.36338e+06
reclaspred
 3.24664e+06 1.82369e+06 925627 938502 943490 1.47988e+06 943748 839726 612261 446921 505589 645421 637197 500714 507468 1.28948e+06 1.25566e+06 2.82258e+06 2.32291e+06 1.73267e+06 3.05578e+06 2.48274e+06 1.98196e+06 3.04632e+06 2.29244e+06 2.03174e+06 2.39803e+06 2.54095e+06 2.09084e+06 1.3303e+06 1.92685e+06
pelacesobs
 0 0 0 0 0 0 0 0 0 0 0 0 0 0 0 552880 188675 0 991730 2.46772e+06 1.41603e+06 1.21717e+06 2.29649e+06 1.80582e+06 0 1.4828e+06 1.56532e+06 1.57751e+06 1.42118e+06 867257 1.10002e+06
pelacespred
 1.8156e+06 1.13565e+06 577245 478545 499934 810649 483140 526522 372606 258143 300937 320662 347480 288712 300142 632125 616240 1.59248e+06 1.35494e+06 938005 1.59903e+06 1.41071e+06 1.1233e+06 1.88847e+06 1.37104e+06 1.21102e+06 1.62705e+06 1.70112e+06 1.15278e+06 832492 1.18865e+06
mphobs
 0 0 0 0 0 0 0 0 0 0 0 498337 0 5186 125008 0 168611 109162 213762 579715 649985 157893 87575 83554 0 0 0 0 0 0 0
mphpred
 490309 328030 164033 89854.3 100293 114076 149474 94549.7 83636.4 57888.6 38325.1 59637.3 63961.9 54446.5 37402.3 47180.9 148308 142295 279958 211235 226091 278159 264508 219353 304497 251709 207514 220064 306087 209958 132762
desembarqueobs
 494567 514787 250237 358949 120608 361735 552515 73892 212993 205616 52469 317467 293654 387597 252695 516296 358380 742168 942051 627588 828172 859565 418607 520667 417249 300574 415391 372974 316634 284311 391294
desembarquepred
 494574 513427 250925 358978 120613 361751 552570 73896.2 213042 205662 52471.6 317537 293709 387643 252694 516267 358405 742078 941875 627468 828246 859595 418619 520693 417251 300577 415393 372961 316629 284320 391300
Reclutas
 202253 114589 115098 198107 158847 267114 111287 51282 47839.3 63114.4 116283 152796 127994 89731.9 89992.9 476709 104299 738621 424847 328996 483265 650195 138055 403544 341977 153790 341856 383672 115633 84219.5 311783
log_desv_Rt
 0.100805 -0.46736 -0.462931 0.0800935 -0.140775 0.37896 -0.496606 -1.27137 -1.34087 -1.06377 -0.452691 -0.17961 -0.356734 -0.711889 -0.708984 0.958191 -0.561449 1.39607 0.843014 0.587329 0.97185 1.26856 -0.281061 0.79157 0.626029 -0.173129 0.625676 0.741073 -0.458296 -0.775288 0.533592
SSB
 3.32408e+06 2.2239e+06 1.11208e+06 609174 679944 773386 1.01337e+06 641007 567019 392460 259828 404315 433634 369124 253572 319867 1.00546e+06 964701 1.89799e+06 1.43209e+06 1.5328e+06 1.8858e+06 1.79325e+06 1.48712e+06 2.06436e+06 1.70648e+06 1.40686e+06 1.49194e+06 2.07514e+06 1.42343e+06 900072
BT
 4.46686e+06 3.04088e+06 1.53725e+06 1.36869e+06 1.20948e+06 2.11553e+06 1.57375e+06 1.23845e+06 1.04262e+06 774522 716660 981994 1.04191e+06 1.04725e+06 922932 1.82901e+06 1.65423e+06 4.20598e+06 3.92789e+06 2.65599e+06 4.23777e+06 3.94963e+06 2.8697e+06 4.69521e+06 3.4422e+06 2.9667e+06 4.05216e+06 4.16794e+06 2.83177e+06 2.13203e+06 3.02175e+06
Ftot
 0.12808 0.232924 0.226631 0.339041 0.11302 0.222315 0.485342 0.077192 0.301872 0.396203 0.0974359 0.434934 0.405795 0.671644 0.457348 0.383422 0.245414 0.247834 0.354669 0.318022 0.243601 0.308794 0.180681 0.15815 0.159646 0.128684 0.159234 0.136641 0.127357 0.181094 0.189884
BD_Bspro_t
 0.979756 0.852654 0.699107 0.613301 0.608736 0.681836 0.672035 0.516343 0.572634 0.531454 0.499247 0.689896 0.575605 0.487609 0.382602 0.439862 0.606019 0.583406 0.676303 0.581651 0.553243 0.600816 0.616704 0.610894 0.712463 0.721093 0.728229 0.760757 0.801891 0.740921 0.679223
BD_Bspro
 2.54317 1.70145 0.850821 0.466064 0.520208 0.591698 0.775303 0.490418 0.433812 0.300261 0.198788 0.309332 0.331763 0.282408 0.194001 0.244722 0.769253 0.738068 1.45211 1.09565 1.17271 1.44278 1.37197 1.13776 1.57939 1.30559 1.07635 1.14145 1.58764 1.08903 0.688622
BD_Bo
 1.7093 1.14357 0.571848 0.313247 0.349638 0.397688 0.521091 0.329616 0.291571 0.201809 0.133608 0.207906 0.222982 0.18981 0.130391 0.164481 0.517025 0.496065 0.97598 0.736402 0.788191 0.969708 0.922118 0.764701 1.06153 0.877501 0.723428 0.76718 1.06707 0.731949 0.462832
BD_Brms
 3.10782 2.07921 1.03972 0.569541 0.635706 0.723069 0.947438 0.599302 0.530128 0.366926 0.242923 0.37801 0.405422 0.345108 0.237074 0.299056 0.940045 0.901936 1.77451 1.33891 1.43307 1.76311 1.67658 1.39036 1.93005 1.59546 1.31532 1.39487 1.94013 1.33082 0.841512
Sel_flota
 0.79353 0.986491 0.99928 0.999962 0.999998
 0.79353 0.986491 0.99928 0.999962 0.999998
 0.79353 0.986491 0.99928 0.999962 0.999998
 0.79353 0.986491 0.99928 0.999962 0.999998
 0.79353 0.986491 0.99928 0.999962 0.999998
 0.79353 0.986491 0.99928 0.999962 0.999998
 0.79353 0.986491 0.99928 0.999962 0.999998
 0.79353 0.986491 0.99928 0.999962 0.999998
 0.79353 0.986491 0.99928 0.999962 0.999998
 0.79353 0.986491 0.99928 0.999962 0.999998
 0.79353 0.986491 0.99928 0.999962 0.999998
 0.79353 0.986491 0.99928 0.999962 0.999998
 0.79353 0.986491 0.99928 0.999962 0.999998
 0.79353 0.986491 0.99928 0.999962 0.999998
 0.79353 0.986491 0.99928 0.999962 0.999998
 0.79353 0.986491 0.99928 0.999962 0.999998
 0.79353 0.986491 0.99928 0.999962 0.999998
 0.79353 0.986491 0.99928 0.999962 0.999998
 0.79353 0.986491 0.99928 0.999962 0.999998
 0.79353 0.986491 0.99928 0.999962 0.999998
 0.79353 0.986491 0.99928 0.999962 0.999998
 0.79353 0.986491 0.99928 0.999962 0.999998
 0.79353 0.986491 0.99928 0.999962 0.999998
 0.79353 0.986491 0.99928 0.999962 0.999998
 0.79353 0.986491 0.99928 0.999962 0.999998
 0.79353 0.986491 0.99928 0.999962 0.999998
 0.79353 0.986491 0.99928 0.999962 0.999998
 0.79353 0.986491 0.99928 0.999962 0.999998
 0.79353 0.986491 0.99928 0.999962 0.999998
 0.79353 0.986491 0.99928 0.999962 0.999998
 0.79353 0.986491 0.99928 0.999962 0.999998
Sel_reclas
 1 1 1 1 1
 1 1 1 1 1
 1 1 1 1 1
 1 1 1 1 1
 1 1 1 1 1
 1 1 1 1 1
 1 1 1 1 1
 1 1 1 1 1
 1 1 1 1 1
 1 1 1 1 1
 1 1 1 1 1
 1 1 1 1 1
 1 1 1 1 1
 1 1 1 1 1
 1 1 1 1 1
 1 1 1 1 1
 1 1 1 1 1
 1 1 1 1 1
 1 1 1 1 1
 1 1 1 1 1
 1 1 1 1 1
 1 1 1 1 1
 1 1 1 1 1
 1 1 1 1 1
 1 1 1 1 1
 1 1 1 1 1
 1 1 1 1 1
 1 1 1 1 1
 1 1 1 1 1
 1 1 1 1 1
 1 1 1 1 1
Sel_pelaces
 1 1 1 1 1
 1 1 1 1 1
 1 1 1 1 1
 1 1 1 1 1
 1 1 1 1 1
 1 1 1 1 1
 1 1 1 1 1
 1 1 1 1 1
 1 1 1 1 1
 1 1 1 1 1
 1 1 1 1 1
 1 1 1 1 1
 1 1 1 1 1
 1 1 1 1 1
 1 1 1 1 1
 1 1 1 1 1
 1 1 1 1 1
 1 1 1 1 1
 1 1 1 1 1
 1 1 1 1 1
 1 1 1 1 1
 1 1 1 1 1
 1 1 1 1 1
 1 1 1 1 1
 1 1 1 1 1
 1 1 1 1 1
 1 1 1 1 1
 1 1 1 1 1
 1 1 1 1 1
 1 1 1 1 1
 1 1 1 1 1
pf_obs 
 0.8446 0.082 0.0669 0.0065 0
 0.8095 0.147 0.0364 0.0071 0
 0.9664 0.0169 0.016 0.0007 0
 0.9276 0.0648 0.0075 0.0001 0
 0.7033 0.2144 0.0806 0.0017 0
 0.9318 0.0425 0.0243 0.0014 0
 0.5671 0.3108 0.0964 0.0239 0.0018
 0.0768 0.2599 0.5324 0.112 0.0189
 0.490249 0.384438 0.106611 0.0170017 0.00170017
 0.7925 0.1577 0.0466 0.003 0.0002
 0.840416 0.127587 0.0312969 0.00059994 9.999e-05
 0.8084 0.0986 0.0794 0.0134 0.0002
 0.7335 0.1905 0.0724 0.0035 0.0001
 0.4001 0.4547 0.1325 0.0127 0
 0.49795 0.308269 0.164784 0.0264974 0.00249975
 0.9179 0.0499 0.0305 0.0017 0
 0.2467 0.6533 0.0926 0.0074 0
 0.9418 0.0223 0.034 0.0019 0
 0.707729 0.231977 0.0356964 0.0245975 0
 0.517169 0.277429 0.184464 0.0207286 0.00020938
 0.811772 0.124168 0.05621 0.00726502 0.000585176
 0.764997 0.148141 0.077277 0.00933861 0.000247198
 0.163321 0.427699 0.378323 0.0303852 0.000271297
 0.753843 0.0900009 0.118128 0.0371064 0.000921714
 0.721811 0.176058 0.0630433 0.0369309 0.00215725
 0.143369 0.312575 0.442814 0.0836902 0.0175525
 0.692698 0.0596174 0.167031 0.0765114 0.00414204
 0.394062 0.376323 0.152708 0.0712218 0.00568511
 0.125707 0.32114 0.495352 0.0537591 0.00404204
 0.23352 0.215282 0.420074 0.123614 0.00750983
 0.774587 0.0839891 0.0768558 0.0609784 0.00358967
pf_pred 
 0.439883 0.12098 0.414906 0.02423 8.03159e-07
 0.409839 0.293506 0.0647436 0.219123 0.012788
 0.557709 0.2074 0.117678 0.0255962 0.0916165
 0.740066 0.160089 0.0471777 0.0263957 0.0262708
 0.64516 0.278675 0.0471838 0.0136997 0.0152812
 0.739606 0.180746 0.0627311 0.0104829 0.00643413
 0.468566 0.415913 0.0805336 0.0275612 0.00742695
 0.443606 0.297701 0.203174 0.0387139 0.0168049
 0.525315 0.236695 0.128108 0.0863133 0.0235694
 0.689065 0.182453 0.0645473 0.0344275 0.0295066
 0.804797 0.144756 0.0297944 0.0103802 0.010273
 0.728628 0.227208 0.0328626 0.00667627 0.00462463
 0.674497 0.252924 0.0609246 0.0086744 0.00298044
 0.617953 0.278378 0.0808339 0.019171 0.00366432
 0.725739 0.187706 0.0633744 0.0180785 0.00510225
 0.930021 0.0542614 0.0108121 0.00359283 0.00131304
 0.384436 0.581633 0.0264006 0.00518089 0.00234884
 0.894345 0.0466339 0.0558111 0.0024977 0.000711824
 0.590074 0.375171 0.0154623 0.0182443 0.00104837
 0.598605 0.260398 0.129211 0.00524578 0.00654004
 0.734446 0.174347 0.0594755 0.0290805 0.0026504
 0.739918 0.202464 0.0380157 0.0127861 0.00681642
 0.320568 0.532832 0.114498 0.0211862 0.0109159
 0.73556 0.0984815 0.130536 0.0276707 0.00775244
 0.623413 0.293062 0.0313719 0.0410276 0.0111255
 0.432162 0.383286 0.14406 0.0152154 0.0252762
 0.726732 0.133326 0.0948691 0.0351888 0.00988352
 0.684301 0.243116 0.0356611 0.0250359 0.011886
 0.351509 0.4738 0.134947 0.0195336 0.0202097
 0.419305 0.234634 0.253747 0.0713232 0.0209903
 0.819081 0.0863521 0.0385255 0.0410997 0.0149412
pobs_RECLAS
 0 0 0 0 0
 0 0 0 0 0
 0 0 0 0 0
 0 0 0 0 0
 0 0 0 0 0
 0 0 0 0 0
 0 0 0 0 0
 0 0 0 0 0
 0 0 0 0 0
 0 0 0 0 0
 0.991045 0.00858322 0.000360255 1.14367e-05 0
 0.934742 0.0480273 0.0164251 0.00080598 0
 0.827803 0.169806 0.00239088 0 0
 0.941827 0.0461693 0.0120037 0 0
 0.791401 0.0380133 0.147996 0.0225897 0
 0.846168 0.0940531 0.0597789 0 0
 0.134021 0.677848 0.182769 0.00536245 0
 0.80878 0.0450904 0.141981 0.00414843 0
 0.846168 0.0940531 0.0597789 0 0
 0.905697 0.0802665 0.012482 0.00150086 5.37128e-05
 0.989698 0.0102097 9.19794e-05 0 0
 0.975433 0.0193895 0.00387452 0.00125025 5.28907e-05
 0.303575 0.632131 0.0575291 0.00676475 0
 0.966965 0.00978017 0.0227588 0.000495775 0
 0.843318 0.132988 0.00938335 0.0141283 0.000182051
 0.564624 0.303363 0.111486 0.0197234 0.00080311
 0.826376 0.0876187 0.0782897 0.00655872 0.00115652
 0.89761 0.0855135 0.0140674 0.00269457 0.000114338
 0.34875 0.467042 0.161289 0.0227151 0.000203297
 0.318654 0.224769 0.449479 0.00709798 0
 0.937255 0.0296025 0.0250945 0.00804832 0
ppred_RECLAS
 0.497127 0.109733 0.371462 0.021678 7.18538e-07
 0.466133 0.267342 0.0581999 0.196838 0.011487
 0.613245 0.182662 0.102286 0.0222327 0.0795746
 0.781791 0.1351 0.0392854 0.0219644 0.0218597
 0.694298 0.240766 0.0402383 0.011675 0.0130223
 0.780712 0.152832 0.0523492 0.00874193 0.00536536
 0.526366 0.371788 0.0710157 0.0242863 0.00654422
 0.499626 0.26936 0.181463 0.0345533 0.0149983
 0.5822 0.209752 0.112027 0.0754256 0.0205956
 0.736425 0.155545 0.0542927 0.0289374 0.0248003
 0.837439 0.120962 0.0245756 0.00855608 0.00846742
 0.771528 0.191715 0.0273565 0.00555369 0.00384688
 0.722699 0.21612 0.0513628 0.00730777 0.00251078
 0.67237 0.239643 0.0686173 0.0162615 0.0031081
 0.769434 0.158484 0.0527875 0.0150476 0.00424669
 0.943521 0.0439271 0.00863613 0.00286772 0.001048
 0.438396 0.531036 0.023788 0.00466491 0.00211484
 0.914174 0.0381622 0.0450733 0.00201574 0.000574449
 0.643455 0.326695 0.0132855 0.0156647 0.000900108
 0.652123 0.226738 0.111021 0.00450409 0.00561514
 0.776296 0.147548 0.0496734 0.0242708 0.00221197
 0.781145 0.170879 0.0316613 0.0106414 0.00567283
 0.371134 0.494582 0.104895 0.0193959 0.00999309
 0.777611 0.0835095 0.109253 0.0231432 0.00648375
 0.674273 0.254239 0.0268625 0.035106 0.00951942
 0.487791 0.347216 0.128813 0.0135957 0.0225846
 0.769487 0.113232 0.0795246 0.0294769 0.00827889
 0.730419 0.208238 0.0301493 0.0211517 0.0100416
 0.403963 0.437019 0.12286 0.0177717 0.0183862
 0.47583 0.213475 0.227859 0.064002 0.018835
 0.850476 0.0718725 0.0316477 0.0337389 0.0122648
pobs_PELACES
 0 0 0 0 0
 0 0 0 0 0
 0 0 0 0 0
 0 0 0 0 0
 0 0 0 0 0
 0 0 0 0 0
 0 0 0 0 0
 0 0 0 0 0
 0 0 0 0 0
 0 0 0 0 0
 0 0 0 0 0
 0 0 0 0 0
 0 0 0 0 0
 0 0 0 0 0
 0 0 0 0 0
 0 0 0 0 0
 0.505614 0.472636 0.0217494 0 0
 0 0 0 0 0
 0.443492 0.261883 0.143347 0.151278 0
 0.227955 0.32914 0.350689 0.0885471 0.00366901
 0.970185 0.0296113 0.000203453 0 0
 0.997202 0.00247181 0.000326279 0 0
 0.445219 0.490057 0.0546422 0.010081 0
 0.90214 0.0892962 0.00764917 0.000914606 0
 0 0 0 0 0
 0.581667 0.319106 0.0959925 0.00289975 0.000334073
 0.762889 0.0836404 0.116647 0.0363945 0.000428098
 0.88444 0.0763242 0.0277011 0.0115352 0
 0.521256 0.241999 0.230069 0.00667565 0
 0.616807 0.101726 0.260614 0.0208532 0
 0.833518 0.0704572 0.0857862 0.0102388 0
ppred_PELACES
 0.499272 0.109311 0.369834 0.0215824 7.15368e-07
 0.469953 0.265564 0.0577562 0.195327 0.0113988
 0.616784 0.181084 0.101305 0.0220184 0.0788076
 0.785546 0.132849 0.0385758 0.021566 0.0214631
 0.695845 0.239572 0.0400197 0.0116113 0.0129512
 0.783175 0.151159 0.0517276 0.0086377 0.00530137
 0.534175 0.365821 0.0697331 0.0238451 0.00642529
 0.500893 0.268718 0.180972 0.0344592 0.0149575
 0.587026 0.207464 0.110664 0.0745028 0.0203435
 0.741427 0.1527 0.0532107 0.0283582 0.0243037
 0.838297 0.120337 0.0244385 0.00850818 0.00842001
 0.776425 0.187662 0.0267291 0.00542578 0.00375826
 0.727923 0.212129 0.0503281 0.0071599 0.00245997
 0.681888 0.232861 0.0664865 0.0157542 0.0030111
 0.774667 0.154982 0.0515215 0.0146852 0.00414439
 0.944827 0.0429269 0.00842585 0.00279766 0.00102239
 0.442262 0.527411 0.0236011 0.00462801 0.0020981
 0.915449 0.0376171 0.044383 0.00198476 0.000565619
 0.648649 0.321977 0.0130741 0.0154142 0.00088571
 0.656808 0.223789 0.10943 0.00443923 0.00553426
 0.77904 0.14579 0.0490313 0.0239558 0.00218324
 0.784538 0.168279 0.031139 0.0104651 0.00557885
 0.373862 0.492518 0.104378 0.0192994 0.00994338
 0.77942 0.0828651 0.108338 0.0229485 0.00642918
 0.676535 0.252512 0.026662 0.0348428 0.00944803
 0.489883 0.345859 0.12824 0.0135348 0.0224834
 0.771342 0.11236 0.0788591 0.0292291 0.00820929
 0.732156 0.206925 0.0299419 0.0210056 0.00997219
 0.405952 0.435624 0.122402 0.0177049 0.0183171
 0.478821 0.212354 0.226489 0.0636148 0.018721
 0.852061 0.071141 0.0313005 0.0333673 0.0121297
pobs_pel_tallas
 0 0 0 0 0 0 0 0 0 0 0 0 0 0 0 0 0 0 0 0 0 0 0 0 0 0
 0 0 0 0 0 0 0 0 0 0 0 0 0 0 0 0 0 0 0 0 0 0 0 0 0 0
 0 0 0 0 0 0 0 0 0 0 0 0 0 0 0 0 0 0 0 0 0 0 0 0 0 0
 0 0 0 0 0 0 0 0 0 0 0 0 0 0 0 0 0 0 0 0 0 0 0 0 0 0
 0 0 0 0 0 0 0 0 0 0 0 0 0 0 0 0 0 0 0 0 0 0 0 0 0 0
 0 0 0 0 0 0 0 0 0 0 0 0 0 0 0 0 0 0 0 0 0 0 0 0 0 0
 0 0 0 0 0 0 0 0 0 0 0 0 0 0 0 0 0 0 0 0 0 0 0 0 0 0
 0 0 0 0 0 0 0 0 0 0 0 0 0 0 0 0 0 0 0 0 0 0 0 0 0 0
 0 0 0 0 0 0 0 0 0 0 0 0 0 0 0 0 0 0 0 0 0 0 0 0 0 0
 0 0 0 0 0 0 0 0 0 0 0 0 0 0 0 0 0 0 0 0 0 0 0 0 0 0
 0 0 0 0 0 0 0 0 0 0 0 0 0 0 0 0 0 0 0 0 0 0 0 0 0 0
 0 0 0 0 0 0 0 0 0 0 0 0 0 0 0 0 0 0 0 0 0 0 0 0 0 0
 0.00862536 0 0 0.000197151 0.00414017 0.0128641 0.00837892 0.0270097 0.101434 0.158115 0.152841 0.127902 0.109271 0.109419 0.0830992 0.0579132 0.0238553 0.00714673 0.00463305 0.00128148 0.00103504 0.000492878 0.000147863 0.000147863 4.92878e-05 0
 0 0 0 0 0 0 0 0 0 0 0 0 0 0 0 0 0 0 0 0 0 0 0 0 0 0
 0 0 0 0 0 0 0 0.0054083 0.00873648 0.0413646 0.0450493 0.0745869 0.0622846 0.0627006 0.0613931 0.0827291 0.12552 0.122667 0.0946155 0.0697135 0.0546179 0.0294188 0.0215738 0.0213955 0.0102223 0.00600262
 0 0 0 0 0.00359764 0.0251062 0.0480494 0.140153 0.205849 0.193036 0.1447 0.116669 0.0760912 0.0342217 0.00950174 0.001854 0.000860785 0 0 0 0.000165536 0 0.000143464 0 0 0
 0 0 0 0 0 0 0 0.000145254 0.000435761 0.0275982 0.070085 0.0708112 0.156366 0.174668 0.174014 0.160142 0.0824315 0.0480064 0.0283245 0.00493863 0.00203355 0 0 0 0 0
 0 0 0 0 0 0 0 0 0 0 0 0 0 0 0 0 0 0 0 0 0 0 0 0 0 0
 0 0 1.00437e-05 0.000401748 0.00122533 0.00171747 0.00176769 0.0269171 0.070346 0.194647 0.189555 0.159765 0.064822 0.0314167 0.0384472 0.0292271 0.0345202 0.0313363 0.0194345 0.0106764 0.0143323 0.0359363 0.0279516 0.0138201 0.00172751 0
 0 0.0021121 0.0136068 0.0755702 0.200478 0.177729 0.0527432 0.0373336 0.0318909 0.0142505 0.0149659 0.0166563 0.0217959 0.0798694 0.0677717 0.0528807 0.04013 0.0224614 0.0357745 0.0225083 0.00881397 0.00855152 0.00135912 0.000746735 0 0
 0 0 0 0 5.4009e-05 0.00500934 0.000945158 0.0243581 0.138947 0.33067 0.221406 0.137944 0.0707744 0.0437923 0.0131692 0.00525238 0.0047753 0.00276346 9.45158e-05 9.00151e-06 2.25038e-05 9.00151e-06 4.50075e-06 0 0 0
 0.000866109 0.00284123 0.00948549 0.0512746 0.133035 0.25785 0.225252 0.132002 0.0553304 0.0519788 0.0540692 0.017754 0.00435017 0.00159236 0.00146478 0.000404838 0.000125132 0.000115318 0.000107957 0.000100596 0 0 0 0 0 0
 0 0 0 0 0.00144013 0.00171154 0.00461396 0.0210425 0.0478622 0.0707936 0.0888783 0.103762 0.0637923 0.0337046 0.0602308 0.124433 0.169614 0.0934646 0.0462172 0.0250306 0.0313229 0.00938855 0.002487 0.000210481 0 0
 0 0.00764035 0.051015 0.0998891 0.058973 0.0496711 0.0374665 0.0718981 0.12319 0.153886 0.159021 0.0857701 0.0377988 0.023471 0.0147837 0.00900784 0.00315554 0.000888139 0.00291439 0.00214683 0.00393193 0.00274676 0.000635225 9.99891e-05 0 0
 0 0 0 0 0 0 0 0 0 0 0 0 0 0 0 0 0 0 0 0 0 0 0 0 0 0
 0 0 0 0 0 0 0 0 0 0 0 0 0 0 0 0 0 0 0 0 0 0 0 0 0 0
 0 0 0 0 0 0 0 0 0 0 0 0 0 0 0 0 0 0 0 0 0 0 0 0 0 0
 0 0 0 0 0 0 0 0 0 0 0 0 0 0 0 0 0 0 0 0 0 0 0 0 0 0
 0 0 0 0 0 0 0 0 0 0 0 0 0 0 0 0 0 0 0 0 0 0 0 0 0 0
 0 0 0 0 0 0 0 0 0 0 0 0 0 0 0 0 0 0 0 0 0 0 0 0 0 0
 0 0 0 0 0 0 0 0 0 0 0 0 0 0 0 0 0 0 0 0 0 0 0 0 0 0
ppred_pel_tallas
 1.12866e-16 4.11244e-05 0.000399744 0.00265644 0.0120758 0.0375723 0.0800522 0.116841 0.116852 0.0801066 0.0377567 0.0126154 0.00403752 0.00350227 0.0061895 0.0108337 0.0171498 0.0247796 0.0332625 0.0421923 0.0511132 0.0591672 0.0649126 0.0667064 0.0635279 0.0556566
 1.23253e-16 3.87095e-05 0.00037627 0.00250045 0.0113667 0.0353661 0.0753522 0.109984 0.11001 0.0754778 0.0357882 0.0125873 0.00557013 0.00709789 0.012868 0.0213902 0.0312589 0.040335 0.0465548 0.0491976 0.0493952 0.0493232 0.0506625 0.0535127 0.056457 0.0575294
 1.18515e-16 5.08038e-05 0.000493831 0.00328168 0.014918 0.0464157 0.0988942 0.144343 0.14436 0.0989802 0.0467049 0.0157553 0.00539043 0.00512088 0.00890908 0.0148372 0.0218231 0.028429 0.0332491 0.035723 0.0364713 0.0367893 0.0376952 0.0392895 0.0408219 0.0412537
 1.06943e-16 6.47044e-05 0.00062895 0.00417959 0.0189998 0.0591156 0.125952 0.183834 0.183847 0.126015 0.0593265 0.0196096 0.00571243 0.00398238 0.00645528 0.0106284 0.0154474 0.0197398 0.0223692 0.0228505 0.0216414 0.0198054 0.0183134 0.0175299 0.0171928 0.0167582
 1.04573e-16 5.73159e-05 0.000557131 0.00370233 0.0168303 0.0523654 0.111571 0.162846 0.162869 0.111684 0.0527445 0.0179255 0.0064521 0.00656222 0.0114691 0.0188892 0.0272516 0.0343726 0.0380692 0.0373484 0.0329963 0.02703 0.0214661 0.0173644 0.0147022 0.0128751
 1.03295e-16 6.45091e-05 0.000627051 0.00416698 0.0189425 0.0589372 0.125572 0.18328 0.183294 0.125644 0.0591772 0.0196365 0.00591135 0.00444289 0.00733459 0.0120839 0.0175424 0.0223559 0.0251821 0.0253923 0.0234154 0.0203856 0.0173975 0.0149664 0.013017 0.0112307
 1.05585e-16 4.39994e-05 0.00042769 0.00284215 0.01292 0.0401992 0.0856499 0.125016 0.125051 0.0858224 0.0407784 0.0145933 0.00704389 0.00960559 0.0174907 0.0288891 0.0417137 0.0526741 0.0584414 0.0574825 0.0509543 0.0418695 0.0332353 0.0266269 0.0220272 0.0186015
 1.11279e-16 4.12579e-05 0.000401042 0.00266506 0.012115 0.0376944 0.0803129 0.117225 0.117251 0.0804407 0.0381242 0.0133594 0.00579986 0.00728179 0.0132192 0.0220771 0.032474 0.0422534 0.0492084 0.0522817 0.0520713 0.0501574 0.047849 0.0454198 0.0423217 0.0379561
 1.14161e-16 4.83526e-05 0.000470004 0.00312334 0.0141983 0.0441762 0.0941229 0.137379 0.137399 0.0942214 0.0445075 0.0151572 0.00553815 0.00576774 0.0101879 0.0169745 0.0249466 0.032446 0.0378294 0.0403993 0.0407863 0.040376 0.040248 0.0404924 0.0403444 0.0388594
 1.08532e-16 6.10704e-05 0.000593626 0.00394485 0.0179327 0.0557955 0.118879 0.17351 0.173525 0.118951 0.0560383 0.0186348 0.00571021 0.00445815 0.00743272 0.0122776 0.0178892 0.0229505 0.0261753 0.0270134 0.025975 0.0242375 0.0228492 0.0221586 0.0218165 0.0211905
 1.03015e-16 6.90494e-05 0.000671185 0.00446026 0.0202757 0.0630853 0.13441 0.196178 0.19619 0.134467 0.0632759 0.0208264 0.00584336 0.00369304 0.00581572 0.00952577 0.013765 0.0174177 0.0193996 0.0192219 0.0172786 0.0145647 0.0120576 0.0102437 0.00906752 0.00819658
 1.02e-16 6.39531e-05 0.000621647 0.00413106 0.0187792 0.0584292 0.12449 0.181701 0.181719 0.124579 0.058726 0.0196364 0.00628268 0.00531872 0.00898477 0.014753 0.0212476 0.0267225 0.0294425 0.0286069 0.0248205 0.0196745 0.0147889 0.0110604 0.00855261 0.00686738
 1.02641e-16 5.99581e-05 0.000582814 0.00387301 0.0176061 0.0547793 0.116714 0.170352 0.170372 0.116814 0.0551154 0.0185773 0.00631231 0.0059128 0.0101971 0.0168006 0.0242834 0.0307175 0.0341706 0.0337372 0.0300509 0.0248062 0.0196986 0.0156243 0.0126058 0.0102372
 1.04068e-16 5.61662e-05 0.000545956 0.00362807 0.0164927 0.051315 0.109333 0.159579 0.159602 0.109443 0.0516844 0.0175603 0.00631052 0.00641062 0.0112202 0.0185284 0.0268446 0.0340913 0.0381794 0.0381335 0.0346361 0.029492 0.0244681 0.020438 0.0173352 0.014673
 1.03701e-16 6.38083e-05 0.000620239 0.00412171 0.0187367 0.0582969 0.124208 0.181289 0.181304 0.124282 0.058543 0.0194482 0.00591013 0.00453249 0.00751779 0.0123902 0.0179901 0.0229346 0.0258538 0.0261126 0.0241605 0.0211662 0.018247 0.015912 0.0140524 0.0123071
 1.00708e-16 7.78242e-05 0.000756479 0.00502707 0.0228523 0.0711021 0.151491 0.221106 0.22111 0.151511 0.07117 0.0230487 0.00552022 0.00183374 0.00212587 0.00339693 0.00489917 0.00618913 0.00687259 0.00677006 0.00601738 0.00496734 0.00397122 0.0032116 0.0026841 0.00228885
 1.01636e-16 3.64286e-05 0.000354099 0.00235312 0.010697 0.0332825 0.0709137 0.103511 0.103562 0.0711616 0.0341147 0.0130997 0.00838028 0.0134978 0.0249587 0.0410989 0.0589538 0.0736153 0.0801054 0.076129 0.0634681 0.0468381 0.0311587 0.0193366 0.0118203 0.00755298
 1.01586e-16 7.54044e-05 0.000732957 0.00487076 0.0221418 0.0688913 0.14678 0.214231 0.214235 0.146798 0.068952 0.022318 0.00531603 0.00171455 0.0019676 0.00320617 0.00477983 0.00636008 0.00765391 0.008505 0.0089438 0.00909273 0.00901658 0.0086627 0.00793548 0.00681934
 1.02156e-16 5.34284e-05 0.000519343 0.00345122 0.0156888 0.0488137 0.104004 0.151803 0.151834 0.104155 0.0493219 0.0171558 0.00713139 0.00854556 0.0152744 0.0251095 0.0360326 0.0450363 0.0491004 0.0468495 0.0393942 0.0296199 0.0205069 0.0137692 0.00959167 0.00723757
 1.04597e-16 5.41005e-05 0.000525876 0.00349463 0.0158861 0.0494277 0.105312 0.15371 0.153732 0.105418 0.049784 0.016917 0.00608795 0.00620595 0.0108966 0.0180715 0.0263584 0.0338314 0.0385343 0.0395164 0.0373155 0.0334413 0.0293183 0.0255711 0.0220793 0.0185116
 1.04225e-16 6.41685e-05 0.000623741 0.00414498 0.0188425 0.058626 0.124909 0.182312 0.182326 0.124978 0.0588576 0.0195121 0.00582838 0.00430711 0.00708477 0.0116777 0.0169742 0.0216827 0.0245312 0.0249398 0.0233423 0.0208329 0.018433 0.0165676 0.0150674 0.0135342
 1.02936e-16 6.46214e-05 0.000628143 0.00417423 0.0189755 0.0590398 0.125791 0.183599 0.183615 0.12587 0.0593062 0.0197451 0.00610681 0.00484936 0.00808859 0.0132888 0.0191821 0.02422 0.0268705 0.026433 0.0234477 0.0193098 0.0154103 0.0124737 0.0104815 0.00902871
 1.06757e-16 3.07946e-05 0.000299335 0.00198919 0.00904258 0.0281351 0.0599465 0.0875037 0.0875512 0.0601788 0.0289151 0.0112962 0.00764875 0.0126632 0.0235382 0.0389331 0.0562416 0.0710597 0.0789011 0.0776783 0.0689065 0.0565906 0.0447427 0.0354887 0.0288661 0.0238531
 1.06538e-16 6.41998e-05 0.000624045 0.004147 0.0188517 0.0586545 0.12497 0.182399 0.182407 0.12501 0.0587889 0.0192417 0.00513364 0.00280331 0.00427776 0.00716614 0.0107752 0.0145119 0.0177958 0.0203345 0.0222138 0.0236608 0.0247011 0.0250383 0.0242605 0.0221693
 1.05928e-16 5.57253e-05 0.00054167 0.00359959 0.0163632 0.0509122 0.108475 0.158327 0.158351 0.108594 0.0513115 0.0175164 0.00649422 0.00686097 0.0120587 0.0198533 0.028614 0.03604 0.0398431 0.0390137 0.0344434 0.0283303 0.0228447 0.0190826 0.0169177 0.015556
 1.08952e-16 4.03511e-05 0.000392227 0.00260649 0.0118487 0.036866 0.0785481 0.11465 0.114684 0.0787117 0.0374156 0.0134377 0.0066012 0.00913314 0.016701 0.0277033 0.0402712 0.0514128 0.0580833 0.0588559 0.054704 0.048192 0.0417742 0.0365746 0.0323749 0.0284178
 1.06626e-16 6.35345e-05 0.000617578 0.00410402 0.0186563 0.0580467 0.123675 0.18051 0.180521 0.123729 0.0582266 0.0191774 0.0054174 0.00350245 0.00559488 0.00928718 0.0136988 0.0179183 0.0210559 0.0227052 0.0231379 0.0230034 0.02279 0.0225059 0.0217889 0.0202679
 1.04712e-16 6.03067e-05 0.000586203 0.00389553 0.0177085 0.0550978 0.117393 0.171342 0.171362 0.11749 0.0554252 0.0186542 0.00626987 0.00577114 0.00991286 0.0163079 0.0235259 0.0296768 0.0328862 0.0323163 0.0286721 0.0237175 0.0191968 0.0159957 0.0140318 0.0127047
 1.08519e-16 3.34379e-05 0.000325028 0.00215993 0.00981874 0.03055 0.0650915 0.0950117 0.0950538 0.0652972 0.0312409 0.0118156 0.00717701 0.0112931 0.0209102 0.0346371 0.0501766 0.0636937 0.0712813 0.0711184 0.064499 0.0548317 0.0454645 0.0380691 0.0325333 0.0279174
 1.16139e-16 3.94399e-05 0.00038337 0.00254763 0.0115812 0.0360334 0.0767738 0.112058 0.112079 0.0768755 0.036376 0.012575 0.00505839 0.00591759 0.0107067 0.0180499 0.0269659 0.035951 0.0434629 0.0487645 0.0522092 0.054641 0.0564501 0.057143 0.0557478 0.05161
 1.06321e-16 7.01832e-05 0.000682206 0.0045335 0.0206086 0.0641211 0.136617 0.199398 0.199405 0.136651 0.0642346 0.020937 0.00536019 0.00249515 0.00353823 0.00580579 0.00852078 0.0110755 0.0129167 0.0138328 0.0140812 0.0141807 0.014525 0.0151249 0.0156435 0.0156417
pSPR Fmed_Fpbrs
0.654524   0.6 0.325
Fs Fmed_Fpbrs
0.229404   0.280807 0.685973
SSBpbr Bo_Bmed_Bpbrs
1.94471e+06  1.17562e+06  1.06959e+06 534794
Ro
182859
SPR SPRFo_SPRFmed_SPRFpbrs
1.30706e+06 855503 424795
Fref
0.280807
Nvult_r0
 213128 18649.6 8230.73 8775.66 3190.16
CTP_r0
 27908.6 2942.28 1312.68 1400.39 509.092
YTP_r0
391300
Np
 247561 98654.9 8185.83 3600.1 5005.39
Nvult_p0
 174680 71143.1 5911.24 2599.94 3614.83
CTP_p0
 31831 15432.6 1295.27 569.999 792.523
YTP_p0
 562186
CBA_c0
442566
log_Ro
11.9365
likeval ReclasPelacesDesembMPH_pf_preclas_ppelaces_ptallas_desvR_qrecl_qpela
 14.5497 17.2307 0.0744188 0.000812975 241.065 118.985 98.2957 0 23.2428 1.26435e-06 5.52391e-08 0.379772 8.47759e-16 0 0
q_reclas_q_pelaces
0.852709 1.034
M
1
N
 202253 45199.2 153131 8936.91 0.296224
 114589 67214.2 14654.3 49566.1 2892.58
 115098 35041.1 19650.6 4271.54 15288.6
 198107 35372.9 10308.3 5764.04 5736.6
 158847 55688.2 9313.68 2702.44 3014.3
 267114 53423.7 18325.2 3060.4 1878.33
 111287 82373.2 15783.1 5398.5 1454.7
 51282 27854 18774 3574.95 1551.76
 47839.3 17744.7 9495.58 6393.86 1745.9
 63114.4 13850.3 4846.67 2583.57 2214.22
 116283 16954.8 3446.82 1200.06 1187.63
 152796 39595.1 5665.7 1150.37 796.837
 127994 39804.2 9484.4 1349.6 463.696
 89731.9 34123 9812.51 2325.99 444.575
 89992.9 19372.5 6471.45 1845.03 520.705
 476709 23030.3 4538.91 1507.39 550.877
 104299 129366 5804.12 1138.31 516.053
 738621 31579.9 37358.1 1670.85 476.163
 424847 223212 9097.83 10728.4 616.467
 328996 117953 57872.6 2348.14 2927.38
 483265 94036.6 31707.8 15494 1412.08
 650195 146534 27204.3 9144.35 4874.79
 138055 187211 39751.1 7350.74 3787.24
 403544 44003.9 57627.2 12207.9 3420.15
 341977 130946 13849.7 18100.8 4908.28
 153790 110837 41153.1 4343.73 7215.63
 341856 51084 35913.5 13312.5 3738.98
 383672 110834 16060.9 11268.3 5349.54
 115633 126641 35631.8 5154.37 5332.61
 84219.5 38449.9 41088.3 11541.8 3396.62
 311783 26835.4 11830.8 12613.4 4585.26
pred_Ctot
 12458.5 3426.42 11751.1 686.249 0.0227473
 12409.4 8887.02 1960.36 6634.77 387.204
 12152.2 4519.16 2564.16 557.729 1996.29
 30193.2 6531.31 1924.75 1076.89 1071.8
 8676.64 3747.85 634.567 184.245 205.514
 27703.5 6770.23 2349.73 392.66 241.004
 23198.3 20591.5 3987.15 1364.53 367.702
 1935.73 1299.05 886.575 168.933 73.3303
 6568.45 2959.6 1601.84 1079.25 294.708
 11041.2 2923.52 1034.27 551.647 472.797
 5503.81 989.949 203.756 70.9874 70.2544
 28991.4 9040.39 1307.57 265.642 184.009
 22864.7 8573.83 2065.28 294.053 101.034
 24461.9 11019.7 3199.85 758.892 145.054
 17830.9 4611.78 1557.06 444.174 125.358
 81028 4727.52 942.002 313.025 114.399
 11853.3 17933.4 814.008 159.742 72.4216
 84704.2 4416.74 5285.92 236.559 67.4175
 67402.5 42854.7 1766.21 2083.99 119.752
 47346.1 20596 10219.8 414.91 517.278
 54547.4 12948.8 4417.25 2159.81 196.846
 91120.7 24933.4 4681.62 1574.61 839.44
 11793.8 19603 4212.39 779.446 401.598
 30395.6 4069.56 5394.13 1143.44 320.355
 25989.4 12217.4 1307.86 1710.39 463.811
 9516.02 8439.79 3172.14 335.037 556.57
 25916.6 4754.66 3383.2 1254.9 352.464
 25143.2 8932.76 1310.29 919.891 436.726
 7084.27 9548.91 2719.7 393.678 407.304
 7210.15 4034.64 4363.3 1226.44 360.939
 27908.6 2942.28 1312.68 1400.39 509.092
F
 0.101635 0.12635 0.127988 0.128075 0.12808
 0.184833 0.229778 0.232757 0.232916 0.232924
 0.179839 0.22357 0.226468 0.226623 0.226631
 0.269039 0.334461 0.338797 0.339028 0.33904
 0.0896845 0.111493 0.112938 0.113015 0.113019
 0.176414 0.219312 0.222155 0.222307 0.222315
 0.385134 0.478785 0.484993 0.485324 0.485341
 0.0612542 0.0761492 0.0771364 0.0771891 0.0771918
 0.239544 0.297794 0.301654 0.30186 0.301871
 0.314399 0.39085 0.395917 0.396188 0.396202
 0.0773183 0.0961196 0.0973657 0.0974322 0.0974357
 0.345133 0.429058 0.43462 0.434917 0.434933
 0.322011 0.400313 0.405503 0.40578 0.405794
 0.53297 0.662571 0.67116 0.671619 0.671643
 0.36292 0.45117 0.457019 0.457331 0.457347
 0.304257 0.378242 0.383146 0.383407 0.383421
 0.194743 0.242099 0.245237 0.245405 0.245414
 0.196664 0.244486 0.247656 0.247825 0.247834
 0.281441 0.349878 0.354414 0.354656 0.354669
 0.25236 0.313726 0.317793 0.31801 0.318022
 0.193305 0.24031 0.243426 0.243592 0.243601
 0.245038 0.304623 0.308572 0.308783 0.308794
 0.143376 0.17824 0.180551 0.180674 0.180681
 0.125497 0.156014 0.158036 0.158144 0.15815
 0.126684 0.15749 0.159531 0.15964 0.159646
 0.102115 0.126946 0.128591 0.128679 0.128684
 0.126357 0.157083 0.15912 0.159228 0.159234
 0.108428 0.134795 0.136542 0.136635 0.13664
 0.101062 0.125637 0.127265 0.127352 0.127357
 0.143703 0.178647 0.180963 0.181087 0.181093
 0.150679 0.187319 0.189747 0.189877 0.189884
nmprior
 8.19 8.8 8.5 0
nm_flota  nm_reclas  nm_pelaces    nm_pelaL
inf 12.1383 18.913 45.6866
cv_recla  cv_pelaces  cv_mph
0.345026 0.470677 0.879921
 ------------------------------------------------
Talla a la edad & desviaci?n 
 8 13.2811 15.8009 17.003 17.5766
 0.8 1.32811 1.58009 1.7003 1.75766
