years
 1991 1992 1993 1994 1995 1996 1997 1998 1999 2000 2001 2002 2003 2004 2005 2006 2007 2008 2009 2010 2011 2012 2013 2014 2015 2016 2017 2018 2019 2020
reclasobs
 0 0 0 0 0 0 0 0 0 252601 567819 844713 477998 351125 339783 2.1784e+06 2.13404e+06 4.81314e+06 1.55562e+06 2.62356e+06 3.21686e+06 3.843e+06 1.13348e+06 3.07943e+06 1.97215e+06 2.03268e+06 2.025e+06 2.42433e+06 2.27542e+06 1.05018e+06
reclaspred
 3.14322e+06 1.72226e+06 871810 887717 895230 1.54487e+06 878784 756173 538841 370620 497401 674931 662665 490879 482410 1.33922e+06 1.19505e+06 3.06487e+06 2.43795e+06 1.77085e+06 3.07721e+06 2.51247e+06 1.91466e+06 3.02977e+06 2.25189e+06 1.98271e+06 2.39744e+06 2.59143e+06 2.03802e+06 1.22137e+06
pelacesobs
 0 0 0 0 0 0 0 0 0 0 0 0 0 0 0 552880 188675 0 991730 2.46772e+06 1.41603e+06 1.21717e+06 2.29649e+06 1.80582e+06 0 1.4828e+06 1.56532e+06 1.57751e+06 1.42118e+06 867257
pelacespred
 1.78233e+06 1.06883e+06 528577 440938 482079 860755 431344 490914 321627 204109 294773 331017 360265 271965 277019 648619 590274 1.76362e+06 1.4238e+06 945757 1.64617e+06 1.40871e+06 1.10216e+06 1.9239e+06 1.36821e+06 1.21093e+06 1.66633e+06 1.77397e+06 1.16318e+06 780150
mphobs
 0 0 0 0 0 0 0 0 0 0 0 498337 0 5186 125008 0 168611 109162 213762 579715 649985 157893 87575 83554 0 0 0 0 0 0
mphpred
 485707 325111 156780 86768.5 94374.3 112344 154718 84252 75729.8 48170.5 30146.2 60779.2 65450.5 53645.7 32908 41803.2 152324 134538 309444 217855 229232 281676 269075 214754 309706 254924 207592 225288 322388 207333
desembarqueobs
 494567 514787 250237 358949 120608 361735 552515 73892 212993 205616 52469 317467 293654 387597 252695 516296 358380 742168 942051 627588 828172 859565 418607 520667 417249 300574 415391 372974 316634 284311
desembarquepred
 494571 513810 250690 358985 120614 361743 552538 73897.3 213052 205670 52471.9 317529 293690 387581 252672 516227 358406 742019 941756 627374 828250 859542 418608 520691 417237 300571 415383 372943 316616 284317
Reclutas
 172015 95277.3 95534 145575 117559 216249 84904.3 36018 35534.6 48125.6 90023.1 129197 107757 75225.6 69675.1 376293 73872.7 609263 336398 268134 371633 512825 100517 297213 254051 111222 252341 283853 77669.2 59134.5
log_desv_Rt
 0.219536 -0.371252 -0.368562 0.0526442 -0.161107 0.448385 -0.48652 -1.34402 -1.35754 -1.05423 -0.427977 -0.066707 -0.24817 -0.607552 -0.684201 1.00232 -0.625701 1.48421 0.890251 0.663444 0.989863 1.31189 -0.317721 0.766404 0.609491 -0.216513 0.602736 0.720412 -0.575585 -0.848229
SSB
 2.1056e+06 1.4094e+06 679658 376152 409124 487023 670719 365242 328298 208825 130687 263485 283736 232560 142660 181222 660343 583237 1.34148e+06 944426 993748 1.2211e+06 1.16647e+06 930982 1.34261e+06 1.10513e+06 899936 976649 1.39759e+06 898811
BT
 2.96356e+06 2.02976e+06 997537 932877 788124 1.55404e+06 1.1093e+06 772617 674420 491410 472357 742707 786447 795841 655424 1.36229e+06 1.12645e+06 3.22319e+06 2.95174e+06 1.91944e+06 3.05842e+06 2.82577e+06 1.94372e+06 3.27663e+06 2.34981e+06 2.00596e+06 2.83976e+06 2.94466e+06 1.92414e+06 1.39525e+06
Ftot
 0.199329 0.367281 0.360421 0.548549 0.183473 0.333944 0.768288 0.131452 0.522403 0.724712 0.159291 0.64398 0.602664 1.04527 0.754957 0.590937 0.387765 0.3647 0.515102 0.478462 0.374791 0.471551 0.281535 0.249367 0.248205 0.200158 0.248758 0.21021 0.194373 0.295015
BD_Bspro_t
 0.968723 0.784962 0.582717 0.483354 0.475494 0.568455 0.56974 0.377361 0.433921 0.374254 0.333031 0.587396 0.46695 0.372236 0.25803 0.308449 0.501205 0.458173 0.593597 0.477519 0.443927 0.492243 0.509677 0.492996 0.614753 0.624582 0.630321 0.67491 0.730882 0.64321
BD_Bspro
 2.14176 1.4336 0.691331 0.382612 0.41615 0.495387 0.682239 0.371515 0.333936 0.212412 0.132932 0.26801 0.288609 0.236555 0.14511 0.184334 0.671685 0.593254 1.36452 0.960647 1.01082 1.24207 1.18651 0.946972 1.36567 1.12411 0.915393 0.993424 1.42159 0.914248
BD_Bo
 1.36239 0.911922 0.439759 0.243382 0.264716 0.315119 0.433976 0.236323 0.212419 0.135116 0.0845588 0.170483 0.183586 0.150474 0.0923054 0.117256 0.427262 0.377372 0.867976 0.611072 0.642985 0.790088 0.754743 0.602374 0.86871 0.71505 0.582286 0.631922 0.904282 0.581558
BD_Brms
 2.47706 1.65804 0.799562 0.442512 0.481301 0.572943 0.789047 0.429678 0.386216 0.245666 0.153743 0.309969 0.333792 0.273589 0.167828 0.213193 0.776841 0.686131 1.57814 1.11104 1.16906 1.43652 1.37226 1.09523 1.57947 1.30009 1.0587 1.14895 1.64415 1.05738
Sel_flota
 0.71497 0.979449 0.998897 0.999942 0.999997
 0.71497 0.979449 0.998897 0.999942 0.999997
 0.71497 0.979449 0.998897 0.999942 0.999997
 0.71497 0.979449 0.998897 0.999942 0.999997
 0.71497 0.979449 0.998897 0.999942 0.999997
 0.71497 0.979449 0.998897 0.999942 0.999997
 0.71497 0.979449 0.998897 0.999942 0.999997
 0.71497 0.979449 0.998897 0.999942 0.999997
 0.71497 0.979449 0.998897 0.999942 0.999997
 0.71497 0.979449 0.998897 0.999942 0.999997
 0.71497 0.979449 0.998897 0.999942 0.999997
 0.71497 0.979449 0.998897 0.999942 0.999997
 0.71497 0.979449 0.998897 0.999942 0.999997
 0.71497 0.979449 0.998897 0.999942 0.999997
 0.71497 0.979449 0.998897 0.999942 0.999997
 0.71497 0.979449 0.998897 0.999942 0.999997
 0.71497 0.979449 0.998897 0.999942 0.999997
 0.71497 0.979449 0.998897 0.999942 0.999997
 0.71497 0.979449 0.998897 0.999942 0.999997
 0.71497 0.979449 0.998897 0.999942 0.999997
 0.71497 0.979449 0.998897 0.999942 0.999997
 0.71497 0.979449 0.998897 0.999942 0.999997
 0.71497 0.979449 0.998897 0.999942 0.999997
 0.71497 0.979449 0.998897 0.999942 0.999997
 0.71497 0.979449 0.998897 0.999942 0.999997
 0.71497 0.979449 0.998897 0.999942 0.999997
 0.71497 0.979449 0.998897 0.999942 0.999997
 0.71497 0.979449 0.998897 0.999942 0.999997
 0.71497 0.979449 0.998897 0.999942 0.999997
 0.71497 0.979449 0.998897 0.999942 0.999997
Sel_reclas
 1 1 1 1 1
 1 1 1 1 1
 1 1 1 1 1
 1 1 1 1 1
 1 1 1 1 1
 1 1 1 1 1
 1 1 1 1 1
 1 1 1 1 1
 1 1 1 1 1
 1 1 1 1 1
 1 1 1 1 1
 1 1 1 1 1
 1 1 1 1 1
 1 1 1 1 1
 1 1 1 1 1
 1 1 1 1 1
 1 1 1 1 1
 1 1 1 1 1
 1 1 1 1 1
 1 1 1 1 1
 1 1 1 1 1
 1 1 1 1 1
 1 1 1 1 1
 1 1 1 1 1
 1 1 1 1 1
 1 1 1 1 1
 1 1 1 1 1
 1 1 1 1 1
 1 1 1 1 1
 1 1 1 1 1
Sel_pelaces
 0.972272 1 1 1 1
 0.972272 1 1 1 1
 0.972272 1 1 1 1
 0.972272 1 1 1 1
 0.972272 1 1 1 1
 0.972272 1 1 1 1
 0.972272 1 1 1 1
 0.972272 1 1 1 1
 0.972272 1 1 1 1
 0.972272 1 1 1 1
 0.972272 1 1 1 1
 0.972272 1 1 1 1
 0.972272 1 1 1 1
 0.972272 1 1 1 1
 0.972272 1 1 1 1
 0.972272 1 1 1 1
 0.972272 1 1 1 1
 0.972272 1 1 1 1
 0.972272 1 1 1 1
 0.972272 1 1 1 1
 0.972272 1 1 1 1
 0.972272 1 1 1 1
 0.972272 1 1 1 1
 0.972272 1 1 1 1
 0.972272 1 1 1 1
 0.972272 1 1 1 1
 0.972272 1 1 1 1
 0.972272 1 1 1 1
 0.972272 1 1 1 1
 0.972272 1 1 1 1
pf_obs 
 0.8446 0.082 0.0669 0.0065 0
 0.8095 0.147 0.0364 0.0071 0
 0.9664 0.0169 0.016 0.0007 0
 0.9276 0.0648 0.0075 0.0001 0
 0.7033 0.2144 0.0806 0.0017 0
 0.9318 0.0425 0.0243 0.0014 0
 0.5671 0.3108 0.0964 0.0239 0.0018
 0.0768 0.2599 0.5324 0.112 0.0189
 0.490249 0.384438 0.106611 0.0170017 0.00170017
 0.7925 0.1577 0.0466 0.003 0.0002
 0.840416 0.127587 0.0312969 0.00059994 9.999e-05
 0.8084 0.0986 0.0794 0.0134 0.0002
 0.7335 0.1905 0.0724 0.0035 0.0001
 0.4001 0.4547 0.1325 0.0127 0
 0.49795 0.308269 0.164784 0.0264974 0.00249975
 0.9179 0.0499 0.0305 0.0017 0
 0.2467 0.6533 0.0926 0.0074 0
 0.9418 0.0223 0.034 0.0019 0
 0.707729 0.231977 0.0356964 0.0245975 0
 0.517169 0.277429 0.184464 0.0207286 0.00020938
 0.811772 0.124168 0.05621 0.00726502 0.000585176
 0.764997 0.148141 0.077277 0.00933861 0.000247198
 0.163321 0.427699 0.378323 0.0303852 0.000271297
 0.753843 0.0900009 0.118128 0.0371064 0.000921714
 0.721811 0.176058 0.0630433 0.0369309 0.00215725
 0.143369 0.312575 0.442814 0.0836902 0.0175525
 0.692698 0.0596174 0.167031 0.0765114 0.00414204
 0.394062 0.376323 0.152708 0.0712218 0.00568511
 0.125707 0.32114 0.495352 0.0537591 0.00404204
 0.23352 0.215282 0.420074 0.123614 0.00750983
pf_pred 
 0.48032 0.138268 0.357401 0.0240094 8.52229e-07
 0.427086 0.324329 0.0671714 0.170006 0.0114082
 0.581991 0.216663 0.115169 0.0233074 0.0628698
 0.734213 0.177544 0.046259 0.0240278 0.0179562
 0.660406 0.272999 0.0448675 0.0113976 0.01033
 0.758866 0.17608 0.052514 0.00845235 0.00408848
 0.46598 0.437115 0.0711993 0.0207548 0.00495029
 0.458615 0.310112 0.190281 0.0301311 0.0108617
 0.550686 0.242844 0.119304 0.0717297 0.015436
 0.730248 0.174201 0.0522538 0.0250321 0.0182641
 0.836286 0.131915 0.0207404 0.00605164 0.00500667
 0.748877 0.220107 0.0250938 0.00386453 0.00205816
 0.69497 0.24946 0.0488677 0.00542422 0.00127838
 0.64505 0.274623 0.0660077 0.0125943 0.00172496
 0.75738 0.181312 0.0477806 0.0111195 0.002408
 0.941695 0.0482712 0.00755228 0.00193484 0.000546952
 0.372686 0.602304 0.0207991 0.00317068 0.00104047
 0.911675 0.0406455 0.0458214 0.00154577 0.000312573
 0.584094 0.389815 0.0121574 0.0133919 0.000542449
 0.617811 0.257376 0.11717 0.0035639 0.00407936
 0.739039 0.183573 0.0525318 0.0233356 0.00152019
 0.751085 0.199938 0.034693 0.00969963 0.00458374
 0.313883 0.559197 0.102441 0.0173469 0.00713241
 0.743129 0.100859 0.127672 0.0228791 0.00546068
 0.625961 0.300757 0.0291563 0.0361173 0.00800775
 0.426491 0.402406 0.138177 0.0131091 0.0198161
 0.731061 0.137068 0.0931131 0.031307 0.00745128
 0.683971 0.250804 0.0336006 0.0223376 0.00928719
 0.326204 0.506312 0.133508 0.0175121 0.0164635
 0.419287 0.234132 0.261799 0.0675991 0.0171831
pobs_RECLAS
 0 0 0 0 0
 0 0 0 0 0
 0 0 0 0 0
 0 0 0 0 0
 0 0 0 0 0
 0 0 0 0 0
 0 0 0 0 0
 0 0 0 0 0
 0 0 0 0 0
 0 0 0 0 0
 0.991045 0.00858322 0.000360255 1.14367e-05 0
 0.934742 0.0480273 0.0164251 0.00080598 0
 0.827803 0.169806 0.00239088 0 0
 0.941827 0.0461693 0.0120037 0 0
 0.791401 0.0380133 0.147996 0.0225897 0
 0.846168 0.0940531 0.0597789 0 0
 0.134021 0.677848 0.182769 0.00536245 0
 0.80878 0.0450904 0.141981 0.00414843 0
 0.846168 0.0940531 0.0597789 0 0
 0.905697 0.0802665 0.012482 0.00150086 5.37128e-05
 0.989698 0.0102097 9.19794e-05 0 0
 0.975433 0.0193895 0.00387452 0.00125025 5.28907e-05
 0.303575 0.632131 0.0575291 0.00676475 0
 0.966965 0.00978017 0.0227588 0.000495775 0
 0.843318 0.132988 0.00938335 0.0141283 0.000182051
 0.564624 0.303363 0.111486 0.0197234 0.00080311
 0.826376 0.0876187 0.0782897 0.00655872 0.00115652
 0.89761 0.0855135 0.0140674 0.00269457 0.000114338
 0.34875 0.467042 0.161289 0.0227151 0.000203297
 0.318654 0.224769 0.449479 0.00709798 0
ppred_RECLAS
 0.563586 0.117836 0.298544 0.0200341 7.11083e-07
 0.510119 0.279877 0.0567916 0.143579 0.00963424
 0.660563 0.177709 0.0925525 0.01871 0.0504657
 0.794955 0.137944 0.0351951 0.0182606 0.0136455
 0.728769 0.218907 0.0352649 0.00894877 0.00811008
 0.813956 0.136602 0.0399192 0.00641821 0.00310437
 0.552106 0.368075 0.0586639 0.0170809 0.00407377
 0.540043 0.265726 0.159834 0.0252831 0.00911354
 0.632747 0.20044 0.0964351 0.0579158 0.0124625
 0.793005 0.134718 0.0395475 0.0189234 0.0138062
 0.875819 0.100453 0.0154818 0.0045125 0.0037331
 0.807076 0.169542 0.0189217 0.0029107 0.00155008
 0.761586 0.195731 0.0375399 0.00416217 0.000980878
 0.722788 0.215592 0.0506463 0.00965159 0.00132183
 0.815289 0.138798 0.0357919 0.00831984 0.00180161
 0.957679 0.0351657 0.00538688 0.00137853 0.000389668
 0.451624 0.526944 0.0178274 0.0027147 0.000890791
 0.935248 0.0301274 0.0332766 0.00112135 0.000226739
 0.661829 0.317379 0.00969378 0.0106663 0.000432021
 0.693414 0.207863 0.0926843 0.00281603 0.00322314
 0.797774 0.143131 0.0401288 0.0178066 0.00115994
 0.808046 0.154821 0.0263127 0.00734852 0.00347248
 0.387927 0.500724 0.089892 0.0152056 0.00625161
 0.801525 0.0788956 0.0978768 0.0175209 0.00418158
 0.698504 0.243409 0.0231261 0.0286167 0.00634438
 0.507403 0.347714 0.117028 0.0110908 0.0167643
 0.791043 0.107566 0.0716139 0.0240526 0.00572437
 0.749581 0.199574 0.0262062 0.0174032 0.00723525
 0.401125 0.452267 0.116893 0.0153163 0.0143984
 0.502293 0.203129 0.222576 0.0574095 0.0145921
pobs_PELACES
 0 0 0 0 0
 0 0 0 0 0
 0 0 0 0 0
 0 0 0 0 0
 0 0 0 0 0
 0 0 0 0 0
 0 0 0 0 0
 0 0 0 0 0
 0 0 0 0 0
 0 0 0 0 0
 0 0 0 0 0
 0 0 0 0 0
 0 0 0 0 0
 0 0 0 0 0
 0 0 0 0 0
 0 0 0 0 0
 0.505614 0.472636 0.0217494 0 0
 0 0 0 0 0
 0.443492 0.261883 0.143347 0.151278 0
 0.227955 0.32914 0.350689 0.0885471 0.00366901
 0.970185 0.0296113 0.000203453 0 0
 0.997202 0.00247181 0.000326279 0 0
 0.445219 0.490057 0.0546422 0.010081 0
 0.90214 0.0892962 0.00764917 0.000914606 0
 0 0 0 0 0
 0.581667 0.319106 0.0959925 0.00289975 0.000334073
 0.762889 0.0836404 0.116647 0.0363945 0.000428098
 0.88444 0.0763242 0.0277011 0.0115352 0
 0.521256 0.241999 0.230069 0.00667565 0
 0.616807 0.101726 0.260614 0.0208532 0
ppred_PELACES
 0.561178 0.118597 0.300088 0.0201364 7.14711e-07
 0.511365 0.279458 0.0565732 0.143008 0.0095959
 0.661563 0.177385 0.0921704 0.0186304 0.0502508
 0.798346 0.135823 0.034532 0.0179132 0.0133857
 0.726415 0.220858 0.0355373 0.00901732 0.00817218
 0.814198 0.136503 0.0398048 0.00639907 0.0030951
 0.561932 0.36032 0.0571455 0.0166344 0.00396722
 0.535995 0.268161 0.161163 0.0254921 0.00918887
 0.637158 0.198341 0.0951058 0.0571072 0.0122884
 0.798979 0.131047 0.0382914 0.0183178 0.0133642
 0.874286 0.101714 0.01566 0.00456419 0.00377584
 0.811488 0.165748 0.0184219 0.0028332 0.00150879
 0.766127 0.192137 0.0367083 0.00406912 0.000958939
 0.735546 0.205979 0.0480646 0.00915629 0.00125397
 0.821088 0.134604 0.0345426 0.00802735 0.00173825
 0.958645 0.0343851 0.00524736 0.00134256 0.000379495
 0.453066 0.525609 0.0177381 0.00270074 0.000886202
 0.935548 0.0300255 0.0330865 0.00111481 0.000225414
 0.665633 0.313874 0.00955508 0.0105118 0.00042576
 0.696515 0.205964 0.0915561 0.00278129 0.00318335
 0.798629 0.142628 0.0398917 0.0176991 0.00115293
 0.810151 0.153214 0.0259609 0.00724909 0.00342547
 0.387164 0.501515 0.0898715 0.0152006 0.00624954
 0.800667 0.0793137 0.0982381 0.0175841 0.00419664
 0.697209 0.244531 0.0231958 0.0287005 0.00636293
 0.504836 0.34966 0.117532 0.0111377 0.0168352
 0.790113 0.10813 0.0718747 0.0241381 0.0057447
 0.747795 0.201054 0.0263649 0.0175073 0.00727851
 0.398522 0.454373 0.117291 0.0153674 0.0144464
 0.501984 0.203486 0.222546 0.0573958 0.0145886
pobs_pel_tallas
 0 0 0 0 0 0 0 0 0 0 0 0 0 0 0 0 0 0 0 0 0 0 0 0 0 0
 0 0 0 0 0 0 0 0 0 0 0 0 0 0 0 0 0 0 0 0 0 0 0 0 0 0
 0 0 0 0 0 0 0 0 0 0 0 0 0 0 0 0 0 0 0 0 0 0 0 0 0 0
 0 0 0 0 0 0 0 0 0 0 0 0 0 0 0 0 0 0 0 0 0 0 0 0 0 0
 0 0 0 0 0 0 0 0 0 0 0 0 0 0 0 0 0 0 0 0 0 0 0 0 0 0
 0 0 0 0 0 0 0 0 0 0 0 0 0 0 0 0 0 0 0 0 0 0 0 0 0 0
 0 0 0 0 0 0 0 0 0 0 0 0 0 0 0 0 0 0 0 0 0 0 0 0 0 0
 0 0 0 0 0 0 0 0 0 0 0 0 0 0 0 0 0 0 0 0 0 0 0 0 0 0
 0 0 0 0 0 0 0 0 0 0 0 0 0 0 0 0 0 0 0 0 0 0 0 0 0 0
 0 0 0 0 0 0 0 0 0 0 0 0 0 0 0 0 0 0 0 0 0 0 0 0 0 0
 0 0 0 0 0 0 0 0 0 0 0 0 0 0 0 0 0 0 0 0 0 0 0 0 0 0
 0 0 0 0 0 0 0 0 0 0 0 0 0 0 0 0 0 0 0 0 0 0 0 0 0 0
 0.00862536 0 0 0.000197151 0.00414017 0.0128641 0.00837892 0.0270097 0.101434 0.158115 0.152841 0.127902 0.109271 0.109419 0.0830992 0.0579132 0.0238553 0.00714673 0.00463305 0.00128148 0.00103504 0.000492878 0.000147863 0.000147863 4.92878e-05 0
 0 0 0 0 0 0 0 0 0 0 0 0 0 0 0 0 0 0 0 0 0 0 0 0 0 0
 0 0 0 0 0 0 0 0.0054083 0.00873648 0.0413646 0.0450493 0.0745869 0.0622846 0.0627006 0.0613931 0.0827291 0.12552 0.122667 0.0946155 0.0697135 0.0546179 0.0294188 0.0215738 0.0213955 0.0102223 0.00600262
 0 0 0 0 0.00359764 0.0251062 0.0480494 0.140153 0.205849 0.193036 0.1447 0.116669 0.0760912 0.0342217 0.00950174 0.001854 0.000860785 0 0 0 0.000165536 0 0.000143464 0 0 0
 0 0 0 0 0 0 0 0.000145254 0.000435761 0.0275982 0.070085 0.0708112 0.156366 0.174668 0.174014 0.160142 0.0824315 0.0480064 0.0283245 0.00493863 0.00203355 0 0 0 0 0
 0 0 0 0 0 0 0 0 0 0 0 0 0 0 0 0 0 0 0 0 0 0 0 0 0 0
 0 0 1.00437e-05 0.000401748 0.00122533 0.00171747 0.00176769 0.0269171 0.070346 0.194647 0.189555 0.159765 0.064822 0.0314167 0.0384472 0.0292271 0.0345202 0.0313363 0.0194345 0.0106764 0.0143323 0.0359363 0.0279516 0.0138201 0.00172751 0
 0 0.0021121 0.0136068 0.0755702 0.200478 0.177729 0.0527432 0.0373336 0.0318909 0.0142505 0.0149659 0.0166563 0.0217959 0.0798694 0.0677717 0.0528807 0.04013 0.0224614 0.0357745 0.0225083 0.00881397 0.00855152 0.00135912 0.000746735 0 0
 0 0 0 0 5.4009e-05 0.00500934 0.000945158 0.0243581 0.138947 0.33067 0.221406 0.137944 0.0707744 0.0437923 0.0131692 0.00525238 0.0047753 0.00276346 9.45158e-05 9.00151e-06 2.25038e-05 9.00151e-06 4.50075e-06 0 0 0
 0.000866109 0.00284123 0.00948549 0.0512746 0.133035 0.25785 0.225252 0.132002 0.0553304 0.0519788 0.0540692 0.017754 0.00435017 0.00159236 0.00146478 0.000404838 0.000125132 0.000115318 0.000107957 0.000100596 0 0 0 0 0 0
 0 0 0 0 0.00144013 0.00171154 0.00461396 0.0210425 0.0478622 0.0707936 0.0888783 0.103762 0.0637923 0.0337046 0.0602308 0.124433 0.169614 0.0934646 0.0462172 0.0250306 0.0313229 0.00938855 0.002487 0.000210481 0 0
 0 0.00764035 0.051015 0.0998891 0.058973 0.0496711 0.0374665 0.0718981 0.12319 0.153886 0.159021 0.0857701 0.0377988 0.023471 0.0147837 0.00900784 0.00315554 0.000888139 0.00291439 0.00214683 0.00393193 0.00274676 0.000635225 9.99891e-05 0 0
 0 0 0 0 0 0 0 0 0 0 0 0 0 0 0 0 0 0 0 0 0 0 0 0 0 0
 0 0 0 0 0 0 0 0 0 0 0 0 0 0 0 0 0 0 0 0 0 0 0 0 0 0
 0 0 0 0 0 0 0 0 0 0 0 0 0 0 0 0 0 0 0 0 0 0 0 0 0 0
 0 0 0 0 0 0 0 0 0 0 0 0 0 0 0 0 0 0 0 0 0 0 0 0 0 0
 0 0 0 0 0 0 0 0 0 0 0 0 0 0 0 0 0 0 0 0 0 0 0 0 0 0
 0 0 0 0 0 0 0 0 0 0 0 0 0 0 0 0 0 0 0 0 0 0 0 0 0 0
ppred_pel_tallas
 1.1071e-16 4.62235e-05 0.000449309 0.00298581 0.0135731 0.042231 0.089978 0.131328 0.13134 0.0900362 0.0424278 0.0141471 0.00444788 0.00371118 0.0064463 0.0111178 0.0172512 0.0242697 0.031519 0.0385438 0.045082 0.0507116 0.0545444 0.0554072 0.0524837 0.0459219
 1.1767e-16 4.21205e-05 0.000409426 0.00272078 0.0123683 0.0384825 0.081992 0.119675 0.119702 0.0821241 0.038926 0.0136505 0.00594361 0.00746023 0.0134805 0.0223519 0.0325284 0.0416651 0.0474635 0.0490274 0.047449 0.0450302 0.0437277 0.0440227 0.0449226 0.0448336
 1.13078e-16 5.44921e-05 0.000529683 0.00351993 0.0160011 0.0497855 0.106074 0.154821 0.154839 0.106158 0.0500684 0.01682 0.00558134 0.00504959 0.00869758 0.0144494 0.0211838 0.0274433 0.0317896 0.0336056 0.033444 0.0325594 0.0320046 0.0320184 0.0320807 0.0314215
 1.05094e-16 6.57588e-05 0.000639199 0.0042477 0.0193094 0.0600789 0.128005 0.18683 0.186843 0.128069 0.0602943 0.0199321 0.00581225 0.00406005 0.00657889 0.0108161 0.015681 0.0199515 0.0224368 0.0226122 0.0209293 0.018484 0.0163121 0.0148642 0.0139717 0.0131761
 1.0337e-16 5.98339e-05 0.000581607 0.00386498 0.0175697 0.0546658 0.116472 0.169999 0.17002 0.116576 0.0550153 0.018579 0.0063991 0.0061151 0.0105734 0.0173973 0.0250848 0.0316082 0.0349434 0.0341625 0.0299814 0.0242593 0.0188689 0.0148158 0.0121198 0.0102671
 1.0235e-16 6.70644e-05 0.00065189 0.00433204 0.0196928 0.0612718 0.130547 0.190539 0.190552 0.130611 0.0614883 0.0203187 0.0059046 0.00409003 0.00661203 0.0108649 0.0157379 0.0199853 0.0223786 0.0223428 0.0202748 0.0172306 0.0142478 0.011845 0.00999396 0.00841996
 1.04081e-16 4.62857e-05 0.000449914 0.00298984 0.0135914 0.042288 0.0901004 0.131511 0.131546 0.0902701 0.042858 0.0152379 0.00712352 0.00947568 0.0171935 0.028366 0.040893 0.0514989 0.056871 0.0554784 0.0484708 0.0388687 0.029728 0.0227125 0.0179028 0.0145278
 1.08831e-16 4.41492e-05 0.000429146 0.00285183 0.012964 0.040336 0.0859411 0.125439 0.125465 0.0860684 0.0407642 0.0142033 0.00597206 0.00727229 0.0131334 0.0218849 0.0320881 0.0415355 0.0479702 0.0503035 0.049149 0.0461704 0.0428252 0.0395667 0.0360033 0.0316196
 1.10602e-16 5.24819e-05 0.000510142 0.00339008 0.0154108 0.0479488 0.102161 0.149111 0.14913 0.102255 0.0482651 0.0163258 0.00569318 0.00555876 0.00970304 0.0161237 0.023617 0.0305469 0.0352883 0.0371272 0.0366508 0.0352233 0.0339839 0.0331809 0.0322642 0.0304792
 1.05238e-16 6.58109e-05 0.000639705 0.00425107 0.0193247 0.0601265 0.128106 0.186978 0.18699 0.128168 0.0603345 0.0199261 0.0057625 0.00394573 0.00636418 0.0104696 0.015202 0.019391 0.0218975 0.022219 0.0207822 0.0186203 0.0166973 0.0154118 0.0145773 0.0137486
 1.01575e-16 7.20138e-05 0.0007 0.00465175 0.0211462 0.0657936 0.140181 0.2046 0.20461 0.140229 0.0659546 0.021611 0.00581859 0.00324778 0.00491238 0.00801171 0.0115453 0.0145432 0.0160701 0.0156995 0.0137634 0.0111218 0.00864051 0.00678462 0.0055619 0.00473134
 1.01114e-16 6.68413e-05 0.000649721 0.00431762 0.0196273 0.0610679 0.130112 0.189906 0.189922 0.13019 0.0613298 0.0203837 0.00621585 0.00479213 0.00792974 0.0129923 0.0186825 0.0234361 0.0257056 0.024775 0.0211831 0.0163579 0.0117694 0.00825648 0.00591521 0.00441536
 1.01679e-16 6.31049e-05 0.000613402 0.00407627 0.0185302 0.0576543 0.122839 0.179291 0.17931 0.12293 0.0579584 0.0194087 0.00628222 0.0054311 0.0092188 0.015156 0.0218616 0.0275616 0.0304858 0.0298053 0.0261077 0.02097 0.0159926 0.0120565 0.00923189 0.00716425
 1.02571e-16 6.0586e-05 0.000588918 0.00391357 0.0177905 0.055353 0.117936 0.172135 0.172155 0.118033 0.0556793 0.0187335 0.006282 0.00576399 0.00990288 0.0163117 0.0235758 0.0298214 0.033173 0.0327536 0.029181 0.0241025 0.0191645 0.015233 0.0123229 0.0100322
 1.02131e-16 6.7632e-05 0.000657407 0.0043687 0.0198595 0.0617903 0.131651 0.192152 0.192165 0.131715 0.0620037 0.0204761 0.00591779 0.00404316 0.00650978 0.0106863 0.0154608 0.0195957 0.0218738 0.0217284 0.0195615 0.0164358 0.013401 0.0109909 0.0091854 0.00770425
 1.0036e-16 7.89624e-05 0.000767542 0.00510059 0.0231865 0.0721419 0.153706 0.224339 0.224343 0.153722 0.0721963 0.0233436 0.00549497 0.00162858 0.00171457 0.0027104 0.00389873 0.00490669 0.0054129 0.0052705 0.00458928 0.00365851 0.0027718 0.00209047 0.00162459 0.00130202
 1.01068e-16 3.73185e-05 0.000362749 0.0024106 0.0109583 0.0340955 0.072646 0.10604 0.10609 0.072893 0.0349247 0.0133521 0.00841487 0.0134549 0.024857 0.0409171 0.0586628 0.0731876 0.0795165 0.075355 0.0624866 0.0456371 0.0297526 0.017778 0.0101975 0.00597259
 1.01113e-16 7.70598e-05 0.000749049 0.00497769 0.0226279 0.0704037 0.150003 0.218934 0.218937 0.150017 0.0704522 0.0227683 0.00533221 0.00152999 0.0015807 0.00254449 0.00378128 0.00501031 0.00599199 0.0065998 0.00686225 0.00688833 0.00674643 0.00641148 0.00581833 0.00495584
 1.01483e-16 5.48274e-05 0.000532942 0.00354159 0.0160996 0.0500919 0.106727 0.155778 0.155808 0.106875 0.0505871 0.0175292 0.00712756 0.00835255 0.0148805 0.0244481 0.0350603 0.043771 0.0476221 0.0452618 0.0377721 0.0279805 0.0188249 0.0120211 0.00779451 0.00545853
 1.03513e-16 5.73711e-05 0.000557667 0.0037059 0.0168465 0.0524157 0.111678 0.163001 0.163021 0.111776 0.0527434 0.0177941 0.00608917 0.00577529 0.0100101 0.0165705 0.0241253 0.0308757 0.0350018 0.0356206 0.033242 0.0292976 0.0251626 0.0214783 0.0181802 0.0149736
 1.03158e-16 6.5782e-05 0.000639424 0.0042492 0.0193163 0.0601001 0.12805 0.186896 0.18691 0.128118 0.0603264 0.0199703 0.00589262 0.00423287 0.00690766 0.0113613 0.0164682 0.0209392 0.0235054 0.0235847 0.0216085 0.0186858 0.0158836 0.0136998 0.0120395 0.01055
 1.02096e-16 6.67311e-05 0.00064865 0.00431051 0.0195949 0.0609672 0.129898 0.189593 0.189607 0.12997 0.0612097 0.0202953 0.00606891 0.00448858 0.00736337 0.0120779 0.0174169 0.0219548 0.0242861 0.023764 0.0208781 0.0169075 0.0131403 0.0102679 0.00830748 0.00691761
 1.05304e-16 3.18902e-05 0.000309985 0.00205996 0.0093643 0.0291361 0.0620793 0.0906167 0.0906651 0.0623156 0.0299298 0.011657 0.00781644 0.012881 0.0239198 0.0395281 0.0570178 0.0718646 0.0794612 0.0776626 0.0680334 0.0547266 0.0419476 0.0319935 0.0250043 0.0199775
 1.05329e-16 6.59499e-05 0.000641057 0.00426005 0.0193656 0.0602535 0.128377 0.187371 0.187379 0.128415 0.0603819 0.0197381 0.00520195 0.00271978 0.00408003 0.00681385 0.0102138 0.0136908 0.0166696 0.0188563 0.0203338 0.021343 0.0219555 0.0219499 0.020992 0.0189317
 1.04687e-16 5.74283e-05 0.000558223 0.00370959 0.0168633 0.052468 0.11179 0.163165 0.163189 0.111905 0.0528545 0.0179795 0.00651118 0.00667321 0.0116687 0.0191958 0.0276416 0.0347611 0.0383201 0.0373239 0.0326268 0.0263651 0.0206708 0.0166571 0.0142645 0.0127814
 1.07448e-16 4.15827e-05 0.000404199 0.00268605 0.0122104 0.0379913 0.0809457 0.11815 0.118183 0.0811109 0.0385464 0.0138153 0.00671978 0.00922707 0.0168483 0.0279194 0.0405222 0.0515996 0.0580408 0.0583839 0.0536224 0.046399 0.0392815 0.0335094 0.0289512 0.0248907
 1.05495e-16 6.50806e-05 0.000632606 0.00420389 0.0191103 0.0594592 0.126685 0.184902 0.184913 0.126736 0.0596322 0.0196112 0.00546591 0.00340326 0.0053733 0.00890182 0.0131037 0.0170839 0.0199689 0.021354 0.0214983 0.0210425 0.0204934 0.019911 0.0190014 0.0174488
 1.038e-16 6.15949e-05 0.000598725 0.00397874 0.0180868 0.0562748 0.1199 0.175002 0.175021 0.119995 0.0565927 0.0190052 0.00628435 0.00563254 0.00962391 0.0158194 0.0228007 0.0287176 0.0317352 0.0310277 0.0272757 0.0222023 0.0175278 0.014152 0.0120395 0.010645
 1.07487e-16 3.28259e-05 0.000319079 0.00212039 0.00963903 0.0299908 0.0639003 0.0932735 0.0933174 0.0641147 0.0307111 0.0117205 0.00734918 0.011747 0.0217759 0.0360507 0.0521689 0.0661042 0.0737529 0.0731974 0.0657953 0.0551451 0.0448158 0.0366432 0.0305907 0.0257242
 1.147e-16 4.13478e-05 0.000401915 0.00267087 0.0121414 0.0377765 0.0804875 0.117478 0.117498 0.0805851 0.0381049 0.0130942 0.00507823 0.00570908 0.0102733 0.0173191 0.025885 0.0345289 0.0417687 0.0468832 0.0501839 0.0524454 0.0540144 0.0544159 0.0527525 0.0484627
pSPR Fmed_Fpbrs
0.540382   0.6 0.325
Fs Fmed_Fpbrs
0.363055   0.295273 0.728831
SSBpbr Bo_Bmed_Bpbrs
1.54552e+06  757896  850037 425019
Ro
138109
SPR SPRFo_SPRFmed_SPRFpbrs
983115 531257 319512
Fref
0.295273
Nvult_r0
 41517.1 18013.7 19838.1 5118.25 1300.96
CTP_r0
 7231.73 4038.24 4515.43 1165.93 296.368
YTP_r0
284317
Np
 190783 17617.4 6851.96 7486.44 2459.5
Nvult_p0
 133955 12764 4975.13 5436.45 1786.03
CTP_p0
 23350.1 2863.33 1133.17 1239.25 407.146
YTP_p0
 298644
CBA_c0
288615
log_Ro
11.6558
likeval ReclasPelacesDesembMPH_pf_preclas_ppelaces_ptallas_desvR_qrecl_qpela
 12.4078 17.0777 0.0370383 0.000819416 234.334 114.312 93.5841 0 23.8998 2.57459e-06 1.15633e-05 0.186968 3.99964e-15 0 0
q_reclas_q_pelaces
1.2553 1.6222
M
1
N
 172015 36925.8 93735.1 6290.85 0.223287
 95277.3 54875.4 11175 28257.6 1896.13
 95534 26955.7 14088.1 2848.52 7683.3
 145575 27161.3 6966.98 3615.78 2701.98
 117559 36179.5 5838.74 1481.77 1342.91
 216249 37930.6 11120.5 1788.26 864.959
 84904.3 62656.6 10061.1 2930.62 698.964
 36018 18033.3 10860.9 1718.13 619.319
 35534.6 12061.7 5832.64 3503.85 753.983
 48125.6 8998.03 2660.11 1273.34 929.027
 90023.1 10545.2 1627.73 474.476 392.526
 129197 29552.8 3318.95 510.723 271.987
 107757 29991.4 5785.95 641.709 151.231
 75225.6 25764.2 6114.31 1165.83 159.67
 69675.1 13107.1 3404.84 791.768 171.456
 376293 14940.4 2301.85 589.237 166.562
 73872.7 90727.9 3081.07 469.272 153.987
 609263 20596.1 22829.8 769.465 155.588
 336398 172690 5301.01 5834.4 236.316
 268134 85628 38358.8 1165.75 1334.3
 371633 70063.5 19715.1 8749.97 569.988
 512825 104579 17855.5 4987.85 2357
 100517 134665 24241.9 4101.21 1686.18
 297213 30236 37601.4 6731.9 1606.66
 254051 91483.5 8712.79 10782.8 2390.58
 111222 78263.1 26391.8 2501.42 3781.05
 252341 35460.7 23665.8 7949.55 1891.96
 283853 77705.5 10224.4 6790.65 2823.18
 77669.2 89851.8 23267 3048.96 2866.24
 59134.5 24865.7 27324.5 7048.94 1791.69
pred_Ctot
 14611.7 4206.21 10872.4 730.381 0.0259254
 14209.6 10790.8 2234.86 5656.25 379.56
 14009 5215.26 2772.22 561.029 1513.33
 30817.7 7452.19 1941.67 1008.54 753.689
 9234.12 3817.21 627.358 159.367 144.439
 29603.5 6868.89 2048.58 329.728 159.492
 23709 22240.4 3622.61 1056 251.87
 2058.09 1391.67 853.909 135.217 48.7431
 7216.21 3182.24 1563.36 939.948 202.274
 12826.3 3059.72 917.802 439.671 320.797
 6182.72 975.256 153.335 44.7402 37.0147
 31276.4 9192.62 1048.03 161.4 85.9576
 24690.5 8862.68 1736.15 192.709 45.4175
 26568.1 11311.1 2718.71 518.732 71.0473
 19187.4 4593.34 1210.47 281.699 61.004
 84816.5 4347.69 680.218 174.267 49.2629
 11564.3 18689.3 645.389 98.3852 32.2856
 90292.5 4025.54 4538.16 153.093 30.9573
 67496.4 45046 1404.87 1547.54 62.684
 50486.5 21032.3 9574.91 291.236 333.359
 56437.7 14018.8 4011.66 1782.05 116.091
 95348.6 25381.7 4404.2 1231.35 581.895
 11776.3 20980 3843.38 650.823 267.594
 31129.4 4224.96 5348.12 958.394 228.745
 26493.7 12729.5 1234.04 1528.66 338.926
 9484.72 8949.09 3072.91 291.531 440.69
 26369.7 4944.09 3358.63 1129.26 268.771
 25347.5 9294.65 1245.22 827.817 344.178
 6442.79 10000.1 2636.9 345.878 325.167
 7231.73 4038.24 4515.43 1165.93 296.368
F
 0.142514 0.195233 0.199109 0.199318 0.199329
 0.262595 0.359733 0.366876 0.36726 0.36728
 0.25769 0.353014 0.360024 0.3604 0.36042
 0.392197 0.537276 0.547944 0.548517 0.548548
 0.131178 0.179703 0.183271 0.183463 0.183473
 0.23876 0.327081 0.333575 0.333924 0.333943
 0.549303 0.752499 0.767441 0.768244 0.768286
 0.0939843 0.128751 0.131307 0.131444 0.131452
 0.373502 0.511667 0.521826 0.522372 0.522401
 0.518148 0.709819 0.723913 0.72467 0.72471
 0.113888 0.156017 0.159115 0.159282 0.159291
 0.460427 0.630746 0.64327 0.643943 0.643978
 0.430887 0.590278 0.601999 0.602629 0.602662
 0.747338 1.02379 1.04412 1.04521 1.04527
 0.539772 0.739442 0.754125 0.754914 0.754955
 0.422502 0.578792 0.590285 0.590902 0.590935
 0.277241 0.379796 0.387338 0.387743 0.387764
 0.26075 0.357205 0.364298 0.364679 0.364699
 0.368282 0.504516 0.514533 0.515072 0.5151
 0.342086 0.468629 0.477934 0.478434 0.478461
 0.267964 0.367089 0.374377 0.374769 0.37479
 0.337145 0.46186 0.471031 0.471524 0.47155
 0.201289 0.275749 0.281224 0.281518 0.281534
 0.17829 0.244242 0.249092 0.249352 0.249366
 0.177459 0.243105 0.247932 0.248191 0.248205
 0.143107 0.196045 0.199938 0.200147 0.200158
 0.177854 0.243646 0.248483 0.248743 0.248757
 0.150294 0.20589 0.209978 0.210197 0.210209
 0.138971 0.190378 0.194159 0.194362 0.194372
 0.210927 0.288953 0.29469 0.294998 0.295014
nmprior
 8.19 8.8 8.5 0
nm_flota  nm_reclas  nm_pelaces    nm_pelaL
inf 13.1607 18.1882 32.4898
cv_recla  cv_pelaces  cv_mph
0.326118 0.486271 0.8834
 ------------------------------------------------
Talla a la edad & desviaci?n 
 8 13.2811 15.8009 17.003 17.5766
 0.8 1.32811 1.58009 1.7003 1.75766
