years
 1991 1992 1993 1994 1995 1996 1997 1998 1999 2000 2001 2002 2003 2004 2005 2006 2007 2008 2009 2010 2011 2012 2013 2014 2015 2016 2017 2018 2019
reclasobs
 0 0 0 0 0 0 0 0 0 252601 567819 844713 477998 351125 339783 2.1784e+06 2.13404e+06 4.81314e+06 1.55562e+06 2.62356e+06 3.21686e+06 3.843e+06 1.13348e+06 3.07943e+06 1.97215e+06 2.03268e+06 2.025e+06 2.42433e+06 2.27542e+06
reclaspred
 3.18423e+06 1.74406e+06 881477 910296 923667 1.60563e+06 910714 779708 551413 373679 503133 685265 671885 495638 484973 1.35699e+06 1.206e+06 3.10917e+06 2.47658e+06 1.79103e+06 3.11414e+06 2.54625e+06 1.92902e+06 3.07478e+06 2.28576e+06 2.02249e+06 2.48104e+06 2.47191e+06 1.94701e+06
pelacesobs
 0 0 0 0 0 0 0 0 0 0 0 0 0 0 0 552880 188675 0 991730 2.46772e+06 1.41603e+06 1.21717e+06 2.29649e+06 1.80582e+06 0 1.4828e+06 1.56532e+06 1.57751e+06 1.42118e+06
pelacespred
 1.81193e+06 1.08447e+06 534254 444511 493804 877574 447742 502298 326332 202316 291240 329108 357950 266716 269447 634031 592846 1.73567e+06 1.42732e+06 945072 1.63278e+06 1.40488e+06 1.10748e+06 1.90963e+06 1.38259e+06 1.22945e+06 1.69193e+06 1.66596e+06 1.1139e+06
mphobs
 0 0 0 0 0 0 0 0 0 0 0 498337 0 5186 125008 0 168611 109162 213762 579715 649985 157893 87575 83554 0 0 0 0 0
mphpred
 487759 326919 157425 87083.3 96143.2 115556 159913 86580.8 77602.8 48647.1 29908.1 61010.8 65558.8 53560.6 32510.2 41294.8 152391 134464 310794 218679 229085 282324 269754 214379 311971 257006 210625 231556 301406
desembarqueobs
 494567 514787 250237 358949 120608 361735 552515 73892 212993 205616 52469 317467 293654 387597 252695 516296 358380 742168 942051 627588 828172 859565 418607 520667 417249 300574 415391 372974 316634
desembarquepred
 494572 513824 250691 358984 120614 361743 552541 73897.5 213055 205672 52471.9 317529 293689 387577 252670 516227 358408 742017 941749 627369 828252 859542 418608 520691 417236 300570 415378 372938 316621
Reclutas
 170560 95111 93926.5 145723 117059 215435 84584 35477.1 34801.6 46988.3 87569.9 127439 106302 74405.6 68127.4 367855 73048.1 594327 333171 262745 364291 503497 98013 290917 248958 110290 251942 248910 83631.6
log_desv_Rt
 0.197226 -0.386818 -0.399349 0.0398441 -0.179183 0.430795 -0.504117 -1.37297 -1.3922 -1.09196 -0.469425 -0.0942263 -0.275576 -0.63233 -0.720483 0.965826 -0.650744 1.44557 0.866793 0.629321 0.956092 1.27971 -0.356762 0.731177 0.575422 -0.238752 0.587335 0.57523 -0.51544
SSB
 2.02368e+06 1.35636e+06 653144 361302 398891 479434 663467 359217 321968 201833 124087 253129 271998 222219 134882 171329 632259 557879 1.28946e+06 907281 950455 1.17134e+06 1.11919e+06 889443 1.29434e+06 1.0663e+06 873866 960706 1.25051e+06
BT
 2.86334e+06 1.96653e+06 963542 914903 774652 1.54101e+06 1.09956e+06 760459 661591 477971 455913 724535 766429 777606 635340 1.32457e+06 1.08969e+06 3.13113e+06 2.87688e+06 1.86025e+06 2.97039e+06 2.74224e+06 1.87513e+06 3.18151e+06 2.27829e+06 1.95429e+06 2.80532e+06 2.71158e+06 1.76874e+06
Ftot
 0.205724 0.379179 0.372125 0.55613 0.185128 0.332991 0.772492 0.132705 0.530021 0.744975 0.162819 0.657244 0.616504 1.06989 0.774325 0.599884 0.400489 0.370948 0.527089 0.491168 0.384344 0.482645 0.291361 0.25463 0.254533 0.204666 0.249442 0.225789 0.213608
BD_Bspro_t
 0.967729 0.778362 0.572032 0.471564 0.467062 0.562374 0.565823 0.372562 0.428097 0.36566 0.321272 0.577647 0.456288 0.361526 0.247325 0.29668 0.490184 0.446798 0.583847 0.467207 0.432465 0.481242 0.498273 0.480457 0.60508 0.615222 0.622674 0.66951 0.708727
BD_Bspro
 2.03344 1.36291 0.656295 0.363045 0.400815 0.481747 0.666668 0.36095 0.323522 0.202807 0.124685 0.25435 0.273311 0.223291 0.135533 0.172156 0.63531 0.560571 1.29568 0.911658 0.95504 1.17699 1.12459 0.893734 1.30059 1.07144 0.878082 0.965341 1.25654
BD_Bo
 1.33689 0.896048 0.431484 0.238685 0.263517 0.316726 0.438303 0.237308 0.2127 0.133336 0.0819747 0.167223 0.179689 0.146804 0.0891068 0.113184 0.417687 0.368549 0.85185 0.599373 0.627894 0.773816 0.739365 0.587589 0.855077 0.704425 0.577298 0.634667 0.826118
BD_Brms
 2.43071 1.62918 0.784515 0.433973 0.479123 0.575865 0.796915 0.431469 0.386728 0.242429 0.149045 0.304043 0.326707 0.266916 0.162012 0.20579 0.75943 0.670089 1.54882 1.08977 1.14163 1.40694 1.3443 1.06834 1.55468 1.28077 1.04963 1.15394 1.50203
Sel_flota
 0.731489 0.981046 0.998984 0.999946 0.999997
 0.731489 0.981046 0.998984 0.999946 0.999997
 0.731489 0.981046 0.998984 0.999946 0.999997
 0.731489 0.981046 0.998984 0.999946 0.999997
 0.731489 0.981046 0.998984 0.999946 0.999997
 0.731489 0.981046 0.998984 0.999946 0.999997
 0.731489 0.981046 0.998984 0.999946 0.999997
 0.731489 0.981046 0.998984 0.999946 0.999997
 0.731489 0.981046 0.998984 0.999946 0.999997
 0.731489 0.981046 0.998984 0.999946 0.999997
 0.731489 0.981046 0.998984 0.999946 0.999997
 0.731489 0.981046 0.998984 0.999946 0.999997
 0.731489 0.981046 0.998984 0.999946 0.999997
 0.731489 0.981046 0.998984 0.999946 0.999997
 0.731489 0.981046 0.998984 0.999946 0.999997
 0.731489 0.981046 0.998984 0.999946 0.999997
 0.731489 0.981046 0.998984 0.999946 0.999997
 0.731489 0.981046 0.998984 0.999946 0.999997
 0.731489 0.981046 0.998984 0.999946 0.999997
 0.731489 0.981046 0.998984 0.999946 0.999997
 0.731489 0.981046 0.998984 0.999946 0.999997
 0.731489 0.981046 0.998984 0.999946 0.999997
 0.731489 0.981046 0.998984 0.999946 0.999997
 0.731489 0.981046 0.998984 0.999946 0.999997
 0.731489 0.981046 0.998984 0.999946 0.999997
 0.731489 0.981046 0.998984 0.999946 0.999997
 0.731489 0.981046 0.998984 0.999946 0.999997
 0.731489 0.981046 0.998984 0.999946 0.999997
 0.731489 0.981046 0.998984 0.999946 0.999997
Sel_reclas
 1 1 1 1 1
 1 1 1 1 1
 1 1 1 1 1
 1 1 1 1 1
 1 1 1 1 1
 1 1 1 1 1
 1 1 1 1 1
 1 1 1 1 1
 1 1 1 1 1
 1 1 1 1 1
 1 1 1 1 1
 1 1 1 1 1
 1 1 1 1 1
 1 1 1 1 1
 1 1 1 1 1
 1 1 1 1 1
 1 1 1 1 1
 1 1 1 1 1
 1 1 1 1 1
 1 1 1 1 1
 1 1 1 1 1
 1 1 1 1 1
 1 1 1 1 1
 1 1 1 1 1
 1 1 1 1 1
 1 1 1 1 1
 1 1 1 1 1
 1 1 1 1 1
 1 1 1 1 1
Sel_pelaces
 0.91997 1 1 1 1
 0.91997 1 1 1 1
 0.91997 1 1 1 1
 0.91997 1 1 1 1
 0.91997 1 1 1 1
 0.91997 1 1 1 1
 0.91997 1 1 1 1
 0.91997 1 1 1 1
 0.91997 1 1 1 1
 0.91997 1 1 1 1
 0.91997 1 1 1 1
 0.91997 1 1 1 1
 0.91997 1 1 1 1
 0.91997 1 1 1 1
 0.91997 1 1 1 1
 0.91997 1 1 1 1
 0.91997 1 1 1 1
 0.91997 1 1 1 1
 0.91997 1 1 1 1
 0.91997 1 1 1 1
 0.91997 1 1 1 1
 0.91997 1 1 1 1
 0.91997 1 1 1 1
 0.91997 1 1 1 1
 0.91997 1 1 1 1
 0.91997 1 1 1 1
 0.91997 1 1 1 1
 0.91997 1 1 1 1
 0.91997 1 1 1 1
pf_obs 
 0.8446 0.082 0.0669 0.0065 0
 0.8095 0.147 0.0364 0.0071 0
 0.9664 0.0169 0.016 0.0007 0
 0.9276 0.0648 0.0075 0.0001 0
 0.7033 0.2144 0.0806 0.0017 0
 0.9318 0.0425 0.0243 0.0014 0
 0.5671 0.3108 0.0964 0.0239 0.0018
 0.0768 0.2599 0.5324 0.112 0.0189
 0.490249 0.384438 0.106611 0.0170017 0.00170017
 0.7925 0.1577 0.0466 0.003 0.0002
 0.840416 0.127587 0.0312969 0.00059994 9.999e-05
 0.8084 0.0986 0.0794 0.0134 0.0002
 0.7335 0.1905 0.0724 0.0035 0.0001
 0.4001 0.4547 0.1325 0.0127 0
 0.49795 0.308269 0.164784 0.0264974 0.00249975
 0.9179 0.0499 0.0305 0.0017 0
 0.2467 0.6533 0.0926 0.0074 0
 0.9418 0.0223 0.034 0.0019 0
 0.707729 0.231977 0.0356964 0.0245975 0
 0.517169 0.277429 0.184464 0.0207286 0.00020938
 0.811772 0.124168 0.05621 0.00726502 0.000585176
 0.764997 0.148141 0.077277 0.00933861 0.000247198
 0.163321 0.427699 0.378323 0.0303852 0.000271297
 0.753843 0.0900009 0.118128 0.0371064 0.000921714
 0.721811 0.176058 0.0630433 0.0369309 0.00215725
 0.143369 0.312575 0.442814 0.0836902 0.0175525
 0.692698 0.0596174 0.167031 0.0765114 0.00414204
 0.394062 0.376323 0.152708 0.0712218 0.00568511
 0.125707 0.32114 0.495352 0.0537591 0.00404204
pf_pred 
 0.492298 0.138277 0.34606 0.0233629 8.72514e-07
 0.438394 0.321518 0.0663257 0.162784 0.0109787
 0.589552 0.215197 0.112844 0.0227844 0.0596231
 0.744642 0.17108 0.0446477 0.0229157 0.016715
 0.668296 0.268206 0.0428776 0.0109306 0.00968992
 0.76387 0.173062 0.0511852 0.00802677 0.00385614
 0.47164 0.432781 0.0704472 0.0204015 0.00473092
 0.464405 0.306291 0.188715 0.0299279 0.010662
 0.554894 0.240764 0.117803 0.0712332 0.0153058
 0.735588 0.170309 0.0514587 0.0245975 0.0180468
 0.84227 0.127182 0.0198599 0.00584811 0.00483958
 0.756437 0.214087 0.0238563 0.00365467 0.00196473
 0.70388 0.242904 0.0469162 0.00509981 0.00119965
 0.655107 0.267963 0.0633822 0.0119463 0.00160192
 0.765879 0.175757 0.0456504 0.0104777 0.00223602
 0.944319 0.0462762 0.00710672 0.00179803 0.000500045
 0.384166 0.591857 0.0200089 0.00299976 0.000968761
 0.914565 0.0398977 0.0438012 0.001449 0.000287056
 0.595189 0.379727 0.011848 0.0127317 0.000504042
 0.625722 0.253944 0.113043 0.00344616 0.00384503
 0.746796 0.178688 0.0509283 0.0221606 0.00142756
 0.758083 0.195014 0.0333122 0.00929198 0.00429877
 0.320874 0.555039 0.100472 0.0167785 0.00683694
 0.75118 0.0983607 0.123428 0.0218911 0.00513975
 0.63375 0.295663 0.0282449 0.0347412 0.00760019
 0.437427 0.396147 0.134882 0.0126304 0.0189137
 0.739719 0.13416 0.0893245 0.029828 0.00696826
 0.662132 0.269332 0.035673 0.0232825 0.00958071
 0.374215 0.45594 0.135943 0.017655 0.0162471
pobs_RECLAS
 0 0 0 0 0
 0 0 0 0 0
 0 0 0 0 0
 0 0 0 0 0
 0 0 0 0 0
 0 0 0 0 0
 0 0 0 0 0
 0 0 0 0 0
 0 0 0 0 0
 0 0 0 0 0
 0.991045 0.00858322 0.000360255 1.14367e-05 0
 0.934742 0.0480273 0.0164251 0.00080598 0
 0.827803 0.169806 0.00239088 0 0
 0.941827 0.0461693 0.0120037 0 0
 0.791401 0.0380133 0.147996 0.0225897 0
 0.846168 0.0940531 0.0597789 0 0
 0.134021 0.677848 0.182769 0.00536245 0
 0.80878 0.0450904 0.141981 0.00414843 0
 0.846168 0.0940531 0.0597789 0 0
 0.905697 0.0802665 0.012482 0.00150086 5.37128e-05
 0.989698 0.0102097 9.19794e-05 0 0
 0.975433 0.0193895 0.00387452 0.00125025 5.28907e-05
 0.303575 0.632131 0.0575291 0.00676475 0
 0.966965 0.00978017 0.0227588 0.000495775 0
 0.843318 0.132988 0.00938335 0.0141283 0.000182051
 0.564624 0.303363 0.111486 0.0197234 0.00080311
 0.826376 0.0876187 0.0782897 0.00655872 0.00115652
 0.89761 0.0855135 0.0140674 0.00269457 0.000114338
 0.34875 0.467042 0.161289 0.0227151 0.000203297
ppred_RECLAS
 0.569818 0.118752 0.291752 0.0196772 7.34829e-07
 0.51608 0.279361 0.0565517 0.138656 0.00935098
 0.662556 0.178544 0.0918752 0.018532 0.0484927
 0.800075 0.134816 0.0345092 0.0176938 0.0129054
 0.731442 0.217923 0.0342024 0.00871052 0.00772144
 0.81476 0.136448 0.0396061 0.00620476 0.00298067
 0.5521 0.368217 0.0587473 0.0169951 0.00394078
 0.540365 0.264932 0.160266 0.0253916 0.00904541
 0.631462 0.201151 0.0965413 0.0583166 0.0125297
 0.793841 0.133752 0.0396141 0.0189157 0.0138773
 0.878269 0.0985099 0.0151022 0.00444279 0.00367642
 0.809952 0.167447 0.0182956 0.00279986 0.0015051
 0.765263 0.193229 0.0365992 0.00397422 0.000934821
 0.72712 0.213019 0.0493291 0.00928706 0.00124526
 0.818967 0.136588 0.0347719 0.00797233 0.00170127
 0.958746 0.0343999 0.00518088 0.00130942 0.000364141
 0.458405 0.520892 0.0172796 0.00258797 0.000835732
 0.936084 0.0301491 0.0324807 0.00107343 0.000212641
 0.667209 0.31255 0.00956585 0.0102688 0.000406513
 0.695854 0.207631 0.0906721 0.00276136 0.0030808
 0.800763 0.141394 0.0395451 0.0171902 0.00110731
 0.810492 0.153339 0.0256964 0.00716037 0.00331244
 0.39045 0.499882 0.088814 0.014817 0.00603734
 0.804719 0.0780739 0.0961672 0.0170393 0.0040004
 0.700953 0.2423 0.0227209 0.0279191 0.00610742
 0.513073 0.344766 0.115239 0.0107804 0.0161425
 0.794667 0.106805 0.0698026 0.0232861 0.00543969
 0.726243 0.219062 0.0284822 0.0185711 0.00764156
 0.447578 0.404522 0.118402 0.0153618 0.0141361
pobs_PELACES
 0 0 0 0 0
 0 0 0 0 0
 0 0 0 0 0
 0 0 0 0 0
 0 0 0 0 0
 0 0 0 0 0
 0 0 0 0 0
 0 0 0 0 0
 0 0 0 0 0
 0 0 0 0 0
 0 0 0 0 0
 0 0 0 0 0
 0 0 0 0 0
 0 0 0 0 0
 0 0 0 0 0
 0 0 0 0 0
 0.505614 0.472636 0.0217494 0 0
 0 0 0 0 0
 0.443492 0.261883 0.143347 0.151278 0
 0.227955 0.32914 0.350689 0.0885471 0.00366901
 0.970185 0.0296113 0.000203453 0 0
 0.997202 0.00247181 0.000326279 0 0
 0.445219 0.490057 0.0546422 0.010081 0
 0.90214 0.0892962 0.00764917 0.000914606 0
 0 0 0 0 0
 0.581667 0.319106 0.0959925 0.00289975 0.000334073
 0.762889 0.0836404 0.116647 0.0363945 0.000428098
 0.88444 0.0763242 0.0277011 0.0115352 0
 0.521256 0.241999 0.230069 0.00667565 0
ppred_PELACES
 0.553672 0.123318 0.302602 0.0204076 7.62102e-07
 0.503285 0.28703 0.0579739 0.142126 0.00958493
 0.6509 0.184908 0.0949403 0.019148 0.0501042
 0.79417 0.138951 0.0354506 0.0181733 0.013255
 0.717885 0.228973 0.0358972 0.00914161 0.00810356
 0.806242 0.142797 0.0413674 0.00648001 0.00311288
 0.547404 0.372384 0.0591411 0.0171048 0.00396617
 0.5224 0.275379 0.166455 0.026371 0.0093943
 0.622503 0.206341 0.0987221 0.0596239 0.0128105
 0.79047 0.136155 0.0401484 0.0191662 0.014061
 0.870605 0.104731 0.0160405 0.00471858 0.00390463
 0.805476 0.171471 0.0186625 0.00285541 0.00153495
 0.759467 0.198128 0.0373905 0.00405936 0.000954836
 0.728327 0.212373 0.0488691 0.00919733 0.00123321
 0.816207 0.138828 0.0351807 0.00806405 0.00172082
 0.957404 0.0355402 0.00533365 0.00134778 0.000374803
 0.445935 0.532933 0.0176372 0.00264119 0.000852912
 0.93292 0.0316784 0.0340533 0.00112527 0.000222909
 0.658311 0.320969 0.00979292 0.0105108 0.00041609
 0.686884 0.213953 0.0931614 0.00283672 0.00316485
 0.792487 0.147367 0.0411218 0.0178734 0.00115131
 0.803781 0.158857 0.0265451 0.00739574 0.0034213
 0.376477 0.511501 0.0907217 0.0151339 0.00616642
 0.794868 0.0820873 0.100958 0.0178868 0.00419935
 0.687763 0.253062 0.0236943 0.0291128 0.00636853
 0.496525 0.356609 0.119053 0.0111365 0.0166757
 0.78434 0.112257 0.0732579 0.0244368 0.00570848
 0.713225 0.229542 0.029805 0.0194322 0.00799584
 0.431449 0.416475 0.121746 0.0157947 0.0145343
pobs_pel_tallas
 0 0 0 0 0 0 0 0 0 0 0 0 0 0 0 0 0 0 0 0 0 0 0 0 0 0
 0 0 0 0 0 0 0 0 0 0 0 0 0 0 0 0 0 0 0 0 0 0 0 0 0 0
 0 0 0 0 0 0 0 0 0 0 0 0 0 0 0 0 0 0 0 0 0 0 0 0 0 0
 0 0 0 0 0 0 0 0 0 0 0 0 0 0 0 0 0 0 0 0 0 0 0 0 0 0
 0 0 0 0 0 0 0 0 0 0 0 0 0 0 0 0 0 0 0 0 0 0 0 0 0 0
 0 0 0 0 0 0 0 0 0 0 0 0 0 0 0 0 0 0 0 0 0 0 0 0 0 0
 0 0 0 0 0 0 0 0 0 0 0 0 0 0 0 0 0 0 0 0 0 0 0 0 0 0
 0 0 0 0 0 0 0 0 0 0 0 0 0 0 0 0 0 0 0 0 0 0 0 0 0 0
 0 0 0 0 0 0 0 0 0 0 0 0 0 0 0 0 0 0 0 0 0 0 0 0 0 0
 0 0 0 0 0 0 0 0 0 0 0 0 0 0 0 0 0 0 0 0 0 0 0 0 0 0
 0 0 0 0 0 0 0 0 0 0 0 0 0 0 0 0 0 0 0 0 0 0 0 0 0 0
 0 0 0 0 0 0 0 0 0 0 0 0 0 0 0 0 0 0 0 0 0 0 0 0 0 0
 0.00862536 0 0 0.000197151 0.00414017 0.0128641 0.00837892 0.0270097 0.101434 0.158115 0.152841 0.127902 0.109271 0.109419 0.0830992 0.0579132 0.0238553 0.00714673 0.00463305 0.00128148 0.00103504 0.000492878 0.000147863 0.000147863 4.92878e-05 0
 0 0 0 0 0 0 0 0 0 0 0 0 0 0 0 0 0 0 0 0 0 0 0 0 0 0
 0 0 0 0 0 0 0 0.0054083 0.00873648 0.0413646 0.0450493 0.0745869 0.0622846 0.0627006 0.0613931 0.0827291 0.12552 0.122667 0.0946155 0.0697135 0.0546179 0.0294188 0.0215738 0.0213955 0.0102223 0.00600262
 0 0 0 0 0.00359764 0.0251062 0.0480494 0.140153 0.205849 0.193036 0.1447 0.116669 0.0760912 0.0342217 0.00950174 0.001854 0.000860785 0 0 0 0.000165536 0 0.000143464 0 0 0
 0 0 0 0 0 0 0 0.000145254 0.000435761 0.0275982 0.070085 0.0708112 0.156366 0.174668 0.174014 0.160142 0.0824315 0.0480064 0.0283245 0.00493863 0.00203355 0 0 0 0 0
 0 0 0 0 0 0 0 0 0 0 0 0 0 0 0 0 0 0 0 0 0 0 0 0 0 0
 0 0 1.00437e-05 0.000401748 0.00122533 0.00171747 0.00176769 0.0269171 0.070346 0.194647 0.189555 0.159765 0.064822 0.0314167 0.0384472 0.0292271 0.0345202 0.0313363 0.0194345 0.0106764 0.0143323 0.0359363 0.0279516 0.0138201 0.00172751 0
 0 0.0021121 0.0136068 0.0755702 0.200478 0.177729 0.0527432 0.0373336 0.0318909 0.0142505 0.0149659 0.0166563 0.0217959 0.0798694 0.0677717 0.0528807 0.04013 0.0224614 0.0357745 0.0225083 0.00881397 0.00855152 0.00135912 0.000746735 0 0
 0 0 0 0 5.4009e-05 0.00500934 0.000945158 0.0243581 0.138947 0.33067 0.221406 0.137944 0.0707744 0.0437923 0.0131692 0.00525238 0.0047753 0.00276346 9.45158e-05 9.00151e-06 2.25038e-05 9.00151e-06 4.50075e-06 0 0 0
 0.000866109 0.00284123 0.00948549 0.0512746 0.133035 0.25785 0.225252 0.132002 0.0553304 0.0519788 0.0540692 0.017754 0.00435017 0.00159236 0.00146478 0.000404838 0.000125132 0.000115318 0.000107957 0.000100596 0 0 0 0 0 0
 0 0 0 0 0.00144013 0.00171154 0.00461396 0.0210425 0.0478622 0.0707936 0.0888783 0.103762 0.0637923 0.0337046 0.0602308 0.124433 0.169614 0.0934646 0.0462172 0.0250306 0.0313229 0.00938855 0.002487 0.000210481 0 0
 0 0.00764035 0.051015 0.0998891 0.058973 0.0496711 0.0374665 0.0718981 0.12319 0.153886 0.159021 0.0857701 0.0377988 0.023471 0.0147837 0.00900784 0.00315554 0.000888139 0.00291439 0.00214683 0.00393193 0.00274676 0.000635225 9.99891e-05 0 0
 0 0 0 0 0 0 0 0 0 0 0 0 0 0 0 0 0 0 0 0 0 0 0 0 0 0
 0 0 0 0 0 0 0 0 0 0 0 0 0 0 0 0 0 0 0 0 0 0 0 0 0 0
 0 0 0 0 0 0 0 0 0 0 0 0 0 0 0 0 0 0 0 0 0 0 0 0 0 0
 0 0 0 0 0 0 0 0 0 0 0 0 0 0 0 0 0 0 0 0 0 0 0 0 0 0
 0 0 0 0 0 0 0 0 0 0 0 0 0 0 0 0 0 0 0 0 0 0 0 0 0 0
ppred_pel_tallas
 1.10811e-16 4.56053e-05 0.0004433 0.00294588 0.0133916 0.0416662 0.0887747 0.129572 0.129584 0.0888351 0.0418705 0.0139873 0.00446274 0.00382523 0.00667503 0.0115004 0.0178105 0.0249896 0.0323429 0.0393951 0.0458951 0.0514513 0.0552038 0.0559907 0.0529922 0.0463495
 1.17622e-16 4.14549e-05 0.000402957 0.00267779 0.0121729 0.0378745 0.0806966 0.117785 0.117813 0.0808322 0.03833 0.0134896 0.00598745 0.00764328 0.0138397 0.0229465 0.0333842 0.0427389 0.0486405 0.0501578 0.0484044 0.0457445 0.0442007 0.0442954 0.0450467 0.044855
 1.13187e-16 5.36138e-05 0.000521145 0.00346319 0.0157432 0.048983 0.104364 0.152326 0.152344 0.104452 0.0492779 0.0165966 0.00561148 0.00523111 0.00905891 0.0150514 0.0220586 0.0285588 0.0330472 0.0348745 0.0346135 0.0335734 0.0328601 0.0327375 0.0326834 0.0319152
 1.05125e-16 6.54148e-05 0.000635855 0.00422548 0.0192084 0.0597646 0.127335 0.185852 0.185866 0.127401 0.059985 0.0198454 0.00582607 0.0041355 0.00672855 0.011065 0.0160416 0.0204094 0.0229492 0.0231232 0.0213915 0.0188738 0.0166295 0.0151211 0.0141796 0.0133412
 1.03383e-16 5.91313e-05 0.000574777 0.0038196 0.0173633 0.0540239 0.115105 0.168003 0.168025 0.115212 0.0543862 0.0184097 0.00644645 0.00631049 0.0109561 0.0180295 0.0259917 0.0327405 0.0361752 0.0353327 0.0309557 0.0249762 0.0193423 0.0151043 0.0122893 0.0103677
 1.02407e-16 6.64091e-05 0.00064552 0.00428971 0.0195004 0.0606731 0.129271 0.188678 0.188691 0.129338 0.0608996 0.0201551 0.00593466 0.00424183 0.00691222 0.0113633 0.0164586 0.0208968 0.023392 0.0233421 0.0211622 0.0179582 0.0148176 0.0122865 0.0103382 0.0086876
 1.04189e-16 4.5089e-05 0.000438281 0.00291253 0.01324 0.0411947 0.087771 0.128112 0.128148 0.0879464 0.0417838 0.0149417 0.00718463 0.00976627 0.0177665 0.0293156 0.0422624 0.0532233 0.0587749 0.0573345 0.0500895 0.040161 0.0307068 0.023447 0.0184659 0.0149688
 1.09109e-16 4.30295e-05 0.000418262 0.0027795 0.0126352 0.039313 0.0837614 0.122258 0.122285 0.0838922 0.0397527 0.0139079 0.00598407 0.00744662 0.0134872 0.0224801 0.0329652 0.0426795 0.0493072 0.0517306 0.0505779 0.0475526 0.0441447 0.0408132 0.0371522 0.0326331
 1.1105e-16 5.12748e-05 0.000498409 0.0033121 0.0150564 0.046846 0.0998111 0.145681 0.145701 0.099909 0.047175 0.0160083 0.00570804 0.0057505 0.0100907 0.0167729 0.0245677 0.0317758 0.0367066 0.0386182 0.0381219 0.0366386 0.0353539 0.0345265 0.0335828 0.0317354
 1.05496e-16 6.511e-05 0.000632892 0.00420579 0.0191189 0.0594861 0.126742 0.184986 0.185 0.126806 0.0597023 0.0197438 0.00577628 0.00406821 0.0066101 0.0108802 0.0158005 0.0201587 0.0227726 0.0231208 0.0216464 0.0194214 0.0174447 0.0161269 0.0152711 0.014413
 1.01624e-16 7.17106e-05 0.000697053 0.00463216 0.0210571 0.0655166 0.13959 0.203738 0.203749 0.13964 0.0656823 0.0215357 0.0058336 0.00332035 0.00505549 0.00824878 0.0118869 0.0149728 0.0165438 0.0161606 0.0141654 0.0114441 0.0088888 0.00697868 0.0057217 0.00486929
 1.01129e-16 6.63461e-05 0.000644907 0.00428564 0.0194819 0.0606155 0.129148 0.188499 0.188516 0.129229 0.0608864 0.0202644 0.00624926 0.00492992 0.00819962 0.0134381 0.0193219 0.0242343 0.0265736 0.0255991 0.0218686 0.0168617 0.0121017 0.00845939 0.00603589 0.00448966
 1.01699e-16 6.25563e-05 0.00060807 0.00404084 0.0183691 0.0571531 0.121771 0.177733 0.177752 0.121865 0.0574667 0.019275 0.0063154 0.00557548 0.00950241 0.0156253 0.0225364 0.0284076 0.0314125 0.0306961 0.026865 0.0215475 0.0163976 0.0123271 0.00941097 0.00728409
 1.02596e-16 5.99914e-05 0.000583138 0.00387516 0.0176159 0.0548097 0.116779 0.170446 0.170467 0.116879 0.0551462 0.0185881 0.00631684 0.00591807 0.0102058 0.0168131 0.0242971 0.0307266 0.0341662 0.0337111 0.0299992 0.0247324 0.0196133 0.0155405 0.0125331 0.0101779
 1.02151e-16 6.72299e-05 0.000653498 0.00434273 0.0197414 0.0614229 0.130869 0.191009 0.191023 0.130934 0.061643 0.0203774 0.00594025 0.00414498 0.00671016 0.0110182 0.0159388 0.0201965 0.0225348 0.0223687 0.0201132 0.0168664 0.0137147 0.0112123 0.00934203 0.00781614
 1.00362e-16 7.88601e-05 0.000766548 0.00509398 0.0231565 0.0720485 0.153507 0.224049 0.224052 0.153524 0.0721047 0.0233189 0.00550157 0.00165641 0.00176913 0.00280059 0.00402825 0.00506868 0.00558963 0.00543921 0.00473097 0.00376433 0.00284345 0.00213589 0.00165269 0.00131958
 1.01055e-16 3.67312e-05 0.000357041 0.00237266 0.0107858 0.0335589 0.0715028 0.104371 0.104422 0.0717532 0.0343997 0.013213 0.00846046 0.0136313 0.0252012 0.0414847 0.059475 0.0741972 0.0806063 0.0763756 0.0633138 0.0462144 0.0300949 0.0179439 0.0102543 0.00597371
 1.01142e-16 7.68434e-05 0.000746945 0.00496371 0.0225643 0.070206 0.149581 0.218319 0.218322 0.149597 0.070257 0.0227123 0.00533744 0.00156998 0.00166095 0.00267881 0.00397782 0.00526369 0.00628254 0.00690071 0.00715014 0.00715011 0.00697855 0.00661431 0.00599139 0.00509704
 1.0149e-16 5.42243e-05 0.000527079 0.00350263 0.0159225 0.0495409 0.105553 0.154064 0.154095 0.105704 0.0500473 0.0173844 0.00716965 0.0085234 0.0152149 0.0250002 0.0358519 0.0447583 0.0486943 0.0462769 0.0386119 0.0285909 0.0192184 0.0122502 0.00791899 0.00552436
 1.03564e-16 5.65778e-05 0.000549956 0.00365465 0.0166135 0.051691 0.110134 0.160748 0.160769 0.110235 0.0520313 0.0175977 0.00612966 0.00596792 0.01039 0.0172006 0.0250346 0.0320221 0.0362696 0.0368594 0.0343252 0.0301637 0.0258165 0.0219616 0.0185387 0.0152399
 1.03212e-16 6.52761e-05 0.000634507 0.00421652 0.0191677 0.0596379 0.127065 0.185459 0.185473 0.127135 0.0598717 0.0198434 0.00591448 0.00434713 0.00713389 0.0117372 0.017012 0.0216279 0.024273 0.0243447 0.0222885 0.0192503 0.0163346 0.0140585 0.0123277 0.0107809
 1.02128e-16 6.62064e-05 0.00064355 0.00427662 0.0194409 0.0604879 0.128876 0.188102 0.188117 0.128951 0.0607393 0.020167 0.00609964 0.00462448 0.00763045 0.0125198 0.0180524 0.0227518 0.0251596 0.0246048 0.0215953 0.0174591 0.0135343 0.0105411 0.0085001 0.00705858
 1.05311e-16 3.101e-05 0.000301429 0.0020031 0.00910584 0.0283319 0.060366 0.0881162 0.0881655 0.060607 0.0291413 0.0114441 0.00787382 0.0131216 0.0243916 0.0403082 0.0581382 0.0732662 0.0809907 0.079123 0.0692595 0.0556404 0.0425621 0.0323754 0.0252299 0.0201059
 1.05439e-16 6.54723e-05 0.000636414 0.00422919 0.0192253 0.0598171 0.127447 0.186014 0.186022 0.127486 0.0599499 0.0196108 0.00520374 0.00278698 0.00421771 0.00704666 0.0105595 0.014147 0.0172121 0.0194495 0.0209457 0.0219536 0.0225527 0.0225203 0.0215154 0.0193852
 1.04746e-16 5.66502e-05 0.00055066 0.00365933 0.0166348 0.0517572 0.110275 0.160955 0.160979 0.110394 0.0521571 0.0177899 0.00655847 0.00687844 0.0120716 0.0198618 0.0285982 0.035958 0.0396276 0.0385754 0.0336851 0.0271685 0.0212356 0.0170441 0.0145391 0.0129898
 1.07466e-16 4.08982e-05 0.000397545 0.00264183 0.0120094 0.0373659 0.0796132 0.116205 0.11624 0.0797817 0.0379321 0.0136461 0.0067554 0.0093948 0.017179 0.0284681 0.0413142 0.0525985 0.0591461 0.0594643 0.0545667 0.0471518 0.0398442 0.0339157 0.0292392 0.0250887
 1.0556e-16 6.46051e-05 0.000627984 0.00417318 0.0189707 0.0590248 0.125759 0.183551 0.183562 0.125812 0.0592044 0.0194905 0.0054828 0.00350278 0.00557121 0.00923131 0.013582 0.0176929 0.0206538 0.0220424 0.0221294 0.0215862 0.0209496 0.0202939 0.0193241 0.0177166
 1.04221e-16 5.87475e-05 0.000571046 0.0037948 0.0172506 0.0536733 0.114357 0.166913 0.166935 0.114466 0.0540363 0.0182992 0.00642693 0.0063176 0.0109746 0.0180567 0.0260237 0.032771 0.0362023 0.0353731 0.0310592 0.0252289 0.0198495 0.0159541 0.0135093 0.0118989
 1.07664e-16 3.5538e-05 0.000345442 0.00229559 0.0104354 0.0324687 0.0691795 0.100978 0.101018 0.0693761 0.0331294 0.0123449 0.00709355 0.0108354 0.0200048 0.033138 0.0480186 0.0609811 0.0682899 0.068195 0.0619134 0.0526743 0.0436505 0.0364281 0.0309149 0.0262558
pSPR Fmed_Fpbrs
0.527472   0.6 0.325
Fs Fmed_Fpbrs
0.374842   0.292087 0.719636
SSBpbr Bo_Bmed_Bpbrs
1.51372e+06  722758  832544 416272
Ro
140031
SPR SPRFo_SPRFmed_SPRFpbrs
995198 524939 323439
Fref
0.292087
Nvult_r0
 57315.8 54469.4 15999.5 2076.22 1910.57
CTP_r0
 7745.45 9436.97 2813.73 365.42 336.28
YTP_r0
316621
Np
 190380 26315.8 23158.7 6765.48 1138.46
Nvult_p0
 133817 19046.8 16795.2 4906.99 825.73
CTP_p0
 23557.7 4242.26 3793.71 1109.22 186.663
YTP_p0
 373305
CBA_c0
333626
log_Ro
11.6696
likeval ReclasPelacesDesembMPH_pf_preclas_ppelaces_ptallas_desvR_qrecl_qpela
 12.3149 17.0149 0.036756 0.000819972 222.307 103.274 84.7578 0 22.497 3.77101e-06 1.4833e-05 0.185254 7.43403e-16 0 0
q_reclas_q_pelaces
1.31676 1.72967
M
1
N
 170560 36469.5 89764.8 6054.77 0.226112
 95111 53979.4 10964.4 26887.9 1813.34
 93926.5 26514.2 13689.2 2761.73 7226.69
 145723 26319.4 6770.72 3472.46 2532.75
 117059 35691.2 5610.94 1429.1 1266.83
 215435 37609.6 10949.4 1715.63 824.167
 84584 62120.7 9979.97 2888.19 669.72
 35477.1 17684.3 10710.5 1697.02 604.542
 34801.6 11843.9 5711.53 3450.98 741.476
 46988.3 8688.14 2590.47 1237.39 907.818
 87569.9 10023.8 1538.96 452.766 374.668
 127439 28598 3143.15 481.163 258.66
 106302 28987.6 5520.95 599.685 141.061
 74405.6 24911.3 5824.37 1097.1 147.11
 68127.4 12514.9 3208.2 735.833 157.027
 367855 14224.5 2153.88 544.532 151.432
 73048.1 87258.9 2905.06 435.177 140.533
 594327 20048.7 21671.2 716.321 141.901
 333171 166682 5125.6 5503.65 217.877
 262745 83353.9 36561.1 1113.71 1242.56
 364291 67484.6 18939.2 8234.37 530.425
 503497 101171 17027.7 4745.9 2195.52
 98013 130129 23180.5 3867.8 1575.98
 290917 29136 35970.2 6374.14 1496.49
 248958 88834.9 8349.23 10260.7 2244.58
 110290 76027.5 25459 2381.89 3566.65
 251942 34931.9 22881 7634 1783.33
 248910 77225.8 10061.2 6560.85 2699.65
 83631.6 77628.1 22765 2953.9 2718.22
pred_Ctot
 15248.9 4283.14 10719.2 723.665 0.0270261
 14895 10924 2253.5 5530.79 373.017
 14465.5 5280.15 2768.78 559.046 1462.93
 31817.7 7310.05 1907.74 979.159 714.211
 9475.77 3802.9 607.963 154.985 137.394
 30029.5 6803.48 2012.21 315.551 151.594
 24154.2 22164.1 3607.83 1044.83 242.286
 2091.14 1379.18 849.75 134.76 48.0091
 7295.73 3165.56 1548.88 936.572 201.24
 13038.4 3018.75 912.11 435.994 319.881
 6276.08 947.684 147.984 43.5765 36.0616
 31964.5 9046.63 1008.09 154.434 83.0229
 25296.6 8729.7 1686.11 183.281 43.114
 27171.6 11114.2 2628.88 495.491 66.4423
 19491.1 4472.9 1161.77 266.65 56.9053
 85576.2 4193.65 644.027 162.941 45.3151
 12008.4 18500.5 625.446 93.7677 30.2819
 91272.7 3981.75 4371.32 144.609 28.6479
 69516.6 44351.2 1383.82 1487.03 58.8708
 51610.9 20945.8 9324.05 284.247 317.147
 57741.1 13815.9 3937.69 1713.43 110.377
 97422.2 25061.6 4280.99 1194.12 552.44
 12100.6 20931.3 3788.93 632.742 257.83
 31729.7 4154.73 5213.57 924.677 217.102
 27143.8 12663.4 1209.74 1487.98 325.519
 9812.81 8886.77 3025.82 283.339 424.293
 26960.1 4889.64 3255.56 1087.12 253.968
 24279.3 9875.97 1308.07 853.733 351.309
 7745.45 9436.97 2813.73 365.42 336.28
F
 0.150485 0.201825 0.205515 0.205713 0.205724
 0.277365 0.371992 0.378794 0.379159 0.379178
 0.272206 0.365072 0.371747 0.372105 0.372124
 0.406803 0.545589 0.555565 0.5561 0.556128
 0.135419 0.181619 0.18494 0.185118 0.185128
 0.243579 0.326679 0.332652 0.332973 0.33299
 0.565069 0.757851 0.771707 0.772451 0.77249
 0.0970723 0.13019 0.13257 0.132698 0.132705
 0.387705 0.519976 0.529483 0.529993 0.53002
 0.544941 0.730855 0.744218 0.744935 0.744973
 0.1191 0.159733 0.162654 0.16281 0.162819
 0.480766 0.644787 0.656576 0.657208 0.657242
 0.450966 0.604819 0.615878 0.616471 0.616503
 0.782612 1.04961 1.0688 1.06983 1.06989
 0.56641 0.759649 0.773539 0.774284 0.774323
 0.438808 0.588514 0.599275 0.599852 0.599882
 0.292953 0.392898 0.400082 0.400467 0.400488
 0.271344 0.363917 0.370571 0.370928 0.370947
 0.38556 0.517099 0.526554 0.527061 0.527088
 0.359284 0.481859 0.490669 0.491142 0.491167
 0.281144 0.37706 0.383954 0.384324 0.384343
 0.353049 0.473497 0.482154 0.482619 0.482643
 0.213127 0.285838 0.291065 0.291345 0.29136
 0.186259 0.249804 0.254371 0.254616 0.254629
 0.186188 0.249709 0.254275 0.25452 0.254533
 0.149711 0.200787 0.204458 0.204655 0.204666
 0.182464 0.244714 0.249189 0.249429 0.249441
 0.165162 0.22151 0.22556 0.225777 0.225789
 0.156252 0.209559 0.213391 0.213596 0.213607
nmprior
 8.19 8.8 8.5 0
nm_flota  nm_reclas  nm_pelaces    nm_pelaL
inf 12.9508 16.5606 21.9272
cv_recla  cv_pelaces  cv_mph
0.332917 0.505196 0.8837
 ------------------------------------------------
Talla a la edad & desviaci?n 
 8 13.2811 15.8009 17.003 17.5766
 0.8 1.32811 1.58009 1.7003 1.75766
