years
 1991 1992 1993 1994 1995 1996 1997 1998 1999 2000 2001 2002 2003 2004 2005 2006 2007 2008 2009 2010 2011 2012 2013 2014 2015 2016 2017 2018 2019 2020
reclasobs
 0 0 0 0 0 0 0 0 0 252601 567819 844713 477998 351125 339783 2.1784e+006 2.13404e+006 4.81314e+006 1.55562e+006 2.62356e+006 3.21686e+006 3.843e+006 1.13348e+006 3.07943e+006 1.97215e+006 2.03268e+006 2.025e+006 2.42433e+006 2.27542e+006 1.05018e+006
reclaspred
 3.1406e+006 1.71425e+006 868552 888398 900017 1.56792e+006 878806 756742 536987 364609 499132 681211 667728 493219 485458 1.34307e+006 1.17933e+006 3.00866e+006 2.40785e+006 1.80973e+006 3.13352e+006 2.5326e+006 1.90596e+006 3.03125e+006 2.23854e+006 1.96621e+006 2.39314e+006 2.59549e+006 2.0283e+006 1.22358e+006
pelacesobs
 0 0 0 0 0 0 0 0 0 0 0 0 0 0 0 552880 188675 0 991730 2.46772e+006 1.41603e+006 1.21717e+006 2.29649e+006 1.80582e+006 0 1.4828e+006 1.56532e+006 1.57751e+006 1.42118e+006 867257
pelacespred
 1.85932e+006 1.10684e+006 544777 438147 488742 860018 438490 495817 322529 198884 288740 328385 357933 266100 269019 621505 588420 1.6704e+006 1.39458e+006 961718 1.65277e+006 1.41567e+006 1.11951e+006 1.89291e+006 1.38029e+006 1.22049e+006 1.64334e+006 1.75668e+006 1.20144e+006 799891
mphobs
 0 0 0 0 0 0 0 0 0 0 0 498337 0 5186 125008 0 168611 109162 213762 579715 649985 157893 87575 83554 0 0 0 0 0 0
mphpred
 487234 326181 156420 86864.8 94637.3 113768 157133 84017 75928.5 47692.4 29450.9 61260.1 65928 53678.6 32656.3 41739.9 152351 132220 302508 214471 235803 287685 271592 213996 311003 254265 206705 226545 325882 211342
desembarqueobs
 494567 514787 250237 358949 120608 361735 552515 73892 212993 205616 52469 317467 293654 387597 252695 516296 358380 742168 942051 627588 828172 859565 418607 520667 417249 300574 407403 355545 313619 285485
desembarquepred
 494571 513863 250662 358986 120614 361742 552535 73897.4 213054 205671 52471.9 317528 293688 387572 252668 516222 358413 742022 941770 627380 828254 859535 418606 520690 417236 300571 407396 355518 313602 285493
Reclutas
 169417 93485.2 94284.9 141596 114884 211783 82794.7 35114 34600.6 46657.9 87503.3 126983 105755 74327.8 68340.6 364429 70544.3 577780 331888 275960 361965 496396 95748.3 287464 242946 106901 242901 271703 72182.7 52985.5
log_desv_Rt
 0.235286 -0.359275 -0.350758 0.0559003 -0.153156 0.458483 -0.480714 -1.33848 -1.35321 -1.05424 -0.425402 -0.053025 -0.235957 -0.588593 -0.672574 1.00125 -0.640837 1.46211 0.907719 0.723178 0.994469 1.31029 -0.335356 0.76402 0.595761 -0.225179 0.595575 0.707632 -0.617879 -0.92706
SSB
 1.99502e+006 1.33558e+006 640476 355676 387501 465835 643396 344015 310896 195281 120589 250835 269948 219792 133714 170908 623814 541387 1.23864e+006 878170 965518 1.17795e+006 1.11206e+006 876225 1.27343e+006 1.04111e+006 846371 927607 1.33435e+006 865361
BT
 2.82765e+006 1.93826e+006 949500 896706 756055 1.50966e+006 1.07291e+006 739278 647556 469183 451628 721148 762618 775375 635944 1.31479e+006 1.07044e+006 3.04551e+006 2.81372e+006 1.86048e+006 2.97884e+006 2.73585e+006 1.85615e+006 3.14237e+006 2.23812e+006 1.90511e+006 2.71113e+006 2.81034e+006 1.83338e+006 1.32107e+006
Ftot
 0.210504 0.388449 0.381606 0.581914 0.193732 0.350625 0.808722 0.139284 0.555385 0.779655 0.170142 0.678861 0.635811 1.1062 0.802243 0.631693 0.414722 0.397156 0.554419 0.500639 0.39092 0.496448 0.298201 0.265907 0.264228 0.21348 0.260542 0.213391 0.203369 0.309282
BD_Bspro_t
 0.967012 0.775629 0.567868 0.468218 0.461196 0.556795 0.558831 0.363618 0.420653 0.35867 0.315643 0.575134 0.454433 0.359059 0.245915 0.296034 0.486985 0.439823 0.574716 0.460125 0.436188 0.482426 0.497401 0.478037 0.602426 0.610933 0.616658 0.666435 0.727614 0.638011
BD_Bspro
 2.09101 1.39984 0.671291 0.372788 0.406145 0.488248 0.674351 0.360567 0.325854 0.204676 0.126391 0.262903 0.282936 0.230367 0.140147 0.179131 0.653827 0.567435 1.29824 0.920421 1.01197 1.23463 1.16556 0.918383 1.3347 1.0912 0.887092 0.972237 1.39855 0.906996
BD_Bo
 1.32753 0.888721 0.426186 0.236674 0.257851 0.309976 0.428128 0.228915 0.206877 0.129944 0.0802426 0.166911 0.179629 0.146254 0.0889761 0.113725 0.415098 0.36025 0.824219 0.584352 0.642475 0.783834 0.739985 0.583058 0.847365 0.692777 0.563192 0.617249 0.887907 0.575828
BD_Brms
 2.41369 1.61586 0.774883 0.430316 0.46882 0.563593 0.778415 0.416208 0.376139 0.236261 0.145896 0.303474 0.326598 0.265916 0.161775 0.206774 0.754724 0.655 1.49858 1.06246 1.16814 1.42515 1.34543 1.0601 1.54066 1.2596 1.02399 1.12227 1.61438 1.04696
Sel_flota
 0.695398 0.977466 0.998788 0.999936 0.999997
 0.695398 0.977466 0.998788 0.999936 0.999997
 0.695398 0.977466 0.998788 0.999936 0.999997
 0.695398 0.977466 0.998788 0.999936 0.999997
 0.695398 0.977466 0.998788 0.999936 0.999997
 0.695398 0.977466 0.998788 0.999936 0.999997
 0.695398 0.977466 0.998788 0.999936 0.999997
 0.695398 0.977466 0.998788 0.999936 0.999997
 0.695398 0.977466 0.998788 0.999936 0.999997
 0.695398 0.977466 0.998788 0.999936 0.999997
 0.695398 0.977466 0.998788 0.999936 0.999997
 0.695398 0.977466 0.998788 0.999936 0.999997
 0.695398 0.977466 0.998788 0.999936 0.999997
 0.695398 0.977466 0.998788 0.999936 0.999997
 0.695398 0.977466 0.998788 0.999936 0.999997
 0.695398 0.977466 0.998788 0.999936 0.999997
 0.695398 0.977466 0.998788 0.999936 0.999997
 0.695398 0.977466 0.998788 0.999936 0.999997
 0.695398 0.977466 0.998788 0.999936 0.999997
 0.695398 0.977466 0.998788 0.999936 0.999997
 0.695398 0.977466 0.998788 0.999936 0.999997
 0.695398 0.977466 0.998788 0.999936 0.999997
 0.695398 0.977466 0.998788 0.999936 0.999997
 0.695398 0.977466 0.998788 0.999936 0.999997
 0.695398 0.977466 0.998788 0.999936 0.999997
 0.695398 0.977466 0.998788 0.999936 0.999997
 0.695398 0.977466 0.998788 0.999936 0.999997
 0.695398 0.977466 0.998788 0.999936 0.999997
 0.695398 0.977466 0.998788 0.999936 0.999997
 0.695398 0.977466 0.998788 0.999936 0.999997
Sel_reclas
 1 1 1 1 1
 1 1 1 1 1
 1 1 1 1 1
 1 1 1 1 1
 1 1 1 1 1
 1 1 1 1 1
 1 1 1 1 1
 1 1 1 1 1
 1 1 1 1 1
 1 1 1 1 1
 1 1 1 1 1
 1 1 1 1 1
 1 1 1 1 1
 1 1 1 1 1
 1 1 1 1 1
 1 1 1 1 1
 1 1 1 1 1
 1 1 1 1 1
 1 1 1 1 1
 1 1 1 1 1
 1 1 1 1 1
 1 1 1 1 1
 1 1 1 1 1
 1 1 1 1 1
 1 1 1 1 1
 1 1 1 1 1
 1 1 1 1 1
 1 1 1 1 1
 1 1 1 1 1
 1 1 1 1 1
Sel_pelaces
 0.852127 0.966668 0.993195 0.99864 0.99973
 0.852127 0.966668 0.993195 0.99864 0.99973
 0.852127 0.966668 0.993195 0.99864 0.99973
 0.852127 0.966668 0.993195 0.99864 0.99973
 0.852127 0.966668 0.993195 0.99864 0.99973
 0.852127 0.966668 0.993195 0.99864 0.99973
 0.852127 0.966668 0.993195 0.99864 0.99973
 0.852127 0.966668 0.993195 0.99864 0.99973
 0.852127 0.966668 0.993195 0.99864 0.99973
 0.852127 0.966668 0.993195 0.99864 0.99973
 0.852127 0.966668 0.993195 0.99864 0.99973
 0.852127 0.966668 0.993195 0.99864 0.99973
 0.852127 0.966668 0.993195 0.99864 0.99973
 0.852127 0.966668 0.993195 0.99864 0.99973
 0.852127 0.966668 0.993195 0.99864 0.99973
 0.852127 0.966668 0.993195 0.99864 0.99973
 0.852127 0.966668 0.993195 0.99864 0.99973
 0.852127 0.966668 0.993195 0.99864 0.99973
 0.852127 0.966668 0.993195 0.99864 0.99973
 0.852127 0.966668 0.993195 0.99864 0.99973
 0.852127 0.966668 0.993195 0.99864 0.99973
 0.852127 0.966668 0.993195 0.99864 0.99973
 0.852127 0.966668 0.993195 0.99864 0.99973
 0.852127 0.966668 0.993195 0.99864 0.99973
 0.852127 0.966668 0.993195 0.99864 0.99973
 0.852127 0.966668 0.993195 0.99864 0.99973
 0.852127 0.966668 0.993195 0.99864 0.99973
 0.852127 0.966668 0.993195 0.99864 0.99973
 0.852127 0.966668 0.993195 0.99864 0.99973
 0.852127 0.966668 0.993195 0.99864 0.99973
pf_obs 
 0.8446 0.082 0.0669 0.0065 0
 0.8095 0.147 0.0364 0.0071 0
 0.9664 0.0169 0.016 0.0007 0
 0.9276 0.0648 0.0075 0.0001 0
 0.7033 0.2144 0.0806 0.0017 0
 0.9318 0.0425 0.0243 0.0014 0
 0.5671 0.3108 0.0964 0.0239 0.0018
 0.0768 0.2599 0.5324 0.112 0.0189
 0.490249 0.384438 0.106611 0.0170017 0.00170017
 0.7925 0.1577 0.0466 0.003 0.0002
 0.840416 0.127587 0.0312969 0.00059994 9.999e-005
 0.8084 0.0986 0.0794 0.0134 0.0002
 0.7335 0.1905 0.0724 0.0035 0.0001
 0.4001 0.4547 0.1325 0.0127 0
 0.49795 0.308269 0.164784 0.0264974 0.00249975
 0.9179 0.0499 0.0305 0.0017 0
 0.2467 0.6533 0.0926 0.0074 0
 0.9418 0.0223 0.034 0.0019 0
 0.707729 0.231977 0.0356964 0.0245975 0
 0.517169 0.277429 0.184464 0.0207286 0.00020938
 0.811772 0.124168 0.05621 0.00726502 0.000585176
 0.764997 0.148141 0.077277 0.00933861 0.000247198
 0.163321 0.427699 0.378323 0.0303852 0.000271297
 0.753843 0.0900009 0.118128 0.0371064 0.000921714
 0.721811 0.176058 0.0630433 0.0369309 0.00215725
 0.143369 0.312575 0.442814 0.0836902 0.0175525
 0.692698 0.0596174 0.167031 0.0765114 0.00414204
 0.394062 0.376323 0.152708 0.0712218 0.00568511
 0.125707 0.32114 0.495352 0.0537591 0.00404204
 0.172569 0.188221 0.482557 0.150816 0.00583632
pf_pred 
 0.482628 0.140418 0.352903 0.0240504 8.6454e-007
 0.426075 0.330381 0.0672306 0.165077 0.0112365
 0.583464 0.218875 0.115068 0.0228224 0.0597698
 0.731714 0.181525 0.0461572 0.0236515 0.0169521
 0.660082 0.274538 0.0446494 0.0110365 0.00969359
 0.757254 0.178527 0.052099 0.00827999 0.00383944
 0.462969 0.441386 0.0708151 0.0201492 0.00468072
 0.458867 0.313737 0.187952 0.0292174 0.010227
 0.549676 0.246613 0.119229 0.0698423 0.0146397
 0.731078 0.17571 0.05171 0.0243061 0.0171965
 0.837964 0.131753 0.0200041 0.00570646 0.00457223
 0.749322 0.2208 0.0243988 0.0036207 0.0018581
 0.694758 0.251456 0.0475439 0.00509909 0.00114315
 0.647823 0.274728 0.0641307 0.0117742 0.00154343
 0.759818 0.182231 0.0455679 0.0102569 0.00212581
 0.941528 0.048864 0.00734544 0.00177949 0.000482734
 0.368922 0.606762 0.020418 0.00298129 0.000916724
 0.911162 0.0412612 0.0457894 0.00150125 0.000286201
 0.593411 0.381768 0.0116882 0.0126398 0.000492725
 0.632668 0.253402 0.107161 0.00319015 0.003579
 0.73073 0.194767 0.0518283 0.021329 0.0013453
 0.746474 0.20319 0.0366713 0.00951032 0.00415492
 0.307863 0.56512 0.10235 0.0179777 0.00668935
 0.743237 0.100958 0.127784 0.0225854 0.00543603
 0.621069 0.306558 0.0288756 0.0356826 0.00781467
 0.424336 0.404995 0.138718 0.0127574 0.0191926
 0.729891 0.139032 0.0928562 0.0310733 0.00714773
 0.679343 0.255712 0.0338218 0.0220559 0.00906688
 0.314595 0.515776 0.135922 0.0175646 0.0161426
 0.402042 0.237482 0.272825 0.070251 0.0173995
pobs_RECLAS
 0 0 0 0 0
 0 0 0 0 0
 0 0 0 0 0
 0 0 0 0 0
 0 0 0 0 0
 0 0 0 0 0
 0 0 0 0 0
 0 0 0 0 0
 0 0 0 0 0
 0 0 0 0 0
 0.991045 0.00858322 0.000360255 1.14367e-005 0
 0.934742 0.0480273 0.0164251 0.00080598 0
 0.827803 0.169806 0.00239088 0 0
 0.941827 0.0461693 0.0120037 0 0
 0.791401 0.0380133 0.147996 0.0225897 0
 0.846168 0.0940531 0.0597789 0 0
 0.134021 0.677848 0.182769 0.00536245 0
 0.80878 0.0450904 0.141981 0.00414843 0
 0.846168 0.0940531 0.0597789 0 0
 0.905697 0.0802665 0.012482 0.00150086 5.37128e-005
 0.989698 0.0102097 9.19794e-005 0 0
 0.975433 0.0193895 0.00387452 0.00125025 5.28907e-005
 0.303575 0.632131 0.0575291 0.00676475 0
 0.966965 0.00978017 0.0227588 0.000495775 0
 0.843318 0.132988 0.00938335 0.0141283 0.000182051
 0.564624 0.303363 0.111486 0.0197234 0.00080311
 0.826376 0.0876187 0.0782897 0.00655872 0.00115652
 0.89761 0.0855135 0.0140674 0.00269457 0.000114338
 0.34875 0.467042 0.161289 0.0227151 0.000203297
 0.318654 0.224769 0.449479 0.00709798 0
ppred_RECLAS
 0.572658 0.11786 0.289758 0.0197239 7.08972e-007
 0.516046 0.281347 0.0559785 0.137284 0.00934405
 0.668153 0.176277 0.0906127 0.0179504 0.0470075
 0.79755 0.138027 0.0342937 0.0175508 0.0125786
 0.73372 0.215983 0.0343626 0.00848387 0.00745108
 0.816749 0.135575 0.0386881 0.00614129 0.00284755
 0.556469 0.366108 0.0573427 0.0162949 0.00378512
 0.546952 0.265098 0.15538 0.0241259 0.00844433
 0.638509 0.200073 0.0945239 0.0553027 0.0115913
 0.798666 0.132661 0.0381187 0.0178947 0.0126596
 0.879981 0.0979934 0.0145557 0.00414739 0.00332284
 0.811888 0.166156 0.0179339 0.002658 0.00136397
 0.766576 0.193082 0.0356647 0.00382028 0.000856404
 0.731599 0.210549 0.0479153 0.00878516 0.00115153
 0.821728 0.136047 0.0332122 0.00746616 0.00154731
 0.958717 0.0346327 0.0050861 0.00123061 0.000333816
 0.45444 0.524995 0.0172719 0.00251889 0.000774491
 0.936582 0.029811 0.0323455 0.0010592 0.000201917
 0.67665 0.304045 0.00909652 0.00982509 0.000382976
 0.712463 0.199761 0.0825673 0.00245501 0.00275408
 0.795261 0.149023 0.0387729 0.0159371 0.00100515
 0.808597 0.154102 0.0271838 0.00704125 0.00307602
 0.387692 0.501988 0.0889161 0.0155995 0.00580408
 0.806014 0.0773124 0.0957105 0.0168966 0.00406655
 0.69979 0.243926 0.0224726 0.0277375 0.00607427
 0.51195 0.345612 0.115799 0.0106372 0.0160018
 0.794568 0.106895 0.069829 0.0233399 0.0053685
 0.75055 0.199831 0.0258549 0.0168408 0.00692258
 0.394767 0.457938 0.118053 0.0152377 0.0140032
 0.491495 0.20471 0.229993 0.0591519 0.0146496
pobs_PELACES
 0 0 0 0 0
 0 0 0 0 0
 0 0 0 0 0
 0 0 0 0 0
 0 0 0 0 0
 0 0 0 0 0
 0 0 0 0 0
 0 0 0 0 0
 0 0 0 0 0
 0 0 0 0 0
 0 0 0 0 0
 0 0 0 0 0
 0 0 0 0 0
 0 0 0 0 0
 0 0 0 0 0
 0 0 0 0 0
 0.505614 0.472636 0.0217494 0 0
 0 0 0 0 0
 0.443492 0.261883 0.143347 0.151278 0
 0.227955 0.32914 0.350689 0.0885471 0.00366901
 0.970185 0.0296113 0.000203453 0 0
 0.997202 0.00247181 0.000326279 0 0
 0.445219 0.490057 0.0546422 0.010081 0
 0.90214 0.0892962 0.00764917 0.000914606 0
 0 0 0 0 0
 0.581667 0.319106 0.0959925 0.00289975 0.000334073
 0.762889 0.0836404 0.116647 0.0363945 0.000428098
 0.88444 0.0763242 0.0277011 0.0115352 0
 0.521256 0.241999 0.230069 0.00667565 0
 0.616807 0.101726 0.260614 0.0208532 0
ppred_PELACES
 0.541735 0.124028 0.312827 0.0214093 7.70388e-007
 0.490582 0.292641 0.0596602 0.147094 0.0100226
 0.644861 0.186265 0.0981108 0.0195395 0.0512244
 0.784294 0.145859 0.037082 0.0190777 0.0136877
 0.710995 0.233183 0.0380653 0.00944887 0.00830763
 0.801269 0.146038 0.0427122 0.00681634 0.00316397
 0.542892 0.375804 0.0601336 0.0171764 0.00399416
 0.515966 0.28004 0.168477 0.0263016 0.00921584
 0.618466 0.208765 0.100942 0.0593691 0.012457
 0.78854 0.138184 0.040572 0.0191452 0.0135588
 0.867242 0.107835 0.0164374 0.00470892 0.00377684
 0.801651 0.174717 0.0192831 0.0028729 0.00147583
 0.753634 0.202964 0.0383467 0.0041291 0.00092663
 0.726158 0.213877 0.0496208 0.00914391 0.00119983
 0.813249 0.141751 0.0353542 0.00798883 0.00165741
 0.955804 0.036932 0.00554788 0.00134938 0.000366427
 0.432608 0.545483 0.0183847 0.00269545 0.000829676
 0.930234 0.0323698 0.0359851 0.00118467 0.000226079
 0.659785 0.319402 0.00977997 0.010619 0.000414368
 0.694343 0.210793 0.0892034 0.00266636 0.00299441
 0.779039 0.159689 0.0425706 0.0175915 0.00111069
 0.79512 0.164139 0.0296452 0.00771947 0.00337595
 0.363516 0.519336 0.0943153 0.0166355 0.00619629
 0.787028 0.083545 0.106066 0.0188255 0.0045357
 0.676855 0.261142 0.0246731 0.0306174 0.00671221
 0.48343 0.362942 0.124755 0.0115218 0.0173514
 0.775187 0.115471 0.0773594 0.0259961 0.00598596
 0.729009 0.215855 0.0286515 0.0187632 0.00772118
 0.367932 0.4751 0.125659 0.016307 0.0150022
 0.463287 0.212686 0.244979 0.063344 0.0157048
pobs_pel_tallas
 0 0 0 0 0 0 0 0 0 0 0 0 0 0 0 0 0 0 0 0 0 0 0 0 0 0
 0 0 0 0 0 0 0 0 0 0 0 0 0 0 0 0 0 0 0 0 0 0 0 0 0 0
 0 0 0 0 0 0 0 0 0 0 0 0 0 0 0 0 0 0 0 0 0 0 0 0 0 0
 0 0 0 0 0 0 0 0 0 0 0 0 0 0 0 0 0 0 0 0 0 0 0 0 0 0
 0 0 0 0 0 0 0 0 0 0 0 0 0 0 0 0 0 0 0 0 0 0 0 0 0 0
 0 0 0 0 0 0 0 0 0 0 0 0 0 0 0 0 0 0 0 0 0 0 0 0 0 0
 0 0 0 0 0 0 0 0 0 0 0 0 0 0 0 0 0 0 0 0 0 0 0 0 0 0
 0 0 0 0 0 0 0 0 0 0 0 0 0 0 0 0 0 0 0 0 0 0 0 0 0 0
 0 0 0 0 0 0 0 0 0 0 0 0 0 0 0 0 0 0 0 0 0 0 0 0 0 0
 0 0 0 0 0 0 0 0 0 0 0 0 0 0 0 0 0 0 0 0 0 0 0 0 0 0
 0 0 0 0 0 0 0 0 0 0 0 0 0 0 0 0 0 0 0 0 0 0 0 0 0 0
 0 0 0 0 0 0 0 0 0 0 0 0 0 0 0 0 0 0 0 0 0 0 0 0 0 0
 0.00862536 0 0 0.000197151 0.00414017 0.0128641 0.00837892 0.0270097 0.101434 0.158115 0.152841 0.127902 0.109271 0.109419 0.0830992 0.0579132 0.0238553 0.00714673 0.00463305 0.00128148 0.00103504 0.000492878 0.000147863 0.000147863 4.92878e-005 0
 0 0 0 0 0 0 0 0 0 0 0 0 0 0 0 0 0 0 0 0 0 0 0 0 0 0
 0 0 0 0 0 0 0 0.0054083 0.00873648 0.0413646 0.0450493 0.0745869 0.0622846 0.0627006 0.0613931 0.0827291 0.12552 0.122667 0.0946155 0.0697135 0.0546179 0.0294188 0.0215738 0.0213955 0.0102223 0.00600262
 0 0 0 0 0.00359764 0.0251062 0.0480494 0.140153 0.205849 0.193036 0.1447 0.116669 0.0760912 0.0342217 0.00950174 0.001854 0.000860785 0 0 0 0.000165536 0 0.000143464 0 0 0
 0 0 0 0 0 0 0 0.000145254 0.000435761 0.0275982 0.070085 0.0708112 0.156366 0.174668 0.174014 0.160142 0.0824315 0.0480064 0.0283245 0.00493863 0.00203355 0 0 0 0 0
 0 0 0 0 0 0 0 0 0 0 0 0 0 0 0 0 0 0 0 0 0 0 0 0 0 0
 0 0 1.00437e-005 0.000401748 0.00122533 0.00171747 0.00176769 0.0269171 0.070346 0.194647 0.189555 0.159765 0.064822 0.0314167 0.0384472 0.0292271 0.0345202 0.0313363 0.0194345 0.0106764 0.0143323 0.0359363 0.0279516 0.0138201 0.00172751 0
 0 0.0021121 0.0136068 0.0755702 0.200478 0.177729 0.0527432 0.0373336 0.0318909 0.0142505 0.0149659 0.0166563 0.0217959 0.0798694 0.0677717 0.0528807 0.04013 0.0224614 0.0357745 0.0225083 0.00881397 0.00855152 0.00135912 0.000746735 0 0
 0 0 0 0 5.4009e-005 0.00500934 0.000945158 0.0243581 0.138947 0.33067 0.221406 0.137944 0.0707744 0.0437923 0.0131692 0.00525238 0.0047753 0.00276346 9.45158e-005 9.00151e-006 2.25038e-005 9.00151e-006 4.50075e-006 0 0 0
 0.000866109 0.00284123 0.00948549 0.0512746 0.133035 0.25785 0.225252 0.132002 0.0553304 0.0519788 0.0540692 0.017754 0.00435017 0.00159236 0.00146478 0.000404838 0.000125132 0.000115318 0.000107957 0.000100596 0 0 0 0 0 0
 0 0 0 0 0.00144013 0.00171154 0.00461396 0.0210425 0.0478622 0.0707936 0.0888783 0.103762 0.0637923 0.0337046 0.0602308 0.124433 0.169614 0.0934646 0.0462172 0.0250306 0.0313229 0.00938855 0.002487 0.000210481 0 0
 0 0.00764035 0.051015 0.0998891 0.058973 0.0496711 0.0374665 0.0718981 0.12319 0.153886 0.159021 0.0857701 0.0377988 0.023471 0.0147837 0.00900784 0.00315554 0.000888139 0.00291439 0.00214683 0.00393193 0.00274676 0.000635225 9.99891e-005 0 0
 0 0 0 0 0 0 0 0 0 0 0 0 0 0 0 0 0 0 0 0 0 0 0 0 0 0
 0 0 0 0 0 0 0 0 0 0 0 0 0 0 0 0 0 0 0 0 0 0 0 0 0 0
 0 0 0 0 0 0 0 0 0 0 0 0 0 0 0 0 0 0 0 0 0 0 0 0 0 0
 0 0 0 0 0 0 0 0 0 0 0 0 0 0 0 0 0 0 0 0 0 0 0 0 0 0
 0 0 0 0 0 0 0 0 0 0 0 0 0 0 0 0 0 0 0 0 0 0 0 0 0 0
 0 0 0 0 0 0 0 0 0 0 0 0 0 0 0 0 0 0 0 0 0 0 0 0 0 0
ppred_pel_tallas
 1.11207e-016 4.4622e-005 0.000433742 0.00288237 0.0131028 0.0407678 0.0868606 0.126778 0.126791 0.0869215 0.0409736 0.013703 0.00441106 0.00384406 0.00673541 0.0116211 0.0180297 0.0253592 0.032925 0.0402517 0.0470681 0.0529377 0.0569376 0.0578447 0.0548054 0.0479702
 1.18245e-016 4.04087e-005 0.000392787 0.00261021 0.0118656 0.0369186 0.07866 0.114812 0.114841 0.0787982 0.037383 0.0132083 0.00598498 0.00777588 0.0141117 0.0234032 0.0340555 0.0436132 0.0496653 0.0512676 0.0495585 0.0469461 0.0454834 0.0456868 0.0465357 0.0463819
 1.13508e-016 5.31163e-005 0.00051631 0.00343106 0.0155971 0.0485285 0.103396 0.150913 0.150931 0.103484 0.0488257 0.0164571 0.00559606 0.00526357 0.00913163 0.0151787 0.0222568 0.0288396 0.0334163 0.0353356 0.0351708 0.0342296 0.0336092 0.0335571 0.0335342 0.0327479
 1.05338e-016 6.46012e-005 0.000627947 0.00417293 0.0189695 0.0590214 0.125752 0.183541 0.183555 0.125821 0.0592527 0.0196382 0.00585304 0.00430141 0.00705855 0.0116137 0.0168367 0.0214191 0.024081 0.0242571 0.0224302 0.0197761 0.0174076 0.0158115 0.0148124 0.0139251
 1.03512e-016 5.85638e-005 0.000569261 0.00378294 0.0171967 0.0535055 0.114 0.166391 0.166413 0.11411 0.0538744 0.0182625 0.00645865 0.00641203 0.0111601 0.0183707 0.0264904 0.0333829 0.0369113 0.0360952 0.0316881 0.02565 0.0199542 0.0156609 0.0127921 0.0108098
 1.0249e-016 6.59995e-005 0.000641539 0.00426325 0.0193801 0.0602988 0.128474 0.187514 0.187528 0.128543 0.0605305 0.0200497 0.00594569 0.00431994 0.0070684 0.011624 0.0168384 0.0213833 0.0239446 0.023907 0.0216944 0.0184355 0.0152395 0.0126614 0.0106717 0.00897825
 1.0423e-016 4.47174e-005 0.000434669 0.00288853 0.0131309 0.0408551 0.0870475 0.127056 0.127092 0.0872246 0.0414497 0.0148482 0.00720001 0.00984876 0.01793 0.0295874 0.042656 0.0537226 0.0593327 0.0578891 0.0505888 0.0405792 0.0310445 0.0237183 0.0186853 0.015145
 1.09131e-016 4.24995e-005 0.00041311 0.00274526 0.0124796 0.0388288 0.0827298 0.120752 0.12078 0.0828628 0.0392759 0.0137737 0.00600372 0.0075594 0.0137116 0.022854 0.033509 0.0433737 0.0500904 0.0525208 0.0513038 0.048175 0.0446562 0.0412228 0.0374702 0.0328662
 1.11029e-016 5.09423e-005 0.000495177 0.00329063 0.0149587 0.0465423 0.099164 0.144737 0.144757 0.099263 0.0468752 0.0159219 0.00571498 0.0058097 0.0102101 0.0169739 0.0248642 0.0321626 0.0371576 0.0390955 0.0385896 0.0370709 0.0357348 0.0348432 0.0338237 0.0318931
 1.05421e-016 6.4951e-005 0.000631347 0.00419552 0.0190722 0.0593409 0.126433 0.184535 0.184548 0.126498 0.0595603 0.0197064 0.00578929 0.00411747 0.00670644 0.0110397 0.0160299 0.0204463 0.0230872 0.0234209 0.0218953 0.0195981 0.0175449 0.0161574 0.0152431 0.0143389
 1.01614e-016 7.14336e-005 0.00069436 0.00461427 0.0209758 0.0652635 0.139051 0.202952 0.202962 0.139102 0.0654341 0.0214685 0.00585125 0.00339523 0.00520245 0.00849194 0.0122366 0.0154112 0.0170237 0.0166212 0.0145552 0.0117378 0.00908853 0.00710269 0.00579142 0.00490191
 1.0114e-016 6.6031e-005 0.000641845 0.00426528 0.0193894 0.0603276 0.128535 0.187604 0.187621 0.128617 0.0606037 0.0201867 0.00626617 0.00500822 0.00835392 0.0136939 0.0196908 0.0246989 0.0270865 0.0260985 0.0223026 0.0172047 0.0123553 0.00864058 0.00616376 0.00457834
 1.0173e-016 6.20759e-005 0.0006034 0.0040098 0.018228 0.0567142 0.120836 0.176368 0.176388 0.120932 0.0570354 0.019156 0.00633988 0.00569206 0.00973236 0.0160066 0.0230866 0.0291013 0.0321797 0.0314457 0.0275204 0.0220718 0.0167938 0.0126206 0.00962938 0.00744692
 1.02607e-016 5.98127e-005 0.000581401 0.00386362 0.0175634 0.0546465 0.116431 0.169939 0.169959 0.116532 0.0549854 0.0185425 0.00632273 0.0059545 0.0102784 0.0169343 0.0244739 0.030953 0.0344232 0.0339726 0.0302427 0.0249452 0.0197923 0.0156875 0.0126501 0.010266
 1.02139e-016 6.69863e-005 0.00065113 0.00432699 0.0196699 0.0612004 0.130394 0.190317 0.190331 0.130461 0.061425 0.0203191 0.00595791 0.00421545 0.00684803 0.0112459 0.0162653 0.020604 0.0229775 0.0227876 0.0204589 0.0171154 0.0138704 0.011295 0.00937554 0.00781996
 1.00367e-016 7.87283e-005 0.000765268 0.00508547 0.0231178 0.0719281 0.153251 0.223675 0.223678 0.153268 0.0719865 0.0232865 0.00550902 0.00168996 0.00183515 0.00290994 0.00418574 0.00526661 0.00580735 0.00564997 0.00491233 0.00390549 0.00294561 0.00220714 0.00170208 0.00135384
 1.01081e-016 3.56334e-005 0.00034637 0.00230175 0.0104635 0.032556 0.0693659 0.101253 0.101305 0.0696223 0.0334165 0.0129478 0.00853301 0.0139335 0.0257936 0.0424634 0.0608797 0.0759524 0.0825184 0.0781958 0.0648353 0.0473414 0.0308476 0.0184111 0.0105358 0.00614572
 1.01204e-016 7.66222e-005 0.000744795 0.00494942 0.0224994 0.0700039 0.149151 0.217691 0.217694 0.149166 0.0700561 0.0226507 0.00533173 0.00158702 0.00169848 0.00274461 0.00408054 0.00540924 0.00647324 0.00713611 0.00742775 0.00746405 0.00731673 0.00695703 0.00631413 0.00537688
 1.01499e-016 5.43457e-005 0.00052826 0.00351047 0.0159581 0.0496518 0.105789 0.154409 0.15444 0.10594 0.0501557 0.0174129 0.00715961 0.00848561 0.0151412 0.0248787 0.035678 0.0445423 0.0484614 0.0460594 0.038437 0.0284714 0.0191519 0.0122246 0.00791969 0.00553912
 1.03403e-016 5.71921e-005 0.000555928 0.00369434 0.0167939 0.0522523 0.11133 0.162493 0.162514 0.11143 0.0525875 0.0177633 0.00613185 0.00589119 0.010231 0.0169302 0.0246296 0.0314811 0.0356146 0.0361252 0.0335443 0.0293593 0.0250079 0.0211742 0.0178074 0.0146015
 1.03222e-016 6.41684e-005 0.00062374 0.00414497 0.0188424 0.0586259 0.124909 0.182312 0.182327 0.124985 0.0588792 0.0195744 0.00598401 0.00464422 0.00771706 0.0127019 0.018399 0.0233659 0.0261749 0.0261689 0.023832 0.0204156 0.0171341 0.0145698 0.0126401 0.0109642
 1.02243e-016 6.5493e-005 0.000636616 0.00423054 0.0192314 0.0598361 0.127488 0.186075 0.186091 0.127565 0.0600959 0.0199819 0.00611496 0.00475218 0.00788712 0.0129497 0.0186819 0.0235646 0.0260941 0.0255771 0.022533 0.0183223 0.014313 0.0112362 0.00910786 0.00756826
 1.05572e-016 2.99425e-005 0.000291052 0.00193414 0.00879236 0.0273566 0.0582879 0.0850834 0.0851335 0.0585327 0.0281785 0.0111667 0.00789569 0.0133102 0.0247706 0.0409418 0.059064 0.0744576 0.082355 0.0805363 0.0706195 0.0568984 0.0437173 0.0334437 0.0262143 0.0209888
 1.05738e-016 6.48265e-005 0.000630136 0.00418748 0.0190357 0.0592271 0.12619 0.184179 0.184188 0.12623 0.0593624 0.0194284 0.00518058 0.0028225 0.0043002 0.00719391 0.0107948 0.0144912 0.0176821 0.0200589 0.0217037 0.0228576 0.023578 0.0236145 0.0226054 0.0203937
 1.04986e-016 5.57517e-005 0.000541927 0.00360129 0.016371 0.0509363 0.108526 0.158402 0.158428 0.108649 0.0513491 0.017563 0.00659315 0.00707218 0.0124555 0.0204986 0.0295176 0.0371189 0.0409169 0.0398487 0.0348268 0.028133 0.0220449 0.0177521 0.0151922 0.0136061
 1.07785e-016 3.98195e-005 0.00038706 0.00257215 0.0116927 0.0363804 0.0775135 0.113141 0.113176 0.0776851 0.0369567 0.0133588 0.00676008 0.00954787 0.0174921 0.0289967 0.0420975 0.0536288 0.0603657 0.0607905 0.0559277 0.0485062 0.0411733 0.0352001 0.0304438 0.0261673
 1.05883e-016 6.38512e-005 0.000620656 0.00412448 0.0187493 0.0583361 0.124292 0.18141 0.181421 0.124347 0.0585208 0.0192843 0.0054724 0.00358007 0.00573416 0.00950981 0.0140019 0.0182605 0.0213539 0.0228503 0.0230249 0.0225588 0.0219884 0.0213734 0.020398 0.0187255
 1.04071e-016 6.00475e-005 0.000583683 0.00387878 0.0176324 0.054861 0.116888 0.170606 0.170627 0.11699 0.0552024 0.0186185 0.00635425 0.00598841 0.0103272 0.0169856 0.0244833 0.0308395 0.0340847 0.0333323 0.0293116 0.0238707 0.0188545 0.0152273 0.0129513 0.0114424
 1.07922e-016 3.03062e-005 0.000294587 0.00195764 0.00889915 0.0276888 0.0589956 0.0861155 0.0861614 0.0592199 0.028442 0.0110759 0.00742603 0.0122469 0.0227733 0.037714 0.0545894 0.0691984 0.0772549 0.0767545 0.0691097 0.0580679 0.0473402 0.0388276 0.0324828 0.0273335
 1.16135e-016 3.81604e-005 0.000370932 0.00246498 0.0112054 0.0348644 0.074283 0.108423 0.108443 0.0743851 0.0352081 0.0122028 0.00498592 0.0059317 0.0107684 0.0181862 0.0272367 0.036444 0.0442842 0.0500128 0.0539329 0.0567928 0.0588648 0.05956 0.0578799 0.0532306
pSPR Fmed_Fpbrs
0.527804   0.6 0.325
Fs Fmed_Fpbrs
0.384184   0.299403 0.741108
SSBpbr Bo_Bmed_Bpbrs
1.50281e+006  718049  826545 413273
Ro
133898
SPR SPRFo_SPRFmed_SPRFpbrs
954096 503576 310081
Fref
0.299403
log_Ro
11.6248
likeval ReclasPelacesDesembMPH_pf_preclas_ppelaces_ptallas_desvR_qrecl_qpela
 12.3248 16.4631 0.033224 0.000818368 229.267 116.486 77.8686 0 24.0971 3.76198e-006 1.82806e-005 0.167209 9.38331e-016 0 0
q_reclas_q_pelaces
1.31633 1.83728
M
1
N
 169417 35918.7 88504.6 6025.26 0.216578
 93485.2 53838.1 10756.4 26385.3 1795.9
 94284.9 26250.3 13548.6 2684.57 7030.29
 141596 26601.1 6650.35 3404.65 2440.15
 114884 34754.8 5540.87 1368.15 1201.61
 211783 36936.6 10579.8 1679.77 778.869
 82794.7 61052.7 9645.37 2742.17 636.989
 35114 17356.7 10188.3 1582.07 553.744
 34600.6 11725.2 5572.45 3261.29 683.569
 46657.9 8650.84 2506.47 1177.18 832.817
 87503.3 9980.89 1485.23 423.231 339.09
 126983 28598.7 3109.2 460.996 236.567
 105755 29136 5418.38 580.611 130.16
 74327.8 25002.6 5757.43 1056.28 138.459
 68340.6 12670 3119.61 701.617 145.409
 364429 14391.3 2127.76 515.013 139.705
 70544.3 86405.7 2855.27 416.505 128.066
 577780 19450 21193.2 694.161 132.33
 331888 161259 4853.2 5243.57 204.395
 275960 83034.5 34504.4 1026.23 1151.26
 361965 71672.9 18725.7 7698.72 485.561
 496396 101464 17993.3 4662.03 2036.67
 95748.3 129301 22975.8 4031.57 1500.04
 287464 28627.1 35540.1 6275.17 1510.27
 242946 87898.9 8120.88 10025 2195.4
 106901 74373.2 24976 2294.54 3451.78
 242901 33901.1 22207.4 7423.81 1707.59
 271703 74550.2 9667.55 6297.8 2588.79
 72182.7 86169.8 22262.2 2873.82 2641.01
 52985.5 23052.6 25985.4 6684.35 1655.46
pred_Ctot
 14758.5 4293.9 10791.6 735.448 0.0264372
 14299.3 11087.7 2256.29 5540.06 377.101
 14194.4 5324.74 2799.35 555.217 1454.06
 30779.4 7635.82 1941.59 994.893 713.084
 9254.36 3849.03 625.985 154.732 135.904
 29547.3 6965.95 2032.85 323.077 149.811
 23554.6 22456.4 3602.87 1025.13 238.142
 2065.34 1412.12 845.963 131.506 46.0314
 7229.86 3243.69 1568.21 918.632 192.555
 12894.3 3099.06 912.029 428.697 303.302
 6232.02 979.857 148.772 42.4395 34.0041
 31378.4 9246.17 1021.72 151.619 77.8092
 24757.5 8960.55 1694.21 181.705 40.7359
 26808.1 11368.8 2653.84 487.237 63.87
 19319.3 4633.45 1158.62 260.793 54.0512
 84854.7 4403.84 662.003 160.375 43.5061
 11437 18810.4 632.981 92.4236 28.4195
 90140.4 4081.93 4529.9 148.517 28.3136
 69246.1 44549.2 1363.91 1474.96 57.4969
 52754.9 21129.9 8935.61 266.01 298.434
 55679.7 14840.7 3949.18 1625.21 102.508
 94208.3 25643.4 4628.08 1200.24 524.369
 11528.2 21161.4 3832.6 673.19 250.489
 31143.2 4230.35 5354.4 946.376 227.781
 26166.3 12915.6 1216.56 1503.34 329.24
 9436.2 9006.1 3084.75 283.694 426.797
 25823.2 4918.88 3285.21 1099.36 252.883
 23974 9024.07 1193.57 778.354 319.97
 6087.21 9979.94 2630 339.864 312.349
 6596.16 3896.28 4476.13 1152.58 285.466
F
 0.146384 0.20576 0.210248 0.21049 0.210503
 0.270126 0.379695 0.387978 0.388424 0.388447
 0.265368 0.373007 0.381143 0.381581 0.381605
 0.404662 0.568801 0.581209 0.581877 0.581912
 0.134721 0.189366 0.193497 0.193719 0.193731
 0.243824 0.342724 0.350201 0.350603 0.350624
 0.562384 0.790498 0.807742 0.808671 0.80872
 0.0968576 0.136145 0.139115 0.139275 0.139283
 0.386213 0.54287 0.554712 0.555349 0.555383
 0.54217 0.762086 0.77871 0.779605 0.779652
 0.118316 0.166308 0.169936 0.170131 0.170141
 0.472078 0.663563 0.678038 0.678818 0.678859
 0.442141 0.621483 0.63504 0.63577 0.635809
 0.769249 1.08127 1.10486 1.10613 1.1062
 0.557878 0.784165 0.801271 0.802192 0.80224
 0.439278 0.617458 0.630927 0.631653 0.631691
 0.288396 0.405376 0.414219 0.414695 0.41472
 0.276182 0.388207 0.396675 0.397131 0.397155
 0.385542 0.541925 0.553747 0.554384 0.554417
 0.348143 0.489358 0.500032 0.500607 0.500637
 0.271845 0.382111 0.390447 0.390895 0.390919
 0.345229 0.485261 0.495847 0.496417 0.496447
 0.207368 0.291481 0.29784 0.298182 0.2982
 0.184911 0.259915 0.265585 0.26589 0.265906
 0.183743 0.258273 0.263907 0.264211 0.264227
 0.148453 0.208669 0.213221 0.213466 0.213479
 0.18118 0.254671 0.260226 0.260526 0.260541
 0.148391 0.208582 0.213132 0.213377 0.21339
 0.141422 0.198786 0.203122 0.203356 0.203368
 0.215074 0.302313 0.308908 0.309263 0.309281
nmprior
 8 9 7 0
nm_flota  nm_reclas  nm_pelaces    nm_pelaL
inf 13.7865 14.6427 25.0465
cv_recla  cv_pelaces  cv_mph
0.325025 0.477442 0.882835
 ------------------------------------------------
Talla a la edad & desviación 
 8 13.2811 15.8009 17.003 17.5766
 0.8 1.32811 1.58009 1.7003 1.75766
