years
 1991 1992 1993 1994 1995 1996 1997 1998 1999 2000 2001 2002 2003 2004 2005 2006 2007 2008 2009 2010 2011 2012 2013 2014 2015 2016 2017 2018 2019
reclasobs
 0 0 0 0 0 0 0 0 0 252601 567819 844713 477998 351125 339783 2.1784e+006 2.13404e+006 4.81314e+006 1.55562e+006 2.62356e+006 3.21686e+006 3.843e+006 1.13348e+006 3.07943e+006 1.97215e+006 2.03268e+006 2.025e+006 2.42433e+006 2.27542e+006
reclaspred
 3.15213e+006 1.73936e+006 886542 916977 925950 1.66456e+006 951734 779352 544836 376968 500230 692734 714185 511810 464384 1.32433e+006 1.16402e+006 2.99705e+006 2.45831e+006 1.825e+006 3.27597e+006 2.56806e+006 1.90847e+006 3.12248e+006 2.32051e+006 1.99792e+006 2.58323e+006 2.39678e+006 1.84337e+006
pelacesobs
 0 0 0 0 0 0 0 0 0 0 0 0 0 0 0 552880 188675 0 991730 2.46772e+006 1.41603e+006 1.21717e+006 2.29649e+006 1.80582e+006 0 1.4828e+006 1.56532e+006 1.57751e+006 1.42118e+006
pelacespred
 1.89405e+006 1.14647e+006 570082 450486 503438 896120 490848 510934 329638 205410 282917 327810 378736 272348 248045 583328 579027 1.60041e+006 1.40715e+006 972358 1.69839e+006 1.43696e+006 1.13449e+006 1.90389e+006 1.43752e+006 1.24843e+006 1.73971e+006 1.61548e+006 1.11085e+006
mphobs
 0 0 0 0 0 0 0 0 0 0 0 498337 0 5186 125008 0 168611 109162 213762 579715 649985 157893 87575 83554 0 0 0 0 0
mphpred
 471141 322430 156647 87188.5 96414.6 115071 166609 90806.3 77067.2 47377.6 30149.2 60252.1 66426.5 57831.5 33668.8 38684.6 146843 127803 295903 216230 233955 298336 268482 209618 315854 259017 206238 241850 288789
desembarqueobs
 494567 514787 250237 358949 120608 361735 552515 73892 212993 205616 52469 317467 293654 387597 252695 516296 358380 742168 942051 627588 828172 859565 418607 520667 417249 300574 407403 355545 305971
desembarquepred
 494575 513454 250840 359002 120616 361749 552543 73898.7 213058 205672 52472.4 317526 293681 387556 252667 516235 358428 742053 941801 627393 828244 859510 418602 520684 417229 300568 407385 355507 305960
Reclutas
 179389 94726.2 94158.1 146604 116321 227295 83347 32463.1 33954.8 49070.6 86502.2 130084 114466 72529.3 64166.2 363675 70601.8 578803 346122 272146 385852 481245 95978.8 300936 249785 103750 270037 227633 74371
log_desv_Rt
 0.253019 -0.385546 -0.391562 0.0512016 -0.180183 0.489711 -0.513524 -1.45643 -1.41151 -1.04328 -0.476367 -0.0683537 -0.196262 -0.652547 -0.77506 0.959723 -0.679481 1.42443 0.910256 0.669802 1.01892 1.23984 -0.37241 0.770359 0.584066 -0.294556 0.662023 0.491198 -0.627471
SSB
 1.97362e+006 1.35067e+006 656200 365235 403883 482034 697930 380390 322836 198466 126296 252398 278262 242258 141040 162051 615129 535372 1.23955e+006 905794 980043 1.24974e+006 1.12468e+006 878095 1.32312e+006 1.08503e+006 863935 1.01312e+006 1.20974e+006
BT
 2.82493e+006 1.95845e+006 967473 922551 778820 1.59559e+006 1.13728e+006 757733 657027 482899 454876 731655 804682 791850 617913 1.30074e+006 1.05995e+006 3.04123e+006 2.86322e+006 1.88268e+006 3.10981e+006 2.78436e+006 1.87215e+006 3.23953e+006 2.31484e+006 1.93811e+006 2.91614e+006 2.64239e+006 1.6923e+006
Ftot
 0.208647 0.37988 0.370333 0.554621 0.184989 0.324518 0.740521 0.131742 0.536379 0.745403 0.164603 0.655164 0.587244 1.03717 0.806416 0.620842 0.414965 0.387778 0.535847 0.48575 0.368465 0.476834 0.294357 0.253245 0.251138 0.206482 0.238022 0.220851 0.217178
BD_Bspro_t
 0.967287 0.777358 0.57188 0.472518 0.469665 0.564394 0.578091 0.386004 0.429282 0.363425 0.326428 0.577587 0.462289 0.379653 0.254124 0.285054 0.483103 0.436795 0.575117 0.466777 0.439198 0.49535 0.499611 0.479949 0.612301 0.620473 0.622118 0.682857 0.708754
BD_Bspro
 1.99373 1.36443 0.662887 0.368957 0.407999 0.486946 0.705042 0.384266 0.326126 0.200488 0.127583 0.25497 0.281098 0.244726 0.142477 0.163702 0.621397 0.540828 1.25218 0.915024 0.990029 1.26247 1.13614 0.887043 1.3366 1.09609 0.872738 1.02344 1.22207
BD_Bo
 1.30571 0.893577 0.43413 0.241633 0.267202 0.318905 0.461738 0.251659 0.213583 0.131302 0.0835549 0.166982 0.184093 0.160273 0.0933093 0.10721 0.406958 0.354192 0.820061 0.599257 0.648379 0.826802 0.744066 0.580932 0.875352 0.717835 0.571564 0.670259 0.800344
BD_Brms
 2.37402 1.62469 0.789328 0.439332 0.485822 0.579827 0.839524 0.457562 0.388332 0.23873 0.151918 0.303603 0.334715 0.291406 0.169653 0.194927 0.739924 0.643986 1.49102 1.08956 1.17887 1.50328 1.35285 1.05624 1.59155 1.30516 1.03921 1.21865 1.45517
S_f
 0.721198 0.980059 0.99893 0.999944 0.999997
 0.721198 0.980059 0.99893 0.999944 0.999997
 0.721198 0.980059 0.99893 0.999944 0.999997
 0.721198 0.980059 0.99893 0.999944 0.999997
 0.721198 0.980059 0.99893 0.999944 0.999997
 0.721198 0.980059 0.99893 0.999944 0.999997
 0.721198 0.980059 0.99893 0.999944 0.999997
 0.721198 0.980059 0.99893 0.999944 0.999997
 0.721198 0.980059 0.99893 0.999944 0.999997
 0.721198 0.980059 0.99893 0.999944 0.999997
 0.721198 0.980059 0.99893 0.999944 0.999997
 0.721198 0.980059 0.99893 0.999944 0.999997
 0.721198 0.980059 0.99893 0.999944 0.999997
 0.721198 0.980059 0.99893 0.999944 0.999997
 0.721198 0.980059 0.99893 0.999944 0.999997
 0.721198 0.980059 0.99893 0.999944 0.999997
 0.721198 0.980059 0.99893 0.999944 0.999997
 0.721198 0.980059 0.99893 0.999944 0.999997
 0.721198 0.980059 0.99893 0.999944 0.999997
 0.721198 0.980059 0.99893 0.999944 0.999997
 0.721198 0.980059 0.99893 0.999944 0.999997
 0.721198 0.980059 0.99893 0.999944 0.999997
 0.721198 0.980059 0.99893 0.999944 0.999997
 0.721198 0.980059 0.99893 0.999944 0.999997
 0.721198 0.980059 0.99893 0.999944 0.999997
 0.721198 0.980059 0.99893 0.999944 0.999997
 0.721198 0.980059 0.99893 0.999944 0.999997
 0.721198 0.980059 0.99893 0.999944 0.999997
 0.721198 0.980059 0.99893 0.999944 0.999997
Scru_reclas
 1 1 1 1 1
 1 1 1 1 1
 1 1 1 1 1
 1 1 1 1 1
 1 1 1 1 1
 1 1 1 1 1
 1 1 1 1 1
 1 1 1 1 1
 1 1 1 1 1
 1 1 1 1 1
 1 1 1 1 1
 1 1 1 1 1
 1 1 1 1 1
 1 1 1 1 1
 1 1 1 1 1
 1 1 1 1 1
 1 1 1 1 1
 1 1 1 1 1
 1 1 1 1 1
 1 1 1 1 1
 1 1 1 1 1
 1 1 1 1 1
 1 1 1 1 1
 1 1 1 1 1
 1 1 1 1 1
 1 1 1 1 1
 1 1 1 1 1
 1 1 1 1 1
 1 1 1 1 1
Scru_pelaces
 0.769835 0.943923 0.988333 0.99766 0.999534
 0.769835 0.943923 0.988333 0.99766 0.999534
 0.769835 0.943923 0.988333 0.99766 0.999534
 0.769835 0.943923 0.988333 0.99766 0.999534
 0.769835 0.943923 0.988333 0.99766 0.999534
 0.769835 0.943923 0.988333 0.99766 0.999534
 0.769835 0.943923 0.988333 0.99766 0.999534
 0.769835 0.943923 0.988333 0.99766 0.999534
 0.769835 0.943923 0.988333 0.99766 0.999534
 0.769835 0.943923 0.988333 0.99766 0.999534
 0.769835 0.943923 0.988333 0.99766 0.999534
 0.769835 0.943923 0.988333 0.99766 0.999534
 0.769835 0.943923 0.988333 0.99766 0.999534
 0.769835 0.943923 0.988333 0.99766 0.999534
 0.769835 0.943923 0.988333 0.99766 0.999534
 0.769835 0.943923 0.988333 0.99766 0.999534
 0.769835 0.943923 0.988333 0.99766 0.999534
 0.769835 0.943923 0.988333 0.99766 0.999534
 0.769835 0.943923 0.988333 0.99766 0.999534
 0.769835 0.943923 0.988333 0.99766 0.999534
 0.769835 0.943923 0.988333 0.99766 0.999534
 0.769835 0.943923 0.988333 0.99766 0.999534
 0.769835 0.943923 0.988333 0.99766 0.999534
 0.769835 0.943923 0.988333 0.99766 0.999534
 0.769835 0.943923 0.988333 0.99766 0.999534
 0.769835 0.943923 0.988333 0.99766 0.999534
 0.769835 0.943923 0.988333 0.99766 0.999534
 0.769835 0.943923 0.988333 0.99766 0.999534
 0.769835 0.943923 0.988333 0.99766 0.999534
pf_obs 
 0.8446 0.082 0.0669 0.0065 0
 0.8095 0.147 0.0364 0.0071 0
 0.9664 0.0169 0.016 0.0007 0
 0.9276 0.0648 0.0075 0.0001 0
 0.7033 0.2144 0.0806 0.0017 0
 0.9318 0.0425 0.0243 0.0014 0
 0.5671 0.3108 0.0964 0.0239 0.0018
 0.0768 0.2599 0.5324 0.112 0.0189
 0.490249 0.384438 0.106611 0.0170017 0.00170017
 0.7925 0.1577 0.0466 0.003 0.0002
 0.840416 0.127587 0.0312969 0.00059994 9.999e-005
 0.8084 0.0986 0.0794 0.0134 0.0002
 0.7335 0.1905 0.0724 0.0035 0.0001
 0.4001 0.4547 0.1325 0.0127 0
 0.49795 0.308269 0.164784 0.0264974 0.00249975
 0.9179 0.0499 0.0305 0.0017 0
 0.2467 0.6533 0.0926 0.0074 0
 0.9418 0.0223 0.034 0.0019 0
 0.707729 0.231977 0.0356964 0.0245975 0
 0.517169 0.277429 0.184464 0.0207286 0.00020938
 0.811772 0.124168 0.05621 0.00726502 0.000585176
 0.764997 0.148141 0.077277 0.00933861 0.000247198
 0.163321 0.427699 0.378323 0.0303852 0.000271297
 0.753843 0.0900009 0.118128 0.0371064 0.000921714
 0.721811 0.176058 0.0630433 0.0369309 0.00215725
 0.143369 0.312575 0.442814 0.0836902 0.0175525
 0.692698 0.0596174 0.167031 0.0765114 0.00414204
 0.394062 0.376323 0.152708 0.0712218 0.00568511
 0.125707 0.32114 0.495352 0.0537591 0.00404204
pf_pred 
 0.506309 0.139265 0.331694 0.0227307 8.53086e-007
 0.429388 0.336474 0.0670307 0.156401 0.0107067
 0.584858 0.215379 0.118926 0.0231627 0.057675
 0.741905 0.172655 0.0448181 0.0241958 0.0164262
 0.661299 0.273931 0.0436901 0.0110649 0.0100154
 0.771069 0.166979 0.0503017 0.0078618 0.00378909
 0.451383 0.453644 0.0696867 0.0205351 0.00475066
 0.42771 0.31736 0.21179 0.0316668 0.0114735
 0.551747 0.2274 0.123558 0.0808449 0.0164501
 0.746807 0.163389 0.0461238 0.0244515 0.0192287
 0.833977 0.135785 0.0197048 0.00541383 0.00511942
 0.759289 0.21034 0.0249317 0.00354586 0.00189336
 0.711581 0.237913 0.0442793 0.00511329 0.00111396
 0.62554 0.29402 0.0666479 0.0120936 0.00169847
 0.746182 0.184902 0.0544749 0.0119685 0.0024726
 0.946383 0.0439183 0.00711937 0.00203942 0.000539827
 0.379035 0.598144 0.0187801 0.00296743 0.00107357
 0.914662 0.0397534 0.043946 0.00134839 0.000289779
 0.610426 0.365867 0.0111782 0.0120793 0.000449729
 0.628347 0.258594 0.10634 0.00317019 0.00354864
 0.748211 0.179004 0.0510105 0.0204817 0.00129239
 0.734176 0.215094 0.0363028 0.0101151 0.0043125
 0.316934 0.546422 0.111072 0.0183065 0.00726609
 0.758533 0.0952715 0.117455 0.0233669 0.00537363
 0.625227 0.305632 0.0276314 0.0333563 0.00815283
 0.415737 0.408564 0.143854 0.0127353 0.0191099
 0.754725 0.121849 0.0868438 0.0299574 0.00662425
 0.624454 0.304809 0.0355158 0.0247905 0.0104309
 0.353536 0.450966 0.159304 0.0181826 0.0180117
pobs_RECLAS
 0 0 0 0 0
 0 0 0 0 0
 0 0 0 0 0
 0 0 0 0 0
 0 0 0 0 0
 0 0 0 0 0
 0 0 0 0 0
 0 0 0 0 0
 0 0 0 0 0
 0 0 0 0 0
 0.991045 0.00858322 0.000360255 1.14367e-005 0
 0.934742 0.0480273 0.0164251 0.00080598 0
 0.827803 0.169806 0.00239088 0 0
 0.941827 0.0461693 0.0120037 0 0
 0.791401 0.0380133 0.147996 0.0225897 0
 0.846168 0.0940531 0.0597789 0 0
 0.134021 0.677848 0.182769 0.00536245 0
 0.80878 0.0450904 0.141981 0.00414843 0
 0.846168 0.0940531 0.0597789 0 0
 0.905697 0.0802665 0.012482 0.00150086 5.37128e-005
 0.989698 0.0102097 9.19794e-005 0 0
 0.975433 0.0193895 0.00387452 0.00125025 5.28907e-005
 0.303575 0.632131 0.0575291 0.00676475 0
 0.966965 0.00978017 0.0227588 0.000495775 0
 0.843318 0.132988 0.00938335 0.0141283 0.000182051
 0.564624 0.303363 0.111486 0.0197234 0.00080311
 0.826376 0.0876187 0.0782897 0.00655872 0.00115652
 0.89761 0.0855135 0.0140674 0.00269457 0.000114338
 0.34875 0.467042 0.161289 0.0227151 0.000203297
ppred_RECLAS
 0.586884 0.118176 0.276042 0.0188973 7.09181e-007
 0.510324 0.291187 0.0568677 0.132548 0.00907327
 0.661363 0.177402 0.0960315 0.0186839 0.0465202
 0.800028 0.134695 0.0342595 0.0184755 0.012542
 0.727912 0.220882 0.0345521 0.00874157 0.00791206
 0.822753 0.129975 0.0383897 0.00599376 0.00288861
 0.534998 0.385912 0.0580503 0.017087 0.00395274
 0.506806 0.275868 0.180581 0.0269728 0.00977225
 0.632023 0.188588 0.100409 0.0656273 0.0133529
 0.805514 0.126461 0.034957 0.018511 0.0145562
 0.873062 0.104189 0.0148297 0.00407022 0.00384868
 0.814461 0.162553 0.0188728 0.00268119 0.00143158
 0.774111 0.187001 0.0340984 0.00393333 0.00085685
 0.70358 0.233856 0.0518476 0.00939691 0.00131966
 0.805159 0.142762 0.0411758 0.0090364 0.00186674
 0.960869 0.0321726 0.00510907 0.00146195 0.000386949
 0.456496 0.523913 0.0161243 0.00254509 0.000920726
 0.937029 0.0296465 0.0321278 0.000984733 0.000211614
 0.684239 0.296919 0.00888926 0.00959546 0.000357231
 0.701045 0.209286 0.0843451 0.0025118 0.00281149
 0.804039 0.140123 0.0391462 0.0157014 0.000990702
 0.79257 0.168495 0.027871 0.00775744 0.00330713
 0.389475 0.49032 0.097728 0.0160904 0.00638615
 0.81302 0.0746581 0.0902595 0.0179379 0.00412489
 0.69606 0.248784 0.0220564 0.0265985 0.00650077
 0.494347 0.355674 0.122819 0.0108618 0.0162978
 0.80948 0.0955922 0.066813 0.0230237 0.00509077
 0.695183 0.248329 0.0283765 0.0197867 0.00832505
 0.429106 0.400609 0.138786 0.0158243 0.0156747
pobs_PELACES
 0 0 0 0 0
 0 0 0 0 0
 0 0 0 0 0
 0 0 0 0 0
 0 0 0 0 0
 0 0 0 0 0
 0 0 0 0 0
 0 0 0 0 0
 0 0 0 0 0
 0 0 0 0 0
 0 0 0 0 0
 0 0 0 0 0
 0 0 0 0 0
 0 0 0 0 0
 0 0 0 0 0
 0 0 0 0 0
 0.505614 0.472636 0.0217494 0 0
 0 0 0 0 0
 0.443492 0.261883 0.143347 0.151278 0
 0.227955 0.32914 0.350689 0.0885471 0.00366901
 0.970185 0.0296113 0.000203453 0 0
 0.997202 0.00247181 0.000326279 0 0
 0.445219 0.490057 0.0546422 0.010081 0
 0.90214 0.0892962 0.00764917 0.000914606 0
 0 0 0 0 0
 0.581667 0.319106 0.0959925 0.00289975 0.000334073
 0.762889 0.0836404 0.116647 0.0363945 0.000428098
 0.88444 0.0763242 0.0277011 0.0115352 0
 0.521256 0.241999 0.230069 0.00667565 0
ppred_PELACES
 0.533082 0.129292 0.315804 0.0218219 8.20468e-007
 0.462367 0.313155 0.0638839 0.150287 0.0103069
 0.616333 0.196396 0.111059 0.0218089 0.0544027
 0.771059 0.151809 0.0402896 0.0219284 0.0149139
 0.687132 0.251651 0.0411698 0.0105135 0.00953366
 0.793562 0.149511 0.046144 0.00727163 0.00351102
 0.498002 0.41346 0.0648207 0.0192551 0.0044626
 0.45356 0.299328 0.204988 0.0309059 0.0112182
 0.588979 0.205836 0.114365 0.0754412 0.0153783
 0.779805 0.14085 0.0405773 0.0216844 0.0170835
 0.849365 0.122547 0.0182447 0.00505448 0.00478832
 0.790153 0.182839 0.0221362 0.0031738 0.00169776
 0.744662 0.209774 0.0399044 0.0046456 0.0010139
 0.677065 0.252538 0.0582463 0.0106525 0.00149877
 0.781122 0.158515 0.0476307 0.0105488 0.00218322
 0.954436 0.0371599 0.00615487 0.00177745 0.000471335
 0.414708 0.563259 0.018104 0.00288413 0.00104533
 0.924549 0.0346979 0.0392762 0.00121503 0.000261594
 0.648471 0.329595 0.0102973 0.0112183 0.000418429
 0.662988 0.232819 0.0979469 0.00294391 0.00330132
 0.773095 0.160079 0.0467181 0.0189129 0.00119557
 0.76289 0.190924 0.0329688 0.00926145 0.0039557
 0.34582 0.520557 0.108437 0.0180203 0.00716551
 0.778931 0.0858259 0.108472 0.0217589 0.00501292
 0.654049 0.280549 0.026002 0.03165 0.00774986
 0.444508 0.385281 0.139123 0.012419 0.0186692
 0.775429 0.110019 0.0803948 0.0279632 0.00619453
 0.652511 0.280454 0.0335091 0.0235843 0.00994148
 0.381091 0.428219 0.155121 0.0178524 0.0177168
pobs_pel_tallas
 0 0 0 0 0 0 0 0 0 0 0 0 0 0 0 0 0 0 0 0 0 0 0 0 0 0
 0 0 0 0 0 0 0 0 0 0 0 0 0 0 0 0 0 0 0 0 0 0 0 0 0 0
 0 0 0 0 0 0 0 0 0 0 0 0 0 0 0 0 0 0 0 0 0 0 0 0 0 0
 0 0 0 0 0 0 0 0 0 0 0 0 0 0 0 0 0 0 0 0 0 0 0 0 0 0
 0 0 0 0 0 0 0 0 0 0 0 0 0 0 0 0 0 0 0 0 0 0 0 0 0 0
 0 0 0 0 0 0 0 0 0 0 0 0 0 0 0 0 0 0 0 0 0 0 0 0 0 0
 0 0 0 0 0 0 0 0 0 0 0 0 0 0 0 0 0 0 0 0 0 0 0 0 0 0
 0 0 0 0 0 0 0 0 0 0 0 0 0 0 0 0 0 0 0 0 0 0 0 0 0 0
 0 0 0 0 0 0 0 0 0 0 0 0 0 0 0 0 0 0 0 0 0 0 0 0 0 0
 0 0 0 0 0 0 0 0 0 0 0 0 0 0 0 0 0 0 0 0 0 0 0 0 0 0
 0 0 0 0 0 0 0 0 0 0 0 0 0 0 0 0 0 0 0 0 0 0 0 0 0 0
 0 0 0 0 0 0 0 0 0 0 0 0 0 0 0 0 0 0 0 0 0 0 0 0 0 0
 0.00862536 0 0 0.000197151 0.00414017 0.0128641 0.00837892 0.0270097 0.101434 0.158115 0.152841 0.127902 0.109271 0.109419 0.0830992 0.0579132 0.0238553 0.00714673 0.00463305 0.00128148 0.00103504 0.000492878 0.000147863 0.000147863 4.92878e-005 0
 0 0 0 0 0 0 0 0 0 0 0 0 0 0 0 0 0 0 0 0 0 0 0 0 0 0
 0 0 0 0 0 0 0 0.0054083 0.00873648 0.0413646 0.0450493 0.0745869 0.0622846 0.0627006 0.0613931 0.0827291 0.12552 0.122667 0.0946155 0.0697135 0.0546179 0.0294188 0.0215738 0.0213955 0.0102223 0.00600262
 0 0 0 0 0.00359764 0.0251062 0.0480494 0.140153 0.205849 0.193036 0.1447 0.116669 0.0760912 0.0342217 0.00950174 0.001854 0.000860785 0 0 0 0.000165536 0 0.000143464 0 0 0
 0 0 0 0 0 0 0 0.000145254 0.000435761 0.0275982 0.070085 0.0708112 0.156366 0.174668 0.174014 0.160142 0.0824315 0.0480064 0.0283245 0.00493863 0.00203355 0 0 0 0 0
 0 0 0 0 0 0 0 0 0 0 0 0 0 0 0 0 0 0 0 0 0 0 0 0 0 0
 0 0 1.00437e-005 0.000401748 0.00122533 0.00171747 0.00176769 0.0269171 0.070346 0.194647 0.189555 0.159765 0.064822 0.0314167 0.0384472 0.0292271 0.0345202 0.0313363 0.0194345 0.0106764 0.0143323 0.0359363 0.0279516 0.0138201 0.00172751 0
 0 0.0021121 0.0136068 0.0755702 0.200478 0.177729 0.0527432 0.0373336 0.0318909 0.0142505 0.0149659 0.0166563 0.0217959 0.0798694 0.0677717 0.0528807 0.04013 0.0224614 0.0357745 0.0225083 0.00881397 0.00855152 0.00135912 0.000746735 0 0
 0 0 0 0 5.4009e-005 0.00500934 0.000945158 0.0243581 0.138947 0.33067 0.221406 0.137944 0.0707744 0.0437923 0.0131692 0.00525238 0.0047753 0.00276346 9.45158e-005 9.00151e-006 2.25038e-005 9.00151e-006 4.50075e-006 0 0 0
 0.000866109 0.00284123 0.00948549 0.0512746 0.133035 0.25785 0.225252 0.132002 0.0553304 0.0519788 0.0540692 0.017754 0.00435017 0.00159236 0.00146478 0.000404838 0.000125132 0.000115318 0.000107957 0.000100596 0 0 0 0 0 0
 0 0 0 0 0.00144013 0.00171154 0.00461396 0.0210425 0.0478622 0.0707936 0.0888783 0.103762 0.0637923 0.0337046 0.0602308 0.124433 0.169614 0.0934646 0.0462172 0.0250306 0.0313229 0.00938855 0.002487 0.000210481 0 0
 0 0.00764035 0.051015 0.0998891 0.058973 0.0496711 0.0374665 0.0718981 0.12319 0.153886 0.159021 0.0857701 0.0377988 0.023471 0.0147837 0.00900784 0.00315554 0.000888139 0.00291439 0.00214683 0.00393193 0.00274676 0.000635225 9.99891e-005 0 0
 0 0 0 0 0 0 0 0 0 0 0 0 0 0 0 0 0 0 0 0 0 0 0 0 0 0
 0 0 0 0 0 0 0 0 0 0 0 0 0 0 0 0 0 0 0 0 0 0 0 0 0 0
 0 0 0 0 0 0 0 0 0 0 0 0 0 0 0 0 0 0 0 0 0 0 0 0 0 0
 0 0 0 0 0 0 0 0 0 0 0 0 0 0 0 0 0 0 0 0 0 0 0 0 0 0
 0 0 0 0 0 0 0 0 0 0 0 0 0 0 0 0 0 0 0 0 0 0 0 0 0 0
ppred_pel_tallas
 1.11336e-016 4.39093e-005 0.000426814 0.00283633 0.0128935 0.0401167 0.0854733 0.124753 0.124766 0.0855367 0.0403308 0.013518 0.00442618 0.00397121 0.00699096 0.012049 0.018656 0.0261675 0.0338537 0.0412174 0.0479992 0.0537959 0.0577147 0.0585434 0.0554231 0.048496
 1.1874e-016 3.80846e-005 0.000370196 0.00246009 0.0111832 0.0347953 0.0741361 0.10821 0.10824 0.074284 0.0352922 0.0126197 0.00607075 0.00826877 0.01509 0.0250285 0.0364075 0.0465938 0.052994 0.0545815 0.0525617 0.0495102 0.0476416 0.047549 0.0481966 0.0478766
 1.14649e-016 5.07666e-005 0.000493469 0.00327928 0.0149071 0.0463817 0.0988218 0.144237 0.144256 0.0989151 0.0466953 0.0158148 0.00556488 0.00550713 0.0096444 0.0160543 0.0235753 0.0306179 0.0356036 0.0378497 0.0379456 0.0372329 0.0368149 0.0369004 0.0368892 0.0359466
 1.05925e-016 6.35111e-005 0.000617351 0.00410251 0.0186494 0.0580254 0.12363 0.180444 0.180459 0.123702 0.0582663 0.0193456 0.00585199 0.0044431 0.00734923 0.0121028 0.0175581 0.0223626 0.025192 0.0254639 0.0236819 0.0210626 0.0187476 0.0172204 0.0162739 0.0153849
 1.03921e-016 5.65982e-005 0.000550155 0.00365597 0.0166195 0.0517097 0.110174 0.160807 0.160831 0.110292 0.0521079 0.0177697 0.00654369 0.00685595 0.0120381 0.0198271 0.028593 0.0360365 0.0398537 0.0389887 0.0342562 0.0277719 0.0216644 0.0170735 0.0140168 0.0119063
 1.02694e-016 6.53647e-005 0.000635368 0.00422225 0.0191937 0.0597189 0.127238 0.185711 0.185725 0.127309 0.0599562 0.0198795 0.0059456 0.00440383 0.00724103 0.0119162 0.017273 0.0219584 0.0246317 0.0246643 0.0224856 0.0192398 0.0160455 0.0134545 0.0114261 0.00966108
 1.04663e-016 4.10198e-005 0.000398727 0.00264968 0.0120451 0.037477 0.0798502 0.116552 0.116592 0.080045 0.0381311 0.0139344 0.00739274 0.0107549 0.0197152 0.032544 0.0469144 0.0590758 0.0652269 0.0636112 0.0555497 0.044512 0.0340091 0.0259543 0.0204409 0.0165827
 1.1099e-016 3.73592e-005 0.000363145 0.00241323 0.0109702 0.0341325 0.072724 0.106149 0.106178 0.0728664 0.0346113 0.0123564 0.00590532 0.00802809 0.0147167 0.02459 0.0361646 0.0470355 0.0547273 0.0580341 0.0575881 0.0551221 0.052091 0.0488377 0.0448344 0.0395235
 1.13522e-016 4.85135e-005 0.000471569 0.00313374 0.0142455 0.0443233 0.0944361 0.137836 0.137856 0.0945339 0.0446521 0.0151974 0.0055311 0.005732 0.0101194 0.0168666 0.0248034 0.0322893 0.0376953 0.0403222 0.0407753 0.0403977 0.0402266 0.040331 0.0399598 0.038215
 1.06273e-016 6.42315e-005 0.000624353 0.00414905 0.018861 0.0586836 0.125032 0.182491 0.182504 0.125099 0.0589072 0.0195074 0.00577366 0.00417811 0.0068351 0.0112563 0.0163497 0.0208672 0.0235922 0.023995 0.0225456 0.0203626 0.0184807 0.0173123 0.0166258 0.015903
 1.01876e-016 6.99611e-005 0.000680047 0.00451915 0.0205434 0.0639182 0.136185 0.198768 0.19878 0.136243 0.0641121 0.0211033 0.00592475 0.00374897 0.00589989 0.00964709 0.0139004 0.0175032 0.0193283 0.0188615 0.016504 0.0132954 0.0102844 0.00803654 0.00656461 0.00557835
 1.01292e-016 6.50839e-005 0.000632639 0.00420411 0.0191113 0.0594624 0.126692 0.184914 0.184931 0.126778 0.0597514 0.0199459 0.00629873 0.00520407 0.00874364 0.0143429 0.0206333 0.0258998 0.0284385 0.0274601 0.0235546 0.0182883 0.0132708 0.00941629 0.00682555 0.0051368
 1.01843e-016 6.13369e-005 0.000596216 0.00396207 0.018011 0.056039 0.119398 0.174269 0.174289 0.119497 0.056371 0.0189702 0.00637047 0.00585603 0.0100572 0.016546 0.0238669 0.0300891 0.0332803 0.0325359 0.0284981 0.0228894 0.017458 0.0131656 0.0100878 0.00783636
 1.03068e-016 5.5769e-005 0.000542094 0.00360241 0.016376 0.0509521 0.10856 0.158451 0.158476 0.108679 0.0513522 0.0175321 0.0065059 0.00688605 0.0121205 0.019992 0.0288927 0.0365383 0.0406284 0.0400862 0.0356698 0.0294024 0.0233081 0.0184563 0.0148714 0.0120641
 1.02843e-016 6.434e-005 0.000625408 0.00415606 0.0188928 0.0587827 0.125243 0.1828 0.182815 0.125318 0.0590342 0.0196198 0.00598292 0.00462005 0.00767025 0.0126293 0.018305 0.0232665 0.0260937 0.0261224 0.0238118 0.0203786 0.0170106 0.0142891 0.012163 0.0103053
 1.00446e-016 7.86157e-005 0.000764172 0.00507819 0.0230847 0.0718252 0.153031 0.223354 0.223358 0.153049 0.071884 0.0232546 0.0055046 0.0016953 0.00184778 0.00293241 0.00422151 0.00531886 0.00587897 0.00574402 0.00503221 0.00405386 0.00312221 0.00240683 0.00191444 0.00156498
 1.01133e-016 3.4159e-005 0.000332038 0.00220651 0.0100305 0.0312089 0.066496 0.0970642 0.0971183 0.0667607 0.0320975 0.0125957 0.00864055 0.0143611 0.0266293 0.0438421 0.0628531 0.0784076 0.0851733 0.0806916 0.0668759 0.0487955 0.0317567 0.0189202 0.010807 0.00630164
 1.01309e-016 7.61539e-005 0.000740243 0.00491918 0.0223619 0.0695761 0.148239 0.21636 0.216364 0.148256 0.069632 0.0225242 0.00532923 0.00164375 0.00181649 0.00294588 0.0043831 0.00581578 0.00696924 0.00769722 0.00803009 0.00808859 0.00794506 0.00756484 0.00687044 0.00585138
 1.01578e-016 5.34138e-005 0.000519201 0.00345028 0.0156845 0.0488004 0.103976 0.151762 0.151794 0.10413 0.0493204 0.0171857 0.00721596 0.00873077 0.0156225 0.0256742 0.0368206 0.0459717 0.0500223 0.0475534 0.0397004 0.0294315 0.0198292 0.0126929 0.0082576 0.00580151
 1.03741e-016 5.46095e-005 0.000530824 0.00352751 0.0160356 0.0498928 0.106303 0.155157 0.155179 0.106413 0.050263 0.0171062 0.00621953 0.00642299 0.01129 0.0186951 0.0271956 0.0347558 0.0393102 0.0398592 0.036991 0.0323514 0.027532 0.0232919 0.0195767 0.0160472
 1.03489e-016 6.36788e-005 0.000618981 0.00411335 0.0186987 0.0581786 0.123956 0.180921 0.180936 0.124032 0.0584326 0.0194329 0.00595845 0.00465379 0.00774704 0.0127608 0.018504 0.0235401 0.0264467 0.026568 0.0243822 0.0211236 0.0179798 0.0155033 0.0135907 0.0118571
 1.02599e-016 6.28383e-005 0.000610811 0.00405905 0.0184519 0.0574107 0.12232 0.178534 0.178552 0.12241 0.0577129 0.0193247 0.00625048 0.0053965 0.00915705 0.0150531 0.0217119 0.0273744 0.0302911 0.029656 0.0260773 0.0211453 0.0164604 0.0128802 0.0104251 0.00867143
 1.06283e-016 2.84848e-005 0.000276883 0.00183999 0.00836434 0.0260248 0.0554505 0.0809422 0.0809924 0.055696 0.0268491 0.0107459 0.00782068 0.0133414 0.0248656 0.0411284 0.0593964 0.0750082 0.0832094 0.0817811 0.0723169 0.0590527 0.0462478 0.0361836 0.0289441 0.0234931
 1.06183e-016 6.41595e-005 0.000623653 0.0041444 0.0188398 0.0586177 0.124892 0.182285 0.182293 0.124933 0.0587567 0.0192433 0.00516468 0.00287612 0.00441597 0.00739251 0.0110958 0.0149022 0.0181988 0.0206744 0.0224194 0.0236846 0.0245262 0.0246754 0.0237412 0.0215408
 1.05308e-016 5.38732e-005 0.000523667 0.00347995 0.0158194 0.0492201 0.10487 0.153066 0.153093 0.105002 0.0496635 0.0170999 0.00669388 0.00753843 0.013373 0.0220165 0.0317002 0.0398554 0.0439173 0.0427429 0.0373128 0.0300818 0.0235032 0.0188634 0.0161024 0.0144081
 1.08519e-016 3.66136e-005 0.000355897 0.00236506 0.0107513 0.0334513 0.071273 0.104033 0.10407 0.0714552 0.0340634 0.0125208 0.00681318 0.0100875 0.0185811 0.0308234 0.0447788 0.0571041 0.0643865 0.0650165 0.060067 0.0524015 0.0447856 0.0385278 0.0334559 0.0287957
 1.06201e-016 6.38711e-005 0.000620849 0.00412576 0.0187551 0.0583542 0.12433 0.181466 0.181477 0.124383 0.0585305 0.0192657 0.00541275 0.00344835 0.00548694 0.00910981 0.0134464 0.0176059 0.0207172 0.0223771 0.0228385 0.0227179 0.0224741 0.0221058 0.021267 0.019621
 1.05087e-016 5.37465e-005 0.000522436 0.00347177 0.0157822 0.0491043 0.104623 0.152706 0.152733 0.104755 0.0495478 0.0170629 0.00668666 0.00754059 0.013383 0.0220422 0.031757 0.039965 0.0441019 0.0430136 0.0376549 0.0304455 0.0238089 0.0190245 0.0160593 0.0141547
 1.09375e-016 3.139e-005 0.000305122 0.00202765 0.00921741 0.028679 0.0611052 0.0891935 0.0892349 0.0613077 0.0293593 0.0111842 0.00697188 0.0111224 0.0206457 0.0342654 0.0497857 0.0635013 0.0716229 0.0723633 0.0669129 0.0584464 0.0500244 0.0430853 0.0374252 0.0321818
pSPR Fmed_Fpbrs
0.530375   0.6 0.325
Fs Fmed_Fpbrs
0.373894   0.29409 0.725605
SSBpbr Bo_Bmed_Bpbrs
1.51153e+006  726100  831341 415670
Ro
139287
SPR SPRFo_SPRFmed_SPRFpbrs
989913 525025 321722
PropYTP
 0.7 0.3
Npproy
 139287 41448 6450.85 5823.12 2564.36
Recl_proy
139287
Nap
 139287 23393 21234.1 7341.23 1084.74
 139287 41448 6450.85 5823.12 2564.36
matFpbr
 0.29409 0.29409
 0.29409 0.29409
Capturas_proy
 283761 291760
 283761 291760
BD_proy
 681249 685993
 681249 685993
RPR_proy
 0.819459 0.825164
Wmed_proy
 5.2 20.5 21.7 29 33.4
Wini_proy
 3 13 16.1 21.9 28.5
log_Ro
11.6643
likeval ReclasPelacesDesembMPH_pf_preclas_ppelaces_ptallas_desvR_qrecl_qpela
 13.1228 16.1819 0.0651927 0.000833625 322.409 82.4776 60.6368 0 23.4734 3.70319e-006 2.07324e-005 0.343869 4.06652e-016 0 0
q_reclas_q_pelaces
1.31349 1.91132
M
1
N
 179389 37110.9 86856.4 5946.66 0.223168
 94726.2 56774.1 11127.6 25941.2 1775.77
 94158.1 26496.8 14393.5 2800.93 6973.97
 146604 26519.8 6780.66 3657.72 2483.06
 116321 36152.5 5665.14 1433.4 1297.38
 227295 37447.5 11094.5 1732.45 834.939
 83347 66168.6 10023.1 2951.39 682.759
 32463.1 17974.4 11780.6 1759.74 637.557
 33954.8 10860.1 5811.48 3799.43 773.062
 49070.6 8484.1 2361.76 1251.11 983.836
 86502.2 10545.3 1503.29 412.633 390.174
 130084 28260.3 3301.43 469.178 250.514
 114466 29834.9 5470.44 631.216 137.508
 72529.3 27570.8 6172.76 1119.34 157.199
 64166.2 12628.9 3670.29 805.808 166.467
 363675 13195.7 2107.82 603.336 159.694
 70601.8 85499.5 2641.72 417.061 150.88
 578803 19255.3 20943.3 642.049 137.975
 346122 160983 4843.99 5230.24 194.72
 272146 86517 35027.6 1043.38 1167.88
 385852 70528.5 19772.2 7932.01 500.488
 481245 108822 18081.7 5033.96 2146.09
 95978.8 125522 25088 4131.23 1639.66
 300936 28555.2 34605 6878.15 1581.67
 249785 92227.3 8195.97 9885.05 2415.96
 103750 76667.8 26526 2346.14 3520.33
 270037 32886.6 23037.4 7939.62 1755.54
 227633 83671.5 9581.08 6681.55 2811.21
 74371 71411.4 24790.3 2826.88 2800.19
pred_Ctot
 16037.3 4411.21 10506.4 719.993 0.0270214
 14672.8 11497.8 2290.54 5344.45 365.863
 14257.2 5250.32 2899.08 564.642 1405.95
 31557.2 7343.92 1906.36 1029.18 698.693
 9284.18 3845.79 613.378 155.343 140.61
 30558.3 6617.55 1993.51 311.572 150.166
 22758.5 22872.5 3513.57 1035.37 239.526
 1874.45 1390.84 928.175 138.78 50.283
 7104.63 2928.14 1591 1041.01 211.821
 13469.5 2946.92 831.898 441.012 346.813
 6180.28 1006.25 146.025 40.1198 37.9381
 32168.5 8911.38 1056.27 150.226 80.2152
 25852.6 8643.67 1608.72 185.772 40.4715
 25632.5 12047.9 2731 495.553 69.5973
 18743 4644.49 1368.33 300.632 62.1082
 86032.1 3992.45 647.195 185.396 49.0736
 11827.1 18663.9 585.998 92.593 33.4988
 91312.6 3968.66 4387.22 134.613 28.9292
 72360.9 43370.4 1325.08 1431.9 53.3116
 52306.8 21526.7 8852.24 263.903 295.406
 58161.2 13914.6 3965.24 1592.11 100.463
 91026.7 26668.4 4501 1254.12 534.685
 11806.8 20356 4137.79 681.977 270.686
 32231.6 4048.29 4990.92 992.91 228.337
 26546.9 12977 1173.22 1416.29 346.166
 9184.78 9026.31 3178.13 281.357 422.19
 27304.6 4408.28 3141.85 1083.81 239.653
 21463.9 10477 1220.76 852.107 358.535
 6903.32 8805.79 3110.65 355.042 351.706
F
 0.150476 0.204486 0.208424 0.208635 0.208646
 0.273969 0.372305 0.379474 0.379859 0.379879
 0.267083 0.362948 0.369937 0.370312 0.370332
 0.399991 0.543561 0.554028 0.55459 0.554619
 0.133414 0.1813 0.184791 0.184979 0.184989
 0.234041 0.318047 0.324171 0.324499 0.324517
 0.534062 0.725755 0.739729 0.740479 0.740519
 0.0950118 0.129115 0.131601 0.131734 0.131741
 0.386836 0.525684 0.535806 0.536349 0.536378
 0.537583 0.730539 0.744606 0.745361 0.745401
 0.118711 0.16132 0.164426 0.164593 0.164602
 0.472503 0.6421 0.654463 0.655127 0.655162
 0.423519 0.575534 0.586616 0.587211 0.587243
 0.748002 1.01648 1.03606 1.03711 1.03716
 0.581585 0.790335 0.805553 0.80637 0.806413
 0.44775 0.608462 0.620177 0.620807 0.62084
 0.299272 0.40669 0.414521 0.414942 0.414964
 0.279664 0.380045 0.387363 0.387756 0.387776
 0.386451 0.525162 0.535274 0.535817 0.535845
 0.350322 0.476064 0.48523 0.485722 0.485748
 0.265736 0.361118 0.368071 0.368444 0.368464
 0.343892 0.467326 0.476324 0.476807 0.476833
 0.212289 0.288487 0.294042 0.29434 0.294356
 0.18264 0.248195 0.252974 0.253231 0.253244
 0.18112 0.24613 0.250869 0.251124 0.251137
 0.148914 0.202365 0.206261 0.206471 0.206482
 0.171661 0.233276 0.237768 0.238009 0.238022
 0.159277 0.216447 0.220615 0.220839 0.220851
 0.156628 0.212847 0.216945 0.217165 0.217177
nmprior
 12 7 6 0
nm_flota  nm_reclas  nm_pelaces    nm_pelaL
inf 13.1529 12.5541 16.1683
cv_recla  cv_pelaces  cv_mph
0.343665 0.492676 0.891027
 ------------------------------------------------
Talla a la edad & desviación 
 8 13.2811 15.8009 17.003 17.5766
 0.8 1.32811 1.58009 1.7003 1.75766
