years
 1991 1992 1993 1994 1995 1996 1997 1998 1999 2000 2001 2002 2003 2004 2005 2006 2007 2008 2009 2010 2011 2012 2013 2014 2015 2016 2017 2018 2019 2020
reclasobs
 0 0 0 0 0 0 0 0 0 252601 567819 844713 477998 351125 339783 2.1784e+006 2.13404e+006 4.81314e+006 1.55562e+006 2.62356e+006 3.21686e+006 3.843e+006 1.13348e+006 3.07943e+006 1.97215e+006 2.03268e+006 2.025e+006 2.42433e+006 2.27542e+006 1.05018e+006
reclaspred
 3.17305e+006 1.73461e+006 876665 902943 915763 1.59827e+006 901821 773954 548214 372375 505486 686732 671227 490439 476086 1.34005e+006 1.18953e+006 3.05866e+006 2.45216e+006 1.8231e+006 3.16464e+006 2.54988e+006 1.9192e+006 3.06586e+006 2.26032e+006 1.98704e+006 2.42005e+006 2.5328e+006 2.01628e+006 1.10021e+006
pelacesobs
 0 0 0 0 0 0 0 0 0 0 0 0 0 0 0 552880 188675 0 991730 2.46772e+006 1.41603e+006 1.21717e+006 2.29649e+006 1.80582e+006 0 1.4828e+006 1.56532e+006 1.57751e+006 1.42118e+006 0
pelacespred
 1.90277e+006 1.13398e+006 557081 441053 494799 860502 453442 504182 328976 201822 286384 325372 353748 257968 255283 597538 589891 1.64891e+006 1.40607e+006 966426 1.63887e+006 1.41135e+006 1.1279e+006 1.87511e+006 1.39192e+006 1.23129e+006 1.63138e+006 1.68662e+006 1.19612e+006 726532
mphobs
 0 0 0 0 0 0 0 0 0 0 0 498337 0 5186 125008 0 168611 109162 213762 579715 649985 157893 87575 83554 0 0 0 0 0 0
mphpred
 488920 327156 157141 86994.8 95612.2 115091 159582 85861.1 77301.2 48490.5 29915.8 61636 65922.9 53515.4 32005 40352.9 150593 132898 305995 217302 235601 288580 270870 213884 312438 254575 207526 227289 313785 188172
desembarqueobs
 494567 514787 250237 358949 120608 361735 552515 73892 212993 205616 52469 317467 293654 387597 252695 516296 358380 742168 942051 627588 828172 859565 418607 520667 417249 300574 407403 355545 313619 322441
desembarquepred
 494571 513861 250669 358983 120614 361742 552536 73897.3 213053 205670 52471.7 317525 293686 387573 252671 516231 358418 742030 941770 627378 828245 859529 418604 520686 417234 300570 407393 355517 313604 322451
Reclutas
 169181 94498.9 93725.5 143709 115748 213791 83869.3 35295.7 34682.7 46949.8 87551 126618 105574 73544.6 67001 362947 72692.1 582039 334108 272486 363909 494711 96643.3 289012 242314 107809 243485 258611 83614.8 66077.2
log_desv_Rt
 0.220624 -0.361757 -0.369975 0.0574452 -0.158929 0.454655 -0.481086 -1.34659 -1.3641 -1.06127 -0.438123 -0.0691669 -0.250935 -0.612453 -0.705637 0.983911 -0.624113 1.45619 0.901118 0.697241 0.986558 1.29363 -0.339318 0.756122 0.579889 -0.229982 0.58471 0.64498 -0.484124 -0.719521
SSB
 1.99935e+006 1.33784e+006 642599 355750 390989 470645 652583 351114 316109 198293 122335 252050 269580 218842 130879 165016 615823 543462 1.25131e+006 888617 963449 1.1801e+006 1.10767e+006 874643 1.27766e+006 1.04104e+006 848641 929458 1.28317e+006 769495
BT
 2.83166e+006 1.94323e+006 950862 902394 762126 1.52351e+006 1.08535e+006 749242 653902 473642 453785 720972 760949 768688 623207 1.30231e+006 1.06893e+006 3.06412e+006 2.83493e+006 1.86289e+006 2.98447e+006 2.73254e+006 1.85498e+006 3.15052e+006 2.24069e+006 1.90999e+006 2.71698e+006 2.73172e+006 1.80652e+006 1.2721e+006
Ftot
 0.208658 0.385133 0.37828 0.568084 0.189238 0.339714 0.788203 0.135495 0.540311 0.757862 0.164896 0.665136 0.62574 1.09541 0.801139 0.618638 0.411121 0.383343 0.540321 0.491563 0.383346 0.487816 0.296061 0.259471 0.260303 0.210768 0.254437 0.214663 0.206433 0.394659
BD_Bspro_t
 0.967281 0.775967 0.568147 0.467598 0.462157 0.557963 0.561706 0.367394 0.42367 0.361563 0.31813 0.576149 0.453983 0.357951 0.241938 0.289222 0.48375 0.440201 0.576744 0.462425 0.435316 0.482461 0.495748 0.476963 0.602558 0.610165 0.616631 0.666018 0.719892 0.625558
BD_Bspro
 2.07402 1.38781 0.666599 0.369037 0.405592 0.488223 0.676956 0.364228 0.327916 0.205699 0.126905 0.261463 0.279648 0.227015 0.135767 0.171179 0.638823 0.56376 1.29805 0.921806 0.999433 1.22417 1.14904 0.90731 1.32538 1.07992 0.880337 0.964172 1.3311 0.798235
BD_Bo
 1.32703 0.887967 0.426512 0.236122 0.259511 0.312381 0.433138 0.233045 0.209811 0.131613 0.0811976 0.167293 0.178928 0.145252 0.0868682 0.109526 0.40874 0.360712 0.830532 0.589801 0.63947 0.783266 0.735196 0.580526 0.848021 0.690969 0.563268 0.616909 0.851678 0.510737
BD_Brms
 2.41278 1.61449 0.775476 0.429312 0.471838 0.567965 0.787524 0.423718 0.381475 0.239297 0.147632 0.304169 0.325324 0.264094 0.157942 0.199138 0.743163 0.65584 1.51006 1.07237 1.16267 1.42412 1.33672 1.0555 1.54186 1.25631 1.02412 1.12165 1.54851 0.928612
Sel_flota
 0.722934 0.980228 0.998939 0.999944 0.999997
 0.722934 0.980228 0.998939 0.999944 0.999997
 0.722934 0.980228 0.998939 0.999944 0.999997
 0.722934 0.980228 0.998939 0.999944 0.999997
 0.722934 0.980228 0.998939 0.999944 0.999997
 0.722934 0.980228 0.998939 0.999944 0.999997
 0.722934 0.980228 0.998939 0.999944 0.999997
 0.722934 0.980228 0.998939 0.999944 0.999997
 0.722934 0.980228 0.998939 0.999944 0.999997
 0.722934 0.980228 0.998939 0.999944 0.999997
 0.722934 0.980228 0.998939 0.999944 0.999997
 0.722934 0.980228 0.998939 0.999944 0.999997
 0.722934 0.980228 0.998939 0.999944 0.999997
 0.722934 0.980228 0.998939 0.999944 0.999997
 0.722934 0.980228 0.998939 0.999944 0.999997
 0.722934 0.980228 0.998939 0.999944 0.999997
 0.722934 0.980228 0.998939 0.999944 0.999997
 0.722934 0.980228 0.998939 0.999944 0.999997
 0.722934 0.980228 0.998939 0.999944 0.999997
 0.722934 0.980228 0.998939 0.999944 0.999997
 0.722934 0.980228 0.998939 0.999944 0.999997
 0.722934 0.980228 0.998939 0.999944 0.999997
 0.722934 0.980228 0.998939 0.999944 0.999997
 0.722934 0.980228 0.998939 0.999944 0.999997
 0.722934 0.980228 0.998939 0.999944 0.999997
 0.722934 0.980228 0.998939 0.999944 0.999997
 0.722934 0.980228 0.998939 0.999944 0.999997
 0.722934 0.980228 0.998939 0.999944 0.999997
 0.722934 0.980228 0.998939 0.999944 0.999997
 0.722934 0.980228 0.998939 0.999944 0.999997
Sel_reclas
 1 1 1 1 1
 1 1 1 1 1
 1 1 1 1 1
 1 1 1 1 1
 1 1 1 1 1
 1 1 1 1 1
 1 1 1 1 1
 1 1 1 1 1
 1 1 1 1 1
 1 1 1 1 1
 1 1 1 1 1
 1 1 1 1 1
 1 1 1 1 1
 1 1 1 1 1
 1 1 1 1 1
 1 1 1 1 1
 1 1 1 1 1
 1 1 1 1 1
 1 1 1 1 1
 1 1 1 1 1
 1 1 1 1 1
 1 1 1 1 1
 1 1 1 1 1
 1 1 1 1 1
 1 1 1 1 1
 1 1 1 1 1
 1 1 1 1 1
 1 1 1 1 1
 1 1 1 1 1
 1 1 1 1 1
Sel_pelaces
 0.795053 0.951275 0.989925 0.997982 0.999598
 0.795053 0.951275 0.989925 0.997982 0.999598
 0.795053 0.951275 0.989925 0.997982 0.999598
 0.795053 0.951275 0.989925 0.997982 0.999598
 0.795053 0.951275 0.989925 0.997982 0.999598
 0.795053 0.951275 0.989925 0.997982 0.999598
 0.795053 0.951275 0.989925 0.997982 0.999598
 0.795053 0.951275 0.989925 0.997982 0.999598
 0.795053 0.951275 0.989925 0.997982 0.999598
 0.795053 0.951275 0.989925 0.997982 0.999598
 0.795053 0.951275 0.989925 0.997982 0.999598
 0.795053 0.951275 0.989925 0.997982 0.999598
 0.795053 0.951275 0.989925 0.997982 0.999598
 0.795053 0.951275 0.989925 0.997982 0.999598
 0.795053 0.951275 0.989925 0.997982 0.999598
 0.795053 0.951275 0.989925 0.997982 0.999598
 0.795053 0.951275 0.989925 0.997982 0.999598
 0.795053 0.951275 0.989925 0.997982 0.999598
 0.795053 0.951275 0.989925 0.997982 0.999598
 0.795053 0.951275 0.989925 0.997982 0.999598
 0.795053 0.951275 0.989925 0.997982 0.999598
 0.795053 0.951275 0.989925 0.997982 0.999598
 0.795053 0.951275 0.989925 0.997982 0.999598
 0.795053 0.951275 0.989925 0.997982 0.999598
 0.795053 0.951275 0.989925 0.997982 0.999598
 0.795053 0.951275 0.989925 0.997982 0.999598
 0.795053 0.951275 0.989925 0.997982 0.999598
 0.795053 0.951275 0.989925 0.997982 0.999598
 0.795053 0.951275 0.989925 0.997982 0.999598
 0.795053 0.951275 0.989925 0.997982 0.999598
pf_obs 
 0.8446 0.082 0.0669 0.0065 0
 0.8095 0.147 0.0364 0.0071 0
 0.9664 0.0169 0.016 0.0007 0
 0.9276 0.0648 0.0075 0.0001 0
 0.7033 0.2144 0.0806 0.0017 0
 0.9318 0.0425 0.0243 0.0014 0
 0.5671 0.3108 0.0964 0.0239 0.0018
 0.0768 0.2599 0.5324 0.112 0.0189
 0.490249 0.384438 0.106611 0.0170017 0.00170017
 0.7925 0.1577 0.0466 0.003 0.0002
 0.840416 0.127587 0.0312969 0.00059994 9.999e-005
 0.8084 0.0986 0.0794 0.0134 0.0002
 0.7335 0.1905 0.0724 0.0035 0.0001
 0.4001 0.4547 0.1325 0.0127 0
 0.49795 0.308269 0.164784 0.0264974 0.00249975
 0.9179 0.0499 0.0305 0.0017 0
 0.2467 0.6533 0.0926 0.0074 0
 0.9418 0.0223 0.034 0.0019 0
 0.707729 0.231977 0.0356964 0.0245975 0
 0.517169 0.277429 0.184464 0.0207286 0.00020938
 0.811772 0.124168 0.05621 0.00726502 0.000585176
 0.764997 0.148141 0.077277 0.00933861 0.000247198
 0.163321 0.427699 0.378323 0.0303852 0.000271297
 0.753843 0.0900009 0.118128 0.0371064 0.000921714
 0.721811 0.176058 0.0630433 0.0369309 0.00215725
 0.143369 0.312575 0.442814 0.0836902 0.0175525
 0.692698 0.0596174 0.167031 0.0765114 0.00414204
 0.394062 0.376323 0.152708 0.0712218 0.00568511
 0.125707 0.32114 0.495352 0.0537591 0.00404204
 0 0 0 0 0
pf_pred 
 0.49042 0.139302 0.346663 0.0236135 8.59454e-007
 0.437133 0.322902 0.0665783 0.162341 0.0110465
 0.589581 0.216033 0.112621 0.0227053 0.0590597
 0.741929 0.173676 0.0449063 0.0228907 0.0165985
 0.667584 0.268831 0.0431426 0.0108838 0.009558
 0.763521 0.173722 0.0509513 0.00801364 0.00379284
 0.470603 0.434518 0.0701094 0.0201141 0.00465528
 0.465228 0.307483 0.187475 0.0294311 0.0103825
 0.55515 0.242282 0.117451 0.0702202 0.0148967
 0.736274 0.17084 0.0511652 0.0242036 0.0175173
 0.841894 0.127974 0.0197085 0.00574512 0.00467774
 0.753961 0.216491 0.024009 0.0036243 0.00191463
 0.702138 0.244403 0.0471855 0.00509857 0.00117459
 0.653321 0.269765 0.0633997 0.0119303 0.00158391
 0.766057 0.176187 0.0452588 0.0103041 0.00219266
 0.94494 0.0459149 0.00693477 0.00173263 0.000477692
 0.386382 0.59037 0.0194684 0.00286684 0.000912499
 0.913938 0.0406904 0.0436902 0.00140832 0.000273056
 0.600415 0.374977 0.0117731 0.0123598 0.000475081
 0.635257 0.250383 0.107482 0.00329326 0.00358562
 0.739983 0.186362 0.0509374 0.0213526 0.0013648
 0.751754 0.199188 0.0353877 0.00945738 0.00421281
 0.318654 0.554751 0.102056 0.0177071 0.00683144
 0.751216 0.0984883 0.122858 0.0221242 0.00531345
 0.627639 0.301344 0.028474 0.0347838 0.00775946
 0.43559 0.395818 0.136997 0.0126768 0.0189192
 0.736634 0.13608 0.0898116 0.0304581 0.00701679
 0.675819 0.258239 0.0344206 0.0222484 0.00927301
 0.36478 0.471637 0.130859 0.0170901 0.0156334
 0.458789 0.239709 0.22504 0.0611802 0.0152821
pobs_RECLAS
 0 0 0 0 0
 0 0 0 0 0
 0 0 0 0 0
 0 0 0 0 0
 0 0 0 0 0
 0 0 0 0 0
 0 0 0 0 0
 0 0 0 0 0
 0 0 0 0 0
 0 0 0 0 0
 0.991045 0.00858322 0.000360255 1.14367e-005 0
 0.934742 0.0480273 0.0164251 0.00080598 0
 0.827803 0.169806 0.00239088 0 0
 0.941827 0.0461693 0.0120037 0 0
 0.791401 0.0380133 0.147996 0.0225897 0
 0.846168 0.0940531 0.0597789 0 0
 0.134021 0.677848 0.182769 0.00536245 0
 0.80878 0.0450904 0.141981 0.00414843 0
 0.846168 0.0940531 0.0597789 0 0
 0.905697 0.0802665 0.012482 0.00150086 5.37128e-005
 0.989698 0.0102097 9.19794e-005 0 0
 0.975433 0.0193895 0.00387452 0.00125025 5.28907e-005
 0.303575 0.632131 0.0575291 0.00676475 0
 0.966965 0.00978017 0.0227588 0.000495775 0
 0.843318 0.132988 0.00938335 0.0141283 0.000182051
 0.564624 0.303363 0.111486 0.0197234 0.00080311
 0.826376 0.0876187 0.0782897 0.00655872 0.00115652
 0.89761 0.0855135 0.0140674 0.00269457 0.000114338
 0.34875 0.467042 0.161289 0.0227151 0.000203297
 0.318654 0.224769 0.449479 0.00709798 0
ppred_RECLAS
 0.570851 0.118972 0.290414 0.0197617 7.19223e-007
 0.517741 0.27907 0.0564175 0.137421 0.00935032
 0.665214 0.177903 0.0909345 0.018314 0.0476345
 0.79974 0.135682 0.0343795 0.0175059 0.0126931
 0.733034 0.216705 0.034114 0.00859729 0.00754964
 0.816214 0.135718 0.0390328 0.0061327 0.00290243
 0.554169 0.367315 0.0580351 0.0166314 0.00384902
 0.54401 0.264335 0.158111 0.0247961 0.00874695
 0.634517 0.200922 0.0954576 0.0570099 0.0120935
 0.796448 0.13285 0.0389654 0.018412 0.0133248
 0.879161 0.0981727 0.0148314 0.00431901 0.0035164
 0.809731 0.167833 0.0182341 0.00274954 0.00145243
 0.765922 0.19277 0.0364647 0.00393587 0.000906681
 0.728269 0.212491 0.048841 0.00917985 0.00121867
 0.821049 0.135476 0.0340764 0.00774947 0.00164896
 0.959692 0.0337273 0.00499115 0.00124567 0.000343416
 0.463621 0.516444 0.016697 0.00245615 0.000781734
 0.936322 0.0304208 0.032026 0.00103125 0.000199936
 0.674645 0.305704 0.00940662 0.00986487 0.00037916
 0.706827 0.202514 0.0852111 0.00260811 0.00283948
 0.796827 0.146443 0.0392454 0.0164342 0.00105037
 0.807021 0.15546 0.0270722 0.00722737 0.00321927
 0.39076 0.497847 0.0898199 0.0155679 0.00600581
 0.806589 0.0774755 0.0947884 0.0170519 0.00409503
 0.697835 0.245464 0.0227481 0.0277603 0.00619236
 0.514091 0.342741 0.116359 0.0107561 0.0160518
 0.79396 0.107473 0.0695688 0.0235688 0.00542937
 0.740469 0.207568 0.0271376 0.0175229 0.00730305
 0.440253 0.417677 0.113674 0.0148305 0.0135657
 0.540244 0.205904 0.189525 0.0514709 0.0128561
pobs_PELACES
 0 0 0 0 0
 0 0 0 0 0
 0 0 0 0 0
 0 0 0 0 0
 0 0 0 0 0
 0 0 0 0 0
 0 0 0 0 0
 0 0 0 0 0
 0 0 0 0 0
 0 0 0 0 0
 0 0 0 0 0
 0 0 0 0 0
 0 0 0 0 0
 0 0 0 0 0
 0 0 0 0 0
 0 0 0 0 0
 0.505614 0.472636 0.0217494 0 0
 0 0 0 0 0
 0.443492 0.261883 0.143347 0.151278 0
 0.227955 0.32914 0.350689 0.0885471 0.00366901
 0.970185 0.0296113 0.000203453 0 0
 0.997202 0.00247181 0.000326279 0 0
 0.445219 0.490057 0.0546422 0.010081 0
 0.90214 0.0892962 0.00764917 0.000914606 0
 0 0 0 0 0
 0.581667 0.319106 0.0959925 0.00289975 0.000334073
 0.762889 0.0836404 0.116647 0.0363945 0.000428098
 0.88444 0.0763242 0.0277011 0.0115352 0
 0.521256 0.241999 0.230069 0.00667565 0
 0 0 0 0 0
ppred_PELACES
 0.523799 0.128323 0.325546 0.0223311 8.14048e-007
 0.476475 0.297406 0.0624185 0.153256 0.0104446
 0.627091 0.194318 0.103119 0.0209344 0.054538
 0.775619 0.150032 0.0394216 0.0202329 0.014694
 0.698213 0.243032 0.0397665 0.0101027 0.00888597
 0.790827 0.152862 0.0456536 0.0072305 0.00342752
 0.524587 0.389098 0.063664 0.0183882 0.00426242
 0.497849 0.286127 0.177951 0.0281333 0.00994022
 0.598674 0.216651 0.106756 0.0642648 0.0136545
 0.774776 0.144992 0.0440479 0.0209777 0.0152061
 0.859498 0.113239 0.0177845 0.00522085 0.00425752
 0.789327 0.185002 0.0208303 0.00316589 0.00167506
 0.741264 0.211672 0.0415064 0.00451557 0.0010419
 0.709274 0.225621 0.0536022 0.010153 0.00135002
 0.802672 0.148047 0.0385601 0.00883816 0.00188363
 0.954214 0.0380709 0.00584049 0.0014692 0.000405694
 0.427582 0.550338 0.0184688 0.00273852 0.000873012
 0.925627 0.0348301 0.0380677 0.00123562 0.000239944
 0.64411 0.333559 0.0106451 0.0112526 0.000433193
 0.674954 0.221921 0.0968765 0.0029888 0.00325919
 0.770019 0.1639 0.0456004 0.0192484 0.00123222
 0.783309 0.173217 0.0312955 0.00842148 0.0037572
 0.353031 0.524797 0.0983491 0.0171833 0.00663969
 0.776714 0.0873203 0.110996 0.0201283 0.00484164
 0.661832 0.272454 0.0262331 0.032271 0.00721015
 0.47075 0.368853 0.130143 0.0121273 0.0181274
 0.763415 0.121001 0.08138 0.0277923 0.00641265
 0.706526 0.232688 0.031616 0.0205794 0.00859074
 0.398339 0.444313 0.125676 0.0165286 0.0151434
 0.49836 0.219773 0.209997 0.0574874 0.014382
pobs_pel_tallas
 0 0 0 0 0 0 0 0 0 0 0 0 0 0 0 0 0 0 0 0 0 0 0 0 0 0
 0 0 0 0 0 0 0 0 0 0 0 0 0 0 0 0 0 0 0 0 0 0 0 0 0 0
 0 0 0 0 0 0 0 0 0 0 0 0 0 0 0 0 0 0 0 0 0 0 0 0 0 0
 0 0 0 0 0 0 0 0 0 0 0 0 0 0 0 0 0 0 0 0 0 0 0 0 0 0
 0 0 0 0 0 0 0 0 0 0 0 0 0 0 0 0 0 0 0 0 0 0 0 0 0 0
 0 0 0 0 0 0 0 0 0 0 0 0 0 0 0 0 0 0 0 0 0 0 0 0 0 0
 0 0 0 0 0 0 0 0 0 0 0 0 0 0 0 0 0 0 0 0 0 0 0 0 0 0
 0 0 0 0 0 0 0 0 0 0 0 0 0 0 0 0 0 0 0 0 0 0 0 0 0 0
 0 0 0 0 0 0 0 0 0 0 0 0 0 0 0 0 0 0 0 0 0 0 0 0 0 0
 0 0 0 0 0 0 0 0 0 0 0 0 0 0 0 0 0 0 0 0 0 0 0 0 0 0
 0 0 0 0 0 0 0 0 0 0 0 0 0 0 0 0 0 0 0 0 0 0 0 0 0 0
 0 0 0 0 0 0 0 0 0 0 0 0 0 0 0 0 0 0 0 0 0 0 0 0 0 0
 0.00862536 0 0 0.000197151 0.00414017 0.0128641 0.00837892 0.0270097 0.101434 0.158115 0.152841 0.127902 0.109271 0.109419 0.0830992 0.0579132 0.0238553 0.00714673 0.00463305 0.00128148 0.00103504 0.000492878 0.000147863 0.000147863 4.92878e-005 0
 0 0 0 0 0 0 0 0 0 0 0 0 0 0 0 0 0 0 0 0 0 0 0 0 0 0
 0 0 0 0 0 0 0 0.0054083 0.00873648 0.0413646 0.0450493 0.0745869 0.0622846 0.0627006 0.0613931 0.0827291 0.12552 0.122667 0.0946155 0.0697135 0.0546179 0.0294188 0.0215738 0.0213955 0.0102223 0.00600262
 0 0 0 0 0.00359764 0.0251062 0.0480494 0.140153 0.205849 0.193036 0.1447 0.116669 0.0760912 0.0342217 0.00950174 0.001854 0.000860785 0 0 0 0.000165536 0 0.000143464 0 0 0
 0 0 0 0 0 0 0 0.000145254 0.000435761 0.0275982 0.070085 0.0708112 0.156366 0.174668 0.174014 0.160142 0.0824315 0.0480064 0.0283245 0.00493863 0.00203355 0 0 0 0 0
 0 0 0 0 0 0 0 0 0 0 0 0 0 0 0 0 0 0 0 0 0 0 0 0 0 0
 0 0 1.00437e-005 0.000401748 0.00122533 0.00171747 0.00176769 0.0269171 0.070346 0.194647 0.189555 0.159765 0.064822 0.0314167 0.0384472 0.0292271 0.0345202 0.0313363 0.0194345 0.0106764 0.0143323 0.0359363 0.0279516 0.0138201 0.00172751 0
 0 0.0021121 0.0136068 0.0755702 0.200478 0.177729 0.0527432 0.0373336 0.0318909 0.0142505 0.0149659 0.0166563 0.0217959 0.0798694 0.0677717 0.0528807 0.04013 0.0224614 0.0357745 0.0225083 0.00881397 0.00855152 0.00135912 0.000746735 0 0
 0 0 0 0 5.4009e-005 0.00500934 0.000945158 0.0243581 0.138947 0.33067 0.221406 0.137944 0.0707744 0.0437923 0.0131692 0.00525238 0.0047753 0.00276346 9.45158e-005 9.00151e-006 2.25038e-005 9.00151e-006 4.50075e-006 0 0 0
 0.000866109 0.00284123 0.00948549 0.0512746 0.133035 0.25785 0.225252 0.132002 0.0553304 0.0519788 0.0540692 0.017754 0.00435017 0.00159236 0.00146478 0.000404838 0.000125132 0.000115318 0.000107957 0.000100596 0 0 0 0 0 0
 0 0 0 0 0.00144013 0.00171154 0.00461396 0.0210425 0.0478622 0.0707936 0.0888783 0.103762 0.0637923 0.0337046 0.0602308 0.124433 0.169614 0.0934646 0.0462172 0.0250306 0.0313229 0.00938855 0.002487 0.000210481 0 0
 0 0.00764035 0.051015 0.0998891 0.058973 0.0496711 0.0374665 0.0718981 0.12319 0.153886 0.159021 0.0857701 0.0377988 0.023471 0.0147837 0.00900784 0.00315554 0.000888139 0.00291439 0.00214683 0.00393193 0.00274676 0.000635225 9.99891e-005 0 0
 0 0 0 0 0 0 0 0 0 0 0 0 0 0 0 0 0 0 0 0 0 0 0 0 0 0
 0 0 0 0 0 0 0 0 0 0 0 0 0 0 0 0 0 0 0 0 0 0 0 0 0 0
 0 0 0 0 0 0 0 0 0 0 0 0 0 0 0 0 0 0 0 0 0 0 0 0 0 0
 0 0 0 0 0 0 0 0 0 0 0 0 0 0 0 0 0 0 0 0 0 0 0 0 0 0
 0 0 0 0 0 0 0 0 0 0 0 0 0 0 0 0 0 0 0 0 0 0 0 0 0 0
 0 0 0 0 0 0 0 0 0 0 0 0 0 0 0 0 0 0 0 0 0 0 0 0 0 0
ppred_pel_tallas
 1.11668e-016 4.31447e-005 0.000419382 0.00278694 0.012669 0.0394181 0.0839849 0.122581 0.122594 0.0840479 0.0396311 0.0132902 0.00436926 0.00394977 0.00697075 0.0120354 0.0186798 0.0262873 0.0341528 0.0417849 0.048899 0.0550339 0.0592219 0.0601855 0.0570351 0.0499286
 1.19015e-016 3.92467e-005 0.000381492 0.00253515 0.0115244 0.0358569 0.0763981 0.111511 0.11154 0.0765386 0.036329 0.0128892 0.00596586 0.00788772 0.0143475 0.0238033 0.0346526 0.0444102 0.0506358 0.0523787 0.0507983 0.0483337 0.0470499 0.0474397 0.0484312 0.0483222
 1.14355e-016 5.16527e-005 0.000502082 0.00333651 0.0151673 0.0471913 0.100547 0.146755 0.146774 0.100639 0.0475013 0.0160646 0.00559549 0.0054557 0.00952566 0.015842 0.0232353 0.0301196 0.0349231 0.0369698 0.0368599 0.0359558 0.0353953 0.0354262 0.0354724 0.0346948
 1.05692e-016 6.38868e-005 0.000621002 0.00412678 0.0187597 0.0583686 0.124361 0.181512 0.181526 0.124432 0.0586066 0.0194477 0.0058555 0.00440114 0.00726209 0.0119558 0.0173402 0.0220753 0.0248487 0.0250819 0.0232708 0.0206197 0.0182632 0.0166893 0.0157057 0.0148056
 1.03727e-016 5.75109e-005 0.000559027 0.00371493 0.0168875 0.0525435 0.11195 0.1634 0.163423 0.112065 0.0529281 0.0179983 0.00650372 0.00664878 0.0116285 0.0191477 0.0276125 0.0347996 0.0384832 0.0376426 0.0330639 0.0267896 0.0208754 0.0164236 0.0134533 0.0114001
 1.02662e-016 6.51394e-005 0.000633178 0.00420769 0.0191276 0.059513 0.126799 0.18507 0.185085 0.126871 0.0597555 0.0198285 0.0059691 0.00448446 0.00739736 0.012173 0.0176385 0.0224083 0.0251092 0.0250975 0.0228151 0.019439 0.0161238 0.0134438 0.0113644 0.00957957
 1.04503e-016 4.32096e-005 0.000420013 0.00279114 0.0126881 0.0394777 0.0841127 0.122773 0.12281 0.0842961 0.0400933 0.0144664 0.0072557 0.0101687 0.0185654 0.030644 0.0441869 0.0556661 0.0615086 0.0600622 0.0525644 0.0422671 0.0324563 0.0249151 0.0197222 0.0160454
 1.09712e-016 4.10072e-005 0.000398605 0.00264887 0.0120414 0.0374654 0.079825 0.116513 0.116541 0.0799609 0.0379224 0.0133644 0.00598037 0.00770661 0.0140238 0.02339 0.0343221 0.0444817 0.051472 0.0541339 0.0531101 0.0501458 0.0467542 0.0433785 0.0395771 0.0348026
 1.11892e-016 4.9312e-005 0.00047933 0.00318532 0.01448 0.0450528 0.0959905 0.140105 0.140126 0.0960933 0.0453983 0.0154799 0.00570224 0.00599753 0.0106 0.0176337 0.025845 0.0334616 0.0387164 0.0408348 0.0404547 0.0390526 0.0378489 0.0370872 0.0361431 0.0341815
 1.05986e-016 6.38173e-005 0.000620327 0.00412229 0.0187394 0.0583052 0.124226 0.181314 0.181328 0.124294 0.0585354 0.0194049 0.00579524 0.00428013 0.0070376 0.0115955 0.0168466 0.0215077 0.0243235 0.0247407 0.0232294 0.0209254 0.0188823 0.0175259 0.0166376 0.0157185
 1.01787e-016 7.07957e-005 0.00068816 0.00457306 0.0207885 0.0646808 0.13781 0.201139 0.20115 0.137863 0.0648599 0.021306 0.00587227 0.00352505 0.00546071 0.00892143 0.012859 0.0162019 0.0179103 0.0175099 0.0153698 0.0124458 0.00969911 0.00764461 0.00628858 0.00536186
 1.0125e-016 6.50158e-005 0.000631977 0.00419971 0.0190913 0.0594002 0.126559 0.18472 0.184738 0.126646 0.0596925 0.0199356 0.00631855 0.00525586 0.00884203 0.0145026 0.0208563 0.0261654 0.0287036 0.0276718 0.0236706 0.0182927 0.0131769 0.0092581 0.00664282 0.004963
 1.01882e-016 6.1057e-005 0.000593495 0.00394399 0.0179288 0.0557833 0.118853 0.173474 0.173494 0.118953 0.0561183 0.0188968 0.00637461 0.00590212 0.0101505 0.0167031 0.0240985 0.0303914 0.0336333 0.0329115 0.0288707 0.0232427 0.0177839 0.0134582 0.01034 0.00804065
 1.02852e-016 5.8422e-005 0.000567883 0.00377378 0.0171551 0.0533759 0.113724 0.165988 0.16601 0.11383 0.0537334 0.0181881 0.00636842 0.00623745 0.0108419 0.0178728 0.0258371 0.0326905 0.036381 0.035948 0.0320662 0.0265352 0.0211516 0.0168581 0.0136674 0.0111403
 1.02356e-016 6.6115e-005 0.000642662 0.00427071 0.019414 0.0604044 0.128698 0.187842 0.187856 0.128768 0.0606391 0.0200923 0.00597471 0.00436713 0.00715314 0.0117565 0.0170123 0.0215671 0.0240834 0.0239378 0.0215713 0.0181496 0.0148236 0.0121771 0.0101866 0.00854499
 1.00395e-016 7.85973e-005 0.000763994 0.00507701 0.0230793 0.0718084 0.152996 0.223302 0.223306 0.153014 0.0718687 0.0232533 0.00551367 0.00171736 0.00188959 0.00300045 0.00431689 0.00543315 0.0059939 0.00583654 0.00508245 0.00405175 0.00306935 0.00231385 0.00179652 0.00143779
 1.01097e-016 3.52195e-005 0.000342346 0.00227501 0.0103419 0.0321778 0.0685601 0.100077 0.10013 0.0688188 0.033046 0.0128483 0.00856171 0.0140503 0.0260222 0.042841 0.0614207 0.0766269 0.0832503 0.078888 0.0654075 0.0477573 0.0311173 0.0185719 0.0106295 0.00620388
 1.01273e-016 7.62426e-005 0.000741106 0.00492491 0.0223879 0.0696571 0.148412 0.216612 0.216616 0.148429 0.0697133 0.0225507 0.00533604 0.00164667 0.00181961 0.00294863 0.00438182 0.0058033 0.00693536 0.00763107 0.00792408 0.00794238 0.00776751 0.00737258 0.00668344 0.00568722
 1.01595e-016 5.30546e-005 0.000515709 0.00342707 0.015579 0.0484722 0.103276 0.150742 0.150774 0.103433 0.0489985 0.0170983 0.00723812 0.00882625 0.0158099 0.0259842 0.0372659 0.0465293 0.050632 0.0481375 0.0401945 0.0298055 0.0200892 0.0128656 0.00837262 0.00588097
 1.03704e-016 5.55951e-005 0.000540404 0.00359118 0.016325 0.0507932 0.108221 0.157956 0.157978 0.108326 0.0511462 0.0173459 0.00615846 0.00616042 0.0107746 0.0178426 0.0259704 0.0332213 0.037632 0.0382505 0.03563 0.0313217 0.0268188 0.0228234 0.0192719 0.015845
 1.03497e-016 6.34254e-005 0.000616518 0.00409698 0.0186243 0.0579471 0.123463 0.180201 0.180217 0.12354 0.0582071 0.0193758 0.00598532 0.00474534 0.00792421 0.0130512 0.0189156 0.024044 0.0269764 0.0270412 0.0247329 0.0213267 0.0180534 0.0154926 0.0135448 0.011813
 1.02428e-016 6.45202e-005 0.000627159 0.00416769 0.0189457 0.0589473 0.125594 0.183312 0.183328 0.125676 0.0592215 0.0197378 0.00615638 0.00497045 0.00831905 0.0136664 0.0197172 0.0248723 0.0275463 0.0270085 0.0238077 0.0193803 0.015169 0.0119432 0.00971631 0.00810506
 1.0582e-016 2.90788e-005 0.000282656 0.00187835 0.00853875 0.0265675 0.0566067 0.0826298 0.0826804 0.0568541 0.0273981 0.0109384 0.00790373 0.013442 0.0250384 0.0413924 0.0597283 0.0753247 0.0833697 0.081622 0.0717109 0.0579608 0.0447407 0.034422 0.0271293 0.0218111
 1.06064e-016 6.39769e-005 0.000621878 0.0041326 0.0187862 0.0584509 0.124536 0.181766 0.181775 0.124578 0.0585923 0.0191967 0.00517068 0.0029136 0.00449152 0.00752064 0.0112869 0.015155 0.0184981 0.0209951 0.0227323 0.0239611 0.0247396 0.0248026 0.0237674 0.0214661
 1.05284e-016 5.45143e-005 0.000529898 0.00352136 0.0160076 0.0498058 0.106117 0.154887 0.154913 0.106246 0.0502364 0.0172514 0.00664303 0.00734365 0.012993 0.0213903 0.0308049 0.0387443 0.0427211 0.0416278 0.0364163 0.0294651 0.0231464 0.018696 0.0160438 0.0143943
 1.08134e-016 3.87751e-005 0.000376908 0.00250469 0.011386 0.0354261 0.0754805 0.110173 0.110209 0.0756548 0.036012 0.0130797 0.00676209 0.00969055 0.0177848 0.0294913 0.0428311 0.0545958 0.0615143 0.0620465 0.0572277 0.0498153 0.0424763 0.0364793 0.0316638 0.0272793
 1.06252e-016 6.28815e-005 0.00061123 0.00406184 0.0184645 0.0574501 0.122404 0.178655 0.178666 0.122462 0.0576437 0.0190252 0.00547448 0.00371287 0.00600607 0.0099682 0.0146797 0.0191497 0.0224041 0.0239918 0.0242016 0.0237459 0.0231835 0.0225716 0.0215732 0.0198309
 1.0449e-016 5.81956e-005 0.000565682 0.00375916 0.0170886 0.0531691 0.113283 0.165345 0.165367 0.113393 0.0535371 0.0181517 0.00642797 0.00639278 0.0111283 0.0183153 0.0264048 0.0332687 0.0367866 0.0360041 0.031707 0.0258843 0.020519 0.0166438 0.0142112 0.0125883
 1.07961e-016 3.28107e-005 0.000318932 0.00211942 0.00963459 0.029977 0.0638708 0.0932303 0.0932732 0.0640806 0.0306817 0.0116713 0.00723654 0.0115056 0.0213252 0.0353253 0.0511697 0.0649438 0.0726551 0.0724349 0.0655899 0.0555856 0.0458357 0.0380596 0.0321749 0.0272674
 1.14316e-016 4.10493e-005 0.000399014 0.00265159 0.0120538 0.0375038 0.0799066 0.116631 0.116652 0.0800117 0.0378575 0.0130793 0.00524032 0.00609845 0.0110073 0.0185051 0.0275286 0.036461 0.0436465 0.0482914 0.0507926 0.0521366 0.0529099 0.0528058 0.050978 0.0468115
pSPR Fmed_Fpbrs
0.524534   0.6 0.325
Fs Fmed_Fpbrs
0.380895   0.293864 0.724664
SSBpbr Bo_Bmed_Bpbrs
1.50664e+006  714951  828651 414325
Ro
135686
SPR SPRFo_SPRFmed_SPRFpbrs
963996 505648 313299
Fref
0.293864
log_Ro
11.6381
likeval ReclasPelacesDesembMPH_pf_preclas_ppelaces_ptallas_desvR_qrecl_qpela
 12.1444 16.2601 0.0336571 0.000818357 217.455 104.396 70.242 0 23.2295 4.00666e-006 2.03772e-005 0.169921 6.38196e-016 0 0
q_reclas_q_pelaces
1.32796 1.9007
M
1
N
 169181 36218.7 88583.4 6028.43 0.219405
 94498.9 53523.6 10859.5 26456.7 1800.16
 93725.5 26315.6 13498.9 2719.15 7072.55
 143709 26229.9 6681.63 3403.23 2467.64
 115748 35061.5 5529.23 1393.59 1223.77
 213791 37136.8 10714.6 1683.73 796.868
 83869.3 61522.9 9792.45 2807.38 649.728
 35295.7 17451.8 10452 1639.26 578.259
 34682.7 11773 5621.65 3358.32 712.411
 46949.8 8633.35 2550.22 1205.49 872.437
 87551 9986.12 1510.98 440.044 358.271
 126618 28588.7 3125.39 471.439 249.04
 105574 28798.7 5479.58 591.632 136.293
 73544.6 24705.9 5737.15 1078.91 143.235
 67001 12255.6 3105.85 706.601 150.356
 362947 13812 2055.84 513.245 141.498
 72692.1 85372.3 2770.79 407.669 129.753
 582039 19866.2 20989.7 676.006 131.063
 334108 162293 5019.13 5265.07 202.367
 272486 83166.7 35155 1076.28 1171.77
 363909 70261.2 18897 7914.74 505.865
 494711 101471 17751.2 4740.13 2111.41
 96643.3 127908 23140.8 4011.45 1547.55
 289012 28702.8 35202.2 6333.49 1521
 242314 88136.5 8187.88 9993.28 2229.17
 107809 73851.2 25121.7 2322.46 3465.94
 243485 34055.5 22097.2 7487.13 1724.77
 258611 74523.5 9762.86 6304.63 2627.6
 83614.8 81462.1 22213.4 2898.37 2651.2
 66077.2 26495.7 24478.3 6649.1 1660.79
pred_Ctot
 15159.7 4306.05 10715.9 729.931 0.0265671
 14849.5 10969.1 2261.68 5514.76 375.252
 14494.3 5310.98 2768.69 558.191 1451.93
 31630.1 7404.17 1914.45 975.882 707.629
 9460.31 3809.6 611.371 154.233 135.446
 30022.4 6830.92 2003.46 315.105 149.139
 24108.5 22259.9 3591.63 1030.42 238.485
 2098.57 1387.01 845.672 132.759 46.8339
 7317.03 3193.34 1548.04 925.521 196.342
 13083.6 3035.81 909.203 430.096 311.281
 6280.19 954.636 147.017 42.8563 34.894
 31763.2 9120.43 1011.46 152.686 80.6605
 25187.9 8767.5 1692.69 182.902 42.1363
 27085.8 11184.1 2628.47 494.616 65.6669
 19507.4 4486.56 1152.5 262.39 55.8354
 85777.9 4167.97 629.511 157.281 43.363
 12103.3 18493.1 609.842 89.8027 28.5837
 91082.8 4055.19 4354.16 140.353 27.2127
 70487.9 44021.7 1382.14 1451.03 55.7738
 53021.8 20898.2 8970.99 274.873 299.274
 56948.2 14342.2 3920.08 1643.27 105.033
 95630.9 25338.8 4501.69 1203.08 535.913
 11977.8 20852.5 3836.18 665.591 256.786
 31728.5 4159.77 5189.05 934.444 224.42
 26680.8 12810.1 1210.42 1478.65 329.853
 9752.02 8861.59 3067.09 283.809 423.565
 26250.5 4849.3 3200.5 1085.4 250.048
 23798.1 9093.57 1212.08 783.451 326.537
 7417.35 9590.16 2660.87 347.506 317.886
 10611.2 5544.16 5204.87 1415.02 353.454
F
 0.150846 0.204533 0.208437 0.208647 0.208658
 0.278426 0.377518 0.384725 0.385112 0.385132
 0.273471 0.3708 0.377879 0.378259 0.378279
 0.410687 0.556852 0.567482 0.568052 0.568082
 0.136807 0.185497 0.189038 0.189228 0.189238
 0.245591 0.332997 0.339354 0.339695 0.339713
 0.569818 0.772618 0.787367 0.788159 0.7882
 0.0979538 0.132816 0.135351 0.135487 0.135495
 0.390609 0.529628 0.539738 0.540281 0.54031
 0.547884 0.742877 0.757058 0.757819 0.75786
 0.119209 0.161636 0.164721 0.164887 0.164896
 0.480849 0.651984 0.66443 0.665098 0.665134
 0.452368 0.613368 0.625076 0.625705 0.625738
 0.79191 1.07375 1.09425 1.09535 1.09541
 0.57917 0.785299 0.80029 0.801094 0.801137
 0.447234 0.606406 0.617981 0.618603 0.618636
 0.297213 0.402992 0.410685 0.411098 0.411119
 0.277131 0.375763 0.382936 0.383321 0.383342
 0.390617 0.529638 0.539748 0.540291 0.54032
 0.355367 0.481843 0.491041 0.491535 0.491561
 0.277134 0.375767 0.38294 0.383325 0.383345
 0.352659 0.478171 0.487299 0.487789 0.487815
 0.214032 0.290207 0.295747 0.296044 0.29606
 0.18758 0.25434 0.259195 0.259456 0.25947
 0.188182 0.255156 0.260027 0.260289 0.260302
 0.152371 0.206601 0.210545 0.210756 0.210767
 0.183941 0.249406 0.254167 0.254423 0.254437
 0.155187 0.210419 0.214436 0.214651 0.214663
 0.149237 0.202351 0.206214 0.206421 0.206432
 0.285312 0.386856 0.39424 0.394637 0.394658
nmprior
 8 8 7 0
nm_flota  nm_reclas  nm_pelaces    nm_pelaL
inf 12.552 13.811 17.9575
cv_recla  cv_pelaces  cv_mph
0.322637 0.493863 0.88283
 ------------------------------------------------
Talla a la edad & desviación 
 8 13.2811 15.8009 17.003 17.5766
 0.8 1.32811 1.58009 1.7003 1.75766
