years
 1991 1992 1993 1994 1995 1996 1997 1998 1999 2000 2001 2002 2003 2004 2005 2006 2007 2008 2009 2010 2011 2012 2013 2014 2015 2016 2017 2018
reclasobs
 0 0 0 0 0 0 0 0 0 252601 567819 844713 477998 351125 339783 2.1784e+006 2.13404e+006 4.81314e+006 1.55562e+006 2.62356e+006 3.21686e+006 3.843e+006 1.13348e+006 3.07943e+006 1.97215e+006 2.03268e+006 2.025e+006 2.42433e+006
reclaspred
 3.11777e+006 1.71861e+006 873162 921517 937806 1.72418e+006 983209 799321 554608 377592 504777 703855 725355 516722 463881 1.34135e+006 1.15618e+006 3.04589e+006 2.48159e+006 1.84616e+006 3.30109e+006 2.59771e+006 1.91917e+006 3.1626e+006 2.36337e+006 1.99983e+006 2.1485e+006 2.00843e+006
pelacesobs
 0 0 0 0 0 0 0 0 0 0 0 0 0 0 0 552880 188675 0 991730 2.46772e+006 1.41603e+006 1.21717e+006 2.29649e+006 1.80582e+006 0 1.4828e+006 1.56532e+006 1.57751e+006
pelacespred
 1.8304e+006 1.1036e+006 545953 449473 506851 936814 501845 523588 333833 204790 288142 334280 386188 275210 249253 600844 570903 1.6525e+006 1.41959e+006 976003 1.72381e+006 1.44776e+006 1.12999e+006 1.94776e+006 1.45325e+006 1.24222e+006 1.45318e+006 1.41774e+006
mphobs
 0 0 0 0 0 0 0 0 0 0 0 498337 0 5186 125008 0 168611 109162 213762 579715 649985 157893 87575 83554 0 0 0 0
mphpred
 461903 316854 153445 85291.1 96243.7 116621 172284 93262.1 78817.1 47656.6 29741 60597.6 66835.4 58080.9 33328.4 37997.7 147127 125478 299153 215890 234653 298435 269557 209604 318660 263329 203632 192651
desembarqueobs
 494567 514787 250237 358949 120608 361735 552515 73892 212993 205616 52469 317467 293654 387597 252695 516296 358380 742168 942051 627588 828172 859565 418607 520667 417249 300574 407403 355545
desembarquepred
 494576 513512 250821 358998 120616 361747 552538 73898.8 213059 205672 52472.4 317523 293676 387546 252664 516232 358427 742049 941787 627384 828238 859495 418597 520680 417223 300565 407391 355545
Reclutas
 176263 94448.2 91503.6 145525 114464 227206 82975.6 31688.8 33148.9 47817.3 83950.4 128395 112833 71666.7 62393.5 355101 67090.1 568483 336695 269026 374726 473706 93421.2 293140 247273 95926.2 197348 195345
log_desv_Rt
 0.249967 -0.373958 -0.405631 0.0583371 -0.181748 0.503849 -0.503463 -1.46605 -1.421 -1.05462 -0.491783 -0.0668998 -0.196104 -0.649983 -0.788548 0.950392 -0.715974 1.42096 0.897168 0.6728 1.00419 1.23858 -0.384891 0.758641 0.588485 -0.35843 0.362959 0.352758
SSB
 1.83801e+006 1.26083e+006 610588 339391 382973 464058 685552 371109 313629 189635 118346 241130 265952 231116 132621 151201 585449 499302 1.19039e+006 859069 933733 1.18754e+006 1.07262e+006 834057 1.26801e+006 1.04784e+006 810292 766598
BT
 2.65725e+006 1.85136e+006 909181 887338 749298 1.57298e+006 1.1211e+006 739561 640132 466587 436450 712352 783084 772159 595444 1.26117e+006 1.01068e+006 2.95438e+006 2.76907e+006 1.81727e+006 2.99954e+006 2.68972e+006 1.79748e+006 3.13039e+006 2.24198e+006 1.84768e+006 2.35723e+006 2.28727e+006
Ftot
 0.220804 0.402464 0.3927 0.572317 0.190024 0.323944 0.747162 0.133732 0.546467 0.769307 0.167938 0.666009 0.59779 1.0583 0.827694 0.626117 0.434008 0.392173 0.549382 0.497997 0.378083 0.488293 0.305294 0.257964 0.256687 0.214173 0.288626 0.273436
BD_Bspro_t
 0.965403 0.765102 0.552443 0.451197 0.452948 0.551556 0.571675 0.378537 0.420302 0.351767 0.311558 0.566174 0.450668 0.36831 0.242417 0.271279 0.470391 0.419722 0.564698 0.453292 0.426616 0.481918 0.486393 0.465416 0.600828 0.610515 0.603105 0.621248
BD_Bspro
 1.88825 1.29529 0.627279 0.348669 0.393442 0.476744 0.704292 0.381254 0.322203 0.194819 0.121581 0.247722 0.273222 0.237434 0.136246 0.155334 0.601453 0.512951 1.22293 0.882553 0.959258 1.22 1.10194 0.856857 1.30267 1.07649 0.832443 0.787554
BD_Bo
 1.2578 0.862822 0.417843 0.232255 0.26208 0.317569 0.469143 0.253961 0.214626 0.129773 0.0809874 0.165012 0.181998 0.158159 0.0907562 0.103471 0.40064 0.341687 0.814618 0.587886 0.638981 0.812665 0.734027 0.570769 0.867737 0.717069 0.554507 0.524605
BD_Brms
 2.28691 1.56877 0.759715 0.422282 0.476509 0.577398 0.852987 0.461747 0.390229 0.235951 0.14725 0.300022 0.330906 0.287562 0.165011 0.188129 0.728437 0.621249 1.48112 1.06888 1.16178 1.47757 1.33459 1.03776 1.5777 1.30376 1.00819 0.953827
S_f
 0.746596 0.98245 0.999061 0.999951 0.999997
 0.746596 0.98245 0.999061 0.999951 0.999997
 0.746596 0.98245 0.999061 0.999951 0.999997
 0.746596 0.98245 0.999061 0.999951 0.999997
 0.746596 0.98245 0.999061 0.999951 0.999997
 0.746596 0.98245 0.999061 0.999951 0.999997
 0.746596 0.98245 0.999061 0.999951 0.999997
 0.746596 0.98245 0.999061 0.999951 0.999997
 0.746596 0.98245 0.999061 0.999951 0.999997
 0.746596 0.98245 0.999061 0.999951 0.999997
 0.746596 0.98245 0.999061 0.999951 0.999997
 0.746596 0.98245 0.999061 0.999951 0.999997
 0.746596 0.98245 0.999061 0.999951 0.999997
 0.746596 0.98245 0.999061 0.999951 0.999997
 0.746596 0.98245 0.999061 0.999951 0.999997
 0.746596 0.98245 0.999061 0.999951 0.999997
 0.746596 0.98245 0.999061 0.999951 0.999997
 0.746596 0.98245 0.999061 0.999951 0.999997
 0.746596 0.98245 0.999061 0.999951 0.999997
 0.746596 0.98245 0.999061 0.999951 0.999997
 0.746596 0.98245 0.999061 0.999951 0.999997
 0.746596 0.98245 0.999061 0.999951 0.999997
 0.746596 0.98245 0.999061 0.999951 0.999997
 0.746596 0.98245 0.999061 0.999951 0.999997
 0.746596 0.98245 0.999061 0.999951 0.999997
 0.746596 0.98245 0.999061 0.999951 0.999997
 0.746596 0.98245 0.999061 0.999951 0.999997
 0.746596 0.98245 0.999061 0.999951 0.999997
Scru_reclas
 1 1 1 1 1
 1 1 1 1 1
 1 1 1 1 1
 1 1 1 1 1
 1 1 1 1 1
 1 1 1 1 1
 1 1 1 1 1
 1 1 1 1 1
 1 1 1 1 1
 1 1 1 1 1
 1 1 1 1 1
 1 1 1 1 1
 1 1 1 1 1
 1 1 1 1 1
 1 1 1 1 1
 1 1 1 1 1
 1 1 1 1 1
 1 1 1 1 1
 1 1 1 1 1
 1 1 1 1 1
 1 1 1 1 1
 1 1 1 1 1
 1 1 1 1 1
 1 1 1 1 1
 1 1 1 1 1
 1 1 1 1 1
 1 1 1 1 1
 1 1 1 1 1
Scru_pelaces
 0.813399 0.956403 0.991024 0.998203 0.999643
 0.813399 0.956403 0.991024 0.998203 0.999643
 0.813399 0.956403 0.991024 0.998203 0.999643
 0.813399 0.956403 0.991024 0.998203 0.999643
 0.813399 0.956403 0.991024 0.998203 0.999643
 0.813399 0.956403 0.991024 0.998203 0.999643
 0.813399 0.956403 0.991024 0.998203 0.999643
 0.813399 0.956403 0.991024 0.998203 0.999643
 0.813399 0.956403 0.991024 0.998203 0.999643
 0.813399 0.956403 0.991024 0.998203 0.999643
 0.813399 0.956403 0.991024 0.998203 0.999643
 0.813399 0.956403 0.991024 0.998203 0.999643
 0.813399 0.956403 0.991024 0.998203 0.999643
 0.813399 0.956403 0.991024 0.998203 0.999643
 0.813399 0.956403 0.991024 0.998203 0.999643
 0.813399 0.956403 0.991024 0.998203 0.999643
 0.813399 0.956403 0.991024 0.998203 0.999643
 0.813399 0.956403 0.991024 0.998203 0.999643
 0.813399 0.956403 0.991024 0.998203 0.999643
 0.813399 0.956403 0.991024 0.998203 0.999643
 0.813399 0.956403 0.991024 0.998203 0.999643
 0.813399 0.956403 0.991024 0.998203 0.999643
 0.813399 0.956403 0.991024 0.998203 0.999643
 0.813399 0.956403 0.991024 0.998203 0.999643
 0.813399 0.956403 0.991024 0.998203 0.999643
 0.813399 0.956403 0.991024 0.998203 0.999643
 0.813399 0.956403 0.991024 0.998203 0.999643
 0.813399 0.956403 0.991024 0.998203 0.999643
pf_obs 
 0.8446 0.082 0.0669 0.0065 0
 0.8095 0.147 0.0364 0.0071 0
 0.9664 0.0169 0.016 0.0007 0
 0.9276 0.0648 0.0075 0.0001 0
 0.7033 0.2144 0.0806 0.0017 0
 0.9318 0.0425 0.0243 0.0014 0
 0.5671 0.3108 0.0964 0.0239 0.0018
 0.0768 0.2599 0.5324 0.112 0.0189
 0.490249 0.384438 0.106611 0.0170017 0.00170017
 0.7925 0.1577 0.0466 0.003 0.0002
 0.840416 0.127587 0.0312969 0.00059994 9.999e-005
 0.8084 0.0986 0.0794 0.0134 0.0002
 0.7335 0.1905 0.0724 0.0035 0.0001
 0.4001 0.4547 0.1325 0.0127 0
 0.49795 0.308269 0.164784 0.0264974 0.00249975
 0.9179 0.0499 0.0305 0.0017 0
 0.2467 0.6533 0.0926 0.0074 0
 0.9418 0.0223 0.034 0.0019 0
 0.707729 0.231977 0.0356964 0.0245975 0
 0.517169 0.277429 0.184464 0.0207286 0.00020938
 0.811772 0.124168 0.05621 0.00726502 0.000585176
 0.764997 0.148141 0.077277 0.00933861 0.000247198
 0.163321 0.427699 0.378323 0.0303852 0.000271297
 0.753843 0.0900009 0.118128 0.0371064 0.000921714
 0.721811 0.176058 0.0630433 0.0369309 0.00215725
 0.143369 0.312575 0.442814 0.0836902 0.0175525
 0.692698 0.0596174 0.167031 0.0765114 0.00414204
 0.394062 0.376323 0.152708 0.0712218 0.00568511
pf_pred 
 0.525458 0.139853 0.312906 0.021783 8.5833e-007
 0.44843 0.331041 0.0658335 0.144637 0.0100596
 0.59756 0.213216 0.114514 0.0223197 0.052391
 0.75734 0.163352 0.0424229 0.0223319 0.0145536
 0.674202 0.265787 0.0406927 0.0103392 0.00897891
 0.781516 0.160457 0.0474965 0.00714303 0.00338771
 0.459855 0.448507 0.0676487 0.0196401 0.00434997
 0.435692 0.312098 0.210274 0.0309685 0.0109682
 0.559901 0.223234 0.120878 0.0800384 0.0159478
 0.755244 0.157679 0.0446541 0.0236586 0.0187647
 0.842778 0.128756 0.0184996 0.00511421 0.00485232
 0.769168 0.202522 0.02326 0.00328317 0.00176707
 0.722558 0.229514 0.0421689 0.00473274 0.00102629
 0.638017 0.285215 0.0637521 0.0114535 0.00156233
 0.7566 0.177828 0.0519695 0.0112986 0.00230333
 0.949853 0.0411967 0.00658304 0.00187648 0.000490473
 0.384635 0.593434 0.0180899 0.00282617 0.00101492
 0.920829 0.036694 0.0409929 0.00122431 0.000259676
 0.618646 0.359116 0.0104178 0.0114074 0.000412515
 0.644143 0.247513 0.102157 0.00289983 0.00328627
 0.756159 0.174965 0.0482142 0.0194835 0.00117845
 0.745784 0.206009 0.0347867 0.00939735 0.00402291
 0.326708 0.541255 0.107428 0.0177633 0.00684506
 0.768235 0.092092 0.112703 0.0219474 0.00502228
 0.63917 0.295303 0.0263315 0.0316326 0.00756211
 0.411169 0.41506 0.142705 0.0124912 0.0185748
 0.71264 0.139085 0.105079 0.0354799 0.00771607
 0.667637 0.256523 0.0370704 0.0274833 0.0112864
pobs_RECLAS
 0 0 0 0 0
 0 0 0 0 0
 0 0 0 0 0
 0 0 0 0 0
 0 0 0 0 0
 0 0 0 0 0
 0 0 0 0 0
 0 0 0 0 0
 0 0 0 0 0
 0 0 0 0 0
 0.991045 0.00858322 0.000360255 1.14367e-005 0
 0.934742 0.0480273 0.0164251 0.00080598 0
 0.827803 0.169806 0.00239088 0 0
 0.941827 0.0461693 0.0120037 0 0
 0.791401 0.0380133 0.147996 0.0225897 0
 0.846168 0.0940531 0.0597789 0 0
 0.134021 0.677848 0.182769 0.00536245 0
 0.80878 0.0450904 0.141981 0.00414843 0
 0.846168 0.0940531 0.0597789 0 0
 0.905697 0.0802665 0.012482 0.00150086 5.37128e-005
 0.989698 0.0102097 9.19794e-005 0 0
 0.975433 0.0193895 0.00387452 0.00125025 5.28907e-005
 0.303575 0.632131 0.0575291 0.00676475 0
 0.966965 0.00978017 0.0227588 0.000495775 0
 0.843318 0.132988 0.00938335 0.0141283 0.000182051
 0.564624 0.303363 0.111486 0.0197234 0.00080311
 0.826376 0.0876187 0.0782897 0.00655872 0.00115652
 0.89761 0.0855135 0.0140674 0.00269457 0.000114338
ppred_RECLAS
 0.597146 0.12017 0.264301 0.0183826 7.24309e-007
 0.521259 0.289414 0.0565557 0.124138 0.00863344
 0.665575 0.178669 0.0942949 0.0183619 0.0430985
 0.807659 0.130255 0.0332254 0.0174735 0.0113869
 0.732865 0.218623 0.0329052 0.00835296 0.00725366
 0.826583 0.127949 0.0372227 0.00559279 0.00265236
 0.534917 0.3874 0.0573619 0.0166373 0.00368469
 0.506587 0.274975 0.182145 0.0268016 0.00949196
 0.631705 0.188498 0.10026 0.0663229 0.0132143
 0.807231 0.125026 0.0347561 0.0183963 0.0145902
 0.876575 0.101394 0.0143222 0.00395579 0.00375305
 0.817605 0.160384 0.0180877 0.00255062 0.00137273
 0.777645 0.184516 0.0332957 0.00373329 0.00080952
 0.70745 0.231467 0.0507352 0.00910546 0.00124197
 0.808509 0.140615 0.040331 0.00875955 0.00178563
 0.962217 0.0311405 0.0048868 0.00139163 0.000363724
 0.45428 0.526601 0.0157726 0.00246183 0.000884043
 0.939777 0.0281749 0.0309298 0.000922906 0.000195738
 0.684552 0.29737 0.00847359 0.00926963 0.000335193
 0.70824 0.204028 0.082727 0.00234607 0.00265858
 0.805467 0.140281 0.0379874 0.0153365 0.00092758
 0.796956 0.1651 0.0273887 0.00739187 0.00316423
 0.392267 0.490218 0.0956296 0.0157979 0.00608738
 0.815986 0.0738853 0.0888792 0.0172923 0.00395684
 0.701721 0.244894 0.0214643 0.0257619 0.00615837
 0.481343 0.367453 0.124193 0.010861 0.0161498
 0.768291 0.113164 0.0840326 0.0283475 0.00616464
 0.727611 0.211079 0.0299821 0.0222078 0.00911951
pobs_PELACES
 0 0 0 0 0
 0 0 0 0 0
 0 0 0 0 0
 0 0 0 0 0
 0 0 0 0 0
 0 0 0 0 0
 0 0 0 0 0
 0 0 0 0 0
 0 0 0 0 0
 0 0 0 0 0
 0 0 0 0 0
 0 0 0 0 0
 0 0 0 0 0
 0 0 0 0 0
 0 0 0 0 0
 0 0 0 0 0
 0.505614 0.472636 0.0217494 0 0
 0 0 0 0 0
 0.443492 0.261883 0.143347 0.151278 0
 0.227955 0.32914 0.350689 0.0885471 0.00366901
 0.970185 0.0296113 0.000203453 0 0
 0.997202 0.00247181 0.000326279 0 0
 0.445219 0.490057 0.0546422 0.010081 0
 0.90214 0.0892962 0.00764917 0.000914606 0
 0 0 0 0 0
 0.581667 0.319106 0.0959925 0.00289975 0.000334073
 0.762889 0.0836404 0.116647 0.0363945 0.000428098
 0.88444 0.0763242 0.0277011 0.0115352 0
ppred_PELACES
 0.555831 0.12928 0.294274 0.0206143 8.13407e-007
 0.484777 0.30672 0.0619702 0.136992 0.00954107
 0.631726 0.193395 0.105534 0.0206969 0.0486489
 0.786794 0.142698 0.0375989 0.0199135 0.0129955
 0.701659 0.2425 0.0377808 0.00965957 0.00840039
 0.804635 0.142803 0.0429714 0.0065027 0.00308831
 0.507609 0.407835 0.0623179 0.0182017 0.00403693
 0.464725 0.293529 0.201326 0.0298375 0.0105823
 0.599282 0.201507 0.110726 0.0737656 0.0147182
 0.788778 0.135298 0.0388091 0.0206857 0.0164293
 0.858723 0.115276 0.0168569 0.00468938 0.00445543
 0.799954 0.17519 0.020398 0.00289667 0.00156121
 0.755995 0.201328 0.0375211 0.0042368 0.000920017
 0.689311 0.244215 0.0551464 0.00996574 0.00136125
 0.791513 0.151763 0.0448997 0.00982012 0.00200468
 0.957633 0.0347077 0.0056244 0.00161299 0.000422183
 0.422432 0.556649 0.017235 0.00270924 0.000974284
 0.930739 0.0318234 0.0361219 0.00108552 0.000230556
 0.657788 0.321917 0.00947653 0.0104402 0.000378062
 0.679948 0.221559 0.0928333 0.00265136 0.00300885
 0.782147 0.155524 0.0435492 0.0177074 0.00107251
 0.775005 0.181739 0.0311569 0.00846857 0.00363033
 0.358263 0.514076 0.10374 0.0172603 0.00666046
 0.790189 0.0824562 0.102635 0.0201117 0.00460859
 0.669629 0.269345 0.0244275 0.0295286 0.00706895
 0.442622 0.390732 0.136681 0.0120389 0.017927
 0.738955 0.125136 0.096134 0.032662 0.0071131
 0.697031 0.232752 0.0342059 0.0255179 0.0104938
pobs_pel_tallas
 0 0 0 0 0 0 0 0 0 0 0 0 0 0 0 0 0 0 0 0 0 0 0 0 0 0
 0 0 0 0 0 0 0 0 0 0 0 0 0 0 0 0 0 0 0 0 0 0 0 0 0 0
 0 0 0 0 0 0 0 0 0 0 0 0 0 0 0 0 0 0 0 0 0 0 0 0 0 0
 0 0 0 0 0 0 0 0 0 0 0 0 0 0 0 0 0 0 0 0 0 0 0 0 0 0
 0 0 0 0 0 0 0 0 0 0 0 0 0 0 0 0 0 0 0 0 0 0 0 0 0 0
 0 0 0 0 0 0 0 0 0 0 0 0 0 0 0 0 0 0 0 0 0 0 0 0 0 0
 0 0 0 0 0 0 0 0 0 0 0 0 0 0 0 0 0 0 0 0 0 0 0 0 0 0
 0 0 0 0 0 0 0 0 0 0 0 0 0 0 0 0 0 0 0 0 0 0 0 0 0 0
 0 0 0 0 0 0 0 0 0 0 0 0 0 0 0 0 0 0 0 0 0 0 0 0 0 0
 0 0 0 0 0 0 0 0 0 0 0 0 0 0 0 0 0 0 0 0 0 0 0 0 0 0
 0 0 0 0 0 0 0 0 0 0 0 0 0 0 0 0 0 0 0 0 0 0 0 0 0 0
 0 0 0 0 0 0 0 0 0 0 0 0 0 0 0 0 0 0 0 0 0 0 0 0 0 0
 0.00862536 0 0 0.000197151 0.00414017 0.0128641 0.00837892 0.0270097 0.101434 0.158115 0.152841 0.127902 0.109271 0.109419 0.0830992 0.0579132 0.0238553 0.00714673 0.00463305 0.00128148 0.00103504 0.000492878 0.000147863 0.000147863 4.92878e-005 0
 0 0 0 0 0 0 0 0 0 0 0 0 0 0 0 0 0 0 0 0 0 0 0 0 0 0
 0 0 0 0 0 0 0 0.0054083 0.00873648 0.0413646 0.0450493 0.0745869 0.0622846 0.0627006 0.0613931 0.0827291 0.12552 0.122667 0.0946155 0.0697135 0.0546179 0.0294188 0.0215738 0.0213955 0.0102223 0.00600262
 0 0 0 0 0.00359764 0.0251062 0.0480494 0.140153 0.205849 0.193036 0.1447 0.116669 0.0760912 0.0342217 0.00950174 0.001854 0.000860785 0 0 0 0.000165536 0 0.000143464 0 0 0
 0 0 0 0 0 0 0 0.000145254 0.000435761 0.0275982 0.070085 0.0708112 0.156366 0.174668 0.174014 0.160142 0.0824315 0.0480064 0.0283245 0.00493863 0.00203355 0 0 0 0 0
 0 0 0 0 0 0 0 0 0 0 0 0 0 0 0 0 0 0 0 0 0 0 0 0 0 0
 0 0 1.00437e-005 0.000401748 0.00122533 0.00171747 0.00176769 0.0269171 0.070346 0.194647 0.189555 0.159765 0.064822 0.0314167 0.0384472 0.0292271 0.0345202 0.0313363 0.0194345 0.0106764 0.0143323 0.0359363 0.0279516 0.0138201 0.00172751 0
 0 0.0021121 0.0136068 0.0755702 0.200478 0.177729 0.0527432 0.0373336 0.0318909 0.0142505 0.0149659 0.0166563 0.0217959 0.0798694 0.0677717 0.0528807 0.04013 0.0224614 0.0357745 0.0225083 0.00881397 0.00855152 0.00135912 0.000746735 0 0
 0 0 0 0 5.4009e-005 0.00500934 0.000945158 0.0243581 0.138947 0.33067 0.221406 0.137944 0.0707744 0.0437923 0.0131692 0.00525238 0.0047753 0.00276346 9.45158e-005 9.00151e-006 2.25038e-005 9.00151e-006 4.50075e-006 0 0 0
 0.000866109 0.00284123 0.00948549 0.0512746 0.133035 0.25785 0.225252 0.132002 0.0553304 0.0519788 0.0540692 0.017754 0.00435017 0.00159236 0.00146478 0.000404838 0.000125132 0.000115318 0.000107957 0.000100596 0 0 0 0 0 0
 0 0 0 0 0.00144013 0.00171154 0.00461396 0.0210425 0.0478622 0.0707936 0.0888783 0.103762 0.0637923 0.0337046 0.0602308 0.124433 0.169614 0.0934646 0.0462172 0.0250306 0.0313229 0.00938855 0.002487 0.000210481 0 0
 0 0.00764035 0.051015 0.0998891 0.058973 0.0496711 0.0374665 0.0718981 0.12319 0.153886 0.159021 0.0857701 0.0377988 0.023471 0.0147837 0.00900784 0.00315554 0.000888139 0.00291439 0.00214683 0.00393193 0.00274676 0.000635225 9.99891e-005 0 0
 0 0 0 0 0 0 0 0 0 0 0 0 0 0 0 0 0 0 0 0 0 0 0 0 0 0
 0 0 0 0 0 0 0 0 0 0 0 0 0 0 0 0 0 0 0 0 0 0 0 0 0 0
 0 0 0 0 0 0 0 0 0 0 0 0 0 0 0 0 0 0 0 0 0 0 0 0 0 0
 0 0 0 0 0 0 0 0 0 0 0 0 0 0 0 0 0 0 0 0 0 0 0 0 0 0
ppred_pel_tallas
 1.10593e-016 4.57831e-005 0.000445028 0.00295737 0.0134438 0.0418286 0.0891207 0.130077 0.13009 0.0891839 0.042042 0.0140657 0.00453931 0.00396682 0.0069343 0.0119118 0.0183638 0.0256041 0.032869 0.0396571 0.0457577 0.0508758 0.0542635 0.0548412 0.0518157 0.0453
 1.1722e-016 3.99305e-005 0.000388139 0.00257932 0.0117252 0.0364817 0.0777292 0.113454 0.113484 0.0778741 0.0369683 0.0131319 0.00611459 0.0081208 0.0147725 0.024489 0.0356002 0.04551 0.0516571 0.0530133 0.0507423 0.0473683 0.0450904 0.044551 0.0448175 0.0442967
 1.13404e-016 5.20345e-005 0.000505793 0.00336118 0.0152794 0.0475401 0.10129 0.147839 0.147858 0.101382 0.0478487 0.0161727 0.00561014 0.00543786 0.00948588 0.0157772 0.0231449 0.0300087 0.034799 0.0368302 0.0366784 0.0356747 0.034933 0.0347008 0.0344347 0.0333554
 1.05318e-016 6.48072e-005 0.000629949 0.00418623 0.01903 0.0592095 0.126153 0.184126 0.18414 0.12622 0.0594359 0.0196844 0.00583049 0.00422544 0.00691148 0.0113724 0.0164941 0.0209989 0.023638 0.0238603 0.0221361 0.0196083 0.0173538 0.0158355 0.0148715 0.0139836
 1.03543e-016 5.77948e-005 0.000561786 0.00373327 0.0169709 0.0528029 0.112503 0.164206 0.16423 0.112617 0.0531865 0.018079 0.00651521 0.00663608 0.0115979 0.0190926 0.0275234 0.0346672 0.0382987 0.0373973 0.03275 0.0264035 0.0204226 0.0159219 0.012932 0.0108933
 1.02452e-016 6.62767e-005 0.000644234 0.00428116 0.0194615 0.0605521 0.129013 0.188301 0.188315 0.129081 0.0607787 0.0201164 0.00592674 0.00424232 0.00691659 0.0113737 0.0164804 0.0209385 0.0234643 0.0234557 0.0213242 0.0181674 0.0150625 0.012546 0.0105871 0.00890344
 1.04412e-016 4.18112e-005 0.000406419 0.0027008 0.0122775 0.0382 0.0813906 0.1188 0.118839 0.0815827 0.0388451 0.0141409 0.00737865 0.0106197 0.0194432 0.0320892 0.0462496 0.0582197 0.0642453 0.0625912 0.0545618 0.0435872 0.0331433 0.0251322 0.0196587 0.0158547
 1.10669e-016 3.82788e-005 0.000372084 0.00247263 0.0112402 0.0349727 0.074514 0.108761 0.10879 0.0746536 0.0354422 0.0125996 0.00589712 0.00788866 0.0144336 0.0241142 0.0354645 0.0461243 0.0536649 0.0569016 0.0564522 0.0540133 0.0510108 0.0477832 0.0438182 0.0385769
 1.13136e-016 4.93621e-005 0.000479818 0.00318856 0.0144947 0.0450986 0.096088 0.140247 0.140267 0.0961838 0.0454205 0.0154264 0.00553503 0.00562828 0.00990497 0.0165038 0.024264 0.0315755 0.0368408 0.0393745 0.0397709 0.0393506 0.0391372 0.0392072 0.0388313 0.0371318
 1.0601e-016 6.49707e-005 0.000631538 0.00419679 0.019078 0.0593589 0.126471 0.184591 0.184604 0.126535 0.0595736 0.0196989 0.0057573 0.004045 0.00656839 0.0108115 0.0157023 0.0200389 0.022652 0.0230324 0.0216317 0.0195255 0.0177091 0.0165802 0.015918 0.0152251
 1.01741e-016 7.07319e-005 0.000687539 0.00456894 0.0207697 0.0646224 0.137685 0.200958 0.200969 0.13774 0.0648047 0.0212964 0.00589102 0.00357402 0.00555384 0.0090729 0.0130711 0.0164558 0.0181657 0.0177169 0.0154873 0.0124563 0.00961238 0.00748991 0.00610255 0.0051776
 1.01189e-016 6.58912e-005 0.000640486 0.00425626 0.0193483 0.0601999 0.128263 0.187207 0.187224 0.128345 0.0604768 0.0201479 0.00626294 0.00501978 0.00837908 0.0137377 0.0197585 0.0247936 0.0272086 0.0262468 0.022475 0.0173979 0.0125634 0.00885338 0.0063679 0.00476058
 1.01715e-016 6.22703e-005 0.00060529 0.00402236 0.0182851 0.0568918 0.121215 0.17692 0.17694 0.12131 0.0572104 0.0192056 0.00633349 0.00565245 0.00965335 0.0158747 0.0228944 0.0288551 0.0319003 0.0311613 0.0272557 0.0218406 0.0165992 0.0124606 0.00950153 0.00734982
 1.02884e-016 5.67777e-005 0.000551899 0.00366757 0.0166722 0.0518737 0.110523 0.161317 0.16134 0.110638 0.0522605 0.01779 0.00647492 0.00668548 0.0117205 0.0193252 0.0279231 0.0353 0.0392287 0.0386669 0.0343498 0.0282395 0.0223023 0.0175813 0.0141061 0.0114048
 1.02659e-016 6.51959e-005 0.000633727 0.00421134 0.0191442 0.0595647 0.126909 0.185231 0.185246 0.126981 0.0598054 0.0198401 0.0059601 0.00445739 0.00734498 0.0120865 0.0175143 0.022254 0.0249438 0.0249472 0.0227047 0.0193847 0.0161294 0.0135015 0.0114567 0.00968326
 1.00405e-016 7.88789e-005 0.000766731 0.0050952 0.023162 0.0720657 0.153544 0.224102 0.224106 0.15356 0.0721206 0.0233207 0.00549342 0.00163627 0.00173092 0.00273839 0.00394101 0.00496407 0.00548422 0.00535392 0.00468371 0.00376403 0.0028884 0.00221623 0.0017546 0.00142902
 1.01077e-016 3.47953e-005 0.000338223 0.00224761 0.0102173 0.0317902 0.0677345 0.0988717 0.0989252 0.0679961 0.0326684 0.0127524 0.0086059 0.0142019 0.026316 0.0433232 0.0621059 0.0774688 0.0841408 0.0796915 0.0660131 0.0481187 0.0312569 0.0185562 0.0105345 0.00609006
 1.01199e-016 7.66637e-005 0.000745199 0.00495211 0.0225116 0.0700418 0.149232 0.217809 0.217812 0.149247 0.0700932 0.0226605 0.00532822 0.00157395 0.00167306 0.00270285 0.00402116 0.00533615 0.00639556 0.00706517 0.00737253 0.00742783 0.00729687 0.00694743 0.00630848 0.00537088
 1.01467e-016 5.41812e-005 0.000526661 0.00349985 0.0159098 0.0495015 0.105469 0.153942 0.153973 0.105621 0.0500094 0.017376 0.00717756 0.0085462 0.0152586 0.0250716 0.0359526 0.0448803 0.04882 0.0463843 0.0386827 0.0286171 0.0192034 0.0122053 0.00785804 0.00545965
 1.03511e-016 5.60064e-005 0.000544403 0.00361775 0.0164458 0.051169 0.109022 0.159125 0.159146 0.109127 0.0515213 0.0174645 0.0061794 0.00615113 0.0107468 0.0177883 0.0258741 0.0330627 0.037387 0.0378953 0.0351477 0.0307118 0.0261053 0.022054 0.0185089 0.015149
 1.03254e-016 6.44245e-005 0.000626229 0.00416151 0.0189176 0.0588599 0.125408 0.183039 0.183054 0.125481 0.0591066 0.0196307 0.00595339 0.00454415 0.0075237 0.0123849 0.0179496 0.0228157 0.025597 0.0256548 0.0234565 0.0202104 0.017084 0.0146291 0.0127555 0.0110917
 1.0241e-016 6.38362e-005 0.00062051 0.00412351 0.0187449 0.0583224 0.124263 0.181369 0.181386 0.124348 0.05861 0.0195757 0.00620939 0.00517562 0.00871962 0.0143269 0.0206623 0.0260472 0.0288146 0.0281964 0.024771 0.0200533 0.0155689 0.0121379 0.00978362 0.0081064
 1.05984e-016 2.95097e-005 0.000286845 0.00190619 0.00866529 0.0269612 0.0574455 0.0838538 0.0839034 0.0576879 0.0277751 0.0110168 0.00781116 0.0131851 0.0245479 0.040594 0.0586087 0.0739803 0.0820071 0.0804954 0.0710248 0.0577946 0.0450345 0.0350213 0.0278536 0.0225097
 1.0578e-016 6.50868e-005 0.000632667 0.0042043 0.0191121 0.0594649 0.126697 0.184919 0.184927 0.126736 0.0595984 0.0194995 0.00518387 0.00279483 0.00424112 0.00709079 0.0106348 0.0142671 0.0173944 0.0197157 0.0213194 0.0224542 0.0231866 0.0232724 0.0223475 0.0202411
 1.04932e-016 5.51565e-005 0.000536141 0.00356285 0.0161962 0.0503926 0.107368 0.156712 0.156738 0.107494 0.0508182 0.0174255 0.00664814 0.00726993 0.0128401 0.021132 0.0304218 0.0382385 0.0421163 0.040955 0.0356952 0.0286955 0.0223171 0.0178038 0.0151086 0.0134602
 1.08286e-016 3.64583e-005 0.000354387 0.00235503 0.0107056 0.0333094 0.0709707 0.103592 0.10363 0.0711554 0.03393 0.0124996 0.00686439 0.0102188 0.0188307 0.0312295 0.045348 0.0577863 0.0650744 0.0655761 0.0603864 0.0524297 0.0445414 0.0380802 0.0328938 0.0282023
 1.07286e-016 6.08667e-005 0.000591646 0.0039317 0.0178729 0.0556094 0.118482 0.172931 0.172943 0.118542 0.0558101 0.0184542 0.00539728 0.00381271 0.00624226 0.0103918 0.0153605 0.0201542 0.0237915 0.0258161 0.0265062 0.0265395 0.0264048 0.0260682 0.0251169 0.0231694
 1.05382e-016 5.74135e-005 0.00055808 0.00370864 0.0168589 0.0524546 0.111761 0.163123 0.163145 0.11187 0.0528228 0.0179228 0.00637966 0.00639112 0.0111423 0.0183489 0.0264761 0.033409 0.0370429 0.0364379 0.032387 0.0268705 0.0218421 0.0182868 0.0161008 0.0146023
pSPR Fmed_Fpbrs
0.505837   0.6 0.325
Fs Fmed_Fpbrs
0.396321   0.287767 0.707314
SSBpbr Bo_Bmed_Bpbrs
1.46129e+006  666109  803707 401853
Ro
137278
SPR SPRFo_SPRFmed_SPRFpbrs
973391 492378 316352
PropYTP
 0.8 0.2
Npproy
 267682 79436.1 22026.3 6078.38 2139.62
Recl_proy
267682
Nap
 267682 58593.4 16458.5 2332.5 2210.94
 267682 79436.1 16246.9 4541.91 821.048
 267682 79436.1 22026.3 4483.51 1598.77
 267682 79436.1 22026.3 6078.38 1578.22
 267682 79436.1 22026.3 6078.38 2139.62
matFpbr
 0.287767 0.287767 0.287767 0.287767 0.287767
 0.287767 0.287767 0.287767 0.287767 0.287767
Capturas_proy
 452253 493614 512607 518805 521485
 452253 493614 512607 518805 521485
BD_proy
 808821 975772 1.08263e+006 1.11803e+006 1.13385e+006
 808821 975772 1.08263e+006 1.11803e+006 1.13385e+006
RPR_proy
 0.955441 0.955492 0.955447 0.955433 0.955427
log_Ro
11.6498
likeval ReclasPelacesDesembMPH_pf_preclas_ppelaces_ptallas_desvR_qrecl_qpela
 12.7479 15.8198 0.060574 0.000835173 303.6 74.2924 53.4798 0 22.5141 5.22274e-006 2.25517e-005 0.320822 6.66848e-016 0 0
q_reclas_q_pelaces
1.38243 1.96525
M
1
N
 176263 36407.1 80220.4 5580.03 0.219864
 94448.2 54988.6 10781.5 23669.3 1646.15
 91503.6 25727.8 13622.5 2653.15 6227.48
 145525 25108.1 6435.09 3385.13 2206
 114464 34919.9 5264.14 1336.41 1160.54
 227206 36539.4 10658.6 1601.71 759.61
 82975.6 65628 9777.97 2836.95 628.316
 31688.8 17474.1 11587.8 1705.18 603.902
 33148.9 10549.9 5636.89 3729.77 743.136
 47817.3 8109.37 2268.78 1201.27 952.748
 83950.4 9904.86 1401.04 386.996 367.163
 128395 27244.3 3089.58 435.803 234.55
 112833 28727.9 5209.71 584.295 126.699
 71666.7 26565.1 5874.21 1054.74 143.868
 62393.5 11964 3455.17 750.71 153.035
 355101 12372.9 1951.77 555.967 145.313
 67090.1 81854.7 2460.54 384.123 137.94
 568483 17850.1 19659.4 586.713 124.436
 336695 156050 4467 4887.84 176.748
 269026 82188.1 33462.8 949.187 1075.64
 374726 68238.3 18536.7 7485.04 452.711
 473706 103951 17314.7 4674.04 2000.83
 93421.2 121029 23669.7 3910.73 1506.93
 293140 27362.9 32986.4 6418.53 1468.71
 247273 88948.3 7812.7 9378.05 2241.83
 95926.2 75102.4 25428.6 2223.99 3307
 197348 30074.5 22386.1 7552.68 1642.47
 195345 58526.6 8332.12 6172.37 2534.66
pred_Ctot
 17162.9 4567.99 10220.4 711.495 0.0280355
 15878 11721.5 2331.03 5121.3 356.19
 15053 5371.09 2884.69 562.253 1319.77
 33111.9 7141.97 1854.79 976.382 636.304
 9681.7 3816.76 584.357 148.473 128.939
 31467.8 6460.82 1912.45 287.615 136.407
 23454.9 22876.1 3450.42 1001.74 221.87
 1918.98 1374.62 926.143 136.4 48.3091
 7255.65 2892.85 1566.44 1037.2 206.664
 13831.3 2887.67 817.78 433.275 343.649
 6317.79 965.208 138.68 38.3381 36.3749
 33099.8 8715.17 1000.96 141.285 76.0429
 26620.8 8455.85 1553.61 174.366 37.811
 26351.5 11780 2633.11 473.057 64.5276
 19104.6 4490.28 1312.26 285.297 58.1606
 87042.2 3775.16 603.254 171.956 44.9457
 12050.5 18592 566.749 88.5427 31.7972
 93408.6 3722.23 4158.31 124.194 26.3415
 74026.9 42971.7 1246.59 1365 49.3614
 54420 20911 8630.69 244.99 277.639
 59607.5 13792.3 3800.69 1535.87 92.8963
 94221.9 26027 4394.93 1187.26 508.252
 12261.9 20314.2 4031.96 666.686 256.906
 32975.4 3952.91 4837.61 942.062 215.574
 27688.8 12792.5 1140.68 1370.32 327.589
 9078.12 9164.02 3150.76 275.791 410.109
 24610.9 4803.28 3628.89 1225.29 266.473
 23184.4 8908.02 1287.31 954.385 391.931
F
 0.164852 0.216929 0.220597 0.220793 0.220804
 0.300478 0.395401 0.402086 0.402444 0.402463
 0.293188 0.385808 0.392331 0.392681 0.392699
 0.42729 0.562272 0.571779 0.572288 0.572315
 0.141871 0.186689 0.189845 0.190014 0.190023
 0.241855 0.318258 0.323639 0.323928 0.323943
 0.557829 0.73405 0.746461 0.747125 0.747161
 0.0998437 0.131385 0.133606 0.133725 0.133731
 0.40799 0.536876 0.545953 0.546439 0.546465
 0.574362 0.755805 0.768584 0.769269 0.769305
 0.125382 0.164991 0.16778 0.16793 0.167938
 0.49724 0.65432 0.665383 0.665976 0.666007
 0.446308 0.587299 0.597228 0.59776 0.597788
 0.790124 1.03973 1.05731 1.05825 1.0583
 0.617953 0.813168 0.826916 0.827653 0.827692
 0.467456 0.615128 0.625528 0.626086 0.626115
 0.324029 0.426391 0.4336 0.433987 0.434007
 0.292795 0.38529 0.391804 0.392153 0.392172
 0.410167 0.539741 0.548866 0.549355 0.549381
 0.371803 0.489257 0.49753 0.497973 0.497996
 0.282276 0.371448 0.377728 0.378064 0.378082
 0.364557 0.479723 0.487834 0.488268 0.488291
 0.227932 0.299936 0.305007 0.305279 0.305293
 0.192595 0.253436 0.257722 0.257951 0.257963
 0.191641 0.252182 0.256446 0.256674 0.256686
 0.159901 0.210414 0.213972 0.214162 0.214172
 0.215487 0.283561 0.288355 0.288612 0.288626
 0.204146 0.268637 0.273179 0.273422 0.273435
nmprior
 12 7 6 0
nm_flota  nm_reclas  nm_pelaces    nm_pelaL
inf 11.2487 13.7791 13.7791
cv_recla  cv_pelaces  cv_mph
0.347519 0.508792 0.891854
 ------------------------------------------------
Talla a la edad & desviación 
 8 13.2811 15.8009 17.003 17.5766
 0.8 1.32811 1.58009 1.7003 1.75766
