years
 1991 1992 1993 1994 1995 1996 1997 1998 1999 2000 2001 2002 2003 2004 2005 2006 2007 2008 2009 2010 2011 2012 2013 2014 2015 2016 2017 2018 2019
reclasobs
 0 0 0 0 0 0 0 0 0 252601 567819 844713 477998 351125 339783 2.1784e+006 2.13404e+006 4.81314e+006 1.55562e+006 2.62356e+006 3.21686e+006 3.843e+006 1.13348e+006 3.07943e+006 1.97215e+006 2.03268e+006 2.025e+006 2.42433e+006 2.27542e+006
reclaspred
 3.24203e+006 1.79453e+006 910978 949430 957456 1.72584e+006 994618 808465 561755 384296 505185 700773 720803 515684 464241 1.34264e+006 1.16752e+006 3.03693e+006 2.48484e+006 1.85118e+006 3.31485e+006 2.60881e+006 1.93409e+006 3.17036e+006 2.36976e+006 2.03709e+006 2.3006e+006 2.14316e+006 1.87905e+006
pelacesobs
 0 0 0 0 0 0 0 0 0 0 0 0 0 0 0 552880 188675 0 991730 2.46772e+006 1.41603e+006 1.21717e+006 2.29649e+006 1.80582e+006 0 1.4828e+006 1.56532e+006 1.57751e+006 0
pelacespred
 1.88469e+006 1.14443e+006 568561 462441 512329 927303 503395 521232 334866 207388 285636 329477 379351 272439 247702 596909 569132 1.62981e+006 1.40521e+006 969402 1.70847e+006 1.43998e+006 1.12226e+006 1.92723e+006 1.43608e+006 1.24478e+006 1.53788e+006 1.41736e+006 1.26498e+006
mphobs
 0 0 0 0 0 0 0 0 0 0 0 498337 0 5186 125008 0 168611 109162 213762 579715 649985 157893 87575 83554 0 0 0 0 0
mphpred
 480992 328729 160279 88730.2 99080 118076 171952 94337.2 79457.2 48421.3 30329.5 60273.3 66393.4 57752.6 33458.2 38191 147132 126516 297034 216024 234809 298613 269697 210349 317555 262262 207411 207884 228220
desembarqueobs
 494567 514787 250237 358949 120608 361735 552515 73892 212993 205616 52469 317467 293654 387597 252695 516296 358380 742168 942051 627588 828172 859565 418607 520667 417249 300574 407403 355545 280006
desembarquepred
 494576 513460 250846 358995 120616 361747 552542 73898.5 213058 205671 52472.3 317523 293678 387553 252666 516235 358425 742053 941794 627392 828234 859499 418598 520679 417224 300565 407385 355528 280012
Reclutas
 179001 96797.2 93316 149794 117203 230603 84749.6 32443.1 33778.7 48673.4 85527.6 129842 113923 72373.8 63327.3 362759 68693 578136 343499 273250 383231 483338 95575.8 299948 252630 102976 220623 208568 130519
log_desv_Rt
 0.242042 -0.372733 -0.409359 0.0639134 -0.181442 0.495347 -0.50565 -1.46586 -1.42552 -1.06022 -0.496512 -0.0790341 -0.20983 -0.663506 -0.797035 0.948387 -0.715703 1.41446 0.893834 0.665037 1.00329 1.23537 -0.385431 0.758258 0.586575 -0.310854 0.451105 0.394915 -0.0738355
SSB
 1.99107e+006 1.36078e+006 663476 367300 410143 488777 711797 390511 328914 200441 125549 249502 274837 239068 138501 158092 609053 523715 1.22958e+006 894233 971994 1.23611e+006 1.11641e+006 870742 1.31452e+006 1.08564e+006 858582 860539 944720
BT
 2.84364e+006 1.97524e+006 974302 933435 788100 1.61701e+006 1.15554e+006 769343 662358 482953 450449 726426 797562 785429 608413 1.29202e+006 1.04458e+006 3.02252e+006 2.83886e+006 1.86939e+006 3.08549e+006 2.76987e+006 1.85958e+006 3.22213e+006 2.31115e+006 1.93356e+006 2.57225e+006 2.34282e+006 2.00748e+006
Ftot
 0.204521 0.372641 0.363227 0.531556 0.17823 0.308365 0.71349 0.127043 0.518007 0.725288 0.159292 0.639043 0.574881 1.01449 0.787116 0.592468 0.413817 0.373232 0.526077 0.475472 0.359899 0.46538 0.291886 0.245165 0.245778 0.202919 0.259091 0.244304 0.209521
BD_Bspro_t
 0.967898 0.778734 0.573734 0.47284 0.471563 0.565815 0.581929 0.390729 0.432179 0.364635 0.324277 0.574975 0.458946 0.37639 0.250446 0.280177 0.480181 0.431185 0.572779 0.463106 0.436358 0.491838 0.496133 0.475941 0.609332 0.618858 0.617258 0.647156 0.671786
BD_Bspro
 1.99991 1.36682 0.666419 0.368929 0.411963 0.490945 0.714954 0.392243 0.330373 0.20133 0.126106 0.250609 0.276056 0.240128 0.139115 0.158793 0.611755 0.526038 1.23503 0.8982 0.976306 1.2416 1.12137 0.874605 1.32035 1.09045 0.862391 0.864357 0.948911
BD_Bo
 1.33271 0.910824 0.444091 0.245849 0.274525 0.327158 0.476434 0.261384 0.220156 0.134163 0.0840352 0.167002 0.183959 0.160018 0.0927041 0.105817 0.407664 0.350544 0.823004 0.598546 0.650595 0.827379 0.747261 0.582823 0.879862 0.726662 0.574683 0.575994 0.632339
BD_Brms
 2.4231 1.65604 0.807438 0.446998 0.499137 0.594833 0.866244 0.475244 0.400283 0.243933 0.152791 0.30364 0.334471 0.290941 0.168553 0.192395 0.741207 0.637352 1.49637 1.08827 1.1829 1.50433 1.35866 1.05968 1.59975 1.3212 1.04488 1.04726 1.14971
S_f
 0.769189 0.984452 0.999169 0.999956 0.999998
 0.769189 0.984452 0.999169 0.999956 0.999998
 0.769189 0.984452 0.999169 0.999956 0.999998
 0.769189 0.984452 0.999169 0.999956 0.999998
 0.769189 0.984452 0.999169 0.999956 0.999998
 0.769189 0.984452 0.999169 0.999956 0.999998
 0.769189 0.984452 0.999169 0.999956 0.999998
 0.769189 0.984452 0.999169 0.999956 0.999998
 0.769189 0.984452 0.999169 0.999956 0.999998
 0.769189 0.984452 0.999169 0.999956 0.999998
 0.769189 0.984452 0.999169 0.999956 0.999998
 0.769189 0.984452 0.999169 0.999956 0.999998
 0.769189 0.984452 0.999169 0.999956 0.999998
 0.769189 0.984452 0.999169 0.999956 0.999998
 0.769189 0.984452 0.999169 0.999956 0.999998
 0.769189 0.984452 0.999169 0.999956 0.999998
 0.769189 0.984452 0.999169 0.999956 0.999998
 0.769189 0.984452 0.999169 0.999956 0.999998
 0.769189 0.984452 0.999169 0.999956 0.999998
 0.769189 0.984452 0.999169 0.999956 0.999998
 0.769189 0.984452 0.999169 0.999956 0.999998
 0.769189 0.984452 0.999169 0.999956 0.999998
 0.769189 0.984452 0.999169 0.999956 0.999998
 0.769189 0.984452 0.999169 0.999956 0.999998
 0.769189 0.984452 0.999169 0.999956 0.999998
 0.769189 0.984452 0.999169 0.999956 0.999998
 0.769189 0.984452 0.999169 0.999956 0.999998
 0.769189 0.984452 0.999169 0.999956 0.999998
 0.769189 0.984452 0.999169 0.999956 0.999998
Scru_reclas
 1 1 1 1 1
 1 1 1 1 1
 1 1 1 1 1
 1 1 1 1 1
 1 1 1 1 1
 1 1 1 1 1
 1 1 1 1 1
 1 1 1 1 1
 1 1 1 1 1
 1 1 1 1 1
 1 1 1 1 1
 1 1 1 1 1
 1 1 1 1 1
 1 1 1 1 1
 1 1 1 1 1
 1 1 1 1 1
 1 1 1 1 1
 1 1 1 1 1
 1 1 1 1 1
 1 1 1 1 1
 1 1 1 1 1
 1 1 1 1 1
 1 1 1 1 1
 1 1 1 1 1
 1 1 1 1 1
 1 1 1 1 1
 1 1 1 1 1
 1 1 1 1 1
 1 1 1 1 1
Scru_pelaces
 0.824229 0.959348 0.99165 0.99833 0.999668
 0.824229 0.959348 0.99165 0.99833 0.999668
 0.824229 0.959348 0.99165 0.99833 0.999668
 0.824229 0.959348 0.99165 0.99833 0.999668
 0.824229 0.959348 0.99165 0.99833 0.999668
 0.824229 0.959348 0.99165 0.99833 0.999668
 0.824229 0.959348 0.99165 0.99833 0.999668
 0.824229 0.959348 0.99165 0.99833 0.999668
 0.824229 0.959348 0.99165 0.99833 0.999668
 0.824229 0.959348 0.99165 0.99833 0.999668
 0.824229 0.959348 0.99165 0.99833 0.999668
 0.824229 0.959348 0.99165 0.99833 0.999668
 0.824229 0.959348 0.99165 0.99833 0.999668
 0.824229 0.959348 0.99165 0.99833 0.999668
 0.824229 0.959348 0.99165 0.99833 0.999668
 0.824229 0.959348 0.99165 0.99833 0.999668
 0.824229 0.959348 0.99165 0.99833 0.999668
 0.824229 0.959348 0.99165 0.99833 0.999668
 0.824229 0.959348 0.99165 0.99833 0.999668
 0.824229 0.959348 0.99165 0.99833 0.999668
 0.824229 0.959348 0.99165 0.99833 0.999668
 0.824229 0.959348 0.99165 0.99833 0.999668
 0.824229 0.959348 0.99165 0.99833 0.999668
 0.824229 0.959348 0.99165 0.99833 0.999668
 0.824229 0.959348 0.99165 0.99833 0.999668
 0.824229 0.959348 0.99165 0.99833 0.999668
 0.824229 0.959348 0.99165 0.99833 0.999668
 0.824229 0.959348 0.99165 0.99833 0.999668
 0.824229 0.959348 0.99165 0.99833 0.999668
pf_obs 
 0.8446 0.082 0.0669 0.0065 0
 0.8095 0.147 0.0364 0.0071 0
 0.9664 0.0169 0.016 0.0007 0
 0.9276 0.0648 0.0075 0.0001 0
 0.7033 0.2144 0.0806 0.0017 0
 0.9318 0.0425 0.0243 0.0014 0
 0.5671 0.3108 0.0964 0.0239 0.0018
 0.0768 0.2599 0.5324 0.112 0.0189
 0.490249 0.384438 0.106611 0.0170017 0.00170017
 0.7925 0.1577 0.0466 0.003 0.0002
 0.840416 0.127587 0.0312969 0.00059994 9.999e-005
 0.8084 0.0986 0.0794 0.0134 0.0002
 0.7335 0.1905 0.0724 0.0035 0.0001
 0.4001 0.4547 0.1325 0.0127 0
 0.49795 0.308269 0.164784 0.0264974 0.00249975
 0.9179 0.0499 0.0305 0.0017 0
 0.2467 0.6533 0.0926 0.0074 0
 0.9418 0.0223 0.034 0.0019 0
 0.707729 0.231977 0.0356964 0.0245975 0
 0.517169 0.277429 0.184464 0.0207286 0.00020938
 0.811772 0.124168 0.05621 0.00726502 0.000585176
 0.764997 0.148141 0.077277 0.00933861 0.000247198
 0.163321 0.427699 0.378323 0.0303852 0.000271297
 0.753843 0.0900009 0.118128 0.0371064 0.000921714
 0.721811 0.176058 0.0630433 0.0369309 0.00215725
 0.143369 0.312575 0.442814 0.0836902 0.0175525
 0.692698 0.0596174 0.167031 0.0765114 0.00414204
 0.394062 0.376323 0.152708 0.0712218 0.00568511
 0.604463 0.17899 0.156841 0.0551415 0.00456372
pf_pred 
 0.517958 0.137609 0.322314 0.0221183 8.30742e-007
 0.447997 0.322953 0.066138 0.152458 0.0104537
 0.594054 0.211235 0.114775 0.0230968 0.056839
 0.757114 0.160756 0.0431025 0.0230142 0.016013
 0.672841 0.264855 0.0415074 0.0109199 0.00987719
 0.78159 0.158833 0.0483771 0.00746337 0.00373628
 0.463754 0.442773 0.0682932 0.0204499 0.00472995
 0.437674 0.307488 0.211184 0.0319035 0.0117498
 0.560826 0.22039 0.120471 0.0814829 0.0168292
 0.754429 0.156224 0.0452715 0.024281 0.0197946
 0.842936 0.127497 0.0189557 0.00537951 0.00523143
 0.770375 0.200746 0.0235123 0.0034415 0.00192482
 0.724247 0.226833 0.0428763 0.0049217 0.00112207
 0.639635 0.282149 0.0645637 0.0119668 0.00168505
 0.75711 0.175482 0.0530545 0.0118515 0.00250275
 0.950182 0.0406228 0.00668374 0.00197745 0.000534392
 0.387493 0.589983 0.0184337 0.00297393 0.00111646
 0.920718 0.0363031 0.0414254 0.00127135 0.000281836
 0.622638 0.354587 0.0105282 0.0118046 0.000442178
 0.645537 0.245059 0.102921 0.00299833 0.00348422
 0.758988 0.171448 0.0483682 0.0199417 0.00125477
 0.747822 0.203629 0.0347115 0.00962354 0.00421344
 0.330076 0.535873 0.10863 0.0181804 0.00724005
 0.770217 0.090382 0.111882 0.0223041 0.00521466
 0.6427 0.291287 0.0262253 0.031939 0.00784892
 0.42755 0.401638 0.139684 0.0123729 0.0187553
 0.728408 0.133921 0.097054 0.0332211 0.00739674
 0.661085 0.264127 0.0371893 0.0265125 0.0110859
 0.53988 0.33054 0.101356 0.0140406 0.0141826
pobs_RECLAS
 0 0 0 0 0
 0 0 0 0 0
 0 0 0 0 0
 0 0 0 0 0
 0 0 0 0 0
 0 0 0 0 0
 0 0 0 0 0
 0 0 0 0 0
 0 0 0 0 0
 0 0 0 0 0
 0.991045 0.00858322 0.000360255 1.14367e-005 0
 0.934742 0.0480273 0.0164251 0.00080598 0
 0.827803 0.169806 0.00239088 0 0
 0.941827 0.0461693 0.0120037 0 0
 0.791401 0.0380133 0.147996 0.0225897 0
 0.846168 0.0940531 0.0597789 0 0
 0.134021 0.677848 0.182769 0.00536245 0
 0.80878 0.0450904 0.141981 0.00414843 0
 0.846168 0.0940531 0.0597789 0 0
 0.905697 0.0802665 0.012482 0.00150086 5.37128e-005
 0.989698 0.0102097 9.19794e-005 0 0
 0.975433 0.0193895 0.00387452 0.00125025 5.28907e-005
 0.303575 0.632131 0.0575291 0.00676475 0
 0.966965 0.00978017 0.0227588 0.000495775 0
 0.843318 0.132988 0.00938335 0.0141283 0.000182051
 0.564624 0.303363 0.111486 0.0197234 0.00080311
 0.826376 0.0876187 0.0782897 0.00655872 0.00115652
 0.89761 0.0855135 0.0140674 0.00269457 0.000114338
 0.34875 0.467042 0.161289 0.0227151 0.000203297
ppred_RECLAS
 0.582651 0.120438 0.277858 0.0190523 7.15554e-007
 0.513303 0.286637 0.0578011 0.133131 0.0091281
 0.655519 0.180608 0.0966309 0.0194297 0.0478126
 0.8026 0.131365 0.03467 0.0184962 0.0128688
 0.725983 0.222479 0.0343442 0.00902813 0.00816573
 0.822408 0.129692 0.0389009 0.00599657 0.00300185
 0.531037 0.388326 0.0589289 0.0176306 0.00407768
 0.501365 0.274532 0.18574 0.0280373 0.0103255
 0.625353 0.189521 0.101977 0.068916 0.014233
 0.80148 0.127059 0.0362246 0.0194119 0.0158245
 0.873586 0.102912 0.0150718 0.00427385 0.00415604
 0.814029 0.162912 0.0187769 0.00274604 0.00153578
 0.773845 0.186559 0.0347074 0.00398064 0.000907485
 0.701984 0.234207 0.0526802 0.00975533 0.00137358
 0.80393 0.142308 0.0423218 0.00944573 0.00199462
 0.961341 0.0316171 0.00511971 0.00151344 0.000408977
 0.449986 0.530091 0.0163072 0.00262868 0.00098681
 0.937958 0.0286476 0.0321886 0.000987061 0.000218805
 0.681745 0.299338 0.00874859 0.009801 0.000367112
 0.703236 0.206161 0.0852387 0.00248114 0.00288309
 0.803236 0.140602 0.0390592 0.0160906 0.00101241
 0.793836 0.166981 0.0280224 0.00776259 0.00339851
 0.388978 0.490261 0.0978761 0.0163673 0.00651773
 0.813178 0.0741699 0.0904279 0.0180126 0.00421114
 0.698878 0.246196 0.0218312 0.026566 0.00652827
 0.490906 0.35881 0.122915 0.0108788 0.0164898
 0.776725 0.110959 0.079198 0.0270872 0.00603076
 0.715755 0.222281 0.0308252 0.0219577 0.009181
 0.602346 0.286895 0.0866507 0.0119938 0.0121146
pobs_PELACES
 0 0 0 0 0
 0 0 0 0 0
 0 0 0 0 0
 0 0 0 0 0
 0 0 0 0 0
 0 0 0 0 0
 0 0 0 0 0
 0 0 0 0 0
 0 0 0 0 0
 0 0 0 0 0
 0 0 0 0 0
 0 0 0 0 0
 0 0 0 0 0
 0 0 0 0 0
 0 0 0 0 0
 0 0 0 0 0
 0.505614 0.472636 0.0217494 0 0
 0 0 0 0 0
 0.443492 0.261883 0.143347 0.151278 0
 0.227955 0.32914 0.350689 0.0885471 0.00366901
 0.970185 0.0296113 0.000203453 0 0
 0.997202 0.00247181 0.000326279 0 0
 0.445219 0.490057 0.0546422 0.010081 0
 0.90214 0.0892962 0.00764917 0.000914606 0
 0 0 0 0 0
 0.581667 0.319106 0.0959925 0.00289975 0.000334073
 0.762889 0.0836404 0.116647 0.0363945 0.000428098
 0.88444 0.0763242 0.0277011 0.0115352 0
 0 0 0 0 0
ppred_PELACES
 0.543173 0.128799 0.306847 0.0211806 7.96552e-007
 0.478239 0.302717 0.0629848 0.146033 0.0100261
 0.622657 0.194591 0.107428 0.0217442 0.0535795
 0.781956 0.143447 0.0390326 0.020961 0.0146032
 0.696053 0.245152 0.0390846 0.010343 0.0093675
 0.801207 0.143875 0.0445415 0.00691174 0.0034646
 0.504426 0.408117 0.0637962 0.0192118 0.0044493
 0.461921 0.291753 0.203912 0.0309867 0.0114269
 0.594006 0.201962 0.112048 0.0762219 0.0157629
 0.783001 0.137223 0.0402976 0.0217359 0.0177425
 0.856431 0.116109 0.0175636 0.00501377 0.00488208
 0.796743 0.177356 0.0210645 0.00310081 0.00173651
 0.75281 0.202787 0.038888 0.00448949 0.00102485
 0.683665 0.247028 0.0571527 0.010652 0.00150183
 0.786948 0.153321 0.0469526 0.0105477 0.00223027
 0.956806 0.0351171 0.00586105 0.00174399 0.000471906
 0.419622 0.55869 0.01773 0.00287698 0.00108146
 0.929136 0.032166 0.0372913 0.00115112 0.000255515
 0.655952 0.322931 0.00973105 0.0109736 0.00041158
 0.675919 0.222978 0.0950758 0.00278577 0.0032414
 0.780871 0.155079 0.0444537 0.0184345 0.00116143
 0.772614 0.183008 0.0316744 0.00883228 0.00387199
 0.356796 0.512679 0.105648 0.0177847 0.0070916
 0.788549 0.0822688 0.103556 0.0207653 0.00486117
 0.668395 0.269314 0.0246558 0.0302034 0.00743203
 0.454185 0.380861 0.13473 0.0120042 0.0182198
 0.749527 0.122354 0.0901581 0.0310414 0.00692036
 0.68594 0.243678 0.0348888 0.0250182 0.0104746
 0.566805 0.309581 0.0965527 0.0134537 0.0136074
pobs_pel_tallas
 0 0 0 0 0 0 0 0 0 0 0 0 0 0 0 0 0 0 0 0 0 0 0 0 0 0
 0 0 0 0 0 0 0 0 0 0 0 0 0 0 0 0 0 0 0 0 0 0 0 0 0 0
 0 0 0 0 0 0 0 0 0 0 0 0 0 0 0 0 0 0 0 0 0 0 0 0 0 0
 0 0 0 0 0 0 0 0 0 0 0 0 0 0 0 0 0 0 0 0 0 0 0 0 0 0
 0 0 0 0 0 0 0 0 0 0 0 0 0 0 0 0 0 0 0 0 0 0 0 0 0 0
 0 0 0 0 0 0 0 0 0 0 0 0 0 0 0 0 0 0 0 0 0 0 0 0 0 0
 0 0 0 0 0 0 0 0 0 0 0 0 0 0 0 0 0 0 0 0 0 0 0 0 0 0
 0 0 0 0 0 0 0 0 0 0 0 0 0 0 0 0 0 0 0 0 0 0 0 0 0 0
 0 0 0 0 0 0 0 0 0 0 0 0 0 0 0 0 0 0 0 0 0 0 0 0 0 0
 0 0 0 0 0 0 0 0 0 0 0 0 0 0 0 0 0 0 0 0 0 0 0 0 0 0
 0 0 0 0 0 0 0 0 0 0 0 0 0 0 0 0 0 0 0 0 0 0 0 0 0 0
 0 0 0 0 0 0 0 0 0 0 0 0 0 0 0 0 0 0 0 0 0 0 0 0 0 0
 0.00862536 0 0 0.000197151 0.00414017 0.0128641 0.00837892 0.0270097 0.101434 0.158115 0.152841 0.127902 0.109271 0.109419 0.0830992 0.0579132 0.0238553 0.00714673 0.00463305 0.00128148 0.00103504 0.000492878 0.000147863 0.000147863 4.92878e-005 0
 0 0 0 0 0 0 0 0 0 0 0 0 0 0 0 0 0 0 0 0 0 0 0 0 0 0
 0 0 0 0 0 0 0 0.0054083 0.00873648 0.0413646 0.0450493 0.0745869 0.0622846 0.0627006 0.0613931 0.0827291 0.12552 0.122667 0.0946155 0.0697135 0.0546179 0.0294188 0.0215738 0.0213955 0.0102223 0.00600262
 0 0 0 0 0.00359764 0.0251062 0.0480494 0.140153 0.205849 0.193036 0.1447 0.116669 0.0760912 0.0342217 0.00950174 0.001854 0.000860785 0 0 0 0.000165536 0 0.000143464 0 0 0
 0 0 0 0 0 0 0 0.000145254 0.000435761 0.0275982 0.070085 0.0708112 0.156366 0.174668 0.174014 0.160142 0.0824315 0.0480064 0.0283245 0.00493863 0.00203355 0 0 0 0 0
 0 0 0 0 0 0 0 0 0 0 0 0 0 0 0 0 0 0 0 0 0 0 0 0 0 0
 0 0 1.00437e-005 0.000401748 0.00122533 0.00171747 0.00176769 0.0269171 0.070346 0.194647 0.189555 0.159765 0.064822 0.0314167 0.0384472 0.0292271 0.0345202 0.0313363 0.0194345 0.0106764 0.0143323 0.0359363 0.0279516 0.0138201 0.00172751 0
 0 0.0021121 0.0136068 0.0755702 0.200478 0.177729 0.0527432 0.0373336 0.0318909 0.0142505 0.0149659 0.0166563 0.0217959 0.0798694 0.0677717 0.0528807 0.04013 0.0224614 0.0357745 0.0225083 0.00881397 0.00855152 0.00135912 0.000746735 0 0
 0 0 0 0 5.4009e-005 0.00500934 0.000945158 0.0243581 0.138947 0.33067 0.221406 0.137944 0.0707744 0.0437923 0.0131692 0.00525238 0.0047753 0.00276346 9.45158e-005 9.00151e-006 2.25038e-005 9.00151e-006 4.50075e-006 0 0 0
 0.000866109 0.00284123 0.00948549 0.0512746 0.133035 0.25785 0.225252 0.132002 0.0553304 0.0519788 0.0540692 0.017754 0.00435017 0.00159236 0.00146478 0.000404838 0.000125132 0.000115318 0.000107957 0.000100596 0 0 0 0 0 0
 0 0 0 0 0.00144013 0.00171154 0.00461396 0.0210425 0.0478622 0.0707936 0.0888783 0.103762 0.0637923 0.0337046 0.0602308 0.124433 0.169614 0.0934646 0.0462172 0.0250306 0.0313229 0.00938855 0.002487 0.000210481 0 0
 0 0.00764035 0.051015 0.0998891 0.058973 0.0496711 0.0374665 0.0718981 0.12319 0.153886 0.159021 0.0857701 0.0377988 0.023471 0.0147837 0.00900784 0.00315554 0.000888139 0.00291439 0.00214683 0.00393193 0.00274676 0.000635225 9.99891e-005 0 0
 0 0 0 0 0 0 0 0 0 0 0 0 0 0 0 0 0 0 0 0 0 0 0 0 0 0
 0 0 0 0 0 0 0 0 0 0 0 0 0 0 0 0 0 0 0 0 0 0 0 0 0 0
 0 0 0 0 0 0 0 0 0 0 0 0 0 0 0 0 0 0 0 0 0 0 0 0 0 0
 0 0 0 0 0 0 0 0 0 0 0 0 0 0 0 0 0 0 0 0 0 0 0 0 0 0
 0 0 0 0 0 0 0 0 0 0 0 0 0 0 0 0 0 0 0 0 0 0 0 0 0 0
ppred_pel_tallas
 1.11013e-016 4.47405e-005 0.000434893 0.00289002 0.0131376 0.0408761 0.0870913 0.127115 0.127128 0.0871543 0.0410892 0.0137588 0.004471 0.0039577 0.00694432 0.0119537 0.0184795 0.0258641 0.0333681 0.0404943 0.0470016 0.0525276 0.056235 0.0569651 0.0538866 0.0471317
 1.18237e-016 3.9392e-005 0.000382904 0.00254453 0.0115671 0.0359897 0.0766809 0.111924 0.111953 0.0768239 0.0364701 0.0129559 0.00603536 0.00801968 0.0145934 0.0242037 0.0352141 0.0450805 0.051299 0.0528791 0.0509846 0.0480992 0.0463536 0.0463096 0.0469564 0.0466395
 1.14398e-016 5.12875e-005 0.000498533 0.00331293 0.0150601 0.0468576 0.0998358 0.145717 0.145736 0.0999282 0.0471683 0.0159591 0.00557658 0.00546342 0.00954977 0.0158904 0.0233236 0.030269 0.0351582 0.0373142 0.0373266 0.0365372 0.0360559 0.0361054 0.0360986 0.0352059
 1.05737e-016 6.44087e-005 0.000626075 0.00416049 0.018913 0.0588454 0.125377 0.182994 0.183008 0.125445 0.0590731 0.019571 0.005814 0.00424224 0.00695182 0.0114437 0.0166065 0.0211616 0.0238599 0.0241528 0.0225157 0.0200942 0.0179601 0.0165616 0.0156955 0.0148629
 1.03814e-016 5.7333e-005 0.000557298 0.00370344 0.0168353 0.052381 0.111604 0.162895 0.162918 0.11172 0.0527689 0.0179557 0.00651622 0.00669923 0.0117268 0.0193091 0.0278417 0.0350813 0.0387823 0.0379161 0.0332794 0.0269384 0.0209732 0.0164994 0.0135356 0.0115057
 1.02602e-016 6.59944e-005 0.000641489 0.00426292 0.0193786 0.0602942 0.128464 0.187499 0.187513 0.128532 0.0605225 0.0200386 0.00592136 0.00426804 0.00697153 0.011468 0.0166236 0.0211339 0.0237088 0.0237435 0.0216508 0.0185312 0.0154607 0.0129695 0.0110182 0.00931902
 1.04626e-016 4.1549e-005 0.000403871 0.00268386 0.0122005 0.0379604 0.0808802 0.118055 0.118095 0.0810725 0.0386061 0.0140654 0.00736558 0.0106261 0.0194611 0.0321229 0.0463068 0.0583101 0.0643806 0.0627852 0.0548284 0.0439363 0.0335752 0.0256333 0.0202016 0.0164028
 1.11001e-016 3.80479e-005 0.000369839 0.00245771 0.0111724 0.0347617 0.0740645 0.108105 0.108134 0.0742033 0.0352285 0.012524 0.00586301 0.00784535 0.0143578 0.0239959 0.0353096 0.0459628 0.0535508 0.0569015 0.0566242 0.0543881 0.0515819 0.0485096 0.0446361 0.0394145
 1.13597e-016 4.89275e-005 0.000475593 0.00316048 0.0143671 0.0447015 0.095242 0.139013 0.139032 0.0953379 0.0450241 0.0153011 0.0055129 0.00563759 0.00993192 0.0165536 0.0243472 0.0317053 0.0370345 0.039655 0.0401662 0.0398882 0.0398343 0.0400587 0.0398041 0.0381669
 1.06381e-016 6.44948e-005 0.000626912 0.00416605 0.0189383 0.0589241 0.125545 0.183239 0.183252 0.125609 0.059142 0.0195681 0.00574923 0.0040903 0.00666406 0.0109741 0.0159453 0.0203637 0.023048 0.0234859 0.0221373 0.0200902 0.018346 0.0172951 0.0166985 0.0160382
 1.01866e-016 7.05432e-005 0.000685705 0.00455675 0.0207143 0.06445 0.137318 0.200422 0.200433 0.137373 0.0646337 0.0212449 0.00588864 0.0035938 0.00559526 0.00914319 0.013176 0.0165955 0.0183351 0.0179086 0.0156968 0.0126841 0.0098615 0.00776094 0.0063899 0.00546913
 1.01259e-016 6.56267e-005 0.000637915 0.00423917 0.0192706 0.0599582 0.127748 0.186455 0.186473 0.127831 0.0602385 0.0200802 0.00627083 0.00507185 0.0084829 0.0139105 0.0200095 0.0251135 0.0275693 0.0266113 0.0228132 0.0176965 0.0128251 0.0090878 0.00658266 0.0049571
 1.01798e-016 6.2008e-005 0.00060274 0.00400542 0.0182081 0.0566522 0.120704 0.176175 0.176195 0.1208 0.0569732 0.0191354 0.00633372 0.00568769 0.00972575 0.0159971 0.0230762 0.0290952 0.0321864 0.0314754 0.0275825 0.0221713 0.0169297 0.0127854 0.00981048 0.00762959
 1.03035e-016 5.63127e-005 0.000547379 0.00363753 0.0165357 0.0514488 0.109618 0.159996 0.160019 0.109734 0.0518401 0.0176665 0.00647776 0.00675318 0.0118585 0.0195576 0.028266 0.0357484 0.0397553 0.039234 0.034926 0.0288097 0.0228632 0.0181302 0.014632 0.0118883
 1.0283e-016 6.48199e-005 0.000630073 0.00418706 0.0190338 0.0592212 0.126178 0.184163 0.184178 0.12625 0.0594645 0.019737 0.00595441 0.00449484 0.00742417 0.012222 0.0177189 0.0225311 0.0252869 0.025345 0.0231482 0.0198694 0.0166506 0.0140465 0.0120022 0.0101994
 1.00433e-016 7.88108e-005 0.000766069 0.0050908 0.023142 0.0720035 0.153411 0.223909 0.223912 0.153428 0.0720591 0.0233026 0.00549379 0.00164607 0.0017509 0.00277197 0.00399044 0.00502847 0.0055595 0.0054346 0.00476551 0.00384532 0.00296962 0.00229793 0.00183585 0.00150708
 1.01127e-016 3.45638e-005 0.000335972 0.00223266 0.0101494 0.0315788 0.0672839 0.098214 0.0982678 0.0675464 0.0324601 0.0126937 0.00861442 0.014251 0.0264134 0.0434851 0.0623404 0.0777662 0.0844733 0.0800229 0.0663139 0.0483755 0.0314724 0.0187408 0.0106976 0.00623568
 1.01244e-016 7.65317e-005 0.000743915 0.00494358 0.0224728 0.0699212 0.148975 0.217434 0.217437 0.14899 0.0699732 0.0226234 0.00532403 0.0015824 0.00169223 0.00273689 0.00407512 0.00541424 0.0065006 0.00719878 0.00753491 0.00761651 0.00750478 0.00716224 0.00651447 0.00555304
 1.01534e-016 5.403e-005 0.000525191 0.00349008 0.0158654 0.0493634 0.105175 0.153512 0.153544 0.105327 0.0498728 0.0173363 0.00717951 0.00857038 0.0153074 0.0251531 0.0360714 0.045033 0.0489948 0.0465662 0.0388608 0.0287883 0.0193714 0.0123754 0.00803149 0.005632
 1.03629e-016 5.56746e-005 0.000541177 0.00359631 0.0163483 0.0508659 0.108376 0.158182 0.158204 0.108481 0.0512205 0.0173738 0.00617498 0.00618557 0.0108195 0.017913 0.0260629 0.0333192 0.0377055 0.0382644 0.0355568 0.0311524 0.0265672 0.022521 0.0189578 0.0155547
 1.03368e-016 6.43194e-005 0.000625207 0.00415472 0.0188868 0.0587638 0.125203 0.182741 0.182756 0.125276 0.0590099 0.019598 0.00594192 0.00453321 0.00750567 0.0123576 0.017916 0.0227856 0.0255872 0.025686 0.0235471 0.0203704 0.0173113 0.0149094 0.0130655 0.0114046
 1.02502e-016 6.36392e-005 0.000618596 0.00411079 0.018687 0.0581424 0.123879 0.180809 0.180827 0.123966 0.0584321 0.0195237 0.00621138 0.00520594 0.00878099 0.0144297 0.0208127 0.0262414 0.0290387 0.0284322 0.0250046 0.0202804 0.015793 0.0123642 0.0100129 0.00833318
 1.06164e-016 2.93889e-005 0.000285671 0.00189839 0.00862982 0.0268508 0.0572104 0.0835105 0.08356 0.0574521 0.0276626 0.0109752 0.00778817 0.0131513 0.0244877 0.0404991 0.0584827 0.0738444 0.0819004 0.0804653 0.0711113 0.0580162 0.0453824 0.0354629 0.0283432 0.0230001
 1.05915e-016 6.49517e-005 0.000631354 0.00419557 0.0190725 0.0593415 0.126434 0.184535 0.184543 0.126473 0.0594747 0.0194591 0.00517341 0.00279002 0.00423524 0.00708364 0.0106301 0.0142733 0.0174247 0.0197862 0.021445 0.0226441 0.0234401 0.0235783 0.0226853 0.0205852
 1.05068e-016 5.50549e-005 0.000535153 0.00355628 0.0161663 0.0502996 0.10717 0.156423 0.156449 0.107296 0.0507253 0.0173956 0.00664138 0.00726864 0.0128399 0.0211328 0.0304258 0.0382496 0.0421412 0.0410028 0.0357761 0.0288193 0.0224898 0.0180252 0.0153703 0.0137463
 1.08273e-016 3.74107e-005 0.000363645 0.00241655 0.0109853 0.0341796 0.0728246 0.106297 0.106334 0.0730047 0.0347845 0.0127342 0.0068126 0.00998061 0.0183614 0.0304516 0.044226 0.056373 0.0635142 0.0640569 0.0590674 0.0513899 0.0437776 0.0375423 0.0325249 0.0279592
 1.06918e-016 6.17375e-005 0.000600111 0.00398795 0.0181286 0.056405 0.120177 0.175405 0.175417 0.120236 0.0566011 0.0186965 0.00541949 0.00374537 0.00609478 0.0101351 0.0149637 0.0195985 0.0230725 0.0249373 0.0254724 0.0253595 0.0251043 0.024701 0.0237632 0.0219178
 1.05351e-016 5.65001e-005 0.000549201 0.00364963 0.0165907 0.05162 0.109983 0.160528 0.160551 0.110098 0.0520055 0.0177043 0.00644553 0.00665455 0.0116577 0.0192001 0.0276969 0.0349323 0.0386977 0.0380042 0.0336801 0.0278024 0.022427 0.0186011 0.016235 0.01463
 1.06518e-016 4.6687e-005 0.000453815 0.00301576 0.0137092 0.0426546 0.0908813 0.13265 0.13268 0.0910275 0.0431459 0.0151294 0.00658473 0.00825854 0.0149093 0.024679 0.0357914 0.0455221 0.0511096 0.0512635 0.0468841 0.0403464 0.0339646 0.0288642 0.0249296 0.0214985
pSPR Fmed_Fpbrs
0.525799   0.6 0.325
Fs Fmed_Fpbrs
0.366797   0.284553 0.697503
SSBpbr Bo_Bmed_Bpbrs
1.49401e+006  710848  821705 410852
Ro
140520
SPR SPRFo_SPRFmed_SPRFpbrs
995584 523477 323565
PropYTP
 0.8 0.2
Npproy
 281025 83060.3 23090.9 6392.48 2258.99
Recl_proy
281025
Nap
 281025 40868.3 19031.3 5739.16 1031.31
 281025 83060.3 11361.4 5268.63 2028.12
 281025 83060.3 23090.9 3145.3 1861.84
 281025 83060.3 23090.9 6392.48 1111.49
 281025 83060.3 23090.9 6392.48 2258.99
matFpbr
 0.284553 0.284553 0.284553 0.284553 0.284553
 0.284553 0.284553 0.284553 0.284553 0.284553
Capturas_proy
 469309 545443 575412 585835 591773
 469309 545443 575412 585835 591773
BD_proy
 755075 983368 1.10555e+006 1.15723e+006 1.18938e+006
 755075 983368 1.10555e+006 1.15723e+006 1.18938e+006
RPR_proy
 0.955788 0.955939 0.955895 0.955877 0.955867
log_Ro
11.6731
likeval ReclasPelacesDesembMPH_pf_preclas_ppelaces_ptallas_desvR_qrecl_qpela
 12.9368 15.79 0.0654396 0.0008346 318.131 83.1834 53.421 0 22.633 4.30768e-006 1.90362e-005 0.345494 8.32231e-016 0 0
q_reclas_q_pelaces
1.34193 1.86029
M
1
N
 179001 37824.3 87394.4 5992.98 0.225082
 96797.2 56265.3 11377.2 26208.4 1796.99
 93316 26735.4 14342.6 2884.29 7097.71
 149794 25961.2 6878.54 3670.42 2553.75
 117203 36612.8 5659.36 1487.79 1345.68
 230603 37592.9 11301.5 1742.34 872.21
 84749.6 66920.6 10208.7 3055.15 706.618
 32443.1 18009.4 12196 1841.07 678.023
 33778.7 10824 5846.39 3951.8 816.164
 48673.4 8342.69 2391.24 1281.78 1044.91
 85527.6 10249.7 1502.87 426.189 414.441
 129842 27835.5 3223.39 471.524 263.714
 113923 29217.6 5458.68 626.205 142.761
 72373.8 26932.4 6103.3 1130.66 159.204
 63327.3 12201 3649.6 814.8 172.061
 362759 12716.2 2068.11 611.497 165.247
 68693 84607.1 2610.7 420.909 158.011
 578136 18381.5 20710.4 635.176 140.803
 343499 159608 4682.89 5247.3 196.548
 273250 84312.7 34981.7 1018.44 1183.45
 383231 69732.1 19422.9 8002.46 503.513
 483338 106891 17999.7 4987.09 2183.4
 95575.8 124307 24870 4159.37 1656.34
 299948 28089.7 34308.8 6834.75 1597.89
 252630 91380.4 8117.73 9879.3 2427.72
 102976 76928.5 26392.4 2336.09 3540.97
 220623 32408.3 23175.9 7927.4 1764.98
 208568 66497.6 9238.25 6581.33 2751.81
 130519 63583.3 19233.6 2662.46 2689.29
pred_Ctot
 16683.7 4432.46 10381.9 712.442 0.0267586
 15608.1 11251.6 2304.23 5311.59 364.204
 14708.8 5230.19 2841.82 571.877 1407.33
 32846.4 6974.21 1869.95 998.44 694.702
 9598.14 3778.17 592.107 155.773 140.899
 31380.7 6377.12 1942.33 299.653 150.011
 23648.9 22579 3482.58 1042.83 241.201
 1924.55 1352.1 928.624 140.287 51.6663
 7247.23 2847.98 1556.78 1052.96 217.474
 13759.7 2849.29 825.685 442.848 361.023
 6297.18 952.471 141.609 40.1878 39.0815
 33161.1 8641.2 1012.1 148.141 82.8547
 26672.2 8353.69 1579.03 181.254 41.3232
 26374.2 11633.9 2662.16 493.431 69.4799
 19086.4 4423.81 1337.48 298.77 63.093
 87076.6 3722.76 612.512 181.218 48.9728
 12147.7 18495.6 577.887 93.231 35.0005
 93353.1 3680.83 4200.19 128.904 28.5758
 74666.4 42521.9 1262.54 1415.6 53.0258
 54500.1 20689.3 8689.21 253.137 294.159
 59913.4 13533.8 3818.12 1574.17 99.0502
 94642 25770.7 4392.97 1217.92 533.239
 12373.6 20088.3 4072.24 681.533 271.409
 33091.1 3883.11 4806.81 958.258 224.039
 27935.1 12660.9 1139.89 1388.24 341.156
 9527.36 8949.94 3112.68 275.714 417.935
 25611.5 4708.78 3412.51 1168.09 260.077
 22935.1 9163.4 1290.21 919.801 384.605
 12442.9 7618.12 2336 323.599 326.872
F
 0.157315 0.201341 0.204351 0.204512 0.204521
 0.286631 0.366847 0.372331 0.372624 0.37264
 0.27939 0.35758 0.362926 0.363211 0.363227
 0.408867 0.523291 0.531114 0.531533 0.531555
 0.137093 0.175459 0.178082 0.178222 0.17823
 0.237191 0.303571 0.308109 0.308351 0.308364
 0.548808 0.702397 0.712897 0.713459 0.713488
 0.0977202 0.125068 0.126938 0.127038 0.127043
 0.398445 0.509953 0.517577 0.517984 0.518006
 0.557884 0.714012 0.724686 0.725256 0.725287
 0.122525 0.156815 0.159159 0.159285 0.159291
 0.491544 0.629107 0.638512 0.639015 0.639041
 0.442192 0.565943 0.574404 0.574856 0.57488
 0.780331 0.998712 1.01364 1.01444 1.01448
 0.605441 0.774878 0.786462 0.787081 0.787114
 0.45572 0.583256 0.591976 0.592442 0.592466
 0.318303 0.407383 0.413473 0.413799 0.413816
 0.287086 0.367429 0.372922 0.373216 0.373231
 0.404652 0.517898 0.52564 0.526054 0.526076
 0.365728 0.46808 0.475078 0.475452 0.475471
 0.27683 0.354303 0.3596 0.359883 0.359898
 0.357965 0.458144 0.464993 0.465359 0.465378
 0.224516 0.287348 0.291644 0.291873 0.291886
 0.188578 0.241353 0.244961 0.245154 0.245165
 0.189049 0.241956 0.245573 0.245767 0.245777
 0.156083 0.199764 0.20275 0.20291 0.202918
 0.19929 0.255062 0.258876 0.259079 0.25909
 0.187916 0.240505 0.244101 0.244293 0.244303
 0.161162 0.206264 0.209347 0.209512 0.209521
nmprior
 12 7 6 0
nm_flota  nm_reclas  nm_pelaces    nm_pelaL
inf 10.9297 13.9088 13.9088
cv_recla  cv_pelaces  cv_mph
0.34122 0.508313 0.891548
 ------------------------------------------------
Talla a la edad & desviación 
 8 13.2811 15.8009 17.003 17.5766
 0.8 1.32811 1.58009 1.7003 1.75766
