years
 1991 1992 1993 1994 1995 1996 1997 1998 1999 2000 2001 2002 2003 2004 2005 2006 2007 2008 2009 2010 2011 2012 2013 2014 2015 2016 2017 2018 2019
reclasobs
 0 0 0 0 0 0 0 0 0 252601 567819 844713 477998 351125 339783 2.1784e+006 2.13404e+006 4.81314e+006 1.55562e+006 2.62356e+006 3.21686e+006 3.843e+006 1.13348e+006 3.07943e+006 1.97215e+006 2.03268e+006 2.025e+006 2.42433e+006 2.27542e+006
reclaspred
 3.15201e+006 1.7392e+006 886472 917087 926184 1.66531e+006 951990 779533 544907 376934 500303 692902 714381 511900 464436 1.32472e+006 1.16418e+006 2.99807e+006 2.45901e+006 1.82551e+006 3.27682e+006 2.5687e+006 1.90883e+006 3.12336e+006 2.32126e+006 1.99832e+006 2.57504e+006 2.40316e+006 1.83751e+006
pelacesobs
 0 0 0 0 0 0 0 0 0 0 0 0 0 0 0 552880 188675 0 991730 2.46772e+006 1.41603e+006 1.21717e+006 2.29649e+006 1.80582e+006 0 1.4828e+006 1.56532e+006 1.57751e+006 1.42118e+006
pelacespred
 1.89334e+006 1.14592e+006 569781 450340 503399 896258 490802 510925 329563 205297 282857 327763 378703 272274 247963 583276 578917 1.60044e+006 1.40707e+006 972253 1.69833e+006 1.43679e+006 1.13437e+006 1.90387e+006 1.43755e+006 1.24835e+006 1.7337e+006 1.61808e+006 1.11377e+006
mphobs
 0 0 0 0 0 0 0 0 0 0 0 498337 0 5186 125008 0 168611 109162 213762 579715 649985 157893 87575 83554 0 0 0 0 0
mphpred
 471017 322361 156600 87167.4 96408.4 115089 166654 90809.2 77070.6 47368 30136.2 60250.6 66424.7 57828.5 33659.4 38673.8 146852 127792 295948 216239 233969 298356 268497 209619 315896 259072 206221 240937 289727
desembarqueobs
 494567 514787 250237 358949 120608 361735 552515 73892 212993 205616 52469 317467 293654 387597 252695 516296 358380 742168 942051 627588 828172 859565 418607 520667 417249 300574 407403 355545 305954
desembarquepred
 494575 513454 250839 359002 120616 361749 552543 73898.7 213058 205672 52472.4 317526 293681 387556 252667 516235 358428 742053 941801 627393 828244 859510 418602 520684 417229 300568 407385 355507 305943
Reclutas
 179350 94693.9 94132.2 146554 116287 227235 83316.5 32449.2 33939.4 49046 86457.3 130046 114436 72511.8 64141.7 363536 70568.2 578592 346002 272070 385691 481059 95938.9 300803 249712 103662 268576 229079 74677
log_desv_Rt
 0.252971 -0.385721 -0.391671 0.0510211 -0.180313 0.489615 -0.513724 -1.4567 -1.41179 -1.04361 -0.47672 -0.0684805 -0.196352 -0.652622 -0.775277 0.959508 -0.679791 1.42423 0.910073 0.669688 1.01867 1.23962 -0.37266 0.770084 0.583938 -0.295236 0.656763 0.497695 -0.623199
SSB
 1.97149e+006 1.34927e+006 655464 364847 403527 481716 697547 380091 322587 198264 126138 252185 278027 242047 140885 161873 614661 534884 1.23872e+006 905091 979299 1.2488e+006 1.12382e+006 877381 1.32221e+006 1.08437e+006 863159 1.00847e+006 1.21268e+006
BT
 2.82233e+006 1.95672e+006 966565 921937 778314 1.59496e+006 1.13676e+006 757253 656629 482555 454533 731288 804293 791497 617566 1.30011e+006 1.05927e+006 3.03979e+006 2.86182e+006 1.88165e+006 3.10816e+006 2.78281e+006 1.87094e+006 3.23774e+006 2.31357e+006 1.93682e+006 2.90527e+006 2.64568e+006 1.697e+006
Ftot
 0.208864 0.380277 0.370725 0.55516 0.185142 0.324739 0.741027 0.131847 0.536861 0.746237 0.164776 0.65573 0.587733 1.0381 0.807255 0.62142 0.415324 0.38811 0.536261 0.486141 0.368776 0.477229 0.294595 0.253464 0.25132 0.206643 0.238946 0.220703 0.218128
BD_Bspro_t
 0.967254 0.777177 0.571594 0.472227 0.469423 0.564209 0.577941 0.385817 0.429091 0.363188 0.326158 0.577379 0.462078 0.379445 0.253915 0.284832 0.482912 0.43657 0.574951 0.466584 0.43901 0.495162 0.499421 0.479745 0.612137 0.620328 0.621862 0.681975 0.70895
BD_Bspro
 1.99188 1.36323 0.662245 0.368622 0.407701 0.486699 0.704764 0.384023 0.325924 0.200315 0.127443 0.254794 0.280904 0.244551 0.142342 0.163547 0.621021 0.540418 1.25153 0.914455 0.98943 1.26172 1.13545 0.886458 1.33589 1.09559 0.872089 1.0189 1.22522
BD_Bo
 1.30467 0.89291 0.433767 0.241446 0.267043 0.318786 0.461617 0.251533 0.213479 0.131205 0.0834746 0.166889 0.183991 0.16018 0.0932334 0.107123 0.406766 0.353971 0.819749 0.598963 0.648072 0.82642 0.743714 0.580626 0.875003 0.717606 0.571214 0.667374 0.802516
BD_Brms
 2.37214 1.62347 0.788668 0.438992 0.485532 0.57961 0.839303 0.457333 0.388143 0.238555 0.151772 0.303434 0.334528 0.291236 0.169515 0.194769 0.739574 0.643583 1.49045 1.08902 1.17831 1.50258 1.35221 1.05568 1.59091 1.30474 1.03857 1.21341 1.45912
S_f
 0.720912 0.980032 0.998929 0.999944 0.999997
 0.720912 0.980032 0.998929 0.999944 0.999997
 0.720912 0.980032 0.998929 0.999944 0.999997
 0.720912 0.980032 0.998929 0.999944 0.999997
 0.720912 0.980032 0.998929 0.999944 0.999997
 0.720912 0.980032 0.998929 0.999944 0.999997
 0.720912 0.980032 0.998929 0.999944 0.999997
 0.720912 0.980032 0.998929 0.999944 0.999997
 0.720912 0.980032 0.998929 0.999944 0.999997
 0.720912 0.980032 0.998929 0.999944 0.999997
 0.720912 0.980032 0.998929 0.999944 0.999997
 0.720912 0.980032 0.998929 0.999944 0.999997
 0.720912 0.980032 0.998929 0.999944 0.999997
 0.720912 0.980032 0.998929 0.999944 0.999997
 0.720912 0.980032 0.998929 0.999944 0.999997
 0.720912 0.980032 0.998929 0.999944 0.999997
 0.720912 0.980032 0.998929 0.999944 0.999997
 0.720912 0.980032 0.998929 0.999944 0.999997
 0.720912 0.980032 0.998929 0.999944 0.999997
 0.720912 0.980032 0.998929 0.999944 0.999997
 0.720912 0.980032 0.998929 0.999944 0.999997
 0.720912 0.980032 0.998929 0.999944 0.999997
 0.720912 0.980032 0.998929 0.999944 0.999997
 0.720912 0.980032 0.998929 0.999944 0.999997
 0.720912 0.980032 0.998929 0.999944 0.999997
 0.720912 0.980032 0.998929 0.999944 0.999997
 0.720912 0.980032 0.998929 0.999944 0.999997
 0.720912 0.980032 0.998929 0.999944 0.999997
 0.720912 0.980032 0.998929 0.999944 0.999997
Scru_reclas
 1 1 1 1 1
 1 1 1 1 1
 1 1 1 1 1
 1 1 1 1 1
 1 1 1 1 1
 1 1 1 1 1
 1 1 1 1 1
 1 1 1 1 1
 1 1 1 1 1
 1 1 1 1 1
 1 1 1 1 1
 1 1 1 1 1
 1 1 1 1 1
 1 1 1 1 1
 1 1 1 1 1
 1 1 1 1 1
 1 1 1 1 1
 1 1 1 1 1
 1 1 1 1 1
 1 1 1 1 1
 1 1 1 1 1
 1 1 1 1 1
 1 1 1 1 1
 1 1 1 1 1
 1 1 1 1 1
 1 1 1 1 1
 1 1 1 1 1
 1 1 1 1 1
 1 1 1 1 1
Scru_pelaces
 0.769736 0.943894 0.988327 0.997659 0.999534
 0.769736 0.943894 0.988327 0.997659 0.999534
 0.769736 0.943894 0.988327 0.997659 0.999534
 0.769736 0.943894 0.988327 0.997659 0.999534
 0.769736 0.943894 0.988327 0.997659 0.999534
 0.769736 0.943894 0.988327 0.997659 0.999534
 0.769736 0.943894 0.988327 0.997659 0.999534
 0.769736 0.943894 0.988327 0.997659 0.999534
 0.769736 0.943894 0.988327 0.997659 0.999534
 0.769736 0.943894 0.988327 0.997659 0.999534
 0.769736 0.943894 0.988327 0.997659 0.999534
 0.769736 0.943894 0.988327 0.997659 0.999534
 0.769736 0.943894 0.988327 0.997659 0.999534
 0.769736 0.943894 0.988327 0.997659 0.999534
 0.769736 0.943894 0.988327 0.997659 0.999534
 0.769736 0.943894 0.988327 0.997659 0.999534
 0.769736 0.943894 0.988327 0.997659 0.999534
 0.769736 0.943894 0.988327 0.997659 0.999534
 0.769736 0.943894 0.988327 0.997659 0.999534
 0.769736 0.943894 0.988327 0.997659 0.999534
 0.769736 0.943894 0.988327 0.997659 0.999534
 0.769736 0.943894 0.988327 0.997659 0.999534
 0.769736 0.943894 0.988327 0.997659 0.999534
 0.769736 0.943894 0.988327 0.997659 0.999534
 0.769736 0.943894 0.988327 0.997659 0.999534
 0.769736 0.943894 0.988327 0.997659 0.999534
 0.769736 0.943894 0.988327 0.997659 0.999534
 0.769736 0.943894 0.988327 0.997659 0.999534
 0.769736 0.943894 0.988327 0.997659 0.999534
pf_obs 
 0.8446 0.082 0.0669 0.0065 0
 0.8095 0.147 0.0364 0.0071 0
 0.9664 0.0169 0.016 0.0007 0
 0.9276 0.0648 0.0075 0.0001 0
 0.7033 0.2144 0.0806 0.0017 0
 0.9318 0.0425 0.0243 0.0014 0
 0.5671 0.3108 0.0964 0.0239 0.0018
 0.0768 0.2599 0.5324 0.112 0.0189
 0.490249 0.384438 0.106611 0.0170017 0.00170017
 0.7925 0.1577 0.0466 0.003 0.0002
 0.840416 0.127587 0.0312969 0.00059994 9.999e-005
 0.8084 0.0986 0.0794 0.0134 0.0002
 0.7335 0.1905 0.0724 0.0035 0.0001
 0.4001 0.4547 0.1325 0.0127 0
 0.49795 0.308269 0.164784 0.0264974 0.00249975
 0.9179 0.0499 0.0305 0.0017 0
 0.2467 0.6533 0.0926 0.0074 0
 0.9418 0.0223 0.034 0.0019 0
 0.707729 0.231977 0.0356964 0.0245975 0
 0.517169 0.277429 0.184464 0.0207286 0.00020938
 0.811772 0.124168 0.05621 0.00726502 0.000585176
 0.764997 0.148141 0.077277 0.00933861 0.000247198
 0.163321 0.427699 0.378323 0.0303852 0.000271297
 0.753843 0.0900009 0.118128 0.0371064 0.000921714
 0.721811 0.176058 0.0630433 0.0369309 0.00215725
 0.143369 0.312575 0.442814 0.0836902 0.0175525
 0.692698 0.0596174 0.167031 0.0765114 0.00414204
 0.394062 0.376323 0.152708 0.0712218 0.00568511
 0.126705 0.332323 0.483278 0.0533495 0.00434475
pf_pred 
 0.506413 0.139294 0.331565 0.0227268 8.53451e-007
 0.429395 0.336587 0.0670257 0.156291 0.0107015
 0.584906 0.215407 0.118923 0.0231519 0.0576124
 0.741918 0.172685 0.0448071 0.0241853 0.0164045
 0.661313 0.273951 0.0436773 0.0110565 0.0100024
 0.771052 0.167012 0.0502943 0.00785754 0.00378429
 0.451326 0.453719 0.069683 0.0205262 0.0047456
 0.427683 0.317421 0.211776 0.0316564 0.011464
 0.551719 0.227447 0.123567 0.0808274 0.01644
 0.74682 0.163405 0.0461161 0.0244432 0.0192153
 0.834 0.135783 0.0196942 0.00540922 0.00511335
 0.759311 0.210336 0.0249202 0.00354224 0.00189053
 0.711603 0.237922 0.0442544 0.00510795 0.00111199
 0.625572 0.294036 0.0666165 0.0120801 0.00169553
 0.746227 0.184911 0.0544398 0.0119539 0.00246779
 0.946397 0.0439137 0.00711405 0.00203638 0.000538642
 0.379008 0.598188 0.018769 0.00296364 0.00107125
 0.914674 0.0397557 0.0439343 0.00134709 0.000289231
 0.610404 0.365901 0.0111746 0.0120711 0.000449031
 0.62836 0.258618 0.106309 0.00316784 0.00354462
 0.748186 0.179051 0.0510024 0.02047 0.0012908
 0.734162 0.215119 0.0363011 0.01011 0.00430838
 0.31691 0.546487 0.111046 0.0182985 0.00725863
 0.758521 0.0952946 0.117456 0.0233581 0.00536961
 0.625222 0.305657 0.0276292 0.0333447 0.00814628
 0.415566 0.408732 0.143867 0.0127339 0.019101
 0.753814 0.122284 0.0871902 0.0300663 0.00664559
 0.62707 0.302436 0.0353894 0.0247116 0.0103932
 0.353727 0.452404 0.157849 0.0180928 0.0179272
pobs_RECLAS
 0 0 0 0 0
 0 0 0 0 0
 0 0 0 0 0
 0 0 0 0 0
 0 0 0 0 0
 0 0 0 0 0
 0 0 0 0 0
 0 0 0 0 0
 0 0 0 0 0
 0 0 0 0 0
 0.991045 0.00858322 0.000360255 1.14367e-005 0
 0.934742 0.0480273 0.0164251 0.00080598 0
 0.827803 0.169806 0.00239088 0 0
 0.941827 0.0461693 0.0120037 0 0
 0.791401 0.0380133 0.147996 0.0225897 0
 0.846168 0.0940531 0.0597789 0 0
 0.134021 0.677848 0.182769 0.00536245 0
 0.80878 0.0450904 0.141981 0.00414843 0
 0.846168 0.0940531 0.0597789 0 0
 0.905697 0.0802665 0.012482 0.00150086 5.37128e-005
 0.989698 0.0102097 9.19794e-005 0 0
 0.975433 0.0193895 0.00387452 0.00125025 5.28907e-005
 0.303575 0.632131 0.0575291 0.00676475 0
 0.966965 0.00978017 0.0227588 0.000495775 0
 0.843318 0.132988 0.00938335 0.0141283 0.000182051
 0.564624 0.303363 0.111486 0.0197234 0.00080311
 0.826376 0.0876187 0.0782897 0.00655872 0.00115652
 0.89761 0.0855135 0.0140674 0.00269457 0.000114338
 0.34875 0.467042 0.161289 0.0227151 0.000203297
ppred_RECLAS
 0.587081 0.118171 0.275858 0.0188889 7.09287e-007
 0.510431 0.291228 0.0568506 0.132424 0.00906678
 0.661497 0.177377 0.0960008 0.0186696 0.0464559
 0.800104 0.134675 0.0342388 0.0184609 0.012521
 0.728 0.220837 0.0345315 0.0087323 0.00789933
 0.822795 0.129961 0.0383711 0.00598848 0.00288396
 0.535045 0.385898 0.0580339 0.0170756 0.00394761
 0.506875 0.275872 0.180532 0.0269584 0.00976215
 0.632094 0.188581 0.100389 0.0655952 0.0133411
 0.805594 0.12643 0.0349379 0.0184976 0.0145405
 0.873122 0.104153 0.0148164 0.00406528 0.00384272
 0.814543 0.162494 0.018857 0.00267745 0.0014289
 0.774201 0.186948 0.0340673 0.00392784 0.00085503
 0.703704 0.233791 0.0518044 0.00938301 0.00131689
 0.805266 0.142717 0.041133 0.00902175 0.00186236
 0.960895 0.0321564 0.00510307 0.00145914 0.000385934
 0.456565 0.523864 0.0161116 0.00254134 0.000918547
 0.937062 0.0296374 0.0321066 0.000983389 0.00021113
 0.684306 0.296868 0.00888375 0.00958605 0.000356571
 0.701142 0.209247 0.0842952 0.00250916 0.00280743
 0.80408 0.140117 0.039127 0.0156872 0.000989146
 0.792624 0.168462 0.0278603 0.00775092 0.00330285
 0.389541 0.490311 0.097689 0.0160807 0.00637852
 0.813071 0.0746535 0.0902303 0.0179251 0.00412043
 0.696137 0.24874 0.0220482 0.0265816 0.00649366
 0.494268 0.355775 0.122811 0.010859 0.0162877
 0.808785 0.0959287 0.067074 0.0231055 0.00510675
 0.697627 0.246139 0.0282453 0.0197026 0.0082861
 0.429399 0.401783 0.137479 0.0157416 0.0155967
pobs_PELACES
 0 0 0 0 0
 0 0 0 0 0
 0 0 0 0 0
 0 0 0 0 0
 0 0 0 0 0
 0 0 0 0 0
 0 0 0 0 0
 0 0 0 0 0
 0 0 0 0 0
 0 0 0 0 0
 0 0 0 0 0
 0 0 0 0 0
 0 0 0 0 0
 0 0 0 0 0
 0 0 0 0 0
 0 0 0 0 0
 0.505614 0.472636 0.0217494 0 0
 0 0 0 0 0
 0.443492 0.261883 0.143347 0.151278 0
 0.227955 0.32914 0.350689 0.0885471 0.00366901
 0.970185 0.0296113 0.000203453 0 0
 0.997202 0.00247181 0.000326279 0 0
 0.445219 0.490057 0.0546422 0.010081 0
 0.90214 0.0892962 0.00764917 0.000914606 0
 0 0 0 0 0
 0.581667 0.319106 0.0959925 0.00289975 0.000334073
 0.762889 0.0836404 0.116647 0.0363945 0.000428098
 0.88444 0.0763242 0.0277011 0.0115352 0
 0.521256 0.241999 0.230069 0.00667565 0
ppred_PELACES
 0.533266 0.129296 0.315623 0.0218142 8.20673e-007
 0.462466 0.31321 0.0638682 0.150156 0.0103001
 0.616466 0.196378 0.111031 0.0217937 0.0543312
 0.771143 0.151789 0.0402667 0.0219119 0.0148894
 0.687213 0.251616 0.0411488 0.0105033 0.0095192
 0.793602 0.149502 0.0461249 0.00726576 0.00350564
 0.498051 0.413446 0.0648034 0.0192427 0.00445691
 0.453608 0.299346 0.204946 0.0308917 0.0112075
 0.589049 0.205832 0.114346 0.0754072 0.0153654
 0.779899 0.140812 0.040555 0.0216688 0.0170651
 0.849426 0.122514 0.0182299 0.00504884 0.00478139
 0.790243 0.182774 0.0221183 0.00316946 0.00169464
 0.74476 0.20972 0.0398695 0.0046393 0.00101179
 0.677211 0.25246 0.0581965 0.0106366 0.00149561
 0.781247 0.158463 0.047581 0.0105317 0.00217811
 0.954467 0.0371412 0.00614772 0.00177407 0.000470108
 0.414767 0.56322 0.0180905 0.00288002 0.00104291
 0.924584 0.0346886 0.0392525 0.00121345 0.000261012
 0.648538 0.329545 0.0102914 0.0112078 0.000417674
 0.663086 0.232783 0.0978938 0.00294098 0.00329673
 0.773133 0.160078 0.0466978 0.018897 0.00119377
 0.762946 0.190892 0.0329576 0.00925412 0.00395079
 0.34587 0.520562 0.108399 0.0180105 0.00715736
 0.778977 0.0858253 0.108445 0.0217451 0.00500791
 0.654118 0.280514 0.0259944 0.0316323 0.00774202
 0.444412 0.385395 0.139119 0.0124162 0.0186584
 0.774642 0.110389 0.0806975 0.0280587 0.00621314
 0.655098 0.278131 0.0333729 0.0234974 0.0099006
 0.381398 0.429527 0.153682 0.0177616 0.0176312
pobs_pel_tallas
 0 0 0 0 0 0 0 0 0 0 0 0 0 0 0 0 0 0 0 0 0 0 0 0 0 0
 0 0 0 0 0 0 0 0 0 0 0 0 0 0 0 0 0 0 0 0 0 0 0 0 0 0
 0 0 0 0 0 0 0 0 0 0 0 0 0 0 0 0 0 0 0 0 0 0 0 0 0 0
 0 0 0 0 0 0 0 0 0 0 0 0 0 0 0 0 0 0 0 0 0 0 0 0 0 0
 0 0 0 0 0 0 0 0 0 0 0 0 0 0 0 0 0 0 0 0 0 0 0 0 0 0
 0 0 0 0 0 0 0 0 0 0 0 0 0 0 0 0 0 0 0 0 0 0 0 0 0 0
 0 0 0 0 0 0 0 0 0 0 0 0 0 0 0 0 0 0 0 0 0 0 0 0 0 0
 0 0 0 0 0 0 0 0 0 0 0 0 0 0 0 0 0 0 0 0 0 0 0 0 0 0
 0 0 0 0 0 0 0 0 0 0 0 0 0 0 0 0 0 0 0 0 0 0 0 0 0 0
 0 0 0 0 0 0 0 0 0 0 0 0 0 0 0 0 0 0 0 0 0 0 0 0 0 0
 0 0 0 0 0 0 0 0 0 0 0 0 0 0 0 0 0 0 0 0 0 0 0 0 0 0
 0 0 0 0 0 0 0 0 0 0 0 0 0 0 0 0 0 0 0 0 0 0 0 0 0 0
 0.00862536 0 0 0.000197151 0.00414017 0.0128641 0.00837892 0.0270097 0.101434 0.158115 0.152841 0.127902 0.109271 0.109419 0.0830992 0.0579132 0.0238553 0.00714673 0.00463305 0.00128148 0.00103504 0.000492878 0.000147863 0.000147863 4.92878e-005 0
 0 0 0 0 0 0 0 0 0 0 0 0 0 0 0 0 0 0 0 0 0 0 0 0 0 0
 0 0 0 0 0 0 0 0.0054083 0.00873648 0.0413646 0.0450493 0.0745869 0.0622846 0.0627006 0.0613931 0.0827291 0.12552 0.122667 0.0946155 0.0697135 0.0546179 0.0294188 0.0215738 0.0213955 0.0102223 0.00600262
 0 0 0 0 0.00359764 0.0251062 0.0480494 0.140153 0.205849 0.193036 0.1447 0.116669 0.0760912 0.0342217 0.00950174 0.001854 0.000860785 0 0 0 0.000165536 0 0.000143464 0 0 0
 0 0 0 0 0 0 0 0.000145254 0.000435761 0.0275982 0.070085 0.0708112 0.156366 0.174668 0.174014 0.160142 0.0824315 0.0480064 0.0283245 0.00493863 0.00203355 0 0 0 0 0
 0 0 0 0 0 0 0 0 0 0 0 0 0 0 0 0 0 0 0 0 0 0 0 0 0 0
 0 0 1.00437e-005 0.000401748 0.00122533 0.00171747 0.00176769 0.0269171 0.070346 0.194647 0.189555 0.159765 0.064822 0.0314167 0.0384472 0.0292271 0.0345202 0.0313363 0.0194345 0.0106764 0.0143323 0.0359363 0.0279516 0.0138201 0.00172751 0
 0 0.0021121 0.0136068 0.0755702 0.200478 0.177729 0.0527432 0.0373336 0.0318909 0.0142505 0.0149659 0.0166563 0.0217959 0.0798694 0.0677717 0.0528807 0.04013 0.0224614 0.0357745 0.0225083 0.00881397 0.00855152 0.00135912 0.000746735 0 0
 0 0 0 0 5.4009e-005 0.00500934 0.000945158 0.0243581 0.138947 0.33067 0.221406 0.137944 0.0707744 0.0437923 0.0131692 0.00525238 0.0047753 0.00276346 9.45158e-005 9.00151e-006 2.25038e-005 9.00151e-006 4.50075e-006 0 0 0
 0.000866109 0.00284123 0.00948549 0.0512746 0.133035 0.25785 0.225252 0.132002 0.0553304 0.0519788 0.0540692 0.017754 0.00435017 0.00159236 0.00146478 0.000404838 0.000125132 0.000115318 0.000107957 0.000100596 0 0 0 0 0 0
 0 0 0 0 0.00144013 0.00171154 0.00461396 0.0210425 0.0478622 0.0707936 0.0888783 0.103762 0.0637923 0.0337046 0.0602308 0.124433 0.169614 0.0934646 0.0462172 0.0250306 0.0313229 0.00938855 0.002487 0.000210481 0 0
 0 0.00764035 0.051015 0.0998891 0.058973 0.0496711 0.0374665 0.0718981 0.12319 0.153886 0.159021 0.0857701 0.0377988 0.023471 0.0147837 0.00900784 0.00315554 0.000888139 0.00291439 0.00214683 0.00393193 0.00274676 0.000635225 9.99891e-005 0 0
 0 0 0 0 0 0 0 0 0 0 0 0 0 0 0 0 0 0 0 0 0 0 0 0 0 0
 0 0 0 0 0 0 0 0 0 0 0 0 0 0 0 0 0 0 0 0 0 0 0 0 0 0
 0 0 0 0 0 0 0 0 0 0 0 0 0 0 0 0 0 0 0 0 0 0 0 0 0 0
 0 0 0 0 0 0 0 0 0 0 0 0 0 0 0 0 0 0 0 0 0 0 0 0 0 0
 0 0 0 0 0 0 0 0 0 0 0 0 0 0 0 0 0 0 0 0 0 0 0 0 0 0
ppred_pel_tallas
 1.1133e-016 4.39245e-005 0.000426961 0.00283731 0.012898 0.0401305 0.0855028 0.124797 0.12481 0.0855662 0.0403447 0.0135225 0.00442715 0.00397127 0.00699067 0.0120482 0.018654 0.0261634 0.0338461 0.041205 0.047981 0.053772 0.0576862 0.0585128 0.0553934 0.0484698
 1.18725e-016 3.80928e-005 0.000370275 0.00246061 0.0111856 0.0348027 0.074152 0.108233 0.108264 0.0742999 0.0352997 0.0126224 0.00607188 0.00827016 0.0150924 0.0250324 0.0364127 0.0465996 0.0529986 0.0545829 0.0525577 0.0494992 0.047623 0.0475234 0.0481654 0.0478426
 1.14635e-016 5.07775e-005 0.000493576 0.00327999 0.0149104 0.0463917 0.0988432 0.144269 0.144288 0.0989365 0.0467053 0.0158179 0.00556536 0.00550673 0.00964342 0.0160525 0.0235726 0.030614 0.0355982 0.0378424 0.037936 0.0372202 0.0367984 0.0368799 0.0368649 0.0359197
 1.05919e-016 6.35181e-005 0.000617418 0.00410296 0.0186515 0.0580318 0.123643 0.180464 0.180479 0.123715 0.0582726 0.0193476 0.00585219 0.00444263 0.00734819 0.0121011 0.0175554 0.0223589 0.0251872 0.025458 0.0236749 0.0210543 0.0187377 0.0172088 0.0162609 0.0153712
 1.03917e-016 5.66049e-005 0.000550219 0.0036564 0.0166215 0.0517158 0.110187 0.160826 0.16085 0.110305 0.0521139 0.0177715 0.00654371 0.00685511 0.0120364 0.0198242 0.0285887 0.0360309 0.0398471 0.0389815 0.0342487 0.0277641 0.0216561 0.0170648 0.0140076 0.011897
 1.02692e-016 6.5368e-005 0.0006354 0.00422246 0.0191947 0.0597219 0.127244 0.18572 0.185734 0.127315 0.0599591 0.0198804 0.0059457 0.00440361 0.00724054 0.0119153 0.0172717 0.0219565 0.0246292 0.0246613 0.022482 0.0192355 0.0160407 0.0134492 0.0114206 0.00965561
 1.0466e-016 4.10239e-005 0.000398767 0.00264995 0.0120463 0.0374807 0.0798581 0.116564 0.116603 0.0800529 0.0381348 0.0139356 0.00739283 0.0107545 0.0197145 0.0325428 0.0469125 0.0590733 0.0652237 0.0636074 0.0555453 0.0445069 0.0340034 0.0259479 0.0204342 0.0165759
 1.10986e-016 3.73632e-005 0.000363183 0.00241348 0.0109714 0.0341361 0.0727317 0.10616 0.106189 0.0728741 0.0346149 0.0123576 0.00590577 0.00802854 0.0147175 0.0245911 0.036166 0.0470368 0.0547278 0.0580329 0.0575846 0.0551159 0.0520822 0.048827 0.0448227 0.0395118
 1.13515e-016 4.85192e-005 0.000471624 0.00313411 0.0142472 0.0443285 0.0944473 0.137853 0.137873 0.0945451 0.0446573 0.0151991 0.00553141 0.00573193 0.0101192 0.0168661 0.0248026 0.0322879 0.037693 0.0403187 0.0407702 0.0403905 0.0402172 0.0403194 0.0399466 0.038201
 1.06268e-016 6.42393e-005 0.000624429 0.00414955 0.0188633 0.0586907 0.125047 0.182513 0.182526 0.125114 0.0589142 0.0195095 0.00577373 0.00417721 0.00683325 0.0112532 0.0163451 0.0208611 0.0235849 0.023987 0.0225371 0.0203535 0.0184709 0.0173016 0.0166143 0.0158911
 1.01873e-016 6.99661e-005 0.000680095 0.00451947 0.0205449 0.0639228 0.136195 0.198783 0.198794 0.136252 0.0641166 0.0211046 0.00592469 0.00374817 0.00589827 0.00964438 0.0138965 0.0174981 0.0193224 0.0188553 0.0164979 0.0132896 0.0102788 0.008031 0.0065591 0.00557298
 1.0129e-016 6.50913e-005 0.000632711 0.00420459 0.0191135 0.0594692 0.126706 0.184935 0.184952 0.126792 0.059758 0.0199478 0.00629846 0.00520251 0.00874054 0.0143377 0.0206258 0.0258903 0.0284278 0.0274494 0.0235449 0.01828 0.0132638 0.0094103 0.0068203 0.00513219
 1.01841e-016 6.13449e-005 0.000596294 0.00396259 0.0180134 0.0560463 0.119413 0.174292 0.174312 0.119512 0.0563783 0.0189723 0.00637036 0.00585471 0.0100545 0.0165416 0.0238603 0.0300806 0.0332704 0.0325255 0.0284878 0.0228796 0.0174488 0.0131569 0.0100799 0.00782932
 1.03064e-016 5.5781e-005 0.000542212 0.00360319 0.0163796 0.0509631 0.108583 0.158485 0.15851 0.108702 0.0513631 0.0175353 0.00650577 0.00688418 0.0121167 0.0199856 0.0288834 0.0365262 0.0406142 0.0400711 0.0356547 0.0293877 0.023294 0.0184428 0.0148586 0.0120524
 1.02839e-016 6.43503e-005 0.000625508 0.00415672 0.0188958 0.0587921 0.125263 0.182829 0.182844 0.125338 0.0590435 0.0196226 0.00598296 0.00461879 0.00766764 0.0126248 0.0182984 0.0232578 0.0260832 0.0261107 0.0237994 0.0203658 0.0169974 0.0142756 0.0121498 0.010293
 1.00445e-016 7.86182e-005 0.000764197 0.00507836 0.0230855 0.0718275 0.153036 0.223362 0.223365 0.153054 0.0718863 0.0232552 0.00550455 0.00169485 0.00184688 0.00293091 0.00421932 0.00531605 0.00587576 0.00574072 0.00502906 0.00405096 0.00311956 0.00240434 0.00191209 0.0015628
 1.01132e-016 3.41639e-005 0.000332086 0.00220683 0.010032 0.0312134 0.0665055 0.0970781 0.0971322 0.0667702 0.0321019 0.012597 0.00864041 0.0143602 0.0266274 0.0438389 0.0628485 0.0784017 0.0851667 0.0806848 0.0668696 0.0487899 0.0317518 0.0189158 0.0108029 0.006298
 1.01308e-016 7.61568e-005 0.000740271 0.00491936 0.0223627 0.0695787 0.148245 0.216369 0.216372 0.148262 0.0696347 0.022525 0.0053293 0.00164352 0.00181599 0.002945 0.00438174 0.00581386 0.00696674 0.00769416 0.0080265 0.00808454 0.00794069 0.00756037 0.00686616 0.0058476
 1.01576e-016 5.34193e-005 0.000519255 0.00345063 0.0156861 0.0488054 0.103986 0.151778 0.151809 0.104141 0.0493254 0.0171871 0.00721575 0.00872958 0.0156201 0.0256703 0.0368149 0.0459645 0.0500144 0.0475455 0.0396934 0.0294255 0.0198242 0.0126886 0.00825363 0.0057978
 1.03738e-016 5.46176e-005 0.000530902 0.00352803 0.0160379 0.0499001 0.106318 0.155179 0.155202 0.106428 0.0502703 0.0171083 0.0062196 0.00642209 0.0112881 0.0186919 0.0271907 0.0347493 0.0393022 0.03985 0.036981 0.0323408 0.027521 0.023281 0.0195663 0.0160379
 1.03486e-016 6.3682e-005 0.000619012 0.00411355 0.0186996 0.0581815 0.123962 0.18093 0.180946 0.124038 0.0584355 0.0194338 0.00595864 0.00465378 0.00774694 0.0127606 0.0185036 0.0235393 0.0264453 0.0265658 0.024379 0.0211192 0.0179742 0.0154968 0.0135837 0.0118502
 1.02597e-016 6.28429e-005 0.000610855 0.00405935 0.0184532 0.0574149 0.122329 0.178547 0.178565 0.122419 0.057717 0.0193259 0.0062504 0.00539574 0.00915552 0.0150505 0.0217081 0.0273696 0.0302857 0.0296504 0.0260718 0.0211401 0.0164554 0.0128754 0.0104202 0.00866671
 1.06279e-016 2.8489e-005 0.000276923 0.00184026 0.00836556 0.0260286 0.0554586 0.080954 0.0810042 0.0557041 0.026853 0.0107472 0.00782099 0.0133415 0.0248658 0.0411285 0.0593964 0.0750078 0.0832082 0.0817786 0.0723126 0.0590466 0.0462399 0.0361744 0.0289343 0.0234835
 1.0618e-016 6.41633e-005 0.00062369 0.00414464 0.0188409 0.0586212 0.124899 0.182296 0.182304 0.12494 0.0587602 0.0192444 0.00516491 0.00287611 0.00441586 0.00739226 0.0110953 0.0149013 0.0181971 0.0206718 0.0224155 0.0236792 0.0245195 0.0246677 0.023733 0.0215326
 1.05305e-016 5.38789e-005 0.000523722 0.00348032 0.015821 0.0492252 0.104881 0.153082 0.153109 0.105013 0.0496686 0.0171014 0.00669384 0.0075376 0.0133713 0.0220137 0.031696 0.0398501 0.0439113 0.0427365 0.0373065 0.0300755 0.0234969 0.0188566 0.0160952 0.0144007
 1.08516e-016 3.66057e-005 0.00035582 0.00236455 0.0107489 0.0334441 0.0712576 0.10401 0.104048 0.0714399 0.0340564 0.012519 0.00681397 0.0100902 0.0185865 0.0308322 0.0447914 0.0571196 0.0644031 0.0650318 0.0600789 0.052409 0.0447889 0.0385278 0.0334535 0.028792
 1.06223e-016 6.38063e-005 0.00062022 0.00412158 0.0187361 0.058295 0.124204 0.181282 0.181293 0.124257 0.0584719 0.0192484 0.0054129 0.00345726 0.0055052 0.00914062 0.013492 0.0176659 0.0207883 0.0224546 0.0229185 0.0227985 0.0225545 0.0221852 0.0213434 0.0196912
 1.05067e-016 5.39596e-005 0.000524507 0.00348553 0.0158447 0.049299 0.105038 0.153311 0.153338 0.105169 0.0497388 0.0171149 0.00667386 0.00748472 0.0132733 0.0218608 0.0314965 0.039639 0.0437458 0.0426726 0.0373663 0.0302259 0.0236535 0.0189166 0.0159809 0.0140931
 1.0931e-016 3.14154e-005 0.000305369 0.00202928 0.00922486 0.0287022 0.0611545 0.0892656 0.0893071 0.0613576 0.0293845 0.0111975 0.00698791 0.0111537 0.0207034 0.0343576 0.0499113 0.0636439 0.0717514 0.0724404 0.0669086 0.0583501 0.0498476 0.0428563 0.0371789 0.0319492
pSPR Fmed_Fpbrs
0.530115   0.6 0.325
Fs Fmed_Fpbrs
0.374287   0.294142 0.725764
SSBpbr Bo_Bmed_Bpbrs
1.5111e+006  725500  831102 415551
Ro
139264
SPR SPRFo_SPRFmed_SPRFpbrs
989760 524687 321672
PropYTP
 0.7 0.3
Npproy
 188921 56220.4 6473.08 5855.37 2546.77
Recl_proy
188921
Nap
 188921 23474.6 21352.9 7291.32 1081.69
 188921 56220.4 6473.08 5855.37 2546.77
matFpbr
 0.294142 0.294142
Capturas_proy
 335735 369301
BD_proy
 687817 777803
RPR_proy
 0.827596 0.935869
Wmed_proy
 7 15.8 21 27.8 32.3
Wini_proy
 5 11.1 17.6 24.3 29.8
CTPedad
 9176.94 11648.5 4062.11 465.587 461.326
 23216.2 3804.34 3519.47 1202.86 178.457
 23216.2 9111.16 1066.92 965.972 420.165
log_Ro
11.6641
likeval ReclasPelacesDesembMPH_pf_preclas_ppelaces_ptallas_desvR_qrecl_qpela
 13.1193 16.1704 0.0651351 0.000833659 322.321 82.4609 60.6281 0 23.4672 3.72758e-006 2.07808e-005 0.343575 1.94381e-016 0 0
q_reclas_q_pelaces
1.31467 1.91277
M
1
N
 179350 37091.1 86756.1 5941.09 0.223092
 94693.9 56756.4 11119.3 25905.6 1773.72
 94132.2 26483 14383.6 2797.74 6961.74
 146554 26507.8 6774.61 3653.76 2478.17
 116287 36131.7 5659.67 1431.35 1294.82
 227235 37434.3 11086.5 1730.52 833.401
 83316.5 66146.9 10017.5 2948.61 681.684
 32449.2 17965.1 11771.1 1757.86 636.559
 33939.4 10855 5807.89 3795.98 772.055
 49046 8478.62 2359.58 1249.73 982.404
 86457.3 10535.9 1501.12 411.909 389.36
 130046 28243.4 3297.95 468.421 249.991
 114436 29819.6 5464.24 630.196 137.186
 72511.8 27558.6 6166.74 1117.53 156.848
 64141.7 12621.1 3665.44 804.274 166.03
 363536 13185.7 2104.84 602.034 159.237
 70568.2 85446.4 2638.27 416.23 150.445
 578592 19243.4 20923.2 640.981 137.618
 346002 160903 4839.48 5223.48 194.3
 272070 86474.3 34996.6 1041.98 1165.86
 385691 70498.6 19755.1 7921.89 499.516
 481059 108764 18068.7 5028.05 2142.6
 95938.9 125455 25065.2 4126.64 1636.87
 300803 28540.8 34578.6 6870.26 1579.27
 249712 92178.8 8190.14 9875.37 2412.49
 103662 76640.8 26507.5 2344.05 3515.93
 268576 32857 23025.7 7932.8 1753.31
 229079 83169 9563.84 6672.02 2806
 74677 71877.2 24645.1 2822.22 2796.26
pred_Ctot
 16043.6 4412.95 10504.3 720.005 0.027038
 14676.3 11504.2 2290.88 5341.88 365.767
 14261.7 5252.24 2899.7 564.51 1404.76
 31561.6 7346.12 1906.12 1028.86 697.855
 9285.21 3846.42 613.254 155.24 140.439
 30558.2 6618.98 1993.25 311.408 149.978
 22755.4 22876.1 3513.35 1034.91 239.269
 1874.37 1391.13 928.13 138.737 50.2422
 7104.46 2928.82 1591.16 1040.81 211.697
 13470.6 2947.37 831.807 440.887 346.591
 6180.96 1006.32 145.958 40.0889 37.8962
 32171.3 8911.73 1055.85 150.081 80.1
 25855.4 8644.68 1607.94 185.592 40.4029
 25635.6 12049.4 2729.91 495.038 69.4821
 18745.3 4644.99 1367.53 300.283 61.9911
 86037.4 3992.21 646.741 185.128 48.9682
 11826.3 18665.5 585.657 92.4758 33.4265
 91316.7 3969.02 4386.2 134.487 28.8754
 72358.8 43374.8 1324.66 1430.93 53.2293
 52310.6 21529.8 8850.2 263.721 295.087
 58160.2 13918.5 3964.66 1591.23 100.34
 91025.5 26671.6 4500.82 1253.5 534.177
 11806.4 20359.2 4136.98 681.707 270.419
 32231.4 4049.3 4991 992.544 228.168
 26547.3 12978.4 1173.15 1415.83 345.895
 9180.32 9029.35 3178.18 281.307 421.963
 27244.8 4419.67 3151.28 1086.67 240.189
 21578.6 10407.4 1217.82 850.371 357.651
 6957.55 8898.47 3104.78 355.872 352.615
F
 0.150573 0.204693 0.20864 0.208852 0.208864
 0.274147 0.372684 0.37987 0.380256 0.380276
 0.26726 0.363322 0.370327 0.370704 0.370723
 0.400222 0.544075 0.554566 0.555129 0.555159
 0.133471 0.181445 0.184944 0.185132 0.185142
 0.234108 0.318254 0.324391 0.32472 0.324738
 0.534215 0.72623 0.740233 0.740985 0.741025
 0.09505 0.129214 0.131706 0.131839 0.131847
 0.38703 0.526141 0.536286 0.536831 0.53686
 0.537971 0.731335 0.745437 0.746194 0.746234
 0.118789 0.161486 0.1646 0.164767 0.164776
 0.472724 0.642636 0.655027 0.655693 0.655728
 0.423704 0.575997 0.587103 0.5877 0.587731
 0.748377 1.01737 1.03698 1.03804 1.03809
 0.58196 0.791135 0.80639 0.807209 0.807252
 0.447989 0.609011 0.620754 0.621385 0.621418
 0.299412 0.407031 0.414879 0.415301 0.415323
 0.279794 0.38036 0.387695 0.388088 0.388109
 0.386597 0.525552 0.535686 0.53623 0.536259
 0.350465 0.476434 0.485621 0.486114 0.48614
 0.265855 0.361412 0.368381 0.368755 0.368775
 0.34404 0.4677 0.476718 0.477202 0.477228
 0.212377 0.288712 0.294279 0.294578 0.294594
 0.182725 0.248403 0.253193 0.25345 0.253463
 0.18118 0.246302 0.251051 0.251306 0.25132
 0.148972 0.202517 0.206422 0.206631 0.206643
 0.172259 0.234174 0.23869 0.238932 0.238945
 0.159108 0.216296 0.220467 0.220691 0.220702
 0.157251 0.213773 0.217895 0.218116 0.218128
nmprior
 12 7 6 0
nm_flota  nm_reclas  nm_pelaces    nm_pelaL
inf 13.1486 12.577 16.2007
cv_recla  cv_pelaces  cv_mph
0.343618 0.4925 0.891045
 ------------------------------------------------
Talla a la edad & desviación 
 8 13.2811 15.8009 17.003 17.5766
 0.8 1.32811 1.58009 1.7003 1.75766
