years
 1991 1992 1993 1994 1995 1996 1997 1998 1999 2000 2001 2002 2003 2004 2005 2006 2007 2008 2009 2010 2011 2012 2013 2014 2015 2016 2017 2018 2019 2020 2021
reclasobs
 0 0 0 0 0 0 0 0 0 252601 567819 844713 477998 351125 339783 2.1784e+06 2.13404e+06 4.81314e+06 1.55562e+06 2.62356e+06 3.21686e+06 3.843e+06 1.13348e+06 3.07943e+06 1.97215e+06 2.03268e+06 2.025e+06 2.42433e+06 2.27542e+06 1.05018e+06 2.36338e+06
reclaspred
 3.00903e+06 1.65318e+06 830534 734496 678219 1.2111e+06 667061 562300 417876 307702 446470 614974 604813 450679 447720 1.40138e+06 1.30317e+06 3.09531e+06 2.54349e+06 1.85156e+06 3.30002e+06 2.67825e+06 2.05062e+06 3.18856e+06 2.3525e+06 2.04748e+06 2.51188e+06 2.76117e+06 2.2255e+06 1.33438e+06 1.92298e+06
pelacesobs
 0 0 0 0 0 0 0 0 0 0 0 0 0 0 0 552880 188675 0 991730 2.46772e+06 1.41603e+06 1.21717e+06 2.29649e+06 1.80582e+06 0 1.4828e+06 1.56532e+06 1.57751e+06 1.42118e+06 867257 1.10002e+06
pelacespred
 1.29e+06 779454 385945 276382 275184 507081 237287 271474 182900 126211 198305 229177 249909 192041 197711 527525 493581 1.3667e+06 1.14751e+06 772494 1.35228e+06 1.17177e+06 901540 1.54448e+06 1.09301e+06 950506 1.33169e+06 1.43959e+06 957470 653519 922407
mphobs
 0 0 0 0 0 0 0 0 0 0 0 498337 0 5186 125008 0 168611 109162 213762 579715 649985 157893 87575 83554 0 0 0 0 0 0 0
mphpred
 451497 298987 144973 78525.8 72045.2 78719.8 113305 58989 52739.4 35138 23983.9 52726.1 58190.2 47910.7 29981.4 38526.4 160361 144861 305844 227759 238032 298711 282811 224539 316776 256294 207333 229951 333641 220806 129983
desembarqueobs
 494567 514787 250237 358949 120608 361735 552515 73892 212993 205616 52469 317467 293654 387597 252695 516296 358380 742168 942051 627588 828172 859565 418607 520667 417249 300574 415391 372974 316634 284311 391294
desembarquepred
 494567 513968 250500 358984 120613 361724 552462 73895.8 213027 205643 52471.1 317507 293676 387560 252663 516209 358390 742020 941712 627369 828195 859502 418597 520677 417232 300561 415372 372942 316613 284303 391284
Reclutas
 173822 98601.1 98710.8 125491 101858 214870 79754.3 32776.5 36388.5 51959.2 98416.8 135717 111403 77316.8 73888.8 455320 82838.6 691120 393056 294925 446883 589699 110811 355610 289972 128699 307749 351758 92689.4 64944.6 263467
log_desv_Rt
 0.137364 -0.429583 -0.428471 -0.188434 -0.397085 0.349369 -0.641714 -1.53095 -1.42641 -1.07021 -0.431453 -0.11009 -0.307508 -0.672753 -0.718103 1.10034 -0.60377 1.51765 0.953288 0.666056 1.08163 1.35895 -0.312835 0.85317 0.64912 -0.163186 0.708619 0.842278 -0.491411 -0.84713 0.553265
SSB
 2.46959e+06 1.6354e+06 792972 429519 394071 430580 619753 322657 288473 192197 131187 288400 318288 262061 163992 210731 877142 792357 1.6729e+06 1.24579e+06 1.30198e+06 1.63389e+06 1.54691e+06 1.22818e+06 1.73269e+06 1.40187e+06 1.13407e+06 1.25778e+06 1.82494e+06 1.20776e+06 710981
BT
 3.39643e+06 2.30538e+06 1.13649e+06 938539 732035 1.48042e+06 1.03771e+06 692470 632543 487403 502106 792351 842077 844973 709499 1.63274e+06 1.41813e+06 3.80909e+06 3.55029e+06 2.34932e+06 3.79027e+06 3.50709e+06 2.44435e+06 4.04788e+06 2.90983e+06 2.46004e+06 3.49718e+06 3.69606e+06 2.47055e+06 1.78726e+06 2.50187e+06
Ftot
 0.173289 0.320043 0.315848 0.543821 0.201196 0.360817 0.840786 0.148233 0.569588 0.741295 0.150277 0.594665 0.553498 0.959669 0.685728 0.481629 0.297369 0.301996 0.416355 0.381867 0.293471 0.370481 0.219056 0.198395 0.198239 0.161964 0.199786 0.165917 0.149007 0.225011 0.251275
BD_Bspro_t
 0.972755 0.809284 0.622301 0.520217 0.474069 0.549897 0.554935 0.350437 0.403172 0.355117 0.332364 0.605415 0.492986 0.399479 0.285409 0.342497 0.570654 0.532506 0.646555 0.546674 0.512754 0.566078 0.582266 0.566267 0.676396 0.681774 0.686045 0.729509 0.780994 0.708347 0.627921
BD_Bspro
 2.28033 1.51007 0.732202 0.396602 0.363871 0.397582 0.572258 0.29793 0.266365 0.177468 0.121133 0.266298 0.293896 0.241978 0.151424 0.194581 0.809921 0.731634 1.54469 1.15032 1.2022 1.50867 1.42836 1.13406 1.59991 1.29444 1.04716 1.16139 1.68509 1.1152 0.656494
BD_Bo
 1.42715 0.945081 0.458252 0.248215 0.227731 0.248829 0.35815 0.186461 0.166706 0.111069 0.0758118 0.166664 0.183936 0.151443 0.0947695 0.12178 0.506893 0.457896 0.966753 0.719932 0.752404 0.944208 0.893948 0.709754 1.00131 0.81013 0.655368 0.726862 1.05462 0.697955 0.41087
BD_Brms
 7.76268 5.14055 2.49256 1.35011 1.23869 1.35345 1.94808 1.01421 0.90676 0.604136 0.412361 0.906531 1.00048 0.82374 0.515477 0.662393 2.75713 2.49062 5.25844 3.91591 4.09253 5.13581 4.86243 3.86055 5.44639 4.40652 3.56473 3.9536 5.73636 3.79637 2.23483
Sel_flota
 0.706762 0.97863 0.998852 0.99994 0.999997
 0.706762 0.97863 0.998852 0.99994 0.999997
 0.706762 0.97863 0.998852 0.99994 0.999997
 0.706762 0.97863 0.998852 0.99994 0.999997
 0.706762 0.97863 0.998852 0.99994 0.999997
 0.706762 0.97863 0.998852 0.99994 0.999997
 0.706762 0.97863 0.998852 0.99994 0.999997
 0.706762 0.97863 0.998852 0.99994 0.999997
 0.706762 0.97863 0.998852 0.99994 0.999997
 0.706762 0.97863 0.998852 0.99994 0.999997
 0.706762 0.97863 0.998852 0.99994 0.999997
 0.706762 0.97863 0.998852 0.99994 0.999997
 0.706762 0.97863 0.998852 0.99994 0.999997
 0.706762 0.97863 0.998852 0.99994 0.999997
 0.706762 0.97863 0.998852 0.99994 0.999997
 0.706762 0.97863 0.998852 0.99994 0.999997
 0.706762 0.97863 0.998852 0.99994 0.999997
 0.706762 0.97863 0.998852 0.99994 0.999997
 0.706762 0.97863 0.998852 0.99994 0.999997
 0.706762 0.97863 0.998852 0.99994 0.999997
 0.706762 0.97863 0.998852 0.99994 0.999997
 0.706762 0.97863 0.998852 0.99994 0.999997
 0.706762 0.97863 0.998852 0.99994 0.999997
 0.706762 0.97863 0.998852 0.99994 0.999997
 0.706762 0.97863 0.998852 0.99994 0.999997
 0.706762 0.97863 0.998852 0.99994 0.999997
 0.706762 0.97863 0.998852 0.99994 0.999997
 0.706762 0.97863 0.998852 0.99994 0.999997
 0.706762 0.97863 0.998852 0.99994 0.999997
 0.706762 0.97863 0.998852 0.99994 0.999997
 0.706762 0.97863 0.998852 0.99994 0.999997
Sel_reclas
 1 1 1 1 1
 1 1 1 1 1
 1 1 1 1 1
 1 1 1 1 1
 1 1 1 1 1
 1 1 1 1 1
 1 1 1 1 1
 1 1 1 1 1
 1 1 1 1 1
 1 1 1 1 1
 1 1 1 1 1
 1 1 1 1 1
 1 1 1 1 1
 1 1 1 1 1
 1 1 1 1 1
 1 1 1 1 1
 1 1 1 1 1
 1 1 1 1 1
 1 1 1 1 1
 1 1 1 1 1
 1 1 1 1 1
 1 1 1 1 1
 1 1 1 1 1
 1 1 1 1 1
 1 1 1 1 1
 1 1 1 1 1
 1 1 1 1 1
 1 1 1 1 1
 1 1 1 1 1
 1 1 1 1 1
 1 1 1 1 1
Sel_pelaces
 1 1 1 1 1
 1 1 1 1 1
 1 1 1 1 1
 1 1 1 1 1
 1 1 1 1 1
 1 1 1 1 1
 1 1 1 1 1
 1 1 1 1 1
 1 1 1 1 1
 1 1 1 1 1
 1 1 1 1 1
 1 1 1 1 1
 1 1 1 1 1
 1 1 1 1 1
 1 1 1 1 1
 1 1 1 1 1
 1 1 1 1 1
 1 1 1 1 1
 1 1 1 1 1
 1 1 1 1 1
 1 1 1 1 1
 1 1 1 1 1
 1 1 1 1 1
 1 1 1 1 1
 1 1 1 1 1
 1 1 1 1 1
 1 1 1 1 1
 1 1 1 1 1
 1 1 1 1 1
 1 1 1 1 1
 1 1 1 1 1
pf_obs 
 0.8446 0.082 0.0669 0.0065 0
 0.8095 0.147 0.0364 0.0071 0
 0.9664 0.0169 0.016 0.0007 0
 0.9276 0.0648 0.0075 0.0001 0
 0.7033 0.2144 0.0806 0.0017 0
 0.9318 0.0425 0.0243 0.0014 0
 0.5671 0.3108 0.0964 0.0239 0.0018
 0.0768 0.2599 0.5324 0.112 0.0189
 0.490249 0.384438 0.106611 0.0170017 0.00170017
 0.7925 0.1577 0.0466 0.003 0.0002
 0.840416 0.127587 0.0312969 0.00059994 9.999e-05
 0.8084 0.0986 0.0794 0.0134 0.0002
 0.7335 0.1905 0.0724 0.0035 0.0001
 0.4001 0.4547 0.1325 0.0127 0
 0.49795 0.308269 0.164784 0.0264974 0.00249975
 0.9179 0.0499 0.0305 0.0017 0
 0.2467 0.6533 0.0926 0.0074 0
 0.9418 0.0223 0.034 0.0019 0
 0.707729 0.231977 0.0356964 0.0245975 0
 0.517169 0.277429 0.184464 0.0207286 0.00020938
 0.811772 0.124168 0.05621 0.00726502 0.000585176
 0.764997 0.148141 0.077277 0.00933861 0.000247198
 0.163321 0.427699 0.378323 0.0303852 0.000271297
 0.753843 0.0900009 0.118128 0.0371064 0.000921714
 0.721811 0.176058 0.0630433 0.0369309 0.00215725
 0.143369 0.312575 0.442814 0.0836902 0.0175525
 0.692698 0.0596174 0.167031 0.0765114 0.00414204
 0.394062 0.376323 0.152708 0.0712218 0.00568511
 0.125707 0.32114 0.495352 0.0537591 0.00404204
 0.23352 0.215282 0.420074 0.123614 0.00750983
 0.774587 0.0839891 0.0768558 0.0609784 0.00358967
pf_pred 
 0.442162 0.145412 0.385339 0.027086 8.66293e-07
 0.408355 0.313416 0.0736938 0.191116 0.0134188
 0.560479 0.219826 0.117712 0.0270368 0.0749457
 0.681899 0.206543 0.0564664 0.0295354 0.0255554
 0.646121 0.27005 0.0549438 0.014631 0.014254
 0.781473 0.157482 0.0468296 0.009321 0.00489432
 0.461643 0.451732 0.0628503 0.0182438 0.00553071
 0.460781 0.310112 0.193187 0.0260738 0.00984677
 0.583693 0.22736 0.109659 0.0668682 0.0124189
 0.754577 0.16704 0.0433409 0.0203499 0.0146924
 0.840793 0.131691 0.0189041 0.00476478 0.00384636
 0.738214 0.230623 0.0258737 0.00363545 0.00165408
 0.677884 0.260887 0.0541139 0.00590854 0.00120614
 0.627021 0.283544 0.0728017 0.0147027 0.00193027
 0.743684 0.187636 0.0526164 0.0130801 0.00298321
 0.944092 0.0456948 0.00753373 0.00205353 0.000625966
 0.33266 0.641674 0.021076 0.00338725 0.00120307
 0.89676 0.0429473 0.0580254 0.00186228 0.000405096
 0.572343 0.396189 0.0132686 0.0175153 0.000683564
 0.576692 0.280043 0.13297 0.00434461 0.00595107
 0.728009 0.181 0.0606887 0.0281268 0.00217493
 0.724731 0.218521 0.03806 0.0124698 0.00621847
 0.280142 0.570587 0.119091 0.0202497 0.00993009
 0.727433 0.0967681 0.139986 0.0285788 0.00723366
 0.598405 0.3179 0.0301388 0.0426569 0.0109
 0.408733 0.40053 0.151692 0.0140707 0.0249744
 0.72607 0.134942 0.0948065 0.0351456 0.00903573
 0.675241 0.256546 0.0339814 0.0233583 0.0108726
 0.305683 0.516926 0.140775 0.0182513 0.018364
 0.373921 0.23871 0.289975 0.0773086 0.0200845
 0.815494 0.0849792 0.0384773 0.0457143 0.0153356
pobs_RECLAS
 0 0 0 0 0
 0 0 0 0 0
 0 0 0 0 0
 0 0 0 0 0
 0 0 0 0 0
 0 0 0 0 0
 0 0 0 0 0
 0 0 0 0 0
 0 0 0 0 0
 0 0 0 0 0
 0.991045 0.00858322 0.000360255 1.14367e-05 0
 0.934742 0.0480273 0.0164251 0.00080598 0
 0.827803 0.169806 0.00239088 0 0
 0.941827 0.0461693 0.0120037 0 0
 0.791401 0.0380133 0.147996 0.0225897 0
 0.846168 0.0940531 0.0597789 0 0
 0.134021 0.677848 0.182769 0.00536245 0
 0.80878 0.0450904 0.141981 0.00414843 0
 0.846168 0.0940531 0.0597789 0 0
 0.905697 0.0802665 0.012482 0.00150086 5.37128e-05
 0.989698 0.0102097 9.19794e-05 0 0
 0.975433 0.0193895 0.00387452 0.00125025 5.28907e-05
 0.303575 0.632131 0.0575291 0.00676475 0
 0.966965 0.00978017 0.0227588 0.000495775 0
 0.843318 0.132988 0.00938335 0.0141283 0.000182051
 0.564624 0.303363 0.111486 0.0197234 0.00080311
 0.826376 0.0876187 0.0782897 0.00655872 0.00115652
 0.89761 0.0855135 0.0140674 0.00269457 0.000114338
 0.34875 0.467042 0.161289 0.0227151 0.000203297
 0.318654 0.224769 0.449479 0.00709798 0
 0.937255 0.0296025 0.0250945 0.00804832 0
ppred_RECLAS
 0.528183 0.124895 0.324161 0.0227605 7.27908e-07
 0.493483 0.271092 0.0624084 0.161666 0.0113504
 0.642945 0.180516 0.0946407 0.0217133 0.0601853
 0.752712 0.161821 0.0432856 0.0226147 0.0195661
 0.718634 0.215789 0.042998 0.0114372 0.0111419
 0.834252 0.120161 0.0349804 0.00695465 0.00365157
 0.551441 0.377781 0.0513706 0.0148933 0.00451471
 0.545075 0.263954 0.161058 0.0217135 0.00819964
 0.6664 0.184041 0.0868429 0.0528936 0.00982292
 0.814888 0.126915 0.0321967 0.0150992 0.0109008
 0.880479 0.0992225 0.0139509 0.00351245 0.00283525
 0.799677 0.176938 0.0194191 0.00272535 0.00123992
 0.74865 0.204417 0.0414847 0.00452433 0.000923521
 0.70845 0.22289 0.0559037 0.011276 0.00148029
 0.805373 0.143335 0.0393069 0.00975983 0.00222581
 0.95972 0.0330522 0.00533284 0.00145195 0.000442561
 0.410549 0.56724 0.0182424 0.00292857 0.0010401
 0.92469 0.0317159 0.0419563 0.00134505 0.000292566
 0.652683 0.322278 0.0105647 0.01393 0.00054361
 0.65768 0.228099 0.106022 0.0034602 0.00473935
 0.790048 0.140715 0.0461972 0.0213866 0.00165364
 0.787287 0.16961 0.0289192 0.00946424 0.00471936
 0.352468 0.515493 0.105368 0.0178963 0.00877551
 0.79014 0.0755214 0.106997 0.0218196 0.00552251
 0.675652 0.257898 0.0239459 0.0338542 0.00865017
 0.491767 0.346605 0.128572 0.011913 0.0211433
 0.788533 0.105292 0.0724494 0.0268279 0.00689688
 0.743852 0.203248 0.0263682 0.0181051 0.00842686
 0.380864 0.46341 0.123611 0.0160084 0.0161063
 0.457357 0.209617 0.249366 0.0664082 0.0172516
 0.861753 0.0644177 0.0285621 0.0338964 0.0113704
pobs_PELACES
 0 0 0 0 0
 0 0 0 0 0
 0 0 0 0 0
 0 0 0 0 0
 0 0 0 0 0
 0 0 0 0 0
 0 0 0 0 0
 0 0 0 0 0
 0 0 0 0 0
 0 0 0 0 0
 0 0 0 0 0
 0 0 0 0 0
 0 0 0 0 0
 0 0 0 0 0
 0 0 0 0 0
 0 0 0 0 0
 0.505614 0.472636 0.0217494 0 0
 0 0 0 0 0
 0.443492 0.261883 0.143347 0.151278 0
 0.227955 0.32914 0.350689 0.0885471 0.00366901
 0.970185 0.0296113 0.000203453 0 0
 0.997202 0.00247181 0.000326279 0 0
 0.445219 0.490057 0.0546422 0.010081 0
 0.90214 0.0892962 0.00764917 0.000914606 0
 0 0 0 0 0
 0.581667 0.319106 0.0959925 0.00289975 0.000334073
 0.762889 0.0836404 0.116647 0.0363945 0.000428098
 0.88444 0.0763242 0.0277011 0.0115352 0
 0.521256 0.241999 0.230069 0.00667565 0
 0.616807 0.101726 0.260614 0.0208532 0
 0.833518 0.0704572 0.0857862 0.0102388 0
ppred_PELACES
 0.532268 0.12392 0.321257 0.0225552 7.2134e-07
 0.500919 0.267388 0.0614243 0.159099 0.0111701
 0.649667 0.177307 0.0927626 0.02128 0.058984
 0.761915 0.156 0.0415772 0.0217179 0.0187901
 0.722333 0.21302 0.0423893 0.0112745 0.0109833
 0.83877 0.116964 0.0339677 0.00675244 0.00354538
 0.570238 0.362274 0.0489864 0.0141978 0.00430381
 0.548474 0.262091 0.159763 0.0215378 0.00813327
 0.678042 0.177927 0.0836397 0.0509322 0.00945856
 0.824941 0.120214 0.0303462 0.0142276 0.0102714
 0.881908 0.0980527 0.0137726 0.00346737 0.00279886
 0.80816 0.169525 0.0185319 0.00260027 0.001183
 0.758006 0.196945 0.0398209 0.00434202 0.000886297
 0.726211 0.20963 0.0522422 0.0105338 0.00138284
 0.815019 0.136397 0.0372336 0.00924274 0.00210786
 0.96138 0.0317091 0.00509972 0.00138824 0.000423138
 0.417039 0.561037 0.0180072 0.0028905 0.00102657
 0.926635 0.0309331 0.0408383 0.00130906 0.000284738
 0.661148 0.314489 0.0102807 0.0135536 0.000528915
 0.665541 0.223051 0.103412 0.00337455 0.00462201
 0.794489 0.137829 0.0451611 0.0209048 0.00161637
 0.792884 0.165232 0.0281031 0.00919593 0.00458553
 0.357035 0.512011 0.104503 0.0177481 0.00870278
 0.793217 0.0744779 0.105379 0.0214881 0.00543859
 0.679599 0.254831 0.0236299 0.033405 0.00853538
 0.495486 0.344189 0.127537 0.0118164 0.0209719
 0.791619 0.103827 0.0713456 0.0264173 0.0067913
 0.746722 0.201018 0.02605 0.0178856 0.00832465
 0.384081 0.461119 0.122877 0.0159125 0.0160098
 0.462603 0.207785 0.246815 0.0657235 0.0170736
 0.864526 0.0631843 0.0279683 0.0331887 0.011133
pobs_pel_tallas
 0 0 0 0 0 0 0 0 0 0 0 0 0 0 0 0 0 0 0 0 0 0 0 0 0 0
 0 0 0 0 0 0 0 0 0 0 0 0 0 0 0 0 0 0 0 0 0 0 0 0 0 0
 0 0 0 0 0 0 0 0 0 0 0 0 0 0 0 0 0 0 0 0 0 0 0 0 0 0
 0 0 0 0 0 0 0 0 0 0 0 0 0 0 0 0 0 0 0 0 0 0 0 0 0 0
 0 0 0 0 0 0 0 0 0 0 0 0 0 0 0 0 0 0 0 0 0 0 0 0 0 0
 0 0 0 0 0 0 0 0 0 0 0 0 0 0 0 0 0 0 0 0 0 0 0 0 0 0
 0 0 0 0 0 0 0 0 0 0 0 0 0 0 0 0 0 0 0 0 0 0 0 0 0 0
 0 0 0 0 0 0 0 0 0 0 0 0 0 0 0 0 0 0 0 0 0 0 0 0 0 0
 0 0 0 0 0 0 0 0 0 0 0 0 0 0 0 0 0 0 0 0 0 0 0 0 0 0
 0 0 0 0 0 0 0 0 0 0 0 0 0 0 0 0 0 0 0 0 0 0 0 0 0 0
 0 0 0 0 0 0 0 0 0 0 0 0 0 0 0 0 0 0 0 0 0 0 0 0 0 0
 0 0 0 0 0 0 0 0 0 0 0 0 0 0 0 0 0 0 0 0 0 0 0 0 0 0
 0.00862536 0 0 0.000197151 0.00414017 0.0128641 0.00837892 0.0270097 0.101434 0.158115 0.152841 0.127902 0.109271 0.109419 0.0830992 0.0579132 0.0238553 0.00714673 0.00463305 0.00128148 0.00103504 0.000492878 0.000147863 0.000147863 4.92878e-05 0
 0 0 0 0 0 0 0 0 0 0 0 0 0 0 0 0 0 0 0 0 0 0 0 0 0 0
 0 0 0 0 0 0 0 0.0054083 0.00873648 0.0413646 0.0450493 0.0745869 0.0622846 0.0627006 0.0613931 0.0827291 0.12552 0.122667 0.0946155 0.0697135 0.0546179 0.0294188 0.0215738 0.0213955 0.0102223 0.00600262
 0 0 0 0 0.00359764 0.0251062 0.0480494 0.140153 0.205849 0.193036 0.1447 0.116669 0.0760912 0.0342217 0.00950174 0.001854 0.000860785 0 0 0 0.000165536 0 0.000143464 0 0 0
 0 0 0 0 0 0 0 0.000145254 0.000435761 0.0275982 0.070085 0.0708112 0.156366 0.174668 0.174014 0.160142 0.0824315 0.0480064 0.0283245 0.00493863 0.00203355 0 0 0 0 0
 0 0 0 0 0 0 0 0 0 0 0 0 0 0 0 0 0 0 0 0 0 0 0 0 0 0
 0 0 1.00437e-05 0.000401748 0.00122533 0.00171747 0.00176769 0.0269171 0.070346 0.194647 0.189555 0.159765 0.064822 0.0314167 0.0384472 0.0292271 0.0345202 0.0313363 0.0194345 0.0106764 0.0143323 0.0359363 0.0279516 0.0138201 0.00172751 0
 0 0.0021121 0.0136068 0.0755702 0.200478 0.177729 0.0527432 0.0373336 0.0318909 0.0142505 0.0149659 0.0166563 0.0217959 0.0798694 0.0677717 0.0528807 0.04013 0.0224614 0.0357745 0.0225083 0.00881397 0.00855152 0.00135912 0.000746735 0 0
 0 0 0 0 5.4009e-05 0.00500934 0.000945158 0.0243581 0.138947 0.33067 0.221406 0.137944 0.0707744 0.0437923 0.0131692 0.00525238 0.0047753 0.00276346 9.45158e-05 9.00151e-06 2.25038e-05 9.00151e-06 4.50075e-06 0 0 0
 0.000866109 0.00284123 0.00948549 0.0512746 0.133035 0.25785 0.225252 0.132002 0.0553304 0.0519788 0.0540692 0.017754 0.00435017 0.00159236 0.00146478 0.000404838 0.000125132 0.000115318 0.000107957 0.000100596 0 0 0 0 0 0
 0 0 0 0 0.00144013 0.00171154 0.00461396 0.0210425 0.0478622 0.0707936 0.0888783 0.103762 0.0637923 0.0337046 0.0602308 0.124433 0.169614 0.0934646 0.0462172 0.0250306 0.0313229 0.00938855 0.002487 0.000210481 0 0
 0 0.00764035 0.051015 0.0998891 0.058973 0.0496711 0.0374665 0.0718981 0.12319 0.153886 0.159021 0.0857701 0.0377988 0.023471 0.0147837 0.00900784 0.00315554 0.000888139 0.00291439 0.00214683 0.00393193 0.00274676 0.000635225 9.99891e-05 0 0
 0 0 0 0 0 0 0 0 0 0 0 0 0 0 0 0 0 0 0 0 0 0 0 0 0 0
 0 0 0 0 0 0 0 0 0 0 0 0 0 0 0 0 0 0 0 0 0 0 0 0 0 0
 0 0 0 0 0 0 0 0 0 0 0 0 0 0 0 0 0 0 0 0 0 0 0 0 0 0
 0 0 0 0 0 0 0 0 0 0 0 0 0 0 0 0 0 0 0 0 0 0 0 0 0 0
 0 0 0 0 0 0 0 0 0 0 0 0 0 0 0 0 0 0 0 0 0 0 0 0 0 0
 0 0 0 0 0 0 0 0 0 0 0 0 0 0 0 0 0 0 0 0 0 0 0 0 0 0
 0 0 0 0 0 0 0 0 0 0 0 0 0 0 0 0 0 0 0 0 0 0 0 0 0 0
ppred_pel_tallas
 1.11565e-16 4.38422e-05 0.000426162 0.002832 0.0128739 0.0400554 0.0853427 0.124563 0.124575 0.0854036 0.0402613 0.0134745 0.00436257 0.00384272 0.00675276 0.0116675 0.0181348 0.0255713 0.0333077 0.0408723 0.0479755 0.0541377 0.0583761 0.0594115 0.0563593 0.0493768
 1.19687e-16 4.12601e-05 0.000401063 0.0026652 0.0121156 0.0376964 0.0803171 0.117231 0.117257 0.0804436 0.0381212 0.0133439 0.00575361 0.00716144 0.0129372 0.0214802 0.0313341 0.0402993 0.0462321 0.048327 0.0476535 0.0463825 0.0462809 0.0476379 0.0493036 0.0495841
 1.14839e-16 5.35122e-05 0.000520158 0.00345663 0.0157134 0.0488902 0.104166 0.152037 0.152055 0.10425 0.0491731 0.0165322 0.00551809 0.00504096 0.00870087 0.0144637 0.0212236 0.0275382 0.0319906 0.0339896 0.0341123 0.0336257 0.0335709 0.0341412 0.0347387 0.0344975
 1.06598e-16 6.27579e-05 0.00061003 0.00405386 0.0184283 0.0573373 0.122164 0.178305 0.17832 0.122237 0.0575848 0.0191437 0.00585181 0.00454193 0.00755111 0.0124407 0.0180522 0.0230008 0.0259302 0.0262483 0.0244794 0.021879 0.0196211 0.0181953 0.0173721 0.0165897
 1.04268e-16 5.94977e-05 0.000578338 0.00384326 0.0174709 0.0543587 0.115818 0.169043 0.169064 0.115918 0.054696 0.0184455 0.00629075 0.00592499 0.010225 0.0168398 0.0243243 0.0307427 0.0341645 0.0337079 0.0300561 0.0249676 0.0201882 0.0166167 0.0142114 0.0124446
 1.02288e-16 6.90884e-05 0.000671564 0.00446278 0.0202872 0.0631209 0.134486 0.196289 0.1963 0.134541 0.0633065 0.0208235 0.00581036 0.00361794 0.00567829 0.00931338 0.0134924 0.0171408 0.019209 0.019209 0.0174855 0.0149457 0.0124763 0.010513 0.00901633 0.00773351
 1.03659e-16 4.69698e-05 0.000456563 0.00303402 0.0137923 0.042913 0.091432 0.133455 0.13349 0.0916026 0.0434858 0.0154467 0.00718689 0.00952196 0.0172629 0.0284623 0.0409914 0.0515379 0.0567546 0.0550972 0.0477379 0.0377568 0.0282886 0.0210688 0.0162174 0.0129603
 1.08214e-16 4.51771e-05 0.000439138 0.00291823 0.0132659 0.0412751 0.0879419 0.128359 0.128385 0.0880664 0.0416936 0.0144772 0.00596827 0.00712858 0.012841 0.0213956 0.0313725 0.0406112 0.0469012 0.0491698 0.0480036 0.0450157 0.0416241 0.0382803 0.0346265 0.0301951
 1.09168e-16 5.58495e-05 0.000542877 0.00360761 0.0163997 0.0510256 0.108716 0.158678 0.158695 0.1088 0.0513092 0.0172203 0.00567296 0.00506982 0.00870771 0.0144518 0.0211577 0.0273458 0.031552 0.0331316 0.0326107 0.0312188 0.0299896 0.0291623 0.0282601 0.0266191
 1.04072e-16 6.79493e-05 0.000660492 0.0043892 0.0199527 0.0620802 0.132269 0.193053 0.193064 0.132326 0.0622709 0.0205037 0.00577363 0.00368726 0.00582994 0.00956704 0.0138632 0.0176247 0.019791 0.0198908 0.0183176 0.0160393 0.0139786 0.0125492 0.011625 0.0108257
 1.01244e-16 7.26417e-05 0.000706103 0.0046923 0.0213305 0.0663672 0.141403 0.206383 0.206393 0.141449 0.0665223 0.0217784 0.00581655 0.00316043 0.00473413 0.00771234 0.0111051 0.0139701 0.0154007 0.0149816 0.0130324 0.0103871 0.00789153 0.00600957 0.00476461 0.00393632
 1.0104e-16 6.65671e-05 0.000647056 0.00429991 0.0195468 0.0608174 0.129579 0.189127 0.189143 0.129658 0.0610853 0.0203204 0.00624125 0.00488341 0.00810743 0.0132853 0.0191016 0.0239566 0.026266 0.0252962 0.0215973 0.0166309 0.0119033 0.00827713 0.00585595 0.00430685
 1.01785e-16 6.2436e-05 0.0006069 0.00403306 0.0183337 0.0570431 0.121537 0.177391 0.17741 0.12163 0.0573549 0.0192345 0.00629501 0.00554743 0.00945315 0.015549 0.0224382 0.0283084 0.0313484 0.0307091 0.0269875 0.0217888 0.0167388 0.0127269 0.00981854 0.00765397
 1.02852e-16 5.98171e-05 0.000581443 0.0038639 0.0175647 0.0546505 0.116439 0.169951 0.169971 0.116538 0.0549827 0.0185248 0.00627562 0.005852 0.0100864 0.0166241 0.0240439 0.0304483 0.0339359 0.0336172 0.0301153 0.0250904 0.0201928 0.0162778 0.0133415 0.010971
 1.02394e-16 6.71321e-05 0.000652547 0.00433641 0.0197127 0.0613336 0.130678 0.190731 0.190744 0.130743 0.0615499 0.0203378 0.00590705 0.00408606 0.00660207 0.0108452 0.0157027 0.0199278 0.0222928 0.0222268 0.0201347 0.0170827 0.0141171 0.0117584 0.00996989 0.00846026
 1.00367e-16 7.91876e-05 0.000769732 0.00511514 0.0232527 0.0723477 0.154145 0.224979 0.224982 0.154159 0.0723979 0.0233976 0.00547893 0.00156409 0.00158835 0.00250194 0.00359975 0.00453359 0.00500748 0.00488648 0.00427165 0.00342859 0.00262593 0.00200988 0.00158743 0.00129075
 1.01127e-16 3.4351e-05 0.000333904 0.00221892 0.0100869 0.0313844 0.0668697 0.0976096 0.0976636 0.0671334 0.0322694 0.012642 0.00862756 0.0143076 0.0265246 0.043669 0.0626048 0.0780977 0.0848363 0.0803717 0.0666099 0.0486002 0.0316281 0.018842 0.0107608 0.00627345
 1.01366e-16 7.63257e-05 0.000741913 0.00493027 0.0224123 0.069733 0.148574 0.216848 0.216851 0.148589 0.0697831 0.0225577 0.00529793 0.0015534 0.00164346 0.00266361 0.00398592 0.00533604 0.00647763 0.00728132 0.00776097 0.00799504 0.00800901 0.00773653 0.00709114 0.00607171
 1.01826e-16 5.4458e-05 0.000529351 0.00351772 0.0159911 0.0497543 0.106008 0.154728 0.154758 0.106156 0.0502506 0.0174237 0.00711126 0.00836587 0.0149135 0.0245066 0.0351533 0.0439071 0.0478113 0.0455181 0.0381148 0.0284318 0.0193999 0.0127175 0.00858497 0.00629248
 1.04162e-16 5.48198e-05 0.000532868 0.00354109 0.0160973 0.0500848 0.106712 0.155754 0.155775 0.106817 0.0504398 0.0171241 0.0061237 0.00618799 0.0108453 0.0179735 0.0261886 0.0335581 0.0381203 0.0389228 0.0365113 0.0324169 0.0280998 0.0242238 0.0206979 0.0171972
 1.03709e-16 6.5441e-05 0.00063611 0.00422718 0.0192161 0.0597886 0.127386 0.185927 0.18594 0.127452 0.0600075 0.019849 0.00581804 0.00411656 0.0066979 0.0110288 0.0160217 0.0204468 0.0230955 0.0234148 0.0218138 0.0193317 0.0169467 0.0150784 0.0135861 0.0121079
 1.02552e-16 6.53088e-05 0.000634825 0.00421864 0.0191773 0.0596678 0.127129 0.185552 0.185568 0.127207 0.0599293 0.0199327 0.00611519 0.00477661 0.00793611 0.0130295 0.0187939 0.0237006 0.0262379 0.0257137 0.02266 0.0184576 0.0144912 0.0114956 0.00947286 0.0080369
 1.064e-16 2.94086e-05 0.000285862 0.00189966 0.0086356 0.0268688 0.0572487 0.0835665 0.0836159 0.0574901 0.0276795 0.0109779 0.00778148 0.013134 0.0244539 0.040442 0.0583981 0.0737339 0.0817728 0.0803359 0.0709998 0.0579448 0.0453744 0.0355398 0.0285185 0.0232727
 1.06136e-16 6.53362e-05 0.000635091 0.00422041 0.0191854 0.0596928 0.127182 0.185628 0.185635 0.127218 0.0598138 0.0195368 0.0051101 0.00260214 0.00387415 0.00649252 0.00979378 0.013254 0.0163637 0.0188619 0.0208073 0.0223634 0.0234979 0.023894 0.0231562 0.0211169
 1.05542e-16 5.59777e-05 0.000544123 0.00361589 0.0164373 0.0511428 0.108966 0.159044 0.159069 0.109086 0.0515455 0.0176006 0.00653572 0.00691744 0.0121586 0.0200103 0.0288217 0.0362618 0.0400115 0.0390459 0.0342671 0.0279078 0.0221844 0.018235 0.0159604 0.0145752
 1.08503e-16 4.08126e-05 0.000396713 0.0026363 0.0119842 0.0372876 0.0794464 0.115961 0.115995 0.0796092 0.0378345 0.0135655 0.00661146 0.00909462 0.0166187 0.0275638 0.0400632 0.051135 0.0577435 0.0584623 0.054254 0.0476683 0.0411525 0.0358391 0.0315325 0.0275037
 1.05885e-16 6.52046e-05 0.000633812 0.00421191 0.0191467 0.0595726 0.126926 0.185254 0.185265 0.126976 0.0597388 0.0196281 0.0054249 0.00329772 0.00517156 0.00857056 0.0126328 0.0165067 0.0193647 0.0208282 0.0211489 0.0209331 0.0206436 0.0203024 0.0195888 0.0181683
 1.04006e-16 6.15065e-05 0.000597865 0.00397303 0.0180608 0.056194 0.119728 0.174751 0.17477 0.119823 0.0565119 0.0189791 0.00627821 0.00563075 0.00962209 0.0158168 0.0227976 0.028716 0.0317393 0.0310451 0.0273178 0.0222836 0.0176637 0.014354 0.0123105 0.0109752
 1.07969e-16 3.16364e-05 0.000307517 0.00204356 0.00928975 0.0289041 0.0615849 0.0898943 0.0899388 0.0618026 0.0296352 0.0114026 0.00735144 0.0119093 0.0221086 0.0366121 0.0530001 0.0671968 0.0750458 0.0746053 0.067248 0.0566088 0.0462835 0.0381067 0.0320202 0.0270684
 1.16657e-16 3.8104e-05 0.000370385 0.00246134 0.0111889 0.0348129 0.0741734 0.108262 0.108283 0.0742732 0.035149 0.0121643 0.0049273 0.00581203 0.0105448 0.0178239 0.0267322 0.0358477 0.0437026 0.0495821 0.0537753 0.0569792 0.0594005 0.0603936 0.0589231 0.0543786
 1.06036e-16 7.12098e-05 0.000692185 0.00459981 0.0209101 0.0650591 0.138615 0.202315 0.202321 0.138645 0.0651599 0.0212019 0.00533446 0.0023036 0.00315483 0.00516587 0.00758838 0.00988093 0.011559 0.0124431 0.0127682 0.0129949 0.0134629 0.01416 0.0147574 0.0148361
pSPR Fmed_Fpbrs
0.581644   0.233848 0.233848
Fs Fmed_Fpbrs
0.317121   1.005 1.005
SSBpbr Bo_Bmed_Bpbrs
1.73043e+06  919972  318136 318136
Ro
151512
SPR SPRFo_SPRFmed_SPRFpbrs
1.083e+06 629918 253257
Fref
1.005
Nvult_r0
 182314 14516.4 6465.98 7675.47 2574.73
CTP_r0
 27494.6 2865.1 1297.27 1541.27 517.044
YTP_r0
391284
Np
 214183 81153.2 5862.64 2592.84 3957.01
Nvult_p0
 175456 69987.8 5072.27 2243.66 3424.16
CTP_p0
 72867.9 34703.2 2541 1124.6 1716.35
YTP_p0
 1.25832e+06
CBA_c0
651396
log_Ro
11.7484
likeval ReclasPelacesDesembMPH_pf_preclas_ppelaces_ptallas_desvR_qrecl_qpela
 11.4768 20.5488 0.0205161 0.000843904 240.846 117.622 98.9683 0 27.6348 1.09265e-07 0 0.100341 0 0 0
q_reclas_q_pelaces
1.04796 1
M
1
N
 173822 42082 109413 7683.04 0.245714
 98601.1 56574.3 13066.3 33853.5 2376.83
 98710.8 28930.2 15216.1 3491.59 9678.17
 125491 29048.4 7813.01 4083.14 3532.77
 101858 31433.7 6276.21 1669.62 1626.51
 214870 32504.6 9497.07 1888.53 991.594
 79754.3 61253.6 8400.37 2436.54 738.623
 32776.5 16195.2 9896.73 1334.36 503.896
 36388.5 10858.5 5153.37 3139.75 583.094
 51959.2 8950.33 2287.67 1073.28 774.861
 98416.8 11319.6 1593.99 401.354 323.975
 135717 32557.3 3594.75 504.662 229.603
 111403 32795.4 6692.89 730.148 149.042
 77316.8 27714.7 7018.98 1416.49 185.96
 73888.8 14435 3986.06 990.1 225.805
 455320 16741.9 2714.43 739.237 225.327
 82838.6 119176 3844.25 617.241 219.219
 691120 24698.1 32772.5 1050.8 228.566
 393056 205382 6761.08 8916.82 347.978
 294925 107737 50270.4 1641 2247.66
 446883 82833.4 27275.3 12628.9 976.489
 589699 133604 22865.6 7484.61 3732.25
 110811 166963 34203.2 5809.98 2848.96
 355610 34918.2 49570.5 10109.9 2558.82
 289972 113706 10578.8 14957.7 3821.91
 128699 92728.6 34453.6 3192.62 5666.35
 307749 42224.8 29112.7 10781.5 2771.73
 351758 98305.8 12775 8772.47 4083.08
 92689.4 115086 30744.5 3981.92 4006.29
 64944.6 30690.1 36593 9746.18 2531.89
 263467 20379 9058.82 10752.1 3606.78
pred_Ctot
 12793 4207.18 11148.9 783.672 0.0250642
 12852.1 9864.1 2319.35 6014.96 422.327
 12712.8 4986.1 2669.94 613.249 1699.92
 26114 7909.78 2162.44 1131.09 978.67
 8634.12 3608.69 734.216 195.514 190.476
 31214.1 6290.23 1870.5 372.305 195.492
 23691.1 23182.4 3225.41 936.252 283.83
 2078.5 1398.86 871.429 117.614 44.4169
 7875.31 3067.59 1479.54 902.199 167.558
 13971.8 3092.92 802.501 376.8 272.045
 6323.34 990.409 142.172 35.8344 28.9272
 30456.3 9514.78 1067.46 149.987 68.2419
 23532.5 9056.61 1878.55 205.113 41.8709
 25413.3 11492.1 2950.67 595.904 78.2345
 18655 4706.76 1319.86 328.108 74.8324
 85364.4 4131.71 681.197 185.68 56.5996
 10097.2 19476.7 639.718 102.813 36.5169
 85439.5 4091.83 5528.41 177.43 38.5958
 64870.4 44904.8 1503.89 1985.21 77.4764
 45075.7 21888.9 10393.3 339.586 465.151
 53816.2 13380 4486.25 2079.2 160.776
 87721 26449.6 4606.76 1509.34 752.679
 10174.6 20723.3 4325.32 735.456 360.654
 29748.2 3957.3 5724.69 1168.72 295.819
 24239.3 12877 1220.82 1727.88 441.521
 8882.01 8703.73 3296.35 305.764 542.707
 25914.5 4816.26 3383.78 1254.4 322.498
 24840.2 9437.6 1250.08 859.286 399.97
 5907.18 9989.35 2720.41 352.698 354.875
 6114.8 3903.67 4742.02 1264.24 328.445
 27494.6 2865.1 1297.27 1541.27 517.044
F
 0.122474 0.169586 0.17309 0.173279 0.173289
 0.226195 0.313204 0.319676 0.320024 0.320042
 0.223229 0.309098 0.315485 0.315828 0.315847
 0.384352 0.532199 0.543196 0.543788 0.543819
 0.142197 0.196896 0.200965 0.201183 0.201195
 0.255012 0.353106 0.360403 0.360795 0.360816
 0.594236 0.822818 0.839821 0.840735 0.840783
 0.104765 0.145065 0.148062 0.148224 0.148232
 0.402564 0.557416 0.568934 0.569554 0.569586
 0.523919 0.725453 0.740444 0.74125 0.741292
 0.10621 0.147065 0.150104 0.150268 0.150276
 0.420287 0.581956 0.593982 0.594629 0.594663
 0.391192 0.54167 0.552863 0.553465 0.553496
 0.678258 0.93916 0.958567 0.959611 0.959666
 0.484646 0.671073 0.68494 0.685686 0.685725
 0.340397 0.471336 0.481076 0.481599 0.481627
 0.210169 0.291014 0.297027 0.297351 0.297368
 0.21344 0.295543 0.30165 0.301978 0.301995
 0.294264 0.407458 0.415877 0.41633 0.416354
 0.269889 0.373706 0.381429 0.381844 0.381866
 0.207414 0.287199 0.293134 0.293453 0.29347
 0.261842 0.362563 0.370055 0.370458 0.370479
 0.15482 0.214374 0.218804 0.219042 0.219055
 0.140218 0.194156 0.198168 0.198383 0.198395
 0.140108 0.194003 0.198011 0.198227 0.198238
 0.11447 0.158503 0.161778 0.161954 0.161963
 0.141201 0.195517 0.199557 0.199774 0.199785
 0.117264 0.162371 0.165726 0.165907 0.165916
 0.105312 0.145822 0.148836 0.148998 0.149006
 0.159029 0.220202 0.224753 0.224997 0.22501
 0.177591 0.245905 0.250986 0.251259 0.251274
YTP_r0W_actual
 233704 46701.2 37491.2 53636.3 19751.1
YTP_p0W_proyectada
 547966 559416 59408.6 33175.6 58355.8
CTP_r0_actual
 27494.6 2865.1 1297.27 1541.27 517.044
CTP_p0_proyectada
 72867.9 34703.2 2541 1124.6 1716.35
Wmedp
 7.52 16.12 23.38 29.5 34
Frms_r0
 0.177591 0.245905 0.250986 0.251259 0.251274
Zrms_r0
 1.17759 1.2459 1.25099 1.25126 1.25127
nmprior
 8.19 8.8 8.5 0
nm_flota  nm_reclas  nm_pelaces    nm_pelaL
inf 13.8872 16.3419 37.7826
cv_recla  cv_pelaces  cv_mph
0.306433 0.514003 0.896503
 ------------------------------------------------
Talla a la edad & desviaci?n 
 8 13.2811 15.8009 17.003 17.5766
 0.8 1.32811 1.58009 1.7003 1.75766
