years
 1991 1992 1993 1994 1995 1996 1997 1998 1999 2000 2001 2002 2003 2004 2005 2006 2007 2008 2009 2010 2011 2012 2013 2014 2015 2016 2017 2018 2019 2020 2021
reclasobs
 0 0 0 0 0 0 0 0 0 252601 567819 844713 477998 351125 339783 2.1784e+06 2.13404e+06 4.81314e+06 1.55562e+06 2.62356e+06 3.21686e+06 3.843e+06 1.13348e+06 3.07943e+06 1.97215e+06 2.03268e+06 2.025e+06 2.42433e+06 2.27542e+06 1.05018e+06 2.36338e+06
reclaspred
 4.36809e+06 2.50612e+06 1.28426e+06 1.54921e+06 1.74197e+06 2.56822e+06 1.77735e+06 1.55091e+06 1.06893e+06 731571 654972 762171 741189 594527 614987 1.46087e+06 1.51459e+06 3.14184e+06 2.65875e+06 2.03378e+06 3.57409e+06 2.87711e+06 2.39046e+06 3.53557e+06 2.71859e+06 2.47275e+06 2.84365e+06 2.92616e+06 2.50931e+06 1.66782e+06 2.40977e+06
pelacesobs
 0 0 0 0 0 0 0 0 0 0 0 0 0 0 0 552880 188675 0 991730 2.46772e+06 1.41603e+06 1.21717e+06 2.29649e+06 1.80582e+06 0 1.4828e+06 1.56532e+06 1.57751e+06 1.42118e+06 867257 1.10002e+06
pelacespred
 2.05357e+06 1.31648e+06 681748 693581 781146 1.21662e+06 820112 827084 572968 374615 347533 328197 345894 294810 315957 624698 627286 1.52044e+06 1.31807e+06 933150 1.5907e+06 1.39823e+06 1.14178e+06 1.87708e+06 1.37394e+06 1.24274e+06 1.64965e+06 1.68368e+06 1.15371e+06 869995 1.28141e+06
mphobs
 0 0 0 0 0 0 0 0 0 0 0 498337 0 5186 125008 0 168611 109162 213762 579715 649985 157893 87575 83554 0 0 0 0 0 0 0
mphpred
 3.85243e+06 2.60957e+06 1.33884e+06 743083 1.06529e+06 1.29552e+06 1.62911e+06 1.11365e+06 933828 618077 381205 450411 447041 380951 270288 351296 1.02139e+06 1.02265e+06 1.86848e+06 1.4407e+06 1.58707e+06 1.94588e+06 1.82637e+06 1.56212e+06 2.12411e+06 1.77113e+06 1.49971e+06 1.56649e+06 2.11383e+06 1.48595e+06 994157
desembarqueobs
 494567 514787 250237 358949 120608 361735 552515 73892 212993 205616 52469 317467 293654 387597 252695 516296 358380 742168 942051 627588 828172 859565 418607 520667 417249 300574 415391 372974 316634 284311 391294
desembarquepred
 494577 512898 251365 358967 120611 361757 552615 73895.8 213053 205679 52472.1 317571 293736 387692 252708 516296 358414 742110 941951 627520 828281 859655 418633 520705 417265 300584 415404 372971 316638 284329 391304
Reclutas
 228362 131582 126775 319939 250729 352801 148301 70057 55937.4 68420 112817 149820 130501 93865.4 96051.3 474719 117711 710744 441277 346602 492151 653442 156048 407793 356078 168784 351578 383894 130460 99471.3 342829
log_desv_Rt
 0.113999 -0.437301 -0.474519 0.451195 0.207438 0.548971 -0.317693 -1.06763 -1.2927 -1.09127 -0.591165 -0.307502 -0.445556 -0.775073 -0.752052 0.845789 -0.548706 1.24938 0.772737 0.531242 0.88185 1.16532 -0.266774 0.693826 0.558216 -0.188317 0.545497 0.633432 -0.445866 -0.717066 0.520297
SSB
 3.85243e+06 2.60957e+06 1.33884e+06 743083 1.06529e+06 1.29552e+06 1.62911e+06 1.11365e+06 933828 618077 381205 450411 447041 380951 270288 351296 1.02139e+06 1.02265e+06 1.86848e+06 1.4407e+06 1.58707e+06 1.94588e+06 1.82637e+06 1.56212e+06 2.12411e+06 1.77113e+06 1.49971e+06 1.56649e+06 2.11383e+06 1.48595e+06 994157
BT
 5.14826e+06 3.54076e+06 1.8216e+06 1.89588e+06 1.89054e+06 3.10647e+06 2.38948e+06 1.96814e+06 1.53271e+06 1.065e+06 847896 1.02764e+06 1.06627e+06 1.08415e+06 981519 1.85988e+06 1.7255e+06 4.15951e+06 3.94738e+06 2.70853e+06 4.34219e+06 4.02472e+06 2.9976e+06 4.81224e+06 3.54964e+06 3.13065e+06 4.22664e+06 4.25575e+06 2.92044e+06 2.27744e+06 3.32246e+06
Ftot
 0.108705 0.194535 0.186595 0.225632 0.0675552 0.137607 0.29413 0.0463263 0.191517 0.268136 0.0789554 0.396724 0.378021 0.608949 0.396777 0.346068 0.226715 0.231892 0.338339 0.296126 0.224793 0.287786 0.16826 0.144798 0.148558 0.117707 0.143355 0.125584 0.120917 0.163607 0.160091
BD_Bspro_t
 0.982758 0.871831 0.73587 0.661769 0.70439 0.77385 0.763532 0.647985 0.689579 0.643772 0.597861 0.718579 0.589241 0.499501 0.399319 0.46278 0.610258 0.596515 0.673536 0.583307 0.560699 0.60666 0.618836 0.620098 0.716796 0.726711 0.738462 0.768173 0.804057 0.748263 0.698249
BD_Bspro
 2.64509 1.79173 0.919248 0.510202 0.731432 0.889504 1.11855 0.764635 0.641167 0.424372 0.261736 0.309252 0.306939 0.261561 0.18558 0.2412 0.701286 0.702152 1.2829 0.989186 1.08969 1.33604 1.25399 1.07255 1.45841 1.21606 1.0297 1.07556 1.45136 1.02025 0.682589
BD_Bo
 1.84337 1.24866 0.640627 0.355561 0.509737 0.619898 0.77952 0.532876 0.446831 0.295746 0.182405 0.215519 0.213906 0.182283 0.129331 0.168093 0.488728 0.489332 0.894058 0.689367 0.759406 0.931091 0.873909 0.747465 1.01637 0.847474 0.717601 0.749558 1.01146 0.711018 0.475698
BD_Brms
 12.74 8.62986 4.42755 2.45738 3.52294 4.28429 5.38748 3.68286 3.08818 2.04399 1.26065 1.48951 1.47837 1.25981 0.893846 1.16174 3.37774 3.38191 6.17908 4.76441 5.24847 6.43503 6.03983 5.16594 7.02444 5.85713 4.95954 5.18041 6.99046 4.91404 3.28768
Sel_flota
 0.881176 1 1 1 1
 0.881176 1 1 1 1
 0.881176 1 1 1 1
 0.881176 1 1 1 1
 0.881176 1 1 1 1
 0.881176 1 1 1 1
 0.881176 1 1 1 1
 0.881176 1 1 1 1
 0.881176 1 1 1 1
 0.881176 1 1 1 1
 0.881176 1 1 1 1
 0.881176 1 1 1 1
 0.881176 1 1 1 1
 0.881176 1 1 1 1
 0.881176 1 1 1 1
 0.881176 1 1 1 1
 0.881176 1 1 1 1
 0.881176 1 1 1 1
 0.881176 1 1 1 1
 0.881176 1 1 1 1
 0.881176 1 1 1 1
 0.881176 1 1 1 1
 0.881176 1 1 1 1
 0.881176 1 1 1 1
 0.881176 1 1 1 1
 0.881176 1 1 1 1
 0.881176 1 1 1 1
 0.881176 1 1 1 1
 0.881176 1 1 1 1
 0.881176 1 1 1 1
 0.881176 1 1 1 1
Sel_reclas
 0.938727 1 1 1 1
 0.938727 1 1 1 1
 0.938727 1 1 1 1
 0.938727 1 1 1 1
 0.938727 1 1 1 1
 0.938727 1 1 1 1
 0.938727 1 1 1 1
 0.938727 1 1 1 1
 0.938727 1 1 1 1
 0.938727 1 1 1 1
 0.938727 1 1 1 1
 0.938727 1 1 1 1
 0.938727 1 1 1 1
 0.938727 1 1 1 1
 0.938727 1 1 1 1
 0.938727 1 1 1 1
 0.938727 1 1 1 1
 0.938727 1 1 1 1
 0.938727 1 1 1 1
 0.938727 1 1 1 1
 0.938727 1 1 1 1
 0.938727 1 1 1 1
 0.938727 1 1 1 1
 0.938727 1 1 1 1
 0.938727 1 1 1 1
 0.938727 1 1 1 1
 0.938727 1 1 1 1
 0.938727 1 1 1 1
 0.938727 1 1 1 1
 0.938727 1 1 1 1
 0.938727 1 1 1 1
Sel_pelaces
 1 1 1 1 1
 1 1 1 1 1
 1 1 1 1 1
 1 1 1 1 1
 1 1 1 1 1
 1 1 1 1 1
 1 1 1 1 1
 1 1 1 1 1
 1 1 1 1 1
 1 1 1 1 1
 1 1 1 1 1
 1 1 1 1 1
 1 1 1 1 1
 1 1 1 1 1
 1 1 1 1 1
 1 1 1 1 1
 1 1 1 1 1
 1 1 1 1 1
 1 1 1 1 1
 1 1 1 1 1
 1 1 1 1 1
 1 1 1 1 1
 1 1 1 1 1
 1 1 1 1 1
 1 1 1 1 1
 1 1 1 1 1
 1 1 1 1 1
 1 1 1 1 1
 1 1 1 1 1
 1 1 1 1 1
 1 1 1 1 1
pf_obs 
 0.8446 0.082 0.0669 0.0065 0
 0.8095 0.147 0.0364 0.0071 0
 0.9664 0.0169 0.016 0.0007 0
 0.9276 0.0648 0.0075 0.0001 0
 0.7033 0.2144 0.0806 0.0017 0
 0.9318 0.0425 0.0243 0.0014 0
 0.5671 0.3108 0.0964 0.0239 0.0018
 0.0768 0.2599 0.5324 0.112 0.0189
 0.490249 0.384438 0.106611 0.0170017 0.00170017
 0.7925 0.1577 0.0466 0.003 0.0002
 0.840416 0.127587 0.0312969 0.00059994 9.999e-05
 0.8084 0.0986 0.0794 0.0134 0.0002
 0.7335 0.1905 0.0724 0.0035 0.0001
 0.4001 0.4547 0.1325 0.0127 0
 0.49795 0.308269 0.164784 0.0264974 0.00249975
 0.9179 0.0499 0.0305 0.0017 0
 0.2467 0.6533 0.0926 0.0074 0
 0.9418 0.0223 0.034 0.0019 0
 0.707729 0.231977 0.0356964 0.0245975 0
 0.517169 0.277429 0.184464 0.0207286 0.00020938
 0.811772 0.124168 0.05621 0.00726502 0.000585176
 0.764997 0.148141 0.077277 0.00933861 0.000247198
 0.163321 0.427699 0.378323 0.0303852 0.000271297
 0.753843 0.0900009 0.118128 0.0371064 0.000921714
 0.721811 0.176058 0.0630433 0.0369309 0.00215725
 0.143369 0.312575 0.442814 0.0836902 0.0175525
 0.692698 0.0596174 0.167031 0.0765114 0.00414204
 0.394062 0.376323 0.152708 0.0712218 0.00568511
 0.125707 0.32114 0.495352 0.0537591 0.00404204
 0.23352 0.215282 0.420074 0.123614 0.00750983
 0.774587 0.0839891 0.0768558 0.0609784 0.00358967
pf_pred 
 0.461284 0.103685 0.41379 0.0212397 7.50123e-07
 0.431334 0.28134 0.0553009 0.220696 0.0113287
 0.56295 0.203674 0.11546 0.0226951 0.0952212
 0.811304 0.112645 0.035441 0.0200909 0.0205184
 0.656596 0.285769 0.0344063 0.0108251 0.0124037
 0.711707 0.197638 0.0754403 0.00908292 0.00613216
 0.4599 0.399039 0.0967034 0.0369127 0.00744469
 0.421965 0.287117 0.214938 0.0520881 0.0238926
 0.477147 0.237314 0.141831 0.106175 0.037533
 0.64273 0.182974 0.07911 0.04728 0.047906
 0.772303 0.153796 0.0378479 0.0163638 0.0196891
 0.734049 0.211346 0.0368825 0.00907646 0.008646
 0.696861 0.23137 0.0570336 0.00995306 0.00478256
 0.642718 0.260227 0.074077 0.0182603 0.00471786
 0.744112 0.174293 0.0594297 0.0169175 0.00524767
 0.929502 0.0544634 0.0109219 0.00372411 0.00138896
 0.433304 0.532016 0.0267914 0.00537266 0.0025152
 0.893253 0.0500219 0.0532537 0.00268177 0.000789559
 0.626785 0.338186 0.0164148 0.0174753 0.00113912
 0.629628 0.244947 0.113652 0.00551642 0.00625565
 0.747506 0.167498 0.0562126 0.0260819 0.00270156
 0.752449 0.191466 0.0372053 0.0124862 0.00639351
 0.366594 0.493314 0.108353 0.0210551 0.0106843
 0.74484 0.10188 0.119379 0.0262209 0.00768073
 0.648221 0.270849 0.0323136 0.0378639 0.0107527
 0.469077 0.360383 0.131306 0.0156655 0.0235691
 0.736968 0.132233 0.0887842 0.0323487 0.00966586
 0.694832 0.232714 0.0364246 0.0244562 0.0115732
 0.397964 0.435119 0.127287 0.019923 0.0197068
 0.468645 0.228858 0.218628 0.0639559 0.0199122
 0.828612 0.0862279 0.036679 0.0350394 0.0134415
pobs_RECLAS
 0 0 0 0 0
 0 0 0 0 0
 0 0 0 0 0
 0 0 0 0 0
 0 0 0 0 0
 0 0 0 0 0
 0 0 0 0 0
 0 0 0 0 0
 0 0 0 0 0
 0 0 0 0 0
 0.991045 0.00858322 0.000360255 1.14367e-05 0
 0.934742 0.0480273 0.0164251 0.00080598 0
 0.827803 0.169806 0.00239088 0 0
 0.941827 0.0461693 0.0120037 0 0
 0.791401 0.0380133 0.147996 0.0225897 0
 0.846168 0.0940531 0.0597789 0 0
 0.134021 0.677848 0.182769 0.00536245 0
 0.80878 0.0450904 0.141981 0.00414843 0
 0.846168 0.0940531 0.0597789 0 0
 0.905697 0.0802665 0.012482 0.00150086 5.37128e-05
 0.989698 0.0102097 9.19794e-05 0 0
 0.975433 0.0193895 0.00387452 0.00125025 5.28907e-05
 0.303575 0.632131 0.0575291 0.00676475 0
 0.966965 0.00978017 0.0227588 0.000495775 0
 0.843318 0.132988 0.00938335 0.0141283 0.000182051
 0.564624 0.303363 0.111486 0.0197234 0.00080311
 0.826376 0.0876187 0.0782897 0.00655872 0.00115652
 0.89761 0.0855135 0.0140674 0.00269457 0.000114338
 0.34875 0.467042 0.161289 0.0227151 0.000203297
 0.318654 0.224769 0.449479 0.00709798 0
 0.937255 0.0296025 0.0250945 0.00804832 0
ppred_RECLAS
 0.47733 0.100597 0.401465 0.0206071 7.27781e-07
 0.447466 0.273359 0.0537322 0.214436 0.0110073
 0.578967 0.19621 0.111228 0.0218633 0.0917316
 0.821188 0.106745 0.0335846 0.0190385 0.0194436
 0.670871 0.27389 0.032976 0.0103751 0.0118881
 0.724813 0.188653 0.0720107 0.00867 0.00585338
 0.476553 0.386736 0.0937217 0.0357746 0.00721514
 0.437583 0.279359 0.20913 0.0506806 0.023247
 0.493495 0.229894 0.137396 0.102855 0.0363595
 0.657853 0.175229 0.0757613 0.0452787 0.0458781
 0.783376 0.146317 0.0360073 0.015568 0.0187316
 0.747205 0.200891 0.0350579 0.00862746 0.00821829
 0.71107 0.220525 0.0543603 0.00948653 0.00455839
 0.659162 0.24825 0.0706676 0.0174198 0.00450071
 0.756936 0.165558 0.0564514 0.0160696 0.00498468
 0.93381 0.0511351 0.0102545 0.00349653 0.00130408
 0.449558 0.516757 0.026023 0.00521857 0.00244306
 0.899385 0.0471486 0.0501948 0.00252772 0.000744206
 0.642449 0.323992 0.0157258 0.0167419 0.00109131
 0.645093 0.234719 0.108907 0.00528608 0.00599444
 0.75974 0.159382 0.053489 0.0248182 0.00257066
 0.76468 0.182006 0.0353671 0.0118693 0.00607762
 0.38185 0.481431 0.105744 0.0205479 0.010427
 0.75697 0.0970363 0.113703 0.0249743 0.00731558
 0.662876 0.259566 0.0309675 0.0362865 0.0103048
 0.485175 0.349455 0.127325 0.0151905 0.0228544
 0.749343 0.126012 0.084607 0.0308267 0.00921109
 0.708361 0.222398 0.0348098 0.023372 0.0110601
 0.413533 0.423867 0.123995 0.0194078 0.0191972
 0.484883 0.221865 0.211947 0.0620015 0.0193037
 0.837654 0.0816788 0.034744 0.0331909 0.0127324
pobs_PELACES
 0 0 0 0 0
 0 0 0 0 0
 0 0 0 0 0
 0 0 0 0 0
 0 0 0 0 0
 0 0 0 0 0
 0 0 0 0 0
 0 0 0 0 0
 0 0 0 0 0
 0 0 0 0 0
 0 0 0 0 0
 0 0 0 0 0
 0 0 0 0 0
 0 0 0 0 0
 0 0 0 0 0
 0 0 0 0 0
 0.505614 0.472636 0.0217494 0 0
 0 0 0 0 0
 0.443492 0.261883 0.143347 0.151278 0
 0.227955 0.32914 0.350689 0.0885471 0.00366901
 0.970185 0.0296113 0.000203453 0 0
 0.997202 0.00247181 0.000326279 0 0
 0.445219 0.490057 0.0546422 0.010081 0
 0.90214 0.0892962 0.00764917 0.000914606 0
 0 0 0 0 0
 0.581667 0.319106 0.0959925 0.00289975 0.000334073
 0.762889 0.0836404 0.116647 0.0363945 0.000428098
 0.88444 0.0763242 0.0277011 0.0115352 0
 0.521256 0.241999 0.230069 0.00667565 0
 0.616807 0.101726 0.260614 0.0208532 0
 0.833518 0.0704572 0.0857862 0.0102388 0
ppred_PELACES
 0.494188 0.0973525 0.388517 0.0199424 7.04308e-07
 0.465043 0.264663 0.0520229 0.207614 0.0106571
 0.596061 0.188244 0.106712 0.0209757 0.0880072
 0.831528 0.100572 0.0316425 0.0179376 0.0183193
 0.68525 0.261924 0.0315354 0.00992181 0.0113687
 0.738288 0.179415 0.0684846 0.00824546 0.00556676
 0.495227 0.372939 0.0903782 0.0344983 0.00695775
 0.453651 0.271378 0.203155 0.0492327 0.0225828
 0.511178 0.221868 0.132599 0.0992646 0.0350901
 0.674254 0.166829 0.0721298 0.0431083 0.043679
 0.79442 0.138857 0.0341716 0.0147743 0.0177766
 0.761795 0.189297 0.0330345 0.00812952 0.00774396
 0.726838 0.20849 0.0513936 0.00896881 0.00430962
 0.678453 0.234199 0.0666679 0.0164339 0.00424598
 0.771137 0.155886 0.0531533 0.0151308 0.00469345
 0.938402 0.0475878 0.0095431 0.00325397 0.00121361
 0.467462 0.499949 0.0251766 0.00504883 0.0023636
 0.905743 0.0441691 0.0470228 0.00236799 0.000697177
 0.659823 0.308249 0.0149617 0.0159283 0.00103828
 0.662036 0.223514 0.103708 0.00503373 0.00570827
 0.772644 0.150822 0.0506162 0.0234853 0.0024326
 0.777823 0.17184 0.0333917 0.0112063 0.00573817
 0.398463 0.468493 0.102902 0.0199957 0.0101467
 0.769422 0.0920648 0.107878 0.0236948 0.00694078
 0.67813 0.247821 0.0295662 0.0346446 0.00983849
 0.502132 0.337945 0.123131 0.0146901 0.0221016
 0.762052 0.119623 0.0803172 0.0292637 0.00874406
 0.722238 0.211815 0.0331534 0.0222599 0.0105338
 0.430109 0.411887 0.120491 0.0188592 0.0186546
 0.502289 0.214368 0.204785 0.0599064 0.0186514
 0.846886 0.0770341 0.0327682 0.0313035 0.0120083
pobs_pel_tallas
 0 0 0 0 0 0 0 0 0 0 0 0 0 0 0 0 0 0 0 0 0 0 0 0 0 0
 0 0 0 0 0 0 0 0 0 0 0 0 0 0 0 0 0 0 0 0 0 0 0 0 0 0
 0 0 0 0 0 0 0 0 0 0 0 0 0 0 0 0 0 0 0 0 0 0 0 0 0 0
 0 0 0 0 0 0 0 0 0 0 0 0 0 0 0 0 0 0 0 0 0 0 0 0 0 0
 0 0 0 0 0 0 0 0 0 0 0 0 0 0 0 0 0 0 0 0 0 0 0 0 0 0
 0 0 0 0 0 0 0 0 0 0 0 0 0 0 0 0 0 0 0 0 0 0 0 0 0 0
 0 0 0 0 0 0 0 0 0 0 0 0 0 0 0 0 0 0 0 0 0 0 0 0 0 0
 0 0 0 0 0 0 0 0 0 0 0 0 0 0 0 0 0 0 0 0 0 0 0 0 0 0
 0 0 0 0 0 0 0 0 0 0 0 0 0 0 0 0 0 0 0 0 0 0 0 0 0 0
 0 0 0 0 0 0 0 0 0 0 0 0 0 0 0 0 0 0 0 0 0 0 0 0 0 0
 0 0 0 0 0 0 0 0 0 0 0 0 0 0 0 0 0 0 0 0 0 0 0 0 0 0
 0 0 0 0 0 0 0 0 0 0 0 0 0 0 0 0 0 0 0 0 0 0 0 0 0 0
 0.00862536 0 0 0.000197151 0.00414017 0.0128641 0.00837892 0.0270097 0.101434 0.158115 0.152841 0.127902 0.109271 0.109419 0.0830992 0.0579132 0.0238553 0.00714673 0.00463305 0.00128148 0.00103504 0.000492878 0.000147863 0.000147863 4.92878e-05 0
 0 0 0 0 0 0 0 0 0 0 0 0 0 0 0 0 0 0 0 0 0 0 0 0 0 0
 0 0 0 0 0 0 0 0.0054083 0.00873648 0.0413646 0.0450493 0.0745869 0.0622846 0.0627006 0.0613931 0.0827291 0.12552 0.122667 0.0946155 0.0697135 0.0546179 0.0294188 0.0215738 0.0213955 0.0102223 0.00600262
 0 0 0 0 0.00359764 0.0251062 0.0480494 0.140153 0.205849 0.193036 0.1447 0.116669 0.0760912 0.0342217 0.00950174 0.001854 0.000860785 0 0 0 0.000165536 0 0.000143464 0 0 0
 0 0 0 0 0 0 0 0.000145254 0.000435761 0.0275982 0.070085 0.0708112 0.156366 0.174668 0.174014 0.160142 0.0824315 0.0480064 0.0283245 0.00493863 0.00203355 0 0 0 0 0
 0 0 0 0 0 0 0 0 0 0 0 0 0 0 0 0 0 0 0 0 0 0 0 0 0 0
 0 0 1.00437e-05 0.000401748 0.00122533 0.00171747 0.00176769 0.0269171 0.070346 0.194647 0.189555 0.159765 0.064822 0.0314167 0.0384472 0.0292271 0.0345202 0.0313363 0.0194345 0.0106764 0.0143323 0.0359363 0.0279516 0.0138201 0.00172751 0
 0 0.0021121 0.0136068 0.0755702 0.200478 0.177729 0.0527432 0.0373336 0.0318909 0.0142505 0.0149659 0.0166563 0.0217959 0.0798694 0.0677717 0.0528807 0.04013 0.0224614 0.0357745 0.0225083 0.00881397 0.00855152 0.00135912 0.000746735 0 0
 0 0 0 0 5.4009e-05 0.00500934 0.000945158 0.0243581 0.138947 0.33067 0.221406 0.137944 0.0707744 0.0437923 0.0131692 0.00525238 0.0047753 0.00276346 9.45158e-05 9.00151e-06 2.25038e-05 9.00151e-06 4.50075e-06 0 0 0
 0.000866109 0.00284123 0.00948549 0.0512746 0.133035 0.25785 0.225252 0.132002 0.0553304 0.0519788 0.0540692 0.017754 0.00435017 0.00159236 0.00146478 0.000404838 0.000125132 0.000115318 0.000107957 0.000100596 0 0 0 0 0 0
 0 0 0 0 0.00144013 0.00171154 0.00461396 0.0210425 0.0478622 0.0707936 0.0888783 0.103762 0.0637923 0.0337046 0.0602308 0.124433 0.169614 0.0934646 0.0462172 0.0250306 0.0313229 0.00938855 0.002487 0.000210481 0 0
 0 0.00764035 0.051015 0.0998891 0.058973 0.0496711 0.0374665 0.0718981 0.12319 0.153886 0.159021 0.0857701 0.0377988 0.023471 0.0147837 0.00900784 0.00315554 0.000888139 0.00291439 0.00214683 0.00393193 0.00274676 0.000635225 9.99891e-05 0 0
 0 0 0 0 0 0 0 0 0 0 0 0 0 0 0 0 0 0 0 0 0 0 0 0 0 0
 0 0 0 0 0 0 0 0 0 0 0 0 0 0 0 0 0 0 0 0 0 0 0 0 0 0
 0 0 0 0 0 0 0 0 0 0 0 0 0 0 0 0 0 0 0 0 0 0 0 0 0 0
 0 0 0 0 0 0 0 0 0 0 0 0 0 0 0 0 0 0 0 0 0 0 0 0 0 0
 0 0 0 0 0 0 0 0 0 0 0 0 0 0 0 0 0 0 0 0 0 0 0 0 0 0
 0 0 0 0 0 0 0 0 0 0 0 0 0 0 0 0 0 0 0 0 0 0 0 0 0 0
 0 0 0 0 0 0 0 0 0 0 0 0 0 0 0 0 0 0 0 0 0 0 0 0 0 0
ppred_pel_tallas
 1.13237e-16 4.07056e-05 0.000395673 0.00262939 0.0119528 0.0371897 0.0792369 0.115651 0.115661 0.0792859 0.0373558 0.0124401 0.00388052 0.00321936 0.0056737 0.0100184 0.0160603 0.0235848 0.0322699 0.0417594 0.0515096 0.060459 0.0669313 0.0691136 0.0659357 0.0577461
 1.24194e-16 3.8305e-05 0.000372339 0.00247432 0.0112479 0.0349966 0.0745649 0.108835 0.108861 0.0746901 0.0354172 0.0124641 0.00553277 0.00706904 0.0128193 0.0213087 0.0311399 0.0401875 0.0464098 0.0491138 0.0494601 0.0496442 0.051345 0.0546247 0.0579928 0.059391
 1.20125e-16 4.90968e-05 0.000477238 0.00317142 0.0144168 0.0448562 0.0955715 0.139493 0.139511 0.0956609 0.0451569 0.0152874 0.0053642 0.00528915 0.00926278 0.0154362 0.0227146 0.0296125 0.0346775 0.037337 0.0382449 0.0387516 0.039911 0.0418112 0.0436437 0.0442914
 1.05838e-16 6.84919e-05 0.000665766 0.00442425 0.020112 0.0625759 0.133325 0.194594 0.194603 0.133373 0.0627357 0.020574 0.0055858 0.00320775 0.00491517 0.00806865 0.0117411 0.0150378 0.0171076 0.0175913 0.0168376 0.0156432 0.0147227 0.0143227 0.0142127 0.0139551
 1.03896e-16 5.64432e-05 0.000548648 0.00364596 0.016574 0.051568 0.109872 0.160367 0.160392 0.109995 0.0519821 0.0177699 0.00664751 0.00710027 0.012497 0.0205657 0.0296101 0.0372187 0.0409777 0.0397883 0.0345271 0.0274556 0.0208664 0.0160134 0.0129429 0.0110178
 1.03792e-16 6.08118e-05 0.000591113 0.00392815 0.0178568 0.0555593 0.118376 0.172776 0.172794 0.11846 0.0558444 0.0186813 0.0060009 0.00512679 0.00870672 0.0143807 0.0209034 0.0266895 0.030152 0.0305396 0.0283394 0.0248607 0.0213609 0.0184236 0.0159606 0.0136274
 1.07341e-16 4.07912e-05 0.000396505 0.00263492 0.011978 0.0372681 0.079405 0.115902 0.115938 0.079581 0.0378593 0.0136863 0.00692625 0.00977564 0.0178864 0.0295924 0.0428313 0.0543008 0.0606552 0.0603557 0.0545539 0.0462256 0.0382832 0.0321624 0.0277154 0.0240468
 1.14692e-16 3.73667e-05 0.000363218 0.00241371 0.0109724 0.0341393 0.0727384 0.106169 0.106196 0.0728677 0.0345742 0.0122319 0.00558854 0.00733826 0.0134149 0.0224615 0.0331591 0.0433968 0.0510159 0.0549973 0.0559394 0.0553503 0.05438 0.0530832 0.0506955 0.046476
 1.19777e-16 4.21051e-05 0.000409277 0.00271979 0.0123638 0.0384684 0.0819618 0.11963 0.119652 0.0820673 0.0388234 0.0133916 0.00530987 0.0060972 0.0109455 0.0182985 0.0270045 0.0353636 0.0416985 0.0453365 0.0469835 0.0480756 0.0496227 0.0514886 0.0525842 0.051662
 1.1384e-16 5.55374e-05 0.000539843 0.00358745 0.016308 0.0507404 0.108108 0.157791 0.157807 0.108188 0.0510063 0.0170772 0.0055232 0.00478258 0.00816438 0.0135471 0.0198429 0.0256814 0.0297299 0.0314529 0.0314376 0.030932 0.0309574 0.0316932 0.032519 0.0325277
 1.05512e-16 6.54354e-05 0.000636055 0.00422681 0.0192145 0.0597834 0.127375 0.185911 0.185924 0.127441 0.0600036 0.0198509 0.0058258 0.00413187 0.00672027 0.0110486 0.0160122 0.0203607 0.0228754 0.0230216 0.021268 0.018748 0.016537 0.015109 0.014295 0.013614
 1.03128e-16 6.27481e-05 0.000609934 0.00405323 0.0184254 0.0573283 0.122145 0.178278 0.178296 0.122234 0.0576279 0.0192908 0.00622621 0.00535554 0.0090814 0.0149298 0.0215385 0.0271664 0.0300838 0.0294981 0.0260192 0.0212292 0.016715 0.013319 0.0110435 0.00944342
 1.03166e-16 5.98687e-05 0.000581945 0.00386723 0.0175799 0.0546977 0.11654 0.170098 0.170118 0.116638 0.0550281 0.0185347 0.00626566 0.00582334 0.0100307 0.0165309 0.0239077 0.0302736 0.0337389 0.0334222 0.0299496 0.0249802 0.020163 0.0163509 0.0135342 0.0112863
 1.04351e-16 5.58833e-05 0.000543206 0.00360979 0.0164096 0.0510565 0.108782 0.158775 0.158798 0.108893 0.051428 0.0174833 0.00630772 0.00644175 0.0112846 0.0186364 0.027003 0.0342971 0.0384205 0.0383962 0.0349152 0.0297958 0.0248148 0.0208451 0.0178081 0.0151988
 1.03886e-16 6.35176e-05 0.000617413 0.00410293 0.0186513 0.0580313 0.123642 0.180463 0.180478 0.123716 0.0582789 0.0193672 0.00590231 0.00455402 0.00756501 0.0124721 0.0181161 0.0231098 0.0260791 0.0263872 0.024485 0.0215423 0.0186731 0.0163782 0.0145384 0.0127858
 1.0082e-16 7.72949e-05 0.000751334 0.00499288 0.0226969 0.0706185 0.15046 0.219602 0.219607 0.150483 0.0706939 0.0229146 0.00553966 0.00194583 0.00234841 0.0037668 0.00543475 0.00686846 0.00763218 0.00752748 0.00670491 0.00555471 0.00446457 0.00363464 0.00305783 0.00262199
 1.01761e-16 3.85043e-05 0.000374276 0.0024872 0.0113065 0.0351789 0.0749541 0.109408 0.109456 0.0751891 0.0359679 0.0135845 0.0082016 0.0128367 0.0236712 0.0389785 0.0559256 0.0698633 0.0760785 0.072398 0.0605065 0.0448605 0.0301032 0.0189689 0.0118678 0.00779505
 1.01724e-16 7.46049e-05 0.000725186 0.00481911 0.021907 0.0681608 0.145224 0.21196 0.211964 0.145245 0.068232 0.0221134 0.00534013 0.00187257 0.00228294 0.00373206 0.00554519 0.00733863 0.00876183 0.00963106 0.00999421 0.0100207 0.00982002 0.00935989 0.00854093 0.00733524
 1.02284e-16 5.43488e-05 0.00052829 0.00351067 0.015959 0.0496546 0.105796 0.154418 0.154448 0.10594 0.0501412 0.0173638 0.00703492 0.00821514 0.0146339 0.024057 0.0345349 0.043192 0.0471429 0.0450737 0.0380445 0.0288058 0.0201915 0.0138213 0.00985571 0.00758335
 1.04521e-16 5.45311e-05 0.000530062 0.00352245 0.0160126 0.0498211 0.10615 0.154933 0.154955 0.106256 0.0501769 0.0170415 0.00611066 0.00619766 0.0108695 0.018016 0.0262555 0.0336549 0.0382537 0.0391033 0.0367558 0.0327473 0.028536 0.0247744 0.0213515 0.0179203
 1.04267e-16 6.36417e-05 0.00061862 0.00411095 0.0186878 0.0581447 0.123884 0.180815 0.18083 0.123955 0.0583843 0.0193805 0.0058523 0.00442868 0.00732534 0.0120775 0.017553 0.022416 0.0253487 0.0257487 0.0240635 0.0214257 0.0188959 0.0169211 0.0153351 0.0137338
 1.03103e-16 6.40683e-05 0.000622767 0.00413851 0.0188131 0.0585345 0.124715 0.182028 0.182045 0.124796 0.0588066 0.0195992 0.0061126 0.00493509 0.00826249 0.0135809 0.0196118 0.0247789 0.0275214 0.0271253 0.0241392 0.0199802 0.0160565 0.013096 0.0110712 0.00956728
 1.06812e-16 3.28209e-05 0.000319031 0.00212008 0.00963759 0.0299864 0.0638908 0.0932599 0.0933052 0.0641117 0.0307284 0.0117817 0.00750505 0.012084 0.0224047 0.037061 0.0535562 0.0677078 0.0752577 0.0742255 0.0660483 0.0545189 0.0434256 0.0347584 0.0285266 0.0237464
 1.06688e-16 6.33763e-05 0.00061604 0.0040938 0.0186098 0.0579022 0.123367 0.18006 0.180069 0.123411 0.058051 0.0190417 0.00518535 0.00302395 0.00471011 0.00787948 0.0117968 0.0157842 0.0191753 0.0216402 0.0233001 0.0244697 0.0252642 0.0254381 0.0245815 0.0224667
 1.06056e-16 5.58567e-05 0.000542947 0.00360808 0.0164018 0.0510322 0.10873 0.1587 0.158724 0.108847 0.0514242 0.0175339 0.00645021 0.00674853 0.0118455 0.0195074 0.0281314 0.0354659 0.0392719 0.0385612 0.0342027 0.0283379 0.023073 0.0194596 0.0173578 0.0159859
 1.08854e-16 4.13601e-05 0.000402034 0.00267166 0.012145 0.0377878 0.0805121 0.117517 0.117549 0.0806719 0.0383247 0.0136974 0.00657433 0.00894116 0.0163162 0.0270591 0.0393284 0.0501972 0.05669 0.0574159 0.0533339 0.046961 0.0407059 0.0356712 0.0316372 0.0278484
 1.06763e-16 6.27693e-05 0.00061014 0.00405459 0.0184316 0.0573476 0.122186 0.178336 0.178347 0.122242 0.057539 0.0189859 0.0054514 0.00367723 0.00594052 0.00986067 0.0145271 0.0189643 0.0222163 0.0238466 0.0241498 0.0238356 0.0234524 0.0230405 0.0222379 0.0206567
 1.05026e-16 5.94898e-05 0.000578262 0.00384276 0.0174686 0.0543515 0.115802 0.169021 0.169042 0.115902 0.0546867 0.018437 0.0062742 0.00588856 0.0101523 0.0167107 0.0241198 0.0304524 0.0337955 0.0332943 0.0296663 0.0247054 0.0201787 0.0169727 0.0149889 0.0136085
 1.08631e-16 3.54276e-05 0.000344368 0.00228845 0.010403 0.0323678 0.0689645 0.100664 0.100704 0.069159 0.0330212 0.0122916 0.00703412 0.0107205 0.0197895 0.0327857 0.04752 0.0603762 0.0676732 0.0676968 0.0616663 0.0527831 0.044176 0.037382 0.0322577 0.0278959
 1.15129e-16 4.1373e-05 0.00040216 0.0026725 0.0121488 0.0377995 0.0805366 0.11755 0.117571 0.0806391 0.0381446 0.0131493 0.00519815 0.00596324 0.0107431 0.0180636 0.0268841 0.0356365 0.0427202 0.0473799 0.0500204 0.0516132 0.0527204 0.053008 0.0515918 0.0478027
 1.06137e-16 6.97569e-05 0.000678062 0.00450596 0.0204834 0.0637316 0.135787 0.198187 0.198194 0.135824 0.0638544 0.0208387 0.00540022 0.00263847 0.00381771 0.00626793 0.00918475 0.0119055 0.013819 0.0146833 0.0147691 0.0146413 0.0147461 0.0151319 0.0154804 0.0153598
pSPR Fmed_Fpbrs
0.687642   0.194691 0.194691
Fs Fmed_Fpbrs
0.190494   1.005 1.005
SSBpbr Bo_Bmed_Bpbrs
2.08989e+06  1.3326e+06  302388 302388
Ro
203758
SPR SPRFo_SPRFmed_SPRFpbrs
1.45645e+06 1.00152e+06 283558
Fref
1.005
Nvult_r0
 233303 21750 9251.87 8838.31 3390.47
CTP_r0
 28842.9 3001.48 1276.75 1219.68 467.881
YTP_r0
391304
Np
 261871 109526 9930.5 4224.17 5300.25
Nvult_p0
 222134 94777.3 8593.26 3655.34 4586.52
CTP_p0
 104328 47506.8 4307.34 1832.23 2298.98
YTP_p0
 1.78327e+06
CBA_c0
808895
log_Ro
12.0447
likeval ReclasPelacesDesembMPH_pf_preclas_ppelaces_ptallas_desvR_qrecl_qpela
 22.1197 17.2912 0.171531 0.00288763 242.547 120.915 98.1342 0 20.9214 0 0 0.868419 0 0 0
q_reclas_q_pelaces
1 1
M
1
N
 228362 45471.1 181467 9314.66 0.328966
 131582 76336.1 15004.8 59881.7 3073.82
 126775 40780.9 23118 4544.14 19065.8
 319939 39566.9 12448.7 7056.97 7207.13
 250729 96477.3 11615.7 3654.6 4187.54
 352801 86907.5 33173.5 3994.05 2696.51
 148301 114968 27861.3 10634.9 2144.89
 70057 42100.6 31516.8 7637.79 3503.42
 55937.4 24741.6 14786.8 11069.5 3913.08
 68420 17382.7 7515.52 4491.64 4551.11
 112817 19873.6 4890.71 2114.53 2544.23
 149820 38713.8 6756.02 1662.6 1583.75
 130501 38855.5 9578.02 1671.48 803.166
 93865.4 34407.5 9794.57 2414.4 623.802
 96051.3 20191.7 6884.88 1959.87 607.938
 474719 24909.6 4995.28 1703.27 635.259
 117711 128738 6483 1300.08 608.629
 710744 35461.7 37752.8 1901.17 559.737
 441277 213146 10345.6 11014 717.945
 346602 120486 55904 2713.45 3077.07
 492151 98222.7 32963.8 15294.8 1584.23
 653442 148518 28859.7 9685.37 4959.36
 156048 186543 40973.2 7961.83 4040.2
 407793 49496.1 57997.7 12738.9 3731.52
 356078 132048 15754 18460 5242.33
 168784 114921 41871.7 4995.5 7515.85
 351578 55974.5 37582.5 13693.3 4091.57
 383894 113990 17841.8 11979.3 5668.88
 130460 126432 36985.6 5789 5726.19
 99471.3 43143 41214.5 12056.6 3753.73
 342829 31680.5 13476 12873.6 4938.47
pred_Ctot
 13289.4 2987.12 11921.1 611.906 0.0216107
 13287.4 8666.79 1703.57 6798.65 348.985
 12314.3 4455.29 2525.63 496.445 2082.92
 37060.6 5145.67 1618.95 917.757 937.285
 9204.07 4005.88 482.302 151.744 173.873
 25720 7142.32 2726.3 328.243 221.607
 21859.4 18966.7 4596.39 1754.49 353.852
 1777.3 1209.32 905.307 219.393 100.634
 5567.02 2768.82 1654.78 1238.78 437.91
 9278.11 2641.31 1141.99 682.509 691.545
 4820.28 959.91 236.226 102.134 122.889
 28743.2 8275.7 1444.21 355.408 338.552
 24010.8 7972.03 1965.14 342.94 164.787
 25727.5 10416.7 2965.24 730.944 188.852
 18429.7 4316.78 1471.92 419.001 129.971
 80850.9 4737.39 950.021 323.934 120.816
 13695.4 16815.3 846.792 169.813 79.4975
 84426.7 4727.86 5033.33 253.47 74.6259
 73674.3 39751.5 1929.45 2054.11 133.896
 51399.7 19996.2 9277.99 450.333 510.68
 56813.7 12730.6 4272.41 1982.34 205.33
 94449.5 24033.3 4670.11 1567.3 802.531
 13758.2 18514 4066.48 790.192 400.98
 31201.8 4267.8 5000.85 1098.41 321.75
 27914.7 11663.7 1391.54 1630.56 463.051
 10601.1 8144.63 2967.51 354.039 532.66
 26646.3 4781.11 3210.14 1169.62 349.485
 25652.3 8591.54 1344.75 902.894 427.269
 8407.74 9192.7 2689.17 420.909 416.343
 8541.71 4171.26 3984.8 1165.69 362.928
 28842.9 3001.48 1276.75 1219.68 467.881
F
 0.0957882 0.108705 0.108705 0.108705 0.108705
 0.17142 0.194535 0.194535 0.194535 0.194535
 0.164423 0.186595 0.186595 0.186595 0.186595
 0.198822 0.225632 0.225632 0.225632 0.225632
 0.059528 0.0675552 0.0675552 0.0675552 0.0675552
 0.121256 0.137607 0.137607 0.137607 0.137607
 0.25918 0.29413 0.29413 0.29413 0.29413
 0.0408216 0.0463263 0.0463263 0.0463263 0.0463263
 0.16876 0.191517 0.191517 0.191517 0.191517
 0.236275 0.268136 0.268136 0.268136 0.268136
 0.0695736 0.0789554 0.0789554 0.0789554 0.0789554
 0.349584 0.396724 0.396724 0.396724 0.396724
 0.333103 0.378021 0.378021 0.378021 0.378021
 0.536591 0.608949 0.608949 0.608949 0.608949
 0.34963 0.396777 0.396777 0.396777 0.396777
 0.304947 0.346068 0.346068 0.346068 0.346068
 0.199776 0.226715 0.226715 0.226715 0.226715
 0.204338 0.231892 0.231892 0.231892 0.231892
 0.298137 0.338339 0.338339 0.338339 0.338339
 0.260939 0.296126 0.296126 0.296126 0.296126
 0.198082 0.224793 0.224793 0.224793 0.224793
 0.25359 0.287786 0.287786 0.287786 0.287786
 0.148267 0.16826 0.16826 0.16826 0.16826
 0.127592 0.144798 0.144798 0.144798 0.144798
 0.130906 0.148558 0.148558 0.148558 0.148558
 0.103721 0.117707 0.117707 0.117707 0.117707
 0.126321 0.143355 0.143355 0.143355 0.143355
 0.110661 0.125584 0.125584 0.125584 0.125584
 0.106549 0.120917 0.120917 0.120917 0.120917
 0.144166 0.163607 0.163607 0.163607 0.163607
 0.141069 0.160091 0.160091 0.160091 0.160091
YTP_r0W_actual
 245164 48924.1 36898 42444.7 17873.1
YTP_p0W_proyectada
 784543 765810 100706 54050.7 78165.2
CTP_r0_actual
 28842.9 3001.48 1276.75 1219.68 467.881
CTP_p0_proyectada
 104328 47506.8 4307.34 1832.23 2298.98
Wmedp
 7.52 16.12 23.38 29.5 34
Frms_r0
 0.141069 0.160091 0.160091 0.160091 0.160091
Zrms_r0
 1.14107 1.16009 1.16009 1.16009 1.16009
nmprior
 8.19 8.8 8.5 0
nm_flota  nm_reclas  nm_pelaces    nm_pelaL
inf 10.9883 21.9439 55.4253
cv_recla  cv_pelaces  cv_mph
0.425416 0.471503 1.65835
 ------------------------------------------------
Talla a la edad & desviaci?n 
 8 13.2811 15.8009 17.003 17.5766
 0.8 1.32811 1.58009 1.7003 1.75766
