years
 1991 1992 1993 1994 1995 1996 1997 1998 1999 2000 2001 2002 2003 2004 2005 2006 2007 2008 2009 2010 2011 2012 2013 2014 2015 2016 2017 2018 2019 2020 2021
reclasobs
 0 0 0 0 0 0 0 0 0 252601 567819 844713 477998 351125 339783 2.1784e+06 2.13404e+06 4.81314e+06 1.55562e+06 2.62356e+06 3.21686e+06 3.843e+06 1.13348e+06 3.07943e+06 1.97215e+06 2.03268e+06 2.025e+06 2.42433e+06 2.27542e+06 1.05018e+06 2.36338e+06
reclaspred
 3.66484e+06 1.49798e+06 809544 460440 148439 1.64783e+06 681966 311175 164062 206317 363276 616341 576157 406555 330419 1.73607e+06 1.24891e+06 4.01551e+06 3.23838e+06 1.96463e+06 3.73062e+06 3.22946e+06 2.03286e+06 3.52029e+06 2.40021e+06 1.77433e+06 2.58802e+06 3.38344e+06 2.50951e+06 1.13048e+06 1.67513e+06
pelacesobs
 0 0 0 0 0 0 0 0 0 0 0 0 0 0 0 552880 188675 0 991730 2.46772e+06 1.41603e+06 1.21717e+06 2.29649e+06 1.80582e+06 0 1.4828e+06 1.56532e+06 1.57751e+06 1.42118e+06 867257 1.10002e+06
pelacespred
 1.02299e+06 431796 205069 79855.9 28487.6 431832 134182 85763.3 29352 41633.9 92926.9 129702 134216 91988.4 75494.4 387165 278514 1.09697e+06 872231 488802 940621 826947 526761 1.04087e+06 668912 492743 834612 1.0659e+06 656782 340287 480662
mphobs
 0 0 0 0 0 0 0 0 0 0 0 498337 0 5186 125008 0 168611 109162 213762 579715 649985 157893 87575 83554 0 0 0 0 0 0 0
mphpred
 2.21769e+06 1.12062e+06 356343 252831 93424.5 34157.4 510897 159524 70850.2 23419.2 40848.9 134610 169832 124026 64534.2 72330.2 637711 416802 1.33273e+06 923003 779998 1.10569e+06 1.10573e+06 707406 1.14061e+06 830567 563598 779138 1.37257e+06 778661 313702
desembarqueobs
 494567 514787 250237 358949 120608 361735 552515 73892 212993 205616 52469 317467 293654 387597 252695 516296 358380 742168 942051 627588 828172 859565 418607 520667 417249 300574 415391 372974 316634 284311 391294
desembarquepred
 494529 514904 249525 358878 120566 361586 551938 73876.2 212802 205477 52463.2 317280 293447 387110 252477 515994 358284 741784 941024 626868 827847 858995 418434 520528 417070 300430 415227 372837 316510 284159 391153
Reclutas
 46035.7 35370.1 157542 31350.4 14531.8 289382 27108.4 7224.67 21401.8 56563.3 59379 121631 88210.7 67624.6 49413.3 402536 28872.6 653939 326684 192283 384511 514936 41166.3 281388 189126 64911.8 241313 304046 38319.4 21790.6 180122
log_desv_Rt
 -0.657168 -0.920718 0.573107 -1.04136 -1.81024 1.18116 -1.18674 -2.50908 -1.42311 -0.451225 -0.402644 0.314404 -0.00685687 -0.272613 -0.586365 1.5112 -1.12369 1.99643 1.30241 0.772385 1.46539 1.75746 -0.768965 1.15315 0.755828 -0.313556 0.999511 1.23059 -0.840629 -1.4051 0.707048
SSB
 2.21769e+06 1.12062e+06 356343 252831 93424.5 34157.4 510897 159524 70850.2 23419.2 40848.9 134610 169832 124026 64534.2 72330.2 637711 416802 1.33273e+06 923003 779998 1.10569e+06 1.10573e+06 707406 1.14061e+06 830567 563598 779138 1.37257e+06 778661 313702
BT
 2.80522e+06 1.53611e+06 708546 454812 169757 1.31643e+06 793580 266556 268579 290859 258045 560311 573971 613618 425289 1.30112e+06 923962 3.2004e+06 2.90425e+06 1.70167e+06 2.86196e+06 2.68888e+06 1.57887e+06 2.89504e+06 1.93411e+06 1.41013e+06 2.36018e+06 2.83126e+06 1.77916e+06 1.08161e+06 1.49485e+06
Ftot
 0.218447 0.540156 0.549339 1.18248 1.2354 0.463685 1.19318 0.395188 2.00816 1.76953 0.295872 0.943561 0.907345 1.60638 1.38517 0.615039 0.469082 0.375266 0.51335 0.553868 0.416623 0.488521 0.338707 0.287238 0.305262 0.290794 0.312888 0.21713 0.207098 0.405508 0.459205
BD_Bspro_t
 0.965767 0.741627 0.452502 0.395026 0.172886 0.0961278 0.496562 0.207929 0.140835 0.0668763 0.134851 0.403742 0.329098 0.233716 0.134502 0.153971 0.48527 0.375352 0.588559 0.465454 0.38461 0.466432 0.492297 0.423495 0.572467 0.555027 0.523602 0.626577 0.72398 0.604014 0.437707
BD_Bspro
 3.49824 1.76768 0.562103 0.39882 0.14737 0.0538806 0.8059 0.251637 0.111761 0.0369419 0.0644359 0.212337 0.267897 0.195641 0.101798 0.114095 1.00594 0.657473 2.10228 1.45596 1.23038 1.74414 1.74421 1.11588 1.79922 1.31015 0.889031 1.22903 2.16512 1.22828 0.49484
BD_Bo
 1.36766 0.691087 0.219758 0.155921 0.0576152 0.021065 0.315072 0.098379 0.0436935 0.0144427 0.0251916 0.0830144 0.104736 0.0764871 0.0397984 0.0446062 0.393278 0.257043 0.821899 0.569218 0.481027 0.681881 0.681909 0.436259 0.703415 0.512213 0.347572 0.480496 0.846468 0.480203 0.193461
BD_Brms
 7.69477 3.88822 1.23641 0.87725 0.324156 0.118516 1.77267 0.553503 0.24583 0.0812579 0.141734 0.467058 0.58927 0.430334 0.223915 0.250965 2.21268 1.44619 4.6242 3.20256 2.70637 3.83642 3.83658 2.4545 3.95758 2.88183 1.95552 2.70339 4.76243 2.70173 1.08846
Sel_flota
 0.731458 0.981044 0.998984 0.999946 0.999997
 0.731458 0.981044 0.998984 0.999946 0.999997
 0.731458 0.981044 0.998984 0.999946 0.999997
 0.731458 0.981044 0.998984 0.999946 0.999997
 0.731458 0.981044 0.998984 0.999946 0.999997
 0.731458 0.981044 0.998984 0.999946 0.999997
 0.731458 0.981044 0.998984 0.999946 0.999997
 0.731458 0.981044 0.998984 0.999946 0.999997
 0.731458 0.981044 0.998984 0.999946 0.999997
 0.731458 0.981044 0.998984 0.999946 0.999997
 0.731458 0.981044 0.998984 0.999946 0.999997
 0.731458 0.981044 0.998984 0.999946 0.999997
 0.731458 0.981044 0.998984 0.999946 0.999997
 0.731458 0.981044 0.998984 0.999946 0.999997
 0.731458 0.981044 0.998984 0.999946 0.999997
 0.731458 0.981044 0.998984 0.999946 0.999997
 0.731458 0.981044 0.998984 0.999946 0.999997
 0.731458 0.981044 0.998984 0.999946 0.999997
 0.731458 0.981044 0.998984 0.999946 0.999997
 0.731458 0.981044 0.998984 0.999946 0.999997
 0.731458 0.981044 0.998984 0.999946 0.999997
 0.731458 0.981044 0.998984 0.999946 0.999997
 0.731458 0.981044 0.998984 0.999946 0.999997
 0.731458 0.981044 0.998984 0.999946 0.999997
 0.731458 0.981044 0.998984 0.999946 0.999997
 0.731458 0.981044 0.998984 0.999946 0.999997
 0.731458 0.981044 0.998984 0.999946 0.999997
 0.731458 0.981044 0.998984 0.999946 0.999997
 0.731458 0.981044 0.998984 0.999946 0.999997
 0.731458 0.981044 0.998984 0.999946 0.999997
 0.731458 0.981044 0.998984 0.999946 0.999997
Sel_reclas
 1 1 1 1 1
 1 1 1 1 1
 1 1 1 1 1
 1 1 1 1 1
 1 1 1 1 1
 1 1 1 1 1
 1 1 1 1 1
 1 1 1 1 1
 1 1 1 1 1
 1 1 1 1 1
 1 1 1 1 1
 1 1 1 1 1
 1 1 1 1 1
 1 1 1 1 1
 1 1 1 1 1
 1 1 1 1 1
 1 1 1 1 1
 1 1 1 1 1
 1 1 1 1 1
 1 1 1 1 1
 1 1 1 1 1
 1 1 1 1 1
 1 1 1 1 1
 1 1 1 1 1
 1 1 1 1 1
 1 1 1 1 1
 1 1 1 1 1
 1 1 1 1 1
 1 1 1 1 1
 1 1 1 1 1
 1 1 1 1 1
Sel_pelaces
 1 1 1 1 1
 1 1 1 1 1
 1 1 1 1 1
 1 1 1 1 1
 1 1 1 1 1
 1 1 1 1 1
 1 1 1 1 1
 1 1 1 1 1
 1 1 1 1 1
 1 1 1 1 1
 1 1 1 1 1
 1 1 1 1 1
 1 1 1 1 1
 1 1 1 1 1
 1 1 1 1 1
 1 1 1 1 1
 1 1 1 1 1
 1 1 1 1 1
 1 1 1 1 1
 1 1 1 1 1
 1 1 1 1 1
 1 1 1 1 1
 1 1 1 1 1
 1 1 1 1 1
 1 1 1 1 1
 1 1 1 1 1
 1 1 1 1 1
 1 1 1 1 1
 1 1 1 1 1
 1 1 1 1 1
 1 1 1 1 1
pf_obs 
 0.8446 0.082 0.0669 0.0065 0
 0.8095 0.147 0.0364 0.0071 0
 0.9664 0.0169 0.016 0.0007 0
 0.9276 0.0648 0.0075 0.0001 0
 0.7033 0.2144 0.0806 0.0017 0
 0.9318 0.0425 0.0243 0.0014 0
 0.5671 0.3108 0.0964 0.0239 0.0018
 0.0768 0.2599 0.5324 0.112 0.0189
 0.490249 0.384438 0.106611 0.0170017 0.00170017
 0.7925 0.1577 0.0466 0.003 0.0002
 0.840416 0.127587 0.0312969 0.00059994 9.999e-05
 0.8084 0.0986 0.0794 0.0134 0.0002
 0.7335 0.1905 0.0724 0.0035 0.0001
 0.4001 0.4547 0.1325 0.0127 0
 0.49795 0.308269 0.164784 0.0264974 0.00249975
 0.9179 0.0499 0.0305 0.0017 0
 0.2467 0.6533 0.0926 0.0074 0
 0.9418 0.0223 0.034 0.0019 0
 0.707729 0.231977 0.0356964 0.0245975 0
 0.517169 0.277429 0.184464 0.0207286 0.00020938
 0.811772 0.124168 0.05621 0.00726502 0.000585176
 0.764997 0.148141 0.077277 0.00933861 0.000247198
 0.163321 0.427699 0.378323 0.0303852 0.000271297
 0.753843 0.0900009 0.118128 0.0371064 0.000921714
 0.721811 0.176058 0.0630433 0.0369309 0.00215725
 0.143369 0.312575 0.442814 0.0836902 0.0175525
 0.692698 0.0596174 0.167031 0.0765114 0.00414204
 0.394062 0.376323 0.152708 0.0712218 0.00568511
 0.125707 0.32114 0.495352 0.0537591 0.00404204
 0.23352 0.215282 0.420074 0.123614 0.00750983
 0.796117 0.104755 0.0508955 0.0450114 0.00322123
pf_pred 
 0.195209 0.226248 0.514425 0.064117 8.54617e-07
 0.32604 0.169496 0.143847 0.320688 0.0399286
 0.85407 0.0604812 0.0218827 0.0181419 0.0454237
 0.373922 0.560673 0.0275 0.00971689 0.028189
 0.548894 0.221569 0.206251 0.00980037 0.013485
 0.985816 0.00946108 0.00235783 0.00212525 0.000239511
 0.226106 0.766212 0.00516401 0.00125809 0.00126025
 0.300386 0.223541 0.471495 0.0030788 0.00149884
 0.780016 0.0838346 0.0441579 0.0911078 0.00088349
 0.95885 0.0359363 0.00204266 0.00103008 0.0021409
 0.88647 0.110885 0.00232124 0.000126813 0.00019643
 0.836931 0.149274 0.0134805 0.00027642 3.8449e-05
 0.738446 0.232262 0.0268782 0.0023591 5.50178e-05
 0.735983 0.214677 0.0439518 0.00494484 0.00044346
 0.817019 0.151955 0.0254045 0.00500918 0.000612864
 0.977017 0.0202748 0.00226242 0.000365485 8.07333e-05
 0.190108 0.797032 0.0113764 0.00123903 0.000244056
 0.943737 0.0140607 0.041547 0.000579824 7.54977e-05
 0.573223 0.409601 0.00436195 0.0126152 0.000198751
 0.546357 0.298466 0.149075 0.00155132 0.00455165
 0.800991 0.126559 0.0480498 0.0234417 0.000958428
 0.766553 0.198672 0.0222941 0.00828067 0.00420008
 0.16485 0.688337 0.125371 0.0137527 0.00768957
 0.797621 0.0436743 0.131288 0.0234163 0.00400034
 0.594594 0.343224 0.013637 0.0401667 0.00837875
 0.375021 0.418941 0.175005 0.00681168 0.0242215
 0.813748 0.0846436 0.0685717 0.0280654 0.00497111
 0.738208 0.224976 0.0169233 0.0134298 0.00646303
 0.195312 0.638863 0.142905 0.0105413 0.0123779
 0.257998 0.184924 0.444063 0.0974094 0.0156059
 0.886616 0.0376304 0.0191933 0.0450961 0.0114637
pobs_RECLAS
 0 0 0 0 0
 0 0 0 0 0
 0 0 0 0 0
 0 0 0 0 0
 0 0 0 0 0
 0 0 0 0 0
 0 0 0 0 0
 0 0 0 0 0
 0 0 0 0 0
 0 0 0 0 0
 0.991045 0.00858322 0.000360255 1.14367e-05 0
 0.934742 0.0480273 0.0164251 0.00080598 0
 0.827803 0.169806 0.00239088 0 0
 0.941827 0.0461693 0.0120037 0 0
 0.791401 0.0380133 0.147996 0.0225897 0
 0.846168 0.0940531 0.0597789 0 0
 0.134021 0.677848 0.182769 0.00536245 0
 0.80878 0.0450904 0.141981 0.00414843 0
 0.846168 0.0940531 0.0597789 0 0
 0.905697 0.0802665 0.012482 0.00150086 5.37128e-05
 0.989698 0.0102097 9.19794e-05 0 0
 0.975433 0.0193895 0.00387452 0.00125025 5.28907e-05
 0.303575 0.632131 0.0575291 0.00676475 0
 0.966965 0.00978017 0.0227588 0.000495775 0
 0.843318 0.132988 0.00938335 0.0141283 0.000182051
 0.564624 0.303363 0.111486 0.0197234 0.00080311
 0.826376 0.0876187 0.0782897 0.00655872 0.00115652
 0.89761 0.0855135 0.0140674 0.00269457 0.000114338
 0.34875 0.467042 0.161289 0.0227151 0.000203297
 0.318654 0.224769 0.449479 0.00709798 0
 0.937255 0.0296025 0.0250945 0.00804832 0
ppred_RECLAS
 0.248932 0.213983 0.477614 0.0594705 7.92642e-07
 0.400897 0.152943 0.127316 0.283542 0.0353017
 0.889774 0.0462234 0.0164037 0.0135856 0.0340137
 0.456832 0.487551 0.0234005 0.00825881 0.0239576
 0.63423 0.181671 0.165444 0.00785216 0.0108037
 0.98959 0.00698928 0.00170887 0.00153874 0.000173404
 0.291193 0.701924 0.00462901 0.00112644 0.00112831
 0.3709 0.203608 0.421405 0.00274895 0.00133819
 0.842575 0.0609968 0.0313044 0.0644984 0.000625408
 0.97151 0.0249595 0.00138422 0.000697125 0.00144879
 0.913466 0.0845549 0.00173729 9.4817e-05 0.000146861
 0.877026 0.112767 0.00997507 0.000204315 2.84178e-05
 0.796678 0.180965 0.0205159 0.00179871 4.19463e-05
 0.801538 0.162088 0.0324064 0.00364129 0.000326535
 0.864379 0.113058 0.0184787 0.00363919 0.00044522
 0.983117 0.0149277 0.00163352 0.000263614 5.82274e-05
 0.24192 0.746269 0.0104501 0.001137 0.000223946
 0.958415 0.0105404 0.030563 0.000426105 5.54793e-05
 0.646628 0.33942 0.00354571 0.0102441 0.000161386
 0.623053 0.249645 0.1223 0.00127138 0.00373011
 0.846118 0.098547 0.0367114 0.017892 0.000731489
 0.817479 0.155781 0.0171492 0.00636321 0.00322734
 0.211342 0.652167 0.116574 0.0127749 0.00714246
 0.843837 0.0342009 0.10091 0.0179802 0.0030715
 0.665374 0.284141 0.0110804 0.0326039 0.00680081
 0.449267 0.371454 0.152299 0.00592201 0.0210569
 0.856499 0.0658933 0.0523918 0.0214218 0.00379417
 0.792184 0.179065 0.0132228 0.0104829 0.00504458
 0.247217 0.599936 0.131739 0.00970818 0.011399
 0.323562 0.17102 0.402966 0.0883055 0.0141466
 0.915004 0.0285843 0.0143038 0.0335735 0.00853413
pobs_PELACES
 0 0 0 0 0
 0 0 0 0 0
 0 0 0 0 0
 0 0 0 0 0
 0 0 0 0 0
 0 0 0 0 0
 0 0 0 0 0
 0 0 0 0 0
 0 0 0 0 0
 0 0 0 0 0
 0 0 0 0 0
 0 0 0 0 0
 0 0 0 0 0
 0 0 0 0 0
 0 0 0 0 0
 0 0 0 0 0
 0.505614 0.472636 0.0217494 0 0
 0 0 0 0 0
 0.443492 0.261883 0.143347 0.151278 0
 0.227955 0.32914 0.350689 0.0885471 0.00366901
 0.970185 0.0296113 0.000203453 0 0
 0.997202 0.00247181 0.000326279 0 0
 0.445219 0.490057 0.0546422 0.010081 0
 0.90214 0.0892962 0.00764917 0.000914606 0
 0 0 0 0 0
 0.581667 0.319106 0.0959925 0.00289975 0.000334073
 0.762889 0.0836404 0.116647 0.0363945 0.000428098
 0.88444 0.0763242 0.0277011 0.0115352 0
 0.521256 0.241999 0.230069 0.00667565 0
 0.616807 0.101726 0.260614 0.0208532 0
 0.833518 0.0704572 0.0857862 0.0102388 0
ppred_PELACES
 0.252486 0.213168 0.475181 0.0591634 7.88546e-07
 0.412227 0.150422 0.124818 0.277931 0.0346028
 0.894319 0.0444044 0.015707 0.0130063 0.0325631
 0.481265 0.465963 0.0222083 0.00783512 0.0227281
 0.658328 0.17033 0.153985 0.00730546 0.0100513
 0.989985 0.00673007 0.00164099 0.00147739 0.000166489
 0.311899 0.681466 0.00446246 0.0010855 0.00108728
 0.378898 0.201338 0.415732 0.00271161 0.00132
 0.864179 0.0530237 0.0268909 0.0553697 0.000536873
 0.975311 0.0216589 0.00118865 0.000598296 0.00124337
 0.915376 0.0826919 0.00169604 9.25568e-05 0.00014336
 0.885212 0.105309 0.00926347 0.000189683 2.63822e-05
 0.808607 0.170449 0.0192202 0.00168462 3.92852e-05
 0.822004 0.145627 0.0288397 0.00323887 0.00029044
 0.877353 0.102383 0.0165972 0.0032672 0.000399701
 0.983944 0.0142023 0.00154849 0.000249843 5.51851e-05
 0.249084 0.739249 0.0103231 0.00112301 0.000221189
 0.959694 0.0102332 0.0296065 0.00041272 5.37363e-05
 0.656257 0.330213 0.00343906 0.00993434 0.000156505
 0.633962 0.242689 0.118503 0.00123169 0.00361363
 0.850648 0.0957326 0.0355751 0.0173359 0.000708748
 0.823469 0.150734 0.0165457 0.00613831 0.00311325
 0.216089 0.648469 0.11568 0.0126756 0.00708693
 0.847103 0.0335305 0.098764 0.0175963 0.0030059
 0.671011 0.279434 0.0108772 0.0320028 0.00667538
 0.455341 0.367566 0.150446 0.0058494 0.0207986
 0.85976 0.0644614 0.0511584 0.0209155 0.00370446
 0.795143 0.176548 0.0130202 0.0103215 0.00496692
 0.250452 0.597508 0.131045 0.0096564 0.0113382
 0.331316 0.169366 0.398113 0.0872307 0.0139744
 0.918041 0.0276148 0.0137811 0.032342 0.00822101
pobs_pel_tallas
 0 0 0 0 0 0 0 0 0 0 0 0 0 0 0 0 0 0 0 0 0 0 0 0 0 0
 0 0 0 0 0 0 0 0 0 0 0 0 0 0 0 0 0 0 0 0 0 0 0 0 0 0
 0 0 0 0 0 0 0 0 0 0 0 0 0 0 0 0 0 0 0 0 0 0 0 0 0 0
 0 0 0 0 0 0 0 0 0 0 0 0 0 0 0 0 0 0 0 0 0 0 0 0 0 0
 0 0 0 0 0 0 0 0 0 0 0 0 0 0 0 0 0 0 0 0 0 0 0 0 0 0
 0 0 0 0 0 0 0 0 0 0 0 0 0 0 0 0 0 0 0 0 0 0 0 0 0 0
 0 0 0 0 0 0 0 0 0 0 0 0 0 0 0 0 0 0 0 0 0 0 0 0 0 0
 0 0 0 0 0 0 0 0 0 0 0 0 0 0 0 0 0 0 0 0 0 0 0 0 0 0
 0 0 0 0 0 0 0 0 0 0 0 0 0 0 0 0 0 0 0 0 0 0 0 0 0 0
 0 0 0 0 0 0 0 0 0 0 0 0 0 0 0 0 0 0 0 0 0 0 0 0 0 0
 0 0 0 0 0 0 0 0 0 0 0 0 0 0 0 0 0 0 0 0 0 0 0 0 0 0
 0 0 0 0 0 0 0 0 0 0 0 0 0 0 0 0 0 0 0 0 0 0 0 0 0 0
 0.00862536 0 0 0.000197151 0.00414017 0.0128641 0.00837892 0.0270097 0.101434 0.158115 0.152841 0.127902 0.109271 0.109419 0.0830992 0.0579132 0.0238553 0.00714673 0.00463305 0.00128148 0.00103504 0.000492878 0.000147863 0.000147863 4.92878e-05 0
 0 0 0 0 0 0 0 0 0 0 0 0 0 0 0 0 0 0 0 0 0 0 0 0 0 0
 0 0 0 0 0 0 0 0.0054083 0.00873648 0.0413646 0.0450493 0.0745869 0.0622846 0.0627006 0.0613931 0.0827291 0.12552 0.122667 0.0946155 0.0697135 0.0546179 0.0294188 0.0215738 0.0213955 0.0102223 0.00600262
 0 0 0 0 0.00359764 0.0251062 0.0480494 0.140153 0.205849 0.193036 0.1447 0.116669 0.0760912 0.0342217 0.00950174 0.001854 0.000860785 0 0 0 0.000165536 0 0.000143464 0 0 0
 0 0 0 0 0 0 0 0.000145254 0.000435761 0.0275982 0.070085 0.0708112 0.156366 0.174668 0.174014 0.160142 0.0824315 0.0480064 0.0283245 0.00493863 0.00203355 0 0 0 0 0
 0 0 0 0 0 0 0 0 0 0 0 0 0 0 0 0 0 0 0 0 0 0 0 0 0 0
 0 0 1.00437e-05 0.000401748 0.00122533 0.00171747 0.00176769 0.0269171 0.070346 0.194647 0.189555 0.159765 0.064822 0.0314167 0.0384472 0.0292271 0.0345202 0.0313363 0.0194345 0.0106764 0.0143323 0.0359363 0.0279516 0.0138201 0.00172751 0
 0 0.0021121 0.0136068 0.0755702 0.200478 0.177729 0.0527432 0.0373336 0.0318909 0.0142505 0.0149659 0.0166563 0.0217959 0.0798694 0.0677717 0.0528807 0.04013 0.0224614 0.0357745 0.0225083 0.00881397 0.00855152 0.00135912 0.000746735 0 0
 0 0 0 0 5.4009e-05 0.00500934 0.000945158 0.0243581 0.138947 0.33067 0.221406 0.137944 0.0707744 0.0437923 0.0131692 0.00525238 0.0047753 0.00276346 9.45158e-05 9.00151e-06 2.25038e-05 9.00151e-06 4.50075e-06 0 0 0
 0.000866109 0.00284123 0.00948549 0.0512746 0.133035 0.25785 0.225252 0.132002 0.0553304 0.0519788 0.0540692 0.017754 0.00435017 0.00159236 0.00146478 0.000404838 0.000125132 0.000115318 0.000107957 0.000100596 0 0 0 0 0 0
 0 0 0 0 0.00144013 0.00171154 0.00461396 0.0210425 0.0478622 0.0707936 0.0888783 0.103762 0.0637923 0.0337046 0.0602308 0.124433 0.169614 0.0934646 0.0462172 0.0250306 0.0313229 0.00938855 0.002487 0.000210481 0 0
 0 0.00764035 0.051015 0.0998891 0.058973 0.0496711 0.0374665 0.0718981 0.12319 0.153886 0.159021 0.0857701 0.0377988 0.023471 0.0147837 0.00900784 0.00315554 0.000888139 0.00291439 0.00214683 0.00393193 0.00274676 0.000635225 9.99891e-05 0 0
 0 0 0 0 0 0 0 0 0 0 0 0 0 0 0 0 0 0 0 0 0 0 0 0 0 0
 0 0 0 0 0 0 0 0 0 0 0 0 0 0 0 0 0 0 0 0 0 0 0 0 0 0
 0 0 0 0 0 0 0 0 0 0 0 0 0 0 0 0 0 0 0 0 0 0 0 0 0 0
 0 0 0 0 0 0 0 0 0 0 0 0 0 0 0 0 0 0 0 0 0 0 0 0 0 0
 0 0 0 0 0 0 0 0 0 0 0 0 0 0 0 0 0 0 0 0 0 0 0 0 0 0
 0 0 0 0 0 0 0 0 0 0 0 0 0 0 0 0 0 0 0 0 0 0 0 0 0 0
 0 0 0 0 0 0 0 0 0 0 0 0 0 0 0 0 0 0 0 0 0 0 0 0 0 0
ppred_pel_tallas
 1.19701e-16 2.0797e-05 0.000202154 0.00134339 0.00610686 0.0190008 0.0404841 0.0590921 0.0591133 0.0405882 0.0193526 0.007132 0.0039506 0.00600608 0.0113726 0.0196263 0.0302684 0.0422259 0.0542752 0.065642 0.0760441 0.0850469 0.0914195 0.0933014 0.0892216 0.079163
 1.37369e-16 3.39546e-05 0.000330051 0.00219331 0.00997046 0.0310219 0.0660959 0.0964721 0.0964868 0.0661682 0.0312653 0.0106773 0.00398195 0.00428367 0.00769175 0.0130694 0.0198244 0.0271525 0.0343778 0.0415168 0.0493384 0.0586747 0.0694414 0.0801474 0.0883047 0.0914799
 1.0728e-16 7.36639e-05 0.000716039 0.00475833 0.0216307 0.0673011 0.143392 0.209286 0.209291 0.143413 0.0673719 0.0218354 0.0052736 0.00184574 0.00223417 0.0036185 0.00530951 0.0069132 0.00810416 0.00879028 0.00919067 0.00969372 0.0105894 0.0118732 0.0132421 0.014252
 1.05393e-16 3.96413e-05 0.000385327 0.00256064 0.0116403 0.0362176 0.0771671 0.112637 0.112682 0.0773861 0.036953 0.0137637 0.00788755 0.0120037 0.022075 0.0363543 0.0521877 0.0652626 0.0712244 0.0681009 0.0575215 0.043684 0.0309154 0.0216909 0.0162401 0.0134195
 1.06921e-16 5.42257e-05 0.000527093 0.00350272 0.0159229 0.049542 0.105555 0.154064 0.154081 0.105636 0.0498156 0.0167156 0.00550241 0.00492458 0.00849993 0.0142111 0.0210356 0.0276362 0.0326441 0.0353622 0.036055 0.0355266 0.0343845 0.0326512 0.0299817 0.0261682
 1.00226e-16 8.15438e-05 0.000792634 0.00526733 0.0239445 0.0745003 0.158731 0.231672 0.231673 0.158734 0.074511 0.0239754 0.00534486 0.000962151 0.000404314 0.000541572 0.000777608 0.000989435 0.00111347 0.00112359 0.00104206 0.000922653 0.000815683 0.000742155 0.000692671 0.000644421
 1.00596e-16 2.56909e-05 0.000249724 0.00165951 0.00754393 0.0234723 0.0500127 0.0730087 0.0730742 0.0503328 0.0245468 0.0106454 0.00943736 0.0172044 0.032154 0.052928 0.0758003 0.094391 0.102219 0.0963036 0.0789959 0.0565165 0.0354064 0.0196056 0.00980923 0.00465656
 1.12544e-16 3.12094e-05 0.000303366 0.00201598 0.00916435 0.0285138 0.0607524 0.0886741 0.0886941 0.0608504 0.0288446 0.0101274 0.00446184 0.00573654 0.0106237 0.0182248 0.0278976 0.0384908 0.0487028 0.0576903 0.0651805 0.0709285 0.0741253 0.0734964 0.0681318 0.0583372
 1.06434e-16 7.11813e-05 0.000691907 0.00459797 0.0209017 0.065033 0.13856 0.202233 0.202238 0.138585 0.0651179 0.0211476 0.00521777 0.00205401 0.00268561 0.0044022 0.00651856 0.00860435 0.0102938 0.0114746 0.0123592 0.0133026 0.0144973 0.0157885 0.0167407 0.0168832
 1.00311e-16 8.03351e-05 0.000780885 0.00518926 0.0235896 0.0733961 0.156378 0.228239 0.228241 0.156388 0.0734303 0.0236883 0.00543695 0.00132119 0.00110528 0.00169703 0.00242985 0.00304133 0.0033253 0.00319077 0.00271395 0.00208954 0.00151703 0.0011087 0.000871826 0.000750156
 1.00104e-16 7.53983e-05 0.000732899 0.00487037 0.02214 0.0688858 0.146769 0.214215 0.214223 0.146808 0.0690162 0.0225165 0.00581457 0.00279142 0.00397701 0.00643471 0.00921331 0.0114829 0.0124544 0.0117658 0.00969979 0.00700528 0.0044685 0.00256099 0.00136428 0.000715486
 1.00318e-16 7.29137e-05 0.000708747 0.00470988 0.0214104 0.0666158 0.141932 0.207157 0.207167 0.141982 0.0667821 0.0218907 0.00591486 0.00333754 0.00506045 0.00823719 0.0118271 0.0148044 0.016176 0.0154812 0.013063 0.00983927 0.00676412 0.00439661 0.00282239 0.00184742
 1.00774e-16 6.66039e-05 0.000647414 0.00430229 0.0195576 0.0608511 0.12965 0.189232 0.189248 0.12973 0.0611204 0.0203354 0.00625427 0.00490699 0.00815155 0.0133579 0.0192053 0.0240841 0.0263986 0.0254067 0.0216556 0.01661 0.0117827 0.00804625 0.00551784 0.00388077
 1.01244e-16 6.77074e-05 0.00065814 0.00437358 0.0198816 0.0618593 0.131798 0.192366 0.19238 0.131867 0.0620898 0.0205477 0.00604589 0.00431063 0.0070097 0.0114947 0.0165825 0.0209143 0.0231481 0.0226551 0.0198775 0.0160045 0.0122422 0.00925269 0.0070882 0.00548459
 1.00901e-16 7.22665e-05 0.000702456 0.00466807 0.0212204 0.0660244 0.140672 0.205318 0.205327 0.140721 0.0661864 0.0216882 0.00584258 0.00326689 0.00494396 0.00806245 0.0116151 0.0146217 0.0161341 0.0157125 0.0136784 0.0108868 0.00820748 0.00612134 0.00466601 0.00364026
 1.00083e-16 8.10462e-05 0.000787798 0.00523519 0.0237984 0.0740458 0.157762 0.230259 0.23026 0.157769 0.0740682 0.0238632 0.00539783 0.0011427 0.000754677 0.00111829 0.00160049 0.00200693 0.00220031 0.00211889 0.00180872 0.00139219 0.000995423 0.000690674 0.00048668 0.000355692
 1.00637e-16 2.05169e-05 0.000199431 0.00132529 0.00602464 0.0187453 0.0399414 0.0583106 0.0583817 0.0402887 0.019911 0.00938973 0.00976454 0.0185972 0.0348871 0.0574482 0.0822969 0.102527 0.111115 0.104825 0.0861923 0.0619358 0.039115 0.0219752 0.0112627 0.00551993
 1.00908e-16 7.90487e-05 0.000768382 0.00510617 0.0232119 0.0722208 0.153874 0.224584 0.224585 0.153879 0.0722379 0.0232618 0.00523352 0.00105326 0.000640091 0.000985048 0.00153172 0.00217535 0.00285802 0.00353782 0.00418136 0.00473354 0.0050966 0.00515475 0.00483742 0.00417326
 1.01207e-16 5.40551e-05 0.000525435 0.0034917 0.0158728 0.0493863 0.105224 0.153584 0.153616 0.105379 0.049907 0.0173761 0.00726187 0.00874498 0.0156329 0.0256767 0.0367915 0.045867 0.0497791 0.0471021 0.0389872 0.028442 0.0186037 0.0113231 0.00686524 0.00450691
 1.04217e-16 5.22187e-05 0.000507584 0.00337308 0.0153335 0.0477084 0.101649 0.148364 0.148388 0.101764 0.0480949 0.0164513 0.00618489 0.00666578 0.011806 0.0195858 0.0285573 0.0366296 0.0416708 0.0426366 0.0400991 0.0356916 0.0309693 0.0266376 0.0226089 0.0185711
 1.0291e-16 7.00667e-05 0.000681074 0.00452597 0.0205744 0.0640147 0.13639 0.199068 0.199077 0.136436 0.0641669 0.0210146 0.00563269 0.00310353 0.00469 0.00769349 0.0111964 0.0143357 0.0162812 0.0166541 0.0157322 0.0142156 0.0127486 0.0115841 0.0105945 0.00951887
 1.01659e-16 6.78281e-05 0.000659313 0.00438137 0.0199171 0.0619695 0.132033 0.192709 0.192724 0.132104 0.0622077 0.0206051 0.006108 0.00442758 0.00722161 0.0118242 0.0170102 0.0213578 0.0234682 0.0227021 0.0195598 0.0153447 0.0113857 0.00842189 0.00650315 0.00528709
 1.05975e-16 1.77991e-05 0.000173013 0.00114974 0.00522658 0.0162622 0.0346506 0.0505866 0.0506491 0.0349561 0.0172883 0.00819087 0.00859209 0.0164249 0.0308978 0.0510901 0.0736812 0.0928286 0.102561 0.100088 0.08742 0.069927 0.0530682 0.0398583 0.0305389 0.0238729
 1.05133e-16 6.97748e-05 0.000678236 0.00450712 0.0204887 0.0637479 0.135822 0.198237 0.19824 0.135838 0.0638041 0.0206529 0.00492671 0.00161856 0.00192707 0.00326222 0.00512907 0.00736322 0.00982389 0.0124153 0.0150575 0.0175675 0.0195719 0.0205826 0.0202231 0.0184454
 1.04725e-16 5.52703e-05 0.000537247 0.0035702 0.0162296 0.0504965 0.107589 0.157035 0.157062 0.107721 0.0509377 0.0175034 0.00676599 0.00750876 0.0132816 0.0218353 0.0313743 0.0393113 0.0430688 0.0415056 0.0356321 0.0279669 0.0210517 0.0162559 0.0135627 0.0121421
 1.08542e-16 3.75059e-05 0.00036457 0.0024227 0.0110133 0.0342666 0.0730098 0.106567 0.106603 0.0731838 0.034851 0.0127033 0.00667221 0.00966559 0.017773 0.0295082 0.042935 0.054889 0.0621342 0.0631303 0.0588568 0.0519616 0.0449815 0.0390849 0.0340868 0.029298
 1.04218e-16 7.08173e-05 0.00068837 0.00457446 0.0207948 0.0647005 0.137851 0.201199 0.201206 0.137882 0.0648039 0.0210946 0.00533039 0.00235048 0.00326265 0.00537452 0.00795437 0.010467 0.0124144 0.0135704 0.0140813 0.0142882 0.0144217 0.014432 0.0140713 0.0131152
 1.02297e-16 6.54949e-05 0.000636634 0.00423066 0.019232 0.0598379 0.127492 0.186081 0.186098 0.127575 0.0601167 0.0200372 0.00625109 0.00504488 0.00843074 0.0138168 0.0198585 0.0248956 0.0272896 0.0263006 0.0225382 0.0175634 0.0129667 0.00962977 0.00759544 0.0064167
 1.06822e-16 2.06295e-05 0.000200527 0.00133257 0.00605772 0.0188481 0.04016 0.0586268 0.0586845 0.0404418 0.0197944 0.00879183 0.00819884 0.0152004 0.0285395 0.0472297 0.0682202 0.0861707 0.0956193 0.094003 0.0831254 0.0678205 0.0529616 0.0411803 0.0326187 0.0261529
 1.22645e-16 2.72901e-05 0.00026527 0.00176281 0.00801349 0.024933 0.0531231 0.0775383 0.0775552 0.0532061 0.0252136 0.00883165 0.00384612 0.00491139 0.00913987 0.0158229 0.0245603 0.0345963 0.0450863 0.0555338 0.0657666 0.0753646 0.0831105 0.0871412 0.0858403 0.0788101
 1.0504e-16 7.56178e-05 0.000735032 0.00488455 0.0222044 0.0690863 0.147196 0.214837 0.21484 0.147209 0.0691306 0.0223327 0.00520802 0.00144653 0.00144329 0.00231148 0.00343426 0.00456935 0.00554341 0.00632335 0.00704577 0.00791158 0.00901319 0.0102275 0.0112506 0.0117409
pSPR Fmed_Fpbrs
0.412738   0.227739 0.227739
Fs Fmed_Fpbrs
0.542615   1.005 1.005
SSBpbr Bo_Bmed_Bpbrs
1.62153e+06  588189  288208 288208
Ro
88817.6
SPR SPRFo_SPRFmed_SPRFpbrs
633946 261654 144374
Fref
1.005
Nvult_r0
 132763 4561.74 2297.9 5395.51 1371.52
CTP_r0
 33381.4 1416.8 722.635 1697.88 431.61
YTP_r0
391153
Np
 148518 26195.6 6499.95 188.32 106.384
Nvult_p0
 122323 22600.3 5623.77 162.96 92.0583
CTP_p0
 51824.4 20284.7 605.569 301.975 873.364
 51824.4 11220.2 2817.47 81.6809 46.1439
YTP_p0
 758447 633113
CBA_c0
720847
log_Ro
11.2143
likeval ReclasPelacesDesembMPH_pf_preclas_ppelaces_ptallas_desvR_qrecl_qpela
 12.0153 53.4678 0.0969111 0.00170864 263.473 117.443 105.095 0 57.3922 1.35052e-05 0 0.172297 0 0 0
q_reclas_q_pelaces
1.6833 1
M
1
N
 46035.7 40666 90945.5 11325.3 0.150949
 35370.1 14434.7 12074.4 26897.6 3348.86
 157542 8764.99 3125.88 2589.54 6483.42
 31350.4 38778.8 1881.07 664.27 1927.01
 14531.8 4856.38 4471.88 212.367 292.202
 289382 2165.61 531.695 478.867 53.9652
 27108.4 75836.7 505.506 123.083 123.291
 7224.67 4166.54 8654.03 56.4636 27.4868
 21401.8 1990.6 1040.17 2145.21 20.8021
 56563.3 1812.29 102.115 51.4711 106.974
 59379 5703.15 117.49 6.41322 9.93347
 121631 17593.4 1569.5 32.1619 4.47345
 88210.7 22439.3 2564.72 224.957 5.24616
 67624.6 16710.6 3389.45 381.145 34.1808
 49413.3 7682.7 1271.39 250.554 30.654
 402536 6599.72 726.193 117.227 25.8935
 28872.6 94434.8 1327.96 144.518 28.4649
 653939 7536.65 21927 305.759 39.8105
 326684 182824 1918.66 5544.66 87.3519
 192283 82557.8 40646.1 422.653 1240.04
 384511 47173.8 17639.3 8598.59 351.544
 514936 104296 11531.9 4279.9 2170.74
 41166.3 132517 23759.2 2604.1 1455.98
 281388 11820.9 34967.6 6231.44 1064.5
 189126 83900.4 3280.76 9655.01 2013.94
 64911.8 55652.4 22877.5 889.695 3163.51
 241313 19304.3 15391.9 6294.37 1114.85
 304046 70614.2 5224.55 4142.39 1993.42
 38319.4 95426.5 20993.6 1547.22 1816.7
 21790.6 12115.3 28650.9 6279.74 1006.03
 180122 5958.8 2994.12 7029.31 1786.81
pred_Ctot
 4353.7 5045.96 11473.1 1429.99 0.0190603
 7534.74 3917.02 3324.29 7411.05 922.744
 34042.4 2410.72 872.223 723.119 1810.54
 12287.6 18424.5 903.69 319.311 926.331
 5870.13 2369.56 2205.74 104.81 144.215
 54084.1 519.056 129.356 116.596 13.1401
 10691.6 36230.9 244.184 59.4896 59.5919
 1173.7 873.447 1842.28 12.0299 5.85646
 11655 1252.65 659.807 1361.33 13.2011
 28692.5 1075.35 61.1241 30.8239 64.0639
 7434.25 929.925 19.4667 1.0635 1.64733
 40504.4 7224.3 652.407 13.3777 1.86079
 28523.1 8971.33 1038.2 91.1222 2.12511
 32382.4 9445.56 1933.83 217.567 19.5118
 21547.1 4007.48 669.988 132.106 16.1629
 95599.5 1983.85 221.374 35.7622 7.89962
 5450.51 22851.4 326.167 35.5237 6.99721
 101466 1511.73 4466.91 62.3396 8.11711
 66643.6 47620.7 507.125 1466.66 23.1071
 41838.4 22855.6 11415.7 118.795 348.552
 65448.4 10341.1 3926.12 1915.41 78.3126
 100676 26092.7 2928.02 1087.55 551.621
 5826.74 24329.8 4431.34 486.099 271.794
 34288.5 1877.49 5643.88 1006.63 171.968
 24362.9 14063.2 558.764 1645.79 343.311
 7999.38 8936.23 3732.96 145.297 516.658
 31791.1 3306.81 2678.92 1096.44 194.209
 28592.2 8713.74 655.47 520.161 250.325
 3447.28 11276 2522.28 186.056 218.471
 3621.68 2595.9 6233.6 1367.4 219.071
 33381.4 1416.8 722.635 1697.88 431.61
F
 0.159785 0.214306 0.218225 0.218435 0.218446
 0.395102 0.529917 0.539608 0.540128 0.540155
 0.401819 0.538925 0.548781 0.549309 0.549337
 0.864934 1.16006 1.18128 1.18242 1.18248
 0.903641 1.21198 1.23414 1.23533 1.23539
 0.339167 0.454896 0.463214 0.463661 0.463684
 0.872758 1.17056 1.19196 1.19311 1.19317
 0.289064 0.387697 0.394787 0.395167 0.395187
 1.46889 1.97009 2.00612 2.00805 2.00816
 1.29434 1.73599 1.76774 1.76944 1.76953
 0.216418 0.290263 0.295571 0.295856 0.295871
 0.690176 0.925675 0.942603 0.943511 0.943559
 0.663685 0.890145 0.906423 0.907296 0.907342
 1.175 1.57593 1.60475 1.60629 1.60638
 1.01319 1.35891 1.38376 1.38509 1.38516
 0.449876 0.60338 0.614415 0.615006 0.615038
 0.343114 0.46019 0.468606 0.469057 0.469081
 0.274491 0.368152 0.374885 0.375246 0.375265
 0.375494 0.503619 0.512829 0.513323 0.513349
 0.405131 0.543369 0.553305 0.553838 0.553867
 0.304742 0.408725 0.416199 0.4166 0.416621
 0.357333 0.47926 0.488025 0.488495 0.488519
 0.24775 0.332286 0.338363 0.338689 0.338706
 0.210103 0.281793 0.286947 0.287223 0.287238
 0.223287 0.299475 0.304952 0.305246 0.305261
 0.212704 0.285281 0.290498 0.290778 0.290793
 0.228865 0.306957 0.31257 0.312871 0.312887
 0.158822 0.213014 0.21691 0.217119 0.21713
 0.151484 0.203172 0.206888 0.207087 0.207098
 0.296612 0.397821 0.405096 0.405486 0.405507
 0.335889 0.4505 0.458738 0.45918 0.459204
YTP_r0W_actual
 277065 19976.8 19944.7 58067.5 16099.1
YTP_p0W_proyectada
 388165 317861 14006.8 8869 29545.9
 388165 175820 65168.1 2398.97 1561.05
CTP_r0_actual
 33381.4 1416.8 722.635 1697.88 431.61
CTP_p0_proyectada
 51824.4 20284.7 605.569 301.975 873.364
 51824.4 11220.2 2817.47 81.6809 46.1439
Wmedp
 7.49 15.67 23.13 29.37 33.83
Frms_r0
 0.335889 0.4505 0.458738 0.45918 0.459204
Zrms_r0
 1.33589 1.4505 1.45874 1.45918 1.4592
nmprior
 8.19 8.8 8.5 0
nm_flota  nm_reclas  nm_pelaces    nm_pelaL
inf 15.32 7.93869 14.78
cv_recla  cv_pelaces  cv_mph
0.313539 0.829122 1.27565
 ------------------------------------------------
Talla a la edad & desviaci?n 
 8 13.2811 15.8009 17.003 17.5766
 0.8 1.32811 1.58009 1.7003 1.75766
