years
 1991 1992 1993 1994 1995 1996 1997 1998 1999 2000 2001 2002 2003 2004 2005 2006 2007 2008 2009 2010 2011 2012 2013 2014 2015 2016 2017 2018 2019 2020 2021
reclasobs
 0 0 0 0 0 0 0 0 0 252601 567819 844713 477998 351125 339783 2.1784e+06 2.13404e+06 4.81314e+06 1.55562e+06 2.62356e+06 3.21686e+06 3.843e+06 1.13348e+06 3.07943e+06 1.97215e+06 2.03268e+06 2.025e+06 2.42433e+06 2.27542e+06 1.05018e+06 2.36338e+06
reclaspred
 3.29435e+06 1.86699e+06 947221 952380 954064 1.47254e+06 970952 868473 635555 468960 507716 638065 632948 507634 516625 1.2749e+06 1.26763e+06 2.74949e+06 2.28332e+06 1.71635e+06 3.03938e+06 2.47149e+06 1.99488e+06 3.04454e+06 2.29795e+06 2.03591e+06 2.39077e+06 2.5158e+06 2.08479e+06 1.34527e+06 1.91383e+06
pelacesobs
 0 0 0 0 0 0 0 0 0 0 0 0 0 0 0 552880 188675 0 991730 2.46772e+06 1.41603e+06 1.21717e+06 2.29649e+06 1.80582e+06 0 1.4828e+06 1.56532e+06 1.57751e+06 1.42118e+06 867257 1.10002e+06
pelacespred
 1.84733e+06 1.17202e+06 600306 492074 506234 807018 506771 541908 390377 275126 303805 320349 347736 297940 309212 629426 625108 1.54788e+06 1.34019e+06 939085 1.58701e+06 1.41781e+06 1.13278e+06 1.88101e+06 1.3766e+06 1.21236e+06 1.61716e+06 1.68032e+06 1.14728e+06 842874 1.19767e+06
mphobs
 0 0 0 0 0 0 0 0 0 0 0 498337 0 5186 125008 0 168611 109162 213762 579715 649985 157893 87575 83554 0 0 0 0 0 0 0
mphpred
 493549 331000 167475 91139.1 101706 114147 149480 98542.8 86260.9 60723.5 40615.6 59287.3 63814 55116.3 39207.7 49044.6 147180 143781 271833 209021 224575 276428 263154 219886 302527 250162 206475 218096 300379 208008 130138
desembarqueobs
 494567 514787 250237 358949 120608 361735 552515 73892 212993 205616 52469 317467 293654 387597 252695 516296 358380 742168 942051 627588 828172 859565 418607 520667 417249 300574 415391 372974 316634 284311 391294
desembarquepred
 494574 513314 250989 358973 120612 361749 552567 73895.6 213036 205657 52471.3 317533 293708 387651 252697 516275 358403 742092 941903 627490 828238 859598 418619 520690 417252 300577 415394 372964 316631 284321 391299
Reclutas
 219985 125841 124679 223233 178560 297430 124744 58435.7 53926.2 70588.5 129060 165607 138994 97756.1 99915 525279 118126 803247 466800 358380 537293 719883 155105 455487 384132 173423 385528 430631 129132 96893.7 368177
log_desv_Rt
 0.0766248 -0.481914 -0.491195 0.0912815 -0.132009 0.378243 -0.490669 -1.24901 -1.32932 -1.06007 -0.456655 -0.20732 -0.382504 -0.734459 -0.712615 0.946995 -0.545183 1.37173 0.828966 0.564658 0.969608 1.26215 -0.272832 0.804433 0.634051 -0.161201 0.63768 0.748318 -0.456101 -0.74332 0.591629
SSB
 3.93632e+06 2.6399e+06 1.3357e+06 726883 811158 910383 1.19218e+06 785931 687976 484302 323931 472848 508950 439582 312702 391157 1.17384e+06 1.14673e+06 2.16801e+06 1.66705e+06 1.79111e+06 2.20466e+06 2.09879e+06 1.75371e+06 2.41281e+06 1.99517e+06 1.64675e+06 1.73943e+06 2.39568e+06 1.65898e+06 1.03792e+06
BT
 5.2277e+06 3.56106e+06 1.81514e+06 1.58426e+06 1.41273e+06 2.40943e+06 1.81642e+06 1.4751e+06 1.22802e+06 915772 836766 1.10198e+06 1.17302e+06 1.17983e+06 1.05898e+06 2.05892e+06 1.90788e+06 4.6851e+06 4.39794e+06 3.01034e+06 4.80479e+06 4.4968e+06 3.31472e+06 5.38142e+06 3.9685e+06 3.42293e+06 4.6343e+06 4.74898e+06 3.2481e+06 2.46978e+06 3.49536e+06
Ftot
 0.107888 0.194992 0.189277 0.281027 0.0940358 0.186677 0.402402 0.0630073 0.245973 0.319303 0.080363 0.368625 0.342933 0.557349 0.373344 0.319191 0.205494 0.210488 0.303489 0.270138 0.205254 0.260006 0.15222 0.131955 0.13424 0.108593 0.133365 0.114755 0.108745 0.152778 0.159417
BD_Bspro_t
 0.982886 0.873061 0.736662 0.656472 0.651262 0.717144 0.707777 0.566378 0.619052 0.58325 0.553992 0.723199 0.614748 0.531793 0.433067 0.489608 0.642554 0.624925 0.705286 0.618137 0.591517 0.63773 0.653015 0.649352 0.743357 0.751247 0.75815 0.787425 0.823558 0.769121 0.712887
BD_Bspro
 2.70658 1.81517 0.918416 0.499799 0.557746 0.625973 0.819737 0.5404 0.473047 0.333003 0.222732 0.325127 0.34995 0.302253 0.215012 0.268956 0.807125 0.78848 1.49071 1.14625 1.23155 1.51591 1.44311 1.20584 1.65903 1.37186 1.13229 1.19602 1.64725 1.1407 0.713667
BD_Bo
 1.8247 1.22374 0.61917 0.33695 0.376017 0.422013 0.552644 0.364323 0.318915 0.224501 0.15016 0.219191 0.235927 0.203771 0.144955 0.181323 0.544141 0.531571 1.00499 0.772772 0.830278 1.02198 0.972907 0.812941 1.11847 0.924872 0.763359 0.806323 1.11053 0.769028 0.481134
BD_Brms
 11.9984 8.04676 4.07139 2.21564 2.47252 2.77497 3.63394 2.39562 2.09705 1.47622 0.987384 1.4413 1.55135 1.3399 0.953158 1.1923 3.57803 3.49538 6.6084 5.08141 5.45954 6.7201 6.39741 5.34554 7.35457 6.08155 5.01951 5.30202 7.30236 5.05679 3.16372
Sel_flota
 0.843368 1 1 1 1
 0.843368 1 1 1 1
 0.843368 1 1 1 1
 0.843368 1 1 1 1
 0.843368 1 1 1 1
 0.843368 1 1 1 1
 0.843368 1 1 1 1
 0.843368 1 1 1 1
 0.843368 1 1 1 1
 0.843368 1 1 1 1
 0.843368 1 1 1 1
 0.843368 1 1 1 1
 0.843368 1 1 1 1
 0.843368 1 1 1 1
 0.843368 1 1 1 1
 0.843368 1 1 1 1
 0.843368 1 1 1 1
 0.843368 1 1 1 1
 0.843368 1 1 1 1
 0.843368 1 1 1 1
 0.843368 1 1 1 1
 0.843368 1 1 1 1
 0.843368 1 1 1 1
 0.843368 1 1 1 1
 0.843368 1 1 1 1
 0.843368 1 1 1 1
 0.843368 1 1 1 1
 0.843368 1 1 1 1
 0.843368 1 1 1 1
 0.843368 1 1 1 1
 0.843368 1 1 1 1
Sel_reclas
 1 1 1 1 1
 1 1 1 1 1
 1 1 1 1 1
 1 1 1 1 1
 1 1 1 1 1
 1 1 1 1 1
 1 1 1 1 1
 1 1 1 1 1
 1 1 1 1 1
 1 1 1 1 1
 1 1 1 1 1
 1 1 1 1 1
 1 1 1 1 1
 1 1 1 1 1
 1 1 1 1 1
 1 1 1 1 1
 1 1 1 1 1
 1 1 1 1 1
 1 1 1 1 1
 1 1 1 1 1
 1 1 1 1 1
 1 1 1 1 1
 1 1 1 1 1
 1 1 1 1 1
 1 1 1 1 1
 1 1 1 1 1
 1 1 1 1 1
 1 1 1 1 1
 1 1 1 1 1
 1 1 1 1 1
 1 1 1 1 1
Sel_pelaces
 1 1 1 1 1
 1 1 1 1 1
 1 1 1 1 1
 1 1 1 1 1
 1 1 1 1 1
 1 1 1 1 1
 1 1 1 1 1
 1 1 1 1 1
 1 1 1 1 1
 1 1 1 1 1
 1 1 1 1 1
 1 1 1 1 1
 1 1 1 1 1
 1 1 1 1 1
 1 1 1 1 1
 1 1 1 1 1
 1 1 1 1 1
 1 1 1 1 1
 1 1 1 1 1
 1 1 1 1 1
 1 1 1 1 1
 1 1 1 1 1
 1 1 1 1 1
 1 1 1 1 1
 1 1 1 1 1
 1 1 1 1 1
 1 1 1 1 1
 1 1 1 1 1
 1 1 1 1 1
 1 1 1 1 1
 1 1 1 1 1
pf_obs 
 0.8446 0.082 0.0669 0.0065 0
 0.8095 0.147 0.0364 0.0071 0
 0.9664 0.0169 0.016 0.0007 0
 0.9276 0.0648 0.0075 0.0001 0
 0.7033 0.2144 0.0806 0.0017 0
 0.9318 0.0425 0.0243 0.0014 0
 0.5671 0.3108 0.0964 0.0239 0.0018
 0.0768 0.2599 0.5324 0.112 0.0189
 0.490249 0.384438 0.106611 0.0170017 0.00170017
 0.7925 0.1577 0.0466 0.003 0.0002
 0.840416 0.127587 0.0312969 0.00059994 9.999e-05
 0.8084 0.0986 0.0794 0.0134 0.0002
 0.7335 0.1905 0.0724 0.0035 0.0001
 0.4001 0.4547 0.1325 0.0127 0
 0.49795 0.308269 0.164784 0.0264974 0.00249975
 0.9179 0.0499 0.0305 0.0017 0
 0.2467 0.6533 0.0926 0.0074 0
 0.9418 0.0223 0.034 0.0019 0
 0.707729 0.231977 0.0356964 0.0245975 0
 0.517169 0.277429 0.184464 0.0207286 0.00020938
 0.811772 0.124168 0.05621 0.00726502 0.000585176
 0.764997 0.148141 0.077277 0.00933861 0.000247198
 0.163321 0.427699 0.378323 0.0303852 0.000271297
 0.753843 0.0900009 0.118128 0.0371064 0.000921714
 0.721811 0.176058 0.0630433 0.0369309 0.00215725
 0.143369 0.312575 0.442814 0.0836902 0.0175525
 0.692698 0.0596174 0.167031 0.0765114 0.00414204
 0.394062 0.376323 0.152708 0.0712218 0.00568511
 0.125707 0.32114 0.495352 0.0537591 0.00404204
 0.23352 0.215282 0.420074 0.123614 0.00750983
 0.796117 0.104755 0.0508955 0.0450114 0.00322123
pf_pred 
 0.434806 0.116108 0.425073 0.0240116 7.68887e-07
 0.410832 0.28252 0.0629948 0.230625 0.013028
 0.553292 0.204196 0.11629 0.0259298 0.100292
 0.745935 0.152227 0.0465515 0.0265112 0.0287752
 0.64629 0.276393 0.0463258 0.0141666 0.0168248
 0.741591 0.177286 0.0633906 0.0106248 0.00710784
 0.472276 0.409469 0.0811308 0.0290092 0.00811493
 0.442589 0.292329 0.205681 0.0407529 0.0186479
 0.524261 0.231387 0.128148 0.0901644 0.0260396
 0.683029 0.181351 0.065962 0.0365316 0.0331265
 0.799899 0.145031 0.0315079 0.0114602 0.0121024
 0.726954 0.225766 0.0342679 0.00744468 0.00556736
 0.672527 0.250777 0.0634158 0.00962559 0.00365498
 0.614263 0.27602 0.0840203 0.0212469 0.00444953
 0.718668 0.18735 0.06725 0.0204708 0.00626071
 0.927392 0.0550642 0.0116829 0.00419363 0.00166695
 0.391157 0.572188 0.0277988 0.00589805 0.00295867
 0.891444 0.047451 0.0574258 0.00278994 0.000888878
 0.595631 0.367375 0.0161706 0.0195699 0.00125369
 0.59768 0.258501 0.130661 0.00575127 0.00740614
 0.737868 0.168744 0.0600047 0.0303297 0.00305417
 0.74152 0.199765 0.0377966 0.0134404 0.00747761
 0.325508 0.524131 0.116206 0.0219868 0.0121682
 0.739234 0.0957635 0.12822 0.0284278 0.00835544
 0.627496 0.287896 0.0310714 0.0416021 0.0119347
 0.438517 0.375708 0.143579 0.0154958 0.0266997
 0.731361 0.129835 0.0928787 0.035494 0.0104311
 0.688513 0.238509 0.0352708 0.0252313 0.0124759
 0.35634 0.467261 0.135071 0.0199743 0.0213541
 0.431516 0.226654 0.248149 0.0717323 0.0219483
 0.826905 0.0826071 0.0360776 0.0394991 0.0149116
pobs_RECLAS
 0 0 0 0 0
 0 0 0 0 0
 0 0 0 0 0
 0 0 0 0 0
 0 0 0 0 0
 0 0 0 0 0
 0 0 0 0 0
 0 0 0 0 0
 0 0 0 0 0
 0 0 0 0 0
 0.991045 0.00858322 0.000360255 1.14367e-05 0
 0.934742 0.0480273 0.0164251 0.00080598 0
 0.827803 0.169806 0.00239088 0 0
 0.941827 0.0461693 0.0120037 0 0
 0.791401 0.0380133 0.147996 0.0225897 0
 0.846168 0.0940531 0.0597789 0 0
 0.134021 0.677848 0.182769 0.00536245 0
 0.80878 0.0450904 0.141981 0.00414843 0
 0.846168 0.0940531 0.0597789 0 0
 0.905697 0.0802665 0.012482 0.00150086 5.37128e-05
 0.989698 0.0102097 9.19794e-05 0 0
 0.975433 0.0193895 0.00387452 0.00125025 5.28907e-05
 0.303575 0.632131 0.0575291 0.00676475 0
 0.966965 0.00978017 0.0227588 0.000495775 0
 0.843318 0.132988 0.00938335 0.0141283 0.000182051
 0.564624 0.303363 0.111486 0.0197234 0.00080311
 0.826376 0.0876187 0.0782897 0.00655872 0.00115652
 0.89761 0.0855135 0.0140674 0.00269457 0.000114338
 0.34875 0.467042 0.161289 0.0227151 0.000203297
 0.318654 0.224769 0.449479 0.00709798 0
 0.937255 0.0296025 0.0250945 0.00804832 0
ppred_RECLAS
 0.477416 0.107355 0.393027 0.0222014 7.10921e-07
 0.453327 0.262143 0.0584513 0.213991 0.0120883
 0.595601 0.184856 0.105276 0.0234739 0.0907928
 0.777629 0.133237 0.0407444 0.023204 0.0251856
 0.684478 0.246552 0.0413242 0.012637 0.0150083
 0.773363 0.155488 0.0555966 0.00931845 0.00623391
 0.516576 0.375096 0.0743203 0.0265741 0.00743373
 0.485141 0.270013 0.18998 0.0376419 0.0172244
 0.567415 0.210398 0.116524 0.0819855 0.0236775
 0.719771 0.160329 0.0583159 0.0322969 0.0292866
 0.825939 0.126157 0.0274075 0.00996881 0.0105274
 0.760576 0.197966 0.0300483 0.00652798 0.00488183
 0.710068 0.222028 0.0561459 0.00852211 0.00323598
 0.656161 0.24604 0.0748942 0.0189391 0.00396623
 0.752982 0.1645 0.0590477 0.0179741 0.0054971
 0.938365 0.0467429 0.00991741 0.00355989 0.00141504
 0.433157 0.532716 0.0258812 0.00549119 0.00275457
 0.907134 0.0405927 0.0491258 0.0023867 0.000760404
 0.637049 0.329746 0.0145143 0.0175654 0.00112528
 0.638868 0.232037 0.117285 0.00516248 0.00664794
 0.770012 0.148051 0.0526465 0.0266105 0.00267964
 0.773528 0.175028 0.0331162 0.011776 0.00655166
 0.364473 0.493852 0.109493 0.0207166 0.0114653
 0.771047 0.0840803 0.112577 0.0249596 0.00733607
 0.666805 0.257515 0.0277926 0.037212 0.0106753
 0.481184 0.347159 0.132668 0.0143183 0.0246708
 0.763832 0.114142 0.0816522 0.0312037 0.0091703
 0.724152 0.21122 0.0312352 0.0223444 0.0110485
 0.396659 0.437991 0.12661 0.0187231 0.0200164
 0.47425 0.209616 0.229495 0.06634 0.0202984
 0.850246 0.0714676 0.0312126 0.0341727 0.0129008
pobs_PELACES
 0 0 0 0 0
 0 0 0 0 0
 0 0 0 0 0
 0 0 0 0 0
 0 0 0 0 0
 0 0 0 0 0
 0 0 0 0 0
 0 0 0 0 0
 0 0 0 0 0
 0 0 0 0 0
 0 0 0 0 0
 0 0 0 0 0
 0 0 0 0 0
 0 0 0 0 0
 0 0 0 0 0
 0 0 0 0 0
 0.505614 0.472636 0.0217494 0 0
 0 0 0 0 0
 0.443492 0.261883 0.143347 0.151278 0
 0.227955 0.32914 0.350689 0.0885471 0.00366901
 0.970185 0.0296113 0.000203453 0 0
 0.997202 0.00247181 0.000326279 0 0
 0.445219 0.490057 0.0546422 0.010081 0
 0.90214 0.0892962 0.00764917 0.000914606 0
 0 0 0 0 0
 0.581667 0.319106 0.0959925 0.00289975 0.000334073
 0.762889 0.0836404 0.116647 0.0363945 0.000428098
 0.88444 0.0763242 0.0277011 0.0115352 0
 0.521256 0.241999 0.230069 0.00667565 0
 0.616807 0.101726 0.260614 0.0208532 0
 0.833518 0.0704572 0.0857862 0.0102388 0
ppred_PELACES
 0.478807 0.107069 0.391981 0.0221423 7.09028e-07
 0.455825 0.260945 0.0581841 0.213012 0.0120331
 0.597955 0.18378 0.104663 0.0233372 0.0902642
 0.78013 0.131738 0.040286 0.0229429 0.0249023
 0.685527 0.245733 0.0411868 0.012595 0.0149584
 0.77505 0.154331 0.0551828 0.0092491 0.00618752
 0.521768 0.371067 0.0735221 0.0262887 0.00735388
 0.485954 0.269587 0.189679 0.0375825 0.0171971
 0.570533 0.208881 0.115684 0.0813946 0.0235068
 0.723088 0.158432 0.0576257 0.0319146 0.0289399
 0.826536 0.125725 0.0273136 0.00993465 0.0104913
 0.764028 0.195112 0.029615 0.00643385 0.00481144
 0.713704 0.219244 0.0554418 0.00841525 0.0031954
 0.662631 0.24141 0.0734849 0.0185827 0.0038916
 0.756553 0.162121 0.0581939 0.0177142 0.00541762
 0.939312 0.0460245 0.00976498 0.00350517 0.00139329
 0.435766 0.530264 0.025762 0.0054659 0.00274189
 0.908047 0.0401938 0.0486431 0.00236325 0.000752932
 0.640669 0.326457 0.0143696 0.0173902 0.00111406
 0.642083 0.229971 0.11624 0.00511651 0.00658875
 0.771886 0.146845 0.0522176 0.0263937 0.00265782
 0.775873 0.173216 0.0327732 0.0116541 0.0064838
 0.366297 0.492434 0.109179 0.0206571 0.0114324
 0.772249 0.083639 0.111986 0.0248286 0.00729756
 0.668344 0.256325 0.0276641 0.03704 0.0106259
 0.482585 0.346221 0.13231 0.0142797 0.0246042
 0.765074 0.113542 0.081223 0.0310397 0.0091221
 0.725335 0.210314 0.0311012 0.0222485 0.0110011
 0.398005 0.437014 0.126327 0.0186813 0.0199718
 0.47622 0.208831 0.228636 0.0660915 0.0202224
 0.851292 0.0709684 0.0309945 0.0339339 0.0128107
pobs_pel_tallas
 0 0 0 0 0 0 0 0 0 0 0 0 0 0 0 0 0 0 0 0 0 0 0 0 0 0
 0 0 0 0 0 0 0 0 0 0 0 0 0 0 0 0 0 0 0 0 0 0 0 0 0 0
 0 0 0 0 0 0 0 0 0 0 0 0 0 0 0 0 0 0 0 0 0 0 0 0 0 0
 0 0 0 0 0 0 0 0 0 0 0 0 0 0 0 0 0 0 0 0 0 0 0 0 0 0
 0 0 0 0 0 0 0 0 0 0 0 0 0 0 0 0 0 0 0 0 0 0 0 0 0 0
 0 0 0 0 0 0 0 0 0 0 0 0 0 0 0 0 0 0 0 0 0 0 0 0 0 0
 0 0 0 0 0 0 0 0 0 0 0 0 0 0 0 0 0 0 0 0 0 0 0 0 0 0
 0 0 0 0 0 0 0 0 0 0 0 0 0 0 0 0 0 0 0 0 0 0 0 0 0 0
 0 0 0 0 0 0 0 0 0 0 0 0 0 0 0 0 0 0 0 0 0 0 0 0 0 0
 0 0 0 0 0 0 0 0 0 0 0 0 0 0 0 0 0 0 0 0 0 0 0 0 0 0
 0 0 0 0 0 0 0 0 0 0 0 0 0 0 0 0 0 0 0 0 0 0 0 0 0 0
 0 0 0 0 0 0 0 0 0 0 0 0 0 0 0 0 0 0 0 0 0 0 0 0 0 0
 0.00862536 0 0 0.000197151 0.00414017 0.0128641 0.00837892 0.0270097 0.101434 0.158115 0.152841 0.127902 0.109271 0.109419 0.0830992 0.0579132 0.0238553 0.00714673 0.00463305 0.00128148 0.00103504 0.000492878 0.000147863 0.000147863 4.92878e-05 0
 0 0 0 0 0 0 0 0 0 0 0 0 0 0 0 0 0 0 0 0 0 0 0 0 0 0
 0 0 0 0 0 0 0 0.0054083 0.00873648 0.0413646 0.0450493 0.0745869 0.0622846 0.0627006 0.0613931 0.0827291 0.12552 0.122667 0.0946155 0.0697135 0.0546179 0.0294188 0.0215738 0.0213955 0.0102223 0.00600262
 0 0 0 0 0.00359764 0.0251062 0.0480494 0.140153 0.205849 0.193036 0.1447 0.116669 0.0760912 0.0342217 0.00950174 0.001854 0.000860785 0 0 0 0.000165536 0 0.000143464 0 0 0
 0 0 0 0 0 0 0 0.000145254 0.000435761 0.0275982 0.070085 0.0708112 0.156366 0.174668 0.174014 0.160142 0.0824315 0.0480064 0.0283245 0.00493863 0.00203355 0 0 0 0 0
 0 0 0 0 0 0 0 0 0 0 0 0 0 0 0 0 0 0 0 0 0 0 0 0 0 0
 0 0 1.00437e-05 0.000401748 0.00122533 0.00171747 0.00176769 0.0269171 0.070346 0.194647 0.189555 0.159765 0.064822 0.0314167 0.0384472 0.0292271 0.0345202 0.0313363 0.0194345 0.0106764 0.0143323 0.0359363 0.0279516 0.0138201 0.00172751 0
 0 0.0021121 0.0136068 0.0755702 0.200478 0.177729 0.0527432 0.0373336 0.0318909 0.0142505 0.0149659 0.0166563 0.0217959 0.0798694 0.0677717 0.0528807 0.04013 0.0224614 0.0357745 0.0225083 0.00881397 0.00855152 0.00135912 0.000746735 0 0
 0 0 0 0 5.4009e-05 0.00500934 0.000945158 0.0243581 0.138947 0.33067 0.221406 0.137944 0.0707744 0.0437923 0.0131692 0.00525238 0.0047753 0.00276346 9.45158e-05 9.00151e-06 2.25038e-05 9.00151e-06 4.50075e-06 0 0 0
 0.000866109 0.00284123 0.00948549 0.0512746 0.133035 0.25785 0.225252 0.132002 0.0553304 0.0519788 0.0540692 0.017754 0.00435017 0.00159236 0.00146478 0.000404838 0.000125132 0.000115318 0.000107957 0.000100596 0 0 0 0 0 0
 0 0 0 0 0.00144013 0.00171154 0.00461396 0.0210425 0.0478622 0.0707936 0.0888783 0.103762 0.0637923 0.0337046 0.0602308 0.124433 0.169614 0.0934646 0.0462172 0.0250306 0.0313229 0.00938855 0.002487 0.000210481 0 0
 0 0.00764035 0.051015 0.0998891 0.058973 0.0496711 0.0374665 0.0718981 0.12319 0.153886 0.159021 0.0857701 0.0377988 0.023471 0.0147837 0.00900784 0.00315554 0.000888139 0.00291439 0.00214683 0.00393193 0.00274676 0.000635225 9.99891e-05 0 0
 0 0 0 0 0 0 0 0 0 0 0 0 0 0 0 0 0 0 0 0 0 0 0 0 0 0
 0 0 0 0 0 0 0 0 0 0 0 0 0 0 0 0 0 0 0 0 0 0 0 0 0 0
 0 0 0 0 0 0 0 0 0 0 0 0 0 0 0 0 0 0 0 0 0 0 0 0 0 0
 0 0 0 0 0 0 0 0 0 0 0 0 0 0 0 0 0 0 0 0 0 0 0 0 0 0
 0 0 0 0 0 0 0 0 0 0 0 0 0 0 0 0 0 0 0 0 0 0 0 0 0 0
 0 0 0 0 0 0 0 0 0 0 0 0 0 0 0 0 0 0 0 0 0 0 0 0 0 0
 0 0 0 0 0 0 0 0 0 0 0 0 0 0 0 0 0 0 0 0 0 0 0 0 0 0
ppred_pel_tallas
 1.1356e-16 3.94388e-05 0.000383359 0.00254755 0.0115808 0.0360323 0.076771 0.112052 0.112063 0.0768246 0.0362139 0.0121128 0.003911 0.00345288 0.00614127 0.0107986 0.0171966 0.0250402 0.0339239 0.0434541 0.053116 0.0619197 0.0682545 0.0703314 0.0670652 0.0587746
 1.25145e-16 3.75458e-05 0.000364959 0.00242528 0.011025 0.0343029 0.073087 0.106678 0.106703 0.0732105 0.0347179 0.0122251 0.00544408 0.00697725 0.0126646 0.0210713 0.0308388 0.039897 0.0462607 0.0492686 0.050066 0.0507863 0.053018 0.0567316 0.0603669 0.0618318
 1.20684e-16 4.92528e-05 0.000478755 0.0031815 0.0144626 0.0449987 0.0958751 0.139936 0.139954 0.0959625 0.0452924 0.0153128 0.00532295 0.00517861 0.00905013 0.0150848 0.02221 0.0289838 0.0340015 0.0367199 0.0377919 0.0385415 0.039987 0.0421825 0.0442878 0.0451535
 1.07712e-16 6.42583e-05 0.000624614 0.00415078 0.0188688 0.0587081 0.125084 0.182567 0.182579 0.125146 0.0589173 0.0194739 0.00567187 0.00395314 0.0064098 0.01056 0.0153642 0.019669 0.0223594 0.0229661 0.0219499 0.0203618 0.019147 0.0186354 0.0185266 0.0182413
 1.05046e-16 5.6466e-05 0.00054887 0.00364743 0.0165807 0.0515889 0.109916 0.160431 0.160455 0.110032 0.0519778 0.0177041 0.00646811 0.00670899 0.0117634 0.0193791 0.0279628 0.0352792 0.0390937 0.038393 0.0339883 0.0279512 0.0223473 0.0182539 0.0156314 0.0138403
 1.03607e-16 6.38398e-05 0.000620546 0.00412375 0.018746 0.0583257 0.12427 0.181378 0.181393 0.124343 0.0585709 0.0194548 0.00590565 0.00451914 0.00749349 0.012354 0.0179465 0.0228956 0.0258366 0.0261305 0.0242121 0.0212292 0.0182822 0.0158791 0.0139282 0.0120984
 1.06098e-16 4.29774e-05 0.000417756 0.00277614 0.0126199 0.0392655 0.0836606 0.122113 0.122148 0.0838355 0.0398531 0.0143176 0.00703937 0.00973086 0.0177494 0.029326 0.0423617 0.0535287 0.05946 0.058607 0.0521422 0.0431091 0.0345343 0.0279851 0.0234154 0.0199609
 1.12222e-16 4.00275e-05 0.000389081 0.00258558 0.0117537 0.0365703 0.0779178 0.113729 0.113755 0.0780461 0.0370017 0.0130031 0.0057338 0.00730158 0.0132855 0.0222079 0.032708 0.0426444 0.0498245 0.0531993 0.0533601 0.0518558 0.049938 0.0478105 0.0448651 0.0404743
 1.15533e-16 4.69941e-05 0.0004568 0.0030356 0.0137994 0.0429351 0.0914786 0.13352 0.13354 0.0915778 0.0432689 0.0147656 0.00546917 0.00579739 0.0102736 0.0171339 0.025214 0.0328651 0.0384559 0.0413052 0.0420554 0.0420865 0.0424407 0.0431393 0.0433334 0.0420056
 1.09802e-16 5.95598e-05 0.000578943 0.00384728 0.0174892 0.0544154 0.115938 0.169219 0.169234 0.116013 0.0546674 0.018218 0.00568019 0.00459233 0.00771811 0.0127632 0.0186166 0.0239265 0.0273732 0.0283997 0.0275431 0.0260197 0.0248948 0.0244905 0.0243955 0.0239065
 1.03593e-16 6.80807e-05 0.000661768 0.00439768 0.0199912 0.0622002 0.132525 0.193426 0.193438 0.132584 0.0623994 0.0205669 0.00584353 0.00382133 0.00607844 0.00996742 0.0144154 0.0182662 0.0203946 0.0202965 0.0183849 0.0156937 0.0132296 0.0114794 0.0103615 0.00950917
 1.02365e-16 6.2932e-05 0.000611722 0.00406511 0.0184794 0.0574964 0.122503 0.1788 0.178819 0.122595 0.057805 0.0193708 0.0063029 0.00549749 0.00934378 0.0153526 0.0221219 0.0278446 0.0307225 0.029927 0.0260861 0.0208468 0.0158791 0.0120977 0.00955194 0.00781738
 1.03041e-16 5.87869e-05 0.00057143 0.00379735 0.0172622 0.0537093 0.114434 0.167024 0.167046 0.114538 0.0540568 0.0182664 0.00631981 0.00608407 0.0105461 0.0173881 0.0251502 0.0318504 0.0355 0.0351669 0.0315013 0.0262383 0.0211052 0.0170008 0.0139272 0.0114578
 1.04705e-16 5.45801e-05 0.000530538 0.00352561 0.0160269 0.0498659 0.106245 0.155073 0.155096 0.106359 0.050249 0.0171343 0.00630842 0.00661594 0.0116428 0.0192424 0.0279039 0.0354883 0.0398424 0.0399616 0.0365486 0.0314529 0.0264705 0.0224657 0.0193355 0.0165602
 1.04415e-16 6.23163e-05 0.000605737 0.00402534 0.0182986 0.0569338 0.121304 0.17705 0.177066 0.121381 0.0571914 0.0190435 0.00589795 0.00470343 0.00787343 0.0129936 0.0188905 0.0241331 0.0273012 0.0277382 0.0259108 0.0230221 0.0202062 0.0179544 0.0161168 0.0142964
 1.00881e-16 7.73699e-05 0.000752063 0.00499772 0.0227189 0.070687 0.150606 0.219815 0.21982 0.150628 0.0707599 0.0229296 0.00552678 0.001908 0.00227568 0.0036476 0.00526574 0.00666182 0.00741604 0.00733778 0.00657254 0.00549546 0.00447703 0.00370505 0.00316714 0.00275119
 1.01892e-16 3.58936e-05 0.000348899 0.00231856 0.0105399 0.0327937 0.0698723 0.101991 0.102042 0.0701216 0.0336305 0.0129559 0.00837915 0.0135661 0.0250993 0.0413363 0.0593056 0.0740784 0.0806556 0.0767328 0.0641 0.0474889 0.0318303 0.0200284 0.0125184 0.00823003
 1.01779e-16 7.47946e-05 0.00072703 0.00483137 0.0219627 0.0683342 0.145593 0.212499 0.212503 0.145613 0.0683991 0.0221512 0.00530761 0.00177721 0.0021001 0.00343366 0.00512503 0.00683047 0.00823976 0.00918682 0.0097021 0.00991054 0.00987272 0.00952343 0.00875452 0.0075484
 1.02431e-16 5.27711e-05 0.000512954 0.00340876 0.0154957 0.0482132 0.102724 0.149936 0.149967 0.102878 0.0487284 0.0169834 0.00714071 0.00865253 0.01549 0.0254696 0.0365579 0.0457113 0.0498731 0.0476529 0.0401775 0.0303677 0.021233 0.0144945 0.0103222 0.00795597
 1.05042e-16 5.28876e-05 0.000514086 0.00341628 0.0155299 0.0483196 0.102951 0.150264 0.150287 0.10306 0.0486859 0.0165897 0.00608269 0.00635526 0.0112058 0.0185965 0.0271422 0.0348749 0.0397925 0.0409214 0.0388087 0.0349882 0.0308976 0.0271505 0.0236035 0.0199105
 1.04642e-16 6.35792e-05 0.000618013 0.00410691 0.0186694 0.0580876 0.123762 0.180638 0.180652 0.123832 0.058321 0.0193443 0.00580374 0.00433165 0.00714452 0.011785 0.017147 0.0219389 0.0248888 0.0254186 0.0239636 0.0216125 0.0193696 0.0176325 0.0162034 0.0146652
 1.03257e-16 6.39077e-05 0.000621206 0.00412813 0.0187659 0.0583877 0.124402 0.181572 0.181588 0.124484 0.058662 0.0195582 0.00611778 0.00496736 0.00832622 0.0136856 0.019761 0.0249634 0.0277202 0.027314 0.0243022 0.0201189 0.0161886 0.013246 0.0112586 0.00979767
 1.07283e-16 3.01715e-05 0.000293278 0.00194894 0.00885962 0.0275658 0.0587337 0.0857334 0.085781 0.0589659 0.0283459 0.0111135 0.00760947 0.0126606 0.0235481 0.0389612 0.0563073 0.0711956 0.0791529 0.0780986 0.0695424 0.0574668 0.0458482 0.0367717 0.0302424 0.0252237
 1.06979e-16 6.36091e-05 0.000618304 0.00410884 0.0186782 0.0581149 0.12382 0.180721 0.180729 0.123861 0.0582506 0.0190722 0.00510584 0.00282122 0.00432523 0.00725385 0.0109214 0.014738 0.0181261 0.0207964 0.0228338 0.0244561 0.0256671 0.0261408 0.0254367 0.0233397
 1.06377e-16 5.50507e-05 0.000535112 0.00355601 0.0161651 0.0502958 0.107162 0.156411 0.156435 0.107282 0.0507012 0.0173358 0.00649478 0.0069511 0.0122427 0.0201615 0.0290654 0.0366245 0.0405218 0.0397385 0.0351835 0.029087 0.023644 0.019951 0.017859 0.0165415
 1.09503e-16 3.975e-05 0.000386384 0.00256766 0.0116722 0.0363168 0.077378 0.112942 0.112976 0.0775418 0.0368671 0.0132634 0.00656813 0.00914103 0.0167298 0.0277609 0.0403757 0.0515898 0.0583659 0.0592825 0.0553111 0.0490028 0.0427866 0.0377543 0.0336577 0.0297221
 1.0703e-16 6.30181e-05 0.000612559 0.00407067 0.0185047 0.057575 0.12267 0.179043 0.179054 0.122724 0.0577568 0.0190315 0.00539859 0.0035299 0.00565819 0.00939845 0.0138731 0.0181676 0.0213893 0.0231328 0.0236737 0.0236618 0.0235768 0.023407 0.0227658 0.0212625
 1.05045e-16 5.97449e-05 0.000580742 0.00385924 0.0175435 0.0545846 0.116299 0.169746 0.169766 0.116398 0.0549174 0.0185049 0.00627284 0.00585169 0.0100766 0.0165821 0.0239272 0.0301956 0.0334864 0.0329519 0.0293107 0.024354 0.0198478 0.0166809 0.0147553 0.0134477
 1.09011e-16 3.27833e-05 0.000318665 0.00211764 0.00962652 0.0299519 0.0638173 0.093152 0.0931943 0.0640236 0.0306452 0.0116302 0.00715217 0.0113259 0.020987 0.0347735 0.050393 0.0640082 0.0717092 0.0716749 0.0652007 0.0556912 0.0464794 0.0392118 0.033749 0.0291339
 1.16702e-16 3.92256e-05 0.000381287 0.00253379 0.0115182 0.0358376 0.0763567 0.111449 0.11147 0.0764568 0.0361748 0.0124964 0.00500542 0.00583103 0.0105489 0.0177968 0.0266196 0.0355552 0.0431053 0.0485571 0.0522544 0.0550012 0.057133 0.0581051 0.0569077 0.0528657
 1.06484e-16 7.01198e-05 0.00068159 0.0045294 0.02059 0.0640632 0.136494 0.199218 0.199225 0.136527 0.0641764 0.0209176 0.00535411 0.0024902 0.00353001 0.00579253 0.00850245 0.0110547 0.0128993 0.0138282 0.0141017 0.0142396 0.0146347 0.0152933 0.0158703 0.0159163
pSPR Fmed_Fpbrs
0.690761   0.202078 0.202078
Fs Fmed_Fpbrs
0.191866   1.005 1.005
SSBpbr Bo_Bmed_Bpbrs
2.15724e+06  1.38228e+06  328069 328069
Ro
203758
SPR SPRFo_SPRFmed_SPRFpbrs
1.45435e+06 1.00461e+06 293893
Fref
1.005
Nvult_r0
 249771 21506.9 9392.85 10283.6 3882.25
CTP_r0
 29601.2 2957.13 1291.49 1413.97 533.798
YTP_r0
391299
Np
 281131 44311.1 15944.5 1323.59 655.905
Nvult_p0
 236820 38344.2 13797.5 1145.36 567.581
CTP_p0
 108642 51358.3 4263.37 1861.97 2677.99
 108642 19219.9 6915.93 574.107 284.498
YTP_p0
 1.86241e+06 1.30135e+06
CBA_c0
1.69409e+06
log_Ro
12.0447
likeval ReclasPelacesDesembMPH_pf_preclas_ppelaces_ptallas_desvR_qrecl_qpela
 15.2614 17.2929 0.0874376 0.000812261 240.632 119.683 98.1544 0 23.0924 4.64205e-06 7.36692e-07 0.445794 0 0 0
q_reclas_q_pelaces
0.736897 0.88505
M
1
N
 219985 49887 182637 10316.8 0.33036
 125841 73889.5 16475.5 60316.9 3407.3
 124679 39274.3 22366.8 4987.23 19289.7
 223233 39099.5 11956.7 6809.38 7390.9
 178560 64793.6 10859.9 3321 3944.15
 297430 60680.3 21696.9 3636.59 2432.83
 124744 93479.4 18521.7 6622.64 1852.59
 58435.7 32684.2 22996.4 4556.44 2084.95
 53926.2 20384.8 11289.6 7943.32 2294.04
 70588.5 16121.8 5863.9 3247.59 2944.89
 129060 19837.6 4309.7 1567.55 1655.38
 165607 44367.4 6734.31 1463.02 1094.1
 138994 44644.4 11289.6 1713.59 650.676
 97756.1 38290.9 11655.7 2947.47 617.26
 99915 22475.5 8067.65 2455.79 751.066
 525279 26828.2 5692.11 2043.2 812.163
 118126 147634 7172.55 1521.79 763.386
 803247 36541.4 44222.8 2148.5 684.512
 466800 247434 10891.2 13180.7 844.383
 358380 132947 67198.8 2957.87 3808.97
 537293 104980 37330.5 18868.9 1900.08
 719883 166241 31453.6 11184.8 6222.72
 155105 212684 47154.6 8921.89 4937.69
 455487 50185.5 67194.3 14897.8 4378.72
 384132 149917 16179.9 21663.6 6214.79
 173423 126188 48223.2 5204.53 8967.54
 385528 58215.4 41644.9 15914.8 4677.11
 430631 126740 18742.3 13407.5 6629.52
 129132 143807 41570.2 6147.4 6572.05
 96893.7 43342 47452.4 13717 4197.07
 368177 31336 13685.6 14983.5 5656.53
pred_Ctot
 12184.5 3253.67 11911.7 672.871 0.0215463
 12225.5 8407.19 1874.59 6862.89 387.684
 11780.5 4347.68 2476.01 552.088 2135.38
 30356.8 6195.09 1894.48 1078.91 1171.05
 8661.74 3704.29 620.87 189.864 225.49
 27741.7 6631.99 2371.34 397.457 265.893
 23326.3 20224.2 4007.16 1432.8 400.807
 1919.94 1268.11 892.238 176.785 80.894
 6495.01 2866.63 1587.62 1117.04 322.602
 10767.2 2858.8 1039.82 575.88 522.204
 5375.76 974.689 211.751 77.0191 81.3347
 28687 8909.15 1352.28 293.781 219.699
 22591.3 8424.02 2130.25 323.34 122.777
 24071.1 10816.4 3292.5 832.6 174.363
 17501.8 4562.57 1637.75 498.529 152.468
 80098.3 4755.86 1009.05 362.201 143.973
 12050.7 17627.9 856.425 181.707 91.1506
 83792.5 4460.22 5397.82 262.244 83.5513
 68036.5 41963.8 1847.11 2235.39 143.204
 47019 20336.1 10279 452.447 582.635
 54752.8 12521.5 4452.59 2250.59 226.632
 91216.8 24573.8 4649.48 1653.34 919.846
 11936.9 19220.7 4261.47 806.29 446.229
 30600.5 3964.12 5307.64 1176.77 345.873
 26232.9 12035.7 1298.96 1739.21 498.938
 9665.89 8281.44 3164.79 341.563 588.521
 26164.5 4644.87 3322.75 1269.8 373.175
 25309.7 8767.57 1296.55 927.498 458.614
 7207.01 9450.42 2731.83 403.983 431.889
 7482.82 3930.36 4303.1 1243.89 380.601
 29601.2 2957.13 1291.49 1413.97 533.798
F
 0.0909892 0.107888 0.107888 0.107888 0.107888
 0.16445 0.194992 0.194992 0.194992 0.194992
 0.15963 0.189277 0.189277 0.189277 0.189277
 0.23701 0.281027 0.281027 0.281027 0.281027
 0.0793067 0.0940358 0.0940358 0.0940358 0.0940358
 0.157437 0.186677 0.186677 0.186677 0.186677
 0.339373 0.402402 0.402402 0.402402 0.402402
 0.0531383 0.0630073 0.0630073 0.0630073 0.0630073
 0.207446 0.245973 0.245973 0.245973 0.245973
 0.26929 0.319303 0.319303 0.319303 0.319303
 0.0677756 0.080363 0.080363 0.080363 0.080363
 0.310886 0.368625 0.368625 0.368625 0.368625
 0.289218 0.342933 0.342933 0.342933 0.342933
 0.470051 0.557349 0.557349 0.557349 0.557349
 0.314867 0.373344 0.373344 0.373344 0.373344
 0.269195 0.319191 0.319191 0.319191 0.319191
 0.173307 0.205494 0.205494 0.205494 0.205494
 0.177519 0.210488 0.210488 0.210488 0.210488
 0.255953 0.303489 0.303489 0.303489 0.303489
 0.227826 0.270138 0.270138 0.270138 0.270138
 0.173105 0.205254 0.205254 0.205254 0.205254
 0.219281 0.260006 0.260006 0.260006 0.260006
 0.128378 0.15222 0.15222 0.15222 0.15222
 0.111287 0.131955 0.131955 0.131955 0.131955
 0.113214 0.13424 0.13424 0.13424 0.13424
 0.0915836 0.108593 0.108593 0.108593 0.108593
 0.112476 0.133365 0.133365 0.133365 0.133365
 0.096781 0.114755 0.114755 0.114755 0.114755
 0.0917123 0.108745 0.108745 0.108745 0.108745
 0.128848 0.152778 0.152778 0.152778 0.152778
 0.134447 0.159417 0.159417 0.159417 0.159417
YTP_r0W_actual
 245690 41695.6 35645.1 48357.8 19910.7
YTP_p0W_proyectada
 813727 804785 98611.9 54686.2 90596.4
 813727 301176 159965 16861.5 9624.57
CTP_r0_actual
 29601.2 2957.13 1291.49 1413.97 533.798
CTP_p0_proyectada
 108642 51358.3 4263.37 1861.97 2677.99
 108642 19219.9 6915.93 574.107 284.498
Wmedp
 7.49 15.67 23.13 29.37 33.83
Frms_r0
 0.134447 0.159417 0.159417 0.159417 0.159417
Zrms_r0
 1.13445 1.15942 1.15942 1.15942 1.15942
nmprior
 8.19 8.8 8.5 0
nm_flota  nm_reclas  nm_pelaces    nm_pelaL
inf 11.9359 18.2526 43.6236
cv_recla  cv_pelaces  cv_mph
0.353364 0.471527 0.879535
 ------------------------------------------------
Talla a la edad & desviaci?n 
 8 13.2811 15.8009 17.003 17.5766
 0.8 1.32811 1.58009 1.7003 1.75766
