years
 1991 1992 1993 1994 1995 1996 1997 1998 1999 2000 2001 2002 2003 2004 2005 2006 2007 2008 2009 2010 2011 2012 2013 2014 2015 2016 2017 2018 2019 2020 2021
reclasobs
 0 0 0 0 0 0 0 0 0 252601 567819 844713 477998 351125 339783 2.1784e+06 2.13404e+06 4.81314e+06 1.55562e+06 2.62356e+06 3.21686e+06 3.843e+06 1.13348e+06 3.07943e+06 1.97215e+06 2.03268e+06 2.025e+06 2.42433e+06 2.27542e+06 1.05018e+06 2.36338e+06
reclaspred
 3.19658e+06 1.77271e+06 893267 836749 800510 1.32968e+06 778178 671533 492467 357780 470153 630888 621192 471791 473856 1.38929e+06 1.31879e+06 3.05422e+06 2.51541e+06 1.85313e+06 3.29218e+06 2.6708e+06 2.07891e+06 3.21175e+06 2.38672e+06 2.09576e+06 2.53654e+06 2.74106e+06 2.22292e+06 1.37023e+06 1.96345e+06
pelacesobs
 0 0 0 0 0 0 0 0 0 0 0 0 0 0 0 552880 188675 0 991730 2.46772e+06 1.41603e+06 1.21717e+06 2.29649e+06 1.80582e+06 0 1.4828e+06 1.56532e+06 1.57751e+06 1.42118e+06 867257 1.10002e+06
pelacespred
 1.45126e+06 890187 445409 339811 344958 589950 305796 343140 234784 160176 222967 250084 272167 214920 223257 552306 526888 1.41502e+06 1.19657e+06 816133 1.41599e+06 1.23498e+06 963416 1.63437e+06 1.16786e+06 1.02383e+06 1.41291e+06 1.50362e+06 1.00551e+06 704572 1.00576e+06
mphobs
 0 0 0 0 0 0 0 0 0 0 0 498337 0 5186 125008 0 168611 109162 213762 579715 649985 157893 87575 83554 0 0 0 0 0 0 0
mphpred
 2.76141e+06 1.84058e+06 903799 491178 490074 544204 737540 416612 372280 250262 166315 319125 348092 290196 187665 241003 915842 850087 1.73529e+06 1.30203e+06 1.37745e+06 1.71714e+06 1.62575e+06 1.31427e+06 1.83832e+06 1.49924e+06 1.22493e+06 1.3366e+06 1.90103e+06 1.27348e+06 753083
desembarqueobs
 494567 514787 250237 358949 120608 361735 552515 73892 212993 205616 52469 317467 293654 387597 252695 516296 358380 742168 942051 627588 828172 859565 418607 520667 417249 300574 415391 372974 316634 284311 391294
desembarquepred
 494571 513755 250676 358982 120613 361739 552522 73896.4 213039 205656 52471.4 317522 293692 387597 252676 516232 358397 742044 941776 627411 828216 859541 418607 520684 417240 300568 415380 372950 316620 284312 391291
Reclutas
 185481 103847 103947 150338 120844 227432 89782.2 38630.1 39409.2 54310.6 102876 140002 115865 80773.7 78583 462471 90723.1 701661 404776 307582 459279 609221 120836 370463 307013 137813 319425 360601 99817.3 73081.7 292217
log_desv_Rt
 0.135597 -0.444432 -0.443473 -0.0744693 -0.292851 0.339495 -0.589968 -1.43332 -1.41336 -1.09263 -0.453826 -0.145698 -0.334933 -0.695703 -0.723199 1.04923 -0.579543 1.4661 0.915979 0.641387 1.0423 1.32483 -0.292921 0.827399 0.639535 -0.161455 0.679168 0.800418 -0.484014 -0.795776 0.590142
SSB
 2.76141e+06 1.84058e+06 903799 491178 490074 544204 737540 416612 372280 250262 166315 319125 348092 290196 187665 241003 915842 850087 1.73529e+06 1.30203e+06 1.37745e+06 1.71714e+06 1.62575e+06 1.31427e+06 1.83832e+06 1.49924e+06 1.22493e+06 1.3366e+06 1.90103e+06 1.27348e+06 753083
BT
 3.76616e+06 2.5604e+06 1.27475e+06 1.08501e+06 891868 1.67037e+06 1.19819e+06 857200 752839 566874 559263 841533 893916 898433 768387 1.69051e+06 1.49464e+06 3.91942e+06 3.66403e+06 2.44692e+06 3.9381e+06 3.65089e+06 2.5866e+06 4.25461e+06 3.08015e+06 2.62809e+06 3.68357e+06 3.84274e+06 2.58069e+06 1.90269e+06 2.69862e+06
Ftot
 0.153303 0.280912 0.275626 0.445285 0.157223 0.296595 0.67847 0.114519 0.444719 0.584514 0.127523 0.528255 0.493387 0.840357 0.586162 0.43274 0.272637 0.275873 0.386685 0.351904 0.269318 0.340282 0.201461 0.179604 0.180556 0.146873 0.180279 0.151549 0.1395 0.206274 0.224638
BD_Bspro_t
 0.97577 0.826995 0.652446 0.555826 0.527577 0.603538 0.597731 0.409903 0.466251 0.418002 0.387639 0.632512 0.517539 0.425529 0.313746 0.37265 0.581726 0.550319 0.655263 0.55769 0.526392 0.577725 0.593246 0.581512 0.688288 0.694974 0.701045 0.740563 0.787475 0.718918 0.644302
BD_Bspro
 2.38873 1.59218 0.781823 0.424889 0.423934 0.470759 0.638002 0.360387 0.322038 0.216486 0.143869 0.276057 0.301114 0.251032 0.162338 0.208477 0.792241 0.73536 1.5011 1.12631 1.19155 1.4854 1.40634 1.13689 1.59022 1.29691 1.05962 1.15621 1.64447 1.10161 0.651447
BD_Bo
 1.53663 1.02423 0.502935 0.273324 0.27271 0.302832 0.410417 0.231831 0.207162 0.139262 0.0925489 0.177583 0.193702 0.161485 0.10443 0.13411 0.509636 0.473046 0.965634 0.724539 0.766505 0.955532 0.904677 0.731347 1.02296 0.834279 0.681636 0.743773 1.05786 0.70865 0.419066
BD_Brms
 9.08411 6.05491 2.9732 1.61581 1.61218 1.79025 2.42626 1.37052 1.22468 0.823277 0.547121 1.04982 1.14511 0.95465 0.617356 0.792818 3.01282 2.79651 5.70854 4.28325 4.53135 5.64882 5.34817 4.3235 6.04746 4.93201 4.02962 4.39696 6.25377 4.18933 2.47739
Sel_flota
 0.762643 1 1 1 1
 0.762643 1 1 1 1
 0.762643 1 1 1 1
 0.762643 1 1 1 1
 0.762643 1 1 1 1
 0.762643 1 1 1 1
 0.762643 1 1 1 1
 0.762643 1 1 1 1
 0.762643 1 1 1 1
 0.762643 1 1 1 1
 0.762643 1 1 1 1
 0.762643 1 1 1 1
 0.762643 1 1 1 1
 0.762643 1 1 1 1
 0.762643 1 1 1 1
 0.762643 1 1 1 1
 0.762643 1 1 1 1
 0.762643 1 1 1 1
 0.762643 1 1 1 1
 0.762643 1 1 1 1
 0.762643 1 1 1 1
 0.762643 1 1 1 1
 0.762643 1 1 1 1
 0.762643 1 1 1 1
 0.762643 1 1 1 1
 0.762643 1 1 1 1
 0.762643 1 1 1 1
 0.762643 1 1 1 1
 0.762643 1 1 1 1
 0.762643 1 1 1 1
 0.762643 1 1 1 1
Sel_reclas
 1 1 1 1 1
 1 1 1 1 1
 1 1 1 1 1
 1 1 1 1 1
 1 1 1 1 1
 1 1 1 1 1
 1 1 1 1 1
 1 1 1 1 1
 1 1 1 1 1
 1 1 1 1 1
 1 1 1 1 1
 1 1 1 1 1
 1 1 1 1 1
 1 1 1 1 1
 1 1 1 1 1
 1 1 1 1 1
 1 1 1 1 1
 1 1 1 1 1
 1 1 1 1 1
 1 1 1 1 1
 1 1 1 1 1
 1 1 1 1 1
 1 1 1 1 1
 1 1 1 1 1
 1 1 1 1 1
 1 1 1 1 1
 1 1 1 1 1
 1 1 1 1 1
 1 1 1 1 1
 1 1 1 1 1
 1 1 1 1 1
Sel_pelaces
 1 1 1 1 1
 1 1 1 1 1
 1 1 1 1 1
 1 1 1 1 1
 1 1 1 1 1
 1 1 1 1 1
 1 1 1 1 1
 1 1 1 1 1
 1 1 1 1 1
 1 1 1 1 1
 1 1 1 1 1
 1 1 1 1 1
 1 1 1 1 1
 1 1 1 1 1
 1 1 1 1 1
 1 1 1 1 1
 1 1 1 1 1
 1 1 1 1 1
 1 1 1 1 1
 1 1 1 1 1
 1 1 1 1 1
 1 1 1 1 1
 1 1 1 1 1
 1 1 1 1 1
 1 1 1 1 1
 1 1 1 1 1
 1 1 1 1 1
 1 1 1 1 1
 1 1 1 1 1
 1 1 1 1 1
 1 1 1 1 1
pf_obs 
 0.8446 0.082 0.0669 0.0065 0
 0.8095 0.147 0.0364 0.0071 0
 0.9664 0.0169 0.016 0.0007 0
 0.9276 0.0648 0.0075 0.0001 0
 0.7033 0.2144 0.0806 0.0017 0
 0.9318 0.0425 0.0243 0.0014 0
 0.5671 0.3108 0.0964 0.0239 0.0018
 0.0768 0.2599 0.5324 0.112 0.0189
 0.490249 0.384438 0.106611 0.0170017 0.00170017
 0.7925 0.1577 0.0466 0.003 0.0002
 0.840416 0.127587 0.0312969 0.00059994 9.999e-05
 0.8084 0.0986 0.0794 0.0134 0.0002
 0.7335 0.1905 0.0724 0.0035 0.0001
 0.4001 0.4547 0.1325 0.0127 0
 0.49795 0.308269 0.164784 0.0264974 0.00249975
 0.9179 0.0499 0.0305 0.0017 0
 0.2467 0.6533 0.0926 0.0074 0
 0.9418 0.0223 0.034 0.0019 0
 0.707729 0.231977 0.0356964 0.0245975 0
 0.517169 0.277429 0.184464 0.0207286 0.00020938
 0.811772 0.124168 0.05621 0.00726502 0.000585176
 0.764997 0.148141 0.077277 0.00933861 0.000247198
 0.163321 0.427699 0.378323 0.0303852 0.000271297
 0.753843 0.0900009 0.118128 0.0371064 0.000921714
 0.721811 0.176058 0.0630433 0.0369309 0.00215725
 0.143369 0.312575 0.442814 0.0836902 0.0175525
 0.692698 0.0596174 0.167031 0.0765114 0.00414204
 0.394062 0.376323 0.152708 0.0712218 0.00568511
 0.125707 0.32114 0.495352 0.0537591 0.00404204
 0.23352 0.215282 0.420074 0.123614 0.00750983
 0.796117 0.104755 0.0508955 0.0450114 0.00322123
pf_pred 
 0.450224 0.133846 0.390482 0.0254471 8.2055e-07
 0.412088 0.30758 0.0682483 0.199107 0.0129759
 0.563358 0.213488 0.116748 0.025905 0.0805005
 0.710786 0.184411 0.0512416 0.028022 0.0255395
 0.64797 0.272709 0.0505775 0.0140538 0.01469
 0.762973 0.168671 0.0529538 0.00982097 0.00558137
 0.470301 0.431672 0.069757 0.0219 0.00636993
 0.460007 0.303987 0.19233 0.03108 0.0125956
 0.561055 0.233356 0.115736 0.073225 0.0166284
 0.7305 0.172833 0.051391 0.0254879 0.019788
 0.831514 0.13392 0.0221674 0.00659138 0.00580706
 0.739043 0.226566 0.0273355 0.00452475 0.00253074
 0.682474 0.254181 0.0549969 0.00663544 0.00171266
 0.629815 0.278305 0.0735506 0.0159141 0.00241563
 0.743147 0.184167 0.0546456 0.0144418 0.00359907
 0.941137 0.0474037 0.00821675 0.00243806 0.000804907
 0.357163 0.615276 0.0221957 0.0038473 0.00151844
 0.897249 0.0442834 0.0559603 0.00201873 0.000488023
 0.585311 0.382567 0.0138441 0.0174946 0.000783674
 0.591334 0.270465 0.127496 0.00461374 0.00609149
 0.734526 0.176861 0.0586464 0.0276456 0.00232128
 0.733714 0.21046 0.0371914 0.0123325 0.00630163
 0.30073 0.553405 0.115285 0.0203725 0.0102073
 0.734654 0.0974279 0.132891 0.0276837 0.00734324
 0.612454 0.3055 0.030125 0.0410903 0.0108305
 0.424189 0.391591 0.14522 0.01432 0.0246806
 0.730833 0.133642 0.0921661 0.0341795 0.00917933
 0.681442 0.25008 0.0339998 0.023448 0.0110309
 0.326147 0.49952 0.136857 0.0186065 0.0188687
 0.403536 0.234355 0.268428 0.0735431 0.0201381
 0.825528 0.0832873 0.0358273 0.0410361 0.0143216
pobs_RECLAS
 0 0 0 0 0
 0 0 0 0 0
 0 0 0 0 0
 0 0 0 0 0
 0 0 0 0 0
 0 0 0 0 0
 0 0 0 0 0
 0 0 0 0 0
 0 0 0 0 0
 0 0 0 0 0
 0.991045 0.00858322 0.000360255 1.14367e-05 0
 0.934742 0.0480273 0.0164251 0.00080598 0
 0.827803 0.169806 0.00239088 0 0
 0.941827 0.0461693 0.0120037 0 0
 0.791401 0.0380133 0.147996 0.0225897 0
 0.846168 0.0940531 0.0597789 0 0
 0.134021 0.677848 0.182769 0.00536245 0
 0.80878 0.0450904 0.141981 0.00414843 0
 0.846168 0.0940531 0.0597789 0 0
 0.905697 0.0802665 0.012482 0.00150086 5.37128e-05
 0.989698 0.0102097 9.19794e-05 0 0
 0.975433 0.0193895 0.00387452 0.00125025 5.28907e-05
 0.303575 0.632131 0.0575291 0.00676475 0
 0.966965 0.00978017 0.0227588 0.000495775 0
 0.843318 0.132988 0.00938335 0.0141283 0.000182051
 0.564624 0.303363 0.111486 0.0197234 0.00080311
 0.826376 0.0876187 0.0782897 0.00655872 0.00115652
 0.89761 0.0855135 0.0140674 0.00269457 0.000114338
 0.34875 0.467042 0.161289 0.0227151 0.000203297
 0.318654 0.224769 0.449479 0.00709798 0
 0.937255 0.0296025 0.0250945 0.00804832 0
ppred_RECLAS
 0.518634 0.117191 0.341894 0.0222807 7.18447e-07
 0.480606 0.271734 0.0602943 0.175903 0.0114637
 0.630037 0.180887 0.0989198 0.0219491 0.0682074
 0.765317 0.149641 0.04158 0.0227384 0.020724
 0.707766 0.226386 0.0419863 0.0116666 0.0121947
 0.809571 0.135511 0.0425434 0.00789023 0.00448411
 0.543046 0.37239 0.0601771 0.0188924 0.00549513
 0.528244 0.265573 0.168026 0.0271525 0.0110039
 0.62908 0.197192 0.0977994 0.0618769 0.0140514
 0.783301 0.138971 0.0413224 0.0204943 0.0159111
 0.866471 0.106135 0.0175682 0.00522382 0.00460223
 0.790304 0.182061 0.0219659 0.00363594 0.00203362
 0.740713 0.207561 0.0449098 0.00541841 0.00139853
 0.696345 0.228287 0.0603319 0.013054 0.00198149
 0.794178 0.147577 0.0437886 0.0115725 0.00288401
 0.954968 0.0362653 0.00628606 0.00186519 0.000615778
 0.423063 0.552201 0.0199203 0.00345289 0.00136278
 0.920166 0.0344067 0.0434792 0.00156848 0.000379177
 0.651478 0.321525 0.0116352 0.0147032 0.000658633
 0.656857 0.2271 0.107054 0.00387401 0.00511483
 0.785009 0.143228 0.0474939 0.0223884 0.00187985
 0.784659 0.170196 0.0300761 0.00997311 0.00509603
 0.361636 0.505204 0.105244 0.0185981 0.00931828
 0.784715 0.0790469 0.107819 0.0224608 0.00595785
 0.675387 0.25589 0.025233 0.0344177 0.0090717
 0.492145 0.345376 0.128081 0.01263 0.0217679
 0.781403 0.108534 0.0748503 0.027758 0.00745475
 0.737826 0.205816 0.0279819 0.0192977 0.00907847
 0.388966 0.452954 0.124099 0.016872 0.0171097
 0.471263 0.207745 0.237948 0.0651924 0.0178515
 0.861812 0.0659664 0.0283764 0.032502 0.0113432
pobs_PELACES
 0 0 0 0 0
 0 0 0 0 0
 0 0 0 0 0
 0 0 0 0 0
 0 0 0 0 0
 0 0 0 0 0
 0 0 0 0 0
 0 0 0 0 0
 0 0 0 0 0
 0 0 0 0 0
 0 0 0 0 0
 0 0 0 0 0
 0 0 0 0 0
 0 0 0 0 0
 0 0 0 0 0
 0 0 0 0 0
 0.505614 0.472636 0.0217494 0 0
 0 0 0 0 0
 0.443492 0.261883 0.143347 0.151278 0
 0.227955 0.32914 0.350689 0.0885471 0.00366901
 0.970185 0.0296113 0.000203453 0 0
 0.997202 0.00247181 0.000326279 0 0
 0.445219 0.490057 0.0546422 0.010081 0
 0.90214 0.0892962 0.00764917 0.000914606 0
 0 0 0 0 0
 0.581667 0.319106 0.0959925 0.00289975 0.000334073
 0.762889 0.0836404 0.116647 0.0363945 0.000428098
 0.88444 0.0763242 0.0277011 0.0115352 0
 0.521256 0.241999 0.230069 0.00667565 0
 0.616807 0.101726 0.260614 0.0208532 0
 0.833518 0.0704572 0.0857862 0.0102388 0
ppred_PELACES
 0.521631 0.116462 0.339765 0.0221419 7.13974e-07
 0.4861 0.268859 0.0596565 0.174042 0.0113424
 0.635055 0.178434 0.0975781 0.0216514 0.0672823
 0.771523 0.145683 0.0404804 0.0221371 0.020176
 0.710307 0.224418 0.0416213 0.0115651 0.0120887
 0.813127 0.132981 0.041749 0.0077429 0.00440038
 0.5562 0.36167 0.0584448 0.0183486 0.00533694
 0.530479 0.264315 0.16723 0.0270239 0.0109518
 0.637171 0.192891 0.0956661 0.0605271 0.0137449
 0.790972 0.134052 0.0398597 0.0197688 0.0153479
 0.867622 0.10522 0.0174167 0.00517877 0.00456254
 0.797078 0.176179 0.0212562 0.00351847 0.00196791
 0.748066 0.201675 0.0436362 0.00526476 0.00135887
 0.710081 0.217961 0.0576028 0.0124635 0.00189186
 0.801582 0.142268 0.0422135 0.0111562 0.00278027
 0.956403 0.0351093 0.0060857 0.00180574 0.00059615
 0.428284 0.547204 0.01974 0.00342165 0.00135045
 0.921739 0.0337287 0.0426225 0.00153758 0.000371705
 0.658323 0.31521 0.0114066 0.0144144 0.000645697
 0.663042 0.223007 0.105124 0.00380417 0.00502263
 0.788548 0.140871 0.0467122 0.0220199 0.00184891
 0.789129 0.166663 0.0294518 0.00976612 0.00499026
 0.365286 0.502315 0.104642 0.0184917 0.00926499
 0.787082 0.0781778 0.106634 0.0222139 0.00589234
 0.67848 0.253452 0.0249926 0.0340898 0.00898526
 0.495021 0.34342 0.127356 0.0125585 0.0216446
 0.783806 0.107341 0.0740277 0.0274529 0.00737282
 0.740115 0.204019 0.0277375 0.0191292 0.00899918
 0.391566 0.451026 0.123571 0.0168002 0.0170369
 0.475291 0.206162 0.236136 0.0646958 0.0177155
 0.863894 0.0649725 0.0279489 0.0320123 0.0111723
pobs_pel_tallas
 0 0 0 0 0 0 0 0 0 0 0 0 0 0 0 0 0 0 0 0 0 0 0 0 0 0
 0 0 0 0 0 0 0 0 0 0 0 0 0 0 0 0 0 0 0 0 0 0 0 0 0 0
 0 0 0 0 0 0 0 0 0 0 0 0 0 0 0 0 0 0 0 0 0 0 0 0 0 0
 0 0 0 0 0 0 0 0 0 0 0 0 0 0 0 0 0 0 0 0 0 0 0 0 0 0
 0 0 0 0 0 0 0 0 0 0 0 0 0 0 0 0 0 0 0 0 0 0 0 0 0 0
 0 0 0 0 0 0 0 0 0 0 0 0 0 0 0 0 0 0 0 0 0 0 0 0 0 0
 0 0 0 0 0 0 0 0 0 0 0 0 0 0 0 0 0 0 0 0 0 0 0 0 0 0
 0 0 0 0 0 0 0 0 0 0 0 0 0 0 0 0 0 0 0 0 0 0 0 0 0 0
 0 0 0 0 0 0 0 0 0 0 0 0 0 0 0 0 0 0 0 0 0 0 0 0 0 0
 0 0 0 0 0 0 0 0 0 0 0 0 0 0 0 0 0 0 0 0 0 0 0 0 0 0
 0 0 0 0 0 0 0 0 0 0 0 0 0 0 0 0 0 0 0 0 0 0 0 0 0 0
 0 0 0 0 0 0 0 0 0 0 0 0 0 0 0 0 0 0 0 0 0 0 0 0 0 0
 0.00862536 0 0 0.000197151 0.00414017 0.0128641 0.00837892 0.0270097 0.101434 0.158115 0.152841 0.127902 0.109271 0.109419 0.0830992 0.0579132 0.0238553 0.00714673 0.00463305 0.00128148 0.00103504 0.000492878 0.000147863 0.000147863 4.92878e-05 0
 0 0 0 0 0 0 0 0 0 0 0 0 0 0 0 0 0 0 0 0 0 0 0 0 0 0
 0 0 0 0 0 0 0 0.0054083 0.00873648 0.0413646 0.0450493 0.0745869 0.0622846 0.0627006 0.0613931 0.0827291 0.12552 0.122667 0.0946155 0.0697135 0.0546179 0.0294188 0.0215738 0.0213955 0.0102223 0.00600262
 0 0 0 0 0.00359764 0.0251062 0.0480494 0.140153 0.205849 0.193036 0.1447 0.116669 0.0760912 0.0342217 0.00950174 0.001854 0.000860785 0 0 0 0.000165536 0 0.000143464 0 0 0
 0 0 0 0 0 0 0 0.000145254 0.000435761 0.0275982 0.070085 0.0708112 0.156366 0.174668 0.174014 0.160142 0.0824315 0.0480064 0.0283245 0.00493863 0.00203355 0 0 0 0 0
 0 0 0 0 0 0 0 0 0 0 0 0 0 0 0 0 0 0 0 0 0 0 0 0 0 0
 0 0 1.00437e-05 0.000401748 0.00122533 0.00171747 0.00176769 0.0269171 0.070346 0.194647 0.189555 0.159765 0.064822 0.0314167 0.0384472 0.0292271 0.0345202 0.0313363 0.0194345 0.0106764 0.0143323 0.0359363 0.0279516 0.0138201 0.00172751 0
 0 0.0021121 0.0136068 0.0755702 0.200478 0.177729 0.0527432 0.0373336 0.0318909 0.0142505 0.0149659 0.0166563 0.0217959 0.0798694 0.0677717 0.0528807 0.04013 0.0224614 0.0357745 0.0225083 0.00881397 0.00855152 0.00135912 0.000746735 0 0
 0 0 0 0 5.4009e-05 0.00500934 0.000945158 0.0243581 0.138947 0.33067 0.221406 0.137944 0.0707744 0.0437923 0.0131692 0.00525238 0.0047753 0.00276346 9.45158e-05 9.00151e-06 2.25038e-05 9.00151e-06 4.50075e-06 0 0 0
 0.000866109 0.00284123 0.00948549 0.0512746 0.133035 0.25785 0.225252 0.132002 0.0553304 0.0519788 0.0540692 0.017754 0.00435017 0.00159236 0.00146478 0.000404838 0.000125132 0.000115318 0.000107957 0.000100596 0 0 0 0 0 0
 0 0 0 0 0.00144013 0.00171154 0.00461396 0.0210425 0.0478622 0.0707936 0.0888783 0.103762 0.0637923 0.0337046 0.0602308 0.124433 0.169614 0.0934646 0.0462172 0.0250306 0.0313229 0.00938855 0.002487 0.000210481 0 0
 0 0.00764035 0.051015 0.0998891 0.058973 0.0496711 0.0374665 0.0718981 0.12319 0.153886 0.159021 0.0857701 0.0377988 0.023471 0.0147837 0.00900784 0.00315554 0.000888139 0.00291439 0.00214683 0.00393193 0.00274676 0.000635225 9.99891e-05 0 0
 0 0 0 0 0 0 0 0 0 0 0 0 0 0 0 0 0 0 0 0 0 0 0 0 0 0
 0 0 0 0 0 0 0 0 0 0 0 0 0 0 0 0 0 0 0 0 0 0 0 0 0 0
 0 0 0 0 0 0 0 0 0 0 0 0 0 0 0 0 0 0 0 0 0 0 0 0 0 0
 0 0 0 0 0 0 0 0 0 0 0 0 0 0 0 0 0 0 0 0 0 0 0 0 0 0
 0 0 0 0 0 0 0 0 0 0 0 0 0 0 0 0 0 0 0 0 0 0 0 0 0 0
 0 0 0 0 0 0 0 0 0 0 0 0 0 0 0 0 0 0 0 0 0 0 0 0 0 0
 0 0 0 0 0 0 0 0 0 0 0 0 0 0 0 0 0 0 0 0 0 0 0 0 0 0
ppred_pel_tallas
 1.12056e-16 4.29661e-05 0.000417645 0.0027754 0.0126166 0.0392549 0.0836372 0.122073 0.122085 0.0836947 0.0394496 0.0131854 0.00422742 0.00366748 0.00644911 0.0112029 0.017549 0.0250074 0.0330064 0.0411073 0.0489505 0.055895 0.0607651 0.0621319 0.0590576 0.0517499
 1.21164e-16 4.00395e-05 0.000389198 0.00258636 0.0117572 0.0365813 0.0779412 0.113763 0.113789 0.0780683 0.0370084 0.0129924 0.00569233 0.00718864 0.0130126 0.0216141 0.031547 0.0406156 0.0466878 0.0489834 0.0486061 0.0477507 0.0481716 0.050094 0.0522605 0.0528594
 1.16419e-16 5.23086e-05 0.000508459 0.00337889 0.0153599 0.0477906 0.101824 0.148618 0.148635 0.101908 0.0480755 0.0161846 0.0054554 0.00506372 0.00876988 0.0145926 0.0214408 0.0278805 0.0325059 0.0347407 0.035176 0.0350802 0.035472 0.0364958 0.0374855 0.0375057
 1.0684e-16 6.35494e-05 0.000617723 0.00410498 0.0186607 0.0580603 0.123704 0.180553 0.180567 0.123773 0.0582916 0.0193291 0.00578493 0.00429225 0.00706382 0.0116358 0.0168976 0.0215603 0.0243671 0.0247752 0.0232799 0.0210503 0.0191672 0.0180595 0.0174778 0.0168633
 1.04465e-16 5.85071e-05 0.00056871 0.00377928 0.0171801 0.0534536 0.113889 0.166229 0.166251 0.113995 0.0538089 0.0182065 0.00635664 0.00619835 0.0107599 0.0177217 0.0255857 0.0323107 0.0358587 0.0353013 0.031366 0.0259216 0.0208282 0.0170506 0.0145517 0.0127681
 1.02761e-16 6.69762e-05 0.000651033 0.00432634 0.0196669 0.0611912 0.130375 0.190288 0.190301 0.130438 0.0614022 0.020277 0.0058596 0.00400415 0.00645281 0.010608 0.0153829 0.0195712 0.0219856 0.0220725 0.0202175 0.0174371 0.0147184 0.0125369 0.0108369 0.00933252
 1.04523e-16 4.58135e-05 0.000445324 0.00295933 0.0134527 0.0418566 0.0891812 0.13017 0.130205 0.0893516 0.0424288 0.0151057 0.00710911 0.0095067 0.0172621 0.0284841 0.0410728 0.0517465 0.057187 0.0558645 0.0489363 0.0394314 0.0304058 0.02351 0.0188005 0.0154814
 1.09457e-16 4.36949e-05 0.00042473 0.00282248 0.0128306 0.0399209 0.0850567 0.124148 0.124174 0.0851823 0.0403432 0.0140531 0.00590123 0.00717914 0.0129698 0.0216295 0.031754 0.041187 0.0477229 0.0502977 0.0495042 0.0469437 0.0439926 0.0410325 0.0376287 0.0332573
 1.11207e-16 5.2483e-05 0.000510153 0.00339015 0.0154111 0.0479499 0.102163 0.149114 0.149132 0.102255 0.0482576 0.0163016 0.00563165 0.005425 0.00945109 0.015713 0.0230398 0.0298537 0.0345907 0.0365717 0.0363726 0.0353081 0.0344521 0.0339946 0.033343 0.0317163
 1.05765e-16 6.51513e-05 0.000633294 0.00420846 0.0191311 0.0595239 0.126822 0.185104 0.185117 0.126886 0.0597368 0.0197463 0.00575498 0.0040164 0.00651138 0.0107181 0.0155699 0.019876 0.0224769 0.0228647 0.0214799 0.0193794 0.0175418 0.01636 0.0156229 0.0148537
 1.01822e-16 7.14649e-05 0.000694665 0.00461629 0.020985 0.0652922 0.139112 0.20304 0.203051 0.139162 0.0654587 0.021466 0.00582387 0.00333175 0.00508259 0.00829703 0.0119637 0.015085 0.0166975 0.0163626 0.014423 0.0117636 0.00927084 0.0074142 0.00619078 0.00534427
 1.01345e-16 6.56543e-05 0.000638183 0.00424095 0.0192788 0.0599835 0.127802 0.186534 0.186551 0.127885 0.060262 0.020083 0.00625931 0.00504321 0.00842842 0.0138216 0.0198841 0.0249617 0.0274139 0.0264818 0.0227356 0.0176856 0.012882 0.00920279 0.0067394 0.00513687
 1.02069e-16 6.16172e-05 0.000598941 0.00398018 0.0180933 0.0562951 0.119943 0.175065 0.175084 0.120039 0.0566145 0.0190161 0.00629756 0.00566134 0.00968629 0.0159423 0.0230203 0.029073 0.0322523 0.0316916 0.0279981 0.0228021 0.0177474 0.0137221 0.0107767 0.00853771
 1.03289e-16 5.84885e-05 0.000568529 0.00377808 0.0171746 0.0534367 0.113853 0.166177 0.166198 0.113956 0.0537822 0.0181733 0.00628697 0.0060524 0.0104937 0.0173086 0.0250517 0.0317612 0.035469 0.0352545 0.0317617 0.026701 0.0217629 0.0178075 0.014808 0.0123257
 1.02844e-16 6.60253e-05 0.000641789 0.00426492 0.0193877 0.0603224 0.128524 0.187587 0.187601 0.128591 0.0605481 0.0200402 0.00590454 0.00422707 0.00689269 0.0113366 0.0164325 0.0208918 0.0234429 0.0234953 0.0214672 0.0184548 0.0155234 0.0131859 0.0113801 0.00979156
 1.00467e-16 7.87777e-05 0.000765747 0.00508866 0.0231323 0.0719732 0.153347 0.223815 0.223818 0.153363 0.0720288 0.0232928 0.00549165 0.00164583 0.00175121 0.00277305 0.00399325 0.00503467 0.00557149 0.00545523 0.0047975 0.00389043 0.00302787 0.00236726 0.00191234 0.00158567
 1.01282e-16 3.52773e-05 0.000342908 0.00227875 0.0103589 0.0322306 0.0686727 0.100241 0.100293 0.0689299 0.0330939 0.0128512 0.00853023 0.0139745 0.0258787 0.0426076 0.0610941 0.0762364 0.0828592 0.078576 0.0652426 0.0477735 0.031308 0.0188998 0.0110423 0.0066484
 1.01456e-16 7.59225e-05 0.000737993 0.00490423 0.0222939 0.0693646 0.147789 0.215703 0.215706 0.147805 0.0694192 0.0224522 0.00530445 0.00162092 0.00177976 0.00289226 0.00432162 0.00577126 0.00698146 0.00781138 0.00828099 0.00848553 0.00846508 0.00815764 0.00747274 0.00640442
 1.01965e-16 5.42252e-05 0.000527089 0.00350269 0.0159227 0.0495417 0.105555 0.154067 0.154097 0.105703 0.0500391 0.0173588 0.00710495 0.00838297 0.014951 0.0245716 0.0352529 0.0440455 0.0479891 0.0457349 0.0383719 0.0287314 0.019742 0.0130941 0.008979 0.00667992
 1.04323e-16 5.4614e-05 0.000530867 0.0035278 0.0160369 0.0498968 0.106311 0.155169 0.15519 0.106417 0.0502518 0.0170637 0.00611057 0.00618682 0.0108481 0.0179821 0.0262097 0.033603 0.0382048 0.0390648 0.0367262 0.0327119 0.0284692 0.0246481 0.0211471 0.0176378
 1.03906e-16 6.49517e-05 0.000631354 0.00419557 0.0190725 0.0593415 0.126434 0.184537 0.184551 0.126501 0.0595653 0.0197194 0.00582181 0.0041894 0.00684588 0.0112771 0.0163864 0.0209204 0.0236465 0.0240011 0.0224027 0.0199111 0.0175207 0.0156529 0.0141562 0.0126553
 1.02717e-16 6.49995e-05 0.000631818 0.00419866 0.0190865 0.0593852 0.126527 0.184673 0.184689 0.126606 0.059649 0.0198485 0.0061121 0.00481082 0.00800749 0.0131506 0.0189749 0.0239418 0.0265301 0.0260433 0.0230174 0.0188401 0.0148996 0.0119268 0.00991489 0.00846941
 1.06571e-16 3.00883e-05 0.000292469 0.00194356 0.00883517 0.0274898 0.0585716 0.0854971 0.0855456 0.0588085 0.0282852 0.0111334 0.0077149 0.0128999 0.0239989 0.0396927 0.0573279 0.0724082 0.080352 0.0790255 0.0699742 0.05729 0.04508 0.0355322 0.0287042 0.0235671
 1.06323e-16 6.48309e-05 0.00063018 0.00418777 0.019037 0.0592311 0.126199 0.184192 0.1842 0.126236 0.059358 0.0194054 0.00512021 0.00269082 0.00405214 0.00678955 0.0102265 0.0138086 0.0169951 0.0195116 0.0214288 0.0229386 0.0240344 0.0244083 0.0236568 0.0215978
 1.05726e-16 5.58856e-05 0.000543228 0.00360994 0.0164103 0.0510586 0.108787 0.158782 0.158807 0.108906 0.0514593 0.0175675 0.00651461 0.00688391 0.0120979 0.0199138 0.0286912 0.0361162 0.0398868 0.0389866 0.0343121 0.0280772 0.0224745 0.0186208 0.0164037 0.015034
 1.08686e-16 4.07743e-05 0.00039634 0.00263382 0.011973 0.0372526 0.0793718 0.115852 0.115886 0.0795343 0.0377983 0.0135507 0.00660025 0.00907528 0.0165829 0.0275054 0.0399811 0.0510367 0.057646 0.0583891 0.0542292 0.0477113 0.0412743 0.0360414 0.0318066 0.0278306
 1.06165e-16 6.4561e-05 0.000627556 0.00417033 0.0189577 0.0589846 0.125673 0.183426 0.183437 0.125724 0.0591565 0.0194554 0.00542451 0.00338201 0.00534474 0.00886286 0.0130658 0.0170762 0.0200402 0.0215675 0.0219187 0.0217199 0.0214475 0.0211208 0.0204042 0.0189481
 1.04294e-16 6.09624e-05 0.000592576 0.00393788 0.017901 0.0556968 0.118669 0.173205 0.173224 0.118765 0.0560196 0.0188332 0.00627805 0.00570229 0.00976876 0.0160636 0.0231616 0.029192 0.0322995 0.0316529 0.0279466 0.0229273 0.0183305 0.0150512 0.0130301 0.0116912
 1.0825e-16 3.22528e-05 0.000313509 0.00208338 0.00947077 0.0294673 0.0627849 0.0916455 0.091689 0.0629978 0.0301825 0.0115378 0.00727648 0.0116654 0.0216366 0.0358362 0.0518952 0.0658351 0.0736002 0.073297 0.0662655 0.0560471 0.0461329 0.0382867 0.0324245 0.0275963
 1.16354e-16 3.91491e-05 0.000380543 0.00252885 0.0114958 0.0357677 0.0762077 0.111232 0.111252 0.0763066 0.0361009 0.0124626 0.00497243 0.00577075 0.0104406 0.0176303 0.0264076 0.0353448 0.0429729 0.0485829 0.0524831 0.0554107 0.0576296 0.058551 0.0571695 0.0528608
 1.05925e-16 7.11578e-05 0.000691679 0.00459645 0.0208948 0.0650115 0.138514 0.202167 0.202173 0.138545 0.0651152 0.0211947 0.00535139 0.00234722 0.00323808 0.00530218 0.00778128 0.0101157 0.0118018 0.0126498 0.0128991 0.0130267 0.0133928 0.014002 0.0145362 0.014581
pSPR Fmed_Fpbrs
0.606914   0.219156 0.219156
Fs Fmed_Fpbrs
0.277654   1.005 1.005
SSBpbr Bo_Bmed_Bpbrs
1.79705e+06  1.0008e+06  303982 303982
Ro
161961
SPR SPRFo_SPRFmed_SPRFpbrs
1.15602e+06 701602 253348
Fref
1.005
Nvult_r0
 201642 16221.2 6977.78 7992.26 2789.3
CTP_r0
 29492.4 2975.49 1279.95 1466.04 511.647
YTP_r0
391291
Np
 227138 38826.5 12196.8 909.033 443.691
Nvult_p0
 188312 33598.1 10554.4 786.623 383.944
CTP_p0
 81707.5 39286.8 2928.05 1259.54 1866.61
 81707.5 16841 5290.37 394.292 192.45
YTP_p0
 1.39548e+06 1.01634e+06
CBA_c0
1.28174e+06
log_Ro
11.8151
likeval ReclasPelacesDesembMPH_pf_preclas_ppelaces_ptallas_desvR_qrecl_qpela
 12.2923 18.8876 0.0373501 0.00255317 240.354 118.064 98.6573 0 26.0566 0 0 0.189873 0 0 0
q_reclas_q_pelaces
1 1
M
1
N
 185481 42681.1 124518 8114.62 0.261658
 103847 60705.6 13469.8 39296.9 2561
 103947 30836.1 16863 3741.7 11627.4
 150338 30990.4 8611.18 4709.11 4291.93
 120844 39381.3 7303.78 2029.47 2121.35
 227432 39432.8 12379.8 2296 1304.85
 89782.2 66729.9 10783.4 3385.41 984.693
 38630.1 19686.9 12455.8 2012.81 815.72
 39409.2 13022.7 6458.75 4086.4 927.965
 54310.6 10327.8 3070.92 1523.05 1182.45
 102876 12793.6 2117.68 629.684 554.757
 140002 34338.7 4143.01 685.779 383.563
 115865 34425.1 7448.55 898.675 231.955
 80773.7 29257.7 7732.25 1673.02 253.952
 78583 15654.5 4644.97 1227.58 305.928
 462471 18488 3204.63 950.872 313.924
 90723.1 122310 4412.24 764.799 301.849
 701661 27109.6 34258 1235.83 298.759
 404776 209151 7568.65 9564.4 428.439
 307582 110878 52267.4 1891.42 2497.23
 459279 86519.1 28689.4 13524 1135.55
 609221 137588 24313.9 8062.38 4119.69
 120836 172892 36016.7 6364.68 3188.92
 370463 38122 51998.1 10832.2 2873.29
 307013 118840 11718.7 15984.2 4213.07
 137813 98414.7 36496.8 3598.91 6202.75
 319425 45326.4 31259.3 11592.4 3113.29
 360601 102415 13923.9 9602.64 4517.49
 99817.3 118178 32378.2 4402.01 4464.03
 73081.7 33014.7 37814.6 10360.3 2836.95
 292217 22971.7 9881.64 11318.3 3950.09
pred_Ctot
 13061.1 3882.9 11328 738.226 0.0238043
 12881.9 9614.96 2133.44 6224.1 405.628
 12672.1 4802.17 2626.11 582.702 1810.76
 28128 7297.73 2027.79 1108.92 1010.68
 8716.49 3668.48 680.368 189.051 197.61
 29644.6 6553.54 2057.47 381.584 216.859
 23901.9 21938.7 3545.22 1113.01 323.736
 2056.84 1359.23 859.971 138.969 56.3189
 7365.27 3063.4 1519.33 961.264 218.29
 12800.9 3028.63 900.55 446.638 346.755
 6074.79 978.381 161.948 48.1546 42.4246
 30319.1 9294.84 1121.43 185.627 103.823
 23678.5 8818.83 1908.13 230.217 59.4209
 25434 11238.8 2970.21 642.663 97.5511
 18565.2 4600.82 1365.15 360.781 89.9113
 84405.8 4251.4 736.919 218.657 72.1881
 10950 18863.3 680.482 117.952 46.5529
 85608.9 4225.19 5339.32 192.612 46.5635
 66932.6 43748 1583.13 2000.57 89.6161
 46775 21393.9 10085 364.95 481.842
 54814.7 13198.4 4376.55 2063.08 173.228
 89902.4 25787.8 4557.08 1511.11 772.142
 11015.9 20271.5 4222.94 746.256 373.9
 30313.6 4020.11 5483.4 1142.3 303
 25247.4 12593.7 1241.85 1693.88 446.467
 9316.1 8600.17 3189.35 314.498 542.04
 26230.1 4796.49 3307.9 1226.72 329.452
 25115.8 9217.16 1253.13 864.219 406.565
 6423.64 9838.31 2695.47 366.466 371.629
 6811.45 3955.78 4530.9 1241.36 339.919
 29492.4 2975.49 1279.95 1466.04 511.647
F
 0.116915 0.153303 0.153303 0.153303 0.153303
 0.214236 0.280912 0.280912 0.280912 0.280912
 0.210204 0.275626 0.275626 0.275626 0.275626
 0.339594 0.445285 0.445285 0.445285 0.445285
 0.119905 0.157223 0.157223 0.157223 0.157223
 0.226196 0.296595 0.296595 0.296595 0.296595
 0.517431 0.67847 0.67847 0.67847 0.67847
 0.0873373 0.114519 0.114519 0.114519 0.114519
 0.339162 0.444719 0.444719 0.444719 0.444719
 0.445775 0.584514 0.584514 0.584514 0.584514
 0.0972543 0.127523 0.127523 0.127523 0.127523
 0.40287 0.528255 0.528255 0.528255 0.528255
 0.376278 0.493387 0.493387 0.493387 0.493387
 0.640893 0.840357 0.840357 0.840357 0.840357
 0.447032 0.586162 0.586162 0.586162 0.586162
 0.330026 0.43274 0.43274 0.43274 0.43274
 0.207925 0.272637 0.272637 0.272637 0.272637
 0.210392 0.275873 0.275873 0.275873 0.275873
 0.294902 0.386685 0.386685 0.386685 0.386685
 0.268377 0.351904 0.351904 0.351904 0.351904
 0.205394 0.269318 0.269318 0.269318 0.269318
 0.259513 0.340282 0.340282 0.340282 0.340282
 0.153643 0.201461 0.201461 0.201461 0.201461
 0.136974 0.179604 0.179604 0.179604 0.179604
 0.1377 0.180556 0.180556 0.180556 0.180556
 0.112012 0.146873 0.146873 0.146873 0.146873
 0.137489 0.180279 0.180279 0.180279 0.180279
 0.115578 0.151549 0.151549 0.151549 0.151549
 0.106389 0.1395 0.1395 0.1395 0.1395
 0.157314 0.206274 0.206274 0.206274 0.206274
 0.171319 0.224638 0.224638 0.224638 0.224638
YTP_r0W_actual
 244787 41954.4 35326.6 50138.5 19084.4
YTP_p0W_proyectada
 611989 615624 67725.8 36992.8 63147.6
 611989 263898 122366 11580.4 6510.6
CTP_r0_actual
 29492.4 2975.49 1279.95 1466.04 511.647
CTP_p0_proyectada
 81707.5 39286.8 2928.05 1259.54 1866.61
 81707.5 16841 5290.37 394.292 192.45
Wmedp
 7.49 15.67 23.13 29.37 33.83
Frms_r0
 0.171319 0.224638 0.224638 0.224638 0.224638
Zrms_r0
 1.17132 1.22464 1.22464 1.22464 1.22464
nmprior
 8.19 8.8 8.5 0
nm_flota  nm_reclas  nm_pelaces    nm_pelaL
inf 13.247 17.3425 40.8174
cv_recla  cv_pelaces  cv_mph
0.317133 0.492789 1.55936
 ------------------------------------------------
Talla a la edad & desviaci?n 
 8 13.2811 15.8009 17.003 17.5766
 0.8 1.32811 1.58009 1.7003 1.75766
