years
 1991 1992 1993 1994 1995 1996 1997 1998 1999 2000 2001 2002 2003 2004 2005 2006 2007 2008 2009 2010 2011 2012 2013 2014 2015 2016 2017 2018 2019 2020 2021
reclasobs
 0 0 0 0 0 0 0 0 0 252601 567819 844713 477998 351125 339783 2.1784e+06 2.13404e+06 4.81314e+06 1.55562e+06 2.62356e+06 3.21686e+06 3.843e+06 1.13348e+06 3.07943e+06 1.97215e+06 2.03268e+06 2.025e+06 2.42433e+06 2.27542e+06 1.05018e+06 2.36338e+06
reclaspred
 3.20444e+06 1.76953e+06 897182 916963 925744 1.53046e+06 904054 788271 565918 397679 501948 666623 654779 493500 491451 1.33039e+06 1.22542e+06 3.00138e+06 2.41557e+06 1.77189e+06 3.09438e+06 2.51799e+06 1.95275e+06 3.05424e+06 2.28069e+06 2.01612e+06 2.41292e+06 2.59578e+06 2.09002e+06 1.28875e+06 1.89677e+06
pelacesobs
 0 0 0 0 0 0 0 0 0 0 0 0 0 0 0 552880 188675 0 991730 2.46772e+06 1.41603e+06 1.21717e+06 2.29649e+06 1.80582e+06 0 1.4828e+06 1.56532e+06 1.57751e+06 1.42118e+06 867257 1.10002e+06
pelacespred
 1.78189e+06 1.08333e+06 541129 454839 489780 839113 443721 499926 336313 220491 295094 324412 352082 273884 282476 641858 595619 1.70172e+06 1.39238e+06 938214 1.62689e+06 1.40143e+06 1.10288e+06 1.90604e+06 1.3598e+06 1.20526e+06 1.64733e+06 1.7461e+06 1.15998e+06 805049 1.16893e+06
mphobs
 0 0 0 0 0 0 0 0 0 0 0 498337 0 5186 125008 0 168611 109162 213762 579715 649985 157893 87575 83554 0 0 0 0 0 0 0
mphpred
 489241 327285 159732 88246.2 97450.3 114230 152774 87541.3 78493.4 51474.2 32865.3 60298.5 64652.4 53559.2 34035.6 43343 151137 137694 299461 215895 228870 281283 267772 217062 308273 254338 208359 223743 317963 211647 128341
desembarqueobs
 494567 514787 250237 358949 120608 361735 552515 73892 212993 205616 52469 317467 293654 387597 252695 516296 358380 742168 942051 627588 828172 859565 418607 520667 417249 300574 415391 372974 316634 284311 391294
desembarquepred
 494573 513678 250776 358984 120614 361749 552558 73897.2 213052 205670 52471.9 317535 293700 387608 252681 516242 358406 742040 941800 627409 828253 859566 418614 520694 417243 300574 415388 372951 316621 284317 391299
Reclutas
 179747 99633.2 100631 160231 129074 227056 91523.7 40089.3 38553.6 51718.7 96580.1 134601 112470 78523 74805.1 402424 81986.1 641585 359368 284264 400427 546706 110827 324009 276882 122622 274799 310395 91979.2 66158.5 246423
log_desv_Rt
 0.170887 -0.41917 -0.409204 0.0559523 -0.16028 0.404534 -0.504067 -1.32956 -1.36861 -1.07485 -0.450292 -0.118353 -0.297981 -0.657273 -0.705778 0.976841 -0.614115 1.44328 0.863682 0.629238 0.971867 1.28325 -0.312696 0.760107 0.602926 -0.211561 0.595376 0.71718 -0.499103 -0.828611 0.486385
SSB
 2.4242e+06 1.6217e+06 791475 437262 482869 566011 756997 433769 388937 255056 162848 298780 320354 265387 168647 214765 748888 682279 1.48384e+06 1.06976e+06 1.13405e+06 1.39376e+06 1.32681e+06 1.07555e+06 1.5275e+06 1.26025e+06 1.03242e+06 1.10865e+06 1.57551e+06 1.04871e+06 635933
BT
 3.35641e+06 2.29146e+06 1.13729e+06 1.04991e+06 903610 1.69529e+06 1.22584e+06 890996 767268 562019 533364 801329 848122 855278 720711 1.48099e+06 1.26298e+06 3.47385e+06 3.20272e+06 2.11025e+06 3.3644e+06 3.11384e+06 2.18415e+06 3.63966e+06 2.6306e+06 2.25633e+06 3.15046e+06 3.26416e+06 2.17515e+06 1.60488e+06 2.30661e+06
Ftot
 0.174277 0.319868 0.312934 0.472868 0.1573 0.297106 0.671884 0.111965 0.442697 0.602152 0.138183 0.577616 0.54074 0.926084 0.65537 0.52328 0.338108 0.327133 0.463018 0.424563 0.330237 0.417133 0.246587 0.218445 0.217963 0.175389 0.218499 0.185448 0.170101 0.25015 0.268046
BD_Bspro_t
 0.972586 0.807939 0.620722 0.52515 0.519852 0.606853 0.60125 0.419221 0.477422 0.423196 0.384118 0.61909 0.498497 0.404537 0.291585 0.345605 0.533033 0.497216 0.618526 0.50899 0.47723 0.525764 0.542574 0.530191 0.645804 0.655558 0.662234 0.702405 0.754235 0.6779 0.599845
BD_Bspro
 2.23842 1.49742 0.730819 0.403752 0.445863 0.522634 0.698984 0.400527 0.35913 0.235509 0.150368 0.275883 0.295804 0.245049 0.155723 0.198307 0.691496 0.629991 1.37012 0.987782 1.04715 1.28695 1.22513 0.993121 1.41044 1.16367 0.953302 1.02369 1.45477 0.968345 0.587198
BD_Bo
 1.48597 0.994062 0.485154 0.26803 0.295986 0.34695 0.46402 0.265889 0.238408 0.156343 0.0998219 0.183145 0.196369 0.162675 0.103376 0.131646 0.459049 0.418219 0.909554 0.655738 0.695147 0.85434 0.813303 0.659283 0.936319 0.772503 0.632848 0.679575 0.965748 0.642835 0.389811
BD_Brms
 8.36905 5.59859 2.7324 1.50956 1.667 1.95404 2.61337 1.4975 1.34272 0.880526 0.5622 1.03148 1.10596 0.916193 0.582219 0.741433 2.58538 2.35542 5.12264 3.69314 3.91509 4.81167 4.58055 3.7131 5.27338 4.35076 3.56422 3.82739 5.43912 3.62047 2.19543
Sel_flota
 0.732951 0.981185 0.998992 0.999947 0.999997
 0.732951 0.981185 0.998992 0.999947 0.999997
 0.732951 0.981185 0.998992 0.999947 0.999997
 0.732951 0.981185 0.998992 0.999947 0.999997
 0.732951 0.981185 0.998992 0.999947 0.999997
 0.732951 0.981185 0.998992 0.999947 0.999997
 0.732951 0.981185 0.998992 0.999947 0.999997
 0.732951 0.981185 0.998992 0.999947 0.999997
 0.732951 0.981185 0.998992 0.999947 0.999997
 0.732951 0.981185 0.998992 0.999947 0.999997
 0.732951 0.981185 0.998992 0.999947 0.999997
 0.732951 0.981185 0.998992 0.999947 0.999997
 0.732951 0.981185 0.998992 0.999947 0.999997
 0.732951 0.981185 0.998992 0.999947 0.999997
 0.732951 0.981185 0.998992 0.999947 0.999997
 0.732951 0.981185 0.998992 0.999947 0.999997
 0.732951 0.981185 0.998992 0.999947 0.999997
 0.732951 0.981185 0.998992 0.999947 0.999997
 0.732951 0.981185 0.998992 0.999947 0.999997
 0.732951 0.981185 0.998992 0.999947 0.999997
 0.732951 0.981185 0.998992 0.999947 0.999997
 0.732951 0.981185 0.998992 0.999947 0.999997
 0.732951 0.981185 0.998992 0.999947 0.999997
 0.732951 0.981185 0.998992 0.999947 0.999997
 0.732951 0.981185 0.998992 0.999947 0.999997
 0.732951 0.981185 0.998992 0.999947 0.999997
 0.732951 0.981185 0.998992 0.999947 0.999997
 0.732951 0.981185 0.998992 0.999947 0.999997
 0.732951 0.981185 0.998992 0.999947 0.999997
 0.732951 0.981185 0.998992 0.999947 0.999997
 0.732951 0.981185 0.998992 0.999947 0.999997
Sel_reclas
 1 1 1 1 1
 1 1 1 1 1
 1 1 1 1 1
 1 1 1 1 1
 1 1 1 1 1
 1 1 1 1 1
 1 1 1 1 1
 1 1 1 1 1
 1 1 1 1 1
 1 1 1 1 1
 1 1 1 1 1
 1 1 1 1 1
 1 1 1 1 1
 1 1 1 1 1
 1 1 1 1 1
 1 1 1 1 1
 1 1 1 1 1
 1 1 1 1 1
 1 1 1 1 1
 1 1 1 1 1
 1 1 1 1 1
 1 1 1 1 1
 1 1 1 1 1
 1 1 1 1 1
 1 1 1 1 1
 1 1 1 1 1
 1 1 1 1 1
 1 1 1 1 1
 1 1 1 1 1
 1 1 1 1 1
 1 1 1 1 1
Sel_pelaces
 0.993789 1 1 1 1
 0.993789 1 1 1 1
 0.993789 1 1 1 1
 0.993789 1 1 1 1
 0.993789 1 1 1 1
 0.993789 1 1 1 1
 0.993789 1 1 1 1
 0.993789 1 1 1 1
 0.993789 1 1 1 1
 0.993789 1 1 1 1
 0.993789 1 1 1 1
 0.993789 1 1 1 1
 0.993789 1 1 1 1
 0.993789 1 1 1 1
 0.993789 1 1 1 1
 0.993789 1 1 1 1
 0.993789 1 1 1 1
 0.993789 1 1 1 1
 0.993789 1 1 1 1
 0.993789 1 1 1 1
 0.993789 1 1 1 1
 0.993789 1 1 1 1
 0.993789 1 1 1 1
 0.993789 1 1 1 1
 0.993789 1 1 1 1
 0.993789 1 1 1 1
 0.993789 1 1 1 1
 0.993789 1 1 1 1
 0.993789 1 1 1 1
 0.993789 1 1 1 1
 0.993789 1 1 1 1
pf_obs 
 0.8446 0.082 0.0669 0.0065 0
 0.8095 0.147 0.0364 0.0071 0
 0.9664 0.0169 0.016 0.0007 0
 0.9276 0.0648 0.0075 0.0001 0
 0.7033 0.2144 0.0806 0.0017 0
 0.9318 0.0425 0.0243 0.0014 0
 0.5671 0.3108 0.0964 0.0239 0.0018
 0.0768 0.2599 0.5324 0.112 0.0189
 0.490249 0.384438 0.106611 0.0170017 0.00170017
 0.7925 0.1577 0.0466 0.003 0.0002
 0.840416 0.127587 0.0312969 0.00059994 9.999e-05
 0.8084 0.0986 0.0794 0.0134 0.0002
 0.7335 0.1905 0.0724 0.0035 0.0001
 0.4001 0.4547 0.1325 0.0127 0
 0.49795 0.308269 0.164784 0.0264974 0.00249975
 0.9179 0.0499 0.0305 0.0017 0
 0.2467 0.6533 0.0926 0.0074 0
 0.9418 0.0223 0.034 0.0019 0
 0.707729 0.231977 0.0356964 0.0245975 0
 0.517169 0.277429 0.184464 0.0207286 0.00020938
 0.811772 0.124168 0.05621 0.00726502 0.000585176
 0.764997 0.148141 0.077277 0.00933861 0.000247198
 0.163321 0.427699 0.378323 0.0303852 0.000271297
 0.753843 0.0900009 0.118128 0.0371064 0.000921714
 0.721811 0.176058 0.0630433 0.0369309 0.00215725
 0.143369 0.312575 0.442814 0.0836902 0.0175525
 0.692698 0.0596174 0.167031 0.0765114 0.00414204
 0.394062 0.376323 0.152708 0.0712218 0.00568511
 0.125707 0.32114 0.495352 0.0537591 0.00404204
 0.23352 0.215282 0.420074 0.123614 0.00750983
 0.774587 0.0839891 0.0768558 0.0609784 0.00358967
pf_pred 
 0.465091 0.132127 0.378601 0.0241805 8.49272e-07
 0.417878 0.316619 0.066527 0.187041 0.0119343
 0.572349 0.214042 0.117317 0.0241476 0.0721438
 0.734924 0.172699 0.0467225 0.0250871 0.0205675
 0.652279 0.277519 0.046101 0.0121973 0.011904
 0.747577 0.1811 0.0571423 0.00931553 0.0048651
 0.465597 0.429873 0.0754314 0.0233186 0.0057804
 0.452391 0.307308 0.194236 0.0332536 0.0128111
 0.538538 0.243431 0.12335 0.0765452 0.0181353
 0.713568 0.178962 0.0572983 0.0283993 0.0217726
 0.824186 0.137849 0.023937 0.00748353 0.00654428
 0.740686 0.223985 0.0278133 0.00474022 0.00277509
 0.687116 0.251929 0.0528206 0.00640561 0.00172861
 0.634934 0.277511 0.0708185 0.0145056 0.00223101
 0.746958 0.184276 0.0526251 0.0130588 0.00308156
 0.937834 0.0505261 0.00853349 0.00237778 0.000728309
 0.374935 0.597448 0.022543 0.00372096 0.00135271
 0.90522 0.0430553 0.049485 0.00182872 0.000411119
 0.584415 0.386685 0.0132769 0.0149465 0.000675768
 0.61008 0.259634 0.121417 0.00407705 0.00479154
 0.735363 0.182323 0.0552097 0.0252619 0.00184298
 0.745089 0.202624 0.0362589 0.0107541 0.00527382
 0.315474 0.550809 0.106767 0.0186957 0.00825458
 0.737892 0.101501 0.129734 0.0246554 0.00621691
 0.623285 0.299446 0.0302833 0.0379615 0.0090241
 0.426719 0.397364 0.140406 0.0139264 0.0215846
 0.726785 0.137407 0.0946861 0.032828 0.00829406
 0.682865 0.248977 0.0346149 0.0233938 0.0101493
 0.343235 0.489454 0.131902 0.0179919 0.0174168
 0.413092 0.243538 0.257139 0.0679967 0.0182346
 0.82152 0.0880477 0.0379665 0.0393005 0.0131654
pobs_RECLAS
 0 0 0 0 0
 0 0 0 0 0
 0 0 0 0 0
 0 0 0 0 0
 0 0 0 0 0
 0 0 0 0 0
 0 0 0 0 0
 0 0 0 0 0
 0 0 0 0 0
 0 0 0 0 0
 0.991045 0.00858322 0.000360255 1.14367e-05 0
 0.934742 0.0480273 0.0164251 0.00080598 0
 0.827803 0.169806 0.00239088 0 0
 0.941827 0.0461693 0.0120037 0 0
 0.791401 0.0380133 0.147996 0.0225897 0
 0.846168 0.0940531 0.0597789 0 0
 0.134021 0.677848 0.182769 0.00536245 0
 0.80878 0.0450904 0.141981 0.00414843 0
 0.846168 0.0940531 0.0597789 0 0
 0.905697 0.0802665 0.012482 0.00150086 5.37128e-05
 0.989698 0.0102097 9.19794e-05 0 0
 0.975433 0.0193895 0.00387452 0.00125025 5.28907e-05
 0.303575 0.632131 0.0575291 0.00676475 0
 0.966965 0.00978017 0.0227588 0.000495775 0
 0.843318 0.132988 0.00938335 0.0141283 0.000182051
 0.564624 0.303363 0.111486 0.0197234 0.00080311
 0.826376 0.0876187 0.0782897 0.00655872 0.00115652
 0.89761 0.0855135 0.0140674 0.00269457 0.000114338
 0.34875 0.467042 0.161289 0.0227151 0.000203297
 0.318654 0.224769 0.449479 0.00709798 0
 0.937255 0.0296025 0.0250945 0.00804832 0
ppred_RECLAS
 0.542312 0.114621 0.32249 0.0205768 7.22665e-07
 0.494294 0.27748 0.0572291 0.160741 0.0102557
 0.64579 0.178971 0.0962889 0.0197997 0.0591509
 0.791088 0.13703 0.0363754 0.0195117 0.0159956
 0.716688 0.226957 0.03702 0.00978517 0.0095494
 0.800622 0.143798 0.0445386 0.0072537 0.0037881
 0.544569 0.367763 0.0632818 0.0195423 0.00484405
 0.527764 0.267142 0.165809 0.0283595 0.0109251
 0.614787 0.205064 0.101964 0.0632101 0.0149752
 0.773828 0.142361 0.044706 0.0221353 0.0169694
 0.863394 0.107535 0.0183361 0.00572695 0.00500791
 0.795936 0.176727 0.021526 0.00366492 0.00214545
 0.749866 0.202157 0.0415803 0.00503734 0.0013593
 0.707379 0.223538 0.0558891 0.0114352 0.00175867
 0.802156 0.144849 0.0405659 0.0100559 0.00237282
 0.953656 0.0378027 0.00626368 0.00174354 0.000534016
 0.447737 0.528298 0.0195657 0.00322633 0.00117283
 0.928699 0.0327196 0.0369124 0.00136275 0.000306347
 0.656315 0.320216 0.0107883 0.0121327 0.000548517
 0.680753 0.213915 0.0981686 0.00329308 0.00386999
 0.790522 0.145168 0.043148 0.0197234 0.00143884
 0.798916 0.160462 0.0281783 0.00834913 0.0040942
 0.383829 0.4976 0.0946919 0.016565 0.00731346
 0.793032 0.0810617 0.101724 0.0193132 0.00486962
 0.690891 0.246657 0.0244907 0.0306703 0.00729047
 0.501538 0.347457 0.120548 0.011945 0.0185128
 0.78322 0.110036 0.0744446 0.025785 0.0065143
 0.744028 0.201766 0.0275425 0.018596 0.00806735
 0.413721 0.438973 0.116156 0.0158287 0.015322
 0.489379 0.214202 0.222033 0.0586561 0.015729
 0.862311 0.0685802 0.0290307 0.0300212 0.0100564
pobs_PELACES
 0 0 0 0 0
 0 0 0 0 0
 0 0 0 0 0
 0 0 0 0 0
 0 0 0 0 0
 0 0 0 0 0
 0 0 0 0 0
 0 0 0 0 0
 0 0 0 0 0
 0 0 0 0 0
 0 0 0 0 0
 0 0 0 0 0
 0 0 0 0 0
 0 0 0 0 0
 0 0 0 0 0
 0 0 0 0 0
 0.505614 0.472636 0.0217494 0 0
 0 0 0 0 0
 0.443492 0.261883 0.143347 0.151278 0
 0.227955 0.32914 0.350689 0.0885471 0.00366901
 0.970185 0.0296113 0.000203453 0 0
 0.997202 0.00247181 0.000326279 0 0
 0.445219 0.490057 0.0546422 0.010081 0
 0.90214 0.0892962 0.00764917 0.000914606 0
 0 0 0 0 0
 0.581667 0.319106 0.0959925 0.00289975 0.000334073
 0.762889 0.0836404 0.116647 0.0363945 0.000428098
 0.88444 0.0763242 0.0277011 0.0115352 0
 0.521256 0.241999 0.230069 0.00667565 0
 0.616807 0.101726 0.260614 0.0208532 0
 0.833518 0.0704572 0.0857862 0.0102388 0
ppred_PELACES
 0.544499 0.114161 0.320867 0.0204721 7.18987e-07
 0.499507 0.274862 0.0565826 0.15891 0.0101388
 0.650428 0.176792 0.094942 0.0195208 0.0583174
 0.796568 0.133566 0.0353576 0.0189629 0.0155456
 0.718076 0.225888 0.0368115 0.0097296 0.00949514
 0.803574 0.141738 0.0438241 0.00713666 0.00372696
 0.556835 0.358133 0.061382 0.0189516 0.00469758
 0.528569 0.266764 0.165465 0.0282997 0.010902
 0.622167 0.201386 0.0998746 0.0619064 0.0146662
 0.781511 0.13771 0.0430927 0.0213324 0.0163537
 0.864014 0.107066 0.0182413 0.00569709 0.00498179
 0.802601 0.171034 0.0207619 0.00353419 0.0020689
 0.757051 0.196471 0.0402825 0.00487929 0.00131664
 0.721842 0.212765 0.0529069 0.0108219 0.00166432
 0.809741 0.139442 0.0389014 0.00964128 0.00227496
 0.955273 0.0365047 0.00603003 0.00167823 0.000514006
 0.453073 0.523239 0.0193399 0.00318876 0.00115917
 0.930117 0.0321024 0.0361466 0.00133434 0.000299959
 0.663472 0.313608 0.0105369 0.0118483 0.000535656
 0.687103 0.209834 0.0960555 0.00322177 0.00378616
 0.794048 0.142811 0.0423651 0.0193635 0.00141258
 0.803447 0.156925 0.0274899 0.00814407 0.00399361
 0.387205 0.495013 0.0940632 0.0164538 0.00726431
 0.795068 0.0803275 0.100673 0.0191124 0.00481897
 0.693425 0.244701 0.0242654 0.030386 0.00722286
 0.503651 0.346093 0.119951 0.0118852 0.0184201
 0.785303 0.109049 0.073682 0.0255191 0.0064471
 0.745776 0.200436 0.0273311 0.0184522 0.00800494
 0.415652 0.437637 0.115687 0.0157639 0.0152593
 0.493159 0.212801 0.220256 0.0581821 0.0156018
 0.864264 0.0676629 0.0285973 0.0295706 0.00990535
pobs_pel_tallas
 0 0 0 0 0 0 0 0 0 0 0 0 0 0 0 0 0 0 0 0 0 0 0 0 0 0
 0 0 0 0 0 0 0 0 0 0 0 0 0 0 0 0 0 0 0 0 0 0 0 0 0 0
 0 0 0 0 0 0 0 0 0 0 0 0 0 0 0 0 0 0 0 0 0 0 0 0 0 0
 0 0 0 0 0 0 0 0 0 0 0 0 0 0 0 0 0 0 0 0 0 0 0 0 0 0
 0 0 0 0 0 0 0 0 0 0 0 0 0 0 0 0 0 0 0 0 0 0 0 0 0 0
 0 0 0 0 0 0 0 0 0 0 0 0 0 0 0 0 0 0 0 0 0 0 0 0 0 0
 0 0 0 0 0 0 0 0 0 0 0 0 0 0 0 0 0 0 0 0 0 0 0 0 0 0
 0 0 0 0 0 0 0 0 0 0 0 0 0 0 0 0 0 0 0 0 0 0 0 0 0 0
 0 0 0 0 0 0 0 0 0 0 0 0 0 0 0 0 0 0 0 0 0 0 0 0 0 0
 0 0 0 0 0 0 0 0 0 0 0 0 0 0 0 0 0 0 0 0 0 0 0 0 0 0
 0 0 0 0 0 0 0 0 0 0 0 0 0 0 0 0 0 0 0 0 0 0 0 0 0 0
 0 0 0 0 0 0 0 0 0 0 0 0 0 0 0 0 0 0 0 0 0 0 0 0 0 0
 0.00862536 0 0 0.000197151 0.00414017 0.0128641 0.00837892 0.0270097 0.101434 0.158115 0.152841 0.127902 0.109271 0.109419 0.0830992 0.0579132 0.0238553 0.00714673 0.00463305 0.00128148 0.00103504 0.000492878 0.000147863 0.000147863 4.92878e-05 0
 0 0 0 0 0 0 0 0 0 0 0 0 0 0 0 0 0 0 0 0 0 0 0 0 0 0
 0 0 0 0 0 0 0 0.0054083 0.00873648 0.0413646 0.0450493 0.0745869 0.0622846 0.0627006 0.0613931 0.0827291 0.12552 0.122667 0.0946155 0.0697135 0.0546179 0.0294188 0.0215738 0.0213955 0.0102223 0.00600262
 0 0 0 0 0.00359764 0.0251062 0.0480494 0.140153 0.205849 0.193036 0.1447 0.116669 0.0760912 0.0342217 0.00950174 0.001854 0.000860785 0 0 0 0.000165536 0 0.000143464 0 0 0
 0 0 0 0 0 0 0 0.000145254 0.000435761 0.0275982 0.070085 0.0708112 0.156366 0.174668 0.174014 0.160142 0.0824315 0.0480064 0.0283245 0.00493863 0.00203355 0 0 0 0 0
 0 0 0 0 0 0 0 0 0 0 0 0 0 0 0 0 0 0 0 0 0 0 0 0 0 0
 0 0 1.00437e-05 0.000401748 0.00122533 0.00171747 0.00176769 0.0269171 0.070346 0.194647 0.189555 0.159765 0.064822 0.0314167 0.0384472 0.0292271 0.0345202 0.0313363 0.0194345 0.0106764 0.0143323 0.0359363 0.0279516 0.0138201 0.00172751 0
 0 0.0021121 0.0136068 0.0755702 0.200478 0.177729 0.0527432 0.0373336 0.0318909 0.0142505 0.0149659 0.0166563 0.0217959 0.0798694 0.0677717 0.0528807 0.04013 0.0224614 0.0357745 0.0225083 0.00881397 0.00855152 0.00135912 0.000746735 0 0
 0 0 0 0 5.4009e-05 0.00500934 0.000945158 0.0243581 0.138947 0.33067 0.221406 0.137944 0.0707744 0.0437923 0.0131692 0.00525238 0.0047753 0.00276346 9.45158e-05 9.00151e-06 2.25038e-05 9.00151e-06 4.50075e-06 0 0 0
 0.000866109 0.00284123 0.00948549 0.0512746 0.133035 0.25785 0.225252 0.132002 0.0553304 0.0519788 0.0540692 0.017754 0.00435017 0.00159236 0.00146478 0.000404838 0.000125132 0.000115318 0.000107957 0.000100596 0 0 0 0 0 0
 0 0 0 0 0.00144013 0.00171154 0.00461396 0.0210425 0.0478622 0.0707936 0.0888783 0.103762 0.0637923 0.0337046 0.0602308 0.124433 0.169614 0.0934646 0.0462172 0.0250306 0.0313229 0.00938855 0.002487 0.000210481 0 0
 0 0.00764035 0.051015 0.0998891 0.058973 0.0496711 0.0374665 0.0718981 0.12319 0.153886 0.159021 0.0857701 0.0377988 0.023471 0.0147837 0.00900784 0.00315554 0.000888139 0.00291439 0.00214683 0.00393193 0.00274676 0.000635225 9.99891e-05 0 0
 0 0 0 0 0 0 0 0 0 0 0 0 0 0 0 0 0 0 0 0 0 0 0 0 0 0
 0 0 0 0 0 0 0 0 0 0 0 0 0 0 0 0 0 0 0 0 0 0 0 0 0 0
 0 0 0 0 0 0 0 0 0 0 0 0 0 0 0 0 0 0 0 0 0 0 0 0 0 0
 0 0 0 0 0 0 0 0 0 0 0 0 0 0 0 0 0 0 0 0 0 0 0 0 0 0
 0 0 0 0 0 0 0 0 0 0 0 0 0 0 0 0 0 0 0 0 0 0 0 0 0 0
 0 0 0 0 0 0 0 0 0 0 0 0 0 0 0 0 0 0 0 0 0 0 0 0 0 0
 0 0 0 0 0 0 0 0 0 0 0 0 0 0 0 0 0 0 0 0 0 0 0 0 0 0
ppred_pel_tallas
 1.11342e-16 4.48497e-05 0.000435955 0.00289707 0.0131697 0.0409758 0.0873038 0.127425 0.127436 0.0873601 0.0411663 0.0137259 0.00431596 0.00360881 0.00629119 0.0109034 0.0170351 0.0241897 0.0317866 0.0393922 0.0466807 0.0530849 0.0575358 0.0587111 0.0557326 0.0487915
 1.19356e-16 4.11438e-05 0.000399932 0.00265769 0.0120815 0.0375902 0.0800908 0.1169 0.116927 0.0802207 0.0380266 0.0133432 0.00582959 0.00734104 0.0132758 0.0220284 0.0320964 0.0412002 0.0471158 0.0490018 0.0479621 0.0462585 0.0457624 0.0468393 0.0483679 0.0486415
 1.14612e-16 5.35749e-05 0.000520767 0.00346068 0.0157318 0.0489475 0.104288 0.152216 0.152233 0.104372 0.0492296 0.0165484 0.00551684 0.00503037 0.00868071 0.0144329 0.0211846 0.0274993 0.0319638 0.033984 0.0341256 0.0336386 0.0335493 0.0340469 0.0345448 0.0342009
 1.05588e-16 6.56123e-05 0.000637775 0.00423824 0.0192664 0.0599451 0.12772 0.186413 0.186426 0.127783 0.060157 0.019879 0.00577754 0.004004 0.00647647 0.010651 0.015453 0.0196869 0.0221901 0.022455 0.0209305 0.0186916 0.0167445 0.015509 0.0147902 0.0141087
 1.03703e-16 5.9147e-05 0.00057493 0.00382061 0.017368 0.0540383 0.115135 0.168048 0.168069 0.115242 0.0543957 0.0184004 0.00641272 0.00623526 0.0108144 0.0177988 0.0256683 0.0323534 0.0357875 0.0350254 0.0308016 0.0250178 0.0195846 0.0155216 0.0128367 0.0109915
 1.02648e-16 6.61894e-05 0.000643384 0.00427552 0.0194359 0.0604723 0.128843 0.188053 0.188067 0.12891 0.0606973 0.020086 0.00590934 0.00421614 0.0068694 0.0112985 0.0163785 0.0208242 0.0233657 0.0234083 0.0213605 0.0183072 0.0153078 0.0128823 0.0109875 0.00933452
 1.04559e-16 4.58659e-05 0.000445833 0.00296272 0.0134681 0.0419044 0.0892831 0.130319 0.130353 0.0894519 0.0424712 0.0151053 0.00707321 0.00942231 0.0171034 0.0282282 0.0407196 0.051334 0.0567914 0.0555776 0.04883 0.0395295 0.0306768 0.0238835 0.0191942 0.0158263
 1.09527e-16 4.35376e-05 0.000423201 0.00281232 0.0127844 0.0397772 0.0847505 0.123701 0.123727 0.0848772 0.0402033 0.0140179 0.00591849 0.00723707 0.0130814 0.0218111 0.0320088 0.0414937 0.0480367 0.0505654 0.0496874 0.0470352 0.044017 0.0410324 0.0376446 0.0333127
 1.11624e-16 5.12471e-05 0.00049814 0.00331032 0.0150482 0.0468208 0.0997573 0.145603 0.145622 0.0998529 0.047142 0.0159778 0.00565044 0.00562912 0.00986291 0.0164026 0.0240493 0.0311571 0.0360918 0.0381422 0.0379083 0.0367632 0.0358313 0.0353172 0.03461 0.0329008
 1.06186e-16 6.4372e-05 0.000625719 0.00415813 0.0189022 0.058812 0.125306 0.18289 0.182903 0.125371 0.0590307 0.0195346 0.00574774 0.00410373 0.00669331 0.0110266 0.0160301 0.0204881 0.023216 0.0236953 0.0223771 0.0203371 0.018564 0.0174414 0.0167353 0.0159469
 1.01969e-16 7.11677e-05 0.000691775 0.00459709 0.0208977 0.0650206 0.138534 0.202196 0.202206 0.138584 0.06519 0.0213872 0.0058261 0.00337585 0.00517211 0.00844707 0.0121837 0.0153699 0.0170277 0.0167122 0.0147729 0.012108 0.00961499 0.00776517 0.00654881 0.00569987
 1.01348e-16 6.61092e-05 0.000642605 0.00427034 0.0194124 0.0603991 0.128687 0.187826 0.187843 0.128768 0.0606695 0.0201931 0.00622982 0.00491917 0.00818515 0.0134193 0.0193061 0.0242383 0.0266238 0.0257263 0.0221 0.0172106 0.0125617 0.00900391 0.00662379 0.00507465
 1.01925e-16 6.23573e-05 0.000606135 0.00402798 0.0183106 0.0569713 0.121384 0.177168 0.177187 0.121477 0.0572824 0.0192094 0.00628476 0.00553556 0.00943257 0.0155167 0.0223956 0.0282633 0.0313156 0.0307076 0.0270356 0.0218989 0.0169143 0.0129614 0.0100972 0.00795589
 1.02949e-16 5.94572e-05 0.000577945 0.00384065 0.0174591 0.0543217 0.115739 0.168929 0.168949 0.115839 0.0546589 0.0184335 0.00628842 0.00592728 0.0102359 0.0168725 0.0244034 0.0309039 0.0344449 0.0341242 0.0305756 0.0254852 0.0205283 0.0165721 0.0136105 0.0112207
 1.02511e-16 6.66973e-05 0.000648321 0.00430832 0.019585 0.0609364 0.129832 0.189496 0.18951 0.129898 0.0611575 0.0202242 0.00591435 0.00415941 0.00674994 0.0110929 0.0160656 0.0203968 0.0228334 0.0227925 0.0206866 0.0176018 0.0146017 0.0122121 0.010391 0.00883972
 1.00439e-16 7.86846e-05 0.000764842 0.00508265 0.023105 0.0718882 0.153165 0.22355 0.223554 0.153183 0.0719459 0.0232718 0.00550153 0.00167952 0.00181658 0.00288063 0.0041467 0.00522432 0.00577393 0.00564049 0.00494014 0.00397791 0.0030618 0.00235869 0.00187542 0.00153337
 1.01208e-16 3.73191e-05 0.000362755 0.00241064 0.0109584 0.034096 0.0726471 0.106041 0.106091 0.072893 0.0349216 0.0133417 0.00838849 0.0133978 0.0247501 0.0407445 0.0584238 0.0729077 0.0792474 0.0751605 0.0624199 0.0457225 0.0299794 0.0181089 0.0105831 0.00636487
 1.01236e-16 7.66125e-05 0.000744701 0.0049488 0.0224965 0.069995 0.149132 0.217663 0.217666 0.149147 0.0700468 0.0226467 0.00532813 0.0015805 0.00168645 0.00272526 0.00405392 0.00537848 0.00644465 0.00711766 0.00742654 0.00748409 0.00735796 0.00701585 0.00638464 0.00545221
 1.01664e-16 5.46493e-05 0.000531211 0.00353009 0.0160473 0.0499292 0.106381 0.155272 0.155302 0.106528 0.050424 0.0174758 0.0071135 0.00834559 0.0148715 0.0244364 0.0350505 0.043774 0.0476554 0.0453473 0.0379308 0.0282266 0.0191598 0.0124313 0.00825302 0.00592961
 1.0379e-16 5.65958e-05 0.000550131 0.00365582 0.0166188 0.0517074 0.110169 0.160799 0.160819 0.110268 0.0520414 0.0175846 0.00608492 0.00586881 0.0102042 0.0169005 0.024619 0.0315347 0.0357993 0.0365156 0.0341984 0.0302934 0.0261822 0.0224979 0.0191613 0.0158694
 1.03441e-16 6.54047e-05 0.000635757 0.00422483 0.0192055 0.0597554 0.127316 0.185824 0.185838 0.127383 0.0599821 0.0198607 0.00587139 0.00423679 0.00692392 0.0113947 0.0165302 0.0210469 0.0236815 0.0238551 0.0219975 0.0192074 0.0165331 0.0144491 0.0128399 0.0113422
 1.02327e-16 6.61789e-05 0.000643282 0.00427484 0.0194328 0.0604628 0.128823 0.188024 0.188039 0.128897 0.0607111 0.0201503 0.00607626 0.00457745 0.00754279 0.0123781 0.0178558 0.0225207 0.0249368 0.0244444 0.0215451 0.0175455 0.0137571 0.0108773 0.00891293 0.00750605
 1.05721e-16 3.18937e-05 0.000310018 0.00206018 0.00936532 0.0291392 0.062086 0.0906263 0.0906741 0.0623193 0.0299228 0.011629 0.00774414 0.0127241 0.023626 0.0390534 0.0563601 0.0710927 0.0787161 0.0771191 0.0678384 0.0549484 0.0425609 0.0329005 0.0260733 0.0210789
 1.05659e-16 6.54887e-05 0.000636574 0.00423026 0.0192301 0.0598321 0.127479 0.186061 0.186069 0.127518 0.0599622 0.0196076 0.00518476 0.00274353 0.00413531 0.0069116 0.0103681 0.0139136 0.0169708 0.0192462 0.0208244 0.0219448 0.0226686 0.0227558 0.0218512 0.0197904
 1.05033e-16 5.71165e-05 0.000555193 0.00368945 0.0167717 0.0521832 0.111183 0.162279 0.162303 0.111298 0.05257 0.0178889 0.00649356 0.00667612 0.011681 0.0192202 0.0276856 0.0348357 0.0384412 0.0375119 0.0329053 0.0267556 0.021185 0.0172894 0.0149885 0.013552
 1.0786e-16 4.14851e-05 0.00040325 0.00267974 0.0121817 0.0379021 0.0807556 0.117872 0.117906 0.0809192 0.0384517 0.0137707 0.0066738 0.00914037 0.0166879 0.0276613 0.0401666 0.0511873 0.0576541 0.0581261 0.0535841 0.0466288 0.0397756 0.0342202 0.029805 0.0258056
 1.05805e-16 6.46844e-05 0.000628755 0.0041783 0.018994 0.0590973 0.125913 0.183777 0.183787 0.125965 0.0592718 0.0194993 0.00545161 0.00342462 0.00542243 0.0089881 0.0132387 0.0172767 0.0202262 0.0216832 0.0219097 0.0215472 0.0210959 0.0206006 0.0197488 0.0182097
 1.04046e-16 6.14286e-05 0.000597108 0.00396799 0.0180379 0.0561228 0.119576 0.174529 0.174548 0.119671 0.0564399 0.0189537 0.00626702 0.00561693 0.00959827 0.0157803 0.0227516 0.0286718 0.0317162 0.0310655 0.0273992 0.0224312 0.0178671 0.01459 0.0125495 0.0111897
 1.07614e-16 3.42368e-05 0.000332794 0.00221154 0.0100533 0.0312799 0.0666467 0.0972817 0.097324 0.0668533 0.0319738 0.0120585 0.00724886 0.0113431 0.020985 0.0347437 0.0502923 0.0637585 0.0711975 0.0707677 0.0637753 0.053675 0.043884 0.036145 0.0303998 0.0257345
 1.14886e-16 4.06209e-05 0.00039485 0.00262392 0.011928 0.0371124 0.0790727 0.115413 0.115434 0.0791746 0.0374555 0.012923 0.00513688 0.00593175 0.0107066 0.0180307 0.0268968 0.0357744 0.0430923 0.0480926 0.0511279 0.0530718 0.0543738 0.054619 0.0529137 0.0486589
 1.05485e-16 7.11883e-05 0.000691975 0.00459842 0.0209038 0.0650394 0.138574 0.202253 0.20226 0.138606 0.0651472 0.0212159 0.00538399 0.00241419 0.00336406 0.0055084 0.00807301 0.0104697 0.0121633 0.0129445 0.0130531 0.0129852 0.0131288 0.0135179 0.0138619 0.0137716
pSPR Fmed_Fpbrs
0.57781   0.227556 0.227556
Fs Fmed_Fpbrs
0.31576   1.005 1.005
SSBpbr Bo_Bmed_Bpbrs
1.63139e+06  861064  289663 289663
Ro
151512
SPR SPRFo_SPRFmed_SPRFpbrs
1.083e+06 625767 246442
Fref
1.005
Nvult_r0
 171939 14531.2 6177.5 6389.73 2140.43
CTP_r0
 28233.1 3025.93 1304.79 1350.64 452.453
YTP_r0
391299
Np
 198465 74484 5729.93 2419.76 3206.01
Nvult_p0
 163513 64262.5 4957.55 2093.89 2774.29
CTP_p0
 69356.7 31906.2 2483.71 1049.53 1390.6
YTP_p0
 1.1722e+06
CBA_c0
625570
log_Ro
11.7484
likeval ReclasPelacesDesembMPH_pf_preclas_ppelaces_ptallas_desvR_qrecl_qpela
 13.2237 17.1139 0.0486985 0.000817151 241.088 117.717 98.7838 0 23.7822 7.08432e-07 5.60549e-06 0.247919 0 0 0
q_reclas_q_pelaces
1.12667 1.40051
M
1
N
 179747 38821.5 109395 6980.63 0.245164
 99633.2 58195.9 12036.9 33813.6 2157.41
 100631 28992.8 15642.1 3216.94 9610.55
 160231 29432.4 7845.98 4209.52 3450.99
 129074 41680.3 6808.18 1799.68 1756.33
 227056 42312.9 13140.4 2140.38 1117.78
 91523.7 67183.9 11629.9 3592.62 890.535
 40089.3 20576.3 12784 2186.65 842.376
 38553.6 13586.1 6782.06 4205.27 996.286
 51718.7 10253 3237.1 1603.25 1229.1
 96580.1 12237.1 2089.14 652.549 570.622
 134601 32107.6 3930.98 669.456 391.907
 112470 32425.6 6701.58 812.089 219.14
 78523 27836.5 7017.32 1436.41 220.918
 74805.1 14652.6 4127.57 1023.5 241.513
 402424 17022.4 2833.69 788.975 241.652
 81986.1 100884 3747.53 618.057 224.677
 641585 23540.8 26634.9 983.469 221.087
 359368 185707 6282.42 7066.87 319.497
 284264 94158.3 43374.2 1455.29 1710.26
 400427 76609.3 22837.5 10440.9 761.682
 546706 115640 20382.9 6040.57 2962.17
 110827 148142 28253 4943.05 2182.37
 324009 34029.7 42786.6 8124.31 2048.47
 276882 101561 10103.7 12654.3 3008.01
 122622 86819.8 30168.6 2989.64 4633.47
 274799 39668.3 26889.8 9314.65 2353.26
 310395 86132.9 11777.2 7952.35 3449.93
 91979.2 99675.6 26415 3599.89 3484.67
 66158.5 29871 31032 8198.93 2198.6
 246423 20261.2 8597.25 8891.73 2978.53
pred_Ctot
 13767.9 3911.3 11207.6 715.805 0.0251407
 13416.1 10165.2 2135.87 6005.02 383.154
 13283.7 4967.72 2722.83 560.443 1674.39
 30512.9 7170.2 1939.85 1041.58 853.931
 8968.89 3815.91 633.894 167.714 163.682
 28588.9 6925.65 2185.24 356.245 186.052
 23410.1 21613.9 3792.68 1172.45 290.638
 2010.03 1365.41 863.014 147.75 56.9214
 6933.2 3133.97 1588.03 985.452 233.477
 12089.5 3032.03 970.763 481.149 368.878
 5929.32 991.706 172.206 53.8376 47.0805
 30390.8 9190.25 1141.2 194.494 113.864
 24022.3 8807.68 1846.66 223.946 60.4338
 25824.5 11287.2 2880.39 589.984 90.7416
 18749.7 4625.58 1320.96 327.793 77.3513
 83591.7 4503.53 760.613 211.938 64.9162
 11607.3 18495.8 697.887 115.194 41.8771
 88167 4193.51 4819.76 178.114 40.0424
 67198.8 44462.9 1526.64 1718.62 77.7029
 49282.7 20973.4 9808.16 329.346 387.064
 55498.6 13760.1 4166.74 1906.54 139.092
 93323.6 25379 4541.48 1346.97 660.554
 11755.4 20524.7 3978.43 696.653 307.588
 30700.6 4223.04 5397.71 1025.81 258.66
 26181 12578.2 1272.05 1594.57 379.056
 9449.07 8799.05 3109.1 308.379 477.961
 26043.8 4923.9 3393.02 1176.37 297.212
 25214.6 9193.37 1278.14 863.808 374.759
 6884.99 9818.01 2645.84 360.902 349.366
 7111.34 4192.48 4426.61 1170.56 313.907
 28233.1 3025.93 1304.79 1350.64 452.453
F
 0.127737 0.170998 0.174102 0.174268 0.174277
 0.234448 0.31385 0.319545 0.319851 0.319867
 0.229365 0.307046 0.312618 0.312917 0.312933
 0.346589 0.46397 0.472391 0.472842 0.472866
 0.115293 0.15434 0.157141 0.157292 0.1573
 0.217764 0.291516 0.296807 0.29709 0.297105
 0.492458 0.659243 0.671207 0.671849 0.671882
 0.0820648 0.109858 0.111852 0.111959 0.111965
 0.324476 0.434368 0.442251 0.442674 0.442696
 0.441348 0.590822 0.601545 0.60212 0.60215
 0.101281 0.135583 0.138043 0.138175 0.138182
 0.423364 0.566748 0.577034 0.577586 0.577615
 0.396336 0.530566 0.540195 0.540711 0.540738
 0.678774 0.90866 0.92515 0.926035 0.926082
 0.480354 0.643039 0.654709 0.655335 0.655368
 0.383539 0.513435 0.522753 0.523252 0.523279
 0.247816 0.331746 0.337767 0.33809 0.338107
 0.239772 0.320978 0.326803 0.327115 0.327132
 0.339369 0.454306 0.462551 0.462993 0.463016
 0.311184 0.416574 0.424135 0.42454 0.424561
 0.242047 0.324023 0.329904 0.330219 0.330236
 0.305738 0.409285 0.416713 0.417111 0.417132
 0.180736 0.241948 0.246339 0.246574 0.246586
 0.16011 0.214335 0.218225 0.218434 0.218445
 0.159756 0.213862 0.217743 0.217951 0.217962
 0.128551 0.172089 0.175212 0.175379 0.175388
 0.160149 0.214388 0.218279 0.218487 0.218498
 0.135924 0.181959 0.185261 0.185438 0.185447
 0.124676 0.1669 0.169929 0.170092 0.170101
 0.183348 0.245444 0.249898 0.250137 0.25015
 0.196465 0.263003 0.267776 0.268032 0.268045
YTP_r0W_actual
 239982 49322.6 37708.5 47002.2 17283.7
YTP_p0W_proyectada
 521563 514329 58069.1 30961.1 47280.5
CTP_r0_actual
 28233.1 3025.93 1304.79 1350.64 452.453
CTP_p0_proyectada
 69356.7 31906.2 2483.71 1049.53 1390.6
Wmedp
 7.52 16.12 23.38 29.5 34
Frms_r0
 0.196465 0.263003 0.267776 0.268032 0.268045
Zrms_r0
 1.19646 1.263 1.26778 1.26803 1.26805
nmprior
 8.19 8.8 8.5 0
nm_flota  nm_reclas  nm_pelaces    nm_pelaL
inf 12.9778 19.9012 48.814
cv_recla  cv_pelaces  cv_mph
0.328928 0.46908 0.882179
 ------------------------------------------------
Talla a la edad & desviaci?n 
 8 13.2811 15.8009 17.003 17.5766
 0.8 1.32811 1.58009 1.7003 1.75766
