    unsorted:	 2.365249245e-06 2.314469519e-06 6.000904907e-05 5.649599558e-05 -7.830200144e-06 8.464287845e-05 0.001099993935 13.50168413 66.24264351 172.3006632 159.5731891 239.8935483 291.5537585 374.7604891 697.6977314 546.7801004 809.2752887 852.3638380 926.5691711 946.5236397 1063.336346 1184.797862 1255.929385 1338.678774 1538.036850 1587.204081 1950.944573 2057.334484 2112.509148 2261.648550 2475.561459 2455.066455 2523.678690 2629.352850 2640.333272 2864.214868 3197.794453 3282.599517 3382.858359 3886.446205 3997.222272 4285.811261 5797.168530 9546.547653 37618.68262 158338.4840 410515.7279 415147.3478 403397.9754 401315.0608 385551.7062 366138.5040 451691.9230 462738.9619 471779.9245 470984.8848 341002.4142 535930.1683 566142.6901 587606.6231 617352.2483 668570.3889 836435.7639 880421.6552 1012778.570 1078280.202 1347445.000 1363667.642 1537017.224 1662874.226 2248282.555 2351386.925 2683488.442 2779137.907 3077059.825 3170583.259 14997277.35
      sorted:	 -7.830200144e-06 2.314469519e-06 2.365249245e-06 5.649599558e-05 6.000904907e-05 8.464287845e-05 0.001099993935 13.50168413 66.24264351 159.5731891 172.3006632 239.8935483 291.5537585 374.7604891 546.7801004 697.6977314 809.2752887 852.3638380 926.5691711 946.5236397 1063.336346 1184.797862 1255.929385 1338.678774 1538.036850 1587.204081 1950.944573 2057.334484 2112.509148 2261.648550 2455.066455 2475.561459 2523.678690 2629.352850 2640.333272 2864.214868 3197.794453 3282.599517 3382.858359 3886.446205 3997.222272 4285.811261 5797.168530 9546.547653 37618.68262 158338.4840 341002.4142 366138.5040 385551.7062 401315.0608 403397.9754 410515.7279 415147.3478 451691.9230 462738.9619 470984.8848 471779.9245 535930.1683 566142.6901 587606.6231 617352.2483 668570.3889 836435.7639 880421.6552 1012778.570 1078280.202 1347445.000 1363667.642 1537017.224 1662874.226 2248282.555 2351386.925 2683488.442 2779137.907 3077059.825 3170583.259 14997277.35
