years
 1991 1992 1993 1994 1995 1996 1997 1998 1999 2000 2001 2002 2003 2004 2005 2006 2007 2008 2009 2010 2011 2012 2013 2014 2015 2016 2017 2018 2019 2020 2021
reclasobs
 0 0 0 0 0 0 0 0 0 252601 567819 844713 477998 351125 339783 2.1784e+06 2.13404e+06 4.81314e+06 1.55562e+06 2.62356e+06 3.21686e+06 3.843e+06 1.13348e+06 3.07943e+06 1.97215e+06 2.03268e+06 2.025e+06 2.42433e+06 2.27542e+06 1.05018e+06 2.36338e+06
reclaspred
 3.46015e+06 1.98606e+06 1.01609e+06 1.12905e+06 1.20297e+06 1.83076e+06 1.28124e+06 1.1545e+06 829685 601068 570622 678614 673104 554245 560192 1.20651e+06 1.24568e+06 2.56161e+06 2.13932e+06 1.61563e+06 2.86159e+06 2.33455e+06 1.9244e+06 2.9559e+06 2.23206e+06 1.988e+06 2.29143e+06 2.3542e+06 1.97473e+06 1.31908e+06 1.97311e+06
pelacesobs
 0 0 0 0 0 0 0 0 0 0 0 0 0 0 0 552880 188675 0 991730 2.46772e+06 1.41603e+06 1.21717e+06 2.29649e+06 1.80582e+06 0 1.4828e+06 1.56532e+06 1.57751e+06 1.42118e+06 867257 1.10002e+06
pelacespred
 2.49146e+06 1.608e+06 834773 702326 779232 1.18779e+06 882200 880077 646116 449004 416119 416879 447965 392847 393381 675347 760466 1.62537e+06 1.51673e+06 1.08505e+06 1.73943e+06 1.61619e+06 1.35551e+06 2.09875e+06 1.65449e+06 1.45222e+06 1.79731e+06 1.83167e+06 1.37677e+06 1.02745e+06 1.39088e+06
mphobs
 0 0 0 0 0 0 0 0 0 0 0 498337 0 5186 125008 0 168611 109162 213762 579715 649985 157893 87575 83554 0 0 0 0 0 0 0
mphpred
 4.75866e+06 3.21014e+06 1.65234e+06 906084 1.15297e+06 1.34851e+06 1.7688e+06 1.25334e+06 1.07011e+06 751545 492116 605037 636091 557620 413451 503617 1.27545e+06 1.31104e+06 2.31597e+06 1.8091e+06 1.94807e+06 2.394e+06 2.28952e+06 1.95338e+06 2.70321e+06 2.22827e+06 1.85352e+06 1.9173e+06 2.57086e+06 1.81832e+06 1.21934e+06
desembarqueobs
 494567 514787 250237 358949 120608 361735 552515 73892 212993 205616 52469 317467 293654 387597 252695 516296 358380 742168 942051 627588 828172 859565 418607 520667 417249 300574 415391 372974 316634 284311 391294
desembarquepred
 494573 512962 251254 358964 120611 361748 552574 73894.7 213032 205655 52471 317537 293714 387671 252707 516304 358411 742116 941981 627535 828264 859647 418629 520695 417260 300584 415403 372974 316640 284327 391302
Reclutas
 248506 144526 142172 316036 253767 391395 165632 80169.7 68539.8 85338.6 147114 185045 157734 111709 114804 536008 143728 820799 499921 376588 568568 766397 175538 501599 415526 193602 411628 451119 148413 113120 411269
log_desv_Rt
 0.0554338 -0.486575 -0.502999 0.295822 0.0763814 0.509682 -0.350264 -1.07589 -1.23262 -1.01341 -0.46883 -0.239438 -0.399125 -0.744133 -0.716807 0.824114 -0.492112 1.25024 0.754416 0.471117 0.883087 1.18167 -0.292181 0.757767 0.56951 -0.194231 0.560086 0.651698 -0.460033 -0.731588 0.559213
SSB
 4.75866e+06 3.21014e+06 1.65234e+06 906084 1.15297e+06 1.34851e+06 1.7688e+06 1.25334e+06 1.07011e+06 751545 492116 605037 636091 557620 413451 503617 1.27545e+06 1.31104e+06 2.31597e+06 1.8091e+06 1.94807e+06 2.394e+06 2.28952e+06 1.95338e+06 2.70321e+06 2.22827e+06 1.85352e+06 1.9173e+06 2.57086e+06 1.81832e+06 1.21934e+06
BT
 6.26102e+06 4.28368e+06 2.21473e+06 2.0785e+06 2.00144e+06 3.33745e+06 2.5969e+06 2.22601e+06 1.78234e+06 1.29685e+06 1.09801e+06 1.31826e+06 1.39547e+06 1.40587e+06 1.27767e+06 2.22644e+06 2.13014e+06 4.95155e+06 4.69148e+06 3.2252e+06 5.14133e+06 4.83345e+06 3.64146e+06 5.94669e+06 4.3967e+06 3.817e+06 5.05701e+06 5.08476e+06 3.51079e+06 2.73478e+06 4.01114e+06
Ftot
 0.0891894 0.159584 0.153542 0.205188 0.0643067 0.12833 0.266887 0.0407833 0.16244 0.215115 0.0603952 0.297387 0.277164 0.439994 0.293087 0.283417 0.181473 0.191025 0.278731 0.246542 0.186568 0.235903 0.136765 0.115793 0.119015 0.0960358 0.118546 0.104259 0.0999005 0.13524 0.131208
BD_Bspro_t
 0.985831 0.893356 0.776252 0.707654 0.72551 0.786578 0.781076 0.674563 0.717137 0.685953 0.655601 0.772908 0.669376 0.592625 0.503418 0.551644 0.663403 0.657224 0.720264 0.637997 0.612081 0.656687 0.672025 0.672881 0.763834 0.77075 0.778561 0.802936 0.833674 0.785016 0.740495
BD_Bspro
 2.83166 1.91021 0.98323 0.53917 0.686082 0.802436 1.05253 0.745804 0.636773 0.44721 0.292836 0.36003 0.378509 0.331814 0.246026 0.29968 0.758966 0.780143 1.37813 1.07651 1.15921 1.42456 1.36239 1.16237 1.60856 1.32594 1.10295 1.1409 1.5298 1.082 0.725576
BD_Bo
 1.98665 1.34017 0.689818 0.378272 0.481344 0.562976 0.738437 0.523244 0.446749 0.313755 0.205449 0.252591 0.265556 0.232795 0.172608 0.21025 0.532477 0.547335 0.966873 0.755263 0.81328 0.999449 0.955829 0.815498 1.12854 0.93026 0.773808 0.800435 1.07328 0.759111 0.509052
BD_Brms
 13.7652 9.28585 4.77966 2.621 3.33517 3.90078 5.11654 3.62549 3.09546 2.17397 1.42353 1.75017 1.84 1.61301 1.19598 1.4568 3.68947 3.79241 6.69933 5.23312 5.63511 6.92505 6.62282 5.65048 7.81947 6.44565 5.36162 5.54611 7.43665 5.25978 3.52715
Sel_flota
 0.883055 1 1 1 1
 0.883055 1 1 1 1
 0.883055 1 1 1 1
 0.883055 1 1 1 1
 0.883055 1 1 1 1
 0.883055 1 1 1 1
 0.883055 1 1 1 1
 0.883055 1 1 1 1
 0.883055 1 1 1 1
 0.883055 1 1 1 1
 0.883055 1 1 1 1
 0.883055 1 1 1 1
 0.883055 1 1 1 1
 0.883055 1 1 1 1
 0.883055 1 1 1 1
 0.883055 1 1 1 1
 0.883055 1 1 1 1
 0.883055 1 1 1 1
 0.883055 1 1 1 1
 0.883055 1 1 1 1
 0.883055 1 1 1 1
 0.883055 1 1 1 1
 0.883055 1 1 1 1
 0.883055 1 1 1 1
 0.883055 1 1 1 1
 0.883055 1 1 1 1
 0.883055 1 1 1 1
 0.883055 1 1 1 1
 0.883055 1 1 1 1
 0.883055 1 1 1 1
 0.883055 1 1 1 1
Sel_reclas
 1 1 1 1 1
 1 1 1 1 1
 1 1 1 1 1
 1 1 1 1 1
 1 1 1 1 1
 1 1 1 1 1
 1 1 1 1 1
 1 1 1 1 1
 1 1 1 1 1
 1 1 1 1 1
 1 1 1 1 1
 1 1 1 1 1
 1 1 1 1 1
 1 1 1 1 1
 1 1 1 1 1
 1 1 1 1 1
 1 1 1 1 1
 1 1 1 1 1
 1 1 1 1 1
 1 1 1 1 1
 1 1 1 1 1
 1 1 1 1 1
 1 1 1 1 1
 1 1 1 1 1
 1 1 1 1 1
 1 1 1 1 1
 1 1 1 1 1
 1 1 1 1 1
 1 1 1 1 1
 1 1 1 1 1
 1 1 1 1 1
Sel_pelaces
 0.811387 1 1 1 1
 0.811387 1 1 1 1
 0.811387 1 1 1 1
 0.811387 1 1 1 1
 0.811387 1 1 1 1
 0.811387 1 1 1 1
 0.811387 1 1 1 1
 0.811387 1 1 1 1
 0.811387 1 1 1 1
 0.811387 1 1 1 1
 0.811387 1 1 1 1
 0.811387 1 1 1 1
 0.811387 1 1 1 1
 0.811387 1 1 1 1
 0.811387 1 1 1 1
 0.811387 1 1 1 1
 0.811387 1 1 1 1
 0.811387 1 1 1 1
 0.811387 1 1 1 1
 0.811387 1 1 1 1
 0.811387 1 1 1 1
 0.811387 1 1 1 1
 0.811387 1 1 1 1
 0.811387 1 1 1 1
 0.811387 1 1 1 1
 0.811387 1 1 1 1
 0.811387 1 1 1 1
 0.811387 1 1 1 1
 0.811387 1 1 1 1
 0.811387 1 1 1 1
 0.811387 1 1 1 1
pf_obs 
 0.8446 0.082 0.0669 0.0065 0
 0.8095 0.147 0.0364 0.0071 0
 0.9664 0.0169 0.016 0.0007 0
 0.9276 0.0648 0.0075 0.0001 0
 0.7033 0.2144 0.0806 0.0017 0
 0.9318 0.0425 0.0243 0.0014 0
 0.5671 0.3108 0.0964 0.0239 0.0018
 0.0768 0.2599 0.5324 0.112 0.0189
 0.490249 0.384438 0.106611 0.0170017 0.00170017
 0.7925 0.1577 0.0466 0.003 0.0002
 0.840416 0.127587 0.0312969 0.00059994 9.999e-05
 0.8084 0.0986 0.0794 0.0134 0.0002
 0.7335 0.1905 0.0724 0.0035 0.0001
 0.4001 0.4547 0.1325 0.0127 0
 0.49795 0.308269 0.164784 0.0264974 0.00249975
 0.9179 0.0499 0.0305 0.0017 0
 0.2467 0.6533 0.0926 0.0074 0
 0.9418 0.0223 0.034 0.0019 0
 0.707729 0.231977 0.0356964 0.0245975 0
 0.517169 0.277429 0.184464 0.0207286 0.00020938
 0.811772 0.124168 0.05621 0.00726502 0.000585176
 0.764997 0.148141 0.077277 0.00933861 0.000247198
 0.163321 0.427699 0.378323 0.0303852 0.000271297
 0.753843 0.0900009 0.118128 0.0371064 0.000921714
 0.721811 0.176058 0.0630433 0.0369309 0.00215725
 0.143369 0.312575 0.442814 0.0836902 0.0175525
 0.692698 0.0596174 0.167031 0.0765114 0.00414204
 0.394062 0.376323 0.152708 0.0712218 0.00568511
 0.125707 0.32114 0.495352 0.0537591 0.00404204
 0.23352 0.215282 0.420074 0.123614 0.00750983
 0.774587 0.0839891 0.0768558 0.0609784 0.00358967
pf_pred 
 0.432161 0.105418 0.439651 0.0227689 7.46964e-07
 0.414113 0.272102 0.0582534 0.242949 0.0125824
 0.55056 0.20104 0.115364 0.0246979 0.108339
 0.782676 0.126851 0.0404699 0.0232231 0.0267806
 0.651129 0.280961 0.039639 0.0126462 0.0156254
 0.728272 0.184717 0.070074 0.0098863 0.00705118
 0.46477 0.403469 0.0895687 0.0339787 0.00821294
 0.42446 0.288057 0.216712 0.0481092 0.022662
 0.494222 0.230525 0.137764 0.103643 0.0338465
 0.647928 0.185931 0.0757241 0.0452534 0.0451633
 0.77312 0.15406 0.0384567 0.0156622 0.0187011
 0.719615 0.222869 0.0390555 0.00974906 0.00871138
 0.668426 0.248014 0.0664189 0.0116392 0.00550155
 0.607749 0.274384 0.0881636 0.0236105 0.00609318
 0.703789 0.190832 0.0737141 0.0236854 0.00797998
 0.91514 0.062212 0.014591 0.00563619 0.00242114
 0.435624 0.522442 0.0307422 0.0072102 0.00398155
 0.884043 0.0544479 0.0569387 0.00335046 0.00121974
 0.611406 0.348736 0.0187158 0.019572 0.00157095
 0.601454 0.257071 0.126964 0.00681383 0.00769746
 0.742654 0.163383 0.0606082 0.0299335 0.00342124
 0.747642 0.193817 0.0371667 0.0137873 0.00758759
 0.345139 0.506397 0.114024 0.0218655 0.012575
 0.745296 0.0957639 0.122906 0.0276744 0.00835896
 0.630284 0.284533 0.0320273 0.0411048 0.012051
 0.451903 0.36208 0.143158 0.016114 0.0267446
 0.730232 0.130704 0.0918675 0.0363224 0.0108742
 0.689247 0.234785 0.0368069 0.0258704 0.0132908
 0.384065 0.441442 0.131836 0.0206677 0.0219897
 0.455268 0.226362 0.228176 0.0681446 0.0220492
 0.82862 0.0837335 0.0364215 0.0367134 0.0145121
pobs_RECLAS
 0 0 0 0 0
 0 0 0 0 0
 0 0 0 0 0
 0 0 0 0 0
 0 0 0 0 0
 0 0 0 0 0
 0 0 0 0 0
 0 0 0 0 0
 0 0 0 0 0
 0 0 0 0 0
 0.991045 0.00858322 0.000360255 1.14367e-05 0
 0.934742 0.0480273 0.0164251 0.00080598 0
 0.827803 0.169806 0.00239088 0 0
 0.941827 0.0461693 0.0120037 0 0
 0.791401 0.0380133 0.147996 0.0225897 0
 0.846168 0.0940531 0.0597789 0 0
 0.134021 0.677848 0.182769 0.00536245 0
 0.80878 0.0450904 0.141981 0.00414843 0
 0.846168 0.0940531 0.0597789 0 0
 0.905697 0.0802665 0.012482 0.00150086 5.37128e-05
 0.989698 0.0102097 9.19794e-05 0 0
 0.975433 0.0193895 0.00387452 0.00125025 5.28907e-05
 0.303575 0.632131 0.0575291 0.00676475 0
 0.966965 0.00978017 0.0227588 0.000495775 0
 0.843318 0.132988 0.00938335 0.0141283 0.000182051
 0.564624 0.303363 0.111486 0.0197234 0.00080311
 0.826376 0.0876187 0.0782897 0.00655872 0.00115652
 0.89761 0.0855135 0.0140674 0.00269457 0.000114338
 0.34875 0.467042 0.161289 0.0227151 0.000203297
 0.318654 0.224769 0.449479 0.00709798 0
 0.937255 0.0296025 0.0250945 0.00804832 0
ppred_RECLAS
 0.46313 0.0996685 0.415673 0.0215271 7.06226e-07
 0.445006 0.257754 0.0551818 0.230139 0.0119189
 0.58151 0.187195 0.107419 0.0229971 0.100878
 0.803454 0.114722 0.0366005 0.0210027 0.0242201
 0.678966 0.258542 0.0364761 0.0116372 0.0143786
 0.752429 0.168295 0.0638441 0.00900736 0.0064243
 0.496597 0.379478 0.0842427 0.0319582 0.00772457
 0.455191 0.272676 0.20514 0.0455404 0.021452
 0.525738 0.216161 0.129179 0.0971847 0.0317375
 0.67629 0.170953 0.069624 0.0416079 0.041525
 0.794291 0.139684 0.034868 0.0142007 0.016956
 0.744698 0.202931 0.0355616 0.00887691 0.00793206
 0.696093 0.227319 0.0608768 0.010668 0.00504249
 0.638324 0.252996 0.0812914 0.0217701 0.00561823
 0.729744 0.174111 0.067255 0.02161 0.00728075
 0.924551 0.0553127 0.0129729 0.00501114 0.00215264
 0.466911 0.493479 0.029038 0.00681049 0.00376083
 0.896396 0.0486478 0.0508732 0.00299355 0.00108981
 0.641282 0.321923 0.0172769 0.0180672 0.00145017
 0.631529 0.237672 0.117383 0.00629964 0.0071166
 0.766072 0.148515 0.0550929 0.0272095 0.00310991
 0.770862 0.175983 0.0337469 0.0125187 0.00688944
 0.374107 0.483996 0.10898 0.0208982 0.0120187
 0.768396 0.0870789 0.11176 0.0251646 0.00760087
 0.659051 0.262394 0.0295353 0.0379065 0.0111133
 0.483103 0.341469 0.135009 0.0151968 0.0252222
 0.754253 0.119066 0.0836873 0.0330881 0.00990588
 0.715462 0.214979 0.0337019 0.0236879 0.0121696
 0.41413 0.419894 0.125401 0.0196589 0.0209163
 0.486607 0.21334 0.215049 0.0642242 0.0207806
 0.84575 0.0753638 0.032781 0.0330436 0.0130615
pobs_PELACES
 0 0 0 0 0
 0 0 0 0 0
 0 0 0 0 0
 0 0 0 0 0
 0 0 0 0 0
 0 0 0 0 0
 0 0 0 0 0
 0 0 0 0 0
 0 0 0 0 0
 0 0 0 0 0
 0 0 0 0 0
 0 0 0 0 0
 0 0 0 0 0
 0 0 0 0 0
 0 0 0 0 0
 0 0 0 0 0
 0.505614 0.472636 0.0217494 0 0
 0 0 0 0 0
 0.443492 0.261883 0.143347 0.151278 0
 0.227955 0.32914 0.350689 0.0885471 0.00366901
 0.970185 0.0296113 0.000203453 0 0
 0.997202 0.00247181 0.000326279 0 0
 0.445219 0.490057 0.0546422 0.010081 0
 0.90214 0.0892962 0.00764917 0.000914606 0
 0 0 0 0 0
 0.581667 0.319106 0.0959925 0.00289975 0.000334073
 0.762889 0.0836404 0.116647 0.0363945 0.000428098
 0.88444 0.0763242 0.0277011 0.0115352 0
 0.521256 0.241999 0.230069 0.00667565 0
 0.616807 0.101726 0.260614 0.0208532 0
 0.833518 0.0704572 0.0857862 0.0102388 0
ppred_PELACES
 0.412579 0.109053 0.454813 0.0235541 7.72724e-07
 0.395627 0.280687 0.0600915 0.250615 0.0129794
 0.531431 0.209596 0.120274 0.025749 0.11295
 0.769756 0.134392 0.0428758 0.0246036 0.0283727
 0.632393 0.29605 0.0417678 0.0133254 0.0164645
 0.712499 0.195439 0.0741414 0.0104601 0.00746046
 0.447118 0.416776 0.0925228 0.0350994 0.00848381
 0.404403 0.298095 0.224264 0.0497858 0.0234518
 0.475096 0.239242 0.142973 0.107562 0.0351264
 0.630897 0.194925 0.0793873 0.0474425 0.047348
 0.75847 0.164008 0.0409398 0.0166735 0.0199087
 0.70537 0.234192 0.0410398 0.0102444 0.00915399
 0.652591 0.259858 0.0695909 0.0121951 0.00576429
 0.592924 0.284754 0.0914956 0.0245028 0.00632346
 0.689037 0.200335 0.0773851 0.0248649 0.00837738
 0.909519 0.0663327 0.0155575 0.00600952 0.00258151
 0.417133 0.539559 0.0317495 0.00744644 0.004112
 0.876117 0.0581696 0.0608306 0.00357947 0.00130311
 0.594519 0.36389 0.0195291 0.0204225 0.00163922
 0.584017 0.268318 0.132518 0.00711194 0.00803424
 0.727991 0.172692 0.0640615 0.0316389 0.00361617
 0.733661 0.204554 0.0392258 0.0145511 0.00800795
 0.327752 0.519842 0.117051 0.022446 0.0129089
 0.730022 0.101507 0.130277 0.029334 0.00886024
 0.611744 0.298801 0.0336333 0.0431661 0.0126553
 0.43219 0.375102 0.148307 0.0166936 0.0277064
 0.714428 0.138361 0.0972493 0.0384503 0.0115112
 0.671963 0.247844 0.0388541 0.0273093 0.01403
 0.365383 0.454831 0.135835 0.0212946 0.0226566
 0.436008 0.234366 0.236244 0.0705539 0.0228287
 0.817232 0.0892974 0.0388417 0.0391529 0.0154764
pobs_pel_tallas
 0 0 0 0 0 0 0 0 0 0 0 0 0 0 0 0 0 0 0 0 0 0 0 0 0 0
 0 0 0 0 0 0 0 0 0 0 0 0 0 0 0 0 0 0 0 0 0 0 0 0 0 0
 0 0 0 0 0 0 0 0 0 0 0 0 0 0 0 0 0 0 0 0 0 0 0 0 0 0
 0 0 0 0 0 0 0 0 0 0 0 0 0 0 0 0 0 0 0 0 0 0 0 0 0 0
 0 0 0 0 0 0 0 0 0 0 0 0 0 0 0 0 0 0 0 0 0 0 0 0 0 0
 0 0 0 0 0 0 0 0 0 0 0 0 0 0 0 0 0 0 0 0 0 0 0 0 0 0
 0 0 0 0 0 0 0 0 0 0 0 0 0 0 0 0 0 0 0 0 0 0 0 0 0 0
 0 0 0 0 0 0 0 0 0 0 0 0 0 0 0 0 0 0 0 0 0 0 0 0 0 0
 0 0 0 0 0 0 0 0 0 0 0 0 0 0 0 0 0 0 0 0 0 0 0 0 0 0
 0 0 0 0 0 0 0 0 0 0 0 0 0 0 0 0 0 0 0 0 0 0 0 0 0 0
 0 0 0 0 0 0 0 0 0 0 0 0 0 0 0 0 0 0 0 0 0 0 0 0 0 0
 0 0 0 0 0 0 0 0 0 0 0 0 0 0 0 0 0 0 0 0 0 0 0 0 0 0
 0.00862536 0 0 0.000197151 0.00414017 0.0128641 0.00837892 0.0270097 0.101434 0.158115 0.152841 0.127902 0.109271 0.109419 0.0830992 0.0579132 0.0238553 0.00714673 0.00463305 0.00128148 0.00103504 0.000492878 0.000147863 0.000147863 4.92878e-05 0
 0 0 0 0 0 0 0 0 0 0 0 0 0 0 0 0 0 0 0 0 0 0 0 0 0 0
 0 0 0 0 0 0 0 0.0054083 0.00873648 0.0413646 0.0450493 0.0745869 0.0622846 0.0627006 0.0613931 0.0827291 0.12552 0.122667 0.0946155 0.0697135 0.0546179 0.0294188 0.0215738 0.0213955 0.0102223 0.00600262
 0 0 0 0 0.00359764 0.0251062 0.0480494 0.140153 0.205849 0.193036 0.1447 0.116669 0.0760912 0.0342217 0.00950174 0.001854 0.000860785 0 0 0 0.000165536 0 0.000143464 0 0 0
 0 0 0 0 0 0 0 0.000145254 0.000435761 0.0275982 0.070085 0.0708112 0.156366 0.174668 0.174014 0.160142 0.0824315 0.0480064 0.0283245 0.00493863 0.00203355 0 0 0 0 0
 0 0 0 0 0 0 0 0 0 0 0 0 0 0 0 0 0 0 0 0 0 0 0 0 0 0
 0 0 1.00437e-05 0.000401748 0.00122533 0.00171747 0.00176769 0.0269171 0.070346 0.194647 0.189555 0.159765 0.064822 0.0314167 0.0384472 0.0292271 0.0345202 0.0313363 0.0194345 0.0106764 0.0143323 0.0359363 0.0279516 0.0138201 0.00172751 0
 0 0.0021121 0.0136068 0.0755702 0.200478 0.177729 0.0527432 0.0373336 0.0318909 0.0142505 0.0149659 0.0166563 0.0217959 0.0798694 0.0677717 0.0528807 0.04013 0.0224614 0.0357745 0.0225083 0.00881397 0.00855152 0.00135912 0.000746735 0 0
 0 0 0 0 5.4009e-05 0.00500934 0.000945158 0.0243581 0.138947 0.33067 0.221406 0.137944 0.0707744 0.0437923 0.0131692 0.00525238 0.0047753 0.00276346 9.45158e-05 9.00151e-06 2.25038e-05 9.00151e-06 4.50075e-06 0 0 0
 0.000866109 0.00284123 0.00948549 0.0512746 0.133035 0.25785 0.225252 0.132002 0.0553304 0.0519788 0.0540692 0.017754 0.00435017 0.00159236 0.00146478 0.000404838 0.000125132 0.000115318 0.000107957 0.000100596 0 0 0 0 0 0
 0 0 0 0 0.00144013 0.00171154 0.00461396 0.0210425 0.0478622 0.0707936 0.0888783 0.103762 0.0637923 0.0337046 0.0602308 0.124433 0.169614 0.0934646 0.0462172 0.0250306 0.0313229 0.00938855 0.002487 0.000210481 0 0
 0 0.00764035 0.051015 0.0998891 0.058973 0.0496711 0.0374665 0.0718981 0.12319 0.153886 0.159021 0.0857701 0.0377988 0.023471 0.0147837 0.00900784 0.00315554 0.000888139 0.00291439 0.00214683 0.00393193 0.00274676 0.000635225 9.99891e-05 0 0
 0 0 0 0 0 0 0 0 0 0 0 0 0 0 0 0 0 0 0 0 0 0 0 0 0 0
 0 0 0 0 0 0 0 0 0 0 0 0 0 0 0 0 0 0 0 0 0 0 0 0 0 0
 0 0 0 0 0 0 0 0 0 0 0 0 0 0 0 0 0 0 0 0 0 0 0 0 0 0
 0 0 0 0 0 0 0 0 0 0 0 0 0 0 0 0 0 0 0 0 0 0 0 0 0 0
 0 0 0 0 0 0 0 0 0 0 0 0 0 0 0 0 0 0 0 0 0 0 0 0 0 0
 0 0 0 0 0 0 0 0 0 0 0 0 0 0 0 0 0 0 0 0 0 0 0 0 0 0
 0 0 0 0 0 0 0 0 0 0 0 0 0 0 0 0 0 0 0 0 0 0 0 0 0 0
ppred_pel_tallas
 1.15516e-16 3.39836e-05 0.000330332 0.00219518 0.00997896 0.0310483 0.0661521 0.0965532 0.0965644 0.0662071 0.031235 0.010527 0.00360378 0.00351376 0.00639691 0.0113462 0.018256 0.0269322 0.0370458 0.0482019 0.0597473 0.0703944 0.0781331 0.0808111 0.0771691 0.0676229
 1.29136e-16 3.25873e-05 0.00031676 0.00210498 0.00956897 0.0297728 0.063435 0.092591 0.0926181 0.0635679 0.0302192 0.0108602 0.00535329 0.00743288 0.0136256 0.0226935 0.033243 0.0430774 0.0500982 0.0536394 0.0549741 0.0564113 0.0596211 0.0644679 0.0691179 0.0711572
 1.25222e-16 4.37733e-05 0.000425492 0.00282755 0.0128536 0.0399925 0.0852091 0.124369 0.12439 0.0853087 0.0403275 0.0138235 0.00527061 0.00578793 0.0103156 0.0172198 0.0253696 0.0331413 0.0389504 0.0421984 0.043651 0.0448322 0.0468992 0.0498822 0.0527624 0.0541486
 1.08541e-16 6.34038e-05 0.000616308 0.00409558 0.0186179 0.0579273 0.123421 0.180139 0.180152 0.123484 0.0581409 0.0192354 0.00564821 0.00401453 0.00654387 0.01079 0.0157125 0.0201444 0.0229584 0.0236851 0.0227997 0.0213709 0.0203481 0.0200417 0.0201123 0.0199372
 1.05404e-16 5.20894e-05 0.000506328 0.00336473 0.0152956 0.0475904 0.101397 0.147998 0.148027 0.101537 0.0480586 0.0166481 0.00675992 0.00791901 0.0141332 0.0232915 0.0335706 0.0422722 0.0466873 0.0455873 0.0399611 0.0323407 0.0252716 0.0201124 0.0168601 0.0147578
 1.04502e-16 5.86877e-05 0.000570465 0.00379094 0.0172331 0.0536186 0.114241 0.166742 0.166761 0.114333 0.0539292 0.0181312 0.00604885 0.00551142 0.00947741 0.0156665 0.0227758 0.029087 0.0328762 0.0333314 0.0309901 0.0272837 0.0235808 0.0205076 0.017949 0.0155056
 1.07733e-16 3.68286e-05 0.000357987 0.00237895 0.0108144 0.0336478 0.0716917 0.104645 0.104685 0.0718883 0.0343081 0.0127224 0.00717141 0.0108301 0.0199552 0.0330113 0.0477392 0.0604362 0.0673464 0.0667435 0.0599309 0.0502776 0.0411033 0.0340786 0.0290824 0.0251183
 1.1551e-16 3.33102e-05 0.000323787 0.00215168 0.00978124 0.0304332 0.0648423 0.0946453 0.0946743 0.0649843 0.0309109 0.0111647 0.005639 0.0079852 0.0147267 0.0246686 0.0364132 0.0476428 0.0559779 0.0602871 0.0612148 0.060409 0.0591369 0.0574797 0.0546362 0.0498379
 1.20919e-16 3.91331e-05 0.000380387 0.00252781 0.0114911 0.0357531 0.0761766 0.111187 0.11121 0.0762904 0.0361358 0.0125994 0.00532062 0.0065134 0.0117954 0.0197285 0.029113 0.0381186 0.0449337 0.0488276 0.0505558 0.0516619 0.0532336 0.0551298 0.0561896 0.0550879
 1.15112e-16 5.19662e-05 0.00050513 0.00335677 0.0152594 0.0474777 0.101157 0.147645 0.147664 0.101249 0.0477881 0.0161574 0.0056163 0.00545595 0.00950935 0.0157864 0.023094 0.0298245 0.0344029 0.0361885 0.0358648 0.0349079 0.0345508 0.0350592 0.0357671 0.0356599
 1.06265e-16 6.24742e-05 0.000607272 0.00403553 0.018345 0.0570781 0.121611 0.177499 0.177515 0.121689 0.0573382 0.0190967 0.00592422 0.00473645 0.00792305 0.0130494 0.0189128 0.0240474 0.0270119 0.0271711 0.025073 0.0220513 0.0193745 0.0176067 0.0165597 0.0156816
 1.03821e-16 5.81004e-05 0.000564757 0.00375301 0.0170606 0.0530821 0.113098 0.165074 0.165097 0.113208 0.0534528 0.0181314 0.00644141 0.00643604 0.0112161 0.0184702 0.0266485 0.0336128 0.0372239 0.036501 0.0321973 0.0262687 0.0206767 0.0164629 0.0136311 0.0116331
 1.04274e-16 5.37531e-05 0.0005225 0.00347219 0.0157841 0.0491104 0.104636 0.152724 0.152749 0.104758 0.0495224 0.0169748 0.00646364 0.00706128 0.0124969 0.0206394 0.0298776 0.0378872 0.0423249 0.0420958 0.0379697 0.0319876 0.0261655 0.0215273 0.0180363 0.0151594
 1.06241e-16 4.88384e-05 0.000474727 0.00315473 0.014341 0.0446202 0.0950691 0.138762 0.138789 0.0952036 0.0450723 0.0156478 0.00643923 0.00765868 0.0137333 0.0227337 0.0329956 0.0420224 0.0472901 0.0476234 0.0438484 0.0381259 0.0325358 0.0280498 0.0245033 0.0212571
 1.06196e-16 5.67551e-05 0.00055168 0.00366611 0.0166656 0.051853 0.110479 0.161251 0.161271 0.110574 0.0521715 0.0175868 0.00598244 0.00562199 0.00972676 0.0160974 0.0234355 0.0300046 0.0340674 0.0348231 0.0328445 0.0295941 0.0264296 0.0239045 0.0217858 0.0195559
 1.01506e-16 7.49159e-05 0.000728209 0.0048392 0.0219983 0.068445 0.14583 0.212844 0.21285 0.145861 0.0685501 0.0223021 0.00560236 0.00239609 0.00324821 0.00526646 0.00761523 0.00965334 0.0107829 0.0107328 0.00971223 0.00825547 0.00688424 0.00585349 0.00513056 0.00454436
 1.02497e-16 3.43588e-05 0.00033398 0.00221941 0.0100892 0.0313914 0.0668847 0.097631 0.0976829 0.0671384 0.0322431 0.0125482 0.00838847 0.0137893 0.0255539 0.0421008 0.0604318 0.0755475 0.0823749 0.0785769 0.0659679 0.0493375 0.0336616 0.0218483 0.0143031 0.0099213
 1.0235e-16 7.21646e-05 0.000701466 0.00466149 0.0211904 0.0659314 0.140474 0.205027 0.205033 0.140502 0.0660251 0.0214621 0.00534733 0.00221162 0.00297813 0.00490781 0.00729171 0.00964439 0.0115057 0.0126354 0.013101 0.0131318 0.0128781 0.0123 0.0112636 0.00972345
 1.02983e-16 4.89698e-05 0.000476004 0.00316322 0.0143796 0.0447403 0.0953253 0.139137 0.139172 0.0954964 0.0453148 0.0160382 0.00732446 0.00955283 0.0172666 0.0284138 0.0408025 0.051056 0.0557756 0.0534146 0.0452238 0.0344417 0.0243973 0.0169815 0.012364 0.00969277
 1.05966e-16 4.81048e-05 0.000467596 0.00310734 0.0141255 0.0439499 0.0936408 0.136677 0.136703 0.093768 0.0443772 0.0153617 0.00621738 0.00727999 0.0130537 0.0216799 0.0316336 0.0406255 0.0463187 0.0475803 0.0450586 0.0405595 0.0357781 0.0314411 0.0273783 0.0231691
 1.05678e-16 5.99637e-05 0.000582869 0.00387337 0.0176078 0.0547844 0.116725 0.170366 0.170383 0.116806 0.055059 0.0184018 0.00586989 0.00495314 0.00839501 0.0138767 0.0202047 0.025878 0.0294075 0.0301161 0.0285115 0.0258618 0.0233289 0.0213602 0.0197082 0.0178785
 1.03999e-16 6.04307e-05 0.000587408 0.00390354 0.0177449 0.0552111 0.117634 0.171694 0.171714 0.11773 0.055535 0.0186807 0.00625343 0.00572069 0.00981976 0.0161659 0.023348 0.029504 0.0327804 0.0323326 0.0288198 0.0239337 0.019351 0.0159307 0.013625 0.0119195
 1.07947e-16 2.69966e-05 0.000262417 0.00174385 0.00792734 0.0246652 0.0525536 0.076714 0.0767642 0.0527988 0.0254887 0.0103068 0.00772018 0.0133202 0.0248596 0.0411429 0.0594707 0.0752167 0.0836641 0.0826202 0.0736772 0.0610323 0.0488693 0.039373 0.0325336 0.027248
 1.08227e-16 6.0131e-05 0.000584494 0.00388417 0.0176569 0.0549372 0.11705 0.17084 0.17085 0.117099 0.0551016 0.0181344 0.00509207 0.00325205 0.00521661 0.00876561 0.0131761 0.0177345 0.0217312 0.0248131 0.0270952 0.02887 0.0301814 0.0306712 0.0298254 0.0273789
 1.07518e-16 5.03886e-05 0.000489795 0.00325486 0.0147962 0.0460365 0.0980866 0.143166 0.143195 0.0982274 0.046509 0.016161 0.00668112 0.00797044 0.0142615 0.0235105 0.033901 0.0427307 0.0473021 0.0464282 0.0411659 0.0341087 0.0278059 0.023527 0.021093 0.0195407
 1.10739e-16 3.5599e-05 0.000346035 0.00229953 0.0104533 0.0325244 0.0692981 0.10115 0.101186 0.0694755 0.0331208 0.0121778 0.00663565 0.00983657 0.0181326 0.0301109 0.0438187 0.0560403 0.0634967 0.0646532 0.0605553 0.0539441 0.0474151 0.0421124 0.037738 0.0334429
 1.08646e-16 5.88466e-05 0.000572009 0.0038012 0.0172797 0.0537637 0.11455 0.167192 0.167205 0.114616 0.0539853 0.0179215 0.00541887 0.00412553 0.00687318 0.0114426 0.0168869 0.0221042 0.0260069 0.0281033 0.028735 0.0287038 0.0286037 0.0284259 0.0276967 0.0259288
 1.06298e-16 5.53487e-05 0.000538009 0.00357526 0.0162526 0.0505681 0.107742 0.157257 0.157281 0.107858 0.0509604 0.0173858 0.00642052 0.00675228 0.0118669 0.0195574 0.0282348 0.0356593 0.0395987 0.0390592 0.0348867 0.0291831 0.0240122 0.020399 0.0182074 0.0166891
 1.10006e-16 3.00962e-05 0.000292546 0.00194408 0.00883751 0.027497 0.0585869 0.0855185 0.0855625 0.0588017 0.0282187 0.0109234 0.00718568 0.0117538 0.0218525 0.0362242 0.0525201 0.0667618 0.0748932 0.0750277 0.0685108 0.0588675 0.0495332 0.0421801 0.0366255 0.031851
 1.17817e-16 3.59135e-05 0.000349092 0.00231984 0.0105457 0.0328116 0.0699094 0.10204 0.102063 0.0700216 0.0331893 0.0116411 0.00508611 0.00644342 0.0117739 0.0198385 0.0295879 0.0393467 0.0473972 0.0529309 0.0563756 0.0587361 0.0605326 0.0612919 0.0599612 0.055772
 1.0769e-16 6.73143e-05 0.000654319 0.00434818 0.0197662 0.0615 0.131033 0.191248 0.191256 0.131075 0.0616424 0.0201783 0.00538546 0.00292876 0.00441723 0.00727801 0.010677 0.0138639 0.0161402 0.0172351 0.017469 0.0174954 0.0178187 0.0184692 0.019044 0.0190094
pSPR Fmed_Fpbrs
0.732618   0.194324 0.194324
Fs Fmed_Fpbrs
0.156469   1.005 1.005
SSBpbr Bo_Bmed_Bpbrs
2.39532e+06  1.63509e+06  345702 345702
Ro
235106
SPR SPRFo_SPRFmed_SPRFpbrs
1.68052e+06 1.23118e+06 326564
Fref
1.005
Nvult_r0
 276524 25014.7 10880.7 10967.8 4335.38
CTP_r0
 28712.4 2901.44 1262.04 1272.15 502.858
YTP_r0
391302
Np
 306383 134745 11915.2 5182.75 6909.86
Nvult_p0
 259980 116600 10310.7 4484.84 5979.38
CTP_p0
 122240 58445.5 5168.2 2248.01 2997.14
YTP_p0
 2.15044e+06
CBA_c0
919043
log_Ro
12.1878
likeval ReclasPelacesDesembMPH_pf_preclas_ppelaces_ptallas_desvR_qrecl_qpela
 19.0491 18.8252 0.146746 0.00348886 241.978 120.902 99.2266 0 20.0665 9.66792e-06 0 0.745082 0 0 0
q_reclas_q_pelaces
0.643647 1
M
1
N
 248506 53759.8 224208 11611.4 0.380928
 144526 84496.4 18089.6 75443.7 3907.24
 142172 46179.6 26499.5 5673.19 24885.8
 316036 45670.4 14570.5 8361.04 9641.88
 253767 96995.4 13684.5 4365.83 5394.32
 391395 88202 33460.2 4720.69 3366.93
 165632 128560 28539.8 10826.8 2616.94
 80169.7 48139.1 36216.2 8039.86 3787.2
 68539.8 28449.5 17001.7 12790.8 4177.06
 85338.6 21845 8896.8 5316.8 5306.22
 147114 25962.9 6480.87 2639.46 3151.59
 185045 51309.3 8991.43 2244.45 2005.55
 157734 52351.9 14020 2456.86 1161.29
 111709 45429.3 14597.1 3909.15 1008.84
 114804 27864.8 10763.5 3458.48 1165.21
 536008 32603.4 7646.71 2953.75 1268.84
 143728 153527 9034.03 2118.82 1170.03
 820799 45045.5 47106.1 2771.88 1009.11
 499921 255084 13689.7 14316 1149.08
 376588 143785 71012.9 3811.09 4305.33
 568568 111435 41337.7 20416 2333.45
 766397 177394 34017.5 12619 6944.67
 175538 228923 51545.7 9884.54 5684.67
 501599 57230.2 73451.1 16538.7 4995.46
 415526 166592 18751.8 24066.6 7055.79
 193602 137613 54409.3 6124.36 10164.6
 411628 65431.2 45989.4 18183.2 5443.67
 451119 136379 21379.9 15027.3 7720.19
 148413 151361 45203.7 7086.51 7539.78
 113120 49988 50388.6 15048.5 4869.16
 411269 36929.9 16063.4 16192.1 6400.44
pred_Ctot
 11974.2 2920.89 12181.8 630.875 0.0206967
 12147.3 7981.63 1708.76 7126.5 369.083
 11522 4207.33 2414.32 516.874 2267.29
 33600.4 5445.73 1737.38 996.97 1149.7
 8896.62 3838.88 541.603 172.79 213.496
 26753.3 6785.65 2574.2 363.177 259.028
 22409.1 19453.5 4318.6 1638.3 395.99
 1797.89 1220.13 917.93 203.777 95.9899
 5857.79 2732.3 1632.85 1228.43 401.166
 9478.42 2719.95 1107.75 662.003 660.685
 4850.76 966.615 241.287 98.2691 117.336
 27598.7 8547.46 1497.86 373.896 334.099
 22082.1 8193.37 2194.21 384.513 181.749
 23461.3 10592.2 3403.44 911.451 235.219
 16900.5 4582.56 1770.14 568.771 191.628
 76563.1 5204.83 1220.73 471.539 202.559
 13629.8 16346.1 961.859 225.592 124.574
 81654.1 5029.05 5259.11 309.463 112.661
 70343.6 40122.8 2153.3 2251.8 180.741
 47405.8 20262 10007.1 537.057 606.704
 55330.2 12172.6 4515.52 2230.14 254.894
 92661.1 24021.2 4606.37 1708.77 940.39
 12748.5 18704.9 4211.73 807.651 464.486
 31077.3 3993.15 5124.94 1153.96 348.551
 26430 11931.4 1343.01 1723.67 505.34
 10019.8 8028.18 3174.17 357.287 592.991
 26083.4 4668.67 3281.45 1297.41 388.418
 25271.2 8608.39 1349.52 948.536 487.307
 7978.97 9170.97 2738.9 429.373 456.837
 8128.19 4041.4 4073.78 1216.63 393.658
 28712.4 2901.44 1262.04 1272.15 502.858
F
 0.0787592 0.0891894 0.0891894 0.0891894 0.0891894
 0.140921 0.159584 0.159584 0.159584 0.159584
 0.135586 0.153542 0.153542 0.153542 0.153542
 0.181192 0.205188 0.205188 0.205188 0.205188
 0.0567864 0.0643067 0.0643067 0.0643067 0.0643067
 0.113322 0.12833 0.12833 0.12833 0.12833
 0.235676 0.266887 0.266887 0.266887 0.266887
 0.0360139 0.0407833 0.0407833 0.0407833 0.0407833
 0.143443 0.16244 0.16244 0.16244 0.16244
 0.189959 0.215115 0.215115 0.215115 0.215115
 0.0533323 0.0603952 0.0603952 0.0603952 0.0603952
 0.262609 0.297387 0.297387 0.297387 0.297387
 0.244752 0.277164 0.277164 0.277164 0.277164
 0.388539 0.439994 0.439994 0.439994 0.439994
 0.258812 0.293087 0.293087 0.293087 0.293087
 0.250273 0.283417 0.283417 0.283417 0.283417
 0.160251 0.181473 0.181473 0.181473 0.181473
 0.168686 0.191025 0.191025 0.191025 0.191025
 0.246135 0.278731 0.278731 0.278731 0.278731
 0.21771 0.246542 0.246542 0.246542 0.246542
 0.164749 0.186568 0.186568 0.186568 0.186568
 0.208315 0.235903 0.235903 0.235903 0.235903
 0.120771 0.136765 0.136765 0.136765 0.136765
 0.102252 0.115793 0.115793 0.115793 0.115793
 0.105097 0.119015 0.119015 0.119015 0.119015
 0.0848049 0.0960358 0.0960358 0.0960358 0.0960358
 0.104683 0.118546 0.118546 0.118546 0.118546
 0.0920668 0.104259 0.104259 0.104259 0.104259
 0.0882176 0.0999005 0.0999005 0.0999005 0.0999005
 0.119424 0.13524 0.13524 0.13524 0.13524
 0.115864 0.131208 0.131208 0.131208 0.131208
YTP_r0W_actual
 244056 47293.5 36473 44270.9 19209.2
YTP_p0W_proyectada
 919244 942141 120833 66316.4 101903
CTP_r0_actual
 28712.4 2901.44 1262.04 1272.15 502.858
CTP_p0_proyectada
 122240 58445.5 5168.2 2248.01 2997.14
Wmedp
 7.52 16.12 23.38 29.5 34
Frms_r0
 0.115864 0.131208 0.131208 0.131208 0.131208
Zrms_r0
 1.11586 1.13121 1.13121 1.13121 1.13121
nmprior
 8.19 8.8 8.5 0
nm_flota  nm_reclas  nm_pelaces    nm_pelaL
inf 11.2383 13.6896 30.013
cv_recla  cv_pelaces  cv_mph
0.394786 0.491973 1.82283
 ------------------------------------------------
Talla a la edad & desviaci?n 
 8 13.2811 15.8009 17.003 17.5766
 0.8 1.32811 1.58009 1.7003 1.75766
