    unsorted:	 2.284461551e-06 5.392673816e-05 0.0001019343544 0.001099990559 11.74862082 11.68355258 15.06002937 14.09804140 63.89410766 92.37816235 161.8658575 191.9184530 209.2927168 219.8011651 392.4050263 474.0576067 514.4754353 859.2166493 866.1425543 804.7178978 917.0006051 755.4611774 687.5967764 984.5021083 1037.831309 1059.418129 1163.710578 1174.963273 1288.234454 1540.569847 1615.817564 2031.728686 2057.072089 2097.750831 1908.108166 2138.549404 2373.721445 2545.721443 2714.021187 3134.805958 3277.740244 3626.111893 3975.123628 11144.71358 41190.86556 158233.2074 206289.7710 352630.2656 339419.8053 325211.7418 366542.6633 381501.9358 391639.6571 398465.6806 289474.4158 443581.1390 482995.2435 512227.4095 663695.3499 719965.7320 742905.2029 769450.5561 825921.1176 1084861.344 1213335.260 1316302.112 1369396.397 1503149.713 1560696.941 1851851.592 1993621.580 2102933.036 2665400.523 2624566.869 2869931.900 3101542.527 3417377.239
      sorted:	 2.284461551e-06 5.392673816e-05 0.0001019343544 0.001099990559 11.68355258 11.74862082 14.09804140 15.06002937 63.89410766 92.37816235 161.8658575 191.9184530 209.2927168 219.8011651 392.4050263 474.0576067 514.4754353 687.5967764 755.4611774 804.7178978 859.2166493 866.1425543 917.0006051 984.5021083 1037.831309 1059.418129 1163.710578 1174.963273 1288.234454 1540.569847 1615.817564 1908.108166 2031.728686 2057.072089 2097.750831 2138.549404 2373.721445 2545.721443 2714.021187 3134.805958 3277.740244 3626.111893 3975.123628 11144.71358 41190.86556 158233.2074 206289.7710 289474.4158 325211.7418 339419.8053 352630.2656 366542.6633 381501.9358 391639.6571 398465.6806 443581.1390 482995.2435 512227.4095 663695.3499 719965.7320 742905.2029 769450.5561 825921.1176 1084861.344 1213335.260 1316302.112 1369396.397 1503149.713 1560696.941 1851851.592 1993621.580 2102933.036 2624566.869 2665400.523 2869931.900 3101542.527 3417377.239
