years
 1991 1992 1993 1994 1995 1996 1997 1998 1999 2000 2001 2002 2003 2004 2005 2006 2007 2008 2009 2010 2011 2012 2013 2014 2015 2016 2017 2018 2019 2020 2021
reclasobs
 0 0 0 0 0 0 0 0 0 252601 567819 844713 477998 351125 339783 2.1784e+06 2.13404e+06 4.81314e+06 1.55562e+06 2.62356e+06 3.21686e+06 3.843e+06 1.13348e+06 3.07943e+06 1.97215e+06 2.03268e+06 2.025e+06 2.42433e+06 2.27542e+06 1.05018e+06 2.36338e+06
reclaspred
 2.54608e+06 1.50566e+06 736010 456107 357654 749879 657533 537212 326297 229579 344196 497004 483184 402992 479087 884547 1.33281e+06 2.03536e+06 2.02795e+06 1.61868e+06 2.5851e+06 2.1564e+06 2.08109e+06 2.4885e+06 2.15037e+06 1.90091e+06 1.92553e+06 2.01138e+06 2.21144e+06 1.28332e+06 1.65648e+06
pelacesobs
 0 0 0 0 0 0 0 0 0 0 0 0 0 0 0 552880 188675 0 991730 2.46772e+06 1.41603e+06 1.21717e+06 2.29649e+06 1.80582e+06 0 1.4828e+06 1.56532e+06 1.57751e+06 1.42118e+06 867257 1.10002e+06
pelacespred
 1.12309e+06 736576 370797 177490 153422 327520 254125 250478 152550 99651.6 165010 194103 210843 185856 238472 366083 545236 890867 983481 751866 1.05398e+06 1.03563e+06 955746 1.24536e+06 1.10461e+06 930704 1.06265e+06 1.13113e+06 1.01065e+06 671124 850624
mphobs
 0 0 0 0 0 0 0 0 0 0 0 498337 0 5186 125008 0 168611 109162 213762 579715 649985 157893 87575 83554 0 0 0 0 0 0 0
mphpred
 2.30242e+06 1.64662e+06 835152 430262 285354 284712 691339 434391 337356 191789 150210 389299 348395 318727 255120 421137 935538 1.16457e+06 1.57372e+06 1.50965e+06 1.51931e+06 1.78034e+06 1.85365e+06 1.49396e+06 2.05628e+06 1.62508e+06 1.31716e+06 1.4541e+06 2.02948e+06 1.35936e+06 806991
desembarqueobs
 494567 514787 250237 358949 120608 361735 552515 73892 212993 205616 52469 317467 293654 387597 252695 516296 358380 742168 942051 627588 828172 859565 418607 520667 417249 300574 415391 372974 316634 284311 391294
desembarquepred
 494706 514352 250259 359182 120600 361560 552347 73874.5 212905 205357 52443.3 317377 293890 387464 252714 516302 358550 742102 942134 627945 828572 859501 418479 520701 417270 300489 415264 372780 316551 284144 391074
Reclutas
 167624 100907 82549.5 79987.5 73639.5 275965 95792 24374.4 29784 59996.3 132575 111579 130648 97687.4 121151 413144 175412 537077 563560 286939 443542 696494 117292 398270 307784 145279 343463 373757 101028 67678.1 401827
log_desv_Rt
 0.0343687 -0.473151 -0.673956 -0.705485 -0.788173 0.532918 -0.525176 -1.89382 -1.69338 -0.993072 -0.200209 -0.372625 -0.214849 -0.505582 -0.290318 0.936442 0.0797819 1.19879 1.24692 0.571917 1.00744 1.4587 -0.322686 0.899775 0.642043 -0.1087 0.751724 0.836252 -0.471957 -0.872592 0.908666
SSB
 2.30242e+06 1.64662e+06 835152 430262 285354 284712 691339 434391 337356 191789 150210 389299 348395 318727 255120 421137 935538 1.16457e+06 1.57372e+06 1.50965e+06 1.51931e+06 1.78034e+06 1.85365e+06 1.49396e+06 2.05628e+06 1.62508e+06 1.31716e+06 1.4541e+06 2.02948e+06 1.35936e+06 806991
BT
 3.18475e+06 2.32599e+06 1.16315e+06 813288 536294 1.57326e+06 1.1635e+06 747206 649762 525784 644420 847334 956522 1.04444e+06 1.13549e+06 1.77823e+06 1.86241e+06 3.64532e+06 4.06379e+06 2.65171e+06 4.04409e+06 3.95846e+06 2.84058e+06 4.67716e+06 3.34675e+06 2.82501e+06 3.96688e+06 4.07235e+06 2.73701e+06 1.98102e+06 3.4728e+06
Ftot
 0.183573 0.318504 0.317121 0.706304 0.315349 0.449297 0.748035 0.130566 0.593351 0.800036 0.144948 0.582103 0.557581 0.857145 0.489596 0.539845 0.253048 0.341156 0.430979 0.361169 0.300464 0.371569 0.189898 0.198028 0.183483 0.149881 0.203997 0.175712 0.135786 0.208715 0.223379
BD_Bspro_t
 0.971055 0.807796 0.631083 0.510375 0.408367 0.475984 0.592654 0.420843 0.43565 0.355817 0.370736 0.670238 0.52169 0.456691 0.387967 0.49909 0.596204 0.629853 0.64688 0.602427 0.55731 0.594483 0.63368 0.62123 0.71819 0.720423 0.724522 0.760602 0.803497 0.737422 0.663527
BD_Bspro
 1.98881 1.42234 0.721399 0.371658 0.246487 0.245932 0.597174 0.375224 0.291406 0.165666 0.12975 0.336274 0.300941 0.275314 0.220371 0.363776 0.808111 1.00594 1.35937 1.30402 1.31237 1.53785 1.60117 1.29048 1.7762 1.40374 1.13776 1.25604 1.75305 1.17421 0.697073
BD_Bo
 1.27776 0.913821 0.463481 0.238781 0.158362 0.158005 0.38367 0.241072 0.187221 0.106436 0.0833613 0.216048 0.193347 0.176883 0.141583 0.233717 0.519192 0.646295 0.873361 0.837803 0.843164 0.988029 1.02871 0.8291 1.14116 0.901867 0.730981 0.806975 1.12629 0.754401 0.447853
BD_Brms
 5.42408 3.87915 1.96747 1.01362 0.672242 0.67073 1.62867 1.02335 0.794751 0.45182 0.353867 0.917118 0.820755 0.750864 0.601018 0.992123 2.20396 2.74351 3.7074 3.55646 3.57921 4.19416 4.36687 3.51951 4.84422 3.8284 3.103 3.42559 4.78109 3.20242 1.90113
Sel_flota
 0.5 1 1 1 1
 0.5 1 1 1 1
 0.5 1 1 1 1
 0.5 1 1 1 1
 0.5 1 1 1 1
 0.5 1 1 1 1
 0.5 1 1 1 1
 0.5 1 1 1 1
 0.5 1 1 1 1
 0.5 1 1 1 1
 0.5 1 1 1 1
 0.5 1 1 1 1
 0.5 1 1 1 1
 0.5 1 1 1 1
 0.5 1 1 1 1
 0.5 1 1 1 1
 0.5 1 1 1 1
 0.5 1 1 1 1
 0.5 1 1 1 1
 0.5 1 1 1 1
 0.5 1 1 1 1
 0.5 1 1 1 1
 0.5 1 1 1 1
 0.5 1 1 1 1
 0.5 1 1 1 1
 0.5 1 1 1 1
 0.5 1 1 1 1
 0.5 1 1 1 1
 0.5 1 1 1 1
 0.5 1 1 1 1
 0.5 1 1 1 1
Sel_reclas
 0.5 1 1 1 1
 0.5 1 1 1 1
 0.5 1 1 1 1
 0.5 1 1 1 1
 0.5 1 1 1 1
 0.5 1 1 1 1
 0.5 1 1 1 1
 0.5 1 1 1 1
 0.5 1 1 1 1
 0.5 1 1 1 1
 0.5 1 1 1 1
 0.5 1 1 1 1
 0.5 1 1 1 1
 0.5 1 1 1 1
 0.5 1 1 1 1
 0.5 1 1 1 1
 0.5 1 1 1 1
 0.5 1 1 1 1
 0.5 1 1 1 1
 0.5 1 1 1 1
 0.5 1 1 1 1
 0.5 1 1 1 1
 0.5 1 1 1 1
 0.5 1 1 1 1
 0.5 1 1 1 1
 0.5 1 1 1 1
 0.5 1 1 1 1
 0.5 1 1 1 1
 0.5 1 1 1 1
 0.5 1 1 1 1
 0.5 1 1 1 1
Sel_pelaces
 0.5 1 1 1 1
 0.5 1 1 1 1
 0.5 1 1 1 1
 0.5 1 1 1 1
 0.5 1 1 1 1
 0.5 1 1 1 1
 0.5 1 1 1 1
 0.5 1 1 1 1
 0.5 1 1 1 1
 0.5 1 1 1 1
 0.5 1 1 1 1
 0.5 1 1 1 1
 0.5 1 1 1 1
 0.5 1 1 1 1
 0.5 1 1 1 1
 0.5 1 1 1 1
 0.5 1 1 1 1
 0.5 1 1 1 1
 0.5 1 1 1 1
 0.5 1 1 1 1
 0.5 1 1 1 1
 0.5 1 1 1 1
 0.5 1 1 1 1
 0.5 1 1 1 1
 0.5 1 1 1 1
 0.5 1 1 1 1
 0.5 1 1 1 1
 0.5 1 1 1 1
 0.5 1 1 1 1
 0.5 1 1 1 1
 0.5 1 1 1 1
pf_obs 
 0.8446 0.082 0.0669 0.0065 0
 0.8095 0.147 0.0364 0.0071 0
 0.9664 0.0169 0.016 0.0007 0
 0.9276 0.0648 0.0075 0.0001 0
 0.7033 0.2144 0.0806 0.0017 0
 0.9318 0.0425 0.0243 0.0014 0
 0.5671 0.3108 0.0964 0.0239 0.0018
 0.0768 0.2599 0.5324 0.112 0.0189
 0.490249 0.384438 0.106611 0.0170017 0.00170017
 0.7925 0.1577 0.0466 0.003 0.0002
 0.840416 0.127587 0.0312969 0.00059994 9.999e-05
 0.8084 0.0986 0.0794 0.0134 0.0002
 0.7335 0.1905 0.0724 0.0035 0.0001
 0.4001 0.4547 0.1325 0.0127 0
 0.49795 0.308269 0.164784 0.0264974 0.00249975
 0.9179 0.0499 0.0305 0.0017 0
 0.2467 0.6533 0.0926 0.0074 0
 0.9418 0.0223 0.034 0.0019 0
 0.707729 0.231977 0.0356964 0.0245975 0
 0.517169 0.277429 0.184464 0.0207286 0.00020938
 0.811772 0.124168 0.05621 0.00726502 0.000585176
 0.764997 0.148141 0.077277 0.00933861 0.000247198
 0.163321 0.427699 0.378323 0.0303852 0.000271297
 0.753843 0.0900009 0.118128 0.0371064 0.000921714
 0.721811 0.176058 0.0630433 0.0369309 0.00215725
 0.143369 0.312575 0.442814 0.0836902 0.0175525
 0.692698 0.0596174 0.167031 0.0765114 0.00414204
 0.394062 0.376323 0.152708 0.0712218 0.00568511
 0.125707 0.32114 0.495352 0.0537591 0.00404204
 0.23352 0.215282 0.420074 0.123614 0.00750983
 0.774587 0.0839891 0.0768558 0.0609784 0.00358967
pf_pred 
 0.309172 0.419336 0.259977 1.63097e-06 0.0115136
 0.317118 0.331809 0.213103 0.132118 0.00585195
 0.412486 0.296953 0.141183 0.0906738 0.0587054
 0.516964 0.293198 0.0959513 0.0456189 0.0482674
 0.579783 0.305621 0.0695581 0.0227634 0.0222735
 0.830435 0.127525 0.0305748 0.00695871 0.00450557
 0.384224 0.565422 0.0378699 0.0090795 0.00340443
 0.240089 0.464982 0.270812 0.018138 0.00597925
 0.440536 0.221764 0.206635 0.120348 0.0107176
 0.73656 0.172311 0.0361222 0.0336581 0.0213487
 0.80205 0.173775 0.0158118 0.00331469 0.00504759
 0.551565 0.401021 0.0416233 0.0037873 0.00200296
 0.638916 0.269504 0.0818977 0.00850043 0.0011825
 0.559582 0.355722 0.0632144 0.0192098 0.00227122
 0.686425 0.24116 0.0584886 0.0103938 0.00353196
 0.845952 0.128727 0.0194735 0.00472291 0.0011245
 0.424774 0.534022 0.034431 0.00520866 0.00156403
 0.756395 0.149649 0.0872262 0.0056239 0.00110624
 0.616457 0.33488 0.0298942 0.0174245 0.00134443
 0.42011 0.455553 0.108561 0.00969108 0.0060845
 0.622773 0.233009 0.113296 0.0269991 0.00392339
 0.676478 0.253391 0.0433191 0.0210631 0.00574887
 0.190951 0.66657 0.111593 0.0190778 0.011808
 0.637624 0.120693 0.199121 0.0333357 0.00922634
 0.487027 0.404572 0.0361041 0.0595647 0.0127319
 0.326046 0.449675 0.176885 0.0157852 0.0316092
 0.644767 0.17862 0.117839 0.0463536 0.0124199
 0.574113 0.338199 0.0440917 0.0290882 0.014508
 0.233738 0.56672 0.158457 0.0206584 0.0204262
 0.283063 0.278445 0.324304 0.0906766 0.0235105
 0.810564 0.0864913 0.039982 0.0465669 0.0163961
pobs_RECLAS
 0 0 0 0 0
 0 0 0 0 0
 0 0 0 0 0
 0 0 0 0 0
 0 0 0 0 0
 0 0 0 0 0
 0 0 0 0 0
 0 0 0 0 0
 0 0 0 0 0
 0 0 0 0 0
 0.991045 0.00858322 0.000360255 1.14367e-05 0
 0.934742 0.0480273 0.0164251 0.00080598 0
 0.827803 0.169806 0.00239088 0 0
 0.941827 0.0461693 0.0120037 0 0
 0.791401 0.0380133 0.147996 0.0225897 0
 0.846168 0.0940531 0.0597789 0 0
 0.134021 0.677848 0.182769 0.00536245 0
 0.80878 0.0450904 0.141981 0.00414843 0
 0.846168 0.0940531 0.0597789 0 0
 0.905697 0.0802665 0.012482 0.00150086 5.37128e-05
 0.989698 0.0102097 9.19794e-05 0 0
 0.975433 0.0193895 0.00387452 0.00125025 5.28907e-05
 0.303575 0.632131 0.0575291 0.00676475 0
 0.966965 0.00978017 0.0227588 0.000495775 0
 0.843318 0.132988 0.00938335 0.0141283 0.000182051
 0.564624 0.303363 0.111486 0.0197234 0.00080311
 0.826376 0.0876187 0.0782897 0.00655872 0.00115652
 0.89761 0.0855135 0.0140674 0.00269457 0.000114338
 0.34875 0.467042 0.161289 0.0227151 0.000203297
 0.318654 0.224769 0.449479 0.00709798 0
 0.937255 0.0296025 0.0250945 0.00804832 0
ppred_RECLAS
 0.310994 0.418229 0.259291 1.62666e-06 0.0114832
 0.3206 0.330117 0.212016 0.131445 0.0058221
 0.416357 0.294996 0.140252 0.0900763 0.0583186
 0.527776 0.286635 0.0938036 0.0445978 0.047187
 0.583639 0.302817 0.0689199 0.0225546 0.0220691
 0.833831 0.124972 0.0299626 0.00681936 0.00441534
 0.395346 0.555209 0.0371859 0.00891551 0.00334294
 0.241159 0.464327 0.270431 0.0181125 0.00597083
 0.449063 0.218384 0.203486 0.118513 0.0105543
 0.746366 0.165897 0.0347776 0.0324051 0.020554
 0.80309 0.172863 0.0157288 0.00329728 0.00502108
 0.559883 0.393583 0.0408512 0.00371705 0.00196581
 0.646239 0.264038 0.0802368 0.00832804 0.00115852
 0.573372 0.344584 0.0612351 0.0186083 0.0022001
 0.692219 0.236705 0.057408 0.0102018 0.0034667
 0.849898 0.12543 0.0189748 0.00460195 0.0010957
 0.427772 0.531239 0.0342516 0.00518152 0.00155588
 0.759586 0.147688 0.0860835 0.00555022 0.00109175
 0.621902 0.330126 0.0294698 0.0171772 0.00132534
 0.424655 0.451983 0.10771 0.00961513 0.00603682
 0.626283 0.230841 0.112242 0.0267479 0.00388688
 0.680682 0.250098 0.0427562 0.0207894 0.00567417
 0.192322 0.66544 0.111404 0.0190455 0.011788
 0.639764 0.119981 0.197945 0.0331388 0.00917185
 0.489155 0.402894 0.0359543 0.0593176 0.0126791
 0.327544 0.448675 0.176492 0.0157502 0.0315389
 0.64696 0.177517 0.117112 0.0460674 0.0123433
 0.576096 0.336624 0.0438864 0.0289528 0.0144405
 0.234834 0.56591 0.15823 0.0206288 0.020397
 0.285065 0.277668 0.323399 0.0904235 0.0234449
 0.81219 0.0857487 0.0396387 0.0461671 0.0162554
pobs_PELACES
 0 0 0 0 0
 0 0 0 0 0
 0 0 0 0 0
 0 0 0 0 0
 0 0 0 0 0
 0 0 0 0 0
 0 0 0 0 0
 0 0 0 0 0
 0 0 0 0 0
 0 0 0 0 0
 0 0 0 0 0
 0 0 0 0 0
 0 0 0 0 0
 0 0 0 0 0
 0 0 0 0 0
 0 0 0 0 0
 0.505614 0.472636 0.0217494 0 0
 0 0 0 0 0
 0.443492 0.261883 0.143347 0.151278 0
 0.227955 0.32914 0.350689 0.0885471 0.00366901
 0.970185 0.0296113 0.000203453 0 0
 0.997202 0.00247181 0.000326279 0 0
 0.445219 0.490057 0.0546422 0.010081 0
 0.90214 0.0892962 0.00764917 0.000914606 0
 0 0 0 0 0
 0.581667 0.319106 0.0959925 0.00289975 0.000334073
 0.762889 0.0836404 0.116647 0.0363945 0.000428098
 0.88444 0.0763242 0.0277011 0.0115352 0
 0.521256 0.241999 0.230069 0.00667565 0
 0.616807 0.101726 0.260614 0.0208532 0
 0.833518 0.0704572 0.0857862 0.0102388 0
ppred_PELACES
 0.317522 0.414267 0.256835 1.61125e-06 0.0113744
 0.332153 0.324504 0.208411 0.129209 0.0057231
 0.429125 0.288543 0.137184 0.0881058 0.0570428
 0.556695 0.269082 0.0880591 0.0418666 0.0442973
 0.596226 0.293663 0.0668365 0.0218727 0.021402
 0.84385 0.117436 0.028156 0.00640818 0.00414912
 0.425198 0.527798 0.03535 0.00847534 0.00317789
 0.245123 0.461901 0.269018 0.0180179 0.00593964
 0.473386 0.208742 0.194502 0.113281 0.0100883
 0.770535 0.150089 0.0314637 0.0293173 0.0185955
 0.806845 0.169566 0.0154288 0.0032344 0.00492534
 0.583397 0.372555 0.0386687 0.00351846 0.00186078
 0.666978 0.248559 0.075533 0.00783981 0.00109061
 0.607557 0.316974 0.0563285 0.0171173 0.00202381
 0.709158 0.223678 0.0542485 0.00964035 0.00327591
 0.860911 0.116227 0.0175826 0.00426431 0.00101531
 0.438022 0.521724 0.0336381 0.00508871 0.00152801
 0.769715 0.141466 0.0824567 0.00531638 0.00104575
 0.638472 0.315658 0.0281783 0.0164244 0.00126726
 0.439276 0.440497 0.104973 0.00937078 0.00588341
 0.637812 0.223719 0.108779 0.0259227 0.00376697
 0.693858 0.239778 0.040992 0.0199316 0.00544004
 0.197236 0.661392 0.110727 0.0189296 0.0117163
 0.64726 0.117484 0.193826 0.0324493 0.00898101
 0.496722 0.396926 0.0354217 0.058439 0.0124913
 0.333014 0.445025 0.175056 0.015622 0.0312824
 0.654609 0.173671 0.114574 0.0450692 0.0120758
 0.58316 0.331014 0.0431551 0.0284703 0.0141998
 0.238884 0.562914 0.157393 0.0205196 0.020289
 0.292135 0.274922 0.320201 0.0895293 0.0232131
 0.817748 0.0832113 0.0384657 0.0448009 0.0157743
pobs_pel_tallas
 0 0 0 0 0 0 0 0 0 0 0 0 0 0 0 0 0 0 0 0 0 0 0 0 0 0
 0 0 0 0 0 0 0 0 0 0 0 0 0 0 0 0 0 0 0 0 0 0 0 0 0 0
 0 0 0 0 0 0 0 0 0 0 0 0 0 0 0 0 0 0 0 0 0 0 0 0 0 0
 0 0 0 0 0 0 0 0 0 0 0 0 0 0 0 0 0 0 0 0 0 0 0 0 0 0
 0 0 0 0 0 0 0 0 0 0 0 0 0 0 0 0 0 0 0 0 0 0 0 0 0 0
 0 0 0 0 0 0 0 0 0 0 0 0 0 0 0 0 0 0 0 0 0 0 0 0 0 0
 0 0 0 0 0 0 0 0 0 0 0 0 0 0 0 0 0 0 0 0 0 0 0 0 0 0
 0 0 0 0 0 0 0 0 0 0 0 0 0 0 0 0 0 0 0 0 0 0 0 0 0 0
 0 0 0 0 0 0 0 0 0 0 0 0 0 0 0 0 0 0 0 0 0 0 0 0 0 0
 0 0 0 0 0 0 0 0 0 0 0 0 0 0 0 0 0 0 0 0 0 0 0 0 0 0
 0 0 0 0 0 0 0 0 0 0 0 0 0 0 0 0 0 0 0 0 0 0 0 0 0 0
 0 0 0 0 0 0 0 0 0 0 0 0 0 0 0 0 0 0 0 0 0 0 0 0 0 0
 0.00862536 0 0 0.000197151 0.00414017 0.0128641 0.00837892 0.0270097 0.101434 0.158115 0.152841 0.127902 0.109271 0.109419 0.0830992 0.0579132 0.0238553 0.00714673 0.00463305 0.00128148 0.00103504 0.000492878 0.000147863 0.000147863 4.92878e-05 0
 0 0 0 0 0 0 0 0 0 0 0 0 0 0 0 0 0 0 0 0 0 0 0 0 0 0
 0 0 0 0 0 0 0 0.0054083 0.00873648 0.0413646 0.0450493 0.0745869 0.0622846 0.0627006 0.0613931 0.0827291 0.12552 0.122667 0.0946155 0.0697135 0.0546179 0.0294188 0.0215738 0.0213955 0.0102223 0.00600262
 0 0 0 0 0.00359764 0.0251062 0.0480494 0.140153 0.205849 0.193036 0.1447 0.116669 0.0760912 0.0342217 0.00950174 0.001854 0.000860785 0 0 0 0.000165536 0 0.000143464 0 0 0
 0 0 0 0 0 0 0 0.000145254 0.000435761 0.0275982 0.070085 0.0708112 0.156366 0.174668 0.174014 0.160142 0.0824315 0.0480064 0.0283245 0.00493863 0.00203355 0 0 0 0 0
 0 0 0 0 0 0 0 0 0 0 0 0 0 0 0 0 0 0 0 0 0 0 0 0 0 0
 0 0 1.00437e-05 0.000401748 0.00122533 0.00171747 0.00176769 0.0269171 0.070346 0.194647 0.189555 0.159765 0.064822 0.0314167 0.0384472 0.0292271 0.0345202 0.0313363 0.0194345 0.0106764 0.0143323 0.0359363 0.0279516 0.0138201 0.00172751 0
 0 0.0021121 0.0136068 0.0755702 0.200478 0.177729 0.0527432 0.0373336 0.0318909 0.0142505 0.0149659 0.0166563 0.0217959 0.0798694 0.0677717 0.0528807 0.04013 0.0224614 0.0357745 0.0225083 0.00881397 0.00855152 0.00135912 0.000746735 0 0
 0 0 0 0 5.4009e-05 0.00500934 0.000945158 0.0243581 0.138947 0.33067 0.221406 0.137944 0.0707744 0.0437923 0.0131692 0.00525238 0.0047753 0.00276346 9.45158e-05 9.00151e-06 2.25038e-05 9.00151e-06 4.50075e-06 0 0 0
 0.000866109 0.00284123 0.00948549 0.0512746 0.133035 0.25785 0.225252 0.132002 0.0553304 0.0519788 0.0540692 0.017754 0.00435017 0.00159236 0.00146478 0.000404838 0.000125132 0.000115318 0.000107957 0.000100596 0 0 0 0 0 0
 0 0 0 0 0.00144013 0.00171154 0.00461396 0.0210425 0.0478622 0.0707936 0.0888783 0.103762 0.0637923 0.0337046 0.0602308 0.124433 0.169614 0.0934646 0.0462172 0.0250306 0.0313229 0.00938855 0.002487 0.000210481 0 0
 0 0.00764035 0.051015 0.0998891 0.058973 0.0496711 0.0374665 0.0718981 0.12319 0.153886 0.159021 0.0857701 0.0377988 0.023471 0.0147837 0.00900784 0.00315554 0.000888139 0.00291439 0.00214683 0.00393193 0.00274676 0.000635225 9.99891e-05 0 0
 0 0 0 0 0 0 0 0 0 0 0 0 0 0 0 0 0 0 0 0 0 0 0 0 0 0
 0 0 0 0 0 0 0 0 0 0 0 0 0 0 0 0 0 0 0 0 0 0 0 0 0 0
 0 0 0 0 0 0 0 0 0 0 0 0 0 0 0 0 0 0 0 0 0 0 0 0 0 0
 0 0 0 0 0 0 0 0 0 0 0 0 0 0 0 0 0 0 0 0 0 0 0 0 0 0
 0 0 0 0 0 0 0 0 0 0 0 0 0 0 0 0 0 0 0 0 0 0 0 0 0 0
 0 0 0 0 0 0 0 0 0 0 0 0 0 0 0 0 0 0 0 0 0 0 0 0 0 0
 0 0 0 0 0 0 0 0 0 0 0 0 0 0 0 0 0 0 0 0 0 0 0 0 0 0
ppred_pel_tallas
 1.09443e-16 2.61539e-05 0.000254225 0.00168942 0.00767988 0.0238952 0.0509127 0.074317 0.0743572 0.0511094 0.0245566 0.00959406 0.00650867 0.0108222 0.0202351 0.0337703 0.0494755 0.0639332 0.0735929 0.0766837 0.0740635 0.0682549 0.0615584 0.0548542 0.0478317 0.040024
 1.20024e-16 2.73591e-05 0.00026594 0.00176727 0.00803375 0.0249962 0.0532581 0.0777384 0.07777 0.0534125 0.0255155 0.00953754 0.0055567 0.00858757 0.0159779 0.0267591 0.0394659 0.0515962 0.0606141 0.0653991 0.0668102 0.0667899 0.0667625 0.0666728 0.0653048 0.0613807
 1.22522e-16 3.53465e-05 0.000343581 0.00228322 0.0103792 0.0322936 0.0688061 0.10043 0.100458 0.0689429 0.0327539 0.011711 0.0056359 0.00769509 0.0140948 0.0235074 0.0344907 0.0447437 0.0519774 0.0552536 0.0555344 0.0548831 0.05495 0.055955 0.05681 0.0560314
 1.14306e-16 4.58543e-05 0.00044572 0.00296197 0.0134647 0.0418938 0.0892601 0.130283 0.130309 0.0893873 0.0423213 0.0147009 0.0060701 0.00724774 0.013015 0.0215806 0.0314133 0.0402224 0.0457242 0.046935 0.0447579 0.0412982 0.0384615 0.0369357 0.0361719 0.0350924
 1.0782e-16 4.91104e-05 0.000477371 0.0031723 0.0144208 0.0448687 0.0955985 0.139535 0.139563 0.095737 0.045334 0.0157656 0.00655025 0.00785955 0.0140934 0.023286 0.0336944 0.0427066 0.0476978 0.0474808 0.0430035 0.03666 0.0307849 0.0265142 0.0236799 0.0214676
 1.02188e-16 6.95069e-05 0.000675631 0.00448981 0.02041 0.0635032 0.135301 0.197478 0.197489 0.135356 0.0636893 0.0209478 0.00584071 0.00362782 0.00568559 0.00931398 0.0134682 0.0170587 0.019023 0.0188715 0.016965 0.0142455 0.0116433 0.00963078 0.00818323 0.00703369
 1.02543e-16 3.50231e-05 0.000340437 0.00226233 0.0102843 0.0319984 0.0681778 0.0995182 0.099569 0.0684261 0.0328317 0.0126902 0.00829851 0.0135071 0.0250102 0.0412113 0.0591745 0.0740167 0.0807825 0.0771866 0.0649937 0.048866 0.0336394 0.0221296 0.0147186 0.0103319
 1.10694e-16 2.01906e-05 0.00019626 0.00130422 0.00592881 0.018447 0.0393049 0.057376 0.0574208 0.0395241 0.019184 0.00806153 0.00667273 0.0119656 0.0225179 0.0375729 0.0550003 0.0709823 0.0815573 0.0847724 0.0816378 0.0750421 0.067619 0.0603729 0.0529108 0.0446083
 1.18735e-16 3.89922e-05 0.000379018 0.00251871 0.0114497 0.0356244 0.0759023 0.110786 0.110806 0.0760022 0.0359607 0.0124248 0.00498101 0.0058034 0.0104867 0.017661 0.0263538 0.0350941 0.042405 0.0476485 0.0513005 0.0543203 0.0571479 0.0592085 0.0592919 0.0564041
 1.07034e-16 6.34679e-05 0.000616931 0.00409972 0.0186368 0.057986 0.123546 0.180322 0.180336 0.123617 0.0582239 0.0193244 0.00582731 0.00439361 0.00725242 0.0119343 0.0172975 0.0220035 0.0247512 0.0249892 0.0232572 0.0208076 0.0188047 0.0177214 0.0172927 0.016896
 1.01647e-16 6.64588e-05 0.000646003 0.00429292 0.019515 0.0607185 0.129368 0.188819 0.188836 0.129448 0.0609863 0.0202885 0.00623388 0.00488103 0.00810338 0.0132753 0.0190801 0.0239168 0.0262035 0.0252163 0.021523 0.0166082 0.0119971 0.00855572 0.00636699 0.00505462
 1.01879e-16 4.80537e-05 0.000467099 0.00310404 0.0141105 0.0439033 0.093542 0.136535 0.136571 0.0937174 0.0444919 0.0158103 0.00736941 0.00977421 0.0177114 0.0291711 0.0419378 0.0525671 0.0575747 0.0553423 0.0470783 0.0360037 0.0254478 0.0173327 0.011913 0.00847604
 1.03215e-16 5.49381e-05 0.000534018 0.00354874 0.0161321 0.050193 0.106942 0.156091 0.156115 0.10706 0.0505873 0.0172719 0.0064127 0.00679579 0.0119755 0.0197844 0.0286646 0.0363965 0.0407373 0.040622 0.0367486 0.031016 0.025303 0.0205717 0.0168203 0.0136225
 1.03766e-16 5.00437e-05 0.000486443 0.00323258 0.0146949 0.0457214 0.0974153 0.142187 0.142217 0.0975647 0.046223 0.0161441 0.00687129 0.00843305 0.0151517 0.0249951 0.0360612 0.0454736 0.0503286 0.0492821 0.0433313 0.0351005 0.0272317 0.021144 0.016883 0.0137759
 1.03144e-16 5.84124e-05 0.000567789 0.00377316 0.0171523 0.0533672 0.113705 0.165961 0.165982 0.113811 0.0537216 0.0181765 0.00634591 0.00618986 0.0107525 0.0177275 0.0256333 0.0324467 0.0361372 0.0357561 0.0319738 0.0265725 0.0213268 0.0171613 0.0140764 0.0116246
 1.01137e-16 7.09121e-05 0.000689291 0.00458058 0.0208227 0.0647871 0.138036 0.20147 0.201481 0.138091 0.0649709 0.0213537 0.00591354 0.00359946 0.00559875 0.00914592 0.0131734 0.0165766 0.0182798 0.0177861 0.0154658 0.0122969 0.00927364 0.00694456 0.00534785 0.00424379
 1.01874e-16 3.60794e-05 0.000350704 0.00233056 0.0105944 0.0329634 0.0702338 0.102519 0.102569 0.0704792 0.033787 0.0129724 0.0082964 0.0133633 0.024717 0.0407201 0.0584551 0.0730854 0.0797019 0.0760347 0.0638221 0.0476757 0.0323931 0.0207882 0.0132773 0.00883445
 1.03126e-16 6.34004e-05 0.000616275 0.00409536 0.0186169 0.0579243 0.123414 0.18013 0.180143 0.123481 0.05815 0.0192701 0.00573954 0.00422074 0.00695338 0.0115104 0.0168425 0.0217337 0.0249655 0.0259377 0.024957 0.0229065 0.0205929 0.018327 0.0159947 0.0134132
 1.02756e-16 5.25902e-05 0.000511195 0.00339707 0.0154426 0.0480479 0.102372 0.149422 0.149452 0.102521 0.0485466 0.0168827 0.00701063 0.008396 0.0150168 0.0247155 0.0355364 0.0445608 0.0488535 0.0470707 0.0402684 0.0311991 0.0226795 0.0162918 0.0121644 0.00958906
 1.05078e-16 3.61827e-05 0.000351709 0.00233723 0.0106247 0.0330577 0.0704345 0.10281 0.102853 0.0706423 0.0337556 0.0126413 0.00740226 0.0114187 0.0210837 0.0348738 0.0504074 0.0637462 0.0708746 0.0699029 0.0621385 0.0510987 0.0403154 0.031675 0.0252592 0.0202595
 1.06434e-16 5.25358e-05 0.000510666 0.00339356 0.0154266 0.0479981 0.102266 0.149265 0.149286 0.102372 0.0483545 0.0164577 0.00598775 0.00619415 0.0109063 0.0181037 0.0264404 0.0340177 0.0389164 0.0402271 0.0385202 0.0353058 0.0319576 0.0289903 0.0261348 0.0229158
 1.04164e-16 5.71522e-05 0.00055554 0.00369176 0.0167822 0.0522158 0.111252 0.162381 0.162404 0.111365 0.0525953 0.0178786 0.00644459 0.00656783 0.0114842 0.0189185 0.0273037 0.034459 0.038204 0.037545 0.0332617 0.027355 0.021816 0.0176773 0.0148997 0.0128852
 1.07246e-16 1.62462e-05 0.000157919 0.00104943 0.00477059 0.0148434 0.0316279 0.0461751 0.0462389 0.0319395 0.0158899 0.00779338 0.00863831 0.0167287 0.0314994 0.052081 0.0750968 0.0945886 0.104475 0.101931 0.0890459 0.0713422 0.05442 0.0413496 0.0323223 0.0259795
 1.10398e-16 5.3314e-05 0.000518231 0.00344383 0.0156551 0.048709 0.10378 0.151473 0.151484 0.103837 0.0489007 0.0162126 0.00485697 0.00364896 0.00613363 0.0104074 0.0158086 0.0215989 0.0270163 0.031649 0.0355235 0.0387593 0.0411271 0.0419726 0.0406076 0.0368235
 1.09099e-16 4.09144e-05 0.000397703 0.00264288 0.0120142 0.0373807 0.079645 0.116252 0.11629 0.0798318 0.0380081 0.0138262 0.00719087 0.0103251 0.0188931 0.0311684 0.0449027 0.0565075 0.062382 0.0609414 0.0536024 0.0438489 0.0351259 0.0291813 0.025821 0.0237794
 1.12027e-16 2.743e-05 0.000266629 0.00177185 0.00805459 0.0250611 0.0533968 0.0779432 0.0779863 0.0536074 0.0257685 0.0101003 0.00691548 0.0115239 0.0214914 0.0357067 0.0519498 0.0664086 0.0751822 0.0764371 0.0714051 0.0633396 0.0553365 0.0487864 0.04338 0.0381533
 1.09915e-16 5.39194e-05 0.000524115 0.00348293 0.0158329 0.0492622 0.104959 0.153194 0.153211 0.105041 0.04954 0.0166375 0.00551033 0.00497555 0.00858375 0.0143052 0.0210742 0.0275036 0.0322084 0.0345587 0.03499 0.0345415 0.0340167 0.0334733 0.0323759 0.0301439
 1.06589e-16 4.80342e-05 0.00046691 0.00310278 0.0141048 0.0438855 0.0935038 0.136478 0.13651 0.0936597 0.044409 0.0156169 0.00689873 0.00875458 0.0157915 0.0260418 0.0375408 0.0472862 0.0522633 0.0511168 0.0449727 0.0366732 0.0290532 0.0235905 0.0202161 0.0180145
 1.10178e-16 1.96767e-05 0.000191264 0.00127102 0.00577791 0.0179775 0.038305 0.0559187 0.0559731 0.0385708 0.0188703 0.00835802 0.00775343 0.0143622 0.0269911 0.0447424 0.0648057 0.0822363 0.0919754 0.0916574 0.0829439 0.0702369 0.0578742 0.0480438 0.0406423 0.0345016
 1.22218e-16 2.40628e-05 0.000233899 0.00155434 0.00706584 0.0219846 0.0468415 0.0683721 0.0683991 0.0469734 0.0224291 0.00835576 0.00481509 0.00742814 0.0139111 0.0235476 0.0352998 0.0472996 0.0576032 0.0652713 0.0707071 0.0748662 0.0780573 0.0794476 0.0776603 0.071852
 1.08294e-16 6.73568e-05 0.000654732 0.00435093 0.0197787 0.0615389 0.131115 0.191368 0.191376 0.131155 0.0616717 0.0201632 0.00531917 0.00277907 0.00413411 0.00681524 0.010024 0.0130739 0.0153349 0.0165755 0.017106 0.0175269 0.0182719 0.019306 0.0201764 0.0203163
pSPR Fmed_Fpbrs
0.619314   0.285572 0.285572
Fs Fmed_Fpbrs
0.316438   1.005 1.005
SSBpbr Bo_Bmed_Bpbrs
1.80191e+06  1.02585e+06  424481 424481
Ro
161961
SPR SPRFo_SPRFmed_SPRFpbrs
1.15768e+06 716971 330603
Fref
1.005
Nvult_r0
 269625 15830.4 7317.86 8523.09 3000.97
CTP_r0
 27088.7 2890.51 1336.18 1556.25 547.953
YTP_r0
391074
Np
 248688 132202 6599.71 3050.82 4598.78
Nvult_p0
 193337 114400 5710.99 2640 3979.5
CTP_p0
 64660 57342.5 2862.62 1323.29 1994.71
YTP_p0
 1.58439e+06
CBA_c0
749069
log_Ro
11.8151
likeval ReclasPelacesDesembMPH_pf_preclas_ppelaces_ptallas_desvR_qrecl_qpela
 20.9406 24.7454 0.0326958 0.00275977 250.196 134.768 106.093 0 30.7227 0 0 0.0470223 0 0 0
q_reclas_q_pelaces
1 1
M
1
N
 167624 118005 73159.9 0.458969 3240.03
 100907 56257.4 36131 22400.3 992.181
 82549.5 31656.8 15050.8 9666.31 6258.31
 79987.5 25915.4 8481.02 4032.2 4266.29
 73639.5 20670.7 4704.57 1539.61 1506.47
 275965 23138.7 5547.62 1262.61 817.507
 95792 81095.3 5431.47 1302.22 488.278
 24374.4 24243.8 14120 945.704 311.754
 29784 8400.17 7827.13 4558.64 405.971
 59996.3 8144.1 1707.28 1590.81 1009.02
 132575 14794.6 1346.16 282.201 429.735
 111579 45361.8 4708.25 428.404 226.567
 130648 30682.1 9323.78 967.745 134.624
 97687.4 36368.9 6463.02 1964.01 232.208
 121151 23410.9 5677.84 1008.99 342.868
 413144 34891.4 5278.3 1280.15 304.795
 175412 116033 7481.21 1131.74 339.834
 537077 56861.2 33142.8 2136.88 420.331
 563560 166595 14871.6 8668.28 668.821
 286939 167132 39828.6 3555.44 2232.27
 443542 88118.9 42846.1 10210.5 1483.74
 696494 140409 24004.1 11671.5 3185.57
 117292 212783 35623 6090.04 3769.37
 398270 39240.9 64739.8 10838.4 2999.75
 307784 132703 11842.5 19537.8 4176.19
 145279 103302 40635.1 3626.28 7261.45
 343463 49586.3 32713.1 12868.1 3447.87
 373757 114101 14875.5 9813.69 4894.67
 101028 125933 35211.3 4590.58 4538.99
 67678.1 34726.5 40445.9 11308.8 2932.14
 401827 22430.1 10368.7 12076.4 4252.07
pred_Ctot
 9362.61 12698.7 7872.87 0.0493904 348.665
 9513.31 9954.05 6392.94 3963.46 175.554
 7750.94 5579.98 2652.93 1703.83 1103.12
 15480.8 8779.98 2873.31 1366.08 1445.39
 6878.18 3625.7 825.194 270.051 264.239
 35746.7 5489.43 1316.12 299.543 193.946
 19475.9 28660.7 1919.59 460.231 172.567
 978.937 1895.91 1104.21 73.956 24.3798
 4951.13 2492.38 2322.35 1352.57 120.454
 12915.2 3021.38 633.384 590.176 374.338
 5893.53 1276.92 116.186 24.3566 37.0901
 18237.1 13259.5 1376.24 125.224 66.2266
 20553.9 8669.91 2634.64 273.458 38.0411
 22283 14165.1 2517.25 764.95 90.4416
 16963.5 5959.75 1445.42 256.861 87.2846
 63151.1 9609.56 1453.72 352.57 83.9448
 13314.9 16739.3 1079.27 163.269 49.0257
 53987.1 10681.1 6225.71 401.402 78.957
 70281.1 38179.1 3408.19 1986.54 153.276
 30412 32977.7 7858.77 701.541 440.46
 39592.2 14813.3 7202.69 1716.44 249.426
 75786 28387.4 4853.05 2359.7 644.047
 6768.25 23626.5 3955.42 676.211 418.535
 23925.8 4528.83 7471.68 1250.87 346.204
 17183.1 14274 1273.81 2101.54 449.204
 6671.29 9200.88 3619.28 322.985 646.762
 21229.3 5881.16 3879.92 1526.21 408.933
 20014.4 11790.1 1537.1 1014.06 505.77
 4215.22 10220.2 2857.61 372.553 368.366
 4275.75 4205.99 4898.71 1369.7 355.134
 27088.7 2890.51 1336.18 1556.25 547.953
F
 0.0917867 0.183573 0.183573 0.183573 0.183573
 0.159252 0.318504 0.318504 0.318504 0.318504
 0.15856 0.317121 0.317121 0.317121 0.317121
 0.353152 0.706304 0.706304 0.706304 0.706304
 0.157675 0.315349 0.315349 0.315349 0.315349
 0.224649 0.449297 0.449297 0.449297 0.449297
 0.374017 0.748035 0.748035 0.748035 0.748035
 0.0652828 0.130566 0.130566 0.130566 0.130566
 0.296676 0.593351 0.593351 0.593351 0.593351
 0.400018 0.800036 0.800036 0.800036 0.800036
 0.072474 0.144948 0.144948 0.144948 0.144948
 0.291052 0.582103 0.582103 0.582103 0.582103
 0.278791 0.557581 0.557581 0.557581 0.557581
 0.428573 0.857145 0.857145 0.857145 0.857145
 0.244798 0.489596 0.489596 0.489596 0.489596
 0.269922 0.539845 0.539845 0.539845 0.539845
 0.126524 0.253048 0.253048 0.253048 0.253048
 0.170578 0.341156 0.341156 0.341156 0.341156
 0.215489 0.430979 0.430979 0.430979 0.430979
 0.180584 0.361169 0.361169 0.361169 0.361169
 0.150232 0.300464 0.300464 0.300464 0.300464
 0.185784 0.371569 0.371569 0.371569 0.371569
 0.094949 0.189898 0.189898 0.189898 0.189898
 0.099014 0.198028 0.198028 0.198028 0.198028
 0.0917417 0.183483 0.183483 0.183483 0.183483
 0.0749404 0.149881 0.149881 0.149881 0.149881
 0.101999 0.203997 0.203997 0.203997 0.203997
 0.0878558 0.175712 0.175712 0.175712 0.175712
 0.0678931 0.135786 0.135786 0.135786 0.135786
 0.104357 0.208715 0.208715 0.208715 0.208715
 0.11169 0.223379 0.223379 0.223379 0.223379
YTP_r0W_actual
 230254 47115.2 38615.6 54157.4 20931.8
YTP_p0W_proyectada
 486243 924360 66928 39037 67820.3
CTP_r0_actual
 27088.7 2890.51 1336.18 1556.25 547.953
CTP_p0_proyectada
 64660 57342.5 2862.62 1323.29 1994.71
Wmedp
 7.52 16.12 23.38 29.5 34
Frms_r0
 0.11169 0.223379 0.223379 0.223379 0.223379
Zrms_r0
 1.11169 1.22338 1.22338 1.22338 1.22338
nmprior
 8.19 8.8 8.5 0
nm_flota  nm_reclas  nm_pelaces    nm_pelaL
inf 7.36712 8.08526 15.1357
cv_recla  cv_pelaces  cv_mph
0.413923 0.564053 1.62122
 ------------------------------------------------
Talla a la edad & desviaci?n 
 8 13.2811 15.8009 17.003 17.5766
 0.8 1.32811 1.58009 1.7003 1.75766
