years
 1991 1992 1993 1994 1995 1996 1997 1998 1999 2000 2001 2002 2003 2004 2005 2006 2007 2008 2009 2010 2011 2012 2013 2014 2015 2016 2017 2018 2019 2020 2021
reclasobs
 0 0 0 0 0 0 0 0 0 252601 567819 844713 477998 351125 339783 2.1784e+06 2.13404e+06 4.81314e+06 1.55562e+06 2.62356e+06 3.21686e+06 3.843e+06 1.13348e+06 3.07943e+06 1.97215e+06 2.03268e+06 2.025e+06 2.42433e+06 2.27542e+06 1.05018e+06 2.36338e+06
reclaspred
 2.98749e+06 1.62783e+06 812128 668872 586569 1.19384e+06 621356 499255 371654 272744 431761 610586 598952 436698 424460 1.45268e+06 1.31167e+06 3.22012e+06 2.64013e+06 1.89328e+06 3.39349e+06 2.76153e+06 2.06618e+06 3.24079e+06 2.36723e+06 2.03431e+06 2.5471e+06 2.84971e+06 2.26669e+06 1.31732e+06 1.88719e+06
pelacesobs
 0 0 0 0 0 0 0 0 0 0 0 0 0 0 0 552880 188675 0 991730 2.46772e+06 1.41603e+06 1.21717e+06 2.29649e+06 1.80582e+06 0 1.4828e+06 1.56532e+06 1.57751e+06 1.42118e+06 867257 1.10002e+06
pelacespred
 1.16219e+06 692280 338270 223212 214393 454282 193194 218226 142745 97842 172505 204561 223072 165677 167128 495666 450899 1.29888e+06 1.08195e+06 716637 1.27018e+06 1.0951e+06 825642 1.4322e+06 1.00066e+06 860134 1.23195e+06 1.35359e+06 889367 589180 834468
mphobs
 0 0 0 0 0 0 0 0 0 0 0 498337 0 5186 125008 0 168611 109162 213762 579715 649985 157893 87575 83554 0 0 0 0 0 0 0
mphpred
 2.23912e+06 1.46972e+06 704254 377198 311628 332078 545114 260676 226520 146049 100855 253073 281988 228833 137084 175147 825417 718935 1.58516e+06 1.17011e+06 1.20348e+06 1.52761e+06 1.44765e+06 1.12173e+06 1.60049e+06 1.2802e+06 1.02197e+06 1.16121e+06 1.71877e+06 1.11281e+06 613164
desembarqueobs
 494567 514787 250237 358949 120608 361735 552515 73892 212993 205616 52469 317467 293654 387597 252695 516296 358380 742168 942051 627588 828172 859565 418607 520667 417249 300574 415391 372974 316634 284311 391294
desembarquepred
 494561 514196 250313 358978 120610 361700 552381 73894.5 213009 205625 52470.5 317484 293652 387505 252643 516179 358381 741988 941627 627315 828159 859445 418582 520662 417217 300549 415357 372929 316603 284292 391273
Reclutas
 163856 95948.9 93905 104681 84715 214541 71712.7 27435.4 33561.8 49539.8 91605.9 130701 106440 73814.8 68117.9 444933 73389.5 674804 379349 279862 432336 567954 99113.1 337274 269462 117802 293785 338154 81887.7 57601.1 254717
log_desv_Rt
 0.149782 -0.385389 -0.406921 -0.298289 -0.509913 0.419296 -0.676537 -1.63737 -1.43582 -1.04643 -0.431709 -0.0762954 -0.281626 -0.647646 -0.727965 1.14872 -0.653423 1.56522 0.989251 0.685091 1.12 1.39283 -0.352944 0.871691 0.647222 -0.180199 0.733643 0.874297 -0.543856 -0.895662 0.59095
SSB
 2.23912e+06 1.46972e+06 704254 377198 311628 332078 545114 260676 226520 146049 100855 253073 281988 228833 137084 175147 825417 718935 1.58516e+06 1.17011e+06 1.20348e+06 1.52761e+06 1.44765e+06 1.12173e+06 1.60049e+06 1.2802e+06 1.02197e+06 1.16121e+06 1.71877e+06 1.11281e+06 613164
BT
 3.10204e+06 2.10326e+06 1.0244e+06 814780 592527 1.35978e+06 932154 570047 538832 421109 442261 734710 779748 783683 638806 1.5578e+06 1.31973e+06 3.65442e+06 3.39724e+06 2.22059e+06 3.60278e+06 3.32784e+06 2.26904e+06 3.79044e+06 2.69773e+06 2.25211e+06 3.26846e+06 3.49797e+06 2.314e+06 1.64073e+06 2.30648e+06
Ftot
 0.190091 0.353182 0.350716 0.638657 0.251918 0.405204 0.958304 0.181069 0.69707 0.907718 0.171148 0.650089 0.606408 1.06937 0.785595 0.509733 0.315808 0.318058 0.433023 0.404591 0.310895 0.389542 0.233732 0.213342 0.212787 0.176254 0.2154 0.175139 0.157084 0.246785 0.281539
BD_Bspro_t
 0.970043 0.792194 0.593084 0.483521 0.414977 0.487572 0.521178 0.302517 0.344446 0.293816 0.275709 0.570504 0.46049 0.365981 0.249918 0.302723 0.554579 0.507616 0.633289 0.530409 0.492665 0.548995 0.565487 0.543491 0.658284 0.661643 0.663653 0.713528 0.770161 0.690741 0.597637
BD_Bspro
 2.22389 1.45972 0.699461 0.374631 0.309507 0.329818 0.541405 0.258902 0.224978 0.145055 0.100169 0.251351 0.280069 0.227276 0.136151 0.173955 0.819799 0.714043 1.57437 1.16215 1.19529 1.51722 1.4378 1.11409 1.5896 1.27149 1.01502 1.1533 1.70708 1.10523 0.608991
BD_Bo
 1.34084 0.880102 0.421722 0.225874 0.186609 0.198855 0.326426 0.156098 0.135645 0.087457 0.0603942 0.151545 0.168861 0.13703 0.0820891 0.104882 0.494277 0.430514 0.949228 0.700687 0.720671 0.914768 0.866883 0.671713 0.958409 0.766612 0.611978 0.695356 1.02924 0.666372 0.367176
BD_Brms
 7.35597 4.82834 2.31362 1.23917 1.02376 1.09094 1.79081 0.856372 0.744163 0.479799 0.331329 0.831395 0.926389 0.751763 0.45035 0.575394 2.71166 2.36185 5.20757 3.84405 3.95368 5.01852 4.75582 3.68509 5.25794 4.20572 3.35738 3.8148 5.64652 3.65579 2.01437
Sel_flota
 0.70478 1 1 1 1
 0.70478 1 1 1 1
 0.70478 1 1 1 1
 0.70478 1 1 1 1
 0.70478 1 1 1 1
 0.70478 1 1 1 1
 0.70478 1 1 1 1
 0.70478 1 1 1 1
 0.70478 1 1 1 1
 0.70478 1 1 1 1
 0.70478 1 1 1 1
 0.70478 1 1 1 1
 0.70478 1 1 1 1
 0.70478 1 1 1 1
 0.70478 1 1 1 1
 0.70478 1 1 1 1
 0.70478 1 1 1 1
 0.70478 1 1 1 1
 0.70478 1 1 1 1
 0.70478 1 1 1 1
 0.70478 1 1 1 1
 0.70478 1 1 1 1
 0.70478 1 1 1 1
 0.70478 1 1 1 1
 0.70478 1 1 1 1
 0.70478 1 1 1 1
 0.70478 1 1 1 1
 0.70478 1 1 1 1
 0.70478 1 1 1 1
 0.70478 1 1 1 1
 0.70478 1 1 1 1
Sel_reclas
 1 1 1 1 1
 1 1 1 1 1
 1 1 1 1 1
 1 1 1 1 1
 1 1 1 1 1
 1 1 1 1 1
 1 1 1 1 1
 1 1 1 1 1
 1 1 1 1 1
 1 1 1 1 1
 1 1 1 1 1
 1 1 1 1 1
 1 1 1 1 1
 1 1 1 1 1
 1 1 1 1 1
 1 1 1 1 1
 1 1 1 1 1
 1 1 1 1 1
 1 1 1 1 1
 1 1 1 1 1
 1 1 1 1 1
 1 1 1 1 1
 1 1 1 1 1
 1 1 1 1 1
 1 1 1 1 1
 1 1 1 1 1
 1 1 1 1 1
 1 1 1 1 1
 1 1 1 1 1
 1 1 1 1 1
 1 1 1 1 1
Sel_pelaces
 1 1 1 1 1
 1 1 1 1 1
 1 1 1 1 1
 1 1 1 1 1
 1 1 1 1 1
 1 1 1 1 1
 1 1 1 1 1
 1 1 1 1 1
 1 1 1 1 1
 1 1 1 1 1
 1 1 1 1 1
 1 1 1 1 1
 1 1 1 1 1
 1 1 1 1 1
 1 1 1 1 1
 1 1 1 1 1
 1 1 1 1 1
 1 1 1 1 1
 1 1 1 1 1
 1 1 1 1 1
 1 1 1 1 1
 1 1 1 1 1
 1 1 1 1 1
 1 1 1 1 1
 1 1 1 1 1
 1 1 1 1 1
 1 1 1 1 1
 1 1 1 1 1
 1 1 1 1 1
 1 1 1 1 1
 1 1 1 1 1
pf_obs 
 0.8446 0.082 0.0669 0.0065 0
 0.8095 0.147 0.0364 0.0071 0
 0.9664 0.0169 0.016 0.0007 0
 0.9276 0.0648 0.0075 0.0001 0
 0.7033 0.2144 0.0806 0.0017 0
 0.9318 0.0425 0.0243 0.0014 0
 0.5671 0.3108 0.0964 0.0239 0.0018
 0.0768 0.2599 0.5324 0.112 0.0189
 0.490249 0.384438 0.106611 0.0170017 0.00170017
 0.7925 0.1577 0.0466 0.003 0.0002
 0.840416 0.127587 0.0312969 0.00059994 9.999e-05
 0.8084 0.0986 0.0794 0.0134 0.0002
 0.7335 0.1905 0.0724 0.0035 0.0001
 0.4001 0.4547 0.1325 0.0127 0
 0.49795 0.308269 0.164784 0.0264974 0.00249975
 0.9179 0.0499 0.0305 0.0017 0
 0.2467 0.6533 0.0926 0.0074 0
 0.9418 0.0223 0.034 0.0019 0
 0.707729 0.231977 0.0356964 0.0245975 0
 0.517169 0.277429 0.184464 0.0207286 0.00020938
 0.811772 0.124168 0.05621 0.00726502 0.000585176
 0.764997 0.148141 0.077277 0.00933861 0.000247198
 0.163321 0.427699 0.378323 0.0303852 0.000271297
 0.753843 0.0900009 0.118128 0.0371064 0.000921714
 0.721811 0.176058 0.0630433 0.0369309 0.00215725
 0.143369 0.312575 0.442814 0.0836902 0.0175525
 0.692698 0.0596174 0.167031 0.0765114 0.00414204
 0.394062 0.376323 0.152708 0.0712218 0.00568511
 0.125707 0.32114 0.495352 0.0537591 0.00404204
 0.23352 0.215282 0.420074 0.123614 0.00750983
 0.796117 0.104755 0.0508955 0.0450114 0.00322123
pf_pred 
 0.446991 0.156599 0.367796 0.0286129 8.67182e-07
 0.42031 0.314482 0.0751006 0.176385 0.0137224
 0.567077 0.226358 0.112062 0.0267612 0.0677424
 0.661017 0.225184 0.0595012 0.0294569 0.0248415
 0.654714 0.261319 0.0557785 0.0147386 0.0134498
 0.8175 0.134636 0.0362238 0.00773197 0.00390745
 0.451198 0.478766 0.0516677 0.0139012 0.00446671
 0.461886 0.313856 0.19564 0.0211131 0.00750572
 0.615552 0.214126 0.0993405 0.0619232 0.00905834
 0.785849 0.154415 0.033271 0.0154356 0.0110291
 0.855102 0.124722 0.0145479 0.00313455 0.0024933
 0.74811 0.225728 0.0225186 0.00262662 0.00101611
 0.685604 0.259725 0.0489926 0.0048875 0.000790628
 0.638281 0.280589 0.0670224 0.0126426 0.00146525
 0.755279 0.184657 0.0465922 0.0111292 0.00234263
 0.950657 0.041216 0.00613218 0.00154726 0.000447379
 0.31248 0.665335 0.0185311 0.00275709 0.00089681
 0.902565 0.0395131 0.0560527 0.0015612 0.000307831
 0.569219 0.401887 0.0117172 0.0166218 0.000554241
 0.573679 0.285486 0.131389 0.0038307 0.00561536
 0.732997 0.179557 0.0585583 0.0269502 0.00193756
 0.725064 0.221204 0.0361344 0.0117844 0.00581345
 0.265837 0.587706 0.117834 0.0192486 0.00937428
 0.733292 0.0930021 0.139053 0.02788 0.00677228
 0.59405 0.325571 0.0280288 0.0419076 0.0104434
 0.404367 0.406877 0.151381 0.0130326 0.0243418
 0.734473 0.13233 0.0909869 0.0338523 0.00835777
 0.677917 0.258637 0.0316194 0.0217408 0.0100859
 0.287635 0.537746 0.140221 0.0171426 0.0172549
 0.364871 0.235393 0.301751 0.0786835 0.0193018
 0.827366 0.0793917 0.0345578 0.0442998 0.0143851
pobs_RECLAS
 0 0 0 0 0
 0 0 0 0 0
 0 0 0 0 0
 0 0 0 0 0
 0 0 0 0 0
 0 0 0 0 0
 0 0 0 0 0
 0 0 0 0 0
 0 0 0 0 0
 0 0 0 0 0
 0.991045 0.00858322 0.000360255 1.14367e-05 0
 0.934742 0.0480273 0.0164251 0.00080598 0
 0.827803 0.169806 0.00239088 0 0
 0.941827 0.0461693 0.0120037 0 0
 0.791401 0.0380133 0.147996 0.0225897 0
 0.846168 0.0940531 0.0597789 0 0
 0.134021 0.677848 0.182769 0.00536245 0
 0.80878 0.0450904 0.141981 0.00414843 0
 0.846168 0.0940531 0.0597789 0 0
 0.905697 0.0802665 0.012482 0.00150086 5.37128e-05
 0.989698 0.0102097 9.19794e-05 0 0
 0.975433 0.0193895 0.00387452 0.00125025 5.28907e-05
 0.303575 0.632131 0.0575291 0.00676475 0
 0.966965 0.00978017 0.0227588 0.000495775 0
 0.843318 0.132988 0.00938335 0.0141283 0.000182051
 0.564624 0.303363 0.111486 0.0197234 0.00080311
 0.826376 0.0876187 0.0782897 0.00655872 0.00115652
 0.89761 0.0855135 0.0140674 0.00269457 0.000114338
 0.34875 0.467042 0.161289 0.0227151 0.000203297
 0.318654 0.224769 0.449479 0.00709798 0
 0.937255 0.0296025 0.0250945 0.00804832 0
ppred_RECLAS
 0.535528 0.131527 0.308912 0.024032 7.28346e-07
 0.509841 0.265911 0.0635017 0.149143 0.011603
 0.65265 0.181615 0.089911 0.0214714 0.0543521
 0.739052 0.173346 0.0458037 0.0226758 0.0191229
 0.730477 0.20398 0.0435395 0.0115046 0.0104986
 0.865576 0.0991693 0.0266814 0.00569514 0.00287811
 0.548516 0.393867 0.0425056 0.0114361 0.00367464
 0.550366 0.26225 0.163472 0.0176416 0.00627159
 0.6999 0.167147 0.0775451 0.0483372 0.00707093
 0.843911 0.112549 0.0242504 0.0112506 0.00803884
 0.893765 0.0914432 0.0106661 0.00229817 0.00182803
 0.81189 0.168573 0.0168169 0.00196155 0.000758828
 0.759752 0.198471 0.037438 0.00373482 0.000604164
 0.724169 0.213965 0.0511084 0.0096407 0.00111733
 0.81872 0.136787 0.0345139 0.00824411 0.00173534
 0.965298 0.0289868 0.0043127 0.00108817 0.000314637
 0.394347 0.58611 0.0163245 0.00242879 0.000790021
 0.92993 0.0284158 0.0403101 0.00112273 0.000221376
 0.65536 0.321524 0.00937418 0.0132981 0.000443412
 0.659204 0.228214 0.105031 0.00306222 0.00448886
 0.797248 0.136349 0.0444671 0.020465 0.00147131
 0.79117 0.168017 0.0274462 0.00895093 0.00441565
 0.34091 0.527609 0.105785 0.0172803 0.0084157
 0.796948 0.0708053 0.105865 0.0212258 0.00515594
 0.676262 0.259636 0.0223524 0.0334205 0.00832844
 0.491863 0.347108 0.129144 0.0111182 0.0207661
 0.797935 0.100702 0.0692407 0.0257615 0.00636023
 0.75006 0.200705 0.0245371 0.0168711 0.00782675
 0.36523 0.479172 0.124947 0.0152753 0.0153754
 0.450849 0.203528 0.260902 0.068032 0.0166889
 0.87273 0.0585293 0.0254768 0.0326588 0.010605
pobs_PELACES
 0 0 0 0 0
 0 0 0 0 0
 0 0 0 0 0
 0 0 0 0 0
 0 0 0 0 0
 0 0 0 0 0
 0 0 0 0 0
 0 0 0 0 0
 0 0 0 0 0
 0 0 0 0 0
 0 0 0 0 0
 0 0 0 0 0
 0 0 0 0 0
 0 0 0 0 0
 0 0 0 0 0
 0 0 0 0 0
 0.505614 0.472636 0.0217494 0 0
 0 0 0 0 0
 0.443492 0.261883 0.143347 0.151278 0
 0.227955 0.32914 0.350689 0.0885471 0.00366901
 0.970185 0.0296113 0.000203453 0 0
 0.997202 0.00247181 0.000326279 0 0
 0.445219 0.490057 0.0546422 0.010081 0
 0.90214 0.0892962 0.00764917 0.000914606 0
 0 0 0 0 0
 0.581667 0.319106 0.0959925 0.00289975 0.000334073
 0.762889 0.0836404 0.116647 0.0363945 0.000428098
 0.88444 0.0763242 0.0277011 0.0115352 0
 0.521256 0.241999 0.230069 0.00667565 0
 0.616807 0.101726 0.260614 0.0208532 0
 0.833518 0.0704572 0.0857862 0.0102388 0
ppred_PELACES
 0.540131 0.130224 0.30585 0.0237938 7.21128e-07
 0.518436 0.261249 0.0623882 0.146528 0.0113996
 0.660355 0.177586 0.0879167 0.0209952 0.0531465
 0.750872 0.165494 0.043729 0.0216487 0.0182567
 0.735282 0.200344 0.0427634 0.0112995 0.0103115
 0.870103 0.0958293 0.0257828 0.00550334 0.00278118
 0.571516 0.373803 0.0403402 0.0108535 0.00348744
 0.554727 0.259706 0.161886 0.0174705 0.00621076
 0.713967 0.159312 0.0739101 0.0460713 0.00673947
 0.855209 0.104403 0.0224951 0.0104362 0.00745698
 0.895337 0.0900894 0.0105082 0.00226415 0.00180096
 0.821372 0.160076 0.0159692 0.00186268 0.000720578
 0.77037 0.1897 0.0357835 0.00356976 0.000577463
 0.744486 0.198204 0.0473438 0.00893058 0.00103503
 0.829803 0.128424 0.0324037 0.00774007 0.00162924
 0.966923 0.0276289 0.00411067 0.0010372 0.000299898
 0.401719 0.578976 0.0161258 0.00239922 0.000780405
 0.931922 0.0276078 0.0391639 0.00109081 0.000215081
 0.664825 0.312694 0.00911673 0.0129328 0.000431235
 0.668002 0.222322 0.102319 0.00298316 0.00437297
 0.802099 0.133086 0.043403 0.0199753 0.0014361
 0.797371 0.163028 0.0266312 0.00868515 0.00428453
 0.346045 0.523498 0.104961 0.0171457 0.00835014
 0.80029 0.0696397 0.104123 0.0208764 0.00507106
 0.680784 0.25601 0.0220402 0.0329537 0.00821211
 0.496155 0.344176 0.128053 0.0110243 0.0205907
 0.801297 0.0990268 0.0680886 0.0253328 0.0062544
 0.753245 0.198148 0.0242244 0.0166561 0.00772701
 0.368785 0.476488 0.124247 0.0151898 0.0152893
 0.456808 0.201319 0.258071 0.0672937 0.0165078
 0.875746 0.0571425 0.0248732 0.0318849 0.0103538
pobs_pel_tallas
 0 0 0 0 0 0 0 0 0 0 0 0 0 0 0 0 0 0 0 0 0 0 0 0 0 0
 0 0 0 0 0 0 0 0 0 0 0 0 0 0 0 0 0 0 0 0 0 0 0 0 0 0
 0 0 0 0 0 0 0 0 0 0 0 0 0 0 0 0 0 0 0 0 0 0 0 0 0 0
 0 0 0 0 0 0 0 0 0 0 0 0 0 0 0 0 0 0 0 0 0 0 0 0 0 0
 0 0 0 0 0 0 0 0 0 0 0 0 0 0 0 0 0 0 0 0 0 0 0 0 0 0
 0 0 0 0 0 0 0 0 0 0 0 0 0 0 0 0 0 0 0 0 0 0 0 0 0 0
 0 0 0 0 0 0 0 0 0 0 0 0 0 0 0 0 0 0 0 0 0 0 0 0 0 0
 0 0 0 0 0 0 0 0 0 0 0 0 0 0 0 0 0 0 0 0 0 0 0 0 0 0
 0 0 0 0 0 0 0 0 0 0 0 0 0 0 0 0 0 0 0 0 0 0 0 0 0 0
 0 0 0 0 0 0 0 0 0 0 0 0 0 0 0 0 0 0 0 0 0 0 0 0 0 0
 0 0 0 0 0 0 0 0 0 0 0 0 0 0 0 0 0 0 0 0 0 0 0 0 0 0
 0 0 0 0 0 0 0 0 0 0 0 0 0 0 0 0 0 0 0 0 0 0 0 0 0 0
 0.00862536 0 0 0.000197151 0.00414017 0.0128641 0.00837892 0.0270097 0.101434 0.158115 0.152841 0.127902 0.109271 0.109419 0.0830992 0.0579132 0.0238553 0.00714673 0.00463305 0.00128148 0.00103504 0.000492878 0.000147863 0.000147863 4.92878e-05 0
 0 0 0 0 0 0 0 0 0 0 0 0 0 0 0 0 0 0 0 0 0 0 0 0 0 0
 0 0 0 0 0 0 0 0.0054083 0.00873648 0.0413646 0.0450493 0.0745869 0.0622846 0.0627006 0.0613931 0.0827291 0.12552 0.122667 0.0946155 0.0697135 0.0546179 0.0294188 0.0215738 0.0213955 0.0102223 0.00600262
 0 0 0 0 0.00359764 0.0251062 0.0480494 0.140153 0.205849 0.193036 0.1447 0.116669 0.0760912 0.0342217 0.00950174 0.001854 0.000860785 0 0 0 0.000165536 0 0.000143464 0 0 0
 0 0 0 0 0 0 0 0.000145254 0.000435761 0.0275982 0.070085 0.0708112 0.156366 0.174668 0.174014 0.160142 0.0824315 0.0480064 0.0283245 0.00493863 0.00203355 0 0 0 0 0
 0 0 0 0 0 0 0 0 0 0 0 0 0 0 0 0 0 0 0 0 0 0 0 0 0 0
 0 0 1.00437e-05 0.000401748 0.00122533 0.00171747 0.00176769 0.0269171 0.070346 0.194647 0.189555 0.159765 0.064822 0.0314167 0.0384472 0.0292271 0.0345202 0.0313363 0.0194345 0.0106764 0.0143323 0.0359363 0.0279516 0.0138201 0.00172751 0
 0 0.0021121 0.0136068 0.0755702 0.200478 0.177729 0.0527432 0.0373336 0.0318909 0.0142505 0.0149659 0.0166563 0.0217959 0.0798694 0.0677717 0.0528807 0.04013 0.0224614 0.0357745 0.0225083 0.00881397 0.00855152 0.00135912 0.000746735 0 0
 0 0 0 0 5.4009e-05 0.00500934 0.000945158 0.0243581 0.138947 0.33067 0.221406 0.137944 0.0707744 0.0437923 0.0131692 0.00525238 0.0047753 0.00276346 9.45158e-05 9.00151e-06 2.25038e-05 9.00151e-06 4.50075e-06 0 0 0
 0.000866109 0.00284123 0.00948549 0.0512746 0.133035 0.25785 0.225252 0.132002 0.0553304 0.0519788 0.0540692 0.017754 0.00435017 0.00159236 0.00146478 0.000404838 0.000125132 0.000115318 0.000107957 0.000100596 0 0 0 0 0 0
 0 0 0 0 0.00144013 0.00171154 0.00461396 0.0210425 0.0478622 0.0707936 0.0888783 0.103762 0.0637923 0.0337046 0.0602308 0.124433 0.169614 0.0934646 0.0462172 0.0250306 0.0313229 0.00938855 0.002487 0.000210481 0 0
 0 0.00764035 0.051015 0.0998891 0.058973 0.0496711 0.0374665 0.0718981 0.12319 0.153886 0.159021 0.0857701 0.0377988 0.023471 0.0147837 0.00900784 0.00315554 0.000888139 0.00291439 0.00214683 0.00393193 0.00274676 0.000635225 9.99891e-05 0 0
 0 0 0 0 0 0 0 0 0 0 0 0 0 0 0 0 0 0 0 0 0 0 0 0 0 0
 0 0 0 0 0 0 0 0 0 0 0 0 0 0 0 0 0 0 0 0 0 0 0 0 0 0
 0 0 0 0 0 0 0 0 0 0 0 0 0 0 0 0 0 0 0 0 0 0 0 0 0 0
 0 0 0 0 0 0 0 0 0 0 0 0 0 0 0 0 0 0 0 0 0 0 0 0 0 0
 0 0 0 0 0 0 0 0 0 0 0 0 0 0 0 0 0 0 0 0 0 0 0 0 0 0
 0 0 0 0 0 0 0 0 0 0 0 0 0 0 0 0 0 0 0 0 0 0 0 0 0 0
 0 0 0 0 0 0 0 0 0 0 0 0 0 0 0 0 0 0 0 0 0 0 0 0 0 0
ppred_pel_tallas
 1.11246e-16 4.44899e-05 0.000432458 0.00287384 0.013064 0.0406472 0.0866036 0.126403 0.126416 0.0866673 0.0408625 0.0136917 0.00447097 0.00399044 0.00701068 0.0120635 0.0186374 0.0260632 0.0335915 0.0407243 0.047232 0.0527704 0.056516 0.0573096 0.0543046 0.0476091
 1.18492e-16 4.27029e-05 0.000415088 0.0027584 0.0125393 0.0390146 0.0831257 0.12133 0.121355 0.0832492 0.0394296 0.0137394 0.00577595 0.00702022 0.012642 0.0209843 0.0306045 0.0393446 0.0450977 0.0470591 0.0462547 0.0447941 0.0444106 0.0454206 0.0467584 0.0468347
 1.13682e-16 5.43926e-05 0.000528716 0.0035135 0.0159719 0.0496945 0.10588 0.154539 0.154556 0.105964 0.0499777 0.0167913 0.00557608 0.00505046 0.00869902 0.0144472 0.0211705 0.0274083 0.0317233 0.0335088 0.0333394 0.0324982 0.032062 0.0322737 0.032588 0.0321839
 1.06565e-16 6.18483e-05 0.000601188 0.00399511 0.0181612 0.0565063 0.120393 0.175721 0.175737 0.120471 0.0567688 0.0189201 0.00590212 0.00477131 0.008003 0.0131901 0.0191337 0.0243643 0.0274373 0.0277177 0.0257563 0.0228837 0.0203515 0.018694 0.0176902 0.0167684
 1.04164e-16 6.05642e-05 0.000588706 0.00391216 0.0177841 0.0553331 0.117894 0.172073 0.172093 0.117988 0.0556504 0.0187011 0.0062151 0.00562036 0.0096294 0.0158575 0.0229185 0.0289944 0.0322746 0.0319315 0.028602 0.0239253 0.0195225 0.0162181 0.0139602 0.0122526
 1.01792e-16 7.16693e-05 0.000696651 0.00462949 0.021045 0.0654788 0.13951 0.203621 0.20363 0.139555 0.0656308 0.0214842 0.00573283 0.00310851 0.00466181 0.0076186 0.0110268 0.0139902 0.0156445 0.0155895 0.0141121 0.0119655 0.00988995 0.0082547 0.00703401 0.00601838
 1.02939e-16 4.70751e-05 0.000457587 0.00304083 0.0138232 0.0430092 0.091637 0.133754 0.13379 0.0918129 0.0435999 0.015529 0.0073218 0.00979981 0.0177803 0.0292955 0.0421393 0.052871 0.0580132 0.0559615 0.0479409 0.0371787 0.0269865 0.0192384 0.0141202 0.0108512
 1.07542e-16 4.56922e-05 0.000444144 0.0029515 0.0134171 0.0417457 0.0889445 0.129822 0.129848 0.0890679 0.0421605 0.0146177 0.00597459 0.00707494 0.0127305 0.0212129 0.0311097 0.0402789 0.046525 0.0487728 0.0475844 0.0445363 0.0410203 0.0374896 0.0336215 0.029004
 1.07935e-16 5.88086e-05 0.00057164 0.00379875 0.0172686 0.0537291 0.114476 0.167084 0.1671 0.114552 0.053983 0.0180032 0.00564761 0.00462379 0.00780239 0.012933 0.0189278 0.0244522 0.0281911 0.0295642 0.0290413 0.0277252 0.0265467 0.0257284 0.0248536 0.0233379
 1.02985e-16 7.04424e-05 0.000684726 0.00455024 0.0206847 0.064358 0.137122 0.200135 0.200146 0.137171 0.0645234 0.0211628 0.00575096 0.00330867 0.00506213 0.0082797 0.0119748 0.0151775 0.0169543 0.0168882 0.015323 0.0131163 0.0110995 0.00966979 0.00875169 0.00803511
 1.00859e-16 7.37478e-05 0.000716855 0.00476375 0.0216553 0.0673778 0.143556 0.209526 0.209534 0.143598 0.0675202 0.0220665 0.0057958 0.00296927 0.00434986 0.00707023 0.0101679 0.0127656 0.0140237 0.0135568 0.01166 0.00910911 0.00669775 0.00487204 0.00367111 0.0029023
 1.00811e-16 6.76553e-05 0.000657634 0.00437021 0.0198663 0.0618117 0.131697 0.192219 0.192234 0.131772 0.0620646 0.0205966 0.00620271 0.00465605 0.0076556 0.0125339 0.0180125 0.0225732 0.0247156 0.0237447 0.0201816 0.0154134 0.0108741 0.00739151 0.0050746 0.00361417
 1.01537e-16 6.34544e-05 0.000616799 0.00409885 0.0186328 0.0579736 0.12352 0.180284 0.180302 0.123609 0.0582738 0.0195001 0.00627659 0.00537272 0.00910125 0.0149596 0.0215748 0.0271929 0.0300638 0.0293673 0.0256829 0.0205692 0.0156108 0.0116834 0.00886348 0.00680673
 1.02488e-16 6.13224e-05 0.000596075 0.00396113 0.0180067 0.0560258 0.11937 0.174227 0.174246 0.119463 0.0563398 0.0189142 0.00624056 0.00557693 0.00953503 0.0157031 0.0227004 0.0287237 0.0319695 0.0315938 0.0281882 0.0233323 0.0186025 0.014826 0.012014 0.00978259
 1.0202e-16 6.83498e-05 0.000664384 0.00441507 0.0200703 0.0624461 0.133048 0.194191 0.194203 0.133109 0.0626497 0.0206585 0.00589285 0.00389415 0.00621333 0.0101926 0.0147439 0.0186826 0.0208462 0.0206942 0.0186116 0.0156148 0.0127089 0.0104061 0.00868819 0.00728649
 1.00281e-16 7.96442e-05 0.00077417 0.00514463 0.0233867 0.0727649 0.155033 0.226276 0.226279 0.155046 0.0728086 0.023513 0.00546148 0.00146591 0.00139356 0.00217823 0.00313113 0.00393943 0.0043437 0.00422577 0.00367403 0.00292143 0.00220468 0.00165429 0.00127896 0.00102088
 1.00987e-16 3.30892e-05 0.000321639 0.0021374 0.00971636 0.0302315 0.0644135 0.094025 0.0940807 0.0646856 0.0311448 0.0123528 0.00875002 0.0147394 0.0273632 0.0450483 0.0645703 0.080524 0.0874232 0.0827386 0.0684413 0.0497538 0.0321484 0.0188926 0.0105344 0.00592993
 1.01284e-16 7.67612e-05 0.000746146 0.0049584 0.0225402 0.0701309 0.149421 0.218086 0.218088 0.149435 0.0701757 0.0226703 0.0052875 0.00147315 0.00148254 0.00239458 0.00359293 0.0048306 0.00589991 0.00668531 0.00719258 0.00747799 0.00754656 0.00732375 0.00672608 0.00575826
 1.01714e-16 5.47608e-05 0.000532295 0.00353729 0.01608 0.050031 0.106598 0.155589 0.155619 0.106745 0.0505244 0.0175043 0.00710987 0.0083228 0.0148256 0.0243587 0.0349351 0.043622 0.0474766 0.0451573 0.0377468 0.0280645 0.0190335 0.0123519 0.00822682 0.0059552
 1.04049e-16 5.50225e-05 0.000534838 0.00355419 0.0161568 0.0502701 0.107106 0.15633 0.156351 0.107212 0.0506239 0.0171802 0.00612804 0.00617057 0.0108079 0.017909 0.0260905 0.0334236 0.0379507 0.0387214 0.0362799 0.0321558 0.0278105 0.0239129 0.0203784 0.0168869
 1.03533e-16 6.60679e-05 0.000642203 0.00426767 0.0194002 0.0603613 0.128607 0.187708 0.187721 0.12867 0.0605727 0.0200113 0.00580369 0.0040026 0.00646954 0.0106476 0.0154663 0.0197349 0.0222855 0.0225832 0.0210229 0.0186089 0.0162875 0.0144668 0.0130136 0.0115809
 1.02407e-16 6.56784e-05 0.000638418 0.00424251 0.0192859 0.0600055 0.127849 0.186602 0.186618 0.127926 0.0602635 0.020031 0.00611333 0.00472369 0.00782817 0.0128478 0.0185261 0.0233507 0.0258275 0.025272 0.0222105 0.0180105 0.0140464 0.0110525 0.0090383 0.00762579
 1.06296e-16 2.85034e-05 0.000277063 0.00184118 0.00836979 0.0260418 0.0554866 0.080995 0.0810455 0.0557334 0.0268706 0.0107643 0.00785418 0.0134112 0.0249949 0.0413348 0.0596768 0.0753257 0.0834944 0.0819518 0.0723112 0.0588552 0.0458965 0.0357551 0.0285264 0.023158
 1.05975e-16 6.59189e-05 0.000640755 0.00425804 0.0193564 0.0602251 0.128316 0.187283 0.18729 0.12835 0.0603384 0.0196857 0.005092 0.00248595 0.00364273 0.00610747 0.00923533 0.0125436 0.0155655 0.0180587 0.0200665 0.0217134 0.0229304 0.0233845 0.0226852 0.02068
 1.05397e-16 5.60753e-05 0.000545072 0.0036222 0.016466 0.051232 0.109156 0.159322 0.159346 0.109277 0.0516366 0.0176345 0.00655485 0.0069459 0.0122096 0.0200906 0.0289284 0.0363772 0.040103 0.0390736 0.0341977 0.027726 0.021898 0.0178713 0.0155579 0.0141733
 1.08374e-16 4.08677e-05 0.000397249 0.00263986 0.0120004 0.037338 0.0795538 0.116118 0.116151 0.0797166 0.0378849 0.0135816 0.00661497 0.00909509 0.0166188 0.0275639 0.0400636 0.0511354 0.0577424 0.0584557 0.0542343 0.0476247 0.0410725 0.0357127 0.0313569 0.0272861
 1.0559e-16 6.60018e-05 0.000641561 0.0042634 0.0193808 0.0603009 0.128478 0.187519 0.187529 0.128525 0.0604595 0.0198399 0.00542033 0.00318236 0.00493639 0.00817486 0.0120493 0.0157444 0.0184708 0.0198669 0.0201726 0.0199653 0.019686 0.0193553 0.0186675 0.0173048
 1.03728e-16 6.20438e-05 0.000603088 0.00400773 0.0182186 0.0566849 0.120774 0.176277 0.176296 0.120867 0.0569982 0.0191236 0.00627936 0.00556226 0.00948125 0.0155794 0.0224466 0.0282552 0.0311939 0.0304488 0.026695 0.0216406 0.0169941 0.0136542 0.0115917 0.0102653
 1.07819e-16 3.03765e-05 0.00029527 0.00196218 0.00891979 0.027753 0.0591325 0.0863152 0.0863612 0.0593573 0.0285084 0.0111027 0.00744582 0.0122804 0.0228343 0.0378111 0.0547205 0.0693448 0.0773809 0.0768165 0.0690712 0.0579126 0.0470774 0.0384881 0.0321093 0.0269691
 1.17042e-16 3.76267e-05 0.000365745 0.00243051 0.0110487 0.0343769 0.0732443 0.106906 0.106926 0.0733411 0.0347031 0.011996 0.00482682 0.00565841 0.0102704 0.0173945 0.0261685 0.0352529 0.04326 0.0495063 0.0542331 0.0580208 0.0609352 0.0622206 0.0607967 0.0560793
 1.05683e-16 7.2134e-05 0.000701168 0.00465951 0.0211815 0.0659034 0.140414 0.20494 0.204946 0.140442 0.0659946 0.0214453 0.00532394 0.00215865 0.00286141 0.00467402 0.00686717 0.00894701 0.0104783 0.0113031 0.0116388 0.0119047 0.012406 0.013123 0.0137434 0.0138713
pSPR Fmed_Fpbrs
0.550268   0.232278 0.232278
Fs Fmed_Fpbrs
0.35095   1.005 1.005
SSBpbr Bo_Bmed_Bpbrs
1.66995e+06  835421  304395 304395
Ro
141063
SPR SPRFo_SPRFmed_SPRFpbrs
1.00685e+06 554039 233870
Fref
1.005
Nvult_r0
 177877 12863.9 5599.43 7177.92 2330.83
CTP_r0
 29451.1 2826.04 1230.13 1576.9 512.057
YTP_r0
391273
Np
 201916 36581.6 10347.4 665.694 328.785
Nvult_p0
 165334 31655.5 8953.98 576.051 284.511
CTP_p0
 68551.4 33329.5 2144.24 933.351 1528.61
 68551.4 15867.2 4488.16 288.744 142.61
YTP_p0
 1.16444e+06 879206
CBA_c0
1.07887e+06
log_Ro
11.677
likeval ReclasPelacesDesembMPH_pf_preclas_ppelaces_ptallas_desvR_qrecl_qpela
 10.9574 23.6305 0.0108896 0.00227685 240.712 117.165 99.3596 0 29.586 9.09341e-07 0 0.0406312 0 0 0
q_reclas_q_pelaces
1.14468 1
M
1
N
 163856 41388.7 97207.5 7562.32 0.229194
 95948.9 52721 12590.2 29569.9 2300.48
 93905 27519.7 13624 3253.51 8235.84
 104681 26980.3 7129.1 3529.36 2976.37
 84715 24552.2 5240.67 1384.76 1263.68
 214541 26095 7020.85 1498.6 757.337
 71712.7 59318.5 6401.56 1722.33 553.42
 27435.4 13427.1 8369.69 903.244 321.103
 33561.8 8883.7 4121.45 2569.08 375.814
 49539.8 7554.23 1627.67 755.13 539.562
 91605.9 9612.21 1121.19 241.576 192.156
 130701 29870.6 2979.89 347.581 134.462
 106440 30409 5736.13 572.237 92.568
 73814.8 25538.7 6100.27 1150.71 133.364
 68117.9 12780.1 3224.64 770.249 162.133
 444933 14404.9 2143.18 540.763 156.358
 73389.5 114282 3183.03 473.576 154.042
 674804 21611.1 30657.1 853.873 168.363
 379349 198395 5784.3 8205.52 273.606
 279862 102850 47334.5 1380.06 2023.01
 432336 77412.5 25246.3 11619.1 835.341
 567954 127752 20868.8 6805.86 3357.45
 99113.1 158777 31834.5 5200.27 2532.59
 337274 30924 46236.4 9270.32 2251.84
 269462 106755 9190.68 13741.6 3424.42
 117802 85324.2 31745.5 2733.01 5104.6
 293785 38274.6 26316.7 9791.32 2417.37
 338154 92854.9 11351.9 7805.31 3620.99
 81887.7 109955 28671.4 3505.2 3528.17
 57601.1 26967.7 34569.9 9014.33 2211.3
 254717 17807.4 7751.25 9936.35 3226.56
pred_Ctot
 13129.9 4599.94 10803.6 840.476 0.0254726
 13638.3 10204.4 2436.88 5723.37 445.266
 13263.8 5294.45 2621.09 625.936 1584.48
 24871.8 8472.89 2238.82 1108.36 934.7
 8838.52 3527.76 753 198.968 181.57
 34481.2 5678.81 1527.88 326.125 164.812
 23496.4 24932 2690.62 723.91 232.606
 2099.52 1426.65 889.29 95.9707 34.1176
 8567.82 2980.41 1382.71 861.905 126.082
 15577.6 3060.93 659.521 305.974 218.627
 6645.08 969.228 113.053 24.3589 19.3757
 31512.5 9508.3 948.548 110.641 42.8014
 24223.2 9176.39 1730.97 172.681 27.9338
 26230.8 11531.1 2754.35 519.56 60.2158
 19141.3 4679.83 1180.8 282.051 59.3703
 87390.8 3788.85 563.711 142.235 41.1261
 9426.5 20071 559.024 83.1724 27.0538
 87237.1 3819.13 5417.75 150.897 29.7533
 64652.4 45646.7 1330.85 1887.92 62.9512
 44919.2 22353.6 10287.8 299.945 439.684
 54743.2 13410 4373.37 2012.75 144.705
 88138.4 26889.4 4392.48 1432.51 706.68
 9644.07 21320.8 4274.8 698.303 340.081
 30130.2 3821.36 5713.56 1145.56 278.266
 24013.5 13160.7 1133.02 1694.05 422.159
 8787.35 8841.88 3289.68 283.213 528.974
 26482.7 4771.38 3280.69 1220.6 301.354
 25072.8 9565.69 1169.45 804.085 373.026
 5474.12 10234.1 2668.61 326.249 328.387
 5895.83 3803.64 4875.9 1271.42 311.892
 29451.1 2826.04 1230.13 1576.9 512.057
F
 0.133972 0.190091 0.190091 0.190091 0.190091
 0.248915 0.353182 0.353182 0.353182 0.353182
 0.247177 0.350716 0.350716 0.350716 0.350716
 0.450113 0.638657 0.638657 0.638657 0.638657
 0.177547 0.251918 0.251918 0.251918 0.251918
 0.28558 0.405204 0.405204 0.405204 0.405204
 0.675393 0.958304 0.958304 0.958304 0.958304
 0.127614 0.181069 0.181069 0.181069 0.181069
 0.491281 0.69707 0.69707 0.69707 0.69707
 0.639741 0.907718 0.907718 0.907718 0.907718
 0.120622 0.171148 0.171148 0.171148 0.171148
 0.45817 0.650089 0.650089 0.650089 0.650089
 0.427384 0.606408 0.606408 0.606408 0.606408
 0.753673 1.06937 1.06937 1.06937 1.06937
 0.553671 0.785595 0.785595 0.785595 0.785595
 0.35925 0.509733 0.509733 0.509733 0.509733
 0.222575 0.315808 0.315808 0.315808 0.315808
 0.224161 0.318058 0.318058 0.318058 0.318058
 0.305186 0.433023 0.433023 0.433023 0.433023
 0.285147 0.404591 0.404591 0.404591 0.404591
 0.219112 0.310895 0.310895 0.310895 0.310895
 0.274541 0.389542 0.389542 0.389542 0.389542
 0.164729 0.233732 0.233732 0.233732 0.233732
 0.150359 0.213342 0.213342 0.213342 0.213342
 0.149968 0.212787 0.212787 0.212787 0.212787
 0.12422 0.176254 0.176254 0.176254 0.176254
 0.151809 0.2154 0.2154 0.2154 0.2154
 0.123434 0.175139 0.175139 0.175139 0.175139
 0.110709 0.157084 0.157084 0.157084 0.157084
 0.173929 0.246785 0.246785 0.246785 0.246785
 0.198423 0.281539 0.281539 0.281539 0.281539
YTP_r0W_actual
 244444 39847.2 33951.6 53930.1 19099.7
YTP_p0W_proyectada
 513450 522273 49596.2 27412.5 51713
 513450 248640 103811 8480.41 4824.5
CTP_r0_actual
 29451.1 2826.04 1230.13 1576.9 512.057
CTP_p0_proyectada
 68551.4 33329.5 2144.24 933.351 1528.61
 68551.4 15867.2 4488.16 288.744 142.61
Wmedp
 7.49 15.67 23.13 29.37 33.83
Frms_r0
 0.198423 0.281539 0.281539 0.281539 0.281539
Zrms_r0
 1.19842 1.28154 1.28154 1.28154 1.28154
nmprior
 8.19 8.8 8.5 0
nm_flota  nm_reclas  nm_pelaces    nm_pelaL
inf 14.9921 14.9639 33.6945
cv_recla  cv_pelaces  cv_mph
0.299418 0.5512 1.47256
 ------------------------------------------------
Talla a la edad & desviaci?n 
 8 13.2811 15.8009 17.003 17.5766
 0.8 1.32811 1.58009 1.7003 1.75766
