years
 1991 1992 1993 1994 1995 1996 1997 1998 1999 2000 2001 2002 2003 2004 2005 2006 2007 2008 2009 2010 2011 2012 2013 2014 2015 2016 2017 2018 2019 2020 2021
reclasobs
 0 0 0 0 0 0 0 0 0 252601 567819 844713 477998 351125 339783 2.1784e+06 2.13404e+06 4.81314e+06 1.55562e+06 2.62356e+06 3.21686e+06 3.843e+06 1.13348e+06 3.07943e+06 1.97215e+06 2.03268e+06 2.025e+06 2.42433e+06 2.27542e+06 1.05018e+06 2.36338e+06
reclaspred
 4.13837e+06 1.33329e+06 940462 506926 47334.1 1.92231e+06 606372 123413 694794 185519 250484 752955 508741 439520 288180 1.92042e+06 1.12999e+06 6.61668e+06 4.44939e+06 1.56756e+06 3.76005e+06 3.56856e+06 1.93157e+06 4.06607e+06 2.55943e+06 1.38171e+06 2.46259e+06 3.83132e+06 2.70428e+06 947711 1.48719e+06
pelacesobs
 0 0 0 0 0 0 0 0 0 0 0 0 0 0 0 552880 188675 0 991730 2.46772e+06 1.41603e+06 1.21717e+06 2.29649e+06 1.80582e+06 0 1.4828e+06 1.56532e+06 1.57751e+06 1.42118e+06 867257 1.10002e+06
pelacespred
 982831 314861 177981 64356.3 4500.29 413270 90433.4 22853.2 138646 25547.5 50508.1 130822 88833.1 80004.9 48742.1 346085 199431 1.53343e+06 993324 338365 799977 721572 394527 991074 583924 305238 645713 977826 576432 234662 333482
mphobs
 0 0 0 0 0 0 0 0 0 0 0 498337 0 5186 125008 0 168611 109162 213762 579715 649985 157893 87575 83554 0 0 0 0 0 0 0
mphpred
 882110 387041 84379.6 105385 23538.6 1312.35 184274 33599.7 7806.24 57782.9 7740.74 26636.8 66130.4 29425.1 19139.1 17015.8 221023 111321 765748 398417 166671 362579 390407 208297 427128 271511 126206 235191 505792 255812 74103
desembarqueobs
 494567 514787 250237 358949 120608 361735 552515 73892 212993 205616 52469 317467 293654 387597 252695 516296 358380 742168 942051 627588 828172 859565 418607 520667 417249 300574 415391 372974 316634 284311 391294
desembarquepred
 494502 514239 250155 358268 120421 361467 551605 73846.3 212785 205329 52443.8 317073 293181 386690 252248 515750 358165 741651 940458 626024 827415 858480 418257 520354 416851 300209 415032 372719 316398 283956 390954
Reclutas
 2543.53 1542.94 222521 5101.39 1732.41 288600 2037.88 557.316 67073.5 2648.46 39069.7 151008 56862 73987.3 42278.6 382478 5108.64 940668 196953 32974.1 413357 498488 5884.01 295300 143296 19829.4 221303 305880 11323.5 4461.97 146403
log_desv_Rt
 -2.66572 -3.16559 1.80575 -1.96976 -3.04976 2.06577 -2.88737 -4.1839 0.606514 -2.6253 0.0660723 1.41806 0.441353 0.704619 0.145006 2.3474 -1.96834 3.24732 1.68369 -0.103552 2.42504 2.61231 -1.82704 2.08872 1.36564 -0.612108 1.80026 2.12392 -1.17239 -2.10368 1.38709
SSB
 2.23535e+06 980799 213826 267055 59649 3325.63 466968 85144.9 19781.8 146428 19615.8 67500.3 167581 74566.2 48500.3 43119.8 560094 282098 1.94048e+06 1.00963e+06 422360 918810 989329 527844 1.08239e+06 688037 319819 595997 1.28173e+06 648253 187784
BT
 2.72767e+06 1.29235e+06 636607 396278 117503 1.27413e+06 698391 123432 509796 238734 162126 562859 461199 588006 362476 1.20484e+06 743571 4.20623e+06 3.17149e+06 1.42564e+06 2.57054e+06 2.42938e+06 1.27026e+06 2.78132e+06 1.74474e+06 984182 1.93145e+06 2.62592e+06 1.59378e+06 854308 1.15533e+06
Ftot
 0.231012 0.702718 0.6982 1.24866 3.01421 0.589616 1.51882 1.05542 0.915068 1.79363 0.613973 1.15438 1.26862 2.11457 2.12892 0.812408 0.612456 0.339993 0.453052 0.761775 0.597264 0.597422 0.422749 0.351341 0.360465 0.438538 0.470422 0.27062 0.233511 0.564598 0.73046
BD_Bspro_t
 0.963861 0.710536 0.353835 0.419684 0.112953 0.0106881 0.471846 0.126712 0.0492904 0.28296 0.073957 0.305832 0.335026 0.160184 0.105401 0.0998977 0.452031 0.294163 0.667246 0.477688 0.262739 0.42986 0.470775 0.359189 0.558705 0.508771 0.395747 0.568195 0.710717 0.557211 0.322135
BD_Bspro
 8.55108 3.75193 0.817967 1.02159 0.22818 0.0127218 1.78633 0.325712 0.0756728 0.560142 0.0750379 0.258215 0.641061 0.285244 0.185532 0.16495 2.14257 1.07913 7.42308 3.86221 1.61569 3.5148 3.78456 2.01921 4.14054 2.632 1.22343 2.27992 4.90309 2.47981 0.718347
BD_Bo
 1.33977 0.587847 0.128158 0.160061 0.0357509 0.00199323 0.279879 0.051032 0.0118563 0.0877621 0.0117568 0.0404567 0.10044 0.0446916 0.0290689 0.0258441 0.335695 0.169077 1.16304 0.605126 0.253144 0.550693 0.592959 0.316366 0.648733 0.412378 0.191685 0.357214 0.768209 0.388534 0.112549
BD_Brms
 6.36157 2.79124 0.608526 0.760007 0.169754 0.00946437 1.32894 0.242313 0.0562967 0.416716 0.0558243 0.192098 0.476916 0.212207 0.138026 0.122714 1.59397 0.80282 5.52239 2.87329 1.20199 2.61483 2.81552 1.50218 3.08034 1.95807 0.910169 1.69614 3.64765 1.84485 0.534413
Sel_flota
 0.603476 0.966573 0.998183 0.999904 0.999995
 0.603476 0.966573 0.998183 0.999904 0.999995
 0.603476 0.966573 0.998183 0.999904 0.999995
 0.603476 0.966573 0.998183 0.999904 0.999995
 0.603476 0.966573 0.998183 0.999904 0.999995
 0.603476 0.966573 0.998183 0.999904 0.999995
 0.603476 0.966573 0.998183 0.999904 0.999995
 0.603476 0.966573 0.998183 0.999904 0.999995
 0.603476 0.966573 0.998183 0.999904 0.999995
 0.603476 0.966573 0.998183 0.999904 0.999995
 0.603476 0.966573 0.998183 0.999904 0.999995
 0.603476 0.966573 0.998183 0.999904 0.999995
 0.603476 0.966573 0.998183 0.999904 0.999995
 0.603476 0.966573 0.998183 0.999904 0.999995
 0.603476 0.966573 0.998183 0.999904 0.999995
 0.603476 0.966573 0.998183 0.999904 0.999995
 0.603476 0.966573 0.998183 0.999904 0.999995
 0.603476 0.966573 0.998183 0.999904 0.999995
 0.603476 0.966573 0.998183 0.999904 0.999995
 0.603476 0.966573 0.998183 0.999904 0.999995
 0.603476 0.966573 0.998183 0.999904 0.999995
 0.603476 0.966573 0.998183 0.999904 0.999995
 0.603476 0.966573 0.998183 0.999904 0.999995
 0.603476 0.966573 0.998183 0.999904 0.999995
 0.603476 0.966573 0.998183 0.999904 0.999995
 0.603476 0.966573 0.998183 0.999904 0.999995
 0.603476 0.966573 0.998183 0.999904 0.999995
 0.603476 0.966573 0.998183 0.999904 0.999995
 0.603476 0.966573 0.998183 0.999904 0.999995
 0.603476 0.966573 0.998183 0.999904 0.999995
 0.603476 0.966573 0.998183 0.999904 0.999995
Sel_reclas
 1 1 1 1 1
 1 1 1 1 1
 1 1 1 1 1
 1 1 1 1 1
 1 1 1 1 1
 1 1 1 1 1
 1 1 1 1 1
 1 1 1 1 1
 1 1 1 1 1
 1 1 1 1 1
 1 1 1 1 1
 1 1 1 1 1
 1 1 1 1 1
 1 1 1 1 1
 1 1 1 1 1
 1 1 1 1 1
 1 1 1 1 1
 1 1 1 1 1
 1 1 1 1 1
 1 1 1 1 1
 1 1 1 1 1
 1 1 1 1 1
 1 1 1 1 1
 1 1 1 1 1
 1 1 1 1 1
 1 1 1 1 1
 1 1 1 1 1
 1 1 1 1 1
 1 1 1 1 1
 1 1 1 1 1
 1 1 1 1 1
Sel_pelaces
 1 1 1 1 1
 1 1 1 1 1
 1 1 1 1 1
 1 1 1 1 1
 1 1 1 1 1
 1 1 1 1 1
 1 1 1 1 1
 1 1 1 1 1
 1 1 1 1 1
 1 1 1 1 1
 1 1 1 1 1
 1 1 1 1 1
 1 1 1 1 1
 1 1 1 1 1
 1 1 1 1 1
 1 1 1 1 1
 1 1 1 1 1
 1 1 1 1 1
 1 1 1 1 1
 1 1 1 1 1
 1 1 1 1 1
 1 1 1 1 1
 1 1 1 1 1
 1 1 1 1 1
 1 1 1 1 1
 1 1 1 1 1
 1 1 1 1 1
 1 1 1 1 1
 1 1 1 1 1
 1 1 1 1 1
 1 1 1 1 1
pf_obs 
 0.8446 0.082 0.0669 0.0065 0
 0.8095 0.147 0.0364 0.0071 0
 0.9664 0.0169 0.016 0.0007 0
 0.9276 0.0648 0.0075 0.0001 0
 0.7033 0.2144 0.0806 0.0017 0
 0.9318 0.0425 0.0243 0.0014 0
 0.5671 0.3108 0.0964 0.0239 0.0018
 0.0768 0.2599 0.5324 0.112 0.0189
 0.490249 0.384438 0.106611 0.0170017 0.00170017
 0.7925 0.1577 0.0466 0.003 0.0002
 0.840416 0.127587 0.0312969 0.00059994 9.999e-05
 0.8084 0.0986 0.0794 0.0134 0.0002
 0.7335 0.1905 0.0724 0.0035 0.0001
 0.4001 0.4547 0.1325 0.0127 0
 0.49795 0.308269 0.164784 0.0264974 0.00249975
 0.9179 0.0499 0.0305 0.0017 0
 0.2467 0.6533 0.0926 0.0074 0
 0.9418 0.0223 0.034 0.0019 0
 0.707729 0.231977 0.0356964 0.0245975 0
 0.517169 0.277429 0.184464 0.0207286 0.00020938
 0.811772 0.124168 0.05621 0.00726502 0.000585176
 0.764997 0.148141 0.077277 0.00933861 0.000247198
 0.163321 0.427699 0.378323 0.0303852 0.000271297
 0.753843 0.0900009 0.118128 0.0371064 0.000921714
 0.721811 0.176058 0.0630433 0.0369309 0.00215725
 0.143369 0.312575 0.442814 0.0836902 0.0175525
 0.692698 0.0596174 0.167031 0.0765114 0.00414204
 0.394062 0.376323 0.152708 0.0712218 0.00568511
 0.125707 0.32114 0.495352 0.0537591 0.00404204
 0.23352 0.215282 0.420074 0.123614 0.00750983
 0.774587 0.0839891 0.0768558 0.0609784 0.00358967
pf_pred 
 0.0117603 0.170846 0.733801 0.0835921 5.10061e-07
 0.0250736 0.0192493 0.17012 0.705357 0.0802003
 0.950884 0.00231115 0.000967684 0.00817587 0.0376616
 0.0632524 0.91228 0.00120473 0.000482152 0.0227807
 0.170611 0.104607 0.706949 0.000880817 0.0169521
 0.998803 0.000527949 9.2409e-05 0.000562879 1.41148e-05
 0.0201008 0.979262 0.000288064 4.83017e-05 0.000300894
 0.0558561 0.0419942 0.901601 0.000248739 0.000300434
 0.979737 0.00224846 0.000842842 0.0171615 1.04225e-05
 0.124061 0.867155 0.00102132 0.000364121 0.00739852
 0.953831 0.0118563 0.0339927 3.72981e-05 0.000282346
 0.914708 0.0831302 0.00057331 0.00157405 1.47652e-05
 0.589801 0.392488 0.0172864 0.000112785 0.000311626
 0.818742 0.136841 0.0426038 0.00176987 4.3311e-05
 0.802233 0.183053 0.0113219 0.00325455 0.000137913
 0.982669 0.0158829 0.00134817 7.69987e-05 2.2972e-05
 0.0383791 0.952725 0.00818399 0.000662551 4.90032e-05
 0.96936 0.00204092 0.0283452 0.000233275 2.02351e-05
 0.31361 0.67414 0.000844859 0.0113043 0.000100899
 0.154556 0.373341 0.464016 0.000558858 0.00752818
 0.904383 0.0247098 0.0321231 0.0381217 0.000662661
 0.75096 0.235541 0.0036033 0.00448863 0.00540697
 0.0250893 0.822301 0.144677 0.00212102 0.00581113
 0.830574 0.00718301 0.137671 0.0232979 0.00127457
 0.489784 0.456801 0.00234793 0.0433463 0.00772117
 0.161355 0.519352 0.287033 0.00142076 0.0308385
 0.868899 0.0329425 0.0616976 0.0327847 0.00367645
 0.749244 0.231165 0.00507381 0.00913163 0.00538487
 0.0598585 0.781964 0.146237 0.00309694 0.00884319
 0.0734534 0.0881827 0.701415 0.12663 0.0103189
 0.916851 0.0106047 0.00717395 0.0547121 0.0106581
pobs_RECLAS
 0 0 0 0 0
 0 0 0 0 0
 0 0 0 0 0
 0 0 0 0 0
 0 0 0 0 0
 0 0 0 0 0
 0 0 0 0 0
 0 0 0 0 0
 0 0 0 0 0
 0 0 0 0 0
 0.991045 0.00858322 0.000360255 1.14367e-05 0
 0.934742 0.0480273 0.0164251 0.00080598 0
 0.827803 0.169806 0.00239088 0 0
 0.941827 0.0461693 0.0120037 0 0
 0.791401 0.0380133 0.147996 0.0225897 0
 0.846168 0.0940531 0.0597789 0 0
 0.134021 0.677848 0.182769 0.00536245 0
 0.80878 0.0450904 0.141981 0.00414843 0
 0.846168 0.0940531 0.0597789 0 0
 0.905697 0.0802665 0.012482 0.00150086 5.37128e-05
 0.989698 0.0102097 9.19794e-05 0 0
 0.975433 0.0193895 0.00387452 0.00125025 5.28907e-05
 0.303575 0.632131 0.0575291 0.00676475 0
 0.966965 0.00978017 0.0227588 0.000495775 0
 0.843318 0.132988 0.00938335 0.0141283 0.000182051
 0.564624 0.303363 0.111486 0.0197234 0.00080311
 0.826376 0.0876187 0.0782897 0.00655872 0.00115652
 0.89761 0.0855135 0.0140674 0.00269457 0.000114338
 0.34875 0.467042 0.161289 0.0227151 0.000203297
 0.318654 0.224769 0.449479 0.00709798 0
 0.937255 0.0296025 0.0250945 0.00804832 0
ppred_RECLAS
 0.0193641 0.174221 0.724075 0.0823389 5.02368e-07
 0.042218 0.0196038 0.167265 0.692215 0.0786981
 0.970716 0.00142743 0.000577029 0.00486608 0.022413
 0.104062 0.873454 0.00110938 0.000443063 0.0209315
 0.310136 0.0914915 0.583697 0.000724987 0.0139508
 0.999285 0.000321572 5.43754e-05 0.000330597 8.28929e-06
 0.0348175 0.964581 0.000272279 4.55536e-05 0.000283742
 0.0940372 0.0417643 0.863674 0.000237796 0.000287186
 0.988213 0.00135315 0.000489051 0.00993831 6.03509e-06
 0.203658 0.788712 0.000889104 0.000316235 0.00642472
 0.972117 0.00734651 0.0203453 2.22821e-05 0.000168659
 0.948211 0.0505264 0.000335389 0.000918934 8.61902e-06
 0.712544 0.275502 0.0116684 7.59704e-05 0.000209884
 0.895014 0.0801653 0.02381 0.000986619 2.41405e-05
 0.883824 0.107907 0.00636605 0.00182529 7.73371e-05
 0.989547 0.00960815 0.000786851 4.48534e-05 1.33803e-05
 0.0616149 0.929999 0.00771662 0.000623555 4.61144e-05
 0.981461 0.00127387 0.0171119 0.000140576 1.2193e-05
 0.427127 0.563 0.000682093 0.0091099 8.13045e-05
 0.236276 0.343963 0.412585 0.000495968 0.00668034
 0.941025 0.0156463 0.0196491 0.0232751 0.000404547
 0.832347 0.15887 0.00234779 0.00291923 0.00351614
 0.0404234 0.813601 0.138402 0.00202536 0.00554852
 0.891501 0.0047505 0.0880591 0.0148755 0.000813725
 0.610027 0.350413 0.00174189 0.0321004 0.00571742
 0.241036 0.476062 0.254368 0.0012568 0.027277
 0.91736 0.021308 0.038576 0.0204612 0.00229428
 0.828918 0.158134 0.003358 0.00603289 0.00355723
 0.0936945 0.757968 0.137159 0.00289958 0.00827886
 0.118306 0.0865864 0.665426 0.119911 0.00977045
 0.949647 0.00663248 0.00433103 0.032968 0.00642164
pobs_PELACES
 0 0 0 0 0
 0 0 0 0 0
 0 0 0 0 0
 0 0 0 0 0
 0 0 0 0 0
 0 0 0 0 0
 0 0 0 0 0
 0 0 0 0 0
 0 0 0 0 0
 0 0 0 0 0
 0 0 0 0 0
 0 0 0 0 0
 0 0 0 0 0
 0 0 0 0 0
 0 0 0 0 0
 0 0 0 0 0
 0.505614 0.472636 0.0217494 0 0
 0 0 0 0 0
 0.443492 0.261883 0.143347 0.151278 0
 0.227955 0.32914 0.350689 0.0885471 0.00366901
 0.970185 0.0296113 0.000203453 0 0
 0.997202 0.00247181 0.000326279 0 0
 0.445219 0.490057 0.0546422 0.010081 0
 0.90214 0.0892962 0.00764917 0.000914606 0
 0 0 0 0 0
 0.581667 0.319106 0.0959925 0.00289975 0.000334073
 0.762889 0.0836404 0.116647 0.0363945 0.000428098
 0.88444 0.0763242 0.0277011 0.0115352 0
 0.521256 0.241999 0.230069 0.00667565 0
 0.616807 0.101726 0.260614 0.0208532 0
 0.833518 0.0704572 0.0857862 0.0102388 0
ppred_PELACES
 0.0199357 0.174467 0.723351 0.0822458 5.01796e-07
 0.0460857 0.0196717 0.166619 0.689263 0.0783609
 0.973195 0.00131622 0.000528213 0.00445265 0.0205083
 0.118896 0.859286 0.00107726 0.000429931 0.0203104
 0.398658 0.0819548 0.506671 0.00062824 0.012088
 0.999336 0.000299653 5.03583e-05 0.000306071 7.6742e-06
 0.0414792 0.957933 0.000266152 4.44902e-05 0.000277106
 0.106372 0.0416305 0.85148 0.000234299 0.000282953
 0.989517 0.00121423 0.000434673 0.00882867 5.36111e-06
 0.240766 0.752099 0.000832116 0.000295664 0.00600648
 0.974163 0.00683981 0.0188211 2.06056e-05 0.000155966
 0.95461 0.0442964 0.000290515 0.000795463 7.46067e-06
 0.742753 0.246684 0.0103105 6.70812e-05 0.000185318
 0.916947 0.0637474 0.0185206 0.000766521 1.8754e-05
 0.907696 0.0858699 0.00495468 0.0014189 6.01147e-05
 0.990514 0.00872545 0.000708533 4.03703e-05 1.20427e-05
 0.0660005 0.925705 0.00763208 0.000616509 4.55925e-05
 0.982246 0.00122399 0.0163837 0.000134568 1.16717e-05
 0.440481 0.549923 0.000663109 0.00885408 7.90203e-05
 0.253967 0.337465 0.401586 0.000482538 0.0064993
 0.945118 0.014629 0.0182575 0.0216194 0.000375762
 0.842145 0.149636 0.00219759 0.00273154 0.00329001
 0.0424619 0.812418 0.137593 0.00201303 0.00551468
 0.895837 0.00457681 0.0845291 0.0142764 0.000780941
 0.620346 0.341277 0.00169011 0.0311398 0.00554627
 0.251101 0.470553 0.250278 0.00123628 0.0268313
 0.921802 0.0202377 0.036459 0.0193331 0.00216776
 0.833498 0.153935 0.0032596 0.00585522 0.00345244
 0.0961323 0.756231 0.136512 0.00288551 0.00823865
 0.126136 0.0862784 0.659165 0.118745 0.00967526
 0.953977 0.00610436 0.0039559 0.0301001 0.00586288
pobs_pel_tallas
 0 0 0 0 0 0 0 0 0 0 0 0 0 0 0 0 0 0 0 0 0 0 0 0 0 0
 0 0 0 0 0 0 0 0 0 0 0 0 0 0 0 0 0 0 0 0 0 0 0 0 0 0
 0 0 0 0 0 0 0 0 0 0 0 0 0 0 0 0 0 0 0 0 0 0 0 0 0 0
 0 0 0 0 0 0 0 0 0 0 0 0 0 0 0 0 0 0 0 0 0 0 0 0 0 0
 0 0 0 0 0 0 0 0 0 0 0 0 0 0 0 0 0 0 0 0 0 0 0 0 0 0
 0 0 0 0 0 0 0 0 0 0 0 0 0 0 0 0 0 0 0 0 0 0 0 0 0 0
 0 0 0 0 0 0 0 0 0 0 0 0 0 0 0 0 0 0 0 0 0 0 0 0 0 0
 0 0 0 0 0 0 0 0 0 0 0 0 0 0 0 0 0 0 0 0 0 0 0 0 0 0
 0 0 0 0 0 0 0 0 0 0 0 0 0 0 0 0 0 0 0 0 0 0 0 0 0 0
 0 0 0 0 0 0 0 0 0 0 0 0 0 0 0 0 0 0 0 0 0 0 0 0 0 0
 0 0 0 0 0 0 0 0 0 0 0 0 0 0 0 0 0 0 0 0 0 0 0 0 0 0
 0 0 0 0 0 0 0 0 0 0 0 0 0 0 0 0 0 0 0 0 0 0 0 0 0 0
 0.00862536 0 0 0.000197151 0.00414017 0.0128641 0.00837892 0.0270097 0.101434 0.158115 0.152841 0.127902 0.109271 0.109419 0.0830992 0.0579132 0.0238553 0.00714673 0.00463305 0.00128148 0.00103504 0.000492878 0.000147863 0.000147863 4.92878e-05 0
 0 0 0 0 0 0 0 0 0 0 0 0 0 0 0 0 0 0 0 0 0 0 0 0 0 0
 0 0 0 0 0 0 0 0.0054083 0.00873648 0.0413646 0.0450493 0.0745869 0.0622846 0.0627006 0.0613931 0.0827291 0.12552 0.122667 0.0946155 0.0697135 0.0546179 0.0294188 0.0215738 0.0213955 0.0102223 0.00600262
 0 0 0 0 0.00359764 0.0251062 0.0480494 0.140153 0.205849 0.193036 0.1447 0.116669 0.0760912 0.0342217 0.00950174 0.001854 0.000860785 0 0 0 0.000165536 0 0.000143464 0 0 0
 0 0 0 0 0 0 0 0.000145254 0.000435761 0.0275982 0.070085 0.0708112 0.156366 0.174668 0.174014 0.160142 0.0824315 0.0480064 0.0283245 0.00493863 0.00203355 0 0 0 0 0
 0 0 0 0 0 0 0 0 0 0 0 0 0 0 0 0 0 0 0 0 0 0 0 0 0 0
 0 0 1.00437e-05 0.000401748 0.00122533 0.00171747 0.00176769 0.0269171 0.070346 0.194647 0.189555 0.159765 0.064822 0.0314167 0.0384472 0.0292271 0.0345202 0.0313363 0.0194345 0.0106764 0.0143323 0.0359363 0.0279516 0.0138201 0.00172751 0
 0 0.0021121 0.0136068 0.0755702 0.200478 0.177729 0.0527432 0.0373336 0.0318909 0.0142505 0.0149659 0.0166563 0.0217959 0.0798694 0.0677717 0.0528807 0.04013 0.0224614 0.0357745 0.0225083 0.00881397 0.00855152 0.00135912 0.000746735 0 0
 0 0 0 0 5.4009e-05 0.00500934 0.000945158 0.0243581 0.138947 0.33067 0.221406 0.137944 0.0707744 0.0437923 0.0131692 0.00525238 0.0047753 0.00276346 9.45158e-05 9.00151e-06 2.25038e-05 9.00151e-06 4.50075e-06 0 0 0
 0.000866109 0.00284123 0.00948549 0.0512746 0.133035 0.25785 0.225252 0.132002 0.0553304 0.0519788 0.0540692 0.017754 0.00435017 0.00159236 0.00146478 0.000404838 0.000125132 0.000115318 0.000107957 0.000100596 0 0 0 0 0 0
 0 0 0 0 0.00144013 0.00171154 0.00461396 0.0210425 0.0478622 0.0707936 0.0888783 0.103762 0.0637923 0.0337046 0.0602308 0.124433 0.169614 0.0934646 0.0462172 0.0250306 0.0313229 0.00938855 0.002487 0.000210481 0 0
 0 0.00764035 0.051015 0.0998891 0.058973 0.0496711 0.0374665 0.0718981 0.12319 0.153886 0.159021 0.0857701 0.0377988 0.023471 0.0147837 0.00900784 0.00315554 0.000888139 0.00291439 0.00214683 0.00393193 0.00274676 0.000635225 9.99891e-05 0 0
 0 0 0 0 0 0 0 0 0 0 0 0 0 0 0 0 0 0 0 0 0 0 0 0 0 0
 0 0 0 0 0 0 0 0 0 0 0 0 0 0 0 0 0 0 0 0 0 0 0 0 0 0
 0 0 0 0 0 0 0 0 0 0 0 0 0 0 0 0 0 0 0 0 0 0 0 0 0 0
 0 0 0 0 0 0 0 0 0 0 0 0 0 0 0 0 0 0 0 0 0 0 0 0 0 0
 0 0 0 0 0 0 0 0 0 0 0 0 0 0 0 0 0 0 0 0 0 0 0 0 0 0
 0 0 0 0 0 0 0 0 0 0 0 0 0 0 0 0 0 0 0 0 0 0 0 0 0 0
 0 0 0 0 0 0 0 0 0 0 0 0 0 0 0 0 0 0 0 0 0 0 0 0 0 0
ppred_pel_tallas
 1.29168e-16 1.64211e-06 1.59619e-05 0.000106074 0.000482206 0.00150042 0.00319745 0.00467052 0.00468844 0.00328554 0.00179938 0.00135982 0.00236222 0.0051172 0.0102054 0.018213 0.0293654 0.0434452 0.0600059 0.0785099 0.0979956 0.116427 0.130503 0.13656 0.132257 0.117925
 1.87198e-16 3.79603e-06 3.68987e-05 0.000245205 0.00111467 0.00346816 0.00738937 0.0107855 0.0107879 0.0074014 0.00351019 0.00124346 0.000597412 0.000905433 0.00195957 0.00407846 0.0079768 0.0147611 0.0259032 0.0429653 0.066949 0.0973873 0.131606 0.164704 0.190562 0.203657
 1.03933e-16 8.01607e-05 0.000779191 0.005178 0.0235384 0.0732368 0.156039 0.227743 0.227743 0.156039 0.073239 0.0235449 0.00519474 0.000817215 0.000157158 0.000146831 0.000240332 0.000389798 0.000621311 0.000984965 0.00154241 0.00234108 0.0033779 0.00456984 0.00575074 0.00670475
 1.03731e-16 9.79351e-06 9.51965e-05 0.000632618 0.00287584 0.00894825 0.0190683 0.027848 0.0279306 0.0194719 0.010303 0.00678641 0.0104393 0.0214724 0.040518 0.0667317 0.0955749 0.119032 0.128955 0.121625 0.100066 0.0721765 0.0462374 0.02719 0.0158074 0.0102053
 1.16752e-16 3.28369e-05 0.000319187 0.00212111 0.00964226 0.0300007 0.0639199 0.0932948 0.0933035 0.0639626 0.0301462 0.0100724 0.00323749 0.00287709 0.00524373 0.00953426 0.0158587 0.0243535 0.0350012 0.0475088 0.0609998 0.0736981 0.0830482 0.0865257 0.0828008 0.0724971
 1.00034e-16 8.2314e-05 0.000800121 0.00531709 0.0241707 0.075204 0.16023 0.233861 0.233861 0.16023 0.0752045 0.0241721 0.00532055 0.000807714 9.68165e-05 2.99949e-05 3.57507e-05 4.60046e-05 5.358e-05 5.75813e-05 5.94393e-05 6.16797e-05 6.60781e-05 7.23771e-05 7.84048e-05 8.13303e-05
 1.00304e-16 3.41679e-06 3.32125e-05 0.000220713 0.00100339 0.0031224 0.00665601 0.00973395 0.00982606 0.00710596 0.00463257 0.00536241 0.0111517 0.0238596 0.0451483 0.0743563 0.106461 0.132507 0.143372 0.134859 0.110282 0.078413 0.0484903 0.0260992 0.0122522 0.00504762
 1.24654e-16 8.76175e-06 8.51673e-05 0.000565967 0.00257281 0.00800499 0.0170557 0.0248943 0.0248996 0.0170823 0.00809803 0.00285809 0.00134437 0.00199001 0.00422667 0.00853271 0.0159038 0.0274823 0.0441218 0.0657037 0.0903715 0.114224 0.132041 0.139087 0.133161 0.115685
 1.009e-16 8.15052e-05 0.00079226 0.00526484 0.0239332 0.0744651 0.158656 0.231563 0.231563 0.158656 0.0744671 0.023939 0.00527968 0.000825414 0.000146914 0.000120781 0.000183704 0.000271642 0.000385186 0.000537486 0.000746202 0.00102088 0.0013478 0.00168281 0.00195948 0.00211097
 1.01263e-16 1.98318e-05 0.000192772 0.00128104 0.00582347 0.0181194 0.0386079 0.0563645 0.0564368 0.0389612 0.0193051 0.00924603 0.00986378 0.0189012 0.035469 0.0583923 0.0836137 0.104095 0.112685 0.106103 0.0869622 0.0621588 0.0389405 0.0216697 0.0111003 0.00568723
 1.00574e-16 8.02405e-05 0.000779966 0.00518315 0.0235618 0.0733096 0.156194 0.22797 0.22797 0.156197 0.073321 0.0235951 0.00526791 0.000969335 0.000452529 0.000653934 0.00101021 0.00142749 0.00186371 0.00229042 0.00268747 0.0030231 0.00323899 0.00326446 0.00305602 0.00263194
 1.00101e-16 7.863e-05 0.000764311 0.00507912 0.0230889 0.0718383 0.153059 0.223395 0.2234 0.15308 0.0719081 0.0232906 0.00558476 0.00186659 0.00216757 0.00344722 0.00493072 0.00614273 0.0066586 0.00628567 0.00517785 0.00373938 0.00239361 0.00139282 0.000777149 0.000453357
 1.00399e-16 6.11797e-05 0.000594688 0.00395191 0.0179648 0.0558954 0.119092 0.173823 0.173847 0.119208 0.0562846 0.0190885 0.00677047 0.00674087 0.011714 0.0192162 0.027552 0.0343855 0.0373793 0.0354535 0.0294379 0.0215401 0.0140714 0.00840951 0.0047871 0.00273117
 1.00631e-16 7.55277e-05 0.000734156 0.00487873 0.022178 0.069004 0.14702 0.214582 0.214588 0.147051 0.0691051 0.0224702 0.00561281 0.00233883 0.0031294 0.0050702 0.00733363 0.00929792 0.0103801 0.0103035 0.00924664 0.00770004 0.00615446 0.00486924 0.00385727 0.00301915
 1.00318e-16 7.47658e-05 0.00072675 0.00482951 0.0219543 0.0683079 0.145537 0.212418 0.212426 0.145578 0.0684434 0.0223456 0.00581126 0.00286801 0.0041358 0.00670423 0.00961579 0.0120189 0.0131014 0.0124902 0.0104732 0.007812 0.0052987 0.00339717 0.00217432 0.00145765
 1.00029e-16 8.15873e-05 0.000793058 0.00527015 0.0239573 0.0745401 0.158816 0.231796 0.231797 0.15882 0.0745539 0.0239971 0.00536997 0.00101082 0.000494702 0.000687505 0.000979565 0.00122547 0.00133831 0.00127979 0.0010785 0.00081081 0.00055611 0.000360896 0.000232167 0.000153476
 1.00527e-16 5.43657e-06 5.28455e-05 0.000351181 0.00159647 0.0049677 0.0105875 0.0154714 0.0155604 0.0110224 0.0064273 0.00580969 0.010917 0.0230853 0.0436514 0.0719017 0.102979 0.128242 0.138885 0.130855 0.107338 0.0767718 0.0480346 0.0264782 0.0130586 0.00594897
 1.00489e-16 8.09063e-05 0.000786438 0.00522616 0.0237574 0.0739179 0.15749 0.229861 0.229861 0.157491 0.0739204 0.0237648 0.00524597 0.000833648 0.000182104 0.000202961 0.000353939 0.000588719 0.00091507 0.0013289 0.00179616 0.00224569 0.00258079 0.00271208 0.00259663 0.00225993
 1.01062e-16 3.62819e-05 0.000352673 0.00234364 0.0106539 0.0331485 0.0706282 0.103095 0.103148 0.0708866 0.0340155 0.0131566 0.00861979 0.0140338 0.0259611 0.0427095 0.0611659 0.0761738 0.0825116 0.0777883 0.0639196 0.045939 0.029124 0.0166297 0.00896986 0.00498934
 1.12824e-16 2.0919e-05 0.00020334 0.00135127 0.00614268 0.0191123 0.0407221 0.059442 0.0594751 0.0408839 0.0196573 0.00772361 0.00534548 0.00900811 0.0169919 0.0287043 0.0428439 0.0569725 0.0684762 0.0759215 0.0795489 0.0804405 0.0791995 0.0754245 0.0683701 0.0580179
 1.02763e-16 7.78481e-05 0.000756712 0.00502862 0.0228594 0.0711239 0.151537 0.221173 0.221175 0.151544 0.0711478 0.0229286 0.00520408 0.00114542 0.000833034 0.0012994 0.00197358 0.00271852 0.00345788 0.00417525 0.00491469 0.00572049 0.00655801 0.00728551 0.00770502 0.00765707
 1.00933e-16 6.93664e-05 0.000674266 0.00448074 0.0203688 0.0633749 0.135028 0.19708 0.197094 0.135098 0.0636109 0.0210501 0.00618942 0.00439964 0.00713078 0.011643 0.0166823 0.0208055 0.0225972 0.021415 0.0177839 0.0130696 0.00869381 0.00549134 0.00357316 0.00259725
 1.05314e-16 3.4977e-06 3.3999e-05 0.000225939 0.00102713 0.00319621 0.00681277 0.00995985 0.0100382 0.00719552 0.00448144 0.0047396 0.00954581 0.0203827 0.0386587 0.0639271 0.0921347 0.115941 0.127825 0.124253 0.107729 0.0850106 0.063022 0.0456694 0.033401 0.0247861
 1.04005e-16 7.37889e-05 0.000717254 0.00476641 0.0216674 0.0674153 0.143635 0.20964 0.209641 0.143638 0.0674254 0.0216981 0.00485011 0.000921575 0.00052516 0.000916845 0.00169977 0.00294452 0.00475501 0.00714915 0.00996941 0.0128349 0.0151953 0.0165022 0.0164251 0.0149925
 1.04198e-16 5.10972e-05 0.000496683 0.00330063 0.0150042 0.0466839 0.0994662 0.145181 0.145213 0.0996265 0.0472222 0.0165583 0.0071987 0.00899658 0.0161663 0.0265748 0.0381176 0.0476138 0.05188 0.0494992 0.0417129 0.0316503 0.0225125 0.0160915 0.0124741 0.0107078
 1.12008e-16 2.0683e-05 0.000201046 0.00133602 0.00607339 0.0188968 0.0402634 0.0587751 0.0588208 0.0404865 0.0196468 0.00824324 0.00679617 0.0121652 0.0228733 0.0381206 0.055699 0.0716755 0.0819823 0.0846394 0.0807552 0.0734294 0.0655447 0.0582937 0.0513335 0.0439282
 1.03364e-16 7.59277e-05 0.000738044 0.00490456 0.0222954 0.0693693 0.147799 0.215717 0.215719 0.147809 0.0694026 0.0223922 0.00515039 0.00128448 0.0011427 0.00184553 0.00283253 0.0039475 0.00508626 0.00620841 0.00733534 0.00847429 0.00953033 0.0102952 0.0105345 0.0101109
 1.01305e-16 6.86542e-05 0.000667343 0.00443473 0.0201596 0.0627242 0.133641 0.195056 0.195071 0.133713 0.062967 0.0208607 0.00619315 0.00450164 0.00733804 0.0119899 0.0171897 0.0214611 0.0233554 0.0222182 0.0185927 0.013879 0.0095252 0.00636739 0.00449366 0.00353085
 1.05817e-16 7.91845e-06 7.69702e-05 0.000511498 0.00232524 0.00723507 0.0154178 0.022518 0.0225909 0.0157741 0.00843171 0.00578198 0.00919008 0.0190278 0.0360144 0.0595649 0.0858892 0.108171 0.119428 0.11638 0.10135 0.0805896 0.0604858 0.0446107 0.0333313 0.025296
 1.3259e-16 1.03897e-05 0.000100991 0.000671122 0.00305083 0.00949231 0.0202247 0.0295205 0.0295299 0.0202709 0.0096505 0.0035211 0.00190202 0.00295526 0.00592192 0.0110564 0.0189223 0.0300623 0.044859 0.0632559 0.0842208 0.105254 0.122532 0.132023 0.131123 0.119869
 1.04127e-16 7.85778e-05 0.000763804 0.00507575 0.0230736 0.0717906 0.152957 0.223246 0.223247 0.15296 0.0718006 0.0231028 0.00514993 0.000929221 0.000403575 0.000573255 0.000895328 0.00130301 0.00180509 0.00245188 0.00331914 0.00445571 0.0058172 0.0072321 0.00843165 0.00913686
pSPR Fmed_Fpbrs
0.366186   0.260604 0.260604
Fs Fmed_Fpbrs
0.700405   1.005 1.005
SSBpbr Bo_Bmed_Bpbrs
1.66846e+06  527544  351384 351384
Ro
36571.7
SPR SPRFo_SPRFmed_SPRFpbrs
261412 95725.4 68125
Fref
1.005
Nvult_r0
 111745 955.506 634.389 4833.35 941.504
CTP_r0
 34188.1 395.435 267.506 2040.14 397.426
YTP_r0
390954
Np
 121785 34658.8 211.999 136.847 1225.5
Nvult_p0
 97356.4 29832.2 183.399 118.417 1060.48
CTP_p0
 36754.6 14699.7 91.8448 59.3534 531.559
YTP_p0
 535326
CBA_c0
434265
log_Ro
10.327
likeval ReclasPelacesDesembMPH_pf_preclas_ppelaces_ptallas_desvR_qrecl_qpela
 21.4531 87.1727 0.239243 0.00112841 394.792 142.172 128.702 0 186.892 2.54674e-05 0 0.0208076 0 0 0
q_reclas_q_pelaces
2.04442 1
M
1
N
 2543.53 23864.7 99546 11322.2 0.06908
 1542.94 813.95 7022.43 29079.3 3306.14
 222521 371.434 151.816 1281.03 5900.59
 5101.39 53714 69.5822 27.8195 1314.35
 1732.41 883.359 5910.62 7.36043 141.654
 288600 103.365 17.6419 107.315 2.69087
 2037.88 74382.6 21.5066 3.60287 22.4429
 557.316 299.793 6303.92 1.73725 2.09817
 67073.5 108.441 39.7635 808.694 0.491105
 2648.46 14204.6 16.4731 5.86817 119.229
 39069.7 330.074 923.013 1.01142 7.65589
 151008 9922.74 67.0788 183.972 1.72563
 56862 27679.6 1196.07 7.79583 21.5388
 73987.3 9728.34 2987.62 124.024 3.03491
 42278.6 7597.35 463.547 133.153 5.64221
 382478 4303.93 357.022 20.3658 6.07558
 5108.64 86177.1 722.005 58.3736 4.31709
 940668 1298.66 17538.9 144.126 12.5011
 196953 281861 343.937 4595.35 41.0137
 32974.1 55122.5 66920.4 80.4978 1084.29
 413357 7659.98 9710.87 11508.8 200.041
 498488 106047 1582.03 1968.1 2370.59
 5884.01 127875 21898.7 320.579 878.25
 295300 1677.19 31262.9 5282.74 288.982
 143296 87879.4 439.342 8098.91 1442.52
 19829.4 42409.9 22818 112.783 2447.84
 221303 5598.62 10211.4 5418.44 607.574
 305880 61291.8 1307.12 2348.88 1385.01
 11323.5 95571.9 17358.3 367.032 1047.96
 4461.97 3618.16 28055.2 5058.07 412.145
 146403 1167.51 771.236 5874.38 1144.27
pred_Ctot
 211.619 3074.26 13204.3 1504.18 0.00917821
 348.861 267.825 2366.96 9813.98 1115.87
 50041.4 121.627 50.9256 430.265 1981.99
 1812.59 26142.7 34.5232 13.8168 652.815
 1051.17 644.502 4355.64 5.42688 104.445
 56218.9 29.7163 5.20136 31.6824 0.794472
 831.212 40494.7 11.9121 1.99738 12.4427
 174.656 131.311 2819.21 0.777781 0.939424
 18808.7 43.1652 16.1807 329.462 0.200088
 1205.07 8423.09 9.9206 3.53689 71.8654
 7879.84 97.9476 280.822 0.308129 2.33253
 50638.6 4602.13 31.7387 87.1399 0.817406
 20437.9 13600.5 599.011 3.90824 10.7985
 37221.6 6221.06 1936.85 80.4619 1.969
 21353.7 4872.47 301.366 86.6292 3.67095
 97477.2 1575.53 133.734 7.638 2.27874
 1028.17 25523.3 219.247 17.7496 1.31278
 112160 236.145 3279.67 26.9911 2.3413
 30451.6 65459 82.0359 1097.65 9.79726
 7972.27 19257.5 23934.7 28.8268 388.316
 81419.1 2224.56 2891.95 3431.99 59.6576
 98209.7 30803.7 471.236 587.018 707.117
 855.09 28025.6 4930.88 72.2882 198.054
 36285.1 313.803 6014.4 1017.81 55.6818
 18025 16811.2 86.4085 1595.23 284.154
 2978.01 9585.28 5297.54 26.2219 569.162
 35381.1 1341.4 2512.29 1334.98 149.703
 29524.2 9109.14 199.935 359.835 212.193
 951.714 12432.7 2325.08 49.2394 140.601
 837.232 1005.12 7994.82 1443.35 117.616
 34188.1 395.435 267.506 2040.14 397.426
F
 0.13941 0.22329 0.230592 0.23099 0.231011
 0.424073 0.679228 0.701441 0.702651 0.702714
 0.421347 0.674862 0.696932 0.698133 0.698197
 0.753536 1.20692 1.24639 1.24854 1.24865
 1.819 2.91346 3.00873 3.01392 3.0142
 0.355819 0.569908 0.588545 0.58956 0.589614
 0.91657 1.46805 1.51606 1.51867 1.51881
 0.636923 1.02014 1.05351 1.05532 1.05542
 0.552221 0.884481 0.913406 0.914981 0.915064
 1.08241 1.73368 1.79038 1.79346 1.79362
 0.370518 0.59345 0.612857 0.613914 0.61397
 0.696638 1.11579 1.15228 1.15427 1.15437
 0.765584 1.22622 1.26632 1.2685 1.26862
 1.27609 2.04389 2.11073 2.11437 2.11456
 1.28475 2.05776 2.12505 2.12872 2.12891
 0.490268 0.785252 0.810932 0.81233 0.812404
 0.369602 0.591983 0.611343 0.612397 0.612453
 0.205177 0.328628 0.339375 0.33996 0.339991
 0.273406 0.437908 0.452229 0.453009 0.45305
 0.459713 0.736312 0.760391 0.761702 0.761772
 0.360434 0.5773 0.596179 0.597207 0.597261
 0.36053 0.577452 0.596337 0.597365 0.597419
 0.255119 0.408618 0.421981 0.422709 0.422747
 0.212026 0.339597 0.350703 0.351307 0.351339
 0.217532 0.348416 0.35981 0.360431 0.360463
 0.264647 0.423879 0.437741 0.438496 0.438535
 0.283888 0.454697 0.469567 0.470376 0.470419
 0.163313 0.261574 0.270128 0.270594 0.270619
 0.140918 0.225705 0.233087 0.233488 0.23351
 0.340721 0.545726 0.563572 0.564544 0.564595
 0.440815 0.706043 0.729133 0.73039 0.730456
YTP_r0W_actual
 290599 6445.59 7730.94 70996.8 15181.7
YTP_p0W_proyectada
 276395 236960 2147.33 1750.93 18073
CTP_r0_actual
 34188.1 395.435 267.506 2040.14 397.426
CTP_p0_proyectada
 36754.6 14699.7 91.8448 59.3534 531.559
Wmedp
 7.52 16.12 23.38 29.5 34
Frms_r0
 0.440815 0.706043 0.729133 0.73039 0.730456
Zrms_r0
 1.44081 1.70604 1.72913 1.73039 1.73046
nmprior
 8.19 8.8 8.5 0
nm_flota  nm_reclas  nm_pelaces    nm_pelaL
inf 7.68851 4.9541 8.00672
cv_recla  cv_pelaces  cv_mph
0.418958 1.05867 1.03667
 ------------------------------------------------
Talla a la edad & desviaci?n 
 8 13.2811 15.8009 17.003 17.5766
 0.8 1.32811 1.58009 1.7003 1.75766
