years
 1991 1992 1993 1994 1995 1996 1997 1998 1999 2000 2001 2002 2003 2004 2005 2006 2007 2008 2009 2010 2011 2012 2013 2014 2015 2016 2017 2018 2019 2020 2021
reclasobs
 0 0 0 0 0 0 0 0 0 252601 567819 844713 477998 351125 339783 2.1784e+06 2.13404e+06 4.81314e+06 1.55562e+06 2.62356e+06 3.21686e+06 3.843e+06 1.13348e+06 3.07943e+06 1.97215e+06 2.03268e+06 2.025e+06 2.42433e+06 2.27542e+06 1.05018e+06 2.36338e+06
reclaspred
 2.11203e+06 926947 412184 366772 105375 515176 336177 79841.7 173733 74686.3 193182 243745 390980 168763 121074 749163 1.27799e+06 1.04383e+06 1.53414e+06 1.22554e+06 1.94615e+06 1.60231e+06 1.00417e+06 1.78283e+06 1.71572e+06 958757 980371 1.93607e+06 2.50551e+06 1.08588e+06 509478
pelacesobs
 0 0 0 0 0 0 0 0 0 0 0 0 0 0 0 552880 188675 0 991730 2.46772e+06 1.41603e+06 1.21717e+06 2.29649e+06 1.80582e+06 0 1.4828e+06 1.56532e+06 1.57751e+06 1.42118e+06 867257 1.10002e+06
pelacespred
 847762 430165 190607 111335 39865.4 228398 108082 32531.9 70768.6 19347.2 85197.6 80303.9 173913 52556.4 47012.6 294073 510196 410717 737689 562905 818701 732730 447878 912337 864955 474423 536627 1.04638e+06 1.12558e+06 609992 245737
mphobs
 0 0 0 0 0 0 0 0 0 0 0 498337 0 5186 125008 0 168611 109162 213762 579715 649985 157893 87575 83554 0 0 0 0 0 0 0
mphpred
 1.91991e+06 1.18052e+06 361338 381561 140603 42816.6 509901 107840 28805 136048 15596.9 239903 130218 291558 41536.4 85081 977381 957487 524298 1.48331e+06 854842 1.55152e+06 1.10699e+06 566858 1.79162e+06 1.08296e+06 498132 823637 2.3478e+06 1.38835e+06 525552
desembarqueobs
 494567 514787 250237 358949 120608 361735 552515 73892 212993 205616 52469 317467 293654 387597 252695 516296 358380 742168 942051 627588 828172 859565 418607 520667 417249 300574 415391 372974 316634 284311 391294
desembarquepred
 494594 516649 248094 359720 120793 360975 551010 73746.2 212476 205699 52448.5 317613 293476 386579 252002 515446 358133 741742 941922 627345 830436 856407 419003 520432 416047 298922 414855 373666 316869 283936 390621
Reclutas
 243.272 622.177 227090 2384.27 7231.39 292496 1474.58 305.969 64059.3 1532.91 114442 51453.9 206483 8450.97 57309.2 529432 113394 134150 870467 17528.9 534067 363241 11039.6 479394 140714 15972.4 267205 537691 27445.9 7517.03 75438.4
log_desv_Rt
 -5.01285 -4.07381 1.82607 -2.73038 -1.62084 2.07918 -3.2109 -4.78355 0.560535 -3.17211 1.14079 0.341411 1.73094 -1.46499 0.449187 2.67253 1.13159 1.29968 3.16975 -0.735425 2.68125 2.29579 -1.19778 2.57325 1.34746 -0.82841 1.98874 2.68801 -0.287059 -1.5821 0.724041
SSB
 1.91991e+06 1.18052e+06 361338 381561 140603 42816.6 509901 107840 28805 136048 15596.9 239903 130218 291558 41536.4 85081 977381 957487 524298 1.48331e+06 854842 1.55152e+06 1.10699e+06 566858 1.79162e+06 1.08296e+06 498132 823637 2.3478e+06 1.38835e+06 525552
BT
 2.33444e+06 1.50443e+06 826619 520687 211173 1.34274e+06 743168 146889 501533 225479 419620 495739 975902 504322 448496 1.69888e+06 1.66119e+06 1.79505e+06 3.89466e+06 1.92361e+06 3.68607e+06 2.87773e+06 1.43808e+06 4.14685e+06 2.57466e+06 1.42734e+06 2.46649e+06 4.32898e+06 2.89096e+06 1.73132e+06 1.15662e+06
Ftot
 0.220258 0.507878 0.553157 0.853637 0.982762 0.650291 1.32209 0.809179 1.09964 1.96341 0.257421 1.10979 0.688904 1.72755 1.75294 0.638422 0.26306 0.641313 0.569182 0.468845 0.398068 0.491273 0.385828 0.275673 0.22818 0.291291 0.395732 0.183223 0.120103 0.245359 0.691556
BD_Bspro_t
 0.965372 0.739729 0.442413 0.470851 0.23755 0.1231 0.499758 0.156758 0.0705715 0.269222 0.0612261 0.563811 0.311331 0.408304 0.0922885 0.177757 0.594074 0.553334 0.401315 0.591009 0.409503 0.546117 0.50092 0.40079 0.69249 0.632184 0.514216 0.652981 0.821643 0.733458 0.546952
BD_Bspro
 7.3444 4.51593 1.38226 1.45961 0.53786 0.16379 1.95056 0.412528 0.11019 0.520437 0.0596641 0.91772 0.498133 1.11532 0.158892 0.325467 3.73885 3.66275 2.00564 5.67423 3.27009 5.93517 4.23464 2.16845 6.85361 4.14275 1.90554 3.15072 8.98123 5.31099 2.01044
BD_Bo
 1.14016 0.70106 0.214584 0.226593 0.0834983 0.025427 0.302809 0.0640416 0.0171061 0.0807935 0.00926236 0.142469 0.0773311 0.173144 0.0246667 0.0505261 0.580426 0.568612 0.311359 0.880877 0.507655 0.921387 0.657393 0.336634 1.06397 0.643127 0.29582 0.489124 1.39426 0.824487 0.312104
BD_Brms
 4.83995 2.97599 0.910905 0.961883 0.354449 0.107937 1.28542 0.271855 0.072615 0.342967 0.0393185 0.604776 0.328269 0.734994 0.10471 0.214482 2.4639 2.41375 1.32171 3.73931 2.15499 3.91127 2.79062 1.429 4.51652 2.73006 1.25575 2.07632 5.91861 3.49993 1.32488
Sel_flota
 0.5 1 1 1 1
 0.5 1 1 1 1
 0.5 1 1 1 1
 0.5 1 1 1 1
 0.5 1 1 1 1
 0.5 1 1 1 1
 0.5 1 1 1 1
 0.5 1 1 1 1
 0.5 1 1 1 1
 0.5 1 1 1 1
 0.5 1 1 1 1
 0.5 1 1 1 1
 0.5 1 1 1 1
 0.5 1 1 1 1
 0.5 1 1 1 1
 0.5 1 1 1 1
 0.5 1 1 1 1
 0.5 1 1 1 1
 0.5 1 1 1 1
 0.5 1 1 1 1
 0.5 1 1 1 1
 0.5 1 1 1 1
 0.5 1 1 1 1
 0.5 1 1 1 1
 0.5 1 1 1 1
 0.5 1 1 1 1
 0.5 1 1 1 1
 0.5 1 1 1 1
 0.5 1 1 1 1
 0.5 1 1 1 1
 0.5 1 1 1 1
Sel_reclas
 0.5 1 1 1 1
 0.5 1 1 1 1
 0.5 1 1 1 1
 0.5 1 1 1 1
 0.5 1 1 1 1
 0.5 1 1 1 1
 0.5 1 1 1 1
 0.5 1 1 1 1
 0.5 1 1 1 1
 0.5 1 1 1 1
 0.5 1 1 1 1
 0.5 1 1 1 1
 0.5 1 1 1 1
 0.5 1 1 1 1
 0.5 1 1 1 1
 0.5 1 1 1 1
 0.5 1 1 1 1
 0.5 1 1 1 1
 0.5 1 1 1 1
 0.5 1 1 1 1
 0.5 1 1 1 1
 0.5 1 1 1 1
 0.5 1 1 1 1
 0.5 1 1 1 1
 0.5 1 1 1 1
 0.5 1 1 1 1
 0.5 1 1 1 1
 0.5 1 1 1 1
 0.5 1 1 1 1
 0.5 1 1 1 1
 0.5 1 1 1 1
Sel_pelaces
 0.5 1 1 1 1
 0.5 1 1 1 1
 0.5 1 1 1 1
 0.5 1 1 1 1
 0.5 1 1 1 1
 0.5 1 1 1 1
 0.5 1 1 1 1
 0.5 1 1 1 1
 0.5 1 1 1 1
 0.5 1 1 1 1
 0.5 1 1 1 1
 0.5 1 1 1 1
 0.5 1 1 1 1
 0.5 1 1 1 1
 0.5 1 1 1 1
 0.5 1 1 1 1
 0.5 1 1 1 1
 0.5 1 1 1 1
 0.5 1 1 1 1
 0.5 1 1 1 1
 0.5 1 1 1 1
 0.5 1 1 1 1
 0.5 1 1 1 1
 0.5 1 1 1 1
 0.5 1 1 1 1
 0.5 1 1 1 1
 0.5 1 1 1 1
 0.5 1 1 1 1
 0.5 1 1 1 1
 0.5 1 1 1 1
 0.5 1 1 1 1
pf_obs 
 0.8446 0.082 0.0669 0.0065 0
 0.8095 0.147 0.0364 0.0071 0
 0.9664 0.0169 0.016 0.0007 0
 0.9276 0.0648 0.0075 0.0001 0
 0.7033 0.2144 0.0806 0.0017 0
 0.9318 0.0425 0.0243 0.0014 0
 0.5671 0.3108 0.0964 0.0239 0.0018
 0.0768 0.2599 0.5324 0.112 0.0189
 0.490249 0.384438 0.106611 0.0170017 0.00170017
 0.7925 0.1577 0.0466 0.003 0.0002
 0.840416 0.127587 0.0312969 0.00059994 9.999e-05
 0.8084 0.0986 0.0794 0.0134 0.0002
 0.7335 0.1905 0.0724 0.0035 0.0001
 0.4001 0.4547 0.1325 0.0127 0
 0.49795 0.308269 0.164784 0.0264974 0.00249975
 0.9179 0.0499 0.0305 0.0017 0
 0.2467 0.6533 0.0926 0.0074 0
 0.9418 0.0223 0.034 0.0019 0
 0.707729 0.231977 0.0356964 0.0245975 0
 0.517169 0.277429 0.184464 0.0207286 0.00020938
 0.811772 0.124168 0.05621 0.00726502 0.000585176
 0.764997 0.148141 0.077277 0.00933861 0.000247198
 0.163321 0.427699 0.378323 0.0303852 0.000271297
 0.753843 0.0900009 0.118128 0.0371064 0.000921714
 0.721811 0.176058 0.0630433 0.0369309 0.00215725
 0.143369 0.312575 0.442814 0.0836902 0.0175525
 0.692698 0.0596174 0.167031 0.0765114 0.00414204
 0.394062 0.376323 0.152708 0.0712218 0.00568511
 0.125707 0.32114 0.495352 0.0537591 0.00404204
 0.23352 0.215282 0.420074 0.123614 0.00750983
 0.774587 0.0839891 0.0768558 0.0609784 0.00358967
pf_pred 
 0.000507785 0.997645 0.00180693 4.00879e-05 3.72154e-07
 0.00462019 0.00107871 0.992463 0.00179755 4.02499e-05
 0.884154 0.00124263 0.000124198 0.114268 0.000211595
 0.0204469 0.928241 0.000550403 5.50112e-05 0.0507066
 0.281122 0.0372489 0.645923 0.000383002 0.0353228
 0.981331 0.00965009 0.000467306 0.00810343 0.000447947
 0.0116788 0.980695 0.00394211 0.000190897 0.00349328
 0.0218419 0.034406 0.93647 0.00376434 0.00351804
 0.965801 0.00186218 0.00113741 0.0309584 0.000240745
 0.0703568 0.918234 0.00062124 0.000379451 0.0104083
 0.984927 0.00345303 0.0114773 7.76507e-06 0.000134839
 0.456687 0.53949 0.000875731 0.00291079 3.61663e-05
 0.884297 0.0817137 0.0337506 5.47859e-05 0.000184362
 0.0897902 0.864553 0.0322441 0.0133179 9.43672e-05
 0.883468 0.0304509 0.0817629 0.0030494 0.00126843
 0.970474 0.0284877 0.000271185 0.000728153 3.84532e-05
 0.294353 0.696946 0.0083954 7.99189e-05 0.00022592
 0.495714 0.239219 0.261799 0.00315362 0.000114885
 0.905386 0.0667678 0.0132096 0.0144564 0.000180486
 0.0367888 0.922739 0.0285606 0.00565053 0.00626109
 0.820975 0.0144976 0.157614 0.00487846 0.00203463
 0.530915 0.427741 0.00334809 0.0363995 0.00159652
 0.0396556 0.69578 0.241246 0.00188832 0.0214298
 0.865315 0.0114377 0.0892944 0.0309608 0.00299257
 0.309137 0.644663 0.00392336 0.0306298 0.0116467
 0.0823034 0.448967 0.437384 0.00266188 0.0286833
 0.823171 0.0289446 0.07235 0.0704835 0.00505121
 0.759561 0.219522 0.00342392 0.00855845 0.00893518
 0.0634702 0.814438 0.11147 0.00173862 0.00888301
 0.0486551 0.117142 0.725451 0.0992904 0.00946109
 0.635343 0.0361525 0.0404498 0.250502 0.0375524
pobs_RECLAS
 0 0 0 0 0
 0 0 0 0 0
 0 0 0 0 0
 0 0 0 0 0
 0 0 0 0 0
 0 0 0 0 0
 0 0 0 0 0
 0 0 0 0 0
 0 0 0 0 0
 0 0 0 0 0
 0.991045 0.00858322 0.000360255 1.14367e-05 0
 0.934742 0.0480273 0.0164251 0.00080598 0
 0.827803 0.169806 0.00239088 0 0
 0.941827 0.0461693 0.0120037 0 0
 0.791401 0.0380133 0.147996 0.0225897 0
 0.846168 0.0940531 0.0597789 0 0
 0.134021 0.677848 0.182769 0.00536245 0
 0.80878 0.0450904 0.141981 0.00414843 0
 0.846168 0.0940531 0.0597789 0 0
 0.905697 0.0802665 0.012482 0.00150086 5.37128e-05
 0.989698 0.0102097 9.19794e-05 0 0
 0.975433 0.0193895 0.00387452 0.00125025 5.28907e-05
 0.303575 0.632131 0.0575291 0.00676475 0
 0.966965 0.00978017 0.0227588 0.000495775 0
 0.843318 0.132988 0.00938335 0.0141283 0.000182051
 0.564624 0.303363 0.111486 0.0197234 0.00080311
 0.826376 0.0876187 0.0782897 0.00655872 0.00115652
 0.89761 0.0855135 0.0140674 0.00269457 0.000114338
 0.34875 0.467042 0.161289 0.0227151 0.000203297
 0.318654 0.224769 0.449479 0.00709798 0
 0.937255 0.0296025 0.0250945 0.00804832 0
ppred_RECLAS
 0.000513121 0.997639 0.00180692 4.00877e-05 3.72152e-07
 0.0047523 0.00107857 0.992332 0.00179731 4.02446e-05
 0.887348 0.00120838 0.000120774 0.111117 0.000205762
 0.0215959 0.927152 0.000549757 5.49467e-05 0.0506471
 0.295011 0.0365292 0.633444 0.000375602 0.0346404
 0.98203 0.00928868 0.000449805 0.00779995 0.000431171
 0.0129286 0.979455 0.00393712 0.000190655 0.00348886
 0.0229798 0.034366 0.93538 0.00375996 0.00351394
 0.968324 0.00172484 0.00105353 0.0286751 0.000222989
 0.083366 0.905385 0.000612546 0.000374141 0.0102626
 0.985112 0.00341077 0.0113368 7.67003e-06 0.000133189
 0.476659 0.519659 0.00084354 0.00280379 3.48368e-05
 0.888519 0.078732 0.032519 5.27868e-05 0.000177634
 0.103011 0.851996 0.0317757 0.0131245 9.29965e-05
 0.89853 0.0265151 0.0711952 0.00265527 0.00110449
 0.971543 0.0274568 0.000261371 0.000701802 3.70616e-05
 0.297022 0.694309 0.00836363 7.96165e-05 0.000225066
 0.50526 0.234691 0.256843 0.00309393 0.00011271
 0.908153 0.064815 0.0128232 0.0140336 0.000175207
 0.0377078 0.921859 0.0285334 0.00564513 0.00625511
 0.824034 0.0142499 0.154921 0.00479511 0.00199987
 0.537675 0.421577 0.00329984 0.035875 0.00157351
 0.0404311 0.695218 0.241051 0.0018868 0.0214125
 0.866884 0.0113044 0.0882537 0.0306 0.0029577
 0.311467 0.642489 0.00391013 0.0305265 0.0116074
 0.0834002 0.44843 0.436862 0.0026587 0.028649
 0.826178 0.0284523 0.0711194 0.0692846 0.00496529
 0.76111 0.218107 0.00340186 0.00850331 0.00887761
 0.063789 0.814161 0.111432 0.00173803 0.00887999
 0.0492056 0.117074 0.725031 0.099233 0.00945561
 0.645051 0.0351901 0.0393729 0.243833 0.0365527
pobs_PELACES
 0 0 0 0 0
 0 0 0 0 0
 0 0 0 0 0
 0 0 0 0 0
 0 0 0 0 0
 0 0 0 0 0
 0 0 0 0 0
 0 0 0 0 0
 0 0 0 0 0
 0 0 0 0 0
 0 0 0 0 0
 0 0 0 0 0
 0 0 0 0 0
 0 0 0 0 0
 0 0 0 0 0
 0 0 0 0 0
 0.505614 0.472636 0.0217494 0 0
 0 0 0 0 0
 0.443492 0.261883 0.143347 0.151278 0
 0.227955 0.32914 0.350689 0.0885471 0.00366901
 0.970185 0.0296113 0.000203453 0 0
 0.997202 0.00247181 0.000326279 0 0
 0.445219 0.490057 0.0546422 0.010081 0
 0.90214 0.0892962 0.00764917 0.000914606 0
 0 0 0 0 0
 0.581667 0.319106 0.0959925 0.00289975 0.000334073
 0.762889 0.0836404 0.116647 0.0363945 0.000428098
 0.88444 0.0763242 0.0277011 0.0115352 0
 0.521256 0.241999 0.230069 0.00667565 0
 0.616807 0.101726 0.260614 0.0208532 0
 0.833518 0.0704572 0.0857862 0.0102388 0
ppred_PELACES
 0.000532102 0.997621 0.00180689 4.0087e-05 3.72145e-07
 0.00516556 0.00107812 0.99192 0.00179656 4.02279e-05
 0.896154 0.00111392 0.000111333 0.102431 0.000189677
 0.0247814 0.924134 0.000547967 5.47678e-05 0.0504822
 0.329817 0.0347258 0.60217 0.000357058 0.0329302
 0.983829 0.00835891 0.000404781 0.0070192 0.000388012
 0.0160296 0.976378 0.00392476 0.000190056 0.0034779
 0.0261763 0.0342535 0.93232 0.00374766 0.00350245
 0.97344 0.00144623 0.000883354 0.0240433 0.000186971
 0.111699 0.8774 0.000593613 0.000362577 0.00994543
 0.985722 0.00327095 0.0108721 7.35562e-06 0.000127729
 0.522406 0.474234 0.000769803 0.0025587 3.17916e-05
 0.899291 0.0711244 0.0293769 4.76862e-05 0.00016047
 0.132485 0.824 0.0307316 0.0126932 8.99407e-05
 0.922028 0.0203748 0.0547078 0.00204036 0.000848711
 0.974315 0.0247821 0.00023591 0.000633437 3.34513e-05
 0.306165 0.68528 0.00825487 7.85812e-05 0.000222139
 0.531672 0.222162 0.243131 0.00292876 0.000106693
 0.915692 0.0594948 0.0117707 0.0128817 0.000160825
 0.0406175 0.919071 0.0284471 0.00562807 0.0062362
 0.833356 0.013495 0.146714 0.00454108 0.00189392
 0.557752 0.403269 0.00315654 0.034317 0.00150518
 0.0429744 0.693376 0.240412 0.0018818 0.0213557
 0.872046 0.010866 0.0848315 0.0294134 0.00284301
 0.319598 0.634902 0.00386395 0.030166 0.0114703
 0.0871487 0.446597 0.435075 0.00264783 0.0285319
 0.835357 0.0269499 0.0673641 0.0656262 0.00470311
 0.766563 0.213128 0.00332421 0.0083092 0.00867495
 0.0649827 0.813123 0.11129 0.00173581 0.00886866
 0.0511346 0.116837 0.72356 0.0990317 0.00943643
 0.670724 0.0326448 0.0365251 0.226197 0.0339089
pobs_pel_tallas
 0 0 0 0 0 0 0 0 0 0 0 0 0 0 0 0 0 0 0 0 0 0 0 0 0 0
 0 0 0 0 0 0 0 0 0 0 0 0 0 0 0 0 0 0 0 0 0 0 0 0 0 0
 0 0 0 0 0 0 0 0 0 0 0 0 0 0 0 0 0 0 0 0 0 0 0 0 0 0
 0 0 0 0 0 0 0 0 0 0 0 0 0 0 0 0 0 0 0 0 0 0 0 0 0 0
 0 0 0 0 0 0 0 0 0 0 0 0 0 0 0 0 0 0 0 0 0 0 0 0 0 0
 0 0 0 0 0 0 0 0 0 0 0 0 0 0 0 0 0 0 0 0 0 0 0 0 0 0
 0 0 0 0 0 0 0 0 0 0 0 0 0 0 0 0 0 0 0 0 0 0 0 0 0 0
 0 0 0 0 0 0 0 0 0 0 0 0 0 0 0 0 0 0 0 0 0 0 0 0 0 0
 0 0 0 0 0 0 0 0 0 0 0 0 0 0 0 0 0 0 0 0 0 0 0 0 0 0
 0 0 0 0 0 0 0 0 0 0 0 0 0 0 0 0 0 0 0 0 0 0 0 0 0 0
 0 0 0 0 0 0 0 0 0 0 0 0 0 0 0 0 0 0 0 0 0 0 0 0 0 0
 0 0 0 0 0 0 0 0 0 0 0 0 0 0 0 0 0 0 0 0 0 0 0 0 0 0
 0.00862536 0 0 0.000197151 0.00414017 0.0128641 0.00837892 0.0270097 0.101434 0.158115 0.152841 0.127902 0.109271 0.109419 0.0830992 0.0579132 0.0238553 0.00714673 0.00463305 0.00128148 0.00103504 0.000492878 0.000147863 0.000147863 4.92878e-05 0
 0 0 0 0 0 0 0 0 0 0 0 0 0 0 0 0 0 0 0 0 0 0 0 0 0 0
 0 0 0 0 0 0 0 0.0054083 0.00873648 0.0413646 0.0450493 0.0745869 0.0622846 0.0627006 0.0613931 0.0827291 0.12552 0.122667 0.0946155 0.0697135 0.0546179 0.0294188 0.0215738 0.0213955 0.0102223 0.00600262
 0 0 0 0 0.00359764 0.0251062 0.0480494 0.140153 0.205849 0.193036 0.1447 0.116669 0.0760912 0.0342217 0.00950174 0.001854 0.000860785 0 0 0 0.000165536 0 0.000143464 0 0 0
 0 0 0 0 0 0 0 0.000145254 0.000435761 0.0275982 0.070085 0.0708112 0.156366 0.174668 0.174014 0.160142 0.0824315 0.0480064 0.0283245 0.00493863 0.00203355 0 0 0 0 0
 0 0 0 0 0 0 0 0 0 0 0 0 0 0 0 0 0 0 0 0 0 0 0 0 0 0
 0 0 1.00437e-05 0.000401748 0.00122533 0.00171747 0.00176769 0.0269171 0.070346 0.194647 0.189555 0.159765 0.064822 0.0314167 0.0384472 0.0292271 0.0345202 0.0313363 0.0194345 0.0106764 0.0143323 0.0359363 0.0279516 0.0138201 0.00172751 0
 0 0.0021121 0.0136068 0.0755702 0.200478 0.177729 0.0527432 0.0373336 0.0318909 0.0142505 0.0149659 0.0166563 0.0217959 0.0798694 0.0677717 0.0528807 0.04013 0.0224614 0.0357745 0.0225083 0.00881397 0.00855152 0.00135912 0.000746735 0 0
 0 0 0 0 5.4009e-05 0.00500934 0.000945158 0.0243581 0.138947 0.33067 0.221406 0.137944 0.0707744 0.0437923 0.0131692 0.00525238 0.0047753 0.00276346 9.45158e-05 9.00151e-06 2.25038e-05 9.00151e-06 4.50075e-06 0 0 0
 0.000866109 0.00284123 0.00948549 0.0512746 0.133035 0.25785 0.225252 0.132002 0.0553304 0.0519788 0.0540692 0.017754 0.00435017 0.00159236 0.00146478 0.000404838 0.000125132 0.000115318 0.000107957 0.000100596 0 0 0 0 0 0
 0 0 0 0 0.00144013 0.00171154 0.00461396 0.0210425 0.0478622 0.0707936 0.0888783 0.103762 0.0637923 0.0337046 0.0602308 0.124433 0.169614 0.0934646 0.0462172 0.0250306 0.0313229 0.00938855 0.002487 0.000210481 0 0
 0 0.00764035 0.051015 0.0998891 0.058973 0.0496711 0.0374665 0.0718981 0.12319 0.153886 0.159021 0.0857701 0.0377988 0.023471 0.0147837 0.00900784 0.00315554 0.000888139 0.00291439 0.00214683 0.00393193 0.00274676 0.000635225 9.99891e-05 0 0
 0 0 0 0 0 0 0 0 0 0 0 0 0 0 0 0 0 0 0 0 0 0 0 0 0 0
 0 0 0 0 0 0 0 0 0 0 0 0 0 0 0 0 0 0 0 0 0 0 0 0 0 0
 0 0 0 0 0 0 0 0 0 0 0 0 0 0 0 0 0 0 0 0 0 0 0 0 0 0
 0 0 0 0 0 0 0 0 0 0 0 0 0 0 0 0 0 0 0 0 0 0 0 0 0 0
 0 0 0 0 0 0 0 0 0 0 0 0 0 0 0 0 0 0 0 0 0 0 0 0 0 0
 0 0 0 0 0 0 0 0 0 0 0 0 0 0 0 0 0 0 0 0 0 0 0 0 0 0
 0 0 0 0 0 0 0 0 0 0 0 0 0 0 0 0 0 0 0 0 0 0 0 0 0 0
ppred_pel_tallas
 1.00312e-16 4.40359e-08 4.28142e-07 2.84982e-06 1.30138e-05 4.10055e-05 9.09117e-05 0.000152799 0.000248726 0.000559521 0.00161379 0.00455281 0.0113872 0.0248155 0.0470192 0.0774458 0.110891 0.138034 0.149376 0.140545 0.11499 0.0818358 0.0506949 0.0273757 0.0129304 0.00538388
 1.28812e-16 4.25486e-07 4.13587e-06 2.74843e-05 0.000124941 0.000388744 0.000828314 0.00120927 0.0012109 0.000837019 0.000422384 0.000241539 0.00039331 0.00104412 0.00268041 0.00626152 0.0132636 0.0254702 0.0443303 0.069916 0.0999023 0.12931 0.151596 0.160962 0.15478 0.134795
 1.10309e-16 7.3815e-05 0.000717508 0.00476809 0.0216751 0.0674392 0.143686 0.209714 0.209714 0.143687 0.0674417 0.021683 0.00479038 0.000774465 0.000208288 0.000302498 0.000621726 0.00123217 0.00230995 0.00406707 0.00667556 0.0101523 0.0142457 0.0183963 0.0218314 0.0237917
 1.08801e-16 2.0414e-06 1.98432e-05 0.00013187 0.000599514 0.00186579 0.00397855 0.00582543 0.0059143 0.00441268 0.00332291 0.00480558 0.01068 0.0230144 0.0435794 0.0717997 0.102869 0.128201 0.139081 0.131574 0.109002 0.0799181 0.0532303 0.0341707 0.0233907 0.018612
 1.22995e-16 2.71666e-05 0.000264069 0.00175483 0.00797721 0.0248201 0.052882 0.0771837 0.0771879 0.0529033 0.0248944 0.00820354 0.00236742 0.00174823 0.00327528 0.0064889 0.0119397 0.020404 0.0324895 0.0481637 0.0662138 0.0839892 0.097848 0.10437 0.10179 0.0908139
 1.00784e-16 8.10367e-05 0.000787706 0.00523458 0.0237956 0.0740371 0.157744 0.230232 0.230233 0.157748 0.0740503 0.0238339 0.00533078 0.000998085 0.000481816 0.000671915 0.00096977 0.00124289 0.00142109 0.00148324 0.00146978 0.00145642 0.00150316 0.00161651 0.00174883 0.00182905
 1.00971e-16 1.32054e-06 1.28362e-05 8.53059e-05 0.000387846 0.00120724 0.00257561 0.00377887 0.00387275 0.00303427 0.00274662 0.00483127 0.0112282 0.0243023 0.0460268 0.0758151 0.10857 0.135176 0.146346 0.13781 0.112946 0.0806817 0.0504087 0.0277882 0.0138207 0.00654504
 1.27882e-16 2.15612e-06 2.09582e-05 0.000139275 0.000633127 0.00196992 0.00419728 0.00612703 0.00613176 0.00422109 0.00205397 0.00089409 0.000862799 0.00182639 0.00409094 0.00847421 0.0161817 0.028584 0.0467361 0.0705722 0.0980342 0.124752 0.144894 0.153178 0.147134 0.128289
 1.02469e-16 8.0181e-05 0.000779388 0.0051793 0.0235444 0.0732553 0.156078 0.227801 0.227801 0.156079 0.0732578 0.0235517 0.00519837 0.000823124 0.00016992 0.000172903 0.000289617 0.000475994 0.000759785 0.00118576 0.00179672 0.00260345 0.00355264 0.00451441 0.00530552 0.00574562
 1.01961e-16 9.20067e-06 8.94339e-05 0.000594324 0.00270176 0.00840663 0.0179143 0.0261642 0.0262486 0.0183265 0.0097899 0.00669453 0.010607 0.0219148 0.0413647 0.068121 0.0975482 0.121449 0.131487 0.123839 0.101564 0.0727148 0.0457477 0.0257452 0.0135689 0.00738938
 1.00338e-16 8.11926e-05 0.000789221 0.00524465 0.0238414 0.0741795 0.158047 0.230675 0.230675 0.158049 0.074185 0.0238575 0.00528586 0.0008817 0.000264211 0.000327448 0.000508191 0.000730758 0.000975276 0.00122827 0.00147581 0.00169341 0.00184083 0.00187317 0.00176438 0.00152608
 1.00406e-16 4.303e-05 0.000418267 0.00277953 0.0126354 0.0393136 0.0837634 0.122265 0.12231 0.0839862 0.0400613 0.0147935 0.00819146 0.0122151 0.0223961 0.0368227 0.0527252 0.0656411 0.0710574 0.0669015 0.0548165 0.0391416 0.0244398 0.0134587 0.00667945 0.00314394
 1.00898e-16 7.40734e-05 0.00072002 0.00478478 0.0217509 0.0676753 0.14419 0.21045 0.210457 0.144223 0.0677884 0.0220779 0.00560685 0.00251908 0.00350386 0.00570899 0.00829418 0.0105887 0.0119542 0.0120814 0.0111478 0.00965729 0.00810185 0.00672393 0.00552017 0.00439985
 1.02386e-16 1.09128e-05 0.000106077 0.00070492 0.00320451 0.00997085 0.0212469 0.0310271 0.0311064 0.0216342 0.011271 0.00695787 0.0101196 0.0206359 0.0389347 0.0641764 0.0920412 0.11489 0.124945 0.118624 0.0987264 0.0726447 0.048092 0.0296251 0.0179402 0.0113636
 1.01933e-16 7.59463e-05 0.000738225 0.00490576 0.0223009 0.0693863 0.147835 0.21577 0.215772 0.147845 0.0694202 0.0223998 0.00515798 0.00130157 0.0011831 0.00193261 0.00300155 0.00424116 0.00553835 0.00681385 0.00801502 0.00905494 0.00976379 0.0099268 0.00940065 0.00821935
 1.00083e-16 8.0253e-05 0.000780088 0.00518396 0.0235655 0.0733211 0.156219 0.228006 0.228008 0.15623 0.0733602 0.0236783 0.00546689 0.00139691 0.00124929 0.00193202 0.00276065 0.00344069 0.00373287 0.00352977 0.00291769 0.00212251 0.00138008 0.000830009 0.000492941 0.000315191
 1.00459e-16 2.52185e-05 0.000245133 0.001629 0.00740523 0.0230408 0.0490932 0.0716668 0.0717327 0.0494152 0.0241214 0.0105245 0.00945158 0.0172982 0.0323421 0.0532445 0.0762668 0.0949985 0.102925 0.0970436 0.0797073 0.0571503 0.0359282 0.019989 0.0100354 0.00472068
 1.07385e-16 4.37931e-05 0.000425685 0.00282883 0.0128594 0.0400106 0.0852477 0.124426 0.124448 0.085354 0.0403687 0.0138978 0.00545077 0.00620043 0.01116 0.0187666 0.0279234 0.0369619 0.0441263 0.0484671 0.0501866 0.0500965 0.0487276 0.0459382 0.0413009 0.0347835
 1.01675e-16 7.54243e-05 0.000733152 0.00487205 0.0221476 0.0689095 0.146819 0.214288 0.214294 0.146847 0.0690038 0.02242 0.00555634 0.00222863 0.00292073 0.00472311 0.00683072 0.00866558 0.00969809 0.00969576 0.00885829 0.00767247 0.00660158 0.00585236 0.00535873 0.00492713
 1.02676e-16 3.3458e-06 3.25224e-05 0.000216127 0.000982538 0.00305751 0.00651763 0.0095312 0.00961962 0.00694958 0.0045074 0.00516815 0.0107145 0.0229237 0.0433988 0.0715345 0.102562 0.127952 0.139016 0.131754 0.109303 0.0799497 0.0523559 0.0316669 0.0186991 0.0115839
 1.05014e-16 6.86425e-05 0.000667229 0.00443397 0.0201562 0.0627134 0.133618 0.195019 0.195021 0.133625 0.0627395 0.0202343 0.00464075 0.00115427 0.00109782 0.00197726 0.00347073 0.00567019 0.00866999 0.0124354 0.0166805 0.0207946 0.0239277 0.0252702 0.0244037 0.0215111
 1.03891e-16 4.59414e-05 0.000446567 0.0029676 0.0134903 0.0419735 0.0894304 0.130534 0.130573 0.0896199 0.0426096 0.0153267 0.00757363 0.01049 0.019087 0.0313966 0.0450287 0.0562299 0.0612279 0.0583316 0.0489889 0.036882 0.0257922 0.0178598 0.0132353 0.0108584
 1.10918e-16 3.53989e-06 3.44091e-05 0.000228664 0.00103951 0.00323467 0.00689429 0.0100765 0.0101435 0.00722199 0.00433561 0.00422212 0.00822765 0.0175299 0.0333287 0.0553475 0.0803166 0.102211 0.11482 0.115175 0.105166 0.0899726 0.0746908 0.0618841 0.051502 0.0423932
 1.05882e-16 7.18293e-05 0.000698206 0.00463983 0.021092 0.065625 0.139821 0.204073 0.204074 0.139827 0.0656451 0.0211518 0.00479693 0.00106392 0.000833456 0.00144045 0.0024825 0.00399567 0.00605619 0.00869114 0.011794 0.0150447 0.017913 0.0197955 0.0202401 0.0191336
 1.05241e-16 2.6325e-05 0.000255889 0.00170047 0.00773014 0.0240517 0.0512469 0.0748091 0.0748701 0.0515452 0.025053 0.0106207 0.00895004 0.0160619 0.0299869 0.0493832 0.0707914 0.0883147 0.0959865 0.0911143 0.0759638 0.0563531 0.0383031 0.0252935 0.0176854 0.0139028
 1.17764e-16 7.17842e-06 6.97769e-05 0.000463694 0.00210791 0.00655873 0.0139757 0.020407 0.0204507 0.0141891 0.00727693 0.00418961 0.00571653 0.0116275 0.0222223 0.0374155 0.0554959 0.0731027 0.0866738 0.0943546 0.0967429 0.0957924 0.0929314 0.0881197 0.0804807 0.069628
 1.09329e-16 6.88072e-05 0.000668831 0.00444462 0.0202046 0.062864 0.133938 0.195488 0.19549 0.133952 0.0629091 0.0203367 0.00478249 0.00142736 0.00157189 0.00265656 0.00421975 0.00616782 0.00846891 0.0111592 0.0142928 0.0177909 0.0213008 0.0242098 0.0258438 0.0257432
 1.02452e-16 6.31409e-05 0.000613752 0.0040786 0.0185407 0.0576872 0.122909 0.179394 0.179415 0.12301 0.0580234 0.0195113 0.006513 0.00592198 0.0101268 0.0165963 0.0237973 0.0297135 0.0323462 0.0307987 0.025836 0.0194094 0.0135314 0.00935326 0.00697339 0.0058371
 1.05095e-16 5.35271e-06 5.20303e-05 0.000345764 0.00157184 0.00489099 0.0104237 0.0152301 0.0153084 0.0108065 0.0061765 0.0052846 0.00966447 0.0203919 0.0386255 0.0638221 0.0918741 0.115389 0.126805 0.12259 0.105322 0.0819021 0.0594354 0.0419776 0.0300271 0.0220777
 1.32439e-16 4.21192e-06 4.09414e-05 0.00027207 0.0012368 0.00384821 0.00819947 0.0119699 0.0119823 0.00826053 0.00405649 0.00185281 0.00187276 0.00371537 0.00751062 0.013788 0.0230749 0.0357232 0.0518825 0.0713247 0.0929391 0.11418 0.131145 0.139711 0.13729 0.124119
 1.29486e-16 5.52467e-05 0.000537018 0.00356867 0.0162227 0.0504747 0.107542 0.156961 0.156964 0.107558 0.0505293 0.0163822 0.00397707 0.00145629 0.00188719 0.00327264 0.00531405 0.00806246 0.0117353 0.0167476 0.0235817 0.0324306 0.0427889 0.0532819 0.0619236 0.0667455
pSPR Fmed_Fpbrs
0.473249   0.285572 0.285572
Fs Fmed_Fpbrs
0.529346   1.005 1.005
SSBpbr Bo_Bmed_Bpbrs
1.6839e+06  712709  396681 396681
Ro
36571.7
SPR SPRFo_SPRFmed_SPRFpbrs
261412 123713 74652
Fref
1.005
Nvult_r0
 55799 1995.44 2232.63 13826.5 2072.71
CTP_r0
 14336.7 815.793 912.761 5652.65 847.382
YTP_r0
390621
Np
 153141 19639.4 450.65 504.216 3697.85
Nvult_p0
 119056 16994.8 389.965 436.318 3199.89
CTP_p0
 39817.3 8518.57 195.469 218.703 1603.94
YTP_p0
 502301
CBA_c0
424125
log_Ro
10.327
likeval ReclasPelacesDesembMPH_pf_preclas_ppelaces_ptallas_desvR_qrecl_qpela
 83.3831 68.8543 1.0293 0.00214363 458.274 188.496 143.464 0 233.06 0 0 3.65002 0 0 0
q_reclas_q_pelaces
1 1
M
1
N
 243.272 249879 452.58 10.0408 0.0932131
 622.177 80.1621 73752.8 133.581 2.99109
 227090 177.556 17.7462 16327.3 30.2342
 2384.27 63356 37.5671 3.75472 3460.92
 7231.39 572.395 9925.74 5.88549 542.797
 292496 1627.51 78.8121 1366.66 75.5473
 1474.58 77734.9 312.472 15.1315 276.895
 305.969 280.082 7623.33 30.6436 28.6386
 64059.3 75.1055 45.8742 1248.61 9.70974
 1532.91 13598.9 9.20046 5.61961 154.145
 114442 211.286 702.281 0.475135 8.25065
 51453.9 37016.3 60.087 199.719 2.48149
 206483 10867.6 4488.71 7.28634 24.5195
 8450.97 53826.4 2007.49 829.163 5.87523
 57309.2 1310.63 3519.13 131.248 54.5942
 529432 8775.74 83.5395 224.31 11.8456
 113394 141542 1705.01 16.2306 45.8818
 134150 36573.9 40026.2 482.154 17.5646
 870467 35812.7 7085.3 7754.09 96.8083
 17528.9 240914 7456.75 1475.27 1634.68
 534067 5100.95 55456.2 1716.48 715.882
 363241 161013 1260.31 13701.8 600.973
 11039.6 104525 36241.8 283.678 3219.35
 479394 3348.72 26143.6 9064.69 876.165
 140714 153651 935.108 7300.41 2775.91
 15972.4 46184.4 44992.9 273.823 2950.6
 267205 5079.53 12696.8 12369.3 886.444
 537691 80652.6 1257.95 3144.39 3282.8
 27445.9 180489 24703.1 385.299 1968.58
 7517.03 9508.3 58884 8059.29 767.946
 75438.4 2446.09 2736.84 16949 2540.81
pred_Ctot
 16.1811 31791 57.5798 1.27745 0.0118591
 90.0416 21.0227 19341.9 35.0319 0.78442
 35474.1 49.857 4.98307 4584.66 8.48964
 542.004 24605.7 14.59 1.45823 1344.12
 1846.37 244.646 4242.34 2.5155 231.995
 52695 518.185 25.0931 435.133 24.0536
 475.373 39918.3 160.46 7.77028 142.191
 66.4999 104.753 2851.18 11.4609 10.711
 17901.5 34.5163 21.0825 573.827 4.46231
 654.709 8544.67 5.78097 3.531 96.8549
 8829.13 30.9538 102.885 0.069608 1.20873
 14484 17110.2 27.7742 92.3168 1.14703
 39110.9 3614.06 1492.73 2.42309 8.15401
 3309.22 31863.2 1188.36 490.833 3.47791
 22669.2 781.35 2097.98 78.2456 32.5471
 93858.3 2755.16 26.2274 70.4225 3.71895
 8929.6 21142.8 254.686 2.42445 6.85361
 23876.4 11522.1 12609.7 151.896 5.5335
 139472 10285.4 2034.9 2226.98 27.8034
 2360.12 59196.7 1832.25 362.499 401.669
 61925.2 1093.54 11888.6 367.977 153.47
 51018.2 41103.8 321.734 3497.81 153.417
 1243.75 21822.3 7566.37 59.2248 672.118
 39460.1 521.582 4072 1411.87 136.467
 9680.48 20187.3 122.858 959.156 364.71
 1384.81 7554.18 7359.29 44.788 482.616
 30815.2 1083.53 2708.4 2638.53 189.091
 29977.4 8663.81 135.131 337.775 352.643
 1016.15 13039.1 1784.62 27.8351 142.216
 554.121 1334.1 8261.98 1130.79 107.75
 14336.7 815.793 912.761 5652.65 847.382
F
 0.110129 0.220258 0.220258 0.220258 0.220258
 0.253939 0.507878 0.507878 0.507878 0.507878
 0.276579 0.553157 0.553157 0.553157 0.553157
 0.426819 0.853637 0.853637 0.853637 0.853637
 0.491381 0.982762 0.982762 0.982762 0.982762
 0.325146 0.650291 0.650291 0.650291 0.650291
 0.661045 1.32209 1.32209 1.32209 1.32209
 0.40459 0.809179 0.809179 0.809179 0.809179
 0.54982 1.09964 1.09964 1.09964 1.09964
 0.981705 1.96341 1.96341 1.96341 1.96341
 0.128711 0.257421 0.257421 0.257421 0.257421
 0.554896 1.10979 1.10979 1.10979 1.10979
 0.344452 0.688904 0.688904 0.688904 0.688904
 0.863776 1.72755 1.72755 1.72755 1.72755
 0.87647 1.75294 1.75294 1.75294 1.75294
 0.319211 0.638422 0.638422 0.638422 0.638422
 0.13153 0.26306 0.26306 0.26306 0.26306
 0.320657 0.641313 0.641313 0.641313 0.641313
 0.284591 0.569182 0.569182 0.569182 0.569182
 0.234422 0.468845 0.468845 0.468845 0.468845
 0.199034 0.398068 0.398068 0.398068 0.398068
 0.245637 0.491273 0.491273 0.491273 0.491273
 0.192914 0.385828 0.385828 0.385828 0.385828
 0.137836 0.275673 0.275673 0.275673 0.275673
 0.11409 0.22818 0.22818 0.22818 0.22818
 0.145645 0.291291 0.291291 0.291291 0.291291
 0.197866 0.395732 0.395732 0.395732 0.395732
 0.0916113 0.183223 0.183223 0.183223 0.183223
 0.0600513 0.120103 0.120103 0.120103 0.120103
 0.122679 0.245359 0.245359 0.245359 0.245359
 0.345778 0.691556 0.691556 0.691556 0.691556
YTP_r0W_actual
 121862 13297.4 26378.8 196712 32370
YTP_p0W_proyectada
 299426 137319 4570.06 6451.75 54533.8
CTP_r0_actual
 14336.7 815.793 912.761 5652.65 847.382
CTP_p0_proyectada
 39817.3 8518.57 195.469 218.703 1603.94
Wmedp
 7.52 16.12 23.38 29.5 34
Frms_r0
 0.345778 0.691556 0.691556 0.691556 0.691556
Zrms_r0
 1.34578 1.69156 1.69156 1.69156 1.69156
nmprior
 8.19 8.8 8.5 0
nm_flota  nm_reclas  nm_pelaces    nm_pelaL
inf 4.06665 2.68581 3.61241
cv_recla  cv_pelaces  cv_mph
0.82597 0.940887 1.42883
 ------------------------------------------------
Talla a la edad & desviaci?n 
 8 13.2811 15.8009 17.003 17.5766
 0.8 1.32811 1.58009 1.7003 1.75766
