    unsorted:	 9.157848244e-05 0.001099988331 0.3272705306 0.8657443091 11.39372865 12.01030472 14.48828156 25.07260308 59.78269255 89.20168707 136.8343798 179.6014367 214.7006339 232.3720468 348.5951053 438.7173174 504.1180820 586.6527044 701.5373882 741.0078143 810.2254583 833.5853690 856.6650644 887.1562857 983.7713547 990.8645411 952.0414972 1037.421516 1114.250812 1302.349729 1454.253551 1586.484634 1601.060097 1860.423266 1876.901402 1824.492337 2122.175188 2325.784763 2341.697749 2818.768389 3222.069307 3345.067683 3631.482097 12801.91934 39755.45224 158168.0329 191913.0660 341500.0562 328781.4968 311477.0037 353095.4072 277132.8337 370934.7602 399108.0856 414122.5971 438202.1557 522593.4567 533312.2453 706926.1268 747333.5435 785568.4526 821830.0327 920862.2827 1172789.284 1290736.084 1408065.238 1478194.790 1549567.759 1648328.741 1872310.680 2097449.774 2159020.172 2710434.037 2785197.068 3064985.840 3313925.399 3489621.761
      sorted:	 9.157848244e-05 0.001099988331 0.3272705306 0.8657443091 11.39372865 12.01030472 14.48828156 25.07260308 59.78269255 89.20168707 136.8343798 179.6014367 214.7006339 232.3720468 348.5951053 438.7173174 504.1180820 586.6527044 701.5373882 741.0078143 810.2254583 833.5853690 856.6650644 887.1562857 952.0414972 983.7713547 990.8645411 1037.421516 1114.250812 1302.349729 1454.253551 1586.484634 1601.060097 1824.492337 1860.423266 1876.901402 2122.175188 2325.784763 2341.697749 2818.768389 3222.069307 3345.067683 3631.482097 12801.91934 39755.45224 158168.0329 191913.0660 277132.8337 311477.0037 328781.4968 341500.0562 353095.4072 370934.7602 399108.0856 414122.5971 438202.1557 522593.4567 533312.2453 706926.1268 747333.5435 785568.4526 821830.0327 920862.2827 1172789.284 1290736.084 1408065.238 1478194.790 1549567.759 1648328.741 1872310.680 2097449.774 2159020.172 2710434.037 2785197.068 3064985.840 3313925.399 3489621.761
