years
 1991 1992 1993 1994 1995 1996 1997 1998 1999 2000 2001 2002 2003 2004 2005 2006 2007 2008 2009 2010 2011 2012 2013 2014 2015 2016 2017 2018 2019 2020 2021
reclasobs
 0 0 0 0 0 0 0 0 0 252601 567819 844713 477998 351125 339783 2.1784e+06 2.13404e+06 4.81314e+06 1.55562e+06 2.62356e+06 3.21686e+06 3.843e+06 1.13348e+06 3.07943e+06 1.97215e+06 2.03268e+06 2.025e+06 2.42433e+06 2.27542e+06 1.05018e+06 2.36338e+06
reclaspred
 2.40101e+06 1.47167e+06 712034 473037 400381 722975 541878 384329 276013 254577 354850 519017 493704 389329 474711 907930 1.40262e+06 2.06173e+06 1.863e+06 1.49481e+06 2.52765e+06 2.12105e+06 2.01575e+06 2.43224e+06 2.11452e+06 1.86201e+06 1.83777e+06 1.95793e+06 2.18904e+06 1.29703e+06 1.62378e+06
pelacesobs
 0 0 0 0 0 0 0 0 0 0 0 0 0 0 0 552880 188675 0 991730 2.46772e+06 1.41603e+06 1.21717e+06 2.29649e+06 1.80582e+06 0 1.4828e+06 1.56532e+06 1.57751e+06 1.42118e+06 867257 1.10002e+06
pelacespred
 1.0311e+06 707323 356444 186315 171806 313641 202352 180226 124509 110466 172009 204979 214127 178820 236373 376640 575124 897645 899369 681740 1.03309e+06 1.01428e+06 927209 1.21764e+06 1.0835e+06 909505 1.01149e+06 1.09768e+06 997408 677377 845940
mphobs
 0 0 0 0 0 0 0 0 0 0 0 498337 0 5186 125008 0 168611 109162 213762 579715 649985 157893 87575 83554 0 0 0 0 0 0 0
mphpred
 2.08702e+06 1.60649e+06 807162 418064 321911 312509 624795 315638 234575 190900 175820 388526 379463 311239 243342 422324 972277 1.24035e+06 1.53315e+06 1.32909e+06 1.44649e+06 1.77771e+06 1.79163e+06 1.4504e+06 2.01663e+06 1.60046e+06 1.28024e+06 1.37197e+06 2.00423e+06 1.34475e+06 812401
desembarqueobs
 494567 514787 250237 358949 120608 361735 552515 73892 212993 205616 52469 317467 293654 387597 252695 516296 358380 742168 942051 627588 828172 859565 418607 520667 417249 300574 415391 372974 316634 284311 391294
desembarquepred
 495338 514961 249699 358561 120575 361777 552448 73880.6 213091 205449 52495.9 317365 293923 387792 253112 516511 358365 743040 942183 628150 829157 860240 418652 520436 417147 300455 415550 373149 316769 284475 391170
Reclutas
 194344 84260.5 80831.4 100088 73175.1 248522 66884 19798.3 41996.6 69631.1 125224 127445 117118 95477.2 123572 427685 187491 503460 490227 316007 457993 661056 120247 394655 305811 138720 322350 379281 100234 79861.1 404222
log_desv_Rt
 0.182275 -0.653442 -0.694989 -0.481306 -0.7945 0.428176 -0.884395 -2.10176 -1.34977 -0.844143 -0.257252 -0.239667 -0.32417 -0.528467 -0.270528 0.971033 0.146375 1.13415 1.10751 0.66841 1.0395 1.40648 -0.297804 0.890657 0.635613 -0.154898 0.688284 0.850922 -0.479849 -0.707066 0.914609
SSB
 2.08702e+06 1.60649e+06 807162 418064 321911 312509 624795 315638 234575 190900 175820 388526 379463 311239 243342 422324 972277 1.24035e+06 1.53315e+06 1.32909e+06 1.44649e+06 1.77771e+06 1.79163e+06 1.4504e+06 2.01663e+06 1.60046e+06 1.28024e+06 1.37197e+06 2.00423e+06 1.34475e+06 812401
BT
 2.99308e+06 2.23051e+06 1.12738e+06 857533 578163 1.48857e+06 1.01927e+06 565458 610200 565048 649309 893698 942688 1.02233e+06 1.13703e+06 1.82224e+06 1.95447e+06 3.60042e+06 3.7527e+06 2.51348e+06 4.02722e+06 3.86879e+06 2.78275e+06 4.59961e+06 3.29449e+06 2.757e+06 3.77885e+06 4.00878e+06 2.70491e+06 2.02249e+06 3.45451e+06
Ftot
 0.194757 0.325931 0.326752 0.683063 0.282371 0.465216 0.88974 0.181735 0.698482 0.728248 0.140727 0.559247 0.545615 0.885371 0.494911 0.526812 0.2406 0.337149 0.467325 0.390483 0.30741 0.377778 0.196037 0.202449 0.186494 0.152949 0.213711 0.18065 0.137252 0.206822 0.227866
BD_Bspro_t
 0.969319 0.802117 0.617629 0.49792 0.433364 0.491161 0.562756 0.350256 0.360766 0.359585 0.405284 0.667483 0.538421 0.448515 0.378608 0.501846 0.605965 0.642575 0.639693 0.574748 0.548539 0.594304 0.625061 0.614064 0.714433 0.717261 0.718271 0.750373 0.801352 0.735484 0.667181
BD_Bspro
 1.80536 1.38968 0.698228 0.361643 0.278466 0.270333 0.540473 0.27304 0.202917 0.165136 0.152091 0.336091 0.328251 0.269234 0.210501 0.365327 0.841059 1.07295 1.32624 1.14972 1.25128 1.53779 1.54983 1.25465 1.74447 1.38446 1.10746 1.18681 1.73374 1.16326 0.70276
BD_Bo
 1.18019 0.908453 0.456442 0.236411 0.182037 0.17672 0.353315 0.17849 0.132649 0.107952 0.0994243 0.219707 0.214583 0.176002 0.137607 0.23882 0.549812 0.701402 0.866982 0.751587 0.817976 1.00528 1.01315 0.820186 1.14038 0.905041 0.723959 0.775837 1.13337 0.76044 0.459404
BD_Brms
 5.01446 3.85989 1.93936 1.00448 0.773453 0.750861 1.50119 0.758381 0.56361 0.458673 0.422441 0.933507 0.911733 0.74781 0.584676 1.01471 2.33608 2.98017 3.68369 3.19339 3.47547 4.27129 4.30473 3.48486 4.84534 3.8454 3.07601 3.29643 4.81555 3.23101 1.95195
Sel_flota
 0.5 1 1 1 1
 0.5 1 1 1 1
 0.5 1 1 1 1
 0.5 1 1 1 1
 0.5 1 1 1 1
 0.5 1 1 1 1
 0.5 1 1 1 1
 0.5 1 1 1 1
 0.5 1 1 1 1
 0.5 1 1 1 1
 0.5 1 1 1 1
 0.5 1 1 1 1
 0.5 1 1 1 1
 0.5 1 1 1 1
 0.5 1 1 1 1
 0.5 1 1 1 1
 0.5 1 1 1 1
 0.5 1 1 1 1
 0.5 1 1 1 1
 0.5 1 1 1 1
 0.5 1 1 1 1
 0.5 1 1 1 1
 0.5 1 1 1 1
 0.5 1 1 1 1
 0.5 1 1 1 1
 0.5 1 1 1 1
 0.5 1 1 1 1
 0.5 1 1 1 1
 0.5 1 1 1 1
 0.5 1 1 1 1
 0.5 1 1 1 1
Sel_reclas
 0.5 1 1 1 1
 0.5 1 1 1 1
 0.5 1 1 1 1
 0.5 1 1 1 1
 0.5 1 1 1 1
 0.5 1 1 1 1
 0.5 1 1 1 1
 0.5 1 1 1 1
 0.5 1 1 1 1
 0.5 1 1 1 1
 0.5 1 1 1 1
 0.5 1 1 1 1
 0.5 1 1 1 1
 0.5 1 1 1 1
 0.5 1 1 1 1
 0.5 1 1 1 1
 0.5 1 1 1 1
 0.5 1 1 1 1
 0.5 1 1 1 1
 0.5 1 1 1 1
 0.5 1 1 1 1
 0.5 1 1 1 1
 0.5 1 1 1 1
 0.5 1 1 1 1
 0.5 1 1 1 1
 0.5 1 1 1 1
 0.5 1 1 1 1
 0.5 1 1 1 1
 0.5 1 1 1 1
 0.5 1 1 1 1
 0.5 1 1 1 1
Sel_pelaces
 0.5 1 1 1 1
 0.5 1 1 1 1
 0.5 1 1 1 1
 0.5 1 1 1 1
 0.5 1 1 1 1
 0.5 1 1 1 1
 0.5 1 1 1 1
 0.5 1 1 1 1
 0.5 1 1 1 1
 0.5 1 1 1 1
 0.5 1 1 1 1
 0.5 1 1 1 1
 0.5 1 1 1 1
 0.5 1 1 1 1
 0.5 1 1 1 1
 0.5 1 1 1 1
 0.5 1 1 1 1
 0.5 1 1 1 1
 0.5 1 1 1 1
 0.5 1 1 1 1
 0.5 1 1 1 1
 0.5 1 1 1 1
 0.5 1 1 1 1
 0.5 1 1 1 1
 0.5 1 1 1 1
 0.5 1 1 1 1
 0.5 1 1 1 1
 0.5 1 1 1 1
 0.5 1 1 1 1
 0.5 1 1 1 1
 0.5 1 1 1 1
pf_obs 
 0.8446 0.082 0.0669 0.0065 0
 0.8095 0.147 0.0364 0.0071 0
 0.9664 0.0169 0.016 0.0007 0
 0.9276 0.0648 0.0075 0.0001 0
 0.7033 0.2144 0.0806 0.0017 0
 0.9318 0.0425 0.0243 0.0014 0
 0.5671 0.3108 0.0964 0.0239 0.0018
 0.0768 0.2599 0.5324 0.112 0.0189
 0.490249 0.384438 0.106611 0.0170017 0.00170017
 0.7925 0.1577 0.0466 0.003 0.0002
 0.840416 0.127587 0.0312969 0.00059994 9.999e-05
 0.8084 0.0986 0.0794 0.0134 0.0002
 0.7335 0.1905 0.0724 0.0035 0.0001
 0.4001 0.4547 0.1325 0.0127 0
 0.49795 0.308269 0.164784 0.0264974 0.00249975
 0.9179 0.0499 0.0305 0.0017 0
 0.2467 0.6533 0.0926 0.0074 0
 0.9418 0.0223 0.034 0.0019 0
 0.707729 0.231977 0.0356964 0.0245975 0
 0.517169 0.277429 0.184464 0.0207286 0.00020938
 0.811772 0.124168 0.05621 0.00726502 0.000585176
 0.764997 0.148141 0.077277 0.00933861 0.000247198
 0.163321 0.427699 0.378323 0.0303852 0.000271297
 0.753843 0.0900009 0.118128 0.0371064 0.000921714
 0.721811 0.176058 0.0630433 0.0369309 0.00215725
 0.143369 0.312575 0.442814 0.0836902 0.0175525
 0.692698 0.0596174 0.167031 0.0765114 0.00414204
 0.394062 0.376323 0.152708 0.0712218 0.00568511
 0.125707 0.32114 0.495352 0.0537591 0.00404204
 0.23352 0.215282 0.420074 0.123614 0.00750983
 0.796117 0.104755 0.0508955 0.0450114 0.00322123
pf_pred 
 0.341798 0.48421 0.155252 5.64479e-05 0.0186836
 0.266403 0.384326 0.256943 0.0823834 0.00994426
 0.421462 0.257314 0.168287 0.112509 0.040428
 0.581629 0.257913 0.0713664 0.0466746 0.0424172
 0.534082 0.36093 0.0647216 0.0179089 0.022357
 0.806053 0.138451 0.042991 0.00770908 0.00479614
 0.329804 0.606835 0.0452312 0.014045 0.0040854
 0.26938 0.413539 0.287104 0.0213997 0.00857779
 0.611888 0.169851 0.123538 0.0857675 0.00895526
 0.744856 0.203271 0.0227017 0.0165116 0.0126603
 0.76111 0.210205 0.0228533 0.0025523 0.00327973
 0.589613 0.356688 0.0472513 0.00513712 0.00131097
 0.5867 0.319626 0.0814167 0.0107855 0.00147183
 0.568872 0.332167 0.076532 0.0194946 0.00293492
 0.700976 0.232453 0.0512899 0.0118173 0.00346334
 0.849353 0.127303 0.0181467 0.004004 0.0011929
 0.430804 0.529255 0.0337523 0.0048113 0.00137787
 0.731606 0.166198 0.0950245 0.00606001 0.00111123
 0.5955 0.346992 0.035611 0.0203607 0.00153657
 0.480107 0.401596 0.101478 0.0104145 0.00640387
 0.632244 0.248295 0.092279 0.0233177 0.00386453
 0.66085 0.268058 0.0479984 0.0178387 0.00525467
 0.201837 0.649478 0.117518 0.0210427 0.0101242
 0.641458 0.125124 0.189936 0.0343674 0.00911458
 0.489342 0.404268 0.037128 0.0563596 0.0129024
 0.31856 0.456206 0.178309 0.0163759 0.0305491
 0.637746 0.17913 0.122597 0.0479171 0.0126102
 0.593116 0.32126 0.0423402 0.0289777 0.0143066
 0.233801 0.578208 0.14843 0.0195623 0.0199985
 0.319721 0.264336 0.313889 0.0805777 0.0214762
 0.799738 0.100108 0.0389169 0.0462125 0.0150249
pobs_RECLAS
 0 0 0 0 0
 0 0 0 0 0
 0 0 0 0 0
 0 0 0 0 0
 0 0 0 0 0
 0 0 0 0 0
 0 0 0 0 0
 0 0 0 0 0
 0 0 0 0 0
 0 0 0 0 0
 0.991045 0.00858322 0.000360255 1.14367e-05 0
 0.934742 0.0480273 0.0164251 0.00080598 0
 0.827803 0.169806 0.00239088 0 0
 0.941827 0.0461693 0.0120037 0 0
 0.791401 0.0380133 0.147996 0.0225897 0
 0.846168 0.0940531 0.0597789 0 0
 0.134021 0.677848 0.182769 0.00536245 0
 0.80878 0.0450904 0.141981 0.00414843 0
 0.846168 0.0940531 0.0597789 0 0
 0.905697 0.0802665 0.012482 0.00150086 5.37128e-05
 0.989698 0.0102097 9.19794e-05 0 0
 0.975433 0.0193895 0.00387452 0.00125025 5.28907e-05
 0.303575 0.632131 0.0575291 0.00676475 0
 0.966965 0.00978017 0.0227588 0.000495775 0
 0.843318 0.132988 0.00938335 0.0141283 0.000182051
 0.564624 0.303363 0.111486 0.0197234 0.00080311
 0.826376 0.0876187 0.0782897 0.00655872 0.00115652
 0.89761 0.0855135 0.0140674 0.00269457 0.000114338
 0.34875 0.467042 0.161289 0.0227151 0.000203297
 0.318654 0.224769 0.449479 0.00709798 0
 0.937255 0.0296025 0.0250945 0.00804832 0
ppred_RECLAS
 0.343849 0.482701 0.154768 5.6272e-05 0.0186254
 0.269636 0.382633 0.25581 0.0820204 0.00990044
 0.425497 0.255519 0.167113 0.111724 0.040146
 0.591684 0.251714 0.0696512 0.0455528 0.0413978
 0.537544 0.358249 0.0642407 0.0177759 0.0221909
 0.80999 0.13564 0.0421182 0.00755259 0.00469877
 0.342992 0.594893 0.0443411 0.0137686 0.00400501
 0.271041 0.412599 0.286451 0.021351 0.00855829
 0.62198 0.165435 0.120326 0.0835374 0.00872241
 0.753337 0.196514 0.0219471 0.0159628 0.0122395
 0.762263 0.20919 0.0227429 0.00253998 0.0032639
 0.597335 0.349976 0.0463623 0.00504046 0.0012863
 0.5942 0.313826 0.0799392 0.0105898 0.00144512
 0.583203 0.321125 0.0739879 0.0188466 0.00283736
 0.706692 0.22801 0.0503095 0.0115914 0.00339714
 0.85311 0.124128 0.0176942 0.00390415 0.00116315
 0.433643 0.526615 0.0335839 0.0047873 0.001371
 0.734961 0.164121 0.0938366 0.00598426 0.00109734
 0.601633 0.341731 0.035071 0.020052 0.00151327
 0.485218 0.397648 0.100481 0.0103121 0.00634092
 0.635812 0.245886 0.0913837 0.0230915 0.00382704
 0.665243 0.264586 0.0473767 0.0176076 0.0051866
 0.203319 0.648272 0.1173 0.0210037 0.0101054
 0.643642 0.124362 0.188779 0.0341581 0.00905907
 0.491509 0.402552 0.0369705 0.0561204 0.0128476
 0.320073 0.455193 0.177913 0.0163396 0.0304813
 0.640078 0.177977 0.121808 0.0476087 0.012529
 0.595134 0.319666 0.0421302 0.028834 0.0142357
 0.23491 0.577371 0.148215 0.019534 0.0199695
 0.321843 0.263511 0.31291 0.0803264 0.0214092
 0.801473 0.0992406 0.0385797 0.045812 0.0148947
pobs_PELACES
 0 0 0 0 0
 0 0 0 0 0
 0 0 0 0 0
 0 0 0 0 0
 0 0 0 0 0
 0 0 0 0 0
 0 0 0 0 0
 0 0 0 0 0
 0 0 0 0 0
 0 0 0 0 0
 0 0 0 0 0
 0 0 0 0 0
 0 0 0 0 0
 0 0 0 0 0
 0 0 0 0 0
 0 0 0 0 0
 0.505614 0.472636 0.0217494 0 0
 0 0 0 0 0
 0.443492 0.261883 0.143347 0.151278 0
 0.227955 0.32914 0.350689 0.0885471 0.00366901
 0.970185 0.0296113 0.000203453 0 0
 0.997202 0.00247181 0.000326279 0 0
 0.445219 0.490057 0.0546422 0.010081 0
 0.90214 0.0892962 0.00764917 0.000914606 0
 0 0 0 0 0
 0.581667 0.319106 0.0959925 0.00289975 0.000334073
 0.762889 0.0836404 0.116647 0.0363945 0.000428098
 0.88444 0.0763242 0.0277011 0.0115352 0
 0.521256 0.241999 0.230069 0.00667565 0
 0.616807 0.101726 0.260614 0.0208532 0
 0.833518 0.0704572 0.0857862 0.0102388 0
ppred_PELACES
 0.351135 0.477341 0.15305 5.56472e-05 0.0184185
 0.280357 0.377016 0.252055 0.0808164 0.00975511
 0.438726 0.249636 0.163265 0.109151 0.0392216
 0.618606 0.235118 0.0650588 0.0425493 0.0386682
 0.549104 0.349294 0.0626349 0.0173315 0.0216362
 0.821524 0.127406 0.0395616 0.00709414 0.00441355
 0.376793 0.564288 0.0420599 0.0130602 0.00379896
 0.277006 0.409222 0.284107 0.0211763 0.00848826
 0.648673 0.153753 0.111829 0.0776386 0.0081065
 0.77498 0.179271 0.0200213 0.0145621 0.0111655
 0.766446 0.20551 0.0223428 0.00249529 0.00320648
 0.619317 0.330871 0.0438313 0.0047653 0.00121608
 0.615711 0.29719 0.0757018 0.0100284 0.00136851
 0.618225 0.294142 0.0677709 0.0172629 0.00259894
 0.723328 0.215077 0.047456 0.010934 0.00320446
 0.863672 0.115203 0.0164219 0.00362343 0.00107952
 0.443417 0.517527 0.0330043 0.00470468 0.00134734
 0.745655 0.157499 0.0900505 0.00574281 0.00105306
 0.619961 0.326009 0.0334575 0.0191294 0.00144365
 0.501321 0.385209 0.0973374 0.00998951 0.00614257
 0.647474 0.238012 0.0884574 0.0223521 0.00370448
 0.678979 0.25373 0.0454328 0.0168851 0.00497379
 0.208608 0.643968 0.116521 0.0208642 0.0100383
 0.651266 0.121701 0.18474 0.0334272 0.00886524
 0.499202 0.396462 0.0364112 0.0552715 0.0126533
 0.32559 0.4515 0.176469 0.016207 0.030234
 0.648161 0.17398 0.119072 0.0465395 0.0122477
 0.602295 0.314012 0.041385 0.028324 0.0139839
 0.239005 0.574281 0.147422 0.0194294 0.0198627
 0.329336 0.2606 0.309453 0.0794388 0.0211726
 0.807388 0.0962839 0.0374303 0.0444472 0.014451
pobs_pel_tallas
 0 0 0 0 0 0 0 0 0 0 0 0 0 0 0 0 0 0 0 0 0 0 0 0 0 0
 0 0 0 0 0 0 0 0 0 0 0 0 0 0 0 0 0 0 0 0 0 0 0 0 0 0
 0 0 0 0 0 0 0 0 0 0 0 0 0 0 0 0 0 0 0 0 0 0 0 0 0 0
 0 0 0 0 0 0 0 0 0 0 0 0 0 0 0 0 0 0 0 0 0 0 0 0 0 0
 0 0 0 0 0 0 0 0 0 0 0 0 0 0 0 0 0 0 0 0 0 0 0 0 0 0
 0 0 0 0 0 0 0 0 0 0 0 0 0 0 0 0 0 0 0 0 0 0 0 0 0 0
 0 0 0 0 0 0 0 0 0 0 0 0 0 0 0 0 0 0 0 0 0 0 0 0 0 0
 0 0 0 0 0 0 0 0 0 0 0 0 0 0 0 0 0 0 0 0 0 0 0 0 0 0
 0 0 0 0 0 0 0 0 0 0 0 0 0 0 0 0 0 0 0 0 0 0 0 0 0 0
 0 0 0 0 0 0 0 0 0 0 0 0 0 0 0 0 0 0 0 0 0 0 0 0 0 0
 0 0 0 0 0 0 0 0 0 0 0 0 0 0 0 0 0 0 0 0 0 0 0 0 0 0
 0 0 0 0 0 0 0 0 0 0 0 0 0 0 0 0 0 0 0 0 0 0 0 0 0 0
 0.00862536 0 0 0.000197151 0.00414017 0.0128641 0.00837892 0.0270097 0.101434 0.158115 0.152841 0.127902 0.109271 0.109419 0.0830992 0.0579132 0.0238553 0.00714673 0.00463305 0.00128148 0.00103504 0.000492878 0.000147863 0.000147863 4.92878e-05 0
 0 0 0 0 0 0 0 0 0 0 0 0 0 0 0 0 0 0 0 0 0 0 0 0 0 0
 0 0 0 0 0 0 0 0.0054083 0.00873648 0.0413646 0.0450493 0.0745869 0.0622846 0.0627006 0.0613931 0.0827291 0.12552 0.122667 0.0946155 0.0697135 0.0546179 0.0294188 0.0215738 0.0213955 0.0102223 0.00600262
 0 0 0 0 0.00359764 0.0251062 0.0480494 0.140153 0.205849 0.193036 0.1447 0.116669 0.0760912 0.0342217 0.00950174 0.001854 0.000860785 0 0 0 0.000165536 0 0.000143464 0 0 0
 0 0 0 0 0 0 0 0.000145254 0.000435761 0.0275982 0.070085 0.0708112 0.156366 0.174668 0.174014 0.160142 0.0824315 0.0480064 0.0283245 0.00493863 0.00203355 0 0 0 0 0
 0 0 0 0 0 0 0 0 0 0 0 0 0 0 0 0 0 0 0 0 0 0 0 0 0 0
 0 0 1.00437e-05 0.000401748 0.00122533 0.00171747 0.00176769 0.0269171 0.070346 0.194647 0.189555 0.159765 0.064822 0.0314167 0.0384472 0.0292271 0.0345202 0.0313363 0.0194345 0.0106764 0.0143323 0.0359363 0.0279516 0.0138201 0.00172751 0
 0 0.0021121 0.0136068 0.0755702 0.200478 0.177729 0.0527432 0.0373336 0.0318909 0.0142505 0.0149659 0.0166563 0.0217959 0.0798694 0.0677717 0.0528807 0.04013 0.0224614 0.0357745 0.0225083 0.00881397 0.00855152 0.00135912 0.000746735 0 0
 0 0 0 0 5.4009e-05 0.00500934 0.000945158 0.0243581 0.138947 0.33067 0.221406 0.137944 0.0707744 0.0437923 0.0131692 0.00525238 0.0047753 0.00276346 9.45158e-05 9.00151e-06 2.25038e-05 9.00151e-06 4.50075e-06 0 0 0
 0.000866109 0.00284123 0.00948549 0.0512746 0.133035 0.25785 0.225252 0.132002 0.0553304 0.0519788 0.0540692 0.017754 0.00435017 0.00159236 0.00146478 0.000404838 0.000125132 0.000115318 0.000107957 0.000100596 0 0 0 0 0 0
 0 0 0 0 0.00144013 0.00171154 0.00461396 0.0210425 0.0478622 0.0707936 0.0888783 0.103762 0.0637923 0.0337046 0.0602308 0.124433 0.169614 0.0934646 0.0462172 0.0250306 0.0313229 0.00938855 0.002487 0.000210481 0 0
 0 0.00764035 0.051015 0.0998891 0.058973 0.0496711 0.0374665 0.0718981 0.12319 0.153886 0.159021 0.0857701 0.0377988 0.023471 0.0147837 0.00900784 0.00315554 0.000888139 0.00291439 0.00214683 0.00393193 0.00274676 0.000635225 9.99891e-05 0 0
 0 0 0 0 0 0 0 0 0 0 0 0 0 0 0 0 0 0 0 0 0 0 0 0 0 0
 0 0 0 0 0 0 0 0 0 0 0 0 0 0 0 0 0 0 0 0 0 0 0 0 0 0
 0 0 0 0 0 0 0 0 0 0 0 0 0 0 0 0 0 0 0 0 0 0 0 0 0 0
 0 0 0 0 0 0 0 0 0 0 0 0 0 0 0 0 0 0 0 0 0 0 0 0 0 0
 0 0 0 0 0 0 0 0 0 0 0 0 0 0 0 0 0 0 0 0 0 0 0 0 0 0
 0 0 0 0 0 0 0 0 0 0 0 0 0 0 0 0 0 0 0 0 0 0 0 0 0 0
 0 0 0 0 0 0 0 0 0 0 0 0 0 0 0 0 0 0 0 0 0 0 0 0 0 0
ppred_pel_tallas
 1.07662e-16 2.89226e-05 0.000281138 0.00186826 0.00849288 0.0264247 0.0563024 0.0821847 0.0822308 0.0565279 0.0271823 0.0106825 0.00737066 0.0123131 0.0229388 0.0380295 0.0551334 0.0700613 0.0785214 0.0784751 0.0712598 0.0605111 0.0498223 0.0410262 0.0341063 0.0282242
 1.17126e-16 2.30927e-05 0.000224469 0.00149168 0.00678098 0.0210984 0.0449536 0.0656188 0.0656555 0.045133 0.0217015 0.00852735 0.00589159 0.0098837 0.0185274 0.0310125 0.0456583 0.0594945 0.0694661 0.0741324 0.0743623 0.0723637 0.0699029 0.0672302 0.0634093 0.0574568
 1.2236e-16 3.61374e-05 0.000351268 0.0023343 0.0106114 0.0330162 0.0703453 0.102676 0.1027 0.0704642 0.033416 0.0117694 0.0052533 0.00676465 0.0123392 0.0206699 0.0305574 0.0401199 0.0474864 0.0518951 0.0541024 0.0556526 0.0575956 0.0597109 0.0607567 0.0593753
 1.12749e-16 5.09538e-05 0.000495289 0.00329137 0.0149621 0.0465528 0.0991865 0.14477 0.144793 0.0992976 0.0469261 0.0160411 0.0060035 0.00642829 0.0113564 0.0187955 0.0273196 0.0349045 0.0395478 0.0404016 0.0382925 0.0351204 0.0326134 0.0314093 0.0310152 0.0304244
 1.07297e-16 4.5229e-05 0.000439642 0.00292158 0.0132811 0.0413226 0.0880434 0.128509 0.128543 0.088208 0.0418755 0.0148784 0.00693242 0.00919995 0.0166965 0.0275685 0.0397999 0.0502482 0.0557449 0.0548497 0.048706 0.0402386 0.0323579 0.0265735 0.02282 0.0201968
 1.02633e-16 6.76679e-05 0.000657756 0.00437102 0.01987 0.0618231 0.131721 0.192253 0.192266 0.131781 0.0620253 0.0204545 0.00583983 0.00386981 0.0061845 0.0101605 0.0147314 0.0187377 0.0210407 0.0211099 0.0193156 0.0166342 0.0140152 0.0119178 0.010291 0.00886092
 1.03311e-16 3.10361e-05 0.000301682 0.00200478 0.00911349 0.0283557 0.0604169 0.0881916 0.0882459 0.0606823 0.0292468 0.0116864 0.00846019 0.0143842 0.0267476 0.0440952 0.0633426 0.0792875 0.0866466 0.0829864 0.0701911 0.0532248 0.0372192 0.0251368 0.0173416 0.0126596
 1.11864e-16 2.28167e-05 0.000221787 0.00147385 0.00669994 0.0208462 0.0444165 0.0648355 0.0648753 0.0446111 0.0215007 0.00859478 0.00624706 0.0106976 0.0200817 0.0335879 0.0493693 0.0641323 0.0744493 0.0786119 0.0774238 0.0732205 0.0680196 0.0624049 0.0558474 0.0478081
 1.12425e-16 5.34304e-05 0.000519362 0.00345134 0.0156893 0.0488154 0.104007 0.151804 0.151819 0.10408 0.049062 0.0164038 0.0052533 0.00448117 0.00766132 0.0128036 0.0189693 0.0249914 0.0297249 0.0326866 0.0342931 0.0354101 0.0365838 0.0376046 0.0377032 0.0361285
 1.03974e-16 6.38341e-05 0.000620491 0.00412338 0.0187443 0.0583205 0.124259 0.181363 0.18138 0.124343 0.058604 0.0195629 0.0061781 0.00510585 0.00858233 0.0140883 0.020294 0.0255398 0.02819 0.0275164 0.0241437 0.0196346 0.0155485 0.0126994 0.0110427 0.0100522
 1.01491e-16 6.31312e-05 0.000613657 0.00407797 0.0185379 0.0576783 0.12289 0.179366 0.179386 0.122987 0.058003 0.0194757 0.00643138 0.00574924 0.00981083 0.0161043 0.023157 0.0290446 0.0318489 0.0306834 0.0262186 0.0202302 0.0145466 0.0102124 0.00734705 0.00553587
 1.02034e-16 5.10124e-05 0.000495858 0.00329515 0.0149793 0.0466064 0.099301 0.144939 0.144971 0.0994568 0.0471294 0.01649 0.00708679 0.00877171 0.0157643 0.0259697 0.0373778 0.0469417 0.0515827 0.0498667 0.0428464 0.0333337 0.0242187 0.0171454 0.0123052 0.00907384
 1.03498e-16 5.07153e-05 0.000492971 0.00327597 0.0148921 0.046335 0.0987227 0.144095 0.144123 0.0988629 0.046806 0.0162533 0.00669514 0.00796517 0.0142655 0.0235648 0.0340828 0.0431523 0.0480723 0.0475701 0.0425158 0.0352533 0.0281241 0.0223597 0.0179914 0.0144781
 1.04203e-16 5.09225e-05 0.000494985 0.00328935 0.0149529 0.0465242 0.0991258 0.144683 0.144711 0.0992646 0.0469903 0.0162995 0.00667164 0.00788552 0.0141073 0.0232952 0.0336779 0.0426131 0.0474326 0.0468946 0.0418923 0.0347844 0.0279166 0.0225055 0.0185375 0.015399
 1.03064e-16 5.95796e-05 0.000579135 0.00384856 0.017495 0.0544336 0.115977 0.169276 0.169297 0.116079 0.0547742 0.0184794 0.00632087 0.00598072 0.0103314 0.0170203 0.0245936 0.0310969 0.0345739 0.0341155 0.0303804 0.025106 0.0200257 0.0160467 0.0131686 0.0109403
 1.0105e-16 7.11395e-05 0.000691502 0.00459527 0.0208894 0.0649949 0.138479 0.202116 0.202127 0.138533 0.0651771 0.0214156 0.00591608 0.00357485 0.00554717 0.00905802 0.0130414 0.0163991 0.0180626 0.0175379 0.0151938 0.0120048 0.00896454 0.00662569 0.00503285 0.00395041
 1.01785e-16 3.65238e-05 0.000355024 0.00235926 0.0107249 0.0333694 0.0710989 0.103781 0.103831 0.0713423 0.0341864 0.0130837 0.00827695 0.0132624 0.0245176 0.0403894 0.0579778 0.0724834 0.0790348 0.0753796 0.0632416 0.0471971 0.0320082 0.0204709 0.0130025 0.0085888
 1.03394e-16 6.14186e-05 0.000597011 0.00396735 0.018035 0.0561136 0.119557 0.1745 0.174515 0.119631 0.0563649 0.018762 0.00579721 0.00460813 0.00772743 0.0128029 0.0187269 0.0241495 0.0277117 0.0287443 0.0275926 0.0252482 0.0226212 0.0200692 0.0174719 0.014625
 1.03212e-16 5.10654e-05 0.000496374 0.00329858 0.0149949 0.0466549 0.0994043 0.14509 0.145121 0.0995577 0.04717 0.0164827 0.00703239 0.00864482 0.0155193 0.0255574 0.0367703 0.0461567 0.0506964 0.0490065 0.0421714 0.0330123 0.0244039 0.0179426 0.0137322 0.0110319
 1.04949e-16 4.12933e-05 0.000401385 0.00266735 0.0121254 0.0377268 0.0803823 0.117328 0.117365 0.0805641 0.0383373 0.0138896 0.00709885 0.0100857 0.0184637 0.0305368 0.0441659 0.0559126 0.0622779 0.0616157 0.0550616 0.0456657 0.0364755 0.0290949 0.0235612 0.0191549
 1.05483e-16 5.33316e-05 0.000518403 0.00344497 0.0156603 0.0487253 0.103815 0.151526 0.151549 0.103928 0.0491035 0.016754 0.00619468 0.00653561 0.0115239 0.0190792 0.0277421 0.0354383 0.0400757 0.0406733 0.0378924 0.0334761 0.0290792 0.0254383 0.0223804 0.0193926
 1.03912e-16 5.59266e-05 0.000543627 0.00361259 0.0164223 0.0510961 0.108867 0.158899 0.158924 0.108986 0.0514977 0.0175826 0.00652589 0.00690651 0.0121495 0.0200221 0.0288967 0.0364667 0.0404188 0.0396913 0.0350953 0.0287362 0.0227181 0.0181473 0.0150136 0.0127258
 1.07319e-16 1.71829e-05 0.000167024 0.00110994 0.00504565 0.0156992 0.0334512 0.048836 0.0488981 0.0337547 0.0167184 0.00798984 0.00850216 0.0163106 0.0306953 0.0507666 0.0732412 0.0923346 0.10214 0.0999107 0.08766 0.070719 0.0544764 0.041862 0.0330292 0.026665
 1.10215e-16 5.3644e-05 0.000521439 0.00346514 0.015752 0.0490105 0.104423 0.15241 0.152422 0.104481 0.0492086 0.0163277 0.00492326 0.00374804 0.00630935 0.01068 0.0161613 0.0219599 0.0272618 0.0316381 0.0351523 0.0380082 0.0400747 0.0407702 0.0394281 0.0358093
 1.08837e-16 4.11187e-05 0.000399688 0.00265607 0.0120741 0.0375673 0.0800425 0.116832 0.116871 0.0802292 0.038194 0.013884 0.00719884 0.0103157 0.0188717 0.0311323 0.0448495 0.0564366 0.0622931 0.0608298 0.053455 0.0436432 0.0348366 0.0287914 0.0253335 0.0232218
 1.1195e-16 2.68185e-05 0.000260685 0.00173235 0.00787503 0.0245024 0.0522065 0.0762061 0.0762498 0.0524201 0.0252201 0.00995034 0.00695036 0.0116805 0.0217996 0.0362178 0.0526875 0.0673388 0.0762104 0.0774396 0.0722755 0.0640219 0.0558263 0.0491088 0.0435656 0.0382274
 1.10221e-16 5.33882e-05 0.000518952 0.00344862 0.0156769 0.0487769 0.103925 0.151685 0.151702 0.104008 0.0490554 0.0164835 0.00548129 0.00498311 0.00861094 0.0143603 0.0211758 0.0276776 0.0324879 0.0349791 0.0355799 0.0353104 0.0349433 0.0345034 0.0334316 0.0311421
 1.06482e-16 4.96103e-05 0.00048223 0.00320459 0.0145676 0.0453254 0.0965717 0.140956 0.140986 0.0967196 0.0458221 0.0160022 0.00680587 0.00834513 0.0149869 0.0247106 0.0356264 0.0448863 0.0496338 0.0485876 0.0428178 0.0350198 0.0278762 0.0227779 0.0196446 0.0175946
 1.09711e-16 1.96866e-05 0.000191361 0.00127167 0.00578084 0.0179866 0.0383245 0.0559473 0.0560028 0.0385955 0.018897 0.00841151 0.0078801 0.0146345 0.0274992 0.0455598 0.0659302 0.0835396 0.0932037 0.0925028 0.0831588 0.0697268 0.0567228 0.0464671 0.0389051 0.0328406
 1.20547e-16 2.7127e-05 0.000263684 0.00175228 0.00796561 0.0247841 0.0528061 0.0770774 0.077103 0.0529313 0.0252056 0.00918884 0.00484472 0.0070875 0.0132017 0.0223459 0.0335105 0.044924 0.0547407 0.0620574 0.0672312 0.0711364 0.0740402 0.0751511 0.0731946 0.0674292
 1.08008e-16 6.65035e-05 0.000646437 0.0042958 0.0195281 0.0607592 0.129454 0.188944 0.188954 0.1295 0.0609126 0.0199719 0.00541274 0.00309454 0.00474565 0.00782098 0.0114571 0.0148424 0.0172179 0.018291 0.0184158 0.0183153 0.018557 0.0191942 0.0198021 0.0198003
pSPR Fmed_Fpbrs
0.612052   0.285357 0.285357
Fs Fmed_Fpbrs
0.324984   1.005 1.005
SSBpbr Bo_Bmed_Bpbrs
1.76838e+06  993921  416200 416200
Ro
161961
SPR SPRFo_SPRFmed_SPRFpbrs
1.15602e+06 707541 329877
Fref
1.005
Nvult_r0
 271530 18732.7 7282.33 8647.5 2811.54
CTP_r0
 27772 3476.39 1351.45 1604.79 521.762
YTP_r0
391170
Np
 247211 55022.6 17868.3 1045 460.946
Nvult_p0
 192189 47613.2 15462.2 904.276 398.875
CTP_p0
 64276.1 57555 3365.99 1308.53 2008.97
 64276.1 23866 7750.37 453.265 199.935
YTP_p0
 1.56756e+06 1.05475e+06
CBA_c0
1.41372e+06
log_Ro
11.8151
likeval ReclasPelacesDesembMPH_pf_preclas_ppelaces_ptallas_desvR_qrecl_qpela
 20.2481 27.6724 0.0966552 0.00272881 249.323 134.106 105.351 0 29.6692 0 0 0.0379376 0 0 0
q_reclas_q_pelaces
1 1
M
1
N
 194344 143218 45920 16.696 5526.17
 84260.5 64861.3 43363.3 13903.5 1678.26
 80831.4 26336.3 17224.3 11515.4 4137.83
 100088 25254.1 6988 4570.25 4153.38
 73175.1 26167.5 4692.32 1298.4 1620.88
 248522 23375 7258.3 1301.55 809.747
 66884 72451.9 5400.29 1676.87 487.769
 19798.3 15769.7 10948.3 816.044 327.101
 41996.6 6650.75 4837.29 3358.34 350.655
 69631.1 10895.5 1216.83 885.036 678.602
 125224 17798 1934.98 216.103 277.695
 127445 42937.2 5688.01 618.395 157.811
 117118 35447.9 9029.46 1196.16 163.232
 95477.2 32798.3 7556.81 1924.91 289.795
 123572 22560.5 4977.89 1146.92 336.131
 427685 35494.3 5059.62 1116.39 332.601
 187491 120902 7710.31 1099.09 314.759
 503460 61156.1 34966.2 2229.91 408.899
 490227 156480 16059.2 9181.89 692.932
 316007 142766 36075.2 3702.31 2276.56
 457993 95633.5 35542.3 8981.09 1488.47
 661056 144481 25870.8 9614.9 2832.22
 120247 201331 36429.2 6523 3138.39
 394655 40106.2 60880.5 11015.8 2921.51
 305811 131208 12050.2 18292 4187.58
 138720 102485 40056.6 3678.81 6862.78
 322350 47275 32355.1 12646 3328.02
 379281 106568 14045.1 9612.46 4745.78
 100234 127479 32724.8 4312.95 4409.12
 79861.1 34428.3 40882.4 10494.8 2797.16
 404222 26492.9 10299.1 12229.8 3976.25
pred_Ctot
 11489.9 16277.3 5218.99 1.89756 628.071
 8116.89 11709.8 7828.64 2510.09 302.986
 7804.87 4765.09 3116.43 2083.5 748.668
 18818.9 8344.92 2309.1 1510.18 1372.43
 6161.18 4163.7 746.629 206.598 257.911
 33226.5 5707.1 1772.14 317.778 197.703
 15737.9 28957.5 2158.39 670.212 194.951
 1095.17 1681.25 1167.23 87.001 34.8733
 8050.29 2234.64 1625.32 1128.4 117.82
 13835.7 3775.77 421.685 306.704 235.166
 5409.37 1493.97 162.423 18.1397 23.3097
 20103.3 12161.5 1611.07 175.154 44.6983
 18072.8 9845.79 2507.97 332.237 45.3382
 22374.3 13064.5 3010.09 766.744 115.434
 17471.9 5793.92 1278.41 294.547 86.3241
 63960.9 9586.59 1366.54 301.523 89.8318
 13566 16666.3 1062.86 151.508 43.3893
 50054 11370.7 6501.25 414.606 76.0265
 65811.1 38347.5 3935.51 2250.14 169.812
 35997.8 30111.2 7608.71 780.864 480.155
 41768.3 16403.2 6096.28 1540.45 255.305
 73040.5 29627.2 5305.03 1971.62 580.773
 7154.07 23020.6 4165.39 745.853 358.85
 24216 4723.63 7170.37 1297.42 344.09
 17342.4 14327.3 1315.82 1997.39 457.263
 6496.41 9303.44 3636.26 333.955 622.99
 20831.6 5851.16 4004.54 1565.18 411.904
 20859.8 11298.7 1489.1 1019.14 503.161
 4225.96 10451.1 2682.88 353.589 361.473
 5001.63 4135.2 4910.4 1260.54 335.968
 27772 3476.39 1351.45 1604.79 521.762
F
 0.0973784 0.194757 0.194757 0.194757 0.194757
 0.162966 0.325931 0.325931 0.325931 0.325931
 0.163376 0.326752 0.326752 0.326752 0.326752
 0.341532 0.683063 0.683063 0.683063 0.683063
 0.141186 0.282371 0.282371 0.282371 0.282371
 0.232608 0.465216 0.465216 0.465216 0.465216
 0.44487 0.88974 0.88974 0.88974 0.88974
 0.0908674 0.181735 0.181735 0.181735 0.181735
 0.349241 0.698482 0.698482 0.698482 0.698482
 0.364124 0.728248 0.728248 0.728248 0.728248
 0.0703637 0.140727 0.140727 0.140727 0.140727
 0.279623 0.559247 0.559247 0.559247 0.559247
 0.272807 0.545615 0.545615 0.545615 0.545615
 0.442686 0.885371 0.885371 0.885371 0.885371
 0.247455 0.494911 0.494911 0.494911 0.494911
 0.263406 0.526812 0.526812 0.526812 0.526812
 0.1203 0.2406 0.2406 0.2406 0.2406
 0.168574 0.337149 0.337149 0.337149 0.337149
 0.233662 0.467325 0.467325 0.467325 0.467325
 0.195242 0.390483 0.390483 0.390483 0.390483
 0.153705 0.30741 0.30741 0.30741 0.30741
 0.188889 0.377778 0.377778 0.377778 0.377778
 0.0980185 0.196037 0.196037 0.196037 0.196037
 0.101225 0.202449 0.202449 0.202449 0.202449
 0.0932469 0.186494 0.186494 0.186494 0.186494
 0.0764747 0.152949 0.152949 0.152949 0.152949
 0.106856 0.213711 0.213711 0.213711 0.213711
 0.0903249 0.18065 0.18065 0.18065 0.18065
 0.068626 0.137252 0.137252 0.137252 0.137252
 0.103411 0.206822 0.206822 0.206822 0.206822
 0.113933 0.227866 0.227866 0.227866 0.227866
YTP_r0W_actual
 230508 49017.1 37299.9 54883.9 19461.7
YTP_p0W_proyectada
 481428 901887 77855.4 38431.4 67963.5
 481428 373980 179266 13312.4 6763.79
CTP_r0_actual
 27772 3476.39 1351.45 1604.79 521.762
CTP_p0_proyectada
 64276.1 57555 3365.99 1308.53 2008.97
 64276.1 23866 7750.37 453.265 199.935
Wmedp
 7.49 15.67 23.13 29.37 33.83
Frms_r0
 0.113933 0.227866 0.227866 0.227866 0.227866
Zrms_r0
 1.11393 1.22787 1.22787 1.22787 1.22787
nmprior
 8.19 8.8 8.5 0
nm_flota  nm_reclas  nm_pelaces    nm_pelaL
inf 7.1586 8.21992 15.4642
cv_recla  cv_pelaces  cv_mph
0.407021 0.59648 1.6121
 ------------------------------------------------
Talla a la edad & desviaci?n 
 8 13.2811 15.8009 17.003 17.5766
 0.8 1.32811 1.58009 1.7003 1.75766
