years
 1991 1992 1993 1994 1995 1996 1997 1998 1999 2000 2001 2002 2003 2004 2005 2006 2007 2008 2009 2010 2011 2012 2013 2014 2015 2016 2017 2018 2019 2020 2021
reclasobs
 0 0 0 0 0 0 0 0 0 252601 567819 844713 477998 351125 339783 2.1784e+06 2.13404e+06 4.81314e+06 1.55562e+06 2.62356e+06 3.21686e+06 3.843e+06 1.13348e+06 3.07943e+06 1.97215e+06 2.03268e+06 2.025e+06 2.42433e+06 2.27542e+06 1.05018e+06 2.36338e+06
reclaspred
 3.39231e+06 1.93339e+06 985713 1.05582e+06 1.09972e+06 1.68472e+06 1.1469e+06 1.0305e+06 744744 541813 544162 663536 657264 533081 540522 1.2355e+06 1.24802e+06 2.65553e+06 2.20699e+06 1.65947e+06 2.93404e+06 2.38949e+06 1.94748e+06 2.98835e+06 2.25697e+06 2.00715e+06 2.33228e+06 2.42315e+06 2.01914e+06 1.32476e+06 1.94923e+06
pelacesobs
 0 0 0 0 0 0 0 0 0 0 0 0 0 0 0 552880 188675 0 991730 2.46772e+06 1.41603e+06 1.21717e+06 2.29649e+06 1.80582e+06 0 1.4828e+06 1.56532e+06 1.57751e+06 1.42118e+06 867257 1.10002e+06
pelacespred
 2.21029e+06 1.41258e+06 728010 612396 659919 1.0266e+06 706632 727471 527945 367127 366928 375876 405494 350128 356749 660003 700825 1.61678e+06 1.45279e+06 1.02582e+06 1.68726e+06 1.53499e+06 1.26047e+06 2.02116e+06 1.53789e+06 1.35456e+06 1.73433e+06 1.78347e+06 1.28261e+06 947427 1.3119e+06
mphobs
 0 0 0 0 0 0 0 0 0 0 0 498337 0 5186 125008 0 168611 109162 213762 579715 649985 157893 87575 83554 0 0 0 0 0 0 0
mphpred
 4.20185e+06 2.82706e+06 1.44146e+06 789206 955157 1.10314e+06 1.44377e+06 989707 855250 599163 394185 522235 553157 480424 347732 429407 1.17302e+06 1.17459e+06 2.16281e+06 1.66903e+06 1.79321e+06 2.20334e+06 2.10213e+06 1.7758e+06 2.45661e+06 2.03064e+06 1.68385e+06 1.75655e+06 2.38628e+06 1.66995e+06 1.09619e+06
desembarqueobs
 494567 514787 250237 358949 120608 361735 552515 73892 212993 205616 52469 317467 293654 387597 252695 516296 358380 742168 942051 627588 828172 859565 418607 520667 417249 300574 415391 372974 316634 284311 391294
desembarquepred
 494574 513129 251136 358969 120612 361750 552577 73895.3 213036 205658 52471.3 317538 293714 387665 252703 516292 358409 742104 941946 627513 828258 859629 418626 520694 417257 300582 415400 372969 316636 284325 391302
Reclutas
 230506 132503 131097 265445 212769 337523 142599 68050.2 59858.8 76083.8 134600 171816 145511 102693 104995 514612 127241 793177 471090 358790 536461 722570 161012 463454 388773 178183 385404 426339 135720 101478 369958
log_desv_Rt
 0.073332 -0.480343 -0.491005 0.214461 -0.00673549 0.454688 -0.40691 -1.1467 -1.27496 -1.03511 -0.464641 -0.22052 -0.386693 -0.735204 -0.713031 0.876468 -0.520859 1.3091 0.788105 0.515793 0.918049 1.21587 -0.285465 0.771762 0.59605 -0.184133 0.587348 0.688289 -0.456354 -0.747105 0.546445
SSB
 4.20185e+06 2.82706e+06 1.44146e+06 789206 955157 1.10314e+06 1.44377e+06 989707 855250 599163 394185 522235 553157 480424 347732 429407 1.17302e+06 1.17459e+06 2.16281e+06 1.66903e+06 1.79321e+06 2.20334e+06 2.10213e+06 1.7758e+06 2.45661e+06 2.03064e+06 1.68385e+06 1.75655e+06 2.38628e+06 1.66995e+06 1.09619e+06
BT
 5.56441e+06 3.79964e+06 1.94947e+06 1.78597e+06 1.66696e+06 2.81239e+06 2.15683e+06 1.8038e+06 1.46752e+06 1.07601e+06 938986 1.17971e+06 1.25038e+06 1.25865e+06 1.13441e+06 2.07359e+06 1.94327e+06 4.67697e+06 4.40646e+06 3.01314e+06 4.80267e+06 4.50088e+06 3.34801e+06 5.46408e+06 4.03259e+06 3.4928e+06 4.67704e+06 4.7425e+06 3.25643e+06 2.50437e+06 3.6112e+06
Ftot
 0.100942 0.181579 0.175407 0.244497 0.0784206 0.156115 0.32975 0.0509405 0.201533 0.2655 0.0712869 0.339664 0.316774 0.509701 0.340871 0.312555 0.20117 0.207584 0.301265 0.267912 0.203567 0.257626 0.150144 0.128519 0.131221 0.10589 0.130624 0.113754 0.108296 0.149454 0.149146
BD_Bspro_t
 0.983979 0.880528 0.751274 0.676285 0.68639 0.751948 0.744739 0.621238 0.669268 0.634657 0.603115 0.744632 0.63631 0.555168 0.459831 0.512366 0.643504 0.631404 0.705434 0.618763 0.591873 0.63754 0.653004 0.65163 0.746276 0.754059 0.761683 0.788801 0.823019 0.770245 0.719806
BD_Bspro
 2.74426 1.84638 0.941431 0.515437 0.623821 0.720472 0.942939 0.646386 0.558571 0.391318 0.257446 0.341076 0.361272 0.313769 0.227107 0.280449 0.76611 0.767134 1.41255 1.09006 1.17116 1.43902 1.37292 1.15979 1.60444 1.32623 1.09974 1.14722 1.5585 1.09066 0.715934
BD_Bo
 1.89635 1.27589 0.650553 0.35618 0.431076 0.497865 0.651595 0.446669 0.385987 0.270411 0.177902 0.235692 0.249648 0.216822 0.156937 0.193797 0.529401 0.530109 0.976108 0.753256 0.8093 0.994401 0.948721 0.801445 1.10871 0.916458 0.759946 0.792758 1.07696 0.753672 0.494728
BD_Brms
 12.7286 8.56395 4.36659 2.39073 2.89344 3.34173 4.37359 2.9981 2.59079 1.81503 1.1941 1.582 1.67567 1.45534 1.05338 1.30079 3.55341 3.55816 6.55177 5.05595 5.43213 6.67454 6.36794 5.3794 7.44177 6.15139 5.10085 5.32109 7.2287 5.05874 3.32068
Sel_flota
 0.859474 1 1 1 1
 0.859474 1 1 1 1
 0.859474 1 1 1 1
 0.859474 1 1 1 1
 0.859474 1 1 1 1
 0.859474 1 1 1 1
 0.859474 1 1 1 1
 0.859474 1 1 1 1
 0.859474 1 1 1 1
 0.859474 1 1 1 1
 0.859474 1 1 1 1
 0.859474 1 1 1 1
 0.859474 1 1 1 1
 0.859474 1 1 1 1
 0.859474 1 1 1 1
 0.859474 1 1 1 1
 0.859474 1 1 1 1
 0.859474 1 1 1 1
 0.859474 1 1 1 1
 0.859474 1 1 1 1
 0.859474 1 1 1 1
 0.859474 1 1 1 1
 0.859474 1 1 1 1
 0.859474 1 1 1 1
 0.859474 1 1 1 1
 0.859474 1 1 1 1
 0.859474 1 1 1 1
 0.859474 1 1 1 1
 0.859474 1 1 1 1
 0.859474 1 1 1 1
 0.859474 1 1 1 1
Sel_reclas
 1 1 1 1 1
 1 1 1 1 1
 1 1 1 1 1
 1 1 1 1 1
 1 1 1 1 1
 1 1 1 1 1
 1 1 1 1 1
 1 1 1 1 1
 1 1 1 1 1
 1 1 1 1 1
 1 1 1 1 1
 1 1 1 1 1
 1 1 1 1 1
 1 1 1 1 1
 1 1 1 1 1
 1 1 1 1 1
 1 1 1 1 1
 1 1 1 1 1
 1 1 1 1 1
 1 1 1 1 1
 1 1 1 1 1
 1 1 1 1 1
 1 1 1 1 1
 1 1 1 1 1
 1 1 1 1 1
 1 1 1 1 1
 1 1 1 1 1
 1 1 1 1 1
 1 1 1 1 1
 1 1 1 1 1
 1 1 1 1 1
Sel_pelaces
 0.894441 1 1 1 1
 0.894441 1 1 1 1
 0.894441 1 1 1 1
 0.894441 1 1 1 1
 0.894441 1 1 1 1
 0.894441 1 1 1 1
 0.894441 1 1 1 1
 0.894441 1 1 1 1
 0.894441 1 1 1 1
 0.894441 1 1 1 1
 0.894441 1 1 1 1
 0.894441 1 1 1 1
 0.894441 1 1 1 1
 0.894441 1 1 1 1
 0.894441 1 1 1 1
 0.894441 1 1 1 1
 0.894441 1 1 1 1
 0.894441 1 1 1 1
 0.894441 1 1 1 1
 0.894441 1 1 1 1
 0.894441 1 1 1 1
 0.894441 1 1 1 1
 0.894441 1 1 1 1
 0.894441 1 1 1 1
 0.894441 1 1 1 1
 0.894441 1 1 1 1
 0.894441 1 1 1 1
 0.894441 1 1 1 1
 0.894441 1 1 1 1
 0.894441 1 1 1 1
 0.894441 1 1 1 1
pf_obs 
 0.8446 0.082 0.0669 0.0065 0
 0.8095 0.147 0.0364 0.0071 0
 0.9664 0.0169 0.016 0.0007 0
 0.9276 0.0648 0.0075 0.0001 0
 0.7033 0.2144 0.0806 0.0017 0
 0.9318 0.0425 0.0243 0.0014 0
 0.5671 0.3108 0.0964 0.0239 0.0018
 0.0768 0.2599 0.5324 0.112 0.0189
 0.490249 0.384438 0.106611 0.0170017 0.00170017
 0.7925 0.1577 0.0466 0.003 0.0002
 0.840416 0.127587 0.0312969 0.00059994 9.999e-05
 0.8084 0.0986 0.0794 0.0134 0.0002
 0.7335 0.1905 0.0724 0.0035 0.0001
 0.4001 0.4547 0.1325 0.0127 0
 0.49795 0.308269 0.164784 0.0264974 0.00249975
 0.9179 0.0499 0.0305 0.0017 0
 0.2467 0.6533 0.0926 0.0074 0
 0.9418 0.0223 0.034 0.0019 0
 0.707729 0.231977 0.0356964 0.0245975 0
 0.517169 0.277429 0.184464 0.0207286 0.00020938
 0.811772 0.124168 0.05621 0.00726502 0.000585176
 0.764997 0.148141 0.077277 0.00933861 0.000247198
 0.163321 0.427699 0.378323 0.0303852 0.000271297
 0.753843 0.0900009 0.118128 0.0371064 0.000921714
 0.721811 0.176058 0.0630433 0.0369309 0.00215725
 0.143369 0.312575 0.442814 0.0836902 0.0175525
 0.692698 0.0596174 0.167031 0.0765114 0.00414204
 0.394062 0.376323 0.152708 0.0712218 0.00568511
 0.125707 0.32114 0.495352 0.0537591 0.00404204
 0.23352 0.215282 0.420074 0.123614 0.00750983
 0.774587 0.0839891 0.0768558 0.0609784 0.00358967
pf_pred 
 0.436161 0.110375 0.430258 0.0232058 7.59647e-07
 0.413181 0.279195 0.0602191 0.234743 0.0126612
 0.553413 0.202786 0.115996 0.0250188 0.102787
 0.768112 0.137744 0.042749 0.0244529 0.0269427
 0.64921 0.279697 0.0422297 0.0131061 0.0157569
 0.732415 0.183101 0.0673617 0.0101705 0.00695131
 0.467402 0.406581 0.0862302 0.0317235 0.00806341
 0.431968 0.290964 0.211512 0.0448587 0.020698
 0.505379 0.232711 0.134158 0.0975241 0.030227
 0.662349 0.184803 0.0719124 0.0414574 0.0394776
 0.784957 0.150546 0.0353006 0.0137365 0.01546
 0.723604 0.22397 0.0367022 0.00860605 0.0071179
 0.671525 0.249047 0.0643619 0.010547 0.00451857
 0.612203 0.275182 0.085384 0.022066 0.00516513
 0.712671 0.188928 0.0698251 0.0216655 0.00690966
 0.921165 0.0589825 0.013054 0.00482455 0.00197439
 0.416318 0.544668 0.0291888 0.00646005 0.00336461
 0.889106 0.0507564 0.0561183 0.00300739 0.00101225
 0.604103 0.358165 0.0172698 0.0190942 0.00136768
 0.6017 0.257128 0.127717 0.00615822 0.00729648
 0.740846 0.16653 0.0597943 0.0297003 0.00312885
 0.745899 0.196132 0.0372504 0.0133751 0.00734342
 0.33745 0.515005 0.113885 0.0216297 0.0120303
 0.742967 0.0963931 0.124867 0.0276123 0.00816112
 0.630174 0.285761 0.0315263 0.0408388 0.0117001
 0.445844 0.369703 0.142525 0.0157239 0.0262041
 0.730343 0.130969 0.0925253 0.0356695 0.0104933
 0.688972 0.23672 0.0360906 0.0254968 0.0127209
 0.373483 0.45257 0.132389 0.0201842 0.0213738
 0.443248 0.229222 0.236594 0.0692104 0.0217257
 0.825402 0.0845018 0.0370936 0.0382866 0.0147156
pobs_RECLAS
 0 0 0 0 0
 0 0 0 0 0
 0 0 0 0 0
 0 0 0 0 0
 0 0 0 0 0
 0 0 0 0 0
 0 0 0 0 0
 0 0 0 0 0
 0 0 0 0 0
 0 0 0 0 0
 0.991045 0.00858322 0.000360255 1.14367e-05 0
 0.934742 0.0480273 0.0164251 0.00080598 0
 0.827803 0.169806 0.00239088 0 0
 0.941827 0.0461693 0.0120037 0 0
 0.791401 0.0380133 0.147996 0.0225897 0
 0.846168 0.0940531 0.0597789 0 0
 0.134021 0.677848 0.182769 0.00536245 0
 0.80878 0.0450904 0.141981 0.00414843 0
 0.846168 0.0940531 0.0597789 0 0
 0.905697 0.0802665 0.012482 0.00150086 5.37128e-05
 0.989698 0.0102097 9.19794e-05 0 0
 0.975433 0.0193895 0.00387452 0.00125025 5.28907e-05
 0.303575 0.632131 0.0575291 0.00676475 0
 0.966965 0.00978017 0.0227588 0.000495775 0
 0.843318 0.132988 0.00938335 0.0141283 0.000182051
 0.564624 0.303363 0.111486 0.0197234 0.00080311
 0.826376 0.0876187 0.0782897 0.00655872 0.00115652
 0.89761 0.0855135 0.0140674 0.00269457 0.000114338
 0.34875 0.467042 0.161289 0.0227151 0.000203297
 0.318654 0.224769 0.449479 0.00709798 0
 0.937255 0.0296025 0.0250945 0.00804832 0
ppred_RECLAS
 0.474009 0.102966 0.401376 0.021648 7.08654e-07
 0.450918 0.261241 0.0563466 0.219647 0.011847
 0.591034 0.185703 0.106224 0.0229112 0.0941284
 0.794545 0.122042 0.0378759 0.0216654 0.0238714
 0.683082 0.25269 0.0381521 0.0118406 0.0142355
 0.761405 0.163265 0.0600639 0.00906869 0.00619822
 0.506441 0.376779 0.0799096 0.0293982 0.00747237
 0.469593 0.271691 0.197502 0.0418874 0.019327
 0.54381 0.21463 0.123734 0.0899467 0.0278784
 0.696143 0.166308 0.0647151 0.0373082 0.0355265
 0.809551 0.133328 0.0312632 0.0121654 0.0136918
 0.753791 0.199509 0.0326937 0.00766613 0.00634051
 0.704995 0.223671 0.0578037 0.00947235 0.00405815
 0.649425 0.248769 0.0771886 0.019948 0.00466937
 0.743633 0.16857 0.0623009 0.0193308 0.00616509
 0.931777 0.0510427 0.0112967 0.00417511 0.00170862
 0.454194 0.509324 0.0272947 0.00604084 0.00314628
 0.903428 0.0442011 0.0488705 0.00261897 0.00088152
 0.640705 0.325052 0.0156732 0.0173289 0.00124123
 0.638258 0.233528 0.115995 0.005593 0.00662678
 0.769338 0.148222 0.0532204 0.026435 0.00278486
 0.774158 0.17432 0.0331078 0.0118877 0.00652675
 0.372553 0.487719 0.107852 0.0204837 0.011393
 0.7711 0.0858426 0.1112 0.0245901 0.00726786
 0.665096 0.258777 0.0285493 0.0369825 0.0105952
 0.483829 0.344362 0.132755 0.0146461 0.0244079
 0.759416 0.116849 0.0825498 0.0318239 0.00936196
 0.720752 0.212532 0.0324029 0.0228916 0.0114211
 0.409871 0.426285 0.1247 0.0190119 0.0201324
 0.481358 0.213531 0.220399 0.0644729 0.0202385
 0.846417 0.0743312 0.032629 0.0336785 0.0129445
pobs_PELACES
 0 0 0 0 0
 0 0 0 0 0
 0 0 0 0 0
 0 0 0 0 0
 0 0 0 0 0
 0 0 0 0 0
 0 0 0 0 0
 0 0 0 0 0
 0 0 0 0 0
 0 0 0 0 0
 0 0 0 0 0
 0 0 0 0 0
 0 0 0 0 0
 0 0 0 0 0
 0 0 0 0 0
 0 0 0 0 0
 0.505614 0.472636 0.0217494 0 0
 0 0 0 0 0
 0.443492 0.261883 0.143347 0.151278 0
 0.227955 0.32914 0.350689 0.0885471 0.00366901
 0.970185 0.0296113 0.000203453 0 0
 0.997202 0.00247181 0.000326279 0 0
 0.445219 0.490057 0.0546422 0.010081 0
 0.90214 0.0892962 0.00764917 0.000914606 0
 0 0 0 0 0
 0.581667 0.319106 0.0959925 0.00289975 0.000334073
 0.762889 0.0836404 0.116647 0.0363945 0.000428098
 0.88444 0.0763242 0.0277011 0.0115352 0
 0.521256 0.241999 0.230069 0.00667565 0
 0.616807 0.101726 0.260614 0.0208532 0
 0.833518 0.0704572 0.0857862 0.0102388 0
ppred_PELACES
 0.447462 0.108163 0.421634 0.0227406 7.44421e-07
 0.425533 0.273319 0.0589515 0.229802 0.0123947
 0.56582 0.197152 0.112773 0.0243237 0.0999316
 0.777702 0.132047 0.040981 0.0234415 0.0258284
 0.659272 0.271674 0.0410184 0.0127301 0.015305
 0.741941 0.176583 0.0649638 0.00980849 0.00670386
 0.482382 0.395145 0.0838048 0.0308312 0.00783661
 0.442512 0.285562 0.207585 0.044026 0.0203138
 0.518362 0.226603 0.130637 0.0949643 0.0294336
 0.674751 0.178016 0.0692711 0.0399347 0.0380276
 0.7923 0.145405 0.0340951 0.0132674 0.014932
 0.735582 0.214264 0.0351117 0.00823311 0.00680945
 0.684457 0.239242 0.0618279 0.0101318 0.00434067
 0.629155 0.263153 0.0816516 0.0211014 0.00493935
 0.724958 0.180849 0.0668392 0.020739 0.00661419
 0.925342 0.055857 0.0123622 0.0045689 0.00186977
 0.428992 0.532842 0.028555 0.00631978 0.00329155
 0.894162 0.0484421 0.0535596 0.00287026 0.0009661
 0.617946 0.345641 0.016666 0.0184266 0.00131986
 0.615071 0.248496 0.12343 0.0059515 0.00705154
 0.750721 0.160185 0.0575159 0.0285686 0.00300963
 0.756269 0.188128 0.0357303 0.0128293 0.00704374
 0.348446 0.506457 0.111995 0.0212707 0.0118307
 0.751931 0.0930315 0.120512 0.0266494 0.00787651
 0.641209 0.277234 0.0305856 0.0396203 0.0113509
 0.457266 0.362083 0.139587 0.0153998 0.0256639
 0.739617 0.126465 0.0893431 0.0344427 0.0101324
 0.698868 0.229188 0.0349422 0.0246855 0.0123161
 0.384372 0.444704 0.130088 0.0198334 0.0210024
 0.455313 0.224255 0.231467 0.0677106 0.0212549
 0.832316 0.0811558 0.0356248 0.0367706 0.014133
pobs_pel_tallas
 0 0 0 0 0 0 0 0 0 0 0 0 0 0 0 0 0 0 0 0 0 0 0 0 0 0
 0 0 0 0 0 0 0 0 0 0 0 0 0 0 0 0 0 0 0 0 0 0 0 0 0 0
 0 0 0 0 0 0 0 0 0 0 0 0 0 0 0 0 0 0 0 0 0 0 0 0 0 0
 0 0 0 0 0 0 0 0 0 0 0 0 0 0 0 0 0 0 0 0 0 0 0 0 0 0
 0 0 0 0 0 0 0 0 0 0 0 0 0 0 0 0 0 0 0 0 0 0 0 0 0 0
 0 0 0 0 0 0 0 0 0 0 0 0 0 0 0 0 0 0 0 0 0 0 0 0 0 0
 0 0 0 0 0 0 0 0 0 0 0 0 0 0 0 0 0 0 0 0 0 0 0 0 0 0
 0 0 0 0 0 0 0 0 0 0 0 0 0 0 0 0 0 0 0 0 0 0 0 0 0 0
 0 0 0 0 0 0 0 0 0 0 0 0 0 0 0 0 0 0 0 0 0 0 0 0 0 0
 0 0 0 0 0 0 0 0 0 0 0 0 0 0 0 0 0 0 0 0 0 0 0 0 0 0
 0 0 0 0 0 0 0 0 0 0 0 0 0 0 0 0 0 0 0 0 0 0 0 0 0 0
 0 0 0 0 0 0 0 0 0 0 0 0 0 0 0 0 0 0 0 0 0 0 0 0 0 0
 0.00862536 0 0 0.000197151 0.00414017 0.0128641 0.00837892 0.0270097 0.101434 0.158115 0.152841 0.127902 0.109271 0.109419 0.0830992 0.0579132 0.0238553 0.00714673 0.00463305 0.00128148 0.00103504 0.000492878 0.000147863 0.000147863 4.92878e-05 0
 0 0 0 0 0 0 0 0 0 0 0 0 0 0 0 0 0 0 0 0 0 0 0 0 0 0
 0 0 0 0 0 0 0 0.0054083 0.00873648 0.0413646 0.0450493 0.0745869 0.0622846 0.0627006 0.0613931 0.0827291 0.12552 0.122667 0.0946155 0.0697135 0.0546179 0.0294188 0.0215738 0.0213955 0.0102223 0.00600262
 0 0 0 0 0.00359764 0.0251062 0.0480494 0.140153 0.205849 0.193036 0.1447 0.116669 0.0760912 0.0342217 0.00950174 0.001854 0.000860785 0 0 0 0.000165536 0 0.000143464 0 0 0
 0 0 0 0 0 0 0 0.000145254 0.000435761 0.0275982 0.070085 0.0708112 0.156366 0.174668 0.174014 0.160142 0.0824315 0.0480064 0.0283245 0.00493863 0.00203355 0 0 0 0 0
 0 0 0 0 0 0 0 0 0 0 0 0 0 0 0 0 0 0 0 0 0 0 0 0 0 0
 0 0 1.00437e-05 0.000401748 0.00122533 0.00171747 0.00176769 0.0269171 0.070346 0.194647 0.189555 0.159765 0.064822 0.0314167 0.0384472 0.0292271 0.0345202 0.0313363 0.0194345 0.0106764 0.0143323 0.0359363 0.0279516 0.0138201 0.00172751 0
 0 0.0021121 0.0136068 0.0755702 0.200478 0.177729 0.0527432 0.0373336 0.0318909 0.0142505 0.0149659 0.0166563 0.0217959 0.0798694 0.0677717 0.0528807 0.04013 0.0224614 0.0357745 0.0225083 0.00881397 0.00855152 0.00135912 0.000746735 0 0
 0 0 0 0 5.4009e-05 0.00500934 0.000945158 0.0243581 0.138947 0.33067 0.221406 0.137944 0.0707744 0.0437923 0.0131692 0.00525238 0.0047753 0.00276346 9.45158e-05 9.00151e-06 2.25038e-05 9.00151e-06 4.50075e-06 0 0 0
 0.000866109 0.00284123 0.00948549 0.0512746 0.133035 0.25785 0.225252 0.132002 0.0553304 0.0519788 0.0540692 0.017754 0.00435017 0.00159236 0.00146478 0.000404838 0.000125132 0.000115318 0.000107957 0.000100596 0 0 0 0 0 0
 0 0 0 0 0.00144013 0.00171154 0.00461396 0.0210425 0.0478622 0.0707936 0.0888783 0.103762 0.0637923 0.0337046 0.0602308 0.124433 0.169614 0.0934646 0.0462172 0.0250306 0.0313229 0.00938855 0.002487 0.000210481 0 0
 0 0.00764035 0.051015 0.0998891 0.058973 0.0496711 0.0374665 0.0718981 0.12319 0.153886 0.159021 0.0857701 0.0377988 0.023471 0.0147837 0.00900784 0.00315554 0.000888139 0.00291439 0.00214683 0.00393193 0.00274676 0.000635225 9.99891e-05 0 0
 0 0 0 0 0 0 0 0 0 0 0 0 0 0 0 0 0 0 0 0 0 0 0 0 0 0
 0 0 0 0 0 0 0 0 0 0 0 0 0 0 0 0 0 0 0 0 0 0 0 0 0 0
 0 0 0 0 0 0 0 0 0 0 0 0 0 0 0 0 0 0 0 0 0 0 0 0 0 0
 0 0 0 0 0 0 0 0 0 0 0 0 0 0 0 0 0 0 0 0 0 0 0 0 0 0
 0 0 0 0 0 0 0 0 0 0 0 0 0 0 0 0 0 0 0 0 0 0 0 0 0 0
 0 0 0 0 0 0 0 0 0 0 0 0 0 0 0 0 0 0 0 0 0 0 0 0 0 0
 0 0 0 0 0 0 0 0 0 0 0 0 0 0 0 0 0 0 0 0 0 0 0 0 0 0
ppred_pel_tallas
 1.14476e-16 3.68569e-05 0.000358262 0.00238078 0.0108227 0.0336734 0.0717452 0.104716 0.104728 0.0717995 0.0338577 0.0113629 0.00376732 0.00348543 0.00626926 0.0110691 0.0177137 0.0259542 0.0354194 0.0457143 0.0562593 0.0659255 0.0729152 0.0752694 0.0718212 0.0629356
 1.26915e-16 3.50507e-05 0.000340705 0.00226411 0.0102923 0.0320233 0.0682301 0.0995894 0.0996158 0.0683594 0.0324579 0.0115493 0.00542595 0.00726637 0.0132609 0.0220712 0.0323065 0.0418067 0.0485021 0.0517134 0.0526554 0.0535728 0.0561255 0.0602579 0.0642922 0.0659858
 1.22656e-16 4.66059e-05 0.000453026 0.00301052 0.0136854 0.0425804 0.0907228 0.132417 0.132436 0.0908165 0.0428955 0.0145975 0.00530806 0.00549566 0.00970463 0.0161875 0.0238389 0.0311201 0.0365291 0.0394889 0.0407052 0.0416016 0.0432689 0.0457566 0.0481472 0.0491868
 1.07939e-16 6.40583e-05 0.00062267 0.00413786 0.0188101 0.0585253 0.124695 0.181998 0.182011 0.124757 0.0587351 0.0194167 0.00566281 0.00395988 0.00642683 0.0105905 0.0154131 0.0197413 0.0224608 0.0231041 0.0221346 0.0206043 0.0194556 0.0190103 0.0189571 0.0187052
 1.0512e-16 5.43034e-05 0.000527849 0.00350774 0.0159457 0.0496131 0.105707 0.154288 0.154314 0.105835 0.0500429 0.0171871 0.0066244 0.00733312 0.0129836 0.0213922 0.0308453 0.0388669 0.0429764 0.0420476 0.0369832 0.0300935 0.0236954 0.0190166 0.0160421 0.0140767
 1.04039e-16 6.11127e-05 0.000594037 0.00394759 0.0179452 0.0558342 0.118961 0.173631 0.173648 0.119045 0.0561147 0.0187564 0.00598697 0.00505633 0.00856605 0.0141437 0.0205532 0.0262326 0.0296212 0.029986 0.0278178 0.0244199 0.0210417 0.0182586 0.0159697 0.0138081
 1.06938e-16 3.97333e-05 0.000386222 0.00256658 0.0116673 0.0363016 0.0773458 0.112896 0.112935 0.0775321 0.0369275 0.0134758 0.00710867 0.0103101 0.0189119 0.0312686 0.0451971 0.0571724 0.0636226 0.0629052 0.0562604 0.0469017 0.0380084 0.0312016 0.0263965 0.0226612
 1.13917e-16 3.64492e-05 0.000354299 0.00235445 0.010703 0.0333011 0.0709526 0.103563 0.103591 0.0710885 0.0337584 0.0120273 0.0056921 0.0076848 0.0140889 0.0235764 0.0347617 0.0454008 0.0531931 0.0570413 0.0575685 0.0563856 0.0547638 0.0528504 0.0499381 0.0453243
 1.18333e-16 4.26969e-05 0.000415029 0.00275801 0.0125375 0.0390091 0.0831137 0.121312 0.121334 0.0832215 0.0393714 0.0135865 0.00540072 0.00621654 0.0111578 0.0186377 0.027466 0.0358827 0.0421452 0.0455379 0.0467665 0.0473097 0.0482471 0.049523 0.0501273 0.0488815
 1.12485e-16 5.55784e-05 0.000540242 0.0035901 0.0163201 0.0507779 0.108188 0.157908 0.157925 0.108273 0.0510612 0.0171396 0.00565187 0.00505644 0.00867874 0.0143837 0.0210149 0.0270818 0.0311257 0.0325424 0.031945 0.0306879 0.0299275 0.02996 0.030245 0.0299212
 1.04879e-16 6.52608e-05 0.000634358 0.00421553 0.0191632 0.0596239 0.127036 0.185415 0.185429 0.127104 0.0598544 0.0198293 0.00588892 0.00429204 0.00702588 0.0115496 0.0167225 0.0212282 0.0237777 0.0237983 0.0217716 0.0188863 0.0162852 0.0144983 0.0133932 0.0125123
 1.03047e-16 6.05889e-05 0.000588946 0.00391375 0.0177914 0.0553557 0.117942 0.172144 0.172165 0.118043 0.0556947 0.0187707 0.00637233 0.00595755 0.010261 0.0168795 0.0243382 0.0306672 0.0339008 0.0331352 0.0290598 0.023473 0.0181886 0.014185 0.0114907 0.00962219
 1.03597e-16 5.63779e-05 0.000548013 0.00364174 0.0165548 0.0515084 0.109745 0.160181 0.160204 0.109858 0.0518876 0.0176508 0.0063949 0.00656527 0.011505 0.018985 0.0274691 0.0348057 0.0388299 0.0385289 0.0346126 0.0289694 0.023473 0.0190884 0.0158019 0.0131356
 1.05376e-16 5.18227e-05 0.000503735 0.0033475 0.0152173 0.0473467 0.100878 0.14724 0.147265 0.101002 0.0477643 0.0164246 0.00638161 0.00713917 0.0126888 0.0209873 0.0304439 0.038738 0.0435278 0.0437219 0.0400857 0.0346287 0.0292964 0.025015 0.0216575 0.0186473
 1.05175e-16 5.97139e-05 0.00058044 0.00385723 0.0175344 0.0545562 0.116238 0.169657 0.169674 0.116324 0.0548436 0.0183656 0.00594697 0.00515384 0.00877932 0.0145087 0.0211048 0.0269844 0.0305696 0.0311314 0.0291889 0.0260757 0.0230416 0.0206164 0.0186167 0.0165907
 1.01146e-16 7.62192e-05 0.000740878 0.00492339 0.022381 0.0696357 0.148367 0.216546 0.216552 0.148393 0.0697242 0.0226368 0.0055657 0.00214441 0.00274587 0.00442967 0.0063995 0.00810265 0.00903237 0.00895847 0.00805728 0.00678189 0.00557775 0.00466748 0.00403122 0.00352989
 1.02152e-16 3.53356e-05 0.000343475 0.00228251 0.010376 0.0322839 0.0687861 0.100406 0.100457 0.0690366 0.0331249 0.0128041 0.00837363 0.013628 0.0252286 0.0415562 0.0596349 0.0745191 0.0811917 0.0773403 0.0647599 0.048193 0.0325746 0.0208012 0.0132933 0.00896931
 1.0201e-16 7.36509e-05 0.000715913 0.0047575 0.0216269 0.0672893 0.143367 0.20925 0.209254 0.14339 0.0673674 0.0218534 0.00532966 0.00197644 0.0025012 0.00410573 0.0061099 0.0081036 0.00970663 0.0107187 0.0111885 0.0112924 0.0111366 0.0106719 0.0097808 0.00843234
 1.02641e-16 5.08995e-05 0.000494761 0.00328786 0.0149462 0.0465033 0.0990813 0.144619 0.144652 0.0992439 0.0470488 0.0165214 0.00723965 0.00911416 0.0163992 0.0269752 0.0387259 0.0484357 0.0528709 0.0505598 0.0426925 0.0323543 0.0227221 0.015609 0.01119 0.0086618
 1.05416e-16 5.06626e-05 0.000492459 0.00327256 0.0148766 0.0462868 0.0986197 0.143943 0.143968 0.0987375 0.0466826 0.0160215 0.00615302 0.00680205 0.0120966 0.0200813 0.0293017 0.0376327 0.042909 0.0440791 0.0417399 0.0375595 0.0331047 0.0290491 0.0252407 0.0212993
 1.05076e-16 6.18359e-05 0.000601067 0.0039943 0.0181575 0.0564949 0.120369 0.175685 0.175701 0.120445 0.0567495 0.0188938 0.00584546 0.00465259 0.00778737 0.0128582 0.0187112 0.0239445 0.0271714 0.0277614 0.0261877 0.0236355 0.0211971 0.019304 0.0177397 0.0160511
 1.03558e-16 6.22929e-05 0.000605509 0.00402382 0.0182917 0.0569124 0.121259 0.176984 0.177002 0.121347 0.0572103 0.0191523 0.00618483 0.00532602 0.00903642 0.0148646 0.0214648 0.0271178 0.0301164 0.0296816 0.0264191 0.0218856 0.017627 0.0144393 0.0122858 0.0106998
 1.07497e-16 2.87012e-05 0.000278986 0.00185396 0.00842786 0.0262225 0.0558716 0.0815564 0.0816053 0.0561104 0.0270247 0.0107458 0.00767558 0.0129982 0.0242157 0.0400689 0.0579071 0.0732163 0.0813954 0.0803051 0.0714986 0.0590738 0.0471219 0.037789 0.0310801 0.025928
 1.07508e-16 6.19355e-05 0.000602036 0.00400074 0.0181868 0.0565859 0.120563 0.175966 0.175976 0.120607 0.0567367 0.0186245 0.00510814 0.00304789 0.00479051 0.00804033 0.0120888 0.0162779 0.0199577 0.0228035 0.0249171 0.0265606 0.0277675 0.0282049 0.0274023 0.0251225
 1.06848e-16 5.28156e-05 0.000513387 0.00341164 0.0155088 0.0482538 0.102811 0.150061 0.150088 0.102941 0.0486922 0.0167751 0.00659031 0.00745326 0.013236 0.0218087 0.0314425 0.0396233 0.0438454 0.0430058 0.0380848 0.031491 0.025595 0.0215819 0.019293 0.01784
 1.10009e-16 3.76645e-05 0.000366112 0.00243295 0.0110598 0.0344115 0.0733186 0.107018 0.107053 0.0734899 0.034987 0.012724 0.00661717 0.00952321 0.0174959 0.0290409 0.0422436 0.0539888 0.0611027 0.0620996 0.0579934 0.0514459 0.044988 0.039752 0.0354724 0.0313379
 1.0778e-16 6.09213e-05 0.000592177 0.00393522 0.017889 0.0556593 0.118588 0.173086 0.173098 0.118649 0.0558618 0.0184756 0.00541387 0.00384037 0.00628982 0.0104602 0.0154364 0.0202051 0.0237706 0.025681 0.0262454 0.0261936 0.0260672 0.0258608 0.0251479 0.0234925
 1.05627e-16 5.75649e-05 0.000559551 0.00371842 0.0169034 0.0525929 0.112055 0.163553 0.163575 0.112163 0.0529555 0.0179511 0.00634906 0.00630477 0.0109766 0.0180775 0.0260916 0.0329392 0.0365523 0.0360091 0.0320914 0.0267468 0.0218918 0.018485 0.0164116 0.0149881
 1.09411e-16 3.16603e-05 0.000307749 0.0020451 0.00929677 0.0289259 0.0616314 0.0899618 0.0900047 0.0618414 0.0296314 0.0113359 0.00716888 0.0115106 0.0213597 0.0353974 0.0513063 0.0651873 0.0730668 0.0730952 0.0665899 0.0570091 0.0477322 0.040419 0.0349129 0.0302309
 1.17125e-16 3.75036e-05 0.000364548 0.00242255 0.0110126 0.0342643 0.0730046 0.106557 0.106579 0.073112 0.0346259 0.0120613 0.0050714 0.00620144 0.0112833 0.0190162 0.0283823 0.0377852 0.0455887 0.0510185 0.0544701 0.0568767 0.0586997 0.0594555 0.0581247 0.0539852
 1.07129e-16 6.85568e-05 0.000666396 0.00442844 0.020131 0.0626352 0.133451 0.194778 0.194785 0.13349 0.0627646 0.0205056 0.00537137 0.00273415 0.00402372 0.00661951 0.00971384 0.0126211 0.0147088 0.0157336 0.015988 0.0160645 0.0164162 0.0170621 0.0176259 0.0176135
pSPR Fmed_Fpbrs
0.706108   0.198984 0.198984
Fs Fmed_Fpbrs
0.178318   1.005 1.005
SSBpbr Bo_Bmed_Bpbrs
2.21575e+06  1.45377e+06  330111 330111
Ro
214207
SPR SPRFo_SPRFmed_SPRFpbrs
1.53114e+06 1.08115e+06 304672
Fref
1.005
Nvult_r0
 250232 22427 9844.72 10161.3 3905.56
CTP_r0
 28431.9 2910.76 1277.73 1318.83 506.897
YTP_r0
391302
Np
 283693 119726 10404.5 4567.26 6208.1
Nvult_p0
 239696 103603 9003.47 3952.23 5372.12
CTP_p0
 111088 51930.9 4512.96 1981.04 2692.76
YTP_p0
 1.92802e+06
CBA_c0
852316
log_Ro
12.0947
likeval ReclasPelacesDesembMPH_pf_preclas_ppelaces_ptallas_desvR_qrecl_qpela
 17.226 17.8325 0.11782 0.00324301 241.62 120.183 98.5792 0 21.225 5.76246e-06 0 0.599376 0 0 0
q_reclas_q_pelaces
0.711654 1
M
1
N
 230506 50427.6 196574 10602.1 0.347064
 132503 77751.7 16770.1 65372.3 3525.94
 131097 41701.6 23853.7 5144.96 21137.6
 265445 41478.8 12873 7363.48 8113.24
 212769 79143.9 11949.4 3708.53 4458.62
 337523 73171.7 26919.4 4064.39 2777.91
 142599 108577 23027.6 8471.7 2153.32
 68050.2 39512.8 28723.2 6091.8 2810.78
 59858.8 23961.9 13814 10041.9 3112.42
 76083.8 18518.6 7206.12 4154.33 3955.93
 134600 22279 5224.06 2032.83 2287.89
 171816 46573.6 7632.07 1789.59 1480.14
 145511 47204.7 12199.2 1999.1 856.453
 102693 40771.9 12650.8 3269.37 765.283
 104995 24377.6 9009.61 2795.52 891.561
 514612 28816.4 6377.62 2357.07 964.605
 127241 144717 7755.4 1716.42 893.969
 793177 39377.1 43536.9 2333.15 785.314
 471090 244113 11770.6 13014 932.166
 358790 133770 66444.6 3203.79 3795.97
 536461 104844 37645.3 18698.7 1969.86
 722570 165676 31466 11298.2 6203.09
 161012 213021 47106.3 8946.67 4976.1
 463454 52061.9 67440.5 14913.4 4407.83
 388773 152665 16842.7 21817.8 6250.66
 178183 127768 49255.8 5434.11 9056
 385404 59847.7 42280.4 16299.6 4795.01
 426339 126726 19320.7 13649.5 6810
 135720 142233 41607.1 6343.46 6717.33
 101478 45490.9 46954 13735.4 4311.64
 369958 32831.5 14412 14875.5 5717.47
pred_Ctot
 12194.5 3085.95 12029.5 648.806 0.0212388
 12257.7 8282.78 1786.49 6964.02 375.614
 11740.7 4302.12 2460.86 530.777 2180.64
 32350.8 5801.4 1800.47 1029.89 1134.75
 8814.83 3797.66 573.386 177.951 213.944
 27085.1 6771.18 2491.07 376.112 257.063
 22764.2 19802 4199.72 1545.05 392.717
 1849.31 1245.65 905.508 192.046 88.6107
 6103.43 2810.44 1620.22 1177.79 365.049
 9996.61 2789.18 1085.35 625.703 595.822
 5081.91 974.656 228.541 88.9318 100.09
 28157.9 8715.43 1428.21 334.891 276.982
 22413.8 8312.58 2148.24 352.034 150.818
 23856.8 10723.5 3327.31 859.883 201.279
 17261.1 4575.89 1691.18 524.743 167.354
 78325.1 5015.19 1109.96 410.224 167.88
 12952.3 16945.5 908.111 200.982 104.678
 83129 4745.59 5246.91 281.182 94.6431
 69378.1 41133.4 1983.35 2192.87 157.071
 47530.1 20311.3 10088.8 486.457 576.371
 55212.7 12410.9 4456.26 2213.46 233.182
 92372.3 24289.1 4613.11 1656.38 909.412
 12452.5 19004.7 4202.59 798.176 443.943
 30914.4 4010.86 5195.63 1148.93 339.58
 26453 11995.4 1323.39 1714.3 491.136
 9871.29 8185.49 3155.59 348.138 580.176
 26109.9 4682.17 3307.8 1275.19 375.137
 25302.8 8693.66 1325.44 936.382 467.181
 7683.17 9310.11 2723.47 415.223 439.695
 7813.99 4040.93 4170.89 1220.1 383
 28431.9 2910.76 1277.73 1318.83 506.897
F
 0.0867569 0.100942 0.100942 0.100942 0.100942
 0.156063 0.181579 0.181579 0.181579 0.181579
 0.150758 0.175407 0.175407 0.175407 0.175407
 0.210139 0.244497 0.244497 0.244497 0.244497
 0.0674005 0.0784206 0.0784206 0.0784206 0.0784206
 0.134177 0.156115 0.156115 0.156115 0.156115
 0.283412 0.32975 0.32975 0.32975 0.32975
 0.043782 0.0509405 0.0509405 0.0509405 0.0509405
 0.173212 0.201533 0.201533 0.201533 0.201533
 0.22819 0.2655 0.2655 0.2655 0.2655
 0.0612692 0.0712869 0.0712869 0.0712869 0.0712869
 0.291932 0.339664 0.339664 0.339664 0.339664
 0.272259 0.316774 0.316774 0.316774 0.316774
 0.438075 0.509701 0.509701 0.509701 0.509701
 0.29297 0.340871 0.340871 0.340871 0.340871
 0.268633 0.312555 0.312555 0.312555 0.312555
 0.172901 0.20117 0.20117 0.20117 0.20117
 0.178413 0.207584 0.207584 0.207584 0.207584
 0.258929 0.301265 0.301265 0.301265 0.301265
 0.230264 0.267912 0.267912 0.267912 0.267912
 0.17496 0.203567 0.203567 0.203567 0.203567
 0.221423 0.257626 0.257626 0.257626 0.257626
 0.129045 0.150144 0.150144 0.150144 0.150144
 0.110458 0.128519 0.128519 0.128519 0.128519
 0.112781 0.131221 0.131221 0.131221 0.131221
 0.0910097 0.10589 0.10589 0.10589 0.10589
 0.112268 0.130624 0.130624 0.130624 0.130624
 0.0977687 0.113754 0.113754 0.113754 0.113754
 0.093078 0.108296 0.108296 0.108296 0.108296
 0.128451 0.149454 0.149454 0.149454 0.149454
 0.128187 0.149146 0.149146 0.149146 0.149146
YTP_r0W_actual
 241671 47445.4 36926.4 45895.1 19363.5
YTP_p0W_proyectada
 835383 837125 105513 58440.8 91553.8
CTP_r0_actual
 28431.9 2910.76 1277.73 1318.83 506.897
CTP_p0_proyectada
 111088 51930.9 4512.96 1981.04 2692.76
Wmedp
 7.52 16.12 23.38 29.5 34
Frms_r0
 0.128187 0.149146 0.149146 0.149146 0.149146
Zrms_r0
 1.12819 1.14915 1.14915 1.14915 1.14915
nmprior
 8.19 8.8 8.5 0
nm_flota  nm_reclas  nm_pelaces    nm_pelaL
inf 11.5126 16.1075 37.0797
cv_recla  cv_pelaces  cv_mph
0.375419 0.478826 1.75743
 ------------------------------------------------
Talla a la edad & desviaci?n 
 8 13.2811 15.8009 17.003 17.5766
 0.8 1.32811 1.58009 1.7003 1.75766
