years
 1991 1992 1993 1994 1995 1996 1997 1998 1999 2000 2001 2002 2003 2004 2005 2006 2007 2008 2009 2010 2011 2012 2013 2014 2015 2016 2017 2018 2019 2020 2021
reclasobs
 0 0 0 0 0 0 0 0 0 252601 567819 844713 477998 351125 339783 2.1784e+06 2.13404e+06 4.81314e+06 1.55562e+06 2.62356e+06 3.21686e+06 3.843e+06 1.13348e+06 3.07943e+06 1.97215e+06 2.03268e+06 2.025e+06 2.42433e+06 2.27542e+06 1.05018e+06 2.36338e+06
reclaspred
 5.30987e+06 1.65459e+06 981874 709431 200632 3.45279e+06 1.50359e+06 675447 333957 246861 409757 834719 751917 555498 408524 1.90446e+06 858289 4.66707e+06 2.58405e+06 2.07897e+06 2.95084e+06 3.24327e+06 1.65117e+06 3.15575e+06 2.34991e+06 1.60573e+06 2.23969e+06 3.58724e+06 2.43617e+06 809949 1.37468e+06
pelacesobs
 0 0 0 0 0 0 0 0 0 0 0 0 0 0 0 552880 188675 0 991730 2.46772e+06 1.41603e+06 1.21717e+06 2.29649e+06 1.80582e+06 0 1.4828e+06 1.56532e+06 1.57751e+06 1.42118e+06 867257 1.10002e+06
pelacespred
 3.72431e+06 1.08658e+06 525270 285102 81231.8 2.34669e+06 779508 478347 156029 105137 253098 409129 405298 283444 203384 978288 382246 3.08862e+06 1.45517e+06 1.02741e+06 1.64446e+06 1.7783e+06 906701 2.20828e+06 1.43142e+06 978574 1.67848e+06 2.7192e+06 1.48733e+06 490751 847793
mphobs
 0 0 0 0 0 0 0 0 0 0 0 498337 0 5186 125008 0 168611 109162 213762 579715 649985 157893 87575 83554 0 0 0 0 0 0 0
mphpred
 1.35006e+06 581138 120673 114155 51385.5 16077.2 446532 146587 63149 17066.2 14128.3 53227.5 76479.2 51221.3 25933.4 26304.5 214025 78517.6 528484 205191 261079 266007 373271 181498 351114 296962 169476 229993 539537 251198 63838.1
desembarqueobs
 494567 514787 250237 358949 120608 361735 552515 73892 212993 205616 52469 317467 293654 387597 252695 516296 358380 742168 942051 627588 828172 859565 418607 520667 417249 300574 415391 372974 316634 284311 391294
desembarquepred
 494503 514456 249954 358612 120528 361573 551920 73873.1 212774 205422 52455.9 317179 293325 386934 252383 515779 358055 741531 940422 626565 827589 858549 418197 520343 416828 300310 415045 372676 316288 283841 391039
Reclutas
 26978.3 17411.9 154760 56870.9 14059.6 309804 23083.4 6215.71 20353.7 45041.9 38973.4 112709 79382.9 67203.5 42913.7 269040 17237.6 476913 164240 227555 203229 434236 27226.5 168478 160802 37255.1 134064 201330 30356.5 15095.4 104813
log_desv_Rt
 -0.92328 -1.36116 0.823559 -0.17753 -1.57501 1.51762 -1.0792 -2.39123 -1.20505 -0.410722 -0.555435 0.506499 0.155968 -0.0105892 -0.459123 1.37655 -1.37122 1.94902 0.883012 1.20908 1.09602 1.85527 -0.914124 0.90849 0.861858 -0.600525 0.680005 1.08663 -0.805304 -1.50393 0.433866
SSB
 1.69601e+06 730050 151594 143406 64552.5 20196.8 560952 184148 79330.3 21439.3 17748.6 66866.6 96076.4 64346.4 32578.6 33044.8 268867 98637 663903 257769 327978 334169 468919 228005 441084 373056 212903 288927 677788 315565 80196
BT
 2.15158e+06 1.04282e+06 453707 391299 134508 1.38855e+06 840950 286628 273452 240378 158997 446604 448939 530443 340450 852965 453965 2.08361e+06 1.54443e+06 973752 1.44609e+06 1.54327e+06 762909 1.50918e+06 1.02206e+06 706631 1.20449e+06 1.61002e+06 940898 512096 761604
Ftot
 0.296896 0.919757 0.921608 1.55606 1.7148 0.439256 1.08842 0.358901 1.94337 2.56313 0.516625 1.36192 1.34625 2.21465 2.06713 1.06473 1.23932 0.645189 1.17333 1.08748 0.995753 0.980089 0.799271 0.637029 0.632619 0.623636 0.705135 0.411829 0.420577 1.05515 1.07982
BD_Bspro_t
 0.953734 0.645656 0.271944 0.274478 0.117645 0.0523318 0.504385 0.227522 0.152855 0.0610991 0.065328 0.263351 0.220511 0.138379 0.0730224 0.0772028 0.284047 0.129183 0.409287 0.202807 0.207386 0.210911 0.281415 0.179401 0.328019 0.342747 0.278331 0.377581 0.556887 0.374542 0.165315
BD_Bspro
 3.49346 1.50377 0.312257 0.295391 0.132967 0.0416018 1.15546 0.379312 0.163406 0.0441611 0.0365589 0.137733 0.1979 0.132542 0.067106 0.0680664 0.553817 0.203174 1.36752 0.530958 0.675575 0.688327 0.965888 0.469649 0.908553 0.768428 0.438542 0.595137 1.39612 0.650007 0.165189
BD_Bo
 1.18731 0.511082 0.106126 0.100394 0.045191 0.0141391 0.392703 0.128916 0.0555364 0.0150089 0.0124252 0.046811 0.0672597 0.0450466 0.0228071 0.0231335 0.188224 0.0690523 0.464775 0.180455 0.229606 0.23394 0.328274 0.159618 0.308787 0.261164 0.149046 0.202268 0.474496 0.220916 0.0561424
BD_Brms
 6.65232 2.86351 0.594605 0.56249 0.253197 0.079219 2.20025 0.722293 0.311161 0.0840924 0.0696161 0.262274 0.376845 0.252389 0.127784 0.129613 1.05459 0.386889 2.60406 1.01106 1.28644 1.31073 1.83926 0.894315 1.73008 1.46326 0.835081 1.13327 2.65852 1.23776 0.314557
Sel_flota
 0.72905 0.980815 0.998972 0.999946 0.999997
 0.72905 0.980815 0.998972 0.999946 0.999997
 0.72905 0.980815 0.998972 0.999946 0.999997
 0.72905 0.980815 0.998972 0.999946 0.999997
 0.72905 0.980815 0.998972 0.999946 0.999997
 0.72905 0.980815 0.998972 0.999946 0.999997
 0.72905 0.980815 0.998972 0.999946 0.999997
 0.72905 0.980815 0.998972 0.999946 0.999997
 0.72905 0.980815 0.998972 0.999946 0.999997
 0.72905 0.980815 0.998972 0.999946 0.999997
 0.72905 0.980815 0.998972 0.999946 0.999997
 0.72905 0.980815 0.998972 0.999946 0.999997
 0.72905 0.980815 0.998972 0.999946 0.999997
 0.72905 0.980815 0.998972 0.999946 0.999997
 0.72905 0.980815 0.998972 0.999946 0.999997
 0.72905 0.980815 0.998972 0.999946 0.999997
 0.72905 0.980815 0.998972 0.999946 0.999997
 0.72905 0.980815 0.998972 0.999946 0.999997
 0.72905 0.980815 0.998972 0.999946 0.999997
 0.72905 0.980815 0.998972 0.999946 0.999997
 0.72905 0.980815 0.998972 0.999946 0.999997
 0.72905 0.980815 0.998972 0.999946 0.999997
 0.72905 0.980815 0.998972 0.999946 0.999997
 0.72905 0.980815 0.998972 0.999946 0.999997
 0.72905 0.980815 0.998972 0.999946 0.999997
 0.72905 0.980815 0.998972 0.999946 0.999997
 0.72905 0.980815 0.998972 0.999946 0.999997
 0.72905 0.980815 0.998972 0.999946 0.999997
 0.72905 0.980815 0.998972 0.999946 0.999997
 0.72905 0.980815 0.998972 0.999946 0.999997
 0.72905 0.980815 0.998972 0.999946 0.999997
Sel_reclas
 0.984473 1 1 1 1
 0.984473 1 1 1 1
 0.984473 1 1 1 1
 0.984473 1 1 1 1
 0.984473 1 1 1 1
 0.984473 1 1 1 1
 0.984473 1 1 1 1
 0.984473 1 1 1 1
 0.984473 1 1 1 1
 0.984473 1 1 1 1
 0.984473 1 1 1 1
 0.984473 1 1 1 1
 0.984473 1 1 1 1
 0.984473 1 1 1 1
 0.984473 1 1 1 1
 0.984473 1 1 1 1
 0.984473 1 1 1 1
 0.984473 1 1 1 1
 0.984473 1 1 1 1
 0.984473 1 1 1 1
 0.984473 1 1 1 1
 0.984473 1 1 1 1
 0.984473 1 1 1 1
 0.984473 1 1 1 1
 0.984473 1 1 1 1
 0.984473 1 1 1 1
 0.984473 1 1 1 1
 0.984473 1 1 1 1
 0.984473 1 1 1 1
 0.984473 1 1 1 1
 0.984473 1 1 1 1
Sel_pelaces
 0.999846 1 1 1 1
 0.999846 1 1 1 1
 0.999846 1 1 1 1
 0.999846 1 1 1 1
 0.999846 1 1 1 1
 0.999846 1 1 1 1
 0.999846 1 1 1 1
 0.999846 1 1 1 1
 0.999846 1 1 1 1
 0.999846 1 1 1 1
 0.999846 1 1 1 1
 0.999846 1 1 1 1
 0.999846 1 1 1 1
 0.999846 1 1 1 1
 0.999846 1 1 1 1
 0.999846 1 1 1 1
 0.999846 1 1 1 1
 0.999846 1 1 1 1
 0.999846 1 1 1 1
 0.999846 1 1 1 1
 0.999846 1 1 1 1
 0.999846 1 1 1 1
 0.999846 1 1 1 1
 0.999846 1 1 1 1
 0.999846 1 1 1 1
 0.999846 1 1 1 1
 0.999846 1 1 1 1
 0.999846 1 1 1 1
 0.999846 1 1 1 1
 0.999846 1 1 1 1
 0.999846 1 1 1 1
pf_obs 
 0.8446 0.082 0.0669 0.0065 0
 0.8095 0.147 0.0364 0.0071 0
 0.9664 0.0169 0.016 0.0007 0
 0.9276 0.0648 0.0075 0.0001 0
 0.7033 0.2144 0.0806 0.0017 0
 0.9318 0.0425 0.0243 0.0014 0
 0.5671 0.3108 0.0964 0.0239 0.0018
 0.0768 0.2599 0.5324 0.112 0.0189
 0.490249 0.384438 0.106611 0.0170017 0.00170017
 0.7925 0.1577 0.0466 0.003 0.0002
 0.840416 0.127587 0.0312969 0.00059994 9.999e-05
 0.8084 0.0986 0.0794 0.0134 0.0002
 0.7335 0.1905 0.0724 0.0035 0.0001
 0.4001 0.4547 0.1325 0.0127 0
 0.49795 0.308269 0.164784 0.0264974 0.00249975
 0.9179 0.0499 0.0305 0.0017 0
 0.2467 0.6533 0.0926 0.0074 0
 0.9418 0.0223 0.034 0.0019 0
 0.707729 0.231977 0.0356964 0.0245975 0
 0.517169 0.277429 0.184464 0.0207286 0.00020938
 0.811772 0.124168 0.05621 0.00726502 0.000585176
 0.764997 0.148141 0.077277 0.00933861 0.000247198
 0.163321 0.427699 0.378323 0.0303852 0.000271297
 0.753843 0.0900009 0.118128 0.0371064 0.000921714
 0.721811 0.176058 0.0630433 0.0369309 0.00215725
 0.143369 0.312575 0.442814 0.0836902 0.0175525
 0.692698 0.0596174 0.167031 0.0765114 0.00414204
 0.394062 0.376323 0.152708 0.0712218 0.00568511
 0.125707 0.32114 0.495352 0.0537591 0.00404204
 0.23352 0.215282 0.420074 0.123614 0.00750983
 0.774587 0.0839891 0.0768558 0.0609784 0.00358967
pf_pred 
 0.161503 0.185619 0.57731 0.0755674 9.02361e-07
 0.273426 0.155412 0.128525 0.391454 0.0511831
 0.934281 0.0244832 0.00902814 0.00725616 0.0249517
 0.612166 0.371258 0.00629175 0.0022544 0.00802972
 0.565909 0.318322 0.111001 0.00181207 0.00295574
 0.991289 0.00610945 0.00192789 0.000646314 2.77006e-05
 0.184841 0.810189 0.00350969 0.00108272 0.000378077
 0.247754 0.198738 0.550235 0.0023118 0.000960622
 0.761424 0.0764648 0.043522 0.117889 0.000700295
 0.949762 0.0432512 0.00230826 0.00125824 0.00342056
 0.920765 0.0773223 0.00165918 8.40332e-05 0.000169839
 0.900069 0.0943082 0.00549031 0.000115061 1.75826e-05
 0.801323 0.18634 0.0116651 0.00065601 1.58194e-05
 0.823544 0.153734 0.0213569 0.00129158 7.42487e-05
 0.872228 0.115398 0.0108458 0.00143716 9.16773e-05
 0.983153 0.0156573 0.00107921 9.69866e-05 1.36385e-05
 0.236315 0.75553 0.00759586 0.000507817 5.1969e-05
 0.980075 0.00668248 0.0131053 0.000127516 9.38093e-06
 0.548758 0.445196 0.00206178 0.00394308 4.11337e-05
 0.827598 0.114239 0.0574082 0.000257508 0.000496764
 0.794101 0.182247 0.0158346 0.00771621 0.000101209
 0.893129 0.0917071 0.0134682 0.00113612 0.000560009
 0.205606 0.737913 0.0486674 0.006941 0.000872733
 0.869843 0.0365728 0.0870957 0.00559168 0.000896469
 0.747546 0.229451 0.00658028 0.0152853 0.00113715
 0.3904 0.495612 0.103842 0.002905 0.00724042
 0.855801 0.0699286 0.0606615 0.0123994 0.00120976
 0.826089 0.156356 0.00862678 0.00729399 0.00163412
 0.271746 0.633902 0.0850214 0.00458836 0.00474298
 0.341906 0.228174 0.375303 0.0492217 0.0053956
 0.938165 0.0281818 0.0119023 0.0189915 0.00275931
pobs_RECLAS
 0 0 0 0 0
 0 0 0 0 0
 0 0 0 0 0
 0 0 0 0 0
 0 0 0 0 0
 0 0 0 0 0
 0 0 0 0 0
 0 0 0 0 0
 0 0 0 0 0
 0 0 0 0 0
 0.991045 0.00858322 0.000360255 1.14367e-05 0
 0.934742 0.0480273 0.0164251 0.00080598 0
 0.827803 0.169806 0.00239088 0 0
 0.941827 0.0461693 0.0120037 0 0
 0.791401 0.0380133 0.147996 0.0225897 0
 0.846168 0.0940531 0.0597789 0 0
 0.134021 0.677848 0.182769 0.00536245 0
 0.80878 0.0450904 0.141981 0.00414843 0
 0.846168 0.0940531 0.0597789 0 0
 0.905697 0.0802665 0.012482 0.00150086 5.37128e-05
 0.989698 0.0102097 9.19794e-05 0 0
 0.975433 0.0193895 0.00387452 0.00125025 5.28907e-05
 0.303575 0.632131 0.0575291 0.00676475 0
 0.966965 0.00978017 0.0227588 0.000495775 0
 0.843318 0.132988 0.00938335 0.0141283 0.000182051
 0.564624 0.303363 0.111486 0.0197234 0.00080311
 0.826376 0.0876187 0.0782897 0.00655872 0.00115652
 0.89761 0.0855135 0.0140674 0.00269457 0.000114338
 0.34875 0.467042 0.161289 0.0227151 0.000203297
 0.318654 0.224769 0.449479 0.00709798 0
 0.937255 0.0296025 0.0250945 0.00804832 0
ppred_RECLAS
 0.206902 0.178183 0.543803 0.07111 8.4909e-07
 0.343773 0.142776 0.115639 0.351814 0.0459975
 0.951746 0.0182226 0.00658085 0.00528334 0.0181667
 0.691768 0.295365 0.00488801 0.00174921 0.00622992
 0.653284 0.255912 0.0870686 0.00141951 0.00231526
 0.993526 0.00456677 0.00141358 0.000473412 2.0289e-05
 0.238448 0.757008 0.00320944 0.000988962 0.000345315
 0.308728 0.185202 0.503081 0.00211154 0.000877361
 0.825949 0.0568097 0.0315074 0.0852272 0.000506236
 0.966839 0.0286709 0.00148513 0.000808258 0.00219709
 0.939877 0.0586991 0.00123526 6.24982e-05 0.000126307
 0.926745 0.0692212 0.00393904 8.24504e-05 1.25985e-05
 0.849858 0.141016 0.00862954 0.000484712 1.16879e-05
 0.874762 0.109496 0.0147976 0.000893583 5.13653e-05
 0.909811 0.0816641 0.0074734 0.000988881 6.30764e-05
 0.987743 0.0114082 0.000769648 6.90882e-05 9.71478e-06
 0.301183 0.691517 0.00679959 0.000454045 4.64632e-05
 0.985371 0.0049713 0.00955759 9.2898e-05 6.83383e-06
 0.627903 0.367222 0.00166381 0.00317826 3.31532e-05
 0.869712 0.0869584 0.0427679 0.000191618 0.000369632
 0.841562 0.140582 0.0119589 0.00582101 7.63464e-05
 0.92004 0.068819 0.00989588 0.000833839 0.000410986
 0.260725 0.687708 0.0444403 0.00633125 0.000796019
 0.901563 0.0280578 0.0655045 0.00420105 0.000673484
 0.800289 0.181852 0.00511279 0.011864 0.000882571
 0.464651 0.436855 0.0897363 0.00250774 0.00624994
 0.890414 0.0536982 0.0456562 0.00932229 0.000909491
 0.864416 0.122139 0.00661076 0.00558373 0.0012509
 0.333884 0.581255 0.0764765 0.004123 0.00426171
 0.420666 0.203703 0.327958 0.0429634 0.00470929
 0.954937 0.0207868 0.00859228 0.0136943 0.00198955
pobs_PELACES
 0 0 0 0 0
 0 0 0 0 0
 0 0 0 0 0
 0 0 0 0 0
 0 0 0 0 0
 0 0 0 0 0
 0 0 0 0 0
 0 0 0 0 0
 0 0 0 0 0
 0 0 0 0 0
 0 0 0 0 0
 0 0 0 0 0
 0 0 0 0 0
 0 0 0 0 0
 0 0 0 0 0
 0 0 0 0 0
 0.505614 0.472636 0.0217494 0 0
 0 0 0 0 0
 0.443492 0.261883 0.143347 0.151278 0
 0.227955 0.32914 0.350689 0.0885471 0.00366901
 0.970185 0.0296113 0.000203453 0 0
 0.997202 0.00247181 0.000326279 0 0
 0.445219 0.490057 0.0546422 0.010081 0
 0.90214 0.0892962 0.00764917 0.000914606 0
 0 0 0 0 0
 0.581667 0.319106 0.0959925 0.00289975 0.000334073
 0.762889 0.0836404 0.116647 0.0363945 0.000428098
 0.88444 0.0763242 0.0277011 0.0115352 0
 0.521256 0.241999 0.230069 0.00667565 0
 0.616807 0.101726 0.260614 0.0208532 0
 0.833518 0.0704572 0.0857862 0.0102388 0
ppred_PELACES
 0.213803 0.176878 0.538861 0.070457 8.41288e-07
 0.365835 0.138597 0.111637 0.339539 0.0443919
 0.955954 0.0166934 0.00599538 0.00481188 0.0165453
 0.721834 0.266661 0.00437204 0.00156378 0.00556937
 0.688724 0.230373 0.0775781 0.00126408 0.0020617
 0.993857 0.00433686 0.00133889 0.000448333 1.92141e-05
 0.258219 0.737384 0.00310592 0.000956728 0.000334054
 0.318823 0.182785 0.495448 0.00207926 0.000863946
 0.850976 0.0490384 0.0268825 0.0726714 0.000431642
 0.973487 0.0229723 0.00117181 0.000637215 0.00173207
 0.943098 0.0555581 0.00116555 5.89613e-05 0.000119158
 0.93504 0.06141 0.00346614 7.25202e-05 1.10809e-05
 0.865451 0.126433 0.00767495 0.000430907 1.03903e-05
 0.89519 0.0917877 0.012241 0.000738669 4.24588e-05
 0.924123 0.0687851 0.00621731 0.000822128 5.24381e-05
 0.988945 0.0102943 0.000690085 6.19249e-05 8.70737e-06
 0.326704 0.666314 0.00650331 0.000434088 4.442e-05
 0.986369 0.00464409 0.00889406 8.64306e-05 6.358e-06
 0.653918 0.34158 0.00153679 0.00293452 3.06101e-05
 0.88147 0.0792822 0.0387393 0.000173508 0.000334691
 0.854308 0.12936 0.0109388 0.00532279 6.98106e-05
 0.926942 0.0629305 0.00899616 0.000757788 0.000373496
 0.276884 0.672901 0.0432757 0.00616376 0.00077495
 0.9077 0.0263806 0.0613543 0.00393408 0.000630678
 0.810998 0.172161 0.00482202 0.011187 0.0008322
 0.481599 0.423317 0.086631 0.00242047 0.00603239
 0.897636 0.0502685 0.04256 0.00868811 0.00084761
 0.870166 0.116989 0.0063164 0.0053344 0.00119503
 0.345267 0.571506 0.0750046 0.0040431 0.0041791
 0.44701 0.195243 0.312357 0.0409057 0.00448367
 0.959394 0.0187983 0.00772021 0.0123002 0.00178697
pobs_pel_tallas
 0 0 0 0 0 0 0 0 0 0 0 0 0 0 0 0 0 0 0 0 0 0 0 0 0 0
 0 0 0 0 0 0 0 0 0 0 0 0 0 0 0 0 0 0 0 0 0 0 0 0 0 0
 0 0 0 0 0 0 0 0 0 0 0 0 0 0 0 0 0 0 0 0 0 0 0 0 0 0
 0 0 0 0 0 0 0 0 0 0 0 0 0 0 0 0 0 0 0 0 0 0 0 0 0 0
 0 0 0 0 0 0 0 0 0 0 0 0 0 0 0 0 0 0 0 0 0 0 0 0 0 0
 0 0 0 0 0 0 0 0 0 0 0 0 0 0 0 0 0 0 0 0 0 0 0 0 0 0
 0 0 0 0 0 0 0 0 0 0 0 0 0 0 0 0 0 0 0 0 0 0 0 0 0 0
 0 0 0 0 0 0 0 0 0 0 0 0 0 0 0 0 0 0 0 0 0 0 0 0 0 0
 0 0 0 0 0 0 0 0 0 0 0 0 0 0 0 0 0 0 0 0 0 0 0 0 0 0
 0 0 0 0 0 0 0 0 0 0 0 0 0 0 0 0 0 0 0 0 0 0 0 0 0 0
 0 0 0 0 0 0 0 0 0 0 0 0 0 0 0 0 0 0 0 0 0 0 0 0 0 0
 0 0 0 0 0 0 0 0 0 0 0 0 0 0 0 0 0 0 0 0 0 0 0 0 0 0
 0.00862536 0 0 0.000197151 0.00414017 0.0128641 0.00837892 0.0270097 0.101434 0.158115 0.152841 0.127902 0.109271 0.109419 0.0830992 0.0579132 0.0238553 0.00714673 0.00463305 0.00128148 0.00103504 0.000492878 0.000147863 0.000147863 4.92878e-05 0
 0 0 0 0 0 0 0 0 0 0 0 0 0 0 0 0 0 0 0 0 0 0 0 0 0 0
 0 0 0 0 0 0 0 0.0054083 0.00873648 0.0413646 0.0450493 0.0745869 0.0622846 0.0627006 0.0613931 0.0827291 0.12552 0.122667 0.0946155 0.0697135 0.0546179 0.0294188 0.0215738 0.0213955 0.0102223 0.00600262
 0 0 0 0 0.00359764 0.0251062 0.0480494 0.140153 0.205849 0.193036 0.1447 0.116669 0.0760912 0.0342217 0.00950174 0.001854 0.000860785 0 0 0 0.000165536 0 0.000143464 0 0 0
 0 0 0 0 0 0 0 0.000145254 0.000435761 0.0275982 0.070085 0.0708112 0.156366 0.174668 0.174014 0.160142 0.0824315 0.0480064 0.0283245 0.00493863 0.00203355 0 0 0 0 0
 0 0 0 0 0 0 0 0 0 0 0 0 0 0 0 0 0 0 0 0 0 0 0 0 0 0
 0 0 1.00437e-05 0.000401748 0.00122533 0.00171747 0.00176769 0.0269171 0.070346 0.194647 0.189555 0.159765 0.064822 0.0314167 0.0384472 0.0292271 0.0345202 0.0313363 0.0194345 0.0106764 0.0143323 0.0359363 0.0279516 0.0138201 0.00172751 0
 0 0.0021121 0.0136068 0.0755702 0.200478 0.177729 0.0527432 0.0373336 0.0318909 0.0142505 0.0149659 0.0166563 0.0217959 0.0798694 0.0677717 0.0528807 0.04013 0.0224614 0.0357745 0.0225083 0.00881397 0.00855152 0.00135912 0.000746735 0 0
 0 0 0 0 5.4009e-05 0.00500934 0.000945158 0.0243581 0.138947 0.33067 0.221406 0.137944 0.0707744 0.0437923 0.0131692 0.00525238 0.0047753 0.00276346 9.45158e-05 9.00151e-06 2.25038e-05 9.00151e-06 4.50075e-06 0 0 0
 0.000866109 0.00284123 0.00948549 0.0512746 0.133035 0.25785 0.225252 0.132002 0.0553304 0.0519788 0.0540692 0.017754 0.00435017 0.00159236 0.00146478 0.000404838 0.000125132 0.000115318 0.000107957 0.000100596 0 0 0 0 0 0
 0 0 0 0 0.00144013 0.00171154 0.00461396 0.0210425 0.0478622 0.0707936 0.0888783 0.103762 0.0637923 0.0337046 0.0602308 0.124433 0.169614 0.0934646 0.0462172 0.0250306 0.0313229 0.00938855 0.002487 0.000210481 0 0
 0 0.00764035 0.051015 0.0998891 0.058973 0.0496711 0.0374665 0.0718981 0.12319 0.153886 0.159021 0.0857701 0.0377988 0.023471 0.0147837 0.00900784 0.00315554 0.000888139 0.00291439 0.00214683 0.00393193 0.00274676 0.000635225 9.99891e-05 0 0
 0 0 0 0 0 0 0 0 0 0 0 0 0 0 0 0 0 0 0 0 0 0 0 0 0 0
 0 0 0 0 0 0 0 0 0 0 0 0 0 0 0 0 0 0 0 0 0 0 0 0 0 0
 0 0 0 0 0 0 0 0 0 0 0 0 0 0 0 0 0 0 0 0 0 0 0 0 0 0
 0 0 0 0 0 0 0 0 0 0 0 0 0 0 0 0 0 0 0 0 0 0 0 0 0 0
 0 0 0 0 0 0 0 0 0 0 0 0 0 0 0 0 0 0 0 0 0 0 0 0 0 0
 0 0 0 0 0 0 0 0 0 0 0 0 0 0 0 0 0 0 0 0 0 0 0 0 0 0
 0 0 0 0 0 0 0 0 0 0 0 0 0 0 0 0 0 0 0 0 0 0 0 0 0 0
ppred_pel_tallas
 1.22662e-16 1.76107e-05 0.000171183 0.00113757 0.00517124 0.0160897 0.0342815 0.0500386 0.0500565 0.0343692 0.0163865 0.00603872 0.00335441 0.0051407 0.00983689 0.0172288 0.0271333 0.0389491 0.0519129 0.0654381 0.0789855 0.0914689 0.100858 0.104646 0.101071 0.0902174
 1.44821e-16 3.01334e-05 0.000292907 0.00194647 0.00884839 0.0275307 0.0586576 0.0856153 0.0856289 0.0587243 0.0277556 0.00950183 0.00360175 0.00395813 0.00714961 0.0122082 0.018665 0.0258971 0.0334532 0.0415533 0.0510818 0.062851 0.0765917 0.090451 0.101435 0.106571
 1.0346e-16 7.87407e-05 0.000765387 0.00508627 0.0231214 0.0719394 0.153275 0.223709 0.223711 0.153282 0.071966 0.0231985 0.00528024 0.00119089 0.000893241 0.00136991 0.00201074 0.00263142 0.00311372 0.0034325 0.00368049 0.00401118 0.00453298 0.00523081 0.00596336 0.00652633
 1.01294e-16 5.94565e-05 0.000577939 0.00384061 0.0174589 0.0543211 0.115738 0.168928 0.168954 0.115863 0.0547417 0.0186729 0.00688544 0.00721629 0.0126418 0.0207398 0.0297179 0.0370516 0.0402167 0.0380607 0.0315123 0.0230019 0.0150686 0.00921668 0.00566939 0.00384501
 1.02774e-16 5.67293e-05 0.000551429 0.00366444 0.016658 0.0518294 0.110429 0.161179 0.161201 0.110538 0.0521951 0.0177151 0.00632105 0.00636125 0.0111209 0.0183735 0.0266419 0.0338713 0.0379842 0.0379839 0.0344922 0.0292325 0.0239115 0.0194065 0.0157343 0.0125483
 1.00089e-16 8.18627e-05 0.000795734 0.00528793 0.0240382 0.0747917 0.159352 0.232578 0.232579 0.159354 0.0747986 0.0240581 0.00533794 0.0009051 0.000290157 0.000351655 0.000502199 0.000638859 0.000718216 0.000722106 0.000663159 0.000574422 0.000487744 0.000418069 0.000362962 0.000312721
 1.00431e-16 2.12693e-05 0.000206746 0.0013739 0.0062456 0.0194327 0.0414061 0.0604483 0.0605193 0.0417525 0.0205953 0.00960138 0.00978929 0.0185507 0.0347807 0.0572584 0.0819936 0.102084 0.110513 0.104052 0.0852478 0.0608376 0.0379114 0.0207464 0.0101064 0.00452501
 1.147e-16 2.62611e-05 0.000255267 0.00169634 0.00771133 0.0239929 0.0511201 0.0746152 0.0746335 0.0512101 0.024297 0.00859892 0.00395881 0.00530811 0.00995487 0.0172787 0.0268868 0.0379481 0.0494529 0.0606428 0.0709911 0.0796812 0.0852006 0.0857056 0.0800643 0.0687691
 1.0815e-16 7.00938e-05 0.000681337 0.00452772 0.0205824 0.0640394 0.136443 0.199143 0.199148 0.136466 0.0641181 0.0208106 0.00510365 0.0019492 0.00251041 0.00412806 0.00615892 0.00823353 0.0100561 0.0115683 0.0129967 0.014661 0.016671 0.0187537 0.0203396 0.0208393
 1.00397e-16 8.01848e-05 0.000779425 0.00517955 0.0235455 0.0732588 0.156086 0.227812 0.227814 0.156096 0.073295 0.0236502 0.00544226 0.00135247 0.00116725 0.00179958 0.00257733 0.00322649 0.00352925 0.00339006 0.002891 0.00223978 0.00164855 0.00123562 0.00100626 0.000896974
 1.00075e-16 7.76818e-05 0.000755094 0.00501787 0.0228105 0.070972 0.151213 0.220702 0.220707 0.15124 0.0710596 0.0230634 0.00565226 0.00213818 0.00269913 0.00432537 0.00619063 0.00771582 0.00836918 0.00790747 0.00652057 0.00471162 0.00300869 0.00172835 0.000925227 0.000489724
 1.00125e-16 7.7018e-05 0.000748643 0.00497499 0.0226156 0.0703656 0.149922 0.218816 0.218822 0.14995 0.0704625 0.0228954 0.00567698 0.00227962 0.0029803 0.00479375 0.00687114 0.00858328 0.00934593 0.00889017 0.00742046 0.00548177 0.00364338 0.00224285 0.0013355 0.000805098
 1.00299e-16 7.12861e-05 0.000692926 0.00460474 0.0209325 0.0651288 0.138764 0.202533 0.202545 0.138824 0.0653283 0.0215087 0.00605022 0.00384557 0.0060503 0.00986729 0.0141547 0.0176881 0.0192713 0.0183516 0.0153489 0.0113826 0.00762059 0.00475301 0.00289038 0.00179236
 1.00459e-16 7.37356e-05 0.000716737 0.00476297 0.0216518 0.0673667 0.143532 0.209491 0.2095 0.143575 0.0675118 0.0220708 0.00581478 0.00301243 0.00443241 0.00720743 0.0103666 0.0130161 0.0142967 0.0138087 0.011842 0.00917583 0.00661286 0.00461276 0.00323476 0.00231273
 1.00289e-16 7.61188e-05 0.000739902 0.00491691 0.0223516 0.069544 0.148171 0.216261 0.216268 0.148203 0.0696527 0.0226653 0.0057041 0.00245734 0.00333487 0.00538485 0.00773094 0.00968171 0.0105883 0.0101512 0.00859549 0.00651979 0.0045445 0.00302985 0.00202583 0.00140055
 1.00031e-16 8.14581e-05 0.000791802 0.0052618 0.0239194 0.0744221 0.158564 0.231429 0.23143 0.158569 0.0744383 0.0239663 0.00537952 0.00104857 0.000568474 0.000809194 0.00115376 0.0014422 0.00157267 0.00150003 0.00125839 0.000938559 0.000635129 0.000403748 0.000252987 0.000163125
 1.0041e-16 2.69103e-05 0.000261578 0.00173828 0.007902 0.0245864 0.0523863 0.0764728 0.0765369 0.0526993 0.025637 0.0109348 0.00934385 0.0168412 0.0314456 0.0517621 0.0741371 0.0923331 0.100013 0.0942595 0.0773623 0.0553911 0.0347291 0.0192226 0.00955721 0.00441973
 1.00268e-16 8.12459e-05 0.000789739 0.00524809 0.0238571 0.0742282 0.158151 0.230826 0.230827 0.158153 0.0742358 0.0238792 0.00530426 0.000914354 0.000323739 0.000421726 0.000634593 0.000870185 0.00109259 0.00128205 0.00143389 0.0015459 0.00160397 0.00158269 0.00146288 0.00125039
 1.00432e-16 5.38624e-05 0.000523562 0.00347925 0.0158162 0.0492102 0.104849 0.153037 0.15307 0.105009 0.0497488 0.0173708 0.0073778 0.00902189 0.0161578 0.0265326 0.0379953 0.0473164 0.0512477 0.0482985 0.0396518 0.0284282 0.0179051 0.0100496 0.00519756 0.00265244
 1.01213e-16 7.26056e-05 0.000705752 0.00468997 0.0213199 0.0663342 0.141332 0.20628 0.206288 0.14137 0.0664605 0.0216851 0.00560848 0.00271734 0.00391182 0.00640084 0.0093259 0.0119584 0.0135968 0.0138973 0.0130443 0.0115695 0.00998166 0.00851475 0.00714735 0.00578667
 1.00895e-16 7.03683e-05 0.000684005 0.00454545 0.020663 0.0642902 0.136978 0.199925 0.199938 0.137038 0.0644946 0.021253 0.00602596 0.00391419 0.00619991 0.0101249 0.0145471 0.018228 0.0199575 0.0191808 0.0163285 0.0125307 0.0089496 0.00624615 0.00448811 0.00339851
 1.00415e-16 7.6351e-05 0.000742159 0.00493191 0.0224197 0.0697562 0.148623 0.216921 0.216927 0.148653 0.0698557 0.0227071 0.00565329 0.00231685 0.00306666 0.00494802 0.00711782 0.00894445 0.00983924 0.00952929 0.00821336 0.00642321 0.00470454 0.00336656 0.00244414 0.00181956
 1.02171e-16 2.28067e-05 0.00022169 0.00147321 0.00669703 0.0208373 0.0443984 0.0648144 0.0648792 0.0447149 0.0218995 0.00976407 0.00916761 0.0170044 0.0318542 0.0525147 0.0753861 0.0942475 0.102766 0.0980095 0.0822176 0.0613363 0.0415551 0.0265098 0.0167483 0.0109608
 1.02279e-16 7.47661e-05 0.000726753 0.00482953 0.0219543 0.0683081 0.145538 0.212417 0.21242 0.145551 0.0683517 0.0220814 0.00515281 0.00144676 0.00148397 0.00244367 0.00376547 0.0052597 0.00676904 0.00819193 0.00948343 0.0105779 0.0113148 0.0114657 0.0108634 0.00952958
 1.01446e-16 6.68008e-05 0.000649328 0.00431501 0.0196154 0.061031 0.130034 0.189791 0.189808 0.130115 0.0613026 0.0203997 0.00628232 0.00493962 0.00820224 0.0134217 0.0192534 0.024059 0.0262243 0.0250204 0.0210522 0.0158743 0.0110868 0.00760167 0.00549896 0.00435596
 1.03872e-16 3.96688e-05 0.000385595 0.00256241 0.0116484 0.0362427 0.0772204 0.112714 0.112755 0.0774199 0.0369129 0.0135846 0.00742423 0.0110046 0.0202235 0.0334123 0.0482221 0.0608303 0.0673449 0.065936 0.0578834 0.0466393 0.0357087 0.0270228 0.0207448 0.0161178
 1.02256e-16 7.39371e-05 0.000718695 0.00477598 0.0217109 0.0675507 0.143924 0.210063 0.210067 0.143948 0.0676314 0.0219447 0.0053656 0.00201505 0.00256299 0.00419081 0.00619498 0.00813578 0.00961007 0.0104208 0.0106581 0.0105705 0.0103397 0.00995964 0.00930056 0.00826662
 1.0095e-16 7.16744e-05 0.000696701 0.00462982 0.0210465 0.0654835 0.13952 0.203636 0.203647 0.139575 0.0656682 0.0215797 0.00596757 0.00361465 0.0056065 0.0091374 0.0131146 0.0164071 0.0179176 0.0171476 0.0144989 0.0110135 0.00776453 0.00536443 0.00387263 0.00301844
 1.03424e-16 2.84393e-05 0.00027644 0.00183705 0.00835098 0.0259833 0.0553622 0.0808142 0.0808693 0.0556312 0.0268867 0.0109602 0.00838574 0.0145696 0.0271655 0.0448424 0.0645386 0.0810344 0.0890103 0.0859851 0.0737769 0.0572501 0.0414118 0.0291223 0.0207324 0.015175
 1.13925e-16 3.68197e-05 0.0003579 0.00237837 0.0108118 0.0336395 0.0716732 0.104613 0.104632 0.0717676 0.0339577 0.0117366 0.00472159 0.00554533 0.0101002 0.0171911 0.0260463 0.0354341 0.0440353 0.0511137 0.0566889 0.0609885 0.0637295 0.0639857 0.0608044 0.0540104
 1.01764e-16 7.9024e-05 0.000768142 0.00510457 0.0232046 0.0721983 0.153826 0.224514 0.224516 0.153835 0.0722283 0.0232914 0.00532307 0.00124738 0.000996042 0.00154024 0.00225678 0.00293886 0.00343991 0.00370797 0.00381453 0.00389702 0.00405433 0.00427766 0.00446233 0.00447821
pSPR Fmed_Fpbrs
0.253247   0.228481 0.228481
Fs Fmed_Fpbrs
0.919343   1.005 1.005
SSBpbr Bo_Bmed_Bpbrs
1.42844e+06  290326  254949 254949
Ro
67918.9
SPR SPRFo_SPRFmed_SPRFpbrs
485480 122946 110923
Fref
1.005
Nvult_r0
 87265.3 2244.9 939.738 1498.76 217.753
CTP_r0
 38438.5 1154.67 487.66 778.121 113.054
YTP_r0
391039
Np
 97673.7 17548 328.253 134.361 240.775
Nvult_p0
 80404.3 15139 284.005 116.267 208.352
CTP_p0
 34000.1 7515.04 142.283 58.2768 104.436
YTP_p0
 385420
CBA_c0
389353
log_Ro
10.9461
likeval ReclasPelacesDesembMPH_pf_preclas_ppelaces_ptallas_desvR_qrecl_qpela
 13.9505 20.4299 0.15973 0.000929644 283.864 117.043 111.531 0 54.8159 7.31072e-05 0.000130038 0.00625872 0 0 0
q_reclas_q_pelaces
3.35889 5.06505
M
1
N
 26978.3 23743.9 72660.3 9502.74 0.113468
 17411.9 7993.13 6528.16 19869.9 2597.92
 154760 3275.94 1193 958.212 3294.88
 56870.9 29077.8 488.057 174.787 622.54
 14059.6 6728.41 2325.11 37.9387 61.8818
 309804 1481.61 460.446 154.237 6.61021
 23083.4 82739.6 354.269 109.223 38.1384
 6215.71 3840.48 10466.3 43.9369 18.2563
 20353.7 1760.19 993.603 2690.23 15.9803
 45041.9 1815.66 96.2636 52.4554 142.599
 38973.4 2557.27 54.0682 2.73627 5.53001
 112709 9837.82 566.787 11.8716 1.81407
 79382.9 15362.2 951.654 53.4885 1.28981
 67203.5 10944.1 1509.05 91.2254 5.24415
 42913.7 4919.15 458.698 60.7561 3.87557
 269040 3497.85 238.273 21.3999 3.00922
 17237.6 45541.2 452.867 30.2586 3.09651
 476913 2569.13 4968.3 48.3061 3.55359
 164240 109613 501.955 959.399 10.008
 227555 25685 12757.7 57.1903 110.323
 203229 37885.3 3252.05 1583.71 20.7719
 434236 36175.4 5248.35 442.444 218.079
 27226.5 78183.2 5089.06 725.303 91.1932
 168478 5592.81 13132.9 842.522 135.07
 160802 38953.9 1101.5 2556.77 190.203
 37255.1 37298.8 7705.2 215.392 536.822
 134064 8698.3 7443.12 1520.29 148.324
 201330 29495.6 1602.43 1353.75 303.277
 30356.5 54855.3 7245 390.672 403.82
 15095.4 8218.52 13359 1750.97 191.932
 104813 2573.15 1074.1 1712.79 248.847
pred_Ctot
 3378.17 3882.6 12075.6 1580.65 0.0188747
 5674.09 3225.09 2667.14 8123.39 1062.14
 50508.7 1323.6 488.076 392.28 1348.93
 26650.5 16162.6 273.909 98.1445 349.572
 6988.19 3930.83 1370.71 22.3765 36.4992
 55077.1 339.448 107.115 35.9099 1.53907
 8513.73 37317.2 161.656 49.8701 17.4142
 924.037 741.223 2052.19 8.62219 3.58278
 10867.6 1091.36 621.179 1682.61 9.99514
 27674.6 1260.28 67.2592 36.6632 99.67
 7971.41 669.408 14.3641 0.727507 1.47036
 48500.4 5081.81 295.846 6.20007 0.94744
 33899.7 7883.03 493.487 27.7522 0.669234
 38462.5 7179.92 997.447 60.3215 3.46769
 23693.8 3134.74 294.624 39.0401 2.49039
 97672.2 1555.49 107.215 9.63522 1.35493
 6962.49 22260 223.795 14.9617 1.53115
 117500 801.152 1571.17 15.2877 1.12467
 63879 51823.7 240.005 459 4.78823
 83876.5 11578.1 5818.28 26.0983 50.3467
 70264.4 16125.7 1401.09 682.753 8.95528
 148386 15236.3 2237.62 188.757 93.0406
 7964.91 28585.9 1885.32 268.886 33.8086
 41077.1 1727.1 4112.97 264.059 42.3345
 38982 11965.1 343.139 797.079 59.2986
 8925.58 11331 2374.11 66.416 165.535
 35504.5 2901.12 2516.65 514.41 50.1892
 33823 6401.78 353.21 298.641 66.9067
 5195.07 12118.6 1625.39 87.7175 90.6735
 5444.56 3633.49 5976.38 783.815 85.9204
 38438.5 1154.67 487.66 778.121 113.054
F
 0.216452 0.2912 0.29659 0.29688 0.296895
 0.670549 0.902112 0.918811 0.919707 0.919755
 0.671899 0.903927 0.92066 0.921558 0.921605
 1.13445 1.52621 1.55446 1.55598 1.55606
 1.25017 1.6819 1.71303 1.7147 1.71479
 0.32024 0.430829 0.438804 0.439232 0.439255
 0.793515 1.06754 1.0873 1.08836 1.08842
 0.261657 0.352015 0.358532 0.358881 0.3589
 1.41682 1.90609 1.94137 1.94327 1.94337
 1.86865 2.51396 2.56049 2.56299 2.56312
 0.376646 0.506714 0.516094 0.516597 0.516624
 0.992906 1.33579 1.36052 1.36184 1.36191
 0.981486 1.32042 1.34487 1.34618 1.34625
 1.61459 2.17216 2.21237 2.21453 2.21464
 1.50704 2.02747 2.065 2.06702 2.06712
 0.776243 1.04431 1.06364 1.06467 1.06473
 0.903524 1.21554 1.23804 1.23925 1.23931
 0.470375 0.632811 0.644525 0.645154 0.645187
 0.855419 1.15082 1.17213 1.17327 1.17333
 0.792831 1.06662 1.08637 1.08742 1.08748
 0.725954 0.976649 0.994729 0.995699 0.99575
 0.714534 0.961286 0.979081 0.980036 0.980086
 0.582709 0.783937 0.798449 0.799228 0.799269
 0.464427 0.624808 0.636374 0.636995 0.637028
 0.461211 0.620482 0.631968 0.632585 0.632617
 0.454662 0.611672 0.622995 0.623602 0.623634
 0.514079 0.691607 0.70441 0.705097 0.705133
 0.300244 0.403928 0.411406 0.411807 0.411828
 0.306622 0.412508 0.420144 0.420554 0.420575
 0.769258 1.03491 1.05407 1.05509 1.05515
 0.787242 1.0591 1.07871 1.07976 1.07981
YTP_r0W_actual
 326727 18821.1 14093.4 27078.6 4318.68
YTP_p0W_proyectada
 255681 121142 3326.59 1719.17 3550.81
CTP_r0_actual
 38438.5 1154.67 487.66 778.121 113.054
CTP_p0_proyectada
 34000.1 7515.04 142.283 58.2768 104.436
Wmedp
 7.52 16.12 23.38 29.5 34
Frms_r0
 0.787242 1.0591 1.07871 1.07976 1.07981
Zrms_r0
 1.78724 2.0591 2.07871 2.07976 2.07981
nmprior
 8.19 8.8 8.5 0
nm_flota  nm_reclas  nm_pelaces    nm_pelaL
inf 22.4741 8.54217 16.2569
cv_recla  cv_pelaces  cv_mph
0.337847 0.512514 0.940944
 ------------------------------------------------
Talla a la edad & desviaci?n 
 8 13.2811 15.8009 17.003 17.5766
 0.8 1.32811 1.58009 1.7003 1.75766
