years
 1991 1992 1993 1994 1995 1996 1997 1998 1999 2000 2001 2002 2003 2004 2005 2006 2007 2008 2009 2010 2011 2012 2013 2014 2015 2016 2017 2018 2019 2020 2021
reclasobs
 0 0 0 0 0 0 0 0 0 252601 567819 844713 477998 351125 339783 2.1784e+06 2.13404e+06 4.81314e+06 1.55562e+06 2.62356e+06 3.21686e+06 3.843e+06 1.13348e+06 3.07943e+06 1.97215e+06 2.03268e+06 2.025e+06 2.42433e+06 2.27542e+06 1.05018e+06 2.36338e+06
reclaspred
 3.36945e+06 1.92407e+06 982008 1.04787e+06 1.08993e+06 1.66275e+06 1.14171e+06 1.02969e+06 746404 546096 543279 659541 654736 534576 542573 1.2347e+06 1.27107e+06 2.62929e+06 2.19417e+06 1.64852e+06 2.93183e+06 2.38671e+06 1.95204e+06 2.99838e+06 2.25636e+06 2.00467e+06 2.3292e+06 2.40315e+06 2.0064e+06 1.3326e+06 1.96792e+06
pelacesobs
 0 0 0 0 0 0 0 0 0 0 0 0 0 0 0 552880 188675 0 991730 2.46772e+06 1.41603e+06 1.21717e+06 2.29649e+06 1.80582e+06 0 1.4828e+06 1.56532e+06 1.57751e+06 1.42118e+06 867257 1.10002e+06
pelacespred
 2.28475e+06 1.46634e+06 757490 605304 653023 991737 715233 728266 536128 373448 361512 368523 398977 346023 347940 629612 709439 1.53875e+06 1.42707e+06 1.02568e+06 1.64789e+06 1.52327e+06 1.27262e+06 1.97258e+06 1.54381e+06 1.35939e+06 1.69103e+06 1.7207e+06 1.29227e+06 975321 1.30061e+06
mphobs
 0 0 0 0 0 0 0 0 0 0 0 498337 0 5186 125008 0 168611 109162 213762 579715 649985 157893 87575 83554 0 0 0 0 0 0 0
mphpred
 505981 340196 173932 95258 115008 132245 173067 119959 103576 73085.7 48364.1 63128.8 67024 58488.8 42820.2 52712.6 142895 145895 259497 202273 216653 267821 255207 215987 299091 245592 203830 212764 286598 201203 130139
desembarqueobs
 494567 514787 250237 358949 120608 361735 552515 73892 212993 205616 52469 317467 293654 387597 252695 516296 358380 742168 942051 627588 828172 859565 418607 520667 417249 300574 415391 372974 316634 284311 391294
desembarquepred
 494574 513089 251156 358968 120611 361750 552574 73895.1 213034 205656 52471.2 317536 293713 387665 252704 516295 358409 742109 941955 627521 828257 859634 418627 520694 417259 300582 415401 372972 316639 284327 391301
Reclutas
 236276 136984 136213 276083 221658 351024 148727 71562.5 62918.7 79824.8 140858 178030 150890 106585 109694 539267 138846 814754 494003 369185 565013 753029 168992 491075 403858 188251 406314 444748 141772 110356 417125
log_desv_Rt
 0.050438 -0.494703 -0.500348 0.206137 -0.0134298 0.44629 -0.412453 -1.14399 -1.27272 -1.03473 -0.466816 -0.232615 -0.398012 -0.745624 -0.716874 0.875646 -0.481202 1.28832 0.787978 0.496732 0.922284 1.20954 -0.284715 0.782033 0.586499 -0.17679 0.592563 0.682944 -0.460345 -0.710856 0.618822
SSB
 4.45435e+06 2.99488e+06 1.53119e+06 838594 1.01246e+06 1.1642e+06 1.52358e+06 1.05604e+06 911823 643402 425768 555748 590039 514900 376963 464050 1.25796e+06 1.28437e+06 2.28445e+06 1.78069e+06 1.90729e+06 2.35774e+06 2.24669e+06 1.90142e+06 2.63302e+06 2.16205e+06 1.7944e+06 1.87304e+06 2.52303e+06 1.77127e+06 1.14567e+06
BT
 5.87489e+06 4.00972e+06 2.06313e+06 1.87723e+06 1.75652e+06 2.94368e+06 2.2662e+06 1.91437e+06 1.55598e+06 1.14485e+06 998048 1.23853e+06 1.31489e+06 1.32392e+06 1.20056e+06 2.18865e+06 2.09012e+06 4.89607e+06 4.63393e+06 3.17311e+06 5.0766e+06 4.75907e+06 3.55854e+06 5.81063e+06 4.28232e+06 3.70756e+06 4.95127e+06 4.99377e+06 3.43511e+06 2.66648e+06 3.91934e+06
Ftot
 0.095748 0.172112 0.166136 0.232934 0.0748549 0.149637 0.313791 0.0481517 0.189968 0.249172 0.0674703 0.323741 0.301074 0.481849 0.321541 0.296346 0.187532 0.198093 0.287403 0.255031 0.192779 0.244231 0.14177 0.121103 0.124172 0.100292 0.123689 0.108529 0.103164 0.140429 0.140223
BD_Bspro_t
 0.984816 0.886514 0.762916 0.690698 0.699916 0.762762 0.75543 0.636754 0.683808 0.651443 0.621756 0.756611 0.651444 0.572521 0.480149 0.531856 0.659721 0.651703 0.717158 0.634256 0.607367 0.653483 0.668413 0.667733 0.759618 0.766016 0.7736 0.799524 0.831228 0.78084 0.732531
BD_Bspro
 2.77789 1.86771 0.954907 0.522977 0.631407 0.726038 0.95016 0.658587 0.568646 0.401248 0.265524 0.346584 0.367969 0.32111 0.235088 0.289398 0.784509 0.800977 1.42467 1.1105 1.18945 1.47037 1.40111 1.1858 1.64204 1.34833 1.11905 1.1681 1.57345 1.10463 0.714478
BD_Bo
 1.92735 1.29585 0.662529 0.362849 0.43808 0.503736 0.659235 0.456938 0.394535 0.278392 0.184225 0.240465 0.255303 0.222791 0.163107 0.200789 0.544304 0.55573 0.988455 0.770484 0.825259 1.02017 0.972114 0.822723 1.13927 0.935492 0.776415 0.810444 1.09169 0.766407 0.495716
BD_Brms
 12.7863 8.59684 4.39532 2.4072 2.90629 3.34186 4.37346 3.03139 2.6174 1.8469 1.22217 1.59528 1.69372 1.47803 1.08208 1.33206 3.611 3.6868 6.55756 5.11151 5.47489 6.76793 6.44915 5.45807 7.55811 6.20619 5.15085 5.37661 7.24241 5.08446 3.28865
Sel_flota
 0.853326 0.991035 0.999524 0.999975 0.999999
 0.853326 0.991035 0.999524 0.999975 0.999999
 0.853326 0.991035 0.999524 0.999975 0.999999
 0.853326 0.991035 0.999524 0.999975 0.999999
 0.853326 0.991035 0.999524 0.999975 0.999999
 0.853326 0.991035 0.999524 0.999975 0.999999
 0.853326 0.991035 0.999524 0.999975 0.999999
 0.853326 0.991035 0.999524 0.999975 0.999999
 0.853326 0.991035 0.999524 0.999975 0.999999
 0.853326 0.991035 0.999524 0.999975 0.999999
 0.853326 0.991035 0.999524 0.999975 0.999999
 0.853326 0.991035 0.999524 0.999975 0.999999
 0.853326 0.991035 0.999524 0.999975 0.999999
 0.853326 0.991035 0.999524 0.999975 0.999999
 0.853326 0.991035 0.999524 0.999975 0.999999
 0.853326 0.991035 0.999524 0.999975 0.999999
 0.853326 0.991035 0.999524 0.999975 0.999999
 0.853326 0.991035 0.999524 0.999975 0.999999
 0.853326 0.991035 0.999524 0.999975 0.999999
 0.853326 0.991035 0.999524 0.999975 0.999999
 0.853326 0.991035 0.999524 0.999975 0.999999
 0.853326 0.991035 0.999524 0.999975 0.999999
 0.853326 0.991035 0.999524 0.999975 0.999999
 0.853326 0.991035 0.999524 0.999975 0.999999
 0.853326 0.991035 0.999524 0.999975 0.999999
 0.853326 0.991035 0.999524 0.999975 0.999999
 0.853326 0.991035 0.999524 0.999975 0.999999
 0.853326 0.991035 0.999524 0.999975 0.999999
 0.853326 0.991035 0.999524 0.999975 0.999999
 0.853326 0.991035 0.999524 0.999975 0.999999
 0.853326 0.991035 0.999524 0.999975 0.999999
Sel_reclas
 1 1 1 1 1
 1 1 1 1 1
 1 1 1 1 1
 1 1 1 1 1
 1 1 1 1 1
 1 1 1 1 1
 1 1 1 1 1
 1 1 1 1 1
 1 1 1 1 1
 1 1 1 1 1
 1 1 1 1 1
 1 1 1 1 1
 1 1 1 1 1
 1 1 1 1 1
 1 1 1 1 1
 1 1 1 1 1
 1 1 1 1 1
 1 1 1 1 1
 1 1 1 1 1
 1 1 1 1 1
 1 1 1 1 1
 1 1 1 1 1
 1 1 1 1 1
 1 1 1 1 1
 1 1 1 1 1
 1 1 1 1 1
 1 1 1 1 1
 1 1 1 1 1
 1 1 1 1 1
 1 1 1 1 1
 1 1 1 1 1
Sel_pelaces
 0.772923 0.944843 0.988533 0.9977 0.999542
 0.772923 0.944843 0.988533 0.9977 0.999542
 0.772923 0.944843 0.988533 0.9977 0.999542
 0.772923 0.944843 0.988533 0.9977 0.999542
 0.772923 0.944843 0.988533 0.9977 0.999542
 0.772923 0.944843 0.988533 0.9977 0.999542
 0.772923 0.944843 0.988533 0.9977 0.999542
 0.772923 0.944843 0.988533 0.9977 0.999542
 0.772923 0.944843 0.988533 0.9977 0.999542
 0.772923 0.944843 0.988533 0.9977 0.999542
 0.772923 0.944843 0.988533 0.9977 0.999542
 0.772923 0.944843 0.988533 0.9977 0.999542
 0.772923 0.944843 0.988533 0.9977 0.999542
 0.772923 0.944843 0.988533 0.9977 0.999542
 0.772923 0.944843 0.988533 0.9977 0.999542
 0.772923 0.944843 0.988533 0.9977 0.999542
 0.772923 0.944843 0.988533 0.9977 0.999542
 0.772923 0.944843 0.988533 0.9977 0.999542
 0.772923 0.944843 0.988533 0.9977 0.999542
 0.772923 0.944843 0.988533 0.9977 0.999542
 0.772923 0.944843 0.988533 0.9977 0.999542
 0.772923 0.944843 0.988533 0.9977 0.999542
 0.772923 0.944843 0.988533 0.9977 0.999542
 0.772923 0.944843 0.988533 0.9977 0.999542
 0.772923 0.944843 0.988533 0.9977 0.999542
 0.772923 0.944843 0.988533 0.9977 0.999542
 0.772923 0.944843 0.988533 0.9977 0.999542
 0.772923 0.944843 0.988533 0.9977 0.999542
 0.772923 0.944843 0.988533 0.9977 0.999542
 0.772923 0.944843 0.988533 0.9977 0.999542
 0.772923 0.944843 0.988533 0.9977 0.999542
pf_obs 
 0.8446 0.082 0.0669 0.0065 0
 0.8095 0.147 0.0364 0.0071 0
 0.9664 0.0169 0.016 0.0007 0
 0.9276 0.0648 0.0075 0.0001 0
 0.7033 0.2144 0.0806 0.0017 0
 0.9318 0.0425 0.0243 0.0014 0
 0.5671 0.3108 0.0964 0.0239 0.0018
 0.0768 0.2599 0.5324 0.112 0.0189
 0.490249 0.384438 0.106611 0.0170017 0.00170017
 0.7925 0.1577 0.0466 0.003 0.0002
 0.840416 0.127587 0.0312969 0.00059994 9.999e-05
 0.8084 0.0986 0.0794 0.0134 0.0002
 0.7335 0.1905 0.0724 0.0035 0.0001
 0.4001 0.4547 0.1325 0.0127 0
 0.49795 0.308269 0.164784 0.0264974 0.00249975
 0.9179 0.0499 0.0305 0.0017 0
 0.2467 0.6533 0.0926 0.0074 0
 0.9418 0.0223 0.034 0.0019 0
 0.707729 0.231977 0.0356964 0.0245975 0
 0.517169 0.277429 0.184464 0.0207286 0.00020938
 0.811772 0.124168 0.05621 0.00726502 0.000585176
 0.764997 0.148141 0.077277 0.00933861 0.000247198
 0.163321 0.427699 0.378323 0.0303852 0.000271297
 0.753843 0.0900009 0.118128 0.0371064 0.000921714
 0.721811 0.176058 0.0630433 0.0369309 0.00215725
 0.143369 0.312575 0.442814 0.0836902 0.0175525
 0.692698 0.0596174 0.167031 0.0765114 0.00414204
 0.394062 0.376323 0.152708 0.0712218 0.00568511
 0.125707 0.32114 0.495352 0.0537591 0.00404204
 0.23352 0.215282 0.420074 0.123614 0.00750983
 0.796117 0.104755 0.0508955 0.0450114 0.00322123
pf_pred 
 0.427335 0.109275 0.439982 0.0234072 7.67083e-07
 0.40925 0.275271 0.0606196 0.241991 0.0128686
 0.549654 0.202024 0.116289 0.02538 0.106653
 0.765339 0.138214 0.0434861 0.0248083 0.0281529
 0.646261 0.28072 0.0431764 0.0134591 0.0163833
 0.730306 0.183293 0.068689 0.0104756 0.0072371
 0.465594 0.406217 0.0873714 0.0324527 0.00836448
 0.428502 0.290305 0.214248 0.0456366 0.0213089
 0.502174 0.23174 0.135726 0.0993343 0.0310248
 0.657685 0.185771 0.0732353 0.0425047 0.040804
 0.780676 0.15223 0.0365717 0.0142831 0.0162394
 0.719755 0.225686 0.0379688 0.00904469 0.00754516
 0.666831 0.25085 0.0664213 0.0110655 0.00483234
 0.606697 0.276685 0.088017 0.0230804 0.00552139
 0.706251 0.19098 0.0725278 0.0228272 0.00741365
 0.919332 0.05975 0.0136468 0.00513209 0.00213873
 0.421986 0.538132 0.0296151 0.00669915 0.00356738
 0.882498 0.0541524 0.0590155 0.0032185 0.0011152
 0.605317 0.354583 0.0185724 0.0200562 0.00147207
 0.593626 0.261863 0.129959 0.00674197 0.007811
 0.740204 0.164454 0.0616441 0.0303063 0.00339201
 0.741583 0.198973 0.0377562 0.0140244 0.00766285
 0.334788 0.513367 0.117172 0.022027 0.012646
 0.740992 0.0958753 0.126151 0.0285403 0.00844149
 0.623343 0.290007 0.0322528 0.0420697 0.0123271
 0.445517 0.36522 0.146025 0.0160989 0.0271394
 0.728199 0.131405 0.0927492 0.0367659 0.0108814
 0.684676 0.239008 0.0370653 0.0259346 0.0133169
 0.371061 0.450708 0.135384 0.0208147 0.0220322
 0.449552 0.224181 0.234386 0.0698008 0.0220805
 0.830939 0.0826636 0.0353736 0.0366594 0.014364
pobs_RECLAS
 0 0 0 0 0
 0 0 0 0 0
 0 0 0 0 0
 0 0 0 0 0
 0 0 0 0 0
 0 0 0 0 0
 0 0 0 0 0
 0 0 0 0 0
 0 0 0 0 0
 0 0 0 0 0
 0.991045 0.00858322 0.000360255 1.14367e-05 0
 0.934742 0.0480273 0.0164251 0.00080598 0
 0.827803 0.169806 0.00239088 0 0
 0.941827 0.0461693 0.0120037 0 0
 0.791401 0.0380133 0.147996 0.0225897 0
 0.846168 0.0940531 0.0597789 0 0
 0.134021 0.677848 0.182769 0.00536245 0
 0.80878 0.0450904 0.141981 0.00414843 0
 0.846168 0.0940531 0.0597789 0 0
 0.905697 0.0802665 0.012482 0.00150086 5.37128e-05
 0.989698 0.0102097 9.19794e-05 0 0
 0.975433 0.0193895 0.00387452 0.00125025 5.28907e-05
 0.303575 0.632131 0.0575291 0.00676475 0
 0.966965 0.00978017 0.0227588 0.000495775 0
 0.843318 0.132988 0.00938335 0.0141283 0.000182051
 0.564624 0.303363 0.111486 0.0197234 0.00080311
 0.826376 0.0876187 0.0782897 0.00655872 0.00115652
 0.89761 0.0855135 0.0140674 0.00269457 0.000114338
 0.34875 0.467042 0.161289 0.0227151 0.000203297
 0.318654 0.224769 0.449479 0.00709798 0
 0.937255 0.0296025 0.0250945 0.00804832 0
ppred_RECLAS
 0.466307 0.102551 0.409373 0.0217689 7.13376e-07
 0.447592 0.258648 0.0564672 0.225311 0.0119813
 0.588057 0.185706 0.105974 0.0231181 0.0971454
 0.792266 0.122806 0.0383025 0.021841 0.024785
 0.680258 0.254199 0.0387631 0.0120779 0.0147017
 0.7596 0.16384 0.0608705 0.00927895 0.00641025
 0.504607 0.37737 0.0804546 0.0298696 0.00769852
 0.466667 0.272074 0.199081 0.0423868 0.019791
 0.541297 0.214546 0.124569 0.091127 0.0284607
 0.692139 0.16776 0.0655593 0.0380321 0.0365095
 0.805762 0.13518 0.0321982 0.0125693 0.0142906
 0.750127 0.201578 0.0336149 0.0080038 0.00667668
 0.700564 0.225946 0.059303 0.00987507 0.00431235
 0.644162 0.251005 0.0791311 0.0207404 0.00496148
 0.737813 0.170994 0.0643672 0.0202493 0.00657626
 0.93018 0.0518354 0.0117354 0.00441125 0.00183829
 0.459602 0.503416 0.027465 0.00620994 0.00330679
 0.89782 0.0473128 0.0511153 0.00278637 0.000965442
 0.641586 0.322293 0.0167335 0.018062 0.00132567
 0.630702 0.238715 0.117439 0.00608964 0.00705507
 0.768955 0.146728 0.054524 0.0267936 0.00299877
 0.77016 0.177332 0.0333568 0.0123845 0.00676668
 0.369769 0.48734 0.110274 0.0207209 0.0118958
 0.769899 0.0856438 0.111721 0.0252641 0.0074723
 0.65858 0.263415 0.0290437 0.0378666 0.0110953
 0.483757 0.341042 0.135189 0.0148976 0.0251136
 0.757898 0.117577 0.0822769 0.0325998 0.00964812
 0.716757 0.21515 0.0330793 0.0231351 0.0118792
 0.407496 0.425645 0.12676 0.0194799 0.0206188
 0.488527 0.209391 0.21704 0.0646055 0.0204365
 0.85173 0.0728283 0.0308967 0.0320052 0.0125401
pobs_PELACES
 0 0 0 0 0
 0 0 0 0 0
 0 0 0 0 0
 0 0 0 0 0
 0 0 0 0 0
 0 0 0 0 0
 0 0 0 0 0
 0 0 0 0 0
 0 0 0 0 0
 0 0 0 0 0
 0 0 0 0 0
 0 0 0 0 0
 0 0 0 0 0
 0 0 0 0 0
 0 0 0 0 0
 0 0 0 0 0
 0.505614 0.472636 0.0217494 0 0
 0 0 0 0 0
 0.443492 0.261883 0.143347 0.151278 0
 0.227955 0.32914 0.350689 0.0885471 0.00366901
 0.970185 0.0296113 0.000203453 0 0
 0.997202 0.00247181 0.000326279 0 0
 0.445219 0.490057 0.0546422 0.010081 0
 0.90214 0.0892962 0.00764917 0.000914606 0
 0 0 0 0 0
 0.581667 0.319106 0.0959925 0.00289975 0.000334073
 0.762889 0.0836404 0.116647 0.0363945 0.000428098
 0.88444 0.0763242 0.0277011 0.0115352 0
 0.521256 0.241999 0.230069 0.00667565 0
 0.616807 0.101726 0.260614 0.0208532 0
 0.833518 0.0704572 0.0857862 0.0102388 0
ppred_PELACES
 0.408951 0.109464 0.457054 0.0245294 8.05323e-07
 0.393758 0.275984 0.0630075 0.253733 0.0135176
 0.533608 0.204443 0.122005 0.0268613 0.113083
 0.755391 0.141627 0.0461852 0.0265792 0.0302175
 0.633495 0.288396 0.0460018 0.014466 0.0176412
 0.719361 0.188388 0.0731962 0.0112611 0.00779393
 0.455209 0.410257 0.0914301 0.0342576 0.00884574
 0.412004 0.292991 0.22427 0.0481922 0.0225432
 0.486692 0.233784 0.14194 0.104794 0.0327897
 0.645109 0.188988 0.0772162 0.0452082 0.0434783
 0.770223 0.157475 0.0392357 0.0154584 0.0176078
 0.711736 0.230389 0.0401595 0.0096503 0.00806501
 0.657298 0.255623 0.0701355 0.0117867 0.00515661
 0.598856 0.279076 0.0919249 0.0243154 0.0058274
 0.696726 0.194524 0.0765417 0.0243014 0.0079068
 0.916027 0.0615663 0.0145709 0.00552763 0.00230776
 0.411549 0.546373 0.0311706 0.00711295 0.00379462
 0.876187 0.0559371 0.0631921 0.00347653 0.0012068
 0.596134 0.361319 0.0196114 0.0213638 0.0015709
 0.581673 0.266026 0.136829 0.00716062 0.00831113
 0.729594 0.168699 0.0655516 0.0325104 0.00364532
 0.732682 0.203951 0.0401105 0.0150295 0.008227
 0.323338 0.517588 0.122486 0.0232284 0.01336
 0.727625 0.0984018 0.134254 0.0306405 0.0090792
 0.610618 0.296875 0.0342347 0.0450476 0.0132238
 0.431047 0.369785 0.153318 0.0170517 0.028798
 0.71523 0.134878 0.0987135 0.0394742 0.0117042
 0.672668 0.245613 0.0394972 0.0278794 0.0143416
 0.358002 0.454986 0.141722 0.0219809 0.023309
 0.433225 0.225546 0.244499 0.0734525 0.0232779
 0.821672 0.08534 0.037864 0.0395853 0.0155387
pobs_pel_tallas
 0 0 0 0 0 0 0 0 0 0 0 0 0 0 0 0 0 0 0 0 0 0 0 0 0 0
 0 0 0 0 0 0 0 0 0 0 0 0 0 0 0 0 0 0 0 0 0 0 0 0 0 0
 0 0 0 0 0 0 0 0 0 0 0 0 0 0 0 0 0 0 0 0 0 0 0 0 0 0
 0 0 0 0 0 0 0 0 0 0 0 0 0 0 0 0 0 0 0 0 0 0 0 0 0 0
 0 0 0 0 0 0 0 0 0 0 0 0 0 0 0 0 0 0 0 0 0 0 0 0 0 0
 0 0 0 0 0 0 0 0 0 0 0 0 0 0 0 0 0 0 0 0 0 0 0 0 0 0
 0 0 0 0 0 0 0 0 0 0 0 0 0 0 0 0 0 0 0 0 0 0 0 0 0 0
 0 0 0 0 0 0 0 0 0 0 0 0 0 0 0 0 0 0 0 0 0 0 0 0 0 0
 0 0 0 0 0 0 0 0 0 0 0 0 0 0 0 0 0 0 0 0 0 0 0 0 0 0
 0 0 0 0 0 0 0 0 0 0 0 0 0 0 0 0 0 0 0 0 0 0 0 0 0 0
 0 0 0 0 0 0 0 0 0 0 0 0 0 0 0 0 0 0 0 0 0 0 0 0 0 0
 0 0 0 0 0 0 0 0 0 0 0 0 0 0 0 0 0 0 0 0 0 0 0 0 0 0
 0.00862536 0 0 0.000197151 0.00414017 0.0128641 0.00837892 0.0270097 0.101434 0.158115 0.152841 0.127902 0.109271 0.109419 0.0830992 0.0579132 0.0238553 0.00714673 0.00463305 0.00128148 0.00103504 0.000492878 0.000147863 0.000147863 4.92878e-05 0
 0 0 0 0 0 0 0 0 0 0 0 0 0 0 0 0 0 0 0 0 0 0 0 0 0 0
 0 0 0 0 0 0 0 0.0054083 0.00873648 0.0413646 0.0450493 0.0745869 0.0622846 0.0627006 0.0613931 0.0827291 0.12552 0.122667 0.0946155 0.0697135 0.0546179 0.0294188 0.0215738 0.0213955 0.0102223 0.00600262
 0 0 0 0 0.00359764 0.0251062 0.0480494 0.140153 0.205849 0.193036 0.1447 0.116669 0.0760912 0.0342217 0.00950174 0.001854 0.000860785 0 0 0 0.000165536 0 0.000143464 0 0 0
 0 0 0 0 0 0 0 0.000145254 0.000435761 0.0275982 0.070085 0.0708112 0.156366 0.174668 0.174014 0.160142 0.0824315 0.0480064 0.0283245 0.00493863 0.00203355 0 0 0 0 0
 0 0 0 0 0 0 0 0 0 0 0 0 0 0 0 0 0 0 0 0 0 0 0 0 0 0
 0 0 1.00437e-05 0.000401748 0.00122533 0.00171747 0.00176769 0.0269171 0.070346 0.194647 0.189555 0.159765 0.064822 0.0314167 0.0384472 0.0292271 0.0345202 0.0313363 0.0194345 0.0106764 0.0143323 0.0359363 0.0279516 0.0138201 0.00172751 0
 0 0.0021121 0.0136068 0.0755702 0.200478 0.177729 0.0527432 0.0373336 0.0318909 0.0142505 0.0149659 0.0166563 0.0217959 0.0798694 0.0677717 0.0528807 0.04013 0.0224614 0.0357745 0.0225083 0.00881397 0.00855152 0.00135912 0.000746735 0 0
 0 0 0 0 5.4009e-05 0.00500934 0.000945158 0.0243581 0.138947 0.33067 0.221406 0.137944 0.0707744 0.0437923 0.0131692 0.00525238 0.0047753 0.00276346 9.45158e-05 9.00151e-06 2.25038e-05 9.00151e-06 4.50075e-06 0 0 0
 0.000866109 0.00284123 0.00948549 0.0512746 0.133035 0.25785 0.225252 0.132002 0.0553304 0.0519788 0.0540692 0.017754 0.00435017 0.00159236 0.00146478 0.000404838 0.000125132 0.000115318 0.000107957 0.000100596 0 0 0 0 0 0
 0 0 0 0 0.00144013 0.00171154 0.00461396 0.0210425 0.0478622 0.0707936 0.0888783 0.103762 0.0637923 0.0337046 0.0602308 0.124433 0.169614 0.0934646 0.0462172 0.0250306 0.0313229 0.00938855 0.002487 0.000210481 0 0
 0 0.00764035 0.051015 0.0998891 0.058973 0.0496711 0.0374665 0.0718981 0.12319 0.153886 0.159021 0.0857701 0.0377988 0.023471 0.0147837 0.00900784 0.00315554 0.000888139 0.00291439 0.00214683 0.00393193 0.00274676 0.000635225 9.99891e-05 0 0
 0 0 0 0 0 0 0 0 0 0 0 0 0 0 0 0 0 0 0 0 0 0 0 0 0 0
 0 0 0 0 0 0 0 0 0 0 0 0 0 0 0 0 0 0 0 0 0 0 0 0 0 0
 0 0 0 0 0 0 0 0 0 0 0 0 0 0 0 0 0 0 0 0 0 0 0 0 0 0
 0 0 0 0 0 0 0 0 0 0 0 0 0 0 0 0 0 0 0 0 0 0 0 0 0 0
 0 0 0 0 0 0 0 0 0 0 0 0 0 0 0 0 0 0 0 0 0 0 0 0 0 0
 0 0 0 0 0 0 0 0 0 0 0 0 0 0 0 0 0 0 0 0 0 0 0 0 0 0
 0 0 0 0 0 0 0 0 0 0 0 0 0 0 0 0 0 0 0 0 0 0 0 0 0 0
ppred_pel_tallas
 1.15678e-16 3.36848e-05 0.000327428 0.00217588 0.00989123 0.0307753 0.0655705 0.0957044 0.0957157 0.0656258 0.0309628 0.0104415 0.00359006 0.00352364 0.00642269 0.011394 0.0183361 0.0270565 0.0372273 0.0484543 0.0600819 0.0708151 0.0786303 0.0813595 0.0777302 0.0681544
 1.29623e-16 3.24334e-05 0.000315264 0.00209504 0.00952378 0.0296322 0.0631354 0.0921536 0.0921804 0.0632661 0.0300713 0.010794 0.00529103 0.00731835 0.0134142 0.0223536 0.0327757 0.0425377 0.0495971 0.0533164 0.0549521 0.0567566 0.0603274 0.0654657 0.0702978 0.0723968
 1.25404e-16 4.39526e-05 0.000427235 0.00283913 0.0129063 0.0401563 0.0855581 0.124879 0.124899 0.0856553 0.0404833 0.0138529 0.00522411 0.0056636 0.0100785 0.016833 0.0248256 0.0324853 0.0382814 0.0416408 0.0433096 0.044756 0.0470734 0.0502452 0.0532333 0.0546506
 1.09149e-16 6.22206e-05 0.000604806 0.00401915 0.0182705 0.0568463 0.121118 0.176778 0.176791 0.121185 0.0570714 0.0189214 0.00565581 0.00418724 0.00689489 0.0113785 0.0165758 0.0212636 0.0242573 0.0250645 0.0241855 0.0227421 0.0217266 0.0214557 0.021562 0.0213834
 1.05838e-16 5.21802e-05 0.00050721 0.00337059 0.0153222 0.0476733 0.101574 0.148256 0.148284 0.10171 0.0481296 0.0166404 0.00668013 0.00773437 0.0137853 0.0227276 0.0327854 0.0413419 0.0457718 0.044885 0.0396388 0.0324764 0.0258383 0.0210038 0.0179344 0.0158771
 1.04609e-16 5.92528e-05 0.000575959 0.00382745 0.017399 0.054135 0.115341 0.168347 0.168366 0.11543 0.0544344 0.018265 0.00600466 0.00534086 0.009144 0.0151155 0.0219846 0.0280984 0.0318007 0.0323127 0.030152 0.0266906 0.0232335 0.0203658 0.0179591 0.0156177
 1.07676e-16 3.74951e-05 0.000364465 0.002422 0.0110101 0.0342567 0.072989 0.106538 0.106577 0.0731825 0.0349067 0.0128883 0.00713962 0.0106731 0.0196453 0.0324973 0.0469973 0.0595004 0.06631 0.0657276 0.0590358 0.0495503 0.0405371 0.0336387 0.028734 0.0248406
 1.15195e-16 3.39363e-05 0.000329872 0.00219212 0.00996508 0.0310052 0.0660609 0.0964238 0.0964524 0.0662005 0.0314748 0.0113253 0.005621 0.00786374 0.0144851 0.0242681 0.0358354 0.0469137 0.0551674 0.0594822 0.0604798 0.0597596 0.0585438 0.0568954 0.0540254 0.0491955
 1.20215e-16 4.00882e-05 0.000389672 0.00258951 0.0117715 0.0366258 0.0780359 0.1139 0.113923 0.0781471 0.0369998 0.0128548 0.00531927 0.00638468 0.011533 0.0192897 0.0284719 0.0372914 0.043978 0.0478138 0.0495273 0.050613 0.0521198 0.0539033 0.0548355 0.0536414
 1.14169e-16 5.31368e-05 0.000516509 0.00343238 0.0156031 0.0485472 0.103436 0.150971 0.15099 0.103525 0.0488482 0.0164738 0.00562298 0.00531615 0.00922129 0.0153025 0.0223823 0.0288966 0.033313 0.0350033 0.0346221 0.0335948 0.0331174 0.0334579 0.0339914 0.0337621
 1.05703e-16 6.34423e-05 0.000616681 0.00409807 0.0186292 0.0579625 0.123496 0.180249 0.180264 0.12357 0.0582122 0.0193509 0.00591136 0.0045809 0.00760955 0.0125263 0.0181511 0.023071 0.0258986 0.0260191 0.0239543 0.0209824 0.0183232 0.0165265 0.0154256 0.0145081
 1.03551e-16 5.86248e-05 0.000569854 0.00378688 0.0172146 0.0535612 0.114119 0.166564 0.166586 0.114227 0.0539258 0.0182679 0.00643146 0.00634528 0.0110341 0.0181669 0.0262078 0.0330502 0.0365868 0.0358497 0.0315774 0.0256931 0.0201293 0.015917 0.0130698 0.0110596
 1.04145e-16 5.41408e-05 0.000526268 0.00349724 0.0158979 0.0494645 0.10539 0.153825 0.15385 0.105511 0.0498699 0.0170694 0.00644048 0.00696005 0.0122985 0.0203125 0.0294102 0.0373066 0.0416977 0.0415048 0.0374798 0.0316208 0.0259006 0.0213193 0.0178412 0.014951
 1.06149e-16 4.93271e-05 0.000479477 0.00318629 0.0144844 0.0450666 0.0960202 0.14015 0.140177 0.0961521 0.0455097 0.0157655 0.00640611 0.0075225 0.0134669 0.0222947 0.0323678 0.0412425 0.0464481 0.0468329 0.0432007 0.0376572 0.0322252 0.0278434 0.0243445 0.0211073
 1.06034e-16 5.73884e-05 0.000557836 0.00370702 0.0168516 0.0524316 0.111712 0.163051 0.163069 0.111804 0.052741 0.0177462 0.00595666 0.0054825 0.00945061 0.0156393 0.0227743 0.02917 0.0331414 0.0339108 0.0320309 0.0289142 0.0258694 0.0234257 0.0213533 0.0191529
 1.01382e-16 7.5452e-05 0.00073342 0.00487383 0.0221557 0.0689348 0.146873 0.214367 0.214373 0.146902 0.0690324 0.0224377 0.00558219 0.00228156 0.00302099 0.00488905 0.00706926 0.00896188 0.0100116 0.00996639 0.00901981 0.007667 0.00639142 0.00542947 0.00475145 0.00419993
 1.02395e-16 3.38989e-05 0.000329509 0.00218971 0.00995412 0.0309712 0.0659894 0.0963245 0.0963771 0.0662463 0.0318337 0.0124441 0.00843625 0.0139536 0.0258726 0.0426249 0.0611787 0.0764694 0.0833571 0.0794733 0.0666563 0.0497601 0.0338311 0.0218233 0.0141557 0.00971411
 1.02391e-16 7.21704e-05 0.000701522 0.00466186 0.0211921 0.0659367 0.140485 0.205043 0.205049 0.140512 0.0660269 0.0214539 0.00532305 0.00215852 0.00287905 0.00474889 0.00707408 0.00939407 0.0112731 0.0124804 0.0130699 0.0132382 0.013099 0.0125863 0.0115589 0.00998174
 1.03067e-16 4.91029e-05 0.000477298 0.00317181 0.0144186 0.0448619 0.0955842 0.139515 0.13955 0.0957541 0.0454323 0.0160656 0.00730383 0.00949053 0.0171465 0.0282167 0.0405223 0.050712 0.0554132 0.0530924 0.0449927 0.0343286 0.0244013 0.0170812 0.0125285 0.00989003
 1.06142e-16 4.79117e-05 0.000465719 0.00309487 0.0140688 0.0437735 0.093265 0.136128 0.136154 0.0933911 0.0441974 0.0152951 0.00618031 0.00722556 0.012957 0.0215292 0.0314371 0.0404209 0.0461727 0.0475704 0.0452452 0.0409609 0.0363618 0.0321348 0.028094 0.023828
 1.05813e-16 6.00957e-05 0.000584152 0.00388189 0.0176465 0.054905 0.116982 0.170741 0.170758 0.117061 0.0551733 0.0184225 0.00583347 0.00485687 0.00821162 0.0135779 0.0197849 0.025373 0.0288948 0.0296928 0.0282588 0.0258169 0.0234785 0.0216541 0.0200813 0.0182696
 1.0411e-16 6.03501e-05 0.000586625 0.00389833 0.0177212 0.0551375 0.117477 0.171465 0.171485 0.117573 0.0554604 0.0186544 0.00624171 0.00570598 0.00979407 0.0161259 0.0232956 0.0294497 0.0327427 0.0323344 0.028881 0.0240648 0.0195494 0.0161821 0.0139069 0.0122068
 1.08258e-16 2.6633e-05 0.000258883 0.00172037 0.00782057 0.024333 0.0518458 0.075681 0.0757309 0.05209 0.0251531 0.0101905 0.00767301 0.0132664 0.0247682 0.041004 0.0592974 0.075055 0.0835917 0.0827276 0.0740369 0.0616696 0.0497499 0.040412 0.0336205 0.0282768
 1.08509e-16 5.99335e-05 0.000582575 0.00387142 0.0175989 0.0547568 0.116665 0.170279 0.170288 0.116713 0.0549165 0.0180628 0.00504543 0.00317737 0.00508176 0.0085523 0.0128907 0.0174217 0.021474 0.0247115 0.0272319 0.0292798 0.0308394 0.0315034 0.0307327 0.0282639
 1.0782e-16 5.02959e-05 0.000488894 0.00324887 0.0147689 0.0459518 0.0979062 0.142903 0.142932 0.098046 0.0464213 0.0161252 0.00665358 0.00792289 0.014174 0.0233693 0.0337058 0.0425035 0.0470884 0.0462874 0.0411538 0.0342616 0.0281327 0.0240098 0.0216923 0.0202031
 1.11103e-16 3.55049e-05 0.00034512 0.00229344 0.0104257 0.0324384 0.0691147 0.100882 0.100918 0.0692897 0.0330265 0.0121266 0.00657078 0.00970881 0.017896 0.0297316 0.0432994 0.0554442 0.0629477 0.064302 0.0605257 0.0542881 0.0480994 0.0430378 0.038777 0.034475
 1.08823e-16 5.89126e-05 0.000572651 0.00380547 0.0172991 0.053824 0.114678 0.167379 0.167392 0.114743 0.0540402 0.0179253 0.00538402 0.00404137 0.00671391 0.0111838 0.0165248 0.0216719 0.0255751 0.0277605 0.0285565 0.028726 0.028817 0.0287859 0.0281423 0.026399
 1.06426e-16 5.54069e-05 0.000538574 0.00357902 0.0162697 0.0506212 0.107855 0.157422 0.157446 0.107971 0.05101 0.0173928 0.00639912 0.00669824 0.0117641 0.0193898 0.0279992 0.0353754 0.03931 0.0388211 0.034747 0.0291664 0.0241161 0.0206001 0.0184718 0.0169818
 1.10356e-16 2.94883e-05 0.000286636 0.0019048 0.00865898 0.0269415 0.0574034 0.0837912 0.0838352 0.0576184 0.0276636 0.0107463 0.00715037 0.0117581 0.0218757 0.0362751 0.0526206 0.0669453 0.0752025 0.0755081 0.0691974 0.0597683 0.050617 0.0433764 0.0378393 0.0329862
 1.18419e-16 3.56842e-05 0.000346863 0.00230503 0.0104783 0.0326021 0.0694631 0.101388 0.10141 0.0695712 0.0329662 0.0115346 0.0049739 0.00623116 0.0113825 0.0192118 0.0287325 0.038371 0.0465118 0.0523928 0.0563979 0.0594105 0.0618037 0.0629875 0.061853 0.0576387
 1.07715e-16 6.76801e-05 0.000657874 0.00437181 0.0198736 0.0618342 0.131745 0.192287 0.192295 0.131785 0.0619703 0.0202676 0.00536362 0.00283302 0.00422889 0.00696575 0.0102266 0.0132966 0.0155144 0.0166276 0.0169461 0.0170922 0.0175373 0.0182919 0.0189479 0.0189737
pSPR Fmed_Fpbrs
0.719704   0.200735 0.200735
Fs Fmed_Fpbrs
0.168967   1.005 1.005
SSBpbr Bo_Bmed_Bpbrs
2.31113e+06  1.54778e+06  348369 348369
Ro
224655
SPR SPRFo_SPRFmed_SPRFpbrs
1.6035e+06 1.15405e+06 321879
Fref
1.005
Nvult_r0
 280979 24483.4 10398.8 10772.6 4220.86
CTP_r0
 30027.9 2987.24 1278.3 1324.77 519.076
YTP_r0
391301
Np
 301775 47091.3 18499.4 1553.31 746.933
Nvult_p0
 254684 40692.6 16007.1 1344.14 646.35
CTP_p0
 117580 58705.3 4999.36 2120.29 2898.6
 117580 20305.4 8021.61 673.736 323.981
YTP_p0
 2.07655e+06 1.41514e+06
CBA_c0
1.87813e+06
log_Ro
12.1423
likeval ReclasPelacesDesembMPH_pf_preclas_ppelaces_ptallas_desvR_qrecl_qpela
 17.3261 17.6434 0.123071 0.000803843 240.971 120.556 99.1999 0 21.1584 8.03848e-06 0 0.625532 0 0 0
q_reclas_q_pelaces
0.669139 1
M
1
N
 236276 52305.9 208885 11107.9 0.364013
 136984 80101.8 17500.3 69831.3 3713.4
 136213 43510.2 24846.8 5420.51 22777.8
 276083 43486.4 13576.6 7742.1 8785.71
 221658 83257.1 12700 3957.15 4816.82
 351024 76497.6 28438.7 4335.27 2994.97
 148727 113655 24263.3 9008.64 2321.87
 71562.5 41860.7 30636.4 6522.92 3045.65
 62918.7 25266.6 14682.1 10740.9 3354.6
 79824.8 19682.7 7699.97 4467.14 4288.31
 140858 23741.1 5656.48 2208.17 2510.56
 178030 48919.4 8168.98 1945.2 1622.67
 150890 49684.5 13057.1 2174.41 949.547
 106585 42932.9 13562.6 3555.18 850.468
 109694 25991.4 9797.32 3082.37 1001.05
 539267 30670.8 6952.55 2613.58 1089.15
 138846 154058 8411.7 1902 1012.81
 814754 43525 47062.7 2565.57 888.941
 494003 253116 13157.9 14203.4 1042.47
 369185 142208 70036.9 3631.89 4207.69
 565013 109254 40631.7 19967.6 2234.81
 753029 176328 33202.4 12327.9 6735.74
 168992 224909 50922.5 9568.8 5493.44
 491075 55084.8 71894.3 16258.3 4808.68
 403858 162920 17972.7 23433.2 6866.16
 188251 133634 52995 5840.07 9844.92
 406314 63573.3 44509.9 17636.2 5219.56
 444748 134502 20689.2 14470 7429.93
 141772 149142 44434.9 6828.71 7227.97
 110356 47759.9 49534 14745.1 4664.29
 417125 36012.9 15287.2 15836.2 6204.85
pred_Ctot
 11796.3 3016.46 12145.4 646.141 0.0211748
 11970.2 8051.44 1773.07 7078.01 376.394
 11513.4 4231.72 2435.86 531.625 2234.01
 31972.7 5774.01 1816.67 1036.39 1176.11
 8715.49 3785.79 582.278 181.509 220.946
 26877.5 6745.74 2527.97 385.534 266.348
 22571.3 19692.8 4235.64 1573.26 405.498
 1827.18 1237.89 913.575 194.599 90.8634
 6031.1 2783.19 1630.07 1193 372.607
 9833.87 2777.69 1095.03 635.542 610.112
 5005.09 975.979 234.47 91.5721 104.115
 27781.4 8711.14 1465.54 349.111 291.231
 22066.6 8301.05 2197.99 366.178 159.91
 23482.5 10709.2 3406.74 893.34 213.708
 17013.9 4600.8 1747.23 549.918 178.598
 77750 5053.19 1154.14 434.032 180.877
 13149.5 16768.7 922.835 208.752 111.163
 81210.4 4983.28 5430.8 296.177 102.624
 69285.2 40585.9 2125.82 2295.66 168.495
 46457.1 20493.4 10170.6 527.626 611.289
 54907.5 12199 4572.69 2248.09 251.616
 91082.4 24438.2 4637.28 1722.5 941.163
 12292.8 18849.9 4302.34 808.792 464.337
 30735.6 3976.81 5232.62 1183.82 350.144
 25889.6 12045 1339.57 1747.3 511.988
 9828.99 8057.47 3221.59 355.174 598.749
 25950 4682.71 3305.2 1310.18 387.767
 25055.8 8746.52 1356.41 949.082 487.336
 7606.46 9239.18 2775.27 426.686 451.644
 7955.31 3967.11 4147.71 1235.2 390.737
 30027.9 2987.24 1278.3 1324.77 519.076
F
 0.0817042 0.0948895 0.0957024 0.0957456 0.0957478
 0.146867 0.170568 0.17203 0.172107 0.172111
 0.141768 0.164646 0.166057 0.166132 0.166136
 0.198769 0.230846 0.232823 0.232928 0.232934
 0.0638756 0.0741838 0.0748192 0.074853 0.0748548
 0.127689 0.148295 0.149566 0.149633 0.149637
 0.267766 0.310977 0.313641 0.313783 0.31379
 0.0410891 0.04772 0.0481287 0.0481505 0.0481516
 0.162105 0.188265 0.189878 0.189963 0.189968
 0.212625 0.246938 0.249054 0.249166 0.249172
 0.0575742 0.0668654 0.0674382 0.0674686 0.0674702
 0.276257 0.320839 0.323587 0.323733 0.323741
 0.256915 0.298375 0.300931 0.301067 0.301074
 0.411174 0.477529 0.48162 0.481837 0.481848
 0.274379 0.318658 0.321388 0.321533 0.32154
 0.25288 0.293689 0.296205 0.296338 0.296345
 0.160026 0.185851 0.187443 0.187527 0.187532
 0.169038 0.196317 0.197998 0.198088 0.198092
 0.245249 0.284827 0.287267 0.287396 0.287403
 0.217625 0.252744 0.25491 0.255025 0.255031
 0.164503 0.19105 0.192687 0.192774 0.192779
 0.208408 0.242041 0.244114 0.244224 0.24423
 0.120976 0.140498 0.141702 0.141766 0.141769
 0.103341 0.120017 0.121046 0.1211 0.121103
 0.10596 0.123059 0.124113 0.124169 0.124172
 0.0855821 0.0993933 0.100245 0.10029 0.100292
 0.105547 0.12258 0.12363 0.123686 0.123689
 0.0926104 0.107556 0.108477 0.108526 0.108529
 0.0880321 0.102239 0.103114 0.103161 0.103163
 0.119831 0.13917 0.140362 0.140425 0.140428
 0.119656 0.138966 0.140157 0.14022 0.140223
YTP_r0W_actual
 249231 42120 35281.2 45307.2 19361.5
YTP_p0W_proyectada
 880671 919912 115635 62273 98059.7
 880671 318186 185540 19787.6 10960.3
CTP_r0_actual
 30027.9 2987.24 1278.3 1324.77 519.076
CTP_p0_proyectada
 117580 58705.3 4999.36 2120.29 2898.6
 117580 20305.4 8021.61 673.736 323.981
Wmedp
 7.49 15.67 23.13 29.37 33.83
Frms_r0
 0.119656 0.138966 0.140157 0.14022 0.140223
Zrms_r0
 1.11966 1.13897 1.14016 1.14022 1.14022
nmprior
 8.19 8.8 8.5 0
nm_flota  nm_reclas  nm_pelaces    nm_pelaL
inf 11.4762 13.5899 29.7291
cv_recla  cv_pelaces  cv_mph
0.376509 0.476281 0.874966
 ------------------------------------------------
Talla a la edad & desviaci?n 
 8 13.2811 15.8009 17.003 17.5766
 0.8 1.32811 1.58009 1.7003 1.75766
