years
 1991 1992 1993 1994 1995 1996 1997 1998 1999 2000 2001 2002 2003 2004 2005 2006 2007 2008 2009 2010 2011 2012 2013 2014 2015 2016 2017 2018 2019 2020 2021
reclasobs
 0 0 0 0 0 0 0 0 0 252601 567819 844713 477998 351125 339783 2.1784e+06 2.13404e+06 4.81314e+06 1.55562e+06 2.62356e+06 3.21686e+06 3.843e+06 1.13348e+06 3.07943e+06 1.97215e+06 2.03268e+06 2.025e+06 2.42433e+06 2.27542e+06 1.05018e+06 2.36338e+06
reclaspred
 2.67398e+06 1.10553e+06 567673 307374 92274.7 1.02134e+06 423443 179784 72884.9 174711 310993 491638 454295 313103 259193 1.19833e+06 887112 3.04631e+06 2.36297e+06 1.31663e+06 2.53966e+06 2.26326e+06 1.44179e+06 2.57409e+06 1.77077e+06 1.25353e+06 1.79311e+06 2.35706e+06 1.76733e+06 801756 1.13961e+06
pelacesobs
 0 0 0 0 0 0 0 0 0 0 0 0 0 0 0 552880 188675 0 991730 2.46772e+06 1.41603e+06 1.21717e+06 2.29649e+06 1.80582e+06 0 1.4828e+06 1.56532e+06 1.57751e+06 1.42118e+06 867257 1.10002e+06
pelacespred
 1.2883e+06 565039 260822 93895.9 31417.4 453295 143327 83348.4 19435.5 66521.7 137961 184939 188314 128728 108067 461080 342959 1.43213e+06 1.10138e+06 585760 1.0965e+06 1.00171e+06 642085 1.29964e+06 854303 600085 987253 1.26335e+06 789417 419947 562054
mphobs
 0 0 0 0 0 0 0 0 0 0 0 498337 0 5186 125008 0 168611 109162 213762 579715 649985 157893 87575 83554 0 0 0 0 0 0 0
mphpred
 2.76019e+06 1.41541e+06 456149 301823 108253 34782.6 541560 167594 65375 15421.5 70630.1 209163 254510 188089 99939 109303 769265 518538 1.78465e+06 1.18022e+06 896882 1.30429e+06 1.34517e+06 871457 1.44537e+06 1.05207e+06 682372 928121 1.6332e+06 941170 387716
desembarqueobs
 494567 514787 250237 358949 120608 361735 552515 73892 212993 205616 52469 317467 293654 387597 252695 516296 358380 742168 942051 627588 828172 859565 418607 520667 417249 300574 415391 372974 316634 284311 391294
desembarquepred
 494541 515110 249330 358920 120569 361586 551895 73873.5 212760 205494 52465.2 317305 293481 387176 252511 516045 358304 741870 941207 626932 827868 859073 418461 520551 417095 300457 415254 372864 316533 284184 391173
Reclutas
 35598.5 24391.1 168963 23818.4 10994.8 300637 22098 5606.68 18574.3 72877.2 78893 133947 94436.3 68774.4 54434.7 444633 27712 813562 324379 166743 431765 583783 38150.1 337625 213954 62855.2 272282 349054 38034.5 20778 196767
log_desv_Rt
 -0.91428 -1.29237 0.643096 -1.31613 -2.08916 1.21932 -1.3911 -2.76263 -1.56481 -0.197809 -0.118492 0.410863 0.0613409 -0.255753 -0.489583 1.61067 -1.16472 2.21484 1.29533 0.629869 1.5813 1.88294 -0.845057 1.33535 0.879176 -0.345751 1.12025 1.36864 -0.84809 -1.45269 0.795433
SSB
 2.76019e+06 1.41541e+06 456149 301823 108253 34782.6 541560 167594 65375 15421.5 70630.1 209163 254510 188089 99939 109303 769265 518538 1.78465e+06 1.18022e+06 896882 1.30429e+06 1.34517e+06 871457 1.44537e+06 1.05207e+06 682372 928121 1.6332e+06 941170 387716
BT
 3.41709e+06 1.85077e+06 844920 491029 179851 1.36632e+06 816749 261563 244551 349904 361526 687873 699401 699759 501977 1.47237e+06 1.07327e+06 3.97101e+06 3.43105e+06 1.942e+06 3.22734e+06 3.08887e+06 1.84464e+06 3.48986e+06 2.36036e+06 1.65908e+06 2.7121e+06 3.28361e+06 2.08392e+06 1.26724e+06 1.68301e+06
Ftot
 0.176073 0.432593 0.442608 1.02317 1.13625 0.400128 1.11209 0.392519 2.29836 1.20806 0.186826 0.6564 0.644242 1.17739 0.983452 0.478253 0.38211 0.270354 0.394744 0.464245 0.341945 0.391015 0.276905 0.217948 0.235498 0.235138 0.249246 0.171555 0.171265 0.335722 0.369939
BD_Bspro_t
 0.972221 0.783838 0.517612 0.446481 0.199855 0.101858 0.515852 0.217659 0.131981 0.046576 0.211639 0.505498 0.419886 0.314898 0.194206 0.215846 0.53291 0.430079 0.655458 0.524702 0.420391 0.510417 0.542223 0.475343 0.628289 0.611074 0.571481 0.667006 0.757215 0.64827 0.490728
BD_Bspro
 4.35398 2.2327 0.71954 0.476102 0.170761 0.0548668 0.854268 0.264366 0.103124 0.0243263 0.111413 0.329937 0.401469 0.296695 0.157646 0.172418 1.21346 0.817952 2.81514 1.8617 1.41476 2.05742 2.12189 1.37465 2.27995 1.65956 1.07639 1.46404 2.57624 1.48462 0.611592
BD_Bo
 1.56402 0.802024 0.258471 0.171024 0.0613401 0.0197091 0.306868 0.0949646 0.0370439 0.0087384 0.0400216 0.118519 0.144214 0.106578 0.0566291 0.0619353 0.435894 0.293822 1.01125 0.668755 0.508206 0.739058 0.76222 0.493799 0.818997 0.596143 0.386657 0.525907 0.925428 0.533301 0.219694
BD_Brms
 9.93497 5.09461 1.64186 1.08638 0.389644 0.125196 1.94928 0.603233 0.23531 0.055508 0.254225 0.752856 0.916078 0.677004 0.359719 0.393425 2.76888 1.86642 6.42363 4.24806 3.22822 4.69464 4.84177 3.13671 5.20243 3.78681 2.45612 3.34066 5.87849 3.38763 1.39554
Sel_flota
 0.817379 1 1 1 1
 0.817379 1 1 1 1
 0.817379 1 1 1 1
 0.817379 1 1 1 1
 0.817379 1 1 1 1
 0.817379 1 1 1 1
 0.817379 1 1 1 1
 0.817379 1 1 1 1
 0.817379 1 1 1 1
 0.817379 1 1 1 1
 0.817379 1 1 1 1
 0.817379 1 1 1 1
 0.817379 1 1 1 1
 0.817379 1 1 1 1
 0.817379 1 1 1 1
 0.817379 1 1 1 1
 0.817379 1 1 1 1
 0.817379 1 1 1 1
 0.817379 1 1 1 1
 0.817379 1 1 1 1
 0.817379 1 1 1 1
 0.817379 1 1 1 1
 0.817379 1 1 1 1
 0.817379 1 1 1 1
 0.817379 1 1 1 1
 0.817379 1 1 1 1
 0.817379 1 1 1 1
 0.817379 1 1 1 1
 0.817379 1 1 1 1
 0.817379 1 1 1 1
 0.817379 1 1 1 1
Sel_reclas
 1 1 1 1 1
 1 1 1 1 1
 1 1 1 1 1
 1 1 1 1 1
 1 1 1 1 1
 1 1 1 1 1
 1 1 1 1 1
 1 1 1 1 1
 1 1 1 1 1
 1 1 1 1 1
 1 1 1 1 1
 1 1 1 1 1
 1 1 1 1 1
 1 1 1 1 1
 1 1 1 1 1
 1 1 1 1 1
 1 1 1 1 1
 1 1 1 1 1
 1 1 1 1 1
 1 1 1 1 1
 1 1 1 1 1
 1 1 1 1 1
 1 1 1 1 1
 1 1 1 1 1
 1 1 1 1 1
 1 1 1 1 1
 1 1 1 1 1
 1 1 1 1 1
 1 1 1 1 1
 1 1 1 1 1
 1 1 1 1 1
Sel_pelaces
 1 1 1 1 1
 1 1 1 1 1
 1 1 1 1 1
 1 1 1 1 1
 1 1 1 1 1
 1 1 1 1 1
 1 1 1 1 1
 1 1 1 1 1
 1 1 1 1 1
 1 1 1 1 1
 1 1 1 1 1
 1 1 1 1 1
 1 1 1 1 1
 1 1 1 1 1
 1 1 1 1 1
 1 1 1 1 1
 1 1 1 1 1
 1 1 1 1 1
 1 1 1 1 1
 1 1 1 1 1
 1 1 1 1 1
 1 1 1 1 1
 1 1 1 1 1
 1 1 1 1 1
 1 1 1 1 1
 1 1 1 1 1
 1 1 1 1 1
 1 1 1 1 1
 1 1 1 1 1
 1 1 1 1 1
 1 1 1 1 1
pf_obs 
 0.8446 0.082 0.0669 0.0065 0
 0.8095 0.147 0.0364 0.0071 0
 0.9664 0.0169 0.016 0.0007 0
 0.9276 0.0648 0.0075 0.0001 0
 0.7033 0.2144 0.0806 0.0017 0
 0.9318 0.0425 0.0243 0.0014 0
 0.5671 0.3108 0.0964 0.0239 0.0018
 0.0768 0.2599 0.5324 0.112 0.0189
 0.490249 0.384438 0.106611 0.0170017 0.00170017
 0.7925 0.1577 0.0466 0.003 0.0002
 0.840416 0.127587 0.0312969 0.00059994 9.999e-05
 0.8084 0.0986 0.0794 0.0134 0.0002
 0.7335 0.1905 0.0724 0.0035 0.0001
 0.4001 0.4547 0.1325 0.0127 0
 0.49795 0.308269 0.164784 0.0264974 0.00249975
 0.9179 0.0499 0.0305 0.0017 0
 0.2467 0.6533 0.0926 0.0074 0
 0.9418 0.0223 0.034 0.0019 0
 0.707729 0.231977 0.0356964 0.0245975 0
 0.517169 0.277429 0.184464 0.0207286 0.00020938
 0.811772 0.124168 0.05621 0.00726502 0.000585176
 0.764997 0.148141 0.077277 0.00933861 0.000247198
 0.163321 0.427699 0.378323 0.0303852 0.000271297
 0.753843 0.0900009 0.118128 0.0371064 0.000921714
 0.721811 0.176058 0.0630433 0.0369309 0.00215725
 0.143369 0.312575 0.442814 0.0836902 0.0175525
 0.692698 0.0596174 0.167031 0.0765114 0.00414204
 0.394062 0.376323 0.152708 0.0712218 0.00568511
 0.125707 0.32114 0.495352 0.0537591 0.00404204
 0.23352 0.215282 0.420074 0.123614 0.00750983
 0.796117 0.104755 0.0508955 0.0450114 0.00322123
pf_pred 
 0.143886 0.235754 0.550251 0.0701088 7.42678e-07
 0.239013 0.131858 0.173247 0.404361 0.0515211
 0.866664 0.0383205 0.0164636 0.0216314 0.0569208
 0.300054 0.625134 0.0215006 0.0092373 0.0440736
 0.485902 0.191247 0.288345 0.00991723 0.0245898
 0.989034 0.00625058 0.00175399 0.00264451 0.000316476
 0.194031 0.799044 0.00394763 0.00110775 0.00187004
 0.265959 0.18485 0.544471 0.00268993 0.00202908
 0.782875 0.068722 0.0373717 0.110077 0.000954054
 0.981359 0.0159691 0.000845581 0.000459835 0.00136617
 0.865947 0.132279 0.00151994 8.04824e-05 0.000173799
 0.803474 0.174846 0.0213923 0.000245806 4.11227e-05
 0.702481 0.250979 0.0414063 0.00506603 6.79491e-05
 0.690371 0.234289 0.0635545 0.0104852 0.00130006
 0.788148 0.160737 0.0386775 0.0104919 0.00194556
 0.972278 0.0231877 0.00344002 0.000827757 0.00026618
 0.170698 0.811382 0.0149887 0.00222366 0.00070713
 0.949793 0.0104471 0.0389007 0.000718616 0.000140513
 0.5217 0.459046 0.00400639 0.0149182 0.000329471
 0.48689 0.298816 0.205668 0.001795 0.00683148
 0.825819 0.0958272 0.0456302 0.0314063 0.00131729
 0.777956 0.190433 0.0173912 0.00828119 0.00593883
 0.142889 0.700622 0.134211 0.0122567 0.0100218
 0.813187 0.0324548 0.126175 0.0241702 0.00401217
 0.591269 0.345398 0.0110028 0.0427759 0.00955435
 0.341741 0.4245 0.197539 0.00629267 0.0299285
 0.824159 0.0693798 0.0686548 0.0319481 0.00585809
 0.751463 0.212479 0.0142268 0.0140781 0.00775241
 0.182303 0.646221 0.146598 0.00981563 0.0150618
 0.237239 0.165863 0.471725 0.107013 0.0181599
 0.88948 0.0312894 0.0172288 0.0489997 0.0130021
pobs_RECLAS
 0 0 0 0 0
 0 0 0 0 0
 0 0 0 0 0
 0 0 0 0 0
 0 0 0 0 0
 0 0 0 0 0
 0 0 0 0 0
 0 0 0 0 0
 0 0 0 0 0
 0 0 0 0 0
 0.991045 0.00858322 0.000360255 1.14367e-05 0
 0.934742 0.0480273 0.0164251 0.00080598 0
 0.827803 0.169806 0.00239088 0 0
 0.941827 0.0461693 0.0120037 0 0
 0.791401 0.0380133 0.147996 0.0225897 0
 0.846168 0.0940531 0.0597789 0 0
 0.134021 0.677848 0.182769 0.00536245 0
 0.80878 0.0450904 0.141981 0.00414843 0
 0.846168 0.0940531 0.0597789 0 0
 0.905697 0.0802665 0.012482 0.00150086 5.37128e-05
 0.989698 0.0102097 9.19794e-05 0 0
 0.975433 0.0193895 0.00387452 0.00125025 5.28907e-05
 0.303575 0.632131 0.0575291 0.00676475 0
 0.966965 0.00978017 0.0227588 0.000495775 0
 0.843318 0.132988 0.00938335 0.0141283 0.000182051
 0.564624 0.303363 0.111486 0.0197234 0.00080311
 0.826376 0.0876187 0.0782897 0.00655872 0.00115652
 0.89761 0.0855135 0.0140674 0.00269457 0.000114338
 0.34875 0.467042 0.161289 0.0227151 0.000203297
 0.318654 0.224769 0.449479 0.00709798 0
 0.937255 0.0296025 0.0250945 0.00804832 0
ppred_RECLAS
 0.170981 0.228292 0.532836 0.0678899 7.19173e-07
 0.279376 0.124864 0.164058 0.382913 0.0487884
 0.889198 0.0318441 0.0136811 0.0179756 0.0473008
 0.350451 0.580124 0.0199526 0.0085722 0.0409003
 0.544428 0.169475 0.255519 0.00878823 0.0217905
 0.99109 0.00507863 0.00142512 0.00214868 0.000257138
 0.23318 0.760231 0.00375588 0.00105394 0.00177921
 0.308807 0.17406 0.512689 0.00253291 0.00191064
 0.828938 0.0541428 0.0294434 0.0867245 0.000751654
 0.985244 0.0126411 0.000669361 0.000364005 0.00108146
 0.888002 0.110516 0.00126987 6.72411e-05 0.000145205
 0.835499 0.146354 0.0179064 0.000205751 3.44216e-05
 0.745684 0.214534 0.0353937 0.0043304 5.80823e-05
 0.7385 0.197871 0.0536756 0.00885537 0.00109798
 0.823788 0.133696 0.0321707 0.00872679 0.00161825
 0.977449 0.0188625 0.00279835 0.000673355 0.000216529
 0.202389 0.780376 0.014416 0.00213868 0.000680107
 0.95878 0.00857704 0.0319375 0.000589984 0.000115361
 0.573569 0.409264 0.00357192 0.0133004 0.000293742
 0.539647 0.268092 0.184522 0.00161044 0.00612908
 0.853781 0.0804439 0.0383051 0.0263646 0.00110583
 0.812033 0.161207 0.0147222 0.00701028 0.0050274
 0.17013 0.678354 0.129946 0.0118672 0.00970331
 0.842426 0.0273752 0.106427 0.0203873 0.00338421
 0.639942 0.304267 0.00969254 0.037682 0.00841658
 0.389443 0.393737 0.183223 0.00583666 0.0277596
 0.852076 0.0583649 0.057755 0.026876 0.00492805
 0.787687 0.181511 0.0121533 0.0120263 0.00662253
 0.214802 0.620538 0.140772 0.00942552 0.0144631
 0.276931 0.157232 0.447178 0.101444 0.0172149
 0.908412 0.0259295 0.0142775 0.040606 0.0107748
pobs_PELACES
 0 0 0 0 0
 0 0 0 0 0
 0 0 0 0 0
 0 0 0 0 0
 0 0 0 0 0
 0 0 0 0 0
 0 0 0 0 0
 0 0 0 0 0
 0 0 0 0 0
 0 0 0 0 0
 0 0 0 0 0
 0 0 0 0 0
 0 0 0 0 0
 0 0 0 0 0
 0 0 0 0 0
 0 0 0 0 0
 0.505614 0.472636 0.0217494 0 0
 0 0 0 0 0
 0.443492 0.261883 0.143347 0.151278 0
 0.227955 0.32914 0.350689 0.0885471 0.00366901
 0.970185 0.0296113 0.000203453 0 0
 0.997202 0.00247181 0.000326279 0 0
 0.445219 0.490057 0.0546422 0.010081 0
 0.90214 0.0892962 0.00764917 0.000914606 0
 0 0 0 0 0
 0.581667 0.319106 0.0959925 0.00289975 0.000334073
 0.762889 0.0836404 0.116647 0.0363945 0.000428098
 0.88444 0.0763242 0.0277011 0.0115352 0
 0.521256 0.241999 0.230069 0.00667565 0
 0.616807 0.101726 0.260614 0.0208532 0
 0.833518 0.0704572 0.0857862 0.0102388 0
ppred_PELACES
 0.172491 0.227877 0.531866 0.0677663 7.17863e-07
 0.284655 0.123949 0.162856 0.380108 0.048431
 0.891799 0.0310966 0.01336 0.0175536 0.0461905
 0.364614 0.567475 0.0195175 0.0083853 0.0400085
 0.561353 0.163178 0.246026 0.00846172 0.0209809
 0.991301 0.00495868 0.00139146 0.00209793 0.000251065
 0.245377 0.748139 0.00369614 0.00103718 0.00175091
 0.313879 0.172783 0.508927 0.00251433 0.00189662
 0.847694 0.0482063 0.026215 0.0772156 0.000669238
 0.986266 0.0117657 0.000623006 0.000338797 0.00100656
 0.889117 0.109416 0.00125723 6.65717e-05 0.000143759
 0.840864 0.141581 0.0173224 0.000199041 3.3299e-05
 0.752976 0.208383 0.0343788 0.00420623 5.64169e-05
 0.751969 0.187679 0.0509109 0.00839925 0.00104143
 0.832227 0.127293 0.03063 0.00830885 0.00154075
 0.978076 0.0183384 0.00272059 0.000654644 0.000210512
 0.206132 0.776714 0.0143483 0.00212865 0.000676916
 0.959419 0.00844405 0.0314423 0.000580836 0.000113572
 0.579378 0.40369 0.00352327 0.0131192 0.000289741
 0.546589 0.264049 0.181739 0.00158616 0.00603665
 0.856334 0.0790388 0.0376361 0.0259041 0.00108651
 0.815603 0.158145 0.0144425 0.00687712 0.00493191
 0.172499 0.676418 0.129575 0.0118333 0.00967561
 0.844162 0.0270737 0.105255 0.0201627 0.00334693
 0.643206 0.301509 0.00960469 0.0373404 0.00834029
 0.392818 0.391561 0.182211 0.0058044 0.0276062
 0.853959 0.0576219 0.0570197 0.0265338 0.00486531
 0.78941 0.180038 0.0120546 0.0119286 0.00656876
 0.216548 0.619158 0.140459 0.00940456 0.014431
 0.281 0.156348 0.444661 0.100873 0.017118
 0.91025 0.0254091 0.013991 0.0397911 0.0105586
pobs_pel_tallas
 0 0 0 0 0 0 0 0 0 0 0 0 0 0 0 0 0 0 0 0 0 0 0 0 0 0
 0 0 0 0 0 0 0 0 0 0 0 0 0 0 0 0 0 0 0 0 0 0 0 0 0 0
 0 0 0 0 0 0 0 0 0 0 0 0 0 0 0 0 0 0 0 0 0 0 0 0 0 0
 0 0 0 0 0 0 0 0 0 0 0 0 0 0 0 0 0 0 0 0 0 0 0 0 0 0
 0 0 0 0 0 0 0 0 0 0 0 0 0 0 0 0 0 0 0 0 0 0 0 0 0 0
 0 0 0 0 0 0 0 0 0 0 0 0 0 0 0 0 0 0 0 0 0 0 0 0 0 0
 0 0 0 0 0 0 0 0 0 0 0 0 0 0 0 0 0 0 0 0 0 0 0 0 0 0
 0 0 0 0 0 0 0 0 0 0 0 0 0 0 0 0 0 0 0 0 0 0 0 0 0 0
 0 0 0 0 0 0 0 0 0 0 0 0 0 0 0 0 0 0 0 0 0 0 0 0 0 0
 0 0 0 0 0 0 0 0 0 0 0 0 0 0 0 0 0 0 0 0 0 0 0 0 0 0
 0 0 0 0 0 0 0 0 0 0 0 0 0 0 0 0 0 0 0 0 0 0 0 0 0 0
 0 0 0 0 0 0 0 0 0 0 0 0 0 0 0 0 0 0 0 0 0 0 0 0 0 0
 0.00862536 0 0 0.000197151 0.00414017 0.0128641 0.00837892 0.0270097 0.101434 0.158115 0.152841 0.127902 0.109271 0.109419 0.0830992 0.0579132 0.0238553 0.00714673 0.00463305 0.00128148 0.00103504 0.000492878 0.000147863 0.000147863 4.92878e-05 0
 0 0 0 0 0 0 0 0 0 0 0 0 0 0 0 0 0 0 0 0 0 0 0 0 0 0
 0 0 0 0 0 0 0 0.0054083 0.00873648 0.0413646 0.0450493 0.0745869 0.0622846 0.0627006 0.0613931 0.0827291 0.12552 0.122667 0.0946155 0.0697135 0.0546179 0.0294188 0.0215738 0.0213955 0.0102223 0.00600262
 0 0 0 0 0.00359764 0.0251062 0.0480494 0.140153 0.205849 0.193036 0.1447 0.116669 0.0760912 0.0342217 0.00950174 0.001854 0.000860785 0 0 0 0.000165536 0 0.000143464 0 0 0
 0 0 0 0 0 0 0 0.000145254 0.000435761 0.0275982 0.070085 0.0708112 0.156366 0.174668 0.174014 0.160142 0.0824315 0.0480064 0.0283245 0.00493863 0.00203355 0 0 0 0 0
 0 0 0 0 0 0 0 0 0 0 0 0 0 0 0 0 0 0 0 0 0 0 0 0 0 0
 0 0 1.00437e-05 0.000401748 0.00122533 0.00171747 0.00176769 0.0269171 0.070346 0.194647 0.189555 0.159765 0.064822 0.0314167 0.0384472 0.0292271 0.0345202 0.0313363 0.0194345 0.0106764 0.0143323 0.0359363 0.0279516 0.0138201 0.00172751 0
 0 0.0021121 0.0136068 0.0755702 0.200478 0.177729 0.0527432 0.0373336 0.0318909 0.0142505 0.0149659 0.0166563 0.0217959 0.0798694 0.0677717 0.0528807 0.04013 0.0224614 0.0357745 0.0225083 0.00881397 0.00855152 0.00135912 0.000746735 0 0
 0 0 0 0 5.4009e-05 0.00500934 0.000945158 0.0243581 0.138947 0.33067 0.221406 0.137944 0.0707744 0.0437923 0.0131692 0.00525238 0.0047753 0.00276346 9.45158e-05 9.00151e-06 2.25038e-05 9.00151e-06 4.50075e-06 0 0 0
 0.000866109 0.00284123 0.00948549 0.0512746 0.133035 0.25785 0.225252 0.132002 0.0553304 0.0519788 0.0540692 0.017754 0.00435017 0.00159236 0.00146478 0.000404838 0.000125132 0.000115318 0.000107957 0.000100596 0 0 0 0 0 0
 0 0 0 0 0.00144013 0.00171154 0.00461396 0.0210425 0.0478622 0.0707936 0.0888783 0.103762 0.0637923 0.0337046 0.0602308 0.124433 0.169614 0.0934646 0.0462172 0.0250306 0.0313229 0.00938855 0.002487 0.000210481 0 0
 0 0.00764035 0.051015 0.0998891 0.058973 0.0496711 0.0374665 0.0718981 0.12319 0.153886 0.159021 0.0857701 0.0377988 0.023471 0.0147837 0.00900784 0.00315554 0.000888139 0.00291439 0.00214683 0.00393193 0.00274676 0.000635225 9.99891e-05 0 0
 0 0 0 0 0 0 0 0 0 0 0 0 0 0 0 0 0 0 0 0 0 0 0 0 0 0
 0 0 0 0 0 0 0 0 0 0 0 0 0 0 0 0 0 0 0 0 0 0 0 0 0 0
 0 0 0 0 0 0 0 0 0 0 0 0 0 0 0 0 0 0 0 0 0 0 0 0 0 0
 0 0 0 0 0 0 0 0 0 0 0 0 0 0 0 0 0 0 0 0 0 0 0 0 0 0
 0 0 0 0 0 0 0 0 0 0 0 0 0 0 0 0 0 0 0 0 0 0 0 0 0 0
 0 0 0 0 0 0 0 0 0 0 0 0 0 0 0 0 0 0 0 0 0 0 0 0 0 0
 0 0 0 0 0 0 0 0 0 0 0 0 0 0 0 0 0 0 0 0 0 0 0 0 0 0
ppred_pel_tallas
 1.22203e-16 1.42079e-05 0.000138106 0.000917761 0.00417202 0.0129808 0.0276579 0.0403722 0.040395 0.0277694 0.0133577 0.00527071 0.0037138 0.00636817 0.0122162 0.021138 0.0326952 0.0457964 0.0591776 0.0720224 0.0839801 0.0944667 0.101997 0.104417 0.100057 0.088909
 1.51047e-16 2.34467e-05 0.00022791 0.00151454 0.00688489 0.0214215 0.0456413 0.0666173 0.0666297 0.0457016 0.0216253 0.00747865 0.00302492 0.00359331 0.00662261 0.011478 0.0179246 0.025632 0.0344464 0.0447508 0.0573349 0.0726296 0.0897824 0.10632 0.118765 0.12393
 1.09971e-16 7.34563e-05 0.000714022 0.00474492 0.0215697 0.0671115 0.142988 0.208696 0.208699 0.143003 0.0671613 0.021714 0.00510867 0.00151394 0.00161088 0.00259794 0.00386487 0.00515839 0.0063077 0.00731946 0.00841362 0.00989392 0.0119252 0.014372 0.0168012 0.0186367
 1.0832e-16 3.00329e-05 0.00029193 0.00193998 0.00881891 0.0274392 0.0584641 0.0853415 0.0853961 0.0587309 0.0283347 0.0114042 0.00842526 0.0144355 0.0268511 0.0442397 0.0634909 0.0793648 0.086567 0.0827206 0.0698564 0.0531472 0.0379149 0.0271863 0.0211898 0.0184191
 1.11541e-16 4.6238e-05 0.00044945 0.00298675 0.0135773 0.0422443 0.0900064 0.13137 0.131386 0.0900852 0.0425096 0.0143481 0.00493832 0.00476521 0.008405 0.0142449 0.0215 0.0290856 0.035857 0.0411827 0.0451151 0.04795 0.049615 0.0495129 0.0469693 0.0418487
 1.00295e-16 8.16521e-05 0.000793688 0.00527433 0.0239764 0.0745994 0.158942 0.23198 0.231981 0.158944 0.0746072 0.0239991 0.00533162 0.000919081 0.000320817 0.000403914 0.000580718 0.000745172 0.000851485 0.000882787 0.000857022 0.000813204 0.000784609 0.00077969 0.000782602 0.000768281
 1.00699e-16 2.02115e-05 0.000196463 0.00130557 0.00593498 0.0184663 0.0393471 0.0574433 0.0575152 0.0396985 0.0196459 0.00933979 0.00984398 0.0188088 0.0352888 0.0580988 0.0832016 0.103598 0.112172 0.105652 0.0866227 0.0619213 0.0387368 0.0214006 0.0106768 0.00506546
 1.15304e-16 2.58538e-05 0.000251308 0.00167003 0.00759174 0.0236208 0.0503273 0.0734578 0.0734752 0.0504126 0.0239096 0.00843536 0.00382327 0.00506943 0.00951965 0.0165885 0.0259592 0.0369205 0.0485803 0.0602285 0.0712752 0.0807463 0.0869428 0.0878783 0.0823647 0.0709259
 1.08626e-16 6.98234e-05 0.000678709 0.00451026 0.020503 0.0637924 0.135917 0.198375 0.19838 0.13594 0.0638698 0.0207275 0.00507689 0.00192653 0.00247289 0.00406891 0.00608035 0.00815077 0.0100002 0.011584 0.0131357 0.0149711 0.0171851 0.0194778 0.0212449 0.0218617
 1.00226e-16 8.12374e-05 0.000789657 0.00524755 0.0238546 0.0742205 0.158135 0.230802 0.230803 0.15814 0.074239 0.0239082 0.00538211 0.0010832 0.000638124 0.00092483 0.0013209 0.00165408 0.00181064 0.00174181 0.00148991 0.0011614 0.00086477 0.00066004 0.00054898 0.000497967
 1.00096e-16 7.32354e-05 0.000711874 0.00473065 0.0215049 0.0669097 0.142559 0.208071 0.208081 0.14261 0.0670822 0.0220029 0.00597964 0.00343463 0.00523306 0.00850605 0.0121772 0.0151678 0.0164336 0.0154954 0.0127294 0.00913145 0.0057485 0.00321066 0.00162917 0.000787551
 1.00562e-16 6.92609e-05 0.000673241 0.00447392 0.0203378 0.0632785 0.134822 0.19678 0.196793 0.134889 0.0635023 0.020984 0.00609567 0.00421245 0.00678755 0.0111026 0.0159648 0.0200272 0.021963 0.0211534 0.0180479 0.0138559 0.00982843 0.0066888 0.00453979 0.00312962
 1.01477e-16 6.20217e-05 0.000602873 0.0040063 0.0182121 0.0566646 0.120731 0.176214 0.176234 0.120829 0.0569943 0.0191643 0.00639677 0.00582215 0.00997681 0.0164015 0.0236339 0.0297442 0.0328027 0.0319074 0.0277056 0.021933 0.0163621 0.0119841 0.00889721 0.00671775
 1.02536e-16 6.19387e-05 0.000602067 0.00400094 0.0181877 0.0565889 0.120569 0.175978 0.175996 0.120658 0.0568864 0.0190477 0.0061615 0.00532464 0.00904868 0.0149073 0.0215755 0.0273534 0.0305421 0.030343 0.0273019 0.022884 0.0185422 0.015024 0.0123245 0.0100904
 1.02011e-16 6.85495e-05 0.000666325 0.00442797 0.0201289 0.0626286 0.133437 0.194758 0.19477 0.133497 0.0628303 0.0207118 0.00589226 0.0038663 0.00615594 0.0100949 0.0145972 0.0184862 0.0206086 0.0204295 0.0183349 0.0153398 0.0124485 0.0101742 0.00849831 0.00714797
 1.00185e-16 8.05628e-05 0.000783099 0.00520397 0.0236565 0.0736041 0.156821 0.228886 0.228888 0.15683 0.0736331 0.0237403 0.00541427 0.00124222 0.000952616 0.00144762 0.00207811 0.00261428 0.0028822 0.0028033 0.00243624 0.0019357 0.00145893 0.00109275 0.000843129 0.000671844
 1.00941e-16 1.6979e-05 0.000165042 0.00109677 0.00498579 0.015513 0.0330549 0.0482603 0.048335 0.0334199 0.016738 0.00852184 0.00996507 0.0194991 0.0366608 0.0603836 0.0865201 0.107826 0.116929 0.110432 0.0909957 0.0656606 0.0418192 0.0239047 0.0126821 0.00661502
 1.00988e-16 7.90261e-05 0.000768162 0.00510471 0.0232052 0.0722001 0.15383 0.22452 0.224521 0.153834 0.0722145 0.0232472 0.00521232 0.00101047 0.000560777 0.000858021 0.0013582 0.0019769 0.00267635 0.00342311 0.0041737 0.00484753 0.00531704 0.00544414 0.0051499 0.00446798
 1.0157e-16 4.77226e-05 0.000463881 0.00308266 0.0140133 0.0436009 0.0928977 0.135595 0.135634 0.0930874 0.0442375 0.0158511 0.00769159 0.010512 0.0190921 0.0313866 0.044974 0.0560665 0.0608471 0.0575751 0.0476611 0.0347859 0.0227865 0.0139241 0.0085164 0.00566998
 1.06493e-16 4.50219e-05 0.000437629 0.0029082 0.0132203 0.0411333 0.0876398 0.127918 0.127944 0.0877653 0.0415554 0.0144424 0.00598644 0.00719216 0.0129744 0.0216407 0.0317778 0.0412182 0.0477244 0.0501697 0.0490579 0.0459041 0.0420516 0.0379509 0.0333525 0.0279899
 1.03889e-16 7.05352e-05 0.000685627 0.00455623 0.020712 0.0644427 0.137302 0.200398 0.200406 0.13734 0.0645687 0.0210766 0.00547401 0.00269748 0.00391622 0.00642864 0.00941113 0.0121718 0.014059 0.0147862 0.0145835 0.0139892 0.013451 0.0130639 0.0126103 0.0117993
 1.01982e-16 6.71802e-05 0.000653015 0.00433952 0.0197268 0.0613776 0.130772 0.190869 0.190884 0.130846 0.0616274 0.0204483 0.00615014 0.004604 0.00756615 0.0123902 0.0178154 0.0223501 0.0245265 0.0236782 0.020342 0.015903 0.0117735 0.00873851 0.00684399 0.00570759
 1.06737e-16 1.42086e-05 0.000138113 0.000917812 0.00417228 0.0129819 0.0276617 0.0403867 0.0404519 0.0279805 0.0140525 0.00726533 0.0086841 0.0170995 0.0322488 0.0533473 0.0769754 0.0970586 0.107383 0.105041 0.0921118 0.0741563 0.0568136 0.043177 0.0334706 0.0264099
 1.05633e-16 6.95325e-05 0.00067588 0.00449146 0.0204175 0.0635266 0.13535 0.197548 0.197551 0.135364 0.0635728 0.0205532 0.00483995 0.00146302 0.00164195 0.00280714 0.00451097 0.00666507 0.00920505 0.01207 0.0151477 0.018164 0.0206336 0.021978 0.0217749 0.0199788
 1.05511e-16 5.29801e-05 0.000514985 0.00342226 0.0155571 0.0484041 0.103131 0.150529 0.150558 0.103273 0.0488801 0.0169314 0.00687008 0.00803605 0.0143213 0.0235537 0.0338417 0.0424001 0.046452 0.0447745 0.0384703 0.03027 0.0229228 0.0178999 0.0151601 0.0137735
 1.10613e-16 3.2356e-05 0.000314511 0.00209004 0.00950105 0.0295615 0.0629853 0.0919368 0.0919747 0.0631707 0.0301848 0.0113039 0.00662503 0.0102459 0.0189861 0.0315768 0.0460437 0.0590667 0.0672396 0.0689347 0.0651567 0.0586261 0.051901 0.0460837 0.0408872 0.0355711
 1.05145e-16 7.03395e-05 0.000683725 0.00454359 0.0206545 0.0642639 0.136921 0.199842 0.199847 0.136949 0.0643568 0.020924 0.00522415 0.00218349 0.00296042 0.00489311 0.00730277 0.00973772 0.0117862 0.0132669 0.0143008 0.0151393 0.0158941 0.0164067 0.0163565 0.0154917
 1.02702e-16 6.50227e-05 0.000632044 0.00420016 0.0190933 0.0594065 0.126572 0.18474 0.184757 0.126657 0.0596908 0.0199144 0.0062603 0.00512682 0.00859421 0.0140869 0.0202464 0.025382 0.0278264 0.0268314 0.0230274 0.0180156 0.0134221 0.0101408 0.00819831 0.00711303
 1.07597e-16 1.78369e-05 0.000173381 0.00115218 0.00523768 0.0162967 0.0347241 0.0506933 0.050753 0.0350161 0.0172774 0.00807141 0.00826899 0.0157218 0.0295832 0.048972 0.0707595 0.089425 0.0993192 0.0977916 0.0867056 0.0710519 0.0558511 0.0437978 0.0350143 0.0283248
 1.25885e-16 2.31457e-05 0.000224984 0.0014951 0.00679651 0.0211466 0.0450555 0.0657632 0.0657789 0.0451329 0.0214082 0.0075611 0.00344787 0.00459924 0.00865793 0.0151339 0.023806 0.0341486 0.0455407 0.057582 0.0699761 0.0819564 0.0918375 0.0973237 0.0965388 0.0890652
 1.06188e-16 7.49761e-05 0.000728795 0.0048431 0.022016 0.0685 0.145947 0.213014 0.213016 0.145959 0.0685409 0.0221345 0.0051423 0.00138816 0.00134634 0.00215984 0.0032354 0.00436454 0.00541308 0.00637866 0.00740782 0.00868498 0.0102608 0.0119498 0.013374 0.0141207
pSPR Fmed_Fpbrs
0.461975   0.207426 0.207426
Fs Fmed_Fpbrs
0.435416   1.005 1.005
SSBpbr Bo_Bmed_Bpbrs
1.7648e+06  727054  277825 277825
Ro
88817.6
SPR SPRFo_SPRFmed_SPRFpbrs
633946 292867 131497
Fref
1.005
Nvult_r0
 143269 4333.12 2385.93 6785.72 1800.6
CTP_r0
 33263.5 1170.12 644.298 1832.42 486.235
YTP_r0
391173
Np
 164818 26665.6 7204.01 198.8 124.205
Nvult_p0
 138152 23074.8 6233.91 172.029 107.479
CTP_p0
 62305.5 23204.5 640.345 352.592 1257.62
 62305.5 11566.2 3124.73 86.2291 53.8738
YTP_p0
 897996 724540
CBA_c0
845959
log_Ro
11.2143
likeval ReclasPelacesDesembMPH_pf_preclas_ppelaces_ptallas_desvR_qrecl_qpela
 23.4623 37.2644 0.114627 0.00204807 272.078 120.225 106.312 0 69.4543 0 0 0.3107 0 0 0
q_reclas_q_pelaces
1 1
M
1
N
 35598.5 48301.1 112735 14363.9 0.15216
 24391.1 11340.6 14900.3 34777.5 4431.12
 168963 6300.49 2706.87 3556.54 9358.67
 23818.4 43289.1 1488.87 639.663 3052
 10994.8 3796.73 5724.37 196.882 488.17
 300637 1597.88 448.383 676.032 80.9027
 22098 79746 393.981 110.556 186.634
 5606.68 3275.54 9648.02 47.6655 35.9553
 18574.3 1496.49 813.804 2397.04 20.7755
 72877.2 1044.09 55.2859 30.065 89.323
 78893 9987.52 114.76 6.0767 13.1224
 133947 24912.9 3048.08 35.0235 5.85935
 94436.3 28815.7 4753.99 581.648 7.80147
 68774.4 20518.7 5566.01 918.277 113.857
 54434.7 9664.45 2325.52 630.832 116.978
 444633 8963.39 1329.77 319.976 102.894
 27712 110646 2043.97 303.234 96.4294
 813562 7459.85 27777.5 513.136 100.335
 324379 239952 2094.22 7798.04 172.221
 166743 86423.4 59483.4 519.15 1975.8
 431765 41971.5 19985.6 13755.7 576.963
 583783 120107 10968.7 5222.98 3745.65
 38150.1 156010 29885.3 2729.26 2231.6
 337625 11191.9 43511.1 8334.99 1383.58
 213954 103938 3310.98 12872.2 2875.11
 62855.2 64927.4 30213.6 962.468 4577.58
 272282 19079.9 18880.6 8785.96 1611.02
 349054 81704.7 5470.62 5413.45 2981.03
 38034.5 111609 25319 1695.26 2601.32
 20778 12164.3 34596 7848.25 1331.83
 196767 5809.42 3198.82 9097.63 2414.07
pred_Ctot
 3051.94 5000.52 11671.3 1487.06 0.0157528
 4725.73 2607.07 3425.42 7994.96 1018.67
 33387.3 1476.26 634.243 833.328 2192.81
 9118.48 18997.5 653.393 280.716 1339.37
 4524.87 1780.95 2685.16 92.3525 228.988
 54439.1 344.049 96.544 145.561 17.4197
 8962.62 36909.2 182.348 51.1689 86.3805
 998.383 693.908 2043.89 10.0977 7.61695
 11440.4 1004.26 546.124 1608.59 13.9419
 31246.1 508.449 26.923 14.641 43.4983
 7151.14 1092.38 12.5519 0.664638 1.43526
 36710.1 7988.59 977.399 11.2307 1.87887
 25497.5 9109.61 1502.9 183.879 2.46631
 28988.4 9837.69 2668.63 440.268 54.589
 20263.4 4132.57 994.403 269.747 50.0206
 93866.5 2238.61 332.109 79.9141 25.6978
 4819.91 22910.5 423.228 62.7881 19.9668
 103816 1141.9 4251.99 78.5473 15.3586
 58048.2 51076.7 445.78 1659.91 36.6593
 34322.3 21064.4 14498.2 126.535 481.571
 68079.8 7899.91 3761.71 2589.11 108.597
 103606 25361.3 2316.11 1102.87 790.917
 4975.48 24396.2 4673.33 426.789 348.967
 35335.7 1410.27 5482.74 1050.27 174.342
 24055.7 14052.5 447.648 1740.33 388.718
 7057.11 8766.11 4079.26 129.947 618.037
 32254.8 2715.29 2686.91 1250.34 229.266
 29201.2 8256.77 552.84 547.063 301.252
 3176.82 11261.1 2554.62 171.047 262.466
 3223.1 2253.4 6408.78 1453.86 246.717
 33263.5 1170.12 644.298 1832.42 486.235
F
 0.143918 0.176073 0.176073 0.176073 0.176073
 0.353592 0.432593 0.432593 0.432593 0.432593
 0.361779 0.442608 0.442608 0.442608 0.442608
 0.836317 1.02317 1.02317 1.02317 1.02317
 0.928745 1.13625 1.13625 1.13625 1.13625
 0.327056 0.400128 0.400128 0.400128 0.400128
 0.909003 1.11209 1.11209 1.11209 1.11209
 0.320837 0.392519 0.392519 0.392519 0.392519
 1.87863 2.29836 2.29836 2.29836 2.29836
 0.987439 1.20806 1.20806 1.20806 1.20806
 0.152708 0.186826 0.186826 0.186826 0.186826
 0.536528 0.6564 0.6564 0.6564 0.6564
 0.52659 0.644242 0.644242 0.644242 0.644242
 0.962377 1.17739 1.17739 1.17739 1.17739
 0.803853 0.983452 0.983452 0.983452 0.983452
 0.390914 0.478253 0.478253 0.478253 0.478253
 0.312329 0.38211 0.38211 0.38211 0.38211
 0.220982 0.270354 0.270354 0.270354 0.270354
 0.322655 0.394744 0.394744 0.394744 0.394744
 0.379464 0.464245 0.464245 0.464245 0.464245
 0.279499 0.341945 0.341945 0.341945 0.341945
 0.319607 0.391015 0.391015 0.391015 0.391015
 0.226337 0.276905 0.276905 0.276905 0.276905
 0.178146 0.217948 0.217948 0.217948 0.217948
 0.192491 0.235498 0.235498 0.235498 0.235498
 0.192197 0.235138 0.235138 0.235138 0.235138
 0.203728 0.249246 0.249246 0.249246 0.249246
 0.140226 0.171555 0.171555 0.171555 0.171555
 0.139989 0.171265 0.171265 0.171265 0.171265
 0.274412 0.335722 0.335722 0.335722 0.335722
 0.30238 0.369939 0.369939 0.369939 0.369939
YTP_r0W_actual
 276087 16498.6 17782.6 62668.7 18136.6
YTP_p0W_proyectada
 466668 363615 14811.2 10355.6 42545.3
 466668 181242 72275 2532.55 1822.55
CTP_r0_actual
 33263.5 1170.12 644.298 1832.42 486.235
CTP_p0_proyectada
 62305.5 23204.5 640.345 352.592 1257.62
 62305.5 11566.2 3124.73 86.2291 53.8738
Wmedp
 7.49 15.67 23.13 29.37 33.83
Frms_r0
 0.30238 0.369939 0.369939 0.369939 0.369939
Zrms_r0
 1.30238 1.36994 1.36994 1.36994 1.36994
nmprior
 8.19 8.8 8.5 0
nm_flota  nm_reclas  nm_pelaces    nm_pelaL
inf 11.3954 7.3026 13.2593
cv_recla  cv_pelaces  cv_mph
0.438137 0.69218 1.39662
 ------------------------------------------------
Talla a la edad & desviaci?n 
 8 13.2811 15.8009 17.003 17.5766
 0.8 1.32811 1.58009 1.7003 1.75766
