years
 1991 1992 1993 1994 1995 1996 1997 1998 1999 2000 2001 2002 2003 2004 2005 2006 2007 2008 2009 2010 2011 2012 2013 2014 2015 2016 2017 2018 2019 2020 2021
reclasobs
 0 0 0 0 0 0 0 0 0 252601 567819 844713 477998 351125 339783 2.1784e+06 2.13404e+06 4.81314e+06 1.55562e+06 2.62356e+06 3.21686e+06 3.843e+06 1.13348e+06 3.07943e+06 1.97215e+06 2.03268e+06 2.025e+06 2.42433e+06 2.27542e+06 1.05018e+06 2.36338e+06
reclaspred
 1.69448e+06 1.17486e+06 499085 37263.7 1.1908e+06 1.18613e+06 320392 46802.7 619742 315756 98777.1 639365 414534 270717 190041 1.14008e+06 725370 4.47352e+06 2.69193e+06 924577 2.26375e+06 2.16003e+06 1.20772e+06 2.92447e+06 1.68974e+06 771717 1.44552e+06 2.32514e+06 1.67584e+06 615765 817263
pelacesobs
 0 0 0 0 0 0 0 0 0 0 0 0 0 0 0 552880 188675 0 991730 2.46772e+06 1.41603e+06 1.21717e+06 2.29649e+06 1.80582e+06 0 1.4828e+06 1.56532e+06 1.57751e+06 1.42118e+06 867257 1.10002e+06
pelacespred
 804187 544871 226001 5132.35 461189 434114 112906 18144.8 273609 126721 52390.2 253224 159080 107523 72954.7 433335 274912 2.16316e+06 1.25959e+06 446807 1.01319e+06 929755 525815 1.49764e+06 842993 381779 793485 1.2292e+06 744427 331136 386467
mphobs
 0 0 0 0 0 0 0 0 0 0 0 498337 0 5186 125008 0 168611 109162 213762 579715 649985 157893 87575 83554 0 0 0 0 0 0 0
mphpred
 1.88549e+06 839734 599425 142163 2982.26 995205 552881 82468.1 13109.5 363974 117590 45591.2 371522 160290 74341.5 69781.3 721366 399855 2.80333e+06 1.28913e+06 532264 1.19037e+06 1.26722e+06 713282 1.68229e+06 911721 367466 742170 1.62542e+06 852271 269995
desembarqueobs
 494567 514787 250237 358949 120608 361735 552515 73892 212993 205616 52469 317467 293654 387597 252695 516296 358380 742168 942051 627588 828172 859565 418607 520667 417249 300574 415391 372974 316634 284311 391294
desembarquepred
 494440 514954 250144 357320 120564 361371 551046 73815.5 212818 205360 52423.2 317137 293227 386635 252247 515768 358164 741695 940647 626167 827386 858493 418260 520355 416843 300194 415028 372721 316403 283986 390916
Reclutas
 774.498 240975 1119.47 1389.65 456866 8593.43 613.788 169.384 111392 818.398 8894.08 254644 33480.8 66131.4 46706.9 438896 1924.49 1.26011e+06 84864.5 11998.2 490670 564934 1920.03 427961 105684 7839.98 263722 371481 5606.1 1974.16 150838
log_desv_Rt
 -3.51835 2.22189 -3.14995 -2.93375 2.86158 -1.11181 -3.75091 -5.03839 1.45025 -3.46321 -1.07742 2.27706 0.248166 0.928838 0.581086 2.82146 -2.60814 3.87615 1.17825 -0.778054 2.93296 3.0739 -2.61047 2.79623 1.39765 -1.20357 2.31209 2.65469 -1.53895 -2.58266 1.7534
SSB
 1.88549e+06 839734 599425 142163 2982.26 995205 552881 82468.1 13109.5 363974 117590 45591.2 371522 160290 74341.5 69781.3 721366 399855 2.80333e+06 1.28913e+06 532264 1.19037e+06 1.26722e+06 713282 1.68229e+06 911721 367466 742170 1.62542e+06 852271 269995
BT
 2.31333e+06 1.75946e+06 758918 320875 1.14574e+06 1.26047e+06 810058 120451 818492 472942 181030 848260 615767 652356 421749 1.40608e+06 918203 5.65125e+06 3.78335e+06 1.70138e+06 3.07232e+06 2.9081e+06 1.57572e+06 3.94678e+06 2.34805e+06 1.18122e+06 2.27482e+06 3.20058e+06 1.97961e+06 1.08031e+06 1.28093e+06
Ftot
 0.273081 0.459581 0.459751 4.00349 0.128662 0.286488 1.37494 1.28539 0.425127 0.587955 0.517319 0.596903 0.668358 1.41058 1.38097 0.547651 0.454004 0.20402 0.332255 0.614063 0.42005 0.427326 0.322831 0.20868 0.242046 0.364589 0.337325 0.187029 0.178748 0.425673 0.545474
BD_Bspro_t
 0.957248 0.707166 0.554899 0.214507 0.00793356 0.755633 0.517628 0.136113 0.0444852 0.553325 0.330915 0.258207 0.526745 0.280173 0.154104 0.154548 0.518465 0.37349 0.740539 0.538264 0.315548 0.499453 0.535237 0.432914 0.660505 0.577687 0.439222 0.626062 0.757707 0.623328 0.404972
BD_Bspro
 10.0978 4.4972 3.21023 0.761357 0.0159715 5.32983 2.96096 0.441659 0.0702081 1.94927 0.629752 0.244164 1.98969 0.858434 0.398137 0.373714 3.86329 2.14143 15.0133 6.90395 2.85055 6.37505 6.7866 3.81999 9.00951 4.88273 1.96797 3.9747 8.70495 4.56435 1.44596
BD_Bo
 1.09679 0.488473 0.348686 0.0826965 0.00173478 0.578911 0.321611 0.0479718 0.0076258 0.211724 0.0684019 0.0265205 0.216114 0.0932407 0.0432445 0.0405918 0.419619 0.232596 1.6307 0.749888 0.309618 0.69244 0.737141 0.414917 0.978588 0.530349 0.213755 0.431721 0.945507 0.495767 0.157056
BD_Brms
 6.35821 2.83173 2.02136 0.4794 0.0100567 3.35601 1.86441 0.278097 0.0442075 1.22738 0.396532 0.153742 1.25284 0.540525 0.250693 0.235315 2.43257 1.34838 9.45332 4.34717 1.79489 4.01414 4.27328 2.40531 5.67297 3.07448 1.23916 2.50273 5.4812 2.87401 0.91047
Sel_flota
 0.748327 1 1 1 1
 0.748327 1 1 1 1
 0.748327 1 1 1 1
 0.748327 1 1 1 1
 0.748327 1 1 1 1
 0.748327 1 1 1 1
 0.748327 1 1 1 1
 0.748327 1 1 1 1
 0.748327 1 1 1 1
 0.748327 1 1 1 1
 0.748327 1 1 1 1
 0.748327 1 1 1 1
 0.748327 1 1 1 1
 0.748327 1 1 1 1
 0.748327 1 1 1 1
 0.748327 1 1 1 1
 0.748327 1 1 1 1
 0.748327 1 1 1 1
 0.748327 1 1 1 1
 0.748327 1 1 1 1
 0.748327 1 1 1 1
 0.748327 1 1 1 1
 0.748327 1 1 1 1
 0.748327 1 1 1 1
 0.748327 1 1 1 1
 0.748327 1 1 1 1
 0.748327 1 1 1 1
 0.748327 1 1 1 1
 0.748327 1 1 1 1
 0.748327 1 1 1 1
 0.748327 1 1 1 1
Sel_reclas
 1 1 1 1 1
 1 1 1 1 1
 1 1 1 1 1
 1 1 1 1 1
 1 1 1 1 1
 1 1 1 1 1
 1 1 1 1 1
 1 1 1 1 1
 1 1 1 1 1
 1 1 1 1 1
 1 1 1 1 1
 1 1 1 1 1
 1 1 1 1 1
 1 1 1 1 1
 1 1 1 1 1
 1 1 1 1 1
 1 1 1 1 1
 1 1 1 1 1
 1 1 1 1 1
 1 1 1 1 1
 1 1 1 1 1
 1 1 1 1 1
 1 1 1 1 1
 1 1 1 1 1
 1 1 1 1 1
 1 1 1 1 1
 1 1 1 1 1
 1 1 1 1 1
 1 1 1 1 1
 1 1 1 1 1
 1 1 1 1 1
Sel_pelaces
 1 1 1 1 1
 1 1 1 1 1
 1 1 1 1 1
 1 1 1 1 1
 1 1 1 1 1
 1 1 1 1 1
 1 1 1 1 1
 1 1 1 1 1
 1 1 1 1 1
 1 1 1 1 1
 1 1 1 1 1
 1 1 1 1 1
 1 1 1 1 1
 1 1 1 1 1
 1 1 1 1 1
 1 1 1 1 1
 1 1 1 1 1
 1 1 1 1 1
 1 1 1 1 1
 1 1 1 1 1
 1 1 1 1 1
 1 1 1 1 1
 1 1 1 1 1
 1 1 1 1 1
 1 1 1 1 1
 1 1 1 1 1
 1 1 1 1 1
 1 1 1 1 1
 1 1 1 1 1
 1 1 1 1 1
 1 1 1 1 1
pf_obs 
 0.8446 0.082 0.0669 0.0065 0
 0.8095 0.147 0.0364 0.0071 0
 0.9664 0.0169 0.016 0.0007 0
 0.9276 0.0648 0.0075 0.0001 0
 0.7033 0.2144 0.0806 0.0017 0
 0.9318 0.0425 0.0243 0.0014 0
 0.5671 0.3108 0.0964 0.0239 0.0018
 0.0768 0.2599 0.5324 0.112 0.0189
 0.490249 0.384438 0.106611 0.0170017 0.00170017
 0.7925 0.1577 0.0466 0.003 0.0002
 0.840416 0.127587 0.0312969 0.00059994 9.999e-05
 0.8084 0.0986 0.0794 0.0134 0.0002
 0.7335 0.1905 0.0724 0.0035 0.0001
 0.4001 0.4547 0.1325 0.0127 0
 0.49795 0.308269 0.164784 0.0264974 0.00249975
 0.9179 0.0499 0.0305 0.0017 0
 0.2467 0.6533 0.0926 0.0074 0
 0.9418 0.0223 0.034 0.0019 0
 0.707729 0.231977 0.0356964 0.0245975 0
 0.517169 0.277429 0.184464 0.0207286 0.00020938
 0.811772 0.124168 0.05621 0.00726502 0.000585176
 0.764997 0.148141 0.077277 0.00933861 0.000247198
 0.163321 0.427699 0.378323 0.0303852 0.000271297
 0.753843 0.0900009 0.118128 0.0371064 0.000921714
 0.721811 0.176058 0.0630433 0.0369309 0.00215725
 0.143369 0.312575 0.442814 0.0836902 0.0175525
 0.692698 0.0596174 0.167031 0.0765114 0.00414204
 0.394062 0.376323 0.152708 0.0712218 0.00568511
 0.125707 0.32114 0.495352 0.0537591 0.00404204
 0.23352 0.215282 0.420074 0.123614 0.00750983
 0.774587 0.0839891 0.0768558 0.0609784 0.00358967
pf_pred 
 0.00458171 0.419311 0.444355 0.131753 4.92866e-07
 0.837961 0.00103206 0.0678226 0.0718734 0.0213108
 0.0121341 0.870521 0.000747394 0.0491157 0.0674821
 0.0709111 0.0160879 0.804549 0.000690753 0.107761
 0.9996 7.37384e-05 5.656e-06 0.000282853 3.81283e-05
 0.041543 0.958175 5.18913e-05 3.98025e-06 0.000225882
 0.0113793 0.0563892 0.931958 5.04715e-05 0.000223573
 0.0322328 0.0184132 0.0541495 0.894941 0.000263159
 0.994788 0.000272606 9.39818e-05 0.000276381 0.00456917
 0.0211877 0.97523 0.000187335 6.45843e-05 0.00332986
 0.525848 0.0145746 0.457896 8.79586e-05 0.00159378
 0.982439 0.0108221 0.000207136 0.00650766 2.3901e-05
 0.305453 0.686188 0.00515168 9.86036e-05 0.00310924
 0.746219 0.100257 0.151676 0.00113873 0.000709066
 0.794085 0.171529 0.0135844 0.0205515 0.00025037
 0.980031 0.0173085 0.00221625 0.000175518 0.000268771
 0.0136624 0.972719 0.0118045 0.0015115 0.000303009
 0.973809 0.000509845 0.025327 0.000307357 4.72449e-05
 0.139264 0.844255 0.000320804 0.0159362 0.000223122
 0.0675329 0.172773 0.745148 0.000283145 0.0142624
 0.929665 0.00677357 0.0117771 0.0507929 0.000991493
 0.760509 0.22742 0.00116247 0.00202116 0.00888714
 0.00798851 0.81268 0.170293 0.000870459 0.00816817
 0.868251 0.00147244 0.106726 0.0223638 0.001187
 0.351538 0.584174 0.000718495 0.0520781 0.0114919
 0.0744534 0.397065 0.476088 0.000585557 0.0518081
 0.904638 0.00973205 0.0367359 0.044047 0.00484739
 0.777633 0.206865 0.00158199 0.00597158 0.00794798
 0.0289059 0.803834 0.1556 0.00118994 0.01047
 0.0324222 0.0379787 0.769486 0.148952 0.0111617
 0.91131 0.00404653 0.00332237 0.0673146 0.0140067
pobs_RECLAS
 0 0 0 0 0
 0 0 0 0 0
 0 0 0 0 0
 0 0 0 0 0
 0 0 0 0 0
 0 0 0 0 0
 0 0 0 0 0
 0 0 0 0 0
 0 0 0 0 0
 0 0 0 0 0
 0.991045 0.00858322 0.000360255 1.14367e-05 0
 0.934742 0.0480273 0.0164251 0.00080598 0
 0.827803 0.169806 0.00239088 0 0
 0.941827 0.0461693 0.0120037 0 0
 0.791401 0.0380133 0.147996 0.0225897 0
 0.846168 0.0940531 0.0597789 0 0
 0.134021 0.677848 0.182769 0.00536245 0
 0.80878 0.0450904 0.141981 0.00414843 0
 0.846168 0.0940531 0.0597789 0 0
 0.905697 0.0802665 0.012482 0.00150086 5.37128e-05
 0.989698 0.0102097 9.19794e-05 0 0
 0.975433 0.0193895 0.00387452 0.00125025 5.28907e-05
 0.303575 0.632131 0.0575291 0.00676475 0
 0.966965 0.00978017 0.0227588 0.000495775 0
 0.843318 0.132988 0.00938335 0.0141283 0.000182051
 0.564624 0.303363 0.111486 0.0197234 0.00080311
 0.826376 0.0876187 0.0782897 0.00655872 0.00115652
 0.89761 0.0855135 0.0140674 0.00269457 0.000114338
 0.34875 0.467042 0.161289 0.0227151 0.000203297
 0.318654 0.224769 0.449479 0.00709798 0
 0.937255 0.0296025 0.0250945 0.00804832 0
ppred_RECLAS
 0.00615537 0.418648 0.443652 0.131544 4.92087e-07
 0.875025 0.00079599 0.0523092 0.0554335 0.0164363
 0.0163584 0.866798 0.000744198 0.0489057 0.0671935
 0.120033 0.0152373 0.762011 0.000654232 0.102064
 0.999701 5.50239e-05 4.22053e-06 0.000211066 2.84515e-05
 0.0551299 0.944592 5.11557e-05 3.92382e-06 0.00022268
 0.0160521 0.0561226 0.927552 5.02329e-05 0.000222516
 0.0448414 0.0181733 0.053444 0.883282 0.000259731
 0.99614 0.000201867 6.95943e-05 0.000204663 0.0033835
 0.0286089 0.967836 0.000185915 6.40946e-05 0.00330461
 0.600759 0.012272 0.385553 7.40621e-05 0.00134198
 0.987037 0.00798841 0.000152899 0.00480367 1.76427e-05
 0.375142 0.617337 0.00463477 8.871e-05 0.00279726
 0.806838 0.0763095 0.115446 0.000866734 0.000539697
 0.84539 0.128792 0.0101998 0.0154309 0.000187988
 0.985222 0.0128092 0.00164015 0.000129894 0.000198906
 0.0184051 0.968041 0.0117477 0.00150423 0.000301552
 0.980365 0.000382211 0.0189866 0.000230414 3.54177e-05
 0.179058 0.805224 0.000305973 0.0151994 0.000212807
 0.089786 0.16865 0.727366 0.000276387 0.013922
 0.947007 0.00510342 0.0088732 0.038269 0.000747021
 0.811124 0.179357 0.000916789 0.001594 0.00700891
 0.010736 0.810429 0.169821 0.000868049 0.00814554
 0.89849 0.00113449 0.0822301 0.0172309 0.000914563
 0.421562 0.521092 0.000640909 0.0464545 0.010251
 0.0979252 0.386996 0.464014 0.000570707 0.0504942
 0.927485 0.00740042 0.0279346 0.0334941 0.00368604
 0.824379 0.163378 0.00124942 0.00471622 0.00627714
 0.0384118 0.795965 0.154077 0.00117829 0.0103676
 0.043349 0.0375498 0.760796 0.147269 0.0110357
 0.93314 0.0030505 0.00250459 0.0507456 0.0105591
pobs_PELACES
 0 0 0 0 0
 0 0 0 0 0
 0 0 0 0 0
 0 0 0 0 0
 0 0 0 0 0
 0 0 0 0 0
 0 0 0 0 0
 0 0 0 0 0
 0 0 0 0 0
 0 0 0 0 0
 0 0 0 0 0
 0 0 0 0 0
 0 0 0 0 0
 0 0 0 0 0
 0 0 0 0 0
 0 0 0 0 0
 0.505614 0.472636 0.0217494 0 0
 0 0 0 0 0
 0.443492 0.261883 0.143347 0.151278 0
 0.227955 0.32914 0.350689 0.0885471 0.00366901
 0.970185 0.0296113 0.000203453 0 0
 0.997202 0.00247181 0.000326279 0 0
 0.445219 0.490057 0.0546422 0.010081 0
 0.90214 0.0892962 0.00764917 0.000914606 0
 0 0 0 0 0
 0.581667 0.319106 0.0959925 0.00289975 0.000334073
 0.762889 0.0836404 0.116647 0.0363945 0.000428098
 0.88444 0.0763242 0.0277011 0.0115352 0
 0.521256 0.241999 0.230069 0.00667565 0
 0.616807 0.101726 0.260614 0.0208532 0
 0.833518 0.0704572 0.0857862 0.0102388 0
ppred_PELACES
 0.00629568 0.418589 0.44359 0.131526 4.92017e-07
 0.87914 0.000769783 0.050587 0.0536084 0.0158951
 0.0169843 0.866247 0.000743725 0.0488746 0.0671508
 0.159814 0.0145485 0.727563 0.000624657 0.09745
 0.999704 5.44393e-05 4.17568e-06 0.000208824 2.81492e-05
 0.0563825 0.94334 5.10879e-05 3.91862e-06 0.000222385
 0.017959 0.0560139 0.925755 5.01356e-05 0.000222085
 0.0496425 0.018082 0.0531753 0.878842 0.000258425
 0.996274 0.00019489 6.71889e-05 0.000197589 0.00326656
 0.0299976 0.966453 0.000185649 6.4003e-05 0.00329989
 0.611017 0.0119567 0.375646 7.2159e-05 0.0013075
 0.987657 0.00760681 0.000145595 0.00457421 1.67999e-05
 0.388241 0.604396 0.00453761 8.68503e-05 0.00273862
 0.824443 0.0693545 0.104924 0.000787738 0.000490508
 0.859794 0.116792 0.0092495 0.0139933 0.000170474
 0.98587 0.0122477 0.00156825 0.0001242 0.000190187
 0.0190988 0.967357 0.0117394 0.00150317 0.000301339
 0.980689 0.000375913 0.0186738 0.000226617 3.48341e-05
 0.18315 0.80121 0.000304447 0.0151237 0.000211746
 0.094042 0.167861 0.723964 0.000275095 0.0138569
 0.948731 0.00493742 0.00858459 0.0370242 0.000722723
 0.816501 0.17425 0.000890688 0.00154862 0.00680937
 0.0110245 0.810193 0.169772 0.000867795 0.00814317
 0.90006 0.00111694 0.0809584 0.0169644 0.00090042
 0.426471 0.516669 0.000635469 0.0460602 0.010164
 0.100633 0.385834 0.462621 0.000568994 0.0503427
 0.929347 0.00721042 0.0272174 0.0326341 0.0035914
 0.826617 0.161296 0.0012335 0.00465613 0.00619717
 0.0389639 0.795508 0.153989 0.00117762 0.0103616
 0.044839 0.0374913 0.759611 0.14704 0.0110185
 0.935912 0.00292405 0.00240077 0.048642 0.0101213
pobs_pel_tallas
 0 0 0 0 0 0 0 0 0 0 0 0 0 0 0 0 0 0 0 0 0 0 0 0 0 0
 0 0 0 0 0 0 0 0 0 0 0 0 0 0 0 0 0 0 0 0 0 0 0 0 0 0
 0 0 0 0 0 0 0 0 0 0 0 0 0 0 0 0 0 0 0 0 0 0 0 0 0 0
 0 0 0 0 0 0 0 0 0 0 0 0 0 0 0 0 0 0 0 0 0 0 0 0 0 0
 0 0 0 0 0 0 0 0 0 0 0 0 0 0 0 0 0 0 0 0 0 0 0 0 0 0
 0 0 0 0 0 0 0 0 0 0 0 0 0 0 0 0 0 0 0 0 0 0 0 0 0 0
 0 0 0 0 0 0 0 0 0 0 0 0 0 0 0 0 0 0 0 0 0 0 0 0 0 0
 0 0 0 0 0 0 0 0 0 0 0 0 0 0 0 0 0 0 0 0 0 0 0 0 0 0
 0 0 0 0 0 0 0 0 0 0 0 0 0 0 0 0 0 0 0 0 0 0 0 0 0 0
 0 0 0 0 0 0 0 0 0 0 0 0 0 0 0 0 0 0 0 0 0 0 0 0 0 0
 0 0 0 0 0 0 0 0 0 0 0 0 0 0 0 0 0 0 0 0 0 0 0 0 0 0
 0 0 0 0 0 0 0 0 0 0 0 0 0 0 0 0 0 0 0 0 0 0 0 0 0 0
 0.00862536 0 0 0.000197151 0.00414017 0.0128641 0.00837892 0.0270097 0.101434 0.158115 0.152841 0.127902 0.109271 0.109419 0.0830992 0.0579132 0.0238553 0.00714673 0.00463305 0.00128148 0.00103504 0.000492878 0.000147863 0.000147863 4.92878e-05 0
 0 0 0 0 0 0 0 0 0 0 0 0 0 0 0 0 0 0 0 0 0 0 0 0 0 0
 0 0 0 0 0 0 0 0.0054083 0.00873648 0.0413646 0.0450493 0.0745869 0.0622846 0.0627006 0.0613931 0.0827291 0.12552 0.122667 0.0946155 0.0697135 0.0546179 0.0294188 0.0215738 0.0213955 0.0102223 0.00600262
 0 0 0 0 0.00359764 0.0251062 0.0480494 0.140153 0.205849 0.193036 0.1447 0.116669 0.0760912 0.0342217 0.00950174 0.001854 0.000860785 0 0 0 0.000165536 0 0.000143464 0 0 0
 0 0 0 0 0 0 0 0.000145254 0.000435761 0.0275982 0.070085 0.0708112 0.156366 0.174668 0.174014 0.160142 0.0824315 0.0480064 0.0283245 0.00493863 0.00203355 0 0 0 0 0
 0 0 0 0 0 0 0 0 0 0 0 0 0 0 0 0 0 0 0 0 0 0 0 0 0 0
 0 0 1.00437e-05 0.000401748 0.00122533 0.00171747 0.00176769 0.0269171 0.070346 0.194647 0.189555 0.159765 0.064822 0.0314167 0.0384472 0.0292271 0.0345202 0.0313363 0.0194345 0.0106764 0.0143323 0.0359363 0.0279516 0.0138201 0.00172751 0
 0 0.0021121 0.0136068 0.0755702 0.200478 0.177729 0.0527432 0.0373336 0.0318909 0.0142505 0.0149659 0.0166563 0.0217959 0.0798694 0.0677717 0.0528807 0.04013 0.0224614 0.0357745 0.0225083 0.00881397 0.00855152 0.00135912 0.000746735 0 0
 0 0 0 0 5.4009e-05 0.00500934 0.000945158 0.0243581 0.138947 0.33067 0.221406 0.137944 0.0707744 0.0437923 0.0131692 0.00525238 0.0047753 0.00276346 9.45158e-05 9.00151e-06 2.25038e-05 9.00151e-06 4.50075e-06 0 0 0
 0.000866109 0.00284123 0.00948549 0.0512746 0.133035 0.25785 0.225252 0.132002 0.0553304 0.0519788 0.0540692 0.017754 0.00435017 0.00159236 0.00146478 0.000404838 0.000125132 0.000115318 0.000107957 0.000100596 0 0 0 0 0 0
 0 0 0 0 0.00144013 0.00171154 0.00461396 0.0210425 0.0478622 0.0707936 0.0888783 0.103762 0.0637923 0.0337046 0.0602308 0.124433 0.169614 0.0934646 0.0462172 0.0250306 0.0313229 0.00938855 0.002487 0.000210481 0 0
 0 0.00764035 0.051015 0.0998891 0.058973 0.0496711 0.0374665 0.0718981 0.12319 0.153886 0.159021 0.0857701 0.0377988 0.023471 0.0147837 0.00900784 0.00315554 0.000888139 0.00291439 0.00214683 0.00393193 0.00274676 0.000635225 9.99891e-05 0 0
 0 0 0 0 0 0 0 0 0 0 0 0 0 0 0 0 0 0 0 0 0 0 0 0 0 0
 0 0 0 0 0 0 0 0 0 0 0 0 0 0 0 0 0 0 0 0 0 0 0 0 0 0
 0 0 0 0 0 0 0 0 0 0 0 0 0 0 0 0 0 0 0 0 0 0 0 0 0 0
 0 0 0 0 0 0 0 0 0 0 0 0 0 0 0 0 0 0 0 0 0 0 0 0 0 0
 0 0 0 0 0 0 0 0 0 0 0 0 0 0 0 0 0 0 0 0 0 0 0 0 0 0
 0 0 0 0 0 0 0 0 0 0 0 0 0 0 0 0 0 0 0 0 0 0 0 0 0 0
 0 0 0 0 0 0 0 0 0 0 0 0 0 0 0 0 0 0 0 0 0 0 0 0 0 0
ppred_pel_tallas
 1.26099e-16 5.18656e-07 5.04156e-06 3.35049e-05 0.000152333 0.000474185 0.00101181 0.00148535 0.00152633 0.00121235 0.00114937 0.00211069 0.00498021 0.0109066 0.021007 0.0355211 0.0530289 0.0705917 0.0851195 0.0950886 0.10112 0.104825 0.106977 0.1067 0.102277 0.0926962
 1.09527e-16 7.24136e-05 0.000703886 0.00467757 0.0212635 0.0661588 0.140958 0.205733 0.205733 0.140959 0.0661621 0.0212745 0.00471022 0.000792607 0.000293172 0.000510202 0.00106562 0.00207327 0.00372217 0.00616199 0.00940396 0.0132335 0.0171865 0.0206274 0.0229167 0.0236067
 1.16509e-16 1.39915e-06 1.36003e-05 9.0383e-05 0.000410919 0.00127897 0.00272806 0.00399915 0.00408247 0.00313512 0.00264529 0.00435523 0.00998346 0.0215853 0.0408983 0.0674294 0.0967275 0.120831 0.131695 0.12578 0.106327 0.0813946 0.0592041 0.0443287 0.036882 0.0341935
 1.37554e-16 1.31637e-05 0.000127955 0.000850308 0.00386538 0.0120266 0.0256241 0.0373997 0.0374022 0.0256371 0.0120734 0.00401506 0.00128086 0.0012493 0.00267432 0.00578656 0.0115643 0.0212788 0.0360234 0.0560105 0.0798241 0.104116 0.12422 0.135663 0.135912 0.125361
 1.00026e-16 8.23443e-05 0.000800416 0.00531905 0.0241796 0.0752318 0.160289 0.233947 0.233947 0.160289 0.0752318 0.0241799 0.00531969 0.000801839 8.5101e-05 1.05036e-05 7.48289e-06 1.00373e-05 1.31091e-05 1.67147e-05 2.14365e-05 2.7818e-05 3.5822e-05 4.45036e-05 5.21534e-05 5.68812e-05
 1.00281e-16 4.64435e-06 4.51448e-05 0.000300008 0.00136385 0.00424392 0.00904548 0.0132212 0.0133119 0.00948858 0.00573108 0.00565645 0.0110643 0.0235083 0.0444612 0.0732222 0.104836 0.130482 0.141177 0.132787 0.108576 0.0771829 0.0477075 0.0256513 0.0120126 0.00491913
 1.26773e-16 1.47928e-06 1.43791e-05 9.55545e-05 0.000434381 0.00135156 0.00287988 0.00420467 0.00421148 0.00291384 0.00146966 0.000793467 0.00106452 0.00235273 0.00509381 0.0101105 0.0184847 0.031364 0.0495741 0.0729382 0.0994746 0.12504 0.144063 0.15146 0.14485 0.12576
 1.89719e-16 4.08899e-06 3.97464e-05 0.000264129 0.00120069 0.00373582 0.00795963 0.0116178 0.0116199 0.00797026 0.0037728 0.00131353 0.000571168 0.000793534 0.00169726 0.0035361 0.00696669 0.013073 0.0233974 0.0397241 0.0634325 0.0944805 0.130447 0.166279 0.195231 0.210873
 1.00575e-16 8.20618e-05 0.000797669 0.00530079 0.0240966 0.0749736 0.159739 0.233144 0.233144 0.159739 0.0749739 0.0240976 0.00530324 0.000803196 9.31779e-05 2.59583e-05 3.41739e-05 5.42573e-05 8.53339e-05 0.000134152 0.000209676 0.000319374 0.000464033 0.000633262 0.000804482 0.000947086
 1.00818e-16 2.47107e-06 2.40197e-05 0.000159624 0.000725685 0.00225837 0.00481514 0.00704732 0.00714025 0.0052691 0.00378199 0.00512352 0.0111879 0.0240628 0.0455501 0.075021 0.107417 0.133706 0.144689 0.136141 0.111411 0.0793561 0.0492968 0.0268592 0.0130454 0.00590976
 1.11072e-16 5.03287e-05 0.000489213 0.00325099 0.0147785 0.0459815 0.0979686 0.142988 0.14299 0.0979773 0.0460125 0.0148752 0.00352132 0.00117034 0.00160964 0.00327161 0.00630775 0.011246 0.0185231 0.0281173 0.0391903 0.0499643 0.058075 0.061392 0.05893 0.0513189
 1.00468e-16 8.1352e-05 0.00079077 0.00525495 0.0238882 0.0743251 0.158358 0.231128 0.231128 0.158361 0.0743371 0.023923 0.00534222 0.000981421 0.000443872 0.000606454 0.000869746 0.00110395 0.00124046 0.00125541 0.00118233 0.00109047 0.00104056 0.00105087 0.00109446 0.00112263
 1.00758e-16 3.1979e-05 0.000310848 0.00206569 0.00939038 0.0292173 0.0622526 0.0908717 0.0909298 0.0625366 0.0301702 0.0121412 0.00896414 0.0153487 0.0285285 0.0469469 0.0672369 0.0837343 0.090693 0.085471 0.0701556 0.050264 0.0315959 0.0176416 0.00901122 0.00448974
 1.03208e-16 6.79083e-05 0.000660093 0.00438655 0.0199406 0.0620427 0.132189 0.192935 0.192942 0.132222 0.0621554 0.0202681 0.00521542 0.00249253 0.00361517 0.00604335 0.00910249 0.0122811 0.0150708 0.0171781 0.0185988 0.019441 0.0196793 0.019099 0.0174884 0.0148856
 1.0173e-16 7.08201e-05 0.000688397 0.00457464 0.0207957 0.0647031 0.137857 0.201209 0.20122 0.137912 0.0648876 0.0213285 0.00591195 0.00360675 0.00561057 0.00915678 0.0131703 0.0165382 0.0181839 0.0176259 0.0152701 0.0121406 0.0092673 0.00719971 0.00593067 0.00514028
 1.00094e-16 8.12048e-05 0.000789339 0.00524544 0.023845 0.0741906 0.158071 0.23071 0.230711 0.158077 0.07421 0.0239009 0.00538578 0.00109564 0.000662744 0.00096663 0.00138336 0.00173675 0.0019081 0.0018443 0.00158472 0.00123397 0.000899532 0.000642407 0.000469283 0.000356058
 1.00788e-16 1.57334e-06 1.52936e-05 0.000101636 0.000462078 0.00143819 0.00306766 0.00449685 0.00458988 0.00352214 0.00296361 0.00486532 0.0111443 0.0240882 0.0456222 0.0751621 0.107668 0.134119 0.145324 0.137048 0.112614 0.0808213 0.050921 0.0284777 0.0144726 0.00699461
 1.00568e-16 8.0778e-05 0.000785191 0.00521787 0.0237197 0.0738008 0.15724 0.229497 0.229497 0.157241 0.073802 0.0237235 0.00522884 0.000813676 0.00014816 0.000151598 0.000290534 0.000530962 0.000892308 0.00137461 0.00193571 0.00248521 0.00290289 0.00308044 0.00296716 0.00259341
 1.01767e-16 1.5086e-05 0.000146641 0.000974486 0.00442992 0.0137835 0.0293701 0.0428827 0.0429598 0.0297465 0.0150468 0.00807622 0.0101185 0.0200793 0.0377863 0.0622235 0.0891178 0.110988 0.120234 0.113374 0.0932078 0.0670706 0.0426508 0.0245363 0.0134601 0.00772088
 1.23308e-16 7.74616e-06 7.52954e-05 0.000500365 0.0022746 0.00707721 0.0150794 0.0220124 0.0220297 0.0151642 0.00736521 0.00312015 0.00267449 0.00499193 0.00984334 0.0175546 0.0282869 0.0417875 0.0575439 0.0749055 0.0927865 0.109107 0.120708 0.124292 0.118038 0.102774
 1.04085e-16 7.81457e-05 0.000759604 0.00504784 0.0229467 0.0713958 0.152116 0.222018 0.222019 0.152119 0.0714042 0.0229712 0.00511072 0.000901816 0.000363415 0.000518976 0.000844084 0.00129527 0.00190354 0.00272761 0.00382687 0.00520721 0.00676497 0.00827242 0.0094284 0.00995881
 1.01378e-16 6.72541e-05 0.000653734 0.00434429 0.0197485 0.0614451 0.130916 0.191079 0.191096 0.130998 0.0617199 0.0205417 0.00633347 0.00499026 0.00828598 0.0135475 0.0194059 0.0241897 0.0262508 0.0248445 0.0205908 0.0150937 0.0100238 0.00636307 0.00423799 0.00323307
 1.06572e-16 9.08242e-07 8.82851e-06 5.86724e-05 0.000266764 0.000830421 0.00177219 0.00260294 0.00268111 0.00215416 0.00211318 0.00397274 0.00936466 0.0203352 0.0386369 0.0639557 0.0923164 0.116461 0.128939 0.126233 0.110768 0.0891243 0.0679946 0.0510826 0.0387408 0.0295854
 1.04191e-16 7.41367e-05 0.000720635 0.00478888 0.0217695 0.0677331 0.144313 0.210628 0.210629 0.144314 0.0677376 0.0217842 0.00483209 0.00083604 0.000355197 0.000631755 0.00128137 0.00240392 0.00413621 0.006517 0.0093899 0.0123607 0.0148624 0.016332 0.0164239 0.0151461
 1.0649e-16 3.5128e-05 0.000341457 0.0022691 0.010315 0.0320942 0.0683819 0.0998157 0.0998654 0.0686247 0.0329091 0.0126676 0.0081698 0.0132077 0.0244273 0.0402174 0.0576821 0.0720361 0.078461 0.074813 0.0629789 0.047709 0.0338647 0.0241711 0.018761 0.0161816
 1.22026e-16 8.28907e-06 8.05728e-05 0.000535436 0.00243404 0.0075734 0.0161373 0.0235608 0.0235986 0.0163224 0.00819678 0.00424264 0.00510572 0.0101582 0.0194419 0.0328948 0.0491674 0.065536 0.0790904 0.0882894 0.0935067 0.096041 0.096557 0.0944434 0.0885614 0.0785163
 1.04668e-16 7.65491e-05 0.000744084 0.0049447 0.0224779 0.0699371 0.149008 0.217482 0.217483 0.149012 0.0699496 0.0225147 0.0050399 0.000961093 0.000516203 0.000805996 0.0013313 0.00205957 0.00302424 0.00427268 0.0058283 0.00762903 0.00948126 0.011077 0.0120829 0.0122605
 1.01593e-16 6.80874e-05 0.000661834 0.00439812 0.0199932 0.0622064 0.132538 0.193446 0.193462 0.132614 0.0624608 0.0207275 0.00623985 0.00467729 0.00767941 0.0125497 0.0179839 0.0224348 0.0243831 0.0231457 0.019301 0.0143314 0.00977264 0.00651357 0.00464676 0.00376545
 1.06519e-16 3.20957e-06 3.11982e-05 0.000207327 0.000942525 0.00293296 0.00625181 0.00914078 0.00921751 0.00662676 0.00419207 0.00457995 0.00934028 0.0199767 0.0379066 0.0627213 0.090484 0.114047 0.126079 0.123133 0.107626 0.0860873 0.065171 0.0485791 0.0366733 0.028049
 1.38541e-16 3.69334e-06 3.59005e-05 0.000238572 0.00108452 0.00337436 0.0071896 0.0104944 0.0104993 0.00721378 0.00345909 0.0013449 0.000951255 0.00178753 0.00390535 0.00795403 0.0149718 0.0261827 0.0426369 0.0645619 0.0905704 0.117215 0.139467 0.15226 0.152456 0.140143
 1.06662e-16 7.70898e-05 0.00074934 0.00497963 0.0226367 0.0704311 0.150061 0.219018 0.219019 0.150062 0.0704362 0.0226518 0.00501893 0.000840059 0.000264941 0.000360143 0.00062456 0.00104849 0.00171048 0.00272358 0.0041972 0.00616797 0.00852355 0.0109676 0.0130648 0.0143653
pSPR Fmed_Fpbrs
0.456903   0.2225 0.2225
Fs Fmed_Fpbrs
0.463268   1.005 1.005
SSBpbr Bo_Bmed_Bpbrs
1.7191e+06  699506  296545 296545
Ro
26122.8
SPR SPRFo_SPRFmed_SPRFpbrs
186724 85314.6 41546
Fref
1.005
Nvult_r0
 113946 415.532 341.17 6912.44 1438.33
CTP_r0
 33029.4 146.662 120.416 2439.74 507.657
YTP_r0
390916
Np
 129592 36892.8 112.604 92.453 2272.57
Nvult_p0
 107119 31924.8 97.4411 80.0032 1966.55
CTP_p0
 45980.4 16002.2 48.8421 40.1014 985.727
YTP_p0
 639568
CBA_c0
465511
log_Ro
9.99056
likeval ReclasPelacesDesembMPH_pf_preclas_ppelaces_ptallas_desvR_qrecl_qpela
 53.5262 57.6426 0.325302 0.00223408 513.498 183.993 161.724 0 276.115 0 0 0.121931 0 0 0
q_reclas_q_pelaces
1 1
M
1
N
 774.498 54517.9 57774.1 17130.2 0.0640814
 240975 232.261 15263.2 16174.9 4795.92
 1119.47 62851.7 53.962 3546.16 4872.22
 1389.65 291.946 14600.1 12.5351 1955.54
 456866 25.5565 1.96028 98.0323 13.2146
 8593.43 152644 8.26666 0.634082 35.9846
 613.788 2551.32 42166.3 2.28358 10.1155
 169.384 80.7004 237.323 3922.3 1.15336
 111392 23.8141 8.20998 24.1439 399.149
 818.398 29812.4 5.72676 1.97432 101.793
 8894.08 193.905 6091.96 1.17022 21.204
 254644 2221.68 42.5231 1335.96 4.90665
 33480.8 59930.6 449.94 8.6119 271.556
 66131.4 7469.46 11300.3 84.8391 52.8275
 46706.9 8466.07 670.48 1014.35 12.3574
 438896 6113.37 782.782 61.9933 94.9303
 1924.49 107173 1300.6 166.535 33.3851
 1.26011e+06 504.049 25039.1 303.863 46.7078
 84864.5 397931 151.208 7511.36 105.166
 11998.2 24347.3 105007 39.9009 2009.86
 490670 2787.75 4846.99 20904.4 408.061
 564934 131820 673.804 1171.53 5151.27
 1920.03 150947 31630.1 161.679 1517.15
 427961 554.747 40209.3 8425.64 447.208
 105684 134676 165.643 12006.1 2649.36
 7839.98 32437.8 38893.5 47.8364 4232.4
 263722 2195.49 8287.39 9936.72 1093.54
 371481 75374.3 576.419 2175.83 2895.96
 5606.1 118812 22998.7 175.881 1547.54
 1974.16 1804.16 36554 7075.87 530.233
 150838 528.137 433.623 8785.63 1828.1
pred_Ctot
 92.0065 8420.29 8923.21 2645.76 0.00989737
 45583 56.1412 3689.38 3909.73 1159.25
 211.828 15196.9 13.0475 857.427 1178.05
 1022.72 232.029 11603.7 9.96245 1554.2
 26718.4 1.97096 0.15118 7.56043 1.01914
 1066.67 24602.3 1.33237 0.102198 5.79979
 270.341 1339.66 22140.9 1.19907 5.3115
 71.3715 40.7714 119.9 1981.62 0.5827
 19689.5 5.3956 1.86015 5.47032 90.4359
 190.812 8782.72 1.6871 0.581633 29.988
 1862.16 51.6125 1621.52 0.311484 5.64397
 60119.9 662.253 12.6756 398.233 1.46261
 8672.18 19481.7 146.262 2.79948 88.275
 29612.2 3978.51 6018.96 45.1885 28.1379
 20630.3 4456.33 352.924 533.927 6.5046
 96428.9 1703.04 218.065 17.2699 26.4454
 360.208 25645.7 311.226 39.8507 7.98883
 114197 59.7887 2970.05 36.0433 5.54033
 12050.5 73053.3 27.7591 1378.96 19.3067
 2899.83 7418.81 31996.3 12.1581 612.42
 85822 625.302 1087.2 4688.95 91.5296
 100308 29995.8 153.325 266.582 1172.18
 265.652 27025 5662.95 28.9464 271.626
 39613.6 67.1794 4869.31 1020.34 54.1564
 11232.5 18665.8 22.9577 1664.02 367.194
 1209.9 6452.47 7736.62 9.51554 841.903
 37961.9 408.392 1541.57 1848.37 203.414
 31021.6 8252.34 63.109 238.22 317.063
 448.556 12473.7 2414.58 18.4653 162.472
 349.34 409.21 8291 1604.91 120.265
 33029.4 146.662 120.416 2439.74 507.657
F
 0.204354 0.273081 0.273081 0.273081 0.273081
 0.343916 0.459581 0.459581 0.459581 0.459581
 0.344044 0.459751 0.459751 0.459751 0.459751
 2.99591 4.00349 4.00349 4.00349 4.00349
 0.0962814 0.128662 0.128662 0.128662 0.128662
 0.214387 0.286488 0.286488 0.286488 0.286488
 1.02891 1.37494 1.37494 1.37494 1.37494
 0.961894 1.28539 1.28539 1.28539 1.28539
 0.318134 0.425127 0.425127 0.425127 0.425127
 0.439982 0.587955 0.587955 0.587955 0.587955
 0.387124 0.517319 0.517319 0.517319 0.517319
 0.446678 0.596903 0.596903 0.596903 0.596903
 0.50015 0.668358 0.668358 0.668358 0.668358
 1.05558 1.41058 1.41058 1.41058 1.41058
 1.03341 1.38097 1.38097 1.38097 1.38097
 0.409822 0.547651 0.547651 0.547651 0.547651
 0.339744 0.454004 0.454004 0.454004 0.454004
 0.152674 0.20402 0.20402 0.20402 0.20402
 0.248635 0.332255 0.332255 0.332255 0.332255
 0.45952 0.614063 0.614063 0.614063 0.614063
 0.314334 0.42005 0.42005 0.42005 0.42005
 0.31978 0.427326 0.427326 0.427326 0.427326
 0.241583 0.322831 0.322831 0.322831 0.322831
 0.156161 0.20868 0.20868 0.20868 0.20868
 0.181129 0.242046 0.242046 0.242046 0.242046
 0.272832 0.364589 0.364589 0.364589 0.364589
 0.252429 0.337325 0.337325 0.337325 0.337325
 0.139959 0.187029 0.187029 0.187029 0.187029
 0.133762 0.178748 0.178748 0.178748 0.178748
 0.318543 0.425673 0.425673 0.425673 0.425673
 0.408193 0.545474 0.545474 0.545474 0.545474
YTP_r0W_actual
 280750 2390.59 3480.01 84903 19392.5
YTP_p0W_proyectada
 345773 257955 1141.93 1182.99 33514.7
CTP_r0_actual
 33029.4 146.662 120.416 2439.74 507.657
CTP_p0_proyectada
 45980.4 16002.2 48.8421 40.1014 985.727
Wmedp
 7.52 16.12 23.38 29.5 34
Frms_r0
 0.408193 0.545474 0.545474 0.545474 0.545474
Zrms_r0
 1.40819 1.54547 1.54547 1.54547 1.54547
nmprior
 8.19 8.8 8.5 0
nm_flota  nm_reclas  nm_pelaces    nm_pelaL
0 3.14693 2.55685 3.38857
cv_recla  cv_pelaces  cv_mph
0.661772 0.860883 1.45866
 ------------------------------------------------
Talla a la edad & desviaci?n 
 8 13.2811 15.8009 17.003 17.5766
 0.8 1.32811 1.58009 1.7003 1.75766
