years
 1991 1992 1993 1994 1995 1996 1997 1998 1999 2000 2001 2002 2003 2004 2005 2006 2007 2008 2009 2010 2011 2012 2013 2014 2015 2016 2017 2018 2019 2020 2021
reclasobs
 0 0 0 0 0 0 0 0 0 252601 567819 844713 477998 351125 339783 2.1784e+06 2.13404e+06 4.81314e+06 1.55562e+06 2.62356e+06 3.21686e+06 3.843e+06 1.13348e+06 3.07943e+06 1.97215e+06 2.03268e+06 2.025e+06 2.42433e+06 2.27542e+06 1.05018e+06 2.36338e+06
reclaspred
 3.35547e+06 1.90468e+06 969269 1.01847e+06 1.04795e+06 1.61416e+06 1.07945e+06 967238 700982 510745 530897 656644 649806 522174 529719 1.25246e+06 1.24888e+06 2.70909e+06 2.24382e+06 1.68394e+06 2.97357e+06 2.41985e+06 1.95979e+06 3.00535e+06 2.26971e+06 2.01665e+06 2.3541e+06 2.46223e+06 2.04395e+06 1.32735e+06 1.93593e+06
pelacesobs
 0 0 0 0 0 0 0 0 0 0 0 0 0 0 0 552880 188675 0 991730 2.46772e+06 1.41603e+06 1.21717e+06 2.29649e+06 1.80582e+06 0 1.4828e+06 1.56532e+06 1.57751e+06 1.42118e+06 867257 1.10002e+06
pelacespred
 2.06962e+06 1.31506e+06 674995 568305 603380 952476 625112 656087 472419 328469 344219 356764 385506 329665 338901 654754 669966 1.6179e+06 1.42015e+06 995890 1.66245e+06 1.49433e+06 1.21158e+06 1.98339e+06 1.47847e+06 1.3045e+06 1.70411e+06 1.76199e+06 1.23376e+06 905971 1.27244e+06
mphobs
 0 0 0 0 0 0 0 0 0 0 0 498337 0 5186 125008 0 168611 109162 213762 579715 649985 157893 87575 83554 0 0 0 0 0 0 0
mphpred
 3.92113e+06 2.63458e+06 1.33602e+06 730865 861038 988245 1.29286e+06 867143 754356 527010 347438 482026 512677 442718 315652 392483 1.12006e+06 1.10438e+06 2.08211e+06 1.5945e+06 1.71215e+06 2.10304e+06 2.00437e+06 1.68378e+06 2.3287e+06 1.92772e+06 1.59555e+06 1.67248e+06 2.28996e+06 1.59277e+06 1.03271e+06
desembarqueobs
 494567 514787 250237 358949 120608 361735 552515 73892 212993 205616 52469 317467 293654 387597 252695 516296 358380 742168 942051 627588 828172 859565 418607 520667 417249 300574 415391 372974 316634 284311 391294
desembarquepred
 494574 513223 251070 358972 120612 361751 552576 73895.6 213038 205660 52471.4 317538 293713 387659 252701 516284 358407 742097 941925 627500 828253 859617 418624 520694 417255 300580 415398 372967 316634 284324 391301
Reclutas
 221670 126649 125626 241920 193751 312717 131733 62231 55688.6 71613.2 128454 165396 139556 98281.3 99998.2 503254 118870 778273 455605 349863 519446 699916 153588 443636 374733 170197 371620 413445 129181 95560 349190
log_desv_Rt
 0.0842553 -0.475515 -0.483623 0.171673 -0.0503598 0.428363 -0.436158 -1.18608 -1.29716 -1.04566 -0.461361 -0.208593 -0.378467 -0.729101 -0.711783 0.904161 -0.538907 1.34014 0.804691 0.540607 0.935827 1.23403 -0.282658 0.778069 0.609278 -0.179981 0.600937 0.707589 -0.455719 -0.757181 0.538682
SSB
 3.92113e+06 2.63458e+06 1.33602e+06 730865 861038 988245 1.29286e+06 867143 754356 527010 347438 482026 512677 442718 315652 392483 1.12006e+06 1.10438e+06 2.08211e+06 1.5945e+06 1.71215e+06 2.10304e+06 2.00437e+06 1.68378e+06 2.3287e+06 1.92772e+06 1.59555e+06 1.67248e+06 2.28996e+06 1.59277e+06 1.03271e+06
BT
 5.21379e+06 3.557e+06 1.81693e+06 1.64536e+06 1.50905e+06 2.56832e+06 1.95229e+06 1.60578e+06 1.31899e+06 971002 862440 1.11241e+06 1.1796e+06 1.18673e+06 1.06306e+06 1.99532e+06 1.84733e+06 4.53281e+06 4.25531e+06 2.90173e+06 4.62442e+06 4.32695e+06 3.19572e+06 5.21366e+06 3.84329e+06 3.32423e+06 4.47836e+06 4.5639e+06 3.12397e+06 2.38523e+06 3.40833e+06
Ftot
 0.108108 0.195041 0.188834 0.269057 0.0874123 0.17353 0.370279 0.0576615 0.227325 0.298857 0.0781018 0.36502 0.340595 0.552522 0.370922 0.33007 0.212997 0.217506 0.314741 0.280672 0.213787 0.270638 0.158147 0.136247 0.138604 0.111844 0.137947 0.119428 0.113241 0.157997 0.160173
BD_Bspro_t
 0.982852 0.872846 0.736555 0.658011 0.663474 0.731358 0.723274 0.589918 0.640697 0.60407 0.572058 0.728206 0.617682 0.534285 0.435693 0.490123 0.632311 0.616607 0.697 0.607725 0.580463 0.626604 0.642169 0.639466 0.736077 0.744354 0.751831 0.780569 0.816899 0.761727 0.707781
BD_Bspro
 2.69225 1.80891 0.917311 0.501812 0.591189 0.67853 0.887678 0.595381 0.517941 0.361846 0.238551 0.330959 0.352005 0.303971 0.216727 0.26948 0.769031 0.758266 1.42958 1.09478 1.17556 1.44395 1.3762 1.15609 1.59889 1.32358 1.09551 1.14833 1.57229 1.0936 0.709057
BD_Bo
 1.8434 1.23857 0.628086 0.343593 0.40479 0.464593 0.607797 0.40766 0.354637 0.247757 0.163337 0.226609 0.241019 0.20813 0.148394 0.184514 0.526559 0.519188 0.978839 0.749603 0.804913 0.988679 0.94229 0.791577 1.09476 0.906258 0.750098 0.786264 1.07655 0.74879 0.485494
BD_Brms
 12.1523 8.16504 4.14056 2.26508 2.66851 3.06275 4.0068 2.68743 2.33788 1.6333 1.07677 1.49388 1.58888 1.37206 0.978263 1.21638 3.47125 3.42266 6.45284 4.94163 5.30626 6.5177 6.21189 5.21834 7.21706 5.97436 4.9449 5.18332 7.09699 4.93628 3.20054
Sel_flota
 0.846027 1 1 1 1
 0.846027 1 1 1 1
 0.846027 1 1 1 1
 0.846027 1 1 1 1
 0.846027 1 1 1 1
 0.846027 1 1 1 1
 0.846027 1 1 1 1
 0.846027 1 1 1 1
 0.846027 1 1 1 1
 0.846027 1 1 1 1
 0.846027 1 1 1 1
 0.846027 1 1 1 1
 0.846027 1 1 1 1
 0.846027 1 1 1 1
 0.846027 1 1 1 1
 0.846027 1 1 1 1
 0.846027 1 1 1 1
 0.846027 1 1 1 1
 0.846027 1 1 1 1
 0.846027 1 1 1 1
 0.846027 1 1 1 1
 0.846027 1 1 1 1
 0.846027 1 1 1 1
 0.846027 1 1 1 1
 0.846027 1 1 1 1
 0.846027 1 1 1 1
 0.846027 1 1 1 1
 0.846027 1 1 1 1
 0.846027 1 1 1 1
 0.846027 1 1 1 1
 0.846027 1 1 1 1
Sel_reclas
 1 1 1 1 1
 1 1 1 1 1
 1 1 1 1 1
 1 1 1 1 1
 1 1 1 1 1
 1 1 1 1 1
 1 1 1 1 1
 1 1 1 1 1
 1 1 1 1 1
 1 1 1 1 1
 1 1 1 1 1
 1 1 1 1 1
 1 1 1 1 1
 1 1 1 1 1
 1 1 1 1 1
 1 1 1 1 1
 1 1 1 1 1
 1 1 1 1 1
 1 1 1 1 1
 1 1 1 1 1
 1 1 1 1 1
 1 1 1 1 1
 1 1 1 1 1
 1 1 1 1 1
 1 1 1 1 1
 1 1 1 1 1
 1 1 1 1 1
 1 1 1 1 1
 1 1 1 1 1
 1 1 1 1 1
 1 1 1 1 1
Sel_pelaces
 0.945656 1 1 1 1
 0.945656 1 1 1 1
 0.945656 1 1 1 1
 0.945656 1 1 1 1
 0.945656 1 1 1 1
 0.945656 1 1 1 1
 0.945656 1 1 1 1
 0.945656 1 1 1 1
 0.945656 1 1 1 1
 0.945656 1 1 1 1
 0.945656 1 1 1 1
 0.945656 1 1 1 1
 0.945656 1 1 1 1
 0.945656 1 1 1 1
 0.945656 1 1 1 1
 0.945656 1 1 1 1
 0.945656 1 1 1 1
 0.945656 1 1 1 1
 0.945656 1 1 1 1
 0.945656 1 1 1 1
 0.945656 1 1 1 1
 0.945656 1 1 1 1
 0.945656 1 1 1 1
 0.945656 1 1 1 1
 0.945656 1 1 1 1
 0.945656 1 1 1 1
 0.945656 1 1 1 1
 0.945656 1 1 1 1
 0.945656 1 1 1 1
 0.945656 1 1 1 1
 0.945656 1 1 1 1
pf_obs 
 0.8446 0.082 0.0669 0.0065 0
 0.8095 0.147 0.0364 0.0071 0
 0.9664 0.0169 0.016 0.0007 0
 0.9276 0.0648 0.0075 0.0001 0
 0.7033 0.2144 0.0806 0.0017 0
 0.9318 0.0425 0.0243 0.0014 0
 0.5671 0.3108 0.0964 0.0239 0.0018
 0.0768 0.2599 0.5324 0.112 0.0189
 0.490249 0.384438 0.106611 0.0170017 0.00170017
 0.7925 0.1577 0.0466 0.003 0.0002
 0.840416 0.127587 0.0312969 0.00059994 9.999e-05
 0.8084 0.0986 0.0794 0.0134 0.0002
 0.7335 0.1905 0.0724 0.0035 0.0001
 0.4001 0.4547 0.1325 0.0127 0
 0.49795 0.308269 0.164784 0.0264974 0.00249975
 0.9179 0.0499 0.0305 0.0017 0
 0.2467 0.6533 0.0926 0.0074 0
 0.9418 0.0223 0.034 0.0019 0
 0.707729 0.231977 0.0356964 0.0245975 0
 0.517169 0.277429 0.184464 0.0207286 0.00020938
 0.811772 0.124168 0.05621 0.00726502 0.000585176
 0.764997 0.148141 0.077277 0.00933861 0.000247198
 0.163321 0.427699 0.378323 0.0303852 0.000271297
 0.753843 0.0900009 0.118128 0.0371064 0.000921714
 0.721811 0.176058 0.0630433 0.0369309 0.00215725
 0.143369 0.312575 0.442814 0.0836902 0.0175525
 0.692698 0.0596174 0.167031 0.0765114 0.00414204
 0.394062 0.376323 0.152708 0.0712218 0.00568511
 0.125707 0.32114 0.495352 0.0537591 0.00404204
 0.23352 0.215282 0.420074 0.123614 0.00750983
 0.774587 0.0839891 0.0768558 0.0609784 0.00358967
pf_pred 
 0.438796 0.113343 0.424406 0.0234542 7.67231e-07
 0.412985 0.283381 0.0613232 0.229621 0.0126901
 0.555169 0.203938 0.116291 0.0251651 0.0994369
 0.760203 0.143915 0.0439584 0.0250662 0.0268577
 0.64853 0.278878 0.0435666 0.0133073 0.0157187
 0.735241 0.181979 0.0656828 0.010261 0.00683635
 0.468828 0.40864 0.0842206 0.0303982 0.00791273
 0.436458 0.292621 0.208424 0.0429562 0.0195403
 0.512242 0.233747 0.131897 0.0939455 0.0281697
 0.671123 0.183844 0.0695036 0.0392189 0.0363104
 0.79185 0.148336 0.0334362 0.0126408 0.0137367
 0.725942 0.224486 0.0353271 0.00796301 0.00628196
 0.673349 0.249607 0.0631076 0.00993118 0.00400456
 0.614862 0.275577 0.0837202 0.0211668 0.00467416
 0.717619 0.187922 0.0675882 0.0205333 0.00633777
 0.924407 0.0572007 0.0122397 0.00440216 0.00175017
 0.405463 0.557159 0.0282834 0.00605205 0.00304208
 0.891833 0.0488014 0.0556334 0.00282415 0.000908066
 0.599813 0.363616 0.0164999 0.0188099 0.00126188
 0.602314 0.256877 0.127941 0.00580564 0.0070624
 0.739656 0.168589 0.059267 0.0295187 0.00296893
 0.745032 0.197346 0.0373139 0.0131176 0.00719052
 0.333205 0.519974 0.11364 0.021487 0.0116943
 0.741595 0.0968265 0.126001 0.0275375 0.00804052
 0.630053 0.286524 0.0312594 0.040678 0.011486
 0.442439 0.37407 0.142113 0.0155044 0.0258728
 0.730378 0.131178 0.0928824 0.035287 0.010274
 0.688876 0.237788 0.0356802 0.0252638 0.0123925
 0.367504 0.459005 0.132597 0.0198963 0.0209982
 0.436484 0.23084 0.241424 0.0697424 0.0215094
 0.823701 0.0848984 0.0374417 0.0391585 0.0148008
pobs_RECLAS
 0 0 0 0 0
 0 0 0 0 0
 0 0 0 0 0
 0 0 0 0 0
 0 0 0 0 0
 0 0 0 0 0
 0 0 0 0 0
 0 0 0 0 0
 0 0 0 0 0
 0 0 0 0 0
 0.991045 0.00858322 0.000360255 1.14367e-05 0
 0.934742 0.0480273 0.0164251 0.00080598 0
 0.827803 0.169806 0.00239088 0 0
 0.941827 0.0461693 0.0120037 0 0
 0.791401 0.0380133 0.147996 0.0225897 0
 0.846168 0.0940531 0.0597789 0 0
 0.134021 0.677848 0.182769 0.00536245 0
 0.80878 0.0450904 0.141981 0.00414843 0
 0.846168 0.0940531 0.0597789 0 0
 0.905697 0.0802665 0.012482 0.00150086 5.37128e-05
 0.989698 0.0102097 9.19794e-05 0 0
 0.975433 0.0193895 0.00387452 0.00125025 5.28907e-05
 0.303575 0.632131 0.0575291 0.00676475 0
 0.966965 0.00978017 0.0227588 0.000495775 0
 0.843318 0.132988 0.00938335 0.0141283 0.000182051
 0.564624 0.303363 0.111486 0.0197234 0.00080311
 0.826376 0.0876187 0.0782897 0.00655872 0.00115652
 0.89761 0.0855135 0.0140674 0.00269457 0.000114338
 0.34875 0.467042 0.161289 0.0227151 0.000203297
 0.318654 0.224769 0.449479 0.00709798 0
 0.937255 0.0296025 0.0250945 0.00804832 0
ppred_RECLAS
 0.480672 0.104886 0.392738 0.0217041 7.09982e-07
 0.454737 0.263226 0.0569615 0.213289 0.0117875
 0.596659 0.184917 0.105444 0.0228179 0.0901623
 0.790045 0.126005 0.0384879 0.0219468 0.0235153
 0.68589 0.249234 0.0389356 0.0118928 0.0140478
 0.766939 0.160192 0.0578189 0.00903254 0.00601787
 0.512134 0.375324 0.0773542 0.0279199 0.00726762
 0.478119 0.270989 0.193016 0.0397806 0.0180957
 0.554687 0.213406 0.120419 0.0857703 0.0257184
 0.707906 0.163282 0.06173 0.0348324 0.0322493
 0.818226 0.12954 0.0291994 0.011039 0.0119961
 0.759039 0.197375 0.0310608 0.00700136 0.00552331
 0.71016 0.221479 0.0559959 0.00881202 0.00355328
 0.655955 0.246174 0.0747876 0.0189084 0.00417544
 0.7514 0.165441 0.0595028 0.018077 0.0055796
 0.935618 0.0487177 0.0104246 0.00374931 0.00149062
 0.44711 0.518131 0.0263022 0.00562811 0.00282898
 0.907214 0.0418622 0.0477227 0.00242257 0.000778944
 0.640368 0.326767 0.0148278 0.0169037 0.001134
 0.642616 0.230844 0.114975 0.00521728 0.00634668
 0.771111 0.14822 0.0521063 0.0259523 0.00261022
 0.776211 0.173213 0.0327509 0.0115135 0.0063112
 0.37186 0.48983 0.107053 0.0202413 0.0110164
 0.772662 0.0851853 0.110852 0.0242267 0.00707383
 0.668545 0.256712 0.0280069 0.0364455 0.0102909
 0.484377 0.345934 0.131424 0.0143382 0.0239268
 0.762367 0.115615 0.0818626 0.0311005 0.0090551
 0.72387 0.211042 0.031667 0.0224222 0.0109986
 0.407535 0.429954 0.124205 0.018637 0.0196692
 0.478522 0.213619 0.223414 0.0645397 0.0199048
 0.846983 0.0736863 0.032497 0.0339871 0.0128462
pobs_PELACES
 0 0 0 0 0
 0 0 0 0 0
 0 0 0 0 0
 0 0 0 0 0
 0 0 0 0 0
 0 0 0 0 0
 0 0 0 0 0
 0 0 0 0 0
 0 0 0 0 0
 0 0 0 0 0
 0 0 0 0 0
 0 0 0 0 0
 0 0 0 0 0
 0 0 0 0 0
 0 0 0 0 0
 0 0 0 0 0
 0.505614 0.472636 0.0217494 0 0
 0 0 0 0 0
 0.443492 0.261883 0.143347 0.151278 0
 0.227955 0.32914 0.350689 0.0885471 0.00366901
 0.970185 0.0296113 0.000203453 0 0
 0.997202 0.00247181 0.000326279 0 0
 0.445219 0.490057 0.0546422 0.010081 0
 0.90214 0.0892962 0.00764917 0.000914606 0
 0 0 0 0 0
 0.581667 0.319106 0.0959925 0.00289975 0.000334073
 0.762889 0.0836404 0.116647 0.0363945 0.000428098
 0.88444 0.0763242 0.0277011 0.0115352 0
 0.521256 0.241999 0.230069 0.00667565 0
 0.616807 0.101726 0.260614 0.0208532 0
 0.833518 0.0704572 0.0857862 0.0102388 0
ppred_PELACES
 0.46811 0.107423 0.402238 0.0222291 7.27156e-07
 0.443365 0.268715 0.0581494 0.217737 0.0120333
 0.585473 0.190045 0.108369 0.0234508 0.0926628
 0.782959 0.130258 0.0397869 0.0226876 0.024309
 0.674704 0.258109 0.0403221 0.0123163 0.0145481
 0.758422 0.166046 0.0599318 0.00936262 0.00623778
 0.502871 0.38245 0.0788229 0.02845 0.00740561
 0.464926 0.277839 0.197896 0.0407862 0.0185532
 0.543713 0.218665 0.123386 0.0878839 0.0263522
 0.699422 0.168025 0.063523 0.0358442 0.033186
 0.810377 0.135133 0.0304601 0.0115157 0.012514
 0.752146 0.203022 0.0319494 0.00720165 0.00568132
 0.702157 0.227594 0.0575421 0.00905534 0.00365139
 0.649654 0.250682 0.0761573 0.0192547 0.00425191
 0.744418 0.170087 0.0611737 0.0185846 0.00573629
 0.933222 0.0505308 0.0108125 0.00388885 0.00154609
 0.436001 0.528541 0.0268306 0.00574119 0.00288582
 0.903371 0.0435958 0.0496991 0.0025229 0.000811203
 0.631132 0.335158 0.0152086 0.0173378 0.00116312
 0.633003 0.237054 0.118068 0.00535762 0.0065174
 0.76307 0.153427 0.053937 0.0268641 0.00270193
 0.768809 0.178942 0.0338342 0.0118943 0.00651996
 0.360755 0.498489 0.108945 0.0205992 0.0112111
 0.763949 0.0884503 0.115101 0.0251553 0.00734496
 0.657636 0.265161 0.0289287 0.037645 0.0106296
 0.471853 0.354336 0.134616 0.0146864 0.0245079
 0.753401 0.119977 0.0849513 0.0322739 0.00939675
 0.713804 0.218735 0.0328214 0.0232396 0.0113996
 0.395492 0.438694 0.126729 0.0190159 0.020069
 0.466596 0.218504 0.228523 0.0660156 0.02036
 0.840694 0.0767153 0.0338328 0.0353841 0.0133742
pobs_pel_tallas
 0 0 0 0 0 0 0 0 0 0 0 0 0 0 0 0 0 0 0 0 0 0 0 0 0 0
 0 0 0 0 0 0 0 0 0 0 0 0 0 0 0 0 0 0 0 0 0 0 0 0 0 0
 0 0 0 0 0 0 0 0 0 0 0 0 0 0 0 0 0 0 0 0 0 0 0 0 0 0
 0 0 0 0 0 0 0 0 0 0 0 0 0 0 0 0 0 0 0 0 0 0 0 0 0 0
 0 0 0 0 0 0 0 0 0 0 0 0 0 0 0 0 0 0 0 0 0 0 0 0 0 0
 0 0 0 0 0 0 0 0 0 0 0 0 0 0 0 0 0 0 0 0 0 0 0 0 0 0
 0 0 0 0 0 0 0 0 0 0 0 0 0 0 0 0 0 0 0 0 0 0 0 0 0 0
 0 0 0 0 0 0 0 0 0 0 0 0 0 0 0 0 0 0 0 0 0 0 0 0 0 0
 0 0 0 0 0 0 0 0 0 0 0 0 0 0 0 0 0 0 0 0 0 0 0 0 0 0
 0 0 0 0 0 0 0 0 0 0 0 0 0 0 0 0 0 0 0 0 0 0 0 0 0 0
 0 0 0 0 0 0 0 0 0 0 0 0 0 0 0 0 0 0 0 0 0 0 0 0 0 0
 0 0 0 0 0 0 0 0 0 0 0 0 0 0 0 0 0 0 0 0 0 0 0 0 0 0
 0.00862536 0 0 0.000197151 0.00414017 0.0128641 0.00837892 0.0270097 0.101434 0.158115 0.152841 0.127902 0.109271 0.109419 0.0830992 0.0579132 0.0238553 0.00714673 0.00463305 0.00128148 0.00103504 0.000492878 0.000147863 0.000147863 4.92878e-05 0
 0 0 0 0 0 0 0 0 0 0 0 0 0 0 0 0 0 0 0 0 0 0 0 0 0 0
 0 0 0 0 0 0 0 0.0054083 0.00873648 0.0413646 0.0450493 0.0745869 0.0622846 0.0627006 0.0613931 0.0827291 0.12552 0.122667 0.0946155 0.0697135 0.0546179 0.0294188 0.0215738 0.0213955 0.0102223 0.00600262
 0 0 0 0 0.00359764 0.0251062 0.0480494 0.140153 0.205849 0.193036 0.1447 0.116669 0.0760912 0.0342217 0.00950174 0.001854 0.000860785 0 0 0 0.000165536 0 0.000143464 0 0 0
 0 0 0 0 0 0 0 0.000145254 0.000435761 0.0275982 0.070085 0.0708112 0.156366 0.174668 0.174014 0.160142 0.0824315 0.0480064 0.0283245 0.00493863 0.00203355 0 0 0 0 0
 0 0 0 0 0 0 0 0 0 0 0 0 0 0 0 0 0 0 0 0 0 0 0 0 0 0
 0 0 1.00437e-05 0.000401748 0.00122533 0.00171747 0.00176769 0.0269171 0.070346 0.194647 0.189555 0.159765 0.064822 0.0314167 0.0384472 0.0292271 0.0345202 0.0313363 0.0194345 0.0106764 0.0143323 0.0359363 0.0279516 0.0138201 0.00172751 0
 0 0.0021121 0.0136068 0.0755702 0.200478 0.177729 0.0527432 0.0373336 0.0318909 0.0142505 0.0149659 0.0166563 0.0217959 0.0798694 0.0677717 0.0528807 0.04013 0.0224614 0.0357745 0.0225083 0.00881397 0.00855152 0.00135912 0.000746735 0 0
 0 0 0 0 5.4009e-05 0.00500934 0.000945158 0.0243581 0.138947 0.33067 0.221406 0.137944 0.0707744 0.0437923 0.0131692 0.00525238 0.0047753 0.00276346 9.45158e-05 9.00151e-06 2.25038e-05 9.00151e-06 4.50075e-06 0 0 0
 0.000866109 0.00284123 0.00948549 0.0512746 0.133035 0.25785 0.225252 0.132002 0.0553304 0.0519788 0.0540692 0.017754 0.00435017 0.00159236 0.00146478 0.000404838 0.000125132 0.000115318 0.000107957 0.000100596 0 0 0 0 0 0
 0 0 0 0 0.00144013 0.00171154 0.00461396 0.0210425 0.0478622 0.0707936 0.0888783 0.103762 0.0637923 0.0337046 0.0602308 0.124433 0.169614 0.0934646 0.0462172 0.0250306 0.0313229 0.00938855 0.002487 0.000210481 0 0
 0 0.00764035 0.051015 0.0998891 0.058973 0.0496711 0.0374665 0.0718981 0.12319 0.153886 0.159021 0.0857701 0.0377988 0.023471 0.0147837 0.00900784 0.00315554 0.000888139 0.00291439 0.00214683 0.00393193 0.00274676 0.000635225 9.99891e-05 0 0
 0 0 0 0 0 0 0 0 0 0 0 0 0 0 0 0 0 0 0 0 0 0 0 0 0 0
 0 0 0 0 0 0 0 0 0 0 0 0 0 0 0 0 0 0 0 0 0 0 0 0 0 0
 0 0 0 0 0 0 0 0 0 0 0 0 0 0 0 0 0 0 0 0 0 0 0 0 0 0
 0 0 0 0 0 0 0 0 0 0 0 0 0 0 0 0 0 0 0 0 0 0 0 0 0 0
 0 0 0 0 0 0 0 0 0 0 0 0 0 0 0 0 0 0 0 0 0 0 0 0 0 0
 0 0 0 0 0 0 0 0 0 0 0 0 0 0 0 0 0 0 0 0 0 0 0 0 0 0
 0 0 0 0 0 0 0 0 0 0 0 0 0 0 0 0 0 0 0 0 0 0 0 0 0 0
ppred_pel_tallas
 1.13865e-16 3.85576e-05 0.000374793 0.00249064 0.0113221 0.0352272 0.0750557 0.109548 0.109559 0.0751096 0.0354097 0.0118568 0.00386178 0.00346361 0.0061843 0.01089 0.0173722 0.0253517 0.034435 0.0442279 0.0541928 0.0632916 0.0698488 0.0720173 0.0686845 0.060186
 1.2562e-16 3.65194e-05 0.000354982 0.00235898 0.0107236 0.0333653 0.0710892 0.103762 0.103788 0.0712163 0.0337925 0.0119592 0.00546687 0.00716184 0.0130335 0.0216838 0.0317247 0.0410204 0.0475205 0.0505396 0.0512577 0.05188 0.054058 0.0577816 0.0614635 0.0629612
 1.21209e-16 4.82247e-05 0.000468761 0.00311508 0.0141607 0.0440594 0.0938738 0.137015 0.137034 0.0939641 0.044363 0.0150398 0.00532949 0.00532866 0.00935542 0.0155974 0.0229635 0.0299633 0.0351423 0.0379358 0.0390157 0.0397492 0.0411904 0.0434 0.0455184 0.0463684
 1.07571e-16 6.44913e-05 0.000626878 0.00416583 0.0189373 0.0589209 0.125538 0.183229 0.183241 0.125599 0.0591278 0.0195355 0.00566979 0.00391789 0.00633844 0.0104407 0.01519 0.0194445 0.0221014 0.0226958 0.0216826 0.0201007 0.0188851 0.018363 0.0182397 0.0179451
 1.04927e-16 5.55746e-05 0.000540205 0.00358985 0.016319 0.0507745 0.108181 0.157899 0.157924 0.108303 0.0511828 0.0174986 0.0065514 0.00700713 0.0123431 0.0203332 0.0293241 0.0369631 0.0408954 0.0400518 0.0352868 0.0287891 0.02275 0.0183269 0.0155003 0.0136103
 1.03767e-16 6.24703e-05 0.000607233 0.00403528 0.0183438 0.0570745 0.121604 0.177488 0.177504 0.121682 0.0573383 0.0191065 0.00595256 0.00480209 0.00805689 0.013293 0.0193119 0.0246387 0.0278041 0.0281188 0.0260472 0.0228205 0.0196207 0.0169952 0.0148513 0.0128419
 1.06479e-16 4.14209e-05 0.000402626 0.00267559 0.0121629 0.0378434 0.0806308 0.117691 0.117728 0.0808112 0.0384491 0.013913 0.0070708 0.0100049 0.0183001 0.0302469 0.0437075 0.0552614 0.0614451 0.0606653 0.0541251 0.0449457 0.0362231 0.0295479 0.0248556 0.0212521
 1.13012e-16 3.82954e-05 0.000372245 0.0024737 0.0112451 0.0349878 0.0745462 0.108808 0.108835 0.0746784 0.0354326 0.0125331 0.00571938 0.00749954 0.0136977 0.0229078 0.0337538 0.0440388 0.0515122 0.0550993 0.0554092 0.0540277 0.0522236 0.0501791 0.0472401 0.0427415
 1.1689e-16 4.4785e-05 0.000435326 0.00289289 0.0131507 0.0409168 0.0871783 0.127244 0.127265 0.0872823 0.0412663 0.0141625 0.00544161 0.00602945 0.0107594 0.017958 0.0264437 0.0345033 0.0404407 0.0435526 0.0445149 0.044764 0.0453691 0.0463189 0.0466873 0.0453782
 1.11087e-16 5.76105e-05 0.000559995 0.00372136 0.0169168 0.0526345 0.112144 0.163681 0.163697 0.112223 0.0529018 0.01769 0.00566644 0.00481984 0.00818907 0.0135579 0.0197933 0.0254755 0.0292168 0.0304366 0.0297082 0.0283143 0.0273634 0.0271645 0.0272439 0.0268231
 1.04187e-16 6.67497e-05 0.000648831 0.00431171 0.0196004 0.0609843 0.129934 0.189645 0.189658 0.129998 0.0611984 0.0202193 0.0058663 0.0040464 0.00653107 0.010723 0.0155167 0.0196789 0.0220059 0.0219604 0.0199884 0.0171979 0.0146614 0.0128871 0.0117704 0.0109017
 1.02658e-16 6.19533e-05 0.000602208 0.00400189 0.018192 0.0566022 0.120598 0.17602 0.176039 0.120693 0.0569233 0.0191197 0.0063309 0.00568747 0.00972281 0.0159837 0.0230384 0.0290126 0.0320392 0.0312588 0.0273246 0.021946 0.0168518 0.0129826 0.0103782 0.00858938
 1.03245e-16 5.78358e-05 0.000562185 0.00373592 0.0169829 0.0528404 0.112583 0.164322 0.164344 0.11269 0.0532011 0.0180254 0.00635449 0.00628492 0.010945 0.0180512 0.0261105 0.033069 0.0368633 0.0365274 0.0327374 0.0272956 0.0219941 0.0177631 0.0146005 0.0120579
 1.04913e-16 5.35112e-05 0.000520148 0.00345657 0.0157131 0.0488893 0.104165 0.152036 0.152061 0.104283 0.0492871 0.0168629 0.00634622 0.00683915 0.0120865 0.0199805 0.0289741 0.0368486 0.0413683 0.0414904 0.0379455 0.0326552 0.0274855 0.0233343 0.0200944 0.0172238
 1.04644e-16 6.13168e-05 0.000596021 0.00396077 0.0180051 0.0560206 0.119358 0.174211 0.174227 0.119439 0.0562909 0.0187866 0.00592544 0.00489519 0.00825658 0.0136326 0.0198205 0.0253224 0.0286488 0.0291112 0.0271988 0.0241734 0.0212241 0.0188655 0.0169395 0.0150295
 1.00977e-16 7.68683e-05 0.000747187 0.00496532 0.0225716 0.0702287 0.14963 0.21839 0.218395 0.149654 0.0703088 0.0228029 0.00554622 0.00201641 0.0024907 0.00400484 0.00578275 0.00731695 0.00814731 0.00806467 0.00722867 0.00605076 0.00493701 0.00409277 0.00350383 0.00304679
 1.01974e-16 3.5913e-05 0.000349087 0.00231981 0.0105455 0.0328113 0.0699099 0.102046 0.102097 0.0701584 0.0336455 0.0129538 0.00836116 0.0135247 0.0250212 0.04121 0.0591301 0.0738713 0.0804532 0.07658 0.064034 0.0475261 0.0319626 0.0202295 0.0127544 0.00846894
 1.01836e-16 7.44095e-05 0.000723287 0.00480649 0.0218496 0.0679823 0.144844 0.211404 0.211409 0.144865 0.0680527 0.0220537 0.00532194 0.00185921 0.00226299 0.00370467 0.00551804 0.00733005 0.00880005 0.00974761 0.0102129 0.0103467 0.0102352 0.00982566 0.00900925 0.00776179
 1.02461e-16 5.19856e-05 0.000505319 0.00335802 0.0152651 0.0474955 0.101195 0.147705 0.147737 0.101353 0.0480245 0.0167924 0.00718955 0.00886215 0.0159015 0.0261501 0.0375359 0.046936 0.0512122 0.0489359 0.0412623 0.0311875 0.0217997 0.0148659 0.0105631 0.00811559
 1.05109e-16 5.21397e-05 0.000506816 0.00336797 0.0153103 0.0476363 0.101495 0.14814 0.148163 0.101607 0.0480138 0.0164026 0.00611587 0.00652607 0.0115439 0.0191579 0.0279545 0.0359032 0.0409377 0.0420538 0.039819 0.0358228 0.0315584 0.027669 0.0240125 0.0202309
 1.04748e-16 6.28531e-05 0.000610954 0.00406001 0.0184562 0.0574242 0.122349 0.178575 0.17859 0.122421 0.057668 0.0191612 0.0058326 0.00449021 0.00745895 0.0123076 0.0179037 0.0228985 0.0259608 0.0264851 0.0249261 0.0224243 0.0200351 0.0181815 0.0166644 0.0150529
 1.03319e-16 6.33258e-05 0.00061555 0.00409054 0.018595 0.0578561 0.123269 0.179919 0.179936 0.123354 0.0581394 0.0194135 0.00614594 0.0051053 0.00859855 0.0141373 0.0204127 0.0257854 0.02863 0.0282048 0.025085 0.0207519 0.0166776 0.0136226 0.0115556 0.0100363
 1.07235e-16 2.97151e-05 0.000288841 0.00191945 0.00872558 0.0271488 0.0578451 0.0844367 0.0844848 0.0580802 0.0279383 0.0110069 0.00764897 0.0128064 0.0238322 0.0394293 0.056976 0.0720249 0.080044 0.0789258 0.0702006 0.0579074 0.0460823 0.0368485 0.0302196 0.0251494
 1.0711e-16 6.29255e-05 0.000611658 0.00406468 0.0184775 0.0574903 0.122489 0.178779 0.178787 0.122532 0.0576337 0.0188937 0.00511772 0.00293753 0.00455982 0.00764737 0.0114991 0.0154867 0.0189922 0.0217062 0.0237237 0.0252908 0.0264364 0.0268425 0.0260627 0.023875
 1.06477e-16 5.41687e-05 0.000526539 0.00349904 0.0159061 0.04949 0.105445 0.153905 0.15393 0.105569 0.0499093 0.0171172 0.00653913 0.00716375 0.0126621 0.0208564 0.030067 0.0378852 0.041913 0.041094 0.036366 0.0300337 0.0243674 0.0205043 0.0182971 0.0168993
 1.09596e-16 3.8866e-05 0.000377791 0.00251056 0.0114127 0.0355092 0.0756573 0.110431 0.110466 0.0758249 0.0360723 0.013041 0.00660449 0.00933674 0.0171178 0.0284058 0.0413098 0.0527747 0.05969 0.0605995 0.0564976 0.0499983 0.0435924 0.0384035 0.0341838 0.0301441
 1.0731e-16 6.20566e-05 0.000603213 0.00400856 0.0182223 0.0566965 0.120798 0.176311 0.176323 0.120856 0.0568887 0.0187789 0.00541138 0.00368483 0.00597151 0.00992401 0.0146445 0.0191678 0.0225482 0.0243555 0.0248816 0.0248172 0.0246762 0.0244549 0.0237528 0.0221613
 1.05263e-16 5.87951e-05 0.00057151 0.00379788 0.0172646 0.0537168 0.11445 0.167048 0.167069 0.114553 0.0540629 0.0182645 0.00630831 0.00605402 0.010478 0.0172489 0.024892 0.0314176 0.0348498 0.0343073 0.0305363 0.0253972 0.0207235 0.0174361 0.0154316 0.0140622
 1.09073e-16 3.25762e-05 0.000316652 0.00210427 0.00956573 0.0297628 0.0634143 0.0925638 0.0926062 0.0636214 0.0304587 0.0115771 0.00715815 0.0113662 0.0210674 0.0349072 0.050587 0.064255 0.0719869 0.0719551 0.0654607 0.0559219 0.0466842 0.0393996 0.0339262 0.029301
 1.16717e-16 3.8433e-05 0.000373582 0.00248259 0.0112855 0.0351135 0.0748137 0.109197 0.109219 0.0749184 0.0354659 0.0123077 0.00506456 0.00606382 0.0110037 0.018547 0.0276932 0.0368906 0.0445485 0.0499119 0.0533586 0.055782 0.0576118 0.0583604 0.0570283 0.0529203
 1.06808e-16 6.92468e-05 0.000673104 0.00447301 0.0203337 0.0632656 0.134794 0.196738 0.196745 0.134831 0.063388 0.0206878 0.00536447 0.00262806 0.00380892 0.0062599 0.0091875 0.0119412 0.0139243 0.014908 0.0151696 0.0152685 0.0156302 0.0162685 0.0168222 0.0168199
pSPR Fmed_Fpbrs
0.690734   0.201691 0.201691
Fs Fmed_Fpbrs
0.191711   1.005 1.005
SSBpbr Bo_Bmed_Bpbrs
2.12712e+06  1.36292e+06  322666 322666
Ro
203758
SPR SPRFo_SPRFmed_SPRFpbrs
1.45645e+06 1.00602e+06 293753
Fref
1.005
Nvult_r0
 237010 21116.1 9312.56 9739.56 3681.29
CTP_r0
 28284.5 2915.27 1285.69 1344.64 508.236
YTP_r0
391301
Np
 271989 112180 9639.91 4251.37 5839.92
Nvult_p0
 229234 97074 8341.79 3678.88 5053.52
CTP_p0
 105341 48658 4181.3 1844.03 2533.06
YTP_p0
 1.81481e+06
CBA_c0
818354
log_Ro
12.0447
likeval ReclasPelacesDesembMPH_pf_preclas_ppelaces_ptallas_desvR_qrecl_qpela
 16.3141 17.5068 0.10309 0.00311217 241.455 119.792 98.3314 0 21.8856 4.03592e-06 0 0.525049 0 0 0
q_reclas_q_pelaces
0.752257 1
M
1
N
 221670 48774.1 182632 10092.9 0.330157
 126649 74420.2 16104.4 60301.9 3332.61
 125626 39504.3 22526.4 4874.66 19261.6
 241920 39391.6 12032.1 6861 7351.34
 193751 70879.3 11072.8 3382.17 3995.04
 312717 66196.1 23892.5 3732.52 2486.77
 131733 99333.9 20472.7 7389.32 1923.46
 62231 35428.3 25234.4 5200.8 2365.78
 55688.6 21803.5 12303.1 8763.07 2627.62
 71613.2 16902.4 6390.06 3605.73 3338.33
 128454 20459.3 4611.7 1743.49 1894.64
 165396 44234.2 6961.09 1569.09 1237.84
 139556 44679.9 11296.3 1777.69 716.82
 98281.3 38486.8 11692.3 2956.14 652.789
 99998.2 22655.1 8148.17 2475.41 764.058
 503254 26878.9 5751.51 2068.6 822.414
 118870 140029 7108.36 1521.04 764.554
 778273 36518.8 41631.2 2113.35 679.518
 455605 238188 10808.4 12321.5 826.598
 349863 128425 63964 2902.52 3530.84
 519446 101503 35683 17772.4 1787.51
 699916 159476 30153.4 10600.4 5810.67
 153588 204792 44757.3 8462.64 4605.8
 443636 49426.2 64318.4 14056.8 4104.37
 374733 145436 15866.9 20647.6 5830.13
 170197 122603 46578.1 5081.61 8479.91
 371620 56958.9 40330.4 15322 4461.09
 413445 121652 18254 12924.9 6339.99
 129181 137481 39715.3 5959.31 6289.35
 95560 43181.5 45161.4 13046.2 4023.6
 349190 30756 13563.9 14185.9 5361.87
pred_Ctot
 12339.2 3187.28 11934.6 659.548 0.021575
 12343 8469.51 1832.78 6862.75 379.273
 11879 4363.69 2488.29 538.461 2127.66
 31714.7 6003.95 1833.89 1045.73 1120.47
 8783.53 3777.06 590.056 180.231 212.89
 27316.6 6761.12 2440.33 381.231 253.993
 22972.5 20023.3 4126.8 1489.51 387.722
 1880.45 1260.74 897.982 185.074 84.1879
 6256.28 2854.87 1610.92 1147.41 344.052
 10323.6 2827.99 1069.14 603.286 558.547
 5220.04 977.862 220.418 83.3308 90.5553
 28483.1 8807.92 1386.09 312.437 246.479
 22608.7 8380.92 2118.93 333.454 134.459
 24090.4 10797.1 3280.17 829.317 183.134
 17464.9 4573.5 1644.91 499.725 154.244
 79288.7 4906.25 1049.83 377.585 150.116
 12573.9 17278.2 877.104 187.682 94.3386
 83938.3 4593.14 5236.15 265.806 85.4661
 68800.9 41708.2 1892.61 2157.57 144.742
 47658 20325.4 10123.3 459.371 558.812
 55135.2 12566.9 4417.86 2200.38 221.309
 92245.9 24434.3 4620.01 1624.15 890.291
 12291.9 19181.9 4192.2 792.656 431.403
 30820.6 4024.1 5236.57 1144.45 334.163
 26462.4 12034.1 1312.91 1708.49 482.415
 9788.66 8276.05 3144.16 343.024 572.419
 26124.2 4692 3322.22 1262.15 367.482
 25324.5 8741.56 1311.68 928.749 455.574
 7518.86 9390.91 2712.83 407.063 429.607
 7640.98 4041.02 4226.31 1220.89 376.537
 28284.5 2915.27 1285.69 1344.64 508.236
F
 0.0914621 0.108108 0.108108 0.108108 0.108108
 0.16501 0.195041 0.195041 0.195041 0.195041
 0.159759 0.188834 0.188834 0.188834 0.188834
 0.22763 0.269057 0.269057 0.269057 0.269057
 0.0739532 0.0874123 0.0874123 0.0874123 0.0874123
 0.146811 0.17353 0.17353 0.17353 0.17353
 0.313266 0.370279 0.370279 0.370279 0.370279
 0.0487832 0.0576615 0.0576615 0.0576615 0.0576615
 0.192323 0.227325 0.227325 0.227325 0.227325
 0.252841 0.298857 0.298857 0.298857 0.298857
 0.0660763 0.0781018 0.0781018 0.0781018 0.0781018
 0.308817 0.36502 0.36502 0.36502 0.36502
 0.288152 0.340595 0.340595 0.340595 0.340595
 0.467449 0.552522 0.552522 0.552522 0.552522
 0.31381 0.370922 0.370922 0.370922 0.370922
 0.279248 0.33007 0.33007 0.33007 0.33007
 0.180202 0.212997 0.212997 0.212997 0.212997
 0.184016 0.217506 0.217506 0.217506 0.217506
 0.266279 0.314741 0.314741 0.314741 0.314741
 0.237456 0.280672 0.280672 0.280672 0.280672
 0.180869 0.213787 0.213787 0.213787 0.213787
 0.228967 0.270638 0.270638 0.270638 0.270638
 0.133797 0.158147 0.158147 0.158147 0.158147
 0.115269 0.136247 0.136247 0.136247 0.136247
 0.117263 0.138604 0.138604 0.138604 0.138604
 0.0946232 0.111844 0.111844 0.111844 0.111844
 0.116707 0.137947 0.137947 0.137947 0.137947
 0.101039 0.119428 0.119428 0.119428 0.119428
 0.095805 0.113241 0.113241 0.113241 0.113241
 0.13367 0.157997 0.157997 0.157997 0.157997
 0.13551 0.160173 0.160173 0.160173 0.160173
YTP_r0W_actual
 240418 47518.9 37156.3 46793.4 19414.6
YTP_p0W_proyectada
 792162 784367 97758.7 54398.8 86124
CTP_r0_actual
 28284.5 2915.27 1285.69 1344.64 508.236
CTP_p0_proyectada
 105341 48658 4181.3 1844.03 2533.06
Wmedp
 7.52 16.12 23.38 29.5 34
Frms_r0
 0.13551 0.160173 0.160173 0.160173 0.160173
Zrms_r0
 1.13551 1.16017 1.16017 1.16017 1.16017
nmprior
 8.19 8.8 8.5 0
nm_flota  nm_reclas  nm_pelaces    nm_pelaL
inf 11.6882 17.597 41.5977
cv_recla  cv_pelaces  cv_mph
0.365348 0.474434 1.72162
 ------------------------------------------------
Talla a la edad & desviaci?n 
 8 13.2811 15.8009 17.003 17.5766
 0.8 1.32811 1.58009 1.7003 1.75766
