years
 1991 1992 1993 1994 1995 1996 1997 1998 1999 2000 2001 2002 2003 2004 2005 2006 2007 2008 2009 2010 2011 2012 2013 2014 2015 2016 2017 2018 2019 2020 2021
reclasobs
 0 0 0 0 0 0 0 0 0 252601 567819 844713 477998 351125 339783 2.1784e+06 2.13404e+06 4.81314e+06 1.55562e+06 2.62356e+06 3.21686e+06 3.843e+06 1.13348e+06 3.07943e+06 1.97215e+06 2.03268e+06 2.025e+06 2.42433e+06 2.27542e+06 1.05018e+06 2.36338e+06
reclaspred
 2.78055e+06 1.48299e+06 718745 405272 216562 1.34214e+06 587518 357705 260181 213356 395747 610054 594742 414208 363960 1.62414e+06 1.29217e+06 3.67394e+06 2.97543e+06 1.97147e+06 3.62926e+06 3.0121e+06 2.0534e+06 3.36794e+06 2.36598e+06 1.905e+06 2.58564e+06 3.15424e+06 2.4162e+06 1.22024e+06 1.76808e+06
pelacesobs
 0 0 0 0 0 0 0 0 0 0 0 0 0 0 0 552880 188675 0 991730 2.46772e+06 1.41603e+06 1.21717e+06 2.29649e+06 1.80582e+06 0 1.4828e+06 1.56532e+06 1.57751e+06 1.42118e+06 867257 1.10002e+06
pelacespred
 829447 463653 212518 86732.4 51767.8 397609 129197 116059 65842.8 52257.8 118122 151411 164822 113337 101875 420220 336176 1.15012e+06 927427 565004 1.05235e+06 897565 620570 1.14658e+06 761346 613829 962195 1.14762e+06 728531 421422 585393
mphobs
 0 0 0 0 0 0 0 0 0 0 0 498337 0 5186 125008 0 168611 109162 213762 579715 649985 157893 87575 83554 0 0 0 0 0 0 0
mphpred
 1.70472e+06 1.00082e+06 470941 233341 103385 74483.2 463311 165563 107686 59844.7 52367.1 172082 202034 156284 83482.1 100188 697810 516136 1.39456e+06 989448 930540 1.24463e+06 1.19934e+06 836095 1.26425e+06 963929 715666 900220 1.47207e+06 886635 420429
desembarqueobs
 494567 514787 250237 358949 120608 361735 552515 73892 212993 205616 52469 317467 293654 387597 252695 516296 358380 742168 942051 627588 828172 859565 418607 520667 417249 300574 415391 372974 316634 284311 391294
desembarquepred
 494529 514781 249752 358912 120586 361609 552092 73885.4 212904 205533 52466.6 317371 293537 387261 252547 516057 358333 741851 941272 627064 828000 859190 418506 520592 417143 300489 415285 372873 316553 284225 391208
Reclutas
 107364 103988 79167.1 50772.5 31979.2 258902 44151.5 13988.7 27740 49494 72067.3 121744 95616.6 67686.8 54852.7 416607 44470.6 651596 340264 228672 395836 515738 62501 292669 213696 85005.1 256420 311136 54642.5 33490.1 194058
log_desv_Rt
 -0.021667 -0.0536153 -0.326333 -0.77054 -1.23281 0.858555 -0.910269 -2.05965 -1.37502 -0.796044 -0.420294 0.104022 -0.137548 -0.483004 -0.693244 1.33425 -0.903067 1.78153 1.13183 0.734396 1.28311 1.5477 -0.562712 0.981149 0.666662 -0.255183 0.848922 1.04234 -0.697082 -1.18664 0.570264
SSB
 1.70472e+06 1.00082e+06 470941 233341 103385 74483.2 463311 165563 107686 59844.7 52367.1 172082 202034 156284 83482.1 100188 697810 516136 1.39456e+06 989448 930540 1.24463e+06 1.19934e+06 836095 1.26425e+06 963929 715666 900220 1.47207e+06 886635 420429
BT
 2.34433e+06 1.57711e+06 727237 493075 219454 1.23485e+06 778292 334826 356725 313802 316381 610614 643845 660639 487394 1.38048e+06 1.05633e+06 3.31766e+06 3.0352e+06 1.87846e+06 3.10407e+06 2.86803e+06 1.79569e+06 3.13468e+06 2.15033e+06 1.68689e+06 2.65028e+06 3.02353e+06 1.94444e+06 1.2628e+06 1.73108e+06
Ftot
 0.26541 0.520042 0.525762 1.29027 0.888316 0.576744 1.2845 0.331175 1.37245 1.66697 0.275685 0.926164 0.855239 1.56338 1.29373 0.678367 0.420311 0.407859 0.52698 0.525105 0.408426 0.497316 0.307879 0.290355 0.288413 0.251579 0.302615 0.226627 0.193689 0.342385 0.425981
BD_Bspro_t
 0.958716 0.723717 0.496139 0.355875 0.190782 0.187936 0.474685 0.213787 0.19749 0.146989 0.165137 0.466219 0.373614 0.279168 0.168094 0.200638 0.510081 0.425346 0.600768 0.486325 0.428948 0.498153 0.519157 0.471191 0.603571 0.597066 0.584109 0.660789 0.741306 0.638949 0.504279
BD_Bspro
 2.17372 1.27616 0.600505 0.297538 0.131828 0.0949748 0.590776 0.211113 0.137313 0.076309 0.0667742 0.219425 0.257617 0.199281 0.106449 0.127752 0.88979 0.658134 1.77823 1.26166 1.18655 1.58705 1.52929 1.06612 1.61207 1.22912 0.912558 1.14789 1.87706 1.13056 0.536096
BD_Bo
 1.09502 0.64287 0.302506 0.149885 0.0664089 0.0478438 0.297605 0.106349 0.0691717 0.0384409 0.0336377 0.110536 0.129775 0.100388 0.0536242 0.0643555 0.448234 0.331537 0.89579 0.635566 0.597727 0.799483 0.770386 0.537061 0.812087 0.619174 0.459704 0.578251 0.945575 0.569525 0.27006
BD_Brms
 5.22193 3.06572 1.44259 0.714774 0.316691 0.228158 1.41922 0.507156 0.329866 0.183317 0.160412 0.527124 0.618873 0.478732 0.255723 0.306899 2.13754 1.58103 4.27185 3.03089 2.85044 3.81258 3.67382 2.56114 3.87268 2.95272 2.19224 2.75757 4.50926 2.71595 1.28786
Sel_flota
 0.606781 0.967018 0.998208 0.999906 0.999995
 0.606781 0.967018 0.998208 0.999906 0.999995
 0.606781 0.967018 0.998208 0.999906 0.999995
 0.606781 0.967018 0.998208 0.999906 0.999995
 0.606781 0.967018 0.998208 0.999906 0.999995
 0.606781 0.967018 0.998208 0.999906 0.999995
 0.606781 0.967018 0.998208 0.999906 0.999995
 0.606781 0.967018 0.998208 0.999906 0.999995
 0.606781 0.967018 0.998208 0.999906 0.999995
 0.606781 0.967018 0.998208 0.999906 0.999995
 0.606781 0.967018 0.998208 0.999906 0.999995
 0.606781 0.967018 0.998208 0.999906 0.999995
 0.606781 0.967018 0.998208 0.999906 0.999995
 0.606781 0.967018 0.998208 0.999906 0.999995
 0.606781 0.967018 0.998208 0.999906 0.999995
 0.606781 0.967018 0.998208 0.999906 0.999995
 0.606781 0.967018 0.998208 0.999906 0.999995
 0.606781 0.967018 0.998208 0.999906 0.999995
 0.606781 0.967018 0.998208 0.999906 0.999995
 0.606781 0.967018 0.998208 0.999906 0.999995
 0.606781 0.967018 0.998208 0.999906 0.999995
 0.606781 0.967018 0.998208 0.999906 0.999995
 0.606781 0.967018 0.998208 0.999906 0.999995
 0.606781 0.967018 0.998208 0.999906 0.999995
 0.606781 0.967018 0.998208 0.999906 0.999995
 0.606781 0.967018 0.998208 0.999906 0.999995
 0.606781 0.967018 0.998208 0.999906 0.999995
 0.606781 0.967018 0.998208 0.999906 0.999995
 0.606781 0.967018 0.998208 0.999906 0.999995
 0.606781 0.967018 0.998208 0.999906 0.999995
 0.606781 0.967018 0.998208 0.999906 0.999995
Sel_reclas
 1 1 1 1 1
 1 1 1 1 1
 1 1 1 1 1
 1 1 1 1 1
 1 1 1 1 1
 1 1 1 1 1
 1 1 1 1 1
 1 1 1 1 1
 1 1 1 1 1
 1 1 1 1 1
 1 1 1 1 1
 1 1 1 1 1
 1 1 1 1 1
 1 1 1 1 1
 1 1 1 1 1
 1 1 1 1 1
 1 1 1 1 1
 1 1 1 1 1
 1 1 1 1 1
 1 1 1 1 1
 1 1 1 1 1
 1 1 1 1 1
 1 1 1 1 1
 1 1 1 1 1
 1 1 1 1 1
 1 1 1 1 1
 1 1 1 1 1
 1 1 1 1 1
 1 1 1 1 1
 1 1 1 1 1
 1 1 1 1 1
Sel_pelaces
 1 1 1 1 1
 1 1 1 1 1
 1 1 1 1 1
 1 1 1 1 1
 1 1 1 1 1
 1 1 1 1 1
 1 1 1 1 1
 1 1 1 1 1
 1 1 1 1 1
 1 1 1 1 1
 1 1 1 1 1
 1 1 1 1 1
 1 1 1 1 1
 1 1 1 1 1
 1 1 1 1 1
 1 1 1 1 1
 1 1 1 1 1
 1 1 1 1 1
 1 1 1 1 1
 1 1 1 1 1
 1 1 1 1 1
 1 1 1 1 1
 1 1 1 1 1
 1 1 1 1 1
 1 1 1 1 1
 1 1 1 1 1
 1 1 1 1 1
 1 1 1 1 1
 1 1 1 1 1
 1 1 1 1 1
 1 1 1 1 1
pf_obs 
 0.8446 0.082 0.0669 0.0065 0
 0.8095 0.147 0.0364 0.0071 0
 0.9664 0.0169 0.016 0.0007 0
 0.9276 0.0648 0.0075 0.0001 0
 0.7033 0.2144 0.0806 0.0017 0
 0.9318 0.0425 0.0243 0.0014 0
 0.5671 0.3108 0.0964 0.0239 0.0018
 0.0768 0.2599 0.5324 0.112 0.0189
 0.490249 0.384438 0.106611 0.0170017 0.00170017
 0.7925 0.1577 0.0466 0.003 0.0002
 0.840416 0.127587 0.0312969 0.00059994 9.999e-05
 0.8084 0.0986 0.0794 0.0134 0.0002
 0.7335 0.1905 0.0724 0.0035 0.0001
 0.4001 0.4547 0.1325 0.0127 0
 0.49795 0.308269 0.164784 0.0264974 0.00249975
 0.9179 0.0499 0.0305 0.0017 0
 0.2467 0.6533 0.0926 0.0074 0
 0.9418 0.0223 0.034 0.0019 0
 0.707729 0.231977 0.0356964 0.0245975 0
 0.517169 0.277429 0.184464 0.0207286 0.00020938
 0.811772 0.124168 0.05621 0.00726502 0.000585176
 0.764997 0.148141 0.077277 0.00933861 0.000247198
 0.163321 0.427699 0.378323 0.0303852 0.000271297
 0.753843 0.0900009 0.118128 0.0371064 0.000921714
 0.721811 0.176058 0.0630433 0.0369309 0.00215725
 0.143369 0.312575 0.442814 0.0836902 0.0175525
 0.692698 0.0596174 0.167031 0.0765114 0.00414204
 0.394062 0.376323 0.152708 0.0712218 0.00568511
 0.125707 0.32114 0.495352 0.0537591 0.00404204
 0.23352 0.215282 0.420074 0.123614 0.00750983
 0.774587 0.0839891 0.0768558 0.0609784 0.00358967
pf_pred 
 0.371406 0.213968 0.372559 0.0420657 9.8589e-07
 0.509912 0.244404 0.0856013 0.143869 0.0162138
 0.554286 0.289396 0.0795913 0.026771 0.049955
 0.548774 0.310973 0.0923996 0.0243925 0.0234609
 0.656576 0.248563 0.0665572 0.018667 0.00963666
 0.952759 0.037169 0.00738786 0.00188485 0.000799411
 0.320052 0.661661 0.0145168 0.00276672 0.00100294
 0.380712 0.308161 0.303218 0.00628224 0.00162623
 0.714865 0.14626 0.0703929 0.0667439 0.0017373
 0.878223 0.103375 0.00972229 0.00440671 0.00427314
 0.870308 0.122466 0.00619605 0.000545227 0.000484972
 0.779114 0.202675 0.0172307 0.000841132 0.000139577
 0.696493 0.26473 0.0357219 0.00289074 0.000164089
 0.665375 0.272634 0.0543988 0.00699586 0.000596713
 0.774688 0.185039 0.0331988 0.00621049 0.000863783
 0.964801 0.0309801 0.00350042 0.000592819 0.000125927
 0.222313 0.762374 0.0135481 0.00146531 0.000300161
 0.917931 0.0268642 0.0541578 0.000926209 0.000120445
 0.538659 0.438824 0.00756149 0.0146727 0.000282981
 0.53264 0.313736 0.146421 0.00242262 0.00478119
 0.741865 0.172442 0.0582876 0.0261232 0.00128235
 0.717394 0.235051 0.0321748 0.0104681 0.00491177
 0.192412 0.658579 0.124769 0.0164115 0.00782777
 0.740531 0.0737653 0.152444 0.027858 0.0054014
 0.561952 0.362922 0.0219134 0.0436976 0.00951529
 0.363164 0.43323 0.169745 0.00989031 0.0239705
 0.752411 0.120185 0.0876426 0.0331594 0.00660178
 0.682546 0.265565 0.0256617 0.0180532 0.00817432
 0.215838 0.610422 0.146172 0.0136469 0.0139216
 0.276462 0.2239 0.391854 0.090708 0.0170758
 0.836455 0.0647426 0.0313664 0.052911 0.0145247
pobs_RECLAS
 0 0 0 0 0
 0 0 0 0 0
 0 0 0 0 0
 0 0 0 0 0
 0 0 0 0 0
 0 0 0 0 0
 0 0 0 0 0
 0 0 0 0 0
 0 0 0 0 0
 0 0 0 0 0
 0.991045 0.00858322 0.000360255 1.14367e-05 0
 0.934742 0.0480273 0.0164251 0.00080598 0
 0.827803 0.169806 0.00239088 0 0
 0.941827 0.0461693 0.0120037 0 0
 0.791401 0.0380133 0.147996 0.0225897 0
 0.846168 0.0940531 0.0597789 0 0
 0.134021 0.677848 0.182769 0.00536245 0
 0.80878 0.0450904 0.141981 0.00414843 0
 0.846168 0.0940531 0.0597789 0 0
 0.905697 0.0802665 0.012482 0.00150086 5.37128e-05
 0.989698 0.0102097 9.19794e-05 0 0
 0.975433 0.0193895 0.00387452 0.00125025 5.28907e-05
 0.303575 0.632131 0.0575291 0.00676475 0
 0.966965 0.00978017 0.0227588 0.000495775 0
 0.843318 0.132988 0.00938335 0.0141283 0.000182051
 0.564624 0.303363 0.111486 0.0197234 0.00080311
 0.826376 0.0876187 0.0782897 0.00655872 0.00115652
 0.89761 0.0855135 0.0140674 0.00269457 0.000114338
 0.34875 0.467042 0.161289 0.0227151 0.000203297
 0.318654 0.224769 0.449479 0.00709798 0
 0.937255 0.0296025 0.0250945 0.00804832 0
ppred_RECLAS
 0.49269 0.176436 0.297357 0.0335161 7.85442e-07
 0.632823 0.186312 0.0630916 0.105846 0.0119275
 0.672094 0.21548 0.057296 0.0192371 0.0358931
 0.678539 0.224242 0.0640953 0.0168853 0.0162386
 0.762657 0.173498 0.0448218 0.0125468 0.00647652
 0.970737 0.0231918 0.00445558 0.00113467 0.000481197
 0.446769 0.538909 0.0113745 0.00216333 0.000784123
 0.502032 0.251887 0.239837 0.00496033 0.00128392
 0.815285 0.0966171 0.044702 0.0422949 0.00110079
 0.92788 0.0616147 0.00555622 0.00251271 0.00243626
 0.915395 0.0800349 0.00391929 0.000344279 0.000306203
 0.855116 0.133329 0.0109335 0.000532693 8.8386e-05
 0.792861 0.181489 0.0236325 0.00190877 0.000108338
 0.778636 0.181719 0.0347988 0.00446535 0.000380828
 0.855868 0.119188 0.0205703 0.00384008 0.000534036
 0.978356 0.0191285 0.0020879 0.000352946 7.49659e-05
 0.316646 0.670332 0.0115229 0.00124406 0.000254816
 0.948756 0.017151 0.0334475 0.000571006 7.42472e-05
 0.655733 0.328014 0.00546453 0.0105845 0.000204115
 0.652343 0.23596 0.106469 0.00175842 0.00347001
 0.824705 0.118407 0.0387165 0.0173211 0.000850187
 0.805874 0.162378 0.0214926 0.00698005 0.00327482
 0.278653 0.5918 0.108505 0.0142471 0.00679479
 0.824732 0.0510131 0.102033 0.0186133 0.0036086
 0.675077 0.270747 0.0158222 0.0314959 0.00685771
 0.480913 0.356813 0.135328 0.00787124 0.0190753
 0.832789 0.0825591 0.0582654 0.022006 0.00438082
 0.776391 0.188067 0.0175929 0.0123552 0.00559382
 0.307816 0.54268 0.125817 0.0117261 0.0119611
 0.386878 0.19412 0.32874 0.075964 0.0142989
 0.894298 0.0427193 0.0200194 0.03371 0.00925296
pobs_PELACES
 0 0 0 0 0
 0 0 0 0 0
 0 0 0 0 0
 0 0 0 0 0
 0 0 0 0 0
 0 0 0 0 0
 0 0 0 0 0
 0 0 0 0 0
 0 0 0 0 0
 0 0 0 0 0
 0 0 0 0 0
 0 0 0 0 0
 0 0 0 0 0
 0 0 0 0 0
 0 0 0 0 0
 0 0 0 0 0
 0.505614 0.472636 0.0217494 0 0
 0 0 0 0 0
 0.443492 0.261883 0.143347 0.151278 0
 0.227955 0.32914 0.350689 0.0885471 0.00366901
 0.970185 0.0296113 0.000203453 0 0
 0.997202 0.00247181 0.000326279 0 0
 0.445219 0.490057 0.0546422 0.010081 0
 0.90214 0.0892962 0.00764917 0.000914606 0
 0 0 0 0 0
 0.581667 0.319106 0.0959925 0.00289975 0.000334073
 0.762889 0.0836404 0.116647 0.0363945 0.000428098
 0.88444 0.0763242 0.0277011 0.0115352 0
 0.521256 0.241999 0.230069 0.00667565 0
 0.616807 0.101726 0.260614 0.0208532 0
 0.833518 0.0704572 0.0857862 0.0102388 0
ppred_PELACES
 0.501025 0.173848 0.292197 0.0329296 7.7169e-07
 0.647689 0.179257 0.0603785 0.101265 0.0114111
 0.686128 0.206651 0.0546518 0.0183439 0.034226
 0.711878 0.201806 0.0569214 0.0149845 0.0144101
 0.781665 0.160001 0.0409588 0.0114597 0.00591524
 0.972656 0.0216978 0.00414388 0.00105495 0.000447382
 0.484832 0.502004 0.0104564 0.00198729 0.000720286
 0.512293 0.247113 0.23449 0.00484886 0.00125506
 0.839535 0.0845136 0.0385535 0.0364495 0.000948613
 0.940211 0.0512101 0.00453941 0.00205096 0.00198846
 0.917911 0.0776673 0.00379257 0.000333096 0.000296255
 0.868318 0.121273 0.00985044 0.000479677 7.95873e-05
 0.809231 0.167329 0.0215977 0.00174359 9.89604e-05
 0.809454 0.156872 0.0295611 0.00378992 0.000323209
 0.874077 0.104371 0.0177749 0.00331583 0.000461112
 0.980015 0.0176764 0.00191598 0.000323761 6.87655e-05
 0.327574 0.659667 0.0112907 0.0012187 0.000249617
 0.951193 0.0163812 0.0318125 0.000542969 7.06007e-05
 0.669793 0.314701 0.00521439 0.010097 0.000194711
 0.666748 0.226576 0.101684 0.00167889 0.00331303
 0.831808 0.113767 0.0370432 0.0165687 0.000813247
 0.815084 0.154806 0.0203857 0.00661872 0.00310525
 0.286187 0.585956 0.107093 0.0140594 0.00670518
 0.829967 0.0495952 0.0989014 0.018039 0.00349723
 0.682664 0.264561 0.0154149 0.0306802 0.00668004
 0.488586 0.351826 0.133091 0.00774005 0.0187572
 0.837956 0.0801361 0.0563795 0.0212901 0.00423826
 0.781098 0.184178 0.0171889 0.01207 0.00546465
 0.312837 0.538978 0.124709 0.0116217 0.0118544
 0.397158 0.19133 0.322876 0.0745947 0.014041
 0.899236 0.0408341 0.0190523 0.0320738 0.00880372
pobs_pel_tallas
 0 0 0 0 0 0 0 0 0 0 0 0 0 0 0 0 0 0 0 0 0 0 0 0 0 0
 0 0 0 0 0 0 0 0 0 0 0 0 0 0 0 0 0 0 0 0 0 0 0 0 0 0
 0 0 0 0 0 0 0 0 0 0 0 0 0 0 0 0 0 0 0 0 0 0 0 0 0 0
 0 0 0 0 0 0 0 0 0 0 0 0 0 0 0 0 0 0 0 0 0 0 0 0 0 0
 0 0 0 0 0 0 0 0 0 0 0 0 0 0 0 0 0 0 0 0 0 0 0 0 0 0
 0 0 0 0 0 0 0 0 0 0 0 0 0 0 0 0 0 0 0 0 0 0 0 0 0 0
 0 0 0 0 0 0 0 0 0 0 0 0 0 0 0 0 0 0 0 0 0 0 0 0 0 0
 0 0 0 0 0 0 0 0 0 0 0 0 0 0 0 0 0 0 0 0 0 0 0 0 0 0
 0 0 0 0 0 0 0 0 0 0 0 0 0 0 0 0 0 0 0 0 0 0 0 0 0 0
 0 0 0 0 0 0 0 0 0 0 0 0 0 0 0 0 0 0 0 0 0 0 0 0 0 0
 0 0 0 0 0 0 0 0 0 0 0 0 0 0 0 0 0 0 0 0 0 0 0 0 0 0
 0 0 0 0 0 0 0 0 0 0 0 0 0 0 0 0 0 0 0 0 0 0 0 0 0 0
 0.00862536 0 0 0.000197151 0.00414017 0.0128641 0.00837892 0.0270097 0.101434 0.158115 0.152841 0.127902 0.109271 0.109419 0.0830992 0.0579132 0.0238553 0.00714673 0.00463305 0.00128148 0.00103504 0.000492878 0.000147863 0.000147863 4.92878e-05 0
 0 0 0 0 0 0 0 0 0 0 0 0 0 0 0 0 0 0 0 0 0 0 0 0 0 0
 0 0 0 0 0 0 0 0.0054083 0.00873648 0.0413646 0.0450493 0.0745869 0.0622846 0.0627006 0.0613931 0.0827291 0.12552 0.122667 0.0946155 0.0697135 0.0546179 0.0294188 0.0215738 0.0213955 0.0102223 0.00600262
 0 0 0 0 0.00359764 0.0251062 0.0480494 0.140153 0.205849 0.193036 0.1447 0.116669 0.0760912 0.0342217 0.00950174 0.001854 0.000860785 0 0 0 0.000165536 0 0.000143464 0 0 0
 0 0 0 0 0 0 0 0.000145254 0.000435761 0.0275982 0.070085 0.0708112 0.156366 0.174668 0.174014 0.160142 0.0824315 0.0480064 0.0283245 0.00493863 0.00203355 0 0 0 0 0
 0 0 0 0 0 0 0 0 0 0 0 0 0 0 0 0 0 0 0 0 0 0 0 0 0 0
 0 0 1.00437e-05 0.000401748 0.00122533 0.00171747 0.00176769 0.0269171 0.070346 0.194647 0.189555 0.159765 0.064822 0.0314167 0.0384472 0.0292271 0.0345202 0.0313363 0.0194345 0.0106764 0.0143323 0.0359363 0.0279516 0.0138201 0.00172751 0
 0 0.0021121 0.0136068 0.0755702 0.200478 0.177729 0.0527432 0.0373336 0.0318909 0.0142505 0.0149659 0.0166563 0.0217959 0.0798694 0.0677717 0.0528807 0.04013 0.0224614 0.0357745 0.0225083 0.00881397 0.00855152 0.00135912 0.000746735 0 0
 0 0 0 0 5.4009e-05 0.00500934 0.000945158 0.0243581 0.138947 0.33067 0.221406 0.137944 0.0707744 0.0437923 0.0131692 0.00525238 0.0047753 0.00276346 9.45158e-05 9.00151e-06 2.25038e-05 9.00151e-06 4.50075e-06 0 0 0
 0.000866109 0.00284123 0.00948549 0.0512746 0.133035 0.25785 0.225252 0.132002 0.0553304 0.0519788 0.0540692 0.017754 0.00435017 0.00159236 0.00146478 0.000404838 0.000125132 0.000115318 0.000107957 0.000100596 0 0 0 0 0 0
 0 0 0 0 0.00144013 0.00171154 0.00461396 0.0210425 0.0478622 0.0707936 0.0888783 0.103762 0.0637923 0.0337046 0.0602308 0.124433 0.169614 0.0934646 0.0462172 0.0250306 0.0313229 0.00938855 0.002487 0.000210481 0 0
 0 0.00764035 0.051015 0.0998891 0.058973 0.0496711 0.0374665 0.0718981 0.12319 0.153886 0.159021 0.0857701 0.0377988 0.023471 0.0147837 0.00900784 0.00315554 0.000888139 0.00291439 0.00214683 0.00393193 0.00274676 0.000635225 9.99891e-05 0 0
 0 0 0 0 0 0 0 0 0 0 0 0 0 0 0 0 0 0 0 0 0 0 0 0 0 0
 0 0 0 0 0 0 0 0 0 0 0 0 0 0 0 0 0 0 0 0 0 0 0 0 0 0
 0 0 0 0 0 0 0 0 0 0 0 0 0 0 0 0 0 0 0 0 0 0 0 0 0 0
 0 0 0 0 0 0 0 0 0 0 0 0 0 0 0 0 0 0 0 0 0 0 0 0 0 0
 0 0 0 0 0 0 0 0 0 0 0 0 0 0 0 0 0 0 0 0 0 0 0 0 0 0
 0 0 0 0 0 0 0 0 0 0 0 0 0 0 0 0 0 0 0 0 0 0 0 0 0 0
 0 0 0 0 0 0 0 0 0 0 0 0 0 0 0 0 0 0 0 0 0 0 0 0 0 0
ppred_pel_tallas
 1.1178e-16 4.12688e-05 0.000401147 0.00266576 0.0121182 0.0377043 0.0803336 0.117253 0.11727 0.0804177 0.037988 0.0129431 0.00475668 0.00503283 0.00903443 0.0153831 0.0233488 0.0318447 0.039703 0.0462527 0.0514625 0.0554569 0.0578999 0.0579163 0.0546728 0.0480995
 1.13875e-16 5.33493e-05 0.000518574 0.00344611 0.0156655 0.0487413 0.103849 0.151575 0.151592 0.103934 0.0490267 0.016491 0.00552313 0.00506948 0.0087473 0.0145157 0.0212471 0.0274781 0.0317947 0.0336557 0.0337339 0.0333949 0.0337102 0.0347791 0.0357954 0.0356628
 1.09262e-16 5.65155e-05 0.00054935 0.00365063 0.0165952 0.051634 0.110013 0.160571 0.160591 0.11011 0.0519619 0.0175428 0.00603172 0.00575606 0.00997135 0.0164662 0.023887 0.0304159 0.0342533 0.0346142 0.0322003 0.0286934 0.0256777 0.0238328 0.0228743 0.0220513
 1.05636e-16 5.86365e-05 0.000569968 0.00378764 0.0172181 0.0535719 0.114141 0.166597 0.166616 0.114237 0.053892 0.0181434 0.00611287 0.00565417 0.00973881 0.0160718 0.0232993 0.0296258 0.0332616 0.0333908 0.0306382 0.0265931 0.0227875 0.0199389 0.0179054 0.0161495
 1.03374e-16 6.43847e-05 0.000625843 0.00415895 0.018906 0.0588236 0.12533 0.182927 0.182942 0.125406 0.0590772 0.0196391 0.00600067 0.00465153 0.0077252 0.0127098 0.0183981 0.0233383 0.0260943 0.0260054 0.0235623 0.020036 0.0166699 0.0140767 0.0121933 0.0106384
 1.00307e-16 8.01164e-05 0.00077876 0.00517513 0.0235254 0.0731963 0.155952 0.227618 0.22762 0.155963 0.0732306 0.0236246 0.00542432 0.00132304 0.00111469 0.00171833 0.00247298 0.00312115 0.00346016 0.00339823 0.00300353 0.0024548 0.00193128 0.00152813 0.00124659 0.00103924
 1.00752e-16 3.99351e-05 0.000388183 0.00257962 0.0117266 0.036486 0.0777391 0.113473 0.113521 0.077975 0.0372778 0.0140122 0.00831186 0.0128856 0.0237272 0.039038 0.0559391 0.0697282 0.0756426 0.071489 0.0589845 0.0426752 0.0273295 0.0158012 0.0085755 0.00465438
 1.07529e-16 4.2197e-05 0.00041017 0.00272572 0.0123908 0.0385524 0.0821408 0.119892 0.119916 0.0822588 0.0389495 0.0135418 0.00562954 0.00679743 0.0123134 0.0206548 0.0305948 0.040221 0.0475331 0.0514781 0.0523711 0.0512979 0.0490821 0.0457641 0.0409435 0.0344992
 1.04951e-16 6.91514e-05 0.000672176 0.00446685 0.0203056 0.0631784 0.134609 0.196467 0.196475 0.134649 0.0633132 0.0206956 0.00544839 0.00282411 0.00418361 0.00688063 0.0100823 0.013062 0.0151369 0.0160184 0.0159705 0.0155774 0.0153066 0.015222 0.0150306 0.014356
 1.00687e-16 7.7444e-05 0.000752783 0.00500251 0.0227407 0.0707547 0.150751 0.220026 0.220031 0.150775 0.0708356 0.0229743 0.00558877 0.00203205 0.00250542 0.00401537 0.00576768 0.00723481 0.0079382 0.00766239 0.00658219 0.00514754 0.00381712 0.00284569 0.00224727 0.00189566
 1.00213e-16 7.56071e-05 0.000734928 0.00488386 0.0222013 0.0690765 0.147175 0.214808 0.214815 0.147212 0.0691991 0.0225552 0.0057715 0.00267071 0.00374625 0.00605846 0.00868433 0.010845 0.0118031 0.0112195 0.00935539 0.00690349 0.00458708 0.00283431 0.00171308 0.00107105
 1.00377e-16 7.15222e-05 0.000695221 0.00461999 0.0210018 0.0653445 0.139224 0.203204 0.203215 0.139281 0.065536 0.0215548 0.00600737 0.00372177 0.00581319 0.00948052 0.0136105 0.0170309 0.018598 0.017782 0.0149803 0.0112542 0.00770721 0.00498625 0.00318982 0.00209068
 1.00858e-16 6.66553e-05 0.000647913 0.00430561 0.0195727 0.060898 0.12975 0.189378 0.189394 0.129829 0.0611625 0.0203366 0.00622284 0.00483234 0.00801093 0.0131308 0.0188905 0.0237143 0.0260396 0.0251385 0.0215423 0.0166749 0.0120034 0.00836769 0.00587455 0.00421671
 1.01329e-16 6.66737e-05 0.000648092 0.0043068 0.0195781 0.0609148 0.129786 0.18943 0.189445 0.12986 0.0611631 0.0202954 0.00610774 0.00458117 0.00754097 0.0123731 0.0178445 0.0224941 0.024875 0.0243105 0.0212809 0.0170748 0.0130007 0.00977905 0.00746752 0.00577667
 1.00951e-16 7.19966e-05 0.000699832 0.00465063 0.0211411 0.0657779 0.140147 0.204551 0.204561 0.140196 0.065943 0.0216181 0.00584826 0.00331496 0.00504061 0.00822432 0.0118521 0.0149278 0.0164861 0.0160788 0.0140319 0.0112127 0.00850217 0.00638565 0.00489893 0.00383804
 1.00105e-16 8.07225e-05 0.000784652 0.00521429 0.0237034 0.0737501 0.157132 0.22934 0.229341 0.157141 0.073778 0.0237841 0.00541671 0.00122637 0.000919118 0.00139038 0.00199184 0.00249772 0.00273832 0.00263692 0.00225086 0.00173254 0.00123898 0.000860102 0.000606711 0.000444157
 1.00659e-16 2.69819e-05 0.000262274 0.00174291 0.00792304 0.0246519 0.0525257 0.0766762 0.0767396 0.0528357 0.0256922 0.0109261 0.00927442 0.0166817 0.0311458 0.0512778 0.0734663 0.0915455 0.0992511 0.0936961 0.0771389 0.0555643 0.0352579 0.0199941 0.0104318 0.0052717
 1.00989e-16 7.83485e-05 0.000761575 0.00506093 0.0230063 0.0715811 0.152511 0.222595 0.222596 0.152519 0.0716079 0.0230844 0.00525925 0.00120166 0.00093508 0.00147622 0.00224485 0.00308348 0.00387919 0.0045636 0.00511968 0.00553756 0.00576389 0.00570508 0.00529018 0.00453846
 1.01277e-16 5.517e-05 0.000536272 0.00356372 0.0162002 0.0504049 0.107394 0.156751 0.156781 0.107542 0.0509012 0.0176331 0.00715753 0.00837187 0.0149079 0.0244841 0.035092 0.0437687 0.0475407 0.0450508 0.0373928 0.0274234 0.0181179 0.0112254 0.00698832 0.00471573
 1.03722e-16 5.49192e-05 0.000533834 0.00354752 0.0161265 0.0501757 0.106905 0.156036 0.156058 0.107013 0.0505362 0.0171691 0.0061695 0.00627416 0.011005 0.0182311 0.0265451 0.0339744 0.0385159 0.0391952 0.036568 0.032204 0.0276132 0.0235035 0.0198132 0.0162315
 1.02898e-16 6.8515e-05 0.00066599 0.00442574 0.0201188 0.062597 0.13337 0.19466 0.194671 0.133424 0.0627777 0.0206411 0.00573869 0.0035383 0.00554166 0.00910087 0.0132166 0.0168603 0.0190309 0.0192695 0.0179115 0.0158153 0.0137912 0.0121927 0.0109125 0.00966132
 1.01818e-16 6.71375e-05 0.0006526 0.00433676 0.0197143 0.0613385 0.130689 0.190747 0.190762 0.130762 0.0615833 0.0204212 0.00611127 0.00452621 0.00742338 0.0121651 0.0175159 0.0220239 0.0242584 0.0235631 0.0204445 0.0162237 0.0122425 0.00923863 0.00725259 0.00593725
 1.05785e-16 2.35729e-05 0.000229137 0.0015227 0.00692201 0.0215373 0.0458895 0.0669889 0.0670454 0.0461656 0.0224646 0.00960091 0.00824878 0.0149177 0.0279358 0.0461872 0.0666258 0.0839747 0.092847 0.0907276 0.0794318 0.0638002 0.0487418 0.0369507 0.0286166 0.0226045
 1.05268e-16 6.83633e-05 0.000664516 0.00441594 0.0200742 0.0624584 0.133074 0.194227 0.194232 0.133099 0.0625399 0.0203116 0.00501896 0.00200475 0.00268369 0.00451145 0.00691989 0.00959691 0.0122507 0.0147171 0.0169735 0.0189842 0.0205285 0.0212075 0.0206548 0.0187832
 1.0472e-16 5.62301e-05 0.000546577 0.0036322 0.0165115 0.0513734 0.109457 0.159762 0.159787 0.109582 0.0517913 0.017718 0.00665978 0.00715243 0.0125926 0.0207065 0.0297752 0.0373561 0.0410175 0.0396809 0.0342925 0.0272117 0.0208102 0.0163514 0.0138006 0.0123753
 1.07882e-16 4.02443e-05 0.000391189 0.00259959 0.0118174 0.0367684 0.0783402 0.114347 0.114381 0.0785066 0.0373275 0.0134338 0.00666337 0.00928319 0.0169885 0.0281799 0.0409587 0.0522743 0.0590153 0.0597083 0.0553173 0.0484296 0.0415399 0.0358223 0.0311195 0.0267471
 1.045e-16 6.90213e-05 0.000670912 0.00445845 0.0202675 0.0630596 0.134355 0.196097 0.196105 0.134394 0.063188 0.0206391 0.00539516 0.00272841 0.00401394 0.00662501 0.00976897 0.012776 0.0150083 0.0161732 0.016461 0.0163311 0.0161299 0.0158649 0.0152845 0.0141354
 1.02679e-16 6.43381e-05 0.000625389 0.00415593 0.0188923 0.0587809 0.12524 0.182795 0.182812 0.125326 0.059072 0.0197327 0.0062651 0.00522824 0.00880183 0.0144391 0.0207717 0.0260792 0.0286608 0.0277484 0.0239721 0.018943 0.0142931 0.0109131 0.0088265 0.00756129
 1.06909e-16 2.57681e-05 0.000250475 0.00166449 0.00756658 0.0235427 0.0501622 0.0732241 0.0732761 0.0504164 0.0243966 0.0100337 0.00786084 0.0137888 0.0257713 0.0426523 0.061643 0.0779378 0.0866271 0.0854094 0.075905 0.0624449 0.0493748 0.0390092 0.0314269 0.0255896
 1.19224e-16 3.27135e-05 0.000317987 0.00211313 0.00960601 0.029888 0.0636801 0.092947 0.0929659 0.0637728 0.0302006 0.0105153 0.00441909 0.00543002 0.00997104 0.017034 0.0259441 0.0355831 0.0447635 0.0528601 0.0599332 0.0661415 0.0710083 0.0733082 0.0717406 0.0658238
 1.05267e-16 7.40689e-05 0.000719976 0.00478449 0.0217496 0.0676712 0.144181 0.210437 0.210441 0.1442 0.0677364 0.0219386 0.0052607 0.00176568 0.00207876 0.00337046 0.0049737 0.00653364 0.00775937 0.00856101 0.00910953 0.00970141 0.0105225 0.0114956 0.0123153 0.0126198
pSPR Fmed_Fpbrs
0.455761   0.259696 0.259696
Fs Fmed_Fpbrs
0.521266   1.005 1.005
SSBpbr Bo_Bmed_Bpbrs
1.5568e+06  631687  326455 326455
Ro
109716
SPR SPRFo_SPRFmed_SPRFpbrs
784242 357426 203665
Fref
1.005
Nvult_r0
 138929 7570.18 3586.43 6042.62 1658.67
CTP_r0
 28534.5 2208.6 1070.02 1804.98 495.49
YTP_r0
391208
Np
 164064 55129.3 2438.95 1135.39 2370.35
Nvult_p0
 131264 47455.4 2109.93 982.484 2051.16
CTP_p0
 49724.1 23389 1056.65 492.444 1028.13
YTP_p0
 825144
CBA_c0
521389
log_Ro
11.4256
likeval ReclasPelacesDesembMPH_pf_preclas_ppelaces_ptallas_desvR_qrecl_qpela
 10.9407 39.8181 0.0440396 0.0018836 246.847 116.598 101.878 0 40.1706 7.37869e-06 0 0.0792843 0 0 0
q_reclas_q_pelaces
1.4695 1
M
1
N
 107364 40330.7 68253.4 7694.8 0.180328
 103988 33622 11478.3 19265 2170.99
 79167.1 27902.8 7480.44 2512.67 4688.33
 50772.5 21169 6173.75 1628.2 1565.93
 31979.2 8537.3 2236.31 626.474 323.392
 258902 6862.51 1330.33 338.952 143.748
 44151.5 67120.7 1445.35 275.193 99.7524
 13988.7 7450.01 7130.33 147.512 38.1822
 27740 4209.3 1989.66 1884.71 49.0554
 49494 4437.54 410.703 185.997 180.351
 72067.3 6621.77 325.663 28.6137 25.4495
 121744 22428.2 1865.95 90.9831 15.0968
 95616.6 25532.1 3369.29 272.332 15.4577
 67686.8 20934.6 4107.88 527.818 45.0182
 54852.7 9643.27 1698.23 317.374 44.1395
 416607 9203.99 1015.31 171.73 36.4767
 44470.6 101547 1757.06 189.768 38.8699
 651596 12677 24880.3 424.895 55.2496
 340264 187156 3143.65 6091.82 117.479
 228672 90918.3 41361.3 683.417 1348.67
 395836 61170.6 20129.3 9008.61 442.186
 515738 113656 15160.8 4925.77 2311.07
 62501 140308 25848.7 3394.94 1619.15
 292669 19074.8 38325.4 6993.17 1355.8
 213696 90275.1 5299.37 10551.6 2297.47
 85005.1 65993.3 25127.5 1461.84 3542.67
 256420 26844.4 19034.8 7191.02 1431.56
 311136 78507.6 7370.04 5176.86 2343.85
 54642.5 99755.1 23197.5 2162.37 2205.71
 33490.1 17872.9 30429.7 7033.62 1323.98
 194058 10009.1 4721.82 7953.77 2183.25
pred_Ctot
 10228.6 5892.75 10260.4 1158.5 0.0271517
 18250.1 8747.37 3063.72 5149.16 580.303
 14027.6 7323.89 2014.25 677.507 1264.23
 18546.3 10509.6 3122.72 824.366 792.879
 8796.72 3330.21 891.723 250.097 129.111
 49716.6 1939.54 385.511 98.3546 41.7147
 16075.8 33234.4 729.16 138.969 50.3763
 1636.35 1324.51 1303.27 27.0018 6.98975
 10588.2 2166.32 1042.62 988.571 25.7319
 21558.5 2537.65 238.662 108.175 104.897
 7113.67 1001 50.6449 4.45654 3.96404
 34615.6 9004.72 765.552 37.371 6.20134
 25514.9 9697.98 1308.61 105.898 6.01116
 28256.7 11578 2310.17 297.095 25.3408
 20075.4 4795.12 860.318 160.94 22.3842
 91869.5 2949.97 333.314 56.4489 11.991
 6460.79 22155.9 393.729 42.5844 8.72317
 92137.7 2696.51 5436.11 92.9686 12.0897
 60413.4 49216.3 848.06 1645.62 31.7378
 40474.1 23840 11126.2 184.09 363.312
 56042.7 13026.8 4403.22 1973.43 96.8726
 87028.8 28514.6 3903.2 1269.91 595.858
 6835.68 23396.8 4432.58 583.039 278.091
 30316.9 3019.91 6240.96 1140.49 221.13
 21998.7 14207.3 857.842 1710.63 372.495
 7702.61 9188.68 3600.23 209.77 508.407
 27600.5 4408.72 3214.97 1216.38 242.171
 25553.7 9942.43 960.745 675.889 306.037
 3866.95 10936.3 2618.82 244.498 249.419
 4039.1 3271.16 5724.98 1325.24 249.477
 28534.5 2208.6 1070.02 1804.98 495.49
F
 0.161046 0.256657 0.264935 0.265385 0.265409
 0.315552 0.50289 0.51911 0.519993 0.520039
 0.319022 0.508421 0.52482 0.525712 0.525759
 0.78291 1.24771 1.28795 1.29014 1.29026
 0.539014 0.859017 0.886724 0.888232 0.888312
 0.349957 0.557721 0.57571 0.576689 0.576741
 0.779411 1.24213 1.2822 1.28438 1.28449
 0.200951 0.320252 0.330582 0.331144 0.331174
 0.832776 1.32718 1.36999 1.37232 1.37244
 1.01149 1.61199 1.66398 1.66681 1.66696
 0.16728 0.266592 0.275191 0.275659 0.275684
 0.561979 0.895617 0.924504 0.926077 0.926159
 0.518943 0.827031 0.853707 0.855158 0.855235
 0.948631 1.51182 1.56058 1.56323 1.56337
 0.785014 1.25106 1.29142 1.29361 1.29373
 0.41162 0.655992 0.677151 0.678302 0.678363
 0.255037 0.406448 0.419557 0.420271 0.420309
 0.247481 0.394407 0.407128 0.40782 0.407857
 0.319761 0.509599 0.526035 0.52693 0.526977
 0.318624 0.507786 0.524164 0.525056 0.525103
 0.247825 0.394955 0.407694 0.408388 0.408424
 0.301762 0.480914 0.496425 0.497269 0.497314
 0.186815 0.297725 0.307328 0.30785 0.307878
 0.176182 0.280778 0.289835 0.290327 0.290353
 0.175003 0.2789 0.287896 0.288385 0.288411
 0.152654 0.243281 0.251128 0.251555 0.251578
 0.183621 0.292634 0.302073 0.302587 0.302614
 0.137513 0.219152 0.226221 0.226606 0.226626
 0.117527 0.187301 0.193342 0.193671 0.193688
 0.207753 0.331092 0.341771 0.342352 0.342383
 0.258477 0.411931 0.425217 0.42594 0.425978
YTP_r0W_actual
 242543 36000.2 30923.6 62813.4 18927.7
YTP_p0W_proyectada
 373925 377031 24704.4 14527.1 34956.5
CTP_r0_actual
 28534.5 2208.6 1070.02 1804.98 495.49
CTP_p0_proyectada
 49724.1 23389 1056.65 492.444 1028.13
Wmedp
 7.52 16.12 23.38 29.5 34
Frms_r0
 0.258477 0.411931 0.425217 0.42594 0.425978
Zrms_r0
 1.25848 1.41193 1.42522 1.42594 1.42598
nmprior
 8.19 8.8 8.5 0
nm_flota  nm_reclas  nm_pelaces    nm_pelaL
inf 17.1535 10.6336 21.6114
cv_recla  cv_pelaces  cv_mph
0.29919 0.715505 1.33937
 ------------------------------------------------
Talla a la edad & desviaci?n 
 8 13.2811 15.8009 17.003 17.5766
 0.8 1.32811 1.58009 1.7003 1.75766
