years
 1991 1992 1993 1994 1995 1996 1997 1998 1999 2000 2001 2002 2003 2004 2005 2006 2007 2008 2009 2010 2011 2012 2013 2014 2015 2016 2017 2018 2019 2020 2021
reclasobs
 0 0 0 0 0 0 0 0 0 252601 567819 844713 477998 351125 339783 2.1784e+06 2.13404e+06 4.81314e+06 1.55562e+06 2.62356e+06 3.21686e+06 3.843e+06 1.13348e+06 3.07943e+06 1.97215e+06 2.03268e+06 2.025e+06 2.42433e+06 2.27542e+06 1.05018e+06 2.36338e+06
reclaspred
 5.17524e+06 3.03603e+06 1.55969e+06 1.87254e+06 2.30439e+06 3.25371e+06 2.46284e+06 2.10961e+06 1.44011e+06 975504 750669 815977 794578 668994 703817 1.36555e+06 1.61641e+06 2.88219e+06 2.57382e+06 2.01393e+06 3.50481e+06 2.78593e+06 2.49261e+06 3.46412e+06 2.79239e+06 2.59582e+06 2.80864e+06 2.7493e+06 2.6242e+06 1.8519e+06 2.53006e+06
pelacesobs
 0 0 0 0 0 0 0 0 0 0 0 0 0 0 0 552880 188675 0 991730 2.46772e+06 1.41603e+06 1.21717e+06 2.29649e+06 1.80582e+06 0 1.4828e+06 1.56532e+06 1.57751e+06 1.42118e+06 867257 1.10002e+06
pelacespred
 2.56817e+06 1.68118e+06 885751 924296 1.12262e+06 1.65934e+06 1.26498e+06 1.18083e+06 830028 544150 442020 391728 407668 371014 406436 657967 743424 1.50099e+06 1.40832e+06 1.02161e+06 1.65814e+06 1.5036e+06 1.28685e+06 1.97173e+06 1.5478e+06 1.40135e+06 1.74749e+06 1.7362e+06 1.30045e+06 1.02134e+06 1.49258e+06
mphobs
 0 0 0 0 0 0 0 0 0 0 0 498337 0 5186 125008 0 168611 109162 213762 579715 649985 157893 87575 83554 0 0 0 0 0 0 0
mphpred
 4.87237e+06 3.32338e+06 1.74155e+06 973199 1.61447e+06 2.00799e+06 2.46574e+06 1.74756e+06 1.4143e+06 933369 576942 596257 571965 500904 389607 521832 1.21196e+06 1.28688e+06 2.09231e+06 1.6717e+06 1.84776e+06 2.26295e+06 2.09898e+06 1.85362e+06 2.51236e+06 2.08919e+06 1.79862e+06 1.84971e+06 2.40127e+06 1.73268e+06 1.20855e+06
desembarqueobs
 494567 514787 250237 358949 120608 361735 552515 73892 212993 205616 52469 317467 293654 387597 252695 516296 358380 742168 942051 627588 828172 859565 418607 520667 417249 300574 415391 372974 316634 284311 391294
desembarquepred
 494573 512476 251675 358957 120609 361751 552606 73894.4 213045 205675 52471.7 317585 293749 387722 252717 516329 358420 742141 942043 627575 828307 859717 418645 520713 417277 300591 415415 372985 316650 284335 391304
Reclutas
 266156 156804 149217 480171 369332 470984 195138 93490.3 71022.9 86309 131545 165386 150958 113953 123957 505400 152459 734055 499368 376953 544824 706167 189279 465788 400512 200456 397527 417938 156102 132462 462506
log_desv_Rt
 0.0805683 -0.44852 -0.498112 0.670627 0.408181 0.651309 -0.229809 -0.965657 -1.24051 -1.04558 -0.624168 -0.395235 -0.486513 -0.767729 -0.683577 0.721835 -0.476616 1.09507 0.709828 0.428605 0.796948 1.05634 -0.260292 0.640215 0.48923 -0.202922 0.481749 0.531819 -0.453004 -0.617218 0.633146
SSB
 4.87237e+06 3.32338e+06 1.74155e+06 973199 1.61447e+06 2.00799e+06 2.46574e+06 1.74756e+06 1.4143e+06 933369 576942 596257 571965 500904 389607 521832 1.21196e+06 1.28688e+06 2.09231e+06 1.6717e+06 1.84776e+06 2.26295e+06 2.09898e+06 1.85362e+06 2.51236e+06 2.08919e+06 1.79862e+06 1.84971e+06 2.40127e+06 1.73268e+06 1.20855e+06
BT
 6.43583e+06 4.45079e+06 2.33022e+06 2.65901e+06 2.83126e+06 4.46364e+06 3.49214e+06 2.93032e+06 2.2057e+06 1.51603e+06 1.14377e+06 1.24857e+06 1.29284e+06 1.3501e+06 1.30854e+06 2.15721e+06 2.0897e+06 4.56935e+06 4.42153e+06 3.06126e+06 4.90583e+06 4.52906e+06 3.48535e+06 5.57146e+06 4.12941e+06 3.69325e+06 4.89451e+06 4.79983e+06 3.33392e+06 2.72617e+06 4.26741e+06
Ftot
 0.0860577 0.152042 0.144337 0.15362 0.0438325 0.0919097 0.193957 0.0306405 0.129066 0.181784 0.0579908 0.314925 0.299082 0.454908 0.278265 0.285675 0.183452 0.201781 0.294626 0.255099 0.192479 0.249252 0.142594 0.121066 0.125266 0.0982174 0.11987 0.108343 0.104914 0.133155 0.121632
BD_Bspro_t
 0.986325 0.896696 0.784337 0.723028 0.782653 0.838912 0.829032 0.742952 0.772914 0.734466 0.694757 0.773829 0.65068 0.570801 0.490649 0.559021 0.652318 0.652042 0.700561 0.620377 0.598782 0.642406 0.651487 0.660164 0.749893 0.758361 0.771822 0.796132 0.823633 0.776535 0.740887
BD_Bspro
 2.77998 1.89618 0.993658 0.555267 0.921148 1.14568 1.40685 0.997087 0.806944 0.532542 0.32918 0.3402 0.32634 0.285795 0.222294 0.297736 0.691495 0.734243 1.19379 0.953802 1.05426 1.29115 1.19759 1.0576 1.43345 1.19201 1.02622 1.05537 1.37007 0.988598 0.689549
BD_Bo
 1.9976 1.36253 0.714009 0.398996 0.661906 0.823245 1.01091 0.716473 0.579842 0.382666 0.236537 0.244456 0.234497 0.205363 0.159733 0.213943 0.496885 0.527602 0.857815 0.68537 0.757554 0.927775 0.86055 0.759955 1.03003 0.856535 0.737407 0.758353 0.984483 0.710373 0.495486
BD_Brms
 14.5588 9.93037 5.20382 2.90795 4.82408 5.99995 7.36772 5.22178 4.22599 2.78894 1.72392 1.78164 1.70905 1.49672 1.16416 1.55925 3.62138 3.84525 6.25191 4.99509 5.52118 6.76179 6.27184 5.53868 7.50703 6.24257 5.37435 5.52701 7.17508 5.17732 3.61119
Sel_flota
 0.91942 1 1 1 1
 0.91942 1 1 1 1
 0.91942 1 1 1 1
 0.91942 1 1 1 1
 0.91942 1 1 1 1
 0.91942 1 1 1 1
 0.91942 1 1 1 1
 0.91942 1 1 1 1
 0.91942 1 1 1 1
 0.91942 1 1 1 1
 0.91942 1 1 1 1
 0.91942 1 1 1 1
 0.91942 1 1 1 1
 0.91942 1 1 1 1
 0.91942 1 1 1 1
 0.91942 1 1 1 1
 0.91942 1 1 1 1
 0.91942 1 1 1 1
 0.91942 1 1 1 1
 0.91942 1 1 1 1
 0.91942 1 1 1 1
 0.91942 1 1 1 1
 0.91942 1 1 1 1
 0.91942 1 1 1 1
 0.91942 1 1 1 1
 0.91942 1 1 1 1
 0.91942 1 1 1 1
 0.91942 1 1 1 1
 0.91942 1 1 1 1
 0.91942 1 1 1 1
 0.91942 1 1 1 1
Sel_reclas
 0.695566 0.91999 0.983013 0.996578 0.999318
 0.695566 0.91999 0.983013 0.996578 0.999318
 0.695566 0.91999 0.983013 0.996578 0.999318
 0.695566 0.91999 0.983013 0.996578 0.999318
 0.695566 0.91999 0.983013 0.996578 0.999318
 0.695566 0.91999 0.983013 0.996578 0.999318
 0.695566 0.91999 0.983013 0.996578 0.999318
 0.695566 0.91999 0.983013 0.996578 0.999318
 0.695566 0.91999 0.983013 0.996578 0.999318
 0.695566 0.91999 0.983013 0.996578 0.999318
 0.695566 0.91999 0.983013 0.996578 0.999318
 0.695566 0.91999 0.983013 0.996578 0.999318
 0.695566 0.91999 0.983013 0.996578 0.999318
 0.695566 0.91999 0.983013 0.996578 0.999318
 0.695566 0.91999 0.983013 0.996578 0.999318
 0.695566 0.91999 0.983013 0.996578 0.999318
 0.695566 0.91999 0.983013 0.996578 0.999318
 0.695566 0.91999 0.983013 0.996578 0.999318
 0.695566 0.91999 0.983013 0.996578 0.999318
 0.695566 0.91999 0.983013 0.996578 0.999318
 0.695566 0.91999 0.983013 0.996578 0.999318
 0.695566 0.91999 0.983013 0.996578 0.999318
 0.695566 0.91999 0.983013 0.996578 0.999318
 0.695566 0.91999 0.983013 0.996578 0.999318
 0.695566 0.91999 0.983013 0.996578 0.999318
 0.695566 0.91999 0.983013 0.996578 0.999318
 0.695566 0.91999 0.983013 0.996578 0.999318
 0.695566 0.91999 0.983013 0.996578 0.999318
 0.695566 0.91999 0.983013 0.996578 0.999318
 0.695566 0.91999 0.983013 0.996578 0.999318
 0.695566 0.91999 0.983013 0.996578 0.999318
Sel_pelaces
 0.822851 1 1 1 1
 0.822851 1 1 1 1
 0.822851 1 1 1 1
 0.822851 1 1 1 1
 0.822851 1 1 1 1
 0.822851 1 1 1 1
 0.822851 1 1 1 1
 0.822851 1 1 1 1
 0.822851 1 1 1 1
 0.822851 1 1 1 1
 0.822851 1 1 1 1
 0.822851 1 1 1 1
 0.822851 1 1 1 1
 0.822851 1 1 1 1
 0.822851 1 1 1 1
 0.822851 1 1 1 1
 0.822851 1 1 1 1
 0.822851 1 1 1 1
 0.822851 1 1 1 1
 0.822851 1 1 1 1
 0.822851 1 1 1 1
 0.822851 1 1 1 1
 0.822851 1 1 1 1
 0.822851 1 1 1 1
 0.822851 1 1 1 1
 0.822851 1 1 1 1
 0.822851 1 1 1 1
 0.822851 1 1 1 1
 0.822851 1 1 1 1
 0.822851 1 1 1 1
 0.822851 1 1 1 1
pf_obs 
 0.8446 0.082 0.0669 0.0065 0
 0.8095 0.147 0.0364 0.0071 0
 0.9664 0.0169 0.016 0.0007 0
 0.9276 0.0648 0.0075 0.0001 0
 0.7033 0.2144 0.0806 0.0017 0
 0.9318 0.0425 0.0243 0.0014 0
 0.5671 0.3108 0.0964 0.0239 0.0018
 0.0768 0.2599 0.5324 0.112 0.0189
 0.490249 0.384438 0.106611 0.0170017 0.00170017
 0.7925 0.1577 0.0466 0.003 0.0002
 0.840416 0.127587 0.0312969 0.00059994 9.999e-05
 0.8084 0.0986 0.0794 0.0134 0.0002
 0.7335 0.1905 0.0724 0.0035 0.0001
 0.4001 0.4547 0.1325 0.0127 0
 0.49795 0.308269 0.164784 0.0264974 0.00249975
 0.9179 0.0499 0.0305 0.0017 0
 0.2467 0.6533 0.0926 0.0074 0
 0.9418 0.0223 0.034 0.0019 0
 0.707729 0.231977 0.0356964 0.0245975 0
 0.517169 0.277429 0.184464 0.0207286 0.00020938
 0.811772 0.124168 0.05621 0.00726502 0.000585176
 0.764997 0.148141 0.077277 0.00933861 0.000247198
 0.163321 0.427699 0.378323 0.0303852 0.000271297
 0.753843 0.0900009 0.118128 0.0371064 0.000921714
 0.721811 0.176058 0.0630433 0.0369309 0.00215725
 0.143369 0.312575 0.442814 0.0836902 0.0175525
 0.692698 0.0596174 0.167031 0.0765114 0.00414204
 0.394062 0.376323 0.152708 0.0712218 0.00568511
 0.125707 0.32114 0.495352 0.0537591 0.00404204
 0.23352 0.215282 0.420074 0.123614 0.00750983
 0.796117 0.104755 0.0508955 0.0450114 0.00322123
pf_pred 
 0.454744 0.093307 0.431642 0.0203056 7.35262e-07
 0.43292 0.270305 0.0507858 0.234937 0.0110525
 0.55588 0.202276 0.115278 0.0216588 0.104908
 0.842191 0.0912445 0.0303171 0.0172779 0.0189699
 0.654386 0.29514 0.0291841 0.00969679 0.0115937
 0.691538 0.207776 0.0859814 0.00850204 0.00620243
 0.44603 0.393354 0.108189 0.0447704 0.00765661
 0.401974 0.28059 0.2254 0.0619944 0.0300418
 0.453238 0.231104 0.148104 0.118974 0.0485798
 0.620685 0.180425 0.0840659 0.0538742 0.060949
 0.743399 0.164805 0.0436638 0.0203443 0.0277877
 0.71774 0.214403 0.0435817 0.0115466 0.0127282
 0.694069 0.225603 0.0610169 0.0124029 0.00690835
 0.642859 0.25521 0.0751673 0.0203298 0.00643418
 0.735409 0.176466 0.0629731 0.0185475 0.00660402
 0.909203 0.0684564 0.0149001 0.00531721 0.0021237
 0.474892 0.481507 0.0328729 0.00715507 0.00357313
 0.877169 0.0611792 0.0565328 0.00385954 0.00125958
 0.64695 0.313125 0.0198854 0.0183752 0.0016639
 0.625273 0.250721 0.109982 0.00698458 0.00703855
 0.748494 0.162867 0.0593062 0.0260155 0.00331707
 0.749007 0.192171 0.0380914 0.0138706 0.00686032
 0.39352 0.464949 0.108363 0.0214793 0.0116899
 0.745177 0.105851 0.114206 0.0266174 0.00814743
 0.647582 0.268489 0.0348636 0.0376155 0.0114503
 0.484641 0.344175 0.130416 0.0169347 0.0238333
 0.734053 0.134783 0.087596 0.0331922 0.0103759
 0.688638 0.233894 0.0392612 0.0255159 0.012691
 0.422657 0.408428 0.126888 0.0212993 0.0207273
 0.510456 0.217608 0.192375 0.0597661 0.0197951
 0.840714 0.0848995 0.0330656 0.0292316 0.0120894
pobs_RECLAS
 0 0 0 0 0
 0 0 0 0 0
 0 0 0 0 0
 0 0 0 0 0
 0 0 0 0 0
 0 0 0 0 0
 0 0 0 0 0
 0 0 0 0 0
 0 0 0 0 0
 0 0 0 0 0
 0.991045 0.00858322 0.000360255 1.14367e-05 0
 0.934742 0.0480273 0.0164251 0.00080598 0
 0.827803 0.169806 0.00239088 0 0
 0.941827 0.0461693 0.0120037 0 0
 0.791401 0.0380133 0.147996 0.0225897 0
 0.846168 0.0940531 0.0597789 0 0
 0.134021 0.677848 0.182769 0.00536245 0
 0.80878 0.0450904 0.141981 0.00414843 0
 0.846168 0.0940531 0.0597789 0 0
 0.905697 0.0802665 0.012482 0.00150086 5.37128e-05
 0.989698 0.0102097 9.19794e-05 0 0
 0.975433 0.0193895 0.00387452 0.00125025 5.28907e-05
 0.303575 0.632131 0.0575291 0.00676475 0
 0.966965 0.00978017 0.0227588 0.000495775 0
 0.843318 0.132988 0.00938335 0.0141283 0.000182051
 0.564624 0.303363 0.111486 0.0197234 0.00080311
 0.826376 0.0876187 0.0782897 0.00655872 0.00115652
 0.89761 0.0855135 0.0140674 0.00269457 0.000114338
 0.34875 0.467042 0.161289 0.0227151 0.000203297
 0.318654 0.224769 0.449479 0.00709798 0
 0.937255 0.0296025 0.0250945 0.00804832 0
ppred_RECLAS
 0.393583 0.0981466 0.485133 0.0231369 8.40086e-07
 0.376164 0.285289 0.0572729 0.268603 0.012671
 0.497142 0.219752 0.133817 0.0254889 0.1238
 0.809696 0.106555 0.0378295 0.0218567 0.0240631
 0.606374 0.332478 0.0351283 0.0118329 0.0141865
 0.643249 0.234872 0.103852 0.0104109 0.00761585
 0.39367 0.421555 0.123888 0.0519745 0.00891308
 0.347349 0.294787 0.253027 0.0705533 0.0342834
 0.395167 0.244797 0.167627 0.136514 0.0558953
 0.564191 0.19916 0.0991517 0.0644189 0.0730788
 0.698732 0.188297 0.0533052 0.0251793 0.0344862
 0.673184 0.24389 0.0529715 0.014228 0.0157272
 0.647323 0.255229 0.0737583 0.0151997 0.00848946
 0.592887 0.285017 0.0896968 0.0245943 0.00780524
 0.691026 0.20118 0.0767104 0.0229054 0.00817809
 0.890194 0.0813136 0.018911 0.00684165 0.00274008
 0.425382 0.523758 0.0382069 0.00843083 0.0042218
 0.850359 0.0720104 0.0710997 0.00492101 0.00161041
 0.599635 0.352063 0.0238898 0.0223801 0.00203212
 0.573327 0.278984 0.130764 0.00841892 0.0085073
 0.704933 0.186252 0.0724676 0.0322276 0.00412043
 0.707344 0.220248 0.0466474 0.0172206 0.00854063
 0.344386 0.494287 0.123092 0.0247356 0.0134991
 0.697839 0.120438 0.138847 0.0328067 0.0100695
 0.597589 0.301018 0.0417651 0.0456836 0.0139445
 0.430417 0.371451 0.150394 0.0197983 0.02794
 0.686727 0.153204 0.106388 0.0408694 0.0128109
 0.641096 0.264587 0.0474557 0.0312671 0.0155943
 0.371044 0.435694 0.144631 0.0246127 0.0240176
 0.452004 0.234093 0.221126 0.0696461 0.0231309
 0.807432 0.0990681 0.0412269 0.0369495 0.0153233
pobs_PELACES
 0 0 0 0 0
 0 0 0 0 0
 0 0 0 0 0
 0 0 0 0 0
 0 0 0 0 0
 0 0 0 0 0
 0 0 0 0 0
 0 0 0 0 0
 0 0 0 0 0
 0 0 0 0 0
 0 0 0 0 0
 0 0 0 0 0
 0 0 0 0 0
 0 0 0 0 0
 0 0 0 0 0
 0 0 0 0 0
 0.505614 0.472636 0.0217494 0 0
 0 0 0 0 0
 0.443492 0.261883 0.143347 0.151278 0
 0.227955 0.32914 0.350689 0.0885471 0.00366901
 0.970185 0.0296113 0.000203453 0 0
 0.997202 0.00247181 0.000326279 0 0
 0.445219 0.490057 0.0546422 0.010081 0
 0.90214 0.0892962 0.00764917 0.000914606 0
 0 0 0 0 0
 0.581667 0.319106 0.0959925 0.00289975 0.000334073
 0.762889 0.0836404 0.116647 0.0363945 0.000428098
 0.88444 0.0763242 0.0277011 0.0115352 0
 0.521256 0.241999 0.230069 0.00667565 0
 0.616807 0.101726 0.260614 0.0208532 0
 0.833518 0.0704572 0.0857862 0.0102388 0
ppred_PELACES
 0.428105 0.0978656 0.45273 0.0212977 7.71184e-07
 0.407158 0.282584 0.0530929 0.24561 0.0115546
 0.529567 0.21426 0.122108 0.022942 0.111123
 0.827626 0.0996657 0.0331152 0.0188725 0.0207207
 0.62922 0.31663 0.0313091 0.0104029 0.0124379
 0.668067 0.223586 0.0925238 0.00914897 0.00667438
 0.420426 0.411534 0.113189 0.0468397 0.00801049
 0.375852 0.292846 0.235246 0.0647024 0.0313541
 0.426981 0.242202 0.155217 0.124687 0.0509127
 0.595735 0.192293 0.0895955 0.0574179 0.064958
 0.722057 0.178512 0.0472953 0.0220364 0.0300989
 0.697066 0.230107 0.0467738 0.0123923 0.0136605
 0.672323 0.241639 0.0653539 0.0132845 0.0073994
 0.620852 0.270936 0.079799 0.0215825 0.00683065
 0.715242 0.189917 0.067773 0.0199612 0.00710738
 0.900514 0.0750073 0.016326 0.00582604 0.00232693
 0.448882 0.505357 0.0345011 0.00750948 0.00375012
 0.865514 0.066984 0.0618967 0.00422574 0.00137909
 0.623633 0.333805 0.0211988 0.0195888 0.00177379
 0.601061 0.266921 0.117089 0.00743588 0.00749333
 0.728346 0.175914 0.0640574 0.0280997 0.00358281
 0.729287 0.207269 0.0410842 0.0149604 0.00739933
 0.368501 0.484128 0.112833 0.0223653 0.0121721
 0.724361 0.114498 0.123536 0.0287918 0.008813
 0.622862 0.287322 0.037309 0.040254 0.0122534
 0.457824 0.362084 0.137202 0.0178159 0.0250734
 0.712669 0.145621 0.0946392 0.0358611 0.0112101
 0.665179 0.251517 0.0422192 0.0274383 0.0136472
 0.396686 0.426801 0.132596 0.0222574 0.0216597
 0.483853 0.229433 0.202829 0.0630138 0.0208708
 0.825881 0.0928056 0.0361447 0.0319537 0.0132152
pobs_pel_tallas
 0 0 0 0 0 0 0 0 0 0 0 0 0 0 0 0 0 0 0 0 0 0 0 0 0 0
 0 0 0 0 0 0 0 0 0 0 0 0 0 0 0 0 0 0 0 0 0 0 0 0 0 0
 0 0 0 0 0 0 0 0 0 0 0 0 0 0 0 0 0 0 0 0 0 0 0 0 0 0
 0 0 0 0 0 0 0 0 0 0 0 0 0 0 0 0 0 0 0 0 0 0 0 0 0 0
 0 0 0 0 0 0 0 0 0 0 0 0 0 0 0 0 0 0 0 0 0 0 0 0 0 0
 0 0 0 0 0 0 0 0 0 0 0 0 0 0 0 0 0 0 0 0 0 0 0 0 0 0
 0 0 0 0 0 0 0 0 0 0 0 0 0 0 0 0 0 0 0 0 0 0 0 0 0 0
 0 0 0 0 0 0 0 0 0 0 0 0 0 0 0 0 0 0 0 0 0 0 0 0 0 0
 0 0 0 0 0 0 0 0 0 0 0 0 0 0 0 0 0 0 0 0 0 0 0 0 0 0
 0 0 0 0 0 0 0 0 0 0 0 0 0 0 0 0 0 0 0 0 0 0 0 0 0 0
 0 0 0 0 0 0 0 0 0 0 0 0 0 0 0 0 0 0 0 0 0 0 0 0 0 0
 0 0 0 0 0 0 0 0 0 0 0 0 0 0 0 0 0 0 0 0 0 0 0 0 0 0
 0.00862536 0 0 0.000197151 0.00414017 0.0128641 0.00837892 0.0270097 0.101434 0.158115 0.152841 0.127902 0.109271 0.109419 0.0830992 0.0579132 0.0238553 0.00714673 0.00463305 0.00128148 0.00103504 0.000492878 0.000147863 0.000147863 4.92878e-05 0
 0 0 0 0 0 0 0 0 0 0 0 0 0 0 0 0 0 0 0 0 0 0 0 0 0 0
 0 0 0 0 0 0 0 0.0054083 0.00873648 0.0413646 0.0450493 0.0745869 0.0622846 0.0627006 0.0613931 0.0827291 0.12552 0.122667 0.0946155 0.0697135 0.0546179 0.0294188 0.0215738 0.0213955 0.0102223 0.00600262
 0 0 0 0 0.00359764 0.0251062 0.0480494 0.140153 0.205849 0.193036 0.1447 0.116669 0.0760912 0.0342217 0.00950174 0.001854 0.000860785 0 0 0 0.000165536 0 0.000143464 0 0 0
 0 0 0 0 0 0 0 0.000145254 0.000435761 0.0275982 0.070085 0.0708112 0.156366 0.174668 0.174014 0.160142 0.0824315 0.0480064 0.0283245 0.00493863 0.00203355 0 0 0 0 0
 0 0 0 0 0 0 0 0 0 0 0 0 0 0 0 0 0 0 0 0 0 0 0 0 0 0
 0 0 1.00437e-05 0.000401748 0.00122533 0.00171747 0.00176769 0.0269171 0.070346 0.194647 0.189555 0.159765 0.064822 0.0314167 0.0384472 0.0292271 0.0345202 0.0313363 0.0194345 0.0106764 0.0143323 0.0359363 0.0279516 0.0138201 0.00172751 0
 0 0.0021121 0.0136068 0.0755702 0.200478 0.177729 0.0527432 0.0373336 0.0318909 0.0142505 0.0149659 0.0166563 0.0217959 0.0798694 0.0677717 0.0528807 0.04013 0.0224614 0.0357745 0.0225083 0.00881397 0.00855152 0.00135912 0.000746735 0 0
 0 0 0 0 5.4009e-05 0.00500934 0.000945158 0.0243581 0.138947 0.33067 0.221406 0.137944 0.0707744 0.0437923 0.0131692 0.00525238 0.0047753 0.00276346 9.45158e-05 9.00151e-06 2.25038e-05 9.00151e-06 4.50075e-06 0 0 0
 0.000866109 0.00284123 0.00948549 0.0512746 0.133035 0.25785 0.225252 0.132002 0.0553304 0.0519788 0.0540692 0.017754 0.00435017 0.00159236 0.00146478 0.000404838 0.000125132 0.000115318 0.000107957 0.000100596 0 0 0 0 0 0
 0 0 0 0 0.00144013 0.00171154 0.00461396 0.0210425 0.0478622 0.0707936 0.0888783 0.103762 0.0637923 0.0337046 0.0602308 0.124433 0.169614 0.0934646 0.0462172 0.0250306 0.0313229 0.00938855 0.002487 0.000210481 0 0
 0 0.00764035 0.051015 0.0998891 0.058973 0.0496711 0.0374665 0.0718981 0.12319 0.153886 0.159021 0.0857701 0.0377988 0.023471 0.0147837 0.00900784 0.00315554 0.000888139 0.00291439 0.00214683 0.00393193 0.00274676 0.000635225 9.99891e-05 0 0
 0 0 0 0 0 0 0 0 0 0 0 0 0 0 0 0 0 0 0 0 0 0 0 0 0 0
 0 0 0 0 0 0 0 0 0 0 0 0 0 0 0 0 0 0 0 0 0 0 0 0 0 0
 0 0 0 0 0 0 0 0 0 0 0 0 0 0 0 0 0 0 0 0 0 0 0 0 0 0
 0 0 0 0 0 0 0 0 0 0 0 0 0 0 0 0 0 0 0 0 0 0 0 0 0 0
 0 0 0 0 0 0 0 0 0 0 0 0 0 0 0 0 0 0 0 0 0 0 0 0 0 0
 0 0 0 0 0 0 0 0 0 0 0 0 0 0 0 0 0 0 0 0 0 0 0 0 0 0
 0 0 0 0 0 0 0 0 0 0 0 0 0 0 0 0 0 0 0 0 0 0 0 0 0 0
ppred_pel_tallas
 1.15226e-16 3.52625e-05 0.000342764 0.00227779 0.0103545 0.0322167 0.0686416 0.100186 0.100197 0.0686913 0.0323858 0.0108514 0.00355778 0.00324516 0.00586363 0.0104603 0.0169742 0.025308 0.0352318 0.046395 0.0581068 0.0689874 0.0769384 0.0797668 0.0762239 0.0667607
 1.28192e-16 3.35371e-05 0.000325993 0.00216634 0.00984787 0.0306405 0.0652839 0.0952895 0.0953168 0.0654175 0.0310897 0.0111468 0.00543325 0.00748049 0.0136927 0.0227851 0.0333324 0.0430985 0.049945 0.053183 0.0540971 0.0550458 0.0577765 0.0622377 0.0666627 0.0686713
 1.24685e-16 4.36198e-05 0.000424 0.00281763 0.0128086 0.0398523 0.0849103 0.123933 0.123954 0.0850121 0.0401946 0.0137997 0.0053142 0.00590319 0.010537 0.017585 0.0258927 0.0337905 0.0396439 0.0428239 0.0440991 0.0450234 0.0467939 0.0494785 0.0520916 0.0532728
 1.06381e-16 6.81705e-05 0.000662641 0.00440348 0.0200176 0.0622823 0.132699 0.193681 0.19369 0.132746 0.0624407 0.0204757 0.00555543 0.00318425 0.00487795 0.00801245 0.011672 0.0149771 0.017093 0.0176722 0.0170642 0.0160546 0.0153369 0.0151313 0.01518 0.0150216
 1.04133e-16 5.18281e-05 0.000503788 0.00334785 0.0152188 0.0473516 0.100889 0.147257 0.147287 0.101038 0.0478519 0.0166637 0.00697366 0.00841616 0.0150708 0.0248125 0.0356923 0.0447924 0.0491805 0.0475215 0.0408854 0.0320378 0.0237992 0.017738 0.0139484 0.0116715
 1.04775e-16 5.50279e-05 0.00053489 0.00355454 0.0161584 0.050275 0.107117 0.156345 0.156366 0.107223 0.0506305 0.0171866 0.00614001 0.00619418 0.0108475 0.0179617 0.0261383 0.0334296 0.0378671 0.0385121 0.0359523 0.0317826 0.0275255 0.0238734 0.0207076 0.0176222
 1.09425e-16 3.46301e-05 0.000336617 0.00223694 0.0101688 0.0316392 0.0674121 0.0983982 0.098438 0.0676064 0.032292 0.0120556 0.00697801 0.0107027 0.0197699 0.0327563 0.0474856 0.0603579 0.067719 0.0678907 0.0621277 0.0536472 0.0455516 0.0392973 0.0346174 0.0304802
 1.18659e-16 3.09585e-05 0.000300927 0.00199977 0.00909068 0.0282846 0.0602645 0.0879637 0.0879923 0.0604041 0.0287545 0.010452 0.00543292 0.00784857 0.0145218 0.0243702 0.0360725 0.04741 0.0561105 0.0611159 0.0630707 0.0635351 0.0636148 0.0631897 0.0612604 0.0569086
 1.25662e-16 3.51699e-05 0.000341864 0.00227181 0.0103273 0.0321323 0.0684621 0.0999274 0.099951 0.0685775 0.0325203 0.0114512 0.0051052 0.00656853 0.0119847 0.0200897 0.0297371 0.0391334 0.0465154 0.0512125 0.0540291 0.0565044 0.0596295 0.0630659 0.0653925 0.0650341
 1.19386e-16 4.907e-05 0.000476978 0.00316968 0.0144089 0.0448317 0.0955193 0.139417 0.139436 0.0956105 0.0451384 0.0152967 0.00540471 0.00537858 0.00942601 0.0156888 0.023041 0.0299522 0.0349356 0.0374241 0.0381283 0.0384819 0.0395987 0.0415604 0.0434823 0.0441437
 1.08715e-16 5.94749e-05 0.000578118 0.0038418 0.0174643 0.0543379 0.115773 0.168978 0.168995 0.115858 0.0546211 0.018283 0.00589931 0.00507779 0.00862968 0.0142388 0.0206672 0.0263452 0.0297301 0.0301579 0.0282462 0.0254486 0.0231173 0.0218031 0.02121 0.0206392
 1.04964e-16 5.74164e-05 0.000558108 0.00370883 0.0168598 0.0524572 0.111766 0.163131 0.163153 0.111875 0.0528216 0.0179127 0.00635311 0.00633502 0.011042 0.0181991 0.0262952 0.033249 0.0369802 0.036541 0.0326719 0.0272708 0.0222163 0.0184671 0.0159621 0.0141157
 1.04533e-16 5.53784e-05 0.000538298 0.00357718 0.0162614 0.0505952 0.107799 0.157341 0.157365 0.107913 0.0509784 0.0173688 0.00635941 0.00662019 0.0116303 0.0192033 0.0278072 0.0352823 0.0394571 0.0393224 0.0356008 0.0301907 0.0249575 0.0208328 0.0177526 0.0151901
 1.05693e-16 5.11388e-05 0.000497088 0.00330332 0.0150164 0.0467219 0.0995468 0.145297 0.145323 0.0996748 0.0471518 0.016259 0.00642574 0.00732466 0.0130513 0.0215832 0.0312926 0.0397858 0.0446485 0.0447602 0.040923 0.0352308 0.0297148 0.0253491 0.0220039 0.0190638
 1.0521e-16 5.89135e-05 0.000572661 0.00380553 0.0172994 0.053825 0.11468 0.167383 0.167402 0.11477 0.0541267 0.0181719 0.00599903 0.00537241 0.00920794 0.0152173 0.0221226 0.0282578 0.0319593 0.032458 0.0303021 0.0269042 0.0235977 0.0209625 0.0188249 0.0167183
 1.01469e-16 7.41741e-05 0.000720999 0.00479129 0.0217805 0.0677673 0.144386 0.210737 0.210744 0.144421 0.0678862 0.0221239 0.00565367 0.00260533 0.00365803 0.0059438 0.00858772 0.010869 0.0121076 0.0119935 0.0107629 0.00902552 0.007382 0.0061352 0.00526269 0.00458111
 1.02513e-16 3.69739e-05 0.0003594 0.00238834 0.0108571 0.0337806 0.071975 0.10506 0.105109 0.0722127 0.0345785 0.0131608 0.00816809 0.0129668 0.0239519 0.039463 0.0566665 0.070885 0.0773749 0.0739481 0.0622938 0.0468737 0.0323155 0.0213123 0.0142283 0.010034
 1.02461e-16 7.12913e-05 0.000692977 0.00460507 0.020934 0.0651335 0.138774 0.202546 0.202553 0.138806 0.0652411 0.0212459 0.00539194 0.00242365 0.00339602 0.00559997 0.00828876 0.0108981 0.0128868 0.0139778 0.0142676 0.0140611 0.0135851 0.012841 0.0116959 0.0100836
 1.02962e-16 5.13679e-05 0.000499315 0.00331812 0.0150837 0.0469312 0.0999931 0.14595 0.145982 0.10015 0.0474583 0.0166056 0.00713659 0.00882935 0.0158551 0.0260877 0.0374777 0.0469297 0.0513323 0.0492696 0.0418833 0.032128 0.0230337 0.0163103 0.0120965 0.0096079
 1.05462e-16 4.95086e-05 0.000481242 0.00319802 0.0145378 0.0452325 0.0963736 0.140665 0.140691 0.0964999 0.0456572 0.0157659 0.00628663 0.00724312 0.0129483 0.0214754 0.0312739 0.0400382 0.0454218 0.0462961 0.0433404 0.0384241 0.03333 0.0288665 0.0249039 0.0209993
 1.05318e-16 5.99929e-05 0.000583153 0.00387525 0.0176164 0.0548111 0.116781 0.17045 0.170467 0.116865 0.0550907 0.0184249 0.00590821 0.00503255 0.00854404 0.0141195 0.0205455 0.0262862 0.0298152 0.0304337 0.0286547 0.0257754 0.022998 0.0208083 0.018989 0.0170659
 1.03992e-16 6.00704e-05 0.000583906 0.00388026 0.0176391 0.054882 0.116933 0.170671 0.170691 0.11703 0.0552102 0.0185874 0.00626181 0.00578663 0.00995231 0.0163883 0.0236744 0.0299268 0.0332688 0.0328433 0.0293138 0.0243863 0.0197505 0.0162701 0.0138959 0.012114
 1.07683e-16 3.03531e-05 0.000295043 0.00196066 0.00891292 0.0277317 0.059087 0.086249 0.0862957 0.0593154 0.0284987 0.0111294 0.00752792 0.0124601 0.0231683 0.0383437 0.0554432 0.0701632 0.0781192 0.0772727 0.0691005 0.0574925 0.0463161 0.0375751 0.0312384 0.0262733
 1.07974e-16 5.96646e-05 0.000579962 0.00385405 0.01752 0.0545111 0.116142 0.169515 0.169526 0.116197 0.0546959 0.0180558 0.00520774 0.00356361 0.00581008 0.00973085 0.0145278 0.0193535 0.0233635 0.0261461 0.027876 0.0289986 0.0297289 0.029827 0.0288149 0.0263942
 1.07261e-16 5.13044e-05 0.000498697 0.00331402 0.0150651 0.0468731 0.0998692 0.145768 0.145796 0.100005 0.0473277 0.016378 0.0066103 0.00769667 0.0137286 0.0226359 0.0326585 0.0412032 0.045681 0.0449482 0.040008 0.0333289 0.0273329 0.0232184 0.0208089 0.0191956
 1.10082e-16 3.77104e-05 0.000366559 0.00243591 0.0110733 0.0344534 0.073408 0.107148 0.107184 0.0735793 0.0350289 0.0127373 0.0066195 0.00952184 0.0174914 0.0290304 0.042222 0.0539492 0.0610383 0.0620071 0.0578776 0.0513226 0.0448827 0.0396928 0.0354789 0.0314132
 1.08262e-16 5.87016e-05 0.000570601 0.00379184 0.0172372 0.0536313 0.114268 0.16678 0.166794 0.114337 0.0538643 0.0179116 0.00549116 0.00430124 0.00720605 0.0119842 0.0176457 0.0230125 0.0269187 0.0288345 0.0291278 0.0286791 0.0281764 0.0276838 0.0267635 0.0249309
 1.06344e-16 5.47899e-05 0.000532578 0.00353917 0.0160886 0.0500576 0.106654 0.15567 0.155694 0.106772 0.0504557 0.0172388 0.00642752 0.00684161 0.0120482 0.0198631 0.0286869 0.0362517 0.0402949 0.0398064 0.035636 0.0299016 0.0246801 0.0209985 0.0187172 0.0170893
 1.09834e-16 3.26746e-05 0.000317609 0.00211062 0.00959461 0.0298526 0.0636057 0.092843 0.0928843 0.0638073 0.03053 0.0115526 0.00703127 0.0110785 0.0205259 0.0340293 0.0493637 0.0628051 0.0705596 0.0708627 0.0649698 0.0561638 0.0476286 0.0408895 0.035742 0.0312191
 1.15764e-16 3.98544e-05 0.000387399 0.0025744 0.0117029 0.0364121 0.0775807 0.113236 0.113258 0.0776903 0.0367809 0.0127718 0.00527168 0.00632245 0.0114499 0.0192299 0.0285545 0.0377189 0.0449858 0.0495453 0.0518697 0.0530823 0.0538958 0.0540511 0.0526476 0.0489403
 1.06508e-16 6.80267e-05 0.000661244 0.0043942 0.0199754 0.0621509 0.132419 0.193272 0.193281 0.132463 0.0622987 0.0204029 0.00546976 0.00301776 0.00456929 0.00751589 0.0109892 0.0141886 0.0163611 0.0172001 0.0170268 0.0165359 0.0163018 0.0164378 0.0166207 0.0163781
pSPR Fmed_Fpbrs
0.739964   0.187209 0.187209
Fs Fmed_Fpbrs
0.148285   1.005 1.005
SSBpbr Bo_Bmed_Bpbrs
2.43912e+06  1.6829e+06  334668 334668
Ro
245553
SPR SPRFo_SPRFmed_SPRFpbrs
1.75267e+06 1.29691e+06 328114
Fref
1.005
Nvult_r0
 310362 29070.4 11322 10009.2 4139.51
CTP_r0
 31217.2 3152.47 1227.78 1085.42 448.899
YTP_r0
391304
Np
 309643 45213.9 20487.8 1891.25 835.769
Nvult_p0
 264430 39125.4 17728.9 1636.58 723.224
CTP_p0
 126993 65992.4 6091.84 2372.57 2780.71
 126993 19611.5 8886.56 820.329 362.514
YTP_p0
 2.28994e+06 1.5004e+06
CBA_c0
2.05308e+06
log_Ro
12.2313
likeval ReclasPelacesDesembMPH_pf_preclas_ppelaces_ptallas_desvR_qrecl_qpela
 29.9255 18.7576 0.268675 0.00331971 243.259 127.436 98.8672 0 18.8874 0 0 1.35445 0 0 0
q_reclas_q_pelaces
1 1
M
1
N
 266156 50354.3 232941 10958.2 0.396793
 156804 90464.7 16996.8 78628 3699.01
 149217 50159.3 28586 5370.84 26014.6
 480171 48071.8 15972.5 9102.79 9994.22
 369332 153377 15166.3 5039.19 6024.96
 470984 130503 54004.5 5340.09 3895.72
 195138 159225 43793.5 18122.6 3099.31
 93490.3 60062 48248.4 13270.3 6430.65
 71022.9 33437.8 21428.8 17214 7028.88
 86309 23204.3 10811.6 6928.69 7838.57
 131545 26864.3 7117.47 3316.25 4529.57
 165386 45880 9326 2470.85 2723.7
 150958 45546.4 12318.5 2503.98 1394.71
 113953 42183.1 12424.2 3360.27 1063.49
 123957 27592.2 9846.46 2900.09 1032.6
 505400 35307.5 7684.99 2742.44 1095.33
 152459 142978 9761.25 2124.62 1061
 734055 47381.4 43782.8 2989.09 975.502
 499368 224318 14245.6 13163.7 1191.99
 376953 140114 61463.1 3903.3 3933.46
 544824 109681 39939.2 17519.9 2233.85
 706167 167921 33284.7 12120.3 5994.64
 189279 206579 48146.2 9543.37 5193.9
 465788 61076 65896.9 15358.2 4701.05
 400512 153303 19906.6 21477.9 6537.95
 200456 131312 49757.1 6461.02 9093.01
 397527 67376.1 43787.8 16592.3 5186.72
 417938 130981 21986.3 14288.9 7106.96
 156102 139173 43237.6 7257.8 7062.9
 132462 52146.2 46099.7 14322 4743.58
 462506 43115 16791.9 14844.8 6139.41
pred_Ctot
 12882 2643.2 12227.6 575.218 0.0208285
 13079.5 8166.53 1534.36 7098 333.921
 11850 4312.03 2457.45 461.714 2236.39
 40444.4 4381.82 1455.92 829.734 910.989
 9252.06 4172.84 412.621 137.098 163.918
 24292 7298.62 3020.3 298.655 217.875
 20442.3 18028.1 4958.46 2051.9 350.915
 1645.41 1148.55 922.639 253.764 122.971
 5072.52 2586.45 1657.55 1331.53 543.693
 8512.59 2474.5 1152.95 738.875 835.905
 4336.26 961.311 254.691 118.669 162.086
 26908.1 8037.99 1633.88 432.883 477.181
 23460.1 7625.57 2062.42 419.227 233.508
 25468.3 10110.7 2977.93 805.412 254.905
 18059.9 4333.6 1546.47 455.484 162.179
 75390.2 5676.34 1235.51 440.898 176.095
 15165.5 15376.7 1049.78 228.494 114.107
 79768.5 5563.55 5141.01 350.981 114.544
 76573.6 37061.7 2353.66 2174.9 196.94
 50777.2 20360.6 8931.45 567.204 571.587
 56671.1 12331.2 4490.28 1969.72 251.147
 93143.5 23897.5 4736.89 1724.89 853.122
 14859.7 17556.9 4091.88 811.078 441.422
 31298.9 4445.96 4796.89 1117.98 342.207
 27802.3 11526.9 1496.78 1614.92 491.588
 11022.2 7827.56 2966.05 385.145 542.039
 26460.2 4858.5 3157.55 1196.47 374.015
 25253 8577.12 1439.74 935.692 465.39
 9145.42 8837.54 2745.59 460.871 448.496
 9745.27 4154.41 3672.7 1141.01 377.914
 31217.2 3152.47 1227.78 1085.42 448.899
F
 0.0791232 0.0860577 0.0860577 0.0860577 0.0860577
 0.139791 0.152042 0.152042 0.152042 0.152042
 0.132706 0.144337 0.144337 0.144337 0.144337
 0.141242 0.15362 0.15362 0.15362 0.15362
 0.0403004 0.0438325 0.0438325 0.0438325 0.0438325
 0.0845036 0.0919097 0.0919097 0.0919097 0.0919097
 0.178328 0.193957 0.193957 0.193957 0.193957
 0.0281714 0.0306405 0.0306405 0.0306405 0.0306405
 0.118666 0.129066 0.129066 0.129066 0.129066
 0.167136 0.181784 0.181784 0.181784 0.181784
 0.0533179 0.0579908 0.0579908 0.0579908 0.0579908
 0.289549 0.314925 0.314925 0.314925 0.314925
 0.274982 0.299082 0.299082 0.299082 0.299082
 0.418251 0.454908 0.454908 0.454908 0.454908
 0.255842 0.278265 0.278265 0.278265 0.278265
 0.262655 0.285675 0.285675 0.285675 0.285675
 0.168669 0.183452 0.183452 0.183452 0.183452
 0.185521 0.201781 0.201781 0.201781 0.201781
 0.270885 0.294626 0.294626 0.294626 0.294626
 0.234543 0.255099 0.255099 0.255099 0.255099
 0.176969 0.192479 0.192479 0.192479 0.192479
 0.229167 0.249252 0.249252 0.249252 0.249252
 0.131103 0.142594 0.142594 0.142594 0.142594
 0.11131 0.121066 0.121066 0.121066 0.121066
 0.115172 0.125266 0.125266 0.125266 0.125266
 0.0903031 0.0982174 0.0982174 0.0982174 0.0982174
 0.110211 0.11987 0.11987 0.11987 0.11987
 0.0996128 0.108343 0.108343 0.108343 0.108343
 0.0964598 0.104914 0.104914 0.104914 0.104914
 0.122425 0.133155 0.133155 0.133155 0.133155
 0.111831 0.121632 0.121632 0.121632 0.121632
YTP_r0W_actual
 259102 44449.8 33886.8 37121.3 16743.9
YTP_p0W_proyectada
 951180 1.0341e+06 140904 69682.4 94071.4
 951180 307312 205546 24093.1 12263.8
CTP_r0_actual
 31217.2 3152.47 1227.78 1085.42 448.899
CTP_p0_proyectada
 126993 65992.4 6091.84 2372.57 2780.71
 126993 19611.5 8886.56 820.329 362.514
Wmedp
 7.49 15.67 23.13 29.37 33.83
Frms_r0
 0.111831 0.121632 0.121632 0.121632 0.121632
Zrms_r0
 1.11183 1.12163 1.12163 1.12163 1.12163
nmprior
 8.19 8.8 8.5 0
nm_flota  nm_reclas  nm_pelaces    nm_pelaL
inf 9.8699 16.2171 37.4081
cv_recla  cv_pelaces  cv_mph
0.494818 0.491089 1.7781
 ------------------------------------------------
Talla a la edad & desviaci?n 
 8 13.2811 15.8009 17.003 17.5766
 0.8 1.32811 1.58009 1.7003 1.75766
