    unsorted:	 4.139560628e-05 -2.893985692e-05 0.001099981021 8.124071994 5.343124165 15.73940738 15.11635150 50.36138990 73.16833715 91.86460468 112.8363806 129.9475805 183.7125264 218.6484719 399.5022532 312.6164021 451.3254854 504.5004129 557.3138189 612.1809918 702.3494672 807.8082705 782.0171416 843.6909227 860.5706547 919.5150694 959.8406110 1014.302314 1019.709635 1086.879258 1130.445424 1212.604593 1235.853316 1331.820644 1438.146669 1546.943259 1630.515443 1810.165267 2008.415700 2090.959883 2527.233831 2630.678420 6525.704689 20239.19890 33295.12090 157763.5291 301111.7544 309745.6578 319458.3678 334643.7361 271052.6858 352044.3406 229480.7700 449465.2954 485187.4371 534108.6505 680621.7299 729388.1986 763204.0826 785411.5466 893230.0816 1214359.722 1375747.193 1450740.483 1573825.008 1677189.208 1777259.717 1944171.370 2105023.017 2293233.939 2398611.000 2827870.485 2933918.058 3415485.915 3677383.765 4734958.116 80104472.34
      sorted:	 -2.893985692e-05 4.139560628e-05 0.001099981021 5.343124165 8.124071994 15.11635150 15.73940738 50.36138990 73.16833715 91.86460468 112.8363806 129.9475805 183.7125264 218.6484719 312.6164021 399.5022532 451.3254854 504.5004129 557.3138189 612.1809918 702.3494672 782.0171416 807.8082705 843.6909227 860.5706547 919.5150694 959.8406110 1014.302314 1019.709635 1086.879258 1130.445424 1212.604593 1235.853316 1331.820644 1438.146669 1546.943259 1630.515443 1810.165267 2008.415700 2090.959883 2527.233831 2630.678420 6525.704689 20239.19890 33295.12090 157763.5291 229480.7700 271052.6858 301111.7544 309745.6578 319458.3678 334643.7361 352044.3406 449465.2954 485187.4371 534108.6505 680621.7299 729388.1986 763204.0826 785411.5466 893230.0816 1214359.722 1375747.193 1450740.483 1573825.008 1677189.208 1777259.717 1944171.370 2105023.017 2293233.939 2398611.000 2827870.485 2933918.058 3415485.915 3677383.765 4734958.116 80104472.34
