    unsorted:	 3.362818132e-06 6.174929067e-06 -8.722212483e-05 0.001099981561 50.55805865 49.78655796 37.87106139 7.199533229 78.47371138 100.2396597 129.9219515 214.1244343 360.6782494 370.6548660 383.2804783 339.3924241 399.5460974 429.2517800 240.9767006 736.7049606 729.9515480 742.3328558 715.0074983 702.7457776 779.4503437 569.2385082 813.4435739 921.7660183 906.1353453 1008.692691 1022.576214 1071.388683 1105.661464 1162.253318 1213.475984 1231.164543 1268.135220 1317.999902 1352.356987 1392.460641 1472.776691 1943.455405 7260.211919 37641.85517 81105.57734 154975.5684 220488.2646 229483.0182 238421.5435 251072.0828 253928.3601 278879.4050 283246.4661 290499.9159 308609.0632 480506.4568 613939.2138 630546.4858 902683.0313 1020705.949 1160510.789 1363058.937 1642121.414 1860421.933 2009674.644 2027402.095 2324259.628 2749564.630 2826105.920 2876742.592 3388579.320 3557840.761 3962447.901 4181704.632 4399658.202 6418838.478 30413088.22
      sorted:	 -8.722212483e-05 3.362818132e-06 6.174929067e-06 0.001099981561 7.199533229 37.87106139 49.78655796 50.55805865 78.47371138 100.2396597 129.9219515 214.1244343 240.9767006 339.3924241 360.6782494 370.6548660 383.2804783 399.5460974 429.2517800 569.2385082 702.7457776 715.0074983 729.9515480 736.7049606 742.3328558 779.4503437 813.4435739 906.1353453 921.7660183 1008.692691 1022.576214 1071.388683 1105.661464 1162.253318 1213.475984 1231.164543 1268.135220 1317.999902 1352.356987 1392.460641 1472.776691 1943.455405 7260.211919 37641.85517 81105.57734 154975.5684 220488.2646 229483.0182 238421.5435 251072.0828 253928.3601 278879.4050 283246.4661 290499.9159 308609.0632 480506.4568 613939.2138 630546.4858 902683.0313 1020705.949 1160510.789 1363058.937 1642121.414 1860421.933 2009674.644 2027402.095 2324259.628 2749564.630 2826105.920 2876742.592 3388579.320 3557840.761 3962447.901 4181704.632 4399658.202 6418838.478 30413088.22
