years
 1991 1992 1993 1994 1995 1996 1997 1998 1999 2000 2001 2002 2003 2004 2005 2006 2007 2008 2009 2010 2011 2012 2013 2014 2015 2016 2017 2018 2019 2020 2021
reclasobs
 0 0 0 0 0 0 0 0 0 252601 567819 844713 477998 351125 339783 2.1784e+06 2.13404e+06 4.81314e+06 1.55562e+06 2.62356e+06 3.21686e+06 3.843e+06 1.13348e+06 3.07943e+06 1.97215e+06 2.03268e+06 2.025e+06 2.42433e+06 2.27542e+06 1.05018e+06 2.36338e+06
reclaspred
 3.46165e+06 2.11152e+06 1.07436e+06 995611 1.15993e+06 1.53639e+06 1.13962e+06 1.04384e+06 746802 546722 486609 607678 604253 502435 569333 1.10819e+06 1.64167e+06 2.46885e+06 2.37618e+06 1.87974e+06 3.18544e+06 2.49649e+06 2.34657e+06 2.94917e+06 2.61165e+06 2.40553e+06 2.46492e+06 2.40752e+06 2.62321e+06 1.75245e+06 2.38089e+06
pelacesobs
 0 0 0 0 0 0 0 0 0 0 0 0 0 0 0 552880 188675 0 991730 2.46772e+06 1.41603e+06 1.21717e+06 2.29649e+06 1.80582e+06 0 1.4828e+06 1.56532e+06 1.57751e+06 1.42118e+06 867257 1.10002e+06
pelacespred
 1.55644e+06 1.07147e+06 567088 426490 518529 685234 507911 533296 393461 265862 254884 251358 270003 239867 288801 469794 684712 1.11156e+06 1.16966e+06 888966 1.32229e+06 1.23618e+06 1.11066e+06 1.49304e+06 1.35337e+06 1.19013e+06 1.37199e+06 1.37483e+06 1.21275e+06 912877 1.23077e+06
mphobs
 0 0 0 0 0 0 0 0 0 0 0 498337 0 5186 125008 0 168611 109162 213762 579715 649985 157893 87575 83554 0 0 0 0 0 0 0
mphpred
 3.09857e+06 2.30639e+06 1.18547e+06 703280 857803 1.02194e+06 1.19876e+06 766596 757272 506892 345015 464106 455364 404862 326358 506394 1.21924e+06 1.37767e+06 1.99679e+06 1.70076e+06 1.83556e+06 2.26608e+06 1.99936e+06 1.78157e+06 2.46992e+06 2.00609e+06 1.72365e+06 1.85874e+06 2.36753e+06 1.68979e+06 1.22488e+06
desembarqueobs
 494567 514787 250237 358949 120608 361735 552515 73892 212993 205616 52469 317467 293654 387597 252695 516296 358380 742168 942051 627588 828172 859565 418607 520667 417249 300574 415391 372974 316634 284311 391294
desembarquepred
 494893 513067 251170 359118 120595 361643 552166 73949.5 213100 205770 52478 317515 293890 388142 252814 516367 358462 742060 941729 627574 828321 859572 418580 520775 417088 300373 415234 372993 316647 284256 391287
Reclutas
 219605 102266 137136 237174 205993 268165 112479 80345.6 49552.6 71657.1 123194 143388 138381 107193 131918 505559 172171 664445 537217 353897 544175 632460 190035 463111 368787 194400 411671 403394 145750 132516 525870
log_desv_Rt
 0.0248851 -0.73937 -0.445974 0.101848 -0.0391026 0.224656 -0.644178 -0.980608 -1.46391 -1.09505 -0.553181 -0.401389 -0.436931 -0.692314 -0.484763 0.85872 -0.218458 1.13201 0.919457 0.502061 0.932327 1.08267 -0.119734 0.771023 0.543273 -0.0970288 0.65328 0.632969 -0.385055 -0.480239 0.89811
SSB
 3.09857e+06 2.30639e+06 1.18547e+06 703280 857803 1.02194e+06 1.19876e+06 766596 757272 506892 345015 464106 455364 404862 326358 506394 1.21924e+06 1.37767e+06 1.99679e+06 1.70076e+06 1.83556e+06 2.26608e+06 1.99936e+06 1.78157e+06 2.46992e+06 2.00609e+06 1.72365e+06 1.85874e+06 2.36753e+06 1.68979e+06 1.22488e+06
BT
 4.24304e+06 3.10393e+06 1.66046e+06 1.60628e+06 1.5377e+06 2.42257e+06 1.80329e+06 1.65661e+06 1.28435e+06 951623 842772 1.03276e+06 1.11394e+06 1.20664e+06 1.29308e+06 2.15372e+06 2.18466e+06 4.41573e+06 4.47355e+06 3.05366e+06 4.9066e+06 4.38101e+06 3.37969e+06 5.48188e+06 4.00216e+06 3.56571e+06 4.91565e+06 4.73426e+06 3.26704e+06 2.68169e+06 4.73417e+06
Ftot
 0.135648 0.22851 0.22015 0.33711 0.0990153 0.222098 0.44613 0.0676367 0.267794 0.350604 0.102762 0.481525 0.44987 0.698955 0.41418 0.434494 0.206103 0.282639 0.369205 0.312337 0.244923 0.32197 0.168843 0.167491 0.15142 0.11871 0.159843 0.147146 0.114729 0.153719 0.156143
BD_Bspro_t
 0.97853 0.854765 0.710444 0.642462 0.669649 0.744774 0.713817 0.574923 0.659033 0.608579 0.58027 0.721524 0.597072 0.519238 0.449425 0.548002 0.65756 0.669949 0.697178 0.632074 0.606448 0.650691 0.655307 0.668824 0.758424 0.763116 0.774757 0.801631 0.827626 0.779205 0.746822
BD_Bspro
 2.0237 1.50632 0.774244 0.459318 0.560238 0.667439 0.782922 0.500671 0.494581 0.331056 0.225332 0.303112 0.297402 0.264419 0.213147 0.33073 0.796295 0.899771 1.30412 1.11078 1.19882 1.48 1.3058 1.16356 1.61313 1.3102 1.12573 1.21396 1.54626 1.10361 0.799979
BD_Bo
 1.48196 1.10308 0.566979 0.336359 0.410263 0.488765 0.573334 0.366641 0.362182 0.242432 0.165011 0.221969 0.217787 0.193634 0.156088 0.242194 0.583127 0.658903 0.955009 0.813426 0.877896 1.0838 0.956235 0.852075 1.18129 0.959456 0.824374 0.888984 1.13232 0.808177 0.585825
BD_Brms
 6.29087 4.68255 2.40681 1.42784 1.74156 2.0748 2.43379 1.55638 1.53745 1.02912 0.700468 0.942253 0.924503 0.821973 0.662589 1.02811 2.47536 2.79703 4.05399 3.45297 3.72665 4.60072 4.0592 3.61704 5.01456 4.07287 3.49945 3.77372 4.80669 3.43069 2.48681
Sel_flota
 0.5 1 1 1 1
 0.5 1 1 1 1
 0.5 1 1 1 1
 0.5 1 1 1 1
 0.5 1 1 1 1
 0.5 1 1 1 1
 0.5 1 1 1 1
 0.5 1 1 1 1
 0.5 1 1 1 1
 0.5 1 1 1 1
 0.5 1 1 1 1
 0.5 1 1 1 1
 0.5 1 1 1 1
 0.5 1 1 1 1
 0.5 1 1 1 1
 0.5 1 1 1 1
 0.5 1 1 1 1
 0.5 1 1 1 1
 0.5 1 1 1 1
 0.5 1 1 1 1
 0.5 1 1 1 1
 0.5 1 1 1 1
 0.5 1 1 1 1
 0.5 1 1 1 1
 0.5 1 1 1 1
 0.5 1 1 1 1
 0.5 1 1 1 1
 0.5 1 1 1 1
 0.5 1 1 1 1
 0.5 1 1 1 1
 0.5 1 1 1 1
Sel_reclas
 0.5 1 1 1 1
 0.5 1 1 1 1
 0.5 1 1 1 1
 0.5 1 1 1 1
 0.5 1 1 1 1
 0.5 1 1 1 1
 0.5 1 1 1 1
 0.5 1 1 1 1
 0.5 1 1 1 1
 0.5 1 1 1 1
 0.5 1 1 1 1
 0.5 1 1 1 1
 0.5 1 1 1 1
 0.5 1 1 1 1
 0.5 1 1 1 1
 0.5 1 1 1 1
 0.5 1 1 1 1
 0.5 1 1 1 1
 0.5 1 1 1 1
 0.5 1 1 1 1
 0.5 1 1 1 1
 0.5 1 1 1 1
 0.5 1 1 1 1
 0.5 1 1 1 1
 0.5 1 1 1 1
 0.5 1 1 1 1
 0.5 1 1 1 1
 0.5 1 1 1 1
 0.5 1 1 1 1
 0.5 1 1 1 1
 0.5 1 1 1 1
Sel_pelaces
 0.5 1 1 1 1
 0.5 1 1 1 1
 0.5 1 1 1 1
 0.5 1 1 1 1
 0.5 1 1 1 1
 0.5 1 1 1 1
 0.5 1 1 1 1
 0.5 1 1 1 1
 0.5 1 1 1 1
 0.5 1 1 1 1
 0.5 1 1 1 1
 0.5 1 1 1 1
 0.5 1 1 1 1
 0.5 1 1 1 1
 0.5 1 1 1 1
 0.5 1 1 1 1
 0.5 1 1 1 1
 0.5 1 1 1 1
 0.5 1 1 1 1
 0.5 1 1 1 1
 0.5 1 1 1 1
 0.5 1 1 1 1
 0.5 1 1 1 1
 0.5 1 1 1 1
 0.5 1 1 1 1
 0.5 1 1 1 1
 0.5 1 1 1 1
 0.5 1 1 1 1
 0.5 1 1 1 1
 0.5 1 1 1 1
 0.5 1 1 1 1
pf_obs 
 0.8446 0.082 0.0669 0.0065 0
 0.8095 0.147 0.0364 0.0071 0
 0.9664 0.0169 0.016 0.0007 0
 0.9276 0.0648 0.0075 0.0001 0
 0.7033 0.2144 0.0806 0.0017 0
 0.9318 0.0425 0.0243 0.0014 0
 0.5671 0.3108 0.0964 0.0239 0.0018
 0.0768 0.2599 0.5324 0.112 0.0189
 0.490249 0.384438 0.106611 0.0170017 0.00170017
 0.7925 0.1577 0.0466 0.003 0.0002
 0.840416 0.127587 0.0312969 0.00059994 9.999e-05
 0.8084 0.0986 0.0794 0.0134 0.0002
 0.7335 0.1905 0.0724 0.0035 0.0001
 0.4001 0.4547 0.1325 0.0127 0
 0.49795 0.308269 0.164784 0.0264974 0.00249975
 0.9179 0.0499 0.0305 0.0017 0
 0.2467 0.6533 0.0926 0.0074 0
 0.9418 0.0223 0.034 0.0019 0
 0.707729 0.231977 0.0356964 0.0245975 0
 0.517169 0.277429 0.184464 0.0207286 0.00020938
 0.811772 0.124168 0.05621 0.00726502 0.000585176
 0.764997 0.148141 0.077277 0.00933861 0.000247198
 0.163321 0.427699 0.378323 0.0303852 0.000271297
 0.753843 0.0900009 0.118128 0.0371064 0.000921714
 0.721811 0.176058 0.0630433 0.0369309 0.00215725
 0.143369 0.312575 0.442814 0.0836902 0.0175525
 0.692698 0.0596174 0.167031 0.0765114 0.00414204
 0.394062 0.376323 0.152708 0.0712218 0.00568511
 0.125707 0.32114 0.495352 0.0537591 0.00404204
 0.23352 0.215282 0.420074 0.123614 0.00750983
 0.774587 0.0839891 0.0768558 0.0609784 0.00358967
pf_pred 
 0.311634 0.371868 0.313268 7.819e-06 0.00322158
 0.256049 0.360944 0.206908 0.174303 0.00179684
 0.475423 0.222542 0.146539 0.084002 0.0714942
 0.649154 0.231318 0.0507073 0.0333896 0.0354306
 0.534046 0.374511 0.0602901 0.0132162 0.0179371
 0.577325 0.296877 0.10111 0.016277 0.00841071
 0.341156 0.490702 0.118099 0.0402218 0.00982087
 0.400357 0.325339 0.2043 0.0491694 0.0208348
 0.345402 0.377466 0.150359 0.0944194 0.0323533
 0.562382 0.233433 0.117741 0.0469006 0.0395434
 0.678095 0.238435 0.0445244 0.0224575 0.0164881
 0.597884 0.326845 0.055753 0.0104111 0.00910663
 0.585473 0.321252 0.0758146 0.0129324 0.00452732
 0.534777 0.355473 0.0850546 0.0200726 0.00462263
 0.655965 0.25485 0.0681455 0.0163053 0.00473417
 0.850007 0.121817 0.0208719 0.00558102 0.0017231
 0.357614 0.596279 0.0374456 0.00641584 0.00224523
 0.769363 0.125019 0.0980372 0.00615661 0.00142401
 0.544819 0.400078 0.029869 0.0234226 0.00181113
 0.454868 0.396839 0.130342 0.00973106 0.00822092
 0.624174 0.243159 0.0965771 0.0317207 0.0043689
 0.598006 0.314093 0.0568715 0.022588 0.00844085
 0.275595 0.555048 0.132325 0.0239596 0.0130722
 0.623679 0.167239 0.1602 0.0381923 0.0106883
 0.48536 0.399843 0.0510165 0.0488692 0.0149111
 0.344469 0.435001 0.171339 0.0218613 0.0273308
 0.621862 0.197068 0.120155 0.0473269 0.0135878
 0.535425 0.360136 0.054429 0.0331862 0.0168243
 0.276595 0.5111 0.164577 0.0248733 0.0228541
 0.373604 0.276644 0.247107 0.0795699 0.0230753
 0.769517 0.127969 0.0452747 0.0404406 0.0167986
pobs_RECLAS
 0 0 0 0 0
 0 0 0 0 0
 0 0 0 0 0
 0 0 0 0 0
 0 0 0 0 0
 0 0 0 0 0
 0 0 0 0 0
 0 0 0 0 0
 0 0 0 0 0
 0 0 0 0 0
 0.991045 0.00858322 0.000360255 1.14367e-05 0
 0.934742 0.0480273 0.0164251 0.00080598 0
 0.827803 0.169806 0.00239088 0 0
 0.941827 0.0461693 0.0120037 0 0
 0.791401 0.0380133 0.147996 0.0225897 0
 0.846168 0.0940531 0.0597789 0 0
 0.134021 0.677848 0.182769 0.00536245 0
 0.80878 0.0450904 0.141981 0.00414843 0
 0.846168 0.0940531 0.0597789 0 0
 0.905697 0.0802665 0.012482 0.00150086 5.37128e-05
 0.989698 0.0102097 9.19794e-05 0 0
 0.975433 0.0193895 0.00387452 0.00125025 5.28907e-05
 0.303575 0.632131 0.0575291 0.00676475 0
 0.966965 0.00978017 0.0227588 0.000495775 0
 0.843318 0.132988 0.00938335 0.0141283 0.000182051
 0.564624 0.303363 0.111486 0.0197234 0.00080311
 0.826376 0.0876187 0.0782897 0.00655872 0.00115652
 0.89761 0.0855135 0.0140674 0.00269457 0.000114338
 0.34875 0.467042 0.161289 0.0227151 0.000203297
 0.318654 0.224769 0.449479 0.00709798 0
 0.937255 0.0296025 0.0250945 0.00804832 0
ppred_RECLAS
 0.312945 0.37116 0.312672 7.80411e-06 0.00321545
 0.258132 0.359934 0.206328 0.173815 0.00179181
 0.47803 0.221436 0.145811 0.0835845 0.0711389
 0.653051 0.228749 0.0501441 0.0330188 0.0350371
 0.535128 0.373641 0.0601501 0.0131855 0.0178954
 0.579899 0.295069 0.100494 0.0161779 0.00835949
 0.346593 0.486653 0.117124 0.0398899 0.00973982
 0.401055 0.32496 0.204062 0.0491122 0.0208106
 0.348367 0.375756 0.149678 0.0939917 0.0322067
 0.566801 0.231076 0.116552 0.046427 0.0391442
 0.679082 0.237704 0.0443879 0.0223887 0.0164375
 0.604237 0.321681 0.0548722 0.0102466 0.00896275
 0.59137 0.316683 0.0747362 0.0127485 0.00446292
 0.545394 0.347361 0.0831136 0.0196146 0.00451714
 0.660911 0.251186 0.0671658 0.0160709 0.00466611
 0.852957 0.119422 0.0204614 0.00547127 0.00168922
 0.359846 0.594208 0.0373155 0.00639356 0.00223743
 0.771826 0.123684 0.0969901 0.00609086 0.0014088
 0.549559 0.395912 0.0295581 0.0231787 0.00179227
 0.458755 0.394009 0.129412 0.00966166 0.00816229
 0.626939 0.24137 0.0958665 0.0314873 0.00433676
 0.601904 0.311048 0.0563201 0.022369 0.00835901
 0.277148 0.553858 0.132042 0.0239082 0.0130442
 0.625484 0.166438 0.159432 0.0380092 0.0106371
 0.48708 0.398507 0.050846 0.0487059 0.0148612
 0.345663 0.434208 0.171027 0.0218215 0.027281
 0.623579 0.196173 0.11961 0.0471121 0.0135261
 0.537084 0.35885 0.0542346 0.0330677 0.0167642
 0.277616 0.510379 0.164345 0.0248382 0.0228219
 0.375243 0.27592 0.24646 0.0793616 0.0230149
 0.770778 0.127269 0.0450271 0.0402194 0.0167067
pobs_PELACES
 0 0 0 0 0
 0 0 0 0 0
 0 0 0 0 0
 0 0 0 0 0
 0 0 0 0 0
 0 0 0 0 0
 0 0 0 0 0
 0 0 0 0 0
 0 0 0 0 0
 0 0 0 0 0
 0 0 0 0 0
 0 0 0 0 0
 0 0 0 0 0
 0 0 0 0 0
 0 0 0 0 0
 0 0 0 0 0
 0.505614 0.472636 0.0217494 0 0
 0 0 0 0 0
 0.443492 0.261883 0.143347 0.151278 0
 0.227955 0.32914 0.350689 0.0885471 0.00366901
 0.970185 0.0296113 0.000203453 0 0
 0.997202 0.00247181 0.000326279 0 0
 0.445219 0.490057 0.0546422 0.010081 0
 0.90214 0.0892962 0.00764917 0.000914606 0
 0 0 0 0 0
 0.581667 0.319106 0.0959925 0.00289975 0.000334073
 0.762889 0.0836404 0.116647 0.0363945 0.000428098
 0.88444 0.0763242 0.0277011 0.0115352 0
 0.521256 0.241999 0.230069 0.00667565 0
 0.616807 0.101726 0.260614 0.0208532 0
 0.833518 0.0704572 0.0857862 0.0102388 0
ppred_PELACES
 0.317777 0.36855 0.310473 7.74922e-06 0.00319283
 0.265417 0.356399 0.204302 0.172108 0.00177421
 0.4871 0.217588 0.143277 0.0821321 0.0699027
 0.665544 0.220512 0.0483385 0.0318299 0.0337754
 0.53919 0.370376 0.0596245 0.0130703 0.0177391
 0.5888 0.288818 0.0983649 0.0158351 0.00818238
 0.363446 0.474101 0.114103 0.038861 0.00948861
 0.403739 0.323504 0.203147 0.0488921 0.0207173
 0.358464 0.369934 0.147359 0.0925354 0.0317077
 0.580946 0.223531 0.112746 0.044911 0.0378659
 0.682766 0.234975 0.0438784 0.0221317 0.0162489
 0.623071 0.306373 0.0522609 0.009759 0.00853622
 0.609178 0.302881 0.0714791 0.0121929 0.00426842
 0.573808 0.32565 0.0779188 0.0183886 0.00423481
 0.676054 0.239968 0.0641663 0.0153532 0.00445773
 0.861723 0.112302 0.0192416 0.0051451 0.00158851
 0.367717 0.586902 0.0368567 0.00631495 0.00220992
 0.779935 0.119289 0.0935433 0.00587441 0.00135874
 0.564589 0.382702 0.0285718 0.0224053 0.00173247
 0.471576 0.384676 0.126347 0.0094328 0.00796895
 0.636342 0.235287 0.0934503 0.0306938 0.00422746
 0.614562 0.301158 0.0545293 0.0216577 0.00809322
 0.282764 0.549555 0.131016 0.0237225 0.0129429
 0.631935 0.163571 0.156686 0.0373545 0.0104538
 0.493324 0.393656 0.050227 0.048113 0.0146803
 0.350106 0.43126 0.169865 0.0216733 0.0270957
 0.629749 0.192958 0.117649 0.0463398 0.0133044
 0.543114 0.354175 0.053528 0.0326369 0.0165458
 0.281428 0.507686 0.163478 0.0247072 0.0227014
 0.381208 0.273286 0.244107 0.078604 0.0227951
 0.775298 0.124759 0.0441391 0.0394263 0.0163772
pobs_pel_tallas
 0 0 0 0 0 0 0 0 0 0 0 0 0 0 0 0 0 0 0 0 0 0 0 0 0 0
 0 0 0 0 0 0 0 0 0 0 0 0 0 0 0 0 0 0 0 0 0 0 0 0 0 0
 0 0 0 0 0 0 0 0 0 0 0 0 0 0 0 0 0 0 0 0 0 0 0 0 0 0
 0 0 0 0 0 0 0 0 0 0 0 0 0 0 0 0 0 0 0 0 0 0 0 0 0 0
 0 0 0 0 0 0 0 0 0 0 0 0 0 0 0 0 0 0 0 0 0 0 0 0 0 0
 0 0 0 0 0 0 0 0 0 0 0 0 0 0 0 0 0 0 0 0 0 0 0 0 0 0
 0 0 0 0 0 0 0 0 0 0 0 0 0 0 0 0 0 0 0 0 0 0 0 0 0 0
 0 0 0 0 0 0 0 0 0 0 0 0 0 0 0 0 0 0 0 0 0 0 0 0 0 0
 0 0 0 0 0 0 0 0 0 0 0 0 0 0 0 0 0 0 0 0 0 0 0 0 0 0
 0 0 0 0 0 0 0 0 0 0 0 0 0 0 0 0 0 0 0 0 0 0 0 0 0 0
 0 0 0 0 0 0 0 0 0 0 0 0 0 0 0 0 0 0 0 0 0 0 0 0 0 0
 0 0 0 0 0 0 0 0 0 0 0 0 0 0 0 0 0 0 0 0 0 0 0 0 0 0
 0.00862536 0 0 0.000197151 0.00414017 0.0128641 0.00837892 0.0270097 0.101434 0.158115 0.152841 0.127902 0.109271 0.109419 0.0830992 0.0579132 0.0238553 0.00714673 0.00463305 0.00128148 0.00103504 0.000492878 0.000147863 0.000147863 4.92878e-05 0
 0 0 0 0 0 0 0 0 0 0 0 0 0 0 0 0 0 0 0 0 0 0 0 0 0 0
 0 0 0 0 0 0 0 0.0054083 0.00873648 0.0413646 0.0450493 0.0745869 0.0622846 0.0627006 0.0613931 0.0827291 0.12552 0.122667 0.0946155 0.0697135 0.0546179 0.0294188 0.0215738 0.0213955 0.0102223 0.00600262
 0 0 0 0 0.00359764 0.0251062 0.0480494 0.140153 0.205849 0.193036 0.1447 0.116669 0.0760912 0.0342217 0.00950174 0.001854 0.000860785 0 0 0 0.000165536 0 0.000143464 0 0 0
 0 0 0 0 0 0 0 0.000145254 0.000435761 0.0275982 0.070085 0.0708112 0.156366 0.174668 0.174014 0.160142 0.0824315 0.0480064 0.0283245 0.00493863 0.00203355 0 0 0 0 0
 0 0 0 0 0 0 0 0 0 0 0 0 0 0 0 0 0 0 0 0 0 0 0 0 0 0
 0 0 1.00437e-05 0.000401748 0.00122533 0.00171747 0.00176769 0.0269171 0.070346 0.194647 0.189555 0.159765 0.064822 0.0314167 0.0384472 0.0292271 0.0345202 0.0313363 0.0194345 0.0106764 0.0143323 0.0359363 0.0279516 0.0138201 0.00172751 0
 0 0.0021121 0.0136068 0.0755702 0.200478 0.177729 0.0527432 0.0373336 0.0318909 0.0142505 0.0149659 0.0166563 0.0217959 0.0798694 0.0677717 0.0528807 0.04013 0.0224614 0.0357745 0.0225083 0.00881397 0.00855152 0.00135912 0.000746735 0 0
 0 0 0 0 5.4009e-05 0.00500934 0.000945158 0.0243581 0.138947 0.33067 0.221406 0.137944 0.0707744 0.0437923 0.0131692 0.00525238 0.0047753 0.00276346 9.45158e-05 9.00151e-06 2.25038e-05 9.00151e-06 4.50075e-06 0 0 0
 0.000866109 0.00284123 0.00948549 0.0512746 0.133035 0.25785 0.225252 0.132002 0.0553304 0.0519788 0.0540692 0.017754 0.00435017 0.00159236 0.00146478 0.000404838 0.000125132 0.000115318 0.000107957 0.000100596 0 0 0 0 0 0
 0 0 0 0 0.00144013 0.00171154 0.00461396 0.0210425 0.0478622 0.0707936 0.0888783 0.103762 0.0637923 0.0337046 0.0602308 0.124433 0.169614 0.0934646 0.0462172 0.0250306 0.0313229 0.00938855 0.002487 0.000210481 0 0
 0 0.00764035 0.051015 0.0998891 0.058973 0.0496711 0.0374665 0.0718981 0.12319 0.153886 0.159021 0.0857701 0.0377988 0.023471 0.0147837 0.00900784 0.00315554 0.000888139 0.00291439 0.00214683 0.00393193 0.00274676 0.000635225 9.99891e-05 0 0
 0 0 0 0 0 0 0 0 0 0 0 0 0 0 0 0 0 0 0 0 0 0 0 0 0 0
 0 0 0 0 0 0 0 0 0 0 0 0 0 0 0 0 0 0 0 0 0 0 0 0 0 0
 0 0 0 0 0 0 0 0 0 0 0 0 0 0 0 0 0 0 0 0 0 0 0 0 0 0
 0 0 0 0 0 0 0 0 0 0 0 0 0 0 0 0 0 0 0 0 0 0 0 0 0 0
 0 0 0 0 0 0 0 0 0 0 0 0 0 0 0 0 0 0 0 0 0 0 0 0 0 0
 0 0 0 0 0 0 0 0 0 0 0 0 0 0 0 0 0 0 0 0 0 0 0 0 0 0
 0 0 0 0 0 0 0 0 0 0 0 0 0 0 0 0 0 0 0 0 0 0 0 0 0 0
ppred_pel_tallas
 1.09595e-16 2.6175e-05 0.00025443 0.00169078 0.00768605 0.0239144 0.0509534 0.0743755 0.0744114 0.0511291 0.0245054 0.0093981 0.00600702 0.00973864 0.0182187 0.030545 0.0450791 0.0589191 0.0690148 0.0737811 0.0737713 0.0708045 0.0663863 0.060842 0.0537241 0.0448237
 1.23548e-16 2.18622e-05 0.000212508 0.00141219 0.00641964 0.0199741 0.0425581 0.0621221 0.0621568 0.0427276 0.0205438 0.00806924 0.00556789 0.00933477 0.0174969 0.0292916 0.043151 0.0563243 0.0660395 0.0711176 0.0725981 0.0727321 0.0731692 0.0738398 0.0732749 0.0698444
 1.24257e-16 4.01218e-05 0.000389999 0.00259168 0.0117814 0.0366564 0.0781012 0.113995 0.114017 0.0782048 0.037005 0.0127911 0.00513703 0.00598341 0.0107734 0.0180427 0.0266981 0.0351148 0.0416987 0.0458394 0.0482616 0.0503713 0.0531088 0.0562381 0.0585414 0.0586172
 1.1036e-16 5.482e-05 0.00053287 0.00354111 0.0160974 0.0500851 0.106712 0.155754 0.155775 0.106816 0.0504346 0.0171077 0.00607936 0.00608166 0.0106167 0.0175298 0.0254077 0.0323103 0.0363212 0.0366217 0.0339973 0.0302885 0.0272205 0.0255177 0.0248284 0.0242673
 1.06129e-16 4.44124e-05 0.000431705 0.00286883 0.0130413 0.0405766 0.086454 0.12619 0.126225 0.0866285 0.0411626 0.014734 0.00711856 0.00971143 0.017676 0.0291724 0.0420699 0.0530147 0.0586186 0.0573307 0.0503579 0.0408255 0.0318785 0.0252023 0.0208193 0.0178474
 1.05886e-16 4.84987e-05 0.000471425 0.00313279 0.0142412 0.0443098 0.0944078 0.137797 0.137825 0.0945443 0.0447685 0.0155671 0.0064654 0.00776132 0.0139367 0.0230765 0.0335022 0.0426823 0.0480511 0.048402 0.0445495 0.0386598 0.0328287 0.0280536 0.0242094 0.0207086
 1.08917e-16 2.99367e-05 0.000290995 0.00193377 0.00879066 0.0273512 0.0582764 0.0850657 0.0851115 0.0585001 0.0281027 0.0109621 0.00738844 0.0122121 0.0227105 0.0376036 0.0544169 0.0689622 0.0769786 0.0765005 0.0689873 0.0582268 0.0479393 0.0399801 0.034197 0.0294815
 1.14355e-16 3.32555e-05 0.000323256 0.00214815 0.00976519 0.0303833 0.064736 0.0944907 0.0945221 0.0648897 0.0309003 0.0112618 0.00591765 0.00859437 0.0158661 0.026504 0.0389442 0.0505895 0.0587811 0.0622666 0.0618196 0.0594221 0.0567279 0.0541035 0.0508543 0.0461551
 1.18993e-16 2.95263e-05 0.000287006 0.00190726 0.00867013 0.0269762 0.057477 0.0838968 0.0839327 0.0576522 0.027565 0.0103732 0.00619135 0.00967026 0.0179428 0.0298641 0.0436114 0.0561251 0.0643223 0.0668602 0.0649032 0.0611622 0.0579953 0.0560914 0.0545519 0.0519416
 1.14223e-16 4.78518e-05 0.000465137 0.003091 0.0140512 0.0437187 0.0931482 0.135957 0.135979 0.0932543 0.0440753 0.015083 0.00568808 0.00615917 0.010935 0.0181966 0.0266723 0.0345373 0.0399726 0.042188 0.0418597 0.0405401 0.0395251 0.0390954 0.0386077 0.0371524
 1.06296e-16 5.62386e-05 0.000546659 0.00363274 0.0165139 0.0513811 0.109474 0.159785 0.159807 0.109584 0.0517532 0.017589 0.00633258 0.00644489 0.0112716 0.0185821 0.0268532 0.0339691 0.0378218 0.0374681 0.0336947 0.0284641 0.0236961 0.0203327 0.0182357 0.01671
 1.0401e-16 5.13216e-05 0.000498864 0.00331513 0.0150701 0.0468889 0.0999028 0.145817 0.145847 0.100047 0.0473737 0.0164705 0.00683109 0.00817665 0.01464 0.0241404 0.0348143 0.0438732 0.0485056 0.0474126 0.0415685 0.0335326 0.0258899 0.0200419 0.0160472 0.0132433
 1.04086e-16 5.01773e-05 0.000487741 0.00324121 0.0147341 0.0458434 0.0976753 0.142566 0.142595 0.0978182 0.0463233 0.0161208 0.00672417 0.00809828 0.0145251 0.0239884 0.034679 0.0438753 0.0488248 0.0482406 0.0430334 0.0356258 0.0284365 0.0227339 0.0185315 0.0152277
 1.04893e-16 4.72639e-05 0.000459422 0.00305302 0.0138786 0.0431816 0.0920042 0.134289 0.134321 0.0921579 0.0436977 0.0153698 0.00679866 0.0086446 0.0156171 0.0258082 0.0373244 0.0472536 0.0526473 0.0521326 0.0466936 0.0389298 0.0314207 0.0254963 0.0211305 0.0176426
 1.04208e-16 5.56858e-05 0.000541285 0.00359703 0.0163516 0.050876 0.108398 0.158214 0.158238 0.108511 0.0512565 0.0174513 0.0063598 0.0065805 0.0115489 0.0190667 0.0276065 0.0350214 0.0391532 0.0389975 0.0352698 0.0298542 0.0246025 0.0204412 0.0173109 0.0146971
 1.01369e-16 7.0979e-05 0.000689941 0.0045849 0.0208423 0.0648482 0.138166 0.20166 0.201671 0.138219 0.0650259 0.0213557 0.00587378 0.00350454 0.00541923 0.00885416 0.0127653 0.0160894 0.0177933 0.0174003 0.0152664 0.0123263 0.00952311 0.00736621 0.00587493 0.00480868
 1.02221e-16 3.02884e-05 0.000294415 0.00195649 0.00889396 0.0276727 0.0589617 0.0860682 0.0861247 0.0592377 0.0285992 0.011569 0.00866738 0.0149319 0.0277927 0.0458022 0.0657492 0.0822005 0.0896348 0.0855012 0.0717593 0.053603 0.0364341 0.023419 0.015021 0.0100756
 1.0355e-16 6.42422e-05 0.000624457 0.00414974 0.0188641 0.0586933 0.125053 0.182521 0.182532 0.12511 0.0588845 0.0194176 0.00554487 0.00368884 0.00593904 0.00985965 0.0145284 0.0189571 0.0221563 0.0236254 0.0235704 0.0226159 0.0212802 0.0196757 0.0176295 0.0150155
 1.03463e-16 4.65045e-05 0.00045204 0.00300397 0.0136556 0.0424879 0.0905264 0.132134 0.13217 0.0907064 0.0430923 0.0154009 0.00738328 0.0100066 0.0181763 0.0299343 0.0430227 0.0539102 0.0590358 0.0567759 0.0484284 0.0373588 0.027013 0.0193273 0.0144523 0.011499
 1.0604e-16 3.88432e-05 0.00037757 0.00250908 0.011406 0.0354884 0.0756131 0.110367 0.110404 0.0757948 0.036099 0.013171 0.00694488 0.0100784 0.0185134 0.030677 0.0444939 0.0565861 0.0635045 0.0636105 0.0579733 0.0494954 0.0410291 0.0340031 0.0283701 0.023451
 1.06551e-16 5.24147e-05 0.000509489 0.00338574 0.0153911 0.0478875 0.10203 0.148921 0.148944 0.102142 0.0482617 0.0164732 0.00610693 0.00646648 0.0114147 0.0189165 0.0275474 0.03528 0.0400718 0.0409731 0.0386389 0.0347638 0.0309219 0.0277573 0.0250147 0.0221292
 1.05193e-16 5.06207e-05 0.000492052 0.00326986 0.0148643 0.0462486 0.0985385 0.143826 0.143855 0.0986805 0.0467253 0.0162416 0.0067282 0.00804575 0.0144088 0.0237735 0.0343209 0.0433313 0.0480675 0.0472778 0.0419317 0.0345291 0.0275593 0.0223162 0.0187598 0.0161581
 1.08491e-16 2.3291e-05 0.000226397 0.00150449 0.00683922 0.0212796 0.0453405 0.0661868 0.0662399 0.0455997 0.0221504 0.00935554 0.00782496 0.0140378 0.0262942 0.0435386 0.062964 0.0796964 0.0887591 0.0878331 0.0785828 0.0654072 0.0526814 0.0426748 0.0353624 0.0295973
 1.10079e-16 5.20517e-05 0.000505961 0.00336229 0.0152845 0.0475558 0.101323 0.147887 0.147903 0.101401 0.047819 0.0160476 0.00528863 0.0047467 0.00821051 0.0137653 0.0204669 0.0270882 0.0323853 0.0357555 0.0374838 0.0383017 0.0386568 0.0383494 0.0367912 0.0335674
 1.0886e-16 4.06345e-05 0.000394982 0.00262479 0.011932 0.037125 0.0791001 0.115457 0.115495 0.0792855 0.0377476 0.0137305 0.00713991 0.0102536 0.0187708 0.0309884 0.0446924 0.0563404 0.062369 0.0611918 0.0541683 0.0446808 0.0360717 0.0300333 0.0263929 0.0239742
 1.11772e-16 2.88379e-05 0.000280314 0.00186279 0.008468 0.0263473 0.0561373 0.0819427 0.0819845 0.0563413 0.0270329 0.0104506 0.00684783 0.0111909 0.0208331 0.0346129 0.0503672 0.0644055 0.0729544 0.0742439 0.0694697 0.061778 0.0541509 0.0479086 0.0427222 0.0376383
 1.10344e-16 5.18716e-05 0.000504211 0.00335066 0.0152316 0.0473913 0.100973 0.147377 0.147396 0.101065 0.0476997 0.0161244 0.00559941 0.00543906 0.00950036 0.0158254 0.0232683 0.0302718 0.0352764 0.0375732 0.0376625 0.036747 0.0357925 0.0349406 0.0336506 0.031289
 1.07709e-16 4.47357e-05 0.000434847 0.00288971 0.0131362 0.0408719 0.0870831 0.127108 0.127142 0.08725 0.0414323 0.0147551 0.00695415 0.00931074 0.0169116 0.0279154 0.0402796 0.0508149 0.0563129 0.0553319 0.0490663 0.0405228 0.0326804 0.0270614 0.0235473 0.0211436
 1.11167e-16 2.31809e-05 0.000225327 0.00149738 0.0068069 0.0211791 0.0451261 0.0658731 0.0659222 0.0453659 0.021985 0.00913654 0.00735227 0.0130304 0.0244125 0.0405054 0.0587766 0.0748137 0.0841047 0.0845405 0.0775904 0.0671247 0.0568974 0.0487085 0.0423326 0.0366697
 1.18855e-16 3.13997e-05 0.000305216 0.00202827 0.00922023 0.0286877 0.0611232 0.0892166 0.0892433 0.0612537 0.0291271 0.0104938 0.0052422 0.0073779 0.0136308 0.0229245 0.0340562 0.0450148 0.0537389 0.0592668 0.0621558 0.063728 0.0648063 0.0650548 0.0633803 0.0588922
 1.08032e-16 6.38603e-05 0.000620745 0.00412507 0.018752 0.0583444 0.124309 0.181436 0.181448 0.124368 0.0585429 0.019326 0.00556896 0.00378285 0.00609967 0.010065 0.0146923 0.0189134 0.021702 0.0226351 0.0221459 0.0211878 0.0205714 0.0204987 0.0205826 0.0202184
pSPR Fmed_Fpbrs
0.704503   0.285572 0.285572
Fs Fmed_Fpbrs
0.22379   1.005 1.005
SSBpbr Bo_Bmed_Bpbrs
2.09086e+06  1.36847e+06  492550 492550
Ro
214207
SPR SPRFo_SPRFmed_SPRFpbrs
1.53114e+06 1.07869e+06 437251
Fref
1.005
Nvult_r0
 346942 30936.9 10945.3 9776.66 4061.11
CTP_r0
 25124.8 4178.19 1478.22 1320.39 548.474
YTP_r0
391287
Np
 311770 178928 14206.5 5026.19 5902.39
Nvult_p0
 242378 154833 12293.5 4349.37 5107.57
CTP_p0
 81061.6 77609.7 6162.07 2180.11 2560.15
YTP_p0
 2.15608e+06
CBA_c0
920725
log_Ro
12.0947
likeval ReclasPelacesDesembMPH_pf_preclas_ppelaces_ptallas_desvR_qrecl_qpela
 19.9227 19.1747 0.157767 0.00318643 251.24 137.858 105.038 0 20.8769 0 0 0.704527 0 0 0
q_reclas_q_pelaces
1 1
M
1
N
 219605 134720 113491 2.83267 1167.11
 102266 75490.4 43274.1 36454.9 375.803
 137136 33559.5 22098.2 12667.6 10781.4
 237174 45190.9 9906.29 6523.08 6921.8
 205993 73717.3 11867.3 2601.43 3530.67
 268165 72120.2 24562.5 3954.17 2043.21
 112479 88283.4 21247.4 7236.4 1766.9
 80345.6 33105.6 20789 5003.34 2120.09
 49552.6 28574.6 11382.4 7147.66 2449.18
 71657.1 15944.9 8042.38 3203.59 2701.05
 123194 22122.4 4131.06 2083.65 1529.79
 143388 43050.9 7343.59 1371.32 1199.49
 138381 41462.6 9785.07 1669.13 584.321
 107193 40653.3 9727.17 2295.58 528.662
 131918 27803.3 7434.45 1778.85 516.483
 505559 39452.3 6759.67 1807.5 558.053
 172171 149668 9398.95 1610.4 563.56
 664445 57136 44804.8 2813.68 650.798
 537217 212222 15844.1 12424.6 960.717
 353897 164317 53970 4029.29 3404
 544175 111368 44232.6 14528.2 2000.97
 632460 177117 32069.8 12737.4 4759.79
 190035 198072 47221.1 8550.12 4664.91
 463111 64250.5 61546.2 14672.8 4106.25
 368787 156683 19991.3 19149.9 5843.05
 194400 125777 49541.1 6321 7902.46
 411671 67394.3 41091.4 16185.1 4646.82
 403394 139813 21130.5 12883.6 6531.55
 145750 137874 44396.3 6709.82 6165.12
 132516 50629 45223.3 14562.2 4223.03
 525870 45143.5 15971.5 14266.2 5926.01
pred_Ctot
 9153.56 10922.8 9201.58 0.229666 94.6269
 7045.09 9931.26 5692.99 4795.87 49.4394
 9117.24 4267.72 2810.2 1610.92 1371.05
 23577.3 8401.5 1841.69 1212.71 1286.84
 6315.08 4428.58 712.928 156.281 212.105
 17979.1 9245.37 3148.77 506.9 261.927
 14476.3 20822 5011.29 1706.73 416.729
 1693.54 1376.2 864.2 207.99 88.1327
 3968.59 4336.99 1727.59 1084.86 371.731
 7388.35 3066.76 1546.83 616.161 519.506
 3916.62 1377.18 257.169 129.713 95.2338
 19778 10812.1 1844.31 344.4 301.248
 17945.8 9846.97 2323.86 396.402 138.771
 20559.7 13666.3 3269.96 771.701 177.719
 15863.6 6163.18 1648 394.32 114.489
 63517.4 9102.86 1559.66 417.046 128.76
 10747 17919.4 1125.32 192.809 67.4737
 55994.7 9098.98 7135.21 448.082 103.64
 58110.8 42672.6 3185.85 2498.27 193.176
 32759.4 28580.2 9387.16 700.827 592.067
 40046.4 15600.9 6196.3 2035.17 280.305
 60233.2 31636.6 5728.3 2275.14 850.192
 9792.27 19721.6 4701.69 851.315 464.474
 23679 6349.52 6082.27 1450.03 405.798
 17103.4 14089.9 1797.75 1722.08 525.444
 7116.04 8986.25 3539.52 451.611 564.6
 20119.3 6375.8 3887.43 1531.18 439.61
 18196.4 12239.2 1849.77 1127.83 571.772
 5160.5 9535.7 3070.56 464.067 426.394
 6236.12 4617.69 4124.66 1328.17 385.168
 25124.8 4178.19 1478.22 1320.39 548.474
F
 0.0678238 0.135648 0.135648 0.135648 0.135648
 0.114255 0.22851 0.22851 0.22851 0.22851
 0.110075 0.22015 0.22015 0.22015 0.22015
 0.168555 0.33711 0.33711 0.33711 0.33711
 0.0495076 0.0990153 0.0990153 0.0990153 0.0990153
 0.111049 0.222098 0.222098 0.222098 0.222098
 0.223065 0.44613 0.44613 0.44613 0.44613
 0.0338184 0.0676367 0.0676367 0.0676367 0.0676367
 0.133897 0.267794 0.267794 0.267794 0.267794
 0.175302 0.350604 0.350604 0.350604 0.350604
 0.0513811 0.102762 0.102762 0.102762 0.102762
 0.240763 0.481525 0.481525 0.481525 0.481525
 0.224935 0.44987 0.44987 0.44987 0.44987
 0.349477 0.698955 0.698955 0.698955 0.698955
 0.20709 0.41418 0.41418 0.41418 0.41418
 0.217247 0.434494 0.434494 0.434494 0.434494
 0.103052 0.206103 0.206103 0.206103 0.206103
 0.141319 0.282639 0.282639 0.282639 0.282639
 0.184603 0.369205 0.369205 0.369205 0.369205
 0.156168 0.312337 0.312337 0.312337 0.312337
 0.122462 0.244923 0.244923 0.244923 0.244923
 0.160985 0.32197 0.32197 0.32197 0.32197
 0.0844215 0.168843 0.168843 0.168843 0.168843
 0.0837454 0.167491 0.167491 0.167491 0.167491
 0.0757101 0.15142 0.15142 0.15142 0.15142
 0.0593551 0.11871 0.11871 0.11871 0.11871
 0.0799213 0.159843 0.159843 0.159843 0.159843
 0.0735731 0.147146 0.147146 0.147146 0.147146
 0.0573644 0.114729 0.114729 0.114729 0.114729
 0.0768595 0.153719 0.153719 0.153719 0.153719
 0.0780716 0.156143 0.156143 0.156143 0.156143
YTP_r0W_actual
 213561 68104.6 42720.6 45949.5 20951.7
YTP_p0W_proyectada
 609583 1.25107e+06 144069 64313.1 87045.2
CTP_r0_actual
 25124.8 4178.19 1478.22 1320.39 548.474
CTP_p0_proyectada
 81061.6 77609.7 6162.07 2180.11 2560.15
Wmedp
 7.52 16.12 23.38 29.5 34
Frms_r0
 0.0780716 0.156143 0.156143 0.156143 0.156143
Zrms_r0
 1.07807 1.15614 1.15614 1.15614 1.15614
nmprior
 8.19 8.8 8.5 0
nm_flota  nm_reclas  nm_pelaces    nm_pelaL
inf 7.34664 7.76024 14.3495
cv_recla  cv_pelaces  cv_mph
0.403738 0.49652 1.74204
 ------------------------------------------------
Talla a la edad & desviaci?n 
 8 13.2811 15.8009 17.003 17.5766
 0.8 1.32811 1.58009 1.7003 1.75766
