    unsorted:	 1.546976672e-05 6.200084909e-06 0.001099982293 8.337539498 14.14798130 5.511552753 16.44214097 41.60954680 75.39712420 101.4770938 116.2379045 157.5299056 224.6478929 349.4498111 335.3041563 363.7311383 380.1694676 273.0941541 409.9267507 686.6277745 674.6445878 700.9972449 720.8645099 640.3840178 734.1448893 529.0183595 804.4301406 787.2849952 823.5132692 912.3415214 928.2471613 976.8853301 1049.488100 1120.149933 1144.474811 1158.162158 1181.113261 1213.387554 1230.734842 1240.030473 1453.971663 1773.009153 2763.364332 17171.55617 32169.81243 251107.6234 254083.9123 243111.4396 239989.7005 264073.7690 229076.3202 277197.1175 279851.5482 153437.8152 309437.4413 475310.2217 562883.7036 594076.0095 774197.2432 961795.0046 1134268.118 1415418.228 1695653.692 1964574.574 2065723.798 2131648.360 2376721.510 2701173.221 2815877.080 3116148.456 3484487.916 3553274.490 4129128.767 4297750.580 4651085.309 6646850.925 26164683.13
      sorted:	 6.200084909e-06 1.546976672e-05 0.001099982293 5.511552753 8.337539498 14.14798130 16.44214097 41.60954680 75.39712420 101.4770938 116.2379045 157.5299056 224.6478929 273.0941541 335.3041563 349.4498111 363.7311383 380.1694676 409.9267507 529.0183595 640.3840178 674.6445878 686.6277745 700.9972449 720.8645099 734.1448893 787.2849952 804.4301406 823.5132692 912.3415214 928.2471613 976.8853301 1049.488100 1120.149933 1144.474811 1158.162158 1181.113261 1213.387554 1230.734842 1240.030473 1453.971663 1773.009153 2763.364332 17171.55617 32169.81243 153437.8152 229076.3202 239989.7005 243111.4396 251107.6234 254083.9123 264073.7690 277197.1175 279851.5482 309437.4413 475310.2217 562883.7036 594076.0095 774197.2432 961795.0046 1134268.118 1415418.228 1695653.692 1964574.574 2065723.798 2131648.360 2376721.510 2701173.221 2815877.080 3116148.456 3484487.916 3553274.490 4129128.767 4297750.580 4651085.309 6646850.925 26164683.13
