years
 1991 1992 1993 1994 1995 1996 1997 1998 1999 2000 2001 2002 2003 2004 2005 2006 2007 2008 2009 2010 2011 2012 2013 2014 2015 2016 2017 2018 2019 2020 2021
reclasobs
 0 0 0 0 0 0 0 0 0 252601 567819 844713 477998 351125 339783 2.1784e+06 2.13404e+06 4.81314e+06 1.55562e+06 2.62356e+06 3.21686e+06 3.843e+06 1.13348e+06 3.07943e+06 1.97215e+06 2.03268e+06 2.025e+06 2.42433e+06 2.27542e+06 1.05018e+06 2.36338e+06
reclaspred
 2.9632e+06 1.83474e+06 925401 743552 749169 1.06871e+06 791013 714974 528793 410870 404100 542828 553772 444928 538937 1.0656e+06 1.52648e+06 2.31317e+06 2.29883e+06 1.75332e+06 3.01545e+06 2.48317e+06 2.27464e+06 2.78258e+06 2.44073e+06 2.21822e+06 2.23687e+06 2.25439e+06 2.49632e+06 1.608e+06 2.08307e+06
pelacesobs
 0 0 0 0 0 0 0 0 0 0 0 0 0 0 0 552880 188675 0 991730 2.46772e+06 1.41603e+06 1.21717e+06 2.29649e+06 1.80582e+06 0 1.4828e+06 1.56532e+06 1.57751e+06 1.42118e+06 867257 1.10002e+06
pelacespred
 1.29773e+06 908648 478453 310524 333415 469803 327072 358622 267156 191313 206161 219430 243890 207644 271742 450224 634680 1.04474e+06 1.12225e+06 827975 1.26042e+06 1.21762e+06 1.07312e+06 1.40618e+06 1.2619e+06 1.09485e+06 1.23968e+06 1.27961e+06 1.14814e+06 839193 1.09502e+06
mphobs
 0 0 0 0 0 0 0 0 0 0 0 498337 0 5186 125008 0 168611 109162 213762 579715 649985 157893 87575 83554 0 0 0 0 0 0 0
mphpred
 2.59164e+06 1.99521e+06 1.02368e+06 591608 571189 634240 858543 507925 512998 364941 262454 399236 411562 366432 280828 488502 1.166e+06 1.24013e+06 1.91358e+06 1.64143e+06 1.66059e+06 2.2185e+06 1.99601e+06 1.68043e+06 2.3217e+06 1.85954e+06 1.5771e+06 1.6724e+06 2.25974e+06 1.58573e+06 1.06246e+06
desembarqueobs
 494567 514787 250237 358949 120608 361735 552515 73892 212993 205616 52469 317467 293654 387597 252695 516296 358380 742168 942051 627588 828172 859565 418607 520667 417249 300574 415391 372974 316634 284311 391294
desembarquepred
 494428 513185 250930 359009 120641 361776 552640 73915.8 212882 205671 52436.7 317473 293755 387839 252926 516301 358362 741909 941976 627667 828311 859569 418578 520567 417219 300612 415498 372947 316639 284347 391328
Reclutas
 213850 91979.5 117087 153168 135963 246642 89504.7 59240.4 46800.2 66981.9 113835 142009 132717 97286.1 135059 489468 147439 667000 528350 305414 568797 637319 158713 440624 343407 178966 373607 402140 130978 114220 495950
log_desv_Rt
 0.10099 -0.742719 -0.501371 -0.232748 -0.351903 0.243652 -0.769994 -1.18268 -1.4184 -1.05986 -0.529538 -0.308394 -0.376062 -0.686628 -0.358571 0.929035 -0.270868 1.2385 1.00547 0.457383 1.07924 1.19299 -0.197185 0.823908 0.574631 -0.0770896 0.658919 0.732514 -0.389253 -0.52616 0.94219
SSB
 2.59164e+06 1.99521e+06 1.02368e+06 591608 571189 634240 858543 507925 512998 364941 262454 399236 411562 366432 280828 488502 1.166e+06 1.24013e+06 1.91358e+06 1.64143e+06 1.66059e+06 2.2185e+06 1.99601e+06 1.68043e+06 2.3217e+06 1.85954e+06 1.5771e+06 1.6724e+06 2.25974e+06 1.58573e+06 1.06246e+06
BT
 3.63243e+06 2.70845e+06 1.43856e+06 1.22046e+06 1.02678e+06 1.86827e+06 1.34711e+06 1.15646e+06 976137 762517 712560 950730 1.03987e+06 1.10022e+06 1.25834e+06 2.08459e+06 2.02213e+06 4.26188e+06 4.34178e+06 2.85663e+06 4.81812e+06 4.33511e+06 3.21793e+06 5.20125e+06 3.75759e+06 3.3014e+06 4.4815e+06 4.50578e+06 3.09639e+06 2.47106e+06 4.30817e+06
Ftot
 0.158019 0.262184 0.254509 0.446213 0.152704 0.317305 0.630205 0.0984755 0.374425 0.461719 0.123495 0.536503 0.488978 0.781904 0.437376 0.451253 0.22126 0.301285 0.381339 0.334121 0.258541 0.323666 0.174069 0.177322 0.16193 0.12873 0.176035 0.157036 0.120494 0.16737 0.178257
BD_Bspro_t
 0.975034 0.834998 0.675421 0.591272 0.574724 0.6522 0.641869 0.470011 0.560149 0.521748 0.507555 0.685563 0.567851 0.490161 0.41192 0.537916 0.646618 0.647246 0.687668 0.621899 0.581617 0.644757 0.653272 0.654647 0.746226 0.749198 0.759076 0.785095 0.820591 0.767524 0.72277
BD_Bspro
 1.87833 1.44605 0.741925 0.428776 0.413978 0.459675 0.622241 0.368126 0.371802 0.264497 0.190217 0.289352 0.298285 0.265576 0.203534 0.354049 0.845077 0.898801 1.3869 1.18965 1.20353 1.60789 1.44664 1.21792 1.68269 1.34773 1.14303 1.2121 1.63778 1.14928 0.770031
BD_Bo
 1.3233 1.01876 0.522695 0.302078 0.291652 0.323846 0.438377 0.259349 0.261939 0.186341 0.13401 0.203852 0.210146 0.187102 0.143392 0.249432 0.595367 0.633216 0.977085 0.838124 0.847904 1.13278 1.01917 0.858038 1.18547 0.949491 0.805275 0.853938 1.15384 0.809684 0.542496
BD_Brms
 5.62254 4.32859 2.22086 1.28349 1.23919 1.37598 1.8626 1.10194 1.11295 0.791738 0.569392 0.866141 0.892881 0.794971 0.609254 1.0598 2.52964 2.69045 4.15151 3.56108 3.60263 4.81302 4.33033 3.64569 5.03692 4.03426 3.42151 3.62827 4.9025 3.44024 2.30499
Sel_flota
 0.5 1 1 1 1
 0.5 1 1 1 1
 0.5 1 1 1 1
 0.5 1 1 1 1
 0.5 1 1 1 1
 0.5 1 1 1 1
 0.5 1 1 1 1
 0.5 1 1 1 1
 0.5 1 1 1 1
 0.5 1 1 1 1
 0.5 1 1 1 1
 0.5 1 1 1 1
 0.5 1 1 1 1
 0.5 1 1 1 1
 0.5 1 1 1 1
 0.5 1 1 1 1
 0.5 1 1 1 1
 0.5 1 1 1 1
 0.5 1 1 1 1
 0.5 1 1 1 1
 0.5 1 1 1 1
 0.5 1 1 1 1
 0.5 1 1 1 1
 0.5 1 1 1 1
 0.5 1 1 1 1
 0.5 1 1 1 1
 0.5 1 1 1 1
 0.5 1 1 1 1
 0.5 1 1 1 1
 0.5 1 1 1 1
 0.5 1 1 1 1
Sel_reclas
 0.5 1 1 1 1
 0.5 1 1 1 1
 0.5 1 1 1 1
 0.5 1 1 1 1
 0.5 1 1 1 1
 0.5 1 1 1 1
 0.5 1 1 1 1
 0.5 1 1 1 1
 0.5 1 1 1 1
 0.5 1 1 1 1
 0.5 1 1 1 1
 0.5 1 1 1 1
 0.5 1 1 1 1
 0.5 1 1 1 1
 0.5 1 1 1 1
 0.5 1 1 1 1
 0.5 1 1 1 1
 0.5 1 1 1 1
 0.5 1 1 1 1
 0.5 1 1 1 1
 0.5 1 1 1 1
 0.5 1 1 1 1
 0.5 1 1 1 1
 0.5 1 1 1 1
 0.5 1 1 1 1
 0.5 1 1 1 1
 0.5 1 1 1 1
 0.5 1 1 1 1
 0.5 1 1 1 1
 0.5 1 1 1 1
 0.5 1 1 1 1
Sel_pelaces
 0.5 1 1 1 1
 0.5 1 1 1 1
 0.5 1 1 1 1
 0.5 1 1 1 1
 0.5 1 1 1 1
 0.5 1 1 1 1
 0.5 1 1 1 1
 0.5 1 1 1 1
 0.5 1 1 1 1
 0.5 1 1 1 1
 0.5 1 1 1 1
 0.5 1 1 1 1
 0.5 1 1 1 1
 0.5 1 1 1 1
 0.5 1 1 1 1
 0.5 1 1 1 1
 0.5 1 1 1 1
 0.5 1 1 1 1
 0.5 1 1 1 1
 0.5 1 1 1 1
 0.5 1 1 1 1
 0.5 1 1 1 1
 0.5 1 1 1 1
 0.5 1 1 1 1
 0.5 1 1 1 1
 0.5 1 1 1 1
 0.5 1 1 1 1
 0.5 1 1 1 1
 0.5 1 1 1 1
 0.5 1 1 1 1
 0.5 1 1 1 1
pf_obs 
 0.8446 0.082 0.0669 0.0065 0
 0.8095 0.147 0.0364 0.0071 0
 0.9664 0.0169 0.016 0.0007 0
 0.9276 0.0648 0.0075 0.0001 0
 0.7033 0.2144 0.0806 0.0017 0
 0.9318 0.0425 0.0243 0.0014 0
 0.5671 0.3108 0.0964 0.0239 0.0018
 0.0768 0.2599 0.5324 0.112 0.0189
 0.490249 0.384438 0.106611 0.0170017 0.00170017
 0.7925 0.1577 0.0466 0.003 0.0002
 0.840416 0.127587 0.0312969 0.00059994 9.999e-05
 0.8084 0.0986 0.0794 0.0134 0.0002
 0.7335 0.1905 0.0724 0.0035 0.0001
 0.4001 0.4547 0.1325 0.0127 0
 0.49795 0.308269 0.164784 0.0264974 0.00249975
 0.9179 0.0499 0.0305 0.0017 0
 0.2467 0.6533 0.0926 0.0074 0
 0.9418 0.0223 0.034 0.0019 0
 0.707729 0.231977 0.0356964 0.0245975 0
 0.517169 0.277429 0.184464 0.0207286 0.00020938
 0.811772 0.124168 0.05621 0.00726502 0.000585176
 0.764997 0.148141 0.077277 0.00933861 0.000247198
 0.163321 0.427699 0.378323 0.0303852 0.000271297
 0.753843 0.0900009 0.118128 0.0371064 0.000921714
 0.721811 0.176058 0.0630433 0.0369309 0.00215725
 0.143369 0.312575 0.442814 0.0836902 0.0175525
 0.692698 0.0596174 0.167031 0.0765114 0.00414204
 0.394062 0.376323 0.152708 0.0712218 0.00568511
 0.125707 0.32114 0.495352 0.0537591 0.00404204
 0.23352 0.215282 0.420074 0.123614 0.00750983
 0.796117 0.104755 0.0508955 0.0450114 0.00322123
pf_pred 
 0.324227 0.452846 0.211427 0.00121441 0.0102863
 0.250585 0.375729 0.250413 0.116914 0.00635962
 0.465642 0.224267 0.155469 0.103615 0.0510079
 0.589943 0.267694 0.0597489 0.0414198 0.0411946
 0.544139 0.349734 0.0692822 0.0154637 0.0213815
 0.669376 0.236092 0.0725241 0.014367 0.00764057
 0.347406 0.53294 0.085443 0.0262469 0.00796466
 0.415064 0.329926 0.208254 0.0333881 0.0133686
 0.41898 0.344915 0.133172 0.0840602 0.018873
 0.613233 0.238856 0.0878057 0.0339019 0.0262039
 0.700827 0.234831 0.039736 0.0146073 0.00999921
 0.623951 0.311862 0.0503818 0.00852518 0.00527922
 0.592673 0.324398 0.0687742 0.0111106 0.00304425
 0.531798 0.361269 0.0851617 0.0180547 0.00371595
 0.693313 0.228101 0.0606376 0.014294 0.00365412
 0.848707 0.126747 0.0182561 0.00485312 0.00143648
 0.332378 0.619488 0.040325 0.00580823 0.00200106
 0.789897 0.108282 0.09448 0.00615009 0.00119102
 0.546177 0.404655 0.0253401 0.0221101 0.00171796
 0.425803 0.419049 0.138339 0.008663 0.00814608
 0.661893 0.210033 0.0934685 0.0308564 0.00374925
 0.599219 0.324143 0.0476078 0.0211863 0.007844
 0.240308 0.582843 0.143032 0.0210075 0.01281
 0.630491 0.14773 0.170151 0.0417558 0.00987247
 0.483501 0.404134 0.0449234 0.0517416 0.0156997
 0.343208 0.435208 0.173378 0.0192726 0.0289331
 0.620141 0.197718 0.120691 0.0480809 0.0133683
 0.561036 0.340095 0.0514615 0.0314131 0.0159938
 0.263283 0.536395 0.155204 0.0234847 0.0216343
 0.356589 0.273755 0.269142 0.0778752 0.0226389
 0.781665 0.117474 0.0429138 0.0421906 0.0157566
pobs_RECLAS
 0 0 0 0 0
 0 0 0 0 0
 0 0 0 0 0
 0 0 0 0 0
 0 0 0 0 0
 0 0 0 0 0
 0 0 0 0 0
 0 0 0 0 0
 0 0 0 0 0
 0 0 0 0 0
 0.991045 0.00858322 0.000360255 1.14367e-05 0
 0.934742 0.0480273 0.0164251 0.00080598 0
 0.827803 0.169806 0.00239088 0 0
 0.941827 0.0461693 0.0120037 0 0
 0.791401 0.0380133 0.147996 0.0225897 0
 0.846168 0.0940531 0.0597789 0 0
 0.134021 0.677848 0.182769 0.00536245 0
 0.80878 0.0450904 0.141981 0.00414843 0
 0.846168 0.0940531 0.0597789 0 0
 0.905697 0.0802665 0.012482 0.00150086 5.37128e-05
 0.989698 0.0102097 9.19794e-05 0 0
 0.975433 0.0193895 0.00387452 0.00125025 5.28907e-05
 0.303575 0.632131 0.0575291 0.00676475 0
 0.966965 0.00978017 0.0227588 0.000495775 0
 0.843318 0.132988 0.00938335 0.0141283 0.000182051
 0.564624 0.303363 0.111486 0.0197234 0.00080311
 0.826376 0.0876187 0.0782897 0.00655872 0.00115652
 0.89761 0.0855135 0.0140674 0.00269457 0.000114338
 0.34875 0.467042 0.161289 0.0227151 0.000203297
 0.318654 0.224769 0.449479 0.00709798 0
 0.937255 0.0296025 0.0250945 0.00804832 0
ppred_RECLAS
 0.32581 0.451785 0.210931 0.00121157 0.0102622
 0.25299 0.374523 0.249609 0.116538 0.0063392
 0.468713 0.222977 0.154575 0.10302 0.0507147
 0.595761 0.263896 0.0589011 0.0408321 0.0406101
 0.545862 0.348412 0.0690204 0.0154052 0.0213007
 0.672899 0.233577 0.0717513 0.0142139 0.00755915
 0.355916 0.52599 0.0843288 0.0259046 0.0078608
 0.416114 0.329333 0.20788 0.0333282 0.0133446
 0.423723 0.342099 0.132085 0.083374 0.018719
 0.619179 0.235183 0.0864556 0.0333807 0.0258011
 0.701982 0.233924 0.0395826 0.014551 0.00996061
 0.631048 0.305977 0.0494311 0.0083643 0.0051796
 0.599177 0.319218 0.0676761 0.0109332 0.00299564
 0.544129 0.351755 0.0829188 0.0175792 0.00361809
 0.69829 0.2244 0.0596536 0.0140621 0.00359482
 0.851819 0.12414 0.0178806 0.00475331 0.00140694
 0.334715 0.617319 0.0401839 0.0057879 0.00199405
 0.792378 0.107003 0.0933642 0.00607746 0.00117695
 0.551102 0.400263 0.0250651 0.0218702 0.00169931
 0.429958 0.416017 0.137338 0.00860032 0.00808714
 0.664699 0.20829 0.0926928 0.0306003 0.00371814
 0.603138 0.320974 0.0471424 0.0209792 0.00776732
 0.241777 0.581716 0.142755 0.0209669 0.0127852
 0.632398 0.146967 0.169273 0.0415402 0.0098215
 0.485353 0.402685 0.0447624 0.0515561 0.0156434
 0.344509 0.434346 0.173035 0.0192345 0.0288758
 0.622055 0.196722 0.120083 0.0478387 0.013301
 0.5628 0.338729 0.0512548 0.0312869 0.0159295
 0.264325 0.535635 0.154984 0.0234514 0.0216037
 0.358354 0.273004 0.268403 0.0776615 0.0225768
 0.783069 0.116719 0.0426379 0.0419193 0.0156552
pobs_PELACES
 0 0 0 0 0
 0 0 0 0 0
 0 0 0 0 0
 0 0 0 0 0
 0 0 0 0 0
 0 0 0 0 0
 0 0 0 0 0
 0 0 0 0 0
 0 0 0 0 0
 0 0 0 0 0
 0 0 0 0 0
 0 0 0 0 0
 0 0 0 0 0
 0 0 0 0 0
 0 0 0 0 0
 0 0 0 0 0
 0.505614 0.472636 0.0217494 0 0
 0 0 0 0 0
 0.443492 0.261883 0.143347 0.151278 0
 0.227955 0.32914 0.350689 0.0885471 0.00366901
 0.970185 0.0296113 0.000203453 0 0
 0.997202 0.00247181 0.000326279 0 0
 0.445219 0.490057 0.0546422 0.010081 0
 0.90214 0.0892962 0.00764917 0.000914606 0
 0 0 0 0 0
 0.581667 0.319106 0.0959925 0.00289975 0.000334073
 0.762889 0.0836404 0.116647 0.0363945 0.000428098
 0.88444 0.0763242 0.0277011 0.0115352 0
 0.521256 0.241999 0.230069 0.00667565 0
 0.616807 0.101726 0.260614 0.0208532 0
 0.833518 0.0704572 0.0857862 0.0102388 0
ppred_PELACES
 0.331562 0.44793 0.209132 0.00120123 0.0101746
 0.261253 0.37038 0.246848 0.115249 0.00626909
 0.479183 0.218583 0.151529 0.10099 0.0497153
 0.61336 0.252407 0.0563368 0.0390544 0.0388421
 0.5521 0.343626 0.0680722 0.0151936 0.0210081
 0.684317 0.225423 0.0692468 0.0137178 0.00729529
 0.380093 0.506245 0.0811633 0.0249322 0.00756572
 0.420067 0.327104 0.206473 0.0331025 0.0132543
 0.438875 0.333104 0.128612 0.0811819 0.0182268
 0.636973 0.224194 0.082416 0.031821 0.0245955
 0.706227 0.230592 0.0390188 0.0143437 0.00981872
 0.651409 0.289092 0.0467032 0.00790271 0.00489376
 0.618389 0.303917 0.0644322 0.0104091 0.00285205
 0.575906 0.327235 0.0771388 0.0163539 0.00336588
 0.713273 0.213256 0.0566911 0.0133637 0.0034163
 0.860973 0.116471 0.016776 0.00445967 0.00132002
 0.342893 0.609731 0.0396899 0.00571675 0.00196954
 0.800437 0.10285 0.0897399 0.00584154 0.00113126
 0.566613 0.386433 0.024199 0.0211145 0.0016406
 0.443519 0.40612 0.134071 0.00839572 0.00789475
 0.674139 0.202426 0.0900831 0.0297388 0.00361346
 0.615848 0.310694 0.0456326 0.0203073 0.00751856
 0.247081 0.577646 0.141757 0.0208202 0.0126958
 0.639173 0.144259 0.166153 0.0407746 0.00964049
 0.492029 0.397462 0.0441817 0.0508873 0.0154405
 0.349321 0.431157 0.171764 0.0190933 0.0286638
 0.628859 0.193181 0.117921 0.0469774 0.0130615
 0.569165 0.333798 0.0505086 0.0308314 0.0156976
 0.268209 0.532807 0.154166 0.0233276 0.0214897
 0.364729 0.270292 0.265737 0.0768899 0.0223525
 0.788024 0.114053 0.041664 0.0409618 0.0152977
pobs_pel_tallas
 0 0 0 0 0 0 0 0 0 0 0 0 0 0 0 0 0 0 0 0 0 0 0 0 0 0
 0 0 0 0 0 0 0 0 0 0 0 0 0 0 0 0 0 0 0 0 0 0 0 0 0 0
 0 0 0 0 0 0 0 0 0 0 0 0 0 0 0 0 0 0 0 0 0 0 0 0 0 0
 0 0 0 0 0 0 0 0 0 0 0 0 0 0 0 0 0 0 0 0 0 0 0 0 0 0
 0 0 0 0 0 0 0 0 0 0 0 0 0 0 0 0 0 0 0 0 0 0 0 0 0 0
 0 0 0 0 0 0 0 0 0 0 0 0 0 0 0 0 0 0 0 0 0 0 0 0 0 0
 0 0 0 0 0 0 0 0 0 0 0 0 0 0 0 0 0 0 0 0 0 0 0 0 0 0
 0 0 0 0 0 0 0 0 0 0 0 0 0 0 0 0 0 0 0 0 0 0 0 0 0 0
 0 0 0 0 0 0 0 0 0 0 0 0 0 0 0 0 0 0 0 0 0 0 0 0 0 0
 0 0 0 0 0 0 0 0 0 0 0 0 0 0 0 0 0 0 0 0 0 0 0 0 0 0
 0 0 0 0 0 0 0 0 0 0 0 0 0 0 0 0 0 0 0 0 0 0 0 0 0 0
 0 0 0 0 0 0 0 0 0 0 0 0 0 0 0 0 0 0 0 0 0 0 0 0 0 0
 0.00862536 0 0 0.000197151 0.00414017 0.0128641 0.00837892 0.0270097 0.101434 0.158115 0.152841 0.127902 0.109271 0.109419 0.0830992 0.0579132 0.0238553 0.00714673 0.00463305 0.00128148 0.00103504 0.000492878 0.000147863 0.000147863 4.92878e-05 0
 0 0 0 0 0 0 0 0 0 0 0 0 0 0 0 0 0 0 0 0 0 0 0 0 0 0
 0 0 0 0 0 0 0 0.0054083 0.00873648 0.0413646 0.0450493 0.0745869 0.0622846 0.0627006 0.0613931 0.0827291 0.12552 0.122667 0.0946155 0.0697135 0.0546179 0.0294188 0.0215738 0.0213955 0.0102223 0.00600262
 0 0 0 0 0.00359764 0.0251062 0.0480494 0.140153 0.205849 0.193036 0.1447 0.116669 0.0760912 0.0342217 0.00950174 0.001854 0.000860785 0 0 0 0.000165536 0 0.000143464 0 0 0
 0 0 0 0 0 0 0 0.000145254 0.000435761 0.0275982 0.070085 0.0708112 0.156366 0.174668 0.174014 0.160142 0.0824315 0.0480064 0.0283245 0.00493863 0.00203355 0 0 0 0 0
 0 0 0 0 0 0 0 0 0 0 0 0 0 0 0 0 0 0 0 0 0 0 0 0 0 0
 0 0 1.00437e-05 0.000401748 0.00122533 0.00171747 0.00176769 0.0269171 0.070346 0.194647 0.189555 0.159765 0.064822 0.0314167 0.0384472 0.0292271 0.0345202 0.0313363 0.0194345 0.0106764 0.0143323 0.0359363 0.0279516 0.0138201 0.00172751 0
 0 0.0021121 0.0136068 0.0755702 0.200478 0.177729 0.0527432 0.0373336 0.0318909 0.0142505 0.0149659 0.0166563 0.0217959 0.0798694 0.0677717 0.0528807 0.04013 0.0224614 0.0357745 0.0225083 0.00881397 0.00855152 0.00135912 0.000746735 0 0
 0 0 0 0 5.4009e-05 0.00500934 0.000945158 0.0243581 0.138947 0.33067 0.221406 0.137944 0.0707744 0.0437923 0.0131692 0.00525238 0.0047753 0.00276346 9.45158e-05 9.00151e-06 2.25038e-05 9.00151e-06 4.50075e-06 0 0 0
 0.000866109 0.00284123 0.00948549 0.0512746 0.133035 0.25785 0.225252 0.132002 0.0553304 0.0519788 0.0540692 0.017754 0.00435017 0.00159236 0.00146478 0.000404838 0.000125132 0.000115318 0.000107957 0.000100596 0 0 0 0 0 0
 0 0 0 0 0.00144013 0.00171154 0.00461396 0.0210425 0.0478622 0.0707936 0.0888783 0.103762 0.0637923 0.0337046 0.0602308 0.124433 0.169614 0.0934646 0.0462172 0.0250306 0.0313229 0.00938855 0.002487 0.000210481 0 0
 0 0.00764035 0.051015 0.0998891 0.058973 0.0496711 0.0374665 0.0718981 0.12319 0.153886 0.159021 0.0857701 0.0377988 0.023471 0.0147837 0.00900784 0.00315554 0.000888139 0.00291439 0.00214683 0.00393193 0.00274676 0.000635225 9.99891e-05 0 0
 0 0 0 0 0 0 0 0 0 0 0 0 0 0 0 0 0 0 0 0 0 0 0 0 0 0
 0 0 0 0 0 0 0 0 0 0 0 0 0 0 0 0 0 0 0 0 0 0 0 0 0 0
 0 0 0 0 0 0 0 0 0 0 0 0 0 0 0 0 0 0 0 0 0 0 0 0 0 0
 0 0 0 0 0 0 0 0 0 0 0 0 0 0 0 0 0 0 0 0 0 0 0 0 0 0
 0 0 0 0 0 0 0 0 0 0 0 0 0 0 0 0 0 0 0 0 0 0 0 0 0 0
 0 0 0 0 0 0 0 0 0 0 0 0 0 0 0 0 0 0 0 0 0 0 0 0 0 0
 0 0 0 0 0 0 0 0 0 0 0 0 0 0 0 0 0 0 0 0 0 0 0 0 0 0
ppred_pel_tallas
 1.07992e-16 2.73105e-05 0.000265467 0.00176413 0.00801949 0.0249518 0.0531641 0.0776037 0.0776471 0.0533763 0.0256648 0.0100815 0.00695055 0.0116221 0.0216966 0.0360873 0.0525868 0.0673765 0.0765152 0.0780809 0.0731592 0.0648187 0.0559964 0.0480448 0.0408134 0.0336858
 1.19837e-16 2.15191e-05 0.000209174 0.00139004 0.00631892 0.0196607 0.0418905 0.061148 0.061184 0.0420668 0.0202535 0.00803541 0.00571539 0.00970723 0.018225 0.0305309 0.0450074 0.0587797 0.0689068 0.0740417 0.0750902 0.0742216 0.0730848 0.0717426 0.0690284 0.0637396
 1.2297e-16 3.94697e-05 0.00038366 0.00254955 0.0115899 0.0360606 0.0768318 0.112143 0.112164 0.076936 0.0364111 0.0126052 0.00510985 0.00601218 0.0108467 0.0181837 0.026945 0.0355154 0.0423048 0.0466929 0.0493691 0.0516713 0.0544475 0.0573775 0.0592111 0.058599
 1.12181e-16 5.05217e-05 0.000491089 0.00326346 0.0148352 0.046158 0.0983454 0.143543 0.143568 0.0984646 0.0465582 0.0159918 0.00616945 0.00684425 0.0121449 0.0200763 0.0291091 0.0370381 0.0416769 0.0420943 0.0391921 0.0350723 0.0316963 0.0298725 0.0291745 0.02857
 1.07132e-16 4.54758e-05 0.000442041 0.00293752 0.0133536 0.0415481 0.0885238 0.12921 0.129243 0.0886859 0.0420922 0.0149256 0.00688539 0.00906621 0.016442 0.0271573 0.0392296 0.049576 0.0550846 0.0543345 0.0484316 0.04022 0.0325254 0.0268059 0.0229962 0.0202378
 1.04667e-16 5.63663e-05 0.000547901 0.00364099 0.0165514 0.0514978 0.109722 0.160147 0.160169 0.109829 0.0518555 0.0175855 0.00623961 0.00623054 0.0108777 0.0179697 0.0260584 0.0331424 0.0372111 0.037327 0.034148 0.0294045 0.0247784 0.0210819 0.0182211 0.015706
 1.06253e-16 3.13079e-05 0.000304324 0.00202234 0.0091933 0.028604 0.0609457 0.0889623 0.0890111 0.0611842 0.029405 0.0115069 0.00783067 0.0129871 0.0241274 0.0398627 0.0574795 0.0724083 0.0800043 0.0781249 0.0683906 0.0550446 0.0423705 0.0326863 0.026078 0.0214348
 1.11605e-16 3.46004e-05 0.000336328 0.00223502 0.0101601 0.031612 0.0673539 0.0983117 0.0983435 0.0675094 0.0321347 0.0116729 0.00604491 0.00869462 0.0160297 0.0267622 0.0392882 0.050953 0.0590265 0.0621904 0.0611783 0.0579738 0.0542842 0.0505873 0.0463512 0.0409316
 1.15023e-16 3.61496e-05 0.000351387 0.00233509 0.010615 0.0330274 0.0703696 0.102713 0.102746 0.0705273 0.0335574 0.0121478 0.00619045 0.00879394 0.0161485 0.0268484 0.0391724 0.0503367 0.0575374 0.0595373 0.0573649 0.0534629 0.0499872 0.0476256 0.0456626 0.0429058
 1.0979e-16 5.24667e-05 0.000509995 0.0033891 0.0154064 0.047935 0.102131 0.149068 0.14909 0.102237 0.0482914 0.0164371 0.005981 0.0061836 0.0108737 0.0180156 0.0262389 0.0336227 0.0382503 0.0392685 0.0373725 0.0342483 0.031432 0.0294987 0.0280702 0.0263957
 1.04286e-16 5.8171e-05 0.000565443 0.00375757 0.0170814 0.0531466 0.113235 0.165275 0.165297 0.113344 0.0535116 0.0181356 0.00640459 0.00634639 0.0110447 0.0181875 0.0262436 0.033111 0.0366907 0.0360274 0.0318753 0.0261688 0.0208375 0.0168893 0.0142941 0.0124714
 1.03043e-16 5.36557e-05 0.000521553 0.0034659 0.0157555 0.0490214 0.104446 0.152448 0.152476 0.104582 0.0494787 0.0170766 0.00678232 0.0077627 0.0138099 0.0227561 0.0327997 0.0412955 0.0455788 0.0444138 0.038716 0.0309074 0.0234479 0.0176924 0.0137331 0.0109779
 1.03464e-16 5.0936e-05 0.000495116 0.00329022 0.0149569 0.0465366 0.0991522 0.144722 0.144751 0.0992955 0.0470179 0.0163474 0.00678225 0.00812348 0.0145539 0.0240195 0.0346877 0.04381 0.0486079 0.0477825 0.0422581 0.0344997 0.026987 0.0210499 0.016744 0.013479
 1.0452e-16 4.74367e-05 0.000461102 0.00306418 0.0139294 0.0433396 0.0923407 0.134781 0.134812 0.0924951 0.0438581 0.0154276 0.0068274 0.00868419 0.0156879 0.0259211 0.0374777 0.0474254 0.0527944 0.0521983 0.0466234 0.0386855 0.03099 0.0248945 0.0203976 0.0168369
 1.03609e-16 5.87514e-05 0.000571085 0.00379506 0.0172518 0.0536769 0.114365 0.166923 0.166944 0.114466 0.054015 0.018229 0.00625011 0.00593751 0.0102712 0.0169415 0.0245259 0.0311075 0.0347659 0.0346065 0.0312643 0.0264142 0.0217049 0.0179646 0.0151475 0.0128024
 1.01185e-16 7.09172e-05 0.000689341 0.00458091 0.0208242 0.0647918 0.138046 0.201485 0.201496 0.138101 0.064976 0.0213562 0.00591641 0.00360488 0.00560844 0.00916067 0.0131918 0.0165941 0.0182892 0.0177801 0.015441 0.0122568 0.00922882 0.00690979 0.00533683 0.00426416
 1.02208e-16 2.82437e-05 0.000274539 0.00182441 0.00829355 0.0258046 0.0549817 0.0802597 0.0803184 0.0552684 0.0267672 0.0110727 0.00879674 0.0154825 0.0288734 0.0475901 0.0683201 0.0854224 0.0931612 0.0888838 0.0746207 0.05576 0.0379065 0.0243476 0.015569 0.0103726
 1.03394e-16 6.5931e-05 0.000640873 0.00425883 0.01936 0.0602362 0.12834 0.187318 0.187328 0.128389 0.0604013 0.0198383 0.005465 0.00329246 0.00515582 0.00855976 0.0126503 0.0165843 0.0195229 0.0210366 0.0212827 0.0207542 0.0198358 0.0185673 0.0167701 0.0143461
 1.03193e-16 4.66713e-05 0.000453661 0.00301474 0.0137046 0.0426403 0.090851 0.132608 0.132645 0.0910328 0.0432504 0.0154664 0.00743494 0.0100961 0.0183396 0.0301939 0.0433729 0.0543005 0.0593713 0.056942 0.0483314 0.036961 0.0263445 0.0184734 0.0135237 0.0106019
 1.06151e-16 3.65322e-05 0.000355106 0.0023598 0.0107273 0.033377 0.0711146 0.103802 0.103841 0.0713065 0.0340216 0.0125908 0.00704294 0.0105969 0.0195412 0.0323872 0.046974 0.0597378 0.0670345 0.0671299 0.0611473 0.0521464 0.0431381 0.0356371 0.0296066 0.0243472
 1.06246e-16 5.5528e-05 0.000539752 0.00358684 0.0163053 0.0507318 0.10809 0.157765 0.157785 0.108186 0.0510541 0.0172374 0.00593174 0.00567559 0.00985923 0.0163424 0.0238444 0.0306344 0.0349752 0.0360571 0.0344265 0.0314927 0.0285375 0.0260402 0.0237306 0.0211155
 1.04706e-16 5.07266e-05 0.000493081 0.0032767 0.0148954 0.0463453 0.0987447 0.144127 0.144157 0.098891 0.0468368 0.016315 0.00684053 0.00827441 0.0148334 0.0244548 0.0352546 0.0444051 0.049062 0.047927 0.0420196 0.033971 0.0264245 0.0207907 0.0170773 0.0145326
 1.08475e-16 2.03519e-05 0.000197827 0.00131463 0.00597617 0.0185944 0.0396194 0.0578373 0.0578931 0.0398919 0.0195098 0.00862144 0.00795919 0.0147181 0.0276411 0.0457794 0.0662132 0.0838236 0.0933767 0.0924241 0.0826971 0.0687971 0.0553068 0.0446134 0.0367168 0.0304572
 1.10553e-16 5.26479e-05 0.000511756 0.0034008 0.0154596 0.0481005 0.102484 0.149581 0.149595 0.102553 0.0483336 0.016136 0.00511042 0.00428266 0.0073284 0.0123312 0.01846 0.0246884 0.0299754 0.033809 0.0363887 0.03822 0.0394935 0.0398247 0.0385596 0.0353205
 1.09093e-16 4.05278e-05 0.000393945 0.00261791 0.0119006 0.0370275 0.0788925 0.115154 0.115192 0.0790796 0.037656 0.0137159 0.00717459 0.0103419 0.0189366 0.0312528 0.0450511 0.0567471 0.0627388 0.0614303 0.0542147 0.0445414 0.0358222 0.0297892 0.0262639 0.0240247
 1.11833e-16 2.87732e-05 0.000279686 0.00185861 0.00844902 0.0262883 0.0560115 0.0817591 0.0818008 0.0562155 0.0269738 0.0104313 0.00684301 0.0111892 0.0208319 0.0346136 0.0503734 0.064424 0.0729933 0.0743101 0.0695649 0.0618962 0.0542791 0.0480313 0.0428283 0.0377254
 1.10374e-16 5.17983e-05 0.000503498 0.00334592 0.0152101 0.0473244 0.10083 0.147169 0.147187 0.100922 0.0476331 0.0161039 0.00559737 0.00544431 0.00951191 0.0158454 0.023299 0.0303145 0.0353315 0.037641 0.0377436 0.0368426 0.0359024 0.0350615 0.0337755 0.0314084
 1.07292e-16 4.68814e-05 0.000455704 0.00302832 0.0137663 0.0428323 0.0912598 0.133203 0.133235 0.0914171 0.0433604 0.015292 0.00685894 0.00882103 0.0159436 0.0263103 0.0379636 0.0478943 0.0530787 0.0521584 0.0462593 0.038215 0.0308325 0.0255456 0.0222411 0.0199804
 1.10562e-16 2.20922e-05 0.000214744 0.00142705 0.0064872 0.0201843 0.0430068 0.0627805 0.0628319 0.0432584 0.0210295 0.00893004 0.00756509 0.0136346 0.0255689 0.0423929 0.0614346 0.0780277 0.0874029 0.0873346 0.0793956 0.0677308 0.0564016 0.0474201 0.0406305 0.0348874
 1.19232e-16 3.00423e-05 0.000292022 0.00194059 0.00882165 0.0274476 0.0584809 0.0853602 0.0853866 0.0586103 0.0278829 0.010084 0.00512788 0.00731176 0.0135441 0.0228226 0.0340001 0.0451312 0.0542108 0.0602871 0.0638525 0.0660918 0.0676608 0.0680904 0.0662431 0.0612891
 1.07929e-16 6.49085e-05 0.000630934 0.00419278 0.0190598 0.059302 0.12635 0.184413 0.184424 0.126404 0.0594836 0.0195848 0.0055137 0.00352447 0.0055903 0.00922039 0.0134737 0.0173777 0.0200054 0.0209814 0.0207075 0.0200495 0.0197272 0.0198896 0.0201402 0.0198891
pSPR Fmed_Fpbrs
0.671231   0.285357 0.285357
Fs Fmed_Fpbrs
0.257706   1.005 1.005
SSBpbr Bo_Bmed_Bpbrs
1.95846e+06  1.21666e+06  460937 460937
Ro
193308
SPR SPRFo_SPRFmed_SPRFpbrs
1.37976e+06 926137 393724
Fref
1.005
Nvult_r0
 329058 26750.1 9771.92 9607.23 3587.93
CTP_r0
 26928.4 4047 1478.38 1453.47 542.815
YTP_r0
391328
Np
 291324 64840.8 22473.7 1601.89 663.976
Nvult_p0
 226483 56109.4 19447.4 1386.18 574.564
CTP_p0
 75745.6 72389.2 5159.77 1884.89 2423.54
 75745.6 28124.6 9747.95 694.816 287.999
YTP_p0
 1.95837e+06 1.26367e+06
CBA_c0
1.74996e+06
log_Ro
11.992
likeval ReclasPelacesDesembMPH_pf_preclas_ppelaces_ptallas_desvR_qrecl_qpela
 18.2134 20.0748 0.100514 0.00305059 248.912 136.189 105.097 0 23.491 0 0 0.452572 0 0 0
q_reclas_q_pelaces
1 1
M
1
N
 213850 154243 72013.4 413.638 3503.59
 91979.5 72694.5 48448.8 22620 1230.43
 117087 29680 20575.1 13712.7 6750.51
 153168 37926.8 8465.21 5868.34 5836.44
 135963 45079.6 8930.27 1993.22 2756.01
 246642 46341.1 14235.3 2820.02 1499.72
 89504.7 77423 12412.8 3813.02 1157.07
 59240.4 24027.2 15166.3 2431.53 973.588
 46800.2 20746.3 8010.18 5056.14 1135.19
 66981.9 14277.4 5248.49 2026.45 1566.31
 113835 19561.5 3310.02 1216.8 832.938
 142009 39369.8 6360.25 1076.23 666.454
 132717 39950.4 8469.71 1368.29 374.907
 97286.1 38234.3 9012.94 1910.79 393.272
 135059 24208.5 6435.5 1517.03 387.814
 489468 39925.9 5750.74 1528.75 452.497
 147439 143695 9353.71 1347.26 464.161
 667000 48559.3 42369.7 2758.02 534.113
 528350 211061 13217 11532.3 896.058
 305414 160628 53027.4 3320.66 3122.51
 568797 95069.4 42307.6 13966.9 1697.06
 637319 183874 27006.2 12018.3 4449.62
 158713 199425 48939.6 7187.91 4383.05
 440624 53520.5 61643.6 15127.6 3576.66
 343407 148344 16489.8 18992.5 5762.82
 178966 116507 46414 5159.36 7745.5
 373607 61733.7 37683.5 15012.3 4174
 402140 125862 19044.8 11625.3 5918.97
 130978 136767 39573.1 5988.01 5516.22
 114220 45367 44602.4 12905.5 3751.74
 495950 38645.9 14117.5 13879.6 5183.48
pred_Ctot
 10336 14436.2 6740.04 38.7141 327.916
 7220.42 10826.4 7215.46 3368.79 183.248
 8936.26 4303.96 2983.64 1988.51 978.906
 19716.4 8946.57 1996.86 1384.29 1376.76
 6357.39 4086.08 809.451 180.668 249.809
 23170.9 8172.48 2510.47 497.323 264.483
 15688.6 24067.2 3858.55 1185.29 359.678
 1806.42 1435.89 906.354 145.31 58.1824
 5128.56 4221.96 1630.11 1028.95 231.017
 8894.15 3464.29 1273.51 491.704 380.054
 4330.62 1451.09 245.54 90.2631 61.7881
 21586.7 10789.4 1743.05 294.943 182.644
 18561.9 10159.8 2153.94 347.972 95.3428
 20539.8 13953.4 3289.22 697.333 143.522
 17071.3 5616.48 1493.06 351.958 89.9745
 63653.6 9506.12 1369.22 363.987 107.737
 9849.47 18357.5 1194.97 172.117 59.298
 59691.6 8182.78 7139.75 464.756 90.0039
 58885.6 43627.5 2732.02 2383.78 185.22
 30110.1 29632.4 9782.43 612.591 576.038
 44063.1 13982.2 6222.32 2054.15 249.593
 60994.7 32994.6 4846.01 2156.56 798.443
 8422.36 20427.6 5013.02 736.277 448.968
 23803.5 5577.38 6423.88 1576.45 372.724
 16994.9 14205.2 1579.05 1818.7 551.841
 7089.32 8989.68 3581.31 398.097 597.643
 20041.9 6389.91 3900.52 1553.89 432.041
 19319.5 11711.3 1772.1 1081.73 550.755
 4864.73 9911.08 2867.74 433.931 399.742
 5836.03 4480.36 4404.85 1274.53 370.515
 26928.4 4047 1478.38 1453.47 542.815
F
 0.0790093 0.158019 0.158019 0.158019 0.158019
 0.131092 0.262184 0.262184 0.262184 0.262184
 0.127255 0.254509 0.254509 0.254509 0.254509
 0.223107 0.446213 0.446213 0.446213 0.446213
 0.0763518 0.152704 0.152704 0.152704 0.152704
 0.158653 0.317305 0.317305 0.317305 0.317305
 0.315102 0.630205 0.630205 0.630205 0.630205
 0.0492377 0.0984755 0.0984755 0.0984755 0.0984755
 0.187213 0.374425 0.374425 0.374425 0.374425
 0.230859 0.461719 0.461719 0.461719 0.461719
 0.0617476 0.123495 0.123495 0.123495 0.123495
 0.268251 0.536503 0.536503 0.536503 0.536503
 0.244489 0.488978 0.488978 0.488978 0.488978
 0.390952 0.781904 0.781904 0.781904 0.781904
 0.218688 0.437376 0.437376 0.437376 0.437376
 0.225626 0.451253 0.451253 0.451253 0.451253
 0.11063 0.22126 0.22126 0.22126 0.22126
 0.150642 0.301285 0.301285 0.301285 0.301285
 0.190669 0.381339 0.381339 0.381339 0.381339
 0.167061 0.334121 0.334121 0.334121 0.334121
 0.129271 0.258541 0.258541 0.258541 0.258541
 0.161833 0.323666 0.323666 0.323666 0.323666
 0.0870344 0.174069 0.174069 0.174069 0.174069
 0.0886612 0.177322 0.177322 0.177322 0.177322
 0.080965 0.16193 0.16193 0.16193 0.16193
 0.0643648 0.12873 0.12873 0.12873 0.12873
 0.0880177 0.176035 0.176035 0.176035 0.176035
 0.0785179 0.157036 0.157036 0.157036 0.157036
 0.0602469 0.120494 0.120494 0.120494 0.120494
 0.0836851 0.16737 0.16737 0.16737 0.16737
 0.0891287 0.178257 0.178257 0.178257 0.178257
YTP_r0W_actual
 223506 57062.6 40803.4 49708.6 20247
YTP_p0W_proyectada
 567334 1.13434e+06 119346 55359.1 81988.2
 567334 440713 225470 20406.8 9742.99
CTP_r0_actual
 26928.4 4047 1478.38 1453.47 542.815
CTP_p0_proyectada
 75745.6 72389.2 5159.77 1884.89 2423.54
 75745.6 28124.6 9747.95 694.816 287.999
Wmedp
 7.49 15.67 23.13 29.37 33.83
Frms_r0
 0.0891287 0.178257 0.178257 0.178257 0.178257
Zrms_r0
 1.08913 1.17826 1.17826 1.17826 1.17826
nmprior
 8.19 8.8 8.5 0
nm_flota  nm_reclas  nm_pelaces    nm_pelaL
inf 7.53962 7.48612 13.6941
cv_recla  cv_pelaces  cv_mph
0.386029 0.50804 1.7045
 ------------------------------------------------
Talla a la edad & desviaci?n 
 8 13.2811 15.8009 17.003 17.5766
 0.8 1.32811 1.58009 1.7003 1.75766
