years
 1991 1992 1993 1994 1995 1996 1997 1998 1999 2000 2001 2002 2003 2004 2005 2006 2007 2008 2009 2010 2011 2012 2013 2014 2015 2016 2017 2018 2019 2020 2021
reclasobs
 0 0 0 0 0 0 0 0 0 252601 567819 844713 477998 351125 339783 2.1784e+06 2.13404e+06 4.81314e+06 1.55562e+06 2.62356e+06 3.21686e+06 3.843e+06 1.13348e+06 3.07943e+06 1.97215e+06 2.03268e+06 2.025e+06 2.42433e+06 2.27542e+06 1.05018e+06 2.36338e+06
reclaspred
 4.13944e+06 1.33314e+06 940825 507147 47269.3 1.92414e+06 607149 123671 695323 185621 250564 753578 508910 439808 288310 1.92167e+06 1.13061e+06 6.6227e+06 4.45265e+06 1.56834e+06 3.76248e+06 3.57085e+06 1.93267e+06 4.06885e+06 2.56113e+06 1.38243e+06 2.46587e+06 3.82125e+06 2.69127e+06 940310 1.49279e+06
pelacesobs
 0 0 0 0 0 0 0 0 0 0 0 0 0 0 0 552880 188675 0 991730 2.46772e+06 1.41603e+06 1.21717e+06 2.29649e+06 1.80582e+06 0 1.4828e+06 1.56532e+06 1.57751e+06 1.42118e+06 867257 1.10002e+06
pelacespred
 982345 314539 177871 64326.4 4485.56 413364 90500.3 22892.5 138650 25540.5 50483.7 130835 88784.4 79996.1 48722.9 346045 199385 1.53369e+06 993302 338281 799905 721477 394446 991009 583867 305161 646132 974440 573135 232421 337189
mphobs
 0 0 0 0 0 0 0 0 0 0 0 498337 0 5186 125008 0 168611 109162 213762 579715 649985 157893 87575 83554 0 0 0 0 0 0 0
mphpred
 2.23442e+06 980161 213565 266964 59590.8 3313.51 467127 85232.3 19819.7 146423 19608 67465.4 167591 74516.3 48488 43099.5 560020 282026 1.94085e+06 1.00956e+06 422195 918713 989198 527728 1.08231e+06 687961 319739 596340 1.27659e+06 643424 183115
desembarqueobs
 494567 514787 250237 358949 120608 361735 552515 73892 212993 205616 52469 317467 293654 387597 252695 516296 358380 742168 942051 627588 828172 859565 418607 520667 417249 300574 415391 372974 316634 284311 391294
desembarquepred
 494502 514235 250161 358264 120420 361467 551605 73846.3 212785 205328 52443.7 317073 293181 386689 252248 515750 358165 741651 940458 626023 827415 858479 418257 520354 416850 300208 415031 372718 316398 283958 390958
Reclutas
 2539.57 1540.38 222543 5107.9 1731.36 288652 2035.2 556.648 67068.2 2644.8 39056.4 151033 56823.5 73996.2 42273.4 382456 5103.06 940839 196813 32933.9 413368 498442 5876.76 295298 143281 19813.7 221459 304554 10807.7 4583.59 151706
log_desv_Rt
 -2.66728 -3.16725 1.80584 -1.96849 -3.05037 2.06595 -2.88868 -4.1851 0.606435 -2.62668 0.0657309 1.41822 0.440675 0.704739 0.144884 2.34734 -1.96943 3.2475 1.68298 -0.104771 2.42506 2.61221 -1.82827 2.08871 1.36553 -0.612899 1.80096 2.11957 -1.21901 -2.07679 1.42267
SSB
 2.23442e+06 980161 213565 266964 59590.8 3313.51 467127 85232.3 19819.7 146423 19608 67465.4 167591 74516.3 48488 43099.5 560020 282026 1.94085e+06 1.00956e+06 422195 918713 989198 527728 1.08231e+06 687961 319739 596340 1.27659e+06 643424 183115
BT
 2.72657e+06 1.29162e+06 636318 396188 117455 1.27434e+06 698551 123524 509810 238718 162071 562888 461078 587990 362430 1.20474e+06 743464 4.20684e+06 3.17143e+06 1.42548e+06 2.57039e+06 2.42915e+06 1.27007e+06 2.78117e+06 1.74461e+06 984004 1.93242e+06 2.61821e+06 1.58627e+06 849338 1.16692e+06
Ftot
 0.231122 0.703267 0.698616 1.24902 3.01784 0.589584 1.51819 1.05418 0.915128 1.79387 0.614296 1.15447 1.26904 2.11508 2.12966 0.812593 0.612569 0.339986 0.453042 0.761924 0.597402 0.597523 0.422821 0.351402 0.360507 0.438626 0.470243 0.271413 0.234693 0.569387 0.731544
BD_Bspro_t
 0.963844 0.710396 0.353579 0.41959 0.11284 0.0106484 0.471928 0.126822 0.0493777 0.282951 0.0739316 0.305739 0.335028 0.160098 0.105379 0.0998581 0.452 0.294112 0.667283 0.477669 0.262671 0.42984 0.470747 0.359143 0.55869 0.508744 0.395698 0.568283 0.709893 0.555386 0.31943
BD_Bspro
 8.55985 3.7549 0.818149 1.02271 0.228287 0.0126937 1.78952 0.326517 0.0759275 0.560933 0.0751163 0.258454 0.642024 0.285465 0.185753 0.16511 2.14538 1.08041 7.43521 3.86754 1.61739 3.5195 3.78952 2.02168 4.14623 2.63551 1.22489 2.28452 4.89051 2.4649 0.701496
BD_Bo
 1.33884 0.587303 0.127966 0.159962 0.0357062 0.00198542 0.279898 0.0510704 0.0118758 0.0877354 0.0117489 0.0404247 0.100419 0.0446495 0.0290535 0.0258248 0.335559 0.168987 1.16294 0.60492 0.252975 0.550484 0.592718 0.31621 0.64851 0.412219 0.191584 0.357321 0.764923 0.385533 0.109721
BD_Brms
 6.36234 2.79093 0.608111 0.760158 0.16968 0.00943495 1.33011 0.242692 0.0564352 0.416929 0.0558322 0.192103 0.477201 0.21218 0.138066 0.122722 1.59461 0.803046 5.52642 2.87465 1.20217 2.61596 2.81666 1.50267 3.08179 1.95891 0.910431 1.69803 3.635 1.8321 0.521406
Sel_flota
 0.603394 0.966562 0.998183 0.999904 0.999995
 0.603394 0.966562 0.998183 0.999904 0.999995
 0.603394 0.966562 0.998183 0.999904 0.999995
 0.603394 0.966562 0.998183 0.999904 0.999995
 0.603394 0.966562 0.998183 0.999904 0.999995
 0.603394 0.966562 0.998183 0.999904 0.999995
 0.603394 0.966562 0.998183 0.999904 0.999995
 0.603394 0.966562 0.998183 0.999904 0.999995
 0.603394 0.966562 0.998183 0.999904 0.999995
 0.603394 0.966562 0.998183 0.999904 0.999995
 0.603394 0.966562 0.998183 0.999904 0.999995
 0.603394 0.966562 0.998183 0.999904 0.999995
 0.603394 0.966562 0.998183 0.999904 0.999995
 0.603394 0.966562 0.998183 0.999904 0.999995
 0.603394 0.966562 0.998183 0.999904 0.999995
 0.603394 0.966562 0.998183 0.999904 0.999995
 0.603394 0.966562 0.998183 0.999904 0.999995
 0.603394 0.966562 0.998183 0.999904 0.999995
 0.603394 0.966562 0.998183 0.999904 0.999995
 0.603394 0.966562 0.998183 0.999904 0.999995
 0.603394 0.966562 0.998183 0.999904 0.999995
 0.603394 0.966562 0.998183 0.999904 0.999995
 0.603394 0.966562 0.998183 0.999904 0.999995
 0.603394 0.966562 0.998183 0.999904 0.999995
 0.603394 0.966562 0.998183 0.999904 0.999995
 0.603394 0.966562 0.998183 0.999904 0.999995
 0.603394 0.966562 0.998183 0.999904 0.999995
 0.603394 0.966562 0.998183 0.999904 0.999995
 0.603394 0.966562 0.998183 0.999904 0.999995
 0.603394 0.966562 0.998183 0.999904 0.999995
 0.603394 0.966562 0.998183 0.999904 0.999995
Sel_reclas
 1 1 1 1 1
 1 1 1 1 1
 1 1 1 1 1
 1 1 1 1 1
 1 1 1 1 1
 1 1 1 1 1
 1 1 1 1 1
 1 1 1 1 1
 1 1 1 1 1
 1 1 1 1 1
 1 1 1 1 1
 1 1 1 1 1
 1 1 1 1 1
 1 1 1 1 1
 1 1 1 1 1
 1 1 1 1 1
 1 1 1 1 1
 1 1 1 1 1
 1 1 1 1 1
 1 1 1 1 1
 1 1 1 1 1
 1 1 1 1 1
 1 1 1 1 1
 1 1 1 1 1
 1 1 1 1 1
 1 1 1 1 1
 1 1 1 1 1
 1 1 1 1 1
 1 1 1 1 1
 1 1 1 1 1
 1 1 1 1 1
Sel_pelaces
 1 1 1 1 1
 1 1 1 1 1
 1 1 1 1 1
 1 1 1 1 1
 1 1 1 1 1
 1 1 1 1 1
 1 1 1 1 1
 1 1 1 1 1
 1 1 1 1 1
 1 1 1 1 1
 1 1 1 1 1
 1 1 1 1 1
 1 1 1 1 1
 1 1 1 1 1
 1 1 1 1 1
 1 1 1 1 1
 1 1 1 1 1
 1 1 1 1 1
 1 1 1 1 1
 1 1 1 1 1
 1 1 1 1 1
 1 1 1 1 1
 1 1 1 1 1
 1 1 1 1 1
 1 1 1 1 1
 1 1 1 1 1
 1 1 1 1 1
 1 1 1 1 1
 1 1 1 1 1
 1 1 1 1 1
 1 1 1 1 1
pf_obs 
 0.8446 0.082 0.0669 0.0065 0
 0.8095 0.147 0.0364 0.0071 0
 0.9664 0.0169 0.016 0.0007 0
 0.9276 0.0648 0.0075 0.0001 0
 0.7033 0.2144 0.0806 0.0017 0
 0.9318 0.0425 0.0243 0.0014 0
 0.5671 0.3108 0.0964 0.0239 0.0018
 0.0768 0.2599 0.5324 0.112 0.0189
 0.490249 0.384438 0.106611 0.0170017 0.00170017
 0.7925 0.1577 0.0466 0.003 0.0002
 0.840416 0.127587 0.0312969 0.00059994 9.999e-05
 0.8084 0.0986 0.0794 0.0134 0.0002
 0.7335 0.1905 0.0724 0.0035 0.0001
 0.4001 0.4547 0.1325 0.0127 0
 0.49795 0.308269 0.164784 0.0264974 0.00249975
 0.9179 0.0499 0.0305 0.0017 0
 0.2467 0.6533 0.0926 0.0074 0
 0.9418 0.0223 0.034 0.0019 0
 0.707729 0.231977 0.0356964 0.0245975 0
 0.517169 0.277429 0.184464 0.0207286 0.00020938
 0.811772 0.124168 0.05621 0.00726502 0.000585176
 0.764997 0.148141 0.077277 0.00933861 0.000247198
 0.163321 0.427699 0.378323 0.0303852 0.000271297
 0.753843 0.0900009 0.118128 0.0371064 0.000921714
 0.721811 0.176058 0.0630433 0.0369309 0.00215725
 0.143369 0.312575 0.442814 0.0836902 0.0175525
 0.692698 0.0596174 0.167031 0.0765114 0.00414204
 0.394062 0.376323 0.152708 0.0712218 0.00568511
 0.125707 0.32114 0.495352 0.0537591 0.00404204
 0.23352 0.215282 0.420074 0.123614 0.00750983
 0.796117 0.104755 0.0508955 0.0450114 0.00322123
pf_pred 
 0.0117472 0.170638 0.73399 0.0836241 4.92543e-07
 0.0250485 0.0192318 0.169922 0.705564 0.0802338
 0.950944 0.00230672 0.000965647 0.00815636 0.0376269
 0.0633327 0.912239 0.00120199 0.000480953 0.022745
 0.170582 0.10476 0.706856 0.000878714 0.0169233
 0.998807 0.000526569 9.21902e-05 0.000560573 1.40343e-05
 0.0200673 0.979298 0.000287283 4.81819e-05 0.000299616
 0.0557381 0.0419314 0.901783 0.000248105 0.000299279
 0.979698 0.00224794 0.000843298 0.0172002 1.04099e-05
 0.123907 0.867292 0.00102111 0.00036432 0.0074152
 0.953836 0.0118448 0.0339984 3.72896e-05 0.000282954
 0.914752 0.0830873 0.000572331 0.00157311 1.47815e-05
 0.589586 0.392707 0.0172829 0.000112625 0.000311535
 0.818855 0.136736 0.042598 0.00176823 4.32541e-05
 0.802226 0.183075 0.0113088 0.00325271 0.000137724
 0.982674 0.0158789 0.00134743 7.68541e-05 2.29417e-05
 0.0383394 0.952769 0.00818066 0.000662067 4.89087e-05
 0.96937 0.00203854 0.0283379 0.000233106 2.02122e-05
 0.313389 0.674362 0.000844035 0.0113034 0.00010084
 0.154408 0.37322 0.464284 0.000558443 0.00752933
 0.904425 0.0246818 0.0321012 0.0381293 0.000662471
 0.750934 0.235574 0.00359894 0.00448514 0.00540749
 0.0250593 0.822329 0.144684 0.00211821 0.00580873
 0.830588 0.00717501 0.137666 0.0232971 0.00127362
 0.489739 0.456853 0.00234521 0.0433422 0.00772014
 0.161247 0.519412 0.287084 0.00141919 0.030837
 0.869001 0.032901 0.0616588 0.0327658 0.00367331
 0.748281 0.232072 0.00508616 0.00915956 0.00540146
 0.0575066 0.783286 0.147201 0.00311265 0.00889365
 0.0759784 0.0846479 0.701712 0.127299 0.0103626
 0.920195 0.0105211 0.00659659 0.0524259 0.0102615
pobs_RECLAS
 0 0 0 0 0
 0 0 0 0 0
 0 0 0 0 0
 0 0 0 0 0
 0 0 0 0 0
 0 0 0 0 0
 0 0 0 0 0
 0 0 0 0 0
 0 0 0 0 0
 0 0 0 0 0
 0.991045 0.00858322 0.000360255 1.14367e-05 0
 0.934742 0.0480273 0.0164251 0.00080598 0
 0.827803 0.169806 0.00239088 0 0
 0.941827 0.0461693 0.0120037 0 0
 0.791401 0.0380133 0.147996 0.0225897 0
 0.846168 0.0940531 0.0597789 0 0
 0.134021 0.677848 0.182769 0.00536245 0
 0.80878 0.0450904 0.141981 0.00414843 0
 0.846168 0.0940531 0.0597789 0 0
 0.905697 0.0802665 0.012482 0.00150086 5.37128e-05
 0.989698 0.0102097 9.19794e-05 0 0
 0.975433 0.0193895 0.00387452 0.00125025 5.28907e-05
 0.303575 0.632131 0.0575291 0.00676475 0
 0.966965 0.00978017 0.0227588 0.000495775 0
 0.843318 0.132988 0.00938335 0.0141283 0.000182051
 0.564624 0.303363 0.111486 0.0197234 0.00080311
 0.826376 0.0876187 0.0782897 0.00655872 0.00115652
 0.89761 0.0855135 0.0140674 0.00269457 0.000114338
 0.34875 0.467042 0.161289 0.0227151 0.000203297
 0.318654 0.224769 0.449479 0.00709798 0
 0.937255 0.0296025 0.0250945 0.00804832 0
ppred_RECLAS
 0.0193455 0.174014 0.724269 0.0823712 4.85119e-07
 0.0421838 0.0195865 0.167073 0.692425 0.0787319
 0.970758 0.00142444 0.000575705 0.00485354 0.0223881
 0.104204 0.873351 0.00110676 0.000441921 0.0208968
 0.310237 0.0916132 0.583502 0.000723108 0.0139241
 0.999288 0.000320691 5.42391e-05 0.000329197 8.24086e-06
 0.0347631 0.964637 0.000271544 4.54413e-05 0.000282541
 0.0938506 0.0417054 0.863921 0.00023721 0.000286106
 0.988193 0.00135268 0.000489252 0.00995941 6.02698e-06
 0.203455 0.7889 0.000888975 0.000316427 0.00643961
 0.972125 0.00733836 0.0203455 2.22735e-05 0.000168995
 0.948246 0.0504925 0.00033476 0.000918232 8.62713e-06
 0.712396 0.275652 0.0116657 7.58606e-05 0.000209817
 0.895106 0.0800843 0.0238005 0.000985444 2.41025e-05
 0.883843 0.107899 0.00635725 0.00182385 7.72139e-05
 0.989551 0.00960438 0.000786292 4.47621e-05 1.33605e-05
 0.0615605 0.930057 0.00771352 0.000623102 4.60257e-05
 0.98147 0.00127222 0.0171052 0.000140455 1.21775e-05
 0.426907 0.563221 0.000681462 0.00910967 8.12617e-05
 0.236098 0.343877 0.412848 0.000495629 0.00668176
 0.941061 0.0156263 0.0196326 0.0232761 0.000404367
 0.832346 0.158877 0.00234469 0.00291663 0.00351607
 0.0403809 0.813641 0.138409 0.00202268 0.00554624
 0.891525 0.00474464 0.0880445 0.0148731 0.000813015
 0.610015 0.350433 0.00173975 0.0320952 0.00571627
 0.240915 0.476133 0.25442 0.00125544 0.0272763
 0.917438 0.0212779 0.0385456 0.0204461 0.00229195
 0.828213 0.158798 0.00336706 0.00605293 0.00356912
 0.0901567 0.760329 0.138258 0.00291839 0.00833782
 0.122228 0.0829851 0.66464 0.120351 0.00979603
 0.951744 0.00656948 0.0039759 0.0315383 0.00617247
pobs_PELACES
 0 0 0 0 0
 0 0 0 0 0
 0 0 0 0 0
 0 0 0 0 0
 0 0 0 0 0
 0 0 0 0 0
 0 0 0 0 0
 0 0 0 0 0
 0 0 0 0 0
 0 0 0 0 0
 0 0 0 0 0
 0 0 0 0 0
 0 0 0 0 0
 0 0 0 0 0
 0 0 0 0 0
 0 0 0 0 0
 0.505614 0.472636 0.0217494 0 0
 0 0 0 0 0
 0.443492 0.261883 0.143347 0.151278 0
 0.227955 0.32914 0.350689 0.0885471 0.00366901
 0.970185 0.0296113 0.000203453 0 0
 0.997202 0.00247181 0.000326279 0 0
 0.445219 0.490057 0.0546422 0.010081 0
 0.90214 0.0892962 0.00764917 0.000914606 0
 0 0 0 0 0
 0.581667 0.319106 0.0959925 0.00289975 0.000334073
 0.762889 0.0836404 0.116647 0.0363945 0.000428098
 0.88444 0.0763242 0.0277011 0.0115352 0
 0.521256 0.241999 0.230069 0.00667565 0
 0.616807 0.101726 0.260614 0.0208532 0
 0.833518 0.0704572 0.0857862 0.0102388 0
ppred_PELACES
 0.0199169 0.174259 0.723545 0.0822781 4.84567e-07
 0.0460525 0.0196545 0.166427 0.689472 0.0783944
 0.973235 0.00131338 0.000526962 0.00444084 0.020484
 0.119063 0.859157 0.00107468 0.000428805 0.0202759
 0.398901 0.0820456 0.506365 0.000626441 0.0120616
 0.999339 0.000298828 5.02315e-05 0.000304771 7.62926e-06
 0.0414133 0.958001 0.000265438 4.43811e-05 0.000275936
 0.106151 0.0415732 0.85176 0.00023373 0.000281901
 0.989499 0.00121377 0.000434839 0.00884715 5.35375e-06
 0.240551 0.752301 0.000832013 0.00029585 0.00602052
 0.974171 0.00683187 0.0188202 2.05965e-05 0.000156269
 0.954643 0.0442648 0.000289957 0.000794818 7.46734e-06
 0.742631 0.246809 0.0103077 6.69811e-05 0.00018525
 0.91703 0.0636752 0.0185108 0.000765505 1.87219e-05
 0.907723 0.0858519 0.00494711 0.00141758 6.00102e-05
 0.990518 0.00872166 0.000707997 4.02863e-05 1.20243e-05
 0.0659442 0.925765 0.007629 0.00061606 4.55048e-05
 0.982254 0.0012224 0.0163771 0.000134451 1.16568e-05
 0.440261 0.550144 0.000662499 0.00885391 7.89791e-05
 0.253788 0.337384 0.401845 0.000482212 0.00650072
 0.945153 0.0146099 0.0182415 0.0216195 0.000375582
 0.842147 0.149639 0.00219463 0.00272904 0.00328987
 0.0424182 0.812459 0.1376 0.00201037 0.00551241
 0.895861 0.0045711 0.0845138 0.0142738 0.000780247
 0.620338 0.341294 0.00168802 0.0311344 0.0055451
 0.250981 0.470625 0.250329 0.00123494 0.0268306
 0.921876 0.0202092 0.0364304 0.0193189 0.00216557
 0.832822 0.154571 0.00326817 0.00587425 0.00346374
 0.0925246 0.758657 0.137616 0.00290446 0.00829797
 0.130354 0.0826643 0.658148 0.119137 0.00969705
 0.955907 0.00604437 0.00363028 0.0287848 0.00563344
pobs_pel_tallas
 0 0 0 0 0 0 0 0 0 0 0 0 0 0 0 0 0 0 0 0 0 0 0 0 0 0
 0 0 0 0 0 0 0 0 0 0 0 0 0 0 0 0 0 0 0 0 0 0 0 0 0 0
 0 0 0 0 0 0 0 0 0 0 0 0 0 0 0 0 0 0 0 0 0 0 0 0 0 0
 0 0 0 0 0 0 0 0 0 0 0 0 0 0 0 0 0 0 0 0 0 0 0 0 0 0
 0 0 0 0 0 0 0 0 0 0 0 0 0 0 0 0 0 0 0 0 0 0 0 0 0 0
 0 0 0 0 0 0 0 0 0 0 0 0 0 0 0 0 0 0 0 0 0 0 0 0 0 0
 0 0 0 0 0 0 0 0 0 0 0 0 0 0 0 0 0 0 0 0 0 0 0 0 0 0
 0 0 0 0 0 0 0 0 0 0 0 0 0 0 0 0 0 0 0 0 0 0 0 0 0 0
 0 0 0 0 0 0 0 0 0 0 0 0 0 0 0 0 0 0 0 0 0 0 0 0 0 0
 0 0 0 0 0 0 0 0 0 0 0 0 0 0 0 0 0 0 0 0 0 0 0 0 0 0
 0 0 0 0 0 0 0 0 0 0 0 0 0 0 0 0 0 0 0 0 0 0 0 0 0 0
 0 0 0 0 0 0 0 0 0 0 0 0 0 0 0 0 0 0 0 0 0 0 0 0 0 0
 0.00862536 0 0 0.000197151 0.00414017 0.0128641 0.00837892 0.0270097 0.101434 0.158115 0.152841 0.127902 0.109271 0.109419 0.0830992 0.0579132 0.0238553 0.00714673 0.00463305 0.00128148 0.00103504 0.000492878 0.000147863 0.000147863 4.92878e-05 0
 0 0 0 0 0 0 0 0 0 0 0 0 0 0 0 0 0 0 0 0 0 0 0 0 0 0
 0 0 0 0 0 0 0 0.0054083 0.00873648 0.0413646 0.0450493 0.0745869 0.0622846 0.0627006 0.0613931 0.0827291 0.12552 0.122667 0.0946155 0.0697135 0.0546179 0.0294188 0.0215738 0.0213955 0.0102223 0.00600262
 0 0 0 0 0.00359764 0.0251062 0.0480494 0.140153 0.205849 0.193036 0.1447 0.116669 0.0760912 0.0342217 0.00950174 0.001854 0.000860785 0 0 0 0.000165536 0 0.000143464 0 0 0
 0 0 0 0 0 0 0 0.000145254 0.000435761 0.0275982 0.070085 0.0708112 0.156366 0.174668 0.174014 0.160142 0.0824315 0.0480064 0.0283245 0.00493863 0.00203355 0 0 0 0 0
 0 0 0 0 0 0 0 0 0 0 0 0 0 0 0 0 0 0 0 0 0 0 0 0 0 0
 0 0 1.00437e-05 0.000401748 0.00122533 0.00171747 0.00176769 0.0269171 0.070346 0.194647 0.189555 0.159765 0.064822 0.0314167 0.0384472 0.0292271 0.0345202 0.0313363 0.0194345 0.0106764 0.0143323 0.0359363 0.0279516 0.0138201 0.00172751 0
 0 0.0021121 0.0136068 0.0755702 0.200478 0.177729 0.0527432 0.0373336 0.0318909 0.0142505 0.0149659 0.0166563 0.0217959 0.0798694 0.0677717 0.0528807 0.04013 0.0224614 0.0357745 0.0225083 0.00881397 0.00855152 0.00135912 0.000746735 0 0
 0 0 0 0 5.4009e-05 0.00500934 0.000945158 0.0243581 0.138947 0.33067 0.221406 0.137944 0.0707744 0.0437923 0.0131692 0.00525238 0.0047753 0.00276346 9.45158e-05 9.00151e-06 2.25038e-05 9.00151e-06 4.50075e-06 0 0 0
 0.000866109 0.00284123 0.00948549 0.0512746 0.133035 0.25785 0.225252 0.132002 0.0553304 0.0519788 0.0540692 0.017754 0.00435017 0.00159236 0.00146478 0.000404838 0.000125132 0.000115318 0.000107957 0.000100596 0 0 0 0 0 0
 0 0 0 0 0.00144013 0.00171154 0.00461396 0.0210425 0.0478622 0.0707936 0.0888783 0.103762 0.0637923 0.0337046 0.0602308 0.124433 0.169614 0.0934646 0.0462172 0.0250306 0.0313229 0.00938855 0.002487 0.000210481 0 0
 0 0.00764035 0.051015 0.0998891 0.058973 0.0496711 0.0374665 0.0718981 0.12319 0.153886 0.159021 0.0857701 0.0377988 0.023471 0.0147837 0.00900784 0.00315554 0.000888139 0.00291439 0.00214683 0.00393193 0.00274676 0.000635225 9.99891e-05 0 0
 0 0 0 0 0 0 0 0 0 0 0 0 0 0 0 0 0 0 0 0 0 0 0 0 0 0
 0 0 0 0 0 0 0 0 0 0 0 0 0 0 0 0 0 0 0 0 0 0 0 0 0 0
 0 0 0 0 0 0 0 0 0 0 0 0 0 0 0 0 0 0 0 0 0 0 0 0 0 0
 0 0 0 0 0 0 0 0 0 0 0 0 0 0 0 0 0 0 0 0 0 0 0 0 0 0
 0 0 0 0 0 0 0 0 0 0 0 0 0 0 0 0 0 0 0 0 0 0 0 0 0 0
 0 0 0 0 0 0 0 0 0 0 0 0 0 0 0 0 0 0 0 0 0 0 0 0 0 0
 0 0 0 0 0 0 0 0 0 0 0 0 0 0 0 0 0 0 0 0 0 0 0 0 0 0
ppred_pel_tallas
 1.29176e-16 1.64057e-06 1.59469e-05 0.000105974 0.000481752 0.00149901 0.00319445 0.00466612 0.00468402 0.00328243 0.00179764 0.00135844 0.00235983 0.00511224 0.0101962 0.0181982 0.029345 0.0434218 0.0599841 0.0784956 0.0979932 0.116439 0.130527 0.136591 0.132292 0.117958
 1.87219e-16 3.79329e-06 3.68722e-05 0.000245029 0.00111387 0.00346566 0.00738405 0.0107777 0.0107801 0.00739607 0.00350766 0.00124256 0.000596992 0.000904848 0.00195843 0.00407641 0.00797346 0.0147563 0.0258969 0.0429583 0.0669428 0.0973842 0.131609 0.164716 0.190584 0.203689
 1.03928e-16 8.01641e-05 0.000779223 0.00517821 0.0235394 0.0732398 0.156045 0.227753 0.227753 0.156046 0.073242 0.0235459 0.00519491 0.000817168 0.000157003 0.000146548 0.000239865 0.000389075 0.000620219 0.000983324 0.00153996 0.00233748 0.00337284 0.00456312 0.00574242 0.0066952
 1.03725e-16 9.80725e-06 9.53301e-05 0.000633506 0.00287988 0.00896081 0.019095 0.027887 0.0279697 0.0194986 0.0103154 0.00678986 0.0104387 0.0214693 0.040512 0.0667217 0.0955605 0.119013 0.128935 0.121606 0.100049 0.0721626 0.046226 0.0271797 0.0157972 0.0101946
 1.16738e-16 3.2857e-05 0.000319381 0.0021224 0.00964814 0.030019 0.0639589 0.0933517 0.0933604 0.0640017 0.0301647 0.0100787 0.00323971 0.00287922 0.0052472 0.00953937 0.0158647 0.024358 0.0350008 0.0474992 0.060978 0.0736634 0.0830025 0.0864737 0.0827479 0.0724485
 1.00034e-16 8.23142e-05 0.000800123 0.0053171 0.0241708 0.0752042 0.160231 0.233861 0.233861 0.160231 0.0752047 0.0241721 0.00532056 0.000807695 9.67765e-05 2.99275e-05 3.5651e-05 4.58734e-05 5.34232e-05 5.74056e-05 5.92466e-05 6.14646e-05 6.58318e-05 7.20938e-05 7.80882e-05 8.09956e-05
 1.00304e-16 3.41136e-06 3.31597e-05 0.000220362 0.00100179 0.00311744 0.00664544 0.00971853 0.00981064 0.00709543 0.00462772 0.00536113 0.0111521 0.0238612 0.0451515 0.0743616 0.106469 0.132517 0.143382 0.134868 0.11029 0.0784184 0.0484934 0.0261007 0.0122526 0.00504753
 1.24662e-16 8.74357e-06 8.49906e-05 0.000564793 0.00256747 0.00798838 0.0170203 0.0248427 0.024848 0.0170468 0.00808133 0.00285252 0.00134264 0.00198869 0.00422469 0.00853 0.0159012 0.0274815 0.0441257 0.0657153 0.090393 0.114255 0.13208 0.139131 0.133203 0.115722
 1.00902e-16 8.15037e-05 0.000792245 0.00526475 0.0239328 0.0744637 0.158653 0.231559 0.231559 0.158653 0.0744657 0.0239386 0.00527958 0.000825393 0.000146906 0.000120784 0.000183745 0.000271777 0.000385511 0.000538136 0.000747343 0.00102267 0.00135035 0.00168613 0.00196342 0.00211527
 1.01265e-16 1.9814e-05 0.000192599 0.00127989 0.00581825 0.0181031 0.0385733 0.056314 0.0563864 0.0389267 0.0192892 0.00924173 0.00986493 0.0189061 0.0354785 0.058408 0.0836362 0.104123 0.112716 0.106131 0.0869861 0.0621764 0.0389525 0.0216777 0.0111061 0.00569212
 1.00574e-16 8.02412e-05 0.000779973 0.00518319 0.023562 0.0733103 0.156195 0.227972 0.227972 0.156199 0.0733217 0.0235953 0.00526787 0.000969144 0.000452153 0.000653313 0.00100932 0.00142638 0.00186249 0.00228925 0.00268648 0.00302236 0.0032385 0.00326415 0.00305585 0.00263186
 1.00101e-16 7.86327e-05 0.000764338 0.00507929 0.0230897 0.0718407 0.153064 0.223403 0.223407 0.153085 0.0719105 0.0232912 0.00558457 0.00186583 0.00216608 0.00344477 0.0049272 0.00613835 0.00665384 0.00628117 0.00517412 0.00373667 0.00239184 0.00139176 0.000776527 0.000452972
 1.00399e-16 6.11696e-05 0.00059459 0.00395126 0.0179619 0.0558862 0.119072 0.173794 0.173818 0.119188 0.0562756 0.0190861 0.00677125 0.00674389 0.0117199 0.019226 0.0275659 0.0344028 0.0373979 0.0354709 0.0294521 0.02155 0.0140773 0.00841243 0.0047882 0.00273138
 1.00631e-16 7.55345e-05 0.000734223 0.00487917 0.02218 0.0690102 0.147034 0.214601 0.214608 0.147064 0.0691112 0.0224718 0.00561242 0.00233709 0.00312598 0.00506453 0.00732547 0.00928767 0.0103688 0.0102927 0.00923727 0.00769275 0.00614917 0.0048655 0.00385459 0.0030172
 1.00318e-16 7.4768e-05 0.000726772 0.00482965 0.0219549 0.0683099 0.145542 0.212424 0.212432 0.145582 0.0684454 0.0223462 0.00581119 0.00286758 0.00413493 0.00670278 0.00961368 0.0120162 0.0130983 0.012487 0.0104702 0.00780941 0.00529644 0.0033952 0.00217261 0.0014562
 1.00029e-16 8.15877e-05 0.000793061 0.00527017 0.0239574 0.0745405 0.158816 0.231797 0.231798 0.15882 0.0745542 0.0239972 0.00536995 0.00101073 0.000494522 0.000687208 0.000979137 0.00122493 0.00133772 0.00127921 0.001078 0.000810421 0.000555823 0.000360688 0.000232014 0.000153359
 1.00527e-16 5.43193e-06 5.28004e-05 0.000350881 0.00159511 0.00496346 0.0105785 0.0154582 0.0155473 0.0110134 0.00642316 0.0058086 0.0109174 0.0230867 0.0436542 0.0719063 0.102986 0.12825 0.138894 0.130864 0.107344 0.0767763 0.0480371 0.0264792 0.0130587 0.00594873
 1.00489e-16 8.0907e-05 0.000786445 0.0052262 0.0237576 0.0739186 0.157491 0.229863 0.229863 0.157492 0.073921 0.023765 0.005246 0.000833608 0.000182012 0.000202796 0.000353674 0.000588329 0.000914536 0.0013282 0.00179531 0.00224468 0.00257969 0.00271095 0.00259555 0.002259
 1.01062e-16 3.62638e-05 0.000352497 0.00234247 0.0106486 0.0331319 0.070593 0.103044 0.103097 0.0708515 0.0339993 0.0131523 0.00862114 0.0140391 0.0259714 0.0427266 0.0611904 0.0762042 0.0825445 0.0778192 0.0639449 0.0459569 0.029135 0.0166355 0.00897252 0.00499034
 1.12832e-16 2.09043e-05 0.000203197 0.00135032 0.00613836 0.0190989 0.0406935 0.0594002 0.0594333 0.0408553 0.0196438 0.00771895 0.0053437 0.00900622 0.0169887 0.0286996 0.0428384 0.0569679 0.0684756 0.0759283 0.0795656 0.0804676 0.079235 0.0754644 0.0684096 0.0580529
 1.02762e-16 7.7851e-05 0.00075674 0.0050288 0.0228602 0.0711266 0.151543 0.221181 0.221183 0.15155 0.0711504 0.0229294 0.00520404 0.00114495 0.000832092 0.00129781 0.00197124 0.00271546 0.00345431 0.00417143 0.00491089 0.00571685 0.00655461 0.00728241 0.00770229 0.0076548
 1.00933e-16 6.93666e-05 0.000674268 0.00448075 0.0203688 0.0633751 0.135028 0.19708 0.197095 0.135098 0.0636111 0.0210501 0.00618947 0.00439972 0.00713092 0.0116433 0.0166826 0.0208058 0.0225975 0.0214151 0.0177838 0.0130692 0.00869315 0.00549047 0.00357218 0.00259625
 1.05313e-16 3.4941e-06 3.3964e-05 0.000225706 0.00102608 0.00319293 0.00680576 0.00994963 0.010028 0.00718853 0.00447822 0.00473874 0.00954606 0.0203837 0.0386606 0.0639304 0.0921394 0.115947 0.127832 0.124259 0.107734 0.0850145 0.0630245 0.0456708 0.0334015 0.024786
 1.04004e-16 7.37909e-05 0.000717274 0.00476654 0.021668 0.0674171 0.143639 0.209646 0.209647 0.143642 0.0674272 0.0216987 0.00485017 0.000921436 0.00052485 0.0009163 0.00169892 0.00294331 0.00475341 0.00714714 0.009967 0.0128321 0.0151922 0.0164989 0.0164219 0.0149896
 1.04197e-16 5.10965e-05 0.000496676 0.00330059 0.015004 0.0466832 0.0994648 0.145179 0.145212 0.0996252 0.0472216 0.0165582 0.00719885 0.00899699 0.0161671 0.0265761 0.0381194 0.047616 0.0518824 0.0495012 0.0417143 0.0316508 0.0225121 0.0160905 0.0124726 0.010706
 1.12009e-16 2.0673e-05 0.000200949 0.00133538 0.00607048 0.0188878 0.0402441 0.0587469 0.0587926 0.0404672 0.0196379 0.00824066 0.00679636 0.012167 0.0228768 0.0381265 0.0557076 0.0716866 0.0819953 0.084653 0.0807684 0.0734417 0.0655558 0.0583035 0.0513419 0.043935
 1.03361e-16 7.59337e-05 0.000738103 0.00490495 0.0222972 0.0693749 0.147811 0.215734 0.215736 0.14782 0.0694081 0.0223938 0.00515045 0.0012838 0.00114128 0.00184312 0.00282892 0.00394267 0.0050804 0.00620179 0.00732818 0.00846666 0.00952229 0.0102868 0.0105261 0.010103
 1.0131e-16 6.85985e-05 0.000666802 0.00443113 0.0201433 0.0626734 0.133533 0.194898 0.194913 0.133605 0.0629172 0.0208473 0.00619682 0.00451695 0.00736804 0.0120394 0.0172607 0.0215497 0.0234516 0.0223095 0.0186687 0.013935 0.00956275 0.00639147 0.00450969 0.00354278
 1.05861e-16 7.62128e-06 7.40817e-05 0.000492302 0.00223798 0.00696358 0.0148393 0.0216738 0.0217469 0.0151968 0.00816407 0.00570589 0.00919896 0.0190864 0.0361314 0.0597602 0.0861736 0.108535 0.119841 0.116802 0.101744 0.0809384 0.0607869 0.0448692 0.0335515 0.0254786
 1.32603e-16 1.07371e-05 0.000104368 0.000693564 0.00315285 0.00980973 0.020901 0.0305075 0.0305165 0.0209455 0.00996219 0.00360657 0.0018829 0.00286783 0.00574957 0.0107704 0.0185091 0.0295407 0.0442814 0.0626912 0.0837287 0.104866 0.122251 0.131834 0.131007 0.119809
 1.03947e-16 7.87368e-05 0.00076535 0.00508602 0.0231203 0.0719358 0.153267 0.223698 0.223698 0.15327 0.0719457 0.0231491 0.00515927 0.000928529 0.000398885 0.00056359 0.000877256 0.00127096 0.00175076 0.00236388 0.00318393 0.0042603 0.00555357 0.00690172 0.0080482 0.00872528
pSPR Fmed_Fpbrs
0.365776   0.260433 0.260433
Fs Fmed_Fpbrs
0.700915   1.005 1.005
SSBpbr Bo_Bmed_Bpbrs
1.66892e+06  527005  351195 351195
Ro
36571.7
SPR SPRFo_SPRFmed_SPRFpbrs
261035 95480.4 67982
Fref
1.005
Nvult_r0
 115813 978.989 602.421 4782.93 936.128
CTP_r0
 35465.9 405.502 254.244 2020.59 395.495
YTP_r0
390958
Np
 122315 24537.1 4998.5 29.2657 19.8315
Nvult_p0
 97777.8 21120 4324.17 25.3244 17.161
CTP_p0
 36910.6 15222.9 93.9825 56.2884 525.237
 36910.6 10406.8 2165.51 12.6932 8.60186
YTP_p0
 536599 490287
CBA_c0
522706
log_Ro
10.327
likeval ReclasPelacesDesembMPH_pf_preclas_ppelaces_ptallas_desvR_qrecl_qpela
 21.4287 87.2528 0.239604 0.00160382 394.225 142.292 128.79 0 187.079 2.55206e-05 0 0.0220133 0 0 0
q_reclas_q_pelaces
2.04595 1
M
1
N
 2539.57 23822.7 99516.2 11320.2 0.0666704
 1540.38 812.643 7009.34 29067.4 3305.21
 222543 370.716 151.493 1277.95 5895.02
 5107.9 53708.9 69.4204 27.7488 1312.22
 1731.36 884.383 5908.08 7.34066 141.371
 288652 103.102 17.6011 106.882 2.67567
 2035.2 74401.1 21.4526 3.59466 22.3521
 556.648 299.551 6309.42 1.73397 2.0915
 67068.2 108.402 39.7795 810.405 0.490441
 2644.8 14204.1 16.4663 5.87019 119.474
 39056.4 329.62 922.782 1.01076 7.66917
 151033 9917.92 66.9659 183.867 1.72759
 56823.5 27685.1 1195.39 7.78195 21.5247
 73996.2 9720.3 2987.04 123.902 3.03074
 42273.4 7597.24 462.947 133.06 5.63373
 382456 4302.23 356.77 20.3244 6.06664
 5103.06 86168 721.597 58.3217 4.30808
 940839 1297.22 17535.2 144.029 12.4875
 196813 281921 343.558 4594.43 40.9848
 32933.9 55085.8 66935.8 80.41 1084.07
 413368 7650.44 9703.1 11509.7 199.96
 498442 106046 1579.86 1966.25 2370.43
 5876.76 127861 21896.5 320.107 877.757
 295298 1675.11 31257.6 5281.83 288.728
 143281 87878.3 438.773 8097.03 1442.14
 19813.7 42405.4 22816.9 112.632 2447.16
 221459 5594.1 10209.5 5417.7 607.323
 304554 61343.9 1306.29 2348.86 1385.03
 10807.7 95114.3 17359.8 366.511 1047.13
 4583.59 3450.95 27889 5052.55 411.265
 151706 1195.92 732.201 5811.75 1137.47
pred_Ctot
 211.357 3070.13 13206 1504.57 0.00886187
 348.471 267.55 2363.92 9815.67 1116.2
 50065.7 121.445 50.8397 429.419 1980.99
 1815.11 26144.6 34.4489 13.784 651.869
 1051.05 645.491 4355.36 5.41428 104.274
 56219.8 29.639 5.18911 31.553 0.78995
 829.812 40495.4 11.8796 1.9924 12.3896
 174.272 131.104 2819.53 0.775728 0.935731
 18806.2 43.1512 16.1879 330.174 0.199827
 1203.4 8423.26 9.91716 3.53833 72.0175
 7879.78 97.8519 280.866 0.308055 2.33753
 50645 4600.1 31.6869 87.0947 0.818375
 20426.9 13605.8 598.787 3.90203 10.7935
 37228.3 6216.53 1936.67 80.3906 1.9665
 21353.8 4873.11 301.019 86.5811 3.66596
 97478.8 1575.15 133.661 7.62373 2.27576
 1027.09 25524.1 219.155 17.7364 1.31023
 112164 235.876 3278.93 26.9723 2.33872
 30425.7 65471.2 81.944 1097.4 9.79019
 7962.96 19247.3 23943.6 28.7995 388.295
 81427.8 2222.17 2890.16 3432.88 59.6441
 98203.4 30807.2 470.651 586.545 707.164
 854.064 28026.4 4931.08 72.1921 197.971
 36286.2 313.457 6014.27 1017.79 55.6413
 18022.7 16812.5 86.305 1595.02 284.106
 2975.83 9585.79 5298.17 26.1912 569.098
 35389.8 1339.89 2511.04 1334.38 149.594
 29472.9 9140.72 200.331 360.772 212.75
 912.58 12430.1 2335.95 49.3951 141.135
 866.265 965.109 8000.55 1451.39 118.148
 35465.9 405.502 254.244 2020.59 395.495
F
 0.139457 0.223393 0.230701 0.231099 0.23112
 0.424347 0.679751 0.701988 0.703199 0.703263
 0.421541 0.675256 0.697346 0.698549 0.698612
 0.753653 1.20726 1.24675 1.2489 1.24902
 1.82095 2.91693 3.01235 3.01755 3.01782
 0.355751 0.56987 0.588512 0.589527 0.589581
 0.916068 1.46743 1.51543 1.51805 1.51818
 0.636087 1.01893 1.05227 1.05408 1.05418
 0.552183 0.884528 0.913465 0.91504 0.915123
 1.08241 1.73389 1.79061 1.7937 1.79386
 0.370662 0.593755 0.613179 0.614237 0.614293
 0.696603 1.11587 1.15238 1.15436 1.15447
 0.765733 1.22661 1.26674 1.26892 1.26904
 1.27623 2.04436 2.11124 2.11488 2.11507
 1.28502 2.05845 2.12579 2.12946 2.12965
 0.490314 0.785422 0.811117 0.812516 0.812589
 0.369621 0.592087 0.611456 0.612511 0.612566
 0.205146 0.328618 0.339368 0.339953 0.339984
 0.273363 0.437893 0.452219 0.452999 0.45304
 0.45974 0.736447 0.760539 0.761851 0.76192
 0.360469 0.577426 0.596316 0.597345 0.597399
 0.360542 0.577544 0.596437 0.597466 0.59752
 0.255128 0.408683 0.422053 0.422781 0.422819
 0.212034 0.339652 0.350763 0.351368 0.3514
 0.217528 0.348452 0.359852 0.360472 0.360505
 0.264664 0.423959 0.437829 0.438584 0.438623
 0.283742 0.454519 0.469389 0.470198 0.470241
 0.163769 0.262337 0.270919 0.271387 0.271411
 0.141613 0.226846 0.234267 0.234671 0.234692
 0.343565 0.550348 0.568352 0.569332 0.569384
 0.441409 0.707083 0.730214 0.731474 0.73154
YTP_r0W_actual
 294367 5717.58 7017.13 69104 14752
YTP_p0W_proyectada
 276460 238544 2173.81 1653.19 17768.8
 276460 163074 50088.2 372.799 291.001
CTP_r0_actual
 35465.9 405.502 254.244 2020.59 395.495
CTP_p0_proyectada
 36910.6 15222.9 93.9825 56.2884 525.237
 36910.6 10406.8 2165.51 12.6932 8.60186
Wmedp
 7.49 15.67 23.13 29.37 33.83
Frms_r0
 0.441409 0.707083 0.730214 0.731474 0.73154
Zrms_r0
 1.44141 1.70708 1.73021 1.73147 1.73154
nmprior
 8.19 8.8 8.5 0
nm_flota  nm_reclas  nm_pelaces    nm_pelaL
inf 7.65668 4.92081 7.93684
cv_recla  cv_pelaces  cv_mph
0.418719 1.05916 1.2359
 ------------------------------------------------
Talla a la edad & desviaci?n 
 8 13.2811 15.8009 17.003 17.5766
 0.8 1.32811 1.58009 1.7003 1.75766
