years
 1991 1992 1993 1994 1995 1996 1997 1998 1999 2000 2001 2002 2003 2004 2005 2006 2007 2008 2009 2010 2011 2012 2013 2014 2015 2016 2017 2018 2019 2020 2021
reclasobs
 0 0 0 0 0 0 0 0 0 252601 567819 844713 477998 351125 339783 2.1784e+06 2.13404e+06 4.81314e+06 1.55562e+06 2.62356e+06 3.21686e+06 3.843e+06 1.13348e+06 3.07943e+06 1.97215e+06 2.03268e+06 2.025e+06 2.42433e+06 2.27542e+06 1.05018e+06 2.36338e+06
reclaspred
 3.25134e+06 1.8268e+06 925376 921811 916997 1.44291e+06 915488 811648 593114 434103 498291 639638 631812 495912 502353 1.29682e+06 1.26324e+06 2.83434e+06 2.33664e+06 1.74148e+06 3.07742e+06 2.5012e+06 1.99296e+06 3.0624e+06 2.30167e+06 2.03592e+06 2.40948e+06 2.55924e+06 2.10515e+06 1.3347e+06 1.92815e+06
pelacesobs
 0 0 0 0 0 0 0 0 0 0 0 0 0 0 0 552880 188675 0 991730 2.46772e+06 1.41603e+06 1.21717e+06 2.29649e+06 1.80582e+06 0 1.4828e+06 1.56532e+06 1.57751e+06 1.42118e+06 867257 1.10002e+06
pelacespred
 1.77055e+06 1.1083e+06 562835 457867 473405 768877 454369 495031 350241 243275 287955 308995 335217 278148 289057 619179 604004 1.55779e+06 1.32861e+06 919761 1.5689e+06 1.38608e+06 1.10065e+06 1.84882e+06 1.34145e+06 1.18224e+06 1.59221e+06 1.6684e+06 1.13058e+06 814502 1.15869e+06
mphobs
 0 0 0 0 0 0 0 0 0 0 0 498337 0 5186 125008 0 168611 109162 213762 579715 649985 157893 87575 83554 0 0 0 0 0 0 0
mphpred
 3.34964e+06 2.24283e+06 1.12158e+06 611825 668668 754033 991321 622524 550456 381168 253247 401636 432563 368223 252479 318728 1.02056e+06 978008 1.92089e+06 1.45323e+06 1.55289e+06 1.9149e+06 1.82068e+06 1.50614e+06 2.09015e+06 1.72434e+06 1.41936e+06 1.51042e+06 2.10548e+06 1.44271e+06 908870
desembarqueobs
 494567 514787 250237 358949 120608 361735 552515 73892 212993 205616 52469 317467 293654 387597 252695 516296 358380 742168 942051 627588 828172 859565 418607 520667 417249 300574 415391 372974 316634 284311 391294
desembarquepred
 494574 513462 250895 358978 120613 361749 552564 73896.2 213041 205660 52471.5 317534 293707 387639 252692 516264 358403 742076 941867 627465 828240 859587 418617 520691 417250 300576 415391 372960 316628 284319 391298
Reclutas
 203674 114813 114683 193431 154913 264518 109611 50124.1 47319.7 62827.1 116449 152969 127846 89557 89790.2 483194 104439 744801 428975 330531 489165 656462 138154 407667 343852 154520 346004 388766 115750 84008.1 313534
log_desv_Rt
 0.107804 -0.465409 -0.466541 0.056206 -0.165853 0.369196 -0.511777 -1.29421 -1.35179 -1.06833 -0.451265 -0.178476 -0.357891 -0.713839 -0.711239 0.971705 -0.560107 1.4044 0.852685 0.591986 0.983985 1.27815 -0.280343 0.801735 0.631498 -0.168394 0.637735 0.754262 -0.45728 -0.777801 0.539193
SSB
 3.34964e+06 2.24283e+06 1.12158e+06 611825 668668 754033 991321 622524 550456 381168 253247 401636 432563 368223 252479 318728 1.02056e+06 978008 1.92089e+06 1.45323e+06 1.55289e+06 1.9149e+06 1.82068e+06 1.50614e+06 2.09015e+06 1.72434e+06 1.41936e+06 1.51042e+06 2.10548e+06 1.44271e+06 908870
BT
 4.50003e+06 3.06354e+06 1.54767e+06 1.35758e+06 1.18643e+06 2.08099e+06 1.54343e+06 1.20594e+06 1.01917e+06 759666 709405 979100 1.03988e+06 1.04482e+06 920114 1.8466e+06 1.67252e+06 4.24663e+06 3.96952e+06 2.68474e+06 4.2898e+06 3.99898e+06 2.90237e+06 4.74688e+06 3.47761e+06 2.99192e+06 4.09504e+06 4.22092e+06 2.86769e+06 2.1536e+06 3.0427e+06
Ftot
 0.126499 0.229843 0.223851 0.338489 0.114089 0.223696 0.491211 0.0785892 0.306814 0.401001 0.0969721 0.430028 0.401338 0.664764 0.452226 0.372788 0.238971 0.241645 0.345526 0.310694 0.237451 0.300474 0.176506 0.154402 0.156028 0.126211 0.155554 0.132861 0.124321 0.178046 0.186034
BD_Bspro_t
 0.979964 0.853702 0.700614 0.613725 0.604696 0.676774 0.667268 0.508776 0.564823 0.523656 0.492214 0.687852 0.574397 0.486628 0.381321 0.439008 0.609264 0.586412 0.678796 0.585036 0.556324 0.604311 0.620038 0.613736 0.714829 0.723047 0.72996 0.762925 0.804027 0.74333 0.681328
BD_Bspro
 2.56273 1.71594 0.858091 0.468092 0.511581 0.576892 0.758434 0.476277 0.42114 0.291622 0.193753 0.307281 0.330943 0.281718 0.193166 0.243851 0.780804 0.748249 1.46962 1.11183 1.18807 1.46504 1.39296 1.15231 1.59912 1.31925 1.08592 1.15558 1.61085 1.10378 0.695353
BD_Bo
 1.71053 1.14533 0.572746 0.312435 0.341463 0.385055 0.506229 0.317899 0.281096 0.194647 0.129323 0.2051 0.220893 0.188037 0.128931 0.162762 0.521159 0.49943 0.980922 0.742109 0.792998 0.977863 0.92975 0.769125 1.06736 0.880551 0.724814 0.771312 1.07518 0.736736 0.464124
BD_Brms
 10.734 7.18718 3.59411 1.9606 2.14275 2.41631 3.1767 1.99488 1.76394 1.22146 0.811532 1.28705 1.38615 1.17997 0.809072 1.02137 3.27039 3.13404 6.1555 4.6569 4.97624 6.13631 5.83439 4.82643 6.69791 5.52565 4.54837 4.84015 6.74702 4.62318 2.91248
Sel_flota
 0.808911 1 1 1 1
 0.808911 1 1 1 1
 0.808911 1 1 1 1
 0.808911 1 1 1 1
 0.808911 1 1 1 1
 0.808911 1 1 1 1
 0.808911 1 1 1 1
 0.808911 1 1 1 1
 0.808911 1 1 1 1
 0.808911 1 1 1 1
 0.808911 1 1 1 1
 0.808911 1 1 1 1
 0.808911 1 1 1 1
 0.808911 1 1 1 1
 0.808911 1 1 1 1
 0.808911 1 1 1 1
 0.808911 1 1 1 1
 0.808911 1 1 1 1
 0.808911 1 1 1 1
 0.808911 1 1 1 1
 0.808911 1 1 1 1
 0.808911 1 1 1 1
 0.808911 1 1 1 1
 0.808911 1 1 1 1
 0.808911 1 1 1 1
 0.808911 1 1 1 1
 0.808911 1 1 1 1
 0.808911 1 1 1 1
 0.808911 1 1 1 1
 0.808911 1 1 1 1
 0.808911 1 1 1 1
Sel_reclas
 1 1 1 1 1
 1 1 1 1 1
 1 1 1 1 1
 1 1 1 1 1
 1 1 1 1 1
 1 1 1 1 1
 1 1 1 1 1
 1 1 1 1 1
 1 1 1 1 1
 1 1 1 1 1
 1 1 1 1 1
 1 1 1 1 1
 1 1 1 1 1
 1 1 1 1 1
 1 1 1 1 1
 1 1 1 1 1
 1 1 1 1 1
 1 1 1 1 1
 1 1 1 1 1
 1 1 1 1 1
 1 1 1 1 1
 1 1 1 1 1
 1 1 1 1 1
 1 1 1 1 1
 1 1 1 1 1
 1 1 1 1 1
 1 1 1 1 1
 1 1 1 1 1
 1 1 1 1 1
 1 1 1 1 1
 1 1 1 1 1
Sel_pelaces
 1 1 1 1 1
 1 1 1 1 1
 1 1 1 1 1
 1 1 1 1 1
 1 1 1 1 1
 1 1 1 1 1
 1 1 1 1 1
 1 1 1 1 1
 1 1 1 1 1
 1 1 1 1 1
 1 1 1 1 1
 1 1 1 1 1
 1 1 1 1 1
 1 1 1 1 1
 1 1 1 1 1
 1 1 1 1 1
 1 1 1 1 1
 1 1 1 1 1
 1 1 1 1 1
 1 1 1 1 1
 1 1 1 1 1
 1 1 1 1 1
 1 1 1 1 1
 1 1 1 1 1
 1 1 1 1 1
 1 1 1 1 1
 1 1 1 1 1
 1 1 1 1 1
 1 1 1 1 1
 1 1 1 1 1
 1 1 1 1 1
pf_obs 
 0.8446 0.082 0.0669 0.0065 0
 0.8095 0.147 0.0364 0.0071 0
 0.9664 0.0169 0.016 0.0007 0
 0.9276 0.0648 0.0075 0.0001 0
 0.7033 0.2144 0.0806 0.0017 0
 0.9318 0.0425 0.0243 0.0014 0
 0.5671 0.3108 0.0964 0.0239 0.0018
 0.0768 0.2599 0.5324 0.112 0.0189
 0.490249 0.384438 0.106611 0.0170017 0.00170017
 0.7925 0.1577 0.0466 0.003 0.0002
 0.840416 0.127587 0.0312969 0.00059994 9.999e-05
 0.8084 0.0986 0.0794 0.0134 0.0002
 0.7335 0.1905 0.0724 0.0035 0.0001
 0.4001 0.4547 0.1325 0.0127 0
 0.49795 0.308269 0.164784 0.0264974 0.00249975
 0.9179 0.0499 0.0305 0.0017 0
 0.2467 0.6533 0.0926 0.0074 0
 0.9418 0.0223 0.034 0.0019 0
 0.707729 0.231977 0.0356964 0.0245975 0
 0.517169 0.277429 0.184464 0.0207286 0.00020938
 0.811772 0.124168 0.05621 0.00726502 0.000585176
 0.764997 0.148141 0.077277 0.00933861 0.000247198
 0.163321 0.427699 0.378323 0.0303852 0.000271297
 0.753843 0.0900009 0.118128 0.0371064 0.000921714
 0.721811 0.176058 0.0630433 0.0369309 0.00215725
 0.143369 0.312575 0.442814 0.0836902 0.0175525
 0.692698 0.0596174 0.167031 0.0765114 0.00414204
 0.394062 0.376323 0.152708 0.0712218 0.00568511
 0.125707 0.32114 0.495352 0.0537591 0.00404204
 0.23352 0.215282 0.420074 0.123614 0.00750983
 0.774587 0.0839891 0.0768558 0.0609784 0.00358967
pf_pred 
 0.44344 0.121733 0.410553 0.0242734 7.89779e-07
 0.411229 0.294259 0.0644168 0.21725 0.0128451
 0.558405 0.207506 0.116994 0.0256115 0.0914836
 0.737426 0.161728 0.0473872 0.0267175 0.0267405
 0.646602 0.27675 0.0472102 0.0138328 0.0156049
 0.74465 0.177764 0.0607584 0.0103647 0.00646284
 0.471182 0.416266 0.0783543 0.026781 0.0074172
 0.447734 0.297425 0.200602 0.0377595 0.0164803
 0.532338 0.235124 0.125234 0.0844655 0.0228383
 0.695749 0.180466 0.0622349 0.0331482 0.0284022
 0.809402 0.142495 0.0285323 0.00983956 0.00973134
 0.730746 0.226565 0.0319147 0.00639039 0.0043833
 0.67628 0.25223 0.0601557 0.00847371 0.00286054
 0.619972 0.277493 0.0798911 0.0190537 0.00359
 0.728041 0.186552 0.0623636 0.0179547 0.00508892
 0.93167 0.053111 0.0104399 0.00349002 0.00128958
 0.382425 0.584376 0.0258046 0.00507235 0.00232223
 0.895108 0.0461864 0.0555498 0.00245295 0.000702916
 0.591333 0.374167 0.0151911 0.0182708 0.00103799
 0.598773 0.26103 0.128362 0.00521149 0.00662411
 0.736686 0.172898 0.0588229 0.0289264 0.00266714
 0.740586 0.202449 0.0374044 0.0127256 0.00683488
 0.319569 0.534216 0.114108 0.0210825 0.011025
 0.738067 0.0974399 0.129146 0.0275854 0.00776196
 0.623922 0.293331 0.0307823 0.0407986 0.0111666
 0.433577 0.382968 0.14309 0.015016 0.0253492
 0.72996 0.132256 0.0931582 0.0348072 0.00981898
 0.686307 0.242418 0.034908 0.0245885 0.0117788
 0.350464 0.476122 0.134012 0.0192976 0.0201043
 0.419261 0.234329 0.253925 0.0714712 0.0210138
 0.820884 0.0853739 0.0378252 0.0409883 0.0149288
pobs_RECLAS
 0 0 0 0 0
 0 0 0 0 0
 0 0 0 0 0
 0 0 0 0 0
 0 0 0 0 0
 0 0 0 0 0
 0 0 0 0 0
 0 0 0 0 0
 0 0 0 0 0
 0 0 0 0 0
 0.991045 0.00858322 0.000360255 1.14367e-05 0
 0.934742 0.0480273 0.0164251 0.00080598 0
 0.827803 0.169806 0.00239088 0 0
 0.941827 0.0461693 0.0120037 0 0
 0.791401 0.0380133 0.147996 0.0225897 0
 0.846168 0.0940531 0.0597789 0 0
 0.134021 0.677848 0.182769 0.00536245 0
 0.80878 0.0450904 0.141981 0.00414843 0
 0.846168 0.0940531 0.0597789 0 0
 0.905697 0.0802665 0.012482 0.00150086 5.37128e-05
 0.989698 0.0102097 9.19794e-05 0 0
 0.975433 0.0193895 0.00387452 0.00125025 5.28907e-05
 0.303575 0.632131 0.0575291 0.00676475 0
 0.966965 0.00978017 0.0227588 0.000495775 0
 0.843318 0.132988 0.00938335 0.0141283 0.000182051
 0.564624 0.303363 0.111486 0.0197234 0.00080311
 0.826376 0.0876187 0.0782897 0.00655872 0.00115652
 0.89761 0.0855135 0.0140674 0.00269457 0.000114338
 0.34875 0.467042 0.161289 0.0227151 0.000203297
 0.318654 0.224769 0.449479 0.00709798 0
 0.937255 0.0296025 0.0250945 0.00804832 0
ppred_RECLAS
 0.496763 0.11007 0.371218 0.0219478 7.14111e-07
 0.464434 0.267668 0.0585957 0.197618 0.0116843
 0.610864 0.182855 0.103096 0.022569 0.0806159
 0.777568 0.137004 0.0401428 0.022633 0.0226525
 0.693847 0.239752 0.0408988 0.0119835 0.0135187
 0.78356 0.150677 0.0515003 0.00878533 0.00547806
 0.526871 0.372429 0.0701029 0.0239607 0.0066361
 0.500888 0.268799 0.181294 0.0341253 0.0148942
 0.586054 0.208117 0.11085 0.0747637 0.0202151
 0.740322 0.154027 0.0531173 0.0282919 0.0242412
 0.840217 0.119457 0.0239193 0.00824875 0.00815802
 0.77201 0.191844 0.0270237 0.00541104 0.00371155
 0.722571 0.216162 0.0515537 0.00726202 0.0024515
 0.672114 0.239419 0.0689295 0.0164394 0.00309743
 0.769697 0.157978 0.0528114 0.0152046 0.00430946
 0.944402 0.0432147 0.00849459 0.00283971 0.00104929
 0.434704 0.534907 0.0236202 0.00464296 0.00212564
 0.913778 0.0379657 0.0456625 0.00201635 0.000577805
 0.643036 0.326829 0.0132692 0.0159593 0.000906669
 0.649898 0.227769 0.112006 0.00454742 0.00578005
 0.776496 0.146757 0.0499294 0.024553 0.0022639
 0.780231 0.17151 0.0316882 0.0107809 0.00579035
 0.368072 0.496136 0.105974 0.0195797 0.0102391
 0.77743 0.0827965 0.109738 0.0234398 0.00659548
 0.672843 0.255174 0.0267781 0.0354914 0.00971402
 0.48675 0.347016 0.129657 0.0136063 0.0229696
 0.770166 0.112564 0.0792877 0.0296247 0.00835702
 0.730527 0.208245 0.0299871 0.0211223 0.0101184
 0.400646 0.439338 0.123658 0.0178067 0.0185511
 0.472398 0.212888 0.230691 0.0649316 0.0190911
 0.850407 0.0713019 0.0315905 0.0342323 0.0124681
pobs_PELACES
 0 0 0 0 0
 0 0 0 0 0
 0 0 0 0 0
 0 0 0 0 0
 0 0 0 0 0
 0 0 0 0 0
 0 0 0 0 0
 0 0 0 0 0
 0 0 0 0 0
 0 0 0 0 0
 0 0 0 0 0
 0 0 0 0 0
 0 0 0 0 0
 0 0 0 0 0
 0 0 0 0 0
 0 0 0 0 0
 0.505614 0.472636 0.0217494 0 0
 0 0 0 0 0
 0.443492 0.261883 0.143347 0.151278 0
 0.227955 0.32914 0.350689 0.0885471 0.00366901
 0.970185 0.0296113 0.000203453 0 0
 0.997202 0.00247181 0.000326279 0 0
 0.445219 0.490057 0.0546422 0.010081 0
 0.90214 0.0892962 0.00764917 0.000914606 0
 0 0 0 0 0
 0.581667 0.319106 0.0959925 0.00289975 0.000334073
 0.762889 0.0836404 0.116647 0.0363945 0.000428098
 0.88444 0.0763242 0.0277011 0.0115352 0
 0.521256 0.241999 0.230069 0.00667565 0
 0.616807 0.101726 0.260614 0.0208532 0
 0.833518 0.0704572 0.0857862 0.0102388 0
ppred_PELACES
 0.498758 0.109634 0.369747 0.0218608 7.11282e-07
 0.468041 0.265865 0.0582011 0.196287 0.0116056
 0.614214 0.181281 0.102209 0.0223747 0.0799219
 0.781238 0.134743 0.0394804 0.0222596 0.0222787
 0.695374 0.238556 0.0406949 0.0119238 0.0134514
 0.785942 0.149018 0.0509333 0.00868862 0.00541776
 0.534586 0.366357 0.0689599 0.02357 0.00652789
 0.502127 0.268131 0.180844 0.0340406 0.0148572
 0.59074 0.205762 0.109595 0.0739174 0.0199862
 0.745154 0.151161 0.052129 0.0277655 0.0237902
 0.841036 0.118845 0.0237967 0.00820646 0.00811619
 0.776748 0.187857 0.0264621 0.0052986 0.00363442
 0.727615 0.212232 0.0506163 0.00712997 0.00240692
 0.681285 0.232723 0.0670017 0.0159796 0.0030108
 0.774713 0.154537 0.0516612 0.0148734 0.00421559
 0.945623 0.0422652 0.00830796 0.00277732 0.00102623
 0.438411 0.531399 0.0234653 0.00461252 0.00211171
 0.914971 0.0374404 0.0450307 0.00198845 0.00056981
 0.648022 0.322264 0.0130839 0.0157364 0.000894005
 0.654343 0.224877 0.110584 0.00448969 0.00570667
 0.779084 0.145058 0.0493513 0.0242687 0.00223768
 0.783463 0.168988 0.0312222 0.0106223 0.0057052
 0.370664 0.4941 0.105539 0.0194994 0.0101971
 0.779111 0.0821714 0.108909 0.0232629 0.00654569
 0.675005 0.253487 0.0266011 0.0352569 0.00964983
 0.488739 0.345672 0.129155 0.0135536 0.0228806
 0.771898 0.111716 0.0786903 0.0294015 0.00829405
 0.732173 0.206973 0.029804 0.0209933 0.0100565
 0.40253 0.437957 0.12327 0.0177508 0.0184928
 0.475197 0.211759 0.229467 0.0645871 0.0189898
 0.851893 0.0705935 0.0312767 0.0338922 0.0123443
pobs_pel_tallas
 0 0 0 0 0 0 0 0 0 0 0 0 0 0 0 0 0 0 0 0 0 0 0 0 0 0
 0 0 0 0 0 0 0 0 0 0 0 0 0 0 0 0 0 0 0 0 0 0 0 0 0 0
 0 0 0 0 0 0 0 0 0 0 0 0 0 0 0 0 0 0 0 0 0 0 0 0 0 0
 0 0 0 0 0 0 0 0 0 0 0 0 0 0 0 0 0 0 0 0 0 0 0 0 0 0
 0 0 0 0 0 0 0 0 0 0 0 0 0 0 0 0 0 0 0 0 0 0 0 0 0 0
 0 0 0 0 0 0 0 0 0 0 0 0 0 0 0 0 0 0 0 0 0 0 0 0 0 0
 0 0 0 0 0 0 0 0 0 0 0 0 0 0 0 0 0 0 0 0 0 0 0 0 0 0
 0 0 0 0 0 0 0 0 0 0 0 0 0 0 0 0 0 0 0 0 0 0 0 0 0 0
 0 0 0 0 0 0 0 0 0 0 0 0 0 0 0 0 0 0 0 0 0 0 0 0 0 0
 0 0 0 0 0 0 0 0 0 0 0 0 0 0 0 0 0 0 0 0 0 0 0 0 0 0
 0 0 0 0 0 0 0 0 0 0 0 0 0 0 0 0 0 0 0 0 0 0 0 0 0 0
 0 0 0 0 0 0 0 0 0 0 0 0 0 0 0 0 0 0 0 0 0 0 0 0 0 0
 0.00862536 0 0 0.000197151 0.00414017 0.0128641 0.00837892 0.0270097 0.101434 0.158115 0.152841 0.127902 0.109271 0.109419 0.0830992 0.0579132 0.0238553 0.00714673 0.00463305 0.00128148 0.00103504 0.000492878 0.000147863 0.000147863 4.92878e-05 0
 0 0 0 0 0 0 0 0 0 0 0 0 0 0 0 0 0 0 0 0 0 0 0 0 0 0
 0 0 0 0 0 0 0 0.0054083 0.00873648 0.0413646 0.0450493 0.0745869 0.0622846 0.0627006 0.0613931 0.0827291 0.12552 0.122667 0.0946155 0.0697135 0.0546179 0.0294188 0.0215738 0.0213955 0.0102223 0.00600262
 0 0 0 0 0.00359764 0.0251062 0.0480494 0.140153 0.205849 0.193036 0.1447 0.116669 0.0760912 0.0342217 0.00950174 0.001854 0.000860785 0 0 0 0.000165536 0 0.000143464 0 0 0
 0 0 0 0 0 0 0 0.000145254 0.000435761 0.0275982 0.070085 0.0708112 0.156366 0.174668 0.174014 0.160142 0.0824315 0.0480064 0.0283245 0.00493863 0.00203355 0 0 0 0 0
 0 0 0 0 0 0 0 0 0 0 0 0 0 0 0 0 0 0 0 0 0 0 0 0 0 0
 0 0 1.00437e-05 0.000401748 0.00122533 0.00171747 0.00176769 0.0269171 0.070346 0.194647 0.189555 0.159765 0.064822 0.0314167 0.0384472 0.0292271 0.0345202 0.0313363 0.0194345 0.0106764 0.0143323 0.0359363 0.0279516 0.0138201 0.00172751 0
 0 0.0021121 0.0136068 0.0755702 0.200478 0.177729 0.0527432 0.0373336 0.0318909 0.0142505 0.0149659 0.0166563 0.0217959 0.0798694 0.0677717 0.0528807 0.04013 0.0224614 0.0357745 0.0225083 0.00881397 0.00855152 0.00135912 0.000746735 0 0
 0 0 0 0 5.4009e-05 0.00500934 0.000945158 0.0243581 0.138947 0.33067 0.221406 0.137944 0.0707744 0.0437923 0.0131692 0.00525238 0.0047753 0.00276346 9.45158e-05 9.00151e-06 2.25038e-05 9.00151e-06 4.50075e-06 0 0 0
 0.000866109 0.00284123 0.00948549 0.0512746 0.133035 0.25785 0.225252 0.132002 0.0553304 0.0519788 0.0540692 0.017754 0.00435017 0.00159236 0.00146478 0.000404838 0.000125132 0.000115318 0.000107957 0.000100596 0 0 0 0 0 0
 0 0 0 0 0.00144013 0.00171154 0.00461396 0.0210425 0.0478622 0.0707936 0.0888783 0.103762 0.0637923 0.0337046 0.0602308 0.124433 0.169614 0.0934646 0.0462172 0.0250306 0.0313229 0.00938855 0.002487 0.000210481 0 0
 0 0.00764035 0.051015 0.0998891 0.058973 0.0496711 0.0374665 0.0718981 0.12319 0.153886 0.159021 0.0857701 0.0377988 0.023471 0.0147837 0.00900784 0.00315554 0.000888139 0.00291439 0.00214683 0.00393193 0.00274676 0.000635225 9.99891e-05 0 0
 0 0 0 0 0 0 0 0 0 0 0 0 0 0 0 0 0 0 0 0 0 0 0 0 0 0
 0 0 0 0 0 0 0 0 0 0 0 0 0 0 0 0 0 0 0 0 0 0 0 0 0 0
 0 0 0 0 0 0 0 0 0 0 0 0 0 0 0 0 0 0 0 0 0 0 0 0 0 0
 0 0 0 0 0 0 0 0 0 0 0 0 0 0 0 0 0 0 0 0 0 0 0 0 0 0
 0 0 0 0 0 0 0 0 0 0 0 0 0 0 0 0 0 0 0 0 0 0 0 0 0 0
 0 0 0 0 0 0 0 0 0 0 0 0 0 0 0 0 0 0 0 0 0 0 0 0 0 0
 0 0 0 0 0 0 0 0 0 0 0 0 0 0 0 0 0 0 0 0 0 0 0 0 0 0
ppred_pel_tallas
 1.12891e-16 4.1082e-05 0.000399332 0.0026537 0.0120633 0.0375336 0.0799697 0.11672 0.116732 0.0800243 0.0377185 0.0126045 0.00403846 0.00350987 0.00620465 0.0108588 0.0171859 0.0248249 0.0333127 0.0422422 0.0511593 0.0592095 0.0649541 0.0667509 0.0635776 0.055711
 1.23397e-16 3.8552e-05 0.000374739 0.00249027 0.0113204 0.0352222 0.0750456 0.109537 0.109562 0.0751713 0.0356448 0.0125425 0.00556364 0.0071046 0.012884 0.0214185 0.0313035 0.0403995 0.0466427 0.0493137 0.0495463 0.0495171 0.0509045 0.0538013 0.0567814 0.0578699
 1.18765e-16 5.0592e-05 0.000491772 0.003268 0.0148559 0.0462222 0.098482 0.143741 0.143759 0.0985681 0.0465118 0.0156942 0.00537941 0.00512493 0.00892137 0.0148602 0.0218622 0.028491 0.0333429 0.0358599 0.0366647 0.0370517 0.0380342 0.0397032 0.0412963 0.0417635
 1.07177e-16 6.43496e-05 0.000625501 0.00415667 0.0188956 0.0587914 0.125262 0.182826 0.182839 0.125325 0.0590054 0.0195142 0.00571156 0.0040273 0.00654754 0.0107835 0.0156759 0.020038 0.0227196 0.0232306 0.0220364 0.0202147 0.0187469 0.0179971 0.0176921 0.0172736
 1.04708e-16 5.7277e-05 0.000556753 0.00369982 0.0168189 0.0523299 0.111495 0.162735 0.162758 0.111608 0.0527074 0.0179095 0.00643829 0.00653743 0.0114235 0.0188158 0.0271508 0.0342562 0.0379612 0.0372792 0.0329928 0.0271075 0.0216247 0.0175911 0.0149755 0.0131701
 1.03297e-16 6.47371e-05 0.000629267 0.0041817 0.0190094 0.0591454 0.126016 0.183927 0.183942 0.126087 0.0593821 0.0196936 0.00590137 0.00439108 0.00723193 0.0119131 0.0172946 0.0220409 0.0248292 0.0250405 0.0230984 0.020122 0.01719 0.0148095 0.0129038 0.0111556
 1.05553e-16 4.40332e-05 0.000428018 0.00284433 0.0129299 0.0402301 0.0857157 0.125112 0.125147 0.0858884 0.04081 0.0146055 0.00705189 0.00961839 0.0175138 0.0289254 0.041762 0.0527263 0.058483 0.0574961 0.050926 0.0417944 0.0331195 0.0264853 0.0218787 0.0184638
 1.11216e-16 4.13596e-05 0.00040203 0.00267163 0.0121449 0.0377873 0.0805108 0.117513 0.117539 0.0806383 0.0382162 0.0133865 0.00579963 0.00726791 0.0131909 0.0220297 0.0324048 0.0421638 0.0491046 0.0521713 0.051959 0.0500433 0.0477292 0.0452904 0.0421824 0.0378114
 1.14011e-16 4.86585e-05 0.000472978 0.00314311 0.0142881 0.0444558 0.0947184 0.138248 0.138268 0.0948161 0.0447843 0.0152391 0.00553803 0.00572704 0.0101044 0.016834 0.0247393 0.0321745 0.0375094 0.0400519 0.0404273 0.0400102 0.0398725 0.0401048 0.0399501 0.0384728
 1.08354e-16 6.13774e-05 0.00059661 0.00396468 0.0180229 0.056076 0.119476 0.174382 0.174397 0.119548 0.0563163 0.0187178 0.00571201 0.00442149 0.00735691 0.0121496 0.0176993 0.0227001 0.0258767 0.0266833 0.0256251 0.0238696 0.0224591 0.0217442 0.0213849 0.0207587
 1.02914e-16 6.9275e-05 0.000673378 0.00447483 0.020342 0.0632914 0.13485 0.196819 0.196831 0.134906 0.0634797 0.0208858 0.00584064 0.00365733 0.00574355 0.00940497 0.0135883 0.0171896 0.0191369 0.0189466 0.0170076 0.014304 0.0118039 0.00999123 0.00881491 0.0079492
 1.01959e-16 6.39797e-05 0.000621906 0.00413278 0.018787 0.0584536 0.124542 0.181777 0.181795 0.124631 0.0587506 0.0196451 0.00628651 0.00532349 0.00899311 0.0147661 0.0212647 0.0267404 0.0294553 0.0286072 0.0248016 0.0196328 0.0147246 0.0109777 0.0084581 0.00676898
 1.02638e-16 5.99327e-05 0.000582568 0.00387137 0.0175987 0.0547562 0.116665 0.17028 0.1703 0.116765 0.0550924 0.0185704 0.00631194 0.00591538 0.0102026 0.0168103 0.0242983 0.0307383 0.0341973 0.0337692 0.0300871 0.0248447 0.0197368 0.0156589 0.0126335 0.0102553
 1.04106e-16 5.61166e-05 0.000545473 0.00362486 0.0164781 0.0512696 0.109236 0.159438 0.159461 0.109346 0.0516388 0.0175451 0.00630595 0.0064073 0.0112152 0.0185214 0.0268372 0.0340877 0.0381864 0.0381588 0.0346864 0.0295698 0.0245708 0.0205579 0.0174614 0.0147942
 1.03736e-16 6.38121e-05 0.000620276 0.00412196 0.0187378 0.0583004 0.124216 0.1813 0.181315 0.124289 0.0585458 0.0194473 0.00590537 0.00452166 0.00749736 0.012357 0.0179436 0.0228791 0.0257984 0.0260689 0.0241389 0.0211724 0.0182809 0.0159689 0.0141248 0.0123868
 1.00703e-16 7.78897e-05 0.000757116 0.0050313 0.0228716 0.071162 0.151618 0.221292 0.221296 0.151638 0.0712289 0.0230649 0.00551686 0.0018178 0.00209442 0.0033448 0.00482399 0.00609441 0.00676796 0.00666798 0.00592829 0.00489622 0.00391748 0.0031716 0.00265393 0.00226581
 1.01633e-16 3.61114e-05 0.000351016 0.00233263 0.0106038 0.0329927 0.0702963 0.10261 0.102661 0.0705461 0.0338312 0.0130247 0.00840525 0.0135938 0.025146 0.0414076 0.0593952 0.0741634 0.0806961 0.0766806 0.0639131 0.0471463 0.0313392 0.0194226 0.0118495 0.00755522
 1.01605e-16 7.53649e-05 0.000732574 0.00486821 0.0221302 0.0688552 0.146703 0.214119 0.214122 0.146721 0.0689157 0.0223057 0.0053117 0.00171044 0.00196095 0.00319649 0.0047688 0.00635223 0.00765643 0.0085259 0.008989 0.00916325 0.00910749 0.00876418 0.00803579 0.00690816
 1.0219e-16 5.33768e-05 0.000518841 0.00344788 0.0156736 0.0487665 0.103903 0.151657 0.151688 0.104055 0.0492751 0.017142 0.00713136 0.00855229 0.0152882 0.0251325 0.0360662 0.0450796 0.0491506 0.046903 0.0394491 0.0296769 0.0205685 0.0138376 0.00966716 0.00731723
 1.04665e-16 5.38974e-05 0.000523902 0.00348151 0.0158265 0.0492421 0.104916 0.153133 0.153155 0.105023 0.0496003 0.0168624 0.00608767 0.00623227 0.0109509 0.0181635 0.0264954 0.0340131 0.0387522 0.0397576 0.0375688 0.0336999 0.0295784 0.0258273 0.0223231 0.0187323
 1.04274e-16 6.41722e-05 0.000623776 0.00414521 0.0188435 0.0586293 0.124917 0.182322 0.182336 0.124985 0.0588598 0.0195099 0.00582041 0.00428938 0.00705142 0.0116236 0.0168988 0.0215933 0.0244433 0.0248727 0.023313 0.02085 0.018495 0.0166652 0.0151869 0.0136611
 1.02976e-16 6.45328e-05 0.000627282 0.00416851 0.0189494 0.0589589 0.125619 0.183348 0.183364 0.125698 0.0592264 0.0197223 0.00610922 0.00486627 0.00812229 0.0133447 0.0192631 0.0243226 0.0269853 0.0265482 0.023554 0.0194046 0.0154966 0.012557 0.0105658 0.00911449
 1.06854e-16 3.05312e-05 0.000296774 0.00197217 0.00896524 0.0278944 0.0594338 0.0867554 0.0868031 0.0596668 0.028677 0.0112262 0.00765024 0.0127012 0.0236158 0.0390639 0.0564347 0.0713121 0.0791975 0.0779976 0.0692311 0.0569121 0.0450598 0.0358007 0.0291677 0.0241341
 1.06605e-16 6.41743e-05 0.000623797 0.00414535 0.0188442 0.0586313 0.12492 0.182327 0.182335 0.12496 0.0587645 0.0192311 0.00512432 0.0027865 0.00424687 0.00711665 0.0107076 0.0144347 0.0177257 0.0202924 0.0222174 0.0237191 0.0248115 0.025189 0.0244342 0.0223477
 1.06002e-16 5.55993e-05 0.000540445 0.00359145 0.0163262 0.0507971 0.108229 0.157969 0.157994 0.108349 0.0511979 0.0174838 0.00649723 0.00688409 0.0121048 0.0199297 0.0287242 0.0361791 0.039998 0.0391682 0.0345863 0.0284597 0.0229676 0.0192092 0.0170548 0.0157037
 1.09047e-16 4.02569e-05 0.000391311 0.0026004 0.0118211 0.0367799 0.0783647 0.114383 0.114416 0.0785282 0.0373292 0.0134093 0.00659332 0.00912858 0.0166947 0.027695 0.0402639 0.0514133 0.0581023 0.058906 0.054796 0.0483311 0.0419575 0.0367918 0.03261 0.0286535
 1.06652e-16 6.35803e-05 0.000618023 0.00410698 0.0186697 0.0580885 0.123764 0.18064 0.180651 0.123817 0.0582675 0.0191879 0.00541297 0.00348676 0.00556429 0.00923658 0.0136261 0.0178273 0.0209568 0.0226116 0.0230621 0.0229528 0.0227664 0.0225069 0.0218105 0.0203048
 1.04721e-16 6.03082e-05 0.000586217 0.00389562 0.0177089 0.0550992 0.117395 0.171346 0.171366 0.117493 0.0554266 0.0186548 0.00627047 0.00577222 0.0099148 0.0163109 0.0235297 0.0296805 0.0328883 0.0323154 0.0286673 0.0237094 0.0191873 0.0159875 0.0140277 0.0127064
 1.08579e-16 3.31559e-05 0.000322288 0.00214172 0.00973596 0.0302924 0.0645427 0.0942109 0.0942532 0.0647495 0.030987 0.0117435 0.00718575 0.0113493 0.0210223 0.0348238 0.0504481 0.0640402 0.0716726 0.0715146 0.0648667 0.0551547 0.0457435 0.0383125 0.032748 0.0281056
 1.16367e-16 3.91414e-05 0.000380468 0.00252835 0.0114935 0.0357607 0.0761927 0.11121 0.111231 0.0762942 0.0361025 0.012485 0.00503348 0.00590325 0.0106872 0.0180246 0.0269448 0.0359568 0.0435306 0.0489348 0.0525157 0.0550977 0.0570428 0.0578307 0.0564719 0.0523088
 1.06409e-16 7.01693e-05 0.000682071 0.0045326 0.0206046 0.0641085 0.13659 0.199359 0.199366 0.136624 0.0642211 0.0209305 0.0053531 0.00248155 0.00351288 0.0057645 0.00846284 0.0110062 0.0128478 0.0137802 0.0140603 0.0142023 0.0145936 0.0152383 0.0157936 0.0158157
pSPR Fmed_Fpbrs
0.654384   0.209357 0.209357
Fs Fmed_Fpbrs
0.226466   1.005 1.005
SSBpbr Bo_Bmed_Bpbrs
1.95825e+06  1.18353e+06  312060 312060
Ro
182859
SPR SPRFo_SPRFmed_SPRFpbrs
1.30706e+06 855321 273642
Fref
1.005
Nvult_r0
 214306 18586.3 8234.74 8923.38 3250.09
CTP_r0
 28031.5 2915.34 1291.65 1399.67 509.788
YTP_r0
391298
Np
 249491 99228.3 8173.16 3621.14 5122.46
Nvult_p0
 208781 85866.2 7072.56 3133.52 4432.67
CTP_p0
 93620.3 43040.1 3545.1 1570.67 2221.86
YTP_p0
 1.60259e+06
CBA_c0
754687
log_Ro
11.9365
likeval ReclasPelacesDesembMPH_pf_preclas_ppelaces_ptallas_desvR_qrecl_qpela
 14.2346 17.2714 0.0693225 0.00284917 241.15 118.959 98.3017 0 23.6612 1.36678e-06 0 0.354032 0 0 0
q_reclas_q_pelaces
0.847329 1
M
1
N
 203674 45677.5 154051 9108.05 0.296347
 114813 67639.6 14807.1 49938.1 2952.62
 114683 35071.3 19773.6 4328.69 15462
 193431 35201.9 10314.3 5815.34 5820.34
 154913 54115.1 9231.39 2704.84 3051.36
 264518 51965.2 17761.3 3029.87 1889.27
 109611 81203.8 15285.1 5224.34 1446.92
 50124.1 27101.6 18279 3440.67 1501.7
 47319.7 17303.9 9216.57 6216.22 1680.78
 62827.1 13582 4683.84 2494.75 2137.57
 116449 16710.1 3345.92 1153.86 1141.17
 152969 39607.1 5579.17 1117.14 766.268
 127846 39741 9478.06 1335.11 450.703
 89557 33993.8 9786.92 2334.14 439.787
 89790.2 19242.9 6432.83 1852.03 524.924
 483194 22912.1 4503.77 1505.6 556.323
 104439 131482 5805.92 1141.25 522.489
 744801 31667.8 38087.9 1681.87 481.957
 428975 225348 9149.11 11003.9 625.148
 330531 119331 58681.3 2382.45 3028.24
 489165 94573.5 32175.5 15822.4 1458.9
 656462 148506 27437.9 9334.86 5013.71
 138154 189390 40453.4 7474.16 3908.59
 407667 44061.8 58399.2 12474 3509.92
 343852 132364 13890.3 18410.1 5038.86
 154520 111497 41659.3 4371.75 7380.18
 346004 51327.6 36154 13508.4 3810.68
 388766 112238 16162.2 11384.3 5453.49
 115750 128445 36153 5206 5423.62
 84008.1 38508.2 41728.5 11745.1 3453.28
 313534 26759.5 11855.9 12847.3 4679.28
pred_Ctot
 12627.7 3466.55 11691.2 691.228 0.0224903
 12501.5 8945.58 1958.29 6604.49 390.495
 12185.6 4528.22 2553.07 558.898 1996.37
 29946.2 6567.64 1924.35 1084.97 1085.91
 8698.08 3722.83 635.071 186.079 209.917
 28088.2 6705.24 2291.8 390.955 243.778
 23462.2 20727.7 3901.6 1333.54 369.334
 1961.73 1303.15 878.927 165.442 72.2079
 6708.3 2962.93 1578.15 1064.4 287.799
 11295.3 2929.81 1010.37 538.151 461.102
 5589.15 983.97 197.024 67.945 67.1977
 29222 9060.19 1276.25 255.547 175.285
 23001.4 8578.74 2045.99 288.204 97.2915
 24588.3 11005.5 3168.51 755.676 142.381
 17912.2 4589.79 1534.35 441.744 125.204
 81487.2 4645.28 913.11 305.25 112.791
 11788.4 18013.6 795.439 156.357 71.5836
 84934.8 4382.52 5271 232.755 66.6982
 67640.2 42799.5 1737.65 2089.93 118.732
 47391.1 20659.8 10159.5 412.474 524.279
 54889.7 12882.5 4382.83 2155.27 198.726
 91327.1 24965.4 4612.61 1569.29 842.859
 11755.8 19652 4197.63 775.554 405.573
 30566.9 4035.46 5348.56 1142.44 321.46
 26039.7 12242.3 1284.71 1702.75 466.044
 9559.26 8443.45 3154.77 331.063 558.886
 26127.1 4733.77 3334.36 1245.84 351.446
 25262.4 8923.19 1284.93 905.08 433.566
 7058.02 9588.65 2698.88 388.636 404.882
 7207.15 4028.14 4365 1228.6 361.23
 28031.5 2915.34 1291.65 1399.67 509.788
F
 0.102326 0.126499 0.126499 0.126499 0.126499
 0.185923 0.229843 0.229843 0.229843 0.229843
 0.181075 0.223851 0.223851 0.223851 0.223851
 0.273807 0.338489 0.338489 0.338489 0.338489
 0.0922878 0.114089 0.114089 0.114089 0.114089
 0.18095 0.223696 0.223696 0.223696 0.223696
 0.397346 0.491211 0.491211 0.491211 0.491211
 0.0635716 0.0785892 0.0785892 0.0785892 0.0785892
 0.248185 0.306814 0.306814 0.306814 0.306814
 0.324374 0.401001 0.401001 0.401001 0.401001
 0.0784417 0.0969721 0.0969721 0.0969721 0.0969721
 0.347854 0.430028 0.430028 0.430028 0.430028
 0.324646 0.401338 0.401338 0.401338 0.401338
 0.537734 0.664764 0.664764 0.664764 0.664764
 0.36581 0.452226 0.452226 0.452226 0.452226
 0.301552 0.372788 0.372788 0.372788 0.372788
 0.193306 0.238971 0.238971 0.238971 0.238971
 0.195469 0.241645 0.241645 0.241645 0.241645
 0.2795 0.345526 0.345526 0.345526 0.345526
 0.251323 0.310694 0.310694 0.310694 0.310694
 0.192077 0.237451 0.237451 0.237451 0.237451
 0.243056 0.300474 0.300474 0.300474 0.300474
 0.142778 0.176506 0.176506 0.176506 0.176506
 0.124897 0.154402 0.154402 0.154402 0.154402
 0.126213 0.156028 0.156028 0.156028 0.156028
 0.102093 0.126211 0.126211 0.126211 0.126211
 0.125829 0.155554 0.155554 0.155554 0.155554
 0.107473 0.132861 0.132861 0.132861 0.132861
 0.100564 0.124321 0.124321 0.124321 0.124321
 0.144023 0.178046 0.178046 0.178046 0.178046
 0.150485 0.186034 0.186034 0.186034 0.186034
YTP_r0W_actual
 238267 47520 37328.7 48708.4 19473.9
YTP_p0W_proyectada
 704025 693807 82884.4 46334.7 75543.3
CTP_r0_actual
 28031.5 2915.34 1291.65 1399.67 509.788
CTP_p0_proyectada
 93620.3 43040.1 3545.1 1570.67 2221.86
Wmedp
 7.52 16.12 23.38 29.5 34
Frms_r0
 0.150485 0.186034 0.186034 0.186034 0.186034
Zrms_r0
 1.15048 1.18603 1.18603 1.18603 1.18603
nmprior
 8.19 8.8 8.5 0
nm_flota  nm_reclas  nm_pelaces    nm_pelaL
inf 12.2297 18.5408 44.5213
cv_recla  cv_pelaces  cv_mph
0.341269 0.471233 1.64727
 ------------------------------------------------
Talla a la edad & desviaci?n 
 8 13.2811 15.8009 17.003 17.5766
 0.8 1.32811 1.58009 1.7003 1.75766
