years
 1991 1992 1993 1994 1995 1996 1997 1998 1999 2000 2001 2002 2003 2004 2005 2006 2007 2008 2009 2010 2011 2012 2013 2014 2015 2016 2017 2018 2019 2020 2021
reclasobs
 0 0 0 0 0 0 0 0 0 252601 567819 844713 477998 351125 339783 2.1784e+06 2.13404e+06 4.81314e+06 1.55562e+06 2.62356e+06 3.21686e+06 3.843e+06 1.13348e+06 3.07943e+06 1.97215e+06 2.03268e+06 2.025e+06 2.42433e+06 2.27542e+06 1.05018e+06 2.36338e+06
reclaspred
 7.15717e+06 1.72259e+06 1.11432e+06 904996 115440 3.62485e+06 1.40779e+06 309870 1.14612e+06 235718 318971 1.00589e+06 701007 632291 392039 2.09319e+06 763964 5.39555e+06 2.37715e+06 2.35937e+06 2.79492e+06 3.49827e+06 1.56855e+06 3.3937e+06 2.61307e+06 1.42893e+06 2.11646e+06 4.186e+06 3.11927e+06 660072 1.34224e+06
pelacesobs
 0 0 0 0 0 0 0 0 0 0 0 0 0 0 0 552880 188675 0 991730 2.46772e+06 1.41603e+06 1.21717e+06 2.29649e+06 1.80582e+06 0 1.4828e+06 1.56532e+06 1.57751e+06 1.42118e+06 867257 1.10002e+06
pelacespred
 7.12659e+06 1.5074e+06 569363 380258 40304.6 2.18839e+06 815872 244584 645174 94044.5 172941 461012 341687 296385 166253 958539 359413 3.24775e+06 1.33897e+06 1.07953e+06 1.43837e+06 1.78102e+06 944164 2.2337e+06 1.69475e+06 944343 1.46222e+06 3.02152e+06 2.36202e+06 468015 729971
mphobs
 0 0 0 0 0 0 0 0 0 0 0 498337 0 5186 125008 0 168611 109162 213762 579715 649985 157893 87575 83554 0 0 0 0 0 0 0
mphpred
 1.90415e+06 710118 93599.9 160208 61723.2 4691.86 534731 100149 23899.2 121095 8249.16 43744.8 105359 44648.9 30724.2 25839.2 262736 54101.8 702210 164076 329892 251531 455633 148939 435162 351425 129185 243174 754186 288804 34305
desembarqueobs
 494567 514787 250237 358949 120608 361735 552515 73892 212993 205616 52469 317467 293654 387597 252695 516296 358380 742168 942051 627588 828172 859565 418607 520667 417249 300574 415391 372974 316634 284311 391294
desembarquepred
 494480 514234 250079 358177 120434 361469 551632 73847.1 212770 205294 52435.3 316986 293073 386589 252183 515502 357882 741237 939610 626124 827102 857992 417990 520103 416557 300080 414772 372550 316124 283357 390830
Reclutas
 2895.98 1744.36 181971 53052 2204.38 289456 2367.65 650.516 60068.4 2884.96 30318.2 126803 61363.4 72283 39667.1 262203 4969.12 490611 94109.5 255930 160664 440811 5948.77 170629 147821 15801.1 125754 208740 14755.2 4858.62 104920
log_desv_Rt
 -2.53595 -3.04289 1.60457 0.371998 -2.80883 2.06873 -2.73738 -4.02926 0.496209 -2.53976 -0.187527 1.24336 0.517539 0.681314 0.081247 1.96984 -1.99603 2.59638 0.945184 1.94563 1.48004 2.48934 -1.81609 1.54022 1.39673 -0.839193 1.23506 1.74181 -0.907679 -2.01852 1.05392
SSB
 1.67671e+06 625301 82420.2 141073 54350.9 4131.46 470862 88187.1 21044.7 106631 7263.87 38519.9 92775.2 39316 27054.4 22753 231354 47639.8 618338 144478 290490 221488 401212 131150 383185 309450 113755 214129 664105 254309 30207.6
BT
 2.07622e+06 896102 408469 380362 107152 1.27894e+06 703143 127547 461753 202441 116027 451899 386075 527361 316146 819904 376245 2.07511e+06 1.28365e+06 902975 1.21335e+06 1.42157e+06 589068 1.40509e+06 923448 514434 1.02608e+06 1.56658e+06 880996 411324 685694
Ftot
 0.314751 1.2135 1.20648 1.65963 2.9124 0.600314 1.45126 1.00268 1.06009 2.59245 0.943472 1.64468 1.86629 2.77957 2.88549 1.37949 1.69137 0.806398 1.58742 1.39557 1.39441 1.29084 1.06985 0.858309 0.781294 0.903567 1.06833 0.504242 0.444139 1.63256 1.58501
BD_Bspro_t
 0.950887 0.601772 0.181133 0.277887 0.0977414 0.0113288 0.456188 0.127144 0.0512268 0.218884 0.0293093 0.204029 0.221538 0.0932572 0.0619639 0.0553832 0.251874 0.0686516 0.383222 0.128885 0.18954 0.154377 0.251188 0.111917 0.295695 0.300045 0.174949 0.313547 0.551104 0.31988 0.0744641
BD_Bspro
 6.42333 2.39547 0.315744 0.540437 0.208213 0.0158272 1.80383 0.337837 0.0806201 0.408494 0.0278272 0.147566 0.355413 0.150616 0.103643 0.0871644 0.886296 0.182504 2.36879 0.553483 1.11284 0.8485 1.537 0.502423 1.46795 1.18547 0.435786 0.820307 2.54412 0.974233 0.115722
BD_Bo
 1.11167 0.414579 0.0546453 0.0935324 0.0360351 0.00273919 0.312185 0.0584688 0.0139528 0.0706974 0.00481601 0.025539 0.0615107 0.0260668 0.0179373 0.0150854 0.15339 0.0315856 0.409963 0.0957904 0.192597 0.146848 0.266007 0.0869534 0.254055 0.205168 0.0754207 0.141969 0.440307 0.168609 0.0200279
BD_Brms
 5.27329 1.96658 0.259213 0.443676 0.170934 0.0129935 1.48087 0.27735 0.0661857 0.335357 0.022845 0.121146 0.291779 0.123649 0.0850866 0.0715584 0.727612 0.149828 1.94468 0.454387 0.913595 0.696584 1.26182 0.412468 1.20512 0.973225 0.357762 0.673438 2.08862 0.799805 0.0950033
Sel_flota
 0.589492 0.999999 1 1 1
 0.589492 0.999999 1 1 1
 0.589492 0.999999 1 1 1
 0.589492 0.999999 1 1 1
 0.589492 0.999999 1 1 1
 0.589492 0.999999 1 1 1
 0.589492 0.999999 1 1 1
 0.589492 0.999999 1 1 1
 0.589492 0.999999 1 1 1
 0.589492 0.999999 1 1 1
 0.589492 0.999999 1 1 1
 0.589492 0.999999 1 1 1
 0.589492 0.999999 1 1 1
 0.589492 0.999999 1 1 1
 0.589492 0.999999 1 1 1
 0.589492 0.999999 1 1 1
 0.589492 0.999999 1 1 1
 0.589492 0.999999 1 1 1
 0.589492 0.999999 1 1 1
 0.589492 0.999999 1 1 1
 0.589492 0.999999 1 1 1
 0.589492 0.999999 1 1 1
 0.589492 0.999999 1 1 1
 0.589492 0.999999 1 1 1
 0.589492 0.999999 1 1 1
 0.589492 0.999999 1 1 1
 0.589492 0.999999 1 1 1
 0.589492 0.999999 1 1 1
 0.589492 0.999999 1 1 1
 0.589492 0.999999 1 1 1
 0.589492 0.999999 1 1 1
Sel_reclas
 0.773614 0.945048 0.988578 0.997709 0.999544
 0.773614 0.945048 0.988578 0.997709 0.999544
 0.773614 0.945048 0.988578 0.997709 0.999544
 0.773614 0.945048 0.988578 0.997709 0.999544
 0.773614 0.945048 0.988578 0.997709 0.999544
 0.773614 0.945048 0.988578 0.997709 0.999544
 0.773614 0.945048 0.988578 0.997709 0.999544
 0.773614 0.945048 0.988578 0.997709 0.999544
 0.773614 0.945048 0.988578 0.997709 0.999544
 0.773614 0.945048 0.988578 0.997709 0.999544
 0.773614 0.945048 0.988578 0.997709 0.999544
 0.773614 0.945048 0.988578 0.997709 0.999544
 0.773614 0.945048 0.988578 0.997709 0.999544
 0.773614 0.945048 0.988578 0.997709 0.999544
 0.773614 0.945048 0.988578 0.997709 0.999544
 0.773614 0.945048 0.988578 0.997709 0.999544
 0.773614 0.945048 0.988578 0.997709 0.999544
 0.773614 0.945048 0.988578 0.997709 0.999544
 0.773614 0.945048 0.988578 0.997709 0.999544
 0.773614 0.945048 0.988578 0.997709 0.999544
 0.773614 0.945048 0.988578 0.997709 0.999544
 0.773614 0.945048 0.988578 0.997709 0.999544
 0.773614 0.945048 0.988578 0.997709 0.999544
 0.773614 0.945048 0.988578 0.997709 0.999544
 0.773614 0.945048 0.988578 0.997709 0.999544
 0.773614 0.945048 0.988578 0.997709 0.999544
 0.773614 0.945048 0.988578 0.997709 0.999544
 0.773614 0.945048 0.988578 0.997709 0.999544
 0.773614 0.945048 0.988578 0.997709 0.999544
 0.773614 0.945048 0.988578 0.997709 0.999544
 0.773614 0.945048 0.988578 0.997709 0.999544
Sel_pelaces
 0.490642 0.828993 0.960625 0.991921 0.998384
 0.490642 0.828993 0.960625 0.991921 0.998384
 0.490642 0.828993 0.960625 0.991921 0.998384
 0.490642 0.828993 0.960625 0.991921 0.998384
 0.490642 0.828993 0.960625 0.991921 0.998384
 0.490642 0.828993 0.960625 0.991921 0.998384
 0.490642 0.828993 0.960625 0.991921 0.998384
 0.490642 0.828993 0.960625 0.991921 0.998384
 0.490642 0.828993 0.960625 0.991921 0.998384
 0.490642 0.828993 0.960625 0.991921 0.998384
 0.490642 0.828993 0.960625 0.991921 0.998384
 0.490642 0.828993 0.960625 0.991921 0.998384
 0.490642 0.828993 0.960625 0.991921 0.998384
 0.490642 0.828993 0.960625 0.991921 0.998384
 0.490642 0.828993 0.960625 0.991921 0.998384
 0.490642 0.828993 0.960625 0.991921 0.998384
 0.490642 0.828993 0.960625 0.991921 0.998384
 0.490642 0.828993 0.960625 0.991921 0.998384
 0.490642 0.828993 0.960625 0.991921 0.998384
 0.490642 0.828993 0.960625 0.991921 0.998384
 0.490642 0.828993 0.960625 0.991921 0.998384
 0.490642 0.828993 0.960625 0.991921 0.998384
 0.490642 0.828993 0.960625 0.991921 0.998384
 0.490642 0.828993 0.960625 0.991921 0.998384
 0.490642 0.828993 0.960625 0.991921 0.998384
 0.490642 0.828993 0.960625 0.991921 0.998384
 0.490642 0.828993 0.960625 0.991921 0.998384
 0.490642 0.828993 0.960625 0.991921 0.998384
 0.490642 0.828993 0.960625 0.991921 0.998384
 0.490642 0.828993 0.960625 0.991921 0.998384
 0.490642 0.828993 0.960625 0.991921 0.998384
pf_obs 
 0.8446 0.082 0.0669 0.0065 0
 0.8095 0.147 0.0364 0.0071 0
 0.9664 0.0169 0.016 0.0007 0
 0.9276 0.0648 0.0075 0.0001 0
 0.7033 0.2144 0.0806 0.0017 0
 0.9318 0.0425 0.0243 0.0014 0
 0.5671 0.3108 0.0964 0.0239 0.0018
 0.0768 0.2599 0.5324 0.112 0.0189
 0.490249 0.384438 0.106611 0.0170017 0.00170017
 0.7925 0.1577 0.0466 0.003 0.0002
 0.840416 0.127587 0.0312969 0.00059994 9.999e-05
 0.8084 0.0986 0.0794 0.0134 0.0002
 0.7335 0.1905 0.0724 0.0035 0.0001
 0.4001 0.4547 0.1325 0.0127 0
 0.49795 0.308269 0.164784 0.0264974 0.00249975
 0.9179 0.0499 0.0305 0.0017 0
 0.2467 0.6533 0.0926 0.0074 0
 0.9418 0.0223 0.034 0.0019 0
 0.707729 0.231977 0.0356964 0.0245975 0
 0.517169 0.277429 0.184464 0.0207286 0.00020938
 0.811772 0.124168 0.05621 0.00726502 0.000585176
 0.764997 0.148141 0.077277 0.00933861 0.000247198
 0.163321 0.427699 0.378323 0.0303852 0.000271297
 0.753843 0.0900009 0.118128 0.0371064 0.000921714
 0.721811 0.176058 0.0630433 0.0369309 0.00215725
 0.143369 0.312575 0.442814 0.0836902 0.0175525
 0.692698 0.0596174 0.167031 0.0765114 0.00414204
 0.394062 0.376323 0.152708 0.0712218 0.00568511
 0.125707 0.32114 0.495352 0.0537591 0.00404204
 0.23352 0.215282 0.420074 0.123614 0.00750983
 0.796117 0.104755 0.0508955 0.0450114 0.00322123
pf_pred 
 0.0176179 0.159906 0.717762 0.104713 5.64949e-07
 0.0421003 0.0304945 0.150957 0.677594 0.0988539
 0.974349 0.00240095 0.000740156 0.00366399 0.0188457
 0.539568 0.45532 0.00047851 0.000147513 0.00448619
 0.155796 0.640992 0.200957 0.000211191 0.00204509
 0.998195 0.00077578 0.000781171 0.000244904 2.74971e-06
 0.0222457 0.97686 0.000384243 0.000386912 0.000122662
 0.0611796 0.0509786 0.88703 0.000348908 0.000462715
 0.975153 0.00312751 0.00117941 0.0205217 1.87771e-05
 0.160466 0.830118 0.00118513 0.000446921 0.00778354
 0.973499 0.010903 0.0154232 2.20191e-05 0.000152918
 0.934885 0.064309 0.00033152 0.000468963 5.31919e-06
 0.716779 0.276045 0.00708765 3.65376e-05 5.22717e-05
 0.871574 0.112903 0.0151302 0.000388478 4.86769e-06
 0.856655 0.138127 0.00458692 0.000614697 1.59805e-05
 0.985392 0.0140285 0.00055884 1.85579e-05 2.55161e-06
 0.0783873 0.916112 0.00528187 0.000210409 7.94793e-06
 0.98913 0.00204149 0.00877619 5.05993e-05 2.09182e-06
 0.37823 0.618519 0.00061069 0.0026253 1.57619e-05
 0.892356 0.066257 0.0411706 4.06494e-05 0.000175797
 0.725838 0.261452 0.0078236 0.0048614 2.55579e-05
 0.912312 0.0760993 0.0110511 0.000330691 0.000206564
 0.0494209 0.914038 0.0317115 0.00460515 0.000223881
 0.911509 0.0092779 0.0761685 0.00264258 0.000402411
 0.712604 0.274816 0.00131888 0.0108276 0.000432855
 0.206431 0.664474 0.123445 0.000592428 0.00505807
 0.900949 0.0355075 0.0532063 0.00988456 0.000452451
 0.837597 0.154843 0.00271004 0.00406086 0.000788951
 0.129492 0.790885 0.0759164 0.00132867 0.00237776
 0.157784 0.185261 0.596865 0.0572926 0.00279717
 0.973916 0.0086949 0.00382509 0.0123235 0.00124067
pobs_RECLAS
 0 0 0 0 0
 0 0 0 0 0
 0 0 0 0 0
 0 0 0 0 0
 0 0 0 0 0
 0 0 0 0 0
 0 0 0 0 0
 0 0 0 0 0
 0 0 0 0 0
 0 0 0 0 0
 0.991045 0.00858322 0.000360255 1.14367e-05 0
 0.934742 0.0480273 0.0164251 0.00080598 0
 0.827803 0.169806 0.00239088 0 0
 0.941827 0.0461693 0.0120037 0 0
 0.791401 0.0380133 0.147996 0.0225897 0
 0.846168 0.0940531 0.0597789 0 0
 0.134021 0.677848 0.182769 0.00536245 0
 0.80878 0.0450904 0.141981 0.00414843 0
 0.846168 0.0940531 0.0597789 0 0
 0.905697 0.0802665 0.012482 0.00150086 5.37128e-05
 0.989698 0.0102097 9.19794e-05 0 0
 0.975433 0.0193895 0.00387452 0.00125025 5.28907e-05
 0.303575 0.632131 0.0575291 0.00676475 0
 0.966965 0.00978017 0.0227588 0.000495775 0
 0.843318 0.132988 0.00938335 0.0141283 0.000182051
 0.564624 0.303363 0.111486 0.0197234 0.00080311
 0.826376 0.0876187 0.0782897 0.00655872 0.00115652
 0.89761 0.0855135 0.0140674 0.00269457 0.000114338
 0.34875 0.467042 0.161289 0.0227151 0.000203297
 0.318654 0.224769 0.449479 0.00709798 0
 0.937255 0.0296025 0.0250945 0.00804832 0
ppred_RECLAS
 0.0236967 0.152864 0.717759 0.10568 5.71213e-07
 0.0589135 0.0284615 0.147382 0.667659 0.0975835
 0.981858 0.00161472 0.000520709 0.00260148 0.0134053
 0.647331 0.348535 0.000383157 0.000119209 0.00363208
 0.251373 0.562171 0.184363 0.000195543 0.00189704
 0.998702 0.000542814 0.000571762 0.000180908 2.03492e-06
 0.0337164 0.965354 0.000397207 0.000403661 0.000128207
 0.0841999 0.0476525 0.867346 0.000344317 0.000457465
 0.982265 0.00212951 0.000840045 0.0147518 1.35226e-05
 0.251427 0.739712 0.0011047 0.000420439 0.0073358
 0.981275 0.00749997 0.011098 1.59905e-05 0.000111255
 0.95736 0.0420858 0.00022695 0.000324006 3.68177e-06
 0.802148 0.192613 0.00517328 2.69151e-05 3.85764e-05
 0.924133 0.066325 0.00929767 0.00024093 3.02443e-06
 0.916197 0.0806139 0.00280032 0.000378739 9.86436e-06
 0.990341 0.00925808 0.000385794 1.29297e-05 1.78103e-06
 0.117954 0.876539 0.00528648 0.000212538 8.04311e-06
 0.992199 0.00141214 0.00635029 3.69509e-05 1.53039e-06
 0.48608 0.511088 0.000527862 0.00229019 1.37753e-05
 0.925507 0.0450533 0.0292845 2.91809e-05 0.000126431
 0.801128 0.189215 0.00592282 0.00371429 1.95631e-05
 0.939812 0.0519146 0.00788628 0.000238166 0.000149043
 0.0713535 0.891327 0.0323479 0.00474095 0.000230907
 0.93505 0.00653789 0.0561462 0.00196592 0.00029992
 0.781687 0.208258 0.00104549 0.00866244 0.000346935
 0.273856 0.603447 0.117271 0.000567998 0.0048584
 0.928907 0.0247295 0.0387629 0.0072678 0.000333284
 0.879717 0.114404 0.00209451 0.00316752 0.000616522
 0.173443 0.747769 0.0750839 0.00132624 0.00237777
 0.220228 0.165465 0.557642 0.054022 0.00264234
 0.982471 0.00564109 0.00259595 0.00844075 0.000851339
pobs_PELACES
 0 0 0 0 0
 0 0 0 0 0
 0 0 0 0 0
 0 0 0 0 0
 0 0 0 0 0
 0 0 0 0 0
 0 0 0 0 0
 0 0 0 0 0
 0 0 0 0 0
 0 0 0 0 0
 0 0 0 0 0
 0 0 0 0 0
 0 0 0 0 0
 0 0 0 0 0
 0 0 0 0 0
 0 0 0 0 0
 0.505614 0.472636 0.0217494 0 0
 0 0 0 0 0
 0.443492 0.261883 0.143347 0.151278 0
 0.227955 0.32914 0.350689 0.0885471 0.00366901
 0.970185 0.0296113 0.000203453 0 0
 0.997202 0.00247181 0.000326279 0 0
 0.445219 0.490057 0.0546422 0.010081 0
 0.90214 0.0892962 0.00764917 0.000914606 0
 0 0 0 0 0
 0.581667 0.319106 0.0959925 0.00289975 0.000334073
 0.762889 0.0836404 0.116647 0.0363945 0.000428098
 0.88444 0.0763242 0.0277011 0.0115352 0
 0.521256 0.241999 0.230069 0.00667565 0
 0.616807 0.101726 0.260614 0.0208532 0
 0.833518 0.0704572 0.0857862 0.0102388 0
ppred_PELACES
 0.0164691 0.140808 0.732394 0.110329 5.99125e-07
 0.0452401 0.0256465 0.147117 0.68187 0.100126
 0.976173 0.00188561 0.000673589 0.0034431 0.017825
 0.623922 0.371079 0.0004519 0.000143849 0.00440325
 0.259673 0.541362 0.196671 0.000213421 0.00208015
 0.998237 0.00069181 0.000807229 0.000261318 2.95312e-06
 0.0297904 0.969162 0.000441746 0.000459306 0.000146562
 0.0646219 0.0441591 0.890375 0.000361634 0.000482716
 0.976425 0.00253617 0.00110827 0.0199122 1.83382e-05
 0.256212 0.733815 0.00121399 0.000472718 0.00828648
 0.975865 0.00907837 0.0148813 2.19375e-05 0.000153344
 0.952945 0.0463686 0.00027699 0.000404591 4.61896e-06
 0.790079 0.203779 0.00606297 3.22735e-05 4.64723e-05
 0.9268 0.0631329 0.00980389 0.000259923 3.27809e-06
 0.920861 0.0758072 0.00291712 0.000403661 1.05625e-05
 0.988885 0.0106067 0.00048962 1.67889e-05 2.32343e-06
 0.108338 0.885494 0.00591598 0.000243347 9.25203e-06
 0.989501 0.00174627 0.00869903 5.17884e-05 2.15493e-06
 0.458671 0.537965 0.000615495 0.00273215 1.65104e-05
 0.912343 0.0508459 0.0366112 3.73254e-05 0.000162473
 0.777685 0.210318 0.00729282 0.00467922 2.47604e-05
 0.929816 0.0596428 0.0100366 0.000310117 0.000194974
 0.0600897 0.898124 0.036107 0.00541429 0.000264932
 0.914165 0.00787022 0.0748713 0.0026822 0.000411106
 0.740971 0.245618 0.00136592 0.0115791 0.000465915
 0.232304 0.626429 0.134856 0.000668275 0.00574282
 0.910512 0.029009 0.0503709 0.00966266 0.000445176
 0.849111 0.142644 0.00289295 0.00447618 0.000875305
 0.137533 0.772224 0.0858951 0.0015523 0.00279605
 0.18989 0.158178 0.590525 0.0585307 0.00287624
 0.978819 0.00627121 0.00319692 0.0106352 0.00107768
pobs_pel_tallas
 0 0 0 0 0 0 0 0 0 0 0 0 0 0 0 0 0 0 0 0 0 0 0 0 0 0
 0 0 0 0 0 0 0 0 0 0 0 0 0 0 0 0 0 0 0 0 0 0 0 0 0 0
 0 0 0 0 0 0 0 0 0 0 0 0 0 0 0 0 0 0 0 0 0 0 0 0 0 0
 0 0 0 0 0 0 0 0 0 0 0 0 0 0 0 0 0 0 0 0 0 0 0 0 0 0
 0 0 0 0 0 0 0 0 0 0 0 0 0 0 0 0 0 0 0 0 0 0 0 0 0 0
 0 0 0 0 0 0 0 0 0 0 0 0 0 0 0 0 0 0 0 0 0 0 0 0 0 0
 0 0 0 0 0 0 0 0 0 0 0 0 0 0 0 0 0 0 0 0 0 0 0 0 0 0
 0 0 0 0 0 0 0 0 0 0 0 0 0 0 0 0 0 0 0 0 0 0 0 0 0 0
 0 0 0 0 0 0 0 0 0 0 0 0 0 0 0 0 0 0 0 0 0 0 0 0 0 0
 0 0 0 0 0 0 0 0 0 0 0 0 0 0 0 0 0 0 0 0 0 0 0 0 0 0
 0 0 0 0 0 0 0 0 0 0 0 0 0 0 0 0 0 0 0 0 0 0 0 0 0 0
 0 0 0 0 0 0 0 0 0 0 0 0 0 0 0 0 0 0 0 0 0 0 0 0 0 0
 0.00862536 0 0 0.000197151 0.00414017 0.0128641 0.00837892 0.0270097 0.101434 0.158115 0.152841 0.127902 0.109271 0.109419 0.0830992 0.0579132 0.0238553 0.00714673 0.00463305 0.00128148 0.00103504 0.000492878 0.000147863 0.000147863 4.92878e-05 0
 0 0 0 0 0 0 0 0 0 0 0 0 0 0 0 0 0 0 0 0 0 0 0 0 0 0
 0 0 0 0 0 0 0 0.0054083 0.00873648 0.0413646 0.0450493 0.0745869 0.0622846 0.0627006 0.0613931 0.0827291 0.12552 0.122667 0.0946155 0.0697135 0.0546179 0.0294188 0.0215738 0.0213955 0.0102223 0.00600262
 0 0 0 0 0.00359764 0.0251062 0.0480494 0.140153 0.205849 0.193036 0.1447 0.116669 0.0760912 0.0342217 0.00950174 0.001854 0.000860785 0 0 0 0.000165536 0 0.000143464 0 0 0
 0 0 0 0 0 0 0 0.000145254 0.000435761 0.0275982 0.070085 0.0708112 0.156366 0.174668 0.174014 0.160142 0.0824315 0.0480064 0.0283245 0.00493863 0.00203355 0 0 0 0 0
 0 0 0 0 0 0 0 0 0 0 0 0 0 0 0 0 0 0 0 0 0 0 0 0 0 0
 0 0 1.00437e-05 0.000401748 0.00122533 0.00171747 0.00176769 0.0269171 0.070346 0.194647 0.189555 0.159765 0.064822 0.0314167 0.0384472 0.0292271 0.0345202 0.0313363 0.0194345 0.0106764 0.0143323 0.0359363 0.0279516 0.0138201 0.00172751 0
 0 0.0021121 0.0136068 0.0755702 0.200478 0.177729 0.0527432 0.0373336 0.0318909 0.0142505 0.0149659 0.0166563 0.0217959 0.0798694 0.0677717 0.0528807 0.04013 0.0224614 0.0357745 0.0225083 0.00881397 0.00855152 0.00135912 0.000746735 0 0
 0 0 0 0 5.4009e-05 0.00500934 0.000945158 0.0243581 0.138947 0.33067 0.221406 0.137944 0.0707744 0.0437923 0.0131692 0.00525238 0.0047753 0.00276346 9.45158e-05 9.00151e-06 2.25038e-05 9.00151e-06 4.50075e-06 0 0 0
 0.000866109 0.00284123 0.00948549 0.0512746 0.133035 0.25785 0.225252 0.132002 0.0553304 0.0519788 0.0540692 0.017754 0.00435017 0.00159236 0.00146478 0.000404838 0.000125132 0.000115318 0.000107957 0.000100596 0 0 0 0 0 0
 0 0 0 0 0.00144013 0.00171154 0.00461396 0.0210425 0.0478622 0.0707936 0.0888783 0.103762 0.0637923 0.0337046 0.0602308 0.124433 0.169614 0.0934646 0.0462172 0.0250306 0.0313229 0.00938855 0.002487 0.000210481 0 0
 0 0.00764035 0.051015 0.0998891 0.058973 0.0496711 0.0374665 0.0718981 0.12319 0.153886 0.159021 0.0857701 0.0377988 0.023471 0.0147837 0.00900784 0.00315554 0.000888139 0.00291439 0.00214683 0.00393193 0.00274676 0.000635225 9.99891e-05 0 0
 0 0 0 0 0 0 0 0 0 0 0 0 0 0 0 0 0 0 0 0 0 0 0 0 0 0
 0 0 0 0 0 0 0 0 0 0 0 0 0 0 0 0 0 0 0 0 0 0 0 0 0 0
 0 0 0 0 0 0 0 0 0 0 0 0 0 0 0 0 0 0 0 0 0 0 0 0 0 0
 0 0 0 0 0 0 0 0 0 0 0 0 0 0 0 0 0 0 0 0 0 0 0 0 0 0
 0 0 0 0 0 0 0 0 0 0 0 0 0 0 0 0 0 0 0 0 0 0 0 0 0 0
 0 0 0 0 0 0 0 0 0 0 0 0 0 0 0 0 0 0 0 0 0 0 0 0 0 0
 0 0 0 0 0 0 0 0 0 0 0 0 0 0 0 0 0 0 0 0 0 0 0 0 0 0
ppred_pel_tallas
 1.32236e-16 1.35657e-06 1.31863e-05 8.76285e-05 0.000398355 0.00123951 0.00264145 0.00385833 0.00387304 0.00271385 0.00148591 0.0011246 0.00196553 0.00429445 0.00866521 0.0157142 0.0258804 0.0393146 0.0559565 0.0754761 0.0968199 0.117601 0.13406 0.142132 0.139203 0.12548
 1.89579e-16 3.72637e-06 3.62217e-05 0.000240706 0.00109422 0.00340453 0.00725381 0.0105878 0.0105907 0.0072685 0.00345539 0.00124815 0.000654641 0.00103505 0.00219416 0.00443394 0.00841603 0.0151692 0.0261025 0.0427843 0.066325 0.0964496 0.130688 0.164264 0.191027 0.205273
 1.03382e-16 8.04061e-05 0.000781575 0.00519384 0.0236105 0.0734609 0.156516 0.22844 0.22844 0.156517 0.073464 0.0236195 0.00521689 0.000833167 0.000182506 0.000186397 0.000292113 0.000442369 0.000651641 0.000959299 0.00142029 0.00208152 0.00294715 0.00395043 0.00495039 0.00576149
 1.00868e-16 5.13917e-05 0.000499546 0.00331966 0.0150907 0.046953 0.10004 0.146018 0.146054 0.100214 0.047538 0.0167794 0.0075544 0.00973041 0.0175425 0.0288153 0.0412595 0.051371 0.0556214 0.0523945 0.0429844 0.0307951 0.0194025 0.0109544 0.00581315 0.00320396
 1.06188e-16 2.1389e-05 0.000207909 0.00138163 0.00628073 0.019542 0.0416381 0.060783 0.0608354 0.041894 0.0204017 0.00876633 0.00762923 0.0138741 0.0260561 0.0432489 0.0627746 0.0799133 0.0898009 0.0900845 0.0821803 0.0700606 0.0576485 0.0469449 0.0379907 0.0300411
 1.00051e-16 8.22234e-05 0.000799241 0.00531124 0.0241441 0.0751213 0.160054 0.233603 0.233603 0.160054 0.0751224 0.0241474 0.00531944 0.000817347 0.000117174 6.50407e-05 8.91224e-05 0.00011905 0.000144936 0.000164118 0.00017752 0.000187438 0.000194551 0.000196725 0.000190579 0.000174219
 1.00332e-16 2.454e-06 2.38538e-05 0.000158521 0.000720673 0.00224278 0.00478193 0.0069989 0.00709209 0.00523716 0.00377066 0.00513083 0.0112177 0.0241298 0.0456772 0.0752296 0.107713 0.134068 0.145067 0.136464 0.111612 0.0793839 0.0491252 0.0264833 0.0124799 0.00518959
 1.25824e-16 5.32284e-06 5.17399e-05 0.00034383 0.001563 0.00486311 0.0103616 0.0151242 0.0151298 0.0103897 0.00496139 0.00186418 0.00116496 0.00205925 0.00444563 0.00897135 0.0167011 0.0288269 0.0462363 0.0688031 0.0945888 0.11952 0.138144 0.145512 0.139319 0.12105
 1.02033e-16 8.04268e-05 0.000781777 0.00519519 0.0236166 0.0734799 0.156557 0.228499 0.228499 0.156558 0.0734841 0.0236288 0.00522637 0.000851651 0.000218754 0.000250236 0.000393199 0.000587965 0.000844246 0.00119293 0.00167287 0.0023031 0.00304991 0.00381176 0.00443819 0.00477908
 1.01673e-16 2.1104e-05 0.000205139 0.00136322 0.00619705 0.0192817 0.0410843 0.0599785 0.0600491 0.041429 0.0204386 0.00953649 0.00973759 0.0184596 0.0346108 0.0569789 0.0815949 0.101594 0.110004 0.103629 0.0850249 0.0609224 0.03839 0.021673 0.0114888 0.00630799
 1.00461e-16 8.03807e-05 0.000781329 0.00519221 0.023603 0.0734378 0.156467 0.228368 0.228369 0.156471 0.0734526 0.023646 0.00530111 0.00102235 0.000547727 0.000803176 0.00120682 0.00163662 0.00202342 0.00232866 0.00254919 0.00269356 0.00275106 0.00268708 0.0024709 0.00210937
 1.00062e-16 7.84928e-05 0.000762978 0.00507026 0.0230487 0.071713 0.152792 0.223006 0.22301 0.152814 0.0717861 0.0232597 0.0055995 0.00191667 0.00226474 0.00360717 0.00515892 0.00642489 0.00695991 0.00656144 0.00538991 0.00386859 0.00244191 0.00137647 0.000717627 0.000370894
 1.00239e-16 6.50778e-05 0.00063258 0.00420371 0.0191095 0.0594568 0.12668 0.184897 0.184916 0.126776 0.0597783 0.0200375 0.00653117 0.00570726 0.00968458 0.0158596 0.0227271 0.0283414 0.0307668 0.0291108 0.0240644 0.0174632 0.0112329 0.00652638 0.00354315 0.00188925
 1.00326e-16 7.63393e-05 0.000742045 0.00493115 0.0224163 0.0697455 0.1486 0.216888 0.216894 0.14863 0.0698453 0.0227047 0.00565507 0.00232239 0.00307775 0.00496725 0.00714741 0.00898515 0.00988952 0.00958488 0.00826704 0.00646487 0.00472198 0.00334788 0.00238171 0.00171372
 1.00146e-16 7.58502e-05 0.000737291 0.00489956 0.0222727 0.0692986 0.147648 0.215498 0.215506 0.147684 0.0694182 0.022618 0.00576566 0.00262589 0.00365643 0.00590842 0.00846545 0.0105641 0.0114829 0.0108906 0.00904319 0.00662029 0.00433287 0.00260381 0.00150269 0.000881297
 1.0002e-16 8.14531e-05 0.000791753 0.00526148 0.0239179 0.0744175 0.158554 0.231415 0.231416 0.158559 0.0744343 0.0239662 0.00538269 0.00105607 0.00058262 0.000832091 0.00118558 0.00147977 0.00160946 0.00152801 0.00127099 0.000933071 0.000613291 0.000370561 0.000214695 0.000125383
 1.00424e-16 8.92383e-06 8.67429e-05 0.000576441 0.00262047 0.00815371 0.0173755 0.0253779 0.025463 0.0177915 0.00954987 0.00665051 0.0106828 0.0221172 0.041755 0.0687693 0.098486 0.122632 0.132783 0.12506 0.102512 0.07322 0.0456847 0.0250358 0.0121944 0.00541342
 1.00258e-16 8.15039e-05 0.000792247 0.00526476 0.0239328 0.0744639 0.158653 0.231559 0.231559 0.158654 0.0744669 0.0239417 0.00528779 0.000844576 0.000186886 0.000195527 0.00030979 0.000464 0.000649465 0.000859037 0.00107839 0.00127977 0.00142246 0.00146552 0.00138748 0.0011999
 1.00433e-16 3.77803e-05 0.000367238 0.00244043 0.0110939 0.0345174 0.0735448 0.107352 0.107403 0.0737975 0.0353655 0.013542 0.00857953 0.0137491 0.025394 0.0417685 0.0598065 0.0744538 0.0805913 0.075867 0.0621453 0.0443499 0.0276589 0.0151917 0.00749629 0.00348674
 1.01101e-16 7.51485e-05 0.00073047 0.00485423 0.0220666 0.0686575 0.146282 0.213504 0.213509 0.146306 0.0687389 0.0223021 0.00544748 0.00203254 0.00256843 0.00418007 0.00613635 0.00796828 0.00924118 0.00973515 0.0095405 0.00893898 0.00817931 0.00734339 0.00638739 0.00527367
 1.00738e-16 6.40569e-05 0.000622656 0.00413777 0.0188097 0.0585241 0.124693 0.181997 0.182017 0.124791 0.0588559 0.0197677 0.00654071 0.00586255 0.00999868 0.0163843 0.0234926 0.0293258 0.0318967 0.0302938 0.0252354 0.0186113 0.01239 0.00772997 0.00479944 0.0031596
 1.0037e-16 7.65877e-05 0.00074446 0.0049472 0.0224892 0.0699724 0.149084 0.217593 0.217599 0.149112 0.0700667 0.0227618 0.00563139 0.00223828 0.00291427 0.00469817 0.00676349 0.00851026 0.0093815 0.00911745 0.00790184 0.00623077 0.00461249 0.00333396 0.00242836 0.00179122
 1.0186e-16 4.9497e-06 4.81129e-05 0.000319731 0.00145351 0.00452286 0.00963962 0.0140874 0.0141738 0.0100618 0.00593994 0.00554456 0.0105815 0.022425 0.0424305 0.0699482 0.100315 0.125205 0.136128 0.129163 0.107342 0.0787086 0.0516745 0.0312369 0.0182101 0.0108351
 1.02502e-16 7.52986e-05 0.000731929 0.00486393 0.0221107 0.0687946 0.146574 0.213929 0.21393 0.146579 0.0688094 0.022155 0.00498067 0.00100495 0.000646876 0.00108823 0.00188062 0.00302949 0.00457093 0.00648232 0.00862032 0.0106813 0.0122401 0.012889 0.0124163 0.0109156
 1.01343e-16 6.10328e-05 0.000593261 0.00394243 0.0179217 0.0557613 0.118806 0.173406 0.17343 0.118922 0.0561486 0.0190399 0.00674673 0.00670713 0.0116492 0.0191018 0.0273718 0.0341327 0.0370661 0.0351211 0.0291645 0.0214403 0.0142792 0.00904063 0.00589106 0.00425639
 1.05091e-16 1.91347e-05 0.000185997 0.00123602 0.00561878 0.0174824 0.0372504 0.0543808 0.0544412 0.0375458 0.0184744 0.00848458 0.00843251 0.0159056 0.0299011 0.0494725 0.0714234 0.0901337 0.0998454 0.0978376 0.0859762 0.0693298 0.0530491 0.0399786 0.0303851 0.0232098
 1.02506e-16 7.49977e-05 0.000729004 0.00484449 0.0220223 0.0685197 0.145989 0.213075 0.213078 0.146003 0.0685671 0.0221603 0.00519437 0.00150477 0.00158344 0.00259084 0.00393926 0.00540181 0.00679037 0.00800274 0.00903782 0.00990936 0.01054 0.0107499 0.0103615 0.00933122
 1.00718e-16 6.99402e-05 0.000679844 0.0045178 0.0205373 0.0638991 0.136144 0.19871 0.198723 0.136211 0.0641242 0.0211868 0.00614699 0.00423212 0.00680393 0.0111052 0.0159153 0.0198571 0.021582 0.0204763 0.0170363 0.0125556 0.00837955 0.00529605 0.00340925 0.00240067
 1.03305e-16 1.13285e-05 0.000110117 0.000731773 0.00332658 0.0103506 0.0220558 0.0322067 0.0322811 0.0224193 0.0115708 0.00685027 0.0095744 0.0194058 0.0366337 0.0604817 0.0869725 0.109039 0.11946 0.114867 0.0977398 0.0747234 0.0526954 0.0356415 0.0241241 0.0167282
 1.23439e-16 1.5641e-05 0.000152036 0.00101034 0.00459285 0.0142901 0.0304473 0.044442 0.0444582 0.0305266 0.014559 0.00538077 0.00303124 0.00470627 0.0090824 0.016078 0.0256907 0.037576 0.0512075 0.0660655 0.0814123 0.0957351 0.106512 0.110884 0.107002 0.0951424
 1.01343e-16 8.0624e-05 0.000783694 0.00520792 0.0236745 0.07366 0.156941 0.229059 0.22906 0.156944 0.0736701 0.0237037 0.00528167 0.000946143 0.000393631 0.000535525 0.000794423 0.00106822 0.00131863 0.00154309 0.00177591 0.00206114 0.00241095 0.00278128 0.00308323 0.00322203
pSPR Fmed_Fpbrs
0.211553   0.260812 0.260812
Fs Fmed_Fpbrs
1.21058   1.005 1.005
SSBpbr Bo_Bmed_Bpbrs
1.50828e+06  243667  317964 317964
Ro
36571.7
SPR SPRFo_SPRFmed_SPRFpbrs
261035 55222.8 68081.1
Fref
1.005
Nvult_r0
 89757.2 631.273 277.712 894.716 90.076
CTP_r0
 43355.5 387.068 170.28 548.599 55.2305
YTP_r0
390830
Np
 88950 18095 2041.83 6.93179 3.46009
Nvult_p0
 70855 15658.3 1766.88 5.99835 2.99416
CTP_p0
 26360.4 6576.86 22.3277 9.82247 34.0314
 26360.4 7848.68 885.643 3.00665 1.50081
YTP_p0
 302455 341052
CBA_c0
314034
log_Ro
10.327
likeval ReclasPelacesDesembMPH_pf_preclas_ppelaces_ptallas_desvR_qrecl_qpela
 19.0242 21.7196 0.417906 0.000997559 378.47 128.79 135.547 0 152.615 0.000127533 0.000277635 0.0173467 0 0 0
q_reclas_q_pelaces
4.95438 10.7034
M
1
N
 2895.98 16313.3 73224.7 10682.6 0.057635
 1744.36 884.954 4380.79 19663.8 2868.75
 181971 313.811 96.7405 478.894 2463.19
 53052 32872.5 34.5467 10.6499 323.887
 2204.38 7337.02 2300.22 2.41737 23.4089
 289456 145.673 146.685 45.9871 0.516331
 2367.65 74747.9 29.4017 29.606 9.38593
 650.516 370.239 6442.17 2.53399 3.36052
 60068.4 132.515 49.9724 869.521 0.795602
 2884.96 11829.2 16.8881 6.36862 110.916
 30318.2 230.221 325.667 0.464941 3.22892
 126803 6395.4 32.969 46.6374 0.528983
 61363.4 17691.9 454.252 2.34171 3.35012
 72283 7513.14 1006.84 25.8514 0.323922
 39667.1 5165.79 171.545 22.9888 0.597651
 262203 2663.25 106.094 3.52314 0.484414
 4969.12 42773.7 246.613 9.8241 0.371093
 490611 674.483 2899.54 16.7173 0.691109
 94109.5 112201 110.78 476.234 2.85925
 255930 13581.3 8439.08 8.33226 36.0346
 160664 41356.3 1237.53 768.975 4.04274
 440811 25979.9 3772.8 112.896 70.5197
 5948.77 75768.1 2628.69 381.738 18.5583
 170629 1164.76 9562.31 331.754 50.5194
 147821 37846.1 181.629 1491.11 59.6101
 15801.1 34310 6374.04 30.5899 261.172
 125754 3412.47 5113.43 949.962 43.4831
 208740 24644.7 431.327 646.323 125.569
 14755.2 57045 5475.7 95.8347 171.503
 4858.62 4177.78 13459.7 1291.99 63.0782
 104920 682.749 300.357 967.674 97.4211
pred_Ctot
 314.735 2856.64 12822.5 1870.65 0.0100925
 596.579 432.12 2139.13 9601.79 1400.8
 61967.9 152.698 47.0734 233.027 1198.57
 22607.2 19077.4 20.049 6.18063 187.966
 1300.95 5352.5 1678.06 1.76352 17.0773
 56120.7 43.6161 43.9191 13.769 0.154595
 920.931 40440.2 15.9069 16.0174 5.07798
 192.433 160.347 2790.05 1.09745 1.45541
 18551.9 59.4997 22.4378 390.418 0.357228
 1604.7 8301.39 11.8516 4.46932 77.8374
 8549.91 95.7572 135.457 0.193386 1.34303
 53711.3 3694.7 19.0466 26.943 0.3056
 28209.2 10863.9 278.938 1.43796 2.05718
 41679.9 5399.15 723.546 18.5776 0.23278
 23303.6 3757.49 124.778 16.7216 0.43472
 98411.3 1401.03 55.8115 1.85338 0.25483
 2144.15 25058.6 144.476 5.75537 0.217402
 121925 251.644 1081.79 6.23709 0.257847
 38928.1 63659.1 62.8534 270.2 1.62225
 96849.1 7190.99 4468.32 4.41176 19.0796
 60762.8 21887.2 654.945 406.968 2.13956
 157742 13157.9 1910.79 57.1778 35.7157
 1850.23 34220 1187.22 172.408 8.38169
 44611.8 454.086 3727.9 129.335 19.6951
 35793.9 13804 66.2471 543.867 21.7422
 4305.47 13858.7 2574.65 12.3561 105.495
 39070.4 1539.81 2307.34 428.652 19.6209
 34758.7 6425.7 112.461 168.518 32.74
 2194.73 13404.5 1286.68 22.5193 40.3
 2047.91 2404.55 7746.85 743.613 36.3051
 43355.5 387.068 170.28 548.599 55.2305
F
 0.185543 0.314751 0.314751 0.314751 0.314751
 0.715351 1.2135 1.2135 1.2135 1.2135
 0.711209 1.20648 1.20648 1.20648 1.20648
 0.97834 1.65963 1.65963 1.65963 1.65963
 1.71684 2.9124 2.9124 2.9124 2.9124
 0.35388 0.600314 0.600314 0.600314 0.600314
 0.855504 1.45126 1.45126 1.45126 1.45126
 0.59107 1.00268 1.00268 1.00268 1.00268
 0.624913 1.06009 1.06009 1.06009 1.06009
 1.52823 2.59245 2.59245 2.59245 2.59245
 0.556169 0.943471 0.943472 0.943472 0.943472
 0.969528 1.64468 1.64468 1.64468 1.64468
 1.10016 1.86628 1.86629 1.86629 1.86629
 1.63853 2.77956 2.77957 2.77957 2.77957
 1.70097 2.88549 2.88549 2.88549 2.88549
 0.813195 1.37948 1.37949 1.37949 1.37949
 0.997051 1.69137 1.69137 1.69137 1.69137
 0.475365 0.806397 0.806398 0.806398 0.806398
 0.935768 1.58741 1.58742 1.58742 1.58742
 0.822677 1.39557 1.39557 1.39557 1.39557
 0.821993 1.39441 1.39441 1.39441 1.39441
 0.760938 1.29084 1.29084 1.29084 1.29084
 0.630667 1.06985 1.06985 1.06985 1.06985
 0.505966 0.858309 0.858309 0.858309 0.858309
 0.460566 0.781293 0.781294 0.781294 0.781294
 0.532645 0.903567 0.903567 0.903567 0.903567
 0.629769 1.06833 1.06833 1.06833 1.06833
 0.297246 0.504241 0.504242 0.504242 0.504242
 0.261816 0.444139 0.444139 0.444139 0.444139
 0.962382 1.63256 1.63256 1.63256 1.63256
 0.934351 1.58501 1.58501 1.58501 1.58501
YTP_r0W_actual
 359850 5457.65 4699.74 18762.1 2060.1
YTP_p0W_proyectada
 197439 103059 516.44 288.486 1151.28
 197439 122989 20484.9 88.3054 50.7725
CTP_r0_actual
 43355.5 387.068 170.28 548.599 55.2305
CTP_p0_proyectada
 26360.4 6576.86 22.3277 9.82247 34.0314
 26360.4 7848.68 885.643 3.00665 1.50081
Wmedp
 7.49 15.67 23.13 29.37 33.83
Frms_r0
 0.934351 1.58501 1.58501 1.58501 1.58501
Zrms_r0
 1.93435 2.58501 2.58501 2.58501 2.58501
nmprior
 8.19 8.8 8.5 0
nm_flota  nm_reclas  nm_pelaces    nm_pelaL
inf 13.6398 2.76998 3.76028
cv_recla  cv_pelaces  cv_mph
0.394528 0.528443 0.974708
 ------------------------------------------------
Talla a la edad & desviaci?n 
 8 13.2811 15.8009 17.003 17.5766
 0.8 1.32811 1.58009 1.7003 1.75766
