    unsorted:	 2.355083939e-06 2.276478800e-06 6.030976072e-05 5.334468309e-05 2.631496975e-05 8.705991017e-05 0.001099993210 934.2459089 893.0459185 854.6943209 805.3138361 1068.331760 1192.805287 1208.687236 1276.143701 665.6931116 1502.417193 1535.411781 534.5589977 356.0910421 281.5684245 238.0929596 170.1248160 155.5102800 13.53496986 65.23974502 2020.122592 2049.108698 1939.756042 2189.921481 2396.324352 2455.181615 2529.953364 2612.530815 2641.500644 2853.934032 3209.155843 3278.264015 3321.151113 3875.829366 4015.827327 4318.940289 5875.837415 9469.378582 38558.69158 411084.3659 405742.4770 399927.7260 395075.1459 379580.5106 362040.3820 465343.7317 466678.3343 454612.5681 448780.0888 328274.9260 158331.5287 545409.1678 576634.1327 591905.6168 628307.9789 671698.5223 852476.8768 898961.1651 1033861.382 1094746.921 1322023.527 1381515.197 1557140.374 1686365.577 2287052.873 2361537.508 2693007.745 2710479.602 2981241.767 3166830.356 5918697.301
      sorted:	 2.276478800e-06 2.355083939e-06 2.631496975e-05 5.334468309e-05 6.030976072e-05 8.705991017e-05 0.001099993210 13.53496986 65.23974502 155.5102800 170.1248160 238.0929596 281.5684245 356.0910421 534.5589977 665.6931116 805.3138361 854.6943209 893.0459185 934.2459089 1068.331760 1192.805287 1208.687236 1276.143701 1502.417193 1535.411781 1939.756042 2020.122592 2049.108698 2189.921481 2396.324352 2455.181615 2529.953364 2612.530815 2641.500644 2853.934032 3209.155843 3278.264015 3321.151113 3875.829366 4015.827327 4318.940289 5875.837415 9469.378582 38558.69158 158331.5287 328274.9260 362040.3820 379580.5106 395075.1459 399927.7260 405742.4770 411084.3659 448780.0888 454612.5681 465343.7317 466678.3343 545409.1678 576634.1327 591905.6168 628307.9789 671698.5223 852476.8768 898961.1651 1033861.382 1094746.921 1322023.527 1381515.197 1557140.374 1686365.577 2287052.873 2361537.508 2693007.745 2710479.602 2981241.767 3166830.356 5918697.301
