years
 1991 1992 1993 1994 1995 1996 1997 1998 1999 2000 2001 2002 2003 2004 2005 2006 2007 2008 2009 2010 2011 2012 2013 2014 2015 2016 2017 2018 2019 2020 2021
reclasobs
 0 0 0 0 0 0 0 0 0 252601 567819 844713 477998 351125 339783 2.1784e+06 2.13404e+06 4.81314e+06 1.55562e+06 2.62356e+06 3.21686e+06 3.843e+06 1.13348e+06 3.07943e+06 1.97215e+06 2.03268e+06 2.025e+06 2.42433e+06 2.27542e+06 1.05018e+06 2.36338e+06
reclaspred
 3.65608e+06 1.49628e+06 809049 460190 148573 1.64458e+06 680148 310420 164114 206219 363274 616041 576085 406438 330380 1.73453e+06 1.24818e+06 4.01283e+06 3.23572e+06 1.96322e+06 3.72774e+06 3.22621e+06 2.0314e+06 3.5171e+06 2.39809e+06 1.77319e+06 2.58497e+06 3.39017e+06 2.52172e+06 1.13809e+06 1.67137e+06
pelacesobs
 0 0 0 0 0 0 0 0 0 0 0 0 0 0 0 552880 188675 0 991730 2.46772e+06 1.41603e+06 1.21717e+06 2.29649e+06 1.80582e+06 0 1.4828e+06 1.56532e+06 1.57751e+06 1.42118e+06 867257 1.10002e+06
pelacespred
 1.02146e+06 431659 205147 79938.1 28566.7 431478 133921 85649.4 29412.3 41678 93049.7 129826 134404 92115.4 75607.2 387325 278719 1.09765e+06 872649 489067 941126 827149 527054 1.04125e+06 669155 493049 834661 1.0694e+06 660834 343128 475211
mphobs
 0 0 0 0 0 0 0 0 0 0 0 498337 0 5186 125008 0 168611 109162 213762 579715 649985 157893 87575 83554 0 0 0 0 0 0 0
mphpred
 2.21419e+06 1.11936e+06 356658 253073 93546.2 34266.8 510310 159207 70730.7 23482.7 40899.7 134776 170007 124191 64621.1 72437.8 638006 417116 1.33357e+06 923461 780480 1.10626e+06 1.10611e+06 707804 1.14103e+06 830944 563952 779220 1.37787e+06 784925 323727
desembarqueobs
 494567 514787 250237 358949 120608 361735 552515 73892 212993 205616 52469 317467 293654 387597 252695 516296 358380 742168 942051 627588 828172 859565 418607 520667 417249 300574 415391 372974 316634 284311 391294
desembarquepred
 494529 514908 249522 358879 120566 361586 551939 73876.2 212802 205477 52463.2 317281 293447 387110 252477 515994 358284 741784 941025 626869 827848 858996 418435 520529 417071 300430 415228 372838 316510 284157 391151
Reclutas
 46262.1 35737.7 157387 31312.1 14551.5 289163 27117.5 7235.6 21441.8 56557 59442.1 121640 88251.9 67618.3 49431.1 402614 28901.6 654207 326634 192318 384581 514843 41208.9 281427 189152 64949.4 241254 305327 39348.9 21581.1 172463
log_desv_Rt
 -0.652262 -0.910379 0.572123 -1.04258 -1.80889 1.18041 -1.18641 -2.50757 -1.42124 -0.451335 -0.401582 0.314481 -0.0063895 -0.272705 -0.586004 1.51139 -1.12269 1.99684 1.30225 0.772566 1.46557 1.75728 -0.76793 1.15329 0.755965 -0.312977 0.999266 1.2348 -0.814117 -1.41476 0.663601
SSB
 2.21419e+06 1.11936e+06 356658 253073 93546.2 34266.8 510310 159207 70730.7 23482.7 40899.7 134776 170007 124191 64621.1 72437.8 638006 417116 1.33357e+06 923461 780480 1.10626e+06 1.10611e+06 707804 1.14103e+06 830944 563952 779220 1.37787e+06 784925 323727
BT
 2.80164e+06 1.53562e+06 708721 455027 169951 1.31561e+06 792979 266284 268706 290947 258331 560594 574385 613878 425560 1.30151e+06 924438 3.20195e+06 2.90521e+06 1.7024e+06 2.86298e+06 2.68949e+06 1.57953e+06 2.89587e+06 1.93473e+06 1.41083e+06 2.36027e+06 2.83927e+06 1.78838e+06 1.08793e+06 1.47799e+06
Ftot
 0.218761 0.540375 0.549629 1.18249 1.23414 0.465344 1.19525 0.395939 2.01007 1.77292 0.296239 0.944736 0.907947 1.60825 1.38707 0.616559 0.46905 0.375962 0.513756 0.554202 0.417129 0.489151 0.3387 0.287684 0.305456 0.290853 0.313468 0.216935 0.206021 0.402363 0.458548
BD_Bspro_t
 0.96572 0.741437 0.45259 0.395108 0.173081 0.0964333 0.496307 0.207634 0.140657 0.0670386 0.134989 0.403992 0.329328 0.233947 0.134659 0.154164 0.485397 0.375528 0.588704 0.465595 0.384785 0.466596 0.492465 0.423717 0.572628 0.555215 0.523813 0.626678 0.724801 0.605893 0.441533
BD_Bspro
 3.48768 1.76316 0.561789 0.398626 0.147349 0.0539753 0.803813 0.250774 0.111411 0.0369888 0.064423 0.212291 0.267786 0.19562 0.101788 0.1141 1.00495 0.657019 2.10057 1.45459 1.22937 1.74252 1.74228 1.11489 1.79729 1.30886 0.888307 1.22739 2.17034 1.23637 0.509918
BD_Bo
 1.36597 0.690554 0.220029 0.156125 0.0577103 0.0211398 0.314819 0.0982175 0.043635 0.0144869 0.0252317 0.0831455 0.10488 0.0766159 0.0398659 0.0446881 0.393597 0.257326 0.822703 0.569699 0.481492 0.682471 0.682377 0.436657 0.703922 0.512624 0.347912 0.480715 0.850031 0.484234 0.199713
BD_Brms
 7.65528 3.87005 1.2331 0.874966 0.323424 0.118473 1.76433 0.550437 0.244542 0.0811885 0.141405 0.465969 0.587777 0.429376 0.223419 0.250444 2.20582 1.44212 4.61065 3.19275 2.69841 3.82475 3.82422 2.44714 3.94496 2.87288 1.94979 2.69405 4.7638 2.71378 1.11924
Sel_flota
 0.729243 0.980833 0.998973 0.999946 0.999997
 0.729243 0.980833 0.998973 0.999946 0.999997
 0.729243 0.980833 0.998973 0.999946 0.999997
 0.729243 0.980833 0.998973 0.999946 0.999997
 0.729243 0.980833 0.998973 0.999946 0.999997
 0.729243 0.980833 0.998973 0.999946 0.999997
 0.729243 0.980833 0.998973 0.999946 0.999997
 0.729243 0.980833 0.998973 0.999946 0.999997
 0.729243 0.980833 0.998973 0.999946 0.999997
 0.729243 0.980833 0.998973 0.999946 0.999997
 0.729243 0.980833 0.998973 0.999946 0.999997
 0.729243 0.980833 0.998973 0.999946 0.999997
 0.729243 0.980833 0.998973 0.999946 0.999997
 0.729243 0.980833 0.998973 0.999946 0.999997
 0.729243 0.980833 0.998973 0.999946 0.999997
 0.729243 0.980833 0.998973 0.999946 0.999997
 0.729243 0.980833 0.998973 0.999946 0.999997
 0.729243 0.980833 0.998973 0.999946 0.999997
 0.729243 0.980833 0.998973 0.999946 0.999997
 0.729243 0.980833 0.998973 0.999946 0.999997
 0.729243 0.980833 0.998973 0.999946 0.999997
 0.729243 0.980833 0.998973 0.999946 0.999997
 0.729243 0.980833 0.998973 0.999946 0.999997
 0.729243 0.980833 0.998973 0.999946 0.999997
 0.729243 0.980833 0.998973 0.999946 0.999997
 0.729243 0.980833 0.998973 0.999946 0.999997
 0.729243 0.980833 0.998973 0.999946 0.999997
 0.729243 0.980833 0.998973 0.999946 0.999997
 0.729243 0.980833 0.998973 0.999946 0.999997
 0.729243 0.980833 0.998973 0.999946 0.999997
 0.729243 0.980833 0.998973 0.999946 0.999997
Sel_reclas
 1 1 1 1 1
 1 1 1 1 1
 1 1 1 1 1
 1 1 1 1 1
 1 1 1 1 1
 1 1 1 1 1
 1 1 1 1 1
 1 1 1 1 1
 1 1 1 1 1
 1 1 1 1 1
 1 1 1 1 1
 1 1 1 1 1
 1 1 1 1 1
 1 1 1 1 1
 1 1 1 1 1
 1 1 1 1 1
 1 1 1 1 1
 1 1 1 1 1
 1 1 1 1 1
 1 1 1 1 1
 1 1 1 1 1
 1 1 1 1 1
 1 1 1 1 1
 1 1 1 1 1
 1 1 1 1 1
 1 1 1 1 1
 1 1 1 1 1
 1 1 1 1 1
 1 1 1 1 1
 1 1 1 1 1
 1 1 1 1 1
Sel_pelaces
 1 1 1 1 1
 1 1 1 1 1
 1 1 1 1 1
 1 1 1 1 1
 1 1 1 1 1
 1 1 1 1 1
 1 1 1 1 1
 1 1 1 1 1
 1 1 1 1 1
 1 1 1 1 1
 1 1 1 1 1
 1 1 1 1 1
 1 1 1 1 1
 1 1 1 1 1
 1 1 1 1 1
 1 1 1 1 1
 1 1 1 1 1
 1 1 1 1 1
 1 1 1 1 1
 1 1 1 1 1
 1 1 1 1 1
 1 1 1 1 1
 1 1 1 1 1
 1 1 1 1 1
 1 1 1 1 1
 1 1 1 1 1
 1 1 1 1 1
 1 1 1 1 1
 1 1 1 1 1
 1 1 1 1 1
 1 1 1 1 1
pf_obs 
 0.8446 0.082 0.0669 0.0065 0
 0.8095 0.147 0.0364 0.0071 0
 0.9664 0.0169 0.016 0.0007 0
 0.9276 0.0648 0.0075 0.0001 0
 0.7033 0.2144 0.0806 0.0017 0
 0.9318 0.0425 0.0243 0.0014 0
 0.5671 0.3108 0.0964 0.0239 0.0018
 0.0768 0.2599 0.5324 0.112 0.0189
 0.490249 0.384438 0.106611 0.0170017 0.00170017
 0.7925 0.1577 0.0466 0.003 0.0002
 0.840416 0.127587 0.0312969 0.00059994 9.999e-05
 0.8084 0.0986 0.0794 0.0134 0.0002
 0.7335 0.1905 0.0724 0.0035 0.0001
 0.4001 0.4547 0.1325 0.0127 0
 0.49795 0.308269 0.164784 0.0264974 0.00249975
 0.9179 0.0499 0.0305 0.0017 0
 0.2467 0.6533 0.0926 0.0074 0
 0.9418 0.0223 0.034 0.0019 0
 0.707729 0.231977 0.0356964 0.0245975 0
 0.517169 0.277429 0.184464 0.0207286 0.00020938
 0.811772 0.124168 0.05621 0.00726502 0.000585176
 0.764997 0.148141 0.077277 0.00933861 0.000247198
 0.163321 0.427699 0.378323 0.0303852 0.000271297
 0.753843 0.0900009 0.118128 0.0371064 0.000921714
 0.721811 0.176058 0.0630433 0.0369309 0.00215725
 0.143369 0.312575 0.442814 0.0836902 0.0175525
 0.692698 0.0596174 0.167031 0.0765114 0.00414204
 0.394062 0.376323 0.152708 0.0712218 0.00568511
 0.125707 0.32114 0.495352 0.0537591 0.00404204
 0.23352 0.215282 0.420074 0.123614 0.00750983
 0.774587 0.0839891 0.0768558 0.0609784 0.00358967
pf_pred 
 0.195707 0.226747 0.513474 0.064071 8.54931e-07
 0.327689 0.169877 0.143694 0.318979 0.0397604
 0.853035 0.0613041 0.0220443 0.0182107 0.0454062
 0.373051 0.561172 0.0278375 0.00977317 0.0281667
 0.548452 0.221849 0.206305 0.00991092 0.0134836
 0.985714 0.00953675 0.00237202 0.00213516 0.000241689
 0.226003 0.766286 0.00518796 0.0012611 0.00126211
 0.300454 0.224127 0.470833 0.00308726 0.00149888
 0.780175 0.0839716 0.0441885 0.0907815 0.000883189
 0.958628 0.0361626 0.0020464 0.00103047 0.00213257
 0.886186 0.111164 0.00232895 0.000126608 0.000195257
 0.836468 0.149701 0.0135154 0.000277293 3.82784e-05
 0.737892 0.232772 0.026919 0.00236124 5.50476e-05
 0.735292 0.215285 0.0440309 0.00494877 0.000443532
 0.816541 0.152396 0.0254413 0.00500903 0.000612186
 0.97693 0.0203556 0.00226834 0.00036576 8.06636e-05
 0.189816 0.797318 0.011385 0.00123792 0.000243309
 0.943571 0.0141161 0.0416559 0.000581431 7.55539e-05
 0.572426 0.410371 0.00437404 0.0126304 0.000198971
 0.545655 0.298938 0.149298 0.00155462 0.00455412
 0.800482 0.126913 0.048159 0.0234867 0.000959723
 0.765967 0.199175 0.0223547 0.00829676 0.00420661
 0.164583 0.688569 0.125408 0.0137556 0.00768417
 0.797089 0.0438287 0.131609 0.0234669 0.00400729
 0.5939 0.343808 0.0136759 0.0402277 0.00838851
 0.374409 0.419378 0.175158 0.00682384 0.0242308
 0.813189 0.0849193 0.0687723 0.0281363 0.0049827
 0.738489 0.22472 0.0169182 0.0134182 0.0064546
 0.198446 0.636944 0.141854 0.0104703 0.0122857
 0.253559 0.189199 0.444603 0.0970825 0.015557
 0.881145 0.0389048 0.020603 0.0473622 0.011985
pobs_RECLAS
 0 0 0 0 0
 0 0 0 0 0
 0 0 0 0 0
 0 0 0 0 0
 0 0 0 0 0
 0 0 0 0 0
 0 0 0 0 0
 0 0 0 0 0
 0 0 0 0 0
 0 0 0 0 0
 0.991045 0.00858322 0.000360255 1.14367e-05 0
 0.934742 0.0480273 0.0164251 0.00080598 0
 0.827803 0.169806 0.00239088 0 0
 0.941827 0.0461693 0.0120037 0 0
 0.791401 0.0380133 0.147996 0.0225897 0
 0.846168 0.0940531 0.0597789 0 0
 0.134021 0.677848 0.182769 0.00536245 0
 0.80878 0.0450904 0.141981 0.00414843 0
 0.846168 0.0940531 0.0597789 0 0
 0.905697 0.0802665 0.012482 0.00150086 5.37128e-05
 0.989698 0.0102097 9.19794e-05 0 0
 0.975433 0.0193895 0.00387452 0.00125025 5.28907e-05
 0.303575 0.632131 0.0575291 0.00676475 0
 0.966965 0.00978017 0.0227588 0.000495775 0
 0.843318 0.132988 0.00938335 0.0141283 0.000182051
 0.564624 0.303363 0.111486 0.0197234 0.00080311
 0.826376 0.0876187 0.0782897 0.00655872 0.00115652
 0.89761 0.0855135 0.0140674 0.00269457 0.000114338
 0.34875 0.467042 0.161289 0.0227151 0.000203297
 0.318654 0.224769 0.449479 0.00709798 0
 0.937255 0.0296025 0.0250945 0.00804832 0
ppred_RECLAS
 0.250087 0.214286 0.476258 0.0593681 7.92135e-07
 0.403442 0.153031 0.126942 0.281498 0.0350865
 0.889257 0.0467437 0.016483 0.0136023 0.033914
 0.456702 0.487441 0.0236555 0.00829526 0.0239058
 0.634564 0.181577 0.165153 0.00792463 0.0107806
 0.989546 0.00702463 0.00171377 0.00154106 0.00017443
 0.291751 0.701348 0.00464505 0.0011278 0.00112864
 0.371688 0.203932 0.42029 0.00275305 0.00133655
 0.843211 0.0609038 0.0312179 0.0640445 0.000623026
 0.971457 0.025029 0.00138151 0.000694736 0.00143767
 0.913472 0.0845501 0.00173823 9.44002e-05 0.000145578
 0.877 0.112795 0.00997248 0.000204376 2.82111e-05
 0.796718 0.180949 0.0204954 0.0017958 4.18629e-05
 0.801534 0.162133 0.0323732 0.00363387 0.000325663
 0.864404 0.113075 0.0184497 0.00362807 0.000443381
 0.983103 0.0149431 0.0016326 0.000262973 5.79921e-05
 0.242108 0.746085 0.0104495 0.00113504 0.000223075
 0.958413 0.010553 0.0305525 0.000426019 5.53559e-05
 0.64656 0.339493 0.00354886 0.010237 0.000161259
 0.6231 0.249642 0.122261 0.00127176 0.00372532
 0.846093 0.0985934 0.0367018 0.0178809 0.000730616
 0.817435 0.155827 0.0171536 0.00635988 0.0032244
 0.211507 0.652067 0.116526 0.0127685 0.00713235
 0.843805 0.0342443 0.100907 0.0179745 0.00306922
 0.665383 0.28414 0.0110907 0.0325906 0.00679563
 0.449351 0.371447 0.152239 0.00592498 0.021038
 0.856417 0.0659555 0.0524128 0.0214217 0.0037934
 0.792898 0.178445 0.0131853 0.0104471 0.00502515
 0.251462 0.597103 0.130519 0.00962411 0.0112921
 0.319103 0.175091 0.403647 0.0880499 0.0141088
 0.911019 0.0295208 0.0153346 0.0352151 0.0089107
pobs_PELACES
 0 0 0 0 0
 0 0 0 0 0
 0 0 0 0 0
 0 0 0 0 0
 0 0 0 0 0
 0 0 0 0 0
 0 0 0 0 0
 0 0 0 0 0
 0 0 0 0 0
 0 0 0 0 0
 0 0 0 0 0
 0 0 0 0 0
 0 0 0 0 0
 0 0 0 0 0
 0 0 0 0 0
 0 0 0 0 0
 0.505614 0.472636 0.0217494 0 0
 0 0 0 0 0
 0.443492 0.261883 0.143347 0.151278 0
 0.227955 0.32914 0.350689 0.0885471 0.00366901
 0.970185 0.0296113 0.000203453 0 0
 0.997202 0.00247181 0.000326279 0 0
 0.445219 0.490057 0.0546422 0.010081 0
 0.90214 0.0892962 0.00764917 0.000914606 0
 0 0 0 0 0
 0.581667 0.319106 0.0959925 0.00289975 0.000334073
 0.762889 0.0836404 0.116647 0.0363945 0.000428098
 0.88444 0.0763242 0.0277011 0.0115352 0
 0.521256 0.241999 0.230069 0.00667565 0
 0.616807 0.101726 0.260614 0.0208532 0
 0.833518 0.0704572 0.0857862 0.0102388 0
ppred_PELACES
 0.253687 0.213458 0.473797 0.0590571 7.87984e-07
 0.414891 0.15047 0.124413 0.275844 0.0343814
 0.89386 0.0448897 0.0157772 0.0130176 0.0324558
 0.481333 0.465691 0.0224406 0.00786623 0.022669
 0.658821 0.170158 0.153628 0.00736869 0.0100241
 0.989948 0.00676115 0.0016449 0.00147891 0.000167394
 0.312686 0.680665 0.00447592 0.00108632 0.00108711
 0.379774 0.20163 0.414562 0.00271519 0.00131816
 0.864924 0.05287 0.0267758 0.0548959 0.00053401
 0.9753 0.0216886 0.00118449 0.000595321 0.0012319
 0.915399 0.08267 0.00169657 9.21288e-05 0.000142075
 0.885262 0.105268 0.00925453 0.000189605 2.61717e-05
 0.808747 0.170344 0.0191896 0.00168089 3.91837e-05
 0.822182 0.145522 0.0287781 0.00322865 0.00028934
 0.877494 0.102301 0.0165538 0.00325379 0.000397632
 0.98394 0.0142094 0.00154673 0.000249093 5.49305e-05
 0.249333 0.739004 0.0103213 0.00112095 0.000220304
 0.959705 0.0102424 0.0295868 0.000412504 5.35994e-05
 0.656273 0.330204 0.00344116 0.0099247 0.000156338
 0.634103 0.242625 0.118432 0.00123171 0.00360795
 0.850665 0.095752 0.0355552 0.0173199 0.00070769
 0.823482 0.150732 0.0165443 0.00613299 0.00310934
 0.216294 0.648336 0.115625 0.0126683 0.00707638
 0.847103 0.0335668 0.09874 0.0175869 0.00300302
 0.671069 0.279392 0.0108855 0.0319843 0.00666918
 0.455475 0.367526 0.15037 0.00585169 0.0207776
 0.859712 0.0645083 0.0511667 0.0209103 0.00370282
 0.79587 0.175916 0.0129816 0.010285 0.00494716
 0.254743 0.594636 0.129819 0.00957189 0.0112308
 0.326802 0.173425 0.398843 0.0869907 0.013939
 0.914207 0.0285175 0.0147729 0.0339201 0.00858293
pobs_pel_tallas
 0 0 0 0 0 0 0 0 0 0 0 0 0 0 0 0 0 0 0 0 0 0 0 0 0 0
 0 0 0 0 0 0 0 0 0 0 0 0 0 0 0 0 0 0 0 0 0 0 0 0 0 0
 0 0 0 0 0 0 0 0 0 0 0 0 0 0 0 0 0 0 0 0 0 0 0 0 0 0
 0 0 0 0 0 0 0 0 0 0 0 0 0 0 0 0 0 0 0 0 0 0 0 0 0 0
 0 0 0 0 0 0 0 0 0 0 0 0 0 0 0 0 0 0 0 0 0 0 0 0 0 0
 0 0 0 0 0 0 0 0 0 0 0 0 0 0 0 0 0 0 0 0 0 0 0 0 0 0
 0 0 0 0 0 0 0 0 0 0 0 0 0 0 0 0 0 0 0 0 0 0 0 0 0 0
 0 0 0 0 0 0 0 0 0 0 0 0 0 0 0 0 0 0 0 0 0 0 0 0 0 0
 0 0 0 0 0 0 0 0 0 0 0 0 0 0 0 0 0 0 0 0 0 0 0 0 0 0
 0 0 0 0 0 0 0 0 0 0 0 0 0 0 0 0 0 0 0 0 0 0 0 0 0 0
 0 0 0 0 0 0 0 0 0 0 0 0 0 0 0 0 0 0 0 0 0 0 0 0 0 0
 0 0 0 0 0 0 0 0 0 0 0 0 0 0 0 0 0 0 0 0 0 0 0 0 0 0
 0.00862536 0 0 0.000197151 0.00414017 0.0128641 0.00837892 0.0270097 0.101434 0.158115 0.152841 0.127902 0.109271 0.109419 0.0830992 0.0579132 0.0238553 0.00714673 0.00463305 0.00128148 0.00103504 0.000492878 0.000147863 0.000147863 4.92878e-05 0
 0 0 0 0 0 0 0 0 0 0 0 0 0 0 0 0 0 0 0 0 0 0 0 0 0 0
 0 0 0 0 0 0 0 0.0054083 0.00873648 0.0413646 0.0450493 0.0745869 0.0622846 0.0627006 0.0613931 0.0827291 0.12552 0.122667 0.0946155 0.0697135 0.0546179 0.0294188 0.0215738 0.0213955 0.0102223 0.00600262
 0 0 0 0 0.00359764 0.0251062 0.0480494 0.140153 0.205849 0.193036 0.1447 0.116669 0.0760912 0.0342217 0.00950174 0.001854 0.000860785 0 0 0 0.000165536 0 0.000143464 0 0 0
 0 0 0 0 0 0 0 0.000145254 0.000435761 0.0275982 0.070085 0.0708112 0.156366 0.174668 0.174014 0.160142 0.0824315 0.0480064 0.0283245 0.00493863 0.00203355 0 0 0 0 0
 0 0 0 0 0 0 0 0 0 0 0 0 0 0 0 0 0 0 0 0 0 0 0 0 0 0
 0 0 1.00437e-05 0.000401748 0.00122533 0.00171747 0.00176769 0.0269171 0.070346 0.194647 0.189555 0.159765 0.064822 0.0314167 0.0384472 0.0292271 0.0345202 0.0313363 0.0194345 0.0106764 0.0143323 0.0359363 0.0279516 0.0138201 0.00172751 0
 0 0.0021121 0.0136068 0.0755702 0.200478 0.177729 0.0527432 0.0373336 0.0318909 0.0142505 0.0149659 0.0166563 0.0217959 0.0798694 0.0677717 0.0528807 0.04013 0.0224614 0.0357745 0.0225083 0.00881397 0.00855152 0.00135912 0.000746735 0 0
 0 0 0 0 5.4009e-05 0.00500934 0.000945158 0.0243581 0.138947 0.33067 0.221406 0.137944 0.0707744 0.0437923 0.0131692 0.00525238 0.0047753 0.00276346 9.45158e-05 9.00151e-06 2.25038e-05 9.00151e-06 4.50075e-06 0 0 0
 0.000866109 0.00284123 0.00948549 0.0512746 0.133035 0.25785 0.225252 0.132002 0.0553304 0.0519788 0.0540692 0.017754 0.00435017 0.00159236 0.00146478 0.000404838 0.000125132 0.000115318 0.000107957 0.000100596 0 0 0 0 0 0
 0 0 0 0 0.00144013 0.00171154 0.00461396 0.0210425 0.0478622 0.0707936 0.0888783 0.103762 0.0637923 0.0337046 0.0602308 0.124433 0.169614 0.0934646 0.0462172 0.0250306 0.0313229 0.00938855 0.002487 0.000210481 0 0
 0 0.00764035 0.051015 0.0998891 0.058973 0.0496711 0.0374665 0.0718981 0.12319 0.153886 0.159021 0.0857701 0.0377988 0.023471 0.0147837 0.00900784 0.00315554 0.000888139 0.00291439 0.00214683 0.00393193 0.00274676 0.000635225 9.99891e-05 0 0
 0 0 0 0 0 0 0 0 0 0 0 0 0 0 0 0 0 0 0 0 0 0 0 0 0 0
 0 0 0 0 0 0 0 0 0 0 0 0 0 0 0 0 0 0 0 0 0 0 0 0 0 0
 0 0 0 0 0 0 0 0 0 0 0 0 0 0 0 0 0 0 0 0 0 0 0 0 0 0
 0 0 0 0 0 0 0 0 0 0 0 0 0 0 0 0 0 0 0 0 0 0 0 0 0 0
 0 0 0 0 0 0 0 0 0 0 0 0 0 0 0 0 0 0 0 0 0 0 0 0 0 0
 0 0 0 0 0 0 0 0 0 0 0 0 0 0 0 0 0 0 0 0 0 0 0 0 0 0
 0 0 0 0 0 0 0 0 0 0 0 0 0 0 0 0 0 0 0 0 0 0 0 0 0 0
ppred_pel_tallas
 1.19651e-16 2.08959e-05 0.000203116 0.00134978 0.0061359 0.0190912 0.0406766 0.0593731 0.0593943 0.0407808 0.0194434 0.0071622 0.00395979 0.00601281 0.0113826 0.01964 0.0302818 0.0422296 0.0542548 0.0655816 0.0759316 0.0848801 0.0912083 0.0930661 0.0889873 0.0789523
 1.37111e-16 3.41741e-05 0.000332184 0.00220748 0.0100349 0.0312224 0.0665231 0.0970955 0.0971103 0.0665954 0.0314659 0.0107419 0.00399632 0.00428595 0.00769139 0.013066 0.0198136 0.0271253 0.0343201 0.0414093 0.049159 0.058403 0.0690657 0.0796707 0.0877484 0.0908818
 1.07265e-16 7.3626e-05 0.000715671 0.00475589 0.0216196 0.0672666 0.143319 0.209179 0.209183 0.14334 0.0673381 0.0218265 0.00527672 0.0018575 0.00225715 0.00365649 0.00536409 0.00698147 0.00817854 0.00886086 0.00924878 0.00973462 0.0106126 0.0118806 0.0132369 0.0142374
 1.05392e-16 3.96469e-05 0.000385382 0.002561 0.011642 0.0362227 0.0771779 0.112653 0.112698 0.0773969 0.0369577 0.0137642 0.00788489 0.0119972 0.0220628 0.0363346 0.0521605 0.0652308 0.0711938 0.0680784 0.0575125 0.04369 0.0309338 0.0217162 0.0162659 0.0134407
 1.06913e-16 5.42662e-05 0.000527487 0.00350534 0.0159348 0.0495791 0.105634 0.15418 0.154196 0.105715 0.0498524 0.0167267 0.00550295 0.00492036 0.00849097 0.0141957 0.021012 0.0276038 0.0326034 0.0353146 0.036002 0.03547 0.0343267 0.0325952 0.0299311 0.0261262
 1.00226e-16 8.15407e-05 0.000792604 0.00526713 0.0239436 0.0744975 0.158725 0.231664 0.231664 0.158728 0.0745082 0.0239746 0.00534502 0.000962898 0.000405787 0.000544013 0.000781124 0.000993856 0.00111834 0.00112832 0.00104617 0.000925929 0.000818175 0.000744064 0.000694203 0.000645708
 1.00597e-16 2.57557e-05 0.000250354 0.0016637 0.00756296 0.0235315 0.0501389 0.0731928 0.0732583 0.0504586 0.0246048 0.0106608 0.00943241 0.0171852 0.0321163 0.0528659 0.0757115 0.0942805 0.1021 0.0961918 0.0789052 0.0564528 0.0353681 0.0195861 0.00980131 0.00465441
 1.12511e-16 3.12815e-05 0.000304068 0.00202064 0.00918554 0.0285797 0.0608929 0.0888791 0.0888991 0.060991 0.028911 0.0101498 0.00446942 0.00574331 0.0106344 0.0182402 0.0279146 0.0385014 0.0486945 0.0576494 0.0650968 0.0708004 0.0739619 0.0733153 0.0679538 0.0581805
 1.06382e-16 7.12427e-05 0.000692504 0.00460193 0.0209197 0.0650891 0.138679 0.202408 0.202413 0.138704 0.0651737 0.0211649 0.0052199 0.00205053 0.00267774 0.00438858 0.00649765 0.00857516 0.0102558 0.0114268 0.0122996 0.0132284 0.0144062 0.0156805 0.0166196 0.0167563
 1.00309e-16 8.03341e-05 0.000780877 0.0051892 0.0235893 0.0733952 0.156376 0.228236 0.228238 0.156387 0.0734295 0.0236882 0.00543723 0.00132191 0.00110665 0.00169929 0.00243304 0.00304522 0.00332932 0.00319421 0.00271617 0.00209017 0.00151603 0.00110626 0.000868292 0.000745929
 1.00104e-16 7.54002e-05 0.000732917 0.00487049 0.0221406 0.0688875 0.146772 0.21422 0.214228 0.146811 0.0690179 0.0225169 0.00581445 0.0027909 0.00397598 0.00643301 0.00921088 0.0114799 0.0124512 0.0117628 0.00969724 0.00700341 0.00446726 0.00256018 0.0013637 0.000714996
 1.00318e-16 7.29178e-05 0.000708787 0.00471014 0.0214116 0.0666196 0.14194 0.207168 0.207178 0.14199 0.0667858 0.0218917 0.00591466 0.00333656 0.00505851 0.00823398 0.0118224 0.0147986 0.0161695 0.0154749 0.0130574 0.00983475 0.00676066 0.00439401 0.00282042 0.00184592
 1.00773e-16 6.66154e-05 0.000647526 0.00430304 0.019561 0.0608616 0.129673 0.189264 0.189281 0.129753 0.0611308 0.0203383 0.0062538 0.00490445 0.0081465 0.0133495 0.0191932 0.0240687 0.0263814 0.0253895 0.0216402 0.016597 0.0117721 0.00803775 0.00551093 0.00387519
 1.01241e-16 6.7722e-05 0.000658282 0.00437452 0.0198859 0.0618726 0.131827 0.192408 0.192422 0.131895 0.062103 0.0205515 0.00604562 0.00430811 0.00700462 0.0114862 0.01657 0.0208981 0.0231295 0.0226357 0.0198586 0.0159869 0.0122259 0.00923786 0.00707487 0.00547304
 1.00898e-16 7.2278e-05 0.000702568 0.00466881 0.0212238 0.066035 0.140695 0.205351 0.20536 0.140743 0.0661969 0.0216912 0.00584237 0.00326492 0.00493999 0.0080558 0.0116053 0.0146091 0.0161197 0.0156974 0.0136637 0.010873 0.00819462 0.00610934 0.0046549 0.0036303
 1.00083e-16 8.10458e-05 0.000787794 0.00523517 0.0237983 0.0740454 0.157762 0.230258 0.230259 0.157768 0.0740679 0.0238632 0.00539789 0.00114288 0.00075501 0.00111883 0.00160126 0.00200787 0.00220129 0.00211974 0.00180931 0.00139245 0.000995382 0.000690406 0.00048628 0.000355248
 1.00637e-16 2.05374e-05 0.000199631 0.00132662 0.00603067 0.018764 0.0399814 0.0583689 0.05844 0.0403286 0.0199294 0.00939464 0.00976308 0.0185913 0.0348755 0.0574292 0.0822697 0.102493 0.111078 0.10479 0.0861638 0.0619153 0.039102 0.0219677 0.0112587 0.00551771
 1.00907e-16 7.90496e-05 0.00076839 0.00510622 0.0232122 0.0722216 0.153876 0.224587 0.224588 0.153881 0.0722387 0.0232621 0.00523368 0.00105348 0.000640473 0.000985639 0.00153248 0.00217612 0.00285852 0.00353772 0.00418042 0.0047317 0.00509402 0.00515175 0.0048344 0.00417056
 1.01206e-16 5.40564e-05 0.000525448 0.00349179 0.0158732 0.0493875 0.105226 0.153588 0.15362 0.105382 0.0499083 0.0173764 0.00726186 0.00874478 0.0156325 0.025676 0.0367905 0.0458657 0.0497776 0.0471007 0.0389858 0.0284406 0.0186022 0.0113214 0.00686337 0.00450487
 1.04214e-16 5.22303e-05 0.000507697 0.00337383 0.0153369 0.047719 0.101671 0.148397 0.148421 0.101786 0.0481054 0.0164544 0.00618489 0.00666424 0.0118028 0.0195804 0.0285493 0.0366189 0.041658 0.0426224 0.0400843 0.0356766 0.0309545 0.0266233 0.0225957 0.0185596
 1.02908e-16 7.00682e-05 0.000681088 0.00452607 0.0205749 0.0640161 0.136393 0.199072 0.199081 0.136439 0.0641683 0.0210151 0.00563299 0.00310401 0.00469085 0.00769484 0.0111982 0.0143377 0.0162829 0.0166548 0.0157313 0.0142129 0.0127442 0.0115783 0.010588 0.00951227
 1.01658e-16 6.78291e-05 0.000659323 0.00438144 0.0199174 0.0619704 0.132035 0.192712 0.192727 0.132106 0.0622087 0.0206054 0.00610805 0.00442754 0.00722152 0.011824 0.01701 0.0213574 0.0234677 0.0227014 0.0195589 0.0153435 0.0113841 0.00841997 0.00650088 0.0052846
 1.05971e-16 1.7816e-05 0.000173178 0.00115083 0.00523155 0.0162776 0.0346835 0.0506347 0.0506973 0.0349891 0.0173036 0.00819523 0.00859165 0.0164217 0.0308915 0.0510794 0.0736657 0.0928087 0.102538 0.100065 0.0873982 0.0699074 0.0530506 0.0398425 0.0305246 0.0238601
 1.0513e-16 6.97748e-05 0.000678236 0.00450712 0.0204887 0.0637479 0.135822 0.198237 0.19824 0.135838 0.0638042 0.0206531 0.00492711 0.00161943 0.00192871 0.00326486 0.00513273 0.0073675 0.00982802 0.0124182 0.0150585 0.0175662 0.0195684 0.0205775 0.0202171 0.0184394
 1.04722e-16 5.52751e-05 0.000537294 0.00357051 0.016231 0.0505009 0.107598 0.157049 0.157076 0.10773 0.050942 0.0175046 0.00676582 0.00750777 0.0132796 0.021832 0.0313696 0.0393055 0.0430625 0.0414995 0.0356266 0.0279623 0.0210475 0.0162517 0.0135581 0.0121371
 1.08537e-16 3.75169e-05 0.000364678 0.00242342 0.0110165 0.0342767 0.0730314 0.106599 0.106634 0.0732053 0.034861 0.0127063 0.00667244 0.00966463 0.0177709 0.0295046 0.0429296 0.0548814 0.0621246 0.0631188 0.0588437 0.051947 0.0449655 0.0390682 0.0340702 0.0292823
 1.04217e-16 7.08133e-05 0.000688331 0.0045742 0.0207937 0.0646968 0.137844 0.201188 0.201194 0.137874 0.0648003 0.0210936 0.00533067 0.00235161 0.00326488 0.0053782 0.00795966 0.0104736 0.0124217 0.0135774 0.0140871 0.0142925 0.0144244 0.0144334 0.0140717 0.0131149
 1.02289e-16 6.55548e-05 0.000637216 0.00423452 0.0192495 0.0598926 0.127608 0.186251 0.186268 0.127691 0.0601704 0.0200519 0.00624773 0.00502969 0.00840088 0.0137674 0.0197875 0.0248067 0.0271923 0.026207 0.0224582 0.0175014 0.0129213 0.00959632 0.00756913 0.00639437
 1.06759e-16 2.09829e-05 0.000203962 0.0013554 0.00616148 0.019171 0.0408479 0.0596307 0.0596881 0.0411283 0.0201127 0.00888238 0.00818844 0.0151311 0.0284011 0.0469988 0.0678841 0.0857405 0.0951315 0.0935063 0.0826608 0.0674087 0.0526041 0.0408696 0.0323489 0.0259232
 1.22637e-16 2.69183e-05 0.000261656 0.00173879 0.00790431 0.0245933 0.0523994 0.076482 0.0764993 0.0524843 0.0248803 0.00874101 0.00386865 0.0050094 0.0093325 0.0161419 0.0250198 0.0351735 0.0457207 0.0561462 0.0662899 0.0757651 0.0833894 0.0873205 0.0859463 0.0788647
 1.05288e-16 7.5302e-05 0.000731962 0.00486415 0.0221117 0.0687977 0.146581 0.21394 0.213943 0.146595 0.0688435 0.0222442 0.00519844 0.00146744 0.00148958 0.0023914 0.0035565 0.00473865 0.00576096 0.00659059 0.00736846 0.00829948 0.00947421 0.0107592 0.0118347 0.012344
pSPR Fmed_Fpbrs
0.413309   0.228436 0.228436
Fs Fmed_Fpbrs
0.542863   1.005 1.005
SSBpbr Bo_Bmed_Bpbrs
1.62096e+06  588911  289237 289237
Ro
88817.6
SPR SPRFo_SPRFmed_SPRFpbrs
634862 262394 145025
Fref
1.005
Nvult_r0
 127051 4531.3 2369.6 5443.61 1377.46
CTP_r0
 31838.3 1405.75 744.447 1711.34 433.053
YTP_r0
391151
Np
 147725 45412.7 1389.08 718.566 2033.47
Nvult_p0
 121611 39178.5 1201.83 621.798 1759.64
CTP_p0
 51432.9 19448.6 602.106 311.666 882.015
YTP_p0
 753546
CBA_c0
499870
log_Ro
11.2143
likeval ReclasPelacesDesembMPH_pf_preclas_ppelaces_ptallas_desvR_qrecl_qpela
 12.0377 53.389 0.0972822 0.00170943 264.046 117.417 105.044 0 57.2347 1.34408e-05 0 0.174556 0 0 0
q_reclas_q_pelaces
1.68121 1
M
1
N
 46262.1 40745.5 90737.8 11312.2 0.150937
 35737.7 14509.3 12094.8 26827.8 3343.92
 157387 8865.27 3141.73 2593.37 6465.99
 31312.1 38779.6 1902.27 667.45 1923.56
 14551.5 4863.14 4473.06 214.762 292.17
 289163 2176.47 533.229 479.6 54.2859
 27117.5 75765.4 507.266 123.234 123.33
 7235.6 4172.65 8630.49 56.5437 27.4511
 21441.8 1994.27 1041.02 2137.78 20.7974
 56557 1821.23 102.155 51.4162 106.404
 59442.1 5710.81 117.722 6.39419 9.86083
 121640 17618.9 1571.14 32.2138 4.44673
 88251.9 22468.7 2565.99 224.93 5.2436
 67618.3 16744.7 3392.54 381.109 34.1559
 49431.1 7698.89 1272.09 250.32 30.5923
 402614 6613.22 726.579 117.07 25.8171
 28901.6 94477 1328.87 144.376 28.3753
 654207 7552.25 21939.7 305.979 39.7585
 326634 182958 1921.47 5544.02 87.3336
 192318 82614.6 40664.2 423.103 1239.39
 384581 47228.7 17647.7 8599.59 351.385
 514843 104373 11540.6 4279.8 2169.84
 41208.9 132575 23764.5 2604.45 1454.83
 281427 11842.1 34985.9 6232.89 1064.3
 189152 83938.2 3285.41 9655.77 2013.39
 64949.4 55689.9 22884.9 890.786 3162.96
 241254 19327.1 15402.3 6296.06 1114.93
 305327 70616 5228.09 4142.81 1992.74
 39348.9 95888.4 20999.1 1548.57 1816.98
 21581.1 12456.3 28821.2 6288.17 1007.61
 172463 5920.38 3088.17 7093.39 1794.91
pred_Ctot
 4368.58 5061.48 11461.8 1430.2 0.0190839
 7596.11 3937.89 3330.96 7394.21 921.679
 33937 2438.91 877.008 724.492 1806.43
 12246.8 18422.6 913.872 320.841 924.678
 5861.82 2371.11 2204.98 105.927 144.112
 54068.2 523.108 130.11 117.118 13.2571
 10685.5 36230.5 245.29 59.6254 59.6735
 1174.3 875.983 1840.21 12.0663 5.85826
 11663.6 1255.37 660.614 1357.18 13.2036
 28670.6 1081.55 61.2037 30.8192 63.7808
 7429.96 932.018 19.5264 1.06151 1.63708
 40453.3 7239.83 653.63 13.4105 1.85122
 28485.4 8985.87 1039.17 91.1526 2.12504
 32342.4 9469.48 1936.73 217.676 19.5091
 21531.5 4018.55 670.863 132.084 16.1428
 95573.1 1991.39 221.912 35.7823 7.89133
 5441.34 22856.2 326.368 35.4868 6.9748
 101401 1516.99 4476.54 62.4834 8.11937
 66505.7 47677.8 508.186 1467.42 23.1169
 41760.2 22878.4 11426.1 118.978 348.537
 65355.7 10361.9 3931.96 1917.58 78.357
 100507 26134.9 2933.28 1088.66 551.972
 5816.74 24335.6 4432.2 486.154 271.576
 34246.7 1883.09 5654.52 1008.25 172.172
 24313.1 14074.8 559.863 1646.84 343.409
 7983.32 8942.15 3734.8 145.501 516.661
 31749.2 3315.48 2685.06 1098.52 194.538
 28607.1 8705.07 655.368 519.785 250.034
 3512.58 11274.2 2510.88 185.33 217.462
 3552.74 2650.95 6229.53 1360.27 217.976
 31838.3 1405.75 744.447 1711.34 433.053
F
 0.15953 0.214568 0.218536 0.218749 0.21876
 0.394065 0.530018 0.53982 0.540346 0.540374
 0.400813 0.539095 0.549065 0.5496 0.549628
 0.86232 1.15982 1.18127 1.18242 1.18248
 0.89999 1.21049 1.23288 1.23408 1.23414
 0.339349 0.456425 0.464866 0.465319 0.465343
 0.871627 1.17234 1.19402 1.19518 1.19525
 0.288736 0.38835 0.395533 0.395918 0.395938
 1.46583 1.97154 2.008 2.00996 2.01006
 1.29289 1.73894 1.7711 1.77282 1.77292
 0.21603 0.290561 0.295934 0.296223 0.296238
 0.688941 0.926628 0.943765 0.944685 0.944733
 0.662114 0.890545 0.907014 0.907898 0.907944
 1.1728 1.57742 1.6066 1.60816 1.60824
 1.01151 1.36048 1.38564 1.38699 1.38707
 0.449621 0.604742 0.615926 0.616526 0.616558
 0.342051 0.460059 0.468568 0.469024 0.469048
 0.274168 0.368756 0.375576 0.375942 0.375961
 0.374652 0.503909 0.513228 0.513728 0.513754
 0.404148 0.54358 0.553633 0.554172 0.554201
 0.304188 0.409134 0.4167 0.417106 0.417128
 0.35671 0.479775 0.488648 0.489124 0.489149
 0.246994 0.332208 0.338352 0.338681 0.338699
 0.209791 0.28217 0.287388 0.287668 0.287683
 0.222752 0.299602 0.305142 0.30544 0.305455
 0.212102 0.285278 0.290554 0.290837 0.290852
 0.228594 0.30746 0.313146 0.313451 0.313467
 0.158198 0.212777 0.216712 0.216923 0.216934
 0.150239 0.202072 0.205809 0.206009 0.20602
 0.29342 0.394651 0.401949 0.402341 0.402361
 0.334393 0.449759 0.458077 0.458523 0.458547
YTP_r0W_actual
 270626 22913.7 21514.5 59554.5 16542.6
YTP_p0W_proyectada
 386776 313511 14077.2 9194.14 29988.5
CTP_r0_actual
 31838.3 1405.75 744.447 1711.34 433.053
CTP_p0_proyectada
 51432.9 19448.6 602.106 311.666 882.015
Wmedp
 7.52 16.12 23.38 29.5 34
Frms_r0
 0.334393 0.449759 0.458077 0.458523 0.458547
Zrms_r0
 1.33439 1.44976 1.45808 1.45852 1.45855
nmprior
 8.19 8.8 8.5 0
nm_flota  nm_reclas  nm_pelaces    nm_pelaL
inf 15.3115 8.00598 14.943
cv_recla  cv_pelaces  cv_mph
0.313832 0.828511 1.27594
 ------------------------------------------------
Talla a la edad & desviaci?n 
 8 13.2811 15.8009 17.003 17.5766
 0.8 1.32811 1.58009 1.7003 1.75766
