years
 1991 1992 1993 1994 1995 1996 1997 1998 1999 2000 2001 2002 2003 2004 2005 2006 2007 2008 2009 2010 2011 2012 2013 2014 2015 2016 2017 2018 2019 2020 2021
reclasobs
 0 0 0 0 0 0 0 0 0 252601 567819 844713 477998 351125 339783 2.1784e+06 2.13404e+06 4.81314e+06 1.55562e+06 2.62356e+06 3.21686e+06 3.843e+06 1.13348e+06 3.07943e+06 1.97215e+06 2.03268e+06 2.025e+06 2.42433e+06 2.27542e+06 1.05018e+06 2.36338e+06
reclaspred
 2.78423e+06 1.48406e+06 719426 405535 215937 1.34525e+06 588875 357882 260061 213377 395721 610393 594873 414322 363830 1.62599e+06 1.29273e+06 3.67807e+06 2.9789e+06 1.97305e+06 3.63271e+06 3.01576e+06 2.05474e+06 3.37122e+06 2.36793e+06 1.90579e+06 2.58843e+06 3.14981e+06 2.40597e+06 1.21384e+06 1.76703e+06
pelacesobs
 0 0 0 0 0 0 0 0 0 0 0 0 0 0 0 552880 188675 0 991730 2.46772e+06 1.41603e+06 1.21717e+06 2.29649e+06 1.80582e+06 0 1.4828e+06 1.56532e+06 1.57751e+06 1.42118e+06 867257 1.10002e+06
pelacespred
 829226 463120 212261 86570.2 51479 397822 129284 115880 65643.9 52132.3 117875 151165 164490 113089 101585 419857 335639 1.1492e+06 926659 564345 1.0513e+06 896870 619735 1.14547e+06 760485 612879 961384 1.14378e+06 724059 418344 590681
mphobs
 0 0 0 0 0 0 0 0 0 0 0 498337 0 5186 125008 0 168611 109162 213762 579715 649985 157893 87575 83554 0 0 0 0 0 0 0
mphpred
 450151 263961 124109 61550.4 27223.8 19536.4 122398 43715.2 28380 15740.9 13785.9 45331.2 53236.9 41165.7 21981.7 26368.6 184037 136014 367839 260964 245322 328223 316339 220410 333401 254144 188618 237427 387110 232212 107264
desembarqueobs
 494567 514787 250237 358949 120608 361735 552515 73892 212993 205616 52469 317467 293654 387597 252695 516296 358380 742168 942051 627588 828172 859565 418607 520667 417249 300574 415391 372974 316634 284311 391294
desembarquepred
 494529 514783 249751 358911 120586 361609 552091 73885.3 212903 205532 52466.5 317370 293537 387260 252546 516057 358333 741850 941270 627063 827999 859188 418505 520592 417143 300489 415285 372873 316553 284226 391208
Reclutas
 106916 103957 79380.8 50701.2 31831.4 259166 44082 13941.1 27706.7 49506 71953.8 121719 95547.9 67683.4 54796 416452 44355.7 651379 340180 228485 395694 515700 62356.2 292523 213524 84880.3 256364 309867 53428.7 33764.2 202960
log_desv_Rt
 -0.0258541 -0.0539212 -0.323638 -0.771945 -1.23744 0.859575 -0.911842 -2.06306 -1.37622 -0.7958 -0.42187 0.103819 -0.138267 -0.483054 -0.694277 1.33388 -0.905654 1.7812 1.13158 0.733574 1.28275 1.54763 -0.565032 0.98065 0.665854 -0.256653 0.848703 1.03825 -0.719547 -1.17849 0.615115
SSB
 1.70523e+06 999919 470141 233160 103127 74006.5 463657 165599 107507 59628.3 52222.7 171720 201668 155941 83269.4 99887.7 697155 515238 1.39342e+06 988563 929311 1.24335e+06 1.19833e+06 834940 1.26297e+06 962730 714509 899402 1.46642e+06 879649 406328
BT
 2.34387e+06 1.57594e+06 726594 492601 218798 1.23538e+06 778482 334430 356242 313529 315806 610046 643098 660103 486712 1.3796e+06 1.05509e+06 3.3156e+06 3.0334e+06 1.87684e+06 3.10181e+06 2.86625e+06 1.79377e+06 3.13218e+06 2.14829e+06 1.68472e+06 2.64844e+06 3.01471e+06 1.93425e+06 1.25594e+06 1.7486e+06
Ftot
 0.265378 0.520347 0.526097 1.29031 0.89097 0.575206 1.28302 0.33124 1.37301 1.66678 0.275615 0.925915 0.855363 1.56311 1.29368 0.677147 0.420597 0.407345 0.526778 0.525093 0.408258 0.497022 0.308061 0.29017 0.288457 0.251748 0.3024 0.226888 0.19466 0.344928 0.42991
BD_Bspro_t
 0.958719 0.723557 0.495764 0.355673 0.19032 0.186914 0.474825 0.213787 0.197204 0.146547 0.164747 0.465696 0.373158 0.27872 0.16773 0.200162 0.50982 0.42492 0.600558 0.486068 0.428588 0.497853 0.518859 0.470757 0.603251 0.59669 0.583671 0.660518 0.740516 0.63715 0.499806
BD_Bspro
 2.17751 1.27686 0.600351 0.297736 0.131689 0.0945033 0.592071 0.211463 0.137282 0.0761429 0.0666862 0.21928 0.257522 0.19913 0.106332 0.127553 0.890238 0.657938 1.77934 1.26235 1.18669 1.5877 1.53022 1.06618 1.61276 1.22937 0.912399 1.1485 1.87256 1.12327 0.518864
BD_Bo
 1.0955 0.642383 0.302035 0.149791 0.0662526 0.0475444 0.29787 0.106386 0.0690664 0.0383074 0.0335497 0.110319 0.129559 0.100182 0.0534952 0.0641714 0.447877 0.331007 0.895183 0.635088 0.597022 0.798771 0.769851 0.536395 0.811374 0.618492 0.459026 0.577807 0.942081 0.565117 0.261039
BD_Brms
 5.24102 3.07325 1.44498 0.716619 0.316962 0.227459 1.42505 0.508968 0.330423 0.183268 0.160506 0.527783 0.619827 0.479285 0.255929 0.307005 2.14271 1.58359 4.28268 3.03835 2.85624 3.82143 3.68308 2.56619 3.88173 2.95895 2.19605 2.76431 4.50705 2.7036 1.24885
Sel_flota
 0.608533 0.967251 0.998221 0.999906 0.999995
 0.608533 0.967251 0.998221 0.999906 0.999995
 0.608533 0.967251 0.998221 0.999906 0.999995
 0.608533 0.967251 0.998221 0.999906 0.999995
 0.608533 0.967251 0.998221 0.999906 0.999995
 0.608533 0.967251 0.998221 0.999906 0.999995
 0.608533 0.967251 0.998221 0.999906 0.999995
 0.608533 0.967251 0.998221 0.999906 0.999995
 0.608533 0.967251 0.998221 0.999906 0.999995
 0.608533 0.967251 0.998221 0.999906 0.999995
 0.608533 0.967251 0.998221 0.999906 0.999995
 0.608533 0.967251 0.998221 0.999906 0.999995
 0.608533 0.967251 0.998221 0.999906 0.999995
 0.608533 0.967251 0.998221 0.999906 0.999995
 0.608533 0.967251 0.998221 0.999906 0.999995
 0.608533 0.967251 0.998221 0.999906 0.999995
 0.608533 0.967251 0.998221 0.999906 0.999995
 0.608533 0.967251 0.998221 0.999906 0.999995
 0.608533 0.967251 0.998221 0.999906 0.999995
 0.608533 0.967251 0.998221 0.999906 0.999995
 0.608533 0.967251 0.998221 0.999906 0.999995
 0.608533 0.967251 0.998221 0.999906 0.999995
 0.608533 0.967251 0.998221 0.999906 0.999995
 0.608533 0.967251 0.998221 0.999906 0.999995
 0.608533 0.967251 0.998221 0.999906 0.999995
 0.608533 0.967251 0.998221 0.999906 0.999995
 0.608533 0.967251 0.998221 0.999906 0.999995
 0.608533 0.967251 0.998221 0.999906 0.999995
 0.608533 0.967251 0.998221 0.999906 0.999995
 0.608533 0.967251 0.998221 0.999906 0.999995
 0.608533 0.967251 0.998221 0.999906 0.999995
Sel_reclas
 1 1 1 1 1
 1 1 1 1 1
 1 1 1 1 1
 1 1 1 1 1
 1 1 1 1 1
 1 1 1 1 1
 1 1 1 1 1
 1 1 1 1 1
 1 1 1 1 1
 1 1 1 1 1
 1 1 1 1 1
 1 1 1 1 1
 1 1 1 1 1
 1 1 1 1 1
 1 1 1 1 1
 1 1 1 1 1
 1 1 1 1 1
 1 1 1 1 1
 1 1 1 1 1
 1 1 1 1 1
 1 1 1 1 1
 1 1 1 1 1
 1 1 1 1 1
 1 1 1 1 1
 1 1 1 1 1
 1 1 1 1 1
 1 1 1 1 1
 1 1 1 1 1
 1 1 1 1 1
 1 1 1 1 1
 1 1 1 1 1
Sel_pelaces
 1 1 1 1 1
 1 1 1 1 1
 1 1 1 1 1
 1 1 1 1 1
 1 1 1 1 1
 1 1 1 1 1
 1 1 1 1 1
 1 1 1 1 1
 1 1 1 1 1
 1 1 1 1 1
 1 1 1 1 1
 1 1 1 1 1
 1 1 1 1 1
 1 1 1 1 1
 1 1 1 1 1
 1 1 1 1 1
 1 1 1 1 1
 1 1 1 1 1
 1 1 1 1 1
 1 1 1 1 1
 1 1 1 1 1
 1 1 1 1 1
 1 1 1 1 1
 1 1 1 1 1
 1 1 1 1 1
 1 1 1 1 1
 1 1 1 1 1
 1 1 1 1 1
 1 1 1 1 1
 1 1 1 1 1
 1 1 1 1 1
pf_obs 
 0.8446 0.082 0.0669 0.0065 0
 0.8095 0.147 0.0364 0.0071 0
 0.9664 0.0169 0.016 0.0007 0
 0.9276 0.0648 0.0075 0.0001 0
 0.7033 0.2144 0.0806 0.0017 0
 0.9318 0.0425 0.0243 0.0014 0
 0.5671 0.3108 0.0964 0.0239 0.0018
 0.0768 0.2599 0.5324 0.112 0.0189
 0.490249 0.384438 0.106611 0.0170017 0.00170017
 0.7925 0.1577 0.0466 0.003 0.0002
 0.840416 0.127587 0.0312969 0.00059994 9.999e-05
 0.8084 0.0986 0.0794 0.0134 0.0002
 0.7335 0.1905 0.0724 0.0035 0.0001
 0.4001 0.4547 0.1325 0.0127 0
 0.49795 0.308269 0.164784 0.0264974 0.00249975
 0.9179 0.0499 0.0305 0.0017 0
 0.2467 0.6533 0.0926 0.0074 0
 0.9418 0.0223 0.034 0.0019 0
 0.707729 0.231977 0.0356964 0.0245975 0
 0.517169 0.277429 0.184464 0.0207286 0.00020938
 0.811772 0.124168 0.05621 0.00726502 0.000585176
 0.764997 0.148141 0.077277 0.00933861 0.000247198
 0.163321 0.427699 0.378323 0.0303852 0.000271297
 0.753843 0.0900009 0.118128 0.0371064 0.000921714
 0.721811 0.176058 0.0630433 0.0369309 0.00215725
 0.143369 0.312575 0.442814 0.0836902 0.0175525
 0.692698 0.0596174 0.167031 0.0765114 0.00414204
 0.394062 0.376323 0.152708 0.0712218 0.00568511
 0.125707 0.32114 0.495352 0.0537591 0.00404204
 0.23352 0.215282 0.420074 0.123614 0.00750983
 0.796117 0.104755 0.0508955 0.0450114 0.00322123
pf_pred 
 0.370974 0.214194 0.372668 0.0421626 9.86209e-07
 0.510993 0.243288 0.0856304 0.143844 0.0162439
 0.556002 0.288421 0.0790195 0.0267173 0.0498402
 0.548818 0.311322 0.0921749 0.024247 0.0234384
 0.656682 0.248233 0.0667843 0.0186718 0.00962898
 0.953227 0.0367831 0.00731972 0.00187687 0.000793252
 0.319933 0.661901 0.0144132 0.00275112 0.00100128
 0.380625 0.307487 0.304011 0.00625423 0.00162319
 0.715515 0.145696 0.0701799 0.0668797 0.0017295
 0.878844 0.102837 0.00966139 0.00438457 0.00427265
 0.870707 0.122101 0.0061665 0.00054231 0.000484165
 0.779794 0.202063 0.0171668 0.000836726 0.000139009
 0.697165 0.264162 0.035628 0.00288217 0.000163383
 0.666263 0.271902 0.0542626 0.00697736 0.000594902
 0.775294 0.184534 0.0331114 0.00619815 0.000861941
 0.964968 0.0308314 0.00348442 0.000590409 0.000125497
 0.222431 0.762281 0.0135245 0.00146359 0.0003
 0.918238 0.0267261 0.0539934 0.00092215 0.000120001
 0.539363 0.438175 0.00753114 0.014649 0.000282167
 0.533261 0.313301 0.146247 0.00241432 0.00477622
 0.742547 0.171956 0.0581453 0.0260723 0.00127903
 0.718064 0.234518 0.0320737 0.0104421 0.00490191
 0.192564 0.658491 0.124723 0.0163957 0.00782672
 0.741233 0.0734738 0.152108 0.0277971 0.00538794
 0.562613 0.362421 0.0218358 0.0436305 0.0095005
 0.363711 0.432852 0.169618 0.00986403 0.0239553
 0.753163 0.119799 0.0873829 0.0330735 0.00658161
 0.682384 0.26575 0.025642 0.0180485 0.00817476
 0.213158 0.612052 0.147076 0.0137145 0.0139992
 0.280811 0.219749 0.391396 0.0909396 0.017104
 0.84364 0.0626288 0.0293817 0.0504506 0.0138992
pobs_RECLAS
 0 0 0 0 0
 0 0 0 0 0
 0 0 0 0 0
 0 0 0 0 0
 0 0 0 0 0
 0 0 0 0 0
 0 0 0 0 0
 0 0 0 0 0
 0 0 0 0 0
 0 0 0 0 0
 0.991045 0.00858322 0.000360255 1.14367e-05 0
 0.934742 0.0480273 0.0164251 0.00080598 0
 0.827803 0.169806 0.00239088 0 0
 0.941827 0.0461693 0.0120037 0 0
 0.791401 0.0380133 0.147996 0.0225897 0
 0.846168 0.0940531 0.0597789 0 0
 0.134021 0.677848 0.182769 0.00536245 0
 0.80878 0.0450904 0.141981 0.00414843 0
 0.846168 0.0940531 0.0597789 0 0
 0.905697 0.0802665 0.012482 0.00150086 5.37128e-05
 0.989698 0.0102097 9.19794e-05 0 0
 0.975433 0.0193895 0.00387452 0.00125025 5.28907e-05
 0.303575 0.632131 0.0575291 0.00676475 0
 0.966965 0.00978017 0.0227588 0.000495775 0
 0.843318 0.132988 0.00938335 0.0141283 0.000182051
 0.564624 0.303363 0.111486 0.0197234 0.00080311
 0.826376 0.0876187 0.0782897 0.00655872 0.00115652
 0.89761 0.0855135 0.0140674 0.00269457 0.000114338
 0.34875 0.467042 0.161289 0.0227151 0.000203297
 0.318654 0.224769 0.449479 0.00709798 0
 0.937255 0.0296025 0.0250945 0.00804832 0
ppred_RECLAS
 0.491519 0.176881 0.297949 0.0336508 7.8704e-07
 0.63318 0.185676 0.0632012 0.105977 0.0119665
 0.673007 0.214963 0.0569535 0.019222 0.0358546
 0.677918 0.224922 0.0640794 0.0168215 0.0162588
 0.762259 0.173605 0.0450731 0.0125776 0.00648559
 0.970952 0.0230095 0.00442686 0.00113305 0.000478835
 0.445883 0.539866 0.0113126 0.00215483 0.000784173
 0.501248 0.251677 0.240846 0.00494613 0.00128358
 0.815315 0.0964385 0.0446689 0.0424788 0.00109838
 0.928064 0.0614491 0.00553709 0.00250722 0.00244293
 0.91546 0.0799795 0.00391048 0.000343309 0.000306473
 0.855253 0.133209 0.0109188 0.000531171 8.8237e-05
 0.79292 0.181443 0.0236212 0.00190724 0.000108106
 0.778795 0.181574 0.0347875 0.00446334 0.000380508
 0.855931 0.119125 0.0205672 0.00384203 0.000534231
 0.9784 0.0190881 0.00208451 0.000352556 7.49318e-05
 0.316211 0.670775 0.0115146 0.00124389 0.000254943
 0.948815 0.0171047 0.033436 0.000570045 7.41737e-05
 0.655752 0.328007 0.00545187 0.0105855 0.000203878
 0.652273 0.235975 0.106524 0.00175539 0.00347233
 0.824819 0.118301 0.0387058 0.0173251 0.000849835
 0.805957 0.162319 0.0214711 0.00697776 0.00327531
 0.278303 0.592094 0.108558 0.0142459 0.00679985
 0.824848 0.0509074 0.102025 0.0186122 0.00360729
 0.675069 0.270777 0.0157934 0.0315024 0.00685897
 0.480818 0.356847 0.135389 0.00785987 0.0190863
 0.83296 0.0824502 0.058217 0.0219962 0.00437683
 0.775791 0.188599 0.0176208 0.0123813 0.0056074
 0.303874 0.545348 0.126907 0.0118134 0.0120576
 0.391402 0.190254 0.327968 0.0760693 0.0143059
 0.898993 0.0412915 0.0187419 0.0321243 0.00884943
pobs_PELACES
 0 0 0 0 0
 0 0 0 0 0
 0 0 0 0 0
 0 0 0 0 0
 0 0 0 0 0
 0 0 0 0 0
 0 0 0 0 0
 0 0 0 0 0
 0 0 0 0 0
 0 0 0 0 0
 0 0 0 0 0
 0 0 0 0 0
 0 0 0 0 0
 0 0 0 0 0
 0 0 0 0 0
 0 0 0 0 0
 0.505614 0.472636 0.0217494 0 0
 0 0 0 0 0
 0.443492 0.261883 0.143347 0.151278 0
 0.227955 0.32914 0.350689 0.0885471 0.00366901
 0.970185 0.0296113 0.000203453 0 0
 0.997202 0.00247181 0.000326279 0 0
 0.445219 0.490057 0.0546422 0.010081 0
 0.90214 0.0892962 0.00764917 0.000914606 0
 0 0 0 0 0
 0.581667 0.319106 0.0959925 0.00289975 0.000334073
 0.762889 0.0836404 0.116647 0.0363945 0.000428098
 0.88444 0.0763242 0.0277011 0.0115352 0
 0.521256 0.241999 0.230069 0.00667565 0
 0.616807 0.101726 0.260614 0.0208532 0
 0.833518 0.0704572 0.0857862 0.0102388 0
ppred_PELACES
 0.499816 0.174304 0.292813 0.0330659 7.73354e-07
 0.647986 0.178666 0.0604926 0.101406 0.0114502
 0.686969 0.206174 0.054332 0.0183319 0.0341937
 0.711154 0.202528 0.0569433 0.0149375 0.0144373
 0.781267 0.160123 0.0411959 0.01149 0.00592461
 0.972845 0.0215368 0.00411924 0.00105398 0.000445411
 0.48373 0.503162 0.0104061 0.00198075 0.000720797
 0.511468 0.246933 0.235508 0.00483562 0.00125489
 0.839474 0.0844005 0.0385484 0.0366304 0.000947115
 0.940316 0.0511119 0.00452782 0.00204832 0.0019957
 0.917963 0.0776238 0.00378462 0.000332209 0.000296561
 0.868387 0.121213 0.00984198 0.000478539 7.94918e-05
 0.809221 0.167341 0.0215957 0.00174287 9.87865e-05
 0.809468 0.156844 0.0295734 0.00379106 0.00032318
 0.87406 0.104375 0.0177839 0.00331971 0.000461585
 0.980046 0.0176474 0.00191389 0.000323576 6.87711e-05
 0.327092 0.660156 0.0112837 0.00121866 0.000249769
 0.951236 0.0163411 0.0318106 0.00054221 7.0551e-05
 0.669747 0.314755 0.00520351 0.0101003 0.00019453
 0.666619 0.226631 0.101758 0.00167636 0.00331596
 0.831885 0.113685 0.0370408 0.016576 0.000813083
 0.81512 0.154784 0.0203707 0.00661832 0.00310655
 0.285803 0.586275 0.107153 0.0140592 0.00671065
 0.830055 0.049499 0.0989083 0.0180408 0.00349651
 0.682624 0.264615 0.0153886 0.03069 0.00668204
 0.488464 0.351877 0.13316 0.00772941 0.0187694
 0.838097 0.0800416 0.0563419 0.0212841 0.00423511
 0.780493 0.184714 0.0172179 0.0120967 0.00547844
 0.308863 0.541675 0.125802 0.0117093 0.0119513
 0.401759 0.187475 0.322041 0.0746801 0.0140445
 0.903756 0.0394506 0.0178278 0.0305502 0.0084157
pobs_pel_tallas
 0 0 0 0 0 0 0 0 0 0 0 0 0 0 0 0 0 0 0 0 0 0 0 0 0 0
 0 0 0 0 0 0 0 0 0 0 0 0 0 0 0 0 0 0 0 0 0 0 0 0 0 0
 0 0 0 0 0 0 0 0 0 0 0 0 0 0 0 0 0 0 0 0 0 0 0 0 0 0
 0 0 0 0 0 0 0 0 0 0 0 0 0 0 0 0 0 0 0 0 0 0 0 0 0 0
 0 0 0 0 0 0 0 0 0 0 0 0 0 0 0 0 0 0 0 0 0 0 0 0 0 0
 0 0 0 0 0 0 0 0 0 0 0 0 0 0 0 0 0 0 0 0 0 0 0 0 0 0
 0 0 0 0 0 0 0 0 0 0 0 0 0 0 0 0 0 0 0 0 0 0 0 0 0 0
 0 0 0 0 0 0 0 0 0 0 0 0 0 0 0 0 0 0 0 0 0 0 0 0 0 0
 0 0 0 0 0 0 0 0 0 0 0 0 0 0 0 0 0 0 0 0 0 0 0 0 0 0
 0 0 0 0 0 0 0 0 0 0 0 0 0 0 0 0 0 0 0 0 0 0 0 0 0 0
 0 0 0 0 0 0 0 0 0 0 0 0 0 0 0 0 0 0 0 0 0 0 0 0 0 0
 0 0 0 0 0 0 0 0 0 0 0 0 0 0 0 0 0 0 0 0 0 0 0 0 0 0
 0.00862536 0 0 0.000197151 0.00414017 0.0128641 0.00837892 0.0270097 0.101434 0.158115 0.152841 0.127902 0.109271 0.109419 0.0830992 0.0579132 0.0238553 0.00714673 0.00463305 0.00128148 0.00103504 0.000492878 0.000147863 0.000147863 4.92878e-05 0
 0 0 0 0 0 0 0 0 0 0 0 0 0 0 0 0 0 0 0 0 0 0 0 0 0 0
 0 0 0 0 0 0 0 0.0054083 0.00873648 0.0413646 0.0450493 0.0745869 0.0622846 0.0627006 0.0613931 0.0827291 0.12552 0.122667 0.0946155 0.0697135 0.0546179 0.0294188 0.0215738 0.0213955 0.0102223 0.00600262
 0 0 0 0 0.00359764 0.0251062 0.0480494 0.140153 0.205849 0.193036 0.1447 0.116669 0.0760912 0.0342217 0.00950174 0.001854 0.000860785 0 0 0 0.000165536 0 0.000143464 0 0 0
 0 0 0 0 0 0 0 0.000145254 0.000435761 0.0275982 0.070085 0.0708112 0.156366 0.174668 0.174014 0.160142 0.0824315 0.0480064 0.0283245 0.00493863 0.00203355 0 0 0 0 0
 0 0 0 0 0 0 0 0 0 0 0 0 0 0 0 0 0 0 0 0 0 0 0 0 0 0
 0 0 1.00437e-05 0.000401748 0.00122533 0.00171747 0.00176769 0.0269171 0.070346 0.194647 0.189555 0.159765 0.064822 0.0314167 0.0384472 0.0292271 0.0345202 0.0313363 0.0194345 0.0106764 0.0143323 0.0359363 0.0279516 0.0138201 0.00172751 0
 0 0.0021121 0.0136068 0.0755702 0.200478 0.177729 0.0527432 0.0373336 0.0318909 0.0142505 0.0149659 0.0166563 0.0217959 0.0798694 0.0677717 0.0528807 0.04013 0.0224614 0.0357745 0.0225083 0.00881397 0.00855152 0.00135912 0.000746735 0 0
 0 0 0 0 5.4009e-05 0.00500934 0.000945158 0.0243581 0.138947 0.33067 0.221406 0.137944 0.0707744 0.0437923 0.0131692 0.00525238 0.0047753 0.00276346 9.45158e-05 9.00151e-06 2.25038e-05 9.00151e-06 4.50075e-06 0 0 0
 0.000866109 0.00284123 0.00948549 0.0512746 0.133035 0.25785 0.225252 0.132002 0.0553304 0.0519788 0.0540692 0.017754 0.00435017 0.00159236 0.00146478 0.000404838 0.000125132 0.000115318 0.000107957 0.000100596 0 0 0 0 0 0
 0 0 0 0 0.00144013 0.00171154 0.00461396 0.0210425 0.0478622 0.0707936 0.0888783 0.103762 0.0637923 0.0337046 0.0602308 0.124433 0.169614 0.0934646 0.0462172 0.0250306 0.0313229 0.00938855 0.002487 0.000210481 0 0
 0 0.00764035 0.051015 0.0998891 0.058973 0.0496711 0.0374665 0.0718981 0.12319 0.153886 0.159021 0.0857701 0.0377988 0.023471 0.0147837 0.00900784 0.00315554 0.000888139 0.00291439 0.00214683 0.00393193 0.00274676 0.000635225 9.99891e-05 0 0
 0 0 0 0 0 0 0 0 0 0 0 0 0 0 0 0 0 0 0 0 0 0 0 0 0 0
 0 0 0 0 0 0 0 0 0 0 0 0 0 0 0 0 0 0 0 0 0 0 0 0 0 0
 0 0 0 0 0 0 0 0 0 0 0 0 0 0 0 0 0 0 0 0 0 0 0 0 0 0
 0 0 0 0 0 0 0 0 0 0 0 0 0 0 0 0 0 0 0 0 0 0 0 0 0 0
 0 0 0 0 0 0 0 0 0 0 0 0 0 0 0 0 0 0 0 0 0 0 0 0 0 0
 0 0 0 0 0 0 0 0 0 0 0 0 0 0 0 0 0 0 0 0 0 0 0 0 0 0
 0 0 0 0 0 0 0 0 0 0 0 0 0 0 0 0 0 0 0 0 0 0 0 0 0 0
ppred_pel_tallas
 1.11811e-16 4.11692e-05 0.000400179 0.00265933 0.012089 0.0376133 0.0801398 0.11697 0.116987 0.0802241 0.0378978 0.012916 0.00475568 0.00504387 0.00905755 0.0154226 0.0234083 0.0319249 0.0398015 0.0463654 0.0515856 0.0555877 0.0580358 0.0580529 0.0548035 0.0482169
 1.13899e-16 5.33738e-05 0.000518812 0.00344769 0.0156727 0.0487637 0.103897 0.151644 0.151661 0.103981 0.0490481 0.0164955 0.00551802 0.00505517 0.00871989 0.0144709 0.0211838 0.027401 0.0317148 0.033587 0.0336883 0.0333785 0.0337222 0.0348137 0.0358446 0.0357185
 1.09246e-16 5.65847e-05 0.000550024 0.0036551 0.0166156 0.0516973 0.110147 0.160767 0.160787 0.110245 0.0520244 0.0175609 0.00603064 0.00574453 0.00994807 0.0164271 0.0238296 0.0303414 0.034167 0.0345232 0.0321109 0.0286089 0.025599 0.0237601 0.0228085 0.021994
 1.05637e-16 5.85769e-05 0.000569388 0.00378379 0.0172006 0.0535174 0.114025 0.166427 0.166447 0.114121 0.0538387 0.0181292 0.00611726 0.00567156 0.00977279 0.0161279 0.0233797 0.0297259 0.03337 0.0334929 0.0307219 0.0266527 0.0228243 0.0199585 0.0179141 0.0161527
 1.03385e-16 6.43519e-05 0.000625524 0.00415683 0.0188963 0.0587936 0.125267 0.182833 0.182849 0.125342 0.0590475 0.01963 0.00600003 0.00465449 0.00773156 0.0127208 0.0184149 0.0233616 0.0261238 0.0260406 0.0236025 0.0200806 0.0167176 0.0141254 0.0122404 0.0106807
 1.00306e-16 8.01319e-05 0.000778911 0.00517614 0.02353 0.0732105 0.155983 0.227662 0.227664 0.155993 0.0732446 0.0236285 0.00542348 0.00131916 0.00110706 0.00170568 0.00245476 0.00309823 0.00343493 0.00337375 0.00298236 0.00243817 0.00191901 0.00151925 0.00124005 0.00103431
 1.0075e-16 3.98443e-05 0.000387301 0.00257376 0.0116999 0.0364031 0.0775625 0.113215 0.113263 0.077799 0.0371967 0.0139908 0.00831919 0.0129134 0.0237816 0.0391276 0.0560671 0.069887 0.0758136 0.0716482 0.0591123 0.0427628 0.0273795 0.0158235 0.00858108 0.00465215
 1.07557e-16 4.2129e-05 0.000409509 0.00272133 0.0123708 0.0384902 0.0820084 0.119699 0.119723 0.0821264 0.0388872 0.0135211 0.00562346 0.00679334 0.0123076 0.0206472 0.0305883 0.040222 0.0475512 0.0515239 0.0524519 0.0514144 0.0492265 0.0459217 0.0410969 0.0346331
 1.04968e-16 6.91464e-05 0.000672127 0.00446652 0.0203042 0.0631738 0.134599 0.196453 0.196461 0.134639 0.0633084 0.0206936 0.00544679 0.00282129 0.0041784 0.00687219 0.0100705 0.0130481 0.0151235 0.016009 0.0159684 0.015585 0.0153249 0.0152501 0.0150665 0.0143962
 1.00687e-16 7.74526e-05 0.000752867 0.00500307 0.0227432 0.0707626 0.150767 0.22005 0.220055 0.150791 0.0708434 0.0229764 0.00558821 0.00202968 0.00250078 0.00400768 0.00575663 0.00722096 0.00792304 0.00764786 0.00656994 0.00513836 0.00381095 0.00284197 0.00224533 0.00189495
 1.00213e-16 7.56114e-05 0.00073497 0.00488413 0.0222026 0.0690804 0.147183 0.21482 0.214828 0.14722 0.0692029 0.0225562 0.00577128 0.00266967 0.00374418 0.00605503 0.00867939 0.0108388 0.0117962 0.0112128 0.00934955 0.00689884 0.00458359 0.00283174 0.00171118 0.00106963
 1.00377e-16 7.15279e-05 0.000695277 0.00462036 0.0210035 0.0653497 0.139235 0.20322 0.203232 0.139292 0.0655411 0.0215562 0.00600706 0.00372033 0.00581036 0.00947582 0.0136037 0.0170224 0.0185886 0.0177729 0.0149725 0.0112481 0.00770272 0.00498303 0.00318748 0.00208894
 1.00858e-16 6.66545e-05 0.000647906 0.00430556 0.0195725 0.0608973 0.129749 0.189375 0.189392 0.129827 0.0611618 0.0203364 0.00622293 0.00483264 0.00801151 0.0131317 0.0188919 0.0237159 0.0260414 0.0251401 0.0215435 0.0166756 0.0120036 0.00836755 0.00587421 0.0042163
 1.01329e-16 6.66748e-05 0.000648103 0.00430687 0.0195784 0.0609159 0.129788 0.189433 0.189448 0.129862 0.0611641 0.0202956 0.00610751 0.00458052 0.00753972 0.0123711 0.0178416 0.0224906 0.0248715 0.0243076 0.021279 0.0170743 0.0130014 0.00978051 0.00746933 0.00577846
 1.00952e-16 7.19951e-05 0.000699818 0.00465054 0.0211407 0.0657766 0.140144 0.204547 0.204557 0.140194 0.0659417 0.0216177 0.00584822 0.00331506 0.00504082 0.00822468 0.0118527 0.0149286 0.0164872 0.0160802 0.0140335 0.0112146 0.00850433 0.00638798 0.00490131 0.00384031
 1.00104e-16 8.07251e-05 0.000784677 0.00521445 0.0237042 0.0737524 0.157137 0.229347 0.229349 0.157146 0.0737803 0.0237847 0.00541654 0.00122567 0.000917747 0.00138812 0.00198859 0.00249364 0.00273387 0.00263267 0.0022473 0.00172987 0.00123717 0.000858943 0.000605979 0.000443683
 1.00659e-16 2.69423e-05 0.000261888 0.00174034 0.00791139 0.0246156 0.0524485 0.0765634 0.0766269 0.0527587 0.0256567 0.0109167 0.00927743 0.0166934 0.0311688 0.0513157 0.0735205 0.0916129 0.0993239 0.0937644 0.0771945 0.0556034 0.0352815 0.0200063 0.0104369 0.00527331
 1.00989e-16 7.8352e-05 0.00076161 0.00506116 0.0230073 0.0715843 0.152518 0.222605 0.222606 0.152526 0.0716111 0.0230853 0.00525901 0.00120069 0.000933187 0.00147309 0.00224036 0.00307787 0.00387308 0.00455779 0.00511481 0.00553394 0.00576146 0.00570353 0.0052892 0.0045378
 1.01277e-16 5.51662e-05 0.000536235 0.00356347 0.0161991 0.0504014 0.107387 0.15674 0.156771 0.107535 0.0508979 0.0176322 0.0071579 0.00837315 0.0149104 0.0244882 0.0350978 0.0437758 0.0475482 0.0450577 0.0373981 0.0274267 0.0181194 0.0112256 0.00698796 0.00471524
 1.03724e-16 5.49086e-05 0.000533731 0.00354683 0.0161234 0.050166 0.106885 0.156006 0.156028 0.106992 0.0505265 0.0171662 0.00616947 0.0062755 0.0110078 0.0182359 0.0265522 0.0339839 0.0385274 0.0392081 0.0365818 0.0322181 0.0276273 0.023517 0.0198255 0.016242
 1.02899e-16 6.85213e-05 0.000666051 0.00442615 0.0201206 0.0626028 0.133382 0.194678 0.194689 0.133436 0.0627833 0.0206426 0.00573817 0.00353633 0.00553782 0.00909453 0.0132075 0.016849 0.0190188 0.0192581 0.0179023 0.015809 0.0137877 0.0121914 0.0109126 0.00966222
 1.01817e-16 6.71404e-05 0.000652629 0.00433695 0.0197151 0.0613412 0.130694 0.190756 0.19077 0.130767 0.0615859 0.020422 0.00611121 0.00452568 0.00742233 0.0121633 0.0175133 0.0220206 0.0242545 0.0235591 0.0204405 0.0162201 0.0122392 0.00923577 0.00725019 0.00593537
 1.05788e-16 2.35413e-05 0.00022883 0.00152066 0.00691273 0.0215084 0.0458279 0.0668991 0.0669556 0.0461042 0.0224362 0.00959308 0.00825039 0.0149254 0.0279509 0.0462123 0.0666621 0.0840204 0.0928975 0.0907769 0.0794748 0.0638345 0.0487677 0.03697 0.0286312 0.0226157
 1.05268e-16 6.83706e-05 0.000664586 0.00441641 0.0200764 0.062465 0.133089 0.194248 0.194253 0.133113 0.0625464 0.0203133 0.00501834 0.00200244 0.00267918 0.00450403 0.00690929 0.00958379 0.0122366 0.0147041 0.0169632 0.0189773 0.0205248 0.0212062 0.0206549 0.0187839
 1.04721e-16 5.62269e-05 0.000546545 0.00363199 0.0165105 0.0513704 0.109451 0.159752 0.159778 0.109576 0.0517884 0.0177173 0.00666017 0.00715372 0.0125951 0.0207105 0.0297809 0.0373631 0.0410247 0.0396871 0.0342968 0.0272138 0.0208105 0.0163507 0.0137998 0.0123749
 1.07885e-16 4.02342e-05 0.000391091 0.00259894 0.0118144 0.0367592 0.0783206 0.114318 0.114352 0.078487 0.0373183 0.0134311 0.00666333 0.00928444 0.0169911 0.0281843 0.0409653 0.0522832 0.059026 0.0597204 0.0553301 0.0484428 0.0415532 0.0358352 0.0311316 0.0267576
 1.04498e-16 6.9033e-05 0.000671025 0.0044592 0.0202709 0.0630703 0.134378 0.19613 0.196138 0.134416 0.0631984 0.0206421 0.00539482 0.00272614 0.00400939 0.00661742 0.00975793 0.0127619 0.0149923 0.0161569 0.0164458 0.0163177 0.0161182 0.0158546 0.0152755 0.0141276
 1.02685e-16 6.42882e-05 0.000624904 0.00415271 0.0188776 0.0587354 0.125143 0.182653 0.182671 0.12523 0.0590273 0.0197205 0.00626801 0.00524112 0.00882713 0.0144809 0.0208318 0.0261544 0.028743 0.0278272 0.024039 0.0189943 0.01433 0.0109395 0.00884662 0.00757791
 1.06966e-16 2.54407e-05 0.000247293 0.00164335 0.00747047 0.0232437 0.0495251 0.0722943 0.0723465 0.0497806 0.0241018 0.00995 0.00787087 0.0138538 0.0259011 0.0428687 0.0619579 0.0783403 0.0870825 0.0858719 0.0763357 0.0628243 0.0497022 0.0392922 0.0316719 0.0257982
 1.19208e-16 3.30924e-05 0.00032167 0.00213761 0.00971729 0.0302342 0.0644178 0.0940236 0.0940421 0.0645087 0.0305407 0.0106089 0.0043993 0.005337 0.00978762 0.0167298 0.025505 0.0350296 0.0441513 0.0522622 0.0594113 0.0657262 0.0706984 0.0730842 0.0715807 0.0657116
 1.05013e-16 7.44412e-05 0.000723595 0.00480854 0.0218589 0.0680113 0.144905 0.211494 0.211498 0.144924 0.0680743 0.0220414 0.00526836 0.00173314 0.00200929 0.00325185 0.00479513 0.00629228 0.00746027 0.00821106 0.00871027 0.00924705 0.0100059 0.0109183 0.0116945 0.0119881
pSPR Fmed_Fpbrs
0.454921   0.259024 0.259024
Fs Fmed_Fpbrs
0.521589   1.005 1.005
SSBpbr Bo_Bmed_Bpbrs
1.55658e+06  630290  325362 325362
Ro
109716
SPR SPRFo_SPRFmed_SPRFpbrs
783111 356253 202844
Fref
1.005
Nvult_r0
 145482 7625.31 3498.95 6000.87 1653.14
CTP_r0
 30167.9 2239.56 1050.67 1804.08 497.023
YTP_r0
391208
Np
 164970 32923.5 7998.93 329.71 168.392
Nvult_p0
 132046 28341.7 6919.86 285.307 145.717
CTP_p0
 50110.1 24389.2 1058.88 477.956 1014.99
 50110.1 13970.3 3465.48 143.002 73.0398
YTP_p0
 830370 681066
CBA_c0
785578
log_Ro
11.4256
likeval ReclasPelacesDesembMPH_pf_preclas_ppelaces_ptallas_desvR_qrecl_qpela
 10.93 39.9347 0.0443013 0.000906143 246.226 116.606 101.918 0 40.3017 7.45097e-06 0 0.0797498 0 0 0
q_reclas_q_pelaces
1.47227 1
M
1
N
 106916 40351 68249.5 7709.93 0.180325
 103957 33466.6 11483.7 19264.5 2175.33
 79380.8 27863.7 7442.77 2513.07 4687.72
 50701.2 21202.3 6162.34 1619.44 1565.36
 31831.4 8505.83 2239.05 625.276 322.433
 259166 6809.16 1321.75 338.465 143.041
 44082 67184.2 1436.06 273.837 99.6589
 13941.1 7428.28 7145.17 146.778 38.091
 27706.7 4192.38 1983.58 1888.51 48.8342
 49506 4420.08 408.7 185.322 180.583
 71953.8 6604.84 324.315 28.4789 25.4235
 121719 22383 1861.18 90.6122 15.0529
 95547.9 25489.5 3362.59 271.701 15.4011
 67683.4 20886.7 4099.7 526.697 44.905
 54796 9618.01 1694.17 316.822 44.0563
 416452 9173.98 1012.4 171.326 36.4145
 44355.7 101464 1753.12 189.452 38.8301
 651379 12632.8 24850.6 423.819 55.1479
 340180 187019 3133.93 6087.64 117.251
 228485 90823 41333.9 681.437 1347.98
 395694 61064.6 20105.9 9002.69 441.611
 515700 113545 15135.5 4920.86 2309.87
 62356.2 140200 25828 3390.26 1618.26
 292523 19018.2 38286.5 6986.25 1354.05
 213524 90194.4 5284.25 10542.8 2295.5
 84880.3 65904.9 25102.2 1457.59 3539.55
 256364 26790.4 19005.2 7182.56 1429.22
 309867 78459.1 7356.24 5169.87 2341.41
 53428.7 99292.8 23176.1 2157.75 2202.37
 33764.2 17459.6 30258.8 7020.3 1320.29
 202960 10069.4 4600.93 7889.04 2173.27
pred_Ctot
 10212.2 5896.35 10258.8 1160.66 0.0271484
 18300 8712.78 3066.65 5151.44 581.737
 14108.8 7318.82 2005.16 677.963 1264.72
 18559.1 10527.9 3117.04 819.952 792.608
 8797.04 3325.39 894.657 250.131 128.992
 49776.5 1920.77 382.228 98.0078 41.4227
 16070.5 33247.9 723.988 138.191 50.2952
 1635.4 1321.15 1306.22 26.872 6.97423
 10600 2158.41 1039.68 990.787 25.6217
 21602.8 2527.83 237.486 107.777 105.026
 7119.9 998.435 50.4244 4.43455 3.95909
 34680 8986.41 763.464 37.2119 6.18219
 25558.7 9684.41 1306.15 105.663 5.98975
 28306.6 11551.9 2305.38 296.438 25.2748
 20095.6 4783.12 858.246 160.656 22.3415
 91919 2936.88 331.912 56.24 11.9543
 6464.76 22155 393.075 42.5379 8.71923
 92241.8 2684.77 5423.92 92.6348 12.0547
 60530.4 49174.6 845.188 1643.99 31.6664
 40542.1 23819.2 11118.7 183.553 363.12
 56147.4 13002.4 4396.64 1971.45 96.7132
 87198.1 28478.8 3894.88 1268.04 595.263
 6841.77 23396.1 4431.37 582.538 278.082
 30365 3009.89 6231.18 1138.72 220.72
 22043.1 14199.6 855.521 1709.44 372.228
 7716.96 9183.93 3598.82 209.288 508.265
 27649.9 4398.03 3207.98 1214.18 241.622
 25546.5 9948.91 959.96 675.684 306.039
 3809.52 10938.5 2628.53 245.103 250.192
 4110.69 3216.83 5729.5 1331.23 250.38
 30167.9 2239.56 1050.67 1804.08 497.023
F
 0.161491 0.256687 0.264906 0.265353 0.265377
 0.316648 0.503307 0.519422 0.520299 0.520345
 0.320147 0.508868 0.525161 0.526048 0.526095
 0.785198 1.24806 1.28802 1.29019 1.29031
 0.542184 0.861792 0.889385 0.890886 0.890966
 0.350032 0.556369 0.574183 0.575152 0.575203
 0.780759 1.241 1.28074 1.2829 1.28301
 0.20157 0.320392 0.330651 0.331209 0.331239
 0.835518 1.32804 1.37056 1.37288 1.373
 1.01429 1.6122 1.66382 1.66663 1.66678
 0.167721 0.266589 0.275125 0.27559 0.275614
 0.563449 0.895592 0.924267 0.925828 0.92591
 0.520516 0.82735 0.853841 0.855282 0.855358
 0.951203 1.51192 1.56033 1.56296 1.5631
 0.787246 1.25131 1.29138 1.29356 1.29367
 0.412066 0.654972 0.675943 0.677084 0.677144
 0.255947 0.406823 0.419849 0.420558 0.420595
 0.247883 0.394005 0.406621 0.407307 0.407343
 0.320561 0.509526 0.525841 0.526728 0.526775
 0.319536 0.507897 0.524159 0.525044 0.52509
 0.248438 0.394888 0.407532 0.40822 0.408256
 0.302454 0.480746 0.496138 0.496976 0.49702
 0.187465 0.297973 0.307513 0.308032 0.30806
 0.176578 0.280667 0.289654 0.290142 0.290168
 0.175536 0.279011 0.287944 0.28843 0.288456
 0.153197 0.243503 0.2513 0.251724 0.251747
 0.18402 0.292496 0.301862 0.302371 0.302398
 0.138069 0.219457 0.226484 0.226866 0.226887
 0.118457 0.188285 0.194314 0.194642 0.194659
 0.2099 0.333632 0.344314 0.344896 0.344926
 0.261614 0.415831 0.429145 0.42987 0.429908
YTP_r0W_actual
 250394 31577.8 28998.4 61699.4 18539
YTP_p0W_proyectada
 375325 382178 24491.9 14037.6 34337.3
 375325 218914 80156.6 4199.98 2470.94
CTP_r0_actual
 30167.9 2239.56 1050.67 1804.08 497.023
CTP_p0_proyectada
 50110.1 24389.2 1058.88 477.956 1014.99
 50110.1 13970.3 3465.48 143.002 73.0398
Wmedp
 7.49 15.67 23.13 29.37 33.83
Frms_r0
 0.261614 0.415831 0.429145 0.42987 0.429908
Zrms_r0
 1.26161 1.41583 1.42915 1.42987 1.42991
nmprior
 8.19 8.8 8.5 0
nm_flota  nm_reclas  nm_pelaces    nm_pelaL
inf 17.1699 10.5344 21.3496
cv_recla  cv_pelaces  cv_mph
0.299044 0.716552 0.928974
 ------------------------------------------------
Talla a la edad & desviaci?n 
 8 13.2811 15.8009 17.003 17.5766
 0.8 1.32811 1.58009 1.7003 1.75766
