years
 1991 1992 1993 1994 1995 1996 1997 1998 1999 2000 2001 2002 2003 2004 2005 2006 2007 2008 2009 2010 2011 2012 2013 2014 2015 2016 2017 2018 2019 2020 2021
reclasobs
 0 0 0 0 0 0 0 0 0 252601 567819 844713 477998 351125 339783 2.1784e+06 2.13404e+06 4.81314e+06 1.55562e+06 2.62356e+06 3.21686e+06 3.843e+06 1.13348e+06 3.07943e+06 1.97215e+06 2.03268e+06 2.025e+06 2.42433e+06 2.27542e+06 1.05018e+06 2.36338e+06
reclaspred
 4.15481e+06 2.64113e+06 1.38059e+06 1.35313e+06 1.69423e+06 2.36104e+06 1.9192e+06 1.76662e+06 1.30663e+06 1.00416e+06 729040 787499 786846 675242 735354 1.25564e+06 1.83688e+06 2.77999e+06 2.52651e+06 1.93591e+06 3.34238e+06 2.76821e+06 2.68515e+06 3.29803e+06 2.92219e+06 2.77872e+06 2.78913e+06 2.65662e+06 2.90933e+06 2.04821e+06 2.97336e+06
pelacesobs
 0 0 0 0 0 0 0 0 0 0 0 0 0 0 0 552880 188675 0 991730 2.46772e+06 1.41603e+06 1.21717e+06 2.29649e+06 1.80582e+06 0 1.4828e+06 1.56532e+06 1.57751e+06 1.42118e+06 867257 1.10002e+06
pelacespred
 1.84496e+06 1.3519e+06 744676 599400 762298 1.07183e+06 908391 911352 712842 514616 405310 344631 363419 335589 381990 543288 775791 1.2522e+06 1.25791e+06 923560 1.40096e+06 1.3748e+06 1.27587e+06 1.67239e+06 1.52253e+06 1.37537e+06 1.55692e+06 1.52784e+06 1.35147e+06 1.06725e+06 1.54276e+06
mphobs
 0 0 0 0 0 0 0 0 0 0 0 498337 0 5186 125008 0 168611 109162 213762 579715 649985 157893 87575 83554 0 0 0 0 0 0 0
mphpred
 3.62489e+06 2.82754e+06 1.52147e+06 920377 1.2242e+06 1.54636e+06 1.93092e+06 1.36586e+06 1.28056e+06 939758 640037 616822 603140 547450 454736 655517 1.32924e+06 1.5996e+06 2.21365e+06 1.76699e+06 1.88263e+06 2.44305e+06 2.27428e+06 2.05919e+06 2.72762e+06 2.29393e+06 2.00954e+06 2.07756e+06 2.60657e+06 1.90626e+06 1.48872e+06
desembarqueobs
 494567 514787 250237 358949 120608 361735 552515 73892 212993 205616 52469 317467 293654 387597 252695 516296 358380 742168 942051 627588 828172 859565 418607 520667 417249 300574 415391 372974 316634 284311 391294
desembarquepred
 495268 512576 252082 359085 120596 361717 552338 73929.5 213157 205735 52509.2 317791 293752 387661 252771 516524 358570 742102 941832 627494 828842 860667 418944 520830 417276 300521 415399 373230 316778 284301 391377
Reclutas
 251777 123279 157618 329970 309011 391982 165137 115798 82907.8 101846 124788 171546 161771 125863 152245 509396 211059 696173 516428 357851 595440 717478 212224 487715 429723 223215 438199 434547 170933 172276 656392
log_desv_Rt
 -0.0166406 -0.730737 -0.485008 0.253818 0.188193 0.426032 -0.438407 -0.793333 -1.12746 -0.921722 -0.71857 -0.400333 -0.459006 -0.709992 -0.519696 0.688041 -0.193046 1.00041 0.701752 0.334931 0.844115 1.03056 -0.187542 0.644547 0.517956 -0.13705 0.537489 0.52912 -0.403913 -0.396089 0.941574
SSB
 3.62489e+06 2.82754e+06 1.52147e+06 920377 1.2242e+06 1.54636e+06 1.93092e+06 1.36586e+06 1.28056e+06 939758 640037 616822 603140 547450 454736 655517 1.32924e+06 1.5996e+06 2.21365e+06 1.76699e+06 1.88263e+06 2.44305e+06 2.27428e+06 2.05919e+06 2.72762e+06 2.29393e+06 2.00954e+06 2.07756e+06 2.60657e+06 1.90626e+06 1.48872e+06
BT
 4.93594e+06 3.77441e+06 2.08767e+06 2.14704e+06 2.22485e+06 3.58211e+06 2.79525e+06 2.69008e+06 2.13733e+06 1.5958e+06 1.19616e+06 1.30047e+06 1.37927e+06 1.49197e+06 1.58194e+06 2.34626e+06 2.47199e+06 4.80855e+06 4.65717e+06 3.14295e+06 5.21116e+06 4.79755e+06 3.81516e+06 5.98671e+06 4.47431e+06 4.07595e+06 5.43578e+06 5.1849e+06 3.62276e+06 3.12884e+06 5.85204e+06
Ftot
 0.11332 0.183294 0.172673 0.249919 0.0679556 0.145434 0.269757 0.0400343 0.154627 0.19352 0.0687661 0.375542 0.348379 0.527678 0.322594 0.384529 0.184631 0.251545 0.34777 0.303462 0.233824 0.291561 0.147943 0.149958 0.135576 0.102949 0.14149 0.13356 0.103591 0.131804 0.125317
BD_Bspro_t
 0.982032 0.877711 0.757259 0.699151 0.742721 0.814982 0.801057 0.70532 0.766573 0.743379 0.720435 0.778634 0.667998 0.596544 0.534265 0.609966 0.680158 0.705732 0.719716 0.643249 0.616327 0.66992 0.683687 0.698367 0.775521 0.786076 0.799464 0.818558 0.841264 0.800052 0.781798
BD_Bspro
 1.98094 1.5452 0.83146 0.502971 0.669005 0.845059 1.05521 0.746419 0.699803 0.513562 0.349769 0.337083 0.329606 0.299172 0.248505 0.358229 0.726409 0.874153 1.20972 0.965633 1.02883 1.33509 1.24285 1.12531 1.4906 1.2536 1.09818 1.13535 1.42445 1.04174 0.81356
BD_Bo
 1.53839 1.2 0.645708 0.390605 0.519546 0.656269 0.819474 0.579666 0.543464 0.39883 0.271629 0.261777 0.25597 0.232336 0.192988 0.278199 0.564126 0.678863 0.939464 0.749906 0.798983 1.03682 0.965195 0.873911 1.15759 0.973536 0.852841 0.881711 1.10622 0.80901 0.631807
BD_Brms
 6.53043 5.09396 2.74102 1.65811 2.20546 2.78585 3.47865 2.46067 2.30699 1.69302 1.15306 1.11124 1.08659 0.986261 0.81923 1.18095 2.3947 2.88176 3.98801 3.18333 3.39166 4.40129 4.09723 3.70973 4.91396 4.13264 3.62029 3.74284 4.69587 3.43423 2.68201
Sel_flota
 0.5 1 1 1 1
 0.5 1 1 1 1
 0.5 1 1 1 1
 0.5 1 1 1 1
 0.5 1 1 1 1
 0.5 1 1 1 1
 0.5 1 1 1 1
 0.5 1 1 1 1
 0.5 1 1 1 1
 0.5 1 1 1 1
 0.5 1 1 1 1
 0.5 1 1 1 1
 0.5 1 1 1 1
 0.5 1 1 1 1
 0.5 1 1 1 1
 0.5 1 1 1 1
 0.5 1 1 1 1
 0.5 1 1 1 1
 0.5 1 1 1 1
 0.5 1 1 1 1
 0.5 1 1 1 1
 0.5 1 1 1 1
 0.5 1 1 1 1
 0.5 1 1 1 1
 0.5 1 1 1 1
 0.5 1 1 1 1
 0.5 1 1 1 1
 0.5 1 1 1 1
 0.5 1 1 1 1
 0.5 1 1 1 1
 0.5 1 1 1 1
Sel_reclas
 0.5 1 1 1 1
 0.5 1 1 1 1
 0.5 1 1 1 1
 0.5 1 1 1 1
 0.5 1 1 1 1
 0.5 1 1 1 1
 0.5 1 1 1 1
 0.5 1 1 1 1
 0.5 1 1 1 1
 0.5 1 1 1 1
 0.5 1 1 1 1
 0.5 1 1 1 1
 0.5 1 1 1 1
 0.5 1 1 1 1
 0.5 1 1 1 1
 0.5 1 1 1 1
 0.5 1 1 1 1
 0.5 1 1 1 1
 0.5 1 1 1 1
 0.5 1 1 1 1
 0.5 1 1 1 1
 0.5 1 1 1 1
 0.5 1 1 1 1
 0.5 1 1 1 1
 0.5 1 1 1 1
 0.5 1 1 1 1
 0.5 1 1 1 1
 0.5 1 1 1 1
 0.5 1 1 1 1
 0.5 1 1 1 1
 0.5 1 1 1 1
Sel_pelaces
 0.5 1 1 1 1
 0.5 1 1 1 1
 0.5 1 1 1 1
 0.5 1 1 1 1
 0.5 1 1 1 1
 0.5 1 1 1 1
 0.5 1 1 1 1
 0.5 1 1 1 1
 0.5 1 1 1 1
 0.5 1 1 1 1
 0.5 1 1 1 1
 0.5 1 1 1 1
 0.5 1 1 1 1
 0.5 1 1 1 1
 0.5 1 1 1 1
 0.5 1 1 1 1
 0.5 1 1 1 1
 0.5 1 1 1 1
 0.5 1 1 1 1
 0.5 1 1 1 1
 0.5 1 1 1 1
 0.5 1 1 1 1
 0.5 1 1 1 1
 0.5 1 1 1 1
 0.5 1 1 1 1
 0.5 1 1 1 1
 0.5 1 1 1 1
 0.5 1 1 1 1
 0.5 1 1 1 1
 0.5 1 1 1 1
 0.5 1 1 1 1
pf_obs 
 0.8446 0.082 0.0669 0.0065 0
 0.8095 0.147 0.0364 0.0071 0
 0.9664 0.0169 0.016 0.0007 0
 0.9276 0.0648 0.0075 0.0001 0
 0.7033 0.2144 0.0806 0.0017 0
 0.9318 0.0425 0.0243 0.0014 0
 0.5671 0.3108 0.0964 0.0239 0.0018
 0.0768 0.2599 0.5324 0.112 0.0189
 0.490249 0.384438 0.106611 0.0170017 0.00170017
 0.7925 0.1577 0.0466 0.003 0.0002
 0.840416 0.127587 0.0312969 0.00059994 9.999e-05
 0.8084 0.0986 0.0794 0.0134 0.0002
 0.7335 0.1905 0.0724 0.0035 0.0001
 0.4001 0.4547 0.1325 0.0127 0
 0.49795 0.308269 0.164784 0.0264974 0.00249975
 0.9179 0.0499 0.0305 0.0017 0
 0.2467 0.6533 0.0926 0.0074 0
 0.9418 0.0223 0.034 0.0019 0
 0.707729 0.231977 0.0356964 0.0245975 0
 0.517169 0.277429 0.184464 0.0207286 0.00020938
 0.811772 0.124168 0.05621 0.00726502 0.000585176
 0.764997 0.148141 0.077277 0.00933861 0.000247198
 0.163321 0.427699 0.378323 0.0303852 0.000271297
 0.753843 0.0900009 0.118128 0.0371064 0.000921714
 0.721811 0.176058 0.0630433 0.0369309 0.00215725
 0.143369 0.312575 0.442814 0.0836902 0.0175525
 0.692698 0.0596174 0.167031 0.0765114 0.00414204
 0.394062 0.376323 0.152708 0.0712218 0.00568511
 0.125707 0.32114 0.495352 0.0537591 0.00404204
 0.23352 0.215282 0.420074 0.123614 0.00750983
 0.774587 0.0839891 0.0768558 0.0609784 0.00358967
pf_pred 
 0.287585 0.459903 0.251547 0.000935377 2.87707e-05
 0.249589 0.341409 0.264033 0.144415 0.000553523
 0.448707 0.22745 0.147337 0.113945 0.0625618
 0.673191 0.206359 0.049695 0.0321912 0.0385645
 0.544153 0.372031 0.0529239 0.0127451 0.0181464
 0.565724 0.307866 0.103167 0.0146762 0.00856646
 0.322185 0.495592 0.129182 0.0432893 0.00975271
 0.358215 0.325711 0.231101 0.060239 0.0247342
 0.35211 0.343637 0.154411 0.109559 0.0402835
 0.499638 0.266305 0.124143 0.0557827 0.0541322
 0.558196 0.299979 0.0754828 0.0351877 0.0311549
 0.600147 0.28811 0.0758719 0.0190914 0.0167796
 0.560905 0.338439 0.0725266 0.0190994 0.00902992
 0.507586 0.364097 0.0989022 0.0211945 0.00822025
 0.617721 0.27061 0.0825692 0.0224289 0.00667062
 0.818231 0.141913 0.028213 0.00860843 0.00303383
 0.392055 0.553238 0.0427124 0.00849142 0.00350403
 0.748925 0.144792 0.0967186 0.0074671 0.00209708
 0.514638 0.420044 0.037668 0.0251616 0.00248815
 0.455295 0.382339 0.140515 0.0126009 0.00924951
 0.640897 0.232256 0.0890364 0.0327221 0.00508836
 0.607425 0.311245 0.0526019 0.0201652 0.00856341
 0.270011 0.563211 0.132227 0.022347 0.0122048
 0.601879 0.17355 0.173264 0.0406776 0.0106294
 0.502033 0.378279 0.0521745 0.0520883 0.0154245
 0.343251 0.444799 0.161007 0.022207 0.0287355
 0.599959 0.207476 0.13042 0.0472089 0.0149368
 0.529758 0.356311 0.059089 0.0371435 0.0176991
 0.290405 0.497374 0.160804 0.026667 0.0247506
 0.404164 0.272684 0.226506 0.0732307 0.0234158
 0.768565 0.13542 0.0439414 0.0365001 0.015574
pobs_RECLAS
 0 0 0 0 0
 0 0 0 0 0
 0 0 0 0 0
 0 0 0 0 0
 0 0 0 0 0
 0 0 0 0 0
 0 0 0 0 0
 0 0 0 0 0
 0 0 0 0 0
 0 0 0 0 0
 0.991045 0.00858322 0.000360255 1.14367e-05 0
 0.934742 0.0480273 0.0164251 0.00080598 0
 0.827803 0.169806 0.00239088 0 0
 0.941827 0.0461693 0.0120037 0 0
 0.791401 0.0380133 0.147996 0.0225897 0
 0.846168 0.0940531 0.0597789 0 0
 0.134021 0.677848 0.182769 0.00536245 0
 0.80878 0.0450904 0.141981 0.00414843 0
 0.846168 0.0940531 0.0597789 0 0
 0.905697 0.0802665 0.012482 0.00150086 5.37128e-05
 0.989698 0.0102097 9.19794e-05 0 0
 0.975433 0.0193895 0.00387452 0.00125025 5.28907e-05
 0.303575 0.632131 0.0575291 0.00676475 0
 0.966965 0.00978017 0.0227588 0.000495775 0
 0.843318 0.132988 0.00938335 0.0141283 0.000182051
 0.564624 0.303363 0.111486 0.0197234 0.00080311
 0.826376 0.0876187 0.0782897 0.00655872 0.00115652
 0.89761 0.0855135 0.0140674 0.00269457 0.000114338
 0.34875 0.467042 0.161289 0.0227151 0.000203297
 0.318654 0.224769 0.449479 0.00709798 0
 0.937255 0.0296025 0.0250945 0.00804832 0
ppred_RECLAS
 0.288616 0.459238 0.251183 0.000934023 2.87291e-05
 0.251185 0.340683 0.263472 0.144108 0.000552346
 0.450676 0.226638 0.14681 0.113538 0.0623383
 0.675843 0.204684 0.0492916 0.0319299 0.0382515
 0.544878 0.37144 0.0528398 0.0127248 0.0181176
 0.567342 0.306719 0.102783 0.0146216 0.00853455
 0.325074 0.49348 0.128631 0.0431048 0.00971115
 0.358604 0.325514 0.230961 0.0602025 0.0247192
 0.353719 0.342783 0.154027 0.109287 0.0401835
 0.501897 0.265102 0.123582 0.0555308 0.0538878
 0.558925 0.299484 0.0753582 0.0351296 0.0311034
 0.604823 0.28474 0.0749846 0.0188682 0.0165834
 0.565294 0.335057 0.0718017 0.0189085 0.00893966
 0.515014 0.358604 0.0974103 0.0208748 0.00809625
 0.621558 0.267894 0.0817405 0.0222038 0.00660367
 0.8212 0.139595 0.0277522 0.00846782 0.00298428
 0.3941 0.551376 0.0425687 0.00846285 0.00349224
 0.751207 0.143476 0.0958395 0.00739923 0.00207802
 0.519083 0.416197 0.0373231 0.0249312 0.00246536
 0.459054 0.379701 0.139545 0.0125139 0.00918569
 0.64347 0.230592 0.0883986 0.0324877 0.00505191
 0.610865 0.308517 0.052141 0.0199885 0.00848836
 0.271336 0.562188 0.131987 0.0223064 0.0121827
 0.603511 0.172839 0.172554 0.040511 0.0105858
 0.503559 0.377121 0.0520147 0.0519288 0.0153772
 0.344274 0.444107 0.160756 0.0221724 0.0286907
 0.601492 0.206681 0.12992 0.0470279 0.0148796
 0.531253 0.355178 0.0589012 0.0370254 0.0176428
 0.291346 0.496714 0.160591 0.0266317 0.0247177
 0.405589 0.272032 0.225964 0.0730555 0.0233598
 0.76956 0.134838 0.0437526 0.0363432 0.0155071
pobs_PELACES
 0 0 0 0 0
 0 0 0 0 0
 0 0 0 0 0
 0 0 0 0 0
 0 0 0 0 0
 0 0 0 0 0
 0 0 0 0 0
 0 0 0 0 0
 0 0 0 0 0
 0 0 0 0 0
 0 0 0 0 0
 0 0 0 0 0
 0 0 0 0 0
 0 0 0 0 0
 0 0 0 0 0
 0 0 0 0 0
 0.505614 0.472636 0.0217494 0 0
 0 0 0 0 0
 0.443492 0.261883 0.143347 0.151278 0
 0.227955 0.32914 0.350689 0.0885471 0.00366901
 0.970185 0.0296113 0.000203453 0 0
 0.997202 0.00247181 0.000326279 0 0
 0.445219 0.490057 0.0546422 0.010081 0
 0.90214 0.0892962 0.00764917 0.000914606 0
 0 0 0 0 0
 0.581667 0.319106 0.0959925 0.00289975 0.000334073
 0.762889 0.0836404 0.116647 0.0363945 0.000428098
 0.88444 0.0763242 0.0277011 0.0115352 0
 0.521256 0.241999 0.230069 0.00667565 0
 0.616807 0.101726 0.260614 0.0208532 0
 0.833518 0.0704572 0.0857862 0.0102388 0
ppred_PELACES
 0.29247 0.45675 0.249823 0.000928963 2.85735e-05
 0.256917 0.338075 0.261455 0.143005 0.000548118
 0.457739 0.223724 0.144923 0.112078 0.0615368
 0.684811 0.199021 0.047928 0.0310466 0.0371932
 0.547657 0.369171 0.0525171 0.0126471 0.0180069
 0.573222 0.30255 0.101386 0.0144229 0.00841856
 0.334914 0.486285 0.126755 0.0424764 0.00956956
 0.360124 0.324742 0.230413 0.0600598 0.0246606
 0.359573 0.339679 0.152632 0.108297 0.0398195
 0.509878 0.260854 0.121602 0.054641 0.0530243
 0.561721 0.297586 0.0748806 0.034907 0.0309063
 0.619533 0.274141 0.0721934 0.0181658 0.0159661
 0.579362 0.324213 0.0694779 0.0182966 0.00865034
 0.53672 0.342555 0.0930508 0.0199405 0.00773391
 0.633995 0.25909 0.0790542 0.0214741 0.00638665
 0.830327 0.13247 0.0263356 0.00803557 0.00283194
 0.401398 0.544735 0.042056 0.00836092 0.00345018
 0.758883 0.139049 0.0928826 0.00717094 0.00201391
 0.533388 0.403817 0.0362129 0.0241896 0.00239203
 0.47151 0.370958 0.136332 0.0122258 0.00897417
 0.652271 0.2249 0.0862164 0.0316857 0.00492719
 0.622238 0.299501 0.0506171 0.0194043 0.00824028
 0.276189 0.558444 0.131108 0.0221579 0.0121015
 0.609416 0.170265 0.169984 0.0399076 0.0104281
 0.50915 0.372873 0.0514288 0.0513439 0.015204
 0.348119 0.441503 0.159814 0.0220424 0.0285225
 0.607074 0.203785 0.1281 0.0463692 0.0146712
 0.536737 0.351023 0.0582121 0.0365922 0.0174364
 0.294888 0.494232 0.159788 0.0264986 0.0245942
 0.410843 0.269627 0.223967 0.0724098 0.0231533
 0.773206 0.132704 0.0430602 0.0357682 0.0152617
pobs_pel_tallas
 0 0 0 0 0 0 0 0 0 0 0 0 0 0 0 0 0 0 0 0 0 0 0 0 0 0
 0 0 0 0 0 0 0 0 0 0 0 0 0 0 0 0 0 0 0 0 0 0 0 0 0 0
 0 0 0 0 0 0 0 0 0 0 0 0 0 0 0 0 0 0 0 0 0 0 0 0 0 0
 0 0 0 0 0 0 0 0 0 0 0 0 0 0 0 0 0 0 0 0 0 0 0 0 0 0
 0 0 0 0 0 0 0 0 0 0 0 0 0 0 0 0 0 0 0 0 0 0 0 0 0 0
 0 0 0 0 0 0 0 0 0 0 0 0 0 0 0 0 0 0 0 0 0 0 0 0 0 0
 0 0 0 0 0 0 0 0 0 0 0 0 0 0 0 0 0 0 0 0 0 0 0 0 0 0
 0 0 0 0 0 0 0 0 0 0 0 0 0 0 0 0 0 0 0 0 0 0 0 0 0 0
 0 0 0 0 0 0 0 0 0 0 0 0 0 0 0 0 0 0 0 0 0 0 0 0 0 0
 0 0 0 0 0 0 0 0 0 0 0 0 0 0 0 0 0 0 0 0 0 0 0 0 0 0
 0 0 0 0 0 0 0 0 0 0 0 0 0 0 0 0 0 0 0 0 0 0 0 0 0 0
 0 0 0 0 0 0 0 0 0 0 0 0 0 0 0 0 0 0 0 0 0 0 0 0 0 0
 0.00862536 0 0 0.000197151 0.00414017 0.0128641 0.00837892 0.0270097 0.101434 0.158115 0.152841 0.127902 0.109271 0.109419 0.0830992 0.0579132 0.0238553 0.00714673 0.00463305 0.00128148 0.00103504 0.000492878 0.000147863 0.000147863 4.92878e-05 0
 0 0 0 0 0 0 0 0 0 0 0 0 0 0 0 0 0 0 0 0 0 0 0 0 0 0
 0 0 0 0 0 0 0 0.0054083 0.00873648 0.0413646 0.0450493 0.0745869 0.0622846 0.0627006 0.0613931 0.0827291 0.12552 0.122667 0.0946155 0.0697135 0.0546179 0.0294188 0.0215738 0.0213955 0.0102223 0.00600262
 0 0 0 0 0.00359764 0.0251062 0.0480494 0.140153 0.205849 0.193036 0.1447 0.116669 0.0760912 0.0342217 0.00950174 0.001854 0.000860785 0 0 0 0.000165536 0 0.000143464 0 0 0
 0 0 0 0 0 0 0 0.000145254 0.000435761 0.0275982 0.070085 0.0708112 0.156366 0.174668 0.174014 0.160142 0.0824315 0.0480064 0.0283245 0.00493863 0.00203355 0 0 0 0 0
 0 0 0 0 0 0 0 0 0 0 0 0 0 0 0 0 0 0 0 0 0 0 0 0 0 0
 0 0 1.00437e-05 0.000401748 0.00122533 0.00171747 0.00176769 0.0269171 0.070346 0.194647 0.189555 0.159765 0.064822 0.0314167 0.0384472 0.0292271 0.0345202 0.0313363 0.0194345 0.0106764 0.0143323 0.0359363 0.0279516 0.0138201 0.00172751 0
 0 0.0021121 0.0136068 0.0755702 0.200478 0.177729 0.0527432 0.0373336 0.0318909 0.0142505 0.0149659 0.0166563 0.0217959 0.0798694 0.0677717 0.0528807 0.04013 0.0224614 0.0357745 0.0225083 0.00881397 0.00855152 0.00135912 0.000746735 0 0
 0 0 0 0 5.4009e-05 0.00500934 0.000945158 0.0243581 0.138947 0.33067 0.221406 0.137944 0.0707744 0.0437923 0.0131692 0.00525238 0.0047753 0.00276346 9.45158e-05 9.00151e-06 2.25038e-05 9.00151e-06 4.50075e-06 0 0 0
 0.000866109 0.00284123 0.00948549 0.0512746 0.133035 0.25785 0.225252 0.132002 0.0553304 0.0519788 0.0540692 0.017754 0.00435017 0.00159236 0.00146478 0.000404838 0.000125132 0.000115318 0.000107957 0.000100596 0 0 0 0 0 0
 0 0 0 0 0.00144013 0.00171154 0.00461396 0.0210425 0.0478622 0.0707936 0.0888783 0.103762 0.0637923 0.0337046 0.0602308 0.124433 0.169614 0.0934646 0.0462172 0.0250306 0.0313229 0.00938855 0.002487 0.000210481 0 0
 0 0.00764035 0.051015 0.0998891 0.058973 0.0496711 0.0374665 0.0718981 0.12319 0.153886 0.159021 0.0857701 0.0377988 0.023471 0.0147837 0.00900784 0.00315554 0.000888139 0.00291439 0.00214683 0.00393193 0.00274676 0.000635225 9.99891e-05 0 0
 0 0 0 0 0 0 0 0 0 0 0 0 0 0 0 0 0 0 0 0 0 0 0 0 0 0
 0 0 0 0 0 0 0 0 0 0 0 0 0 0 0 0 0 0 0 0 0 0 0 0 0 0
 0 0 0 0 0 0 0 0 0 0 0 0 0 0 0 0 0 0 0 0 0 0 0 0 0 0
 0 0 0 0 0 0 0 0 0 0 0 0 0 0 0 0 0 0 0 0 0 0 0 0 0 0
 0 0 0 0 0 0 0 0 0 0 0 0 0 0 0 0 0 0 0 0 0 0 0 0 0 0
 0 0 0 0 0 0 0 0 0 0 0 0 0 0 0 0 0 0 0 0 0 0 0 0 0 0
 0 0 0 0 0 0 0 0 0 0 0 0 0 0 0 0 0 0 0 0 0 0 0 0 0 0
ppred_pel_tallas
 1.07425e-16 2.40905e-05 0.000234168 0.00155613 0.00707397 0.02201 0.0468962 0.0684557 0.0685 0.0471128 0.0227381 0.00918051 0.00685712 0.0118499 0.0222117 0.0370112 0.0540722 0.0695585 0.0794874 0.0818776 0.0777237 0.0699518 0.0613166 0.0530169 0.044872 0.0364117
 1.22066e-16 2.1162e-05 0.000205702 0.00136696 0.00621403 0.0193343 0.0411951 0.0601323 0.0601653 0.0413563 0.0198768 0.00778585 0.00533116 0.00892208 0.0167603 0.0281638 0.0417268 0.0549338 0.0652149 0.0714115 0.0743145 0.0757154 0.0767841 0.0771745 0.0754749 0.0704183
 1.25894e-16 3.77034e-05 0.00036649 0.00243546 0.0110713 0.0344469 0.0733936 0.107125 0.107146 0.0735001 0.0348054 0.0121097 0.00505374 0.00612127 0.0110843 0.0185795 0.02752 0.0362592 0.0431888 0.047716 0.050611 0.0533146 0.0567391 0.0605353 0.063316 0.0635235
 1.10842e-16 5.6407e-05 0.000548296 0.00364362 0.0165634 0.051535 0.109801 0.160262 0.160282 0.109895 0.0518507 0.0174759 0.00593661 0.00556249 0.00960544 0.015862 0.023021 0.0293436 0.0331218 0.033637 0.0316086 0.0286887 0.0263996 0.0253367 0.0251101 0.0248523
 1.05926e-16 4.51099e-05 0.000438484 0.00291388 0.0132461 0.0412138 0.0878116 0.128171 0.128207 0.0879855 0.0417976 0.0149326 0.00714731 0.00968092 0.0176009 0.0290341 0.0418407 0.0526643 0.0581173 0.0566534 0.049492 0.0397835 0.0307093 0.0239909 0.0196694 0.0168536
 1.05875e-16 4.72156e-05 0.000458953 0.0030499 0.0138644 0.0431375 0.0919102 0.134152 0.134181 0.0920532 0.0436179 0.0152531 0.00654018 0.00809313 0.0145895 0.0241586 0.0350622 0.0446457 0.0502147 0.0505003 0.0463556 0.0400577 0.0338185 0.0287051 0.0246079 0.0209258
 1.09662e-16 2.75865e-05 0.000268151 0.00178196 0.00810056 0.0252041 0.0537017 0.0783891 0.078436 0.0539313 0.0259752 0.010329 0.0073805 0.0125063 0.0233188 0.0386354 0.0559562 0.0710087 0.0794414 0.0792442 0.0718951 0.0612301 0.0509944 0.0430201 0.0371069 0.0321172
 1.16929e-16 2.9663e-05 0.000288335 0.00191609 0.00871029 0.0271011 0.057743 0.0842842 0.0843158 0.0578976 0.0276211 0.010216 0.00571068 0.00862192 0.0160039 0.0267976 0.0395094 0.0516017 0.0604715 0.0648956 0.0656158 0.0644964 0.0629946 0.0612508 0.0583904 0.0535167
 1.22091e-16 2.96176e-05 0.000287894 0.00191316 0.00869696 0.0270596 0.0576547 0.0841555 0.0841885 0.0578157 0.0276011 0.0102635 0.00585579 0.00892986 0.0165475 0.0275913 0.040421 0.0522984 0.0604795 0.0638065 0.0633724 0.0616008 0.0604823 0.0603867 0.0601984 0.0583632
 1.18029e-16 4.19981e-05 0.000408236 0.00271287 0.0123323 0.0383706 0.0817537 0.119327 0.119352 0.0818773 0.0387864 0.0135354 0.00574073 0.00704497 0.0127267 0.0211879 0.0310327 0.0401367 0.0463826 0.0488722 0.0484437 0.0469755 0.0460393 0.0459816 0.046004 0.0449328
 1.10968e-16 4.62682e-05 0.000449744 0.00298871 0.0135862 0.042272 0.090066 0.13146 0.131489 0.0902065 0.042744 0.0149503 0.00641601 0.00794301 0.0143117 0.0236793 0.0343301 0.0436594 0.0490572 0.0493689 0.0455822 0.0401049 0.0352226 0.0319462 0.029931 0.0281887
 1.06678e-16 5.10302e-05 0.000496032 0.00329631 0.0149845 0.0466226 0.0993354 0.144988 0.145015 0.0994648 0.0470573 0.0162409 0.00645277 0.00739615 0.0131839 0.0217895 0.0315606 0.0400651 0.0448558 0.0448112 0.0407796 0.034939 0.0294101 0.0252208 0.0222315 0.0197513
 1.05387e-16 4.77214e-05 0.000463869 0.00308257 0.0140129 0.0435997 0.0928948 0.135589 0.135621 0.0930477 0.0441132 0.0154967 0.00680904 0.00860541 0.0155296 0.0256497 0.0370666 0.0468703 0.0521211 0.0514614 0.0459013 0.0380773 0.0306112 0.0248606 0.0207923 0.0176753
 1.06082e-16 4.42089e-05 0.000429727 0.00285569 0.0129816 0.0403906 0.0860577 0.125611 0.125644 0.0862194 0.0409338 0.0145515 0.00679996 0.00905186 0.0164538 0.0272221 0.0394222 0.0500193 0.0559353 0.0557355 0.0504382 0.042728 0.0352436 0.0293058 0.0248323 0.0210933
 1.05582e-16 5.22214e-05 0.00050761 0.00337325 0.0153343 0.0477109 0.101654 0.148372 0.148397 0.101776 0.0481221 0.0165229 0.0063602 0.00703969 0.0124919 0.0206584 0.0299644 0.0381241 0.0428337 0.0430236 0.0394553 0.034117 0.028931 0.0248086 0.021613 0.0187558
 1.0208e-16 6.8393e-05 0.000664804 0.00441786 0.0200829 0.0624856 0.133133 0.194314 0.194326 0.133195 0.0626953 0.020689 0.00593973 0.00398929 0.00638877 0.0104711 0.0151184 0.0190991 0.0212059 0.0208833 0.0185481 0.0152866 0.0121821 0.00980043 0.0081338 0.00688188
 1.02776e-16 3.30627e-05 0.000321381 0.00213569 0.00970859 0.0302073 0.0643618 0.0939489 0.0940013 0.064618 0.0310675 0.0121924 0.00836753 0.0139161 0.0258243 0.0425676 0.0611458 0.0765312 0.0836172 0.0800452 0.0676233 0.0511354 0.035537 0.0237031 0.0160151 0.0113752
 1.03776e-16 6.25082e-05 0.000607602 0.00403773 0.018355 0.0571091 0.121678 0.177595 0.177608 0.121744 0.0573314 0.0189984 0.00565827 0.00416329 0.00686817 0.0113927 0.0167241 0.0216917 0.0251209 0.0264286 0.0258944 0.0243284 0.0224406 0.0204535 0.0182027 0.0155066
 1.03979e-16 4.39346e-05 0.00042706 0.00283796 0.012901 0.04014 0.0855239 0.124833 0.124872 0.085714 0.040778 0.0147433 0.00746114 0.0105152 0.0191908 0.0316251 0.0454812 0.0570491 0.0625828 0.0603718 0.0517736 0.0403103 0.029576 0.0215741 0.0164394 0.0132357
 1.06774e-16 3.88378e-05 0.000377517 0.00250873 0.0114044 0.0354834 0.0756025 0.110352 0.110387 0.0757779 0.0360727 0.0131082 0.00679187 0.00974829 0.017896 0.0296814 0.0431183 0.0549799 0.0619691 0.0625166 0.0576275 0.0500307 0.0423728 0.035926 0.0305742 0.0256541
 1.06558e-16 5.37267e-05 0.000522243 0.00347049 0.0157764 0.0490862 0.104584 0.152648 0.15267 0.104691 0.0494438 0.0168104 0.00607072 0.00621389 0.0109085 0.0180683 0.0263043 0.0336742 0.0382268 0.0390608 0.0368159 0.0331292 0.0295199 0.0266061 0.0241285 0.0215166
 1.04878e-16 5.12529e-05 0.000498197 0.0033107 0.01505 0.0468262 0.0997691 0.145622 0.145651 0.0999103 0.0473001 0.0164192 0.00674854 0.00800608 0.0143192 0.0236161 0.0340746 0.0429798 0.0476007 0.0466882 0.0412119 0.0336763 0.0265864 0.0212611 0.017685 0.015138
 1.08197e-16 2.27494e-05 0.000221133 0.00146951 0.00668019 0.0207849 0.0442863 0.0646485 0.0647024 0.0445498 0.0216697 0.00923692 0.00789125 0.0142532 0.0267111 0.0442248 0.0639428 0.0809057 0.0900482 0.0890068 0.079472 0.0659221 0.0528212 0.0425014 0.034964 0.0290636
 1.10716e-16 5.01968e-05 0.000487931 0.00324247 0.0147398 0.0458611 0.0977126 0.142618 0.142635 0.0977941 0.0461354 0.015535 0.00525017 0.00490947 0.00856137 0.0143727 0.0213992 0.0283798 0.0340315 0.0377284 0.0397516 0.040827 0.0413726 0.041136 0.0394819 0.0359872
 1.09302e-16 4.19381e-05 0.000407653 0.002709 0.0123147 0.0383159 0.0816375 0.11916 0.119196 0.0818132 0.0389059 0.0140189 0.00698772 0.00975157 0.0177987 0.0293901 0.042416 0.0535341 0.0593875 0.0584891 0.0521301 0.0434979 0.0357179 0.0303348 0.027123 0.0249212
 1.11763e-16 2.86742e-05 0.000278723 0.00185222 0.00841993 0.0261978 0.0558187 0.0814779 0.0815206 0.0560274 0.0268992 0.010448 0.00695067 0.0114342 0.02129 0.035348 0.0513787 0.06558 0.0740692 0.0750347 0.0697354 0.0614645 0.0533685 0.0468792 0.0416935 0.0368042
 1.10882e-16 5.0004e-05 0.000486056 0.00323002 0.0146832 0.045685 0.0973374 0.142071 0.142091 0.0974343 0.0460108 0.0156265 0.00560612 0.00570113 0.0100371 0.0167326 0.0246145 0.0320462 0.0373828 0.0398722 0.0400307 0.0391103 0.038112 0.0371753 0.0357342 0.03314
 1.08391e-16 4.42104e-05 0.00042974 0.00285578 0.012982 0.0403919 0.0860605 0.125615 0.125649 0.086226 0.0409475 0.0145871 0.00688633 0.00923329 0.0167785 0.0277092 0.0400133 0.0505462 0.0561454 0.0553936 0.0494719 0.0413367 0.0338954 0.0286001 0.0252808 0.0229208
 1.11557e-16 2.42896e-05 0.000236104 0.00156899 0.00713245 0.0221919 0.0472841 0.0690225 0.0690703 0.0475176 0.0229765 0.00940053 0.00726932 0.0127037 0.0237721 0.0394444 0.0572473 0.0728911 0.0819929 0.0825105 0.0758828 0.0658792 0.0561436 0.0484033 0.0424027 0.0370319
 1.17713e-16 3.38406e-05 0.000328943 0.00218594 0.009937 0.0309178 0.0658747 0.0961515 0.0961778 0.0660033 0.0313508 0.0111915 0.0053504 0.00728836 0.0134027 0.0225031 0.033354 0.0439326 0.0521715 0.0571114 0.059335 0.0602322 0.0607398 0.0606509 0.0589661 0.0548087
 1.07447e-16 6.3688e-05 0.00061907 0.00411394 0.0187014 0.058187 0.123974 0.180946 0.180959 0.124037 0.0583979 0.0193113 0.0056477 0.00397645 0.00646758 0.010666 0.0155397 0.0199384 0.0227499 0.023506 0.0226613 0.021245 0.0201607 0.0196869 0.0194824 0.0189616
pSPR Fmed_Fpbrs
0.753382   0.285572 0.285572
Fs Fmed_Fpbrs
0.177845   1.005 1.005
SSBpbr Bo_Bmed_Bpbrs
2.35629e+06  1.65737e+06  555076 555076
Ro
256002
SPR SPRFo_SPRFmed_SPRFpbrs
1.82988e+06 1.3786e+06 522564
Fref
1.005
Nvult_r0
 429585 40077.6 13004.5 10802.3 4609.15
CTP_r0
 25330 4463.11 1448.2 1202.96 513.282
YTP_r0
391377
Np
 360755 226807 19257 6248.59 6874.96
Nvult_p0
 280461 196265 16663.9 5407.15 5949.18
CTP_p0
 93798 98377.3 8352.72 2710.32 2982.01
YTP_p0
 2.66783e+06
CBA_c0
1.07431e+06
log_Ro
12.2729
likeval ReclasPelacesDesembMPH_pf_preclas_ppelaces_ptallas_desvR_qrecl_qpela
 33.2179 19.7486 0.410675 0.00355548 253.726 140.968 104.206 0 16.7478 0 0 1.78186 0 0 0
q_reclas_q_pelaces
1 1
M
1
N
 251777 206066 112709 419.109 12.8912
 123279 87521.5 67686 37021.3 141.898
 157618 41380.1 26805 20730.1 11381.9
 329970 53188.4 12808.7 8297.19 9939.89
 309011 107130 15240 3670.06 5225.44
 391982 109881 36821.7 5238.14 3057.48
 165137 134089 34951.7 11712.5 2638.72
 115798 53085.3 37665.5 9817.92 4031.25
 82907.8 41755.6 18762.6 13312.6 4894.88
 101846 28230.9 13160.3 5913.51 5738.54
 124788 34011.6 8558.25 3989.59 3532.34
 171546 44355.3 11680.7 2939.18 2583.27
 161771 52304.4 11208.7 2951.74 1395.54
 125863 49998.3 13581.4 2910.46 1128.82
 152245 35564.7 10851.6 2947.7 876.681
 509396 47664.7 9475.97 2891.33 1018.98
 211059 154619 11937.2 2373.18 979.304
 696173 70797.5 47291.5 3651.11 1025.39
 516428 225840 20252.5 13528.3 1337.77
 357851 159661 58677.5 5261.99 3862.5
 595440 113113 43362.3 15936.2 2478.12
 717478 194881 32935.8 12626.1 5361.83
 212224 228141 53561.3 9052.12 4943.83
 487715 72506.1 72386.4 16994.4 4440.76
 429723 166460 22959.1 22921.2 6787.45
 223215 147725 53473 7375.3 9543.51
 438199 77996.2 49028.6 17747.2 5615.2
 434547 150194 24907.5 15656.9 7460.61
 170933 149534 48345.3 8017.37 7441.2
 172276 59708.6 49597.2 16035.1 5127.27
 656392 59334.7 19253.1 15992.7 6823.82
pred_Ctot
 8807.67 14085.1 7703.96 28.6471 0.881141
 6875.64 9405.08 7273.55 3978.32 15.2484
 8299.56 4207.06 2725.23 2107.6 1157.18
 24752.9 7587.71 1827.26 1183.65 1418
 6543.66 4473.82 636.431 153.264 218.218
 17482 9513.67 3188.08 453.525 264.721
 13317.2 20484.8 5339.6 1789.33 403.12
 1453.04 1321.19 937.421 244.349 100.33
 3923.89 3829.46 1720.74 1220.91 448.915
 5984.6 3189.77 1486.97 668.159 648.389
 2673.59 1436.81 361.54 168.539 149.223
 18850.5 9049.48 2383.12 599.659 527.046
 16581.2 10004.8 2144 564.61 266.939
 18850.6 13521.7 3673.01 787.116 305.282
 14525.5 6363.31 1941.59 527.408 156.857
 57211.4 9922.71 1972.68 601.909 212.128
 11854 16727.5 1291.43 256.743 105.946
 52546.1 10158.9 6785.97 523.907 147.135
 52847.1 43133.5 3868.06 2583.79 255.503
 32242.1 27075.7 9950.69 892.342 655.012
 41928.2 15194.4 5824.86 2140.72 332.886
 62259.7 31901.9 5391.58 2066.89 877.73
 9623.29 20073 4712.62 796.455 434.985
 22407.3 6461.08 6450.41 1514.38 395.72
 17902.6 13489.5 1860.55 1857.48 550.038
 7109.12 9212.3 3334.64 459.932 595.144
 19028.7 6580.46 4136.49 1497.31 473.748
 17841.7 12000.1 1990.05 1250.95 596.085
 5477.21 9380.78 3032.86 502.957 466.811
 6982.83 4711.23 3913.4 1265.23 404.56
 25330 4463.11 1448.2 1202.96 513.282
F
 0.0566599 0.11332 0.11332 0.11332 0.11332
 0.0916471 0.183294 0.183294 0.183294 0.183294
 0.0863365 0.172673 0.172673 0.172673 0.172673
 0.124959 0.249919 0.249919 0.249919 0.249919
 0.0339778 0.0679556 0.0679556 0.0679556 0.0679556
 0.0727169 0.145434 0.145434 0.145434 0.145434
 0.134878 0.269757 0.269757 0.269757 0.269757
 0.0200171 0.0400343 0.0400343 0.0400343 0.0400343
 0.0773133 0.154627 0.154627 0.154627 0.154627
 0.0967601 0.19352 0.19352 0.19352 0.19352
 0.034383 0.0687661 0.0687661 0.0687661 0.0687661
 0.187771 0.375542 0.375542 0.375542 0.375542
 0.174189 0.348379 0.348379 0.348379 0.348379
 0.263839 0.527678 0.527678 0.527678 0.527678
 0.161297 0.322594 0.322594 0.322594 0.322594
 0.192265 0.384529 0.384529 0.384529 0.384529
 0.0923154 0.184631 0.184631 0.184631 0.184631
 0.125772 0.251545 0.251545 0.251545 0.251545
 0.173885 0.34777 0.34777 0.34777 0.34777
 0.151731 0.303462 0.303462 0.303462 0.303462
 0.116912 0.233824 0.233824 0.233824 0.233824
 0.145781 0.291561 0.291561 0.291561 0.291561
 0.0739714 0.147943 0.147943 0.147943 0.147943
 0.0749789 0.149958 0.149958 0.149958 0.149958
 0.0677882 0.135576 0.135576 0.135576 0.135576
 0.0514745 0.102949 0.102949 0.102949 0.102949
 0.0707451 0.14149 0.14149 0.14149 0.14149
 0.0667798 0.13356 0.13356 0.13356 0.13356
 0.0517953 0.103591 0.103591 0.103591 0.103591
 0.0659019 0.131804 0.131804 0.131804 0.131804
 0.0626585 0.125317 0.125317 0.125317 0.125317
YTP_r0W_actual
 215305 72748.6 41853.1 41862.9 19607.4
YTP_p0W_proyectada
 705361 1.58584e+06 195287 79954.4 101388
CTP_r0_actual
 25330 4463.11 1448.2 1202.96 513.282
CTP_p0_proyectada
 93798 98377.3 8352.72 2710.32 2982.01
Wmedp
 7.52 16.12 23.38 29.5 34
Frms_r0
 0.0626585 0.125317 0.125317 0.125317 0.125317
Zrms_r0
 1.06266 1.12532 1.12532 1.12532 1.12532
nmprior
 8.19 8.8 8.5 0
nm_flota  nm_reclas  nm_pelaces    nm_pelaL
inf 6.82187 8.14341 15.2773
cv_recla  cv_pelaces  cv_mph
0.521328 0.503895 1.84015
 ------------------------------------------------
Talla a la edad & desviaci?n 
 8 13.2811 15.8009 17.003 17.5766
 0.8 1.32811 1.58009 1.7003 1.75766
