    unsorted:	 2.443767418e-05 -1.232881799e-05 0.001099980495 12.03489468 16.15089692 17.36953834 4.780023992 64.26623751 100.6043964 81.55275412 125.6950323 183.8032165 223.1616620 423.4050055 345.3402633 320.7578725 402.3710328 447.5261660 561.1950260 602.2004281 628.9897573 713.9548300 793.4920362 822.1639815 877.3091894 876.0686638 848.9985835 925.7016902 964.7377347 1008.497691 1042.620395 1101.125252 1122.798496 1164.056431 1235.121345 1334.517215 1375.417308 1437.461432 1501.430576 1752.786894 1840.259491 1937.768797 3885.934626 20652.81612 32314.66600 156442.1664 264262.2685 272007.2267 257984.6657 280001.2338 245689.7811 286893.2471 306210.6698 314503.3092 406346.2598 486875.3897 651388.6682 731983.3334 780621.6143 793887.2114 985698.7983 1384802.901 1587134.722 1800383.232 1749986.810 1994417.926 2238447.514 2416011.528 2650534.488 2836815.861 3087471.764 3163874.015 3279166.121 3823021.350 4023367.896 5856284.698 16185860.91
      sorted:	 -1.232881799e-05 2.443767418e-05 0.001099980495 4.780023992 12.03489468 16.15089692 17.36953834 64.26623751 81.55275412 100.6043964 125.6950323 183.8032165 223.1616620 320.7578725 345.3402633 402.3710328 423.4050055 447.5261660 561.1950260 602.2004281 628.9897573 713.9548300 793.4920362 822.1639815 848.9985835 876.0686638 877.3091894 925.7016902 964.7377347 1008.497691 1042.620395 1101.125252 1122.798496 1164.056431 1235.121345 1334.517215 1375.417308 1437.461432 1501.430576 1752.786894 1840.259491 1937.768797 3885.934626 20652.81612 32314.66600 156442.1664 245689.7811 257984.6657 264262.2685 272007.2267 280001.2338 286893.2471 306210.6698 314503.3092 406346.2598 486875.3897 651388.6682 731983.3334 780621.6143 793887.2114 985698.7983 1384802.901 1587134.722 1749986.810 1800383.232 1994417.926 2238447.514 2416011.528 2650534.488 2836815.861 3087471.764 3163874.015 3279166.121 3823021.350 4023367.896 5856284.698 16185860.91
