years
 1991 1992 1993 1994 1995 1996 1997 1998 1999 2000 2001 2002 2003 2004 2005 2006 2007 2008 2009 2010 2011 2012 2013 2014 2015 2016 2017 2018 2019 2020 2021
reclasobs
 0 0 0 0 0 0 0 0 0 252601 567819 844713 477998 351125 339783 2.1784e+06 2.13404e+06 4.81314e+06 1.55562e+06 2.62356e+06 3.21686e+06 3.843e+06 1.13348e+06 3.07943e+06 1.97215e+06 2.03268e+06 2.025e+06 2.42433e+06 2.27542e+06 1.05018e+06 2.36338e+06
reclaspred
 2.03906e+06 1.11089e+06 523451 256372 103160 924352 386583 208178 135450 183907 345475 514077 494810 341088 302465 1.23694e+06 987180 2.94938e+06 2.33753e+06 1.46641e+06 2.7223e+06 2.30783e+06 1.56776e+06 2.64221e+06 1.86688e+06 1.44941e+06 1.94971e+06 2.41359e+06 1.85555e+06 921092 1.30576e+06
pelacesobs
 0 0 0 0 0 0 0 0 0 0 0 0 0 0 0 552880 188675 0 991730 2.46772e+06 1.41603e+06 1.21717e+06 2.29649e+06 1.80582e+06 0 1.4828e+06 1.56532e+06 1.57751e+06 1.42118e+06 867257 1.10002e+06
pelacespred
 915946 521327 234401 80055.1 33713 404065 124405 97702.4 46155.1 70976.2 154000 195173 208696 144463 130790 478671 384420 1.37819e+06 1.09057e+06 640601 1.17287e+06 1.02768e+06 703932 1.33455e+06 897885 694826 1.07567e+06 1.29892e+06 829655 478115 642785
mphobs
 0 0 0 0 0 0 0 0 0 0 0 498337 0 5186 125008 0 168611 109162 213762 579715 649985 157893 87575 83554 0 0 0 0 0 0 0
mphpred
 1.91461e+06 1.08168e+06 528551 245329 86348.4 45246.4 470350 154323 84861.9 42264.6 75246.7 231518 269074 207915 113330 132844 801264 590080 1.70044e+06 1.17418e+06 1.0304e+06 1.39784e+06 1.38086e+06 954720 1.48521e+06 1.13152e+06 806376 1.01052e+06 1.67387e+06 1.00921e+06 470702
desembarqueobs
 494567 514787 250237 358949 120608 361735 552515 73892 212993 205616 52469 317467 293654 387597 252695 516296 358380 742168 942051 627588 828172 859565 418607 520667 417249 300574 415391 372974 316634 284311 391294
desembarquepred
 494528 514923 249603 358881 120574 361593 552024 73881.6 212862 205523 52466.7 317370 293546 387283 252557 516073 358337 741881 941356 627080 827988 859201 418510 520591 417145 300497 415289 372881 316560 284229 391208
Reclutas
 88887.3 119028 69751.7 40928.9 22882.8 271106 35762.7 10810.1 24753.1 65802 87864.9 131102 100789 68830.7 59405.8 448449 42011.3 758742 343096 215271 428522 564441 58132 333259 233509 83194.7 278753 346271 53120.7 31162.3 205953
log_desv_Rt
 -0.210526 0.0814672 -0.452953 -0.986058 -1.56751 0.904616 -1.12099 -2.31741 -1.48895 -0.511245 -0.222095 0.178077 -0.0848646 -0.466244 -0.613504 1.4079 -0.959957 1.93377 1.14012 0.674003 1.36245 1.63794 -0.635178 1.11103 0.755327 -0.276711 0.932433 1.14933 -0.725327 -1.25869 0.629756
SSB
 1.91461e+06 1.08168e+06 528551 245329 86348.4 45246.4 470350 154323 84861.9 42264.6 75246.7 231518 269074 207915 113330 132844 801264 590080 1.70044e+06 1.17418e+06 1.0304e+06 1.39784e+06 1.38086e+06 954720 1.48521e+06 1.13152e+06 806376 1.01052e+06 1.67387e+06 1.00921e+06 470702
BT
 2.54857e+06 1.71477e+06 781307 482788 179663 1.25109e+06 768610 292847 309604 358322 398821 711521 745059 732705 555199 1.51679e+06 1.16839e+06 3.84298e+06 3.41009e+06 2.06543e+06 3.38213e+06 3.16966e+06 1.98753e+06 3.56603e+06 2.46575e+06 1.87438e+06 2.9117e+06 3.37098e+06 2.17687e+06 1.39626e+06 1.86506e+06
Ftot
 0.243034 0.478047 0.485452 1.34167 1.20308 0.587901 1.30651 0.37968 1.75098 1.45621 0.2149 0.746308 0.695236 1.29975 1.06956 0.610775 0.372587 0.351373 0.452216 0.472152 0.373013 0.445229 0.272544 0.254255 0.248764 0.222691 0.274622 0.20328 0.171354 0.306821 0.394747
BD_Bspro_t
 0.962138 0.740433 0.527832 0.369209 0.168209 0.130099 0.4818 0.20357 0.163562 0.111991 0.21959 0.529744 0.437641 0.338422 0.215679 0.250073 0.54567 0.460953 0.646762 0.528222 0.456 0.529808 0.556732 0.50674 0.642533 0.635931 0.614707 0.687434 0.765969 0.669007 0.533778
BD_Bspro
 2.44136 1.37927 0.673965 0.312823 0.110104 0.0576945 0.599752 0.19678 0.108209 0.0538923 0.0959484 0.295213 0.343101 0.265116 0.144509 0.169392 1.02171 0.752422 2.16826 1.49721 1.31387 1.78241 1.76076 1.21738 1.89382 1.44282 1.02822 1.28854 2.13438 1.28687 0.600201
BD_Bo
 1.1518 0.650724 0.317968 0.147586 0.0519459 0.0272196 0.282956 0.0928382 0.0510517 0.0254257 0.0452673 0.139278 0.161871 0.125078 0.0681775 0.0799169 0.482028 0.354983 1.02296 0.706366 0.61987 0.840921 0.830704 0.574345 0.893482 0.680705 0.485104 0.607916 1.00697 0.607127 0.283167
BD_Brms
 5.43683 3.0716 1.5009 0.696648 0.245199 0.128484 1.33563 0.438223 0.240978 0.120017 0.213674 0.65743 0.764077 0.590405 0.321817 0.377231 2.27531 1.67562 4.82866 3.33425 2.92596 3.96939 3.92116 2.71107 4.21749 3.21312 2.28983 2.86953 4.7532 2.86581 1.33663
Sel_flota
 0.598953 0.965959 0.998149 0.999902 0.999995
 0.598953 0.965959 0.998149 0.999902 0.999995
 0.598953 0.965959 0.998149 0.999902 0.999995
 0.598953 0.965959 0.998149 0.999902 0.999995
 0.598953 0.965959 0.998149 0.999902 0.999995
 0.598953 0.965959 0.998149 0.999902 0.999995
 0.598953 0.965959 0.998149 0.999902 0.999995
 0.598953 0.965959 0.998149 0.999902 0.999995
 0.598953 0.965959 0.998149 0.999902 0.999995
 0.598953 0.965959 0.998149 0.999902 0.999995
 0.598953 0.965959 0.998149 0.999902 0.999995
 0.598953 0.965959 0.998149 0.999902 0.999995
 0.598953 0.965959 0.998149 0.999902 0.999995
 0.598953 0.965959 0.998149 0.999902 0.999995
 0.598953 0.965959 0.998149 0.999902 0.999995
 0.598953 0.965959 0.998149 0.999902 0.999995
 0.598953 0.965959 0.998149 0.999902 0.999995
 0.598953 0.965959 0.998149 0.999902 0.999995
 0.598953 0.965959 0.998149 0.999902 0.999995
 0.598953 0.965959 0.998149 0.999902 0.999995
 0.598953 0.965959 0.998149 0.999902 0.999995
 0.598953 0.965959 0.998149 0.999902 0.999995
 0.598953 0.965959 0.998149 0.999902 0.999995
 0.598953 0.965959 0.998149 0.999902 0.999995
 0.598953 0.965959 0.998149 0.999902 0.999995
 0.598953 0.965959 0.998149 0.999902 0.999995
 0.598953 0.965959 0.998149 0.999902 0.999995
 0.598953 0.965959 0.998149 0.999902 0.999995
 0.598953 0.965959 0.998149 0.999902 0.999995
 0.598953 0.965959 0.998149 0.999902 0.999995
 0.598953 0.965959 0.998149 0.999902 0.999995
Sel_reclas
 1 1 1 1 1
 1 1 1 1 1
 1 1 1 1 1
 1 1 1 1 1
 1 1 1 1 1
 1 1 1 1 1
 1 1 1 1 1
 1 1 1 1 1
 1 1 1 1 1
 1 1 1 1 1
 1 1 1 1 1
 1 1 1 1 1
 1 1 1 1 1
 1 1 1 1 1
 1 1 1 1 1
 1 1 1 1 1
 1 1 1 1 1
 1 1 1 1 1
 1 1 1 1 1
 1 1 1 1 1
 1 1 1 1 1
 1 1 1 1 1
 1 1 1 1 1
 1 1 1 1 1
 1 1 1 1 1
 1 1 1 1 1
 1 1 1 1 1
 1 1 1 1 1
 1 1 1 1 1
 1 1 1 1 1
 1 1 1 1 1
Sel_pelaces
 1 1 1 1 1
 1 1 1 1 1
 1 1 1 1 1
 1 1 1 1 1
 1 1 1 1 1
 1 1 1 1 1
 1 1 1 1 1
 1 1 1 1 1
 1 1 1 1 1
 1 1 1 1 1
 1 1 1 1 1
 1 1 1 1 1
 1 1 1 1 1
 1 1 1 1 1
 1 1 1 1 1
 1 1 1 1 1
 1 1 1 1 1
 1 1 1 1 1
 1 1 1 1 1
 1 1 1 1 1
 1 1 1 1 1
 1 1 1 1 1
 1 1 1 1 1
 1 1 1 1 1
 1 1 1 1 1
 1 1 1 1 1
 1 1 1 1 1
 1 1 1 1 1
 1 1 1 1 1
 1 1 1 1 1
 1 1 1 1 1
pf_obs 
 0.8446 0.082 0.0669 0.0065 0
 0.8095 0.147 0.0364 0.0071 0
 0.9664 0.0169 0.016 0.0007 0
 0.9276 0.0648 0.0075 0.0001 0
 0.7033 0.2144 0.0806 0.0017 0
 0.9318 0.0425 0.0243 0.0014 0
 0.5671 0.3108 0.0964 0.0239 0.0018
 0.0768 0.2599 0.5324 0.112 0.0189
 0.490249 0.384438 0.106611 0.0170017 0.00170017
 0.7925 0.1577 0.0466 0.003 0.0002
 0.840416 0.127587 0.0312969 0.00059994 9.999e-05
 0.8084 0.0986 0.0794 0.0134 0.0002
 0.7335 0.1905 0.0724 0.0035 0.0001
 0.4001 0.4547 0.1325 0.0127 0
 0.49795 0.308269 0.164784 0.0264974 0.00249975
 0.9179 0.0499 0.0305 0.0017 0
 0.2467 0.6533 0.0926 0.0074 0
 0.9418 0.0223 0.034 0.0019 0
 0.707729 0.231977 0.0356964 0.0245975 0
 0.517169 0.277429 0.184464 0.0207286 0.00020938
 0.811772 0.124168 0.05621 0.00726502 0.000585176
 0.764997 0.148141 0.077277 0.00933861 0.000247198
 0.163321 0.427699 0.378323 0.0303852 0.000271297
 0.753843 0.0900009 0.118128 0.0371064 0.000921714
 0.721811 0.176058 0.0630433 0.0369309 0.00215725
 0.143369 0.312575 0.442814 0.0836902 0.0175525
 0.692698 0.0596174 0.167031 0.0765114 0.00414204
 0.394062 0.376323 0.152708 0.0712218 0.00568511
 0.125707 0.32114 0.495352 0.0537591 0.00404204
 0.23352 0.215282 0.420074 0.123614 0.00750983
 0.774587 0.0839891 0.0768558 0.0609784 0.00358967
pf_pred 
 0.301462 0.237875 0.411125 0.0495367 1.63157e-06
 0.541508 0.193736 0.0923261 0.15392 0.0185107
 0.488996 0.346945 0.0710217 0.0324907 0.0605464
 0.496789 0.317645 0.127706 0.0250807 0.0327795
 0.628145 0.25597 0.0748106 0.0282971 0.0127772
 0.972145 0.0218065 0.00423861 0.00116979 0.000640245
 0.268356 0.720333 0.00893857 0.00166327 0.000708574
 0.341802 0.290334 0.362506 0.00423764 0.00112077
 0.739865 0.1244 0.0611955 0.0734559 0.00108347
 0.930721 0.0608778 0.00417197 0.00191079 0.00231844
 0.843276 0.151708 0.00444185 0.000285733 0.000288636
 0.740115 0.233603 0.0254695 0.000719611 9.28692e-05
 0.65263 0.292626 0.049437 0.00514367 0.000163668
 0.61533 0.299381 0.0723625 0.0116761 0.00125039
 0.739131 0.202926 0.0456895 0.0104013 0.001852
 0.957329 0.0364023 0.0049349 0.00105255 0.000281448
 0.189969 0.790592 0.0166884 0.0021658 0.000584065
 0.919591 0.0229621 0.0561199 0.00113978 0.000187415
 0.488686 0.486892 0.00716636 0.016858 0.000397855
 0.480886 0.324202 0.185966 0.00262901 0.00631667
 0.744819 0.158496 0.0613018 0.0337622 0.0016204
 0.711807 0.240557 0.0300269 0.0111732 0.00643559
 0.160668 0.681015 0.133029 0.0159533 0.00933499
 0.741347 0.0627659 0.160029 0.0301398 0.00571799
 0.542129 0.379967 0.0194318 0.047786 0.0106865
 0.32332 0.448799 0.190299 0.00938797 0.0281943
 0.748509 0.111393 0.094033 0.0384806 0.0075845
 0.679836 0.267242 0.0239266 0.0194739 0.00952106
 0.188927 0.630537 0.151583 0.0131039 0.0158493
 0.240474 0.209835 0.430617 0.100009 0.0190658
 0.833481 0.0588072 0.0305767 0.0604527 0.0166827
pobs_RECLAS
 0 0 0 0 0
 0 0 0 0 0
 0 0 0 0 0
 0 0 0 0 0
 0 0 0 0 0
 0 0 0 0 0
 0 0 0 0 0
 0 0 0 0 0
 0 0 0 0 0
 0 0 0 0 0
 0.991045 0.00858322 0.000360255 1.14367e-05 0
 0.934742 0.0480273 0.0164251 0.00080598 0
 0.827803 0.169806 0.00239088 0 0
 0.941827 0.0461693 0.0120037 0 0
 0.791401 0.0380133 0.147996 0.0225897 0
 0.846168 0.0940531 0.0597789 0 0
 0.134021 0.677848 0.182769 0.00536245 0
 0.80878 0.0450904 0.141981 0.00414843 0
 0.846168 0.0940531 0.0597789 0 0
 0.905697 0.0802665 0.012482 0.00150086 5.37128e-05
 0.989698 0.0102097 9.19794e-05 0 0
 0.975433 0.0193895 0.00387452 0.00125025 5.28907e-05
 0.303575 0.632131 0.0575291 0.00676475 0
 0.966965 0.00978017 0.0227588 0.000495775 0
 0.843318 0.132988 0.00938335 0.0141283 0.000182051
 0.564624 0.303363 0.111486 0.0197234 0.00080311
 0.826376 0.0876187 0.0782897 0.00655872 0.00115652
 0.89761 0.0855135 0.0140674 0.00269457 0.000114338
 0.34875 0.467042 0.161289 0.0227151 0.000203297
 0.318654 0.224769 0.449479 0.00709798 0
 0.937255 0.0296025 0.0250945 0.00804832 0
ppred_RECLAS
 0.417844 0.202681 0.338733 0.0407408 1.34173e-06
 0.664711 0.144614 0.0665732 0.110781 0.0133214
 0.614226 0.264906 0.0523816 0.0239188 0.0445684
 0.636167 0.233131 0.0900115 0.0176393 0.0230512
 0.746833 0.17643 0.0495759 0.0187125 0.00844844
 0.983101 0.0133314 0.00250171 0.000689129 0.000377135
 0.389671 0.601264 0.00716732 0.0013308 0.000566874
 0.464128 0.240897 0.290686 0.00339186 0.000896994
 0.840638 0.0780208 0.0367203 0.0439721 0.000648505
 0.959669 0.0356203 0.00234195 0.00107023 0.00129841
 0.89746 0.0993635 0.00281352 0.000180663 0.00018248
 0.826757 0.156284 0.0164355 0.000463468 5.98066e-05
 0.758729 0.204385 0.0333157 0.00345969 0.000110074
 0.737245 0.20631 0.0479061 0.00771323 0.000825913
 0.829882 0.133458 0.0289197 0.0065701 0.00116971
 0.973925 0.0223591 0.00292601 0.000622897 0.000166544
 0.277451 0.705782 0.0143986 0.00186522 0.000502958
 0.950372 0.0145195 0.0342992 0.000695338 0.000114325
 0.61124 0.370814 0.0052729 0.012381 0.000292167
 0.606709 0.248804 0.137868 0.00194543 0.00467378
 0.828706 0.107789 0.0402917 0.0221503 0.00106299
 0.803081 0.165313 0.0199362 0.00740471 0.00426458
 0.238824 0.621517 0.117386 0.0140519 0.0082216
 0.827159 0.0430299 0.106084 0.0199438 0.00378329
 0.659619 0.284128 0.0140506 0.0344905 0.00771246
 0.439906 0.37568 0.154048 0.00758601 0.0227804
 0.831673 0.0759838 0.0620172 0.0253332 0.00499267
 0.776192 0.187864 0.0162669 0.013216 0.00646086
 0.275706 0.567246 0.131901 0.0113821 0.0137654
 0.346117 0.185157 0.367336 0.0851577 0.016233
 0.893466 0.0384923 0.019341 0.0381687 0.0105321
pobs_PELACES
 0 0 0 0 0
 0 0 0 0 0
 0 0 0 0 0
 0 0 0 0 0
 0 0 0 0 0
 0 0 0 0 0
 0 0 0 0 0
 0 0 0 0 0
 0 0 0 0 0
 0 0 0 0 0
 0 0 0 0 0
 0 0 0 0 0
 0 0 0 0 0
 0 0 0 0 0
 0 0 0 0 0
 0 0 0 0 0
 0.505614 0.472636 0.0217494 0 0
 0 0 0 0 0
 0.443492 0.261883 0.143347 0.151278 0
 0.227955 0.32914 0.350689 0.0885471 0.00366901
 0.970185 0.0296113 0.000203453 0 0
 0.997202 0.00247181 0.000326279 0 0
 0.445219 0.490057 0.0546422 0.010081 0
 0.90214 0.0892962 0.00764917 0.000914606 0
 0 0 0 0 0
 0.581667 0.319106 0.0959925 0.00289975 0.000334073
 0.762889 0.0836404 0.116647 0.0363945 0.000428098
 0.88444 0.0763242 0.0277011 0.0115352 0
 0.521256 0.241999 0.230069 0.00667565 0
 0.616807 0.101726 0.260614 0.0208532 0
 0.833518 0.0704572 0.0857862 0.0102388 0
ppred_PELACES
 0.425434 0.200377 0.334019 0.0401683 1.32287e-06
 0.678141 0.139237 0.063773 0.106092 0.0127573
 0.628449 0.255564 0.0502744 0.0229502 0.0427629
 0.674024 0.20996 0.0799178 0.0156491 0.0204496
 0.774069 0.15807 0.0438528 0.0165408 0.00746766
 0.984265 0.0124298 0.00231801 0.000638311 0.000349318
 0.427941 0.563679 0.00662667 0.00122948 0.000523696
 0.476136 0.236023 0.283657 0.00330912 0.000875104
 0.868159 0.0651782 0.0301106 0.0360206 0.000531208
 0.966029 0.0300589 0.00194596 0.000888525 0.00107791
 0.899837 0.0970671 0.00274223 0.000176063 0.000177833
 0.839428 0.144966 0.0151249 0.000426324 5.50123e-05
 0.774004 0.191663 0.031012 0.00321916 0.000102419
 0.767114 0.183402 0.0420028 0.00675767 0.000723566
 0.847716 0.119763 0.0256588 0.00582567 0.00103714
 0.975762 0.020804 0.0027049 0.000575622 0.000153902
 0.286607 0.696903 0.0141613 0.00183408 0.000494556
 0.952461 0.0139451 0.0328198 0.00066521 0.00010937
 0.624226 0.35851 0.0050735 0.0119097 0.000281041
 0.620702 0.240395 0.132542 0.00186976 0.00449194
 0.83523 0.103839 0.0386617 0.0212496 0.00101975
 0.811588 0.158295 0.0189997 0.00705505 0.00406315
 0.244975 0.616824 0.116162 0.0139032 0.00813459
 0.831804 0.0419594 0.103165 0.0193923 0.00367865
 0.666451 0.278551 0.0137384 0.0337194 0.00753998
 0.446756 0.371377 0.151924 0.00748044 0.0224633
 0.836501 0.0739248 0.0601609 0.024571 0.00484242
 0.780501 0.184313 0.015925 0.0129367 0.00632428
 0.27995 0.564146 0.130941 0.0112982 0.0136639
 0.355115 0.183041 0.361956 0.0838957 0.0159923
 0.898186 0.0368892 0.0184579 0.0364177 0.0100489
pobs_pel_tallas
 0 0 0 0 0 0 0 0 0 0 0 0 0 0 0 0 0 0 0 0 0 0 0 0 0 0
 0 0 0 0 0 0 0 0 0 0 0 0 0 0 0 0 0 0 0 0 0 0 0 0 0 0
 0 0 0 0 0 0 0 0 0 0 0 0 0 0 0 0 0 0 0 0 0 0 0 0 0 0
 0 0 0 0 0 0 0 0 0 0 0 0 0 0 0 0 0 0 0 0 0 0 0 0 0 0
 0 0 0 0 0 0 0 0 0 0 0 0 0 0 0 0 0 0 0 0 0 0 0 0 0 0
 0 0 0 0 0 0 0 0 0 0 0 0 0 0 0 0 0 0 0 0 0 0 0 0 0 0
 0 0 0 0 0 0 0 0 0 0 0 0 0 0 0 0 0 0 0 0 0 0 0 0 0 0
 0 0 0 0 0 0 0 0 0 0 0 0 0 0 0 0 0 0 0 0 0 0 0 0 0 0
 0 0 0 0 0 0 0 0 0 0 0 0 0 0 0 0 0 0 0 0 0 0 0 0 0 0
 0 0 0 0 0 0 0 0 0 0 0 0 0 0 0 0 0 0 0 0 0 0 0 0 0 0
 0 0 0 0 0 0 0 0 0 0 0 0 0 0 0 0 0 0 0 0 0 0 0 0 0 0
 0 0 0 0 0 0 0 0 0 0 0 0 0 0 0 0 0 0 0 0 0 0 0 0 0 0
 0.00862536 0 0 0.000197151 0.00414017 0.0128641 0.00837892 0.0270097 0.101434 0.158115 0.152841 0.127902 0.109271 0.109419 0.0830992 0.0579132 0.0238553 0.00714673 0.00463305 0.00128148 0.00103504 0.000492878 0.000147863 0.000147863 4.92878e-05 0
 0 0 0 0 0 0 0 0 0 0 0 0 0 0 0 0 0 0 0 0 0 0 0 0 0 0
 0 0 0 0 0 0 0 0.0054083 0.00873648 0.0413646 0.0450493 0.0745869 0.0622846 0.0627006 0.0613931 0.0827291 0.12552 0.122667 0.0946155 0.0697135 0.0546179 0.0294188 0.0215738 0.0213955 0.0102223 0.00600262
 0 0 0 0 0.00359764 0.0251062 0.0480494 0.140153 0.205849 0.193036 0.1447 0.116669 0.0760912 0.0342217 0.00950174 0.001854 0.000860785 0 0 0 0.000165536 0 0.000143464 0 0 0
 0 0 0 0 0 0 0 0.000145254 0.000435761 0.0275982 0.070085 0.0708112 0.156366 0.174668 0.174014 0.160142 0.0824315 0.0480064 0.0283245 0.00493863 0.00203355 0 0 0 0 0
 0 0 0 0 0 0 0 0 0 0 0 0 0 0 0 0 0 0 0 0 0 0 0 0 0 0
 0 0 1.00437e-05 0.000401748 0.00122533 0.00171747 0.00176769 0.0269171 0.070346 0.194647 0.189555 0.159765 0.064822 0.0314167 0.0384472 0.0292271 0.0345202 0.0313363 0.0194345 0.0106764 0.0143323 0.0359363 0.0279516 0.0138201 0.00172751 0
 0 0.0021121 0.0136068 0.0755702 0.200478 0.177729 0.0527432 0.0373336 0.0318909 0.0142505 0.0149659 0.0166563 0.0217959 0.0798694 0.0677717 0.0528807 0.04013 0.0224614 0.0357745 0.0225083 0.00881397 0.00855152 0.00135912 0.000746735 0 0
 0 0 0 0 5.4009e-05 0.00500934 0.000945158 0.0243581 0.138947 0.33067 0.221406 0.137944 0.0707744 0.0437923 0.0131692 0.00525238 0.0047753 0.00276346 9.45158e-05 9.00151e-06 2.25038e-05 9.00151e-06 4.50075e-06 0 0 0
 0.000866109 0.00284123 0.00948549 0.0512746 0.133035 0.25785 0.225252 0.132002 0.0553304 0.0519788 0.0540692 0.017754 0.00435017 0.00159236 0.00146478 0.000404838 0.000125132 0.000115318 0.000107957 0.000100596 0 0 0 0 0 0
 0 0 0 0 0.00144013 0.00171154 0.00461396 0.0210425 0.0478622 0.0707936 0.0888783 0.103762 0.0637923 0.0337046 0.0602308 0.124433 0.169614 0.0934646 0.0462172 0.0250306 0.0313229 0.00938855 0.002487 0.000210481 0 0
 0 0.00764035 0.051015 0.0998891 0.058973 0.0496711 0.0374665 0.0718981 0.12319 0.153886 0.159021 0.0857701 0.0377988 0.023471 0.0147837 0.00900784 0.00315554 0.000888139 0.00291439 0.00214683 0.00393193 0.00274676 0.000635225 9.99891e-05 0 0
 0 0 0 0 0 0 0 0 0 0 0 0 0 0 0 0 0 0 0 0 0 0 0 0 0 0
 0 0 0 0 0 0 0 0 0 0 0 0 0 0 0 0 0 0 0 0 0 0 0 0 0 0
 0 0 0 0 0 0 0 0 0 0 0 0 0 0 0 0 0 0 0 0 0 0 0 0 0 0
 0 0 0 0 0 0 0 0 0 0 0 0 0 0 0 0 0 0 0 0 0 0 0 0 0 0
 0 0 0 0 0 0 0 0 0 0 0 0 0 0 0 0 0 0 0 0 0 0 0 0 0 0
 0 0 0 0 0 0 0 0 0 0 0 0 0 0 0 0 0 0 0 0 0 0 0 0 0 0
 0 0 0 0 0 0 0 0 0 0 0 0 0 0 0 0 0 0 0 0 0 0 0 0 0 0
ppred_pel_tallas
 1.13719e-16 3.50425e-05 0.000340626 0.00226358 0.0102899 0.0320158 0.0682138 0.0995642 0.099584 0.0683108 0.0323428 0.0112404 0.00467277 0.00567688 0.010395 0.0177169 0.0268858 0.0366567 0.0456846 0.0532006 0.0591787 0.0637764 0.0666193 0.0667023 0.0630556 0.0555774
 1.14675e-16 5.58576e-05 0.000542956 0.00360813 0.0164021 0.051033 0.108732 0.1587 0.158713 0.108798 0.0512554 0.017046 0.00523023 0.00410352 0.00687728 0.0114423 0.0168722 0.0220896 0.0260775 0.0284839 0.0298462 0.0311493 0.033044 0.0353453 0.0371508 0.0374019
 1.11055e-16 5.17645e-05 0.00050317 0.00334374 0.0152002 0.0472935 0.100765 0.147074 0.147099 0.100885 0.0476984 0.0163701 0.00628231 0.00692475 0.0122679 0.0202557 0.0293142 0.0371794 0.0416027 0.0416134 0.0381217 0.0332953 0.0292069 0.0267955 0.0257501 0.0251057
 1.07391e-16 5.55185e-05 0.00053966 0.00358623 0.0163025 0.0507232 0.108072 0.157738 0.157759 0.108171 0.051057 0.0172677 0.00601308 0.00585136 0.0101843 0.0168569 0.0245324 0.0313907 0.0356095 0.0363542 0.0342399 0.0308259 0.0275691 0.0250781 0.0231147 0.0211081
 1.04229e-16 6.3759e-05 0.000619761 0.00411853 0.0187222 0.0582519 0.124112 0.181149 0.181164 0.124187 0.0585027 0.019447 0.00593981 0.00460208 0.00764605 0.0125903 0.0182513 0.0232095 0.0260633 0.0261751 0.0240344 0.020883 0.0179136 0.0156778 0.0140547 0.0126206
 1.00194e-16 8.10726e-05 0.000788054 0.0052369 0.0238062 0.0740699 0.157814 0.230334 0.230335 0.15782 0.0740895 0.023863 0.00537964 0.00109982 0.000673667 0.000986682 0.00141652 0.00178759 0.00198182 0.00194678 0.00172194 0.00141016 0.0011144 0.000889006 0.000733992 0.000621019
 1.00548e-16 3.52491e-05 0.000342634 0.00227692 0.0103506 0.0322048 0.0686178 0.100161 0.100215 0.0688826 0.0330937 0.0129164 0.00871148 0.0143699 0.0266182 0.0437992 0.0627381 0.0781518 0.0846832 0.0798662 0.0656388 0.0471307 0.0297323 0.0166846 0.00855486 0.00422364
 1.08727e-16 3.92187e-05 0.00038122 0.00253334 0.0115162 0.0358314 0.0763433 0.11143 0.111453 0.0764566 0.0362126 0.0126223 0.00532796 0.00654234 0.0119166 0.0200961 0.0300047 0.0399224 0.0480231 0.0533022 0.0559172 0.0566044 0.0557596 0.0530809 0.0480409 0.0406421
 1.04588e-16 7.15091e-05 0.000695094 0.00461915 0.020998 0.0653325 0.139198 0.203165 0.203171 0.139229 0.0654365 0.021299 0.00537699 0.0023573 0.00325184 0.00532603 0.0078183 0.0101648 0.0118525 0.0126753 0.0128483 0.0128204 0.0129293 0.0131792 0.0132848 0.0128998
 1.00336e-16 7.95705e-05 0.000773454 0.00513987 0.0233651 0.0726976 0.15489 0.226067 0.22607 0.154904 0.072745 0.0235022 0.0054837 0.00152351 0.00150253 0.00235407 0.00337426 0.00422436 0.00461962 0.00443254 0.00376669 0.00288958 0.00207601 0.00148172 0.0011198 0.000917996
 1.00152e-16 7.41184e-05 0.000720457 0.00478769 0.0217642 0.0677164 0.144277 0.210579 0.210588 0.144323 0.0678695 0.0222062 0.00589631 0.00313763 0.00465604 0.00755714 0.0108252 0.0134991 0.0146545 0.0138669 0.0114663 0.00832823 0.00537044 0.0031416 0.0017349 0.000959859
 1.00526e-16 6.91426e-05 0.000672091 0.00446628 0.0203031 0.0631705 0.134592 0.196444 0.196458 0.13466 0.0633995 0.0209644 0.00612589 0.0042933 0.0069413 0.0113521 0.016313 0.0204418 0.0223768 0.0214847 0.0182322 0.013871 0.00969846 0.00646936 0.00429393 0.00290791
 1.01285e-16 6.37537e-05 0.000619709 0.00411818 0.0187207 0.0582471 0.124102 0.181135 0.181153 0.124193 0.0585503 0.0195964 0.00631657 0.0054194 0.0091809 0.0150809 0.0217266 0.0273356 0.0301308 0.0292812 0.0253826 0.0200347 0.0148732 0.0108168 0.00796226 0.0059597
 1.0206e-16 6.31862e-05 0.000614193 0.00408153 0.018554 0.0577286 0.122998 0.179522 0.17954 0.123084 0.0580191 0.0193935 0.00618993 0.00522075 0.00882327 0.0145162 0.0209732 0.026515 0.0294667 0.0290433 0.0257937 0.0211877 0.0167 0.0131155 0.0104622 0.00839485
 1.01531e-16 6.98252e-05 0.000678726 0.00451038 0.0205035 0.0637941 0.135921 0.198382 0.198394 0.135977 0.0639838 0.0210516 0.00588671 0.00368553 0.00578694 0.00947378 0.0136809 0.0172882 0.0192012 0.0189113 0.0167847 0.0137915 0.0109026 0.00863121 0.00698622 0.00572345
 1.00168e-16 8.03722e-05 0.000781246 0.00519166 0.0236005 0.07343 0.15645 0.228344 0.228346 0.15646 0.0734629 0.0236955 0.00543007 0.00130164 0.00106849 0.00163866 0.00235135 0.00295369 0.00324799 0.0031446 0.00271047 0.00212282 0.001563 0.00113291 0.000842153 0.000648653
 1.00855e-16 2.36076e-05 0.000229474 0.00152494 0.00693219 0.021569 0.0459575 0.0670903 0.0671574 0.0462849 0.0226681 0.010105 0.00948244 0.0175782 0.0329054 0.0541873 0.0776461 0.0967772 0.104968 0.0991693 0.0817642 0.0590643 0.0376936 0.0216232 0.0115373 0.00606134
 1.01036e-16 7.84529e-05 0.00076259 0.00506768 0.0230369 0.0716765 0.152714 0.222891 0.222893 0.152721 0.0716995 0.0231041 0.00523857 0.00114315 0.000823165 0.00129371 0.00198818 0.00277378 0.00356257 0.00429727 0.00495032 0.00548458 0.00581624 0.00583082 0.00545094 0.00470125
 1.01481e-16 5.14168e-05 0.000499789 0.00332128 0.0150981 0.0469759 0.100088 0.146089 0.146124 0.100257 0.0475413 0.0167303 0.0074151 0.00942538 0.0169698 0.0278872 0.0399677 0.0498441 0.0541294 0.0512785 0.04254 0.031173 0.0205716 0.012731 0.00792629 0.0053652
 1.04835e-16 5.11264e-05 0.000496967 0.00330252 0.0150128 0.0467105 0.0995226 0.145261 0.145284 0.0996366 0.0470938 0.0161217 0.00609327 0.00661277 0.0117349 0.0194975 0.0284941 0.0366834 0.0419785 0.0433497 0.0413314 0.0374667 0.0331947 0.0291189 0.0251018 0.0208483
 1.03446e-16 6.87968e-05 0.00066873 0.00444394 0.0202015 0.0628545 0.133919 0.19546 0.19547 0.133968 0.0630196 0.020679 0.00564464 0.00329713 0.0050822 0.00835024 0.012158 0.0155789 0.0177179 0.0181699 0.0172405 0.0156896 0.0142093 0.013059 0.0120802 0.0109698
 1.01984e-16 6.68494e-05 0.0006498 0.00431815 0.0196297 0.0610754 0.130128 0.189929 0.189944 0.130203 0.0613256 0.0203524 0.00613207 0.00460905 0.00758465 0.0124294 0.0178904 0.0224826 0.0247423 0.0240011 0.0207838 0.0164522 0.0123898 0.00935752 0.00739357 0.00612984
 1.06281e-16 2.01784e-05 0.000196141 0.00130343 0.00592525 0.018436 0.039282 0.0573457 0.0574052 0.0395727 0.0194123 0.00874565 0.00838504 0.0156619 0.0294117 0.0486409 0.0701802 0.0884844 0.0978883 0.0957451 0.0839589 0.0676101 0.0518458 0.0394836 0.0307141 0.0243456
 1.05556e-16 6.85146e-05 0.000665987 0.00442572 0.0201187 0.0625966 0.133369 0.194657 0.194661 0.13339 0.0626663 0.0203218 0.00494326 0.00182107 0.00233646 0.00394832 0.0061349 0.00866501 0.0113286 0.0139987 0.0166187 0.0190621 0.021003 0.0219649 0.0215507 0.0196844
 1.05126e-16 5.48948e-05 0.000533597 0.00354594 0.0161193 0.0501534 0.106858 0.155968 0.155995 0.106989 0.0505932 0.0173895 0.00673288 0.00748671 0.013249 0.0217892 0.0313251 0.0392864 0.0431128 0.0416727 0.0359718 0.0285079 0.0217909 0.0171562 0.0145598 0.0131586
 1.09031e-16 3.67987e-05 0.000357697 0.00237702 0.0108056 0.0336205 0.0716334 0.104559 0.104594 0.0718091 0.034211 0.0125132 0.00667078 0.00975575 0.0179579 0.0298187 0.0433913 0.0554829 0.0628292 0.0638807 0.0596334 0.0527657 0.0458372 0.0400158 0.0350937 0.0303497
 1.05039e-16 6.89015e-05 0.000669747 0.0044507 0.0202323 0.0629501 0.134122 0.195757 0.195764 0.134157 0.0630688 0.0205762 0.00531823 0.00257765 0.00373403 0.00617393 0.00914656 0.0120521 0.0143244 0.0157069 0.0163662 0.0166873 0.016923 0.0170027 0.0166298 0.0155402
 1.02875e-16 6.42889e-05 0.000624911 0.00415275 0.0188778 0.058736 0.125144 0.182655 0.182673 0.125231 0.0590272 0.0197188 0.00626314 0.00523021 0.00880588 0.0144446 0.0207768 0.0260808 0.0286557 0.0277363 0.0239599 0.0189469 0.0143365 0.0110201 0.00901284 0.007826
 1.07369e-16 2.30592e-05 0.000224144 0.00148952 0.00677117 0.0210679 0.0448894 0.0655288 0.0655833 0.0451555 0.0219616 0.00935354 0.00797535 0.014395 0.0269719 0.0446461 0.0645267 0.0815876 0.0906912 0.0894298 0.0794999 0.0654351 0.0517833 0.0409658 0.0330623 0.026982
 1.21612e-16 2.92504e-05 0.000284325 0.00188944 0.00858912 0.026724 0.0569391 0.083108 0.0831262 0.0570282 0.027025 0.00946537 0.0041157 0.00523305 0.00968882 0.0166551 0.0255915 0.035545 0.0454849 0.0548495 0.0635987 0.0716228 0.0780836 0.0814213 0.080141 0.073761
 1.05895e-16 7.39824e-05 0.000719136 0.00477891 0.0217242 0.0675922 0.144012 0.210191 0.210195 0.14403 0.0676512 0.0218953 0.00521036 0.00166755 0.00189526 0.00307107 0.0045524 0.00602733 0.00725183 0.00816527 0.0089366 0.00983176 0.0109913 0.0122907 0.0133812 0.0138646
pSPR Fmed_Fpbrs
0.482766   0.261852 0.261852
Fs Fmed_Fpbrs
0.480113   1.005 1.005
SSBpbr Bo_Bmed_Bpbrs
1.66228e+06  719377  352156 352156
Ro
109716
SPR SPRFo_SPRFmed_SPRFpbrs
784242 378605 205355
Fref
1.005
Nvult_r0
 146141 7142.67 3627.11 7162.09 1976.34
CTP_r0
 27945.5 1971.73 1025.2 2026.9 559.351
YTP_r0
391208
Np
 175995 59812.5 2396.78 1196.67 2945.99
Nvult_p0
 140531 51477.8 2073.43 1035.51 2549.28
CTP_p0
 52806.1 25357.4 1038.34 519.021 1277.82
YTP_p0
 888897
CBA_c0
540514
log_Ro
11.4256
likeval ReclasPelacesDesembMPH_pf_preclas_ppelaces_ptallas_desvR_qrecl_qpela
 17.8598 31.0834 0.0582157 0.00214027 250.948 117.696 102.449 0 47.5138 0 0 0.140884 0 0 0
q_reclas_q_pelaces
1 1
M
1
N
 88887.3 45082.3 75639.8 9099.45 0.299679
 119028 28270 13114.6 21832.5 2625.41
 69751.7 32885.6 6553.7 2993.87 5578.65
 40928.9 19186 7569.36 1485.09 1940.85
 22882.8 6741.21 1931.28 729.732 329.483
 271106 4095.13 775.783 213.81 117.014
 35762.7 70132.5 853.774 158.707 67.6077
 10810.1 6015.64 7303.45 85.2485 22.5448
 24753.1 3167.91 1533.58 1839.27 27.128
 65802 3190.55 214.746 98.2609 119.218
 87864.9 10119.4 287.527 18.4663 18.6523
 131102 28419.8 3024.86 85.3546 11.0147
 100789 30844.8 5084.42 528.316 16.8095
 68830.7 24449.7 5797.34 934.478 100.068
 59405.8 11625 2562.83 582.781 103.76
 448449 11516.4 1521.98 324.176 86.6775
 42011.3 114431 2348.53 304.332 82.0648
 758742 12363.8 29372.7 595.647 97.9353
 343096 226152 3239.32 7609.08 179.563
 215271 96269.8 53752.1 758.802 1823.02
 428522 59686.2 22445.2 12343.2 592.359
 564441 126081 15314.3 5690.24 3277.24
 58132 159041 30170.1 3612.43 2113.63
 333259 18164.6 44965.6 8455.46 1604
 233509 105281 5227.2 12834.2 2869.91
 83194.7 74011.8 30457.7 1500.16 4504.96
 278753 26783.9 21957.6 8971.55 1768.14
 346271 86994.2 7557.41 6141.07 3002.2
 53120.7 112783 26297.7 2269.65 2744.92
 31162.3 17635.9 35161.3 8153.48 1554.26
 205953 9539.45 4823.78 9522.85 2627.75
pred_Ctot
 7702.59 6077.91 10504.6 1265.7 0.0416879
 19174.8 6860.18 3269.27 5450.31 655.463
 11390.7 8081.71 1654.38 756.837 1410.36
 15232.4 9739.57 3915.69 769.02 1005.08
 7868.33 3206.36 937.101 354.459 160.051
 52338.4 1174.02 228.198 62.979 34.4695
 13059 35053.6 434.978 80.9397 34.4814
 1415.92 1202.71 1501.69 17.5545 4.64283
 11037.8 1855.89 912.958 1095.87 16.164
 25940.8 1696.77 116.28 53.2569 64.619
 6778.94 1219.55 35.7072 2.29696 2.32029
 30971 9775.4 1065.8 30.113 3.88622
 22443.2 10063.1 1700.08 176.885 5.62835
 25040.4 12183.1 2944.74 475.148 50.8835
 18699.5 5133.9 1155.91 263.146 46.8543
 89464.2 3401.86 461.176 98.3625 26.3019
 5409.09 22510.9 475.176 61.6678 16.6304
 92598.8 2312.18 5651.04 114.771 18.8719
 52605.9 52412.8 771.442 1814.73 42.8282
 34299.2 23123.7 13264.1 187.514 450.537
 55231 11753.1 4545.75 2503.58 120.158
 85348.4 28843.7 3600.34 1339.71 771.651
 5608.75 23773.5 4643.91 556.912 325.875
 30129.7 2550.92 6503.87 1224.94 232.39
 20683.1 14496.3 741.354 1823.11 407.707
 6638.69 9215.14 3907.39 192.762 578.911
 27086.4 4030.98 3402.78 1392.5 274.461
 25342.8 9962.19 891.93 725.942 354.924
 3302.93 11023.4 2650.07 229.091 277.087
 3356.77 2929.08 6010.97 1396.02 266.14
 27945.5 1971.73 1025.2 2026.9 559.351
F
 0.145566 0.234761 0.242584 0.243011 0.243033
 0.286328 0.461773 0.477162 0.478 0.478044
 0.290763 0.468926 0.484553 0.485404 0.485449
 0.803598 1.296 1.33919 1.34154 1.34166
 0.720587 1.16212 1.20085 1.20296 1.20307
 0.352125 0.567888 0.586813 0.587844 0.587898
 0.782541 1.26204 1.3041 1.30639 1.30651
 0.22741 0.366755 0.378977 0.379642 0.379678
 1.04875 1.69137 1.74774 1.75081 1.75097
 0.872199 1.40663 1.45351 1.45606 1.4562
 0.128715 0.207585 0.214502 0.214879 0.214899
 0.447004 0.720903 0.744926 0.746235 0.746304
 0.416414 0.671569 0.693949 0.695168 0.695232
 0.778489 1.2555 1.29734 1.29962 1.29974
 0.640618 1.03315 1.06758 1.06946 1.06956
 0.365826 0.589984 0.609645 0.610716 0.610772
 0.223162 0.359904 0.371897 0.372551 0.372585
 0.210456 0.339412 0.350722 0.351339 0.351371
 0.270856 0.436822 0.451379 0.452172 0.452214
 0.282797 0.45608 0.471278 0.472106 0.47215
 0.223418 0.360315 0.372323 0.372977 0.373011
 0.266671 0.430072 0.444404 0.445185 0.445226
 0.163241 0.263266 0.272039 0.272517 0.272543
 0.152287 0.2456 0.253784 0.25423 0.254254
 0.148998 0.240295 0.248303 0.248739 0.248762
 0.133382 0.215111 0.222279 0.22267 0.22269
 0.164486 0.265274 0.274114 0.274595 0.274621
 0.121755 0.19636 0.202904 0.20326 0.203279
 0.102633 0.165521 0.171037 0.171337 0.171353
 0.183771 0.296376 0.306253 0.306791 0.306819
 0.236435 0.381309 0.394016 0.394708 0.394745
YTP_r0W_actual
 237537 32139.2 29628.2 70536.1 21367.2
YTP_p0W_proyectada
 397102 408761 24276.4 15311.1 43445.7
CTP_r0_actual
 27945.5 1971.73 1025.2 2026.9 559.351
CTP_p0_proyectada
 52806.1 25357.4 1038.34 519.021 1277.82
Wmedp
 7.52 16.12 23.38 29.5 34
Frms_r0
 0.236435 0.381309 0.394016 0.394708 0.394745
Zrms_r0
 1.23644 1.38131 1.39402 1.39471 1.39474
nmprior
 8.19 8.8 8.5 0
nm_flota  nm_reclas  nm_pelaces    nm_pelaL
inf 14.3453 9.32956 18.2314
cv_recla  cv_pelaces  cv_mph
0.382264 0.632174 1.42771
 ------------------------------------------------
Talla a la edad & desviaci?n 
 8 13.2811 15.8009 17.003 17.5766
 0.8 1.32811 1.58009 1.7003 1.75766
