years
 1991 1992 1993 1994 1995 1996 1997 1998 1999 2000 2001 2002 2003 2004 2005 2006 2007 2008 2009 2010 2011 2012 2013 2014 2015 2016 2017 2018 2019 2020 2021
reclasobs
 0 0 0 0 0 0 0 0 0 252601 567819 844713 477998 351125 339783 2.1784e+06 2.13404e+06 4.81314e+06 1.55562e+06 2.62356e+06 3.21686e+06 3.843e+06 1.13348e+06 3.07943e+06 1.97215e+06 2.03268e+06 2.025e+06 2.42433e+06 2.27542e+06 1.05018e+06 2.36338e+06
reclaspred
 4.03393e+06 1.53066e+06 834667 459471 113692 1.89419e+06 813066 351125 126948 206020 345237 622253 567666 405669 318932 1.78353e+06 1.22654e+06 4.2264e+06 3.39371e+06 1.93122e+06 3.75098e+06 3.32258e+06 2.0173e+06 3.60351e+06 2.42241e+06 1.70517e+06 2.57745e+06 3.48971e+06 2.5564e+06 1.09179e+06 1.63532e+06
pelacesobs
 0 0 0 0 0 0 0 0 0 0 0 0 0 0 0 552880 188675 0 991730 2.46772e+06 1.41603e+06 1.21717e+06 2.29649e+06 1.80582e+06 0 1.4828e+06 1.56532e+06 1.57751e+06 1.42118e+06 867257 1.10002e+06
pelacespred
 1.09407e+06 428416 201032 73361.7 18871.7 476793 159490 92903.6 19142.8 38857.8 83299.4 123318 123721 85695.4 67439.6 376553 258047 1.09984e+06 867645 457707 899531 803409 492974 1.01195e+06 640536 447711 788201 1.04203e+06 634915 312602 442496
mphobs
 0 0 0 0 0 0 0 0 0 0 0 498337 0 5186 125008 0 168611 109162 213762 579715 649985 157893 87575 83554 0 0 0 0 0 0 0
mphpred
 2.39987e+06 1.16248e+06 329279 248430 81629.4 20749.2 579783 189109 72636.4 13685.5 37788.3 119962 160381 113084 58845 63799.5 617931 381655 1.34033e+06 914701 713737 1.05398e+06 1.07673e+06 661583 1.1068e+06 787579 506240 734856 1.34536e+06 744194 280666
desembarqueobs
 494567 514787 250237 358949 120608 361735 552515 73892 212993 205616 52469 317467 293654 387597 252695 516296 358380 742168 942051 627588 828172 859565 418607 520667 417249 300574 415391 372974 316634 284311 391294
desembarquepred
 494528 514763 249626 358781 120542 361580 551896 73872.2 212739 205452 52460.8 317236 293401 387037 252441 515957 358257 741748 940904 626750 827765 858899 418396 520494 417029 300394 415196 372818 316487 284120 391122
Reclutas
 26659.3 17718.3 173178 26308.7 10173.7 316790 19886.4 5201.97 16835.6 58605.7 54078 123147 84943.5 67910.8 47692.3 397820 22762.5 666835 321202 169595 383206 516803 32127 280145 179802 55997.8 236169 303651 32015.6 17250.3 172377
log_desv_Rt
 -1.07828 -1.48682 0.792903 -1.09151 -2.04161 1.39682 -1.37138 -2.71238 -1.53792 -0.290582 -0.370988 0.451963 0.0805718 -0.14322 -0.496644 1.62459 -1.2363 2.14113 1.41065 0.771998 1.58716 1.88625 -0.891718 1.27389 0.830439 -0.336103 1.10313 1.35446 -0.89519 -1.51359 0.788268
SSB
 2.39987e+06 1.16248e+06 329279 248430 81629.4 20749.2 579783 189109 72636.4 13685.5 37788.3 119962 160381 113084 58845 63799.5 617931 381655 1.34033e+06 914701 713737 1.05398e+06 1.07673e+06 661583 1.1068e+06 787579 506240 734856 1.34536e+06 744194 280666
BT
 2.97468e+06 1.54008e+06 699239 434780 148208 1.41985e+06 855106 283376 245736 285066 235878 545506 549586 599683 406256 1.27583e+06 877153 3.20842e+06 2.89178e+06 1.63395e+06 2.77382e+06 2.6282e+06 1.5001e+06 2.82967e+06 1.86807e+06 1.3071e+06 2.25473e+06 2.77488e+06 1.72865e+06 1.02065e+06 1.40685e+06
Ftot
 0.206116 0.545887 0.552921 1.19963 1.55095 0.404551 1.03876 0.357827 2.36873 1.7767 0.310743 0.944819 0.927172 1.61538 1.42345 0.596867 0.486327 0.359472 0.497944 0.570729 0.422163 0.482822 0.349651 0.285187 0.308794 0.309215 0.31881 0.212895 0.209431 0.434059 0.474658
BD_Bspro_t
 0.967559 0.747323 0.442224 0.399109 0.154361 0.0612455 0.528593 0.237126 0.142791 0.0416859 0.128568 0.379417 0.315691 0.217395 0.123988 0.138545 0.476639 0.35587 0.589393 0.461538 0.363929 0.454388 0.483843 0.405562 0.562994 0.54007 0.497117 0.612815 0.718875 0.591648 0.412006
BD_Bspro
 4.29038 2.07824 0.58867 0.444131 0.145933 0.0370946 1.03651 0.338081 0.129856 0.0244663 0.0675563 0.214463 0.286722 0.202166 0.1052 0.114058 1.10471 0.682306 2.39618 1.63526 1.27599 1.88426 1.92493 1.18275 1.97869 1.408 0.905034 1.31374 2.40518 1.33044 0.501762
BD_Bo
 1.44714 0.700988 0.198558 0.149805 0.0492232 0.012512 0.349614 0.114034 0.0438004 0.00825244 0.0227867 0.0723383 0.096711 0.0681905 0.035484 0.0384716 0.372617 0.230141 0.808228 0.551572 0.430389 0.63556 0.649276 0.39894 0.667409 0.474917 0.305267 0.443124 0.811266 0.448755 0.169244
BD_Brms
 8.68257 4.2058 1.19131 0.898802 0.29533 0.0750695 2.09762 0.684185 0.262794 0.0495131 0.136716 0.434016 0.580248 0.40913 0.212897 0.230823 2.23563 1.3808 4.84922 3.30933 2.58226 3.81324 3.89553 2.39357 4.00433 2.84941 1.83154 2.65866 4.86745 2.69244 1.01543
Sel_flota
 0.773987 1 1 1 1
 0.773987 1 1 1 1
 0.773987 1 1 1 1
 0.773987 1 1 1 1
 0.773987 1 1 1 1
 0.773987 1 1 1 1
 0.773987 1 1 1 1
 0.773987 1 1 1 1
 0.773987 1 1 1 1
 0.773987 1 1 1 1
 0.773987 1 1 1 1
 0.773987 1 1 1 1
 0.773987 1 1 1 1
 0.773987 1 1 1 1
 0.773987 1 1 1 1
 0.773987 1 1 1 1
 0.773987 1 1 1 1
 0.773987 1 1 1 1
 0.773987 1 1 1 1
 0.773987 1 1 1 1
 0.773987 1 1 1 1
 0.773987 1 1 1 1
 0.773987 1 1 1 1
 0.773987 1 1 1 1
 0.773987 1 1 1 1
 0.773987 1 1 1 1
 0.773987 1 1 1 1
 0.773987 1 1 1 1
 0.773987 1 1 1 1
 0.773987 1 1 1 1
 0.773987 1 1 1 1
Sel_reclas
 1 1 1 1 1
 1 1 1 1 1
 1 1 1 1 1
 1 1 1 1 1
 1 1 1 1 1
 1 1 1 1 1
 1 1 1 1 1
 1 1 1 1 1
 1 1 1 1 1
 1 1 1 1 1
 1 1 1 1 1
 1 1 1 1 1
 1 1 1 1 1
 1 1 1 1 1
 1 1 1 1 1
 1 1 1 1 1
 1 1 1 1 1
 1 1 1 1 1
 1 1 1 1 1
 1 1 1 1 1
 1 1 1 1 1
 1 1 1 1 1
 1 1 1 1 1
 1 1 1 1 1
 1 1 1 1 1
 1 1 1 1 1
 1 1 1 1 1
 1 1 1 1 1
 1 1 1 1 1
 1 1 1 1 1
 1 1 1 1 1
Sel_pelaces
 1 1 1 1 1
 1 1 1 1 1
 1 1 1 1 1
 1 1 1 1 1
 1 1 1 1 1
 1 1 1 1 1
 1 1 1 1 1
 1 1 1 1 1
 1 1 1 1 1
 1 1 1 1 1
 1 1 1 1 1
 1 1 1 1 1
 1 1 1 1 1
 1 1 1 1 1
 1 1 1 1 1
 1 1 1 1 1
 1 1 1 1 1
 1 1 1 1 1
 1 1 1 1 1
 1 1 1 1 1
 1 1 1 1 1
 1 1 1 1 1
 1 1 1 1 1
 1 1 1 1 1
 1 1 1 1 1
 1 1 1 1 1
 1 1 1 1 1
 1 1 1 1 1
 1 1 1 1 1
 1 1 1 1 1
 1 1 1 1 1
pf_obs 
 0.8446 0.082 0.0669 0.0065 0
 0.8095 0.147 0.0364 0.0071 0
 0.9664 0.0169 0.016 0.0007 0
 0.9276 0.0648 0.0075 0.0001 0
 0.7033 0.2144 0.0806 0.0017 0
 0.9318 0.0425 0.0243 0.0014 0
 0.5671 0.3108 0.0964 0.0239 0.0018
 0.0768 0.2599 0.5324 0.112 0.0189
 0.490249 0.384438 0.106611 0.0170017 0.00170017
 0.7925 0.1577 0.0466 0.003 0.0002
 0.840416 0.127587 0.0312969 0.00059994 9.999e-05
 0.8084 0.0986 0.0794 0.0134 0.0002
 0.7335 0.1905 0.0724 0.0035 0.0001
 0.4001 0.4547 0.1325 0.0127 0
 0.49795 0.308269 0.164784 0.0264974 0.00249975
 0.9179 0.0499 0.0305 0.0017 0
 0.2467 0.6533 0.0926 0.0074 0
 0.9418 0.0223 0.034 0.0019 0
 0.707729 0.231977 0.0356964 0.0245975 0
 0.517169 0.277429 0.184464 0.0207286 0.00020938
 0.811772 0.124168 0.05621 0.00726502 0.000585176
 0.764997 0.148141 0.077277 0.00933861 0.000247198
 0.163321 0.427699 0.378323 0.0303852 0.000271297
 0.753843 0.0900009 0.118128 0.0371064 0.000921714
 0.721811 0.176058 0.0630433 0.0369309 0.00215725
 0.143369 0.312575 0.442814 0.0836902 0.0175525
 0.692698 0.0596174 0.167031 0.0765114 0.00414204
 0.394062 0.376323 0.152708 0.0712218 0.00568511
 0.125707 0.32114 0.495352 0.0537591 0.00404204
 0.23352 0.215282 0.420074 0.123614 0.00750983
 0.796117 0.104755 0.0508955 0.0450114 0.00322123
pf_pred 
 0.123306 0.207242 0.597058 0.0723936 7.90787e-07
 0.21298 0.123897 0.156756 0.451609 0.0547584
 0.900151 0.0273584 0.0114119 0.0144385 0.0466404
 0.33244 0.618423 0.0134634 0.00561593 0.0300577
 0.500317 0.217324 0.261575 0.00569462 0.0150889
 0.992916 0.00440319 0.00116578 0.00140316 0.000111488
 0.163206 0.832447 0.00270225 0.000715447 0.000929544
 0.223678 0.176199 0.597006 0.00193797 0.00117974
 0.745282 0.0715971 0.0415623 0.140823 0.000735414
 0.977736 0.0188758 0.00095228 0.000552801 0.00188281
 0.886263 0.11224 0.00126919 6.40301e-05 0.000163767
 0.857183 0.130402 0.0122516 0.000138539 2.48653e-05
 0.744938 0.229299 0.023524 0.00221014 2.94776e-05
 0.758471 0.196118 0.0408243 0.00418821 0.000398741
 0.827772 0.144495 0.0225182 0.00468743 0.000526672
 0.980077 0.0176367 0.00191823 0.000298938 6.92193e-05
 0.164213 0.823869 0.0105503 0.00114749 0.000220232
 0.951934 0.0102668 0.0372599 0.000477142 6.1856e-05
 0.574008 0.410713 0.00326353 0.0118439 0.000171333
 0.527548 0.307602 0.158938 0.00126292 0.00464965
 0.823934 0.107371 0.0447257 0.0231097 0.000859695
 0.780168 0.190162 0.0180937 0.00753702 0.00403925
 0.140042 0.714291 0.126006 0.0119893 0.00767072
 0.816891 0.0331089 0.124592 0.0219789 0.00342925
 0.597345 0.345067 0.0104129 0.0391847 0.00799098
 0.36317 0.424493 0.181967 0.00549114 0.0248776
 0.834447 0.0719433 0.0623978 0.0267481 0.00446401
 0.754752 0.213814 0.0136602 0.0118478 0.00592637
 0.176446 0.66182 0.141004 0.00900853 0.0117216
 0.234844 0.169584 0.478611 0.101971 0.0149915
 0.900841 0.0293818 0.0154649 0.0436461 0.0106662
pobs_RECLAS
 0 0 0 0 0
 0 0 0 0 0
 0 0 0 0 0
 0 0 0 0 0
 0 0 0 0 0
 0 0 0 0 0
 0 0 0 0 0
 0 0 0 0 0
 0 0 0 0 0
 0 0 0 0 0
 0.991045 0.00858322 0.000360255 1.14367e-05 0
 0.934742 0.0480273 0.0164251 0.00080598 0
 0.827803 0.169806 0.00239088 0 0
 0.941827 0.0461693 0.0120037 0 0
 0.791401 0.0380133 0.147996 0.0225897 0
 0.846168 0.0940531 0.0597789 0 0
 0.134021 0.677848 0.182769 0.00536245 0
 0.80878 0.0450904 0.141981 0.00414843 0
 0.846168 0.0940531 0.0597789 0 0
 0.905697 0.0802665 0.012482 0.00150086 5.37128e-05
 0.989698 0.0102097 9.19794e-05 0 0
 0.975433 0.0193895 0.00387452 0.00125025 5.28907e-05
 0.303575 0.632131 0.0575291 0.00676475 0
 0.966965 0.00978017 0.0227588 0.000495775 0
 0.843318 0.132988 0.00938335 0.0141283 0.000182051
 0.564624 0.303363 0.111486 0.0197234 0.00080311
 0.826376 0.0876187 0.0782897 0.00655872 0.00115652
 0.89761 0.0855135 0.0140674 0.00269457 0.000114338
 0.34875 0.467042 0.161289 0.0227151 0.000203297
 0.318654 0.224769 0.449479 0.00709798 0
 0.937255 0.0296025 0.0250945 0.00804832 0
ppred_RECLAS
 0.15436 0.199901 0.575909 0.0698293 7.62776e-07
 0.261898 0.116196 0.147013 0.423538 0.0513549
 0.922017 0.021367 0.00891274 0.0112765 0.0364264
 0.401948 0.554031 0.0120615 0.00503118 0.026928
 0.579588 0.182847 0.220078 0.00479121 0.0126951
 0.994563 0.00337953 0.000894762 0.00107695 8.55694e-05
 0.207032 0.788848 0.00256073 0.000677976 0.000880859
 0.272985 0.165008 0.559087 0.00181489 0.00110481
 0.809997 0.0534066 0.0310027 0.105045 0.00054857
 0.983958 0.0136005 0.000686139 0.000398305 0.0013566
 0.910243 0.088576 0.0010016 5.05306e-05 0.00012924
 0.888874 0.101466 0.00953298 0.000107797 1.93478e-05
 0.795464 0.183876 0.0188641 0.00177233 2.36383e-05
 0.812769 0.152029 0.0316466 0.00324667 0.000309101
 0.867858 0.110865 0.0172772 0.00359645 0.000404092
 0.984761 0.0134906 0.00146729 0.000228662 5.29469e-05
 0.204513 0.784144 0.0100416 0.00109216 0.000209613
 0.962702 0.0079668 0.0289128 0.000370251 4.79988e-05
 0.638186 0.348837 0.00277187 0.0100596 0.000145521
 0.594382 0.264088 0.136454 0.00108426 0.0039919
 0.859366 0.0857632 0.035725 0.0184591 0.000686689
 0.822797 0.153287 0.0145851 0.00607547 0.00325597
 0.175036 0.685225 0.120879 0.0115015 0.00735858
 0.852982 0.0265831 0.100035 0.0176468 0.00275334
 0.658773 0.292424 0.00882434 0.0332068 0.00677189
 0.425997 0.382615 0.164015 0.00494941 0.0224233
 0.867746 0.0574726 0.0498471 0.021368 0.00356612
 0.799789 0.174549 0.0111516 0.00967203 0.00483805
 0.217577 0.628766 0.133962 0.00855862 0.0111361
 0.286185 0.158205 0.446496 0.0951284 0.0139855
 0.922378 0.0230002 0.012106 0.0341664 0.00834954
pobs_PELACES
 0 0 0 0 0
 0 0 0 0 0
 0 0 0 0 0
 0 0 0 0 0
 0 0 0 0 0
 0 0 0 0 0
 0 0 0 0 0
 0 0 0 0 0
 0 0 0 0 0
 0 0 0 0 0
 0 0 0 0 0
 0 0 0 0 0
 0 0 0 0 0
 0 0 0 0 0
 0 0 0 0 0
 0 0 0 0 0
 0.505614 0.472636 0.0217494 0 0
 0 0 0 0 0
 0.443492 0.261883 0.143347 0.151278 0
 0.227955 0.32914 0.350689 0.0885471 0.00366901
 0.970185 0.0296113 0.000203453 0 0
 0.997202 0.00247181 0.000326279 0 0
 0.445219 0.490057 0.0546422 0.010081 0
 0.90214 0.0892962 0.00764917 0.000914606 0
 0 0 0 0 0
 0.581667 0.319106 0.0959925 0.00289975 0.000334073
 0.762889 0.0836404 0.116647 0.0363945 0.000428098
 0.88444 0.0763242 0.0277011 0.0115352 0
 0.521256 0.241999 0.230069 0.00667565 0
 0.616807 0.101726 0.260614 0.0208532 0
 0.833518 0.0704572 0.0857862 0.0102388 0
ppred_PELACES
 0.156378 0.199424 0.574535 0.0696627 7.60956e-07
 0.269845 0.114945 0.14543 0.418979 0.050802
 0.924931 0.0205686 0.00857969 0.0108551 0.0350652
 0.423633 0.533943 0.0116242 0.00484876 0.0259516
 0.607487 0.170714 0.205474 0.00447326 0.0118527
 0.994724 0.00327961 0.000868308 0.00104511 8.30394e-05
 0.22004 0.775908 0.00251872 0.000666854 0.00086641
 0.278314 0.163798 0.55499 0.00180158 0.00109671
 0.835712 0.0461786 0.0268068 0.0908281 0.000474327
 0.985921 0.0119363 0.000602182 0.000349568 0.00119061
 0.912118 0.0867251 0.000980674 4.94747e-05 0.000126539
 0.895646 0.0952824 0.00895202 0.000101228 1.81687e-05
 0.806485 0.173968 0.0178476 0.00167682 2.23645e-05
 0.830417 0.137699 0.0286637 0.00294064 0.000279966
 0.879565 0.101043 0.0157465 0.00327783 0.000368291
 0.985414 0.0129117 0.00140433 0.000218851 5.06752e-05
 0.210477 0.778264 0.00996629 0.00108397 0.000208042
 0.963653 0.0077637 0.0281757 0.000360812 4.67751e-05
 0.646716 0.340613 0.00270651 0.00982238 0.00014209
 0.604603 0.257433 0.133016 0.00105695 0.00389132
 0.863128 0.0834688 0.0347693 0.0179653 0.000668318
 0.827986 0.148798 0.0141579 0.00589755 0.00316062
 0.178834 0.682071 0.120322 0.0114485 0.0073247
 0.85563 0.0261044 0.0982332 0.017329 0.00270376
 0.663931 0.288004 0.00869094 0.0327048 0.00666953
 0.431646 0.378849 0.162401 0.0049007 0.0222026
 0.870451 0.0562971 0.0488276 0.0209309 0.00349318
 0.80232 0.172343 0.0110107 0.00954978 0.00477691
 0.220248 0.62662 0.133505 0.0085294 0.0110981
 0.292844 0.156729 0.442331 0.094241 0.0138551
 0.924875 0.0222603 0.0117166 0.0330673 0.00808093
pobs_pel_tallas
 0 0 0 0 0 0 0 0 0 0 0 0 0 0 0 0 0 0 0 0 0 0 0 0 0 0
 0 0 0 0 0 0 0 0 0 0 0 0 0 0 0 0 0 0 0 0 0 0 0 0 0 0
 0 0 0 0 0 0 0 0 0 0 0 0 0 0 0 0 0 0 0 0 0 0 0 0 0 0
 0 0 0 0 0 0 0 0 0 0 0 0 0 0 0 0 0 0 0 0 0 0 0 0 0 0
 0 0 0 0 0 0 0 0 0 0 0 0 0 0 0 0 0 0 0 0 0 0 0 0 0 0
 0 0 0 0 0 0 0 0 0 0 0 0 0 0 0 0 0 0 0 0 0 0 0 0 0 0
 0 0 0 0 0 0 0 0 0 0 0 0 0 0 0 0 0 0 0 0 0 0 0 0 0 0
 0 0 0 0 0 0 0 0 0 0 0 0 0 0 0 0 0 0 0 0 0 0 0 0 0 0
 0 0 0 0 0 0 0 0 0 0 0 0 0 0 0 0 0 0 0 0 0 0 0 0 0 0
 0 0 0 0 0 0 0 0 0 0 0 0 0 0 0 0 0 0 0 0 0 0 0 0 0 0
 0 0 0 0 0 0 0 0 0 0 0 0 0 0 0 0 0 0 0 0 0 0 0 0 0 0
 0 0 0 0 0 0 0 0 0 0 0 0 0 0 0 0 0 0 0 0 0 0 0 0 0 0
 0.00862536 0 0 0.000197151 0.00414017 0.0128641 0.00837892 0.0270097 0.101434 0.158115 0.152841 0.127902 0.109271 0.109419 0.0830992 0.0579132 0.0238553 0.00714673 0.00463305 0.00128148 0.00103504 0.000492878 0.000147863 0.000147863 4.92878e-05 0
 0 0 0 0 0 0 0 0 0 0 0 0 0 0 0 0 0 0 0 0 0 0 0 0 0 0
 0 0 0 0 0 0 0 0.0054083 0.00873648 0.0413646 0.0450493 0.0745869 0.0622846 0.0627006 0.0613931 0.0827291 0.12552 0.122667 0.0946155 0.0697135 0.0546179 0.0294188 0.0215738 0.0213955 0.0102223 0.00600262
 0 0 0 0 0.00359764 0.0251062 0.0480494 0.140153 0.205849 0.193036 0.1447 0.116669 0.0760912 0.0342217 0.00950174 0.001854 0.000860785 0 0 0 0.000165536 0 0.000143464 0 0 0
 0 0 0 0 0 0 0 0.000145254 0.000435761 0.0275982 0.070085 0.0708112 0.156366 0.174668 0.174014 0.160142 0.0824315 0.0480064 0.0283245 0.00493863 0.00203355 0 0 0 0 0
 0 0 0 0 0 0 0 0 0 0 0 0 0 0 0 0 0 0 0 0 0 0 0 0 0 0
 0 0 1.00437e-05 0.000401748 0.00122533 0.00171747 0.00176769 0.0269171 0.070346 0.194647 0.189555 0.159765 0.064822 0.0314167 0.0384472 0.0292271 0.0345202 0.0313363 0.0194345 0.0106764 0.0143323 0.0359363 0.0279516 0.0138201 0.00172751 0
 0 0.0021121 0.0136068 0.0755702 0.200478 0.177729 0.0527432 0.0373336 0.0318909 0.0142505 0.0149659 0.0166563 0.0217959 0.0798694 0.0677717 0.0528807 0.04013 0.0224614 0.0357745 0.0225083 0.00881397 0.00855152 0.00135912 0.000746735 0 0
 0 0 0 0 5.4009e-05 0.00500934 0.000945158 0.0243581 0.138947 0.33067 0.221406 0.137944 0.0707744 0.0437923 0.0131692 0.00525238 0.0047753 0.00276346 9.45158e-05 9.00151e-06 2.25038e-05 9.00151e-06 4.50075e-06 0 0 0
 0.000866109 0.00284123 0.00948549 0.0512746 0.133035 0.25785 0.225252 0.132002 0.0553304 0.0519788 0.0540692 0.017754 0.00435017 0.00159236 0.00146478 0.000404838 0.000125132 0.000115318 0.000107957 0.000100596 0 0 0 0 0 0
 0 0 0 0 0.00144013 0.00171154 0.00461396 0.0210425 0.0478622 0.0707936 0.0888783 0.103762 0.0637923 0.0337046 0.0602308 0.124433 0.169614 0.0934646 0.0462172 0.0250306 0.0313229 0.00938855 0.002487 0.000210481 0 0
 0 0.00764035 0.051015 0.0998891 0.058973 0.0496711 0.0374665 0.0718981 0.12319 0.153886 0.159021 0.0857701 0.0377988 0.023471 0.0147837 0.00900784 0.00315554 0.000888139 0.00291439 0.00214683 0.00393193 0.00274676 0.000635225 9.99891e-05 0 0
 0 0 0 0 0 0 0 0 0 0 0 0 0 0 0 0 0 0 0 0 0 0 0 0 0 0
 0 0 0 0 0 0 0 0 0 0 0 0 0 0 0 0 0 0 0 0 0 0 0 0 0 0
 0 0 0 0 0 0 0 0 0 0 0 0 0 0 0 0 0 0 0 0 0 0 0 0 0 0
 0 0 0 0 0 0 0 0 0 0 0 0 0 0 0 0 0 0 0 0 0 0 0 0 0 0
 0 0 0 0 0 0 0 0 0 0 0 0 0 0 0 0 0 0 0 0 0 0 0 0 0 0
 0 0 0 0 0 0 0 0 0 0 0 0 0 0 0 0 0 0 0 0 0 0 0 0 0 0
 0 0 0 0 0 0 0 0 0 0 0 0 0 0 0 0 0 0 0 0 0 0 0 0 0 0
ppred_pel_tallas
 1.23618e-16 1.28807e-05 0.000125205 0.00083203 0.0037823 0.0117682 0.0250742 0.0366008 0.0366209 0.0251728 0.0121017 0.00475638 0.00331878 0.00569169 0.0109885 0.0191989 0.0301074 0.0429693 0.0568575 0.0710878 0.0851138 0.0978762 0.107329 0.110892 0.10674 0.0949817
 1.54842e-16 2.22268e-05 0.000216052 0.00143574 0.00652668 0.020307 0.0432666 0.0631513 0.0631627 0.0433227 0.0204963 0.00707863 0.00284091 0.00335115 0.006183 0.0107532 0.0168887 0.0243666 0.0331695 0.0438063 0.0571463 0.0736323 0.0923407 0.110626 0.124739 0.131171
 1.07276e-16 7.61854e-05 0.000740549 0.00492121 0.0223711 0.0696048 0.1483 0.216449 0.216451 0.14831 0.0696377 0.0224665 0.00516189 0.00126994 0.00109402 0.00172304 0.00256378 0.00342997 0.00421276 0.00492511 0.00572311 0.0068172 0.00831988 0.0101333 0.0119481 0.0133486
 1.0535e-16 3.48942e-05 0.000339184 0.002254 0.0102464 0.0318806 0.0679268 0.0991519 0.0992033 0.0681777 0.0327228 0.0126779 0.00835274 0.0136373 0.0252451 0.0415626 0.0595981 0.0743872 0.0809129 0.0769051 0.0642566 0.0478465 0.032735 0.0218624 0.0155596 0.0125234
 1.08428e-16 5.00379e-05 0.000486387 0.00323221 0.0146932 0.045716 0.0974034 0.142167 0.142183 0.0974853 0.0459918 0.0154934 0.00525445 0.00494549 0.00864885 0.0145577 0.0217521 0.0289859 0.0349603 0.0389783 0.0411845 0.0421308 0.0420956 0.0408127 0.0378116 0.0329803
 1.00145e-16 8.19341e-05 0.000796429 0.00529255 0.0240592 0.074857 0.159491 0.232781 0.232782 0.159492 0.0748622 0.0240742 0.00533038 0.000879198 0.000239664 0.000267974 0.000381565 0.000487337 0.000552463 0.000564783 0.000535515 0.000490549 0.000453114 0.00043125 0.00041773 0.000399146
 1.00485e-16 1.81246e-05 0.000176177 0.00117076 0.00532217 0.0165596 0.0352848 0.0515149 0.0515895 0.0356493 0.0177829 0.00885319 0.0100255 0.0194778 0.0365916 0.0602448 0.0862674 0.107398 0.116254 0.109438 0.089631 0.0639286 0.0397965 0.0217399 0.0105638 0.00472168
 1.16424e-16 2.29244e-05 0.000222833 0.00148081 0.00673154 0.0209444 0.0446249 0.0651348 0.0651514 0.0447064 0.0212205 0.00753942 0.00354782 0.00486417 0.00921438 0.0161751 0.0255646 0.0368395 0.0492582 0.0621501 0.0747828 0.0858666 0.0933138 0.0948226 0.0890847 0.0767359
 1.09975e-16 6.88365e-05 0.000669115 0.00444651 0.0202132 0.0628907 0.133996 0.195571 0.195576 0.134018 0.0629651 0.0204289 0.00499147 0.00187094 0.00238867 0.00394279 0.0059281 0.00802672 0.010004 0.0118525 0.0138191 0.0161989 0.0190283 0.0219178 0.0241579 0.0250304
 1.00258e-16 8.1209e-05 0.000789381 0.00524571 0.0238462 0.0741945 0.158079 0.230722 0.230723 0.158085 0.0742134 0.0239007 0.00538223 0.00108718 0.000646179 0.000938202 0.00134023 0.00167859 0.00183823 0.0017701 0.00151759 0.00118922 0.000895178 0.000696002 0.000592422 0.000548731
 1.00077e-16 7.513e-05 0.00073029 0.00485304 0.0220612 0.0686406 0.146246 0.213453 0.213461 0.146287 0.0687774 0.022456 0.005843 0.00288839 0.00416488 0.00674318 0.00965179 0.012022 0.013025 0.0122811 0.0100884 0.00723646 0.00455511 0.00254393 0.00129104 0.000624758
 1.00297e-16 7.37732e-05 0.000717102 0.00476539 0.0216628 0.0674011 0.143605 0.209598 0.209607 0.14365 0.0675516 0.0220974 0.00585585 0.00309617 0.0045879 0.00745688 0.0107082 0.0134087 0.0146597 0.0140445 0.0118718 0.00896932 0.00619667 0.00405679 0.0026262 0.00173095
 1.00732e-16 6.64292e-05 0.000645715 0.00429101 0.0195063 0.0606914 0.12931 0.188735 0.188752 0.129392 0.0609663 0.0203 0.00628264 0.00499141 0.00831355 0.0136225 0.0195781 0.0245356 0.0268637 0.0258047 0.0219213 0.016717 0.0117479 0.0079151 0.00534327 0.00370651
 1.01205e-16 6.84004e-05 0.000664876 0.00441833 0.0200851 0.0624923 0.133147 0.194335 0.194348 0.133212 0.0627103 0.020715 0.0060001 0.00411992 0.00663608 0.0108777 0.0156976 0.0198101 0.0219475 0.0215153 0.018928 0.0153031 0.0117722 0.00895385 0.00689461 0.00534807
 1.00872e-16 7.24486e-05 0.000704226 0.00467983 0.0212738 0.0661909 0.141027 0.205835 0.205845 0.141075 0.0663507 0.0217355 0.00583875 0.00323447 0.00487874 0.00795315 0.0114548 0.0144146 0.0158955 0.0154637 0.0134378 0.010665 0.0080075 0.00594355 0.00451169 0.00351204
 1.00075e-16 8.11673e-05 0.000788975 0.00524302 0.023834 0.0741564 0.157998 0.230603 0.230604 0.158004 0.0741768 0.0238929 0.00539087 0.00111162 0.000693571 0.00101716 0.00145499 0.0018244 0.00200005 0.00192581 0.00164352 0.00126447 0.000903365 0.000625964 0.000440275 0.000321122
 1.00631e-16 1.73369e-05 0.000168521 0.00111988 0.00509088 0.01584 0.0337516 0.0492771 0.049352 0.0341172 0.0170673 0.00863346 0.0100042 0.0195363 0.0367216 0.060474 0.0866278 0.107914 0.116937 0.110289 0.0906432 0.0650756 0.0410251 0.022967 0.0116902 0.00565959
 1.0086e-16 7.93748e-05 0.000771552 0.00512723 0.0233076 0.0725187 0.154509 0.22551 0.225511 0.154513 0.0725319 0.0233462 0.00522589 0.000993528 0.000520202 0.000784367 0.00123806 0.00179668 0.00242362 0.00308753 0.00374975 0.00433975 0.00474553 0.00484555 0.00457083 0.00395284
 1.01175e-16 5.32692e-05 0.000517796 0.00344094 0.015642 0.0486683 0.103694 0.151352 0.151384 0.103854 0.0492055 0.0171925 0.0073295 0.00899522 0.0161202 0.026479 0.0379369 0.0472854 0.0513002 0.0485097 0.0401025 0.0291851 0.0190002 0.0114641 0.00685591 0.00443129
 1.04669e-16 4.98004e-05 0.000484077 0.00321687 0.0146234 0.045499 0.0969414 0.141494 0.141519 0.0970634 0.0459092 0.0158099 0.00620209 0.00702382 0.0125369 0.0208204 0.0303881 0.0390394 0.0445235 0.0457329 0.0432572 0.0387918 0.0339392 0.0294057 0.025081 0.0206481
 1.0294e-16 7.10948e-05 0.000691066 0.00459238 0.0208763 0.0649539 0.138392 0.201988 0.201996 0.138431 0.0650868 0.0212605 0.00555892 0.00280785 0.00411143 0.00673787 0.00982573 0.0126252 0.0144226 0.0148941 0.0142779 0.0131659 0.0120877 0.0112261 0.0104381 0.00948135
 1.01573e-16 6.82002e-05 0.00066293 0.0044054 0.0200263 0.0623094 0.132757 0.193766 0.193781 0.132827 0.0625445 0.0207052 0.00610907 0.00438054 0.00712425 0.0116587 0.0167624 0.0210269 0.023068 0.022254 0.0190842 0.0148562 0.0108965 0.00794813 0.00606674 0.00491088
 1.06035e-16 1.47305e-05 0.000143185 0.00095152 0.00432551 0.0134586 0.0286775 0.0418694 0.0419352 0.0289989 0.0145379 0.0074432 0.00877885 0.0172352 0.0324898 0.0537247 0.0774717 0.0975836 0.107774 0.105104 0.0916873 0.0731791 0.055335 0.0413448 0.031481 0.0244551
 1.05037e-16 7.04771e-05 0.000685062 0.00455248 0.0206949 0.0643896 0.137189 0.200232 0.200234 0.137202 0.064434 0.0208253 0.00488711 0.00144001 0.00157604 0.00268161 0.00429451 0.00631754 0.00867884 0.0113138 0.014117 0.0168395 0.0190402 0.0201935 0.0199203 0.018191
 1.04733e-16 5.46872e-05 0.000531579 0.00353253 0.0160584 0.0499637 0.106454 0.155379 0.155406 0.106589 0.0504183 0.0173709 0.0068254 0.00771422 0.0136796 0.0224882 0.0323011 0.0404483 0.0442686 0.0425848 0.0364431 0.0284517 0.0212476 0.016259 0.0134788 0.012051
 1.09033e-16 3.55542e-05 0.000345599 0.00229663 0.0104402 0.0324835 0.0692108 0.101023 0.10106 0.0693901 0.0330861 0.0121829 0.00667914 0.00993944 0.0183344 0.0304582 0.0443472 0.0567548 0.064356 0.065563 0.0613683 0.0544653 0.0474232 0.0414074 0.0362112 0.0311389
 1.04114e-16 7.16979e-05 0.000696929 0.00463134 0.0210534 0.065505 0.139566 0.203701 0.203707 0.139592 0.0655955 0.0213157 0.00529327 0.00215356 0.00287251 0.00472612 0.0070156 0.0092769 0.0110861 0.012252 0.0128977 0.0133009 0.0136288 0.0137982 0.0135599 0.0127034
 1.02128e-16 6.60861e-05 0.00064238 0.00426884 0.0194055 0.060378 0.128642 0.187761 0.187777 0.128723 0.0606501 0.0201914 0.00624049 0.00494372 0.0082271 0.013476 0.0193602 0.0242532 0.0265519 0.0255326 0.0217934 0.0168664 0.0123169 0.00901844 0.00702188 0.00589232
 1.06747e-16 1.81416e-05 0.000176343 0.00117187 0.00532717 0.0165751 0.0353173 0.0515593 0.0516197 0.0356127 0.0175674 0.00819399 0.00837109 0.0159025 0.0299144 0.0495019 0.0714819 0.0902466 0.100058 0.0982236 0.0866386 0.0703909 0.0546216 0.0421244 0.0330759 0.0263093
 1.24601e-16 2.41212e-05 0.000234467 0.00155812 0.00708298 0.0220379 0.0469546 0.0685349 0.0685507 0.0470321 0.0223 0.00784881 0.00351362 0.00461339 0.00866383 0.0151312 0.023775 0.0340489 0.0453068 0.0571252 0.0691956 0.0807599 0.0901691 0.0951899 0.0940235 0.0863255
 1.05028e-16 7.61807e-05 0.000740504 0.00492091 0.0223697 0.0696006 0.148291 0.216436 0.216438 0.148302 0.0696363 0.0224734 0.00518261 0.0013169 0.00118656 0.00188437 0.00281494 0.00378267 0.00466329 0.00544819 0.00626118 0.00726428 0.00851005 0.00985269 0.0109834 0.0115634
pSPR Fmed_Fpbrs
0.398536   0.216672 0.216672
Fs Fmed_Fpbrs
0.547424   1.005 1.005
SSBpbr Bo_Bmed_Bpbrs
1.65835e+06  577995  276401 276401
Ro
78367.9
SPR SPRFo_SPRFmed_SPRFpbrs
559360 222925 121198
Fref
1.005
Nvult_r0
 128460 3497.3 1840.78 5195.17 1269.59
CTP_r0
 34513.8 1125.7 592.504 1672.2 408.651
YTP_r0
391122
Np
 142466 24076.7 5913.89 139.766 83.471
Nvult_p0
 118389 20834.6 5117.52 120.945 72.2308
CTP_p0
 51798.2 19049 450.194 236.957 821.805
 51798.2 10443.3 2565.14 60.6233 36.2055
YTP_p0
 731640 613952
CBA_c0
696334
log_Ro
11.0892
likeval ReclasPelacesDesembMPH_pf_preclas_ppelaces_ptallas_desvR_qrecl_qpela
 12.8857 59.8886 0.108623 0.00165587 277.577 118.674 107.369 0 70.856 1.62382e-05 0 0.107725 0 0 0
q_reclas_q_pelaces
1.77007 1
M
1
N
 26659.3 35338.1 101808 12344.3 0.134842
 17718.3 8361.23 10578.7 30477 3695.4
 173178 4272.02 1781.97 2254.57 7282.92
 26308.7 41527.9 904.083 377.116 2018.41
 10173.7 3824.41 4603.11 100.212 265.53
 316790 1126.81 298.333 359.078 28.5307
 19886.4 85210.2 276.606 73.2339 95.1491
 5201.97 3274.12 11093.5 36.0114 21.9218
 16835.6 1450.76 842.167 2853.47 14.9015
 58605.7 990.18 49.9543 28.9986 98.7674
 54078 5450.42 61.6325 3.10934 7.95263
 123147 15641.3 1469.54 16.6173 2.98253
 84943.5 21804.2 2236.91 210.164 2.80304
 67910.8 15246.8 3173.8 325.604 30.9993
 47692.3 7155.73 1115.15 232.132 26.082
 397820 5830.15 634.109 98.8198 22.8818
 22762.5 92206.7 1180.78 128.426 24.6482
 666835 5747.15 20857.3 267.095 34.6257
 321202 185734 1475.85 5356.09 77.4807
 169595 80372.1 41528.2 329.984 1214.89
 383206 40112 16708.8 8633.44 321.169
 516803 101679 9674.69 4030.03 2159.78
 32127 130839 23080.8 2196.12 1405.06
 280145 9016.64 33930.4 5985.57 933.897
 179802 82646.9 2493.99 9385.12 1913.92
 55997.8 52083.6 22326.7 673.741 3052.38
 236169 16215.8 14064.3 6028.92 1006.17
 303651 67883.5 4336.96 3761.53 1881.56
 32015.6 94736.6 20184.1 1289.53 1677.89
 17250.3 10015.4 28266.3 6022.28 885.381
 172377 4535.21 2387.08 6736.97 1646.37
pred_Ctot
 2517.49 4231.2 12189.9 1478.04 0.0161453
 3993.76 2323.28 2939.45 8468.46 1026.82
 39455 1199.16 500.201 632.861 2044.32
 10825.4 20138 438.414 182.874 978.78
 4935.42 2143.81 2580.33 56.175 148.846
 55220.9 244.883 64.835 78.0364 6.2004
 7403.61 37762.8 122.584 32.4553 42.1675
 813.586 640.891 2171.5 7.04902 4.29107
 10253 984.977 571.781 1937.34 10.1173
 30775.4 594.14 29.9742 17.4001 59.2637
 7452.11 943.762 10.6719 0.538395 1.37703
 42806.3 6512.04 611.822 6.91839 1.24173
 29119.2 8963.15 919.541 86.3932 1.15226
 33756.2 8728.35 1816.91 186.399 17.7462
 21944.2 3830.57 596.956 124.264 13.9621
 96570.9 1737.81 189.011 29.4555 6.82045
 4653.23 23345.5 298.958 32.5158 6.24061
 104719 1129.42 4098.84 52.4889 6.80458
 66995.8 47936.7 380.906 1382.37 19.9972
 39672.5 23132.2 11952.4 94.974 349.662
 69333.8 9035.19 3763.65 1944.67 72.343
 104997 25592.5 2435.1 1014.35 543.611
 4922.18 25105.8 4428.84 421.399 269.609
 35711.4 1447.4 5446.68 960.833 149.914
 24636.7 14231.8 429.466 1616.12 329.577
 7682.35 8979.55 3849.26 116.157 526.251
 33306.6 2871.59 2490.59 1067.64 178.179
 29554.5 8372.49 534.905 463.933 232.065
 3068.73 11510.3 2452.33 156.676 203.86
 3197.48 2308.94 6516.45 1388.37 204.114
 34513.8 1125.7 592.504 1672.2 408.651
F
 0.159531 0.206116 0.206116 0.206116 0.206116
 0.422509 0.545887 0.545887 0.545887 0.545887
 0.427953 0.552921 0.552921 0.552921 0.552921
 0.928499 1.19963 1.19963 1.19963 1.19963
 1.20041 1.55095 1.55095 1.55095 1.55095
 0.313117 0.404551 0.404551 0.404551 0.404551
 0.803985 1.03876 1.03876 1.03876 1.03876
 0.276953 0.357827 0.357827 0.357827 0.357827
 1.83337 2.36873 2.36873 2.36873 2.36873
 1.37514 1.7767 1.7767 1.7767 1.7767
 0.240511 0.310743 0.310743 0.310743 0.310743
 0.731277 0.944819 0.944819 0.944819 0.944819
 0.717618 0.927172 0.927172 0.927172 0.927172
 1.25028 1.61538 1.61538 1.61538 1.61538
 1.10173 1.42345 1.42345 1.42345 1.42345
 0.461967 0.596867 0.596867 0.596867 0.596867
 0.37641 0.486327 0.486327 0.486327 0.486327
 0.278226 0.359472 0.359472 0.359472 0.359472
 0.385402 0.497944 0.497944 0.497944 0.497944
 0.441737 0.570729 0.570729 0.570729 0.570729
 0.326749 0.422163 0.422163 0.422163 0.422163
 0.373698 0.482822 0.482822 0.482822 0.482822
 0.270625 0.349651 0.349651 0.349651 0.349651
 0.220731 0.285187 0.285187 0.285187 0.285187
 0.239003 0.308794 0.308794 0.308794 0.308794
 0.239328 0.309215 0.309215 0.309215 0.309215
 0.246755 0.31881 0.31881 0.31881 0.31881
 0.164778 0.212895 0.212895 0.212895 0.212895
 0.162097 0.209431 0.209431 0.209431 0.209431
 0.335956 0.434059 0.434059 0.434059 0.434059
 0.367379 0.474658 0.474658 0.474658 0.474658
YTP_r0W_actual
 286464 15872.4 16353.1 57189.4 15242.7
YTP_p0W_proyectada
 387969 298497 10413 6959.41 27801.6
 387969 163646 59331.7 1780.51 1224.83
CTP_r0_actual
 34513.8 1125.7 592.504 1672.2 408.651
CTP_p0_proyectada
 51798.2 19049 450.194 236.957 821.805
 51798.2 10443.3 2565.14 60.6233 36.2055
Wmedp
 7.49 15.67 23.13 29.37 33.83
Frms_r0
 0.367379 0.474658 0.474658 0.474658 0.474658
Zrms_r0
 1.36738 1.47466 1.47466 1.47466 1.47466
nmprior
 8.19 8.8 8.5 0
nm_flota  nm_reclas  nm_pelaces    nm_pelaL
inf 13.7819 6.99938 12.5481
cv_recla  cv_pelaces  cv_mph
0.324697 0.877494 1.25579
 ------------------------------------------------
Talla a la edad & desviaci?n 
 8 13.2811 15.8009 17.003 17.5766
 0.8 1.32811 1.58009 1.7003 1.75766
