years
 1991 1992 1993 1994 1995 1996 1997 1998 1999 2000 2001 2002 2003 2004 2005 2006 2007 2008 2009 2010 2011 2012 2013 2014 2015 2016 2017 2018 2019 2020 2021
reclasobs
 0 0 0 0 0 0 0 0 0 252601 567819 844713 477998 351125 339783 2.1784e+06 2.13404e+06 4.81314e+06 1.55562e+06 2.62356e+06 3.21686e+06 3.843e+06 1.13348e+06 3.07943e+06 1.97215e+06 2.03268e+06 2.025e+06 2.42433e+06 2.27542e+06 1.05018e+06 2.36338e+06
reclaspred
 3.35614e+06 1.90497e+06 969270 1.0181e+06 1.04725e+06 1.61358e+06 1.07849e+06 966098 700110 510016 530652 656641 649753 521956 529473 1.25386e+06 1.25e+06 2.71232e+06 2.24659e+06 1.6858e+06 2.97709e+06 2.42277e+06 1.96163e+06 3.00843e+06 2.27188e+06 2.01852e+06 2.35733e+06 2.46187e+06 2.04001e+06 1.32894e+06 1.91779e+06
pelacesobs
 0 0 0 0 0 0 0 0 0 0 0 0 0 0 0 552880 188675 0 991730 2.46772e+06 1.41603e+06 1.21717e+06 2.29649e+06 1.80582e+06 0 1.4828e+06 1.56532e+06 1.57751e+06 1.42118e+06 867257 1.10002e+06
pelacespred
 2.06469e+06 1.31176e+06 673179 566530 601415 949560 622748 653628 470511 327043 343077 355730 384385 328535 337751 653617 668812 1.6155e+06 1.41814e+06 994371 1.66007e+06 1.49217e+06 1.20963e+06 1.98021e+06 1.47611e+06 1.30238e+06 1.702e+06 1.75728e+06 1.22855e+06 904589 1.27507e+06
mphobs
 0 0 0 0 0 0 0 0 0 0 0 498337 0 5186 125008 0 168611 109162 213762 579715 649985 157893 87575 83554 0 0 0 0 0 0 0
mphpred
 505625 339711 172257 94216.5 110937 127313 166578 111646 97128.3 67834.1 44712.3 62119.8 66076 57047.4 40650.8 50557.1 144559 142500 268746 205804 220962 271448 258704 217275 300530 248764 205898 215925 295121 204806 129396
desembarqueobs
 494567 514787 250237 358949 120608 361735 552515 73892 212993 205616 52469 317467 293654 387597 252695 516296 358380 742168 942051 627588 828172 859565 418607 520667 417249 300574 415391 372974 316634 284311 391294
desembarquepred
 494574 513226 251068 358972 120612 361751 552576 73895.6 213038 205660 52471.4 317538 293713 387659 252701 516284 358407 742096 941924 627499 828253 859617 418624 520694 417255 300580 415397 372967 316634 284324 391301
Reclutas
 221379 126549 125381 241342 193234 312095 131442 62049.3 55549.6 71456.4 128222 165178 139350 98131.8 99813.6 502986 118687 777610 455325 349548 519050 699342 153358 443144 374290 170003 371425 412071 127707 96988.4 363574
log_desv_Rt
 0.0829411 -0.476306 -0.485578 0.16928 -0.0530353 0.426373 -0.438369 -1.18901 -1.29966 -1.04785 -0.463171 -0.209913 -0.379949 -0.730624 -0.71363 0.903628 -0.540441 1.33929 0.804076 0.539707 0.935065 1.2332 -0.284161 0.77696 0.608095 -0.181121 0.600411 0.704261 -0.467193 -0.742343 0.579048
SSB
 3.91213e+06 2.62842e+06 1.33279e+06 728974 858341 985050 1.28885e+06 863830 751503 524848 345949 480635 511245 441388 314525 391172 1.11848e+06 1.10255e+06 2.07935e+06 1.59235e+06 1.70963e+06 2.10025e+06 2.00165e+06 1.68111e+06 2.32526e+06 1.92474e+06 1.59308e+06 1.67066e+06 2.28342e+06 1.58463e+06 1.00117e+06
BT
 5.2025e+06 3.54945e+06 1.81273e+06 1.64133e+06 1.50458e+06 2.5618e+06 1.94682e+06 1.6002e+06 1.31463e+06 967740 859869 1.11007e+06 1.17708e+06 1.18418e+06 1.06046e+06 1.99291e+06 1.84472e+06 4.5279e+06 4.25095e+06 2.89831e+06 4.61948e+06 4.32216e+06 3.19135e+06 5.20694e+06 3.83799e+06 3.31955e+06 4.47406e+06 4.55327e+06 3.11193e+06 2.38251e+06 3.42362e+06
Ftot
 0.108327 0.195451 0.189245 0.269627 0.0876441 0.173902 0.371364 0.0578484 0.228057 0.299871 0.0782757 0.36568 0.341246 0.55368 0.371677 0.330181 0.213238 0.217587 0.314952 0.280893 0.213924 0.270804 0.158331 0.136338 0.138748 0.11197 0.138 0.119632 0.113691 0.158236 0.162423
BD_Bspro_t
 0.982817 0.872585 0.736054 0.65735 0.662709 0.730679 0.72262 0.58895 0.639763 0.603035 0.570957 0.727598 0.616978 0.533503 0.434792 0.489297 0.631952 0.616172 0.696696 0.607378 0.580076 0.626264 0.641813 0.639053 0.735758 0.744028 0.75152 0.780347 0.816446 0.760871 0.705211
BD_Bspro
 2.68995 1.80728 0.916415 0.501237 0.590189 0.677313 0.886205 0.593963 0.516728 0.360881 0.237872 0.330481 0.351528 0.303495 0.216265 0.268967 0.76906 0.758108 1.42974 1.09489 1.17553 1.44412 1.37632 1.15592 1.59883 1.32344 1.09539 1.14873 1.57006 1.08958 0.688395
BD_Bo
 1.84225 1.23774 0.627618 0.343278 0.404198 0.463866 0.606928 0.406783 0.353887 0.247154 0.16291 0.226334 0.240748 0.207852 0.148111 0.184205 0.5267 0.519199 0.979177 0.749846 0.805077 0.989021 0.94259 0.791644 1.09498 0.906373 0.750191 0.786723 1.07528 0.746213 0.471456
BD_Brms
 12.1747 8.17972 4.14768 2.26859 2.67118 3.06551 4.01095 2.68827 2.3387 1.63334 1.0766 1.49575 1.59101 1.37361 0.97881 1.21734 3.48075 3.43118 6.47099 4.95543 5.32043 6.53605 6.2292 5.23166 7.23629 5.98986 4.95771 5.19914 7.10607 4.93143 3.11566
Sel_flota
 0.84712 1 1 1 1
 0.84712 1 1 1 1
 0.84712 1 1 1 1
 0.84712 1 1 1 1
 0.84712 1 1 1 1
 0.84712 1 1 1 1
 0.84712 1 1 1 1
 0.84712 1 1 1 1
 0.84712 1 1 1 1
 0.84712 1 1 1 1
 0.84712 1 1 1 1
 0.84712 1 1 1 1
 0.84712 1 1 1 1
 0.84712 1 1 1 1
 0.84712 1 1 1 1
 0.84712 1 1 1 1
 0.84712 1 1 1 1
 0.84712 1 1 1 1
 0.84712 1 1 1 1
 0.84712 1 1 1 1
 0.84712 1 1 1 1
 0.84712 1 1 1 1
 0.84712 1 1 1 1
 0.84712 1 1 1 1
 0.84712 1 1 1 1
 0.84712 1 1 1 1
 0.84712 1 1 1 1
 0.84712 1 1 1 1
 0.84712 1 1 1 1
 0.84712 1 1 1 1
 0.84712 1 1 1 1
Sel_reclas
 1 1 1 1 1
 1 1 1 1 1
 1 1 1 1 1
 1 1 1 1 1
 1 1 1 1 1
 1 1 1 1 1
 1 1 1 1 1
 1 1 1 1 1
 1 1 1 1 1
 1 1 1 1 1
 1 1 1 1 1
 1 1 1 1 1
 1 1 1 1 1
 1 1 1 1 1
 1 1 1 1 1
 1 1 1 1 1
 1 1 1 1 1
 1 1 1 1 1
 1 1 1 1 1
 1 1 1 1 1
 1 1 1 1 1
 1 1 1 1 1
 1 1 1 1 1
 1 1 1 1 1
 1 1 1 1 1
 1 1 1 1 1
 1 1 1 1 1
 1 1 1 1 1
 1 1 1 1 1
 1 1 1 1 1
 1 1 1 1 1
Sel_pelaces
 0.945392 1 1 1 1
 0.945392 1 1 1 1
 0.945392 1 1 1 1
 0.945392 1 1 1 1
 0.945392 1 1 1 1
 0.945392 1 1 1 1
 0.945392 1 1 1 1
 0.945392 1 1 1 1
 0.945392 1 1 1 1
 0.945392 1 1 1 1
 0.945392 1 1 1 1
 0.945392 1 1 1 1
 0.945392 1 1 1 1
 0.945392 1 1 1 1
 0.945392 1 1 1 1
 0.945392 1 1 1 1
 0.945392 1 1 1 1
 0.945392 1 1 1 1
 0.945392 1 1 1 1
 0.945392 1 1 1 1
 0.945392 1 1 1 1
 0.945392 1 1 1 1
 0.945392 1 1 1 1
 0.945392 1 1 1 1
 0.945392 1 1 1 1
 0.945392 1 1 1 1
 0.945392 1 1 1 1
 0.945392 1 1 1 1
 0.945392 1 1 1 1
 0.945392 1 1 1 1
 0.945392 1 1 1 1
pf_obs 
 0.8446 0.082 0.0669 0.0065 0
 0.8095 0.147 0.0364 0.0071 0
 0.9664 0.0169 0.016 0.0007 0
 0.9276 0.0648 0.0075 0.0001 0
 0.7033 0.2144 0.0806 0.0017 0
 0.9318 0.0425 0.0243 0.0014 0
 0.5671 0.3108 0.0964 0.0239 0.0018
 0.0768 0.2599 0.5324 0.112 0.0189
 0.490249 0.384438 0.106611 0.0170017 0.00170017
 0.7925 0.1577 0.0466 0.003 0.0002
 0.840416 0.127587 0.0312969 0.00059994 9.999e-05
 0.8084 0.0986 0.0794 0.0134 0.0002
 0.7335 0.1905 0.0724 0.0035 0.0001
 0.4001 0.4547 0.1325 0.0127 0
 0.49795 0.308269 0.164784 0.0264974 0.00249975
 0.9179 0.0499 0.0305 0.0017 0
 0.2467 0.6533 0.0926 0.0074 0
 0.9418 0.0223 0.034 0.0019 0
 0.707729 0.231977 0.0356964 0.0245975 0
 0.517169 0.277429 0.184464 0.0207286 0.00020938
 0.811772 0.124168 0.05621 0.00726502 0.000585176
 0.764997 0.148141 0.077277 0.00933861 0.000247198
 0.163321 0.427699 0.378323 0.0303852 0.000271297
 0.753843 0.0900009 0.118128 0.0371064 0.000921714
 0.721811 0.176058 0.0630433 0.0369309 0.00215725
 0.143369 0.312575 0.442814 0.0836902 0.0175525
 0.692698 0.0596174 0.167031 0.0765114 0.00414204
 0.394062 0.376323 0.152708 0.0712218 0.00568511
 0.125707 0.32114 0.495352 0.0537591 0.00404204
 0.23352 0.215282 0.420074 0.123614 0.00750983
 0.796117 0.104755 0.0508955 0.0450114 0.00322123
pf_pred 
 0.439296 0.11341 0.423849 0.0234442 7.68101e-07
 0.41357 0.2832 0.0613326 0.229218 0.0126791
 0.555462 0.203918 0.116201 0.0251656 0.0992537
 0.76043 0.143768 0.0439464 0.0250424 0.0268136
 0.648923 0.278556 0.0435204 0.0133031 0.0156975
 0.735695 0.181689 0.0655497 0.0102412 0.0068244
 0.469251 0.408406 0.0841013 0.030342 0.0078994
 0.436954 0.292402 0.208258 0.0428858 0.0195004
 0.512803 0.233564 0.131717 0.0938135 0.0281029
 0.671737 0.183572 0.0693654 0.0391183 0.0362076
 0.792382 0.148016 0.0333305 0.0125945 0.0136767
 0.726387 0.224198 0.0352287 0.00793287 0.00625269
 0.673824 0.24929 0.0630007 0.00989941 0.0039862
 0.615384 0.275259 0.0835799 0.0211223 0.00465545
 0.718156 0.187605 0.0674437 0.0204787 0.00631605
 0.924672 0.0570165 0.0121885 0.00438173 0.00174082
 0.405658 0.557057 0.0282213 0.0060329 0.00303046
 0.892025 0.0486989 0.0555577 0.00281463 0.000903929
 0.600235 0.363251 0.0164686 0.0187881 0.00125752
 0.602677 0.256668 0.127808 0.00579439 0.00705294
 0.740014 0.168361 0.059189 0.0294731 0.00296266
 0.745331 0.197135 0.0372583 0.0130985 0.00717803
 0.333429 0.519812 0.113603 0.0214708 0.0116848
 0.741926 0.0966804 0.12586 0.0275061 0.00802781
 0.630395 0.286282 0.0312147 0.0406356 0.0114726
 0.442833 0.373819 0.142015 0.0154845 0.0258491
 0.730811 0.130984 0.0927251 0.0352265 0.0102527
 0.688627 0.238025 0.0356908 0.0252659 0.0123922
 0.365817 0.459912 0.133219 0.0199756 0.0210767
 0.442143 0.227364 0.239675 0.0694246 0.0213937
 0.829208 0.0831679 0.0357129 0.0376466 0.0142651
pobs_RECLAS
 0 0 0 0 0
 0 0 0 0 0
 0 0 0 0 0
 0 0 0 0 0
 0 0 0 0 0
 0 0 0 0 0
 0 0 0 0 0
 0 0 0 0 0
 0 0 0 0 0
 0 0 0 0 0
 0.991045 0.00858322 0.000360255 1.14367e-05 0
 0.934742 0.0480273 0.0164251 0.00080598 0
 0.827803 0.169806 0.00239088 0 0
 0.941827 0.0461693 0.0120037 0 0
 0.791401 0.0380133 0.147996 0.0225897 0
 0.846168 0.0940531 0.0597789 0 0
 0.134021 0.677848 0.182769 0.00536245 0
 0.80878 0.0450904 0.141981 0.00414843 0
 0.846168 0.0940531 0.0597789 0 0
 0.905697 0.0802665 0.012482 0.00150086 5.37128e-05
 0.989698 0.0102097 9.19794e-05 0 0
 0.975433 0.0193895 0.00387452 0.00125025 5.28907e-05
 0.303575 0.632131 0.0575291 0.00676475 0
 0.966965 0.00978017 0.0227588 0.000495775 0
 0.843318 0.132988 0.00938335 0.0141283 0.000182051
 0.564624 0.303363 0.111486 0.0197234 0.00080311
 0.826376 0.0876187 0.0782897 0.00655872 0.00115652
 0.89761 0.0855135 0.0140674 0.00269457 0.000114338
 0.34875 0.467042 0.161289 0.0227151 0.000203297
 0.318654 0.224769 0.449479 0.00709798 0
 0.937255 0.0296025 0.0250945 0.00804832 0
ppred_RECLAS
 0.480855 0.105005 0.392433 0.0217065 7.1117e-07
 0.455012 0.263187 0.0569984 0.21302 0.0117831
 0.596631 0.185033 0.105439 0.022835 0.0900617
 0.790035 0.126002 0.0385157 0.0219478 0.0235001
 0.685983 0.249152 0.0389263 0.0118988 0.0140404
 0.767124 0.160085 0.0577551 0.0090234 0.00601291
 0.512231 0.375333 0.0772908 0.0278849 0.00725971
 0.478299 0.27093 0.192966 0.0397366 0.0180685
 0.55492 0.213372 0.12033 0.0857035 0.0256735
 0.708212 0.163174 0.0616579 0.0347717 0.0321844
 0.818513 0.129386 0.0291355 0.0110093 0.0119553
 0.759207 0.197306 0.031003 0.00698133 0.00550268
 0.710333 0.221387 0.0559489 0.00879135 0.00354002
 0.656151 0.246082 0.0747208 0.0188835 0.00416199
 0.751649 0.165312 0.0594291 0.0180451 0.00556549
 0.935767 0.048619 0.0103933 0.00373638 0.00148443
 0.446987 0.518321 0.0262589 0.0056134 0.00281974
 0.907271 0.0418226 0.047713 0.00241721 0.000776295
 0.640469 0.326692 0.0148112 0.0168972 0.00113096
 0.642662 0.230838 0.114945 0.00521126 0.00634315
 0.771208 0.148161 0.0520873 0.0259368 0.00260719
 0.776256 0.173196 0.0327339 0.0115079 0.00630638
 0.371792 0.489896 0.107065 0.0202352 0.0110123
 0.772737 0.0851378 0.110833 0.0242222 0.00706938
 0.668582 0.256704 0.0279896 0.0364372 0.0102873
 0.484451 0.345896 0.131407 0.0143279 0.0239183
 0.76253 0.115551 0.0817995 0.0310758 0.00904467
 0.723378 0.21146 0.0317075 0.0224461 0.0110092
 0.40547 0.431155 0.124889 0.0187266 0.0197588
 0.483932 0.210332 0.221721 0.064224 0.0197911
 0.851734 0.0721987 0.0310026 0.0326813 0.0123837
pobs_PELACES
 0 0 0 0 0
 0 0 0 0 0
 0 0 0 0 0
 0 0 0 0 0
 0 0 0 0 0
 0 0 0 0 0
 0 0 0 0 0
 0 0 0 0 0
 0 0 0 0 0
 0 0 0 0 0
 0 0 0 0 0
 0 0 0 0 0
 0 0 0 0 0
 0 0 0 0 0
 0 0 0 0 0
 0 0 0 0 0
 0.505614 0.472636 0.0217494 0 0
 0 0 0 0 0
 0.443492 0.261883 0.143347 0.151278 0
 0.227955 0.32914 0.350689 0.0885471 0.00366901
 0.970185 0.0296113 0.000203453 0 0
 0.997202 0.00247181 0.000326279 0 0
 0.445219 0.490057 0.0546422 0.010081 0
 0.90214 0.0892962 0.00764917 0.000914606 0
 0 0 0 0 0
 0.581667 0.319106 0.0959925 0.00289975 0.000334073
 0.762889 0.0836404 0.116647 0.0363945 0.000428098
 0.88444 0.0763242 0.0277011 0.0115352 0
 0.521256 0.241999 0.230069 0.00667565 0
 0.616807 0.101726 0.260614 0.0208532 0
 0.833518 0.0704572 0.0857862 0.0102388 0
ppred_PELACES
 0.468216 0.107561 0.401988 0.022235 7.28484e-07
 0.443558 0.268718 0.0581963 0.217497 0.0120307
 0.585365 0.190201 0.108384 0.0234727 0.092577
 0.782889 0.13029 0.0398265 0.0226947 0.0242999
 0.674733 0.258078 0.0403209 0.0123251 0.0145434
 0.758553 0.165977 0.0598809 0.00935552 0.00623422
 0.502879 0.38253 0.0787728 0.0284196 0.00739891
 0.465033 0.277819 0.197872 0.040747 0.0185279
 0.543867 0.218671 0.123319 0.0878318 0.026311
 0.699662 0.167956 0.0634646 0.0357906 0.0331275
 0.810629 0.135008 0.0304013 0.0114876 0.0124747
 0.752247 0.203009 0.0318992 0.00718313 0.00566175
 0.702256 0.22756 0.057509 0.0090365 0.00363873
 0.649756 0.250659 0.0761105 0.0192347 0.0042394
 0.744601 0.170003 0.0611156 0.0185572 0.00572344
 0.933351 0.0504472 0.0107842 0.00387688 0.00154025
 0.435794 0.528812 0.0267904 0.00572701 0.00287681
 0.903399 0.0435687 0.0497051 0.00251813 0.000808706
 0.631145 0.335164 0.0151953 0.0173354 0.00116028
 0.632964 0.237103 0.118065 0.0053527 0.00651531
 0.763105 0.153408 0.053932 0.0268554 0.00269952
 0.768789 0.178976 0.0338263 0.011892 0.00651684
 0.360613 0.498614 0.10897 0.0205952 0.0112083
 0.763967 0.0884232 0.11511 0.0251569 0.00734218
 0.657601 0.265209 0.028917 0.0376445 0.0106282
 0.471849 0.354351 0.134619 0.0146781 0.0245029
 0.753507 0.119941 0.0849074 0.0322565 0.00938831
 0.713237 0.219211 0.0328698 0.0232689 0.0114128
 0.393376 0.439926 0.12743 0.0191075 0.0201608
 0.471913 0.215231 0.226885 0.0657198 0.020252
 0.845574 0.0751981 0.0322906 0.034039 0.0128981
pobs_pel_tallas
 0 0 0 0 0 0 0 0 0 0 0 0 0 0 0 0 0 0 0 0 0 0 0 0 0 0
 0 0 0 0 0 0 0 0 0 0 0 0 0 0 0 0 0 0 0 0 0 0 0 0 0 0
 0 0 0 0 0 0 0 0 0 0 0 0 0 0 0 0 0 0 0 0 0 0 0 0 0 0
 0 0 0 0 0 0 0 0 0 0 0 0 0 0 0 0 0 0 0 0 0 0 0 0 0 0
 0 0 0 0 0 0 0 0 0 0 0 0 0 0 0 0 0 0 0 0 0 0 0 0 0 0
 0 0 0 0 0 0 0 0 0 0 0 0 0 0 0 0 0 0 0 0 0 0 0 0 0 0
 0 0 0 0 0 0 0 0 0 0 0 0 0 0 0 0 0 0 0 0 0 0 0 0 0 0
 0 0 0 0 0 0 0 0 0 0 0 0 0 0 0 0 0 0 0 0 0 0 0 0 0 0
 0 0 0 0 0 0 0 0 0 0 0 0 0 0 0 0 0 0 0 0 0 0 0 0 0 0
 0 0 0 0 0 0 0 0 0 0 0 0 0 0 0 0 0 0 0 0 0 0 0 0 0 0
 0 0 0 0 0 0 0 0 0 0 0 0 0 0 0 0 0 0 0 0 0 0 0 0 0 0
 0 0 0 0 0 0 0 0 0 0 0 0 0 0 0 0 0 0 0 0 0 0 0 0 0 0
 0.00862536 0 0 0.000197151 0.00414017 0.0128641 0.00837892 0.0270097 0.101434 0.158115 0.152841 0.127902 0.109271 0.109419 0.0830992 0.0579132 0.0238553 0.00714673 0.00463305 0.00128148 0.00103504 0.000492878 0.000147863 0.000147863 4.92878e-05 0
 0 0 0 0 0 0 0 0 0 0 0 0 0 0 0 0 0 0 0 0 0 0 0 0 0 0
 0 0 0 0 0 0 0 0.0054083 0.00873648 0.0413646 0.0450493 0.0745869 0.0622846 0.0627006 0.0613931 0.0827291 0.12552 0.122667 0.0946155 0.0697135 0.0546179 0.0294188 0.0215738 0.0213955 0.0102223 0.00600262
 0 0 0 0 0.00359764 0.0251062 0.0480494 0.140153 0.205849 0.193036 0.1447 0.116669 0.0760912 0.0342217 0.00950174 0.001854 0.000860785 0 0 0 0.000165536 0 0.000143464 0 0 0
 0 0 0 0 0 0 0 0.000145254 0.000435761 0.0275982 0.070085 0.0708112 0.156366 0.174668 0.174014 0.160142 0.0824315 0.0480064 0.0283245 0.00493863 0.00203355 0 0 0 0 0
 0 0 0 0 0 0 0 0 0 0 0 0 0 0 0 0 0 0 0 0 0 0 0 0 0 0
 0 0 1.00437e-05 0.000401748 0.00122533 0.00171747 0.00176769 0.0269171 0.070346 0.194647 0.189555 0.159765 0.064822 0.0314167 0.0384472 0.0292271 0.0345202 0.0313363 0.0194345 0.0106764 0.0143323 0.0359363 0.0279516 0.0138201 0.00172751 0
 0 0.0021121 0.0136068 0.0755702 0.200478 0.177729 0.0527432 0.0373336 0.0318909 0.0142505 0.0149659 0.0166563 0.0217959 0.0798694 0.0677717 0.0528807 0.04013 0.0224614 0.0357745 0.0225083 0.00881397 0.00855152 0.00135912 0.000746735 0 0
 0 0 0 0 5.4009e-05 0.00500934 0.000945158 0.0243581 0.138947 0.33067 0.221406 0.137944 0.0707744 0.0437923 0.0131692 0.00525238 0.0047753 0.00276346 9.45158e-05 9.00151e-06 2.25038e-05 9.00151e-06 4.50075e-06 0 0 0
 0.000866109 0.00284123 0.00948549 0.0512746 0.133035 0.25785 0.225252 0.132002 0.0553304 0.0519788 0.0540692 0.017754 0.00435017 0.00159236 0.00146478 0.000404838 0.000125132 0.000115318 0.000107957 0.000100596 0 0 0 0 0 0
 0 0 0 0 0.00144013 0.00171154 0.00461396 0.0210425 0.0478622 0.0707936 0.0888783 0.103762 0.0637923 0.0337046 0.0602308 0.124433 0.169614 0.0934646 0.0462172 0.0250306 0.0313229 0.00938855 0.002487 0.000210481 0 0
 0 0.00764035 0.051015 0.0998891 0.058973 0.0496711 0.0374665 0.0718981 0.12319 0.153886 0.159021 0.0857701 0.0377988 0.023471 0.0147837 0.00900784 0.00315554 0.000888139 0.00291439 0.00214683 0.00393193 0.00274676 0.000635225 9.99891e-05 0 0
 0 0 0 0 0 0 0 0 0 0 0 0 0 0 0 0 0 0 0 0 0 0 0 0 0 0
 0 0 0 0 0 0 0 0 0 0 0 0 0 0 0 0 0 0 0 0 0 0 0 0 0 0
 0 0 0 0 0 0 0 0 0 0 0 0 0 0 0 0 0 0 0 0 0 0 0 0 0 0
 0 0 0 0 0 0 0 0 0 0 0 0 0 0 0 0 0 0 0 0 0 0 0 0 0 0
 0 0 0 0 0 0 0 0 0 0 0 0 0 0 0 0 0 0 0 0 0 0 0 0 0 0
 0 0 0 0 0 0 0 0 0 0 0 0 0 0 0 0 0 0 0 0 0 0 0 0 0 0
 0 0 0 0 0 0 0 0 0 0 0 0 0 0 0 0 0 0 0 0 0 0 0 0 0 0
ppred_pel_tallas
 1.13858e-16 3.85663e-05 0.000374878 0.0024912 0.0113246 0.0352352 0.0750727 0.109573 0.109584 0.0751266 0.0354179 0.01186 0.00386383 0.00346688 0.00619017 0.0108992 0.0173843 0.0253645 0.0344447 0.04423 0.0541839 0.0632709 0.0698184 0.0719816 0.0686485 0.0601541
 1.25596e-16 3.65353e-05 0.000355136 0.00236001 0.0107283 0.0333798 0.0711201 0.103807 0.103833 0.0712472 0.033807 0.0119639 0.00546793 0.00716205 0.0130336 0.0216838 0.0317245 0.0410195 0.047518 0.0505341 0.0512474 0.0518626 0.0540318 0.0577459 0.0614193 0.0629112
 1.21198e-16 4.82158e-05 0.000468675 0.00311451 0.0141581 0.0440513 0.0938566 0.13699 0.137009 0.093947 0.0443552 0.015038 0.00533069 0.00533246 0.00936277 0.0156095 0.0229808 0.0299849 0.0351655 0.0379571 0.0390321 0.0397589 0.0411927 0.0433954 0.0455077 0.0463529
 1.07571e-16 6.44855e-05 0.000626822 0.00416546 0.0189356 0.0589156 0.125526 0.183212 0.183225 0.125588 0.0591226 0.0195339 0.0056698 0.00391868 0.00634005 0.0104435 0.0151941 0.01945 0.022108 0.0227031 0.0216903 0.0201085 0.0188926 0.01837 0.0182457 0.0179498
 1.04927e-16 5.55769e-05 0.000540227 0.00359 0.0163196 0.0507766 0.108186 0.157906 0.157931 0.108307 0.0511849 0.0174991 0.00655119 0.00700636 0.0123416 0.0203308 0.0293206 0.0369588 0.0408907 0.0400474 0.0352834 0.0287868 0.0227489 0.0183266 0.0155005 0.0136107
 1.03764e-16 6.2481e-05 0.000607338 0.00403597 0.018347 0.0570843 0.121625 0.177518 0.177534 0.121703 0.057348 0.0191093 0.00595245 0.00480042 0.00805351 0.0132874 0.0193035 0.0246277 0.0277913 0.0281051 0.0260335 0.0228072 0.019608 0.0169832 0.0148402 0.012832
 1.06474e-16 4.14215e-05 0.000402632 0.00267563 0.0121631 0.037844 0.080632 0.117692 0.117729 0.0808124 0.0384498 0.0139135 0.00707173 0.0100068 0.0183036 0.0302527 0.0437155 0.0552708 0.0614541 0.0606717 0.0541269 0.0449422 0.0362145 0.0295353 0.0248408 0.0212369
 1.13004e-16 3.83042e-05 0.000372331 0.00247427 0.0112477 0.0349959 0.0745634 0.108833 0.10886 0.0746957 0.0354406 0.0125356 0.00571971 0.00749909 0.0136966 0.022906 0.033751 0.0440349 0.051507 0.0550926 0.0554008 0.0540171 0.0522104 0.0501633 0.0472221 0.0427223
 1.16876e-16 4.47977e-05 0.000435449 0.00289371 0.0131544 0.0409284 0.087203 0.12728 0.127301 0.087307 0.0412779 0.0141662 0.00544247 0.00602964 0.0107595 0.017958 0.0264431 0.0345016 0.040437 0.0435456 0.0445035 0.0447472 0.0453467 0.0462915 0.0466564 0.0453458
 1.1107e-16 5.76302e-05 0.000560186 0.00372264 0.0169226 0.0526525 0.112182 0.163737 0.163753 0.112262 0.0529197 0.0176955 0.00566689 0.00481823 0.00818561 0.013552 0.0197844 0.0254635 0.0292019 0.030419 0.029688 0.0282909 0.0273361 0.0271332 0.0272091 0.0267864
 1.04176e-16 6.67705e-05 0.000649033 0.00431305 0.0196065 0.0610032 0.129974 0.189704 0.189717 0.130038 0.0612172 0.0202248 0.00586618 0.00404341 0.00652498 0.0107128 0.0155017 0.0196595 0.0219834 0.0219365 0.0199642 0.0171739 0.0146372 0.0128621 0.0117447 0.0108759
 1.02652e-16 6.19616e-05 0.000602289 0.00400242 0.0181944 0.0566098 0.120614 0.176043 0.176063 0.120709 0.0569309 0.0191221 0.00633127 0.00568718 0.00972207 0.0159824 0.0230362 0.0290093 0.0320344 0.0312522 0.0273159 0.0219349 0.0168385 0.0129673 0.0103618 0.0085729
 1.0324e-16 5.78439e-05 0.000562264 0.00373644 0.0169853 0.0528478 0.112599 0.164346 0.164367 0.112706 0.0532085 0.0180276 0.00635462 0.00628412 0.0109433 0.0180483 0.0261062 0.0330632 0.0368561 0.0365192 0.0327284 0.0272856 0.0219831 0.0177512 0.014588 0.0120454
 1.04907e-16 5.35196e-05 0.00052023 0.00345711 0.0157155 0.048897 0.104181 0.15206 0.152085 0.1043 0.0492948 0.0168653 0.00634648 0.00683861 0.0120852 0.0199784 0.0289708 0.0368439 0.0413622 0.0414828 0.0379362 0.0326442 0.0274728 0.0233203 0.0200797 0.0172093
 1.04637e-16 6.13318e-05 0.000596167 0.00396174 0.0180095 0.0560344 0.119388 0.174253 0.17427 0.119468 0.0563045 0.0187906 0.00592543 0.00489318 0.00825245 0.0136257 0.0198102 0.0253089 0.0286329 0.0290939 0.0271809 0.0241552 0.0212056 0.0188466 0.0169206 0.0150114
 1.00974e-16 7.68789e-05 0.000747291 0.00496601 0.0225748 0.0702385 0.149651 0.218421 0.218425 0.149674 0.0703184 0.0228057 0.00554594 0.00201441 0.00248669 0.00399814 0.00577301 0.0073045 0.0081332 0.00805029 0.00721514 0.00603858 0.00492606 0.00408273 0.00349448 0.00303816
 1.0197e-16 3.58959e-05 0.000348921 0.0023187 0.0105405 0.0327957 0.0698766 0.101998 0.102049 0.0701253 0.0336303 0.0129501 0.00836313 0.0135312 0.0250339 0.0412307 0.0591595 0.0739076 0.0804916 0.0766146 0.0640598 0.0475408 0.0319671 0.0202262 0.0127465 0.00845913
 1.01835e-16 7.44118e-05 0.000723309 0.00480665 0.0218503 0.0679845 0.144848 0.211411 0.211415 0.144869 0.0680548 0.0220542 0.00532179 0.00185856 0.00226173 0.00370259 0.00551507 0.00732638 0.00879613 0.00974396 0.0102099 0.0103446 0.0102337 0.00982459 0.00900825 0.00776068
 1.0246e-16 5.19867e-05 0.000505329 0.00335809 0.0152654 0.0474965 0.101198 0.147708 0.14774 0.101355 0.0480255 0.0167928 0.00718968 0.00886228 0.0159017 0.0261504 0.0375363 0.0469364 0.0512123 0.0489356 0.0412613 0.0311857 0.0217972 0.0148629 0.01056 0.00811249
 1.05108e-16 5.21365e-05 0.000506785 0.00336777 0.0153094 0.0476333 0.101489 0.14813 0.148153 0.101601 0.048011 0.0164018 0.00611622 0.00652726 0.0115462 0.0191617 0.0279599 0.0359099 0.0409448 0.0420602 0.039824 0.0358258 0.0315596 0.0276687 0.0240112 0.020229
 1.04746e-16 6.2856e-05 0.000610983 0.0040602 0.0184571 0.0574269 0.122355 0.178583 0.178598 0.122427 0.0576707 0.019162 0.00583257 0.00448974 0.007458 0.012306 0.0179014 0.0228955 0.0259574 0.0264815 0.0249226 0.022421 0.0200318 0.0181782 0.016661 0.0150495
 1.03318e-16 6.33242e-05 0.000615533 0.00409044 0.0185945 0.0578546 0.123266 0.179914 0.179931 0.12335 0.058138 0.0194132 0.00614621 0.00510611 0.0086001 0.0141398 0.0204163 0.0257897 0.0286346 0.0282088 0.0250877 0.0207531 0.0166774 0.0136212 0.0115536 0.010034
 1.07235e-16 2.97033e-05 0.000288727 0.00191869 0.00872213 0.027138 0.0578222 0.0844033 0.0844514 0.0580574 0.0279278 0.011004 0.00764964 0.0128094 0.0238382 0.0394391 0.0569902 0.0720427 0.0800637 0.0789449 0.0702171 0.0579202 0.0460915 0.0368547 0.0302236 0.0251517
 1.0711e-16 6.2927e-05 0.000611673 0.00406478 0.0184779 0.0574917 0.122492 0.178783 0.178792 0.122535 0.057635 0.0188941 0.00511751 0.00293688 0.00455857 0.00764533 0.0114962 0.0154832 0.0189886 0.0217031 0.0237215 0.0252898 0.0264364 0.0268432 0.0260636 0.0238758
 1.06477e-16 5.41658e-05 0.000526511 0.00349885 0.0159053 0.0494874 0.105439 0.153897 0.153922 0.105564 0.0499067 0.0171166 0.00653949 0.00716491 0.0126643 0.0208601 0.0300722 0.0378916 0.0419197 0.0411 0.0363703 0.030036 0.0243678 0.0205034 0.0182954 0.0168975
 1.09595e-16 3.88657e-05 0.000377788 0.00251054 0.0114126 0.0355089 0.0756567 0.11043 0.110465 0.0758243 0.0360721 0.013041 0.00660464 0.0093371 0.0171185 0.028407 0.0413114 0.0527767 0.0596921 0.0606012 0.0564988 0.0499986 0.0435917 0.038402 0.0341815 0.0301412
 1.07305e-16 6.20654e-05 0.000603298 0.00400913 0.0182249 0.0567045 0.120815 0.176336 0.176348 0.120873 0.0568966 0.0187813 0.00541151 0.00368395 0.00596967 0.00992086 0.0146397 0.0191614 0.0225403 0.0243464 0.0248715 0.0248061 0.0246641 0.0244421 0.0237398 0.0221489
 1.0527e-16 5.87484e-05 0.000571056 0.00379487 0.0172509 0.0536742 0.114359 0.166915 0.166936 0.114463 0.054021 0.018253 0.00631075 0.00606547 0.0105006 0.0172862 0.0249457 0.0314851 0.034924 0.0343792 0.0305985 0.0254464 0.0207607 0.0174645 0.0154545 0.0140816
 1.09118e-16 3.24019e-05 0.000314958 0.00209301 0.00951455 0.0296035 0.063075 0.0920688 0.0921113 0.0632828 0.0303014 0.0115316 0.00716121 0.0113959 0.0211272 0.0350075 0.0507339 0.0644449 0.0722057 0.0721839 0.0656834 0.0561304 0.0468777 0.0395792 0.0340913 0.0294485
 1.16621e-16 3.88709e-05 0.000377839 0.00251087 0.0114141 0.0355135 0.0756661 0.110441 0.110462 0.0757692 0.0358607 0.0124212 0.00505488 0.00598488 0.0108452 0.018282 0.0273059 0.0363921 0.0439779 0.0493216 0.0527929 0.055263 0.0571418 0.0579341 0.0566442 0.0525835
 1.06548e-16 6.96488e-05 0.000677012 0.00449898 0.0204517 0.0636329 0.135577 0.19788 0.197887 0.135613 0.0637528 0.0207987 0.00537243 0.00259219 0.00373243 0.0061292 0.00899045 0.0116745 0.0135934 0.0145211 0.0147299 0.0147719 0.0150718 0.0156523 0.016168 0.0161618
pSPR Fmed_Fpbrs
0.689946   0.201318 0.201318
Fs Fmed_Fpbrs
0.19212   1.005 1.005
SSBpbr Bo_Bmed_Bpbrs
2.12357e+06  1.35897e+06  321334 321334
Ro
203758
SPR SPRFo_SPRFmed_SPRFpbrs
1.45435e+06 1.00342e+06 292787
Fref
1.005
Nvult_r0
 247016 21445.7 9208.92 9707.54 3678.41
CTP_r0
 29876.5 2996.55 1286.74 1356.41 513.976
YTP_r0
391301
Np
 273723 42981.1 15695.8 1314.06 640.252
Nvult_p0
 230741 37193.2 13582.2 1137.11 554.036
CTP_p0
 106108 50557 4232.68 1817.54 2515.12
 106108 18643 6808.02 569.973 277.709
YTP_p0
 1.82334e+06 1.27049e+06
CBA_c0
1.65749e+06
log_Ro
12.0447
likeval ReclasPelacesDesembMPH_pf_preclas_ppelaces_ptallas_desvR_qrecl_qpela
 16.3074 17.5004 0.102657 0.000805577 240.777 119.784 98.3231 0 21.9517 3.96803e-06 0 0.522875 0 0 0
q_reclas_q_pelaces
0.754067 1
M
1
N
 221379 48744.6 182173 10076.5 0.330136
 126549 74299.9 16091.1 60137.4 3326.47
 125381 39451 22480.7 4868.65 19202.1
 241342 39292.9 12010.9 6844.29 7328.37
 193234 70655 11038.8 3374.3 3981.61
 312095 66000 23811.4 3720.18 2479.01
 131442 99086.3 20404.4 7361.49 1916.53
 62049.3 35303.3 25144.2 5177.84 2354.39
 55549.6 21735 12257.4 8730.12 2615.21
 71456.4 16845.5 6365.34 3589.71 3322.6
 128222 20390.3 4591.54 1734.98 1884.07
 165178 44143.9 6936.42 1561.96 1231.13
 139350 44578.3 11265.8 1770.22 712.817
 98131.8 38394.3 11658.1 2946.24 649.364
 99813.6 22584.8 8119.19 2465.32 760.357
 502986 26801.3 5729.35 2059.69 818.294
 118687 139890 7087.05 1515.01 761.023
 777610 36446.9 41580.1 2106.51 676.512
 455325 237913 10786.2 12305.4 823.616
 349548 128279 63876.5 2895.96 3524.96
 519050 101361 35634.6 17744.2 1783.66
 699342 159299 30107.3 10584.5 5800.35
 153358 204534 44700.2 8448.29 4597.69
 443144 49335.7 64225.8 14036.3 4096.57
 374290 145242 15836.4 20616 5820.51
 170003 122424 46509.3 5071.13 8465.5
 371425 56881 40266.7 15297.4 4452.34
 412071 121564 18228.1 12903.8 6328.99
 127707 136983 39678.6 5949.64 6277.59
 96988.4 42667.3 44977.5 13028.3 4014.75
 363574 31204 13399.2 14124.7 5352.18
pred_Ctot
 12362.4 3191.52 11927.7 659.751 0.0216154
 12372.3 8472.21 1834.83 6857.29 379.308
 11894.2 4366.54 2488.23 538.876 2125.34
 31737 6000.24 1834.13 1045.16 1119.08
 8793.58 3774.73 589.746 180.271 212.717
 27350.4 6754.54 2436.89 380.729 253.706
 23006.6 20023.5 4123.35 1487.62 387.295
 1883.29 1260.26 897.603 184.84 84.0477
 6266.63 2854.23 1609.63 1146.43 343.427
 10344.4 2826.91 1068.19 602.402 557.579
 5228.44 976.665 219.928 83.1029 90.2439
 28523 8803.57 1383.32 311.499 245.523
 22639.3 8375.71 2116.71 332.603 133.929
 24120.6 10789.1 3276 827.912 182.475
 17483.5 4567.25 1641.91 498.553 153.764
 79361.4 4893.53 1046.1 376.069 149.409
 12582.8 17279 875.377 187.131 93.9999
 83995.9 4585.64 5231.49 265.035 85.1169
 68879.3 41684.5 1889.84 2156.01 144.305
 47704.7 20316.4 10116.6 458.653 558.272
 55191.9 12556.7 4414.44 2198.17 220.962
 92329.7 24420.6 4615.46 1622.61 889.196
 12302 19178.6 4191.4 792.171 431.112
 30843.8 4019.25 5232.31 1143.5 333.737
 26489.7 12029.8 1311.67 1707.54 482.09
 9800.24 8272.89 3142.89 342.684 572.06
 26152.1 4687.27 3318.17 1260.58 366.894
 25312.8 8749.41 1311.94 928.734 455.519
 7470.71 9392.33 2720.6 407.942 430.428
 7775.73 3998.53 4215.04 1220.93 376.239
 29876.5 2996.55 1286.74 1356.41 513.976
F
 0.0917657 0.108327 0.108327 0.108327 0.108327
 0.16557 0.195451 0.195451 0.195451 0.195451
 0.160313 0.189245 0.189245 0.189245 0.189245
 0.228406 0.269627 0.269627 0.269627 0.269627
 0.074245 0.0876441 0.0876441 0.0876441 0.0876441
 0.147316 0.173902 0.173902 0.173902 0.173902
 0.31459 0.371364 0.371364 0.371364 0.371364
 0.0490045 0.0578484 0.0578484 0.0578484 0.0578484
 0.193191 0.228057 0.228057 0.228057 0.228057
 0.254027 0.299871 0.299871 0.299871 0.299871
 0.0663089 0.0782757 0.0782757 0.0782757 0.0782757
 0.309775 0.36568 0.36568 0.36568 0.36568
 0.289076 0.341246 0.341246 0.341246 0.341246
 0.469033 0.55368 0.55368 0.55368 0.55368
 0.314854 0.371677 0.371677 0.371677 0.371677
 0.279703 0.330181 0.330181 0.330181 0.330181
 0.180638 0.213238 0.213238 0.213238 0.213238
 0.184322 0.217587 0.217587 0.217587 0.217587
 0.266802 0.314952 0.314952 0.314952 0.314952
 0.23795 0.280893 0.280893 0.280893 0.280893
 0.181219 0.213924 0.213924 0.213924 0.213924
 0.229403 0.270804 0.270804 0.270804 0.270804
 0.134125 0.158331 0.158331 0.158331 0.158331
 0.115494 0.136338 0.136338 0.136338 0.136338
 0.117536 0.138748 0.138748 0.138748 0.138748
 0.094852 0.11197 0.11197 0.11197 0.11197
 0.116903 0.138 0.138 0.138 0.138
 0.101342 0.119632 0.119632 0.119632 0.119632
 0.0963099 0.113691 0.113691 0.113691 0.113691
 0.134044 0.158236 0.158236 0.158236 0.158236
 0.137591 0.162423 0.162423 0.162423 0.162423
YTP_r0W_actual
 247975 42251.4 35514.1 46389.3 19171.3
YTP_p0W_proyectada
 794746 792228 97901.8 53381.2 85086.6
 794746 292136 157470 16740.1 9394.89
CTP_r0_actual
 29876.5 2996.55 1286.74 1356.41 513.976
CTP_p0_proyectada
 106108 50557 4232.68 1817.54 2515.12
 106108 18643 6808.02 569.973 277.709
Wmedp
 7.49 15.67 23.13 29.37 33.83
Frms_r0
 0.137591 0.162423 0.162423 0.162423 0.162423
Zrms_r0
 1.13759 1.16242 1.16242 1.16242 1.16242
nmprior
 8.19 8.8 8.5 0
nm_flota  nm_reclas  nm_pelaces    nm_pelaL
inf 11.745 17.5356 41.4093
cv_recla  cv_pelaces  cv_mph
0.365273 0.474347 0.875909
 ------------------------------------------------
Talla a la edad & desviaci?n 
 8 13.2811 15.8009 17.003 17.5766
 0.8 1.32811 1.58009 1.7003 1.75766
