years
 1991 1992 1993 1994 1995 1996 1997 1998 1999 2000 2001 2002 2003 2004 2005 2006 2007 2008 2009 2010 2011 2012 2013 2014 2015 2016 2017 2018 2019 2020 2021
reclasobs
 0 0 0 0 0 0 0 0 0 252601 567819 844713 477998 351125 339783 2.1784e+06 2.13404e+06 4.81314e+06 1.55562e+06 2.62356e+06 3.21686e+06 3.843e+06 1.13348e+06 3.07943e+06 1.97215e+06 2.03268e+06 2.025e+06 2.42433e+06 2.27542e+06 1.05018e+06 2.36338e+06
reclaspred
 1.34546e+06 1.0843e+06 488037 41401.8 36439.2 1.02141e+06 359627 91220.8 651803 334594 99949.1 673792 439003 265793 191674 1.15632e+06 738860 4.57029e+06 2.74186e+06 944568 2.25881e+06 2.20069e+06 1.23637e+06 3.03304e+06 1.73228e+06 775375 1.45793e+06 2.35627e+06 1.69707e+06 624508 819710
pelacesobs
 0 0 0 0 0 0 0 0 0 0 0 0 0 0 0 552880 188675 0 991730 2.46772e+06 1.41603e+06 1.21717e+06 2.29649e+06 1.80582e+06 0 1.4828e+06 1.56532e+06 1.57751e+06 1.42118e+06 867257 1.10002e+06
pelacespred
 643607 487260 212193 5986.85 7082.49 451947 117889 38362 290454 136544 54324.7 269196 169664 104404 73853.1 440561 280945 2.21257e+06 1.2858e+06 459708 1.00912e+06 950635 539552 1.55593e+06 870431 387997 801559 1.24704e+06 754922 336909 391576
mphobs
 0 0 0 0 0 0 0 0 0 0 0 498337 0 5186 125008 0 168611 109162 213762 579715 649985 157893 87575 83554 0 0 0 0 0 0 0
mphpred
 1.57958e+06 630151 566879 146448 2464.47 10323.2 531935 120134 38268.7 384647 126797 45783.8 398773 174747 73119.5 71207.8 733987 410300 2.87125e+06 1.31769e+06 548902 1.18697e+06 1.29499e+06 735753 1.75178e+06 929585 369871 751007 1.64785e+06 864194 273481
desembarqueobs
 494567 514787 250237 358949 120608 361735 552515 73892 212993 205616 52469 317467 293654 387597 252695 516296 358380 742168 942051 627588 828172 859565 418607 520667 417249 300574 415391 372974 316634 284311 391294
desembarquepred
 494398 514649 250588 356917 120365 361408 551495 73841.8 212812 205350 52419.8 317131 293204 386605 252240 515754 358135 741670 940583 626130 827337 858456 418235 520333 416813 300168 415013 372706 316383 283968 390901
Reclutas
 695.25 280580 1011.67 1342.53 39281.1 306583 563.878 157.188 112555 734.442 7169.59 266632 31682.9 62281.2 47609.4 443961 1757.14 1.28514e+06 79894.6 11094.9 485865 586939 1740.31 443399 99150.7 7161.33 266388 376586 4898.91 1902.71 155264
log_desv_Rt
 -3.62629 2.37405 -3.2512 -2.96825 0.407937 2.46268 -3.83572 -5.11312 1.46063 -3.57145 -1.29296 2.32306 0.192972 0.868853 0.600224 2.83293 -2.69912 3.89582 1.1179 -0.856322 2.92312 3.11211 -2.70875 2.83166 1.33383 -1.29411 2.32215 2.66834 -1.67379 -2.61953 1.78232
SSB
 1.57958e+06 630151 566879 146448 2464.47 10323.2 531935 120134 38268.7 384647 126797 45783.8 398773 174747 73119.5 71207.8 733987 410300 2.87125e+06 1.31769e+06 548902 1.18697e+06 1.29499e+06 735753 1.75178e+06 929585 369871 751007 1.64785e+06 864194 273481
BT
 1.95938e+06 1.61173e+06 718836 319946 102571 1.36185e+06 764180 159622 857911 496722 186114 884771 640119 645370 423641 1.42206e+06 932189 5.7644e+06 3.84377e+06 1.732e+06 3.06542e+06 2.95068e+06 1.6072e+06 4.08147e+06 2.41086e+06 1.1987e+06 2.29357e+06 3.24014e+06 2.0038e+06 1.09385e+06 1.29437e+06
Ftot
 0.341364 0.476319 0.4702 3.80244 2.57698 0.383549 1.25225 0.718746 0.352822 0.556437 0.493395 0.50097 0.617442 1.31279 1.24126 0.475985 0.445538 0.176925 0.322997 0.599663 0.381455 0.393065 0.315325 0.182462 0.231281 0.360925 0.301471 0.167832 0.176315 0.419373 0.492676
BD_Bspro_t
 0.946846 0.658707 0.535219 0.210515 0.00604433 0.0360891 0.508062 0.166147 0.0888508 0.511333 0.32386 0.247784 0.542481 0.296483 0.152671 0.157927 0.523052 0.379808 0.744811 0.543218 0.32234 0.499461 0.538201 0.436966 0.66649 0.579664 0.440437 0.628978 0.759251 0.625485 0.411134
BD_Bspro
 8.47169 3.37966 3.04031 0.785435 0.0132175 0.0553658 2.8529 0.644309 0.205244 2.06295 0.680044 0.24555 2.13872 0.93721 0.392158 0.381905 3.93655 2.20054 15.3992 7.06711 2.94389 6.36599 6.94535 3.94602 9.39524 4.98559 1.98371 4.02784 8.83784 4.63489 1.46675
BD_Bo
 0.889134 0.354707 0.319092 0.0824342 0.00138723 0.00581084 0.299422 0.0676225 0.0215411 0.216514 0.071373 0.0257713 0.224466 0.0983636 0.0411584 0.0400823 0.413155 0.230954 1.61621 0.741719 0.308972 0.668134 0.728939 0.414149 0.986064 0.523256 0.208197 0.422736 0.927563 0.486448 0.15394
BD_Brms
 5.94885 2.37321 2.13492 0.551536 0.00928141 0.0388781 2.00332 0.452436 0.144123 1.44862 0.47753 0.172426 1.50182 0.658113 0.275375 0.268175 2.76426 1.54523 10.8134 4.96256 2.06722 4.47023 4.87705 2.77091 6.59738 3.5009 1.39297 2.82836 6.20597 3.25464 1.02995
Sel_flota
 0.85633 1 1 1 1
 0.85633 1 1 1 1
 0.85633 1 1 1 1
 0.85633 1 1 1 1
 0.85633 1 1 1 1
 0.85633 1 1 1 1
 0.85633 1 1 1 1
 0.85633 1 1 1 1
 0.85633 1 1 1 1
 0.85633 1 1 1 1
 0.85633 1 1 1 1
 0.85633 1 1 1 1
 0.85633 1 1 1 1
 0.85633 1 1 1 1
 0.85633 1 1 1 1
 0.85633 1 1 1 1
 0.85633 1 1 1 1
 0.85633 1 1 1 1
 0.85633 1 1 1 1
 0.85633 1 1 1 1
 0.85633 1 1 1 1
 0.85633 1 1 1 1
 0.85633 1 1 1 1
 0.85633 1 1 1 1
 0.85633 1 1 1 1
 0.85633 1 1 1 1
 0.85633 1 1 1 1
 0.85633 1 1 1 1
 0.85633 1 1 1 1
 0.85633 1 1 1 1
 0.85633 1 1 1 1
Sel_reclas
 1 1 1 1 1
 1 1 1 1 1
 1 1 1 1 1
 1 1 1 1 1
 1 1 1 1 1
 1 1 1 1 1
 1 1 1 1 1
 1 1 1 1 1
 1 1 1 1 1
 1 1 1 1 1
 1 1 1 1 1
 1 1 1 1 1
 1 1 1 1 1
 1 1 1 1 1
 1 1 1 1 1
 1 1 1 1 1
 1 1 1 1 1
 1 1 1 1 1
 1 1 1 1 1
 1 1 1 1 1
 1 1 1 1 1
 1 1 1 1 1
 1 1 1 1 1
 1 1 1 1 1
 1 1 1 1 1
 1 1 1 1 1
 1 1 1 1 1
 1 1 1 1 1
 1 1 1 1 1
 1 1 1 1 1
 1 1 1 1 1
Sel_pelaces
 1 1 1 1 1
 1 1 1 1 1
 1 1 1 1 1
 1 1 1 1 1
 1 1 1 1 1
 1 1 1 1 1
 1 1 1 1 1
 1 1 1 1 1
 1 1 1 1 1
 1 1 1 1 1
 1 1 1 1 1
 1 1 1 1 1
 1 1 1 1 1
 1 1 1 1 1
 1 1 1 1 1
 1 1 1 1 1
 1 1 1 1 1
 1 1 1 1 1
 1 1 1 1 1
 1 1 1 1 1
 1 1 1 1 1
 1 1 1 1 1
 1 1 1 1 1
 1 1 1 1 1
 1 1 1 1 1
 1 1 1 1 1
 1 1 1 1 1
 1 1 1 1 1
 1 1 1 1 1
 1 1 1 1 1
 1 1 1 1 1
pf_obs 
 0.8446 0.082 0.0669 0.0065 0
 0.8095 0.147 0.0364 0.0071 0
 0.9664 0.0169 0.016 0.0007 0
 0.9276 0.0648 0.0075 0.0001 0
 0.7033 0.2144 0.0806 0.0017 0
 0.9318 0.0425 0.0243 0.0014 0
 0.5671 0.3108 0.0964 0.0239 0.0018
 0.0768 0.2599 0.5324 0.112 0.0189
 0.490249 0.384438 0.106611 0.0170017 0.00170017
 0.7925 0.1577 0.0466 0.003 0.0002
 0.840416 0.127587 0.0312969 0.00059994 9.999e-05
 0.8084 0.0986 0.0794 0.0134 0.0002
 0.7335 0.1905 0.0724 0.0035 0.0001
 0.4001 0.4547 0.1325 0.0127 0
 0.49795 0.308269 0.164784 0.0264974 0.00249975
 0.9179 0.0499 0.0305 0.0017 0
 0.2467 0.6533 0.0926 0.0074 0
 0.9418 0.0223 0.034 0.0019 0
 0.707729 0.231977 0.0356964 0.0245975 0
 0.517169 0.277429 0.184464 0.0207286 0.00020938
 0.811772 0.124168 0.05621 0.00726502 0.000585176
 0.764997 0.148141 0.077277 0.00933861 0.000247198
 0.163321 0.427699 0.378323 0.0303852 0.000271297
 0.753843 0.0900009 0.118128 0.0371064 0.000921714
 0.721811 0.176058 0.0630433 0.0369309 0.00215725
 0.143369 0.312575 0.442814 0.0836902 0.0175525
 0.692698 0.0596174 0.167031 0.0765114 0.00414204
 0.394062 0.376323 0.152708 0.0712218 0.00568511
 0.125707 0.32114 0.495352 0.0537591 0.00404204
 0.23352 0.215282 0.420074 0.123614 0.00750983
 0.796117 0.104755 0.0508955 0.0450114 0.00322123
pf_pred 
 0.0060648 0.345169 0.441158 0.207598 1.08293e-05
 0.903975 0.000699755 0.033104 0.0423099 0.0199111
 0.0117728 0.908959 0.000577645 0.0273272 0.0513632
 0.0689713 0.0133093 0.844107 0.000536431 0.073076
 0.995647 0.000511645 5.49123e-05 0.00348265 0.000303714
 0.994089 0.00589398 1.97215e-06 2.11661e-07 1.45947e-05
 0.00624222 0.988889 0.00485491 1.62448e-06 1.21961e-05
 0.0158995 0.00807304 0.971246 0.00476829 1.3574e-05
 0.984158 0.000312784 0.000127396 0.0153267 7.546e-05
 0.0204704 0.966609 0.000255092 0.000103899 0.0125613
 0.484604 0.0128884 0.495879 0.000130865 0.00649737
 0.986401 0.00726547 0.000158383 0.00609378 8.14533e-05
 0.302748 0.689466 0.00415958 9.06764e-05 0.0035354
 0.742445 0.0898761 0.165806 0.00100032 0.000872017
 0.821622 0.141375 0.0129125 0.0238213 0.000268998
 0.982259 0.0152271 0.00199211 0.000181949 0.000339455
 0.0137949 0.971795 0.0123682 0.00161809 0.00042351
 0.976789 0.00038775 0.0224895 0.000286227 4.72471e-05
 0.143928 0.839251 0.000281007 0.0162984 0.000241672
 0.0688699 0.156432 0.759476 0.000254296 0.0149678
 0.935642 0.00537618 0.00990913 0.0481087 0.000964239
 0.790368 0.198334 0.000943832 0.00173963 0.00861514
 0.00800343 0.81349 0.168885 0.000803692 0.0088173
 0.882773 0.00112426 0.0952106 0.0197663 0.00112604
 0.356756 0.57848 0.000621114 0.0526003 0.0115422
 0.0768189 0.367278 0.499933 0.000536777 0.0554331
 0.916221 0.00763597 0.0302928 0.041234 0.00461634
 0.799877 0.18594 0.00129276 0.00512853 0.00776241
 0.0283364 0.802233 0.157423 0.00109449 0.0109139
 0.0347178 0.0322571 0.770331 0.151163 0.0115309
 0.921081 0.00329561 0.00252714 0.0603507 0.012746
pobs_RECLAS
 0 0 0 0 0
 0 0 0 0 0
 0 0 0 0 0
 0 0 0 0 0
 0 0 0 0 0
 0 0 0 0 0
 0 0 0 0 0
 0 0 0 0 0
 0 0 0 0 0
 0 0 0 0 0
 0.991045 0.00858322 0.000360255 1.14367e-05 0
 0.934742 0.0480273 0.0164251 0.00080598 0
 0.827803 0.169806 0.00239088 0 0
 0.941827 0.0461693 0.0120037 0 0
 0.791401 0.0380133 0.147996 0.0225897 0
 0.846168 0.0940531 0.0597789 0 0
 0.134021 0.677848 0.182769 0.00536245 0
 0.80878 0.0450904 0.141981 0.00414843 0
 0.846168 0.0940531 0.0597789 0 0
 0.905697 0.0802665 0.012482 0.00150086 5.37128e-05
 0.989698 0.0102097 9.19794e-05 0 0
 0.975433 0.0193895 0.00387452 0.00125025 5.28907e-05
 0.303575 0.632131 0.0575291 0.00676475 0
 0.966965 0.00978017 0.0227588 0.000495775 0
 0.843318 0.132988 0.00938335 0.0141283 0.000182051
 0.564624 0.303363 0.111486 0.0197234 0.00080311
 0.826376 0.0876187 0.0782897 0.00655872 0.00115652
 0.89761 0.0855135 0.0140674 0.00269457 0.000114338
 0.34875 0.467042 0.161289 0.0227151 0.000203297
 0.318654 0.224769 0.449479 0.00709798 0
 0.937255 0.0296025 0.0250945 0.00804832 0
ppred_RECLAS
 0.00711197 0.344805 0.440693 0.207379 1.08179e-05
 0.917227 0.000603189 0.0285356 0.0364712 0.0171633
 0.0138271 0.90707 0.000576444 0.0272704 0.0512564
 0.0920315 0.0129797 0.8232 0.000523145 0.071266
 0.996586 0.000401275 4.30668e-05 0.00273139 0.000238198
 0.994965 0.0050212 1.68011e-06 1.80318e-07 1.24335e-05
 0.00750303 0.987634 0.00484875 1.62241e-06 1.21806e-05
 0.0187687 0.0080495 0.968414 0.00475439 1.35344e-05
 0.986476 0.000267018 0.000108756 0.0130841 6.44188e-05
 0.0240504 0.963076 0.00025416 0.000103519 0.0125154
 0.525433 0.0118674 0.456597 0.000120498 0.00598266
 0.988429 0.00618174 0.000134758 0.00518483 6.93036e-05
 0.338952 0.653667 0.0039436 8.59682e-05 0.00335184
 0.776628 0.0779479 0.143801 0.000867555 0.000756284
 0.847125 0.121163 0.0110663 0.0204155 0.000230538
 0.984888 0.0129708 0.00169693 0.000154989 0.000289157
 0.016188 0.969437 0.0123382 0.00161416 0.000422482
 0.980105 0.000332366 0.0192772 0.000245344 4.04986e-05
 0.164784 0.818805 0.000274161 0.0159013 0.000235785
 0.0802961 0.154513 0.750156 0.000251175 0.0147842
 0.944688 0.00462048 0.00851625 0.0413463 0.0008287
 0.815849 0.174226 0.000829106 0.00152817 0.00756794
 0.00937768 0.812363 0.168651 0.000802579 0.00880508
 0.898124 0.000977038 0.0827425 0.0171778 0.000978579
 0.393867 0.545106 0.00058528 0.0495657 0.0108763
 0.0890191 0.362425 0.493326 0.000529684 0.0547006
 0.927686 0.00659102 0.0261473 0.0355913 0.00398462
 0.823885 0.163633 0.00113767 0.00451327 0.00683116
 0.0330106 0.798373 0.156665 0.00108923 0.0108614
 0.0405702 0.0320615 0.765661 0.150246 0.011461
 0.932171 0.00283248 0.00217201 0.0518697 0.0109549
pobs_PELACES
 0 0 0 0 0
 0 0 0 0 0
 0 0 0 0 0
 0 0 0 0 0
 0 0 0 0 0
 0 0 0 0 0
 0 0 0 0 0
 0 0 0 0 0
 0 0 0 0 0
 0 0 0 0 0
 0 0 0 0 0
 0 0 0 0 0
 0 0 0 0 0
 0 0 0 0 0
 0 0 0 0 0
 0 0 0 0 0
 0.505614 0.472636 0.0217494 0 0
 0 0 0 0 0
 0.443492 0.261883 0.143347 0.151278 0
 0.227955 0.32914 0.350689 0.0885471 0.00366901
 0.970185 0.0296113 0.000203453 0 0
 0.997202 0.00247181 0.000326279 0 0
 0.445219 0.490057 0.0546422 0.010081 0
 0.90214 0.0892962 0.00764917 0.000914606 0
 0 0 0 0 0
 0.581667 0.319106 0.0959925 0.00289975 0.000334073
 0.762889 0.0836404 0.116647 0.0363945 0.000428098
 0.88444 0.0763242 0.0277011 0.0115352 0
 0.521256 0.241999 0.230069 0.00667565 0
 0.616807 0.101726 0.260614 0.0208532 0
 0.833518 0.0704572 0.0857862 0.0102388 0
ppred_PELACES
 0.00722717 0.344765 0.440642 0.207355 1.08166e-05
 0.918925 0.000590812 0.0279501 0.0357228 0.0168112
 0.0141344 0.906787 0.000576265 0.0272619 0.0512405
 0.108244 0.0127479 0.8085 0.000513803 0.0699935
 0.996978 0.000355264 3.81287e-05 0.00241821 0.000210886
 0.995055 0.00493116 1.64999e-06 1.77085e-07 1.22105e-05
 0.00795833 0.987181 0.00484653 1.62167e-06 1.2175e-05
 0.0194066 0.00804427 0.967784 0.0047513 1.35256e-05
 0.986697 0.000262647 0.000106976 0.01287 6.33644e-05
 0.0246775 0.962458 0.000253997 0.000103452 0.0125074
 0.531262 0.0117216 0.450988 0.000119018 0.00590917
 0.988698 0.00603829 0.000131631 0.0050645 6.76953e-05
 0.345541 0.647151 0.00390429 8.51112e-05 0.00331842
 0.787239 0.074245 0.136969 0.000826342 0.000720357
 0.854592 0.115245 0.0105259 0.0194184 0.000219278
 0.98522 0.0126857 0.00165963 0.000151581 0.0002828
 0.0165278 0.969102 0.0123339 0.00161361 0.000422336
 0.980267 0.000329645 0.0191194 0.000243335 4.0167e-05
 0.166903 0.816728 0.000273465 0.015861 0.000235187
 0.0824209 0.154156 0.748423 0.000250595 0.01475
 0.945626 0.00454217 0.00837191 0.0406455 0.000814655
 0.818633 0.171592 0.000816574 0.00150507 0.00745355
 0.00951759 0.812249 0.168627 0.000802465 0.00880384
 0.898913 0.000969473 0.0821019 0.0170448 0.000971002
 0.396488 0.542749 0.000582749 0.0493514 0.0108293
 0.0904166 0.361869 0.492569 0.000528871 0.0546167
 0.928639 0.00650416 0.0258027 0.0351222 0.0039321
 0.825037 0.162563 0.00113023 0.00448375 0.00678649
 0.0332784 0.798152 0.156622 0.00108893 0.0108584
 0.0413512 0.0320354 0.765038 0.150124 0.0114516
 0.933633 0.00277143 0.00212519 0.0507516 0.0107187
pobs_pel_tallas
 0 0 0 0 0 0 0 0 0 0 0 0 0 0 0 0 0 0 0 0 0 0 0 0 0 0
 0 0 0 0 0 0 0 0 0 0 0 0 0 0 0 0 0 0 0 0 0 0 0 0 0 0
 0 0 0 0 0 0 0 0 0 0 0 0 0 0 0 0 0 0 0 0 0 0 0 0 0 0
 0 0 0 0 0 0 0 0 0 0 0 0 0 0 0 0 0 0 0 0 0 0 0 0 0 0
 0 0 0 0 0 0 0 0 0 0 0 0 0 0 0 0 0 0 0 0 0 0 0 0 0 0
 0 0 0 0 0 0 0 0 0 0 0 0 0 0 0 0 0 0 0 0 0 0 0 0 0 0
 0 0 0 0 0 0 0 0 0 0 0 0 0 0 0 0 0 0 0 0 0 0 0 0 0 0
 0 0 0 0 0 0 0 0 0 0 0 0 0 0 0 0 0 0 0 0 0 0 0 0 0 0
 0 0 0 0 0 0 0 0 0 0 0 0 0 0 0 0 0 0 0 0 0 0 0 0 0 0
 0 0 0 0 0 0 0 0 0 0 0 0 0 0 0 0 0 0 0 0 0 0 0 0 0 0
 0 0 0 0 0 0 0 0 0 0 0 0 0 0 0 0 0 0 0 0 0 0 0 0 0 0
 0 0 0 0 0 0 0 0 0 0 0 0 0 0 0 0 0 0 0 0 0 0 0 0 0 0
 0.00862536 0 0 0.000197151 0.00414017 0.0128641 0.00837892 0.0270097 0.101434 0.158115 0.152841 0.127902 0.109271 0.109419 0.0830992 0.0579132 0.0238553 0.00714673 0.00463305 0.00128148 0.00103504 0.000492878 0.000147863 0.000147863 4.92878e-05 0
 0 0 0 0 0 0 0 0 0 0 0 0 0 0 0 0 0 0 0 0 0 0 0 0 0 0
 0 0 0 0 0 0 0 0.0054083 0.00873648 0.0413646 0.0450493 0.0745869 0.0622846 0.0627006 0.0613931 0.0827291 0.12552 0.122667 0.0946155 0.0697135 0.0546179 0.0294188 0.0215738 0.0213955 0.0102223 0.00600262
 0 0 0 0 0.00359764 0.0251062 0.0480494 0.140153 0.205849 0.193036 0.1447 0.116669 0.0760912 0.0342217 0.00950174 0.001854 0.000860785 0 0 0 0.000165536 0 0.000143464 0 0 0
 0 0 0 0 0 0 0 0.000145254 0.000435761 0.0275982 0.070085 0.0708112 0.156366 0.174668 0.174014 0.160142 0.0824315 0.0480064 0.0283245 0.00493863 0.00203355 0 0 0 0 0
 0 0 0 0 0 0 0 0 0 0 0 0 0 0 0 0 0 0 0 0 0 0 0 0 0 0
 0 0 1.00437e-05 0.000401748 0.00122533 0.00171747 0.00176769 0.0269171 0.070346 0.194647 0.189555 0.159765 0.064822 0.0314167 0.0384472 0.0292271 0.0345202 0.0313363 0.0194345 0.0106764 0.0143323 0.0359363 0.0279516 0.0138201 0.00172751 0
 0 0.0021121 0.0136068 0.0755702 0.200478 0.177729 0.0527432 0.0373336 0.0318909 0.0142505 0.0149659 0.0166563 0.0217959 0.0798694 0.0677717 0.0528807 0.04013 0.0224614 0.0357745 0.0225083 0.00881397 0.00855152 0.00135912 0.000746735 0 0
 0 0 0 0 5.4009e-05 0.00500934 0.000945158 0.0243581 0.138947 0.33067 0.221406 0.137944 0.0707744 0.0437923 0.0131692 0.00525238 0.0047753 0.00276346 9.45158e-05 9.00151e-06 2.25038e-05 9.00151e-06 4.50075e-06 0 0 0
 0.000866109 0.00284123 0.00948549 0.0512746 0.133035 0.25785 0.225252 0.132002 0.0553304 0.0519788 0.0540692 0.017754 0.00435017 0.00159236 0.00146478 0.000404838 0.000125132 0.000115318 0.000107957 0.000100596 0 0 0 0 0 0
 0 0 0 0 0.00144013 0.00171154 0.00461396 0.0210425 0.0478622 0.0707936 0.0888783 0.103762 0.0637923 0.0337046 0.0602308 0.124433 0.169614 0.0934646 0.0462172 0.0250306 0.0313229 0.00938855 0.002487 0.000210481 0 0
 0 0.00764035 0.051015 0.0998891 0.058973 0.0496711 0.0374665 0.0718981 0.12319 0.153886 0.159021 0.0857701 0.0377988 0.023471 0.0147837 0.00900784 0.00315554 0.000888139 0.00291439 0.00214683 0.00393193 0.00274676 0.000635225 9.99891e-05 0 0
 0 0 0 0 0 0 0 0 0 0 0 0 0 0 0 0 0 0 0 0 0 0 0 0 0 0
 0 0 0 0 0 0 0 0 0 0 0 0 0 0 0 0 0 0 0 0 0 0 0 0 0 0
 0 0 0 0 0 0 0 0 0 0 0 0 0 0 0 0 0 0 0 0 0 0 0 0 0 0
 0 0 0 0 0 0 0 0 0 0 0 0 0 0 0 0 0 0 0 0 0 0 0 0 0 0
 0 0 0 0 0 0 0 0 0 0 0 0 0 0 0 0 0 0 0 0 0 0 0 0 0 0
 0 0 0 0 0 0 0 0 0 0 0 0 0 0 0 0 0 0 0 0 0 0 0 0 0 0
 0 0 0 0 0 0 0 0 0 0 0 0 0 0 0 0 0 0 0 0 0 0 0 0 0 0
ppred_pel_tallas
 1.33601e-16 5.95366e-07 5.7872e-06 3.84596e-05 0.000174853 0.000544213 0.00116075 0.00170125 0.00173515 0.00132673 0.00110351 0.00179907 0.00414878 0.00908968 0.0175806 0.0299281 0.0451526 0.0611006 0.0755216 0.0873759 0.0971604 0.10583 0.113272 0.117778 0.116992 0.109479
 1.07235e-16 7.56906e-05 0.00073574 0.00488925 0.0222258 0.0691528 0.147337 0.215043 0.215043 0.147338 0.069155 0.0222329 0.00491019 0.000791974 0.000214247 0.000320177 0.000662358 0.00129017 0.00232915 0.00389232 0.00601645 0.0085997 0.0113713 0.0139226 0.0158027 0.0166478
 1.11654e-16 1.16442e-06 1.13187e-05 7.52207e-05 0.000341996 0.00106454 0.00227135 0.00333338 0.00342059 0.00269739 0.00249453 0.00446991 0.010428 0.0225823 0.0427831 0.0705101 0.101075 0.126093 0.137065 0.130191 0.108781 0.0812311 0.0562127 0.038704 0.0291281 0.0250337
 1.35232e-16 8.91596e-06 8.66663e-05 0.000575928 0.00261809 0.00814585 0.0173557 0.0253316 0.0253341 0.0173684 0.00819228 0.00276823 0.00101326 0.00124116 0.00278612 0.00611442 0.0123481 0.0228956 0.0389402 0.0606456 0.0863305 0.112173 0.132956 0.14381 0.142162 0.128798
 1.0028e-16 8.21197e-05 0.000798233 0.00530454 0.0241137 0.0750265 0.159852 0.233309 0.233309 0.159852 0.0750271 0.0241154 0.00530884 0.000807831 0.000100992 3.88138e-05 5.26343e-05 7.69905e-05 0.000108443 0.000150783 0.000209631 0.0002886 0.00038468 0.000485738 0.000572456 0.000624493
 1.00004e-16 8.19613e-05 0.000796693 0.00529431 0.0240672 0.0748819 0.159544 0.232859 0.232859 0.159546 0.0748896 0.0240896 0.00535058 0.000919347 0.00031436 0.00038854 0.000548346 0.000682202 0.000738212 0.000694544 0.000568279 0.000404588 0.000251025 0.000136308 6.55777e-05 2.89519e-05
 1.00395e-16 6.55723e-07 6.37395e-06 4.23618e-05 0.000192629 0.000599849 0.00128155 0.00189036 0.00198529 0.00174528 0.00215628 0.00468526 0.0113087 0.0245649 0.0465359 0.0766544 0.109771 0.136667 0.147948 0.139288 0.114092 0.0813746 0.0506272 0.0275797 0.0132657 0.00573625
 1.28409e-16 1.59851e-06 1.5538e-05 0.000103256 0.000469387 0.00146045 0.00311172 0.0045421 0.00454436 0.0031235 0.00150432 0.000615051 0.000540247 0.00120498 0.00294828 0.0066581 0.0137324 0.0258488 0.0443602 0.0693123 0.0984659 0.127027 0.148672 0.157766 0.151734 0.132239
 1.01305e-16 8.12729e-05 0.000790002 0.00524984 0.023865 0.0742529 0.158204 0.230903 0.230903 0.158204 0.0742534 0.0238666 0.00525408 0.000800311 0.000104216 5.32209e-05 9.33513e-05 0.00017445 0.000313325 0.000535952 0.000864243 0.00130105 0.00181533 0.00233682 0.0027681 0.00301332
 1.02381e-16 2.03285e-06 1.97601e-05 0.000131318 0.000597008 0.00185801 0.00396211 0.00580221 0.00589476 0.0044142 0.00337537 0.00497682 0.0111146 0.0239608 0.0453661 0.0747234 0.107003 0.133221 0.144234 0.135851 0.111434 0.0798182 0.0502852 0.0284087 0.0151266 0.00841972
 1.1403e-16 4.37593e-05 0.000425356 0.00282664 0.0128495 0.0399796 0.0851808 0.124324 0.124326 0.0851901 0.0400126 0.0129537 0.00312139 0.00117835 0.00179387 0.00372793 0.00729415 0.0131689 0.02191 0.0335128 0.0469727 0.060139 0.0701478 0.0744124 0.0717187 0.0627896
 1.00525e-16 8.14377e-05 0.000791604 0.00526049 0.0239134 0.0744035 0.158524 0.231371 0.231372 0.158527 0.074413 0.023941 0.00532991 0.000943375 0.000370417 0.000485697 0.000697783 0.000892145 0.00101609 0.00105378 0.00103427 0.00101266 0.00103338 0.00110276 0.00118823 0.00124009
 1.00849e-16 2.84619e-05 0.00027666 0.00183851 0.00835762 0.026004 0.0554066 0.0808805 0.0809428 0.0557106 0.0270244 0.0113029 0.00922462 0.0163774 0.0305384 0.0502621 0.0719818 0.089636 0.0970718 0.091461 0.0750419 0.0537273 0.0337336 0.0188024 0.00958707 0.00478158
 1.04177e-16 6.48438e-05 0.000630305 0.0041886 0.0190408 0.0592429 0.126224 0.184229 0.184236 0.12626 0.0593644 0.0193941 0.00508471 0.00261714 0.00392761 0.00662257 0.0100712 0.013777 0.0172327 0.0201262 0.0223955 0.024033 0.0248487 0.0244681 0.0225986 0.0193231
 1.02318e-16 7.03916e-05 0.000684231 0.00454696 0.0206698 0.0643115 0.137023 0.199991 0.200002 0.137077 0.0644937 0.021196 0.00586757 0.00356695 0.00554493 0.00905576 0.0130416 0.0164139 0.0181229 0.0177056 0.0155684 0.0127154 0.0101393 0.00834304 0.0072732 0.00657478
 1.00115e-16 8.11513e-05 0.000788819 0.00524198 0.0238293 0.0741418 0.157967 0.230558 0.230559 0.157973 0.0741618 0.0238872 0.00538736 0.00110613 0.000683638 0.00100136 0.00143366 0.0018006 0.00197966 0.00191608 0.0016508 0.00129217 0.000951194 0.000690477 0.000516121 0.000402295
 1.00837e-16 1.36158e-06 1.32351e-05 8.79566e-05 0.000399895 0.00124472 0.00265546 0.00389525 0.00398846 0.00311076 0.0027729 0.00481115 0.0111508 0.0241302 0.0457059 0.0753017 0.10787 0.134377 0.145615 0.137343 0.112887 0.0810624 0.0511306 0.0286626 0.0146384 0.00714269
 1.00584e-16 8.07433e-05 0.000784854 0.00521563 0.0237095 0.073769 0.157173 0.229398 0.229398 0.157173 0.0737702 0.0237132 0.00522623 0.000812648 0.000147142 0.000150819 0.00029139 0.000536142 0.000905636 0.00140019 0.0019765 0.00254148 0.0029715 0.00315527 0.00304069 0.00265886
 1.01848e-16 1.37477e-05 0.000133633 0.000888041 0.00403695 0.0125609 0.0267652 0.039081 0.0391596 0.0271489 0.0138486 0.00775388 0.0102092 0.0204524 0.0385167 0.0634292 0.0908455 0.113142 0.12257 0.115585 0.0950386 0.0684099 0.043535 0.0250884 0.0138139 0.0079736
 1.24159e-16 6.78893e-06 6.59908e-05 0.000438533 0.00199352 0.00620266 0.013216 0.0192925 0.0193085 0.0132946 0.00646984 0.00277947 0.00246502 0.00466685 0.00926168 0.016644 0.0270903 0.0405218 0.0565938 0.0747198 0.093711 0.111241 0.123856 0.128034 0.121871 0.106254
 1.04457e-16 7.78899e-05 0.000757118 0.00503131 0.0228716 0.0711621 0.151618 0.221292 0.221292 0.151621 0.0711699 0.0228944 0.00508995 0.000890327 0.000346899 0.000494495 0.000815156 0.00127381 0.00191181 0.00279746 0.00399548 0.00550959 0.00722448 0.00889111 0.0101806 0.0107916
 1.0148e-16 6.74297e-05 0.000655441 0.00435564 0.0198001 0.0616055 0.131258 0.191578 0.191594 0.131338 0.0618761 0.0205812 0.00631449 0.00492587 0.00816097 0.0133414 0.0191114 0.0238243 0.0258585 0.0244821 0.0203078 0.0149167 0.00995437 0.00638587 0.00433135 0.00337503
 1.06645e-16 7.84121e-07 7.62201e-06 5.06547e-05 0.000230317 0.000717023 0.00153059 0.00225036 0.00232872 0.00191351 0.00200299 0.00394553 0.00937972 0.020384 0.0387309 0.0641088 0.0925314 0.116721 0.129205 0.126459 0.110919 0.0891929 0.0679992 0.0510591 0.0387266 0.0296062
 1.04244e-16 7.40423e-05 0.000719717 0.00478277 0.0217418 0.0676468 0.144129 0.21036 0.21036 0.14413 0.0676511 0.0217559 0.00482472 0.000832656 0.00035128 0.000627676 0.00128074 0.00241404 0.00416775 0.00658169 0.00949656 0.0125112 0.0150494 0.0165401 0.0166332 0.0153381
 1.06938e-16 3.26583e-05 0.00031745 0.00210957 0.00958983 0.0298378 0.0635745 0.0927998 0.092852 0.0638296 0.0306939 0.0120612 0.00830818 0.0138334 0.0256567 0.0422489 0.0605977 0.0756813 0.0824401 0.0786245 0.0662188 0.0502136 0.0357141 0.0255773 0.019935 0.0172522
 1.23603e-16 7.44757e-06 7.23931e-05 0.000481079 0.00218694 0.00680456 0.0144992 0.0211694 0.0212049 0.0146733 0.00739114 0.00388992 0.0047888 0.00958521 0.018393 0.0312264 0.046914 0.0630155 0.0768998 0.0871426 0.0939749 0.0983332 0.100453 0.0993959 0.0938908 0.0836065
 1.04935e-16 7.64907e-05 0.000743517 0.00494093 0.0224608 0.0698838 0.148895 0.217316 0.217317 0.148898 0.0698952 0.0224943 0.00502782 0.00094228 0.000481261 0.000747908 0.0012472 0.00195433 0.00291259 0.00417839 0.00578092 0.00765959 0.00961692 0.0113343 0.0124605 0.0127344
 1.01673e-16 6.79572e-05 0.000660569 0.00438971 0.019955 0.0620875 0.132285 0.193076 0.193092 0.132361 0.0623439 0.0206951 0.00624588 0.00470747 0.00773884 0.0126478 0.0181243 0.0226098 0.0245733 0.0233272 0.0194557 0.0144544 0.00987225 0.00660536 0.00474535 0.00387884
 1.06671e-16 2.74127e-06 2.66462e-05 0.000177077 0.000805013 0.00250511 0.00534024 0.00781037 0.00788736 0.00571645 0.00376848 0.00445477 0.00934116 0.0200406 0.0380379 0.0629433 0.0908138 0.114482 0.126598 0.123701 0.108215 0.0866794 0.0657574 0.0491498 0.0372118 0.0285343
 1.39079e-16 3.40605e-06 3.31081e-05 0.000220015 0.00100016 0.00311189 0.00663036 0.00967808 0.0096824 0.00665203 0.00318822 0.00123642 0.000872685 0.00165553 0.00366499 0.00757119 0.0144536 0.0256019 0.0421327 0.0643051 0.0907065 0.117813 0.1405 0.153619 0.153986 0.141682
 1.06966e-16 7.69021e-05 0.000747516 0.00496751 0.0225816 0.0702596 0.149696 0.218485 0.218485 0.149697 0.0702645 0.022596 0.00500519 0.000834858 0.000258804 0.000351666 0.000616057 0.00104676 0.00172833 0.00278027 0.00431708 0.00637659 0.0088414 0.0114024 0.0136052 0.0149787
pSPR Fmed_Fpbrs
0.423849   0.199463 0.199463
Fs Fmed_Fpbrs
0.47883   1.005 1.005
SSBpbr Bo_Bmed_Bpbrs
1.77654e+06  664157  265527 265527
Ro
26122.8
SPR SPRFo_SPRFmed_SPRFpbrs
186454 79028.4 37190.7
Fref
1.005
Nvult_r0
 117806 378.917 290.561 6938.9 1465.49
CTP_r0
 34954.4 125.066 95.9033 2290.27 483.703
YTP_r0
390901
Np
 130193 20255.1 5044.18 14.7942 12.8722
Nvult_p0
 109938 17527.6 4364.93 12.802 11.1388
CTP_p0
 50851 16247.6 47.6531 36.5414 1068.79
 50851 8785.64 2187.91 6.41698 5.58329
YTP_p0
 673807 569529
CBA_c0
642523
log_Ro
9.99056
likeval ReclasPelacesDesembMPH_pf_preclas_ppelaces_ptallas_desvR_qrecl_qpela
 52.3852 55.884 0.404045 0.00228921 483.432 190.279 166.001 0 282.26 0 0 0.358429 0 0 0
q_reclas_q_pelaces
1 1
M
1
N
 695.25 34544.2 44150.7 20776.2 1.08379
 280580 190.939 9032.91 11544.9 5433.03
 1011.67 68646.7 43.6251 2063.81 3879.07
 1342.53 248.816 15780.5 10.0285 1366.15
 39281.1 19.033 2.04271 129.553 11.298
 306583 1590.43 0.532163 0.0571144 3.93821
 563.878 81210.4 398.699 0.133407 1.00158
 157.188 70.987 8540.25 41.928 0.119357
 112555 31.2482 12.7273 1531.19 7.53871
 734.442 30609.4 8.07796 3.29014 397.776
 7169.59 167.774 6455.1 1.70353 84.5793
 266632 1728.65 37.6835 1449.87 19.3799
 31682.9 63871.5 385.339 8.40017 327.516
 62281.2 6869.17 12672.5 76.4534 66.6477
 47609.4 7444.55 679.946 1254.38 14.1649
 443961 6050.28 791.539 72.295 134.878
 1757.14 108651 1382.81 180.909 47.3501
 1.28514e+06 441.383 25600.2 325.817 53.7822
 79894.6 406311 136.045 7890.62 117.002
 11094.9 22289.5 108215 36.2338 2132.72
 485865 2442.39 4501.69 21855.6 438.051
 586939 128931 613.558 1130.88 5600.46
 1740.31 154212 32015.3 152.354 1671.48
 443399 488.722 41388.5 8592.49 489.493
 99150.7 139522 149.805 12686.5 2783.84
 7161.33 29921.8 40729.1 43.7308 4516.09
 266388 1934.07 7672.66 10443.9 1169.24
 376586 75701.3 526.32 2087.97 3160.3
 4898.91 119992 23546.2 163.707 1632.42
 1902.71 1549.65 37007.2 7261.95 553.95
 155264 488.78 374.807 8950.76 1890.4
pred_Ctot
 114.074 6492.37 8297.86 3904.77 0.203691
 61400.3 47.5291 2248.51 2873.8 1352.41
 218.988 16907.7 10.7449 508.318 955.417
 1012.54 195.389 12392 7.87511 1072.8
 25937.1 13.3286 1.43049 90.725 7.9119
 55721.1 330.372 0.110544 0.0118641 0.818066
 255.049 40404.6 198.365 0.0663738 0.498315
 47.982 24.3631 2931.05 14.3899 0.0409639
 19013.7 6.0429 2.46126 296.108 1.45787
 182.875 8635.33 2.2789 0.928192 112.218
 1616.05 42.9799 1653.65 0.436406 21.6673
 60870.3 448.349 9.77374 376.044 5.02644
 8582.19 19544.7 117.914 2.57046 100.22
 29021.2 3513.14 6481.14 39.101 34.086
 21413.4 3684.58 336.53 620.841 7.01072
 97096.3 1505.2 196.92 17.9856 33.5551
 363.362 25597.4 325.782 42.6211 11.1554
 115630 45.9008 2662.24 33.8828 5.59299
 12481 72777.2 24.368 1413.34 20.9571
 2935.66 6668.09 32373.5 10.8396 638.02
 87885.1 504.986 930.767 4518.86 90.5712
 108973 27345.6 130.133 239.854 1187.83
 266.102 27047.3 5615.18 26.7215 293.162
 41063.8 52.2972 4428.9 919.465 52.3797
 11444.4 18557.1 19.9247 1687.36 370.263
 1234.15 5900.6 8031.79 8.62373 890.575
 39126.5 326.088 1293.63 1760.87 197.138
 32243.6 7495.35 52.1121 206.735 312.908
 439.35 12438.5 2440.81 16.9699 169.218
 373.604 347.123 8289.65 1626.68 124.086
 34954.4 125.066 95.9033 2290.27 483.703
F
 0.292321 0.341364 0.341364 0.341364 0.341364
 0.407886 0.476319 0.476319 0.476319 0.476319
 0.402647 0.4702 0.4702 0.4702 0.4702
 3.25614 3.80244 3.80244 3.80244 3.80244
 2.20674 2.57698 2.57698 2.57698 2.57698
 0.328445 0.383549 0.383549 0.383549 0.383549
 1.07234 1.25225 1.25225 1.25225 1.25225
 0.615483 0.718746 0.718746 0.718746 0.718746
 0.302132 0.352822 0.352822 0.352822 0.352822
 0.476493 0.556437 0.556437 0.556437 0.556437
 0.422509 0.493395 0.493395 0.493395 0.493395
 0.428996 0.50097 0.50097 0.50097 0.50097
 0.528734 0.617442 0.617442 0.617442 0.617442
 1.12418 1.31279 1.31279 1.31279 1.31279
 1.06293 1.24126 1.24126 1.24126 1.24126
 0.4076 0.475985 0.475985 0.475985 0.475985
 0.381527 0.445538 0.445538 0.445538 0.445538
 0.151506 0.176925 0.176925 0.176925 0.176925
 0.276592 0.322997 0.322997 0.322997 0.322997
 0.51351 0.599663 0.599663 0.599663 0.599663
 0.326652 0.381455 0.381455 0.381455 0.381455
 0.336593 0.393065 0.393065 0.393065 0.393065
 0.270022 0.315325 0.315325 0.315325 0.315325
 0.156247 0.182462 0.182462 0.182462 0.182462
 0.198053 0.231281 0.231281 0.231281 0.231281
 0.309071 0.360925 0.360925 0.360925 0.360925
 0.258158 0.301471 0.301471 0.301471 0.301471
 0.14372 0.167832 0.167832 0.167832 0.167832
 0.150984 0.176315 0.176315 0.176315 0.176315
 0.359122 0.419373 0.419373 0.419373 0.419373
 0.421893 0.492676 0.492676 0.492676 0.492676
YTP_r0W_actual
 290121 1763.43 2646.93 78327.1 18042.1
YTP_p0W_proyectada
 380874 254600 1102.22 1073.22 36157.2
 380874 137671 50606.3 188.467 188.883
CTP_r0_actual
 34954.4 125.066 95.9033 2290.27 483.703
CTP_p0_proyectada
 50851 16247.6 47.6531 36.5414 1068.79
 50851 8785.64 2187.91 6.41698 5.58329
Wmedp
 7.49 15.67 23.13 29.37 33.83
Frms_r0
 0.421893 0.492676 0.492676 0.492676 0.492676
Zrms_r0
 1.42189 1.49268 1.49268 1.49268 1.49268
nmprior
 8.19 8.8 8.5 0
nm_flota  nm_reclas  nm_pelaces    nm_pelaL
inf 2.91802 2.43425 3.17888
cv_recla  cv_pelaces  cv_mph
0.654681 0.847649 1.47655
 ------------------------------------------------
Talla a la edad & desviaci?n 
 8 13.2811 15.8009 17.003 17.5766
 0.8 1.32811 1.58009 1.7003 1.75766
