years
 1991 1992 1993 1994 1995 1996 1997 1998 1999 2000 2001 2002 2003 2004 2005 2006 2007 2008 2009 2010 2011 2012 2013 2014 2015 2016 2017 2018 2019 2020 2021
reclasobs
 0 0 0 0 0 0 0 0 0 252601 567819 844713 477998 351125 339783 2.1784e+06 2.13404e+06 4.81314e+06 1.55562e+06 2.62356e+06 3.21686e+06 3.843e+06 1.13348e+06 3.07943e+06 1.97215e+06 2.03268e+06 2.025e+06 2.42433e+06 2.27542e+06 1.05018e+06 2.36338e+06
reclaspred
 2.83542e+06 1.46901e+06 714353 370941 138925 1.49076e+06 623529 324051 215458 206937 381610 615208 593886 413202 346563 1.68643e+06 1.26846e+06 3.88358e+06 3.12319e+06 1.96923e+06 3.68751e+06 3.11344e+06 2.03459e+06 3.42923e+06 2.36996e+06 1.8325e+06 2.58234e+06 3.26521e+06 2.45497e+06 1.16246e+06 1.71238e+06
pelacesobs
 0 0 0 0 0 0 0 0 0 0 0 0 0 0 0 552880 188675 0 991730 2.46772e+06 1.41603e+06 1.21717e+06 2.29649e+06 1.80582e+06 0 1.4828e+06 1.56532e+06 1.57751e+06 1.42118e+06 867257 1.10002e+06
pelacespred
 801866 423813 190671 68916.4 26972.3 412198 127716 95746.1 46317.6 45481.5 104502 139562 150249 102520 86981.3 401639 302887 1.12799e+06 897329 520454 990728 850506 563680 1.07919e+06 702418 542940 887390 1.0957e+06 683687 371668 525999
mphobs
 0 0 0 0 0 0 0 0 0 0 0 498337 0 5186 125008 0 168611 109162 213762 579715 649985 157893 87575 83554 0 0 0 0 0 0 0
mphpred
 495518 262793 120361 60608.5 21598.6 10409.5 138447 45090.9 23871.1 11354.9 12926.5 43261 52801 39900.3 20829.3 24022.8 190586 131088 392407 273119 241954 334202 327243 217224 339791 253207 179678 237502 404373 235059 100208
desembarqueobs
 494567 514787 250237 358949 120608 361735 552515 73892 212993 205616 52469 317467 293654 387597 252695 516296 358380 742168 942051 627588 828172 859565 418607 520667 417249 300574 415391 372974 316634 284311 391294
desembarquepred
 494518 514861 249648 358821 120563 361586 552004 73879.8 212848 205495 52464.2 317316 293484 387158 252502 516007 358307 741796 941123 626943 827915 859070 418466 520553 417102 300456 415248 372847 316528 284190 391173
Reclutas
 71471.6 108377 84433.8 42988.7 21036.1 278039 33246.4 9941.68 25120.8 52418.6 65546.9 121354 92363.5 67117.1 51583 408886 34927.6 657464 328879 206766 388865 508387 49707.1 284259 198376 73580.5 247059 305531 44312.3 26455.3 189769
log_desv_Rt
 -0.328505 0.0878152 -0.161837 -0.836869 -1.55156 1.02996 -1.09386 -2.30107 -1.37411 -0.638544 -0.415039 0.200908 -0.0720723 -0.391366 -0.654612 1.41563 -1.04453 1.89059 1.19788 0.733781 1.36543 1.63344 -0.691657 1.05208 0.692358 -0.299424 0.911823 1.12425 -0.806541 -1.32235 0.648001
SSB
 1.72791e+06 916384 419709 211347 75316.4 36298.9 482776 157236 83240.6 39595.4 45075.7 150855 184122 139136 72633.6 83769.6 664592 457115 1.36836e+06 952391 843717 1.16539e+06 1.14113e+06 757481 1.18488e+06 882957 626554 828192 1.41008e+06 819673 349435
BT
 2.2896e+06 1.49172e+06 674678 445817 162445 1.27001e+06 776976 288483 309623 298375 284917 583023 609829 635529 452568 1.33644e+06 980051 3.26917e+06 2.96327e+06 1.77906e+06 2.96616e+06 2.75474e+06 1.66384e+06 2.98051e+06 2.01488e+06 1.52435e+06 2.47943e+06 2.90301e+06 1.8413e+06 1.15193e+06 1.60036e+06
Ftot
 0.274354 0.569876 0.577784 1.46763 1.38295 0.577025 1.2785 0.381975 1.74359 1.90339 0.309939 1.00121 0.925826 1.69147 1.45675 0.710454 0.455036 0.422172 0.540629 0.561615 0.437771 0.521963 0.331147 0.31033 0.310117 0.280196 0.330696 0.238313 0.204418 0.382788 0.482574
BD_Bspro_t
 0.957349 0.70749 0.473328 0.334399 0.145585 0.102937 0.483242 0.205321 0.160778 0.104828 0.146315 0.431585 0.349687 0.255221 0.149171 0.173895 0.496855 0.396673 0.595222 0.47532 0.405068 0.481612 0.505785 0.445913 0.586808 0.575139 0.552511 0.642238 0.732252 0.619514 0.463752
BD_Bspro
 2.43875 1.29337 0.592371 0.298292 0.1063 0.0512317 0.681383 0.221921 0.117485 0.0558844 0.0636192 0.212915 0.259867 0.196374 0.102514 0.118231 0.937995 0.645165 1.93128 1.34419 1.19081 1.64482 1.61057 1.0691 1.67232 1.24619 0.884308 1.1689 1.99017 1.15687 0.493187
BD_Bo
 1.10693 0.58705 0.268873 0.135393 0.0482489 0.0232536 0.309274 0.100728 0.0533253 0.0253655 0.0288762 0.0966402 0.117952 0.0891328 0.0465302 0.0536642 0.425748 0.292835 0.876593 0.610117 0.540499 0.746569 0.731025 0.485255 0.759055 0.565636 0.401381 0.530553 0.903323 0.525096 0.223854
BD_Brms
 5.26333 2.79136 1.27846 0.643776 0.229418 0.110568 1.47056 0.478951 0.253556 0.12061 0.137303 0.459513 0.560846 0.423816 0.221246 0.255167 2.02439 1.3924 4.1681 2.90104 2.57001 3.54985 3.47594 2.30733 3.60922 2.68954 1.90852 2.52272 4.2952 2.49677 1.0644
Sel_flota
 0.60384 0.966623 0.998186 0.999904 0.999995
 0.60384 0.966623 0.998186 0.999904 0.999995
 0.60384 0.966623 0.998186 0.999904 0.999995
 0.60384 0.966623 0.998186 0.999904 0.999995
 0.60384 0.966623 0.998186 0.999904 0.999995
 0.60384 0.966623 0.998186 0.999904 0.999995
 0.60384 0.966623 0.998186 0.999904 0.999995
 0.60384 0.966623 0.998186 0.999904 0.999995
 0.60384 0.966623 0.998186 0.999904 0.999995
 0.60384 0.966623 0.998186 0.999904 0.999995
 0.60384 0.966623 0.998186 0.999904 0.999995
 0.60384 0.966623 0.998186 0.999904 0.999995
 0.60384 0.966623 0.998186 0.999904 0.999995
 0.60384 0.966623 0.998186 0.999904 0.999995
 0.60384 0.966623 0.998186 0.999904 0.999995
 0.60384 0.966623 0.998186 0.999904 0.999995
 0.60384 0.966623 0.998186 0.999904 0.999995
 0.60384 0.966623 0.998186 0.999904 0.999995
 0.60384 0.966623 0.998186 0.999904 0.999995
 0.60384 0.966623 0.998186 0.999904 0.999995
 0.60384 0.966623 0.998186 0.999904 0.999995
 0.60384 0.966623 0.998186 0.999904 0.999995
 0.60384 0.966623 0.998186 0.999904 0.999995
 0.60384 0.966623 0.998186 0.999904 0.999995
 0.60384 0.966623 0.998186 0.999904 0.999995
 0.60384 0.966623 0.998186 0.999904 0.999995
 0.60384 0.966623 0.998186 0.999904 0.999995
 0.60384 0.966623 0.998186 0.999904 0.999995
 0.60384 0.966623 0.998186 0.999904 0.999995
 0.60384 0.966623 0.998186 0.999904 0.999995
 0.60384 0.966623 0.998186 0.999904 0.999995
Sel_reclas
 1 1 1 1 1
 1 1 1 1 1
 1 1 1 1 1
 1 1 1 1 1
 1 1 1 1 1
 1 1 1 1 1
 1 1 1 1 1
 1 1 1 1 1
 1 1 1 1 1
 1 1 1 1 1
 1 1 1 1 1
 1 1 1 1 1
 1 1 1 1 1
 1 1 1 1 1
 1 1 1 1 1
 1 1 1 1 1
 1 1 1 1 1
 1 1 1 1 1
 1 1 1 1 1
 1 1 1 1 1
 1 1 1 1 1
 1 1 1 1 1
 1 1 1 1 1
 1 1 1 1 1
 1 1 1 1 1
 1 1 1 1 1
 1 1 1 1 1
 1 1 1 1 1
 1 1 1 1 1
 1 1 1 1 1
 1 1 1 1 1
Sel_pelaces
 1 1 1 1 1
 1 1 1 1 1
 1 1 1 1 1
 1 1 1 1 1
 1 1 1 1 1
 1 1 1 1 1
 1 1 1 1 1
 1 1 1 1 1
 1 1 1 1 1
 1 1 1 1 1
 1 1 1 1 1
 1 1 1 1 1
 1 1 1 1 1
 1 1 1 1 1
 1 1 1 1 1
 1 1 1 1 1
 1 1 1 1 1
 1 1 1 1 1
 1 1 1 1 1
 1 1 1 1 1
 1 1 1 1 1
 1 1 1 1 1
 1 1 1 1 1
 1 1 1 1 1
 1 1 1 1 1
 1 1 1 1 1
 1 1 1 1 1
 1 1 1 1 1
 1 1 1 1 1
 1 1 1 1 1
 1 1 1 1 1
pf_obs 
 0.8446 0.082 0.0669 0.0065 0
 0.8095 0.147 0.0364 0.0071 0
 0.9664 0.0169 0.016 0.0007 0
 0.9276 0.0648 0.0075 0.0001 0
 0.7033 0.2144 0.0806 0.0017 0
 0.9318 0.0425 0.0243 0.0014 0
 0.5671 0.3108 0.0964 0.0239 0.0018
 0.0768 0.2599 0.5324 0.112 0.0189
 0.490249 0.384438 0.106611 0.0170017 0.00170017
 0.7925 0.1577 0.0466 0.003 0.0002
 0.840416 0.127587 0.0312969 0.00059994 9.999e-05
 0.8084 0.0986 0.0794 0.0134 0.0002
 0.7335 0.1905 0.0724 0.0035 0.0001
 0.4001 0.4547 0.1325 0.0127 0
 0.49795 0.308269 0.164784 0.0264974 0.00249975
 0.9179 0.0499 0.0305 0.0017 0
 0.2467 0.6533 0.0926 0.0074 0
 0.9418 0.0223 0.034 0.0019 0
 0.707729 0.231977 0.0356964 0.0245975 0
 0.517169 0.277429 0.184464 0.0207286 0.00020938
 0.811772 0.124168 0.05621 0.00726502 0.000585176
 0.764997 0.148141 0.077277 0.00933861 0.000247198
 0.163321 0.427699 0.378323 0.0303852 0.000271297
 0.753843 0.0900009 0.118128 0.0371064 0.000921714
 0.721811 0.176058 0.0630433 0.0369309 0.00215725
 0.143369 0.312575 0.442814 0.0836902 0.0175525
 0.692698 0.0596174 0.167031 0.0765114 0.00414204
 0.394062 0.376323 0.152708 0.0712218 0.00568511
 0.125707 0.32114 0.495352 0.0537591 0.00404204
 0.23352 0.215282 0.420074 0.123614 0.00750983
 0.796117 0.104755 0.0508955 0.0450114 0.00322123
pf_pred 
 0.281037 0.238628 0.425317 0.0550168 1.0302e-06
 0.567438 0.172497 0.0884183 0.15202 0.0196268
 0.587664 0.290593 0.0498242 0.0244878 0.0474302
 0.513414 0.350824 0.0969105 0.0159229 0.0229291
 0.627853 0.262919 0.0801372 0.0207866 0.00830427
 0.977885 0.0174461 0.00335752 0.000963304 0.000348533
 0.249907 0.740803 0.00739472 0.00136388 0.000531655
 0.324132 0.279266 0.391966 0.00369267 0.000943567
 0.751232 0.113609 0.0571192 0.0771295 0.000910386
 0.917542 0.0728869 0.00454288 0.0021296 0.00289858
 0.87127 0.124306 0.00394357 0.000228405 0.000251771
 0.798749 0.184972 0.0157393 0.000481221 5.84748e-05
 0.703382 0.26321 0.0308316 0.00249133 8.5188e-05
 0.683952 0.260137 0.0498904 0.00555744 0.000463162
 0.783952 0.181325 0.0289206 0.00517914 0.000622678
 0.969536 0.0271325 0.00282376 0.00042315 8.46017e-05
 0.18936 0.797029 0.0121811 0.001212 0.000217403
 0.927684 0.0207644 0.0507195 0.000745097 8.72466e-05
 0.530943 0.449166 0.00587115 0.0137932 0.00022588
 0.515994 0.322476 0.154957 0.00194333 0.00462993
 0.757922 0.158883 0.0561986 0.0259 0.00109611
 0.724444 0.232853 0.0284094 0.00966188 0.00463146
 0.164056 0.687352 0.126363 0.0147995 0.0074293
 0.754978 0.06086 0.152418 0.0270035 0.00474065
 0.556861 0.372511 0.018034 0.0435431 0.00905083
 0.349073 0.441228 0.177331 0.00827697 0.024091
 0.770113 0.108732 0.0830784 0.0322097 0.00586739
 0.693195 0.26108 0.0220551 0.0162409 0.00742876
 0.187617 0.640162 0.147332 0.0120171 0.0128722
 0.24968 0.206078 0.431997 0.0960494 0.0161951
 0.857803 0.0522142 0.0254109 0.0512761 0.0132955
pobs_RECLAS
 0 0 0 0 0
 0 0 0 0 0
 0 0 0 0 0
 0 0 0 0 0
 0 0 0 0 0
 0 0 0 0 0
 0 0 0 0 0
 0 0 0 0 0
 0 0 0 0 0
 0 0 0 0 0
 0.991045 0.00858322 0.000360255 1.14367e-05 0
 0.934742 0.0480273 0.0164251 0.00080598 0
 0.827803 0.169806 0.00239088 0 0
 0.941827 0.0461693 0.0120037 0 0
 0.791401 0.0380133 0.147996 0.0225897 0
 0.846168 0.0940531 0.0597789 0 0
 0.134021 0.677848 0.182769 0.00536245 0
 0.80878 0.0450904 0.141981 0.00414843 0
 0.846168 0.0940531 0.0597789 0 0
 0.905697 0.0802665 0.012482 0.00150086 5.37128e-05
 0.989698 0.0102097 9.19794e-05 0 0
 0.975433 0.0193895 0.00387452 0.00125025 5.28907e-05
 0.303575 0.632131 0.0575291 0.00676475 0
 0.966965 0.00978017 0.0227588 0.000495775 0
 0.843318 0.132988 0.00938335 0.0141283 0.000182051
 0.564624 0.303363 0.111486 0.0197234 0.00080311
 0.826376 0.0876187 0.0782897 0.00655872 0.00115652
 0.89761 0.0855135 0.0140674 0.00269457 0.000114338
 0.34875 0.467042 0.161289 0.0227151 0.000203297
 0.318654 0.224769 0.449479 0.00709798 0
 0.937255 0.0296025 0.0250945 0.00804832 0
ppred_RECLAS
 0.392478 0.206141 0.355479 0.0459016 8.5944e-07
 0.687243 0.1274 0.0630957 0.108282 0.0139786
 0.702602 0.211775 0.0350817 0.0172103 0.0333312
 0.6512 0.254358 0.0674584 0.0110595 0.0159239
 0.747754 0.180315 0.0528042 0.0136673 0.00545948
 0.986499 0.0107284 0.00199483 0.000571282 0.000206676
 0.364599 0.627833 0.00602648 0.00110918 0.000432324
 0.442696 0.234814 0.318727 0.00299731 0.000765813
 0.84737 0.0713968 0.034376 0.0463107 0.000546554
 0.953271 0.041522 0.00247448 0.00115718 0.00157482
 0.916463 0.0807578 0.00247844 0.000143292 0.000157936
 0.870266 0.119592 0.00980607 0.00029922 3.63555e-05
 0.799648 0.17851 0.0201603 0.00162585 5.55883e-05
 0.795657 0.169456 0.0311383 0.0034606 0.000288374
 0.864554 0.114416 0.0175221 0.00313103 0.000376394
 0.981417 0.0166139 0.00166932 0.000249682 4.99147e-05
 0.27588 0.712362 0.0105252 0.00104535 0.000187492
 0.955321 0.013139 0.0310315 0.000455049 5.32786e-05
 0.649864 0.335786 0.00424144 0.00994622 0.000162866
 0.638649 0.243504 0.11306 0.00141528 0.00337155
 0.837637 0.107814 0.0368702 0.0169615 0.000717759
 0.812138 0.159594 0.0188179 0.00638819 0.00306191
 0.242379 0.626624 0.111431 0.0130275 0.00653913
 0.836481 0.0416464 0.100896 0.0178439 0.00313233
 0.671664 0.277505 0.0129963 0.0313239 0.00651036
 0.467069 0.365101 0.141965 0.00661454 0.0192505
 0.846758 0.0737727 0.054524 0.0211015 0.00384353
 0.785654 0.183309 0.0149843 0.0110147 0.00503778
 0.272664 0.577118 0.128542 0.0104661 0.0112098
 0.356465 0.181122 0.367182 0.0814922 0.0137393
 0.909647 0.0339209 0.0159573 0.0321415 0.0083332
pobs_PELACES
 0 0 0 0 0
 0 0 0 0 0
 0 0 0 0 0
 0 0 0 0 0
 0 0 0 0 0
 0 0 0 0 0
 0 0 0 0 0
 0 0 0 0 0
 0 0 0 0 0
 0 0 0 0 0
 0 0 0 0 0
 0 0 0 0 0
 0 0 0 0 0
 0 0 0 0 0
 0 0 0 0 0
 0 0 0 0 0
 0.505614 0.472636 0.0217494 0 0
 0 0 0 0 0
 0.443492 0.261883 0.143347 0.151278 0
 0.227955 0.32914 0.350689 0.0885471 0.00366901
 0.970185 0.0296113 0.000203453 0 0
 0.997202 0.00247181 0.000326279 0 0
 0.445219 0.490057 0.0546422 0.010081 0
 0.90214 0.0892962 0.00764917 0.000914606 0
 0 0 0 0 0
 0.581667 0.319106 0.0959925 0.00289975 0.000334073
 0.762889 0.0836404 0.116647 0.0363945 0.000428098
 0.88444 0.0763242 0.0277011 0.0115352 0
 0.521256 0.241999 0.230069 0.00667565 0
 0.616807 0.101726 0.260614 0.0208532 0
 0.833518 0.0704572 0.0857862 0.0102388 0
ppred_PELACES
 0.400792 0.203706 0.350278 0.0452229 8.46726e-07
 0.702479 0.121636 0.0598845 0.102738 0.0132627
 0.717213 0.201731 0.0332173 0.0162904 0.031549
 0.690872 0.226372 0.0591254 0.00968525 0.0139447
 0.778403 0.159064 0.045915 0.0118749 0.00474328
 0.987404 0.0100215 0.00185223 0.000530268 0.000191834
 0.400774 0.592183 0.00560908 0.00103161 0.000402074
 0.454577 0.230338 0.311409 0.00292787 0.000748061
 0.873557 0.0597369 0.0282444 0.0380127 0.000448599
 0.962517 0.0333816 0.00195031 0.000911066 0.00123982
 0.919268 0.0780544 0.00238775 0.000138025 0.000152129
 0.883293 0.107671 0.00873701 0.000266448 3.23727e-05
 0.816975 0.163244 0.0182592 0.00147177 5.03186e-05
 0.827051 0.143853 0.025972 0.00288367 0.000240286
 0.883953 0.0982616 0.0148215 0.00264627 0.000318105
 0.98292 0.0152826 0.00152423 0.000227889 4.55571e-05
 0.28691 0.701565 0.0103167 0.00102437 0.000183727
 0.957556 0.0125207 0.0294414 0.000431628 5.05357e-05
 0.664498 0.321829 0.00404231 0.00947636 0.000155169
 0.654448 0.233302 0.107691 0.00134765 0.00321038
 0.844843 0.103189 0.0351281 0.0161561 0.000683667
 0.821608 0.151675 0.0177872 0.00603649 0.0028933
 0.249845 0.620821 0.110019 0.01286 0.00645499
 0.841823 0.0403838 0.0975218 0.0172441 0.003027
 0.679912 0.270675 0.0126355 0.030449 0.00632846
 0.475658 0.359549 0.139399 0.00649395 0.0188994
 0.852054 0.0713526 0.052554 0.0203352 0.00370393
 0.79048 0.179248 0.014616 0.0107425 0.00491325
 0.277633 0.573429 0.127448 0.0103759 0.0111131
 0.367718 0.178471 0.360367 0.0799625 0.0134812
 0.91454 0.0321889 0.0150666 0.0303391 0.0078658
pobs_pel_tallas
 0 0 0 0 0 0 0 0 0 0 0 0 0 0 0 0 0 0 0 0 0 0 0 0 0 0
 0 0 0 0 0 0 0 0 0 0 0 0 0 0 0 0 0 0 0 0 0 0 0 0 0 0
 0 0 0 0 0 0 0 0 0 0 0 0 0 0 0 0 0 0 0 0 0 0 0 0 0 0
 0 0 0 0 0 0 0 0 0 0 0 0 0 0 0 0 0 0 0 0 0 0 0 0 0 0
 0 0 0 0 0 0 0 0 0 0 0 0 0 0 0 0 0 0 0 0 0 0 0 0 0 0
 0 0 0 0 0 0 0 0 0 0 0 0 0 0 0 0 0 0 0 0 0 0 0 0 0 0
 0 0 0 0 0 0 0 0 0 0 0 0 0 0 0 0 0 0 0 0 0 0 0 0 0 0
 0 0 0 0 0 0 0 0 0 0 0 0 0 0 0 0 0 0 0 0 0 0 0 0 0 0
 0 0 0 0 0 0 0 0 0 0 0 0 0 0 0 0 0 0 0 0 0 0 0 0 0 0
 0 0 0 0 0 0 0 0 0 0 0 0 0 0 0 0 0 0 0 0 0 0 0 0 0 0
 0 0 0 0 0 0 0 0 0 0 0 0 0 0 0 0 0 0 0 0 0 0 0 0 0 0
 0 0 0 0 0 0 0 0 0 0 0 0 0 0 0 0 0 0 0 0 0 0 0 0 0 0
 0.00862536 0 0 0.000197151 0.00414017 0.0128641 0.00837892 0.0270097 0.101434 0.158115 0.152841 0.127902 0.109271 0.109419 0.0830992 0.0579132 0.0238553 0.00714673 0.00463305 0.00128148 0.00103504 0.000492878 0.000147863 0.000147863 4.92878e-05 0
 0 0 0 0 0 0 0 0 0 0 0 0 0 0 0 0 0 0 0 0 0 0 0 0 0 0
 0 0 0 0 0 0 0 0.0054083 0.00873648 0.0413646 0.0450493 0.0745869 0.0622846 0.0627006 0.0613931 0.0827291 0.12552 0.122667 0.0946155 0.0697135 0.0546179 0.0294188 0.0215738 0.0213955 0.0102223 0.00600262
 0 0 0 0 0.00359764 0.0251062 0.0480494 0.140153 0.205849 0.193036 0.1447 0.116669 0.0760912 0.0342217 0.00950174 0.001854 0.000860785 0 0 0 0.000165536 0 0.000143464 0 0 0
 0 0 0 0 0 0 0 0.000145254 0.000435761 0.0275982 0.070085 0.0708112 0.156366 0.174668 0.174014 0.160142 0.0824315 0.0480064 0.0283245 0.00493863 0.00203355 0 0 0 0 0
 0 0 0 0 0 0 0 0 0 0 0 0 0 0 0 0 0 0 0 0 0 0 0 0 0 0
 0 0 1.00437e-05 0.000401748 0.00122533 0.00171747 0.00176769 0.0269171 0.070346 0.194647 0.189555 0.159765 0.064822 0.0314167 0.0384472 0.0292271 0.0345202 0.0313363 0.0194345 0.0106764 0.0143323 0.0359363 0.0279516 0.0138201 0.00172751 0
 0 0.0021121 0.0136068 0.0755702 0.200478 0.177729 0.0527432 0.0373336 0.0318909 0.0142505 0.0149659 0.0166563 0.0217959 0.0798694 0.0677717 0.0528807 0.04013 0.0224614 0.0357745 0.0225083 0.00881397 0.00855152 0.00135912 0.000746735 0 0
 0 0 0 0 5.4009e-05 0.00500934 0.000945158 0.0243581 0.138947 0.33067 0.221406 0.137944 0.0707744 0.0437923 0.0131692 0.00525238 0.0047753 0.00276346 9.45158e-05 9.00151e-06 2.25038e-05 9.00151e-06 4.50075e-06 0 0 0
 0.000866109 0.00284123 0.00948549 0.0512746 0.133035 0.25785 0.225252 0.132002 0.0553304 0.0519788 0.0540692 0.017754 0.00435017 0.00159236 0.00146478 0.000404838 0.000125132 0.000115318 0.000107957 0.000100596 0 0 0 0 0 0
 0 0 0 0 0.00144013 0.00171154 0.00461396 0.0210425 0.0478622 0.0707936 0.0888783 0.103762 0.0637923 0.0337046 0.0602308 0.124433 0.169614 0.0934646 0.0462172 0.0250306 0.0313229 0.00938855 0.002487 0.000210481 0 0
 0 0.00764035 0.051015 0.0998891 0.058973 0.0496711 0.0374665 0.0718981 0.12319 0.153886 0.159021 0.0857701 0.0377988 0.023471 0.0147837 0.00900784 0.00315554 0.000888139 0.00291439 0.00214683 0.00393193 0.00274676 0.000635225 9.99891e-05 0 0
 0 0 0 0 0 0 0 0 0 0 0 0 0 0 0 0 0 0 0 0 0 0 0 0 0 0
 0 0 0 0 0 0 0 0 0 0 0 0 0 0 0 0 0 0 0 0 0 0 0 0 0 0
 0 0 0 0 0 0 0 0 0 0 0 0 0 0 0 0 0 0 0 0 0 0 0 0 0 0
 0 0 0 0 0 0 0 0 0 0 0 0 0 0 0 0 0 0 0 0 0 0 0 0 0 0
 0 0 0 0 0 0 0 0 0 0 0 0 0 0 0 0 0 0 0 0 0 0 0 0 0 0
 0 0 0 0 0 0 0 0 0 0 0 0 0 0 0 0 0 0 0 0 0 0 0 0 0 0
 0 0 0 0 0 0 0 0 0 0 0 0 0 0 0 0 0 0 0 0 0 0 0 0 0 0
ppred_pel_tallas
 1.14696e-16 3.30128e-05 0.000320896 0.00213247 0.0096939 0.0301614 0.0642629 0.0937977 0.0938179 0.0643615 0.0304942 0.0106615 0.00458591 0.00575799 0.0105969 0.0180867 0.0274955 0.0375849 0.0470115 0.0550038 0.0615174 0.0666588 0.0699654 0.0703288 0.0667017 0.0589672
 1.14307e-16 5.78623e-05 0.000562442 0.00373762 0.0169907 0.0528644 0.112634 0.164395 0.164406 0.112692 0.053059 0.017554 0.00515721 0.0036804 0.0060371 0.0100459 0.0148501 0.0195244 0.0232082 0.0256204 0.0272423 0.0289181 0.0311627 0.0337284 0.0357263 0.036146
 1.07983e-16 5.90759e-05 0.000574239 0.00381602 0.0173471 0.0539733 0.114997 0.167845 0.167864 0.115092 0.0542927 0.0182697 0.006133 0.00563566 0.00968233 0.0159434 0.0230379 0.0291478 0.0324804 0.0322601 0.0292121 0.0250758 0.0215347 0.0193848 0.0184255 0.0179167
 1.05096e-16 5.69063e-05 0.000553149 0.00367587 0.01671 0.0519911 0.110773 0.161682 0.161703 0.11088 0.05235 0.0177472 0.0062817 0.00624905 0.0108962 0.0179808 0.0260315 0.0330211 0.0369186 0.0367884 0.0333252 0.028331 0.0235738 0.0199322 0.0173273 0.0152203
 1.0336e-16 6.4116e-05 0.000623231 0.00414159 0.0188271 0.0585781 0.124807 0.182163 0.182179 0.124882 0.0588304 0.0195564 0.00597436 0.00463059 0.00769366 0.0126672 0.0183578 0.023331 0.0261656 0.0262036 0.0239187 0.020546 0.0172864 0.0147192 0.012772 0.0110813
 1.00142e-16 8.13312e-05 0.000790568 0.0052536 0.0238821 0.0743061 0.158317 0.231069 0.23107 0.158322 0.074322 0.0239279 0.00536868 0.0010419 0.000559031 0.00079644 0.00114168 0.00144033 0.00159606 0.0015664 0.00138301 0.00112873 0.00088664 0.00070086 0.000571898 0.000477556
 1.00485e-16 3.30114e-05 0.000320882 0.00213238 0.00969352 0.0301604 0.0642621 0.0938044 0.0938613 0.0645403 0.0310942 0.0123889 0.0088918 0.015056 0.0279564 0.0460046 0.065891 0.0820655 0.0888976 0.0837956 0.0687979 0.0493001 0.0309747 0.0172364 0.00868772 0.00415336
 1.09466e-16 3.74429e-05 0.000363959 0.00241863 0.0109948 0.0342089 0.0728866 0.106385 0.106408 0.0729974 0.0345821 0.0120781 0.00515823 0.00641189 0.0117201 0.0198266 0.0297382 0.0398391 0.0483972 0.0544338 0.0580205 0.0597017 0.0596362 0.0573292 0.0521778 0.0442491
 1.04719e-16 7.19538e-05 0.000699416 0.00464787 0.0211285 0.0657387 0.140064 0.204428 0.204434 0.140092 0.0658341 0.0214046 0.00534314 0.00222493 0.00299246 0.00489607 0.00719827 0.00938482 0.0109955 0.0118517 0.0121573 0.0123206 0.0126343 0.0130708 0.0133295 0.0130578
 1.00367e-16 7.92813e-05 0.000770642 0.00512119 0.0232802 0.0724333 0.154327 0.225245 0.225249 0.154343 0.072486 0.0234323 0.00550295 0.00160338 0.00165894 0.00261224 0.00374421 0.00468546 0.00511997 0.00490607 0.00415927 0.00317778 0.00226835 0.00160547 0.00120452 0.000985063
 1.00129e-16 7.57189e-05 0.000736014 0.00489108 0.0222341 0.0691786 0.147393 0.215126 0.215133 0.147429 0.0693018 0.0225896 0.00578261 0.00267991 0.00376066 0.00607918 0.00870734 0.0108597 0.0117923 0.0111637 0.00923896 0.00672115 0.00434705 0.00255681 0.00142485 0.000798259
 1.00312e-16 7.27557e-05 0.000707211 0.00469967 0.021364 0.0664714 0.141625 0.206708 0.206718 0.141675 0.0666414 0.021855 0.00593143 0.00339425 0.0051703 0.00841745 0.012083 0.0151186 0.0165078 0.0157799 0.0132872 0.00997204 0.00681458 0.00439029 0.00278807 0.00180767
 1.00725e-16 6.72932e-05 0.000654113 0.00434681 0.01976 0.0614808 0.130992 0.19119 0.191205 0.131069 0.0617387 0.0205049 0.00621621 0.00473345 0.00780997 0.0127923 0.0183909 0.0230609 0.0252734 0.0243172 0.0207169 0.0158757 0.011244 0.00765902 0.00523432 0.00366727
 1.01117e-16 6.81231e-05 0.000662181 0.00440043 0.0200037 0.062239 0.132607 0.193547 0.193561 0.132675 0.0624667 0.0206613 0.00605144 0.00426752 0.00691863 0.0113384 0.0163455 0.0205917 0.0227469 0.022189 0.0193601 0.0154474 0.0116597 0.00866781 0.00653247 0.00499109
 1.00773e-16 7.281e-05 0.000707739 0.00470318 0.02138 0.0665211 0.141731 0.206862 0.206871 0.141777 0.0666765 0.0218288 0.00582997 0.00316767 0.00474506 0.00773019 0.0111303 0.0139993 0.0154243 0.0149817 0.012982 0.0102511 0.00763223 0.00559644 0.00418683 0.0032125
 1.00079e-16 8.09618e-05 0.000786978 0.00522974 0.0237737 0.0739687 0.157598 0.230019 0.230021 0.157605 0.0739928 0.0238434 0.0054047 0.00116872 0.000805418 0.00120193 0.00172009 0.00215544 0.0023603 0.00226813 0.00192872 0.00147443 0.00104206 0.000710428 0.000489721 0.000350251
 1.00611e-16 2.36326e-05 0.000229717 0.00152655 0.00693954 0.0215918 0.0460062 0.0671615 0.067229 0.0463358 0.0226982 0.0101331 0.00953578 0.0176902 0.0331141 0.0545231 0.0781083 0.0973132 0.105473 0.0995155 0.0818468 0.0588399 0.0371913 0.0209271 0.0107547 0.00529223
 1.00905e-16 7.88726e-05 0.00076667 0.00509479 0.0231602 0.0720599 0.153531 0.224084 0.224085 0.153537 0.0720806 0.0232205 0.00524819 0.00110828 0.000747291 0.00116159 0.00178382 0.00248771 0.00319334 0.00384881 0.00442905 0.00490074 0.00518922 0.00519291 0.00484399 0.00416616
 1.01176e-16 5.47338e-05 0.000532033 0.00353554 0.0160721 0.0500064 0.106545 0.155512 0.155543 0.106696 0.050514 0.0175373 0.00721021 0.00854352 0.0152397 0.0250287 0.0358654 0.0447178 0.0485416 0.0459469 0.0380537 0.0277898 0.0182085 0.011111 0.00675531 0.00443909
 1.03846e-16 5.39061e-05 0.000523987 0.00348208 0.015829 0.0492501 0.104933 0.153158 0.153181 0.105044 0.0496214 0.0169029 0.00618292 0.00643764 0.0113366 0.0187898 0.0273703 0.0350538 0.0397814 0.0405484 0.0379193 0.0334946 0.0288105 0.0245812 0.0207394 0.0169751
 1.02777e-16 6.95886e-05 0.000676426 0.00449509 0.020434 0.0635779 0.13546 0.19771 0.19772 0.135509 0.0637419 0.020908 0.00568662 0.00328355 0.00503879 0.00826699 0.0120133 0.0153431 0.0173523 0.0176266 0.0164689 0.0146496 0.0128911 0.0114987 0.010363 0.0092166
 1.01648e-16 6.76748e-05 0.000657823 0.00437147 0.0198721 0.0618294 0.131735 0.192274 0.192288 0.131806 0.0620692 0.0205645 0.00610926 0.00445071 0.00726893 0.0119045 0.0171301 0.021517 0.0236589 0.0229116 0.0197751 0.0155547 0.0115805 0.00859108 0.0066362 0.00537652
 1.05716e-16 2.05795e-05 0.000200041 0.00132934 0.00604304 0.0188025 0.0400628 0.0584854 0.0585453 0.0403554 0.0197848 0.00888088 0.00845417 0.0157584 0.0295825 0.0489086 0.0705326 0.0888574 0.098166 0.0957877 0.0836488 0.066894 0.0507524 0.0381117 0.0292016 0.0228341
 1.05067e-16 6.93399e-05 0.000674008 0.00447902 0.020361 0.0633506 0.134975 0.197001 0.197005 0.134995 0.0634176 0.0205563 0.00497634 0.00178342 0.00224605 0.00378571 0.0058726 0.00827591 0.0107872 0.0132798 0.0157 0.0179338 0.0196828 0.0205083 0.0200466 0.0182366
 1.04559e-16 5.60035e-05 0.000544374 0.00361756 0.0164449 0.0511664 0.109016 0.159118 0.159144 0.109144 0.0515937 0.017679 0.00671387 0.00729933 0.0128728 0.0211628 0.0304155 0.0381259 0.0417987 0.0403272 0.034684 0.0272979 0.0206184 0.0159633 0.0133158 0.0118808
 1.07965e-16 3.91794e-05 0.000380838 0.0025308 0.0115047 0.0357956 0.0762675 0.111322 0.111357 0.0764376 0.036367 0.013157 0.00668486 0.00947105 0.0173672 0.0288162 0.0418949 0.0534915 0.0604279 0.0611953 0.0567678 0.0497719 0.0427383 0.0368558 0.0319671 0.0273915
 1.04202e-16 7.01826e-05 0.0006822 0.00453346 0.0206084 0.0641206 0.136616 0.199396 0.199403 0.13665 0.0642349 0.0209397 0.00536847 0.00251697 0.00359001 0.00591686 0.00873587 0.0114496 0.0134957 0.0146163 0.0149775 0.0149765 0.0149026 0.0147412 0.0142524 0.0132051
 1.02377e-16 6.51109e-05 0.000632901 0.00420585 0.0191192 0.059487 0.126744 0.18499 0.185007 0.126828 0.0597701 0.0199369 0.00625769 0.00511003 0.00856211 0.014037 0.0201815 0.0253138 0.0277726 0.0268072 0.0230333 0.0180285 0.0133978 0.0100271 0.00795511 0.00672958
 1.06746e-16 2.28684e-05 0.000222289 0.00147719 0.00671513 0.0208936 0.044518 0.0649869 0.0650422 0.0447884 0.0218018 0.00933929 0.00806748 0.0146198 0.0273979 0.0453397 0.0654995 0.0827545 0.0918675 0.0903821 0.0800274 0.0654346 0.0512669 0.040033 0.031855 0.025647
 1.20746e-16 3.02885e-05 0.000294415 0.00195649 0.00889394 0.0276724 0.0589597 0.0860571 0.0860749 0.0590467 0.0279661 0.00974907 0.00412954 0.00512632 0.00946593 0.0162793 0.0250356 0.0348131 0.0446106 0.0538724 0.0625335 0.0704455 0.0767468 0.0798896 0.0784242 0.0719264
 1.04817e-16 7.53294e-05 0.000732229 0.00486592 0.0221198 0.0688228 0.146634 0.214018 0.214021 0.14665 0.0688743 0.0222689 0.00524184 0.00155818 0.0016602 0.00266994 0.0039488 0.00521127 0.00623804 0.00697102 0.00755546 0.00822687 0.00911846 0.0101385 0.0110018 0.0113778
pSPR Fmed_Fpbrs
0.427702   0.26031 0.26031
Fs Fmed_Fpbrs
0.572239   1.005 1.005
SSBpbr Bo_Bmed_Bpbrs
1.561e+06  589592  328293 328293
Ro
99266.2
SPR SPRFo_SPRFmed_SPRFpbrs
708524 303037 184436
Fref
1.005
Nvult_r0
 137604 5941.67 2829.26 5702.49 1478.52
CTP_r0
 31049.6 1889.98 919.788 1856.02 481.251
YTP_r0
391173
Np
 155012 31082.4 7264.16 240.43 127.142
Nvult_p0
 123929 26754.1 6284.18 208.05 110.021
CTP_p0
 46804.2 22125.3 772.108 360.871 891.594
 46804.2 13183.4 3147.07 104.28 55.1474
YTP_p0
 755887 634867
CBA_c0
719581
log_Ro
11.3256
likeval ReclasPelacesDesembMPH_pf_preclas_ppelaces_ptallas_desvR_qrecl_qpela
 11.3971 47.3034 0.0713854 0.000926058 252.073 117.004 103.534 0 47.4182 1.0558e-05 0 0.110115 0 0 0
q_reclas_q_pelaces
1.58477 1
M
1
N
 71471.6 39454.4 68332.2 8825.55 0.165247
 108377 22278.8 11133.4 19116 2467.84
 84433.8 28261.7 4724.58 2318.93 4491.19
 42988.7 21913 5947.71 976.328 1405.85
 21036.1 6519.02 1951.18 505.626 201.988
 278039 3357.38 629.982 180.504 65.3036
 33246.4 72192.2 707.086 130.283 50.7832
 9941.68 5651.57 7717.58 72.6001 18.5496
 25120.8 2903.99 1437.21 1939.09 22.8868
 52418.6 3224.71 198.035 92.7615 126.252
 65546.9 6109.96 188.433 10.8972 12.0111
 121354 19997.6 1665.83 50.8747 6.18159
 92363.5 24389.3 2794.98 225.584 7.71309
 67117.1 19427.3 3666.44 408.068 34.0072
 51583 8891.22 1393.3 249.28 29.969
 408886 7873.85 800.063 119.739 23.9383
 34927.6 97947.9 1457.62 144.825 25.9761
 657464 9762.1 23210.1 340.478 39.8651
 328879 187441 2387.93 5602.32 91.7382
 206766 87290 40889.8 512.107 1219.99
 388865 54188.1 18659.7 8587.31 363.396
 508387 109825 13056.7 4434.39 2125.49
 49707.1 136464 24394.2 2852.76 1431.96
 284259 14972.1 36450.9 6448.19 1131.93
 198376 86703.7 4080.49 9837.47 2044.65
 73580.5 60515.6 23635.1 1101.49 3205.74
 247059 22855.4 16980.4 6573.48 1197.34
 305531 74436 6107.57 4490.49 2053.83
 44312.3 97334.1 21749.3 1771.18 1897.05
 26455.3 14408.6 29387.1 6524.3 1099.99
 189769 7723.87 3661.29 7377.69 1912.83
pred_Ctot
 6991.34 5936.33 10580.6 1368.65 0.0256283
 20510.9 6235.15 3196.01 5494.97 709.441
 16171 7996.36 1371.03 673.84 1305.15
 17134.8 11708.5 3234.31 531.413 765.241
 8044.97 3368.9 1026.83 266.348 106.406
 53190.4 948.953 182.627 52.3973 18.9579
 12022.2 35637.6 355.736 65.6118 25.5762
 1319.02 1136.44 1595.07 15.027 3.83975
 11229.9 1698.3 853.854 1152.98 13.609
 24763.1 1967.11 122.606 57.4748 78.2286
 7180.8 1024.5 32.5019 1.88245 2.07503
 36534.3 8460.51 719.905 22.0108 2.6746
 26153.8 9786.89 1146.41 92.6349 3.16754
 29420.8 11190 2146.08 239.058 19.9233
 20455.2 4731.22 754.607 135.136 16.2472
 93346.7 2612.31 271.871 40.7408 8.14543
 5424.27 22831.1 348.931 34.718 6.22755
 95480.1 2137.14 5220.21 76.6877 8.9797
 59457.4 50299.6 657.477 1544.62 25.2951
 38639.4 24148.1 11603.7 145.523 346.705
 58340.4 12229.9 4325.84 1993.63 84.3724
 89131 28648.8 3495.31 1188.74 569.826
 5788.21 24251 4458.32 522.154 262.119
 31177.5 2513.27 6294.22 1115.14 195.77
 21744 14545.6 704.18 1700.24 353.411
 7340.42 9278.28 3728.97 174.051 506.593
 28733 4056.79 3099.67 1201.75 218.913
 26191.2 9864.49 833.314 613.635 280.683
 3285.63 11210.8 2580.15 210.45 225.424
 3516.77 2902.63 6084.71 1352.86 228.109
 31049.6 1889.98 919.788 1856.02 481.251
F
 0.165666 0.265197 0.273856 0.274328 0.274352
 0.344114 0.550855 0.568842 0.569822 0.569873
 0.348889 0.558499 0.576736 0.577729 0.577781
 0.886212 1.41864 1.46496 1.46749 1.46762
 0.835079 1.33679 1.38044 1.38282 1.38294
 0.348431 0.557766 0.575979 0.57697 0.577022
 0.772012 1.23583 1.27618 1.27838 1.2785
 0.230652 0.369226 0.381282 0.381939 0.381973
 1.05285 1.6854 1.74043 1.74343 1.74359
 1.14934 1.83986 1.89993 1.9032 1.90338
 0.187153 0.299594 0.309377 0.309909 0.309937
 0.604568 0.967787 0.999389 1.00111 1.0012
 0.559051 0.894925 0.924147 0.925738 0.925822
 1.02138 1.63501 1.6884 1.6913 1.69146
 0.879645 1.40813 1.45411 1.45661 1.45674
 0.429 0.686741 0.709165 0.710386 0.71045
 0.274769 0.439848 0.45421 0.454992 0.455033
 0.254925 0.408081 0.421407 0.422132 0.42217
 0.326453 0.522584 0.539648 0.540577 0.540626
 0.339126 0.54287 0.560596 0.561561 0.561612
 0.264344 0.423159 0.436977 0.437729 0.437769
 0.315182 0.504541 0.521016 0.521913 0.52196
 0.19996 0.320095 0.330547 0.331116 0.331146
 0.18739 0.299972 0.309767 0.3103 0.310329
 0.187261 0.299766 0.309554 0.310087 0.310115
 0.169194 0.270844 0.279688 0.280169 0.280195
 0.199687 0.319658 0.330096 0.330664 0.330694
 0.143903 0.230359 0.237881 0.23829 0.238312
 0.123436 0.197595 0.204047 0.204398 0.204417
 0.231143 0.370012 0.382094 0.382751 0.382786
 0.291397 0.466467 0.481698 0.482527 0.482571
YTP_r0W_actual
 257712 26648.7 25386.1 63476.1 17950.7
YTP_p0W_proyectada
 350563 346703 17858.9 10598.8 30162.6
 350563 206583 72791.8 3062.69 1865.64
CTP_r0_actual
 31049.6 1889.98 919.788 1856.02 481.251
CTP_p0_proyectada
 46804.2 22125.3 772.108 360.871 891.594
 46804.2 13183.4 3147.07 104.28 55.1474
Wmedp
 7.49 15.67 23.13 29.37 33.83
Frms_r0
 0.291397 0.466467 0.481698 0.482527 0.482571
Zrms_r0
 1.2914 1.46647 1.4817 1.48253 1.48257
nmprior
 8.19 8.8 8.5 0
nm_flota  nm_reclas  nm_pelaces    nm_pelaL
inf 16.5964 9.00268 17.4054
cv_recla  cv_pelaces  cv_mph
0.305366 0.779863 0.939127
 ------------------------------------------------
Talla a la edad & desviaci?n 
 8 13.2811 15.8009 17.003 17.5766
 0.8 1.32811 1.58009 1.7003 1.75766
