years
 1991 1992 1993 1994 1995 1996 1997 1998 1999 2000 2001 2002 2003 2004 2005 2006 2007 2008 2009 2010 2011 2012 2013 2014 2015 2016 2017 2018 2019 2020 2021
reclasobs
 0 0 0 0 0 0 0 0 0 252601 567819 844713 477998 351125 339783 2.1784e+06 2.13404e+06 4.81314e+06 1.55562e+06 2.62356e+06 3.21686e+06 3.843e+06 1.13348e+06 3.07943e+06 1.97215e+06 2.03268e+06 2.025e+06 2.42433e+06 2.27542e+06 1.05018e+06 2.36338e+06
reclaspred
 2.94077e+06 1.60198e+06 800955 663859 586559 1.18432e+06 614485 496777 370472 272934 432093 610251 598991 436888 425960 1.45002e+06 1.31191e+06 3.21339e+06 2.63517e+06 1.89156e+06 3.38778e+06 2.7534e+06 2.06391e+06 3.23381e+06 2.36348e+06 2.03457e+06 2.54306e+06 2.84787e+06 2.27208e+06 1.32119e+06 1.90207e+06
pelacesobs
 0 0 0 0 0 0 0 0 0 0 0 0 0 0 0 552880 188675 0 991730 2.46772e+06 1.41603e+06 1.21717e+06 2.29649e+06 1.80582e+06 0 1.4828e+06 1.56532e+06 1.57751e+06 1.42118e+06 867257 1.10002e+06
pelacespred
 1.14554e+06 681863 333463 221741 214841 451879 191200 217916 142761 98311.8 173299 205315 224030 166588 168568 496764 452739 1.30102e+06 1.08395e+06 718311 1.27286e+06 1.09552e+06 827675 1.43454e+06 1.00257e+06 863264 1.23462e+06 1.35778e+06 894648 592841 833082
mphobs
 0 0 0 0 0 0 0 0 0 0 0 498337 0 5186 125008 0 168611 109162 213762 579715 649985 157893 87575 83554 0 0 0 0 0 0 0
mphpred
 441557 290200 139050 74705.9 62222.2 66739.6 108312 51719.6 45188.4 29265 20316.4 50840.6 56622.2 45945.3 27582.5 35332 165494 144383 317599 234537 241573 306181 289939 225011 320712 256760 205257 232768 345063 224290 127139
desembarqueobs
 494567 514787 250237 358949 120608 361735 552515 73892 212993 205616 52469 317467 293654 387597 252695 516296 358380 742168 942051 627588 828172 859565 418607 520667 417249 300574 415391 372974 316634 284311 391294
desembarquepred
 494561 514181 250322 358981 120611 361701 552384 73894.6 213010 205627 52470.6 317486 293654 387508 252644 516180 358382 741988 941629 627316 828164 859450 418583 520665 417219 300550 415358 372930 316603 284292 391274
Reclutas
 163452 95257.8 93611.7 104888 85366 212670 71497.3 27613.5 33635 49620.9 91889 130735 106563 73837.3 68421.9 445143 73860.6 674867 379607 280377 432101 567084 99613.9 337317 269926 118330 293829 339224 83485.3 57267.4 244686
log_desv_Rt
 0.147318 -0.392618 -0.410049 -0.296311 -0.502257 0.410537 -0.679545 -1.6309 -1.43364 -1.04479 -0.428623 -0.0760299 -0.280472 -0.64734 -0.723512 1.14919 -0.647026 1.56531 0.989932 0.686932 1.11945 1.3913 -0.347903 0.871818 0.648943 -0.175729 0.733794 0.877455 -0.524534 -0.901474 0.55077
SSB
 2.20754e+06 1.45084e+06 695173 373488 311076 333661 541499 258569 225917 146309 101570 254174 283079 229701 137897 176640 827377 721833 1.58782e+06 1.17255e+06 1.20773e+06 1.53073e+06 1.44953e+06 1.12493e+06 1.60338e+06 1.28365e+06 1.02617e+06 1.16371e+06 1.72512e+06 1.12132e+06 635624
BT
 3.06436e+06 2.07959e+06 1.01351e+06 811486 593589 1.3541e+06 928046 569278 539009 422078 444158 736498 781914 785581 642151 1.56063e+06 1.3241e+06 3.65919e+06 3.40238e+06 2.2258e+06 3.60766e+06 3.33082e+06 2.27412e+06 3.79543e+06 2.70289e+06 2.25967e+06 3.2745e+06 3.50806e+06 2.32629e+06 1.64947e+06 2.29745e+06
Ftot
 0.194503 0.361683 0.359046 0.655826 0.25723 0.419064 0.988218 0.18539 0.71338 0.929526 0.176235 0.668097 0.621311 1.09651 0.80642 0.528068 0.323244 0.327489 0.444614 0.413066 0.318175 0.400013 0.238158 0.218426 0.217557 0.17933 0.220606 0.180026 0.159434 0.247975 0.284277
BD_Bspro_t
 0.969496 0.790001 0.590334 0.481658 0.415335 0.489225 0.519829 0.301409 0.344519 0.294658 0.277549 0.571754 0.461659 0.366953 0.251205 0.304589 0.555388 0.508656 0.633872 0.531189 0.493921 0.549951 0.566579 0.545009 0.6594 0.662929 0.665072 0.714345 0.771223 0.692658 0.602295
BD_Bspro
 2.18935 1.43889 0.689447 0.370411 0.308514 0.330912 0.537038 0.256439 0.224056 0.145104 0.100734 0.252081 0.280747 0.227809 0.136761 0.175185 0.820561 0.715887 1.57474 1.16289 1.19778 1.51812 1.43759 1.11566 1.59017 1.27308 1.01772 1.15412 1.71091 1.11209 0.630388
BD_Bo
 1.32496 0.870794 0.417243 0.224168 0.186708 0.200263 0.325008 0.155193 0.135595 0.0878147 0.0609626 0.152556 0.169904 0.137867 0.0827658 0.10602 0.496592 0.433245 0.953009 0.703767 0.724879 0.918747 0.87001 0.675182 0.96235 0.77045 0.615907 0.69846 1.03542 0.67302 0.381502
BD_Brms
 6.92475 4.55109 2.18067 1.17158 0.975806 1.04665 1.69861 0.811097 0.708671 0.458952 0.318613 0.797312 0.887982 0.720542 0.432565 0.554097 2.59537 2.2643 4.98077 3.67814 3.78848 4.80171 4.54699 3.52875 5.02959 4.02666 3.21896 3.65041 5.41148 3.51745 1.99387
Sel_flota
 0.676578 0.975458 0.998678 0.99993 0.999996
 0.676578 0.975458 0.998678 0.99993 0.999996
 0.676578 0.975458 0.998678 0.99993 0.999996
 0.676578 0.975458 0.998678 0.99993 0.999996
 0.676578 0.975458 0.998678 0.99993 0.999996
 0.676578 0.975458 0.998678 0.99993 0.999996
 0.676578 0.975458 0.998678 0.99993 0.999996
 0.676578 0.975458 0.998678 0.99993 0.999996
 0.676578 0.975458 0.998678 0.99993 0.999996
 0.676578 0.975458 0.998678 0.99993 0.999996
 0.676578 0.975458 0.998678 0.99993 0.999996
 0.676578 0.975458 0.998678 0.99993 0.999996
 0.676578 0.975458 0.998678 0.99993 0.999996
 0.676578 0.975458 0.998678 0.99993 0.999996
 0.676578 0.975458 0.998678 0.99993 0.999996
 0.676578 0.975458 0.998678 0.99993 0.999996
 0.676578 0.975458 0.998678 0.99993 0.999996
 0.676578 0.975458 0.998678 0.99993 0.999996
 0.676578 0.975458 0.998678 0.99993 0.999996
 0.676578 0.975458 0.998678 0.99993 0.999996
 0.676578 0.975458 0.998678 0.99993 0.999996
 0.676578 0.975458 0.998678 0.99993 0.999996
 0.676578 0.975458 0.998678 0.99993 0.999996
 0.676578 0.975458 0.998678 0.99993 0.999996
 0.676578 0.975458 0.998678 0.99993 0.999996
 0.676578 0.975458 0.998678 0.99993 0.999996
 0.676578 0.975458 0.998678 0.99993 0.999996
 0.676578 0.975458 0.998678 0.99993 0.999996
 0.676578 0.975458 0.998678 0.99993 0.999996
 0.676578 0.975458 0.998678 0.99993 0.999996
 0.676578 0.975458 0.998678 0.99993 0.999996
Sel_reclas
 1 1 1 1 1
 1 1 1 1 1
 1 1 1 1 1
 1 1 1 1 1
 1 1 1 1 1
 1 1 1 1 1
 1 1 1 1 1
 1 1 1 1 1
 1 1 1 1 1
 1 1 1 1 1
 1 1 1 1 1
 1 1 1 1 1
 1 1 1 1 1
 1 1 1 1 1
 1 1 1 1 1
 1 1 1 1 1
 1 1 1 1 1
 1 1 1 1 1
 1 1 1 1 1
 1 1 1 1 1
 1 1 1 1 1
 1 1 1 1 1
 1 1 1 1 1
 1 1 1 1 1
 1 1 1 1 1
 1 1 1 1 1
 1 1 1 1 1
 1 1 1 1 1
 1 1 1 1 1
 1 1 1 1 1
 1 1 1 1 1
Sel_pelaces
 1 1 1 1 1
 1 1 1 1 1
 1 1 1 1 1
 1 1 1 1 1
 1 1 1 1 1
 1 1 1 1 1
 1 1 1 1 1
 1 1 1 1 1
 1 1 1 1 1
 1 1 1 1 1
 1 1 1 1 1
 1 1 1 1 1
 1 1 1 1 1
 1 1 1 1 1
 1 1 1 1 1
 1 1 1 1 1
 1 1 1 1 1
 1 1 1 1 1
 1 1 1 1 1
 1 1 1 1 1
 1 1 1 1 1
 1 1 1 1 1
 1 1 1 1 1
 1 1 1 1 1
 1 1 1 1 1
 1 1 1 1 1
 1 1 1 1 1
 1 1 1 1 1
 1 1 1 1 1
 1 1 1 1 1
 1 1 1 1 1
pf_obs 
 0.8446 0.082 0.0669 0.0065 0
 0.8095 0.147 0.0364 0.0071 0
 0.9664 0.0169 0.016 0.0007 0
 0.9276 0.0648 0.0075 0.0001 0
 0.7033 0.2144 0.0806 0.0017 0
 0.9318 0.0425 0.0243 0.0014 0
 0.5671 0.3108 0.0964 0.0239 0.0018
 0.0768 0.2599 0.5324 0.112 0.0189
 0.490249 0.384438 0.106611 0.0170017 0.00170017
 0.7925 0.1577 0.0466 0.003 0.0002
 0.840416 0.127587 0.0312969 0.00059994 9.999e-05
 0.8084 0.0986 0.0794 0.0134 0.0002
 0.7335 0.1905 0.0724 0.0035 0.0001
 0.4001 0.4547 0.1325 0.0127 0
 0.49795 0.308269 0.164784 0.0264974 0.00249975
 0.9179 0.0499 0.0305 0.0017 0
 0.2467 0.6533 0.0926 0.0074 0
 0.9418 0.0223 0.034 0.0019 0
 0.707729 0.231977 0.0356964 0.0245975 0
 0.517169 0.277429 0.184464 0.0207286 0.00020938
 0.811772 0.124168 0.05621 0.00726502 0.000585176
 0.764997 0.148141 0.077277 0.00933861 0.000247198
 0.163321 0.427699 0.378323 0.0303852 0.000271297
 0.753843 0.0900009 0.118128 0.0371064 0.000921714
 0.721811 0.176058 0.0630433 0.0369309 0.00215725
 0.143369 0.312575 0.442814 0.0836902 0.0175525
 0.692698 0.0596174 0.167031 0.0765114 0.00414204
 0.394062 0.376323 0.152708 0.0712218 0.00568511
 0.125707 0.32114 0.495352 0.0537591 0.00404204
 0.23352 0.215282 0.420074 0.123614 0.00750983
 0.774587 0.0839891 0.0768558 0.0609784 0.00358967
pf_pred 
 0.441438 0.157782 0.37209 0.0286883 8.94507e-07
 0.414221 0.316693 0.0773956 0.177986 0.0137048
 0.561845 0.227565 0.115347 0.0274229 0.0678197
 0.657696 0.226823 0.0607943 0.0299746 0.0247122
 0.650917 0.263912 0.0570591 0.0148114 0.0133001
 0.811908 0.138301 0.0378849 0.00798015 0.00392599
 0.44844 0.479584 0.0533271 0.014195 0.00445412
 0.458358 0.315376 0.197699 0.0211763 0.00739057
 0.610471 0.216568 0.101772 0.0622121 0.00897719
 0.782118 0.157022 0.0343453 0.0156128 0.0109016
 0.851836 0.127329 0.0151701 0.00319951 0.00246508
 0.744385 0.228512 0.023375 0.00271612 0.00101283
 0.681047 0.262863 0.0503144 0.00498286 0.000793504
 0.633222 0.283851 0.0687239 0.0127426 0.00146041
 0.751238 0.187424 0.0478932 0.0111466 0.00229873
 0.949377 0.0422123 0.0063909 0.00157764 0.000442072
 0.310037 0.66722 0.0190593 0.00280012 0.000883481
 0.899682 0.0403673 0.0580256 0.00161338 0.000311363
 0.565001 0.405346 0.0121264 0.0169649 0.000561914
 0.568072 0.287713 0.134653 0.00391383 0.00564811
 0.727503 0.182306 0.0606447 0.0275901 0.00195616
 0.72043 0.22401 0.037507 0.0121451 0.00590859
 0.262636 0.587889 0.120443 0.0196079 0.00942372
 0.726656 0.0943581 0.143448 0.0286431 0.00689449
 0.58915 0.328117 0.0290417 0.0430426 0.0106487
 0.399171 0.40787 0.154912 0.0133676 0.0246797
 0.728304 0.13417 0.0941093 0.0348658 0.00855146
 0.673706 0.260831 0.0327505 0.022395 0.0103178
 0.286488 0.5361 0.142539 0.0174584 0.0174148
 0.354295 0.238715 0.307672 0.079817 0.0195014
 0.816527 0.0828431 0.0378191 0.0474988 0.0153115
pobs_RECLAS
 0 0 0 0 0
 0 0 0 0 0
 0 0 0 0 0
 0 0 0 0 0
 0 0 0 0 0
 0 0 0 0 0
 0 0 0 0 0
 0 0 0 0 0
 0 0 0 0 0
 0 0 0 0 0
 0.991045 0.00858322 0.000360255 1.14367e-05 0
 0.934742 0.0480273 0.0164251 0.00080598 0
 0.827803 0.169806 0.00239088 0 0
 0.941827 0.0461693 0.0120037 0 0
 0.791401 0.0380133 0.147996 0.0225897 0
 0.846168 0.0940531 0.0597789 0 0
 0.134021 0.677848 0.182769 0.00536245 0
 0.80878 0.0450904 0.141981 0.00414843 0
 0.846168 0.0940531 0.0597789 0 0
 0.905697 0.0802665 0.012482 0.00150086 5.37128e-05
 0.989698 0.0102097 9.19794e-05 0 0
 0.975433 0.0193895 0.00387452 0.00125025 5.28907e-05
 0.303575 0.632131 0.0575291 0.00676475 0
 0.966965 0.00978017 0.0227588 0.000495775 0
 0.843318 0.132988 0.00938335 0.0141283 0.000182051
 0.564624 0.303363 0.111486 0.0197234 0.00080311
 0.826376 0.0876187 0.0782897 0.00655872 0.00115652
 0.89761 0.0855135 0.0140674 0.00269457 0.000114338
 0.34875 0.467042 0.161289 0.0227151 0.000203297
 0.318654 0.224769 0.449479 0.00709798 0
 0.937255 0.0296025 0.0250945 0.00804832 0
ppred_RECLAS
 0.538234 0.132703 0.305536 0.0235269 7.33523e-07
 0.510568 0.267685 0.063839 0.146619 0.0112888
 0.654246 0.181736 0.0898933 0.0213436 0.0527814
 0.741139 0.17304 0.04521 0.0222604 0.018351
 0.731541 0.204168 0.0430896 0.0111708 0.0100303
 0.863951 0.100691 0.0269113 0.0056612 0.00278494
 0.551031 0.391765 0.0423984 0.0112696 0.00353592
 0.553325 0.262694 0.160779 0.0171997 0.00600232
 0.70138 0.167964 0.0769232 0.0469578 0.0067755
 0.84428 0.113077 0.0240798 0.0109306 0.00763171
 0.893141 0.092143 0.0107185 0.00225776 0.00173939
 0.811882 0.168626 0.0168136 0.00195103 0.000727478
 0.759776 0.198859 0.0371095 0.00367015 0.000584417
 0.72458 0.214483 0.0505128 0.00935211 0.00107175
 0.818996 0.137258 0.0341676 0.00794097 0.00163753
 0.965098 0.0292245 0.00431522 0.00106382 0.000298074
 0.395715 0.584833 0.0163044 0.00239227 0.000754748
 0.929835 0.0286465 0.0401874 0.00111595 0.00021535
 0.655601 0.321474 0.00938242 0.0131088 0.000434161
 0.659581 0.22862 0.104395 0.00303038 0.00437288
 0.796688 0.137129 0.0445207 0.0202283 0.0014341
 0.790882 0.168385 0.0275091 0.00889604 0.00432763
 0.341946 0.527226 0.105445 0.0171442 0.00823908
 0.796684 0.0713048 0.105828 0.0211042 0.00507951
 0.676453 0.259678 0.0224386 0.0332136 0.00821644
 0.492416 0.347235 0.128765 0.0110972 0.0204866
 0.797467 0.101253 0.0693342 0.0256542 0.00629172
 0.750406 0.200496 0.0245795 0.0167862 0.00773316
 0.36905 0.476894 0.123806 0.0151447 0.0151058
 0.447257 0.207503 0.261074 0.0676414 0.0165255
 0.86773 0.0605446 0.0269783 0.0338397 0.0109077
pobs_PELACES
 0 0 0 0 0
 0 0 0 0 0
 0 0 0 0 0
 0 0 0 0 0
 0 0 0 0 0
 0 0 0 0 0
 0 0 0 0 0
 0 0 0 0 0
 0 0 0 0 0
 0 0 0 0 0
 0 0 0 0 0
 0 0 0 0 0
 0 0 0 0 0
 0 0 0 0 0
 0 0 0 0 0
 0 0 0 0 0
 0.505614 0.472636 0.0217494 0 0
 0 0 0 0 0
 0.443492 0.261883 0.143347 0.151278 0
 0.227955 0.32914 0.350689 0.0885471 0.00366901
 0.970185 0.0296113 0.000203453 0 0
 0.997202 0.00247181 0.000326279 0 0
 0.445219 0.490057 0.0546422 0.010081 0
 0.90214 0.0892962 0.00764917 0.000914606 0
 0 0 0 0 0
 0.581667 0.319106 0.0959925 0.00289975 0.000334073
 0.762889 0.0836404 0.116647 0.0363945 0.000428098
 0.88444 0.0763242 0.0277011 0.0115352 0
 0.521256 0.241999 0.230069 0.00667565 0
 0.616807 0.101726 0.260614 0.0208532 0
 0.833518 0.0704572 0.0857862 0.0102388 0
ppred_PELACES
 0.543263 0.131397 0.30208 0.0232589 7.25166e-07
 0.519803 0.262977 0.0625425 0.14362 0.0110578
 0.662512 0.177628 0.0876204 0.0208008 0.0514388
 0.753671 0.164944 0.0428788 0.0211069 0.0173998
 0.736588 0.200426 0.0422167 0.0109434 0.00982597
 0.868833 0.0971604 0.0258843 0.00544421 0.00267818
 0.575244 0.370999 0.0398481 0.0105874 0.0033218
 0.557985 0.260107 0.158969 0.0170048 0.00593429
 0.716401 0.159905 0.0728331 0.0444479 0.00641325
 0.856202 0.104628 0.0221225 0.0100383 0.00700853
 0.894807 0.0907241 0.0105392 0.00221983 0.00171016
 0.821818 0.159805 0.0158527 0.00183902 0.000685702
 0.770928 0.189784 0.0352478 0.00348513 0.000554948
 0.745986 0.198184 0.0462837 0.00856523 0.000981551
 0.830701 0.128575 0.031809 0.00739036 0.00152396
 0.966832 0.0277911 0.004087 0.00100734 0.000282245
 0.403383 0.577459 0.016059 0.00235595 0.000743283
 0.932007 0.0278008 0.0389033 0.00108014 0.000208439
 0.665486 0.31232 0.00908426 0.0126899 0.000420283
 0.6689 0.222594 0.101323 0.00294067 0.0042434
 0.801852 0.133754 0.0433192 0.0196798 0.00139521
 0.797431 0.163211 0.0265823 0.00859489 0.00418109
 0.347334 0.5231 0.104429 0.0169774 0.00815886
 0.800327 0.0701041 0.103872 0.0207122 0.00498516
 0.681205 0.255951 0.0220797 0.0326794 0.00808426
 0.496947 0.344287 0.127496 0.010987 0.0202831
 0.801096 0.0995242 0.0680355 0.0251713 0.00617328
 0.753768 0.19785 0.0242217 0.0165406 0.00761999
 0.372789 0.47421 0.122959 0.0150401 0.0150014
 0.453608 0.205365 0.257893 0.0668106 0.0163224
 0.871052 0.059096 0.0262756 0.0329543 0.0106222
pobs_pel_tallas
 0 0 0 0 0 0 0 0 0 0 0 0 0 0 0 0 0 0 0 0 0 0 0 0 0 0
 0 0 0 0 0 0 0 0 0 0 0 0 0 0 0 0 0 0 0 0 0 0 0 0 0 0
 0 0 0 0 0 0 0 0 0 0 0 0 0 0 0 0 0 0 0 0 0 0 0 0 0 0
 0 0 0 0 0 0 0 0 0 0 0 0 0 0 0 0 0 0 0 0 0 0 0 0 0 0
 0 0 0 0 0 0 0 0 0 0 0 0 0 0 0 0 0 0 0 0 0 0 0 0 0 0
 0 0 0 0 0 0 0 0 0 0 0 0 0 0 0 0 0 0 0 0 0 0 0 0 0 0
 0 0 0 0 0 0 0 0 0 0 0 0 0 0 0 0 0 0 0 0 0 0 0 0 0 0
 0 0 0 0 0 0 0 0 0 0 0 0 0 0 0 0 0 0 0 0 0 0 0 0 0 0
 0 0 0 0 0 0 0 0 0 0 0 0 0 0 0 0 0 0 0 0 0 0 0 0 0 0
 0 0 0 0 0 0 0 0 0 0 0 0 0 0 0 0 0 0 0 0 0 0 0 0 0 0
 0 0 0 0 0 0 0 0 0 0 0 0 0 0 0 0 0 0 0 0 0 0 0 0 0 0
 0 0 0 0 0 0 0 0 0 0 0 0 0 0 0 0 0 0 0 0 0 0 0 0 0 0
 0.00862536 0 0 0.000197151 0.00414017 0.0128641 0.00837892 0.0270097 0.101434 0.158115 0.152841 0.127902 0.109271 0.109419 0.0830992 0.0579132 0.0238553 0.00714673 0.00463305 0.00128148 0.00103504 0.000492878 0.000147863 0.000147863 4.92878e-05 0
 0 0 0 0 0 0 0 0 0 0 0 0 0 0 0 0 0 0 0 0 0 0 0 0 0 0
 0 0 0 0 0 0 0 0.0054083 0.00873648 0.0413646 0.0450493 0.0745869 0.0622846 0.0627006 0.0613931 0.0827291 0.12552 0.122667 0.0946155 0.0697135 0.0546179 0.0294188 0.0215738 0.0213955 0.0102223 0.00600262
 0 0 0 0 0.00359764 0.0251062 0.0480494 0.140153 0.205849 0.193036 0.1447 0.116669 0.0760912 0.0342217 0.00950174 0.001854 0.000860785 0 0 0 0.000165536 0 0.000143464 0 0 0
 0 0 0 0 0 0 0 0.000145254 0.000435761 0.0275982 0.070085 0.0708112 0.156366 0.174668 0.174014 0.160142 0.0824315 0.0480064 0.0283245 0.00493863 0.00203355 0 0 0 0 0
 0 0 0 0 0 0 0 0 0 0 0 0 0 0 0 0 0 0 0 0 0 0 0 0 0 0
 0 0 1.00437e-05 0.000401748 0.00122533 0.00171747 0.00176769 0.0269171 0.070346 0.194647 0.189555 0.159765 0.064822 0.0314167 0.0384472 0.0292271 0.0345202 0.0313363 0.0194345 0.0106764 0.0143323 0.0359363 0.0279516 0.0138201 0.00172751 0
 0 0.0021121 0.0136068 0.0755702 0.200478 0.177729 0.0527432 0.0373336 0.0318909 0.0142505 0.0149659 0.0166563 0.0217959 0.0798694 0.0677717 0.0528807 0.04013 0.0224614 0.0357745 0.0225083 0.00881397 0.00855152 0.00135912 0.000746735 0 0
 0 0 0 0 5.4009e-05 0.00500934 0.000945158 0.0243581 0.138947 0.33067 0.221406 0.137944 0.0707744 0.0437923 0.0131692 0.00525238 0.0047753 0.00276346 9.45158e-05 9.00151e-06 2.25038e-05 9.00151e-06 4.50075e-06 0 0 0
 0.000866109 0.00284123 0.00948549 0.0512746 0.133035 0.25785 0.225252 0.132002 0.0553304 0.0519788 0.0540692 0.017754 0.00435017 0.00159236 0.00146478 0.000404838 0.000125132 0.000115318 0.000107957 0.000100596 0 0 0 0 0 0
 0 0 0 0 0.00144013 0.00171154 0.00461396 0.0210425 0.0478622 0.0707936 0.0888783 0.103762 0.0637923 0.0337046 0.0602308 0.124433 0.169614 0.0934646 0.0462172 0.0250306 0.0313229 0.00938855 0.002487 0.000210481 0 0
 0 0.00764035 0.051015 0.0998891 0.058973 0.0496711 0.0374665 0.0718981 0.12319 0.153886 0.159021 0.0857701 0.0377988 0.023471 0.0147837 0.00900784 0.00315554 0.000888139 0.00291439 0.00214683 0.00393193 0.00274676 0.000635225 9.99891e-05 0 0
 0 0 0 0 0 0 0 0 0 0 0 0 0 0 0 0 0 0 0 0 0 0 0 0 0 0
 0 0 0 0 0 0 0 0 0 0 0 0 0 0 0 0 0 0 0 0 0 0 0 0 0 0
 0 0 0 0 0 0 0 0 0 0 0 0 0 0 0 0 0 0 0 0 0 0 0 0 0 0
 0 0 0 0 0 0 0 0 0 0 0 0 0 0 0 0 0 0 0 0 0 0 0 0 0 0
 0 0 0 0 0 0 0 0 0 0 0 0 0 0 0 0 0 0 0 0 0 0 0 0 0 0
 0 0 0 0 0 0 0 0 0 0 0 0 0 0 0 0 0 0 0 0 0 0 0 0 0 0
 0 0 0 0 0 0 0 0 0 0 0 0 0 0 0 0 0 0 0 0 0 0 0 0 0 0
ppred_pel_tallas
 1.11084e-16 4.47478e-05 0.000434965 0.0028905 0.0131398 0.0408828 0.0871056 0.127136 0.127149 0.0871699 0.0410999 0.0137723 0.00449963 0.00401813 0.00705582 0.01213 0.0187153 0.0261238 0.0335883 0.0406042 0.0469542 0.0523235 0.0559264 0.0566354 0.0536191 0.0469807
 1.18147e-16 4.28155e-05 0.000416182 0.00276568 0.0125724 0.0391175 0.0833449 0.12165 0.121675 0.0834693 0.0395353 0.0137803 0.00580271 0.00706358 0.0127215 0.021113 0.0307835 0.0395547 0.0452974 0.0471926 0.0462662 0.0446419 0.0440762 0.0449116 0.0461082 0.0460979
 1.13365e-16 5.45702e-05 0.000530442 0.00352498 0.016024 0.0498568 0.106226 0.155043 0.155061 0.10631 0.0501401 0.0168436 0.00558781 0.00505258 0.0086994 0.014446 0.0211649 0.0273922 0.0316867 0.0334371 0.0332143 0.0323001 0.0317743 0.0318879 0.0321093 0.0316331
 1.06341e-16 6.20789e-05 0.000603429 0.00401 0.0182289 0.0567169 0.120842 0.176376 0.176392 0.12092 0.0569786 0.0189851 0.00591033 0.0047587 0.0079742 0.0131399 0.019056 0.0242547 0.027293 0.0275351 0.025529 0.0226028 0.0200099 0.0182919 0.0172392 0.0162912
 1.0403e-16 6.06718e-05 0.000589751 0.00391911 0.0178157 0.0554314 0.118103 0.172379 0.172398 0.118198 0.0557488 0.0187329 0.00622273 0.00562271 0.00963141 0.0158591 0.0229172 0.0289846 0.0322479 0.0318771 0.0285089 0.0237851 0.0193321 0.0159817 0.013689 0.0119641
 1.01772e-16 7.15646e-05 0.000695634 0.00462273 0.0210143 0.0653832 0.139306 0.203324 0.203333 0.139352 0.0655373 0.0214595 0.00574129 0.00314067 0.00472461 0.00772229 0.0111755 0.0141755 0.0158454 0.0157788 0.0142664 0.0120731 0.00995138 0.00827834 0.00703047 0.00599717
 1.02869e-16 4.73822e-05 0.000460572 0.00306066 0.0139133 0.0432898 0.0922348 0.134627 0.134663 0.0924094 0.043876 0.0156064 0.00730943 0.00973244 0.0176469 0.029074 0.0418194 0.0524666 0.0575636 0.0555173 0.0475433 0.0368453 0.0267118 0.0190056 0.0139135 0.0106633
 1.07364e-16 4.59605e-05 0.000446753 0.00296883 0.0134959 0.0419908 0.0894669 0.130585 0.13061 0.0895904 0.0424062 0.0146979 0.0059954 0.00708435 0.0127414 0.0212245 0.0311125 0.040253 0.0464414 0.0485986 0.0472936 0.0441208 0.0404961 0.0368958 0.0330103 0.0284277
 1.07686e-16 5.9009e-05 0.000573589 0.0038117 0.0173274 0.0539122 0.114866 0.167654 0.167669 0.114942 0.054167 0.0180646 0.00566678 0.00463887 0.00782624 0.0129686 0.0189706 0.0244874 0.0281932 0.0295008 0.0288812 0.0274471 0.0261466 0.0252217 0.0242738 0.0227302
 1.02858e-16 7.05243e-05 0.000685521 0.00455553 0.0207088 0.0644327 0.137281 0.200368 0.200378 0.137331 0.0645985 0.0211878 0.00575862 0.00331451 0.00507132 0.0082935 0.0119916 0.0151918 0.0169565 0.0168656 0.0152631 0.0130095 0.0109419 0.00946456 0.00850911 0.00777128
 1.0084e-16 7.37041e-05 0.00071643 0.00476093 0.0216425 0.0673379 0.143471 0.209402 0.20941 0.143513 0.0674813 0.0220566 0.00580022 0.00298463 0.00437973 0.00711948 0.0102383 0.0128531 0.0141178 0.013644 0.0117287 0.00915307 0.00671685 0.0048702 0.00365373 0.00287474
 1.00799e-16 6.76921e-05 0.000657991 0.00437258 0.0198771 0.0618452 0.131768 0.192323 0.192338 0.131844 0.0620977 0.0206062 0.00620195 0.00464954 0.00764253 0.012512 0.0179806 0.0225322 0.0246688 0.0236964 0.0201354 0.0153709 0.0108349 0.00735485 0.00504001 0.003582
 1.0151e-16 6.35003e-05 0.000617246 0.00410182 0.0186463 0.0580156 0.123609 0.180415 0.180433 0.123698 0.0583159 0.0195139 0.00628033 0.0053747 0.00910379 0.0149626 0.0215767 0.0271899 0.0300505 0.0293377 0.0256323 0.0204963 0.0155188 0.0115798 0.00875803 0.00670886
 1.02412e-16 6.14459e-05 0.000597276 0.00396911 0.018043 0.0561386 0.11961 0.174578 0.174597 0.119703 0.0564526 0.0189503 0.00624789 0.00557643 0.00953107 0.0156941 0.0226822 0.0286896 0.0319108 0.031501 0.0280533 0.0231524 0.0183825 0.0145789 0.0117589 0.00953969
 1.0195e-16 6.84238e-05 0.000665104 0.00441985 0.020092 0.0625137 0.133193 0.194401 0.194413 0.133253 0.0627175 0.0206809 0.0058991 0.00389791 0.00621863 0.0101998 0.0147509 0.0186839 0.0208335 0.0206574 0.0185415 0.0155067 0.0125642 0.0102326 0.00849912 0.00709701
 1.00274e-16 7.96367e-05 0.000774097 0.00514415 0.0233845 0.072758 0.155019 0.226255 0.226258 0.155032 0.072802 0.0235115 0.00546283 0.00146984 0.0014011 0.00219059 0.00314864 0.00396083 0.00436603 0.0042453 0.00368751 0.0029272 0.00220289 0.00164638 0.00126694 0.00100678
 1.00974e-16 3.32262e-05 0.000322971 0.00214626 0.00975661 0.0303567 0.0646803 0.0944144 0.09447 0.0649517 0.0312676 0.0123862 0.00874153 0.0147029 0.0272916 0.04493 0.0644005 0.0803118 0.0871918 0.0825177 0.0682553 0.0496137 0.0320509 0.0188263 0.0104871 0.00589292
 1.01274e-16 7.67682e-05 0.000746214 0.00495886 0.0225422 0.0701373 0.149435 0.218105 0.218108 0.149448 0.0701824 0.0226732 0.00529006 0.00147774 0.00149094 0.0024079 0.00361085 0.00485048 0.00591687 0.00669356 0.00718758 0.00745826 0.00751424 0.00728369 0.00668416 0.00571967
 1.01686e-16 5.48152e-05 0.000532824 0.0035408 0.016096 0.0500808 0.106703 0.155743 0.155773 0.10685 0.0505735 0.0175186 0.00710908 0.00831391 0.0148077 0.024329 0.0348919 0.0435668 0.0474139 0.0450927 0.0376844 0.028005 0.0189747 0.0122911 0.0081629 0.00588962
 1.03994e-16 5.50964e-05 0.000535557 0.00355896 0.0161785 0.0503376 0.10725 0.15654 0.156561 0.107356 0.0506918 0.017203 0.00613555 0.00617699 0.010818 0.0179236 0.0261069 0.0334343 0.0379442 0.0386842 0.0362016 0.0320333 0.0276498 0.0237282 0.0201879 0.0167081
 1.03495e-16 6.60475e-05 0.000642005 0.00426635 0.0193942 0.0603427 0.128567 0.18765 0.187663 0.12863 0.0605551 0.0200083 0.00580993 0.00401883 0.00650051 0.0106983 0.0155378 0.0198217 0.0223748 0.0226588 0.0210703 0.0186202 0.0162624 0.0144112 0.0129368 0.0114934
 1.02379e-16 6.56833e-05 0.000638465 0.00424283 0.0192873 0.06001 0.127858 0.186616 0.186632 0.127935 0.0602682 0.0200333 0.0061157 0.0047282 0.00783655 0.0128614 0.018545 0.0233731 0.0258493 0.0252879 0.0222156 0.0180015 0.0140225 0.011015 0.0089901 0.00757098
 1.06231e-16 2.86096e-05 0.000278095 0.00184804 0.00840097 0.0261388 0.0556933 0.0812966 0.0813471 0.0559399 0.026967 0.0107937 0.00785629 0.0134017 0.0249746 0.0413 0.0596241 0.0752539 0.0834048 0.0818465 0.0721915 0.0587209 0.0457477 0.0355941 0.028359 0.0229928
 1.05937e-16 6.59219e-05 0.000640784 0.00425824 0.0193573 0.0602279 0.128322 0.187291 0.187298 0.128356 0.0603419 0.0196887 0.00509738 0.00249721 0.00366379 0.00614151 0.00928256 0.0125992 0.0156191 0.0180977 0.0200798 0.0216954 0.022882 0.0233119 0.0225975 0.0205869
 1.05349e-16 5.611e-05 0.00054541 0.00362444 0.0164762 0.0512637 0.109224 0.15942 0.159445 0.109344 0.0516682 0.0176444 0.00655641 0.00694472 0.0122067 0.0200856 0.0289207 0.0363663 0.0400883 0.039054 0.0341708 0.0276887 0.0218468 0.0178043 0.0154757 0.0140799
 1.08302e-16 4.09329e-05 0.000397883 0.00264407 0.0120196 0.0373976 0.0796807 0.116303 0.116337 0.0798435 0.0379446 0.0136012 0.00662022 0.00909784 0.0166224 0.0275686 0.0400673 0.0511339 0.0577287 0.0584218 0.0541729 0.0475317 0.0409487 0.0355641 0.0311931 0.0271187
 1.05558e-16 6.59852e-05 0.0006414 0.00426233 0.0193759 0.0602858 0.128446 0.187472 0.187482 0.128493 0.0604451 0.0198373 0.0054249 0.00319446 0.00495951 0.0082127 0.0121029 0.0158096 0.0185383 0.0199247 0.0202101 0.0199765 0.0196704 0.0193169 0.0186126 0.0172406
 1.03698e-16 6.20869e-05 0.000603507 0.00401052 0.0182312 0.0567243 0.120858 0.176399 0.176418 0.120951 0.0570371 0.0191349 0.00627873 0.00555522 0.0094671 0.0155558 0.0224126 0.028212 0.0311452 0.0303992 0.0266476 0.0215955 0.016949 0.013606 0.0115384 0.0102075
 1.07717e-16 3.07062e-05 0.000298476 0.00198348 0.00901663 0.0280543 0.0597744 0.0872521 0.0872979 0.0599982 0.0288061 0.011189 0.00744063 0.0122256 0.0227236 0.0376256 0.0544486 0.0689932 0.0769752 0.0763913 0.0686553 0.0575198 0.0467084 0.0381397 0.0317821 0.0266697
 1.16958e-16 3.73632e-05 0.000363183 0.00241348 0.0109714 0.0341361 0.0727312 0.106158 0.106178 0.07283 0.0344687 0.011937 0.00485584 0.00575614 0.0104599 0.0177062 0.0266129 0.0358016 0.0438448 0.0500396 0.0546406 0.0582657 0.0610222 0.0621822 0.0606751 0.0559136
 1.05876e-16 7.17474e-05 0.00069741 0.00463454 0.0210679 0.0655502 0.139662 0.203842 0.203847 0.13969 0.0656445 0.0213409 0.00532188 0.00220526 0.00295778 0.00483689 0.00710886 0.00926612 0.0108593 0.011725 0.0120864 0.0123743 0.0129006 0.0136421 0.0142752 0.0143922
pSPR Fmed_Fpbrs
0.551625   0.241337 0.241337
Fs Fmed_Fpbrs
0.359332   1.005 1.005
SSBpbr Bo_Bmed_Bpbrs
1.66611e+06  835762  318789 318789
Ro
141063
SPR SPRFo_SPRFmed_SPRFpbrs
1.00831e+06 556207 243342
Fref
1.005
Nvult_r0
 170421 12847.3 5758.22 7224.97 2328.89
CTP_r0
 27490.5 2789.13 1273.28 1599.17 515.503
YTP_r0
391274
Np
 200964 74265 4966.21 2205.62 3531.88
Nvult_p0
 163508 64014.7 4296.57 1908.59 3056.27
CTP_p0
 66179.5 31689.5 2152.22 956.643 1531.94
YTP_p0
 1.13913e+06
CBA_c0
615631
log_Ro
11.677
likeval ReclasPelacesDesembMPH_pf_preclas_ppelaces_ptallas_desvR_qrecl_qpela
 10.9576 23.5174 0.0112583 0.000856993 241.099 117.188 99.3762 0 29.437 8.59339e-07 0 0.0431538 0 0 0
q_reclas_q_pelaces
1.14038 1
M
1
N
 163452 41488.1 95738.6 7372.95 0.229876
 95257.8 52716.4 12625 29002.3 2233.03
 93611.7 27436.7 13627.9 3236.43 8003.6
 104888 27010.7 7111.02 3502.75 2887.65
 85366 24758.7 5240.95 1358.92 1220.18
 212670 26388.1 7086.98 1491.25 733.607
 71497.3 58921.9 6450.34 1715.58 538.293
 27613.5 13477.9 8266.8 884.459 308.66
 33635 8960.92 4138 2527.17 364.653
 49620.9 7636.27 1643.78 746.602 521.291
 91889 9732.94 1134.5 238.999 184.127
 130735 30004.4 3015.02 350.005 130.509
 106563 30604.8 5752.56 569.152 90.6309
 73837.3 25748.3 6141.65 1137.87 130.404
 68421.9 12935.7 3250.35 755.805 155.861
 445143 14586.4 2167.03 534.411 149.74
 73860.6 114562 3205.85 470.475 148.434
 674867 21834.2 30747.4 853.987 164.8
 379607 198928 5835.89 8155.96 270.129
 280377 103371 47429.3 1377.13 1987.24
 432101 77996.6 25416.3 11550.4 818.885
 567084 128174 21037.3 6804.86 3310.38
 99613.9 159153 31918.7 5190.42 2494.4
 337317 31192.2 46411.8 9256.72 2227.99
 269926 107044 9272.98 13727.7 3396.02
 118330 85708.6 31849.5 2745.15 5067.87
 293829 38557.3 26470.3 9795.57 2402.4
 339224 93106.2 11438.1 7812.39 3599.07
 83485.3 110483 28735.5 3515.44 3506.44
 57267.4 27572 34790.3 9015.19 2202.52
 244686 17813.5 7963.84 9991.06 3220.49
pred_Ctot
 12877.8 4602.88 10854.8 836.905 0.0260949
 13333.5 10194.1 2491.31 5729.25 441.148
 13016.8 5272.23 2672.36 635.332 1571.25
 24627.2 8493.33 2276.43 1122.39 925.34
 8742.72 3544.7 766.383 198.938 178.638
 33962.7 5785.24 1584.75 333.815 164.227
 23248.2 24862.8 2764.61 735.903 230.913
 2078.85 1430.37 896.652 96.0435 33.5195
 8463.48 3002.46 1410.95 862.499 124.458
 15400.2 3091.83 676.274 307.422 214.657
 6592.81 985.465 117.409 24.7627 19.0785
 31171 9568.9 978.827 113.737 42.4121
 23917.5 9231.38 1766.98 174.992 27.8668
 25938.4 11627.3 2815.11 521.97 59.8224
 19004.2 4741.28 1211.56 281.976 58.1514
 87019.5 3869.16 585.787 144.606 40.5201
 9336.3 20092.4 573.943 84.3214 26.6047
 86327.1 3873.36 5567.72 154.809 29.8762
 63880.2 45829.2 1371.03 1918.08 63.5312
 44205.4 22388.9 10478.3 304.561 439.516
 53836.9 13491.1 4487.85 2041.73 144.76
 86887.2 27016.7 4523.52 1464.76 712.604
 9494.97 21253.7 4354.34 708.879 340.692
 29648.6 3849.95 5852.88 1168.68 281.305
 23636.5 13164 1165.15 1726.86 427.222
 8631.58 8819.68 3349.79 289.058 533.669
 26068.4 4802.39 3368.49 1247.96 306.085
 24835.9 9615.44 1207.34 825.586 380.36
 5444.08 10187.4 2708.65 331.76 330.93
 5668.34 3819.18 4922.43 1276.99 312.003
 27490.5 2789.13 1273.28 1599.17 515.503
F
 0.131596 0.18973 0.194246 0.194489 0.194502
 0.244706 0.352806 0.361204 0.361658 0.361681
 0.242923 0.350234 0.358571 0.359021 0.359045
 0.443717 0.639731 0.654959 0.65578 0.655823
 0.174036 0.250917 0.25689 0.257212 0.257229
 0.283529 0.408779 0.41851 0.419035 0.419062
 0.668606 0.963965 0.986911 0.988149 0.988214
 0.125431 0.18084 0.185145 0.185377 0.185389
 0.482657 0.695872 0.712436 0.71333 0.713377
 0.628896 0.906714 0.928297 0.929461 0.929523
 0.119237 0.17191 0.176002 0.176223 0.176234
 0.452019 0.651701 0.667213 0.66805 0.668094
 0.420365 0.606063 0.620489 0.621268 0.621309
 0.741877 1.0696 1.09506 1.09644 1.09651
 0.545606 0.786629 0.805354 0.806364 0.806417
 0.357279 0.515108 0.52737 0.528031 0.528066
 0.2187 0.315311 0.322817 0.323222 0.323243
 0.221572 0.319452 0.327056 0.327467 0.327488
 0.300816 0.433703 0.444026 0.444583 0.444613
 0.279471 0.402928 0.412519 0.413037 0.413064
 0.21527 0.310367 0.317755 0.318153 0.318174
 0.27064 0.390196 0.399484 0.399986 0.400012
 0.161132 0.232313 0.237843 0.238141 0.238157
 0.147782 0.213065 0.218137 0.218411 0.218425
 0.147194 0.212218 0.217269 0.217542 0.217556
 0.121331 0.174929 0.179093 0.179318 0.17933
 0.149257 0.215192 0.220314 0.220591 0.220605
 0.121801 0.175608 0.179788 0.180013 0.180025
 0.107869 0.155521 0.159223 0.159423 0.159433
 0.167774 0.241889 0.247647 0.247958 0.247974
 0.192335 0.2773 0.283901 0.284257 0.284276
YTP_r0W_actual
 233670 45462.8 36797.8 55651.2 19692.2
YTP_p0W_proyectada
 497670 510835 50318.9 28221 52086.1
CTP_r0_actual
 27490.5 2789.13 1273.28 1599.17 515.503
CTP_p0_proyectada
 66179.5 31689.5 2152.22 956.643 1531.94
Wmedp
 7.52 16.12 23.38 29.5 34
Frms_r0
 0.192335 0.2773 0.283901 0.284257 0.284276
Zrms_r0
 1.19234 1.2773 1.2839 1.28426 1.28428
nmprior
 8.19 8.8 8.5 0
nm_flota  nm_reclas  nm_pelaces    nm_pelaL
inf 14.8465 15.1557 34.2571
cv_recla  cv_pelaces  cv_mph
0.299422 0.549878 0.903429
 ------------------------------------------------
Talla a la edad & desviaci?n 
 8 13.2811 15.8009 17.003 17.5766
 0.8 1.32811 1.58009 1.7003 1.75766
