years
 1991 1992 1993 1994 1995 1996 1997 1998 1999 2000 2001 2002 2003 2004 2005 2006 2007 2008 2009 2010 2011 2012 2013 2014 2015 2016 2017 2018 2019 2020 2021
reclasobs
 0 0 0 0 0 0 0 0 0 252601 567819 844713 477998 351125 339783 2.1784e+06 2.13404e+06 4.81314e+06 1.55562e+06 2.62356e+06 3.21686e+06 3.843e+06 1.13348e+06 3.07943e+06 1.97215e+06 2.03268e+06 2.025e+06 2.42433e+06 2.27542e+06 1.05018e+06 2.36338e+06
reclaspred
 3.25196e+06 1.827e+06 925343 921489 916414 1.44281e+06 914827 810744 592386 433443 498107 639712 631824 495730 502101 1.29835e+06 1.26435e+06 2.83782e+06 2.33957e+06 1.74345e+06 3.0811e+06 2.50427e+06 1.99481e+06 3.06552e+06 2.30385e+06 2.03777e+06 2.41276e+06 2.55861e+06 2.10062e+06 1.33553e+06 1.91116e+06
pelacesobs
 0 0 0 0 0 0 0 0 0 0 0 0 0 0 0 552880 188675 0 991730 2.46772e+06 1.41603e+06 1.21717e+06 2.29649e+06 1.80582e+06 0 1.4828e+06 1.56532e+06 1.57751e+06 1.42118e+06 867257 1.10002e+06
pelacespred
 1.76617e+06 1.10538e+06 561232 456423 471860 766785 452662 493208 348803 242173 287044 308147 334285 277210 288077 618234 602930 1.55572e+06 1.32677e+06 918362 1.56677e+06 1.38411e+06 1.09882e+06 1.84599e+06 1.33926e+06 1.18028e+06 1.59034e+06 1.66381e+06 1.12541e+06 812911 1.16229e+06
mphobs
 0 0 0 0 0 0 0 0 0 0 0 498337 0 5186 125008 0 168611 109162 213762 579715 649985 157893 87575 83554 0 0 0 0 0 0 0
mphpred
 3.34159e+06 2.23731e+06 1.11868e+06 610147 666480 751546 988394 620115 548321 379510 252074 400466 431341 367091 251530 317589 1.01908e+06 976244 1.91822e+06 1.45113e+06 1.55047e+06 1.91218e+06 1.81806e+06 1.50358e+06 2.08684e+06 1.72149e+06 1.417e+06 1.5086e+06 2.099e+06 1.43476e+06 880652
desembarqueobs
 494567 514787 250237 358949 120608 361735 552515 73892 212993 205616 52469 317467 293654 387597 252695 516296 358380 742168 942051 627588 828172 859565 418607 520667 417249 300574 415391 372974 316634 284311 391294
desembarquepred
 494574 513465 250893 358978 120613 361749 552563 73896.2 213041 205660 52471.5 317534 293707 387638 252692 516263 358403 742076 941866 627464 828239 859587 418617 520691 417249 300576 415391 372960 316628 284319 391298
Reclutas
 203412 114726 114481 192994 154523 264102 109398 49979.7 47208.9 62698.8 116243 152787 127671 89432.8 89623.6 482920 104260 744167 428690 330242 488772 655915 137937 407190 343435 154331 345793 387410 114328 85204.7 326586
log_desv_Rt
 0.106517 -0.466164 -0.468307 0.0539466 -0.168372 0.36762 -0.513722 -1.2971 -1.35413 -1.07037 -0.453032 -0.179672 -0.359259 -0.715227 -0.713096 0.971137 -0.561829 1.40355 0.85202 0.59111 0.983181 1.27732 -0.281917 0.800565 0.630282 -0.169613 0.637126 0.750769 -0.469644 -0.763658 0.579977
SSB
 3.34159e+06 2.23731e+06 1.11868e+06 610147 666480 751546 988394 620115 548321 379510 252074 400466 431341 367091 251530 317589 1.01908e+06 976244 1.91822e+06 1.45113e+06 1.55047e+06 1.91218e+06 1.81806e+06 1.50358e+06 2.08684e+06 1.72149e+06 1.417e+06 1.5086e+06 2.099e+06 1.43476e+06 880652
BT
 4.48993e+06 3.05679e+06 1.54394e+06 1.35424e+06 1.18288e+06 2.0762e+06 1.53944e+06 1.20176e+06 1.01585e+06 757123 707298 977125 1.03774e+06 1.04267e+06 917851 1.84437e+06 1.67003e+06 4.2419e+06 3.96526e+06 2.68144e+06 4.28499e+06 3.99435e+06 2.89818e+06 4.7404e+06 3.47253e+06 2.98744e+06 4.09077e+06 4.21041e+06 2.85589e+06 2.14997e+06 3.05731e+06
Ftot
 0.126768 0.230356 0.224366 0.339251 0.114402 0.224142 0.492596 0.0788468 0.307819 0.402424 0.097191 0.430805 0.402111 0.666188 0.453215 0.372943 0.239274 0.241761 0.345796 0.310969 0.237631 0.300692 0.176732 0.154528 0.15621 0.12637 0.155638 0.133115 0.124849 0.178458 0.188729
BD_Bspro_t
 0.979921 0.853393 0.700037 0.612987 0.603837 0.676 0.666567 0.507761 0.563798 0.522514 0.491004 0.687184 0.57366 0.485826 0.380415 0.438138 0.608886 0.585935 0.678471 0.58466 0.555912 0.603942 0.619653 0.613286 0.714473 0.722684 0.729608 0.76267 0.803515 0.74235 0.678447
BD_Bspro
 2.56026 1.71418 0.857112 0.467482 0.510643 0.575819 0.757287 0.475119 0.420112 0.290773 0.193134 0.306829 0.330485 0.281257 0.192717 0.24333 0.780794 0.747978 1.4697 1.11183 1.18794 1.46508 1.39296 1.15201 1.59889 1.31897 1.08568 1.15586 1.60821 1.09928 0.674737
BD_Bo
 1.70908 1.14429 0.572159 0.312065 0.340877 0.384384 0.505522 0.317163 0.280443 0.194103 0.128925 0.204822 0.220613 0.187752 0.128647 0.162433 0.521214 0.499308 0.981089 0.742192 0.793003 0.978002 0.929861 0.769018 1.06733 0.88047 0.724735 0.771584 1.07355 0.733817 0.450416
BD_Brms
 10.7493 7.19703 3.5986 1.96273 2.14394 2.41759 3.17948 1.99479 1.76385 1.22081 0.810876 1.28823 1.38755 1.18086 0.809125 1.02163 3.27818 3.1404 6.17056 4.66802 4.98759 6.15114 5.84836 4.83674 6.71298 5.53772 4.55822 4.85288 6.75211 4.61534 2.83289
Sel_flota
 0.80988 1 1 1 1
 0.80988 1 1 1 1
 0.80988 1 1 1 1
 0.80988 1 1 1 1
 0.80988 1 1 1 1
 0.80988 1 1 1 1
 0.80988 1 1 1 1
 0.80988 1 1 1 1
 0.80988 1 1 1 1
 0.80988 1 1 1 1
 0.80988 1 1 1 1
 0.80988 1 1 1 1
 0.80988 1 1 1 1
 0.80988 1 1 1 1
 0.80988 1 1 1 1
 0.80988 1 1 1 1
 0.80988 1 1 1 1
 0.80988 1 1 1 1
 0.80988 1 1 1 1
 0.80988 1 1 1 1
 0.80988 1 1 1 1
 0.80988 1 1 1 1
 0.80988 1 1 1 1
 0.80988 1 1 1 1
 0.80988 1 1 1 1
 0.80988 1 1 1 1
 0.80988 1 1 1 1
 0.80988 1 1 1 1
 0.80988 1 1 1 1
 0.80988 1 1 1 1
 0.80988 1 1 1 1
Sel_reclas
 1 1 1 1 1
 1 1 1 1 1
 1 1 1 1 1
 1 1 1 1 1
 1 1 1 1 1
 1 1 1 1 1
 1 1 1 1 1
 1 1 1 1 1
 1 1 1 1 1
 1 1 1 1 1
 1 1 1 1 1
 1 1 1 1 1
 1 1 1 1 1
 1 1 1 1 1
 1 1 1 1 1
 1 1 1 1 1
 1 1 1 1 1
 1 1 1 1 1
 1 1 1 1 1
 1 1 1 1 1
 1 1 1 1 1
 1 1 1 1 1
 1 1 1 1 1
 1 1 1 1 1
 1 1 1 1 1
 1 1 1 1 1
 1 1 1 1 1
 1 1 1 1 1
 1 1 1 1 1
 1 1 1 1 1
 1 1 1 1 1
Sel_pelaces
 1 1 1 1 1
 1 1 1 1 1
 1 1 1 1 1
 1 1 1 1 1
 1 1 1 1 1
 1 1 1 1 1
 1 1 1 1 1
 1 1 1 1 1
 1 1 1 1 1
 1 1 1 1 1
 1 1 1 1 1
 1 1 1 1 1
 1 1 1 1 1
 1 1 1 1 1
 1 1 1 1 1
 1 1 1 1 1
 1 1 1 1 1
 1 1 1 1 1
 1 1 1 1 1
 1 1 1 1 1
 1 1 1 1 1
 1 1 1 1 1
 1 1 1 1 1
 1 1 1 1 1
 1 1 1 1 1
 1 1 1 1 1
 1 1 1 1 1
 1 1 1 1 1
 1 1 1 1 1
 1 1 1 1 1
 1 1 1 1 1
pf_obs 
 0.8446 0.082 0.0669 0.0065 0
 0.8095 0.147 0.0364 0.0071 0
 0.9664 0.0169 0.016 0.0007 0
 0.9276 0.0648 0.0075 0.0001 0
 0.7033 0.2144 0.0806 0.0017 0
 0.9318 0.0425 0.0243 0.0014 0
 0.5671 0.3108 0.0964 0.0239 0.0018
 0.0768 0.2599 0.5324 0.112 0.0189
 0.490249 0.384438 0.106611 0.0170017 0.00170017
 0.7925 0.1577 0.0466 0.003 0.0002
 0.840416 0.127587 0.0312969 0.00059994 9.999e-05
 0.8084 0.0986 0.0794 0.0134 0.0002
 0.7335 0.1905 0.0724 0.0035 0.0001
 0.4001 0.4547 0.1325 0.0127 0
 0.49795 0.308269 0.164784 0.0264974 0.00249975
 0.9179 0.0499 0.0305 0.0017 0
 0.2467 0.6533 0.0926 0.0074 0
 0.9418 0.0223 0.034 0.0019 0
 0.707729 0.231977 0.0356964 0.0245975 0
 0.517169 0.277429 0.184464 0.0207286 0.00020938
 0.811772 0.124168 0.05621 0.00726502 0.000585176
 0.764997 0.148141 0.077277 0.00933861 0.000247198
 0.163321 0.427699 0.378323 0.0303852 0.000271297
 0.753843 0.0900009 0.118128 0.0371064 0.000921714
 0.721811 0.176058 0.0630433 0.0369309 0.00215725
 0.143369 0.312575 0.442814 0.0836902 0.0175525
 0.692698 0.0596174 0.167031 0.0765114 0.00414204
 0.394062 0.376323 0.152708 0.0712218 0.00568511
 0.125707 0.32114 0.495352 0.0537591 0.00404204
 0.23352 0.215282 0.420074 0.123614 0.00750983
 0.796117 0.104755 0.0508955 0.0450114 0.00322123
pf_pred 
 0.443943 0.121818 0.409974 0.0242641 7.90723e-07
 0.411815 0.294084 0.0644303 0.216837 0.0128338
 0.558746 0.207472 0.116888 0.0256087 0.091286
 0.73768 0.16158 0.0473669 0.0266861 0.0266877
 0.647028 0.276417 0.0471554 0.0138236 0.0155766
 0.745153 0.177448 0.0606121 0.0103401 0.00644681
 0.471582 0.416072 0.0782259 0.0267201 0.00740032
 0.448223 0.297201 0.200451 0.0376869 0.0164382
 0.532924 0.234918 0.125046 0.0843387 0.0227729
 0.696384 0.180169 0.0620881 0.0330491 0.0283092
 0.809931 0.142162 0.0284287 0.00979681 0.00968167
 0.731194 0.226267 0.0318165 0.00636247 0.00435937
 0.676756 0.25191 0.0600451 0.0084432 0.00284528
 0.620506 0.277166 0.0797465 0.0190083 0.00357356
 0.728573 0.186236 0.0622194 0.0179018 0.00506927
 0.931917 0.0529345 0.010394 0.00347251 0.00128203
 0.382565 0.584321 0.0257456 0.0050553 0.00231246
 0.895302 0.0460829 0.0554719 0.00244413 0.00069945
 0.591734 0.373823 0.0151599 0.0182487 0.00103415
 0.599143 0.260815 0.128227 0.00520009 0.0066143
 0.737031 0.172683 0.0587441 0.028881 0.00266099
 0.740883 0.202238 0.0373505 0.0127061 0.00682238
 0.319768 0.534083 0.114068 0.0210668 0.0110146
 0.738391 0.0972974 0.129009 0.0275534 0.00774933
 0.624261 0.293092 0.0307379 0.040756 0.0111527
 0.433949 0.382739 0.142992 0.0149962 0.0253249
 0.730381 0.132067 0.0930064 0.0347474 0.00979812
 0.686026 0.242683 0.0349208 0.0245924 0.0117786
 0.348638 0.477135 0.134666 0.0193778 0.0201825
 0.424796 0.230818 0.252269 0.0712005 0.0209162
 0.826638 0.0835591 0.0360363 0.0393854 0.0143817
pobs_RECLAS
 0 0 0 0 0
 0 0 0 0 0
 0 0 0 0 0
 0 0 0 0 0
 0 0 0 0 0
 0 0 0 0 0
 0 0 0 0 0
 0 0 0 0 0
 0 0 0 0 0
 0 0 0 0 0
 0.991045 0.00858322 0.000360255 1.14367e-05 0
 0.934742 0.0480273 0.0164251 0.00080598 0
 0.827803 0.169806 0.00239088 0 0
 0.941827 0.0461693 0.0120037 0 0
 0.791401 0.0380133 0.147996 0.0225897 0
 0.846168 0.0940531 0.0597789 0 0
 0.134021 0.677848 0.182769 0.00536245 0
 0.80878 0.0450904 0.141981 0.00414843 0
 0.846168 0.0940531 0.0597789 0 0
 0.905697 0.0802665 0.012482 0.00150086 5.37128e-05
 0.989698 0.0102097 9.19794e-05 0 0
 0.975433 0.0193895 0.00387452 0.00125025 5.28907e-05
 0.303575 0.632131 0.0575291 0.00676475 0
 0.966965 0.00978017 0.0227588 0.000495775 0
 0.843318 0.132988 0.00938335 0.0141283 0.000182051
 0.564624 0.303363 0.111486 0.0197234 0.00080311
 0.826376 0.0876187 0.0782897 0.00655872 0.00115652
 0.89761 0.0855135 0.0140674 0.00269457 0.000114338
 0.34875 0.467042 0.161289 0.0227151 0.000203297
 0.318654 0.224769 0.449479 0.00709798 0
 0.937255 0.0296025 0.0250945 0.00804832 0
ppred_RECLAS
 0.496972 0.110201 0.370876 0.0219501 7.15315e-07
 0.464735 0.267624 0.0586333 0.197328 0.0116791
 0.610906 0.182947 0.103071 0.0225816 0.0804953
 0.777584 0.137 0.0401614 0.0226266 0.0226279
 0.693988 0.239642 0.0408817 0.0119844 0.0135043
 0.783803 0.150537 0.0514198 0.00877196 0.00546909
 0.526969 0.37246 0.0700264 0.0239194 0.00662463
 0.501082 0.26873 0.181248 0.0340766 0.0148635
 0.586334 0.208056 0.110747 0.0746947 0.0201688
 0.740669 0.153891 0.0530321 0.0282287 0.0241801
 0.840516 0.119286 0.0238541 0.00822034 0.00812373
 0.772196 0.191754 0.0269634 0.00539198 0.00369442
 0.722762 0.216057 0.0514991 0.00724152 0.00244032
 0.672342 0.239307 0.0688536 0.0164119 0.00308544
 0.769957 0.157841 0.0527329 0.0151724 0.00429637
 0.944541 0.0431191 0.00846666 0.00282861 0.00104431
 0.434552 0.535123 0.0235779 0.00462965 0.00211775
 0.913844 0.0379214 0.0456476 0.00201127 0.000575574
 0.643136 0.326758 0.0132512 0.0159511 0.000903946
 0.649971 0.227744 0.111968 0.00454073 0.00577562
 0.776594 0.146703 0.0499062 0.0245359 0.00226065
 0.780287 0.171484 0.0316707 0.0107739 0.00578492
 0.368003 0.496211 0.105979 0.0195729 0.0102336
 0.777512 0.0827477 0.109717 0.0234331 0.00659051
 0.672895 0.255156 0.0267593 0.0354808 0.00970916
 0.486827 0.346984 0.129634 0.0135953 0.0229591
 0.770331 0.112499 0.0792256 0.0295988 0.00834632
 0.730033 0.208668 0.0300262 0.0211455 0.0101277
 0.398432 0.44066 0.124372 0.0178964 0.0186397
 0.477756 0.209566 0.229043 0.0646449 0.0189904
 0.855236 0.0697748 0.0300916 0.0328882 0.0120092
pobs_PELACES
 0 0 0 0 0
 0 0 0 0 0
 0 0 0 0 0
 0 0 0 0 0
 0 0 0 0 0
 0 0 0 0 0
 0 0 0 0 0
 0 0 0 0 0
 0 0 0 0 0
 0 0 0 0 0
 0 0 0 0 0
 0 0 0 0 0
 0 0 0 0 0
 0 0 0 0 0
 0 0 0 0 0
 0 0 0 0 0
 0.505614 0.472636 0.0217494 0 0
 0 0 0 0 0
 0.443492 0.261883 0.143347 0.151278 0
 0.227955 0.32914 0.350689 0.0885471 0.00366901
 0.970185 0.0296113 0.000203453 0 0
 0.997202 0.00247181 0.000326279 0 0
 0.445219 0.490057 0.0546422 0.010081 0
 0.90214 0.0892962 0.00764917 0.000914606 0
 0 0 0 0 0
 0.581667 0.319106 0.0959925 0.00289975 0.000334073
 0.762889 0.0836404 0.116647 0.0363945 0.000428098
 0.88444 0.0763242 0.0277011 0.0115352 0
 0.521256 0.241999 0.230069 0.00667565 0
 0.616807 0.101726 0.260614 0.0208532 0
 0.833518 0.0704572 0.0857862 0.0102388 0
ppred_PELACES
 0.498961 0.109765 0.36941 0.0218633 7.12487e-07
 0.468332 0.265826 0.0582393 0.196002 0.0116006
 0.614246 0.181376 0.102186 0.0223877 0.0798042
 0.781244 0.134746 0.0395006 0.0222543 0.0222556
 0.69551 0.23845 0.0406784 0.0119248 0.0134371
 0.786176 0.148884 0.0508553 0.00867566 0.00540905
 0.534666 0.3664 0.068887 0.0235302 0.00651684
 0.502319 0.268064 0.180799 0.0339921 0.0148266
 0.59101 0.205704 0.109495 0.0738504 0.0199408
 0.745489 0.15103 0.0520465 0.027704 0.0237307
 0.841332 0.118676 0.0237321 0.0081783 0.00808218
 0.776916 0.187781 0.0264048 0.00528028 0.00361788
 0.727789 0.21214 0.0505654 0.00711022 0.00239608
 0.681483 0.232631 0.0669329 0.015954 0.00299936
 0.774955 0.154412 0.0515873 0.0148428 0.00420303
 0.945754 0.042176 0.00828148 0.00276675 0.00102147
 0.438244 0.531629 0.0234239 0.00459942 0.00210392
 0.915031 0.037399 0.0450188 0.00198356 0.000567646
 0.6481 0.322213 0.0130669 0.0157292 0.000891372
 0.654397 0.224865 0.110553 0.00448332 0.0057026
 0.77917 0.145011 0.0493307 0.024253 0.00223458
 0.783504 0.168973 0.031207 0.0106161 0.00570021
 0.370586 0.494183 0.105546 0.0194929 0.0101918
 0.779184 0.0821256 0.108892 0.0232569 0.00654096
 0.675049 0.253476 0.0265831 0.0352472 0.00964524
 0.488808 0.345645 0.129134 0.0135428 0.0228705
 0.772054 0.111655 0.0786312 0.0293768 0.0082837
 0.731675 0.207398 0.0298435 0.0210169 0.010066
 0.400311 0.439284 0.123983 0.0178406 0.0185815
 0.480551 0.208445 0.227817 0.064299 0.0188888
 0.856696 0.0690712 0.0297881 0.0325566 0.0118881
pobs_pel_tallas
 0 0 0 0 0 0 0 0 0 0 0 0 0 0 0 0 0 0 0 0 0 0 0 0 0 0
 0 0 0 0 0 0 0 0 0 0 0 0 0 0 0 0 0 0 0 0 0 0 0 0 0 0
 0 0 0 0 0 0 0 0 0 0 0 0 0 0 0 0 0 0 0 0 0 0 0 0 0 0
 0 0 0 0 0 0 0 0 0 0 0 0 0 0 0 0 0 0 0 0 0 0 0 0 0 0
 0 0 0 0 0 0 0 0 0 0 0 0 0 0 0 0 0 0 0 0 0 0 0 0 0 0
 0 0 0 0 0 0 0 0 0 0 0 0 0 0 0 0 0 0 0 0 0 0 0 0 0 0
 0 0 0 0 0 0 0 0 0 0 0 0 0 0 0 0 0 0 0 0 0 0 0 0 0 0
 0 0 0 0 0 0 0 0 0 0 0 0 0 0 0 0 0 0 0 0 0 0 0 0 0 0
 0 0 0 0 0 0 0 0 0 0 0 0 0 0 0 0 0 0 0 0 0 0 0 0 0 0
 0 0 0 0 0 0 0 0 0 0 0 0 0 0 0 0 0 0 0 0 0 0 0 0 0 0
 0 0 0 0 0 0 0 0 0 0 0 0 0 0 0 0 0 0 0 0 0 0 0 0 0 0
 0 0 0 0 0 0 0 0 0 0 0 0 0 0 0 0 0 0 0 0 0 0 0 0 0 0
 0.00862536 0 0 0.000197151 0.00414017 0.0128641 0.00837892 0.0270097 0.101434 0.158115 0.152841 0.127902 0.109271 0.109419 0.0830992 0.0579132 0.0238553 0.00714673 0.00463305 0.00128148 0.00103504 0.000492878 0.000147863 0.000147863 4.92878e-05 0
 0 0 0 0 0 0 0 0 0 0 0 0 0 0 0 0 0 0 0 0 0 0 0 0 0 0
 0 0 0 0 0 0 0 0.0054083 0.00873648 0.0413646 0.0450493 0.0745869 0.0622846 0.0627006 0.0613931 0.0827291 0.12552 0.122667 0.0946155 0.0697135 0.0546179 0.0294188 0.0215738 0.0213955 0.0102223 0.00600262
 0 0 0 0 0.00359764 0.0251062 0.0480494 0.140153 0.205849 0.193036 0.1447 0.116669 0.0760912 0.0342217 0.00950174 0.001854 0.000860785 0 0 0 0.000165536 0 0.000143464 0 0 0
 0 0 0 0 0 0 0 0.000145254 0.000435761 0.0275982 0.070085 0.0708112 0.156366 0.174668 0.174014 0.160142 0.0824315 0.0480064 0.0283245 0.00493863 0.00203355 0 0 0 0 0
 0 0 0 0 0 0 0 0 0 0 0 0 0 0 0 0 0 0 0 0 0 0 0 0 0 0
 0 0 1.00437e-05 0.000401748 0.00122533 0.00171747 0.00176769 0.0269171 0.070346 0.194647 0.189555 0.159765 0.064822 0.0314167 0.0384472 0.0292271 0.0345202 0.0313363 0.0194345 0.0106764 0.0143323 0.0359363 0.0279516 0.0138201 0.00172751 0
 0 0.0021121 0.0136068 0.0755702 0.200478 0.177729 0.0527432 0.0373336 0.0318909 0.0142505 0.0149659 0.0166563 0.0217959 0.0798694 0.0677717 0.0528807 0.04013 0.0224614 0.0357745 0.0225083 0.00881397 0.00855152 0.00135912 0.000746735 0 0
 0 0 0 0 5.4009e-05 0.00500934 0.000945158 0.0243581 0.138947 0.33067 0.221406 0.137944 0.0707744 0.0437923 0.0131692 0.00525238 0.0047753 0.00276346 9.45158e-05 9.00151e-06 2.25038e-05 9.00151e-06 4.50075e-06 0 0 0
 0.000866109 0.00284123 0.00948549 0.0512746 0.133035 0.25785 0.225252 0.132002 0.0553304 0.0519788 0.0540692 0.017754 0.00435017 0.00159236 0.00146478 0.000404838 0.000125132 0.000115318 0.000107957 0.000100596 0 0 0 0 0 0
 0 0 0 0 0.00144013 0.00171154 0.00461396 0.0210425 0.0478622 0.0707936 0.0888783 0.103762 0.0637923 0.0337046 0.0602308 0.124433 0.169614 0.0934646 0.0462172 0.0250306 0.0313229 0.00938855 0.002487 0.000210481 0 0
 0 0.00764035 0.051015 0.0998891 0.058973 0.0496711 0.0374665 0.0718981 0.12319 0.153886 0.159021 0.0857701 0.0377988 0.023471 0.0147837 0.00900784 0.00315554 0.000888139 0.00291439 0.00214683 0.00393193 0.00274676 0.000635225 9.99891e-05 0 0
 0 0 0 0 0 0 0 0 0 0 0 0 0 0 0 0 0 0 0 0 0 0 0 0 0 0
 0 0 0 0 0 0 0 0 0 0 0 0 0 0 0 0 0 0 0 0 0 0 0 0 0 0
 0 0 0 0 0 0 0 0 0 0 0 0 0 0 0 0 0 0 0 0 0 0 0 0 0 0
 0 0 0 0 0 0 0 0 0 0 0 0 0 0 0 0 0 0 0 0 0 0 0 0 0 0
 0 0 0 0 0 0 0 0 0 0 0 0 0 0 0 0 0 0 0 0 0 0 0 0 0 0
 0 0 0 0 0 0 0 0 0 0 0 0 0 0 0 0 0 0 0 0 0 0 0 0 0 0
 0 0 0 0 0 0 0 0 0 0 0 0 0 0 0 0 0 0 0 0 0 0 0 0 0 0
ppred_pel_tallas
 1.12882e-16 4.10988e-05 0.000399495 0.00265478 0.0120683 0.0375489 0.0800023 0.116768 0.116779 0.080057 0.037734 0.0126099 0.00404093 0.00351296 0.00620998 0.0108669 0.017196 0.0248345 0.0333174 0.0422371 0.0511407 0.0591767 0.0649097 0.0667003 0.0635273 0.0556665
 1.23369e-16 3.8576e-05 0.000374972 0.00249182 0.0113275 0.0352441 0.0750923 0.109605 0.109631 0.075218 0.0356666 0.0125493 0.00556473 0.00710381 0.0128821 0.0214151 0.0312983 0.040392 0.0466325 0.0492998 0.0495272 0.0494905 0.0508683 0.0537546 0.0567251 0.0578074
 1.18746e-16 5.05947e-05 0.000491798 0.00326817 0.0148567 0.0462247 0.0984872 0.143749 0.143766 0.0985734 0.0465144 0.0156954 0.00538066 0.00512729 0.00892575 0.0148673 0.0218722 0.0285029 0.0333546 0.0358688 0.0366681 0.0370478 0.0380223 0.0396835 0.0412698 0.0417318
 1.07173e-16 6.435e-05 0.000625505 0.0041567 0.0188958 0.0587918 0.125263 0.182827 0.18284 0.125326 0.0590058 0.0195144 0.00571162 0.00402738 0.00654769 0.0107837 0.0156763 0.0200386 0.0227204 0.0232315 0.0220371 0.0202151 0.0187465 0.0179953 0.0176888 0.0172688
 1.04705e-16 5.72883e-05 0.000556863 0.00370055 0.0168222 0.0523401 0.111517 0.162767 0.16279 0.111629 0.0527175 0.0179123 0.00643779 0.00653487 0.0114184 0.0188074 0.0271386 0.0342409 0.0379444 0.0372627 0.0329782 0.0270955 0.0216151 0.0175832 0.0149685 0.0131637
 1.03292e-16 6.47563e-05 0.000629454 0.00418295 0.0190151 0.059163 0.126054 0.183982 0.183996 0.126124 0.0593995 0.0196986 0.00590106 0.00438785 0.00722541 0.0119022 0.0172786 0.0220202 0.0248053 0.0250154 0.0230739 0.0200989 0.0171684 0.0147894 0.0128852 0.011139
 1.05545e-16 4.40398e-05 0.000428083 0.00284476 0.0129319 0.0402361 0.0857286 0.125131 0.125166 0.0859013 0.0408162 0.0146077 0.00705278 0.00961943 0.0175156 0.0289282 0.0417656 0.0527299 0.0584852 0.0574952 0.0509206 0.0417836 0.0331037 0.0264656 0.0218569 0.018442
 1.11205e-16 4.13754e-05 0.000402183 0.00267265 0.0121495 0.0378017 0.0805416 0.117558 0.117584 0.0806691 0.0382305 0.0133908 0.00579986 0.00726631 0.0131875 0.0220241 0.0323963 0.0421525 0.049091 0.0521558 0.051942 0.0500245 0.0477083 0.0452672 0.0421572 0.0377854
 1.13994e-16 4.86807e-05 0.000473194 0.00314454 0.0142946 0.044476 0.0947617 0.138312 0.138332 0.0948594 0.0448045 0.0152454 0.00553876 0.00572569 0.0101014 0.0168288 0.0247311 0.032163 0.0374943 0.0400329 0.040404 0.0399821 0.0398393 0.040067 0.0399092 0.0384311
 1.08335e-16 6.14049e-05 0.000596878 0.00396646 0.018031 0.0561011 0.11953 0.174461 0.174475 0.119601 0.0563412 0.0187252 0.00571226 0.00441839 0.00735047 0.0121387 0.0176832 0.0226788 0.0258513 0.026655 0.0255947 0.0238371 0.0224238 0.0217057 0.0213437 0.0207164
 1.02904e-16 6.92994e-05 0.000673615 0.00447641 0.0203491 0.0633137 0.134897 0.196888 0.1969 0.134953 0.0635017 0.0208922 0.00584025 0.00365328 0.0057354 0.00939134 0.0135684 0.0171641 0.0191076 0.0189162 0.0169781 0.0142762 0.0117773 0.00996508 0.00878893 0.00792378
 1.01952e-16 6.39936e-05 0.00062204 0.00413368 0.0187911 0.0584662 0.124569 0.181816 0.181834 0.124658 0.0587631 0.0196488 0.00628652 0.00532168 0.00898939 0.0147598 0.0212554 0.0267282 0.0294408 0.0285913 0.0247851 0.019616 0.0147074 0.0109602 0.00844053 0.00675207
 1.02633e-16 5.9947e-05 0.000582707 0.00387229 0.0176029 0.0547692 0.116692 0.17032 0.170341 0.116792 0.0551053 0.0185741 0.00631179 0.00591317 0.0101981 0.0168027 0.0242872 0.030724 0.0341807 0.0337516 0.0300695 0.0248277 0.0197203 0.0156427 0.0126177 0.0102404
 1.04099e-16 5.61329e-05 0.000545632 0.00362592 0.0164829 0.0512845 0.109268 0.159484 0.159507 0.109378 0.0516536 0.0175495 0.00630592 0.00640509 0.0112107 0.0185138 0.0268259 0.0340729 0.0381689 0.0381397 0.0346667 0.0295499 0.0245507 0.0205377 0.0174415 0.0147754
 1.03729e-16 6.3832e-05 0.00062047 0.00412324 0.0187437 0.0583186 0.124255 0.181356 0.181371 0.124328 0.0585638 0.0194526 0.0059052 0.00451866 0.00749126 0.0123468 0.0179286 0.0228595 0.0257755 0.0260446 0.0241145 0.0211485 0.0182575 0.0159458 0.0141023 0.0123656
 1.00701e-16 7.79005e-05 0.000757221 0.005032 0.0228747 0.0711718 0.151639 0.221323 0.221327 0.151659 0.0712386 0.0230677 0.00551653 0.00181565 0.00209015 0.00333768 0.00481365 0.00608124 0.00675312 0.00665301 0.00591444 0.00488403 0.00390686 0.00316215 0.00264533 0.00225802
 1.0163e-16 3.60977e-05 0.000350882 0.00233174 0.0105998 0.0329801 0.0702695 0.102571 0.102622 0.0705195 0.033819 0.0130217 0.00840696 0.0135993 0.0251566 0.0414251 0.0594201 0.0741939 0.0807282 0.0767092 0.0639341 0.0471577 0.0313416 0.0194183 0.0118414 0.00754563
 1.01604e-16 7.53699e-05 0.000732622 0.00486853 0.0221316 0.0688598 0.146713 0.214133 0.214137 0.146731 0.0689202 0.022307 0.00531154 0.00170944 0.00195897 0.00319319 0.00476401 0.00634613 0.00764957 0.00851899 0.00898262 0.00915765 0.00910263 0.00875987 0.00803188 0.00690461
 1.02188e-16 5.33832e-05 0.000518904 0.0034483 0.0156755 0.0487724 0.103916 0.151675 0.151706 0.104067 0.0492809 0.0171436 0.00713118 0.00855106 0.0152857 0.0251284 0.0360602 0.045072 0.049142 0.0468942 0.0394409 0.0296696 0.020562 0.0138318 0.00966176 0.00731231
 1.04663e-16 5.39018e-05 0.000523945 0.0034818 0.0158278 0.0492462 0.104925 0.153146 0.153167 0.105032 0.0496043 0.0168637 0.00608781 0.00623197 0.0109502 0.0181623 0.0264936 0.0340105 0.0387488 0.0397533 0.0375637 0.0336939 0.0295715 0.02582 0.0223157 0.0187254
 1.04272e-16 6.41793e-05 0.000623845 0.00414567 0.0188456 0.0586358 0.12493 0.182342 0.182356 0.124999 0.0588662 0.0195118 0.00582033 0.00428826 0.00704915 0.0116198 0.0168933 0.0215862 0.024435 0.024864 0.0233044 0.0208416 0.0184869 0.0166572 0.015179 0.0136536
 1.02974e-16 6.45362e-05 0.000627315 0.00416873 0.0189504 0.058962 0.125625 0.183357 0.183373 0.125705 0.0592294 0.0197232 0.00610927 0.00486592 0.00812155 0.0133435 0.0192612 0.0243201 0.0269822 0.0265446 0.0235502 0.0194004 0.015492 0.0125521 0.0105608 0.00910956
 1.06852e-16 3.05248e-05 0.000296712 0.00197176 0.00896334 0.0278885 0.0594213 0.0867371 0.0867847 0.0596543 0.0286712 0.0112247 0.00765077 0.0127032 0.0236197 0.0390704 0.0564439 0.0713237 0.07921 0.0780094 0.0692407 0.0569188 0.0450635 0.035802 0.0291673 0.0241326
 1.06603e-16 6.41804e-05 0.000623856 0.00414574 0.018846 0.0586368 0.124932 0.182344 0.182352 0.124972 0.05877 0.0192327 0.00512418 0.0027854 0.00424466 0.00711297 0.0107023 0.0144279 0.0177179 0.0202843 0.0222098 0.0237121 0.0248051 0.0251831 0.0244286 0.0223425
 1.06e-16 5.56029e-05 0.00054048 0.00359168 0.0163273 0.0508004 0.108236 0.157979 0.158004 0.108356 0.0512011 0.0174848 0.00649733 0.00688382 0.0121042 0.0199287 0.0287226 0.0361769 0.0399952 0.0391649 0.0345823 0.0284551 0.0229624 0.0192034 0.0170488 0.0156977
 1.09044e-16 4.02625e-05 0.000391366 0.00260077 0.0118227 0.0367851 0.0783758 0.114399 0.114432 0.0785393 0.0373344 0.0134108 0.00659338 0.00912794 0.0166933 0.0276927 0.0402605 0.0514089 0.058097 0.0589001 0.0547896 0.0483242 0.0419501 0.0367838 0.0326017 0.0286452
 1.06646e-16 6.35931e-05 0.000618147 0.00410781 0.0186735 0.0581002 0.123789 0.180676 0.180687 0.123842 0.058279 0.0191914 0.00541307 0.00348529 0.00556124 0.0092314 0.0136183 0.017817 0.0209444 0.0225976 0.023047 0.0229368 0.0227495 0.0224895 0.0217929 0.0202879
 1.04726e-16 6.02672e-05 0.000585818 0.00389297 0.0176969 0.0550617 0.117316 0.17123 0.17125 0.117413 0.0553898 0.0186447 0.00627269 0.00578245 0.00993493 0.0163442 0.0235776 0.0297406 0.0329543 0.0323792 0.0287222 0.0237524 0.0192193 0.0160114 0.0140464 0.012722
 1.08624e-16 3.29732e-05 0.000320511 0.00212991 0.00968229 0.0301254 0.0641869 0.0936916 0.093734 0.0643944 0.0308221 0.011696 0.00718935 0.0113813 0.0210866 0.0349316 0.0506057 0.0642435 0.0719062 0.0717575 0.0651014 0.0553724 0.0459431 0.0384959 0.0329153 0.0282541
 1.16273e-16 3.95824e-05 0.000384755 0.00255683 0.011623 0.0361636 0.077051 0.112462 0.112483 0.077151 0.0365001 0.0125992 0.00502352 0.00582332 0.0105268 0.0177564 0.0265529 0.0354525 0.0429537 0.0483385 0.051945 0.0545752 0.056571 0.0574041 0.0560887 0.051974
 1.06155e-16 7.05649e-05 0.000685916 0.00455815 0.0207207 0.0644699 0.13736 0.200483 0.200489 0.137393 0.06458 0.0210395 0.0053606 0.00244556 0.0034363 0.00563377 0.00826604 0.0107404 0.0125191 0.0133973 0.013627 0.0137149 0.0140469 0.0146359 0.0151542 0.0151725
pSPR Fmed_Fpbrs
0.653512   0.208995 0.208995
Fs Fmed_Fpbrs
0.226978   1.005 1.005
SSBpbr Bo_Bmed_Bpbrs
1.95519e+06  1.17998e+06  310866 310866
Ro
182859
SPR SPRFo_SPRFmed_SPRFpbrs
1.30518e+06 852949 272776
Fref
1.005
Nvult_r0
 223471 18863.9 8135.36 8891.45 3246.73
CTP_r0
 29628.4 2994.93 1291.61 1411.65 515.469
YTP_r0
391298
Np
 251012 40918.1 13885.5 1112.71 544.496
Nvult_p0
 210094 35408.1 12015.7 962.872 471.174
CTP_p0
 94271.6 44726 3584.1 1545.71 2203.96
 94271.6 17748.2 6022.81 482.637 236.174
YTP_p0
 1.60981e+06 1.14568e+06
CBA_c0
1.47057e+06
log_Ro
11.9365
likeval ReclasPelacesDesembMPH_pf_preclas_ppelaces_ptallas_desvR_qrecl_qpela
 14.231 17.2856 0.0689581 0.00284514 240.475 118.95 98.2983 0 23.7293 1.32603e-06 0 0.35219 0 0 0
q_reclas_q_pelaces
0.849441 1
M
1
N
 203412 45652.2 153640 9093.13 0.296329
 114726 67529.5 14794.9 49791.6 2946.99
 114481 35022.5 19731.3 4322.9 15409.6
 192994 35117.4 10294.6 5799.91 5800.26
 154523 53942 9202.24 2697.63 3039.73
 264102 51815.6 17699 3019.36 1882.49
 109398 81028.9 15234.3 5203.67 1441.19
 49979.7 27005.7 18214.4 3424.49 1493.69
 47208.9 17249.1 9181.6 6192.65 1672.12
 62698.8 13535.1 4664.32 2482.79 2126.71
 116243 16650.3 3329.63 1147.42 1133.94
 152787 39526.4 5557.99 1111.45 761.534
 127671 39652 9451.42 1329.01 447.862
 89432.8 33912.8 9757.45 2325.78 437.246
 89623.6 19181.7 6408.37 1843.83 522.117
 482920 22841.3 4485.01 1498.39 553.199
 104260 131343 5787.07 1136.32 519.791
 744167 31598.3 38036.2 1675.9 479.601
 428690 225083 9127.95 10987.7 622.671
 330242 119186 58596.3 2376.3 3022.56
 488772 94441.1 32127.5 15795.1 1455.31
 655915 148331 27394.6 9319.23 5003.85
 137937 189144 40396.8 7460.73 3900.79
 407190 43977 58310.1 12453.7 3502.58
 343435 132176 13861.8 18379.7 5029.53
 154331 111329 41592.5 4361.99 7366.34
 345793 51252.2 36093.6 13484.6 3802.42
 387410 112145 16137.1 11364.3 5442.94
 114328 127955 36113.9 5196.6 5412.41
 85204.7 38014.1 41547.1 11726.2 3444.76
 326586 27126.9 11699 12786.2 4668.92
pred_Ctot
 12651.7 3471.63 11683.6 691.489 0.0225344
 12531.7 8949.11 1960.64 6598.46 390.539
 12203.6 4531.39 2552.95 559.32 1993.78
 29970.6 6564.69 1924.43 1084.21 1084.27
 8709.1 3720.62 634.719 186.067 209.664
 28127 6698.08 2287.91 390.306 243.346
 23496.2 20730.5 3897.54 1331.31 368.715
 1964.61 1302.66 878.599 165.186 72.0504
 6719.59 2962.06 1576.69 1063.42 287.141
 11318.9 2928.44 1009.17 537.175 460.133
 5597.96 982.574 196.489 67.7122 66.9163
 29262.8 9055.36 1273.31 254.63 174.465
 23032.6 8573.47 2043.56 287.354 96.8357
 24619.7 10997 3164.08 754.188 141.787
 17930.9 4583.46 1531.28 440.582 124.76
 81556.7 4632.56 909.629 303.897 112.197
 11794.9 18015.3 793.768 155.861 71.2957
 84993.8 4374.79 5266.12 232.029 66.4009
 67714.3 42778 1734.81 2088.26 118.341
 47438.6 20650.7 10152.7 411.729 523.703
 54944.6 12873.3 4379.29 2153.04 198.373
 91409.8 24952 4608.28 1567.67 841.741
 11764.7 19649.7 4196.73 775.078 405.245
 30589.5 4030.76 5344.48 1141.46 321.033
 26066.4 12238.3 1283.48 1701.79 465.689
 9570.13 8440.76 3153.48 330.72 558.505
 26154.2 4729.2 3330.47 1244.27 350.861
 25249.2 8931.93 1285.26 905.124 433.51
 7007.7 9590.51 2706.82 389.497 405.673
 7333.96 3984.99 4355.35 1229.25 361.112
 29628.4 2994.93 1291.61 1411.65 515.469
F
 0.102667 0.126768 0.126768 0.126768 0.126768
 0.186561 0.230356 0.230356 0.230356 0.230356
 0.18171 0.224366 0.224366 0.224366 0.224366
 0.274753 0.339251 0.339251 0.339251 0.339251
 0.0926517 0.114402 0.114402 0.114402 0.114402
 0.181528 0.224142 0.224142 0.224142 0.224142
 0.398944 0.492596 0.492596 0.492596 0.492596
 0.0638565 0.0788468 0.0788468 0.0788468 0.0788468
 0.249297 0.307819 0.307819 0.307819 0.307819
 0.325915 0.402424 0.402424 0.402424 0.402424
 0.0787131 0.097191 0.097191 0.097191 0.097191
 0.3489 0.430805 0.430805 0.430805 0.430805
 0.325662 0.402111 0.402111 0.402111 0.402111
 0.539532 0.666188 0.666188 0.666188 0.666188
 0.36705 0.453215 0.453215 0.453215 0.453215
 0.302039 0.372943 0.372943 0.372943 0.372943
 0.193783 0.239274 0.239274 0.239274 0.239274
 0.195797 0.241761 0.241761 0.241761 0.241761
 0.280054 0.345796 0.345796 0.345796 0.345796
 0.251848 0.310969 0.310969 0.310969 0.310969
 0.192453 0.237631 0.237631 0.237631 0.237631
 0.243525 0.300692 0.300692 0.300692 0.300692
 0.143131 0.176732 0.176732 0.176732 0.176732
 0.125149 0.154528 0.154528 0.154528 0.154528
 0.126512 0.15621 0.15621 0.15621 0.15621
 0.102344 0.12637 0.12637 0.12637 0.12637
 0.126048 0.155638 0.155638 0.155638 0.155638
 0.107807 0.133115 0.133115 0.133115 0.133115
 0.101112 0.124849 0.124849 0.124849 0.124849
 0.144529 0.178458 0.178458 0.178458 0.178458
 0.152848 0.188729 0.188729 0.188729 0.188729
YTP_r0W_actual
 245916 42228.5 35648.6 48278.6 19227
YTP_p0W_proyectada
 706094 700856 82900.3 45397.4 74559.8
 706094 278114 139308 14175 7989.78
CTP_r0_actual
 29628.4 2994.93 1291.61 1411.65 515.469
CTP_p0_proyectada
 94271.6 44726 3584.1 1545.71 2203.96
 94271.6 17748.2 6022.81 482.637 236.174
Wmedp
 7.49 15.67 23.13 29.37 33.83
Frms_r0
 0.152848 0.188729 0.188729 0.188729 0.188729
Zrms_r0
 1.15285 1.18873 1.18873 1.18873 1.18873
nmprior
 8.19 8.8 8.5 0
nm_flota  nm_reclas  nm_pelaces    nm_pelaL
inf 12.2987 18.4422 44.2138
cv_recla  cv_pelaces  cv_mph
0.341227 0.471427 1.64611
 ------------------------------------------------
Talla a la edad & desviaci?n 
 8 13.2811 15.8009 17.003 17.5766
 0.8 1.32811 1.58009 1.7003 1.75766
