years
 1991 1992 1993 1994 1995 1996 1997 1998 1999 2000 2001 2002 2003 2004 2005 2006 2007 2008 2009 2010 2011 2012 2013 2014 2015 2016 2017 2018 2019 2020 2021
reclasobs
 0 0 0 0 0 0 0 0 0 252601 567819 844713 477998 351125 339783 2.1784e+06 2.13404e+06 4.81314e+06 1.55562e+06 2.62356e+06 3.21686e+06 3.843e+06 1.13348e+06 3.07943e+06 1.97215e+06 2.03268e+06 2.025e+06 2.42433e+06 2.27542e+06 1.05018e+06 2.36338e+06
reclaspred
 2.75212e+06 1.6642e+06 833876 643895 620194 857540 578477 477470 357723 303840 363963 526061 536805 449274 542733 981629 1.48284e+06 2.32555e+06 2.18508e+06 1.68726e+06 2.8285e+06 2.30219e+06 2.20148e+06 2.73501e+06 2.37234e+06 2.11996e+06 2.1614e+06 2.18235e+06 2.38711e+06 1.50366e+06 1.94342e+06
pelacesobs
 0 0 0 0 0 0 0 0 0 0 0 0 0 0 0 552880 188675 0 991730 2.46772e+06 1.41603e+06 1.21717e+06 2.29649e+06 1.80582e+06 0 1.4828e+06 1.56532e+06 1.57751e+06 1.42118e+06 867257 1.10002e+06
pelacespred
 1.21775e+06 822120 424945 261886 273628 369786 222813 230253 169629 134811 179651 209451 235523 210885 273859 412385 612887 1.02921e+06 1.06892e+06 790164 1.17004e+06 1.11975e+06 1.03004e+06 1.3773e+06 1.22629e+06 1.04713e+06 1.1977e+06 1.23627e+06 1.09688e+06 785133 999393
mphobs
 0 0 0 0 0 0 0 0 0 0 0 498337 0 5186 125008 0 168611 109162 213762 579715 649985 157893 87575 83554 0 0 0 0 0 0 0
mphpred
 2.45057e+06 1.82689e+06 921069 524943 476402 514630 654282 354144 319169 251011 199587 385172 395683 356146 289921 486500 1.0366e+06 1.31411e+06 1.83118e+06 1.55616e+06 1.60798e+06 2.01976e+06 1.88363e+06 1.6547e+06 2.27396e+06 1.78968e+06 1.49875e+06 1.62845e+06 2.17589e+06 1.49827e+06 1.01574e+06
desembarqueobs
 494567 514787 250237 358949 120608 361735 552515 73892 212993 205616 52469 317467 293654 387597 252695 516296 358380 742168 942051 627588 828172 859565 418607 520667 417249 300574 415391 372974 316634 284311 391294
desembarquepred
 494552 513286 250605 358843 120588 361839 552910 73947.4 213170 205646 52516.2 317666 293719 387526 252814 516548 358510 742345 941830 627891 828898 860222 418594 520983 417383 300490 415308 373066 316755 284323 391231
Reclutas
 202557 91858.9 111486 130287 115068 205436 80477.3 34609.1 45048.1 65537.7 119991 136567 131979 102897 133570 436092 193754 606954 515839 312030 509842 639419 170124 430510 325740 169996 371946 386776 118545 105860 434010
log_desv_Rt
 0.102309 -0.688461 -0.494816 -0.338976 -0.463189 0.116418 -0.82074 -1.6646 -1.40098 -1.02609 -0.421296 -0.291897 -0.326072 -0.574988 -0.314092 0.869138 0.057874 1.19974 1.03708 0.534383 1.02539 1.25184 -0.0721849 0.856255 0.577386 -0.0729383 0.710034 0.749132 -0.433418 -0.546594 0.864353
SSB
 2.45057e+06 1.82689e+06 921069 524943 476402 514630 654282 354144 319169 251011 199587 385172 395683 356146 289921 486500 1.0366e+06 1.31411e+06 1.83118e+06 1.55616e+06 1.60798e+06 2.01976e+06 1.88363e+06 1.6547e+06 2.27396e+06 1.78968e+06 1.49875e+06 1.62845e+06 2.17589e+06 1.49827e+06 1.01574e+06
BT
 3.4412e+06 2.51151e+06 1.30903e+06 1.07246e+06 863428 1.54704e+06 1.08758e+06 747343 733109 619992 659388 917176 1.01803e+06 1.12137e+06 1.25961e+06 1.92559e+06 2.05603e+06 4.10638e+06 4.19972e+06 2.77291e+06 4.47021e+06 4.10476e+06 3.1426e+06 5.09837e+06 3.65268e+06 3.16589e+06 4.37721e+06 4.35926e+06 2.96106e+06 2.32798e+06 3.9198e+06
Ftot
 0.170002 0.288379 0.281368 0.511549 0.183907 0.393052 0.840613 0.146925 0.546334 0.61593 0.137255 0.55296 0.50376 0.775054 0.434126 0.488357 0.227909 0.299696 0.400481 0.346994 0.275378 0.348721 0.179794 0.180504 0.166591 0.134575 0.182035 0.162206 0.125988 0.178787 0.190818
BD_Bspro_t
 0.973166 0.823208 0.653965 0.565412 0.530431 0.603612 0.576378 0.382395 0.441457 0.427508 0.437562 0.671484 0.552934 0.482108 0.418088 0.534109 0.621434 0.659222 0.678781 0.611277 0.574991 0.624658 0.640048 0.649131 0.740593 0.740821 0.749717 0.780453 0.814788 0.757065 0.710447
BD_Bspro
 1.87487 1.39771 0.704687 0.401621 0.364483 0.39373 0.500575 0.270947 0.244188 0.192042 0.152699 0.294686 0.302727 0.272478 0.221811 0.372209 0.793076 1.00539 1.40099 1.19058 1.23022 1.54526 1.44111 1.26597 1.73975 1.36924 1.14666 1.24588 1.66472 1.14629 0.777118
BD_Bo
 1.28955 0.961357 0.484689 0.276238 0.250694 0.270811 0.344299 0.18636 0.167955 0.132088 0.105028 0.202687 0.208218 0.187413 0.152563 0.256008 0.545484 0.691516 0.963614 0.81889 0.846158 1.06285 0.991211 0.870743 1.19661 0.941772 0.78868 0.856929 1.14501 0.788428 0.534508
BD_Brms
 5.47411 4.08094 2.0575 1.17263 1.06419 1.14959 1.46154 0.791092 0.712965 0.560712 0.44584 0.860403 0.883881 0.795562 0.647628 1.08675 2.31557 2.93547 4.09052 3.47617 3.59192 4.51176 4.20767 3.69628 5.07961 3.9978 3.34793 3.63765 4.86052 3.34686 2.26898
Sel_flota
 0.5 1 1 1 1
 0.5 1 1 1 1
 0.5 1 1 1 1
 0.5 1 1 1 1
 0.5 1 1 1 1
 0.5 1 1 1 1
 0.5 1 1 1 1
 0.5 1 1 1 1
 0.5 1 1 1 1
 0.5 1 1 1 1
 0.5 1 1 1 1
 0.5 1 1 1 1
 0.5 1 1 1 1
 0.5 1 1 1 1
 0.5 1 1 1 1
 0.5 1 1 1 1
 0.5 1 1 1 1
 0.5 1 1 1 1
 0.5 1 1 1 1
 0.5 1 1 1 1
 0.5 1 1 1 1
 0.5 1 1 1 1
 0.5 1 1 1 1
 0.5 1 1 1 1
 0.5 1 1 1 1
 0.5 1 1 1 1
 0.5 1 1 1 1
 0.5 1 1 1 1
 0.5 1 1 1 1
 0.5 1 1 1 1
 0.5 1 1 1 1
Sel_reclas
 0.5 1 1 1 1
 0.5 1 1 1 1
 0.5 1 1 1 1
 0.5 1 1 1 1
 0.5 1 1 1 1
 0.5 1 1 1 1
 0.5 1 1 1 1
 0.5 1 1 1 1
 0.5 1 1 1 1
 0.5 1 1 1 1
 0.5 1 1 1 1
 0.5 1 1 1 1
 0.5 1 1 1 1
 0.5 1 1 1 1
 0.5 1 1 1 1
 0.5 1 1 1 1
 0.5 1 1 1 1
 0.5 1 1 1 1
 0.5 1 1 1 1
 0.5 1 1 1 1
 0.5 1 1 1 1
 0.5 1 1 1 1
 0.5 1 1 1 1
 0.5 1 1 1 1
 0.5 1 1 1 1
 0.5 1 1 1 1
 0.5 1 1 1 1
 0.5 1 1 1 1
 0.5 1 1 1 1
 0.5 1 1 1 1
 0.5 1 1 1 1
Sel_pelaces
 0.5 1 1 1 1
 0.5 1 1 1 1
 0.5 1 1 1 1
 0.5 1 1 1 1
 0.5 1 1 1 1
 0.5 1 1 1 1
 0.5 1 1 1 1
 0.5 1 1 1 1
 0.5 1 1 1 1
 0.5 1 1 1 1
 0.5 1 1 1 1
 0.5 1 1 1 1
 0.5 1 1 1 1
 0.5 1 1 1 1
 0.5 1 1 1 1
 0.5 1 1 1 1
 0.5 1 1 1 1
 0.5 1 1 1 1
 0.5 1 1 1 1
 0.5 1 1 1 1
 0.5 1 1 1 1
 0.5 1 1 1 1
 0.5 1 1 1 1
 0.5 1 1 1 1
 0.5 1 1 1 1
 0.5 1 1 1 1
 0.5 1 1 1 1
 0.5 1 1 1 1
 0.5 1 1 1 1
 0.5 1 1 1 1
 0.5 1 1 1 1
pf_obs 
 0.8446 0.082 0.0669 0.0065 0
 0.8095 0.147 0.0364 0.0071 0
 0.9664 0.0169 0.016 0.0007 0
 0.9276 0.0648 0.0075 0.0001 0
 0.7033 0.2144 0.0806 0.0017 0
 0.9318 0.0425 0.0243 0.0014 0
 0.5671 0.3108 0.0964 0.0239 0.0018
 0.0768 0.2599 0.5324 0.112 0.0189
 0.490249 0.384438 0.106611 0.0170017 0.00170017
 0.7925 0.1577 0.0466 0.003 0.0002
 0.840416 0.127587 0.0312969 0.00059994 9.999e-05
 0.8084 0.0986 0.0794 0.0134 0.0002
 0.7335 0.1905 0.0724 0.0035 0.0001
 0.4001 0.4547 0.1325 0.0127 0
 0.49795 0.308269 0.164784 0.0264974 0.00249975
 0.9179 0.0499 0.0305 0.0017 0
 0.2467 0.6533 0.0926 0.0074 0
 0.9418 0.0223 0.034 0.0019 0
 0.707729 0.231977 0.0356964 0.0245975 0
 0.517169 0.277429 0.184464 0.0207286 0.00020938
 0.811772 0.124168 0.05621 0.00726502 0.000585176
 0.764997 0.148141 0.077277 0.00933861 0.000247198
 0.163321 0.427699 0.378323 0.0303852 0.000271297
 0.753843 0.0900009 0.118128 0.0371064 0.000921714
 0.721811 0.176058 0.0630433 0.0369309 0.00215725
 0.143369 0.312575 0.442814 0.0836902 0.0175525
 0.692698 0.0596174 0.167031 0.0765114 0.00414204
 0.394062 0.376323 0.152708 0.0712218 0.00568511
 0.125707 0.32114 0.495352 0.0537591 0.00404204
 0.23352 0.215282 0.420074 0.123614 0.00750983
 0.774587 0.0839891 0.0768558 0.0609784 0.00358967
pf_pred 
 0.346437 0.351291 0.298996 4.1406e-06 0.00327117
 0.272625 0.38344 0.184865 0.157345 0.00172362
 0.475524 0.235863 0.152144 0.0733521 0.0631166
 0.572632 0.2836 0.0646538 0.0417052 0.0374083
 0.549561 0.341472 0.0723104 0.016485 0.0201718
 0.674394 0.234574 0.0690103 0.0146137 0.0074082
 0.384019 0.507254 0.0783295 0.0230441 0.0073536
 0.362111 0.394878 0.200117 0.0309018 0.0119922
 0.534405 0.252575 0.131868 0.0668281 0.0143243
 0.681144 0.233017 0.0465659 0.0243117 0.0149616
 0.744756 0.213859 0.0302437 0.00604388 0.00509735
 0.612831 0.33246 0.0458388 0.00648249 0.00238803
 0.601269 0.314815 0.0720584 0.00993527 0.00192263
 0.550916 0.349685 0.0784803 0.0179635 0.00295606
 0.682024 0.240942 0.0599833 0.0134621 0.00358844
 0.834292 0.137595 0.0213026 0.00530334 0.00150751
 0.426481 0.528317 0.0375332 0.00581092 0.00185786
 0.756788 0.149368 0.0864479 0.00614151 0.00125483
 0.55873 0.384757 0.0347071 0.0200871 0.00171862
 0.443599 0.412209 0.125725 0.0113411 0.00712535
 0.640802 0.229532 0.0960627 0.0292995 0.00430349
 0.624972 0.298088 0.0491658 0.0205766 0.00719777
 0.260128 0.582522 0.125068 0.0206284 0.0116533
 0.624394 0.159945 0.169796 0.0364555 0.00940963
 0.475367 0.408239 0.049564 0.0526169 0.0142128
 0.341918 0.431451 0.176351 0.0214106 0.0288691
 0.631653 0.19136 0.116036 0.0474284 0.0135224
 0.5563 0.347656 0.0498958 0.0302555 0.0158925
 0.251449 0.542383 0.16154 0.0231843 0.0214429
 0.355138 0.264916 0.275301 0.0819939 0.0226517
 0.772916 0.122018 0.0431619 0.0448539 0.0170496
pobs_RECLAS
 0 0 0 0 0
 0 0 0 0 0
 0 0 0 0 0
 0 0 0 0 0
 0 0 0 0 0
 0 0 0 0 0
 0 0 0 0 0
 0 0 0 0 0
 0 0 0 0 0
 0 0 0 0 0
 0.991045 0.00858322 0.000360255 1.14367e-05 0
 0.934742 0.0480273 0.0164251 0.00080598 0
 0.827803 0.169806 0.00239088 0 0
 0.941827 0.0461693 0.0120037 0 0
 0.791401 0.0380133 0.147996 0.0225897 0
 0.846168 0.0940531 0.0597789 0 0
 0.134021 0.677848 0.182769 0.00536245 0
 0.80878 0.0450904 0.141981 0.00414843 0
 0.846168 0.0940531 0.0597789 0 0
 0.905697 0.0802665 0.012482 0.00150086 5.37128e-05
 0.989698 0.0102097 9.19794e-05 0 0
 0.975433 0.0193895 0.00387452 0.00125025 5.28907e-05
 0.303575 0.632131 0.0575291 0.00676475 0
 0.966965 0.00978017 0.0227588 0.000495775 0
 0.843318 0.132988 0.00938335 0.0141283 0.000182051
 0.564624 0.303363 0.111486 0.0197234 0.00080311
 0.826376 0.0876187 0.0782897 0.00655872 0.00115652
 0.89761 0.0855135 0.0140674 0.00269457 0.000114338
 0.34875 0.467042 0.161289 0.0227151 0.000203297
 0.318654 0.224769 0.449479 0.00709798 0
 0.937255 0.0296025 0.0250945 0.00804832 0
ppred_RECLAS
 0.348211 0.350338 0.298185 4.12937e-06 0.0032623
 0.275463 0.381944 0.184144 0.156732 0.00171689
 0.478983 0.234308 0.151141 0.0728684 0.0627004
 0.579613 0.278968 0.0635978 0.041024 0.0367973
 0.551673 0.339871 0.0719713 0.0164077 0.0200772
 0.678908 0.231322 0.0680535 0.0144111 0.00730549
 0.397036 0.496534 0.0766743 0.0225571 0.0071982
 0.363651 0.393925 0.199634 0.0308272 0.0119633
 0.542126 0.248387 0.129681 0.0657198 0.0140867
 0.688961 0.227304 0.0454242 0.0237156 0.0145948
 0.74593 0.212875 0.0301046 0.00601609 0.00507392
 0.620289 0.326055 0.0449558 0.00635761 0.00234203
 0.607972 0.309523 0.0708471 0.00976826 0.00189031
 0.563014 0.340264 0.0763661 0.0174796 0.00287643
 0.687055 0.23713 0.0590342 0.0132491 0.00353166
 0.837986 0.134527 0.0208276 0.0051851 0.00147389
 0.429143 0.525865 0.037359 0.00578395 0.00184924
 0.759524 0.147687 0.0854753 0.00607241 0.00124072
 0.563928 0.380225 0.0342983 0.0198505 0.00169837
 0.447986 0.408959 0.124734 0.0112517 0.00706918
 0.643908 0.227547 0.0952321 0.0290462 0.00426628
 0.629149 0.294768 0.0486183 0.0203475 0.00711761
 0.261733 0.581258 0.124797 0.0205837 0.011628
 0.626353 0.15911 0.168911 0.0362654 0.00936056
 0.477275 0.406754 0.0493837 0.0524255 0.0141611
 0.343281 0.430558 0.175986 0.0213663 0.0288093
 0.633614 0.190341 0.115418 0.0471758 0.0134504
 0.558132 0.346221 0.0496898 0.0301306 0.0158268
 0.252511 0.541614 0.161311 0.0231514 0.0214125
 0.357035 0.264136 0.274491 0.0817528 0.0225851
 0.774474 0.121181 0.0428658 0.0445462 0.0169326
pobs_PELACES
 0 0 0 0 0
 0 0 0 0 0
 0 0 0 0 0
 0 0 0 0 0
 0 0 0 0 0
 0 0 0 0 0
 0 0 0 0 0
 0 0 0 0 0
 0 0 0 0 0
 0 0 0 0 0
 0 0 0 0 0
 0 0 0 0 0
 0 0 0 0 0
 0 0 0 0 0
 0 0 0 0 0
 0 0 0 0 0
 0.505614 0.472636 0.0217494 0 0
 0 0 0 0 0
 0.443492 0.261883 0.143347 0.151278 0
 0.227955 0.32914 0.350689 0.0885471 0.00366901
 0.970185 0.0296113 0.000203453 0 0
 0.997202 0.00247181 0.000326279 0 0
 0.445219 0.490057 0.0546422 0.010081 0
 0.90214 0.0892962 0.00764917 0.000914606 0
 0 0 0 0 0
 0.581667 0.319106 0.0959925 0.00289975 0.000334073
 0.762889 0.0836404 0.116647 0.0363945 0.000428098
 0.88444 0.0763242 0.0277011 0.0115352 0
 0.521256 0.241999 0.230069 0.00667565 0
 0.616807 0.101726 0.260614 0.0208532 0
 0.833518 0.0704572 0.0857862 0.0102388 0
ppred_PELACES
 0.354604 0.346901 0.29526 4.08886e-06 0.0032303
 0.285061 0.376885 0.181705 0.154655 0.00169415
 0.490578 0.229093 0.147777 0.0712468 0.061305
 0.60003 0.265419 0.060509 0.0390316 0.0350101
 0.559166 0.33419 0.0707684 0.0161334 0.0197416
 0.692879 0.221257 0.0650925 0.013784 0.00698763
 0.430667 0.468839 0.0723976 0.021299 0.00679671
 0.369279 0.390441 0.197868 0.0305546 0.0118575
 0.564403 0.236302 0.123371 0.0625224 0.0134014
 0.710311 0.211702 0.0423063 0.0220878 0.013593
 0.750198 0.209299 0.0295989 0.00591502 0.00498868
 0.641531 0.307815 0.0424409 0.00600196 0.00221101
 0.627595 0.294029 0.0673007 0.00927929 0.00179569
 0.594183 0.315994 0.070919 0.0162328 0.00267125
 0.702247 0.225619 0.0561685 0.012606 0.00336022
 0.84863 0.125689 0.0194593 0.00484444 0.00137706
 0.438379 0.517357 0.0367545 0.00569038 0.00181932
 0.76844 0.142212 0.0823063 0.00584728 0.00119472
 0.580103 0.366121 0.0330261 0.0191141 0.00163537
 0.462183 0.398441 0.121526 0.0109623 0.00688737
 0.654257 0.220934 0.0924644 0.028202 0.00414229
 0.642471 0.284179 0.0468717 0.0196165 0.00686192
 0.267506 0.576713 0.123821 0.0204227 0.0115371
 0.633296 0.156154 0.165772 0.0355914 0.00918661
 0.484137 0.401415 0.0487355 0.0517374 0.0139752
 0.348304 0.427264 0.17464 0.0212029 0.0285889
 0.640559 0.186734 0.11323 0.0462817 0.0131954
 0.564722 0.341057 0.0489487 0.0296812 0.0155908
 0.256455 0.538756 0.16046 0.0230293 0.0212995
 0.363835 0.261343 0.271588 0.0808881 0.0223462
 0.779926 0.118252 0.0418296 0.0434694 0.0165233
pobs_pel_tallas
 0 0 0 0 0 0 0 0 0 0 0 0 0 0 0 0 0 0 0 0 0 0 0 0 0 0
 0 0 0 0 0 0 0 0 0 0 0 0 0 0 0 0 0 0 0 0 0 0 0 0 0 0
 0 0 0 0 0 0 0 0 0 0 0 0 0 0 0 0 0 0 0 0 0 0 0 0 0 0
 0 0 0 0 0 0 0 0 0 0 0 0 0 0 0 0 0 0 0 0 0 0 0 0 0 0
 0 0 0 0 0 0 0 0 0 0 0 0 0 0 0 0 0 0 0 0 0 0 0 0 0 0
 0 0 0 0 0 0 0 0 0 0 0 0 0 0 0 0 0 0 0 0 0 0 0 0 0 0
 0 0 0 0 0 0 0 0 0 0 0 0 0 0 0 0 0 0 0 0 0 0 0 0 0 0
 0 0 0 0 0 0 0 0 0 0 0 0 0 0 0 0 0 0 0 0 0 0 0 0 0 0
 0 0 0 0 0 0 0 0 0 0 0 0 0 0 0 0 0 0 0 0 0 0 0 0 0 0
 0 0 0 0 0 0 0 0 0 0 0 0 0 0 0 0 0 0 0 0 0 0 0 0 0 0
 0 0 0 0 0 0 0 0 0 0 0 0 0 0 0 0 0 0 0 0 0 0 0 0 0 0
 0 0 0 0 0 0 0 0 0 0 0 0 0 0 0 0 0 0 0 0 0 0 0 0 0 0
 0.00862536 0 0 0.000197151 0.00414017 0.0128641 0.00837892 0.0270097 0.101434 0.158115 0.152841 0.127902 0.109271 0.109419 0.0830992 0.0579132 0.0238553 0.00714673 0.00463305 0.00128148 0.00103504 0.000492878 0.000147863 0.000147863 4.92878e-05 0
 0 0 0 0 0 0 0 0 0 0 0 0 0 0 0 0 0 0 0 0 0 0 0 0 0 0
 0 0 0 0 0 0 0 0.0054083 0.00873648 0.0413646 0.0450493 0.0745869 0.0622846 0.0627006 0.0613931 0.0827291 0.12552 0.122667 0.0946155 0.0697135 0.0546179 0.0294188 0.0215738 0.0213955 0.0102223 0.00600262
 0 0 0 0 0.00359764 0.0251062 0.0480494 0.140153 0.205849 0.193036 0.1447 0.116669 0.0760912 0.0342217 0.00950174 0.001854 0.000860785 0 0 0 0.000165536 0 0.000143464 0 0 0
 0 0 0 0 0 0 0 0.000145254 0.000435761 0.0275982 0.070085 0.0708112 0.156366 0.174668 0.174014 0.160142 0.0824315 0.0480064 0.0283245 0.00493863 0.00203355 0 0 0 0 0
 0 0 0 0 0 0 0 0 0 0 0 0 0 0 0 0 0 0 0 0 0 0 0 0 0 0
 0 0 1.00437e-05 0.000401748 0.00122533 0.00171747 0.00176769 0.0269171 0.070346 0.194647 0.189555 0.159765 0.064822 0.0314167 0.0384472 0.0292271 0.0345202 0.0313363 0.0194345 0.0106764 0.0143323 0.0359363 0.0279516 0.0138201 0.00172751 0
 0 0.0021121 0.0136068 0.0755702 0.200478 0.177729 0.0527432 0.0373336 0.0318909 0.0142505 0.0149659 0.0166563 0.0217959 0.0798694 0.0677717 0.0528807 0.04013 0.0224614 0.0357745 0.0225083 0.00881397 0.00855152 0.00135912 0.000746735 0 0
 0 0 0 0 5.4009e-05 0.00500934 0.000945158 0.0243581 0.138947 0.33067 0.221406 0.137944 0.0707744 0.0437923 0.0131692 0.00525238 0.0047753 0.00276346 9.45158e-05 9.00151e-06 2.25038e-05 9.00151e-06 4.50075e-06 0 0 0
 0.000866109 0.00284123 0.00948549 0.0512746 0.133035 0.25785 0.225252 0.132002 0.0553304 0.0519788 0.0540692 0.017754 0.00435017 0.00159236 0.00146478 0.000404838 0.000125132 0.000115318 0.000107957 0.000100596 0 0 0 0 0 0
 0 0 0 0 0.00144013 0.00171154 0.00461396 0.0210425 0.0478622 0.0707936 0.0888783 0.103762 0.0637923 0.0337046 0.0602308 0.124433 0.169614 0.0934646 0.0462172 0.0250306 0.0313229 0.00938855 0.002487 0.000210481 0 0
 0 0.00764035 0.051015 0.0998891 0.058973 0.0496711 0.0374665 0.0718981 0.12319 0.153886 0.159021 0.0857701 0.0377988 0.023471 0.0147837 0.00900784 0.00315554 0.000888139 0.00291439 0.00214683 0.00393193 0.00274676 0.000635225 9.99891e-05 0 0
 0 0 0 0 0 0 0 0 0 0 0 0 0 0 0 0 0 0 0 0 0 0 0 0 0 0
 0 0 0 0 0 0 0 0 0 0 0 0 0 0 0 0 0 0 0 0 0 0 0 0 0 0
 0 0 0 0 0 0 0 0 0 0 0 0 0 0 0 0 0 0 0 0 0 0 0 0 0 0
 0 0 0 0 0 0 0 0 0 0 0 0 0 0 0 0 0 0 0 0 0 0 0 0 0 0
 0 0 0 0 0 0 0 0 0 0 0 0 0 0 0 0 0 0 0 0 0 0 0 0 0 0
 0 0 0 0 0 0 0 0 0 0 0 0 0 0 0 0 0 0 0 0 0 0 0 0 0 0
 0 0 0 0 0 0 0 0 0 0 0 0 0 0 0 0 0 0 0 0 0 0 0 0 0 0
ppred_pel_tallas
 1.09157e-16 2.92083e-05 0.000283915 0.00188672 0.00857677 0.0266857 0.0568579 0.0829929 0.0830267 0.0570233 0.0272421 0.0101886 0.00595051 0.00921416 0.0171612 0.0287703 0.042472 0.055537 0.0650989 0.0696662 0.0697533 0.0670576 0.0629764 0.0577974 0.0510901 0.0426612
 1.21137e-16 2.34802e-05 0.000228236 0.00151671 0.00689475 0.0214523 0.0457078 0.0667195 0.0667561 0.0458866 0.0220535 0.00863454 0.00589649 0.00983199 0.0183901 0.0307053 0.0450438 0.0583979 0.0677348 0.071747 0.0715692 0.0697522 0.0683371 0.0676024 0.0662924 0.0628257
 1.21843e-16 4.04083e-05 0.000392783 0.00261018 0.0118655 0.0369182 0.0786589 0.11481 0.114832 0.0787679 0.0372849 0.0129276 0.00528694 0.00627239 0.011315 0.0189303 0.0279563 0.036645 0.0432646 0.0471122 0.0489023 0.0501071 0.0517765 0.0538015 0.0551026 0.0544196
 1.11654e-16 4.94237e-05 0.000480416 0.00319254 0.0145128 0.0451549 0.0962083 0.140424 0.14045 0.0963336 0.0455758 0.0157291 0.00624829 0.00716083 0.0127662 0.0211072 0.0305982 0.0389165 0.0437517 0.0441073 0.0409103 0.0363541 0.0324983 0.0302146 0.0291045 0.0281513
 1.07087e-16 4.60578e-05 0.000447699 0.00297512 0.0135245 0.0420798 0.0896567 0.130863 0.130896 0.0898143 0.0426091 0.0150539 0.0068163 0.00883999 0.0160052 0.026442 0.0382173 0.0483404 0.0537931 0.053195 0.0476114 0.0397843 0.0324281 0.0269289 0.0232053 0.0204266
 1.045e-16 5.70716e-05 0.000554756 0.00368655 0.0167585 0.0521421 0.111095 0.162151 0.162172 0.1112 0.0524932 0.0177732 0.00623613 0.0061295 0.010671 0.0176203 0.0255397 0.0324587 0.0363995 0.0364423 0.0332396 0.0285038 0.0239042 0.0202533 0.0174653 0.0150533
 1.05496e-16 3.54736e-05 0.000344816 0.00229143 0.0104165 0.0324099 0.0690544 0.100796 0.100842 0.0692752 0.0331515 0.0125588 0.00766942 0.0120871 0.0223423 0.0368965 0.0531864 0.0669672 0.0739292 0.0720836 0.0629342 0.0504241 0.0385433 0.0294652 0.0232916 0.0190039
 1.10881e-16 3.04171e-05 0.000295665 0.0019648 0.00893172 0.0277901 0.0592111 0.0864283 0.0864662 0.0593962 0.0284123 0.0107317 0.00649403 0.0102196 0.0189848 0.0316174 0.0461962 0.0594573 0.068048 0.0703633 0.0673685 0.0616676 0.0556424 0.0502089 0.0449529 0.0391207
 1.12159e-16 4.64892e-05 0.000451891 0.00300298 0.0136511 0.0424738 0.0904957 0.132086 0.132109 0.0906079 0.0428508 0.0147422 0.00574988 0.00647528 0.0115658 0.0192583 0.0282396 0.0365834 0.0423563 0.0446945 0.0442615 0.0426295 0.0411033 0.0399542 0.0385499 0.0360608
 1.05791e-16 5.85075e-05 0.000568713 0.0037793 0.0171802 0.053454 0.11389 0.16623 0.166251 0.11399 0.0537893 0.0181491 0.00621286 0.00588601 0.0101716 0.0167625 0.0242373 0.0306904 0.0342281 0.0340034 0.0307192 0.0261279 0.0219354 0.0189656 0.0170774 0.0156426
 1.02346e-16 6.17929e-05 0.000600649 0.00399152 0.0181449 0.0564556 0.120285 0.175564 0.175584 0.120384 0.0567866 0.0191009 0.00639117 0.00583916 0.0100109 0.0164528 0.0236964 0.0298025 0.0328369 0.0319082 0.0276932 0.0219692 0.0165445 0.012419 0.00965968 0.00781637
 1.0228e-16 5.28421e-05 0.000513644 0.00341335 0.0155166 0.0482781 0.102863 0.150137 0.150167 0.103008 0.0487648 0.0169223 0.00694158 0.00821515 0.0146774 0.0241754 0.0348063 0.0437373 0.0481113 0.0465998 0.0401834 0.031472 0.0231393 0.0166929 0.0122877 0.00932477
 1.03252e-16 5.16943e-05 0.000502487 0.0033392 0.0151795 0.0472294 0.100628 0.146876 0.146904 0.100767 0.0476951 0.0165254 0.00671926 0.00788733 0.0140948 0.0232662 0.0336179 0.042496 0.0472162 0.0465187 0.0412821 0.0338645 0.026634 0.0208558 0.0165828 0.0132669
 1.04208e-16 4.89421e-05 0.000475735 0.00316143 0.0143714 0.044715 0.0952711 0.139057 0.139088 0.0954201 0.0452155 0.0158178 0.0067941 0.00841272 0.0151427 0.0250088 0.0361433 0.0457056 0.0508224 0.0501544 0.0446614 0.0368864 0.0293679 0.023437 0.0191021 0.015719
 1.03512e-16 5.78432e-05 0.000562256 0.00373639 0.0169851 0.0528471 0.112597 0.164343 0.164365 0.112704 0.0532047 0.0180185 0.00633226 0.00623543 0.0108509 0.0178962 0.0258891 0.0327959 0.0365762 0.0362795 0.0325834 0.0272785 0.0221381 0.0180701 0.015049 0.0126044
 1.01313e-16 6.99006e-05 0.000679459 0.00451524 0.0205256 0.0638629 0.136067 0.198597 0.198609 0.136126 0.0640618 0.0210999 0.00595692 0.00382711 0.00604925 0.00989362 0.0142538 0.0179419 0.0197968 0.0192823 0.0167988 0.0134023 0.0101643 0.00767337 0.00596604 0.00477968
 1.02072e-16 3.61088e-05 0.00035099 0.00233246 0.010603 0.0329902 0.070291 0.102602 0.102652 0.0705344 0.0338071 0.0129616 0.00824966 0.0132583 0.0245201 0.0404022 0.0580149 0.0725693 0.079204 0.0756704 0.063686 0.0478075 0.032768 0.0213338 0.0139016 0.00945295
 1.03201e-16 6.32954e-05 0.000615254 0.00408858 0.0185861 0.0578283 0.12321 0.179831 0.179845 0.123277 0.0580552 0.0192427 0.00574126 0.00423829 0.00698851 0.0115686 0.0169264 0.0218396 0.0250837 0.0260566 0.0250692 0.0230125 0.0207 0.0184443 0.0161277 0.0135602
 1.03241e-16 4.77824e-05 0.000464462 0.00308652 0.0140309 0.0436554 0.0930138 0.135764 0.135799 0.0931861 0.0442338 0.0157012 0.0072779 0.00961019 0.0174053 0.0286682 0.0412229 0.0516952 0.0566826 0.0546271 0.0467531 0.0362517 0.0263875 0.0189928 0.0142141 0.0112285
 1.05874e-16 3.80695e-05 0.000370049 0.00245911 0.0111788 0.0347815 0.074107 0.108169 0.108208 0.0742952 0.0354136 0.0130059 0.00705035 0.0104086 0.0191492 0.0317172 0.0459638 0.0583754 0.0653657 0.0652362 0.059115 0.0500529 0.0410628 0.0336771 0.027871 0.0229279
 1.06255e-16 5.38903e-05 0.000523833 0.00348106 0.0158244 0.0492357 0.104903 0.153113 0.153134 0.105007 0.0495872 0.016841 0.00603789 0.00612211 0.0107352 0.0177912 0.025927 0.0332429 0.0378269 0.0387864 0.036725 0.0332104 0.0296912 0.0267475 0.0241306 0.0213217
 1.04554e-16 5.29196e-05 0.000514397 0.00341835 0.0155393 0.0483488 0.103013 0.150357 0.150384 0.103147 0.0487985 0.0168384 0.00667996 0.00763719 0.0135884 0.0224023 0.0323189 0.0407573 0.0451249 0.0442367 0.039015 0.0318404 0.0250944 0.0200313 0.0166367 0.014225
 1.07722e-16 2.20343e-05 0.000214181 0.00142331 0.00647019 0.0201315 0.0428943 0.0626171 0.0626728 0.0431662 0.0210448 0.00910917 0.00805073 0.0146926 0.0275504 0.0455931 0.0658663 0.0832245 0.0924133 0.0909839 0.0807027 0.0662509 0.0523214 0.0414066 0.0335633 0.0276147
 1.09948e-16 5.21638e-05 0.000507051 0.00336953 0.0153174 0.0476582 0.101541 0.148206 0.148221 0.101616 0.0479101 0.0160478 0.00521424 0.00457187 0.00788312 0.0132409 0.0197504 0.0262664 0.0316237 0.0352462 0.0373657 0.0385975 0.0392626 0.0390783 0.037446 0.034006
 1.09063e-16 3.98778e-05 0.000387626 0.00257592 0.0117098 0.0364336 0.0776271 0.113307 0.113346 0.0778162 0.0370685 0.0135435 0.00717934 0.0104386 0.0191343 0.0315878 0.0455502 0.0574085 0.0635288 0.0622966 0.055106 0.0454169 0.036647 0.0305248 0.0268671 0.024459
 1.12114e-16 2.86894e-05 0.000278872 0.0018532 0.00842441 0.0262117 0.0558483 0.0815209 0.0815623 0.0560505 0.0268912 0.0103894 0.00679439 0.0110951 0.0206577 0.0343335 0.0499889 0.0639805 0.0725816 0.0740423 0.0695364 0.0621521 0.0548027 0.048755 0.0436574 0.038563
 1.1019e-16 5.2762e-05 0.000512866 0.00340817 0.0154931 0.0482048 0.102706 0.149906 0.149924 0.102795 0.0485032 0.016357 0.00558432 0.00528836 0.00919614 0.0153146 0.0225175 0.0292968 0.0341455 0.0363814 0.036493 0.0356482 0.0347821 0.0340265 0.0328467 0.0306153
 1.07115e-16 4.65155e-05 0.000452147 0.00300468 0.0136589 0.0424979 0.0905476 0.132164 0.132197 0.0907082 0.0430375 0.0152174 0.00691748 0.0089961 0.0162803 0.0268616 0.0387438 0.0488458 0.0540701 0.0530237 0.0468592 0.0384842 0.030789 0.0252654 0.0218215 0.0195109
 1.10683e-16 2.1124e-05 0.000205333 0.00136451 0.0062029 0.0192998 0.0411222 0.06003 0.060082 0.0413767 0.0201546 0.00867351 0.00757264 0.0137794 0.0258646 0.0428929 0.062177 0.0790066 0.0885641 0.0885973 0.0806838 0.0689909 0.0575967 0.0485134 0.0415785 0.0356496
 1.19798e-16 2.99687e-05 0.000291306 0.00193583 0.00880003 0.0273803 0.0583376 0.0851507 0.0851763 0.0584628 0.0278018 0.0100224 0.00502346 0.00709556 0.013141 0.0221726 0.0331024 0.0440845 0.0532151 0.0595905 0.063665 0.066512 0.0686525 0.0695086 0.0678881 0.0629597
 1.08394e-16 6.42415e-05 0.00062445 0.00414969 0.0188639 0.0586927 0.125051 0.182518 0.18253 0.125107 0.0588808 0.0194082 0.00551889 0.00362351 0.00579055 0.00955402 0.0139585 0.0179978 0.0207119 0.0217149 0.0214301 0.0207633 0.0204674 0.020697 0.021033 0.0208481
pSPR Fmed_Fpbrs
0.647366   0.285572 0.285572
Fs Fmed_Fpbrs
0.283931   1.005 1.005
SSBpbr Bo_Bmed_Bpbrs
1.90033e+06  1.13519e+06  447665 447665
Ro
182859
SPR SPRFo_SPRFmed_SPRFpbrs
1.30706e+06 846148 373261
Fref
1.005
Nvult_r0
 288876 24788 8768.35 9112.08 3463.63
CTP_r0
 25160.7 3972.06 1405.05 1460.13 555.015
YTP_r0
391231
Np
 273268 145134 10825.6 3829.36 5189.13
Nvult_p0
 212446 125590 9367.78 3313.7 4490.36
CTP_p0
 71050.9 62951.8 4695.57 1660.98 2250.78
YTP_p0
 1.78439e+06
CBA_c0
809179
log_Ro
11.9365
likeval ReclasPelacesDesembMPH_pf_preclas_ppelaces_ptallas_desvR_qrecl_qpela
 18.3976 21.5244 0.0853131 0.00296933 248.751 136.074 104.371 0 24.8397 0 0 0.32389 0 0 0
q_reclas_q_pelaces
1 1
M
1
N
 202557 106321 90494.1 1.25319 990.051
 91858.9 68444.4 32998.6 28086.3 307.667
 111486 29255.4 18871.3 9098.28 7828.71
 130287 35631 8122.98 5239.76 4699.9
 115068 37112.9 7859.05 1791.67 2192.37
 205436 38612.3 11359.5 2405.5 1219.44
 80477.3 62091.3 9588.07 2820.76 900.131
 34609.1 19446.5 9855.15 1521.82 590.58
 45048.1 11830.2 6176.45 3130.11 670.923
 65537.7 12610.9 2520.16 1315.75 809.725
 119991 17719.4 2505.86 500.77 422.345
 136567 41214.5 5682.58 803.625 296.041
 131979 38104.7 8721.85 1202.55 232.712
 102897 37741.6 8470.4 1938.8 319.049
 133570 25692.5 6396.23 1435.52 382.648
 436092 39549.8 6123.13 1524.37 433.311
 193754 125672 8928.09 1382.26 441.934
 606954 63601.3 36809.8 2615.08 534.313
 515839 192213 17338.6 10034.9 858.57
 312030 155330 47376.4 4273.6 2685
 509842 96505.6 40389.1 12318.8 1809.38
 639419 163435 26956.5 11281.7 3946.37
 170124 197591 42423.1 6997.15 3952.78
 430510 57204.5 60728 13038.4 3365.38
 325740 144708 17568.9 18651 5037.99
 169996 110256 45065.9 5471.42 7377.4
 371946 58468.5 35453.8 14491.3 4131.65
 386776 124927 17929.6 10872.1 5710.82
 118545 131203 39076.6 5608.3 5187.04
 105860 40948 42553.2 12673.8 3501.27
 434010 35613.6 12597.7 13091.6 4976.29
pred_Ctot
 10506.7 10653.9 9067.91 0.125575 99.2076
 7889.23 11096 5349.63 4553.26 49.8781
 9355.43 4640.34 2993.27 1443.12 1241.75
 18977.6 9398.77 2142.69 1382.15 1239.74
 6438.36 4000.5 847.15 193.129 236.322
 23543.9 8189.25 2409.23 510.18 258.629
 18060.6 23856.4 3683.88 1083.78 345.844
 1558.88 1699.94 861.5 133.032 51.6263
 6959.62 3289.32 1717.33 870.311 186.547
 11259 3851.66 769.713 401.861 247.308
 5059.07 1452.73 205.443 41.0556 34.6259
 21326.6 11569.6 1595.2 225.591 83.1037
 18960.7 9927.51 2272.32 313.303 60.629
 21562.7 13686.5 3071.69 703.084 115.699
 16768.4 5923.88 1474.77 330.984 88.2265
 60922 10047.5 1555.57 387.263 110.082
 13314.2 16493.4 1171.74 181.41 58.0003
 54049 10667.7 6174.02 438.62 89.619
 60145 41417.5 3736.08 2162.29 185.002
 31864.4 29609.5 9031.03 814.647 511.824
 41924 15016.9 6284.83 1916.9 281.552
 65599.3 31288.3 5160.62 2159.8 755.504
 9313.85 20857.1 4478.05 738.599 417.244
 23658.9 6060.45 6433.74 1381.33 356.54
 16568.8 14229.1 1727.54 1833.95 495.383
 7031.31 8872.5 3626.54 440.295 593.673
 20607.4 6243.04 3785.61 1547.33 441.161
 19172.9 11982 1719.66 1042.75 547.733
 4598.51 9919.11 2954.25 423.995 392.148
 5764.33 4299.9 4468.47 1330.86 367.665
 25160.7 3972.06 1405.05 1460.13 555.015
F
 0.0850012 0.170002 0.170002 0.170002 0.170002
 0.14419 0.288379 0.288379 0.288379 0.288379
 0.140684 0.281368 0.281368 0.281368 0.281368
 0.255775 0.511549 0.511549 0.511549 0.511549
 0.0919535 0.183907 0.183907 0.183907 0.183907
 0.196526 0.393052 0.393052 0.393052 0.393052
 0.420306 0.840613 0.840613 0.840613 0.840613
 0.0734625 0.146925 0.146925 0.146925 0.146925
 0.273167 0.546334 0.546334 0.546334 0.546334
 0.307965 0.61593 0.61593 0.61593 0.61593
 0.0686277 0.137255 0.137255 0.137255 0.137255
 0.27648 0.55296 0.55296 0.55296 0.55296
 0.25188 0.50376 0.50376 0.50376 0.50376
 0.387527 0.775054 0.775054 0.775054 0.775054
 0.217063 0.434126 0.434126 0.434126 0.434126
 0.244178 0.488357 0.488357 0.488357 0.488357
 0.113954 0.227909 0.227909 0.227909 0.227909
 0.149848 0.299696 0.299696 0.299696 0.299696
 0.200241 0.400481 0.400481 0.400481 0.400481
 0.173497 0.346994 0.346994 0.346994 0.346994
 0.137689 0.275378 0.275378 0.275378 0.275378
 0.17436 0.348721 0.348721 0.348721 0.348721
 0.0898969 0.179794 0.179794 0.179794 0.179794
 0.0902518 0.180504 0.180504 0.180504 0.180504
 0.0832956 0.166591 0.166591 0.166591 0.166591
 0.0672876 0.134575 0.134575 0.134575 0.134575
 0.0910173 0.182035 0.182035 0.182035 0.182035
 0.0811031 0.162206 0.162206 0.162206 0.162206
 0.0629941 0.125988 0.125988 0.125988 0.125988
 0.0893937 0.178787 0.178787 0.178787 0.178787
 0.0954088 0.190818 0.190818 0.190818 0.190818
YTP_r0W_actual
 213866 64744.5 40605.9 50812.5 21201.6
YTP_p0W_proyectada
 534303 1.01478e+06 109782 48998.9 76526.5
CTP_r0_actual
 25160.7 3972.06 1405.05 1460.13 555.015
CTP_p0_proyectada
 71050.9 62951.8 4695.57 1660.98 2250.78
Wmedp
 7.52 16.12 23.38 29.5 34
Frms_r0
 0.0954088 0.190818 0.190818 0.190818 0.190818
Zrms_r0
 1.09541 1.19082 1.19082 1.19082 1.19082
nmprior
 8.19 8.8 8.5 0
nm_flota  nm_reclas  nm_pelaces    nm_pelaL
inf 7.16036 8.72783 16.7178
cv_recla  cv_pelaces  cv_mph
0.387977 0.526063 1.68165
 ------------------------------------------------
Talla a la edad & desviaci?n 
 8 13.2811 15.8009 17.003 17.5766
 0.8 1.32811 1.58009 1.7003 1.75766
