years
 1991 1992 1993 1994 1995 1996 1997 1998 1999 2000 2001 2002 2003 2004 2005 2006 2007 2008 2009 2010 2011 2012 2013 2014 2015 2016 2017 2018 2019 2020 2021
reclasobs
 0 0 0 0 0 0 0 0 0 252601 567819 844713 477998 351125 339783 2.1784e+06 2.13404e+06 4.81314e+06 1.55562e+06 2.62356e+06 3.21686e+06 3.843e+06 1.13348e+06 3.07943e+06 1.97215e+06 2.03268e+06 2.025e+06 2.42433e+06 2.27542e+06 1.05018e+06 2.36338e+06
reclaspred
 3.65607e+06 1.49628e+06 809048 460189 148572 1.64457e+06 680145 310418 164112 206219 363276 616041 576087 406441 330379 1.73453e+06 1.24819e+06 4.01284e+06 3.23573e+06 1.96322e+06 3.72774e+06 3.22622e+06 2.0314e+06 3.51709e+06 2.39808e+06 1.77318e+06 2.58496e+06 3.39016e+06 2.52171e+06 1.13808e+06 1.67136e+06
pelacesobs
 0 0 0 0 0 0 0 0 0 0 0 0 0 0 0 552880 188675 0 991730 2.46772e+06 1.41603e+06 1.21717e+06 2.29649e+06 1.80582e+06 0 1.4828e+06 1.56532e+06 1.57751e+06 1.42118e+06 867257 1.10002e+06
pelacespred
 1.02146e+06 431661 205148 79938.3 28566.8 431478 133921 85649.3 29412.1 41678.2 93050.7 129826 134406 92116.8 75607.5 387327 278721 1.09766e+06 872656 489070 941131 827155 527058 1.04125e+06 669157 493050 834662 1.0694e+06 660835 343129 475212
mphobs
 0 0 0 0 0 0 0 0 0 0 0 498337 0 5186 125008 0 168611 109162 213762 579715 649985 157893 87575 83554 0 0 0 0 0 0 0
mphpred
 680461 344000 109607 77773.7 28748.4 10530.8 156827 48926.9 21736.6 7216.56 12569.2 41419.3 52246.3 38166.7 19859.5 22261.4 196071 128188 409832 283797 239856 339974 339927 217521 350658 255363 173312 239467 423442 241221 99486.8
desembarqueobs
 494567 514787 250237 358949 120608 361735 552515 73892 212993 205616 52469 317467 293654 387597 252695 516296 358380 742168 942051 627588 828172 859565 418607 520667 417249 300574 415391 372974 316634 284311 391294
desembarquepred
 494529 514908 249522 358879 120566 361586 551939 73876.2 212802 205477 52463.2 317281 293447 387110 252477 515994 358284 741784 941025 626869 827848 858996 418435 520529 417071 300430 415228 372838 316510 284157 391151
Reclutas
 46261.9 35737.5 157387 31311.9 14551.4 289163 27117.4 7235.56 21441.7 56557.2 59442.7 121640 88252.5 67618.5 49431 402615 28901.6 654211 326634 192317 384583 514845 41208.9 281427 189152 64949.3 241254 305327 39348.9 21581.1 172464
log_desv_Rt
 -0.652267 -0.910385 0.572125 -1.04259 -1.8089 1.18041 -1.18641 -2.50758 -1.42125 -0.451332 -0.401572 0.31448 -0.00638286 -0.272703 -0.586007 1.5114 -1.12269 1.99685 1.30225 0.772563 1.46557 1.75728 -0.767931 1.15329 0.755966 -0.312978 0.999266 1.2348 -0.814118 -1.41477 0.663601
SSB
 2.2142e+06 1.11937e+06 356660 253074 93546.5 34266.8 510310 159207 70730.5 23482.5 40899.9 134777 170008 124193 64622.3 72438.2 638010 417120 1.33358e+06 923468 780484 1.10627e+06 1.10611e+06 707809 1.14103e+06 830946 563953 779221 1.37787e+06 784926 323727
BT
 2.80165e+06 1.53562e+06 708723 455027 169951 1.31561e+06 792979 266284 268705 290947 258333 560596 574388 613881 425561 1.30152e+06 924442 3.20197e+06 2.90523e+06 1.70241e+06 2.86299e+06 2.68951e+06 1.57954e+06 2.89588e+06 1.93474e+06 1.41083e+06 2.36027e+06 2.83928e+06 1.78838e+06 1.08793e+06 1.478e+06
Ftot
 0.21876 0.540373 0.549627 1.18248 1.23414 0.465343 1.19525 0.39594 2.01008 1.77291 0.296235 0.94473 0.907938 1.60823 1.38706 0.616556 0.469046 0.375959 0.513752 0.554199 0.417127 0.489148 0.338698 0.287682 0.305456 0.290853 0.313467 0.216934 0.20602 0.402362 0.458547
BD_Bspro_t
 0.96572 0.741438 0.452592 0.395109 0.173081 0.0964333 0.496307 0.207634 0.140656 0.067038 0.13499 0.403995 0.329329 0.233949 0.134661 0.154164 0.485398 0.37553 0.588706 0.465597 0.384786 0.466598 0.492466 0.423719 0.572628 0.555216 0.523813 0.626678 0.724801 0.605894 0.441533
BD_Bspro
 3.48769 1.76317 0.561792 0.398628 0.147349 0.0539752 0.803814 0.250774 0.111411 0.0369884 0.0644234 0.212294 0.267788 0.195623 0.10179 0.114101 1.00496 0.657024 2.10059 1.4546 1.22938 1.74253 1.74229 1.1149 1.79729 1.30886 0.888308 1.22739 2.17035 1.23637 0.509918
BD_Bo
 1.36598 0.690556 0.220029 0.156125 0.0577104 0.0211398 0.314819 0.0982174 0.0436348 0.0144868 0.0252318 0.0831463 0.104881 0.0766169 0.0398666 0.0446883 0.393599 0.257328 0.82271 0.569703 0.481494 0.682474 0.682381 0.436659 0.703922 0.512624 0.347912 0.480714 0.850031 0.484234 0.199713
BD_Brms
 7.65532 3.87007 1.23311 0.874969 0.323425 0.118473 1.76433 0.550437 0.244541 0.0811877 0.141406 0.465975 0.587781 0.429382 0.223423 0.250446 2.20584 1.44214 4.61069 3.19277 2.69842 3.82477 3.82425 2.44716 3.94497 2.87289 1.94979 2.69406 4.76381 2.71378 1.11925
Sel_flota
 0.729244 0.980833 0.998973 0.999946 0.999997
 0.729244 0.980833 0.998973 0.999946 0.999997
 0.729244 0.980833 0.998973 0.999946 0.999997
 0.729244 0.980833 0.998973 0.999946 0.999997
 0.729244 0.980833 0.998973 0.999946 0.999997
 0.729244 0.980833 0.998973 0.999946 0.999997
 0.729244 0.980833 0.998973 0.999946 0.999997
 0.729244 0.980833 0.998973 0.999946 0.999997
 0.729244 0.980833 0.998973 0.999946 0.999997
 0.729244 0.980833 0.998973 0.999946 0.999997
 0.729244 0.980833 0.998973 0.999946 0.999997
 0.729244 0.980833 0.998973 0.999946 0.999997
 0.729244 0.980833 0.998973 0.999946 0.999997
 0.729244 0.980833 0.998973 0.999946 0.999997
 0.729244 0.980833 0.998973 0.999946 0.999997
 0.729244 0.980833 0.998973 0.999946 0.999997
 0.729244 0.980833 0.998973 0.999946 0.999997
 0.729244 0.980833 0.998973 0.999946 0.999997
 0.729244 0.980833 0.998973 0.999946 0.999997
 0.729244 0.980833 0.998973 0.999946 0.999997
 0.729244 0.980833 0.998973 0.999946 0.999997
 0.729244 0.980833 0.998973 0.999946 0.999997
 0.729244 0.980833 0.998973 0.999946 0.999997
 0.729244 0.980833 0.998973 0.999946 0.999997
 0.729244 0.980833 0.998973 0.999946 0.999997
 0.729244 0.980833 0.998973 0.999946 0.999997
 0.729244 0.980833 0.998973 0.999946 0.999997
 0.729244 0.980833 0.998973 0.999946 0.999997
 0.729244 0.980833 0.998973 0.999946 0.999997
 0.729244 0.980833 0.998973 0.999946 0.999997
 0.729244 0.980833 0.998973 0.999946 0.999997
Sel_reclas
 1 1 1 1 1
 1 1 1 1 1
 1 1 1 1 1
 1 1 1 1 1
 1 1 1 1 1
 1 1 1 1 1
 1 1 1 1 1
 1 1 1 1 1
 1 1 1 1 1
 1 1 1 1 1
 1 1 1 1 1
 1 1 1 1 1
 1 1 1 1 1
 1 1 1 1 1
 1 1 1 1 1
 1 1 1 1 1
 1 1 1 1 1
 1 1 1 1 1
 1 1 1 1 1
 1 1 1 1 1
 1 1 1 1 1
 1 1 1 1 1
 1 1 1 1 1
 1 1 1 1 1
 1 1 1 1 1
 1 1 1 1 1
 1 1 1 1 1
 1 1 1 1 1
 1 1 1 1 1
 1 1 1 1 1
 1 1 1 1 1
Sel_pelaces
 1 1 1 1 1
 1 1 1 1 1
 1 1 1 1 1
 1 1 1 1 1
 1 1 1 1 1
 1 1 1 1 1
 1 1 1 1 1
 1 1 1 1 1
 1 1 1 1 1
 1 1 1 1 1
 1 1 1 1 1
 1 1 1 1 1
 1 1 1 1 1
 1 1 1 1 1
 1 1 1 1 1
 1 1 1 1 1
 1 1 1 1 1
 1 1 1 1 1
 1 1 1 1 1
 1 1 1 1 1
 1 1 1 1 1
 1 1 1 1 1
 1 1 1 1 1
 1 1 1 1 1
 1 1 1 1 1
 1 1 1 1 1
 1 1 1 1 1
 1 1 1 1 1
 1 1 1 1 1
 1 1 1 1 1
 1 1 1 1 1
pf_obs 
 0.8446 0.082 0.0669 0.0065 0
 0.8095 0.147 0.0364 0.0071 0
 0.9664 0.0169 0.016 0.0007 0
 0.9276 0.0648 0.0075 0.0001 0
 0.7033 0.2144 0.0806 0.0017 0
 0.9318 0.0425 0.0243 0.0014 0
 0.5671 0.3108 0.0964 0.0239 0.0018
 0.0768 0.2599 0.5324 0.112 0.0189
 0.490249 0.384438 0.106611 0.0170017 0.00170017
 0.7925 0.1577 0.0466 0.003 0.0002
 0.840416 0.127587 0.0312969 0.00059994 9.999e-05
 0.8084 0.0986 0.0794 0.0134 0.0002
 0.7335 0.1905 0.0724 0.0035 0.0001
 0.4001 0.4547 0.1325 0.0127 0
 0.49795 0.308269 0.164784 0.0264974 0.00249975
 0.9179 0.0499 0.0305 0.0017 0
 0.2467 0.6533 0.0926 0.0074 0
 0.9418 0.0223 0.034 0.0019 0
 0.707729 0.231977 0.0356964 0.0245975 0
 0.517169 0.277429 0.184464 0.0207286 0.00020938
 0.811772 0.124168 0.05621 0.00726502 0.000585176
 0.764997 0.148141 0.077277 0.00933861 0.000247198
 0.163321 0.427699 0.378323 0.0303852 0.000271297
 0.753843 0.0900009 0.118128 0.0371064 0.000921714
 0.721811 0.176058 0.0630433 0.0369309 0.00215725
 0.143369 0.312575 0.442814 0.0836902 0.0175525
 0.692698 0.0596174 0.167031 0.0765114 0.00414204
 0.394062 0.376323 0.152708 0.0712218 0.00568511
 0.125707 0.32114 0.495352 0.0537591 0.00404204
 0.23352 0.215282 0.420074 0.123614 0.00750983
 0.774587 0.0839891 0.0768558 0.0609784 0.00358967
pf_pred 
 0.195705 0.226748 0.513475 0.0640712 8.54929e-07
 0.327687 0.169876 0.143695 0.318981 0.0397606
 0.853035 0.0613036 0.0220442 0.0182108 0.0454064
 0.373049 0.561173 0.0278374 0.00977318 0.028167
 0.54845 0.221848 0.206307 0.00991094 0.0134838
 0.985714 0.00953667 0.002372 0.00213517 0.00024169
 0.226002 0.766287 0.00518794 0.00126109 0.00126212
 0.300453 0.224127 0.470834 0.00308726 0.00149889
 0.780175 0.0839713 0.0441883 0.0907818 0.000883189
 0.958629 0.036162 0.00204637 0.00103045 0.00213255
 0.886186 0.111163 0.00232891 0.000126606 0.000195255
 0.836467 0.149702 0.0135155 0.000277292 3.82783e-05
 0.737893 0.232772 0.0269193 0.00236126 5.50475e-05
 0.73529 0.215286 0.0440311 0.00494888 0.000443541
 0.816539 0.152398 0.025442 0.00500917 0.000612212
 0.97693 0.0203555 0.00226838 0.000365772 8.06662e-05
 0.189815 0.797318 0.011385 0.00123795 0.000243318
 0.943571 0.0141161 0.0416559 0.000581432 7.55555e-05
 0.572424 0.410372 0.00437405 0.0126305 0.000198973
 0.545653 0.298939 0.1493 0.00155463 0.00455418
 0.800482 0.126912 0.0481591 0.0234869 0.000959736
 0.765967 0.199175 0.0223546 0.00829679 0.00420666
 0.164582 0.688569 0.125408 0.0137556 0.00768424
 0.797088 0.0438286 0.131609 0.0234671 0.00400732
 0.5939 0.343808 0.0136759 0.0402279 0.00838858
 0.374409 0.419378 0.175158 0.00682384 0.024231
 0.81319 0.084919 0.0687722 0.0281363 0.00498273
 0.738489 0.22472 0.0169182 0.0134182 0.00645461
 0.198446 0.636944 0.141854 0.0104703 0.0122857
 0.253559 0.189198 0.444603 0.0970826 0.015557
 0.881145 0.0389047 0.020603 0.0473623 0.011985
pobs_RECLAS
 0 0 0 0 0
 0 0 0 0 0
 0 0 0 0 0
 0 0 0 0 0
 0 0 0 0 0
 0 0 0 0 0
 0 0 0 0 0
 0 0 0 0 0
 0 0 0 0 0
 0 0 0 0 0
 0.991045 0.00858322 0.000360255 1.14367e-05 0
 0.934742 0.0480273 0.0164251 0.00080598 0
 0.827803 0.169806 0.00239088 0 0
 0.941827 0.0461693 0.0120037 0 0
 0.791401 0.0380133 0.147996 0.0225897 0
 0.846168 0.0940531 0.0597789 0 0
 0.134021 0.677848 0.182769 0.00536245 0
 0.80878 0.0450904 0.141981 0.00414843 0
 0.846168 0.0940531 0.0597789 0 0
 0.905697 0.0802665 0.012482 0.00150086 5.37128e-05
 0.989698 0.0102097 9.19794e-05 0 0
 0.975433 0.0193895 0.00387452 0.00125025 5.28907e-05
 0.303575 0.632131 0.0575291 0.00676475 0
 0.966965 0.00978017 0.0227588 0.000495775 0
 0.843318 0.132988 0.00938335 0.0141283 0.000182051
 0.564624 0.303363 0.111486 0.0197234 0.00080311
 0.826376 0.0876187 0.0782897 0.00655872 0.00115652
 0.89761 0.0855135 0.0140674 0.00269457 0.000114338
 0.34875 0.467042 0.161289 0.0227151 0.000203297
 0.318654 0.224769 0.449479 0.00709798 0
 0.937255 0.0296025 0.0250945 0.00804832 0
ppred_RECLAS
 0.250086 0.214287 0.476259 0.0593683 7.92134e-07
 0.40344 0.153031 0.126942 0.2815 0.0350867
 0.889257 0.0467434 0.0164829 0.0136024 0.0339142
 0.4567 0.487443 0.0236555 0.00829528 0.0239061
 0.634563 0.181577 0.165155 0.00792466 0.0107808
 0.989546 0.00702459 0.00171376 0.00154107 0.000174431
 0.291749 0.701349 0.00464503 0.0011278 0.00112865
 0.371687 0.203932 0.420292 0.00275304 0.00133656
 0.843211 0.0609037 0.0312178 0.0640448 0.000623027
 0.971457 0.0250287 0.00138149 0.000694727 0.00143766
 0.913472 0.0845499 0.00173821 9.43987e-05 0.000145577
 0.876999 0.112796 0.00997258 0.000204376 2.82111e-05
 0.796718 0.180948 0.0204957 0.00179582 4.18629e-05
 0.801532 0.162135 0.0323735 0.00363397 0.00032567
 0.864402 0.113076 0.0184503 0.00362818 0.000443402
 0.983103 0.014943 0.00163263 0.000262982 5.79941e-05
 0.242107 0.746085 0.0104495 0.00113506 0.000223083
 0.958413 0.0105529 0.0305526 0.00042602 5.53572e-05
 0.646558 0.339495 0.00354888 0.0102371 0.000161261
 0.623098 0.249642 0.122263 0.00127178 0.00372538
 0.846093 0.098593 0.0367019 0.0178811 0.000730626
 0.817435 0.155827 0.0171536 0.00635991 0.00322444
 0.211505 0.652067 0.116526 0.0127685 0.00713243
 0.843805 0.0342443 0.100907 0.0179746 0.00306925
 0.665382 0.28414 0.0110907 0.0325909 0.0067957
 0.44935 0.371448 0.152239 0.00592499 0.0210382
 0.856417 0.0659553 0.0524128 0.0214217 0.00379343
 0.792898 0.178445 0.0131853 0.0104471 0.00502516
 0.251461 0.597104 0.130519 0.0096241 0.0112921
 0.319102 0.175091 0.403648 0.0880501 0.0141088
 0.911019 0.0295207 0.0153346 0.0352152 0.00891072
pobs_PELACES
 0 0 0 0 0
 0 0 0 0 0
 0 0 0 0 0
 0 0 0 0 0
 0 0 0 0 0
 0 0 0 0 0
 0 0 0 0 0
 0 0 0 0 0
 0 0 0 0 0
 0 0 0 0 0
 0 0 0 0 0
 0 0 0 0 0
 0 0 0 0 0
 0 0 0 0 0
 0 0 0 0 0
 0 0 0 0 0
 0.505614 0.472636 0.0217494 0 0
 0 0 0 0 0
 0.443492 0.261883 0.143347 0.151278 0
 0.227955 0.32914 0.350689 0.0885471 0.00366901
 0.970185 0.0296113 0.000203453 0 0
 0.997202 0.00247181 0.000326279 0 0
 0.445219 0.490057 0.0546422 0.010081 0
 0.90214 0.0892962 0.00764917 0.000914606 0
 0 0 0 0 0
 0.581667 0.319106 0.0959925 0.00289975 0.000334073
 0.762889 0.0836404 0.116647 0.0363945 0.000428098
 0.88444 0.0763242 0.0277011 0.0115352 0
 0.521256 0.241999 0.230069 0.00667565 0
 0.616807 0.101726 0.260614 0.0208532 0
 0.833518 0.0704572 0.0857862 0.0102388 0
ppred_PELACES
 0.253685 0.213459 0.473798 0.0590573 7.87983e-07
 0.414889 0.150469 0.124414 0.275846 0.0343817
 0.89386 0.0448894 0.0157772 0.0130177 0.0324561
 0.481331 0.465693 0.0224406 0.00786626 0.0226692
 0.658819 0.170158 0.15363 0.00736872 0.0100243
 0.989948 0.00676111 0.00164489 0.00147892 0.000167395
 0.312685 0.680666 0.0044759 0.00108632 0.00108712
 0.379773 0.20163 0.414564 0.00271518 0.00131817
 0.864924 0.0528698 0.0267757 0.0548962 0.000534011
 0.9753 0.0216883 0.00118448 0.000595314 0.0012319
 0.915399 0.0826698 0.00169655 9.21274e-05 0.000142073
 0.88526 0.105269 0.00925463 0.000189605 2.61718e-05
 0.808747 0.170343 0.0191899 0.00168091 3.91837e-05
 0.82218 0.145524 0.0287784 0.00322874 0.000289347
 0.877492 0.102302 0.0165543 0.00325389 0.000397651
 0.98394 0.0142094 0.00154676 0.000249101 5.49324e-05
 0.249332 0.739005 0.0103213 0.00112097 0.000220312
 0.959705 0.0102424 0.0295869 0.000412505 5.36007e-05
 0.656271 0.330206 0.00344118 0.0099248 0.00015634
 0.634101 0.242626 0.118433 0.00123172 0.00360801
 0.850665 0.0957516 0.0355553 0.0173201 0.000707701
 0.823481 0.150732 0.0165442 0.00613302 0.00310939
 0.216293 0.648337 0.115625 0.0126683 0.00707645
 0.847103 0.0335668 0.0987406 0.017587 0.00300305
 0.671068 0.279392 0.0108855 0.0319846 0.00666925
 0.455474 0.367527 0.15037 0.0058517 0.0207778
 0.859712 0.0645082 0.0511667 0.0209103 0.00370285
 0.79587 0.175916 0.0129816 0.010285 0.00494717
 0.254742 0.594636 0.129819 0.00957188 0.0112308
 0.326801 0.173424 0.398844 0.0869909 0.013939
 0.914207 0.0285174 0.0147729 0.0339201 0.00858295
pobs_pel_tallas
 0 0 0 0 0 0 0 0 0 0 0 0 0 0 0 0 0 0 0 0 0 0 0 0 0 0
 0 0 0 0 0 0 0 0 0 0 0 0 0 0 0 0 0 0 0 0 0 0 0 0 0 0
 0 0 0 0 0 0 0 0 0 0 0 0 0 0 0 0 0 0 0 0 0 0 0 0 0 0
 0 0 0 0 0 0 0 0 0 0 0 0 0 0 0 0 0 0 0 0 0 0 0 0 0 0
 0 0 0 0 0 0 0 0 0 0 0 0 0 0 0 0 0 0 0 0 0 0 0 0 0 0
 0 0 0 0 0 0 0 0 0 0 0 0 0 0 0 0 0 0 0 0 0 0 0 0 0 0
 0 0 0 0 0 0 0 0 0 0 0 0 0 0 0 0 0 0 0 0 0 0 0 0 0 0
 0 0 0 0 0 0 0 0 0 0 0 0 0 0 0 0 0 0 0 0 0 0 0 0 0 0
 0 0 0 0 0 0 0 0 0 0 0 0 0 0 0 0 0 0 0 0 0 0 0 0 0 0
 0 0 0 0 0 0 0 0 0 0 0 0 0 0 0 0 0 0 0 0 0 0 0 0 0 0
 0 0 0 0 0 0 0 0 0 0 0 0 0 0 0 0 0 0 0 0 0 0 0 0 0 0
 0 0 0 0 0 0 0 0 0 0 0 0 0 0 0 0 0 0 0 0 0 0 0 0 0 0
 0.00862536 0 0 0.000197151 0.00414017 0.0128641 0.00837892 0.0270097 0.101434 0.158115 0.152841 0.127902 0.109271 0.109419 0.0830992 0.0579132 0.0238553 0.00714673 0.00463305 0.00128148 0.00103504 0.000492878 0.000147863 0.000147863 4.92878e-05 0
 0 0 0 0 0 0 0 0 0 0 0 0 0 0 0 0 0 0 0 0 0 0 0 0 0 0
 0 0 0 0 0 0 0 0.0054083 0.00873648 0.0413646 0.0450493 0.0745869 0.0622846 0.0627006 0.0613931 0.0827291 0.12552 0.122667 0.0946155 0.0697135 0.0546179 0.0294188 0.0215738 0.0213955 0.0102223 0.00600262
 0 0 0 0 0.00359764 0.0251062 0.0480494 0.140153 0.205849 0.193036 0.1447 0.116669 0.0760912 0.0342217 0.00950174 0.001854 0.000860785 0 0 0 0.000165536 0 0.000143464 0 0 0
 0 0 0 0 0 0 0 0.000145254 0.000435761 0.0275982 0.070085 0.0708112 0.156366 0.174668 0.174014 0.160142 0.0824315 0.0480064 0.0283245 0.00493863 0.00203355 0 0 0 0 0
 0 0 0 0 0 0 0 0 0 0 0 0 0 0 0 0 0 0 0 0 0 0 0 0 0 0
 0 0 1.00437e-05 0.000401748 0.00122533 0.00171747 0.00176769 0.0269171 0.070346 0.194647 0.189555 0.159765 0.064822 0.0314167 0.0384472 0.0292271 0.0345202 0.0313363 0.0194345 0.0106764 0.0143323 0.0359363 0.0279516 0.0138201 0.00172751 0
 0 0.0021121 0.0136068 0.0755702 0.200478 0.177729 0.0527432 0.0373336 0.0318909 0.0142505 0.0149659 0.0166563 0.0217959 0.0798694 0.0677717 0.0528807 0.04013 0.0224614 0.0357745 0.0225083 0.00881397 0.00855152 0.00135912 0.000746735 0 0
 0 0 0 0 5.4009e-05 0.00500934 0.000945158 0.0243581 0.138947 0.33067 0.221406 0.137944 0.0707744 0.0437923 0.0131692 0.00525238 0.0047753 0.00276346 9.45158e-05 9.00151e-06 2.25038e-05 9.00151e-06 4.50075e-06 0 0 0
 0.000866109 0.00284123 0.00948549 0.0512746 0.133035 0.25785 0.225252 0.132002 0.0553304 0.0519788 0.0540692 0.017754 0.00435017 0.00159236 0.00146478 0.000404838 0.000125132 0.000115318 0.000107957 0.000100596 0 0 0 0 0 0
 0 0 0 0 0.00144013 0.00171154 0.00461396 0.0210425 0.0478622 0.0707936 0.0888783 0.103762 0.0637923 0.0337046 0.0602308 0.124433 0.169614 0.0934646 0.0462172 0.0250306 0.0313229 0.00938855 0.002487 0.000210481 0 0
 0 0.00764035 0.051015 0.0998891 0.058973 0.0496711 0.0374665 0.0718981 0.12319 0.153886 0.159021 0.0857701 0.0377988 0.023471 0.0147837 0.00900784 0.00315554 0.000888139 0.00291439 0.00214683 0.00393193 0.00274676 0.000635225 9.99891e-05 0 0
 0 0 0 0 0 0 0 0 0 0 0 0 0 0 0 0 0 0 0 0 0 0 0 0 0 0
 0 0 0 0 0 0 0 0 0 0 0 0 0 0 0 0 0 0 0 0 0 0 0 0 0 0
 0 0 0 0 0 0 0 0 0 0 0 0 0 0 0 0 0 0 0 0 0 0 0 0 0 0
 0 0 0 0 0 0 0 0 0 0 0 0 0 0 0 0 0 0 0 0 0 0 0 0 0 0
 0 0 0 0 0 0 0 0 0 0 0 0 0 0 0 0 0 0 0 0 0 0 0 0 0 0
 0 0 0 0 0 0 0 0 0 0 0 0 0 0 0 0 0 0 0 0 0 0 0 0 0 0
 0 0 0 0 0 0 0 0 0 0 0 0 0 0 0 0 0 0 0 0 0 0 0 0 0 0
ppred_pel_tallas
 1.19651e-16 2.08958e-05 0.000203114 0.00134977 0.00613586 0.019091 0.0406763 0.0593727 0.0593939 0.0407806 0.0194433 0.00716216 0.00395979 0.00601282 0.0113827 0.0196401 0.0302819 0.0422297 0.0542549 0.0655817 0.0759317 0.0848803 0.0912085 0.0930663 0.0889875 0.0789525
 1.37111e-16 3.41739e-05 0.000332182 0.00220747 0.0100348 0.0312222 0.0665227 0.0970949 0.0971097 0.066595 0.0314657 0.0107418 0.0039963 0.00428594 0.00769138 0.013066 0.0198136 0.0271253 0.0343202 0.0414094 0.0491591 0.0584033 0.0690661 0.0796712 0.087749 0.0908824
 1.07265e-16 7.3626e-05 0.000715671 0.00475589 0.0216196 0.0672666 0.143319 0.209179 0.209183 0.14334 0.0673381 0.0218265 0.00527671 0.00185749 0.00225713 0.00365646 0.00536406 0.00698143 0.0081785 0.00886082 0.00924876 0.00973462 0.0106126 0.0118807 0.013237 0.0142375
 1.05392e-16 3.96467e-05 0.00038538 0.00256099 0.0116419 0.0362225 0.0771775 0.112652 0.112697 0.0773965 0.0369575 0.0137641 0.0078849 0.0119973 0.0220629 0.0363348 0.0521608 0.0652311 0.0711941 0.0680788 0.0575128 0.0436902 0.030934 0.0217163 0.0162659 0.0134408
 1.06913e-16 5.42661e-05 0.000527486 0.00350533 0.0159347 0.0495789 0.105634 0.154179 0.154196 0.105715 0.0498522 0.0167267 0.00550294 0.00492036 0.00849097 0.0141957 0.0210121 0.0276039 0.0326035 0.0353147 0.0360022 0.0354702 0.0343269 0.0325955 0.0299314 0.0261265
 1.00226e-16 8.15407e-05 0.000792604 0.00526714 0.0239436 0.0744975 0.158725 0.231664 0.231664 0.158728 0.0745083 0.0239746 0.00534502 0.000962897 0.000405785 0.000544009 0.000781119 0.00099385 0.00111833 0.00112832 0.00104617 0.000925926 0.000818173 0.000744065 0.000694204 0.00064571
 1.00597e-16 2.57556e-05 0.000250353 0.00166369 0.00756293 0.0235314 0.0501386 0.0731925 0.073258 0.0504584 0.0246047 0.0106608 0.00943242 0.0171852 0.0321164 0.052866 0.0757116 0.0942807 0.1021 0.096192 0.0789053 0.0564529 0.0353682 0.0195861 0.00980132 0.00465441
 1.12511e-16 3.12814e-05 0.000304067 0.00202063 0.00918551 0.0285796 0.0608927 0.0888788 0.0888989 0.0609908 0.0289109 0.0101498 0.0044694 0.0057433 0.0106344 0.0182402 0.0279146 0.0385014 0.0486945 0.0576494 0.0650969 0.0708005 0.0739621 0.0733155 0.067954 0.0581808
 1.06382e-16 7.12427e-05 0.000692504 0.00460193 0.0209197 0.0650891 0.138679 0.202408 0.202413 0.138704 0.0651737 0.0211649 0.0052199 0.00205053 0.00267773 0.00438857 0.00649763 0.00857515 0.0102557 0.0114268 0.0122996 0.0132284 0.0144062 0.0156805 0.0166196 0.0167564
 1.00309e-16 8.03342e-05 0.000780877 0.0051892 0.0235894 0.0733952 0.156376 0.228236 0.228238 0.156387 0.0734295 0.0236882 0.00543723 0.0013219 0.00110664 0.00169927 0.00243302 0.00304518 0.00332928 0.00319417 0.00271614 0.00209015 0.00151601 0.00110625 0.000868283 0.000745922
 1.00104e-16 7.54003e-05 0.000732917 0.00487049 0.0221406 0.0688875 0.146772 0.21422 0.214228 0.146811 0.0690179 0.0225169 0.00581445 0.00279089 0.00397598 0.006433 0.00921086 0.0114799 0.0124511 0.0117627 0.00969721 0.00700339 0.00446725 0.00256017 0.0013637 0.000714991
 1.00318e-16 7.29177e-05 0.000708786 0.00471013 0.0214116 0.0666195 0.14194 0.207168 0.207178 0.14199 0.0667857 0.0218917 0.00591466 0.00333659 0.00505858 0.00823408 0.0118226 0.0147988 0.0161697 0.0154751 0.0130576 0.00983488 0.00676074 0.00439406 0.00282045 0.00184594
 1.00773e-16 6.66154e-05 0.000647526 0.00430304 0.019561 0.0608616 0.129673 0.189264 0.189281 0.129753 0.0611308 0.0203383 0.00625379 0.00490444 0.00814649 0.0133495 0.0191931 0.0240687 0.0263814 0.0253895 0.0216402 0.016597 0.0117722 0.00803779 0.00551097 0.00387523
 1.01241e-16 6.77219e-05 0.000658281 0.00437451 0.0198859 0.0618724 0.131826 0.192407 0.192421 0.131895 0.0621028 0.0205514 0.00604563 0.00430815 0.00700471 0.0114863 0.0165702 0.0208984 0.0231298 0.022636 0.0198589 0.0159871 0.0122261 0.00923798 0.00707496 0.00547312
 1.00898e-16 7.22779e-05 0.000702566 0.0046688 0.0212237 0.0660349 0.140695 0.20535 0.20536 0.140743 0.0661967 0.0216912 0.00584238 0.00326496 0.00494007 0.00805593 0.0116055 0.0146094 0.0161199 0.0156977 0.0136639 0.0108732 0.0081948 0.00610949 0.00465503 0.00363041
 1.00083e-16 8.10458e-05 0.000787794 0.00523517 0.0237983 0.0740454 0.157762 0.230258 0.230259 0.157768 0.0740679 0.0238632 0.00539789 0.00114288 0.000755009 0.00111883 0.00160125 0.00200787 0.00220128 0.00211974 0.00180931 0.00139246 0.000995387 0.000690412 0.000486286 0.000355254
 1.00637e-16 2.05373e-05 0.00019963 0.00132662 0.00603065 0.018764 0.0399812 0.0583687 0.0584398 0.0403284 0.0199293 0.00939462 0.00976308 0.0185913 0.0348756 0.0574292 0.0822698 0.102493 0.111078 0.10479 0.0861639 0.0619153 0.0391021 0.0219678 0.0112587 0.00551773
 1.00907e-16 7.90496e-05 0.00076839 0.00510622 0.0232121 0.0722216 0.153876 0.224586 0.224588 0.153881 0.0722387 0.0232621 0.00523368 0.00105347 0.000640472 0.000985638 0.00153248 0.00217612 0.00285852 0.00353773 0.00418043 0.00473171 0.00509404 0.00515177 0.00483441 0.00417057
 1.01206e-16 5.40563e-05 0.000525446 0.00349178 0.0158731 0.0493874 0.105226 0.153587 0.153619 0.105381 0.0499081 0.0173764 0.00726187 0.00874482 0.0156326 0.0256761 0.0367907 0.045866 0.0497779 0.047101 0.038986 0.0284408 0.0186023 0.0113215 0.00686342 0.0045049
 1.04214e-16 5.22301e-05 0.000507695 0.00337381 0.0153369 0.0477189 0.101671 0.148397 0.14842 0.101786 0.0481052 0.0164544 0.00618489 0.00666426 0.0118028 0.0195805 0.0285494 0.0366191 0.0416582 0.0426226 0.0400846 0.0356768 0.0309548 0.0266236 0.022596 0.0185598
 1.02908e-16 7.00682e-05 0.000681088 0.00452607 0.0205749 0.0640161 0.136393 0.199072 0.199081 0.136439 0.0641683 0.0210151 0.00563299 0.003104 0.00469084 0.00769481 0.0111982 0.0143377 0.0162829 0.0166548 0.0157313 0.0142129 0.0127442 0.0115784 0.010588 0.00951233
 1.01658e-16 6.78291e-05 0.000659323 0.00438143 0.0199174 0.0619704 0.132035 0.192712 0.192727 0.132106 0.0622086 0.0206053 0.00610805 0.00442755 0.00722153 0.011824 0.01701 0.0213574 0.0234678 0.0227015 0.019559 0.0153436 0.0113842 0.00841998 0.0065009 0.00528461
 1.05971e-16 1.78159e-05 0.000173177 0.00115083 0.00523152 0.0162775 0.0346833 0.0506344 0.050697 0.0349889 0.0173035 0.00819521 0.00859165 0.0164217 0.0308915 0.0510795 0.0736658 0.0928088 0.102539 0.100065 0.0873983 0.0699075 0.0530508 0.0398426 0.0305247 0.0238602
 1.05131e-16 6.97747e-05 0.000678235 0.00450711 0.0204887 0.0637479 0.135822 0.198237 0.19824 0.135838 0.0638041 0.0206531 0.00492711 0.00161943 0.00192871 0.00326487 0.00513274 0.00736752 0.00982805 0.0124183 0.0150586 0.0175663 0.0195685 0.0205776 0.0202173 0.0184395
 1.04722e-16 5.52751e-05 0.000537293 0.00357051 0.016231 0.0505009 0.107598 0.157049 0.157076 0.10773 0.0509419 0.0175046 0.00676582 0.00750778 0.0132796 0.021832 0.0313697 0.0393056 0.0430625 0.0414995 0.0356267 0.0279623 0.0210476 0.0162518 0.0135582 0.0121372
 1.08537e-16 3.75169e-05 0.000364677 0.00242341 0.0110165 0.0342766 0.0730312 0.106599 0.106634 0.0732052 0.034861 0.0127063 0.00667244 0.00966464 0.0177709 0.0295047 0.0429296 0.0548815 0.0621246 0.0631189 0.0588437 0.051947 0.0449656 0.0390683 0.0340703 0.0292824
 1.04217e-16 7.08133e-05 0.000688331 0.0045742 0.0207937 0.0646968 0.137844 0.201188 0.201194 0.137874 0.0648003 0.0210936 0.00533067 0.00235161 0.00326487 0.00537819 0.00795965 0.0104736 0.0124217 0.0135774 0.0140871 0.0142925 0.0144244 0.0144334 0.0140717 0.0131149
 1.02289e-16 6.55548e-05 0.000637216 0.00423452 0.0192495 0.0598926 0.127608 0.186251 0.186268 0.127691 0.0601704 0.0200519 0.00624773 0.00502969 0.00840088 0.0137674 0.0197875 0.0248067 0.0271923 0.026207 0.0224582 0.0175014 0.0129213 0.00959632 0.00756914 0.00639437
 1.06759e-16 2.09829e-05 0.000203961 0.0013554 0.00616147 0.0191709 0.0408478 0.0596306 0.059688 0.0411282 0.0201127 0.00888237 0.00818844 0.0151311 0.0284011 0.0469989 0.0678841 0.0857406 0.0951316 0.0935064 0.0826608 0.0674087 0.0526041 0.0408696 0.0323489 0.0259232
 1.22637e-16 2.69182e-05 0.000261655 0.00173879 0.0079043 0.0245933 0.0523992 0.0764818 0.0764992 0.0524842 0.0248803 0.008741 0.00386864 0.0050094 0.0093325 0.0161419 0.0250198 0.0351735 0.0457207 0.0561463 0.06629 0.0757652 0.0833895 0.0873206 0.0859465 0.0788648
 1.05288e-16 7.5302e-05 0.000731962 0.00486415 0.0221117 0.0687977 0.146581 0.21394 0.213943 0.146595 0.0688435 0.0222442 0.00519844 0.00146743 0.00148958 0.0023914 0.00355649 0.00473864 0.00576096 0.00659059 0.00736845 0.00829948 0.00947422 0.0107592 0.0118347 0.0123441
pSPR Fmed_Fpbrs
0.41331   0.228435 0.228435
Fs Fmed_Fpbrs
0.54286   1.005 1.005
SSBpbr Bo_Bmed_Bpbrs
1.62096e+06  588913  289237 289237
Ro
88817.6
SPR SPRFo_SPRFmed_SPRFpbrs
634862 262395 145025
Fref
1.005
Nvult_r0
 127051 4531.29 2369.6 5443.62 1377.46
CTP_r0
 31838.4 1405.74 744.445 1711.34 433.054
YTP_r0
391151
Np
 147725 45412.8 1389.08 718.565 2033.48
Nvult_p0
 121611 39178.5 1201.83 621.798 1759.65
CTP_p0
 51433 19448.6 602.105 311.666 882.017
YTP_p0
 753547
CBA_c0
499870
log_Ro
11.2143
likeval ReclasPelacesDesembMPH_pf_preclas_ppelaces_ptallas_desvR_qrecl_qpela
 12.0377 53.3886 0.0972827 0.000943781 264.046 117.417 105.044 0 57.2349 1.34406e-05 0 0.174558 0 0 0
q_reclas_q_pelaces
1.6812 1
M
1
N
 46261.9 40745.6 90738.2 11312.2 0.150937
 35737.5 14509.3 12094.9 26827.9 3343.94
 157387 8865.22 3141.73 2593.38 6466.04
 31311.9 38779.7 1902.26 667.451 1923.58
 14551.4 4863.12 4473.09 214.762 292.173
 289163 2176.46 533.227 479.604 54.2863
 27117.4 75765.4 507.263 123.234 123.331
 7235.56 4172.64 8630.5 56.5434 27.4512
 21441.7 1994.26 1041.02 2137.78 20.7974
 56557.2 1821.21 102.153 51.4155 106.403
 59442.7 5710.84 117.722 6.39415 9.86081
 121640 17619.1 1571.15 32.2137 4.44673
 88252.5 22468.8 2566.04 224.934 5.24363
 67618.5 16744.9 3392.58 381.119 34.1567
 49431 7698.99 1272.12 250.327 30.5936
 402615 6613.22 726.593 117.074 25.8181
 28901.6 94477.5 1328.87 144.379 28.3765
 654211 7552.27 21939.9 305.981 39.7597
 326634 182959 1921.48 5544.09 87.3348
 192317 82614.8 40664.7 423.108 1239.41
 384583 47228.7 17647.8 8599.72 351.391
 514845 104373 11540.6 4279.83 2169.88
 41208.9 132576 23764.6 2604.46 1454.86
 281427 11842.1 34986.1 6232.95 1064.31
 189152 83938.2 3285.41 9655.85 2013.41
 64949.3 55689.9 22885 890.787 3162.99
 241254 19327 15402.4 6296.08 1114.94
 305327 70616 5228.09 4142.82 1992.75
 39348.9 95888.5 20999.1 1548.57 1816.98
 21581.1 12456.3 28821.3 6288.19 1007.61
 172464 5920.36 3088.17 7093.41 1794.91
pred_Ctot
 4368.55 5061.48 11461.8 1430.2 0.0190838
 7596.05 3937.86 3330.96 7394.22 921.682
 33937 2438.89 877.003 724.495 1806.44
 12246.7 18422.6 913.867 320.841 924.685
 5861.79 2371.1 2204.99 105.927 144.113
 54068.2 523.104 130.109 117.118 13.2572
 10685.5 36230.5 245.289 59.6252 59.674
 1174.29 875.98 1840.22 12.0663 5.85829
 11663.6 1255.36 660.612 1357.18 13.2036
 28670.7 1081.53 61.2028 30.8187 63.7803
 7429.97 932.015 19.5261 1.06149 1.63706
 40453.1 7239.89 653.633 13.4104 1.85121
 28485.4 8985.84 1039.19 91.1535 2.12503
 32342.3 9469.54 1936.74 217.68 19.5095
 21531.4 4018.59 670.881 132.087 16.1435
 95573.1 1991.38 221.916 35.7835 7.89159
 5441.32 22856.2 326.367 35.4875 6.97504
 101401 1516.98 4476.54 62.4834 8.11955
 66505.4 47677.9 508.186 1467.43 23.1171
 41760 22878.4 11426.2 118.979 348.541
 65355.7 10361.8 3931.97 1917.6 78.358
 100507 26134.9 2933.27 1088.67 551.979
 5816.71 24335.6 4432.21 486.153 271.578
 34246.6 1883.08 5654.54 1008.25 172.173
 24313.1 14074.8 559.863 1646.85 343.412
 7983.31 8942.15 3734.8 145.501 516.665
 31749.2 3315.47 2685.06 1098.52 194.54
 28607.1 8705.06 655.366 519.784 250.035
 3512.58 11274.2 2510.88 185.329 217.462
 3552.73 2650.95 6229.54 1360.27 217.976
 31838.4 1405.74 744.445 1711.34 433.054
F
 0.159529 0.214567 0.218535 0.218748 0.218759
 0.394064 0.530016 0.539818 0.540344 0.540371
 0.400812 0.539093 0.549062 0.549597 0.549626
 0.862319 1.15982 1.18127 1.18242 1.18248
 0.89999 1.21049 1.23287 1.23407 1.23414
 0.339349 0.456424 0.464865 0.465318 0.465342
 0.871628 1.17234 1.19402 1.19518 1.19525
 0.288737 0.388351 0.395533 0.395918 0.395939
 1.46584 1.97155 2.00801 2.00997 2.01007
 1.29289 1.73893 1.77109 1.77282 1.77291
 0.216028 0.290558 0.295931 0.296219 0.296235
 0.688938 0.926622 0.943759 0.944678 0.944727
 0.662108 0.890536 0.907006 0.907889 0.907936
 1.17279 1.57741 1.60658 1.60814 1.60823
 1.01151 1.36048 1.38564 1.38699 1.38706
 0.449619 0.604738 0.615922 0.616522 0.616554
 0.342049 0.460056 0.468564 0.469021 0.469045
 0.274166 0.368753 0.375573 0.375939 0.375958
 0.37465 0.503905 0.513224 0.513724 0.51375
 0.404146 0.543577 0.55363 0.554169 0.554198
 0.304187 0.409132 0.416698 0.417104 0.417125
 0.356708 0.479773 0.488645 0.489121 0.489146
 0.246993 0.332206 0.33835 0.338679 0.338697
 0.209791 0.282169 0.287387 0.287667 0.287682
 0.222752 0.299601 0.305142 0.305439 0.305455
 0.212102 0.285278 0.290554 0.290837 0.290852
 0.228594 0.307459 0.313145 0.31345 0.313466
 0.158198 0.212776 0.216711 0.216922 0.216933
 0.150239 0.202071 0.205809 0.206009 0.20602
 0.29342 0.39465 0.401949 0.40234 0.402361
 0.334393 0.449758 0.458076 0.458523 0.458546
YTP_r0W_actual
 270626 22913.6 21514.5 59554.5 16542.7
YTP_p0W_proyectada
 386776 313511 14077.2 9194.14 29988.6
CTP_r0_actual
 31838.4 1405.74 744.445 1711.34 433.054
CTP_p0_proyectada
 51433 19448.6 602.105 311.666 882.017
Wmedp
 7.52 16.12 23.38 29.5 34
Frms_r0
 0.334393 0.449758 0.458076 0.458523 0.458546
Zrms_r0
 1.33439 1.44976 1.45808 1.45852 1.45855
nmprior
 8.19 8.8 8.5 0
nm_flota  nm_reclas  nm_pelaces    nm_pelaL
inf 15.3114 8.00596 14.943
cv_recla  cv_pelaces  cv_mph
0.313832 0.828508 0.948071
 ------------------------------------------------
Talla a la edad & desviaci?n 
 8 13.2811 15.8009 17.003 17.5766
 0.8 1.32811 1.58009 1.7003 1.75766
