years
 1991 1992 1993 1994 1995 1996 1997 1998 1999 2000 2001 2002 2003 2004 2005 2006 2007 2008 2009 2010 2011 2012 2013 2014 2015 2016 2017 2018 2019 2020 2021
reclasobs
 0 0 0 0 0 0 0 0 0 252601 567819 844713 477998 351125 339783 2.1784e+06 2.13404e+06 4.81314e+06 1.55562e+06 2.62356e+06 3.21686e+06 3.843e+06 1.13348e+06 3.07943e+06 1.97215e+06 2.03268e+06 2.025e+06 2.42433e+06 2.27542e+06 1.05018e+06 2.36338e+06
reclaspred
 1.96514e+06 1.01262e+06 480286 102092 74805.6 470476 256690 84450.7 179925 161330 270363 424151 374344 263335 314109 720062 1.11525e+06 1.78169e+06 1.85895e+06 1.28997e+06 2.08738e+06 1.93641e+06 1.69641e+06 2.05321e+06 1.81247e+06 1.43379e+06 1.35223e+06 1.75749e+06 2.06476e+06 990669 1.00543e+06
pelacesobs
 0 0 0 0 0 0 0 0 0 0 0 0 0 0 0 552880 188675 0 991730 2.46772e+06 1.41603e+06 1.21717e+06 2.29649e+06 1.80582e+06 0 1.4828e+06 1.56532e+06 1.57751e+06 1.42118e+06 867257 1.10002e+06
pelacespred
 905823 480917 224072 24060.7 23858.3 198050 74422.2 35002 73881.1 59717.7 125858 161012 155400 111973 148536 287134 445415 778025 885575 594417 865898 899570 766117 1.02513e+06 917705 691722 737427 965719 930017 530459 514795
mphobs
 0 0 0 0 0 0 0 0 0 0 0 498337 0 5186 125008 0 168611 109162 213762 579715 649985 157893 87575 83554 0 0 0 0 0 0 0
mphpred
 1.99965e+06 1.1051e+06 573576 198537 21113.6 75196.6 409623 83669.5 39445.7 160142 82269.3 324614 293144 214221 147993 265261 796550 941519 1.42565e+06 1.35913e+06 1.06834e+06 1.57047e+06 1.63114e+06 1.1179e+06 1.75282e+06 1.33125e+06 902465 1.0226e+06 1.93113e+06 1.18054e+06 530043
desembarqueobs
 494567 514787 250237 358949 120608 361735 552515 73892 212993 205616 52469 317467 293654 387597 252695 516296 358380 742168 942051 627588 828172 859565 418607 520667 417249 300574 415391 372974 316634 284311 391294
desembarquepred
 496197 515254 249470 358609 120423 361170 552174 74049.2 212257 205835 52521.5 316975 293367 387093 252752 516263 358686 743374 942243 627663 827479 858211 418971 522468 417338 300192 415327 372270 316462 284110 391658
Reclutas
 69508.9 129755 37373 11096.5 64471.2 243364 16898.8 6539.06 63288.9 32602.6 125429 108388 97741.3 79432.5 94917.1 401716 142355 534916 531028 162455 479432 630439 51195.5 378743 254859 78812.1 267419 408659 54355.3 27069.1 264570
log_desv_Rt
 -0.456439 0.167756 -1.07695 -2.29126 -0.531677 0.796663 -1.87065 -2.8201 -0.550184 -1.2135 0.133845 -0.0121769 -0.115571 -0.322987 -0.144891 1.29785 0.260431 1.58422 1.57692 0.392509 1.47471 1.74852 -0.762243 1.23896 0.842815 -0.330828 0.890923 1.31499 -0.702353 -1.3995 0.88021
SSB
 1.99965e+06 1.1051e+06 573576 198537 21113.6 75196.6 409623 83669.5 39445.7 160142 82269.3 324614 293144 214221 147993 265261 796550 941519 1.42565e+06 1.35913e+06 1.06834e+06 1.57047e+06 1.63114e+06 1.1179e+06 1.75282e+06 1.33125e+06 902465 1.0226e+06 1.93113e+06 1.18054e+06 530043
BT
 2.60422e+06 1.77392e+06 786150 373053 192187 1.16961e+06 669448 172033 510534 370558 538438 760404 766388 807823 831266 1.55106e+06 1.56457e+06 3.36904e+06 3.7681e+06 2.15219e+06 3.6794e+06 3.54454e+06 2.2477e+06 4.09023e+06 2.84326e+06 2.08529e+06 2.95433e+06 3.77288e+06 2.48254e+06 1.57885e+06 2.27329e+06
Ftot
 0.237238 0.467749 0.475905 2.33752 1.40237 0.707079 1.64583 0.778964 1.06096 1.09312 0.184539 0.675255 0.706812 1.25708 0.734248 0.659237 0.301194 0.389239 0.468682 0.448342 0.370068 0.411675 0.23218 0.240224 0.217078 0.197601 0.28877 0.200657 0.14524 0.268619 0.364992
BD_Bspro_t
 0.962753 0.743547 0.543368 0.29924 0.0530327 0.210184 0.440456 0.124234 0.0909383 0.309338 0.239817 0.626651 0.473431 0.360084 0.27226 0.393143 0.554342 0.5741 0.619345 0.570658 0.4696 0.561451 0.600253 0.550838 0.682734 0.676875 0.644523 0.694726 0.793789 0.705835 0.569549
BD_Bspro
 2.55347 1.41117 0.732433 0.253524 0.0269611 0.0960229 0.523071 0.106843 0.0503706 0.204495 0.105054 0.414519 0.374333 0.273552 0.188981 0.338727 1.01716 1.20228 1.8205 1.73555 1.36422 2.00543 2.08289 1.42752 2.23828 1.69996 1.15241 1.30582 2.46597 1.50749 0.676843
BD_Bo
 1.15533 0.638488 0.331392 0.114708 0.0121987 0.043446 0.236666 0.0483413 0.0227904 0.0925245 0.0475323 0.187551 0.169368 0.12377 0.0855053 0.153259 0.460219 0.543977 0.823691 0.785255 0.617249 0.907364 0.942413 0.645886 1.01272 0.769152 0.521413 0.590825 1.11574 0.682072 0.30624
BD_Brms
 4.90884 2.71285 1.40804 0.487378 0.0518306 0.184596 1.00556 0.205396 0.0968332 0.393124 0.201959 0.796878 0.719624 0.525881 0.363301 0.651175 1.95541 2.31129 3.49976 3.33644 2.62261 3.85527 4.00419 2.74428 4.30291 3.26803 2.21541 2.51034 4.74062 2.89803 1.30118
Sel_flota
 0.5 1 1 1 1
 0.5 1 1 1 1
 0.5 1 1 1 1
 0.5 1 1 1 1
 0.5 1 1 1 1
 0.5 1 1 1 1
 0.5 1 1 1 1
 0.5 1 1 1 1
 0.5 1 1 1 1
 0.5 1 1 1 1
 0.5 1 1 1 1
 0.5 1 1 1 1
 0.5 1 1 1 1
 0.5 1 1 1 1
 0.5 1 1 1 1
 0.5 1 1 1 1
 0.5 1 1 1 1
 0.5 1 1 1 1
 0.5 1 1 1 1
 0.5 1 1 1 1
 0.5 1 1 1 1
 0.5 1 1 1 1
 0.5 1 1 1 1
 0.5 1 1 1 1
 0.5 1 1 1 1
 0.5 1 1 1 1
 0.5 1 1 1 1
 0.5 1 1 1 1
 0.5 1 1 1 1
 0.5 1 1 1 1
 0.5 1 1 1 1
Sel_reclas
 0.5 1 1 1 1
 0.5 1 1 1 1
 0.5 1 1 1 1
 0.5 1 1 1 1
 0.5 1 1 1 1
 0.5 1 1 1 1
 0.5 1 1 1 1
 0.5 1 1 1 1
 0.5 1 1 1 1
 0.5 1 1 1 1
 0.5 1 1 1 1
 0.5 1 1 1 1
 0.5 1 1 1 1
 0.5 1 1 1 1
 0.5 1 1 1 1
 0.5 1 1 1 1
 0.5 1 1 1 1
 0.5 1 1 1 1
 0.5 1 1 1 1
 0.5 1 1 1 1
 0.5 1 1 1 1
 0.5 1 1 1 1
 0.5 1 1 1 1
 0.5 1 1 1 1
 0.5 1 1 1 1
 0.5 1 1 1 1
 0.5 1 1 1 1
 0.5 1 1 1 1
 0.5 1 1 1 1
 0.5 1 1 1 1
 0.5 1 1 1 1
Sel_pelaces
 0.5 1 1 1 1
 0.5 1 1 1 1
 0.5 1 1 1 1
 0.5 1 1 1 1
 0.5 1 1 1 1
 0.5 1 1 1 1
 0.5 1 1 1 1
 0.5 1 1 1 1
 0.5 1 1 1 1
 0.5 1 1 1 1
 0.5 1 1 1 1
 0.5 1 1 1 1
 0.5 1 1 1 1
 0.5 1 1 1 1
 0.5 1 1 1 1
 0.5 1 1 1 1
 0.5 1 1 1 1
 0.5 1 1 1 1
 0.5 1 1 1 1
 0.5 1 1 1 1
 0.5 1 1 1 1
 0.5 1 1 1 1
 0.5 1 1 1 1
 0.5 1 1 1 1
 0.5 1 1 1 1
 0.5 1 1 1 1
 0.5 1 1 1 1
 0.5 1 1 1 1
 0.5 1 1 1 1
 0.5 1 1 1 1
 0.5 1 1 1 1
pf_obs 
 0.8446 0.082 0.0669 0.0065 0
 0.8095 0.147 0.0364 0.0071 0
 0.9664 0.0169 0.016 0.0007 0
 0.9276 0.0648 0.0075 0.0001 0
 0.7033 0.2144 0.0806 0.0017 0
 0.9318 0.0425 0.0243 0.0014 0
 0.5671 0.3108 0.0964 0.0239 0.0018
 0.0768 0.2599 0.5324 0.112 0.0189
 0.490249 0.384438 0.106611 0.0170017 0.00170017
 0.7925 0.1577 0.0466 0.003 0.0002
 0.840416 0.127587 0.0312969 0.00059994 9.999e-05
 0.8084 0.0986 0.0794 0.0134 0.0002
 0.7335 0.1905 0.0724 0.0035 0.0001
 0.4001 0.4547 0.1325 0.0127 0
 0.49795 0.308269 0.164784 0.0264974 0.00249975
 0.9179 0.0499 0.0305 0.0017 0
 0.2467 0.6533 0.0926 0.0074 0
 0.9418 0.0223 0.034 0.0019 0
 0.707729 0.231977 0.0356964 0.0245975 0
 0.517169 0.277429 0.184464 0.0207286 0.00020938
 0.811772 0.124168 0.05621 0.00726502 0.000585176
 0.764997 0.148141 0.077277 0.00933861 0.000247198
 0.163321 0.427699 0.378323 0.0303852 0.000271297
 0.753843 0.0900009 0.118128 0.0371064 0.000921714
 0.721811 0.176058 0.0630433 0.0369309 0.00215725
 0.143369 0.312575 0.442814 0.0836902 0.0175525
 0.692698 0.0596174 0.167031 0.0765114 0.00414204
 0.394062 0.376323 0.152708 0.0712218 0.00568511
 0.125707 0.32114 0.495352 0.0537591 0.00404204
 0.23352 0.215282 0.420074 0.123614 0.00750983
 0.796117 0.104755 0.0508955 0.0450114 0.00322123
pf_pred 
 0.173603 0.664254 0.0219315 0.0931491 0.0470621
 0.493097 0.157536 0.280819 0.00927175 0.0592755
 0.272946 0.502895 0.0696646 0.124182 0.0303125
 0.251607 0.347767 0.277108 0.038387 0.0851306
 0.95125 0.02949 0.00895001 0.00713156 0.0031788
 0.920835 0.0779082 0.000760334 0.000230756 0.00026583
 0.14543 0.826078 0.0280398 0.00027365 0.000178725
 0.33987 0.245395 0.400907 0.0136081 0.000219544
 0.930239 0.0396185 0.0112049 0.0183057 0.00063138
 0.584774 0.404438 0.00612649 0.00173269 0.00292837
 0.882405 0.0940968 0.0228878 0.000346708 0.000263777
 0.579298 0.395737 0.0199768 0.00485909 0.000129606
 0.602607 0.307001 0.0850277 0.0042922 0.00107187
 0.607449 0.310417 0.0634515 0.0175736 0.00110865
 0.742147 0.212325 0.0360024 0.00735916 0.00216679
 0.892117 0.0947889 0.0107821 0.00182825 0.000483741
 0.404013 0.567992 0.024597 0.00279788 0.000599945
 0.792983 0.123674 0.0794281 0.00343964 0.000475153
 0.61679 0.343367 0.0238027 0.015287 0.000753455
 0.311342 0.542544 0.130922 0.00907573 0.00611607
 0.733229 0.135761 0.103213 0.0249066 0.00289008
 0.667312 0.286136 0.0236903 0.0180107 0.0048505
 0.10433 0.734132 0.138935 0.0115029 0.0111003
 0.703095 0.0593133 0.194741 0.0368548 0.00599589
 0.473862 0.439712 0.0172655 0.0566871 0.0124734
 0.242851 0.497976 0.2166 0.00850489 0.0340681
 0.685909 0.127159 0.122945 0.0534762 0.0105108
 0.673804 0.269586 0.0229186 0.0221592 0.0115328
 0.143581 0.697378 0.13144 0.0111743 0.016427
 0.166092 0.216198 0.502998 0.0948038 0.019908
 0.831218 0.0508883 0.030565 0.0711112 0.0162173
pobs_RECLAS
 0 0 0 0 0
 0 0 0 0 0
 0 0 0 0 0
 0 0 0 0 0
 0 0 0 0 0
 0 0 0 0 0
 0 0 0 0 0
 0 0 0 0 0
 0 0 0 0 0
 0 0 0 0 0
 0.991045 0.00858322 0.000360255 1.14367e-05 0
 0.934742 0.0480273 0.0164251 0.00080598 0
 0.827803 0.169806 0.00239088 0 0
 0.941827 0.0461693 0.0120037 0 0
 0.791401 0.0380133 0.147996 0.0225897 0
 0.846168 0.0940531 0.0597789 0 0
 0.134021 0.677848 0.182769 0.00536245 0
 0.80878 0.0450904 0.141981 0.00414843 0
 0.846168 0.0940531 0.0597789 0 0
 0.905697 0.0802665 0.012482 0.00150086 5.37128e-05
 0.989698 0.0102097 9.19794e-05 0 0
 0.975433 0.0193895 0.00387452 0.00125025 5.28907e-05
 0.303575 0.632131 0.0575291 0.00676475 0
 0.966965 0.00978017 0.0227588 0.000495775 0
 0.843318 0.132988 0.00938335 0.0141283 0.000182051
 0.564624 0.303363 0.111486 0.0197234 0.00080311
 0.826376 0.0876187 0.0782897 0.00655872 0.00115652
 0.89761 0.0855135 0.0140674 0.00269457 0.000114338
 0.34875 0.467042 0.161289 0.0227151 0.000203297
 0.318654 0.224769 0.449479 0.00709798 0
 0.937255 0.0296025 0.0250945 0.00804832 0
ppred_RECLAS
 0.175242 0.662937 0.021888 0.0929644 0.0469688
 0.499485 0.155551 0.27728 0.00915491 0.0585285
 0.278158 0.49929 0.0691652 0.123292 0.0300952
 0.299113 0.325692 0.259518 0.0359503 0.0797267
 0.956191 0.0265007 0.00804277 0.00640866 0.00285658
 0.923941 0.0748511 0.000730499 0.000221702 0.000255399
 0.163916 0.808208 0.0274332 0.000267731 0.000174859
 0.351031 0.241246 0.394129 0.013378 0.000215833
 0.934973 0.0369301 0.0104445 0.0170635 0.000588536
 0.603715 0.385989 0.00584702 0.00165365 0.00279479
 0.883291 0.0933876 0.0227153 0.000344095 0.000261789
 0.589219 0.386404 0.0195057 0.0047445 0.00012655
 0.612947 0.299013 0.0828153 0.00418052 0.00104398
 0.630034 0.292557 0.0598009 0.0165626 0.00104487
 0.75078 0.205216 0.034797 0.00711277 0.00209424
 0.895868 0.0914932 0.0104073 0.00176469 0.000466923
 0.407632 0.564543 0.0244476 0.00278089 0.000596301
 0.79631 0.121686 0.0781516 0.00338436 0.000467516
 0.622827 0.337958 0.0234277 0.0150462 0.000741586
 0.316564 0.53843 0.12993 0.00900691 0.00606969
 0.736964 0.133861 0.101768 0.0245579 0.00284962
 0.672141 0.281983 0.0233464 0.0177493 0.0047801
 0.105372 0.733278 0.138773 0.0114895 0.0110874
 0.7055 0.0588329 0.193164 0.0365563 0.00594732
 0.476428 0.437568 0.0171813 0.0564107 0.0124126
 0.244557 0.496855 0.216112 0.00848573 0.0339913
 0.688979 0.125916 0.121744 0.0529535 0.0104081
 0.675869 0.267879 0.0227735 0.0220189 0.0114598
 0.144392 0.696717 0.131315 0.0111637 0.0164114
 0.167919 0.215725 0.501896 0.0945961 0.0198643
 0.833848 0.0500953 0.0300887 0.0700031 0.0159646
pobs_PELACES
 0 0 0 0 0
 0 0 0 0 0
 0 0 0 0 0
 0 0 0 0 0
 0 0 0 0 0
 0 0 0 0 0
 0 0 0 0 0
 0 0 0 0 0
 0 0 0 0 0
 0 0 0 0 0
 0 0 0 0 0
 0 0 0 0 0
 0 0 0 0 0
 0 0 0 0 0
 0 0 0 0 0
 0 0 0 0 0
 0.505614 0.472636 0.0217494 0 0
 0 0 0 0 0
 0.443492 0.261883 0.143347 0.151278 0
 0.227955 0.32914 0.350689 0.0885471 0.00366901
 0.970185 0.0296113 0.000203453 0 0
 0.997202 0.00247181 0.000326279 0 0
 0.445219 0.490057 0.0546422 0.010081 0
 0.90214 0.0892962 0.00764917 0.000914606 0
 0 0 0 0 0
 0.581667 0.319106 0.0959925 0.00289975 0.000334073
 0.762889 0.0836404 0.116647 0.0363945 0.000428098
 0.88444 0.0763242 0.0277011 0.0115352 0
 0.521256 0.241999 0.230069 0.00667565 0
 0.616807 0.101726 0.260614 0.0208532 0
 0.833518 0.0704572 0.0857862 0.0102388 0
ppred_PELACES
 0.180972 0.658331 0.021736 0.0923185 0.0466425
 0.518771 0.149557 0.266596 0.00880215 0.0562733
 0.294195 0.488197 0.0676285 0.120553 0.0294266
 0.385602 0.285501 0.227494 0.031514 0.0698884
 0.964924 0.0212184 0.00643965 0.00513125 0.00228719
 0.931745 0.0671711 0.000655547 0.000198954 0.000229194
 0.204596 0.768885 0.0260985 0.000254704 0.000166352
 0.380841 0.230164 0.376025 0.0127635 0.000205919
 0.94484 0.0313266 0.00885976 0.0144744 0.000499235
 0.645961 0.344841 0.00522369 0.00147736 0.00249685
 0.886394 0.0909051 0.0221115 0.000334948 0.00025483
 0.615894 0.361312 0.0182391 0.00443641 0.000118332
 0.640225 0.27794 0.0769788 0.00388589 0.000970403
 0.676948 0.255459 0.0522178 0.0144623 0.000912373
 0.772754 0.187122 0.0317289 0.00648563 0.00190959
 0.905587 0.0829536 0.00943589 0.00159998 0.000423342
 0.419686 0.553056 0.0239501 0.00272431 0.000584168
 0.80653 0.115581 0.0742307 0.00321457 0.000444061
 0.640813 0.321841 0.0223105 0.0143287 0.000706221
 0.332781 0.525653 0.126846 0.00879318 0.00592566
 0.748628 0.127925 0.0972554 0.0234689 0.00272325
 0.686931 0.269263 0.0222932 0.0169486 0.00456447
 0.109038 0.730273 0.138204 0.0114424 0.011042
 0.713668 0.0572012 0.187806 0.0355424 0.00578238
 0.485369 0.430095 0.0168879 0.0554473 0.0122006
 0.25063 0.49286 0.214374 0.00841751 0.0337181
 0.699096 0.12182 0.117783 0.051231 0.0100695
 0.68308 0.26192 0.0222669 0.0215291 0.0112048
 0.147378 0.694286 0.130857 0.0111247 0.0163541
 0.174203 0.214095 0.498106 0.0938817 0.0197143
 0.842025 0.04763 0.0286079 0.066558 0.015179
pobs_pel_tallas
 0 0 0 0 0 0 0 0 0 0 0 0 0 0 0 0 0 0 0 0 0 0 0 0 0 0
 0 0 0 0 0 0 0 0 0 0 0 0 0 0 0 0 0 0 0 0 0 0 0 0 0 0
 0 0 0 0 0 0 0 0 0 0 0 0 0 0 0 0 0 0 0 0 0 0 0 0 0 0
 0 0 0 0 0 0 0 0 0 0 0 0 0 0 0 0 0 0 0 0 0 0 0 0 0 0
 0 0 0 0 0 0 0 0 0 0 0 0 0 0 0 0 0 0 0 0 0 0 0 0 0 0
 0 0 0 0 0 0 0 0 0 0 0 0 0 0 0 0 0 0 0 0 0 0 0 0 0 0
 0 0 0 0 0 0 0 0 0 0 0 0 0 0 0 0 0 0 0 0 0 0 0 0 0 0
 0 0 0 0 0 0 0 0 0 0 0 0 0 0 0 0 0 0 0 0 0 0 0 0 0 0
 0 0 0 0 0 0 0 0 0 0 0 0 0 0 0 0 0 0 0 0 0 0 0 0 0 0
 0 0 0 0 0 0 0 0 0 0 0 0 0 0 0 0 0 0 0 0 0 0 0 0 0 0
 0 0 0 0 0 0 0 0 0 0 0 0 0 0 0 0 0 0 0 0 0 0 0 0 0 0
 0 0 0 0 0 0 0 0 0 0 0 0 0 0 0 0 0 0 0 0 0 0 0 0 0 0
 0.00862536 0 0 0.000197151 0.00414017 0.0128641 0.00837892 0.0270097 0.101434 0.158115 0.152841 0.127902 0.109271 0.109419 0.0830992 0.0579132 0.0238553 0.00714673 0.00463305 0.00128148 0.00103504 0.000492878 0.000147863 0.000147863 4.92878e-05 0
 0 0 0 0 0 0 0 0 0 0 0 0 0 0 0 0 0 0 0 0 0 0 0 0 0 0
 0 0 0 0 0 0 0 0.0054083 0.00873648 0.0413646 0.0450493 0.0745869 0.0622846 0.0627006 0.0613931 0.0827291 0.12552 0.122667 0.0946155 0.0697135 0.0546179 0.0294188 0.0215738 0.0213955 0.0102223 0.00600262
 0 0 0 0 0.00359764 0.0251062 0.0480494 0.140153 0.205849 0.193036 0.1447 0.116669 0.0760912 0.0342217 0.00950174 0.001854 0.000860785 0 0 0 0.000165536 0 0.000143464 0 0 0
 0 0 0 0 0 0 0 0.000145254 0.000435761 0.0275982 0.070085 0.0708112 0.156366 0.174668 0.174014 0.160142 0.0824315 0.0480064 0.0283245 0.00493863 0.00203355 0 0 0 0 0
 0 0 0 0 0 0 0 0 0 0 0 0 0 0 0 0 0 0 0 0 0 0 0 0 0 0
 0 0 1.00437e-05 0.000401748 0.00122533 0.00171747 0.00176769 0.0269171 0.070346 0.194647 0.189555 0.159765 0.064822 0.0314167 0.0384472 0.0292271 0.0345202 0.0313363 0.0194345 0.0106764 0.0143323 0.0359363 0.0279516 0.0138201 0.00172751 0
 0 0.0021121 0.0136068 0.0755702 0.200478 0.177729 0.0527432 0.0373336 0.0318909 0.0142505 0.0149659 0.0166563 0.0217959 0.0798694 0.0677717 0.0528807 0.04013 0.0224614 0.0357745 0.0225083 0.00881397 0.00855152 0.00135912 0.000746735 0 0
 0 0 0 0 5.4009e-05 0.00500934 0.000945158 0.0243581 0.138947 0.33067 0.221406 0.137944 0.0707744 0.0437923 0.0131692 0.00525238 0.0047753 0.00276346 9.45158e-05 9.00151e-06 2.25038e-05 9.00151e-06 4.50075e-06 0 0 0
 0.000866109 0.00284123 0.00948549 0.0512746 0.133035 0.25785 0.225252 0.132002 0.0553304 0.0519788 0.0540692 0.017754 0.00435017 0.00159236 0.00146478 0.000404838 0.000125132 0.000115318 0.000107957 0.000100596 0 0 0 0 0 0
 0 0 0 0 0.00144013 0.00171154 0.00461396 0.0210425 0.0478622 0.0707936 0.0888783 0.103762 0.0637923 0.0337046 0.0602308 0.124433 0.169614 0.0934646 0.0462172 0.0250306 0.0313229 0.00938855 0.002487 0.000210481 0 0
 0 0.00764035 0.051015 0.0998891 0.058973 0.0496711 0.0374665 0.0718981 0.12319 0.153886 0.159021 0.0857701 0.0377988 0.023471 0.0147837 0.00900784 0.00315554 0.000888139 0.00291439 0.00214683 0.00393193 0.00274676 0.000635225 9.99891e-05 0 0
 0 0 0 0 0 0 0 0 0 0 0 0 0 0 0 0 0 0 0 0 0 0 0 0 0 0
 0 0 0 0 0 0 0 0 0 0 0 0 0 0 0 0 0 0 0 0 0 0 0 0 0 0
 0 0 0 0 0 0 0 0 0 0 0 0 0 0 0 0 0 0 0 0 0 0 0 0 0 0
 0 0 0 0 0 0 0 0 0 0 0 0 0 0 0 0 0 0 0 0 0 0 0 0 0 0
 0 0 0 0 0 0 0 0 0 0 0 0 0 0 0 0 0 0 0 0 0 0 0 0 0 0
 0 0 0 0 0 0 0 0 0 0 0 0 0 0 0 0 0 0 0 0 0 0 0 0 0 0
 0 0 0 0 0 0 0 0 0 0 0 0 0 0 0 0 0 0 0 0 0 0 0 0 0 0
ppred_pel_tallas
 1.17948e-16 1.49065e-05 0.000144897 0.000962893 0.00437721 0.0136195 0.0290201 0.0423689 0.0424323 0.0293297 0.0146589 0.00737867 0.00849388 0.0165755 0.0311937 0.0514852 0.0740445 0.0929161 0.102112 0.0990497 0.0862238 0.0696456 0.055284 0.0461998 0.0420361 0.0404325
 1.18138e-16 4.27305e-05 0.000415356 0.00276019 0.0125474 0.0390397 0.0831788 0.121405 0.12142 0.0832514 0.0392844 0.0132591 0.00456561 0.00441942 0.00783159 0.013362 0.0203726 0.0279838 0.035271 0.0417447 0.0474502 0.0525202 0.0566127 0.0588202 0.0581691 0.0542729
 1.19146e-16 2.42326e-05 0.000235549 0.00156531 0.00711571 0.0221399 0.047173 0.0688603 0.0689074 0.0474032 0.0229127 0.00934866 0.00717296 0.0124865 0.0233208 0.0386013 0.0558267 0.0707264 0.079023 0.0789038 0.0721698 0.063014 0.0553899 0.0509948 0.0490691 0.047615
 1.21626e-16 3.17616e-05 0.000308734 0.00205165 0.00932651 0.0290184 0.0618278 0.0902453 0.0902731 0.0619639 0.0294764 0.0106533 0.00539724 0.0076629 0.0141484 0.0237339 0.0351157 0.0461258 0.0545534 0.0593895 0.0613127 0.061924 0.0623922 0.0626642 0.0617543 0.0586491
 1.01094e-16 7.94795e-05 0.000772569 0.00513399 0.0233384 0.0726144 0.154713 0.225808 0.22581 0.154723 0.0726481 0.0234358 0.00537901 0.00130874 0.00110169 0.00170611 0.00247568 0.00316938 0.00360317 0.00370036 0.00353332 0.00326851 0.00305491 0.00294332 0.0028858 0.00279362
 1.00095e-16 7.67466e-05 0.000746005 0.00495746 0.0225359 0.0701176 0.149393 0.218045 0.218052 0.149425 0.0702235 0.0228417 0.00572421 0.00241747 0.00324429 0.00522395 0.00747547 0.00931134 0.010089 0.0095147 0.00782033 0.0056181 0.00355113 0.00200559 0.00104798 0.000542793
 1.01004e-16 1.68524e-05 0.000163812 0.00108859 0.00494862 0.0153974 0.0328085 0.0479005 0.0479744 0.0331699 0.0166104 0.00845031 0.00987155 0.0193145 0.0363211 0.0598446 0.0857949 0.107019 0.116233 0.11007 0.0911297 0.0663224 0.0428918 0.0251687 0.0138964 0.00759317
 1.12225e-16 3.13694e-05 0.000304922 0.00202631 0.00921134 0.02866 0.061064 0.0891295 0.0891522 0.0611753 0.0290351 0.0103014 0.00478783 0.0064172 0.0118846 0.0202343 0.0306204 0.0415625 0.0514429 0.059308 0.0650916 0.0690111 0.0707722 0.0694486 0.0641967 0.0551305
 1.018e-16 7.78252e-05 0.000756489 0.00502714 0.0228526 0.071103 0.151493 0.221109 0.221112 0.151507 0.0711528 0.0229966 0.00538913 0.0015489 0.00158938 0.00252247 0.00367058 0.00471433 0.00539147 0.00559689 0.00544311 0.00517435 0.00499731 0.00496159 0.00496474 0.00484913
 1.0081e-16 5.32071e-05 0.000517192 0.00343692 0.0156238 0.0486115 0.103573 0.151175 0.151208 0.103735 0.0491553 0.0171936 0.00737398 0.00910037 0.0163206 0.0268088 0.0384072 0.0478639 0.0519063 0.0490323 0.0404313 0.0292397 0.0187454 0.0109138 0.00606911 0.00350407
 1.00739e-16 7.30111e-05 0.000709694 0.00471617 0.021439 0.0667048 0.142122 0.207433 0.207442 0.142165 0.0668488 0.0218552 0.00576139 0.00299343 0.00441602 0.00719976 0.0103979 0.013143 0.0145986 0.0143688 0.0127173 0.0103661 0.00804504 0.0061526 0.00472274 0.00360968
 1.01084e-16 5.07304e-05 0.000493118 0.00327694 0.0148965 0.0463488 0.0987524 0.144139 0.144174 0.0989222 0.046919 0.0165428 0.00740674 0.00949972 0.01713 0.0281711 0.0404168 0.0504881 0.0549763 0.052309 0.0437008 0.0323694 0.0216683 0.0135736 0.00838614 0.00538806
 1.02847e-16 5.27345e-05 0.000512598 0.0034064 0.015485 0.0481797 0.102653 0.149831 0.149858 0.102784 0.0486204 0.0167585 0.00660577 0.00750548 0.0133586 0.0220656 0.0319294 0.040455 0.0451143 0.0447051 0.0400169 0.0332099 0.0264468 0.0208748 0.0165502 0.0130211
 1.03178e-16 5.57594e-05 0.000542001 0.00360179 0.0163732 0.0509433 0.108541 0.158424 0.158449 0.108661 0.0513478 0.017542 0.00653679 0.00695345 0.012245 0.0201883 0.0291542 0.0368244 0.040868 0.0402019 0.0356129 0.0291807 0.0229877 0.0181363 0.0146449 0.0119847
 1.01938e-16 6.36508e-05 0.000618708 0.00411153 0.0186905 0.058153 0.123902 0.180842 0.18086 0.12399 0.0584491 0.0195457 0.00625876 0.00530743 0.00897219 0.014742 0.021253 0.0267731 0.0295784 0.028869 0.0252331 0.0202287 0.0154347 0.0117156 0.0091248 0.00728291
 1.00526e-16 7.4592e-05 0.000725061 0.00481829 0.0219032 0.0681491 0.145199 0.211924 0.211932 0.145238 0.0682802 0.0222818 0.00576839 0.00279847 0.00401038 0.00650659 0.00935307 0.0117344 0.0128736 0.012412 0.010618 0.0082048 0.00590614 0.00414065 0.0029566 0.0021907
 1.01205e-16 3.45691e-05 0.000336024 0.002233 0.0101509 0.0315835 0.0672941 0.0982288 0.098282 0.067554 0.0324562 0.0126703 0.00855265 0.0141172 0.026164 0.0430856 0.0617944 0.0771404 0.0838963 0.0796468 0.0662552 0.048667 0.0320518 0.0194792 0.0114478 0.00687824
 1.0257e-16 6.64328e-05 0.00064575 0.00429124 0.0195074 0.0606947 0.129317 0.188744 0.188755 0.129372 0.0608793 0.0200418 0.00563688 0.0035973 0.00571279 0.00944518 0.0138449 0.0179172 0.020673 0.021619 0.0209869 0.0194627 0.0176632 0.0158096 0.013802 0.0115149
 1.02283e-16 5.2783e-05 0.00051307 0.00340953 0.0154993 0.0482241 0.102748 0.14997 0.150001 0.102899 0.0487323 0.0169667 0.00709133 0.00854499 0.0152909 0.0251539 0.036134 0.0452404 0.0494656 0.0474328 0.0402281 0.030689 0.021736 0.0150349 0.0107557 0.00818767
 1.0568e-16 2.74109e-05 0.000266444 0.00177061 0.00804898 0.0250436 0.05336 0.0778911 0.0779419 0.053608 0.0258765 0.0104555 0.00781509 0.0134737 0.0251455 0.041618 0.0601579 0.076077 0.0845801 0.083405 0.0741013 0.0608563 0.0478805 0.037432 0.0296294 0.023538
 1.05654e-16 6.16635e-05 0.000599391 0.00398317 0.0181069 0.0563374 0.120033 0.175195 0.175207 0.120094 0.0565424 0.0187007 0.00547987 0.0038876 0.00636796 0.0105907 0.0156268 0.0204405 0.0240011 0.0258106 0.0261284 0.0256432 0.024887 0.0238999 0.0223668 0.0200092
 1.03185e-16 5.65816e-05 0.000549994 0.0036549 0.0166147 0.0516946 0.110142 0.16076 0.160786 0.110268 0.0521199 0.017843 0.00673719 0.00727555 0.0128208 0.0210834 0.0303156 0.0380227 0.0417091 0.0402424 0.034541 0.026968 0.0199303 0.0147607 0.0115286 0.00957431
 1.07192e-16 8.98149e-06 8.73034e-05 0.000580165 0.00263739 0.00820628 0.0174869 0.0255375 0.0256079 0.0178311 0.00936212 0.00597649 0.0089641 0.0183971 0.0348048 0.0575818 0.0830771 0.104734 0.115839 0.113252 0.0992218 0.0797608 0.0609716 0.0462093 0.0357265 0.0281381
 1.09978e-16 5.87839e-05 0.0005714 0.00379716 0.0172613 0.0537064 0.114427 0.167011 0.167017 0.114456 0.0538029 0.0175438 0.00452039 0.00219694 0.00328313 0.00569336 0.00903436 0.0131167 0.0177436 0.0227663 0.0280141 0.0330788 0.0371819 0.0393452 0.0388299 0.0355417
 1.08223e-16 3.99793e-05 0.000388613 0.00258247 0.0117396 0.0365264 0.0778248 0.113596 0.113638 0.0780271 0.0372054 0.0137003 0.00750206 0.0111212 0.0204037 0.033621 0.0483281 0.0605891 0.0664545 0.0641855 0.0553518 0.0438333 0.033525 0.026494 0.0226547 0.0206673
 1.12863e-16 2.06442e-05 0.000200669 0.00133352 0.00606201 0.0188614 0.040188 0.0586655 0.0587133 0.0404213 0.0196455 0.00832963 0.00703645 0.0126862 0.0238385 0.0396522 0.0577592 0.0739698 0.0839763 0.0857288 0.0805264 0.0718668 0.0630662 0.0555964 0.049134 0.0427214
 1.10272e-16 5.75836e-05 0.000559734 0.00371963 0.0169089 0.0526099 0.112091 0.163603 0.163615 0.11215 0.0528062 0.0174781 0.00515697 0.0037262 0.00615628 0.0103108 0.0153779 0.0204637 0.0246899 0.0276624 0.0296349 0.0311523 0.0324811 0.0333301 0.0330668 0.0311915
 1.04765e-16 5.62644e-05 0.00054691 0.00363441 0.0165215 0.0514047 0.109524 0.159859 0.159884 0.109647 0.0518186 0.0177167 0.00663368 0.00709222 0.0124812 0.0205312 0.0295424 0.0371021 0.0408042 0.0395733 0.0343264 0.0273723 0.0210349 0.0165588 0.0139282 0.0124054
 1.07837e-16 1.21395e-05 0.000118 0.000784155 0.0035647 0.0110915 0.023634 0.0345085 0.0345755 0.0239612 0.0121904 0.00673929 0.00875509 0.0175261 0.0330949 0.0547493 0.0789959 0.0996034 0.1102 0.107812 0.0945951 0.0762782 0.0586661 0.0449323 0.0352786 0.0283336
 1.27181e-16 1.43489e-05 0.000139476 0.000926871 0.00421344 0.0131097 0.0279323 0.0407725 0.0407939 0.0280372 0.013464 0.00524666 0.00355713 0.00600307 0.0115079 0.0199373 0.0309057 0.0434447 0.0564537 0.0692743 0.0816795 0.0931666 0.102273 0.106757 0.104699 0.095691
 1.10082e-16 6.93565e-05 0.00067417 0.0044801 0.0203659 0.0633658 0.135008 0.197049 0.197053 0.13503 0.0634424 0.0205879 0.0050408 0.00190953 0.00245021 0.00403604 0.00604259 0.00812477 0.0100162 0.0116853 0.0133765 0.0154147 0.0178996 0.0205283 0.022676 0.0236737
pSPR Fmed_Fpbrs
0.507648   0.285357 0.285357
Fs Fmed_Fpbrs
0.470835   1.005 1.005
SSBpbr Bo_Bmed_Bpbrs
1.73081e+06  792100  407357 407357
Ro
109716
SPR SPRFo_SPRFmed_SPRFpbrs
783111 397544 223466
Fref
1.005
Nvult_r0
 183476 6483.09 3893.93 9059.46 2066.06
CTP_r0
 28316 1733.55 1041.22 2422.45 552.455
YTP_r0
391658
Np
 193678 43107.4 10920.1 299.419 204.057
Nvult_p0
 150570 37302.6 9449.63 259.099 176.579
CTP_p0
 50357.1 35174.4 964.447 579.274 1691.9
 50357.1 18697.8 4736.6 129.873 88.5095
YTP_p0
 1.02492e+06 786535
CBA_c0
953402
log_Ro
11.4256
likeval ReclasPelacesDesembMPH_pf_preclas_ppelaces_ptallas_desvR_qrecl_qpela
 37.0411 41.4004 0.385449 0.00231214 277.922 136.198 110.744 0 58.0113 0 0 0.157944 0 0 0
q_reclas_q_pelaces
1 1
M
1
N
 69508.9 139509 4606.15 19563.5 9884.17
 129755 22710.7 40483.4 1336.63 8545.27
 37373 37779.9 5233.54 9329.15 2277.22
 11096.5 10837.3 8635.41 1196.24 2652.89
 64471.2 1268.55 384.997 306.774 136.741
 243364 11763.9 114.808 34.8434 40.1394
 16898.8 62866.8 2133.91 20.8255 13.6015
 6539.06 2730.07 4460.19 151.393 2.44248
 63288.9 1629.56 460.871 752.937 25.9695
 32602.6 13697.8 207.495 58.6837 99.1799
 125429 6943.67 1688.96 25.5846 19.4649
 108388 42075.7 2123.98 516.631 13.78
 97741.3 28448.3 7879.11 397.737 99.3249
 79432.5 25252.3 5161.76 1429.61 90.1886
 94917.1 15585.9 2642.8 540.207 159.055
 401716 24188.6 2751.43 466.54 123.443
 142355 106285 4602.7 523.553 112.264
 534916 45048 28931.6 1252.89 173.074
 531028 161983 11228.9 7211.63 355.442
 162455 154543 37293.1 2585.21 1742.16
 479432 47762.1 36311.4 8762.37 1016.76
 630439 146580 12135.9 9226.35 2484.78
 51195.5 188779 35726.5 2957.93 2854.41
 378743 16769.5 55058.6 10419.9 1695.2
 254859 123562 4851.74 15929.5 3505.12
 78812.1 84113.8 36586.1 1436.57 5754.48
 267419 26265.8 25395.4 11046 2171.11
 408659 85151.6 7239.1 6999.23 3642.76
 54355.3 135986 25630.3 2178.94 3203.2
 27069.1 18595.5 43263.7 8154.22 1712.31
 264570 8706.6 5229.43 12166.6 2774.66
pred_Ctot
 4962.51 18988 626.923 2662.71 1345.29
 17433.5 5569.71 9928.4 327.804 2095.69
 5100.54 9397.62 1301.82 2320.59 566.451
 5296.37 7320.56 5833.18 808.053 1792.01
 21724.6 673.491 204.4 162.87 72.5975
 47145.1 3988.77 38.9278 11.8143 13.61
 6396.15 36331.6 1233.21 12.0354 7.8605
 1376.17 993.626 1623.31 55.1006 0.888957
 17188.8 732.063 207.042 338.249 11.6665
 9067.95 6271.53 95.002 26.8684 45.4096
 7041.27 750.858 182.636 2.7666 2.10484
 20177.4 13783.8 695.808 169.246 4.51429
 18928.6 9643.26 2670.82 134.823 33.6686
 24641.8 12592.4 2573.98 712.893 44.9737
 18993.3 5433.88 921.385 188.338 55.4532
 73238.7 7781.73 885.164 150.091 39.7129
 12736.2 17905.5 775.398 88.2008 18.9127
 60755.8 9475.48 6085.52 263.534 36.4046
 71476.1 39790.7 2758.35 1771.52 87.3133
 21002.7 36599.3 8831.85 612.237 412.582
 51972.4 9622.98 7315.93 1765.42 204.854
 75391.7 32327.2 2676.48 2034.81 548.001
 3580.82 25197 4768.54 394.805 380.987
 27363.6 2308.4 7579.08 1434.34 233.353
 16717.9 15513.1 609.129 1999.93 440.063
 4724.79 9688.36 4214.05 165.467 662.811
 22996.4 4263.23 4121.97 1792.89 352.395
 24862.5 9947.37 845.668 817.646 425.545
 2421.06 11759.1 2216.33 188.42 276.99
 2174.23 2830.15 6584.53 1241.03 260.606
 28316 1733.55 1041.22 2422.45 552.455
F
 0.118619 0.237238 0.237238 0.237238 0.237238
 0.233875 0.467749 0.467749 0.467749 0.467749
 0.237952 0.475905 0.475905 0.475905 0.475905
 1.16876 2.33752 2.33752 2.33752 2.33752
 0.701186 1.40237 1.40237 1.40237 1.40237
 0.353539 0.707079 0.707079 0.707079 0.707079
 0.822914 1.64583 1.64583 1.64583 1.64583
 0.389482 0.778964 0.778964 0.778964 0.778964
 0.530478 1.06096 1.06096 1.06096 1.06096
 0.54656 1.09312 1.09312 1.09312 1.09312
 0.0922695 0.184539 0.184539 0.184539 0.184539
 0.337628 0.675255 0.675255 0.675255 0.675255
 0.353406 0.706812 0.706812 0.706812 0.706812
 0.628541 1.25708 1.25708 1.25708 1.25708
 0.367124 0.734248 0.734248 0.734248 0.734248
 0.329619 0.659237 0.659237 0.659237 0.659237
 0.150597 0.301194 0.301194 0.301194 0.301194
 0.194619 0.389239 0.389239 0.389239 0.389239
 0.234341 0.468682 0.468682 0.468682 0.468682
 0.224171 0.448342 0.448342 0.448342 0.448342
 0.185034 0.370068 0.370068 0.370068 0.370068
 0.205838 0.411675 0.411675 0.411675 0.411675
 0.11609 0.23218 0.23218 0.23218 0.23218
 0.120112 0.240224 0.240224 0.240224 0.240224
 0.108539 0.217078 0.217078 0.217078 0.217078
 0.0988004 0.197601 0.197601 0.197601 0.197601
 0.144385 0.28877 0.28877 0.28877 0.28877
 0.100329 0.200657 0.200657 0.200657 0.200657
 0.0726201 0.14524 0.14524 0.14524 0.14524
 0.134309 0.268619 0.268619 0.268619 0.268619
 0.182496 0.364992 0.364992 0.364992 0.364992
YTP_r0W_actual
 235023 24443 28737.6 82848 20606.6
YTP_p0W_proyectada
 377175 551183 22307.7 17013.3 57237
 377175 292994 109557 3814.36 2994.28
CTP_r0_actual
 28316 1733.55 1041.22 2422.45 552.455
CTP_p0_proyectada
 50357.1 35174.4 964.447 579.274 1691.9
 50357.1 18697.8 4736.6 129.873 88.5095
Wmedp
 7.49 15.67 23.13 29.37 33.83
Frms_r0
 0.182496 0.364992 0.364992 0.364992 0.364992
Zrms_r0
 1.1825 1.36499 1.36499 1.36499 1.36499
nmprior
 8.19 8.8 8.5 0
nm_flota  nm_reclas  nm_pelaces    nm_pelaL
inf 6.60273 6.98322 12.5104
cv_recla  cv_pelaces  cv_mph
0.550512 0.729583 1.48393
 ------------------------------------------------
Talla a la edad & desviaci?n 
 8 13.2811 15.8009 17.003 17.5766
 0.8 1.32811 1.58009 1.7003 1.75766
