    unsorted:	 2.330299103e-06 5.732744591e-05 0.0001006922741 0.001099991208 6.140120785 8.864987259 4.800880233 13.77907531 63.18726472 84.19355718 169.4004453 227.8250608 206.7701696 252.8784661 460.6581127 514.4026266 621.0796920 884.0744362 891.8116794 814.6124700 789.3102505 946.7492461 1037.488093 1136.877189 1151.762814 1296.394776 1423.281754 1477.453367 1728.217167 1831.950163 1967.113308 2108.026386 2389.797075 2432.755009 2456.438200 2593.321437 2713.104165 2781.736749 3111.115744 3246.189489 3624.213668 3913.139951 4294.903790 9405.586458 41474.83875 378767.3647 158287.4178 371068.3832 384284.9743 354589.8403 349128.7821 398835.3888 416557.3905 311745.1740 443295.4476 452968.4160 238835.8899 504221.0325 618712.4747 662576.0076 688598.9955 713078.7423 725483.1038 987516.6678 1102830.367 1181688.898 1245440.721 1399151.052 1523310.803 1748883.792 1859345.285 2271431.386 2508272.376 2476599.670 2755644.169 2986546.363 3330689.431
      sorted:	 2.330299103e-06 5.732744591e-05 0.0001006922741 0.001099991208 4.800880233 6.140120785 8.864987259 13.77907531 63.18726472 84.19355718 169.4004453 206.7701696 227.8250608 252.8784661 460.6581127 514.4026266 621.0796920 789.3102505 814.6124700 884.0744362 891.8116794 946.7492461 1037.488093 1136.877189 1151.762814 1296.394776 1423.281754 1477.453367 1728.217167 1831.950163 1967.113308 2108.026386 2389.797075 2432.755009 2456.438200 2593.321437 2713.104165 2781.736749 3111.115744 3246.189489 3624.213668 3913.139951 4294.903790 9405.586458 41474.83875 158287.4178 238835.8899 311745.1740 349128.7821 354589.8403 371068.3832 378767.3647 384284.9743 398835.3888 416557.3905 443295.4476 452968.4160 504221.0325 618712.4747 662576.0076 688598.9955 713078.7423 725483.1038 987516.6678 1102830.367 1181688.898 1245440.721 1399151.052 1523310.803 1748883.792 1859345.285 2271431.386 2476599.670 2508272.376 2755644.169 2986546.363 3330689.431
