years
 1991 1992 1993 1994 1995 1996 1997 1998 1999 2000 2001 2002 2003 2004 2005 2006 2007 2008 2009 2010 2011 2012 2013 2014 2015 2016 2017 2018 2019 2020 2021
reclasobs
 0 0 0 0 0 0 0 0 0 252601 567819 844713 477998 351125 339783 2.1784e+06 2.13404e+06 4.81314e+06 1.55562e+06 2.62356e+06 3.21686e+06 3.843e+06 1.13348e+06 3.07943e+06 1.97215e+06 2.03268e+06 2.025e+06 2.42433e+06 2.27542e+06 1.05018e+06 2.36338e+06
reclaspred
 3.62754e+06 2.24992e+06 1.15378e+06 1.10946e+06 1.33344e+06 1.77786e+06 1.35142e+06 1.23551e+06 926677 695161 557951 664107 660115 546019 643715 1.17986e+06 1.69833e+06 2.49107e+06 2.32371e+06 1.83889e+06 3.20434e+06 2.57427e+06 2.42953e+06 3.01325e+06 2.62652e+06 2.41642e+06 2.44226e+06 2.38402e+06 2.61924e+06 1.75428e+06 2.41304e+06
pelacesobs
 0 0 0 0 0 0 0 0 0 0 0 0 0 0 0 552880 188675 0 991730 2.46772e+06 1.41603e+06 1.21717e+06 2.29649e+06 1.80582e+06 0 1.4828e+06 1.56532e+06 1.57751e+06 1.42118e+06 867257 1.10002e+06
pelacespred
 1.62356e+06 1.14246e+06 612851 481276 597262 799839 617627 638219 495246 343903 299770 280427 298374 263679 330215 506076 713313 1.12131e+06 1.1438e+06 865671 1.33495e+06 1.27368e+06 1.15193e+06 1.52576e+06 1.36552e+06 1.2002e+06 1.35603e+06 1.36085e+06 1.20929e+06 914746 1.27234e+06
mphobs
 0 0 0 0 0 0 0 0 0 0 0 498337 0 5186 125008 0 168611 109162 213762 579715 649985 157893 87575 83554 0 0 0 0 0 0 0
mphpred
 3.21396e+06 2.44187e+06 1.27198e+06 761449 985296 1.18008e+06 1.41055e+06 915721 904954 662526 426883 513439 501137 446934 357384 585768 1.26779e+06 1.42407e+06 1.98624e+06 1.64196e+06 1.81165e+06 2.31905e+06 2.07139e+06 1.84663e+06 2.50686e+06 1.99808e+06 1.74884e+06 1.81464e+06 2.36429e+06 1.68165e+06 1.19446e+06
desembarqueobs
 494567 514787 250237 358949 120608 361735 552515 73892 212993 205616 52469 317467 293654 387597 252695 516296 358380 742168 942051 627588 828172 859565 418607 520667 417249 300574 415391 372974 316634 284311 391294
desembarquepred
 494557 512765 251456 358881 120652 361993 552773 73978.3 213202 205650 52442.6 317435 293649 387561 252633 516168 358282 742007 941927 627845 828779 860021 418638 520664 417440 300655 415684 373134 316787 284401 391287
Reclutas
 233024 104225 142638 273990 230825 303829 119304 94572.3 66093.5 71318.3 127937 151181 145024 109671 149297 503695 176976 650021 513862 363208 567074 650232 194156 463069 359096 205280 392995 409403 142950 138086 578002
log_desv_Rt
 0.0365774 -0.76801 -0.454255 0.198527 0.0270942 0.3019 -0.632886 -0.8652 -1.22349 -1.14741 -0.56303 -0.396087 -0.437664 -0.717084 -0.408624 0.807405 -0.238551 1.06244 0.827391 0.480411 0.925925 1.06276 -0.145902 0.723311 0.469025 -0.0901919 0.559231 0.600136 -0.45207 -0.48669 0.945013
SSB
 3.21396e+06 2.44187e+06 1.27198e+06 761449 985296 1.18008e+06 1.41055e+06 915721 904954 662526 426883 513439 501137 446934 357384 585768 1.26779e+06 1.42407e+06 1.98624e+06 1.64196e+06 1.81165e+06 2.31905e+06 2.07139e+06 1.84663e+06 2.50686e+06 1.99808e+06 1.74884e+06 1.81464e+06 2.36429e+06 1.68165e+06 1.19446e+06
BT
 4.40979e+06 3.26792e+06 1.7708e+06 1.78737e+06 1.74939e+06 2.76501e+06 2.06902e+06 1.96401e+06 1.57536e+06 1.13369e+06 955966 1.11535e+06 1.19384e+06 1.27245e+06 1.44508e+06 2.24491e+06 2.26156e+06 4.41284e+06 4.3772e+06 3.00851e+06 4.98918e+06 4.48661e+06 3.48529e+06 5.55873e+06 4.01909e+06 3.62125e+06 4.81765e+06 4.71906e+06 3.25488e+06 2.69917e+06 4.96252e+06
Ftot
 0.129428 0.214608 0.205501 0.303278 0.0862564 0.192573 0.37921 0.0572111 0.216947 0.277303 0.089631 0.442104 0.412797 0.645238 0.367426 0.408416 0.199243 0.280102 0.377288 0.319275 0.243673 0.312664 0.163178 0.163926 0.150693 0.118296 0.161464 0.148646 0.11495 0.153645 0.154119
BD_Bspro_t
 0.979505 0.861521 0.723594 0.658859 0.698705 0.770198 0.745349 0.617598 0.699881 0.670381 0.631777 0.744066 0.622784 0.545324 0.473863 0.583097 0.667969 0.679474 0.697195 0.625581 0.604891 0.656192 0.662515 0.675733 0.760706 0.76267 0.77728 0.798375 0.827527 0.778529 0.745803
BD_Bspro
 2.00434 1.52284 0.793251 0.474867 0.614466 0.735938 0.879666 0.571076 0.564362 0.413175 0.26622 0.320199 0.312527 0.278724 0.222877 0.365306 0.79064 0.888101 1.23869 1.02398 1.12981 1.44624 1.29179 1.15163 1.56337 1.24608 1.09064 1.13168 1.47446 1.04874 0.744909
BD_Bo
 1.50539 1.14376 0.595786 0.356658 0.461506 0.552739 0.660689 0.428917 0.423874 0.310322 0.199949 0.240491 0.234729 0.209341 0.167396 0.27437 0.593824 0.667024 0.930341 0.769082 0.848563 1.08622 0.970224 0.86495 1.1742 0.935887 0.819144 0.849966 1.10742 0.787673 0.559477
BD_Brms
 6.39622 4.85967 2.53141 1.51539 1.96088 2.34852 2.80718 1.82241 1.80099 1.31852 0.849558 1.02182 0.997332 0.88946 0.711243 1.16576 2.52308 2.8341 3.95289 3.26773 3.60543 4.61523 4.12235 3.67506 4.989 3.97646 3.48043 3.61139 4.70528 3.34672 2.37714
Sel_flota
 0.5 1 1 1 1
 0.5 1 1 1 1
 0.5 1 1 1 1
 0.5 1 1 1 1
 0.5 1 1 1 1
 0.5 1 1 1 1
 0.5 1 1 1 1
 0.5 1 1 1 1
 0.5 1 1 1 1
 0.5 1 1 1 1
 0.5 1 1 1 1
 0.5 1 1 1 1
 0.5 1 1 1 1
 0.5 1 1 1 1
 0.5 1 1 1 1
 0.5 1 1 1 1
 0.5 1 1 1 1
 0.5 1 1 1 1
 0.5 1 1 1 1
 0.5 1 1 1 1
 0.5 1 1 1 1
 0.5 1 1 1 1
 0.5 1 1 1 1
 0.5 1 1 1 1
 0.5 1 1 1 1
 0.5 1 1 1 1
 0.5 1 1 1 1
 0.5 1 1 1 1
 0.5 1 1 1 1
 0.5 1 1 1 1
 0.5 1 1 1 1
Sel_reclas
 0.5 1 1 1 1
 0.5 1 1 1 1
 0.5 1 1 1 1
 0.5 1 1 1 1
 0.5 1 1 1 1
 0.5 1 1 1 1
 0.5 1 1 1 1
 0.5 1 1 1 1
 0.5 1 1 1 1
 0.5 1 1 1 1
 0.5 1 1 1 1
 0.5 1 1 1 1
 0.5 1 1 1 1
 0.5 1 1 1 1
 0.5 1 1 1 1
 0.5 1 1 1 1
 0.5 1 1 1 1
 0.5 1 1 1 1
 0.5 1 1 1 1
 0.5 1 1 1 1
 0.5 1 1 1 1
 0.5 1 1 1 1
 0.5 1 1 1 1
 0.5 1 1 1 1
 0.5 1 1 1 1
 0.5 1 1 1 1
 0.5 1 1 1 1
 0.5 1 1 1 1
 0.5 1 1 1 1
 0.5 1 1 1 1
 0.5 1 1 1 1
Sel_pelaces
 0.5 1 1 1 1
 0.5 1 1 1 1
 0.5 1 1 1 1
 0.5 1 1 1 1
 0.5 1 1 1 1
 0.5 1 1 1 1
 0.5 1 1 1 1
 0.5 1 1 1 1
 0.5 1 1 1 1
 0.5 1 1 1 1
 0.5 1 1 1 1
 0.5 1 1 1 1
 0.5 1 1 1 1
 0.5 1 1 1 1
 0.5 1 1 1 1
 0.5 1 1 1 1
 0.5 1 1 1 1
 0.5 1 1 1 1
 0.5 1 1 1 1
 0.5 1 1 1 1
 0.5 1 1 1 1
 0.5 1 1 1 1
 0.5 1 1 1 1
 0.5 1 1 1 1
 0.5 1 1 1 1
 0.5 1 1 1 1
 0.5 1 1 1 1
 0.5 1 1 1 1
 0.5 1 1 1 1
 0.5 1 1 1 1
 0.5 1 1 1 1
pf_obs 
 0.8446 0.082 0.0669 0.0065 0
 0.8095 0.147 0.0364 0.0071 0
 0.9664 0.0169 0.016 0.0007 0
 0.9276 0.0648 0.0075 0.0001 0
 0.7033 0.2144 0.0806 0.0017 0
 0.9318 0.0425 0.0243 0.0014 0
 0.5671 0.3108 0.0964 0.0239 0.0018
 0.0768 0.2599 0.5324 0.112 0.0189
 0.490249 0.384438 0.106611 0.0170017 0.00170017
 0.7925 0.1577 0.0466 0.003 0.0002
 0.840416 0.127587 0.0312969 0.00059994 9.999e-05
 0.8084 0.0986 0.0794 0.0134 0.0002
 0.7335 0.1905 0.0724 0.0035 0.0001
 0.4001 0.4547 0.1325 0.0127 0
 0.49795 0.308269 0.164784 0.0264974 0.00249975
 0.9179 0.0499 0.0305 0.0017 0
 0.2467 0.6533 0.0926 0.0074 0
 0.9418 0.0223 0.034 0.0019 0
 0.707729 0.231977 0.0356964 0.0245975 0
 0.517169 0.277429 0.184464 0.0207286 0.00020938
 0.811772 0.124168 0.05621 0.00726502 0.000585176
 0.764997 0.148141 0.077277 0.00933861 0.000247198
 0.163321 0.427699 0.378323 0.0303852 0.000271297
 0.753843 0.0900009 0.118128 0.0371064 0.000921714
 0.721811 0.176058 0.0630433 0.0369309 0.00215725
 0.143369 0.312575 0.442814 0.0836902 0.0175525
 0.692698 0.0596174 0.167031 0.0765114 0.00414204
 0.394062 0.376323 0.152708 0.0712218 0.00568511
 0.125707 0.32114 0.495352 0.0537591 0.00404204
 0.23352 0.215282 0.420074 0.123614 0.00750983
 0.796117 0.104755 0.0508955 0.0450114 0.00322123
pf_pred 
 0.306954 0.418679 0.266457 1.69897e-06 0.00790724
 0.24507 0.361792 0.2375 0.151151 0.00448644
 0.468931 0.217204 0.150416 0.0987417 0.0647068
 0.667306 0.217061 0.0472932 0.0327511 0.0355887
 0.524929 0.386989 0.0574678 0.0125211 0.0180933
 0.574068 0.295541 0.106216 0.015773 0.00840263
 0.319302 0.50408 0.12255 0.0440437 0.0100247
 0.403211 0.30596 0.215368 0.0523593 0.0231007
 0.37152 0.363755 0.135719 0.0955337 0.0334728
 0.490808 0.283992 0.130342 0.0486312 0.0462261
 0.658828 0.230922 0.0614899 0.0282216 0.0205385
 0.593972 0.324253 0.0553499 0.0147386 0.0116873
 0.57595 0.326489 0.0779124 0.0132996 0.00634969
 0.518831 0.36319 0.0908357 0.0216768 0.00546684
 0.665719 0.242281 0.0694424 0.0173679 0.0051899
 0.829822 0.138952 0.0226314 0.00648662 0.00210713
 0.358667 0.588052 0.0435046 0.00708567 0.00269061
 0.759961 0.130264 0.100654 0.00744649 0.00167336
 0.537663 0.403706 0.0318178 0.0245854 0.00222757
 0.471913 0.381664 0.127855 0.0100767 0.00849171
 0.634175 0.242533 0.0891069 0.0298502 0.00433517
 0.596378 0.31826 0.0565927 0.0207922 0.00797681
 0.272749 0.555969 0.135058 0.0240159 0.0122085
 0.615663 0.169284 0.164403 0.0399375 0.0107118
 0.476274 0.403687 0.052872 0.0513477 0.0158192
 0.360021 0.419418 0.170008 0.0222664 0.0282865
 0.605563 0.212248 0.1194 0.0483979 0.0143914
 0.546987 0.345682 0.0577554 0.0324902 0.0170857
 0.272648 0.52091 0.15753 0.0263196 0.0225922
 0.385278 0.268498 0.247956 0.0749852 0.0232823
 0.782491 0.12342 0.0410963 0.0379521 0.0150408
pobs_RECLAS
 0 0 0 0 0
 0 0 0 0 0
 0 0 0 0 0
 0 0 0 0 0
 0 0 0 0 0
 0 0 0 0 0
 0 0 0 0 0
 0 0 0 0 0
 0 0 0 0 0
 0 0 0 0 0
 0.991045 0.00858322 0.000360255 1.14367e-05 0
 0.934742 0.0480273 0.0164251 0.00080598 0
 0.827803 0.169806 0.00239088 0 0
 0.941827 0.0461693 0.0120037 0 0
 0.791401 0.0380133 0.147996 0.0225897 0
 0.846168 0.0940531 0.0597789 0 0
 0.134021 0.677848 0.182769 0.00536245 0
 0.80878 0.0450904 0.141981 0.00414843 0
 0.846168 0.0940531 0.0597789 0 0
 0.905697 0.0802665 0.012482 0.00150086 5.37128e-05
 0.989698 0.0102097 9.19794e-05 0 0
 0.975433 0.0193895 0.00387452 0.00125025 5.28907e-05
 0.303575 0.632131 0.0575291 0.00676475 0
 0.966965 0.00978017 0.0227588 0.000495775 0
 0.843318 0.132988 0.00938335 0.0141283 0.000182051
 0.564624 0.303363 0.111486 0.0197234 0.00080311
 0.826376 0.0876187 0.0782897 0.00655872 0.00115652
 0.89761 0.0855135 0.0140674 0.00269457 0.000114338
 0.34875 0.467042 0.161289 0.0227151 0.000203297
 0.318654 0.224769 0.449479 0.00709798 0
 0.937255 0.0296025 0.0250945 0.00804832 0
ppred_RECLAS
 0.30819 0.417933 0.265982 1.69594e-06 0.00789315
 0.246954 0.360889 0.236908 0.150774 0.00447524
 0.47134 0.216219 0.149734 0.0982939 0.0644134
 0.670657 0.214874 0.0468168 0.0324212 0.0352302
 0.525866 0.386226 0.0573545 0.0124964 0.0180576
 0.576264 0.294017 0.105668 0.0156917 0.00835931
 0.323611 0.500889 0.121774 0.0437649 0.00996128
 0.403799 0.305659 0.215156 0.0523078 0.023078
 0.373923 0.362364 0.1352 0.0951684 0.0333448
 0.494215 0.282092 0.12947 0.0483059 0.0459168
 0.659707 0.230327 0.0613315 0.0281489 0.0204856
 0.599705 0.319674 0.0545683 0.0145304 0.0115223
 0.58129 0.322377 0.0769312 0.0131322 0.00626973
 0.528431 0.355943 0.0890233 0.0212443 0.00535776
 0.669938 0.239223 0.0685661 0.0171488 0.00512441
 0.832854 0.136477 0.0222283 0.00637108 0.00206959
 0.360818 0.58608 0.0433587 0.00706191 0.00268159
 0.762468 0.128904 0.0996034 0.00736874 0.00165589
 0.54254 0.399448 0.0314822 0.0243261 0.00220408
 0.475922 0.378766 0.126884 0.0100003 0.00842724
 0.636893 0.240731 0.0884447 0.0296283 0.00430296
 0.600149 0.315287 0.0560641 0.020598 0.0079023
 0.274234 0.554833 0.134782 0.0239669 0.0121836
 0.61744 0.168502 0.163644 0.0397529 0.0106623
 0.477983 0.40237 0.0526996 0.0511802 0.0157676
 0.361234 0.418623 0.169686 0.0222242 0.0282329
 0.607326 0.211299 0.118866 0.0481815 0.0143271
 0.548658 0.344407 0.0575423 0.0323703 0.0170227
 0.273661 0.520184 0.157311 0.0262829 0.0225607
 0.386937 0.267774 0.247287 0.074783 0.0232195
 0.783683 0.122744 0.040871 0.037744 0.0149584
pobs_PELACES
 0 0 0 0 0
 0 0 0 0 0
 0 0 0 0 0
 0 0 0 0 0
 0 0 0 0 0
 0 0 0 0 0
 0 0 0 0 0
 0 0 0 0 0
 0 0 0 0 0
 0 0 0 0 0
 0 0 0 0 0
 0 0 0 0 0
 0 0 0 0 0
 0 0 0 0 0
 0 0 0 0 0
 0 0 0 0 0
 0.505614 0.472636 0.0217494 0 0
 0 0 0 0 0
 0.443492 0.261883 0.143347 0.151278 0
 0.227955 0.32914 0.350689 0.0885471 0.00366901
 0.970185 0.0296113 0.000203453 0 0
 0.997202 0.00247181 0.000326279 0 0
 0.445219 0.490057 0.0546422 0.010081 0
 0.90214 0.0892962 0.00764917 0.000914606 0
 0 0 0 0 0
 0.581667 0.319106 0.0959925 0.00289975 0.000334073
 0.762889 0.0836404 0.116647 0.0363945 0.000428098
 0.88444 0.0763242 0.0277011 0.0115352 0
 0.521256 0.241999 0.230069 0.00667565 0
 0.616807 0.101726 0.260614 0.0208532 0
 0.833518 0.0704572 0.0857862 0.0102388 0
ppred_PELACES
 0.312762 0.415171 0.264225 1.68474e-06 0.00784099
 0.253598 0.357705 0.234818 0.149444 0.00443576
 0.479796 0.21276 0.147339 0.0967216 0.063383
 0.681614 0.207726 0.0452593 0.0313426 0.0340581
 0.529413 0.383336 0.0569254 0.0124029 0.0179225
 0.584004 0.288647 0.103738 0.0154051 0.00820663
 0.337455 0.490637 0.119281 0.0428691 0.00975739
 0.406074 0.304493 0.214335 0.0521082 0.0229899
 0.38234 0.357492 0.133382 0.0938889 0.0328965
 0.505653 0.275713 0.126542 0.0472135 0.0448784
 0.663019 0.228086 0.0607345 0.0278749 0.0202862
 0.617083 0.305796 0.0521994 0.0138996 0.0110221
 0.59777 0.309689 0.0739032 0.0126153 0.00602295
 0.554856 0.335998 0.0840347 0.0200538 0.00505753
 0.683202 0.229609 0.0658106 0.0164596 0.00491846
 0.842026 0.128988 0.0210086 0.00602148 0.00195603
 0.368434 0.579097 0.042842 0.00697776 0.00264964
 0.770736 0.124417 0.0961362 0.00711223 0.00159825
 0.557944 0.385997 0.030422 0.0235069 0.00212986
 0.489076 0.36926 0.123699 0.00974927 0.00821574
 0.646139 0.234601 0.0861926 0.0288739 0.00419339
 0.612462 0.305578 0.0543376 0.0199637 0.00765894
 0.279625 0.550712 0.133781 0.0237888 0.0120931
 0.623808 0.165697 0.160919 0.0390912 0.0104848
 0.48419 0.397585 0.0520729 0.0505716 0.0155801
 0.36575 0.415663 0.168486 0.0220671 0.0280333
 0.613661 0.20789 0.116948 0.0474042 0.0140959
 0.554724 0.339778 0.0567689 0.0319353 0.0167939
 0.277447 0.517473 0.156491 0.0261459 0.0224431
 0.392967 0.26514 0.244855 0.0740473 0.022991
 0.787963 0.120315 0.0400623 0.0369973 0.0146624
pobs_pel_tallas
 0 0 0 0 0 0 0 0 0 0 0 0 0 0 0 0 0 0 0 0 0 0 0 0 0 0
 0 0 0 0 0 0 0 0 0 0 0 0 0 0 0 0 0 0 0 0 0 0 0 0 0 0
 0 0 0 0 0 0 0 0 0 0 0 0 0 0 0 0 0 0 0 0 0 0 0 0 0 0
 0 0 0 0 0 0 0 0 0 0 0 0 0 0 0 0 0 0 0 0 0 0 0 0 0 0
 0 0 0 0 0 0 0 0 0 0 0 0 0 0 0 0 0 0 0 0 0 0 0 0 0 0
 0 0 0 0 0 0 0 0 0 0 0 0 0 0 0 0 0 0 0 0 0 0 0 0 0 0
 0 0 0 0 0 0 0 0 0 0 0 0 0 0 0 0 0 0 0 0 0 0 0 0 0 0
 0 0 0 0 0 0 0 0 0 0 0 0 0 0 0 0 0 0 0 0 0 0 0 0 0 0
 0 0 0 0 0 0 0 0 0 0 0 0 0 0 0 0 0 0 0 0 0 0 0 0 0 0
 0 0 0 0 0 0 0 0 0 0 0 0 0 0 0 0 0 0 0 0 0 0 0 0 0 0
 0 0 0 0 0 0 0 0 0 0 0 0 0 0 0 0 0 0 0 0 0 0 0 0 0 0
 0 0 0 0 0 0 0 0 0 0 0 0 0 0 0 0 0 0 0 0 0 0 0 0 0 0
 0.00862536 0 0 0.000197151 0.00414017 0.0128641 0.00837892 0.0270097 0.101434 0.158115 0.152841 0.127902 0.109271 0.109419 0.0830992 0.0579132 0.0238553 0.00714673 0.00463305 0.00128148 0.00103504 0.000492878 0.000147863 0.000147863 4.92878e-05 0
 0 0 0 0 0 0 0 0 0 0 0 0 0 0 0 0 0 0 0 0 0 0 0 0 0 0
 0 0 0 0 0 0 0 0.0054083 0.00873648 0.0413646 0.0450493 0.0745869 0.0622846 0.0627006 0.0613931 0.0827291 0.12552 0.122667 0.0946155 0.0697135 0.0546179 0.0294188 0.0215738 0.0213955 0.0102223 0.00600262
 0 0 0 0 0.00359764 0.0251062 0.0480494 0.140153 0.205849 0.193036 0.1447 0.116669 0.0760912 0.0342217 0.00950174 0.001854 0.000860785 0 0 0 0.000165536 0 0.000143464 0 0 0
 0 0 0 0 0 0 0 0.000145254 0.000435761 0.0275982 0.070085 0.0708112 0.156366 0.174668 0.174014 0.160142 0.0824315 0.0480064 0.0283245 0.00493863 0.00203355 0 0 0 0 0
 0 0 0 0 0 0 0 0 0 0 0 0 0 0 0 0 0 0 0 0 0 0 0 0 0 0
 0 0 1.00437e-05 0.000401748 0.00122533 0.00171747 0.00176769 0.0269171 0.070346 0.194647 0.189555 0.159765 0.064822 0.0314167 0.0384472 0.0292271 0.0345202 0.0313363 0.0194345 0.0106764 0.0143323 0.0359363 0.0279516 0.0138201 0.00172751 0
 0 0.0021121 0.0136068 0.0755702 0.200478 0.177729 0.0527432 0.0373336 0.0318909 0.0142505 0.0149659 0.0166563 0.0217959 0.0798694 0.0677717 0.0528807 0.04013 0.0224614 0.0357745 0.0225083 0.00881397 0.00855152 0.00135912 0.000746735 0 0
 0 0 0 0 5.4009e-05 0.00500934 0.000945158 0.0243581 0.138947 0.33067 0.221406 0.137944 0.0707744 0.0437923 0.0131692 0.00525238 0.0047753 0.00276346 9.45158e-05 9.00151e-06 2.25038e-05 9.00151e-06 4.50075e-06 0 0 0
 0.000866109 0.00284123 0.00948549 0.0512746 0.133035 0.25785 0.225252 0.132002 0.0553304 0.0519788 0.0540692 0.017754 0.00435017 0.00159236 0.00146478 0.000404838 0.000125132 0.000115318 0.000107957 0.000100596 0 0 0 0 0 0
 0 0 0 0 0.00144013 0.00171154 0.00461396 0.0210425 0.0478622 0.0707936 0.0888783 0.103762 0.0637923 0.0337046 0.0602308 0.124433 0.169614 0.0934646 0.0462172 0.0250306 0.0313229 0.00938855 0.002487 0.000210481 0 0
 0 0.00764035 0.051015 0.0998891 0.058973 0.0496711 0.0374665 0.0718981 0.12319 0.153886 0.159021 0.0857701 0.0377988 0.023471 0.0147837 0.00900784 0.00315554 0.000888139 0.00291439 0.00214683 0.00393193 0.00274676 0.000635225 9.99891e-05 0 0
 0 0 0 0 0 0 0 0 0 0 0 0 0 0 0 0 0 0 0 0 0 0 0 0 0 0
 0 0 0 0 0 0 0 0 0 0 0 0 0 0 0 0 0 0 0 0 0 0 0 0 0 0
 0 0 0 0 0 0 0 0 0 0 0 0 0 0 0 0 0 0 0 0 0 0 0 0 0 0
 0 0 0 0 0 0 0 0 0 0 0 0 0 0 0 0 0 0 0 0 0 0 0 0 0 0
 0 0 0 0 0 0 0 0 0 0 0 0 0 0 0 0 0 0 0 0 0 0 0 0 0 0
 0 0 0 0 0 0 0 0 0 0 0 0 0 0 0 0 0 0 0 0 0 0 0 0 0 0
 0 0 0 0 0 0 0 0 0 0 0 0 0 0 0 0 0 0 0 0 0 0 0 0 0 0
ppred_pel_tallas
 1.09059e-16 2.57618e-05 0.000250414 0.00166409 0.00756475 0.023537 0.0501495 0.0732031 0.0732434 0.0503467 0.0242 0.00948382 0.0064961 0.0108478 0.0202951 0.0338819 0.0496626 0.0642213 0.0740038 0.0772279 0.0747283 0.0689924 0.0622805 0.0554459 0.0481824 0.0400656
 1.22606e-16 2.08886e-05 0.000203045 0.0013493 0.00613377 0.0190846 0.0406631 0.0593562 0.059391 0.0408333 0.0196572 0.00779215 0.00552881 0.00938296 0.0176215 0.0295398 0.0435991 0.0570649 0.0671601 0.0726603 0.0745072 0.0748138 0.0750986 0.075238 0.0738376 0.0694627
 1.24733e-16 3.95202e-05 0.000384151 0.00255282 0.0116048 0.0361068 0.0769301 0.112286 0.112307 0.0770315 0.036448 0.0125932 0.00504553 0.00586466 0.0105645 0.0177146 0.0262652 0.0346567 0.0413632 0.0458118 0.0487086 0.051384 0.054668 0.0582121 0.0607151 0.0607422
 1.10267e-16 5.61437e-05 0.000545737 0.00362661 0.0164861 0.0512944 0.109289 0.159515 0.159535 0.109387 0.0516237 0.0174378 0.00601783 0.00577326 0.010007 0.0165176 0.0239444 0.0304601 0.0342648 0.0345953 0.0321999 0.0288182 0.0260735 0.0246354 0.0241485 0.0237488
 1.06018e-16 4.36071e-05 0.000423877 0.00281681 0.0128048 0.0398408 0.0848864 0.123902 0.123939 0.085067 0.0404471 0.0145562 0.00721341 0.010023 0.0182783 0.0301603 0.0434718 0.0547328 0.0604269 0.0589452 0.0515451 0.0414845 0.032053 0.0250304 0.0204638 0.017444
 1.06002e-16 4.81037e-05 0.000467585 0.00310727 0.0141252 0.0439489 0.0936388 0.136674 0.136702 0.0937753 0.0444074 0.0154509 0.0064398 0.00775859 0.0139421 0.0230958 0.0335523 0.0427913 0.0482559 0.0487398 0.0450435 0.0393047 0.0335833 0.0288464 0.0249577 0.0213425
 1.09519e-16 2.77958e-05 0.000270185 0.00179548 0.00816201 0.0253953 0.0541091 0.0789837 0.0790311 0.0543406 0.026173 0.0104094 0.00744108 0.0126091 0.0235047 0.0389278 0.0563435 0.0714256 0.0797713 0.0793522 0.0716798 0.0606681 0.0501526 0.0420318 0.0361254 0.0312694
 1.1538e-16 3.34478e-05 0.000325125 0.00216057 0.00982165 0.030559 0.0651102 0.0950364 0.0950661 0.0652551 0.0310464 0.0112332 0.00571754 0.00813611 0.0150037 0.0251076 0.0370024 0.0482954 0.056535 0.060565 0.0610777 0.0598291 0.0582077 0.0563788 0.0535593 0.0489377
 1.18924e-16 3.14929e-05 0.000306123 0.00203429 0.00924763 0.028773 0.0613052 0.0894839 0.0895185 0.0614744 0.0293417 0.0108925 0.00617162 0.00936624 0.0173231 0.0288158 0.042054 0.0540705 0.0618846 0.0642128 0.0622144 0.058559 0.0555734 0.0539444 0.0527793 0.0506221
 1.16052e-16 4.165e-05 0.000404853 0.00269039 0.0122302 0.0380527 0.0810762 0.118339 0.118365 0.0812069 0.038492 0.013501 0.00588842 0.00741271 0.0134298 0.0223462 0.0326875 0.0421814 0.0485488 0.0507925 0.049758 0.0474196 0.0454788 0.044406 0.0435142 0.0417359
 1.0804e-16 5.4612e-05 0.000530848 0.00352767 0.0160363 0.049895 0.106307 0.155163 0.155186 0.106415 0.0502569 0.0170821 0.00615566 0.00627725 0.0109965 0.0181691 0.0263514 0.0335354 0.037721 0.038018 0.0351689 0.0309962 0.0272271 0.0246208 0.0229181 0.0213893
 1.04844e-16 5.08284e-05 0.00049407 0.00328327 0.0149253 0.0464382 0.0989427 0.144416 0.144445 0.0990868 0.0469222 0.0163232 0.00679315 0.00815906 0.0146167 0.0241069 0.0347774 0.0438532 0.0485402 0.0475565 0.0418876 0.0340925 0.0267403 0.0211994 0.0174802 0.014869
 1.04497e-16 4.92376e-05 0.000478607 0.00318051 0.0144582 0.0449849 0.0958461 0.139897 0.139926 0.0959923 0.0454756 0.0158761 0.00674215 0.00826135 0.0148525 0.0245349 0.0354752 0.0448958 0.0499865 0.0494359 0.0441774 0.0366872 0.0294323 0.0236992 0.0194874 0.0161676
 1.05378e-16 4.57029e-05 0.000444248 0.00295219 0.0134202 0.0417555 0.0889657 0.129855 0.129887 0.0891242 0.0422881 0.0149593 0.00681828 0.00889365 0.0161211 0.0266538 0.038566 0.0488642 0.054515 0.0541059 0.0486473 0.0408042 0.0332114 0.0272116 0.022756 0.0191344
 1.04441e-16 5.62745e-05 0.000547008 0.00363506 0.0165245 0.0514139 0.109544 0.159887 0.159909 0.109652 0.0517782 0.0175773 0.00628034 0.00633063 0.0110668 0.0182758 0.0264838 0.0336454 0.0377061 0.0377103 0.034337 0.029368 0.0245414 0.0207061 0.0177763 0.0152485
 1.01575e-16 6.93566e-05 0.00067417 0.0044801 0.0203659 0.0633659 0.135008 0.197051 0.197064 0.135069 0.06357 0.0209554 0.00596012 0.00390591 0.00620953 0.0101625 0.0146485 0.0184543 0.0203928 0.0199171 0.0174389 0.0140378 0.0108038 0.00832733 0.00663184 0.00543703
 1.02533e-16 3.03475e-05 0.000294989 0.00196031 0.0089113 0.0277267 0.0590767 0.0862358 0.0862915 0.059349 0.028641 0.0115515 0.00858435 0.0147447 0.0274415 0.0452356 0.0649656 0.0812837 0.0887535 0.0848611 0.0715273 0.0538453 0.0371002 0.0243731 0.0160953 0.0111197
 1.0379e-16 6.34845e-05 0.000617092 0.0041008 0.0186416 0.0580011 0.123578 0.180368 0.18038 0.123637 0.0582004 0.0192188 0.0055555 0.00381208 0.00618795 0.0102767 0.0151394 0.0197473 0.0230685 0.0245835 0.0245123 0.0235141 0.0221363 0.0204986 0.0184159 0.0157451
 1.03695e-16 4.59572e-05 0.00044672 0.00296862 0.0134949 0.0419879 0.0894611 0.130579 0.130616 0.0896427 0.0425976 0.0152555 0.00738631 0.0100855 0.018337 0.0302043 0.04342 0.0544275 0.0596402 0.0574231 0.0490841 0.0380104 0.0276645 0.0199841 0.0151072 0.0121301
 1.06033e-16 4.02846e-05 0.000391581 0.00260219 0.0118292 0.0368053 0.0784188 0.114462 0.114498 0.0785933 0.0373915 0.0135238 0.00686118 0.0097064 0.0177817 0.0294651 0.042748 0.0543914 0.06109 0.0612739 0.0559662 0.047942 0.0399215 0.0332567 0.0278866 0.0231538
 1.06153e-16 5.32217e-05 0.000517334 0.00343787 0.015628 0.0486248 0.103601 0.151214 0.151236 0.103712 0.0489976 0.0167062 0.00614848 0.00644933 0.0113625 0.0188144 0.0273662 0.0349807 0.0396078 0.0402963 0.037713 0.0335824 0.0295246 0.0262322 0.0234821 0.0207119
 1.04945e-16 5.04478e-05 0.00049037 0.00325868 0.0148135 0.0460905 0.0982018 0.143335 0.143364 0.0983459 0.0465742 0.0162108 0.00676721 0.00815326 0.0146148 0.0241113 0.0348 0.0439169 0.0486786 0.0478094 0.0422908 0.0346631 0.027464 0.0220249 0.0183264 0.0156441
 1.08434e-16 2.30325e-05 0.000223884 0.00148779 0.0067633 0.0210434 0.0448372 0.0654524 0.0655056 0.0450971 0.0219162 0.00928519 0.00782241 0.0140668 0.0263554 0.0436446 0.0631268 0.0799215 0.0890439 0.0881682 0.0789543 0.0657964 0.0530624 0.0430145 0.0356265 0.0297613
 1.10381e-16 5.13823e-05 0.000499454 0.00331905 0.0150879 0.0469442 0.10002 0.145986 0.146002 0.100099 0.0472109 0.0158613 0.00527132 0.00479789 0.00832264 0.0139602 0.0207677 0.0275086 0.0329284 0.0364191 0.038266 0.0391989 0.0396537 0.0394086 0.0378529 0.0345623
 1.09313e-16 3.98822e-05 0.000387669 0.0025762 0.011711 0.0364376 0.0776356 0.113319 0.113358 0.0778229 0.0370665 0.0135277 0.00713709 0.0103467 0.0189625 0.031311 0.0451683 0.0569632 0.0631039 0.0619942 0.0550088 0.045559 0.0370062 0.0310387 0.0274586 0.0250593
 1.11926e-16 3.01265e-05 0.00029284 0.00194603 0.00884638 0.0275246 0.0586455 0.0856033 0.0856435 0.0588422 0.0281856 0.0107579 0.00675269 0.0108144 0.0200965 0.0333959 0.0486205 0.0622239 0.0705813 0.0719939 0.0676096 0.0604405 0.0533264 0.0474994 0.0426088 0.0377183
 1.10568e-16 5.05465e-05 0.00049133 0.00326506 0.0148425 0.0461807 0.0983935 0.143612 0.143633 0.0984922 0.0465126 0.0158032 0.0056841 0.00579731 0.0102021 0.0169832 0.0249262 0.0323362 0.037514 0.0396892 0.039419 0.0380481 0.0366882 0.0355637 0.0341385 0.0317333
 1.0777e-16 4.56919e-05 0.000444142 0.00295148 0.013417 0.0417455 0.0889445 0.129824 0.129857 0.0891046 0.0422833 0.0149707 0.00685274 0.00896511 0.0162423 0.0268171 0.0387199 0.0489006 0.0542916 0.0535137 0.0477032 0.0397191 0.0323819 0.0271142 0.0237772 0.0214138
 1.11069e-16 2.28531e-05 0.00022214 0.0014762 0.00671063 0.0208795 0.0444879 0.0649419 0.0649919 0.0447323 0.0217007 0.00908405 0.00744041 0.0132639 0.0248559 0.0412242 0.0597779 0.0760024 0.0852846 0.0854744 0.0780931 0.0671354 0.0564921 0.0480541 0.0416154 0.0360363
 1.18451e-16 3.23683e-05 0.000314631 0.00209084 0.00950465 0.0295726 0.0630086 0.0919683 0.0919942 0.0631353 0.0299992 0.0107411 0.00521167 0.0071842 0.0132463 0.0222879 0.0331393 0.0438607 0.052461 0.058005 0.0610132 0.0627292 0.0639043 0.0641749 0.0624706 0.0579499
 1.07379e-16 6.49035e-05 0.000630885 0.00419245 0.0190583 0.0592975 0.12634 0.184399 0.184411 0.126397 0.0594888 0.0196116 0.00558386 0.00367731 0.00587769 0.00968753 0.0141272 0.0181569 0.0207791 0.0215811 0.0209819 0.0199115 0.0191708 0.0189783 0.0189824 0.0186129
pSPR Fmed_Fpbrs
0.718707   0.285357 0.285357
Fs Fmed_Fpbrs
0.209816   1.005 1.005
SSBpbr Bo_Bmed_Bpbrs
2.13496e+06  1.42766e+06  502477 502477
Ro
224655
SPR SPRFo_SPRFmed_SPRFpbrs
1.6035e+06 1.15245e+06 457570
Fref
1.005
Nvult_r0
 381137 32208.4 10724.7 9904.18 3925.13
CTP_r0
 27268.9 4301.04 1432.16 1322.59 524.154
YTP_r0
391287
Np
 317973 70772.2 26509.9 1997.57 754.719
Nvult_p0
 247201 61242 22940.1 1728.58 653.088
CTP_p0
 82674.5 85389.9 6434.3 2142.49 2602.48
 82674.5 30697.4 11498.6 866.445 327.358
YTP_p0
 2.25708e+06 1.40275e+06
CBA_c0
2.00078e+06
log_Ro
12.1423
likeval ReclasPelacesDesembMPH_pf_preclas_ppelaces_ptallas_desvR_qrecl_qpela
 22.8492 19.6741 0.225892 0.00327726 252.151 137.951 104.858 0 19.1077 0 0 0.941663 0 0 0
q_reclas_q_pelaces
1 1
M
1
N
 233024 163197 103862 0.662242 3082.16
 104225 80352.9 52748.2 33570.2 996.424
 142638 34441.1 23850.9 15657 10260.3
 273990 47349.6 10316.5 7144.33 7763.32
 230825 86613.2 12862.1 2802.39 4049.51
 303829 81331.3 29230 4340.65 2312.36
 119304 101512 24679.1 8869.55 2018.79
 94572.3 36309.3 25558.5 6213.65 2741.44
 66093.5 33810.1 12614.7 8879.6 3111.21
 71318.3 21815 10012.3 3735.63 3550.87
 127937 22839.7 6081.76 2791.31 2031.39
 151181 45002.6 7681.93 2045.54 1622.07
 145024 44586.3 10639.9 1816.24 867.132
 109671 43401.9 10855 2590.42 653.297
 149297 29220.3 8375.11 2094.66 625.928
 503695 45705.9 7444.21 2133.66 693.102
 176976 151073 11176.5 1820.33 691.229
 650021 58932.5 45536.7 3368.84 757.041
 513862 207878 16383.8 12659.6 1147.03
 363208 156540 52439.8 4133 3482.89
 567074 113902 41847.7 14018.7 2035.95
 650232 184685 32840.6 12065.7 4628.92
 194156 204588 49699.2 8837.48 4492.55
 463069 65829.9 63932 15530.6 4165.52
 359096 156948 20555.9 19963.3 6150.27
 205280 122516 49661 6504.25 8262.77
 392995 71180.9 40042.7 16231 4826.4
 409403 133362 22281.6 12534.5 6591.55
 142950 139823 42284.4 7064.73 6064.21
 138086 49651.1 45852.4 13866.4 4305.39
 578002 47042.5 15664.2 14465.7 5732.92
pred_Ctot
 9279.44 12656.9 8055.18 0.0513611 239.041
 6762.48 9983.3 6553.59 4170.86 123.799
 8878.66 4112.5 2847.96 1869.56 1225.15
 24672.3 8025.4 1748.57 1210.91 1315.82
 6180.82 4556.63 676.659 147.431 213.041
 17769.4 9148 3287.74 488.229 260.09
 13228.2 20883.2 5077.03 1824.66 415.309
 1689.8 1282.24 902.578 219.43 96.8119
 4333.02 4242.47 1582.88 1114.21 390.392
 5903.15 3415.69 1567.68 584.907 555.979
 3557.31 1246.85 332.012 152.381 110.896
 19297.3 10534.5 1798.24 478.834 379.705
 17386.2 9855.73 2351.94 401.477 191.678
 19623.8 13737 3435.69 819.884 206.773
 16077.5 5851.2 1677.07 419.444 125.339
 59797.2 10012.9 1630.83 467.428 151.84
 10694.3 17533.8 1297.17 211.272 80.2255
 54315.5 9310.18 7193.91 532.211 119.598
 56708.9 42580.1 3355.92 2593.09 234.949
 34319.9 27756.5 9298.22 732.831 617.559
 41529.1 15882.4 5835.19 1954.75 283.89
 60249.5 32152.4 5717.31 2100.55 805.862
 9680.2 19732.1 4793.39 852.356 433.297
 23189.9 6376.33 6192.5 1504.31 403.476
 16576.5 14050.1 1840.18 1787.13 550.577
 7488.72 8724.24 3536.3 463.16 588.383
 19394.9 6797.87 3824.13 1550.08 460.927
 18650 11786.3 1969.22 1107.78 582.552
 5070.93 9688.3 2929.87 489.513 420.187
 6495.17 4526.44 4180.14 1264.13 392.501
 27268.9 4301.04 1432.16 1322.59 524.154
F
 0.0647138 0.129428 0.129428 0.129428 0.129428
 0.107304 0.214608 0.214608 0.214608 0.214608
 0.102751 0.205501 0.205501 0.205501 0.205501
 0.151639 0.303278 0.303278 0.303278 0.303278
 0.0431282 0.0862564 0.0862564 0.0862564 0.0862564
 0.0962863 0.192573 0.192573 0.192573 0.192573
 0.189605 0.37921 0.37921 0.37921 0.37921
 0.0286056 0.0572111 0.0572111 0.0572111 0.0572111
 0.108473 0.216947 0.216947 0.216947 0.216947
 0.138651 0.277303 0.277303 0.277303 0.277303
 0.0448155 0.089631 0.089631 0.089631 0.089631
 0.221052 0.442104 0.442104 0.442104 0.442104
 0.206398 0.412797 0.412797 0.412797 0.412797
 0.322619 0.645238 0.645238 0.645238 0.645238
 0.183713 0.367426 0.367426 0.367426 0.367426
 0.204208 0.408416 0.408416 0.408416 0.408416
 0.0996215 0.199243 0.199243 0.199243 0.199243
 0.140051 0.280102 0.280102 0.280102 0.280102
 0.188644 0.377288 0.377288 0.377288 0.377288
 0.159638 0.319275 0.319275 0.319275 0.319275
 0.121836 0.243673 0.243673 0.243673 0.243673
 0.156332 0.312664 0.312664 0.312664 0.312664
 0.0815888 0.163178 0.163178 0.163178 0.163178
 0.081963 0.163926 0.163926 0.163926 0.163926
 0.0753464 0.150693 0.150693 0.150693 0.150693
 0.059148 0.118296 0.118296 0.118296 0.118296
 0.080732 0.161464 0.161464 0.161464 0.161464
 0.0743232 0.148646 0.148646 0.148646 0.148646
 0.0574752 0.11495 0.11495 0.11495 0.11495
 0.0768223 0.153645 0.153645 0.153645 0.153645
 0.0770594 0.154119 0.154119 0.154119 0.154119
YTP_r0W_actual
 226332 60644.7 39527.5 45232.4 19550.9
YTP_p0W_proyectada
 619232 1.33806e+06 148825 62924.8 88042
 619232 481028 265963 25447.5 11074.5
CTP_r0_actual
 27268.9 4301.04 1432.16 1322.59 524.154
CTP_p0_proyectada
 82674.5 85389.9 6434.3 2142.49 2602.48
 82674.5 30697.4 11498.6 866.445 327.358
Wmedp
 7.49 15.67 23.13 29.37 33.83
Frms_r0
 0.0770594 0.154119 0.154119 0.154119 0.154119
Zrms_r0
 1.07706 1.15412 1.15412 1.15412 1.15412
nmprior
 8.19 8.8 8.5 0
nm_flota  nm_reclas  nm_pelaces    nm_pelaL
inf 7.18437 7.84699 14.5584
cv_recla  cv_pelaces  cv_mph
0.432375 0.502943 1.76669
 ------------------------------------------------
Talla a la edad & desviaci?n 
 8 13.2811 15.8009 17.003 17.5766
 0.8 1.32811 1.58009 1.7003 1.75766
