years
 1991 1992 1993 1994 1995 1996 1997 1998 1999 2000 2001 2002 2003 2004 2005 2006 2007 2008 2009 2010 2011 2012 2013 2014 2015 2016 2017 2018 2019 2020 2021
reclasobs
 0 0 0 0 0 0 0 0 0 252601 567819 844713 477998 351125 339783 2.1784e+06 2.13404e+06 4.81314e+06 1.55562e+06 2.62356e+06 3.21686e+06 3.843e+06 1.13348e+06 3.07943e+06 1.97215e+06 2.03268e+06 2.025e+06 2.42433e+06 2.27542e+06 1.05018e+06 2.36338e+06
reclaspred
 1.91209e+06 912456 448010 23715.4 22250.7 1.32601e+06 1.64021e+06 917162 440167 77594.1 157304 263633 528513 333272 155230 613247 896650 1.35066e+06 1.61991e+06 890642 1.24619e+06 1.5758e+06 1.60521e+06 1.54272e+06 1.26258e+06 1.09298e+06 1.27613e+06 1.30822e+06 1.18325e+06 422820 737100
pelacesobs
 0 0 0 0 0 0 0 0 0 0 0 0 0 0 0 552880 188675 0 991730 2.46772e+06 1.41603e+06 1.21717e+06 2.29649e+06 1.80582e+06 0 1.4828e+06 1.56532e+06 1.57751e+06 1.42118e+06 867257 1.10002e+06
pelacespred
 904521 441921 204880 2617.44 4699.85 626158 732552 475176 220171 25447.1 69063.2 91563.6 239732 130328 61229.6 235650 347575 593841 750260 399023 512634 684222 696651 736259 615093 491081 700690 713471 527117 205763 360826
mphobs
 0 0 0 0 0 0 0 0 0 0 0 498337 0 5186 125008 0 168611 109162 213762 579715 649985 157893 87575 83554 0 0 0 0 0 0 0
mphpred
 2.08041e+06 961359 553985 109525 1349.74 14855.6 1.76214e+06 975391 523928 173533 15751.1 192625 186782 451476 120164 94135.7 745843 621845 1.14179e+06 1.18278e+06 534627 984455 1.50746e+06 1.05241e+06 1.12932e+06 1.02011e+06 644329 1.06304e+06 1.18999e+06 597367 175549
desembarqueobs
 494567 514787 250237 358949 120608 361735 552515 73892 212993 205616 52469 317467 293654 387597 252695 516296 358380 742168 942051 627588 828172 859565 418607 520667 417249 300574 415391 372974 316634 284311 391294
desembarquepred
 495682 514605 250221 358294 119860 361519 551930 73835.6 212963 205274 52620.7 316010 295480 389106 253536 515424 358555 744655 944140 629038 825803 855604 418408 519446 417655 301271 415515 374214 318178 284945 391747
Reclutas
 133.735 184249 11814 6481.86 41692.1 719254 3358.54 547.213 16266.5 1629.15 93451.1 97208.3 251216 13210.1 44785.4 435960 65206.8 508594 530204 6995.63 398380 733022 41734 218078 271021 44348.5 326211 214436 21820.1 2645.98 269407
log_desv_Rt
 -5.86249 1.36569 -1.38131 -1.98159 -0.120284 2.72762 -2.63909 -4.45351 -1.06149 -3.36254 0.686844 0.726262 1.67572 -1.26961 -0.0487119 2.22696 0.326969 2.38106 2.42267 -1.90531 2.13681 2.74658 -0.119278 1.53426 1.7516 -0.0585155 1.93695 1.51742 -0.767762 -2.87755 1.74563
SSB
 2.08041e+06 961359 553985 109525 1349.74 14855.6 1.76214e+06 975391 523928 173533 15751.1 192625 186782 451476 120164 94135.7 745843 621845 1.14179e+06 1.18278e+06 534627 984455 1.50746e+06 1.05241e+06 1.12932e+06 1.02011e+06 644329 1.06304e+06 1.18999e+06 597367 175549
BT
 2.53861e+06 1.75977e+06 724186 303223 107151 3.18289e+06 2.18299e+06 1.16386e+06 777354 283693 346522 568497 1.21791e+06 704812 475969 1.43288e+06 1.19617e+06 2.87709e+06 3.42172e+06 1.555e+06 2.64359e+06 3.08447e+06 2.0525e+06 2.86911e+06 2.15145e+06 1.51377e+06 3.04497e+06 2.63188e+06 1.51943e+06 785454 1.89335e+06
Ftot
 0.243263 0.516977 0.509148 4.93592 3.82487 0.258626 0.313488 0.0767436 0.445269 1.9084 0.316186 1.04418 0.518921 0.998468 1.38189 0.772473 0.371243 0.510568 0.536328 0.633682 0.608349 0.502143 0.244718 0.31545 0.309691 0.258564 0.306331 0.269074 0.252188 0.606782 0.49616
BD_Bspro_t
 0.961826 0.721845 0.548155 0.187483 0.00391867 0.0552504 0.782804 0.608171 0.538647 0.321477 0.0709319 0.558642 0.396483 0.517875 0.212662 0.187272 0.526318 0.467856 0.563049 0.524212 0.304667 0.446305 0.573714 0.517623 0.57164 0.608147 0.560966 0.691081 0.700049 0.544013 0.31625
BD_Bspro
 6.18981 2.86031 1.64826 0.325868 0.00401585 0.0441996 5.24287 2.90206 1.55883 0.516309 0.046864 0.573114 0.555728 1.34327 0.35752 0.28008 2.21909 1.85016 3.39715 3.51909 1.59066 2.92903 4.48511 3.13121 3.36003 3.03512 1.91706 3.16284 3.54056 1.77733 0.522306
BD_Bo
 1.28343 0.593074 0.34176 0.0675674 0.000832669 0.00916459 1.08709 0.60173 0.323217 0.107055 0.00971704 0.118833 0.115228 0.278521 0.0741303 0.0580734 0.460119 0.383623 0.704385 0.729668 0.329817 0.607322 0.929968 0.649242 0.696688 0.629319 0.397494 0.655802 0.734119 0.368523 0.108298
BD_Brms
 5.44814 2.51758 1.45076 0.286822 0.00353466 0.0389035 4.61466 2.55433 1.37205 0.454444 0.0412486 0.504442 0.48914 1.18231 0.314681 0.24652 1.9532 1.62847 2.9901 3.09743 1.40007 2.57807 3.9477 2.75602 2.95743 2.67145 1.68735 2.78387 3.11632 1.56437 0.459722
Sel_flota
 0.5 1 1 1 1
 0.5 1 1 1 1
 0.5 1 1 1 1
 0.5 1 1 1 1
 0.5 1 1 1 1
 0.5 1 1 1 1
 0.5 1 1 1 1
 0.5 1 1 1 1
 0.5 1 1 1 1
 0.5 1 1 1 1
 0.5 1 1 1 1
 0.5 1 1 1 1
 0.5 1 1 1 1
 0.5 1 1 1 1
 0.5 1 1 1 1
 0.5 1 1 1 1
 0.5 1 1 1 1
 0.5 1 1 1 1
 0.5 1 1 1 1
 0.5 1 1 1 1
 0.5 1 1 1 1
 0.5 1 1 1 1
 0.5 1 1 1 1
 0.5 1 1 1 1
 0.5 1 1 1 1
 0.5 1 1 1 1
 0.5 1 1 1 1
 0.5 1 1 1 1
 0.5 1 1 1 1
 0.5 1 1 1 1
 0.5 1 1 1 1
Sel_reclas
 0.5 1 1 1 1
 0.5 1 1 1 1
 0.5 1 1 1 1
 0.5 1 1 1 1
 0.5 1 1 1 1
 0.5 1 1 1 1
 0.5 1 1 1 1
 0.5 1 1 1 1
 0.5 1 1 1 1
 0.5 1 1 1 1
 0.5 1 1 1 1
 0.5 1 1 1 1
 0.5 1 1 1 1
 0.5 1 1 1 1
 0.5 1 1 1 1
 0.5 1 1 1 1
 0.5 1 1 1 1
 0.5 1 1 1 1
 0.5 1 1 1 1
 0.5 1 1 1 1
 0.5 1 1 1 1
 0.5 1 1 1 1
 0.5 1 1 1 1
 0.5 1 1 1 1
 0.5 1 1 1 1
 0.5 1 1 1 1
 0.5 1 1 1 1
 0.5 1 1 1 1
 0.5 1 1 1 1
 0.5 1 1 1 1
 0.5 1 1 1 1
Sel_pelaces
 0.5 1 1 1 1
 0.5 1 1 1 1
 0.5 1 1 1 1
 0.5 1 1 1 1
 0.5 1 1 1 1
 0.5 1 1 1 1
 0.5 1 1 1 1
 0.5 1 1 1 1
 0.5 1 1 1 1
 0.5 1 1 1 1
 0.5 1 1 1 1
 0.5 1 1 1 1
 0.5 1 1 1 1
 0.5 1 1 1 1
 0.5 1 1 1 1
 0.5 1 1 1 1
 0.5 1 1 1 1
 0.5 1 1 1 1
 0.5 1 1 1 1
 0.5 1 1 1 1
 0.5 1 1 1 1
 0.5 1 1 1 1
 0.5 1 1 1 1
 0.5 1 1 1 1
 0.5 1 1 1 1
 0.5 1 1 1 1
 0.5 1 1 1 1
 0.5 1 1 1 1
 0.5 1 1 1 1
 0.5 1 1 1 1
 0.5 1 1 1 1
pf_obs 
 0.8446 0.082 0.0669 0.0065 0
 0.8095 0.147 0.0364 0.0071 0
 0.9664 0.0169 0.016 0.0007 0
 0.9276 0.0648 0.0075 0.0001 0
 0.7033 0.2144 0.0806 0.0017 0
 0.9318 0.0425 0.0243 0.0014 0
 0.5671 0.3108 0.0964 0.0239 0.0018
 0.0768 0.2599 0.5324 0.112 0.0189
 0.490249 0.384438 0.106611 0.0170017 0.00170017
 0.7925 0.1577 0.0466 0.003 0.0002
 0.840416 0.127587 0.0312969 0.00059994 9.999e-05
 0.8084 0.0986 0.0794 0.0134 0.0002
 0.7335 0.1905 0.0724 0.0035 0.0001
 0.4001 0.4547 0.1325 0.0127 0
 0.49795 0.308269 0.164784 0.0264974 0.00249975
 0.9179 0.0499 0.0305 0.0017 0
 0.2467 0.6533 0.0926 0.0074 0
 0.9418 0.0223 0.034 0.0019 0
 0.707729 0.231977 0.0356964 0.0245975 0
 0.517169 0.277429 0.184464 0.0207286 0.00020938
 0.811772 0.124168 0.05621 0.00726502 0.000585176
 0.764997 0.148141 0.077277 0.00933861 0.000247198
 0.163321 0.427699 0.378323 0.0303852 0.000271297
 0.753843 0.0900009 0.118128 0.0371064 0.000921714
 0.721811 0.176058 0.0630433 0.0369309 0.00215725
 0.143369 0.312575 0.442814 0.0836902 0.0175525
 0.692698 0.0596174 0.167031 0.0765114 0.00414204
 0.394062 0.376323 0.152708 0.0712218 0.00568511
 0.125707 0.32114 0.495352 0.0537591 0.00404204
 0.23352 0.215282 0.420074 0.123614 0.00750983
 0.774587 0.0839891 0.0768558 0.0609784 0.00358967
pf_pred 
 0.000510208 0.27606 0.690011 0.0235436 0.00987531
 0.71937 0.000307719 0.0774252 0.193524 0.00937284
 0.0964935 0.774538 0.000141418 0.0355821 0.0932448
 0.242101 0.151378 0.519945 9.49333e-05 0.086481
 0.992563 0.00609334 0.000268458 0.000922084 0.000153536
 0.99405 0.00594476 4.25702e-06 1.87554e-07 7.51466e-07
 0.00760985 0.989648 0.00273929 1.9616e-06 4.32692e-07
 0.00434192 0.0164986 0.976454 0.00270277 2.36237e-06
 0.288272 0.00629264 0.0116895 0.691829 0.00191662
 0.0995617 0.433279 0.00413032 0.00767265 0.455356
 0.984688 0.00456647 0.00517041 4.92879e-05 0.00552541
 0.664781 0.332865 0.000701919 0.000794752 0.000856896
 0.847247 0.129408 0.0231818 4.88839e-05 0.000115026
 0.0934067 0.841849 0.0548495 0.00982561 6.94732e-05
 0.679718 0.070734 0.231727 0.0150978 0.00272371
 0.963683 0.0315948 0.00104281 0.00341627 0.000262737
 0.24085 0.748083 0.0096279 0.000317775 0.00112111
 0.854024 0.0605986 0.0841331 0.0010828 0.000161824
 0.654058 0.322374 0.00978372 0.0135834 0.000200946
 0.0211538 0.799475 0.167151 0.00507285 0.00714718
 0.856388 0.00717412 0.111436 0.0232986 0.00170331
 0.777511 0.208032 0.000722205 0.0112181 0.00251689
 0.085153 0.814847 0.0935022 0.000324603 0.00617333
 0.58784 0.0687651 0.305859 0.0350968 0.00243905
 0.614684 0.292152 0.0155437 0.0691365 0.00848461
 0.175436 0.641379 0.138893 0.00738969 0.0369022
 0.792067 0.065482 0.110804 0.0239951 0.00765185
 0.495376 0.450664 0.0169931 0.0287546 0.00821265
 0.101725 0.611082 0.256483 0.00967115 0.0210389
 0.0395829 0.188498 0.525125 0.220405 0.0263902
 0.949146 0.00459793 0.00907853 0.0252913 0.0118863
pobs_RECLAS
 0 0 0 0 0
 0 0 0 0 0
 0 0 0 0 0
 0 0 0 0 0
 0 0 0 0 0
 0 0 0 0 0
 0 0 0 0 0
 0 0 0 0 0
 0 0 0 0 0
 0 0 0 0 0
 0.991045 0.00858322 0.000360255 1.14367e-05 0
 0.934742 0.0480273 0.0164251 0.00080598 0
 0.827803 0.169806 0.00239088 0 0
 0.941827 0.0461693 0.0120037 0 0
 0.791401 0.0380133 0.147996 0.0225897 0
 0.846168 0.0940531 0.0597789 0 0
 0.134021 0.677848 0.182769 0.00536245 0
 0.80878 0.0450904 0.141981 0.00414843 0
 0.846168 0.0940531 0.0597789 0 0
 0.905697 0.0802665 0.012482 0.00150086 5.37128e-05
 0.989698 0.0102097 9.19794e-05 0 0
 0.975433 0.0193895 0.00387452 0.00125025 5.28907e-05
 0.303575 0.632131 0.0575291 0.00676475 0
 0.966965 0.00978017 0.0227588 0.000495775 0
 0.843318 0.132988 0.00938335 0.0141283 0.000182051
 0.564624 0.303363 0.111486 0.0197234 0.00080311
 0.826376 0.0876187 0.0782897 0.00655872 0.00115652
 0.89761 0.0855135 0.0140674 0.00269457 0.000114338
 0.34875 0.467042 0.161289 0.0227151 0.000203297
 0.318654 0.224769 0.449479 0.00709798 0
 0.937255 0.0296025 0.0250945 0.00804832 0
ppred_RECLAS
 0.000516216 0.276059 0.690006 0.0235435 0.00987525
 0.725181 0.000301348 0.0758221 0.189517 0.00917877
 0.0989994 0.77239 0.000141026 0.0354835 0.0929861
 0.397561 0.120328 0.413294 7.54607e-05 0.0687421
 0.995472 0.00370945 0.00016343 0.000561339 9.34685e-05
 0.994124 0.00587094 4.20416e-06 1.85225e-07 7.42135e-07
 0.00772961 0.989529 0.00273896 1.96136e-06 4.3264e-07
 0.0043563 0.0164984 0.97644 0.00270273 2.36233e-06
 0.293229 0.00624881 0.011608 0.68701 0.00190327
 0.116504 0.425127 0.0040526 0.00752828 0.446788
 0.984926 0.00449554 0.0050901 4.85223e-05 0.00543959
 0.680998 0.316762 0.000667963 0.000756304 0.000815442
 0.850976 0.126249 0.0226159 4.76906e-05 0.000112218
 0.0994375 0.836249 0.0544846 0.00976025 6.90111e-05
 0.703116 0.0655665 0.214798 0.0139949 0.00252473
 0.965354 0.0301417 0.000994847 0.00325915 0.000250654
 0.244388 0.744597 0.00958303 0.000316294 0.00111588
 0.857543 0.0591377 0.0821048 0.0010567 0.000157922
 0.660892 0.316006 0.00959045 0.0133151 0.000196977
 0.0219465 0.798828 0.167015 0.00506875 0.00714139
 0.860718 0.00695781 0.108076 0.0225961 0.00165195
 0.782304 0.20355 0.000706646 0.0109764 0.00246267
 0.0860764 0.814024 0.0934078 0.000324276 0.0061671
 0.591675 0.0681252 0.303013 0.0347702 0.00241636
 0.618351 0.289371 0.0153957 0.0684785 0.00840386
 0.177261 0.639959 0.138586 0.00737333 0.0368205
 0.794577 0.0646913 0.109466 0.0237054 0.00755945
 0.498666 0.447726 0.0168823 0.0285672 0.00815911
 0.102847 0.610319 0.256162 0.00965908 0.0210126
 0.0409563 0.188228 0.524374 0.220089 0.0263525
 0.950457 0.00447935 0.00884441 0.0246391 0.0115797
pobs_PELACES
 0 0 0 0 0
 0 0 0 0 0
 0 0 0 0 0
 0 0 0 0 0
 0 0 0 0 0
 0 0 0 0 0
 0 0 0 0 0
 0 0 0 0 0
 0 0 0 0 0
 0 0 0 0 0
 0 0 0 0 0
 0 0 0 0 0
 0 0 0 0 0
 0 0 0 0 0
 0 0 0 0 0
 0 0 0 0 0
 0.505614 0.472636 0.0217494 0 0
 0 0 0 0 0
 0.443492 0.261883 0.143347 0.151278 0
 0.227955 0.32914 0.350689 0.0885471 0.00366901
 0.970185 0.0296113 0.000203453 0 0
 0.997202 0.00247181 0.000326279 0 0
 0.445219 0.490057 0.0546422 0.010081 0
 0.90214 0.0892962 0.00764917 0.000914606 0
 0 0 0 0 0
 0.581667 0.319106 0.0959925 0.00289975 0.000334073
 0.762889 0.0836404 0.116647 0.0363945 0.000428098
 0.88444 0.0763242 0.0277011 0.0115352 0
 0.521256 0.241999 0.230069 0.00667565 0
 0.616807 0.101726 0.260614 0.0208532 0
 0.833518 0.0704572 0.0857862 0.0102388 0
ppred_PELACES
 0.000537346 0.276053 0.689992 0.023543 0.00987504
 0.741851 0.000283069 0.0712229 0.178021 0.00862201
 0.106749 0.765746 0.000139813 0.0351782 0.0921863
 0.598396 0.0802139 0.275514 5.03043e-05 0.0458255
 0.997586 0.00197764 8.713e-05 0.000299269 4.98313e-05
 0.994368 0.00562706 4.02952e-06 1.77531e-07 7.11306e-07
 0.00813661 0.989123 0.00273784 1.96056e-06 4.32462e-07
 0.00441157 0.0164975 0.976386 0.00270258 2.3622e-06
 0.308683 0.00611218 0.0113542 0.671989 0.00186165
 0.153025 0.407554 0.00388508 0.00721709 0.428319
 0.985682 0.00427029 0.00483506 4.60911e-05 0.00516704
 0.717208 0.280807 0.000592143 0.000670457 0.000722882
 0.861511 0.117324 0.0210171 4.43191e-05 0.000104285
 0.115195 0.821617 0.0535313 0.00958947 6.78036e-05
 0.748418 0.0555616 0.182022 0.0118594 0.00213948
 0.969373 0.0266451 0.000879441 0.00288108 0.000221577
 0.255876 0.733277 0.00943733 0.000311485 0.00109892
 0.867528 0.0549927 0.0763501 0.000982632 0.000146854
 0.680434 0.297795 0.00903778 0.0125478 0.000185625
 0.0243066 0.7969 0.166612 0.00505652 0.00712416
 0.872322 0.00637815 0.0990723 0.0207136 0.00151433
 0.796084 0.190665 0.000661915 0.0102816 0.00230678
 0.0893064 0.811147 0.0930777 0.000323129 0.0061453
 0.604187 0.0660377 0.293728 0.0337048 0.00234231
 0.630335 0.280285 0.0149123 0.0663282 0.00813997
 0.183569 0.635053 0.137523 0.0073168 0.0365382
 0.802705 0.0621318 0.105135 0.0227675 0.00726037
 0.509764 0.437814 0.0165086 0.0279348 0.00797849
 0.10675 0.607664 0.255048 0.00961705 0.0209212
 0.0450747 0.18742 0.522122 0.219144 0.0262393
 0.954173 0.00414339 0.00818105 0.0227911 0.0107112
pobs_pel_tallas
 0 0 0 0 0 0 0 0 0 0 0 0 0 0 0 0 0 0 0 0 0 0 0 0 0 0
 0 0 0 0 0 0 0 0 0 0 0 0 0 0 0 0 0 0 0 0 0 0 0 0 0 0
 0 0 0 0 0 0 0 0 0 0 0 0 0 0 0 0 0 0 0 0 0 0 0 0 0 0
 0 0 0 0 0 0 0 0 0 0 0 0 0 0 0 0 0 0 0 0 0 0 0 0 0 0
 0 0 0 0 0 0 0 0 0 0 0 0 0 0 0 0 0 0 0 0 0 0 0 0 0 0
 0 0 0 0 0 0 0 0 0 0 0 0 0 0 0 0 0 0 0 0 0 0 0 0 0 0
 0 0 0 0 0 0 0 0 0 0 0 0 0 0 0 0 0 0 0 0 0 0 0 0 0 0
 0 0 0 0 0 0 0 0 0 0 0 0 0 0 0 0 0 0 0 0 0 0 0 0 0 0
 0 0 0 0 0 0 0 0 0 0 0 0 0 0 0 0 0 0 0 0 0 0 0 0 0 0
 0 0 0 0 0 0 0 0 0 0 0 0 0 0 0 0 0 0 0 0 0 0 0 0 0 0
 0 0 0 0 0 0 0 0 0 0 0 0 0 0 0 0 0 0 0 0 0 0 0 0 0 0
 0 0 0 0 0 0 0 0 0 0 0 0 0 0 0 0 0 0 0 0 0 0 0 0 0 0
 0.00862536 0 0 0.000197151 0.00414017 0.0128641 0.00837892 0.0270097 0.101434 0.158115 0.152841 0.127902 0.109271 0.109419 0.0830992 0.0579132 0.0238553 0.00714673 0.00463305 0.00128148 0.00103504 0.000492878 0.000147863 0.000147863 4.92878e-05 0
 0 0 0 0 0 0 0 0 0 0 0 0 0 0 0 0 0 0 0 0 0 0 0 0 0 0
 0 0 0 0 0 0 0 0.0054083 0.00873648 0.0413646 0.0450493 0.0745869 0.0622846 0.0627006 0.0613931 0.0827291 0.12552 0.122667 0.0946155 0.0697135 0.0546179 0.0294188 0.0215738 0.0213955 0.0102223 0.00600262
 0 0 0 0 0.00359764 0.0251062 0.0480494 0.140153 0.205849 0.193036 0.1447 0.116669 0.0760912 0.0342217 0.00950174 0.001854 0.000860785 0 0 0 0.000165536 0 0.000143464 0 0 0
 0 0 0 0 0 0 0 0.000145254 0.000435761 0.0275982 0.070085 0.0708112 0.156366 0.174668 0.174014 0.160142 0.0824315 0.0480064 0.0283245 0.00493863 0.00203355 0 0 0 0 0
 0 0 0 0 0 0 0 0 0 0 0 0 0 0 0 0 0 0 0 0 0 0 0 0 0 0
 0 0 1.00437e-05 0.000401748 0.00122533 0.00171747 0.00176769 0.0269171 0.070346 0.194647 0.189555 0.159765 0.064822 0.0314167 0.0384472 0.0292271 0.0345202 0.0313363 0.0194345 0.0106764 0.0143323 0.0359363 0.0279516 0.0138201 0.00172751 0
 0 0.0021121 0.0136068 0.0755702 0.200478 0.177729 0.0527432 0.0373336 0.0318909 0.0142505 0.0149659 0.0166563 0.0217959 0.0798694 0.0677717 0.0528807 0.04013 0.0224614 0.0357745 0.0225083 0.00881397 0.00855152 0.00135912 0.000746735 0 0
 0 0 0 0 5.4009e-05 0.00500934 0.000945158 0.0243581 0.138947 0.33067 0.221406 0.137944 0.0707744 0.0437923 0.0131692 0.00525238 0.0047753 0.00276346 9.45158e-05 9.00151e-06 2.25038e-05 9.00151e-06 4.50075e-06 0 0 0
 0.000866109 0.00284123 0.00948549 0.0512746 0.133035 0.25785 0.225252 0.132002 0.0553304 0.0519788 0.0540692 0.017754 0.00435017 0.00159236 0.00146478 0.000404838 0.000125132 0.000115318 0.000107957 0.000100596 0 0 0 0 0 0
 0 0 0 0 0.00144013 0.00171154 0.00461396 0.0210425 0.0478622 0.0707936 0.0888783 0.103762 0.0637923 0.0337046 0.0602308 0.124433 0.169614 0.0934646 0.0462172 0.0250306 0.0313229 0.00938855 0.002487 0.000210481 0 0
 0 0.00764035 0.051015 0.0998891 0.058973 0.0496711 0.0374665 0.0718981 0.12319 0.153886 0.159021 0.0857701 0.0377988 0.023471 0.0147837 0.00900784 0.00315554 0.000888139 0.00291439 0.00214683 0.00393193 0.00274676 0.000635225 9.99891e-05 0 0
 0 0 0 0 0 0 0 0 0 0 0 0 0 0 0 0 0 0 0 0 0 0 0 0 0 0
 0 0 0 0 0 0 0 0 0 0 0 0 0 0 0 0 0 0 0 0 0 0 0 0 0 0
 0 0 0 0 0 0 0 0 0 0 0 0 0 0 0 0 0 0 0 0 0 0 0 0 0 0
 0 0 0 0 0 0 0 0 0 0 0 0 0 0 0 0 0 0 0 0 0 0 0 0 0 0
 0 0 0 0 0 0 0 0 0 0 0 0 0 0 0 0 0 0 0 0 0 0 0 0 0 0
 0 0 0 0 0 0 0 0 0 0 0 0 0 0 0 0 0 0 0 0 0 0 0 0 0 0
 0 0 0 0 0 0 0 0 0 0 0 0 0 0 0 0 0 0 0 0 0 0 0 0 0 0
ppred_pel_tallas
 1.24015e-16 4.43212e-08 4.30841e-07 2.86441e-06 1.3038e-05 4.07135e-05 8.77605e-05 0.000133862 0.000161479 0.000223183 0.000498339 0.00134767 0.00340138 0.0075793 0.0148609 0.0257828 0.0399604 0.0561009 0.0726486 0.0885167 0.103102 0.11548 0.1237 0.125178 0.11815 0.10303
 1.21368e-16 6.11053e-05 0.000593965 0.00394711 0.017943 0.0558272 0.118946 0.173605 0.173605 0.118947 0.0558314 0.0179574 0.00399274 0.000725764 0.000409139 0.000845589 0.00186358 0.00378433 0.00705191 0.0120663 0.0189745 0.0274486 0.0365662 0.0449045 0.0508785 0.0532244
 1.19329e-16 8.79297e-06 8.54709e-05 0.000567988 0.00258203 0.00803406 0.0171201 0.0250028 0.0250765 0.01748 0.00924193 0.00606898 0.00931414 0.0191572 0.0361691 0.0596298 0.0855641 0.106951 0.116718 0.111795 0.0951155 0.073865 0.0553348 0.0435132 0.0383505 0.0372539
 1.15732e-16 4.92891e-05 0.000479108 0.00318384 0.0144733 0.0450318 0.0959453 0.140037 0.140045 0.0959853 0.0451673 0.01487 0.0041998 0.00276328 0.0045818 0.00800409 0.0127089 0.018453 0.0249511 0.0319759 0.0392716 0.0462709 0.0519272 0.0549565 0.054422 0.0502472
 1.00042e-16 8.21698e-05 0.00079872 0.00530778 0.0241284 0.0750723 0.15995 0.233451 0.233451 0.159951 0.0750755 0.0241374 0.0053304 0.000848091 0.000175862 0.000160498 0.000222816 0.000279268 0.000306819 0.000297304 0.000257969 0.000206596 0.000160919 0.000130164 0.000113618 0.000104866
 1.00002e-16 8.19048e-05 0.000796144 0.00529065 0.0240505 0.0748302 0.159434 0.232698 0.232699 0.159436 0.074839 0.0240762 0.00535487 0.000936106 0.0003471 0.000442551 0.000625678 0.000778434 0.000842287 0.000792328 0.000648011 0.000460847 0.000285088 0.000153532 7.2127e-05 2.97152e-05
 1.00333e-16 6.70408e-07 6.5167e-06 4.33104e-05 0.000196941 0.000613267 0.00131015 0.00193214 0.00202725 0.00177477 0.00217269 0.00469817 0.011331 0.0246112 0.0466218 0.076792 0.109959 0.136882 0.148145 0.139413 0.114103 0.0812582 0.0504023 0.027289 0.0129595 0.00545748
 1.28452e-16 3.63383e-07 3.53221e-06 2.34729e-05 0.000106706 0.000332017 0.000707506 0.00103325 0.00103634 0.000723327 0.000389473 0.000291746 0.000559795 0.00141142 0.00336656 0.00736347 0.0147758 0.0272159 0.045965 0.0710282 0.100172 0.128635 0.150127 0.15902 0.152742 0.13297
 1.68036e-16 2.54258e-05 0.000247148 0.00164239 0.00746605 0.0232297 0.0494933 0.0722371 0.0722379 0.0494976 0.0232449 0.00751396 0.00177879 0.00060202 0.000879726 0.00192638 0.004087 0.00819355 0.0154572 0.0272776 0.0447558 0.0679395 0.0950962 0.122484 0.145002 0.157684
 1.73424e-16 1.26045e-05 0.000122521 0.000814194 0.00370123 0.0115161 0.0245378 0.0358218 0.0358611 0.0247297 0.0121607 0.00556331 0.00549009 0.0103381 0.0194445 0.0322298 0.0467413 0.0596284 0.0677468 0.0703002 0.0697676 0.0706502 0.0768162 0.0892631 0.105589 0.121153
 1.0102e-16 8.11893e-05 0.000789189 0.00524444 0.0238404 0.0741765 0.158041 0.230665 0.230666 0.158043 0.0741834 0.0238605 0.00529517 0.000901227 0.000297804 0.00037406 0.000555527 0.000751659 0.000932729 0.00109198 0.00124575 0.00141833 0.00161866 0.00182723 0.00200209 0.00209732
 1.00279e-16 5.90755e-05 0.000574235 0.00381599 0.017347 0.053973 0.114996 0.167846 0.167873 0.115128 0.0544157 0.0186249 0.00702055 0.00755949 0.013295 0.0218062 0.0312201 0.0388676 0.0420741 0.039612 0.0324544 0.0231712 0.0144654 0.00796573 0.00395847 0.00187659
 1.00659e-16 7.09615e-05 0.000689771 0.00458377 0.0208372 0.0648322 0.138132 0.201611 0.201622 0.138188 0.0650179 0.0213734 0.00593003 0.00362937 0.00565577 0.00924259 0.0133175 0.0167651 0.0184951 0.0179949 0.0156213 0.0123434 0.0091538 0.00661363 0.00479088 0.0034889
 1.02728e-16 9.48861e-06 9.22327e-05 0.000612923 0.00278631 0.00866966 0.0184745 0.0269807 0.0270598 0.0188609 0.00996672 0.0065313 0.0100082 0.0205852 0.0388789 0.0641268 0.0920632 0.11511 0.125538 0.119772 0.100544 0.07511 0.0510174 0.0326931 0.0207941 0.013715
 1.06819e-16 6.16462e-05 0.000599223 0.00398205 0.0181018 0.0563215 0.119999 0.175143 0.175149 0.120027 0.056415 0.0183755 0.00468211 0.00217073 0.00317276 0.00547703 0.00864939 0.0124678 0.0166924 0.0211227 0.025548 0.029566 0.0324809 0.033481 0.0320426 0.0282717
 1.00359e-16 7.9846e-05 0.000776131 0.00515766 0.023446 0.0729492 0.155426 0.226849 0.226852 0.155439 0.0729913 0.0235674 0.0054623 0.00144061 0.00134027 0.00208545 0.00298768 0.0037397 0.00408998 0.00392816 0.00334962 0.00259456 0.00190683 0.00142014 0.00113727 0.000983736
 1.00677e-16 2.10763e-05 0.000204869 0.00136143 0.00618891 0.0192564 0.0410304 0.0598998 0.0599703 0.0413749 0.0204127 0.00952671 0.00973219 0.0184531 0.0346036 0.0569786 0.0816203 0.101676 0.110178 0.103917 0.0854094 0.0613266 0.038678 0.0216809 0.0110782 0.00542079
 1.02341e-16 7.14571e-05 0.000694589 0.00461579 0.0209827 0.065285 0.139097 0.203017 0.203022 0.139123 0.0653741 0.0212416 0.0052706 0.00214064 0.00286619 0.00475095 0.00712792 0.00956531 0.0116492 0.0131465 0.0140698 0.0145392 0.0145785 0.0140564 0.0128218 0.0108925
 1.01627e-16 5.60465e-05 0.000544792 0.00362033 0.0164575 0.0512056 0.1091 0.159241 0.159269 0.10924 0.0516755 0.017814 0.00702283 0.00796449 0.0141241 0.0232008 0.0332756 0.0415534 0.0452317 0.0430329 0.0359871 0.0267772 0.0181841 0.0118222 0.0078876 0.00571171
 1.06725e-16 2.00227e-06 1.94628e-05 0.000129341 0.000588013 0.00182994 0.00390172 0.00571079 0.00578767 0.00427743 0.00309167 0.00423325 0.00928286 0.020013 0.038006 0.0629116 0.0908143 0.114579 0.126882 0.12427 0.109135 0.0879504 0.0672896 0.0507777 0.0387366 0.0297811
 1.05195e-16 7.1852e-05 0.000698427 0.00464129 0.0210986 0.0656457 0.139865 0.204137 0.204138 0.139869 0.0656591 0.0211394 0.00475137 0.000964352 0.000652127 0.00116119 0.00212601 0.00363741 0.00581683 0.00869064 0.0120858 0.0155664 0.0184871 0.0201873 0.0202469 0.0186625
 1.0149e-16 6.55725e-05 0.000637388 0.00423567 0.0192547 0.0599087 0.127643 0.186302 0.18632 0.127732 0.0602094 0.0201227 0.00641264 0.00538367 0.00906202 0.0148321 0.021255 0.0265134 0.0288116 0.0273408 0.0227818 0.0168822 0.0114504 0.00753105 0.00523204 0.00408025
 1.03966e-16 7.35622e-06 7.15051e-05 0.000475181 0.00216015 0.00672145 0.0143236 0.0209221 0.0210003 0.0147054 0.00800323 0.00586179 0.00976458 0.0203428 0.0384837 0.0635491 0.0913979 0.114617 0.125629 0.1209 0.103035 0.0790033 0.0560153 0.0382376 0.0262426 0.0185304
 1.1227e-16 4.97661e-05 0.000483744 0.00321465 0.0146133 0.0454676 0.0968737 0.141391 0.141398 0.0969072 0.0455814 0.0149479 0.0040761 0.0024361 0.00396801 0.00702967 0.0113991 0.0169967 0.0236885 0.031283 0.0393794 0.0471114 0.0530911 0.0557939 0.0542471 0.0485709
 1.08532e-16 5.19199e-05 0.00050468 0.00335378 0.0152458 0.0474355 0.101067 0.147516 0.147543 0.101199 0.0478784 0.0165249 0.00656399 0.00751148 0.0133571 0.0219984 0.031693 0.0399023 0.0441133 0.0432572 0.0383978 0.0320463 0.0266382 0.0233304 0.0218283 0.0210411
 1.11049e-16 1.51205e-05 0.000146977 0.000976714 0.00444004 0.0138149 0.0294364 0.0429762 0.0430375 0.0297359 0.0148207 0.00734606 0.00827486 0.0160909 0.0303309 0.0502118 0.0725473 0.0916859 0.101856 0.100383 0.0892432 0.073629 0.058738 0.0473179 0.0393884 0.0335571
 1.06562e-16 6.61177e-05 0.000642688 0.00427089 0.0194148 0.0604068 0.128703 0.187848 0.187854 0.128733 0.0605083 0.0197102 0.00501983 0.00230309 0.00329437 0.00553775 0.0084305 0.0115666 0.0145593 0.0172084 0.0195373 0.0216008 0.023246 0.0240728 0.0236517 0.0218138
 1.04741e-16 4.19886e-05 0.000408145 0.00271227 0.0123296 0.0383622 0.0817362 0.119305 0.119347 0.0819421 0.0390532 0.0143246 0.00771701 0.0113238 0.0207445 0.0341561 0.0490344 0.0613284 0.0669559 0.0640765 0.054232 0.0413652 0.0295186 0.020971 0.0158809 0.0131329
 1.12021e-16 8.79298e-06 8.5471e-05 0.000567987 0.00258202 0.00803395 0.0171194 0.0249985 0.0250574 0.0174069 0.0090003 0.00537646 0.00759484 0.0154662 0.0293394 0.0488014 0.0710212 0.0908071 0.102799 0.104421 0.0972432 0.0855869 0.0736047 0.0632332 0.0542371 0.0456076
 1.41533e-16 3.71279e-06 3.60896e-05 0.000239829 0.00109024 0.00339224 0.00722822 0.0105538 0.0105727 0.00732102 0.00370631 0.00200839 0.00258626 0.00529742 0.0104067 0.0182807 0.028886 0.0417279 0.0562396 0.0721615 0.0893392 0.106926 0.122722 0.13348 0.136202 0.129593
 1.04336e-16 7.8594e-05 0.000763962 0.00507679 0.0230784 0.0718054 0.152989 0.223292 0.223292 0.152991 0.0718124 0.0230989 0.00512969 0.000883664 0.000318919 0.000438661 0.000713413 0.00109781 0.00162005 0.00233491 0.00330152 0.00453791 0.00597138 0.00741965 0.00862452 0.00932942
pSPR Fmed_Fpbrs
0.483994   0.285572 0.285572
Fs Fmed_Fpbrs
0.510529   1.005 1.005
SSBpbr Bo_Bmed_Bpbrs
1.62098e+06  703494  381858 381858
Ro
47021
SPR SPRFo_SPRFmed_SPRFpbrs
336103 162672 95981.7
Fref
1.005
Nvult_r0
 192072 557.697 1101.16 3067.67 1441.72
CTP_r0
 38178 184.945 365.17 1017.31 478.108
YTP_r0
391747
Np
 164270 77334.6 160.974 317.841 1083.79
Nvult_p0
 127708 66920.7 139.298 275.041 937.843
CTP_p0
 42711 33543.8 69.8224 137.863 470.091
YTP_p0
 883595
CBA_c0
539301
log_Ro
10.5784
likeval ReclasPelacesDesembMPH_pf_preclas_ppelaces_ptallas_desvR_qrecl_qpela
 90.271 82.6823 1.26652 0.00236562 410.181 175.656 128.853 0 208.239 0 0 0.164839 0 0 0
q_reclas_q_pelaces
1 1
M
1
N
 133.735 38001.2 94983.6 3240.91 1359.39
 184249 43.5639 10961.1 27397.2 1326.92
 11814 52342.1 9.5568 2404.58 6301.33
 6481.86 3369.32 11572.7 2.11299 1924.86
 41692.1 202.108 8.90441 30.5843 5.0926
 719254 2265.69 1.62245 0.0714813 0.286401
 3358.54 232503 643.554 0.460847 0.101654
 547.213 1056.29 62515.4 173.039 0.151246
 16266.5 193.73 359.881 21299.2 59.0065
 1629.15 4789.72 45.6589 84.8178 5033.76
 93451.1 230.814 261.34 2.49128 279.284
 97208.3 29351.6 61.8942 70.08 75.5598
 251216 21216.2 3800.62 8.01445 18.8584
 13210.1 71296.9 4645.25 832.139 5.88375
 44785.4 2949.84 9663.78 629.63 113.588
 435960 8255.98 272.494 892.699 68.6554
 65206.8 108996 1402.79 46.3001 163.346
 508594 19924.3 27662.3 356.016 53.2063
 530204 144947 4398.99 6107.41 90.35
 6995.63 149172 31188.2 946.529 1333.57
 398380 1874.69 29119.7 6088.22 445.097
 733022 108119 375.347 5830.29 1308.09
 41734 209790 24073 83.5719 1589.38
 218078 13584.9 60424 6933.55 481.847
 271021 68520.1 3645.55 16215 1989.95
 44348.5 85400.6 18493.8 983.948 4913.58
 326211 14336.3 24259 5253.38 1675.26
 214436 102964 3882.45 6569.63 1876.36
 21820.1 68956.5 28942.3 1091.32 2374.1
 2645.98 7076.21 19713.2 8273.99 990.69
 269407 718.672 1419.01 3953.12 1857.86
pred_Ctot
 9.7783 5290.79 13224.3 451.222 189.264
 27093.2 11.5894 2916.01 7288.56 353.003
 1713.57 13754.5 2.51135 631.88 1655.87
 4468.96 2794.3 9597.69 1.75238 1596.36
 25889.1 158.933 7.00222 24.0508 4.0047
 55736 333.321 0.23869 0.0105161 0.0421344
 311.965 40570.6 112.297 0.0804156 0.0177382
 13.0625 49.6356 2937.63 8.13121 0.00710711
 2089.85 45.6189 84.7434 5015.46 13.8946
 682.782 2971.38 28.3252 52.6181 3122.78
 8750.32 40.5794 45.9463 0.437991 49.1009
 26066 13051.6 27.5221 31.1621 33.5987
 37065 5661.27 1014.15 2.13855 5.03211
 3416.61 30792.9 2006.27 359.398 2.54117
 14926.5 1553.3 5088.68 331.546 59.8123
 91099.5 2986.73 98.5791 322.948 24.8372
 7089.45 22019.9 283.398 9.35375 32.9999
 73954.1 5247.53 7285.5 93.765 14.0131
 80572.6 39712.8 1205.24 1673.32 24.7543
 1232.13 46566.5 9735.91 295.475 416.297
 67698 567.119 8809.1 1841.77 134.648
 105005 28095.3 97.5358 1515.03 339.913
 3068.8 29366 3369.7 11.6983 222.479
 20375.3 2383.49 10601.5 1216.5 84.5409
 24888.6 11829.3 629.365 2799.35 343.543
 3435.84 12561.1 2720.16 144.724 722.714
 29652.1 2451.41 4148.11 898.289 286.457
 17251.5 15694.4 591.786 1001.38 286.006
 1650.95 9917.5 4162.56 156.957 341.449
 448.62 2136.38 5951.6 2498 299.099
 38178 184.945 365.17 1017.31 478.108
F
 0.121631 0.243263 0.243263 0.243263 0.243263
 0.258488 0.516977 0.516977 0.516977 0.516977
 0.254574 0.509148 0.509148 0.509148 0.509148
 2.46796 4.93592 4.93592 4.93592 4.93592
 1.91243 3.82487 3.82487 3.82487 3.82487
 0.129313 0.258626 0.258626 0.258626 0.258626
 0.156744 0.313488 0.313488 0.313488 0.313488
 0.0383718 0.0767436 0.0767436 0.0767436 0.0767436
 0.222634 0.445269 0.445269 0.445269 0.445269
 0.954201 1.9084 1.9084 1.9084 1.9084
 0.158093 0.316186 0.316186 0.316186 0.316186
 0.52209 1.04418 1.04418 1.04418 1.04418
 0.259461 0.518921 0.518921 0.518921 0.518921
 0.499234 0.998468 0.998468 0.998468 0.998468
 0.690945 1.38189 1.38189 1.38189 1.38189
 0.386237 0.772473 0.772473 0.772473 0.772473
 0.185622 0.371243 0.371243 0.371243 0.371243
 0.255284 0.510568 0.510568 0.510568 0.510568
 0.268164 0.536328 0.536328 0.536328 0.536328
 0.316841 0.633682 0.633682 0.633682 0.633682
 0.304174 0.608349 0.608349 0.608349 0.608349
 0.251071 0.502143 0.502143 0.502143 0.502143
 0.122359 0.244718 0.244718 0.244718 0.244718
 0.157725 0.31545 0.31545 0.31545 0.31545
 0.154845 0.309691 0.309691 0.309691 0.309691
 0.129282 0.258564 0.258564 0.258564 0.258564
 0.153165 0.306331 0.306331 0.306331 0.306331
 0.134537 0.269074 0.269074 0.269074 0.269074
 0.126094 0.252188 0.252188 0.252188 0.252188
 0.303391 0.606782 0.606782 0.606782 0.606782
 0.24808 0.49616 0.49616 0.49616 0.49616
YTP_r0W_actual
 324513 3014.6 10553.4 35402.3 18263.7
YTP_p0W_proyectada
 321187 540726 1632.45 4066.97 15983.1
CTP_r0_actual
 38178 184.945 365.17 1017.31 478.108
CTP_p0_proyectada
 42711 33543.8 69.8224 137.863 470.091
Wmedp
 7.52 16.12 23.38 29.5 34
Frms_r0
 0.24808 0.49616 0.49616 0.49616 0.49616
Zrms_r0
 1.24808 1.49616 1.49616 1.49616 1.49616
nmprior
 8.19 8.8 8.5 0
nm_flota  nm_reclas  nm_pelaces    nm_pelaL
inf 7.46881 3.62903 5.3423
cv_recla  cv_pelaces  cv_mph
0.859408 1.03105 1.50099
 ------------------------------------------------
Talla a la edad & desviaci?n 
 8 13.2811 15.8009 17.003 17.5766
 0.8 1.32811 1.58009 1.7003 1.75766
