years
 1991 1992 1993 1994 1995 1996 1997 1998 1999 2000 2001 2002 2003 2004 2005 2006 2007 2008 2009 2010 2011 2012 2013 2014 2015 2016 2017 2018 2019 2020 2021
reclasobs
 0 0 0 0 0 0 0 0 0 252601 567819 844713 477998 351125 339783 2.1784e+06 2.13404e+06 4.81314e+06 1.55562e+06 2.62356e+06 3.21686e+06 3.843e+06 1.13348e+06 3.07943e+06 1.97215e+06 2.03268e+06 2.025e+06 2.42433e+06 2.27542e+06 1.05018e+06 2.36338e+06
reclaspred
 3.38839e+06 1.93593e+06 987384 1.05146e+06 1.09267e+06 1.66768e+06 1.14523e+06 1.0314e+06 747076 546040 543219 659691 654840 534512 542119 1.23505e+06 1.2707e+06 2.63028e+06 2.19483e+06 1.64856e+06 2.93213e+06 2.3878e+06 1.95217e+06 2.99915e+06 2.25689e+06 2.00441e+06 2.32947e+06 2.40406e+06 2.00668e+06 1.33192e+06 1.96593e+06
pelacesobs
 0 0 0 0 0 0 0 0 0 0 0 0 0 0 0 552880 188675 0 991730 2.46772e+06 1.41603e+06 1.21717e+06 2.29649e+06 1.80582e+06 0 1.4828e+06 1.56532e+06 1.57751e+06 1.42118e+06 867257 1.10002e+06
pelacespred
 2.29628e+06 1.47514e+06 762104 608036 654797 994840 717595 729534 536638 373463 361458 368609 399049 346016 347707 629924 709158 1.53964e+06 1.4275e+06 1.02575e+06 1.64811e+06 1.52397e+06 1.27245e+06 1.97319e+06 1.54384e+06 1.359e+06 1.69126e+06 1.72139e+06 1.29201e+06 974642 1.29951e+06
mphobs
 0 0 0 0 0 0 0 0 0 0 0 498337 0 5186 125008 0 168611 109162 213762 579715 649985 157893 87575 83554 0 0 0 0 0 0 0
mphpred
 4.4732e+06 3.01079e+06 1.54018e+06 842090 1.01486e+06 1.16617e+06 1.52738e+06 1.05842e+06 912701 643277 425279 555277 589689 514628 376543 463288 1.25725e+06 1.28289e+06 2.28373e+06 1.77979e+06 1.90553e+06 2.35619e+06 2.24571e+06 1.9e+06 2.63157e+06 2.16072e+06 1.79273e+06 1.87186e+06 2.5219e+06 1.76998e+06 1.14404e+06
desembarqueobs
 494567 514787 250237 358949 120608 361735 552515 73892 212993 205616 52469 317467 293654 387597 252695 516296 358380 742168 942051 627588 828172 859565 418607 520667 417249 300574 415391 372974 316634 284311 391294
desembarquepred
 494574 513093 251154 358968 120611 361749 552573 73895.1 213034 205656 52471.1 317536 293712 387665 252704 516294 358409 742109 941954 627521 828256 859633 418627 520694 417258 300582 415400 372972 316639 284326 391301
Reclutas
 238080 137413 135977 276623 221922 351968 148877 71468.5 62839.5 79746 140793 178077 150873 106538 109549 539276 138599 814934 493838 368977 565017 753344 168814 490991 403756 188032 406224 444690 141588 110107 416436
log_desv_Rt
 0.0580439 -0.491572 -0.502079 0.208091 -0.0122385 0.448975 -0.411446 -1.14531 -1.27398 -1.03572 -0.467275 -0.23235 -0.398124 -0.746064 -0.718195 0.875663 -0.482978 1.28854 0.787643 0.496171 0.922291 1.20996 -0.285766 0.781861 0.586245 -0.177953 0.592339 0.682812 -0.461646 -0.713109 0.617168
SSB
 4.4732e+06 3.01079e+06 1.54018e+06 842090 1.01486e+06 1.16617e+06 1.52738e+06 1.05842e+06 912701 643277 425279 555277 589689 514628 376543 463288 1.25725e+06 1.28289e+06 2.28373e+06 1.77979e+06 1.90553e+06 2.35619e+06 2.24571e+06 1.9e+06 2.63157e+06 2.16072e+06 1.79273e+06 1.87186e+06 2.5219e+06 1.76998e+06 1.14404e+06
BT
 5.90113e+06 4.02946e+06 2.07324e+06 1.88283e+06 1.75995e+06 2.94993e+06 2.27084e+06 1.91626e+06 1.55634e+06 1.14425e+06 997212 1.23797e+06 1.31426e+06 1.32307e+06 1.19896e+06 2.18757e+06 2.08819e+06 4.89468e+06 4.63204e+06 3.17113e+06 5.07419e+06 4.75748e+06 3.55635e+06 5.80804e+06 4.28014e+06 3.70455e+06 4.9484e+06 4.99179e+06 3.43316e+06 2.66362e+06 3.913e+06
Ftot
 0.0949886 0.17059 0.164679 0.2303 0.0740609 0.147877 0.310748 0.0477776 0.188713 0.247561 0.0668608 0.32068 0.298445 0.47764 0.318525 0.292731 0.185884 0.195986 0.284622 0.253046 0.191145 0.241882 0.140756 0.120011 0.123144 0.0996004 0.122595 0.107385 0.102468 0.13986 0.138982
BD_Bspro_t
 0.984917 0.887037 0.763747 0.691225 0.700071 0.762822 0.755729 0.636985 0.683683 0.65112 0.621227 0.756337 0.651157 0.572269 0.479713 0.531371 0.659475 0.651351 0.716998 0.63402 0.606977 0.653155 0.668042 0.667263 0.759287 0.765685 0.773256 0.799307 0.831041 0.780586 0.732155
BD_Bspro
 2.78964 1.87764 0.96051 0.525157 0.632901 0.727264 0.952527 0.66007 0.569193 0.401171 0.265219 0.346291 0.367751 0.32094 0.234826 0.288923 0.784064 0.800059 1.42421 1.10994 1.18836 1.4694 1.40051 1.18491 1.64114 1.3475 1.11801 1.16736 1.57275 1.10382 0.713467
BD_Bo
 1.93333 1.30127 0.665669 0.363953 0.438623 0.504021 0.660136 0.457453 0.394472 0.278026 0.183807 0.239992 0.254865 0.222423 0.162743 0.200234 0.543385 0.55447 0.987031 0.769227 0.823576 1.01835 0.970603 0.821185 1.13737 0.933868 0.774821 0.809022 1.08997 0.764987 0.494459
BD_Brms
 13.1095 8.82366 4.51376 2.46789 2.97421 3.41766 4.47624 3.10189 2.67483 1.88524 1.24635 1.62734 1.72819 1.50821 1.10353 1.35775 3.68458 3.75975 6.69286 5.21597 5.5845 6.90522 6.58146 5.56829 7.71228 6.33237 5.25391 5.48581 7.39088 5.18722 3.35282
Sel_flota
 0.866295 1 1 1 1
 0.866295 1 1 1 1
 0.866295 1 1 1 1
 0.866295 1 1 1 1
 0.866295 1 1 1 1
 0.866295 1 1 1 1
 0.866295 1 1 1 1
 0.866295 1 1 1 1
 0.866295 1 1 1 1
 0.866295 1 1 1 1
 0.866295 1 1 1 1
 0.866295 1 1 1 1
 0.866295 1 1 1 1
 0.866295 1 1 1 1
 0.866295 1 1 1 1
 0.866295 1 1 1 1
 0.866295 1 1 1 1
 0.866295 1 1 1 1
 0.866295 1 1 1 1
 0.866295 1 1 1 1
 0.866295 1 1 1 1
 0.866295 1 1 1 1
 0.866295 1 1 1 1
 0.866295 1 1 1 1
 0.866295 1 1 1 1
 0.866295 1 1 1 1
 0.866295 1 1 1 1
 0.866295 1 1 1 1
 0.866295 1 1 1 1
 0.866295 1 1 1 1
 0.866295 1 1 1 1
Sel_reclas
 1 1 1 1 1
 1 1 1 1 1
 1 1 1 1 1
 1 1 1 1 1
 1 1 1 1 1
 1 1 1 1 1
 1 1 1 1 1
 1 1 1 1 1
 1 1 1 1 1
 1 1 1 1 1
 1 1 1 1 1
 1 1 1 1 1
 1 1 1 1 1
 1 1 1 1 1
 1 1 1 1 1
 1 1 1 1 1
 1 1 1 1 1
 1 1 1 1 1
 1 1 1 1 1
 1 1 1 1 1
 1 1 1 1 1
 1 1 1 1 1
 1 1 1 1 1
 1 1 1 1 1
 1 1 1 1 1
 1 1 1 1 1
 1 1 1 1 1
 1 1 1 1 1
 1 1 1 1 1
 1 1 1 1 1
 1 1 1 1 1
Sel_pelaces
 0.773943 0.945146 0.988599 0.997714 0.999545
 0.773943 0.945146 0.988599 0.997714 0.999545
 0.773943 0.945146 0.988599 0.997714 0.999545
 0.773943 0.945146 0.988599 0.997714 0.999545
 0.773943 0.945146 0.988599 0.997714 0.999545
 0.773943 0.945146 0.988599 0.997714 0.999545
 0.773943 0.945146 0.988599 0.997714 0.999545
 0.773943 0.945146 0.988599 0.997714 0.999545
 0.773943 0.945146 0.988599 0.997714 0.999545
 0.773943 0.945146 0.988599 0.997714 0.999545
 0.773943 0.945146 0.988599 0.997714 0.999545
 0.773943 0.945146 0.988599 0.997714 0.999545
 0.773943 0.945146 0.988599 0.997714 0.999545
 0.773943 0.945146 0.988599 0.997714 0.999545
 0.773943 0.945146 0.988599 0.997714 0.999545
 0.773943 0.945146 0.988599 0.997714 0.999545
 0.773943 0.945146 0.988599 0.997714 0.999545
 0.773943 0.945146 0.988599 0.997714 0.999545
 0.773943 0.945146 0.988599 0.997714 0.999545
 0.773943 0.945146 0.988599 0.997714 0.999545
 0.773943 0.945146 0.988599 0.997714 0.999545
 0.773943 0.945146 0.988599 0.997714 0.999545
 0.773943 0.945146 0.988599 0.997714 0.999545
 0.773943 0.945146 0.988599 0.997714 0.999545
 0.773943 0.945146 0.988599 0.997714 0.999545
 0.773943 0.945146 0.988599 0.997714 0.999545
 0.773943 0.945146 0.988599 0.997714 0.999545
 0.773943 0.945146 0.988599 0.997714 0.999545
 0.773943 0.945146 0.988599 0.997714 0.999545
 0.773943 0.945146 0.988599 0.997714 0.999545
 0.773943 0.945146 0.988599 0.997714 0.999545
pf_obs 
 0.8446 0.082 0.0669 0.0065 0
 0.8095 0.147 0.0364 0.0071 0
 0.9664 0.0169 0.016 0.0007 0
 0.9276 0.0648 0.0075 0.0001 0
 0.7033 0.2144 0.0806 0.0017 0
 0.9318 0.0425 0.0243 0.0014 0
 0.5671 0.3108 0.0964 0.0239 0.0018
 0.0768 0.2599 0.5324 0.112 0.0189
 0.490249 0.384438 0.106611 0.0170017 0.00170017
 0.7925 0.1577 0.0466 0.003 0.0002
 0.840416 0.127587 0.0312969 0.00059994 9.999e-05
 0.8084 0.0986 0.0794 0.0134 0.0002
 0.7335 0.1905 0.0724 0.0035 0.0001
 0.4001 0.4547 0.1325 0.0127 0
 0.49795 0.308269 0.164784 0.0264974 0.00249975
 0.9179 0.0499 0.0305 0.0017 0
 0.2467 0.6533 0.0926 0.0074 0
 0.9418 0.0223 0.034 0.0019 0
 0.707729 0.231977 0.0356964 0.0245975 0
 0.517169 0.277429 0.184464 0.0207286 0.00020938
 0.811772 0.124168 0.05621 0.00726502 0.000585176
 0.764997 0.148141 0.077277 0.00933861 0.000247198
 0.163321 0.427699 0.378323 0.0303852 0.000271297
 0.753843 0.0900009 0.118128 0.0371064 0.000921714
 0.721811 0.176058 0.0630433 0.0369309 0.00215725
 0.143369 0.312575 0.442814 0.0836902 0.0175525
 0.692698 0.0596174 0.167031 0.0765114 0.00414204
 0.394062 0.376323 0.152708 0.0712218 0.00568511
 0.125707 0.32114 0.495352 0.0537591 0.00404204
 0.23352 0.215282 0.420074 0.123614 0.00750983
 0.796117 0.104755 0.0508955 0.0450114 0.00322123
pf_pred 
 0.431291 0.109199 0.43623 0.0232794 7.57193e-07
 0.411077 0.275997 0.0600855 0.24003 0.0128096
 0.550628 0.202022 0.11592 0.0252361 0.106194
 0.767156 0.137145 0.0430234 0.0246866 0.0279897
 0.647965 0.279808 0.0425415 0.0133456 0.0163399
 0.732245 0.182404 0.0678394 0.0103142 0.00719725
 0.467099 0.40584 0.0865581 0.0321926 0.00830989
 0.430348 0.290074 0.212917 0.0454113 0.0212489
 0.50436 0.231344 0.134583 0.0987851 0.0309276
 0.659808 0.185026 0.0724249 0.0421327 0.040608
 0.782433 0.151312 0.0360353 0.0141053 0.0161144
 0.721403 0.224743 0.0374541 0.00891978 0.00748025
 0.668666 0.249878 0.0657099 0.0109507 0.00479501
 0.608636 0.275794 0.0871579 0.0229197 0.00549214
 0.708074 0.190113 0.0717475 0.022674 0.00739132
 0.920057 0.0593022 0.0134424 0.00507307 0.00212584
 0.423245 0.537258 0.0292988 0.00664132 0.00355669
 0.883709 0.05376 0.0582489 0.00317654 0.00110566
 0.606853 0.353476 0.0183396 0.0198709 0.00146082
 0.595752 0.261058 0.128741 0.00667954 0.00776933
 0.742162 0.163602 0.060856 0.0300113 0.00336822
 0.743277 0.198026 0.0372446 0.0138541 0.00759894
 0.336403 0.513038 0.116135 0.0218426 0.0125814
 0.743279 0.0954376 0.124691 0.0282259 0.00836655
 0.625269 0.289058 0.0318494 0.0416117 0.0122116
 0.447584 0.364835 0.144695 0.015943 0.0269426
 0.730397 0.130822 0.0916558 0.0363512 0.010774
 0.686524 0.23808 0.036585 0.025632 0.0131788
 0.372796 0.450504 0.1342 0.0206222 0.0218768
 0.45191 0.224098 0.232715 0.0693232 0.0219535
 0.832434 0.0821765 0.0349132 0.0362556 0.0142204
pobs_RECLAS
 0 0 0 0 0
 0 0 0 0 0
 0 0 0 0 0
 0 0 0 0 0
 0 0 0 0 0
 0 0 0 0 0
 0 0 0 0 0
 0 0 0 0 0
 0 0 0 0 0
 0 0 0 0 0
 0.991045 0.00858322 0.000360255 1.14367e-05 0
 0.934742 0.0480273 0.0164251 0.00080598 0
 0.827803 0.169806 0.00239088 0 0
 0.941827 0.0461693 0.0120037 0 0
 0.791401 0.0380133 0.147996 0.0225897 0
 0.846168 0.0940531 0.0597789 0 0
 0.134021 0.677848 0.182769 0.00536245 0
 0.80878 0.0450904 0.141981 0.00414843 0
 0.846168 0.0940531 0.0597789 0 0
 0.905697 0.0802665 0.012482 0.00150086 5.37128e-05
 0.989698 0.0102097 9.19794e-05 0 0
 0.975433 0.0193895 0.00387452 0.00125025 5.28907e-05
 0.303575 0.632131 0.0575291 0.00676475 0
 0.966965 0.00978017 0.0227588 0.000495775 0
 0.843318 0.132988 0.00938335 0.0141283 0.000182051
 0.564624 0.303363 0.111486 0.0197234 0.00080311
 0.826376 0.0876187 0.0782897 0.00655872 0.00115652
 0.89761 0.0855135 0.0140674 0.00269457 0.000114338
 0.34875 0.467042 0.161289 0.0227151 0.000203297
 0.318654 0.224769 0.449479 0.00709798 0
 0.937255 0.0296025 0.0250945 0.00804832 0
ppred_RECLAS
 0.467066 0.10233 0.408788 0.021815 7.09561e-07
 0.446746 0.259281 0.0564464 0.225493 0.0120338
 0.586329 0.185972 0.10671 0.0232312 0.097757
 0.792308 0.12233 0.0383759 0.02202 0.0249663
 0.680159 0.254219 0.0386511 0.0121251 0.0148456
 0.759768 0.163654 0.060866 0.00925397 0.00645743
 0.504021 0.377722 0.080561 0.0299621 0.00773415
 0.465964 0.271938 0.199605 0.0425721 0.0199204
 0.540757 0.214356 0.1247 0.091531 0.0286565
 0.691956 0.167541 0.0655807 0.0381511 0.0367705
 0.805998 0.134923 0.0321324 0.0125776 0.0143691
 0.750162 0.201543 0.0335877 0.007999 0.00670807
 0.700531 0.225847 0.0593905 0.00989759 0.00433386
 0.64395 0.250908 0.0792934 0.0208516 0.00499657
 0.737702 0.170818 0.0644658 0.0203728 0.00664117
 0.93026 0.0517332 0.0117267 0.00442558 0.00185451
 0.459201 0.503765 0.0274722 0.00622729 0.00333496
 0.897898 0.0472005 0.0511417 0.00278895 0.000970749
 0.641422 0.322395 0.016727 0.0181237 0.00133237
 0.630585 0.238564 0.117648 0.00610399 0.00709987
 0.769097 0.146512 0.0544987 0.0268762 0.00301636
 0.770268 0.177206 0.0333288 0.0123975 0.00680002
 0.369562 0.487402 0.110332 0.0207512 0.0119528
 0.769957 0.0855199 0.111733 0.0252927 0.00749712
 0.658586 0.263358 0.0290177 0.037912 0.0111259
 0.483577 0.341064 0.135268 0.0149043 0.0251872
 0.757984 0.117436 0.0822771 0.0326315 0.00967152
 0.716819 0.215071 0.0330494 0.0231548 0.0119051
 0.407217 0.425781 0.126836 0.0194904 0.0206762
 0.488077 0.209311 0.217359 0.0647488 0.0205048
 0.851728 0.0727144 0.0308932 0.032081 0.012583
pobs_PELACES
 0 0 0 0 0
 0 0 0 0 0
 0 0 0 0 0
 0 0 0 0 0
 0 0 0 0 0
 0 0 0 0 0
 0 0 0 0 0
 0 0 0 0 0
 0 0 0 0 0
 0 0 0 0 0
 0 0 0 0 0
 0 0 0 0 0
 0 0 0 0 0
 0 0 0 0 0
 0 0 0 0 0
 0 0 0 0 0
 0.505614 0.472636 0.0217494 0 0
 0 0 0 0 0
 0.443492 0.261883 0.143347 0.151278 0
 0.227955 0.32914 0.350689 0.0885471 0.00366901
 0.970185 0.0296113 0.000203453 0 0
 0.997202 0.00247181 0.000326279 0 0
 0.445219 0.490057 0.0546422 0.010081 0
 0.90214 0.0892962 0.00764917 0.000914606 0
 0 0 0 0 0
 0.581667 0.319106 0.0959925 0.00289975 0.000334073
 0.762889 0.0836404 0.116647 0.0363945 0.000428098
 0.88444 0.0763242 0.0277011 0.0115352 0
 0.521256 0.241999 0.230069 0.00667565 0
 0.616807 0.101726 0.260614 0.0208532 0
 0.833518 0.0704572 0.0857862 0.0102388 0
ppred_PELACES
 0.409888 0.109209 0.456326 0.0245764 8.00847e-07
 0.393088 0.276516 0.0629663 0.253857 0.0135724
 0.53197 0.204563 0.122774 0.0269748 0.113718
 0.755493 0.141009 0.0462694 0.026794 0.0304348
 0.633589 0.288255 0.0458407 0.0145132 0.0178021
 0.719679 0.188079 0.0731662 0.0112266 0.00784833
 0.454699 0.410471 0.0915708 0.0343709 0.00888846
 0.411547 0.292692 0.224716 0.0483697 0.0226748
 0.486273 0.233446 0.142049 0.105227 0.0330049
 0.64499 0.188644 0.0772357 0.0453455 0.0437849
 0.770645 0.157078 0.0391285 0.0154573 0.0176913
 0.711837 0.230271 0.0401395 0.00964747 0.00810535
 0.657334 0.255413 0.0702535 0.0118159 0.00518332
 0.598587 0.278886 0.0921872 0.0244658 0.00587337
 0.696638 0.194243 0.0766766 0.0244552 0.00798657
 0.916143 0.0614198 0.0145625 0.00554647 0.00232848
 0.411317 0.546549 0.0311758 0.00713195 0.00382644
 0.876328 0.0557725 0.0632077 0.00347874 0.00121307
 0.596067 0.361306 0.0196077 0.0214407 0.00157912
 0.581643 0.26574 0.137076 0.00717753 0.00836388
 0.729857 0.168367 0.0655076 0.032603 0.00366582
 0.732892 0.203719 0.0400769 0.0150451 0.00826736
 0.323302 0.51749 0.122529 0.0232576 0.0134211
 0.727833 0.0982024 0.134202 0.030659 0.00910443
 0.610807 0.296666 0.0341905 0.0450822 0.0132544
 0.431071 0.369658 0.153349 0.0170523 0.0288701
 0.715473 0.13464 0.0986675 0.0394928 0.0117266
 0.672911 0.245393 0.0394425 0.0278887 0.0143654
 0.357925 0.454965 0.14176 0.0219847 0.023365
 0.432951 0.225347 0.24477 0.0735866 0.0233464
 0.821766 0.0851519 0.0378406 0.0396579 0.0155834
pobs_pel_tallas
 0 0 0 0 0 0 0 0 0 0 0 0 0 0 0 0 0 0 0 0 0 0 0 0 0 0
 0 0 0 0 0 0 0 0 0 0 0 0 0 0 0 0 0 0 0 0 0 0 0 0 0 0
 0 0 0 0 0 0 0 0 0 0 0 0 0 0 0 0 0 0 0 0 0 0 0 0 0 0
 0 0 0 0 0 0 0 0 0 0 0 0 0 0 0 0 0 0 0 0 0 0 0 0 0 0
 0 0 0 0 0 0 0 0 0 0 0 0 0 0 0 0 0 0 0 0 0 0 0 0 0 0
 0 0 0 0 0 0 0 0 0 0 0 0 0 0 0 0 0 0 0 0 0 0 0 0 0 0
 0 0 0 0 0 0 0 0 0 0 0 0 0 0 0 0 0 0 0 0 0 0 0 0 0 0
 0 0 0 0 0 0 0 0 0 0 0 0 0 0 0 0 0 0 0 0 0 0 0 0 0 0
 0 0 0 0 0 0 0 0 0 0 0 0 0 0 0 0 0 0 0 0 0 0 0 0 0 0
 0 0 0 0 0 0 0 0 0 0 0 0 0 0 0 0 0 0 0 0 0 0 0 0 0 0
 0 0 0 0 0 0 0 0 0 0 0 0 0 0 0 0 0 0 0 0 0 0 0 0 0 0
 0 0 0 0 0 0 0 0 0 0 0 0 0 0 0 0 0 0 0 0 0 0 0 0 0 0
 0.00862536 0 0 0.000197151 0.00414017 0.0128641 0.00837892 0.0270097 0.101434 0.158115 0.152841 0.127902 0.109271 0.109419 0.0830992 0.0579132 0.0238553 0.00714673 0.00463305 0.00128148 0.00103504 0.000492878 0.000147863 0.000147863 4.92878e-05 0
 0 0 0 0 0 0 0 0 0 0 0 0 0 0 0 0 0 0 0 0 0 0 0 0 0 0
 0 0 0 0 0 0 0 0.0054083 0.00873648 0.0413646 0.0450493 0.0745869 0.0622846 0.0627006 0.0613931 0.0827291 0.12552 0.122667 0.0946155 0.0697135 0.0546179 0.0294188 0.0215738 0.0213955 0.0102223 0.00600262
 0 0 0 0 0.00359764 0.0251062 0.0480494 0.140153 0.205849 0.193036 0.1447 0.116669 0.0760912 0.0342217 0.00950174 0.001854 0.000860785 0 0 0 0.000165536 0 0.000143464 0 0 0
 0 0 0 0 0 0 0 0.000145254 0.000435761 0.0275982 0.070085 0.0708112 0.156366 0.174668 0.174014 0.160142 0.0824315 0.0480064 0.0283245 0.00493863 0.00203355 0 0 0 0 0
 0 0 0 0 0 0 0 0 0 0 0 0 0 0 0 0 0 0 0 0 0 0 0 0 0 0
 0 0 1.00437e-05 0.000401748 0.00122533 0.00171747 0.00176769 0.0269171 0.070346 0.194647 0.189555 0.159765 0.064822 0.0314167 0.0384472 0.0292271 0.0345202 0.0313363 0.0194345 0.0106764 0.0143323 0.0359363 0.0279516 0.0138201 0.00172751 0
 0 0.0021121 0.0136068 0.0755702 0.200478 0.177729 0.0527432 0.0373336 0.0318909 0.0142505 0.0149659 0.0166563 0.0217959 0.0798694 0.0677717 0.0528807 0.04013 0.0224614 0.0357745 0.0225083 0.00881397 0.00855152 0.00135912 0.000746735 0 0
 0 0 0 0 5.4009e-05 0.00500934 0.000945158 0.0243581 0.138947 0.33067 0.221406 0.137944 0.0707744 0.0437923 0.0131692 0.00525238 0.0047753 0.00276346 9.45158e-05 9.00151e-06 2.25038e-05 9.00151e-06 4.50075e-06 0 0 0
 0.000866109 0.00284123 0.00948549 0.0512746 0.133035 0.25785 0.225252 0.132002 0.0553304 0.0519788 0.0540692 0.017754 0.00435017 0.00159236 0.00146478 0.000404838 0.000125132 0.000115318 0.000107957 0.000100596 0 0 0 0 0 0
 0 0 0 0 0.00144013 0.00171154 0.00461396 0.0210425 0.0478622 0.0707936 0.0888783 0.103762 0.0637923 0.0337046 0.0602308 0.124433 0.169614 0.0934646 0.0462172 0.0250306 0.0313229 0.00938855 0.002487 0.000210481 0 0
 0 0.00764035 0.051015 0.0998891 0.058973 0.0496711 0.0374665 0.0718981 0.12319 0.153886 0.159021 0.0857701 0.0377988 0.023471 0.0147837 0.00900784 0.00315554 0.000888139 0.00291439 0.00214683 0.00393193 0.00274676 0.000635225 9.99891e-05 0 0
 0 0 0 0 0 0 0 0 0 0 0 0 0 0 0 0 0 0 0 0 0 0 0 0 0 0
 0 0 0 0 0 0 0 0 0 0 0 0 0 0 0 0 0 0 0 0 0 0 0 0 0 0
 0 0 0 0 0 0 0 0 0 0 0 0 0 0 0 0 0 0 0 0 0 0 0 0 0 0
 0 0 0 0 0 0 0 0 0 0 0 0 0 0 0 0 0 0 0 0 0 0 0 0 0 0
 0 0 0 0 0 0 0 0 0 0 0 0 0 0 0 0 0 0 0 0 0 0 0 0 0 0
 0 0 0 0 0 0 0 0 0 0 0 0 0 0 0 0 0 0 0 0 0 0 0 0 0 0
 0 0 0 0 0 0 0 0 0 0 0 0 0 0 0 0 0 0 0 0 0 0 0 0 0 0
ppred_pel_tallas
 1.15662e-16 3.37619e-05 0.000328178 0.00218086 0.00991387 0.0308458 0.0657206 0.0959235 0.0959347 0.0657757 0.0310328 0.0104629 0.00359187 0.00351731 0.00640883 0.0113698 0.0182983 0.027003 0.0371577 0.0483689 0.0599824 0.0707041 0.0785129 0.0812431 0.0776237 0.0680654
 1.29643e-16 3.23782e-05 0.000314727 0.00209147 0.00950756 0.0295817 0.0630279 0.0919967 0.0920234 0.0631588 0.0300216 0.0107802 0.00529354 0.00733106 0.0134393 0.022395 0.0328351 0.042612 0.0496784 0.0533948 0.05502 0.0568116 0.0603723 0.0655055 0.0703372 0.0724378
 1.25545e-16 4.38177e-05 0.000425923 0.00283041 0.0128667 0.040033 0.0852953 0.124495 0.124515 0.0853926 0.0403602 0.0138139 0.00521709 0.00566621 0.0100865 0.0168482 0.0248517 0.0325273 0.0383455 0.0417345 0.0434406 0.0449306 0.0472935 0.0505065 0.0535245 0.054955
 1.09209e-16 6.2229e-05 0.000604888 0.00401969 0.018273 0.056854 0.121134 0.176801 0.176815 0.121201 0.0570781 0.018921 0.00564936 0.00417213 0.00686627 0.0113318 0.0165099 0.021184 0.0241763 0.0249979 0.0241476 0.0227419 0.0217656 0.0215296 0.0216628 0.0215007
 1.05865e-16 5.2188e-05 0.000507286 0.00337109 0.0153245 0.0476804 0.101589 0.148278 0.148306 0.101725 0.0481365 0.0166421 0.00667897 0.00773081 0.0137783 0.0227159 0.0327683 0.04132 0.0457469 0.0448602 0.0396177 0.0324621 0.0258336 0.0210109 0.0179544 0.0159093
 1.04614e-16 5.92791e-05 0.000576214 0.00382914 0.0174067 0.0541589 0.115392 0.168422 0.16844 0.115481 0.0544579 0.0182713 0.00600282 0.00533341 0.0091294 0.0150913 0.0219499 0.028055 0.0317533 0.0322674 0.030114 0.0266626 0.0232155 0.0203561 0.0179557 0.0156189
 1.07699e-16 3.7453e-05 0.000364057 0.00241929 0.0109978 0.0342183 0.0729072 0.106418 0.106458 0.0731008 0.0348686 0.012877 0.00713941 0.0106782 0.0196558 0.032515 0.0470237 0.059535 0.0663513 0.0657732 0.059084 0.0496008 0.0405904 0.0336952 0.0287925 0.0248986
 1.15248e-16 3.38986e-05 0.000329507 0.00218969 0.00995403 0.0309708 0.0659877 0.0963169 0.0963454 0.0661271 0.03144 0.0113129 0.00561534 0.00785647 0.0144724 0.0242482 0.0358094 0.0468865 0.0551482 0.0594821 0.0605083 0.0598218 0.0586381 0.0570147 0.054159 0.0493315
 1.20298e-16 4.00537e-05 0.000389336 0.00258728 0.0117614 0.0365942 0.0779686 0.113802 0.113825 0.0780797 0.0369677 0.0128431 0.00531328 0.00637622 0.0115178 0.0192654 0.0284386 0.0372536 0.0439446 0.0477966 0.0495381 0.0506601 0.0522067 0.0540275 0.0549895 0.0538134
 1.14235e-16 5.3127e-05 0.000516414 0.00343175 0.0156003 0.0485383 0.103417 0.150943 0.150962 0.103506 0.0488387 0.0164693 0.00561845 0.00530759 0.00920536 0.0152766 0.0223459 0.0288531 0.0332698 0.0349703 0.0346089 0.0336085 0.033161 0.0335308 0.0340896 0.0338784
 1.05714e-16 6.3477e-05 0.000617019 0.00410031 0.0186394 0.0579942 0.123563 0.180348 0.180363 0.123638 0.0582433 0.0193593 0.00590905 0.00457127 0.00759063 0.0124949 0.0181058 0.023014 0.0258356 0.025958 0.0239021 0.0209429 0.0182972 0.016513 0.0154228 0.014514
 1.03557e-16 5.86331e-05 0.000569935 0.00378742 0.0172171 0.0535688 0.114135 0.166588 0.16661 0.114243 0.0539332 0.0182698 0.00643064 0.00634241 0.0110285 0.0181577 0.0261946 0.0330336 0.0365688 0.0358327 0.0315637 0.025684 0.020125 0.0159172 0.0130738 0.0110666
 1.04155e-16 5.41438e-05 0.000526297 0.00349743 0.0158988 0.0494672 0.105396 0.153834 0.153859 0.105517 0.0498723 0.0170694 0.00643832 0.00695499 0.0122889 0.020297 0.0293887 0.0372811 0.0416726 0.0414855 0.0374707 0.0316241 0.0259154 0.0213427 0.0178692 0.01498
 1.0618e-16 4.93049e-05 0.000479261 0.00318486 0.0144779 0.0450464 0.095977 0.140087 0.140114 0.0961088 0.0454892 0.0157581 0.00640263 0.00751789 0.0134588 0.022282 0.0323511 0.0412249 0.0464352 0.0468317 0.0432172 0.0376944 0.0322822 0.0279158 0.0244254 0.0211892
 1.06067e-16 5.73812e-05 0.000557766 0.00370655 0.0168495 0.052425 0.111698 0.16303 0.163049 0.11179 0.0527339 0.0177428 0.00595306 0.00547564 0.0094379 0.0156188 0.0227459 0.0291368 0.0331098 0.033889 0.0320261 0.0289306 0.0259072 0.0234816 0.0214216 0.0192271
 1.01387e-16 7.54615e-05 0.000733512 0.00487445 0.0221585 0.0689435 0.146892 0.214394 0.2144 0.146921 0.0690408 0.0224399 0.00558113 0.00227801 0.0030141 0.00487769 0.00705303 0.00894175 0.00999001 0.0099465 0.00900438 0.00765751 0.00638798 0.00543119 0.00475704 0.00420805
 1.02403e-16 3.38797e-05 0.000329323 0.00218847 0.0099485 0.0309538 0.0659522 0.0962702 0.0963228 0.0662092 0.0318165 0.0124393 0.00843704 0.0139578 0.025881 0.0426387 0.0611986 0.0764943 0.0833846 0.0795001 0.0666799 0.0497797 0.0338474 0.021838 0.0141701 0.00972879
 1.02393e-16 7.2182e-05 0.000701635 0.00466261 0.0211955 0.0659472 0.140508 0.205076 0.205082 0.140535 0.0660372 0.0214566 0.00532193 0.00215455 0.00287135 0.00473622 0.00705602 0.00937177 0.0112493 0.0124586 0.013053 0.0132275 0.0130941 0.0125858 0.0115612 0.00998522
 1.03076e-16 4.90973e-05 0.000477243 0.00317145 0.014417 0.0448567 0.0955733 0.139499 0.139534 0.0957432 0.0454271 0.0160639 0.00730332 0.00949015 0.017146 0.0282157 0.0405211 0.0507109 0.0554127 0.0530934 0.0449961 0.0343353 0.0244117 0.0170955 0.012546 0.00990952
 1.06159e-16 4.79092e-05 0.000465694 0.0030947 0.0140681 0.0437712 0.0932601 0.136121 0.136147 0.0933861 0.0441946 0.0152931 0.00617698 0.00721869 0.0129443 0.0215087 0.0314088 0.0403883 0.046142 0.0475496 0.0452409 0.0409758 0.036394 0.0321794 0.0281445 0.0238783
 1.05824e-16 6.01174e-05 0.000584362 0.00388329 0.0176529 0.0549248 0.117024 0.170803 0.170819 0.117103 0.0551926 0.0184274 0.00583107 0.0048488 0.00819594 0.013552 0.0197479 0.025327 0.0288454 0.029647 0.028223 0.0257947 0.0234704 0.0216582 0.0200946 0.018289
 1.04117e-16 6.03674e-05 0.000586792 0.00389944 0.0177263 0.0551532 0.117511 0.171514 0.171534 0.117607 0.0554758 0.0186584 0.00624017 0.00570036 0.00978311 0.0161078 0.0232696 0.0294172 0.0327075 0.0323012 0.028854 0.0240464 0.0195399 0.0161804 0.0139113 0.0122157
 1.08272e-16 2.66301e-05 0.000258854 0.00172018 0.00781971 0.0243303 0.0518401 0.0756726 0.0757226 0.0520843 0.0251503 0.0101892 0.00767172 0.013264 0.0247638 0.0409968 0.0592874 0.0750433 0.0835805 0.0827197 0.074035 0.0616752 0.0497634 0.0404324 0.0336462 0.0283056
 1.08514e-16 5.99506e-05 0.000582742 0.00387252 0.0176039 0.0547724 0.116699 0.170327 0.170337 0.116746 0.0549318 0.0180669 0.00504425 0.00317253 0.00507227 0.00853657 0.012868 0.0173932 0.0214426 0.0246812 0.0272062 0.0292606 0.0308272 0.0314973 0.0307318 0.028267
 1.07827e-16 5.03114e-05 0.000489045 0.00324988 0.0147735 0.045966 0.0979364 0.142947 0.142976 0.0980761 0.0464352 0.0161288 0.00665218 0.0079178 0.0141641 0.0233529 0.0336822 0.042474 0.0470563 0.046257 0.0411291 0.0342447 0.028124 0.0240086 0.0216972 0.0202124
 1.11116e-16 3.55068e-05 0.000345139 0.00229357 0.0104263 0.0324402 0.0691185 0.100888 0.100924 0.0692935 0.0330281 0.0121266 0.00656947 0.00970571 0.0178901 0.029722 0.0432859 0.055428 0.0629312 0.0642884 0.0605179 0.0542879 0.0481069 0.0430523 0.0387969 0.0344983
 1.08827e-16 5.89326e-05 0.000572846 0.00380676 0.017305 0.0538423 0.114717 0.167436 0.167449 0.114781 0.0540581 0.0179301 0.00538258 0.0040356 0.00670261 0.0111651 0.0164979 0.0216382 0.0255381 0.0277251 0.0285268 0.0287042 0.0288034 0.0287793 0.0281412 0.026402
 1.06429e-16 5.54268e-05 0.000538768 0.00358031 0.0162756 0.0506395 0.107894 0.157479 0.157502 0.108009 0.0510279 0.0173977 0.00639787 0.0066929 0.0117536 0.0193724 0.027974 0.0353437 0.0392751 0.0387873 0.0347179 0.0291441 0.0241009 0.0205911 0.0184679 0.0169819
 1.10366e-16 2.94819e-05 0.000286574 0.00190439 0.0086571 0.0269357 0.057391 0.083773 0.083817 0.0576059 0.0276578 0.0107443 0.00714975 0.0117576 0.0218749 0.0362739 0.0526191 0.0669439 0.075202 0.0755097 0.069202 0.0597767 0.0506295 0.0433927 0.0378586 0.0330075
 1.18452e-16 3.56616e-05 0.000346644 0.00230357 0.0104717 0.0325815 0.0694191 0.101324 0.101346 0.0695271 0.0329453 0.0115271 0.00497027 0.0062263 0.0113739 0.0191984 0.0287148 0.0383522 0.0464979 0.0523909 0.0564143 0.0594483 0.0618622 0.0630621 0.0619369 0.0577241
 1.07729e-16 6.76878e-05 0.00065795 0.00437231 0.0198759 0.0618413 0.13176 0.192309 0.192317 0.1318 0.0619771 0.020269 0.00536198 0.00282842 0.00422004 0.00695121 0.0102058 0.0132711 0.0154874 0.0166035 0.016929 0.0170846 0.0175399 0.0183039 0.0189675 0.0189986
pSPR Fmed_Fpbrs
0.719463   0.197475 0.197475
Fs Fmed_Fpbrs
0.167481   1.005 1.005
SSBpbr Bo_Bmed_Bpbrs
2.31373e+06  1.54896e+06  341218 341218
Ro
224655
SPR SPRFo_SPRFmed_SPRFpbrs
1.6035e+06 1.15366e+06 316652
Fref
1.005
Nvult_r0
 280615 24396 10364.8 10763.3 4221.66
CTP_r0
 30155.2 2976.87 1264.74 1313.37 515.138
YTP_r0
391301
Np
 301547 46446.5 18289.6 1546.99 745.756
Nvult_p0
 255101 40192 15826.7 1338.68 645.332
CTP_p0
 118729 58911.9 4982.96 2117.04 2902.27
 118729 20146.1 7933.1 671.007 323.471
YTP_p0
 2.08805e+06 1.41911e+06
CBA_c0
1.88737e+06
log_Ro
12.1423
likeval ReclasPelacesDesembMPH_pf_preclas_ppelaces_ptallas_desvR_qrecl_qpela
 17.3176 17.6399 0.122539 0.00340446 241.036 120.552 99.189 0 21.1829 8.00756e-06 0 0.622966 0 0 0
q_reclas_q_pelaces
0.669657 1
M
1
N
 238080 52493.5 209701 11190.7 0.363993
 137413 80666.3 17561.3 70154.3 3743.9
 135977 43606.7 25021.4 5447.24 22922
 276623 43372.5 13606.3 7807.24 8851.86
 221922 83358.3 12673.6 3975.82 4867.87
 351968 76567.1 28476.7 4329.55 3021.17
 148877 113913 24295.5 9035.94 2332.45
 71468.5 41842.8 30713 6550.5 3065.13
 62839.5 25225.8 14674.9 10771.5 3372.36
 79746 19630.9 7684.11 4470.18 4308.42
 140793 23674.2 5638.07 2206.91 2521.25
 178077 48880 8145.98 1939.99 1626.9
 150873 49620.9 13048.7 2174.6 952.193
 106538 42858.3 13544.3 3561.72 853.476
 109549 25912.5 9779.21 3090.48 1007.44
 539276 30582.7 6932.35 2616.23 1096.31
 138599 153951 8395.56 1903.07 1019.17
 814934 43404.2 47028.4 2564.64 892.674
 493838 252984 13125.7 14221.7 1045.51
 368977 141974 70014.5 3632.6 4225.27
 565017 109019 40552.4 19998.5 2244.47
 753344 176138 33128 12322.8 6759.04
 168814 224748 50875.7 9568.69 5511.59
 490991 54974.1 71824.5 16258.7 4819.32
 403756 162790 17936.7 23434.6 6877.26
 188032 133504 52948.3 5834.03 9859.11
 406224 63454.8 44457.3 17632 5225.88
 444690 134384 20650.4 14467.9 7438.74
 141588 149060 44403.4 6823.33 7238.45
 110107 47662.8 49495.5 14744.2 4669.22
 416436 35884.1 15245.6 15831.8 6209.64
pred_Ctot
 11968.5 3030.31 12105.5 646.01 0.0210124
 12077.9 8109.12 1765.39 7052.38 376.362
 11561.6 4241.89 2433.98 529.886 2229.76
 32144.7 5746.52 1802.73 1034.4 1172.8
 8763.52 3784.31 575.36 180.495 220.992
 27033 6733.98 2504.49 380.779 265.708
 22702.1 19724.8 4206.93 1564.63 403.88
 1837.89 1238.83 909.31 193.939 90.7482
 6071.27 2784.82 1620.05 1189.13 372.293
 9901.68 2776.67 1086.87 632.281 609.401
 5032.23 973.162 231.761 90.7183 103.64
 27927.2 8700.35 1449.94 345.306 289.578
 22189.5 8292.13 2180.56 363.397 159.121
 23597.1 10692.6 3379.15 888.607 212.933
 17077.4 4585.15 1730.41 546.853 178.264
 77948.1 5024.14 1138.85 429.795 180.103
 13203.2 16759.8 913.979 207.177 110.951
 81561.5 4961.75 5376.05 293.177 102.046
 69597.7 40538.8 2103.3 2278.92 167.536
 46740.2 20481.5 10100.5 524.048 609.548
 55245.7 12178.4 4530.05 2234.01 250.727
 91573.9 24397.4 4588.65 1706.86 936.213
 12372.5 18869 4271.32 803.349 462.732
 30908.1 3968.63 5185.07 1173.73 347.91
 26051.1 12043.3 1326.97 1733.7 508.783
 9895.14 8065.72 3198.91 352.467 595.644
 26098.5 4674.53 3275.04 1298.9 384.975
 25161 8725.6 1340.84 939.409 483
 7657.71 9253.94 2756.65 423.606 449.377
 8021.04 3977.56 4130.5 1230.43 389.656
 30155.2 2976.87 1264.74 1313.37 515.138
F
 0.0822882 0.0949886 0.0949886 0.0949886 0.0949886
 0.147781 0.17059 0.17059 0.17059 0.17059
 0.142661 0.164679 0.164679 0.164679 0.164679
 0.199508 0.2303 0.2303 0.2303 0.2303
 0.0641586 0.0740609 0.0740609 0.0740609 0.0740609
 0.128105 0.147877 0.147877 0.147877 0.147877
 0.2692 0.310748 0.310748 0.310748 0.310748
 0.0413895 0.0477776 0.0477776 0.0477776 0.0477776
 0.163481 0.188713 0.188713 0.188713 0.188713
 0.214461 0.247561 0.247561 0.247561 0.247561
 0.0579212 0.0668608 0.0668608 0.0668608 0.0668608
 0.277804 0.32068 0.32068 0.32068 0.32068
 0.258542 0.298445 0.298445 0.298445 0.298445
 0.413777 0.47764 0.47764 0.47764 0.47764
 0.275937 0.318525 0.318525 0.318525 0.318525
 0.253591 0.292731 0.292731 0.292731 0.292731
 0.16103 0.185884 0.185884 0.185884 0.185884
 0.169782 0.195986 0.195986 0.195986 0.195986
 0.246567 0.284622 0.284622 0.284622 0.284622
 0.219213 0.253046 0.253046 0.253046 0.253046
 0.165588 0.191145 0.191145 0.191145 0.191145
 0.209541 0.241882 0.241882 0.241882 0.241882
 0.121936 0.140756 0.140756 0.140756 0.140756
 0.103965 0.120011 0.120011 0.120011 0.120011
 0.106679 0.123144 0.123144 0.123144 0.123144
 0.0862834 0.0996004 0.0996004 0.0996004 0.0996004
 0.106203 0.122595 0.122595 0.122595 0.122595
 0.0930275 0.107385 0.107385 0.107385 0.107385
 0.0887674 0.102468 0.102468 0.102468 0.102468
 0.12116 0.13986 0.13986 0.13986 0.13986
 0.120399 0.138982 0.138982 0.138982 0.138982
YTP_r0W_actual
 250288 41973.9 34906.9 44917.4 19214.7
YTP_p0W_proyectada
 889280 923150 115256 62177.6 98183.6
 889280 315689 183493 19707.5 10943
CTP_r0_actual
 30155.2 2976.87 1264.74 1313.37 515.138
CTP_p0_proyectada
 118729 58911.9 4982.96 2117.04 2902.27
 118729 20146.1 7933.1 671.007 323.471
Wmedp
 7.49 15.67 23.13 29.37 33.83
Frms_r0
 0.120399 0.138982 0.138982 0.138982 0.138982
Zrms_r0
 1.1204 1.13898 1.13898 1.13898 1.13898
nmprior
 8.19 8.8 8.5 0
nm_flota  nm_reclas  nm_pelaces    nm_pelaL
inf 11.4851 13.6002 29.7585
cv_recla  cv_pelaces  cv_mph
0.376416 0.476234 1.80065
 ------------------------------------------------
Talla a la edad & desviaci?n 
 8 13.2811 15.8009 17.003 17.5766
 0.8 1.32811 1.58009 1.7003 1.75766
