years
 1991 1992 1993 1994 1995 1996 1997 1998 1999 2000 2001 2002 2003 2004 2005 2006 2007 2008 2009 2010 2011 2012 2013 2014 2015 2016 2017 2018 2019 2020 2021
reclasobs
 0 0 0 0 0 0 0 0 0 252601 567819 844713 477998 351125 339783 2.1784e+06 2.13404e+06 4.81314e+06 1.55562e+06 2.62356e+06 3.21686e+06 3.843e+06 1.13348e+06 3.07943e+06 1.97215e+06 2.03268e+06 2.025e+06 2.42433e+06 2.27542e+06 1.05018e+06 2.36338e+06
reclaspred
 3.08238e+06 1.70684e+06 860471 797983 758954 1.26789e+06 737245 637659 471608 347111 462467 621872 612662 465494 467622 1.36185e+06 1.29188e+06 2.99814e+06 2.46726e+06 1.81421e+06 3.22195e+06 2.61454e+06 2.03452e+06 3.14709e+06 2.33925e+06 2.05113e+06 2.48072e+06 2.68355e+06 2.17638e+06 1.33903e+06 1.91747e+06
pelacesobs
 0 0 0 0 0 0 0 0 0 0 0 0 0 0 0 552880 188675 0 991730 2.46772e+06 1.41603e+06 1.21717e+06 2.29649e+06 1.80582e+06 0 1.4828e+06 1.56532e+06 1.57751e+06 1.42118e+06 867257 1.10002e+06
pelacespred
 1.43923e+06 880836 440414 332301 336126 577994 296010 334857 230507 159604 225395 254030 276678 218895 227237 557708 531537 1.43048e+06 1.20853e+06 823069 1.42657e+06 1.24442e+06 970271 1.64848e+06 1.17825e+06 1.03122e+06 1.42229e+06 1.51494e+06 1.01323e+06 708982 1.01091e+06
mphobs
 0 0 0 0 0 0 0 0 0 0 0 498337 0 5186 125008 0 168611 109162 213762 579715 649985 157893 87575 83554 0 0 0 0 0 0 0
mphpred
 2.74306e+06 1.82417e+06 894288 486524 478781 529200 720407 403991 362736 246369 166348 323800 354395 295495 191588 245510 925042 857007 1.75566e+06 1.31587e+06 1.38898e+06 1.73036e+06 1.63976e+06 1.32424e+06 1.85494e+06 1.51288e+06 1.2337e+06 1.3456e+06 1.91637e+06 1.283e+06 757138
desembarqueobs
 494567 514787 250237 358949 120608 361735 552515 73892 212993 205616 52469 317467 293654 387597 252695 516296 358380 742168 942051 627588 828172 859565 418607 520667 417249 300574 415391 372974 316634 284311 391294
desembarquepred
 494571 513780 250650 358984 120613 361738 552514 73896.3 213036 205653 52471.4 317520 293691 387596 252676 516231 358396 742043 941776 627409 828215 859540 418606 520684 417240 300568 415381 372950 316620 284311 391291
Reclutas
 183110 103149 103811 146349 118062 225191 88584.7 38170.5 39580.5 54994 104453 141041 116505 81102.2 79211.8 464798 90689.4 708168 405523 307712 461094 611934 120675 373202 308663 137965 320962 363077 99739.6 72915.1 293334
log_desv_Rt
 0.122733 -0.451184 -0.444786 -0.101362 -0.316141 0.329594 -0.603396 -1.44529 -1.40902 -1.08013 -0.43862 -0.138302 -0.329416 -0.691645 -0.715229 1.05425 -0.579915 1.47533 0.917823 0.641809 1.04625 1.32927 -0.294253 0.834766 0.644894 -0.160357 0.683967 0.807259 -0.484792 -0.798058 0.593957
SSB
 2.74306e+06 1.82417e+06 894288 486524 478781 529200 720407 403991 362736 246369 166348 323800 354395 295495 191588 245510 925042 857007 1.75566e+06 1.31587e+06 1.38898e+06 1.73036e+06 1.63976e+06 1.32424e+06 1.85494e+06 1.51288e+06 1.2337e+06 1.3456e+06 1.91637e+06 1.283e+06 757138
BT
 3.73941e+06 2.53958e+06 1.26358e+06 1.06806e+06 871805 1.64309e+06 1.17568e+06 838137 742897 565324 564836 850561 904246 907460 777636 1.70331e+06 1.50557e+06 3.95497e+06 3.6919e+06 2.4646e+06 3.9614e+06 3.67439e+06 2.60263e+06 4.2867e+06 3.10473e+06 2.64539e+06 3.70509e+06 3.86911e+06 2.59861e+06 1.91344e+06 2.7108e+06
Ftot
 0.155667 0.285935 0.280776 0.46105 0.164153 0.309381 0.70701 0.119222 0.459485 0.597916 0.129354 0.533256 0.496671 0.846806 0.59228 0.44179 0.276058 0.280087 0.391536 0.355752 0.272852 0.345229 0.203324 0.181855 0.182444 0.148228 0.182923 0.154117 0.14061 0.207198 0.228704
BD_Bspro_t
 0.975474 0.825714 0.650602 0.554081 0.522961 0.5983 0.592659 0.403081 0.460293 0.414502 0.387751 0.635432 0.521786 0.429897 0.318364 0.37708 0.584394 0.552638 0.658047 0.560472 0.52887 0.580086 0.596036 0.58413 0.690813 0.697468 0.703059 0.742193 0.789142 0.720739 0.645834
BD_Bspro
 2.37286 1.57798 0.773596 0.420863 0.414165 0.45778 0.623181 0.349469 0.313782 0.213119 0.143898 0.2801 0.306566 0.255615 0.165731 0.212376 0.800199 0.741346 1.51872 1.13828 1.20152 1.49683 1.41846 1.14552 1.6046 1.3087 1.0672 1.164 1.65774 1.10985 0.654955
BD_Bo
 1.52508 1.0142 0.497205 0.270497 0.266192 0.294224 0.400531 0.22461 0.201674 0.136976 0.0924859 0.180026 0.197036 0.164289 0.106519 0.136498 0.514304 0.476478 0.976108 0.731595 0.772242 0.962042 0.911672 0.736247 1.03131 0.841128 0.68591 0.748127 1.06546 0.713322 0.420952
BD_Brms
 8.65389 5.75495 2.82133 1.5349 1.51047 1.66954 2.27276 1.27452 1.14437 0.777253 0.524799 1.02153 1.11806 0.932236 0.604427 0.774543 2.91835 2.70371 5.5388 4.15134 4.38199 5.45898 5.17317 4.17774 5.85203 4.77287 3.89211 4.24515 6.04582 4.04766 2.38864
Sel_flota
 0.737845 0.981643 0.999017 0.999948 0.999997
 0.737845 0.981643 0.999017 0.999948 0.999997
 0.737845 0.981643 0.999017 0.999948 0.999997
 0.737845 0.981643 0.999017 0.999948 0.999997
 0.737845 0.981643 0.999017 0.999948 0.999997
 0.737845 0.981643 0.999017 0.999948 0.999997
 0.737845 0.981643 0.999017 0.999948 0.999997
 0.737845 0.981643 0.999017 0.999948 0.999997
 0.737845 0.981643 0.999017 0.999948 0.999997
 0.737845 0.981643 0.999017 0.999948 0.999997
 0.737845 0.981643 0.999017 0.999948 0.999997
 0.737845 0.981643 0.999017 0.999948 0.999997
 0.737845 0.981643 0.999017 0.999948 0.999997
 0.737845 0.981643 0.999017 0.999948 0.999997
 0.737845 0.981643 0.999017 0.999948 0.999997
 0.737845 0.981643 0.999017 0.999948 0.999997
 0.737845 0.981643 0.999017 0.999948 0.999997
 0.737845 0.981643 0.999017 0.999948 0.999997
 0.737845 0.981643 0.999017 0.999948 0.999997
 0.737845 0.981643 0.999017 0.999948 0.999997
 0.737845 0.981643 0.999017 0.999948 0.999997
 0.737845 0.981643 0.999017 0.999948 0.999997
 0.737845 0.981643 0.999017 0.999948 0.999997
 0.737845 0.981643 0.999017 0.999948 0.999997
 0.737845 0.981643 0.999017 0.999948 0.999997
 0.737845 0.981643 0.999017 0.999948 0.999997
 0.737845 0.981643 0.999017 0.999948 0.999997
 0.737845 0.981643 0.999017 0.999948 0.999997
 0.737845 0.981643 0.999017 0.999948 0.999997
 0.737845 0.981643 0.999017 0.999948 0.999997
 0.737845 0.981643 0.999017 0.999948 0.999997
Sel_reclas
 1 1 1 1 1
 1 1 1 1 1
 1 1 1 1 1
 1 1 1 1 1
 1 1 1 1 1
 1 1 1 1 1
 1 1 1 1 1
 1 1 1 1 1
 1 1 1 1 1
 1 1 1 1 1
 1 1 1 1 1
 1 1 1 1 1
 1 1 1 1 1
 1 1 1 1 1
 1 1 1 1 1
 1 1 1 1 1
 1 1 1 1 1
 1 1 1 1 1
 1 1 1 1 1
 1 1 1 1 1
 1 1 1 1 1
 1 1 1 1 1
 1 1 1 1 1
 1 1 1 1 1
 1 1 1 1 1
 1 1 1 1 1
 1 1 1 1 1
 1 1 1 1 1
 1 1 1 1 1
 1 1 1 1 1
 1 1 1 1 1
Sel_pelaces
 1 1 1 1 1
 1 1 1 1 1
 1 1 1 1 1
 1 1 1 1 1
 1 1 1 1 1
 1 1 1 1 1
 1 1 1 1 1
 1 1 1 1 1
 1 1 1 1 1
 1 1 1 1 1
 1 1 1 1 1
 1 1 1 1 1
 1 1 1 1 1
 1 1 1 1 1
 1 1 1 1 1
 1 1 1 1 1
 1 1 1 1 1
 1 1 1 1 1
 1 1 1 1 1
 1 1 1 1 1
 1 1 1 1 1
 1 1 1 1 1
 1 1 1 1 1
 1 1 1 1 1
 1 1 1 1 1
 1 1 1 1 1
 1 1 1 1 1
 1 1 1 1 1
 1 1 1 1 1
 1 1 1 1 1
 1 1 1 1 1
pf_obs 
 0.8446 0.082 0.0669 0.0065 0
 0.8095 0.147 0.0364 0.0071 0
 0.9664 0.0169 0.016 0.0007 0
 0.9276 0.0648 0.0075 0.0001 0
 0.7033 0.2144 0.0806 0.0017 0
 0.9318 0.0425 0.0243 0.0014 0
 0.5671 0.3108 0.0964 0.0239 0.0018
 0.0768 0.2599 0.5324 0.112 0.0189
 0.490249 0.384438 0.106611 0.0170017 0.00170017
 0.7925 0.1577 0.0466 0.003 0.0002
 0.840416 0.127587 0.0312969 0.00059994 9.999e-05
 0.8084 0.0986 0.0794 0.0134 0.0002
 0.7335 0.1905 0.0724 0.0035 0.0001
 0.4001 0.4547 0.1325 0.0127 0
 0.49795 0.308269 0.164784 0.0264974 0.00249975
 0.9179 0.0499 0.0305 0.0017 0
 0.2467 0.6533 0.0926 0.0074 0
 0.9418 0.0223 0.034 0.0019 0
 0.707729 0.231977 0.0356964 0.0245975 0
 0.517169 0.277429 0.184464 0.0207286 0.00020938
 0.811772 0.124168 0.05621 0.00726502 0.000585176
 0.764997 0.148141 0.077277 0.00933861 0.000247198
 0.163321 0.427699 0.378323 0.0303852 0.000271297
 0.753843 0.0900009 0.118128 0.0371064 0.000921714
 0.721811 0.176058 0.0630433 0.0369309 0.00215725
 0.143369 0.312575 0.442814 0.0836902 0.0175525
 0.692698 0.0596174 0.167031 0.0765114 0.00414204
 0.394062 0.376323 0.152708 0.0712218 0.00568511
 0.125707 0.32114 0.495352 0.0537591 0.00404204
 0.23352 0.215282 0.420074 0.123614 0.00750983
 0.796117 0.104755 0.0508955 0.0450114 0.00322123
pf_pred 
 0.441644 0.13586 0.396547 0.0259478 8.42797e-07
 0.407418 0.306922 0.0704789 0.201977 0.0132038
 0.559514 0.214406 0.118253 0.0266245 0.0812024
 0.702115 0.189705 0.0532034 0.0287708 0.0262054
 0.644212 0.273646 0.0527321 0.0144726 0.0149372
 0.762746 0.168276 0.0532823 0.0100802 0.00561628
 0.46776 0.434474 0.0697501 0.0216458 0.0063697
 0.457937 0.305071 0.194336 0.0304446 0.0122121
 0.562342 0.232751 0.116236 0.0727237 0.0159474
 0.73118 0.173656 0.0511359 0.024988 0.0190399
 0.829679 0.135768 0.0225084 0.0064761 0.00556886
 0.734507 0.230257 0.0281917 0.00458982 0.00245373
 0.676442 0.258109 0.0569332 0.0068152 0.00170066
 0.623324 0.281869 0.0759696 0.0163886 0.00244842
 0.737536 0.187333 0.0565942 0.0148572 0.00367873
 0.939489 0.0485453 0.00859746 0.00253771 0.000830124
 0.351688 0.619893 0.0228967 0.00396903 0.00155297
 0.895301 0.0445436 0.0575682 0.00208508 0.000502327
 0.579272 0.387885 0.0141314 0.0179074 0.000803996
 0.584548 0.272944 0.131602 0.00469534 0.00621016
 0.730088 0.1786 0.0604126 0.028538 0.0023622
 0.729805 0.212873 0.0381849 0.0126657 0.00647154
 0.294969 0.556198 0.11777 0.0207002 0.0103629
 0.729914 0.0976503 0.136577 0.0283807 0.00747809
 0.607357 0.308665 0.0307271 0.0421855 0.0110649
 0.417545 0.393775 0.148932 0.0145533 0.0251958
 0.72608 0.134474 0.0948342 0.0352205 0.00939077
 0.677595 0.252262 0.0347658 0.0240667 0.01131
 0.320165 0.502033 0.139684 0.0189024 0.0192156
 0.395776 0.234031 0.27468 0.0750522 0.0204606
 0.822189 0.0839417 0.0367846 0.0423675 0.0147173
pobs_RECLAS
 0 0 0 0 0
 0 0 0 0 0
 0 0 0 0 0
 0 0 0 0 0
 0 0 0 0 0
 0 0 0 0 0
 0 0 0 0 0
 0 0 0 0 0
 0 0 0 0 0
 0 0 0 0 0
 0.991045 0.00858322 0.000360255 1.14367e-05 0
 0.934742 0.0480273 0.0164251 0.00080598 0
 0.827803 0.169806 0.00239088 0 0
 0.941827 0.0461693 0.0120037 0 0
 0.791401 0.0380133 0.147996 0.0225897 0
 0.846168 0.0940531 0.0597789 0 0
 0.134021 0.677848 0.182769 0.00536245 0
 0.80878 0.0450904 0.141981 0.00414843 0
 0.846168 0.0940531 0.0597789 0 0
 0.905697 0.0802665 0.012482 0.00150086 5.37128e-05
 0.989698 0.0102097 9.19794e-05 0 0
 0.975433 0.0193895 0.00387452 0.00125025 5.28907e-05
 0.303575 0.632131 0.0575291 0.00676475 0
 0.966965 0.00978017 0.0227588 0.000495775 0
 0.843318 0.132988 0.00938335 0.0141283 0.000182051
 0.564624 0.303363 0.111486 0.0197234 0.00080311
 0.826376 0.0876187 0.0782897 0.00655872 0.00115652
 0.89761 0.0855135 0.0140674 0.00269457 0.000114338
 0.34875 0.467042 0.161289 0.0227151 0.000203297
 0.318654 0.224769 0.449479 0.00709798 0
 0.937255 0.0296025 0.0250945 0.00804832 0
ppred_RECLAS
 0.516993 0.119122 0.341557 0.0223284 7.25202e-07
 0.481736 0.27086 0.0610845 0.174887 0.0114323
 0.632058 0.180798 0.0979337 0.0220284 0.0671815
 0.761771 0.152757 0.0420567 0.0227207 0.0206937
 0.708287 0.2253 0.0426493 0.0116943 0.0120691
 0.8125 0.133693 0.0415723 0.00785729 0.00437755
 0.545391 0.372424 0.0586514 0.0181829 0.00535039
 0.53177 0.265578 0.166205 0.0260131 0.010434
 0.635895 0.195348 0.0957706 0.0598605 0.0131259
 0.78762 0.138133 0.0399152 0.0194853 0.0148463
 0.867076 0.106344 0.0173201 0.00497864 0.00428097
 0.789325 0.18317 0.0220115 0.00358007 0.00191382
 0.738975 0.209008 0.0452541 0.00541179 0.00135038
 0.694765 0.229548 0.0606622 0.0130727 0.00195292
 0.792758 0.148724 0.0440912 0.0115633 0.00286299
 0.954509 0.0366295 0.00636868 0.001878 0.000614291
 0.421024 0.554036 0.0200983 0.0034806 0.00136179
 0.920474 0.034186 0.0433919 0.00157011 0.000378245
 0.649551 0.323564 0.0115742 0.0146527 0.000657833
 0.655292 0.227884 0.107892 0.00384568 0.00508612
 0.784724 0.143329 0.0476157 0.0224714 0.00185995
 0.784465 0.170473 0.0300279 0.00995042 0.00508391
 0.359545 0.507173 0.105486 0.0185234 0.0092727
 0.78505 0.0786132 0.108006 0.0224224 0.00590783
 0.674767 0.256677 0.0250997 0.034427 0.00902945
 0.490439 0.346495 0.12874 0.0125683 0.0217582
 0.781381 0.108318 0.0750369 0.0278416 0.00742297
 0.738011 0.205801 0.0278625 0.0192696 0.0090552
 0.387055 0.454757 0.124301 0.0168049 0.0170825
 0.469619 0.207718 0.239473 0.0653701 0.0178202
 0.861989 0.0657901 0.0283177 0.0325845 0.0113183
pobs_PELACES
 0 0 0 0 0
 0 0 0 0 0
 0 0 0 0 0
 0 0 0 0 0
 0 0 0 0 0
 0 0 0 0 0
 0 0 0 0 0
 0 0 0 0 0
 0 0 0 0 0
 0 0 0 0 0
 0 0 0 0 0
 0 0 0 0 0
 0 0 0 0 0
 0 0 0 0 0
 0 0 0 0 0
 0 0 0 0 0
 0.505614 0.472636 0.0217494 0 0
 0 0 0 0 0
 0.443492 0.261883 0.143347 0.151278 0
 0.227955 0.32914 0.350689 0.0885471 0.00366901
 0.970185 0.0296113 0.000203453 0 0
 0.997202 0.00247181 0.000326279 0 0
 0.445219 0.490057 0.0546422 0.010081 0
 0.90214 0.0892962 0.00764917 0.000914606 0
 0 0 0 0 0
 0.581667 0.319106 0.0959925 0.00289975 0.000334073
 0.762889 0.0836404 0.116647 0.0363945 0.000428098
 0.88444 0.0763242 0.0277011 0.0115352 0
 0.521256 0.241999 0.230069 0.00667565 0
 0.616807 0.101726 0.260614 0.0208532 0
 0.833518 0.0704572 0.0857862 0.0102388 0
ppred_PELACES
 0.520288 0.118389 0.339153 0.0221702 7.20062e-07
 0.487685 0.267969 0.0603336 0.172722 0.0112907
 0.63749 0.178279 0.0964138 0.0216847 0.0661328
 0.768611 0.148517 0.0407812 0.0220285 0.0200631
 0.711053 0.223213 0.0422144 0.0115744 0.0119454
 0.816339 0.131023 0.0406698 0.00768597 0.00428208
 0.559637 0.361022 0.0566256 0.0175511 0.00516442
 0.534232 0.264261 0.165267 0.0258654 0.0103747
 0.644697 0.190864 0.0933261 0.0583244 0.012789
 0.795755 0.133005 0.0383019 0.0186944 0.0142435
 0.868288 0.10539 0.017152 0.00493013 0.00423925
 0.796436 0.177058 0.0212122 0.0034495 0.001844
 0.746717 0.202925 0.043812 0.00523854 0.00130714
 0.709268 0.218906 0.0575698 0.0124031 0.00185286
 0.800633 0.143212 0.0423131 0.011095 0.00274701
 0.956049 0.0354075 0.00614063 0.00181051 0.00059221
 0.426464 0.548868 0.0198793 0.00344239 0.00134684
 0.922174 0.033486 0.0424351 0.00153536 0.000369872
 0.656728 0.316994 0.0113138 0.0143212 0.00064295
 0.661883 0.223682 0.105687 0.00376666 0.00498159
 0.788498 0.140891 0.0467327 0.0220528 0.0018253
 0.789194 0.166802 0.0293233 0.00971591 0.00496407
 0.363377 0.504262 0.104758 0.0183945 0.00920813
 0.787621 0.077725 0.106675 0.0221447 0.00583466
 0.67803 0.25416 0.0248276 0.0340518 0.00893103
 0.493488 0.344516 0.127896 0.0124853 0.0216145
 0.783975 0.10709 0.0741085 0.0274956 0.00733069
 0.740439 0.203934 0.0275853 0.019077 0.00896467
 0.389792 0.452821 0.123672 0.0167192 0.0169953
 0.473956 0.206171 0.237406 0.0648019 0.0176652
 0.864247 0.0647597 0.0278377 0.0320299 0.0111257
pobs_pel_tallas
 0 0 0 0 0 0 0 0 0 0 0 0 0 0 0 0 0 0 0 0 0 0 0 0 0 0
 0 0 0 0 0 0 0 0 0 0 0 0 0 0 0 0 0 0 0 0 0 0 0 0 0 0
 0 0 0 0 0 0 0 0 0 0 0 0 0 0 0 0 0 0 0 0 0 0 0 0 0 0
 0 0 0 0 0 0 0 0 0 0 0 0 0 0 0 0 0 0 0 0 0 0 0 0 0 0
 0 0 0 0 0 0 0 0 0 0 0 0 0 0 0 0 0 0 0 0 0 0 0 0 0 0
 0 0 0 0 0 0 0 0 0 0 0 0 0 0 0 0 0 0 0 0 0 0 0 0 0 0
 0 0 0 0 0 0 0 0 0 0 0 0 0 0 0 0 0 0 0 0 0 0 0 0 0 0
 0 0 0 0 0 0 0 0 0 0 0 0 0 0 0 0 0 0 0 0 0 0 0 0 0 0
 0 0 0 0 0 0 0 0 0 0 0 0 0 0 0 0 0 0 0 0 0 0 0 0 0 0
 0 0 0 0 0 0 0 0 0 0 0 0 0 0 0 0 0 0 0 0 0 0 0 0 0 0
 0 0 0 0 0 0 0 0 0 0 0 0 0 0 0 0 0 0 0 0 0 0 0 0 0 0
 0 0 0 0 0 0 0 0 0 0 0 0 0 0 0 0 0 0 0 0 0 0 0 0 0 0
 0.00862536 0 0 0.000197151 0.00414017 0.0128641 0.00837892 0.0270097 0.101434 0.158115 0.152841 0.127902 0.109271 0.109419 0.0830992 0.0579132 0.0238553 0.00714673 0.00463305 0.00128148 0.00103504 0.000492878 0.000147863 0.000147863 4.92878e-05 0
 0 0 0 0 0 0 0 0 0 0 0 0 0 0 0 0 0 0 0 0 0 0 0 0 0 0
 0 0 0 0 0 0 0 0.0054083 0.00873648 0.0413646 0.0450493 0.0745869 0.0622846 0.0627006 0.0613931 0.0827291 0.12552 0.122667 0.0946155 0.0697135 0.0546179 0.0294188 0.0215738 0.0213955 0.0102223 0.00600262
 0 0 0 0 0.00359764 0.0251062 0.0480494 0.140153 0.205849 0.193036 0.1447 0.116669 0.0760912 0.0342217 0.00950174 0.001854 0.000860785 0 0 0 0.000165536 0 0.000143464 0 0 0
 0 0 0 0 0 0 0 0.000145254 0.000435761 0.0275982 0.070085 0.0708112 0.156366 0.174668 0.174014 0.160142 0.0824315 0.0480064 0.0283245 0.00493863 0.00203355 0 0 0 0 0
 0 0 0 0 0 0 0 0 0 0 0 0 0 0 0 0 0 0 0 0 0 0 0 0 0 0
 0 0 1.00437e-05 0.000401748 0.00122533 0.00171747 0.00176769 0.0269171 0.070346 0.194647 0.189555 0.159765 0.064822 0.0314167 0.0384472 0.0292271 0.0345202 0.0313363 0.0194345 0.0106764 0.0143323 0.0359363 0.0279516 0.0138201 0.00172751 0
 0 0.0021121 0.0136068 0.0755702 0.200478 0.177729 0.0527432 0.0373336 0.0318909 0.0142505 0.0149659 0.0166563 0.0217959 0.0798694 0.0677717 0.0528807 0.04013 0.0224614 0.0357745 0.0225083 0.00881397 0.00855152 0.00135912 0.000746735 0 0
 0 0 0 0 5.4009e-05 0.00500934 0.000945158 0.0243581 0.138947 0.33067 0.221406 0.137944 0.0707744 0.0437923 0.0131692 0.00525238 0.0047753 0.00276346 9.45158e-05 9.00151e-06 2.25038e-05 9.00151e-06 4.50075e-06 0 0 0
 0.000866109 0.00284123 0.00948549 0.0512746 0.133035 0.25785 0.225252 0.132002 0.0553304 0.0519788 0.0540692 0.017754 0.00435017 0.00159236 0.00146478 0.000404838 0.000125132 0.000115318 0.000107957 0.000100596 0 0 0 0 0 0
 0 0 0 0 0.00144013 0.00171154 0.00461396 0.0210425 0.0478622 0.0707936 0.0888783 0.103762 0.0637923 0.0337046 0.0602308 0.124433 0.169614 0.0934646 0.0462172 0.0250306 0.0313229 0.00938855 0.002487 0.000210481 0 0
 0 0.00764035 0.051015 0.0998891 0.058973 0.0496711 0.0374665 0.0718981 0.12319 0.153886 0.159021 0.0857701 0.0377988 0.023471 0.0147837 0.00900784 0.00315554 0.000888139 0.00291439 0.00214683 0.00393193 0.00274676 0.000635225 9.99891e-05 0 0
 0 0 0 0 0 0 0 0 0 0 0 0 0 0 0 0 0 0 0 0 0 0 0 0 0 0
 0 0 0 0 0 0 0 0 0 0 0 0 0 0 0 0 0 0 0 0 0 0 0 0 0 0
 0 0 0 0 0 0 0 0 0 0 0 0 0 0 0 0 0 0 0 0 0 0 0 0 0 0
 0 0 0 0 0 0 0 0 0 0 0 0 0 0 0 0 0 0 0 0 0 0 0 0 0 0
 0 0 0 0 0 0 0 0 0 0 0 0 0 0 0 0 0 0 0 0 0 0 0 0 0 0
 0 0 0 0 0 0 0 0 0 0 0 0 0 0 0 0 0 0 0 0 0 0 0 0 0 0
 0 0 0 0 0 0 0 0 0 0 0 0 0 0 0 0 0 0 0 0 0 0 0 0 0 0
ppred_pel_tallas
 1.12041e-16 4.28554e-05 0.00041657 0.00276825 0.0125841 0.0391538 0.0834218 0.121759 0.121771 0.0834803 0.0393516 0.0131616 0.00424205 0.00371372 0.00653823 0.0113487 0.0177552 0.0252587 0.0332682 0.0413366 0.0491126 0.0559758 0.060773 0.0620902 0.0589927 0.0516834
 1.21042e-16 4.017e-05 0.000390467 0.00259479 0.0117956 0.0367005 0.0781953 0.114134 0.11416 0.078322 0.0371263 0.0130267 0.00569072 0.00716807 0.0129715 0.0215465 0.0314505 0.0404955 0.0465563 0.0488539 0.0484849 0.0476323 0.0480409 0.0499342 0.0520624 0.0526268
 1.16195e-16 5.25092e-05 0.000510408 0.00339184 0.0154188 0.0479738 0.102214 0.149188 0.149205 0.102299 0.0482585 0.0162426 0.00546612 0.00506044 0.00875917 0.0145719 0.0214047 0.0278215 0.0324143 0.0346051 0.0349842 0.0348224 0.0351446 0.0361043 0.0370457 0.0370412
 1.0682e-16 6.33095e-05 0.000615391 0.00408949 0.0185902 0.0578412 0.123237 0.179871 0.179886 0.123307 0.0580769 0.0192716 0.00580186 0.00436065 0.00719776 0.0118572 0.0172156 0.0219579 0.0248005 0.0251877 0.0236234 0.0213011 0.0193268 0.0181456 0.0175115 0.0168626
 1.04458e-16 5.85685e-05 0.000569307 0.00378325 0.0171981 0.0535098 0.114009 0.166404 0.166426 0.114114 0.0538632 0.0182191 0.00634706 0.00616955 0.0107047 0.0176317 0.0254592 0.0321581 0.0357028 0.0351695 0.0312801 0.025889 0.0208408 0.01709 0.0145978 0.0128053
 1.02703e-16 6.72408e-05 0.000653605 0.00434343 0.0197446 0.0614329 0.13089 0.19104 0.191053 0.130952 0.0616409 0.0203457 0.00585395 0.00395688 0.00635784 0.0104491 0.0151504 0.0192714 0.0216416 0.0217155 0.0198741 0.017121 0.0144319 0.0122778 0.0106049 0.0091308
 1.04361e-16 4.60967e-05 0.000448076 0.00297762 0.0135359 0.0421153 0.0897324 0.130974 0.131009 0.0899024 0.0426864 0.0151856 0.00711927 0.00949121 0.0172263 0.0284206 0.0409723 0.0516008 0.0569899 0.0556101 0.0486192 0.0390491 0.0299634 0.0230245 0.0183002 0.0149999
 1.09187e-16 4.4004e-05 0.000427735 0.00284245 0.0129214 0.0402033 0.0856584 0.125026 0.125052 0.0857839 0.0406255 0.0141434 0.00591973 0.00717836 0.0129612 0.02161 0.0317145 0.0411131 0.0475946 0.0500913 0.0491972 0.0465218 0.0434569 0.0404033 0.0369441 0.0325655
 1.10756e-16 5.31029e-05 0.000516179 0.00343019 0.0155932 0.0485162 0.10337 0.150875 0.150893 0.10346 0.0488206 0.016474 0.00564747 0.00537743 0.00934778 0.0155354 0.0227699 0.0294837 0.034123 0.0360106 0.0357148 0.0345416 0.0335666 0.0329966 0.0322659 0.0306181
 1.05425e-16 6.55453e-05 0.000637124 0.00423391 0.0192468 0.0598839 0.127589 0.186223 0.186236 0.127652 0.060095 0.0198571 0.00576777 0.0039921 0.00645692 0.0106235 0.0154243 0.0196723 0.022212 0.022535 0.0210777 0.0188928 0.016962 0.0156906 0.0148855 0.0140872
 1.01734e-16 7.15198e-05 0.000695198 0.00461983 0.0210011 0.0653423 0.139219 0.203196 0.203206 0.139269 0.065509 0.0214828 0.00582922 0.00333613 0.00508962 0.00830769 0.0119769 0.0150969 0.0167013 0.0163492 0.0143836 0.0116915 0.00916352 0.00727395 0.00602476 0.00516352
 1.01316e-16 6.56014e-05 0.000637669 0.00423754 0.0192632 0.0599352 0.127699 0.186384 0.186401 0.127782 0.060215 0.0200714 0.0062659 0.00506448 0.00846958 0.0138892 0.0199805 0.0250806 0.0275402 0.0265962 0.0228216 0.0177346 0.0128944 0.00918513 0.0067006 0.00508565
 1.02063e-16 6.15061e-05 0.000597862 0.003973 0.0180607 0.0561936 0.119727 0.174749 0.174769 0.119823 0.056515 0.0189892 0.00630472 0.00569153 0.00974553 0.0160403 0.0231613 0.0292498 0.0324459 0.0318775 0.0281554 0.0229204 0.0178272 0.0137706 0.0108024 0.00854776
 1.03275e-16 5.84215e-05 0.000567878 0.00377375 0.0171549 0.0533755 0.113723 0.165986 0.166007 0.113826 0.0537225 0.0181579 0.00629342 0.0060752 0.010538 0.0173816 0.0251558 0.0318902 0.0356071 0.0353818 0.0318613 0.0267648 0.0217923 0.0178101 0.0147931 0.0123015
 1.02836e-16 6.59471e-05 0.000641029 0.00425987 0.0193647 0.060251 0.128372 0.187365 0.187379 0.128439 0.0604782 0.0200215 0.00591029 0.00424987 0.00693729 0.0114103 0.0165383 0.021024 0.0235868 0.0236319 0.0215802 0.0185362 0.0155736 0.0132108 0.0113869 0.00978666
 1.00469e-16 7.87485e-05 0.000765464 0.00508677 0.0231237 0.0719466 0.15329 0.223732 0.223735 0.153307 0.0720026 0.0232856 0.00549319 0.00165302 0.00176538 0.00279653 0.00402712 0.00507732 0.00561859 0.00550112 0.00483743 0.0039221 0.00305147 0.0023844 0.00192478 0.00159468
 1.01288e-16 3.51274e-05 0.000341451 0.00226906 0.0103149 0.0320936 0.0683808 0.0998149 0.0998677 0.0686388 0.0329596 0.0128148 0.00853958 0.0140146 0.0259574 0.0427377 0.0612809 0.0764703 0.0831148 0.0788207 0.0654492 0.0479294 0.0314158 0.0189706 0.0110887 0.00667965
 1.0145e-16 7.59582e-05 0.000738341 0.00490654 0.0223044 0.0693973 0.147858 0.215804 0.215808 0.147874 0.0694515 0.0224616 0.00530392 0.00161504 0.00176786 0.00287225 0.00429214 0.00573287 0.00693672 0.00776391 0.00823399 0.00844092 0.00842369 0.00811998 0.00743961 0.00637677
 1.01953e-16 5.40938e-05 0.000525811 0.0034942 0.0158842 0.0494217 0.105299 0.153694 0.153724 0.105448 0.0499219 0.0173283 0.00711678 0.00842594 0.0150346 0.0247093 0.0354495 0.0442889 0.04825 0.0459758 0.0385618 0.0288559 0.0198047 0.0131103 0.00896673 0.00665418
 1.04328e-16 5.45185e-05 0.000529939 0.00352163 0.0160088 0.0498096 0.106125 0.154898 0.154919 0.106231 0.0501657 0.0170388 0.0061123 0.00620324 0.0108813 0.0180378 0.0262919 0.0337101 0.0383295 0.0391967 0.0368559 0.0328331 0.0285787 0.0247435 0.0212258 0.0176976
 1.03906e-16 6.49476e-05 0.000631313 0.0041953 0.0190712 0.0593378 0.126426 0.184525 0.184539 0.126492 0.0595615 0.0197183 0.00582179 0.0041899 0.00684692 0.0112789 0.0163891 0.020924 0.0236508 0.024006 0.022408 0.0199167 0.0175264 0.0156585 0.0141612 0.0126593
 1.02704e-16 6.50049e-05 0.000631871 0.00419901 0.0190881 0.0593902 0.126538 0.184689 0.184705 0.126616 0.0596542 0.0198508 0.00611398 0.00481418 0.00801366 0.0131605 0.0189884 0.0239571 0.0265438 0.0260512 0.0230159 0.0188276 0.0148768 0.0118961 0.00987998 0.00843394
 1.06555e-16 2.9931e-05 0.00029094 0.0019334 0.00878899 0.0273461 0.0582655 0.0850504 0.085099 0.0585033 0.0281446 0.011096 0.00772699 0.0129469 0.0240907 0.0398442 0.0575451 0.0726791 0.0806456 0.0793024 0.0702009 0.0574501 0.0451754 0.0355763 0.0287132 0.0235549
 1.06307e-16 6.48753e-05 0.000630611 0.00419063 0.01905 0.0592717 0.126285 0.184318 0.184326 0.126322 0.0593979 0.0194164 0.00511792 0.00268 0.00403087 0.00675445 0.0101762 0.0137459 0.0169269 0.0194464 0.0213734 0.0228953 0.0240008 0.0243799 0.0236294 0.0215693
 1.05708e-16 5.58484e-05 0.000542867 0.00360754 0.0163994 0.0510247 0.108714 0.158677 0.158701 0.108834 0.0514265 0.0175598 0.00652022 0.00690097 0.0121308 0.0199675 0.0287674 0.0362091 0.0399838 0.0390717 0.0343717 0.0281054 0.022473 0.0185968 0.0163664 0.0149918
 1.08689e-16 4.06481e-05 0.000395114 0.00262567 0.0119359 0.0371373 0.0791262 0.115494 0.115527 0.0792891 0.0376847 0.0135187 0.00660479 0.00910183 0.0166358 0.0275936 0.0401096 0.0512011 0.0578321 0.0585776 0.0544033 0.0478614 0.041398 0.03614 0.031882 0.0278842
 1.06165e-16 6.4575e-05 0.000627692 0.00417124 0.0189618 0.0589974 0.125701 0.183466 0.183476 0.125752 0.0591688 0.0194584 0.00542258 0.00337599 0.00533315 0.00884391 0.013039 0.0170437 0.0200065 0.0215382 0.0218985 0.0217105 0.0214476 0.0211272 0.0204129 0.0189562
 1.04279e-16 6.0989e-05 0.000592835 0.0039396 0.0179089 0.0557212 0.118721 0.17328 0.1733 0.118817 0.0560438 0.0188406 0.00627875 0.00570026 0.00976433 0.0160559 0.0231498 0.0291756 0.0322785 0.0316273 0.0279165 0.0228925 0.0182914 0.0150087 0.0129863 0.0116486
 1.08238e-16 3.21067e-05 0.000312089 0.00207394 0.00942787 0.0293338 0.0625005 0.0912304 0.0912742 0.0627142 0.0300519 0.0115031 0.00728755 0.0117087 0.0217212 0.035976 0.0520956 0.0660849 0.073871 0.0735525 0.066475 0.0561956 0.0462226 0.03833 0.0324363 0.0275891
 1.16392e-16 3.90391e-05 0.000379474 0.00252174 0.0114635 0.0356673 0.0759936 0.110919 0.110939 0.0760926 0.0360005 0.0124305 0.00496589 0.00577121 0.0104443 0.017639 0.0264257 0.0353791 0.0430322 0.0486759 0.052616 0.0555828 0.0578321 0.058767 0.0573784 0.0530439
 1.05915e-16 7.11869e-05 0.000691962 0.00459833 0.0209033 0.0650381 0.138571 0.202249 0.202256 0.138602 0.0651414 0.0212022 0.0053508 0.0023421 0.00322778 0.00528495 0.0077561 0.0100833 0.0117647 0.0126114 0.0128621 0.0129927 0.0133616 0.0139731 0.0145092 0.0145562
pSPR Fmed_Fpbrs
0.607901   0.226231 0.226231
Fs Fmed_Fpbrs
0.282705   1.005 1.005
SSBpbr Bo_Bmed_Bpbrs
1.79863e+06  1.00346e+06  316974 316974
Ro
161961
SPR SPRFo_SPRFmed_SPRFpbrs
1.15602e+06 702743 261526
Fref
1.005
Nvult_r0
 202179 16255.2 7022.13 8081.78 2807.26
CTP_r0
 29191.3 2980.3 1306.01 1504.23 522.527
YTP_r0
391291
Np
 228093 39973.7 12503.5 912.013 444.114
Nvult_p0
 188120 34490.6 10818.1 789.194 384.309
CTP_p0
 80100.2 39059.6 2932.85 1260.64 1874.99
 80100.2 17128.6 5419.9 395.571 192.634
YTP_p0
 1.38031e+06 1.01185e+06
CBA_c0
1.26977e+06
log_Ro
11.8151
likeval ReclasPelacesDesembMPH_pf_preclas_ppelaces_ptallas_desvR_qrecl_qpela
 12.2333 18.7425 0.0346231 0.00257443 240.14 118.069 98.682 0 26.194 4.05117e-08 0 0.175941 0 0 0
q_reclas_q_pelaces
0.971881 1
M
1
N
 183110 42999.2 123458 8071.35 0.262149
 103149 60053.2 13576.9 38876.4 2541.35
 103811 30728.6 16685.6 3753.61 11447.7
 146349 31043.8 8581.19 4636.89 4223.27
 118062 38313.8 7263.14 1991.67 2055.52
 225191 38478.3 11997.2 2267.82 1263.49
 88584.7 65935.3 10447.8 3240.06 953.418
 38170.5 19342.3 12117.4 1896.63 760.75
 39580.5 12859.7 6329.75 3957.2 867.727
 54994 10374.1 3013.33 1471.42 1121.12
 104453 13014.4 2122.02 610.008 524.527
 141041 34928.1 4216.8 686.014 366.731
 116505 35008.6 7612.75 910.596 227.22
 81102.2 29709.7 7909.29 1705.13 254.733
 79211.8 15973 4759.82 1248.65 309.161
 464798 18823.7 3285.41 969.003 316.962
 90689.4 123425 4488.12 777.349 304.141
 708168 27214.6 34627.2 1253.13 301.886
 405523 211880 7605.01 9629.48 432.321
 307712 111752 53073.2 1892.04 2502.35
 461094 87066.6 28993.3 13684.6 1132.68
 611934 138695 24503.9 8121.22 4149.36
 120675 174496 36357.1 6384.94 3196.28
 373202 38209.3 52578.6 10916.4 2876.25
 308663 120054 11758.3 16129.2 4230.36
 137965 99249.2 36923.4 3604.92 6240.84
 320962 45496.2 31567.4 11713.7 3123.07
 363077 103167 13986.1 9673.43 4545.76
 99739.6 119212 32624.5 4410.98 4483.85
 72915.1 33076.2 38201.4 10429 2843.01
 293334 23021.2 9928.6 11425.8 3968.83
pred_Ctot
 12677.9 3900.02 11383.3 744.861 0.0241934
 12617 9504.82 2182.6 6254.87 408.898
 12487.9 4785.37 2639.33 594.239 1812.38
 27422.9 7409.41 2077.99 1123.72 1023.52
 8597.84 3652.15 703.778 193.156 199.356
 29597.7 6529.8 2067.58 391.154 217.935
 23738 22048.8 3539.69 1098.48 323.251
 2046.5 1363.35 868.476 136.055 54.5753
 7394.78 3060.67 1528.5 956.315 209.707
 12850.8 3052.08 898.733 439.173 334.633
 6057.49 991.242 164.334 47.282 40.6582
 29939.6 9385.62 1149.14 187.088 100.018
 23277.4 8881.93 1959.16 234.521 58.5221
 25045 11325.4 3052.44 658.492 98.3769
 18364.7 4664.61 1409.2 369.946 91.6006
 83922.2 4336.42 767.989 226.687 74.1528
 10741.2 18932.7 699.307 121.222 47.4305
 84997.6 4228.85 5465.38 197.952 47.6896
 65845.8 44090.9 1606.32 2035.53 91.3902
 45875.3 21420.7 10328.2 368.491 487.374
 54028.8 13216.9 4470.73 2111.9 174.81
 88805.6 25903.2 4646.5 1541.21 787.482
 10757.7 20284.9 4295.16 754.95 377.943
 29949.1 4006.68 5603.88 1164.49 306.833
 24845.7 12626.9 1256.98 1725.72 452.642
 9116.19 8597.22 3251.6 317.739 550.097
 25899.8 4796.79 3382.8 1256.34 334.976
 24899.5 9269.83 1277.53 884.375 415.607
 6266.1 9825.52 2733.81 369.948 376.077
 6616.29 3912.35 4591.9 1254.67 342.044
 29191.3 2980.3 1306.01 1504.23 522.527
F
 0.114858 0.152809 0.155513 0.155658 0.155666
 0.210976 0.280686 0.285654 0.28592 0.285934
 0.207169 0.275622 0.2805 0.280762 0.280776
 0.340183 0.452587 0.460597 0.461026 0.461049
 0.12112 0.16114 0.163992 0.164145 0.164153
 0.228275 0.303702 0.309077 0.309365 0.30938
 0.521664 0.694032 0.706315 0.706974 0.707008
 0.0879672 0.117033 0.119105 0.119216 0.119222
 0.339028 0.45105 0.459033 0.459461 0.459483
 0.441169 0.586941 0.597328 0.597885 0.597915
 0.0954429 0.126979 0.129226 0.129347 0.129353
 0.39346 0.523467 0.532732 0.533228 0.533255
 0.366466 0.487554 0.496183 0.496645 0.49667
 0.624812 0.831262 0.845974 0.846762 0.846804
 0.437011 0.581408 0.591698 0.59225 0.592279
 0.325973 0.43368 0.441356 0.441767 0.441789
 0.203688 0.270991 0.275787 0.276044 0.276057
 0.206661 0.274945 0.279812 0.280072 0.280086
 0.288893 0.384348 0.391151 0.391515 0.391535
 0.26249 0.349222 0.355403 0.355734 0.355751
 0.201322 0.267843 0.272583 0.272838 0.272851
 0.254725 0.338891 0.344889 0.345211 0.345228
 0.150021 0.199591 0.203124 0.203313 0.203323
 0.134181 0.178517 0.181676 0.181846 0.181854
 0.134616 0.179095 0.182265 0.182435 0.182444
 0.109369 0.145507 0.148082 0.14822 0.148228
 0.134969 0.179566 0.182744 0.182914 0.182923
 0.113714 0.151287 0.153965 0.154109 0.154116
 0.103748 0.138028 0.140471 0.140602 0.140609
 0.15288 0.203395 0.206995 0.207188 0.207198
 0.168748 0.224506 0.228479 0.228692 0.228703
YTP_r0W_actual
 242288 42022.2 36046 51444.8 19490.3
YTP_p0W_proyectada
 599950 612064 67836.9 37024.9 63431
 599950 268404 125362 11617.9 6516.8
CTP_r0_actual
 29191.3 2980.3 1306.01 1504.23 522.527
CTP_p0_proyectada
 80100.2 39059.6 2932.85 1260.64 1874.99
 80100.2 17128.6 5419.9 395.571 192.634
Wmedp
 7.49 15.67 23.13 29.37 33.83
Frms_r0
 0.168748 0.224506 0.228479 0.228692 0.228703
Zrms_r0
 1.16875 1.22451 1.22848 1.22869 1.2287
nmprior
 8.19 8.8 8.5 0
nm_flota  nm_reclas  nm_pelaces    nm_pelaL
inf 13.2483 17.1643 40.273
cv_recla  cv_pelaces  cv_mph
0.316371 0.490892 1.56583
 ------------------------------------------------
Talla a la edad & desviaci?n 
 8 13.2811 15.8009 17.003 17.5766
 0.8 1.32811 1.58009 1.7003 1.75766
