    unsorted:	 2.315080959e-06 5.618391987e-05 0.0001030695614 0.001099991977 9.611636711 10.45826189 8.760010858 13.89434023 64.81703436 88.98648038 175.1100014 189.4568640 222.8042844 231.3552480 432.8085032 493.3319252 563.4882188 794.7847742 804.5350820 772.6748085 874.1621854 936.6917931 1019.246671 1011.443277 1104.017977 1236.374846 1247.162682 1332.452953 1540.056610 1729.934534 1800.085422 2004.959682 2270.551410 2304.199924 2332.909448 2437.461088 2520.710091 2700.590111 2964.963914 3221.648140 3465.599959 3811.207326 4188.730163 10090.66822 41619.45287 158268.3581 378946.2791 376314.2266 362586.2926 347952.2785 337875.3608 392652.2673 407220.8730 301174.3796 222984.1431 443696.0915 461665.7995 506377.1349 636682.9037 708277.2267 692628.7305 734865.8479 765593.7029 1026765.186 1151332.148 1240210.160 1295727.847 1443801.890 1543843.377 1802456.490 1916437.438 2163901.436 2570666.048 2538656.334 2788665.253 3023724.996 3365158.003
      sorted:	 2.315080959e-06 5.618391987e-05 0.0001030695614 0.001099991977 8.760010858 9.611636711 10.45826189 13.89434023 64.81703436 88.98648038 175.1100014 189.4568640 222.8042844 231.3552480 432.8085032 493.3319252 563.4882188 772.6748085 794.7847742 804.5350820 874.1621854 936.6917931 1011.443277 1019.246671 1104.017977 1236.374846 1247.162682 1332.452953 1540.056610 1729.934534 1800.085422 2004.959682 2270.551410 2304.199924 2332.909448 2437.461088 2520.710091 2700.590111 2964.963914 3221.648140 3465.599959 3811.207326 4188.730163 10090.66822 41619.45287 158268.3581 222984.1431 301174.3796 337875.3608 347952.2785 362586.2926 376314.2266 378946.2791 392652.2673 407220.8730 443696.0915 461665.7995 506377.1349 636682.9037 692628.7305 708277.2267 734865.8479 765593.7029 1026765.186 1151332.148 1240210.160 1295727.847 1443801.890 1543843.377 1802456.490 1916437.438 2163901.436 2538656.334 2570666.048 2788665.253 3023724.996 3365158.003
