years
 1991 1992 1993 1994 1995 1996 1997 1998 1999 2000 2001 2002 2003 2004 2005 2006 2007 2008 2009 2010 2011 2012 2013 2014 2015 2016 2017 2018 2019 2020 2021
reclasobs
 0 0 0 0 0 0 0 0 0 252601 567819 844713 477998 351125 339783 2.1784e+06 2.13404e+06 4.81314e+06 1.55562e+06 2.62356e+06 3.21686e+06 3.843e+06 1.13348e+06 3.07943e+06 1.97215e+06 2.03268e+06 2.025e+06 2.42433e+06 2.27542e+06 1.05018e+06 2.36338e+06
reclaspred
 5.16466e+06 3.02715e+06 1.55263e+06 1.81214e+06 2.20857e+06 3.11181e+06 2.35757e+06 2.02239e+06 1.38435e+06 941208 730711 801184 782477 659267 696504 1.37629e+06 1.65206e+06 2.91082e+06 2.60398e+06 2.03745e+06 3.55242e+06 2.82075e+06 2.52623e+06 3.49325e+06 2.81745e+06 2.61719e+06 2.83072e+06 2.77201e+06 2.66434e+06 1.87367e+06 2.61117e+06
pelacesobs
 0 0 0 0 0 0 0 0 0 0 0 0 0 0 0 552880 188675 0 991730 2.46772e+06 1.41603e+06 1.21717e+06 2.29649e+06 1.80582e+06 0 1.4828e+06 1.56532e+06 1.57751e+06 1.42118e+06 867257 1.10002e+06
pelacespred
 2.51642e+06 1.64678e+06 867078 855904 1.02655e+06 1.51453e+06 1.16457e+06 1.09412e+06 774411 507397 413432 366177 382321 347452 380935 626213 721344 1.43682e+06 1.35549e+06 993526 1.60075e+06 1.45666e+06 1.25083e+06 1.89521e+06 1.49608e+06 1.35782e+06 1.6803e+06 1.6633e+06 1.26634e+06 1.00472e+06 1.43996e+06
mphobs
 0 0 0 0 0 0 0 0 0 0 0 498337 0 5186 125008 0 168611 109162 213762 579715 649985 157893 87575 83554 0 0 0 0 0 0 0
mphpred
 4.88106e+06 3.32624e+06 1.73972e+06 971263 1.56533e+06 1.93314e+06 2.37413e+06 1.67828e+06 1.36296e+06 901673 559911 587933 566868 497296 387651 523464 1.24626e+06 1.33018e+06 2.13548e+06 1.71152e+06 1.88648e+06 2.32055e+06 2.14597e+06 1.89104e+06 2.56079e+06 2.12156e+06 1.82691e+06 1.88532e+06 2.4498e+06 1.77031e+06 1.26861e+06
desembarqueobs
 494567 514787 250237 358949 120608 361735 552515 73892 212993 205616 52469 317467 293654 387597 252695 516296 358380 742168 942051 627588 828172 859565 418607 520667 417249 300574 415391 372974 316634 284311 391294
desembarquepred
 494573 512510 251644 358958 120609 361752 552607 73894.5 213046 205675 52471.8 317584 293748 387721 252716 516325 358418 742140 942034 627572 828302 859713 418644 520713 417278 300590 415414 372985 316650 284335 391304
Reclutas
 265274 155561 149482 461325 355673 457815 190075 91149.5 69769.1 85453.7 131291 164938 150570 113838 124619 518610 156294 740731 507663 379827 556355 713539 191158 473017 403170 203395 404727 425098 158764 131885 457386
log_desv_Rt
 0.0772503 -0.456477 -0.496336 0.630588 0.370498 0.62295 -0.256095 -0.991013 -1.25832 -1.05554 -0.626099 -0.397942 -0.489087 -0.768738 -0.678256 0.747637 -0.451773 1.10412 0.726304 0.436201 0.817892 1.06672 -0.250413 0.655617 0.495844 -0.188366 0.499697 0.548804 -0.436099 -0.621581 0.622013
SSB
 4.88106e+06 3.32624e+06 1.73972e+06 971263 1.56533e+06 1.93314e+06 2.37413e+06 1.67828e+06 1.36296e+06 901673 559911 587933 566868 497296 387651 523464 1.24626e+06 1.33018e+06 2.13548e+06 1.71152e+06 1.88648e+06 2.32055e+06 2.14597e+06 1.89104e+06 2.56079e+06 2.12156e+06 1.82691e+06 1.88532e+06 2.4498e+06 1.77031e+06 1.26861e+06
BT
 6.44408e+06 4.45078e+06 2.32857e+06 2.59915e+06 2.73955e+06 4.31793e+06 3.37165e+06 2.82723e+06 2.13639e+06 1.4749e+06 1.12284e+06 1.23739e+06 1.28541e+06 1.34526e+06 1.31067e+06 2.19844e+06 2.14573e+06 4.64853e+06 4.50342e+06 3.11648e+06 5.008e+06 4.61608e+06 3.55039e+06 5.66776e+06 4.19408e+06 3.74902e+06 4.97753e+06 4.88624e+06 3.39892e+06 2.76787e+06 4.35284e+06
Ftot
 0.0860959 0.152287 0.14471 0.158394 0.0455619 0.0956388 0.201722 0.0318477 0.13377 0.187563 0.0592412 0.319051 0.302256 0.45928 0.279599 0.281651 0.178744 0.199158 0.2901 0.251475 0.189216 0.24538 0.140287 0.119617 0.123753 0.0970863 0.118445 0.106966 0.102986 0.131432 0.117756
BD_Bspro_t
 0.986319 0.896766 0.784344 0.722732 0.777996 0.834523 0.824067 0.73546 0.766476 0.72768 0.688257 0.771083 0.648304 0.56884 0.489299 0.559895 0.658411 0.658982 0.704865 0.626032 0.604158 0.648397 0.656899 0.665246 0.753849 0.761612 0.775006 0.799409 0.826658 0.780297 0.74658
BD_Bspro
 2.78091 1.89508 0.991182 0.553364 0.891824 1.10138 1.35263 0.956174 0.776527 0.513716 0.319002 0.334967 0.322965 0.283327 0.220859 0.298237 0.710039 0.757854 1.21666 0.975117 1.0748 1.3221 1.22264 1.07739 1.45897 1.20873 1.04086 1.07414 1.39574 1.00861 0.722775
BD_Bo
 1.99421 1.35898 0.710784 0.396821 0.639533 0.789808 0.969979 0.68568 0.556853 0.368389 0.228758 0.240207 0.231601 0.203176 0.15838 0.213868 0.509174 0.543463 0.872474 0.699263 0.770746 0.948088 0.876761 0.772607 1.04624 0.866788 0.746405 0.770272 1.00089 0.723281 0.518307
BD_Brms
 14.3306 9.76573 5.10776 2.8516 4.59575 5.67564 6.97036 4.92736 4.0016 2.64728 1.64388 1.72615 1.66431 1.46004 1.13813 1.53687 3.65897 3.90538 6.26969 5.02498 5.53866 6.81305 6.30049 5.55203 7.51839 6.22882 5.36374 5.53525 7.19252 5.19757 3.72461
Sel_flota
 0.909866 1 1 1 1
 0.909866 1 1 1 1
 0.909866 1 1 1 1
 0.909866 1 1 1 1
 0.909866 1 1 1 1
 0.909866 1 1 1 1
 0.909866 1 1 1 1
 0.909866 1 1 1 1
 0.909866 1 1 1 1
 0.909866 1 1 1 1
 0.909866 1 1 1 1
 0.909866 1 1 1 1
 0.909866 1 1 1 1
 0.909866 1 1 1 1
 0.909866 1 1 1 1
 0.909866 1 1 1 1
 0.909866 1 1 1 1
 0.909866 1 1 1 1
 0.909866 1 1 1 1
 0.909866 1 1 1 1
 0.909866 1 1 1 1
 0.909866 1 1 1 1
 0.909866 1 1 1 1
 0.909866 1 1 1 1
 0.909866 1 1 1 1
 0.909866 1 1 1 1
 0.909866 1 1 1 1
 0.909866 1 1 1 1
 0.909866 1 1 1 1
 0.909866 1 1 1 1
 0.909866 1 1 1 1
Sel_reclas
 0.683132 0.91561 0.982015 0.996374 0.999277
 0.683132 0.91561 0.982015 0.996374 0.999277
 0.683132 0.91561 0.982015 0.996374 0.999277
 0.683132 0.91561 0.982015 0.996374 0.999277
 0.683132 0.91561 0.982015 0.996374 0.999277
 0.683132 0.91561 0.982015 0.996374 0.999277
 0.683132 0.91561 0.982015 0.996374 0.999277
 0.683132 0.91561 0.982015 0.996374 0.999277
 0.683132 0.91561 0.982015 0.996374 0.999277
 0.683132 0.91561 0.982015 0.996374 0.999277
 0.683132 0.91561 0.982015 0.996374 0.999277
 0.683132 0.91561 0.982015 0.996374 0.999277
 0.683132 0.91561 0.982015 0.996374 0.999277
 0.683132 0.91561 0.982015 0.996374 0.999277
 0.683132 0.91561 0.982015 0.996374 0.999277
 0.683132 0.91561 0.982015 0.996374 0.999277
 0.683132 0.91561 0.982015 0.996374 0.999277
 0.683132 0.91561 0.982015 0.996374 0.999277
 0.683132 0.91561 0.982015 0.996374 0.999277
 0.683132 0.91561 0.982015 0.996374 0.999277
 0.683132 0.91561 0.982015 0.996374 0.999277
 0.683132 0.91561 0.982015 0.996374 0.999277
 0.683132 0.91561 0.982015 0.996374 0.999277
 0.683132 0.91561 0.982015 0.996374 0.999277
 0.683132 0.91561 0.982015 0.996374 0.999277
 0.683132 0.91561 0.982015 0.996374 0.999277
 0.683132 0.91561 0.982015 0.996374 0.999277
 0.683132 0.91561 0.982015 0.996374 0.999277
 0.683132 0.91561 0.982015 0.996374 0.999277
 0.683132 0.91561 0.982015 0.996374 0.999277
 0.683132 0.91561 0.982015 0.996374 0.999277
Sel_pelaces
 0.754564 0.939292 0.98732 0.997455 0.999493
 0.754564 0.939292 0.98732 0.997455 0.999493
 0.754564 0.939292 0.98732 0.997455 0.999493
 0.754564 0.939292 0.98732 0.997455 0.999493
 0.754564 0.939292 0.98732 0.997455 0.999493
 0.754564 0.939292 0.98732 0.997455 0.999493
 0.754564 0.939292 0.98732 0.997455 0.999493
 0.754564 0.939292 0.98732 0.997455 0.999493
 0.754564 0.939292 0.98732 0.997455 0.999493
 0.754564 0.939292 0.98732 0.997455 0.999493
 0.754564 0.939292 0.98732 0.997455 0.999493
 0.754564 0.939292 0.98732 0.997455 0.999493
 0.754564 0.939292 0.98732 0.997455 0.999493
 0.754564 0.939292 0.98732 0.997455 0.999493
 0.754564 0.939292 0.98732 0.997455 0.999493
 0.754564 0.939292 0.98732 0.997455 0.999493
 0.754564 0.939292 0.98732 0.997455 0.999493
 0.754564 0.939292 0.98732 0.997455 0.999493
 0.754564 0.939292 0.98732 0.997455 0.999493
 0.754564 0.939292 0.98732 0.997455 0.999493
 0.754564 0.939292 0.98732 0.997455 0.999493
 0.754564 0.939292 0.98732 0.997455 0.999493
 0.754564 0.939292 0.98732 0.997455 0.999493
 0.754564 0.939292 0.98732 0.997455 0.999493
 0.754564 0.939292 0.98732 0.997455 0.999493
 0.754564 0.939292 0.98732 0.997455 0.999493
 0.754564 0.939292 0.98732 0.997455 0.999493
 0.754564 0.939292 0.98732 0.997455 0.999493
 0.754564 0.939292 0.98732 0.997455 0.999493
 0.754564 0.939292 0.98732 0.997455 0.999493
 0.754564 0.939292 0.98732 0.997455 0.999493
pf_obs 
 0.8446 0.082 0.0669 0.0065 0
 0.8095 0.147 0.0364 0.0071 0
 0.9664 0.0169 0.016 0.0007 0
 0.9276 0.0648 0.0075 0.0001 0
 0.7033 0.2144 0.0806 0.0017 0
 0.9318 0.0425 0.0243 0.0014 0
 0.5671 0.3108 0.0964 0.0239 0.0018
 0.0768 0.2599 0.5324 0.112 0.0189
 0.490249 0.384438 0.106611 0.0170017 0.00170017
 0.7925 0.1577 0.0466 0.003 0.0002
 0.840416 0.127587 0.0312969 0.00059994 9.999e-05
 0.8084 0.0986 0.0794 0.0134 0.0002
 0.7335 0.1905 0.0724 0.0035 0.0001
 0.4001 0.4547 0.1325 0.0127 0
 0.49795 0.308269 0.164784 0.0264974 0.00249975
 0.9179 0.0499 0.0305 0.0017 0
 0.2467 0.6533 0.0926 0.0074 0
 0.9418 0.0223 0.034 0.0019 0
 0.707729 0.231977 0.0356964 0.0245975 0
 0.517169 0.277429 0.184464 0.0207286 0.00020938
 0.811772 0.124168 0.05621 0.00726502 0.000585176
 0.764997 0.148141 0.077277 0.00933861 0.000247198
 0.163321 0.427699 0.378323 0.0303852 0.000271297
 0.753843 0.0900009 0.118128 0.0371064 0.000921714
 0.721811 0.176058 0.0630433 0.0369309 0.00215725
 0.143369 0.312575 0.442814 0.0836902 0.0175525
 0.692698 0.0596174 0.167031 0.0765114 0.00414204
 0.394062 0.376323 0.152708 0.0712218 0.00568511
 0.125707 0.32114 0.495352 0.0537591 0.00404204
 0.23352 0.215282 0.420074 0.123614 0.00750983
 0.774587 0.0839891 0.0768558 0.0609784 0.00358967
pf_pred 
 0.45094 0.0941895 0.434321 0.0205487 7.3912e-07
 0.428607 0.27173 0.0514062 0.237041 0.0112153
 0.554698 0.202122 0.115646 0.0218781 0.105656
 0.835459 0.0953973 0.0313842 0.0179568 0.0198027
 0.651973 0.295518 0.0304432 0.0100153 0.0120498
 0.691661 0.207702 0.0854534 0.0088031 0.00638046
 0.445673 0.394944 0.107363 0.0441716 0.00784852
 0.40232 0.281995 0.224918 0.0611424 0.0296251
 0.454615 0.232136 0.147796 0.117881 0.0475719
 0.623091 0.180878 0.0834378 0.053123 0.0594696
 0.745151 0.164966 0.0431351 0.0198979 0.0268505
 0.716822 0.216132 0.0433996 0.0113481 0.0122987
 0.692742 0.227055 0.061214 0.0122919 0.00669737
 0.641642 0.256525 0.0752514 0.0202878 0.00629349
 0.735273 0.177031 0.0627757 0.0184152 0.00650485
 0.910216 0.067882 0.0146466 0.0051937 0.00206174
 0.471087 0.485961 0.0324744 0.00700683 0.00347096
 0.873501 0.0628783 0.0584538 0.00390618 0.00126032
 0.644914 0.314135 0.0203553 0.018923 0.00167253
 0.619534 0.254812 0.111162 0.0072031 0.0072881
 0.747231 0.16295 0.0601552 0.0262428 0.00342103
 0.744487 0.195845 0.0384657 0.0142001 0.0070024
 0.388934 0.467121 0.11033 0.0216699 0.0119446
 0.742754 0.10635 0.11535 0.0272447 0.00830068
 0.64262 0.27216 0.0352314 0.0382126 0.0117753
 0.482577 0.344335 0.131815 0.0170635 0.0242105
 0.732628 0.135684 0.0876358 0.0335479 0.0105046
 0.685942 0.236139 0.0395414 0.025539 0.0128379
 0.419505 0.41047 0.127841 0.0214069 0.0207764
 0.501677 0.221264 0.19591 0.061016 0.0201333
 0.836518 0.086158 0.0343333 0.030399 0.0125918
pobs_RECLAS
 0 0 0 0 0
 0 0 0 0 0
 0 0 0 0 0
 0 0 0 0 0
 0 0 0 0 0
 0 0 0 0 0
 0 0 0 0 0
 0 0 0 0 0
 0 0 0 0 0
 0 0 0 0 0
 0.991045 0.00858322 0.000360255 1.14367e-05 0
 0.934742 0.0480273 0.0164251 0.00080598 0
 0.827803 0.169806 0.00239088 0 0
 0.941827 0.0461693 0.0120037 0 0
 0.791401 0.0380133 0.147996 0.0225897 0
 0.846168 0.0940531 0.0597789 0 0
 0.134021 0.677848 0.182769 0.00536245 0
 0.80878 0.0450904 0.141981 0.00414843 0
 0.846168 0.0940531 0.0597789 0 0
 0.905697 0.0802665 0.012482 0.00150086 5.37128e-05
 0.989698 0.0102097 9.19794e-05 0 0
 0.975433 0.0193895 0.00387452 0.00125025 5.28907e-05
 0.303575 0.632131 0.0575291 0.00676475 0
 0.966965 0.00978017 0.0227588 0.000495775 0
 0.843318 0.132988 0.00938335 0.0141283 0.000182051
 0.564624 0.303363 0.111486 0.0197234 0.00080311
 0.826376 0.0876187 0.0782897 0.00655872 0.00115652
 0.89761 0.0855135 0.0140674 0.00269457 0.000114338
 0.34875 0.467042 0.161289 0.0227151 0.000203297
 0.318654 0.224769 0.449479 0.00709798 0
 0.937255 0.0296025 0.0250945 0.00804832 0
ppred_RECLAS
 0.388521 0.0988971 0.489102 0.0234788 8.46977e-07
 0.370836 0.286344 0.0580995 0.271822 0.0128984
 0.494641 0.219535 0.134719 0.025859 0.125245
 0.801204 0.111418 0.0393132 0.0228224 0.0252418
 0.602922 0.333156 0.0368096 0.0122869 0.0148258
 0.642448 0.235091 0.103736 0.0108428 0.00788174
 0.392463 0.423384 0.123442 0.0515293 0.00918252
 0.346594 0.29619 0.253372 0.0698848 0.0339596
 0.395319 0.245894 0.167909 0.135882 0.0549961
 0.565584 0.199899 0.0988997 0.0638879 0.0717289
 0.699842 0.188857 0.0529636 0.0247889 0.0335481
 0.671483 0.246153 0.0530127 0.0140644 0.015287
 0.645107 0.257121 0.0743474 0.0151474 0.00827726
 0.590796 0.286665 0.0901917 0.0246712 0.00767558
 0.690067 0.202093 0.0768599 0.0228764 0.00810425
 0.891058 0.0808284 0.0187048 0.00672973 0.00267928
 0.420946 0.528741 0.0378957 0.00829611 0.00412161
 0.845417 0.0740861 0.0738679 0.00500841 0.00162066
 0.59671 0.353496 0.0245671 0.0231723 0.00205408
 0.56638 0.283436 0.132617 0.00871898 0.00884757
 0.702622 0.186549 0.0738617 0.0326935 0.00427436
 0.701623 0.224584 0.0473094 0.0177203 0.00876373
 0.339187 0.496213 0.125702 0.02505 0.0138479
 0.694031 0.121068 0.140837 0.0337509 0.0103129
 0.591441 0.305157 0.0423678 0.0466247 0.0144094
 0.427337 0.371561 0.152553 0.0200369 0.0285121
 0.684129 0.154364 0.106932 0.041533 0.0130428
 0.637331 0.267333 0.0480113 0.031463 0.0158618
 0.367104 0.437678 0.146201 0.0248392 0.024178
 0.442072 0.237515 0.22555 0.0712748 0.0235869
 0.801726 0.100603 0.0429971 0.0386267 0.0160465
pobs_PELACES
 0 0 0 0 0
 0 0 0 0 0
 0 0 0 0 0
 0 0 0 0 0
 0 0 0 0 0
 0 0 0 0 0
 0 0 0 0 0
 0 0 0 0 0
 0 0 0 0 0
 0 0 0 0 0
 0 0 0 0 0
 0 0 0 0 0
 0 0 0 0 0
 0 0 0 0 0
 0 0 0 0 0
 0 0 0 0 0
 0.505614 0.472636 0.0217494 0 0
 0 0 0 0 0
 0.443492 0.261883 0.143347 0.151278 0
 0.227955 0.32914 0.350689 0.0885471 0.00366901
 0.970185 0.0296113 0.000203453 0 0
 0.997202 0.00247181 0.000326279 0 0
 0.445219 0.490057 0.0546422 0.010081 0
 0.90214 0.0892962 0.00764917 0.000914606 0
 0 0 0 0 0
 0.581667 0.319106 0.0959925 0.00289975 0.000334073
 0.762889 0.0836404 0.116647 0.0363945 0.000428098
 0.88444 0.0763242 0.0277011 0.0115352 0
 0.521256 0.241999 0.230069 0.00667565 0
 0.616807 0.101726 0.260614 0.0208532 0
 0.833518 0.0704572 0.0857862 0.0102388 0
ppred_PELACES
 0.410953 0.0969052 0.469691 0.0224502 8.09168e-07
 0.392382 0.280121 0.0557032 0.259492 0.0123027
 0.517397 0.212357 0.127715 0.0244093 0.118121
 0.814936 0.104758 0.0362261 0.0209399 0.0231396
 0.621628 0.318586 0.0344977 0.0114657 0.013823
 0.661473 0.224167 0.0969433 0.0100893 0.00732762
 0.413248 0.411566 0.117602 0.0488809 0.00870303
 0.366446 0.290566 0.243604 0.066902 0.032482
 0.41732 0.240127 0.1607 0.129489 0.0523634
 0.587987 0.191936 0.0930659 0.0598612 0.0671497
 0.717191 0.179432 0.0493168 0.022983 0.031077
 0.690773 0.232961 0.0491709 0.0129891 0.014106
 0.665147 0.244016 0.0691505 0.0140281 0.00765897
 0.613294 0.272628 0.0840645 0.0228964 0.00711723
 0.708906 0.19122 0.0712744 0.0211229 0.00747654
 0.899297 0.0751313 0.0170396 0.0061043 0.00242817
 0.440822 0.511527 0.0359307 0.00783216 0.00388774
 0.856875 0.069328 0.0677451 0.00457354 0.00147866
 0.617052 0.336585 0.0229252 0.0215308 0.00190691
 0.587979 0.271243 0.124381 0.00814235 0.00825527
 0.720584 0.176689 0.0685624 0.0302175 0.00394722
 0.719422 0.212318 0.0438336 0.0163478 0.00807796
 0.358109 0.48454 0.120297 0.0238699 0.0131841
 0.712852 0.115081 0.131202 0.0313069 0.00955781
 0.611411 0.291907 0.0397198 0.043523 0.0134392
 0.448066 0.360782 0.145173 0.0189857 0.0269928
 0.702926 0.146787 0.0996543 0.0385403 0.0120925
 0.656276 0.254854 0.0448572 0.0292698 0.0147433
 0.386713 0.426897 0.139755 0.0236422 0.0229928
 0.464398 0.230829 0.214828 0.067595 0.0223497
 0.815425 0.0946993 0.0396665 0.0354816 0.0147272
pobs_pel_tallas
 0 0 0 0 0 0 0 0 0 0 0 0 0 0 0 0 0 0 0 0 0 0 0 0 0 0
 0 0 0 0 0 0 0 0 0 0 0 0 0 0 0 0 0 0 0 0 0 0 0 0 0 0
 0 0 0 0 0 0 0 0 0 0 0 0 0 0 0 0 0 0 0 0 0 0 0 0 0 0
 0 0 0 0 0 0 0 0 0 0 0 0 0 0 0 0 0 0 0 0 0 0 0 0 0 0
 0 0 0 0 0 0 0 0 0 0 0 0 0 0 0 0 0 0 0 0 0 0 0 0 0 0
 0 0 0 0 0 0 0 0 0 0 0 0 0 0 0 0 0 0 0 0 0 0 0 0 0 0
 0 0 0 0 0 0 0 0 0 0 0 0 0 0 0 0 0 0 0 0 0 0 0 0 0 0
 0 0 0 0 0 0 0 0 0 0 0 0 0 0 0 0 0 0 0 0 0 0 0 0 0 0
 0 0 0 0 0 0 0 0 0 0 0 0 0 0 0 0 0 0 0 0 0 0 0 0 0 0
 0 0 0 0 0 0 0 0 0 0 0 0 0 0 0 0 0 0 0 0 0 0 0 0 0 0
 0 0 0 0 0 0 0 0 0 0 0 0 0 0 0 0 0 0 0 0 0 0 0 0 0 0
 0 0 0 0 0 0 0 0 0 0 0 0 0 0 0 0 0 0 0 0 0 0 0 0 0 0
 0.00862536 0 0 0.000197151 0.00414017 0.0128641 0.00837892 0.0270097 0.101434 0.158115 0.152841 0.127902 0.109271 0.109419 0.0830992 0.0579132 0.0238553 0.00714673 0.00463305 0.00128148 0.00103504 0.000492878 0.000147863 0.000147863 4.92878e-05 0
 0 0 0 0 0 0 0 0 0 0 0 0 0 0 0 0 0 0 0 0 0 0 0 0 0 0
 0 0 0 0 0 0 0 0.0054083 0.00873648 0.0413646 0.0450493 0.0745869 0.0622846 0.0627006 0.0613931 0.0827291 0.12552 0.122667 0.0946155 0.0697135 0.0546179 0.0294188 0.0215738 0.0213955 0.0102223 0.00600262
 0 0 0 0 0.00359764 0.0251062 0.0480494 0.140153 0.205849 0.193036 0.1447 0.116669 0.0760912 0.0342217 0.00950174 0.001854 0.000860785 0 0 0 0.000165536 0 0.000143464 0 0 0
 0 0 0 0 0 0 0 0.000145254 0.000435761 0.0275982 0.070085 0.0708112 0.156366 0.174668 0.174014 0.160142 0.0824315 0.0480064 0.0283245 0.00493863 0.00203355 0 0 0 0 0
 0 0 0 0 0 0 0 0 0 0 0 0 0 0 0 0 0 0 0 0 0 0 0 0 0 0
 0 0 1.00437e-05 0.000401748 0.00122533 0.00171747 0.00176769 0.0269171 0.070346 0.194647 0.189555 0.159765 0.064822 0.0314167 0.0384472 0.0292271 0.0345202 0.0313363 0.0194345 0.0106764 0.0143323 0.0359363 0.0279516 0.0138201 0.00172751 0
 0 0.0021121 0.0136068 0.0755702 0.200478 0.177729 0.0527432 0.0373336 0.0318909 0.0142505 0.0149659 0.0166563 0.0217959 0.0798694 0.0677717 0.0528807 0.04013 0.0224614 0.0357745 0.0225083 0.00881397 0.00855152 0.00135912 0.000746735 0 0
 0 0 0 0 5.4009e-05 0.00500934 0.000945158 0.0243581 0.138947 0.33067 0.221406 0.137944 0.0707744 0.0437923 0.0131692 0.00525238 0.0047753 0.00276346 9.45158e-05 9.00151e-06 2.25038e-05 9.00151e-06 4.50075e-06 0 0 0
 0.000866109 0.00284123 0.00948549 0.0512746 0.133035 0.25785 0.225252 0.132002 0.0553304 0.0519788 0.0540692 0.017754 0.00435017 0.00159236 0.00146478 0.000404838 0.000125132 0.000115318 0.000107957 0.000100596 0 0 0 0 0 0
 0 0 0 0 0.00144013 0.00171154 0.00461396 0.0210425 0.0478622 0.0707936 0.0888783 0.103762 0.0637923 0.0337046 0.0602308 0.124433 0.169614 0.0934646 0.0462172 0.0250306 0.0313229 0.00938855 0.002487 0.000210481 0 0
 0 0.00764035 0.051015 0.0998891 0.058973 0.0496711 0.0374665 0.0718981 0.12319 0.153886 0.159021 0.0857701 0.0377988 0.023471 0.0147837 0.00900784 0.00315554 0.000888139 0.00291439 0.00214683 0.00393193 0.00274676 0.000635225 9.99891e-05 0 0
 0 0 0 0 0 0 0 0 0 0 0 0 0 0 0 0 0 0 0 0 0 0 0 0 0 0
 0 0 0 0 0 0 0 0 0 0 0 0 0 0 0 0 0 0 0 0 0 0 0 0 0 0
 0 0 0 0 0 0 0 0 0 0 0 0 0 0 0 0 0 0 0 0 0 0 0 0 0 0
 0 0 0 0 0 0 0 0 0 0 0 0 0 0 0 0 0 0 0 0 0 0 0 0 0 0
 0 0 0 0 0 0 0 0 0 0 0 0 0 0 0 0 0 0 0 0 0 0 0 0 0 0
 0 0 0 0 0 0 0 0 0 0 0 0 0 0 0 0 0 0 0 0 0 0 0 0 0 0
 0 0 0 0 0 0 0 0 0 0 0 0 0 0 0 0 0 0 0 0 0 0 0 0 0 0
ppred_pel_tallas
 1.15831e-16 3.38497e-05 0.000329031 0.00218652 0.00993963 0.0309259 0.0658913 0.0961724 0.0961825 0.0659408 0.031094 0.0104341 0.0034617 0.00322518 0.00586281 0.0104936 0.0170976 0.0256199 0.0358667 0.0474953 0.0597738 0.0712282 0.0796359 0.0826929 0.0790962 0.0693201
 1.29785e-16 3.232e-05 0.000314162 0.00208772 0.00949049 0.0295286 0.0629147 0.0918316 0.0918587 0.0630473 0.029974 0.0107789 0.00532878 0.00741412 0.0135937 0.0226395 0.0331627 0.0429752 0.049993 0.0535694 0.0549987 0.0566062 0.0600629 0.0652086 0.0701578 0.0724307
 1.26178e-16 4.26174e-05 0.000414256 0.00275288 0.0125142 0.0389364 0.0829589 0.121085 0.121106 0.0830599 0.039276 0.0134975 0.00523025 0.00585346 0.0104658 0.0174843 0.0257849 0.0337362 0.0397444 0.0432084 0.0448968 0.0463308 0.0486482 0.0518434 0.0548576 0.0562715
 1.07089e-16 6.71252e-05 0.000652481 0.00433597 0.0197107 0.0613273 0.130665 0.190711 0.190721 0.130714 0.0614939 0.0201924 0.00554746 0.00330493 0.00512797 0.0084344 0.0122968 0.0157999 0.0180729 0.0187562 0.0182189 0.0172821 0.0166628 0.0165737 0.0167229 0.0166079
 1.04567e-16 5.12027e-05 0.000497709 0.00330745 0.0150352 0.0467803 0.0996715 0.14548 0.145511 0.0998214 0.0472838 0.0164893 0.00695689 0.00846252 0.0151723 0.0249881 0.0359614 0.0451653 0.049658 0.0481014 0.0415698 0.0328335 0.0247078 0.018744 0.015013 0.0127375
 1.05107e-16 5.44847e-05 0.00052961 0.00351945 0.0159989 0.0497787 0.10606 0.154802 0.154823 0.106166 0.0501353 0.0170303 0.00611326 0.00620826 0.0108871 0.0180371 0.0262681 0.0336374 0.0381802 0.0389592 0.0365567 0.0325523 0.0284422 0.0248893 0.0217524 0.0186198
 1.09874e-16 3.40388e-05 0.000330869 0.00219874 0.00999519 0.031099 0.0662611 0.0967183 0.0967581 0.0664555 0.031752 0.0118827 0.00694197 0.0107029 0.0197844 0.0327913 0.0475596 0.0605012 0.067973 0.0683029 0.0627404 0.0544822 0.0465966 0.040501 0.0358971 0.0317398
 1.19311e-16 3.01837e-05 0.000293396 0.00194972 0.00886318 0.0275768 0.0587563 0.0857625 0.0857908 0.058895 0.0280434 0.0102152 0.0053601 0.00779369 0.0144381 0.0242512 0.0359441 0.0473391 0.056204 0.0614987 0.0638463 0.0647465 0.0652221 0.0650753 0.0632584 0.0588461
 1.26547e-16 3.43742e-05 0.000334129 0.00222041 0.0100937 0.0314053 0.0669131 0.0976665 0.0976899 0.0670275 0.0317902 0.0112089 0.0050326 0.00651639 0.0119051 0.0199744 0.0296069 0.039047 0.0465707 0.0515304 0.0547218 0.0576406 0.0612093 0.0650144 0.0675725 0.067274
 1.20102e-16 4.84318e-05 0.000470774 0.00312846 0.0142215 0.0442486 0.0942769 0.137604 0.137622 0.094368 0.0445549 0.0151081 0.00536099 0.0053681 0.00942075 0.0156904 0.023066 0.0300327 0.0351204 0.037774 0.0387042 0.0393281 0.040727 0.0429398 0.0450397 0.0457756
 1.09034e-16 5.90741e-05 0.000574221 0.0038159 0.0173466 0.0539717 0.114993 0.167839 0.167857 0.115078 0.0542564 0.0181697 0.00588478 0.00509928 0.00867923 0.0143259 0.020804 0.026541 0.0299922 0.0304938 0.0286658 0.025962 0.0237276 0.0224989 0.0219618 0.0214038
 1.05169e-16 5.68981e-05 0.00055307 0.00367535 0.0167076 0.0519837 0.110758 0.161659 0.161681 0.110867 0.0523527 0.0177738 0.00635312 0.00640364 0.011183 0.0184372 0.0266484 0.0337143 0.037533 0.0371466 0.033302 0.027912 0.0228654 0.0191187 0.0166002 0.0147148
 1.04761e-16 5.47873e-05 0.000532552 0.003539 0.0160878 0.0500552 0.106649 0.155662 0.155685 0.106764 0.0504422 0.0172065 0.00634978 0.00667768 0.0117525 0.0194133 0.028126 0.0357175 0.0400011 0.0399595 0.0363164 0.0309737 0.0257925 0.0216912 0.0185911 0.0159596
 1.05997e-16 5.05162e-05 0.000491036 0.00326311 0.0148336 0.0461531 0.098335 0.143528 0.143555 0.0984638 0.0465858 0.0160844 0.00640649 0.00736548 0.0131429 0.0217441 0.0315444 0.0401446 0.0451233 0.0453564 0.0416448 0.036077 0.030669 0.0263717 0.0230341 0.0200327
 1.0549e-16 5.83917e-05 0.000567588 0.00377182 0.0171462 0.0533482 0.113665 0.165901 0.165919 0.113755 0.0536521 0.018025 0.00598157 0.00540373 0.00927923 0.0153431 0.0223207 0.0285423 0.0323399 0.0329424 0.0308969 0.0276112 0.0244052 0.0218382 0.0197178 0.017569
 1.01535e-16 7.40739e-05 0.000720025 0.00478482 0.0217511 0.0676757 0.144191 0.210452 0.210459 0.144226 0.0677948 0.0220951 0.0056489 0.00260826 0.00366594 0.00595856 0.00861262 0.010908 0.0121653 0.0120746 0.0108718 0.00916428 0.00754845 0.00632189 0.00545766 0.00477047
 1.02612e-16 3.631e-05 0.000352946 0.00234546 0.0106621 0.0331741 0.0706828 0.103174 0.103223 0.0709233 0.0339818 0.0129941 0.00819616 0.0131154 0.0242461 0.0399516 0.0573731 0.0717793 0.0783706 0.0749333 0.0631751 0.0476076 0.0329074 0.0217935 0.0146291 0.0103717
 1.02682e-16 7.05796e-05 0.000686059 0.00455911 0.020725 0.0644833 0.137389 0.200524 0.200531 0.137422 0.0645948 0.0210483 0.00537484 0.00248112 0.00352159 0.00581911 0.00862869 0.0113758 0.0135065 0.0147347 0.0151522 0.0150561 0.0146563 0.0139314 0.0127326 0.0109955
 1.0323e-16 5.08259e-05 0.000494045 0.00328311 0.0149245 0.046436 0.098938 0.14441 0.144442 0.0990963 0.0469675 0.0164594 0.0071341 0.00889555 0.0159917 0.0263183 0.0378192 0.0473795 0.0518676 0.0498599 0.0425072 0.0327813 0.0237227 0.0170362 0.0128434 0.0103421
 1.05873e-16 4.84311e-05 0.000470767 0.00312842 0.0142213 0.044248 0.094276 0.137604 0.13763 0.0944045 0.0446797 0.01547 0.00626904 0.00734792 0.0131712 0.0218586 0.0318566 0.0408348 0.0464191 0.0474657 0.0446545 0.0398596 0.0348553 0.0304265 0.0264185 0.0223808
 1.05723e-16 5.93536e-05 0.000576938 0.00383395 0.0174286 0.054227 0.115537 0.168633 0.16865 0.115621 0.054508 0.0182412 0.00587758 0.00505087 0.00859372 0.0142124 0.0207026 0.0265331 0.0301812 0.0309504 0.0293502 0.026663 0.0240633 0.0220023 0.0202334 0.01827
 1.04326e-16 5.92579e-05 0.000576008 0.00382778 0.0174005 0.0541396 0.115351 0.168362 0.168383 0.115451 0.0544759 0.0183722 0.00626808 0.00590763 0.0101982 0.016801 0.0242807 0.0307148 0.0341859 0.0338196 0.0302944 0.0253501 0.0207032 0.0172212 0.0148382 0.0130188
 1.08221e-16 2.94971e-05 0.000286722 0.00190537 0.00866157 0.0269496 0.0574207 0.083817 0.0838638 0.0576493 0.0277176 0.0108808 0.00748018 0.0124702 0.0232083 0.0384265 0.0555983 0.0704336 0.0785594 0.0779416 0.0700457 0.0587298 0.0478122 0.039244 0.032957 0.027911
 1.08573e-16 5.87167e-05 0.000570748 0.00379282 0.0172416 0.0536451 0.114297 0.166822 0.166833 0.114352 0.053831 0.0177811 0.00515616 0.00357755 0.00585927 0.00982985 0.0147086 0.0196613 0.0238554 0.0268839 0.0289118 0.0303525 0.0313699 0.0316663 0.0307204 0.0282211
 1.0786e-16 5.03612e-05 0.000489528 0.00325309 0.0147881 0.0460114 0.0980332 0.143088 0.143116 0.0981707 0.0464733 0.0161223 0.00660293 0.00780515 0.0139534 0.023015 0.0332196 0.0419418 0.0465604 0.0459217 0.0410471 0.0344376 0.0285351 0.0245288 0.0222086 0.0206262
 1.10754e-16 3.69067e-05 0.000358746 0.002384 0.0108373 0.0337191 0.0718434 0.104865 0.1049 0.0720142 0.0342928 0.0124963 0.00655578 0.00949044 0.0174522 0.0289838 0.0421946 0.0539985 0.0612513 0.0624839 0.0587018 0.0525294 0.046439 0.041499 0.0373919 0.0332808
 1.08825e-16 5.78992e-05 0.0005628 0.00374001 0.0170015 0.0528982 0.112706 0.1645 0.164514 0.112776 0.0531331 0.017682 0.00545471 0.00432847 0.00727604 0.0121125 0.0178574 0.0233361 0.0273854 0.0294784 0.0299819 0.0297636 0.0294828 0.0291636 0.0283303 0.0264773
 1.06791e-16 5.40566e-05 0.00052545 0.0034918 0.0158732 0.0493877 0.105227 0.153586 0.153611 0.105347 0.0497912 0.017039 0.0064194 0.00692088 0.0122138 0.0201437 0.029105 0.0368076 0.0409663 0.0405628 0.0364581 0.0307895 0.0256438 0.0220388 0.0198106 0.0181869
 1.10405e-16 3.18531e-05 0.000309624 0.00205756 0.0093534 0.0291021 0.0620067 0.0905092 0.0905504 0.0622084 0.0297799 0.0113127 0.00698205 0.0110809 0.0205503 0.0340858 0.0494801 0.0630251 0.0709413 0.0714704 0.0658569 0.057351 0.0490867 0.0425363 0.0374575 0.0328738
 1.1682e-16 3.82519e-05 0.000371822 0.00247089 0.0112323 0.0349481 0.0744614 0.108683 0.108706 0.0745717 0.0353195 0.0123091 0.00518887 0.0063554 0.0115503 0.0194241 0.0288954 0.0382768 0.0458463 0.0508019 0.0536038 0.0553308 0.0566178 0.0571142 0.0558451 0.0520371
 1.0722e-16 6.71655e-05 0.000652873 0.00433857 0.0197225 0.0613641 0.130743 0.190825 0.190834 0.130788 0.061515 0.0201591 0.0054374 0.00306135 0.00467055 0.00769393 0.0112681 0.0145883 0.0168975 0.017892 0.0179011 0.0176219 0.0176148 0.0179595 0.0182892 0.0180943
pSPR Fmed_Fpbrs
0.740703   0.189158 0.189158
Fs Fmed_Fpbrs
0.148579   1.005 1.005
SSBpbr Bo_Bmed_Bpbrs
2.44761e+06  1.69057e+06  340603 340603
Ro
245553
SPR SPRFo_SPRFmed_SPRFpbrs
1.7552e+06 1.30008e+06 332009
Fref
1.005
Nvult_r0
 306219 28971.7 11545 10222 4234.15
CTP_r0
 29633.8 3052.17 1216.26 1076.89 446.068
YTP_r0
391304
Np
 312061 151167 14077.7 5609.86 6591.3
Nvult_p0
 266054 130811 12182 4854.43 5703.72
CTP_p0
 127080 65568.5 6106.19 2433.27 2858.97
YTP_p0
 2.32436e+06
CBA_c0
971219
log_Ro
12.2313
likeval ReclasPelacesDesembMPH_pf_preclas_ppelaces_ptallas_desvR_qrecl_qpela
 29.2509 18.229 0.258623 0.00335874 243.83 127.81 99.0532 0 19.1173 0 0 1.30355 0 0 0
q_reclas_q_pelaces
1 1
M
1
N
 265274 50575.9 233212 11033.8 0.396877
 155561 90236.1 17071 78716.5 3724.38
 149482 49823 28506.8 5392.95 26044.2
 461325 48207.4 15859.5 9074.17 10006.9
 355673 146934 15136.6 4979.71 5991.28
 457815 125532 51646.5 5320.44 3856.24
 190075 154384 41968.5 17266.8 3068
 91149.5 58199.7 46419.7 12618.9 6114.18
 69769.1 32574.3 20739.3 16541.6 6675.5
 85453.7 22725.3 10483 6674.29 7471.66
 131291 26504.6 6930.38 3196.93 4314
 164938 45764.7 9189.63 2402.89 2604.18
 150570 45389.4 12237 2457.21 1338.84
 113838 42073.4 12342.2 3327.45 1032.21
 124619 27574.6 9778 2868.37 1013.2
 518610 35547.2 7669.83 2719.74 1079.65
 156294 147656 9867.14 2128.98 1054.63
 740731 48867.3 45428.7 3035.77 979.486
 507663 227336 14730.9 13694.4 1210.39
 379827 143433 62572.8 4054.59 4102.44
 556355 111153 41033.6 17901 2333.58
 713539 172302 33841.6 12493.1 6160.62
 191158 209972 49593.8 9740.68 5369.12
 473017 61896.2 67133.7 15856.5 4831.01
 403170 156069 20203.2 21912.8 6752.5
 203395 132523 50731.3 6567.21 9317.86
 404727 68498.6 44241.9 16936.3 5303.11
 425098 133679 22384.5 14457.7 7267.55
 158764 141882 44189 7399.42 7181.51
 131885 53181.6 47087.5 14665.4 4839.1
 457386 43049.4 17154.8 15189.1 6291.58
pred_Ctot
 12715.7 2655.97 12247 579.434 0.0208418
 12868.1 8158.17 1543.37 7116.69 336.718
 11783.1 4293.56 2456.61 464.743 2244.39
 39601.9 4521.97 1487.66 851.179 938.675
 9160.82 4152.3 427.755 140.725 169.311
 24290.3 7294.26 3001.02 309.155 224.075
 20450.9 18123.1 4926.64 2026.93 360.15
 1649.54 1156.2 922.181 250.689 121.465
 5104.53 2606.48 1659.49 1323.6 534.149
 8593.54 2494.64 1150.76 732.661 820.192
 4374.22 968.389 253.213 116.805 157.619
 26896.5 8109.67 1628.43 425.801 461.47
 23402.1 7670.32 2067.92 415.242 226.249
 25423.9 10164.3 2981.7 803.866 249.368
 18064.1 4349.28 1542.27 452.422 159.81
 75670.5 5643.34 1217.64 431.776 171.402
 15027.3 15501.7 1035.9 223.512 110.721
 78759.1 5669.42 5270.48 352.2 113.637
 76062.6 37049.8 2400.75 2231.82 197.262
 50028.1 20576.4 8976.49 581.658 588.522
 56407.9 12301 4541.08 1981.05 258.251
 91908.3 24177.4 4748.66 1753.03 864.459
 14631.7 17573.1 4150.64 815.224 449.356
 31109.4 4454.37 4831.29 1141.11 347.665
 27390.3 11600.3 1501.66 1628.73 501.899
 10948.9 7812.44 2990.68 387.146 549.301
 26368.8 4883.56 3154.2 1207.46 378.082
 25119.3 8647.46 1448.01 935.243 470.124
 9045.76 8850.93 2756.62 461.594 448
 9488.76 4185.02 3705.45 1154.06 380.803
 29633.8 3052.17 1216.26 1076.89 446.068
F
 0.0783358 0.0860959 0.0860959 0.0860959 0.0860959
 0.13856 0.152287 0.152287 0.152287 0.152287
 0.131667 0.14471 0.14471 0.14471 0.14471
 0.144118 0.158394 0.158394 0.158394 0.158394
 0.0414553 0.0455619 0.0455619 0.0455619 0.0455619
 0.0870185 0.0956388 0.0956388 0.0956388 0.0956388
 0.18354 0.201722 0.201722 0.201722 0.201722
 0.0289772 0.0318477 0.0318477 0.0318477 0.0318477
 0.121712 0.13377 0.13377 0.13377 0.13377
 0.170657 0.187563 0.187563 0.187563 0.187563
 0.0539016 0.0592412 0.0592412 0.0592412 0.0592412
 0.290294 0.319051 0.319051 0.319051 0.319051
 0.275013 0.302256 0.302256 0.302256 0.302256
 0.417883 0.45928 0.45928 0.45928 0.45928
 0.254397 0.279599 0.279599 0.279599 0.279599
 0.256264 0.281651 0.281651 0.281651 0.281651
 0.162633 0.178744 0.178744 0.178744 0.178744
 0.181207 0.199158 0.199158 0.199158 0.199158
 0.263952 0.2901 0.2901 0.2901 0.2901
 0.228809 0.251475 0.251475 0.251475 0.251475
 0.172161 0.189216 0.189216 0.189216 0.189216
 0.223263 0.24538 0.24538 0.24538 0.24538
 0.127643 0.140287 0.140287 0.140287 0.140287
 0.108835 0.119617 0.119617 0.119617 0.119617
 0.112599 0.123753 0.123753 0.123753 0.123753
 0.0883355 0.0970863 0.0970863 0.0970863 0.0970863
 0.107769 0.118445 0.118445 0.118445 0.118445
 0.0973252 0.106966 0.106966 0.106966 0.106966
 0.0937033 0.102986 0.102986 0.102986 0.102986
 0.119585 0.131432 0.131432 0.131432 0.131432
 0.107142 0.117756 0.117756 0.117756 0.117756
YTP_r0W_actual
 251887 49750.3 35150.1 37475.9 17039.8
YTP_p0W_proyectada
 955642 1.05696e+06 142763 71781.4 97205
CTP_r0_actual
 29633.8 3052.17 1216.26 1076.89 446.068
CTP_p0_proyectada
 127080 65568.5 6106.19 2433.27 2858.97
Wmedp
 7.52 16.12 23.38 29.5 34
Frms_r0
 0.107142 0.117756 0.117756 0.117756 0.117756
Zrms_r0
 1.10714 1.11776 1.11776 1.11776 1.11776
nmprior
 8.19 8.8 8.5 0
nm_flota  nm_reclas  nm_pelaces    nm_pelaL
inf 9.8758 15.0568 33.9668
cv_recla  cv_pelaces  cv_mph
0.489209 0.484121 1.78852
 ------------------------------------------------
Talla a la edad & desviaci?n 
 8 13.2811 15.8009 17.003 17.5766
 0.8 1.32811 1.58009 1.7003 1.75766
