years
 1991 1992 1993 1994 1995 1996 1997 1998 1999 2000 2001 2002 2003 2004 2005 2006 2007 2008 2009 2010 2011 2012 2013 2014 2015 2016 2017 2018 2019 2020 2021
reclasobs
 0 0 0 0 0 0 0 0 0 252601 567819 844713 477998 351125 339783 2.1784e+06 2.13404e+06 4.81314e+06 1.55562e+06 2.62356e+06 3.21686e+06 3.843e+06 1.13348e+06 3.07943e+06 1.97215e+06 2.03268e+06 2.025e+06 2.42433e+06 2.27542e+06 1.05018e+06 2.36338e+06
reclaspred
 3.22038e+06 1.98211e+06 1.00465e+06 885057 958866 1.29059e+06 946907 802065 594951 461939 436145 594151 612149 505586 582740 1.12753e+06 1.61956e+06 2.45327e+06 2.36855e+06 1.80815e+06 3.09387e+06 2.48614e+06 2.30771e+06 2.90416e+06 2.5736e+06 2.35262e+06 2.36725e+06 2.30215e+06 2.52191e+06 1.6739e+06 2.21156e+06
pelacesobs
 0 0 0 0 0 0 0 0 0 0 0 0 0 0 0 552880 188675 0 991730 2.46772e+06 1.41603e+06 1.21717e+06 2.29649e+06 1.80582e+06 0 1.4828e+06 1.56532e+06 1.57751e+06 1.42118e+06 867257 1.10002e+06
pelacespred
 1.41286e+06 992296 526135 376221 428740 574767 408456 405942 304105 218207 224943 243726 272220 241502 296377 479309 676832 1.11236e+06 1.16098e+06 855345 1.28981e+06 1.22463e+06 1.09076e+06 1.4708e+06 1.33327e+06 1.16532e+06 1.31416e+06 1.31221e+06 1.16266e+06 868894 1.16378e+06
mphobs
 0 0 0 0 0 0 0 0 0 0 0 498337 0 5186 125008 0 168611 109162 213762 579715 649985 157893 87575 83554 0 0 0 0 0 0 0
mphpred
 2.83056e+06 2.14778e+06 1.11338e+06 652529 732896 813488 1.0269e+06 606886 564504 420766 289812 430276 462029 408865 328458 522699 1.23571e+06 1.32248e+06 2.03263e+06 1.65998e+06 1.74313e+06 2.24132e+06 1.99135e+06 1.73249e+06 2.44536e+06 1.96304e+06 1.68575e+06 1.76325e+06 2.2709e+06 1.62617e+06 1.11827e+06
desembarqueobs
 494567 514787 250237 358949 120608 361735 552515 73892 212993 205616 52469 317467 293654 387597 252695 516296 358380 742168 942051 627588 828172 859565 418607 520667 417249 300574 415391 372974 316634 284311 391294
desembarquepred
 494621 513219 251230 359025 120544 361977 552909 73900.1 213077 205784 52463.4 317539 293488 387503 252557 516357 358431 742435 941396 627588 828440 859409 418552 520971 417500 300782 415381 372989 316659 284407 391503
Reclutas
 201117 102330 124689 202406 159196 262802 89414 57869.9 53589.1 66411.7 120385 155048 136556 106858 136205 508232 155012 696364 504877 333930 557547 631599 176203 464718 357004 192436 386434 392921 144404 121899 526064
log_desv_Rt
 -0.0130494 -0.688735 -0.491113 -0.00666059 -0.2468 0.254468 -0.823657 -1.25874 -1.33559 -1.12106 -0.526242 -0.273198 -0.400199 -0.645436 -0.402771 0.914002 -0.273431 1.22894 0.907381 0.493998 1.00661 1.13132 -0.145296 0.824497 0.560811 -0.0571722 0.640028 0.656674 -0.344323 -0.513745 0.948489
SSB
 2.83056e+06 2.14778e+06 1.11338e+06 652529 732896 813488 1.0269e+06 606886 564504 420766 289812 430276 462029 408865 328458 522699 1.23571e+06 1.32248e+06 2.03263e+06 1.65998e+06 1.74313e+06 2.24132e+06 1.99135e+06 1.73249e+06 2.44536e+06 1.96304e+06 1.68575e+06 1.76325e+06 2.2709e+06 1.62617e+06 1.11827e+06
BT
 3.88266e+06 2.9172e+06 1.55616e+06 1.4409e+06 1.27466e+06 2.15214e+06 1.5447e+06 1.26046e+06 1.0847e+06 826326 767734 1.02697e+06 1.11465e+06 1.20934e+06 1.3238e+06 2.18148e+06 2.13493e+06 4.47935e+06 4.39887e+06 2.95337e+06 4.86177e+06 4.34881e+06 3.30056e+06 5.43517e+06 3.94075e+06 3.5035e+06 4.69803e+06 4.55686e+06 3.14949e+06 2.5554e+06 4.55706e+06
Ftot
 0.145601 0.243166 0.235142 0.37763 0.119522 0.263889 0.5324 0.0878247 0.33439 0.41263 0.114546 0.492425 0.443634 0.693728 0.404596 0.427205 0.20881 0.284628 0.370104 0.324325 0.252112 0.323217 0.17162 0.170128 0.153776 0.121518 0.166403 0.153811 0.119296 0.16091 0.16809
BD_Bspro_t
 0.976973 0.844907 0.695088 0.618751 0.633382 0.702036 0.680847 0.516677 0.590074 0.561839 0.536765 0.705893 0.596689 0.518586 0.449795 0.555064 0.660336 0.66248 0.700032 0.62581 0.594541 0.648189 0.65406 0.662396 0.75616 0.759097 0.770626 0.793368 0.821759 0.772468 0.732637
BD_Bspro
 1.94627 1.4768 0.765553 0.448674 0.503934 0.559348 0.706087 0.41729 0.388148 0.289316 0.199272 0.295854 0.317687 0.281133 0.225845 0.359404 0.849665 0.90933 1.39762 1.14139 1.19857 1.54112 1.36923 1.19125 1.68141 1.34977 1.15911 1.2124 1.56145 1.11814 0.768913
BD_Bo
 1.3969 1.05994 0.54946 0.322027 0.361688 0.401461 0.50678 0.299502 0.278586 0.20765 0.143024 0.212343 0.228014 0.201777 0.162096 0.257955 0.609829 0.652653 1.00311 0.81921 0.860246 1.10611 0.98274 0.854993 1.2068 0.968773 0.831929 0.870173 1.1207 0.802523 0.551871
BD_Brms
 5.93523 4.50355 2.33458 1.36825 1.53677 1.70575 2.15324 1.27254 1.18367 0.882279 0.607689 0.902219 0.9688 0.857324 0.688724 1.09602 2.59108 2.77304 4.2621 3.48072 3.65507 4.6997 4.17553 3.63275 5.12753 4.11619 3.53476 3.69725 4.76171 3.40981 2.34483
Sel_flota
 0.5 1 1 1 1
 0.5 1 1 1 1
 0.5 1 1 1 1
 0.5 1 1 1 1
 0.5 1 1 1 1
 0.5 1 1 1 1
 0.5 1 1 1 1
 0.5 1 1 1 1
 0.5 1 1 1 1
 0.5 1 1 1 1
 0.5 1 1 1 1
 0.5 1 1 1 1
 0.5 1 1 1 1
 0.5 1 1 1 1
 0.5 1 1 1 1
 0.5 1 1 1 1
 0.5 1 1 1 1
 0.5 1 1 1 1
 0.5 1 1 1 1
 0.5 1 1 1 1
 0.5 1 1 1 1
 0.5 1 1 1 1
 0.5 1 1 1 1
 0.5 1 1 1 1
 0.5 1 1 1 1
 0.5 1 1 1 1
 0.5 1 1 1 1
 0.5 1 1 1 1
 0.5 1 1 1 1
 0.5 1 1 1 1
 0.5 1 1 1 1
Sel_reclas
 0.5 1 1 1 1
 0.5 1 1 1 1
 0.5 1 1 1 1
 0.5 1 1 1 1
 0.5 1 1 1 1
 0.5 1 1 1 1
 0.5 1 1 1 1
 0.5 1 1 1 1
 0.5 1 1 1 1
 0.5 1 1 1 1
 0.5 1 1 1 1
 0.5 1 1 1 1
 0.5 1 1 1 1
 0.5 1 1 1 1
 0.5 1 1 1 1
 0.5 1 1 1 1
 0.5 1 1 1 1
 0.5 1 1 1 1
 0.5 1 1 1 1
 0.5 1 1 1 1
 0.5 1 1 1 1
 0.5 1 1 1 1
 0.5 1 1 1 1
 0.5 1 1 1 1
 0.5 1 1 1 1
 0.5 1 1 1 1
 0.5 1 1 1 1
 0.5 1 1 1 1
 0.5 1 1 1 1
 0.5 1 1 1 1
 0.5 1 1 1 1
Sel_pelaces
 0.5 1 1 1 1
 0.5 1 1 1 1
 0.5 1 1 1 1
 0.5 1 1 1 1
 0.5 1 1 1 1
 0.5 1 1 1 1
 0.5 1 1 1 1
 0.5 1 1 1 1
 0.5 1 1 1 1
 0.5 1 1 1 1
 0.5 1 1 1 1
 0.5 1 1 1 1
 0.5 1 1 1 1
 0.5 1 1 1 1
 0.5 1 1 1 1
 0.5 1 1 1 1
 0.5 1 1 1 1
 0.5 1 1 1 1
 0.5 1 1 1 1
 0.5 1 1 1 1
 0.5 1 1 1 1
 0.5 1 1 1 1
 0.5 1 1 1 1
 0.5 1 1 1 1
 0.5 1 1 1 1
 0.5 1 1 1 1
 0.5 1 1 1 1
 0.5 1 1 1 1
 0.5 1 1 1 1
 0.5 1 1 1 1
 0.5 1 1 1 1
pf_obs 
 0.8446 0.082 0.0669 0.0065 0
 0.8095 0.147 0.0364 0.0071 0
 0.9664 0.0169 0.016 0.0007 0
 0.9276 0.0648 0.0075 0.0001 0
 0.7033 0.2144 0.0806 0.0017 0
 0.9318 0.0425 0.0243 0.0014 0
 0.5671 0.3108 0.0964 0.0239 0.0018
 0.0768 0.2599 0.5324 0.112 0.0189
 0.490249 0.384438 0.106611 0.0170017 0.00170017
 0.7925 0.1577 0.0466 0.003 0.0002
 0.840416 0.127587 0.0312969 0.00059994 9.999e-05
 0.8084 0.0986 0.0794 0.0134 0.0002
 0.7335 0.1905 0.0724 0.0035 0.0001
 0.4001 0.4547 0.1325 0.0127 0
 0.49795 0.308269 0.164784 0.0264974 0.00249975
 0.9179 0.0499 0.0305 0.0017 0
 0.2467 0.6533 0.0926 0.0074 0
 0.9418 0.0223 0.034 0.0019 0
 0.707729 0.231977 0.0356964 0.0245975 0
 0.517169 0.277429 0.184464 0.0207286 0.00020938
 0.811772 0.124168 0.05621 0.00726502 0.000585176
 0.764997 0.148141 0.077277 0.00933861 0.000247198
 0.163321 0.427699 0.378323 0.0303852 0.000271297
 0.753843 0.0900009 0.118128 0.0371064 0.000921714
 0.721811 0.176058 0.0630433 0.0369309 0.00215725
 0.143369 0.312575 0.442814 0.0836902 0.0175525
 0.692698 0.0596174 0.167031 0.0765114 0.00414204
 0.394062 0.376323 0.152708 0.0712218 0.00568511
 0.125707 0.32114 0.495352 0.0537591 0.00404204
 0.23352 0.215282 0.420074 0.123614 0.00750983
 0.796117 0.104755 0.0508955 0.0450114 0.00322123
pf_pred 
 0.29008 0.471252 0.235546 0.000351828 0.00277053
 0.264507 0.338599 0.263462 0.131686 0.00174561
 0.460999 0.235055 0.139927 0.108877 0.0551413
 0.633805 0.237012 0.0563361 0.0335366 0.0393105
 0.512689 0.387448 0.0646342 0.0153631 0.0198657
 0.632595 0.251852 0.0918729 0.0153263 0.00835356
 0.315607 0.53958 0.0992675 0.0362117 0.00933339
 0.378304 0.323629 0.234998 0.043233 0.0198358
 0.438392 0.311871 0.130003 0.0943996 0.025335
 0.577592 0.267476 0.0860365 0.0358642 0.0330315
 0.700961 0.226085 0.0461952 0.0148592 0.0118988
 0.628439 0.308034 0.0480289 0.00981357 0.0056844
 0.571119 0.341913 0.0720981 0.0112416 0.00362744
 0.53265 0.351891 0.0920464 0.0194095 0.00400289
 0.662268 0.249513 0.0664245 0.0173751 0.00441943
 0.846378 0.125347 0.0208897 0.00556119 0.00182468
 0.33152 0.619125 0.0402711 0.0067114 0.00237291
 0.786535 0.109607 0.0961902 0.0062567 0.00141138
 0.520865 0.426043 0.0272609 0.0239239 0.00190716
 0.449842 0.389816 0.142575 0.00912282 0.00864433
 0.643631 0.229218 0.090093 0.0329514 0.00410628
 0.597138 0.320551 0.0529427 0.0208088 0.00855924
 0.26111 0.565719 0.137789 0.0227575 0.0126239
 0.632965 0.156531 0.161169 0.0392551 0.0100799
 0.479058 0.40836 0.0480135 0.049436 0.0151327
 0.348032 0.429051 0.174742 0.0205455 0.0276297
 0.61182 0.203907 0.121268 0.0493893 0.0136163
 0.543454 0.350652 0.0556251 0.0330814 0.0171877
 0.282888 0.51172 0.157752 0.0250247 0.0226151
 0.361413 0.28717 0.250766 0.0773055 0.0233456
 0.781216 0.118749 0.0449851 0.0392824 0.015767
pobs_RECLAS
 0 0 0 0 0
 0 0 0 0 0
 0 0 0 0 0
 0 0 0 0 0
 0 0 0 0 0
 0 0 0 0 0
 0 0 0 0 0
 0 0 0 0 0
 0 0 0 0 0
 0 0 0 0 0
 0.991045 0.00858322 0.000360255 1.14367e-05 0
 0.934742 0.0480273 0.0164251 0.00080598 0
 0.827803 0.169806 0.00239088 0 0
 0.941827 0.0461693 0.0120037 0 0
 0.791401 0.0380133 0.147996 0.0225897 0
 0.846168 0.0940531 0.0597789 0 0
 0.134021 0.677848 0.182769 0.00536245 0
 0.80878 0.0450904 0.141981 0.00414843 0
 0.846168 0.0940531 0.0597789 0 0
 0.905697 0.0802665 0.012482 0.00150086 5.37128e-05
 0.989698 0.0102097 9.19794e-05 0 0
 0.975433 0.0193895 0.00387452 0.00125025 5.28907e-05
 0.303575 0.632131 0.0575291 0.00676475 0
 0.966965 0.00978017 0.0227588 0.000495775 0
 0.843318 0.132988 0.00938335 0.0141283 0.000182051
 0.564624 0.303363 0.111486 0.0197234 0.00080311
 0.826376 0.0876187 0.0782897 0.00655872 0.00115652
 0.89761 0.0855135 0.0140674 0.00269457 0.000114338
 0.34875 0.467042 0.161289 0.0227151 0.000203297
 0.318654 0.224769 0.449479 0.00709798 0
 0.937255 0.0296025 0.0250945 0.00804832 0
ppred_RECLAS
 0.29144 0.470349 0.235095 0.000351154 0.00276522
 0.266791 0.337547 0.262644 0.131277 0.00174019
 0.4638 0.233834 0.1392 0.108311 0.0548548
 0.638354 0.234067 0.0556362 0.0331199 0.0388221
 0.514018 0.386391 0.0644579 0.0153212 0.0198115
 0.63558 0.249806 0.0911264 0.0152017 0.00828569
 0.322137 0.534432 0.0983204 0.0358662 0.00924434
 0.379205 0.32316 0.234658 0.0431704 0.0198071
 0.442578 0.309546 0.129034 0.0936959 0.0251461
 0.582924 0.264099 0.0849505 0.0354115 0.0326145
 0.702026 0.22528 0.0460307 0.0148063 0.0118565
 0.634779 0.302778 0.0472094 0.00964612 0.00558741
 0.576971 0.337248 0.0711144 0.0110882 0.00357794
 0.54317 0.34397 0.0899747 0.0189726 0.00391279
 0.667031 0.245994 0.0654876 0.01713 0.0043571
 0.849324 0.122942 0.020489 0.00545452 0.00178968
 0.333705 0.617101 0.0401394 0.00668945 0.00236516
 0.788884 0.108401 0.0951316 0.00618785 0.00139585
 0.525651 0.421788 0.0269886 0.0236849 0.00188812
 0.4539 0.386941 0.141523 0.00905554 0.00858058
 0.646426 0.227421 0.0893865 0.032693 0.00407408
 0.601057 0.317433 0.0524277 0.0206064 0.00847599
 0.262638 0.564549 0.137504 0.0227104 0.0125978
 0.634782 0.155756 0.160371 0.0390608 0.01003
 0.480806 0.40699 0.0478524 0.0492701 0.0150819
 0.349263 0.428241 0.174412 0.0205067 0.0275775
 0.613632 0.202955 0.120701 0.0491587 0.0135527
 0.545191 0.349318 0.0554134 0.0329555 0.0171223
 0.283967 0.51095 0.157515 0.0249871 0.0225811
 0.363113 0.286406 0.250098 0.0770996 0.0232835
 0.782534 0.118034 0.0447142 0.0390458 0.015672
pobs_PELACES
 0 0 0 0 0
 0 0 0 0 0
 0 0 0 0 0
 0 0 0 0 0
 0 0 0 0 0
 0 0 0 0 0
 0 0 0 0 0
 0 0 0 0 0
 0 0 0 0 0
 0 0 0 0 0
 0 0 0 0 0
 0 0 0 0 0
 0 0 0 0 0
 0 0 0 0 0
 0 0 0 0 0
 0 0 0 0 0
 0.505614 0.472636 0.0217494 0 0
 0 0 0 0 0
 0.443492 0.261883 0.143347 0.151278 0
 0.227955 0.32914 0.350689 0.0885471 0.00366901
 0.970185 0.0296113 0.000203453 0 0
 0.997202 0.00247181 0.000326279 0 0
 0.445219 0.490057 0.0546422 0.010081 0
 0.90214 0.0892962 0.00764917 0.000914606 0
 0 0 0 0 0
 0.581667 0.319106 0.0959925 0.00289975 0.000334073
 0.762889 0.0836404 0.116647 0.0363945 0.000428098
 0.88444 0.0763242 0.0277011 0.0115352 0
 0.521256 0.241999 0.230069 0.00667565 0
 0.616807 0.101726 0.260614 0.0208532 0
 0.833518 0.0704572 0.0857862 0.0102388 0
ppred_PELACES
 0.296426 0.467039 0.23344 0.000348683 0.00274577
 0.274712 0.3339 0.259807 0.129859 0.00172139
 0.473461 0.229621 0.136692 0.10636 0.0538664
 0.652611 0.22484 0.0534429 0.0318143 0.0372916
 0.518943 0.382475 0.0638046 0.0151659 0.0196107
 0.645605 0.242934 0.0886198 0.0147836 0.00805777
 0.341611 0.519078 0.0954957 0.0348358 0.00897876
 0.382622 0.321381 0.233366 0.0429327 0.019698
 0.45623 0.301965 0.125874 0.0914013 0.0245303
 0.599378 0.253681 0.0815992 0.0340145 0.0313279
 0.705964 0.222303 0.0454223 0.0146106 0.0116998
 0.653401 0.28734 0.0448022 0.00915427 0.00530251
 0.594729 0.323091 0.0681291 0.0106227 0.00342775
 0.571402 0.322713 0.0844141 0.0178001 0.00367097
 0.681689 0.235165 0.0626047 0.0163759 0.00416529
 0.858125 0.115762 0.0192923 0.00513594 0.00168515
 0.341409 0.609966 0.0396753 0.00661211 0.00233781
 0.796599 0.104439 0.0916549 0.0059617 0.00134484
 0.540849 0.408273 0.0261239 0.0229261 0.00182762
 0.467194 0.377521 0.138078 0.00883509 0.0083717
 0.655875 0.221343 0.0869978 0.0318193 0.00396521
 0.613773 0.307315 0.0507566 0.0199496 0.00820581
 0.268159 0.560322 0.136475 0.0225404 0.0125035
 0.641265 0.152992 0.157524 0.0383674 0.00985194
 0.487142 0.402022 0.0472683 0.0486688 0.0148979
 0.353833 0.425233 0.173187 0.0203627 0.0273838
 0.620121 0.199546 0.118674 0.048333 0.0133251
 0.551476 0.34449 0.0546476 0.0325001 0.0168857
 0.287986 0.508082 0.15663 0.0248468 0.0224544
 0.369275 0.283635 0.247678 0.0763537 0.0230582
 0.787217 0.115492 0.0437514 0.038205 0.0153345
pobs_pel_tallas
 0 0 0 0 0 0 0 0 0 0 0 0 0 0 0 0 0 0 0 0 0 0 0 0 0 0
 0 0 0 0 0 0 0 0 0 0 0 0 0 0 0 0 0 0 0 0 0 0 0 0 0 0
 0 0 0 0 0 0 0 0 0 0 0 0 0 0 0 0 0 0 0 0 0 0 0 0 0 0
 0 0 0 0 0 0 0 0 0 0 0 0 0 0 0 0 0 0 0 0 0 0 0 0 0 0
 0 0 0 0 0 0 0 0 0 0 0 0 0 0 0 0 0 0 0 0 0 0 0 0 0 0
 0 0 0 0 0 0 0 0 0 0 0 0 0 0 0 0 0 0 0 0 0 0 0 0 0 0
 0 0 0 0 0 0 0 0 0 0 0 0 0 0 0 0 0 0 0 0 0 0 0 0 0 0
 0 0 0 0 0 0 0 0 0 0 0 0 0 0 0 0 0 0 0 0 0 0 0 0 0 0
 0 0 0 0 0 0 0 0 0 0 0 0 0 0 0 0 0 0 0 0 0 0 0 0 0 0
 0 0 0 0 0 0 0 0 0 0 0 0 0 0 0 0 0 0 0 0 0 0 0 0 0 0
 0 0 0 0 0 0 0 0 0 0 0 0 0 0 0 0 0 0 0 0 0 0 0 0 0 0
 0 0 0 0 0 0 0 0 0 0 0 0 0 0 0 0 0 0 0 0 0 0 0 0 0 0
 0.00862536 0 0 0.000197151 0.00414017 0.0128641 0.00837892 0.0270097 0.101434 0.158115 0.152841 0.127902 0.109271 0.109419 0.0830992 0.0579132 0.0238553 0.00714673 0.00463305 0.00128148 0.00103504 0.000492878 0.000147863 0.000147863 4.92878e-05 0
 0 0 0 0 0 0 0 0 0 0 0 0 0 0 0 0 0 0 0 0 0 0 0 0 0 0
 0 0 0 0 0 0 0 0.0054083 0.00873648 0.0413646 0.0450493 0.0745869 0.0622846 0.0627006 0.0613931 0.0827291 0.12552 0.122667 0.0946155 0.0697135 0.0546179 0.0294188 0.0215738 0.0213955 0.0102223 0.00600262
 0 0 0 0 0.00359764 0.0251062 0.0480494 0.140153 0.205849 0.193036 0.1447 0.116669 0.0760912 0.0342217 0.00950174 0.001854 0.000860785 0 0 0 0.000165536 0 0.000143464 0 0 0
 0 0 0 0 0 0 0 0.000145254 0.000435761 0.0275982 0.070085 0.0708112 0.156366 0.174668 0.174014 0.160142 0.0824315 0.0480064 0.0283245 0.00493863 0.00203355 0 0 0 0 0
 0 0 0 0 0 0 0 0 0 0 0 0 0 0 0 0 0 0 0 0 0 0 0 0 0 0
 0 0 1.00437e-05 0.000401748 0.00122533 0.00171747 0.00176769 0.0269171 0.070346 0.194647 0.189555 0.159765 0.064822 0.0314167 0.0384472 0.0292271 0.0345202 0.0313363 0.0194345 0.0106764 0.0143323 0.0359363 0.0279516 0.0138201 0.00172751 0
 0 0.0021121 0.0136068 0.0755702 0.200478 0.177729 0.0527432 0.0373336 0.0318909 0.0142505 0.0149659 0.0166563 0.0217959 0.0798694 0.0677717 0.0528807 0.04013 0.0224614 0.0357745 0.0225083 0.00881397 0.00855152 0.00135912 0.000746735 0 0
 0 0 0 0 5.4009e-05 0.00500934 0.000945158 0.0243581 0.138947 0.33067 0.221406 0.137944 0.0707744 0.0437923 0.0131692 0.00525238 0.0047753 0.00276346 9.45158e-05 9.00151e-06 2.25038e-05 9.00151e-06 4.50075e-06 0 0 0
 0.000866109 0.00284123 0.00948549 0.0512746 0.133035 0.25785 0.225252 0.132002 0.0553304 0.0519788 0.0540692 0.017754 0.00435017 0.00159236 0.00146478 0.000404838 0.000125132 0.000115318 0.000107957 0.000100596 0 0 0 0 0 0
 0 0 0 0 0.00144013 0.00171154 0.00461396 0.0210425 0.0478622 0.0707936 0.0888783 0.103762 0.0637923 0.0337046 0.0602308 0.124433 0.169614 0.0934646 0.0462172 0.0250306 0.0313229 0.00938855 0.002487 0.000210481 0 0
 0 0.00764035 0.051015 0.0998891 0.058973 0.0496711 0.0374665 0.0718981 0.12319 0.153886 0.159021 0.0857701 0.0377988 0.023471 0.0147837 0.00900784 0.00315554 0.000888139 0.00291439 0.00214683 0.00393193 0.00274676 0.000635225 9.99891e-05 0 0
 0 0 0 0 0 0 0 0 0 0 0 0 0 0 0 0 0 0 0 0 0 0 0 0 0 0
 0 0 0 0 0 0 0 0 0 0 0 0 0 0 0 0 0 0 0 0 0 0 0 0 0 0
 0 0 0 0 0 0 0 0 0 0 0 0 0 0 0 0 0 0 0 0 0 0 0 0 0 0
 0 0 0 0 0 0 0 0 0 0 0 0 0 0 0 0 0 0 0 0 0 0 0 0 0 0
 0 0 0 0 0 0 0 0 0 0 0 0 0 0 0 0 0 0 0 0 0 0 0 0 0 0
 0 0 0 0 0 0 0 0 0 0 0 0 0 0 0 0 0 0 0 0 0 0 0 0 0 0
 0 0 0 0 0 0 0 0 0 0 0 0 0 0 0 0 0 0 0 0 0 0 0 0 0 0
ppred_pel_tallas
 1.07356e-16 2.44163e-05 0.000237335 0.00157718 0.00716964 0.0223077 0.0475305 0.0693817 0.0694269 0.0477518 0.0230515 0.0093212 0.00698983 0.0120926 0.0226544 0.0377102 0.0550046 0.0705773 0.0803271 0.0822313 0.0773645 0.0688344 0.0596044 0.0510239 0.042953 0.0348526
 1.20898e-16 2.26278e-05 0.00021995 0.00146165 0.00664445 0.0206735 0.0440483 0.0642967 0.0643292 0.0442076 0.0212093 0.00819674 0.00537646 0.00882727 0.0165507 0.0278042 0.0411812 0.0541849 0.0642604 0.0702419 0.0728912 0.073971 0.0746556 0.0746529 0.0726425 0.0674497
 1.23786e-16 3.89984e-05 0.000379079 0.00251911 0.0114515 0.0356301 0.0759145 0.110804 0.110826 0.0760237 0.0359975 0.0125156 0.0052008 0.0062692 0.0113334 0.0189644 0.0280143 0.0367498 0.0434707 0.0475283 0.0497041 0.0515196 0.0540135 0.0569742 0.059135 0.059022
 1.11102e-16 5.37548e-05 0.000522516 0.0034723 0.0157846 0.0491118 0.104639 0.152728 0.15275 0.104745 0.0494684 0.0168152 0.00606194 0.00618475 0.0108348 0.0179019 0.0259673 0.0330642 0.0372484 0.0376906 0.0351879 0.0316014 0.0286641 0.0270851 0.0264812 0.0259367
 1.06779e-16 4.27447e-05 0.000415494 0.00276111 0.0125516 0.0390529 0.0832077 0.121452 0.121489 0.083388 0.0396581 0.0143 0.00715068 0.0100013 0.0182582 0.0301441 0.043486 0.0548303 0.0606871 0.0594613 0.0524 0.0427219 0.0336557 0.0269155 0.0224978 0.0194718
 1.05466e-16 5.31776e-05 0.000516906 0.00343502 0.0156151 0.0485846 0.103515 0.151089 0.151112 0.10363 0.0489705 0.0167311 0.00624049 0.0066553 0.0117523 0.0194525 0.0282686 0.0360753 0.0407272 0.0412155 0.0382168 0.0335257 0.0288626 0.0250203 0.0218594 0.0188751
 1.07902e-16 2.81382e-05 0.000273513 0.00181759 0.00826255 0.0257081 0.0547757 0.0799572 0.0800073 0.0550204 0.0265298 0.0106364 0.00777847 0.0132931 0.0247756 0.0409699 0.0591478 0.0746629 0.0827901 0.0813559 0.0720111 0.0590477 0.0467531 0.0373775 0.030899 0.026121
 1.14456e-16 3.15161e-05 0.000306348 0.00203579 0.00925444 0.0287941 0.0613501 0.0895489 0.0895801 0.0615031 0.0293087 0.0107446 0.00579122 0.00855365 0.0158391 0.0265137 0.0390764 0.0509969 0.0596683 0.0638349 0.0641794 0.0625102 0.0602765 0.0576916 0.0540308 0.0485795
 1.17028e-16 3.75791e-05 0.000365282 0.00242743 0.0110348 0.0343334 0.073152 0.106774 0.106803 0.0732951 0.0348143 0.0124259 0.00592778 0.00803451 0.0146864 0.0244435 0.0357451 0.0461123 0.0530633 0.0555331 0.0544814 0.0520918 0.0502115 0.0492869 0.048459 0.0464609
 1.11133e-16 4.937e-05 0.000479894 0.00318907 0.014497 0.0451058 0.0961036 0.140271 0.140296 0.0962236 0.0455088 0.015662 0.00611771 0.00688782 0.012263 0.0203122 0.0295369 0.0377517 0.0427735 0.0436395 0.0411695 0.037336 0.0339592 0.031758 0.0303275 0.0287814
 1.04813e-16 5.81494e-05 0.000565233 0.00375617 0.017075 0.0531269 0.113193 0.165213 0.165235 0.113298 0.0534789 0.0180923 0.00631101 0.00614694 0.0106722 0.0175869 0.0254145 0.0321442 0.0357689 0.0353752 0.0316785 0.0265086 0.0216721 0.0180838 0.0156741 0.0138712
 1.03182e-16 5.38199e-05 0.000523148 0.00347651 0.0158037 0.0491713 0.104766 0.152915 0.152942 0.104901 0.0496259 0.0171166 0.00677239 0.00771921 0.0137237 0.0226114 0.0325872 0.0410208 0.0452643 0.044093 0.0384241 0.0306738 0.0232945 0.0176337 0.0137747 0.0111128
 1.03695e-16 4.89871e-05 0.000476172 0.00316433 0.0143846 0.0447561 0.0953587 0.139185 0.139216 0.095511 0.0452677 0.0158628 0.00687652 0.00858537 0.0154658 0.0255318 0.0368703 0.0465627 0.0516548 0.0507658 0.0448793 0.0366184 0.0286227 0.0223096 0.0177398 0.0142849
 1.04925e-16 4.70657e-05 0.000457495 0.00304022 0.0138204 0.0430006 0.0916185 0.133726 0.133758 0.0917708 0.0435122 0.015299 0.00675457 0.00857598 0.015495 0.0256187 0.0370794 0.0470028 0.052476 0.0521368 0.0469417 0.0394294 0.0321098 0.0262626 0.0218498 0.0182173
 1.04214e-16 5.61499e-05 0.000545797 0.00362701 0.0164879 0.0513001 0.109301 0.159533 0.159556 0.109412 0.051673 0.0175656 0.00633449 0.00646417 0.0113196 0.0186859 0.0270559 0.0343257 0.0383818 0.038242 0.0346102 0.0293336 0.0242256 0.0201887 0.0171572 0.0146179
 1.01387e-16 7.06826e-05 0.00068706 0.00456576 0.0207553 0.0645774 0.137589 0.200818 0.200829 0.137644 0.0647606 0.0212844 0.00589414 0.00358777 0.00558215 0.0091231 0.0131507 0.0165699 0.0183145 0.0178933 0.015674 0.0126231 0.00971674 0.0074839 0.00594689 0.00485759
 1.0236e-16 2.81215e-05 0.000273351 0.00181652 0.00825767 0.025693 0.0547438 0.0799125 0.0799712 0.0550306 0.0266559 0.011038 0.00879162 0.0154874 0.0288852 0.0476106 0.0683515 0.0854665 0.0932199 0.0889605 0.0747222 0.055896 0.0380868 0.0245773 0.0158444 0.0106797
 1.03498e-16 6.56149e-05 0.0006378 0.0042384 0.0192672 0.0599474 0.127725 0.18642 0.18643 0.127774 0.060115 0.0197529 0.00546342 0.00333094 0.00523568 0.00869555 0.0128535 0.0168558 0.0198516 0.0214056 0.0216767 0.0211631 0.020252 0.01898 0.0171628 0.0146998
 1.03467e-16 4.45491e-05 0.000433033 0.00287766 0.0130814 0.0407014 0.0867202 0.126579 0.126618 0.0869122 0.0413461 0.0149429 0.00754794 0.0106213 0.0193734 0.0319049 0.045835 0.0573908 0.062766 0.0602257 0.0511632 0.0391909 0.0280159 0.0197351 0.0145278 0.0114454
 1.06384e-16 3.84822e-05 0.000374061 0.00248577 0.0113 0.0351586 0.0749104 0.109342 0.109378 0.0750889 0.0357583 0.0130338 0.00684407 0.00990881 0.0182066 0.030194 0.0438525 0.0558924 0.0629494 0.0634167 0.0583113 0.0504119 0.0424256 0.0356733 0.0300707 0.0249748
 1.0643e-16 5.40236e-05 0.000525128 0.00348966 0.0158635 0.0493574 0.105162 0.153491 0.153513 0.105267 0.0497094 0.0168815 0.00604954 0.00612899 0.0107429 0.0177961 0.025917 0.0331967 0.0377176 0.0385923 0.0364442 0.032872 0.0293551 0.0264887 0.0240127 0.0213726
 1.04933e-16 5.05557e-05 0.00049142 0.00326566 0.0148452 0.0461892 0.098412 0.143641 0.143671 0.0985568 0.0466755 0.01625 0.00679277 0.00819395 0.0146876 0.0242246 0.0349474 0.0440696 0.0487872 0.0478177 0.0421582 0.0343841 0.0270735 0.0215871 0.0179136 0.0153139
 1.08459e-16 2.2088e-05 0.000214703 0.00142678 0.00648598 0.0201806 0.0429989 0.0627694 0.0628235 0.0432632 0.0210685 0.00905187 0.00787193 0.0142991 0.0268137 0.0444052 0.0642257 0.0813093 0.0905821 0.0896745 0.0802725 0.0668452 0.0538388 0.0435613 0.0359965 0.0299985
 1.101e-16 5.28202e-05 0.000513431 0.00341193 0.0155101 0.0482579 0.102819 0.150071 0.150086 0.102892 0.0485045 0.0162253 0.00521791 0.00449209 0.00771545 0.0129507 0.0193053 0.0256525 0.0308514 0.0343465 0.0363842 0.0375939 0.0383132 0.0382719 0.0368646 0.0336969
 1.08869e-16 4.01254e-05 0.000390033 0.00259191 0.0117825 0.0366598 0.078109 0.114011 0.114049 0.0782984 0.0372956 0.0136187 0.0072015 0.0104539 0.0191573 0.0316208 0.0455864 0.0574295 0.0635043 0.062189 0.0548804 0.045053 0.0361478 0.0299194 0.0262064 0.0238045
 1.11783e-16 2.91449e-05 0.000283299 0.00188262 0.00855814 0.0266278 0.0567348 0.0828148 0.0828559 0.0569361 0.027304 0.0105136 0.00679997 0.0110471 0.0205573 0.0341636 0.049736 0.063645 0.0721774 0.0735875 0.0690412 0.0616132 0.0542088 0.0480999 0.0429506 0.0378324
 1.10578e-16 5.10786e-05 0.000496502 0.00329943 0.0149988 0.0466668 0.0994293 0.145124 0.145143 0.0995241 0.0469856 0.0159217 0.00562392 0.00559684 0.00981438 0.0163472 0.0240238 0.0312303 0.0363498 0.038649 0.0386517 0.0376162 0.0365598 0.0356455 0.0343218 0.031929
 1.07782e-16 4.54244e-05 0.000441542 0.0029342 0.0133385 0.0415011 0.0884238 0.129064 0.129097 0.0885861 0.0420463 0.0149134 0.00688854 0.00907772 0.0164589 0.0271709 0.0392186 0.0495049 0.0549156 0.0540521 0.048073 0.0398916 0.0323862 0.0270159 0.0236478 0.0213065
 1.10942e-16 2.37211e-05 0.000230578 0.00153227 0.00696553 0.0216726 0.0461776 0.0674078 0.0674569 0.0464176 0.0224789 0.0092962 0.00738925 0.0130386 0.0244135 0.0404936 0.0587299 0.0746936 0.0838586 0.0841134 0.0769443 0.0662592 0.0558609 0.0475915 0.0412449 0.0357091
 1.1878e-16 3.04168e-05 0.000295662 0.00196478 0.00893162 0.0277897 0.05921 0.0864245 0.0864522 0.0593454 0.0282455 0.0102527 0.00529788 0.00762879 0.0141253 0.0237457 0.0352434 0.0465155 0.0554035 0.0608963 0.0635757 0.0648408 0.0655967 0.0655584 0.0636497 0.0589799
 1.07719e-16 6.4842e-05 0.000630288 0.00418848 0.0190402 0.0592413 0.12622 0.184225 0.184236 0.126275 0.0594252 0.019572 0.00552632 0.00356098 0.00566142 0.0093395 0.0136481 0.0176014 0.0202568 0.0212269 0.0209091 0.0201719 0.0197423 0.0197803 0.0199062 0.0195509
pSPR Fmed_Fpbrs
0.689705   0.285357 0.285357
Fs Fmed_Fpbrs
0.238487   1.005 1.005
SSBpbr Bo_Bmed_Bpbrs
2.02632e+06  1.29625e+06  476908 476908
Ro
203758
SPR SPRFo_SPRFmed_SPRFpbrs
1.45435e+06 1.00307e+06 415009
Fref
1.005
Nvult_r0
 348136 28510.7 10800.6 9431.36 3785.52
CTP_r0
 26990.7 4102.74 1554.22 1357.19 544.743
YTP_r0
391503
Np
 303023 67444.8 23959.8 1732.64 744.752
Nvult_p0
 235578 58362.6 20733.4 1499.32 644.464
CTP_p0
 78787.4 77176 5580.92 2114.19 2420.26
 78787.4 29254.1 10392.5 751.529 323.035
YTP_p0
 2.07252e+06 1.32191e+06
CBA_c0
1.84734e+06
log_Ro
12.0447
likeval ReclasPelacesDesembMPH_pf_preclas_ppelaces_ptallas_desvR_qrecl_qpela
 18.7437 19.8377 0.151268 0.00316804 249.547 136.909 104.919 0 22.4417 0 0 0.57699 0 0 0
q_reclas_q_pelaces
1 1
M
1
N
 201117 168305 84124.1 125.654 989.482
 102330 68791.8 53526.6 26754.2 354.65
 124689 33335.3 19844.3 15440.8 7820.09
 202406 40782.4 9693.69 5770.6 6764.11
 159196 61649.1 10284.3 2444.51 3160.95
 262802 55167.5 20124.5 3357.17 1829.82
 89414 84729 15587.7 5686.23 1465.6
 57869.9 25205.9 18302.9 3367.21 1544.91
 53589.1 20374.5 8493.09 6167.13 1655.13
 66411.7 16679 5364.99 2236.39 2059.75
 120385 19876.9 4061.37 1306.39 1046.12
 155048 41821.9 6520.9 1332.39 771.773
 136556 44590.7 9402.68 1466.07 473.072
 106858 40242.3 10526.4 2219.67 457.771
 136205 27788.9 7397.85 1935.11 492.202
 508232 40930.1 6821.23 1815.92 595.822
 155012 151008 9822.35 1636.95 578.768
 696364 51372.3 45083.9 2932.49 661.508
 504877 222196 14217.5 12477.1 994.651
 333930 154356 56455.6 3612.38 3422.92
 557547 104456 41056.1 15016.2 1871.26
 631599 180818 29864.1 11737.9 4828.13
 176203 197679 48147.7 7952.14 4411.17
 464718 59491.2 61253.8 14919.3 3830.95
 357004 157019 18461.7 19008.7 5818.7
 192436 121615 49530.6 5823.63 7831.64
 386434 66619.9 39620.2 16136.3 4448.68
 392921 130812 20751.1 12341.1 6411.92
 144404 133848 41262.3 6545.57 5915.31
 121899 50047.1 43702.6 13472.5 4068.6
 526064 41377.4 15674.8 13687.7 5493.9
pred_Ctot
 8979.57 14587.9 7291.45 10.891 85.7632
 7479.2 9574.24 7449.67 3723.57 49.3591
 8827.17 4500.81 2679.31 2084.76 1055.84
 22355.8 8360 1987.11 1182.92 1386.58
 5866.26 4433.24 739.555 175.787 227.307
 20757 8263.91 3014.58 502.893 274.101
 13498.8 23078.3 4245.76 1548.81 399.198
 1577.25 1349.29 979.77 180.25 82.7007
 5287.19 3761.29 1567.89 1138.5 305.551
 7958.81 3685.62 1185.52 494.183 455.15
 4255.78 1372.64 280.467 90.2154 72.242
 21823 10696.7 1667.84 340.783 197.395
 17485.5 10468.1 2207.37 344.174 111.058
 20363 13452.6 3518.9 742.017 153.029
 16030.9 6039.75 1607.88 420.585 106.977
 62873.7 9311.47 1551.81 413.117 135.548
 9797.61 18297.4 1190.16 198.346 70.1282
 59073.8 8232.19 7224.5 469.918 106.004
 54735.7 44771.2 2864.74 2514.07 200.416
 32019.7 27747 10148.4 649.361 615.302
 42172.8 15019.1 5903.19 2159.08 269.057
 60368.9 32406.8 5352.35 2103.71 865.314
 9223.59 19983.7 4867.33 803.895 445.933
 24122.2 5965.39 6142.14 1496.01 384.143
 16806.4 14326.2 1684.42 1734.33 530.889
 7206.58 8884.21 3618.32 425.429 572.118
 19634.6 6543.81 3891.74 1585.01 436.977
 18501.3 11937.6 1893.7 1126.22 585.138
 5311.36 9607.79 2961.87 469.851 424.61
 5995.94 4764.24 4160.28 1282.52 387.311
 26990.7 4102.74 1554.22 1357.19 544.743
F
 0.0728003 0.145601 0.145601 0.145601 0.145601
 0.121583 0.243166 0.243166 0.243166 0.243166
 0.117571 0.235142 0.235142 0.235142 0.235142
 0.188815 0.37763 0.37763 0.37763 0.37763
 0.059761 0.119522 0.119522 0.119522 0.119522
 0.131945 0.263889 0.263889 0.263889 0.263889
 0.2662 0.5324 0.5324 0.5324 0.5324
 0.0439123 0.0878247 0.0878247 0.0878247 0.0878247
 0.167195 0.33439 0.33439 0.33439 0.33439
 0.206315 0.41263 0.41263 0.41263 0.41263
 0.0572729 0.114546 0.114546 0.114546 0.114546
 0.246212 0.492425 0.492425 0.492425 0.492425
 0.221817 0.443634 0.443634 0.443634 0.443634
 0.346864 0.693728 0.693728 0.693728 0.693728
 0.202298 0.404596 0.404596 0.404596 0.404596
 0.213602 0.427205 0.427205 0.427205 0.427205
 0.104405 0.20881 0.20881 0.20881 0.20881
 0.142314 0.284628 0.284628 0.284628 0.284628
 0.185052 0.370104 0.370104 0.370104 0.370104
 0.162163 0.324325 0.324325 0.324325 0.324325
 0.126056 0.252112 0.252112 0.252112 0.252112
 0.161608 0.323217 0.323217 0.323217 0.323217
 0.08581 0.17162 0.17162 0.17162 0.17162
 0.0850642 0.170128 0.170128 0.170128 0.170128
 0.0768882 0.153776 0.153776 0.153776 0.153776
 0.060759 0.121518 0.121518 0.121518 0.121518
 0.0832017 0.166403 0.166403 0.166403 0.166403
 0.0769057 0.153811 0.153811 0.153811 0.153811
 0.059648 0.119296 0.119296 0.119296 0.119296
 0.0804552 0.16091 0.16091 0.16091 0.16091
 0.0840452 0.16809 0.16809 0.16809 0.16809
YTP_r0W_actual
 224023 57848.6 42896.4 46415.9 20318.9
YTP_p0W_proyectada
 590118 1.20935e+06 129087 62093.9 81877.6
 590118 458412 240379 22072.4 10928.3
CTP_r0_actual
 26990.7 4102.74 1554.22 1357.19 544.743
CTP_p0_proyectada
 78787.4 77176 5580.92 2114.19 2420.26
 78787.4 29254.1 10392.5 751.529 323.035
Wmedp
 7.49 15.67 23.13 29.37 33.83
Frms_r0
 0.0840452 0.16809 0.16809 0.16809 0.16809
Zrms_r0
 1.08405 1.16809 1.16809 1.16809 1.16809
nmprior
 8.19 8.8 8.5 0
nm_flota  nm_reclas  nm_pelaces    nm_pelaL
inf 7.60656 7.60441 13.9761
cv_recla  cv_pelaces  cv_mph
0.391608 0.505031 1.737
 ------------------------------------------------
Talla a la edad & desviaci?n 
 8 13.2811 15.8009 17.003 17.5766
 0.8 1.32811 1.58009 1.7003 1.75766
