years
 1991 1992 1993 1994 1995 1996 1997 1998 1999 2000 2001 2002 2003 2004 2005 2006 2007 2008 2009 2010 2011 2012 2013 2014 2015 2016 2017 2018 2019 2020 2021
reclasobs
 0 0 0 0 0 0 0 0 0 252601 567819 844713 477998 351125 339783 2.1784e+06 2.13404e+06 4.81314e+06 1.55562e+06 2.62356e+06 3.21686e+06 3.843e+06 1.13348e+06 3.07943e+06 1.97215e+06 2.03268e+06 2.025e+06 2.42433e+06 2.27542e+06 1.05018e+06 2.36338e+06
reclaspred
 2.9865e+06 1.62759e+06 812143 669458 587605 1.19241e+06 621003 499492 371919 273084 431814 610352 598799 436749 424731 1.45077e+06 1.31076e+06 3.21598e+06 2.63667e+06 1.89127e+06 3.38953e+06 2.75804e+06 2.06456e+06 3.23766e+06 2.36528e+06 2.03301e+06 2.54403e+06 2.85167e+06 2.27363e+06 1.3197e+06 1.89757e+06
pelacesobs
 0 0 0 0 0 0 0 0 0 0 0 0 0 0 0 552880 188675 0 991730 2.46772e+06 1.41603e+06 1.21717e+06 2.29649e+06 1.80582e+06 0 1.4828e+06 1.56532e+06 1.57751e+06 1.42118e+06 867257 1.10002e+06
pelacespred
 1.16492e+06 694138 339283 224118 215383 454907 193679 218914 143298 98292.4 173005 205073 223653 166220 167754 496354 451793 1.30053e+06 1.08342e+06 717797 1.27195e+06 1.09666e+06 827174 1.43449e+06 1.00246e+06 861823 1.23361e+06 1.35799e+06 894313 591777 830146
mphobs
 0 0 0 0 0 0 0 0 0 0 0 498337 0 5186 125008 0 168611 109162 213762 579715 649985 157893 87575 83554 0 0 0 0 0 0 0
mphpred
 2.24393e+06 1.47331e+06 706169 378286 312990 333636 545951 261379 227305 146700 101351 253789 282753 229526 137618 175856 826565 720456 1.58728e+06 1.17179e+06 1.20552e+06 1.52987e+06 1.44973e+06 1.12387e+06 1.60318e+06 1.28256e+06 1.02403e+06 1.16285e+06 1.72502e+06 1.12043e+06 633908
desembarqueobs
 494567 514787 250237 358949 120608 361735 552515 73892 212993 205616 52469 317467 293654 387597 252695 516296 358380 742168 942051 627588 828172 859565 418607 520667 417249 300574 415391 372974 316634 284311 391294
desembarquepred
 494561 514192 250316 358978 120610 361700 552382 73894.5 213009 205626 52470.5 317485 293653 387506 252643 516180 358381 741989 941629 627316 828160 859446 418582 520663 417218 300550 415357 372929 316603 284291 391273
Reclutas
 164126 95978.8 93986.9 104954 84985.3 214424 71800 27515.7 33611.2 49594.4 91768.3 130801 106544 73874.6 68236.5 445178 73565.4 675266 379579 280130 432648 568344 99324.2 337647 269816 117985 293977 339474 83229.7 56950.9 243993
log_desv_Rt
 0.151431 -0.385077 -0.40605 -0.295682 -0.506726 0.41875 -0.67532 -1.63445 -1.43435 -1.04533 -0.429938 -0.0755272 -0.280649 -0.646835 -0.726225 1.14927 -0.651031 1.5659 0.989859 0.68605 1.12072 1.39352 -0.350816 0.872795 0.648537 -0.178649 0.734298 0.878193 -0.5276 -0.907015 0.547935
SSB
 2.24393e+06 1.47331e+06 706169 378286 312990 333636 545951 261379 227305 146700 101351 253789 282753 229526 137618 175856 826565 720456 1.58728e+06 1.17179e+06 1.20552e+06 1.52987e+06 1.44973e+06 1.12387e+06 1.60318e+06 1.28256e+06 1.02403e+06 1.16285e+06 1.72502e+06 1.12043e+06 633908
BT
 3.10833e+06 2.10757e+06 1.0268e+06 816907 594808 1.36119e+06 933361 571621 540133 422151 443421 735902 781083 784925 640260 1.55943e+06 1.3218e+06 3.65817e+06 3.40066e+06 2.22334e+06 3.60676e+06 3.33154e+06 2.27256e+06 3.79568e+06 2.7019e+06 2.25599e+06 3.27226e+06 3.50804e+06 2.32528e+06 1.64659e+06 2.29045e+06
Ftot
 0.18972 0.352405 0.349912 0.636939 0.250952 0.404841 0.956936 0.180614 0.695261 0.904949 0.170822 0.649097 0.60539 1.06743 0.783868 0.509617 0.315357 0.317919 0.432699 0.404202 0.310643 0.389262 0.233401 0.213151 0.212509 0.175982 0.215244 0.174748 0.15631 0.245562 0.277706
BD_Bspro_t
 0.970101 0.792594 0.593768 0.484341 0.416118 0.488769 0.521627 0.303146 0.345311 0.294787 0.276724 0.571237 0.461203 0.366708 0.250657 0.303563 0.554951 0.508166 0.633619 0.530794 0.493116 0.54939 0.565892 0.544017 0.658702 0.662093 0.664124 0.71386 0.770834 0.692131 0.601452
BD_Bspro
 2.22544 1.46117 0.700352 0.37517 0.310411 0.330888 0.541453 0.259226 0.225433 0.145492 0.100516 0.251699 0.280424 0.227635 0.136484 0.174407 0.819756 0.714521 1.5742 1.16214 1.19559 1.51726 1.43779 1.11461 1.58997 1.27199 1.01559 1.15327 1.71081 1.1112 0.628686
BD_Bo
 1.3423 0.881321 0.422425 0.226288 0.187228 0.199578 0.326583 0.156355 0.135972 0.087755 0.0606275 0.151815 0.16914 0.137301 0.0823217 0.105196 0.494444 0.430971 0.949496 0.700958 0.721131 0.915153 0.867218 0.672289 0.959008 0.767216 0.612564 0.695604 1.03189 0.670233 0.379198
BD_Brms
 7.3488 4.82505 2.31269 1.23888 1.02503 1.09265 1.78797 0.85601 0.74442 0.48044 0.331923 0.831154 0.926008 0.751692 0.450694 0.575924 2.70698 2.35948 5.19829 3.8376 3.94804 5.01027 4.74784 3.68064 5.25037 4.20035 3.35366 3.80829 5.64939 3.66939 2.07603
Sel_flota
 0.703918 1 1 1 1
 0.703918 1 1 1 1
 0.703918 1 1 1 1
 0.703918 1 1 1 1
 0.703918 1 1 1 1
 0.703918 1 1 1 1
 0.703918 1 1 1 1
 0.703918 1 1 1 1
 0.703918 1 1 1 1
 0.703918 1 1 1 1
 0.703918 1 1 1 1
 0.703918 1 1 1 1
 0.703918 1 1 1 1
 0.703918 1 1 1 1
 0.703918 1 1 1 1
 0.703918 1 1 1 1
 0.703918 1 1 1 1
 0.703918 1 1 1 1
 0.703918 1 1 1 1
 0.703918 1 1 1 1
 0.703918 1 1 1 1
 0.703918 1 1 1 1
 0.703918 1 1 1 1
 0.703918 1 1 1 1
 0.703918 1 1 1 1
 0.703918 1 1 1 1
 0.703918 1 1 1 1
 0.703918 1 1 1 1
 0.703918 1 1 1 1
 0.703918 1 1 1 1
 0.703918 1 1 1 1
Sel_reclas
 1 1 1 1 1
 1 1 1 1 1
 1 1 1 1 1
 1 1 1 1 1
 1 1 1 1 1
 1 1 1 1 1
 1 1 1 1 1
 1 1 1 1 1
 1 1 1 1 1
 1 1 1 1 1
 1 1 1 1 1
 1 1 1 1 1
 1 1 1 1 1
 1 1 1 1 1
 1 1 1 1 1
 1 1 1 1 1
 1 1 1 1 1
 1 1 1 1 1
 1 1 1 1 1
 1 1 1 1 1
 1 1 1 1 1
 1 1 1 1 1
 1 1 1 1 1
 1 1 1 1 1
 1 1 1 1 1
 1 1 1 1 1
 1 1 1 1 1
 1 1 1 1 1
 1 1 1 1 1
 1 1 1 1 1
 1 1 1 1 1
Sel_pelaces
 1 1 1 1 1
 1 1 1 1 1
 1 1 1 1 1
 1 1 1 1 1
 1 1 1 1 1
 1 1 1 1 1
 1 1 1 1 1
 1 1 1 1 1
 1 1 1 1 1
 1 1 1 1 1
 1 1 1 1 1
 1 1 1 1 1
 1 1 1 1 1
 1 1 1 1 1
 1 1 1 1 1
 1 1 1 1 1
 1 1 1 1 1
 1 1 1 1 1
 1 1 1 1 1
 1 1 1 1 1
 1 1 1 1 1
 1 1 1 1 1
 1 1 1 1 1
 1 1 1 1 1
 1 1 1 1 1
 1 1 1 1 1
 1 1 1 1 1
 1 1 1 1 1
 1 1 1 1 1
 1 1 1 1 1
 1 1 1 1 1
pf_obs 
 0.8446 0.082 0.0669 0.0065 0
 0.8095 0.147 0.0364 0.0071 0
 0.9664 0.0169 0.016 0.0007 0
 0.9276 0.0648 0.0075 0.0001 0
 0.7033 0.2144 0.0806 0.0017 0
 0.9318 0.0425 0.0243 0.0014 0
 0.5671 0.3108 0.0964 0.0239 0.0018
 0.0768 0.2599 0.5324 0.112 0.0189
 0.490249 0.384438 0.106611 0.0170017 0.00170017
 0.7925 0.1577 0.0466 0.003 0.0002
 0.840416 0.127587 0.0312969 0.00059994 9.999e-05
 0.8084 0.0986 0.0794 0.0134 0.0002
 0.7335 0.1905 0.0724 0.0035 0.0001
 0.4001 0.4547 0.1325 0.0127 0
 0.49795 0.308269 0.164784 0.0264974 0.00249975
 0.9179 0.0499 0.0305 0.0017 0
 0.2467 0.6533 0.0926 0.0074 0
 0.9418 0.0223 0.034 0.0019 0
 0.707729 0.231977 0.0356964 0.0245975 0
 0.517169 0.277429 0.184464 0.0207286 0.00020938
 0.811772 0.124168 0.05621 0.00726502 0.000585176
 0.764997 0.148141 0.077277 0.00933861 0.000247198
 0.163321 0.427699 0.378323 0.0303852 0.000271297
 0.753843 0.0900009 0.118128 0.0371064 0.000921714
 0.721811 0.176058 0.0630433 0.0369309 0.00215725
 0.143369 0.312575 0.442814 0.0836902 0.0175525
 0.692698 0.0596174 0.167031 0.0765114 0.00414204
 0.394062 0.376323 0.152708 0.0712218 0.00568511
 0.125707 0.32114 0.495352 0.0537591 0.00404204
 0.23352 0.215282 0.420074 0.123614 0.00750983
 0.774587 0.0839891 0.0768558 0.0609784 0.00358967
pf_pred 
 0.44666 0.156415 0.368322 0.028602 8.63836e-07
 0.419582 0.314864 0.0750655 0.176762 0.0137268
 0.56651 0.226467 0.112305 0.0267742 0.0679432
 0.660867 0.225204 0.05952 0.029516 0.0248936
 0.654196 0.261747 0.055819 0.0147526 0.0134859
 0.816597 0.135263 0.036438 0.00777063 0.00393112
 0.451079 0.478584 0.0518751 0.0139744 0.00448775
 0.461666 0.314112 0.195491 0.0211898 0.00754139
 0.614854 0.214548 0.099542 0.061951 0.00910492
 0.785191 0.154816 0.0334196 0.0155054 0.0110682
 0.85465 0.125064 0.014621 0.00315619 0.00250964
 0.747594 0.226134 0.0226046 0.00264267 0.00102407
 0.685084 0.260093 0.0491167 0.00490974 0.00079642
 0.637658 0.281005 0.0671775 0.012686 0.0014738
 0.754759 0.18499 0.0467259 0.0111704 0.00235451
 0.950451 0.0413782 0.00616368 0.00155686 0.000450634
 0.312493 0.665259 0.0185787 0.00276747 0.000901357
 0.902335 0.0396387 0.0561489 0.00156807 0.000309655
 0.568817 0.402229 0.0117514 0.0166461 0.000556676
 0.573322 0.285701 0.13151 0.00384217 0.0056245
 0.732598 0.179819 0.0586447 0.0269946 0.00194319
 0.724717 0.221452 0.0361992 0.0118057 0.00582543
 0.26577 0.587717 0.117863 0.0192662 0.00938378
 0.732898 0.0931967 0.139203 0.0279164 0.00678588
 0.593705 0.325801 0.028086 0.0419506 0.010458
 0.404034 0.407085 0.15146 0.0130567 0.0243639
 0.733993 0.132561 0.0911528 0.0339142 0.00837907
 0.678247 0.258313 0.0316146 0.021739 0.0100865
 0.289966 0.536348 0.13944 0.0170659 0.0171798
 0.359855 0.239124 0.302925 0.0787546 0.0193417
 0.820775 0.081507 0.036502 0.0462413 0.0149743
pobs_RECLAS
 0 0 0 0 0
 0 0 0 0 0
 0 0 0 0 0
 0 0 0 0 0
 0 0 0 0 0
 0 0 0 0 0
 0 0 0 0 0
 0 0 0 0 0
 0 0 0 0 0
 0 0 0 0 0
 0.991045 0.00858322 0.000360255 1.14367e-05 0
 0.934742 0.0480273 0.0164251 0.00080598 0
 0.827803 0.169806 0.00239088 0 0
 0.941827 0.0461693 0.0120037 0 0
 0.791401 0.0380133 0.147996 0.0225897 0
 0.846168 0.0940531 0.0597789 0 0
 0.134021 0.677848 0.182769 0.00536245 0
 0.80878 0.0450904 0.141981 0.00414843 0
 0.846168 0.0940531 0.0597789 0 0
 0.905697 0.0802665 0.012482 0.00150086 5.37128e-05
 0.989698 0.0102097 9.19794e-05 0 0
 0.975433 0.0193895 0.00387452 0.00125025 5.28907e-05
 0.303575 0.632131 0.0575291 0.00676475 0
 0.966965 0.00978017 0.0227588 0.000495775 0
 0.843318 0.132988 0.00938335 0.0141283 0.000182051
 0.564624 0.303363 0.111486 0.0197234 0.00080311
 0.826376 0.0876187 0.0782897 0.00655872 0.00115652
 0.89761 0.0855135 0.0140674 0.00269457 0.000114338
 0.34875 0.467042 0.161289 0.0227151 0.000203297
 0.318654 0.224769 0.449479 0.00709798 0
 0.937255 0.0296025 0.0250945 0.00804832 0
ppred_RECLAS
 0.535499 0.131303 0.309188 0.0240099 7.25146e-07
 0.509399 0.26614 0.0634494 0.149409 0.0116026
 0.652404 0.181594 0.0900524 0.021469 0.0544805
 0.739155 0.173216 0.0457798 0.0227022 0.0191469
 0.730264 0.204169 0.0435402 0.0115074 0.0105194
 0.865017 0.0995529 0.0268181 0.00571912 0.00289328
 0.548707 0.393466 0.0426489 0.011489 0.00368959
 0.550449 0.262308 0.16325 0.0176952 0.00629764
 0.699534 0.167377 0.0776563 0.0483302 0.00710307
 0.84355 0.112756 0.0243402 0.0112929 0.00806121
 0.893534 0.091606 0.0107095 0.00231183 0.00183825
 0.811661 0.168736 0.016867 0.00197189 0.000764135
 0.759538 0.198601 0.0375043 0.00374897 0.000608128
 0.723875 0.214142 0.051193 0.00966742 0.00112312
 0.818482 0.136923 0.0345847 0.00826787 0.00174271
 0.965193 0.0290672 0.00432984 0.00109365 0.00031656
 0.394656 0.585755 0.0163584 0.00243673 0.000793637
 0.929841 0.0284751 0.0403354 0.00112645 0.000222445
 0.655271 0.32158 0.00939519 0.0133084 0.000445059
 0.659155 0.228228 0.105055 0.00306926 0.00449304
 0.797119 0.136431 0.0444946 0.0204812 0.00147432
 0.791089 0.168059 0.0274714 0.00895929 0.00442089
 0.34111 0.527411 0.105769 0.0172893 0.00842091
 0.796821 0.0708928 0.105889 0.0212354 0.00516187
 0.676219 0.259634 0.022382 0.0334309 0.00833406
 0.491825 0.347119 0.129149 0.0111334 0.0207749
 0.797737 0.100795 0.0693094 0.0257872 0.00637116
 0.750572 0.200248 0.0245081 0.0168524 0.00781922
 0.368147 0.477292 0.124086 0.0151868 0.0152881
 0.445777 0.207028 0.262266 0.0681839 0.0167455
 0.867722 0.0601567 0.0269406 0.0341287 0.0110519
pobs_PELACES
 0 0 0 0 0
 0 0 0 0 0
 0 0 0 0 0
 0 0 0 0 0
 0 0 0 0 0
 0 0 0 0 0
 0 0 0 0 0
 0 0 0 0 0
 0 0 0 0 0
 0 0 0 0 0
 0 0 0 0 0
 0 0 0 0 0
 0 0 0 0 0
 0 0 0 0 0
 0 0 0 0 0
 0 0 0 0 0
 0.505614 0.472636 0.0217494 0 0
 0 0 0 0 0
 0.443492 0.261883 0.143347 0.151278 0
 0.227955 0.32914 0.350689 0.0885471 0.00366901
 0.970185 0.0296113 0.000203453 0 0
 0.997202 0.00247181 0.000326279 0 0
 0.445219 0.490057 0.0546422 0.010081 0
 0.90214 0.0892962 0.00764917 0.000914606 0
 0 0 0 0 0
 0.581667 0.319106 0.0959925 0.00289975 0.000334073
 0.762889 0.0836404 0.116647 0.0363945 0.000428098
 0.88444 0.0763242 0.0277011 0.0115352 0
 0.521256 0.241999 0.230069 0.00667565 0
 0.616807 0.101726 0.260614 0.0208532 0
 0.833518 0.0704572 0.0857862 0.0102388 0
ppred_PELACES
 0.540107 0.13 0.306121 0.0237717 7.17953e-07
 0.518001 0.261474 0.062337 0.146789 0.0113992
 0.660117 0.177565 0.0880544 0.0209927 0.0532718
 0.750974 0.165367 0.0437055 0.0216736 0.0182794
 0.735067 0.200534 0.0427649 0.0113025 0.0103321
 0.869569 0.0961955 0.0259137 0.00552624 0.0027957
 0.571738 0.373386 0.0404724 0.0109027 0.00350129
 0.554812 0.259762 0.161666 0.0175234 0.00623652
 0.713616 0.159532 0.0740168 0.0460651 0.00677017
 0.854868 0.104599 0.0225794 0.010476 0.00747805
 0.895112 0.0902488 0.0105508 0.00227758 0.00181102
 0.821165 0.160221 0.0160158 0.00187239 0.000725575
 0.770174 0.189816 0.0358453 0.00358313 0.000581227
 0.744228 0.198357 0.0474196 0.00895484 0.00104034
 0.829585 0.128548 0.0324693 0.00776216 0.00163612
 0.966827 0.0277021 0.0041265 0.00104229 0.000301693
 0.402041 0.578609 0.0161588 0.00240701 0.000783955
 0.93184 0.0276636 0.0391858 0.00109434 0.000216105
 0.664758 0.31273 0.00913665 0.0129422 0.000432811
 0.667972 0.222324 0.102338 0.00298987 0.00437682
 0.801983 0.13316 0.0434277 0.0199901 0.00143897
 0.797305 0.163059 0.026654 0.00869271 0.00428935
 0.346254 0.523294 0.104943 0.0171543 0.00835517
 0.800172 0.0697236 0.104143 0.0208852 0.00507674
 0.680748 0.256002 0.0220689 0.0329632 0.00821747
 0.496123 0.344183 0.128056 0.0110392 0.0205992
 0.801109 0.0991146 0.0681539 0.0253573 0.00626494
 0.753755 0.197693 0.0241953 0.0166374 0.00771945
 0.371707 0.474603 0.123387 0.0151012 0.015202
 0.451713 0.204811 0.259457 0.0674537 0.0165662
 0.870806 0.0587545 0.0263125 0.0333331 0.0107943
pobs_pel_tallas
 0 0 0 0 0 0 0 0 0 0 0 0 0 0 0 0 0 0 0 0 0 0 0 0 0 0
 0 0 0 0 0 0 0 0 0 0 0 0 0 0 0 0 0 0 0 0 0 0 0 0 0 0
 0 0 0 0 0 0 0 0 0 0 0 0 0 0 0 0 0 0 0 0 0 0 0 0 0 0
 0 0 0 0 0 0 0 0 0 0 0 0 0 0 0 0 0 0 0 0 0 0 0 0 0 0
 0 0 0 0 0 0 0 0 0 0 0 0 0 0 0 0 0 0 0 0 0 0 0 0 0 0
 0 0 0 0 0 0 0 0 0 0 0 0 0 0 0 0 0 0 0 0 0 0 0 0 0 0
 0 0 0 0 0 0 0 0 0 0 0 0 0 0 0 0 0 0 0 0 0 0 0 0 0 0
 0 0 0 0 0 0 0 0 0 0 0 0 0 0 0 0 0 0 0 0 0 0 0 0 0 0
 0 0 0 0 0 0 0 0 0 0 0 0 0 0 0 0 0 0 0 0 0 0 0 0 0 0
 0 0 0 0 0 0 0 0 0 0 0 0 0 0 0 0 0 0 0 0 0 0 0 0 0 0
 0 0 0 0 0 0 0 0 0 0 0 0 0 0 0 0 0 0 0 0 0 0 0 0 0 0
 0 0 0 0 0 0 0 0 0 0 0 0 0 0 0 0 0 0 0 0 0 0 0 0 0 0
 0.00862536 0 0 0.000197151 0.00414017 0.0128641 0.00837892 0.0270097 0.101434 0.158115 0.152841 0.127902 0.109271 0.109419 0.0830992 0.0579132 0.0238553 0.00714673 0.00463305 0.00128148 0.00103504 0.000492878 0.000147863 0.000147863 4.92878e-05 0
 0 0 0 0 0 0 0 0 0 0 0 0 0 0 0 0 0 0 0 0 0 0 0 0 0 0
 0 0 0 0 0 0 0 0.0054083 0.00873648 0.0413646 0.0450493 0.0745869 0.0622846 0.0627006 0.0613931 0.0827291 0.12552 0.122667 0.0946155 0.0697135 0.0546179 0.0294188 0.0215738 0.0213955 0.0102223 0.00600262
 0 0 0 0 0.00359764 0.0251062 0.0480494 0.140153 0.205849 0.193036 0.1447 0.116669 0.0760912 0.0342217 0.00950174 0.001854 0.000860785 0 0 0 0.000165536 0 0.000143464 0 0 0
 0 0 0 0 0 0 0 0.000145254 0.000435761 0.0275982 0.070085 0.0708112 0.156366 0.174668 0.174014 0.160142 0.0824315 0.0480064 0.0283245 0.00493863 0.00203355 0 0 0 0 0
 0 0 0 0 0 0 0 0 0 0 0 0 0 0 0 0 0 0 0 0 0 0 0 0 0 0
 0 0 1.00437e-05 0.000401748 0.00122533 0.00171747 0.00176769 0.0269171 0.070346 0.194647 0.189555 0.159765 0.064822 0.0314167 0.0384472 0.0292271 0.0345202 0.0313363 0.0194345 0.0106764 0.0143323 0.0359363 0.0279516 0.0138201 0.00172751 0
 0 0.0021121 0.0136068 0.0755702 0.200478 0.177729 0.0527432 0.0373336 0.0318909 0.0142505 0.0149659 0.0166563 0.0217959 0.0798694 0.0677717 0.0528807 0.04013 0.0224614 0.0357745 0.0225083 0.00881397 0.00855152 0.00135912 0.000746735 0 0
 0 0 0 0 5.4009e-05 0.00500934 0.000945158 0.0243581 0.138947 0.33067 0.221406 0.137944 0.0707744 0.0437923 0.0131692 0.00525238 0.0047753 0.00276346 9.45158e-05 9.00151e-06 2.25038e-05 9.00151e-06 4.50075e-06 0 0 0
 0.000866109 0.00284123 0.00948549 0.0512746 0.133035 0.25785 0.225252 0.132002 0.0553304 0.0519788 0.0540692 0.017754 0.00435017 0.00159236 0.00146478 0.000404838 0.000125132 0.000115318 0.000107957 0.000100596 0 0 0 0 0 0
 0 0 0 0 0.00144013 0.00171154 0.00461396 0.0210425 0.0478622 0.0707936 0.0888783 0.103762 0.0637923 0.0337046 0.0602308 0.124433 0.169614 0.0934646 0.0462172 0.0250306 0.0313229 0.00938855 0.002487 0.000210481 0 0
 0 0.00764035 0.051015 0.0998891 0.058973 0.0496711 0.0374665 0.0718981 0.12319 0.153886 0.159021 0.0857701 0.0377988 0.023471 0.0147837 0.00900784 0.00315554 0.000888139 0.00291439 0.00214683 0.00393193 0.00274676 0.000635225 9.99891e-05 0 0
 0 0 0 0 0 0 0 0 0 0 0 0 0 0 0 0 0 0 0 0 0 0 0 0 0 0
 0 0 0 0 0 0 0 0 0 0 0 0 0 0 0 0 0 0 0 0 0 0 0 0 0 0
 0 0 0 0 0 0 0 0 0 0 0 0 0 0 0 0 0 0 0 0 0 0 0 0 0 0
 0 0 0 0 0 0 0 0 0 0 0 0 0 0 0 0 0 0 0 0 0 0 0 0 0 0
 0 0 0 0 0 0 0 0 0 0 0 0 0 0 0 0 0 0 0 0 0 0 0 0 0 0
 0 0 0 0 0 0 0 0 0 0 0 0 0 0 0 0 0 0 0 0 0 0 0 0 0 0
 0 0 0 0 0 0 0 0 0 0 0 0 0 0 0 0 0 0 0 0 0 0 0 0 0 0
ppred_pel_tallas
 1.11252e-16 4.44879e-05 0.000432438 0.00287371 0.0130635 0.0406453 0.0865996 0.126397 0.12641 0.0866633 0.0408603 0.0136901 0.00446838 0.00398513 0.00700083 0.0120478 0.018616 0.0260389 0.0335696 0.0407109 0.047232 0.0527851 0.0565428 0.0573433 0.0543391 0.0476395
 1.18516e-16 4.26671e-05 0.000414739 0.00275609 0.0125288 0.0389819 0.0830559 0.121228 0.121253 0.0831796 0.0393973 0.0137299 0.00577621 0.0070255 0.0126526 0.021002 0.0306302 0.0393772 0.0451345 0.0470971 0.0462921 0.0448314 0.0444502 0.045465 0.0468087 0.0468893
 1.13707e-16 5.4373e-05 0.000528525 0.00351223 0.0159661 0.0496766 0.105842 0.154483 0.1545 0.105926 0.0499597 0.0167855 0.00557461 0.00504988 0.00869839 0.0144465 0.0211703 0.0274096 0.0317279 0.0335189 0.033357 0.0325246 0.0320975 0.0323172 0.0326374 0.0322361
 1.06571e-16 6.18568e-05 0.00060127 0.00399565 0.0181637 0.056514 0.12041 0.175745 0.175761 0.120488 0.0567763 0.018922 0.00590121 0.00476822 0.00799701 0.0131802 0.0191195 0.0243466 0.0274181 0.0276998 0.0257421 0.0228746 0.0203478 0.0186952 0.0176955 0.0167765
 1.04168e-16 6.05465e-05 0.000588534 0.00391102 0.0177789 0.0553169 0.117859 0.172023 0.172042 0.117954 0.0556346 0.0186967 0.00621612 0.0056249 0.00963833 0.0158723 0.0229397 0.0290208 0.0323034 0.031959 0.0286252 0.0239431 0.0195353 0.0162277 0.0139682 0.0122601
 1.018e-16 7.16253e-05 0.000696223 0.00462665 0.0210321 0.0654386 0.139424 0.203496 0.203505 0.13947 0.0655912 0.0214729 0.00573422 0.00311733 0.0046794 0.0076479 0.0110694 0.0140445 0.0157058 0.0156515 0.0141696 0.012016 0.00993343 0.00829251 0.00706722 0.00604726
 1.0295e-16 4.70934e-05 0.000457765 0.00304201 0.0138285 0.0430259 0.0916726 0.133806 0.133842 0.0918484 0.043616 0.0155325 0.00731828 0.00978976 0.017761 0.029264 0.042095 0.0528173 0.0579579 0.0559143 0.04791 0.0371677 0.0269941 0.0192598 0.0141491 0.0108821
 1.07545e-16 4.56992e-05 0.000444213 0.00295195 0.0134191 0.0417521 0.0889582 0.129842 0.129868 0.0890816 0.042167 0.01462 0.00597562 0.0070762 0.0127327 0.021216 0.0311134 0.0402818 0.0465251 0.048768 0.0475734 0.0445196 0.0410001 0.0374695 0.0336051 0.0289937
 1.07943e-16 5.87796e-05 0.000571359 0.00379688 0.0172601 0.0537026 0.11442 0.167002 0.167017 0.114495 0.0539569 0.0179957 0.0056483 0.00462911 0.00781305 0.0129508 0.0189538 0.0244856 0.0282292 0.0296034 0.0290786 0.0277591 0.0265772 0.025756 0.0248787 0.0233605
 1.02995e-16 7.04143e-05 0.000684452 0.00454843 0.0206765 0.0643323 0.137067 0.200056 0.200066 0.137117 0.0644981 0.0211554 0.00575141 0.00331337 0.0050716 0.00829554 0.011998 0.0152074 0.0169886 0.0169238 0.0153577 0.0131489 0.0111304 0.00969962 0.00878057 0.00806249
 1.00863e-16 7.37292e-05 0.000716674 0.00476255 0.0216499 0.0673608 0.14352 0.209473 0.209482 0.143562 0.0675035 0.0220618 0.00579643 0.0029731 0.00435749 0.00708291 0.0101862 0.0127889 0.0140499 0.013583 0.011684 0.00912986 0.00671544 0.00488746 0.00368492 0.00291475
 1.00814e-16 6.76383e-05 0.000657469 0.00436911 0.0198614 0.0617961 0.131664 0.19217 0.192186 0.131739 0.0620492 0.0205923 0.00620329 0.00465955 0.00766257 0.0125455 0.0180293 0.0225946 0.0247397 0.0237689 0.0202039 0.0154328 0.0108905 0.00740563 0.00508691 0.00362485
 1.01541e-16 6.34383e-05 0.000616643 0.00409781 0.0186281 0.0579589 0.123488 0.180239 0.180257 0.123578 0.0582593 0.0194959 0.0062769 0.00537552 0.00910689 0.014969 0.0215886 0.0272108 0.0300843 0.0293886 0.0257035 0.0205884 0.0156284 0.0116997 0.00887827 0.00681983
 1.02494e-16 6.13011e-05 0.000595869 0.00395976 0.0180005 0.0560063 0.119328 0.174167 0.174186 0.119422 0.0563206 0.0189087 0.00624096 0.00558062 0.00954245 0.0157155 0.0227186 0.0287471 0.0319963 0.0316217 0.0282153 0.0233575 0.0186259 0.0148477 0.0120342 0.00980071
 1.02026e-16 6.83318e-05 0.00066421 0.00441391 0.020065 0.0624297 0.133014 0.19414 0.194152 0.133074 0.0626335 0.0206538 0.00589312 0.00389713 0.00621933 0.0102027 0.0147587 0.0187017 0.0208682 0.0207173 0.0186341 0.0156362 0.0127291 0.0104253 0.00870624 0.007303
 1.00282e-16 7.96363e-05 0.000774093 0.00514412 0.0233844 0.0727577 0.155018 0.226254 0.226256 0.155031 0.0728015 0.023511 0.00546181 0.00146767 0.00139705 0.00218403 0.0031395 0.00395003 0.00435549 0.00423743 0.00368446 0.00293012 0.00221172 0.00166007 0.00128384 0.00102507
 1.00989e-16 3.31157e-05 0.000321897 0.00213912 0.00972416 0.0302558 0.0644651 0.0941004 0.0941561 0.0647371 0.0311685 0.012359 0.00874756 0.0147306 0.027346 0.04502 0.0645301 0.0804743 0.0873701 0.0826897 0.0684031 0.0497292 0.0321365 0.01889 0.0105374 0.00593528
 1.01285e-16 7.67544e-05 0.000746081 0.00495797 0.0225382 0.0701247 0.149408 0.218066 0.218069 0.149422 0.0701696 0.0226685 0.0052877 0.00147449 0.00148523 0.00239905 0.00359944 0.00483892 0.00590932 0.00669487 0.00720148 0.00748584 0.00755334 0.00732962 0.00673118 0.00576262
 1.01715e-16 5.47553e-05 0.000532241 0.00353693 0.0160784 0.050026 0.106587 0.155573 0.155603 0.106734 0.0505194 0.0175028 0.00710993 0.00832367 0.0148274 0.0243617 0.0349394 0.0436276 0.0474831 0.0451642 0.0377536 0.0280711 0.0190399 0.0123581 0.00823273 0.00596068
 1.04051e-16 5.502e-05 0.000534814 0.00355403 0.0161561 0.0502677 0.107102 0.156322 0.156344 0.107207 0.0506216 0.0171794 0.00612791 0.00617061 0.010808 0.0179093 0.026091 0.0334244 0.0379521 0.0387233 0.0362826 0.0321594 0.0278148 0.0239178 0.0203836 0.016892
 1.03536e-16 6.60583e-05 0.00064211 0.00426705 0.0193974 0.0603526 0.128588 0.187681 0.187694 0.128651 0.060564 0.0200088 0.00580393 0.00400438 0.0064731 0.0106536 0.0154749 0.0197459 0.022298 0.022596 0.0210349 0.0186199 0.0162974 0.0144759 0.0130222 0.0115889
 1.02409e-16 6.5673e-05 0.000638365 0.00424216 0.0192843 0.0600006 0.127838 0.186587 0.186603 0.127915 0.0602586 0.0200296 0.00611334 0.00472443 0.00782968 0.0128504 0.0185299 0.0233556 0.0258333 0.0252783 0.022217 0.0180171 0.0140531 0.0110592 0.00904495 0.00763209
 1.06297e-16 2.85206e-05 0.00027723 0.00184229 0.00837483 0.0260575 0.0555201 0.0810437 0.0810942 0.0557668 0.026886 0.0107685 0.00785295 0.0134062 0.0249853 0.0413188 0.0596539 0.075297 0.0834633 0.0819223 0.0722867 0.0588375 0.0458853 0.0357492 0.0285241 0.023158
 1.05977e-16 6.59091e-05 0.00064066 0.00425741 0.0193536 0.0602162 0.128297 0.187255 0.187262 0.128331 0.0603296 0.0196832 0.00509233 0.00248797 0.00364674 0.00611413 0.00924499 0.0125559 0.0155792 0.0180724 0.020079 0.0217242 0.0229397 0.0233926 0.0226925 0.0206867
 1.05399e-16 5.60724e-05 0.000545043 0.00362201 0.0164651 0.0512293 0.10915 0.159313 0.159338 0.109271 0.0516338 0.0176336 0.00655458 0.00694572 0.0122093 0.0200902 0.028928 0.036377 0.0401034 0.0390751 0.0342005 0.0277304 0.021904 0.0178784 0.0155655 0.0141808
 1.08377e-16 4.0865e-05 0.000397223 0.00263969 0.0119996 0.0373355 0.0795486 0.11611 0.116144 0.0797113 0.0378824 0.0135809 0.00661487 0.00909523 0.0166191 0.0275645 0.0400644 0.0511366 0.0577439 0.0584576 0.0542368 0.0476278 0.0410764 0.0357176 0.0313626 0.0272923
 1.05596e-16 6.59863e-05 0.000641411 0.0042624 0.0193763 0.0602868 0.128448 0.187475 0.187485 0.128495 0.0604454 0.0198357 0.00542036 0.00318447 0.00494072 0.00818214 0.0120601 0.0157586 0.0184875 0.0198851 0.0201914 0.0199843 0.0197051 0.0193745 0.0186864 0.0173226
 1.03724e-16 6.20858e-05 0.000603497 0.00401045 0.0182309 0.0567233 0.120856 0.176396 0.176415 0.120949 0.0570359 0.0191338 0.00627688 0.00555132 0.00945977 0.0155438 0.0223956 0.0281913 0.0311241 0.0303818 0.0266382 0.0215971 0.0169631 0.0136325 0.0115757 0.0102527
 1.0777e-16 3.06171e-05 0.000297609 0.00197772 0.00899045 0.0279729 0.0596009 0.0869988 0.0870446 0.0598249 0.0287252 0.0111646 0.00743952 0.0122349 0.0227433 0.0376591 0.0544988 0.0690605 0.0770573 0.0764848 0.0687577 0.0576305 0.0468276 0.0382663 0.0319127 0.0267986
 1.17108e-16 3.7207e-05 0.000361665 0.0024034 0.0109255 0.0339934 0.0724272 0.105714 0.105734 0.0725257 0.0343252 0.0118888 0.00484006 0.00574265 0.0104384 0.0176745 0.0265759 0.0357733 0.0438484 0.0501029 0.0547874 0.0585072 0.0613526 0.0625787 0.061104 0.0563379
 1.05944e-16 7.17271e-05 0.000697213 0.00463323 0.021062 0.0655317 0.139622 0.203784 0.20379 0.13965 0.0656254 0.0213334 0.00531673 0.00219674 0.00294215 0.00481161 0.00707378 0.00922504 0.0108203 0.0116989 0.0120838 0.0124028 0.0129632 0.0137372 0.0143965 0.0145301
pSPR Fmed_Fpbrs
0.551277   0.232655 0.232655
Fs Fmed_Fpbrs
0.350162   1.005 1.005
SSBpbr Bo_Bmed_Bpbrs
1.67171e+06  837987  305346 305346
Ro
141063
SPR SPRFo_SPRFmed_SPRFpbrs
1.00831e+06 555856 234588
Fref
1.005
Nvult_r0
 170171 12713.5 5693.62 7212.76 2335.71
CTP_r0
 27826 2763.25 1237.49 1567.67 507.66
YTP_r0
391273
Np
 200775 73822.1 4911.74 2199.67 3563.12
Nvult_p0
 164369 63881.2 4250.32 1903.46 3083.31
CTP_p0
 68102.4 32020.2 2130.46 954.104 1545.5
YTP_p0
 1.1588e+06
CBA_c0
621531
log_Ro
11.677
likeval ReclasPelacesDesembMPH_pf_preclas_ppelaces_ptallas_desvR_qrecl_qpela
 10.9579 23.5464 0.0109692 0.00228017 241.377 117.172 99.3479 0 29.5034 8.76144e-07 0 0.0412876 0 0 0
q_reclas_q_pelaces
1.14184 1
M
1
N
 164126 41389.5 97462.8 7568.45 0.228582
 95978.8 52830.5 12595.1 29658.6 2303.2
 93986.9 27551.7 13662.9 3257.32 8265.87
 104954 27027.3 7143.13 3542.28 2987.54
 84985.3 24659.7 5258.82 1389.87 1270.54
 214424 26201.8 7058.39 1505.24 761.495
 71800 59322 6430.09 1732.17 556.272
 27515.7 13467.5 8381.64 908.511 323.336
 33611.2 8913.97 4135.74 2573.92 378.288
 49594.4 7579.54 1636.17 759.12 541.881
 91768.3 9649.13 1128.06 243.512 193.628
 130801 29934.8 2992.31 349.826 135.562
 106544 30470.7 5754.17 575.192 93.3031
 73874.6 25595.4 6118.86 1155.5 134.241
 68236.5 12819.8 3238.09 774.103 163.167
 445178 14457.3 2153.55 543.957 157.449
 73565.4 114405 3194.99 475.924 155.007
 675266 21675.6 30703.9 857.466 169.328
 379579 198605 5802.39 8219.17 274.864
 280130 102974 47399.8 1384.82 2027.22
 432648 77535 25286.6 11639.6 837.87
 568344 127901 20907.1 6818.46 3364.52
 99324.2 158970 31880.6 5211.28 2538.2
 337647 31003.3 46308.1 9286.82 2257.43
 269816 106907 9216.01 13765.5 3431.63
 117985 85468.9 31799.5 2741.3 5115.29
 293977 38347.1 26368.5 9810.64 2423.88
 339474 92943.2 11375.2 7821.88 3629.22
 83229.7 110431 28709.9 3513.76 3537.21
 56950.9 27428.3 34746.6 9033.43 2218.55
 243993 17625.3 7893.29 9999.33 3238.08
pred_Ctot
 13112.1 4591.73 10812.5 839.638 0.0253587
 13600.5 10206.2 2433.21 5729.64 444.948
 13233.3 5290.12 2623.37 625.428 1587.11
 24856 8470.18 2238.62 1110.13 936.277
 8825.12 3530.97 753 199.013 181.926
 34397.7 5697.73 1534.89 327.324 165.591
 23478.1 24909.7 2700.03 727.351 233.582
 2098.22 1427.61 888.485 96.3055 34.2748
 8553.79 2984.77 1384.82 861.856 126.667
 15543.9 3064.78 661.585 306.95 219.109
 6637.07 971.224 113.544 24.5104 19.4895
 31465.2 9517.68 951.395 111.226 43.1016
 24188.1 9183.05 1734.15 173.347 28.119
 26193.9 11543.2 2759.54 521.118 60.5413
 19122.7 4686.95 1183.86 283.015 59.6543
 87329.9 3801.94 566.335 143.048 41.4055
 9426.27 20067.4 560.421 83.4801 27.1892
 87165 3829.08 5423.94 151.474 29.9124
 64579.7 45666.5 1334.18 1889.89 63.2013
 44875.3 22362.5 10293.6 300.736 440.243
 54681.2 13421.7 4377.25 2014.88 145.04
 88046.2 26904.3 4397.85 1434.28 707.734
 9640.83 21319.5 4275.49 698.883 340.397
 30103.6 3828.04 5717.75 1146.66 278.729
 23988 13163.6 1134.78 1694.97 422.543
 8777.91 8844.21 3290.57 283.666 529.323
 26451.8 4777.27 3284.98 1222.21 301.966
 25088.1 9554.92 1169.41 804.12 373.098
 5531.19 10231 2659.86 325.536 327.709
 5795.82 3851.32 4878.91 1268.42 311.516
 27826 2763.25 1237.49 1567.67 507.66
F
 0.133547 0.18972 0.18972 0.18972 0.18972
 0.248064 0.352405 0.352405 0.352405 0.352405
 0.246309 0.349912 0.349912 0.349912 0.349912
 0.448353 0.636939 0.636939 0.636939 0.636939
 0.176649 0.250952 0.250952 0.250952 0.250952
 0.284975 0.404841 0.404841 0.404841 0.404841
 0.673605 0.956936 0.956936 0.956936 0.956936
 0.127138 0.180614 0.180614 0.180614 0.180614
 0.489407 0.695261 0.695261 0.695261 0.695261
 0.63701 0.904949 0.904949 0.904949 0.904949
 0.120245 0.170822 0.170822 0.170822 0.170822
 0.456911 0.649097 0.649097 0.649097 0.649097
 0.426145 0.60539 0.60539 0.60539 0.60539
 0.751381 1.06743 1.06743 1.06743 1.06743
 0.551779 0.783868 0.783868 0.783868 0.783868
 0.358729 0.509617 0.509617 0.509617 0.509617
 0.221985 0.315357 0.315357 0.315357 0.315357
 0.223789 0.317919 0.317919 0.317919 0.317919
 0.304585 0.432699 0.432699 0.432699 0.432699
 0.284525 0.404202 0.404202 0.404202 0.404202
 0.218667 0.310643 0.310643 0.310643 0.310643
 0.274008 0.389262 0.389262 0.389262 0.389262
 0.164295 0.233401 0.233401 0.233401 0.233401
 0.150041 0.213151 0.213151 0.213151 0.213151
 0.149589 0.212509 0.212509 0.212509 0.212509
 0.123877 0.175982 0.175982 0.175982 0.175982
 0.151514 0.215244 0.215244 0.215244 0.215244
 0.123008 0.174748 0.174748 0.174748 0.174748
 0.110029 0.15631 0.15631 0.15631 0.15631
 0.172856 0.245562 0.245562 0.245562 0.245562
 0.195482 0.277706 0.277706 0.277706 0.277706
YTP_r0W_actual
 236521 45041.1 35763.6 54555.1 19392.6
YTP_p0W_proyectada
 512130 516166 49810.2 28146.1 52547
CTP_r0_actual
 27826 2763.25 1237.49 1567.67 507.66
CTP_p0_proyectada
 68102.4 32020.2 2130.46 954.104 1545.5
Wmedp
 7.52 16.12 23.38 29.5 34
Frms_r0
 0.195482 0.277706 0.277706 0.277706 0.277706
Zrms_r0
 1.19548 1.27771 1.27771 1.27771 1.27771
nmprior
 8.19 8.8 8.5 0
nm_flota  nm_reclas  nm_pelaces    nm_pelaL
inf 14.8913 15.0862 34.0528
cv_recla  cv_pelaces  cv_mph
0.299426 0.550218 1.47363
 ------------------------------------------------
Talla a la edad & desviaci?n 
 8 13.2811 15.8009 17.003 17.5766
 0.8 1.32811 1.58009 1.7003 1.75766
