    unsorted:	 6.604630698e-05 0.001099983859 4.842341239 4.410797652 8.809197677 12.19836955 15.23463683 38.31936230 52.24652992 90.28794813 114.3075795 163.5336631 213.9299812 259.2927147 293.6079227 407.8517467 480.2552218 538.5986775 563.2567383 614.9999212 683.8210112 823.9198450 834.4036829 780.2160652 873.0543118 887.5394701 973.5531754 1001.471509 1080.975550 1099.227127 1140.881083 1298.293867 1319.370296 1507.081804 1637.330058 1798.871935 1816.366156 1910.482655 2091.783875 2416.032565 2939.202352 3080.628747 3207.440073 15195.28577 36927.88756 158030.1472 192095.4913 331268.5514 335391.9209 319494.1225 299688.7870 267247.0303 356106.7067 408286.4221 415269.5303 466809.4263 549362.4638 607025.2119 746147.5127 764746.4274 808706.0842 878265.6007 1050443.662 1285922.579 1370267.862 1467826.518 1553619.930 1622059.233 1741887.461 1921790.307 2220174.449 2269845.817 2771920.176 2906822.062 3253970.011 3563216.859 4030414.825
      sorted:	 6.604630698e-05 0.001099983859 4.410797652 4.842341239 8.809197677 12.19836955 15.23463683 38.31936230 52.24652992 90.28794813 114.3075795 163.5336631 213.9299812 259.2927147 293.6079227 407.8517467 480.2552218 538.5986775 563.2567383 614.9999212 683.8210112 780.2160652 823.9198450 834.4036829 873.0543118 887.5394701 973.5531754 1001.471509 1080.975550 1099.227127 1140.881083 1298.293867 1319.370296 1507.081804 1637.330058 1798.871935 1816.366156 1910.482655 2091.783875 2416.032565 2939.202352 3080.628747 3207.440073 15195.28577 36927.88756 158030.1472 192095.4913 267247.0303 299688.7870 319494.1225 331268.5514 335391.9209 356106.7067 408286.4221 415269.5303 466809.4263 549362.4638 607025.2119 746147.5127 764746.4274 808706.0842 878265.6007 1050443.662 1285922.579 1370267.862 1467826.518 1553619.930 1622059.233 1741887.461 1921790.307 2220174.449 2269845.817 2771920.176 2906822.062 3253970.011 3563216.859 4030414.825
