years
 1991 1992 1993 1994 1995 1996 1997 1998 1999 2000 2001 2002 2003 2004 2005 2006 2007 2008 2009 2010 2011 2012 2013 2014 2015 2016 2017 2018 2019 2020 2021
reclasobs
 0 0 0 0 0 0 0 0 0 252601 567819 844713 477998 351125 339783 2.1784e+06 2.13404e+06 4.81314e+06 1.55562e+06 2.62356e+06 3.21686e+06 3.843e+06 1.13348e+06 3.07943e+06 1.97215e+06 2.03268e+06 2.025e+06 2.42433e+06 2.27542e+06 1.05018e+06 2.36338e+06
reclaspred
 3.17772e+06 1.70725e+06 864797 876461 886175 1.74184e+06 909378 754426 520033 326814 502758 717167 707667 506042 477858 1.41446e+06 1.16855e+06 3.33678e+06 2.59796e+06 1.82202e+06 3.15007e+06 2.59146e+06 1.86914e+06 3.08314e+06 2.23508e+06 1.93715e+06 2.40222e+06 2.66188e+06 2.04214e+06 1.16928e+06 1.84827e+06
pelacesobs
 0 0 0 0 0 0 0 0 0 0 0 0 0 0 0 552880 188675 0 991730 2.46772e+06 1.41603e+06 1.21717e+06 2.29649e+06 1.80582e+06 0 1.4828e+06 1.56532e+06 1.57751e+06 1.42118e+06 867257 1.10002e+06
pelacespred
 1.94394e+06 1.12065e+06 539902 414167 480711 936191 448411 502485 303880 164802 277042 331219 367048 254972 244880 611683 581402 1.78686e+06 1.48703e+06 954139 1.63218e+06 1.39384e+06 1.10875e+06 1.8879e+06 1.38874e+06 1.22125e+06 1.6211e+06 1.76402e+06 1.25448e+06 790864 1.08801e+06
mphobs
 0 0 0 0 0 0 0 0 0 0 0 498337 0 5186 125008 0 168611 109162 213762 579715 649985 157893 87575 83554 0 0 0 0 0 0 0
mphpred
 490971 329310 153909 86041 90620 113000 172963 83810 74388.7 42610.1 24351.7 61587.4 67064.5 53768.1 30333.1 37941.1 155883 127796 335639 224788 228603 284113 273197 206561 315154 253487 202189 225552 334345 207364 113695
desembarqueobs
 494567 514787 250237 358949 120608 361735 552515 73892 212993 205616 52469 317467 293654 387597 252695 516296 358380 742168 942051 627588 828172 859565 418607 520667 417249 300574 415391 372974 316634 284311 391294
desembarquepred
 494562 514082 250504 358980 120612 361723 552471 73897 213047 205663 52471.3 317502 293654 387491 252640 516177 358406 741949 941616 627258 828235 859462 418587 520677 417213 300559 415364 372922 316598 284299 391284
Reclutas
 158707 88584.7 88459.2 120792 98137.8 204482 73255 29059.5 30241.7 41126.4 75349.5 118611 99139.6 69676.5 59760.2 324579 60565.6 538208 297597 233102 318531 445529 79550.3 246775 204554 88707.2 205408 232583 66162.7 46842 183746
log_desv_Rt
 0.278197 -0.304906 -0.306323 0.00520618 -0.202492 0.531614 -0.494918 -1.41952 -1.37964 -1.07221 -0.466727 -0.0130131 -0.192336 -0.545001 -0.698525 0.993664 -0.685137 1.49938 0.906875 0.662613 0.974855 1.3104 -0.412475 0.719612 0.531967 -0.303524 0.536132 0.660382 -0.596748 -0.942083 0.424689
SSB
 1.53548e+06 1.0299e+06 481341 269088 283408 353399 540931 262110 232646 133260 76158.4 192611 209740 168156 94864.7 118658 487513 399674 1.04969e+06 703009 714940 888544 854405 646006 985622 792763 632331 705399 1.04564e+06 648517 355574
BT
 2.26201e+06 1.56564e+06 752647 731039 591752 1.34309e+06 932306 586842 524989 371753 356378 625977 665369 685141 532247 1.13172e+06 870742 2.71293e+06 2.46859e+06 1.54285e+06 2.47064e+06 2.26679e+06 1.47204e+06 2.57795e+06 1.79368e+06 1.50478e+06 2.20172e+06 2.3084e+06 1.47717e+06 1.04271e+06 1.58707e+06
Ftot
 0.270387 0.502085 0.495965 0.768478 0.259247 0.424073 0.993746 0.182402 0.746755 1.12486 0.229493 0.852968 0.792695 1.40803 1.07916 0.806956 0.540675 0.483474 0.668877 0.646766 0.514951 0.640454 0.392287 0.348574 0.345008 0.281591 0.351024 0.290348 0.262761 0.417168 0.445997
BD_Bspro_t
 0.957892 0.726598 0.493731 0.391579 0.379256 0.48398 0.510871 0.302074 0.349603 0.274952 0.225777 0.507652 0.391292 0.298483 0.187533 0.226559 0.425213 0.367054 0.531625 0.404233 0.364104 0.412607 0.430608 0.400811 0.537035 0.542802 0.544398 0.599664 0.669616 0.564297 0.457402
BD_Bspro
 1.78767 1.19905 0.560396 0.313282 0.329955 0.411441 0.629774 0.305159 0.270855 0.155147 0.0886666 0.224245 0.244188 0.195774 0.110445 0.138147 0.567582 0.465316 1.22209 0.818471 0.832362 1.03448 0.994732 0.752105 1.1475 0.922967 0.736185 0.821253 1.21738 0.75503 0.413974
BD_Bo
 1.15174 0.772511 0.361047 0.201839 0.212581 0.26508 0.405745 0.196605 0.174504 0.0999567 0.0571254 0.144475 0.157323 0.126132 0.0711567 0.089004 0.365677 0.29979 0.787356 0.527318 0.536267 0.666485 0.640877 0.48456 0.739302 0.594641 0.474303 0.52911 0.784321 0.486444 0.266711
BD_Brms
 2.09408 1.40457 0.656449 0.36698 0.38651 0.481963 0.737718 0.357464 0.317281 0.181739 0.103864 0.262681 0.286042 0.22933 0.129376 0.161825 0.664867 0.545073 1.43156 0.958759 0.975031 1.21179 1.16523 0.881018 1.34418 1.08117 0.862369 0.962018 1.42604 0.884443 0.48493
Sel_flota
 0.652013 0.972677 0.998524 0.999922 0.999996
 0.652013 0.972677 0.998524 0.999922 0.999996
 0.652013 0.972677 0.998524 0.999922 0.999996
 0.652013 0.972677 0.998524 0.999922 0.999996
 0.652013 0.972677 0.998524 0.999922 0.999996
 0.652013 0.972677 0.998524 0.999922 0.999996
 0.652013 0.972677 0.998524 0.999922 0.999996
 0.652013 0.972677 0.998524 0.999922 0.999996
 0.652013 0.972677 0.998524 0.999922 0.999996
 0.652013 0.972677 0.998524 0.999922 0.999996
 0.652013 0.972677 0.998524 0.999922 0.999996
 0.652013 0.972677 0.998524 0.999922 0.999996
 0.652013 0.972677 0.998524 0.999922 0.999996
 0.652013 0.972677 0.998524 0.999922 0.999996
 0.652013 0.972677 0.998524 0.999922 0.999996
 0.652013 0.972677 0.998524 0.999922 0.999996
 0.652013 0.972677 0.998524 0.999922 0.999996
 0.652013 0.972677 0.998524 0.999922 0.999996
 0.652013 0.972677 0.998524 0.999922 0.999996
 0.652013 0.972677 0.998524 0.999922 0.999996
 0.652013 0.972677 0.998524 0.999922 0.999996
 0.652013 0.972677 0.998524 0.999922 0.999996
 0.652013 0.972677 0.998524 0.999922 0.999996
 0.652013 0.972677 0.998524 0.999922 0.999996
 0.652013 0.972677 0.998524 0.999922 0.999996
 0.652013 0.972677 0.998524 0.999922 0.999996
 0.652013 0.972677 0.998524 0.999922 0.999996
 0.652013 0.972677 0.998524 0.999922 0.999996
 0.652013 0.972677 0.998524 0.999922 0.999996
 0.652013 0.972677 0.998524 0.999922 0.999996
 0.652013 0.972677 0.998524 0.999922 0.999996
Sel_reclas
 1 1 1 1 1
 1 1 1 1 1
 1 1 1 1 1
 1 1 1 1 1
 1 1 1 1 1
 1 1 1 1 1
 1 1 1 1 1
 1 1 1 1 1
 1 1 1 1 1
 1 1 1 1 1
 1 1 1 1 1
 1 1 1 1 1
 1 1 1 1 1
 1 1 1 1 1
 1 1 1 1 1
 1 1 1 1 1
 1 1 1 1 1
 1 1 1 1 1
 1 1 1 1 1
 1 1 1 1 1
 1 1 1 1 1
 1 1 1 1 1
 1 1 1 1 1
 1 1 1 1 1
 1 1 1 1 1
 1 1 1 1 1
 1 1 1 1 1
 1 1 1 1 1
 1 1 1 1 1
 1 1 1 1 1
 1 1 1 1 1
Sel_pelaces
 0.733885 0.93279 0.985885 0.997163 0.999435
 0.733885 0.93279 0.985885 0.997163 0.999435
 0.733885 0.93279 0.985885 0.997163 0.999435
 0.733885 0.93279 0.985885 0.997163 0.999435
 0.733885 0.93279 0.985885 0.997163 0.999435
 0.733885 0.93279 0.985885 0.997163 0.999435
 0.733885 0.93279 0.985885 0.997163 0.999435
 0.733885 0.93279 0.985885 0.997163 0.999435
 0.733885 0.93279 0.985885 0.997163 0.999435
 0.733885 0.93279 0.985885 0.997163 0.999435
 0.733885 0.93279 0.985885 0.997163 0.999435
 0.733885 0.93279 0.985885 0.997163 0.999435
 0.733885 0.93279 0.985885 0.997163 0.999435
 0.733885 0.93279 0.985885 0.997163 0.999435
 0.733885 0.93279 0.985885 0.997163 0.999435
 0.733885 0.93279 0.985885 0.997163 0.999435
 0.733885 0.93279 0.985885 0.997163 0.999435
 0.733885 0.93279 0.985885 0.997163 0.999435
 0.733885 0.93279 0.985885 0.997163 0.999435
 0.733885 0.93279 0.985885 0.997163 0.999435
 0.733885 0.93279 0.985885 0.997163 0.999435
 0.733885 0.93279 0.985885 0.997163 0.999435
 0.733885 0.93279 0.985885 0.997163 0.999435
 0.733885 0.93279 0.985885 0.997163 0.999435
 0.733885 0.93279 0.985885 0.997163 0.999435
 0.733885 0.93279 0.985885 0.997163 0.999435
 0.733885 0.93279 0.985885 0.997163 0.999435
 0.733885 0.93279 0.985885 0.997163 0.999435
 0.733885 0.93279 0.985885 0.997163 0.999435
 0.733885 0.93279 0.985885 0.997163 0.999435
 0.733885 0.93279 0.985885 0.997163 0.999435
pf_obs 
 0.8446 0.082 0.0669 0.0065 0
 0.8095 0.147 0.0364 0.0071 0
 0.9664 0.0169 0.016 0.0007 0
 0.9276 0.0648 0.0075 0.0001 0
 0.7033 0.2144 0.0806 0.0017 0
 0.9318 0.0425 0.0243 0.0014 0
 0.5671 0.3108 0.0964 0.0239 0.0018
 0.0768 0.2599 0.5324 0.112 0.0189
 0.490249 0.384438 0.106611 0.0170017 0.00170017
 0.7925 0.1577 0.0466 0.003 0.0002
 0.840416 0.127587 0.0312969 0.00059994 9.999e-05
 0.8084 0.0986 0.0794 0.0134 0.0002
 0.7335 0.1905 0.0724 0.0035 0.0001
 0.4001 0.4547 0.1325 0.0127 0
 0.49795 0.308269 0.164784 0.0264974 0.00249975
 0.9179 0.0499 0.0305 0.0017 0
 0.2467 0.6533 0.0926 0.0074 0
 0.9418 0.0223 0.034 0.0019 0
 0.707729 0.231977 0.0356964 0.0245975 0
 0.517169 0.277429 0.184464 0.0207286 0.00020938
 0.811772 0.124168 0.05621 0.00726502 0.000585176
 0.764997 0.148141 0.077277 0.00933861 0.000247198
 0.163321 0.427699 0.378323 0.0303852 0.000271297
 0.753843 0.0900009 0.118128 0.0371064 0.000921714
 0.721811 0.176058 0.0630433 0.0369309 0.00215725
 0.143369 0.312575 0.442814 0.0836902 0.0175525
 0.692698 0.0596174 0.167031 0.0765114 0.00414204
 0.394062 0.376323 0.152708 0.0712218 0.00568511
 0.125707 0.32114 0.495352 0.0537591 0.00404204
 0.23352 0.215282 0.420074 0.123614 0.00750983
 0.774587 0.0839891 0.0768558 0.0609784 0.00358967
pf_pred 
 0.510227 0.15307 0.312743 0.0239593 9.20858e-07
 0.444774 0.34452 0.0671916 0.133317 0.0101978
 0.603387 0.224772 0.108012 0.020379 0.04345
 0.728816 0.193497 0.0446716 0.0207664 0.0122492
 0.675012 0.267196 0.0416879 0.00926846 0.00683597
 0.78323 0.165187 0.0426311 0.00646063 0.00249183
 0.451319 0.467975 0.0619704 0.015489 0.00324699
 0.457752 0.323504 0.187712 0.0238407 0.00719162
 0.568338 0.243453 0.11356 0.0640725 0.0105764
 0.760825 0.166332 0.0417701 0.0187638 0.0123093
 0.859723 0.120062 0.0142511 0.00342386 0.00254085
 0.768944 0.208878 0.0190613 0.0021983 0.000918635
 0.713401 0.244559 0.0381477 0.00334653 0.000546053
 0.669672 0.26824 0.0532785 0.00799613 0.000814223
 0.780056 0.176437 0.0356603 0.00673638 0.00111094
 0.950218 0.0431916 0.00533253 0.00103174 0.000226505
 0.373809 0.607777 0.0160577 0.00190764 0.00044918
 0.923373 0.0377466 0.0377746 0.000964862 0.000141356
 0.58757 0.392508 0.00997767 0.00966189 0.000282444
 0.627167 0.262707 0.104991 0.00257431 0.00256074
 0.749237 0.185199 0.0466821 0.0180034 0.000878804
 0.761775 0.197694 0.0301974 0.00736152 0.00297228
 0.304136 0.585984 0.0917362 0.0135242 0.00461916
 0.757214 0.0992378 0.121476 0.0184325 0.00363937
 0.62237 0.314212 0.0263947 0.0313389 0.00568485
 0.425108 0.414364 0.134266 0.0109409 0.0153216
 0.739084 0.139435 0.0882805 0.0277764 0.00542428
 0.68761 0.255414 0.0308867 0.0189677 0.00712165
 0.333779 0.515159 0.124185 0.0145808 0.0122964
 0.413134 0.256052 0.257496 0.0602898 0.0130276
 0.840592 0.0847384 0.0331688 0.0323156 0.00918551
pobs_RECLAS
 0 0 0 0 0
 0 0 0 0 0
 0 0 0 0 0
 0 0 0 0 0
 0 0 0 0 0
 0 0 0 0 0
 0 0 0 0 0
 0 0 0 0 0
 0 0 0 0 0
 0 0 0 0 0
 0.991045 0.00858322 0.000360255 1.14367e-05 0
 0.934742 0.0480273 0.0164251 0.00080598 0
 0.827803 0.169806 0.00239088 0 0
 0.941827 0.0461693 0.0120037 0 0
 0.791401 0.0380133 0.147996 0.0225897 0
 0.846168 0.0940531 0.0597789 0 0
 0.134021 0.677848 0.182769 0.00536245 0
 0.80878 0.0450904 0.141981 0.00414843 0
 0.846168 0.0940531 0.0597789 0 0
 0.905697 0.0802665 0.012482 0.00150086 5.37128e-05
 0.989698 0.0102097 9.19794e-05 0 0
 0.975433 0.0193895 0.00387452 0.00125025 5.28907e-05
 0.303575 0.632131 0.0575291 0.00676475 0
 0.966965 0.00978017 0.0227588 0.000495775 0
 0.843318 0.132988 0.00938335 0.0141283 0.000182051
 0.564624 0.303363 0.111486 0.0197234 0.00080311
 0.826376 0.0876187 0.0782897 0.00655872 0.00115652
 0.89761 0.0855135 0.0140674 0.00269457 0.000114338
 0.34875 0.467042 0.161289 0.0227151 0.000203297
 0.318654 0.224769 0.449479 0.00709798 0
 0.937255 0.0296025 0.0250945 0.00804832 0
ppred_RECLAS
 0.614914 0.122601 0.243831 0.0186531 7.16864e-07
 0.55164 0.281239 0.0533468 0.10569 0.00808394
 0.700519 0.171804 0.0802985 0.0151277 0.0322512
 0.806744 0.139058 0.0311861 0.014475 0.00853744
 0.758399 0.199594 0.0303139 0.00673 0.00496335
 0.846304 0.117889 0.0296 0.00447922 0.00172748
 0.563317 0.374108 0.0480662 0.0119943 0.00251419
 0.561395 0.264501 0.149435 0.0189523 0.00571659
 0.672292 0.187197 0.084833 0.0477902 0.00788802
 0.834935 0.115895 0.0282158 0.012654 0.00830043
 0.902381 0.0838756 0.00969243 0.0023253 0.00172548
 0.837807 0.147037 0.0130288 0.00150022 0.000626867
 0.794053 0.176484 0.026739 0.00234205 0.000382121
 0.76636 0.190894 0.0366901 0.00549683 0.000559675
 0.848541 0.122237 0.0239586 0.00451844 0.0007451
 0.967297 0.0284831 0.00341543 0.000659785 0.000144836
 0.476268 0.508746 0.0130709 0.00155049 0.000365055
 0.94885 0.0255513 0.0248715 0.000634343 9.29263e-05
 0.68608 0.299174 0.00739129 0.00714647 0.000208895
 0.721876 0.197611 0.0767637 0.00187933 0.00186927
 0.820647 0.133431 0.0327101 0.0125962 0.000614813
 0.830943 0.140974 0.020931 0.00509483 0.00205692
 0.398925 0.508348 0.0774343 0.0113991 0.00389303
 0.827101 0.0718209 0.0855557 0.0129632 0.0025593
 0.714176 0.238933 0.0195326 0.0231578 0.00420048
 0.528642 0.342306 0.107965 0.00878505 0.0123016
 0.812403 0.101541 0.0625626 0.019656 0.0038382
 0.769111 0.189722 0.0223313 0.013694 0.00514121
 0.431254 0.442476 0.103831 0.0121735 0.0102654
 0.519746 0.212824 0.208229 0.0486829 0.0105187
 0.890082 0.0592067 0.022545 0.0219327 0.00623376
pobs_PELACES
 0 0 0 0 0
 0 0 0 0 0
 0 0 0 0 0
 0 0 0 0 0
 0 0 0 0 0
 0 0 0 0 0
 0 0 0 0 0
 0 0 0 0 0
 0 0 0 0 0
 0 0 0 0 0
 0 0 0 0 0
 0 0 0 0 0
 0 0 0 0 0
 0 0 0 0 0
 0 0 0 0 0
 0 0 0 0 0
 0.505614 0.472636 0.0217494 0 0
 0 0 0 0 0
 0.443492 0.261883 0.143347 0.151278 0
 0.227955 0.32914 0.350689 0.0885471 0.00366901
 0.970185 0.0296113 0.000203453 0 0
 0.997202 0.00247181 0.000326279 0 0
 0.445219 0.490057 0.0546422 0.010081 0
 0.90214 0.0892962 0.00764917 0.000914606 0
 0 0 0 0 0
 0.581667 0.319106 0.0959925 0.00289975 0.000334073
 0.762889 0.0836404 0.116647 0.0363945 0.000428098
 0.88444 0.0763242 0.0277011 0.0115352 0
 0.521256 0.241999 0.230069 0.00667565 0
 0.616807 0.101726 0.260614 0.0208532 0
 0.833518 0.0704572 0.0857862 0.0102388 0
ppred_PELACES
 0.554724 0.136611 0.286499 0.0221651 8.53771e-07
 0.499571 0.306972 0.0612794 0.122766 0.00941133
 0.654353 0.193548 0.0952068 0.0181374 0.0387553
 0.778178 0.157173 0.0370117 0.0173693 0.0102677
 0.715339 0.232811 0.0372889 0.00837224 0.00618852
 0.817299 0.138356 0.0365835 0.00559823 0.00216394
 0.528149 0.401317 0.054037 0.0136323 0.00286397
 0.500976 0.294272 0.175445 0.0225037 0.00680323
 0.630525 0.206196 0.0981348 0.0558969 0.00924692
 0.815299 0.127699 0.0325457 0.0147551 0.00970047
 0.880818 0.101564 0.0123803 0.00300379 0.00223402
 0.81573 0.166259 0.0154577 0.00179956 0.000753642
 0.766083 0.199003 0.0316523 0.00280309 0.000458375
 0.748131 0.204072 0.0409608 0.00620282 0.000632975
 0.830347 0.135629 0.0278391 0.00530769 0.000877221
 0.961798 0.0330509 0.00416 0.00081251 0.000178765
 0.430663 0.552199 0.0149258 0.00179034 0.000422481
 0.937361 0.0304832 0.031232 0.000805499 0.000118267
 0.647973 0.334598 0.00868729 0.00849301 0.000248816
 0.682989 0.22192 0.0906121 0.00224307 0.00223612
 0.789388 0.154484 0.0398512 0.015518 0.000759141
 0.803968 0.162006 0.0252843 0.00622303 0.00251809
 0.350514 0.544632 0.0873905 0.0130096 0.00445312
 0.790882 0.0841281 0.105606 0.0161817 0.00320197
 0.668738 0.274175 0.0236198 0.0283194 0.00514837
 0.472352 0.377341 0.125487 0.0103263 0.0144927
 0.775068 0.11864 0.0770281 0.0244737 0.00478979
 0.727811 0.221289 0.0274615 0.0170303 0.00640827
 0.377233 0.478462 0.118401 0.0140387 0.0118652
 0.46324 0.230686 0.237704 0.0561991 0.0121702
 0.86666 0.0698955 0.0280232 0.0275684 0.00785332
pobs_pel_tallas
 0 0 0 0 0 0 0 0 0 0 0 0 0 0 0 0 0 0 0 0 0 0 0 0 0 0
 0 0 0 0 0 0 0 0 0 0 0 0 0 0 0 0 0 0 0 0 0 0 0 0 0 0
 0 0 0 0 0 0 0 0 0 0 0 0 0 0 0 0 0 0 0 0 0 0 0 0 0 0
 0 0 0 0 0 0 0 0 0 0 0 0 0 0 0 0 0 0 0 0 0 0 0 0 0 0
 0 0 0 0 0 0 0 0 0 0 0 0 0 0 0 0 0 0 0 0 0 0 0 0 0 0
 0 0 0 0 0 0 0 0 0 0 0 0 0 0 0 0 0 0 0 0 0 0 0 0 0 0
 0 0 0 0 0 0 0 0 0 0 0 0 0 0 0 0 0 0 0 0 0 0 0 0 0 0
 0 0 0 0 0 0 0 0 0 0 0 0 0 0 0 0 0 0 0 0 0 0 0 0 0 0
 0 0 0 0 0 0 0 0 0 0 0 0 0 0 0 0 0 0 0 0 0 0 0 0 0 0
 0 0 0 0 0 0 0 0 0 0 0 0 0 0 0 0 0 0 0 0 0 0 0 0 0 0
 0 0 0 0 0 0 0 0 0 0 0 0 0 0 0 0 0 0 0 0 0 0 0 0 0 0
 0 0 0 0 0 0 0 0 0 0 0 0 0 0 0 0 0 0 0 0 0 0 0 0 0 0
 0.00862536 0 0 0.000197151 0.00414017 0.0128641 0.00837892 0.0270097 0.101434 0.158115 0.152841 0.127902 0.109271 0.109419 0.0830992 0.0579132 0.0238553 0.00714673 0.00463305 0.00128148 0.00103504 0.000492878 0.000147863 0.000147863 4.92878e-05 0
 0 0 0 0 0 0 0 0 0 0 0 0 0 0 0 0 0 0 0 0 0 0 0 0 0 0
 0 0 0 0 0 0 0 0.0054083 0.00873648 0.0413646 0.0450493 0.0745869 0.0622846 0.0627006 0.0613931 0.0827291 0.12552 0.122667 0.0946155 0.0697135 0.0546179 0.0294188 0.0215738 0.0213955 0.0102223 0.00600262
 0 0 0 0 0.00359764 0.0251062 0.0480494 0.140153 0.205849 0.193036 0.1447 0.116669 0.0760912 0.0342217 0.00950174 0.001854 0.000860785 0 0 0 0.000165536 0 0.000143464 0 0 0
 0 0 0 0 0 0 0 0.000145254 0.000435761 0.0275982 0.070085 0.0708112 0.156366 0.174668 0.174014 0.160142 0.0824315 0.0480064 0.0283245 0.00493863 0.00203355 0 0 0 0 0
 0 0 0 0 0 0 0 0 0 0 0 0 0 0 0 0 0 0 0 0 0 0 0 0 0 0
 0 0 1.00437e-05 0.000401748 0.00122533 0.00171747 0.00176769 0.0269171 0.070346 0.194647 0.189555 0.159765 0.064822 0.0314167 0.0384472 0.0292271 0.0345202 0.0313363 0.0194345 0.0106764 0.0143323 0.0359363 0.0279516 0.0138201 0.00172751 0
 0 0.0021121 0.0136068 0.0755702 0.200478 0.177729 0.0527432 0.0373336 0.0318909 0.0142505 0.0149659 0.0166563 0.0217959 0.0798694 0.0677717 0.0528807 0.04013 0.0224614 0.0357745 0.0225083 0.00881397 0.00855152 0.00135912 0.000746735 0 0
 0 0 0 0 5.4009e-05 0.00500934 0.000945158 0.0243581 0.138947 0.33067 0.221406 0.137944 0.0707744 0.0437923 0.0131692 0.00525238 0.0047753 0.00276346 9.45158e-05 9.00151e-06 2.25038e-05 9.00151e-06 4.50075e-06 0 0 0
 0.000866109 0.00284123 0.00948549 0.0512746 0.133035 0.25785 0.225252 0.132002 0.0553304 0.0519788 0.0540692 0.017754 0.00435017 0.00159236 0.00146478 0.000404838 0.000125132 0.000115318 0.000107957 0.000100596 0 0 0 0 0 0
 0 0 0 0 0.00144013 0.00171154 0.00461396 0.0210425 0.0478622 0.0707936 0.0888783 0.103762 0.0637923 0.0337046 0.0602308 0.124433 0.169614 0.0934646 0.0462172 0.0250306 0.0313229 0.00938855 0.002487 0.000210481 0 0
 0 0.00764035 0.051015 0.0998891 0.058973 0.0496711 0.0374665 0.0718981 0.12319 0.153886 0.159021 0.0857701 0.0377988 0.023471 0.0147837 0.00900784 0.00315554 0.000888139 0.00291439 0.00214683 0.00393193 0.00274676 0.000635225 9.99891e-05 0 0
 0 0 0 0 0 0 0 0 0 0 0 0 0 0 0 0 0 0 0 0 0 0 0 0 0 0
 0 0 0 0 0 0 0 0 0 0 0 0 0 0 0 0 0 0 0 0 0 0 0 0 0 0
 0 0 0 0 0 0 0 0 0 0 0 0 0 0 0 0 0 0 0 0 0 0 0 0 0 0
 0 0 0 0 0 0 0 0 0 0 0 0 0 0 0 0 0 0 0 0 0 0 0 0 0 0
 0 0 0 0 0 0 0 0 0 0 0 0 0 0 0 0 0 0 0 0 0 0 0 0 0 0
 0 0 0 0 0 0 0 0 0 0 0 0 0 0 0 0 0 0 0 0 0 0 0 0 0 0
 0 0 0 0 0 0 0 0 0 0 0 0 0 0 0 0 0 0 0 0 0 0 0 0 0 0
ppred_pel_tallas
 1.10526e-16 4.56919e-05 0.000444142 0.00295148 0.013417 0.0417453 0.0889434 0.129818 0.129832 0.0890099 0.0419701 0.0140715 0.00461445 0.00414077 0.00726033 0.0124356 0.0190831 0.026436 0.0336525 0.0402016 0.045919 0.0506158 0.0536623 0.0540585 0.0510279 0.0446436
 1.15752e-16 4.11491e-05 0.000399984 0.00265803 0.0120831 0.037595 0.0801013 0.116916 0.116946 0.0802462 0.0380819 0.0134904 0.0061946 0.00813414 0.0147724 0.024475 0.0355498 0.0453772 0.0513656 0.0524552 0.0497889 0.0458951 0.0430164 0.0418794 0.0416619 0.0408749
 1.11175e-16 5.38982e-05 0.00052391 0.00348157 0.0158267 0.0492428 0.104918 0.153134 0.153153 0.10501 0.0495513 0.0167193 0.00572782 0.00544684 0.00946073 0.0157069 0.0229813 0.0296685 0.0341605 0.0357426 0.0349868 0.0332592 0.0317502 0.0308132 0.0300154 0.0286653
 1.04588e-16 6.40975e-05 0.000623051 0.00414039 0.0188216 0.0585612 0.124771 0.182111 0.182126 0.124846 0.0588103 0.0195417 0.00594923 0.00457678 0.00758801 0.0124834 0.0180739 0.0229397 0.025684 0.0256807 0.0234405 0.0202368 0.0172964 0.0151926 0.0137972 0.0126451
 1.03023e-16 5.89216e-05 0.000572739 0.00380605 0.0173018 0.0538324 0.114696 0.167407 0.16743 0.114806 0.0542007 0.0183657 0.00647702 0.0064048 0.011139 0.018332 0.0264269 0.0332851 0.0367668 0.035886 0.0313898 0.0252345 0.019398 0.0149552 0.0119517 0.00987529
 1.02019e-16 6.73198e-05 0.000654373 0.00434854 0.0197678 0.0615051 0.131044 0.191265 0.191278 0.131109 0.0617245 0.0204017 0.00594096 0.00413491 0.00668996 0.0109858 0.0158943 0.0201443 0.0224818 0.0223198 0.0200655 0.0168062 0.0136207 0.0110647 0.00913232 0.00755365
 1.03514e-16 4.3503e-05 0.000422865 0.00281009 0.0127743 0.0397457 0.0846839 0.123607 0.123645 0.0848729 0.0403803 0.014607 0.00741013 0.0104641 0.0191116 0.031521 0.0453899 0.0570507 0.0627887 0.0608843 0.0526284 0.0414305 0.0307702 0.0225887 0.0170477 0.0133214
 1.08547e-16 4.12648e-05 0.000401108 0.00266551 0.012117 0.0377007 0.0803264 0.117245 0.117273 0.0804662 0.0381705 0.0134766 0.00608837 0.00790702 0.0143953 0.0239911 0.0351569 0.0454629 0.052415 0.0547994 0.0532757 0.0496703 0.0456059 0.0416286 0.0373747 0.0323455
 1.10056e-16 5.19356e-05 0.000504832 0.00335479 0.0152504 0.0474498 0.101097 0.147559 0.147579 0.101195 0.0477785 0.0162014 0.00574832 0.00575105 0.0100782 0.0167458 0.0245145 0.0316761 0.0365276 0.0383116 0.0376256 0.035885 0.0342877 0.0331264 0.0318802 0.0298198
 1.04094e-16 6.71551e-05 0.000652772 0.0043379 0.0197195 0.0613547 0.130723 0.190797 0.190809 0.130783 0.0615572 0.0203048 0.00580855 0.00386803 0.00618789 0.0101621 0.0147249 0.0187176 0.0210116 0.0211026 0.0194043 0.0169413 0.0146924 0.0131011 0.0120432 0.0111285
 1.01063e-16 7.25518e-05 0.000705229 0.0046865 0.0213041 0.0662852 0.141228 0.206128 0.206138 0.141276 0.0664457 0.0217678 0.00585024 0.00324524 0.0048952 0.00797455 0.0114728 0.0144114 0.0158461 0.0153441 0.013238 0.0104001 0.00772055 0.00569596 0.00436433 0.00350432
 1.00797e-16 6.71906e-05 0.000653117 0.00434019 0.0197299 0.0613871 0.130792 0.190899 0.190915 0.130871 0.0616497 0.0204882 0.00624306 0.00480479 0.00794514 0.0130105 0.0186927 0.023415 0.0256173 0.0245776 0.0208395 0.0158493 0.0111041 0.00747112 0.00506753 0.00357109
 1.01324e-16 6.31013e-05 0.000613367 0.00407604 0.0185291 0.057651 0.122832 0.179281 0.179301 0.122926 0.0579658 0.0194383 0.00635839 0.00559623 0.00952771 0.0156542 0.0225499 0.0283655 0.0312544 0.0303538 0.0262835 0.0207076 0.0153297 0.0111087 0.00814823 0.00608494
 1.01964e-16 6.16226e-05 0.000598994 0.00398053 0.0180949 0.0563001 0.119954 0.17508 0.1751 0.12005 0.0566231 0.0190283 0.00632437 0.00571844 0.00979259 0.0161127 0.0232535 0.029341 0.0325007 0.0318558 0.0280277 0.0226809 0.0174975 0.0133924 0.0104233 0.0082068
 1.01519e-16 6.83946e-05 0.00066482 0.00441797 0.0200834 0.0624871 0.133136 0.194318 0.194331 0.1332 0.0627019 0.0207039 0.00597606 0.0040683 0.0065385 0.0107175 0.01547 0.0195318 0.0216593 0.0212733 0.0187884 0.0153086 0.0119449 0.00929373 0.00737986 0.00593679
 1.00241e-16 7.9222e-05 0.000770066 0.00511736 0.0232628 0.0723792 0.154212 0.225077 0.22508 0.154227 0.0724314 0.0234137 0.00549607 0.00159663 0.00164855 0.00259874 0.00373285 0.00468741 0.00515079 0.00498034 0.0042824 0.0033391 0.00243971 0.00174768 0.00127981 0.000970368
 1.00823e-16 3.54732e-05 0.000344813 0.0022914 0.0104164 0.0324096 0.0690541 0.100798 0.100851 0.0693136 0.0332807 0.0129309 0.00859796 0.0140951 0.0260998 0.0429608 0.0615746 0.0767807 0.0833446 0.0788519 0.065182 0.0473178 0.0304825 0.017799 0.00979693 0.00539104
 1.0101e-16 7.72092e-05 0.000750501 0.00498734 0.0226717 0.0705402 0.150293 0.219358 0.219361 0.150308 0.0705893 0.022814 0.00534639 0.00154082 0.00159721 0.00256771 0.00380576 0.0050223 0.00596992 0.00651906 0.00670337 0.00664518 0.00643032 0.00604925 0.00544522 0.00460613
 1.01231e-16 5.33728e-05 0.000518802 0.00344763 0.0156724 0.0487629 0.103896 0.151646 0.151678 0.104053 0.0492907 0.0171962 0.00726957 0.00885236 0.0158517 0.0260468 0.0373415 0.0465928 0.05064 0.0480358 0.039932 0.02935 0.0194384 0.0120505 0.00745264 0.00493179
 1.03276e-16 5.6257e-05 0.000546838 0.00363393 0.0165193 0.0513979 0.109509 0.159837 0.159858 0.109614 0.0517507 0.0175395 0.00619883 0.00616003 0.0107575 0.0178007 0.0258804 0.0330461 0.0373221 0.0377522 0.0349003 0.0303473 0.0256298 0.0214935 0.0179037 0.0145447
 1.02875e-16 6.50209e-05 0.000632026 0.00420004 0.0190928 0.0594047 0.126569 0.184734 0.184749 0.126642 0.0596497 0.0198007 0.00597851 0.00451963 0.0074636 0.0122763 0.0177735 0.0225523 0.0252265 0.0251562 0.0228096 0.0194034 0.0161251 0.0135549 0.0116298 0.00999298
 1.01822e-16 6.62219e-05 0.0006437 0.00427761 0.0194454 0.060502 0.128906 0.188146 0.188162 0.128983 0.0607583 0.0201857 0.00613596 0.00470118 0.00777416 0.0127528 0.0183772 0.0231364 0.0255368 0.0248887 0.0217099 0.0173617 0.0132239 0.0100519 0.00788743 0.00638601
 1.0472e-16 2.88715e-05 0.000280641 0.00186496 0.00847789 0.0263781 0.0562033 0.0820414 0.0820939 0.0564599 0.0272397 0.0109665 0.00811227 0.0139206 0.0259395 0.0428524 0.0617604 0.0777293 0.0857307 0.0834219 0.0725141 0.0575645 0.0432163 0.0320503 0.0242869 0.0188656
 1.05234e-16 6.51439e-05 0.000633222 0.00420798 0.0191289 0.0595171 0.126808 0.185081 0.18509 0.126848 0.0596533 0.0195241 0.00520726 0.00283864 0.00432402 0.00722918 0.0108364 0.0145228 0.0176737 0.0199696 0.0214877 0.0224741 0.023002 0.0228457 0.0216736 0.0193584
 1.04464e-16 5.50831e-05 0.000535427 0.0035581 0.0161746 0.0503254 0.107225 0.156503 0.156529 0.107354 0.0507587 0.0174258 0.006698 0.00738784 0.0130636 0.0214968 0.0309359 0.0388593 0.042749 0.0414764 0.035994 0.0287051 0.0220259 0.0172459 0.0143465 0.0125716
 1.07206e-16 3.89071e-05 0.000378191 0.00251321 0.0114247 0.0355468 0.0757375 0.110549 0.110585 0.0759158 0.0361458 0.0131564 0.00686545 0.00989706 0.0181694 0.0301127 0.0436925 0.055606 0.0624852 0.0627404 0.0574352 0.0494212 0.0414829 0.0349866 0.0298302 0.0252837
 1.05519e-16 6.38414e-05 0.000620561 0.00412384 0.0187464 0.0583271 0.124272 0.181382 0.181393 0.124329 0.0585168 0.0192957 0.00550761 0.00365783 0.00588083 0.00974908 0.0143386 0.0186658 0.0217638 0.0231806 0.0231979 0.022525 0.0217351 0.0209206 0.0197888 0.018018
 1.03642e-16 5.99488e-05 0.000582724 0.00387241 0.0176034 0.0547709 0.116696 0.170326 0.170347 0.1168 0.0551208 0.018614 0.00640922 0.00612068 0.010578 0.0173947 0.0250589 0.0315331 0.0347891 0.0339096 0.0296394 0.02388 0.0185408 0.0146385 0.0121656 0.0105497
 1.06955e-16 3.10723e-05 0.000302034 0.00200712 0.00912412 0.0283888 0.060487 0.0882922 0.0883384 0.0607127 0.029147 0.0113152 0.00751091 0.0123294 0.0229099 0.0379212 0.054846 0.069432 0.0773407 0.0765407 0.0684616 0.0569121 0.0456897 0.0367794 0.0301941 0.0249865
 1.14615e-16 3.81565e-05 0.000370895 0.00246473 0.0112043 0.0348609 0.0742757 0.108412 0.108435 0.0743861 0.0352327 0.0122826 0.00518762 0.00636931 0.01159 0.0195189 0.029095 0.0386478 0.0464522 0.0516612 0.0546365 0.0563211 0.0572272 0.0569638 0.0546472 0.049719
 1.04921e-16 7.13856e-05 0.000693894 0.00461117 0.0209617 0.0652197 0.138958 0.202814 0.202821 0.138991 0.065331 0.0212838 0.00542171 0.00247014 0.00346535 0.00567137 0.00829731 0.0107281 0.0123993 0.0130829 0.0130193 0.0127241 0.0126158 0.0127621 0.0129046 0.0126818
pSPR Fmed_Fpbrs
0.458709   0.6 0.325
Fs Fmed_Fpbrs
0.497826   0.308626 0.76897
SSBpbr Bo_Bmed_Bpbrs
1.33318e+06  544883  733249 366625
Ro
120165
SPR SPRFo_SPRFmed_SPRFpbrs
858930 393999 279152
Fref
0.308626
Nvult_r0
 133206 9998.65 3843.08 3740.59 1063.19
CTP_r0
 30009.2 3025.17 1184.13 1153.67 327.924
YTP_r0
391284
Np
 146857 50539.6 3129.81 1184.93 1423.8
Nvult_p0
 102679 36768.6 2283.78 864.766 1039.1
CTP_p0
 17200.7 8489.27 537.997 203.934 245.06
YTP_p0
 293122
CBA_c0
361836
log_Ro
11.5166
likeval ReclasPelacesDesembMPH_pf_preclas_ppelaces_ptallas_desvR_qrecl_qpela
 11.8699 16.6118 0.0199584 0.000826463 242.568 116.669 100.275 0 24.7019 1.32916e-05 4.51701e-05 0.0865934 3.49507e-16 0 0
q_reclas_q_pelaces
1.67635 2.60173
M
1
N
 158707 33044.8 65950.3 5046.16 0.193933
 88584.7 48948.4 9345.23 18521.2 1416.66
 88459.2 23490.4 11049.7 2082.4 4439.63
 120792 23550.9 5334.42 2477.3 1461.17
 98137.8 26923.9 4102.86 911.044 671.898
 204482 30488.2 7697.14 1165.12 449.351
 73255 57052.8 7425.01 1854.1 388.662
 29059.5 14097.7 7983.55 1012.65 305.45
 30241.7 9491.69 4343.12 2447.95 404.058
 41126.4 6836.86 1688.88 758.009 497.241
 75349.5 7266.17 842.153 202.072 149.948
 118611 23867.2 2138.29 246.363 102.946
 99139.6 25020.7 3829.91 335.645 54.7643
 69676.5 21751.5 4257.44 638.469 65.0108
 59760.2 10234.9 2034.23 383.933 63.3139
 324579 10877.7 1318.03 254.757 55.9259
 60565.6 70554.3 1825.42 216.616 51.0022
 538208 15661.4 15340.2 391.383 57.3355
 297597 144461 3600.01 3482.39 101.794
 233102 70783.3 27727.1 679.122 675.505
 318531 56248.4 13881.1 5347.35 261.006
 445529 83760.8 12539.7 3053.65 1232.87
 79550.3 107951 16527.2 2433.64 831.152
 246775 22660.3 27115.6 4109.5 811.341
 204554 72327.3 5939.13 7043.11 1277.53
 88707.2 60092.3 19022.5 1548.16 2167.89
 205408 27159.8 16810.2 5282.74 1031.57
 232583 60106.9 7101.51 4355.67 1635.29
 66162.7 70805.5 16671.7 1954.99 1648.59
 46842 20507.6 20173.2 4717.77 1019.36
 183746 13128.5 5028.01 4892.99 1390.72
pred_Ctot
 16450 4935.06 10083 772.46 0.029689
 16054.1 12435.4 2425.28 4812.06 368.09
 15860.8 5908.41 2839.23 535.686 1142.14
 31333.5 8318.88 1920.54 892.798 526.621
 9781.57 3871.92 604.098 134.309 99.0598
 31934.4 6735.12 1738.19 263.417 101.599
 23259.5 24117.9 3193.75 798.25 167.339
 2079.82 1469.86 852.877 108.321 32.6755
 7664.09 3282.98 1531.37 864.024 142.623
 14326.5 3132.07 786.538 353.325 231.786
 6700.77 935.774 111.075 26.6859 19.8037
 33448 9085.93 829.143 95.6231 39.9594
 26369.1 9039.48 1410.03 123.696 20.1835
 28451.1 11396.2 2263.54 339.717 34.5924
 20189.3 4566.5 922.954 174.35 28.7531
 87576.2 3980.72 491.469 95.0892 20.8757
 11704 19029.5 502.768 59.7284 14.0639
 94372.2 3857.85 3860.71 98.6126 14.4471
 68878.2 46012 1169.64 1132.62 33.1097
 52457.9 21973.5 8781.76 215.322 214.187
 59011.7 14586.7 3676.8 1417.99 69.2167
 99442 25806.9 3941.97 960.972 388.001
 11587.3 22325.5 3495.08 515.262 175.986
 32305.4 4233.82 5182.58 786.395 155.268
 26528.9 13393.5 1125.09 1335.84 242.32
 9547.28 9305.99 3015.41 245.717 344.101
 27061.7 5105.42 3232.4 1017.04 198.611
 25751.2 9565.37 1156.72 710.347 266.709
 6677.75 10306.5 2484.51 291.71 246.007
 7209.17 4468.11 4493.3 1052.06 227.331
 30009.2 3025.17 1184.13 1153.67 327.924
F
 0.176296 0.262999 0.269988 0.270366 0.270386
 0.327366 0.488366 0.501343 0.502045 0.502083
 0.323376 0.482414 0.495233 0.495926 0.495963
 0.501058 0.747482 0.767344 0.768419 0.768475
 0.169032 0.252164 0.258864 0.259227 0.259246
 0.276501 0.412486 0.423447 0.42404 0.424071
 0.647936 0.966594 0.992279 0.993669 0.993742
 0.118928 0.177418 0.182132 0.182388 0.182401
 0.486894 0.726352 0.745653 0.746697 0.746752
 0.733421 1.09412 1.1232 1.12477 1.12485
 0.149632 0.223223 0.229154 0.229475 0.229492
 0.556147 0.829663 0.851709 0.852902 0.852965
 0.516848 0.771036 0.791525 0.792633 0.792692
 0.918057 1.36956 1.40596 1.40792 1.40803
 0.703624 1.04967 1.07756 1.07907 1.07915
 0.526146 0.784908 0.805765 0.806893 0.806953
 0.352527 0.525902 0.539877 0.540633 0.540673
 0.315232 0.470265 0.482761 0.483437 0.483472
 0.436116 0.650601 0.667889 0.668825 0.668874
 0.4217 0.629095 0.645811 0.646716 0.646764
 0.335755 0.500881 0.51419 0.514911 0.514949
 0.417585 0.622955 0.639509 0.640404 0.640452
 0.255776 0.381569 0.391708 0.392256 0.392285
 0.227275 0.33905 0.348059 0.348547 0.348573
 0.224949 0.335581 0.344498 0.344981 0.345006
 0.183601 0.273897 0.281176 0.281569 0.28159
 0.228872 0.341433 0.350506 0.350997 0.351022
 0.189311 0.282415 0.289919 0.290325 0.290347
 0.171324 0.255582 0.262373 0.26274 0.26276
 0.271999 0.40577 0.416552 0.417135 0.417166
 0.290796 0.433811 0.445338 0.445962 0.445995
YTP_r0W_actual
 255078 49310.3 34221.3 40147.7 12526.7
YTP_p0W_proyectada
 129349 136847 12578.4 6016.05 8332.03
CTP_r0_actual
 30009.2 3025.17 1184.13 1153.67 327.924
CTP_p0_proyectada
 17200.7 8489.27 537.997 203.934 245.06
Wmedp
 7.52 16.12 23.38 29.5 34
Frms_r0
 0.290796 0.433811 0.445338 0.445962 0.445995
Zrms_r0
 1.2908 1.43381 1.44534 1.44596 1.44599
nmprior
 8.19 8.8 8.5 0
nm_flota  nm_reclas  nm_pelaces    nm_pelaL
inf 15.858 15.1593 34.2675
cv_recla  cv_pelaces  cv_mph
0.311636 0.462147 0.887191
 ------------------------------------------------
Talla a la edad & desviaci?n 
 8 13.2811 15.8009 17.003 17.5766
 0.8 1.32811 1.58009 1.7003 1.75766
