years
 1991 1992 1993 1994 1995 1996 1997 1998 1999 2000 2001 2002 2003 2004 2005 2006 2007 2008 2009 2010 2011 2012 2013 2014 2015 2016 2017 2018 2019 2020 2021
reclasobs
 0 0 0 0 0 0 0 0 0 252601 567819 844713 477998 351125 339783 2.1784e+06 2.13404e+06 4.81314e+06 1.55562e+06 2.62356e+06 3.21686e+06 3.843e+06 1.13348e+06 3.07943e+06 1.97215e+06 2.03268e+06 2.025e+06 2.42433e+06 2.27542e+06 1.05018e+06 2.36338e+06
reclaspred
 3.01016e+06 1.65357e+06 830572 734073 677451 1.21209e+06 667122 561865 417458 307226 446377 615170 604925 450567 447415 1.40322e+06 1.30418e+06 3.09935e+06 2.54687e+06 1.85363e+06 3.30402e+06 2.68171e+06 2.05237e+06 3.19177e+06 2.35457e+06 2.04897e+06 2.51507e+06 2.75981e+06 2.21949e+06 1.33321e+06 1.90994e+06
pelacesobs
 0 0 0 0 0 0 0 0 0 0 0 0 0 0 0 552880 188675 0 991730 2.46772e+06 1.41603e+06 1.21717e+06 2.29649e+06 1.80582e+06 0 1.4828e+06 1.56532e+06 1.57751e+06 1.42118e+06 867257 1.10002e+06
pelacespred
 1.2869e+06 777383 384806 275366 274093 506122 236541 270526 182134 125589 197692 228569 249222 191374 196956 526745 492603 1.36487e+06 1.14589e+06 771230 1.35034e+06 1.17006e+06 899869 1.54195e+06 1.09103e+06 948663 1.32988e+06 1.4351e+06 952447 651207 926338
mphobs
 0 0 0 0 0 0 0 0 0 0 0 498337 0 5186 125008 0 168611 109162 213762 579715 649985 157893 87575 83554 0 0 0 0 0 0 0
mphpred
 451424 298890 144894 78466.9 71914.7 78570.7 113304 58916.8 52649.8 35046.7 23909.7 52682.2 58148.2 47860.8 29923.4 38450.1 160466 144864 306059 227899 238128 298890 282985 224584 316901 256359 207360 230111 333185 219855 126047
desembarqueobs
 494567 514787 250237 358949 120608 361735 552515 73892 212993 205616 52469 317467 293654 387597 252695 516296 358380 742168 942051 627588 828172 859565 418607 520667 417249 300574 415391 372974 316634 284311 391294
desembarquepred
 494567 513971 250497 358984 120613 361723 552461 73895.8 213027 205643 52471.1 317506 293676 387559 252662 516208 358390 742019 941711 627368 828194 859501 418597 520676 417231 300560 415371 372941 316613 284304 391284
Reclutas
 173585 98558.4 98587.6 125194 101581 214851 79649.6 32679.1 36322.2 51882 98242.3 135594 111278 77236.8 73749.4 455064 82653 690598 392805 294643 446540 589261 110590 355195 289585 128505 307538 350434 91325 65752.5 274812
log_desv_Rt
 0.136003 -0.430016 -0.429719 -0.190797 -0.399808 0.349281 -0.643027 -1.53393 -1.42824 -1.07169 -0.433228 -0.110996 -0.30863 -0.673789 -0.719992 1.09977 -0.606014 1.51689 0.952648 0.665098 1.08086 1.3582 -0.314835 0.852002 0.647783 -0.164699 0.707934 0.838508 -0.50624 -0.834767 0.595422
SSB
 2.46399e+06 1.63142e+06 790869 428293 392529 428859 618443 321583 287376 191294 130505 287553 317388 261237 163330 209871 875865 790706 1.67055e+06 1.24393e+06 1.29976e+06 1.63142e+06 1.54461e+06 1.22584e+06 1.72973e+06 1.39927e+06 1.13182e+06 1.256e+06 1.81861e+06 1.20003e+06 687999
BT
 3.38927e+06 2.30057e+06 1.13381e+06 936166 729523 1.47823e+06 1.03589e+06 690300 630754 485965 500683 790933 840498 843446 707750 1.63088e+06 1.41587e+06 3.80494e+06 3.54652e+06 2.34632e+06 3.78592e+06 3.503e+06 2.44051e+06 4.04209e+06 2.90523e+06 2.45581e+06 3.49304e+06 3.68579e+06 2.45909e+06 1.78202e+06 2.51715e+06
Ftot
 0.173629 0.320728 0.316552 0.545116 0.201836 0.361217 0.842362 0.148649 0.571227 0.74378 0.150562 0.595548 0.554416 0.96145 0.68719 0.481653 0.297752 0.302077 0.416617 0.382185 0.293668 0.370698 0.219343 0.198543 0.198474 0.162191 0.199896 0.166238 0.149694 0.225926 0.254956
BD_Bspro_t
 0.972702 0.808907 0.621637 0.519396 0.472997 0.548854 0.554344 0.349613 0.402161 0.353979 0.331161 0.604663 0.492229 0.398692 0.284569 0.34159 0.570264 0.531956 0.64621 0.546275 0.512294 0.565672 0.581845 0.565739 0.675976 0.681328 0.68559 0.729185 0.780364 0.707084 0.624327
BD_Bspro
 2.27844 1.50857 0.731314 0.396041 0.36297 0.396565 0.571873 0.297367 0.265736 0.176889 0.120678 0.2659 0.293488 0.241565 0.151031 0.194067 0.80991 0.731164 1.54475 1.15026 1.20189 1.50857 1.42829 1.13353 1.59947 1.2939 1.04659 1.16142 1.68166 1.10966 0.636191
BD_Bo
 1.42564 0.943922 0.457588 0.247805 0.227113 0.248133 0.357825 0.186064 0.166273 0.110681 0.0755088 0.166375 0.183637 0.151149 0.0945008 0.121429 0.506766 0.457494 0.966562 0.719724 0.752029 0.943922 0.893692 0.709255 1.0008 0.809604 0.654861 0.72671 1.05223 0.694323 0.398069
BD_Brms
 7.77316 5.14665 2.49496 1.35114 1.23831 1.35292 1.95101 1.0145 0.906588 0.603476 0.411705 0.907146 1.00127 0.824125 0.515257 0.66208 2.7631 2.49445 5.2701 3.92423 4.10037 5.14665 4.87278 3.86715 5.45678 4.4143 3.57057 3.96232 5.73718 3.78573 2.17043
Sel_flota
 0.707863 0.978741 0.998858 0.99994 0.999997
 0.707863 0.978741 0.998858 0.99994 0.999997
 0.707863 0.978741 0.998858 0.99994 0.999997
 0.707863 0.978741 0.998858 0.99994 0.999997
 0.707863 0.978741 0.998858 0.99994 0.999997
 0.707863 0.978741 0.998858 0.99994 0.999997
 0.707863 0.978741 0.998858 0.99994 0.999997
 0.707863 0.978741 0.998858 0.99994 0.999997
 0.707863 0.978741 0.998858 0.99994 0.999997
 0.707863 0.978741 0.998858 0.99994 0.999997
 0.707863 0.978741 0.998858 0.99994 0.999997
 0.707863 0.978741 0.998858 0.99994 0.999997
 0.707863 0.978741 0.998858 0.99994 0.999997
 0.707863 0.978741 0.998858 0.99994 0.999997
 0.707863 0.978741 0.998858 0.99994 0.999997
 0.707863 0.978741 0.998858 0.99994 0.999997
 0.707863 0.978741 0.998858 0.99994 0.999997
 0.707863 0.978741 0.998858 0.99994 0.999997
 0.707863 0.978741 0.998858 0.99994 0.999997
 0.707863 0.978741 0.998858 0.99994 0.999997
 0.707863 0.978741 0.998858 0.99994 0.999997
 0.707863 0.978741 0.998858 0.99994 0.999997
 0.707863 0.978741 0.998858 0.99994 0.999997
 0.707863 0.978741 0.998858 0.99994 0.999997
 0.707863 0.978741 0.998858 0.99994 0.999997
 0.707863 0.978741 0.998858 0.99994 0.999997
 0.707863 0.978741 0.998858 0.99994 0.999997
 0.707863 0.978741 0.998858 0.99994 0.999997
 0.707863 0.978741 0.998858 0.99994 0.999997
 0.707863 0.978741 0.998858 0.99994 0.999997
 0.707863 0.978741 0.998858 0.99994 0.999997
Sel_reclas
 1 1 1 1 1
 1 1 1 1 1
 1 1 1 1 1
 1 1 1 1 1
 1 1 1 1 1
 1 1 1 1 1
 1 1 1 1 1
 1 1 1 1 1
 1 1 1 1 1
 1 1 1 1 1
 1 1 1 1 1
 1 1 1 1 1
 1 1 1 1 1
 1 1 1 1 1
 1 1 1 1 1
 1 1 1 1 1
 1 1 1 1 1
 1 1 1 1 1
 1 1 1 1 1
 1 1 1 1 1
 1 1 1 1 1
 1 1 1 1 1
 1 1 1 1 1
 1 1 1 1 1
 1 1 1 1 1
 1 1 1 1 1
 1 1 1 1 1
 1 1 1 1 1
 1 1 1 1 1
 1 1 1 1 1
 1 1 1 1 1
Sel_pelaces
 1 1 1 1 1
 1 1 1 1 1
 1 1 1 1 1
 1 1 1 1 1
 1 1 1 1 1
 1 1 1 1 1
 1 1 1 1 1
 1 1 1 1 1
 1 1 1 1 1
 1 1 1 1 1
 1 1 1 1 1
 1 1 1 1 1
 1 1 1 1 1
 1 1 1 1 1
 1 1 1 1 1
 1 1 1 1 1
 1 1 1 1 1
 1 1 1 1 1
 1 1 1 1 1
 1 1 1 1 1
 1 1 1 1 1
 1 1 1 1 1
 1 1 1 1 1
 1 1 1 1 1
 1 1 1 1 1
 1 1 1 1 1
 1 1 1 1 1
 1 1 1 1 1
 1 1 1 1 1
 1 1 1 1 1
 1 1 1 1 1
pf_obs 
 0.8446 0.082 0.0669 0.0065 0
 0.8095 0.147 0.0364 0.0071 0
 0.9664 0.0169 0.016 0.0007 0
 0.9276 0.0648 0.0075 0.0001 0
 0.7033 0.2144 0.0806 0.0017 0
 0.9318 0.0425 0.0243 0.0014 0
 0.5671 0.3108 0.0964 0.0239 0.0018
 0.0768 0.2599 0.5324 0.112 0.0189
 0.490249 0.384438 0.106611 0.0170017 0.00170017
 0.7925 0.1577 0.0466 0.003 0.0002
 0.840416 0.127587 0.0312969 0.00059994 9.999e-05
 0.8084 0.0986 0.0794 0.0134 0.0002
 0.7335 0.1905 0.0724 0.0035 0.0001
 0.4001 0.4547 0.1325 0.0127 0
 0.49795 0.308269 0.164784 0.0264974 0.00249975
 0.9179 0.0499 0.0305 0.0017 0
 0.2467 0.6533 0.0926 0.0074 0
 0.9418 0.0223 0.034 0.0019 0
 0.707729 0.231977 0.0356964 0.0245975 0
 0.517169 0.277429 0.184464 0.0207286 0.00020938
 0.811772 0.124168 0.05621 0.00726502 0.000585176
 0.764997 0.148141 0.077277 0.00933861 0.000247198
 0.163321 0.427699 0.378323 0.0303852 0.000271297
 0.753843 0.0900009 0.118128 0.0371064 0.000921714
 0.721811 0.176058 0.0630433 0.0369309 0.00215725
 0.143369 0.312575 0.442814 0.0836902 0.0175525
 0.692698 0.0596174 0.167031 0.0765114 0.00414204
 0.394062 0.376323 0.152708 0.0712218 0.00568511
 0.125707 0.32114 0.495352 0.0537591 0.00404204
 0.23352 0.215282 0.420074 0.123614 0.00750983
 0.796117 0.104755 0.0508955 0.0450114 0.00322123
pf_pred 
 0.44267 0.145563 0.384682 0.0270843 8.67132e-07
 0.409085 0.313115 0.073717 0.190673 0.0134098
 0.561017 0.219727 0.117502 0.0270262 0.0747279
 0.682188 0.206406 0.0564294 0.0294801 0.025496
 0.646704 0.269596 0.0548707 0.0146133 0.0142166
 0.782322 0.156921 0.0466058 0.00928071 0.00487041
 0.461959 0.451716 0.0626507 0.0181657 0.00550854
 0.461194 0.309831 0.193175 0.0259939 0.00980642
 0.584448 0.226975 0.109425 0.066789 0.0123635
 0.755323 0.166619 0.0431633 0.02026 0.014634
 0.841349 0.131292 0.0188059 0.00473307 0.00382027
 0.738766 0.230212 0.025768 0.00361315 0.00164143
 0.678457 0.260487 0.053978 0.0058809 0.00119747
 0.627685 0.283112 0.0726292 0.0146554 0.00191907
 0.744274 0.187264 0.0524612 0.0130323 0.00296891
 0.944337 0.0455071 0.00749327 0.00204079 0.000621516
 0.332737 0.641674 0.0210182 0.00337413 0.00119716
 0.897016 0.0428129 0.057915 0.00185386 0.000402698
 0.572808 0.395793 0.0132302 0.0174881 0.000680546
 0.577123 0.279789 0.132815 0.00433186 0.00594102
 0.728454 0.180716 0.0605855 0.0280752 0.00216866
 0.725121 0.218243 0.0379854 0.0124452 0.00620494
 0.280298 0.57051 0.119042 0.0202298 0.00991959
 0.727873 0.0965699 0.139802 0.0285363 0.00721869
 0.598811 0.317626 0.030076 0.0426041 0.0108835
 0.409142 0.400284 0.15158 0.0140448 0.0249482
 0.726601 0.134698 0.094615 0.0350742 0.009012
 0.674993 0.256805 0.0339782 0.0233539 0.0108691
 0.303599 0.518142 0.141496 0.0183266 0.0184372
 0.379172 0.235075 0.288575 0.0771555 0.0200236
 0.821982 0.0829232 0.0365099 0.0438396 0.0147457
pobs_RECLAS
 0 0 0 0 0
 0 0 0 0 0
 0 0 0 0 0
 0 0 0 0 0
 0 0 0 0 0
 0 0 0 0 0
 0 0 0 0 0
 0 0 0 0 0
 0 0 0 0 0
 0 0 0 0 0
 0.991045 0.00858322 0.000360255 1.14367e-05 0
 0.934742 0.0480273 0.0164251 0.00080598 0
 0.827803 0.169806 0.00239088 0 0
 0.941827 0.0461693 0.0120037 0 0
 0.791401 0.0380133 0.147996 0.0225897 0
 0.846168 0.0940531 0.0597789 0 0
 0.134021 0.677848 0.182769 0.00536245 0
 0.80878 0.0450904 0.141981 0.00414843 0
 0.846168 0.0940531 0.0597789 0 0
 0.905697 0.0802665 0.012482 0.00150086 5.37128e-05
 0.989698 0.0102097 9.19794e-05 0 0
 0.975433 0.0193895 0.00387452 0.00125025 5.28907e-05
 0.303575 0.632131 0.0575291 0.00676475 0
 0.966965 0.00978017 0.0227588 0.000495775 0
 0.843318 0.132988 0.00938335 0.0141283 0.000182051
 0.564624 0.303363 0.111486 0.0197234 0.00080311
 0.826376 0.0876187 0.0782897 0.00655872 0.00115652
 0.89761 0.0855135 0.0140674 0.00269457 0.000114338
 0.34875 0.467042 0.161289 0.0227151 0.000203297
 0.318654 0.224769 0.449479 0.00709798 0
 0.937255 0.0296025 0.0250945 0.00804832 0
ppred_RECLAS
 0.528313 0.125093 0.32382 0.0227741 7.29095e-07
 0.493861 0.270948 0.0624618 0.16138 0.011349
 0.643098 0.180566 0.0945517 0.0217231 0.0600612
 0.752682 0.161874 0.0433046 0.0225973 0.0195422
 0.718852 0.215608 0.0429817 0.0114344 0.0111233
 0.834732 0.119848 0.0348504 0.00693202 0.00363762
 0.551385 0.378025 0.0512482 0.0148415 0.00450023
 0.545118 0.26388 0.161167 0.021663 0.00817209
 0.666759 0.183855 0.0867265 0.0528733 0.00978693
 0.815277 0.126709 0.0320971 0.0150478 0.0108685
 0.880761 0.0990312 0.0138953 0.00349334 0.00281947
 0.799896 0.176799 0.0193614 0.00271166 0.00123181
 0.748863 0.204289 0.0414226 0.00450778 0.000917817
 0.708725 0.222729 0.0558224 0.01125 0.00147306
 0.805624 0.14319 0.0392336 0.00973482 0.00221757
 0.959842 0.0329612 0.00531202 0.00144507 0.000440065
 0.410278 0.567562 0.0182048 0.00291923 0.0010357
 0.924776 0.0316571 0.0419347 0.00134083 0.00029124
 0.652777 0.322217 0.0105437 0.0139213 0.000541711
 0.657737 0.228077 0.105996 0.00345325 0.00473574
 0.790172 0.140636 0.0461703 0.0213714 0.00165073
 0.787363 0.16957 0.0288956 0.00945645 0.00471451
 0.352307 0.515651 0.105382 0.0178887 0.00877112
 0.790255 0.0754419 0.106974 0.0218115 0.00551721
 0.675698 0.257893 0.0239188 0.0338447 0.00864533
 0.491818 0.346586 0.128562 0.011899 0.0211353
 0.788726 0.105204 0.0723813 0.0268024 0.00688625
 0.743355 0.203687 0.0263989 0.0181245 0.00843482
 0.378204 0.465091 0.124415 0.0160966 0.0161929
 0.462552 0.206175 0.247888 0.066204 0.0171804
 0.866705 0.0628062 0.0270816 0.0324824 0.010925
pobs_PELACES
 0 0 0 0 0
 0 0 0 0 0
 0 0 0 0 0
 0 0 0 0 0
 0 0 0 0 0
 0 0 0 0 0
 0 0 0 0 0
 0 0 0 0 0
 0 0 0 0 0
 0 0 0 0 0
 0 0 0 0 0
 0 0 0 0 0
 0 0 0 0 0
 0 0 0 0 0
 0 0 0 0 0
 0 0 0 0 0
 0.505614 0.472636 0.0217494 0 0
 0 0 0 0 0
 0.443492 0.261883 0.143347 0.151278 0
 0.227955 0.32914 0.350689 0.0885471 0.00366901
 0.970185 0.0296113 0.000203453 0 0
 0.997202 0.00247181 0.000326279 0 0
 0.445219 0.490057 0.0546422 0.010081 0
 0.90214 0.0892962 0.00764917 0.000914606 0
 0 0 0 0 0
 0.581667 0.319106 0.0959925 0.00289975 0.000334073
 0.762889 0.0836404 0.116647 0.0363945 0.000428098
 0.88444 0.0763242 0.0277011 0.0115352 0
 0.521256 0.241999 0.230069 0.00667565 0
 0.616807 0.101726 0.260614 0.0208532 0
 0.833518 0.0704572 0.0857862 0.0102388 0
ppred_PELACES
 0.53239 0.124117 0.320923 0.022569 7.22526e-07
 0.501285 0.267248 0.0614778 0.15882 0.0111689
 0.649808 0.17736 0.0926778 0.0212902 0.0588639
 0.761874 0.156058 0.0415979 0.0217025 0.0187682
 0.722548 0.212842 0.0423734 0.0112718 0.0109651
 0.839228 0.116665 0.0338436 0.00673089 0.00353206
 0.570149 0.362537 0.0488744 0.0141498 0.00429042
 0.548515 0.262019 0.159872 0.0214879 0.00810601
 0.678385 0.177749 0.0835288 0.0509135 0.00942406
 0.82531 0.120018 0.0302523 0.0141792 0.0102409
 0.882185 0.0978653 0.013718 0.00344858 0.00278333
 0.808353 0.169405 0.0184785 0.00258746 0.00117538
 0.758195 0.196834 0.0397644 0.00432646 0.000880891
 0.726444 0.209497 0.0521719 0.0105107 0.00137623
 0.815246 0.136267 0.0371669 0.00921974 0.00210021
 0.96149 0.0316264 0.00508063 0.00138189 0.00042082
 0.416751 0.561375 0.0179708 0.00288139 0.00102227
 0.926712 0.0308783 0.040821 0.00130508 0.000283474
 0.661215 0.314451 0.0102612 0.0135462 0.000527112
 0.665575 0.223044 0.103394 0.00336802 0.00461883
 0.794598 0.13776 0.0451379 0.0208913 0.00161364
 0.792942 0.165205 0.0280826 0.00918918 0.00458123
 0.356863 0.512178 0.10452 0.0177409 0.00869864
 0.793322 0.0744024 0.105361 0.0214811 0.00543362
 0.679635 0.254834 0.023604 0.0333969 0.0085309
 0.495528 0.344174 0.127531 0.0118028 0.0209644
 0.7918 0.103744 0.0712818 0.0263934 0.00678114
 0.746224 0.201457 0.0260811 0.0179053 0.00833275
 0.381416 0.462806 0.123681 0.0160008 0.0160964
 0.46781 0.204349 0.245325 0.0655142 0.0170013
 0.869421 0.0615834 0.0265094 0.0317932 0.0106931
pobs_pel_tallas
 0 0 0 0 0 0 0 0 0 0 0 0 0 0 0 0 0 0 0 0 0 0 0 0 0 0
 0 0 0 0 0 0 0 0 0 0 0 0 0 0 0 0 0 0 0 0 0 0 0 0 0 0
 0 0 0 0 0 0 0 0 0 0 0 0 0 0 0 0 0 0 0 0 0 0 0 0 0 0
 0 0 0 0 0 0 0 0 0 0 0 0 0 0 0 0 0 0 0 0 0 0 0 0 0 0
 0 0 0 0 0 0 0 0 0 0 0 0 0 0 0 0 0 0 0 0 0 0 0 0 0 0
 0 0 0 0 0 0 0 0 0 0 0 0 0 0 0 0 0 0 0 0 0 0 0 0 0 0
 0 0 0 0 0 0 0 0 0 0 0 0 0 0 0 0 0 0 0 0 0 0 0 0 0 0
 0 0 0 0 0 0 0 0 0 0 0 0 0 0 0 0 0 0 0 0 0 0 0 0 0 0
 0 0 0 0 0 0 0 0 0 0 0 0 0 0 0 0 0 0 0 0 0 0 0 0 0 0
 0 0 0 0 0 0 0 0 0 0 0 0 0 0 0 0 0 0 0 0 0 0 0 0 0 0
 0 0 0 0 0 0 0 0 0 0 0 0 0 0 0 0 0 0 0 0 0 0 0 0 0 0
 0 0 0 0 0 0 0 0 0 0 0 0 0 0 0 0 0 0 0 0 0 0 0 0 0 0
 0.00862536 0 0 0.000197151 0.00414017 0.0128641 0.00837892 0.0270097 0.101434 0.158115 0.152841 0.127902 0.109271 0.109419 0.0830992 0.0579132 0.0238553 0.00714673 0.00463305 0.00128148 0.00103504 0.000492878 0.000147863 0.000147863 4.92878e-05 0
 0 0 0 0 0 0 0 0 0 0 0 0 0 0 0 0 0 0 0 0 0 0 0 0 0 0
 0 0 0 0 0 0 0 0.0054083 0.00873648 0.0413646 0.0450493 0.0745869 0.0622846 0.0627006 0.0613931 0.0827291 0.12552 0.122667 0.0946155 0.0697135 0.0546179 0.0294188 0.0215738 0.0213955 0.0102223 0.00600262
 0 0 0 0 0.00359764 0.0251062 0.0480494 0.140153 0.205849 0.193036 0.1447 0.116669 0.0760912 0.0342217 0.00950174 0.001854 0.000860785 0 0 0 0.000165536 0 0.000143464 0 0 0
 0 0 0 0 0 0 0 0.000145254 0.000435761 0.0275982 0.070085 0.0708112 0.156366 0.174668 0.174014 0.160142 0.0824315 0.0480064 0.0283245 0.00493863 0.00203355 0 0 0 0 0
 0 0 0 0 0 0 0 0 0 0 0 0 0 0 0 0 0 0 0 0 0 0 0 0 0 0
 0 0 1.00437e-05 0.000401748 0.00122533 0.00171747 0.00176769 0.0269171 0.070346 0.194647 0.189555 0.159765 0.064822 0.0314167 0.0384472 0.0292271 0.0345202 0.0313363 0.0194345 0.0106764 0.0143323 0.0359363 0.0279516 0.0138201 0.00172751 0
 0 0.0021121 0.0136068 0.0755702 0.200478 0.177729 0.0527432 0.0373336 0.0318909 0.0142505 0.0149659 0.0166563 0.0217959 0.0798694 0.0677717 0.0528807 0.04013 0.0224614 0.0357745 0.0225083 0.00881397 0.00855152 0.00135912 0.000746735 0 0
 0 0 0 0 5.4009e-05 0.00500934 0.000945158 0.0243581 0.138947 0.33067 0.221406 0.137944 0.0707744 0.0437923 0.0131692 0.00525238 0.0047753 0.00276346 9.45158e-05 9.00151e-06 2.25038e-05 9.00151e-06 4.50075e-06 0 0 0
 0.000866109 0.00284123 0.00948549 0.0512746 0.133035 0.25785 0.225252 0.132002 0.0553304 0.0519788 0.0540692 0.017754 0.00435017 0.00159236 0.00146478 0.000404838 0.000125132 0.000115318 0.000107957 0.000100596 0 0 0 0 0 0
 0 0 0 0 0.00144013 0.00171154 0.00461396 0.0210425 0.0478622 0.0707936 0.0888783 0.103762 0.0637923 0.0337046 0.0602308 0.124433 0.169614 0.0934646 0.0462172 0.0250306 0.0313229 0.00938855 0.002487 0.000210481 0 0
 0 0.00764035 0.051015 0.0998891 0.058973 0.0496711 0.0374665 0.0718981 0.12319 0.153886 0.159021 0.0857701 0.0377988 0.023471 0.0147837 0.00900784 0.00315554 0.000888139 0.00291439 0.00214683 0.00393193 0.00274676 0.000635225 9.99891e-05 0 0
 0 0 0 0 0 0 0 0 0 0 0 0 0 0 0 0 0 0 0 0 0 0 0 0 0 0
 0 0 0 0 0 0 0 0 0 0 0 0 0 0 0 0 0 0 0 0 0 0 0 0 0 0
 0 0 0 0 0 0 0 0 0 0 0 0 0 0 0 0 0 0 0 0 0 0 0 0 0 0
 0 0 0 0 0 0 0 0 0 0 0 0 0 0 0 0 0 0 0 0 0 0 0 0 0 0
 0 0 0 0 0 0 0 0 0 0 0 0 0 0 0 0 0 0 0 0 0 0 0 0 0 0
 0 0 0 0 0 0 0 0 0 0 0 0 0 0 0 0 0 0 0 0 0 0 0 0 0 0
 0 0 0 0 0 0 0 0 0 0 0 0 0 0 0 0 0 0 0 0 0 0 0 0 0 0
ppred_pel_tallas
 1.11557e-16 4.38523e-05 0.00042626 0.00283265 0.0128768 0.0400646 0.0853624 0.124591 0.124604 0.0854233 0.0402708 0.0134783 0.00436535 0.00384739 0.0067612 0.0116807 0.0181524 0.0255902 0.0333227 0.0408772 0.0479656 0.0541118 0.0583371 0.0593653 0.0563129 0.0493358
 1.1966e-16 4.12902e-05 0.000401356 0.00266715 0.0121245 0.037724 0.0803758 0.117316 0.117342 0.0805022 0.0381485 0.0133521 0.00575396 0.00715824 0.0129306 0.0214691 0.031318 0.0402785 0.0462078 0.0483005 0.047625 0.0463506 0.0462433 0.0475927 0.0492506 0.0495257
 1.14817e-16 5.35239e-05 0.000520271 0.00345739 0.0157168 0.0489008 0.104189 0.152071 0.152088 0.104273 0.0491839 0.0165358 0.00551941 0.00504229 0.00870311 0.0144672 0.021228 0.0275426 0.0319932 0.033988 0.0341043 0.0336099 0.0335467 0.0341094 0.0347008 0.0344559
 1.06593e-16 6.27546e-05 0.000609997 0.00405364 0.0184273 0.0573342 0.122157 0.178295 0.17831 0.122231 0.0575818 0.019143 0.00585225 0.00454334 0.00755386 0.0124452 0.0180587 0.023009 0.0259392 0.0262567 0.024486 0.021883 0.0196223 0.0181936 0.0173678 0.0165832
 1.04264e-16 5.95154e-05 0.000578511 0.00384441 0.0174761 0.0543748 0.115852 0.169094 0.169114 0.115952 0.0547119 0.0184499 0.00628985 0.00592071 0.0102166 0.0168259 0.0243042 0.0307175 0.0341368 0.033681 0.0300329 0.0249492 0.0201741 0.0166056 0.0142019 0.012436
 1.0228e-16 6.91261e-05 0.000671931 0.00446522 0.0202982 0.0631554 0.13456 0.196396 0.196407 0.134615 0.0633405 0.0208332 0.00580934 0.00361074 0.0056639 0.00928937 0.0134574 0.017096 0.0191581 0.019157 0.0174366 0.0149019 0.0124376 0.0104785 0.00898558 0.00770652
 1.03649e-16 4.69625e-05 0.000456492 0.00303355 0.0137901 0.0429063 0.0914177 0.133434 0.133469 0.0915885 0.0434795 0.0154458 0.00718936 0.00952828 0.0172749 0.0284819 0.0410188 0.0515707 0.0567877 0.0551241 0.0477531 0.0377579 0.0282765 0.0210468 0.0161901 0.0129317
 1.08208e-16 4.51805e-05 0.00043917 0.00291844 0.0132668 0.0412782 0.0879484 0.128369 0.128394 0.0880729 0.0416966 0.0144779 0.0059677 0.00712691 0.0128378 0.0213906 0.0313656 0.0406032 0.0468938 0.0491646 0.0480017 0.0450167 0.0416267 0.0382822 0.0346256 0.0301905
 1.09157e-16 5.58777e-05 0.000543151 0.00360943 0.016408 0.0510514 0.108771 0.158758 0.158775 0.108855 0.0513347 0.0172278 0.0056727 0.00506552 0.00869898 0.0144371 0.0211361 0.0273178 0.0315194 0.0330969 0.032576 0.031185 0.0299567 0.02913 0.0282287 0.0265894
 1.04059e-16 6.79797e-05 0.000660787 0.00439116 0.0199616 0.062108 0.132328 0.193139 0.193151 0.132385 0.0622983 0.0205117 0.00577332 0.00368257 0.00582044 0.00955112 0.0138398 0.0175945 0.0197561 0.019854 0.018281 0.0160038 0.0139438 0.0125146 0.0115907 0.0107924
 1.01238e-16 7.26644e-05 0.000706324 0.00469377 0.0213372 0.066388 0.141447 0.206448 0.206458 0.141493 0.0665428 0.0217842 0.00581586 0.00315592 0.00472516 0.0076974 0.0110834 0.0139425 0.0153696 0.0149503 0.0130034 0.0103615 0.00786916 0.00598952 0.00474619 0.00391937
 1.01036e-16 6.6583e-05 0.000647211 0.00430094 0.0195515 0.060832 0.12961 0.189172 0.189189 0.129689 0.0610997 0.0203245 0.00624089 0.00488052 0.00810164 0.0132756 0.0190875 0.0239385 0.0262453 0.0252748 0.0215769 0.0166123 0.0118864 0.00826159 0.00584165 0.00429396
 1.01781e-16 6.24515e-05 0.000607051 0.00403407 0.0183383 0.0570574 0.121567 0.177435 0.177454 0.12166 0.057369 0.0192386 0.00629472 0.00554475 0.00944774 0.01554 0.022425 0.0282914 0.0313288 0.0306887 0.0269677 0.0217703 0.0167217 0.0127109 0.00980378 0.00764066
 1.02847e-16 5.98363e-05 0.00058163 0.00386514 0.0175704 0.054668 0.116477 0.170006 0.170026 0.116576 0.0550001 0.0185299 0.00627531 0.0058488 0.0100799 0.0166132 0.024028 0.0304278 0.0339123 0.0335924 0.0300911 0.0250675 0.0201714 0.0162575 0.0133225 0.0109536
 1.02388e-16 6.71507e-05 0.000652729 0.00433762 0.0197182 0.0613506 0.130715 0.190784 0.190798 0.130779 0.0615667 0.0203427 0.00590675 0.00408294 0.00659578 0.0108346 0.0156873 0.0199079 0.0222698 0.0222028 0.0201112 0.0170605 0.0140962 0.0117386 0.00995123 0.00844315
 1.00365e-16 7.91967e-05 0.00076982 0.00511572 0.0232553 0.072356 0.154162 0.225005 0.225008 0.154177 0.0724061 0.0233999 0.00547857 0.0015621 0.0015844 0.00249539 0.00359027 0.00452158 0.00499408 0.00487319 0.00425969 0.00341852 0.00261766 0.00200299 0.00158153 0.00128564
 1.01125e-16 3.43273e-05 0.000333674 0.00221738 0.0100799 0.0313627 0.0668236 0.0975423 0.0975963 0.0670874 0.0322483 0.0126365 0.00862987 0.0143157 0.0265403 0.0436949 0.0626418 0.0781434 0.084885 0.0804162 0.0666443 0.0486218 0.0316378 0.0188429 0.0107565 0.00626697
 1.01365e-16 7.63321e-05 0.000741975 0.00493068 0.0224142 0.0697388 0.148586 0.216866 0.216869 0.148601 0.0697888 0.0225593 0.00529771 0.00155208 0.00164083 0.00265924 0.00397958 0.00532797 0.00646856 0.0072722 0.00775261 0.00798781 0.00800289 0.0077313 0.00708662 0.00606782
 1.01825e-16 5.44635e-05 0.000529404 0.00351808 0.0159927 0.0497594 0.106019 0.154744 0.154774 0.106167 0.0502555 0.0174251 0.00711117 0.00836495 0.0149116 0.0245035 0.0351487 0.0439013 0.0478046 0.045511 0.0381079 0.0284252 0.0193938 0.0127116 0.00857948 0.00628745
 1.04161e-16 5.48226e-05 0.000532895 0.00354128 0.0160981 0.0500874 0.106717 0.155762 0.155783 0.106823 0.0504424 0.0171249 0.00612379 0.00618782 0.0108449 0.0179728 0.0261876 0.0335566 0.0381183 0.0389202 0.0365081 0.0324131 0.0280954 0.0242191 0.020693 0.0171924
 1.03707e-16 6.545e-05 0.000636197 0.00422775 0.0192188 0.0597968 0.127404 0.185952 0.185966 0.127469 0.0600156 0.0198513 0.00581782 0.00411489 0.00669458 0.0110232 0.0160136 0.0204364 0.0230838 0.0234028 0.0218025 0.0193215 0.0169375 0.0150699 0.0135781 0.0121005
 1.0255e-16 6.53136e-05 0.000634871 0.00421894 0.0191787 0.0596722 0.127138 0.185566 0.185582 0.127216 0.0599336 0.019934 0.00611519 0.00477598 0.00793482 0.0130273 0.0187907 0.0236963 0.0262329 0.0257082 0.0226543 0.0184518 0.0144853 0.0114896 0.00946692 0.00803125
 1.06399e-16 2.93944e-05 0.000285724 0.00189874 0.00863143 0.0268558 0.057221 0.0835261 0.0835755 0.0574625 0.0276668 0.0109744 0.00778248 0.013138 0.0244618 0.0404551 0.0584169 0.0737573 0.0817983 0.0803602 0.07102 0.0579596 0.0453839 0.035545 0.0285208 0.023273
 1.06134e-16 6.53449e-05 0.000635176 0.00422096 0.0191879 0.0597007 0.127199 0.185652 0.185659 0.127235 0.0598216 0.019539 0.00510979 0.00260033 0.00387055 0.00648653 0.0097851 0.013243 0.0163514 0.0188496 0.0207962 0.0223538 0.0234898 0.023887 0.0231499 0.0211112
 1.0554e-16 5.59807e-05 0.000544152 0.00361608 0.0164382 0.0511455 0.108972 0.159053 0.159077 0.109092 0.0515483 0.0176015 0.00653593 0.00691751 0.0121587 0.0200104 0.0288216 0.0362613 0.0400105 0.039044 0.034264 0.0279034 0.0221789 0.0182286 0.0159536 0.0145686
 1.085e-16 4.08161e-05 0.000396747 0.00263652 0.0119853 0.0372908 0.0794532 0.115971 0.116005 0.079616 0.0378377 0.0135664 0.00661151 0.00909428 0.016618 0.0275626 0.0400614 0.0511326 0.0577407 0.0584591 0.0542504 0.0476643 0.0411478 0.0358338 0.0315266 0.0274975
 1.05879e-16 6.52195e-05 0.000633957 0.00421287 0.0191511 0.0595862 0.126955 0.185297 0.185307 0.127004 0.0597523 0.019632 0.00542489 0.00329573 0.00516747 0.00856367 0.0126226 0.0164932 0.0193488 0.0208108 0.0211309 0.0209148 0.0206251 0.0202838 0.0195704 0.0181509
 1.04011e-16 6.14655e-05 0.000597466 0.00397038 0.0180488 0.0561565 0.119648 0.174634 0.174653 0.119743 0.0564751 0.018969 0.00628058 0.00564132 0.00964286 0.0158511 0.022847 0.0287778 0.031807 0.0311102 0.0273732 0.0223262 0.0176944 0.0143759 0.0123269 0.0109884
 1.08017e-16 3.14168e-05 0.000305383 0.00202938 0.00922528 0.0287035 0.0611575 0.0892705 0.0893152 0.061376 0.0294373 0.0113459 0.00735681 0.01195 0.0221901 0.0367484 0.053199 0.0674522 0.0753371 0.0749051 0.0675329 0.0568673 0.0465146 0.0383138 0.0322053 0.02723
 1.1658e-16 3.85329e-05 0.000374554 0.00248904 0.0113148 0.0352048 0.0750082 0.109481 0.109501 0.0751064 0.0355354 0.0122744 0.00491526 0.00572916 0.0103792 0.0175475 0.0263295 0.0353319 0.0431168 0.0489839 0.0532132 0.0564778 0.0589615 0.0600088 0.0585867 0.0540909
 1.05779e-16 7.16131e-05 0.000696104 0.00462586 0.0210285 0.0654275 0.1394 0.20346 0.203466 0.13943 0.0655257 0.0213128 0.00534156 0.00226574 0.0030746 0.00502912 0.007383 0.00960448 0.0112188 0.0120494 0.0123258 0.0125004 0.0129106 0.0135525 0.0141127 0.0141871
pSPR Fmed_Fpbrs
0.580635   0.233405 0.233405
Fs Fmed_Fpbrs
0.317813   1.005 1.005
SSBpbr Bo_Bmed_Bpbrs
1.72834e+06  917119  316987 316987
Ro
151512
SPR SPRFo_SPRFmed_SPRFpbrs
1.08143e+06 627919 252412
Fref
1.005
Nvult_r0
 190408 14705.3 6370.18 7642.44 2570.46
CTP_r0
 29110.2 2936.69 1292.98 1552.56 522.211
YTP_r0
391284
Np
 215422 38907.8 11611.3 796.59 388.318
Nvult_p0
 176514 33555.3 10045.9 689.314 336.026
CTP_p0
 73374 36096 2561 1102.24 1698.79
 73374 16639.2 5032.62 345.506 168.432
YTP_p0
 1.26427e+06 942558
CBA_c0
1.16776e+06
log_Ro
11.7484
likeval ReclasPelacesDesembMPH_pf_preclas_ppelaces_ptallas_desvR_qrecl_qpela
 11.476 20.6124 0.0203046 0.00084419 240.181 117.614 98.974 0 27.7126 1.21592e-07 0 0.0991515 0 0 0
q_reclas_q_pelaces
1.05065 1
M
1
N
 173585 42079.2 109118 7674.92 0.245708
 98558.4 56472.9 13060.8 33750.6 2373.51
 98587.6 28893.5 15178.1 3487.74 9643.17
 125194 28987.7 7797.44 4070.08 3519.87
 101581 31311.9 6254.76 1664.13 1618.87
 214851 32394.4 9454.16 1880.88 987.012
 79649.6 61206.5 8368.27 2424.56 735.19
 32679.1 16141 9872.95 1327.17 500.659
 36322.2 10821.3 5133.93 3130.9 579.543
 51882 8918.05 2276.02 1067.48 771.015
 98242.3 11273.8 1584.25 398.319 321.484
 135594 32487.6 3579.12 501.435 227.789
 111278 32723.8 6672.35 726.329 147.888
 77236.8 27648.8 6996.93 1410.85 184.738
 73749.4 14386.7 3969.24 985.231 224.437
 455064 16680.4 2701.27 735.04 223.843
 82653 119044 3829.84 614.232 217.922
 690598 24628 32722.8 1046.46 227.302
 392805 205147 6741.13 8902.56 346.425
 294643 107598 50197.6 1635.72 2243.24
 446540 82700.7 27230.7 12606.6 973.744
 589261 133440 22823.8 7470.87 3724.64
 110590 166745 34152.5 5798.09 2842.92
 355195 34833 49490.7 10092 2552.78
 289585 113537 10551.2 14931.4 3814.12
 128505 92569.1 34393.6 3183.55 5654.73
 307538 42146.7 29055.6 10760.3 2764.62
 350434 98209.2 12749.7 8754.29 4074.1
 91325 114606 30704.1 3972.76 3996.54
 65752.5 30218.7 36415.2 9726.68 2524.16
 274812 20614.1 8911.47 10690.1 3595.49
pred_Ctot
 12818.3 4215.03 11139.1 784.274 0.0251094
 12889.7 9865.85 2322.73 6007.86 422.525
 12740.7 4990.02 2668.49 613.768 1697.08
 26139.7 7908.97 2162.23 1129.6 976.943
 8649.12 3605.62 733.849 195.441 190.135
 31286.1 6275.51 1863.83 371.149 194.774
 23723.2 23197.1 3217.32 932.872 282.882
 2080.99 1398.01 871.637 117.289 44.2482
 7890.4 3064.3 1477.3 901.693 166.915
 14006 3089.63 800.378 375.682 271.358
 6333.02 988.262 141.556 35.6268 28.756
 30506.4 9506.29 1064.06 149.2 67.7809
 23570.3 9049.57 1875.25 204.308 41.6013
 25452.1 11480 2945.06 594.264 77.8169
 18675.8 4698.94 1316.39 327.015 74.4979
 85435.4 4117.09 677.926 184.633 56.2293
 10100.9 19479.3 638.048 102.428 36.3422
 85517.5 4081.6 5521.36 176.739 38.3915
 64954.2 44881.4 1500.25 1983.08 77.1713
 45128.8 21878.5 10385.6 338.735 464.565
 53884.9 13367.9 4481.6 2076.77 160.419
 87824.3 26432.9 4600.67 1507.33 751.522
 10181.6 20723.3 4324.1 734.83 360.32
 29777.9 3950.76 5719.41 1167.45 295.323
 24269.5 12873.2 1218.97 1726.72 441.101
 8893.63 8701.09 3294.94 305.295 542.305
 25948.3 4810.31 3378.88 1252.56 321.835
 24829.1 9446.39 1249.86 859.055 399.811
 5854.63 9991.9 2728.61 353.411 355.545
 6223.46 3858.35 4736.46 1266.38 328.653
 29110.2 2936.69 1292.98 1552.56 522.211
F
 0.122906 0.169938 0.173431 0.173619 0.173629
 0.227031 0.313909 0.320361 0.320708 0.320727
 0.224075 0.309822 0.31619 0.316533 0.316551
 0.385868 0.533528 0.544494 0.545084 0.545115
 0.142872 0.197545 0.201605 0.201823 0.201835
 0.255692 0.353538 0.360805 0.361195 0.361216
 0.596277 0.824454 0.8414 0.842311 0.842359
 0.105223 0.145489 0.148479 0.14864 0.148649
 0.404351 0.559083 0.570575 0.571193 0.571226
 0.526495 0.727968 0.742931 0.743736 0.743778
 0.106578 0.147362 0.15039 0.150553 0.150562
 0.421567 0.582887 0.594868 0.595512 0.595546
 0.392451 0.54263 0.553783 0.554383 0.554414
 0.680575 0.94101 0.960352 0.961392 0.961446
 0.486436 0.67258 0.686405 0.687148 0.687187
 0.340945 0.471413 0.481103 0.481624 0.481652
 0.210768 0.291422 0.297412 0.297734 0.297751
 0.21383 0.295656 0.301733 0.302059 0.302077
 0.294908 0.40776 0.416141 0.416592 0.416616
 0.270535 0.37406 0.381749 0.382162 0.382184
 0.207877 0.287425 0.293333 0.29365 0.293667
 0.262404 0.362818 0.370275 0.370676 0.370697
 0.155265 0.21468 0.219093 0.21933 0.219343
 0.140541 0.194322 0.198316 0.198531 0.198542
 0.140492 0.194254 0.198247 0.198462 0.198473
 0.114809 0.158743 0.162006 0.162181 0.162191
 0.141499 0.195647 0.199668 0.199884 0.199896
 0.117674 0.162704 0.166048 0.166228 0.166238
 0.105963 0.146512 0.149523 0.149685 0.149693
 0.159925 0.221123 0.225668 0.225912 0.225925
 0.180474 0.249536 0.254665 0.254941 0.254956
YTP_r0W_actual
 241614 41407.4 35686.4 53097.6 19478.5
YTP_p0W_proyectada
 549571 565624 59236 32372.8 57469.9
 549571 260737 116404 10147.5 5698.05
CTP_r0_actual
 29110.2 2936.69 1292.98 1552.56 522.211
CTP_p0_proyectada
 73374 36096 2561 1102.24 1698.79
 73374 16639.2 5032.62 345.506 168.432
Wmedp
 7.49 15.67 23.13 29.37 33.83
Frms_r0
 0.180474 0.249536 0.254665 0.254941 0.254956
Zrms_r0
 1.18047 1.24954 1.25467 1.25494 1.25496
nmprior
 8.19 8.8 8.5 0
nm_flota  nm_reclas  nm_pelaces    nm_pelaL
inf 13.9921 16.2205 37.4182
cv_recla  cv_pelaces  cv_mph
0.306422 0.514797 0.896655
 ------------------------------------------------
Talla a la edad & desviaci?n 
 8 13.2811 15.8009 17.003 17.5766
 0.8 1.32811 1.58009 1.7003 1.75766
