years
 1991 1992 1993 1994 1995 1996 1997 1998 1999 2000 2001 2002 2003 2004 2005 2006 2007 2008 2009 2010 2011 2012 2013 2014 2015 2016 2017 2018 2019 2020 2021
reclasobs
 0 0 0 0 0 0 0 0 0 252601 567819 844713 477998 351125 339783 2.1784e+06 2.13404e+06 4.81314e+06 1.55562e+06 2.62356e+06 3.21686e+06 3.843e+06 1.13348e+06 3.07943e+06 1.97215e+06 2.03268e+06 2.025e+06 2.42433e+06 2.27542e+06 1.05018e+06 2.36338e+06
reclaspred
 7.36679e+06 1.99188e+06 1.05067e+06 854273 188326 3.30704e+06 1.50793e+06 481073 938679 246530 378759 849425 761537 587744 410737 1.85973e+06 856306 4.3612e+06 2.88739e+06 2.10755e+06 3.03246e+06 3.23569e+06 1.65266e+06 3.30767e+06 2.45872e+06 1.57552e+06 2.15584e+06 3.49053e+06 2.77168e+06 782424 1.44812e+06
pelacesobs
 0 0 0 0 0 0 0 0 0 0 0 0 0 0 0 552880 188675 0 991730 2.46772e+06 1.41603e+06 1.21717e+06 2.29649e+06 1.80582e+06 0 1.4828e+06 1.56532e+06 1.57751e+06 1.42118e+06 867257 1.10002e+06
pelacespred
 7.72586e+06 1.91029e+06 584262 347934 81171.5 1.81479e+06 885835 421534 505241 97600.6 199742 356926 364653 255034 169360 775362 409792 2.36416e+06 1.641e+06 1.00369e+06 1.53505e+06 1.61697e+06 1.01593e+06 2.07407e+06 1.62451e+06 1.07179e+06 1.44534e+06 2.40268e+06 2.06299e+06 565125 762666
mphobs
 0 0 0 0 0 0 0 0 0 0 0 498337 0 5186 125008 0 168611 109162 213762 579715 649985 157893 87575 83554 0 0 0 0 0 0 0
mphpred
 1.64517e+06 651450 105217 134641 58759.5 11225.2 472077 107571 39111.9 88039.3 10195.2 52714.5 81788.1 51088.6 28664.7 27924.7 224624 62341.8 542865 222684 268178 276763 384837 148248 403751 294318 143054 234784 568386 239750 46821.9
desembarqueobs
 494567 514787 250237 358949 120608 361735 552515 73892 212993 205616 52469 317467 293654 387597 252695 516296 358380 742168 942051 627588 828172 859565 418607 520667 417249 300574 415391 372974 316634 284311 391294
desembarquepred
 494493 514351 249992 358484 120498 361531 551800 73862.9 212812 205364 52449.5 317110 293254 386821 252323 515691 358056 741386 940211 626296 827487 858368 418133 520273 416735 300226 414956 372638 316237 283667 390971
Reclutas
 14094.2 8726.63 167606 56697.2 8575.5 286492 11316.2 3035.43 51529.1 12299.2 36212 111795 75875.9 68862.9 41830.5 254935 13901.1 437199 183266 212994 197192 409091 18257.7 174201 134826 30686.5 128341 181813 29009.7 13315.4 109008
log_desv_Rt
 -1.4055 -1.88489 1.07035 -0.0135398 -1.90236 1.60645 -1.62503 -2.94091 -0.109117 -1.54173 -0.461874 0.665402 0.277834 0.180854 -0.317638 1.48974 -1.4193 2.02912 1.15968 1.31 1.23291 1.96267 -1.14668 1.10895 0.852721 -0.627443 0.803429 1.15172 -0.683635 -1.46234 0.640153
SSB
 1.652e+06 654155 105654 135200 59003.4 11271.8 474037 108017 39274.3 88404.9 10237.5 52933.4 82127.7 51300.8 28783.7 28040.7 225556 62600.7 545119 223609 269291 277912 386435 148863 405428 295541 143648 235759 570746 240746 47016.3
BT
 2.07199e+06 940567 415978 382182 119681 1.275e+06 723278 169741 425681 212683 140127 426985 420656 524020 330069 805242 396814 1.87633e+06 1.47098e+06 898700 1.34909e+06 1.41738e+06 628016 1.45141e+06 914531 579948 1.08038e+06 1.42767e+06 812426 421412 743247
Ftot
 0.312882 1.09915 1.09845 1.64475 2.18649 0.544507 1.38112 0.688049 1.06728 2.60289 0.675649 1.61399 1.61224 2.52585 2.42686 1.28829 1.56153 0.824063 1.34182 1.31038 1.19913 1.19182 1.032 0.756165 0.756803 0.826107 0.904622 0.515075 0.498589 1.44785 1.25087
BD_Bspro_t
 0.951171 0.615937 0.214149 0.266327 0.106754 0.0297977 0.457431 0.14983 0.0886003 0.190715 0.0398363 0.245135 0.203931 0.116911 0.0654404 0.066531 0.248777 0.0872002 0.364824 0.180397 0.176187 0.18114 0.243023 0.12598 0.308364 0.293232 0.210578 0.332953 0.514634 0.311985 0.105854
BD_Bspro
 4.02151 1.59242 0.257197 0.329121 0.143633 0.0274392 1.15396 0.262949 0.0956062 0.215206 0.0249214 0.128857 0.199925 0.124883 0.0700688 0.0682601 0.549076 0.15239 1.327 0.544336 0.655541 0.676527 0.940706 0.362382 0.986942 0.719441 0.349686 0.573913 1.38938 0.586053 0.114453
BD_Bo
 1.14988 0.455325 0.0735409 0.0941064 0.0410694 0.00784577 0.329954 0.0751856 0.0273369 0.0615343 0.00712583 0.0368444 0.0571651 0.035708 0.020035 0.0195178 0.156999 0.0435733 0.379431 0.155643 0.18744 0.193441 0.268978 0.103617 0.282199 0.205711 0.0999864 0.1641 0.397269 0.167571 0.0327258
BD_Brms
 2.09069 0.827864 0.133711 0.171103 0.0746717 0.014265 0.599916 0.136701 0.0497035 0.111881 0.0129561 0.0669898 0.103937 0.0649236 0.0364272 0.0354869 0.285452 0.0792242 0.689875 0.282988 0.340801 0.351711 0.489051 0.188394 0.513089 0.374021 0.181793 0.298364 0.722307 0.304675 0.0595014
Sel_flota
 0.649705 1 1 1 1
 0.649705 1 1 1 1
 0.649705 1 1 1 1
 0.649705 1 1 1 1
 0.649705 1 1 1 1
 0.649705 1 1 1 1
 0.649705 1 1 1 1
 0.649705 1 1 1 1
 0.649705 1 1 1 1
 0.649705 1 1 1 1
 0.649705 1 1 1 1
 0.649705 1 1 1 1
 0.649705 1 1 1 1
 0.649705 1 1 1 1
 0.649705 1 1 1 1
 0.649705 1 1 1 1
 0.649705 1 1 1 1
 0.649705 1 1 1 1
 0.649705 1 1 1 1
 0.649705 1 1 1 1
 0.649705 1 1 1 1
 0.649705 1 1 1 1
 0.649705 1 1 1 1
 0.649705 1 1 1 1
 0.649705 1 1 1 1
 0.649705 1 1 1 1
 0.649705 1 1 1 1
 0.649705 1 1 1 1
 0.649705 1 1 1 1
 0.649705 1 1 1 1
 0.649705 1 1 1 1
Sel_reclas
 0.683735 0.915825 0.982065 0.996384 0.999279
 0.683735 0.915825 0.982065 0.996384 0.999279
 0.683735 0.915825 0.982065 0.996384 0.999279
 0.683735 0.915825 0.982065 0.996384 0.999279
 0.683735 0.915825 0.982065 0.996384 0.999279
 0.683735 0.915825 0.982065 0.996384 0.999279
 0.683735 0.915825 0.982065 0.996384 0.999279
 0.683735 0.915825 0.982065 0.996384 0.999279
 0.683735 0.915825 0.982065 0.996384 0.999279
 0.683735 0.915825 0.982065 0.996384 0.999279
 0.683735 0.915825 0.982065 0.996384 0.999279
 0.683735 0.915825 0.982065 0.996384 0.999279
 0.683735 0.915825 0.982065 0.996384 0.999279
 0.683735 0.915825 0.982065 0.996384 0.999279
 0.683735 0.915825 0.982065 0.996384 0.999279
 0.683735 0.915825 0.982065 0.996384 0.999279
 0.683735 0.915825 0.982065 0.996384 0.999279
 0.683735 0.915825 0.982065 0.996384 0.999279
 0.683735 0.915825 0.982065 0.996384 0.999279
 0.683735 0.915825 0.982065 0.996384 0.999279
 0.683735 0.915825 0.982065 0.996384 0.999279
 0.683735 0.915825 0.982065 0.996384 0.999279
 0.683735 0.915825 0.982065 0.996384 0.999279
 0.683735 0.915825 0.982065 0.996384 0.999279
 0.683735 0.915825 0.982065 0.996384 0.999279
 0.683735 0.915825 0.982065 0.996384 0.999279
 0.683735 0.915825 0.982065 0.996384 0.999279
 0.683735 0.915825 0.982065 0.996384 0.999279
 0.683735 0.915825 0.982065 0.996384 0.999279
 0.683735 0.915825 0.982065 0.996384 0.999279
 0.683735 0.915825 0.982065 0.996384 0.999279
Sel_pelaces
 0.35761 0.736952 0.933772 0.986103 0.997207
 0.35761 0.736952 0.933772 0.986103 0.997207
 0.35761 0.736952 0.933772 0.986103 0.997207
 0.35761 0.736952 0.933772 0.986103 0.997207
 0.35761 0.736952 0.933772 0.986103 0.997207
 0.35761 0.736952 0.933772 0.986103 0.997207
 0.35761 0.736952 0.933772 0.986103 0.997207
 0.35761 0.736952 0.933772 0.986103 0.997207
 0.35761 0.736952 0.933772 0.986103 0.997207
 0.35761 0.736952 0.933772 0.986103 0.997207
 0.35761 0.736952 0.933772 0.986103 0.997207
 0.35761 0.736952 0.933772 0.986103 0.997207
 0.35761 0.736952 0.933772 0.986103 0.997207
 0.35761 0.736952 0.933772 0.986103 0.997207
 0.35761 0.736952 0.933772 0.986103 0.997207
 0.35761 0.736952 0.933772 0.986103 0.997207
 0.35761 0.736952 0.933772 0.986103 0.997207
 0.35761 0.736952 0.933772 0.986103 0.997207
 0.35761 0.736952 0.933772 0.986103 0.997207
 0.35761 0.736952 0.933772 0.986103 0.997207
 0.35761 0.736952 0.933772 0.986103 0.997207
 0.35761 0.736952 0.933772 0.986103 0.997207
 0.35761 0.736952 0.933772 0.986103 0.997207
 0.35761 0.736952 0.933772 0.986103 0.997207
 0.35761 0.736952 0.933772 0.986103 0.997207
 0.35761 0.736952 0.933772 0.986103 0.997207
 0.35761 0.736952 0.933772 0.986103 0.997207
 0.35761 0.736952 0.933772 0.986103 0.997207
 0.35761 0.736952 0.933772 0.986103 0.997207
 0.35761 0.736952 0.933772 0.986103 0.997207
 0.35761 0.736952 0.933772 0.986103 0.997207
pf_obs 
 0.8446 0.082 0.0669 0.0065 0
 0.8095 0.147 0.0364 0.0071 0
 0.9664 0.0169 0.016 0.0007 0
 0.9276 0.0648 0.0075 0.0001 0
 0.7033 0.2144 0.0806 0.0017 0
 0.9318 0.0425 0.0243 0.0014 0
 0.5671 0.3108 0.0964 0.0239 0.0018
 0.0768 0.2599 0.5324 0.112 0.0189
 0.490249 0.384438 0.106611 0.0170017 0.00170017
 0.7925 0.1577 0.0466 0.003 0.0002
 0.840416 0.127587 0.0312969 0.00059994 9.999e-05
 0.8084 0.0986 0.0794 0.0134 0.0002
 0.7335 0.1905 0.0724 0.0035 0.0001
 0.4001 0.4547 0.1325 0.0127 0
 0.49795 0.308269 0.164784 0.0264974 0.00249975
 0.9179 0.0499 0.0305 0.0017 0
 0.2467 0.6533 0.0926 0.0074 0
 0.9418 0.0223 0.034 0.0019 0
 0.707729 0.231977 0.0356964 0.0245975 0
 0.517169 0.277429 0.184464 0.0207286 0.00020938
 0.811772 0.124168 0.05621 0.00726502 0.000585176
 0.764997 0.148141 0.077277 0.00933861 0.000247198
 0.163321 0.427699 0.378323 0.0303852 0.000271297
 0.753843 0.0900009 0.118128 0.0371064 0.000921714
 0.721811 0.176058 0.0630433 0.0369309 0.00215725
 0.143369 0.312575 0.442814 0.0836902 0.0175525
 0.692698 0.0596174 0.167031 0.0765114 0.00414204
 0.394062 0.376323 0.152708 0.0712218 0.00568511
 0.125707 0.32114 0.495352 0.0537591 0.00404204
 0.23352 0.215282 0.420074 0.123614 0.00750983
 0.774587 0.0839891 0.0768558 0.0609784 0.00358967
pf_pred 
 0.0866421 0.173351 0.650869 0.0891374 9.1657e-07
 0.171418 0.111796 0.136042 0.51079 0.0699541
 0.958347 0.01209 0.00398869 0.00485378 0.02072
 0.5893 0.401863 0.00256504 0.000846244 0.00542577
 0.426931 0.438797 0.131383 0.000838598 0.00205053
 0.994296 0.00378404 0.00146975 0.000440065 9.67713e-06
 0.104274 0.892768 0.00196249 0.000762246 0.000233247
 0.201373 0.158334 0.638179 0.00140285 0.00071161
 0.943267 0.0176406 0.0077504 0.0312386 0.000103502
 0.512135 0.473348 0.00451381 0.00198315 0.00801972
 0.958972 0.0311037 0.00962864 9.1818e-05 0.000203474
 0.908302 0.0895506 0.00162768 0.000503875 1.54529e-05
 0.79701 0.194306 0.00848086 0.000154149 4.91828e-05
 0.839867 0.1439 0.0155383 0.000678199 1.62601e-05
 0.868428 0.123504 0.00724986 0.000782837 3.49876e-05
 0.982942 0.0161925 0.000812096 4.7671e-05 5.37755e-06
 0.208463 0.784968 0.00623535 0.00031272 2.04278e-05
 0.984365 0.00578092 0.00977273 7.76291e-05 4.14764e-06
 0.594892 0.401656 0.00127631 0.00215763 1.80547e-05
 0.812371 0.141728 0.0455099 0.000144614 0.000246517
 0.799415 0.180587 0.0151059 0.00485059 4.16881e-05
 0.891372 0.0966632 0.0107716 0.00090103 0.000291813
 0.154885 0.797108 0.0427197 0.00476043 0.000527169
 0.905185 0.0249075 0.0659362 0.00353374 0.000437387
 0.699724 0.283923 0.00429609 0.0113728 0.000684946
 0.371545 0.508481 0.113439 0.00171647 0.00481757
 0.880933 0.0621835 0.0460245 0.0102678 0.000591419
 0.818319 0.169522 0.00635028 0.00470009 0.00110896
 0.271719 0.645011 0.0776969 0.00291052 0.00266246
 0.340713 0.257097 0.356204 0.0429077 0.00307766
 0.957799 0.0222672 0.00777344 0.01077 0.00139039
pobs_RECLAS
 0 0 0 0 0
 0 0 0 0 0
 0 0 0 0 0
 0 0 0 0 0
 0 0 0 0 0
 0 0 0 0 0
 0 0 0 0 0
 0 0 0 0 0
 0 0 0 0 0
 0 0 0 0 0
 0.991045 0.00858322 0.000360255 1.14367e-05 0
 0.934742 0.0480273 0.0164251 0.00080598 0
 0.827803 0.169806 0.00239088 0 0
 0.941827 0.0461693 0.0120037 0 0
 0.791401 0.0380133 0.147996 0.0225897 0
 0.846168 0.0940531 0.0597789 0 0
 0.134021 0.677848 0.182769 0.00536245 0
 0.80878 0.0450904 0.141981 0.00414843 0
 0.846168 0.0940531 0.0597789 0 0
 0.905697 0.0802665 0.012482 0.00150086 5.37128e-05
 0.989698 0.0102097 9.19794e-05 0 0
 0.975433 0.0193895 0.00387452 0.00125025 5.28907e-05
 0.303575 0.632131 0.0575291 0.00676475 0
 0.966965 0.00978017 0.0227588 0.000495775 0
 0.843318 0.132988 0.00938335 0.0141283 0.000182051
 0.564624 0.303363 0.111486 0.0197234 0.00080311
 0.826376 0.0876187 0.0782897 0.00655872 0.00115652
 0.89761 0.0855135 0.0140674 0.00269457 0.000114338
 0.34875 0.467042 0.161289 0.0227151 0.000203297
 0.318654 0.224769 0.449479 0.00709798 0
 0.937255 0.0296025 0.0250945 0.00804832 0
ppred_RECLAS
 0.0941871 0.162168 0.652921 0.0907223 9.35578e-07
 0.189988 0.101779 0.132812 0.505931 0.06949
 0.963451 0.00998447 0.00353227 0.00436105 0.0186707
 0.646116 0.345635 0.00236571 0.000791863 0.00509185
 0.496656 0.378953 0.121671 0.000787933 0.00193225
 0.995018 0.00322287 0.00134233 0.000407773 8.99308e-06
 0.12657 0.870322 0.00205152 0.000808445 0.000248103
 0.220131 0.146135 0.631609 0.00140865 0.00071663
 0.950193 0.0146313 0.00689321 0.0281888 9.36685e-05
 0.596694 0.39032 0.00399127 0.00177913 0.00721562
 0.96452 0.026432 0.00877428 8.48909e-05 0.00018867
 0.926301 0.0718456 0.00140032 0.000439813 1.35274e-05
 0.832625 0.159717 0.00747538 0.000137854 4.41117e-05
 0.87936 0.107614 0.0124606 0.000551796 1.32679e-05
 0.900927 0.0925785 0.00582753 0.000638429 2.86165e-05
 0.986098 0.0131477 0.000707083 4.21119e-05 4.76425e-06
 0.249791 0.743532 0.00633339 0.000322268 2.11127e-05
 0.986284 0.00484969 0.00879144 7.08526e-05 3.79657e-06
 0.645531 0.351202 0.00119671 0.00205255 1.72254e-05
 0.840403 0.118453 0.0407871 0.000131496 0.000224808
 0.829127 0.152678 0.0136951 0.00446169 3.84571e-05
 0.90892 0.080393 0.00960647 0.000815287 0.000264811
 0.181056 0.769186 0.0442048 0.00499776 0.000555059
 0.915053 0.021172 0.0601012 0.00326799 0.000405669
 0.733956 0.250409 0.00406303 0.0109126 0.000659144
 0.410533 0.470354 0.112523 0.00172743 0.00486242
 0.895559 0.0526498 0.0417867 0.00945829 0.000546376
 0.840153 0.148354 0.00595928 0.00447502 0.00105892
 0.302501 0.612602 0.0791302 0.00300744 0.00275911
 0.382398 0.23042 0.342334 0.0418382 0.00300966
 0.964175 0.0181972 0.0068121 0.00957567 0.0012398
pobs_PELACES
 0 0 0 0 0
 0 0 0 0 0
 0 0 0 0 0
 0 0 0 0 0
 0 0 0 0 0
 0 0 0 0 0
 0 0 0 0 0
 0 0 0 0 0
 0 0 0 0 0
 0 0 0 0 0
 0 0 0 0 0
 0 0 0 0 0
 0 0 0 0 0
 0 0 0 0 0
 0 0 0 0 0
 0 0 0 0 0
 0.505614 0.472636 0.0217494 0 0
 0 0 0 0 0
 0.443492 0.261883 0.143347 0.151278 0
 0.227955 0.32914 0.350689 0.0885471 0.00366901
 0.970185 0.0296113 0.000203453 0 0
 0.997202 0.00247181 0.000326279 0 0
 0.445219 0.490057 0.0546422 0.010081 0
 0.90214 0.0892962 0.00764917 0.000914606 0
 0 0 0 0 0
 0.581667 0.319106 0.0959925 0.00289975 0.000334073
 0.762889 0.0836404 0.116647 0.0363945 0.000428098
 0.88444 0.0763242 0.0277011 0.0115352 0
 0.521256 0.241999 0.230069 0.00667565 0
 0.616807 0.101726 0.260614 0.0208532 0
 0.833518 0.0704572 0.0857862 0.0102388 0
ppred_PELACES
 0.0572495 0.146266 0.695846 0.100638 1.04648e-06
 0.126624 0.0919126 0.141718 0.561921 0.0778233
 0.943376 0.0132477 0.00553787 0.00711662 0.0307219
 0.588106 0.400218 0.00323679 0.00112771 0.00731182
 0.441361 0.402402 0.152663 0.00102904 0.00254454
 0.992333 0.00464343 0.00228522 0.000722575 1.60685e-05
 0.0994357 0.896725 0.00249764 0.00102447 0.000317017
 0.147547 0.139176 0.71078 0.00165001 0.000846407
 0.923886 0.019347 0.0107703 0.0458433 0.000153602
 0.56333 0.419627 0.00507023 0.00235245 0.00962029
 0.948057 0.0369691 0.0145009 0.000146029 0.000327252
 0.907384 0.0898496 0.00206928 0.000676478 2.09799e-05
 0.794385 0.19458 0.010761 0.000206555 6.66457e-05
 0.861511 0.121133 0.0165732 0.000763907 1.85212e-05
 0.885454 0.105744 0.00786508 0.000896863 4.05352e-05
 0.981474 0.0173475 0.00110238 6.83377e-05 7.79568e-06
 0.205596 0.786046 0.00791149 0.000419019 2.76799e-05
 0.978722 0.00673141 0.0144187 0.000120953 6.53515e-06
 0.579759 0.415556 0.00167315 0.002987 2.52762e-05
 0.791833 0.147575 0.0600431 0.000201488 0.000347336
 0.780201 0.192428 0.0203952 0.00691606 6.01089e-05
 0.879298 0.104256 0.0147204 0.00130035 0.000425883
 0.137995 0.80053 0.0543613 0.0063972 0.000716402
 0.870326 0.0283884 0.0952217 0.00538925 0.000674563
 0.658975 0.316927 0.00607623 0.0169867 0.00103458
 0.324376 0.519706 0.146908 0.00234748 0.00666279
 0.849675 0.0692223 0.0649174 0.0152943 0.000890866
 0.781323 0.199995 0.00949264 0.00741963 0.00177033
 0.226024 0.664784 0.101465 0.0040139 0.00371315
 0.298625 0.23418 0.411105 0.0522963 0.00379331
 0.948201 0.0238263 0.0105392 0.0154202 0.00201314
pobs_pel_tallas
 0 0 0 0 0 0 0 0 0 0 0 0 0 0 0 0 0 0 0 0 0 0 0 0 0 0
 0 0 0 0 0 0 0 0 0 0 0 0 0 0 0 0 0 0 0 0 0 0 0 0 0 0
 0 0 0 0 0 0 0 0 0 0 0 0 0 0 0 0 0 0 0 0 0 0 0 0 0 0
 0 0 0 0 0 0 0 0 0 0 0 0 0 0 0 0 0 0 0 0 0 0 0 0 0 0
 0 0 0 0 0 0 0 0 0 0 0 0 0 0 0 0 0 0 0 0 0 0 0 0 0 0
 0 0 0 0 0 0 0 0 0 0 0 0 0 0 0 0 0 0 0 0 0 0 0 0 0 0
 0 0 0 0 0 0 0 0 0 0 0 0 0 0 0 0 0 0 0 0 0 0 0 0 0 0
 0 0 0 0 0 0 0 0 0 0 0 0 0 0 0 0 0 0 0 0 0 0 0 0 0 0
 0 0 0 0 0 0 0 0 0 0 0 0 0 0 0 0 0 0 0 0 0 0 0 0 0 0
 0 0 0 0 0 0 0 0 0 0 0 0 0 0 0 0 0 0 0 0 0 0 0 0 0 0
 0 0 0 0 0 0 0 0 0 0 0 0 0 0 0 0 0 0 0 0 0 0 0 0 0 0
 0 0 0 0 0 0 0 0 0 0 0 0 0 0 0 0 0 0 0 0 0 0 0 0 0 0
 0.00862536 0 0 0.000197151 0.00414017 0.0128641 0.00837892 0.0270097 0.101434 0.158115 0.152841 0.127902 0.109271 0.109419 0.0830992 0.0579132 0.0238553 0.00714673 0.00463305 0.00128148 0.00103504 0.000492878 0.000147863 0.000147863 4.92878e-05 0
 0 0 0 0 0 0 0 0 0 0 0 0 0 0 0 0 0 0 0 0 0 0 0 0 0 0
 0 0 0 0 0 0 0 0.0054083 0.00873648 0.0413646 0.0450493 0.0745869 0.0622846 0.0627006 0.0613931 0.0827291 0.12552 0.122667 0.0946155 0.0697135 0.0546179 0.0294188 0.0215738 0.0213955 0.0102223 0.00600262
 0 0 0 0 0.00359764 0.0251062 0.0480494 0.140153 0.205849 0.193036 0.1447 0.116669 0.0760912 0.0342217 0.00950174 0.001854 0.000860785 0 0 0 0.000165536 0 0.000143464 0 0 0
 0 0 0 0 0 0 0 0.000145254 0.000435761 0.0275982 0.070085 0.0708112 0.156366 0.174668 0.174014 0.160142 0.0824315 0.0480064 0.0283245 0.00493863 0.00203355 0 0 0 0 0
 0 0 0 0 0 0 0 0 0 0 0 0 0 0 0 0 0 0 0 0 0 0 0 0 0 0
 0 0 1.00437e-05 0.000401748 0.00122533 0.00171747 0.00176769 0.0269171 0.070346 0.194647 0.189555 0.159765 0.064822 0.0314167 0.0384472 0.0292271 0.0345202 0.0313363 0.0194345 0.0106764 0.0143323 0.0359363 0.0279516 0.0138201 0.00172751 0
 0 0.0021121 0.0136068 0.0755702 0.200478 0.177729 0.0527432 0.0373336 0.0318909 0.0142505 0.0149659 0.0166563 0.0217959 0.0798694 0.0677717 0.0528807 0.04013 0.0224614 0.0357745 0.0225083 0.00881397 0.00855152 0.00135912 0.000746735 0 0
 0 0 0 0 5.4009e-05 0.00500934 0.000945158 0.0243581 0.138947 0.33067 0.221406 0.137944 0.0707744 0.0437923 0.0131692 0.00525238 0.0047753 0.00276346 9.45158e-05 9.00151e-06 2.25038e-05 9.00151e-06 4.50075e-06 0 0 0
 0.000866109 0.00284123 0.00948549 0.0512746 0.133035 0.25785 0.225252 0.132002 0.0553304 0.0519788 0.0540692 0.017754 0.00435017 0.00159236 0.00146478 0.000404838 0.000125132 0.000115318 0.000107957 0.000100596 0 0 0 0 0 0
 0 0 0 0 0.00144013 0.00171154 0.00461396 0.0210425 0.0478622 0.0707936 0.0888783 0.103762 0.0637923 0.0337046 0.0602308 0.124433 0.169614 0.0934646 0.0462172 0.0250306 0.0313229 0.00938855 0.002487 0.000210481 0 0
 0 0.00764035 0.051015 0.0998891 0.058973 0.0496711 0.0374665 0.0718981 0.12319 0.153886 0.159021 0.0857701 0.0377988 0.023471 0.0147837 0.00900784 0.00315554 0.000888139 0.00291439 0.00214683 0.00393193 0.00274676 0.000635225 9.99891e-05 0 0
 0 0 0 0 0 0 0 0 0 0 0 0 0 0 0 0 0 0 0 0 0 0 0 0 0 0
 0 0 0 0 0 0 0 0 0 0 0 0 0 0 0 0 0 0 0 0 0 0 0 0 0 0
 0 0 0 0 0 0 0 0 0 0 0 0 0 0 0 0 0 0 0 0 0 0 0 0 0 0
 0 0 0 0 0 0 0 0 0 0 0 0 0 0 0 0 0 0 0 0 0 0 0 0 0 0
 0 0 0 0 0 0 0 0 0 0 0 0 0 0 0 0 0 0 0 0 0 0 0 0 0 0
 0 0 0 0 0 0 0 0 0 0 0 0 0 0 0 0 0 0 0 0 0 0 0 0 0 0
 0 0 0 0 0 0 0 0 0 0 0 0 0 0 0 0 0 0 0 0 0 0 0 0 0 0
ppred_pel_tallas
 1.30211e-16 4.7156e-06 4.58373e-05 0.000304606 0.0013847 0.00430841 0.00918007 0.0134017 0.0134169 0.00925472 0.00456216 0.00213141 0.00223087 0.00442281 0.00882127 0.0158908 0.0259561 0.0390358 0.0549453 0.0733078 0.0931585 0.112343 0.127423 0.134629 0.131526 0.118313
 1.73636e-16 1.04299e-05 0.000101382 0.000673721 0.00306264 0.00952906 0.020303 0.0296348 0.0296441 0.0203485 0.00968319 0.00351379 0.00182951 0.00270503 0.005203 0.00926957 0.0150575 0.0227792 0.0329434 0.0465235 0.0646194 0.0875412 0.113801 0.13977 0.160431 0.171022
 1.06077e-16 7.77046e-05 0.000755317 0.00501934 0.0228172 0.0709928 0.151258 0.220765 0.220767 0.151264 0.0710141 0.0228788 0.00517482 0.00109771 0.000737373 0.00112267 0.00167801 0.00226933 0.00283867 0.0034131 0.00411355 0.00509048 0.00641561 0.0080001 0.00959115 0.0108482
 1.01547e-16 4.84416e-05 0.00047087 0.0031291 0.0142244 0.0442577 0.0942971 0.137638 0.137676 0.0944852 0.0448888 0.0160461 0.00769757 0.0104301 0.0189223 0.0310999 0.0445486 0.0555037 0.0601702 0.0568131 0.0468297 0.0338822 0.0218067 0.01289 0.00749219 0.0047524
 1.05043e-16 3.63544e-05 0.000353378 0.00234832 0.0106752 0.0332146 0.0707686 0.103297 0.103336 0.0709589 0.0338539 0.0125235 0.00699469 0.0105186 0.0194066 0.0321923 0.0467544 0.059582 0.0670714 0.0674779 0.0618431 0.0530887 0.0440861 0.0362766 0.0296607 0.023681
 1.00143e-16 8.17371e-05 0.000794514 0.00527982 0.0240013 0.074677 0.159107 0.232222 0.232222 0.159109 0.0746844 0.0240227 0.00533369 0.000912548 0.000307203 0.00038189 0.000550116 0.000708254 0.000811867 0.000842089 0.000810831 0.000749197 0.00068505 0.000628084 0.000571654 0.00050513
 1.00458e-16 8.19057e-06 7.96154e-05 0.000529076 0.00240516 0.0074838 0.0159482 0.023295 0.0233812 0.0163694 0.00889756 0.00648594 0.0107625 0.0223862 0.0422753 0.0696217 0.0996937 0.124109 0.134333 0.126439 0.103527 0.0737964 0.045878 0.0249816 0.0120412 0.00527298
 1.20856e-16 1.21533e-05 0.000118134 0.000785044 0.0035687 0.0111036 0.023658 0.0345326 0.034547 0.0237293 0.0113459 0.00428207 0.00262657 0.00430603 0.00845573 0.0152323 0.0248898 0.0374044 0.0524978 0.0696177 0.0875796 0.104084 0.115778 0.119307 0.112929 0.0976089
 1.0494e-16 7.60993e-05 0.000739712 0.00491565 0.0223458 0.0695261 0.148133 0.216205 0.216206 0.148142 0.0695573 0.0224363 0.00514452 0.00124497 0.00105298 0.00166823 0.00251524 0.00343247 0.00433249 0.00522841 0.00623738 0.00748578 0.00897205 0.0104928 0.0116937 0.0122159
 1.02118e-16 4.64008e-05 0.000451033 0.00299727 0.0136252 0.0423932 0.0903248 0.13184 0.13188 0.0905219 0.043055 0.0155355 0.00778812 0.0108956 0.0198419 0.0326232 0.0467432 0.0582646 0.0632165 0.0597871 0.0494442 0.0360228 0.0235307 0.0143438 0.00881333 0.00601399
 1.00499e-16 7.80902e-05 0.000759064 0.00504425 0.0229304 0.0713451 0.152008 0.221861 0.221865 0.152026 0.0714038 0.0231003 0.0054713 0.00169348 0.00185901 0.00296599 0.00430247 0.00548722 0.00618556 0.00623735 0.00573746 0.00495211 0.0041418 0.00343562 0.00283136 0.00227744
 1.00155e-16 7.474e-05 0.000726499 0.00482784 0.0219467 0.0682843 0.145487 0.212345 0.212353 0.14553 0.0684261 0.0223558 0.00585391 0.00296358 0.00431507 0.0069936 0.0100161 0.0124877 0.0135525 0.0128182 0.0105919 0.00768614 0.00495218 0.00289829 0.00160901 0.000904673
 1.00393e-16 6.54325e-05 0.000636027 0.00422663 0.0192136 0.0597809 0.12737 0.185904 0.185923 0.127462 0.060088 0.0201003 0.00645081 0.00548676 0.00926403 0.0151753 0.021768 0.0271908 0.0296031 0.0281534 0.02349 0.0173408 0.0115112 0.00707215 0.00419942 0.0025242
 1.0059e-16 7.09616e-05 0.000689772 0.00458378 0.0208372 0.0648323 0.138132 0.201611 0.201623 0.13819 0.0650238 0.0213903 0.00597198 0.00371978 0.00582406 0.00951198 0.0136852 0.0171856 0.0188812 0.0182437 0.0156547 0.0121401 0.00875697 0.00611089 0.00428069 0.00304976
 1.00351e-16 7.29337e-05 0.000708941 0.00471116 0.0214163 0.066634 0.141971 0.207213 0.207223 0.142021 0.066801 0.0218984 0.00592068 0.00334733 0.00507783 0.00826372 0.0118604 0.0148364 0.0161938 0.0154715 0.0130184 0.00976337 0.0066723 0.00431096 0.00276372 0.00182785
 1.00045e-16 8.08427e-05 0.00078582 0.00522205 0.0237387 0.0738599 0.157366 0.229681 0.229683 0.157374 0.0738872 0.0238177 0.0054204 0.00121844 0.000901346 0.00135919 0.00194308 0.00242834 0.00264665 0.00252196 0.00211185 0.00156964 0.00105521 0.000662915 0.000407676 0.000256477
 1.00476e-16 1.69348e-05 0.000164612 0.00109391 0.00497281 0.0154727 0.0329689 0.048135 0.0482106 0.0333382 0.0167121 0.00855055 0.0100662 0.0197236 0.0370818 0.0610636 0.0874616 0.10893 0.117993 0.11121 0.0912806 0.0653644 0.0409901 0.0226945 0.0112864 0.00521808
 1.00432e-16 8.06161e-05 0.000783617 0.00520741 0.0236721 0.0736528 0.156925 0.229037 0.229038 0.156928 0.0736639 0.0237044 0.00528937 0.000965798 0.00043614 0.000618156 0.000939883 0.00130018 0.00165147 0.00196534 0.00223139 0.00243874 0.00255686 0.00254005 0.00235652 0.00201752
 1.00459e-16 4.77541e-05 0.000464187 0.00308468 0.0140226 0.0436296 0.0929589 0.135685 0.135725 0.0931541 0.0442848 0.0159138 0.0078274 0.0108026 0.0196382 0.032275 0.0462183 0.0575524 0.0623252 0.058722 0.0481815 0.0345012 0.0216707 0.0120878 0.00616602 0.00306199
 1.0185e-16 6.52223e-05 0.000633984 0.00421305 0.0191519 0.0595887 0.126961 0.185306 0.18532 0.12703 0.0598233 0.0198302 0.00591843 0.00436594 0.0071793 0.0118338 0.0171977 0.0219483 0.0247654 0.0250079 0.0230463 0.0199306 0.0166875 0.0138249 0.0113371 0.00903352
 1.01342e-16 6.42642e-05 0.000624671 0.00415116 0.0188706 0.0587134 0.125096 0.182585 0.182603 0.125186 0.0590175 0.0197487 0.00635483 0.0054336 0.00919227 0.0150818 0.0216888 0.0272091 0.0298494 0.0287824 0.0246374 0.0190745 0.0137978 0.00977208 0.00709514 0.00537003
 1.00655e-16 7.24266e-05 0.000704012 0.00467841 0.0212674 0.0661708 0.140984 0.205773 0.205783 0.141033 0.0663356 0.0217435 0.00587344 0.00331257 0.00502587 0.00819218 0.0117889 0.0148125 0.0162904 0.0157702 0.0135814 0.0106055 0.00774757 0.00552131 0.00398591 0.00294737
 1.02537e-16 1.13667e-05 0.000110488 0.000734236 0.00333778 0.0103855 0.0221302 0.0323158 0.0323929 0.0225067 0.0116493 0.00698683 0.00988896 0.020079 0.037887 0.0624897 0.0897174 0.112185 0.122362 0.116759 0.0980307 0.0732353 0.0497202 0.0317999 0.0201269 0.0131567
 1.0341e-16 7.16876e-05 0.000696829 0.00463067 0.0210504 0.0654955 0.139545 0.203671 0.203674 0.139559 0.0655434 0.0211904 0.00498907 0.00150177 0.00166641 0.00281314 0.00444424 0.00641687 0.00860728 0.0109108 0.0132122 0.0152942 0.0167883 0.0172717 0.0164789 0.0144764
 1.02136e-16 5.4279e-05 0.000527611 0.00350616 0.0159385 0.0495908 0.10566 0.15422 0.15425 0.105809 0.0500908 0.0173819 0.00712637 0.00842155 0.0150201 0.0246774 0.0353868 0.0441768 0.0480684 0.0457111 0.0382177 0.0284631 0.0194206 0.0128068 0.00880674 0.00666844
 1.05736e-16 2.67185e-05 0.000259714 0.00172589 0.00784568 0.0244111 0.0520122 0.0759239 0.0759741 0.0522576 0.0252352 0.0102273 0.00770909 0.0133378 0.0249129 0.0412689 0.0597338 0.0757038 0.0844593 0.0837535 0.0750598 0.0624107 0.0498435 0.0394977 0.0314764 0.0249335
 1.03576e-16 6.99866e-05 0.000680295 0.0045208 0.0205509 0.0639415 0.136234 0.19884 0.198846 0.136267 0.0640529 0.0208736 0.00533528 0.00247279 0.00351678 0.00581447 0.0086295 0.0113973 0.0135796 0.014912 0.0155088 0.0156799 0.0156255 0.0152829 0.0144334 0.0129341
 1.01369e-16 6.43566e-05 0.000625569 0.00415713 0.0188977 0.0587979 0.125276 0.182848 0.182867 0.12537 0.0591135 0.0198091 0.0064434 0.00561201 0.00952132 0.0156045 0.0223932 0.0279952 0.0305329 0.02915 0.0245327 0.0184686 0.012805 0.00860681 0.00599362 0.00451532
 1.04129e-16 1.86174e-05 0.000180968 0.0012026 0.00546688 0.0170098 0.0362436 0.052912 0.0529761 0.0365567 0.0180612 0.00850351 0.00882507 0.0168211 0.0316213 0.0522459 0.0752535 0.0946076 0.104139 0.100959 0.087144 0.0682796 0.0500979 0.03585 0.0259193 0.0191051
 1.1781e-16 2.45974e-05 0.000239096 0.00158888 0.00722281 0.022473 0.0478819 0.0698899 0.0699131 0.0479954 0.0228558 0.00833622 0.00441259 0.00649891 0.0121933 0.0208496 0.0317339 0.043453 0.0544826 0.0639458 0.0717815 0.0780769 0.0822435 0.0829446 0.0789272 0.070036
 1.02198e-16 7.81021e-05 0.00075918 0.00504502 0.0229339 0.071356 0.152031 0.221895 0.221897 0.152043 0.071394 0.023044 0.0053222 0.00136728 0.00124214 0.00195468 0.0028687 0.00374057 0.00438622 0.00473899 0.0048868 0.0049996 0.00519817 0.00546867 0.00567936 0.0056701
pSPR Fmed_Fpbrs
0.221963   0.6 0.325
Fs Fmed_Fpbrs
1.09772   0.305996 0.763077
SSBpbr Bo_Bmed_Bpbrs
1.43668e+06  247055  790172 395086
Ro
57470.1
SPR SPRFo_SPRFmed_SPRFpbrs
410792 91180.7 133507
Fref
0.305996
Nvult_r0
 91216.1 1710.82 597.244 827.472 106.825
CTP_r0
 40895.5 950.749 331.905 459.849 59.3658
YTP_r0
390971
Np
 89571.4 17791.5 201.367 70.2969 107.652
Nvult_p0
 62560.8 12971.7 146.816 51.2533 78.4886
CTP_p0
 10374.9 3039.29 34.3992 12.0087 18.39
YTP_p0
 128797
CBA_c0
312319
log_Ro
10.779
likeval ReclasPelacesDesembMPH_pf_preclas_ppelaces_ptallas_desvR_qrecl_qpela
 15.4335 18.3091 0.230348 0.000912363 309.011 118.598 115.694 0 73.4115 0.000132597 0.000307086 0.00214939 9.87674e-16 0 0
q_reclas_q_pelaces
5.11272 12.099
M
1
N
 14094.2 19137.7 71855.3 9840.68 0.101188
 8726.63 4231.2 5148.89 19332.2 2647.6
 167606 1571.85 518.578 631.051 2693.86
 56697.2 30203.2 192.783 63.602 407.789
 8575.5 7164.41 2145.13 13.6921 33.4798
 286492 762.111 296.01 88.6299 1.94899
 11316.2 73991 162.648 63.1735 19.3311
 3035.43 1697.09 6840.26 15.0363 7.62732
 51529.1 714.14 313.758 1264.63 4.19005
 12299.2 9475.67 90.3593 39.6994 160.542
 36212 833.952 258.163 2.46183 5.45555
 111795 8588.45 156.105 48.3247 1.48203
 75875.9 14411.8 629.031 11.4333 3.64792
 68862.9 9792.49 1057.39 46.1518 1.10651
 41830.5 4908.96 288.162 31.1156 1.39066
 254935 3180 159.486 9.362 1.05608
 13901.1 40609.4 322.579 16.1782 1.05681
 437199 1854.17 3134.5 24.8987 1.33031
 183266 94159.6 299.205 505.81 4.23255
 212994 28195.3 9053.69 28.7693 49.0419
 197192 33445.1 2797.64 898.341 7.72072
 409091 33284.6 3709.05 310.257 100.482
 18257.7 69380.7 3718.35 414.351 45.8851
 174201 3435.27 9093.98 487.377 60.3248
 134826 39209.8 593.292 1570.58 94.5914
 30686.5 30334.5 6767.45 102.4 287.402
 128341 6600.18 4885.05 1089.83 62.7734
 181813 26231.4 982.627 727.281 171.598
 29009.7 47862.5 5765.44 215.973 197.566
 13315.4 7719.08 10694.7 1288.26 92.4034
 109008 1912.18 667.541 924.868 119.399
pred_Ctot
 1666.25 3333.78 12517.1 1714.24 0.0176269
 2980.76 1943.99 2365.62 8882.03 1216.42
 57222 721.885 238.161 289.814 1237.17
 25587.7 17449.1 111.375 36.7443 235.589
 4585.48 4712.93 1411.12 9.00701 22.0239
 55531.2 211.338 82.0852 24.5775 0.540465
 4549.25 38949.4 85.6188 33.255 10.176
 717.112 563.846 2272.63 4.99571 2.53412
 17220 322.041 141.489 570.284 1.8895
 7204.8 6659.14 63.5011 27.8992 112.823
 8426.84 273.319 84.6104 0.806838 1.788
 49847.2 4914.49 89.3264 27.6524 0.848047
 33808 8242.17 359.745 6.53877 2.08626
 39738.7 6808.71 735.202 32.0893 0.769353
 23650.8 3363.52 197.443 21.3198 0.952854
 97654.4 1608.71 80.681 4.73607 0.534255
 6066.93 22845 181.468 9.10112 0.594513
 119619 702.491 1187.57 9.43341 0.504016
 72224.6 48764.1 154.955 261.953 2.19198
 82566.7 14404.8 4625.47 14.6981 25.0552
 71776.9 16214.3 1356.31 435.519 3.74304
 148252 16076.9 1791.52 149.858 48.534
 5949.35 30618 1640.92 182.855 20.2493
 44471.2 1223.69 3239.4 173.611 21.4885
 34442.8 13975.7 211.469 559.808 33.7154
 8412.52 11513 2568.48 38.8642 109.079
 37798.4 2668.12 1974.78 440.562 25.3761
 33586.6 6957.74 260.637 192.908 45.5154
 5209.31 12366 1489.58 55.7997 51.0439
 5527.31 4170.83 5778.62 696.082 49.9281
 40895.5 950.749 331.905 459.849 59.3658
F
 0.203281 0.312882 0.312882 0.312882 0.312882
 0.714123 1.09915 1.09915 1.09915 1.09915
 0.713666 1.09845 1.09845 1.09845 1.09845
 1.0686 1.64475 1.64475 1.64475 1.64475
 1.42057 2.18649 2.18649 2.18649 2.18649
 0.353769 0.544507 0.544507 0.544507 0.544507
 0.897318 1.38112 1.38112 1.38112 1.38112
 0.447029 0.688049 0.688049 0.688049 0.688049
 0.69342 1.06728 1.06728 1.06728 1.06728
 1.69111 2.60289 2.60289 2.60289 2.60289
 0.438973 0.675649 0.675649 0.675649 0.675649
 1.04862 1.61399 1.61399 1.61399 1.61399
 1.04748 1.61224 1.61224 1.61224 1.61224
 1.64106 2.52585 2.52585 2.52585 2.52585
 1.57675 2.42686 2.42686 2.42686 2.42686
 0.837008 1.28829 1.28829 1.28829 1.28829
 1.01453 1.56153 1.56153 1.56153 1.56153
 0.535398 0.824063 0.824063 0.824063 0.824063
 0.871786 1.34182 1.34182 1.34182 1.34182
 0.851359 1.31038 1.31038 1.31038 1.31038
 0.77908 1.19913 1.19913 1.19913 1.19913
 0.774329 1.19182 1.19182 1.19182 1.19182
 0.670493 1.032 1.032 1.032 1.032
 0.491284 0.756165 0.756165 0.756165 0.756165
 0.491698 0.756803 0.756803 0.756803 0.756803
 0.536726 0.826107 0.826107 0.826107 0.826107
 0.587737 0.904622 0.904622 0.904622 0.904622
 0.334647 0.515075 0.515075 0.515075 0.515075
 0.323935 0.498589 0.498589 0.498589 0.498589
 0.940674 1.44785 1.44785 1.44785 1.44785
 0.812698 1.25087 1.25087 1.25087 1.25087
YTP_r0W_actual
 347612 15497.2 9592.06 16002.8 2267.77
YTP_p0W_proyectada
 78019.5 48993.3 804.252 354.257 625.259
CTP_r0_actual
 40895.5 950.749 331.905 459.849 59.3658
CTP_p0_proyectada
 10374.9 3039.29 34.3992 12.0087 18.39
Wmedp
 7.52 16.12 23.38 29.5 34
Frms_r0
 0.812698 1.25087 1.25087 1.25087 1.25087
Zrms_r0
 1.8127 2.25087 2.25087 2.25087 2.25087
nmprior
 8.19 8.8 8.5 0
nm_flota  nm_reclas  nm_pelaces    nm_pelaL
inf 18.9637 4.91914 7.93333
cv_recla  cv_pelaces  cv_mph
0.355351 0.485183 0.932157
 ------------------------------------------------
Talla a la edad & desviaci?n 
 8 13.2811 15.8009 17.003 17.5766
 0.8 1.32811 1.58009 1.7003 1.75766
