years
 1991 1992 1993 1994 1995 1996 1997 1998 1999 2000 2001 2002 2003 2004 2005 2006 2007 2008 2009 2010 2011 2012 2013 2014 2015 2016 2017 2018 2019 2020 2021
reclasobs
 0 0 0 0 0 0 0 0 0 252601 567819 844713 477998 351125 339783 2.1784e+06 2.13404e+06 4.81314e+06 1.55562e+06 2.62356e+06 3.21686e+06 3.843e+06 1.13348e+06 3.07943e+06 1.97215e+06 2.03268e+06 2.025e+06 2.42433e+06 2.27542e+06 1.05018e+06 2.36338e+06
reclaspred
 1.85455e+06 975282 448219 77659.6 42928.4 561314 410671 121188 204580 110762 154224 422554 393699 247197 224661 649093 1.14675e+06 1.0057e+06 1.8027e+06 1.65191e+06 2.52412e+06 1.94589e+06 1.2503e+06 1.8778e+06 1.85857e+06 1.29859e+06 932732 1.75744e+06 2.35945e+06 1.01118e+06 810325
pelacesobs
 0 0 0 0 0 0 0 0 0 0 0 0 0 0 0 552880 188675 0 991730 2.46772e+06 1.41603e+06 1.21717e+06 2.29649e+06 1.80582e+06 0 1.4828e+06 1.56532e+06 1.57751e+06 1.42118e+06 867257 1.10002e+06
pelacespred
 774749 454111 208959 17543.5 11385.2 247270 140776 53926.8 85912.6 33842.9 69214.8 164441 153493 106248 100405 252610 454162 371895 885465 784764 1.05729e+06 931806 578157 960175 933562 629945 495058 947658 1.05275e+06 564836 413290
mphobs
 0 0 0 0 0 0 0 0 0 0 0 498337 0 5186 125008 0 168611 109162 213762 579715 649985 157893 87575 83554 0 0 0 0 0 0 0
mphpred
 1.79004e+06 1.00005e+06 573665 148358 18896.7 33830.8 583018 150429 50902 172690 28433.3 191982 388050 178964 136916 167465 757963 984845 437987 1.91338e+06 1.24285e+06 1.92579e+06 1.3616e+06 724571 1.81411e+06 1.31569e+06 738081 638902 2.20335e+06 1.29833e+06 500287
desembarqueobs
 494567 514787 250237 358949 120608 361735 552515 73892 212993 205616 52469 317467 293654 387597 252695 516296 358380 742168 942051 627588 828172 859565 418607 520667 417249 300574 415391 372974 316634 284311 391294
desembarquepred
 495902 517697 249709 358255 120903 361860 552831 74124.8 212814 205872 52586.7 317253 294635 386571 253602 515870 358750 740967 939660 626616 828339 858224 416991 519986 417012 299593 414839 372865 316571 283937 391221
Reclutas
 887.039 164555 163.36 31634.7 42626.2 315164 583.071 516.882 67869 1278.3 86102.9 201318 41793.5 87175.5 67051.9 414035 171232 71074.4 1.09807e+06 22377.9 574241 396385 12708.9 460834 228846 40054.5 164728 532383 28165.3 8156.82 202756
log_desv_Rt
 -3.97046 1.25265 -5.6624 -0.396339 -0.0981257 1.9025 -4.39004 -4.51053 0.366984 -3.60507 0.604949 1.45429 -0.117854 0.617328 0.354872 2.17536 1.29242 0.413133 3.15072 -0.742521 2.50245 2.13179 -1.30829 2.28244 1.58245 -0.160354 1.2537 2.42677 -0.512503 -1.75174 1.46141
SSB
 1.79004e+06 1.00005e+06 573665 148358 18896.7 33830.8 583018 150429 50902 172690 28433.3 191982 388050 178964 136916 167465 757963 984845 437987 1.91338e+06 1.24285e+06 1.92579e+06 1.3616e+06 724571 1.81411e+06 1.31569e+06 738081 638902 2.20335e+06 1.29833e+06 500287
BT
 2.18874e+06 1.74599e+06 730426 373861 138243 1.43042e+06 820385 197711 558111 261853 336491 875495 670048 809231 637872 1.46297e+06 1.63428e+06 1.57608e+06 4.61849e+06 2.43589e+06 4.34594e+06 3.40358e+06 1.74416e+06 4.20463e+06 2.84295e+06 1.83891e+06 2.06199e+06 4.07508e+06 2.72337e+06 1.62906e+06 1.86764e+06
Ftot
 0.250734 0.487557 0.507654 2.87514 2.22886 0.600082 1.12316 0.554368 0.942257 1.46294 0.321895 0.685462 0.671769 1.33496 1.00244 0.729707 0.293374 0.661127 0.486926 0.352024 0.307939 0.408588 0.31088 0.261536 0.21158 0.21722 0.413383 0.201296 0.127335 0.263024 0.449073
BD_Bspro_t
 0.960677 0.719993 0.54082 0.242763 0.0476007 0.107303 0.52868 0.198846 0.113255 0.318498 0.104702 0.543812 0.534959 0.312948 0.253874 0.297059 0.542215 0.562039 0.368521 0.6537 0.498616 0.599014 0.554895 0.464645 0.700824 0.678933 0.59729 0.597307 0.814401 0.723474 0.554799
BD_Bspro
 5.33355 2.97971 1.70928 0.442045 0.0563041 0.100802 1.73715 0.448216 0.151667 0.514544 0.0847192 0.572025 1.15622 0.533238 0.407952 0.498975 2.25841 2.93442 1.30502 5.70107 3.70317 5.73805 4.057 2.15891 5.40527 3.92021 2.19917 1.90366 6.56505 3.86847 1.49064
BD_Bo
 1.03516 0.578317 0.331745 0.0857943 0.0109278 0.019564 0.337154 0.0869919 0.0294362 0.0998651 0.0164427 0.111021 0.224405 0.103493 0.0791773 0.0968435 0.438323 0.569526 0.253284 1.10649 0.718728 1.11367 0.787402 0.419012 1.04908 0.760852 0.426825 0.369471 1.27418 0.750811 0.289311
BD_Brms
 4.39826 2.45719 1.40954 0.364528 0.0464307 0.0831251 1.43252 0.369617 0.12507 0.424313 0.0698629 0.471715 0.953469 0.439729 0.336414 0.411475 1.86237 2.41984 1.07617 4.70133 3.05378 4.73183 3.34557 1.78033 4.4574 3.23276 1.81352 1.56983 5.41381 3.1901 1.22925
Sel_flota
 0.5 1 1 1 1
 0.5 1 1 1 1
 0.5 1 1 1 1
 0.5 1 1 1 1
 0.5 1 1 1 1
 0.5 1 1 1 1
 0.5 1 1 1 1
 0.5 1 1 1 1
 0.5 1 1 1 1
 0.5 1 1 1 1
 0.5 1 1 1 1
 0.5 1 1 1 1
 0.5 1 1 1 1
 0.5 1 1 1 1
 0.5 1 1 1 1
 0.5 1 1 1 1
 0.5 1 1 1 1
 0.5 1 1 1 1
 0.5 1 1 1 1
 0.5 1 1 1 1
 0.5 1 1 1 1
 0.5 1 1 1 1
 0.5 1 1 1 1
 0.5 1 1 1 1
 0.5 1 1 1 1
 0.5 1 1 1 1
 0.5 1 1 1 1
 0.5 1 1 1 1
 0.5 1 1 1 1
 0.5 1 1 1 1
 0.5 1 1 1 1
Sel_reclas
 0.5 1 1 1 1
 0.5 1 1 1 1
 0.5 1 1 1 1
 0.5 1 1 1 1
 0.5 1 1 1 1
 0.5 1 1 1 1
 0.5 1 1 1 1
 0.5 1 1 1 1
 0.5 1 1 1 1
 0.5 1 1 1 1
 0.5 1 1 1 1
 0.5 1 1 1 1
 0.5 1 1 1 1
 0.5 1 1 1 1
 0.5 1 1 1 1
 0.5 1 1 1 1
 0.5 1 1 1 1
 0.5 1 1 1 1
 0.5 1 1 1 1
 0.5 1 1 1 1
 0.5 1 1 1 1
 0.5 1 1 1 1
 0.5 1 1 1 1
 0.5 1 1 1 1
 0.5 1 1 1 1
 0.5 1 1 1 1
 0.5 1 1 1 1
 0.5 1 1 1 1
 0.5 1 1 1 1
 0.5 1 1 1 1
 0.5 1 1 1 1
Sel_pelaces
 0.5 1 1 1 1
 0.5 1 1 1 1
 0.5 1 1 1 1
 0.5 1 1 1 1
 0.5 1 1 1 1
 0.5 1 1 1 1
 0.5 1 1 1 1
 0.5 1 1 1 1
 0.5 1 1 1 1
 0.5 1 1 1 1
 0.5 1 1 1 1
 0.5 1 1 1 1
 0.5 1 1 1 1
 0.5 1 1 1 1
 0.5 1 1 1 1
 0.5 1 1 1 1
 0.5 1 1 1 1
 0.5 1 1 1 1
 0.5 1 1 1 1
 0.5 1 1 1 1
 0.5 1 1 1 1
 0.5 1 1 1 1
 0.5 1 1 1 1
 0.5 1 1 1 1
 0.5 1 1 1 1
 0.5 1 1 1 1
 0.5 1 1 1 1
 0.5 1 1 1 1
 0.5 1 1 1 1
 0.5 1 1 1 1
 0.5 1 1 1 1
pf_obs 
 0.8446 0.082 0.0669 0.0065 0
 0.8095 0.147 0.0364 0.0071 0
 0.9664 0.0169 0.016 0.0007 0
 0.9276 0.0648 0.0075 0.0001 0
 0.7033 0.2144 0.0806 0.0017 0
 0.9318 0.0425 0.0243 0.0014 0
 0.5671 0.3108 0.0964 0.0239 0.0018
 0.0768 0.2599 0.5324 0.112 0.0189
 0.490249 0.384438 0.106611 0.0170017 0.00170017
 0.7925 0.1577 0.0466 0.003 0.0002
 0.840416 0.127587 0.0312969 0.00059994 9.999e-05
 0.8084 0.0986 0.0794 0.0134 0.0002
 0.7335 0.1905 0.0724 0.0035 0.0001
 0.4001 0.4547 0.1325 0.0127 0
 0.49795 0.308269 0.164784 0.0264974 0.00249975
 0.9179 0.0499 0.0305 0.0017 0
 0.2467 0.6533 0.0926 0.0074 0
 0.9418 0.0223 0.034 0.0019 0
 0.707729 0.231977 0.0356964 0.0245975 0
 0.517169 0.277429 0.184464 0.0207286 0.00020938
 0.811772 0.124168 0.05621 0.00726502 0.000585176
 0.764997 0.148141 0.077277 0.00933861 0.000247198
 0.163321 0.427699 0.378323 0.0303852 0.000271297
 0.753843 0.0900009 0.118128 0.0371064 0.000921714
 0.721811 0.176058 0.0630433 0.0369309 0.00215725
 0.143369 0.312575 0.442814 0.0836902 0.0175525
 0.692698 0.0596174 0.167031 0.0765114 0.00414204
 0.394062 0.376323 0.152708 0.0712218 0.00568511
 0.125707 0.32114 0.495352 0.0537591 0.00404204
 0.23352 0.215282 0.420074 0.123614 0.00750983
 0.796117 0.104755 0.0508955 0.0450114 0.00322123
pf_pred 
 0.00236378 0.847759 0.149677 0.000150323 4.94938e-05
 0.614922 0.00195655 0.325564 0.0574803 7.67356e-05
 0.00149417 0.786336 0.00107802 0.179379 0.0317127
 0.636464 0.00126626 0.285292 0.000391118 0.0765865
 0.907375 0.0841668 2.94621e-05 0.00663787 0.00179103
 0.971077 0.0282618 0.000601274 2.10472e-07 6.02148e-05
 0.00407511 0.98375 0.0118968 0.000253108 2.54361e-05
 0.0265963 0.0113123 0.95033 0.0114927 0.000269081
 0.944475 0.00337847 0.000606017 0.0509105 0.000630094
 0.0488446 0.930874 0.00123404 0.000221357 0.018826
 0.966667 0.0047649 0.0279587 3.70642e-05 0.000572085
 0.807107 0.18992 0.000424931 0.00249334 5.43236e-05
 0.291651 0.645968 0.0614195 0.000137421 0.000823904
 0.715297 0.143368 0.128888 0.0122549 0.00019181
 0.683965 0.28007 0.0181105 0.0162814 0.00157229
 0.931546 0.0586219 0.00871342 0.000563446 0.000555456
 0.454804 0.529696 0.0132732 0.0019729 0.000253342
 0.323492 0.436756 0.232936 0.00583695 0.000978999
 0.945509 0.0294255 0.0161821 0.00863042 0.000252535
 0.0356567 0.940973 0.0126203 0.00694031 0.00380981
 0.770671 0.0174239 0.20677 0.00277319 0.00236223
 0.510865 0.430708 0.0044392 0.0526799 0.00130838
 0.0384363 0.675731 0.251689 0.0025941 0.0315487
 0.830397 0.013684 0.109571 0.0408119 0.00553632
 0.423184 0.527038 0.00401618 0.0321585 0.013603
 0.144199 0.521836 0.305144 0.00232529 0.026495
 0.641234 0.0948668 0.160916 0.0940959 0.00888716
 0.818603 0.14549 0.00949487 0.0161055 0.0103072
 0.0688231 0.843176 0.0705813 0.00460624 0.0128136
 0.0555779 0.125658 0.741386 0.0620606 0.0153169
 0.826149 0.0196345 0.0205189 0.121062 0.0126351
pobs_RECLAS
 0 0 0 0 0
 0 0 0 0 0
 0 0 0 0 0
 0 0 0 0 0
 0 0 0 0 0
 0 0 0 0 0
 0 0 0 0 0
 0 0 0 0 0
 0 0 0 0 0
 0 0 0 0 0
 0.991045 0.00858322 0.000360255 1.14367e-05 0
 0.934742 0.0480273 0.0164251 0.00080598 0
 0.827803 0.169806 0.00239088 0 0
 0.941827 0.0461693 0.0120037 0 0
 0.791401 0.0380133 0.147996 0.0225897 0
 0.846168 0.0940531 0.0597789 0 0
 0.134021 0.677848 0.182769 0.00536245 0
 0.80878 0.0450904 0.141981 0.00414843 0
 0.846168 0.0940531 0.0597789 0 0
 0.905697 0.0802665 0.012482 0.00150086 5.37128e-05
 0.989698 0.0102097 9.19794e-05 0 0
 0.975433 0.0193895 0.00387452 0.00125025 5.28907e-05
 0.303575 0.632131 0.0575291 0.00676475 0
 0.966965 0.00978017 0.0227588 0.000495775 0
 0.843318 0.132988 0.00938335 0.0141283 0.000182051
 0.564624 0.303363 0.111486 0.0197234 0.00080311
 0.826376 0.0876187 0.0782897 0.00655872 0.00115652
 0.89761 0.0855135 0.0140674 0.00269457 0.000114338
 0.34875 0.467042 0.161289 0.0227151 0.000203297
 0.318654 0.224769 0.449479 0.00709798 0
 0.937255 0.0296025 0.0250945 0.00804832 0
ppred_RECLAS
 0.00239256 0.847735 0.149673 0.000150319 4.94924e-05
 0.621275 0.00192428 0.320194 0.0565321 7.54697e-05
 0.00153701 0.786302 0.00107797 0.179371 0.0317114
 0.708005 0.00101707 0.229149 0.000314149 0.061515
 0.924428 0.0686709 2.40378e-05 0.00541577 0.00146129
 0.972044 0.027316 0.000581152 2.03429e-07 5.81996e-05
 0.00442013 0.983409 0.0118927 0.00025302 2.54273e-05
 0.0274281 0.0113026 0.949518 0.0114829 0.000268851
 0.947733 0.00318023 0.000570457 0.0479231 0.000593121
 0.0546871 0.925156 0.00122646 0.000219997 0.0187104
 0.967186 0.00469068 0.0275232 3.64869e-05 0.000563174
 0.81351 0.183616 0.000410826 0.00241058 5.25203e-05
 0.300103 0.638261 0.0606867 0.000135781 0.000814073
 0.736068 0.132908 0.119485 0.0113608 0.000177817
 0.698818 0.266908 0.0172593 0.0155162 0.00149839
 0.934375 0.0561988 0.00835326 0.000540156 0.000532496
 0.458416 0.526188 0.0131853 0.00195983 0.000251664
 0.332247 0.431104 0.229922 0.00576141 0.000966329
 0.946877 0.0286869 0.0157758 0.00841378 0.000246196
 0.0362831 0.940362 0.0126121 0.0069358 0.00380733
 0.773383 0.0172179 0.204325 0.00274039 0.0023343
 0.516268 0.42595 0.00439016 0.0520979 0.00129393
 0.0390163 0.675324 0.251538 0.00259254 0.0315297
 0.832183 0.0135399 0.108417 0.0403821 0.00547802
 0.425625 0.524808 0.00399919 0.0320224 0.0135454
 0.145475 0.521059 0.30469 0.00232182 0.0264555
 0.646266 0.0935363 0.158659 0.0927761 0.00876251
 0.820001 0.144368 0.00942167 0.0159813 0.0102277
 0.0691892 0.842844 0.0705536 0.00460443 0.0128085
 0.0562546 0.125568 0.740855 0.0620162 0.0153059
 0.829611 0.0192436 0.0201104 0.118652 0.0123835
pobs_PELACES
 0 0 0 0 0
 0 0 0 0 0
 0 0 0 0 0
 0 0 0 0 0
 0 0 0 0 0
 0 0 0 0 0
 0 0 0 0 0
 0 0 0 0 0
 0 0 0 0 0
 0 0 0 0 0
 0 0 0 0 0
 0 0 0 0 0
 0 0 0 0 0
 0 0 0 0 0
 0 0 0 0 0
 0 0 0 0 0
 0.505614 0.472636 0.0217494 0 0
 0 0 0 0 0
 0.443492 0.261883 0.143347 0.151278 0
 0.227955 0.32914 0.350689 0.0885471 0.00366901
 0.970185 0.0296113 0.000203453 0 0
 0.997202 0.00247181 0.000326279 0 0
 0.445219 0.490057 0.0546422 0.010081 0
 0.90214 0.0892962 0.00764917 0.000914606 0
 0 0 0 0 0
 0.581667 0.319106 0.0959925 0.00289975 0.000334073
 0.762889 0.0836404 0.116647 0.0363945 0.000428098
 0.88444 0.0763242 0.0277011 0.0115352 0
 0.521256 0.241999 0.230069 0.00667565 0
 0.616807 0.101726 0.260614 0.0208532 0
 0.833518 0.0704572 0.0857862 0.0102388 0
ppred_PELACES
 0.00249336 0.847649 0.149658 0.000150304 4.94874e-05
 0.64001 0.00182908 0.304353 0.0537354 7.17362e-05
 0.00167107 0.786197 0.00107783 0.179347 0.0317071
 0.795778 0.000711344 0.160268 0.000219717 0.0430237
 0.946437 0.0486714 1.70371e-05 0.0038385 0.00103571
 0.974613 0.0248063 0.000527758 1.84738e-07 5.28525e-05
 0.00531532 0.982524 0.011882 0.000252792 2.54044e-05
 0.0299766 0.011273 0.947029 0.0114528 0.000268147
 0.95492 0.00274295 0.00049202 0.0413338 0.000511568
 0.0685932 0.911546 0.00120842 0.000216761 0.0184351
 0.968831 0.00445561 0.0261439 3.46584e-05 0.000534951
 0.830064 0.167317 0.000374358 0.0021966 4.78583e-05
 0.323887 0.616571 0.0586244 0.000131167 0.000786409
 0.776589 0.112503 0.101141 0.00961659 0.000150517
 0.732448 0.237105 0.0153322 0.0137837 0.00133108
 0.941383 0.0501975 0.00746124 0.000482474 0.000475633
 0.470455 0.51449 0.0128922 0.00191626 0.000246069
 0.356875 0.415204 0.221442 0.00554892 0.000930689
 0.950777 0.0265812 0.0146179 0.00779621 0.000228125
 0.0383697 0.938326 0.0125848 0.00692078 0.00379909
 0.782164 0.0165507 0.196407 0.00263421 0.00224385
 0.53308 0.411146 0.00423758 0.0502873 0.00124896
 0.0409857 0.67394 0.251022 0.00258722 0.0314651
 0.838123 0.0130606 0.104579 0.0389527 0.00528411
 0.434181 0.51699 0.00393962 0.0315454 0.0133436
 0.149987 0.518307 0.303081 0.00230956 0.0263158
 0.661699 0.0894554 0.151737 0.0887285 0.00838022
 0.824851 0.140478 0.00916779 0.0155507 0.00995213
 0.0705546 0.841608 0.0704501 0.00459767 0.0127897
 0.0586035 0.125256 0.739011 0.0618618 0.0152678
 0.839831 0.0180893 0.0189041 0.111535 0.0116407
pobs_pel_tallas
 0 0 0 0 0 0 0 0 0 0 0 0 0 0 0 0 0 0 0 0 0 0 0 0 0 0
 0 0 0 0 0 0 0 0 0 0 0 0 0 0 0 0 0 0 0 0 0 0 0 0 0 0
 0 0 0 0 0 0 0 0 0 0 0 0 0 0 0 0 0 0 0 0 0 0 0 0 0 0
 0 0 0 0 0 0 0 0 0 0 0 0 0 0 0 0 0 0 0 0 0 0 0 0 0 0
 0 0 0 0 0 0 0 0 0 0 0 0 0 0 0 0 0 0 0 0 0 0 0 0 0 0
 0 0 0 0 0 0 0 0 0 0 0 0 0 0 0 0 0 0 0 0 0 0 0 0 0 0
 0 0 0 0 0 0 0 0 0 0 0 0 0 0 0 0 0 0 0 0 0 0 0 0 0 0
 0 0 0 0 0 0 0 0 0 0 0 0 0 0 0 0 0 0 0 0 0 0 0 0 0 0
 0 0 0 0 0 0 0 0 0 0 0 0 0 0 0 0 0 0 0 0 0 0 0 0 0 0
 0 0 0 0 0 0 0 0 0 0 0 0 0 0 0 0 0 0 0 0 0 0 0 0 0 0
 0 0 0 0 0 0 0 0 0 0 0 0 0 0 0 0 0 0 0 0 0 0 0 0 0 0
 0 0 0 0 0 0 0 0 0 0 0 0 0 0 0 0 0 0 0 0 0 0 0 0 0 0
 0.00862536 0 0 0.000197151 0.00414017 0.0128641 0.00837892 0.0270097 0.101434 0.158115 0.152841 0.127902 0.109271 0.109419 0.0830992 0.0579132 0.0238553 0.00714673 0.00463305 0.00128148 0.00103504 0.000492878 0.000147863 0.000147863 4.92878e-05 0
 0 0 0 0 0 0 0 0 0 0 0 0 0 0 0 0 0 0 0 0 0 0 0 0 0 0
 0 0 0 0 0 0 0 0.0054083 0.00873648 0.0413646 0.0450493 0.0745869 0.0622846 0.0627006 0.0613931 0.0827291 0.12552 0.122667 0.0946155 0.0697135 0.0546179 0.0294188 0.0215738 0.0213955 0.0102223 0.00600262
 0 0 0 0 0.00359764 0.0251062 0.0480494 0.140153 0.205849 0.193036 0.1447 0.116669 0.0760912 0.0342217 0.00950174 0.001854 0.000860785 0 0 0 0.000165536 0 0.000143464 0 0 0
 0 0 0 0 0 0 0 0.000145254 0.000435761 0.0275982 0.070085 0.0708112 0.156366 0.174668 0.174014 0.160142 0.0824315 0.0480064 0.0283245 0.00493863 0.00203355 0 0 0 0 0
 0 0 0 0 0 0 0 0 0 0 0 0 0 0 0 0 0 0 0 0 0 0 0 0 0 0
 0 0 1.00437e-05 0.000401748 0.00122533 0.00171747 0.00176769 0.0269171 0.070346 0.194647 0.189555 0.159765 0.064822 0.0314167 0.0384472 0.0292271 0.0345202 0.0313363 0.0194345 0.0106764 0.0143323 0.0359363 0.0279516 0.0138201 0.00172751 0
 0 0.0021121 0.0136068 0.0755702 0.200478 0.177729 0.0527432 0.0373336 0.0318909 0.0142505 0.0149659 0.0166563 0.0217959 0.0798694 0.0677717 0.0528807 0.04013 0.0224614 0.0357745 0.0225083 0.00881397 0.00855152 0.00135912 0.000746735 0 0
 0 0 0 0 5.4009e-05 0.00500934 0.000945158 0.0243581 0.138947 0.33067 0.221406 0.137944 0.0707744 0.0437923 0.0131692 0.00525238 0.0047753 0.00276346 9.45158e-05 9.00151e-06 2.25038e-05 9.00151e-06 4.50075e-06 0 0 0
 0.000866109 0.00284123 0.00948549 0.0512746 0.133035 0.25785 0.225252 0.132002 0.0553304 0.0519788 0.0540692 0.017754 0.00435017 0.00159236 0.00146478 0.000404838 0.000125132 0.000115318 0.000107957 0.000100596 0 0 0 0 0 0
 0 0 0 0 0.00144013 0.00171154 0.00461396 0.0210425 0.0478622 0.0707936 0.0888783 0.103762 0.0637923 0.0337046 0.0602308 0.124433 0.169614 0.0934646 0.0462172 0.0250306 0.0313229 0.00938855 0.002487 0.000210481 0 0
 0 0.00764035 0.051015 0.0998891 0.058973 0.0496711 0.0374665 0.0718981 0.12319 0.153886 0.159021 0.0857701 0.0377988 0.023471 0.0147837 0.00900784 0.00315554 0.000888139 0.00291439 0.00214683 0.00393193 0.00274676 0.000635225 9.99891e-05 0 0
 0 0 0 0 0 0 0 0 0 0 0 0 0 0 0 0 0 0 0 0 0 0 0 0 0 0
 0 0 0 0 0 0 0 0 0 0 0 0 0 0 0 0 0 0 0 0 0 0 0 0 0 0
 0 0 0 0 0 0 0 0 0 0 0 0 0 0 0 0 0 0 0 0 0 0 0 0 0 0
 0 0 0 0 0 0 0 0 0 0 0 0 0 0 0 0 0 0 0 0 0 0 0 0 0 0
 0 0 0 0 0 0 0 0 0 0 0 0 0 0 0 0 0 0 0 0 0 0 0 0 0 0
 0 0 0 0 0 0 0 0 0 0 0 0 0 0 0 0 0 0 0 0 0 0 0 0 0 0
 0 0 0 0 0 0 0 0 0 0 0 0 0 0 0 0 0 0 0 0 0 0 0 0 0 0
ppred_pel_tallas
 1.04559e-16 2.05552e-07 1.99812e-06 1.32822e-05 6.0429e-05 0.000188456 0.000404544 0.000607576 0.00068931 0.000803932 0.00152958 0.00393443 0.00973901 0.0212379 0.0403435 0.0667258 0.0961834 0.121063 0.133513 0.12983 0.112596 0.0888188 0.0656881 0.0472727 0.0340754 0.0246791
 1.14185e-16 5.27168e-05 0.000512426 0.00340525 0.0154798 0.0481633 0.102617 0.149773 0.149773 0.102621 0.0481764 0.0155239 0.00353955 0.000883915 0.000988026 0.0021503 0.00449392 0.00858033 0.0149359 0.0236885 0.0342174 0.0450121 0.0539441 0.0589486 0.0588207 0.0536989
 1.23584e-16 1.37808e-07 1.33962e-06 8.90591e-06 4.05314e-05 0.000126514 0.000272348 0.000413362 0.000489029 0.000642025 0.00136749 0.0036237 0.00899887 0.0196134 0.037212 0.0614394 0.0883543 0.11088 0.121918 0.118474 0.10364 0.0846799 0.0687105 0.0592256 0.0554987 0.0543693
 1.11929e-16 6.55472e-05 0.000637142 0.00423403 0.0192473 0.0598855 0.127592 0.186225 0.186225 0.127594 0.0598919 0.0192693 0.0043016 0.000825818 0.000544841 0.00111368 0.00233948 0.00449841 0.00788756 0.0126137 0.01841 0.024556 0.0299981 0.0336703 0.0348715 0.0335022
 1.00574e-16 7.79568e-05 0.000757768 0.00503563 0.0228913 0.0712232 0.151749 0.221483 0.221487 0.151772 0.0713 0.0231129 0.00559144 0.00196963 0.00237528 0.00379263 0.00543129 0.0067802 0.00738004 0.00702776 0.00590059 0.00444631 0.00312445 0.00219449 0.00167232 0.001424
 1.00031e-16 8.02776e-05 0.000780327 0.00518555 0.0235727 0.0733435 0.156266 0.228076 0.228078 0.156278 0.0733827 0.0236857 0.0054688 0.00139787 0.00125073 0.00193444 0.00276419 0.00344497 0.00373655 0.00353014 0.00291044 0.00210207 0.00134082 0.00076815 0.000408617 0.000213504
 1.00624e-16 4.3802e-07 4.2578e-06 2.82992e-05 0.000128702 0.000400947 0.000857752 0.00127172 0.00136621 0.00131935 0.00195026 0.00460094 0.011244 0.0244542 0.046335 0.0763373 0.109348 0.136205 0.14757 0.139137 0.114279 0.0819347 0.0515013 0.0286398 0.0143581 0.00672709
 1.28526e-16 2.46914e-06 2.40009e-05 0.000159494 0.00072504 0.00225588 0.00480648 0.00701571 0.00701826 0.00481962 0.00230422 0.000883251 0.000626572 0.00127451 0.00305179 0.00679365 0.0138496 0.0258381 0.0440635 0.0685708 0.0971923 0.125268 0.146628 0.155737 0.150026 0.131065
 1.04247e-16 7.86555e-05 0.000764559 0.00508076 0.0230964 0.0718615 0.153109 0.223467 0.223467 0.15311 0.0718662 0.0231101 0.00511611 0.000845117 0.000242399 0.000306865 0.000513229 0.000828978 0.00130177 0.00200798 0.00302498 0.00437916 0.00598812 0.00763551 0.00900803 0.00979166
 1.0341e-16 5.65012e-06 5.49213e-05 0.000364976 0.00165918 0.0051628 0.0110031 0.0160778 0.0161654 0.0114313 0.00659995 0.00580753 0.0107679 0.0227317 0.042976 0.0707858 0.101377 0.126248 0.136749 0.128928 0.105983 0.076289 0.0486297 0.0282575 0.0160144 0.00993076
 1.0085e-16 7.98013e-05 0.000775697 0.00515478 0.0234329 0.0729084 0.155339 0.226722 0.226722 0.155341 0.0729163 0.0234561 0.00521497 0.00091331 0.000359326 0.000514944 0.000843496 0.00128739 0.00183869 0.00248086 0.00316923 0.00381406 0.00428568 0.00445541 0.00425544 0.00371827
 1.00283e-16 6.83713e-05 0.000664593 0.00441646 0.0200766 0.0624658 0.133091 0.194253 0.194269 0.133169 0.0627296 0.0208381 0.00632603 0.00482718 0.0079562 0.0129987 0.0186102 0.0231757 0.0251023 0.0236614 0.0194348 0.0139529 0.00882181 0.00500295 0.00265583 0.00143276
 1.01996e-16 2.66783e-05 0.000259322 0.00172329 0.00783386 0.0243744 0.0519344 0.0758122 0.0758716 0.0522245 0.0253483 0.0106461 0.00877983 0.0156549 0.0292393 0.0482258 0.0693001 0.0867844 0.094893 0.0909302 0.0768935 0.058136 0.0402177 0.0263896 0.0171446 0.0113564
 1.03938e-16 6.39666e-05 0.000621778 0.00413194 0.0187832 0.0584415 0.124516 0.181737 0.181748 0.12457 0.0586222 0.0193068 0.00545263 0.00352601 0.00564151 0.00938634 0.0138892 0.0182429 0.0215387 0.0233116 0.0237292 0.0233139 0.0224588 0.0211755 0.0192435 0.0165466
 1.02111e-16 6.03308e-05 0.000586437 0.00389708 0.0177156 0.0551199 0.11744 0.171411 0.171434 0.117551 0.0554943 0.0187966 0.00660947 0.00650359 0.0112865 0.0185335 0.026624 0.0333407 0.0364724 0.0350131 0.029773 0.0228497 0.016394 0.0116191 0.0086236 0.00685098
 1.00358e-16 7.75405e-05 0.000753721 0.00500874 0.022769 0.0708429 0.150938 0.2203 0.220305 0.150962 0.0709223 0.0229983 0.00558427 0.00201009 0.00246356 0.00394979 0.00568145 0.00714196 0.00786125 0.00762174 0.00658154 0.00516372 0.00380199 0.00274142 0.00200888 0.00151028
 1.00738e-16 3.87509e-05 0.000376673 0.00250312 0.0113789 0.0354042 0.0754341 0.110109 0.110158 0.0756759 0.0362157 0.0137215 0.00837868 0.013187 0.0243207 0.0400215 0.0573571 0.0715132 0.077611 0.0734011 0.0606372 0.0439664 0.0282616 0.0164374 0.00898889 0.0049027
 1.07211e-16 2.93954e-05 0.000285734 0.0018988 0.00863171 0.0268567 0.0572225 0.0835263 0.0835665 0.0574193 0.0275184 0.0105462 0.00671608 0.0108406 0.020188 0.0336208 0.0491045 0.0631429 0.0721172 0.0742376 0.0704318 0.06339 0.0556416 0.0482809 0.0411169 0.0336697
 1.0125e-16 7.83142e-05 0.000761242 0.00505872 0.0229962 0.0715498 0.152444 0.222498 0.2225 0.152457 0.0715922 0.023119 0.00536798 0.00143956 0.00137604 0.00217598 0.0031863 0.00413288 0.00479421 0.00507164 0.00503613 0.00485849 0.00467874 0.0045228 0.0043201 0.00398432
 1.0194e-16 3.16065e-06 3.07228e-05 0.000204168 0.000928174 0.00288838 0.00615733 0.00900572 0.00909596 0.00659819 0.00436811 0.00519962 0.0109166 0.0233846 0.0442638 0.0729297 0.10449 0.130207 0.141182 0.133328 0.109882 0.0793821 0.0507773 0.0294183 0.0161896 0.00916865
 1.06317e-16 6.44258e-05 0.000626242 0.0041616 0.018918 0.058861 0.12541 0.183039 0.183041 0.125419 0.0588934 0.0190155 0.00442079 0.00123954 0.00136791 0.00252 0.00446024 0.00734297 0.0113037 0.0162947 0.0219216 0.0273521 0.0314427 0.0331206 0.0318517 0.0279121
 1.05482e-16 4.39092e-05 0.000426813 0.00283632 0.0128935 0.0401168 0.0854745 0.124761 0.1248 0.0856678 0.0407655 0.0147663 0.0075341 0.0106718 0.0194717 0.032047 0.0459949 0.0575126 0.0627839 0.0601165 0.0510084 0.0392092 0.0285284 0.0210584 0.0168367 0.0146735
 1.13001e-16 3.37608e-06 3.28168e-05 0.000218082 0.000991409 0.00308499 0.00657531 0.00961052 0.00967571 0.00689398 0.00415568 0.00408695 0.00799968 0.0170576 0.0324462 0.0539195 0.0783328 0.0998736 0.11255 0.113504 0.10456 0.0906844 0.0767138 0.065001 0.0553767 0.046652
 1.07822e-16 6.90351e-05 0.000671046 0.00445933 0.0202715 0.0630721 0.134382 0.196135 0.196136 0.134389 0.0630964 0.0203439 0.00464953 0.00111462 0.000995191 0.00175623 0.00304181 0.00492053 0.00749874 0.0108211 0.014764 0.0189332 0.0226649 0.0251928 0.0259277 0.0246948
 1.05668e-16 3.5763e-05 0.000347629 0.00231012 0.0105015 0.0326744 0.069618 0.10162 0.10167 0.069861 0.0334898 0.0128556 0.00821448 0.0132217 0.0244418 0.0402374 0.0577014 0.0720355 0.0784012 0.0746301 0.0625865 0.0470118 0.0327856 0.0226859 0.016926 0.0141373
 1.13564e-16 1.23543e-05 0.000120089 0.000798033 0.00362777 0.0112876 0.0240513 0.0351141 0.0351645 0.0242973 0.0121146 0.00602089 0.00682197 0.0133262 0.0252559 0.0421568 0.0617087 0.079635 0.0914925 0.0950967 0.0915978 0.0842662 0.0760939 0.0682393 0.0602662 0.0514342
 1.14719e-16 5.45033e-05 0.000529791 0.00352065 0.0160044 0.0497956 0.106095 0.154851 0.15486 0.106138 0.0499422 0.0164311 0.00460417 0.0029363 0.00474697 0.00808446 0.0124068 0.0172342 0.0221135 0.0268705 0.0316242 0.0364519 0.0409881 0.0443527 0.0455178 0.0438464
 1.03545e-16 6.79419e-05 0.00066042 0.00438872 0.0199505 0.0620735 0.132255 0.193032 0.193046 0.132321 0.0622954 0.0205914 0.00599695 0.00416991 0.00672971 0.0110104 0.0158401 0.0198989 0.0219041 0.0212961 0.0185896 0.0150443 0.0119145 0.00984985 0.00879349 0.0082804
 1.04874e-16 5.81167e-06 5.64915e-05 0.00037541 0.00170661 0.00531033 0.0113172 0.0165348 0.0166158 0.0117131 0.00663947 0.00554454 0.0100051 0.0210647 0.0398644 0.0657899 0.0945252 0.118346 0.129369 0.123952 0.10488 0.0795297 0.0555413 0.0373482 0.0255396 0.0184246
 1.30146e-16 4.82712e-06 4.69213e-05 0.000311809 0.00141745 0.00441028 0.00939704 0.013718 0.0137312 0.00946212 0.00463207 0.00207256 0.00201093 0.00393695 0.00792216 0.014469 0.0240538 0.0369341 0.0531424 0.0723498 0.0933918 0.11373 0.129537 0.136834 0.133245 0.119239
 1.13706e-16 6.91758e-05 0.000672413 0.00446842 0.0203128 0.0632006 0.134656 0.196534 0.196536 0.134665 0.0632307 0.0204005 0.00469258 0.00117531 0.00106627 0.00177028 0.00283755 0.00423737 0.0060482 0.00845438 0.0116859 0.0158423 0.0206879 0.0255669 0.0295326 0.0316569
pSPR Fmed_Fpbrs
0.487848   0.285357 0.285357
Fs Fmed_Fpbrs
0.503554   1.005 1.005
SSBpbr Bo_Bmed_Bpbrs
1.72923e+06  757143  406987 406987
Ro
47021
SPR SPRFo_SPRFmed_SPRFpbrs
335618 163731 95770.9
Fref
1.005
Nvult_r0
 143167 2013.23 2103.91 12413.1 1295.54
CTP_r0
 26251.7 623.907 652.01 3846.87 401.493
YTP_r0
391221
Np
 172156 38317.2 8024.23 83.1815 98.6341
Nvult_p0
 133838 33157.4 6943.68 71.9802 85.352
CTP_p0
 44761.3 25846.5 267.932 280.001 2039.89
 44761.3 16620 3480.5 36.0799 42.7824
YTP_p0
 823707 678709
CBA_c0
780208
log_Ro
10.5784
likeval ReclasPelacesDesembMPH_pf_preclas_ppelaces_ptallas_desvR_qrecl_qpela
 58.6808 48.4371 0.746659 0.00206838 441.833 172.104 143.671 0 221.07 0 0 1.10794 0 0 0
q_reclas_q_pelaces
1 1
M
1
N
 887.039 167314 29540.4 29.6679 9.76814
 164555 287.874 47901.2 8457.25 11.2903
 163.36 47440.1 65.0375 10822 1913.25
 31634.7 46.6245 10504.6 14.4012 2819.96
 42626.2 2764.02 0.96753 217.987 58.8173
 315164 5145.06 109.462 0.0383165 10.9621
 583.071 85888.7 1038.68 22.0982 2.22076
 516.882 122.331 10276.8 124.281 2.90983
 67869 144.118 25.8513 2171.73 26.8784
 1278.3 15587.2 20.6636 3.70656 315.236
 86102.9 226.289 1327.78 1.76021 27.1688
 201318 26966.5 60.3353 354.026 7.71332
 41793.5 52570.6 4998.48 11.1837 67.0515
 87175.5 10988.6 9878.77 939.286 14.7015
 67051.9 16451.9 1063.85 956.403 92.3593
 414035 14943.1 2221.1 143.626 141.589
 171232 105752 2649.95 393.882 50.5789
 71074.4 54398.3 29012.4 726.997 121.935
 1.09807e+06 18787 10331.6 5510.17 161.233
 22377.9 316666 4247.11 2335.62 1282.11
 574241 6903.73 81926.5 1098.79 935.967
 396385 181105 1866.61 22151 550.152
 12708.9 118877 44278.2 456.364 5550.17
 460834 4002.29 32047.2 11936.6 1619.26
 228846 148751 1133.52 9076.38 3839.28
 40054.5 75736.5 44287 337.48 3845.33
 164728 13218.7 22421.9 13111.2 1238.33
 532383 49284.1 3216.35 5455.68 3491.52
 28165.3 177100 14824.9 967.492 2691.35
 8156.82 9722.32 57361.9 4801.7 1185.08
 202756 2630.94 2749.45 16221.8 1693.05
pred_Ctot
 66.7475 23938.7 4226.52 4.24477 1.39759
 22954.4 73.0361 12153 2145.68 2.86446
 23.632 12436.8 17.0502 2837.09 501.574
 17026.6 33.8749 7632.1 10.4631 2048.83
 19754.8 1832.43 0.64143 144.516 38.9933
 52915.3 1540.02 32.7643 0.0114689 3.28119
 165.693 39999.1 483.723 10.2913 1.03423
 80.9001 34.4096 2890.69 34.9582 0.818485
 16743.2 59.892 10.7432 902.518 11.17
 444.427 8469.83 11.2283 2.01408 171.294
 8198.35 40.4114 237.119 0.314343 4.85188
 37967.8 8934.2 19.9895 117.291 2.55548
 7745.35 17154.9 1631.11 3.64947 21.8803
 28310.2 5674.24 5101.17 485.025 7.59151
 17397.8 7124.06 460.671 414.145 39.9938
 82410.4 5186.07 770.845 49.846 49.1392
 14945.7 17406.8 436.181 64.8329 8.32528
 12990.2 17538.5 9353.87 234.391 39.313
 152995 4761.4 2618.45 1396.51 40.8631
 2316 61118.6 819.719 450.791 247.457
 52454.5 1185.93 14073.5 188.752 160.782
 47075.8 39689.3 409.068 4854.41 120.566
 1171.3 20592.1 7669.92 79.052 961.408
 36091.1 594.74 4762.22 1773.78 240.622
 14647.9 18242.6 139.014 1113.12 470.845
 2629.09 9514.29 5563.49 42.3954 483.065
 19774.1 2925.46 4962.25 2901.68 274.058
 32488.6 5774.19 376.832 639.194 409.071
 1103.93 13524.7 1132.14 73.8849 205.532
 642.254 1452.1 8567.4 717.168 177
 26251.7 623.907 652.01 3846.87 401.493
F
 0.125367 0.250734 0.250734 0.250734 0.250734
 0.243779 0.487557 0.487557 0.487557 0.487557
 0.253827 0.507654 0.507654 0.507654 0.507654
 1.43757 2.87514 2.87514 2.87514 2.87514
 1.11443 2.22886 2.22886 2.22886 2.22886
 0.300041 0.600082 0.600082 0.600082 0.600082
 0.561582 1.12316 1.12316 1.12316 1.12316
 0.277184 0.554368 0.554368 0.554368 0.554368
 0.471129 0.942257 0.942257 0.942257 0.942257
 0.731471 1.46294 1.46294 1.46294 1.46294
 0.160947 0.321895 0.321895 0.321895 0.321895
 0.342731 0.685462 0.685462 0.685462 0.685462
 0.335885 0.671769 0.671769 0.671769 0.671769
 0.667482 1.33496 1.33496 1.33496 1.33496
 0.501219 1.00244 1.00244 1.00244 1.00244
 0.364853 0.729707 0.729707 0.729707 0.729707
 0.146687 0.293374 0.293374 0.293374 0.293374
 0.330564 0.661127 0.661127 0.661127 0.661127
 0.243463 0.486926 0.486926 0.486926 0.486926
 0.176012 0.352024 0.352024 0.352024 0.352024
 0.15397 0.307939 0.307939 0.307939 0.307939
 0.204294 0.408588 0.408588 0.408588 0.408588
 0.15544 0.31088 0.31088 0.31088 0.31088
 0.130768 0.261536 0.261536 0.261536 0.261536
 0.10579 0.21158 0.21158 0.21158 0.21158
 0.10861 0.21722 0.21722 0.21722 0.21722
 0.206692 0.413383 0.413383 0.413383 0.413383
 0.100648 0.201296 0.201296 0.201296 0.201296
 0.0636674 0.127335 0.127335 0.127335 0.127335
 0.131512 0.263024 0.263024 0.263024 0.263024
 0.224536 0.449073 0.449073 0.449073 0.449073
YTP_r0W_actual
 217889 8797.08 17995.5 131563 14975.7
YTP_p0W_proyectada
 335262 405015 6197.28 8223.63 69009.4
 335262 260436 80504 1059.67 1447.33
CTP_r0_actual
 26251.7 623.907 652.01 3846.87 401.493
CTP_p0_proyectada
 44761.3 25846.5 267.932 280.001 2039.89
 44761.3 16620 3480.5 36.0799 42.7824
Wmedp
 7.49 15.67 23.13 29.37 33.83
Frms_r0
 0.224536 0.449073 0.449073 0.449073 0.449073
Zrms_r0
 1.22454 1.44907 1.44907 1.44907 1.44907
nmprior
 8.19 8.8 8.5 0
nm_flota  nm_reclas  nm_pelaces    nm_pelaL
inf 4.09168 3.8054 5.68225
cv_recla  cv_pelaces  cv_mph
0.692904 0.789153 1.40353
 ------------------------------------------------
Talla a la edad & desviaci?n 
 8 13.2811 15.8009 17.003 17.5766
 0.8 1.32811 1.58009 1.7003 1.75766
