years
 1991 1992 1993 1994 1995 1996 1997 1998 1999 2000 2001 2002 2003 2004 2005 2006 2007 2008 2009 2010 2011 2012 2013 2014 2015 2016 2017 2018 2019 2020 2021
reclasobs
 0 0 0 0 0 0 0 0 0 252601 567819 844713 477998 351125 339783 2.1784e+06 2.13404e+06 4.81314e+06 1.55562e+06 2.62356e+06 3.21686e+06 3.843e+06 1.13348e+06 3.07943e+06 1.97215e+06 2.03268e+06 2.025e+06 2.42433e+06 2.27542e+06 1.05018e+06 2.36338e+06
reclaspred
 3.42642e+06 1.95963e+06 1.00078e+06 1.09095e+06 1.14897e+06 1.75343e+06 1.21143e+06 1.09051e+06 786060 570907 556874 670493 664750 543545 550493 1.22068e+06 1.24818e+06 2.60688e+06 2.17307e+06 1.63718e+06 2.89825e+06 2.3623e+06 1.9365e+06 2.97361e+06 2.24503e+06 1.99785e+06 2.31216e+06 2.38791e+06 1.99666e+06 1.32238e+06 1.96357e+06
pelacesobs
 0 0 0 0 0 0 0 0 0 0 0 0 0 0 0 552880 188675 0 991730 2.46772e+06 1.41603e+06 1.21717e+06 2.29649e+06 1.80582e+06 0 1.4828e+06 1.56532e+06 1.57751e+06 1.42118e+06 867257 1.10002e+06
pelacespred
 2.34905e+06 1.50833e+06 780160 652685 714448 1.09623e+06 788745 797364 582803 405154 388346 393613 423926 368861 372138 661411 729176 1.60685e+06 1.47867e+06 1.05216e+06 1.70327e+06 1.56929e+06 1.30531e+06 2.04671e+06 1.59217e+06 1.39933e+06 1.75477e+06 1.79578e+06 1.32841e+06 986216 1.34296e+06
mphobs
 0 0 0 0 0 0 0 0 0 0 0 498337 0 5186 125008 0 168611 109162 213762 579715 649985 157893 87575 83554 0 0 0 0 0 0 0
mphpred
 510273 343663 176066 96463.7 119631 138976 182071 127055 109130 76596 50291.8 64081.8 67637.7 59041.5 43294.2 53104.8 139546 141766 255174 198300 213214 262102 250339 212537 294142 242684 201559 209389 282469 198771 131954
desembarqueobs
 494567 514787 250237 358949 120608 361735 552515 73892 212993 205616 52469 317467 293654 387597 252695 516296 358380 742168 942051 627588 828172 859565 418607 520667 417249 300574 415391 372974 316634 284311 391294
desembarquepred
 494684 513105 251207 358872 120593 361640 552539 73887 213004 205631 52453.2 317457 293657 387589 252625 516057 358392 741809 941797 627421 828066 859438 418611 520510 417191 300541 415256 372828 316629 284300 391134
Reclutas
 239396 138400 136603 289562 232329 363304 153701 73932.3 64097.3 80626.1 140817 178359 151556 107159 109935 525879 135794 807163 486353 367676 553305 745041 168343 483226 402263 186082 399027 439089 142157 107397 391269
log_desv_Rt
 0.0635525 -0.48442 -0.497485 0.253805 0.0335901 0.480675 -0.379554 -1.11142 -1.25416 -1.02474 -0.467102 -0.230768 -0.393612 -0.740248 -0.714677 0.850506 -0.503427 1.27896 0.772371 0.492637 0.901344 1.19887 -0.288559 0.76592 0.582542 -0.188377 0.574465 0.670138 -0.457632 -0.738031 0.55483
SSB
 4.48291e+06 3.01919e+06 1.54679e+06 847465 1.05099e+06 1.22095e+06 1.59956e+06 1.11622e+06 958746 672920 441830 562980 594219 518699 380354 466543 1.22596e+06 1.24546e+06 2.24178e+06 1.74213e+06 1.87316e+06 2.30265e+06 2.19931e+06 1.86721e+06 2.58413e+06 2.13205e+06 1.77076e+06 1.83955e+06 2.48158e+06 1.74627e+06 1.15926e+06
BT
 5.91563e+06 4.04206e+06 2.08195e+06 1.9284e+06 1.82826e+06 3.06414e+06 2.36786e+06 2.00704e+06 1.61958e+06 1.1832e+06 1.01682e+06 1.248e+06 1.3222e+06 1.33163e+06 1.20601e+06 2.15178e+06 2.03997e+06 4.81817e+06 4.55487e+06 3.12279e+06 4.97883e+06 4.67327e+06 3.4992e+06 5.7135e+06 4.21995e+06 3.65909e+06 4.87299e+06 4.91897e+06 3.38741e+06 2.62255e+06 3.81696e+06
Ftot
 0.0947116 0.169916 0.163809 0.223758 0.0709522 0.141484 0.296331 0.0454988 0.180583 0.238426 0.0655137 0.317458 0.295918 0.472753 0.315355 0.297093 0.19055 0.198813 0.289239 0.256545 0.194472 0.246011 0.142991 0.121693 0.124691 0.100635 0.124171 0.108707 0.103825 0.141857 0.139453
BD_Bspro_t
 0.98496 0.88731 0.764413 0.692725 0.706763 0.770023 0.763665 0.648939 0.694263 0.66147 0.630541 0.759405 0.653507 0.574604 0.482428 0.532921 0.654139 0.6453 0.713343 0.629103 0.60263 0.647835 0.663222 0.663 0.755749 0.762998 0.77072 0.796409 0.828746 0.778143 0.730863
BD_Bspro
 2.79167 1.88016 0.963244 0.527747 0.654492 0.760332 0.996102 0.69511 0.597046 0.419052 0.275144 0.350588 0.370042 0.323013 0.23686 0.290533 0.763449 0.775596 1.39604 1.08489 1.16648 1.43394 1.36959 1.16278 1.60923 1.32771 1.10272 1.14556 1.54537 1.08746 0.721913
BD_Bo
 1.9444 1.30953 0.670901 0.367577 0.455854 0.529572 0.693786 0.484145 0.415843 0.29187 0.191638 0.244185 0.257735 0.224979 0.164973 0.202357 0.531743 0.540203 0.972344 0.755625 0.812457 0.998742 0.953922 0.809876 1.12083 0.92475 0.768044 0.797882 1.07635 0.757419 0.502813
BD_Brms
 13.2471 8.92181 4.57082 2.50429 3.10572 3.60796 4.72674 3.29846 2.83312 1.9885 1.30562 1.66362 1.75594 1.53277 1.12396 1.37865 3.62275 3.68038 6.62454 5.14804 5.53524 6.80439 6.49903 5.51765 7.63619 6.30028 5.23265 5.43594 7.33314 5.16027 3.42565
Sel_flota
 0.870561 1 1 1 1
 0.870561 1 1 1 1
 0.870561 1 1 1 1
 0.870561 1 1 1 1
 0.870561 1 1 1 1
 0.870561 1 1 1 1
 0.870561 1 1 1 1
 0.870561 1 1 1 1
 0.870561 1 1 1 1
 0.870561 1 1 1 1
 0.870561 1 1 1 1
 0.870561 1 1 1 1
 0.870561 1 1 1 1
 0.870561 1 1 1 1
 0.870561 1 1 1 1
 0.870561 1 1 1 1
 0.870561 1 1 1 1
 0.870561 1 1 1 1
 0.870561 1 1 1 1
 0.870561 1 1 1 1
 0.870561 1 1 1 1
 0.870561 1 1 1 1
 0.870561 1 1 1 1
 0.870561 1 1 1 1
 0.870561 1 1 1 1
 0.870561 1 1 1 1
 0.870561 1 1 1 1
 0.870561 1 1 1 1
 0.870561 1 1 1 1
 0.870561 1 1 1 1
 0.870561 1 1 1 1
Sel_reclas
 1 1 1 1 1
 1 1 1 1 1
 1 1 1 1 1
 1 1 1 1 1
 1 1 1 1 1
 1 1 1 1 1
 1 1 1 1 1
 1 1 1 1 1
 1 1 1 1 1
 1 1 1 1 1
 1 1 1 1 1
 1 1 1 1 1
 1 1 1 1 1
 1 1 1 1 1
 1 1 1 1 1
 1 1 1 1 1
 1 1 1 1 1
 1 1 1 1 1
 1 1 1 1 1
 1 1 1 1 1
 1 1 1 1 1
 1 1 1 1 1
 1 1 1 1 1
 1 1 1 1 1
 1 1 1 1 1
 1 1 1 1 1
 1 1 1 1 1
 1 1 1 1 1
 1 1 1 1 1
 1 1 1 1 1
 1 1 1 1 1
Sel_pelaces
 0.83945 0.998793 0.999992 1 1
 0.83945 0.998793 0.999992 1 1
 0.83945 0.998793 0.999992 1 1
 0.83945 0.998793 0.999992 1 1
 0.83945 0.998793 0.999992 1 1
 0.83945 0.998793 0.999992 1 1
 0.83945 0.998793 0.999992 1 1
 0.83945 0.998793 0.999992 1 1
 0.83945 0.998793 0.999992 1 1
 0.83945 0.998793 0.999992 1 1
 0.83945 0.998793 0.999992 1 1
 0.83945 0.998793 0.999992 1 1
 0.83945 0.998793 0.999992 1 1
 0.83945 0.998793 0.999992 1 1
 0.83945 0.998793 0.999992 1 1
 0.83945 0.998793 0.999992 1 1
 0.83945 0.998793 0.999992 1 1
 0.83945 0.998793 0.999992 1 1
 0.83945 0.998793 0.999992 1 1
 0.83945 0.998793 0.999992 1 1
 0.83945 0.998793 0.999992 1 1
 0.83945 0.998793 0.999992 1 1
 0.83945 0.998793 0.999992 1 1
 0.83945 0.998793 0.999992 1 1
 0.83945 0.998793 0.999992 1 1
 0.83945 0.998793 0.999992 1 1
 0.83945 0.998793 0.999992 1 1
 0.83945 0.998793 0.999992 1 1
 0.83945 0.998793 0.999992 1 1
 0.83945 0.998793 0.999992 1 1
 0.83945 0.998793 0.999992 1 1
pf_obs 
 0.8446 0.082 0.0669 0.0065 0
 0.8095 0.147 0.0364 0.0071 0
 0.9664 0.0169 0.016 0.0007 0
 0.9276 0.0648 0.0075 0.0001 0
 0.7033 0.2144 0.0806 0.0017 0
 0.9318 0.0425 0.0243 0.0014 0
 0.5671 0.3108 0.0964 0.0239 0.0018
 0.0768 0.2599 0.5324 0.112 0.0189
 0.490249 0.384438 0.106611 0.0170017 0.00170017
 0.7925 0.1577 0.0466 0.003 0.0002
 0.840416 0.127587 0.0312969 0.00059994 9.999e-05
 0.8084 0.0986 0.0794 0.0134 0.0002
 0.7335 0.1905 0.0724 0.0035 0.0001
 0.4001 0.4547 0.1325 0.0127 0
 0.49795 0.308269 0.164784 0.0264974 0.00249975
 0.9179 0.0499 0.0305 0.0017 0
 0.2467 0.6533 0.0926 0.0074 0
 0.9418 0.0223 0.034 0.0019 0
 0.707729 0.231977 0.0356964 0.0245975 0
 0.517169 0.277429 0.184464 0.0207286 0.00020938
 0.811772 0.124168 0.05621 0.00726502 0.000585176
 0.764997 0.148141 0.077277 0.00933861 0.000247198
 0.163321 0.427699 0.378323 0.0303852 0.000271297
 0.753843 0.0900009 0.118128 0.0371064 0.000921714
 0.721811 0.176058 0.0630433 0.0369309 0.00215725
 0.143369 0.312575 0.442814 0.0836902 0.0175525
 0.692698 0.0596174 0.167031 0.0765114 0.00414204
 0.394062 0.376323 0.152708 0.0712218 0.00568511
 0.125707 0.32114 0.495352 0.0537591 0.00404204
 0.23352 0.215282 0.420074 0.123614 0.00750983
 0.774587 0.0839891 0.0768558 0.0609784 0.00358967
pf_pred 
 0.433554 0.107812 0.435458 0.0230079 0.000167926
 0.413146 0.275619 0.0592374 0.239263 0.012734
 0.551592 0.201938 0.115756 0.0248789 0.105835
 0.775034 0.132422 0.0416764 0.0238901 0.0269771
 0.649747 0.280572 0.0410163 0.0129088 0.0157555
 0.730004 0.184076 0.0688263 0.0100616 0.00703157
 0.46581 0.405147 0.0879778 0.032895 0.00816955
 0.427787 0.289654 0.214302 0.0465358 0.0217211
 0.499345 0.231734 0.136127 0.100715 0.0320783
 0.654612 0.185614 0.0739533 0.0434422 0.0423781
 0.778665 0.15255 0.036966 0.0147282 0.0170915
 0.721287 0.223645 0.0379541 0.00919708 0.0079167
 0.669586 0.248781 0.0655041 0.0111165 0.0050125
 0.609534 0.275021 0.0869229 0.0228869 0.0056354
 0.707811 0.190098 0.0719066 0.0227268 0.00745739
 0.918023 0.0606962 0.0138451 0.00523706 0.00219835
 0.426253 0.533245 0.0299883 0.00684047 0.00367362
 0.886189 0.0528201 0.0566857 0.00318786 0.00111768
 0.607849 0.353257 0.0180508 0.0193718 0.00147138
 0.600856 0.257662 0.12745 0.00651244 0.0075199
 0.741638 0.164889 0.0603402 0.0298466 0.00328614
 0.746408 0.195258 0.0372296 0.013624 0.00748092
 0.340937 0.510831 0.114133 0.0217616 0.0123363
 0.743981 0.0960845 0.123963 0.0276966 0.00827454
 0.629633 0.2856 0.0318132 0.0410437 0.0119099
 0.448704 0.365769 0.143065 0.0159361 0.0265259
 0.730076 0.130941 0.0922115 0.0360671 0.0107048
 0.688729 0.236022 0.0365032 0.0257065 0.013039
 0.378556 0.447019 0.132258 0.0204551 0.0217116
 0.44917 0.227818 0.23235 0.0687447 0.0219172
 0.826972 0.084156 0.0367568 0.0374879 0.0146276
pobs_RECLAS
 0 0 0 0 0
 0 0 0 0 0
 0 0 0 0 0
 0 0 0 0 0
 0 0 0 0 0
 0 0 0 0 0
 0 0 0 0 0
 0 0 0 0 0
 0 0 0 0 0
 0 0 0 0 0
 0.991045 0.00858322 0.000360255 1.14367e-05 0
 0.934742 0.0480273 0.0164251 0.00080598 0
 0.827803 0.169806 0.00239088 0 0
 0.941827 0.0461693 0.0120037 0 0
 0.791401 0.0380133 0.147996 0.0225897 0
 0.846168 0.0940531 0.0597789 0 0
 0.134021 0.677848 0.182769 0.00536245 0
 0.80878 0.0450904 0.141981 0.00414843 0
 0.846168 0.0940531 0.0597789 0 0
 0.905697 0.0802665 0.012482 0.00150086 5.37128e-05
 0.989698 0.0102097 9.19794e-05 0 0
 0.975433 0.0193895 0.00387452 0.00125025 5.28907e-05
 0.303575 0.632131 0.0575291 0.00676475 0
 0.966965 0.00978017 0.0227588 0.000495775 0
 0.843318 0.132988 0.00938335 0.0141283 0.000182051
 0.564624 0.303363 0.111486 0.0197234 0.00080311
 0.826376 0.0876187 0.0782897 0.00655872 0.00115652
 0.89761 0.0855135 0.0140674 0.00269457 0.000114338
 0.34875 0.467042 0.161289 0.0227151 0.000203297
 0.318654 0.224769 0.449479 0.00709798 0
 0.937255 0.0296025 0.0250945 0.00804832 0
ppred_RECLAS
 0.468129 0.101231 0.408879 0.0216036 0.000157676
 0.447623 0.259427 0.0557572 0.225207 0.0119859
 0.586063 0.186414 0.106857 0.0229663 0.0976993
 0.798738 0.118469 0.0372851 0.0213728 0.0241346
 0.680778 0.255715 0.0373826 0.0117652 0.0143597
 0.756752 0.16584 0.0620079 0.00906483 0.00633498
 0.501405 0.378151 0.0821155 0.0307031 0.00762519
 0.462131 0.272269 0.20144 0.0437427 0.0204174
 0.534501 0.215462 0.126568 0.0936425 0.0298258
 0.685909 0.168795 0.0672521 0.0395057 0.0385381
 0.801748 0.13664 0.0331108 0.0131922 0.0153091
 0.749095 0.201332 0.0341673 0.00827946 0.00712682
 0.700336 0.225628 0.059408 0.0100819 0.00454601
 0.643613 0.251017 0.0793364 0.0208893 0.00514355
 0.736466 0.171455 0.0648548 0.0204979 0.00672605
 0.928135 0.0532092 0.0121373 0.00459105 0.00192718
 0.461036 0.500917 0.0281702 0.00642577 0.00345091
 0.899663 0.0465664 0.0499744 0.00281043 0.000985355
 0.641241 0.323177 0.0165137 0.0177223 0.00134609
 0.634367 0.23603 0.11675 0.00596568 0.00688856
 0.767731 0.148236 0.0542463 0.0268323 0.00295427
 0.7723 0.175321 0.0334283 0.0122329 0.00671709
 0.373135 0.485875 0.108557 0.0206985 0.0117337
 0.769735 0.0864191 0.111493 0.0249106 0.00744218
 0.661667 0.260898 0.0290616 0.0374937 0.0108798
 0.483475 0.3427 0.134042 0.014931 0.0248529
 0.756777 0.117988 0.0830899 0.0324994 0.00964588
 0.7179 0.213903 0.0330823 0.0232974 0.011817
 0.411962 0.422989 0.125149 0.0193556 0.0205445
 0.484078 0.213381 0.217625 0.0643882 0.0205283
 0.846134 0.0748359 0.032686 0.0333362 0.0130077
pobs_PELACES
 0 0 0 0 0
 0 0 0 0 0
 0 0 0 0 0
 0 0 0 0 0
 0 0 0 0 0
 0 0 0 0 0
 0 0 0 0 0
 0 0 0 0 0
 0 0 0 0 0
 0 0 0 0 0
 0 0 0 0 0
 0 0 0 0 0
 0 0 0 0 0
 0 0 0 0 0
 0 0 0 0 0
 0 0 0 0 0
 0.505614 0.472636 0.0217494 0 0
 0 0 0 0 0
 0.443492 0.261883 0.143347 0.151278 0
 0.227955 0.32914 0.350689 0.0885471 0.00366901
 0.970185 0.0296113 0.000203453 0 0
 0.997202 0.00247181 0.000326279 0 0
 0.445219 0.490057 0.0546422 0.010081 0
 0.90214 0.0892962 0.00764917 0.000914606 0
 0 0 0 0 0
 0.581667 0.319106 0.0959925 0.00289975 0.000334073
 0.762889 0.0836404 0.116647 0.0363945 0.000428098
 0.88444 0.0763242 0.0277011 0.0115352 0
 0.521256 0.241999 0.230069 0.00667565 0
 0.616807 0.101726 0.260614 0.0208532 0
 0.833518 0.0704572 0.0857862 0.0102388 0
ppred_PELACES
 0.425952 0.109152 0.441403 0.0233222 0.00017022
 0.406739 0.27845 0.0599176 0.242013 0.0128804
 0.544941 0.204798 0.117536 0.0252617 0.107464
 0.77095 0.134759 0.0424628 0.024341 0.0274864
 0.642524 0.286289 0.0419024 0.0131878 0.016096
 0.724484 0.187768 0.070291 0.0102758 0.00718126
 0.461125 0.408582 0.0888301 0.0332139 0.00824876
 0.419648 0.293599 0.217482 0.0472267 0.0220435
 0.492873 0.234578 0.137963 0.102074 0.0325112
 0.649511 0.188251 0.0750939 0.0441125 0.0430321
 0.773096 0.156329 0.0379273 0.0151113 0.0175361
 0.717747 0.226432 0.0384731 0.00932293 0.00802502
 0.665398 0.25186 0.0663944 0.0112677 0.00508067
 0.607572 0.276304 0.0874334 0.0230215 0.00566854
 0.704106 0.192428 0.0728751 0.023033 0.0075579
 0.916596 0.0617338 0.0140987 0.00533302 0.00223863
 0.420208 0.538817 0.030338 0.0069203 0.0037165
 0.883658 0.0539597 0.0579783 0.00326057 0.00114318
 0.603289 0.357322 0.0182804 0.0196184 0.00149011
 0.595735 0.260856 0.129185 0.00660114 0.00762233
 0.736841 0.167878 0.0615077 0.0304243 0.00334975
 0.742265 0.198392 0.0378727 0.0138594 0.00761019
 0.334756 0.515484 0.115311 0.0219863 0.0124637
 0.73836 0.0981206 0.126742 0.0283177 0.00846009
 0.622925 0.290693 0.0324193 0.0418261 0.0121369
 0.441264 0.370555 0.145111 0.0161641 0.0269055
 0.724316 0.133652 0.0942339 0.0368584 0.0109397
 0.682356 0.240784 0.0372845 0.0262569 0.0133181
 0.371552 0.451904 0.133864 0.0207037 0.0219754
 0.44222 0.23053 0.235398 0.0696471 0.0222049
 0.822902 0.0860821 0.0376432 0.0383922 0.0149805
pobs_pel_tallas
 0 0 0 0 0 0 0 0 0 0 0 0 0 0 0 0 0 0 0 0 0 0 0 0 0 0
 0 0 0 0 0 0 0 0 0 0 0 0 0 0 0 0 0 0 0 0 0 0 0 0 0 0
 0 0 0 0 0 0 0 0 0 0 0 0 0 0 0 0 0 0 0 0 0 0 0 0 0 0
 0 0 0 0 0 0 0 0 0 0 0 0 0 0 0 0 0 0 0 0 0 0 0 0 0 0
 0 0 0 0 0 0 0 0 0 0 0 0 0 0 0 0 0 0 0 0 0 0 0 0 0 0
 0 0 0 0 0 0 0 0 0 0 0 0 0 0 0 0 0 0 0 0 0 0 0 0 0 0
 0 0 0 0 0 0 0 0 0 0 0 0 0 0 0 0 0 0 0 0 0 0 0 0 0 0
 0 0 0 0 0 0 0 0 0 0 0 0 0 0 0 0 0 0 0 0 0 0 0 0 0 0
 0 0 0 0 0 0 0 0 0 0 0 0 0 0 0 0 0 0 0 0 0 0 0 0 0 0
 0 0 0 0 0 0 0 0 0 0 0 0 0 0 0 0 0 0 0 0 0 0 0 0 0 0
 0 0 0 0 0 0 0 0 0 0 0 0 0 0 0 0 0 0 0 0 0 0 0 0 0 0
 0 0 0 0 0 0 0 0 0 0 0 0 0 0 0 0 0 0 0 0 0 0 0 0 0 0
 0.00862536 0 0 0.000197151 0.00414017 0.0128641 0.00837892 0.0270097 0.101434 0.158115 0.152841 0.127902 0.109271 0.109419 0.0830992 0.0579132 0.0238553 0.00714673 0.00463305 0.00128148 0.00103504 0.000492878 0.000147863 0.000147863 4.92878e-05 0
 0 0 0 0 0 0 0 0 0 0 0 0 0 0 0 0 0 0 0 0 0 0 0 0 0 0
 0 0 0 0 0 0 0 0.0054083 0.00873648 0.0413646 0.0450493 0.0745869 0.0622846 0.0627006 0.0613931 0.0827291 0.12552 0.122667 0.0946155 0.0697135 0.0546179 0.0294188 0.0215738 0.0213955 0.0102223 0.00600262
 0 0 0 0 0.00359764 0.0251062 0.0480494 0.140153 0.205849 0.193036 0.1447 0.116669 0.0760912 0.0342217 0.00950174 0.001854 0.000860785 0 0 0 0.000165536 0 0.000143464 0 0 0
 0 0 0 0 0 0 0 0.000145254 0.000435761 0.0275982 0.070085 0.0708112 0.156366 0.174668 0.174014 0.160142 0.0824315 0.0480064 0.0283245 0.00493863 0.00203355 0 0 0 0 0
 0 0 0 0 0 0 0 0 0 0 0 0 0 0 0 0 0 0 0 0 0 0 0 0 0 0
 0 0 1.00437e-05 0.000401748 0.00122533 0.00171747 0.00176769 0.0269171 0.070346 0.194647 0.189555 0.159765 0.064822 0.0314167 0.0384472 0.0292271 0.0345202 0.0313363 0.0194345 0.0106764 0.0143323 0.0359363 0.0279516 0.0138201 0.00172751 0
 0 0.0021121 0.0136068 0.0755702 0.200478 0.177729 0.0527432 0.0373336 0.0318909 0.0142505 0.0149659 0.0166563 0.0217959 0.0798694 0.0677717 0.0528807 0.04013 0.0224614 0.0357745 0.0225083 0.00881397 0.00855152 0.00135912 0.000746735 0 0
 0 0 0 0 5.4009e-05 0.00500934 0.000945158 0.0243581 0.138947 0.33067 0.221406 0.137944 0.0707744 0.0437923 0.0131692 0.00525238 0.0047753 0.00276346 9.45158e-05 9.00151e-06 2.25038e-05 9.00151e-06 4.50075e-06 0 0 0
 0.000866109 0.00284123 0.00948549 0.0512746 0.133035 0.25785 0.225252 0.132002 0.0553304 0.0519788 0.0540692 0.017754 0.00435017 0.00159236 0.00146478 0.000404838 0.000125132 0.000115318 0.000107957 0.000100596 0 0 0 0 0 0
 0 0 0 0 0.00144013 0.00171154 0.00461396 0.0210425 0.0478622 0.0707936 0.0888783 0.103762 0.0637923 0.0337046 0.0602308 0.124433 0.169614 0.0934646 0.0462172 0.0250306 0.0313229 0.00938855 0.002487 0.000210481 0 0
 0 0.00764035 0.051015 0.0998891 0.058973 0.0496711 0.0374665 0.0718981 0.12319 0.153886 0.159021 0.0857701 0.0377988 0.023471 0.0147837 0.00900784 0.00315554 0.000888139 0.00291439 0.00214683 0.00393193 0.00274676 0.000635225 9.99891e-05 0 0
 0 0 0 0 0 0 0 0 0 0 0 0 0 0 0 0 0 0 0 0 0 0 0 0 0 0
 0 0 0 0 0 0 0 0 0 0 0 0 0 0 0 0 0 0 0 0 0 0 0 0 0 0
 0 0 0 0 0 0 0 0 0 0 0 0 0 0 0 0 0 0 0 0 0 0 0 0 0 0
 0 0 0 0 0 0 0 0 0 0 0 0 0 0 0 0 0 0 0 0 0 0 0 0 0 0
 0 0 0 0 0 0 0 0 0 0 0 0 0 0 0 0 0 0 0 0 0 0 0 0 0 0
 0 0 0 0 0 0 0 0 0 0 0 0 0 0 0 0 0 0 0 0 0 0 0 0 0 0
 0 0 0 0 0 0 0 0 0 0 0 0 0 0 0 0 0 0 0 0 0 0 0 0 0 0
ppred_pel_tallas
 1.15134e-16 3.50852e-05 0.00034104 0.00226633 0.0103024 0.0320547 0.0682964 0.0996829 0.0996941 0.0683514 0.0322412 0.0108495 0.00367128 0.0035132 0.00636705 0.0112703 0.0180889 0.0266026 0.0364617 0.0472696 0.0584052 0.0686495 0.0760823 0.0786312 0.0750728 0.0657994
 1.28251e-16 3.35026e-05 0.000325657 0.00216411 0.00983774 0.030609 0.0652167 0.0951914 0.0952183 0.0653485 0.0310518 0.0111185 0.00538602 0.00738349 0.0135137 0.022501 0.0329501 0.0426726 0.0495748 0.0529821 0.0541459 0.0553549 0.0582807 0.0628234 0.0672127 0.0691032
 1.24164e-16 4.48861e-05 0.000436309 0.00289943 0.0131804 0.0410092 0.0873751 0.127531 0.127551 0.0874724 0.0413365 0.014128 0.00528641 0.00567552 0.0100803 0.0168222 0.0247802 0.0323632 0.0380179 0.0411534 0.0425107 0.0435734 0.0454721 0.0482446 0.0509132 0.0521436
 1.08353e-16 6.35022e-05 0.000617264 0.00410194 0.0186468 0.0580172 0.123612 0.180419 0.180432 0.123676 0.0582314 0.0192659 0.00565854 0.00402398 0.00655954 0.0108142 0.0157438 0.0201756 0.0229763 0.0236722 0.0227381 0.0212468 0.0201543 0.01978 0.0197936 0.0195805
 1.05329e-16 5.29239e-05 0.00051444 0.00341863 0.0155406 0.0483528 0.103022 0.150369 0.150397 0.103157 0.0488057 0.0168487 0.00670247 0.00768439 0.0136741 0.022534 0.0324859 0.0409215 0.0452243 0.0442071 0.0388237 0.0315154 0.0247329 0.0197791 0.0166436 0.0145934
 1.04323e-16 5.96748e-05 0.000580061 0.00385471 0.0175229 0.0545205 0.116162 0.169546 0.169564 0.116251 0.0548189 0.0183857 0.00602369 0.0053262 0.00910642 0.0150465 0.0218705 0.0279238 0.0315489 0.0319661 0.0296944 0.0261138 0.0225448 0.0195933 0.0171493 0.0148257
 1.07395e-16 3.79823e-05 0.000369202 0.00245348 0.0111532 0.0347019 0.0739375 0.107922 0.107962 0.0741303 0.0353492 0.0130235 0.00715093 0.0106331 0.0195588 0.0323482 0.0467698 0.0591871 0.065913 0.0652522 0.0584846 0.0489225 0.0398355 0.0328794 0.0279495 0.0240752
 1.14818e-16 3.45659e-05 0.000335993 0.00223279 0.01015 0.0315805 0.0672866 0.0982128 0.0982413 0.0674264 0.0320508 0.0115121 0.00566608 0.0078777 0.0144954 0.0242705 0.0358069 0.0468109 0.0549288 0.0590397 0.0597806 0.0587897 0.0573422 0.0555513 0.052657 0.0479193
 1.1978e-16 4.05974e-05 0.000394621 0.0026224 0.011921 0.0370909 0.0790269 0.115347 0.11537 0.0791385 0.0374661 0.0130074 0.00535955 0.00640451 0.0115581 0.0193208 0.0284935 0.0372693 0.0438591 0.0475347 0.0490316 0.0498708 0.0511422 0.052745 0.053585 0.0524009
 1.13922e-16 5.34994e-05 0.000520033 0.0034558 0.0157096 0.0488784 0.104141 0.152001 0.152019 0.104231 0.0491782 0.0165766 0.0056371 0.00529878 0.0091802 0.0152293 0.0222656 0.0287259 0.0330788 0.0346958 0.0342313 0.0331135 0.0325482 0.0328189 0.0333166 0.0330954
 1.05618e-16 6.3679e-05 0.000618982 0.00411335 0.0186987 0.0581787 0.123957 0.180921 0.180936 0.12403 0.0584266 0.0194151 0.00591307 0.00455324 0.00755199 0.0124284 0.0180045 0.0228749 0.0256605 0.0257505 0.0236651 0.0206784 0.0180086 0.0162087 0.0151173 0.014225
 1.03462e-16 5.91199e-05 0.000574667 0.00381886 0.01736 0.0540135 0.115082 0.167971 0.167992 0.115189 0.0543718 0.0183951 0.00641765 0.00624986 0.0108433 0.0178486 0.0257441 0.0324562 0.0359123 0.0351607 0.0309297 0.0251147 0.0196218 0.0154709 0.0126785 0.0107241
 1.03971e-16 5.4808e-05 0.000532753 0.00354033 0.0160939 0.0500741 0.106689 0.155721 0.155745 0.106808 0.0504734 0.0172478 0.00643924 0.00686895 0.0121114 0.0199959 0.0289397 0.0366846 0.0409561 0.0406903 0.0366338 0.0307691 0.0250584 0.0205051 0.0170836 0.014284
 1.05862e-16 5.0045e-05 0.000486455 0.00323267 0.0146952 0.0457225 0.0974176 0.142189 0.142216 0.0975482 0.0461611 0.0159631 0.00641913 0.00745557 0.013324 0.0220488 0.0319936 0.0407299 0.0458041 0.0460734 0.0423398 0.036706 0.0312011 0.0267813 0.0232991 0.0201417
 1.05742e-16 5.79964e-05 0.000563745 0.00374629 0.0170301 0.052987 0.112895 0.164778 0.164796 0.112986 0.0532929 0.0179147 0.00597056 0.0054321 0.00934152 0.0154508 0.0224855 0.0287707 0.0326328 0.0332998 0.0313225 0.0281121 0.0249846 0.0224862 0.0204066 0.0182565
 1.01337e-16 7.54988e-05 0.000733875 0.00487686 0.0221695 0.0689776 0.146964 0.2145 0.214506 0.146993 0.0690754 0.0224522 0.00558693 0.00228563 0.00302749 0.00489862 0.00708046 0.00897046 0.0100106 0.00994738 0.00897569 0.00759438 0.00629216 0.00531045 0.00462288 0.0040729
 1.02337e-16 3.46121e-05 0.000336442 0.00223578 0.0101636 0.0316229 0.0673778 0.0983507 0.0984026 0.0676312 0.0324734 0.0126191 0.00839579 0.0137717 0.0255148 0.0420328 0.0603268 0.0754004 0.0821841 0.0783417 0.0656868 0.0490083 0.0332857 0.0214351 0.0138715 0.00949655
 1.02208e-16 7.27858e-05 0.000707504 0.00470161 0.0213728 0.0664989 0.141683 0.206792 0.206797 0.141709 0.0665858 0.021625 0.00533836 0.00210992 0.00277247 0.00456247 0.00678405 0.00898485 0.0107397 0.0118257 0.0123014 0.0123717 0.0121659 0.0116385 0.010662 0.00919796
 1.02839e-16 4.96922e-05 0.000483026 0.00320988 0.0145917 0.0454003 0.0967314 0.141189 0.141224 0.0968994 0.0459643 0.0162203 0.00729564 0.00939495 0.0169538 0.0278944 0.0400517 0.0501062 0.0547181 0.0523675 0.0442836 0.0336508 0.0237449 0.0164308 0.0118814 0.00926296
 1.05747e-16 4.907e-05 0.000476978 0.00316969 0.0144089 0.0448317 0.0955197 0.139419 0.139444 0.0956433 0.0452472 0.0156108 0.00619333 0.00710015 0.0126935 0.0210784 0.0307564 0.0395001 0.0450369 0.0462644 0.0438112 0.0394308 0.0347695 0.0305341 0.0265619 0.0224485
 1.05436e-16 6.06926e-05 0.000589954 0.00392045 0.0178218 0.0554504 0.118143 0.172437 0.172454 0.118223 0.0557173 0.0185936 0.005861 0.00483747 0.00816098 0.0134843 0.0196291 0.0251323 0.0285441 0.0292051 0.0276098 0.0249944 0.0224944 0.0205514 0.0189306 0.0171539
 1.03822e-16 6.11394e-05 0.000594297 0.00394931 0.017953 0.0558586 0.119013 0.173708 0.173727 0.119107 0.0561727 0.0188606 0.00622834 0.00557268 0.00952576 0.0156774 0.0226407 0.0286071 0.0317777 0.0313325 0.0279103 0.0231525 0.0186869 0.0153499 0.0130981 0.0114359
 1.07774e-16 2.75735e-05 0.000268024 0.00178112 0.00809673 0.0251922 0.0536765 0.0783528 0.0784026 0.0539196 0.0260088 0.0104562 0.00770702 0.0132154 0.0246496 0.0407923 0.0589597 0.0745614 0.0829182 0.0818541 0.0729487 0.0603669 0.0482634 0.0388115 0.0320078 0.026762
 1.07955e-16 6.08177e-05 0.00059117 0.00392853 0.0178585 0.0555646 0.118387 0.172791 0.1728 0.118434 0.0557236 0.0183202 0.00509642 0.00317053 0.00504734 0.00847822 0.0127468 0.0171624 0.02104 0.0240379 0.026265 0.0279999 0.0292797 0.0297539 0.0289246 0.0265381
 1.07259e-16 5.13095e-05 0.000498747 0.00331435 0.0150666 0.0468778 0.0998792 0.145783 0.145811 0.100016 0.0473375 0.0163944 0.0066475 0.00777602 0.0138758 0.0228702 0.0329757 0.0415605 0.045999 0.0451357 0.0399988 0.0331127 0.0269598 0.0227785 0.0203978 0.0188829
 1.10457e-16 3.63464e-05 0.0003533 0.00234781 0.0106728 0.0332073 0.0707529 0.103273 0.103309 0.0709282 0.0337964 0.0123762 0.00663081 0.00972719 0.0179097 0.029736 0.0432659 0.0553184 0.0626509 0.0637452 0.0596359 0.053037 0.0465225 0.0412341 0.0368867 0.0326454
 1.08302e-16 5.9661e-05 0.000579926 0.00385381 0.0175189 0.0545078 0.116135 0.169505 0.169518 0.116199 0.0547219 0.0181389 0.00541649 0.0040127 0.00664254 0.0110544 0.0163141 0.0213551 0.0251263 0.0271515 0.0277593 0.0277223 0.027613 0.0274234 0.0266985 0.0249716
 1.06025e-16 5.62048e-05 0.000546331 0.00363056 0.016504 0.0513503 0.109408 0.159689 0.159712 0.109521 0.0517313 0.0176048 0.00639456 0.006583 0.0115297 0.0189966 0.0274221 0.0346266 0.0384397 0.0378946 0.0338129 0.0282384 0.0231799 0.0196384 0.0174868 0.0160023
 1.09774e-16 3.06044e-05 0.000297485 0.0019769 0.00898671 0.0279612 0.059576 0.086962 0.0870057 0.0597894 0.0286782 0.0110591 0.00718432 0.0116837 0.0217091 0.0359828 0.0521637 0.0662957 0.0743451 0.0744352 0.0679034 0.0582565 0.0489163 0.0415547 0.036 0.0312464
 1.17595e-16 3.64251e-05 0.000354065 0.00235289 0.0106959 0.0332791 0.0709054 0.103493 0.103516 0.0710158 0.0336507 0.0117737 0.00507498 0.00635177 0.0115904 0.0195329 0.0291441 0.0387806 0.0467574 0.0522791 0.0557594 0.058171 0.0600049 0.0607777 0.0594453 0.0552575
 1.07494e-16 6.77814e-05 0.000658859 0.00437835 0.0199033 0.0619268 0.131942 0.192575 0.192583 0.131983 0.062064 0.0203006 0.00537842 0.00285181 0.00426215 0.00701881 0.0102986 0.0133771 0.0155824 0.016655 0.0169046 0.0169602 0.0173051 0.0179635 0.0185414 0.018519
pSPR Fmed_Fpbrs
0.720076   0.196779 0.196779
Fs Fmed_Fpbrs
0.16673   1.005 1.005
SSBpbr Bo_Bmed_Bpbrs
2.30555e+06  1.54489e+06  338406 338406
Ro
224655
SPR SPRFo_SPRFmed_SPRFpbrs
1.60582e+06 1.15631e+06 315991
Fref
1.005
Nvult_r0
 263784 23745.3 10371.2 10577.5 4127.31
CTP_r0
 28557.2 2906.09 1269.29 1294.54 505.125
YTP_r0
391134
Np
 295326 127484 11174 4880.45 6570.3
Nvult_p0
 250033 110317 9669.27 4223.24 5685.54
CTP_p0
 116676 55296.1 4846.69 2116.89 2849.86
YTP_p0
 2.04143e+06
CBA_c0
886224
log_Ro
12.1423
likeval ReclasPelacesDesembMPH_pf_preclas_ppelaces_ptallas_desvR_qrecl_qpela
 18.1088 18.1865 0.13618 0.000800391 241.795 120.554 98.9776 0 20.6354 7.66751e-06 0 0.670789 0 0 0
q_reclas_q_pelaces
0.675445 1
M
1
N
 239396 52086.7 210381 11115.7 81.1294
 138400 81098.5 17430.1 70401.2 3746.88
 136603 43913.5 25172.4 5410.17 23015
 289562 43574.6 13713.9 7861.2 8877.03
 232329 87669.6 12816.3 4033.58 4923.09
 363304 80349.6 30042.8 4391.91 3069.29
 153701 118164 25659.2 9594.01 2382.69
 73932.3 43686.4 32321.7 7018.65 3276.03
 64097.3 26141.9 15356.5 11361.6 3618.75
 80626.1 20149.8 8028.17 4715.97 4600.46
 140817 24101.1 5840.22 2326.89 2700.27
 178359 48931.9 8304.06 2012.25 1732.11
 151556 49770.9 13104.7 2223.95 1002.8
 107159 43092 13619.6 3586.06 882.99
 109935 26121.4 9880.72 3122.89 1024.72
 525879 30733.5 7010.45 2651.78 1113.13
 135794 149371 8400.23 1916.13 1029.04
 807163 42319.7 45416.8 2554.12 895.493
 486353 249747 12761.6 13695.5 1040.24
 367676 139092 68800.3 3515.57 4059.42
 553305 108187 39590.5 19583 2156.11
 745041 171848 32766 11990.5 6584
 168343 221245 49432 9425.14 5342.97
 483226 54681.4 70547.1 15762.1 4709.01
 402263 159899 17811.3 22979.2 6668
 186082 132762 51927.7 5784.26 9628
 399027 62713.6 44164.4 17274.3 5127.04
 439089 131753 20377 14350 7278.67
 142157 146946 43476.6 6724.11 7137.14
 107397 47777.1 48727.4 14416.9 4596.4
 391269 34919.3 15251.7 15555 6069.52
pred_Ctot
 12057.8 2998.4 12110.7 639.884 4.67026
 12175.6 8122.6 1745.75 7051.18 375.277
 11610.6 4250.66 2436.59 523.684 2227.77
 32915.9 5624.01 1770.01 1014.62 1145.73
 8841.39 3817.86 558.127 175.656 214.392
 26882.9 6778.73 2534.57 370.525 258.942
 22560.9 19622.8 4261.09 1593.23 395.681
 1820.83 1232.88 912.157 198.075 92.4535
 5970.35 2770.7 1627.59 1204.18 383.54
 9715.89 2754.92 1097.63 644.778 628.985
 4957.8 971.291 235.364 93.775 108.823
 27842.6 8633 1465.08 355.019 305.595
 22218.1 8255.01 2173.55 368.865 166.324
 23627.8 10660.8 3369.45 887.178 218.449
 17060 4581.84 1733.13 547.772 179.742
 77368.6 5115.32 1166.83 441.365 185.271
 13299.8 16638.1 935.682 213.434 114.623
 82242.4 4901.95 5260.7 295.848 103.726
 69851.8 40595.1 2074.33 2226.14 169.086
 47373.4 20314.9 10048.5 513.461 592.893
 55230.1 12279.3 4493.56 2222.69 244.72
 92392.7 24169.6 4608.4 1686.42 926.012
 12582.6 18852.7 4212.19 803.134 455.284
 30972.3 4000.05 5160.66 1153.03 344.474
 26390 11970.5 1333.4 1720.28 499.183
 9937.56 8100.76 3168.49 352.94 587.475
 26073.5 4676.33 3293.18 1288.08 382.305
 25257.1 8655.39 1338.65 942.707 478.164
 7823.49 9238.39 2733.34 422.74 448.706
 7966.79 4040.74 4121.11 1219.3 388.739
 28557.2 2906.09 1269.29 1294.54 505.125
F
 0.0824522 0.0947116 0.0947116 0.0947116 0.0947116
 0.147923 0.169916 0.169916 0.169916 0.169916
 0.142606 0.163809 0.163809 0.163809 0.163809
 0.194795 0.223758 0.223758 0.223758 0.223758
 0.0617682 0.0709522 0.0709522 0.0709522 0.0709522
 0.123171 0.141484 0.141484 0.141484 0.141484
 0.257975 0.296331 0.296331 0.296331 0.296331
 0.0396095 0.0454988 0.0454988 0.0454988 0.0454988
 0.157209 0.180583 0.180583 0.180583 0.180583
 0.207564 0.238426 0.238426 0.238426 0.238426
 0.0570337 0.0655137 0.0655137 0.0655137 0.0655137
 0.276366 0.317458 0.317458 0.317458 0.317458
 0.257615 0.295918 0.295918 0.295918 0.295918
 0.41156 0.472753 0.472753 0.472753 0.472753
 0.274536 0.315355 0.315355 0.315355 0.315355
 0.258638 0.297093 0.297093 0.297093 0.297093
 0.165886 0.19055 0.19055 0.19055 0.19055
 0.173079 0.198813 0.198813 0.198813 0.198813
 0.2518 0.289239 0.289239 0.289239 0.289239
 0.223338 0.256545 0.256545 0.256545 0.256545
 0.1693 0.194472 0.194472 0.194472 0.194472
 0.214168 0.246011 0.246011 0.246011 0.246011
 0.124483 0.142991 0.142991 0.142991 0.142991
 0.105941 0.121693 0.121693 0.121693 0.121693
 0.108551 0.124691 0.124691 0.124691 0.124691
 0.087609 0.100635 0.100635 0.100635 0.100635
 0.108099 0.124171 0.124171 0.124171 0.124171
 0.0946361 0.108707 0.108707 0.108707 0.108707
 0.090386 0.103825 0.103825 0.103825 0.103825
 0.123495 0.141857 0.141857 0.141857 0.141857
 0.121402 0.139453 0.139453 0.139453 0.139453
YTP_r0W_actual
 242736 47369.3 36682.6 45050 19295.8
YTP_p0W_proyectada
 877402 891373 113316 62448.2 96895.2
CTP_r0_actual
 28557.2 2906.09 1269.29 1294.54 505.125
CTP_p0_proyectada
 116676 55296.1 4846.69 2116.89 2849.86
Wmedp
 7.52 16.12 23.38 29.5 34
Frms_r0
 0.121402 0.139453 0.139453 0.139453 0.139453
Zrms_r0
 1.1214 1.13945 1.13945 1.13945 1.13945
nmprior
 8.19 8.8 8.5 0
nm_flota  nm_reclas  nm_pelaces    nm_pelaL
inf 11.3685 14.4833 32.2943
cv_recla  cv_pelaces  cv_mph
0.384919 0.483556 0.873085
 ------------------------------------------------
Talla a la edad & desviaci?n 
 8 13.2811 15.8009 17.003 17.5766
 0.8 1.32811 1.58009 1.7003 1.75766
