years
 1991 1992 1993 1994 1995 1996 1997 1998 1999 2000 2001 2002 2003 2004 2005 2006 2007 2008 2009 2010 2011 2012 2013 2014 2015 2016 2017 2018 2019 2020 2021
reclasobs
 0 0 0 0 0 0 0 0 0 252601 567819 844713 477998 351125 339783 2.1784e+06 2.13404e+06 4.81314e+06 1.55562e+06 2.62356e+06 3.21686e+06 3.843e+06 1.13348e+06 3.07943e+06 1.97215e+06 2.03268e+06 2.025e+06 2.42433e+06 2.27542e+06 1.05018e+06 2.36338e+06
reclaspred
 2.82075e+06 1.51449e+06 743829 488498 341044 1.24557e+06 575542 397498 295835 225895 407668 607834 594510 418041 382769 1.56414e+06 1.30756e+06 3.50174e+06 2.85176e+06 1.95648e+06 3.55889e+06 2.92227e+06 2.06602e+06 3.32195e+06 2.36826e+06 1.96321e+06 2.58176e+06 3.04653e+06 2.36829e+06 1.26317e+06 1.82127e+06
pelacesobs
 0 0 0 0 0 0 0 0 0 0 0 0 0 0 0 552880 188675 0 991730 2.46772e+06 1.41603e+06 1.21717e+06 2.29649e+06 1.80582e+06 0 1.4828e+06 1.56532e+06 1.57751e+06 1.42118e+06 867257 1.10002e+06
pelacespred
 907250 520979 245456 122672 97141.4 397887 139202 142180 86401.4 62317.4 133364 165965 181120 126868 119832 441931 372106 1.18783e+06 969766 612292 1.11921e+06 954431 683512 1.22923e+06 831674 690570 1.04495e+06 1.20726e+06 776767 473579 659419
mphobs
 0 0 0 0 0 0 0 0 0 0 0 498337 0 5186 125008 0 168611 109162 213762 579715 649985 157893 87575 83554 0 0 0 0 0 0 0
mphpred
 1.8008e+06 1.12962e+06 532152 273413 158776 145545 464708 183526 138107 82326.4 63124.2 195641 224054 176260 97298.2 120460 735576 580043 1.44215e+06 1.03976e+06 1.01849e+06 1.33126e+06 1.27045e+06 923639 1.36167e+06 1.05818e+06 811605 980147 1.54305e+06 956169 486281
desembarqueobs
 494567 514787 250237 358949 120608 361735 552515 73892 212993 205616 52469 317467 293654 387597 252695 516296 358380 742168 942051 627588 828172 859565 418607 520667 417249 300574 415391 372974 316634 284311 391294
desembarquepred
 494542 514625 249919 358955 120600 361638 552185 73889.5 212948 205569 52468.3 317417 293583 387355 252585 516103 358353 741902 941406 627164 828068 859292 418538 520623 417175 300515 415315 372896 316573 284254 391236
Reclutas
 134060 96759.5 83305.9 65173.6 48402.9 238047 54365.4 18257.8 29588.2 48218.2 78494.2 123522 98725.2 68957.3 58681 425242 54192.8 653417 352657 247274 405638 528659 75012.3 304664 230765 96085.6 267429 318133 64044.2 41129.1 208833
log_desv_Rt
 0.109422 -0.216636 -0.366345 -0.61181 -0.909306 0.683602 -0.793138 -1.88427 -1.40149 -0.913127 -0.42584 0.0275547 -0.196525 -0.555378 -0.716748 1.26379 -0.796317 1.69335 1.07663 0.721632 1.2166 1.48148 -0.471212 0.930344 0.652537 -0.223625 0.79999 0.973604 -0.629292 -1.07215 0.552672
SSB
 1.8008e+06 1.12962e+06 532152 273413 158776 145545 464708 183526 138107 82326.4 63124.2 195641 224054 176260 97298.2 120460 735576 580043 1.44215e+06 1.03976e+06 1.01849e+06 1.33126e+06 1.27045e+06 923639 1.36167e+06 1.05818e+06 811605 980147 1.54305e+06 956169 486281
BT
 2.51841e+06 1.70743e+06 805679 579390 323667 1.23326e+06 801792 394859 406018 337407 351637 644562 681937 692455 529195 1.43169e+06 1.13875e+06 3.40228e+06 3.13519e+06 1.9849e+06 3.25593e+06 3.00217e+06 1.94133e+06 3.32423e+06 2.31153e+06 1.86307e+06 2.83971e+06 3.16137e+06 2.0554e+06 1.37986e+06 1.90025e+06
Ftot
 0.243499 0.463582 0.466273 1.02603 0.534004 0.537265 1.23022 0.278585 1.10422 1.40784 0.240201 0.83876 0.776741 1.41019 1.11919 0.630318 0.386015 0.383035 0.502952 0.486415 0.376887 0.465741 0.283799 0.265969 0.264112 0.224751 0.273023 0.211547 0.182621 0.307553 0.372932
BD_Bspro_t
 0.962033 0.745987 0.524378 0.396199 0.265903 0.304768 0.477484 0.232385 0.240159 0.19 0.192168 0.500775 0.400267 0.305282 0.19094 0.231237 0.524217 0.453742 0.609668 0.499756 0.451256 0.515019 0.533852 0.496182 0.621642 0.619252 0.61316 0.679072 0.750594 0.656904 0.539102
BD_Bspro
 2.09657 1.31515 0.619552 0.318318 0.184853 0.169449 0.541031 0.213669 0.16079 0.0958477 0.0734917 0.227773 0.260852 0.205208 0.113278 0.140244 0.856387 0.675309 1.679 1.21052 1.18576 1.54991 1.47911 1.07534 1.58531 1.23198 0.944903 1.14113 1.79648 1.11321 0.566148
BD_Bo
 1.14426 0.717782 0.338138 0.173731 0.100889 0.0924819 0.295283 0.116616 0.0877556 0.0523116 0.0401102 0.124314 0.142368 0.111998 0.061825 0.0765423 0.467398 0.36857 0.916364 0.660679 0.647163 0.845908 0.807269 0.586896 0.865227 0.672388 0.515708 0.622803 0.98048 0.607566 0.308991
BD_Brms
 5.58974 3.50639 1.65181 0.848682 0.492845 0.451776 1.44247 0.569671 0.428688 0.255544 0.195939 0.607276 0.695469 0.547115 0.302017 0.373911 2.28325 1.80047 4.47646 3.22743 3.16141 4.13228 3.94353 2.867 4.22666 3.28463 2.51925 3.04241 4.78967 2.96798 1.50943
Sel_flota
 0.625187 0.969411 0.998342 0.999913 0.999995
 0.625187 0.969411 0.998342 0.999913 0.999995
 0.625187 0.969411 0.998342 0.999913 0.999995
 0.625187 0.969411 0.998342 0.999913 0.999995
 0.625187 0.969411 0.998342 0.999913 0.999995
 0.625187 0.969411 0.998342 0.999913 0.999995
 0.625187 0.969411 0.998342 0.999913 0.999995
 0.625187 0.969411 0.998342 0.999913 0.999995
 0.625187 0.969411 0.998342 0.999913 0.999995
 0.625187 0.969411 0.998342 0.999913 0.999995
 0.625187 0.969411 0.998342 0.999913 0.999995
 0.625187 0.969411 0.998342 0.999913 0.999995
 0.625187 0.969411 0.998342 0.999913 0.999995
 0.625187 0.969411 0.998342 0.999913 0.999995
 0.625187 0.969411 0.998342 0.999913 0.999995
 0.625187 0.969411 0.998342 0.999913 0.999995
 0.625187 0.969411 0.998342 0.999913 0.999995
 0.625187 0.969411 0.998342 0.999913 0.999995
 0.625187 0.969411 0.998342 0.999913 0.999995
 0.625187 0.969411 0.998342 0.999913 0.999995
 0.625187 0.969411 0.998342 0.999913 0.999995
 0.625187 0.969411 0.998342 0.999913 0.999995
 0.625187 0.969411 0.998342 0.999913 0.999995
 0.625187 0.969411 0.998342 0.999913 0.999995
 0.625187 0.969411 0.998342 0.999913 0.999995
 0.625187 0.969411 0.998342 0.999913 0.999995
 0.625187 0.969411 0.998342 0.999913 0.999995
 0.625187 0.969411 0.998342 0.999913 0.999995
 0.625187 0.969411 0.998342 0.999913 0.999995
 0.625187 0.969411 0.998342 0.999913 0.999995
 0.625187 0.969411 0.998342 0.999913 0.999995
Sel_reclas
 1 1 1 1 1
 1 1 1 1 1
 1 1 1 1 1
 1 1 1 1 1
 1 1 1 1 1
 1 1 1 1 1
 1 1 1 1 1
 1 1 1 1 1
 1 1 1 1 1
 1 1 1 1 1
 1 1 1 1 1
 1 1 1 1 1
 1 1 1 1 1
 1 1 1 1 1
 1 1 1 1 1
 1 1 1 1 1
 1 1 1 1 1
 1 1 1 1 1
 1 1 1 1 1
 1 1 1 1 1
 1 1 1 1 1
 1 1 1 1 1
 1 1 1 1 1
 1 1 1 1 1
 1 1 1 1 1
 1 1 1 1 1
 1 1 1 1 1
 1 1 1 1 1
 1 1 1 1 1
 1 1 1 1 1
 1 1 1 1 1
Sel_pelaces
 1 1 1 1 1
 1 1 1 1 1
 1 1 1 1 1
 1 1 1 1 1
 1 1 1 1 1
 1 1 1 1 1
 1 1 1 1 1
 1 1 1 1 1
 1 1 1 1 1
 1 1 1 1 1
 1 1 1 1 1
 1 1 1 1 1
 1 1 1 1 1
 1 1 1 1 1
 1 1 1 1 1
 1 1 1 1 1
 1 1 1 1 1
 1 1 1 1 1
 1 1 1 1 1
 1 1 1 1 1
 1 1 1 1 1
 1 1 1 1 1
 1 1 1 1 1
 1 1 1 1 1
 1 1 1 1 1
 1 1 1 1 1
 1 1 1 1 1
 1 1 1 1 1
 1 1 1 1 1
 1 1 1 1 1
 1 1 1 1 1
pf_obs 
 0.8446 0.082 0.0669 0.0065 0
 0.8095 0.147 0.0364 0.0071 0
 0.9664 0.0169 0.016 0.0007 0
 0.9276 0.0648 0.0075 0.0001 0
 0.7033 0.2144 0.0806 0.0017 0
 0.9318 0.0425 0.0243 0.0014 0
 0.5671 0.3108 0.0964 0.0239 0.0018
 0.0768 0.2599 0.5324 0.112 0.0189
 0.490249 0.384438 0.106611 0.0170017 0.00170017
 0.7925 0.1577 0.0466 0.003 0.0002
 0.840416 0.127587 0.0312969 0.00059994 9.999e-05
 0.8084 0.0986 0.0794 0.0134 0.0002
 0.7335 0.1905 0.0724 0.0035 0.0001
 0.4001 0.4547 0.1325 0.0127 0
 0.49795 0.308269 0.164784 0.0264974 0.00249975
 0.9179 0.0499 0.0305 0.0017 0
 0.2467 0.6533 0.0926 0.0074 0
 0.9418 0.0223 0.034 0.0019 0
 0.707729 0.231977 0.0356964 0.0245975 0
 0.517169 0.277429 0.184464 0.0207286 0.00020938
 0.811772 0.124168 0.05621 0.00726502 0.000585176
 0.764997 0.148141 0.077277 0.00933861 0.000247198
 0.163321 0.427699 0.378323 0.0303852 0.000271297
 0.753843 0.0900009 0.118128 0.0371064 0.000921714
 0.721811 0.176058 0.0630433 0.0369309 0.00215725
 0.143369 0.312575 0.442814 0.0836902 0.0175525
 0.692698 0.0596174 0.167031 0.0765114 0.00414204
 0.394062 0.376323 0.152708 0.0712218 0.00568511
 0.125707 0.32114 0.495352 0.0537591 0.00404204
 0.23352 0.215282 0.420074 0.123614 0.00750983
 0.774587 0.0839891 0.0768558 0.0609784 0.00358967
pf_pred 
 0.418465 0.191901 0.35472 0.0349126 9.44922e-07
 0.458082 0.292186 0.0842136 0.15071 0.014808
 0.558499 0.260166 0.099466 0.0276434 0.0542253
 0.587115 0.28202 0.0783033 0.0288575 0.0237037
 0.660478 0.248853 0.0628788 0.0166459 0.0111442
 0.908617 0.07029 0.0156175 0.00379988 0.00167593
 0.379848 0.585932 0.0265543 0.00567918 0.00198709
 0.420855 0.318789 0.246686 0.0106145 0.00305575
 0.677373 0.17524 0.0823438 0.0616337 0.00340932
 0.844039 0.125922 0.0166944 0.00746424 0.00588016
 0.867386 0.121919 0.00872911 0.00109451 0.000872187
 0.764879 0.21461 0.0189057 0.00131036 0.000294702
 0.691134 0.264428 0.040715 0.00343265 0.000290731
 0.652663 0.278737 0.0590886 0.00871591 0.000795223
 0.767346 0.18606 0.0378034 0.00757541 0.00121566
 0.960092 0.0345749 0.00430709 0.000832694 0.000193119
 0.254274 0.72832 0.015159 0.00181516 0.000431388
 0.91044 0.0321237 0.0561407 0.00112841 0.000166915
 0.54837 0.426604 0.0091787 0.0154908 0.000356744
 0.546898 0.304452 0.140707 0.00291701 0.00502633
 0.733749 0.178851 0.0594325 0.0264759 0.0014916
 0.716289 0.232717 0.0346494 0.0111205 0.00522327
 0.218729 0.631996 0.123249 0.0176959 0.00833045
 0.732784 0.0830761 0.149894 0.0282841 0.00596196
 0.570684 0.350899 0.0249365 0.0435482 0.0099318
 0.37682 0.424197 0.163631 0.0112556 0.0240968
 0.741287 0.127131 0.0904835 0.0338074 0.00729113
 0.677095 0.265781 0.0285459 0.0196628 0.00891525
 0.241072 0.583367 0.145324 0.0151227 0.0151137
 0.305481 0.232058 0.358047 0.0864562 0.0179573
 0.826667 0.0728396 0.034339 0.0512392 0.0149153
pobs_RECLAS
 0 0 0 0 0
 0 0 0 0 0
 0 0 0 0 0
 0 0 0 0 0
 0 0 0 0 0
 0 0 0 0 0
 0 0 0 0 0
 0 0 0 0 0
 0 0 0 0 0
 0 0 0 0 0
 0.991045 0.00858322 0.000360255 1.14367e-05 0
 0.934742 0.0480273 0.0164251 0.00080598 0
 0.827803 0.169806 0.00239088 0 0
 0.941827 0.0461693 0.0120037 0 0
 0.791401 0.0380133 0.147996 0.0225897 0
 0.846168 0.0940531 0.0597789 0 0
 0.134021 0.677848 0.182769 0.00536245 0
 0.80878 0.0450904 0.141981 0.00414843 0
 0.846168 0.0940531 0.0597789 0 0
 0.905697 0.0802665 0.012482 0.00150086 5.37128e-05
 0.989698 0.0102097 9.19794e-05 0 0
 0.975433 0.0193895 0.00387452 0.00125025 5.28907e-05
 0.303575 0.632131 0.0575291 0.00676475 0
 0.966965 0.00978017 0.0227588 0.000495775 0
 0.843318 0.132988 0.00938335 0.0141283 0.000182051
 0.564624 0.303363 0.111486 0.0197234 0.00080311
 0.826376 0.0876187 0.0782897 0.00655872 0.00115652
 0.89761 0.0855135 0.0140674 0.00269457 0.000114338
 0.34875 0.467042 0.161289 0.0227151 0.000203297
 0.318654 0.224769 0.449479 0.00709798 0
 0.937255 0.0296025 0.0250945 0.00804832 0
ppred_RECLAS
 0.534417 0.156769 0.281183 0.0276303 7.47762e-07
 0.575151 0.232449 0.0649524 0.116047 0.0114012
 0.66917 0.197487 0.0731985 0.0203095 0.0398356
 0.70106 0.206429 0.0553955 0.0203779 0.0167369
 0.756502 0.179978 0.0440745 0.0116483 0.00779771
 0.940701 0.0459427 0.00989316 0.00240307 0.00105977
 0.504018 0.469527 0.020537 0.00438391 0.00153374
 0.535546 0.259137 0.194553 0.00835779 0.00240587
 0.777764 0.122661 0.0556774 0.0415968 0.00230074
 0.90152 0.0800833 0.0102334 0.0045664 0.00359693
 0.911098 0.0819296 0.00569202 0.000712552 0.000567766
 0.840169 0.146303 0.0124711 0.000862848 0.000194038
 0.783009 0.186635 0.0278166 0.00234111 0.000198263
 0.760726 0.193409 0.039517 0.00581747 0.00053072
 0.845054 0.124775 0.024487 0.00489782 0.000785896
 0.974655 0.0220509 0.00266104 0.000513588 0.000119101
 0.34921 0.636052 0.0128389 0.00153484 0.000364734
 0.942197 0.0211426 0.0358347 0.00071909 0.000106358
 0.657925 0.323688 0.00675075 0.0113742 0.000261918
 0.658287 0.231941 0.103915 0.00215069 0.00370555
 0.813992 0.126219 0.0406782 0.0180916 0.00101915
 0.800294 0.164731 0.0237784 0.0076189 0.00357825
 0.305987 0.564655 0.106835 0.0153143 0.00720869
 0.814176 0.0589928 0.103275 0.0194558 0.00410072
 0.676532 0.265881 0.0183328 0.0319642 0.00728928
 0.48815 0.351772 0.131676 0.009043 0.0193583
 0.819968 0.0898505 0.062046 0.0231449 0.00499115
 0.766994 0.192821 0.0200975 0.0138213 0.00626613
 0.332835 0.516385 0.124847 0.012971 0.0129622
 0.412987 0.20017 0.299613 0.0722292 0.015001
 0.884175 0.0495693 0.0226644 0.0337635 0.00982744
pobs_PELACES
 0 0 0 0 0
 0 0 0 0 0
 0 0 0 0 0
 0 0 0 0 0
 0 0 0 0 0
 0 0 0 0 0
 0 0 0 0 0
 0 0 0 0 0
 0 0 0 0 0
 0 0 0 0 0
 0 0 0 0 0
 0 0 0 0 0
 0 0 0 0 0
 0 0 0 0 0
 0 0 0 0 0
 0 0 0 0 0
 0.505614 0.472636 0.0217494 0 0
 0 0 0 0 0
 0.443492 0.261883 0.143347 0.151278 0
 0.227955 0.32914 0.350689 0.0885471 0.00366901
 0.970185 0.0296113 0.000203453 0 0
 0.997202 0.00247181 0.000326279 0 0
 0.445219 0.490057 0.0546422 0.010081 0
 0.90214 0.0892962 0.00764917 0.000914606 0
 0 0 0 0 0
 0.581667 0.319106 0.0959925 0.00289975 0.000334073
 0.762889 0.0836404 0.116647 0.0363945 0.000428098
 0.88444 0.0763242 0.0277011 0.0115352 0
 0.521256 0.241999 0.230069 0.00667565 0
 0.616807 0.101726 0.260614 0.0208532 0
 0.833518 0.0704572 0.0857862 0.0102388 0
ppred_PELACES
 0.541677 0.154564 0.276584 0.0271749 7.35433e-07
 0.588467 0.22563 0.0627687 0.112119 0.0110152
 0.681188 0.190662 0.0703553 0.0195159 0.0382785
 0.725516 0.190128 0.0505236 0.0185759 0.0152564
 0.767742 0.171902 0.0418827 0.011066 0.00740778
 0.944077 0.0433778 0.00929305 0.00225667 0.000995197
 0.539033 0.436655 0.0188762 0.00402682 0.00140876
 0.543701 0.254888 0.190854 0.00819772 0.00235977
 0.799463 0.11122 0.0499546 0.0373 0.00206301
 0.915034 0.0692708 0.00873353 0.00389429 0.0030674
 0.913298 0.0799168 0.00553946 0.000693368 0.000552477
 0.852638 0.134981 0.0114142 0.000789381 0.000177513
 0.797794 0.1741 0.0257565 0.00216686 0.000183503
 0.789088 0.170925 0.034456 0.00506871 0.000462394
 0.861231 0.111982 0.0217429 0.00434643 0.000697399
 0.976383 0.0205636 0.00246667 0.000475919 0.000110364
 0.359259 0.626282 0.0125952 0.0015054 0.000357736
 0.944643 0.0202949 0.0342725 0.000687604 0.0001017
 0.670724 0.31166 0.00646877 0.0108962 0.000250909
 0.670936 0.22369 0.0997538 0.00206405 0.00355623
 0.82056 0.121905 0.0391468 0.0174071 0.000980585
 0.808738 0.15789 0.0226899 0.00726839 0.00341359
 0.312985 0.559246 0.105525 0.0151243 0.00711921
 0.818963 0.0575737 0.100535 0.018937 0.00399135
 0.683163 0.260552 0.0179201 0.0312403 0.00712416
 0.4947 0.347506 0.1298 0.00891315 0.0190802
 0.824692 0.0876086 0.0603404 0.0225054 0.00485322
 0.771324 0.189306 0.0196913 0.0135404 0.00613876
 0.337546 0.512943 0.123799 0.0128609 0.0128521
 0.421959 0.197497 0.294746 0.0710444 0.0147549
 0.888653 0.0477538 0.0217567 0.032405 0.00943195
pobs_pel_tallas
 0 0 0 0 0 0 0 0 0 0 0 0 0 0 0 0 0 0 0 0 0 0 0 0 0 0
 0 0 0 0 0 0 0 0 0 0 0 0 0 0 0 0 0 0 0 0 0 0 0 0 0 0
 0 0 0 0 0 0 0 0 0 0 0 0 0 0 0 0 0 0 0 0 0 0 0 0 0 0
 0 0 0 0 0 0 0 0 0 0 0 0 0 0 0 0 0 0 0 0 0 0 0 0 0 0
 0 0 0 0 0 0 0 0 0 0 0 0 0 0 0 0 0 0 0 0 0 0 0 0 0 0
 0 0 0 0 0 0 0 0 0 0 0 0 0 0 0 0 0 0 0 0 0 0 0 0 0 0
 0 0 0 0 0 0 0 0 0 0 0 0 0 0 0 0 0 0 0 0 0 0 0 0 0 0
 0 0 0 0 0 0 0 0 0 0 0 0 0 0 0 0 0 0 0 0 0 0 0 0 0 0
 0 0 0 0 0 0 0 0 0 0 0 0 0 0 0 0 0 0 0 0 0 0 0 0 0 0
 0 0 0 0 0 0 0 0 0 0 0 0 0 0 0 0 0 0 0 0 0 0 0 0 0 0
 0 0 0 0 0 0 0 0 0 0 0 0 0 0 0 0 0 0 0 0 0 0 0 0 0 0
 0 0 0 0 0 0 0 0 0 0 0 0 0 0 0 0 0 0 0 0 0 0 0 0 0 0
 0.00862536 0 0 0.000197151 0.00414017 0.0128641 0.00837892 0.0270097 0.101434 0.158115 0.152841 0.127902 0.109271 0.109419 0.0830992 0.0579132 0.0238553 0.00714673 0.00463305 0.00128148 0.00103504 0.000492878 0.000147863 0.000147863 4.92878e-05 0
 0 0 0 0 0 0 0 0 0 0 0 0 0 0 0 0 0 0 0 0 0 0 0 0 0 0
 0 0 0 0 0 0 0 0.0054083 0.00873648 0.0413646 0.0450493 0.0745869 0.0622846 0.0627006 0.0613931 0.0827291 0.12552 0.122667 0.0946155 0.0697135 0.0546179 0.0294188 0.0215738 0.0213955 0.0102223 0.00600262
 0 0 0 0 0.00359764 0.0251062 0.0480494 0.140153 0.205849 0.193036 0.1447 0.116669 0.0760912 0.0342217 0.00950174 0.001854 0.000860785 0 0 0 0.000165536 0 0.000143464 0 0 0
 0 0 0 0 0 0 0 0.000145254 0.000435761 0.0275982 0.070085 0.0708112 0.156366 0.174668 0.174014 0.160142 0.0824315 0.0480064 0.0283245 0.00493863 0.00203355 0 0 0 0 0
 0 0 0 0 0 0 0 0 0 0 0 0 0 0 0 0 0 0 0 0 0 0 0 0 0 0
 0 0 1.00437e-05 0.000401748 0.00122533 0.00171747 0.00176769 0.0269171 0.070346 0.194647 0.189555 0.159765 0.064822 0.0314167 0.0384472 0.0292271 0.0345202 0.0313363 0.0194345 0.0106764 0.0143323 0.0359363 0.0279516 0.0138201 0.00172751 0
 0 0.0021121 0.0136068 0.0755702 0.200478 0.177729 0.0527432 0.0373336 0.0318909 0.0142505 0.0149659 0.0166563 0.0217959 0.0798694 0.0677717 0.0528807 0.04013 0.0224614 0.0357745 0.0225083 0.00881397 0.00855152 0.00135912 0.000746735 0 0
 0 0 0 0 5.4009e-05 0.00500934 0.000945158 0.0243581 0.138947 0.33067 0.221406 0.137944 0.0707744 0.0437923 0.0131692 0.00525238 0.0047753 0.00276346 9.45158e-05 9.00151e-06 2.25038e-05 9.00151e-06 4.50075e-06 0 0 0
 0.000866109 0.00284123 0.00948549 0.0512746 0.133035 0.25785 0.225252 0.132002 0.0553304 0.0519788 0.0540692 0.017754 0.00435017 0.00159236 0.00146478 0.000404838 0.000125132 0.000115318 0.000107957 0.000100596 0 0 0 0 0 0
 0 0 0 0 0.00144013 0.00171154 0.00461396 0.0210425 0.0478622 0.0707936 0.0888783 0.103762 0.0637923 0.0337046 0.0602308 0.124433 0.169614 0.0934646 0.0462172 0.0250306 0.0313229 0.00938855 0.002487 0.000210481 0 0
 0 0.00764035 0.051015 0.0998891 0.058973 0.0496711 0.0374665 0.0718981 0.12319 0.153886 0.159021 0.0857701 0.0377988 0.023471 0.0147837 0.00900784 0.00315554 0.000888139 0.00291439 0.00214683 0.00393193 0.00274676 0.000635225 9.99891e-05 0 0
 0 0 0 0 0 0 0 0 0 0 0 0 0 0 0 0 0 0 0 0 0 0 0 0 0 0
 0 0 0 0 0 0 0 0 0 0 0 0 0 0 0 0 0 0 0 0 0 0 0 0 0 0
 0 0 0 0 0 0 0 0 0 0 0 0 0 0 0 0 0 0 0 0 0 0 0 0 0 0
 0 0 0 0 0 0 0 0 0 0 0 0 0 0 0 0 0 0 0 0 0 0 0 0 0 0
 0 0 0 0 0 0 0 0 0 0 0 0 0 0 0 0 0 0 0 0 0 0 0 0 0 0
 0 0 0 0 0 0 0 0 0 0 0 0 0 0 0 0 0 0 0 0 0 0 0 0 0 0
 0 0 0 0 0 0 0 0 0 0 0 0 0 0 0 0 0 0 0 0 0 0 0 0 0 0
ppred_pel_tallas
 1.10747e-16 4.46172e-05 0.000433695 0.00288206 0.0131014 0.0407635 0.0868515 0.126765 0.126781 0.0869264 0.0410163 0.0138366 0.00474682 0.00456816 0.00808303 0.0137775 0.0209711 0.0287188 0.0360025 0.0422225 0.047308 0.0512849 0.0537492 0.0538361 0.0507763 0.0445529
 1.14978e-16 4.84713e-05 0.000471158 0.00313101 0.0142331 0.0442847 0.0943541 0.137717 0.137739 0.0944608 0.0446433 0.0152702 0.00573904 0.00618093 0.0109426 0.0181514 0.0264836 0.0340642 0.0390612 0.0407523 0.0399819 0.0385283 0.0378669 0.0382948 0.0389696 0.0386304
 1.10515e-16 5.61086e-05 0.000545395 0.00362435 0.0164758 0.0512623 0.10922 0.159414 0.159433 0.109311 0.0515655 0.0173524 0.00582893 0.00537149 0.00926199 0.0153306 0.0223367 0.0286465 0.0326446 0.033629 0.0322212 0.029885 0.0279436 0.0268727 0.0262945 0.0254733
 1.05952e-16 5.97598e-05 0.000580887 0.0038602 0.0175479 0.0545982 0.116328 0.169788 0.169806 0.116418 0.0548997 0.0184195 0.00605028 0.00536927 0.00917592 0.0151341 0.0219369 0.0278911 0.031317 0.0314587 0.0289239 0.0252287 0.0218256 0.019379 0.0177187 0.0162853
 1.03617e-16 6.32379e-05 0.000614695 0.00408487 0.0185692 0.0577758 0.123098 0.179669 0.179685 0.123179 0.0580483 0.0193566 0.00606276 0.00493746 0.00828774 0.0136403 0.0197357 0.0250145 0.0279305 0.0277735 0.0250763 0.0212168 0.0175482 0.0147447 0.0127468 0.0111408
 1.00675e-16 7.77624e-05 0.000755878 0.00502308 0.0228342 0.0710456 0.15137 0.22093 0.220935 0.151391 0.0711143 0.0230327 0.00552163 0.00184508 0.00214891 0.00343618 0.00495806 0.00626774 0.00696696 0.00687308 0.00612053 0.00506177 0.00404808 0.00326268 0.00270363 0.00227594
 1.01299e-16 4.43995e-05 0.000431579 0.002868 0.0130375 0.0405648 0.0864292 0.126155 0.126197 0.0866344 0.0412538 0.0150267 0.00785778 0.0113129 0.0206763 0.0340235 0.0488003 0.0609305 0.0662906 0.0629801 0.0524755 0.0386834 0.0256809 0.0158782 0.00964908 0.006119
 1.06795e-16 4.4784e-05 0.000435316 0.00289283 0.0131504 0.0409159 0.0871766 0.127242 0.127267 0.0872979 0.0413239 0.014332 0.00587019 0.00697255 0.01257 0.0209951 0.0309007 0.0402264 0.0468416 0.0496658 0.0491517 0.0466781 0.0434231 0.0397054 0.0352156 0.0297053
 1.0556e-16 6.58507e-05 0.000640092 0.00425364 0.0193364 0.0601629 0.128184 0.18709 0.187101 0.128236 0.0603401 0.0198492 0.00554413 0.00346834 0.0054703 0.00902747 0.0132088 0.0170637 0.0196752 0.020643 0.0203008 0.0194221 0.0186547 0.0181433 0.0175798 0.0165387
 1.0118e-16 7.53701e-05 0.000732625 0.00486855 0.0221317 0.06886 0.146714 0.214135 0.214141 0.146746 0.0689696 0.0224481 0.00566263 0.0024661 0.0033676 0.00544837 0.00784269 0.00986698 0.0108822 0.0106005 0.00925492 0.00744184 0.00576172 0.00453669 0.00376797 0.00327787
 1.00344e-16 7.52272e-05 0.000731235 0.00485931 0.0220897 0.0687294 0.146436 0.213729 0.213736 0.146473 0.0688556 0.022454 0.0057733 0.0027249 0.00385692 0.00624499 0.00896002 0.0112064 0.0122288 0.01168 0.00982592 0.00737163 0.00504964 0.00328825 0.00214878 0.00147258
 1.00474e-16 7.02307e-05 0.000682668 0.00453657 0.0206226 0.0641646 0.13671 0.199535 0.199548 0.136773 0.0643777 0.0212381 0.00608096 0.00405186 0.00646234 0.0105549 0.0151564 0.0189707 0.0207269 0.0198359 0.0167397 0.0126174 0.00869369 0.00568429 0.00369513 0.00247142
 1.01037e-16 6.57132e-05 0.000638756 0.00424476 0.0192961 0.0600373 0.127916 0.186701 0.186718 0.127998 0.0603126 0.0200913 0.00624077 0.00499597 0.00834046 0.0136831 0.0197003 0.0247619 0.0272479 0.0264022 0.0227706 0.0178183 0.0130491 0.00931555 0.0067169 0.00493595
 1.01625e-16 6.49962e-05 0.000631786 0.00419844 0.0190855 0.0593822 0.126521 0.184664 0.184681 0.126601 0.0596528 0.0198673 0.00616161 0.00491978 0.00821561 0.013497 0.0194776 0.0245771 0.0272245 0.0266851 0.0234785 0.018998 0.0146519 0.0112064 0.00871095 0.00684608
 1.01211e-16 7.09385e-05 0.000689547 0.00458229 0.0208304 0.0648112 0.138088 0.201545 0.201556 0.13814 0.0649885 0.0213426 0.00586828 0.00349836 0.00540966 0.0088421 0.0127562 0.0160942 0.0178266 0.0174749 0.0153842 0.0124722 0.00966446 0.00746101 0.00588603 0.00471778
 1.00143e-16 8.04234e-05 0.000781744 0.00519497 0.0236156 0.0734768 0.15655 0.22849 0.228492 0.15656 0.0735093 0.0237094 0.00543054 0.00129588 0.00105648 0.00161826 0.00232086 0.002913 0.00319868 0.00308897 0.00265028 0.00205873 0.00149519 0.00106224 0.000770864 0.000580182
 1.00736e-16 2.95918e-05 0.000287643 0.00191149 0.00868941 0.0270363 0.0576059 0.0840901 0.0841504 0.0579002 0.028024 0.0115407 0.00906255 0.0158781 0.0295788 0.0486956 0.0697752 0.0869648 0.0943207 0.0891028 0.0734519 0.0530406 0.0338232 0.0193698 0.0102975 0.00537263
 1.01081e-16 7.7809e-05 0.000756331 0.00502609 0.0228479 0.0710882 0.151461 0.221062 0.221064 0.151471 0.0711213 0.0229441 0.00526995 0.00129632 0.00112563 0.00179561 0.00271316 0.0036893 0.00457781 0.00529371 0.00582804 0.00619448 0.00636081 0.006241 0.00576048 0.00493378
 1.01402e-16 5.52467e-05 0.000537018 0.00356867 0.0162227 0.050475 0.107543 0.156969 0.156999 0.10769 0.0509666 0.0176419 0.00712831 0.00829848 0.0147686 0.0242576 0.0347747 0.0433888 0.0471588 0.0447429 0.0372227 0.0274208 0.0182731 0.0114989 0.00732765 0.0050704
 1.03745e-16 5.52641e-05 0.000537187 0.0035698 0.0162278 0.0504908 0.107577 0.157016 0.157038 0.107683 0.0508467 0.017257 0.00615821 0.00620392 0.0108646 0.0179963 0.0262015 0.0335318 0.0380099 0.0386751 0.036079 0.0317751 0.0272572 0.0232248 0.0196138 0.0161108
 1.03073e-16 6.75885e-05 0.000656984 0.00436589 0.0198467 0.0617506 0.131567 0.192028 0.192039 0.131624 0.0619441 0.0204063 0.00577255 0.00373413 0.0059306 0.00974755 0.0141535 0.0180496 0.0203625 0.0205995 0.0191215 0.0168508 0.0146605 0.0129339 0.0115595 0.0102279
 1.02002e-16 6.66147e-05 0.000647518 0.00430299 0.0195608 0.0608609 0.129671 0.189262 0.189277 0.129746 0.0611106 0.020282 0.0061136 0.00460044 0.007575 0.0124206 0.0178933 0.0225184 0.0248407 0.0241928 0.0210882 0.0168654 0.0128789 0.0098665 0.00785903 0.0064998
 1.0591e-16 2.57803e-05 0.000250594 0.00166529 0.00757019 0.023554 0.0501862 0.0732595 0.0733134 0.0504498 0.0244391 0.0101274 0.00808614 0.0142736 0.0266761 0.0441071 0.0636433 0.0802545 0.0888086 0.0869105 0.0762897 0.0615508 0.0473528 0.0362361 0.0283553 0.0226143
 1.05491e-16 6.74569e-05 0.000655705 0.00435739 0.0198081 0.0616303 0.13131 0.191652 0.191658 0.131338 0.0617245 0.020082 0.00505215 0.00219639 0.00306407 0.00514332 0.0078341 0.0107551 0.0135435 0.0160033 0.0181384 0.0199788 0.0213679 0.0219371 0.0213142 0.0193883
 1.04923e-16 5.62713e-05 0.000546977 0.00363486 0.0165235 0.051411 0.109538 0.159879 0.159904 0.10966 0.0518226 0.0177122 0.00661765 0.0070559 0.012411 0.0204126 0.0293669 0.0368745 0.0405473 0.0393268 0.0341413 0.027302 0.0211237 0.0168274 0.0143606 0.0129449
 1.07958e-16 4.07479e-05 0.000396084 0.00263212 0.0119652 0.0372285 0.0793205 0.115778 0.115811 0.0794848 0.0377807 0.0135617 0.00664556 0.00917767 0.0167778 0.027827 0.0404417 0.0516075 0.0582517 0.0589231 0.0545809 0.0477903 0.041023 0.0354395 0.030876 0.0266389
 1.04843e-16 6.79288e-05 0.000660293 0.00438788 0.0199467 0.0620615 0.132229 0.192994 0.193002 0.132271 0.0622017 0.0203528 0.00541142 0.00290815 0.00437676 0.00723288 0.0106597 0.0139278 0.0163373 0.0175673 0.0178279 0.0176285 0.017358 0.0170358 0.0163949 0.0151595
 1.03014e-16 6.3533e-05 0.000617563 0.00410392 0.0186559 0.0580454 0.123672 0.180507 0.180526 0.123762 0.0583446 0.01952 0.00627267 0.00535104 0.0090508 0.0148565 0.0213839 0.0268725 0.0295803 0.0287213 0.0249419 0.0198887 0.015223 0.0118404 0.00974793 0.00845104
 1.07169e-16 2.78033e-05 0.000270258 0.00179596 0.00816422 0.0254022 0.0541238 0.0790057 0.0790552 0.0543658 0.026215 0.0105128 0.00769507 0.0131606 0.0245455 0.0406298 0.0587468 0.0743336 0.0827312 0.0817569 0.0729476 0.0604024 0.0482186 0.0385544 0.0314474 0.0258915
 1.18178e-16 3.47562e-05 0.000337843 0.00224509 0.0102058 0.0317543 0.0676565 0.0987508 0.0987703 0.0677519 0.0320757 0.0111399 0.0046111 0.00557365 0.0101867 0.0173313 0.026242 0.0356864 0.0443715 0.0516371 0.0576269 0.0626988 0.0666302 0.0684133 0.0668504 0.0614177
 1.05487e-16 7.31971e-05 0.000711502 0.00472818 0.0214936 0.0668747 0.142484 0.20796 0.207965 0.142506 0.066951 0.0217144 0.00528437 0.00193227 0.00241172 0.00392583 0.00578211 0.00756773 0.00893158 0.00975576 0.010231 0.0107046 0.0114105 0.0122924 0.0130384 0.0132698
pSPR Fmed_Fpbrs
0.487091   0.254707 0.254707
Fs Fmed_Fpbrs
0.463437   1.005 1.005
SSBpbr Bo_Bmed_Bpbrs
1.57377e+06  687880  322162 322162
Ro
120165
SPR SPRFo_SPRFmed_SPRFpbrs
858930 418377 218776
Fref
1.005
Nvult_r0
 147985 9284.64 4283.92 6384.97 1858.5
CTP_r0
 27979.5 2465.34 1162.24 1734.25 504.827
YTP_r0
391236
Np
 175203 60848.3 3199.24 1454.91 2715.74
Nvult_p0
 140817 52398.7 2767.71 1258.97 2350.04
CTP_p0
 54336.8 25857.7 1386.16 631.028 1177.95
YTP_p0
 916513
CBA_c0
548819
log_Ro
11.5166
likeval ReclasPelacesDesembMPH_pf_preclas_ppelaces_ptallas_desvR_qrecl_qpela
 10.7106 33.3192 0.0225574 0.00199946 243.477 116.595 100.762 0 35.1913 4.63603e-06 0 0.0373243 0 0 0
q_reclas_q_pelaces
1.35677 1
M
1
N
 134060 41009.2 73813.9 7254.68 0.196336
 96759.5 42353.6 11914.4 21294.6 2092.16
 83305.9 26639.7 9940.85 2759.18 5412.03
 65173.6 22897.1 6236.34 2295.96 1885.81
 48402.9 12624 3115.44 823.713 551.43
 238047 12752.2 2767.45 672.502 296.586
 54365.4 62588.1 2786.75 595.444 208.33
 18257.8 9268.41 6986.57 300.201 86.4168
 29588.2 5643.06 2602.7 1946.18 107.649
 48218.2 5457.71 711.757 317.956 250.467
 78494.2 7356.44 512.864 64.2147 51.1672
 123522 24849.9 2144.1 148.444 33.3834
 98725.2 26897.6 4054.19 341.418 28.9149
 68957.3 22347.9 4660.19 686.806 62.6601
 58681 10505 2095.25 419.455 67.3082
 425242 10723.2 1305.9 252.167 58.4792
 54192.8 105487 2141.22 256.051 60.8483
 653417 15661.7 26692.5 535.796 79.2492
 352657 189189 3974.5 6699.18 154.268
 247274 94732.6 42742 884.954 1524.77
 405638 67114.3 21748 9675.26 545.045
 528659 117900 17133.5 5491.82 2579.31
 75012.3 145353 27614.5 3959.31 1863.73
 304664 23109.1 40611.5 7652.34 1612.91
 230765 94910 6569.2 11456.1 2612.54
 96085.6 71972.4 27028.6 1856.55 3974.32
 267429 30714.3 21293.6 7944.79 1713.3
 318133 82943.9 8671.62 5964.56 2704.16
 64044.2 102536 24855.7 2582.76 2581.03
 41129.1 21018.4 31600.6 7619.95 1582.58
 208833 12483.9 5738.83 8551.73 2489.17
pred_Ctot
 12116.2 5556.29 10270.5 1010.85 0.0273591
 15756 10049.9 2896.57 5183.75 509.33
 13634.9 6351.57 2428.32 674.873 1323.83
 20535.7 9864.29 2738.83 1009.36 829.089
 8923.06 3362.01 849.493 224.886 150.559
 44116.6 3412.83 758.285 184.498 81.3723
 19605.7 30242.7 1370.59 293.129 102.563
 1871.19 1417.38 1096.8 47.1938 13.5863
 9855 2549.55 1198.01 896.7 49.6016
 19128.7 2853.8 378.35 169.164 133.264
 7004 984.474 70.4862 8.83799 7.04277
 33238.4 9326.03 821.563 56.9425 12.8065
 24965.8 9551.94 1470.75 123.998 10.5021
 27387.6 11696.6 2479.53 365.744 33.3698
 19742.4 4786.98 972.613 194.902 31.2767
 90386.3 3255 405.484 78.3926 18.1809
 7490.97 21456.5 446.586 53.4751 12.7088
 89689.9 3164.59 5530.57 111.163 16.4432
 61700.4 47999.8 1032.75 1742.96 40.1394
 42011 23387 10808.7 224.076 386.107
 54869.5 13374.4 4444.35 1979.86 111.541
 86439.9 28083.7 4181.39 1342 630.33
 7821.35 22599 4407.17 632.774 297.882
 29905.2 3390.37 6117.25 1154.29 243.31
 22504 13837.1 983.328 1717.25 391.644
 8053.77 9066.37 3497.28 240.566 515.021
 26898.5 4613.11 3283.31 1226.74 264.568
 25183.4 9885.26 1061.71 731.325 331.587
 4408.97 10669.2 2657.83 276.578 276.413
 4619.6 3509.27 5414.51 1307.42 271.558
 27979.5 2465.34 1162.24 1734.25 504.827
F
 0.152232 0.236051 0.243095 0.243478 0.243498
 0.289825 0.449401 0.462813 0.463541 0.46358
 0.291508 0.452011 0.4655 0.466232 0.466271
 0.641459 0.994643 1.02433 1.02594 1.02602
 0.333852 0.51767 0.533119 0.533957 0.534002
 0.335891 0.520831 0.536375 0.537218 0.537263
 0.769115 1.19259 1.22818 1.23011 1.23021
 0.174168 0.270063 0.278123 0.278561 0.278584
 0.690346 1.07045 1.10239 1.10413 1.10422
 0.880162 1.36477 1.4055 1.40772 1.40783
 0.150171 0.232854 0.239803 0.24018 0.2402
 0.524381 0.813103 0.837369 0.838687 0.838756
 0.485608 0.752982 0.775454 0.776673 0.776738
 0.881633 1.36706 1.40785 1.41007 1.41019
 0.699704 1.08496 1.11734 1.11909 1.11919
 0.394066 0.611038 0.629273 0.630263 0.630315
 0.241332 0.374208 0.385375 0.385982 0.386014
 0.239468 0.371318 0.382399 0.383001 0.383033
 0.314439 0.487567 0.502118 0.502908 0.502949
 0.3041 0.471536 0.485609 0.486372 0.486413
 0.235625 0.365359 0.376262 0.376854 0.376885
 0.291175 0.451495 0.464969 0.465701 0.465739
 0.177428 0.275118 0.283329 0.283775 0.283798
 0.16628 0.257833 0.265528 0.265945 0.265967
 0.165119 0.256033 0.263674 0.264089 0.264111
 0.140511 0.217876 0.224379 0.224732 0.22475
 0.17069 0.264672 0.27257 0.272999 0.273022
 0.132256 0.205076 0.211196 0.211528 0.211546
 0.114172 0.177035 0.182318 0.182605 0.18262
 0.192278 0.298145 0.307043 0.307526 0.307552
 0.233152 0.361524 0.372314 0.372899 0.37293
YTP_r0W_actual
 237826 40185.1 33588.8 60351.9 19284.4
YTP_p0W_proyectada
 408613 416827 32408.4 18615.3 40050.2
CTP_r0_actual
 27979.5 2465.34 1162.24 1734.25 504.827
CTP_p0_proyectada
 54336.8 25857.7 1386.16 631.028 1177.95
Wmedp
 7.52 16.12 23.38 29.5 34
Frms_r0
 0.233152 0.361524 0.372314 0.372899 0.37293
Zrms_r0
 1.23315 1.36152 1.37231 1.3729 1.37293
nmprior
 8.19 8.8 8.5 0
nm_flota  nm_reclas  nm_pelaces    nm_pelaL
inf 16.7878 12.1981 25.8334
cv_recla  cv_pelaces  cv_mph
0.296027 0.654515 1.37995
 ------------------------------------------------
Talla a la edad & desviaci?n 
 8 13.2811 15.8009 17.003 17.5766
 0.8 1.32811 1.58009 1.7003 1.75766
