years
 1991 1992 1993 1994 1995 1996 1997 1998 1999 2000 2001 2002 2003 2004 2005 2006 2007 2008 2009 2010 2011 2012 2013 2014 2015 2016 2017 2018 2019 2020 2021
reclasobs
 0 0 0 0 0 0 0 0 0 252601 567819 844713 477998 351125 339783 2.1784e+06 2.13404e+06 4.81314e+06 1.55562e+06 2.62356e+06 3.21686e+06 3.843e+06 1.13348e+06 3.07943e+06 1.97215e+06 2.03268e+06 2.025e+06 2.42433e+06 2.27542e+06 1.05018e+06 2.36338e+06
reclaspred
 4.14664e+06 1.42762e+06 878616 477198 71759.8 1.80182e+06 591374 150126 616131 187620 295301 658194 558548 416079 304403 1.87023e+06 1.18295e+06 4.99138e+06 3.90794e+06 1.78824e+06 3.75693e+06 3.47455e+06 1.98359e+06 3.78649e+06 2.47549e+06 1.56449e+06 2.54052e+06 3.69008e+06 2.65352e+06 1.02536e+06 1.56938e+06
pelacesobs
 0 0 0 0 0 0 0 0 0 0 0 0 0 0 0 552880 188675 0 991730 2.46772e+06 1.41603e+06 1.21717e+06 2.29649e+06 1.80582e+06 0 1.4828e+06 1.56532e+06 1.57751e+06 1.42118e+06 867257 1.10002e+06
pelacespred
 1.0408e+06 362985 183907 66218.8 8858.56 409993 93969.4 31442 129293 28596.1 64516.1 118952 108493 79447.4 56524.9 359286 224528 1.20263e+06 919645 395188 832829 755779 435885 974042 596747 370799 708491 1.00352e+06 601417 268835 379114
mphobs
 0 0 0 0 0 0 0 0 0 0 0 498337 0 5186 125008 0 168611 109162 213762 579715 649985 157893 87575 83554 0 0 0 0 0 0 0
mphpred
 2.33374e+06 1.06524e+06 258512 250957 67417.8 8104.45 464699 93616.2 28510.4 135366 23482 88383.6 153188 95359.3 51259.5 51697.7 585285 323458 1.48552e+06 960124 566928 965195 1.02676e+06 584729 1.06218e+06 722376 407707 657418 1.30564e+06 690928 231218
desembarqueobs
 494567 514787 250237 358949 120608 361735 552515 73892 212993 205616 52469 317467 293654 387597 252695 516296 358380 742168 942051 627588 828172 859565 418607 520667 417249 300574 415391 372974 316634 284311 391294
desembarquepred
 494517 514504 249837 358559 120487 361520 551717 73856.8 212821 205373 52453.5 317152 293304 386868 252354 515863 358210 741679 940675 626425 827601 858701 418328 520427 416947 300314 415123 372773 316444 284041 391046
Reclutas
 9311.59 5785.76 199595 15717.3 4830.64 285526 7006.61 1812.42 62617.5 8782.4 46885.5 133109 76535.1 68989.5 44970.7 389299 12587.2 742285 303686 98537.3 389616 511879 16735.3 280525 162410 38742.3 226723 303935 21498.8 9826.87 154924
log_desv_Rt
 -1.82001 -2.29586 1.24502 -1.2965 -2.47629 1.60307 -2.10441 -3.4566 0.0857805 -1.87851 -0.203557 0.839905 0.286485 0.182689 -0.245254 1.91308 -1.51858 2.55847 1.66473 0.539171 1.9139 2.18682 -1.23375 1.5854 1.03886 -0.394332 1.37246 1.66555 -0.983267 -1.76614 0.99167
SSB
 2.33374e+06 1.06524e+06 258512 250957 67417.8 8104.45 464699 93616.2 28510.4 135366 23482 88383.6 153188 95359.3 51259.5 51697.7 585285 323458 1.48552e+06 960124 566928 965195 1.02676e+06 584729 1.06218e+06 722376 407707 657418 1.30564e+06 690928 231218
BT
 2.85804e+06 1.39899e+06 654941 407959 126208 1.26665e+06 704975 142903 489176 248002 193670 535640 511669 584939 380585 1.23557e+06 800813 3.44618e+06 3.00714e+06 1.51817e+06 2.62976e+06 2.51298e+06 1.36671e+06 2.74225e+06 1.77031e+06 1.13164e+06 2.07321e+06 2.68563e+06 1.6515e+06 926385 1.25867e+06
Ftot
 0.218286 0.628452 0.631384 1.26643 2.30219 0.521914 1.47581 0.861495 0.852418 1.73858 0.444214 1.0894 1.08746 1.87368 1.75976 0.696952 0.555968 0.372556 0.494277 0.667028 0.503148 0.54194 0.390866 0.322897 0.343368 0.372525 0.387196 0.241004 0.223856 0.500536 0.590195
BD_Bspro_t
 0.965785 0.728547 0.393082 0.405117 0.128561 0.0252481 0.469103 0.136538 0.0682474 0.268092 0.0859861 0.353006 0.319822 0.194488 0.110265 0.116107 0.462589 0.320917 0.611763 0.469152 0.315675 0.435874 0.474518 0.378542 0.55305 0.519515 0.448113 0.588726 0.71338 0.573051 0.365987
BD_Bspro
 5.68108 2.59314 0.629302 0.610909 0.164117 0.0197288 1.13123 0.227892 0.0694034 0.329524 0.0571628 0.215154 0.372909 0.232135 0.124782 0.125849 1.42477 0.787402 3.61625 2.33725 1.38009 2.34959 2.49947 1.42342 2.58569 1.75849 0.992491 1.60037 3.17835 1.68194 0.562859
BD_Bo
 1.41764 0.647084 0.157035 0.152445 0.0409532 0.00492308 0.282283 0.0568675 0.0173188 0.0822287 0.0142643 0.053689 0.0930548 0.0579264 0.0311378 0.031404 0.355534 0.196486 0.902389 0.583231 0.344383 0.586312 0.62371 0.355196 0.645227 0.43881 0.247664 0.399352 0.793116 0.419707 0.140454
BD_Brms
 7.49736 3.42218 0.830494 0.806221 0.216586 0.0260363 1.49289 0.30075 0.0915922 0.434875 0.0754381 0.28394 0.492131 0.30635 0.164676 0.166084 1.88028 1.03914 4.77238 3.08448 1.82131 3.10077 3.29856 1.8785 3.41235 2.3207 1.3098 2.11202 4.19448 2.21967 0.742809
Sel_flota
 0.685544 0.976427 0.998731 0.999933 0.999996
 0.685544 0.976427 0.998731 0.999933 0.999996
 0.685544 0.976427 0.998731 0.999933 0.999996
 0.685544 0.976427 0.998731 0.999933 0.999996
 0.685544 0.976427 0.998731 0.999933 0.999996
 0.685544 0.976427 0.998731 0.999933 0.999996
 0.685544 0.976427 0.998731 0.999933 0.999996
 0.685544 0.976427 0.998731 0.999933 0.999996
 0.685544 0.976427 0.998731 0.999933 0.999996
 0.685544 0.976427 0.998731 0.999933 0.999996
 0.685544 0.976427 0.998731 0.999933 0.999996
 0.685544 0.976427 0.998731 0.999933 0.999996
 0.685544 0.976427 0.998731 0.999933 0.999996
 0.685544 0.976427 0.998731 0.999933 0.999996
 0.685544 0.976427 0.998731 0.999933 0.999996
 0.685544 0.976427 0.998731 0.999933 0.999996
 0.685544 0.976427 0.998731 0.999933 0.999996
 0.685544 0.976427 0.998731 0.999933 0.999996
 0.685544 0.976427 0.998731 0.999933 0.999996
 0.685544 0.976427 0.998731 0.999933 0.999996
 0.685544 0.976427 0.998731 0.999933 0.999996
 0.685544 0.976427 0.998731 0.999933 0.999996
 0.685544 0.976427 0.998731 0.999933 0.999996
 0.685544 0.976427 0.998731 0.999933 0.999996
 0.685544 0.976427 0.998731 0.999933 0.999996
 0.685544 0.976427 0.998731 0.999933 0.999996
 0.685544 0.976427 0.998731 0.999933 0.999996
 0.685544 0.976427 0.998731 0.999933 0.999996
 0.685544 0.976427 0.998731 0.999933 0.999996
 0.685544 0.976427 0.998731 0.999933 0.999996
 0.685544 0.976427 0.998731 0.999933 0.999996
Sel_reclas
 1 1 1 1 1
 1 1 1 1 1
 1 1 1 1 1
 1 1 1 1 1
 1 1 1 1 1
 1 1 1 1 1
 1 1 1 1 1
 1 1 1 1 1
 1 1 1 1 1
 1 1 1 1 1
 1 1 1 1 1
 1 1 1 1 1
 1 1 1 1 1
 1 1 1 1 1
 1 1 1 1 1
 1 1 1 1 1
 1 1 1 1 1
 1 1 1 1 1
 1 1 1 1 1
 1 1 1 1 1
 1 1 1 1 1
 1 1 1 1 1
 1 1 1 1 1
 1 1 1 1 1
 1 1 1 1 1
 1 1 1 1 1
 1 1 1 1 1
 1 1 1 1 1
 1 1 1 1 1
 1 1 1 1 1
 1 1 1 1 1
Sel_pelaces
 1 1 1 1 1
 1 1 1 1 1
 1 1 1 1 1
 1 1 1 1 1
 1 1 1 1 1
 1 1 1 1 1
 1 1 1 1 1
 1 1 1 1 1
 1 1 1 1 1
 1 1 1 1 1
 1 1 1 1 1
 1 1 1 1 1
 1 1 1 1 1
 1 1 1 1 1
 1 1 1 1 1
 1 1 1 1 1
 1 1 1 1 1
 1 1 1 1 1
 1 1 1 1 1
 1 1 1 1 1
 1 1 1 1 1
 1 1 1 1 1
 1 1 1 1 1
 1 1 1 1 1
 1 1 1 1 1
 1 1 1 1 1
 1 1 1 1 1
 1 1 1 1 1
 1 1 1 1 1
 1 1 1 1 1
 1 1 1 1 1
pf_obs 
 0.8446 0.082 0.0669 0.0065 0
 0.8095 0.147 0.0364 0.0071 0
 0.9664 0.0169 0.016 0.0007 0
 0.9276 0.0648 0.0075 0.0001 0
 0.7033 0.2144 0.0806 0.0017 0
 0.9318 0.0425 0.0243 0.0014 0
 0.5671 0.3108 0.0964 0.0239 0.0018
 0.0768 0.2599 0.5324 0.112 0.0189
 0.490249 0.384438 0.106611 0.0170017 0.00170017
 0.7925 0.1577 0.0466 0.003 0.0002
 0.840416 0.127587 0.0312969 0.00059994 9.999e-05
 0.8084 0.0986 0.0794 0.0134 0.0002
 0.7335 0.1905 0.0724 0.0035 0.0001
 0.4001 0.4547 0.1325 0.0127 0
 0.49795 0.308269 0.164784 0.0264974 0.00249975
 0.9179 0.0499 0.0305 0.0017 0
 0.2467 0.6533 0.0926 0.0074 0
 0.9418 0.0223 0.034 0.0019 0
 0.707729 0.231977 0.0356964 0.0245975 0
 0.517169 0.277429 0.184464 0.0207286 0.00020938
 0.811772 0.124168 0.05621 0.00726502 0.000585176
 0.764997 0.148141 0.077277 0.00933861 0.000247198
 0.163321 0.427699 0.378323 0.0303852 0.000271297
 0.753843 0.0900009 0.118128 0.0371064 0.000921714
 0.721811 0.176058 0.0630433 0.0369309 0.00215725
 0.143369 0.312575 0.442814 0.0836902 0.0175525
 0.692698 0.0596174 0.167031 0.0765114 0.00414204
 0.394062 0.376323 0.152708 0.0712218 0.00568511
 0.125707 0.32114 0.495352 0.0537591 0.00404204
 0.23352 0.215282 0.420074 0.123614 0.00750983
 0.774587 0.0839891 0.0768558 0.0609784 0.00358967
pf_pred 
 0.0442583 0.188363 0.687814 0.0795642 6.89023e-07
 0.0866102 0.0586891 0.171817 0.612163 0.0707209
 0.935165 0.00861355 0.00372146 0.0105677 0.0419325
 0.201164 0.766058 0.00447828 0.00187624 0.0264236
 0.345818 0.204302 0.432169 0.00242459 0.0152864
 0.996895 0.00172007 0.000450438 0.00089797 3.66778e-05
 0.0714631 0.926693 0.00103508 0.000263265 0.000545415
 0.157676 0.106014 0.734912 0.000785253 0.000611988
 0.969101 0.0074394 0.00304195 0.0203793 3.86733e-05
 0.355864 0.632239 0.0029429 0.0011628 0.00779055
 0.948532 0.0268823 0.024154 0.000107072 0.000324857
 0.888014 0.108173 0.0020179 0.00176317 3.14806e-05
 0.706831 0.273221 0.0192938 0.000346526 0.000307563
 0.775764 0.180983 0.0404132 0.00274719 9.29395e-05
 0.822405 0.155883 0.0176961 0.00375241 0.000262977
 0.981736 0.0164865 0.00156989 0.00016964 3.83906e-05
 0.0947178 0.894834 0.00946025 0.000872904 0.000115474
 0.959868 0.00558234 0.0341619 0.000350735 3.6586e-05
 0.509125 0.477801 0.00186083 0.0110878 0.000125531
 0.364449 0.38992 0.239275 0.000905686 0.00544933
 0.85776 0.0680044 0.0460892 0.0274189 0.000726967
 0.772621 0.205452 0.0106428 0.00700975 0.0042742
 0.0736099 0.778106 0.134366 0.0067608 0.00715671
 0.822394 0.0189445 0.133836 0.0224986 0.00232695
 0.556564 0.388045 0.00604772 0.041632 0.00771167
 0.281426 0.468097 0.219933 0.00333899 0.0272045
 0.848277 0.0562869 0.0627483 0.0287071 0.00398079
 0.754321 0.219813 0.00976113 0.0105941 0.00551091
 0.117894 0.721116 0.144424 0.00625679 0.0103093
 0.149428 0.138899 0.584394 0.114197 0.0130812
 0.907183 0.0200416 0.0121739 0.0497771 0.0108246
pobs_RECLAS
 0 0 0 0 0
 0 0 0 0 0
 0 0 0 0 0
 0 0 0 0 0
 0 0 0 0 0
 0 0 0 0 0
 0 0 0 0 0
 0 0 0 0 0
 0 0 0 0 0
 0 0 0 0 0
 0.991045 0.00858322 0.000360255 1.14367e-05 0
 0.934742 0.0480273 0.0164251 0.00080598 0
 0.827803 0.169806 0.00239088 0 0
 0.941827 0.0461693 0.0120037 0 0
 0.791401 0.0380133 0.147996 0.0225897 0
 0.846168 0.0940531 0.0597789 0 0
 0.134021 0.677848 0.182769 0.00536245 0
 0.80878 0.0450904 0.141981 0.00414843 0
 0.846168 0.0940531 0.0597789 0 0
 0.905697 0.0802665 0.012482 0.00150086 5.37128e-05
 0.989698 0.0102097 9.19794e-05 0 0
 0.975433 0.0193895 0.00387452 0.00125025 5.28907e-05
 0.303575 0.632131 0.0575291 0.00676475 0
 0.966965 0.00978017 0.0227588 0.000495775 0
 0.843318 0.132988 0.00938335 0.0141283 0.000182051
 0.564624 0.303363 0.111486 0.0197234 0.00080311
 0.826376 0.0876187 0.0782897 0.00655872 0.00115652
 0.89761 0.0855135 0.0140674 0.00269457 0.000114338
 0.34875 0.467042 0.161289 0.0227151 0.000203297
 0.318654 0.224769 0.449479 0.00709798 0
 0.937255 0.0296025 0.0250945 0.00804832 0
ppred_RECLAS
 0.0633243 0.188067 0.671075 0.0775325 6.71386e-07
 0.123908 0.0576479 0.1647 0.586045 0.0676989
 0.955522 0.00604184 0.00254741 0.00722437 0.0286642
 0.275834 0.695262 0.00395424 0.00165426 0.0232955
 0.470826 0.169227 0.345802 0.00193645 0.0122077
 0.997879 0.00118782 0.00030368 0.000604626 2.46945e-05
 0.105555 0.89272 0.000968888 0.000246052 0.000509713
 0.220013 0.100368 0.67833 0.000723814 0.000564065
 0.979227 0.00510291 0.00203433 0.0136104 2.58263e-05
 0.463782 0.526619 0.00237776 0.000937973 0.00628371
 0.964195 0.0189132 0.0165951 7.34708e-05 0.000222897
 0.922206 0.0752138 0.00136635 0.00119218 2.12842e-05
 0.782941 0.202651 0.0139361 0.000249946 0.000221825
 0.846306 0.124794 0.0270053 0.00183267 6.19952e-05
 0.8793 0.106339 0.0117081 0.00247861 0.000173691
 0.987458 0.0113479 0.00105425 0.000113771 2.57452e-05
 0.13189 0.858327 0.008858 0.000816284 0.000107977
 0.972349 0.00392488 0.0234609 0.000240568 2.50926e-05
 0.60042 0.389193 0.00147994 0.00880702 9.97026e-05
 0.457896 0.335741 0.201031 0.00075993 0.00457203
 0.898431 0.0491791 0.0325423 0.019335 0.000512602
 0.831687 0.152441 0.0077089 0.00507086 0.00309175
 0.103134 0.756141 0.127533 0.00640891 0.00678376
 0.871806 0.0139643 0.0963754 0.0161811 0.00167344
 0.644365 0.312156 0.00475239 0.0326743 0.00605199
 0.362616 0.41862 0.192118 0.00291305 0.0237326
 0.891089 0.0410156 0.0446598 0.020406 0.0028295
 0.8153 0.165666 0.0071885 0.00779233 0.0040532
 0.161331 0.688489 0.134743 0.00583023 0.00960583
 0.206099 0.132286 0.543414 0.106054 0.0121475
 0.935462 0.0142143 0.00842735 0.0344134 0.00748306
pobs_PELACES
 0 0 0 0 0
 0 0 0 0 0
 0 0 0 0 0
 0 0 0 0 0
 0 0 0 0 0
 0 0 0 0 0
 0 0 0 0 0
 0 0 0 0 0
 0 0 0 0 0
 0 0 0 0 0
 0 0 0 0 0
 0 0 0 0 0
 0 0 0 0 0
 0 0 0 0 0
 0 0 0 0 0
 0 0 0 0 0
 0.505614 0.472636 0.0217494 0 0
 0 0 0 0 0
 0.443492 0.261883 0.143347 0.151278 0
 0.227955 0.32914 0.350689 0.0885471 0.00366901
 0.970185 0.0296113 0.000203453 0 0
 0.997202 0.00247181 0.000326279 0 0
 0.445219 0.490057 0.0546422 0.010081 0
 0.90214 0.0892962 0.00764917 0.000914606 0
 0 0 0 0 0
 0.581667 0.319106 0.0959925 0.00289975 0.000334073
 0.762889 0.0836404 0.116647 0.0363945 0.000428098
 0.88444 0.0763242 0.0277011 0.0115352 0
 0.521256 0.241999 0.230069 0.00667565 0
 0.616807 0.101726 0.260614 0.0208532 0
 0.833518 0.0704572 0.0857862 0.0102388 0
ppred_PELACES
 0.0646567 0.188042 0.669909 0.0773911 6.70158e-07
 0.13112 0.0574316 0.163325 0.581007 0.0671161
 0.958198 0.00570246 0.00239317 0.00678525 0.0269216
 0.300847 0.671508 0.0037837 0.00158212 0.0222791
 0.528888 0.152405 0.306195 0.00171309 0.010799
 0.997986 0.0011299 0.000287764 0.000572819 2.33951e-05
 0.119699 0.878622 0.000943285 0.000239409 0.000495938
 0.235525 0.0989172 0.664297 0.000708597 0.000552196
 0.98092 0.00471012 0.001866 0.01248 2.36809e-05
 0.505499 0.485763 0.0021654 0.000853614 0.00571836
 0.96569 0.0181517 0.015875 7.02704e-05 0.000213185
 0.929403 0.0682745 0.00123038 0.00107308 1.91575e-05
 0.800242 0.186598 0.0127298 0.000228212 0.000202532
 0.868569 0.106994 0.0228363 0.0015486 5.23835e-05
 0.896255 0.0915432 0.0099493 0.00210481 0.000147491
 0.988266 0.0106223 0.000981783 0.000105921 2.39686e-05
 0.138127 0.8522 0.00875885 0.000806969 0.000106743
 0.973355 0.00379092 0.0225981 0.000231686 2.4166e-05
 0.61177 0.378175 0.00143282 0.00852494 9.65082e-05
 0.474294 0.326194 0.194358 0.000734513 0.00441905
 0.902925 0.0470947 0.0310478 0.0184434 0.000488958
 0.838896 0.145968 0.00735218 0.00483517 0.00294801
 0.1067 0.753476 0.126718 0.00636699 0.00673933
 0.875463 0.0135949 0.0936033 0.0157136 0.00162508
 0.651955 0.305593 0.00464073 0.0319022 0.00590894
 0.371142 0.413412 0.189208 0.0028685 0.0233695
 0.894814 0.0396844 0.0430873 0.0196845 0.00272943
 0.818786 0.16257 0.00704164 0.00763241 0.00397
 0.164301 0.686255 0.134085 0.00580123 0.009558
 0.214593 0.131277 0.537285 0.104837 0.012008
 0.939002 0.0134822 0.00795867 0.0324919 0.00706516
pobs_pel_tallas
 0 0 0 0 0 0 0 0 0 0 0 0 0 0 0 0 0 0 0 0 0 0 0 0 0 0
 0 0 0 0 0 0 0 0 0 0 0 0 0 0 0 0 0 0 0 0 0 0 0 0 0 0
 0 0 0 0 0 0 0 0 0 0 0 0 0 0 0 0 0 0 0 0 0 0 0 0 0 0
 0 0 0 0 0 0 0 0 0 0 0 0 0 0 0 0 0 0 0 0 0 0 0 0 0 0
 0 0 0 0 0 0 0 0 0 0 0 0 0 0 0 0 0 0 0 0 0 0 0 0 0 0
 0 0 0 0 0 0 0 0 0 0 0 0 0 0 0 0 0 0 0 0 0 0 0 0 0 0
 0 0 0 0 0 0 0 0 0 0 0 0 0 0 0 0 0 0 0 0 0 0 0 0 0 0
 0 0 0 0 0 0 0 0 0 0 0 0 0 0 0 0 0 0 0 0 0 0 0 0 0 0
 0 0 0 0 0 0 0 0 0 0 0 0 0 0 0 0 0 0 0 0 0 0 0 0 0 0
 0 0 0 0 0 0 0 0 0 0 0 0 0 0 0 0 0 0 0 0 0 0 0 0 0 0
 0 0 0 0 0 0 0 0 0 0 0 0 0 0 0 0 0 0 0 0 0 0 0 0 0 0
 0 0 0 0 0 0 0 0 0 0 0 0 0 0 0 0 0 0 0 0 0 0 0 0 0 0
 0.00862536 0 0 0.000197151 0.00414017 0.0128641 0.00837892 0.0270097 0.101434 0.158115 0.152841 0.127902 0.109271 0.109419 0.0830992 0.0579132 0.0238553 0.00714673 0.00463305 0.00128148 0.00103504 0.000492878 0.000147863 0.000147863 4.92878e-05 0
 0 0 0 0 0 0 0 0 0 0 0 0 0 0 0 0 0 0 0 0 0 0 0 0 0 0
 0 0 0 0 0 0 0 0.0054083 0.00873648 0.0413646 0.0450493 0.0745869 0.0622846 0.0627006 0.0613931 0.0827291 0.12552 0.122667 0.0946155 0.0697135 0.0546179 0.0294188 0.0215738 0.0213955 0.0102223 0.00600262
 0 0 0 0 0.00359764 0.0251062 0.0480494 0.140153 0.205849 0.193036 0.1447 0.116669 0.0760912 0.0342217 0.00950174 0.001854 0.000860785 0 0 0 0.000165536 0 0.000143464 0 0 0
 0 0 0 0 0 0 0 0.000145254 0.000435761 0.0275982 0.070085 0.0708112 0.156366 0.174668 0.174014 0.160142 0.0824315 0.0480064 0.0283245 0.00493863 0.00203355 0 0 0 0 0
 0 0 0 0 0 0 0 0 0 0 0 0 0 0 0 0 0 0 0 0 0 0 0 0 0 0
 0 0 1.00437e-05 0.000401748 0.00122533 0.00171747 0.00176769 0.0269171 0.070346 0.194647 0.189555 0.159765 0.064822 0.0314167 0.0384472 0.0292271 0.0345202 0.0313363 0.0194345 0.0106764 0.0143323 0.0359363 0.0279516 0.0138201 0.00172751 0
 0 0.0021121 0.0136068 0.0755702 0.200478 0.177729 0.0527432 0.0373336 0.0318909 0.0142505 0.0149659 0.0166563 0.0217959 0.0798694 0.0677717 0.0528807 0.04013 0.0224614 0.0357745 0.0225083 0.00881397 0.00855152 0.00135912 0.000746735 0 0
 0 0 0 0 5.4009e-05 0.00500934 0.000945158 0.0243581 0.138947 0.33067 0.221406 0.137944 0.0707744 0.0437923 0.0131692 0.00525238 0.0047753 0.00276346 9.45158e-05 9.00151e-06 2.25038e-05 9.00151e-06 4.50075e-06 0 0 0
 0.000866109 0.00284123 0.00948549 0.0512746 0.133035 0.25785 0.225252 0.132002 0.0553304 0.0519788 0.0540692 0.017754 0.00435017 0.00159236 0.00146478 0.000404838 0.000125132 0.000115318 0.000107957 0.000100596 0 0 0 0 0 0
 0 0 0 0 0.00144013 0.00171154 0.00461396 0.0210425 0.0478622 0.0707936 0.0888783 0.103762 0.0637923 0.0337046 0.0602308 0.124433 0.169614 0.0934646 0.0462172 0.0250306 0.0313229 0.00938855 0.002487 0.000210481 0 0
 0 0.00764035 0.051015 0.0998891 0.058973 0.0496711 0.0374665 0.0718981 0.12319 0.153886 0.159021 0.0857701 0.0377988 0.023471 0.0147837 0.00900784 0.00315554 0.000888139 0.00291439 0.00214683 0.00393193 0.00274676 0.000635225 9.99891e-05 0 0
 0 0 0 0 0 0 0 0 0 0 0 0 0 0 0 0 0 0 0 0 0 0 0 0 0 0
 0 0 0 0 0 0 0 0 0 0 0 0 0 0 0 0 0 0 0 0 0 0 0 0 0 0
 0 0 0 0 0 0 0 0 0 0 0 0 0 0 0 0 0 0 0 0 0 0 0 0 0 0
 0 0 0 0 0 0 0 0 0 0 0 0 0 0 0 0 0 0 0 0 0 0 0 0 0 0
 0 0 0 0 0 0 0 0 0 0 0 0 0 0 0 0 0 0 0 0 0 0 0 0 0 0
 0 0 0 0 0 0 0 0 0 0 0 0 0 0 0 0 0 0 0 0 0 0 0 0 0 0
 0 0 0 0 0 0 0 0 0 0 0 0 0 0 0 0 0 0 0 0 0 0 0 0 0 0
ppred_pel_tallas
 1.27142e-16 5.32573e-06 5.1768e-05 0.000344017 0.00156386 0.00486586 0.0103679 0.0151363 0.0151554 0.0104619 0.00518447 0.0024971 0.00273558 0.00543472 0.0107034 0.0189244 0.0301429 0.0439088 0.0595586 0.0764811 0.093879 0.11011 0.122368 0.127407 0.123081 0.109632
 1.74353e-16 1.08002e-05 0.000104981 0.000697639 0.00317137 0.00986734 0.0210236 0.0306859 0.0306918 0.0210532 0.00996791 0.00346841 0.00146886 0.00187666 0.00364562 0.00675291 0.01157 0.0186841 0.0289817 0.0436048 0.063488 0.0884983 0.116625 0.143838 0.164954 0.17527
 1.05307e-16 7.89255e-05 0.000767184 0.0050982 0.0231757 0.0721082 0.153634 0.224234 0.224234 0.153637 0.0721174 0.0232025 0.00516622 0.000917959 0.000372563 0.000511914 0.000784164 0.00111466 0.00150564 0.00200761 0.00271283 0.00371146 0.00502419 0.00655008 0.00806368 0.00926982
 1.0421e-16 2.47805e-05 0.000240876 0.00160071 0.00727662 0.0226406 0.0482406 0.0704221 0.0704867 0.0485561 0.0236995 0.0103331 0.00926589 0.016951 0.0316927 0.0521794 0.0747546 0.0931541 0.101027 0.0954862 0.0789028 0.0574487 0.0375713 0.0230884 0.0145458 0.0104102
 1.10875e-16 4.35639e-05 0.000423456 0.00281402 0.0127921 0.0398011 0.084801 0.123773 0.123788 0.0848752 0.0400513 0.0135203 0.00466291 0.00452904 0.00804367 0.013756 0.0210344 0.0289862 0.0366281 0.0433427 0.0489674 0.0533773 0.0560168 0.0559426 0.0524272 0.0456029
 1.00071e-16 8.22028e-05 0.00079904 0.0053099 0.0241381 0.0751024 0.160014 0.233545 0.233545 0.160014 0.0751042 0.0241432 0.00532295 0.000827604 0.000136681 9.64748e-05 0.000132501 0.000169807 0.000194186 0.000201723 0.00019664 0.000187918 0.000183093 0.000183842 0.000186138 0.000183816
 1.0036e-16 9.85965e-06 9.58394e-05 0.000636891 0.00289526 0.00900869 0.0191971 0.0280364 0.0281209 0.0196098 0.0103939 0.00689348 0.0106631 0.0219504 0.0414192 0.0682056 0.0976581 0.121558 0.131541 0.123757 0.101247 0.0720517 0.0446405 0.0241301 0.0114442 0.00483637
 1.1936e-16 1.93999e-05 0.000188574 0.00125314 0.00569661 0.0177243 0.037764 0.0551198 0.0551303 0.0378159 0.0179017 0.00622152 0.00261861 0.00332735 0.00644166 0.0118162 0.0197947 0.0306382 0.0443809 0.0606408 0.0782011 0.094627 0.106486 0.110467 0.104917 0.0908071
 1.01311e-16 8.07971e-05 0.000785377 0.0052191 0.0237253 0.0738182 0.157277 0.229551 0.229552 0.15728 0.0738258 0.0237473 0.00527468 0.000907984 0.000317664 0.000408495 0.000608885 0.000830105 0.00104843 0.00126955 0.0015259 0.00185212 0.00224944 0.00266554 0.00300628 0.00317333
 1.01241e-16 4.16374e-05 0.000404731 0.00268958 0.0122265 0.0380413 0.0810528 0.118309 0.118355 0.081281 0.0388072 0.0144372 0.00823371 0.0124902 0.0229432 0.0377301 0.0540348 0.0672944 0.0728948 0.0687219 0.0564672 0.0405786 0.0257251 0.0147055 0.00798549 0.00454893
 1.00506e-16 7.95426e-05 0.000773182 0.00513807 0.0233569 0.072672 0.154836 0.225987 0.225989 0.154844 0.0727012 0.0234413 0.00535087 0.00124092 0.000977185 0.00151375 0.00222874 0.0029179 0.00342737 0.00367914 0.00369934 0.00357473 0.00337545 0.00311353 0.00276452 0.00231815
 1.00164e-16 7.65537e-05 0.000744129 0.004945 0.0224793 0.0699414 0.149018 0.217497 0.217504 0.14905 0.070049 0.0227901 0.00572461 0.00244384 0.00329821 0.00531467 0.00760926 0.00948627 0.0102947 0.00973757 0.00804995 0.00585103 0.00378851 0.00224749 0.00128889 0.000771441
 1.00473e-16 6.59149e-05 0.000640716 0.00425778 0.0193553 0.0602216 0.128309 0.187275 0.187293 0.128397 0.0605161 0.0202058 0.00639159 0.00529494 0.00889362 0.0145682 0.0209075 0.0261381 0.0284986 0.0271729 0.0227775 0.0169576 0.0114285 0.00720234 0.00444046 0.00279193
 1.00851e-16 7.15429e-05 0.000695423 0.00462133 0.0210079 0.0653634 0.139264 0.203262 0.203272 0.139314 0.0655328 0.0214974 0.0058505 0.00338037 0.00517553 0.00845517 0.0122007 0.0153981 0.0170607 0.0167245 0.0147086 0.0118781 0.00911042 0.00688755 0.00525072 0.00401638
 1.00547e-16 7.38234e-05 0.000717589 0.00476863 0.0216775 0.0674469 0.143703 0.209741 0.209749 0.143746 0.0675915 0.0220953 0.00581697 0.00300527 0.00441604 0.00717713 0.010316 0.0129389 0.0141882 0.0136683 0.0116761 0.00900033 0.00645306 0.00449804 0.00318927 0.00234605
 1.00046e-16 8.14022e-05 0.000791258 0.00525819 0.023903 0.074371 0.158455 0.23127 0.231271 0.15846 0.0743878 0.0239514 0.00537976 0.0010565 0.000584689 0.000836572 0.00119433 0.00149557 0.00163588 0.0015688 0.00132903 0.00100893 0.000704215 0.000470463 0.000315388 0.000218676
 1.0057e-16 1.13775e-05 0.000110594 0.000734938 0.00334097 0.0103954 0.0221516 0.0323481 0.0324301 0.022552 0.0117392 0.00721985 0.0104625 0.021316 0.0401965 0.0662042 0.0948267 0.118106 0.12794 0.120598 0.0990075 0.0709301 0.0445261 0.0247106 0.0123571 0.00578443
 1.00681e-16 8.0174e-05 0.00077932 0.00517885 0.0235423 0.0732489 0.156064 0.227781 0.227781 0.156066 0.0732556 0.0235621 0.00523018 0.000896749 0.000318889 0.000441048 0.000722004 0.00110339 0.00157791 0.00213089 0.00272277 0.00327465 0.00367334 0.00380753 0.00361981 0.00314081
 1.0101e-16 5.03908e-05 0.000489816 0.003255 0.0147968 0.0460385 0.0980913 0.143175 0.143211 0.098269 0.0466348 0.0165181 0.00757161 0.00989984 0.0178831 0.0293837 0.042088 0.0524345 0.0568371 0.0536566 0.0442122 0.0319608 0.0205191 0.0120373 0.00684759 0.00413904
 1.06514e-16 3.9067e-05 0.000379745 0.00252354 0.0114717 0.0356928 0.0760485 0.111002 0.111033 0.0762033 0.0362133 0.012978 0.00631524 0.00869235 0.0159291 0.0265387 0.038842 0.0501153 0.0575439 0.0597242 0.05734 0.052409 0.0467928 0.0412404 0.0355519 0.0293803
 1.02841e-16 7.43728e-05 0.00072293 0.00480412 0.0218388 0.0679488 0.144772 0.2113 0.211305 0.144795 0.0680242 0.0220572 0.00535431 0.00193131 0.00239096 0.00389236 0.00573589 0.00750283 0.00882092 0.00952596 0.00973936 0.00973837 0.00972519 0.00968987 0.00945839 0.008852
 1.01234e-16 6.90988e-05 0.000671665 0.00446345 0.0202902 0.0631304 0.134507 0.196319 0.196333 0.134575 0.0633609 0.0209554 0.0061323 0.00431162 0.00697284 0.0113943 0.0163521 0.0204493 0.0223164 0.0213311 0.0179962 0.0136174 0.0095416 0.00654159 0.00469725 0.00367043
 1.05629e-16 8.78889e-06 8.54312e-05 0.000567724 0.00258083 0.00803032 0.0171121 0.0249909 0.0250635 0.0174671 0.00922232 0.00602401 0.00921162 0.0189585 0.0358615 0.0592953 0.0854653 0.107566 0.11863 0.115394 0.100193 0.0793046 0.0591424 0.0433055 0.0321675 0.0243523
 1.04556e-16 7.21107e-05 0.000700942 0.00465801 0.0211746 0.0658821 0.140369 0.204873 0.204874 0.140376 0.0659067 0.0212475 0.00484803 0.00113938 0.000974069 0.00167723 0.00283176 0.00444448 0.00655093 0.00913512 0.0120539 0.0149649 0.0173412 0.0186234 0.0184506 0.0168312
 1.04412e-16 5.37008e-05 0.000521991 0.00346881 0.0157687 0.0490625 0.104534 0.152577 0.152606 0.104678 0.0495447 0.0171608 0.00696083 0.00813761 0.0144958 0.0238256 0.0341958 0.0427639 0.0466924 0.0447233 0.03797 0.0292207 0.0213108 0.0158017 0.0127263 0.0111995
 1.09809e-16 3.05706e-05 0.000297157 0.00197471 0.00897679 0.0279303 0.05951 0.086865 0.086905 0.0597058 0.0285883 0.0108797 0.00676104 0.0107776 0.0200282 0.0333048 0.048537 0.0622063 0.0706961 0.0722677 0.0679695 0.060679 0.0531265 0.0465302 0.0406573 0.0347955
 1.0369e-16 7.37047e-05 0.000716436 0.00476097 0.0216427 0.0673384 0.143472 0.209402 0.209406 0.143491 0.0674025 0.0218287 0.00523113 0.00175352 0.00207505 0.00339752 0.00508493 0.0068141 0.00830713 0.0094409 0.0102905 0.0110089 0.0116442 0.012059 0.012016 0.0113434
 1.01683e-16 6.74424e-05 0.000655564 0.00435645 0.0198038 0.0616171 0.131282 0.191614 0.191629 0.131359 0.0618737 0.0205446 0.00621495 0.0047091 0.00775547 0.0126879 0.0182097 0.0227743 0.0248607 0.0237819 0.0201063 0.0152949 0.0108499 0.00762404 0.00568793 0.00464029
 1.06245e-16 1.35334e-05 0.000131549 0.000874193 0.003974 0.0123649 0.0263472 0.0384685 0.0385346 0.0266707 0.0134512 0.00711215 0.00875377 0.0173405 0.0327188 0.0541264 0.0780988 0.0984703 0.108928 0.10651 0.0933067 0.0749471 0.0571504 0.0430748 0.032989 0.0256426
 1.28085e-16 1.76758e-05 0.000171815 0.00114177 0.00519033 0.0161491 0.0344079 0.0502222 0.0502357 0.0344742 0.0163742 0.00585129 0.00284156 0.00401733 0.00771703 0.0137656 0.0222493 0.0330484 0.0459157 0.0605642 0.0763872 0.091913 0.104593 0.111439 0.110306 0.101006
 1.04688e-16 7.73444e-05 0.000751815 0.00499607 0.0227114 0.0706637 0.150556 0.219742 0.219743 0.150563 0.0706855 0.0227747 0.00515616 0.00110571 0.000763131 0.00117721 0.00178364 0.00245932 0.00315519 0.00389734 0.00478455 0.00591546 0.00728426 0.00872221 0.00993202 0.0105989
pSPR Fmed_Fpbrs
0.378124   0.239086 0.239086
Fs Fmed_Fpbrs
0.62843   1.005 1.005
SSBpbr Bo_Bmed_Bpbrs
1.64621e+06  540162  311275 311275
Ro
57470.1
SPR SPRFo_SPRFmed_SPRFpbrs
410792 155330 98214.5
Fref
1.005
Nvult_r0
 116896 2034.75 1218.47 4978.33 1082.55
CTP_r0
 33672.5 743.897 451.868 1847.61 401.783
YTP_r0
391046
Np
 131151 38028.3 530.306 312.345 1534.98
Nvult_p0
 106927 32784.6 458.804 270.281 1328.28
CTP_p0
 43617.9 16237.7 229.828 135.473 665.794
YTP_p0
 621765
CBA_c0
460261
log_Ro
10.779
likeval ReclasPelacesDesembMPH_pf_preclas_ppelaces_ptallas_desvR_qrecl_qpela
 16.3416 73.4905 0.151945 0.00160737 321.046 124.424 113.832 0 111.622 2.15314e-05 0 0.0219921 0 0 0
q_reclas_q_pelaces
1.93003 1
M
1
N
 9311.59 28546.6 102110 11798.8 0.102172
 5785.76 2949.44 8485.81 30206.1 3489.43
 199595 1383.43 587.415 1666.53 6612.43
 15717.3 47629.3 274.74 115.025 1619.87
 4830.64 2426.79 5087.9 28.5312 179.877
 285526 366.677 94.2925 187.795 7.67015
 7006.61 73445 81.0341 20.5971 42.6703
 1812.42 937.181 6394.99 6.82732 5.32064
 62617.5 369.38 148.664 995.124 1.88834
 8782.4 12841.4 59.116 23.3443 156.398
 46885.5 981.061 865.092 3.83101 11.6228
 133109 12720 233.899 204.217 3.64606
 76535.1 23204.4 1615.21 28.9879 25.7274
 68989.5 13359.7 2952.09 200.565 6.78505
 44970.7 7024.91 788.779 167.162 11.7147
 389299 4951.13 463.56 50.0466 11.3253
 12587.2 88815.2 922.279 85.0185 11.2463
 742285 3163.06 18985.9 194.724 20.3111
 303686 211522 808.776 4814.4 54.5037
 98537.3 79610.4 48024.1 181.612 1092.67
 389616 22946.3 15269.2 9074.99 240.596
 511879 101518 5164.83 3398.49 2072.12
 16735.3 129874 22000.5 1105.86 1170.55
 280525 4709.41 32619.5 5477.76 566.513
 162410 82706.9 1264 8692.18 1610
 38742.3 47216 21759 330.003 2688.56
 226723 11040.3 12073.2 5517.79 765.108
 303935 63961.9 2782.87 3017.06 1569.34
 21498.8 94783.6 18596.3 804.756 1325.92
 9826.87 6783.78 28022.8 5470.62 626.622
 154924 2565.06 1530.81 6253.35 1359.79
pred_Ctot
 828.136 3524.54 12870 1488.76 0.0128926
 1325.57 898.235 2629.65 9369.14 1082.38
 45906.6 422.833 182.684 518.761 2058.44
 6176.45 23520.6 137.499 57.6073 811.298
 2732.57 1614.35 3414.9 19.1585 120.79
 55885.7 96.4266 25.2515 50.34 2.05615
 3052.42 39582 44.2114 11.2449 23.2964
 535.806 360.251 2497.34 2.6684 2.07962
 18359.1 140.936 57.6282 386.075 0.732647
 4242.13 7536.69 35.0812 13.8613 92.8682
 7975.55 226.035 203.094 0.900291 2.7315
 46988 5723.84 106.774 93.2956 1.66575
 26982.2 10429.8 736.51 13.2281 11.7407
 34840.6 8128.16 1815.01 123.38 4.17403
 21881.6 4147.56 470.836 99.8396 6.99698
 97150.9 1631.47 155.354 16.7873 3.79907
 2600.7 24569.7 259.753 23.9676 3.17061
 107980 627.984 3843.04 39.4559 4.11574
 56711.2 53222 207.277 1235.06 13.9829
 23719.6 25377.3 15572.8 58.9451 354.66
 73887.7 5857.91 3970.14 2361.87 62.6211
 103479 27516.7 1425.42 938.832 572.453
 2541.42 26864.5 4639.06 233.42 247.089
 35852.8 825.898 5834.67 980.839 101.445
 21949.3 15303.4 238.505 1641.85 304.126
 5635.42 9373.42 4404.05 66.8616 544.758
 34140.9 2265.4 2525.45 1155.38 160.216
 29656.1 8641.91 383.758 416.506 216.661
 1957.77 11975 2398.34 103.902 171.199
 1855.21 1724.49 7255.51 1417.81 162.408
 33672.5 743.897 451.868 1847.61 401.783
F
 0.149645 0.213141 0.218009 0.218272 0.218286
 0.430832 0.613638 0.627655 0.62841 0.62845
 0.432841 0.6165 0.630582 0.631341 0.631381
 0.868196 1.23658 1.26483 1.26635 1.26643
 1.57825 2.24792 2.29927 2.30204 2.30218
 0.357795 0.509611 0.521251 0.521879 0.521912
 1.01173 1.44102 1.47394 1.47571 1.47581
 0.590593 0.841188 0.860402 0.861438 0.861492
 0.58437 0.832324 0.851336 0.852361 0.852415
 1.19187 1.69759 1.73637 1.73846 1.73857
 0.304528 0.433743 0.443651 0.444185 0.444213
 0.746828 1.06372 1.08801 1.08932 1.08939
 0.745504 1.06183 1.08608 1.08739 1.08746
 1.28449 1.82952 1.87131 1.87356 1.87368
 1.2064 1.71828 1.75753 1.75965 1.75976
 0.477791 0.680523 0.696067 0.696905 0.696949
 0.381141 0.542863 0.555263 0.555931 0.555966
 0.255404 0.363774 0.372084 0.372531 0.372555
 0.338849 0.482626 0.49365 0.494244 0.494276
 0.457277 0.651304 0.666181 0.666983 0.667025
 0.34493 0.491287 0.502509 0.503114 0.503146
 0.371523 0.529165 0.541252 0.541903 0.541938
 0.267956 0.381653 0.39037 0.39084 0.390865
 0.22136 0.315286 0.322488 0.322876 0.322896
 0.235394 0.335274 0.342932 0.343345 0.343367
 0.255382 0.363743 0.372052 0.3725 0.372523
 0.26544 0.378069 0.386705 0.387171 0.387195
 0.165219 0.235323 0.240698 0.240988 0.241003
 0.153463 0.218579 0.223572 0.223841 0.223855
 0.343139 0.488737 0.4999 0.500502 0.500534
 0.404604 0.576282 0.589446 0.590155 0.590193
YTP_r0W_actual
 286216 12125.5 13059 64296.8 15348.1
YTP_p0W_proyectada
 328006 261751 5373.39 3996.46 22637
CTP_r0_actual
 33672.5 743.897 451.868 1847.61 401.783
CTP_p0_proyectada
 43617.9 16237.7 229.828 135.473 665.794
Wmedp
 7.52 16.12 23.38 29.5 34
Frms_r0
 0.404604 0.576282 0.589446 0.590155 0.590193
Zrms_r0
 1.4046 1.57628 1.58945 1.59016 1.59019
nmprior
 8.19 8.8 8.5 0
nm_flota  nm_reclas  nm_pelaces    nm_pelaL
inf 11.3454 5.84832 9.93437
cv_recla  cv_pelaces  cv_mph
0.365656 0.972048 1.23727
 ------------------------------------------------
Talla a la edad & desviaci?n 
 8 13.2811 15.8009 17.003 17.5766
 0.8 1.32811 1.58009 1.7003 1.75766
