years
 1991 1992 1993 1994 1995 1996 1997 1998 1999 2000 2001 2002 2003 2004 2005 2006 2007 2008 2009 2010 2011 2012 2013 2014 2015 2016 2017 2018 2019 2020 2021
reclasobs
 0 0 0 0 0 0 0 0 0 252601 567819 844713 477998 351125 339783 2.1784e+06 2.13404e+06 4.81314e+06 1.55562e+06 2.62356e+06 3.21686e+06 3.843e+06 1.13348e+06 3.07943e+06 1.97215e+06 2.03268e+06 2.025e+06 2.42433e+06 2.27542e+06 1.05018e+06 2.36338e+06
reclaspred
 2.15495e+06 1.32831e+06 647097 373810 281273 589727 392037 255410 206881 201724 334560 499632 453789 349724 453181 902477 1.40502e+06 2.07896e+06 1.87736e+06 1.45466e+06 2.42051e+06 2.08288e+06 1.9905e+06 2.39885e+06 2.09381e+06 1.85866e+06 1.8868e+06 1.93453e+06 2.06327e+06 1.13031e+06 1.44668e+06
pelacesobs
 0 0 0 0 0 0 0 0 0 0 0 0 0 0 0 552880 188675 0 991730 2.46772e+06 1.41603e+06 1.21717e+06 2.29649e+06 1.80582e+06 0 1.4828e+06 1.56532e+06 1.57751e+06 1.42118e+06 867257 1.10002e+06
pelacespred
 919062 626119 316496 139640 116998 249656 133077 117292 87961.1 83164.1 158701 194887 194932 157855 224565 373734 575566 906834 906456 665230 989964 989676 911492 1.19964e+06 1.07148e+06 906867 1.04036e+06 1.08706e+06 942742 593499 738817
mphobs
 0 0 0 0 0 0 0 0 0 0 0 498337 0 5186 125008 0 168611 109162 213762 579715 649985 157893 87575 83554 0 0 0 0 0 0 0
mphpred
 1.86871e+06 1.44481e+06 728084 373728 216729 226081 492597 203149 150340 148148 136218 385619 352159 278306 215301 408604 975073 1.24095e+06 1.55607e+06 1.33062e+06 1.37438e+06 1.7107e+06 1.78054e+06 1.42087e+06 1.99218e+06 1.58896e+06 1.28424e+06 1.4261e+06 1.92735e+06 1.22863e+06 692285
desembarqueobs
 494567 514787 250237 358949 120608 361735 552515 73892 212993 205616 52469 317467 293654 387597 252695 516296 358380 742168 942051 627588 828172 859565 418607 520667 417249 300574 415391 372974 316634 284311 391294
desembarquepred
 494302 514068 250085 358957 120637 361920 552127 73885.4 212855 205427 52443.2 317398 293631 387609 252747 516465 358362 742046 942556 627566 827906 858973 418306 520682 417244 300615 415164 372537 316361 283913 391088
Reclutas
 191788 82544.4 78418.4 65513.9 69427.1 224898 53718.4 16903.9 43150.1 61953.7 133312 114870 110600 91523.7 124437 432703 186358 512930 485373 289924 451672 673204 111056 392642 306299 141061 339675 352135 77938.2 58647.1 362092
log_desv_Rt
 0.235727 -0.607329 -0.658606 -0.838403 -0.780387 0.394981 -1.03691 -2.19312 -1.25598 -0.894277 -0.127976 -0.276862 -0.314743 -0.504066 -0.196861 1.04939 0.207002 1.21947 1.16425 0.648956 1.09229 1.49138 -0.310626 0.952232 0.703897 -0.0714696 0.807324 0.843349 -0.664749 -0.949127 0.871233
SSB
 1.86871e+06 1.44481e+06 728084 373728 216729 226081 492597 203149 150340 148148 136218 385619 352159 278306 215301 408604 975073 1.24095e+06 1.55607e+06 1.33062e+06 1.37438e+06 1.7107e+06 1.78054e+06 1.42087e+06 1.99218e+06 1.58896e+06 1.28424e+06 1.4261e+06 1.92735e+06 1.22863e+06 692285
BT
 2.73041e+06 2.03519e+06 1.03039e+06 705261 444641 1.28004e+06 837744 406184 514953 479683 630303 852581 885548 958425 1.10819e+06 1.82004e+06 1.95315e+06 3.63923e+06 3.76267e+06 2.44759e+06 3.91083e+06 3.81775e+06 2.72323e+06 4.55011e+06 3.267e+06 2.75733e+06 3.90184e+06 3.90636e+06 2.54879e+06 1.78471e+06 3.09124e+06
Ftot
 0.216146 0.359268 0.358946 0.846287 0.398368 0.56682 1.17898 0.271411 0.915985 0.903425 0.149105 0.579385 0.590441 0.976514 0.517232 0.529986 0.240191 0.33402 0.464009 0.400368 0.320225 0.384016 0.198303 0.205326 0.188356 0.153306 0.208078 0.182468 0.145314 0.236161 0.255271
BD_Bspro_t
 0.966008 0.785001 0.590358 0.459591 0.339874 0.416753 0.500635 0.257963 0.266486 0.30089 0.342108 0.659711 0.517182 0.421836 0.351901 0.494809 0.606258 0.641927 0.642353 0.574173 0.536441 0.586051 0.623654 0.608478 0.711142 0.715313 0.718887 0.756336 0.795031 0.717636 0.630973
BD_Bspro
 1.7255 1.33408 0.672286 0.345087 0.20012 0.208755 0.454846 0.18758 0.138818 0.136795 0.125779 0.356066 0.325171 0.256978 0.198801 0.377291 0.900347 1.14585 1.43682 1.22864 1.26905 1.5796 1.64409 1.31198 1.8395 1.46718 1.18582 1.31681 1.77965 1.13447 0.639231
BD_Bo
 1.06617 0.824313 0.415398 0.213225 0.123652 0.128987 0.281044 0.115903 0.0857741 0.0845238 0.077717 0.220009 0.200919 0.158784 0.122837 0.233123 0.556313 0.708006 0.887791 0.759163 0.78413 0.976014 1.01586 0.810656 1.13661 0.906555 0.732702 0.813642 1.09962 0.700978 0.394973
BD_Brms
 4.52586 3.49919 1.76335 0.905136 0.524899 0.547547 1.19303 0.492008 0.364109 0.358802 0.329907 0.933934 0.852897 0.674033 0.52144 0.989603 2.36154 3.00547 3.76865 3.22263 3.32862 4.14316 4.31231 3.44122 4.82487 3.84831 3.11031 3.45389 4.66788 2.97564 1.67665
Sel_flota
 0.5 1 1 1 1
 0.5 1 1 1 1
 0.5 1 1 1 1
 0.5 1 1 1 1
 0.5 1 1 1 1
 0.5 1 1 1 1
 0.5 1 1 1 1
 0.5 1 1 1 1
 0.5 1 1 1 1
 0.5 1 1 1 1
 0.5 1 1 1 1
 0.5 1 1 1 1
 0.5 1 1 1 1
 0.5 1 1 1 1
 0.5 1 1 1 1
 0.5 1 1 1 1
 0.5 1 1 1 1
 0.5 1 1 1 1
 0.5 1 1 1 1
 0.5 1 1 1 1
 0.5 1 1 1 1
 0.5 1 1 1 1
 0.5 1 1 1 1
 0.5 1 1 1 1
 0.5 1 1 1 1
 0.5 1 1 1 1
 0.5 1 1 1 1
 0.5 1 1 1 1
 0.5 1 1 1 1
 0.5 1 1 1 1
 0.5 1 1 1 1
Sel_reclas
 0.5 1 1 1 1
 0.5 1 1 1 1
 0.5 1 1 1 1
 0.5 1 1 1 1
 0.5 1 1 1 1
 0.5 1 1 1 1
 0.5 1 1 1 1
 0.5 1 1 1 1
 0.5 1 1 1 1
 0.5 1 1 1 1
 0.5 1 1 1 1
 0.5 1 1 1 1
 0.5 1 1 1 1
 0.5 1 1 1 1
 0.5 1 1 1 1
 0.5 1 1 1 1
 0.5 1 1 1 1
 0.5 1 1 1 1
 0.5 1 1 1 1
 0.5 1 1 1 1
 0.5 1 1 1 1
 0.5 1 1 1 1
 0.5 1 1 1 1
 0.5 1 1 1 1
 0.5 1 1 1 1
 0.5 1 1 1 1
 0.5 1 1 1 1
 0.5 1 1 1 1
 0.5 1 1 1 1
 0.5 1 1 1 1
 0.5 1 1 1 1
Sel_pelaces
 0.5 1 1 1 1
 0.5 1 1 1 1
 0.5 1 1 1 1
 0.5 1 1 1 1
 0.5 1 1 1 1
 0.5 1 1 1 1
 0.5 1 1 1 1
 0.5 1 1 1 1
 0.5 1 1 1 1
 0.5 1 1 1 1
 0.5 1 1 1 1
 0.5 1 1 1 1
 0.5 1 1 1 1
 0.5 1 1 1 1
 0.5 1 1 1 1
 0.5 1 1 1 1
 0.5 1 1 1 1
 0.5 1 1 1 1
 0.5 1 1 1 1
 0.5 1 1 1 1
 0.5 1 1 1 1
 0.5 1 1 1 1
 0.5 1 1 1 1
 0.5 1 1 1 1
 0.5 1 1 1 1
 0.5 1 1 1 1
 0.5 1 1 1 1
 0.5 1 1 1 1
 0.5 1 1 1 1
 0.5 1 1 1 1
 0.5 1 1 1 1
pf_obs 
 0.8446 0.082 0.0669 0.0065 0
 0.8095 0.147 0.0364 0.0071 0
 0.9664 0.0169 0.016 0.0007 0
 0.9276 0.0648 0.0075 0.0001 0
 0.7033 0.2144 0.0806 0.0017 0
 0.9318 0.0425 0.0243 0.0014 0
 0.5671 0.3108 0.0964 0.0239 0.0018
 0.0768 0.2599 0.5324 0.112 0.0189
 0.490249 0.384438 0.106611 0.0170017 0.00170017
 0.7925 0.1577 0.0466 0.003 0.0002
 0.840416 0.127587 0.0312969 0.00059994 9.999e-05
 0.8084 0.0986 0.0794 0.0134 0.0002
 0.7335 0.1905 0.0724 0.0035 0.0001
 0.4001 0.4547 0.1325 0.0127 0
 0.49795 0.308269 0.164784 0.0264974 0.00249975
 0.9179 0.0499 0.0305 0.0017 0
 0.2467 0.6533 0.0926 0.0074 0
 0.9418 0.0223 0.034 0.0019 0
 0.707729 0.231977 0.0356964 0.0245975 0
 0.517169 0.277429 0.184464 0.0207286 0.00020938
 0.811772 0.124168 0.05621 0.00726502 0.000585176
 0.764997 0.148141 0.077277 0.00933861 0.000247198
 0.163321 0.427699 0.378323 0.0303852 0.000271297
 0.753843 0.0900009 0.118128 0.0371064 0.000921714
 0.721811 0.176058 0.0630433 0.0369309 0.00215725
 0.143369 0.312575 0.442814 0.0836902 0.0175525
 0.692698 0.0596174 0.167031 0.0765114 0.00414204
 0.394062 0.376323 0.152708 0.0712218 0.00568511
 0.125707 0.32114 0.495352 0.0537591 0.00404204
 0.23352 0.215282 0.420074 0.123614 0.00750983
 0.774587 0.0839891 0.0768558 0.0609784 0.00358967
pf_pred 
 0.352265 0.541832 0.0673002 5.15266e-06 0.0385978
 0.273178 0.390313 0.28149 0.0349636 0.0200549
 0.430663 0.259529 0.166371 0.119985 0.0234516
 0.499291 0.314279 0.0849831 0.0544782 0.0469686
 0.632195 0.265753 0.0640553 0.0173209 0.0206765
 0.826517 0.13792 0.0256958 0.00619355 0.00367401
 0.327661 0.617865 0.0433067 0.00806848 0.00309841
 0.323879 0.397693 0.25587 0.0179342 0.00462443
 0.705376 0.150132 0.0849899 0.0546814 0.00482094
 0.758952 0.208484 0.0165937 0.00939371 0.00657664
 0.808871 0.170761 0.0176169 0.00140217 0.00134949
 0.558917 0.396281 0.0400271 0.00412947 0.000645001
 0.595484 0.304117 0.090202 0.00911103 0.00108677
 0.584291 0.323973 0.0689671 0.0204559 0.00231264
 0.725331 0.21789 0.0442492 0.00941972 0.00310979
 0.853773 0.125882 0.0161395 0.0032776 0.00092808
 0.427439 0.533707 0.033448 0.00428839 0.00111749
 0.735243 0.16308 0.0947778 0.00593982 0.000959997
 0.588673 0.353727 0.0354793 0.0206196 0.00150111
 0.459496 0.41471 0.108179 0.0108505 0.00676509
 0.644492 0.23373 0.093436 0.0243732 0.00396887
 0.672266 0.26208 0.0431645 0.0172554 0.00523411
 0.188576 0.666717 0.115718 0.0190586 0.00992992
 0.646224 0.116817 0.1947 0.0337929 0.00846548
 0.492589 0.403499 0.0343122 0.0571883 0.0124123
 0.32305 0.455226 0.176318 0.0149935 0.0304136
 0.648099 0.175832 0.1184 0.0458585 0.0118099
 0.563842 0.347478 0.0443103 0.0298371 0.0145326
 0.199017 0.586194 0.171118 0.0218209 0.0218502
 0.282638 0.245015 0.345684 0.10091 0.0257532
 0.819965 0.0824781 0.0333205 0.0470109 0.0172254
pobs_RECLAS
 0 0 0 0 0
 0 0 0 0 0
 0 0 0 0 0
 0 0 0 0 0
 0 0 0 0 0
 0 0 0 0 0
 0 0 0 0 0
 0 0 0 0 0
 0 0 0 0 0
 0 0 0 0 0
 0.991045 0.00858322 0.000360255 1.14367e-05 0
 0.934742 0.0480273 0.0164251 0.00080598 0
 0.827803 0.169806 0.00239088 0 0
 0.941827 0.0461693 0.0120037 0 0
 0.791401 0.0380133 0.147996 0.0225897 0
 0.846168 0.0940531 0.0597789 0 0
 0.134021 0.677848 0.182769 0.00536245 0
 0.80878 0.0450904 0.141981 0.00414843 0
 0.846168 0.0940531 0.0597789 0 0
 0.905697 0.0802665 0.012482 0.00150086 5.37128e-05
 0.989698 0.0102097 9.19794e-05 0 0
 0.975433 0.0193895 0.00387452 0.00125025 5.28907e-05
 0.303575 0.632131 0.0575291 0.00676475 0
 0.966965 0.00978017 0.0227588 0.000495775 0
 0.843318 0.132988 0.00938335 0.0141283 0.000182051
 0.564624 0.303363 0.111486 0.0197234 0.00080311
 0.826376 0.0876187 0.0782897 0.00655872 0.00115652
 0.89761 0.0855135 0.0140674 0.00269457 0.000114338
 0.34875 0.467042 0.161289 0.0227151 0.000203297
 0.318654 0.224769 0.449479 0.00709798 0
 0.937255 0.0296025 0.0250945 0.00804832 0
ppred_RECLAS
 0.354604 0.539875 0.0670572 5.13405e-06 0.0384584
 0.276869 0.388331 0.280061 0.0347861 0.0199531
 0.435202 0.25746 0.165044 0.119029 0.0232646
 0.513086 0.30562 0.0826416 0.0529773 0.0456745
 0.637057 0.262239 0.0632084 0.0170919 0.0204031
 0.831136 0.134247 0.0250116 0.00602864 0.00357618
 0.347199 0.59991 0.0420483 0.00783402 0.00300837
 0.326796 0.395976 0.254766 0.0178568 0.00460447
 0.717989 0.143705 0.0813513 0.0523403 0.00461455
 0.769816 0.199088 0.0158458 0.00897035 0.00628024
 0.809915 0.169828 0.0175206 0.0013945 0.00134212
 0.567156 0.388879 0.0392795 0.00405234 0.000632953
 0.603721 0.297924 0.0883652 0.0089255 0.00106464
 0.600501 0.31134 0.0662778 0.0196582 0.00222246
 0.731068 0.213339 0.043325 0.00922297 0.00304484
 0.857465 0.122703 0.0157319 0.00319484 0.000904643
 0.430267 0.531071 0.0332828 0.00426721 0.00111197
 0.738532 0.161054 0.0936003 0.00586603 0.000948071
 0.594785 0.348471 0.0349521 0.0203132 0.0014788
 0.464741 0.410686 0.107129 0.0107452 0.00669944
 0.64818 0.231305 0.0924666 0.0241203 0.00392769
 0.67667 0.258559 0.0425844 0.0170236 0.00516377
 0.190002 0.665546 0.115514 0.0190252 0.00991248
 0.648429 0.116089 0.193487 0.0335822 0.00841271
 0.49478 0.401756 0.0341639 0.0569413 0.0123587
 0.324578 0.454198 0.17592 0.0149596 0.0303449
 0.650333 0.174717 0.117648 0.0455675 0.011735
 0.565922 0.345821 0.044099 0.0296948 0.0144633
 0.200068 0.585425 0.170894 0.0217923 0.0218215
 0.28494 0.244229 0.344575 0.100586 0.0256706
 0.821786 0.0816441 0.0329836 0.0465355 0.0170512
pobs_PELACES
 0 0 0 0 0
 0 0 0 0 0
 0 0 0 0 0
 0 0 0 0 0
 0 0 0 0 0
 0 0 0 0 0
 0 0 0 0 0
 0 0 0 0 0
 0 0 0 0 0
 0 0 0 0 0
 0 0 0 0 0
 0 0 0 0 0
 0 0 0 0 0
 0 0 0 0 0
 0 0 0 0 0
 0 0 0 0 0
 0.505614 0.472636 0.0217494 0 0
 0 0 0 0 0
 0.443492 0.261883 0.143347 0.151278 0
 0.227955 0.32914 0.350689 0.0885471 0.00366901
 0.970185 0.0296113 0.000203453 0 0
 0.997202 0.00247181 0.000326279 0 0
 0.445219 0.490057 0.0546422 0.010081 0
 0.90214 0.0892962 0.00764917 0.000914606 0
 0 0 0 0 0
 0.581667 0.319106 0.0959925 0.00289975 0.000334073
 0.762889 0.0836404 0.116647 0.0363945 0.000428098
 0.88444 0.0763242 0.0277011 0.0115352 0
 0.521256 0.241999 0.230069 0.00667565 0
 0.616807 0.101726 0.260614 0.0208532 0
 0.833518 0.0704572 0.0857862 0.0102388 0
ppred_PELACES
 0.362808 0.533012 0.0662048 5.06879e-06 0.0379696
 0.288893 0.381874 0.275404 0.0342076 0.0196213
 0.449812 0.2508 0.160775 0.11595 0.0226629
 0.547852 0.283799 0.0767411 0.0491947 0.0424133
 0.652114 0.25136 0.0605861 0.0163829 0.0195567
 0.843859 0.124133 0.0231272 0.00557442 0.00330673
 0.392493 0.558286 0.0391308 0.00729046 0.00279964
 0.336724 0.390137 0.251009 0.0175934 0.00453657
 0.747561 0.128636 0.0728207 0.0468519 0.00413066
 0.795164 0.177164 0.0141009 0.00798254 0.00558866
 0.813674 0.16647 0.0171741 0.00136693 0.00131558
 0.590457 0.367945 0.037165 0.00383419 0.000598879
 0.626777 0.28059 0.0832239 0.00840619 0.0010027
 0.638458 0.281759 0.0599806 0.0177905 0.0020113
 0.747513 0.200294 0.0406757 0.008659 0.00285865
 0.867823 0.113787 0.0145887 0.00296268 0.000838907
 0.440008 0.521991 0.0327137 0.00419426 0.00109296
 0.749034 0.154585 0.0898409 0.00563042 0.000909992
 0.613095 0.332725 0.0333727 0.0193953 0.00141198
 0.481206 0.398052 0.103834 0.0104146 0.00649336
 0.660133 0.223447 0.0893251 0.0233008 0.00379425
 0.690375 0.247599 0.0407794 0.016302 0.0049449
 0.195089 0.661366 0.114789 0.0189057 0.00985023
 0.656113 0.113552 0.189258 0.0328482 0.00822884
 0.50255 0.395577 0.0336386 0.0560657 0.0121687
 0.330148 0.450453 0.174469 0.0148363 0.0300947
 0.658099 0.170836 0.115035 0.0445554 0.0114743
 0.573302 0.339941 0.0433492 0.0291899 0.0142174
 0.203933 0.582596 0.170068 0.021687 0.0217161
 0.292945 0.241494 0.340717 0.09946 0.0253832
 0.827871 0.0788563 0.0318573 0.0449465 0.016469
pobs_pel_tallas
 0 0 0 0 0 0 0 0 0 0 0 0 0 0 0 0 0 0 0 0 0 0 0 0 0 0
 0 0 0 0 0 0 0 0 0 0 0 0 0 0 0 0 0 0 0 0 0 0 0 0 0 0
 0 0 0 0 0 0 0 0 0 0 0 0 0 0 0 0 0 0 0 0 0 0 0 0 0 0
 0 0 0 0 0 0 0 0 0 0 0 0 0 0 0 0 0 0 0 0 0 0 0 0 0 0
 0 0 0 0 0 0 0 0 0 0 0 0 0 0 0 0 0 0 0 0 0 0 0 0 0 0
 0 0 0 0 0 0 0 0 0 0 0 0 0 0 0 0 0 0 0 0 0 0 0 0 0 0
 0 0 0 0 0 0 0 0 0 0 0 0 0 0 0 0 0 0 0 0 0 0 0 0 0 0
 0 0 0 0 0 0 0 0 0 0 0 0 0 0 0 0 0 0 0 0 0 0 0 0 0 0
 0 0 0 0 0 0 0 0 0 0 0 0 0 0 0 0 0 0 0 0 0 0 0 0 0 0
 0 0 0 0 0 0 0 0 0 0 0 0 0 0 0 0 0 0 0 0 0 0 0 0 0 0
 0 0 0 0 0 0 0 0 0 0 0 0 0 0 0 0 0 0 0 0 0 0 0 0 0 0
 0 0 0 0 0 0 0 0 0 0 0 0 0 0 0 0 0 0 0 0 0 0 0 0 0 0
 0.00862536 0 0 0.000197151 0.00414017 0.0128641 0.00837892 0.0270097 0.101434 0.158115 0.152841 0.127902 0.109271 0.109419 0.0830992 0.0579132 0.0238553 0.00714673 0.00463305 0.00128148 0.00103504 0.000492878 0.000147863 0.000147863 4.92878e-05 0
 0 0 0 0 0 0 0 0 0 0 0 0 0 0 0 0 0 0 0 0 0 0 0 0 0 0
 0 0 0 0 0 0 0 0.0054083 0.00873648 0.0413646 0.0450493 0.0745869 0.0622846 0.0627006 0.0613931 0.0827291 0.12552 0.122667 0.0946155 0.0697135 0.0546179 0.0294188 0.0215738 0.0213955 0.0102223 0.00600262
 0 0 0 0 0.00359764 0.0251062 0.0480494 0.140153 0.205849 0.193036 0.1447 0.116669 0.0760912 0.0342217 0.00950174 0.001854 0.000860785 0 0 0 0.000165536 0 0.000143464 0 0 0
 0 0 0 0 0 0 0 0.000145254 0.000435761 0.0275982 0.070085 0.0708112 0.156366 0.174668 0.174014 0.160142 0.0824315 0.0480064 0.0283245 0.00493863 0.00203355 0 0 0 0 0
 0 0 0 0 0 0 0 0 0 0 0 0 0 0 0 0 0 0 0 0 0 0 0 0 0 0
 0 0 1.00437e-05 0.000401748 0.00122533 0.00171747 0.00176769 0.0269171 0.070346 0.194647 0.189555 0.159765 0.064822 0.0314167 0.0384472 0.0292271 0.0345202 0.0313363 0.0194345 0.0106764 0.0143323 0.0359363 0.0279516 0.0138201 0.00172751 0
 0 0.0021121 0.0136068 0.0755702 0.200478 0.177729 0.0527432 0.0373336 0.0318909 0.0142505 0.0149659 0.0166563 0.0217959 0.0798694 0.0677717 0.0528807 0.04013 0.0224614 0.0357745 0.0225083 0.00881397 0.00855152 0.00135912 0.000746735 0 0
 0 0 0 0 5.4009e-05 0.00500934 0.000945158 0.0243581 0.138947 0.33067 0.221406 0.137944 0.0707744 0.0437923 0.0131692 0.00525238 0.0047753 0.00276346 9.45158e-05 9.00151e-06 2.25038e-05 9.00151e-06 4.50075e-06 0 0 0
 0.000866109 0.00284123 0.00948549 0.0512746 0.133035 0.25785 0.225252 0.132002 0.0553304 0.0519788 0.0540692 0.017754 0.00435017 0.00159236 0.00146478 0.000404838 0.000125132 0.000115318 0.000107957 0.000100596 0 0 0 0 0 0
 0 0 0 0 0.00144013 0.00171154 0.00461396 0.0210425 0.0478622 0.0707936 0.0888783 0.103762 0.0637923 0.0337046 0.0602308 0.124433 0.169614 0.0934646 0.0462172 0.0250306 0.0313229 0.00938855 0.002487 0.000210481 0 0
 0 0.00764035 0.051015 0.0998891 0.058973 0.0496711 0.0374665 0.0718981 0.12319 0.153886 0.159021 0.0857701 0.0377988 0.023471 0.0147837 0.00900784 0.00315554 0.000888139 0.00291439 0.00214683 0.00393193 0.00274676 0.000635225 9.99891e-05 0 0
 0 0 0 0 0 0 0 0 0 0 0 0 0 0 0 0 0 0 0 0 0 0 0 0 0 0
 0 0 0 0 0 0 0 0 0 0 0 0 0 0 0 0 0 0 0 0 0 0 0 0 0 0
 0 0 0 0 0 0 0 0 0 0 0 0 0 0 0 0 0 0 0 0 0 0 0 0 0 0
 0 0 0 0 0 0 0 0 0 0 0 0 0 0 0 0 0 0 0 0 0 0 0 0 0 0
 0 0 0 0 0 0 0 0 0 0 0 0 0 0 0 0 0 0 0 0 0 0 0 0 0 0
 0 0 0 0 0 0 0 0 0 0 0 0 0 0 0 0 0 0 0 0 0 0 0 0 0 0
 0 0 0 0 0 0 0 0 0 0 0 0 0 0 0 0 0 0 0 0 0 0 0 0 0 0
ppred_pel_tallas
 1.08473e-16 2.98841e-05 0.000290485 0.00193037 0.00877523 0.0273033 0.0581744 0.084918 0.0849694 0.0584254 0.0281459 0.0112087 0.00803815 0.0136218 0.0253428 0.0418355 0.0602322 0.0756864 0.0832814 0.0807725 0.0699425 0.0554096 0.0418765 0.0319488 0.0257714 0.0220692
 1.14797e-16 2.37958e-05 0.000231304 0.0015371 0.00698744 0.0217407 0.0463223 0.0676165 0.0676536 0.046504 0.0223519 0.00875739 0.00599696 0.0100236 0.0187866 0.0314522 0.0463132 0.0603443 0.0704083 0.0749689 0.0748047 0.072066 0.0685302 0.0645663 0.0594691 0.0525436
 1.20168e-16 3.70505e-05 0.000360144 0.00239328 0.0108795 0.0338504 0.0721227 0.10527 0.105295 0.0722421 0.0342519 0.0120425 0.00532442 0.00679907 0.0123857 0.0207373 0.0306341 0.0401696 0.047443 0.0516638 0.0535683 0.0546939 0.0561017 0.0576058 0.0580281 0.0561005
 1.14399e-16 4.51259e-05 0.00043864 0.00291492 0.0132508 0.0412283 0.0878423 0.128214 0.128242 0.0879764 0.0416788 0.0145529 0.00618753 0.00759692 0.0136828 0.022665 0.0329284 0.0420326 0.0475475 0.0484356 0.0456844 0.0415884 0.0382509 0.0364772 0.0357211 0.0348178
 1.06766e-16 5.37138e-05 0.000522118 0.00346966 0.0157726 0.0490745 0.104559 0.152612 0.152637 0.104678 0.0494729 0.016924 0.00636206 0.00684386 0.0120825 0.0199502 0.028878 0.0366252 0.0409469 0.0408252 0.0370627 0.0316937 0.0267002 0.0230438 0.0205816 0.0186287
 1.01818e-16 6.95076e-05 0.000675638 0.00448986 0.0204102 0.0635039 0.135302 0.19748 0.197492 0.135361 0.0637004 0.0209779 0.00591525 0.00378887 0.00598676 0.00979962 0.014139 0.0178418 0.0197713 0.0194045 0.0171339 0.0139863 0.010992 0.00869919 0.00711503 0.00596404
 1.02477e-16 3.23293e-05 0.000314252 0.00208832 0.00949323 0.0295372 0.0629342 0.0918656 0.0919193 0.0631968 0.0304187 0.0120383 0.0084736 0.0142426 0.0264532 0.0435981 0.0626057 0.0783149 0.0854828 0.0816873 0.0687871 0.0517035 0.0355448 0.02329 0.0153549 0.0106233
 1.09876e-16 2.77356e-05 0.0002696 0.00179159 0.00814432 0.0253402 0.0539914 0.07881 0.0788479 0.0541768 0.0259635 0.00994842 0.00633468 0.0102353 0.0190947 0.0318884 0.0467801 0.0605822 0.0699866 0.0733494 0.0714706 0.0666697 0.0610081 0.0551835 0.0487866 0.0413187
 1.07533e-16 6.15756e-05 0.000598537 0.00397749 0.0180811 0.0562571 0.119862 0.174945 0.174957 0.119923 0.0564626 0.018676 0.00547586 0.00388637 0.00635597 0.0105436 0.0154998 0.0201709 0.023529 0.0251242 0.0253174 0.024931 0.0246054 0.0243944 0.0238625 0.0225016
 1.02199e-16 6.54966e-05 0.00063665 0.00423077 0.0192325 0.0598394 0.127495 0.186086 0.186103 0.127578 0.0601192 0.0200405 0.00625843 0.00506076 0.00846107 0.0138673 0.0199319 0.0249883 0.0273904 0.0263923 0.0226006 0.0175777 0.0129189 0.009514 0.00741731 0.00619427
 1.00898e-16 6.70212e-05 0.00065147 0.00432925 0.0196802 0.0612324 0.130463 0.190417 0.190433 0.130541 0.0614954 0.0204397 0.00623513 0.00481011 0.00795938 0.0130374 0.0187385 0.0234874 0.0257246 0.0247276 0.0210375 0.0160948 0.0113884 0.00777748 0.00537439 0.00385781
 1.01653e-16 4.86353e-05 0.000472752 0.0031416 0.0142813 0.0444346 0.094674 0.138187 0.138222 0.0948471 0.0450159 0.0159599 0.0073538 0.00966355 0.0174904 0.028803 0.0414031 0.0518854 0.0568056 0.0545633 0.046352 0.0353556 0.0248682 0.0167959 0.011398 0.00797747
 1.03487e-16 5.16269e-05 0.000501832 0.00333485 0.0151598 0.0471678 0.100497 0.146684 0.146711 0.100629 0.0476129 0.0164462 0.0065671 0.00756829 0.0135025 0.0223193 0.0323285 0.0410284 0.0458834 0.0456898 0.041239 0.0346844 0.0281617 0.0227719 0.0185233 0.0149362
 1.03928e-16 5.2589e-05 0.000511184 0.003397 0.0154423 0.0480468 0.10237 0.149417 0.149445 0.102503 0.0484931 0.0167317 0.00663524 0.00758584 0.013505 0.022286 0.0321993 0.040703 0.0452351 0.0446075 0.039688 0.0327603 0.0261006 0.0208977 0.0171453 0.0142419
 1.02578e-16 6.15717e-05 0.000598499 0.00397724 0.0180799 0.0562535 0.119855 0.174936 0.174955 0.119949 0.0565707 0.0189962 0.00627821 0.00562475 0.00961676 0.0158256 0.0228488 0.0288528 0.0320072 0.0314617 0.0278351 0.0227628 0.0178862 0.0140793 0.0113635 0.00932475
 1.0089e-16 7.14814e-05 0.000694825 0.00461736 0.0209898 0.0653072 0.139144 0.203088 0.203099 0.139198 0.0654871 0.0215094 0.00592128 0.00354085 0.00547527 0.00893503 0.0128558 0.0161478 0.0177517 0.0171777 0.0147922 0.0115655 0.00849142 0.00612944 0.00453404 0.00347616
 1.01684e-16 3.6243e-05 0.000352295 0.00234112 0.0106424 0.0331129 0.0705523 0.102984 0.103034 0.0707978 0.0339369 0.0130215 0.00830959 0.0133702 0.0247264 0.0407327 0.0584669 0.0730863 0.0796756 0.0759608 0.0636806 0.0474531 0.0320866 0.0204084 0.012847 0.0083848
 1.03351e-16 6.16969e-05 0.000599716 0.00398533 0.0181167 0.0563679 0.120098 0.17529 0.175305 0.120172 0.0566146 0.0188304 0.00578185 0.00453809 0.00758968 0.012575 0.0183993 0.0237389 0.0272619 0.0283111 0.0272217 0.0249595 0.0224082 0.0199106 0.0173457 0.0145165
 1.03233e-16 5.04999e-05 0.000490877 0.00326205 0.0148288 0.0461382 0.0983035 0.143484 0.143516 0.0984601 0.046664 0.0163472 0.00707249 0.00880635 0.0158352 0.0260787 0.0375167 0.0470861 0.0517027 0.0499551 0.0429511 0.0335739 0.024763 0.018153 0.0138534 0.0111079
 1.05242e-16 3.96364e-05 0.00038528 0.00256032 0.0116389 0.0362131 0.0771572 0.112621 0.11266 0.0773451 0.036844 0.0134623 0.00714075 0.0103958 0.019085 0.0315753 0.0456824 0.0578617 0.064503 0.0639061 0.0572374 0.0476325 0.0382187 0.0306338 0.0249057 0.020295
 1.05614e-16 5.43743e-05 0.000528538 0.00351232 0.0159665 0.0496779 0.105845 0.154488 0.15451 0.10595 0.0500332 0.0169941 0.00609623 0.00618465 0.0108417 0.0179563 0.0261399 0.0334565 0.0379558 0.0387229 0.0363686 0.0324982 0.028618 0.0253691 0.022553 0.0196795
 1.03712e-16 5.68653e-05 0.000552751 0.00367323 0.016698 0.0519537 0.110694 0.161566 0.16159 0.11081 0.0523455 0.0178298 0.00651485 0.00675823 0.0118488 0.0195161 0.0281509 0.0354937 0.0392818 0.0384784 0.0338836 0.0275698 0.0216143 0.017118 0.0140812 0.0119211
 1.07045e-16 1.60693e-05 0.0001562 0.00103801 0.00471866 0.0146818 0.0312836 0.0456727 0.0457365 0.0315952 0.0157284 0.00774176 0.00862794 0.0167302 0.0315079 0.0521019 0.0751417 0.094675 0.104623 0.102158 0.0893537 0.071709 0.054797 0.0416701 0.0325209 0.026015
 1.10178e-16 5.40432e-05 0.000525319 0.00349093 0.0158693 0.0493753 0.1052 0.153544 0.153555 0.105255 0.0495606 0.0164083 0.00485758 0.00355357 0.0059369 0.0100736 0.0153107 0.0209373 0.0262217 0.030768 0.0345988 0.0378191 0.0401908 0.0410637 0.0397589 0.0360717
 1.08754e-16 4.13944e-05 0.000402369 0.00267388 0.0121551 0.0378193 0.0805793 0.117616 0.117654 0.0807656 0.0384445 0.0139607 0.00720562 0.0102937 0.0188233 0.0310474 0.0447168 0.0562483 0.0620466 0.0605266 0.0531003 0.043247 0.0344168 0.0283741 0.0249483 0.0228933
 1.11731e-16 2.71939e-05 0.000264335 0.0017566 0.00798527 0.0248454 0.0529373 0.0772726 0.0773162 0.0531504 0.0255613 0.0100555 0.00696181 0.0116556 0.0217441 0.0361211 0.0525375 0.0671275 0.075934 0.0770954 0.0718595 0.06353 0.0552612 0.0484866 0.0429179 0.0375956
 1.09774e-16 5.42068e-05 0.000526909 0.0035015 0.0159173 0.0495248 0.105518 0.154011 0.154027 0.1056 0.0497982 0.0167091 0.00549663 0.00490805 0.00845094 0.0140862 0.0207609 0.0271134 0.0317849 0.0341551 0.0346463 0.0342686 0.0337961 0.033272 0.0321646 0.0299087
 1.06672e-16 4.72222e-05 0.000459017 0.00305033 0.0138664 0.0431436 0.0919232 0.134172 0.134204 0.0920834 0.0436812 0.0154192 0.00694828 0.00896913 0.0162125 0.0267374 0.0385389 0.0485336 0.0536231 0.0524148 0.0460663 0.0375006 0.0296355 0.023996 0.0205163 0.0182582
 1.10907e-16 1.67978e-05 0.00016328 0.00108506 0.00493255 0.0153473 0.0327011 0.0477401 0.0477964 0.0329763 0.0162715 0.00760371 0.00779676 0.0148373 0.0279509 0.046353 0.0671711 0.0853044 0.0955305 0.0954039 0.0866301 0.0737303 0.0611453 0.0510931 0.0434398 0.0369794
 1.24165e-16 2.41296e-05 0.000234548 0.00155865 0.00708543 0.0220455 0.0469712 0.0685608 0.0685846 0.0470877 0.0224381 0.00822587 0.00444632 0.0066215 0.0123991 0.0211038 0.0319115 0.0433191 0.0537532 0.0624485 0.069666 0.0759566 0.0811457 0.0840242 0.083037 0.0773509
 1.08235e-16 6.81906e-05 0.000662837 0.00440479 0.0200235 0.0623007 0.132738 0.193737 0.193745 0.132776 0.0624264 0.0203875 0.00532103 0.00267227 0.00391265 0.00643733 0.00945539 0.0123095 0.0144026 0.0155239 0.0159859 0.0163838 0.0171527 0.0182676 0.0192831 0.019622
pSPR Fmed_Fpbrs
0.586625   0.285572 0.285572
Fs Fmed_Fpbrs
0.357193   1.005 1.005
SSBpbr Bo_Bmed_Bpbrs
1.75274e+06  940565  412897 412897
Ro
151512
SPR SPRFo_SPRFmed_SPRFpbrs
1.083e+06 635313 309274
Fref
1.005
Nvult_r0
 244847 13708.1 5537.96 7813.34 2862.91
CTP_r0
 27713.9 2787.67 1126.2 1588.91 582.199
YTP_r0
391088
Np
 233978 117245 5464.03 2207.43 4001.99
Nvult_p0
 181901 101456 4728.24 1910.17 3463.08
CTP_p0
 60835.4 50854.7 2370.02 957.468 1735.86
YTP_p0
 1.41994e+06
CBA_c0
699742
log_Ro
11.7484
likeval ReclasPelacesDesembMPH_pf_preclas_ppelaces_ptallas_desvR_qrecl_qpela
 21.6103 29.6336 0.0562083 0.00265916 251.397 134.193 106.053 0 33.1486 0 0 0.0575208 0 0 0
q_reclas_q_pelaces
1 1
M
1
N
 191788 154102 19140.8 1.46547 10977.6
 82544.4 63327.4 45671.3 5672.77 3253.87
 78418.4 25373.4 16265.6 11730.6 2292.8
 65513.9 24109 6519.23 4179.14 3603.05
 69427.1 15785.9 3804.93 1028.88 1228.2
 224898 20928.1 3899.12 939.818 557.499
 53718.4 62317.1 4367.86 813.777 312.502
 16903.9 10960.2 7051.62 494.254 127.446
 43150.1 5429.45 3073.62 1977.52 174.347
 61953.7 10041.1 799.198 452.427 316.749
 133312 14507.6 1496.71 119.126 114.651
 114870 45519.3 4597.76 474.336 74.0888
 110600 31630.1 9381.61 947.607 113.031
 91523.7 30286.5 6447.35 1912.31 216.196
 124437 20662.9 4196.23 893.289 294.907
 432703 35346.1 4531.75 920.31 260.593
 186358 122126 7653.79 981.299 255.711
 512930 60798.9 35334.7 2214.46 357.903
 485373 159673 16015.4 9307.75 677.603
 289924 141587 36933.5 3704.48 2309.68
 451672 87307.5 34902 9104.35 1482.53
 673204 141577 23317.7 9321.47 2827.49
 111056 204392 35475 5842.71 3044.17
 392642 36998.9 61666.3 10703 2681.22
 306299 130351 11084.6 18474.9 4009.84
 141061 102553 39720.9 3377.73 6851.58
 339675 48064.4 32365 12535.6 3228.28
 352135 112612 14360.3 9669.72 4709.79
 77938.2 118247 34518.1 4401.73 4407.63
 58647.1 26662.5 37617.3 10981 2802.47
 362092 19172.1 7745.39 10927.7 4004.06
pred_Ctot
 12529.1 19271.5 2393.68 0.183266 1372.82
 8705.95 12438.9 8970.85 1114.26 639.131
 8263.92 4980.06 3192.46 2302.38 450.009
 14785.6 9306.83 2516.62 1613.28 1390.89
 8055.66 3386.32 816.216 220.71 263.468
 35902 5990.91 1116.17 269.034 159.59
 15857.6 29902.5 2095.89 390.486 149.952
 1371.08 1683.56 1083.18 75.921 19.5767
 10400.4 2213.61 1253.13 806.245 71.082
 14763.2 4055.46 322.783 182.728 127.93
 6091.03 1285.88 132.66 10.5587 10.1621
 18697.5 13256.8 1339.03 138.143 21.5773
 18306 9348.95 2772.93 280.085 33.4088
 23247.5 12890.1 2744.03 813.89 92.0144
 18306.2 5499.2 1116.78 237.739 78.4861
 65060.1 9592.59 1229.87 249.763 70.7225
 13462.3 16809.2 1053.45 135.064 35.1954
 50554.3 11213.1 6516.79 408.414 66.0081
 64740 38901.6 3901.88 2267.67 165.086
 33795.4 30501.4 7956.42 798.039 497.564
 42797.7 15520.9 6204.65 1618.51 263.554
 75516 29439.6 4848.69 1938.31 587.95
 6680.55 23619.3 4099.44 675.175 351.78
 24420.5 4414.47 7357.63 1277.01 319.906
 17536.8 14365.1 1221.56 2035.98 441.895
 6620.97 9329.95 3613.67 307.294 623.333
 21397.2 5805.16 3909 1514.03 389.908
 19554.4 12050.8 1536.71 1034.77 504.001
 3473.2 10230.1 2986.32 380.814 381.324
 4168.95 3614 5098.89 1488.44 379.864
 27713.9 2787.67 1126.2 1588.91 582.199
F
 0.108073 0.216146 0.216146 0.216146 0.216146
 0.179634 0.359268 0.359268 0.359268 0.359268
 0.179473 0.358946 0.358946 0.358946 0.358946
 0.423143 0.846287 0.846287 0.846287 0.846287
 0.199184 0.398368 0.398368 0.398368 0.398368
 0.28341 0.56682 0.56682 0.56682 0.56682
 0.58949 1.17898 1.17898 1.17898 1.17898
 0.135706 0.271411 0.271411 0.271411 0.271411
 0.457992 0.915985 0.915985 0.915985 0.915985
 0.451713 0.903425 0.903425 0.903425 0.903425
 0.0745525 0.149105 0.149105 0.149105 0.149105
 0.289693 0.579385 0.579385 0.579385 0.579385
 0.29522 0.590441 0.590441 0.590441 0.590441
 0.488257 0.976514 0.976514 0.976514 0.976514
 0.258616 0.517232 0.517232 0.517232 0.517232
 0.264993 0.529986 0.529986 0.529986 0.529986
 0.120095 0.240191 0.240191 0.240191 0.240191
 0.16701 0.33402 0.33402 0.33402 0.33402
 0.232005 0.464009 0.464009 0.464009 0.464009
 0.200184 0.400368 0.400368 0.400368 0.400368
 0.160112 0.320225 0.320225 0.320225 0.320225
 0.192008 0.384016 0.384016 0.384016 0.384016
 0.0991517 0.198303 0.198303 0.198303 0.198303
 0.102663 0.205326 0.205326 0.205326 0.205326
 0.0941782 0.188356 0.188356 0.188356 0.188356
 0.0766529 0.153306 0.153306 0.153306 0.153306
 0.104039 0.208078 0.208078 0.208078 0.208078
 0.0912338 0.182468 0.182468 0.182468 0.182468
 0.0726572 0.145314 0.145314 0.145314 0.145314
 0.118081 0.236161 0.236161 0.236161 0.236161
 0.127635 0.255271 0.255271 0.255271 0.255271
YTP_r0W_actual
 235568 45438.9 32547 55294.2 22240
YTP_p0W_proyectada
 457482 819778 55411 28245.3 59019.1
CTP_r0_actual
 27713.9 2787.67 1126.2 1588.91 582.199
CTP_p0_proyectada
 60835.4 50854.7 2370.02 957.468 1735.86
Wmedp
 7.52 16.12 23.38 29.5 34
Frms_r0
 0.127635 0.255271 0.255271 0.255271 0.255271
Zrms_r0
 1.12764 1.25527 1.25527 1.25527 1.25527
nmprior
 8.19 8.8 8.5 0
nm_flota  nm_reclas  nm_pelaces    nm_pelaL
inf 7.19269 8.00945 14.9515
cv_recla  cv_pelaces  cv_mph
0.420489 0.617255 1.59139
 ------------------------------------------------
Talla a la edad & desviaci?n 
 8 13.2811 15.8009 17.003 17.5766
 0.8 1.32811 1.58009 1.7003 1.75766
