years
 1991 1992 1993 1994 1995 1996 1997 1998 1999 2000 2001 2002 2003 2004 2005 2006 2007 2008 2009 2010 2011 2012 2013 2014 2015 2016 2017 2018 2019 2020 2021
reclasobs
 0 0 0 0 0 0 0 0 0 252601 567819 844713 477998 351125 339783 2.1784e+06 2.13404e+06 4.81314e+06 1.55562e+06 2.62356e+06 3.21686e+06 3.843e+06 1.13348e+06 3.07943e+06 1.97215e+06 2.03268e+06 2.025e+06 2.42433e+06 2.27542e+06 1.05018e+06 2.36338e+06
reclaspred
 2.65828e+06 1.00196e+06 540963 273310 44849.9 936974 304824 73038.6 381713 145010 242131 484006 419697 288096 220040 1.15569e+06 781446 3.54818e+06 2.52456e+06 1.09027e+06 2.32795e+06 2.1952e+06 1.2992e+06 2.55089e+06 1.67165e+06 1.01643e+06 1.60238e+06 2.2971e+06 1.68063e+06 679910 974247
pelacesobs
 0 0 0 0 0 0 0 0 0 0 0 0 0 0 0 552880 188675 0 991730 2.46772e+06 1.41603e+06 1.21717e+06 2.29649e+06 1.80582e+06 0 1.4828e+06 1.56532e+06 1.57751e+06 1.42118e+06 867257 1.10002e+06
pelacespred
 1.3063e+06 518779 242224 77604.2 12032.7 411912 93549.7 29100.5 159154 48807.1 107644 181934 169573 115822 87874.1 441219 298450 1.69094e+06 1.17922e+06 503539 1.01993e+06 954502 569694 1.28999e+06 809083 484806 879665 1.22217e+06 747992 359446 472837
mphobs
 0 0 0 0 0 0 0 0 0 0 0 498337 0 5186 125008 0 168611 109162 213762 579715 649985 157893 87575 83554 0 0 0 0 0 0 0
mphpred
 2.85634e+06 1.3783e+06 385096 292375 79337 10527.3 466527 91761.9 27059.1 183628 43605.1 155753 252776 167284 86014.2 86597.6 734072 440713 2.14817e+06 1.24368e+06 688765 1.20288e+06 1.29853e+06 774460 1.4349e+06 964518 528121 824639 1.59491e+06 871395 310815
desembarqueobs
 494567 514787 250237 358949 120608 361735 552515 73892 212993 205616 52469 317467 293654 387597 252695 516296 358380 742168 942051 627588 828172 859565 418607 520667 417249 300574 415391 372974 316634 284311 391294
desembarquepred
 494533 514842 249519 358698 120506 361524 551675 73854.4 212839 205400 52459.1 317217 293381 386979 252417 515955 358256 741825 940979 626602 827691 858871 418390 520485 417010 300375 415182 372821 316490 284109 391097
Reclutas
 7864.03 4848.84 195197 10462.3 3831.03 285914 5835.95 1464.48 72481 7626.59 68510.1 154001 82355.9 68056.8 49815.1 438359 12078.3 982856 251702 73497.2 450937 585026 15054.6 350889 181214 35625.8 263656 353367 20813.6 9812.3 178345
log_desv_Rt
 -1.98897 -2.47252 1.22274 -1.70348 -2.70813 1.60442 -2.28723 -3.66977 0.23206 -2.01962 0.175717 0.985693 0.359786 0.169078 -0.142947 2.03177 -1.55985 2.8392 1.47698 0.245982 2.06006 2.32039 -1.33958 1.80921 1.14841 -0.478194 1.52338 1.81624 -1.01566 -1.76763 1.13245
SSB
 2.85634e+06 1.3783e+06 385096 292375 79337 10527.3 466527 91761.9 27059.1 183628 43605.1 155753 252776 167284 86014.2 86597.6 734072 440713 2.14817e+06 1.24368e+06 688765 1.20288e+06 1.29853e+06 774460 1.4349e+06 964518 528121 824639 1.59491e+06 871395 310815
BT
 3.46659e+06 1.75821e+06 800194 442596 137045 1.27129e+06 704449 137845 556981 295435 293027 681553 652737 670009 455256 1.42531e+06 971874 4.56716e+06 3.60409e+06 1.78976e+06 3.06906e+06 2.96964e+06 1.67637e+06 3.46857e+06 2.2597e+06 1.39852e+06 2.46799e+06 3.18686e+06 1.98852e+06 1.1366e+06 1.47928e+06
Ftot
 0.17607 0.47137 0.478581 1.11574 1.9635 0.447725 1.43953 0.893105 0.629224 1.20031 0.247849 0.69114 0.695456 1.2884 1.15854 0.508211 0.427007 0.24022 0.36566 0.540588 0.383842 0.409066 0.303233 0.225138 0.248982 0.285443 0.285947 0.179923 0.179173 0.390485 0.440539
BD_Bspro_t
 0.972222 0.77798 0.487296 0.446373 0.153141 0.0342383 0.474982 0.135208 0.0656674 0.333742 0.147183 0.486764 0.435251 0.295412 0.172155 0.180326 0.520233 0.393485 0.692061 0.532505 0.363375 0.494886 0.535471 0.447465 0.624924 0.589676 0.513926 0.643083 0.752596 0.629088 0.439696
BD_Bspro
 6.9633 3.36007 0.938802 0.712762 0.193411 0.0256639 1.13732 0.223701 0.0659656 0.447655 0.106302 0.379701 0.616226 0.407812 0.209689 0.211111 1.78955 1.07439 5.2369 3.03188 1.6791 2.93244 3.1656 1.88801 3.49805 2.35134 1.28747 2.01034 3.88813 2.12432 0.757715
BD_Bo
 1.59647 0.770362 0.215239 0.163415 0.0443432 0.00588395 0.260752 0.0512878 0.0151239 0.102634 0.0243719 0.0870539 0.141282 0.093499 0.0480753 0.0484014 0.410289 0.246325 1.20066 0.695118 0.384966 0.672319 0.725777 0.432863 0.801996 0.539091 0.295179 0.460909 0.891431 0.487042 0.173721
BD_Brms
 9.87355 4.76438 1.33117 1.01065 0.274245 0.0363899 1.61265 0.317194 0.0935355 0.634749 0.15073 0.538394 0.873773 0.578254 0.297326 0.299343 2.53748 1.52342 7.42562 4.29903 2.38086 4.15803 4.48864 2.67709 4.96003 3.33406 1.82556 2.85054 5.51315 3.01216 1.0744
Sel_flota
 0.797123 1 1 1 1
 0.797123 1 1 1 1
 0.797123 1 1 1 1
 0.797123 1 1 1 1
 0.797123 1 1 1 1
 0.797123 1 1 1 1
 0.797123 1 1 1 1
 0.797123 1 1 1 1
 0.797123 1 1 1 1
 0.797123 1 1 1 1
 0.797123 1 1 1 1
 0.797123 1 1 1 1
 0.797123 1 1 1 1
 0.797123 1 1 1 1
 0.797123 1 1 1 1
 0.797123 1 1 1 1
 0.797123 1 1 1 1
 0.797123 1 1 1 1
 0.797123 1 1 1 1
 0.797123 1 1 1 1
 0.797123 1 1 1 1
 0.797123 1 1 1 1
 0.797123 1 1 1 1
 0.797123 1 1 1 1
 0.797123 1 1 1 1
 0.797123 1 1 1 1
 0.797123 1 1 1 1
 0.797123 1 1 1 1
 0.797123 1 1 1 1
 0.797123 1 1 1 1
 0.797123 1 1 1 1
Sel_reclas
 1 1 1 1 1
 1 1 1 1 1
 1 1 1 1 1
 1 1 1 1 1
 1 1 1 1 1
 1 1 1 1 1
 1 1 1 1 1
 1 1 1 1 1
 1 1 1 1 1
 1 1 1 1 1
 1 1 1 1 1
 1 1 1 1 1
 1 1 1 1 1
 1 1 1 1 1
 1 1 1 1 1
 1 1 1 1 1
 1 1 1 1 1
 1 1 1 1 1
 1 1 1 1 1
 1 1 1 1 1
 1 1 1 1 1
 1 1 1 1 1
 1 1 1 1 1
 1 1 1 1 1
 1 1 1 1 1
 1 1 1 1 1
 1 1 1 1 1
 1 1 1 1 1
 1 1 1 1 1
 1 1 1 1 1
 1 1 1 1 1
Sel_pelaces
 1 1 1 1 1
 1 1 1 1 1
 1 1 1 1 1
 1 1 1 1 1
 1 1 1 1 1
 1 1 1 1 1
 1 1 1 1 1
 1 1 1 1 1
 1 1 1 1 1
 1 1 1 1 1
 1 1 1 1 1
 1 1 1 1 1
 1 1 1 1 1
 1 1 1 1 1
 1 1 1 1 1
 1 1 1 1 1
 1 1 1 1 1
 1 1 1 1 1
 1 1 1 1 1
 1 1 1 1 1
 1 1 1 1 1
 1 1 1 1 1
 1 1 1 1 1
 1 1 1 1 1
 1 1 1 1 1
 1 1 1 1 1
 1 1 1 1 1
 1 1 1 1 1
 1 1 1 1 1
 1 1 1 1 1
 1 1 1 1 1
pf_obs 
 0.8446 0.082 0.0669 0.0065 0
 0.8095 0.147 0.0364 0.0071 0
 0.9664 0.0169 0.016 0.0007 0
 0.9276 0.0648 0.0075 0.0001 0
 0.7033 0.2144 0.0806 0.0017 0
 0.9318 0.0425 0.0243 0.0014 0
 0.5671 0.3108 0.0964 0.0239 0.0018
 0.0768 0.2599 0.5324 0.112 0.0189
 0.490249 0.384438 0.106611 0.0170017 0.00170017
 0.7925 0.1577 0.0466 0.003 0.0002
 0.840416 0.127587 0.0312969 0.00059994 9.999e-05
 0.8084 0.0986 0.0794 0.0134 0.0002
 0.7335 0.1905 0.0724 0.0035 0.0001
 0.4001 0.4547 0.1325 0.0127 0
 0.49795 0.308269 0.164784 0.0264974 0.00249975
 0.9179 0.0499 0.0305 0.0017 0
 0.2467 0.6533 0.0926 0.0074 0
 0.9418 0.0223 0.034 0.0019 0
 0.707729 0.231977 0.0356964 0.0245975 0
 0.517169 0.277429 0.184464 0.0207286 0.00020938
 0.811772 0.124168 0.05621 0.00726502 0.000585176
 0.764997 0.148141 0.077277 0.00933861 0.000247198
 0.163321 0.427699 0.378323 0.0303852 0.000271297
 0.753843 0.0900009 0.118128 0.0371064 0.000921714
 0.721811 0.176058 0.0630433 0.0369309 0.00215725
 0.143369 0.312575 0.442814 0.0836902 0.0175525
 0.692698 0.0596174 0.167031 0.0765114 0.00414204
 0.394062 0.376323 0.152708 0.0712218 0.00568511
 0.125707 0.32114 0.495352 0.0537591 0.00404204
 0.23352 0.215282 0.420074 0.123614 0.00750983
 0.796117 0.104755 0.0508955 0.0450114 0.00322123
pf_pred 
 0.0350863 0.21107 0.67187 0.0819726 6.5149e-07
 0.0663035 0.0415693 0.195149 0.621189 0.0757898
 0.919233 0.00697215 0.00328545 0.0154237 0.055086
 0.147083 0.800127 0.00455702 0.00214738 0.0460853
 0.303458 0.139757 0.522324 0.00297482 0.0314863
 0.997036 0.00124445 0.000344937 0.00128916 8.50542e-05
 0.064817 0.933092 0.000878065 0.000243382 0.000969622
 0.148972 0.0815166 0.767791 0.000722512 0.000998115
 0.978433 0.00426798 0.00165699 0.0156069 3.49752e-05
 0.286874 0.701742 0.00225279 0.000874619 0.00825635
 0.950606 0.0183856 0.0305134 9.79568e-05 0.000397036
 0.857337 0.137151 0.00205169 0.00340506 5.52375e-05
 0.653824 0.30869 0.0360381 0.000539105 0.000909234
 0.710406 0.208918 0.07194 0.00839867 0.000337535
 0.790342 0.164704 0.0324307 0.0111674 0.00135614
 0.976898 0.0195594 0.00278272 0.000547926 0.000211589
 0.0833888 0.90068 0.0134884 0.001919 0.000523771
 0.964469 0.00381655 0.0311632 0.000466694 8.45189e-05
 0.402156 0.581265 0.00178076 0.0145404 0.00025719
 0.292772 0.331601 0.365212 0.00111886 0.00929742
 0.882821 0.0418634 0.0353135 0.0388928 0.00110927
 0.781724 0.19827 0.00714749 0.00602919 0.0068297
 0.0613317 0.774748 0.148896 0.0053676 0.00965673
 0.837014 0.0127779 0.123977 0.0238267 0.00240423
 0.542768 0.397235 0.0047037 0.0456376 0.00965595
 0.243514 0.458067 0.25926 0.00306993 0.036088
 0.858658 0.0416761 0.0603497 0.0341572 0.005159
 0.76666 0.207099 0.00773749 0.0112044 0.00729936
 0.107791 0.721034 0.151925 0.00567611 0.0135741
 0.140146 0.11531 0.601699 0.12678 0.0160642
 0.90769 0.0163086 0.0101921 0.0531835 0.0126259
pobs_RECLAS
 0 0 0 0 0
 0 0 0 0 0
 0 0 0 0 0
 0 0 0 0 0
 0 0 0 0 0
 0 0 0 0 0
 0 0 0 0 0
 0 0 0 0 0
 0 0 0 0 0
 0 0 0 0 0
 0.991045 0.00858322 0.000360255 1.14367e-05 0
 0.934742 0.0480273 0.0164251 0.00080598 0
 0.827803 0.169806 0.00239088 0 0
 0.941827 0.0461693 0.0120037 0 0
 0.791401 0.0380133 0.147996 0.0225897 0
 0.846168 0.0940531 0.0597789 0 0
 0.134021 0.677848 0.182769 0.00536245 0
 0.80878 0.0450904 0.141981 0.00414843 0
 0.846168 0.0940531 0.0597789 0 0
 0.905697 0.0802665 0.012482 0.00150086 5.37128e-05
 0.989698 0.0102097 9.19794e-05 0 0
 0.975433 0.0193895 0.00387452 0.00125025 5.28907e-05
 0.303575 0.632131 0.0575291 0.00676475 0
 0.966965 0.00978017 0.0227588 0.000495775 0
 0.843318 0.132988 0.00938335 0.0141283 0.000182051
 0.564624 0.303363 0.111486 0.0197234 0.00080311
 0.826376 0.0876187 0.0782897 0.00655872 0.00115652
 0.89761 0.0855135 0.0140674 0.00269457 0.000114338
 0.34875 0.467042 0.161289 0.0227151 0.000203297
 0.318654 0.224769 0.449479 0.00709798 0
 0.937255 0.0296025 0.0250945 0.00804832 0
ppred_RECLAS
 0.0437676 0.209171 0.665825 0.0812351 6.45629e-07
 0.0826266 0.0408426 0.191737 0.610329 0.0744648
 0.935227 0.00559142 0.00263481 0.0123692 0.044177
 0.183105 0.766335 0.00436456 0.00205669 0.044139
 0.372312 0.125942 0.470691 0.00268076 0.0283738
 0.99766 0.000982447 0.000272315 0.00101774 6.71471e-05
 0.0838635 0.914088 0.000860182 0.000238425 0.000949874
 0.183907 0.0781702 0.736273 0.000692852 0.000957142
 0.983003 0.00336371 0.00130592 0.0123002 2.75649e-05
 0.344241 0.645291 0.00207157 0.00080426 0.00759217
 0.960419 0.014733 0.0244514 7.84961e-05 0.000318159
 0.884755 0.110793 0.00165738 0.00275065 4.46215e-05
 0.707019 0.261255 0.0305003 0.000456264 0.000769517
 0.762749 0.171157 0.0589372 0.00688065 0.000276527
 0.830782 0.132935 0.0261753 0.00901338 0.00109456
 0.981717 0.0154798 0.00220231 0.000433642 0.000167457
 0.103332 0.881083 0.0131949 0.00187724 0.000512375
 0.971605 0.00305003 0.0249044 0.000372963 6.75441e-05
 0.459648 0.525368 0.00160952 0.0131422 0.000232458
 0.34477 0.30722 0.33836 0.0010366 0.00861384
 0.90505 0.0339218 0.0286144 0.0315148 0.00089884
 0.819307 0.164131 0.00591681 0.00499106 0.00565374
 0.0762049 0.762472 0.146537 0.00528255 0.00950372
 0.866156 0.0104932 0.10181 0.0195664 0.00197435
 0.599471 0.347972 0.00412037 0.0399778 0.00845846
 0.288876 0.4306 0.243714 0.00288585 0.033924
 0.884613 0.034023 0.0492676 0.0278848 0.00421164
 0.805299 0.172805 0.00645623 0.00934904 0.00609064
 0.132008 0.701463 0.147801 0.00552205 0.0132056
 0.170983 0.111175 0.58012 0.122234 0.0154881
 0.925709 0.0131251 0.00820262 0.042802 0.0101613
pobs_PELACES
 0 0 0 0 0
 0 0 0 0 0
 0 0 0 0 0
 0 0 0 0 0
 0 0 0 0 0
 0 0 0 0 0
 0 0 0 0 0
 0 0 0 0 0
 0 0 0 0 0
 0 0 0 0 0
 0 0 0 0 0
 0 0 0 0 0
 0 0 0 0 0
 0 0 0 0 0
 0 0 0 0 0
 0 0 0 0 0
 0.505614 0.472636 0.0217494 0 0
 0 0 0 0 0
 0.443492 0.261883 0.143347 0.151278 0
 0.227955 0.32914 0.350689 0.0885471 0.00366901
 0.970185 0.0296113 0.000203453 0 0
 0.997202 0.00247181 0.000326279 0 0
 0.445219 0.490057 0.0546422 0.010081 0
 0.90214 0.0892962 0.00764917 0.000914606 0
 0 0 0 0 0
 0.581667 0.319106 0.0959925 0.00289975 0.000334073
 0.762889 0.0836404 0.116647 0.0363945 0.000428098
 0.88444 0.0763242 0.0277011 0.0115352 0
 0.521256 0.241999 0.230069 0.00667565 0
 0.616807 0.101726 0.260614 0.0208532 0
 0.833518 0.0704572 0.0857862 0.0102388 0
ppred_PELACES
 0.0442636 0.209063 0.66548 0.081193 6.45294e-07
 0.0850504 0.0407347 0.19123 0.608716 0.074268
 0.937142 0.00542619 0.00255695 0.0120037 0.0428716
 0.194543 0.755604 0.00430344 0.00202789 0.0435209
 0.403512 0.119682 0.447295 0.00254751 0.0269635
 0.997729 0.000953501 0.000264291 0.000987755 6.51687e-05
 0.0915713 0.906397 0.000852945 0.000236419 0.000941882
 0.193051 0.0772943 0.728023 0.000685089 0.000946417
 0.983692 0.00322722 0.00125293 0.0118011 2.64464e-05
 0.362602 0.627223 0.00201357 0.000781742 0.0073796
 0.961045 0.0145 0.0240647 7.72547e-05 0.000313127
 0.889389 0.106337 0.00159073 0.00264003 4.2827e-05
 0.71657 0.252738 0.0295061 0.00044139 0.000744431
 0.778003 0.160152 0.0551478 0.00643826 0.000258748
 0.841408 0.124587 0.0245316 0.00844738 0.00102583
 0.982318 0.0149711 0.00212994 0.000419393 0.000161954
 0.106011 0.878451 0.0131555 0.00187164 0.000510844
 0.972045 0.00300273 0.0245182 0.000367179 6.64966e-05
 0.465734 0.519451 0.00159139 0.0129941 0.000229839
 0.352991 0.303365 0.334115 0.00102359 0.00850576
 0.907236 0.033141 0.0279558 0.0307894 0.000878151
 0.823326 0.16048 0.0057852 0.00488005 0.00552799
 0.0776464 0.761282 0.146308 0.0052743 0.00948889
 0.867894 0.0103569 0.100488 0.0193124 0.00194871
 0.603467 0.344501 0.00407927 0.039579 0.00837408
 0.292817 0.428213 0.242363 0.00286985 0.033736
 0.886553 0.0334511 0.0484393 0.0274161 0.00414084
 0.807181 0.171135 0.00639383 0.00925868 0.00603178
 0.133389 0.700348 0.147566 0.00551326 0.0131846
 0.174721 0.110674 0.577505 0.121682 0.0154182
 0.927712 0.0127712 0.00798146 0.041648 0.00988731
pobs_pel_tallas
 0 0 0 0 0 0 0 0 0 0 0 0 0 0 0 0 0 0 0 0 0 0 0 0 0 0
 0 0 0 0 0 0 0 0 0 0 0 0 0 0 0 0 0 0 0 0 0 0 0 0 0 0
 0 0 0 0 0 0 0 0 0 0 0 0 0 0 0 0 0 0 0 0 0 0 0 0 0 0
 0 0 0 0 0 0 0 0 0 0 0 0 0 0 0 0 0 0 0 0 0 0 0 0 0 0
 0 0 0 0 0 0 0 0 0 0 0 0 0 0 0 0 0 0 0 0 0 0 0 0 0 0
 0 0 0 0 0 0 0 0 0 0 0 0 0 0 0 0 0 0 0 0 0 0 0 0 0 0
 0 0 0 0 0 0 0 0 0 0 0 0 0 0 0 0 0 0 0 0 0 0 0 0 0 0
 0 0 0 0 0 0 0 0 0 0 0 0 0 0 0 0 0 0 0 0 0 0 0 0 0 0
 0 0 0 0 0 0 0 0 0 0 0 0 0 0 0 0 0 0 0 0 0 0 0 0 0 0
 0 0 0 0 0 0 0 0 0 0 0 0 0 0 0 0 0 0 0 0 0 0 0 0 0 0
 0 0 0 0 0 0 0 0 0 0 0 0 0 0 0 0 0 0 0 0 0 0 0 0 0 0
 0 0 0 0 0 0 0 0 0 0 0 0 0 0 0 0 0 0 0 0 0 0 0 0 0 0
 0.00862536 0 0 0.000197151 0.00414017 0.0128641 0.00837892 0.0270097 0.101434 0.158115 0.152841 0.127902 0.109271 0.109419 0.0830992 0.0579132 0.0238553 0.00714673 0.00463305 0.00128148 0.00103504 0.000492878 0.000147863 0.000147863 4.92878e-05 0
 0 0 0 0 0 0 0 0 0 0 0 0 0 0 0 0 0 0 0 0 0 0 0 0 0 0
 0 0 0 0 0 0 0 0.0054083 0.00873648 0.0413646 0.0450493 0.0745869 0.0622846 0.0627006 0.0613931 0.0827291 0.12552 0.122667 0.0946155 0.0697135 0.0546179 0.0294188 0.0215738 0.0213955 0.0102223 0.00600262
 0 0 0 0 0.00359764 0.0251062 0.0480494 0.140153 0.205849 0.193036 0.1447 0.116669 0.0760912 0.0342217 0.00950174 0.001854 0.000860785 0 0 0 0.000165536 0 0.000143464 0 0 0
 0 0 0 0 0 0 0 0.000145254 0.000435761 0.0275982 0.070085 0.0708112 0.156366 0.174668 0.174014 0.160142 0.0824315 0.0480064 0.0283245 0.00493863 0.00203355 0 0 0 0 0
 0 0 0 0 0 0 0 0 0 0 0 0 0 0 0 0 0 0 0 0 0 0 0 0 0 0
 0 0 1.00437e-05 0.000401748 0.00122533 0.00171747 0.00176769 0.0269171 0.070346 0.194647 0.189555 0.159765 0.064822 0.0314167 0.0384472 0.0292271 0.0345202 0.0313363 0.0194345 0.0106764 0.0143323 0.0359363 0.0279516 0.0138201 0.00172751 0
 0 0.0021121 0.0136068 0.0755702 0.200478 0.177729 0.0527432 0.0373336 0.0318909 0.0142505 0.0149659 0.0166563 0.0217959 0.0798694 0.0677717 0.0528807 0.04013 0.0224614 0.0357745 0.0225083 0.00881397 0.00855152 0.00135912 0.000746735 0 0
 0 0 0 0 5.4009e-05 0.00500934 0.000945158 0.0243581 0.138947 0.33067 0.221406 0.137944 0.0707744 0.0437923 0.0131692 0.00525238 0.0047753 0.00276346 9.45158e-05 9.00151e-06 2.25038e-05 9.00151e-06 4.50075e-06 0 0 0
 0.000866109 0.00284123 0.00948549 0.0512746 0.133035 0.25785 0.225252 0.132002 0.0553304 0.0519788 0.0540692 0.017754 0.00435017 0.00159236 0.00146478 0.000404838 0.000125132 0.000115318 0.000107957 0.000100596 0 0 0 0 0 0
 0 0 0 0 0.00144013 0.00171154 0.00461396 0.0210425 0.0478622 0.0707936 0.0888783 0.103762 0.0637923 0.0337046 0.0602308 0.124433 0.169614 0.0934646 0.0462172 0.0250306 0.0313229 0.00938855 0.002487 0.000210481 0 0
 0 0.00764035 0.051015 0.0998891 0.058973 0.0496711 0.0374665 0.0718981 0.12319 0.153886 0.159021 0.0857701 0.0377988 0.023471 0.0147837 0.00900784 0.00315554 0.000888139 0.00291439 0.00214683 0.00393193 0.00274676 0.000635225 9.99891e-05 0 0
 0 0 0 0 0 0 0 0 0 0 0 0 0 0 0 0 0 0 0 0 0 0 0 0 0 0
 0 0 0 0 0 0 0 0 0 0 0 0 0 0 0 0 0 0 0 0 0 0 0 0 0 0
 0 0 0 0 0 0 0 0 0 0 0 0 0 0 0 0 0 0 0 0 0 0 0 0 0 0
 0 0 0 0 0 0 0 0 0 0 0 0 0 0 0 0 0 0 0 0 0 0 0 0 0 0
 0 0 0 0 0 0 0 0 0 0 0 0 0 0 0 0 0 0 0 0 0 0 0 0 0 0
 0 0 0 0 0 0 0 0 0 0 0 0 0 0 0 0 0 0 0 0 0 0 0 0 0 0
 0 0 0 0 0 0 0 0 0 0 0 0 0 0 0 0 0 0 0 0 0 0 0 0 0 0
ppred_pel_tallas
 1.27401e-16 3.64598e-06 3.54403e-05 0.000235514 0.00107063 0.00333123 0.0070983 0.0103646 0.0103858 0.00720216 0.00368285 0.00209912 0.00286572 0.00593779 0.0116837 0.0205361 0.0324387 0.0467432 0.0625865 0.0792732 0.0960952 0.111625 0.123279 0.12794 0.123466 0.11002
 1.79143e-16 7.0055e-06 6.80959e-05 0.000452522 0.0020571 0.00640042 0.0136369 0.0199044 0.0199089 0.0136589 0.00647581 0.00228219 0.00104613 0.00146206 0.00295444 0.0056964 0.0102407 0.0174284 0.0284096 0.0444765 0.0665034 0.0940793 0.124777 0.154131 0.176612 0.187331
 1.08535e-16 7.71911e-05 0.000750325 0.00498617 0.0226664 0.0705237 0.150258 0.219306 0.219307 0.150261 0.0705326 0.0226924 0.00505245 0.000898587 0.000370194 0.000522766 0.000831621 0.00125012 0.00181992 0.00264012 0.00384985 0.00556565 0.00779041 0.0103428 0.0128542 0.0148507
 1.07886e-16 1.60244e-05 0.000155763 0.00103511 0.00470548 0.0146409 0.0311967 0.0455477 0.0456203 0.0315517 0.0158324 0.00814504 0.00966128 0.0189618 0.0356593 0.058738 0.0841769 0.104957 0.113964 0.107991 0.089753 0.0662288 0.0446712 0.0293178 0.0206614 0.0168118
 1.17758e-16 3.32368e-05 0.000323073 0.00214694 0.00975966 0.030366 0.0646984 0.0944318 0.094444 0.0647584 0.0305692 0.0103551 0.00367365 0.00376179 0.00687357 0.0121163 0.0193218 0.0281843 0.0382689 0.0491503 0.0602626 0.0705013 0.078061 0.0809284 0.0778591 0.0691512
 1.00119e-16 8.21816e-05 0.000798835 0.00530854 0.0241318 0.0750831 0.159973 0.233485 0.233485 0.159973 0.0750846 0.0241362 0.00531961 0.000823112 0.000128636 8.354e-05 0.000114728 0.00014946 0.000176022 0.00019224 0.000202567 0.000214591 0.00023324 0.000256883 0.000277968 0.00028721
 1.0044e-16 7.5428e-06 7.33188e-05 0.000487233 0.00221494 0.00689198 0.0146873 0.0214548 0.021542 0.0151131 0.00832093 0.00633955 0.0108304 0.0226187 0.0427258 0.0703614 0.100745 0.125401 0.1357 0.127673 0.104457 0.074349 0.0460868 0.0249482 0.0118838 0.00508793
 1.21258e-16 1.59014e-05 0.000154567 0.00102715 0.0046693 0.014528 0.0309537 0.0451796 0.0451882 0.030996 0.0146733 0.005103 0.00216861 0.00282065 0.00558815 0.0105348 0.0182367 0.0292755 0.0439857 0.0620854 0.0821343 0.10118 0.11516 0.120265 0.114647 0.0994302
 1.01226e-16 8.10254e-05 0.000787596 0.00523385 0.0237923 0.0740268 0.157722 0.2302 0.2302 0.157723 0.074032 0.0238075 0.00527222 0.000872501 0.000245845 0.000288205 0.000432694 0.000602259 0.00078512 0.000992005 0.00125054 0.00158483 0.00198758 0.00240514 0.00274851 0.00292621
 1.01546e-16 2.98672e-05 0.000290319 0.00192928 0.00877025 0.0272878 0.0581419 0.0848724 0.0849327 0.0584365 0.0282767 0.0116247 0.00908762 0.0158944 0.0295983 0.0487104 0.0697584 0.086868 0.094081 0.0886673 0.0728118 0.052262 0.0330525 0.0188032 0.0101202 0.00569234
 1.0076e-16 7.916e-05 0.000769463 0.00511335 0.0232446 0.0723225 0.154091 0.2249 0.224902 0.154098 0.0723461 0.0233133 0.00528741 0.00115476 0.000826458 0.00128139 0.00193171 0.0026225 0.00324689 0.00374374 0.00410753 0.00435059 0.00445373 0.00435949 0.00401727 0.00343762
 1.00346e-16 7.32578e-05 0.000712092 0.0047321 0.0215115 0.0669302 0.142602 0.208134 0.208145 0.142652 0.0670979 0.0219956 0.00594631 0.00335933 0.00509088 0.00827431 0.0118516 0.0147767 0.0160399 0.0151805 0.0125674 0.00916654 0.00598637 0.00362325 0.00216551 0.00138527
 1.01087e-16 5.9023e-05 0.000573724 0.0038126 0.0173315 0.053925 0.114894 0.167696 0.16772 0.115013 0.0543244 0.018485 0.00670715 0.0068903 0.0120486 0.019807 0.0284826 0.0357205 0.0391555 0.0376848 0.0321159 0.0246163 0.0174281 0.0118483 0.00805908 0.00560169
 1.02322e-16 6.40831e-05 0.000622911 0.00413946 0.0188174 0.058548 0.124743 0.18207 0.182085 0.124819 0.0588023 0.0195526 0.00598719 0.00466445 0.00776283 0.0127922 0.0185604 0.0236278 0.0265585 0.0266689 0.0243946 0.0209257 0.0174266 0.0144729 0.0120389 0.00985511
 1.01761e-16 6.93057e-05 0.000673676 0.00447681 0.020351 0.0633194 0.134909 0.196906 0.196918 0.134968 0.0635167 0.0209209 0.00590804 0.00380007 0.00601288 0.00984657 0.0142148 0.0179542 0.0199275 0.0196105 0.0173931 0.0142953 0.0113351 0.00904638 0.00742618 0.00619958
 1.00135e-16 8.09122e-05 0.000786495 0.00522654 0.0237591 0.0739233 0.157502 0.229878 0.22988 0.157509 0.073947 0.0238275 0.00539818 0.00116118 0.000792503 0.00118206 0.00169479 0.00213065 0.00234637 0.0022775 0.00197191 0.00155632 0.00116 0.000855016 0.000647428 0.000506799
 1.00879e-16 8.73217e-06 8.48798e-05 0.00056406 0.00256419 0.0079786 0.0170024 0.0248332 0.0249176 0.0174151 0.0093639 0.00656305 0.0105928 0.0219481 0.0414436 0.0682717 0.0978087 0.121863 0.132093 0.124654 0.102559 0.0737875 0.0467218 0.0263972 0.0136928 0.00687175
 1.00757e-16 8.00661e-05 0.000778271 0.00517188 0.0235106 0.0731503 0.155854 0.227474 0.227475 0.155856 0.0731558 0.0235271 0.00521492 0.000878102 0.000286851 0.000392146 0.000660626 0.00104507 0.00154884 0.00216124 0.00283579 0.00347681 0.00395048 0.00412878 0.00394714 0.00343977
 1.01521e-16 3.8362e-05 0.000372892 0.002478 0.0112647 0.0350488 0.0746771 0.109004 0.109054 0.0749211 0.0358679 0.0136289 0.00840716 0.0132982 0.0245329 0.0403589 0.0578123 0.0720271 0.0780813 0.0737263 0.0607776 0.0439855 0.0283168 0.01672 0.00964218 0.00595822
 1.11262e-16 2.90754e-05 0.000282624 0.00187814 0.00853775 0.0265643 0.0565991 0.0826142 0.0826439 0.0567443 0.0270533 0.00995596 0.00545937 0.00817087 0.0152157 0.0256418 0.03817 0.050555 0.0604128 0.0664598 0.0689832 0.0690959 0.0675161 0.0640286 0.0580125 0.0493758
 1.04052e-16 7.47278e-05 0.000726381 0.00482706 0.0219431 0.0682731 0.145463 0.212309 0.212312 0.145479 0.0683265 0.0220979 0.00521809 0.00158811 0.00173556 0.00281588 0.00420523 0.00562617 0.00685841 0.00782567 0.00862956 0.00943663 0.0103034 0.0110872 0.011512 0.0113265
 1.01633e-16 6.78163e-05 0.000659199 0.00438061 0.0199136 0.0619588 0.13201 0.192676 0.192692 0.132086 0.062212 0.0206448 0.00621464 0.00465896 0.0076526 0.0125143 0.0179525 0.0224356 0.0244581 0.0233399 0.0196443 0.0148224 0.0103712 0.00714926 0.00523882 0.00424709
 1.06552e-16 6.39579e-06 6.21694e-05 0.000413141 0.00187812 0.00584394 0.0124538 0.0181921 0.0182656 0.0128127 0.00704888 0.00535904 0.00915314 0.0191495 0.0362794 0.0600244 0.0865958 0.109154 0.120688 0.117907 0.103132 0.0826164 0.0627245 0.0469836 0.0357142 0.0275432
 1.0517e-16 7.14873e-05 0.000694882 0.00461773 0.0209916 0.0653125 0.139155 0.203101 0.203103 0.139161 0.0653322 0.0210506 0.00477362 0.00106089 0.000842114 0.0014765 0.00258153 0.00421228 0.00645255 0.00930938 0.0126189 0.0159754 0.018766 0.0203513 0.0203197 0.0186687
 1.05593e-16 4.97069e-05 0.000483168 0.00321083 0.014596 0.0454136 0.0967598 0.141231 0.141264 0.0969217 0.0459572 0.0161653 0.00714746 0.00906855 0.0163312 0.0268607 0.0385573 0.0482294 0.0526871 0.0505236 0.043007 0.0332896 0.0245661 0.0185783 0.0153282 0.0137737
 1.13101e-16 2.41191e-05 0.000234446 0.00155798 0.00708236 0.0220361 0.0469517 0.0685362 0.0685777 0.0471549 0.0227191 0.00905882 0.0065327 0.0111391 0.0208651 0.0347975 0.0509188 0.0656841 0.0754317 0.0783857 0.0755466 0.0696787 0.0633043 0.0573849 0.0514967 0.0449006
 1.04857e-16 7.30242e-05 0.000709821 0.00471701 0.0214428 0.0667167 0.142147 0.207468 0.207472 0.142163 0.0667712 0.0216013 0.00511875 0.00159977 0.00180164 0.00296464 0.00450498 0.00617966 0.00779481 0.00927457 0.0106761 0.0120714 0.0133934 0.0143901 0.014736 0.0142117
 1.02178e-16 6.64865e-05 0.000646272 0.00429471 0.0195231 0.0607438 0.129422 0.188898 0.188915 0.129502 0.0610138 0.0203029 0.00625097 0.00491298 0.00815873 0.0133546 0.0191674 0.0239744 0.0261785 0.0250635 0.0212364 0.0162443 0.0116715 0.00840957 0.00651417 0.00553569
 1.07222e-16 1.09872e-05 0.000106799 0.000709723 0.00322634 0.0100387 0.021391 0.031235 0.0313025 0.0217212 0.0111476 0.00643019 0.00875508 0.0176806 0.0334177 0.0553081 0.0798536 0.100786 0.111686 0.109534 0.096451 0.078131 0.0603415 0.0462344 0.0360367 0.0284639
 1.31507e-16 1.43916e-05 0.000139891 0.000929627 0.00422595 0.0131486 0.0280149 0.0408909 0.0409025 0.0280719 0.0133426 0.00479821 0.00241039 0.00351937 0.0068644 0.0124554 0.0205845 0.0314257 0.0450241 0.0612297 0.0793058 0.0973972 0.112448 0.121011 0.120665 0.11118
 1.06084e-16 7.64144e-05 0.000742775 0.004936 0.0224384 0.0698141 0.148746 0.2171 0.217101 0.148752 0.0698348 0.0224987 0.00508899 0.00108209 0.000737427 0.00114452 0.00175821 0.00247786 0.00328308 0.00422884 0.00543347 0.00699477 0.00887644 0.0108463 0.0125189 0.0134885
pSPR Fmed_Fpbrs
0.439867   0.211692 0.211692
Fs Fmed_Fpbrs
0.473079   1.005 1.005
SSBpbr Bo_Bmed_Bpbrs
1.78916e+06  697534  289292 289292
Ro
57470.1
SPR SPRFo_SPRFmed_SPRFpbrs
410200 180433 86836
Fref
1.005
Nvult_r0
 132164 2018.06 1261.2 6581.05 1562.36
CTP_r0
 34349.1 617.154 385.694 2012.59 477.792
YTP_r0
391097
Np
 148976 24598.3 6218.66 84.3174 59.7906
Nvult_p0
 124378 21285.9 5381.25 72.9632 51.7392
CTP_p0
 55321.6 20030.7 271.591 169.733 1095.41
 55321.6 10669.5 2697.34 36.5726 25.9341
YTP_p0
 776564 645890
CBA_c0
737362
log_Ro
10.779
likeval ReclasPelacesDesembMPH_pf_preclas_ppelaces_ptallas_desvR_qrecl_qpela
 34.4601 47.7125 0.136958 0.00199668 333.641 130.836 117.64 0 128.545 0 0 0.146811 0 0 0
q_reclas_q_pelaces
1 1
M
1
N
 7864.03 38260.5 121789 14859.1 0.118095
 4848.84 2514.19 11802.9 37570.6 4583.9
 195197 1225.07 577.284 2710.08 9679.13
 10462.3 49034.4 279.269 131.598 2824.26
 3831.03 1581.53 5910.77 33.664 356.309
 285914 294.636 81.6671 305.22 20.1374
 5835.95 73611.2 69.2702 19.2003 76.4931
 1464.48 681.507 6419 6.04046 8.3446
 72481 264.368 102.637 966.725 2.16644
 7626.59 16147.4 51.8376 20.1253 189.982
 68510.1 1077.71 1788.62 5.74197 23.2732
 154001 20685.1 309.435 513.551 8.3309
 82355.9 32656.2 3812.47 57.0319 96.1877
 68056.8 17403.8 5992.92 699.647 28.1182
 49815.1 8965.02 1765.24 607.855 73.8163
 438359 7277.75 1035.41 203.875 78.729
 12078.3 107547 1610.61 229.141 62.5418
 982856 3161.46 25814.2 386.588 70.0116
 251702 298562 914.675 7468.57 132.104
 73497.2 69184.1 76196.7 233.436 1939.79
 450937 17572.4 14823 16325.5 465.623
 585026 122163 4403.9 3714.86 4208.09
 15054.6 155335 29853.2 1076.19 1936.14
 350889 4349.09 42197 8109.68 818.306
 181214 107879 1277.4 12394 2622.3
 35625.8 54664.2 30939.3 366.355 4306.62
 263656 10438.9 15116.2 8555.57 1292.21
 353367 77223.9 2885.19 4177.94 2721.82
 20813.6 112628 23731.1 886.626 2120.31
 9812.3 6637.82 34636.7 7298.1 924.733
 178345 2644.21 1652.52 8622.98 2047.11
pred_Ctot
 658.435 3960.97 12608.4 1538.31 0.0122259
 989.719 620.509 2913 9272.55 1131.32
 40361.8 306.134 144.258 677.224 2418.72
 4180.43 22741.4 129.52 61.0332 1309.85
 2157.76 993.753 3714.02 21.1527 223.886
 55840.1 69.6968 19.3186 72.2006 4.76355
 2754.22 39649.2 37.311 10.3419 41.2014
 499.076 273.092 2572.21 2.42052 3.34382
 18817.1 82.0813 31.867 300.15 0.67264
 3202.14 7832.97 25.1461 9.76265 92.1589
 7889.82 152.596 253.255 0.81302 3.29531
 43104.4 6895.57 103.153 171.197 2.77718
 23165.2 10937 1276.84 19.1007 32.2144
 29939.6 8804.7 3031.86 353.957 14.2252
 20422.7 4256.01 838.022 288.57 35.0432
 95376.3 1909.62 271.682 53.495 20.6578
 2264.35 24457.2 366.266 52.1088 14.2226
 109974 435.183 3553.39 53.2148 9.63728
 41193 59539.1 182.404 1489.38 26.344
 16841.5 19075.2 21008.6 64.362 534.83
 77026.7 3652.61 3081.12 3393.42 96.7846
 105659 26798.5 966.069 814.917 923.116
 2083.94 26324.6 5059.22 182.381 328.118
 36975.5 564.469 5476.75 1052.56 106.208
 20956.9 15337.7 181.615 1762.12 372.827
 4668.61 8781.97 4970.49 58.856 691.871
 34606.3 1679.66 2432.26 1376.63 207.922
 30196.3 8156.97 304.755 441.305 287.498
 1771.6 11850.6 2496.96 93.2898 223.097
 1701.54 1400 7305.35 1539.27 195.038
 34349.1 617.154 385.694 2012.59 477.792
F
 0.140349 0.17607 0.17607 0.17607 0.17607
 0.37574 0.47137 0.47137 0.47137 0.47137
 0.381488 0.478581 0.478581 0.478581 0.478581
 0.889386 1.11574 1.11574 1.11574 1.11574
 1.56515 1.9635 1.9635 1.9635 1.9635
 0.356892 0.447725 0.447725 0.447725 0.447725
 1.14749 1.43953 1.43953 1.43953 1.43953
 0.711914 0.893105 0.893105 0.893105 0.893105
 0.501569 0.629224 0.629224 0.629224 0.629224
 0.956797 1.20031 1.20031 1.20031 1.20031
 0.197566 0.247849 0.247849 0.247849 0.247849
 0.550923 0.69114 0.69114 0.69114 0.69114
 0.554364 0.695456 0.695456 0.695456 0.695456
 1.02701 1.2884 1.2884 1.2884 1.2884
 0.923495 1.15854 1.15854 1.15854 1.15854
 0.405107 0.508211 0.508211 0.508211 0.508211
 0.340377 0.427007 0.427007 0.427007 0.427007
 0.191485 0.24022 0.24022 0.24022 0.24022
 0.291476 0.36566 0.36566 0.36566 0.36566
 0.430915 0.540588 0.540588 0.540588 0.540588
 0.305969 0.383842 0.383842 0.383842 0.383842
 0.326076 0.409066 0.409066 0.409066 0.409066
 0.241714 0.303233 0.303233 0.303233 0.303233
 0.179462 0.225138 0.225138 0.225138 0.225138
 0.198469 0.248982 0.248982 0.248982 0.248982
 0.227533 0.285443 0.285443 0.285443 0.285443
 0.227934 0.285947 0.285947 0.285947 0.285947
 0.143421 0.179923 0.179923 0.179923 0.179923
 0.142823 0.179173 0.179173 0.179173 0.179173
 0.311264 0.390485 0.390485 0.390485 0.390485
 0.351163 0.440539 0.440539 0.440539 0.440539
YTP_r0W_actual
 285098 8701.87 10645.2 68830.5 17821.6
YTP_p0W_proyectada
 414359 313881 6281.91 4985.06 37057.7
 414359 167191 62389.4 1074.14 877.351
CTP_r0_actual
 34349.1 617.154 385.694 2012.59 477.792
CTP_p0_proyectada
 55321.6 20030.7 271.591 169.733 1095.41
 55321.6 10669.5 2697.34 36.5726 25.9341
Wmedp
 7.49 15.67 23.13 29.37 33.83
Frms_r0
 0.351163 0.440539 0.440539 0.440539 0.440539
Zrms_r0
 1.35116 1.44054 1.44054 1.44054 1.44054
nmprior
 8.19 8.8 8.5 0
nm_flota  nm_reclas  nm_pelaces    nm_pelaL
inf 8.09048 5.75226 9.72276
cv_recla  cv_pelaces  cv_mph
0.530986 0.783228 1.37898
 ------------------------------------------------
Talla a la edad & desviaci?n 
 8 13.2811 15.8009 17.003 17.5766
 0.8 1.32811 1.58009 1.7003 1.75766
