    unsorted:	 2.363926916e-06 2.280298514e-06 -1.068086167e-06 5.988317353e-05 5.363673547e-05 8.610399701e-05 0.001099993193 13.52200335 65.56622149 170.1023517 154.9031375 238.5091025 285.1052293 363.1525427 677.9131978 538.6693875 807.3553913 854.7153633 908.8458703 935.8259455 1070.608562 1196.012576 1222.755482 1299.960580 1516.872072 1556.222510 2044.246787 2066.154865 1945.432655 2215.322329 2420.787723 2466.875982 2528.275035 2620.472226 2642.119377 2858.541041 3207.890229 3281.759456 3348.996764 3881.890087 4015.254489 4309.641807 5597.935074 9027.596345 38212.92409 158334.7814 412568.7156 407589.7404 400976.8905 397260.3217 380711.3094 363786.2824 449484.2501 457190.4614 467323.7533 466717.1055 332123.7894 539954.2927 589572.7487 572174.1986 623538.2773 670029.8053 838004.0553 891400.2495 1024875.847 1082894.416 1317729.271 1367626.184 1540278.556 1672599.001 2272019.963 2353192.343 2536819.368 2692626.933 2986447.476 3101255.295 3631046.562
      sorted:	 -1.068086167e-06 2.280298514e-06 2.363926916e-06 5.363673547e-05 5.988317353e-05 8.610399701e-05 0.001099993193 13.52200335 65.56622149 154.9031375 170.1023517 238.5091025 285.1052293 363.1525427 538.6693875 677.9131978 807.3553913 854.7153633 908.8458703 935.8259455 1070.608562 1196.012576 1222.755482 1299.960580 1516.872072 1556.222510 1945.432655 2044.246787 2066.154865 2215.322329 2420.787723 2466.875982 2528.275035 2620.472226 2642.119377 2858.541041 3207.890229 3281.759456 3348.996764 3881.890087 4015.254489 4309.641807 5597.935074 9027.596345 38212.92409 158334.7814 332123.7894 363786.2824 380711.3094 397260.3217 400976.8905 407589.7404 412568.7156 449484.2501 457190.4614 466717.1055 467323.7533 539954.2927 572174.1986 589572.7487 623538.2773 670029.8053 838004.0553 891400.2495 1024875.847 1082894.416 1317729.271 1367626.184 1540278.556 1672599.001 2272019.963 2353192.343 2536819.368 2692626.933 2986447.476 3101255.295 3631046.562
