years
 1991 1992 1993 1994 1995 1996 1997 1998 1999 2000 2001 2002 2003 2004 2005 2006 2007 2008 2009 2010 2011 2012 2013 2014 2015 2016 2017 2018 2019 2020 2021
reclasobs
 0 0 0 0 0 0 0 0 0 252601 567819 844713 477998 351125 339783 2.1784e+06 2.13404e+06 4.81314e+06 1.55562e+06 2.62356e+06 3.21686e+06 3.843e+06 1.13348e+06 3.07943e+06 1.97215e+06 2.03268e+06 2.025e+06 2.42433e+06 2.27542e+06 1.05018e+06 2.36338e+06
reclaspred
 3.65589e+06 2.23921e+06 1.15085e+06 1.05737e+06 1.19558e+06 1.55867e+06 1.20862e+06 1.1541e+06 868094 669896 549105 641683 642520 548034 635192 1.1849e+06 1.72121e+06 2.60028e+06 2.46477e+06 1.9057e+06 3.23043e+06 2.59613e+06 2.48729e+06 3.09699e+06 2.75506e+06 2.60226e+06 2.58788e+06 2.47093e+06 2.70305e+06 1.82442e+06 2.51013e+06
pelacesobs
 0 0 0 0 0 0 0 0 0 0 0 0 0 0 0 552880 188675 0 991730 2.46772e+06 1.41603e+06 1.21717e+06 2.29649e+06 1.80582e+06 0 1.4828e+06 1.56532e+06 1.57751e+06 1.42118e+06 867257 1.10002e+06
pelacespred
 1.67575e+06 1.14114e+06 610742 458620 537797 701502 540196 585323 459873 330284 293959 269435 290513 264676 325286 507527 722726 1.17671e+06 1.2175e+06 905916 1.34538e+06 1.28631e+06 1.17756e+06 1.56861e+06 1.4303e+06 1.28685e+06 1.43941e+06 1.41591e+06 1.25123e+06 950835 1.29928e+06
mphobs
 0 0 0 0 0 0 0 0 0 0 0 498337 0 5186 125008 0 168611 109162 213762 579715 649985 157893 87575 83554 0 0 0 0 0 0 0
mphpred
 3.32434e+06 2.4358e+06 1.27201e+06 752667 912277 1.0229e+06 1.23877e+06 843206 842653 620425 422882 502220 476906 441891 361487 573284 1.28598e+06 1.44337e+06 2.12099e+06 1.73669e+06 1.85339e+06 2.31515e+06 2.11397e+06 1.89542e+06 2.58111e+06 2.1466e+06 1.88094e+06 1.91114e+06 2.43339e+06 1.74931e+06 1.28352e+06
desembarqueobs
 494567 514787 250237 358949 120608 361735 552515 73892 212993 205616 52469 317467 293654 387597 252695 516296 358380 742168 942051 627588 828172 859565 418607 520667 417249 300574 415391 372974 316634 284311 391294
desembarquepred
 494740 512882 251575 359028 120584 361630 552429 73885.5 213005 205772 52457.6 317575 293712 387652 252622 516291 358413 742012 942040 627519 828171 859628 418551 520732 417328 300562 415311 372926 316611 284306 391424
Reclutas
 231740 107973 136756 248759 191075 284842 131255 86587.7 63477.2 78646.7 123000 143494 149788 111943 144704 514396 177142 700076 521249 353307 557410 675660 197353 474440 401253 213138 403840 414194 153028 139401 554311
log_desv_Rt
 0.0310514 -0.732687 -0.496367 0.101918 -0.161899 0.237372 -0.537422 -0.953407 -1.26388 -1.0496 -0.602383 -0.448272 -0.405346 -0.696571 -0.439878 0.828428 -0.237614 1.13662 0.841663 0.452774 0.908737 1.10112 -0.129572 0.747571 0.580027 -0.052625 0.586455 0.611771 -0.383943 -0.477207 0.903161
SSB
 3.32434e+06 2.4358e+06 1.27201e+06 752667 912277 1.0229e+06 1.23877e+06 843206 842653 620425 422882 502220 476906 441891 361487 573284 1.28598e+06 1.44337e+06 2.12099e+06 1.73669e+06 1.85339e+06 2.31515e+06 2.11397e+06 1.89542e+06 2.58111e+06 2.1466e+06 1.88094e+06 1.91114e+06 2.43339e+06 1.74931e+06 1.28352e+06
BT
 4.53836e+06 3.27191e+06 1.76157e+06 1.7005e+06 1.56484e+06 2.4965e+06 1.89654e+06 1.80451e+06 1.48315e+06 1.11629e+06 934041 1.0789e+06 1.1831e+06 1.28003e+06 1.41975e+06 2.2612e+06 2.28364e+06 4.63851e+06 4.56366e+06 3.09496e+06 4.99199e+06 4.54416e+06 3.55135e+06 5.69778e+06 4.22293e+06 3.84257e+06 5.04826e+06 4.8628e+06 3.36603e+06 2.78502e+06 4.9791e+06
Ftot
 0.128481 0.215667 0.206102 0.317863 0.0960667 0.219007 0.422082 0.0611513 0.231098 0.287751 0.0910882 0.457021 0.423931 0.64331 0.37213 0.406912 0.196704 0.268636 0.356341 0.308155 0.241546 0.310006 0.159405 0.159564 0.14372 0.109885 0.152334 0.143384 0.111361 0.147758 0.148235
BD_Bspro_t
 0.979653 0.862066 0.724148 0.655299 0.683068 0.746417 0.72229 0.596984 0.68074 0.652495 0.626601 0.736732 0.610793 0.54253 0.475573 0.577438 0.670214 0.682179 0.709797 0.637442 0.610062 0.656792 0.667931 0.681453 0.765983 0.774769 0.788503 0.806026 0.83184 0.785661 0.755912
BD_Bspro
 2.07019 1.51686 0.792128 0.468713 0.568108 0.636996 0.771429 0.525095 0.524751 0.386362 0.263344 0.312751 0.296987 0.275181 0.225111 0.357005 0.800824 0.89884 1.32082 1.0815 1.15417 1.44173 1.31645 1.18034 1.60735 1.33677 1.17133 1.19014 1.51536 1.08936 0.799294
BD_Bo
 1.53715 1.12629 0.588166 0.348026 0.421828 0.472979 0.572797 0.389891 0.389635 0.286879 0.195537 0.232222 0.220517 0.204326 0.167148 0.265081 0.594623 0.667402 0.980727 0.803031 0.85699 1.0705 0.97748 0.876423 1.19348 0.992567 0.86973 0.883694 1.12518 0.808867 0.593487
BD_Brms
 6.52515 4.78107 2.49675 1.47736 1.79065 2.00778 2.43151 1.65508 1.65399 1.2178 0.830049 0.985777 0.936089 0.86736 0.709541 1.12526 2.52416 2.83311 4.16316 3.40885 3.6379 4.54426 4.14938 3.7204 5.06631 4.21343 3.69199 3.75126 4.77636 3.43362 2.51934
Sel_flota
 0.5 1 1 1 1
 0.5 1 1 1 1
 0.5 1 1 1 1
 0.5 1 1 1 1
 0.5 1 1 1 1
 0.5 1 1 1 1
 0.5 1 1 1 1
 0.5 1 1 1 1
 0.5 1 1 1 1
 0.5 1 1 1 1
 0.5 1 1 1 1
 0.5 1 1 1 1
 0.5 1 1 1 1
 0.5 1 1 1 1
 0.5 1 1 1 1
 0.5 1 1 1 1
 0.5 1 1 1 1
 0.5 1 1 1 1
 0.5 1 1 1 1
 0.5 1 1 1 1
 0.5 1 1 1 1
 0.5 1 1 1 1
 0.5 1 1 1 1
 0.5 1 1 1 1
 0.5 1 1 1 1
 0.5 1 1 1 1
 0.5 1 1 1 1
 0.5 1 1 1 1
 0.5 1 1 1 1
 0.5 1 1 1 1
 0.5 1 1 1 1
Sel_reclas
 0.5 1 1 1 1
 0.5 1 1 1 1
 0.5 1 1 1 1
 0.5 1 1 1 1
 0.5 1 1 1 1
 0.5 1 1 1 1
 0.5 1 1 1 1
 0.5 1 1 1 1
 0.5 1 1 1 1
 0.5 1 1 1 1
 0.5 1 1 1 1
 0.5 1 1 1 1
 0.5 1 1 1 1
 0.5 1 1 1 1
 0.5 1 1 1 1
 0.5 1 1 1 1
 0.5 1 1 1 1
 0.5 1 1 1 1
 0.5 1 1 1 1
 0.5 1 1 1 1
 0.5 1 1 1 1
 0.5 1 1 1 1
 0.5 1 1 1 1
 0.5 1 1 1 1
 0.5 1 1 1 1
 0.5 1 1 1 1
 0.5 1 1 1 1
 0.5 1 1 1 1
 0.5 1 1 1 1
 0.5 1 1 1 1
 0.5 1 1 1 1
Sel_pelaces
 0.5 1 1 1 1
 0.5 1 1 1 1
 0.5 1 1 1 1
 0.5 1 1 1 1
 0.5 1 1 1 1
 0.5 1 1 1 1
 0.5 1 1 1 1
 0.5 1 1 1 1
 0.5 1 1 1 1
 0.5 1 1 1 1
 0.5 1 1 1 1
 0.5 1 1 1 1
 0.5 1 1 1 1
 0.5 1 1 1 1
 0.5 1 1 1 1
 0.5 1 1 1 1
 0.5 1 1 1 1
 0.5 1 1 1 1
 0.5 1 1 1 1
 0.5 1 1 1 1
 0.5 1 1 1 1
 0.5 1 1 1 1
 0.5 1 1 1 1
 0.5 1 1 1 1
 0.5 1 1 1 1
 0.5 1 1 1 1
 0.5 1 1 1 1
 0.5 1 1 1 1
 0.5 1 1 1 1
 0.5 1 1 1 1
 0.5 1 1 1 1
pf_obs 
 0.8446 0.082 0.0669 0.0065 0
 0.8095 0.147 0.0364 0.0071 0
 0.9664 0.0169 0.016 0.0007 0
 0.9276 0.0648 0.0075 0.0001 0
 0.7033 0.2144 0.0806 0.0017 0
 0.9318 0.0425 0.0243 0.0014 0
 0.5671 0.3108 0.0964 0.0239 0.0018
 0.0768 0.2599 0.5324 0.112 0.0189
 0.490249 0.384438 0.106611 0.0170017 0.00170017
 0.7925 0.1577 0.0466 0.003 0.0002
 0.840416 0.127587 0.0312969 0.00059994 9.999e-05
 0.8084 0.0986 0.0794 0.0134 0.0002
 0.7335 0.1905 0.0724 0.0035 0.0001
 0.4001 0.4547 0.1325 0.0127 0
 0.49795 0.308269 0.164784 0.0264974 0.00249975
 0.9179 0.0499 0.0305 0.0017 0
 0.2467 0.6533 0.0926 0.0074 0
 0.9418 0.0223 0.034 0.0019 0
 0.707729 0.231977 0.0356964 0.0245975 0
 0.517169 0.277429 0.184464 0.0207286 0.00020938
 0.811772 0.124168 0.05621 0.00726502 0.000585176
 0.764997 0.148141 0.077277 0.00933861 0.000247198
 0.163321 0.427699 0.378323 0.0303852 0.000271297
 0.753843 0.0900009 0.118128 0.0371064 0.000921714
 0.721811 0.176058 0.0630433 0.0369309 0.00215725
 0.143369 0.312575 0.442814 0.0836902 0.0175525
 0.692698 0.0596174 0.167031 0.0765114 0.00414204
 0.394062 0.376323 0.152708 0.0712218 0.00568511
 0.125707 0.32114 0.495352 0.0537591 0.00404204
 0.23352 0.215282 0.420074 0.123614 0.00750983
 0.774587 0.0839891 0.0768558 0.0609784 0.00358967
pf_pred 
 0.306522 0.425099 0.235199 2.37398e-05 0.0331551
 0.252429 0.357834 0.238908 0.132183 0.0186467
 0.455629 0.227887 0.151489 0.101142 0.0638539
 0.651526 0.223108 0.0524811 0.0348871 0.0379976
 0.501045 0.401386 0.0624681 0.0146942 0.020407
 0.599586 0.269811 0.105064 0.0163513 0.00918788
 0.366415 0.482602 0.101736 0.0396162 0.00962994
 0.389095 0.346972 0.201038 0.0423804 0.0205145
 0.378029 0.351177 0.153801 0.0891133 0.0278792
 0.531105 0.265221 0.114998 0.0503644 0.0383109
 0.640309 0.25601 0.0586451 0.0254282 0.0196077
 0.587635 0.323815 0.0630253 0.0144375 0.0110871
 0.597534 0.30833 0.0739215 0.0143876 0.00582683
 0.522659 0.368282 0.0835502 0.020031 0.00547764
 0.654994 0.251063 0.0724797 0.0164431 0.00502023
 0.836177 0.13261 0.0227143 0.00655744 0.00194185
 0.354615 0.593949 0.0416361 0.00713173 0.00266856
 0.770964 0.123245 0.0973594 0.00682493 0.00160645
 0.522112 0.420277 0.0310006 0.0244894 0.0021208
 0.453491 0.387309 0.140007 0.0103273 0.00886469
 0.628977 0.239471 0.0932305 0.0337017 0.00461976
 0.608133 0.307479 0.0544669 0.021205 0.00871607
 0.270186 0.564187 0.129959 0.023021 0.0126464
 0.615016 0.168233 0.16756 0.0385972 0.010593
 0.496816 0.387494 0.0505555 0.0503532 0.0147821
 0.348192 0.438818 0.16402 0.0213993 0.0275707
 0.595539 0.212181 0.129449 0.048385 0.0144459
 0.539061 0.347976 0.0592605 0.0361542 0.0175482
 0.281361 0.509739 0.157705 0.0268572 0.0243382
 0.376334 0.278932 0.244523 0.0756514 0.0245586
 0.769842 0.128349 0.0455339 0.0399168 0.0163586
pobs_RECLAS
 0 0 0 0 0
 0 0 0 0 0
 0 0 0 0 0
 0 0 0 0 0
 0 0 0 0 0
 0 0 0 0 0
 0 0 0 0 0
 0 0 0 0 0
 0 0 0 0 0
 0 0 0 0 0
 0.991045 0.00858322 0.000360255 1.14367e-05 0
 0.934742 0.0480273 0.0164251 0.00080598 0
 0.827803 0.169806 0.00239088 0 0
 0.941827 0.0461693 0.0120037 0 0
 0.791401 0.0380133 0.147996 0.0225897 0
 0.846168 0.0940531 0.0597789 0 0
 0.134021 0.677848 0.182769 0.00536245 0
 0.80878 0.0450904 0.141981 0.00414843 0
 0.846168 0.0940531 0.0597789 0 0
 0.905697 0.0802665 0.012482 0.00150086 5.37128e-05
 0.989698 0.0102097 9.19794e-05 0 0
 0.975433 0.0193895 0.00387452 0.00125025 5.28907e-05
 0.303575 0.632131 0.0575291 0.00676475 0
 0.966965 0.00978017 0.0227588 0.000495775 0
 0.843318 0.132988 0.00938335 0.0141283 0.000182051
 0.564624 0.303363 0.111486 0.0197234 0.00080311
 0.826376 0.0876187 0.0782897 0.00655872 0.00115652
 0.89761 0.0855135 0.0140674 0.00269457 0.000114338
 0.34875 0.467042 0.161289 0.0227151 0.000203297
 0.318654 0.224769 0.449479 0.00709798 0
 0.937255 0.0296025 0.0250945 0.00804832 0
ppred_RECLAS
 0.307747 0.424349 0.234784 2.36979e-05 0.0330966
 0.25436 0.356909 0.238291 0.131842 0.0185985
 0.458036 0.226879 0.150819 0.100694 0.0635715
 0.655148 0.220789 0.0519355 0.0345244 0.0376026
 0.502098 0.400539 0.0623363 0.0146632 0.0203639
 0.602078 0.268132 0.104411 0.0162495 0.00913069
 0.371656 0.47861 0.100895 0.0392885 0.00955028
 0.389717 0.346619 0.200833 0.0423372 0.0204936
 0.38063 0.349709 0.153158 0.0887407 0.0277626
 0.534647 0.263218 0.11413 0.049984 0.0380216
 0.641226 0.255358 0.0584958 0.0253634 0.0195578
 0.593638 0.319101 0.0621078 0.0142273 0.0109257
 0.602964 0.30417 0.0729242 0.0141935 0.00574822
 0.532215 0.360909 0.0818776 0.01963 0.00536799
 0.659345 0.247897 0.0715658 0.0162357 0.00495693
 0.839104 0.130241 0.0223085 0.00644029 0.00190715
 0.356724 0.592008 0.0415 0.00710842 0.00265984
 0.773275 0.122002 0.096377 0.00675607 0.00159024
 0.526683 0.416257 0.0307041 0.0242552 0.00210051
 0.457316 0.384599 0.139028 0.010255 0.00880266
 0.631684 0.237724 0.0925502 0.0334557 0.00458605
 0.611827 0.30458 0.0539534 0.021005 0.0086339
 0.271625 0.563075 0.129703 0.0229756 0.0126215
 0.616741 0.167479 0.166809 0.0384242 0.0105456
 0.498441 0.386242 0.0503922 0.0501906 0.0147343
 0.349297 0.438075 0.163742 0.0213631 0.027524
 0.597207 0.211306 0.128915 0.0481854 0.0143863
 0.540672 0.34676 0.0590534 0.0360278 0.0174869
 0.282359 0.509031 0.157486 0.0268199 0.0243044
 0.377908 0.278228 0.243906 0.0754605 0.0244966
 0.771031 0.127686 0.0452985 0.0397105 0.0162741
pobs_PELACES
 0 0 0 0 0
 0 0 0 0 0
 0 0 0 0 0
 0 0 0 0 0
 0 0 0 0 0
 0 0 0 0 0
 0 0 0 0 0
 0 0 0 0 0
 0 0 0 0 0
 0 0 0 0 0
 0 0 0 0 0
 0 0 0 0 0
 0 0 0 0 0
 0 0 0 0 0
 0 0 0 0 0
 0 0 0 0 0
 0.505614 0.472636 0.0217494 0 0
 0 0 0 0 0
 0.443492 0.261883 0.143347 0.151278 0
 0.227955 0.32914 0.350689 0.0885471 0.00366901
 0.970185 0.0296113 0.000203453 0 0
 0.997202 0.00247181 0.000326279 0 0
 0.445219 0.490057 0.0546422 0.010081 0
 0.90214 0.0892962 0.00764917 0.000914606 0
 0 0 0 0 0
 0.581667 0.319106 0.0959925 0.00289975 0.000334073
 0.762889 0.0836404 0.116647 0.0363945 0.000428098
 0.88444 0.0763242 0.0277011 0.0115352 0
 0.521256 0.241999 0.230069 0.00667565 0
 0.616807 0.101726 0.260614 0.0208532 0
 0.833518 0.0704572 0.0857862 0.0102388 0
ppred_PELACES
 0.312282 0.421569 0.233246 2.35427e-05 0.0328798
 0.261168 0.35365 0.236115 0.130638 0.0184287
 0.466489 0.22334 0.148467 0.0991239 0.06258
 0.6669 0.213265 0.0501658 0.033348 0.0363213
 0.50606 0.397351 0.0618402 0.0145465 0.0202019
 0.610702 0.26232 0.102148 0.0158973 0.00893279
 0.38806 0.466115 0.0982609 0.0382628 0.00930096
 0.39212 0.345254 0.200043 0.0421706 0.0204129
 0.389659 0.344611 0.150925 0.087447 0.0273579
 0.546438 0.256548 0.111238 0.0487175 0.0370582
 0.644676 0.252902 0.0579333 0.0251195 0.0193697
 0.611693 0.304923 0.0593483 0.0135952 0.0104402
 0.619583 0.291438 0.0698718 0.0135994 0.00550761
 0.558527 0.340609 0.0772722 0.0185259 0.00506605
 0.672998 0.237961 0.0686974 0.015585 0.00475825
 0.847963 0.123069 0.0210801 0.00608566 0.00180214
 0.364206 0.585122 0.0410173 0.00702574 0.0026289
 0.780952 0.117871 0.0931137 0.00652731 0.0015364
 0.541313 0.403391 0.029755 0.0235054 0.00203559
 0.469959 0.375639 0.135789 0.0100161 0.00859757
 0.640907 0.231771 0.0902326 0.032618 0.00447121
 0.623904 0.295104 0.0522749 0.0203516 0.00836529
 0.27686 0.559028 0.128771 0.0228105 0.0125308
 0.622945 0.164768 0.164109 0.0378022 0.0103749
 0.504369 0.381677 0.0497966 0.0495973 0.0145601
 0.353429 0.435293 0.162702 0.0212274 0.0273492
 0.603239 0.208142 0.126985 0.0474639 0.0141709
 0.546542 0.342328 0.0582988 0.0355675 0.0172634
 0.286097 0.506379 0.156665 0.0266802 0.0241778
 0.383657 0.275657 0.241652 0.0747632 0.0242703
 0.775321 0.125294 0.0444499 0.0389666 0.0159692
pobs_pel_tallas
 0 0 0 0 0 0 0 0 0 0 0 0 0 0 0 0 0 0 0 0 0 0 0 0 0 0
 0 0 0 0 0 0 0 0 0 0 0 0 0 0 0 0 0 0 0 0 0 0 0 0 0 0
 0 0 0 0 0 0 0 0 0 0 0 0 0 0 0 0 0 0 0 0 0 0 0 0 0 0
 0 0 0 0 0 0 0 0 0 0 0 0 0 0 0 0 0 0 0 0 0 0 0 0 0 0
 0 0 0 0 0 0 0 0 0 0 0 0 0 0 0 0 0 0 0 0 0 0 0 0 0 0
 0 0 0 0 0 0 0 0 0 0 0 0 0 0 0 0 0 0 0 0 0 0 0 0 0 0
 0 0 0 0 0 0 0 0 0 0 0 0 0 0 0 0 0 0 0 0 0 0 0 0 0 0
 0 0 0 0 0 0 0 0 0 0 0 0 0 0 0 0 0 0 0 0 0 0 0 0 0 0
 0 0 0 0 0 0 0 0 0 0 0 0 0 0 0 0 0 0 0 0 0 0 0 0 0 0
 0 0 0 0 0 0 0 0 0 0 0 0 0 0 0 0 0 0 0 0 0 0 0 0 0 0
 0 0 0 0 0 0 0 0 0 0 0 0 0 0 0 0 0 0 0 0 0 0 0 0 0 0
 0 0 0 0 0 0 0 0 0 0 0 0 0 0 0 0 0 0 0 0 0 0 0 0 0 0
 0.00862536 0 0 0.000197151 0.00414017 0.0128641 0.00837892 0.0270097 0.101434 0.158115 0.152841 0.127902 0.109271 0.109419 0.0830992 0.0579132 0.0238553 0.00714673 0.00463305 0.00128148 0.00103504 0.000492878 0.000147863 0.000147863 4.92878e-05 0
 0 0 0 0 0 0 0 0 0 0 0 0 0 0 0 0 0 0 0 0 0 0 0 0 0 0
 0 0 0 0 0 0 0 0.0054083 0.00873648 0.0413646 0.0450493 0.0745869 0.0622846 0.0627006 0.0613931 0.0827291 0.12552 0.122667 0.0946155 0.0697135 0.0546179 0.0294188 0.0215738 0.0213955 0.0102223 0.00600262
 0 0 0 0 0.00359764 0.0251062 0.0480494 0.140153 0.205849 0.193036 0.1447 0.116669 0.0760912 0.0342217 0.00950174 0.001854 0.000860785 0 0 0 0.000165536 0 0.000143464 0 0 0
 0 0 0 0 0 0 0 0.000145254 0.000435761 0.0275982 0.070085 0.0708112 0.156366 0.174668 0.174014 0.160142 0.0824315 0.0480064 0.0283245 0.00493863 0.00203355 0 0 0 0 0
 0 0 0 0 0 0 0 0 0 0 0 0 0 0 0 0 0 0 0 0 0 0 0 0 0 0
 0 0 1.00437e-05 0.000401748 0.00122533 0.00171747 0.00176769 0.0269171 0.070346 0.194647 0.189555 0.159765 0.064822 0.0314167 0.0384472 0.0292271 0.0345202 0.0313363 0.0194345 0.0106764 0.0143323 0.0359363 0.0279516 0.0138201 0.00172751 0
 0 0.0021121 0.0136068 0.0755702 0.200478 0.177729 0.0527432 0.0373336 0.0318909 0.0142505 0.0149659 0.0166563 0.0217959 0.0798694 0.0677717 0.0528807 0.04013 0.0224614 0.0357745 0.0225083 0.00881397 0.00855152 0.00135912 0.000746735 0 0
 0 0 0 0 5.4009e-05 0.00500934 0.000945158 0.0243581 0.138947 0.33067 0.221406 0.137944 0.0707744 0.0437923 0.0131692 0.00525238 0.0047753 0.00276346 9.45158e-05 9.00151e-06 2.25038e-05 9.00151e-06 4.50075e-06 0 0 0
 0.000866109 0.00284123 0.00948549 0.0512746 0.133035 0.25785 0.225252 0.132002 0.0553304 0.0519788 0.0540692 0.017754 0.00435017 0.00159236 0.00146478 0.000404838 0.000125132 0.000115318 0.000107957 0.000100596 0 0 0 0 0 0
 0 0 0 0 0.00144013 0.00171154 0.00461396 0.0210425 0.0478622 0.0707936 0.0888783 0.103762 0.0637923 0.0337046 0.0602308 0.124433 0.169614 0.0934646 0.0462172 0.0250306 0.0313229 0.00938855 0.002487 0.000210481 0 0
 0 0.00764035 0.051015 0.0998891 0.058973 0.0496711 0.0374665 0.0718981 0.12319 0.153886 0.159021 0.0857701 0.0377988 0.023471 0.0147837 0.00900784 0.00315554 0.000888139 0.00291439 0.00214683 0.00393193 0.00274676 0.000635225 9.99891e-05 0 0
 0 0 0 0 0 0 0 0 0 0 0 0 0 0 0 0 0 0 0 0 0 0 0 0 0 0
 0 0 0 0 0 0 0 0 0 0 0 0 0 0 0 0 0 0 0 0 0 0 0 0 0 0
 0 0 0 0 0 0 0 0 0 0 0 0 0 0 0 0 0 0 0 0 0 0 0 0 0 0
 0 0 0 0 0 0 0 0 0 0 0 0 0 0 0 0 0 0 0 0 0 0 0 0 0 0
 0 0 0 0 0 0 0 0 0 0 0 0 0 0 0 0 0 0 0 0 0 0 0 0 0 0
 0 0 0 0 0 0 0 0 0 0 0 0 0 0 0 0 0 0 0 0 0 0 0 0 0 0
 0 0 0 0 0 0 0 0 0 0 0 0 0 0 0 0 0 0 0 0 0 0 0 0 0 0
ppred_pel_tallas
 1.12406e-16 2.57223e-05 0.00025003 0.00166154 0.00755314 0.0235008 0.0500725 0.0730909 0.0731318 0.0502725 0.0241731 0.00949824 0.00655688 0.0109792 0.0205268 0.0342182 0.0500431 0.0644965 0.0739596 0.0766768 0.0736405 0.0675983 0.0610756 0.055067 0.0491925 0.0427387
 1.23124e-16 2.15122e-05 0.000209106 0.00138958 0.00631687 0.0196543 0.0418768 0.0611277 0.0611621 0.0420452 0.0202205 0.00795665 0.0055223 0.00928652 0.0174264 0.0292129 0.0431192 0.0564407 0.0664291 0.07187 0.073692 0.0739888 0.0742787 0.0744677 0.0732048 0.0690806
 1.24873e-16 3.84242e-05 0.000373496 0.00248202 0.0112829 0.0351054 0.0747966 0.109172 0.109194 0.074903 0.0354633 0.0123197 0.00509603 0.00611886 0.0110665 0.0185467 0.027465 0.0361683 0.0430347 0.0474483 0.0501512 0.0525636 0.055604 0.0589683 0.0613506 0.0612865
 1.10994e-16 5.49317e-05 0.000533955 0.00354832 0.0161302 0.0501871 0.10693 0.156071 0.156092 0.10703 0.0505253 0.0171078 0.00600481 0.00590523 0.0102826 0.0169851 0.0246419 0.0313888 0.0353879 0.0358615 0.0335745 0.0302967 0.0276674 0.0263418 0.0259276 0.0255237
 1.06764e-16 4.16836e-05 0.000405179 0.00269256 0.01224 0.0380834 0.0811422 0.118437 0.118476 0.0813294 0.038712 0.0140558 0.00725116 0.0103589 0.0189527 0.031286 0.045112 0.0568356 0.0628218 0.0614106 0.0539055 0.0436723 0.0340976 0.0269957 0.0223846 0.0193
 1.06121e-16 5.03028e-05 0.000488961 0.00324932 0.014771 0.0459581 0.0979194 0.142922 0.142947 0.0980435 0.046375 0.0159767 0.00628097 0.0071238 0.0127001 0.0210446 0.0306102 0.0391197 0.0442665 0.0449623 0.0419228 0.0370539 0.0321709 0.0280917 0.0246478 0.0213038
 1.08366e-16 3.19641e-05 0.000310702 0.00206473 0.00938598 0.0292035 0.0622228 0.0908255 0.0908705 0.0624427 0.0299418 0.0115193 0.00742257 0.0120169 0.0222937 0.0368838 0.0533162 0.067446 0.0750635 0.0742352 0.0664288 0.0554382 0.0450129 0.0370579 0.0314601 0.0271047
 1.13545e-16 3.22985e-05 0.000313953 0.00208633 0.00948416 0.0295089 0.0628731 0.0917722 0.0918057 0.063037 0.0300601 0.0110792 0.00610226 0.00912091 0.0168764 0.0281587 0.0412867 0.0534461 0.0617532 0.0648453 0.0635668 0.0601133 0.0563862 0.0529351 0.0491492 0.0442069
 1.17843e-16 3.20958e-05 0.000311982 0.00207323 0.00942465 0.0293237 0.0624786 0.0911963 0.0912297 0.0626419 0.0298727 0.0110126 0.00606892 0.00906684 0.0167552 0.0279048 0.040806 0.0526288 0.0605199 0.0632271 0.0617995 0.05869 0.0560019 0.054297 0.0527072 0.0499294
 1.14433e-16 4.50094e-05 0.000437508 0.00290739 0.0132166 0.0411219 0.0876155 0.127883 0.127907 0.0877371 0.0415305 0.0143985 0.005881 0.00695217 0.0124868 0.0207566 0.0303374 0.0390998 0.0449138 0.0468507 0.0457088 0.0433492 0.0413863 0.040284 0.0394144 0.0377789
 1.07534e-16 5.31011e-05 0.000516162 0.00343008 0.0155927 0.0485147 0.103367 0.150872 0.150896 0.103486 0.0489155 0.016751 0.00633993 0.006876 0.0121544 0.020071 0.0290559 0.036861 0.041239 0.0411828 0.0375206 0.0323145 0.0275564 0.0241849 0.022001 0.0202493
 1.04921e-16 5.03844e-05 0.000489755 0.00325459 0.0147949 0.0460327 0.0980785 0.143155 0.143184 0.0982223 0.0465154 0.0161897 0.006757 0.00814014 0.0145935 0.0240822 0.0347717 0.0439074 0.0487126 0.0479075 0.0424561 0.0348722 0.0276703 0.0221751 0.0183836 0.0156036
 1.04387e-16 5.10343e-05 0.000496072 0.00329657 0.0149858 0.0466264 0.0993435 0.145001 0.145029 0.099481 0.0470882 0.0163203 0.00664858 0.00782096 0.0139841 0.0230947 0.0333967 0.0422752 0.0470887 0.0466064 0.0417083 0.0347229 0.0279653 0.0226353 0.0187195 0.015615
 1.05033e-16 4.60052e-05 0.000447187 0.00297172 0.013509 0.0420317 0.0895542 0.130714 0.130747 0.0897149 0.0425713 0.0150682 0.00688788 0.00900395 0.0163196 0.0269665 0.0389816 0.0493136 0.0548725 0.0542219 0.0484016 0.0401527 0.032203 0.0259702 0.0214393 0.0178905
 1.04412e-16 5.5434e-05 0.000538838 0.00358077 0.0162777 0.050646 0.107908 0.157499 0.157522 0.10802 0.0510235 0.0173688 0.00632229 0.00653286 0.0114664 0.01894 0.0274454 0.0348639 0.0390638 0.0390508 0.0355242 0.0303275 0.0252625 0.0212153 0.0181089 0.0154363
 1.01556e-16 6.98456e-05 0.000678924 0.00451169 0.0205095 0.0638127 0.13596 0.19844 0.198452 0.136018 0.0640075 0.0210721 0.00592419 0.0037635 0.00593123 0.00970345 0.0139914 0.017637 0.0195092 0.0190869 0.0167611 0.0135562 0.0105048 0.00816233 0.00654629 0.00538917
 1.02483e-16 2.99993e-05 0.000291604 0.00193781 0.00880905 0.0274085 0.0583988 0.0852466 0.0853029 0.058674 0.0283323 0.0114765 0.00862996 0.0148893 0.0277203 0.0456919 0.0656112 0.0820709 0.0895747 0.0855821 0.0720393 0.0541036 0.0371303 0.0242461 0.0158931 0.0109089
 1.03632e-16 6.4326e-05 0.000625272 0.00415515 0.0188887 0.0587699 0.125216 0.182759 0.18277 0.125272 0.0589588 0.0194358 0.00553401 0.00365417 0.00587177 0.00974848 0.0143689 0.0187581 0.0219412 0.0234256 0.0234148 0.022523 0.0212558 0.019716 0.0177241 0.0151497
 1.03664e-16 4.45873e-05 0.000433405 0.00288013 0.0130927 0.0407364 0.0867946 0.126687 0.126726 0.0869843 0.0413735 0.0149323 0.00749606 0.0105041 0.0191535 0.03155 0.0453439 0.0568157 0.0622121 0.0598217 0.0510138 0.0393382 0.0284295 0.0203311 0.0152018 0.0121031
 1.06475e-16 3.871e-05 0.000376275 0.00250048 0.0113668 0.0353667 0.0753538 0.109989 0.110025 0.0755314 0.0359633 0.0130919 0.00683661 0.00986223 0.0181131 0.0300364 0.0436194 0.0555876 0.0625938 0.0630423 0.0579515 0.0500947 0.0421732 0.0355029 0.0299932 0.0249901
 1.06692e-16 5.27907e-05 0.000513145 0.00341003 0.0155015 0.0482311 0.102762 0.149989 0.150012 0.102872 0.0485996 0.0165673 0.00609015 0.00637998 0.0112425 0.0186279 0.0271242 0.0347335 0.0394463 0.0403323 0.0380461 0.0342666 0.0305503 0.0275284 0.024934 0.0221874
 1.05041e-16 5.13902e-05 0.000499531 0.00331956 0.0150903 0.0469515 0.100036 0.146012 0.14604 0.100175 0.0474186 0.0164397 0.00670792 0.00790005 0.0141174 0.0232873 0.0336129 0.0424248 0.0470382 0.0462256 0.0409393 0.0336357 0.0267639 0.0216018 0.0181172 0.0155934
 1.08268e-16 2.28047e-05 0.00022167 0.00147308 0.00669643 0.0208354 0.0443939 0.0648055 0.0648595 0.0446576 0.021721 0.00925557 0.00790073 0.0142661 0.0267332 0.0442574 0.0639812 0.0809368 0.0900517 0.0889621 0.0793681 0.0657659 0.0526392 0.042332 0.0348448 0.0290183
 1.10325e-16 5.13112e-05 0.000498763 0.00331446 0.0150671 0.0468793 0.0998819 0.145784 0.1458 0.0999607 0.0471447 0.0158365 0.00525715 0.00477699 0.00828619 0.0139052 0.0207002 0.0274473 0.0329029 0.0364604 0.0383919 0.0394025 0.0399013 0.0396498 0.0380386 0.0346612
 1.08973e-16 4.15443e-05 0.000403826 0.00268356 0.0121991 0.0379562 0.080871 0.118041 0.118078 0.0810508 0.0385599 0.0139431 0.00706196 0.00996443 0.0182072 0.0300588 0.0433622 0.0546871 0.0605862 0.0595285 0.0528348 0.0437803 0.0355904 0.0298825 0.0264618 0.0241652
 1.11564e-16 2.91115e-05 0.000282975 0.00188047 0.00854836 0.0265973 0.05667 0.0827204 0.0827625 0.0568759 0.0272891 0.0105485 0.00690895 0.0112865 0.0210042 0.0348808 0.0507191 0.0647777 0.0732338 0.0742986 0.0691987 0.0611537 0.053233 0.0468237 0.041622 0.0366546
 1.10876e-16 4.9688e-05 0.000482985 0.00320961 0.0145904 0.0453963 0.0967224 0.141173 0.141194 0.0968213 0.045729 0.0155534 0.0056351 0.00580549 0.0102398 0.0170653 0.0250876 0.0326282 0.0380005 0.0404342 0.040464 0.0393866 0.0382495 0.0372196 0.0357336 0.0331284
 1.08259e-16 4.5018e-05 0.000437591 0.00290795 0.0132191 0.0411298 0.0876326 0.127909 0.127942 0.087794 0.0416717 0.0147847 0.00683922 0.00902467 0.016369 0.0270326 0.0390427 0.0493339 0.0548242 0.054132 0.048406 0.040522 0.0333057 0.0281641 0.0249268 0.0226033
 1.11418e-16 2.35656e-05 0.000229066 0.00152222 0.00691984 0.0215305 0.0458747 0.0669657 0.0670147 0.0461139 0.0223341 0.00924285 0.00736005 0.0129955 0.0243355 0.0403676 0.0585555 0.0744906 0.0836694 0.0839957 0.0769572 0.0664493 0.0562532 0.0481857 0.0420136 0.0365999
 1.18649e-16 3.16014e-05 0.000307177 0.0020413 0.00927946 0.028872 0.0615158 0.0897897 0.0898167 0.0616475 0.029315 0.0105635 0.00528114 0.00743549 0.0137339 0.0230874 0.0342733 0.0452505 0.0539266 0.0593246 0.0620132 0.0633508 0.0642094 0.0642977 0.0625511 0.058085
 1.07926e-16 6.38622e-05 0.000620763 0.00412519 0.0187525 0.0583461 0.124313 0.181441 0.181453 0.124372 0.0585454 0.019329 0.00557522 0.00379627 0.0061251 0.0101069 0.0147523 0.0189875 0.0217801 0.0227028 0.0221884 0.0211925 0.0205302 0.0204086 0.0204465 0.0200454
pSPR Fmed_Fpbrs
0.71815   0.285572 0.285572
Fs Fmed_Fpbrs
0.210492   1.005 1.005
SSBpbr Bo_Bmed_Bpbrs
2.16267e+06  1.44499e+06  509466 509466
Ro
224655
SPR SPRFo_SPRFmed_SPRFpbrs
1.60582e+06 1.15322e+06 458577
Fref
1.005
Nvult_r0
 364959 32522.5 11537.9 10114.6 4145.13
CTP_r0
 25183.2 4198.58 1489.51 1305.77 535.127
YTP_r0
391424
Np
 325595 189352 15108.3 5359.91 6189.13
Nvult_p0
 253126 163854 13073.8 4638.15 5355.7
CTP_p0
 84656.3 82131.3 6553.21 2324.86 2684.53
YTP_p0
 2.27364e+06
CBA_c0
956089
log_Ro
12.1423
likeval ReclasPelacesDesembMPH_pf_preclas_ppelaces_ptallas_desvR_qrecl_qpela
 23.1019 19.0006 0.218451 0.00331704 252.159 138.561 104.798 0 19.432 0 0 1.03411 0 0 0
q_reclas_q_pelaces
1 1
M
1
N
 231740 164987 91284.2 9.21375 12868
 107973 79947.9 53377.3 29532.7 4166.08
 136756 35660.5 23705.5 15827 9992.09
 248759 45383.4 10675.4 7096.53 7729.26
 191075 78065.8 12149.5 2857.88 3968.97
 284842 66995.9 26088.2 4060.14 2281.42
 131255 93919 19798.9 7709.69 1874.08
 86587.7 39099.2 22654.3 4775.71 2311.71
 63477.2 30894.6 13530.6 7839.69 2452.65
 78646.7 20803.7 9020.36 3950.54 3005.08
 123000 25055.4 5739.55 2488.63 1918.99
 143494 43234.5 8414.89 1927.63 1480.3
 149788 42004.7 10070.6 1960.07 793.807
 111943 44578.5 10113.3 2424.65 663.04
 144704 29854.6 8618.77 1955.3 596.97
 514396 44195.5 7570.12 2185.43 647.169
 177142 154398 10823.4 1853.91 693.699
 700076 59062.6 46657.5 3270.71 769.858
 521249 225173 16609.3 13120.8 1136.27
 353307 160462 58005 4278.58 3672.64
 557410 111415 43375.8 15679.8 2149.36
 675660 181731 32191.9 12532.9 5151.51
 197353 212871 49034.4 8685.96 4771.57
 474440 67040 66771.8 15380.7 4221.26
 401253 161153 21025.3 20941.2 6147.63
 213138 137377 51348.4 6699.32 8631.34
 403840 74217.3 45279.1 16924.3 5052.94
 414194 137669 23445.1 14303.6 6942.56
 153028 141832 43880.4 7472.87 6771.98
 139401 53247 46678.4 14441.5 4688.13
 554311 47630.8 16897.8 14813.3 6070.74
pred_Ctot
 9162.6 12707.1 7030.61 0.709633 991.077
 7038.67 9977.76 6661.66 3685.77 519.94
 8536.35 4269.53 2838.19 1894.92 1196.32
 23408.1 8015.89 1885.55 1253.43 1365.19
 5686.77 4555.66 709.002 166.776 231.616
 18843.3 8479.42 3301.89 513.877 288.75
 16059.5 21151.8 4458.96 1736.32 422.067
 1652.33 1473.45 853.727 179.973 87.1168
 4420.13 4106.16 1798.33 1041.96 325.979
 6740.66 3366.13 1459.53 639.214 486.234
 3474.59 1389.22 318.233 137.984 106.4
 18877.6 10402.5 2024.67 463.799 356.169
 18400.4 9494.69 2276.34 443.052 179.431
 19978.2 14077.3 3193.63 765.668 209.378
 15767.3 6043.68 1744.76 395.824 120.849
 60861 9651.99 1653.26 477.283 141.337
 10573.4 17709.6 1241.45 212.644 79.5675
 56234.7 8989.59 7101.46 497.816 117.176
 54560.5 43918.8 3239.55 2559.13 221.622
 32294.4 27581.4 9970.33 735.434 631.28
 40482.7 15413.1 6000.58 2169.13 297.341
 62107 31402 5562.56 2165.61 890.149
 9619.57 20087 4627.01 819.629 450.257
 23148 6331.96 6306.63 1452.72 398.7
 17690.8 13798 1800.2 1793 526.365
 7235.16 9118.28 3408.2 444.66 572.897
 18838.6 6711.88 4094.84 1530.55 456.965
 18220 11761.4 2002.97 1221.99 593.12
 5262.82 9534.61 2949.85 502.361 455.244
 6313.51 4679.47 4102.21 1269.15 412.004
 25183.2 4198.58 1489.51 1305.77 535.127
F
 0.0642406 0.128481 0.128481 0.128481 0.128481
 0.107834 0.215667 0.215667 0.215667 0.215667
 0.103051 0.206102 0.206102 0.206102 0.206102
 0.158931 0.317863 0.317863 0.317863 0.317863
 0.0480333 0.0960667 0.0960667 0.0960667 0.0960667
 0.109503 0.219007 0.219007 0.219007 0.219007
 0.211041 0.422082 0.422082 0.422082 0.422082
 0.0305756 0.0611513 0.0611513 0.0611513 0.0611513
 0.115549 0.231098 0.231098 0.231098 0.231098
 0.143876 0.287751 0.287751 0.287751 0.287751
 0.0455441 0.0910882 0.0910882 0.0910882 0.0910882
 0.22851 0.457021 0.457021 0.457021 0.457021
 0.211966 0.423931 0.423931 0.423931 0.423931
 0.321655 0.64331 0.64331 0.64331 0.64331
 0.186065 0.37213 0.37213 0.37213 0.37213
 0.203456 0.406912 0.406912 0.406912 0.406912
 0.098352 0.196704 0.196704 0.196704 0.196704
 0.134318 0.268636 0.268636 0.268636 0.268636
 0.17817 0.356341 0.356341 0.356341 0.356341
 0.154078 0.308155 0.308155 0.308155 0.308155
 0.120773 0.241546 0.241546 0.241546 0.241546
 0.155003 0.310006 0.310006 0.310006 0.310006
 0.0797027 0.159405 0.159405 0.159405 0.159405
 0.0797822 0.159564 0.159564 0.159564 0.159564
 0.0718599 0.14372 0.14372 0.14372 0.14372
 0.0549427 0.109885 0.109885 0.109885 0.109885
 0.076167 0.152334 0.152334 0.152334 0.152334
 0.071692 0.143384 0.143384 0.143384 0.143384
 0.0556805 0.111361 0.111361 0.111361 0.111361
 0.0738792 0.147758 0.147758 0.147758 0.147758
 0.0741173 0.148235 0.148235 0.148235 0.148235
YTP_r0W_actual
 214057 68436.8 43046.9 45440.7 20441.8
YTP_p0W_proyectada
 636615 1.32396e+06 153214 68583.3 91274
CTP_r0_actual
 25183.2 4198.58 1489.51 1305.77 535.127
CTP_p0_proyectada
 84656.3 82131.3 6553.21 2324.86 2684.53
Wmedp
 7.52 16.12 23.38 29.5 34
Frms_r0
 0.0741173 0.148235 0.148235 0.148235 0.148235
Zrms_r0
 1.07412 1.14823 1.14823 1.14823 1.14823
nmprior
 8.19 8.8 8.5 0
nm_flota  nm_reclas  nm_pelaces    nm_pelaL
inf 7.30685 7.63572 14.0509
cv_recla  cv_pelaces  cv_mph
0.434759 0.494261 1.77738
 ------------------------------------------------
Talla a la edad & desviaci?n 
 8 13.2811 15.8009 17.003 17.5766
 0.8 1.32811 1.58009 1.7003 1.75766
