years
 1991 1992 1993 1994 1995 1996 1997 1998 1999 2000 2001 2002 2003 2004 2005 2006 2007 2008 2009 2010 2011 2012 2013 2014 2015 2016 2017 2018 2019 2020 2021
reclasobs
 0 0 0 0 0 0 0 0 0 252601 567819 844713 477998 351125 339783 2.1784e+06 2.13404e+06 4.81314e+06 1.55562e+06 2.62356e+06 3.21686e+06 3.843e+06 1.13348e+06 3.07943e+06 1.97215e+06 2.03268e+06 2.025e+06 2.42433e+06 2.27542e+06 1.05018e+06 2.36338e+06
reclaspred
 3.18502e+06 1.77799e+06 897947 863020 839232 1.35167e+06 824794 723119 531235 389637 479700 630270 621791 480576 485135 1.32781e+06 1.27783e+06 2.91344e+06 2.39988e+06 1.77736e+06 3.14857e+06 2.55775e+06 2.01512e+06 3.1063e+06 2.32259e+06 2.04579e+06 2.44656e+06 2.61855e+06 2.13733e+06 1.3382e+06 1.91476e+06
pelacesobs
 0 0 0 0 0 0 0 0 0 0 0 0 0 0 0 552880 188675 0 991730 2.46772e+06 1.41603e+06 1.21717e+06 2.29649e+06 1.80582e+06 0 1.4828e+06 1.56532e+06 1.57751e+06 1.42118e+06 867257 1.10002e+06
pelacespred
 1.60959e+06 997734 502976 394197 402470 667516 370165 410086 286616 198624 255029 280439 304883 247346 257114 587969 567625 1.49385e+06 1.26851e+06 871610 1.49784e+06 1.31603e+06 1.03589e+06 1.74921e+06 1.26045e+06 1.10714e+06 1.50801e+06 1.59088e+06 1.07035e+06 761832 1.08732e+06
mphobs
 0 0 0 0 0 0 0 0 0 0 0 498337 0 5186 125008 0 168611 109162 213762 579715 649985 157893 87575 83554 0 0 0 0 0 0 0
mphpred
 478777 319797 158494 86240.9 89557.2 99857.4 132865 79329.3 70699.2 48532.2 32437.1 56619.5 61486.9 51847.1 34623.9 44043.6 152436 143869 288161 217058 230604 285802 271329 221945 309357 253844 208042 224007 315023 213258 128539
desembarqueobs
 494567 514787 250237 358949 120608 361735 552515 73892 212993 205616 52469 317467 293654 387597 252695 516296 358380 742168 942051 627588 828172 859565 418607 520667 417249 300574 415391 372974 316634 284311 391294
desembarquepred
 494573 513616 250778 358981 120613 361745 552544 73896.3 213040 205658 52471.5 317528 293700 387620 252685 516249 358400 742062 941826 627440 828228 859565 418612 520688 417245 300572 415386 372955 316625 284316 391295
Reclutas
 194209 108985 109066 169017 135569 243033 98665.8 43873.7 43193.9 58601.1 110344 146844 121985 85180.9 84377.6 474118 97643 726376 417403 319278 475375 634724 129532 390608 326451 146308 333708 375486 107182 79137.8 310067
log_desv_Rt
 0.119062 -0.458666 -0.457919 -0.0198752 -0.240393 0.343321 -0.558136 -1.36856 -1.38417 -1.07912 -0.446268 -0.160502 -0.345974 -0.705098 -0.714573 1.01158 -0.568556 1.43819 0.884177 0.616188 1.01423 1.30332 -0.285949 0.817829 0.638405 -0.16416 0.660391 0.778347 -0.47535 -0.778684 0.586914
SSB
 3.05379e+06 2.03977e+06 1.01093e+06 550071 571223 636922 847453 505987 450941 309554 206894 361137 392183 330697 220842 280924 972287 917644 1.83798e+06 1.38446e+06 1.47087e+06 1.82293e+06 1.73062e+06 1.41564e+06 1.97318e+06 1.6191e+06 1.32696e+06 1.42878e+06 2.00932e+06 1.36023e+06 819860
BT
 4.13021e+06 2.80871e+06 1.40878e+06 1.21091e+06 1.02385e+06 1.84848e+06 1.34807e+06 1.01093e+06 872455 656107 633324 912321 969641 973551 846507 1.77378e+06 1.58863e+06 4.10014e+06 3.83044e+06 2.57454e+06 4.12633e+06 3.83774e+06 2.75338e+06 4.51822e+06 3.29222e+06 2.81946e+06 3.90183e+06 4.04303e+06 2.72953e+06 2.03349e+06 2.88558e+06
Ftot
 0.138749 0.253206 0.247578 0.388876 0.134556 0.259652 0.58193 0.0953467 0.370007 0.482219 0.110378 0.472828 0.441257 0.740803 0.509623 0.399407 0.253892 0.256623 0.363479 0.328967 0.251628 0.318111 0.187552 0.165498 0.166761 0.135327 0.166538 0.141256 0.131231 0.190767 0.204842
BD_Bspro_t
 0.978045 0.84133 0.677966 0.586036 0.566321 0.640058 0.631427 0.457419 0.514762 0.471009 0.441074 0.662512 0.548607 0.458742 0.350011 0.408618 0.596982 0.570115 0.668632 0.572998 0.542853 0.592433 0.608192 0.599276 0.703144 0.710665 0.71704 0.752962 0.796595 0.732068 0.663124
BD_Bspro
 2.48155 1.65754 0.821493 0.446996 0.464184 0.517571 0.688652 0.411172 0.366441 0.251548 0.168125 0.293465 0.318693 0.268729 0.179459 0.228283 0.790094 0.74569 1.49357 1.12503 1.19525 1.48134 1.40633 1.15037 1.60343 1.3157 1.0783 1.16105 1.6328 1.10534 0.66623
BD_Bo
 1.62683 1.08663 0.538544 0.293036 0.304304 0.339303 0.451458 0.269551 0.240227 0.164906 0.110217 0.192386 0.208925 0.17617 0.117647 0.149655 0.517959 0.48885 0.979136 0.737535 0.783564 0.971118 0.921943 0.754142 1.05116 0.86253 0.7069 0.761146 1.07041 0.724624 0.436758
BD_Brms
 9.91371 6.62182 3.28183 1.78573 1.8544 2.06768 2.75114 1.64262 1.46392 1.00492 0.671653 1.17238 1.27317 1.07356 0.716932 0.91198 3.15639 2.979 5.96676 4.49446 4.77496 5.9179 5.61823 4.59567 6.40564 5.25617 4.30778 4.63835 6.52297 4.41579 2.66156
Sel_flota
 0.785875 1 1 1 1
 0.785875 1 1 1 1
 0.785875 1 1 1 1
 0.785875 1 1 1 1
 0.785875 1 1 1 1
 0.785875 1 1 1 1
 0.785875 1 1 1 1
 0.785875 1 1 1 1
 0.785875 1 1 1 1
 0.785875 1 1 1 1
 0.785875 1 1 1 1
 0.785875 1 1 1 1
 0.785875 1 1 1 1
 0.785875 1 1 1 1
 0.785875 1 1 1 1
 0.785875 1 1 1 1
 0.785875 1 1 1 1
 0.785875 1 1 1 1
 0.785875 1 1 1 1
 0.785875 1 1 1 1
 0.785875 1 1 1 1
 0.785875 1 1 1 1
 0.785875 1 1 1 1
 0.785875 1 1 1 1
 0.785875 1 1 1 1
 0.785875 1 1 1 1
 0.785875 1 1 1 1
 0.785875 1 1 1 1
 0.785875 1 1 1 1
 0.785875 1 1 1 1
 0.785875 1 1 1 1
Sel_reclas
 1 1 1 1 1
 1 1 1 1 1
 1 1 1 1 1
 1 1 1 1 1
 1 1 1 1 1
 1 1 1 1 1
 1 1 1 1 1
 1 1 1 1 1
 1 1 1 1 1
 1 1 1 1 1
 1 1 1 1 1
 1 1 1 1 1
 1 1 1 1 1
 1 1 1 1 1
 1 1 1 1 1
 1 1 1 1 1
 1 1 1 1 1
 1 1 1 1 1
 1 1 1 1 1
 1 1 1 1 1
 1 1 1 1 1
 1 1 1 1 1
 1 1 1 1 1
 1 1 1 1 1
 1 1 1 1 1
 1 1 1 1 1
 1 1 1 1 1
 1 1 1 1 1
 1 1 1 1 1
 1 1 1 1 1
 1 1 1 1 1
Sel_pelaces
 1 1 1 1 1
 1 1 1 1 1
 1 1 1 1 1
 1 1 1 1 1
 1 1 1 1 1
 1 1 1 1 1
 1 1 1 1 1
 1 1 1 1 1
 1 1 1 1 1
 1 1 1 1 1
 1 1 1 1 1
 1 1 1 1 1
 1 1 1 1 1
 1 1 1 1 1
 1 1 1 1 1
 1 1 1 1 1
 1 1 1 1 1
 1 1 1 1 1
 1 1 1 1 1
 1 1 1 1 1
 1 1 1 1 1
 1 1 1 1 1
 1 1 1 1 1
 1 1 1 1 1
 1 1 1 1 1
 1 1 1 1 1
 1 1 1 1 1
 1 1 1 1 1
 1 1 1 1 1
 1 1 1 1 1
 1 1 1 1 1
pf_obs 
 0.8446 0.082 0.0669 0.0065 0
 0.8095 0.147 0.0364 0.0071 0
 0.9664 0.0169 0.016 0.0007 0
 0.9276 0.0648 0.0075 0.0001 0
 0.7033 0.2144 0.0806 0.0017 0
 0.9318 0.0425 0.0243 0.0014 0
 0.5671 0.3108 0.0964 0.0239 0.0018
 0.0768 0.2599 0.5324 0.112 0.0189
 0.490249 0.384438 0.106611 0.0170017 0.00170017
 0.7925 0.1577 0.0466 0.003 0.0002
 0.840416 0.127587 0.0312969 0.00059994 9.999e-05
 0.8084 0.0986 0.0794 0.0134 0.0002
 0.7335 0.1905 0.0724 0.0035 0.0001
 0.4001 0.4547 0.1325 0.0127 0
 0.49795 0.308269 0.164784 0.0264974 0.00249975
 0.9179 0.0499 0.0305 0.0017 0
 0.2467 0.6533 0.0926 0.0074 0
 0.9418 0.0223 0.034 0.0019 0
 0.707729 0.231977 0.0356964 0.0245975 0
 0.517169 0.277429 0.184464 0.0207286 0.00020938
 0.811772 0.124168 0.05621 0.00726502 0.000585176
 0.764997 0.148141 0.077277 0.00933861 0.000247198
 0.163321 0.427699 0.378323 0.0303852 0.000271297
 0.753843 0.0900009 0.118128 0.0371064 0.000921714
 0.721811 0.176058 0.0630433 0.0369309 0.00215725
 0.143369 0.312575 0.442814 0.0836902 0.0175525
 0.692698 0.0596174 0.167031 0.0765114 0.00414204
 0.394062 0.376323 0.152708 0.0712218 0.00568511
 0.125707 0.32114 0.495352 0.0537591 0.00404204
 0.23352 0.215282 0.420074 0.123614 0.00750983
 0.796117 0.104755 0.0508955 0.0450114 0.00322123
pf_pred 
 0.44583 0.127805 0.401448 0.0249163 8.06469e-07
 0.410766 0.300656 0.0665528 0.209049 0.0129753
 0.560269 0.210271 0.117081 0.025917 0.0864607
 0.722273 0.17385 0.0496723 0.0276581 0.0265469
 0.646434 0.274669 0.0493871 0.0141108 0.0153985
 0.753667 0.173161 0.0568444 0.0102209 0.00610712
 0.471743 0.423137 0.0738946 0.0242578 0.00696784
 0.454772 0.300502 0.196027 0.0342332 0.0144659
 0.547713 0.234232 0.120181 0.0783976 0.0194764
 0.713639 0.176935 0.0566697 0.0290763 0.0236794
 0.820733 0.13833 0.0252937 0.0081012 0.00754167
 0.733836 0.227631 0.0297335 0.00543677 0.00336237
 0.677967 0.254001 0.0581825 0.00759989 0.00224906
 0.623208 0.278631 0.0774237 0.017735 0.00300212
 0.734192 0.185908 0.059085 0.016418 0.0043974
 0.936029 0.0505303 0.00940034 0.00298761 0.00105252
 0.369311 0.600097 0.0241652 0.00449554 0.00193212
 0.896118 0.0451852 0.0558494 0.00224899 0.000598206
 0.587294 0.379274 0.0145419 0.0179739 0.000916309
 0.594207 0.265787 0.128665 0.00493317 0.0064083
 0.735407 0.17473 0.0588587 0.0284928 0.00251157
 0.737083 0.20641 0.0373157 0.01257 0.00662138
 0.309552 0.54408 0.11491 0.0207739 0.010684
 0.736358 0.0972322 0.131133 0.0276953 0.00758192
 0.617946 0.299529 0.0304354 0.0410469 0.0110424
 0.428064 0.387573 0.14454 0.0146868 0.0251361
 0.73014 0.132795 0.0928827 0.0346394 0.00954366
 0.683509 0.246416 0.0344828 0.0241189 0.011473
 0.336763 0.488597 0.135973 0.0190277 0.0196397
 0.413436 0.232557 0.260792 0.0725765 0.020639
 0.825775 0.0834342 0.0359962 0.0403665 0.0144283
pobs_RECLAS
 0 0 0 0 0
 0 0 0 0 0
 0 0 0 0 0
 0 0 0 0 0
 0 0 0 0 0
 0 0 0 0 0
 0 0 0 0 0
 0 0 0 0 0
 0 0 0 0 0
 0 0 0 0 0
 0.991045 0.00858322 0.000360255 1.14367e-05 0
 0.934742 0.0480273 0.0164251 0.00080598 0
 0.827803 0.169806 0.00239088 0 0
 0.941827 0.0461693 0.0120037 0 0
 0.791401 0.0380133 0.147996 0.0225897 0
 0.846168 0.0940531 0.0597789 0 0
 0.134021 0.677848 0.182769 0.00536245 0
 0.80878 0.0450904 0.141981 0.00414843 0
 0.846168 0.0940531 0.0597789 0 0
 0.905697 0.0802665 0.012482 0.00150086 5.37128e-05
 0.989698 0.0102097 9.19794e-05 0 0
 0.975433 0.0193895 0.00387452 0.00125025 5.28907e-05
 0.303575 0.632131 0.0575291 0.00676475 0
 0.966965 0.00978017 0.0227588 0.000495775 0
 0.843318 0.132988 0.00938335 0.0141283 0.000182051
 0.564624 0.303363 0.111486 0.0197234 0.00080311
 0.826376 0.0876187 0.0782897 0.00655872 0.00115652
 0.89761 0.0855135 0.0140674 0.00269457 0.000114338
 0.34875 0.467042 0.161289 0.0227151 0.000203297
 0.318654 0.224769 0.449479 0.00709798 0
 0.937255 0.0296025 0.0250945 0.00804832 0
ppred_RECLAS
 0.506537 0.113804 0.357471 0.0221869 7.18123e-07
 0.471422 0.269707 0.0597018 0.18753 0.0116396
 0.619748 0.18183 0.101245 0.0224114 0.074766
 0.769554 0.144253 0.0412158 0.0229494 0.0220274
 0.699936 0.233106 0.0419138 0.0119756 0.0130684
 0.796537 0.143025 0.0469515 0.00844215 0.00504427
 0.535692 0.371913 0.0649491 0.0213212 0.00612434
 0.515335 0.267123 0.174252 0.0304306 0.0128591
 0.60848 0.202762 0.104034 0.0678646 0.0168596
 0.76242 0.146795 0.0470163 0.0241233 0.0196457
 0.85376 0.112845 0.0206338 0.00660869 0.00615225
 0.780185 0.187992 0.0245558 0.00449004 0.00277686
 0.730279 0.21274 0.0487312 0.00636534 0.00188372
 0.682472 0.234806 0.065246 0.0149455 0.00252993
 0.780698 0.153381 0.0487473 0.0135455 0.00362802
 0.949481 0.0399049 0.00742367 0.00235938 0.000831202
 0.428299 0.54397 0.021905 0.00407508 0.00175141
 0.916924 0.0361354 0.0446637 0.00179856 0.000478396
 0.646136 0.325199 0.0124686 0.0154113 0.000785666
 0.652429 0.227653 0.110204 0.00422538 0.00548886
 0.780496 0.144955 0.0488288 0.0236375 0.00208359
 0.782265 0.170938 0.030903 0.0104099 0.0054835
 0.364141 0.501063 0.105825 0.0191315 0.00983927
 0.780982 0.0807747 0.108937 0.0230076 0.0062986
 0.673738 0.255788 0.0259908 0.0350527 0.00942983
 0.488465 0.346642 0.129276 0.0131358 0.0224815
 0.7755 0.110474 0.0772704 0.028817 0.0079395
 0.733741 0.207306 0.0290099 0.0202909 0.0096521
 0.393116 0.447082 0.12442 0.017411 0.017971
 0.473792 0.208627 0.233957 0.0651085 0.0185153
 0.85829 0.0678632 0.0292784 0.0328331 0.0117356
pobs_PELACES
 0 0 0 0 0
 0 0 0 0 0
 0 0 0 0 0
 0 0 0 0 0
 0 0 0 0 0
 0 0 0 0 0
 0 0 0 0 0
 0 0 0 0 0
 0 0 0 0 0
 0 0 0 0 0
 0 0 0 0 0
 0 0 0 0 0
 0 0 0 0 0
 0 0 0 0 0
 0 0 0 0 0
 0 0 0 0 0
 0.505614 0.472636 0.0217494 0 0
 0 0 0 0 0
 0.443492 0.261883 0.143347 0.151278 0
 0.227955 0.32914 0.350689 0.0885471 0.00366901
 0.970185 0.0296113 0.000203453 0 0
 0.997202 0.00247181 0.000326279 0 0
 0.445219 0.490057 0.0546422 0.010081 0
 0.90214 0.0892962 0.00764917 0.000914606 0
 0 0 0 0 0
 0.581667 0.319106 0.0959925 0.00289975 0.000334073
 0.762889 0.0836404 0.116647 0.0363945 0.000428098
 0.88444 0.0763242 0.0277011 0.0115352 0
 0.521256 0.241999 0.230069 0.00667565 0
 0.616807 0.101726 0.260614 0.0208532 0
 0.833518 0.0704572 0.0857862 0.0102388 0
ppred_PELACES
 0.508987 0.113239 0.355696 0.0220767 7.14557e-07
 0.475883 0.267431 0.059198 0.185947 0.0115414
 0.623862 0.179863 0.10015 0.022169 0.0739571
 0.774391 0.141225 0.0403507 0.0224677 0.0215651
 0.701929 0.231558 0.0416354 0.011896 0.0129816
 0.799495 0.140946 0.0462691 0.00831945 0.00497095
 0.545904 0.363734 0.0635207 0.0208523 0.00598965
 0.517018 0.266195 0.173648 0.030325 0.0128144
 0.61469 0.199546 0.102384 0.066788 0.0165922
 0.768537 0.143016 0.0458058 0.0235022 0.0191399
 0.854731 0.112096 0.0204967 0.0065648 0.00611139
 0.785861 0.183138 0.0239217 0.00437409 0.00270516
 0.736377 0.207931 0.0476296 0.00622145 0.00184114
 0.693706 0.226499 0.0629377 0.0144168 0.00244042
 0.786801 0.149112 0.0473908 0.0131685 0.00352705
 0.950818 0.0388491 0.00722724 0.00229696 0.000809209
 0.432697 0.539785 0.0217365 0.00404373 0.00173794
 0.918295 0.0355391 0.0439267 0.00176888 0.000470501
 0.651986 0.319823 0.0122624 0.0151565 0.000772677
 0.657681 0.224213 0.108539 0.00416152 0.00540591
 0.783527 0.142953 0.0481546 0.0233111 0.00205482
 0.78607 0.167952 0.0303631 0.010228 0.00538769
 0.367216 0.498641 0.105313 0.019039 0.00979171
 0.782976 0.0800394 0.107946 0.0227981 0.00624126
 0.676323 0.253762 0.0257849 0.034775 0.00935512
 0.490855 0.345022 0.128672 0.0130744 0.0223765
 0.777542 0.109469 0.0765675 0.0285549 0.00786728
 0.735686 0.205792 0.0287979 0.0201426 0.00958158
 0.395331 0.445451 0.123966 0.0173474 0.0179054
 0.477154 0.207294 0.232462 0.0646925 0.018397
 0.860041 0.0670245 0.0289165 0.0324273 0.0115906
pobs_pel_tallas
 0 0 0 0 0 0 0 0 0 0 0 0 0 0 0 0 0 0 0 0 0 0 0 0 0 0
 0 0 0 0 0 0 0 0 0 0 0 0 0 0 0 0 0 0 0 0 0 0 0 0 0 0
 0 0 0 0 0 0 0 0 0 0 0 0 0 0 0 0 0 0 0 0 0 0 0 0 0 0
 0 0 0 0 0 0 0 0 0 0 0 0 0 0 0 0 0 0 0 0 0 0 0 0 0 0
 0 0 0 0 0 0 0 0 0 0 0 0 0 0 0 0 0 0 0 0 0 0 0 0 0 0
 0 0 0 0 0 0 0 0 0 0 0 0 0 0 0 0 0 0 0 0 0 0 0 0 0 0
 0 0 0 0 0 0 0 0 0 0 0 0 0 0 0 0 0 0 0 0 0 0 0 0 0 0
 0 0 0 0 0 0 0 0 0 0 0 0 0 0 0 0 0 0 0 0 0 0 0 0 0 0
 0 0 0 0 0 0 0 0 0 0 0 0 0 0 0 0 0 0 0 0 0 0 0 0 0 0
 0 0 0 0 0 0 0 0 0 0 0 0 0 0 0 0 0 0 0 0 0 0 0 0 0 0
 0 0 0 0 0 0 0 0 0 0 0 0 0 0 0 0 0 0 0 0 0 0 0 0 0 0
 0 0 0 0 0 0 0 0 0 0 0 0 0 0 0 0 0 0 0 0 0 0 0 0 0 0
 0.00862536 0 0 0.000197151 0.00414017 0.0128641 0.00837892 0.0270097 0.101434 0.158115 0.152841 0.127902 0.109271 0.109419 0.0830992 0.0579132 0.0238553 0.00714673 0.00463305 0.00128148 0.00103504 0.000492878 0.000147863 0.000147863 4.92878e-05 0
 0 0 0 0 0 0 0 0 0 0 0 0 0 0 0 0 0 0 0 0 0 0 0 0 0 0
 0 0 0 0 0 0 0 0.0054083 0.00873648 0.0413646 0.0450493 0.0745869 0.0622846 0.0627006 0.0613931 0.0827291 0.12552 0.122667 0.0946155 0.0697135 0.0546179 0.0294188 0.0215738 0.0213955 0.0102223 0.00600262
 0 0 0 0 0.00359764 0.0251062 0.0480494 0.140153 0.205849 0.193036 0.1447 0.116669 0.0760912 0.0342217 0.00950174 0.001854 0.000860785 0 0 0 0.000165536 0 0.000143464 0 0 0
 0 0 0 0 0 0 0 0.000145254 0.000435761 0.0275982 0.070085 0.0708112 0.156366 0.174668 0.174014 0.160142 0.0824315 0.0480064 0.0283245 0.00493863 0.00203355 0 0 0 0 0
 0 0 0 0 0 0 0 0 0 0 0 0 0 0 0 0 0 0 0 0 0 0 0 0 0 0
 0 0 1.00437e-05 0.000401748 0.00122533 0.00171747 0.00176769 0.0269171 0.070346 0.194647 0.189555 0.159765 0.064822 0.0314167 0.0384472 0.0292271 0.0345202 0.0313363 0.0194345 0.0106764 0.0143323 0.0359363 0.0279516 0.0138201 0.00172751 0
 0 0.0021121 0.0136068 0.0755702 0.200478 0.177729 0.0527432 0.0373336 0.0318909 0.0142505 0.0149659 0.0166563 0.0217959 0.0798694 0.0677717 0.0528807 0.04013 0.0224614 0.0357745 0.0225083 0.00881397 0.00855152 0.00135912 0.000746735 0 0
 0 0 0 0 5.4009e-05 0.00500934 0.000945158 0.0243581 0.138947 0.33067 0.221406 0.137944 0.0707744 0.0437923 0.0131692 0.00525238 0.0047753 0.00276346 9.45158e-05 9.00151e-06 2.25038e-05 9.00151e-06 4.50075e-06 0 0 0
 0.000866109 0.00284123 0.00948549 0.0512746 0.133035 0.25785 0.225252 0.132002 0.0553304 0.0519788 0.0540692 0.017754 0.00435017 0.00159236 0.00146478 0.000404838 0.000125132 0.000115318 0.000107957 0.000100596 0 0 0 0 0 0
 0 0 0 0 0.00144013 0.00171154 0.00461396 0.0210425 0.0478622 0.0707936 0.0888783 0.103762 0.0637923 0.0337046 0.0602308 0.124433 0.169614 0.0934646 0.0462172 0.0250306 0.0313229 0.00938855 0.002487 0.000210481 0 0
 0 0.00764035 0.051015 0.0998891 0.058973 0.0496711 0.0374665 0.0718981 0.12319 0.153886 0.159021 0.0857701 0.0377988 0.023471 0.0147837 0.00900784 0.00315554 0.000888139 0.00291439 0.00214683 0.00393193 0.00274676 0.000635225 9.99891e-05 0 0
 0 0 0 0 0 0 0 0 0 0 0 0 0 0 0 0 0 0 0 0 0 0 0 0 0 0
 0 0 0 0 0 0 0 0 0 0 0 0 0 0 0 0 0 0 0 0 0 0 0 0 0 0
 0 0 0 0 0 0 0 0 0 0 0 0 0 0 0 0 0 0 0 0 0 0 0 0 0 0
 0 0 0 0 0 0 0 0 0 0 0 0 0 0 0 0 0 0 0 0 0 0 0 0 0 0
 0 0 0 0 0 0 0 0 0 0 0 0 0 0 0 0 0 0 0 0 0 0 0 0 0 0
 0 0 0 0 0 0 0 0 0 0 0 0 0 0 0 0 0 0 0 0 0 0 0 0 0 0
 0 0 0 0 0 0 0 0 0 0 0 0 0 0 0 0 0 0 0 0 0 0 0 0 0 0
ppred_pel_tallas
 1.12508e-16 4.19246e-05 0.000407523 0.00270813 0.0123108 0.0383035 0.08161 0.119115 0.119126 0.0816662 0.0384936 0.0128667 0.00412905 0.00359345 0.00633836 0.0110517 0.0174015 0.0249674 0.0332316 0.0417706 0.0501762 0.0576976 0.063023 0.0646122 0.0614823 0.0538761
 1.22378e-16 3.91979e-05 0.000381018 0.002532 0.0115101 0.0358124 0.076303 0.111372 0.111398 0.0764294 0.0362373 0.0127391 0.00562262 0.00714788 0.0129528 0.021525 0.0314405 0.0405326 0.0467048 0.0492088 0.0491645 0.0487568 0.0496993 0.052145 0.0547454 0.0556011
 1.17676e-16 5.13867e-05 0.000499497 0.00331933 0.0150892 0.0469483 0.100029 0.145999 0.146016 0.100114 0.0472355 0.0159208 0.00541348 0.00509421 0.00884679 0.0147292 0.0216574 0.0281972 0.0329452 0.0353353 0.0359749 0.0361449 0.0368593 0.0382323 0.0395455 0.0398023
 1.07104e-16 6.37856e-05 0.000620019 0.00412024 0.01873 0.0582762 0.124164 0.181224 0.181238 0.124231 0.0585004 0.0193782 0.00574938 0.00418386 0.00685456 0.0112915 0.0164065 0.0209538 0.0237219 0.0241913 0.0228463 0.0208183 0.0191449 0.018224 0.0177901 0.0172783
 1.04651e-16 5.7817e-05 0.000562002 0.0037347 0.0169774 0.0528232 0.112546 0.164269 0.164292 0.112655 0.0531898 0.0180363 0.00639362 0.00636948 0.0110964 0.0182778 0.0263838 0.0333084 0.0369481 0.0363456 0.032256 0.0266151 0.0213507 0.0174648 0.0149195 0.0131269
 1.03047e-16 6.58533e-05 0.000640118 0.00425381 0.0193372 0.0601653 0.128189 0.187099 0.187112 0.128256 0.0603891 0.0199841 0.00587965 0.00419622 0.00683976 0.0112562 0.0163325 0.0207984 0.0233993 0.0235496 0.0216544 0.0187812 0.0159627 0.0136897 0.0118947 0.0102749
 1.05031e-16 4.49654e-05 0.00043708 0.00290455 0.0132037 0.0410818 0.0875304 0.12776 0.127796 0.0877018 0.0416574 0.0148667 0.00707996 0.00955579 0.0173743 0.0286818 0.0413836 0.0521924 0.0577837 0.0566258 0.0498768 0.0405608 0.0317134 0.0249517 0.0202982 0.0169374
 1.10289e-16 4.25861e-05 0.000413952 0.00275086 0.012505 0.0389079 0.0828984 0.120998 0.121024 0.0830249 0.0393334 0.0137369 0.00585375 0.00722293 0.0130779 0.0218245 0.0320698 0.0416588 0.0483866 0.0511927 0.0506714 0.0484126 0.0457599 0.0430445 0.0397799 0.0354089
 1.12512e-16 5.06313e-05 0.000492154 0.00327054 0.0148674 0.0462581 0.0985585 0.143853 0.143872 0.0986532 0.0465766 0.0157891 0.00559111 0.00558165 0.00978706 0.0162878 0.0239077 0.0310317 0.0360588 0.038301 0.0383587 0.0375795 0.0370409 0.0368894 0.036456 0.0348871
 1.06955e-16 6.33034e-05 0.000615331 0.00408909 0.0185884 0.0578356 0.123225 0.179854 0.179868 0.123293 0.0580628 0.0192453 0.00574057 0.00422916 0.00695254 0.0114633 0.0166749 0.021334 0.0242177 0.0247958 0.0235417 0.0215713 0.019901 0.0189089 0.018325 0.0176043
 1.02313e-16 7.04031e-05 0.000684343 0.0045477 0.0206732 0.0643221 0.137045 0.200024 0.200035 0.137098 0.0644995 0.0211859 0.00583505 0.00349626 0.0054156 0.0088547 0.0127803 0.0161403 0.0179158 0.0176443 0.0156917 0.012993 0.0104771 0.00862318 0.00740708 0.00654037
 1.01634e-16 6.47304e-05 0.000629202 0.00418127 0.0190075 0.0591394 0.126003 0.183909 0.183927 0.12609 0.0594289 0.0198437 0.0062801 0.0052104 0.00876354 0.0143809 0.0206992 0.0260065 0.0286028 0.0277024 0.0238966 0.0187475 0.0138525 0.0101075 0.00759333 0.00593299
 1.02364e-16 6.06544e-05 0.000589582 0.00391798 0.0178106 0.0554155 0.118069 0.17233 0.17235 0.118167 0.0557449 0.0187623 0.0063083 0.00581203 0.00999176 0.0164553 0.0237746 0.0300537 0.0333935 0.0329032 0.0292051 0.0239677 0.0188663 0.0147954 0.0117913 0.00946392
 1.03733e-16 5.71397e-05 0.000555418 0.00369095 0.0167785 0.0522044 0.111228 0.162345 0.162367 0.111335 0.0525636 0.0178167 0.00629939 0.00625775 0.0109107 0.0180092 0.0260824 0.0331027 0.0370331 0.0369213 0.0334329 0.0283309 0.0233478 0.01935 0.0162873 0.0136942
 1.03324e-16 6.48078e-05 0.000629955 0.00418627 0.0190302 0.0592101 0.126154 0.184128 0.184143 0.126224 0.0594468 0.0197145 0.00590607 0.00439145 0.0072297 0.0119051 0.0172738 0.021997 0.0247507 0.0249206 0.0229416 0.0199482 0.0170321 0.0147028 0.0128713 0.0111978
 1.00586e-16 7.83176e-05 0.000761275 0.00505894 0.0229972 0.0715529 0.152451 0.222508 0.222511 0.152469 0.0716144 0.0231749 0.00550507 0.00173571 0.00193051 0.00307168 0.00442702 0.00558773 0.00619537 0.00608666 0.00538481 0.00441088 0.00348599 0.00277936 0.00229061 0.00193141
 1.01465e-16 3.56408e-05 0.000346441 0.00230223 0.0104656 0.0325627 0.0693802 0.101273 0.101325 0.069634 0.0334144 0.0129245 0.00846984 0.0137958 0.0255354 0.042046 0.0603002 0.0752705 0.0818565 0.0777069 0.0646489 0.04752 0.031373 0.0192019 0.0114801 0.00713046
 1.01534e-16 7.56387e-05 0.000735235 0.0048859 0.0222106 0.0691054 0.147236 0.214897 0.2149 0.147254 0.0691628 0.0223773 0.00530727 0.0016646 0.00186848 0.00304148 0.00454151 0.00605807 0.00731671 0.00816949 0.00864018 0.00883424 0.00880003 0.00847688 0.00777045 0.0066709
 1.02087e-16 5.37033e-05 0.000522015 0.00346897 0.0157695 0.0490648 0.104539 0.152584 0.152615 0.104689 0.0495695 0.0172266 0.00712424 0.00849372 0.0151708 0.0249365 0.0357808 0.044714 0.0487348 0.0464761 0.0390424 0.0293034 0.0202242 0.0135131 0.00935738 0.00702603
 1.04522e-16 5.41724e-05 0.000526575 0.00349928 0.0159072 0.0494934 0.105452 0.153914 0.153936 0.105558 0.0498504 0.0169399 0.00609708 0.00621618 0.010914 0.0180981 0.0263919 0.0338635 0.0385504 0.0394992 0.0372505 0.033322 0.0291492 0.0253658 0.0218576 0.0182938
 1.04112e-16 6.45381e-05 0.000627333 0.00416885 0.018951 0.0589636 0.125629 0.183362 0.183376 0.125696 0.0591907 0.0196076 0.0058195 0.00423905 0.00694855 0.0114506 0.0166438 0.0212603 0.0240523 0.0244506 0.0228801 0.0204129 0.0180505 0.0162105 0.0147286 0.0132165
 1.02857e-16 6.47476e-05 0.000629369 0.00418238 0.0190125 0.059155 0.126037 0.183958 0.183974 0.126116 0.0594209 0.0197805 0.00611091 0.00484154 0.00807093 0.0132578 0.0191337 0.024151 0.0267791 0.0263178 0.023307 0.0191428 0.0152182 0.0122627 0.0102623 0.00881485
 1.06733e-16 3.02472e-05 0.000294013 0.00195382 0.00888183 0.0276349 0.0588809 0.0859485 0.0859966 0.059116 0.0284246 0.0111634 0.00768356 0.012811 0.0238284 0.0394135 0.0569327 0.0719267 0.0798513 0.0785916 0.0696808 0.0571748 0.0451394 0.0357328 0.0289992 0.0239096
 1.06479e-16 6.44927e-05 0.000626892 0.00416592 0.0189377 0.0589221 0.12554 0.183231 0.183239 0.125579 0.059052 0.0193148 0.00512015 0.0027354 0.00414364 0.00694384 0.0104547 0.0141082 0.0173495 0.0198981 0.02183 0.0233482 0.0244538 0.0248378 0.0240887 0.0220156
 1.0588e-16 5.57079e-05 0.000541501 0.00359846 0.0163581 0.0508963 0.108441 0.158278 0.158302 0.10856 0.0512975 0.0175169 0.00650703 0.00689095 0.0121152 0.0199446 0.0287406 0.0361891 0.0399883 0.0391227 0.03449 0.0283039 0.0227529 0.0189458 0.0167613 0.0154025
 1.089e-16 4.04312e-05 0.000393005 0.00261166 0.0118722 0.0369391 0.078704 0.114878 0.114911 0.0788672 0.0374874 0.0134574 0.00659693 0.00911341 0.0166623 0.0276399 0.0401814 0.0513026 0.0579661 0.0587479 0.0546163 0.0481257 0.0417205 0.0365204 0.0323091 0.0283362
 1.06433e-16 6.40451e-05 0.000622541 0.00413701 0.0188062 0.0585132 0.124669 0.18196 0.181971 0.124721 0.0586885 0.0193139 0.0054165 0.0034329 0.00545235 0.00904669 0.0133428 0.0174504 0.020502 0.0221016 0.0225144 0.0223739 0.0221577 0.0218749 0.0211739 0.0196932
 1.04526e-16 6.05975e-05 0.00058903 0.00391431 0.0177939 0.0553635 0.117959 0.172168 0.172188 0.118056 0.0556891 0.0187343 0.00627522 0.00574431 0.00985585 0.0162106 0.0233795 0.0294791 0.0326419 0.0320324 0.0283517 0.0233586 0.0187961 0.0155559 0.0135665 0.0122375
 1.08462e-16 3.2563e-05 0.000316524 0.00210341 0.00956183 0.0297506 0.0633885 0.0925264 0.0925694 0.0635988 0.0304571 0.0116035 0.00723313 0.0115305 0.0213761 0.0354082 0.0512863 0.065086 0.0728078 0.0725859 0.0657431 0.0557692 0.0460977 0.0384519 0.0327308 0.0279848
 1.16363e-16 3.93026e-05 0.000382035 0.00253876 0.0115408 0.035908 0.0765065 0.111668 0.111688 0.0766059 0.0362428 0.0125124 0.00499399 0.00579676 0.0104847 0.0176962 0.0264869 0.0354125 0.042989 0.0485037 0.0522791 0.0550825 0.0572129 0.0581077 0.0567678 0.0525542
 1.06066e-16 7.08405e-05 0.000688595 0.00457595 0.0208016 0.0647216 0.137896 0.201265 0.201272 0.137928 0.0648285 0.021111 0.00535471 0.00239635 0.00333756 0.00546885 0.00802547 0.0104316 0.0121669 0.0130345 0.0132804 0.0133964 0.0137548 0.0143631 0.0148969 0.0149328
pSPR Fmed_Fpbrs
0.631857   0.214098 0.214098
Fs Fmed_Fpbrs
0.249897   1.005 1.005
SSBpbr Bo_Bmed_Bpbrs
1.87715e+06  1.09223e+06  308037 308037
Ro
172410
SPR SPRFo_SPRFmed_SPRFpbrs
1.2306e+06 777560 263469
Fref
1.005
Nvult_r0
 212961 17548.5 7570.99 8490.19 3034.67
CTP_r0
 29528.9 2983.52 1287.19 1443.47 515.942
YTP_r0
391295
Np
 239763 40038.7 13076.4 1011.49 495.156
Nvult_p0
 199724 34647.1 11315.5 875.287 428.478
CTP_p0
 88134.2 42119.8 3258.08 1405.64 2048.78
 88134.2 17366.7 5671.87 438.735 214.773
YTP_p0
 1.5061e+06 1.0836e+06
CBA_c0
1.37935e+06
log_Ro
11.8776
likeval ReclasPelacesDesembMPH_pf_preclas_ppelaces_ptallas_desvR_qrecl_qpela
 13.1615 17.7156 0.0508733 0.000823951 240.362 118.512 98.4545 0 24.9099 4.81299e-07 0 0.259966 0 0 0
q_reclas_q_pelaces
0.906369 1
M
1
N
 194209 44286.3 139108 8633.89 0.279454
 108985 64065 14181.3 44545 2764.83
 109066 32858.8 18296.2 4050.01 13511.1
 169017 33029.1 9437.04 5254.65 5043.55
 135569 45804.9 8235.99 2353.18 2567.91
 243033 44868.6 14729.3 2648.41 1582.45
 98665.8 72903.8 12731.6 4179.46 1200.52
 43873.7 22975.2 14987.4 2617.33 1106.01
 43193.9 14975 7683.45 5012.15 1245.17
 58601.1 11880.8 3805.23 1952.4 1590.02
 110344 14758.1 2698.52 864.295 804.601
 146844 37220.7 4861.82 888.984 549.792
 121985 37255.1 8533.81 1114.7 329.877
 85180.9 31725.7 8815.68 2019.36 341.83
 84377.6 17507 5564.04 1546.09 414.104
 474118 20796.9 3868.92 1229.62 433.19
 97643 127431 5131.49 954.63 410.286
 726376 29423.4 36367.7 1464.48 389.536
 417403 218414 8374.3 10350.7 527.679
 319278 115400 55863.8 2141.89 2782.37
 475375 90698.1 30552.2 14790 1303.7
 634724 143503 25943.2 8739.11 4603.41
 129532 181852 38407.2 6943.44 3571
 390608 41121.6 55459 11712.9 3206.56
 326451 126172 12820.4 17290.3 4651.41
 146308 105343 39286.5 3991.93 6832.07
 333708 48393.5 33848.7 12623.4 3477.93
 375486 107704 15071.8 10541.9 5014.66
 107182 123620 34402.6 4814.2 4969.05
 79137.8 35566.1 39884.2 11099.5 3156.43
 310067 25060 10811.7 12124.3 4333.63
pred_Ctot
 12795.7 3668.1 11521.9 715.119 0.0231463
 12634.1 9247.43 2047 6429.83 399.088
 12384.6 4647.98 2588.05 572.886 1911.19
 28840.7 6941.92 1983.44 1104.4 1060.03
 8673.84 3685.51 662.675 189.339 206.616
 28832.2 6624.41 2174.63 391.011 233.633
 23752.6 21305.2 3720.64 1221.39 350.835
 2014.45 1331.1 868.318 151.639 64.078
 7054.05 3016.71 1547.82 1009.69 250.839
 12048.8 2987.31 956.793 490.914 399.796
 5836.69 983.743 179.878 57.6121 53.633
 29689.5 9209.46 1202.95 219.96 136.034
 23240.4 8707.05 1994.47 260.521 77.097
 24901.3 11133.2 3093.59 708.631 119.955
 18182.1 4603.96 1463.23 406.589 108.901
 82822.8 4471.08 831.772 264.353 93.1306
 11347.5 18438.7 742.507 138.131 59.3669
 85249.9 4298.58 5313.09 213.952 56.9088
 67099.8 43333.1 1661.45 2053.57 104.691
 46955 21002.8 10167.2 389.825 506.392
 54792.1 13018.4 4385.32 2122.88 187.127
 90573 25363.7 4585.36 1544.61 813.637
 11357 19961.5 4215.88 762.166 391.98
 30434.5 4018.71 5419.87 1144.68 313.369
 25619.4 12418.2 1261.82 1701.76 457.806
 9412.25 8521.94 3178.15 322.934 552.692
 26155.7 4757.09 3327.33 1240.88 341.882
 25166 9072.73 1269.61 888.027 422.423
 6695.27 9713.92 2703.31 378.295 390.462
 7050.33 3965.8 4447.29 1237.65 351.957
 29528.9 2983.52 1287.19 1443.47 515.942
F
 0.10904 0.138749 0.138749 0.138749 0.138749
 0.198988 0.253206 0.253206 0.253206 0.253206
 0.194565 0.247578 0.247578 0.247578 0.247578
 0.305608 0.388876 0.388876 0.388876 0.388876
 0.105744 0.134556 0.134556 0.134556 0.134556
 0.204054 0.259652 0.259652 0.259652 0.259652
 0.457324 0.58193 0.58193 0.58193 0.58193
 0.0749306 0.0953467 0.0953467 0.0953467 0.0953467
 0.290779 0.370007 0.370007 0.370007 0.370007
 0.378964 0.482219 0.482219 0.482219 0.482219
 0.0867431 0.110378 0.110378 0.110378 0.110378
 0.371584 0.472828 0.472828 0.472828 0.472828
 0.346773 0.441257 0.441257 0.441257 0.441257
 0.582179 0.740803 0.740803 0.740803 0.740803
 0.4005 0.509623 0.509623 0.509623 0.509623
 0.313884 0.399407 0.399407 0.399407 0.399407
 0.199527 0.253892 0.253892 0.253892 0.253892
 0.201674 0.256623 0.256623 0.256623 0.256623
 0.285649 0.363479 0.363479 0.363479 0.363479
 0.258527 0.328967 0.328967 0.328967 0.328967
 0.197748 0.251628 0.251628 0.251628 0.251628
 0.249995 0.318111 0.318111 0.318111 0.318111
 0.147392 0.187552 0.187552 0.187552 0.187552
 0.130061 0.165498 0.165498 0.165498 0.165498
 0.131054 0.166761 0.166761 0.166761 0.166761
 0.10635 0.135327 0.135327 0.135327 0.135327
 0.130878 0.166538 0.166538 0.166538 0.166538
 0.11101 0.141256 0.141256 0.141256 0.141256
 0.103131 0.131231 0.131231 0.131231 0.131231
 0.149919 0.190767 0.190767 0.190767 0.190767
 0.16098 0.204842 0.204842 0.204842 0.204842
YTP_r0W_actual
 245090 42067.7 35526.4 49366.6 19244.6
YTP_p0W_proyectada
 660125 660018 75359.5 41283.7 69310.3
 660125 272137 131190 12885.6 7265.79
CTP_r0_actual
 29528.9 2983.52 1287.19 1443.47 515.942
CTP_p0_proyectada
 88134.2 42119.8 3258.08 1405.64 2048.78
 88134.2 17366.7 5671.87 438.735 214.773
Wmedp
 7.49 15.67 23.13 29.37 33.83
Frms_r0
 0.16098 0.204842 0.204842 0.204842 0.204842
Zrms_r0
 1.16098 1.20484 1.20484 1.20484 1.20484
nmprior
 8.19 8.8 8.5 0
nm_flota  nm_reclas  nm_pelaces    nm_pelaL
inf 12.7238 17.8477 42.3697
cv_recla  cv_pelaces  cv_mph
0.328154 0.477254 0.885842
 ------------------------------------------------
Talla a la edad & desviaci?n 
 8 13.2811 15.8009 17.003 17.5766
 0.8 1.32811 1.58009 1.7003 1.75766
