years
 1991 1992 1993 1994 1995 1996 1997 1998 1999 2000 2001 2002 2003 2004 2005 2006 2007 2008 2009 2010 2011 2012 2013 2014 2015 2016 2017 2018 2019 2020 2021
reclasobs
 0 0 0 0 0 0 0 0 0 252601 567819 844713 477998 351125 339783 2.1784e+06 2.13404e+06 4.81314e+06 1.55562e+06 2.62356e+06 3.21686e+06 3.843e+06 1.13348e+06 3.07943e+06 1.97215e+06 2.03268e+06 2.025e+06 2.42433e+06 2.27542e+06 1.05018e+06 2.36338e+06
reclaspred
 3.34967e+06 1.71325e+06 865739 734679 620435 2.13694e+06 1.0222e+06 741571 500701 272925 489225 766817 753918 529089 454392 1.57804e+06 1.03234e+06 3.86066e+06 2.69275e+06 1.93598e+06 3.15865e+06 2.78163e+06 1.80604e+06 3.09537e+06 2.23958e+06 1.84002e+06 2.3796e+06 2.93366e+06 2.12386e+06 1.0318e+06 1.60614e+06
pelacesobs
 0 0 0 0 0 0 0 0 0 0 0 0 0 0 0 552880 188675 0 991730 2.46772e+06 1.41603e+06 1.21717e+06 2.29649e+06 1.80582e+06 0 1.4828e+06 1.56532e+06 1.57751e+06 1.42118e+06 867257 1.10002e+06
pelacespred
 1.86996e+06 983614 455937 305627 308399 1.17501e+06 457137 479691 261959 118402 269161 342862 380024 254607 222427 699957 470707 2.15746e+06 1.46799e+06 920808 1.62144e+06 1.40233e+06 983859 1.90105e+06 1.28623e+06 1.08231e+06 1.5943e+06 1.93984e+06 1.20959e+06 622626 932007
mphobs
 0 0 0 0 0 0 0 0 0 0 0 498337 0 5186 125008 0 168611 109162 213762 579715 649985 157893 87575 83554 0 0 0 0 0 0 0
mphpred
 568139 347027 151386 85165.4 66521.7 76908.5 221298 92154.4 72201.1 35652 17461.7 60216.5 68931.3 53319.5 27538.5 32103.9 168931 104390 396483 222001 236536 279115 293259 196290 317845 259185 191267 225918 382346 213146 89984.7
desembarqueobs
 494567 514787 250237 358949 120608 361735 552515 73892 212993 205616 52469 317467 293654 387597 252695 516296 358380 742168 942051 627588 828172 859565 418607 520667 417249 300574 415391 372974 316634 284311 391294
desembarquepred
 494534 514499 250121 358918 120599 361651 552249 73891.2 212979 205592 52467.6 317401 293549 387285 252559 516041 358317 741800 941252 627004 828067 859136 418479 520584 417099 300493 415272 372831 316504 284196 391224
Reclutas
 123258 88540 89051 83687.5 59453 231965 59712.1 20279.2 26991.5 37047.2 59294.6 111983 91046 66776.4 50336.7 289238 37143.9 505192 234494 223651 260386 417523 57240.7 199670 175495 64366.5 166182 205284 48146.9 31393.7 139978
log_desv_Rt
 0.216476 -0.11435 -0.108596 -0.170715 -0.512619 0.848782 -0.50827 -1.58821 -1.30228 -0.985611 -0.515286 0.120545 -0.0864397 -0.396455 -0.679071 1.06945 -0.983004 1.62713 0.859627 0.812284 0.964361 1.43654 -0.55054 0.698859 0.569807 -0.433211 0.515278 0.72659 -0.723548 -1.1512 0.343678
SSB
 1.19972e+06 732808 319679 179841 140472 162406 467310 194600 152465 75285.3 36873.5 127157 145560 112593 58152.3 67793 356728 220437 837242 468794 499487 589400 619266 414500 671185 547313 403894 477066 807391 450096 190018
BT
 1.78503e+06 1.21703e+06 561337 514767 327307 1.22734e+06 815562 426339 406387 283951 253144 524830 556013 596964 424093 960842 627302 2.35559e+06 1.99362e+06 1.23386e+06 1.93143e+06 1.83309e+06 1.08447e+06 1.96317e+06 1.34091e+06 1.07107e+06 1.65948e+06 1.86633e+06 1.14479e+06 738417 1.10382e+06
Ftot
 0.353233 0.696003 0.696121 1.20815 0.513109 0.515952 1.18935 0.254489 1.07358 1.8017 0.336613 1.11853 1.03753 1.83892 1.54026 1.00886 0.811369 0.597094 0.874265 0.860764 0.712699 0.842404 0.553667 0.488039 0.483134 0.408164 0.498394 0.373398 0.346907 0.638557 0.719914
BD_Bspro_t
 0.945392 0.655011 0.393633 0.291429 0.226563 0.301463 0.466371 0.238505 0.25438 0.173759 0.123419 0.403187 0.305864 0.220293 0.123501 0.144493 0.348677 0.244756 0.470901 0.311816 0.284586 0.317607 0.349468 0.294137 0.435414 0.444554 0.428601 0.501835 0.606301 0.469358 0.316282
BD_Bspro
 1.69327 1.03427 0.45119 0.253825 0.19826 0.229217 0.659554 0.274655 0.215187 0.106257 0.0520427 0.179468 0.205442 0.158912 0.0820752 0.0956819 0.50348 0.311121 1.18167 0.661649 0.704969 0.831869 0.874023 0.585019 0.9473 0.77247 0.570049 0.673323 1.13954 0.635258 0.268189
BD_Bo
 0.972615 0.594087 0.259163 0.145797 0.113881 0.131662 0.378848 0.157762 0.123603 0.0610337 0.0298933 0.103086 0.118006 0.0912793 0.047144 0.0549597 0.289199 0.178708 0.678751 0.380051 0.404934 0.477826 0.502039 0.336035 0.544129 0.443706 0.327436 0.386757 0.654551 0.364892 0.154048
BD_Brms
 4.90116 2.99369 1.30596 0.734695 0.573862 0.663466 1.90907 0.794987 0.622856 0.307558 0.150637 0.519469 0.594649 0.459971 0.237566 0.27695 1.45732 0.900536 3.42033 1.91514 2.04052 2.40784 2.52985 1.69333 2.74195 2.23591 1.65 1.94893 3.29838 1.83875 0.77627
Sel_flota
 0.648158 0.972223 0.998499 0.999921 0.999996
 0.648158 0.972223 0.998499 0.999921 0.999996
 0.648158 0.972223 0.998499 0.999921 0.999996
 0.648158 0.972223 0.998499 0.999921 0.999996
 0.648158 0.972223 0.998499 0.999921 0.999996
 0.648158 0.972223 0.998499 0.999921 0.999996
 0.648158 0.972223 0.998499 0.999921 0.999996
 0.648158 0.972223 0.998499 0.999921 0.999996
 0.648158 0.972223 0.998499 0.999921 0.999996
 0.648158 0.972223 0.998499 0.999921 0.999996
 0.648158 0.972223 0.998499 0.999921 0.999996
 0.648158 0.972223 0.998499 0.999921 0.999996
 0.648158 0.972223 0.998499 0.999921 0.999996
 0.648158 0.972223 0.998499 0.999921 0.999996
 0.648158 0.972223 0.998499 0.999921 0.999996
 0.648158 0.972223 0.998499 0.999921 0.999996
 0.648158 0.972223 0.998499 0.999921 0.999996
 0.648158 0.972223 0.998499 0.999921 0.999996
 0.648158 0.972223 0.998499 0.999921 0.999996
 0.648158 0.972223 0.998499 0.999921 0.999996
 0.648158 0.972223 0.998499 0.999921 0.999996
 0.648158 0.972223 0.998499 0.999921 0.999996
 0.648158 0.972223 0.998499 0.999921 0.999996
 0.648158 0.972223 0.998499 0.999921 0.999996
 0.648158 0.972223 0.998499 0.999921 0.999996
 0.648158 0.972223 0.998499 0.999921 0.999996
 0.648158 0.972223 0.998499 0.999921 0.999996
 0.648158 0.972223 0.998499 0.999921 0.999996
 0.648158 0.972223 0.998499 0.999921 0.999996
 0.648158 0.972223 0.998499 0.999921 0.999996
 0.648158 0.972223 0.998499 0.999921 0.999996
Sel_reclas
 0.999999 1 1 1 1
 0.999999 1 1 1 1
 0.999999 1 1 1 1
 0.999999 1 1 1 1
 0.999999 1 1 1 1
 0.999999 1 1 1 1
 0.999999 1 1 1 1
 0.999999 1 1 1 1
 0.999999 1 1 1 1
 0.999999 1 1 1 1
 0.999999 1 1 1 1
 0.999999 1 1 1 1
 0.999999 1 1 1 1
 0.999999 1 1 1 1
 0.999999 1 1 1 1
 0.999999 1 1 1 1
 0.999999 1 1 1 1
 0.999999 1 1 1 1
 0.999999 1 1 1 1
 0.999999 1 1 1 1
 0.999999 1 1 1 1
 0.999999 1 1 1 1
 0.999999 1 1 1 1
 0.999999 1 1 1 1
 0.999999 1 1 1 1
 0.999999 1 1 1 1
 0.999999 1 1 1 1
 0.999999 1 1 1 1
 0.999999 1 1 1 1
 0.999999 1 1 1 1
 0.999999 1 1 1 1
Sel_pelaces
 0.909666 1 1 1 1
 0.909666 1 1 1 1
 0.909666 1 1 1 1
 0.909666 1 1 1 1
 0.909666 1 1 1 1
 0.909666 1 1 1 1
 0.909666 1 1 1 1
 0.909666 1 1 1 1
 0.909666 1 1 1 1
 0.909666 1 1 1 1
 0.909666 1 1 1 1
 0.909666 1 1 1 1
 0.909666 1 1 1 1
 0.909666 1 1 1 1
 0.909666 1 1 1 1
 0.909666 1 1 1 1
 0.909666 1 1 1 1
 0.909666 1 1 1 1
 0.909666 1 1 1 1
 0.909666 1 1 1 1
 0.909666 1 1 1 1
 0.909666 1 1 1 1
 0.909666 1 1 1 1
 0.909666 1 1 1 1
 0.909666 1 1 1 1
 0.909666 1 1 1 1
 0.909666 1 1 1 1
 0.909666 1 1 1 1
 0.909666 1 1 1 1
 0.909666 1 1 1 1
 0.909666 1 1 1 1
pf_obs 
 0.8446 0.082 0.0669 0.0065 0
 0.8095 0.147 0.0364 0.0071 0
 0.9664 0.0169 0.016 0.0007 0
 0.9276 0.0648 0.0075 0.0001 0
 0.7033 0.2144 0.0806 0.0017 0
 0.9318 0.0425 0.0243 0.0014 0
 0.5671 0.3108 0.0964 0.0239 0.0018
 0.0768 0.2599 0.5324 0.112 0.0189
 0.490249 0.384438 0.106611 0.0170017 0.00170017
 0.7925 0.1577 0.0466 0.003 0.0002
 0.840416 0.127587 0.0312969 0.00059994 9.999e-05
 0.8084 0.0986 0.0794 0.0134 0.0002
 0.7335 0.1905 0.0724 0.0035 0.0001
 0.4001 0.4547 0.1325 0.0127 0
 0.49795 0.308269 0.164784 0.0264974 0.00249975
 0.9179 0.0499 0.0305 0.0017 0
 0.2467 0.6533 0.0926 0.0074 0
 0.9418 0.0223 0.034 0.0019 0
 0.707729 0.231977 0.0356964 0.0245975 0
 0.517169 0.277429 0.184464 0.0207286 0.00020938
 0.811772 0.124168 0.05621 0.00726502 0.000585176
 0.764997 0.148141 0.077277 0.00933861 0.000247198
 0.163321 0.427699 0.378323 0.0303852 0.000271297
 0.753843 0.0900009 0.118128 0.0371064 0.000921714
 0.721811 0.176058 0.0630433 0.0369309 0.00215725
 0.143369 0.312575 0.442814 0.0836902 0.0175525
 0.692698 0.0596174 0.167031 0.0765114 0.00414204
 0.394062 0.376323 0.152708 0.0712218 0.00568511
 0.125707 0.32114 0.495352 0.0537591 0.00404204
 0.23352 0.215282 0.420074 0.123614 0.00750983
 0.796117 0.104755 0.0508955 0.0450114 0.00322123
pf_pred 
 0.500751 0.179496 0.290449 0.0293024 2.0424e-06
 0.523638 0.294008 0.0668869 0.104901 0.0105662
 0.670614 0.215344 0.0714174 0.0156541 0.0269696
 0.704277 0.230088 0.0434743 0.0138885 0.00827184
 0.711319 0.236808 0.0407807 0.0073533 0.00373862
 0.893916 0.0849963 0.0174038 0.00289723 0.000786558
 0.409921 0.550408 0.0320014 0.00633212 0.00133781
 0.438411 0.318786 0.227177 0.0126111 0.00301499
 0.639056 0.198718 0.0932754 0.0645205 0.00443083
 0.821843 0.137216 0.0230009 0.0103251 0.00761422
 0.898685 0.0922956 0.0070414 0.00111284 0.000865142
 0.818545 0.169368 0.0110415 0.000816534 0.00022898
 0.753961 0.21998 0.0243955 0.00152003 0.000143578
 0.727113 0.231943 0.0367757 0.00390304 0.000265531
 0.819459 0.154722 0.0221398 0.00330548 0.000373464
 0.966337 0.0304357 0.00278635 0.000377871 6.26081e-05
 0.326029 0.661339 0.0114676 0.00100561 0.000158601
 0.953468 0.0212395 0.024836 0.000414078 4.19488e-05
 0.5717 0.416293 0.00558683 0.00630487 0.000115546
 0.703048 0.208462 0.0861071 0.00110969 0.00127249
 0.764505 0.190257 0.0321353 0.0127505 0.000351962
 0.812032 0.159326 0.0233081 0.00379169 0.00154286
 0.288736 0.628447 0.0706217 0.00992822 0.00226735
 0.793987 0.0825163 0.109554 0.0118926 0.00204988
 0.667397 0.287399 0.0184724 0.0237186 0.00301312
 0.422768 0.441536 0.117794 0.00732303 0.0105782
 0.777959 0.119896 0.0787212 0.0203382 0.00308533
 0.734299 0.226397 0.0215544 0.013685 0.00406461
 0.31546 0.557284 0.108942 0.0100511 0.00826277
 0.402849 0.251779 0.282791 0.0535881 0.00899311
 0.877137 0.0657767 0.0245794 0.0266258 0.00588072
pobs_RECLAS
 0 0 0 0 0
 0 0 0 0 0
 0 0 0 0 0
 0 0 0 0 0
 0 0 0 0 0
 0 0 0 0 0
 0 0 0 0 0
 0 0 0 0 0
 0 0 0 0 0
 0 0 0 0 0
 0.991045 0.00858322 0.000360255 1.14367e-05 0
 0.934742 0.0480273 0.0164251 0.00080598 0
 0.827803 0.169806 0.00239088 0 0
 0.941827 0.0461693 0.0120037 0 0
 0.791401 0.0380133 0.147996 0.0225897 0
 0.846168 0.0940531 0.0597789 0 0
 0.134021 0.677848 0.182769 0.00536245 0
 0.80878 0.0450904 0.141981 0.00414843 0
 0.846168 0.0940531 0.0597789 0 0
 0.905697 0.0802665 0.012482 0.00150086 5.37128e-05
 0.989698 0.0102097 9.19794e-05 0 0
 0.975433 0.0193895 0.00387452 0.00125025 5.28907e-05
 0.303575 0.632131 0.0575291 0.00676475 0
 0.966965 0.00978017 0.0227588 0.000495775 0
 0.843318 0.132988 0.00938335 0.0141283 0.000182051
 0.564624 0.303363 0.111486 0.0197234 0.00080311
 0.826376 0.0876187 0.0782897 0.00655872 0.00115652
 0.89761 0.0855135 0.0140674 0.00269457 0.000114338
 0.34875 0.467042 0.161289 0.0227151 0.000203297
 0.318654 0.224769 0.449479 0.00709798 0
 0.937255 0.0296025 0.0250945 0.00804832 0
ppred_RECLAS
 0.607811 0.143526 0.225904 0.0227571 1.58606e-06
 0.631754 0.22989 0.0507988 0.0795458 0.00801159
 0.760399 0.15825 0.050976 0.0111561 0.0192187
 0.792659 0.16248 0.0297319 0.00948201 0.00564686
 0.791059 0.17227 0.0288389 0.00519217 0.00263963
 0.928347 0.0577329 0.0114914 0.00191009 0.000518523
 0.525632 0.443422 0.0249711 0.00493259 0.00104203
 0.544309 0.261736 0.18149 0.0100602 0.00240495
 0.739275 0.145597 0.0662423 0.0457447 0.00314116
 0.886129 0.0884476 0.0142957 0.0064048 0.00472271
 0.930982 0.0630284 0.00467755 0.000738165 0.000573816
 0.877438 0.114636 0.00724178 0.000534641 0.000149915
 0.828837 0.153532 0.0165072 0.00102683 9.69825e-05
 0.818069 0.15548 0.023763 0.00251702 0.00017122
 0.881782 0.101807 0.0140757 0.00209763 0.000236975
 0.978384 0.0196012 0.00174002 0.000235584 3.90298e-05
 0.429118 0.560492 0.00943449 0.00082601 0.000130264
 0.969646 0.0140715 0.0159893 0.000266174 2.69629e-05
 0.675591 0.315584 0.00410994 0.00463071 8.48573e-05
 0.788153 0.15004 0.0601457 0.000773876 0.000887332
 0.834489 0.134471 0.0220591 0.00873885 0.000241206
 0.871 0.10984 0.015596 0.00253305 0.00103063
 0.384179 0.545915 0.0596252 0.00836956 0.00191124
 0.856842 0.0583182 0.0752746 0.00815913 0.00140624
 0.754615 0.212863 0.0133016 0.0170536 0.00216625
 0.528672 0.362891 0.094151 0.00584447 0.00844176
 0.844305 0.0851755 0.0543674 0.0140251 0.00212745
 0.808288 0.164033 0.0151895 0.00962961 0.00285988
 0.412787 0.480506 0.0913708 0.00841749 0.00691929
 0.513445 0.208612 0.227644 0.0430713 0.00722761
 0.917926 0.0445543 0.0161693 0.0174881 0.0038622
pobs_PELACES
 0 0 0 0 0
 0 0 0 0 0
 0 0 0 0 0
 0 0 0 0 0
 0 0 0 0 0
 0 0 0 0 0
 0 0 0 0 0
 0 0 0 0 0
 0 0 0 0 0
 0 0 0 0 0
 0 0 0 0 0
 0 0 0 0 0
 0 0 0 0 0
 0 0 0 0 0
 0 0 0 0 0
 0 0 0 0 0
 0.505614 0.472636 0.0217494 0 0
 0 0 0 0 0
 0.443492 0.261883 0.143347 0.151278 0
 0.227955 0.32914 0.350689 0.0885471 0.00366901
 0.970185 0.0296113 0.000203453 0 0
 0.997202 0.00247181 0.000326279 0 0
 0.445219 0.490057 0.0546422 0.010081 0
 0.90214 0.0892962 0.00764917 0.000914606 0
 0 0 0 0 0
 0.581667 0.319106 0.0959925 0.00289975 0.000334073
 0.762889 0.0836404 0.116647 0.0363945 0.000428098
 0.88444 0.0763242 0.0277011 0.0115352 0
 0.521256 0.241999 0.230069 0.00667565 0
 0.616807 0.101726 0.260614 0.0208532 0
 0.833518 0.0704572 0.0857862 0.0102388 0
ppred_PELACES
 0.594637 0.148637 0.233233 0.0234915 1.63723e-06
 0.627579 0.233041 0.0511854 0.0801248 0.00806978
 0.757078 0.160779 0.051479 0.0112625 0.0194017
 0.798646 0.158152 0.0286383 0.00912806 0.00543591
 0.784537 0.177788 0.0296304 0.00533339 0.0027114
 0.925735 0.0598901 0.0118675 0.00197214 0.00053536
 0.5339 0.435989 0.0243006 0.00479746 0.00101345
 0.527767 0.271493 0.18784 0.010411 0.00248879
 0.743937 0.143595 0.064726 0.0446751 0.00306763
 0.895981 0.0810825 0.0129021 0.00577557 0.00425855
 0.927132 0.0665612 0.00492533 0.000777144 0.000604112
 0.880161 0.112159 0.00701695 0.00051777 0.000145181
 0.831263 0.151496 0.0161423 0.00100364 9.47904e-05
 0.83308 0.142982 0.0215072 0.00227612 0.000154825
 0.889074 0.0957056 0.0130565 0.00194435 0.000219649
 0.978679 0.0193497 0.00170274 0.000230428 3.81745e-05
 0.427213 0.562434 0.00940082 0.000822748 0.000129747
 0.96881 0.0144994 0.0163905 0.000272776 2.76313e-05
 0.675378 0.315857 0.00408244 0.00459784 8.42531e-05
 0.788078 0.15042 0.0598497 0.000769756 0.00088259
 0.832088 0.136583 0.0222674 0.00881842 0.000243398
 0.870606 0.110296 0.0155467 0.00252405 0.00102694
 0.375952 0.553511 0.0601654 0.00844319 0.00192803
 0.851869 0.0604961 0.077756 0.00842617 0.00145225
 0.746672 0.219879 0.0136826 0.017538 0.00222776
 0.516145 0.372841 0.0963906 0.00598235 0.00864083
 0.839055 0.0882219 0.0560691 0.0144606 0.0021935
 0.799738 0.17143 0.0158232 0.0100296 0.00297865
 0.399036 0.492029 0.0932809 0.00859206 0.00706273
 0.507648 0.211772 0.229816 0.0434693 0.00729428
 0.916808 0.0452942 0.0163355 0.0176619 0.00390052
pobs_pel_tallas
 0 0 0 0 0 0 0 0 0 0 0 0 0 0 0 0 0 0 0 0 0 0 0 0 0 0
 0 0 0 0 0 0 0 0 0 0 0 0 0 0 0 0 0 0 0 0 0 0 0 0 0 0
 0 0 0 0 0 0 0 0 0 0 0 0 0 0 0 0 0 0 0 0 0 0 0 0 0 0
 0 0 0 0 0 0 0 0 0 0 0 0 0 0 0 0 0 0 0 0 0 0 0 0 0 0
 0 0 0 0 0 0 0 0 0 0 0 0 0 0 0 0 0 0 0 0 0 0 0 0 0 0
 0 0 0 0 0 0 0 0 0 0 0 0 0 0 0 0 0 0 0 0 0 0 0 0 0 0
 0 0 0 0 0 0 0 0 0 0 0 0 0 0 0 0 0 0 0 0 0 0 0 0 0 0
 0 0 0 0 0 0 0 0 0 0 0 0 0 0 0 0 0 0 0 0 0 0 0 0 0 0
 0 0 0 0 0 0 0 0 0 0 0 0 0 0 0 0 0 0 0 0 0 0 0 0 0 0
 0 0 0 0 0 0 0 0 0 0 0 0 0 0 0 0 0 0 0 0 0 0 0 0 0 0
 0 0 0 0 0 0 0 0 0 0 0 0 0 0 0 0 0 0 0 0 0 0 0 0 0 0
 0 0 0 0 0 0 0 0 0 0 0 0 0 0 0 0 0 0 0 0 0 0 0 0 0 0
 0.00862536 0 0 0.000197151 0.00414017 0.0128641 0.00837892 0.0270097 0.101434 0.158115 0.152841 0.127902 0.109271 0.109419 0.0830992 0.0579132 0.0238553 0.00714673 0.00463305 0.00128148 0.00103504 0.000492878 0.000147863 0.000147863 4.92878e-05 0
 0 0 0 0 0 0 0 0 0 0 0 0 0 0 0 0 0 0 0 0 0 0 0 0 0 0
 0 0 0 0 0 0 0 0.0054083 0.00873648 0.0413646 0.0450493 0.0745869 0.0622846 0.0627006 0.0613931 0.0827291 0.12552 0.122667 0.0946155 0.0697135 0.0546179 0.0294188 0.0215738 0.0213955 0.0102223 0.00600262
 0 0 0 0 0.00359764 0.0251062 0.0480494 0.140153 0.205849 0.193036 0.1447 0.116669 0.0760912 0.0342217 0.00950174 0.001854 0.000860785 0 0 0 0.000165536 0 0.000143464 0 0 0
 0 0 0 0 0 0 0 0.000145254 0.000435761 0.0275982 0.070085 0.0708112 0.156366 0.174668 0.174014 0.160142 0.0824315 0.0480064 0.0283245 0.00493863 0.00203355 0 0 0 0 0
 0 0 0 0 0 0 0 0 0 0 0 0 0 0 0 0 0 0 0 0 0 0 0 0 0 0
 0 0 1.00437e-05 0.000401748 0.00122533 0.00171747 0.00176769 0.0269171 0.070346 0.194647 0.189555 0.159765 0.064822 0.0314167 0.0384472 0.0292271 0.0345202 0.0313363 0.0194345 0.0106764 0.0143323 0.0359363 0.0279516 0.0138201 0.00172751 0
 0 0.0021121 0.0136068 0.0755702 0.200478 0.177729 0.0527432 0.0373336 0.0318909 0.0142505 0.0149659 0.0166563 0.0217959 0.0798694 0.0677717 0.0528807 0.04013 0.0224614 0.0357745 0.0225083 0.00881397 0.00855152 0.00135912 0.000746735 0 0
 0 0 0 0 5.4009e-05 0.00500934 0.000945158 0.0243581 0.138947 0.33067 0.221406 0.137944 0.0707744 0.0437923 0.0131692 0.00525238 0.0047753 0.00276346 9.45158e-05 9.00151e-06 2.25038e-05 9.00151e-06 4.50075e-06 0 0 0
 0.000866109 0.00284123 0.00948549 0.0512746 0.133035 0.25785 0.225252 0.132002 0.0553304 0.0519788 0.0540692 0.017754 0.00435017 0.00159236 0.00146478 0.000404838 0.000125132 0.000115318 0.000107957 0.000100596 0 0 0 0 0 0
 0 0 0 0 0.00144013 0.00171154 0.00461396 0.0210425 0.0478622 0.0707936 0.0888783 0.103762 0.0637923 0.0337046 0.0602308 0.124433 0.169614 0.0934646 0.0462172 0.0250306 0.0313229 0.00938855 0.002487 0.000210481 0 0
 0 0.00764035 0.051015 0.0998891 0.058973 0.0496711 0.0374665 0.0718981 0.12319 0.153886 0.159021 0.0857701 0.0377988 0.023471 0.0147837 0.00900784 0.00315554 0.000888139 0.00291439 0.00214683 0.00393193 0.00274676 0.000635225 9.99891e-05 0 0
 0 0 0 0 0 0 0 0 0 0 0 0 0 0 0 0 0 0 0 0 0 0 0 0 0 0
 0 0 0 0 0 0 0 0 0 0 0 0 0 0 0 0 0 0 0 0 0 0 0 0 0 0
 0 0 0 0 0 0 0 0 0 0 0 0 0 0 0 0 0 0 0 0 0 0 0 0 0 0
 0 0 0 0 0 0 0 0 0 0 0 0 0 0 0 0 0 0 0 0 0 0 0 0 0 0
 0 0 0 0 0 0 0 0 0 0 0 0 0 0 0 0 0 0 0 0 0 0 0 0 0 0
 0 0 0 0 0 0 0 0 0 0 0 0 0 0 0 0 0 0 0 0 0 0 0 0 0 0
 0 0 0 0 0 0 0 0 0 0 0 0 0 0 0 0 0 0 0 0 0 0 0 0 0 0
ppred_pel_tallas
 1.09125e-16 4.89795e-05 0.000476098 0.00316384 0.0143824 0.044749 0.095343 0.139159 0.139174 0.0954148 0.044991 0.0150856 0.00494518 0.00441783 0.00769029 0.0130404 0.0197206 0.0267545 0.03311 0.0382022 0.0420356 0.0447998 0.0463291 0.0459978 0.0431722 0.0377975
 1.10938e-16 5.16929e-05 0.000502473 0.00333911 0.0151791 0.047228 0.100625 0.14687 0.146893 0.100735 0.0475977 0.0162477 0.00602444 0.00637516 0.0112375 0.0185854 0.0269896 0.0344372 0.0389436 0.0396791 0.037481 0.0342462 0.0316799 0.0303755 0.0297893 0.0288873
 1.0594e-16 6.23595e-05 0.000606157 0.00402813 0.0183113 0.0569733 0.121388 0.177173 0.177188 0.121464 0.0572286 0.0190493 0.00588319 0.00466416 0.00779413 0.0128526 0.0186658 0.0238092 0.0268772 0.0272366 0.0253895 0.0225857 0.0200067 0.0181678 0.0168934 0.0157013
 1.02703e-16 6.57834e-05 0.000639438 0.00424929 0.0193167 0.0601014 0.128053 0.1869 0.186916 0.128128 0.0603518 0.0200399 0.00606529 0.00460581 0.00760472 0.0124843 0.0180166 0.0227404 0.0252136 0.0247768 0.0219384 0.0180132 0.0143141 0.0115294 0.00964717 0.00828928
 1.01895e-16 6.46213e-05 0.000628142 0.00417423 0.0189754 0.0590397 0.125791 0.183599 0.183616 0.125875 0.059321 0.019788 0.00621413 0.00508237 0.00852719 0.0140031 0.0201848 0.0254222 0.0280762 0.0273871 0.0239159 0.019147 0.0145861 0.0110592 0.00861919 0.0069026
 1.00647e-16 7.62516e-05 0.000741192 0.00492548 0.0223905 0.0696653 0.14843 0.216638 0.216644 0.148458 0.0697601 0.0226645 0.00561332 0.00224357 0.00293193 0.00473258 0.00682434 0.00861104 0.00953973 0.00935398 0.00823765 0.00668063 0.00517722 0.0039949 0.00314757 0.00251823
 1.01466e-16 4.39767e-05 0.000427469 0.00284069 0.0129134 0.0401785 0.0856061 0.124953 0.124995 0.0858111 0.0408667 0.0149002 0.00782484 0.0112979 0.0206593 0.0340066 0.0488006 0.0609819 0.0664423 0.0632853 0.0529726 0.0393767 0.0265305 0.0168058 0.0105578 0.00692094
 1.06956e-16 4.34715e-05 0.000422559 0.00280805 0.012765 0.0397169 0.0846219 0.123514 0.12354 0.084751 0.040151 0.0140219 0.00597403 0.00737037 0.0133451 0.0222698 0.0327173 0.0424704 0.0492405 0.0518792 0.0509074 0.0478718 0.0441247 0.0400868 0.0354567 0.0299301
 1.06905e-16 6.12771e-05 0.000595635 0.00395821 0.0179934 0.0559843 0.119281 0.174097 0.174111 0.119349 0.0562132 0.0186554 0.00562412 0.00424647 0.00703694 0.0116484 0.0170411 0.022003 0.0253462 0.0265474 0.0260322 0.0247987 0.0236905 0.0229112 0.0220859 0.020688
 1.01694e-16 7.38008e-05 0.00071737 0.00476718 0.0216709 0.0674263 0.143659 0.209676 0.209684 0.143697 0.0675546 0.0220415 0.00569776 0.00274962 0.00393579 0.00639642 0.00922343 0.0116354 0.0128924 0.0126619 0.0112141 0.00923487 0.00740619 0.00608071 0.00523933 0.00466389
 1.0034e-16 7.63667e-05 0.000742311 0.00493292 0.0224243 0.0697705 0.148654 0.216966 0.216972 0.148685 0.0698756 0.0227278 0.0056943 0.0024032 0.00322712 0.00520482 0.00746822 0.00934465 0.0102053 0.00976169 0.00823524 0.00621191 0.00429922 0.00285051 0.00191362 0.00135421
 1.00308e-16 7.24977e-05 0.000704704 0.004683 0.0212883 0.0662357 0.141123 0.205975 0.205986 0.141175 0.0664128 0.0217994 0.00596539 0.0035017 0.00537724 0.00875572 0.0125606 0.0156989 0.0171098 0.0163035 0.0136527 0.0101495 0.00682812 0.00429861 0.0026565 0.00168672
 1.00622e-16 6.84701e-05 0.000665554 0.00442284 0.0201056 0.062556 0.133283 0.194533 0.194548 0.133354 0.0627954 0.0207968 0.00615738 0.00445039 0.00725154 0.0118664 0.0170551 0.0213773 0.023412 0.0224984 0.0191247 0.0145973 0.0102685 0.00692164 0.00466678 0.00322385
 1.00912e-16 6.86197e-05 0.000667008 0.0044325 0.0201495 0.0626927 0.133574 0.194958 0.194972 0.133641 0.0629189 0.0208026 0.00607193 0.00424594 0.00686572 0.0112417 0.0161864 0.0203504 0.022404 0.0217271 0.0187681 0.0147286 0.0108399 0.00779741 0.0056779 0.00421782
 1.00634e-16 7.32319e-05 0.00071184 0.00473043 0.0215038 0.0669065 0.142552 0.20806 0.208069 0.142597 0.0670578 0.0219409 0.00582735 0.00310618 0.00461974 0.00751928 0.0108192 0.0135927 0.0149471 0.0144684 0.0124607 0.00973538 0.00712437 0.00509827 0.00370808 0.00277088
 1.00084e-16 8.06125e-05 0.000783582 0.00520718 0.0236711 0.0736495 0.156918 0.229027 0.229029 0.156927 0.0736801 0.0237593 0.00542861 0.00126667 0.00099721 0.0015187 0.00217442 0.00272252 0.00297683 0.00285301 0.00241448 0.00182994 0.00127422 0.000848854 0.000567882 0.000393918
 1.0052e-16 3.51891e-05 0.00034205 0.00227305 0.010333 0.03215 0.068501 0.0999905 0.100045 0.0687653 0.033037 0.0128934 0.00869433 0.014341 0.0265663 0.0437185 0.0626332 0.0780433 0.0846059 0.079859 0.0657281 0.0473167 0.0299861 0.016957 0.00879405 0.00439134
 1.00509e-16 7.97996e-05 0.00077568 0.00515467 0.0234324 0.0729068 0.155336 0.226717 0.226719 0.155343 0.0729302 0.0235002 0.00532598 0.00115313 0.000806759 0.00123366 0.00183007 0.00242667 0.00290517 0.00320363 0.0033342 0.00334727 0.00327382 0.00310104 0.00279891 0.00236547
 1.00674e-16 5.56301e-05 0.000540744 0.00359344 0.0163353 0.0508252 0.10829 0.158058 0.158089 0.108438 0.0513233 0.0177731 0.00719952 0.00840236 0.0149554 0.0245554 0.0351785 0.0438412 0.047547 0.0449216 0.0370561 0.0268229 0.01723 0.0100706 0.00563342 0.0032648
 1.01993e-16 6.49129e-05 0.000630977 0.00419306 0.0190611 0.0593061 0.126359 0.184427 0.184442 0.12643 0.0595452 0.0197523 0.00593093 0.00443375 0.00731328 0.0120553 0.0175157 0.0223467 0.0252025 0.0254319 0.023418 0.0202389 0.0169486 0.0140677 0.0115866 0.00929957
 1.01604e-16 6.8538e-05 0.000666214 0.00442723 0.0201255 0.0626181 0.133415 0.194726 0.194739 0.133479 0.0628342 0.0207498 0.00599452 0.00408863 0.00657133 0.0107632 0.0155172 0.0195539 0.0216179 0.0211313 0.0185295 0.0149522 0.0115474 0.00893233 0.00712505 0.005827
 1.00904e-16 7.17107e-05 0.000697054 0.00463217 0.0210572 0.0655167 0.139591 0.203739 0.20375 0.139643 0.0656911 0.0215609 0.00589657 0.00345714 0.00531327 0.00866939 0.012479 0.0156862 0.0172656 0.0167424 0.0144684 0.0113775 0.00842451 0.00614486 0.00458887 0.0035377
 1.03051e-16 3.09668e-05 0.000301008 0.00200031 0.00909314 0.0282924 0.060282 0.0879945 0.0880478 0.0605425 0.029167 0.0116189 0.00833866 0.0141323 0.0262831 0.0433596 0.0623565 0.0781968 0.085715 0.0825119 0.0703798 0.0540889 0.0385598 0.0266171 0.0186129 0.0134771
 1.03351e-16 7.01674e-05 0.000682052 0.00453247 0.020604 0.0641066 0.136586 0.199353 0.199359 0.136615 0.0642046 0.0208883 0.00525135 0.00226876 0.00313454 0.00520373 0.00779831 0.0104498 0.0127102 0.0143408 0.0153858 0.0160112 0.0162656 0.0159967 0.0149909 0.0131911
 1.02587e-16 6.15024e-05 0.000597826 0.00397276 0.0180596 0.0561903 0.11972 0.174739 0.174761 0.119824 0.0565375 0.0190622 0.0064884 0.00608608 0.010475 0.0171952 0.0247089 0.0309619 0.0339129 0.0326414 0.0279103 0.0216695 0.0159049 0.0117155 0.00915179 0.00765297
 1.0494e-16 4.25143e-05 0.000413254 0.00274622 0.0124839 0.0388424 0.0827591 0.120797 0.120833 0.082935 0.0394333 0.0141917 0.00703601 0.00978826 0.0178775 0.029566 0.0427674 0.0541537 0.0603388 0.0597281 0.0534163 0.0443491 0.0354712 0.0283344 0.0229793 0.0187167
 1.03463e-16 6.91119e-05 0.000671792 0.00446429 0.020294 0.0631423 0.134532 0.196355 0.196363 0.134574 0.0632833 0.0207022 0.00549242 0.0029278 0.00438782 0.00723405 0.0106239 0.0138002 0.0160314 0.0169705 0.0168201 0.016111 0.0152871 0.0144488 0.0134189 0.0119956
 1.02011e-16 6.58734e-05 0.000640313 0.00425511 0.0193431 0.0601837 0.128228 0.187156 0.187173 0.128309 0.0604545 0.0201253 0.006218 0.0049237 0.00819615 0.0134338 0.0193191 0.0242419 0.0266125 0.0257086 0.02211 0.0173133 0.0128417 0.00953841 0.00744858 0.00616001
 1.04875e-16 3.28681e-05 0.00031949 0.00212313 0.00965145 0.0300295 0.0639828 0.0933947 0.0934421 0.0642147 0.0308083 0.0119012 0.007772 0.0126563 0.0234779 0.0388006 0.0559794 0.070576 0.0780677 0.0763391 0.066905 0.0538157 0.0411791 0.0312513 0.0241977 0.0190821
 1.1228e-16 4.18144e-05 0.000406451 0.00270101 0.0122784 0.0382028 0.0813958 0.118804 0.118825 0.0814973 0.0385444 0.0132692 0.00520381 0.00592193 0.0106689 0.0179695 0.0268115 0.0356619 0.0429322 0.0478194 0.0506056 0.0520903 0.0526881 0.0520289 0.0493572 0.0442751
 1.02915e-16 7.55163e-05 0.000734045 0.00487799 0.0221746 0.0689935 0.146998 0.214549 0.214553 0.14702 0.0690656 0.0223831 0.00540251 0.00188298 0.00226932 0.00366394 0.00534805 0.00689486 0.00793186 0.00830776 0.00817953 0.00788816 0.00771746 0.00772676 0.00776272 0.00759968
pSPR Fmed_Fpbrs
0.356641   0.248446 0.248446
Fs Fmed_Fpbrs
0.69455   1.005 1.005
SSBpbr Bo_Bmed_Bpbrs
1.2335e+06  378243  244784 244784
Ro
99266.2
SPR SPRFo_SPRFmed_SPRFpbrs
708524 252689 176030
Fref
1.005
Nvult_r0
 107684 6239.97 2295.66 2484.72 548.766
CTP_r0
 34260.7 2569.22 960.066 1040 229.699
YTP_r0
391224
Np
 118692 22763 4471.75 188.118 76.6248
Nvult_p0
 95929.3 19610.9 3868.67 162.784 66.3065
CTP_p0
 37839.6 13749.6 604.43 217.493 277.23
 37839.6 9691.81 1937.71 81.5917 33.2358
YTP_p0
 528622 483629
CBA_c0
515124
log_Ro
11.3256
likeval ReclasPelacesDesembMPH_pf_preclas_ppelaces_ptallas_desvR_qrecl_qpela
 11.865 17.1227 0.0262422 0.000851331 247.194 116.028 103.235 0 28.6836 3.54167e-05 6.72489e-05 0.00947127 0 0 0
q_reclas_q_pelaces
2.32404 3.21135
M
1
N
 123258 30820.1 48735.3 4910.71 0.342259
 88540 36065.3 8042.55 12600 1269.07
 89051 20745.6 6744.04 1476.67 2543.93
 83687.5 20863.7 3878.89 1238.11 737.368
 59453 14069.6 2371.25 427.077 217.125
 231965 15683.5 3142.94 522.609 141.873
 59712.1 61079 3493.8 690.721 145.924
 20279.2 10161.9 7069.98 391.969 93.7032
 26991.5 6325.87 2918.97 2017.28 138.526
 37047.2 4951.42 819.46 367.609 271.082
 59294.6 4239.33 316.01 49.8814 38.7761
 111983 17537.5 1124.28 83.0685 23.2937
 91046 19952.7 2174.68 135.375 12.7865
 66776.4 17096.6 2676.89 283.912 19.3144
 50336.7 7459.15 1052.37 157.002 17.7378
 289238 6823.71 613.833 83.1674 13.779
 37143.9 55332 941.358 82.4655 13.0055
 505192 8076.06 9249.03 154.034 15.6037
 234494 126207 1662.62 1874.46 34.3504
 223651 48948.5 19844.9 255.494 292.961
 260386 47095.5 7798.37 3090.94 85.3171
 417523 60353.8 8664.85 1408.16 572.959
 57240.7 88972.7 9788.6 1374.56 313.896
 199670 14708.1 19106.7 2071.73 357.073
 175495 53535.1 3366.65 4317.75 548.478
 64366.5 47203.3 12312.6 764.533 1104.31
 166182 18174.8 11677.2 3013.41 457.11
 205284 44258.3 4118.5 2611.67 775.648
 48146.9 59286 11325.1 1043.57 857.842
 31393.7 14145.6 15566.2 2946.54 494.458
 139978 7634.84 2797.11 3026.8 668.478
pred_Ctot
 16243.9 5822.68 9421.88 950.543 0.0662536
 21075.7 11833.5 2692.11 4222.13 425.275
 21200.4 6807.76 2257.74 494.878 852.6
 30574.2 9988.61 1887.31 602.93 359.098
 10923.7 3636.66 626.269 112.924 57.414
 42825.8 4072.01 833.781 138.8 37.6824
 21569.7 28962.1 1683.89 333.192 70.3945
 1975.7 1436.61 1023.78 56.8322 13.5871
 9043.6 2812.15 1319.99 913.062 62.7029
 17673.6 2950.82 494.631 222.04 163.743
 7478.8 768.078 58.598 9.26101 7.19965
 38679 8003.23 521.746 38.584 10.8201
 29734.1 8675.4 962.089 59.9457 5.66231
 32255.3 10289.2 1631.4 173.142 11.7791
 21738.3 4104.42 587.317 87.6866 9.90712
 92479.1 2912.72 266.656 36.1625 5.99164
 10018.2 20321.5 352.375 30.9002 4.87347
 105746 2355.61 2754.48 45.9242 4.65241
 67112 48868.6 655.839 740.13 13.5639
 63227.3 18747.7 7743.88 99.7979 114.439
 63205.9 15729.6 2656.8 1054.15 29.0987
 116036 22766.9 3330.63 541.815 220.468
 11232.5 24447.9 2747.34 386.229 88.2049
 35117.6 3649.65 4845.51 526.005 90.6651
 30593.9 13174.5 846.787 1087.27 138.123
 9663.67 10092.7 2692.55 167.39 241.798
 29769.3 4587.93 3012.34 778.26 118.063
 28449.3 8771.41 835.093 530.205 157.477
 6241.74 11026.5 2155.55 198.872 163.489
 6954.92 4346.8 4882.21 925.164 155.26
 34260.7 2569.22 960.066 1040 229.699
F
 0.228951 0.343422 0.352703 0.353206 0.353232
 0.45112 0.676671 0.694958 0.695948 0.696
 0.451197 0.676786 0.695076 0.696066 0.696119
 0.783075 1.17459 1.20634 1.20806 1.20815
 0.332576 0.498857 0.512339 0.513069 0.513107
 0.334419 0.501621 0.515177 0.515911 0.51595
 0.770886 1.15631 1.18756 1.18925 1.18934
 0.164949 0.24742 0.254107 0.254469 0.254488
 0.695848 1.04376 1.07197 1.07349 1.07357
 1.16779 1.75166 1.799 1.80156 1.80169
 0.218178 0.327263 0.336107 0.336586 0.336611
 0.724983 1.08746 1.11685 1.11844 1.11852
 0.672485 1.00871 1.03597 1.03745 1.03753
 1.19191 1.78784 1.83615 1.83877 1.83891
 0.99833 1.49747 1.53794 1.54013 1.54025
 0.653899 0.980835 1.00734 1.00878 1.00885
 0.525896 0.788832 0.810151 0.811305 0.811366
 0.387012 0.580509 0.596198 0.597047 0.597092
 0.566662 0.849981 0.872952 0.874195 0.874261
 0.557911 0.836855 0.859471 0.860696 0.86076
 0.461942 0.692903 0.711629 0.712643 0.712696
 0.546011 0.819005 0.841139 0.842337 0.842401
 0.358864 0.538288 0.552836 0.553623 0.553665
 0.316326 0.474483 0.487306 0.488 0.488037
 0.313147 0.469714 0.482408 0.483096 0.483132
 0.264555 0.396827 0.407552 0.408132 0.408163
 0.323038 0.48455 0.497646 0.498355 0.498392
 0.242021 0.363027 0.372838 0.373369 0.373397
 0.224851 0.337271 0.346386 0.34688 0.346906
 0.413886 0.62082 0.637598 0.638506 0.638554
 0.466618 0.699917 0.718833 0.719857 0.719911
YTP_r0W_actual
 284364 36226 26497.8 35567.9 8567.79
YTP_p0W_proyectada
 283419 215456 13980.5 6387.77 9378.68
 283419 151871 44819.2 2396.35 1124.37
CTP_r0_actual
 34260.7 2569.22 960.066 1040 229.699
CTP_p0_proyectada
 37839.6 13749.6 604.43 217.493 277.23
 37839.6 9691.81 1937.71 81.5917 33.2358
Wmedp
 7.49 15.67 23.13 29.37 33.83
Frms_r0
 0.466618 0.699917 0.718833 0.719857 0.719911
Zrms_r0
 1.46662 1.69992 1.71883 1.71986 1.71991
nmprior
 8.19 8.8 8.5 0
nm_flota  nm_reclas  nm_pelaces    nm_pelaL
inf 19.8125 14.8665 33.4095
cv_recla  cv_pelaces  cv_mph
0.311573 0.4692 0.90044
 ------------------------------------------------
Talla a la edad & desviaci?n 
 8 13.2811 15.8009 17.003 17.5766
 0.8 1.32811 1.58009 1.7003 1.75766
