years
 1991 1992 1993 1994 1995 1996 1997 1998 1999 2000 2001 2002 2003 2004 2005 2006 2007 2008 2009 2010 2011 2012 2013 2014 2015 2016 2017 2018 2019 2020 2021
reclasobs
 0 0 0 0 0 0 0 0 0 252601 567819 844713 477998 351125 339783 2.1784e+06 2.13404e+06 4.81314e+06 1.55562e+06 2.62356e+06 3.21686e+06 3.843e+06 1.13348e+06 3.07943e+06 1.97215e+06 2.03268e+06 2.025e+06 2.42433e+06 2.27542e+06 1.05018e+06 2.36338e+06
reclaspred
 4.61964e+06 2.66853e+06 1.37036e+06 1.70165e+06 1.97239e+06 2.86747e+06 2.03277e+06 1.76059e+06 1.20312e+06 818179 694451 788124 763861 619056 643391 1.458e+06 1.55988e+06 3.11941e+06 2.67786e+06 2.05626e+06 3.60835e+06 2.89887e+06 2.44923e+06 3.56841e+06 2.77538e+06 2.5388e+06 2.87985e+06 2.92827e+06 2.56451e+06 1.73134e+06 2.45304e+06
pelacesobs
 0 0 0 0 0 0 0 0 0 0 0 0 0 0 0 552880 188675 0 991730 2.46772e+06 1.41603e+06 1.21717e+06 2.29649e+06 1.80582e+06 0 1.4828e+06 1.56532e+06 1.57751e+06 1.42118e+06 867257 1.10002e+06
pelacespred
 2.18639e+06 1.41181e+06 735098 772147 888437 1.36683e+06 956007 941593 653220 425495 374827 344173 359971 311162 335231 631325 650965 1.51594e+06 1.33734e+06 952727 1.61011e+06 1.42293e+06 1.17565e+06 1.90389e+06 1.41289e+06 1.28123e+06 1.6785e+06 1.69774e+06 1.18314e+06 906147 1.33671e+06
mphobs
 0 0 0 0 0 0 0 0 0 0 0 498337 0 5186 125008 0 168611 109162 213762 579715 649985 157893 87575 83554 0 0 0 0 0 0 0
mphpred
 4.10725e+06 2.78914e+06 1.44181e+06 802166 1.21992e+06 1.50082e+06 1.87496e+06 1.3016e+06 1.0773e+06 709971 435504 485564 473746 405203 293234 383410 1.05583e+06 1.07349e+06 1.90835e+06 1.48458e+06 1.64055e+06 2.01118e+06 1.88119e+06 1.62359e+06 2.2026e+06 1.838e+06 1.56479e+06 1.62677e+06 2.16902e+06 1.53388e+06 1.01812e+06
desembarqueobs
 494567 514787 250237 358949 120608 361735 552515 73892 212993 205616 52469 317467 293654 387597 252695 516296 358380 742168 942051 627588 828172 859565 418607 520667 417249 300574 415391 372974 316634 284311 391294
desembarquepred
 494576 512758 251474 358964 120610 361755 552614 73895.3 213051 205679 52472 317577 293741 387704 252712 516306 358416 742120 941978 627537 828289 859673 418636 520708 417268 300586 415407 372974 316641 284331 391305
Reclutas
 238263 138658 132107 366771 285742 388219 162545 77109.1 59941.3 72585.7 116271 152520 134387 97604.5 101266 479880 124899 713787 453272 353863 503094 663979 163776 419140 366229 175977 361136 389722 135679 108196 377160
log_desv_Rt
 0.106432 -0.434931 -0.48333 0.537793 0.288145 0.594624 -0.275989 -1.02172 -1.27358 -1.08218 -0.611023 -0.339651 -0.466218 -0.786021 -0.749199 0.806591 -0.53944 1.20364 0.749547 0.501965 0.853832 1.13131 -0.268447 0.67126 0.536313 -0.196591 0.52231 0.598488 -0.456652 -0.683001 0.565725
SSB
 4.10725e+06 2.78914e+06 1.44181e+06 802166 1.21992e+06 1.50082e+06 1.87496e+06 1.3016e+06 1.0773e+06 709971 435504 485564 473746 405203 293234 383410 1.05583e+06 1.07349e+06 1.90835e+06 1.48458e+06 1.64055e+06 2.01118e+06 1.88119e+06 1.62359e+06 2.2026e+06 1.838e+06 1.56479e+06 1.62677e+06 2.16902e+06 1.53388e+06 1.01812e+06
BT
 5.4709e+06 3.77159e+06 1.95095e+06 2.10878e+06 2.15937e+06 3.50348e+06 2.71448e+06 2.2544e+06 1.73012e+06 1.19187e+06 923941 1.0777e+06 1.11273e+06 1.13566e+06 1.04326e+06 1.91396e+06 1.79473e+06 4.2322e+06 4.03705e+06 2.77898e+06 4.45808e+06 4.12724e+06 3.10071e+06 4.96574e+06 3.6698e+06 3.25194e+06 4.36876e+06 4.3626e+06 3.00061e+06 2.37552e+06 3.52468e+06
Ftot
 0.101822 0.181421 0.173396 0.198882 0.0583677 0.119783 0.254859 0.040127 0.167419 0.236125 0.0720307 0.373378 0.35694 0.568039 0.364488 0.329843 0.216243 0.223797 0.327479 0.285324 0.216062 0.277488 0.161684 0.13832 0.142466 0.112491 0.136751 0.120917 0.117269 0.155436 0.151041
BD_Bspro_t
 0.98384 0.879157 0.750065 0.679765 0.731174 0.797098 0.787272 0.682434 0.719811 0.675672 0.630301 0.734583 0.60461 0.516056 0.419518 0.484253 0.618642 0.608393 0.678703 0.590798 0.568859 0.614357 0.625571 0.628952 0.723961 0.733774 0.746252 0.774584 0.808029 0.754248 0.706883
BD_Bspro
 2.68635 1.82424 0.943018 0.524658 0.797889 0.981617 1.22632 0.851315 0.70461 0.464358 0.284842 0.317584 0.309855 0.265024 0.19179 0.25077 0.690568 0.702118 1.24816 0.970994 1.073 1.31542 1.2304 1.06191 1.44061 1.20214 1.02345 1.06399 1.41865 1.00324 0.665906
BD_Bo
 1.88968 1.28324 0.663355 0.369064 0.561265 0.690506 0.86264 0.598847 0.495649 0.326647 0.200369 0.223401 0.217963 0.186428 0.134913 0.176401 0.485771 0.493896 0.878005 0.683034 0.754791 0.925315 0.865507 0.746988 1.01338 0.845633 0.719935 0.748453 0.997932 0.705717 0.468423
BD_Brms
 13.4225 9.11489 4.71183 2.62147 3.98669 4.90469 6.12736 4.25363 3.52061 2.32018 1.42323 1.58682 1.5482 1.3242 0.958289 1.25298 3.45045 3.50816 6.2365 4.85161 5.36131 6.57254 6.14772 5.30588 7.19807 6.00656 5.11372 5.31629 7.08835 5.01273 3.32723
Sel_flota
 0.900591 1 1 1 1
 0.900591 1 1 1 1
 0.900591 1 1 1 1
 0.900591 1 1 1 1
 0.900591 1 1 1 1
 0.900591 1 1 1 1
 0.900591 1 1 1 1
 0.900591 1 1 1 1
 0.900591 1 1 1 1
 0.900591 1 1 1 1
 0.900591 1 1 1 1
 0.900591 1 1 1 1
 0.900591 1 1 1 1
 0.900591 1 1 1 1
 0.900591 1 1 1 1
 0.900591 1 1 1 1
 0.900591 1 1 1 1
 0.900591 1 1 1 1
 0.900591 1 1 1 1
 0.900591 1 1 1 1
 0.900591 1 1 1 1
 0.900591 1 1 1 1
 0.900591 1 1 1 1
 0.900591 1 1 1 1
 0.900591 1 1 1 1
 0.900591 1 1 1 1
 0.900591 1 1 1 1
 0.900591 1 1 1 1
 0.900591 1 1 1 1
 0.900591 1 1 1 1
 0.900591 1 1 1 1
Sel_reclas
 0.899325 1 1 1 1
 0.899325 1 1 1 1
 0.899325 1 1 1 1
 0.899325 1 1 1 1
 0.899325 1 1 1 1
 0.899325 1 1 1 1
 0.899325 1 1 1 1
 0.899325 1 1 1 1
 0.899325 1 1 1 1
 0.899325 1 1 1 1
 0.899325 1 1 1 1
 0.899325 1 1 1 1
 0.899325 1 1 1 1
 0.899325 1 1 1 1
 0.899325 1 1 1 1
 0.899325 1 1 1 1
 0.899325 1 1 1 1
 0.899325 1 1 1 1
 0.899325 1 1 1 1
 0.899325 1 1 1 1
 0.899325 1 1 1 1
 0.899325 1 1 1 1
 0.899325 1 1 1 1
 0.899325 1 1 1 1
 0.899325 1 1 1 1
 0.899325 1 1 1 1
 0.899325 1 1 1 1
 0.899325 1 1 1 1
 0.899325 1 1 1 1
 0.899325 1 1 1 1
 0.899325 1 1 1 1
Sel_pelaces
 0.966263 1 1 1 1
 0.966263 1 1 1 1
 0.966263 1 1 1 1
 0.966263 1 1 1 1
 0.966263 1 1 1 1
 0.966263 1 1 1 1
 0.966263 1 1 1 1
 0.966263 1 1 1 1
 0.966263 1 1 1 1
 0.966263 1 1 1 1
 0.966263 1 1 1 1
 0.966263 1 1 1 1
 0.966263 1 1 1 1
 0.966263 1 1 1 1
 0.966263 1 1 1 1
 0.966263 1 1 1 1
 0.966263 1 1 1 1
 0.966263 1 1 1 1
 0.966263 1 1 1 1
 0.966263 1 1 1 1
 0.966263 1 1 1 1
 0.966263 1 1 1 1
 0.966263 1 1 1 1
 0.966263 1 1 1 1
 0.966263 1 1 1 1
 0.966263 1 1 1 1
 0.966263 1 1 1 1
 0.966263 1 1 1 1
 0.966263 1 1 1 1
 0.966263 1 1 1 1
 0.966263 1 1 1 1
pf_obs 
 0.8446 0.082 0.0669 0.0065 0
 0.8095 0.147 0.0364 0.0071 0
 0.9664 0.0169 0.016 0.0007 0
 0.9276 0.0648 0.0075 0.0001 0
 0.7033 0.2144 0.0806 0.0017 0
 0.9318 0.0425 0.0243 0.0014 0
 0.5671 0.3108 0.0964 0.0239 0.0018
 0.0768 0.2599 0.5324 0.112 0.0189
 0.490249 0.384438 0.106611 0.0170017 0.00170017
 0.7925 0.1577 0.0466 0.003 0.0002
 0.840416 0.127587 0.0312969 0.00059994 9.999e-05
 0.8084 0.0986 0.0794 0.0134 0.0002
 0.7335 0.1905 0.0724 0.0035 0.0001
 0.4001 0.4547 0.1325 0.0127 0
 0.49795 0.308269 0.164784 0.0264974 0.00249975
 0.9179 0.0499 0.0305 0.0017 0
 0.2467 0.6533 0.0926 0.0074 0
 0.9418 0.0223 0.034 0.0019 0
 0.707729 0.231977 0.0356964 0.0245975 0
 0.517169 0.277429 0.184464 0.0207286 0.00020938
 0.811772 0.124168 0.05621 0.00726502 0.000585176
 0.764997 0.148141 0.077277 0.00933861 0.000247198
 0.163321 0.427699 0.378323 0.0303852 0.000271297
 0.753843 0.0900009 0.118128 0.0371064 0.000921714
 0.721811 0.176058 0.0630433 0.0369309 0.00215725
 0.143369 0.312575 0.442814 0.0836902 0.0175525
 0.692698 0.0596174 0.167031 0.0765114 0.00414204
 0.394062 0.376323 0.152708 0.0712218 0.00568511
 0.125707 0.32114 0.495352 0.0537591 0.00404204
 0.23352 0.215282 0.420074 0.123614 0.00750983
 0.796117 0.104755 0.0508955 0.0450114 0.00322123
pf_pred 
 0.462226 0.0998764 0.41713 0.0207665 7.42172e-07
 0.435171 0.276666 0.0535181 0.223516 0.011128
 0.561884 0.203167 0.115083 0.0222616 0.0976038
 0.825323 0.103051 0.033215 0.0188145 0.0195963
 0.658041 0.287754 0.0319782 0.0103071 0.0119194
 0.706074 0.200439 0.0786685 0.00874245 0.00607645
 0.456659 0.395943 0.100516 0.0394507 0.00743138
 0.415881 0.284195 0.21856 0.0554848 0.0258789
 0.46757 0.235384 0.144524 0.111146 0.0413765
 0.633217 0.181988 0.0816968 0.050161 0.0529372
 0.762613 0.156757 0.0400066 0.0179595 0.0226642
 0.731024 0.210275 0.0387624 0.00989273 0.0100453
 0.698099 0.22803 0.0577496 0.0106456 0.00547575
 0.644578 0.257337 0.0740848 0.0187623 0.00523769
 0.743877 0.173126 0.0600931 0.0173002 0.00560446
 0.926036 0.0567507 0.0116353 0.00403869 0.00153936
 0.446905 0.516662 0.0279539 0.00573122 0.00274759
 0.890898 0.0519447 0.053392 0.00288876 0.000876203
 0.634661 0.329482 0.0170721 0.0175478 0.00123739
 0.632491 0.24366 0.111694 0.00578743 0.00636815
 0.749834 0.16519 0.0563392 0.0258259 0.00281062
 0.753719 0.189939 0.0372034 0.0126885 0.0064494
 0.377019 0.483148 0.107844 0.0211233 0.0108661
 0.746568 0.102439 0.117102 0.0261383 0.00775333
 0.651545 0.267377 0.0327725 0.0374635 0.0108427
 0.476228 0.354469 0.129909 0.0159231 0.0234703
 0.738066 0.132024 0.0879178 0.032221 0.00977061
 0.695117 0.231489 0.0369931 0.0246345 0.011766
 0.406834 0.426061 0.126878 0.0202757 0.0199509
 0.486545 0.222848 0.208738 0.0621607 0.019708
 0.835695 0.0846183 0.0345855 0.0323956 0.0127058
pobs_RECLAS
 0 0 0 0 0
 0 0 0 0 0
 0 0 0 0 0
 0 0 0 0 0
 0 0 0 0 0
 0 0 0 0 0
 0 0 0 0 0
 0 0 0 0 0
 0 0 0 0 0
 0 0 0 0 0
 0.991045 0.00858322 0.000360255 1.14367e-05 0
 0.934742 0.0480273 0.0164251 0.00080598 0
 0.827803 0.169806 0.00239088 0 0
 0.941827 0.0461693 0.0120037 0 0
 0.791401 0.0380133 0.147996 0.0225897 0
 0.846168 0.0940531 0.0597789 0 0
 0.134021 0.677848 0.182769 0.00536245 0
 0.80878 0.0450904 0.141981 0.00414843 0
 0.846168 0.0940531 0.0597789 0 0
 0.905697 0.0802665 0.012482 0.00150086 5.37128e-05
 0.989698 0.0102097 9.19794e-05 0 0
 0.975433 0.0193895 0.00387452 0.00125025 5.28907e-05
 0.303575 0.632131 0.0575291 0.00676475 0
 0.966965 0.00978017 0.0227588 0.000495775 0
 0.843318 0.132988 0.00938335 0.0141283 0.000182051
 0.564624 0.303363 0.111486 0.0197234 0.00080311
 0.826376 0.0876187 0.0782897 0.00655872 0.00115652
 0.89761 0.0855135 0.0140674 0.00269457 0.000114338
 0.34875 0.467042 0.161289 0.0227151 0.000203297
 0.318654 0.224769 0.449479 0.00709798 0
 0.937255 0.0296025 0.0250945 0.00804832 0
ppred_RECLAS
 0.462102 0.0998994 0.417227 0.0207713 7.42343e-07
 0.435249 0.276628 0.0535107 0.223486 0.0111264
 0.56194 0.203141 0.115069 0.0222588 0.0975912
 0.825396 0.103008 0.0332011 0.0188066 0.0195881
 0.657837 0.287926 0.0319973 0.0103132 0.0119265
 0.706007 0.200485 0.0786865 0.00874445 0.00607784
 0.456945 0.395734 0.100463 0.0394299 0.00742747
 0.415622 0.284321 0.218657 0.0555095 0.0258904
 0.467611 0.235366 0.144512 0.111137 0.0413733
 0.633433 0.181881 0.0816486 0.0501314 0.052906
 0.762472 0.15685 0.0400304 0.0179702 0.0226777
 0.731547 0.209866 0.038687 0.0098735 0.0100258
 0.698613 0.227642 0.0576513 0.0106275 0.00546643
 0.645853 0.256414 0.0738191 0.018695 0.0052189
 0.74436 0.172799 0.0599796 0.0172675 0.00559387
 0.926179 0.0566413 0.0116129 0.0040309 0.00153639
 0.447079 0.5165 0.0279451 0.00572942 0.00274673
 0.890975 0.0519082 0.0533545 0.00288673 0.000875588
 0.635137 0.329052 0.0170499 0.0175249 0.00123578
 0.632844 0.243425 0.111586 0.00578186 0.00636203
 0.749966 0.165103 0.0563096 0.0258124 0.00280915
 0.753984 0.189736 0.0371635 0.0126748 0.00644248
 0.377043 0.483129 0.107839 0.0211224 0.0108656
 0.746542 0.102449 0.117114 0.026141 0.00775413
 0.651523 0.267393 0.0327745 0.0374658 0.0108434
 0.47613 0.354536 0.129934 0.0159261 0.0234748
 0.738037 0.132039 0.0879277 0.0322246 0.00977172
 0.695051 0.23154 0.0370011 0.0246398 0.0117686
 0.40675 0.426121 0.126896 0.0202786 0.0199538
 0.486555 0.222844 0.208734 0.0621595 0.0197076
 0.835694 0.0846187 0.0345857 0.0323957 0.0127059
pobs_PELACES
 0 0 0 0 0
 0 0 0 0 0
 0 0 0 0 0
 0 0 0 0 0
 0 0 0 0 0
 0 0 0 0 0
 0 0 0 0 0
 0 0 0 0 0
 0 0 0 0 0
 0 0 0 0 0
 0 0 0 0 0
 0 0 0 0 0
 0 0 0 0 0
 0 0 0 0 0
 0 0 0 0 0
 0 0 0 0 0
 0.505614 0.472636 0.0217494 0 0
 0 0 0 0 0
 0.443492 0.261883 0.143347 0.151278 0
 0.227955 0.32914 0.350689 0.0885471 0.00366901
 0.970185 0.0296113 0.000203453 0 0
 0.997202 0.00247181 0.000326279 0 0
 0.445219 0.490057 0.0546422 0.010081 0
 0.90214 0.0892962 0.00764917 0.000914606 0
 0 0 0 0 0
 0.581667 0.319106 0.0959925 0.00289975 0.000334073
 0.762889 0.0836404 0.116647 0.0363945 0.000428098
 0.88444 0.0763242 0.0277011 0.0115352 0
 0.521256 0.241999 0.230069 0.00667565 0
 0.616807 0.101726 0.260614 0.0208532 0
 0.833518 0.0704572 0.0857862 0.0102388 0
ppred_PELACES
 0.480822 0.0964228 0.402707 0.0200484 7.16509e-07
 0.454446 0.267225 0.0516918 0.215889 0.0107482
 0.580913 0.194343 0.110085 0.0212947 0.0933645
 0.836397 0.0965181 0.0311093 0.0176217 0.018354
 0.674229 0.274132 0.0304643 0.00981914 0.0113551
 0.721475 0.189936 0.0745465 0.00828437 0.00575806
 0.476893 0.381198 0.0967729 0.0379816 0.00715464
 0.433481 0.275632 0.211975 0.0538131 0.0250992
 0.48689 0.226843 0.139279 0.107113 0.0398751
 0.651698 0.172818 0.0775803 0.0476335 0.0502699
 0.77564 0.148155 0.0378113 0.016974 0.0214205
 0.747727 0.197217 0.0363553 0.00927841 0.00942151
 0.715898 0.214586 0.054345 0.010018 0.00515292
 0.666253 0.241644 0.0695669 0.0176181 0.00491828
 0.759968 0.162248 0.0563176 0.0162133 0.00525234
 0.931632 0.0524572 0.010755 0.00373313 0.0014229
 0.466651 0.498217 0.0269559 0.00552662 0.0026495
 0.898427 0.04836 0.0497074 0.00268941 0.000815736
 0.654042 0.312003 0.0161665 0.0166169 0.00117175
 0.651489 0.231064 0.10592 0.00548825 0.00603895
 0.764464 0.15553 0.0530446 0.0243157 0.00264626
 0.768679 0.178402 0.0349435 0.0119177 0.00605764
 0.395316 0.468958 0.104676 0.0205029 0.0105469
 0.760711 0.0967221 0.110567 0.0246796 0.00732064
 0.668677 0.254231 0.0311612 0.0356216 0.0103096
 0.494982 0.341777 0.125258 0.0153529 0.02263
 0.752514 0.124742 0.0830683 0.0304437 0.00923167
 0.710867 0.219531 0.035082 0.0233619 0.0111582
 0.425123 0.412925 0.122966 0.0196506 0.0193358
 0.505775 0.214503 0.20092 0.0598327 0.0189699
 0.845962 0.0793304 0.0324242 0.0303711 0.0119118
pobs_pel_tallas
 0 0 0 0 0 0 0 0 0 0 0 0 0 0 0 0 0 0 0 0 0 0 0 0 0 0
 0 0 0 0 0 0 0 0 0 0 0 0 0 0 0 0 0 0 0 0 0 0 0 0 0 0
 0 0 0 0 0 0 0 0 0 0 0 0 0 0 0 0 0 0 0 0 0 0 0 0 0 0
 0 0 0 0 0 0 0 0 0 0 0 0 0 0 0 0 0 0 0 0 0 0 0 0 0 0
 0 0 0 0 0 0 0 0 0 0 0 0 0 0 0 0 0 0 0 0 0 0 0 0 0 0
 0 0 0 0 0 0 0 0 0 0 0 0 0 0 0 0 0 0 0 0 0 0 0 0 0 0
 0 0 0 0 0 0 0 0 0 0 0 0 0 0 0 0 0 0 0 0 0 0 0 0 0 0
 0 0 0 0 0 0 0 0 0 0 0 0 0 0 0 0 0 0 0 0 0 0 0 0 0 0
 0 0 0 0 0 0 0 0 0 0 0 0 0 0 0 0 0 0 0 0 0 0 0 0 0 0
 0 0 0 0 0 0 0 0 0 0 0 0 0 0 0 0 0 0 0 0 0 0 0 0 0 0
 0 0 0 0 0 0 0 0 0 0 0 0 0 0 0 0 0 0 0 0 0 0 0 0 0 0
 0 0 0 0 0 0 0 0 0 0 0 0 0 0 0 0 0 0 0 0 0 0 0 0 0 0
 0.00862536 0 0 0.000197151 0.00414017 0.0128641 0.00837892 0.0270097 0.101434 0.158115 0.152841 0.127902 0.109271 0.109419 0.0830992 0.0579132 0.0238553 0.00714673 0.00463305 0.00128148 0.00103504 0.000492878 0.000147863 0.000147863 4.92878e-05 0
 0 0 0 0 0 0 0 0 0 0 0 0 0 0 0 0 0 0 0 0 0 0 0 0 0 0
 0 0 0 0 0 0 0 0.0054083 0.00873648 0.0413646 0.0450493 0.0745869 0.0622846 0.0627006 0.0613931 0.0827291 0.12552 0.122667 0.0946155 0.0697135 0.0546179 0.0294188 0.0215738 0.0213955 0.0102223 0.00600262
 0 0 0 0 0.00359764 0.0251062 0.0480494 0.140153 0.205849 0.193036 0.1447 0.116669 0.0760912 0.0342217 0.00950174 0.001854 0.000860785 0 0 0 0.000165536 0 0.000143464 0 0 0
 0 0 0 0 0 0 0 0.000145254 0.000435761 0.0275982 0.070085 0.0708112 0.156366 0.174668 0.174014 0.160142 0.0824315 0.0480064 0.0283245 0.00493863 0.00203355 0 0 0 0 0
 0 0 0 0 0 0 0 0 0 0 0 0 0 0 0 0 0 0 0 0 0 0 0 0 0 0
 0 0 1.00437e-05 0.000401748 0.00122533 0.00171747 0.00176769 0.0269171 0.070346 0.194647 0.189555 0.159765 0.064822 0.0314167 0.0384472 0.0292271 0.0345202 0.0313363 0.0194345 0.0106764 0.0143323 0.0359363 0.0279516 0.0138201 0.00172751 0
 0 0.0021121 0.0136068 0.0755702 0.200478 0.177729 0.0527432 0.0373336 0.0318909 0.0142505 0.0149659 0.0166563 0.0217959 0.0798694 0.0677717 0.0528807 0.04013 0.0224614 0.0357745 0.0225083 0.00881397 0.00855152 0.00135912 0.000746735 0 0
 0 0 0 0 5.4009e-05 0.00500934 0.000945158 0.0243581 0.138947 0.33067 0.221406 0.137944 0.0707744 0.0437923 0.0131692 0.00525238 0.0047753 0.00276346 9.45158e-05 9.00151e-06 2.25038e-05 9.00151e-06 4.50075e-06 0 0 0
 0.000866109 0.00284123 0.00948549 0.0512746 0.133035 0.25785 0.225252 0.132002 0.0553304 0.0519788 0.0540692 0.017754 0.00435017 0.00159236 0.00146478 0.000404838 0.000125132 0.000115318 0.000107957 0.000100596 0 0 0 0 0 0
 0 0 0 0 0.00144013 0.00171154 0.00461396 0.0210425 0.0478622 0.0707936 0.0888783 0.103762 0.0637923 0.0337046 0.0602308 0.124433 0.169614 0.0934646 0.0462172 0.0250306 0.0313229 0.00938855 0.002487 0.000210481 0 0
 0 0.00764035 0.051015 0.0998891 0.058973 0.0496711 0.0374665 0.0718981 0.12319 0.153886 0.159021 0.0857701 0.0377988 0.023471 0.0147837 0.00900784 0.00315554 0.000888139 0.00291439 0.00214683 0.00393193 0.00274676 0.000635225 9.99891e-05 0 0
 0 0 0 0 0 0 0 0 0 0 0 0 0 0 0 0 0 0 0 0 0 0 0 0 0 0
 0 0 0 0 0 0 0 0 0 0 0 0 0 0 0 0 0 0 0 0 0 0 0 0 0 0
 0 0 0 0 0 0 0 0 0 0 0 0 0 0 0 0 0 0 0 0 0 0 0 0 0 0
 0 0 0 0 0 0 0 0 0 0 0 0 0 0 0 0 0 0 0 0 0 0 0 0 0 0
 0 0 0 0 0 0 0 0 0 0 0 0 0 0 0 0 0 0 0 0 0 0 0 0 0 0
 0 0 0 0 0 0 0 0 0 0 0 0 0 0 0 0 0 0 0 0 0 0 0 0 0 0
 0 0 0 0 0 0 0 0 0 0 0 0 0 0 0 0 0 0 0 0 0 0 0 0 0 0
ppred_pel_tallas
 1.13657e-16 3.96047e-05 0.000384971 0.00255827 0.0116295 0.0361838 0.0770939 0.112523 0.112533 0.0771425 0.036349 0.0121142 0.00380386 0.00320005 0.00566646 0.0100347 0.0161454 0.0238193 0.0327643 0.0426296 0.0528351 0.0622393 0.0690632 0.0714048 0.0681548 0.0596879
 1.2503e-16 3.74322e-05 0.000363854 0.00241794 0.0109916 0.0341991 0.0728658 0.106355 0.106381 0.0729922 0.0346238 0.0122196 0.00550629 0.00712632 0.012945 0.0215225 0.0314606 0.0406209 0.0469524 0.0497687 0.0502536 0.0506287 0.0525785 0.0561363 0.0597522 0.0613002
 1.21163e-16 4.7849e-05 0.00046511 0.00309082 0.0140504 0.0437162 0.0931427 0.135948 0.135967 0.093235 0.0440267 0.0149493 0.00535472 0.00543317 0.00956077 0.0159382 0.0234557 0.030584 0.0358275 0.0385996 0.0395814 0.0401721 0.0414611 0.043534 0.0455431 0.0463152
 1.05796e-16 6.88929e-05 0.000669664 0.00445015 0.0202297 0.0629423 0.134106 0.195733 0.195742 0.134151 0.0630957 0.0206732 0.00556522 0.00311018 0.00472287 0.00775007 0.0112821 0.0144604 0.0164711 0.0169722 0.0162991 0.0152142 0.0143973 0.014076 0.0140192 0.0137984
 1.03856e-16 5.55354e-05 0.000539824 0.00358732 0.0163075 0.0507387 0.108105 0.157788 0.157815 0.108234 0.051172 0.0175588 0.00672779 0.00739396 0.0130685 0.0215063 0.030952 0.0388787 0.0427546 0.041427 0.0358171 0.0283035 0.021304 0.0161506 0.012906 0.010908
 1.04006e-16 5.9427e-05 0.000577651 0.0038387 0.0174502 0.0542941 0.11568 0.168842 0.16886 0.11577 0.054596 0.0183232 0.00603367 0.00538125 0.00921735 0.0152353 0.0221537 0.0283012 0.0319999 0.0324534 0.0301715 0.0265298 0.0228469 0.0197317 0.0170895 0.0145638
 1.0791e-16 3.92811e-05 0.000381826 0.00253737 0.0115345 0.0358885 0.0764655 0.111611 0.111648 0.0766454 0.0364928 0.0132812 0.00692556 0.00997393 0.0182939 0.0302805 0.0438513 0.0556442 0.0622513 0.0621057 0.0563789 0.0480907 0.0401821 0.0340798 0.0296003 0.0258158
 1.15832e-16 3.57053e-05 0.000347068 0.00230639 0.0104845 0.0326214 0.0695044 0.101449 0.101476 0.0696357 0.0330633 0.0117645 0.00553347 0.00743865 0.013642 0.0228591 0.0337788 0.0442763 0.0521782 0.0564628 0.0577363 0.0575062 0.0568938 0.0558938 0.0536724 0.0494398
 1.21568e-16 4.01045e-05 0.00038983 0.00259056 0.0117763 0.0366406 0.0780675 0.113946 0.113969 0.0781755 0.0370037 0.0128279 0.00524078 0.00621135 0.0112042 0.0187484 0.0276991 0.0363388 0.0429757 0.0469431 0.0489732 0.0505235 0.0525873 0.0549606 0.0564519 0.0557153
 1.15568e-16 5.36795e-05 0.000521784 0.00346744 0.0157625 0.0490431 0.104492 0.152513 0.152529 0.104574 0.0493186 0.0165598 0.00547425 0.00492146 0.00846602 0.0140635 0.0206235 0.0267437 0.031062 0.0330417 0.0333015 0.0331296 0.033557 0.0347211 0.0359168 0.0361429
 1.06457e-16 6.38884e-05 0.000621018 0.00412689 0.0187602 0.0583701 0.124364 0.181516 0.181531 0.124434 0.0586051 0.0194395 0.00583367 0.00435304 0.00717005 0.0118021 0.0171159 0.0217888 0.0245293 0.0247751 0.0230311 0.0205045 0.0183305 0.0169929 0.0162826 0.0156584
 1.03625e-16 6.15893e-05 0.00059867 0.00397838 0.0180851 0.0562697 0.119889 0.174986 0.175005 0.119982 0.0565819 0.0189871 0.00624312 0.00554529 0.00946406 0.0155697 0.0224736 0.0283709 0.0314661 0.0309386 0.0274238 0.022563 0.0179944 0.0145758 0.0122897 0.0106577
 1.035e-16 5.89676e-05 0.000573186 0.00380902 0.0173153 0.0538744 0.114786 0.167538 0.167558 0.114887 0.0542145 0.0182982 0.00627821 0.00596966 0.0103261 0.0170256 0.024632 0.0312092 0.034817 0.0345519 0.0310578 0.0260366 0.0211736 0.017332 0.0144871 0.0121905
 1.04669e-16 5.48784e-05 0.000533438 0.00354488 0.0161145 0.0501384 0.106826 0.155921 0.155944 0.10694 0.0505218 0.0172225 0.00632893 0.00662056 0.0116434 0.0192356 0.0278766 0.035418 0.0396984 0.0397122 0.0361732 0.0309544 0.0258825 0.021848 0.0187595 0.0160874
 1.04182e-16 6.25976e-05 0.000608471 0.00404351 0.0183812 0.0571908 0.121852 0.177849 0.177865 0.121928 0.0574486 0.0191264 0.00591675 0.00470697 0.00787347 0.0129886 0.0188721 0.024086 0.0272031 0.0275625 0.0256329 0.0226275 0.0196981 0.0173563 0.0154697 0.0136503
 1.0094e-16 7.67373e-05 0.000745914 0.00495686 0.0225332 0.0701091 0.149375 0.218018 0.218023 0.1494 0.0701921 0.0227732 0.0055597 0.00206293 0.00258102 0.00415352 0.00599492 0.00757942 0.00842794 0.00832228 0.00742832 0.00617521 0.00498836 0.00408596 0.00345794 0.00297924
 1.01908e-16 3.84375e-05 0.000373627 0.00248288 0.0112869 0.0351178 0.074824 0.109218 0.109266 0.0750583 0.0359042 0.0135572 0.00817822 0.012795 0.0235948 0.0388564 0.05576 0.0696762 0.0759127 0.0723057 0.0605311 0.0450212 0.0303895 0.0193463 0.0122899 0.00821581
 1.01855e-16 7.40023e-05 0.000719329 0.00478019 0.0217301 0.0676103 0.144051 0.210248 0.210252 0.144074 0.0676882 0.0219558 0.00535002 0.00197381 0.00248726 0.00407483 0.00604841 0.007991 0.00951692 0.0104252 0.0107728 0.0107542 0.0105008 0.00998688 0.00910732 0.00782721
 1.02412e-16 5.38726e-05 0.000523661 0.00347991 0.0158192 0.0492196 0.104869 0.153065 0.153095 0.105015 0.0497121 0.0172412 0.0070475 0.00830534 0.0148141 0.0243574 0.0349718 0.0437502 0.0477747 0.0457169 0.0386484 0.0293483 0.0206772 0.0142652 0.0102677 0.00796171
 1.04689e-16 5.36623e-05 0.000521617 0.00346633 0.0157574 0.0490274 0.104459 0.152465 0.152488 0.104568 0.0493951 0.0168211 0.00614154 0.00637945 0.0112308 0.0186171 0.0271271 0.0347628 0.0394964 0.0403483 0.0378929 0.033725 0.0293599 0.0254777 0.0219639 0.0184542
 1.04457e-16 6.29679e-05 0.00061207 0.00406742 0.0184899 0.0575291 0.122572 0.178901 0.178916 0.122646 0.0577762 0.0192043 0.00586345 0.00454198 0.00755373 0.01246 0.018113 0.0231394 0.0261818 0.0266197 0.0249132 0.022226 0.0196461 0.0176285 0.0159981 0.0143376
 1.03275e-16 6.33151e-05 0.000615445 0.00408985 0.0185919 0.0578463 0.123248 0.179888 0.179905 0.123333 0.0581288 0.0194081 0.00613946 0.00509282 0.0085758 0.0141017 0.020366 0.0257358 0.0285921 0.0281942 0.025112 0.0208153 0.0167638 0.0137094 0.0116203 0.0100631
 1.06982e-16 3.25618e-05 0.000316512 0.00210333 0.00956148 0.0297496 0.0633863 0.0925236 0.0925688 0.0636075 0.0304924 0.011708 0.00749431 0.0120951 0.0224317 0.0371097 0.0536351 0.0678256 0.0754228 0.0744465 0.066333 0.0548712 0.0438409 0.0352203 0.0290082 0.0242157
 1.0693e-16 6.26588e-05 0.000609066 0.00404746 0.0183992 0.0572466 0.12197 0.178021 0.178031 0.122017 0.0574029 0.0188525 0.00519322 0.00313591 0.00493697 0.00826018 0.0123559 0.01651 0.0200181 0.0225331 0.0241885 0.0253289 0.0260941 0.0262436 0.0253553 0.0231866
 1.06282e-16 5.50781e-05 0.000535379 0.00355778 0.0161732 0.0503209 0.107215 0.156488 0.156513 0.107335 0.050723 0.0173347 0.00647374 0.00690239 0.012152 0.0200174 0.0288711 0.0364068 0.0403296 0.0396262 0.0351871 0.0292051 0.0238352 0.0201504 0.0180028 0.0165897
 1.09072e-16 4.07711e-05 0.00039631 0.00263362 0.0119721 0.0372497 0.0793657 0.115843 0.115877 0.0795273 0.0377928 0.0135422 0.00658087 0.0090332 0.0165026 0.0273718 0.0397874 0.0507923 0.0573799 0.0581452 0.054058 0.0476606 0.0413829 0.0363321 0.0322788 0.0284538
 1.07045e-16 6.19836e-05 0.000602503 0.00400385 0.0182009 0.0566298 0.120656 0.176104 0.176116 0.120716 0.0568294 0.0187789 0.00546018 0.00380015 0.00618945 0.0102781 0.0151396 0.0197584 0.0231368 0.0248194 0.0251156 0.0247688 0.0243559 0.0239227 0.0230935 0.0214619
 1.053e-16 5.85532e-05 0.000569158 0.00378226 0.0171936 0.0534958 0.113979 0.16636 0.166382 0.114083 0.0538432 0.0181973 0.00630257 0.00607376 0.0105213 0.0173246 0.0250101 0.0315848 0.0350683 0.0345758 0.0308503 0.025748 0.0210946 0.0178026 0.0157641 0.014335
 1.08897e-16 3.50169e-05 0.000340377 0.00226193 0.0102824 0.0319926 0.0681651 0.0994973 0.0995372 0.0683601 0.0326478 0.0121761 0.00702043 0.0107452 0.0198455 0.0328841 0.047674 0.0605961 0.0679653 0.0680665 0.0621198 0.0533249 0.0448022 0.0380738 0.0329805 0.0286057
 1.15064e-16 4.166e-05 0.00040495 0.00269104 0.0122331 0.0380618 0.0810954 0.118365 0.118386 0.0811979 0.0384069 0.0132337 0.00521687 0.00596548 0.0107396 0.0180503 0.0268486 0.0355581 0.0425717 0.0471337 0.0496593 0.0511411 0.0521682 0.0524294 0.0510494 0.0473497
 1.06018e-16 6.96808e-05 0.000677322 0.00450105 0.0204611 0.0636621 0.135639 0.197971 0.197979 0.135677 0.0637885 0.0208268 0.0054213 0.00269421 0.00392415 0.00644198 0.00943057 0.0122039 0.0141265 0.0149441 0.0149345 0.0146849 0.0146686 0.0149546 0.0152358 0.0150828
pSPR Fmed_Fpbrs
0.702037   0.190785 0.190785
Fs Fmed_Fpbrs
0.177403   1.005 1.005
SSBpbr Bo_Bmed_Bpbrs
2.17351e+06  1.41721e+06  305998 305998
Ro
214207
SPR SPRFo_SPRFmed_SPRFpbrs
1.52893e+06 1.07337e+06 291697
Fref
1.005
Nvult_r0
 256057 23658.3 9669.71 9057.42 3552.4
CTP_r0
 30659.8 3104.46 1268.87 1188.52 466.149
YTP_r0
391305
Np
 273443 40690.6 16307.8 1473.91 683.545
Nvult_p0
 232752 35211.2 14111.8 1275.43 591.499
CTP_p0
 110578 52528.4 4747.55 1940.44 2392.48
 110578 17649.5 7073.49 639.307 296.487
YTP_p0
 1.89909e+06 1.29722e+06
CBA_c0
1.71853e+06
log_Ro
12.0947
likeval ReclasPelacesDesembMPH_pf_preclas_ppelaces_ptallas_desvR_qrecl_qpela
 24.872 17.4644 0.202426 0.00297662 242.303 122.068 98.1717 0 20.3421 0 0 1.02353 0 0 0
q_reclas_q_pelaces
1 1
M
1
N
 238263 46558.3 194449 9680.48 0.34597
 138658 79972 15469.7 64608.7 3216.6
 132107 43320.6 24538.8 4746.76 20811.7
 366771 41573.2 13399.7 7590.21 7905.6
 285742 112801 12535.6 4040.42 4672.47
 388219 99735.8 39144.4 4350.13 3023.56
 162545 128213 32548.8 12774.8 2406.41
 77109.1 47533.4 36555.6 9280.19 4328.41
 59941.3 27360 16798.8 12919.1 4809.41
 72585.7 18964.9 8513.59 5227.26 5516.57
 116271 21587.5 5509.45 2473.26 3121.16
 152520 40087 7389.68 1885.96 1915.04
 134387 40086.2 10152 1871.44 962.602
 97604.5 35847.3 10320.1 2613.61 729.616
 101266 21528 7472.51 2151.26 696.908
 479880 26829.2 5500.64 1909.31 727.74
 124899 131168 7096.83 1455.02 697.55
 713787 37817 38870.6 2103.09 637.897
 453272 214656 11122.4 11432.3 806.154
 353863 124160 56914.8 2949.05 3244.96
 503094 100680 34337.7 15740.4 1713.02
 663979 152352 29841.1 10177.5 5173.11
 163776 190252 42466.1 8317.82 4278.79
 419140 52085.5 59540.9 13290.1 3942.22
 366229 136133 16685.9 19074.3 5520.5
 175977 118505 43430.8 5323.34 7846.52
 361136 58501.1 38957.2 14277.4 4329.44
 389722 117460 18770.6 12499.8 5970.19
 135679 128578 38289.7 6118.87 6020.85
 108196 44910.9 42067.1 12527.3 3971.78
 377160 34603.7 14143.4 13247.8 5195.9
pred_Ctot
 13296.1 2872.98 11998.9 597.354 0.0213488
 13389.3 8512.4 1646.63 6877.1 342.383
 12228.2 4421.49 2504.54 484.475 2124.13
 38579 4817.04 1552.61 879.47 916.014
 9289.21 4062.07 451.419 145.499 168.26
 25317.2 7186.99 2820.76 313.472 217.879
 21470 18615.4 4725.8 1854.79 349.39
 1735.13 1185.71 911.872 231.492 107.971
 5368.78 2702.76 1659.47 1276.21 475.098
 8943.1 2570.27 1153.83 708.437 747.646
 4641 953.966 243.466 109.295 137.926
 28293.1 8138.37 1500.24 382.883 388.788
 23970.8 7829.91 1982.96 365.541 188.022
 25747.1 10279.1 2959.25 749.443 209.214
 18395.6 4281.29 1486.07 427.824 138.595
 79862.5 4894.25 1003.44 348.301 132.756
 14194.6 16410.2 887.867 182.035 87.2688
 83725.1 4881.67 5017.68 271.48 82.344
 74956.6 38913.4 2016.3 2072.48 146.142
 51758.1 19939.2 9140.15 473.598 521.119
 57131.6 12586.2 4292.62 1967.74 214.148
 94716 23868.7 4675.16 1594.49 810.463
 14196.2 18192.4 4060.73 795.375 409.15
 31348.9 4301.49 4917.19 1097.57 325.568
 28169.6 11560.1 1416.92 1619.74 468.785
 10806.5 8043.59 2947.89 361.325 532.587
 26719.7 4779.58 3182.82 1166.47 353.718
 25645 8540.35 1364.79 908.842 434.084
 8670.45 9080.22 2704.03 432.116 425.194
 9036.76 4139.04 3876.95 1154.53 366.043
 30659.8 3104.46 1268.87 1188.52 466.149
F
 0.0917001 0.101822 0.101822 0.101822 0.101822
 0.163386 0.181421 0.181421 0.181421 0.181421
 0.156159 0.173396 0.173396 0.173396 0.173396
 0.179112 0.198882 0.198882 0.198882 0.198882
 0.0525654 0.0583677 0.0583677 0.0583677 0.0583677
 0.107876 0.119783 0.119783 0.119783 0.119783
 0.229524 0.254859 0.254859 0.254859 0.254859
 0.036138 0.040127 0.040127 0.040127 0.040127
 0.150776 0.167419 0.167419 0.167419 0.167419
 0.212652 0.236125 0.236125 0.236125 0.236125
 0.0648702 0.0720307 0.0720307 0.0720307 0.0720307
 0.336261 0.373378 0.373378 0.373378 0.373378
 0.321457 0.35694 0.35694 0.35694 0.35694
 0.51157 0.568039 0.568039 0.568039 0.568039
 0.328255 0.364488 0.364488 0.364488 0.364488
 0.297054 0.329843 0.329843 0.329843 0.329843
 0.194746 0.216243 0.216243 0.216243 0.216243
 0.20155 0.223797 0.223797 0.223797 0.223797
 0.294924 0.327479 0.327479 0.327479 0.327479
 0.25696 0.285324 0.285324 0.285324 0.285324
 0.194583 0.216062 0.216062 0.216062 0.216062
 0.249903 0.277488 0.277488 0.277488 0.277488
 0.145611 0.161684 0.161684 0.161684 0.161684
 0.12457 0.13832 0.13832 0.13832 0.13832
 0.128304 0.142466 0.142466 0.142466 0.142466
 0.101309 0.112491 0.112491 0.112491 0.112491
 0.123157 0.136751 0.136751 0.136751 0.136751
 0.108897 0.120917 0.120917 0.120917 0.120917
 0.105611 0.117269 0.117269 0.117269 0.117269
 0.139984 0.155436 0.155436 0.155436 0.155436
 0.136026 0.151041 0.151041 0.151041 0.151041
YTP_r0W_actual
 254476 43772.9 35020.7 40647.5 17387.3
YTP_p0W_proyectada
 828233 823121 109811 56990.7 80937.7
 828233 276568 163610 18776.4 10030.2
CTP_r0_actual
 30659.8 3104.46 1268.87 1188.52 466.149
CTP_p0_proyectada
 110578 52528.4 4747.55 1940.44 2392.48
 110578 17649.5 7073.49 639.307 296.487
Wmedp
 7.49 15.67 23.13 29.37 33.83
Frms_r0
 0.136026 0.151041 0.151041 0.151041 0.151041
Zrms_r0
 1.13603 1.15104 1.15104 1.15104 1.15104
nmprior
 8.19 8.8 8.5 0
nm_flota  nm_reclas  nm_pelaces    nm_pelaL
inf 10.5903 21.1473 52.8239
cv_recla  cv_pelaces  cv_mph
0.451107 0.473859 1.68371
 ------------------------------------------------
Talla a la edad & desviaci?n 
 8 13.2811 15.8009 17.003 17.5766
 0.8 1.32811 1.58009 1.7003 1.75766
