years
 1991 1992 1993 1994 1995 1996 1997 1998 1999 2000 2001 2002 2003 2004 2005 2006 2007 2008 2009 2010 2011 2012 2013 2014 2015 2016 2017 2018 2019 2020 2021
reclasobs
 0 0 0 0 0 0 0 0 0 252601 567819 844713 477998 351125 339783 2.1784e+06 2.13404e+06 4.81314e+06 1.55562e+06 2.62356e+06 3.21686e+06 3.843e+06 1.13348e+06 3.07943e+06 1.97215e+06 2.03268e+06 2.025e+06 2.42433e+06 2.27542e+06 1.05018e+06 2.36338e+06
reclaspred
 3.24343e+06 2.11588e+06 869968 454666 57739.5 6.13158e+06 3.96261e+06 2.29328e+06 1.04823e+06 150493 276410 706374 541289 426859 297110 1.92033e+06 1.16248e+06 5.91089e+06 4.2948e+06 1.67002e+06 3.77785e+06 3.57864e+06 1.97607e+06 3.98693e+06 2.55273e+06 1.4723e+06 2.51972e+06 3.81743e+06 2.71407e+06 989759 1.53245e+06
pelacesobs
 0 0 0 0 0 0 0 0 0 0 0 0 0 0 0 552880 188675 0 991730 2.46772e+06 1.41603e+06 1.21717e+06 2.29649e+06 1.80582e+06 0 1.4828e+06 1.56532e+06 1.57751e+06 1.42118e+06 867257 1.10002e+06
pelacespred
 761154 481093 189770 69361.5 5745.76 1.4502e+06 892790 593285 267964 25610.7 56518.1 123074 98425.6 77935.8 51706.9 352474 209779 1.3806e+06 973085 362013 810002 740087 412762 985112 591211 332353 672145 992061 588653 249123 351622
mphobs
 0 0 0 0 0 0 0 0 0 0 0 498337 0 5186 125008 0 168611 109162 213762 579715 649985 157893 87575 83554 0 0 0 0 0 0 0
mphpred
 1.79391e+06 783899 518085 178453 58457 5660.53 2.07189e+06 1.19962e+06 661021 172212 13887.1 78118.4 158327 84927.2 48882.7 46567 572048 299331 1.73104e+06 1.00302e+06 479478 934426 1.01063e+06 553706 1.0755e+06 704168 356248 622286 1.29602e+06 667807 206111
desembarqueobs
 494567 514787 250237 358949 120608 361735 552515 73892 212993 205616 52469 317467 293654 387597 252695 516296 358380 742168 942051 627588 828172 859565 418607 520667 417249 300574 415391 372974 316634 284311 391294
desembarquepred
 494482 514956 249624 358246 120441 361633 552154 73880 212787 205162 52447.6 317099 293231 386764 252293 515795 358173 741652 940529 626178 827476 858563 418277 520376 416883 300249 415067 372738 316410 283985 390988
Reclutas
 4724.26 212726 7886.36 64303.8 3106.75 828518 4095.59 1130.26 2347.55 4448.02 44840 140622 67618.4 70933.9 43590.8 386089 7753.13 849870 255043 54095.2 403074 510176 9524.32 289357 152216 27319.9 223836 306317 15264.9 6401.86 149680
log_desv_Rt
 -2.29788 1.50941 -1.78546 0.313024 -2.71702 2.86904 -2.44068 -3.72815 -2.99722 -2.35814 -0.047494 1.09548 0.363285 0.411153 -0.0757482 2.10547 -1.8025 2.89449 1.69084 0.14015 2.14853 2.38416 -1.59675 1.81707 1.17471 -0.542978 1.56032 1.87403 -1.12504 -1.99401 1.15791
SSB
 1.79391e+06 783899 518085 178453 58457 5660.53 2.07189e+06 1.19962e+06 661021 172212 13887.1 78118.4 158327 84927.2 48882.7 46567 572048 299331 1.73104e+06 1.00302e+06 479478 934426 1.01063e+06 553706 1.0755e+06 704168 356248 622286 1.29602e+06 667807 206111
BT
 2.21574e+06 1.61856e+06 674555 467395 112956 3.6523e+06 2.54661e+06 1.43232e+06 841411 299221 174625 544701 486426 582432 369255 1.21949e+06 767233 3.8553e+06 3.12716e+06 1.46449e+06 2.58815e+06 2.47202e+06 1.31273e+06 2.76806e+06 1.75907e+06 1.04513e+06 1.99128e+06 2.65841e+06 1.622e+06 884936 1.19611e+06
Ftot
 0.289329 0.5324 0.539782 1.54633 2.71855 0.168778 0.270087 0.0621479 0.381359 2.0221 0.513729 1.09574 1.15859 1.95428 1.89687 0.726222 0.584887 0.339766 0.462355 0.716211 0.539149 0.55729 0.406207 0.327712 0.347912 0.406456 0.417999 0.248536 0.227877 0.535181 0.644499
BD_Bspro_t
 0.954987 0.689722 0.522497 0.293301 0.113363 0.0182207 0.806994 0.657766 0.596669 0.320438 0.064482 0.378311 0.336683 0.180309 0.106353 0.106567 0.456953 0.305752 0.644265 0.477068 0.284411 0.431124 0.472563 0.367217 0.555676 0.512868 0.418155 0.576966 0.711963 0.564097 0.341637
BD_Bspro
 5.33739 2.33232 1.54145 0.530947 0.173926 0.0168417 6.16444 3.5692 1.96672 0.512379 0.041318 0.232424 0.471068 0.252682 0.14544 0.13855 1.702 0.890594 5.15032 2.98426 1.42658 2.78018 3.00691 1.64743 3.19992 2.0951 1.05994 1.85148 3.85604 1.98691 0.613238
BD_Bo
 1.0953 0.478622 0.316325 0.108957 0.0356918 0.00345613 1.26502 0.732445 0.403597 0.105147 0.00847898 0.0476964 0.0966693 0.0518536 0.0298461 0.0284322 0.349273 0.182761 1.05691 0.612408 0.292753 0.570529 0.617058 0.338074 0.656664 0.429941 0.217513 0.379947 0.791308 0.40774 0.125844
BD_Brms
 5.6598 2.4732 1.63456 0.563019 0.184432 0.017859 6.53682 3.7848 2.08552 0.543329 0.0438138 0.246464 0.499524 0.267946 0.154225 0.146919 1.80481 0.944392 5.46143 3.16453 1.51275 2.94812 3.18855 1.74694 3.39321 2.22166 1.12396 1.96332 4.08896 2.10693 0.650281
Sel_flota
 0.667964 0.974505 0.998625 0.999928 0.999996
 0.667964 0.974505 0.998625 0.999928 0.999996
 0.667964 0.974505 0.998625 0.999928 0.999996
 0.667964 0.974505 0.998625 0.999928 0.999996
 0.667964 0.974505 0.998625 0.999928 0.999996
 0.667964 0.974505 0.998625 0.999928 0.999996
 0.667964 0.974505 0.998625 0.999928 0.999996
 0.667964 0.974505 0.998625 0.999928 0.999996
 0.667964 0.974505 0.998625 0.999928 0.999996
 0.667964 0.974505 0.998625 0.999928 0.999996
 0.667964 0.974505 0.998625 0.999928 0.999996
 0.667964 0.974505 0.998625 0.999928 0.999996
 0.667964 0.974505 0.998625 0.999928 0.999996
 0.667964 0.974505 0.998625 0.999928 0.999996
 0.667964 0.974505 0.998625 0.999928 0.999996
 0.667964 0.974505 0.998625 0.999928 0.999996
 0.667964 0.974505 0.998625 0.999928 0.999996
 0.667964 0.974505 0.998625 0.999928 0.999996
 0.667964 0.974505 0.998625 0.999928 0.999996
 0.667964 0.974505 0.998625 0.999928 0.999996
 0.667964 0.974505 0.998625 0.999928 0.999996
 0.667964 0.974505 0.998625 0.999928 0.999996
 0.667964 0.974505 0.998625 0.999928 0.999996
 0.667964 0.974505 0.998625 0.999928 0.999996
 0.667964 0.974505 0.998625 0.999928 0.999996
 0.667964 0.974505 0.998625 0.999928 0.999996
 0.667964 0.974505 0.998625 0.999928 0.999996
 0.667964 0.974505 0.998625 0.999928 0.999996
 0.667964 0.974505 0.998625 0.999928 0.999996
 0.667964 0.974505 0.998625 0.999928 0.999996
 0.667964 0.974505 0.998625 0.999928 0.999996
Sel_reclas
 1 1 1 1 1
 1 1 1 1 1
 1 1 1 1 1
 1 1 1 1 1
 1 1 1 1 1
 1 1 1 1 1
 1 1 1 1 1
 1 1 1 1 1
 1 1 1 1 1
 1 1 1 1 1
 1 1 1 1 1
 1 1 1 1 1
 1 1 1 1 1
 1 1 1 1 1
 1 1 1 1 1
 1 1 1 1 1
 1 1 1 1 1
 1 1 1 1 1
 1 1 1 1 1
 1 1 1 1 1
 1 1 1 1 1
 1 1 1 1 1
 1 1 1 1 1
 1 1 1 1 1
 1 1 1 1 1
 1 1 1 1 1
 1 1 1 1 1
 1 1 1 1 1
 1 1 1 1 1
 1 1 1 1 1
 1 1 1 1 1
Sel_pelaces
 1 1 1 1 1
 1 1 1 1 1
 1 1 1 1 1
 1 1 1 1 1
 1 1 1 1 1
 1 1 1 1 1
 1 1 1 1 1
 1 1 1 1 1
 1 1 1 1 1
 1 1 1 1 1
 1 1 1 1 1
 1 1 1 1 1
 1 1 1 1 1
 1 1 1 1 1
 1 1 1 1 1
 1 1 1 1 1
 1 1 1 1 1
 1 1 1 1 1
 1 1 1 1 1
 1 1 1 1 1
 1 1 1 1 1
 1 1 1 1 1
 1 1 1 1 1
 1 1 1 1 1
 1 1 1 1 1
 1 1 1 1 1
 1 1 1 1 1
 1 1 1 1 1
 1 1 1 1 1
 1 1 1 1 1
 1 1 1 1 1
pf_obs 
 0.8446 0.082 0.0669 0.0065 0
 0.8095 0.147 0.0364 0.0071 0
 0.9664 0.0169 0.016 0.0007 0
 0.9276 0.0648 0.0075 0.0001 0
 0.7033 0.2144 0.0806 0.0017 0
 0.9318 0.0425 0.0243 0.0014 0
 0.5671 0.3108 0.0964 0.0239 0.0018
 0.0768 0.2599 0.5324 0.112 0.0189
 0.490249 0.384438 0.106611 0.0170017 0.00170017
 0.7925 0.1577 0.0466 0.003 0.0002
 0.840416 0.127587 0.0312969 0.00059994 9.999e-05
 0.8084 0.0986 0.0794 0.0134 0.0002
 0.7335 0.1905 0.0724 0.0035 0.0001
 0.4001 0.4547 0.1325 0.0127 0
 0.49795 0.308269 0.164784 0.0264974 0.00249975
 0.9179 0.0499 0.0305 0.0017 0
 0.2467 0.6533 0.0926 0.0074 0
 0.9418 0.0223 0.034 0.0019 0
 0.707729 0.231977 0.0356964 0.0245975 0
 0.517169 0.277429 0.184464 0.0207286 0.00020938
 0.811772 0.124168 0.05621 0.00726502 0.000585176
 0.764997 0.148141 0.077277 0.00933861 0.000247198
 0.163321 0.427699 0.378323 0.0303852 0.000271297
 0.753843 0.0900009 0.118128 0.0371064 0.000921714
 0.721811 0.176058 0.0630433 0.0369309 0.00215725
 0.143369 0.312575 0.442814 0.0836902 0.0175525
 0.692698 0.0596174 0.167031 0.0765114 0.00414204
 0.394062 0.376323 0.152708 0.0712218 0.00568511
 0.125707 0.32114 0.495352 0.0537591 0.00404204
 0.23352 0.215282 0.420074 0.123614 0.00750983
 0.774587 0.0839891 0.0768558 0.0609784 0.00358967
pf_pred 
 0.0273096 0.316404 0.545159 0.111126 7.45295e-07
 0.817657 0.007545 0.0579341 0.0970998 0.0197639
 0.0845921 0.805361 0.00469771 0.034956 0.0703932
 0.76617 0.0301383 0.179918 0.00101655 0.0227565
 0.216217 0.683517 0.0134979 0.0766658 0.0101016
 0.999241 0.000320355 0.000386076 7.08957e-06 4.5394e-05
 0.0105396 0.988958 0.000215417 0.000253021 3.43466e-05
 0.00964897 0.0155447 0.974325 0.000206554 0.000275143
 0.0566286 0.0134068 0.0149489 0.914564 0.00045155
 0.324446 0.0591145 0.00903286 0.00977906 0.597628
 0.976027 0.0126692 0.00104629 0.000150798 0.0101068
 0.901233 0.0972805 0.000797965 6.38681e-05 0.000625042
 0.665023 0.315636 0.019062 0.000150057 0.000129249
 0.799392 0.157197 0.0410027 0.00237324 3.46929e-05
 0.819371 0.16225 0.0145788 0.00358998 0.000210174
 0.982978 0.0154427 0.00142656 0.000121194 3.14956e-05
 0.0604997 0.929749 0.00887481 0.000791966 8.46084e-05
 0.967024 0.00307401 0.029601 0.000273612 2.69782e-05
 0.42045 0.567169 0.00118414 0.0110838 0.000112381
 0.236887 0.405553 0.350157 0.000709192 0.00669459
 0.890628 0.037316 0.0389107 0.0324599 0.000685012
 0.77035 0.213451 0.00564493 0.00570353 0.00485018
 0.0427288 0.806263 0.140677 0.00360412 0.00672651
 0.833128 0.0107818 0.132071 0.0223781 0.00164066
 0.529996 0.416473 0.00355156 0.0422983 0.00768084
 0.219004 0.494346 0.254857 0.00211236 0.0296806
 0.864928 0.0410754 0.0601394 0.0301072 0.00374962
 0.759753 0.218579 0.00672799 0.00956459 0.00537607
 0.0851609 0.755298 0.145512 0.00436022 0.00966844
 0.106043 0.109432 0.650715 0.12206 0.0117503
 0.915727 0.0136465 0.00888966 0.0512219 0.0105153
pobs_RECLAS
 0 0 0 0 0
 0 0 0 0 0
 0 0 0 0 0
 0 0 0 0 0
 0 0 0 0 0
 0 0 0 0 0
 0 0 0 0 0
 0 0 0 0 0
 0 0 0 0 0
 0 0 0 0 0
 0.991045 0.00858322 0.000360255 1.14367e-05 0
 0.934742 0.0480273 0.0164251 0.00080598 0
 0.827803 0.169806 0.00239088 0 0
 0.941827 0.0461693 0.0120037 0 0
 0.791401 0.0380133 0.147996 0.0225897 0
 0.846168 0.0940531 0.0597789 0 0
 0.134021 0.677848 0.182769 0.00536245 0
 0.80878 0.0450904 0.141981 0.00414843 0
 0.846168 0.0940531 0.0597789 0 0
 0.905697 0.0802665 0.012482 0.00150086 5.37128e-05
 0.989698 0.0102097 9.19794e-05 0 0
 0.975433 0.0193895 0.00387452 0.00125025 5.28907e-05
 0.303575 0.632131 0.0575291 0.00676475 0
 0.966965 0.00978017 0.0227588 0.000495775 0
 0.843318 0.132988 0.00938335 0.0141283 0.000182051
 0.564624 0.303363 0.111486 0.0197234 0.00080311
 0.826376 0.0876187 0.0782897 0.00655872 0.00115652
 0.89761 0.0855135 0.0140674 0.00269457 0.000114338
 0.34875 0.467042 0.161289 0.0227151 0.000203297
 0.318654 0.224769 0.449479 0.00709798 0
 0.937255 0.0296025 0.0250945 0.00804832 0
ppred_RECLAS
 0.0403437 0.317539 0.533511 0.108606 7.2834e-07
 0.872471 0.005415 0.0405109 0.0678036 0.0137999
 0.121177 0.775697 0.00440833 0.0327572 0.0659603
 0.842225 0.0209053 0.120921 0.000682051 0.0152671
 0.329168 0.588186 0.0111474 0.0631756 0.00832312
 0.99949 0.000218585 0.000256966 4.71246e-06 3.01715e-05
 0.015427 0.984085 0.000209039 0.0002452 3.32825e-05
 0.0143764 0.0158493 0.969296 0.000205219 0.000273345
 0.0834486 0.0133744 0.0145377 0.888201 0.000438502
 0.450529 0.0497332 0.00733711 0.00792828 0.484473
 0.983938 0.00859769 0.000691855 9.95767e-05 0.00667333
 0.933351 0.0656743 0.00052345 4.18319e-05 0.000409353
 0.753893 0.232282 0.0136257 0.000107096 9.2238e-05
 0.868167 0.104072 0.0262231 0.00151498 2.21444e-05
 0.88136 0.106937 0.00928626 0.00228253 0.000133617
 0.988622 0.0103475 0.000930559 7.89432e-05 2.05139e-05
 0.087592 0.903182 0.008398 0.000748368 7.99449e-05
 0.977902 0.00210784 0.0197895 0.000182674 1.80104e-05
 0.518277 0.471701 0.000959779 0.00897138 9.09566e-05
 0.32044 0.365684 0.307386 0.000621676 0.00586802
 0.92495 0.026058 0.026473 0.0220535 0.000465368
 0.8334 0.15514 0.00399707 0.00403294 0.00342928
 0.0621481 0.793076 0.134885 0.003451 0.00644027
 0.882865 0.00775082 0.0925719 0.0156641 0.00114835
 0.625262 0.333054 0.00276906 0.0329343 0.00598003
 0.295053 0.450407 0.226345 0.00187349 0.0263222
 0.906069 0.0290859 0.041509 0.020752 0.00258432
 0.82329 0.161144 0.00483739 0.0068677 0.00385993
 0.120742 0.729076 0.136993 0.00409947 0.00908961
 0.152895 0.106111 0.614754 0.115155 0.0110847
 0.943255 0.00940422 0.00596607 0.0343277 0.00704655
pobs_PELACES
 0 0 0 0 0
 0 0 0 0 0
 0 0 0 0 0
 0 0 0 0 0
 0 0 0 0 0
 0 0 0 0 0
 0 0 0 0 0
 0 0 0 0 0
 0 0 0 0 0
 0 0 0 0 0
 0 0 0 0 0
 0 0 0 0 0
 0 0 0 0 0
 0 0 0 0 0
 0 0 0 0 0
 0 0 0 0 0
 0.505614 0.472636 0.0217494 0 0
 0 0 0 0 0
 0.443492 0.261883 0.143347 0.151278 0
 0.227955 0.32914 0.350689 0.0885471 0.00366901
 0.970185 0.0296113 0.000203453 0 0
 0.997202 0.00247181 0.000326279 0 0
 0.445219 0.490057 0.0546422 0.010081 0
 0.90214 0.0892962 0.00764917 0.000914606 0
 0 0 0 0 0
 0.581667 0.319106 0.0959925 0.00289975 0.000334073
 0.762889 0.0836404 0.116647 0.0363945 0.000428098
 0.88444 0.0763242 0.0277011 0.0115352 0
 0.521256 0.241999 0.230069 0.00667565 0
 0.616807 0.101726 0.260614 0.0208532 0
 0.833518 0.0704572 0.0857862 0.0102388 0
ppred_PELACES
 0.041554 0.317632 0.53244 0.108374 7.26782e-07
 0.878792 0.00516826 0.0385015 0.0644256 0.0131122
 0.127172 0.770814 0.00436179 0.0324039 0.0652482
 0.86319 0.0183231 0.104688 0.000590101 0.0132084
 0.393128 0.533579 0.00989599 0.056018 0.00737969
 0.999499 0.000214887 0.000252279 4.62618e-06 2.96189e-05
 0.0158476 0.983666 0.000208501 0.000244541 3.31929e-05
 0.0144727 0.0158554 0.969193 0.000205192 0.000273309
 0.0866961 0.013369 0.0144879 0.88501 0.000436923
 0.505366 0.0454667 0.00660058 0.00712621 0.435441
 0.984769 0.00816919 0.000654691 9.4207e-05 0.00631339
 0.939931 0.0591981 0.000467734 3.73618e-05 0.000365601
 0.775077 0.212398 0.012345 9.69809e-05 8.35242e-05
 0.889516 0.0875043 0.0217081 0.00125309 1.83155e-05
 0.900138 0.0901469 0.00771089 0.00189377 0.000110854
 0.989425 0.0096224 0.000860362 7.29653e-05 1.89602e-05
 0.0924414 0.898424 0.00831496 0.000740782 7.91334e-05
 0.978684 0.00203825 0.0190845 0.000176141 1.73661e-05
 0.529962 0.460296 0.000933133 0.00872057 8.84128e-05
 0.337006 0.35771 0.298974 0.000604477 0.00570558
 0.928839 0.0247787 0.0250655 0.0208761 0.000440518
 0.841123 0.147995 0.0037961 0.00382925 0.00325604
 0.0646169 0.791384 0.134162 0.00343193 0.00640461
 0.886497 0.00752894 0.0896875 0.0151739 0.0011124
 0.633547 0.325797 0.00270123 0.0321228 0.00583263
 0.303925 0.445261 0.223036 0.00184578 0.0259327
 0.909798 0.0279964 0.0398215 0.0199048 0.00247879
 0.826944 0.157841 0.00472886 0.0067129 0.0037729
 0.123244 0.727227 0.136398 0.00408126 0.0090492
 0.160546 0.105548 0.608898 0.114031 0.0109764
 0.946872 0.00884444 0.00558223 0.0321103 0.00659127
pobs_pel_tallas
 0 0 0 0 0 0 0 0 0 0 0 0 0 0 0 0 0 0 0 0 0 0 0 0 0 0
 0 0 0 0 0 0 0 0 0 0 0 0 0 0 0 0 0 0 0 0 0 0 0 0 0 0
 0 0 0 0 0 0 0 0 0 0 0 0 0 0 0 0 0 0 0 0 0 0 0 0 0 0
 0 0 0 0 0 0 0 0 0 0 0 0 0 0 0 0 0 0 0 0 0 0 0 0 0 0
 0 0 0 0 0 0 0 0 0 0 0 0 0 0 0 0 0 0 0 0 0 0 0 0 0 0
 0 0 0 0 0 0 0 0 0 0 0 0 0 0 0 0 0 0 0 0 0 0 0 0 0 0
 0 0 0 0 0 0 0 0 0 0 0 0 0 0 0 0 0 0 0 0 0 0 0 0 0 0
 0 0 0 0 0 0 0 0 0 0 0 0 0 0 0 0 0 0 0 0 0 0 0 0 0 0
 0 0 0 0 0 0 0 0 0 0 0 0 0 0 0 0 0 0 0 0 0 0 0 0 0 0
 0 0 0 0 0 0 0 0 0 0 0 0 0 0 0 0 0 0 0 0 0 0 0 0 0 0
 0 0 0 0 0 0 0 0 0 0 0 0 0 0 0 0 0 0 0 0 0 0 0 0 0 0
 0 0 0 0 0 0 0 0 0 0 0 0 0 0 0 0 0 0 0 0 0 0 0 0 0 0
 0.00862536 0 0 0.000197151 0.00414017 0.0128641 0.00837892 0.0270097 0.101434 0.158115 0.152841 0.127902 0.109271 0.109419 0.0830992 0.0579132 0.0238553 0.00714673 0.00463305 0.00128148 0.00103504 0.000492878 0.000147863 0.000147863 4.92878e-05 0
 0 0 0 0 0 0 0 0 0 0 0 0 0 0 0 0 0 0 0 0 0 0 0 0 0 0
 0 0 0 0 0 0 0 0.0054083 0.00873648 0.0413646 0.0450493 0.0745869 0.0622846 0.0627006 0.0613931 0.0827291 0.12552 0.122667 0.0946155 0.0697135 0.0546179 0.0294188 0.0215738 0.0213955 0.0102223 0.00600262
 0 0 0 0 0.00359764 0.0251062 0.0480494 0.140153 0.205849 0.193036 0.1447 0.116669 0.0760912 0.0342217 0.00950174 0.001854 0.000860785 0 0 0 0.000165536 0 0.000143464 0 0 0
 0 0 0 0 0 0 0 0.000145254 0.000435761 0.0275982 0.070085 0.0708112 0.156366 0.174668 0.174014 0.160142 0.0824315 0.0480064 0.0283245 0.00493863 0.00203355 0 0 0 0 0
 0 0 0 0 0 0 0 0 0 0 0 0 0 0 0 0 0 0 0 0 0 0 0 0 0 0
 0 0 1.00437e-05 0.000401748 0.00122533 0.00171747 0.00176769 0.0269171 0.070346 0.194647 0.189555 0.159765 0.064822 0.0314167 0.0384472 0.0292271 0.0345202 0.0313363 0.0194345 0.0106764 0.0143323 0.0359363 0.0279516 0.0138201 0.00172751 0
 0 0.0021121 0.0136068 0.0755702 0.200478 0.177729 0.0527432 0.0373336 0.0318909 0.0142505 0.0149659 0.0166563 0.0217959 0.0798694 0.0677717 0.0528807 0.04013 0.0224614 0.0357745 0.0225083 0.00881397 0.00855152 0.00135912 0.000746735 0 0
 0 0 0 0 5.4009e-05 0.00500934 0.000945158 0.0243581 0.138947 0.33067 0.221406 0.137944 0.0707744 0.0437923 0.0131692 0.00525238 0.0047753 0.00276346 9.45158e-05 9.00151e-06 2.25038e-05 9.00151e-06 4.50075e-06 0 0 0
 0.000866109 0.00284123 0.00948549 0.0512746 0.133035 0.25785 0.225252 0.132002 0.0553304 0.0519788 0.0540692 0.017754 0.00435017 0.00159236 0.00146478 0.000404838 0.000125132 0.000115318 0.000107957 0.000100596 0 0 0 0 0 0
 0 0 0 0 0.00144013 0.00171154 0.00461396 0.0210425 0.0478622 0.0707936 0.0888783 0.103762 0.0637923 0.0337046 0.0602308 0.124433 0.169614 0.0934646 0.0462172 0.0250306 0.0313229 0.00938855 0.002487 0.000210481 0 0
 0 0.00764035 0.051015 0.0998891 0.058973 0.0496711 0.0374665 0.0718981 0.12319 0.153886 0.159021 0.0857701 0.0377988 0.023471 0.0147837 0.00900784 0.00315554 0.000888139 0.00291439 0.00214683 0.00393193 0.00274676 0.000635225 9.99891e-05 0 0
 0 0 0 0 0 0 0 0 0 0 0 0 0 0 0 0 0 0 0 0 0 0 0 0 0 0
 0 0 0 0 0 0 0 0 0 0 0 0 0 0 0 0 0 0 0 0 0 0 0 0 0 0
 0 0 0 0 0 0 0 0 0 0 0 0 0 0 0 0 0 0 0 0 0 0 0 0 0 0
 0 0 0 0 0 0 0 0 0 0 0 0 0 0 0 0 0 0 0 0 0 0 0 0 0 0
 0 0 0 0 0 0 0 0 0 0 0 0 0 0 0 0 0 0 0 0 0 0 0 0 0 0
 0 0 0 0 0 0 0 0 0 0 0 0 0 0 0 0 0 0 0 0 0 0 0 0 0 0
 0 0 0 0 0 0 0 0 0 0 0 0 0 0 0 0 0 0 0 0 0 0 0 0 0 0
ppred_pel_tallas
 1.26315e-16 3.42282e-06 3.32711e-05 0.000221099 0.00100511 0.00312742 0.00666446 0.00973355 0.00976495 0.00681826 0.00364614 0.00251342 0.0040453 0.00850789 0.0164691 0.0281907 0.0428739 0.0586514 0.0734816 0.0862407 0.096954 0.105859 0.112229 0.114206 0.109909 0.0988515
 1.09793e-16 7.2385e-05 0.000703608 0.00467572 0.0212551 0.0661326 0.140903 0.205652 0.205652 0.140906 0.0661426 0.021285 0.00475512 0.000891993 0.000475668 0.000794937 0.00143788 0.00246675 0.00402643 0.00626297 0.00924203 0.0128457 0.0167047 0.0202284 0.0227505 0.0237378
 1.14615e-16 1.04751e-05 0.000101822 0.000676647 0.00307598 0.00957092 0.0203946 0.0297821 0.0298562 0.0207568 0.0107868 0.00658596 0.00948041 0.0192985 0.0364055 0.060009 0.0860841 0.107537 0.117202 0.11192 0.0945615 0.0722865 0.0524157 0.0390407 0.0323009 0.0298598
 1.05321e-16 7.10998e-05 0.000691116 0.00459271 0.0208778 0.0649585 0.138401 0.202001 0.202003 0.138411 0.0649908 0.0209732 0.00483986 0.00125614 0.00121886 0.0020972 0.00346768 0.00530603 0.00761037 0.0103392 0.0133436 0.0162891 0.0186594 0.0199055 0.0196815 0.0180154
 1.07289e-16 3.23815e-05 0.00031476 0.00209169 0.00950856 0.0295849 0.0630357 0.0920133 0.0920646 0.0632866 0.0304269 0.0119394 0.00818942 0.0136134 0.0252525 0.0416042 0.0597232 0.0746956 0.0815693 0.078142 0.0663467 0.0510373 0.037152 0.0274139 0.0218927 0.0190692
 1.00013e-16 8.23274e-05 0.000800251 0.00531795 0.0241746 0.0752163 0.160256 0.233899 0.233899 0.160256 0.0752166 0.0241756 0.0053205 0.00080586 9.31407e-05 2.4084e-05 2.76157e-05 3.64283e-05 4.39235e-05 4.90042e-05 5.18937e-05 5.33454e-05 5.37539e-05 5.27814e-05 4.97652e-05 4.44303e-05
 1.00288e-16 1.30555e-06 1.26905e-05 8.43372e-05 0.000383443 0.00119354 0.00254646 0.00373646 0.00383105 0.0030085 0.00274428 0.00485956 0.0113089 0.0244791 0.0463588 0.0763533 0.109321 0.136065 0.147221 0.138477 0.113238 0.0805093 0.0497784 0.0267806 0.0125558 0.00515191
 1.2804e-16 1.19211e-06 1.15877e-05 7.70045e-05 0.000350053 0.00108916 0.00232067 0.0033877 0.00339072 0.00233613 0.00114535 0.000531296 0.00060322 0.0013955 0.00331622 0.00726416 0.014598 0.0269194 0.0455009 0.0703453 0.0992301 0.127425 0.148687 0.15744 0.151146 0.131488
 1.8925e-16 7.14105e-06 6.94135e-05 0.000461277 0.0020969 0.00652424 0.0139007 0.0202887 0.0202904 0.0139088 0.00655261 0.00218411 0.000701339 0.000668267 0.00138072 0.00294256 0.00596106 0.0115003 0.0211022 0.0365824 0.0594052 0.0896811 0.125183 0.161022 0.190501 0.207085
 1.74606e-16 4.16263e-05 0.000404622 0.00268886 0.0122232 0.0380308 0.0810289 0.118265 0.118269 0.0810508 0.0381047 0.012438 0.00323439 0.00161818 0.00242027 0.00415293 0.00656022 0.00966534 0.0137861 0.0197293 0.0287321 0.0419793 0.0598285 0.0811277 0.103039 0.121581
 1.01099e-16 8.11141e-05 0.000788458 0.00523958 0.0238184 0.0741078 0.157894 0.230452 0.230453 0.157898 0.0741207 0.0238557 0.00533338 0.000993412 0.000470994 0.000652251 0.000937342 0.00119306 0.00134844 0.00138202 0.00133641 0.00129473 0.00133095 0.00146896 0.00167417 0.00187501
 1.00095e-16 7.74209e-05 0.000752559 0.00500102 0.0227339 0.0707336 0.150706 0.219961 0.219966 0.150734 0.070827 0.0230033 0.00567671 0.00222551 0.00286867 0.00460381 0.00658659 0.00820304 0.00888611 0.00837709 0.00688064 0.00493722 0.00311465 0.00175419 0.000914709 0.000476153
 1.00435e-16 6.38421e-05 0.000620568 0.00412389 0.0187466 0.0583278 0.124274 0.181386 0.181407 0.124374 0.0586631 0.0197145 0.00655194 0.00591605 0.0101062 0.0165678 0.0237686 0.0296947 0.032338 0.0307688 0.0256934 0.0189949 0.0126402 0.0077956 0.00465229 0.0028096
 1.00778e-16 7.32683e-05 0.000712194 0.00473278 0.0215145 0.0669397 0.142623 0.208163 0.208172 0.142664 0.0670784 0.0219152 0.00573913 0.00291115 0.00425555 0.00693487 0.0100183 0.0126703 0.0140873 0.0138898 0.0123318 0.0101054 0.00790831 0.00611703 0.00475761 0.00368563
 1.00455e-16 7.41432e-05 0.000720698 0.00478929 0.0217714 0.067739 0.144326 0.210649 0.210658 0.144368 0.0678814 0.0221826 0.00582087 0.00297129 0.00434444 0.00705436 0.0101301 0.0126862 0.0138747 0.0133054 0.0112751 0.00857117 0.00600728 0.00405346 0.00276997 0.0019768
 1.00038e-16 8.14977e-05 0.000792186 0.00526436 0.023931 0.0744582 0.158641 0.231542 0.231543 0.158646 0.0744734 0.0239749 0.00537447 0.00103242 0.000537314 0.00075814 0.00108143 0.00135379 0.00148008 0.00141814 0.00119941 0.0009077 0.000629978 0.000416882 0.000275673 0.000188089
 1.00558e-16 7.61446e-06 7.40153e-05 0.000491862 0.00223599 0.00695745 0.0148268 0.0216582 0.0217446 0.0152488 0.00837407 0.00632515 0.0107467 0.0224287 0.0423698 0.0697888 0.0999573 0.124487 0.134836 0.127069 0.104277 0.0746443 0.0467816 0.0258765 0.0128533 0.00593912
 1.00572e-16 8.06129e-05 0.000783586 0.0052072 0.0236712 0.0736499 0.156919 0.229028 0.229028 0.15692 0.0736537 0.0236826 0.00523728 0.000853818 0.000227375 0.000283046 0.000480411 0.000770713 0.00115804 0.00163502 0.00216417 0.00266819 0.00304034 0.00317992 0.00303742 0.00264114
 1.01035e-16 4.36523e-05 0.000424316 0.00281973 0.0128181 0.0398822 0.0849748 0.124033 0.124077 0.0851911 0.0406079 0.014913 0.00807325 0.0118764 0.0217452 0.0357547 0.0512085 0.0637824 0.0691082 0.0651873 0.0536245 0.0386311 0.0246187 0.0142187 0.00785005 0.0045367
 1.09746e-16 2.77588e-05 0.000269825 0.00179309 0.00815113 0.0253614 0.0540364 0.0788749 0.0789098 0.0542069 0.0259349 0.00981262 0.00598174 0.0094733 0.0176807 0.0296367 0.0437332 0.0571509 0.0669313 0.071543 0.0715358 0.0686923 0.0644876 0.0592402 0.0525005 0.0440341
 1.02898e-16 7.65073e-05 0.000743678 0.004942 0.0224656 0.0698989 0.148927 0.217364 0.217366 0.148939 0.0699389 0.0225818 0.00523564 0.00139158 0.00132748 0.00212805 0.00318828 0.00428871 0.00526515 0.00605576 0.00672269 0.00736898 0.00801487 0.00854191 0.00875016 0.008477
 1.01083e-16 6.92822e-05 0.000673448 0.0044753 0.0203441 0.063298 0.134864 0.19684 0.196855 0.134933 0.0635315 0.0210181 0.00616594 0.00435996 0.00705847 0.0115278 0.0165264 0.0206306 0.0224452 0.0213371 0.0178239 0.013248 0.009002 0.00589584 0.00402651 0.00305026
 1.05502e-16 5.32258e-06 5.17374e-05 0.000343817 0.00156299 0.00486345 0.0103649 0.0151439 0.0152202 0.0107378 0.00611542 0.00517941 0.00942264 0.0198744 0.0376617 0.0622774 0.0897615 0.112966 0.124568 0.121131 0.1051 0.083058 0.0617454 0.0449553 0.0331062 0.0247846
 1.04301e-16 7.30196e-05 0.000709777 0.00471671 0.0214415 0.0667125 0.142138 0.207455 0.207456 0.142142 0.0667273 0.0214863 0.00483605 0.000993101 0.000678057 0.00118031 0.00210155 0.00349622 0.00544999 0.00797084 0.0109016 0.0138632 0.0162975 0.017637 0.017532 0.0160047
 1.0437e-16 5.21845e-05 0.000507252 0.00337087 0.0153235 0.0476772 0.101583 0.148269 0.148301 0.101736 0.0481912 0.0168073 0.00709275 0.00862347 0.0154414 0.025382 0.0364163 0.0455107 0.0496331 0.047437 0.0401104 0.0306361 0.0220567 0.0160618 0.0127098 0.0110709
 1.11124e-16 2.5034e-05 0.000243339 0.00161708 0.00735102 0.022872 0.0487328 0.071136 0.0711791 0.0489438 0.0235812 0.00940272 0.00677892 0.0115507 0.0216136 0.0359882 0.0525276 0.0674821 0.0769845 0.0791625 0.0751001 0.0678006 0.0600811 0.0531454 0.0466965 0.040004
 1.03573e-16 7.49389e-05 0.000728433 0.00484069 0.0220051 0.068466 0.145874 0.212908 0.212911 0.145888 0.0685116 0.0221376 0.00517633 0.0014715 0.00151687 0.0024702 0.00374306 0.00511466 0.00641355 0.00756747 0.00861847 0.00962853 0.0105539 0.0112078 0.0113489 0.0108236
 1.01489e-16 6.81143e-05 0.000662096 0.00439986 0.0200011 0.062231 0.13259 0.193523 0.193538 0.132665 0.0624801 0.0207202 0.00620347 0.00459535 0.00752632 0.0123044 0.0176485 0.0220502 0.024028 0.0229131 0.019261 0.0145006 0.010106 0.00692172 0.00502753 0.004036
 1.06063e-16 1.01516e-05 9.86776e-05 0.000655751 0.00298099 0.00927534 0.0197647 0.0288618 0.028932 0.0201074 0.0104263 0.00630579 0.00900349 0.0183285 0.0346508 0.0573166 0.0826728 0.104175 0.115119 0.112359 0.0981183 0.0783878 0.0592712 0.0441631 0.033386 0.0256294
 1.30892e-16 1.3224e-05 0.000128542 0.000854206 0.0038831 0.0120818 0.025742 0.0375736 0.0375847 0.0257969 0.0122688 0.00443529 0.00228672 0.00340967 0.0066966 0.0122315 0.0203795 0.0314054 0.0454276 0.0622946 0.0811543 0.0999384 0.115354 0.123796 0.122841 0.112422
 1.045e-16 7.79926e-05 0.000758116 0.00503794 0.0229018 0.0712559 0.151818 0.221583 0.221584 0.151823 0.0712703 0.0229436 0.0051442 0.00099404 0.000538386 0.000801084 0.00123342 0.00174981 0.00234035 0.00304937 0.0039634 0.00514965 0.00657428 0.00805893 0.0093136 0.0100355
pSPR Fmed_Fpbrs
0.431815   0.243523 0.243523
Fs Fmed_Fpbrs
0.536239   1.005 1.005
SSBpbr Bo_Bmed_Bpbrs
1.63783e+06  625346  316957 316957
Ro
47021
SPR SPRFo_SPRFmed_SPRFpbrs
336103 145134 81848.7
Fref
1.005
Nvult_r0
 113879 1323.88 849.616 4891.58 1004.14
CTP_r0
 34271.1 510.719 332.696 1916.98 393.534
YTP_r0
390988
Np
 125862 35801.9 323.369 203.558 1396.83
Nvult_p0
 102200 30855.7 279.764 176.145 1208.73
CTP_p0
 41050.1 15267.1 140.135 88.2889 605.872
YTP_p0
 581283
CBA_c0
448077
log_Ro
10.5784
likeval ReclasPelacesDesembMPH_pf_preclas_ppelaces_ptallas_desvR_qrecl_qpela
 20.0328 80.9472 0.234073 0.00160649 362.35 132.989 121.136 0 155.085 2.43911e-05 0 0.0950058 0 0 0
q_reclas_q_pelaces
2.01343 1
M
1
N
 4724.26 38870 65535.4 13343.4 0.0894856
 212726 1432.54 10786.2 18059.3 3675.62
 7886.36 54837.9 313.682 2331.71 4695.25
 64303.8 2023 11921.7 67.312 1506.8
 3106.75 8420.99 164.915 936.278 123.362
 828518 185.943 219.038 4.01734 25.7211
 4095.59 272299 58.0302 68.0809 9.24113
 1130.26 1257.97 76991.9 16.3014 21.713
 2347.55 398.891 435.587 26619.3 13.142
 4448.02 669.407 101.195 109.493 6691.24
 44840 423.913 34.3242 4.94183 331.192
 140622 11704.2 94.528 7.55967 73.9792
 67618.4 24882.3 1480.15 11.6425 10.0277
 70933.9 11472.9 2959.76 171.211 2.50275
 43590.8 7073.52 628.466 154.666 9.05455
 386089 4516.82 409.774 34.7793 9.03786
 7753.13 87442.1 818.814 72.9944 7.79783
 849870 1929.79 18192.4 167.968 16.5607
 255043 249169 509.824 4766.93 48.3305
 54095.2 68895.7 58414.6 118.196 1115.69
 403074 12333.8 12611.9 10510.1 221.787
 510176 103440 2683.01 2708.07 2302.77
 9524.32 129348 22107.3 565.761 1055.84
 289357 2671.17 32029.5 5420.88 397.412
 152216 85521 714.024 8494.29 1542.37
 27319.9 44385.4 22414.8 185.579 2607.4
 223836 7660.82 10988.2 5494.92 684.311
 306317 62284 1875.31 2662.84 1496.64
 15264.9 95450.4 17984.4 538.258 1193.47
 6401.86 4822.75 28121.6 5269.53 507.25
 149680 1647.25 1053.17 6062.33 1244.46
pred_Ctot
 533.129 6176.74 10642.4 2169.36 0.0145494
 41419.1 382.198 2934.7 4918.67 1001.15
 1553.83 14793.2 86.2895 642.088 1293.01
 28393.5 1116.9 6667.6 37.6722 843.332
 1883.55 5954.37 117.585 667.864 87.9986
 56353.6 18.0669 21.7733 0.399826 2.56006
 433.689 40694.3 8.86415 10.4115 1.41332
 29.1508 46.9624 2943.56 0.624027 0.831242
 340.693 80.6588 89.9369 5502.27 2.71665
 2312.22 421.29 64.3742 69.6922 4259.1
 8465.62 109.887 9.07508 1.30796 87.6618
 48912.2 5279.67 43.3076 3.46629 33.9227
 24494.6 11625.7 702.103 5.52699 4.7606
 36159.9 7110.68 1854.73 107.352 1.56931
 21838.3 4324.36 388.561 95.682 5.60165
 97549.9 1532.52 141.57 12.0272 3.12559
 1635.95 25140.9 239.98 21.4152 2.28786
 111113 353.208 3401.2 31.4384 3.09984
 43923.7 59251.2 123.705 1157.9 11.7403
 13513.7 23135.7 19975.5 40.4575 381.908
 79336.3 3324.07 3466.13 2891.49 61.0202
 103307 28624.6 757.007 764.866 650.428
 1462.62 27598.6 4815.43 123.37 230.25
 36606.5 473.737 5803.04 983.261 72.0885
 20333.7 15978.3 136.259 1622.81 294.682
 4197.73 9475.31 4884.94 40.4885 568.898
 35261.4 1674.56 2451.76 1227.41 152.865
 30022.5 8637.39 265.864 377.955 212.441
 1379.47 12234.6 2357.07 70.6286 156.613
 1252.09 1292.1 7683.23 1441.21 138.74
 34271.1 510.719 332.696 1916.98 393.534
F
 0.193261 0.281953 0.288931 0.289308 0.289328
 0.355624 0.518826 0.531668 0.532361 0.532398
 0.360555 0.52602 0.53904 0.539743 0.53978
 1.03289 1.5069 1.5442 1.54622 1.54632
 1.81589 2.64924 2.71481 2.71835 2.71854
 0.112738 0.164475 0.168546 0.168766 0.168777
 0.180409 0.263201 0.269716 0.270068 0.270086
 0.0415126 0.0605634 0.0620625 0.0621434 0.0621477
 0.254734 0.371636 0.380835 0.381331 0.381358
 1.35069 1.97054 2.01932 2.02195 2.02209
 0.343152 0.500631 0.513022 0.513692 0.513727
 0.731918 1.06781 1.09424 1.09567 1.09574
 0.773896 1.12905 1.157 1.15851 1.15859
 1.30539 1.90446 1.9516 1.95414 1.95428
 1.26704 1.84851 1.89426 1.89673 1.89686
 0.48509 0.707707 0.725223 0.726169 0.726219
 0.390684 0.569975 0.584083 0.584845 0.584885
 0.226951 0.331103 0.339298 0.339741 0.339764
 0.308836 0.450567 0.461719 0.462322 0.462353
 0.478403 0.697951 0.715226 0.716159 0.716208
 0.360132 0.525403 0.538407 0.53911 0.539147
 0.37225 0.543082 0.556524 0.55725 0.557288
 0.271331 0.39585 0.405648 0.406177 0.406205
 0.2189 0.319357 0.327261 0.327688 0.327711
 0.232393 0.339042 0.347434 0.347887 0.347911
 0.271498 0.396093 0.405897 0.406426 0.406454
 0.279208 0.407342 0.417425 0.417969 0.417998
 0.166013 0.2422 0.248194 0.248518 0.248535
 0.152214 0.222068 0.227564 0.227861 0.227877
 0.357482 0.521537 0.534445 0.535142 0.535179
 0.430502 0.628067 0.643612 0.644452 0.644496
YTP_r0W_actual
 291305 8324.73 9614.91 66711 15033
YTP_p0W_proyectada
 308697 246106 3276.35 2604.52 20599.6
CTP_r0_actual
 34271.1 510.719 332.696 1916.98 393.534
CTP_p0_proyectada
 41050.1 15267.1 140.135 88.2889 605.872
Wmedp
 7.52 16.12 23.38 29.5 34
Frms_r0
 0.430502 0.628067 0.643612 0.644452 0.644496
Zrms_r0
 1.4305 1.62807 1.64361 1.64445 1.6445
nmprior
 8.19 8.8 8.5 0
nm_flota  nm_reclas  nm_pelaces    nm_pelaL
inf 9.75425 5.47954 9.12783
cv_recla  cv_pelaces  cv_mph
0.404852 1.02017 1.23693
 ------------------------------------------------
Talla a la edad & desviaci?n 
 8 13.2811 15.8009 17.003 17.5766
 0.8 1.32811 1.58009 1.7003 1.75766
