years
 1991 1992 1993 1994 1995 1996 1997 1998 1999 2000 2001 2002 2003 2004 2005 2006 2007 2008 2009 2010 2011 2012 2013 2014 2015 2016 2017 2018 2019 2020 2021
reclasobs
 0 0 0 0 0 0 0 0 0 252601 567819 844713 477998 351125 339783 2.1784e+06 2.13404e+06 4.81314e+06 1.55562e+06 2.62356e+06 3.21686e+06 3.843e+06 1.13348e+06 3.07943e+06 1.97215e+06 2.03268e+06 2.025e+06 2.42433e+06 2.27542e+06 1.05018e+06 2.36338e+06
reclaspred
 3.1789e+06 1.72625e+06 875060 898654 912965 1.64388e+06 898864 763462 535007 353628 502863 696695 685339 498663 482741 1.37749e+06 1.19986e+06 3.194e+06 2.52614e+06 1.79944e+06 3.12936e+06 2.5565e+06 1.9039e+06 3.07437e+06 2.25411e+06 1.97399e+06 2.41092e+06 2.62213e+06 2.04875e+06 1.22064e+06 1.87295e+06
pelacesobs
 0 0 0 0 0 0 0 0 0 0 0 0 0 0 0 552880 188675 0 991730 2.46772e+06 1.41603e+06 1.21717e+06 2.29649e+06 1.80582e+06 0 1.4828e+06 1.56532e+06 1.57751e+06 1.42118e+06 867257 1.10002e+06
pelacespred
 1.89261e+06 1.11542e+06 545352 433059 491816 886253 443873 498585 316080 186428 282852 327122 359174 259324 256747 613557 592967 1.73066e+06 1.44663e+06 948554 1.62306e+06 1.39293e+06 1.11236e+06 1.88499e+06 1.38296e+06 1.22229e+06 1.62614e+06 1.73837e+06 1.2177e+06 805661 1.12915e+06
mphobs
 0 0 0 0 0 0 0 0 0 0 0 498337 0 5186 125008 0 168611 109162 213762 579715 649985 157893 87575 83554 0 0 0 0 0 0 0
mphpred
 488162 327628 155807 86820 94368.5 115050 162973 84244 75625.1 45921.1 27607.4 61209.9 66051 53553 31561 39990.5 153694 133131 319746 221376 228412 283275 270307 211168 312814 253956 205469 225266 325712 207874 116435
desembarqueobs
 494567 514787 250237 358949 120608 361735 552515 73892 212993 205616 52469 317467 293654 387597 252695 516296 358380 742168 942051 627588 828172 859565 418607 520667 417249 300574 415391 372974 316634 284311 391294
desembarquepred
 494568 513922 250621 358985 120614 361738 552520 73897.5 213054 205671 52471.7 317521 293678 387546 252660 516209 358410 741991 941702 627328 828252 859521 418603 520689 417230 300568 415379 372938 316612 284313 391293
Reclutas
 166009 91241 91886.8 134776 109366 207992 79122.5 32741.6 32727.7 44346.6 82557.9 123390 103195 72160 64643.6 349217 68811.9 568803 318898 248480 345443 475710 90222.9 271841 227207 100238 227817 255589 73956.8 54489.6 214763
log_desv_Rt
 0.239799 -0.35874 -0.351688 0.0313689 -0.177548 0.465257 -0.501248 -1.3836 -1.38402 -1.08021 -0.458745 -0.0568949 -0.235626 -0.593359 -0.703356 0.983448 -0.640869 1.47129 0.892625 0.643119 0.972584 1.29256 -0.369962 0.732973 0.553618 -0.264699 0.556299 0.671327 -0.568764 -0.874235 0.49729
SSB
 1.81186e+06 1.21602e+06 578293 322241 350257 427020 604891 312679 280689 170440 102467 227186 245154 198767 117141 148428 570448 494129 1.18677e+06 821658 847773 1.0514e+06 1.00327e+06 783768 1.16104e+06 942582 762618 836096 1.20891e+06 771543 432160
BT
 2.60423e+06 1.79156e+06 872426 836311 698456 1.44683e+06 1.01977e+06 680450 598945 429765 412861 681972 723214 737069 591517 1.24183e+06 1.00066e+06 2.95191e+06 2.7066e+06 1.7235e+06 2.75871e+06 2.53441e+06 1.70038e+06 2.92089e+06 2.06253e+06 1.74956e+06 2.50962e+06 2.60483e+06 1.6917e+06 1.22339e+06 1.84801e+06
Ftot
 0.230671 0.426239 0.419336 0.639777 0.212846 0.374783 0.87065 0.153357 0.618432 0.890516 0.190272 0.740822 0.691407 1.21514 0.901155 0.692467 0.452544 0.42075 0.586233 0.555501 0.437824 0.548874 0.330639 0.293585 0.291316 0.235976 0.294506 0.24775 0.225328 0.344441 0.371498
BD_Bspro_t
 0.963928 0.758662 0.541466 0.44079 0.434021 0.533547 0.54186 0.341491 0.39528 0.327714 0.281779 0.550206 0.430188 0.335632 0.222043 0.267788 0.464505 0.417149 0.563125 0.442691 0.40492 0.454481 0.471485 0.449505 0.578946 0.586363 0.590978 0.639937 0.701458 0.607223 0.5101
BD_Bspro
 1.94349 1.30437 0.620305 0.345651 0.375703 0.458042 0.648835 0.335395 0.301081 0.182823 0.109912 0.243691 0.262965 0.213207 0.125652 0.159211 0.611891 0.530027 1.27298 0.88135 0.909363 1.12778 1.07616 0.840708 1.24539 1.01106 0.818021 0.896838 1.29674 0.827595 0.463556
BD_Bo
 1.27316 0.854478 0.406356 0.226433 0.24612 0.30006 0.425046 0.219714 0.197236 0.119766 0.0720021 0.15964 0.172266 0.13967 0.0823133 0.104298 0.400844 0.347216 0.833921 0.577365 0.595716 0.738801 0.70498 0.550741 0.815842 0.662336 0.535878 0.587511 0.849481 0.54215 0.303671
BD_Brms
 2.31484 1.5536 0.73883 0.411696 0.447491 0.545563 0.772812 0.399481 0.35861 0.217756 0.130913 0.290254 0.31321 0.253945 0.149661 0.189633 0.728808 0.631302 1.51622 1.04975 1.08312 1.34327 1.28178 1.00135 1.48335 1.20425 0.974324 1.0682 1.54451 0.985728 0.55213
Sel_flota
 0.678762 0.975696 0.998691 0.999931 0.999996
 0.678762 0.975696 0.998691 0.999931 0.999996
 0.678762 0.975696 0.998691 0.999931 0.999996
 0.678762 0.975696 0.998691 0.999931 0.999996
 0.678762 0.975696 0.998691 0.999931 0.999996
 0.678762 0.975696 0.998691 0.999931 0.999996
 0.678762 0.975696 0.998691 0.999931 0.999996
 0.678762 0.975696 0.998691 0.999931 0.999996
 0.678762 0.975696 0.998691 0.999931 0.999996
 0.678762 0.975696 0.998691 0.999931 0.999996
 0.678762 0.975696 0.998691 0.999931 0.999996
 0.678762 0.975696 0.998691 0.999931 0.999996
 0.678762 0.975696 0.998691 0.999931 0.999996
 0.678762 0.975696 0.998691 0.999931 0.999996
 0.678762 0.975696 0.998691 0.999931 0.999996
 0.678762 0.975696 0.998691 0.999931 0.999996
 0.678762 0.975696 0.998691 0.999931 0.999996
 0.678762 0.975696 0.998691 0.999931 0.999996
 0.678762 0.975696 0.998691 0.999931 0.999996
 0.678762 0.975696 0.998691 0.999931 0.999996
 0.678762 0.975696 0.998691 0.999931 0.999996
 0.678762 0.975696 0.998691 0.999931 0.999996
 0.678762 0.975696 0.998691 0.999931 0.999996
 0.678762 0.975696 0.998691 0.999931 0.999996
 0.678762 0.975696 0.998691 0.999931 0.999996
 0.678762 0.975696 0.998691 0.999931 0.999996
 0.678762 0.975696 0.998691 0.999931 0.999996
 0.678762 0.975696 0.998691 0.999931 0.999996
 0.678762 0.975696 0.998691 0.999931 0.999996
 0.678762 0.975696 0.998691 0.999931 0.999996
 0.678762 0.975696 0.998691 0.999931 0.999996
Sel_reclas
 1 1 1 1 1
 1 1 1 1 1
 1 1 1 1 1
 1 1 1 1 1
 1 1 1 1 1
 1 1 1 1 1
 1 1 1 1 1
 1 1 1 1 1
 1 1 1 1 1
 1 1 1 1 1
 1 1 1 1 1
 1 1 1 1 1
 1 1 1 1 1
 1 1 1 1 1
 1 1 1 1 1
 1 1 1 1 1
 1 1 1 1 1
 1 1 1 1 1
 1 1 1 1 1
 1 1 1 1 1
 1 1 1 1 1
 1 1 1 1 1
 1 1 1 1 1
 1 1 1 1 1
 1 1 1 1 1
 1 1 1 1 1
 1 1 1 1 1
 1 1 1 1 1
 1 1 1 1 1
 1 1 1 1 1
 1 1 1 1 1
Sel_pelaces
 0.799098 0.952421 0.990171 0.998031 0.999608
 0.799098 0.952421 0.990171 0.998031 0.999608
 0.799098 0.952421 0.990171 0.998031 0.999608
 0.799098 0.952421 0.990171 0.998031 0.999608
 0.799098 0.952421 0.990171 0.998031 0.999608
 0.799098 0.952421 0.990171 0.998031 0.999608
 0.799098 0.952421 0.990171 0.998031 0.999608
 0.799098 0.952421 0.990171 0.998031 0.999608
 0.799098 0.952421 0.990171 0.998031 0.999608
 0.799098 0.952421 0.990171 0.998031 0.999608
 0.799098 0.952421 0.990171 0.998031 0.999608
 0.799098 0.952421 0.990171 0.998031 0.999608
 0.799098 0.952421 0.990171 0.998031 0.999608
 0.799098 0.952421 0.990171 0.998031 0.999608
 0.799098 0.952421 0.990171 0.998031 0.999608
 0.799098 0.952421 0.990171 0.998031 0.999608
 0.799098 0.952421 0.990171 0.998031 0.999608
 0.799098 0.952421 0.990171 0.998031 0.999608
 0.799098 0.952421 0.990171 0.998031 0.999608
 0.799098 0.952421 0.990171 0.998031 0.999608
 0.799098 0.952421 0.990171 0.998031 0.999608
 0.799098 0.952421 0.990171 0.998031 0.999608
 0.799098 0.952421 0.990171 0.998031 0.999608
 0.799098 0.952421 0.990171 0.998031 0.999608
 0.799098 0.952421 0.990171 0.998031 0.999608
 0.799098 0.952421 0.990171 0.998031 0.999608
 0.799098 0.952421 0.990171 0.998031 0.999608
 0.799098 0.952421 0.990171 0.998031 0.999608
 0.799098 0.952421 0.990171 0.998031 0.999608
 0.799098 0.952421 0.990171 0.998031 0.999608
 0.799098 0.952421 0.990171 0.998031 0.999608
pf_obs 
 0.8446 0.082 0.0669 0.0065 0
 0.8095 0.147 0.0364 0.0071 0
 0.9664 0.0169 0.016 0.0007 0
 0.9276 0.0648 0.0075 0.0001 0
 0.7033 0.2144 0.0806 0.0017 0
 0.9318 0.0425 0.0243 0.0014 0
 0.5671 0.3108 0.0964 0.0239 0.0018
 0.0768 0.2599 0.5324 0.112 0.0189
 0.490249 0.384438 0.106611 0.0170017 0.00170017
 0.7925 0.1577 0.0466 0.003 0.0002
 0.840416 0.127587 0.0312969 0.00059994 9.999e-05
 0.8084 0.0986 0.0794 0.0134 0.0002
 0.7335 0.1905 0.0724 0.0035 0.0001
 0.4001 0.4547 0.1325 0.0127 0
 0.49795 0.308269 0.164784 0.0264974 0.00249975
 0.9179 0.0499 0.0305 0.0017 0
 0.2467 0.6533 0.0926 0.0074 0
 0.9418 0.0223 0.034 0.0019 0
 0.707729 0.231977 0.0356964 0.0245975 0
 0.517169 0.277429 0.184464 0.0207286 0.00020938
 0.811772 0.124168 0.05621 0.00726502 0.000585176
 0.764997 0.148141 0.077277 0.00933861 0.000247198
 0.163321 0.427699 0.378323 0.0303852 0.000271297
 0.753843 0.0900009 0.118128 0.0371064 0.000921714
 0.721811 0.176058 0.0630433 0.0369309 0.00215725
 0.143369 0.312575 0.442814 0.0836902 0.0175525
 0.692698 0.0596174 0.167031 0.0765114 0.00414204
 0.394062 0.376323 0.152708 0.0712218 0.00568511
 0.125707 0.32114 0.495352 0.0537591 0.00404204
 0.23352 0.215282 0.420074 0.123614 0.00750983
 0.796117 0.104755 0.0508955 0.0450114 0.00322123
pf_pred 
 0.493726 0.14448 0.337867 0.0239264 8.9629e-07
 0.431045 0.337521 0.0672579 0.153332 0.0108441
 0.589859 0.2209 0.1136 0.022006 0.0536352
 0.73196 0.184795 0.0454321 0.0227128 0.0150997
 0.664153 0.273284 0.0435618 0.0103783 0.00862292
 0.763613 0.175886 0.0494635 0.00768863 0.0033491
 0.458589 0.449993 0.0685039 0.0187387 0.00417524
 0.457372 0.317725 0.188037 0.0276387 0.0092274
 0.55407 0.246405 0.118019 0.0681604 0.0133457
 0.740906 0.172678 0.0484344 0.0224815 0.0154999
 0.845195 0.128204 0.017942 0.00485743 0.00380173
 0.756236 0.216719 0.0224954 0.00307049 0.00147986
 0.702116 0.248654 0.0439284 0.00441075 0.00089059
 0.654742 0.273616 0.0601227 0.0102806 0.00123849
 0.76723 0.180215 0.0420046 0.00885759 0.00169329
 0.945181 0.046473 0.00651403 0.00146489 0.000367245
 0.377477 0.600897 0.0184237 0.00250017 0.000701967
 0.914865 0.0409966 0.0426476 0.00127063 0.0002205
 0.587059 0.389488 0.0114596 0.0115888 0.000404576
 0.617585 0.264331 0.111575 0.00318335 0.00332616
 0.743234 0.184323 0.0505397 0.0206977 0.00120554
 0.752926 0.201802 0.0327632 0.00873092 0.00377808
 0.309143 0.571185 0.0982862 0.0154842 0.00590221
 0.7479 0.101292 0.125264 0.0209844 0.00455944
 0.62005 0.310516 0.028342 0.0341405 0.00695207
 0.425613 0.406985 0.13748 0.0122236 0.0176978
 0.732013 0.140137 0.0912636 0.0300542 0.00653187
 0.682123 0.255595 0.0329832 0.0209232 0.00837587
 0.335844 0.504954 0.128662 0.0161837 0.0143561
 0.419365 0.248061 0.254395 0.0631989 0.0149803
 0.837412 0.0851497 0.0336034 0.0335417 0.0102928
pobs_RECLAS
 0 0 0 0 0
 0 0 0 0 0
 0 0 0 0 0
 0 0 0 0 0
 0 0 0 0 0
 0 0 0 0 0
 0 0 0 0 0
 0 0 0 0 0
 0 0 0 0 0
 0 0 0 0 0
 0.991045 0.00858322 0.000360255 1.14367e-05 0
 0.934742 0.0480273 0.0164251 0.00080598 0
 0.827803 0.169806 0.00239088 0 0
 0.941827 0.0461693 0.0120037 0 0
 0.791401 0.0380133 0.147996 0.0225897 0
 0.846168 0.0940531 0.0597789 0 0
 0.134021 0.677848 0.182769 0.00536245 0
 0.80878 0.0450904 0.141981 0.00414843 0
 0.846168 0.0940531 0.0597789 0 0
 0.905697 0.0802665 0.012482 0.00150086 5.37128e-05
 0.989698 0.0102097 9.19794e-05 0 0
 0.975433 0.0193895 0.00387452 0.00125025 5.28907e-05
 0.303575 0.632131 0.0575291 0.00676475 0
 0.966965 0.00978017 0.0227588 0.000495775 0
 0.843318 0.132988 0.00938335 0.0141283 0.000182051
 0.564624 0.303363 0.111486 0.0197234 0.00080311
 0.826376 0.0876187 0.0782897 0.00655872 0.00115652
 0.89761 0.0855135 0.0140674 0.00269457 0.000114338
 0.34875 0.467042 0.161289 0.0227151 0.000203297
 0.318654 0.224769 0.449479 0.00709798 0
 0.937255 0.0296025 0.0250945 0.00804832 0
ppred_RECLAS
 0.589392 0.119191 0.272167 0.0192494 7.21038e-07
 0.527316 0.283294 0.0550904 0.12543 0.00887013
 0.679453 0.174629 0.0876407 0.0169552 0.0413221
 0.801983 0.137609 0.0329891 0.01647 0.0109487
 0.741783 0.211054 0.0328519 0.00781688 0.00649427
 0.825418 0.130709 0.0358779 0.00556967 0.00242593
 0.558885 0.368263 0.0546104 0.0149174 0.00332355
 0.551307 0.265313 0.153352 0.0225123 0.00751538
 0.648787 0.196295 0.0916848 0.0528806 0.0103533
 0.811371 0.126841 0.0346532 0.0160622 0.0110733
 0.887925 0.093198 0.0127373 0.00344401 0.00269532
 0.821453 0.159188 0.0161055 0.0021953 0.00105797
 0.777352 0.186631 0.0321434 0.00322307 0.000650735
 0.743686 0.204311 0.0436524 0.00745311 0.000897796
 0.831829 0.130979 0.029734 0.00626124 0.00119686
 0.962312 0.0320743 0.00438292 0.000984302 0.000246745
 0.469633 0.512377 0.0153293 0.00207754 0.000583264
 0.940679 0.0289279 0.0293675 0.000873831 0.000151631
 0.676324 0.305733 0.00877326 0.00886039 0.000309302
 0.704582 0.205763 0.0847191 0.00241392 0.00252204
 0.809535 0.137681 0.0368389 0.0150671 0.000877524
 0.817697 0.149582 0.023689 0.00630441 0.00272788
 0.39486 0.502408 0.0843921 0.0132782 0.005061
 0.813596 0.0759835 0.0917377 0.0153484 0.00333463
 0.70388 0.243091 0.0216619 0.0260603 0.00530634
 0.519211 0.343044 0.113151 0.0100477 0.0145464
 0.800294 0.105645 0.067169 0.0220912 0.00480091
 0.757384 0.196009 0.0246973 0.015647 0.00626332
 0.423894 0.44052 0.109604 0.013769 0.0122132
 0.51552 0.209886 0.210109 0.0521298 0.0123558
 0.883447 0.0617663 0.0237917 0.0237173 0.00727756
pobs_PELACES
 0 0 0 0 0
 0 0 0 0 0
 0 0 0 0 0
 0 0 0 0 0
 0 0 0 0 0
 0 0 0 0 0
 0 0 0 0 0
 0 0 0 0 0
 0 0 0 0 0
 0 0 0 0 0
 0 0 0 0 0
 0 0 0 0 0
 0 0 0 0 0
 0 0 0 0 0
 0 0 0 0 0
 0 0 0 0 0
 0.505614 0.472636 0.0217494 0 0
 0 0 0 0 0
 0.443492 0.261883 0.143347 0.151278 0
 0.227955 0.32914 0.350689 0.0885471 0.00366901
 0.970185 0.0296113 0.000203453 0 0
 0.997202 0.00247181 0.000326279 0 0
 0.445219 0.490057 0.0546422 0.010081 0
 0.90214 0.0892962 0.00764917 0.000914606 0
 0 0 0 0 0
 0.581667 0.319106 0.0959925 0.00289975 0.000334073
 0.762889 0.0836404 0.116647 0.0363945 0.000428098
 0.88444 0.0763242 0.0277011 0.0115352 0
 0.521256 0.241999 0.230069 0.00667565 0
 0.616807 0.101726 0.260614 0.0208532 0
 0.833518 0.0704572 0.0857862 0.0102388 0
ppred_PELACES
 0.545294 0.128494 0.304506 0.0217055 8.1432e-07
 0.489727 0.300754 0.0606075 0.139062 0.00984963
 0.645376 0.189738 0.098683 0.0192397 0.0469634
 0.781465 0.150104 0.0372298 0.0187299 0.0124704
 0.709548 0.235652 0.038073 0.00913031 0.00759742
 0.802997 0.146091 0.0415712 0.00650373 0.00283723
 0.535116 0.385888 0.0591004 0.0162662 0.00362973
 0.507327 0.286652 0.172053 0.0254565 0.00851167
 0.618246 0.209836 0.101417 0.0589433 0.0115583
 0.795571 0.135847 0.038325 0.0178986 0.0123586
 0.870564 0.106896 0.0151666 0.00413309 0.0032397
 0.805257 0.172968 0.0180912 0.0024848 0.00119936
 0.757104 0.202454 0.036061 0.00364357 0.000736784
 0.731534 0.212644 0.0468002 0.00804998 0.000971202
 0.818155 0.140567 0.0329493 0.0069908 0.00133841
 0.957992 0.0355602 0.00502538 0.00113722 0.000285525
 0.436824 0.543385 0.0168434 0.00230044 0.000646857
 0.931551 0.0327647 0.0344708 0.00103364 0.000179644
 0.649464 0.330387 0.00981278 0.00998651 0.000349159
 0.676412 0.222965 0.0950388 0.00272884 0.00285553
 0.78646 0.152726 0.0423431 0.0174526 0.00101806
 0.797759 0.164827 0.0270253 0.00724776 0.00314098
 0.359721 0.528125 0.0919971 0.0145877 0.00556886
 0.786524 0.0850664 0.106537 0.0179638 0.00390899
 0.670692 0.268303 0.0248013 0.0300704 0.00613251
 0.478328 0.368059 0.125988 0.0112754 0.0163495
 0.772579 0.118097 0.0778877 0.0258168 0.00561938
 0.726941 0.218849 0.0286143 0.0182707 0.00732507
 0.384729 0.466127 0.120366 0.0152396 0.013539
 0.474652 0.222682 0.231149 0.0577971 0.0137206
 0.866116 0.0695931 0.0277906 0.0279194 0.00858041
pobs_pel_tallas
 0 0 0 0 0 0 0 0 0 0 0 0 0 0 0 0 0 0 0 0 0 0 0 0 0 0
 0 0 0 0 0 0 0 0 0 0 0 0 0 0 0 0 0 0 0 0 0 0 0 0 0 0
 0 0 0 0 0 0 0 0 0 0 0 0 0 0 0 0 0 0 0 0 0 0 0 0 0 0
 0 0 0 0 0 0 0 0 0 0 0 0 0 0 0 0 0 0 0 0 0 0 0 0 0 0
 0 0 0 0 0 0 0 0 0 0 0 0 0 0 0 0 0 0 0 0 0 0 0 0 0 0
 0 0 0 0 0 0 0 0 0 0 0 0 0 0 0 0 0 0 0 0 0 0 0 0 0 0
 0 0 0 0 0 0 0 0 0 0 0 0 0 0 0 0 0 0 0 0 0 0 0 0 0 0
 0 0 0 0 0 0 0 0 0 0 0 0 0 0 0 0 0 0 0 0 0 0 0 0 0 0
 0 0 0 0 0 0 0 0 0 0 0 0 0 0 0 0 0 0 0 0 0 0 0 0 0 0
 0 0 0 0 0 0 0 0 0 0 0 0 0 0 0 0 0 0 0 0 0 0 0 0 0 0
 0 0 0 0 0 0 0 0 0 0 0 0 0 0 0 0 0 0 0 0 0 0 0 0 0 0
 0 0 0 0 0 0 0 0 0 0 0 0 0 0 0 0 0 0 0 0 0 0 0 0 0 0
 0.00862536 0 0 0.000197151 0.00414017 0.0128641 0.00837892 0.0270097 0.101434 0.158115 0.152841 0.127902 0.109271 0.109419 0.0830992 0.0579132 0.0238553 0.00714673 0.00463305 0.00128148 0.00103504 0.000492878 0.000147863 0.000147863 4.92878e-05 0
 0 0 0 0 0 0 0 0 0 0 0 0 0 0 0 0 0 0 0 0 0 0 0 0 0 0
 0 0 0 0 0 0 0 0.0054083 0.00873648 0.0413646 0.0450493 0.0745869 0.0622846 0.0627006 0.0613931 0.0827291 0.12552 0.122667 0.0946155 0.0697135 0.0546179 0.0294188 0.0215738 0.0213955 0.0102223 0.00600262
 0 0 0 0 0.00359764 0.0251062 0.0480494 0.140153 0.205849 0.193036 0.1447 0.116669 0.0760912 0.0342217 0.00950174 0.001854 0.000860785 0 0 0 0.000165536 0 0.000143464 0 0 0
 0 0 0 0 0 0 0 0.000145254 0.000435761 0.0275982 0.070085 0.0708112 0.156366 0.174668 0.174014 0.160142 0.0824315 0.0480064 0.0283245 0.00493863 0.00203355 0 0 0 0 0
 0 0 0 0 0 0 0 0 0 0 0 0 0 0 0 0 0 0 0 0 0 0 0 0 0 0
 0 0 1.00437e-05 0.000401748 0.00122533 0.00171747 0.00176769 0.0269171 0.070346 0.194647 0.189555 0.159765 0.064822 0.0314167 0.0384472 0.0292271 0.0345202 0.0313363 0.0194345 0.0106764 0.0143323 0.0359363 0.0279516 0.0138201 0.00172751 0
 0 0.0021121 0.0136068 0.0755702 0.200478 0.177729 0.0527432 0.0373336 0.0318909 0.0142505 0.0149659 0.0166563 0.0217959 0.0798694 0.0677717 0.0528807 0.04013 0.0224614 0.0357745 0.0225083 0.00881397 0.00855152 0.00135912 0.000746735 0 0
 0 0 0 0 5.4009e-05 0.00500934 0.000945158 0.0243581 0.138947 0.33067 0.221406 0.137944 0.0707744 0.0437923 0.0131692 0.00525238 0.0047753 0.00276346 9.45158e-05 9.00151e-06 2.25038e-05 9.00151e-06 4.50075e-06 0 0 0
 0.000866109 0.00284123 0.00948549 0.0512746 0.133035 0.25785 0.225252 0.132002 0.0553304 0.0519788 0.0540692 0.017754 0.00435017 0.00159236 0.00146478 0.000404838 0.000125132 0.000115318 0.000107957 0.000100596 0 0 0 0 0 0
 0 0 0 0 0.00144013 0.00171154 0.00461396 0.0210425 0.0478622 0.0707936 0.0888783 0.103762 0.0637923 0.0337046 0.0602308 0.124433 0.169614 0.0934646 0.0462172 0.0250306 0.0313229 0.00938855 0.002487 0.000210481 0 0
 0 0.00764035 0.051015 0.0998891 0.058973 0.0496711 0.0374665 0.0718981 0.12319 0.153886 0.159021 0.0857701 0.0377988 0.023471 0.0147837 0.00900784 0.00315554 0.000888139 0.00291439 0.00214683 0.00393193 0.00274676 0.000635225 9.99891e-05 0 0
 0 0 0 0 0 0 0 0 0 0 0 0 0 0 0 0 0 0 0 0 0 0 0 0 0 0
 0 0 0 0 0 0 0 0 0 0 0 0 0 0 0 0 0 0 0 0 0 0 0 0 0 0
 0 0 0 0 0 0 0 0 0 0 0 0 0 0 0 0 0 0 0 0 0 0 0 0 0 0
 0 0 0 0 0 0 0 0 0 0 0 0 0 0 0 0 0 0 0 0 0 0 0 0 0 0
 0 0 0 0 0 0 0 0 0 0 0 0 0 0 0 0 0 0 0 0 0 0 0 0 0 0
 0 0 0 0 0 0 0 0 0 0 0 0 0 0 0 0 0 0 0 0 0 0 0 0 0 0
 0 0 0 0 0 0 0 0 0 0 0 0 0 0 0 0 0 0 0 0 0 0 0 0 0 0
ppred_pel_tallas
 1.10998e-16 4.49151e-05 0.000436591 0.0029013 0.0131889 0.0410357 0.0874313 0.127611 0.127624 0.0874942 0.0412482 0.0138085 0.00447802 0.00394958 0.00692436 0.0119166 0.0184172 0.0257678 0.0332293 0.0403069 0.0467648 0.0522495 0.0559351 0.0566716 0.0536299 0.0469346
 1.17439e-16 4.03382e-05 0.000392102 0.00260566 0.011845 0.0368542 0.0785229 0.114613 0.114642 0.0786649 0.0373314 0.0132244 0.00607257 0.00797562 0.0144899 0.0240221 0.0349301 0.044674 0.0507514 0.0521654 0.0500666 0.0469318 0.0449064 0.0445936 0.0450404 0.044645
 1.12774e-16 5.31588e-05 0.000516723 0.00343381 0.0156096 0.0485673 0.103479 0.151034 0.151052 0.103569 0.04887 0.0164854 0.00563837 0.00535013 0.00929452 0.0154456 0.0226353 0.0293007 0.0338912 0.0357299 0.0353898 0.0341996 0.033287 0.0329316 0.0326259 0.0316113
 1.05102e-16 6.43683e-05 0.000625683 0.00415788 0.0189011 0.0588085 0.125298 0.18288 0.182894 0.125369 0.0590466 0.0195891 0.00588639 0.00440458 0.0072579 0.0119418 0.0173049 0.0219977 0.0246974 0.0248166 0.0228489 0.0200059 0.0174414 0.0156716 0.014536 0.0135544
 1.03361e-16 5.84446e-05 0.000568102 0.00377524 0.0171617 0.0533965 0.113768 0.166052 0.166075 0.113879 0.0537694 0.0182387 0.00647905 0.00647207 0.0112757 0.0185607 0.0267611 0.0337161 0.0372637 0.0364105 0.0319162 0.0257618 0.0199455 0.0155457 0.012594 0.010556
 1.0237e-16 6.61418e-05 0.000642922 0.00427244 0.0194219 0.0604289 0.128751 0.187918 0.187932 0.12882 0.0606606 0.0200916 0.00595503 0.00432132 0.00706759 0.0116199 0.0168266 0.0213558 0.0238903 0.0238129 0.0215491 0.0182332 0.0149833 0.012364 0.0103534 0.00866242
 1.0405e-16 4.40769e-05 0.000428443 0.00284716 0.0129428 0.04027 0.0858008 0.125237 0.125274 0.0859826 0.0408804 0.0147059 0.00727323 0.010092 0.0184009 0.0303613 0.0437574 0.0550788 0.0607713 0.0591907 0.0515687 0.0411497 0.0312243 0.023597 0.0183754 0.0147467
 1.09032e-16 4.17879e-05 0.000406193 0.0026993 0.0122706 0.0381786 0.0813446 0.118731 0.118759 0.0814808 0.0386363 0.0135952 0.00603436 0.00772024 0.0140309 0.0233868 0.0342849 0.0443656 0.0512109 0.0536503 0.052334 0.049039 0.0453292 0.0417048 0.0377695 0.0329968
 1.10848e-16 5.09241e-05 0.000495001 0.00328945 0.0149534 0.0465257 0.0991286 0.144685 0.144706 0.0992281 0.0468602 0.0159215 0.0057261 0.00583636 0.010261 0.0170579 0.0249845 0.0323118 0.0373165 0.0392373 0.0386872 0.0371028 0.0356879 0.034713 0.0336146 0.0316192
 1.05028e-16 6.55301e-05 0.000636976 0.00423293 0.0192423 0.05987 0.12756 0.18618 0.186193 0.127624 0.0600856 0.0198655 0.00579905 0.00406213 0.00658935 0.0108402 0.0157306 0.0200441 0.0225934 0.0228519 0.0212595 0.0188914 0.0167588 0.0152934 0.0143236 0.0134064
 1.01428e-16 7.17073e-05 0.00069702 0.00463194 0.0210561 0.0655135 0.139584 0.203729 0.203739 0.139634 0.0656826 0.0215444 0.00585768 0.00337299 0.00515441 0.00840932 0.012111 0.015239 0.0168067 0.0163624 0.0142553 0.0113941 0.00869922 0.00667283 0.00533617 0.00444504
 1.01019e-16 6.6328e-05 0.000644732 0.00428447 0.0194766 0.060599 0.129113 0.188448 0.188465 0.129195 0.0608723 0.0202658 0.00626492 0.00496623 0.00826818 0.0135495 0.0194778 0.0244205 0.0267594 0.0257458 0.0219427 0.0168452 0.0119962 0.00828149 0.00581022 0.00424259
 1.01583e-16 6.23617e-05 0.000606178 0.00402827 0.0183119 0.0569753 0.121393 0.17718 0.1772 0.121488 0.0572957 0.0192374 0.00635167 0.00567967 0.0097021 0.0159516 0.0229968 0.0289661 0.0319888 0.0311894 0.0271915 0.0216692 0.0163281 0.0121161 0.00912051 0.00697047
 1.02377e-16 6.02556e-05 0.000585706 0.00389222 0.0176935 0.0550511 0.117293 0.171197 0.171217 0.117393 0.0553879 0.0186666 0.00633614 0.0059249 0.0102123 0.0168186 0.0242935 0.0306974 0.0340869 0.0335527 0.029736 0.024351 0.0191196 0.0149611 0.0119107 0.00956188
 1.01915e-16 6.73903e-05 0.000655058 0.00435309 0.0197885 0.0615695 0.131181 0.191465 0.191479 0.131247 0.0617923 0.0204321 0.00596954 0.00418714 0.00678532 0.0111366 0.0160961 0.0203661 0.0226677 0.0224048 0.0200011 0.0165811 0.0132652 0.0106382 0.00870108 0.00716998
 1.00317e-16 7.89085e-05 0.000767019 0.00509711 0.0231707 0.0720927 0.153601 0.224186 0.22419 0.153618 0.072149 0.0233331 0.00550479 0.00165699 0.00176909 0.00279968 0.00402509 0.00506073 0.00557318 0.00540977 0.00468429 0.00369772 0.00275697 0.00203297 0.00153976 0.00120481
 1.00966e-16 3.59807e-05 0.000349746 0.00232418 0.0105654 0.0328733 0.0700419 0.102239 0.102291 0.0702973 0.0337305 0.01304 0.00853092 0.013883 0.0256906 0.04229 0.0606237 0.0756176 0.082125 0.077772 0.0644045 0.0469153 0.0304287 0.0180014 0.0101435 0.00578481
 1.01138e-16 7.67307e-05 0.000745849 0.00495643 0.0225312 0.070103 0.149362 0.217999 0.218002 0.149378 0.0701558 0.0226842 0.00534269 0.0015963 0.00171304 0.00276547 0.00410349 0.00542331 0.00646112 0.0070782 0.00730903 0.00728065 0.00707894 0.0066873 0.00604073 0.00512615
 1.01429e-16 5.34956e-05 0.000519996 0.00345556 0.0157085 0.0488751 0.104135 0.151994 0.152026 0.10429 0.0493963 0.0172133 0.00723 0.00875043 0.0156576 0.0257302 0.0368961 0.0460556 0.0500927 0.047582 0.0396609 0.0293068 0.0196164 0.0124034 0.0079147 0.00543581
 1.03557e-16 5.57152e-05 0.000541572 0.00359894 0.0163603 0.0509029 0.108455 0.158298 0.158319 0.10856 0.0512575 0.0173857 0.00617742 0.00618552 0.0108186 0.0179111 0.0260594 0.0333131 0.0376949 0.0382467 0.0355281 0.0311084 0.0265039 0.0224358 0.0188512 0.0154311
 1.03184e-16 6.47797e-05 0.000629682 0.00418446 0.019022 0.0591844 0.126099 0.184049 0.184063 0.126171 0.0594267 0.0197222 0.00594395 0.00447669 0.00738878 0.0121597 0.0176213 0.0223949 0.0251185 0.025165 0.0229943 0.0197951 0.0167166 0.0143027 0.0124657 0.0108401
 1.02081e-16 6.57104e-05 0.000638728 0.00424457 0.0192952 0.0600347 0.127911 0.186693 0.186709 0.127988 0.0602955 0.0200486 0.00613587 0.00476856 0.00791234 0.0129855 0.0187207 0.0235863 0.0260671 0.0254652 0.0223068 0.0179718 0.013853 0.0107045 0.00855471 0.00704357
 1.05196e-16 2.96298e-05 0.000288013 0.00191395 0.00870056 0.0270709 0.0576794 0.0841954 0.0842464 0.0579283 0.0279066 0.0111146 0.00797474 0.0135228 0.0251764 0.0416045 0.0599981 0.0755882 0.083515 0.0815145 0.0712353 0.0570623 0.043445 0.0328291 0.0253859 0.0200746
 1.0556e-16 6.4785e-05 0.000629733 0.0041848 0.0190235 0.0591892 0.126109 0.184062 0.18407 0.12615 0.0593268 0.0194231 0.00519531 0.00286007 0.00437211 0.00731235 0.0109639 0.0147001 0.0179033 0.0202553 0.021839 0.0229061 0.0235277 0.0234664 0.0223711 0.0200948
 1.04838e-16 5.52441e-05 0.000536992 0.0035685 0.0162219 0.0504726 0.107538 0.15696 0.156986 0.107664 0.0508966 0.0174465 0.00664204 0.00724524 0.0127921 0.0210533 0.0303106 0.0381028 0.0419742 0.0408281 0.0355992 0.028633 0.0222768 0.0177661 0.0150537 0.0133754
 1.07628e-16 3.93993e-05 0.000382975 0.00254501 0.0115692 0.0359964 0.0766955 0.111947 0.111982 0.0768695 0.0365809 0.0132588 0.00679169 0.00967208 0.0177355 0.0293998 0.0426781 0.0543582 0.0611662 0.061559 0.0565733 0.0489766 0.0414582 0.0353161 0.0304182 0.0260302
 1.05818e-16 6.36363e-05 0.000618568 0.0041106 0.0186862 0.0581398 0.123873 0.180799 0.180811 0.12393 0.0583287 0.0192332 0.00548864 0.00364372 0.00585877 0.00971606 0.0142987 0.0186326 0.0217611 0.0232396 0.0233499 0.0227938 0.0221301 0.0214329 0.0203913 0.018669
 1.03954e-16 5.98772e-05 0.000582028 0.00386778 0.0175824 0.0547054 0.116556 0.170122 0.170143 0.11666 0.0550515 0.0185821 0.00637732 0.00606097 0.0104674 0.0172161 0.0248119 0.0312446 0.0345149 0.0337208 0.0296006 0.0240291 0.0188815 0.015144 0.0127879 0.0112307
 1.07413e-16 3.16897e-05 0.000308035 0.00204701 0.00930542 0.0289529 0.0616888 0.090046 0.090091 0.0619088 0.0296917 0.0114407 0.00741094 0.0120312 0.0223362 0.0369806 0.0535123 0.0678005 0.0756323 0.0750366 0.067402 0.0564175 0.0457454 0.0372756 0.0309828 0.025924
 1.14846e-16 3.90965e-05 0.000380032 0.00252545 0.0114803 0.0357197 0.0761054 0.111083 0.111104 0.076212 0.0360787 0.0125215 0.0051549 0.00617338 0.0111984 0.0188621 0.0281313 0.0374014 0.0450193 0.0501796 0.0532382 0.0551007 0.0562413 0.0562469 0.0542206 0.0495828
 1.05072e-16 7.13409e-05 0.000693459 0.00460828 0.0209486 0.0651788 0.138871 0.202687 0.202694 0.138904 0.0652897 0.0212693 0.00541536 0.00246217 0.00345107 0.00564811 0.00826464 0.0106892 0.012362 0.0130583 0.0130209 0.0127648 0.0127063 0.0129084 0.013106 0.0129284
pSPR Fmed_Fpbrs
0.503065   0.6 0.325
Fs Fmed_Fpbrs
0.421814   0.302689 0.750984
SSBpbr Bo_Bmed_Bpbrs
1.42312e+06  644764  782714 391357
Ro
130614
SPR SPRFo_SPRFmed_SPRFpbrs
932271 468993 302988
Fref
0.302689
Nvult_r0
 153365 11804.3 4579.72 4567.18 1401.45
CTP_r0
 30884.5 3140.4 1239.33 1237.05 379.609
YTP_r0
391293
Np
 164866 49386.6 16811.2 1104.57 538.602
Nvult_p0
 115479 35864.2 12240.1 804.34 392.21
CTP_p0
 19681.9 10165.7 686.556 263.615 329.411
 19681.9 8176.94 2841.21 186.884 91.1323
YTP_p0
 341480 349839
CBA_c0
343987
log_Ro
11.6
likeval ReclasPelacesDesembMPH_pf_preclas_ppelaces_ptallas_desvR_qrecl_qpela
 12.262 16.7841 0.0292795 0.000822243 241.011 116.981 99.6517 0 24.2199 6.85641e-06 2.68794e-05 0.143604 1.09452e-15 0 0
q_reclas_q_pelaces
1.44925 2.09092
M
1
N
 166009 34741.3 79540.7 5626.42 0.210755
 91241 52220.4 10204.9 23240.6 1643.54
 91886.8 25133.2 12674.5 2452.68 5977.59
 134776 25429.9 6141.35 3067.32 2039.09
 109366 32116.1 5011.32 1192.56 990.79
 207992 34821.2 9599.24 1490.53 649.225
 79122.5 59329.9 8886.65 2428.79 541.142
 32741.6 16119.6 9333.62 1370.32 457.462
 32727.7 10854.2 5105.93 2946.06 576.807
 44346.6 7912.59 2183.99 1012.86 698.289
 82557.9 8913.68 1220.89 330.153 258.383
 123390 26691.6 2723.56 371.413 178.998
 103195 27453.9 4766.12 478.111 96.5324
 72160 23743.7 5144.38 879.001 105.888
 64643.6 11635.9 2669.01 562.341 107.497
 349217 12899.9 1776.84 399.21 100.076
 68811.9 80292.2 2414.72 327.351 91.9046
 568803 18619.4 18994.1 565.316 98.0975
 318898 157267 4543.43 4590.22 160.24
 248480 78803.5 32653.8 930.733 972.436
 345443 62696.8 16860.2 6897.69 401.736
 475710 94410.3 15046.2 4005.65 1733.25
 90222.9 120573 20330.4 3199.43 1219.48
 271841 26518.9 32125.5 5375.81 1167.97
 227207 81936.4 7325.84 8814.95 1794.9
 100238 68588.7 22685.1 2014.71 2916.79
 227817 31417.8 20043.1 6593.21 1432.86
 255589 68624.2 8671.37 5494.61 2199.45
 73956.8 79472.3 19824.4 2490.79 2209.38
 54489.6 23348.6 23466.1 5823.39 1380.27
 214763 15866.6 6137.8 6120.03 1877.93
pred_Ctot
 15404.2 4507.76 10541.4 746.501 0.0279641
 14834.2 11615.6 2314.65 5276.86 373.193
 14724.5 5514.28 2835.78 549.332 1338.89
 31082.8 7847.35 1929.28 964.502 641.212
 9410.07 3872.02 617.206 147.046 122.174
 30148.6 6944.25 1952.89 303.559 132.228
 23402.4 22963.8 3495.85 956.264 213.069
 2063.52 1433.48 848.363 124.697 41.6312
 7336.84 3262.83 1562.77 902.56 176.721
 13348.7 3111.09 872.632 405.044 279.259
 6389.84 969.244 135.645 36.7231 28.7418
 32099.6 9198.96 954.851 130.332 62.8149
 25377 8987.24 1587.73 159.42 32.1891
 27356.5 11432.2 2512.05 429.544 51.7467
 19638 4612.78 1075.15 226.719 43.3415
 85985.2 4227.75 592.596 133.264 33.4091
 11794.6 18775.6 575.666 78.1203 21.9336
 91421.3 4096.74 4261.72 126.972 22.0343
 68342.2 45342 1334.06 1349.11 47.0985
 50869.7 21772.6 9190.28 262.209 273.971
 57510.6 14262.7 3910.71 1601.56 93.2834
 96395.5 25836.2 4194.6 1117.8 483.699
 11676.3 21573.6 3712.27 584.838 222.926
 31555 4273.66 5285.08 885.365 192.369
 26186.4 13113.9 1196.96 1441.84 293.605
 9501.19 9085.35 3069.04 272.875 395.077
 26521.1 5077.22 3306.51 1088.87 236.652
 25353 9499.9 1225.91 777.668 311.312
 6713.43 10093.9 2571.93 323.508 286.975
 7318.73 4329.14 4439.68 1102.94 261.436
 30884.5 3140.4 1239.33 1237.05 379.609
F
 0.156571 0.225065 0.230369 0.230655 0.230671
 0.289315 0.41588 0.425681 0.426209 0.426237
 0.28463 0.409145 0.418787 0.419307 0.419335
 0.434257 0.624228 0.63894 0.639733 0.639775
 0.144472 0.207673 0.212567 0.212831 0.212845
 0.254389 0.365675 0.374293 0.374757 0.374782
 0.590964 0.84949 0.86951 0.87059 0.870646
 0.104093 0.14963 0.153156 0.153346 0.153356
 0.419768 0.603401 0.617622 0.618389 0.618429
 0.604449 0.868874 0.88935 0.890455 0.890513
 0.129149 0.185648 0.190023 0.190259 0.190271
 0.502842 0.722817 0.739852 0.740771 0.740819
 0.469301 0.674603 0.690501 0.691359 0.691404
 0.824793 1.18561 1.21355 1.21506 1.21514
 0.61167 0.879254 0.899975 0.901093 0.901152
 0.47002 0.675637 0.69156 0.692419 0.692464
 0.30717 0.441545 0.451951 0.452513 0.452542
 0.285589 0.410524 0.420199 0.420721 0.420748
 0.397912 0.571985 0.585465 0.586192 0.58623
 0.377053 0.542001 0.554774 0.555463 0.555499
 0.297178 0.427183 0.43725 0.437793 0.437822
 0.372555 0.535535 0.548156 0.548837 0.548872
 0.224425 0.322603 0.330206 0.330616 0.330638
 0.199274 0.28645 0.293201 0.293565 0.293584
 0.197734 0.284236 0.290935 0.291296 0.291315
 0.160171 0.230241 0.235667 0.23596 0.235975
 0.199899 0.287348 0.29412 0.294485 0.294505
 0.168163 0.241729 0.247426 0.247733 0.247749
 0.152944 0.219851 0.225033 0.225312 0.225327
 0.233793 0.33607 0.34399 0.344417 0.34444
 0.252159 0.362469 0.371012 0.371472 0.371497
YTP_r0W_actual
 256342 44279.7 34205.4 42307.1 14159.4
YTP_p0W_proyectada
 147417 159296 15880 7742.37 11144
 147417 128133 65717.2 5488.78 3083.01
CTP_r0_actual
 30884.5 3140.4 1239.33 1237.05 379.609
CTP_p0_proyectada
 19681.9 10165.7 686.556 263.615 329.411
 19681.9 8176.94 2841.21 186.884 91.1323
Wmedp
 7.49 15.67 23.13 29.37 33.83
Frms_r0
 0.252159 0.362469 0.371012 0.371472 0.371497
Zrms_r0
 1.25216 1.36247 1.37101 1.37147 1.3715
nmprior
 8.19 8.8 8.5 0
nm_flota  nm_reclas  nm_pelaces    nm_pelaL
inf 14.5037 16.2661 37.5549
cv_recla  cv_pelaces  cv_mph
0.316742 0.464538 0.884923
 ------------------------------------------------
Talla a la edad & desviaci?n 
 8 13.2811 15.8009 17.003 17.5766
 0.8 1.32811 1.58009 1.7003 1.75766
