years
 1991 1992 1993 1994 1995 1996 1997 1998 1999 2000 2001 2002 2003 2004 2005 2006 2007 2008 2009 2010 2011 2012 2013 2014 2015 2016 2017 2018 2019 2020 2021
reclasobs
 0 0 0 0 0 0 0 0 0 252601 567819 844713 477998 351125 339783 2.1784e+06 2.13404e+06 4.81314e+06 1.55562e+06 2.62356e+06 3.21686e+06 3.843e+06 1.13348e+06 3.07943e+06 1.97215e+06 2.03268e+06 2.025e+06 2.42433e+06 2.27542e+06 1.05018e+06 2.36338e+06
reclaspred
 4.35967e+06 2.50098e+06 1.28143e+06 1.54434e+06 1.73463e+06 2.55897e+06 1.7694e+06 1.54414e+06 1.06453e+06 728659 653641 761341 740442 593706 613966 1.46127e+06 1.5134e+06 3.14306e+06 2.65864e+06 2.03328e+06 3.57362e+06 2.87717e+06 2.38889e+06 3.53549e+06 2.71743e+06 2.47113e+06 2.844e+06 2.92318e+06 2.50105e+06 1.66848e+06 2.37662e+06
pelacesobs
 0 0 0 0 0 0 0 0 0 0 0 0 0 0 0 552880 188675 0 991730 2.46772e+06 1.41603e+06 1.21717e+06 2.29649e+06 1.80582e+06 0 1.4828e+06 1.56532e+06 1.57751e+06 1.42118e+06 867257 1.10002e+06
pelacespred
 2.04885e+06 1.31327e+06 679919 690665 777418 1.21123e+06 815737 823067 570166 372786 346421 327499 345225 294058 315019 624026 626427 1.5195e+06 1.31706e+06 932267 1.58929e+06 1.39715e+06 1.14049e+06 1.87535e+06 1.37257e+06 1.24129e+06 1.64848e+06 1.68042e+06 1.14967e+06 870169 1.28328e+06
mphobs
 0 0 0 0 0 0 0 0 0 0 0 498337 0 5186 125008 0 168611 109162 213762 579715 649985 157893 87575 83554 0 0 0 0 0 0 0
mphpred
 3.84385e+06 2.60356e+06 1.33561e+06 741081 1.0604e+06 1.28901e+06 1.62147e+06 1.10775e+06 929194 615043 379370 449226 446162 380156 269526 350200 1.02042e+06 1.02121e+06 1.86733e+06 1.43956e+06 1.58544e+06 1.94407e+06 1.82499e+06 1.56033e+06 2.12208e+06 1.76932e+06 1.49792e+06 1.56536e+06 2.1092e+06 1.47962e+06 964131
desembarqueobs
 494567 514787 250237 358949 120608 361735 552515 73892 212993 205616 52469 317467 293654 387597 252695 516296 358380 742168 942051 627588 828172 859565 418607 520667 417249 300574 415391 372974 316634 284311 391294
desembarquepred
 494577 512903 251361 358967 120611 361757 552615 73895.8 213053 205679 52472.1 317571 293735 387692 252708 516295 358414 742109 941950 627520 828280 859654 418632 520705 417265 300583 415403 372971 316638 284329 391304
Reclutas
 228032 131463 126499 318535 249610 351742 147856 69812.5 55799.5 68277.8 112702 149750 130375 93744.2 95864.9 474637 117504 710656 441017 346342 491903 653281 155783 407541 355805 168586 351503 382902 129187 101105 356059
log_desv_Rt
 0.112551 -0.438211 -0.476697 0.446799 0.202966 0.545964 -0.320695 -1.07112 -1.29517 -1.09335 -0.592192 -0.30797 -0.446523 -0.776365 -0.753995 0.845616 -0.550462 1.24925 0.772149 0.530492 0.881346 1.16507 -0.268473 0.693207 0.557447 -0.189489 0.545283 0.630845 -0.455672 -0.700772 0.558163
SSB
 3.84385e+06 2.60356e+06 1.33561e+06 741081 1.0604e+06 1.28901e+06 1.62147e+06 1.10775e+06 929194 615043 379370 449226 446162 380156 269526 350200 1.02042e+06 1.02121e+06 1.86733e+06 1.43956e+06 1.58544e+06 1.94407e+06 1.82499e+06 1.56033e+06 2.12208e+06 1.76932e+06 1.49792e+06 1.56536e+06 2.1092e+06 1.47962e+06 964131
BT
 5.13737e+06 3.53335e+06 1.81736e+06 1.8892e+06 1.882e+06 3.09413e+06 2.37935e+06 1.95893e+06 1.52625e+06 1.06078e+06 845323 1.02599e+06 1.06472e+06 1.08243e+06 979357 1.85827e+06 1.72351e+06 4.15738e+06 3.94502e+06 2.70646e+06 4.33901e+06 4.02211e+06 2.99462e+06 4.80829e+06 3.54647e+06 3.12734e+06 4.22398e+06 4.24829e+06 2.91124e+06 2.27781e+06 3.33319e+06
Ftot
 0.10892 0.194941 0.187009 0.226367 0.0678491 0.138127 0.295439 0.0465347 0.192321 0.269217 0.0791356 0.397212 0.37845 0.609831 0.397499 0.346075 0.226913 0.231862 0.3384 0.296241 0.224863 0.28783 0.168384 0.144832 0.14864 0.117797 0.143368 0.125733 0.121312 0.163597 0.162522
BD_Bspro_t
 0.982724 0.871572 0.735371 0.661078 0.703398 0.772977 0.762679 0.646734 0.688441 0.642571 0.596628 0.717993 0.588691 0.498923 0.398608 0.462015 0.609999 0.596144 0.673372 0.583086 0.560421 0.606418 0.618618 0.619785 0.71657 0.726478 0.738213 0.768014 0.803687 0.747544 0.695831
BD_Bspro
 2.643 1.79019 0.918355 0.509562 0.729121 0.886312 1.11491 0.761679 0.638907 0.422899 0.260852 0.308884 0.306778 0.261392 0.185324 0.240795 0.70163 0.702176 1.28396 0.989828 1.09014 1.33673 1.25485 1.07287 1.45913 1.21657 1.02996 1.07633 1.45027 1.01737 0.662929
BD_Bo
 1.84227 1.24783 0.640127 0.355183 0.508224 0.617792 0.777135 0.530918 0.445341 0.294776 0.181824 0.215304 0.213835 0.1822 0.129178 0.167843 0.489062 0.489442 0.89497 0.689946 0.759866 0.931748 0.874677 0.747831 1.01706 0.847994 0.717917 0.750241 1.01089 0.709147 0.462086
BD_Brms
 12.763 8.64476 4.4347 2.46065 3.5209 4.27997 5.38387 3.67812 3.08526 2.04216 1.25965 1.49159 1.48142 1.26225 0.894925 1.16279 3.38815 3.39078 6.20022 4.77984 5.26424 6.45501 6.05963 5.18086 7.04607 5.87478 4.97362 5.19755 7.0033 4.91286 3.20126
Sel_flota
 0.882195 1 1 1 1
 0.882195 1 1 1 1
 0.882195 1 1 1 1
 0.882195 1 1 1 1
 0.882195 1 1 1 1
 0.882195 1 1 1 1
 0.882195 1 1 1 1
 0.882195 1 1 1 1
 0.882195 1 1 1 1
 0.882195 1 1 1 1
 0.882195 1 1 1 1
 0.882195 1 1 1 1
 0.882195 1 1 1 1
 0.882195 1 1 1 1
 0.882195 1 1 1 1
 0.882195 1 1 1 1
 0.882195 1 1 1 1
 0.882195 1 1 1 1
 0.882195 1 1 1 1
 0.882195 1 1 1 1
 0.882195 1 1 1 1
 0.882195 1 1 1 1
 0.882195 1 1 1 1
 0.882195 1 1 1 1
 0.882195 1 1 1 1
 0.882195 1 1 1 1
 0.882195 1 1 1 1
 0.882195 1 1 1 1
 0.882195 1 1 1 1
 0.882195 1 1 1 1
 0.882195 1 1 1 1
Sel_reclas
 0.940143 1 1 1 1
 0.940143 1 1 1 1
 0.940143 1 1 1 1
 0.940143 1 1 1 1
 0.940143 1 1 1 1
 0.940143 1 1 1 1
 0.940143 1 1 1 1
 0.940143 1 1 1 1
 0.940143 1 1 1 1
 0.940143 1 1 1 1
 0.940143 1 1 1 1
 0.940143 1 1 1 1
 0.940143 1 1 1 1
 0.940143 1 1 1 1
 0.940143 1 1 1 1
 0.940143 1 1 1 1
 0.940143 1 1 1 1
 0.940143 1 1 1 1
 0.940143 1 1 1 1
 0.940143 1 1 1 1
 0.940143 1 1 1 1
 0.940143 1 1 1 1
 0.940143 1 1 1 1
 0.940143 1 1 1 1
 0.940143 1 1 1 1
 0.940143 1 1 1 1
 0.940143 1 1 1 1
 0.940143 1 1 1 1
 0.940143 1 1 1 1
 0.940143 1 1 1 1
 0.940143 1 1 1 1
Sel_pelaces
 1 1 1 1 1
 1 1 1 1 1
 1 1 1 1 1
 1 1 1 1 1
 1 1 1 1 1
 1 1 1 1 1
 1 1 1 1 1
 1 1 1 1 1
 1 1 1 1 1
 1 1 1 1 1
 1 1 1 1 1
 1 1 1 1 1
 1 1 1 1 1
 1 1 1 1 1
 1 1 1 1 1
 1 1 1 1 1
 1 1 1 1 1
 1 1 1 1 1
 1 1 1 1 1
 1 1 1 1 1
 1 1 1 1 1
 1 1 1 1 1
 1 1 1 1 1
 1 1 1 1 1
 1 1 1 1 1
 1 1 1 1 1
 1 1 1 1 1
 1 1 1 1 1
 1 1 1 1 1
 1 1 1 1 1
 1 1 1 1 1
pf_obs 
 0.8446 0.082 0.0669 0.0065 0
 0.8095 0.147 0.0364 0.0071 0
 0.9664 0.0169 0.016 0.0007 0
 0.9276 0.0648 0.0075 0.0001 0
 0.7033 0.2144 0.0806 0.0017 0
 0.9318 0.0425 0.0243 0.0014 0
 0.5671 0.3108 0.0964 0.0239 0.0018
 0.0768 0.2599 0.5324 0.112 0.0189
 0.490249 0.384438 0.106611 0.0170017 0.00170017
 0.7925 0.1577 0.0466 0.003 0.0002
 0.840416 0.127587 0.0312969 0.00059994 9.999e-05
 0.8084 0.0986 0.0794 0.0134 0.0002
 0.7335 0.1905 0.0724 0.0035 0.0001
 0.4001 0.4547 0.1325 0.0127 0
 0.49795 0.308269 0.164784 0.0264974 0.00249975
 0.9179 0.0499 0.0305 0.0017 0
 0.2467 0.6533 0.0926 0.0074 0
 0.9418 0.0223 0.034 0.0019 0
 0.707729 0.231977 0.0356964 0.0245975 0
 0.517169 0.277429 0.184464 0.0207286 0.00020938
 0.811772 0.124168 0.05621 0.00726502 0.000585176
 0.764997 0.148141 0.077277 0.00933861 0.000247198
 0.163321 0.427699 0.378323 0.0303852 0.000271297
 0.753843 0.0900009 0.118128 0.0371064 0.000921714
 0.721811 0.176058 0.0630433 0.0369309 0.00215725
 0.143369 0.312575 0.442814 0.0836902 0.0175525
 0.692698 0.0596174 0.167031 0.0765114 0.00414204
 0.394062 0.376323 0.152708 0.0712218 0.00568511
 0.125707 0.32114 0.495352 0.0537591 0.00404204
 0.23352 0.215282 0.420074 0.123614 0.00750983
 0.796117 0.104755 0.0508955 0.0450114 0.00322123
pf_pred 
 0.461698 0.1038 0.413261 0.0212398 7.51437e-07
 0.431865 0.281142 0.0553404 0.220328 0.0113243
 0.563165 0.203674 0.11538 0.0227115 0.0950691
 0.811195 0.112694 0.0354866 0.0201029 0.0205212
 0.65696 0.285373 0.0344206 0.0108388 0.012408
 0.712333 0.197236 0.0752292 0.00907386 0.00612826
 0.460442 0.398832 0.0964876 0.0368021 0.00743687
 0.422594 0.28694 0.214707 0.051943 0.0238156
 0.477931 0.237141 0.141594 0.10595 0.037384
 0.643494 0.182754 0.0789237 0.0471244 0.0477034
 0.773021 0.153415 0.0377108 0.0162857 0.0195674
 0.734519 0.211098 0.0367574 0.00903531 0.00859022
 0.697199 0.231169 0.0569583 0.00991785 0.00475571
 0.643054 0.26 0.0740124 0.0182361 0.00469797
 0.74445 0.174063 0.0593557 0.0168964 0.00523566
 0.929758 0.0542703 0.0108785 0.0037096 0.0013832
 0.433305 0.532099 0.0267298 0.005358 0.00250836
 0.893483 0.0498801 0.053179 0.00267142 0.000786178
 0.626989 0.338037 0.016378 0.0174612 0.0011353
 0.629888 0.244736 0.113621 0.00550501 0.00625069
 0.747816 0.16728 0.0561425 0.0260648 0.00269676
 0.75276 0.191241 0.0371457 0.0124668 0.0063867
 0.366604 0.493342 0.108332 0.0210418 0.0106799
 0.74517 0.101675 0.119291 0.0261947 0.00767034
 0.648503 0.270662 0.0322521 0.0378401 0.0107423
 0.469309 0.360225 0.131264 0.0156414 0.0235611
 0.737377 0.132009 0.088659 0.0323068 0.00964856
 0.694641 0.232908 0.0364179 0.0244588 0.0115744
 0.396426 0.435974 0.127834 0.0199883 0.0197772
 0.474454 0.225375 0.21682 0.0635747 0.0197763
 0.833363 0.0847563 0.0351135 0.0337808 0.0129862
pobs_RECLAS
 0 0 0 0 0
 0 0 0 0 0
 0 0 0 0 0
 0 0 0 0 0
 0 0 0 0 0
 0 0 0 0 0
 0 0 0 0 0
 0 0 0 0 0
 0 0 0 0 0
 0 0 0 0 0
 0.991045 0.00858322 0.000360255 1.14367e-05 0
 0.934742 0.0480273 0.0164251 0.00080598 0
 0.827803 0.169806 0.00239088 0 0
 0.941827 0.0461693 0.0120037 0 0
 0.791401 0.0380133 0.147996 0.0225897 0
 0.846168 0.0940531 0.0597789 0 0
 0.134021 0.677848 0.182769 0.00536245 0
 0.80878 0.0450904 0.141981 0.00414843 0
 0.846168 0.0940531 0.0597789 0 0
 0.905697 0.0802665 0.012482 0.00150086 5.37128e-05
 0.989698 0.0102097 9.19794e-05 0 0
 0.975433 0.0193895 0.00387452 0.00125025 5.28907e-05
 0.303575 0.632131 0.0575291 0.00676475 0
 0.966965 0.00978017 0.0227588 0.000495775 0
 0.843318 0.132988 0.00938335 0.0141283 0.000182051
 0.564624 0.303363 0.111486 0.0197234 0.00080311
 0.826376 0.0876187 0.0782897 0.00655872 0.00115652
 0.89761 0.0855135 0.0140674 0.00269457 0.000114338
 0.34875 0.467042 0.161289 0.0227151 0.000203297
 0.318654 0.224769 0.449479 0.00709798 0
 0.937255 0.0296025 0.0250945 0.00804832 0
ppred_RECLAS
 0.477831 0.100689 0.400876 0.0206033 7.28916e-07
 0.448085 0.273116 0.0537605 0.214038 0.011001
 0.579263 0.196169 0.111128 0.0218746 0.0915658
 0.821134 0.106762 0.0336186 0.0190447 0.019441
 0.671304 0.27344 0.0329813 0.0103856 0.0118891
 0.725491 0.188214 0.0717883 0.00865883 0.00584796
 0.477182 0.386458 0.093494 0.0356603 0.00720613
 0.438305 0.279133 0.208865 0.0505297 0.0231676
 0.494366 0.229676 0.137137 0.102614 0.0362071
 0.658679 0.17497 0.0755622 0.0451173 0.0456716
 0.784128 0.145908 0.0358654 0.0154888 0.0186099
 0.74772 0.200601 0.0349297 0.00858603 0.00816308
 0.711464 0.220278 0.054275 0.00945062 0.00453166
 0.659556 0.247979 0.0705906 0.017393 0.00448078
 0.757321 0.165296 0.0563662 0.0160454 0.00497196
 0.934071 0.0509379 0.0102105 0.00348182 0.00129827
 0.449641 0.51676 0.0259592 0.00520354 0.00243605
 0.899633 0.0470003 0.0501088 0.00251719 0.00074079
 0.642722 0.323779 0.0156872 0.0167247 0.00108741
 0.645422 0.234464 0.108852 0.00527395 0.00598834
 0.7601 0.159132 0.0534077 0.0247951 0.0025654
 0.765038 0.181743 0.0353009 0.0118477 0.00606952
 0.381941 0.481397 0.105709 0.0205323 0.0104213
 0.757352 0.0968141 0.113588 0.0249425 0.00730366
 0.663228 0.259324 0.030901 0.0362549 0.0102923
 0.485494 0.349239 0.12726 0.0151643 0.0228426
 0.749803 0.125763 0.084464 0.0307781 0.00919203
 0.708246 0.222531 0.0347954 0.0233691 0.0110588
 0.412059 0.424682 0.124523 0.0194706 0.0192649
 0.490791 0.218369 0.21008 0.0615985 0.0191616
 0.842251 0.0802357 0.0332407 0.031979 0.0122935
pobs_PELACES
 0 0 0 0 0
 0 0 0 0 0
 0 0 0 0 0
 0 0 0 0 0
 0 0 0 0 0
 0 0 0 0 0
 0 0 0 0 0
 0 0 0 0 0
 0 0 0 0 0
 0 0 0 0 0
 0 0 0 0 0
 0 0 0 0 0
 0 0 0 0 0
 0 0 0 0 0
 0 0 0 0 0
 0 0 0 0 0
 0.505614 0.472636 0.0217494 0 0
 0 0 0 0 0
 0.443492 0.261883 0.143347 0.151278 0
 0.227955 0.32914 0.350689 0.0885471 0.00366901
 0.970185 0.0296113 0.000203453 0 0
 0.997202 0.00247181 0.000326279 0 0
 0.445219 0.490057 0.0546422 0.010081 0
 0.90214 0.0892962 0.00764917 0.000914606 0
 0 0 0 0 0
 0.581667 0.319106 0.0959925 0.00289975 0.000334073
 0.762889 0.0836404 0.116647 0.0363945 0.000428098
 0.88444 0.0763242 0.0277011 0.0115352 0
 0.521256 0.241999 0.230069 0.00667565 0
 0.616807 0.101726 0.260614 0.0208532 0
 0.833518 0.0704572 0.0857862 0.0102388 0
ppred_PELACES
 0.494306 0.0975124 0.388227 0.0199532 7.05918e-07
 0.465279 0.264608 0.0520857 0.20737 0.0106583
 0.59598 0.188374 0.106713 0.0210055 0.0879277
 0.831258 0.100719 0.0317157 0.0179667 0.0183406
 0.685346 0.261759 0.0315723 0.00994193 0.0113812
 0.738648 0.179193 0.0683474 0.0082438 0.00556766
 0.495468 0.372941 0.0902239 0.034413 0.00695409
 0.454002 0.271332 0.203028 0.0491176 0.0225201
 0.511664 0.221819 0.132445 0.0991039 0.0349685
 0.674717 0.166748 0.0720115 0.0429972 0.0435254
 0.794895 0.138631 0.0340766 0.0147163 0.0176817
 0.761996 0.18925 0.0329531 0.00810017 0.00770115
 0.726898 0.208496 0.0513718 0.00894511 0.00428926
 0.67847 0.234203 0.0666689 0.0164267 0.00423185
 0.771222 0.155827 0.0531375 0.0151263 0.00468716
 0.938553 0.0474757 0.00951653 0.00324516 0.00121003
 0.467153 0.500317 0.0251332 0.00503797 0.00235854
 0.905842 0.0440928 0.0470089 0.00236147 0.000694963
 0.659727 0.308368 0.0149406 0.0159287 0.00103566
 0.661999 0.223502 0.103763 0.00502739 0.00570837
 0.772713 0.150765 0.0505998 0.0234915 0.00243053
 0.777891 0.171802 0.03337 0.0111996 0.00573752
 0.398181 0.468748 0.102931 0.0199928 0.0101475
 0.769514 0.0919615 0.107895 0.0236923 0.00693759
 0.678135 0.247845 0.0295332 0.0346501 0.0098367
 0.502065 0.337991 0.123162 0.0146759 0.0221068
 0.762215 0.119524 0.080274 0.0292513 0.00873604
 0.721816 0.21218 0.0331769 0.0222821 0.0105444
 0.428244 0.412992 0.121095 0.0189346 0.0187346
 0.50781 0.21107 0.203059 0.0595397 0.0185211
 0.851082 0.0757439 0.0313798 0.0301888 0.0116053
pobs_pel_tallas
 0 0 0 0 0 0 0 0 0 0 0 0 0 0 0 0 0 0 0 0 0 0 0 0 0 0
 0 0 0 0 0 0 0 0 0 0 0 0 0 0 0 0 0 0 0 0 0 0 0 0 0 0
 0 0 0 0 0 0 0 0 0 0 0 0 0 0 0 0 0 0 0 0 0 0 0 0 0 0
 0 0 0 0 0 0 0 0 0 0 0 0 0 0 0 0 0 0 0 0 0 0 0 0 0 0
 0 0 0 0 0 0 0 0 0 0 0 0 0 0 0 0 0 0 0 0 0 0 0 0 0 0
 0 0 0 0 0 0 0 0 0 0 0 0 0 0 0 0 0 0 0 0 0 0 0 0 0 0
 0 0 0 0 0 0 0 0 0 0 0 0 0 0 0 0 0 0 0 0 0 0 0 0 0 0
 0 0 0 0 0 0 0 0 0 0 0 0 0 0 0 0 0 0 0 0 0 0 0 0 0 0
 0 0 0 0 0 0 0 0 0 0 0 0 0 0 0 0 0 0 0 0 0 0 0 0 0 0
 0 0 0 0 0 0 0 0 0 0 0 0 0 0 0 0 0 0 0 0 0 0 0 0 0 0
 0 0 0 0 0 0 0 0 0 0 0 0 0 0 0 0 0 0 0 0 0 0 0 0 0 0
 0 0 0 0 0 0 0 0 0 0 0 0 0 0 0 0 0 0 0 0 0 0 0 0 0 0
 0.00862536 0 0 0.000197151 0.00414017 0.0128641 0.00837892 0.0270097 0.101434 0.158115 0.152841 0.127902 0.109271 0.109419 0.0830992 0.0579132 0.0238553 0.00714673 0.00463305 0.00128148 0.00103504 0.000492878 0.000147863 0.000147863 4.92878e-05 0
 0 0 0 0 0 0 0 0 0 0 0 0 0 0 0 0 0 0 0 0 0 0 0 0 0 0
 0 0 0 0 0 0 0 0.0054083 0.00873648 0.0413646 0.0450493 0.0745869 0.0622846 0.0627006 0.0613931 0.0827291 0.12552 0.122667 0.0946155 0.0697135 0.0546179 0.0294188 0.0215738 0.0213955 0.0102223 0.00600262
 0 0 0 0 0.00359764 0.0251062 0.0480494 0.140153 0.205849 0.193036 0.1447 0.116669 0.0760912 0.0342217 0.00950174 0.001854 0.000860785 0 0 0 0.000165536 0 0.000143464 0 0 0
 0 0 0 0 0 0 0 0.000145254 0.000435761 0.0275982 0.070085 0.0708112 0.156366 0.174668 0.174014 0.160142 0.0824315 0.0480064 0.0283245 0.00493863 0.00203355 0 0 0 0 0
 0 0 0 0 0 0 0 0 0 0 0 0 0 0 0 0 0 0 0 0 0 0 0 0 0 0
 0 0 1.00437e-05 0.000401748 0.00122533 0.00171747 0.00176769 0.0269171 0.070346 0.194647 0.189555 0.159765 0.064822 0.0314167 0.0384472 0.0292271 0.0345202 0.0313363 0.0194345 0.0106764 0.0143323 0.0359363 0.0279516 0.0138201 0.00172751 0
 0 0.0021121 0.0136068 0.0755702 0.200478 0.177729 0.0527432 0.0373336 0.0318909 0.0142505 0.0149659 0.0166563 0.0217959 0.0798694 0.0677717 0.0528807 0.04013 0.0224614 0.0357745 0.0225083 0.00881397 0.00855152 0.00135912 0.000746735 0 0
 0 0 0 0 5.4009e-05 0.00500934 0.000945158 0.0243581 0.138947 0.33067 0.221406 0.137944 0.0707744 0.0437923 0.0131692 0.00525238 0.0047753 0.00276346 9.45158e-05 9.00151e-06 2.25038e-05 9.00151e-06 4.50075e-06 0 0 0
 0.000866109 0.00284123 0.00948549 0.0512746 0.133035 0.25785 0.225252 0.132002 0.0553304 0.0519788 0.0540692 0.017754 0.00435017 0.00159236 0.00146478 0.000404838 0.000125132 0.000115318 0.000107957 0.000100596 0 0 0 0 0 0
 0 0 0 0 0.00144013 0.00171154 0.00461396 0.0210425 0.0478622 0.0707936 0.0888783 0.103762 0.0637923 0.0337046 0.0602308 0.124433 0.169614 0.0934646 0.0462172 0.0250306 0.0313229 0.00938855 0.002487 0.000210481 0 0
 0 0.00764035 0.051015 0.0998891 0.058973 0.0496711 0.0374665 0.0718981 0.12319 0.153886 0.159021 0.0857701 0.0377988 0.023471 0.0147837 0.00900784 0.00315554 0.000888139 0.00291439 0.00214683 0.00393193 0.00274676 0.000635225 9.99891e-05 0 0
 0 0 0 0 0 0 0 0 0 0 0 0 0 0 0 0 0 0 0 0 0 0 0 0 0 0
 0 0 0 0 0 0 0 0 0 0 0 0 0 0 0 0 0 0 0 0 0 0 0 0 0 0
 0 0 0 0 0 0 0 0 0 0 0 0 0 0 0 0 0 0 0 0 0 0 0 0 0 0
 0 0 0 0 0 0 0 0 0 0 0 0 0 0 0 0 0 0 0 0 0 0 0 0 0 0
 0 0 0 0 0 0 0 0 0 0 0 0 0 0 0 0 0 0 0 0 0 0 0 0 0 0
 0 0 0 0 0 0 0 0 0 0 0 0 0 0 0 0 0 0 0 0 0 0 0 0 0 0
 0 0 0 0 0 0 0 0 0 0 0 0 0 0 0 0 0 0 0 0 0 0 0 0 0 0
ppred_pel_tallas
 1.1323e-16 4.07154e-05 0.000395768 0.00263002 0.0119557 0.0371986 0.079256 0.115678 0.115688 0.079305 0.037365 0.0124437 0.00388287 0.00322314 0.00568049 0.0100291 0.0160743 0.0235997 0.0322812 0.041762 0.0514996 0.0604355 0.0668967 0.069073 0.065895 0.0577102
 1.24171e-16 3.83244e-05 0.000372527 0.00247558 0.0112536 0.0350143 0.0746027 0.10889 0.108916 0.0747278 0.0354348 0.0124695 0.0055334 0.00706786 0.0128167 0.0213043 0.0311334 0.040179 0.0463993 0.0491012 0.0494446 0.0496241 0.0513182 0.0545898 0.0579502 0.0593429
 1.20115e-16 4.90901e-05 0.000477173 0.00317099 0.0144149 0.04485 0.0955584 0.139474 0.139492 0.0956479 0.045151 0.015286 0.00536525 0.00529233 0.00926891 0.0154463 0.022729 0.0296303 0.0346965 0.0373543 0.0382578 0.0387586 0.0399117 0.041806 0.0436335 0.0442773
 1.05847e-16 6.84697e-05 0.000665549 0.00442281 0.0201055 0.0625556 0.133282 0.194531 0.19454 0.133329 0.0627156 0.0205681 0.00558607 0.00321126 0.00492228 0.00808056 0.0117585 0.0150604 0.0171337 0.0176188 0.0168647 0.0156693 0.014748 0.0143475 0.014237 0.0139783
 1.03902e-16 5.64511e-05 0.000548725 0.00364647 0.0165763 0.0515753 0.109888 0.160389 0.160415 0.110011 0.0519891 0.0177715 0.00664615 0.00709627 0.0124893 0.0205531 0.0295923 0.037197 0.0409552 0.0397687 0.0345136 0.0274499 0.020868 0.0160207 0.0129537 0.01103
 1.03788e-16 6.08415e-05 0.000591401 0.00393007 0.0178655 0.0555864 0.118433 0.172861 0.172878 0.118518 0.0558712 0.018689 0.00600023 0.00512142 0.00869592 0.0143626 0.0208769 0.0266552 0.0301126 0.0304986 0.0282999 0.0248246 0.0213286 0.0183952 0.0159363 0.0136075
 1.07328e-16 4.08111e-05 0.000396699 0.00263621 0.0119838 0.0372863 0.0794438 0.115958 0.115994 0.0796198 0.0378775 0.0136921 0.0069275 0.00977569 0.017886 0.0295914 0.0428291 0.0542961 0.0606468 0.0603417 0.0545329 0.046197 0.0382475 0.0321215 0.0276724 0.0240052
 1.14666e-16 3.73956e-05 0.000363499 0.00241558 0.0109809 0.0341658 0.0727947 0.106252 0.106278 0.072924 0.0346005 0.0122401 0.00558983 0.00733722 0.0134123 0.0224568 0.0331515 0.0433856 0.051 0.0549757 0.0559108 0.0553134 0.0543343 0.0530295 0.0506363 0.0464148
 1.19736e-16 4.21451e-05 0.000409666 0.00272237 0.0123755 0.038505 0.0820397 0.119744 0.119765 0.0821452 0.0388598 0.0134031 0.00531181 0.00609613 0.0109426 0.0182932 0.0269958 0.0353502 0.0416791 0.0453091 0.0469458 0.0480255 0.0495589 0.0514119 0.0524975 0.0515705
 1.13799e-16 5.55756e-05 0.000540215 0.00358992 0.0163193 0.0507754 0.108183 0.157899 0.157916 0.108262 0.0510411 0.017088 0.00552468 0.00478077 0.00816012 0.0135396 0.0198313 0.0256649 0.0297079 0.0314246 0.0314014 0.0308862 0.0309003 0.0316246 0.0324408 0.0324436
 1.05487e-16 6.54745e-05 0.000636435 0.00422934 0.019226 0.0598192 0.127452 0.186022 0.186035 0.127517 0.060039 0.0198613 0.0058257 0.00412648 0.00670928 0.0110302 0.0159852 0.0203256 0.0228346 0.0229781 0.0212238 0.0187035 0.0164909 0.0150602 0.0142432 0.0135607
 1.03115e-16 6.27646e-05 0.000610095 0.00405429 0.0184302 0.0573434 0.122177 0.178325 0.178343 0.122266 0.0576429 0.0192955 0.0062267 0.00535443 0.00907895 0.0149255 0.0215319 0.0271573 0.030072 0.0294835 0.0260016 0.0212083 0.0166907 0.0132917 0.0110142 0.00941367
 1.03159e-16 5.98737e-05 0.000581994 0.00386755 0.0175813 0.0547022 0.11655 0.170112 0.170132 0.116648 0.0550326 0.0185362 0.00626603 0.00582349 0.0100308 0.0165311 0.0239079 0.0302734 0.0337379 0.03342 0.0299454 0.0249738 0.020154 0.0163396 0.0135212 0.0112724
 1.04348e-16 5.58847e-05 0.000543219 0.00360988 0.01641 0.0510578 0.108785 0.158779 0.158802 0.108895 0.0514293 0.0174838 0.00630784 0.00644184 0.0112848 0.0186367 0.0270033 0.0342974 0.0384207 0.0383961 0.0349145 0.0297943 0.0248123 0.0208416 0.0178036 0.0151934
 1.03884e-16 6.35245e-05 0.000617481 0.00410338 0.0186534 0.0580377 0.123656 0.180483 0.180498 0.12373 0.0582852 0.0193689 0.00590209 0.00455262 0.00756223 0.0124675 0.0181093 0.0231013 0.0260695 0.0263776 0.0244761 0.0215345 0.0186663 0.0163721 0.0145328 0.0127806
 1.00818e-16 7.73073e-05 0.000751455 0.00499368 0.0227006 0.0706299 0.150485 0.219638 0.219642 0.150507 0.0707051 0.0229178 0.00553918 0.00194313 0.00234306 0.00375791 0.00542188 0.00685216 0.00761398 0.00750939 0.00668859 0.00554092 0.00445318 0.00362508 0.00304958 0.00261479
 1.01758e-16 3.84789e-05 0.000374028 0.00248555 0.011299 0.0351556 0.0749045 0.109335 0.109384 0.0751397 0.0359452 0.0135786 0.00820415 0.0128456 0.0236884 0.0390068 0.055966 0.0699131 0.0761314 0.0724463 0.0605436 0.0448835 0.0301131 0.018969 0.0118622 0.00778718
 1.01723e-16 7.4613e-05 0.000725265 0.00481964 0.0219094 0.0681683 0.14524 0.211983 0.211987 0.145261 0.0682393 0.0221154 0.00533978 0.00187074 0.0022793 0.00372603 0.00553649 0.00732763 0.00874962 0.00961903 0.0099835 0.0100118 0.00981286 0.00935401 0.00853591 0.00733086
 1.02283e-16 5.43409e-05 0.000528213 0.00351016 0.0159567 0.0496474 0.10578 0.154395 0.154425 0.105925 0.0501341 0.017362 0.00703576 0.00821802 0.0146394 0.0240661 0.0345479 0.043208 0.0471598 0.045089 0.0380561 0.0288127 0.0201941 0.0138208 0.00985343 0.00758048
 1.04522e-16 5.4528e-05 0.000530032 0.00352225 0.0160116 0.0498183 0.106144 0.154925 0.154946 0.10625 0.050174 0.0170406 0.00611034 0.00619739 0.0108691 0.0180155 0.0262549 0.0336546 0.0382542 0.0391053 0.0367597 0.0327529 0.0285431 0.024782 0.0213587 0.0179263
 1.04267e-16 6.36474e-05 0.000618675 0.00411131 0.0186894 0.0581499 0.123895 0.180831 0.180846 0.123966 0.0583894 0.0193819 0.00585202 0.00442731 0.00732263 0.012073 0.0175465 0.0224078 0.0253396 0.0257398 0.0240556 0.0214193 0.0188911 0.0169176 0.0153327 0.0137322
 1.03102e-16 6.40739e-05 0.000622821 0.00413886 0.0188147 0.0585395 0.124725 0.182044 0.18206 0.124806 0.0588116 0.0196006 0.00611251 0.00493417 0.00826063 0.0135778 0.0196072 0.024773 0.0275146 0.0271181 0.0241322 0.0199735 0.0160502 0.0130901 0.0110658 0.00956241
 1.06813e-16 3.27977e-05 0.000318806 0.00211858 0.00963077 0.0299652 0.0638456 0.093194 0.0932392 0.0640667 0.0307076 0.0117761 0.00750647 0.0120902 0.0224168 0.037081 0.0535849 0.0677438 0.075297 0.0742633 0.0660805 0.0545434 0.0434427 0.0347697 0.0285339 0.0237512
 1.06688e-16 6.33839e-05 0.000616114 0.00409429 0.0186121 0.0579091 0.123382 0.180081 0.18009 0.123426 0.0580577 0.0190434 0.00518467 0.00302147 0.0047053 0.00787157 0.0117855 0.0157703 0.0191605 0.0216267 0.0232896 0.0244629 0.0252608 0.025437 0.0245815 0.022467
 1.06056e-16 5.58572e-05 0.000542951 0.0036081 0.0164019 0.0510326 0.108731 0.158702 0.158725 0.108848 0.0514246 0.0175342 0.0064505 0.00674911 0.0118466 0.019509 0.0281336 0.0354684 0.0392742 0.0385624 0.0342025 0.028336 0.0230697 0.0194556 0.0173537 0.0159823
 1.08854e-16 4.13545e-05 0.000401981 0.0026713 0.0121434 0.0377827 0.0805013 0.117501 0.117534 0.0806611 0.0383197 0.013696 0.0065745 0.00894227 0.0163184 0.0270628 0.0393339 0.0502042 0.056698 0.0574241 0.0533416 0.0469678 0.0407116 0.0356758 0.0316408 0.0278509
 1.0676e-16 6.27826e-05 0.00061027 0.00405546 0.0184355 0.0573598 0.122212 0.178374 0.178385 0.122268 0.0575511 0.0189894 0.00545112 0.00367486 0.00593575 0.00985271 0.0145154 0.0189493 0.0221993 0.023829 0.024133 0.02382 0.0234381 0.0230272 0.0222255 0.0206453
 1.05031e-16 5.94551e-05 0.000577925 0.00384051 0.0174584 0.0543198 0.115735 0.168923 0.168943 0.115835 0.0546556 0.0184285 0.00627614 0.00589734 0.0101696 0.0167393 0.0241608 0.0305038 0.0338518 0.0333485 0.0297127 0.0247414 0.0202051 0.0169923 0.0150043 0.0136216
 1.0867e-16 3.5274e-05 0.000342876 0.00227853 0.0103579 0.0322275 0.0686655 0.100228 0.100268 0.0688606 0.0328827 0.0122516 0.00703704 0.0107471 0.0198432 0.0328754 0.0476514 0.0605458 0.0678681 0.0678999 0.0618631 0.0529662 0.0443446 0.0375376 0.0324002 0.0280227
 1.1502e-16 4.18277e-05 0.00040658 0.00270187 0.0122823 0.0382149 0.0814217 0.118842 0.118862 0.0815227 0.0385548 0.0132676 0.00518924 0.00588376 0.0105832 0.017796 0.0264926 0.0351316 0.0421404 0.0467768 0.0494375 0.051072 0.0522232 0.0525502 0.0511735 0.0474314
 1.05917e-16 7.01025e-05 0.000681421 0.00452829 0.0205849 0.0640474 0.13646 0.199169 0.199176 0.136496 0.0641681 0.0209342 0.00540721 0.00260794 0.00375249 0.00615636 0.00901631 0.0116771 0.0135349 0.0143501 0.0143894 0.014212 0.0142638 0.014601 0.0149187 0.014797
pSPR Fmed_Fpbrs
0.68686   0.194345 0.194345
Fs Fmed_Fpbrs
0.190902   1.005 1.005
SSBpbr Bo_Bmed_Bpbrs
2.08648e+06  1.32879e+06  301172 301172
Ro
203758
SPR SPRFo_SPRFmed_SPRFpbrs
1.45435e+06 998934 282645
Fref
1.005
Nvult_r0
 242569 22128.3 9167.51 8819.55 3390.45
CTP_r0
 30417.4 3093.56 1281.63 1232.98 473.989
YTP_r0
391304
Np
 263593 39956.8 15282.7 1355.7 637.282
Nvult_p0
 223636 34576.2 13224.7 1173.14 551.465
CTP_p0
 105097 49226.5 4366.78 1809.11 2284.67
 105097 17331.2 6628.85 588.033 276.42
YTP_p0
 1.78998e+06 1.2387e+06
CBA_c0
1.6246e+06
log_Ro
12.0447
likeval ReclasPelacesDesembMPH_pf_preclas_ppelaces_ptallas_desvR_qrecl_qpela
 22.0334 17.2965 0.170414 0.00288496 241.852 120.884 98.1268 0 20.9797 0 0 0.862835 0 0 0
q_reclas_q_pelaces
1 1
M
1
N
 228032 45465.8 181014 9303.32 0.329139
 131463 76202.7 14999.8 59719.1 3069.41
 126499 40721.2 23068.2 4540.78 19007.5
 318535 39458.9 12425.4 7038.87 7185.33
 249610 95969.9 11575.5 3645.06 4172.76
 351742 86491.4 32989.4 3979.05 2687.35
 147856 114554 27713.4 10570.4 2136.04
 69812.5 41913.4 31362.2 7587.32 3478.74
 55799.5 24649.6 14718 11012.9 3885.87
 68277.8 17324.1 7481.55 4467.14 4522.03
 112702 19807.9 4868.97 2102.7 2526.42
 149750 38664.8 6732.51 1654.91 1573.39
 130375 38804.9 9561.25 1664.85 798.312
 93744.2 34348 9777.62 2409.14 620.64
 95864.9 20137.4 6866.91 1954.76 605.717
 474637 24835.4 4978.26 1697.6 632.986
 117504 128669 6463.64 1295.64 606.558
 710656 35385.1 37725.4 1895.12 557.718
 441017 213074 10323.6 11006.3 715.612
 346342 120367 55882 2707.51 3074.26
 491903 98109.5 32927.5 15287 1581.65
 653281 148400 28824.4 9674.04 4955.97
 155783 186436 40938.8 7951.75 4035.96
 407541 49398.2 57957 12726.6 3726.61
 355805 131943 15722.3 18446.4 5236.68
 168586 114807 41834.9 4985.04 7509.14
 351503 55897.8 37541.8 13680 4085.59
 382902 113948 17817.1 11966.2 5662.66
 129187 126073 36966.3 5780.12 5719.06
 101105 42701.8 41081.1 12045.5 3747.03
 356059 32195.9 13338.4 12832.1 4932.98
pred_Ctot
 13310.2 2992.43 11913.8 612.318 0.021663
 13315.4 8668.29 1706.28 6793.22 349.155
 12326.2 4457.9 2525.37 497.097 2080.82
 37047.8 5146.8 1620.69 918.111 937.215
 9212.26 4001.66 482.666 151.988 173.992
 25763.2 7133.5 2720.85 328.178 221.643
 21903.5 18972.7 4589.98 1750.7 353.777
 1780.95 1209.26 904.843 218.905 100.366
 5580.99 2769.2 1653.45 1237.22 436.549
 9302.35 2641.89 1140.92 681.231 689.6
 4831.43 958.853 235.695 101.787 122.298
 28788.9 8273.82 1440.68 354.132 336.687
 24035.4 7969.37 1963.59 341.911 163.949
 25747.7 10410.3 2963.43 730.168 188.106
 18441.2 4311.81 1470.34 418.551 129.696
 80920.5 4723.35 946.799 322.86 120.385
 13696.8 16819.7 844.931 169.367 79.2896
 84495.7 4717.1 5029.08 252.633 74.348
 73717.8 39744.4 1925.64 2052.99 133.482
 51432.2 19983.4 9277.52 449.5 510.388
 56861.8 12719.5 4268.92 1981.89 205.054
 94537.2 24017.5 4665.03 1565.68 802.09
 13759.2 18515.9 4065.85 789.731 400.833
 31223.8 4260.33 4998.48 1097.6 321.4
 27938.4 11660.5 1389.46 1630.2 462.793
 10608.2 8142.47 2967.06 353.555 532.572
 26672.2 4774.99 3206.95 1168.59 349.005
 25643.5 8598.06 1344.41 902.924 427.283
 8360.93 9195.03 2696.11 421.569 417.116
 8690.98 4128.38 3971.68 1164.55 362.26
 30417.4 3093.56 1281.63 1232.98 473.989
F
 0.0960891 0.10892 0.10892 0.10892 0.10892
 0.171976 0.194941 0.194941 0.194941 0.194941
 0.164978 0.187009 0.187009 0.187009 0.187009
 0.199699 0.226367 0.226367 0.226367 0.226367
 0.0598562 0.0678491 0.0678491 0.0678491 0.0678491
 0.121855 0.138127 0.138127 0.138127 0.138127
 0.260635 0.295439 0.295439 0.295439 0.295439
 0.0410527 0.0465347 0.0465347 0.0465347 0.0465347
 0.169664 0.192321 0.192321 0.192321 0.192321
 0.237502 0.269217 0.269217 0.269217 0.269217
 0.0698131 0.0791356 0.0791356 0.0791356 0.0791356
 0.350418 0.397212 0.397212 0.397212 0.397212
 0.333867 0.37845 0.37845 0.37845 0.37845
 0.53799 0.609831 0.609831 0.609831 0.609831
 0.350672 0.397499 0.397499 0.397499 0.397499
 0.305305 0.346075 0.346075 0.346075 0.346075
 0.200181 0.226913 0.226913 0.226913 0.226913
 0.204547 0.231862 0.231862 0.231862 0.231862
 0.298535 0.3384 0.3384 0.3384 0.3384
 0.261342 0.296241 0.296241 0.296241 0.296241
 0.198373 0.224863 0.224863 0.224863 0.224863
 0.253922 0.28783 0.28783 0.28783 0.28783
 0.148547 0.168384 0.168384 0.168384 0.168384
 0.12777 0.144832 0.144832 0.144832 0.144832
 0.13113 0.14864 0.14864 0.14864 0.14864
 0.10392 0.117797 0.117797 0.117797 0.117797
 0.126479 0.143368 0.143368 0.143368 0.143368
 0.110921 0.125733 0.125733 0.125733 0.125733
 0.107021 0.121312 0.121312 0.121312 0.121312
 0.144324 0.163597 0.163597 0.163597 0.163597
 0.143376 0.162522 0.162522 0.162522 0.162522
YTP_r0W_actual
 252464 43619.3 35372.9 42168 17679.8
YTP_p0W_proyectada
 787177 771379 101004 53133.5 77290.5
 787177 271580 153325 17270.5 9351.3
CTP_r0_actual
 30417.4 3093.56 1281.63 1232.98 473.989
CTP_p0_proyectada
 105097 49226.5 4366.78 1809.11 2284.67
 105097 17331.2 6628.85 588.033 276.42
Wmedp
 7.49 15.67 23.13 29.37 33.83
Frms_r0
 0.143376 0.162522 0.162522 0.162522 0.162522
Zrms_r0
 1.14338 1.16252 1.16252 1.16252 1.16252
nmprior
 8.19 8.8 8.5 0
nm_flota  nm_reclas  nm_pelaces    nm_pelaL
inf 11.038 21.8385 55.0793
cv_recla  cv_pelaces  cv_mph
0.424586 0.471576 1.65758
 ------------------------------------------------
Talla a la edad & desviaci?n 
 8 13.2811 15.8009 17.003 17.5766
 0.8 1.32811 1.58009 1.7003 1.75766
