years
 1991 1992 1993 1994 1995 1996 1997 1998 1999 2000 2001 2002 2003 2004 2005 2006 2007 2008 2009 2010 2011 2012 2013 2014 2015 2016 2017 2018 2019 2020 2021
reclasobs
 0 0 0 0 0 0 0 0 0 252601 567819 844713 477998 351125 339783 2.1784e+06 2.13404e+06 4.81314e+06 1.55562e+06 2.62356e+06 3.21686e+06 3.843e+06 1.13348e+06 3.07943e+06 1.97215e+06 2.03268e+06 2.025e+06 2.42433e+06 2.27542e+06 1.05018e+06 2.36338e+06
reclaspred
 4.02871e+06 1.52928e+06 834342 459394 113895 1.88866e+06 809450 349202 127155 205921 345231 621914 567519 405513 318859 1.78198e+06 1.22585e+06 4.22314e+06 3.39072e+06 1.93e+06 3.74828e+06 3.31954e+06 2.01598e+06 3.60048e+06 2.42042e+06 1.70416e+06 2.5744e+06 3.49721e+06 2.56917e+06 1.09973e+06 1.6304e+06
pelacesobs
 0 0 0 0 0 0 0 0 0 0 0 0 0 0 0 552880 188675 0 991730 2.46772e+06 1.41603e+06 1.21717e+06 2.29649e+06 1.80582e+06 0 1.4828e+06 1.56532e+06 1.57751e+06 1.42118e+06 867257 1.10002e+06
pelacespred
 1.09382e+06 428492 201177 73455.9 18949.8 475872 158804 92459.6 19212.3 38893.2 83402.7 123414 123862 85789.6 67523.9 376685 258223 1.1003e+06 867931 457964 899970 803643 493253 1.0123e+06 640772 447987 788175 1.04555e+06 638883 315396 437352
mphobs
 0 0 0 0 0 0 0 0 0 0 0 498337 0 5186 125008 0 168611 109162 213762 579715 649985 157893 87575 83554 0 0 0 0 0 0 0
mphpred
 782457 379104 107450 81122 26673.6 6797.45 188609 61377.8 23573.4 4488.13 12337.1 39172.3 52351.3 36924.6 19214.4 20834.7 201610 124563 437318 298424 232930 343913 351277 215890 361097 256968 165208 239671 440509 244691 94359.5
desembarqueobs
 494567 514787 250237 358949 120608 361735 552515 73892 212993 205616 52469 317467 293654 387597 252695 516296 358380 742168 942051 627588 828172 859565 418607 520667 417249 300574 415391 372974 316634 284311 391294
desembarquepred
 494528 514766 249622 358784 120542 361579 551896 73872.2 212739 205453 52460.9 317237 293401 387038 252441 515957 358257 741748 940905 626750 827766 858900 418397 520494 417030 300394 415196 372818 316487 284118 391119
Reclutas
 26751.4 17801.3 173244 26250.7 10183.8 316282 19899.9 5207.41 16934.9 58593.7 54132.3 123150 84976.6 67908 47706.1 397887 22791.8 667003 321174 169677 383270 516769 32171.5 280186 179833 56035.4 236097 304954 32973 17065.7 165283
log_desv_Rt
 -1.07483 -1.48214 0.793286 -1.09372 -2.04062 1.39522 -1.3707 -2.71133 -1.53204 -0.290787 -0.369984 0.451989 0.0809615 -0.143261 -0.496356 1.62475 -1.23501 2.14138 1.41057 0.772483 1.58732 1.88618 -0.890335 1.27404 0.830612 -0.335431 1.10283 1.35875 -0.865724 -1.52435 0.746247
SSB
 2.39916e+06 1.16241e+06 329463 248736 81786.5 20842.3 578312 188196 72280.5 13761.5 37828.1 120110 160519 113218 58915.1 63883.4 618174 381936 1.3409e+06 915025 714209 1.0545e+06 1.07708e+06 661962 1.10719e+06 787914 506559 734877 1.35069e+06 750270 289325
BT
 2.97407e+06 1.5402e+06 699580 434988 148407 1.41774e+06 853503 282353 245822 285135 236118 545728 549903 599883 406459 1.27615e+06 877558 3.20947e+06 2.89244e+06 1.63459e+06 2.77475e+06 2.62883e+06 1.50074e+06 2.83045e+06 1.86865e+06 1.30772e+06 2.25466e+06 2.78292e+06 1.73767e+06 1.02685e+06 1.39106e+06
Ftot
 0.206158 0.54581 0.552908 1.19878 1.5478 0.405825 1.04187 0.359448 2.36777 1.77798 0.31077 0.945189 0.92716 1.61591 1.42397 0.597534 0.486134 0.359773 0.498073 0.570729 0.422336 0.48306 0.349535 0.28537 0.308825 0.309147 0.319122 0.212466 0.208262 0.430461 0.474386
BD_Bspro_t
 0.967553 0.747316 0.442316 0.399355 0.154622 0.061513 0.527963 0.236287 0.142258 0.0418911 0.128639 0.379626 0.315869 0.21759 0.124116 0.1387 0.476745 0.356036 0.58949 0.461638 0.364095 0.454527 0.483971 0.405745 0.56312 0.540218 0.4973 0.612883 0.719704 0.593562 0.415608
BD_Bspro
 4.28294 2.0751 0.58815 0.444038 0.146003 0.0372072 1.03239 0.335964 0.129034 0.0245667 0.0675299 0.214418 0.286556 0.202114 0.105174 0.114043 1.10355 0.681823 2.39375 1.63348 1.27499 1.88248 1.92278 1.18172 1.97654 1.40657 0.904297 1.31189 2.41122 1.33937 0.516496
BD_Bo
 1.44691 0.701036 0.198696 0.15001 0.0493246 0.0125698 0.348775 0.113499 0.0435917 0.00829942 0.0228138 0.0724371 0.0968077 0.0682806 0.0355311 0.0385274 0.372815 0.230342 0.808684 0.551843 0.430733 0.635961 0.649578 0.399223 0.667738 0.475183 0.305501 0.443197 0.814586 0.452481 0.174489
BD_Brms
 8.65949 4.19556 1.18916 0.897782 0.295198 0.0752277 2.08735 0.679271 0.260887 0.0496704 0.136536 0.433522 0.579375 0.408646 0.212647 0.230579 2.23122 1.37855 4.83982 3.30267 2.57785 3.8061 3.8876 2.38927 3.99628 2.84388 1.82836 2.65245 4.87514 2.70801 1.04428
Sel_flota
 0.77282 1 1 1 1
 0.77282 1 1 1 1
 0.77282 1 1 1 1
 0.77282 1 1 1 1
 0.77282 1 1 1 1
 0.77282 1 1 1 1
 0.77282 1 1 1 1
 0.77282 1 1 1 1
 0.77282 1 1 1 1
 0.77282 1 1 1 1
 0.77282 1 1 1 1
 0.77282 1 1 1 1
 0.77282 1 1 1 1
 0.77282 1 1 1 1
 0.77282 1 1 1 1
 0.77282 1 1 1 1
 0.77282 1 1 1 1
 0.77282 1 1 1 1
 0.77282 1 1 1 1
 0.77282 1 1 1 1
 0.77282 1 1 1 1
 0.77282 1 1 1 1
 0.77282 1 1 1 1
 0.77282 1 1 1 1
 0.77282 1 1 1 1
 0.77282 1 1 1 1
 0.77282 1 1 1 1
 0.77282 1 1 1 1
 0.77282 1 1 1 1
 0.77282 1 1 1 1
 0.77282 1 1 1 1
Sel_reclas
 1 1 1 1 1
 1 1 1 1 1
 1 1 1 1 1
 1 1 1 1 1
 1 1 1 1 1
 1 1 1 1 1
 1 1 1 1 1
 1 1 1 1 1
 1 1 1 1 1
 1 1 1 1 1
 1 1 1 1 1
 1 1 1 1 1
 1 1 1 1 1
 1 1 1 1 1
 1 1 1 1 1
 1 1 1 1 1
 1 1 1 1 1
 1 1 1 1 1
 1 1 1 1 1
 1 1 1 1 1
 1 1 1 1 1
 1 1 1 1 1
 1 1 1 1 1
 1 1 1 1 1
 1 1 1 1 1
 1 1 1 1 1
 1 1 1 1 1
 1 1 1 1 1
 1 1 1 1 1
 1 1 1 1 1
 1 1 1 1 1
Sel_pelaces
 1 1 1 1 1
 1 1 1 1 1
 1 1 1 1 1
 1 1 1 1 1
 1 1 1 1 1
 1 1 1 1 1
 1 1 1 1 1
 1 1 1 1 1
 1 1 1 1 1
 1 1 1 1 1
 1 1 1 1 1
 1 1 1 1 1
 1 1 1 1 1
 1 1 1 1 1
 1 1 1 1 1
 1 1 1 1 1
 1 1 1 1 1
 1 1 1 1 1
 1 1 1 1 1
 1 1 1 1 1
 1 1 1 1 1
 1 1 1 1 1
 1 1 1 1 1
 1 1 1 1 1
 1 1 1 1 1
 1 1 1 1 1
 1 1 1 1 1
 1 1 1 1 1
 1 1 1 1 1
 1 1 1 1 1
 1 1 1 1 1
pf_obs 
 0.8446 0.082 0.0669 0.0065 0
 0.8095 0.147 0.0364 0.0071 0
 0.9664 0.0169 0.016 0.0007 0
 0.9276 0.0648 0.0075 0.0001 0
 0.7033 0.2144 0.0806 0.0017 0
 0.9318 0.0425 0.0243 0.0014 0
 0.5671 0.3108 0.0964 0.0239 0.0018
 0.0768 0.2599 0.5324 0.112 0.0189
 0.490249 0.384438 0.106611 0.0170017 0.00170017
 0.7925 0.1577 0.0466 0.003 0.0002
 0.840416 0.127587 0.0312969 0.00059994 9.999e-05
 0.8084 0.0986 0.0794 0.0134 0.0002
 0.7335 0.1905 0.0724 0.0035 0.0001
 0.4001 0.4547 0.1325 0.0127 0
 0.49795 0.308269 0.164784 0.0264974 0.00249975
 0.9179 0.0499 0.0305 0.0017 0
 0.2467 0.6533 0.0926 0.0074 0
 0.9418 0.0223 0.034 0.0019 0
 0.707729 0.231977 0.0356964 0.0245975 0
 0.517169 0.277429 0.184464 0.0207286 0.00020938
 0.811772 0.124168 0.05621 0.00726502 0.000585176
 0.764997 0.148141 0.077277 0.00933861 0.000247198
 0.163321 0.427699 0.378323 0.0303852 0.000271297
 0.753843 0.0900009 0.118128 0.0371064 0.000921714
 0.721811 0.176058 0.0630433 0.0369309 0.00215725
 0.143369 0.312575 0.442814 0.0836902 0.0175525
 0.692698 0.0596174 0.167031 0.0765114 0.00414204
 0.394062 0.376323 0.152708 0.0712218 0.00568511
 0.125707 0.32114 0.495352 0.0537591 0.00404204
 0.23352 0.215282 0.420074 0.123614 0.00750983
 0.774587 0.0839891 0.0768558 0.0609784 0.00358967
pf_pred 
 0.123535 0.20747 0.596629 0.0723654 7.94277e-07
 0.213473 0.124214 0.156778 0.450851 0.0546845
 0.899903 0.0275223 0.0114615 0.0144662 0.0466468
 0.331468 0.619285 0.0135409 0.00563901 0.0300673
 0.500038 0.217188 0.261944 0.0057275 0.015103
 0.992862 0.00443856 0.00117252 0.00141414 0.000112456
 0.163464 0.832165 0.0027178 0.000717952 0.000934761
 0.224368 0.176681 0.595822 0.00194592 0.00118333
 0.747027 0.0714119 0.0413576 0.139471 0.000732498
 0.977551 0.0190691 0.000954158 0.000552593 0.0018733
 0.886132 0.112361 0.00127977 6.40359e-05 0.000162808
 0.856894 0.130671 0.0122708 0.000139762 2.47732e-05
 0.744638 0.229566 0.0235546 0.00221191 2.96588e-05
 0.758055 0.196479 0.0408738 0.00419385 0.000399107
 0.827492 0.144745 0.0225461 0.0046903 0.000527046
 0.980028 0.0176812 0.00192185 0.000299357 6.92735e-05
 0.164163 0.823913 0.0105565 0.00114743 0.000220089
 0.951846 0.0102974 0.0373164 0.00047812 6.19373e-05
 0.573568 0.411136 0.00327103 0.0118537 0.000171552
 0.527265 0.307795 0.159024 0.0012652 0.00465128
 0.823647 0.107579 0.0447786 0.023135 0.00086074
 0.779845 0.190437 0.0181281 0.00754565 0.00404354
 0.140008 0.714321 0.126008 0.0119949 0.00766828
 0.816606 0.0331999 0.124753 0.0220067 0.0034341
 0.596972 0.345378 0.0104365 0.0392165 0.0079974
 0.362905 0.424696 0.182017 0.00550011 0.0248821
 0.834115 0.0721108 0.0625113 0.0267913 0.00447199
 0.755294 0.213324 0.0136418 0.0118258 0.00591433
 0.179957 0.659583 0.139882 0.00894528 0.0116327
 0.230699 0.173906 0.478892 0.101561 0.0149407
 0.89616 0.0302964 0.016625 0.045781 0.0111373
pobs_RECLAS
 0 0 0 0 0
 0 0 0 0 0
 0 0 0 0 0
 0 0 0 0 0
 0 0 0 0 0
 0 0 0 0 0
 0 0 0 0 0
 0 0 0 0 0
 0 0 0 0 0
 0 0 0 0 0
 0.991045 0.00858322 0.000360255 1.14367e-05 0
 0.934742 0.0480273 0.0164251 0.00080598 0
 0.827803 0.169806 0.00239088 0 0
 0.941827 0.0461693 0.0120037 0 0
 0.791401 0.0380133 0.147996 0.0225897 0
 0.846168 0.0940531 0.0597789 0 0
 0.134021 0.677848 0.182769 0.00536245 0
 0.80878 0.0450904 0.141981 0.00414843 0
 0.846168 0.0940531 0.0597789 0 0
 0.905697 0.0802665 0.012482 0.00150086 5.37128e-05
 0.989698 0.0102097 9.19794e-05 0 0
 0.975433 0.0193895 0.00387452 0.00125025 5.28907e-05
 0.303575 0.632131 0.0575291 0.00676475 0
 0.966965 0.00978017 0.0227588 0.000495775 0
 0.843318 0.132988 0.00938335 0.0141283 0.000182051
 0.564624 0.303363 0.111486 0.0197234 0.00080311
 0.826376 0.0876187 0.0782897 0.00655872 0.00115652
 0.89761 0.0855135 0.0140674 0.00269457 0.000114338
 0.34875 0.467042 0.161289 0.0227151 0.000203297
 0.318654 0.224769 0.449479 0.00709798 0
 0.937255 0.0296025 0.0250945 0.00804832 0
ppred_RECLAS
 0.154838 0.20006 0.57532 0.0697809 7.65909e-07
 0.262771 0.116429 0.146951 0.422592 0.051257
 0.921933 0.021465 0.00893898 0.0112824 0.0363804
 0.401299 0.554598 0.0121265 0.00505 0.0269267
 0.579712 0.182577 0.220201 0.00481476 0.0126962
 0.99453 0.00340131 0.000898512 0.00108367 8.61764e-05
 0.207644 0.788216 0.00257427 0.000680035 0.000885393
 0.274093 0.165354 0.557625 0.00182117 0.00110746
 0.811719 0.0531499 0.0307813 0.103804 0.000545178
 0.983855 0.0137138 0.000686198 0.000397406 0.00134721
 0.910263 0.0885501 0.00100857 5.04657e-05 0.000128306
 0.888806 0.101532 0.00953442 0.000108595 1.92488e-05
 0.795476 0.183863 0.0188653 0.00177155 2.37542e-05
 0.812707 0.152096 0.0316408 0.0032465 0.000308953
 0.86784 0.11089 0.0172728 0.00359329 0.000403776
 0.984747 0.0135033 0.00146774 0.000228621 5.29048e-05
 0.204707 0.783947 0.0100444 0.00109177 0.000209413
 0.962689 0.00797872 0.0289137 0.00037046 4.79907e-05
 0.638134 0.348885 0.00277576 0.010059 0.000145577
 0.594491 0.264024 0.136409 0.00108528 0.00398983
 0.859316 0.0858199 0.0357217 0.0184558 0.000686647
 0.822753 0.153322 0.014595 0.00607502 0.00325546
 0.175218 0.685075 0.120849 0.0115038 0.00735432
 0.852937 0.0266228 0.100039 0.0176471 0.00275379
 0.658772 0.292418 0.00883616 0.0332031 0.00677108
 0.426094 0.382573 0.163964 0.0049546 0.0224143
 0.867649 0.0575333 0.0498745 0.0213753 0.00356796
 0.800502 0.173914 0.0111216 0.00964109 0.00482171
 0.221945 0.625811 0.132719 0.00848725 0.011037
 0.281761 0.162363 0.447106 0.0948204 0.013949
 0.918738 0.023709 0.0130102 0.0358267 0.00871572
pobs_PELACES
 0 0 0 0 0
 0 0 0 0 0
 0 0 0 0 0
 0 0 0 0 0
 0 0 0 0 0
 0 0 0 0 0
 0 0 0 0 0
 0 0 0 0 0
 0 0 0 0 0
 0 0 0 0 0
 0 0 0 0 0
 0 0 0 0 0
 0 0 0 0 0
 0 0 0 0 0
 0 0 0 0 0
 0 0 0 0 0
 0.505614 0.472636 0.0217494 0 0
 0 0 0 0 0
 0.443492 0.261883 0.143347 0.151278 0
 0.227955 0.32914 0.350689 0.0885471 0.00366901
 0.970185 0.0296113 0.000203453 0 0
 0.997202 0.00247181 0.000326279 0 0
 0.445219 0.490057 0.0546422 0.010081 0
 0.90214 0.0892962 0.00764917 0.000914606 0
 0 0 0 0 0
 0.581667 0.319106 0.0959925 0.00289975 0.000334073
 0.762889 0.0836404 0.116647 0.0363945 0.000428098
 0.88444 0.0763242 0.0277011 0.0115352 0
 0.521256 0.241999 0.230069 0.00667565 0
 0.616807 0.101726 0.260614 0.0208532 0
 0.833518 0.0704572 0.0857862 0.0102388 0
ppred_PELACES
 0.156872 0.199579 0.573936 0.069613 7.64067e-07
 0.270775 0.115165 0.145356 0.418004 0.0507005
 0.924865 0.020659 0.00860329 0.0108587 0.0350143
 0.423069 0.534431 0.0116855 0.00486636 0.0259475
 0.607694 0.170421 0.20554 0.00449421 0.0118509
 0.994693 0.00329993 0.00087173 0.00105137 8.36077e-05
 0.220789 0.77514 0.00253156 0.000668754 0.000870705
 0.279487 0.164125 0.553481 0.00180764 0.00109924
 0.837362 0.0459111 0.0265891 0.0896666 0.000470927
 0.985842 0.0120267 0.000601778 0.000348515 0.00118147
 0.912148 0.08669 0.000987383 4.94056e-05 0.000125611
 0.895618 0.0953113 0.00895027 0.000101942 1.80695e-05
 0.806553 0.173905 0.0178435 0.00167561 2.24677e-05
 0.830453 0.137685 0.0286429 0.0029389 0.00027968
 0.87961 0.101014 0.0157344 0.00327326 0.000367814
 0.985406 0.0129204 0.00140437 0.000218752 5.0621e-05
 0.210705 0.778035 0.00996866 0.00108354 0.000207834
 0.963646 0.00777411 0.0281723 0.00036096 4.676e-05
 0.646712 0.340616 0.00270996 0.00982053 0.000142126
 0.604763 0.257337 0.132954 0.00105779 0.00388877
 0.8631 0.0835114 0.0347608 0.0179593 0.000668177
 0.827973 0.148807 0.0141652 0.00589612 0.00315959
 0.179038 0.681902 0.120289 0.0114506 0.00732027
 0.855601 0.0261407 0.0982273 0.0173275 0.00270392
 0.663957 0.287974 0.00870189 0.0326986 0.00666819
 0.431771 0.378789 0.162342 0.00490559 0.0221925
 0.870372 0.0563495 0.0488483 0.0209355 0.00349455
 0.803033 0.171707 0.0109805 0.00951875 0.00476053
 0.224653 0.623633 0.132257 0.00845771 0.0109986
 0.288338 0.160877 0.443012 0.0939522 0.0138213
 0.921354 0.0229458 0.0125914 0.0346734 0.00843515
pobs_pel_tallas
 0 0 0 0 0 0 0 0 0 0 0 0 0 0 0 0 0 0 0 0 0 0 0 0 0 0
 0 0 0 0 0 0 0 0 0 0 0 0 0 0 0 0 0 0 0 0 0 0 0 0 0 0
 0 0 0 0 0 0 0 0 0 0 0 0 0 0 0 0 0 0 0 0 0 0 0 0 0 0
 0 0 0 0 0 0 0 0 0 0 0 0 0 0 0 0 0 0 0 0 0 0 0 0 0 0
 0 0 0 0 0 0 0 0 0 0 0 0 0 0 0 0 0 0 0 0 0 0 0 0 0 0
 0 0 0 0 0 0 0 0 0 0 0 0 0 0 0 0 0 0 0 0 0 0 0 0 0 0
 0 0 0 0 0 0 0 0 0 0 0 0 0 0 0 0 0 0 0 0 0 0 0 0 0 0
 0 0 0 0 0 0 0 0 0 0 0 0 0 0 0 0 0 0 0 0 0 0 0 0 0 0
 0 0 0 0 0 0 0 0 0 0 0 0 0 0 0 0 0 0 0 0 0 0 0 0 0 0
 0 0 0 0 0 0 0 0 0 0 0 0 0 0 0 0 0 0 0 0 0 0 0 0 0 0
 0 0 0 0 0 0 0 0 0 0 0 0 0 0 0 0 0 0 0 0 0 0 0 0 0 0
 0 0 0 0 0 0 0 0 0 0 0 0 0 0 0 0 0 0 0 0 0 0 0 0 0 0
 0.00862536 0 0 0.000197151 0.00414017 0.0128641 0.00837892 0.0270097 0.101434 0.158115 0.152841 0.127902 0.109271 0.109419 0.0830992 0.0579132 0.0238553 0.00714673 0.00463305 0.00128148 0.00103504 0.000492878 0.000147863 0.000147863 4.92878e-05 0
 0 0 0 0 0 0 0 0 0 0 0 0 0 0 0 0 0 0 0 0 0 0 0 0 0 0
 0 0 0 0 0 0 0 0.0054083 0.00873648 0.0413646 0.0450493 0.0745869 0.0622846 0.0627006 0.0613931 0.0827291 0.12552 0.122667 0.0946155 0.0697135 0.0546179 0.0294188 0.0215738 0.0213955 0.0102223 0.00600262
 0 0 0 0 0.00359764 0.0251062 0.0480494 0.140153 0.205849 0.193036 0.1447 0.116669 0.0760912 0.0342217 0.00950174 0.001854 0.000860785 0 0 0 0.000165536 0 0.000143464 0 0 0
 0 0 0 0 0 0 0 0.000145254 0.000435761 0.0275982 0.070085 0.0708112 0.156366 0.174668 0.174014 0.160142 0.0824315 0.0480064 0.0283245 0.00493863 0.00203355 0 0 0 0 0
 0 0 0 0 0 0 0 0 0 0 0 0 0 0 0 0 0 0 0 0 0 0 0 0 0 0
 0 0 1.00437e-05 0.000401748 0.00122533 0.00171747 0.00176769 0.0269171 0.070346 0.194647 0.189555 0.159765 0.064822 0.0314167 0.0384472 0.0292271 0.0345202 0.0313363 0.0194345 0.0106764 0.0143323 0.0359363 0.0279516 0.0138201 0.00172751 0
 0 0.0021121 0.0136068 0.0755702 0.200478 0.177729 0.0527432 0.0373336 0.0318909 0.0142505 0.0149659 0.0166563 0.0217959 0.0798694 0.0677717 0.0528807 0.04013 0.0224614 0.0357745 0.0225083 0.00881397 0.00855152 0.00135912 0.000746735 0 0
 0 0 0 0 5.4009e-05 0.00500934 0.000945158 0.0243581 0.138947 0.33067 0.221406 0.137944 0.0707744 0.0437923 0.0131692 0.00525238 0.0047753 0.00276346 9.45158e-05 9.00151e-06 2.25038e-05 9.00151e-06 4.50075e-06 0 0 0
 0.000866109 0.00284123 0.00948549 0.0512746 0.133035 0.25785 0.225252 0.132002 0.0553304 0.0519788 0.0540692 0.017754 0.00435017 0.00159236 0.00146478 0.000404838 0.000125132 0.000115318 0.000107957 0.000100596 0 0 0 0 0 0
 0 0 0 0 0.00144013 0.00171154 0.00461396 0.0210425 0.0478622 0.0707936 0.0888783 0.103762 0.0637923 0.0337046 0.0602308 0.124433 0.169614 0.0934646 0.0462172 0.0250306 0.0313229 0.00938855 0.002487 0.000210481 0 0
 0 0.00764035 0.051015 0.0998891 0.058973 0.0496711 0.0374665 0.0718981 0.12319 0.153886 0.159021 0.0857701 0.0377988 0.023471 0.0147837 0.00900784 0.00315554 0.000888139 0.00291439 0.00214683 0.00393193 0.00274676 0.000635225 9.99891e-05 0 0
 0 0 0 0 0 0 0 0 0 0 0 0 0 0 0 0 0 0 0 0 0 0 0 0 0 0
 0 0 0 0 0 0 0 0 0 0 0 0 0 0 0 0 0 0 0 0 0 0 0 0 0 0
 0 0 0 0 0 0 0 0 0 0 0 0 0 0 0 0 0 0 0 0 0 0 0 0 0 0
 0 0 0 0 0 0 0 0 0 0 0 0 0 0 0 0 0 0 0 0 0 0 0 0 0 0
 0 0 0 0 0 0 0 0 0 0 0 0 0 0 0 0 0 0 0 0 0 0 0 0 0 0
 0 0 0 0 0 0 0 0 0 0 0 0 0 0 0 0 0 0 0 0 0 0 0 0 0 0
 0 0 0 0 0 0 0 0 0 0 0 0 0 0 0 0 0 0 0 0 0 0 0 0 0 0
ppred_pel_tallas
 1.23595e-16 1.29213e-05 0.0001256 0.000834658 0.00379424 0.0118054 0.0251534 0.0367163 0.0367364 0.025252 0.0121391 0.00476895 0.00332295 0.00569531 0.0109943 0.0192071 0.0301165 0.0429748 0.056853 0.0710656 0.0850682 0.0978061 0.107238 0.110791 0.106638 0.0948899
 1.54725e-16 2.23034e-05 0.000216797 0.00144069 0.00654919 0.020377 0.0434158 0.063369 0.0633805 0.043472 0.0205667 0.00710209 0.00284824 0.00335699 0.00619241 0.0107677 0.0169071 0.0243841 0.0331772 0.043792 0.0570968 0.0735366 0.092193 0.110427 0.1245 0.130908
 1.07269e-16 7.61799e-05 0.000740496 0.00492085 0.0223695 0.0695998 0.14829 0.216434 0.216436 0.1483 0.0696329 0.0224653 0.00516257 0.00127215 0.00109832 0.00173014 0.00257399 0.00344274 0.00422664 0.00493815 0.00573349 0.00682371 0.00832203 0.0101311 0.0119419 0.0133391
 1.05353e-16 3.48478e-05 0.000338733 0.002251 0.0102328 0.0318382 0.0678365 0.0990202 0.0990716 0.0680877 0.0326812 0.0126665 0.00835534 0.013649 0.0252682 0.0416009 0.0596532 0.0744565 0.080989 0.0769787 0.0643198 0.0478958 0.032771 0.021888 0.0155782 0.0125372
 1.08432e-16 5.0055e-05 0.000486552 0.00323331 0.0146982 0.0457316 0.0974365 0.142215 0.142232 0.0975183 0.0460069 0.0154971 0.00525224 0.00493845 0.00863527 0.0145354 0.0217206 0.0289474 0.0349198 0.0389425 0.0411588 0.0421174 0.0420936 0.0408189 0.0378223 0.0329922
 1.00146e-16 8.19316e-05 0.000796404 0.00529239 0.0240584 0.0748547 0.159486 0.232774 0.232775 0.159487 0.0748599 0.0240736 0.00533045 0.000879684 0.000240633 0.000269585 0.000383899 0.000490304 0.000555794 0.000568137 0.000538625 0.000493316 0.0004556 0.000433576 0.00041998 0.000401318
 1.00486e-16 1.81863e-05 0.000176777 0.00117475 0.00534028 0.016616 0.0354049 0.0516901 0.0517647 0.035769 0.0178381 0.00886781 0.0100208 0.0194593 0.0365555 0.0601853 0.0861822 0.107293 0.11614 0.109331 0.0895442 0.063868 0.0397605 0.0217222 0.0105574 0.00472108
 1.16382e-16 2.3021e-05 0.000223772 0.00148705 0.00675991 0.0210327 0.0448129 0.0654093 0.0654259 0.0448946 0.0213092 0.00756911 0.00355725 0.0048717 0.00922588 0.0161911 0.025581 0.0368463 0.0492402 0.0620904 0.0746693 0.0856979 0.0931014 0.0945888 0.088856 0.0765354
 1.09852e-16 6.89724e-05 0.000670437 0.00445529 0.0202531 0.0630149 0.13426 0.195957 0.195962 0.134282 0.0630888 0.0204675 0.00499701 0.00186506 0.00237469 0.0039183 0.00588985 0.00797196 0.00992999 0.0117552 0.0136923 0.0160346 0.0188207 0.021667 0.0238732 0.0247296
 1.00256e-16 8.12025e-05 0.000789317 0.00524529 0.0238443 0.0741885 0.158067 0.230703 0.230704 0.158072 0.0742075 0.0238991 0.00538283 0.00108936 0.000650426 0.000945201 0.00135023 0.001691 0.00185158 0.00178249 0.00152742 0.00119568 0.000898373 0.000696575 0.000591184 0.000546404
 1.00077e-16 7.51324e-05 0.000730314 0.00485319 0.0220619 0.0686428 0.146251 0.21346 0.213468 0.146292 0.0687795 0.0224565 0.00584276 0.00288754 0.00416324 0.0067405 0.00964798 0.0120173 0.0130201 0.0122766 0.010085 0.00723438 0.00455424 0.00254388 0.00129141 0.000625217
 1.00297e-16 7.37709e-05 0.00071708 0.00476525 0.0216621 0.067399 0.143601 0.209592 0.209601 0.143646 0.0675495 0.0220968 0.00585603 0.00309687 0.00458926 0.00745911 0.0107114 0.0134126 0.014664 0.0140485 0.011875 0.00897152 0.00619795 0.0040574 0.00262642 0.001731
 1.00732e-16 6.64347e-05 0.000645769 0.00429136 0.0195079 0.0606965 0.129321 0.188751 0.188768 0.129403 0.0609713 0.0203013 0.00628229 0.00498991 0.0083106 0.0136176 0.0195711 0.0245269 0.0268542 0.0257956 0.0219136 0.0167113 0.011744 0.00791256 0.00534162 0.00370539
 1.01204e-16 6.84034e-05 0.000664905 0.00441853 0.020086 0.0624951 0.133153 0.194343 0.194357 0.133218 0.0627131 0.0207158 0.00600013 0.00411959 0.00663538 0.0108765 0.0156958 0.0198076 0.0219445 0.0215118 0.0189242 0.0152991 0.011768 0.00894975 0.00689077 0.0053447
 1.00871e-16 7.24524e-05 0.000704263 0.00468007 0.0212749 0.0661943 0.141034 0.205846 0.205855 0.141082 0.0663541 0.0217365 0.00583866 0.00323378 0.00487736 0.00795086 0.0114515 0.0144103 0.0158906 0.0154586 0.013433 0.0106606 0.00800352 0.00593992 0.00450838 0.00350907
 1.00075e-16 8.11666e-05 0.000788968 0.00524297 0.0238338 0.0741557 0.157997 0.230601 0.230602 0.158003 0.0741762 0.0238927 0.00539093 0.00111183 0.000693977 0.00101783 0.00145595 0.00182559 0.00200134 0.00192702 0.00164451 0.00126516 0.000903786 0.000626178 0.000440357 0.000321134
 1.00631e-16 1.73556e-05 0.000168703 0.00112109 0.00509638 0.0158571 0.033788 0.0493303 0.0494051 0.0341536 0.017084 0.00863792 0.0100028 0.0195308 0.0367108 0.0604562 0.0866024 0.107882 0.116903 0.110257 0.090617 0.0650571 0.0410139 0.022961 0.0116876 0.00565857
 1.0086e-16 7.93742e-05 0.000771546 0.00512719 0.0233075 0.0725182 0.154508 0.225509 0.22551 0.154512 0.0725314 0.023346 0.00522597 0.000993778 0.000520683 0.000785154 0.00123917 0.00179804 0.00242502 0.00308876 0.00375061 0.00434017 0.00474555 0.0048453 0.00457045 0.00395245
 1.01175e-16 5.32689e-05 0.000517792 0.00344091 0.0156419 0.048668 0.103693 0.15135 0.151383 0.103853 0.0492051 0.0171924 0.00732951 0.0089953 0.0161204 0.0264792 0.0379372 0.0472859 0.0513008 0.0485103 0.0401031 0.0291857 0.0190006 0.0114644 0.0068561 0.00443136
 1.04667e-16 4.98136e-05 0.000484206 0.00321772 0.0146273 0.0455111 0.0969671 0.141531 0.141556 0.097089 0.0459211 0.0158133 0.00620182 0.00702147 0.0125321 0.0208125 0.0303765 0.0390244 0.0445062 0.0457149 0.0432398 0.0387757 0.0339247 0.0293928 0.0250698 0.0206387
 1.02939e-16 7.10924e-05 0.000691044 0.00459223 0.0208756 0.0649518 0.138387 0.201982 0.20199 0.138427 0.0650847 0.0212601 0.00555926 0.00280887 0.00411341 0.00674112 0.00983033 0.0126308 0.0144285 0.0148993 0.0142816 0.0131677 0.0120878 0.0112248 0.010436 0.009479
 1.01573e-16 6.8199e-05 0.000662919 0.00440533 0.020026 0.0623084 0.132755 0.193763 0.193777 0.132825 0.0625435 0.0207049 0.0061091 0.00438076 0.00712469 0.0116594 0.0167635 0.0210283 0.0230696 0.0222557 0.0190859 0.0148576 0.0108977 0.00794911 0.00606744 0.0049113
 1.06033e-16 1.47472e-05 0.000143349 0.000952604 0.00433044 0.013474 0.0287101 0.0419171 0.0419828 0.0290315 0.014553 0.00744736 0.008778 0.0172312 0.0324818 0.0537114 0.0774526 0.0975594 0.107747 0.105078 0.0916645 0.0731609 0.0553212 0.0413345 0.0314731 0.0244491
 1.05037e-16 7.04747e-05 0.000685039 0.00455233 0.0206942 0.0643874 0.137184 0.200225 0.200228 0.137197 0.0644319 0.0208247 0.00488736 0.00144088 0.00157773 0.00268439 0.00429846 0.0063224 0.00868399 0.0113185 0.0141205 0.0168415 0.019041 0.0201933 0.0199195 0.0181901
 1.04733e-16 5.46893e-05 0.0005316 0.00353267 0.016059 0.0499657 0.106458 0.155385 0.155412 0.106594 0.0504202 0.0173714 0.0068252 0.00771351 0.0136783 0.022486 0.0322979 0.0404444 0.0442645 0.0425812 0.0364403 0.02845 0.0212467 0.0162586 0.0134785 0.0120505
 1.0903e-16 3.55645e-05 0.000345699 0.0022973 0.0104432 0.0324928 0.0692308 0.101052 0.101089 0.0694101 0.0330954 0.0121856 0.00667909 0.00993797 0.0183314 0.0304531 0.0443397 0.0567449 0.0643442 0.0655502 0.0613551 0.0544523 0.0474106 0.0413952 0.0362 0.031129
 1.04116e-16 7.16914e-05 0.000696866 0.00463092 0.0210515 0.065499 0.139553 0.203683 0.203688 0.13958 0.0655896 0.021314 0.00529346 0.00215482 0.00287504 0.00473033 0.00702172 0.00928474 0.011095 0.012261 0.0129062 0.0133084 0.0136354 0.013804 0.013565 0.0127079
 1.02122e-16 6.61448e-05 0.000642951 0.00427264 0.0194228 0.0604316 0.128757 0.187927 0.187944 0.128837 0.0607028 0.0202057 0.00623702 0.00492844 0.00819709 0.0134264 0.0192889 0.0241641 0.0264545 0.0254394 0.0217144 0.0168061 0.0122738 0.00898783 0.00699878 0.00587331
 1.06686e-16 1.85045e-05 0.000179871 0.00119531 0.00543373 0.0169067 0.0360237 0.0525902 0.0526504 0.0363177 0.0178942 0.00828682 0.00835999 0.0158304 0.0297706 0.049262 0.0711327 0.0898002 0.0995527 0.0977099 0.0861598 0.0699689 0.0542578 0.0418108 0.0328059 0.0260812
 1.24587e-16 2.375e-05 0.000230859 0.00153414 0.00697399 0.0216987 0.0462321 0.0674804 0.0674966 0.0463115 0.0219674 0.00775875 0.00353718 0.00471355 0.00886048 0.0154567 0.0242435 0.0346367 0.0459513 0.0577449 0.0697212 0.0811566 0.0904385 0.0953551 0.094113 0.086363
 1.05275e-16 7.58907e-05 0.000737685 0.00490218 0.0222846 0.0693356 0.147727 0.215612 0.215615 0.147738 0.0693725 0.0223915 0.00517218 0.00133254 0.00122234 0.00194674 0.0029116 0.00391918 0.00484359 0.00567748 0.00654849 0.00762128 0.00894514 0.0103632 0.0115507 0.012154
pSPR Fmed_Fpbrs
0.399015   0.21709 0.21709
Fs Fmed_Fpbrs
0.547368   1.005 1.005
SSBpbr Bo_Bmed_Bpbrs
1.65813e+06  578711  277056 277056
Ro
78367.9
SPR SPRFo_SPRFmed_SPRFpbrs
560168 223516 121607
Fref
1.005
Nvult_r0
 123141 3470.99 1904.69 5245.01 1275.98
CTP_r0
 33034.5 1116.79 612.836 1687.59 410.547
YTP_r0
391119
Np
 141749 42142.1 1030.47 565.465 1913.61
Nvult_p0
 117765 36467.2 891.706 489.32 1655.92
CTP_p0
 51481.5 18279.1 446.965 245.27 830.024
YTP_p0
 727706
CBA_c0
492095
log_Ro
11.0892
likeval ReclasPelacesDesembMPH_pf_preclas_ppelaces_ptallas_desvR_qrecl_qpela
 12.9107 59.8024 0.108828 0.000966048 278.179 118.633 107.306 0 70.6802 1.6172e-05 0 0.10953 0 0 0
q_reclas_q_pelaces
1.76801 1
M
1
N
 26751.4 35383.4 101753 12341.7 0.135462
 17801.3 8391.88 10591.8 30459.3 3694.47
 173244 4295.03 1788.64 2257.54 7279.52
 26250.7 41571 908.965 378.532 2018.34
 10183.8 3823.82 4611.8 100.839 265.904
 316282 1132.72 299.227 360.889 28.6989
 19899.9 85030 277.703 73.3598 95.5131
 5207.41 3272.44 11035.7 36.0419 21.9173
 16934.9 1451.06 840.369 2833.99 14.884
 58593.7 999.514 50.0126 28.9644 98.19
 54132.3 5455.19 62.1336 3.10897 7.90439
 123150 15662.4 1470.79 16.752 2.96934
 84976.6 21822.5 2239.1 210.264 2.81936
 67908 15269.4 3176.51 325.925 31.0166
 47706.1 7165.97 1116.21 232.206 26.0928
 397887 5839.17 634.687 98.8619 22.8774
 22791.8 92238.9 1181.82 128.458 24.6394
 667003 5758.68 20868.6 267.382 34.6375
 321174 185816 1478.36 5357.38 77.534
 169677 80403.9 41541 330.503 1215.03
 383270 40158.2 16715.4 8636.11 321.307
 516769 101733 9684.14 4030.93 2160.08
 32171.5 130880 23087.4 2197.74 1405
 280186 9033.61 33945 5987.97 934.41
 179833 82674.7 2498.23 9387.44 1914.37
 56035.4 52110.2 22333.5 674.864 3053.04
 236097 16233.4 14072.4 6031.17 1006.72
 304954 67871.6 4340.31 3762.53 1881.72
 32973 95198.4 20189.3 1291.08 1678.95
 17065.7 10326.8 28437.3 6030.86 887.197
 165283 4501.45 2470.15 6802.16 1654.79
pred_Ctot
 2523.11 4237.4 12185.7 1478 0.0162225
 4006.94 2331.54 2942.76 8462.6 1026.44
 39419.7 1205.6 502.064 633.682 2043.33
 10785.3 20150.3 440.593 183.482 978.33
 4929.77 2141.21 2582.45 56.4662 148.897
 55211.5 246.821 65.2018 78.6381 6.25352
 7416.47 37755.8 123.308 32.5739 42.4107
 816.624 643.056 2168.59 7.08248 4.3069
 10304.2 985.031 570.473 1923.81 10.1038
 30755.6 599.949 30.0196 17.3856 58.9376
 7450.02 944.659 10.7595 0.538372 1.36878
 42772.3 6522.52 612.502 6.97628 1.23657
 29097.8 8970.63 920.431 86.4336 1.15896
 33731.3 8742.75 1818.77 186.614 17.7591
 21934.7 3836.82 597.642 124.328 13.9707
 96555.8 1742.01 189.348 29.4937 6.82507
 4651.66 23346.1 299.125 32.5133 6.23637
 104683 1132.5 4104.02 52.5832 6.8118
 66919 47967.8 381.635 1382.99 20.0152
 39642.1 23141.4 11956.1 95.1236 349.703
 69278.9 9048.7 3766.43 1945.94 72.3989
 104899 25616.2 2438.46 1014.98 543.906
 4920.91 25106.5 4428.83 421.59 269.519
 35688.3 1450.94 5452.12 961.766 150.081
 24609.6 14237.9 430.234 1616.66 329.685
 7675.52 8982.4 3849.7 116.329 526.263
 33280.6 2877.17 2494.16 1068.95 178.429
 29583.8 8355.58 534.33 463.2 231.656
 3139.59 11507.3 2440.42 156.062 202.947
 3136.36 2364.25 6510.54 1380.73 203.118
 33034.5 1116.79 612.836 1687.59 410.547
F
 0.159323 0.206158 0.206158 0.206158 0.206158
 0.421813 0.54581 0.54581 0.54581 0.54581
 0.427298 0.552908 0.552908 0.552908 0.552908
 0.926445 1.19878 1.19878 1.19878 1.19878
 1.19617 1.5478 1.5478 1.5478 1.5478
 0.31363 0.405825 0.405825 0.405825 0.405825
 0.805179 1.04187 1.04187 1.04187 1.04187
 0.277789 0.359448 0.359448 0.359448 0.359448
 1.82986 2.36777 2.36777 2.36777 2.36777
 1.37406 1.77798 1.77798 1.77798 1.77798
 0.240169 0.31077 0.31077 0.31077 0.31077
 0.730461 0.945189 0.945189 0.945189 0.945189
 0.716528 0.92716 0.92716 0.92716 0.92716
 1.24881 1.61591 1.61591 1.61591 1.61591
 1.10047 1.42397 1.42397 1.42397 1.42397
 0.461786 0.597534 0.597534 0.597534 0.597534
 0.375694 0.486134 0.486134 0.486134 0.486134
 0.27804 0.359773 0.359773 0.359773 0.359773
 0.384921 0.498073 0.498073 0.498073 0.498073
 0.441071 0.570729 0.570729 0.570729 0.570729
 0.32639 0.422336 0.422336 0.422336 0.422336
 0.373319 0.48306 0.48306 0.48306 0.48306
 0.270128 0.349535 0.349535 0.349535 0.349535
 0.220539 0.28537 0.28537 0.28537 0.28537
 0.238666 0.308825 0.308825 0.308825 0.308825
 0.238915 0.309147 0.309147 0.309147 0.309147
 0.246624 0.319122 0.319122 0.319122 0.319122
 0.164198 0.212466 0.212466 0.212466 0.212466
 0.160949 0.208262 0.208262 0.208262 0.208262
 0.332669 0.430461 0.430461 0.430461 0.430461
 0.366615 0.474386 0.474386 0.474386 0.474386
YTP_r0W_actual
 280793 18203.8 17711 58728.2 15682.9
YTP_p0W_proyectada
 387141 294659 10450 7235.46 28220.8
CTP_r0_actual
 33034.5 1116.79 612.836 1687.59 410.547
CTP_p0_proyectada
 51481.5 18279.1 446.965 245.27 830.024
Wmedp
 7.52 16.12 23.38 29.5 34
Frms_r0
 0.366615 0.474386 0.474386 0.474386 0.474386
Zrms_r0
 1.36662 1.47439 1.47439 1.47439 1.47439
nmprior
 8.19 8.8 8.5 0
nm_flota  nm_reclas  nm_pelaces    nm_pelaL
inf 13.7758 7.05718 12.683
cv_recla  cv_pelaces  cv_mph
0.325012 0.876863 0.95919
 ------------------------------------------------
Talla a la edad & desviaci?n 
 8 13.2811 15.8009 17.003 17.5766
 0.8 1.32811 1.58009 1.7003 1.75766
