years
 1991 1992 1993 1994 1995 1996 1997 1998 1999 2000 2001 2002 2003 2004 2005 2006 2007 2008 2009 2010 2011 2012 2013 2014 2015 2016 2017 2018 2019 2020 2021
reclasobs
 0 0 0 0 0 0 0 0 0 252601 567819 844713 477998 351125 339783 2.1784e+06 2.13404e+06 4.81314e+06 1.55562e+06 2.62356e+06 3.21686e+06 3.843e+06 1.13348e+06 3.07943e+06 1.97215e+06 2.03268e+06 2.025e+06 2.42433e+06 2.27542e+06 1.05018e+06 2.36338e+06
reclaspred
 7.12542e+06 1.71672e+06 1.11436e+06 902820 114931 3.62215e+06 1.40172e+06 308407 1.14555e+06 235498 318942 1.00616e+06 700612 632033 391930 2.0936e+06 763484 5.40058e+06 2.37393e+06 2.35882e+06 2.79296e+06 3.49893e+06 1.56755e+06 3.39123e+06 2.61094e+06 1.42822e+06 2.11576e+06 4.18342e+06 3.11651e+06 665759 1.34162e+06
pelacesobs
 0 0 0 0 0 0 0 0 0 0 0 0 0 0 0 552880 188675 0 991730 2.46772e+06 1.41603e+06 1.21717e+06 2.29649e+06 1.80582e+06 0 1.4828e+06 1.56532e+06 1.57751e+06 1.42118e+06 867257 1.10002e+06
pelacespred
 7.06344e+06 1.49578e+06 569266 379313 40018.6 2.19136e+06 810514 242414 645829 93926 173217 462053 341900 296879 166550 960818 358966 3.2578e+06 1.33695e+06 1.0803e+06 1.43879e+06 1.78356e+06 942412 2.23481e+06 1.69165e+06 942385 1.46359e+06 3.02258e+06 2.35351e+06 472399 725887
mphobs
 0 0 0 0 0 0 0 0 0 0 0 498337 0 5186 125008 0 168611 109162 213762 579715 649985 157893 87575 83554 0 0 0 0 0 0 0
mphpred
 1.90022e+06 709089 93666.5 160084 61554 4678.72 533240 99890 23850.6 120930 8273.91 43683 105324 44631.3 30685.5 25808.1 262560 54266 702107 164048 329575 251393 455547 149331 434267 351444 129453 242799 752841 290565 35666.4
desembarqueobs
 494567 514787 250237 358949 120608 361735 552515 73892 212993 205616 52469 317467 293654 387597 252695 516296 358380 742168 942051 627588 828172 859565 418607 520667 417249 300574 415391 372974 316634 284311 391294
desembarquepred
 494480 514234 250080 358177 120434 361469 551632 73847.1 212770 205295 52435.3 316986 293074 386589 252183 515502 357881 741238 939612 626126 827102 857993 417990 520103 416557 300081 414773 372550 316125 283359 390825
Reclutas
 2902.23 1748.14 182065 52923.5 2208.52 289460 2372.65 651.856 60088.3 2891.64 30327.6 126899 61344.3 72278.9 39672.2 262369 4971.04 491226 93831.3 256024 160717 441160 5959.96 170561 148129 15810.7 125744 208852 15368.6 4715.01 102012
log_desv_Rt
 -2.5338 -3.04072 1.60509 0.369573 -2.80695 2.06874 -2.73527 -4.02721 0.496541 -2.53745 -0.187217 1.24411 0.517227 0.681258 0.081375 1.97048 -1.99564 2.59763 0.942224 1.946 1.48037 2.49013 -1.81421 1.53982 1.39881 -0.838588 1.23498 1.74235 -0.866947 -2.04852 1.02582
SSB
 1.678e+06 626165 82712.7 141363 54355.6 4131.57 470880 88208.4 21061.4 106788 7306.32 38574.5 93007.2 39411.9 27097 22790 231855 47919.9 619999 144864 291033 221994 402273 131868 383481 310345 114314 214405 664801 256585 31495.4
BT
 2.07773e+06 897039 408995 380360 107173 1.27896e+06 703171 127581 461917 202592 116116 452258 386298 527483 316239 820449 376759 2.07799e+06 1.28466e+06 903733 1.21426e+06 1.42306e+06 590298 1.40554e+06 924601 515506 1.02675e+06 1.56761e+06 883549 412949 680076
Ftot
 0.314482 1.21137 1.20433 1.65826 2.9125 0.600169 1.45115 1.00229 1.05936 2.58729 0.942344 1.64231 1.86331 2.77718 2.88297 1.37788 1.68674 0.804793 1.58423 1.39372 1.39223 1.28866 1.06644 0.85738 0.780033 0.900613 1.06677 0.503758 0.442909 1.61431 1.58144
BD_Bspro_t
 0.950928 0.602141 0.18163 0.278287 0.0977679 0.0113336 0.456245 0.127179 0.0512668 0.219158 0.0294715 0.204249 0.221947 0.093452 0.0620542 0.0554684 0.252298 0.0690181 0.38383 0.129178 0.18984 0.154688 0.251711 0.112455 0.295881 0.30066 0.175621 0.313818 0.551414 0.321891 0.0763649
BD_Bspro
 6.41899 2.39532 0.316408 0.540767 0.207931 0.0158048 1.8013 0.337431 0.080568 0.408503 0.0279495 0.147562 0.355788 0.150766 0.103656 0.0871805 0.886935 0.183312 2.37173 0.554159 1.11331 0.849213 1.53885 0.504445 1.46696 1.18719 0.437295 0.82018 2.54312 0.981535 0.120482
BD_Bo
 1.11435 0.41583 0.0549288 0.0938778 0.0360971 0.00274374 0.312707 0.0585784 0.0139867 0.0709166 0.00485206 0.025617 0.0617653 0.0261731 0.0179949 0.0151346 0.153973 0.0318232 0.411736 0.0962027 0.193272 0.147424 0.267146 0.0875722 0.254667 0.206097 0.075915 0.142384 0.441488 0.170396 0.0209158
BD_Brms
 5.28189 1.971 0.260357 0.444972 0.171097 0.0130051 1.4822 0.277656 0.0662956 0.336138 0.0229983 0.121422 0.292762 0.124058 0.085294 0.0717368 0.729817 0.150839 1.95159 0.455992 0.916092 0.698778 1.26625 0.415084 1.2071 0.976882 0.35983 0.674888 2.09261 0.80766 0.099139
Sel_flota
 0.589624 1 1 1 1
 0.589624 1 1 1 1
 0.589624 1 1 1 1
 0.589624 1 1 1 1
 0.589624 1 1 1 1
 0.589624 1 1 1 1
 0.589624 1 1 1 1
 0.589624 1 1 1 1
 0.589624 1 1 1 1
 0.589624 1 1 1 1
 0.589624 1 1 1 1
 0.589624 1 1 1 1
 0.589624 1 1 1 1
 0.589624 1 1 1 1
 0.589624 1 1 1 1
 0.589624 1 1 1 1
 0.589624 1 1 1 1
 0.589624 1 1 1 1
 0.589624 1 1 1 1
 0.589624 1 1 1 1
 0.589624 1 1 1 1
 0.589624 1 1 1 1
 0.589624 1 1 1 1
 0.589624 1 1 1 1
 0.589624 1 1 1 1
 0.589624 1 1 1 1
 0.589624 1 1 1 1
 0.589624 1 1 1 1
 0.589624 1 1 1 1
 0.589624 1 1 1 1
 0.589624 1 1 1 1
Sel_reclas
 0.777421 0.946173 0.988822 0.997759 0.999554
 0.777421 0.946173 0.988822 0.997759 0.999554
 0.777421 0.946173 0.988822 0.997759 0.999554
 0.777421 0.946173 0.988822 0.997759 0.999554
 0.777421 0.946173 0.988822 0.997759 0.999554
 0.777421 0.946173 0.988822 0.997759 0.999554
 0.777421 0.946173 0.988822 0.997759 0.999554
 0.777421 0.946173 0.988822 0.997759 0.999554
 0.777421 0.946173 0.988822 0.997759 0.999554
 0.777421 0.946173 0.988822 0.997759 0.999554
 0.777421 0.946173 0.988822 0.997759 0.999554
 0.777421 0.946173 0.988822 0.997759 0.999554
 0.777421 0.946173 0.988822 0.997759 0.999554
 0.777421 0.946173 0.988822 0.997759 0.999554
 0.777421 0.946173 0.988822 0.997759 0.999554
 0.777421 0.946173 0.988822 0.997759 0.999554
 0.777421 0.946173 0.988822 0.997759 0.999554
 0.777421 0.946173 0.988822 0.997759 0.999554
 0.777421 0.946173 0.988822 0.997759 0.999554
 0.777421 0.946173 0.988822 0.997759 0.999554
 0.777421 0.946173 0.988822 0.997759 0.999554
 0.777421 0.946173 0.988822 0.997759 0.999554
 0.777421 0.946173 0.988822 0.997759 0.999554
 0.777421 0.946173 0.988822 0.997759 0.999554
 0.777421 0.946173 0.988822 0.997759 0.999554
 0.777421 0.946173 0.988822 0.997759 0.999554
 0.777421 0.946173 0.988822 0.997759 0.999554
 0.777421 0.946173 0.988822 0.997759 0.999554
 0.777421 0.946173 0.988822 0.997759 0.999554
 0.777421 0.946173 0.988822 0.997759 0.999554
 0.777421 0.946173 0.988822 0.997759 0.999554
Sel_pelaces
 0.496706 0.832405 0.961532 0.992113 0.998423
 0.496706 0.832405 0.961532 0.992113 0.998423
 0.496706 0.832405 0.961532 0.992113 0.998423
 0.496706 0.832405 0.961532 0.992113 0.998423
 0.496706 0.832405 0.961532 0.992113 0.998423
 0.496706 0.832405 0.961532 0.992113 0.998423
 0.496706 0.832405 0.961532 0.992113 0.998423
 0.496706 0.832405 0.961532 0.992113 0.998423
 0.496706 0.832405 0.961532 0.992113 0.998423
 0.496706 0.832405 0.961532 0.992113 0.998423
 0.496706 0.832405 0.961532 0.992113 0.998423
 0.496706 0.832405 0.961532 0.992113 0.998423
 0.496706 0.832405 0.961532 0.992113 0.998423
 0.496706 0.832405 0.961532 0.992113 0.998423
 0.496706 0.832405 0.961532 0.992113 0.998423
 0.496706 0.832405 0.961532 0.992113 0.998423
 0.496706 0.832405 0.961532 0.992113 0.998423
 0.496706 0.832405 0.961532 0.992113 0.998423
 0.496706 0.832405 0.961532 0.992113 0.998423
 0.496706 0.832405 0.961532 0.992113 0.998423
 0.496706 0.832405 0.961532 0.992113 0.998423
 0.496706 0.832405 0.961532 0.992113 0.998423
 0.496706 0.832405 0.961532 0.992113 0.998423
 0.496706 0.832405 0.961532 0.992113 0.998423
 0.496706 0.832405 0.961532 0.992113 0.998423
 0.496706 0.832405 0.961532 0.992113 0.998423
 0.496706 0.832405 0.961532 0.992113 0.998423
 0.496706 0.832405 0.961532 0.992113 0.998423
 0.496706 0.832405 0.961532 0.992113 0.998423
 0.496706 0.832405 0.961532 0.992113 0.998423
 0.496706 0.832405 0.961532 0.992113 0.998423
pf_obs 
 0.8446 0.082 0.0669 0.0065 0
 0.8095 0.147 0.0364 0.0071 0
 0.9664 0.0169 0.016 0.0007 0
 0.9276 0.0648 0.0075 0.0001 0
 0.7033 0.2144 0.0806 0.0017 0
 0.9318 0.0425 0.0243 0.0014 0
 0.5671 0.3108 0.0964 0.0239 0.0018
 0.0768 0.2599 0.5324 0.112 0.0189
 0.490249 0.384438 0.106611 0.0170017 0.00170017
 0.7925 0.1577 0.0466 0.003 0.0002
 0.840416 0.127587 0.0312969 0.00059994 9.999e-05
 0.8084 0.0986 0.0794 0.0134 0.0002
 0.7335 0.1905 0.0724 0.0035 0.0001
 0.4001 0.4547 0.1325 0.0127 0
 0.49795 0.308269 0.164784 0.0264974 0.00249975
 0.9179 0.0499 0.0305 0.0017 0
 0.2467 0.6533 0.0926 0.0074 0
 0.9418 0.0223 0.034 0.0019 0
 0.707729 0.231977 0.0356964 0.0245975 0
 0.517169 0.277429 0.184464 0.0207286 0.00020938
 0.811772 0.124168 0.05621 0.00726502 0.000585176
 0.764997 0.148141 0.077277 0.00933861 0.000247198
 0.163321 0.427699 0.378323 0.0303852 0.000271297
 0.753843 0.0900009 0.118128 0.0371064 0.000921714
 0.721811 0.176058 0.0630433 0.0369309 0.00215725
 0.143369 0.312575 0.442814 0.0836902 0.0175525
 0.692698 0.0596174 0.167031 0.0765114 0.00414204
 0.394062 0.376323 0.152708 0.0712218 0.00568511
 0.125707 0.32114 0.495352 0.0537591 0.00404204
 0.23352 0.215282 0.420074 0.123614 0.00750983
 0.774587 0.0839891 0.0768558 0.0609784 0.00358967
pf_pred 
 0.0176447 0.15992 0.717793 0.104642 6.79698e-07
 0.0421409 0.0305295 0.150962 0.677586 0.0987813
 0.974279 0.00240759 0.000743051 0.00367423 0.0188958
 0.538555 0.456303 0.000481365 0.000148563 0.00451259
 0.156144 0.639974 0.201609 0.000212683 0.00205945
 0.998195 0.000776744 0.000779513 0.000245568 2.76754e-06
 0.0222944 0.976812 0.000384821 0.000386193 0.000123032
 0.0612922 0.051062 0.886834 0.000349374 0.000462319
 0.975143 0.00313291 0.0011817 0.0205235 1.87845e-05
 0.160662 0.829917 0.00118752 0.000447919 0.00778648
 0.973366 0.0109525 0.0155051 2.21861e-05 0.000153841
 0.93487 0.0643193 0.000333331 0.000471888 5.35727e-06
 0.716289 0.276512 0.00710878 3.68408e-05 5.27467e-05
 0.871379 0.113023 0.0152027 0.000390842 4.92553e-06
 0.856531 0.138231 0.00460231 0.000619057 1.61157e-05
 0.985381 0.0140369 0.000560449 1.86597e-05 2.57526e-06
 0.078292 0.916199 0.00528998 0.000211212 8.00266e-06
 0.989084 0.00204482 0.00881809 5.09142e-05 2.10986e-06
 0.376997 0.619729 0.000613361 0.00264506 1.5905e-05
 0.892268 0.0661431 0.0413707 4.09456e-05 0.000177636
 0.725618 0.261639 0.00782359 0.00489344 2.58544e-05
 0.912232 0.0761474 0.0110805 0.000331332 0.000208334
 0.0494049 0.913984 0.0317638 0.00462206 0.000225113
 0.911059 0.00931128 0.0765624 0.00266078 0.000406037
 0.712971 0.274392 0.00132297 0.0108782 0.000435741
 0.206083 0.66489 0.123346 0.000594709 0.0050859
 0.900555 0.0355745 0.0534907 0.00992326 0.000457007
 0.837561 0.15484 0.00271836 0.0040874 0.00079319
 0.13406 0.786687 0.0755448 0.00132626 0.00238119
 0.152219 0.192273 0.595515 0.0571868 0.0028065
 0.972841 0.00876256 0.00417219 0.0129223 0.00130181
pobs_RECLAS
 0 0 0 0 0
 0 0 0 0 0
 0 0 0 0 0
 0 0 0 0 0
 0 0 0 0 0
 0 0 0 0 0
 0 0 0 0 0
 0 0 0 0 0
 0 0 0 0 0
 0 0 0 0 0
 0.991045 0.00858322 0.000360255 1.14367e-05 0
 0.934742 0.0480273 0.0164251 0.00080598 0
 0.827803 0.169806 0.00239088 0 0
 0.941827 0.0461693 0.0120037 0 0
 0.791401 0.0380133 0.147996 0.0225897 0
 0.846168 0.0940531 0.0597789 0 0
 0.134021 0.677848 0.182769 0.00536245 0
 0.80878 0.0450904 0.141981 0.00414843 0
 0.846168 0.0940531 0.0597789 0 0
 0.905697 0.0802665 0.012482 0.00150086 5.37128e-05
 0.989698 0.0102097 9.19794e-05 0 0
 0.975433 0.0193895 0.00387452 0.00125025 5.28907e-05
 0.303575 0.632131 0.0575291 0.00676475 0
 0.966965 0.00978017 0.0227588 0.000495775 0
 0.843318 0.132988 0.00938335 0.0141283 0.000182051
 0.564624 0.303363 0.111486 0.0197234 0.00080311
 0.826376 0.0876187 0.0782897 0.00655872 0.00115652
 0.89761 0.0855135 0.0140674 0.00269457 0.000114338
 0.34875 0.467042 0.161289 0.0227151 0.000203297
 0.318654 0.224769 0.449479 0.00709798 0
 0.937255 0.0296025 0.0250945 0.00804832 0
ppred_RECLAS
 0.0238322 0.152985 0.71762 0.105562 6.86909e-07
 0.0592117 0.0285171 0.147367 0.667429 0.0974755
 0.981885 0.00161405 0.000520596 0.0025975 0.0133825
 0.647159 0.348694 0.000384427 0.000119717 0.00364294
 0.252556 0.560733 0.184609 0.000196508 0.00190625
 0.998708 0.000541605 0.000568036 0.000180564 2.03861e-06
 0.0339024 0.965169 0.000397374 0.000402394 0.000128425
 0.084687 0.0477535 0.866758 0.000344551 0.000456757
 0.982335 0.00212609 0.000838086 0.0146873 1.3467e-05
 0.252215 0.738935 0.001105 0.000420559 0.00732402
 0.981253 0.00750937 0.01111 1.60409e-05 0.00011143
 0.957481 0.0419638 0.000227278 0.000324659 3.69244e-06
 0.802263 0.192499 0.00517198 2.70457e-05 3.87923e-05
 0.924234 0.0662133 0.00930781 0.000241455 3.04838e-06
 0.916356 0.0804543 0.00279941 0.000379951 9.90897e-06
 0.990367 0.00923336 0.000385276 1.29434e-05 1.78955e-06
 0.118125 0.876366 0.00528808 0.000213044 8.08659e-06
 0.992198 0.00140975 0.00635348 3.70155e-05 1.53667e-06
 0.485553 0.511602 0.000529169 0.00230262 1.38708e-05
 0.92569 0.0448416 0.0293114 2.92724e-05 0.000127222
 0.801478 0.188875 0.00590236 0.00372513 1.97171e-05
 0.939947 0.0517899 0.00787584 0.000237634 0.000149687
 0.0715446 0.891107 0.0323646 0.00475206 0.000231861
 0.934971 0.00654175 0.0562144 0.00197128 0.00030136
 0.782577 0.207361 0.00104485 0.00866897 0.000347873
 0.274113 0.603447 0.116994 0.000569179 0.00487633
 0.928876 0.0247034 0.0388191 0.00726656 0.000335257
 0.880059 0.114056 0.00209262 0.00317496 0.000617233
 0.179759 0.742076 0.074473 0.00131926 0.00237288
 0.21345 0.172265 0.557598 0.0540296 0.00265633
 0.981802 0.00566986 0.00282132 0.0088173 0.000889869
pobs_PELACES
 0 0 0 0 0
 0 0 0 0 0
 0 0 0 0 0
 0 0 0 0 0
 0 0 0 0 0
 0 0 0 0 0
 0 0 0 0 0
 0 0 0 0 0
 0 0 0 0 0
 0 0 0 0 0
 0 0 0 0 0
 0 0 0 0 0
 0 0 0 0 0
 0 0 0 0 0
 0 0 0 0 0
 0 0 0 0 0
 0.505614 0.472636 0.0217494 0 0
 0 0 0 0 0
 0.443492 0.261883 0.143347 0.151278 0
 0.227955 0.32914 0.350689 0.0885471 0.00366901
 0.970185 0.0296113 0.000203453 0 0
 0.997202 0.00247181 0.000326279 0 0
 0.445219 0.490057 0.0546422 0.010081 0
 0.90214 0.0892962 0.00764917 0.000914606 0
 0 0 0 0 0
 0.581667 0.319106 0.0959925 0.00289975 0.000334073
 0.762889 0.0836404 0.116647 0.0363945 0.000428098
 0.88444 0.0763242 0.0277011 0.0115352 0
 0.521256 0.241999 0.230069 0.00667565 0
 0.616807 0.101726 0.260614 0.0208532 0
 0.833518 0.0704572 0.0857862 0.0102388 0
ppred_PELACES
 0.0166683 0.141189 0.73203 0.110112 7.19774e-07
 0.0457662 0.0257584 0.147128 0.681381 0.0999663
 0.976365 0.0018774 0.000669304 0.00341483 0.0176735
 0.624738 0.370275 0.000451206 0.000143684 0.00439214
 0.261821 0.539545 0.196338 0.00021371 0.00208255
 0.998254 0.000687239 0.000796678 0.000258958 2.937e-06
 0.0300829 0.968873 0.000440904 0.000456549 0.000146371
 0.0653994 0.0443338 0.889424 0.000361538 0.000481458
 0.976673 0.00252167 0.00109869 0.0196887 1.81351e-05
 0.257714 0.732363 0.00121049 0.000471105 0.00824163
 0.97597 0.00905227 0.014803 2.18552e-05 0.00015251
 0.953261 0.046056 0.000275709 0.000402727 4.60118e-06
 0.790868 0.203024 0.00602918 3.22396e-05 4.64525e-05
 0.927188 0.0627936 0.00975661 0.000258808 3.28233e-06
 0.921309 0.0753794 0.00289902 0.000402349 1.05409e-05
 0.98896 0.0105348 0.000485869 1.66911e-05 2.31822e-06
 0.108862 0.884984 0.00590241 0.000243159 9.27171e-06
 0.989562 0.00173611 0.0086482 5.15214e-05 2.1486e-06
 0.459132 0.537502 0.000614503 0.00273427 1.6546e-05
 0.91295 0.0504212 0.0364293 3.72017e-05 0.00016242
 0.778793 0.209287 0.00722897 0.00466533 2.4806e-05
 0.930259 0.0592756 0.00996343 0.000307405 0.000194518
 0.0604821 0.8978 0.0360414 0.00541132 0.00026523
 0.914559 0.00784517 0.074514 0.00267195 0.000410335
 0.742807 0.243849 0.00135809 0.0115221 0.00046447
 0.233332 0.62609 0.134166 0.000667449 0.00574427
 0.910939 0.0288715 0.0501462 0.00959869 0.000444871
 0.850098 0.1417 0.00287357 0.0044582 0.00087065
 0.143319 0.767246 0.0851073 0.00154166 0.00278552
 0.184489 0.164759 0.589461 0.0584057 0.00288455
 0.978114 0.00627839 0.00345311 0.0110353 0.00111878
pobs_pel_tallas
 0 0 0 0 0 0 0 0 0 0 0 0 0 0 0 0 0 0 0 0 0 0 0 0 0 0
 0 0 0 0 0 0 0 0 0 0 0 0 0 0 0 0 0 0 0 0 0 0 0 0 0 0
 0 0 0 0 0 0 0 0 0 0 0 0 0 0 0 0 0 0 0 0 0 0 0 0 0 0
 0 0 0 0 0 0 0 0 0 0 0 0 0 0 0 0 0 0 0 0 0 0 0 0 0 0
 0 0 0 0 0 0 0 0 0 0 0 0 0 0 0 0 0 0 0 0 0 0 0 0 0 0
 0 0 0 0 0 0 0 0 0 0 0 0 0 0 0 0 0 0 0 0 0 0 0 0 0 0
 0 0 0 0 0 0 0 0 0 0 0 0 0 0 0 0 0 0 0 0 0 0 0 0 0 0
 0 0 0 0 0 0 0 0 0 0 0 0 0 0 0 0 0 0 0 0 0 0 0 0 0 0
 0 0 0 0 0 0 0 0 0 0 0 0 0 0 0 0 0 0 0 0 0 0 0 0 0 0
 0 0 0 0 0 0 0 0 0 0 0 0 0 0 0 0 0 0 0 0 0 0 0 0 0 0
 0 0 0 0 0 0 0 0 0 0 0 0 0 0 0 0 0 0 0 0 0 0 0 0 0 0
 0 0 0 0 0 0 0 0 0 0 0 0 0 0 0 0 0 0 0 0 0 0 0 0 0 0
 0.00862536 0 0 0.000197151 0.00414017 0.0128641 0.00837892 0.0270097 0.101434 0.158115 0.152841 0.127902 0.109271 0.109419 0.0830992 0.0579132 0.0238553 0.00714673 0.00463305 0.00128148 0.00103504 0.000492878 0.000147863 0.000147863 4.92878e-05 0
 0 0 0 0 0 0 0 0 0 0 0 0 0 0 0 0 0 0 0 0 0 0 0 0 0 0
 0 0 0 0 0 0 0 0.0054083 0.00873648 0.0413646 0.0450493 0.0745869 0.0622846 0.0627006 0.0613931 0.0827291 0.12552 0.122667 0.0946155 0.0697135 0.0546179 0.0294188 0.0215738 0.0213955 0.0102223 0.00600262
 0 0 0 0 0.00359764 0.0251062 0.0480494 0.140153 0.205849 0.193036 0.1447 0.116669 0.0760912 0.0342217 0.00950174 0.001854 0.000860785 0 0 0 0.000165536 0 0.000143464 0 0 0
 0 0 0 0 0 0 0 0.000145254 0.000435761 0.0275982 0.070085 0.0708112 0.156366 0.174668 0.174014 0.160142 0.0824315 0.0480064 0.0283245 0.00493863 0.00203355 0 0 0 0 0
 0 0 0 0 0 0 0 0 0 0 0 0 0 0 0 0 0 0 0 0 0 0 0 0 0 0
 0 0 1.00437e-05 0.000401748 0.00122533 0.00171747 0.00176769 0.0269171 0.070346 0.194647 0.189555 0.159765 0.064822 0.0314167 0.0384472 0.0292271 0.0345202 0.0313363 0.0194345 0.0106764 0.0143323 0.0359363 0.0279516 0.0138201 0.00172751 0
 0 0.0021121 0.0136068 0.0755702 0.200478 0.177729 0.0527432 0.0373336 0.0318909 0.0142505 0.0149659 0.0166563 0.0217959 0.0798694 0.0677717 0.0528807 0.04013 0.0224614 0.0357745 0.0225083 0.00881397 0.00855152 0.00135912 0.000746735 0 0
 0 0 0 0 5.4009e-05 0.00500934 0.000945158 0.0243581 0.138947 0.33067 0.221406 0.137944 0.0707744 0.0437923 0.0131692 0.00525238 0.0047753 0.00276346 9.45158e-05 9.00151e-06 2.25038e-05 9.00151e-06 4.50075e-06 0 0 0
 0.000866109 0.00284123 0.00948549 0.0512746 0.133035 0.25785 0.225252 0.132002 0.0553304 0.0519788 0.0540692 0.017754 0.00435017 0.00159236 0.00146478 0.000404838 0.000125132 0.000115318 0.000107957 0.000100596 0 0 0 0 0 0
 0 0 0 0 0.00144013 0.00171154 0.00461396 0.0210425 0.0478622 0.0707936 0.0888783 0.103762 0.0637923 0.0337046 0.0602308 0.124433 0.169614 0.0934646 0.0462172 0.0250306 0.0313229 0.00938855 0.002487 0.000210481 0 0
 0 0.00764035 0.051015 0.0998891 0.058973 0.0496711 0.0374665 0.0718981 0.12319 0.153886 0.159021 0.0857701 0.0377988 0.023471 0.0147837 0.00900784 0.00315554 0.000888139 0.00291439 0.00214683 0.00393193 0.00274676 0.000635225 9.99891e-05 0 0
 0 0 0 0 0 0 0 0 0 0 0 0 0 0 0 0 0 0 0 0 0 0 0 0 0 0
 0 0 0 0 0 0 0 0 0 0 0 0 0 0 0 0 0 0 0 0 0 0 0 0 0 0
 0 0 0 0 0 0 0 0 0 0 0 0 0 0 0 0 0 0 0 0 0 0 0 0 0 0
 0 0 0 0 0 0 0 0 0 0 0 0 0 0 0 0 0 0 0 0 0 0 0 0 0 0
 0 0 0 0 0 0 0 0 0 0 0 0 0 0 0 0 0 0 0 0 0 0 0 0 0 0
 0 0 0 0 0 0 0 0 0 0 0 0 0 0 0 0 0 0 0 0 0 0 0 0 0 0
 0 0 0 0 0 0 0 0 0 0 0 0 0 0 0 0 0 0 0 0 0 0 0 0 0 0
ppred_pel_tallas
 1.32204e-16 1.37298e-06 1.33458e-05 8.86885e-05 0.000403174 0.0012545 0.00267339 0.00390496 0.00391971 0.00274597 0.00150149 0.00113111 0.0019708 0.00430368 0.00868209 0.0157412 0.0259169 0.0393559 0.0559929 0.075496 0.0968135 0.117563 0.133994 0.142044 0.139105 0.125383
 1.89503e-16 3.76971e-06 3.66429e-05 0.000243505 0.00110694 0.00344412 0.00733817 0.0107109 0.0107139 0.00735291 0.00349515 0.00126136 0.000658666 0.0010381 0.00219903 0.00444148 0.00842573 0.0151787 0.0261071 0.0427776 0.0662996 0.0963988 0.130608 0.164152 0.19089 0.205118
 1.03354e-16 8.04219e-05 0.000781729 0.00519487 0.0236151 0.0734754 0.156547 0.228485 0.228485 0.156548 0.0734785 0.0236241 0.00521781 0.000833079 0.000182027 0.00018548 0.000290526 0.000439738 0.000647358 0.000952386 0.00140933 0.00206475 0.00292285 0.00391748 0.00490885 0.00571298
 1.00866e-16 5.1459e-05 0.000500199 0.003324 0.0151105 0.0470144 0.100171 0.146209 0.146245 0.100344 0.0475982 0.0167955 0.00754956 0.00971105 0.0175046 0.0287528 0.0411701 0.0512597 0.0555008 0.0522809 0.0428912 0.0307283 0.0193603 0.0109304 0.00580026 0.00319666
 1.06178e-16 2.15659e-05 0.000209629 0.00139306 0.00633267 0.0197036 0.0419825 0.0612856 0.0613377 0.0422375 0.0205605 0.00880996 0.0076198 0.0138302 0.0259697 0.0431058 0.0625682 0.0796534 0.0895141 0.0898053 0.0819379 0.0698689 0.0575063 0.0468422 0.0379165 0.0299874
 1.0005e-16 8.22249e-05 0.000799255 0.00531133 0.0241445 0.0751226 0.160057 0.233607 0.233607 0.160057 0.0751237 0.0241478 0.00531948 0.000817236 0.00011693 6.46155e-05 8.84633e-05 0.000118123 0.000143733 0.000162643 0.000175783 0.000185459 0.000192382 0.000194467 0.000188374 0.000172216
 1.00331e-16 2.47809e-06 2.4088e-05 0.000160078 0.000727748 0.00226479 0.00482883 0.00706735 0.00716051 0.00528392 0.00379222 0.00513659 0.0112159 0.0241229 0.0456637 0.0752072 0.107681 0.134028 0.145024 0.136423 0.111578 0.0793599 0.04911 0.0264748 0.0124755 0.0051873
 1.25796e-16 5.38687e-06 5.23623e-05 0.000347966 0.00158181 0.00492162 0.0104862 0.0153061 0.0153118 0.0105144 0.00502014 0.00188367 0.00117075 0.00206324 0.00445141 0.008979 0.0167079 0.0288268 0.0462202 0.0687608 0.0945133 0.11941 0.138008 0.145362 0.139173 0.120922
 1.02011e-16 8.04472e-05 0.000781976 0.0051965 0.0236226 0.0734985 0.156596 0.228557 0.228557 0.156598 0.0735027 0.0236347 0.0052275 0.000851415 0.000217887 0.000248594 0.000390378 0.000583369 0.000836985 0.0011817 0.00165598 0.00227876 0.00301681 0.00376981 0.00438899 0.0047259
 1.01665e-16 2.12277e-05 0.000206341 0.00137121 0.00623337 0.0193947 0.0413251 0.06033 0.0604004 0.0416691 0.0205494 0.00956621 0.00972901 0.0184247 0.0345425 0.0568661 0.0814333 0.101393 0.109786 0.103423 0.084855 0.0607993 0.0383101 0.0216247 0.0114592 0.00628745
 1.00458e-16 8.03894e-05 0.000781413 0.00519277 0.0236056 0.0734457 0.156484 0.228393 0.228394 0.156488 0.0734604 0.0236484 0.00530134 0.00102171 0.000546298 0.000800662 0.00120288 0.00163101 0.00201601 0.00231946 0.00253827 0.00268116 0.00273769 0.00267354 0.00245818 0.00209839
 1.00061e-16 7.85188e-05 0.000763231 0.00507194 0.0230563 0.0717367 0.152843 0.22308 0.223084 0.152865 0.0718094 0.0232659 0.00559761 0.00190915 0.00225003 0.0035829 0.00512417 0.00638161 0.00691304 0.00651728 0.00535369 0.00384268 0.00242566 0.00136745 0.000713068 0.000368677
 1.00238e-16 6.51428e-05 0.000633211 0.00420791 0.0191286 0.0595162 0.126806 0.185081 0.185101 0.126902 0.0598364 0.0200531 0.00652674 0.00568908 0.00964899 0.0158008 0.0226428 0.0282361 0.0306523 0.0290022 0.0239741 0.0173971 0.0111896 0.00650042 0.00352831 0.00188078
 1.00325e-16 7.63712e-05 0.000742356 0.00493321 0.0224257 0.0697746 0.148662 0.216979 0.216985 0.148692 0.069874 0.0227125 0.00565324 0.00231421 0.00306166 0.00494062 0.00710907 0.008937 0.00983661 0.00953375 0.00822318 0.00643086 0.00469747 0.00333082 0.00236982 0.00170531
 1.00146e-16 7.5887e-05 0.000737649 0.00490193 0.0222835 0.0693322 0.14772 0.215603 0.21561 0.147755 0.0694512 0.0226268 0.00576315 0.00261559 0.00363626 0.00587511 0.00841767 0.0105045 0.0114181 0.0108291 0.00899206 0.00658282 0.00430831 0.00258904 0.00149417 0.000876337
 1.00019e-16 8.14594e-05 0.000791814 0.00526188 0.0239198 0.0744232 0.158567 0.231433 0.231434 0.158572 0.0744399 0.0239677 0.00538227 0.00105434 0.000579228 0.000826488 0.00117755 0.00146973 0.00159854 0.00151763 0.00126233 0.000926693 0.000609071 0.000367984 0.000213178 0.000124481
 1.00423e-16 8.96697e-06 8.71623e-05 0.000579228 0.00263314 0.00819313 0.0174595 0.0255005 0.0255856 0.0178752 0.00958848 0.00666085 0.0106798 0.0221049 0.041731 0.0687296 0.0984291 0.122561 0.132706 0.124987 0.102452 0.0731765 0.0456568 0.0250197 0.0121858 0.00540892
 1.00256e-16 8.15089e-05 0.000792296 0.00526508 0.0239343 0.0744685 0.158663 0.231573 0.231574 0.158664 0.0744715 0.0239432 0.00528798 0.000844321 0.000186278 0.000194422 0.000307987 0.000461295 0.000645678 0.000854026 0.0010721 0.0012723 0.00141416 0.00145696 0.00137938 0.0011929
 1.00433e-16 3.78182e-05 0.000367607 0.00244288 0.011105 0.0345521 0.0736188 0.10746 0.107511 0.0738712 0.0353995 0.013551 0.00857671 0.013738 0.0253722 0.0417326 0.0597551 0.0743899 0.0805221 0.0758019 0.0620922 0.0443122 0.0276356 0.0151794 0.00749073 0.00348473
 1.01096e-16 7.51985e-05 0.000730956 0.00485746 0.0220813 0.0687032 0.14638 0.213646 0.213651 0.146404 0.0687838 0.0223149 0.0054458 0.00202228 0.00254799 0.00414597 0.00608674 0.00790489 0.00916953 0.00966259 0.00947333 0.00888056 0.00813008 0.00730238 0.00635366 0.0052468
 1.00735e-16 6.41482e-05 0.000623544 0.00414367 0.0188365 0.0586075 0.12487 0.182256 0.182276 0.124969 0.0589377 0.0197898 0.00653482 0.00583773 0.00995 0.0163038 0.0233771 0.0291814 0.0317392 0.0301437 0.0251095 0.0185173 0.0123263 0.00768918 0.0047735 0.00314245
 1.00367e-16 7.66242e-05 0.000744815 0.00494956 0.0225 0.0700058 0.149155 0.217697 0.217703 0.149183 0.0700995 0.0227708 0.00562953 0.00222943 0.00289681 0.00466921 0.0067217 0.00845757 0.00932323 0.00906051 0.00785204 0.00619091 0.00458234 0.00331158 0.00241164 0.00177867
 1.01858e-16 4.98202e-06 4.84271e-05 0.000321819 0.001463 0.00455239 0.00970254 0.0141792 0.0142656 0.0101246 0.00596896 0.00555257 0.0105798 0.0224172 0.042415 0.0699226 0.100278 0.125159 0.136077 0.129113 0.107298 0.0786733 0.0516478 0.031217 0.0181952 0.010824
 1.0249e-16 7.5331e-05 0.000732244 0.00486602 0.0221202 0.0688242 0.146637 0.214022 0.214022 0.146642 0.068839 0.0221644 0.00498235 0.00100427 0.000644772 0.00108404 0.00187305 0.00301679 0.00455106 0.00645328 0.00858084 0.0106317 0.0121828 0.0128285 0.012358 0.0108645
 1.01336e-16 6.1184e-05 0.000594731 0.0039522 0.0179661 0.0558994 0.1191 0.173836 0.173859 0.119215 0.056284 0.0190762 0.0067363 0.00666457 0.0115659 0.0189643 0.0271747 0.0338871 0.0367997 0.0348693 0.0289564 0.0212889 0.0141805 0.00898088 0.00585499 0.00423263
 1.05071e-16 1.92194e-05 0.00018682 0.00124148 0.00564364 0.0175598 0.0374152 0.0546213 0.0546817 0.0377104 0.0185512 0.00850783 0.00843387 0.0158973 0.0298834 0.0494419 0.0713767 0.0900692 0.099764 0.0977415 0.0858679 0.0692124 0.0529269 0.0398579 0.0302737 0.0231149
 1.02493e-16 7.50328e-05 0.000729346 0.00484676 0.0220327 0.0685518 0.146057 0.213175 0.213178 0.146071 0.068599 0.02217 0.00519499 0.00150145 0.00157635 0.00257863 0.00392068 0.00537638 0.00675845 0.00796515 0.00899533 0.00986259 0.0104899 0.0106983 0.0103111 0.00928519
 1.00714e-16 7.00214e-05 0.000680633 0.00452305 0.0205611 0.0639734 0.136303 0.19894 0.198954 0.136369 0.0641969 0.0212064 0.00614145 0.00420939 0.00675943 0.0110317 0.01581 0.0197257 0.0214393 0.0203412 0.0169242 0.0124736 0.00832578 0.00526324 0.00338938 0.00238776
 1.03279e-16 1.18052e-05 0.000114751 0.000762562 0.00346654 0.0107861 0.0229837 0.0335608 0.0336347 0.0233447 0.0119984 0.0069675 0.0095481 0.0192858 0.0363975 0.0600904 0.0864087 0.10833 0.118679 0.11411 0.0970866 0.0742118 0.0523209 0.0353751 0.0239338 0.0165905
 1.23399e-16 1.51962e-05 0.000147712 0.000981602 0.00446223 0.0138837 0.0295814 0.0431784 0.0431952 0.0296638 0.0141629 0.00527998 0.00307722 0.00486453 0.00938922 0.016582 0.0264075 0.038458 0.0521426 0.0669126 0.0820553 0.0961234 0.106666 0.110869 0.106895 0.0950054
 1.01398e-16 8.0566e-05 0.00078313 0.00520417 0.0236574 0.073607 0.156828 0.228895 0.228895 0.156831 0.0736171 0.0236867 0.00527813 0.000946139 0.000394929 0.000538546 0.000800679 0.00108024 0.00134006 0.00157851 0.00183008 0.0021377 0.00251089 0.00290181 0.0032176 0.00336062
pSPR Fmed_Fpbrs
0.212147   0.260975 0.260975
Fs Fmed_Fpbrs
1.20844   1.005 1.005
SSBpbr Bo_Bmed_Bpbrs
1.50582e+06  244164  317689 317689
Ro
36571.7
SPR SPRFo_SPRFmed_SPRFpbrs
261412 55457.8 68221.9
Fref
1.005
Nvult_r0
 87241.4 618.928 294.695 912.743 91.9514
CTP_r0
 42096.1 379.167 180.536 559.164 56.3312
YTP_r0
390825
Np
 88661.7 14770.5 50.6646 24.1234 80.3693
Nvult_p0
 70627.7 12781.5 43.8421 20.8749 69.5467
CTP_p0
 26279.5 6406.7 21.9757 10.4635 34.8601
YTP_p0
 302906
CBA_c0
364449
log_Ro
10.327
likeval ReclasPelacesDesembMPH_pf_preclas_ppelaces_ptallas_desvR_qrecl_qpela
 18.9719 21.6936 0.417431 0.000997918 379.267 128.706 135.433 0 152.511 0.000126634 0.000275093 0.0174722 0 0 0
q_reclas_q_pelaces
4.92646 10.5875
M
1
N
 2902.23 16327.8 73286.6 10684 0.0693972
 1748.14 886.967 4385.87 19685.8 2869.87
 182065 314.838 97.1681 480.476 2470.99
 52923.5 32926 34.7344 10.72 325.62
 2208.52 7323.57 2307.13 2.43385 23.5674
 289460 145.882 146.402 46.1206 0.519777
 2372.65 74749.5 29.448 29.553 9.41493
 651.856 370.973 6442.98 2.53825 3.35881
 60088.3 132.801 50.0909 869.969 0.796256
 2891.64 11836.5 16.9367 6.38835 111.053
 30327.6 231.377 327.555 0.468695 3.24998
 126899 6400.84 33.172 46.9607 0.533138
 61344.3 17726.2 455.718 2.36173 3.3814
 72278.9 7522.12 1011.8 26.0121 0.327815
 39672.2 5170.87 172.16 23.1573 0.602847
 262369 2666.54 106.466 3.54472 0.489212
 4971.04 42833.6 247.314 9.87446 0.374136
 491226 676.439 2917.08 16.8428 0.697957
 93831.3 112435 111.28 479.885 2.8856
 256024 13563.7 8483.74 8.39657 36.4272
 160717 41409.1 1238.23 774.476 4.09194
 441160 26017.1 3785.84 113.205 71.1808
 5959.96 75912.7 2638.2 383.894 18.6972
 170561 1169.14 9613.27 334.09 50.9825
 148129 37847.4 182.48 1500.45 60.1026
 15810.7 34403.4 6382.31 30.7721 263.16
 125744 3420.08 5142.52 954.009 43.9361
 208852 24661.7 432.96 651.009 126.333
 15368.6 57088.3 5482.14 96.2439 172.798
 4715.01 4354.36 13486.5 1295.1 63.5583
 102012 669.593 318.819 987.459 99.4784
pred_Ctot
 315.23 2857.03 12823.7 1869.48 0.0121431
 597.194 432.645 2139.34 9602.33 1399.87
 61928.2 153.034 47.2306 233.545 1201.08
 22543.5 19100.5 20.1496 6.21873 188.893
 1303.55 5342.75 1683.11 1.77556 17.1931
 56120.8 43.6703 43.826 13.8064 0.155598
 922.975 40439.4 15.9313 15.9881 5.09347
 192.805 160.624 2789.69 1.09902 1.4543
 18551.6 59.602 22.4812 390.449 0.357366
 1606.91 8300.69 11.8774 4.48001 77.8792
 8545.99 96.1608 136.132 0.194791 1.3507
 53708.5 3695.15 19.1499 27.11 0.307776
 28176.1 10876.9 279.633 1.44918 2.07486
 41664.2 5404.08 726.902 18.6877 0.23551
 23299.2 3760.14 125.191 16.8394 0.438377
 98407.9 1401.84 55.9709 1.86351 0.257186
 2141.43 25059.7 144.69 5.77702 0.218887
 121901 252.016 1086.8 6.27498 0.260032
 38766.3 63726.2 63.0714 271.99 1.6355
 96809.4 7176.41 4488.65 4.44252 19.2732
 60725.5 21896 654.74 409.522 2.1637
 157700 13163.8 1915.51 57.278 36.0151
 1849.5 34215.5 1189.09 173.03 8.42725
 44563.1 455.447 3744.94 130.148 19.8607
 35827.4 13788.4 66.4803 546.637 21.8963
 4297.59 13865.4 2572.22 12.4019 106.06
 39030.5 1541.82 2318.31 430.079 19.8069
 34755 6425.16 112.8 169.608 32.9138
 2280.75 13383.8 1285.23 22.5635 40.5108
 1972.8 2491.91 7718.04 741.157 36.3731
 42096.1 379.167 180.536 559.164 56.3312
F
 0.185426 0.314482 0.314482 0.314482 0.314482
 0.714251 1.21137 1.21137 1.21137 1.21137
 0.710101 1.20433 1.20433 1.20433 1.20433
 0.97775 1.65826 1.65826 1.65826 1.65826
 1.71728 2.9125 2.9125 2.9125 2.9125
 0.353874 0.600169 0.600169 0.600169 0.600169
 0.855634 1.45115 1.45115 1.45115 1.45115
 0.590974 1.00229 1.00229 1.00229 1.00229
 0.624627 1.05936 1.05936 1.05936 1.05936
 1.52553 2.58729 2.58729 2.58729 2.58729
 0.555629 0.942344 0.942344 0.942344 0.942344
 0.968347 1.64231 1.64231 1.64231 1.64231
 1.09865 1.86331 1.86331 1.86331 1.86331
 1.63749 2.77718 2.77718 2.77718 2.77718
 1.69987 2.88297 2.88297 2.88297 2.88297
 0.81243 1.37788 1.37788 1.37788 1.37788
 0.994542 1.68674 1.68674 1.68674 1.68674
 0.474525 0.804793 0.804793 0.804793 0.804793
 0.934099 1.58423 1.58423 1.58423 1.58423
 0.821771 1.39372 1.39372 1.39372 1.39372
 0.820895 1.39223 1.39223 1.39223 1.39223
 0.759823 1.28866 1.28866 1.28866 1.28866
 0.628799 1.06644 1.06644 1.06644 1.06644
 0.505532 0.85738 0.85738 0.85738 0.85738
 0.459926 0.780033 0.780033 0.780033 0.780033
 0.531023 0.900613 0.900613 0.900613 0.900613
 0.628997 1.06677 1.06677 1.06677 1.06677
 0.297028 0.503758 0.503758 0.503758 0.503758
 0.26115 0.442909 0.442909 0.442909 0.442909
 0.951837 1.61431 1.61431 1.61431 1.61431
 0.932456 1.58144 1.58144 1.58144 1.58144
YTP_r0W_actual
 357817 6180.43 5217.49 19458.9 2151.85
YTP_p0W_proyectada
 197622 103276 513.792 308.673 1185.24
CTP_r0_actual
 42096.1 379.167 180.536 559.164 56.3312
CTP_p0_proyectada
 26279.5 6406.7 21.9757 10.4635 34.8601
Wmedp
 7.52 16.12 23.38 29.5 34
Frms_r0
 0.932456 1.58144 1.58144 1.58144 1.58144
Zrms_r0
 1.93246 2.58144 2.58144 2.58144 2.58144
nmprior
 8.19 8.8 8.5 0
nm_flota  nm_reclas  nm_pelaces    nm_pelaL
inf 13.7316 2.79186 3.79893
cv_recla  cv_pelaces  cv_mph
0.393986 0.528127 0.974884
 ------------------------------------------------
Talla a la edad & desviaci?n 
 8 13.2811 15.8009 17.003 17.5766
 0.8 1.32811 1.58009 1.7003 1.75766
