years
 1991 1992 1993 1994 1995 1996 1997 1998 1999 2000 2001 2002 2003 2004 2005 2006 2007 2008 2009 2010 2011 2012 2013 2014 2015 2016 2017 2018 2019 2020 2021
reclasobs
 0 0 0 0 0 0 0 0 0 252601 567819 844713 477998 351125 339783 2.1784e+06 2.13404e+06 4.81314e+06 1.55562e+06 2.62356e+06 3.21686e+06 3.843e+06 1.13348e+06 3.07943e+06 1.97215e+06 2.03268e+06 2.025e+06 2.42433e+06 2.27542e+06 1.05018e+06 2.36338e+06
reclaspred
 2.03883e+06 1.11041e+06 523320 256278 102705 924983 386878 207927 134867 183865 345319 513997 494568 340903 302139 1.23673e+06 986479 2.95e+06 2.33774e+06 1.46553e+06 2.72122e+06 2.30771e+06 1.56694e+06 2.64193e+06 1.86652e+06 1.44839e+06 1.94934e+06 2.40646e+06 1.8449e+06 914354 1.30557e+06
pelacesobs
 0 0 0 0 0 0 0 0 0 0 0 0 0 0 0 552880 188675 0 991730 2.46772e+06 1.41603e+06 1.21717e+06 2.29649e+06 1.80582e+06 0 1.4828e+06 1.56532e+06 1.57751e+06 1.42118e+06 867257 1.10002e+06
pelacespred
 916168 521168 234326 79999.6 33534 404387 124548 97570.4 45890.2 70954.1 153927 195134 208573 144352 130616 478578 384133 1.37854e+06 1.09067e+06 640304 1.17241e+06 1.0276e+06 703537 1.33442e+06 897737 694334 1.07548e+06 1.29507e+06 824942 474627 649885
mphobs
 0 0 0 0 0 0 0 0 0 0 0 498337 0 5186 125008 0 168611 109162 213762 579715 649985 157893 87575 83554 0 0 0 0 0 0 0
mphpred
 1.91607e+06 1.08129e+06 528157 245349 86224.5 44950.5 470852 154427 84703.8 41989.6 75225.5 231438 269020 207806 113242 132673 801089 589585 1.70099e+06 1.17426e+06 1.02961e+06 1.3973e+06 1.38072e+06 954189 1.48507e+06 1.1312e+06 805742 1.0103e+06 1.66808e+06 1.00172e+06 455808
desembarqueobs
 494567 514787 250237 358949 120608 361735 552515 73892 212993 205616 52469 317467 293654 387597 252695 516296 358380 742168 942051 627588 828172 859565 418607 520667 417249 300574 415391 372974 316634 284311 391294
desembarquepred
 494528 514925 249602 358880 120574 361592 552023 73881.5 212861 205523 52466.7 317370 293546 387283 252556 516073 358337 741881 941355 627079 827987 859200 418510 520590 417145 300496 415289 372880 316560 284231 391209
Reclutas
 88402.7 119097 69936.5 40867 22772.3 271370 35679.6 10765 24690.5 65890.3 87824 131119 100746 68829.1 59366.6 448450 41900.7 759119 343000 214986 428551 564632 57986.4 333320 233445 83072.8 278814 344889 51778.3 31369.8 215845
log_desv_Rt
 -0.215992 0.0820423 -0.450307 -0.987573 -1.57235 0.905589 -1.12332 -2.32159 -1.49148 -0.509903 -0.22256 0.178213 -0.0852928 -0.466268 -0.614163 1.4079 -0.962592 1.93426 1.13984 0.67268 1.36252 1.63828 -0.637687 1.11121 0.755053 -0.278177 0.932649 1.14533 -0.750924 -1.25205 0.676668
SSB
 1.91607e+06 1.08129e+06 528157 245349 86224.5 44950.5 470852 154427 84703.8 41989.6 75225.5 231438 269020 207806 113242 132673 801089 589585 1.70099e+06 1.17426e+06 1.02961e+06 1.3973e+06 1.38072e+06 954189 1.48507e+06 1.1312e+06 805742 1.0103e+06 1.66808e+06 1.00172e+06 455808
BT
 2.54913e+06 1.71447e+06 781105 482581 179270 1.25186e+06 768952 292558 308972 358296 398648 711430 744791 732484 554792 1.51653e+06 1.16773e+06 3.84383e+06 3.41028e+06 2.06472e+06 3.38124e+06 3.16932e+06 1.98662e+06 3.56576e+06 2.46535e+06 1.87327e+06 2.91129e+06 3.36216e+06 2.16613e+06 1.3885e+06 1.88646e+06
Ftot
 0.24291 0.478003 0.485432 1.3408 1.20597 0.586032 1.30466 0.379679 1.75386 1.45393 0.214519 0.745292 0.694586 1.29836 1.06843 0.609329 0.372585 0.350585 0.451684 0.471911 0.372663 0.444695 0.272522 0.253885 0.248589 0.222675 0.274252 0.203429 0.172148 0.30912 0.397562
BD_Bspro_t
 0.962155 0.740392 0.527693 0.369211 0.167946 0.129337 0.482048 0.20366 0.163295 0.11138 0.219536 0.529623 0.437541 0.338288 0.215539 0.249838 0.545592 0.460749 0.646815 0.528199 0.455787 0.529683 0.556631 0.506521 0.64244 0.635793 0.614484 0.687322 0.765305 0.667377 0.529683
BD_Bspro
 2.44674 1.38076 0.674434 0.313301 0.110105 0.0573999 0.601259 0.197197 0.108163 0.053619 0.0960599 0.295536 0.343528 0.26536 0.144606 0.169418 1.02296 0.752876 2.1721 1.49948 1.31477 1.78429 1.76312 1.21846 1.89637 1.4445 1.0289 1.29011 2.13007 1.27915 0.582049
BD_Bo
 1.15265 0.65047 0.317724 0.147595 0.0518702 0.0270409 0.283251 0.0928988 0.0509554 0.0252598 0.0452535 0.139226 0.161835 0.12501 0.0681233 0.0798123 0.481912 0.354678 1.02327 0.706399 0.619386 0.840574 0.830602 0.574013 0.893373 0.680498 0.484712 0.607766 1.00347 0.602604 0.274201
BD_Brms
 5.45839 3.08031 1.50458 0.698937 0.245632 0.128053 1.34134 0.439923 0.2413 0.119618 0.214298 0.659308 0.766371 0.591988 0.322598 0.377952 2.2821 1.67958 4.8457 3.34516 2.93311 3.98055 3.93332 2.71824 4.23058 3.22251 2.29536 2.87808 4.75195 2.85364 1.29848
Sel_flota
 0.600715 0.966199 0.998162 0.999903 0.999995
 0.600715 0.966199 0.998162 0.999903 0.999995
 0.600715 0.966199 0.998162 0.999903 0.999995
 0.600715 0.966199 0.998162 0.999903 0.999995
 0.600715 0.966199 0.998162 0.999903 0.999995
 0.600715 0.966199 0.998162 0.999903 0.999995
 0.600715 0.966199 0.998162 0.999903 0.999995
 0.600715 0.966199 0.998162 0.999903 0.999995
 0.600715 0.966199 0.998162 0.999903 0.999995
 0.600715 0.966199 0.998162 0.999903 0.999995
 0.600715 0.966199 0.998162 0.999903 0.999995
 0.600715 0.966199 0.998162 0.999903 0.999995
 0.600715 0.966199 0.998162 0.999903 0.999995
 0.600715 0.966199 0.998162 0.999903 0.999995
 0.600715 0.966199 0.998162 0.999903 0.999995
 0.600715 0.966199 0.998162 0.999903 0.999995
 0.600715 0.966199 0.998162 0.999903 0.999995
 0.600715 0.966199 0.998162 0.999903 0.999995
 0.600715 0.966199 0.998162 0.999903 0.999995
 0.600715 0.966199 0.998162 0.999903 0.999995
 0.600715 0.966199 0.998162 0.999903 0.999995
 0.600715 0.966199 0.998162 0.999903 0.999995
 0.600715 0.966199 0.998162 0.999903 0.999995
 0.600715 0.966199 0.998162 0.999903 0.999995
 0.600715 0.966199 0.998162 0.999903 0.999995
 0.600715 0.966199 0.998162 0.999903 0.999995
 0.600715 0.966199 0.998162 0.999903 0.999995
 0.600715 0.966199 0.998162 0.999903 0.999995
 0.600715 0.966199 0.998162 0.999903 0.999995
 0.600715 0.966199 0.998162 0.999903 0.999995
 0.600715 0.966199 0.998162 0.999903 0.999995
Sel_reclas
 1 1 1 1 1
 1 1 1 1 1
 1 1 1 1 1
 1 1 1 1 1
 1 1 1 1 1
 1 1 1 1 1
 1 1 1 1 1
 1 1 1 1 1
 1 1 1 1 1
 1 1 1 1 1
 1 1 1 1 1
 1 1 1 1 1
 1 1 1 1 1
 1 1 1 1 1
 1 1 1 1 1
 1 1 1 1 1
 1 1 1 1 1
 1 1 1 1 1
 1 1 1 1 1
 1 1 1 1 1
 1 1 1 1 1
 1 1 1 1 1
 1 1 1 1 1
 1 1 1 1 1
 1 1 1 1 1
 1 1 1 1 1
 1 1 1 1 1
 1 1 1 1 1
 1 1 1 1 1
 1 1 1 1 1
 1 1 1 1 1
Sel_pelaces
 1 1 1 1 1
 1 1 1 1 1
 1 1 1 1 1
 1 1 1 1 1
 1 1 1 1 1
 1 1 1 1 1
 1 1 1 1 1
 1 1 1 1 1
 1 1 1 1 1
 1 1 1 1 1
 1 1 1 1 1
 1 1 1 1 1
 1 1 1 1 1
 1 1 1 1 1
 1 1 1 1 1
 1 1 1 1 1
 1 1 1 1 1
 1 1 1 1 1
 1 1 1 1 1
 1 1 1 1 1
 1 1 1 1 1
 1 1 1 1 1
 1 1 1 1 1
 1 1 1 1 1
 1 1 1 1 1
 1 1 1 1 1
 1 1 1 1 1
 1 1 1 1 1
 1 1 1 1 1
 1 1 1 1 1
 1 1 1 1 1
pf_obs 
 0.8446 0.082 0.0669 0.0065 0
 0.8095 0.147 0.0364 0.0071 0
 0.9664 0.0169 0.016 0.0007 0
 0.9276 0.0648 0.0075 0.0001 0
 0.7033 0.2144 0.0806 0.0017 0
 0.9318 0.0425 0.0243 0.0014 0
 0.5671 0.3108 0.0964 0.0239 0.0018
 0.0768 0.2599 0.5324 0.112 0.0189
 0.490249 0.384438 0.106611 0.0170017 0.00170017
 0.7925 0.1577 0.0466 0.003 0.0002
 0.840416 0.127587 0.0312969 0.00059994 9.999e-05
 0.8084 0.0986 0.0794 0.0134 0.0002
 0.7335 0.1905 0.0724 0.0035 0.0001
 0.4001 0.4547 0.1325 0.0127 0
 0.49795 0.308269 0.164784 0.0264974 0.00249975
 0.9179 0.0499 0.0305 0.0017 0
 0.2467 0.6533 0.0926 0.0074 0
 0.9418 0.0223 0.034 0.0019 0
 0.707729 0.231977 0.0356964 0.0245975 0
 0.517169 0.277429 0.184464 0.0207286 0.00020938
 0.811772 0.124168 0.05621 0.00726502 0.000585176
 0.764997 0.148141 0.077277 0.00933861 0.000247198
 0.163321 0.427699 0.378323 0.0303852 0.000271297
 0.753843 0.0900009 0.118128 0.0371064 0.000921714
 0.721811 0.176058 0.0630433 0.0369309 0.00215725
 0.143369 0.312575 0.442814 0.0836902 0.0175525
 0.692698 0.0596174 0.167031 0.0765114 0.00414204
 0.394062 0.376323 0.152708 0.0712218 0.00568511
 0.125707 0.32114 0.495352 0.0537591 0.00404204
 0.23352 0.215282 0.420074 0.123614 0.00750983
 0.796117 0.104755 0.0508955 0.0450114 0.00322123
pf_pred 
 0.300718 0.238236 0.411373 0.0496725 9.79941e-07
 0.542763 0.192486 0.0923494 0.153859 0.0185429
 0.490476 0.346163 0.0704487 0.0324555 0.0604564
 0.496683 0.31804 0.127575 0.0249163 0.0327859
 0.627997 0.255699 0.0751439 0.0283716 0.0127893
 0.972441 0.0215579 0.00419907 0.00116567 0.000636513
 0.268064 0.720704 0.00886997 0.00165454 0.000708424
 0.34148 0.289543 0.363639 0.00421807 0.00112005
 0.740252 0.123928 0.061031 0.0737086 0.00107972
 0.931374 0.060292 0.00412842 0.00189376 0.00231174
 0.843549 0.15147 0.004409 0.00028353 0.000287815
 0.740653 0.233101 0.025438 0.000714713 9.24363e-05
 0.653134 0.292169 0.0493887 0.00514516 0.000162846
 0.615994 0.298786 0.0722929 0.0116756 0.00125174
 0.739604 0.202493 0.0456422 0.010406 0.0018548
 0.957483 0.0362626 0.00492115 0.0010512 0.000281559
 0.189975 0.790594 0.0166783 0.0021675 0.000585628
 0.919897 0.0228289 0.055951 0.00113597 0.000187128
 0.489124 0.486497 0.00713798 0.0168433 0.000397483
 0.481216 0.323839 0.186004 0.00262205 0.00631955
 0.745545 0.15794 0.0611584 0.0337378 0.00161819
 0.712463 0.240042 0.0299156 0.011148 0.00643139
 0.160689 0.681015 0.133022 0.0159321 0.00934181
 0.742047 0.062472 0.159694 0.0300829 0.00570435
 0.542723 0.379518 0.0193537 0.0477303 0.0106756
 0.32366 0.448514 0.190265 0.00936207 0.0281983
 0.749234 0.110997 0.0937922 0.0384095 0.0075675
 0.67957 0.267505 0.0239087 0.019484 0.00953231
 0.185985 0.632278 0.152608 0.013173 0.0159567
 0.24415 0.205545 0.430713 0.100454 0.0191382
 0.841177 0.0567373 0.0285252 0.0575994 0.0159609
pobs_RECLAS
 0 0 0 0 0
 0 0 0 0 0
 0 0 0 0 0
 0 0 0 0 0
 0 0 0 0 0
 0 0 0 0 0
 0 0 0 0 0
 0 0 0 0 0
 0 0 0 0 0
 0 0 0 0 0
 0.991045 0.00858322 0.000360255 1.14367e-05 0
 0.934742 0.0480273 0.0164251 0.00080598 0
 0.827803 0.169806 0.00239088 0 0
 0.941827 0.0461693 0.0120037 0 0
 0.791401 0.0380133 0.147996 0.0225897 0
 0.846168 0.0940531 0.0597789 0 0
 0.134021 0.677848 0.182769 0.00536245 0
 0.80878 0.0450904 0.141981 0.00414843 0
 0.846168 0.0940531 0.0597789 0 0
 0.905697 0.0802665 0.012482 0.00150086 5.37128e-05
 0.989698 0.0102097 9.19794e-05 0 0
 0.975433 0.0193895 0.00387452 0.00125025 5.28907e-05
 0.303575 0.632131 0.0575291 0.00676475 0
 0.966965 0.00978017 0.0227588 0.000495775 0
 0.843318 0.132988 0.00938335 0.0141283 0.000182051
 0.564624 0.303363 0.111486 0.0197234 0.00080311
 0.826376 0.0876187 0.0782897 0.00655872 0.00115652
 0.89761 0.0855135 0.0140674 0.00269457 0.000114338
 0.34875 0.467042 0.161289 0.0227151 0.000203297
 0.318654 0.224769 0.449479 0.00709798 0
 0.937255 0.0296025 0.0250945 0.00804832 0
ppred_RECLAS
 0.416282 0.203282 0.339512 0.0409223 8.07241e-07
 0.665201 0.143852 0.0666856 0.110897 0.0133639
 0.614951 0.264553 0.0520199 0.0239213 0.0445549
 0.635333 0.233875 0.0901205 0.0175632 0.0231078
 0.746195 0.17661 0.0499133 0.0188059 0.00847636
 0.983234 0.0132153 0.00248577 0.000688764 0.000376062
 0.388574 0.602408 0.00712433 0.00132608 0.000567721
 0.463069 0.240577 0.292074 0.0033818 0.000897901
 0.840518 0.0778915 0.0367107 0.0442316 0.000647848
 0.959937 0.0353758 0.00232469 0.00106401 0.00129869
 0.897398 0.0994402 0.00279993 0.000179735 0.000182435
 0.826743 0.156282 0.0164546 0.000461425 5.96717e-05
 0.75861 0.204457 0.0333555 0.00346826 0.000109761
 0.737183 0.206293 0.0479656 0.00773011 0.000828651
 0.829801 0.133472 0.0289627 0.00658976 0.00117445
 0.973948 0.0223343 0.0029266 0.000623975 0.000167112
 0.276908 0.706314 0.0144042 0.00186858 0.000504814
 0.950429 0.0144714 0.0342901 0.000694932 0.000114465
 0.610992 0.371062 0.00526112 0.0123918 0.000292404
 0.606343 0.248895 0.138135 0.00194367 0.00468409
 0.828846 0.107621 0.040286 0.0221833 0.00106389
 0.80314 0.165279 0.0199057 0.00740426 0.00427118
 0.238349 0.621892 0.117478 0.0140452 0.00823468
 0.827266 0.0429109 0.106091 0.0199496 0.0037825
 0.659533 0.28422 0.0140185 0.0345109 0.00771814
 0.4396 0.375806 0.154208 0.00757435 0.0228116
 0.831811 0.0758607 0.0619936 0.025342 0.00499245
 0.775501 0.188464 0.0162946 0.0132554 0.00648445
 0.27133 0.570164 0.133139 0.0114721 0.0138951
 0.35006 0.181151 0.367058 0.0854534 0.0162788
 0.898462 0.0371002 0.0180294 0.0363396 0.0100688
pobs_PELACES
 0 0 0 0 0
 0 0 0 0 0
 0 0 0 0 0
 0 0 0 0 0
 0 0 0 0 0
 0 0 0 0 0
 0 0 0 0 0
 0 0 0 0 0
 0 0 0 0 0
 0 0 0 0 0
 0 0 0 0 0
 0 0 0 0 0
 0 0 0 0 0
 0 0 0 0 0
 0 0 0 0 0
 0 0 0 0 0
 0.505614 0.472636 0.0217494 0 0
 0 0 0 0 0
 0.443492 0.261883 0.143347 0.151278 0
 0.227955 0.32914 0.350689 0.0885471 0.00366901
 0.970185 0.0296113 0.000203453 0 0
 0.997202 0.00247181 0.000326279 0 0
 0.445219 0.490057 0.0546422 0.010081 0
 0.90214 0.0892962 0.00764917 0.000914606 0
 0 0 0 0 0
 0.581667 0.319106 0.0959925 0.00289975 0.000334073
 0.762889 0.0836404 0.116647 0.0363945 0.000428098
 0.88444 0.0763242 0.0277011 0.0115352 0
 0.521256 0.241999 0.230069 0.00667565 0
 0.616807 0.101726 0.260614 0.0208532 0
 0.833518 0.0704572 0.0857862 0.0102388 0
ppred_PELACES
 0.423828 0.200992 0.334827 0.040352 7.95985e-07
 0.678566 0.138521 0.0638915 0.106221 0.0128002
 0.629103 0.25525 0.0499344 0.0229558 0.0427562
 0.673051 0.210765 0.0800749 0.0155935 0.0205154
 0.773433 0.158277 0.0441666 0.0166292 0.00749497
 0.984381 0.0123278 0.00230455 0.000638336 0.000348522
 0.426597 0.565061 0.00659133 0.00122595 0.000524832
 0.475023 0.235742 0.285059 0.00329986 0.000876135
 0.867993 0.0651015 0.0301204 0.0362545 0.000530982
 0.966223 0.0298802 0.00193367 0.000884299 0.0010793
 0.899762 0.0971557 0.00272942 0.000175187 0.000177818
 0.839347 0.145024 0.0151497 0.000424653 5.4915e-05
 0.773813 0.191795 0.0310614 0.00322844 0.000102169
 0.766907 0.183503 0.0420864 0.00677755 0.000726511
 0.847553 0.119844 0.0257142 0.00584705 0.00104205
 0.975771 0.0207906 0.00270687 0.000576925 0.000154508
 0.286014 0.697483 0.0141683 0.00183758 0.000496435
 0.952502 0.0139025 0.0328206 0.000665015 0.000109536
 0.623913 0.358819 0.00506335 0.0119229 0.000281336
 0.620275 0.240526 0.132828 0.00186848 0.00450284
 0.835333 0.103696 0.0386645 0.0212859 0.00102084
 0.811599 0.158298 0.0189757 0.00705653 0.00407053
 0.244466 0.617226 0.116262 0.0138977 0.0081481
 0.831882 0.0418491 0.103189 0.0194011 0.00367847
 0.666333 0.278668 0.0137087 0.0337435 0.00754644
 0.44642 0.371523 0.152093 0.0074695 0.0224956
 0.836609 0.0738158 0.0601482 0.0245837 0.00484303
 0.779805 0.184917 0.0159536 0.0129765 0.00634798
 0.275534 0.5671 0.132184 0.0113887 0.013794
 0.359136 0.179046 0.361613 0.0841708 0.0160343
 0.902996 0.0355417 0.0171997 0.0346595 0.00960318
pobs_pel_tallas
 0 0 0 0 0 0 0 0 0 0 0 0 0 0 0 0 0 0 0 0 0 0 0 0 0 0
 0 0 0 0 0 0 0 0 0 0 0 0 0 0 0 0 0 0 0 0 0 0 0 0 0 0
 0 0 0 0 0 0 0 0 0 0 0 0 0 0 0 0 0 0 0 0 0 0 0 0 0 0
 0 0 0 0 0 0 0 0 0 0 0 0 0 0 0 0 0 0 0 0 0 0 0 0 0 0
 0 0 0 0 0 0 0 0 0 0 0 0 0 0 0 0 0 0 0 0 0 0 0 0 0 0
 0 0 0 0 0 0 0 0 0 0 0 0 0 0 0 0 0 0 0 0 0 0 0 0 0 0
 0 0 0 0 0 0 0 0 0 0 0 0 0 0 0 0 0 0 0 0 0 0 0 0 0 0
 0 0 0 0 0 0 0 0 0 0 0 0 0 0 0 0 0 0 0 0 0 0 0 0 0 0
 0 0 0 0 0 0 0 0 0 0 0 0 0 0 0 0 0 0 0 0 0 0 0 0 0 0
 0 0 0 0 0 0 0 0 0 0 0 0 0 0 0 0 0 0 0 0 0 0 0 0 0 0
 0 0 0 0 0 0 0 0 0 0 0 0 0 0 0 0 0 0 0 0 0 0 0 0 0 0
 0 0 0 0 0 0 0 0 0 0 0 0 0 0 0 0 0 0 0 0 0 0 0 0 0 0
 0.00862536 0 0 0.000197151 0.00414017 0.0128641 0.00837892 0.0270097 0.101434 0.158115 0.152841 0.127902 0.109271 0.109419 0.0830992 0.0579132 0.0238553 0.00714673 0.00463305 0.00128148 0.00103504 0.000492878 0.000147863 0.000147863 4.92878e-05 0
 0 0 0 0 0 0 0 0 0 0 0 0 0 0 0 0 0 0 0 0 0 0 0 0 0 0
 0 0 0 0 0 0 0 0.0054083 0.00873648 0.0413646 0.0450493 0.0745869 0.0622846 0.0627006 0.0613931 0.0827291 0.12552 0.122667 0.0946155 0.0697135 0.0546179 0.0294188 0.0215738 0.0213955 0.0102223 0.00600262
 0 0 0 0 0.00359764 0.0251062 0.0480494 0.140153 0.205849 0.193036 0.1447 0.116669 0.0760912 0.0342217 0.00950174 0.001854 0.000860785 0 0 0 0.000165536 0 0.000143464 0 0 0
 0 0 0 0 0 0 0 0.000145254 0.000435761 0.0275982 0.070085 0.0708112 0.156366 0.174668 0.174014 0.160142 0.0824315 0.0480064 0.0283245 0.00493863 0.00203355 0 0 0 0 0
 0 0 0 0 0 0 0 0 0 0 0 0 0 0 0 0 0 0 0 0 0 0 0 0 0 0
 0 0 1.00437e-05 0.000401748 0.00122533 0.00171747 0.00176769 0.0269171 0.070346 0.194647 0.189555 0.159765 0.064822 0.0314167 0.0384472 0.0292271 0.0345202 0.0313363 0.0194345 0.0106764 0.0143323 0.0359363 0.0279516 0.0138201 0.00172751 0
 0 0.0021121 0.0136068 0.0755702 0.200478 0.177729 0.0527432 0.0373336 0.0318909 0.0142505 0.0149659 0.0166563 0.0217959 0.0798694 0.0677717 0.0528807 0.04013 0.0224614 0.0357745 0.0225083 0.00881397 0.00855152 0.00135912 0.000746735 0 0
 0 0 0 0 5.4009e-05 0.00500934 0.000945158 0.0243581 0.138947 0.33067 0.221406 0.137944 0.0707744 0.0437923 0.0131692 0.00525238 0.0047753 0.00276346 9.45158e-05 9.00151e-06 2.25038e-05 9.00151e-06 4.50075e-06 0 0 0
 0.000866109 0.00284123 0.00948549 0.0512746 0.133035 0.25785 0.225252 0.132002 0.0553304 0.0519788 0.0540692 0.017754 0.00435017 0.00159236 0.00146478 0.000404838 0.000125132 0.000115318 0.000107957 0.000100596 0 0 0 0 0 0
 0 0 0 0 0.00144013 0.00171154 0.00461396 0.0210425 0.0478622 0.0707936 0.0888783 0.103762 0.0637923 0.0337046 0.0602308 0.124433 0.169614 0.0934646 0.0462172 0.0250306 0.0313229 0.00938855 0.002487 0.000210481 0 0
 0 0.00764035 0.051015 0.0998891 0.058973 0.0496711 0.0374665 0.0718981 0.12319 0.153886 0.159021 0.0857701 0.0377988 0.023471 0.0147837 0.00900784 0.00315554 0.000888139 0.00291439 0.00214683 0.00393193 0.00274676 0.000635225 9.99891e-05 0 0
 0 0 0 0 0 0 0 0 0 0 0 0 0 0 0 0 0 0 0 0 0 0 0 0 0 0
 0 0 0 0 0 0 0 0 0 0 0 0 0 0 0 0 0 0 0 0 0 0 0 0 0 0
 0 0 0 0 0 0 0 0 0 0 0 0 0 0 0 0 0 0 0 0 0 0 0 0 0 0
 0 0 0 0 0 0 0 0 0 0 0 0 0 0 0 0 0 0 0 0 0 0 0 0 0 0
 0 0 0 0 0 0 0 0 0 0 0 0 0 0 0 0 0 0 0 0 0 0 0 0 0 0
 0 0 0 0 0 0 0 0 0 0 0 0 0 0 0 0 0 0 0 0 0 0 0 0 0 0
 0 0 0 0 0 0 0 0 0 0 0 0 0 0 0 0 0 0 0 0 0 0 0 0 0 0
ppred_pel_tallas
 1.13761e-16 3.49102e-05 0.00033934 0.00225503 0.0102511 0.031895 0.0679563 0.0991884 0.0992083 0.0680536 0.0322229 0.0112045 0.00467155 0.00569177 0.0104261 0.0177701 0.0269657 0.0367643 0.0458164 0.0533509 0.0593423 0.0639498 0.0667989 0.0668825 0.063228 0.0557324
 1.14698e-16 5.58926e-05 0.000543296 0.00361039 0.0164123 0.0510649 0.1088 0.158799 0.158813 0.108866 0.0512862 0.017053 0.00522437 0.00408623 0.00684403 0.0113878 0.016795 0.0219953 0.0259791 0.0283977 0.0297862 0.0311226 0.0330493 0.0353759 0.0371976 0.037456
 1.11045e-16 5.18185e-05 0.000503694 0.00334722 0.015216 0.0473428 0.10087 0.147227 0.147252 0.10099 0.0477472 0.0163845 0.0062821 0.00691713 0.0122523 0.0202293 0.0292749 0.0371274 0.0415407 0.0415454 0.0380515 0.0332254 0.0291391 0.0267318 0.0256929 0.0250575
 1.07401e-16 5.54384e-05 0.000538881 0.00358105 0.016279 0.05065 0.107916 0.157511 0.157531 0.108016 0.050985 0.0172478 0.00601716 0.00587078 0.0102226 0.0169203 0.024624 0.031506 0.0357369 0.0364785 0.0343482 0.0309123 0.0276345 0.0251272 0.0231527 0.0211386
 1.04252e-16 6.37067e-05 0.000619251 0.00411514 0.0187069 0.0582041 0.12401 0.181 0.181015 0.124085 0.0584552 0.0194326 0.0059389 0.00460705 0.00765664 0.0126085 0.0182789 0.0232472 0.0261104 0.0262304 0.0240967 0.0209516 0.0179876 0.0157549 0.0141312 0.0126921
 1.00193e-16 8.10821e-05 0.000788147 0.00523752 0.023809 0.0740786 0.157832 0.230361 0.230362 0.157838 0.0740981 0.0238654 0.00537909 0.00109736 0.000668832 0.000978678 0.001405 0.00177313 0.00196594 0.00193145 0.00170881 0.0014 0.00110709 0.00088392 0.000730427 0.00061846
 1.00547e-16 3.51383e-05 0.000341557 0.00226977 0.0103181 0.0321037 0.0684023 0.0998465 0.0999008 0.0686677 0.0329947 0.0128901 0.00872009 0.0144031 0.0266832 0.0439063 0.0628912 0.078342 0.0848884 0.0800582 0.0657941 0.0472389 0.0297964 0.0167159 0.00856638 0.00422545
 1.08766e-16 3.91271e-05 0.000380329 0.00252742 0.0114893 0.0357476 0.076165 0.11117 0.111193 0.0762781 0.0361285 0.0125942 0.00531934 0.00653588 0.011907 0.020083 0.029992 0.0399191 0.0480432 0.0533608 0.0560251 0.0567629 0.055958 0.0532987 0.0482537 0.0408286
 1.04612e-16 7.14954e-05 0.000694961 0.00461826 0.0209939 0.06532 0.139171 0.203126 0.203132 0.139202 0.0654239 0.0212946 0.00537525 0.00235533 0.00324843 0.00532062 0.00781105 0.0101568 0.0118463 0.0126741 0.0128554 0.0128382 0.0129592 0.0132204 0.0133349 0.0129548
 1.00335e-16 7.95865e-05 0.000773609 0.0051409 0.0233698 0.0727121 0.154921 0.226112 0.226115 0.154935 0.0727593 0.023506 0.00548269 0.00151921 0.00149409 0.00234012 0.00335423 0.0041993 0.00459227 0.00440641 0.0037447 0.00287307 0.0020647 0.00147438 0.00111504 0.000914811
 1.00152e-16 7.41122e-05 0.000720397 0.00478729 0.0217623 0.0677108 0.144265 0.210561 0.210571 0.144311 0.067864 0.0222048 0.00589692 0.00313976 0.00466017 0.00756393 0.0108349 0.013511 0.0146672 0.0138784 0.0114751 0.00833372 0.00537284 0.00314177 0.00173384 0.000958373
 1.00527e-16 6.91359e-05 0.000672026 0.00446585 0.0203011 0.0631643 0.134579 0.196425 0.196439 0.134647 0.0633934 0.0209627 0.00612613 0.00429471 0.00694411 0.0113567 0.0163198 0.0204505 0.0223866 0.0214946 0.0182413 0.0138788 0.00970496 0.00647466 0.00429816 0.00291117
 1.01287e-16 6.3738e-05 0.000619556 0.00411717 0.0187161 0.0582327 0.124072 0.18109 0.181109 0.124162 0.0585361 0.0195924 0.00631708 0.00542259 0.00918725 0.0150915 0.0217419 0.0273553 0.0301529 0.0293036 0.0254034 0.0200528 0.0148886 0.01083 0.00797354 0.00596915
 1.02065e-16 6.31691e-05 0.000614026 0.00408042 0.018549 0.057713 0.122964 0.179474 0.179491 0.123051 0.0580037 0.019389 0.00619001 0.0052232 0.00882826 0.0145246 0.0209856 0.0265313 0.029486 0.0290643 0.0258151 0.0212091 0.016721 0.0131358 0.0104814 0.00841211
 1.01536e-16 6.98118e-05 0.000678596 0.00450951 0.0204996 0.0637818 0.135894 0.198344 0.198356 0.135951 0.0639716 0.021048 0.00588679 0.00368749 0.00579093 0.0094805 0.0136908 0.0173012 0.0192163 0.0189276 0.0168013 0.0138079 0.0109187 0.00864708 0.00700154 0.00573767
 1.00168e-16 8.0373e-05 0.000781254 0.00519171 0.0236007 0.0734307 0.156452 0.228347 0.228349 0.156462 0.0734636 0.0236957 0.00542997 0.00130132 0.00106787 0.00163763 0.0023499 0.0029519 0.00324611 0.00314292 0.00270924 0.00212216 0.00156288 0.00113321 0.000842706 0.000649318
 1.00856e-16 2.35588e-05 0.000229 0.00152179 0.00691786 0.0215244 0.0458625 0.0669517 0.0670188 0.0461902 0.0226244 0.0100934 0.00948591 0.0175921 0.0329327 0.0542324 0.0777107 0.0968577 0.105055 0.0992516 0.081832 0.0591131 0.0377247 0.021641 0.0115469 0.0060666
 1.01037e-16 7.84564e-05 0.000762624 0.0050679 0.023038 0.0716796 0.152721 0.222901 0.222903 0.152728 0.0717026 0.0231049 0.0052383 0.00114213 0.000821161 0.00129041 0.00198345 0.0027679 0.00355623 0.00429132 0.00494549 0.00548119 0.00581421 0.00582978 0.00545052 0.00470114
 1.01482e-16 5.1391e-05 0.000499539 0.00331961 0.0150905 0.0469523 0.100038 0.146016 0.14605 0.100207 0.0475182 0.0167242 0.00741697 0.00943283 0.0169843 0.0279112 0.040002 0.0498868 0.0541756 0.0513219 0.0425755 0.0311983 0.0205876 0.0127402 0.0079315 0.00536855
 1.04845e-16 5.10912e-05 0.000496625 0.00330025 0.0150025 0.0466784 0.0994541 0.145161 0.145184 0.0995682 0.0470619 0.016112 0.00609259 0.00661598 0.0117418 0.0195095 0.0285125 0.0367089 0.042011 0.0433886 0.0413758 0.0375155 0.0332462 0.0291705 0.0251503 0.0208905
 1.0345e-16 6.88053e-05 0.000668812 0.00444449 0.020204 0.0628622 0.133935 0.195484 0.195494 0.133984 0.0630271 0.0206808 0.00564356 0.00329367 0.00507551 0.00833924 0.0121424 0.0155596 0.0176974 0.0181514 0.0172267 0.0156819 0.0142076 0.0130622 0.0120868 0.0109781
 1.01985e-16 6.68504e-05 0.000649809 0.00431821 0.01963 0.0610762 0.13013 0.189932 0.189947 0.130204 0.0613265 0.0203527 0.00613217 0.00460913 0.00758476 0.0124295 0.0178905 0.0224826 0.0247419 0.0240002 0.0207822 0.0164502 0.0123875 0.00935531 0.0073919 0.00612896
 1.06286e-16 2.01364e-05 0.000195733 0.00130072 0.00591292 0.0183976 0.0392003 0.0572264 0.057286 0.0394912 0.0193745 0.00873516 0.00838695 0.0156716 0.0294309 0.0486727 0.0702262 0.0885425 0.0979529 0.0958088 0.0840155 0.0676565 0.0518823 0.0395121 0.0307367 0.0243636
 1.05557e-16 6.8521e-05 0.000666049 0.00442613 0.0201205 0.0626025 0.133381 0.194675 0.194679 0.133402 0.062672 0.0203232 0.00494243 0.00181842 0.00233134 0.00393993 0.006123 0.00865045 0.0113134 0.0139852 0.016609 0.0190571 0.0210023 0.0219673 0.0215549 0.0196891
 1.05128e-16 5.4885e-05 0.000533502 0.00354531 0.0161165 0.0501445 0.106839 0.15594 0.155967 0.10697 0.0505845 0.0173871 0.00673358 0.00748951 0.0132544 0.0217981 0.0313379 0.0393022 0.0431296 0.0416883 0.0359842 0.0285166 0.0217964 0.01716 0.0145633 0.0131625
 1.09041e-16 3.67711e-05 0.000357428 0.00237524 0.0107975 0.0335952 0.0715795 0.10448 0.104516 0.0717553 0.034186 0.0125058 0.00667072 0.00975929 0.0179652 0.0298311 0.0434098 0.0555075 0.0628588 0.0639136 0.0596681 0.0528012 0.0458729 0.0400509 0.0351268 0.0303796
 1.0504e-16 6.89104e-05 0.000669834 0.00445128 0.0202349 0.0629583 0.13414 0.195782 0.195789 0.134175 0.0630768 0.0205783 0.00531756 0.00257502 0.00372888 0.00616541 0.00913434 0.0120368 0.0143078 0.0156912 0.0163533 0.016678 0.0169174 0.0170001 0.0166293 0.0155411
 1.02884e-16 6.42315e-05 0.000624353 0.00414905 0.018861 0.0586836 0.125032 0.182492 0.18251 0.125119 0.0589758 0.0197047 0.00626634 0.00524473 0.00883442 0.0144918 0.0208446 0.0261658 0.0287486 0.0278256 0.0240361 0.0190059 0.0143799 0.0110525 0.00903886 0.00784868
 1.07436e-16 2.26954e-05 0.000220608 0.00146602 0.00666435 0.0207355 0.0441813 0.0644954 0.0645501 0.0444488 0.021634 0.0092603 0.00798601 0.0144663 0.0271141 0.0448835 0.0648723 0.0820297 0.0911924 0.08994 0.0799771 0.0658581 0.0521511 0.0412864 0.0333421 0.0272219
 1.21636e-16 2.95816e-05 0.000287544 0.00191083 0.00868637 0.0270266 0.0575837 0.0840488 0.0840666 0.057671 0.0273212 0.00954441 0.00409142 0.00513665 0.00950024 0.0163436 0.0251445 0.0349869 0.0448782 0.0542748 0.0631242 0.0712819 0.0778727 0.0813139 0.080105 0.0737691
 1.05607e-16 7.43786e-05 0.000722986 0.0048045 0.0218406 0.0679541 0.144784 0.211316 0.21132 0.1448 0.068011 0.0220053 0.00521993 0.00163603 0.0018272 0.00295449 0.00437607 0.00578722 0.00695085 0.00780742 0.00852019 0.00934812 0.0104316 0.0116567 0.0126925 0.0131585
pSPR Fmed_Fpbrs
0.482143   0.261171 0.261171
Fs Fmed_Fpbrs
0.480085   1.005 1.005
SSBpbr Bo_Bmed_Bpbrs
1.66231e+06  718357  351032 351032
Ro
109716
SPR SPRFo_SPRFmed_SPRFpbrs
783111 377571 204525
Fref
1.005
Nvult_r0
 153309 7183.2 3527.87 7114.75 1971.39
CTP_r0
 29555.2 1993.49 1002.24 2023.78 560.794
YTP_r0
391209
Np
 177031 35609.2 8712.09 323.963 177.194
Nvult_p0
 141421 30648.4 7536.75 280.334 153.333
CTP_p0
 53237.9 26516.4 1040.32 502.934 1263.93
 53237.9 15099 3774.3 140.51 76.8573
YTP_p0
 895856 729379
CBA_c0
845913
log_Ro
11.4256
likeval ReclasPelacesDesembMPH_pf_preclas_ppelaces_ptallas_desvR_qrecl_qpela
 17.9032 31.1248 0.0585017 0.00213973 250.367 117.719 102.503 0 47.7019 0 0 0.141562 0 0 0
q_reclas_q_pelaces
1 1
M
1
N
 88402.7 45129 75665.3 9122.08 0.179946
 119097 28106 13129 21842.5 2632.23
 69936.5 32877.7 6515.19 2997.27 5582.73
 40867 19220.6 7566.79 1476.38 1942.59
 22772.3 6718.62 1935.76 730.104 329.097
 271370 4059.67 770.804 213.685 116.674
 35679.6 70206.9 847.791 157.982 67.6392
 10765 5994.54 7321.98 84.8061 22.5173
 24690.5 3152.58 1528.07 1843.93 27.0097
 65890.3 3167.2 213.022 97.6235 119.164
 87824 10120.8 285.95 18.3593 18.6352
 131119 28402.3 3026.25 84.9184 10.9821
 100746 30827.3 5085.38 529.09 16.7447
 68829.1 24418.8 5796.72 935.251 100.263
 59366.6 11607.8 2562.23 583.515 104.001
 448450 11495 1521 324.462 86.8991
 41900.7 114407 2347.1 304.574 82.2851
 759119 12323.2 29364.1 595.281 98.0526
 343000 226231 3230.87 7612.81 179.64
 214986 96196.9 53792.9 757.219 1824.88
 428551 59566.3 22430.8 12355.4 592.566
 564632 126033 15287.3 5688.57 3281.54
 57986.4 159021 30171 3607.98 2115.37
 333320 18110.6 44958 8455.87 1603.28
 233445 105277 5213.21 12836.7 2870.88
 83072.8 73966.8 30459.7 1496.4 4506.75
 278814 26734.5 21943.4 8972.27 1767.59
 344889 86990.2 7545.65 6139.36 3003.36
 51778.3 112283 26291.4 2265.77 2744.34
 31369.8 17176.8 34976.9 8145.06 1551.65
 215845 9584.54 4687.44 9451.16 2618.74
pred_Ctot
 7678.08 6082.75 10503.4 1268.26 0.0250203
 19234.3 6821.26 3272.65 5452.41 657.117
 11450.1 8081.15 1644.62 757.672 1411.35
 15234.2 9754.88 3912.95 764.229 1005.6
 7861.21 3200.82 940.646 355.153 160.095
 52378.1 1161.16 226.173 62.7859 34.2842
 13042.9 35066.7 431.579 80.5037 34.4692
 1413.78 1198.75 1505.52 17.4634 4.63716
 11042.4 1848.64 910.402 1099.52 16.1063
 26000.3 1683.12 115.249 52.8665 64.5347
 6783.25 1218.02 35.4542 2.27996 2.31442
 31015.6 9761.36 1065.24 29.9293 3.87086
 22471.3 10052.1 1699.23 177.02 5.60275
 25073.5 12161.8 2942.62 475.247 50.9512
 18714 5123.61 1154.87 263.3 46.9313
 89507.7 3389.91 460.04 98.2689 26.3207
 5409.27 22511 474.89 61.7166 16.6749
 92703.5 2300.6 5638.51 114.478 18.858
 52673.7 52390.7 768.688 1813.85 42.8049
 34327.7 23101.2 13268.7 187.045 450.808
 55335.3 11722.5 4539.25 2504.06 120.104
 85509.9 28809.9 3590.47 1337.98 771.896
 5609.64 23774.2 4643.78 556.187 326.122
 30177.1 2540.57 6494.33 1223.39 231.981
 20720.9 14489.8 738.913 1822.32 407.587
 6646.93 9211.01 3907.43 192.266 579.101
 27132.4 4019.58 3396.55 1390.94 274.046
 25329.7 9970.75 891.153 726.229 355.299
 3242.86 11024.5 2660.9 229.686 278.224
 3411.81 2872.33 6018.89 1403.76 267.441
 29555.2 1993.49 1002.24 2023.78 560.794
F
 0.145919 0.234699 0.242463 0.242886 0.242909
 0.287144 0.461846 0.477125 0.477957 0.478001
 0.291606 0.469024 0.48454 0.485385 0.48543
 0.805439 1.29548 1.33834 1.34067 1.34079
 0.724442 1.1652 1.20375 1.20585 1.20596
 0.352038 0.566224 0.584955 0.585975 0.586029
 0.783731 1.26057 1.30227 1.30454 1.30466
 0.228079 0.366846 0.378981 0.379642 0.379677
 1.05357 1.69458 1.75064 1.75369 1.75385
 0.873398 1.40479 1.45126 1.45379 1.45392
 0.128865 0.207268 0.214125 0.214499 0.214518
 0.447708 0.720101 0.743923 0.74522 0.745289
 0.417248 0.671108 0.693309 0.694519 0.694582
 0.779946 1.25448 1.29598 1.29824 1.29836
 0.64182 1.03231 1.06646 1.06832 1.06842
 0.366033 0.588733 0.608209 0.609269 0.609325
 0.223817 0.359992 0.371901 0.372549 0.372583
 0.210601 0.338735 0.34994 0.350551 0.350583
 0.271333 0.436417 0.450854 0.45164 0.451682
 0.283484 0.45596 0.471044 0.471866 0.471909
 0.223864 0.360066 0.371978 0.372627 0.372661
 0.267135 0.429663 0.443877 0.444651 0.444692
 0.163708 0.263311 0.272022 0.272496 0.272521
 0.152512 0.245303 0.253418 0.25386 0.253884
 0.149331 0.240187 0.248132 0.248565 0.248588
 0.133764 0.215148 0.222266 0.222653 0.222674
 0.164747 0.264982 0.273748 0.274226 0.274251
 0.122203 0.196553 0.203055 0.203409 0.203428
 0.103412 0.166329 0.171832 0.172132 0.172147
 0.185693 0.298671 0.308552 0.30909 0.309118
 0.238821 0.384124 0.396831 0.397523 0.39756
YTP_r0W_actual
 245308 28108.2 27661.9 69213.3 20917.6
YTP_p0W_proyectada
 398752 415512 24062.7 14771.2 42758.6
 398752 236601 87299.7 4126.77 2600.08
CTP_r0_actual
 29555.2 1993.49 1002.24 2023.78 560.794
CTP_p0_proyectada
 53237.9 26516.4 1040.32 502.934 1263.93
 53237.9 15099 3774.3 140.51 76.8573
Wmedp
 7.49 15.67 23.13 29.37 33.83
Frms_r0
 0.238821 0.384124 0.396831 0.397523 0.39756
Zrms_r0
 1.23882 1.38412 1.39683 1.39752 1.39756
nmprior
 8.19 8.8 8.5 0
nm_flota  nm_reclas  nm_pelaces    nm_pelaL
inf 14.3436 9.23101 17.9814
cv_recla  cv_pelaces  cv_mph
0.382728 0.632594 1.42753
 ------------------------------------------------
Talla a la edad & desviaci?n 
 8 13.2811 15.8009 17.003 17.5766
 0.8 1.32811 1.58009 1.7003 1.75766
