years
 1991 1992 1993 1994 1995 1996 1997 1998 1999 2000 2001 2002 2003 2004 2005 2006 2007 2008 2009 2010 2011 2012 2013 2014 2015 2016 2017 2018 2019 2020 2021
reclasobs
 0 0 0 0 0 0 0 0 0 252601 567819 844713 477998 351125 339783 2.1784e+06 2.13404e+06 4.81314e+06 1.55562e+06 2.62356e+06 3.21686e+06 3.843e+06 1.13348e+06 3.07943e+06 1.97215e+06 2.03268e+06 2.025e+06 2.42433e+06 2.27542e+06 1.05018e+06 2.36338e+06
reclaspred
 2.16658e+06 926406 456971 514974 234663 547434 325872 71786.8 169496 69313 148544 357877 470705 137829 148594 802160 1.35704e+06 914377 1.54819e+06 1.36315e+06 1.90601e+06 1.52322e+06 1.07331e+06 1.69417e+06 1.56013e+06 899744 1.02821e+06 2.13999e+06 2.78603e+06 1.1669e+06 534954
pelacesobs
 0 0 0 0 0 0 0 0 0 0 0 0 0 0 0 552880 188675 0 991730 2.46772e+06 1.41603e+06 1.21717e+06 2.29649e+06 1.80582e+06 0 1.4828e+06 1.56532e+06 1.57751e+06 1.42118e+06 867257 1.10002e+06
pelacespred
 901677 435967 209887 167700 102350 244249 104581 28750.2 68691.8 17328.7 64802.6 134549 200065 40016 61772.8 318301 545467 342043 751521 631820 777801 694542 469731 856392 782515 439011 563557 1.15963e+06 1.25707e+06 671305 265423
mphobs
 0 0 0 0 0 0 0 0 0 0 0 498337 0 5186 125008 0 168611 109162 213762 579715 649985 157893 87575 83554 0 0 0 0 0 0 0
mphpred
 2.03455e+06 1.19471e+06 363397 469243 259991 120006 504967 100300 24729.4 130938 13498.7 189636 307987 269120 29754.4 118592 1.03881e+06 1.00514e+06 351558 1.6132e+06 977890 1.37664e+06 1.14831e+06 617449 1.63253e+06 987148 482535 886477 2.62785e+06 1.52096e+06 553589
desembarqueobs
 494567 514787 250237 358949 120608 361735 552515 73892 212993 205616 52469 317467 293654 387597 252695 516296 358380 742168 942051 627588 828172 859565 418607 520667 417249 300574 415391 372974 316634 284311 391294
desembarquepred
 494514 513706 249610 357810 120475 360828 550318 73322.4 213090 205250 52188.2 315561 294957 387964 252684 516986 358152 742614 939600 625725 829444 860691 419715 521545 416862 300446 415181 372384 316551 285129 391175
Reclutas
 262.627 465.211 273228 18661 11797.9 273285 890.193 273.164 63872.8 1254.06 89142.8 159656 138486 6811.9 71094.3 544303 118175 37612.8 984444 20083 438886 448259 9230.24 428475 138892 25241.6 289246 597098 10000.7 4117.79 82749.2
log_desv_Rt
 -4.93629 -4.36454 2.01103 -0.672838 -1.13135 2.01124 -3.71559 -4.89696 0.557618 -3.37289 0.890965 1.47375 1.3315 -1.6806 0.664732 2.70023 1.1729 0.0280698 3.2928 -0.599403 2.48497 2.5061 -1.37679 2.46096 1.33442 -0.370781 2.068 2.79281 -1.29662 -2.18396 0.816539
SSB
 2.03455e+06 1.19471e+06 363397 469243 259991 120006 504967 100300 24729.4 130938 13498.7 189636 307987 269120 29754.4 118592 1.03881e+06 1.00514e+06 351558 1.6132e+06 977890 1.37664e+06 1.14831e+06 617449 1.63253e+06 987148 482535 886477 2.62785e+06 1.52096e+06 553589
BT
 2.47167e+06 1.52144e+06 899490 666421 358458 1.35774e+06 738261 138148 494651 219430 328704 747659 936296 478164 520596 1.78607e+06 1.75293e+06 1.47815e+06 4.094e+06 2.07978e+06 3.37494e+06 2.87602e+06 1.47509e+06 3.84405e+06 2.38317e+06 1.36907e+06 2.59739e+06 4.77019e+06 3.16757e+06 1.87184e+06 1.22699e+06
Ftot
 0.214794 0.505426 0.504833 0.624957 0.47062 0.610801 1.35416 0.885006 1.12919 2.06413 0.331844 0.795003 0.574122 2.00476 1.48248 0.598856 0.248081 0.72178 0.564523 0.422675 0.405017 0.518958 0.362481 0.290264 0.250916 0.311457 0.378267 0.165384 0.108013 0.229626 0.661918
BD_Bspro_t
 0.966217 0.744076 0.44927 0.526436 0.360183 0.26693 0.494168 0.149577 0.0631328 0.264258 0.0539731 0.537283 0.491299 0.372148 0.070186 0.236006 0.613314 0.561217 0.32161 0.615452 0.44051 0.520136 0.509858 0.414697 0.668454 0.608427 0.505595 0.66841 0.836618 0.749769 0.562543
BD_Bspro
 7.79416 4.57681 1.39214 1.79763 0.996002 0.459732 1.93448 0.384239 0.0947362 0.501609 0.0517122 0.726478 1.17987 1.03097 0.113986 0.454316 3.97957 3.8506 1.34679 6.18 3.7462 5.27379 4.39907 2.36539 6.25407 3.78167 1.84855 3.39601 10.067 5.82666 2.12075
BD_Bo
 1.20403 0.707017 0.215055 0.277694 0.153861 0.0710186 0.298835 0.0593566 0.0146347 0.0774877 0.00798841 0.112225 0.182264 0.159263 0.0176084 0.0701819 0.614757 0.594834 0.208049 0.954675 0.578706 0.814686 0.67956 0.365401 0.966116 0.584186 0.28556 0.524609 1.55514 0.900091 0.327609
BD_Brms
 5.11576 3.00402 0.913742 1.17989 0.653733 0.301748 1.26971 0.252198 0.0621808 0.329235 0.0339417 0.476829 0.774415 0.676686 0.0748156 0.298193 2.61202 2.52737 0.883974 4.05629 2.45885 3.46149 2.88736 1.55254 4.1049 2.48213 1.21331 2.229 6.60757 3.82437 1.39197
Sel_flota
 0.5 1 1 1 1
 0.5 1 1 1 1
 0.5 1 1 1 1
 0.5 1 1 1 1
 0.5 1 1 1 1
 0.5 1 1 1 1
 0.5 1 1 1 1
 0.5 1 1 1 1
 0.5 1 1 1 1
 0.5 1 1 1 1
 0.5 1 1 1 1
 0.5 1 1 1 1
 0.5 1 1 1 1
 0.5 1 1 1 1
 0.5 1 1 1 1
 0.5 1 1 1 1
 0.5 1 1 1 1
 0.5 1 1 1 1
 0.5 1 1 1 1
 0.5 1 1 1 1
 0.5 1 1 1 1
 0.5 1 1 1 1
 0.5 1 1 1 1
 0.5 1 1 1 1
 0.5 1 1 1 1
 0.5 1 1 1 1
 0.5 1 1 1 1
 0.5 1 1 1 1
 0.5 1 1 1 1
 0.5 1 1 1 1
 0.5 1 1 1 1
Sel_reclas
 0.5 1 1 1 1
 0.5 1 1 1 1
 0.5 1 1 1 1
 0.5 1 1 1 1
 0.5 1 1 1 1
 0.5 1 1 1 1
 0.5 1 1 1 1
 0.5 1 1 1 1
 0.5 1 1 1 1
 0.5 1 1 1 1
 0.5 1 1 1 1
 0.5 1 1 1 1
 0.5 1 1 1 1
 0.5 1 1 1 1
 0.5 1 1 1 1
 0.5 1 1 1 1
 0.5 1 1 1 1
 0.5 1 1 1 1
 0.5 1 1 1 1
 0.5 1 1 1 1
 0.5 1 1 1 1
 0.5 1 1 1 1
 0.5 1 1 1 1
 0.5 1 1 1 1
 0.5 1 1 1 1
 0.5 1 1 1 1
 0.5 1 1 1 1
 0.5 1 1 1 1
 0.5 1 1 1 1
 0.5 1 1 1 1
 0.5 1 1 1 1
Sel_pelaces
 0.5 1 1 1 1
 0.5 1 1 1 1
 0.5 1 1 1 1
 0.5 1 1 1 1
 0.5 1 1 1 1
 0.5 1 1 1 1
 0.5 1 1 1 1
 0.5 1 1 1 1
 0.5 1 1 1 1
 0.5 1 1 1 1
 0.5 1 1 1 1
 0.5 1 1 1 1
 0.5 1 1 1 1
 0.5 1 1 1 1
 0.5 1 1 1 1
 0.5 1 1 1 1
 0.5 1 1 1 1
 0.5 1 1 1 1
 0.5 1 1 1 1
 0.5 1 1 1 1
 0.5 1 1 1 1
 0.5 1 1 1 1
 0.5 1 1 1 1
 0.5 1 1 1 1
 0.5 1 1 1 1
 0.5 1 1 1 1
 0.5 1 1 1 1
 0.5 1 1 1 1
 0.5 1 1 1 1
 0.5 1 1 1 1
 0.5 1 1 1 1
pf_obs 
 0.8446 0.082 0.0669 0.0065 0
 0.8095 0.147 0.0364 0.0071 0
 0.9664 0.0169 0.016 0.0007 0
 0.9276 0.0648 0.0075 0.0001 0
 0.7033 0.2144 0.0806 0.0017 0
 0.9318 0.0425 0.0243 0.0014 0
 0.5671 0.3108 0.0964 0.0239 0.0018
 0.0768 0.2599 0.5324 0.112 0.0189
 0.490249 0.384438 0.106611 0.0170017 0.00170017
 0.7925 0.1577 0.0466 0.003 0.0002
 0.840416 0.127587 0.0312969 0.00059994 9.999e-05
 0.8084 0.0986 0.0794 0.0134 0.0002
 0.7335 0.1905 0.0724 0.0035 0.0001
 0.4001 0.4547 0.1325 0.0127 0
 0.49795 0.308269 0.164784 0.0264974 0.00249975
 0.9179 0.0499 0.0305 0.0017 0
 0.2467 0.6533 0.0926 0.0074 0
 0.9418 0.0223 0.034 0.0019 0
 0.707729 0.231977 0.0356964 0.0245975 0
 0.517169 0.277429 0.184464 0.0207286 0.00020938
 0.811772 0.124168 0.05621 0.00726502 0.000585176
 0.764997 0.148141 0.077277 0.00933861 0.000247198
 0.163321 0.427699 0.378323 0.0303852 0.000271297
 0.753843 0.0900009 0.118128 0.0371064 0.000921714
 0.721811 0.176058 0.0630433 0.0369309 0.00215725
 0.143369 0.312575 0.442814 0.0836902 0.0175525
 0.692698 0.0596174 0.167031 0.0765114 0.00414204
 0.394062 0.376323 0.152708 0.0712218 0.00568511
 0.125707 0.32114 0.495352 0.0537591 0.00404204
 0.23352 0.215282 0.420074 0.123614 0.00750983
 0.796117 0.104755 0.0508955 0.0450114 0.00322123
pf_pred 
 0.000560372 0.96576 0.0011503 0.0325288 3.51006e-07
 0.00351804 0.0011897 0.961753 0.00114552 0.0323941
 0.902591 0.000796156 0.000115345 0.0932453 0.00325179
 0.114003 0.846836 0.000320078 4.63721e-05 0.0387946
 0.234487 0.182122 0.557605 0.000210757 0.0255751
 0.948837 0.021192 0.0071303 0.0218309 0.00100955
 0.0073574 0.970963 0.00897985 0.00302137 0.00967835
 0.0213704 0.0221281 0.935611 0.00865291 0.0122373
 0.970595 0.00160627 0.000628576 0.0265772 0.000593414
 0.0600033 0.93021 0.000534585 0.000209197 0.00904269
 0.983583 0.00339501 0.0128861 7.40557e-06 0.000128166
 0.767822 0.230438 0.000359927 0.00136614 1.43728e-05
 0.636722 0.324991 0.0380002 5.93535e-05 0.000227653
 0.0894053 0.734894 0.157183 0.018379 0.000138812
 0.933149 0.0188186 0.0387644 0.00829115 0.000976782
 0.959948 0.0391937 0.000241608 0.000497689 0.000118989
 0.291479 0.696442 0.0118203 7.28657e-05 0.000185982
 0.208566 0.371793 0.412487 0.00700089 0.00015331
 0.957668 0.0168321 0.0119793 0.0132905 0.000230511
 0.0377467 0.9447 0.00697954 0.0049673 0.00560657
 0.764942 0.0192476 0.211874 0.00156535 0.00237147
 0.623326 0.331606 0.00369039 0.0406232 0.000754817
 0.0300616 0.771157 0.174998 0.00194753 0.0218364
 0.838304 0.0104578 0.120243 0.0272867 0.00370851
 0.329891 0.615676 0.00352049 0.0404784 0.0104341
 0.133015 0.44635 0.386467 0.00220986 0.0319584
 0.83173 0.0424052 0.0647989 0.0561054 0.00496038
 0.762811 0.217558 0.00494718 0.00755973 0.00712421
 0.0215475 0.852277 0.115733 0.00263172 0.00781132
 0.026204 0.0423492 0.811333 0.110173 0.00994135
 0.654313 0.0188354 0.0142144 0.272321 0.040316
pobs_RECLAS
 0 0 0 0 0
 0 0 0 0 0
 0 0 0 0 0
 0 0 0 0 0
 0 0 0 0 0
 0 0 0 0 0
 0 0 0 0 0
 0 0 0 0 0
 0 0 0 0 0
 0 0 0 0 0
 0.991045 0.00858322 0.000360255 1.14367e-05 0
 0.934742 0.0480273 0.0164251 0.00080598 0
 0.827803 0.169806 0.00239088 0 0
 0.941827 0.0461693 0.0120037 0 0
 0.791401 0.0380133 0.147996 0.0225897 0
 0.846168 0.0940531 0.0597789 0 0
 0.134021 0.677848 0.182769 0.00536245 0
 0.80878 0.0450904 0.141981 0.00414843 0
 0.846168 0.0940531 0.0597789 0 0
 0.905697 0.0802665 0.012482 0.00150086 5.37128e-05
 0.989698 0.0102097 9.19794e-05 0 0
 0.975433 0.0193895 0.00387452 0.00125025 5.28907e-05
 0.303575 0.632131 0.0575291 0.00676475 0
 0.966965 0.00978017 0.0227588 0.000495775 0
 0.843318 0.132988 0.00938335 0.0141283 0.000182051
 0.564624 0.303363 0.111486 0.0197234 0.00080311
 0.826376 0.0876187 0.0782897 0.00655872 0.00115652
 0.89761 0.0855135 0.0140674 0.00269457 0.000114338
 0.34875 0.467042 0.161289 0.0227151 0.000203297
 0.318654 0.224769 0.449479 0.00709798 0
 0.937255 0.0296025 0.0250945 0.00804832 0
ppred_RECLAS
 0.000566094 0.965755 0.00115029 0.0325286 3.51004e-07
 0.00361814 0.00118958 0.961656 0.00114541 0.0323909
 0.905035 0.000776181 0.000112451 0.0909059 0.00317021
 0.117786 0.84322 0.000318711 4.61741e-05 0.038629
 0.23914 0.181015 0.554216 0.000209476 0.0254197
 0.95055 0.0204827 0.00689165 0.0211002 0.000975759
 0.0081778 0.970161 0.00897243 0.00301888 0.00967036
 0.0226322 0.0220995 0.934405 0.00864175 0.0122216
 0.972853 0.0014829 0.000580299 0.024536 0.000547838
 0.0721924 0.918148 0.000527653 0.000206484 0.00892544
 0.983853 0.00333926 0.0126745 7.28395e-06 0.000126061
 0.776742 0.221584 0.000346098 0.00131365 1.38206e-05
 0.644343 0.318173 0.0372031 5.81084e-05 0.000222877
 0.106085 0.721432 0.154304 0.0180423 0.000136269
 0.940339 0.0167945 0.0345951 0.00739939 0.000871724
 0.96127 0.0378999 0.000233633 0.000481261 0.000115062
 0.29396 0.694003 0.0117789 7.26106e-05 0.000185331
 0.216023 0.36829 0.4086 0.00693493 0.000151865
 0.958962 0.0163176 0.0116132 0.0128843 0.000223465
 0.0385743 0.943887 0.00697354 0.00496303 0.00560175
 0.768768 0.0189343 0.208425 0.00153987 0.00233287
 0.630135 0.325611 0.00362368 0.0398888 0.000741171
 0.0306119 0.770719 0.174899 0.00194642 0.021824
 0.840243 0.0103324 0.118801 0.0269594 0.00366404
 0.33258 0.613206 0.00350637 0.0403159 0.0103923
 0.134826 0.445417 0.38566 0.00220524 0.0318916
 0.834469 0.0417151 0.0637443 0.0551924 0.00487965
 0.764181 0.216301 0.0049186 0.00751606 0.00708306
 0.0216483 0.852189 0.115721 0.00263145 0.00781052
 0.0264853 0.042337 0.811098 0.110141 0.00993848
 0.663258 0.018348 0.0138466 0.265275 0.0392728
pobs_PELACES
 0 0 0 0 0
 0 0 0 0 0
 0 0 0 0 0
 0 0 0 0 0
 0 0 0 0 0
 0 0 0 0 0
 0 0 0 0 0
 0 0 0 0 0
 0 0 0 0 0
 0 0 0 0 0
 0 0 0 0 0
 0 0 0 0 0
 0 0 0 0 0
 0 0 0 0 0
 0 0 0 0 0
 0 0 0 0 0
 0.505614 0.472636 0.0217494 0 0
 0 0 0 0 0
 0.443492 0.261883 0.143347 0.151278 0
 0.227955 0.32914 0.350689 0.0885471 0.00366901
 0.970185 0.0296113 0.000203453 0 0
 0.997202 0.00247181 0.000326279 0 0
 0.445219 0.490057 0.0546422 0.010081 0
 0.90214 0.0892962 0.00764917 0.000914606 0
 0 0 0 0 0
 0.581667 0.319106 0.0959925 0.00289975 0.000334073
 0.762889 0.0836404 0.116647 0.0363945 0.000428098
 0.88444 0.0763242 0.0277011 0.0115352 0
 0.521256 0.241999 0.230069 0.00667565 0
 0.616807 0.101726 0.260614 0.0208532 0
 0.833518 0.0704572 0.0857862 0.0102388 0
ppred_PELACES
 0.000586505 0.965735 0.00115027 0.0325279 3.50997e-07
 0.00393157 0.0011892 0.961353 0.00114505 0.0323807
 0.911957 0.000719608 0.000104255 0.0842801 0.00293914
 0.12893 0.832568 0.000314685 4.55908e-05 0.038141
 0.253554 0.177586 0.543717 0.000205508 0.0249381
 0.955077 0.0186073 0.00626063 0.0191682 0.000886416
 0.0102043 0.968178 0.0089541 0.00301271 0.0096506
 0.0260977 0.0220212 0.931092 0.00861111 0.0121782
 0.977363 0.00123653 0.000483888 0.0204596 0.00045682
 0.0985973 0.892018 0.000512636 0.000200608 0.00867142
 0.9847 0.00316406 0.0120095 6.90178e-06 0.000119447
 0.798663 0.199828 0.000312116 0.00118467 1.24636e-05
 0.665743 0.299028 0.0349645 5.4612e-05 0.000209466
 0.14178 0.692625 0.148142 0.0173219 0.000130828
 0.952672 0.0133228 0.0274436 0.00586979 0.000691522
 0.964786 0.0344597 0.000212425 0.000437575 0.000104617
 0.302526 0.685583 0.011636 7.17296e-05 0.000183082
 0.236873 0.358495 0.397734 0.0067505 0.000147826
 0.962475 0.0149208 0.010619 0.0117813 0.000204336
 0.0412456 0.941265 0.00695416 0.00494924 0.00558619
 0.780433 0.0179791 0.19791 0.00146218 0.00221518
 0.64986 0.308246 0.00343043 0.0377615 0.000701644
 0.0324375 0.769268 0.174569 0.00194276 0.0217829
 0.846568 0.00992334 0.114098 0.0258921 0.00351899
 0.341832 0.604705 0.00345776 0.039757 0.0102482
 0.140934 0.442273 0.382937 0.00218967 0.0316665
 0.842911 0.0395875 0.0604933 0.0523775 0.00463078
 0.769063 0.211823 0.00481677 0.00736046 0.00693642
 0.0220291 0.851857 0.115676 0.00263042 0.00780748
 0.0274799 0.0422937 0.81027 0.110029 0.00992832
 0.6872 0.0170434 0.0128621 0.246414 0.0364805
pobs_pel_tallas
 0 0 0 0 0 0 0 0 0 0 0 0 0 0 0 0 0 0 0 0 0 0 0 0 0 0
 0 0 0 0 0 0 0 0 0 0 0 0 0 0 0 0 0 0 0 0 0 0 0 0 0 0
 0 0 0 0 0 0 0 0 0 0 0 0 0 0 0 0 0 0 0 0 0 0 0 0 0 0
 0 0 0 0 0 0 0 0 0 0 0 0 0 0 0 0 0 0 0 0 0 0 0 0 0 0
 0 0 0 0 0 0 0 0 0 0 0 0 0 0 0 0 0 0 0 0 0 0 0 0 0 0
 0 0 0 0 0 0 0 0 0 0 0 0 0 0 0 0 0 0 0 0 0 0 0 0 0 0
 0 0 0 0 0 0 0 0 0 0 0 0 0 0 0 0 0 0 0 0 0 0 0 0 0 0
 0 0 0 0 0 0 0 0 0 0 0 0 0 0 0 0 0 0 0 0 0 0 0 0 0 0
 0 0 0 0 0 0 0 0 0 0 0 0 0 0 0 0 0 0 0 0 0 0 0 0 0 0
 0 0 0 0 0 0 0 0 0 0 0 0 0 0 0 0 0 0 0 0 0 0 0 0 0 0
 0 0 0 0 0 0 0 0 0 0 0 0 0 0 0 0 0 0 0 0 0 0 0 0 0 0
 0 0 0 0 0 0 0 0 0 0 0 0 0 0 0 0 0 0 0 0 0 0 0 0 0 0
 0.00862536 0 0 0.000197151 0.00414017 0.0128641 0.00837892 0.0270097 0.101434 0.158115 0.152841 0.127902 0.109271 0.109419 0.0830992 0.0579132 0.0238553 0.00714673 0.00463305 0.00128148 0.00103504 0.000492878 0.000147863 0.000147863 4.92878e-05 0
 0 0 0 0 0 0 0 0 0 0 0 0 0 0 0 0 0 0 0 0 0 0 0 0 0 0
 0 0 0 0 0 0 0 0.0054083 0.00873648 0.0413646 0.0450493 0.0745869 0.0622846 0.0627006 0.0613931 0.0827291 0.12552 0.122667 0.0946155 0.0697135 0.0546179 0.0294188 0.0215738 0.0213955 0.0102223 0.00600262
 0 0 0 0 0.00359764 0.0251062 0.0480494 0.140153 0.205849 0.193036 0.1447 0.116669 0.0760912 0.0342217 0.00950174 0.001854 0.000860785 0 0 0 0.000165536 0 0.000143464 0 0 0
 0 0 0 0 0 0 0 0.000145254 0.000435761 0.0275982 0.070085 0.0708112 0.156366 0.174668 0.174014 0.160142 0.0824315 0.0480064 0.0283245 0.00493863 0.00203355 0 0 0 0 0
 0 0 0 0 0 0 0 0 0 0 0 0 0 0 0 0 0 0 0 0 0 0 0 0 0 0
 0 0 1.00437e-05 0.000401748 0.00122533 0.00171747 0.00176769 0.0269171 0.070346 0.194647 0.189555 0.159765 0.064822 0.0314167 0.0384472 0.0292271 0.0345202 0.0313363 0.0194345 0.0106764 0.0143323 0.0359363 0.0279516 0.0138201 0.00172751 0
 0 0.0021121 0.0136068 0.0755702 0.200478 0.177729 0.0527432 0.0373336 0.0318909 0.0142505 0.0149659 0.0166563 0.0217959 0.0798694 0.0677717 0.0528807 0.04013 0.0224614 0.0357745 0.0225083 0.00881397 0.00855152 0.00135912 0.000746735 0 0
 0 0 0 0 5.4009e-05 0.00500934 0.000945158 0.0243581 0.138947 0.33067 0.221406 0.137944 0.0707744 0.0437923 0.0131692 0.00525238 0.0047753 0.00276346 9.45158e-05 9.00151e-06 2.25038e-05 9.00151e-06 4.50075e-06 0 0 0
 0.000866109 0.00284123 0.00948549 0.0512746 0.133035 0.25785 0.225252 0.132002 0.0553304 0.0519788 0.0540692 0.017754 0.00435017 0.00159236 0.00146478 0.000404838 0.000125132 0.000115318 0.000107957 0.000100596 0 0 0 0 0 0
 0 0 0 0 0.00144013 0.00171154 0.00461396 0.0210425 0.0478622 0.0707936 0.0888783 0.103762 0.0637923 0.0337046 0.0602308 0.124433 0.169614 0.0934646 0.0462172 0.0250306 0.0313229 0.00938855 0.002487 0.000210481 0 0
 0 0.00764035 0.051015 0.0998891 0.058973 0.0496711 0.0374665 0.0718981 0.12319 0.153886 0.159021 0.0857701 0.0377988 0.023471 0.0147837 0.00900784 0.00315554 0.000888139 0.00291439 0.00214683 0.00393193 0.00274676 0.000635225 9.99891e-05 0 0
 0 0 0 0 0 0 0 0 0 0 0 0 0 0 0 0 0 0 0 0 0 0 0 0 0 0
 0 0 0 0 0 0 0 0 0 0 0 0 0 0 0 0 0 0 0 0 0 0 0 0 0 0
 0 0 0 0 0 0 0 0 0 0 0 0 0 0 0 0 0 0 0 0 0 0 0 0 0 0
 0 0 0 0 0 0 0 0 0 0 0 0 0 0 0 0 0 0 0 0 0 0 0 0 0 0
 0 0 0 0 0 0 0 0 0 0 0 0 0 0 0 0 0 0 0 0 0 0 0 0 0 0
 0 0 0 0 0 0 0 0 0 0 0 0 0 0 0 0 0 0 0 0 0 0 0 0 0 0
 0 0 0 0 0 0 0 0 0 0 0 0 0 0 0 0 0 0 0 0 0 0 0 0 0 0
ppred_pel_tallas
 1.03543e-16 4.85104e-08 4.71632e-07 3.13868e-06 1.4325e-05 4.50688e-05 9.94562e-05 0.000164629 0.000257501 0.000553146 0.00156782 0.00440986 0.0110264 0.024031 0.0455407 0.0750334 0.107496 0.133947 0.145252 0.137247 0.113324 0.0823238 0.0534709 0.0322127 0.0193246 0.0126539
 1.33338e-16 3.23843e-07 3.14787e-06 2.09187e-05 9.50943e-05 0.000295881 0.000630459 0.000920486 0.000922089 0.000638998 0.00032885 0.000209261 0.000378823 0.00101999 0.00261986 0.00612052 0.012971 0.0249317 0.0434591 0.0686946 0.0984649 0.128004 0.150975 0.161659 0.157308 0.139328
 1.08953e-16 7.51167e-05 0.000730161 0.00485218 0.0220573 0.0686284 0.14622 0.213412 0.213413 0.146221 0.0686302 0.022063 0.00486842 0.000772612 0.000177874 0.000238312 0.000498741 0.00100694 0.00191351 0.00340005 0.00561429 0.00857343 0.0120683 0.0156288 0.0186009 0.0203358
 1.06682e-16 1.062e-05 0.00010323 0.000686005 0.00311853 0.00970334 0.0206769 0.0301954 0.0302754 0.0210681 0.011016 0.00690771 0.0101885 0.020818 0.0392661 0.0646756 0.0926505 0.115441 0.125182 0.118312 0.0978064 0.0713573 0.0469921 0.0294482 0.0193602 0.0147404
 1.19977e-16 2.08849e-05 0.000203009 0.00134907 0.00613268 0.0190811 0.040655 0.0593409 0.0593588 0.0407429 0.0193787 0.00700237 0.00357054 0.00517936 0.00984261 0.0172026 0.0270157 0.0386138 0.0511448 0.0639275 0.0763606 0.0873811 0.0951116 0.0973323 0.092637 0.081415
 1.02258e-16 7.86685e-05 0.000764686 0.0050816 0.0231002 0.0718734 0.153134 0.223504 0.223506 0.153143 0.0719031 0.0231862 0.00529799 0.00123948 0.00098785 0.00152921 0.00224659 0.00294074 0.00347605 0.00381378 0.00403721 0.00428818 0.00465585 0.00510374 0.00548488 0.0056242
 1.02442e-16 8.40719e-07 8.17218e-06 5.43116e-05 0.00024695 0.000768852 0.00164156 0.00241543 0.00250854 0.00209642 0.00229552 0.00465381 0.011106 0.0241007 0.0456585 0.0752237 0.107759 0.134244 0.145495 0.137295 0.113005 0.081462 0.0519387 0.029984 0.0165155 0.00952188
 1.298e-16 2.14964e-06 2.08952e-05 0.000138856 0.000631223 0.00196399 0.00418461 0.00610828 0.00611184 0.00420267 0.00202879 0.000836661 0.000723286 0.00152368 0.00351933 0.00753833 0.0148572 0.0269741 0.0450825 0.0692002 0.097259 0.1248 0.145867 0.155061 0.149812 0.131553
 1.02144e-16 8.05041e-05 0.000782529 0.00520018 0.0236393 0.0735505 0.156707 0.228719 0.228719 0.156708 0.0735526 0.0236455 0.00521639 0.000819669 0.00015658 0.000147169 0.000244543 0.00040117 0.000639971 0.000999637 0.00151799 0.00220613 0.00302053 0.00385134 0.00454142 0.0049342
 1.01731e-16 8.12152e-06 7.89441e-05 0.000524616 0.00238488 0.0074207 0.0158138 0.0230986 0.0231844 0.0162328 0.00882701 0.00644413 0.010704 0.0222676 0.0420515 0.0692531 0.0991669 0.123458 0.133648 0.125847 0.103163 0.0737767 0.0462892 0.025873 0.0134148 0.00706848
 1.00369e-16 8.11084e-05 0.000788403 0.00523921 0.0238167 0.0741026 0.157883 0.230436 0.230436 0.157885 0.074108 0.0238325 0.0052796 0.000879383 0.000262098 0.000326213 0.000511344 0.000744921 0.00100975 0.00129288 0.00157734 0.00183189 0.00200779 0.00205287 0.00193805 0.00167723
 1.00182e-16 6.57848e-05 0.000639452 0.00424938 0.0193171 0.0601028 0.128056 0.186905 0.186925 0.12815 0.0604178 0.0202265 0.00652981 0.00561031 0.00948475 0.0155195 0.0222174 0.02766 0.0299431 0.0281935 0.0231035 0.0165019 0.0103109 0.005688 0.00283502 0.00134751
 1.01127e-16 5.48365e-05 0.00053303 0.00354217 0.0161022 0.0501001 0.106745 0.155803 0.155832 0.106885 0.0505727 0.0174669 0.00696681 0.00800632 0.0142398 0.0234322 0.0336956 0.0422545 0.0463096 0.0445535 0.0379392 0.0290296 0.0204782 0.013824 0.00929022 0.00634358
 1.06212e-16 1.16784e-05 0.000113518 0.000754372 0.0034293 0.0106702 0.0227365 0.0331985 0.0332654 0.023063 0.011767 0.00659819 0.0087122 0.0174969 0.0330589 0.0547195 0.0790185 0.0997628 0.110606 0.10856 0.0957015 0.0776304 0.0600052 0.0459046 0.0355412 0.0276752
 1.01502e-16 7.84704e-05 0.00076276 0.00506881 0.0230421 0.0716924 0.152748 0.222941 0.222942 0.152755 0.0717144 0.023106 0.00523119 0.00112393 0.00078404 0.00122336 0.00187486 0.00260931 0.00334749 0.00404677 0.00470007 0.00529301 0.00575795 0.00597769 0.00584538 0.00533383
 1.00077e-16 7.94681e-05 0.000772459 0.00513326 0.0233351 0.072604 0.154691 0.225776 0.22578 0.154707 0.0726584 0.0234919 0.00552659 0.00162991 0.00170439 0.00268267 0.00383509 0.00477711 0.00517705 0.00488485 0.00402019 0.00289781 0.00184757 0.00106651 0.000586637 0.000335834
 1.0055e-16 2.49188e-05 0.00024222 0.00160964 0.00731723 0.022767 0.0485099 0.0708154 0.0708814 0.048832 0.0238482 0.0104382 0.00943688 0.0173062 0.032365 0.0532889 0.0763451 0.0951263 0.10312 0.0973224 0.0800794 0.057611 0.0364532 0.0205365 0.010555 0.00516799
 1.12272e-16 1.9511e-05 0.000189653 0.00126032 0.00572923 0.017826 0.0379814 0.0554423 0.0554774 0.0381531 0.018404 0.00740549 0.00549337 0.00951427 0.0179732 0.0303172 0.0451402 0.0598031 0.0714873 0.0786656 0.0816548 0.0817378 0.0797303 0.075361 0.0679108 0.0573227
 1.01527e-16 7.92778e-05 0.000770608 0.00512096 0.0232791 0.0724301 0.15432 0.225235 0.225236 0.154327 0.072454 0.0233486 0.00529611 0.00115595 0.000820057 0.00125422 0.00185671 0.00245965 0.00295403 0.00330037 0.00354516 0.00377279 0.00402699 0.00426715 0.00439098 0.00429901
 1.01883e-16 3.39754e-06 3.30254e-05 0.00021947 0.000997733 0.0031048 0.00661846 0.00967881 0.00976933 0.00706066 0.00458898 0.00528189 0.0109633 0.023454 0.044387 0.0731211 0.104738 0.130462 0.141357 0.133323 0.109621 0.0788476 0.0500227 0.0285521 0.0153419 0.00845211
 1.06238e-16 6.42833e-05 0.000624856 0.00415239 0.0188762 0.0587307 0.125132 0.182634 0.182636 0.125142 0.0587655 0.0189803 0.0044283 0.00127488 0.00143811 0.00263778 0.00463311 0.00756638 0.0115594 0.0165559 0.0221608 0.0275472 0.0315786 0.033188 0.0318482 0.0278438
 1.04084e-16 5.35282e-05 0.000520313 0.00345766 0.0157181 0.0489049 0.104198 0.152086 0.152116 0.104343 0.0493912 0.0171222 0.00697979 0.00820148 0.0146196 0.0240292 0.0344865 0.043124 0.0470796 0.0450841 0.0382595 0.0294152 0.0214054 0.0157979 0.0126212 0.0109852
 1.09116e-16 2.67199e-06 2.59728e-05 0.000172602 0.000784669 0.0024418 0.00520525 0.00761277 0.00768701 0.00556805 0.00366026 0.00430521 0.00901415 0.0193419 0.0367302 0.060829 0.0878804 0.111032 0.123256 0.121245 0.10731 0.0876561 0.0685464 0.05337 0.0423272 0.0339952
 1.06488e-16 6.97307e-05 0.000677807 0.00450427 0.0204757 0.0637076 0.135736 0.198111 0.198112 0.135742 0.0637271 0.0205345 0.00466074 0.00104906 0.000861987 0.00154296 0.00275039 0.00457976 0.00715393 0.0105004 0.0144364 0.0184872 0.021929 0.0239993 0.0241902 0.0224621
 1.05976e-16 2.81564e-05 0.00027369 0.00181877 0.00826791 0.0257248 0.0548116 0.0800114 0.0800696 0.0550958 0.0266786 0.0110212 0.00872445 0.0153307 0.0285716 0.047055 0.0674727 0.0842194 0.091631 0.087165 0.0729963 0.0546666 0.0378841 0.0259054 0.0189963 0.01558
 1.16743e-16 1.16086e-05 0.00011284 0.000749862 0.00340879 0.0106062 0.0225993 0.0329934 0.0330365 0.0228103 0.011316 0.00546499 0.00593491 0.0115102 0.021886 0.0367588 0.0543328 0.0711925 0.0837447 0.090156 0.0911388 0.0888753 0.0850974 0.080037 0.0729335 0.0632925
 1.07793e-16 6.94295e-05 0.000674879 0.00448481 0.0203873 0.0634325 0.13515 0.197256 0.19726 0.135169 0.0634972 0.0205758 0.00496321 0.00173694 0.00213929 0.00356751 0.00546888 0.00760113 0.00977716 0.011949 0.014209 0.0166272 0.0190523 0.0210586 0.022104 0.0217899
 1.02106e-16 6.33468e-05 0.000615753 0.0040919 0.0186012 0.0578753 0.12331 0.179979 0.179999 0.12341 0.0582095 0.0195659 0.00651175 0.00589248 0.0100678 0.0165 0.0236619 0.0295486 0.0321714 0.0306335 0.0256859 0.0192574 0.0133403 0.00908024 0.00658869 0.00533855
 1.05141e-16 1.81468e-06 1.76394e-05 0.000117224 0.000532935 0.0016586 0.00353685 0.00517934 0.00526143 0.00393795 0.00300531 0.00442246 0.00987951 0.0213255 0.0404592 0.0668561 0.0962377 0.12086 0.132799 0.128354 0.110222 0.0856389 0.0620499 0.0437099 0.031147 0.0227886
 1.36108e-16 2.2635e-06 2.2002e-05 0.000146211 0.000664658 0.00206802 0.00440634 0.00643228 0.00643764 0.00443312 0.00216167 0.000951544 0.000928238 0.0019341 0.00423442 0.00856474 0.0159937 0.0277433 0.0448214 0.0673576 0.0937987 0.120481 0.142185 0.153781 0.152289 0.138161
 1.31261e-16 5.66038e-05 0.000550209 0.00365633 0.0166212 0.0517146 0.110183 0.160816 0.160818 0.110192 0.0517439 0.0167076 0.0038803 0.00106346 0.00110798 0.00195926 0.0033729 0.00553139 0.00880783 0.0137326 0.0208291 0.0302728 0.0415119 0.0530998 0.0629274 0.0688431
pSPR Fmed_Fpbrs
0.488145   0.285357 0.285357
Fs Fmed_Fpbrs
0.50305   1.005 1.005
SSBpbr Bo_Bmed_Bpbrs
1.68979e+06  740371  397702 397702
Ro
36571.7
SPR SPRFo_SPRFmed_SPRFpbrs
261035 127423 74488.1
Fref
1.005
Nvult_r0
 60884.9 1094.24 825.784 15820.5 2342.16
CTP_r0
 15139.8 435.82 328.898 6301.08 932.847
YTP_r0
391175
Np
 163906 36481.2 2944.25 34.5131 29.5532
Nvult_p0
 127425 31568.6 2547.78 29.8656 25.5735
CTP_p0
 42616.5 9483.61 111.169 83.8952 1912.3
 42616.5 15823.7 1277.07 14.97 12.8187
YTP_p0
 537534 597566
CBA_c0
555543
log_Ro
10.327
likeval ReclasPelacesDesembMPH_pf_preclas_ppelaces_ptallas_desvR_qrecl_qpela
 83.8925 65.754 1.18676 0.00217996 459.233 194.051 157.959 0 239.035 0 0 0.0347337 0 0 0
q_reclas_q_pelaces
1 1
M
1
N
 262.627 236379 281.546 7961.73 0.0859121
 465.211 86.7768 70150.5 83.5549 2362.84
 273228 132.924 19.2577 15568 542.91
 18661 78092.1 29.5164 4.27627 3577.5
 11797.9 5022.65 15377.9 5.81237 705.323
 273285 3430.17 1154.12 3533.58 163.407
 890.193 74077.6 685.099 230.51 738.39
 273.164 166.394 7035.43 65.0664 92.02
 63872.8 64.5582 25.2633 1068.18 23.8501
 1254.06 13360.4 7.67815 3.00466 129.879
 89142.8 164.364 623.859 0.358527 6.20492
 159656 27780 43.3903 164.693 1.73268
 138486 39469.1 4615.01 7.2083 27.6477
 6811.9 38233.4 8177.58 956.181 7.2218
 71094.3 919.699 1894.49 405.204 47.7372
 544303 12463 76.8279 158.258 37.8369
 118175 148425 2519.12 15.529 39.6362
 37612.8 38402.8 42606.1 723.127 15.8355
 984444 9645.14 6864.4 7615.73 132.088
 20083 273094 2017.64 1435.95 1620.75
 438886 5980.68 65834.3 486.39 736.873
 448259 131859 1467.44 16153.3 300.143
 9230.24 127217 28869.2 321.281 3602.31
 428475 2832.74 32570.6 7391.22 1004.54
 138892 136333 779.565 8963.37 2310.5
 25241.6 45071.1 39024.3 223.145 3227.06
 289246 7946.77 12143.4 10514.2 929.58
 597098 88071.2 2002.7 3060.31 2884.01
 10000.7 202227 27460.9 624.449 1853.46
 4117.79 3485.62 66778.1 9067.97 818.24
 82749.2 1350.54 1019.2 19526.1 2890.75
pred_Ctot
 17.0542 29391.7 35.0079 989.973 0.0106824
 67.0331 22.6686 18325.3 21.8269 617.241
 39328.3 34.6906 5.0259 4062.95 141.689
 3247.06 24119.8 9.11655 1.32078 1104.96
 1593.94 1237.99 3790.36 1.43264 173.849
 46604.8 1040.91 350.225 1072.29 49.5868
 292.215 38564 356.655 120.001 384.397
 63.9919 66.2607 2801.61 25.9104 36.6437
 18227.7 30.1657 11.8046 499.119 11.1443
 553.448 8579.91 4.93081 1.92956 83.4064
 8732.51 30.1418 114.407 0.0657486 1.13789
 34185.6 10259.7 16.025 60.8244 0.639916
 22360 11412.8 1334.47 2.08434 7.99456
 2949.6 24245.2 5185.69 606.348 4.5796
 24959.1 503.343 1036.84 221.765 26.1262
 91222.4 3724.52 22.9597 47.2946 11.3074
 8803.11 21033.6 356.99 2.20065 5.61693
 7416.66 13221.1 14668.2 248.954 5.45173
 156588 2752.21 1958.74 2173.13 37.6909
 2460.37 61576.6 454.934 323.774 365.443
 51705 1301.01 14321.3 105.807 160.296
 66141.3 35186.8 391.589 4310.54 80.0939
 981.584 25180.1 5714.1 63.5914 713.009
 37025.5 461.892 5310.79 1205.17 163.795
 10458.5 19518.7 111.61 1283.28 330.793
 2330.39 7819.98 6770.85 38.7163 559.906
 31997.2 1631.35 2492.85 2158.41 190.829
 30158.8 8601.43 195.593 298.884 281.665
 333.828 13204 1793.01 40.7724 121.018
 284.995 460.59 8824.06 1198.24 108.122
 15139.8 435.82 328.898 6301.08 932.847
F
 0.107397 0.214794 0.214794 0.214794 0.214794
 0.252713 0.505426 0.505426 0.505426 0.505426
 0.252416 0.504833 0.504833 0.504833 0.504833
 0.312479 0.624957 0.624957 0.624957 0.624957
 0.23531 0.47062 0.47062 0.47062 0.47062
 0.305401 0.610801 0.610801 0.610801 0.610801
 0.677078 1.35416 1.35416 1.35416 1.35416
 0.442503 0.885006 0.885006 0.885006 0.885006
 0.564595 1.12919 1.12919 1.12919 1.12919
 1.03206 2.06413 2.06413 2.06413 2.06413
 0.165922 0.331844 0.331844 0.331844 0.331844
 0.397502 0.795003 0.795003 0.795003 0.795003
 0.287061 0.574122 0.574122 0.574122 0.574122
 1.00238 2.00476 2.00476 2.00476 2.00476
 0.74124 1.48248 1.48248 1.48248 1.48248
 0.299428 0.598856 0.598856 0.598856 0.598856
 0.124041 0.248081 0.248081 0.248081 0.248081
 0.36089 0.72178 0.72178 0.72178 0.72178
 0.282262 0.564523 0.564523 0.564523 0.564523
 0.211338 0.422675 0.422675 0.422675 0.422675
 0.202508 0.405017 0.405017 0.405017 0.405017
 0.259479 0.518958 0.518958 0.518958 0.518958
 0.181241 0.362481 0.362481 0.362481 0.362481
 0.145132 0.290264 0.290264 0.290264 0.290264
 0.125458 0.250916 0.250916 0.250916 0.250916
 0.155729 0.311457 0.311457 0.311457 0.311457
 0.189133 0.378267 0.378267 0.378267 0.378267
 0.0826919 0.165384 0.165384 0.165384 0.165384
 0.0540067 0.108013 0.108013 0.108013 0.108013
 0.114813 0.229626 0.229626 0.229626 0.229626
 0.330959 0.661918 0.661918 0.661918 0.661918
YTP_r0W_actual
 125660 6145.06 9077.58 215497 34795.2
YTP_p0W_proyectada
 319197 148608 2571.34 2464 64693
 319197 247957 29538.5 439.67 433.655
CTP_r0_actual
 15139.8 435.82 328.898 6301.08 932.847
CTP_p0_proyectada
 42616.5 9483.61 111.169 83.8952 1912.3
 42616.5 15823.7 1277.07 14.97 12.8187
Wmedp
 7.49 15.67 23.13 29.37 33.83
Frms_r0
 0.330959 0.661918 0.661918 0.661918 0.661918
Zrms_r0
 1.33096 1.66192 1.66192 1.66192 1.66192
nmprior
 8.19 8.8 8.5 0
nm_flota  nm_reclas  nm_pelaces    nm_pelaL
inf 3.44737 2.18274 2.75869
cv_recla  cv_pelaces  cv_mph
0.828489 0.919461 1.44089
 ------------------------------------------------
Talla a la edad & desviaci?n 
 8 13.2811 15.8009 17.003 17.5766
 0.8 1.32811 1.58009 1.7003 1.75766
