    unsorted:	 2.362412650e-06 5.718538540e-05 -1.631531816e-05 9.754941755e-05 0.001099991639 7.288759382 13.70699920 32.94110595 230.4670002 67.03280373 114.7558235 214.2845759 268.5050561 273.4080934 485.4774910 560.6386322 675.4955263 801.1115080 830.2298646 904.2139867 934.3878961 977.4754145 1051.296465 1171.527746 1247.956721 1339.214927 1551.987349 1592.308611 1853.129239 1904.836660 2075.244209 2193.386221 2478.817573 2462.413663 2513.234883 2621.633450 2813.418425 2886.858083 3182.691027 3253.238062 3710.959461 3941.555668 4315.676175 8929.344255 41051.72661 158294.3306 383708.5641 378740.0971 390563.3470 358854.9517 360511.9357 405649.6427 423681.8233 321311.3676 444120.6485 452516.4356 253079.8644 502723.6959 605245.2729 639634.9353 676591.7520 694638.0694 702600.4081 961499.9116 1065563.623 1140090.444 1209771.187 1367097.710 1497443.286 1706826.786 1816048.716 2368745.655 2443227.139 2479229.614 2742139.659 2977563.582 3318750.104
      sorted:	 -1.631531816e-05 2.362412650e-06 5.718538540e-05 9.754941755e-05 0.001099991639 7.288759382 13.70699920 32.94110595 67.03280373 114.7558235 214.2845759 230.4670002 268.5050561 273.4080934 485.4774910 560.6386322 675.4955263 801.1115080 830.2298646 904.2139867 934.3878961 977.4754145 1051.296465 1171.527746 1247.956721 1339.214927 1551.987349 1592.308611 1853.129239 1904.836660 2075.244209 2193.386221 2462.413663 2478.817573 2513.234883 2621.633450 2813.418425 2886.858083 3182.691027 3253.238062 3710.959461 3941.555668 4315.676175 8929.344255 41051.72661 158294.3306 253079.8644 321311.3676 358854.9517 360511.9357 378740.0971 383708.5641 390563.3470 405649.6427 423681.8233 444120.6485 452516.4356 502723.6959 605245.2729 639634.9353 676591.7520 694638.0694 702600.4081 961499.9116 1065563.623 1140090.444 1209771.187 1367097.710 1497443.286 1706826.786 1816048.716 2368745.655 2443227.139 2479229.614 2742139.659 2977563.582 3318750.104
