    unsorted:	 2.366050799e-06 2.337710079e-06 1.436446875e-05 6.333192751e-05 5.495396543e-05 8.989571482e-05 0.001099992866 844.4633076 862.9141191 931.0305285 794.8768137 1055.207840 1180.924797 1146.407138 1216.098585 635.3709754 523.9147706 1460.622050 1476.572271 337.3888815 271.2950756 236.3823567 168.6993144 150.6778174 13.56967846 64.66509457 1890.665333 1945.280289 2017.955197 2115.071405 2329.847253 2408.715877 2529.639472 2584.831318 2631.425354 2834.069821 3233.117210 3260.523685 3189.449214 3842.616517 3994.872437 4329.292941 6037.834165 9578.079628 39344.70823 158321.6474 401131.5181 396584.8965 407254.1554 388857.2942 375534.0220 356073.9550 449530.3821 445476.6261 462191.2181 466603.1297 315756.1348 553175.6858 585761.6371 601027.4851 642752.8408 676081.9778 871209.0198 918627.6904 1057531.287 1115307.212 1366325.440 1411909.528 1584643.359 1711425.698 2318963.072 2376148.145 2649705.264 2708889.828 2903887.959 3174742.286 5160601.186
      sorted:	 2.337710079e-06 2.366050799e-06 1.436446875e-05 5.495396543e-05 6.333192751e-05 8.989571482e-05 0.001099992866 13.56967846 64.66509457 150.6778174 168.6993144 236.3823567 271.2950756 337.3888815 523.9147706 635.3709754 794.8768137 844.4633076 862.9141191 931.0305285 1055.207840 1146.407138 1180.924797 1216.098585 1460.622050 1476.572271 1890.665333 1945.280289 2017.955197 2115.071405 2329.847253 2408.715877 2529.639472 2584.831318 2631.425354 2834.069821 3189.449214 3233.117210 3260.523685 3842.616517 3994.872437 4329.292941 6037.834165 9578.079628 39344.70823 158321.6474 315756.1348 356073.9550 375534.0220 388857.2942 396584.8965 401131.5181 407254.1554 445476.6261 449530.3821 462191.2181 466603.1297 553175.6858 585761.6371 601027.4851 642752.8408 676081.9778 871209.0198 918627.6904 1057531.287 1115307.212 1366325.440 1411909.528 1584643.359 1711425.698 2318963.072 2376148.145 2649705.264 2708889.828 2903887.959 3174742.286 5160601.186
