years
 1991 1992 1993 1994 1995 1996 1997 1998 1999 2000 2001 2002 2003 2004 2005 2006 2007 2008 2009 2010 2011 2012 2013 2014 2015 2016 2017 2018 2019 2020 2021
reclasobs
 0 0 0 0 0 0 0 0 0 252601 567819 844713 477998 351125 339783 2.1784e+06 2.13404e+06 4.81314e+06 1.55562e+06 2.62356e+06 3.21686e+06 3.843e+06 1.13348e+06 3.07943e+06 1.97215e+06 2.03268e+06 2.025e+06 2.42433e+06 2.27542e+06 1.05018e+06 2.36338e+06
reclaspred
 3.30205e+06 1.8777e+06 952960 955143 955700 1.46561e+06 979062 878366 644014 477499 508423 635002 631552 511046 521072 1.26886e+06 1.27229e+06 2.71855e+06 2.26589e+06 1.70934e+06 3.03156e+06 2.46566e+06 1.99952e+06 3.04218e+06 2.29895e+06 2.03669e+06 2.3862e+06 2.50578e+06 2.08423e+06 1.35101e+06 1.91566e+06
pelacesobs
 0 0 0 0 0 0 0 0 0 0 0 0 0 0 0 552880 188675 0 991730 2.46772e+06 1.41603e+06 1.21717e+06 2.29649e+06 1.80582e+06 0 1.4828e+06 1.56532e+06 1.57751e+06 1.42118e+06 867257 1.10002e+06
pelacespred
 1.85395e+06 1.18253e+06 607647 496039 507455 803620 514847 547113 397012 281842 304965 320389 348248 302345 313555 628683 628905 1.52992e+06 1.33413e+06 939671 1.58224e+06 1.42057e+06 1.13667e+06 1.8777e+06 1.37857e+06 1.21274e+06 1.61267e+06 1.67263e+06 1.14643e+06 847118 1.19911e+06
mphobs
 0 0 0 0 0 0 0 0 0 0 0 498337 0 5186 125008 0 168611 109162 213762 579715 649985 157893 87575 83554 0 0 0 0 0 0 0
mphpred
 493150 330929 168194 91371.4 101961 113840 149031 99862.6 87110.6 61764.9 41507.3 59124.7 63771.3 55432.2 40022.7 49889 146733 144343 268478 208047 223958 275644 262530 220030 301582 249420 205959 217162 298176 207480 130610
desembarqueobs
 494567 514787 250237 358949 120608 361735 552515 73892 212993 205616 52469 317467 293654 387597 252695 516296 358380 742168 942051 627588 828172 859565 418607 520667 417249 300574 415391 372974 316634 284311 391294
desembarquepred
 494574 513266 251016 358972 120612 361748 552565 73895.4 213034 205654 52471.2 317531 293708 387652 252699 516278 358402 742098 941914 627498 828235 859600 418619 520689 417252 300577 415394 372965 316632 284320 391298
Reclutas
 228216 131401 129719 235403 188256 312347 131380 62048.1 57039.7 74427.9 135632 172256 144764 101986 105088 550035 125150 836331 488026 373556 564683 755250 163781 481867 405554 183423 407656 455074 136634 102682 390163
log_desv_Rt
 0.0633468 -0.488693 -0.501575 0.0943548 -0.129143 0.377172 -0.48885 -1.23903 -1.3232 -1.05711 -0.457002 -0.21796 -0.391837 -0.742111 -0.712149 0.943038 -0.537433 1.36208 0.823423 0.556123 0.969319 1.2601 -0.268412 0.810723 0.638309 -0.155151 0.643478 0.753516 -0.449635 -0.735311 0.599621
SSB
 4.23586e+06 2.84248e+06 1.44469e+06 784825 875784 977816 1.28009e+06 857758 748227 530523 356523 507845 547756 476128 343770 428516 1.26035e+06 1.23982e+06 2.30606e+06 1.787e+06 1.92367e+06 2.36761e+06 2.25497e+06 1.88993e+06 2.5904e+06 2.14237e+06 1.76906e+06 1.86529e+06 2.56115e+06 1.78212e+06 1.12186e+06
BT
 5.59903e+06 3.81478e+06 1.9512e+06 1.68993e+06 1.51283e+06 2.5542e+06 1.9361e+06 1.59301e+06 1.32106e+06 987278 898093 1.16369e+06 1.24109e+06 1.24925e+06 1.13026e+06 2.17738e+06 2.038e+06 4.93045e+06 4.63791e+06 3.192e+06 5.09445e+06 4.77627e+06 3.54213e+06 5.73114e+06 4.23674e+06 3.65561e+06 4.93039e+06 5.0481e+06 3.46466e+06 2.64249e+06 3.72793e+06
Ftot
 0.100384 0.181044 0.175563 0.260388 0.0872739 0.173976 0.372746 0.0579437 0.225909 0.29201 0.0742361 0.34414 0.319423 0.515066 0.34295 0.29624 0.190798 0.19686 0.2845 0.252167 0.191037 0.242084 0.141547 0.122354 0.124834 0.101053 0.123872 0.106731 0.101531 0.141851 0.147407
BD_Bspro_t
 0.984067 0.881088 0.751902 0.674618 0.669241 0.731998 0.72275 0.58768 0.638785 0.605362 0.577615 0.737638 0.63228 0.551881 0.456482 0.512335 0.658877 0.643191 0.718239 0.634483 0.608828 0.654189 0.669205 0.666388 0.756817 0.764373 0.771109 0.798905 0.83306 0.781584 0.728464
BD_Bspro
 2.77047 1.85913 0.944901 0.513316 0.572808 0.639542 0.837242 0.561018 0.489379 0.346989 0.233184 0.332157 0.358261 0.311413 0.224844 0.280271 0.824333 0.810906 1.50828 1.16879 1.25818 1.54854 1.47487 1.23611 1.69426 1.40122 1.15706 1.22 1.67512 1.1656 0.733752
BD_Bo
 1.87031 1.25507 0.637889 0.346532 0.386694 0.431746 0.56521 0.378735 0.330373 0.234248 0.157419 0.224234 0.241857 0.21023 0.151789 0.189207 0.556496 0.547431 1.01822 0.789033 0.849377 1.0454 0.995662 0.83448 1.14377 0.945943 0.781112 0.823603 1.13085 0.786881 0.495346
BD_Brms
 3.40055 2.28195 1.1598 0.630059 0.703081 0.784992 1.02765 0.68861 0.600678 0.425905 0.286217 0.407699 0.43974 0.382237 0.27598 0.344013 1.01181 0.995329 1.85131 1.43461 1.54432 1.90072 1.8103 1.51724 2.07958 1.7199 1.4202 1.49746 2.0561 1.43069 0.900628
Sel_flota
 0.857015 1 1 1 1
 0.857015 1 1 1 1
 0.857015 1 1 1 1
 0.857015 1 1 1 1
 0.857015 1 1 1 1
 0.857015 1 1 1 1
 0.857015 1 1 1 1
 0.857015 1 1 1 1
 0.857015 1 1 1 1
 0.857015 1 1 1 1
 0.857015 1 1 1 1
 0.857015 1 1 1 1
 0.857015 1 1 1 1
 0.857015 1 1 1 1
 0.857015 1 1 1 1
 0.857015 1 1 1 1
 0.857015 1 1 1 1
 0.857015 1 1 1 1
 0.857015 1 1 1 1
 0.857015 1 1 1 1
 0.857015 1 1 1 1
 0.857015 1 1 1 1
 0.857015 1 1 1 1
 0.857015 1 1 1 1
 0.857015 1 1 1 1
 0.857015 1 1 1 1
 0.857015 1 1 1 1
 0.857015 1 1 1 1
 0.857015 1 1 1 1
 0.857015 1 1 1 1
 0.857015 1 1 1 1
Sel_reclas
 1 1 1 1 1
 1 1 1 1 1
 1 1 1 1 1
 1 1 1 1 1
 1 1 1 1 1
 1 1 1 1 1
 1 1 1 1 1
 1 1 1 1 1
 1 1 1 1 1
 1 1 1 1 1
 1 1 1 1 1
 1 1 1 1 1
 1 1 1 1 1
 1 1 1 1 1
 1 1 1 1 1
 1 1 1 1 1
 1 1 1 1 1
 1 1 1 1 1
 1 1 1 1 1
 1 1 1 1 1
 1 1 1 1 1
 1 1 1 1 1
 1 1 1 1 1
 1 1 1 1 1
 1 1 1 1 1
 1 1 1 1 1
 1 1 1 1 1
 1 1 1 1 1
 1 1 1 1 1
 1 1 1 1 1
 1 1 1 1 1
Sel_pelaces
 1 1 1 1 1
 1 1 1 1 1
 1 1 1 1 1
 1 1 1 1 1
 1 1 1 1 1
 1 1 1 1 1
 1 1 1 1 1
 1 1 1 1 1
 1 1 1 1 1
 1 1 1 1 1
 1 1 1 1 1
 1 1 1 1 1
 1 1 1 1 1
 1 1 1 1 1
 1 1 1 1 1
 1 1 1 1 1
 1 1 1 1 1
 1 1 1 1 1
 1 1 1 1 1
 1 1 1 1 1
 1 1 1 1 1
 1 1 1 1 1
 1 1 1 1 1
 1 1 1 1 1
 1 1 1 1 1
 1 1 1 1 1
 1 1 1 1 1
 1 1 1 1 1
 1 1 1 1 1
 1 1 1 1 1
 1 1 1 1 1
pf_obs 
 0.8446 0.082 0.0669 0.0065 0
 0.8095 0.147 0.0364 0.0071 0
 0.9664 0.0169 0.016 0.0007 0
 0.9276 0.0648 0.0075 0.0001 0
 0.7033 0.2144 0.0806 0.0017 0
 0.9318 0.0425 0.0243 0.0014 0
 0.5671 0.3108 0.0964 0.0239 0.0018
 0.0768 0.2599 0.5324 0.112 0.0189
 0.490249 0.384438 0.106611 0.0170017 0.00170017
 0.7925 0.1577 0.0466 0.003 0.0002
 0.840416 0.127587 0.0312969 0.00059994 9.999e-05
 0.8084 0.0986 0.0794 0.0134 0.0002
 0.7335 0.1905 0.0724 0.0035 0.0001
 0.4001 0.4547 0.1325 0.0127 0
 0.49795 0.308269 0.164784 0.0264974 0.00249975
 0.9179 0.0499 0.0305 0.0017 0
 0.2467 0.6533 0.0926 0.0074 0
 0.9418 0.0223 0.034 0.0019 0
 0.707729 0.231977 0.0356964 0.0245975 0
 0.517169 0.277429 0.184464 0.0207286 0.00020938
 0.811772 0.124168 0.05621 0.00726502 0.000585176
 0.764997 0.148141 0.077277 0.00933861 0.000247198
 0.163321 0.427699 0.378323 0.0303852 0.000271297
 0.753843 0.0900009 0.118128 0.0371064 0.000921714
 0.721811 0.176058 0.0630433 0.0369309 0.00215725
 0.143369 0.312575 0.442814 0.0836902 0.0175525
 0.692698 0.0596174 0.167031 0.0765114 0.00414204
 0.394062 0.376323 0.152708 0.0712218 0.00568511
 0.125707 0.32114 0.495352 0.0537591 0.00404204
 0.23352 0.215282 0.420074 0.123614 0.00750983
 0.796117 0.104755 0.0508955 0.0450114 0.00322123
pf_pred 
 0.430468 0.114296 0.431238 0.023997 7.60173e-07
 0.410165 0.277658 0.0626492 0.236375 0.0131539
 0.550709 0.20297 0.115953 0.0261629 0.104206
 0.747045 0.149782 0.0466093 0.0266269 0.0299373
 0.645815 0.275894 0.0463582 0.0144258 0.0175069
 0.741535 0.176237 0.0640519 0.0107625 0.00741353
 0.472934 0.407212 0.0817241 0.0297019 0.00842855
 0.441191 0.290349 0.207412 0.041626 0.0194217
 0.522906 0.229347 0.128726 0.091956 0.0270654
 0.679766 0.181234 0.0668193 0.0375038 0.0346764
 0.797136 0.145558 0.0324316 0.0119572 0.0129165
 0.725423 0.225665 0.0350952 0.0078195 0.00599726
 0.670639 0.250495 0.0648171 0.0100803 0.00396856
 0.611605 0.275571 0.0858083 0.0222034 0.00481251
 0.714564 0.187788 0.0692823 0.0215734 0.00679217
 0.925855 0.0556522 0.0121667 0.00448878 0.0018378
 0.393023 0.568916 0.0285676 0.00624548 0.00324759
 0.889557 0.0479727 0.0585534 0.00294021 0.000977035
 0.596862 0.364952 0.0165865 0.0202448 0.00135438
 0.596006 0.25817 0.132011 0.00599969 0.00781287
 0.738066 0.166999 0.0606677 0.0310214 0.00324583
 0.741214 0.199183 0.0380006 0.0138049 0.00779749
 0.326487 0.520863 0.117492 0.0224153 0.0127426
 0.739397 0.0948727 0.128168 0.028911 0.00865125
 0.628056 0.286342 0.0311635 0.0421004 0.0123384
 0.439848 0.372885 0.144168 0.0156903 0.0274089
 0.731995 0.128715 0.0927237 0.0358495 0.0107173
 0.689491 0.236937 0.0353342 0.0254541 0.0127833
 0.358033 0.464354 0.135529 0.0202113 0.021872
 0.432817 0.224755 0.247689 0.0722921 0.0224475
 0.826963 0.0820211 0.0360662 0.0397465 0.0152028
pobs_RECLAS
 0 0 0 0 0
 0 0 0 0 0
 0 0 0 0 0
 0 0 0 0 0
 0 0 0 0 0
 0 0 0 0 0
 0 0 0 0 0
 0 0 0 0 0
 0 0 0 0 0
 0 0 0 0 0
 0.991045 0.00858322 0.000360255 1.14367e-05 0
 0.934742 0.0480273 0.0164251 0.00080598 0
 0.827803 0.169806 0.00239088 0 0
 0.941827 0.0461693 0.0120037 0 0
 0.791401 0.0380133 0.147996 0.0225897 0
 0.846168 0.0940531 0.0597789 0 0
 0.134021 0.677848 0.182769 0.00536245 0
 0.80878 0.0450904 0.141981 0.00414843 0
 0.846168 0.0940531 0.0597789 0 0
 0.905697 0.0802665 0.012482 0.00150086 5.37128e-05
 0.989698 0.0102097 9.19794e-05 0 0
 0.975433 0.0193895 0.00387452 0.00125025 5.28907e-05
 0.303575 0.632131 0.0575291 0.00676475 0
 0.966965 0.00978017 0.0227588 0.000495775 0
 0.843318 0.132988 0.00938335 0.0141283 0.000182051
 0.564624 0.303363 0.111486 0.0197234 0.00080311
 0.826376 0.0876187 0.0782897 0.00655872 0.00115652
 0.89761 0.0855135 0.0140674 0.00269457 0.000114338
 0.34875 0.467042 0.161289 0.0227151 0.000203297
 0.318654 0.224769 0.449479 0.00709798 0
 0.937255 0.0296025 0.0250945 0.00804832 0
ppred_RECLAS
 0.46895 0.106574 0.4021 0.0223756 7.0881e-07
 0.448553 0.259587 0.0585719 0.220991 0.0122978
 0.589092 0.18563 0.106047 0.0239278 0.0953031
 0.775733 0.132795 0.0413232 0.0236071 0.0265421
 0.680506 0.248872 0.0418176 0.0130129 0.0157922
 0.770408 0.15655 0.0568966 0.00956026 0.00658536
 0.512931 0.37631 0.0755223 0.0274479 0.00778893
 0.479682 0.27035 0.193126 0.0387587 0.0180839
 0.561972 0.210567 0.118185 0.0844264 0.0248492
 0.713268 0.162274 0.059829 0.0335804 0.0310488
 0.821086 0.128374 0.0286028 0.0105456 0.0113917
 0.756039 0.200503 0.0311821 0.00694761 0.00532855
 0.704783 0.224527 0.0580977 0.00903534 0.00355715
 0.649564 0.248639 0.077422 0.0200334 0.00434217
 0.745963 0.167131 0.0616611 0.0192003 0.00604502
 0.936038 0.0480085 0.0104956 0.00387225 0.00158538
 0.431016 0.533305 0.0267795 0.00585455 0.00304431
 0.904065 0.0416707 0.0508614 0.00255396 0.000848686
 0.63434 0.331024 0.0150445 0.0183627 0.00122847
 0.633385 0.234283 0.119797 0.00544457 0.00708998
 0.767252 0.148391 0.0539077 0.0275648 0.00288416
 0.770305 0.176792 0.0337288 0.012253 0.00692094
 0.361711 0.493623 0.111347 0.021243 0.0120761
 0.768298 0.0843511 0.113954 0.0257047 0.00769181
 0.663697 0.258904 0.0281774 0.0380662 0.0111561
 0.478466 0.347178 0.134228 0.0146085 0.0255192
 0.761456 0.114565 0.0825307 0.0319086 0.00953912
 0.721801 0.212283 0.0316575 0.0228055 0.0114532
 0.39453 0.437955 0.127824 0.0190623 0.0206286
 0.471482 0.209433 0.230804 0.0673638 0.0209172
 0.848195 0.0719572 0.0316409 0.0348696 0.0133374
pobs_PELACES
 0 0 0 0 0
 0 0 0 0 0
 0 0 0 0 0
 0 0 0 0 0
 0 0 0 0 0
 0 0 0 0 0
 0 0 0 0 0
 0 0 0 0 0
 0 0 0 0 0
 0 0 0 0 0
 0 0 0 0 0
 0 0 0 0 0
 0 0 0 0 0
 0 0 0 0 0
 0 0 0 0 0
 0 0 0 0 0
 0.505614 0.472636 0.0217494 0 0
 0 0 0 0 0
 0.443492 0.261883 0.143347 0.151278 0
 0.227955 0.32914 0.350689 0.0885471 0.00366901
 0.970185 0.0296113 0.000203453 0 0
 0.997202 0.00247181 0.000326279 0 0
 0.445219 0.490057 0.0546422 0.010081 0
 0.90214 0.0892962 0.00764917 0.000914606 0
 0 0 0 0 0
 0.581667 0.319106 0.0959925 0.00289975 0.000334073
 0.762889 0.0836404 0.116647 0.0363945 0.000428098
 0.88444 0.0763242 0.0277011 0.0115352 0
 0.521256 0.241999 0.230069 0.00667565 0
 0.616807 0.101726 0.260614 0.0208532 0
 0.833518 0.0704572 0.0857862 0.0102388 0
ppred_PELACES
 0.47013 0.106337 0.401207 0.0223258 7.07235e-07
 0.450667 0.258592 0.0583473 0.220143 0.0122507
 0.591096 0.184725 0.105529 0.0238111 0.0948384
 0.777863 0.131533 0.0409307 0.0233829 0.02629
 0.6814 0.248175 0.0417005 0.0129764 0.015748
 0.771857 0.155562 0.0565376 0.00949993 0.0065438
 0.517324 0.372916 0.0748412 0.0272004 0.00771869
 0.480364 0.269995 0.192872 0.0387079 0.0180601
 0.564594 0.209307 0.117478 0.083921 0.0247004
 0.716077 0.160684 0.0592428 0.0332513 0.0307445
 0.8216 0.128006 0.0285207 0.0105153 0.0113589
 0.759022 0.198051 0.0308008 0.00686268 0.00526341
 0.707909 0.222149 0.0574825 0.00893965 0.00351948
 0.655076 0.244728 0.0762043 0.0197183 0.00427388
 0.749017 0.165121 0.0609198 0.0189694 0.00597234
 0.93687 0.0473841 0.0103592 0.0038219 0.00156476
 0.433226 0.531234 0.0266755 0.00583182 0.00303249
 0.904868 0.0413221 0.0504359 0.0025326 0.000841585
 0.637448 0.32821 0.0149166 0.0182066 0.00121803
 0.636144 0.23252 0.118895 0.0054036 0.00703664
 0.768858 0.147367 0.0535358 0.0273746 0.00286426
 0.77232 0.175241 0.0334329 0.0121456 0.00686023
 0.363254 0.492429 0.111078 0.0211917 0.0120469
 0.769324 0.0839776 0.113449 0.0255909 0.00765775
 0.66501 0.257892 0.0280673 0.0379175 0.0111125
 0.479656 0.346385 0.133922 0.0145752 0.025461
 0.762516 0.114056 0.0821639 0.0317668 0.00949673
 0.722811 0.211512 0.0315426 0.0227227 0.0114116
 0.395674 0.437127 0.127583 0.0190263 0.0205895
 0.473151 0.208772 0.230075 0.0671512 0.0208512
 0.849088 0.0715337 0.0314547 0.0346644 0.0132589
pobs_pel_tallas
 0 0 0 0 0 0 0 0 0 0 0 0 0 0 0 0 0 0 0 0 0 0 0 0 0 0
 0 0 0 0 0 0 0 0 0 0 0 0 0 0 0 0 0 0 0 0 0 0 0 0 0 0
 0 0 0 0 0 0 0 0 0 0 0 0 0 0 0 0 0 0 0 0 0 0 0 0 0 0
 0 0 0 0 0 0 0 0 0 0 0 0 0 0 0 0 0 0 0 0 0 0 0 0 0 0
 0 0 0 0 0 0 0 0 0 0 0 0 0 0 0 0 0 0 0 0 0 0 0 0 0 0
 0 0 0 0 0 0 0 0 0 0 0 0 0 0 0 0 0 0 0 0 0 0 0 0 0 0
 0 0 0 0 0 0 0 0 0 0 0 0 0 0 0 0 0 0 0 0 0 0 0 0 0 0
 0 0 0 0 0 0 0 0 0 0 0 0 0 0 0 0 0 0 0 0 0 0 0 0 0 0
 0 0 0 0 0 0 0 0 0 0 0 0 0 0 0 0 0 0 0 0 0 0 0 0 0 0
 0 0 0 0 0 0 0 0 0 0 0 0 0 0 0 0 0 0 0 0 0 0 0 0 0 0
 0 0 0 0 0 0 0 0 0 0 0 0 0 0 0 0 0 0 0 0 0 0 0 0 0 0
 0 0 0 0 0 0 0 0 0 0 0 0 0 0 0 0 0 0 0 0 0 0 0 0 0 0
 0.00862536 0 0 0.000197151 0.00414017 0.0128641 0.00837892 0.0270097 0.101434 0.158115 0.152841 0.127902 0.109271 0.109419 0.0830992 0.0579132 0.0238553 0.00714673 0.00463305 0.00128148 0.00103504 0.000492878 0.000147863 0.000147863 4.92878e-05 0
 0 0 0 0 0 0 0 0 0 0 0 0 0 0 0 0 0 0 0 0 0 0 0 0 0 0
 0 0 0 0 0 0 0 0.0054083 0.00873648 0.0413646 0.0450493 0.0745869 0.0622846 0.0627006 0.0613931 0.0827291 0.12552 0.122667 0.0946155 0.0697135 0.0546179 0.0294188 0.0215738 0.0213955 0.0102223 0.00600262
 0 0 0 0 0.00359764 0.0251062 0.0480494 0.140153 0.205849 0.193036 0.1447 0.116669 0.0760912 0.0342217 0.00950174 0.001854 0.000860785 0 0 0 0.000165536 0 0.000143464 0 0 0
 0 0 0 0 0 0 0 0.000145254 0.000435761 0.0275982 0.070085 0.0708112 0.156366 0.174668 0.174014 0.160142 0.0824315 0.0480064 0.0283245 0.00493863 0.00203355 0 0 0 0 0
 0 0 0 0 0 0 0 0 0 0 0 0 0 0 0 0 0 0 0 0 0 0 0 0 0 0
 0 0 1.00437e-05 0.000401748 0.00122533 0.00171747 0.00176769 0.0269171 0.070346 0.194647 0.189555 0.159765 0.064822 0.0314167 0.0384472 0.0292271 0.0345202 0.0313363 0.0194345 0.0106764 0.0143323 0.0359363 0.0279516 0.0138201 0.00172751 0
 0 0.0021121 0.0136068 0.0755702 0.200478 0.177729 0.0527432 0.0373336 0.0318909 0.0142505 0.0149659 0.0166563 0.0217959 0.0798694 0.0677717 0.0528807 0.04013 0.0224614 0.0357745 0.0225083 0.00881397 0.00855152 0.00135912 0.000746735 0 0
 0 0 0 0 5.4009e-05 0.00500934 0.000945158 0.0243581 0.138947 0.33067 0.221406 0.137944 0.0707744 0.0437923 0.0131692 0.00525238 0.0047753 0.00276346 9.45158e-05 9.00151e-06 2.25038e-05 9.00151e-06 4.50075e-06 0 0 0
 0.000866109 0.00284123 0.00948549 0.0512746 0.133035 0.25785 0.225252 0.132002 0.0553304 0.0519788 0.0540692 0.017754 0.00435017 0.00159236 0.00146478 0.000404838 0.000125132 0.000115318 0.000107957 0.000100596 0 0 0 0 0 0
 0 0 0 0 0.00144013 0.00171154 0.00461396 0.0210425 0.0478622 0.0707936 0.0888783 0.103762 0.0637923 0.0337046 0.0602308 0.124433 0.169614 0.0934646 0.0462172 0.0250306 0.0313229 0.00938855 0.002487 0.000210481 0 0
 0 0.00764035 0.051015 0.0998891 0.058973 0.0496711 0.0374665 0.0718981 0.12319 0.153886 0.159021 0.0857701 0.0377988 0.023471 0.0147837 0.00900784 0.00315554 0.000888139 0.00291439 0.00214683 0.00393193 0.00274676 0.000635225 9.99891e-05 0 0
 0 0 0 0 0 0 0 0 0 0 0 0 0 0 0 0 0 0 0 0 0 0 0 0 0 0
 0 0 0 0 0 0 0 0 0 0 0 0 0 0 0 0 0 0 0 0 0 0 0 0 0 0
 0 0 0 0 0 0 0 0 0 0 0 0 0 0 0 0 0 0 0 0 0 0 0 0 0 0
 0 0 0 0 0 0 0 0 0 0 0 0 0 0 0 0 0 0 0 0 0 0 0 0 0 0
 0 0 0 0 0 0 0 0 0 0 0 0 0 0 0 0 0 0 0 0 0 0 0 0 0 0
 0 0 0 0 0 0 0 0 0 0 0 0 0 0 0 0 0 0 0 0 0 0 0 0 0 0
 0 0 0 0 0 0 0 0 0 0 0 0 0 0 0 0 0 0 0 0 0 0 0 0 0 0
ppred_pel_tallas
 1.13845e-16 3.8724e-05 0.000376411 0.00250138 0.0113709 0.0353793 0.0753796 0.110021 0.110032 0.075433 0.03556 0.0119006 0.00385978 0.00343719 0.00613064 0.0107995 0.0172383 0.0251762 0.0342287 0.0440062 0.0539704 0.0630781 0.06965 0.0718382 0.0685308 0.0600631
 1.25901e-16 3.71209e-05 0.000360828 0.00239783 0.0109002 0.0339147 0.0722598 0.105471 0.105496 0.0723822 0.034326 0.0120898 0.00539051 0.00691682 0.0125596 0.0209045 0.0306147 0.039652 0.0460678 0.0492265 0.0502771 0.0513317 0.0539367 0.0580079 0.0619271 0.0635525
 1.2153e-16 4.86878e-05 0.000473263 0.003145 0.0142967 0.0444825 0.0947754 0.138331 0.138349 0.0948632 0.0447777 0.0151514 0.00529784 0.00519841 0.009099 0.0151704 0.0223433 0.0291745 0.03426 0.0370641 0.0382529 0.0391634 0.0408158 0.0432478 0.0455849 0.0466334
 1.08009e-16 6.40716e-05 0.000622799 0.00413872 0.018814 0.0585374 0.124721 0.182036 0.182049 0.124783 0.0587464 0.0194182 0.00565781 0.00394724 0.00640267 0.0105508 0.0153565 0.0196716 0.0223874 0.0230394 0.0220904 0.0205889 0.0194727 0.01906 0.0190362 0.0188081
 1.05234e-16 5.61261e-05 0.000545566 0.00362548 0.0164809 0.0512783 0.109255 0.159466 0.15949 0.109372 0.0516711 0.0176155 0.00647428 0.0067672 0.0118802 0.0195737 0.0282454 0.0356398 0.0395018 0.0388102 0.0343859 0.0283217 0.0227025 0.0186122 0.0160045 0.0142262
 1.03732e-16 6.35769e-05 0.00061799 0.00410676 0.0186687 0.0580855 0.123758 0.180631 0.180646 0.123831 0.0583326 0.0193833 0.00590323 0.00454871 0.00755519 0.0124589 0.0181035 0.0231056 0.0260916 0.0264187 0.0245241 0.0215607 0.0186312 0.0162401 0.0142896 0.0124435
 1.0629e-16 4.26113e-05 0.000414197 0.00275249 0.0125124 0.038931 0.082948 0.121073 0.121109 0.0831238 0.0395216 0.0142187 0.00703739 0.00977495 0.0178405 0.02948 0.0425902 0.0538302 0.0598198 0.0590051 0.0525643 0.0435519 0.0350014 0.0284768 0.0239215 0.0204598
 1.12574e-16 3.9567e-05 0.000384606 0.00255584 0.0116185 0.0361496 0.0770215 0.112421 0.112447 0.07715 0.0365818 0.0128702 0.00571001 0.00731099 0.0133141 0.0222629 0.0328039 0.0428004 0.0500641 0.0535489 0.053844 0.0524875 0.0507111 0.0486934 0.0458043 0.0414049
 1.1604e-16 4.65049e-05 0.000452044 0.00300399 0.0136557 0.0424882 0.0905263 0.13213 0.13215 0.0906257 0.0428227 0.0146241 0.00544336 0.00580597 0.0103005 0.0171848 0.025301 0.0330048 0.03867 0.0416217 0.042507 0.0427027 0.043237 0.0441056 0.0444285 0.0431615
 1.10289e-16 5.89824e-05 0.00057333 0.00380998 0.0173196 0.0538878 0.114814 0.167578 0.167594 0.11489 0.0541434 0.0180589 0.00566939 0.00464508 0.00782992 0.0129531 0.0189005 0.0243063 0.0278372 0.0289334 0.0281427 0.0266974 0.02567 0.0253739 0.0253738 0.024939
 1.03833e-16 6.76741e-05 0.000657816 0.00437142 0.0198719 0.0618288 0.131733 0.192271 0.192283 0.131794 0.0620316 0.020458 0.00584383 0.00387565 0.00618961 0.0101543 0.0146904 0.0186248 0.0208148 0.0207495 0.0188502 0.0161673 0.0137199 0.0119951 0.0109007 0.0100556
 1.02519e-16 6.25197e-05 0.000607713 0.00403847 0.0183583 0.0571196 0.1217 0.177629 0.177648 0.121793 0.0574329 0.0192633 0.0063103 0.00556801 0.00948561 0.0155896 0.0224678 0.0282893 0.0312309 0.0304535 0.0265941 0.0213216 0.0163253 0.0125267 0.00996854 0.00821574
 1.03208e-16 5.83096e-05 0.00056679 0.00376652 0.0171221 0.0532732 0.113505 0.165668 0.16569 0.11361 0.0536253 0.0181397 0.00632293 0.006154 0.0106886 0.0176278 0.0255037 0.0323123 0.0360414 0.0357487 0.0320908 0.0268201 0.0216771 0.0175615 0.0144674 0.011959
 1.04963e-16 5.39578e-05 0.000524489 0.00348541 0.0158442 0.0492973 0.105034 0.153305 0.153329 0.10515 0.0496857 0.016967 0.00630718 0.00669558 0.0118068 0.0195197 0.0283153 0.0360312 0.0404893 0.0406739 0.0372957 0.0322215 0.0272586 0.0232672 0.0201297 0.0173129
 1.04714e-16 6.16956e-05 0.000599703 0.00398524 0.0181163 0.0563667 0.120096 0.175287 0.175303 0.120174 0.0566291 0.0188752 0.0058932 0.00477526 0.0080227 0.0132467 0.0192679 0.0246348 0.027906 0.0284159 0.0266385 0.0237918 0.0210177 0.0188004 0.016973 0.0151231
 1.0096e-16 7.71688e-05 0.000750108 0.00498473 0.0226599 0.0705033 0.150215 0.219244 0.219248 0.150237 0.0705783 0.0228768 0.00552955 0.00194059 0.00234147 0.00375768 0.00542679 0.00686959 0.00765512 0.00758791 0.00681769 0.00572943 0.00470198 0.00392532 0.00338346 0.00295879
 1.02004e-16 3.56843e-05 0.000346865 0.00230504 0.0104784 0.0326025 0.0694649 0.101397 0.101448 0.0697147 0.0334409 0.012899 0.00837708 0.0135893 0.0251477 0.0414184 0.0594282 0.0742419 0.0808535 0.0769559 0.0643417 0.0477474 0.0321063 0.0203198 0.0128173 0.00852277
 1.01863e-16 7.45328e-05 0.000724485 0.00481446 0.0218858 0.068095 0.145084 0.211755 0.211759 0.145104 0.0681618 0.0220796 0.00530423 0.00180462 0.00215794 0.00353284 0.00527525 0.00703466 0.00849322 0.00948059 0.0100274 0.0102601 0.0102379 0.00989039 0.00910414 0.00786044
 1.02547e-16 5.25059e-05 0.000510376 0.00339163 0.0154179 0.0479709 0.102208 0.149182 0.149214 0.102362 0.0484889 0.0169136 0.00714386 0.00869435 0.0155745 0.0256108 0.0367642 0.045977 0.0501784 0.0479721 0.0404916 0.0306709 0.021531 0.0147952 0.0106268 0.00825648
 1.05224e-16 5.23984e-05 0.000509331 0.00338468 0.0153863 0.0478726 0.101998 0.148874 0.148897 0.102109 0.0482431 0.016458 0.00608118 0.00641678 0.011333 0.018812 0.0274635 0.0353015 0.0403048 0.0414906 0.0394101 0.0356079 0.0315281 0.0277807 0.0242127 0.0204719
 1.04813e-16 6.33299e-05 0.000615589 0.0040908 0.0185962 0.0578598 0.123277 0.179929 0.179944 0.123347 0.0580941 0.0192736 0.00579416 0.00434388 0.00717325 0.011836 0.0172279 0.0220565 0.0250491 0.025628 0.0242292 0.0219402 0.0197588 0.0180723 0.0166709 0.01513
 1.03389e-16 6.3615e-05 0.000618361 0.00410923 0.01868 0.0581204 0.123832 0.18074 0.180757 0.123915 0.0583978 0.0194816 0.00612229 0.00501577 0.00842371 0.0138484 0.0199984 0.0252683 0.0280686 0.027675 0.0246522 0.0204502 0.0165075 0.0135627 0.0115777 0.010114
 1.07496e-16 2.99209e-05 0.000290842 0.00193275 0.00878602 0.0273368 0.0582457 0.0850213 0.0850688 0.058478 0.0281169 0.0110401 0.00759398 0.0126602 0.0235534 0.0389745 0.0563364 0.0712534 0.079257 0.0782695 0.0697982 0.0578176 0.0462898 0.0372841 0.0307924 0.0257723
 1.07158e-16 6.33683e-05 0.000615962 0.00409328 0.0186075 0.0578948 0.123351 0.180037 0.180045 0.123392 0.0580311 0.0190032 0.00509475 0.00282908 0.0043456 0.00729126 0.0109833 0.0148328 0.0182632 0.0209863 0.0230869 0.0247792 0.0260586 0.0265874 0.0259133 0.0238145
 1.0656e-16 5.47761e-05 0.000532443 0.00353827 0.0160845 0.0500449 0.106627 0.15563 0.155655 0.106748 0.0504527 0.0172624 0.00649517 0.00698815 0.0123183 0.0202881 0.0292507 0.0368642 0.0407999 0.0400348 0.0354852 0.0293946 0.0239679 0.0203023 0.0182396 0.0169401
 1.09724e-16 3.95087e-05 0.000384039 0.00255208 0.0116014 0.0360964 0.0769084 0.112257 0.112291 0.0770723 0.036647 0.0131935 0.00655508 0.00914465 0.0167423 0.0277854 0.0404195 0.0516629 0.0584813 0.0594549 0.0555548 0.0493271 0.0431909 0.0382252 0.0341701 0.0302435
 1.07194e-16 6.28075e-05 0.000610511 0.00405706 0.0184428 0.0573825 0.12226 0.178444 0.178455 0.122314 0.0575653 0.0189721 0.00539128 0.00354188 0.00568548 0.0094462 0.0139474 0.0182731 0.021529 0.0233099 0.023893 0.0239291 0.0238945 0.02377 0.0231592 0.0216632
 1.05175e-16 5.9537e-05 0.000578721 0.00384581 0.0174825 0.0543946 0.115894 0.169155 0.169176 0.115994 0.0547293 0.0184493 0.00627331 0.00588013 0.0101346 0.0166793 0.0240699 0.0303806 0.0337014 0.0331815 0.0295442 0.0245904 0.0200936 0.0169428 0.015034 0.0137354
 1.09186e-16 3.25913e-05 0.000316799 0.00210524 0.00957015 0.0297765 0.0634436 0.0926066 0.0926488 0.06365 0.03047 0.0115745 0.00714157 0.0113283 0.020996 0.0347916 0.0504258 0.0640639 0.0717984 0.07181 0.0653935 0.0559496 0.046803 0.0395898 0.0341608 0.029553
 1.16956e-16 3.89728e-05 0.00037883 0.00251746 0.011444 0.0356067 0.0758646 0.110731 0.110751 0.0759647 0.0359438 0.0124221 0.00498906 0.00582898 0.0105508 0.0178042 0.0266392 0.0355994 0.0431921 0.0487085 0.0524921 0.0553404 0.0575762 0.058638 0.0575004 0.0534774
 1.06647e-16 6.99383e-05 0.000679825 0.00451768 0.0205367 0.0638974 0.13614 0.198702 0.198709 0.136174 0.0640115 0.0208669 0.00534909 0.00250325 0.00355849 0.00584134 0.00857633 0.0111555 0.0130263 0.0139809 0.0142826 0.0144551 0.0148916 0.0155936 0.0162071 0.016273
pSPR Fmed_Fpbrs
0.706617   0.6 0.325
Fs Fmed_Fpbrs
0.17807   0.269206 0.652998
SSBpbr Bo_Bmed_Bpbrs
2.2648e+06  1.4871e+06  1.24564e+06 622819
Ro
214207
SPR SPRFo_SPRFmed_SPRFpbrs
1.52893e+06 1.08037e+06 496903
Fref
0.269206
Nvult_r0
 263664 22831.3 10039.4 11063.8 4231.83
CTP_r0
 29572.9 2933.14 1289.76 1421.36 543.663
YTP_r0
391298
Np
 297312 86840.2 35553.2 2984.56 1681.21
Nvult_p0
 210472 62433.4 25560.8 2145.74 1208.7
CTP_p0
 39455.7 19290.1 1619.34 712.053 1033.82
 39455.7 13242.5 5421.59 455.122 256.372
YTP_p0
 691142 650474
CBA_c0
678942
log_Ro
12.0947
likeval ReclasPelacesDesembMPH_pf_preclas_ppelaces_ptallas_desvR_qrecl_qpela
 15.5608 17.3189 0.0933241 0.000812108 240.704 119.999 98.1203 0 23.008 6.92018e-06 1.84275e-06 0.475454 1.12555e-15 0 0
q_reclas_q_pelaces
0.688823 0.824376
M
1
N
 228216 52237.8 197092 10967.6 0.347429
 131401 77035.1 17381.8 65581.2 3649.5
 129719 41392.3 23646.6 5335.48 21250.9
 235403 41054.9 12775.5 7298.4 8205.77
 188256 69279.1 11640.9 3622.43 4396.12
 312347 64264.5 23356.4 3924.54 2703.33
 131380 98989.7 19866.4 7220.28 2048.91
 62048.1 35115.6 25085 5034.35 2348.9
 57039.7 21720.4 12191 8708.73 2563.24
 74427.9 17290.2 6374.73 3577.96 3308.22
 135632 21318.5 4749.93 1751.25 1891.76
 172256 46820.5 7281.51 1622.38 1244.3
 144764 47183.8 12209.1 1898.75 747.526
 101986 40502.2 12611.7 3263.36 707.323
 105088 24129 8902.14 2771.98 872.732
 550035 28814.6 6299.47 2324.12 951.541
 125150 156977 7882.48 1723.27 896.085
 836331 39095 47717.7 2396.1 796.228
 488026 259904 11812.2 14417.5 964.536
 373556 140688 71938.6 3269.49 4257.58
 564683 110715 40220.6 20566.1 2151.87
 755250 176363 33646.9 12223.3 6904.14
 163781 225784 50930.3 9716.6 5523.65
 481867 53368.7 72098.4 16263.3 4866.59
 405554 159622 17372.2 23469 6878.05
 183423 134058 51830.3 5640.87 9853.87
 407656 61879.6 44576.9 17234.6 5152.32
 455074 134863 20112 14488.3 7276.19
 136634 152779 44591 6649.8 7196.18
 102682 46076.2 50777.9 14820.3 4601.88
 390163 33450.5 14708.8 16209.7 6200.11
pred_Ctot
 11975.8 3179.78 11997.2 667.608 0.0211484
 12089.7 8184.01 1846.6 6967.18 387.713
 11595.7 4273.73 2441.49 550.885 2194.14
 30308.1 6076.74 1890.97 1080.27 1214.58
 8628.57 3686.15 619.38 192.74 233.905
 27684 6579.53 2391.27 401.802 276.772
 23306.4 20067.6 4027.4 1463.72 415.362
 1907.88 1255.58 896.93 180.007 83.9866
 6447.52 2827.88 1587.21 1133.83 333.72
 10630.6 2834.26 1044.96 586.509 542.292
 5312.31 970.037 216.132 79.6859 86.0791
 28486.5 8861.56 1378.15 307.062 235.505
 22407.7 8369.65 2165.7 336.808 132.599
 23842.8 10742.9 3345.15 865.578 187.611
 17325.5 4553.14 1679.83 523.072 164.684
 79585.2 4783.79 1045.83 385.849 157.974
 12093.9 17506.4 879.067 192.182 99.9329
 83211.2 4487.48 5477.22 275.034 91.3942
 68086.9 41631.9 1892.1 2309.42 154.501
 46708.6 20232.7 10345.6 470.192 612.29
 54632 12361.4 4490.65 2296.22 240.258
 90973.7 24446.9 4664.04 1694.36 957.033
 11944.9 19056.4 4298.56 820.089 466.201
 30583.3 3924.18 5301.36 1195.83 357.838
 26238.8 11962.7 1301.94 1758.86 515.469
 9687.18 8212.4 3175.14 345.561 603.651
 26180.4 4603.58 3316.33 1282.18 383.311
 25333.7 8705.68 1298.27 935.249 469.691
 7249 9401.65 2744.03 409.213 442.836
 7504.06 3896.74 4294.36 1253.38 389.188
 29572.9 2933.14 1289.76 1421.36 543.663
F
 0.0860302 0.100384 0.100384 0.100384 0.100384
 0.155157 0.181044 0.181044 0.181044 0.181044
 0.15046 0.175563 0.175563 0.175563 0.175563
 0.223156 0.260388 0.260388 0.260388 0.260388
 0.074795 0.0872739 0.0872739 0.0872739 0.0872739
 0.1491 0.173976 0.173976 0.173976 0.173976
 0.319449 0.372746 0.372746 0.372746 0.372746
 0.0496586 0.0579437 0.0579437 0.0579437 0.0579437
 0.193608 0.225909 0.225909 0.225909 0.225909
 0.250257 0.29201 0.29201 0.29201 0.29201
 0.0636214 0.0742361 0.0742361 0.0742361 0.0742361
 0.294933 0.34414 0.34414 0.34414 0.34414
 0.27375 0.319423 0.319423 0.319423 0.319423
 0.441419 0.515066 0.515066 0.515066 0.515066
 0.293913 0.34295 0.34295 0.34295 0.34295
 0.253882 0.29624 0.29624 0.29624 0.29624
 0.163517 0.190798 0.190798 0.190798 0.190798
 0.168712 0.19686 0.19686 0.19686 0.19686
 0.24382 0.2845 0.2845 0.2845 0.2845
 0.216111 0.252167 0.252167 0.252167 0.252167
 0.163722 0.191037 0.191037 0.191037 0.191037
 0.207469 0.242084 0.242084 0.242084 0.242084
 0.121308 0.141547 0.141547 0.141547 0.141547
 0.104859 0.122354 0.122354 0.122354 0.122354
 0.106985 0.124834 0.124834 0.124834 0.124834
 0.086604 0.101053 0.101053 0.101053 0.101053
 0.10616 0.123872 0.123872 0.123872 0.123872
 0.0914699 0.106731 0.106731 0.106731 0.106731
 0.0870131 0.101531 0.101531 0.101531 0.101531
 0.121568 0.141851 0.141851 0.141851 0.141851
 0.12633 0.147407 0.147407 0.147407 0.147407
YTP_r0W_actual
 245455 41357.3 35597.3 48610.7 20278.6
YTP_p0W_proyectada
 295523 302276 37455.3 20913 34974.3
 295523 207509 125401 13366.9 8673.07
CTP_r0_actual
 29572.9 2933.14 1289.76 1421.36 543.663
CTP_p0_proyectada
 39455.7 19290.1 1619.34 712.053 1033.82
 39455.7 13242.5 5421.59 455.122 256.372
Wmedp
 7.49 15.67 23.13 29.37 33.83
Frms_r0
 0.12633 0.147407 0.147407 0.147407 0.147407
Zrms_r0
 1.12633 1.14741 1.14741 1.14741 1.14741
nmprior
 8.19 8.8 8.5 0
nm_flota  nm_reclas  nm_pelaces    nm_pelaL
inf 11.8368 18.0228 42.9109
cv_recla  cv_pelaces  cv_mph
0.356813 0.471881 0.879452
 ------------------------------------------------
Talla a la edad & desviaci?n 
 8 13.2811 15.8009 17.003 17.5766
 0.8 1.32811 1.58009 1.7003 1.75766
