years
 1991 1992 1993 1994 1995 1996 1997 1998 1999 2000 2001 2002 2003 2004 2005 2006 2007 2008 2009 2010 2011 2012 2013 2014 2015 2016 2017 2018 2019 2020 2021
reclasobs
 0 0 0 0 0 0 0 0 0 252601 567819 844713 477998 351125 339783 2.1784e+06 2.13404e+06 4.81314e+06 1.55562e+06 2.62356e+06 3.21686e+06 3.843e+06 1.13348e+06 3.07943e+06 1.97215e+06 2.03268e+06 2.025e+06 2.42433e+06 2.27542e+06 1.05018e+06 2.36338e+06
reclaspred
 2.01604e+06 1.02976e+06 489775 404767 181378 460392 212545 42869 159866 121294 243540 424475 396076 270044 304761 759778 1.04194e+06 1.73297e+06 2.00131e+06 1.34926e+06 2.12247e+06 1.89331e+06 1.57377e+06 1.94664e+06 1.75451e+06 1.34257e+06 1.46596e+06 1.79493e+06 1.93096e+06 867343 1.00008e+06
pelacesobs
 0 0 0 0 0 0 0 0 0 0 0 0 0 0 0 552880 188675 0 991730 2.46772e+06 1.41603e+06 1.21717e+06 2.29649e+06 1.80582e+06 0 1.4828e+06 1.56532e+06 1.57751e+06 1.42118e+06 867257 1.10002e+06
pelacespred
 796363 474062 229224 133166 74867 198048 57238.8 15042.2 64085.7 40806.3 110920 161169 164859 114776 143415 304349 415910 783117 947681 629868 880345 881480 708686 973923 884014 644569 810959 990701 875880 466327 511389
mphobs
 0 0 0 0 0 0 0 0 0 0 0 498337 0 5186 125008 0 168611 109162 213762 579715 649985 157893 87575 83554 0 0 0 0 0 0 0
mphpred
 1.73916e+06 1.22349e+06 465116 402928 190064 102214 376416 53538.2 15182.3 139012 52541.5 305753 308286 228755 149079 255270 860999 751991 1.55299e+06 1.44618e+06 1.10526e+06 1.57856e+06 1.55851e+06 1.00239e+06 1.69638e+06 1.28129e+06 823025 1.20178e+06 1.85635e+06 1.06343e+06 451924
desembarqueobs
 494567 514787 250237 358949 120608 361735 552515 73892 212993 205616 52469 317467 293654 387597 252695 516296 358380 742168 942051 627588 828172 859565 418607 520667 417249 300574 415391 372974 316634 284311 391294
desembarquepred
 494666 515139 249279 358825 120549 361504 551791 73881.7 212957 205546 52441.7 317347 293646 387643 252671 516384 358546 742034 940908 627167 828649 859186 418569 520537 416958 300336 415261 372793 316465 284009 391139
Reclutas
 71216.1 26194.6 193325 22642.4 23261.6 233198 11116 3813.47 63365.6 23031.4 124786 120932 99785.7 76857 91218.6 433396 77472.6 645563 526121 151648 476241 594884 33891.5 382514 246066 62818.8 340732 362546 32207.2 24335.6 289390
log_desv_Rt
 -0.332086 -1.33225 0.666566 -1.47798 -1.451 0.854082 -2.18942 -3.25927 -0.448884 -1.46095 0.228793 0.197428 0.00521997 -0.255858 -0.0845463 1.47385 -0.24788 1.87232 1.66773 0.423755 1.56812 1.79056 -1.07464 1.34896 0.907797 -0.457551 1.23329 1.29535 -1.12562 -1.40586 1.06997
SSB
 1.73916e+06 1.22349e+06 465116 402928 190064 102214 376416 53538.2 15182.3 139012 52541.5 305753 308286 228755 149079 255270 860999 751991 1.55299e+06 1.44618e+06 1.10526e+06 1.57856e+06 1.55851e+06 1.00239e+06 1.69638e+06 1.28129e+06 823025 1.20178e+06 1.85635e+06 1.06343e+06 451924
BT
 2.28858e+06 1.62113e+06 897749 606047 303736 1.1607e+06 626427 114075 477800 307290 500459 774709 791942 810974 808570 1.63136e+06 1.3813e+06 3.58761e+06 3.9007e+06 2.22713e+06 3.70852e+06 3.46876e+06 2.07628e+06 3.97887e+06 2.75232e+06 1.93211e+06 3.35905e+06 3.70317e+06 2.32983e+06 1.42972e+06 2.32768e+06
Ftot
 0.230682 0.458854 0.469816 0.781926 0.601692 0.721834 1.88814 1.40065 1.1943 1.38646 0.204462 0.676455 0.67097 1.22889 0.754875 0.626976 0.3211 0.400063 0.435744 0.428998 0.364568 0.421039 0.249556 0.252308 0.223907 0.210833 0.267066 0.196671 0.155148 0.305564 0.366825
BD_Bspro_t
 0.963764 0.748381 0.491697 0.477342 0.298505 0.244502 0.418766 0.0865927 0.039641 0.282245 0.171031 0.618959 0.48488 0.371762 0.271701 0.385033 0.570006 0.523907 0.63679 0.581905 0.474511 0.560952 0.590378 0.527096 0.677397 0.669039 0.62698 0.724114 0.786262 0.68312 0.534937
BD_Bspro
 2.45463 1.72682 0.656457 0.568686 0.268254 0.144263 0.531267 0.075563 0.0214281 0.1962 0.0741562 0.431535 0.435111 0.322861 0.210408 0.360284 1.2152 1.06135 2.19187 2.04111 1.55995 2.22795 2.19965 1.41475 2.39425 1.8084 1.1616 1.69617 2.62003 1.50091 0.637839
BD_Bo
 1.03044 0.724908 0.275576 0.238731 0.112611 0.0605608 0.223022 0.0317208 0.00899536 0.0823633 0.0311303 0.181155 0.182657 0.135535 0.0883279 0.151245 0.510133 0.445547 0.920133 0.856846 0.654855 0.935278 0.923399 0.593903 1.00509 0.759154 0.487634 0.712041 1.09987 0.630073 0.26776
BD_Brms
 4.37819 3.08004 1.17089 1.01433 0.478469 0.257315 0.947593 0.134778 0.0382201 0.349951 0.132268 0.769705 0.776084 0.57587 0.375294 0.642619 2.16749 1.89307 3.90952 3.64062 2.78239 3.97387 3.9234 2.52342 4.27049 3.22555 2.07189 3.02537 4.6732 2.67709 1.13768
Sel_flota
 0.5 1 1 1 1
 0.5 1 1 1 1
 0.5 1 1 1 1
 0.5 1 1 1 1
 0.5 1 1 1 1
 0.5 1 1 1 1
 0.5 1 1 1 1
 0.5 1 1 1 1
 0.5 1 1 1 1
 0.5 1 1 1 1
 0.5 1 1 1 1
 0.5 1 1 1 1
 0.5 1 1 1 1
 0.5 1 1 1 1
 0.5 1 1 1 1
 0.5 1 1 1 1
 0.5 1 1 1 1
 0.5 1 1 1 1
 0.5 1 1 1 1
 0.5 1 1 1 1
 0.5 1 1 1 1
 0.5 1 1 1 1
 0.5 1 1 1 1
 0.5 1 1 1 1
 0.5 1 1 1 1
 0.5 1 1 1 1
 0.5 1 1 1 1
 0.5 1 1 1 1
 0.5 1 1 1 1
 0.5 1 1 1 1
 0.5 1 1 1 1
Sel_reclas
 0.5 1 1 1 1
 0.5 1 1 1 1
 0.5 1 1 1 1
 0.5 1 1 1 1
 0.5 1 1 1 1
 0.5 1 1 1 1
 0.5 1 1 1 1
 0.5 1 1 1 1
 0.5 1 1 1 1
 0.5 1 1 1 1
 0.5 1 1 1 1
 0.5 1 1 1 1
 0.5 1 1 1 1
 0.5 1 1 1 1
 0.5 1 1 1 1
 0.5 1 1 1 1
 0.5 1 1 1 1
 0.5 1 1 1 1
 0.5 1 1 1 1
 0.5 1 1 1 1
 0.5 1 1 1 1
 0.5 1 1 1 1
 0.5 1 1 1 1
 0.5 1 1 1 1
 0.5 1 1 1 1
 0.5 1 1 1 1
 0.5 1 1 1 1
 0.5 1 1 1 1
 0.5 1 1 1 1
 0.5 1 1 1 1
 0.5 1 1 1 1
Sel_pelaces
 0.5 1 1 1 1
 0.5 1 1 1 1
 0.5 1 1 1 1
 0.5 1 1 1 1
 0.5 1 1 1 1
 0.5 1 1 1 1
 0.5 1 1 1 1
 0.5 1 1 1 1
 0.5 1 1 1 1
 0.5 1 1 1 1
 0.5 1 1 1 1
 0.5 1 1 1 1
 0.5 1 1 1 1
 0.5 1 1 1 1
 0.5 1 1 1 1
 0.5 1 1 1 1
 0.5 1 1 1 1
 0.5 1 1 1 1
 0.5 1 1 1 1
 0.5 1 1 1 1
 0.5 1 1 1 1
 0.5 1 1 1 1
 0.5 1 1 1 1
 0.5 1 1 1 1
 0.5 1 1 1 1
 0.5 1 1 1 1
 0.5 1 1 1 1
 0.5 1 1 1 1
 0.5 1 1 1 1
 0.5 1 1 1 1
 0.5 1 1 1 1
pf_obs 
 0.8446 0.082 0.0669 0.0065 0
 0.8095 0.147 0.0364 0.0071 0
 0.9664 0.0169 0.016 0.0007 0
 0.9276 0.0648 0.0075 0.0001 0
 0.7033 0.2144 0.0806 0.0017 0
 0.9318 0.0425 0.0243 0.0014 0
 0.5671 0.3108 0.0964 0.0239 0.0018
 0.0768 0.2599 0.5324 0.112 0.0189
 0.490249 0.384438 0.106611 0.0170017 0.00170017
 0.7925 0.1577 0.0466 0.003 0.0002
 0.840416 0.127587 0.0312969 0.00059994 9.999e-05
 0.8084 0.0986 0.0794 0.0134 0.0002
 0.7335 0.1905 0.0724 0.0035 0.0001
 0.4001 0.4547 0.1325 0.0127 0
 0.49795 0.308269 0.164784 0.0264974 0.00249975
 0.9179 0.0499 0.0305 0.0017 0
 0.2467 0.6533 0.0926 0.0074 0
 0.9418 0.0223 0.034 0.0019 0
 0.707729 0.231977 0.0356964 0.0245975 0
 0.517169 0.277429 0.184464 0.0207286 0.00020938
 0.811772 0.124168 0.05621 0.00726502 0.000585176
 0.764997 0.148141 0.077277 0.00933861 0.000247198
 0.163321 0.427699 0.378323 0.0303852 0.000271297
 0.753843 0.0900009 0.118128 0.0371064 0.000921714
 0.721811 0.176058 0.0630433 0.0369309 0.00215725
 0.143369 0.312575 0.442814 0.0836902 0.0175525
 0.692698 0.0596174 0.167031 0.0765114 0.00414204
 0.394062 0.376323 0.152708 0.0712218 0.00568511
 0.125707 0.32114 0.495352 0.0537591 0.00404204
 0.23352 0.215282 0.420074 0.123614 0.00750983
 0.796117 0.104755 0.0508955 0.0450114 0.00322123
pf_pred 
 0.141563 0.856419 8.39176e-06 0.00146155 0.000547816
 0.138088 0.225001 0.635414 6.22621e-06 0.00149084
 0.788303 0.0569986 0.0403836 0.114046 0.000268696
 0.172645 0.741115 0.0232198 0.0164512 0.0465687
 0.446188 0.192612 0.32355 0.0101371 0.0275127
 0.932949 0.0442437 0.00793213 0.0133244 0.00155049
 0.108577 0.866559 0.0164066 0.00294143 0.00551597
 0.325428 0.213955 0.447769 0.00847764 0.00437011
 0.971378 0.0173155 0.00358607 0.00750498 0.000215339
 0.529559 0.465783 0.00281754 0.000583516 0.00125623
 0.922974 0.0601159 0.0167426 0.000101277 6.61299e-05
 0.614762 0.370682 0.0113605 0.00316396 3.16359e-05
 0.587539 0.328927 0.0803781 0.00246339 0.000692928
 0.585404 0.322638 0.0733342 0.0179203 0.000703701
 0.735167 0.214027 0.0395375 0.0089867 0.00228227
 0.902855 0.0850477 0.00977686 0.00180609 0.000514772
 0.25338 0.714934 0.0277399 0.0031889 0.000756994
 0.860243 0.0597804 0.0765824 0.00297145 0.000422677
 0.578916 0.392814 0.0120922 0.0154908 0.00068655
 0.286687 0.540962 0.16078 0.00494936 0.00662144
 0.731022 0.128564 0.106487 0.0316492 0.00227768
 0.655169 0.29604 0.0233208 0.0193162 0.00615417
 0.0754505 0.750681 0.149267 0.0117586 0.0128425
 0.732215 0.040044 0.184913 0.0367684 0.00605992
 0.470161 0.453009 0.0114889 0.0530526 0.0122877
 0.209625 0.517551 0.233263 0.00591582 0.0336449
 0.757263 0.0876084 0.101581 0.045783 0.00776467
 0.599745 0.348661 0.0186213 0.0215912 0.0113816
 0.0946858 0.688574 0.188802 0.0100836 0.017855
 0.174879 0.148234 0.514834 0.141164 0.0208891
 0.865297 0.0427289 0.0165232 0.0573872 0.0180636
pobs_RECLAS
 0 0 0 0 0
 0 0 0 0 0
 0 0 0 0 0
 0 0 0 0 0
 0 0 0 0 0
 0 0 0 0 0
 0 0 0 0 0
 0 0 0 0 0
 0 0 0 0 0
 0 0 0 0 0
 0.991045 0.00858322 0.000360255 1.14367e-05 0
 0.934742 0.0480273 0.0164251 0.00080598 0
 0.827803 0.169806 0.00239088 0 0
 0.941827 0.0461693 0.0120037 0 0
 0.791401 0.0380133 0.147996 0.0225897 0
 0.846168 0.0940531 0.0597789 0 0
 0.134021 0.677848 0.182769 0.00536245 0
 0.80878 0.0450904 0.141981 0.00414843 0
 0.846168 0.0940531 0.0597789 0 0
 0.905697 0.0802665 0.012482 0.00150086 5.37128e-05
 0.989698 0.0102097 9.19794e-05 0 0
 0.975433 0.0193895 0.00387452 0.00125025 5.28907e-05
 0.303575 0.632131 0.0575291 0.00676475 0
 0.966965 0.00978017 0.0227588 0.000495775 0
 0.843318 0.132988 0.00938335 0.0141283 0.000182051
 0.564624 0.303363 0.111486 0.0197234 0.00080311
 0.826376 0.0876187 0.0782897 0.00655872 0.00115652
 0.89761 0.0855135 0.0140674 0.00269457 0.000114338
 0.34875 0.467042 0.161289 0.0227151 0.000203297
 0.318654 0.224769 0.449479 0.00709798 0
 0.937255 0.0296025 0.0250945 0.00804832 0
ppred_RECLAS
 0.142908 0.855078 8.37862e-06 0.00145926 0.000546957
 0.141085 0.224218 0.633205 6.20456e-06 0.00148565
 0.79256 0.0558527 0.0395717 0.111753 0.000263294
 0.179847 0.734664 0.0230176 0.016308 0.0461633
 0.454891 0.189585 0.318466 0.0099778 0.0270804
 0.935686 0.0424379 0.00760838 0.0127806 0.00148721
 0.126531 0.849105 0.0160762 0.00288218 0.00540488
 0.350447 0.20602 0.431161 0.00816321 0.00420803
 0.973752 0.0158794 0.00328864 0.00688252 0.000197479
 0.556904 0.43871 0.00265377 0.0005496 0.00118321
 0.923655 0.0595846 0.0165947 0.000100382 6.55454e-05
 0.624411 0.361397 0.0110759 0.00308471 3.08435e-05
 0.597319 0.321127 0.0784722 0.00240498 0.000676497
 0.607713 0.305277 0.0693881 0.016956 0.000665836
 0.744279 0.206663 0.0381771 0.00867748 0.00220374
 0.906058 0.0822428 0.00945441 0.00174653 0.000497795
 0.256455 0.71199 0.0276257 0.00317577 0.000753876
 0.862758 0.0587045 0.0752042 0.00291797 0.00041507
 0.584611 0.387501 0.0119286 0.0152813 0.000677265
 0.291405 0.537384 0.159717 0.00491662 0.00657764
 0.73471 0.126801 0.105027 0.0312153 0.00224646
 0.660221 0.291703 0.0229792 0.0190333 0.00606401
 0.0762963 0.749995 0.14913 0.0117479 0.0128307
 0.734603 0.0396868 0.183264 0.0364405 0.00600587
 0.472817 0.450739 0.0114313 0.0527867 0.0122261
 0.211279 0.516468 0.232775 0.00590345 0.0335745
 0.759653 0.0867459 0.100581 0.0453322 0.00768822
 0.601952 0.346738 0.0185186 0.0214721 0.0113189
 0.0952937 0.688111 0.188675 0.0100768 0.017843
 0.177093 0.147836 0.513453 0.140785 0.0208331
 0.867494 0.0420321 0.0162538 0.0564513 0.017769
pobs_PELACES
 0 0 0 0 0
 0 0 0 0 0
 0 0 0 0 0
 0 0 0 0 0
 0 0 0 0 0
 0 0 0 0 0
 0 0 0 0 0
 0 0 0 0 0
 0 0 0 0 0
 0 0 0 0 0
 0 0 0 0 0
 0 0 0 0 0
 0 0 0 0 0
 0 0 0 0 0
 0 0 0 0 0
 0 0 0 0 0
 0.505614 0.472636 0.0217494 0 0
 0 0 0 0 0
 0.443492 0.261883 0.143347 0.151278 0
 0.227955 0.32914 0.350689 0.0885471 0.00366901
 0.970185 0.0296113 0.000203453 0 0
 0.997202 0.00247181 0.000326279 0 0
 0.445219 0.490057 0.0546422 0.010081 0
 0.90214 0.0892962 0.00764917 0.000914606 0
 0 0 0 0 0
 0.581667 0.319106 0.0959925 0.00289975 0.000334073
 0.762889 0.0836404 0.116647 0.0363945 0.000428098
 0.88444 0.0763242 0.0277011 0.0115352 0
 0.521256 0.241999 0.230069 0.00667565 0
 0.616807 0.101726 0.260614 0.0208532 0
 0.833518 0.0704572 0.0857862 0.0102388 0
ppred_PELACES
 0.147634 0.850363 8.33242e-06 0.00145122 0.000543942
 0.150511 0.221757 0.626256 6.13647e-06 0.00146935
 0.805016 0.0524989 0.0371955 0.105042 0.000247484
 0.199669 0.716908 0.0224613 0.0159139 0.0450476
 0.479599 0.180992 0.30403 0.00952553 0.0258529
 0.942492 0.0379468 0.00680322 0.0114281 0.00132982
 0.165145 0.811569 0.0153655 0.00275477 0.00516595
 0.404689 0.188816 0.395157 0.00748153 0.00385664
 0.978345 0.0131007 0.00271318 0.00567818 0.000162923
 0.61239 0.383772 0.00232145 0.000480776 0.00103504
 0.926 0.0577543 0.0160849 9.72982e-05 6.3532e-05
 0.650203 0.33658 0.0103154 0.00287289 2.87255e-05
 0.623638 0.300139 0.0733434 0.00224779 0.000632283
 0.654861 0.268587 0.0610485 0.0149181 0.00058581
 0.767256 0.188093 0.0347468 0.00789778 0.00200573
 0.914502 0.0748511 0.00860468 0.00158956 0.000453054
 0.266687 0.702192 0.0272455 0.00313207 0.000743502
 0.870389 0.0554406 0.0710229 0.00275573 0.000391993
 0.601958 0.371319 0.0114305 0.0146431 0.000648982
 0.306234 0.526138 0.156374 0.00481373 0.00643999
 0.746268 0.121276 0.100451 0.0298553 0.00214858
 0.675627 0.278476 0.0219372 0.0181702 0.00578905
 0.0792493 0.747597 0.148654 0.0117103 0.0127897
 0.74264 0.038485 0.177714 0.035337 0.005824
 0.482034 0.442859 0.0112314 0.0518638 0.0120124
 0.217134 0.512634 0.231047 0.00585962 0.0333253
 0.767606 0.0838754 0.0972524 0.0438321 0.00743381
 0.609701 0.339988 0.0181581 0.0210541 0.0110985
 0.0975236 0.686415 0.18821 0.010052 0.017799
 0.18456 0.146495 0.508793 0.139508 0.020644
 0.874298 0.0398738 0.0154192 0.0535526 0.0168566
pobs_pel_tallas
 0 0 0 0 0 0 0 0 0 0 0 0 0 0 0 0 0 0 0 0 0 0 0 0 0 0
 0 0 0 0 0 0 0 0 0 0 0 0 0 0 0 0 0 0 0 0 0 0 0 0 0 0
 0 0 0 0 0 0 0 0 0 0 0 0 0 0 0 0 0 0 0 0 0 0 0 0 0 0
 0 0 0 0 0 0 0 0 0 0 0 0 0 0 0 0 0 0 0 0 0 0 0 0 0 0
 0 0 0 0 0 0 0 0 0 0 0 0 0 0 0 0 0 0 0 0 0 0 0 0 0 0
 0 0 0 0 0 0 0 0 0 0 0 0 0 0 0 0 0 0 0 0 0 0 0 0 0 0
 0 0 0 0 0 0 0 0 0 0 0 0 0 0 0 0 0 0 0 0 0 0 0 0 0 0
 0 0 0 0 0 0 0 0 0 0 0 0 0 0 0 0 0 0 0 0 0 0 0 0 0 0
 0 0 0 0 0 0 0 0 0 0 0 0 0 0 0 0 0 0 0 0 0 0 0 0 0 0
 0 0 0 0 0 0 0 0 0 0 0 0 0 0 0 0 0 0 0 0 0 0 0 0 0 0
 0 0 0 0 0 0 0 0 0 0 0 0 0 0 0 0 0 0 0 0 0 0 0 0 0 0
 0 0 0 0 0 0 0 0 0 0 0 0 0 0 0 0 0 0 0 0 0 0 0 0 0 0
 0.00862536 0 0 0.000197151 0.00414017 0.0128641 0.00837892 0.0270097 0.101434 0.158115 0.152841 0.127902 0.109271 0.109419 0.0830992 0.0579132 0.0238553 0.00714673 0.00463305 0.00128148 0.00103504 0.000492878 0.000147863 0.000147863 4.92878e-05 0
 0 0 0 0 0 0 0 0 0 0 0 0 0 0 0 0 0 0 0 0 0 0 0 0 0 0
 0 0 0 0 0 0 0 0.0054083 0.00873648 0.0413646 0.0450493 0.0745869 0.0622846 0.0627006 0.0613931 0.0827291 0.12552 0.122667 0.0946155 0.0697135 0.0546179 0.0294188 0.0215738 0.0213955 0.0102223 0.00600262
 0 0 0 0 0.00359764 0.0251062 0.0480494 0.140153 0.205849 0.193036 0.1447 0.116669 0.0760912 0.0342217 0.00950174 0.001854 0.000860785 0 0 0 0.000165536 0 0.000143464 0 0 0
 0 0 0 0 0 0 0 0.000145254 0.000435761 0.0275982 0.070085 0.0708112 0.156366 0.174668 0.174014 0.160142 0.0824315 0.0480064 0.0283245 0.00493863 0.00203355 0 0 0 0 0
 0 0 0 0 0 0 0 0 0 0 0 0 0 0 0 0 0 0 0 0 0 0 0 0 0 0
 0 0 1.00437e-05 0.000401748 0.00122533 0.00171747 0.00176769 0.0269171 0.070346 0.194647 0.189555 0.159765 0.064822 0.0314167 0.0384472 0.0292271 0.0345202 0.0313363 0.0194345 0.0106764 0.0143323 0.0359363 0.0279516 0.0138201 0.00172751 0
 0 0.0021121 0.0136068 0.0755702 0.200478 0.177729 0.0527432 0.0373336 0.0318909 0.0142505 0.0149659 0.0166563 0.0217959 0.0798694 0.0677717 0.0528807 0.04013 0.0224614 0.0357745 0.0225083 0.00881397 0.00855152 0.00135912 0.000746735 0 0
 0 0 0 0 5.4009e-05 0.00500934 0.000945158 0.0243581 0.138947 0.33067 0.221406 0.137944 0.0707744 0.0437923 0.0131692 0.00525238 0.0047753 0.00276346 9.45158e-05 9.00151e-06 2.25038e-05 9.00151e-06 4.50075e-06 0 0 0
 0.000866109 0.00284123 0.00948549 0.0512746 0.133035 0.25785 0.225252 0.132002 0.0553304 0.0519788 0.0540692 0.017754 0.00435017 0.00159236 0.00146478 0.000404838 0.000125132 0.000115318 0.000107957 0.000100596 0 0 0 0 0 0
 0 0 0 0 0.00144013 0.00171154 0.00461396 0.0210425 0.0478622 0.0707936 0.0888783 0.103762 0.0637923 0.0337046 0.0602308 0.124433 0.169614 0.0934646 0.0462172 0.0250306 0.0313229 0.00938855 0.002487 0.000210481 0 0
 0 0.00764035 0.051015 0.0998891 0.058973 0.0496711 0.0374665 0.0718981 0.12319 0.153886 0.159021 0.0857701 0.0377988 0.023471 0.0147837 0.00900784 0.00315554 0.000888139 0.00291439 0.00214683 0.00393193 0.00274676 0.000635225 9.99891e-05 0 0
 0 0 0 0 0 0 0 0 0 0 0 0 0 0 0 0 0 0 0 0 0 0 0 0 0 0
 0 0 0 0 0 0 0 0 0 0 0 0 0 0 0 0 0 0 0 0 0 0 0 0 0 0
 0 0 0 0 0 0 0 0 0 0 0 0 0 0 0 0 0 0 0 0 0 0 0 0 0 0
 0 0 0 0 0 0 0 0 0 0 0 0 0 0 0 0 0 0 0 0 0 0 0 0 0 0
 0 0 0 0 0 0 0 0 0 0 0 0 0 0 0 0 0 0 0 0 0 0 0 0 0 0
 0 0 0 0 0 0 0 0 0 0 0 0 0 0 0 0 0 0 0 0 0 0 0 0 0 0
 0 0 0 0 0 0 0 0 0 0 0 0 0 0 0 0 0 0 0 0 0 0 0 0 0 0
ppred_pel_tallas
 1.00456e-16 1.21606e-05 0.000118205 0.000785518 0.0035709 0.0111108 0.0236758 0.0345727 0.0346545 0.0240753 0.0124514 0.00744046 0.010489 0.0212693 0.0400882 0.0660091 0.0945112 0.117639 0.127296 0.119761 0.0979804 0.0697414 0.0432433 0.023437 0.0112091 0.00485812
 1.18379e-16 1.23975e-05 0.000120508 0.000800818 0.00364041 0.0113268 0.0241338 0.0352286 0.0352509 0.0242431 0.0116966 0.00472001 0.00355443 0.00627574 0.0121228 0.0211135 0.0329419 0.0466579 0.0610707 0.0752577 0.0885178 0.099734 0.106912 0.10768 0.100615 0.0863734
 1.11664e-16 6.63081e-05 0.000644538 0.00428318 0.0194707 0.0605807 0.129074 0.188388 0.188393 0.129099 0.0606655 0.0197168 0.00490528 0.00201817 0.00272272 0.00452668 0.00683608 0.00931329 0.0117049 0.0140062 0.0164842 0.0194401 0.0228666 0.0262724 0.0288219 0.0296997
 1.10051e-16 1.64466e-05 0.000159867 0.00106238 0.00482945 0.0150266 0.0320183 0.0467461 0.046815 0.0323553 0.0161578 0.00809538 0.00925484 0.0180262 0.033896 0.0558779 0.080189 0.100224 0.109293 0.104393 0.0880875 0.0669145 0.0475979 0.0339622 0.0262968 0.0227044
 1.14151e-16 3.9504e-05 0.000383993 0.00255177 0.0116 0.0360919 0.0768984 0.112239 0.112257 0.0769859 0.0363872 0.0124585 0.00472764 0.00520317 0.00939465 0.0159967 0.0242684 0.0330753 0.0411988 0.047947 0.0533113 0.0574679 0.0601305 0.0604459 0.0575664 0.051373
 1.01578e-16 7.76318e-05 0.000754609 0.00501464 0.0227958 0.0709263 0.151116 0.220559 0.220563 0.151134 0.0709865 0.0229696 0.00545121 0.00170885 0.00189371 0.00301835 0.00436697 0.0055516 0.00623966 0.00629233 0.00584693 0.00521998 0.00470335 0.00441154 0.0042721 0.00412579
 1.01802e-16 1.36029e-05 0.000132225 0.000878686 0.00399443 0.0124286 0.0264833 0.0386695 0.0387475 0.0268646 0.0137085 0.0076893 0.0101454 0.0203352 0.0383054 0.0631023 0.0904244 0.112711 0.12227 0.115563 0.0953797 0.0690835 0.0443948 0.0259268 0.0144451 0.00830178
 1.12855e-16 3.33337e-05 0.000324016 0.0021532 0.00978814 0.0304546 0.0648875 0.0947092 0.0947279 0.0649795 0.0307651 0.0106921 0.00444942 0.00542651 0.00998624 0.017138 0.0262647 0.0363022 0.046051 0.054737 0.0621066 0.0679085 0.0713367 0.0711298 0.0663662 0.0572824
 1.00679e-16 8.0585e-05 0.000783315 0.0052054 0.023663 0.0736244 0.156865 0.228949 0.22895 0.156871 0.0736452 0.0237231 0.0053564 0.00111357 0.000709767 0.00105127 0.0015201 0.00194197 0.00220207 0.00225532 0.00215039 0.00199427 0.00188093 0.00183911 0.00183169 0.00179419
 1.00389e-16 5.04419e-05 0.000490313 0.0032583 0.0148118 0.0460852 0.0981908 0.14332 0.143357 0.098371 0.0466903 0.0165584 0.0076384 0.0100383 0.0181433 0.0298084 0.0426858 0.0531538 0.0575606 0.0542279 0.0444813 0.0318256 0.0199461 0.0110619 0.0055636 0.00268153
 1.005e-16 7.62734e-05 0.000741405 0.00492689 0.022397 0.0696853 0.148472 0.2167 0.216706 0.148499 0.0697768 0.0226616 0.00559166 0.00219435 0.00284075 0.0045886 0.00663226 0.00840015 0.00936157 0.00926471 0.00827189 0.00683122 0.00539338 0.00420053 0.00327038 0.00251565
 1.00677e-16 5.35564e-05 0.000520587 0.00345949 0.0157263 0.0489307 0.104253 0.152167 0.1522 0.104411 0.0494616 0.0172592 0.0073041 0.00890349 0.015945 0.026199 0.0375555 0.0468481 0.0508887 0.0482091 0.0399544 0.0291551 0.0189825 0.0113239 0.00648692 0.00380106
 1.02526e-16 5.13683e-05 0.000499318 0.00331815 0.0150838 0.0469315 0.0999937 0.14595 0.145979 0.100135 0.0474071 0.0164579 0.00676935 0.0080401 0.0143922 0.0237621 0.0343392 0.0434131 0.0482354 0.0475021 0.0420845 0.0343637 0.0267448 0.0205356 0.0158402 0.0121712
 1.03426e-16 5.39401e-05 0.000524317 0.00348427 0.015839 0.0492812 0.105 0.153256 0.153281 0.105126 0.0497067 0.0170685 0.00657224 0.00727137 0.0128854 0.0212626 0.0307311 0.0388678 0.04323 0.0426779 0.0380231 0.0314203 0.0250192 0.0199457 0.0162074 0.0132648
 1.02183e-16 6.31979e-05 0.000614306 0.00408228 0.0185575 0.0577393 0.12302 0.179556 0.179574 0.123109 0.058037 0.0194175 0.00624181 0.00533069 0.00902669 0.0148392 0.0214081 0.027 0.0298889 0.0292743 0.0257431 0.0208472 0.0161514 0.0125002 0.00992879 0.00804992
 1.00504e-16 7.53263e-05 0.000732199 0.00486572 0.0221188 0.06882 0.146629 0.21401 0.214017 0.146664 0.0689383 0.0224605 0.00572307 0.00260324 0.00362708 0.00587258 0.00844166 0.0105926 0.0116243 0.0112136 0.00960291 0.00743543 0.00537226 0.00378959 0.00272918 0.00204214
 1.01406e-16 2.19668e-05 0.000213525 0.00141895 0.0064504 0.02007 0.0427636 0.062429 0.0624965 0.0430937 0.0211778 0.00964883 0.00944159 0.0177075 0.0331888 0.0546821 0.0784142 0.0978579 0.106372 0.10089 0.0837829 0.0613471 0.0401675 0.0241616 0.0139734 0.00822937
 1.02407e-16 7.16928e-05 0.000696879 0.00463101 0.0210519 0.0655003 0.139556 0.203686 0.203692 0.139582 0.06559 0.0213123 0.00528921 0.00214918 0.00287495 0.00475652 0.00711651 0.00951172 0.0115199 0.0129098 0.0137117 0.0140771 0.0140648 0.0135667 0.0124313 0.0106507
 1.02004e-16 4.95826e-05 0.00048196 0.0032028 0.0145595 0.0453001 0.096518 0.140878 0.140914 0.0966925 0.045886 0.0162508 0.00744533 0.00973349 0.0175908 0.028927 0.0414898 0.0518094 0.0563917 0.0536428 0.044846 0.0333464 0.022613 0.0146622 0.00974298 0.00702551
 1.0622e-16 2.52242e-05 0.000245189 0.00162937 0.0074069 0.0230459 0.0491036 0.0716787 0.0717296 0.049352 0.0238804 0.00981888 0.00768955 0.0134936 0.0252415 0.0418317 0.0605851 0.0768591 0.085891 0.0854113 0.0768967 0.064391 0.0519245 0.0416062 0.0335039 0.0267591
 1.06288e-16 6.14692e-05 0.000597502 0.00397061 0.0180498 0.0561598 0.119655 0.174642 0.174654 0.119713 0.0563545 0.0186139 0.00539316 0.00372533 0.00606774 0.0101069 0.0149593 0.0196653 0.0232729 0.0253258 0.0260618 0.0260921 0.0258473 0.0252764 0.0240046 0.02173
 1.03507e-16 5.56506e-05 0.000540944 0.00359476 0.0163413 0.0508439 0.108329 0.158116 0.158142 0.10846 0.0512838 0.0176115 0.00678223 0.00749585 0.0132547 0.0218003 0.0313445 0.0393096 0.0431158 0.041596 0.0357062 0.0278981 0.0206665 0.0153896 0.0121304 0.0101904
 1.0782e-16 6.52782e-06 6.34528e-05 0.00042167 0.00191689 0.00596455 0.0127108 0.0185669 0.018639 0.0130632 0.00714806 0.00533603 0.00900712 0.0188152 0.0356475 0.0589942 0.0851476 0.107412 0.118928 0.116486 0.102372 0.0827107 0.0637007 0.0487306 0.0380303 0.0301815
 1.09668e-16 6.11703e-05 0.000594597 0.00395131 0.0179621 0.0558867 0.119073 0.173791 0.173795 0.119092 0.0559534 0.0181583 0.00445736 0.00174427 0.00237662 0.00417761 0.00681991 0.0102686 0.01449 0.0194163 0.0248353 0.0302185 0.0346737 0.0371739 0.0369879 0.0340422
 1.07672e-16 3.97046e-05 0.000385943 0.00256473 0.0116589 0.0362754 0.0772901 0.112816 0.112859 0.0774984 0.0369744 0.013677 0.0076276 0.0114291 0.020987 0.0345689 0.0496537 0.0621713 0.0680354 0.0654428 0.0560143 0.0437746 0.0327883 0.0252503 0.0211317 0.0190856
 1.13026e-16 1.78852e-05 0.00017385 0.0011553 0.00525185 0.0163407 0.0348175 0.0508275 0.0508772 0.0350602 0.0171565 0.00761126 0.00708955 0.0131675 0.0248095 0.0412849 0.0601639 0.0771005 0.087618 0.0895748 0.084294 0.0753695 0.0662049 0.0583052 0.0513459 0.044382
 1.08482e-16 6.32267e-05 0.000614586 0.00408414 0.0185659 0.0577655 0.123076 0.179635 0.179643 0.123116 0.0579013 0.0189599 0.00508036 0.00281377 0.00431216 0.00721959 0.010845 0.0145951 0.0179042 0.0205214 0.0225985 0.0244311 0.0260741 0.0271837 0.0272143 0.0257829
 1.04601e-16 5.02204e-05 0.00048816 0.003244 0.0147468 0.0458828 0.0977594 0.142689 0.142722 0.0979193 0.0464196 0.0162966 0.00713258 0.00897087 0.0161429 0.0265637 0.0381612 0.0477897 0.0522929 0.0502517 0.0428619 0.0331676 0.0242741 0.0179084 0.0141526 0.0121112
 1.09627e-16 8.03304e-06 7.8084e-05 0.000518899 0.00235888 0.00733971 0.0156405 0.0228416 0.0229079 0.0159645 0.00842804 0.00550411 0.00842043 0.0173489 0.0328717 0.0544947 0.0788801 0.0999769 0.111573 0.110735 0.0994577 0.0831124 0.067052 0.0540704 0.0442086 0.0362078
 1.32205e-16 1.5202e-05 0.000147769 0.000981979 0.00446394 0.0138891 0.0295927 0.0431945 0.0432094 0.029666 0.0141375 0.00519205 0.00284896 0.00435401 0.00838805 0.0148515 0.0237584 0.0348521 0.0477779 0.0622731 0.0779287 0.0935742 0.106907 0.114976 0.11541 0.10761
 1.08679e-16 7.20148e-05 0.000700009 0.00465181 0.0211464 0.0657944 0.140182 0.204601 0.204605 0.140201 0.0658583 0.0213314 0.00511819 0.00172558 0.00204287 0.00332763 0.00494841 0.00659127 0.00802275 0.00922065 0.0104164 0.0119324 0.0139137 0.0161558 0.0181477 0.0192935
pSPR Fmed_Fpbrs
0.513248   0.285357 0.285357
Fs Fmed_Fpbrs
0.461918   1.005 1.005
SSBpbr Bo_Bmed_Bpbrs
1.68779e+06  781867  397234 397234
Ro
99266.2
SPR SPRFo_SPRFmed_SPRFpbrs
708524 363649 202182
Fref
1.005
Nvult_r0
 200770 5725.34 2213.98 7689.43 2420.38
CTP_r0
 31116.5 1536.55 594.184 2063.67 649.576
YTP_r0
391139
Np
 194014 43182.2 11933.7 263.773 115.736
Nvult_p0
 150832 37367.3 10326.7 228.253 100.151
CTP_p0
 50444.5 38439 849.629 328.551 1431.98
 50444.5 18730.2 5176.21 114.411 50.2005
YTP_p0
 1.05791e+06 796117
CBA_c0
979375
log_Ro
11.3256
likeval ReclasPelacesDesembMPH_pf_preclas_ppelaces_ptallas_desvR_qrecl_qpela
 39.9596 41.6131 0.120588 0.00229023 289.52 138.782 116.202 0 71.1464 0 0 0.33176 0 0 0
q_reclas_q_pelaces
1 1
M
1
N
 71216.1 225706 2.21162 385.187 144.375
 26194.6 23344.9 65927.3 0.645999 154.682
 193325 7660.88 5427.75 15328.3 36.114
 22642.4 56230.7 1761.76 1248.21 3533.31
 23261.6 5634.23 9464.39 296.528 804.795
 233198 6334.17 1135.61 1907.6 221.977
 11116 59797.8 1132.16 202.976 380.636
 3813.47 1590.93 3329.51 63.0379 32.4952
 63365.6 696.432 144.232 301.85 8.66095
 23031.4 12829.8 77.6081 16.0727 34.6024
 124786 4236.03 1179.76 7.1364 4.6598
 120932 41445 1270.19 353.754 3.53713
 99785.7 31721.8 7751.7 237.571 66.8263
 76857 26246.7 5965.75 1457.82 57.2462
 91218.6 15294.6 2825.4 642.201 163.094
 433396 23007.5 2644.88 488.593 139.259
 77472.6 116532 4521.51 519.78 123.387
 645563 24273.2 31095.5 1206.53 171.624
 526121 194434 5985.33 7667.58 339.826
 151648 155658 46263.3 1424.14 1905.27
 476241 45017.9 37287.6 11082.3 797.556
 594884 146005 11501.7 9526.64 3035.2
 33891.5 177301 35254.8 2777.23 3033.22
 382514 11005.4 50820.1 10105.2 1665.46
 246066 124041 3145.83 14526.6 3364.57
 62818.8 80935.1 36477.9 925.122 5261.42
 340732 20797.6 24114.5 10868.5 1843.27
 362546 109680 5857.78 6792.02 3580.37
 32207.2 120882 33145 1770.21 3134.52
 24335.6 10964 38079.2 10441 1545.05
 289390 7684.15 2971.45 10320.2 3248.47
pred_Ctot
 4950.51 29949.3 0.293463 51.1111 19.1573
 3458.64 5635.49 15914.9 0.155945 37.3403
 26078.5 1885.61 1335.96 3772.83 8.88894
 4780.54 20521.5 642.956 455.535 1289.49
 3914.8 1689.95 2838.79 88.9417 241.393
 45985.9 2180.81 390.982 656.772 76.4251
 4625.54 36916.5 698.943 125.309 234.988
 1283.84 844.069 1766.48 33.4449 17.2404
 18894.5 336.809 69.7536 145.981 4.18862
 7695.06 6768.33 40.9419 8.47912 18.2544
 7729.8 503.464 140.217 0.848181 0.55383
 22547.3 13595.3 416.664 116.043 1.1603
 18473.6 10342.2 2527.28 77.4548 21.7873
 23430.1 12913.2 2935.12 717.24 28.1649
 18690.8 5441.4 1005.2 228.477 58.0242
 75625.4 7123.82 818.935 151.283 43.1186
 7359.58 20765.7 805.723 92.6238 21.9874
 75198.1 5225.7 6694.45 259.749 36.9483
 66274.2 44969.3 1384.31 1773.39 78.5962
 18832.4 35535.8 10561.6 325.123 434.962
 50915.7 8954.45 7416.82 2204.36 158.641
 72621.2 32814.1 2584.96 2141.08 682.15
 2538.88 25260.1 5022.77 395.674 432.145
 28954.6 1583.5 7312.18 1453.97 239.633
 16625.7 16019.2 406.266 1876.03 434.515
 4007.29 9893.74 4459.15 113.09 643.171
 27218.6 3148.94 3651.15 1645.59 279.088
 21636.5 12578.3 671.785 778.926 410.606
 1529.29 11121.3 3049.37 162.861 288.379
 2206.88 1870.63 6496.92 1781.41 263.61
 31116.5 1536.55 594.184 2063.67 649.576
F
 0.115341 0.230682 0.230682 0.230682 0.230682
 0.229427 0.458854 0.458854 0.458854 0.458854
 0.234908 0.469816 0.469816 0.469816 0.469816
 0.390963 0.781926 0.781926 0.781926 0.781926
 0.300846 0.601692 0.601692 0.601692 0.601692
 0.360917 0.721834 0.721834 0.721834 0.721834
 0.944071 1.88814 1.88814 1.88814 1.88814
 0.700325 1.40065 1.40065 1.40065 1.40065
 0.597149 1.1943 1.1943 1.1943 1.1943
 0.693231 1.38646 1.38646 1.38646 1.38646
 0.102231 0.204462 0.204462 0.204462 0.204462
 0.338227 0.676455 0.676455 0.676455 0.676455
 0.335485 0.67097 0.67097 0.67097 0.67097
 0.614445 1.22889 1.22889 1.22889 1.22889
 0.377438 0.754875 0.754875 0.754875 0.754875
 0.313488 0.626976 0.626976 0.626976 0.626976
 0.16055 0.3211 0.3211 0.3211 0.3211
 0.200031 0.400063 0.400063 0.400063 0.400063
 0.217872 0.435744 0.435744 0.435744 0.435744
 0.214499 0.428998 0.428998 0.428998 0.428998
 0.182284 0.364568 0.364568 0.364568 0.364568
 0.210519 0.421039 0.421039 0.421039 0.421039
 0.124778 0.249556 0.249556 0.249556 0.249556
 0.126154 0.252308 0.252308 0.252308 0.252308
 0.111954 0.223907 0.223907 0.223907 0.223907
 0.105417 0.210833 0.210833 0.210833 0.210833
 0.133533 0.267066 0.267066 0.267066 0.267066
 0.0983355 0.196671 0.196671 0.196671 0.196671
 0.077574 0.155148 0.155148 0.155148 0.155148
 0.152782 0.305564 0.305564 0.305564 0.305564
 0.183413 0.366825 0.366825 0.366825 0.366825
YTP_r0W_actual
 258267 21665.4 16399.5 70577.5 24229.2
YTP_p0W_proyectada
 377829 602340 19651.9 9649.54 48443.8
 377829 293503 119726 3360.26 1698.28
CTP_r0_actual
 31116.5 1536.55 594.184 2063.67 649.576
CTP_p0_proyectada
 50444.5 38439 849.629 328.551 1431.98
 50444.5 18730.2 5176.21 114.411 50.2005
Wmedp
 7.49 15.67 23.13 29.37 33.83
Frms_r0
 0.183413 0.366825 0.366825 0.366825 0.366825
Zrms_r0
 1.18341 1.36683 1.36683 1.36683 1.36683
nmprior
 8.19 8.8 8.5 0
nm_flota  nm_reclas  nm_pelaces    nm_pelaL
inf 6.7821 6.35833 11.075
cv_recla  cv_pelaces  cv_mph
0.571789 0.731454 1.47688
 ------------------------------------------------
Talla a la edad & desviaci?n 
 8 13.2811 15.8009 17.003 17.5766
 0.8 1.32811 1.58009 1.7003 1.75766
