years
 1991 1992 1993 1994 1995 1996 1997 1998 1999 2000 2001 2002 2003 2004 2005 2006 2007 2008 2009 2010 2011 2012 2013 2014 2015 2016 2017 2018 2019 2020 2021
reclasobs
 0 0 0 0 0 0 0 0 0 252601 567819 844713 477998 351125 339783 2.1784e+06 2.13404e+06 4.81314e+06 1.55562e+06 2.62356e+06 3.21686e+06 3.843e+06 1.13348e+06 3.07943e+06 1.97215e+06 2.03268e+06 2.025e+06 2.42433e+06 2.27542e+06 1.05018e+06 2.36338e+06
reclaspred
 3.20913e+06 1.698e+06 859072 836278 822906 1.91103e+06 951549 758196 513481 300109 502676 745028 737673 519905 472187 1.46953e+06 1.11959e+06 3.5335e+06 2.69113e+06 1.85239e+06 3.17422e+06 2.65268e+06 1.821e+06 3.10516e+06 2.21489e+06 1.8806e+06 2.38734e+06 2.72212e+06 2.0294e+06 1.09475e+06 1.79167e+06
pelacesobs
 0 0 0 0 0 0 0 0 0 0 0 0 0 0 0 552880 188675 0 991730 2.46772e+06 1.41603e+06 1.21717e+06 2.29649e+06 1.80582e+06 0 1.4828e+06 1.56532e+06 1.57751e+06 1.42118e+06 867257 1.10002e+06
pelacespred
 2.0575e+06 1.14327e+06 538857 384376 449436 1.01951e+06 475814 522172 296948 142111 269903 336833 377656 251864 230191 612201 563170 1.86127e+06 1.54437e+06 962734 1.64096e+06 1.40308e+06 1.10563e+06 1.89685e+06 1.40179e+06 1.21708e+06 1.61047e+06 1.80311e+06 1.30843e+06 766118 1.03297e+06
mphobs
 0 0 0 0 0 0 0 0 0 0 0 498337 0 5186 125008 0 168611 109162 213762 579715 649985 157893 87575 83554 0 0 0 0 0 0 0
mphpred
 507089 335134 152920 85703.5 83875.6 106190 192833 86975.7 74699.9 39674.2 21019 62068 68712.9 54365.3 29256.6 35588.2 159712 119762 359059 229753 229362 285471 279544 200199 320029 253595 196868 226038 347827 205826 103996
desembarqueobs
 494567 514787 250237 358949 120608 361735 552515 73892 212993 205616 52469 317467 293654 387597 252695 516296 358380 742168 942051 627588 828172 859565 418607 520667 417249 300574 415391 372974 316634 284311 391294
desembarquepred
 494551 514275 250346 358963 120609 361696 552388 73895.4 213028 205643 52470.1 317466 293614 387406 252609 516127 358394 741886 941481 627147 828191 859356 418556 520649 417178 300540 415336 372893 316572 284272 391265
Reclutas
 147800 87671.9 86369.4 104865 83782.8 209191 67288.7 25207.1 28196.6 38324.9 67402.4 114394 95184.5 67743.3 54827.2 300601 51438.7 509005 275949 218343 291532 419565 67815.7 222906 182242 76470.6 183370 210430 57219.4 39533.1 161620
log_desv_Rt
 0.297968 -0.224294 -0.239261 -0.0452165 -0.269667 0.645351 -0.488902 -1.47077 -1.35869 -1.05179 -0.487214 0.0417529 -0.142078 -0.482169 -0.693708 1.00789 -0.757505 1.53456 0.922321 0.688173 0.977255 1.34132 -0.481101 0.708854 0.507438 -0.360988 0.513609 0.651259 -0.651002 -1.02076 0.387356
SSB
 1.29033e+06 852776 389118 218080 213428 270208 490679 221317 190080 100954 53484.4 157937 174846 138337 74445.9 90557.1 406400 304745 913655 584626 583631 726403 711323 509422 814340 645294 500946 575173 885076 523742 264627
BT
 1.94813e+06 1.35522e+06 640251 622697 473530 1.26234e+06 860790 503212 460467 321280 301517 571092 608183 636820 474655 1.02499e+06 739987 2.47766e+06 2.23043e+06 1.36352e+06 2.18329e+06 2.00873e+06 1.24547e+06 2.24406e+06 1.53048e+06 1.25856e+06 1.89437e+06 2.01716e+06 1.26258e+06 862011 1.34146e+06
Ftot
 0.320761 0.603004 0.598817 0.956793 0.337677 0.479451 1.11898 0.217408 0.90749 1.45247 0.283024 0.996006 0.920745 1.64467 1.31575 0.947108 0.667774 0.561091 0.773463 0.767182 0.618813 0.758004 0.47812 0.422122 0.418165 0.347019 0.429532 0.345686 0.313979 0.527578 0.561517
BD_Bspro_t
 0.950298 0.687397 0.43917 0.336812 0.31106 0.415686 0.482489 0.265934 0.302517 0.221838 0.170021 0.456974 0.347754 0.258398 0.153121 0.183182 0.380759 0.307429 0.495616 0.360224 0.317919 0.364139 0.384543 0.343184 0.486965 0.489643 0.48528 0.549395 0.630589 0.509914 0.38643
BD_Bspro
 1.64532 1.08739 0.496171 0.278077 0.272146 0.344547 0.625674 0.282205 0.242374 0.128729 0.0681989 0.201388 0.222949 0.176396 0.0949273 0.115471 0.518208 0.388586 1.16502 0.745467 0.744199 0.92625 0.90702 0.649573 1.03838 0.822825 0.638765 0.733414 1.12858 0.667832 0.337431
BD_Bo
 1.02833 0.679622 0.310109 0.173799 0.170092 0.215343 0.391049 0.176379 0.151485 0.0804559 0.0426246 0.125869 0.139344 0.110248 0.0593299 0.0721698 0.323882 0.242868 0.728141 0.46592 0.465127 0.57891 0.566891 0.405986 0.648991 0.514269 0.39923 0.458386 0.705364 0.417398 0.210896
BD_Brms
 5.05753 3.34251 1.52517 0.854777 0.836546 1.0591 1.92325 0.867465 0.74503 0.395697 0.209636 0.619044 0.685319 0.542221 0.291795 0.354944 1.59291 1.19447 3.58113 2.29148 2.28758 2.84718 2.78807 1.99671 3.19186 2.52927 1.96349 2.25443 3.46911 2.05284 1.03722
Sel_flota
 0.63035 0.97006 0.998378 0.999915 0.999996
 0.63035 0.97006 0.998378 0.999915 0.999996
 0.63035 0.97006 0.998378 0.999915 0.999996
 0.63035 0.97006 0.998378 0.999915 0.999996
 0.63035 0.97006 0.998378 0.999915 0.999996
 0.63035 0.97006 0.998378 0.999915 0.999996
 0.63035 0.97006 0.998378 0.999915 0.999996
 0.63035 0.97006 0.998378 0.999915 0.999996
 0.63035 0.97006 0.998378 0.999915 0.999996
 0.63035 0.97006 0.998378 0.999915 0.999996
 0.63035 0.97006 0.998378 0.999915 0.999996
 0.63035 0.97006 0.998378 0.999915 0.999996
 0.63035 0.97006 0.998378 0.999915 0.999996
 0.63035 0.97006 0.998378 0.999915 0.999996
 0.63035 0.97006 0.998378 0.999915 0.999996
 0.63035 0.97006 0.998378 0.999915 0.999996
 0.63035 0.97006 0.998378 0.999915 0.999996
 0.63035 0.97006 0.998378 0.999915 0.999996
 0.63035 0.97006 0.998378 0.999915 0.999996
 0.63035 0.97006 0.998378 0.999915 0.999996
 0.63035 0.97006 0.998378 0.999915 0.999996
 0.63035 0.97006 0.998378 0.999915 0.999996
 0.63035 0.97006 0.998378 0.999915 0.999996
 0.63035 0.97006 0.998378 0.999915 0.999996
 0.63035 0.97006 0.998378 0.999915 0.999996
 0.63035 0.97006 0.998378 0.999915 0.999996
 0.63035 0.97006 0.998378 0.999915 0.999996
 0.63035 0.97006 0.998378 0.999915 0.999996
 0.63035 0.97006 0.998378 0.999915 0.999996
 0.63035 0.97006 0.998378 0.999915 0.999996
 0.63035 0.97006 0.998378 0.999915 0.999996
Sel_reclas
 1 1 1 1 1
 1 1 1 1 1
 1 1 1 1 1
 1 1 1 1 1
 1 1 1 1 1
 1 1 1 1 1
 1 1 1 1 1
 1 1 1 1 1
 1 1 1 1 1
 1 1 1 1 1
 1 1 1 1 1
 1 1 1 1 1
 1 1 1 1 1
 1 1 1 1 1
 1 1 1 1 1
 1 1 1 1 1
 1 1 1 1 1
 1 1 1 1 1
 1 1 1 1 1
 1 1 1 1 1
 1 1 1 1 1
 1 1 1 1 1
 1 1 1 1 1
 1 1 1 1 1
 1 1 1 1 1
 1 1 1 1 1
 1 1 1 1 1
 1 1 1 1 1
 1 1 1 1 1
 1 1 1 1 1
 1 1 1 1 1
Sel_pelaces
 0.650721 0.903624 0.979247 0.995807 0.999164
 0.650721 0.903624 0.979247 0.995807 0.999164
 0.650721 0.903624 0.979247 0.995807 0.999164
 0.650721 0.903624 0.979247 0.995807 0.999164
 0.650721 0.903624 0.979247 0.995807 0.999164
 0.650721 0.903624 0.979247 0.995807 0.999164
 0.650721 0.903624 0.979247 0.995807 0.999164
 0.650721 0.903624 0.979247 0.995807 0.999164
 0.650721 0.903624 0.979247 0.995807 0.999164
 0.650721 0.903624 0.979247 0.995807 0.999164
 0.650721 0.903624 0.979247 0.995807 0.999164
 0.650721 0.903624 0.979247 0.995807 0.999164
 0.650721 0.903624 0.979247 0.995807 0.999164
 0.650721 0.903624 0.979247 0.995807 0.999164
 0.650721 0.903624 0.979247 0.995807 0.999164
 0.650721 0.903624 0.979247 0.995807 0.999164
 0.650721 0.903624 0.979247 0.995807 0.999164
 0.650721 0.903624 0.979247 0.995807 0.999164
 0.650721 0.903624 0.979247 0.995807 0.999164
 0.650721 0.903624 0.979247 0.995807 0.999164
 0.650721 0.903624 0.979247 0.995807 0.999164
 0.650721 0.903624 0.979247 0.995807 0.999164
 0.650721 0.903624 0.979247 0.995807 0.999164
 0.650721 0.903624 0.979247 0.995807 0.999164
 0.650721 0.903624 0.979247 0.995807 0.999164
 0.650721 0.903624 0.979247 0.995807 0.999164
 0.650721 0.903624 0.979247 0.995807 0.999164
 0.650721 0.903624 0.979247 0.995807 0.999164
 0.650721 0.903624 0.979247 0.995807 0.999164
 0.650721 0.903624 0.979247 0.995807 0.999164
 0.650721 0.903624 0.979247 0.995807 0.999164
pf_obs 
 0.8446 0.082 0.0669 0.0065 0
 0.8095 0.147 0.0364 0.0071 0
 0.9664 0.0169 0.016 0.0007 0
 0.9276 0.0648 0.0075 0.0001 0
 0.7033 0.2144 0.0806 0.0017 0
 0.9318 0.0425 0.0243 0.0014 0
 0.5671 0.3108 0.0964 0.0239 0.0018
 0.0768 0.2599 0.5324 0.112 0.0189
 0.490249 0.384438 0.106611 0.0170017 0.00170017
 0.7925 0.1577 0.0466 0.003 0.0002
 0.840416 0.127587 0.0312969 0.00059994 9.999e-05
 0.8084 0.0986 0.0794 0.0134 0.0002
 0.7335 0.1905 0.0724 0.0035 0.0001
 0.4001 0.4547 0.1325 0.0127 0
 0.49795 0.308269 0.164784 0.0264974 0.00249975
 0.9179 0.0499 0.0305 0.0017 0
 0.2467 0.6533 0.0926 0.0074 0
 0.9418 0.0223 0.034 0.0019 0
 0.707729 0.231977 0.0356964 0.0245975 0
 0.517169 0.277429 0.184464 0.0207286 0.00020938
 0.811772 0.124168 0.05621 0.00726502 0.000585176
 0.764997 0.148141 0.077277 0.00933861 0.000247198
 0.163321 0.427699 0.378323 0.0303852 0.000271297
 0.753843 0.0900009 0.118128 0.0371064 0.000921714
 0.721811 0.176058 0.0630433 0.0369309 0.00215725
 0.143369 0.312575 0.442814 0.0836902 0.0175525
 0.692698 0.0596174 0.167031 0.0765114 0.00414204
 0.394062 0.376323 0.152708 0.0712218 0.00568511
 0.125707 0.32114 0.495352 0.0537591 0.00404204
 0.23352 0.215282 0.420074 0.123614 0.00750983
 0.774587 0.0839891 0.0768558 0.0609784 0.00358967
pf_pred 
 0.523314 0.16384 0.288185 0.0246599 9.40187e-07
 0.471418 0.339984 0.0662433 0.112725 0.00962914
 0.625379 0.227419 0.0960117 0.0180043 0.0331863
 0.723387 0.205716 0.0436976 0.0177536 0.00944552
 0.691473 0.256137 0.039417 0.00800348 0.00496937
 0.820055 0.141083 0.0324457 0.00482939 0.00158654
 0.437251 0.49783 0.0512964 0.0113774 0.00224538
 0.452926 0.328149 0.194742 0.0191183 0.00506391
 0.590626 0.233056 0.107093 0.0615898 0.00763494
 0.785506 0.156707 0.0335417 0.0147404 0.00950519
 0.877203 0.108765 0.0104066 0.002107 0.00151839
 0.78814 0.194869 0.0151059 0.00139896 0.000486493
 0.729616 0.236592 0.0311951 0.00230899 0.000287472
 0.691652 0.257159 0.0450403 0.00567764 0.000471418
 0.796396 0.169703 0.0285527 0.00470805 0.000640661
 0.956815 0.038386 0.00403487 0.000643866 0.000120268
 0.368663 0.616371 0.0133691 0.0013433 0.000253776
 0.935118 0.0326452 0.0315017 0.000656798 7.82937e-05
 0.591063 0.393141 0.0080966 0.00752478 0.000175235
 0.643549 0.256718 0.0960356 0.00189709 0.00180013
 0.759933 0.183422 0.0412658 0.0148099 0.000568857
 0.777514 0.188174 0.0264562 0.00572625 0.0021296
 0.296955 0.605594 0.082945 0.0111906 0.00331547
 0.774286 0.0932715 0.114649 0.0151497 0.00264435
 0.629163 0.315805 0.0232102 0.0275533 0.00426837
 0.426675 0.422091 0.129467 0.00919055 0.0125768
 0.753503 0.135015 0.0827995 0.0245609 0.0041218
 0.699445 0.251241 0.0274426 0.016252 0.00561925
 0.329983 0.529531 0.118087 0.012475 0.00992429
 0.41382 0.259639 0.259853 0.056071 0.0106166
 0.855749 0.0789868 0.029509 0.0284648 0.00729051
pobs_RECLAS
 0 0 0 0 0
 0 0 0 0 0
 0 0 0 0 0
 0 0 0 0 0
 0 0 0 0 0
 0 0 0 0 0
 0 0 0 0 0
 0 0 0 0 0
 0 0 0 0 0
 0 0 0 0 0
 0.991045 0.00858322 0.000360255 1.14367e-05 0
 0.934742 0.0480273 0.0164251 0.00080598 0
 0.827803 0.169806 0.00239088 0 0
 0.941827 0.0461693 0.0120037 0 0
 0.791401 0.0380133 0.147996 0.0225897 0
 0.846168 0.0940531 0.0597789 0 0
 0.134021 0.677848 0.182769 0.00536245 0
 0.80878 0.0450904 0.141981 0.00414843 0
 0.846168 0.0940531 0.0597789 0 0
 0.905697 0.0802665 0.012482 0.00150086 5.37128e-05
 0.989698 0.0102097 9.19794e-05 0 0
 0.975433 0.0193895 0.00387452 0.00125025 5.28907e-05
 0.303575 0.632131 0.0575291 0.00676475 0
 0.966965 0.00978017 0.0227588 0.000495775 0
 0.843318 0.132988 0.00938335 0.0141283 0.000182051
 0.564624 0.303363 0.111486 0.0197234 0.00080311
 0.826376 0.0876187 0.0782897 0.00655872 0.00115652
 0.89761 0.0855135 0.0140674 0.00269457 0.000114338
 0.34875 0.467042 0.161289 0.0227151 0.000203297
 0.318654 0.224769 0.449479 0.00709798 0
 0.937255 0.0296025 0.0250945 0.00804832 0
ppred_RECLAS
 0.635301 0.127818 0.218236 0.0186446 7.1079e-07
 0.587191 0.268539 0.0507282 0.0861807 0.00736101
 0.727107 0.167708 0.0686465 0.0128515 0.0236862
 0.809445 0.142925 0.0293771 0.0119144 0.00633827
 0.778162 0.185103 0.0276491 0.00560511 0.00347993
 0.877885 0.096371 0.0214997 0.00319494 0.00104951
 0.559556 0.391158 0.0389594 0.00862536 0.00170209
 0.564886 0.264071 0.152177 0.0149161 0.00395053
 0.70143 0.172407 0.0766826 0.0440235 0.00545685
 0.860762 0.102737 0.0212043 0.00930037 0.00599663
 0.917606 0.073226 0.00680182 0.00137498 0.000990782
 0.85761 0.131315 0.00984741 0.000910352 0.000316549
 0.813199 0.164117 0.0209433 0.00154746 0.000192643
 0.793206 0.173543 0.0292638 0.00368139 0.000305635
 0.866734 0.111728 0.0181455 0.00298634 0.000406335
 0.972819 0.0242483 0.00246645 0.000392893 7.33819e-05
 0.480456 0.507601 0.0106709 0.0010704 0.000202201
 0.958378 0.0212624 0.0198962 0.000414147 4.93641e-05
 0.697341 0.29133 0.00581184 0.00539218 0.00012556
 0.743513 0.186359 0.0675329 0.00133178 0.0012636
 0.834242 0.12758 0.0278255 0.00996978 0.00038291
 0.848165 0.129048 0.0175765 0.00379784 0.0014123
 0.399289 0.519617 0.0690398 0.00929948 0.00275493
 0.84514 0.0651352 0.0776867 0.010249 0.00178879
 0.72703 0.233521 0.0166534 0.0197378 0.00305738
 0.538852 0.342179 0.10187 0.00721998 0.00987936
 0.828928 0.094996 0.0565261 0.0167404 0.00280913
 0.78463 0.180926 0.0191813 0.0113414 0.00392105
 0.435332 0.449051 0.097208 0.0102529 0.00815589
 0.530102 0.211727 0.205516 0.0442735 0.00838208
 0.904476 0.0530539 0.0192204 0.0185097 0.00474037
pobs_PELACES
 0 0 0 0 0
 0 0 0 0 0
 0 0 0 0 0
 0 0 0 0 0
 0 0 0 0 0
 0 0 0 0 0
 0 0 0 0 0
 0 0 0 0 0
 0 0 0 0 0
 0 0 0 0 0
 0 0 0 0 0
 0 0 0 0 0
 0 0 0 0 0
 0 0 0 0 0
 0 0 0 0 0
 0 0 0 0 0
 0.505614 0.472636 0.0217494 0 0
 0 0 0 0 0
 0.443492 0.261883 0.143347 0.151278 0
 0.227955 0.32914 0.350689 0.0885471 0.00366901
 0.970185 0.0296113 0.000203453 0 0
 0.997202 0.00247181 0.000326279 0 0
 0.445219 0.490057 0.0546422 0.010081 0
 0.90214 0.0892962 0.00764917 0.000914606 0
 0 0 0 0 0
 0.581667 0.319106 0.0959925 0.00289975 0.000334073
 0.762889 0.0836404 0.116647 0.0363945 0.000428098
 0.88444 0.0763242 0.0277011 0.0115352 0
 0.521256 0.241999 0.230069 0.00667565 0
 0.616807 0.101726 0.260614 0.0208532 0
 0.833518 0.0704572 0.0857862 0.0102388 0
ppred_PELACES
 0.552517 0.148913 0.274707 0.0238622 9.12758e-07
 0.515213 0.305809 0.0622514 0.107513 0.00921387
 0.665227 0.199234 0.0878825 0.0167258 0.0309304
 0.769452 0.169478 0.0374141 0.015423 0.00823227
 0.72122 0.229385 0.0370139 0.00762915 0.00475248
 0.843015 0.121785 0.0293116 0.00442839 0.00145957
 0.506994 0.434135 0.0463712 0.010434 0.00206588
 0.481191 0.304849 0.189992 0.0189355 0.00503196
 0.644193 0.198608 0.0949205 0.05539 0.00688873
 0.837012 0.117884 0.0260112 0.0115931 0.00749982
 0.891305 0.095686 0.00960648 0.00197449 0.00142757
 0.828216 0.157496 0.0126806 0.00119149 0.000415691
 0.774982 0.195891 0.026858 0.0020171 0.000251949
 0.766621 0.193697 0.0348558 0.00445529 0.000371117
 0.842876 0.130188 0.0226332 0.00378538 0.000516773
 0.966015 0.0300686 0.00328523 0.000531915 9.96799e-05
 0.417389 0.568187 0.0128636 0.00131173 0.00024862
 0.944461 0.0273234 0.0275626 0.000583262 6.97551e-05
 0.643338 0.342227 0.00734529 0.00692743 0.00016185
 0.690239 0.220445 0.0859524 0.00172301 0.00164028
 0.792202 0.15696 0.0368846 0.0134349 0.000517726
 0.812287 0.157641 0.0231035 0.00507456 0.00189339
 0.333116 0.570567 0.0817875 0.0112001 0.00332914
 0.797316 0.0813877 0.104781 0.0140542 0.00246116
 0.6649 0.282985 0.0217845 0.0262503 0.00407983
 0.461348 0.3913 0.125834 0.00906766 0.0124493
 0.779224 0.118176 0.075899 0.0228528 0.00384772
 0.72893 0.224536 0.0257137 0.0154582 0.00536231
 0.36118 0.499465 0.116827 0.0125286 0.0099996
 0.451956 0.236275 0.247315 0.0541648 0.0102892
 0.874803 0.0669091 0.026131 0.0255831 0.00657386
pobs_pel_tallas
 0 0 0 0 0 0 0 0 0 0 0 0 0 0 0 0 0 0 0 0 0 0 0 0 0 0
 0 0 0 0 0 0 0 0 0 0 0 0 0 0 0 0 0 0 0 0 0 0 0 0 0 0
 0 0 0 0 0 0 0 0 0 0 0 0 0 0 0 0 0 0 0 0 0 0 0 0 0 0
 0 0 0 0 0 0 0 0 0 0 0 0 0 0 0 0 0 0 0 0 0 0 0 0 0 0
 0 0 0 0 0 0 0 0 0 0 0 0 0 0 0 0 0 0 0 0 0 0 0 0 0 0
 0 0 0 0 0 0 0 0 0 0 0 0 0 0 0 0 0 0 0 0 0 0 0 0 0 0
 0 0 0 0 0 0 0 0 0 0 0 0 0 0 0 0 0 0 0 0 0 0 0 0 0 0
 0 0 0 0 0 0 0 0 0 0 0 0 0 0 0 0 0 0 0 0 0 0 0 0 0 0
 0 0 0 0 0 0 0 0 0 0 0 0 0 0 0 0 0 0 0 0 0 0 0 0 0 0
 0 0 0 0 0 0 0 0 0 0 0 0 0 0 0 0 0 0 0 0 0 0 0 0 0 0
 0 0 0 0 0 0 0 0 0 0 0 0 0 0 0 0 0 0 0 0 0 0 0 0 0 0
 0 0 0 0 0 0 0 0 0 0 0 0 0 0 0 0 0 0 0 0 0 0 0 0 0 0
 0.00862536 0 0 0.000197151 0.00414017 0.0128641 0.00837892 0.0270097 0.101434 0.158115 0.152841 0.127902 0.109271 0.109419 0.0830992 0.0579132 0.0238553 0.00714673 0.00463305 0.00128148 0.00103504 0.000492878 0.000147863 0.000147863 4.92878e-05 0
 0 0 0 0 0 0 0 0 0 0 0 0 0 0 0 0 0 0 0 0 0 0 0 0 0 0
 0 0 0 0 0 0 0 0.0054083 0.00873648 0.0413646 0.0450493 0.0745869 0.0622846 0.0627006 0.0613931 0.0827291 0.12552 0.122667 0.0946155 0.0697135 0.0546179 0.0294188 0.0215738 0.0213955 0.0102223 0.00600262
 0 0 0 0 0.00359764 0.0251062 0.0480494 0.140153 0.205849 0.193036 0.1447 0.116669 0.0760912 0.0342217 0.00950174 0.001854 0.000860785 0 0 0 0.000165536 0 0.000143464 0 0 0
 0 0 0 0 0 0 0 0.000145254 0.000435761 0.0275982 0.070085 0.0708112 0.156366 0.174668 0.174014 0.160142 0.0824315 0.0480064 0.0283245 0.00493863 0.00203355 0 0 0 0 0
 0 0 0 0 0 0 0 0 0 0 0 0 0 0 0 0 0 0 0 0 0 0 0 0 0 0
 0 0 1.00437e-05 0.000401748 0.00122533 0.00171747 0.00176769 0.0269171 0.070346 0.194647 0.189555 0.159765 0.064822 0.0314167 0.0384472 0.0292271 0.0345202 0.0313363 0.0194345 0.0106764 0.0143323 0.0359363 0.0279516 0.0138201 0.00172751 0
 0 0.0021121 0.0136068 0.0755702 0.200478 0.177729 0.0527432 0.0373336 0.0318909 0.0142505 0.0149659 0.0166563 0.0217959 0.0798694 0.0677717 0.0528807 0.04013 0.0224614 0.0357745 0.0225083 0.00881397 0.00855152 0.00135912 0.000746735 0 0
 0 0 0 0 5.4009e-05 0.00500934 0.000945158 0.0243581 0.138947 0.33067 0.221406 0.137944 0.0707744 0.0437923 0.0131692 0.00525238 0.0047753 0.00276346 9.45158e-05 9.00151e-06 2.25038e-05 9.00151e-06 4.50075e-06 0 0 0
 0.000866109 0.00284123 0.00948549 0.0512746 0.133035 0.25785 0.225252 0.132002 0.0553304 0.0519788 0.0540692 0.017754 0.00435017 0.00159236 0.00146478 0.000404838 0.000125132 0.000115318 0.000107957 0.000100596 0 0 0 0 0 0
 0 0 0 0 0.00144013 0.00171154 0.00461396 0.0210425 0.0478622 0.0707936 0.0888783 0.103762 0.0637923 0.0337046 0.0602308 0.124433 0.169614 0.0934646 0.0462172 0.0250306 0.0313229 0.00938855 0.002487 0.000210481 0 0
 0 0.00764035 0.051015 0.0998891 0.058973 0.0496711 0.0374665 0.0718981 0.12319 0.153886 0.159021 0.0857701 0.0377988 0.023471 0.0147837 0.00900784 0.00315554 0.000888139 0.00291439 0.00214683 0.00393193 0.00274676 0.000635225 9.99891e-05 0 0
 0 0 0 0 0 0 0 0 0 0 0 0 0 0 0 0 0 0 0 0 0 0 0 0 0 0
 0 0 0 0 0 0 0 0 0 0 0 0 0 0 0 0 0 0 0 0 0 0 0 0 0 0
 0 0 0 0 0 0 0 0 0 0 0 0 0 0 0 0 0 0 0 0 0 0 0 0 0 0
 0 0 0 0 0 0 0 0 0 0 0 0 0 0 0 0 0 0 0 0 0 0 0 0 0 0
 0 0 0 0 0 0 0 0 0 0 0 0 0 0 0 0 0 0 0 0 0 0 0 0 0 0
 0 0 0 0 0 0 0 0 0 0 0 0 0 0 0 0 0 0 0 0 0 0 0 0 0 0
 0 0 0 0 0 0 0 0 0 0 0 0 0 0 0 0 0 0 0 0 0 0 0 0 0 0
ppred_pel_tallas
 1.10359e-16 4.55101e-05 0.000442374 0.00293973 0.0133636 0.0415792 0.0885895 0.129302 0.129317 0.0886618 0.041823 0.0140728 0.00473904 0.00443343 0.00781 0.0133205 0.0203023 0.0278546 0.0350042 0.0411692 0.0462581 0.0502542 0.0527199 0.0527866 0.049709 0.0435026
 1.14216e-16 4.24375e-05 0.000412508 0.00274126 0.0124614 0.0387722 0.0826093 0.120577 0.120606 0.0827537 0.0392571 0.0138631 0.00626347 0.00811436 0.0147092 0.0243594 0.035359 0.0450798 0.0509138 0.0517738 0.0487707 0.044416 0.0409738 0.0392428 0.0385133 0.0374145
 1.09499e-16 5.47939e-05 0.000532616 0.00353942 0.0160897 0.0500612 0.106661 0.155679 0.155699 0.106756 0.0503784 0.0170072 0.0058474 0.00558777 0.00970526 0.0160897 0.0234845 0.0301971 0.0345387 0.0357484 0.0344132 0.0319737 0.0297274 0.0281357 0.0268522 0.0252407
 1.04063e-16 6.33788e-05 0.000616065 0.00409397 0.0186106 0.0579045 0.123372 0.180069 0.180085 0.123452 0.0581731 0.0193866 0.00604307 0.00487537 0.00816571 0.0134344 0.0194309 0.0246169 0.0274723 0.027308 0.0246684 0.0209334 0.0174512 0.0148812 0.0131352 0.0117569
 1.02697e-16 5.9406e-05 0.000577447 0.00383734 0.017444 0.0542749 0.115639 0.168783 0.168806 0.115747 0.0546378 0.0184923 0.00646897 0.00632355 0.0109759 0.018061 0.0260343 0.032786 0.0362047 0.0353146 0.0308467 0.0247246 0.0188971 0.0144291 0.0113781 0.00925654
 1.01569e-16 6.94381e-05 0.000674963 0.00448537 0.0203898 0.0634404 0.135167 0.197283 0.197294 0.135224 0.0636334 0.0209475 0.00588597 0.00373548 0.00589063 0.00965116 0.0139486 0.0176495 0.0196435 0.0194116 0.0173172 0.0143309 0.0114228 0.00910293 0.0073805 0.00602035
 1.02846e-16 4.17605e-05 0.000405927 0.00269753 0.0122626 0.0381537 0.0812921 0.118657 0.118699 0.0814964 0.0388397 0.0142436 0.00766898 0.0112546 0.0206332 0.0340129 0.0489174 0.0613552 0.0672802 0.0648201 0.05539 0.042737 0.0307159 0.0215242 0.015408 0.0114934
 1.08312e-16 3.96352e-05 0.000385268 0.00256024 0.0116385 0.0362119 0.0771543 0.112615 0.112645 0.0772991 0.0366987 0.0130477 0.00610855 0.00816779 0.014927 0.0248928 0.036502 0.0472467 0.054544 0.0571232 0.0556361 0.0519292 0.0476403 0.0433175 0.0386084 0.0330609
 1.09511e-16 5.30613e-05 0.000515775 0.00342751 0.015581 0.0484783 0.103289 0.150757 0.150776 0.103383 0.0487949 0.0164971 0.00573314 0.00556944 0.0097117 0.0161328 0.0236187 0.0305223 0.0352031 0.0369303 0.0362759 0.0345978 0.0330432 0.0318894 0.0306349 0.0285846
 1.03213e-16 6.89436e-05 0.000670156 0.00445343 0.0202446 0.0629886 0.134204 0.195878 0.195889 0.13426 0.0631754 0.0207844 0.00580933 0.00363333 0.00570619 0.00935028 0.0135252 0.0171443 0.0191529 0.0190779 0.0173036 0.0147932 0.0124823 0.0108194 0.00972526 0.00886027
 1.00742e-16 7.34157e-05 0.000713626 0.0047423 0.0215578 0.0670744 0.142909 0.208582 0.208592 0.142954 0.0672256 0.0219944 0.00583784 0.00310418 0.00461048 0.00749793 0.0107753 0.013511 0.0148095 0.0142593 0.0121759 0.00938972 0.0067554 0.00475965 0.00345447 0.00263999
 1.00597e-16 6.82191e-05 0.000663114 0.00440663 0.0200319 0.0623267 0.132794 0.19382 0.193835 0.132868 0.0625754 0.02075 0.00620844 0.00459377 0.00752521 0.0123114 0.0176781 0.0221233 0.0241646 0.0231162 0.0194959 0.0146832 0.0101106 0.00661473 0.00431757 0.00291683
 1.01071e-16 6.38343e-05 0.000620492 0.00412339 0.0187443 0.0583207 0.124259 0.181364 0.181383 0.124351 0.0586304 0.0196388 0.00636844 0.00552079 0.00936835 0.015381 0.0221361 0.027803 0.0305559 0.0295431 0.0253829 0.019735 0.0143063 0.0100707 0.00714832 0.00518119
 1.01566e-16 6.31456e-05 0.000613798 0.0040789 0.0185421 0.0576915 0.122919 0.179407 0.179426 0.12301 0.057998 0.0194276 0.006302 0.00546841 0.00928745 0.0152656 0.0220104 0.0277299 0.030636 0.0298924 0.0260955 0.0208448 0.0157672 0.0117633 0.00891047 0.00685038
 1.01154e-16 6.94266e-05 0.000674852 0.00448463 0.0203865 0.0634299 0.135145 0.19725 0.197263 0.135206 0.0636359 0.0209815 0.00597863 0.00393722 0.00626798 0.0102593 0.014788 0.018628 0.0205764 0.0200734 0.0175238 0.014007 0.0106198 0.00796681 0.00609466 0.00475279
 1.00173e-16 7.95693e-05 0.000773442 0.0051398 0.0233648 0.0726965 0.154888 0.226064 0.226067 0.154902 0.072744 0.023502 0.00548413 0.00152484 0.00150577 0.00236116 0.00338824 0.00424909 0.00465853 0.00448615 0.00382937 0.00294723 0.00210674 0.00146085 0.00102814 0.000749988
 1.00691e-16 3.43799e-05 0.000334185 0.00222078 0.0100954 0.0314107 0.0669259 0.0976918 0.0977465 0.0671929 0.0323069 0.0126823 0.00870899 0.0144799 0.0268463 0.0441877 0.0633212 0.0789333 0.0856329 0.0809341 0.0667753 0.0482957 0.0308876 0.0177825 0.00953701 0.00503565
 1.00873e-16 7.7794e-05 0.000756185 0.00502512 0.0228435 0.0710745 0.151432 0.22102 0.221022 0.151445 0.0711185 0.0229709 0.00534678 0.0014641 0.00143896 0.00229913 0.00340479 0.00448897 0.00532844 0.00580664 0.00595442 0.00588353 0.00567411 0.00532101 0.00477577 0.00402815
 1.01022e-16 5.2991e-05 0.000515091 0.00342296 0.0155603 0.0484141 0.103153 0.150561 0.150594 0.103313 0.0489539 0.0171186 0.00733134 0.00903659 0.016206 0.0266273 0.0381638 0.0475968 0.0516882 0.0489533 0.040571 0.0296388 0.0193919 0.0117449 0.00698797 0.00440298
 1.02988e-16 5.68541e-05 0.000552642 0.0036725 0.0166947 0.0519434 0.110672 0.161533 0.161554 0.110776 0.0522938 0.0177075 0.00621884 0.00612416 0.0106755 0.0176555 0.0256504 0.0327136 0.0368744 0.0371803 0.0341987 0.0295194 0.0246968 0.0204999 0.0169127 0.0136229
 1.0254e-16 6.52527e-05 0.000634279 0.00421501 0.0191608 0.0596165 0.12702 0.185392 0.185408 0.127094 0.0598653 0.0198796 0.00602048 0.00457982 0.00757091 0.0124455 0.0179986 0.0227956 0.0254181 0.0252101 0.0226514 0.0189957 0.0154793 0.0127264 0.0107017 0.00905564
 1.01537e-16 6.69071e-05 0.00065036 0.00432187 0.0196466 0.061128 0.13024 0.190093 0.190108 0.130315 0.0613773 0.0203667 0.0061295 0.00459662 0.00756216 0.0123974 0.0178557 0.0224606 0.0247532 0.0240594 0.0208832 0.0165558 0.0124324 0.00926372 0.00710543 0.00563178
 1.04193e-16 2.74385e-05 0.000266712 0.0017724 0.00805709 0.0250689 0.053414 0.0779708 0.0780257 0.0536827 0.0259711 0.010663 0.00831341 0.0145453 0.0271435 0.0448252 0.064556 0.0811464 0.0893079 0.0865772 0.0747626 0.0586849 0.043279 0.0313233 0.0231012 0.0175144
 1.04871e-16 6.56739e-05 0.000638374 0.00424222 0.0192845 0.0600013 0.127839 0.186587 0.186595 0.127879 0.0601331 0.0196671 0.00520969 0.00277406 0.00419117 0.00700605 0.0105083 0.0140951 0.0171714 0.0194235 0.0209157 0.0218718 0.0223493 0.0221253 0.0208885 0.0185377
 1.04025e-16 5.4767e-05 0.000532355 0.00353769 0.0160818 0.0500367 0.106609 0.155605 0.155633 0.106743 0.0504837 0.0173728 0.00677721 0.00760126 0.0134715 0.0221636 0.0318773 0.0400018 0.0439266 0.0424779 0.0366367 0.0288943 0.0217692 0.0166276 0.0134878 0.0115977
 1.06748e-16 3.80007e-05 0.000369381 0.00245467 0.0111586 0.0347187 0.0739732 0.107974 0.108012 0.0741581 0.0353397 0.0129538 0.00696608 0.0102351 0.0188253 0.0311931 0.0452358 0.0575178 0.0645328 0.0646226 0.0588913 0.0503125 0.0418067 0.0348326 0.0293249 0.0245535
 1.05164e-16 6.41837e-05 0.000623888 0.00414596 0.0188469 0.0586398 0.124939 0.182354 0.182366 0.124995 0.0588288 0.0193939 0.00552382 0.00364785 0.00585457 0.00970152 0.0142612 0.0185491 0.0215962 0.0229471 0.0228794 0.022102 0.0211954 0.0202676 0.0190467 0.0172304
 1.03258e-16 6.00411e-05 0.00058362 0.00387836 0.0176305 0.0548551 0.116875 0.170588 0.170609 0.116981 0.0552101 0.0186556 0.0064514 0.00619991 0.0107247 0.0176312 0.0253856 0.0319136 0.0351487 0.0341537 0.0296835 0.023676 0.0180877 0.0139762 0.0113608 0.0096802
 1.06448e-16 2.975e-05 0.000289181 0.00192171 0.00873586 0.0271807 0.0579132 0.0845362 0.0845844 0.0581488 0.027972 0.0110223 0.00766436 0.0128366 0.0238921 0.039536 0.057146 0.0722676 0.0803543 0.0792749 0.0705283 0.05812 0.0460644 0.0364923 0.0294664 0.0240226
 1.14371e-16 3.7227e-05 0.00036186 0.00240469 0.0109314 0.0340117 0.0724664 0.105772 0.105795 0.0725795 0.0343926 0.012036 0.00519449 0.00650821 0.0118754 0.0200058 0.0298276 0.0396312 0.0476456 0.0529914 0.056019 0.0576708 0.0584546 0.0579729 0.05535 0.0500653
 1.0445e-16 7.20564e-05 0.000700414 0.0046545 0.0211587 0.0658325 0.140263 0.20472 0.204726 0.140295 0.065939 0.0214669 0.00543003 0.00239966 0.00331806 0.0054221 0.00792669 0.0102367 0.0118076 0.012417 0.0122933 0.0119314 0.0117388 0.0117918 0.011857 0.0116013
pSPR Fmed_Fpbrs
0.406726   0.253327 0.253327
Fs Fmed_Fpbrs
0.599476   1.005 1.005
SSBpbr Bo_Bmed_Bpbrs
1.25478e+06  447612  255131 255131
Ro
109716
SPR SPRFo_SPRFmed_SPRFpbrs
784242 318972 198670
Fref
1.005
Nvult_r0
 119887 8203.63 3008.56 2899.23 742.525
CTP_r0
 31341.1 2892.83 1080.74 1042.5 267.009
YTP_r0
391265
Np
 130126 41733.3 2225.26 799.785 931.416
Nvult_p0
 104720 35941.8 1925.12 692.076 805.991
CTP_p0
 40612.3 17742.6 964.179 346.886 403.999
YTP_p0
 637927
CBA_c0
465263
log_Ro
11.4256
likeval ReclasPelacesDesembMPH_pf_preclas_ppelaces_ptallas_desvR_qrecl_qpela
 11.7389 16.3941 0.015153 0.000832656 244.288 116.546 101.227 0 25.6438 2.34573e-05 7.48653e-05 0.0356424 0 0 0
q_reclas_q_pelaces
1.98638 3.4246
M
1
N
 147800 31401.4 53858.6 4602.47 0.175462
 87671.9 44419.1 8462.92 14384.1 1228.63
 86369.4 22054.1 9104.06 1705.18 3142.85
 104865 21783.9 4538.56 1842.04 979.976
 83782.8 21106.1 3167.75 642.344 398.804
 209191 24912.6 5595.69 831.847 273.259
 67288.7 56884.6 5756.2 1275.48 251.71
 25207.1 12227 7067.81 692.89 183.514
 28196.6 8085.58 3642.78 2092.78 259.416
 38324.9 5854.24 1233.39 541.577 349.214
 67402.4 5643.68 526.335 106.421 76.6858
 114394 20744.4 1577.73 145.966 50.7575
 95184.5 22461.8 2904.01 214.723 26.7319
 67743.3 19598 3382.57 426.066 35.3751
 54827.2 8837.52 1462.28 240.901 32.7798
 300601 8800.45 907.237 144.623 27.0128
 51438.7 60872.1 1291.82 129.649 24.4918
 509005 12421.9 11716.5 243.987 29.0826
 275949 131469 2651.61 2461.61 57.3217
 218343 62343.8 22839 450.66 427.601
 291532 49524.9 10896.6 3906.07 150.024
 419565 72608.4 9996.04 2161.15 803.689
 67815.7 95718.4 12804.2 1725.32 511.13
 222906 18456.4 22144.9 2922.47 510.075
 182242 62844.5 4508.33 5345.04 827.961
 76470.6 51508.3 15410 1092.47 1494.89
 183370 22604.8 13532.8 4009.08 672.758
 210430 51457.1 5482.12 3242.29 1120.97
 57219.4 62255.7 13536.8 1428.13 1136.05
 39533.1 17270.1 16889.2 3639.85 689.13
 161620 10428.9 3808.34 3669.11 939.688
pred_Ctot
 17387.3 5443.64 9575.05 819.333 0.031238
 18072.2 13033.6 2539.49 4321.43 369.141
 17698.3 6435.98 2717.14 509.524 939.174
 31511.4 8961.18 1903.51 773.364 411.456
 10331.7 3827.09 588.951 119.584 74.2501
 35347.5 6081.21 1398.53 208.165 68.386
 22774 25929.3 2671.75 592.587 116.95
 2063.59 1495.09 887.269 87.1053 23.0718
 8130.01 3208.03 1474.14 847.788 105.095
 15620.4 3116.23 667.001 293.124 189.018
 7063.78 875.844 83.8001 16.9669 12.227
 35457 8766.79 679.586 62.9365 21.8864
 27758.8 9001.33 1186.84 87.8472 10.9371
 29983.9 11148.1 1952.55 246.132 20.4365
 20867 4446.52 748.132 123.36 16.7865
 89617.9 3595.34 377.917 60.3063 11.2647
 11558.2 19324.2 419.141 42.1146 7.95628
 98640.5 3443.57 3322.94 69.2821 8.25877
 70010.1 46566.7 959.025 891.294 20.7562
 55028.2 21951.2 8211.74 162.215 153.924
 61432.4 14827.7 3335.9 1197.23 45.986
 104707 25341.1 3562.82 771.145 286.79
 11431 23311.7 3192.88 430.772 127.625
 33639 4052.19 4980.93 658.181 114.884
 27271.5 13688.8 1006.06 1194.32 185.015
 9667.99 9564.12 2933.58 208.248 284.977
 28106.1 5036.13 3088.47 916.135 153.746
 26510.9 9522.74 1040.15 615.995 212.985
 6600.31 10591.7 2361.98 249.525 198.506
 7263.37 4557.19 4560.95 984.159 186.342
 31341.1 2892.83 1080.74 1042.5 267.009
F
 0.202192 0.311158 0.320241 0.320734 0.32076
 0.380103 0.58495 0.602026 0.602952 0.603001
 0.377464 0.580889 0.597846 0.598766 0.598814
 0.603114 0.928146 0.955241 0.956711 0.956789
 0.212855 0.327567 0.33713 0.337649 0.337676
 0.302222 0.465096 0.478673 0.47941 0.479449
 0.705347 1.08547 1.11716 1.11888 1.11897
 0.137043 0.210899 0.217055 0.217389 0.217407
 0.572036 0.88032 0.906018 0.907412 0.907486
 0.915565 1.40898 1.45012 1.45235 1.45246
 0.178404 0.27455 0.282565 0.283 0.283023
 0.627833 0.966186 0.994391 0.995921 0.996002
 0.580392 0.893178 0.919252 0.920666 0.920741
 1.03672 1.59543 1.64201 1.64453 1.64467
 0.829384 1.27636 1.31362 1.31564 1.31575
 0.59701 0.918752 0.945572 0.947027 0.947104
 0.420931 0.64778 0.666691 0.667716 0.667771
 0.353684 0.544292 0.560181 0.561043 0.561088
 0.487552 0.750305 0.772208 0.773396 0.773459
 0.483593 0.744212 0.765938 0.767116 0.767178
 0.390069 0.600286 0.61781 0.61876 0.618811
 0.477808 0.735309 0.756774 0.757939 0.758
 0.301383 0.463805 0.477345 0.478079 0.478118
 0.266084 0.409483 0.421437 0.422086 0.42212
 0.26359 0.405645 0.417487 0.418129 0.418163
 0.218744 0.33663 0.346457 0.34699 0.347018
 0.270755 0.416671 0.428835 0.429495 0.42953
 0.217903 0.335336 0.345126 0.345657 0.345685
 0.197916 0.304578 0.313469 0.313952 0.313977
 0.332559 0.511782 0.526722 0.527533 0.527576
 0.353952 0.544705 0.560607 0.561469 0.561515
YTP_r0W_actual
 266399 47153.1 31233.5 36279 10199.7
YTP_p0W_proyectada
 305405 286010 22542.5 10233.1 13736
CTP_r0_actual
 31341.1 2892.83 1080.74 1042.5 267.009
CTP_p0_proyectada
 40612.3 17742.6 964.179 346.886 403.999
Wmedp
 7.52 16.12 23.38 29.5 34
Frms_r0
 0.353952 0.544705 0.560607 0.561469 0.561515
Zrms_r0
 1.35395 1.54471 1.56061 1.56147 1.56151
nmprior
 8.19 8.8 8.5 0
nm_flota  nm_reclas  nm_pelaces    nm_pelaL
inf 17.9522 13.4238 29.2575
cv_recla  cv_pelaces  cv_mph
0.309913 0.459109 0.890509
 ------------------------------------------------
Talla a la edad & desviaci?n 
 8 13.2811 15.8009 17.003 17.5766
 0.8 1.32811 1.58009 1.7003 1.75766
