years
 1991 1992 1993 1994 1995 1996 1997 1998 1999 2000 2001 2002 2003 2004 2005 2006 2007 2008 2009 2010 2011 2012 2013 2014 2015 2016 2017 2018 2019 2020 2021
reclasobs
 0 0 0 0 0 0 0 0 0 252601 567819 844713 477998 351125 339783 2.1784e+06 2.13404e+06 4.81314e+06 1.55562e+06 2.62356e+06 3.21686e+06 3.843e+06 1.13348e+06 3.07943e+06 1.97215e+06 2.03268e+06 2.025e+06 2.42433e+06 2.27542e+06 1.05018e+06 2.36338e+06
reclaspred
 2.02664e+06 1.08262e+06 504377 234662 65859.2 978718 404553 189810 96475.9 177908 329196 501732 478299 326183 278463 1.21586e+06 928257 3.02014e+06 2.35572e+06 1.37926e+06 2.621e+06 2.27028e+06 1.48764e+06 2.58693e+06 1.801e+06 1.3345e+06 1.85507e+06 2.38135e+06 1.80814e+06 850630 1.20517e+06
pelacesobs
 0 0 0 0 0 0 0 0 0 0 0 0 0 0 0 552880 188675 0 991730 2.46772e+06 1.41603e+06 1.21717e+06 2.29649e+06 1.80582e+06 0 1.4828e+06 1.56532e+06 1.57751e+06 1.42118e+06 867257 1.10002e+06
pelacespred
 938437 512716 224823 70748.7 18841.8 431354 133584 88166.5 29033.5 68127.3 146212 189640 200482 136519 118166 468731 359772 1.417e+06 1.09811e+06 607055 1.13264e+06 1.00452e+06 663669 1.30613e+06 865593 638047 1.02212e+06 1.27746e+06 807420 443812 590005
mphobs
 0 0 0 0 0 0 0 0 0 0 0 498337 0 5186 125008 0 168611 109162 213762 579715 649985 157893 87575 83554 0 0 0 0 0 0 0
mphpred
 2.0387e+06 1.05043e+06 506146 234243 69603.2 23241 510199 160661 70675.3 24714.9 72278.4 219530 260851 198103 105057 118766 784305 545722 1.75701e+06 1.17863e+06 950671 1.34549e+06 1.35541e+06 899599 1.45167e+06 1.08107e+06 731980 959185 1.65265e+06 971839 423793
desembarqueobs
 494567 514787 250237 358949 120608 361735 552515 73892 212993 205616 52469 317467 293654 387597 252695 516296 358380 742168 942051 627588 828172 859565 418607 520667 417249 300574 415391 372974 316634 284311 391294
desembarquepred
 494520 514977 249553 358759 120545 361576 551954 73875.7 212798 205498 52464.9 317327 293504 387201 252522 516036 358319 741848 941258 626980 827910 859107 418479 520558 417112 300471 415259 372861 316542 284200 391177
Reclutas
 51880.9 127365 72394.2 36518.6 15614.8 292040 26289.6 7585.35 20887.5 70169.7 83724 131786 98376.3 67870.3 56512.3 446443 32743 794733 328552 185393 430657 566406 45307.4 333624 220883 71203.8 274080 348042 44144.2 24286.8 195635
log_desv_Rt
 -0.648853 0.249252 -0.315679 -0.999982 -1.84958 1.07909 -1.32863 -2.57159 -1.55865 -0.346888 -0.17028 0.283372 -0.00900513 -0.380206 -0.563347 1.50351 -1.10911 2.0802 1.19689 0.624674 1.46751 1.74151 -0.784335 1.21221 0.799831 -0.332258 1.01561 1.25452 -0.810344 -1.40787 0.678448
SSB
 2.0387e+06 1.05043e+06 506146 234243 69603.2 23241 510199 160661 70675.3 24714.9 72278.4 219530 260851 198103 105057 118766 784305 545722 1.75701e+06 1.17863e+06 950671 1.34549e+06 1.35541e+06 899599 1.45167e+06 1.08107e+06 731980 959185 1.65265e+06 971839 423793
BT
 2.60918e+06 1.70213e+06 758859 457184 145668 1.31472e+06 792815 271378 268567 352597 380842 698609 725782 714370 525970 1.49273e+06 1.11195e+06 3.93414e+06 3.42441e+06 1.99435e+06 3.29581e+06 3.10999e+06 1.89355e+06 3.50166e+06 2.39133e+06 1.7442e+06 2.78989e+06 3.32009e+06 2.12537e+06 1.32036e+06 1.7446e+06
Ftot
 0.236405 0.48786 0.496022 1.40133 1.66603 0.541944 1.19143 0.394892 2.21302 1.49371 0.216403 0.741549 0.694965 1.3122 1.11393 0.599323 0.377541 0.335574 0.430125 0.481012 0.380184 0.439533 0.276312 0.254516 0.249232 0.233707 0.282773 0.200102 0.170173 0.325088 0.417241
BD_Bspro_t
 0.962882 0.736831 0.522614 0.360968 0.139382 0.0724455 0.501912 0.210367 0.140383 0.0710039 0.214649 0.514828 0.427745 0.32642 0.202774 0.230158 0.539412 0.442575 0.652769 0.527189 0.436436 0.520447 0.551211 0.490985 0.635704 0.624208 0.592449 0.676354 0.762881 0.659419 0.509072
BD_Bspro
 2.87324 1.48043 0.713336 0.33013 0.0980953 0.0327547 0.719048 0.226428 0.0996062 0.0348319 0.101866 0.309394 0.367631 0.279196 0.148062 0.167383 1.10536 0.769113 2.47624 1.6611 1.33983 1.89626 1.91024 1.26785 2.04591 1.5236 1.03162 1.35183 2.32916 1.36966 0.597272
BD_Bo
 1.20987 0.62338 0.300372 0.139012 0.0413061 0.0137924 0.302778 0.0953444 0.0419423 0.0146671 0.0428936 0.13028 0.154802 0.117564 0.0623459 0.0704818 0.465446 0.323859 1.0427 0.699458 0.564176 0.798479 0.804367 0.533867 0.861494 0.641559 0.434394 0.569228 0.980766 0.576738 0.2515
BD_Brms
 5.99017 3.08641 1.48717 0.688259 0.20451 0.0682873 1.49908 0.472059 0.20766 0.072618 0.212371 0.645029 0.766441 0.582072 0.30868 0.348962 2.30447 1.60346 5.1625 3.46309 2.79329 3.95334 3.9825 2.64323 4.26534 3.17642 2.15072 2.8183 4.85587 2.85549 1.2452
Sel_flota
 0.624541 1 1 1 1
 0.624541 1 1 1 1
 0.624541 1 1 1 1
 0.624541 1 1 1 1
 0.624541 1 1 1 1
 0.624541 1 1 1 1
 0.624541 1 1 1 1
 0.624541 1 1 1 1
 0.624541 1 1 1 1
 0.624541 1 1 1 1
 0.624541 1 1 1 1
 0.624541 1 1 1 1
 0.624541 1 1 1 1
 0.624541 1 1 1 1
 0.624541 1 1 1 1
 0.624541 1 1 1 1
 0.624541 1 1 1 1
 0.624541 1 1 1 1
 0.624541 1 1 1 1
 0.624541 1 1 1 1
 0.624541 1 1 1 1
 0.624541 1 1 1 1
 0.624541 1 1 1 1
 0.624541 1 1 1 1
 0.624541 1 1 1 1
 0.624541 1 1 1 1
 0.624541 1 1 1 1
 0.624541 1 1 1 1
 0.624541 1 1 1 1
 0.624541 1 1 1 1
 0.624541 1 1 1 1
Sel_reclas
 1 1 1 1 1
 1 1 1 1 1
 1 1 1 1 1
 1 1 1 1 1
 1 1 1 1 1
 1 1 1 1 1
 1 1 1 1 1
 1 1 1 1 1
 1 1 1 1 1
 1 1 1 1 1
 1 1 1 1 1
 1 1 1 1 1
 1 1 1 1 1
 1 1 1 1 1
 1 1 1 1 1
 1 1 1 1 1
 1 1 1 1 1
 1 1 1 1 1
 1 1 1 1 1
 1 1 1 1 1
 1 1 1 1 1
 1 1 1 1 1
 1 1 1 1 1
 1 1 1 1 1
 1 1 1 1 1
 1 1 1 1 1
 1 1 1 1 1
 1 1 1 1 1
 1 1 1 1 1
 1 1 1 1 1
 1 1 1 1 1
Sel_pelaces
 1 1 1 1 1
 1 1 1 1 1
 1 1 1 1 1
 1 1 1 1 1
 1 1 1 1 1
 1 1 1 1 1
 1 1 1 1 1
 1 1 1 1 1
 1 1 1 1 1
 1 1 1 1 1
 1 1 1 1 1
 1 1 1 1 1
 1 1 1 1 1
 1 1 1 1 1
 1 1 1 1 1
 1 1 1 1 1
 1 1 1 1 1
 1 1 1 1 1
 1 1 1 1 1
 1 1 1 1 1
 1 1 1 1 1
 1 1 1 1 1
 1 1 1 1 1
 1 1 1 1 1
 1 1 1 1 1
 1 1 1 1 1
 1 1 1 1 1
 1 1 1 1 1
 1 1 1 1 1
 1 1 1 1 1
 1 1 1 1 1
pf_obs 
 0.8446 0.082 0.0669 0.0065 0
 0.8095 0.147 0.0364 0.0071 0
 0.9664 0.0169 0.016 0.0007 0
 0.9276 0.0648 0.0075 0.0001 0
 0.7033 0.2144 0.0806 0.0017 0
 0.9318 0.0425 0.0243 0.0014 0
 0.5671 0.3108 0.0964 0.0239 0.0018
 0.0768 0.2599 0.5324 0.112 0.0189
 0.490249 0.384438 0.106611 0.0170017 0.00170017
 0.7925 0.1577 0.0466 0.003 0.0002
 0.840416 0.127587 0.0312969 0.00059994 9.999e-05
 0.8084 0.0986 0.0794 0.0134 0.0002
 0.7335 0.1905 0.0724 0.0035 0.0001
 0.4001 0.4547 0.1325 0.0127 0
 0.49795 0.308269 0.164784 0.0264974 0.00249975
 0.9179 0.0499 0.0305 0.0017 0
 0.2467 0.6533 0.0926 0.0074 0
 0.9418 0.0223 0.034 0.0019 0
 0.707729 0.231977 0.0356964 0.0245975 0
 0.517169 0.277429 0.184464 0.0207286 0.00020938
 0.811772 0.124168 0.05621 0.00726502 0.000585176
 0.764997 0.148141 0.077277 0.00933861 0.000247198
 0.163321 0.427699 0.378323 0.0303852 0.000271297
 0.753843 0.0900009 0.118128 0.0371064 0.000921714
 0.721811 0.176058 0.0630433 0.0369309 0.00215725
 0.143369 0.312575 0.442814 0.0836902 0.0175525
 0.692698 0.0596174 0.167031 0.0765114 0.00414204
 0.394062 0.376323 0.152708 0.0712218 0.00568511
 0.125707 0.32114 0.495352 0.0537591 0.00404204
 0.23352 0.215282 0.420074 0.123614 0.00750983
 0.774587 0.0839891 0.0768558 0.0609784 0.00358967
pf_pred 
 0.199404 0.257911 0.477448 0.0652358 9.94626e-07
 0.60555 0.116768 0.0894552 0.1656 0.022627
 0.507724 0.361004 0.03886 0.0297705 0.0626416
 0.474692 0.341068 0.13511 0.0145438 0.0345863
 0.588654 0.276649 0.087455 0.0346442 0.0125977
 0.986947 0.0101559 0.00194826 0.000615887 0.000332693
 0.199 0.795206 0.00450842 0.000864874 0.000421096
 0.27533 0.251966 0.469285 0.00266061 0.000758906
 0.753058 0.0986852 0.0515486 0.096009 0.000699584
 0.960834 0.0351639 0.00159929 0.000835396 0.00156726
 0.839467 0.157775 0.00247554 0.00011259 0.000169147
 0.752845 0.221905 0.0248165 0.000389378 4.43145e-05
 0.654516 0.294747 0.0455537 0.00509444 8.90303e-05
 0.625339 0.292696 0.0699272 0.0108074 0.00122975
 0.745156 0.200634 0.0423501 0.0101177 0.00174165
 0.961824 0.0328322 0.00420717 0.000888054 0.000248683
 0.157821 0.824402 0.0152883 0.00195907 0.000529321
 0.93109 0.0169795 0.0508344 0.00094271 0.000153439
 0.469214 0.508982 0.0053726 0.0160849 0.000346841
 0.450367 0.33508 0.205739 0.00217169 0.00664198
 0.770036 0.136688 0.0568652 0.0349152 0.00149574
 0.720551 0.23863 0.0242623 0.0100937 0.00646301
 0.132552 0.711591 0.133091 0.0135319 0.0092342
 0.761282 0.0493152 0.155372 0.0290598 0.00497085
 0.535878 0.391678 0.0149658 0.047151 0.0103273
 0.304727 0.459995 0.198554 0.00758664 0.0291377
 0.770332 0.0976371 0.0873518 0.0377049 0.00697385
 0.693002 0.261339 0.0194106 0.0173658 0.00888229
 0.165294 0.660066 0.148666 0.011042 0.0149316
 0.212674 0.195047 0.46836 0.105489 0.0184299
 0.849816 0.047706 0.0253872 0.0609615 0.0161292
pobs_RECLAS
 0 0 0 0 0
 0 0 0 0 0
 0 0 0 0 0
 0 0 0 0 0
 0 0 0 0 0
 0 0 0 0 0
 0 0 0 0 0
 0 0 0 0 0
 0 0 0 0 0
 0 0 0 0 0
 0.991045 0.00858322 0.000360255 1.14367e-05 0
 0.934742 0.0480273 0.0164251 0.00080598 0
 0.827803 0.169806 0.00239088 0 0
 0.941827 0.0461693 0.0120037 0 0
 0.791401 0.0380133 0.147996 0.0225897 0
 0.846168 0.0940531 0.0597789 0 0
 0.134021 0.677848 0.182769 0.00536245 0
 0.80878 0.0450904 0.141981 0.00414843 0
 0.846168 0.0940531 0.0597789 0 0
 0.905697 0.0802665 0.012482 0.00150086 5.37128e-05
 0.989698 0.0102097 9.19794e-05 0 0
 0.975433 0.0193895 0.00387452 0.00125025 5.28907e-05
 0.303575 0.632131 0.0575291 0.00676475 0
 0.966965 0.00978017 0.0227588 0.000495775 0
 0.843318 0.132988 0.00938335 0.0141283 0.000182051
 0.564624 0.303363 0.111486 0.0197234 0.00080311
 0.826376 0.0876187 0.0782897 0.00655872 0.00115652
 0.89761 0.0855135 0.0140674 0.00269457 0.000114338
 0.34875 0.467042 0.161289 0.0227151 0.000203297
 0.318654 0.224769 0.449479 0.00709798 0
 0.937255 0.0296025 0.0250945 0.00804832 0
ppred_RECLAS
 0.286863 0.229737 0.425291 0.0581093 8.85971e-07
 0.715048 0.0843533 0.0646226 0.11963 0.0163458
 0.627785 0.272959 0.0293825 0.0225098 0.047364
 0.61222 0.251775 0.0997376 0.0107362 0.0255315
 0.719437 0.188692 0.0596497 0.0236295 0.00859241
 0.991998 0.00622644 0.00119445 0.000377593 0.00020397
 0.298836 0.696091 0.00394649 0.000757077 0.000368611
 0.381982 0.214883 0.400219 0.00226904 0.000647216
 0.852932 0.0587724 0.0307 0.0571785 0.00041664
 0.97739 0.0202993 0.000923235 0.000482255 0.000904743
 0.89405 0.10413 0.00163384 7.43088e-05 0.000111636
 0.834829 0.148296 0.0165845 0.000260216 2.96148e-05
 0.758118 0.20636 0.0318933 0.00356675 6.23325e-05
 0.743128 0.200677 0.047943 0.00740969 0.000843134
 0.832902 0.131553 0.0277685 0.00663408 0.00114198
 0.976438 0.0202641 0.00259667 0.000548109 0.000153488
 0.233477 0.750343 0.0139149 0.00178308 0.00048177
 0.956366 0.0107514 0.0321884 0.000596925 9.7158e-05
 0.590267 0.392902 0.00414731 0.0124165 0.000267739
 0.572445 0.260656 0.160043 0.00168934 0.00516675
 0.844801 0.0922484 0.0383774 0.0235637 0.00100945
 0.807842 0.16409 0.0166836 0.00694075 0.00444418
 0.198211 0.657729 0.123017 0.0125076 0.00853524
 0.837514 0.033567 0.105756 0.0197799 0.00338347
 0.65105 0.294483 0.011252 0.0354505 0.00776462
 0.414438 0.387409 0.167223 0.0063895 0.0245399
 0.844427 0.0661379 0.0591707 0.0255407 0.00472398
 0.784494 0.183455 0.0136258 0.0121904 0.00623518
 0.241828 0.599545 0.135035 0.0100295 0.0135625
 0.304572 0.172281 0.413692 0.0931757 0.0162788
 0.902108 0.0310953 0.0165477 0.0397354 0.0105132
pobs_PELACES
 0 0 0 0 0
 0 0 0 0 0
 0 0 0 0 0
 0 0 0 0 0
 0 0 0 0 0
 0 0 0 0 0
 0 0 0 0 0
 0 0 0 0 0
 0 0 0 0 0
 0 0 0 0 0
 0 0 0 0 0
 0 0 0 0 0
 0 0 0 0 0
 0 0 0 0 0
 0 0 0 0 0
 0 0 0 0 0
 0.505614 0.472636 0.0217494 0 0
 0 0 0 0 0
 0.443492 0.261883 0.143347 0.151278 0
 0.227955 0.32914 0.350689 0.0885471 0.00366901
 0.970185 0.0296113 0.000203453 0 0
 0.997202 0.00247181 0.000326279 0 0
 0.445219 0.490057 0.0546422 0.010081 0
 0.90214 0.0892962 0.00764917 0.000914606 0
 0 0 0 0 0
 0.581667 0.319106 0.0959925 0.00289975 0.000334073
 0.762889 0.0836404 0.116647 0.0363945 0.000428098
 0.88444 0.0763242 0.0277011 0.0115352 0
 0.521256 0.241999 0.230069 0.00667565 0
 0.616807 0.101726 0.260614 0.0208532 0
 0.833518 0.0704572 0.0857862 0.0102388 0
ppred_PELACES
 0.292892 0.227794 0.421695 0.0576181 8.78481e-07
 0.727203 0.0807552 0.0618662 0.114527 0.0156486
 0.642029 0.262513 0.0282581 0.0216483 0.0455514
 0.652553 0.225588 0.0893639 0.00961952 0.0228759
 0.759162 0.161974 0.0512037 0.0202837 0.00737579
 0.992513 0.0058251 0.00111746 0.000353255 0.000190823
 0.330655 0.664503 0.0037674 0.000722721 0.000351883
 0.393597 0.210845 0.392697 0.0022264 0.000635052
 0.884115 0.0463111 0.0241908 0.0450552 0.000328302
 0.981138 0.0169343 0.000770191 0.000402312 0.000754765
 0.896563 0.10166 0.00159508 7.25462e-05 0.000108988
 0.847112 0.137269 0.0153513 0.000240866 2.74126e-05
 0.773555 0.19319 0.0298579 0.00333911 5.83543e-05
 0.77292 0.177402 0.0423826 0.00655031 0.000745347
 0.851239 0.117117 0.0247212 0.00590606 0.00101666
 0.978087 0.0188456 0.00241491 0.000509742 0.000142744
 0.241953 0.742046 0.013761 0.00176336 0.000476443
 0.958069 0.0103319 0.0309325 0.000573634 9.33671e-05
 0.603091 0.380604 0.0040175 0.0120279 0.000259359
 0.586965 0.251804 0.154608 0.00163197 0.00499128
 0.850877 0.0886368 0.0368749 0.0226412 0.000969928
 0.816154 0.156991 0.0159619 0.0066405 0.00425193
 0.203708 0.65322 0.122174 0.0124219 0.00847672
 0.841759 0.0326899 0.102993 0.0192631 0.00329506
 0.658032 0.288591 0.0110269 0.0347412 0.00760925
 0.421482 0.382749 0.165212 0.00631264 0.0242447
 0.848974 0.0642047 0.0574412 0.0247942 0.0045859
 0.788656 0.179912 0.0133627 0.011955 0.00611476
 0.245715 0.596471 0.134343 0.00997811 0.013493
 0.31317 0.170151 0.408578 0.0920237 0.0160775
 0.90658 0.029675 0.0157919 0.0379204 0.010033
pobs_pel_tallas
 0 0 0 0 0 0 0 0 0 0 0 0 0 0 0 0 0 0 0 0 0 0 0 0 0 0
 0 0 0 0 0 0 0 0 0 0 0 0 0 0 0 0 0 0 0 0 0 0 0 0 0 0
 0 0 0 0 0 0 0 0 0 0 0 0 0 0 0 0 0 0 0 0 0 0 0 0 0 0
 0 0 0 0 0 0 0 0 0 0 0 0 0 0 0 0 0 0 0 0 0 0 0 0 0 0
 0 0 0 0 0 0 0 0 0 0 0 0 0 0 0 0 0 0 0 0 0 0 0 0 0 0
 0 0 0 0 0 0 0 0 0 0 0 0 0 0 0 0 0 0 0 0 0 0 0 0 0 0
 0 0 0 0 0 0 0 0 0 0 0 0 0 0 0 0 0 0 0 0 0 0 0 0 0 0
 0 0 0 0 0 0 0 0 0 0 0 0 0 0 0 0 0 0 0 0 0 0 0 0 0 0
 0 0 0 0 0 0 0 0 0 0 0 0 0 0 0 0 0 0 0 0 0 0 0 0 0 0
 0 0 0 0 0 0 0 0 0 0 0 0 0 0 0 0 0 0 0 0 0 0 0 0 0 0
 0 0 0 0 0 0 0 0 0 0 0 0 0 0 0 0 0 0 0 0 0 0 0 0 0 0
 0 0 0 0 0 0 0 0 0 0 0 0 0 0 0 0 0 0 0 0 0 0 0 0 0 0
 0.00862536 0 0 0.000197151 0.00414017 0.0128641 0.00837892 0.0270097 0.101434 0.158115 0.152841 0.127902 0.109271 0.109419 0.0830992 0.0579132 0.0238553 0.00714673 0.00463305 0.00128148 0.00103504 0.000492878 0.000147863 0.000147863 4.92878e-05 0
 0 0 0 0 0 0 0 0 0 0 0 0 0 0 0 0 0 0 0 0 0 0 0 0 0 0
 0 0 0 0 0 0 0 0.0054083 0.00873648 0.0413646 0.0450493 0.0745869 0.0622846 0.0627006 0.0613931 0.0827291 0.12552 0.122667 0.0946155 0.0697135 0.0546179 0.0294188 0.0215738 0.0213955 0.0102223 0.00600262
 0 0 0 0 0.00359764 0.0251062 0.0480494 0.140153 0.205849 0.193036 0.1447 0.116669 0.0760912 0.0342217 0.00950174 0.001854 0.000860785 0 0 0 0.000165536 0 0.000143464 0 0 0
 0 0 0 0 0 0 0 0.000145254 0.000435761 0.0275982 0.070085 0.0708112 0.156366 0.174668 0.174014 0.160142 0.0824315 0.0480064 0.0283245 0.00493863 0.00203355 0 0 0 0 0
 0 0 0 0 0 0 0 0 0 0 0 0 0 0 0 0 0 0 0 0 0 0 0 0 0 0
 0 0 1.00437e-05 0.000401748 0.00122533 0.00171747 0.00176769 0.0269171 0.070346 0.194647 0.189555 0.159765 0.064822 0.0314167 0.0384472 0.0292271 0.0345202 0.0313363 0.0194345 0.0106764 0.0143323 0.0359363 0.0279516 0.0138201 0.00172751 0
 0 0.0021121 0.0136068 0.0755702 0.200478 0.177729 0.0527432 0.0373336 0.0318909 0.0142505 0.0149659 0.0166563 0.0217959 0.0798694 0.0677717 0.0528807 0.04013 0.0224614 0.0357745 0.0225083 0.00881397 0.00855152 0.00135912 0.000746735 0 0
 0 0 0 0 5.4009e-05 0.00500934 0.000945158 0.0243581 0.138947 0.33067 0.221406 0.137944 0.0707744 0.0437923 0.0131692 0.00525238 0.0047753 0.00276346 9.45158e-05 9.00151e-06 2.25038e-05 9.00151e-06 4.50075e-06 0 0 0
 0.000866109 0.00284123 0.00948549 0.0512746 0.133035 0.25785 0.225252 0.132002 0.0553304 0.0519788 0.0540692 0.017754 0.00435017 0.00159236 0.00146478 0.000404838 0.000125132 0.000115318 0.000107957 0.000100596 0 0 0 0 0 0
 0 0 0 0 0.00144013 0.00171154 0.00461396 0.0210425 0.0478622 0.0707936 0.0888783 0.103762 0.0637923 0.0337046 0.0602308 0.124433 0.169614 0.0934646 0.0462172 0.0250306 0.0313229 0.00938855 0.002487 0.000210481 0 0
 0 0.00764035 0.051015 0.0998891 0.058973 0.0496711 0.0374665 0.0718981 0.12319 0.153886 0.159021 0.0857701 0.0377988 0.023471 0.0147837 0.00900784 0.00315554 0.000888139 0.00291439 0.00214683 0.00393193 0.00274676 0.000635225 9.99891e-05 0 0
 0 0 0 0 0 0 0 0 0 0 0 0 0 0 0 0 0 0 0 0 0 0 0 0 0 0
 0 0 0 0 0 0 0 0 0 0 0 0 0 0 0 0 0 0 0 0 0 0 0 0 0 0
 0 0 0 0 0 0 0 0 0 0 0 0 0 0 0 0 0 0 0 0 0 0 0 0 0 0
 0 0 0 0 0 0 0 0 0 0 0 0 0 0 0 0 0 0 0 0 0 0 0 0 0 0
 0 0 0 0 0 0 0 0 0 0 0 0 0 0 0 0 0 0 0 0 0 0 0 0 0 0
 0 0 0 0 0 0 0 0 0 0 0 0 0 0 0 0 0 0 0 0 0 0 0 0 0 0
 0 0 0 0 0 0 0 0 0 0 0 0 0 0 0 0 0 0 0 0 0 0 0 0 0 0
ppred_pel_tallas
 1.18006e-16 2.41252e-05 0.000234505 0.00155837 0.00708414 0.0220415 0.0469626 0.068548 0.0685706 0.0470732 0.0224146 0.00816977 0.00431328 0.00634717 0.0119223 0.0204258 0.0311781 0.0428684 0.0540521 0.0638838 0.0722548 0.0791337 0.0837873 0.084762 0.0807545 0.0716353
 1.1594e-16 5.98987e-05 0.000582237 0.00386917 0.0175887 0.054725 0.116598 0.170179 0.170187 0.116636 0.0548552 0.0179666 0.0048242 0.00268917 0.00412837 0.00691245 0.0103978 0.0140612 0.0174602 0.0205231 0.0236107 0.0271878 0.0313318 0.0354725 0.0385682 0.0395851
 1.10763e-16 5.28832e-05 0.000514043 0.003416 0.0155286 0.0483155 0.102942 0.150253 0.150278 0.103066 0.0487306 0.0167277 0.00642605 0.0070861 0.0125386 0.0206591 0.0297976 0.0375854 0.0416779 0.0410757 0.0367697 0.031107 0.026376 0.0236833 0.0227751 0.0226185
 1.07473e-16 5.375e-05 0.000522469 0.00347199 0.0157832 0.0491074 0.104629 0.152714 0.152736 0.104736 0.0494661 0.0168204 0.00608011 0.00623122 0.0109405 0.0181194 0.0263728 0.0337475 0.0382793 0.0390584 0.036728 0.032947 0.0292762 0.0263857 0.024059 0.0217338
 1.04802e-16 6.25312e-05 0.000607826 0.00403922 0.0183617 0.0571302 0.121722 0.177661 0.177676 0.121799 0.0573873 0.0191052 0.00590801 0.0046958 0.00785122 0.0129466 0.0188004 0.0239756 0.0270513 0.0273809 0.025456 0.0225174 0.0197373 0.0176268 0.0160222 0.0144781
 1.00102e-16 8.1752e-05 0.000794659 0.00528079 0.0240057 0.0746906 0.159136 0.232264 0.232265 0.159139 0.0746998 0.0240323 0.0053477 0.000940816 0.000359604 0.000465813 0.000664743 0.000839298 0.000931677 0.000917367 0.00081494 0.000672496 0.000537935 0.000436172 0.000366543 0.000315184
 1.00411e-16 2.72357e-05 0.000264741 0.0017593 0.00799757 0.0248837 0.0530198 0.0773974 0.0774613 0.053332 0.0259315 0.0110218 0.00934327 0.0167966 0.0313536 0.0516055 0.073902 0.092018 0.0996312 0.0938322 0.0769132 0.0549412 0.0342993 0.0188368 0.00924032 0.00419054
 1.11718e-16 3.24201e-05 0.000315135 0.00209418 0.00951986 0.0296199 0.0631092 0.0921141 0.0921349 0.0632115 0.029965 0.0105236 0.00464023 0.00596099 0.0110112 0.0188175 0.0286445 0.0392081 0.0490802 0.0573716 0.063894 0.0686041 0.070938 0.0698161 0.064407 0.0549666
 1.05284e-16 7.28234e-05 0.000707869 0.00470404 0.0213839 0.0665332 0.141756 0.206898 0.206903 0.141778 0.0666073 0.0215986 0.00524531 0.00189729 0.00235544 0.00384308 0.00568625 0.00749738 0.00895097 0.00994168 0.0106476 0.0113747 0.012295 0.0132878 0.0139968 0.0140376
 1.00195e-16 8.08151e-05 0.000785551 0.00522026 0.0237306 0.0738346 0.157312 0.229603 0.229604 0.15732 0.0738613 0.0238077 0.00541385 0.00120778 0.000881598 0.0013267 0.00189676 0.0023716 0.00258822 0.00247478 0.0020906 0.00158829 0.00112507 0.000790661 0.000593087 0.000490489
 1.00098e-16 7.38487e-05 0.000717836 0.00477027 0.021685 0.06747 0.143752 0.209813 0.209823 0.1438 0.0676304 0.0221478 0.00593089 0.00324804 0.00486909 0.00790621 0.0113198 0.0141036 0.0152877 0.0144269 0.0118695 0.00853875 0.00540452 0.00304976 0.00157678 0.000785335
 1.00507e-16 6.97755e-05 0.000678243 0.00450716 0.0204889 0.0637487 0.135824 0.198242 0.198255 0.135888 0.0639656 0.0211153 0.00607901 0.00410818 0.00657963 0.0107557 0.0154597 0.0193808 0.0212307 0.0204093 0.0173559 0.0132504 0.00931489 0.00625904 0.00418591 0.00284852
 1.01256e-16 6.37167e-05 0.000619349 0.00411579 0.0187098 0.0582133 0.12403 0.18103 0.181048 0.124121 0.0585188 0.0195924 0.0063312 0.00545588 0.00924986 0.0151925 0.0218814 0.0275184 0.0303098 0.0294184 0.0254478 0.0200175 0.0147853 0.010685 0.00781736 0.00582697
 1.02052e-16 6.36644e-05 0.000618841 0.00411242 0.0186945 0.0581655 0.123928 0.180881 0.180898 0.124012 0.0584466 0.0195067 0.00615247 0.00507651 0.00854185 0.0140525 0.0203105 0.0256928 0.0285817 0.0282183 0.0251293 0.0207279 0.0164289 0.0129809 0.0104063 0.00837337
 1.01508e-16 7.01155e-05 0.000681547 0.00452912 0.0205887 0.0640593 0.136485 0.199207 0.199218 0.136541 0.0642447 0.0211246 0.00587494 0.00362161 0.00566011 0.00926275 0.0133748 0.016899 0.0187649 0.0184755 0.0163901 0.0134593 0.0106343 0.00841831 0.00681915 0.00559587
 1.0015e-16 8.05637e-05 0.000783108 0.00520403 0.0236568 0.073605 0.156823 0.228888 0.22889 0.156832 0.0736348 0.0237428 0.00541999 0.00125448 0.000975566 0.00148471 0.00212952 0.00267464 0.00294047 0.00284575 0.00245119 0.00191752 0.00140929 0.00101904 0.000755654 0.000581003
 1.00845e-16 1.99295e-05 0.000193722 0.00128735 0.00585217 0.0182087 0.0387981 0.0566419 0.0567133 0.0391468 0.0193789 0.00923039 0.00975982 0.0186648 0.035028 0.0576883 0.0826572 0.10301 0.111704 0.105492 0.0869136 0.062696 0.0399017 0.0227677 0.0120278 0.00621793
 1.00969e-16 7.89148e-05 0.00076708 0.00509752 0.0231726 0.0720985 0.153614 0.224204 0.224205 0.153619 0.0721158 0.0232231 0.00522649 0.00105582 0.000648269 0.00100133 0.00156115 0.0022248 0.00293574 0.00365215 0.00433824 0.00493322 0.00533112 0.00540796 0.00508831 0.00440146
 1.01464e-16 4.96759e-05 0.000482867 0.00320882 0.0145869 0.0453854 0.0966997 0.141144 0.14118 0.0968785 0.0459856 0.0163196 0.00755441 0.00995696 0.0180066 0.0295957 0.0424096 0.0528743 0.0573911 0.054318 0.044983 0.0328525 0.0215407 0.013177 0.00806203 0.00535722
 1.05535e-16 4.83476e-05 0.000469956 0.00312302 0.0141968 0.0441717 0.0941134 0.137366 0.137391 0.094233 0.0445737 0.0153602 0.00605182 0.00689207 0.0123283 0.0205204 0.0300547 0.0388254 0.0446702 0.0465114 0.044872 0.0412894 0.0371677 0.0330477 0.0287447 0.0239772
 1.03522e-16 7.00857e-05 0.000681257 0.0045272 0.02058 0.064032 0.136427 0.199121 0.19913 0.136469 0.0641731 0.0209881 0.00555391 0.00293011 0.00436342 0.00716202 0.0104515 0.0134449 0.0153917 0.0159561 0.0153976 0.0143458 0.0133544 0.012597 0.0118936 0.0109582
 1.01887e-16 6.72256e-05 0.000653457 0.00434245 0.0197402 0.061419 0.13086 0.190998 0.191013 0.130934 0.0616671 0.0204566 0.00614039 0.00457711 0.00751533 0.0123087 0.017704 0.0222219 0.0244063 0.0235939 0.0203119 0.0159258 0.0118275 0.00878979 0.00685955 0.00566715
 1.06373e-16 1.67793e-05 0.000163101 0.00108386 0.00492713 0.0153305 0.0326655 0.0476894 0.0477524 0.0329734 0.0163643 0.00791378 0.00858279 0.0165399 0.0311384 0.0515005 0.0742984 0.0936587 0.103577 0.101244 0.0886745 0.0712527 0.0544409 0.0412408 0.0318747 0.0250973
 1.05471e-16 6.93346e-05 0.000673957 0.00447868 0.0203594 0.0633458 0.134965 0.196986 0.196989 0.134981 0.0634008 0.0205204 0.00489036 0.00159821 0.00189969 0.00322705 0.00510063 0.00737436 0.00992531 0.0126658 0.0155067 0.0182365 0.0204415 0.021594 0.0212909 0.0194788
 1.05164e-16 5.42013e-05 0.000526856 0.00350114 0.0159157 0.0495198 0.105508 0.153998 0.154026 0.105644 0.0499754 0.0172312 0.00680178 0.00772721 0.0137151 0.0225537 0.0324101 0.0406171 0.0445169 0.0429362 0.0369234 0.0290822 0.0220346 0.0171846 0.014498 0.0130984
 1.09602e-16 3.4717e-05 0.000337462 0.00224255 0.0101943 0.0317186 0.0675811 0.0986444 0.0986815 0.0677623 0.0323274 0.0119552 0.0066708 0.0100319 0.0185269 0.0307839 0.0448311 0.0573954 0.0651247 0.0664221 0.0622943 0.0554603 0.0485044 0.0425844 0.0374665 0.0324237
 1.04937e-16 6.99289e-05 0.000679734 0.00451707 0.0205339 0.0638888 0.136122 0.198675 0.198682 0.136153 0.063992 0.0208333 0.00527272 0.00234312 0.00326983 0.00540273 0.0080306 0.0106387 0.0127496 0.0141488 0.0149754 0.0155387 0.0160151 0.0162928 0.0160719 0.0151035
 1.02666e-16 6.49606e-05 0.00063144 0.00419614 0.0190751 0.0593497 0.126451 0.184563 0.18458 0.126536 0.0596339 0.0198957 0.00625529 0.00512435 0.00859147 0.0140848 0.0202484 0.025395 0.0278595 0.0268934 0.0231227 0.0181398 0.013561 0.010273 0.00830171 0.00717181
 1.07314e-16 2.02393e-05 0.000196734 0.00130737 0.00594314 0.0184916 0.0394005 0.0575182 0.0575758 0.0396818 0.0194364 0.00867295 0.00816313 0.0151747 0.0285003 0.0471732 0.0681571 0.0861303 0.0956499 0.0941634 0.0834687 0.0683778 0.0537314 0.0421274 0.0336816 0.0272566
 1.23784e-16 2.57955e-05 0.000250741 0.00166626 0.0075746 0.0235675 0.0502137 0.0732919 0.0733089 0.0502971 0.0238497 0.00839768 0.00376281 0.00492879 0.00920794 0.0159614 0.024816 0.0350372 0.0458009 0.0566227 0.0673218 0.0774368 0.0856765 0.0900885 0.0889795 0.0819153
 1.05965e-16 7.46738e-05 0.000725856 0.00482357 0.0219272 0.0682238 0.145358 0.212155 0.212158 0.145372 0.0682714 0.0220653 0.00517188 0.00149254 0.0015501 0.00249763 0.0037226 0.00497713 0.0060847 0.00701925 0.00793347 0.00904069 0.0104256 0.0119291 0.0131904 0.01381
pSPR Fmed_Fpbrs
0.466415   0.251976 0.251976
Fs Fmed_Fpbrs
0.490549   1.005 1.005
SSBpbr Bo_Bmed_Bpbrs
1.68506e+06  701684  340341 340341
Ro
99266.2
SPR SPRFo_SPRFmed_SPRFpbrs
709547 330943 178789
Fref
1.005
Nvult_r0
 140175 5525.25 2940.32 7060.48 1868.06
CTP_r0
 28976.6 1626.66 865.641 2078.63 549.963
YTP_r0
391177
Np
 168325 55460.3 1767.67 940.684 2806.33
Nvult_p0
 135268 47992 1529.64 814.011 2428.43
CTP_p0
 52162.4 24055.9 766.725 408.02 1217.24
YTP_p0
 851390
CBA_c0
529241
log_Ro
11.3256
likeval ReclasPelacesDesembMPH_pf_preclas_ppelaces_ptallas_desvR_qrecl_qpela
 20.7766 34.7085 0.0798915 0.00208765 259.366 118.88 104.409 0 56.9912 0 0 0.15331 0 0 0
q_reclas_q_pelaces
1 1
M
1
N
 51880.9 43434.8 80407 10986.4 0.167505
 127365 16466.2 12614.6 23352.3 3190.78
 72394.2 34548.6 3718.97 2849.08 5994.9
 36518.6 19537.6 7739.57 833.122 1981.23
 15614.8 5599.24 1770.05 701.181 254.971
 292040 2029.35 389.301 123.067 66.4788
 26289.6 76586.8 434.208 83.2966 40.556
 7585.35 4595.48 8559.07 48.5256 13.8413
 20887.5 2180.58 1139.04 2121.45 15.4583
 70169.7 1929.06 87.7357 45.829 85.9784
 83724 10155.7 159.346 7.24722 10.8877
 131786 26906.6 3009.07 47.2132 5.37326
 98376.3 30509.8 4715.35 527.335 9.2157
 67870.3 23447.5 5601.78 865.765 98.5138
 56512.3 11002 2322.31 554.815 95.5048
 446443 10368.4 1328.62 280.447 78.5342
 32743 112957 2094.76 268.426 72.5262
 794733 9515.29 28487.6 528.295 85.9874
 328552 237087 2502.59 7492.45 161.561
 185393 92394.1 56729.9 598.817 1831.44
 430657 50504.7 21011.1 12900.8 552.66
 566406 124945 12703.6 5284.97 3383.98
 45307.4 158349 29616.7 3011.23 2054.87
 333624 14025.8 44189.7 8264.96 1413.77
 220883 104696 4000.37 12603.5 2760.51
 71203.8 69545.4 30018.9 1147 4405.25
 274080 22637 20252.4 8741.84 1616.88
 348042 84505.5 6276.51 5615.33 2872.14
 44144.2 112996 25450 1890.26 2556.11
 24286.8 14602.3 35064.1 7897.46 1379.77
 195635 7292.92 3881 9319.32 2465.7
pred_Ctot
 4556.11 5892.93 10909 1490.55 0.0227259
 21675.7 4179.72 3202.06 5927.69 809.939
 12501.5 8888.84 956.834 733.025 1542.4
 14430.7 10368.5 4107.36 442.134 1051.43
 6927.59 3255.75 1029.22 407.711 148.256
 54483 560.64 107.551 33.9991 18.3658
 9255.53 36985.1 209.687 40.2254 19.5852
 1069.25 978.515 1822.48 10.3325 2.94723
 10999.8 1441.48 752.964 1402.39 10.2187
 28965.1 1060.04 48.2119 25.1836 47.2462
 6764.73 1271.41 19.9488 0.907293 1.36305
 32057.1 9449.02 1056.72 16.5802 1.88697
 22678.4 10212.7 1578.4 176.518 3.08482
 25613.9 11988.8 2864.21 442.67 50.3706
 18931.5 5097.34 1075.95 257.052 44.2485
 90827.5 3100.43 397.294 83.8612 23.4838
 4431.87 23150.5 429.319 55.0136 14.8642
 96621.4 1762 5275.21 97.8272 15.9228
 50006 54244.3 572.58 1714.23 36.9643
 31160.9 23184.2 14235.1 150.259 459.559
 58660.1 10412.7 4331.9 2659.79 113.943
 87888.2 29106.5 2959.36 1231.16 788.316
 4603.74 24714.8 4622.49 469.985 320.719
 31398.5 2033.97 6408.21 1198.55 205.019
 20383.8 14898.7 569.269 1793.54 392.832
 6185.89 9337.79 4030.61 154.007 591.488
 28454.3 3606.49 3226.57 1392.73 257.598
 26111 9846.76 731.353 654.311 334.668
 2838.08 11333.3 2552.58 189.589 256.373
 2868 2630.29 6316.04 1422.56 248.536
 28976.6 1626.66 865.641 2078.63 549.963
F
 0.147644 0.236405 0.236405 0.236405 0.236405
 0.304689 0.48786 0.48786 0.48786 0.48786
 0.309786 0.496022 0.496022 0.496022 0.496022
 0.875191 1.40133 1.40133 1.40133 1.40133
 1.04051 1.66603 1.66603 1.66603 1.66603
 0.338466 0.541944 0.541944 0.541944 0.541944
 0.744099 1.19143 1.19143 1.19143 1.19143
 0.246626 0.394892 0.394892 0.394892 0.394892
 1.38212 2.21302 2.21302 2.21302 2.21302
 0.932884 1.49371 1.49371 1.49371 1.49371
 0.135152 0.216403 0.216403 0.216403 0.216403
 0.463128 0.741549 0.741549 0.741549 0.741549
 0.434034 0.694965 0.694965 0.694965 0.694965
 0.819526 1.3122 1.3122 1.3122 1.3122
 0.695695 1.11393 1.11393 1.11393 1.11393
 0.374302 0.599323 0.599323 0.599323 0.599323
 0.23579 0.377541 0.377541 0.377541 0.377541
 0.20958 0.335574 0.335574 0.335574 0.335574
 0.268631 0.430125 0.430125 0.430125 0.430125
 0.300412 0.481012 0.481012 0.481012 0.481012
 0.237441 0.380184 0.380184 0.380184 0.380184
 0.274506 0.439533 0.439533 0.439533 0.439533
 0.172568 0.276312 0.276312 0.276312 0.276312
 0.158956 0.254516 0.254516 0.254516 0.254516
 0.155656 0.249232 0.249232 0.249232 0.249232
 0.145959 0.233707 0.233707 0.233707 0.233707
 0.176603 0.282773 0.282773 0.282773 0.282773
 0.124972 0.200102 0.200102 0.200102 0.200102
 0.10628 0.170173 0.170173 0.170173 0.170173
 0.203031 0.325088 0.325088 0.325088 0.325088
 0.260584 0.417241 0.417241 0.417241 0.417241
YTP_r0W_actual
 246301 26514.5 25017 72336.5 21008.6
YTP_p0W_proyectada
 392261 387780 17926 12036.6 41386.3
CTP_r0_actual
 28976.6 1626.66 865.641 2078.63 549.963
CTP_p0_proyectada
 52162.4 24055.9 766.725 408.02 1217.24
Wmedp
 7.52 16.12 23.38 29.5 34
Frms_r0
 0.260584 0.417241 0.417241 0.417241 0.417241
Zrms_r0
 1.26058 1.41724 1.41724 1.41724 1.41724
nmprior
 8.19 8.8 8.5 0
nm_flota  nm_reclas  nm_pelaces    nm_pelaL
inf 12.807 8.0672 15.0918
cv_recla  cv_pelaces  cv_mph
0.412299 0.668021 1.41005
 ------------------------------------------------
Talla a la edad & desviaci?n 
 8 13.2811 15.8009 17.003 17.5766
 0.8 1.32811 1.58009 1.7003 1.75766
