years
 1991 1992 1993 1994 1995 1996 1997 1998 1999 2000 2001 2002 2003 2004 2005 2006 2007 2008 2009 2010 2011 2012 2013 2014 2015 2016 2017 2018 2019 2020 2021
reclasobs
 0 0 0 0 0 0 0 0 0 252601 567819 844713 477998 351125 339783 2.1784e+06 2.13404e+06 4.81314e+06 1.55562e+06 2.62356e+06 3.21686e+06 3.843e+06 1.13348e+06 3.07943e+06 1.97215e+06 2.03268e+06 2.025e+06 2.42433e+06 2.27542e+06 1.05018e+06 2.36338e+06
reclaspred
 3.43458e+06 1.97418e+06 1.00979e+06 1.10205e+06 1.16385e+06 1.76634e+06 1.24135e+06 1.12137e+06 809400 590504 562150 669449 665817 550673 556888 1.21386e+06 1.27667e+06 2.55175e+06 2.13585e+06 1.6109e+06 2.87376e+06 2.34383e+06 1.93521e+06 2.97335e+06 2.23482e+06 1.98648e+06 2.29356e+06 2.34828e+06 1.97564e+06 1.32814e+06 2.01586e+06
pelacesobs
 0 0 0 0 0 0 0 0 0 0 0 0 0 0 0 552880 188675 0 991730 2.46772e+06 1.41603e+06 1.21717e+06 2.29649e+06 1.80582e+06 0 1.4828e+06 1.56532e+06 1.57751e+06 1.42118e+06 867257 1.10002e+06
pelacespred
 2.55205e+06 1.65576e+06 861004 673813 738623 1.1006e+06 850430 845287 630186 438385 398005 397184 429408 377412 372495 633763 754724 1.52928e+06 1.46386e+06 1.07181e+06 1.67683e+06 1.58228e+06 1.3479e+06 2.01822e+06 1.63172e+06 1.43459e+06 1.72633e+06 1.74066e+06 1.36707e+06 1.04786e+06 1.35298e+06
mphobs
 0 0 0 0 0 0 0 0 0 0 0 498337 0 5186 125008 0 168611 109162 213762 579715 649985 157893 87575 83554 0 0 0 0 0 0 0
mphpred
 5.03996e+06 3.39984e+06 1.75314e+06 959383 1.19726e+06 1.38667e+06 1.82034e+06 1.29693e+06 1.10788e+06 783573 516936 636335 672938 592329 442595 538116 1.37973e+06 1.44335e+06 2.46281e+06 1.93934e+06 2.0804e+06 2.57727e+06 2.46084e+06 2.09899e+06 2.90562e+06 2.37637e+06 1.97673e+06 2.05047e+06 2.73673e+06 1.9434e+06 1.31389e+06
desembarqueobs
 494567 514787 250237 358949 120608 361735 552515 73892 212993 205616 52469 317467 293654 387597 252695 516296 358380 742168 942051 627588 828172 859565 418607 520667 417249 300574 415391 372974 316634 284311 391294
desembarquepred
 494573 512954 251248 358964 120611 361747 552570 73894.5 213030 205653 52470.9 317534 293711 387669 252707 516304 358409 742120 941983 627539 828260 859647 418629 520694 417261 300584 415403 372975 316642 284328 391301
Reclutas
 256042 149160 147225 320999 258078 401014 169868 82578.1 71092.2 88795.5 153699 191660 163179 115529 119396 568570 156944 847300 525395 388821 603288 802536 184114 533200 431958 204737 436039 474538 156485 120773 446462
log_desv_Rt
 0.0418265 -0.498493 -0.511553 0.267923 0.0497488 0.490481 -0.368494 -1.08977 -1.23954 -1.01718 -0.46852 -0.247793 -0.408666 -0.753991 -0.721066 0.839609 -0.447628 1.23854 0.760635 0.459605 0.898881 1.18426 -0.28796 0.775383 0.564813 -0.181788 0.574218 0.658828 -0.450555 -0.7096 0.59784
SSB
 5.03996e+06 3.39984e+06 1.75314e+06 959383 1.19726e+06 1.38667e+06 1.82034e+06 1.29693e+06 1.10788e+06 783573 516936 636335 672938 592329 442595 538116 1.37973e+06 1.44335e+06 2.46281e+06 1.93934e+06 2.0804e+06 2.57727e+06 2.46084e+06 2.09899e+06 2.90562e+06 2.37637e+06 1.97673e+06 2.05047e+06 2.73673e+06 1.9434e+06 1.31389e+06
BT
 6.60937e+06 4.51982e+06 2.34125e+06 2.15705e+06 2.0643e+06 3.42459e+06 2.66821e+06 2.29958e+06 1.84493e+06 1.3499e+06 1.15019e+06 1.37553e+06 1.46008e+06 1.47085e+06 1.34288e+06 2.36453e+06 2.30633e+06 5.21717e+06 4.95809e+06 3.41183e+06 5.46666e+06 5.13955e+06 3.88646e+06 6.34521e+06 4.68071e+06 4.0577e+06 5.37005e+06 5.38648e+06 3.72963e+06 2.91894e+06 4.34e+06
Ftot
 0.0844174 0.150909 0.14521 0.197304 0.0624081 0.124933 0.25896 0.0394406 0.156493 0.205844 0.0575694 0.283366 0.26333 0.416584 0.277005 0.264847 0.166595 0.17988 0.26256 0.232295 0.174623 0.220792 0.127797 0.108123 0.111623 0.0903102 0.111261 0.0981426 0.0938524 0.12628 0.120709
BD_Bspro_t
 0.986584 0.898729 0.786675 0.720031 0.733953 0.792306 0.786578 0.682287 0.724317 0.694961 0.666576 0.781579 0.681604 0.607105 0.520436 0.568183 0.680788 0.677969 0.732775 0.654166 0.628256 0.673492 0.688098 0.68914 0.776944 0.782365 0.789998 0.813551 0.842319 0.796188 0.754783
BD_Bspro
 2.87145 1.93701 0.998826 0.546595 0.682123 0.790036 1.03711 0.738911 0.631198 0.44643 0.294517 0.362543 0.383397 0.337471 0.252162 0.306584 0.78608 0.822327 1.40315 1.10491 1.18528 1.46836 1.40203 1.19587 1.65544 1.3539 1.12621 1.16823 1.55921 1.10723 0.748573
BD_Bo
 2.01317 1.35804 0.700276 0.383217 0.478236 0.553893 0.727119 0.51805 0.442532 0.312992 0.206486 0.254178 0.2688 0.236601 0.176791 0.214946 0.55112 0.576533 0.983747 0.774654 0.830998 1.02947 0.982963 0.838424 1.16063 0.94922 0.789588 0.819045 1.09316 0.776276 0.524824
BD_Brms
 13.9722 9.42535 4.86021 2.65969 3.31916 3.84425 5.04651 3.59548 3.07136 2.17229 1.4331 1.76411 1.86558 1.64211 1.227 1.49181 3.82501 4.00138 6.82762 5.37642 5.76747 7.14495 6.82218 5.81901 8.05524 6.58798 5.48007 5.68452 7.58702 5.38768 3.6425
Sel_flota
 0.884286 1 1 1 1
 0.884286 1 1 1 1
 0.884286 1 1 1 1
 0.884286 1 1 1 1
 0.884286 1 1 1 1
 0.884286 1 1 1 1
 0.884286 1 1 1 1
 0.884286 1 1 1 1
 0.884286 1 1 1 1
 0.884286 1 1 1 1
 0.884286 1 1 1 1
 0.884286 1 1 1 1
 0.884286 1 1 1 1
 0.884286 1 1 1 1
 0.884286 1 1 1 1
 0.884286 1 1 1 1
 0.884286 1 1 1 1
 0.884286 1 1 1 1
 0.884286 1 1 1 1
 0.884286 1 1 1 1
 0.884286 1 1 1 1
 0.884286 1 1 1 1
 0.884286 1 1 1 1
 0.884286 1 1 1 1
 0.884286 1 1 1 1
 0.884286 1 1 1 1
 0.884286 1 1 1 1
 0.884286 1 1 1 1
 0.884286 1 1 1 1
 0.884286 1 1 1 1
 0.884286 1 1 1 1
Sel_reclas
 1 1 1 1 1
 1 1 1 1 1
 1 1 1 1 1
 1 1 1 1 1
 1 1 1 1 1
 1 1 1 1 1
 1 1 1 1 1
 1 1 1 1 1
 1 1 1 1 1
 1 1 1 1 1
 1 1 1 1 1
 1 1 1 1 1
 1 1 1 1 1
 1 1 1 1 1
 1 1 1 1 1
 1 1 1 1 1
 1 1 1 1 1
 1 1 1 1 1
 1 1 1 1 1
 1 1 1 1 1
 1 1 1 1 1
 1 1 1 1 1
 1 1 1 1 1
 1 1 1 1 1
 1 1 1 1 1
 1 1 1 1 1
 1 1 1 1 1
 1 1 1 1 1
 1 1 1 1 1
 1 1 1 1 1
 1 1 1 1 1
Sel_pelaces
 0.679826 0.914426 0.981744 0.996319 0.999266
 0.679826 0.914426 0.981744 0.996319 0.999266
 0.679826 0.914426 0.981744 0.996319 0.999266
 0.679826 0.914426 0.981744 0.996319 0.999266
 0.679826 0.914426 0.981744 0.996319 0.999266
 0.679826 0.914426 0.981744 0.996319 0.999266
 0.679826 0.914426 0.981744 0.996319 0.999266
 0.679826 0.914426 0.981744 0.996319 0.999266
 0.679826 0.914426 0.981744 0.996319 0.999266
 0.679826 0.914426 0.981744 0.996319 0.999266
 0.679826 0.914426 0.981744 0.996319 0.999266
 0.679826 0.914426 0.981744 0.996319 0.999266
 0.679826 0.914426 0.981744 0.996319 0.999266
 0.679826 0.914426 0.981744 0.996319 0.999266
 0.679826 0.914426 0.981744 0.996319 0.999266
 0.679826 0.914426 0.981744 0.996319 0.999266
 0.679826 0.914426 0.981744 0.996319 0.999266
 0.679826 0.914426 0.981744 0.996319 0.999266
 0.679826 0.914426 0.981744 0.996319 0.999266
 0.679826 0.914426 0.981744 0.996319 0.999266
 0.679826 0.914426 0.981744 0.996319 0.999266
 0.679826 0.914426 0.981744 0.996319 0.999266
 0.679826 0.914426 0.981744 0.996319 0.999266
 0.679826 0.914426 0.981744 0.996319 0.999266
 0.679826 0.914426 0.981744 0.996319 0.999266
 0.679826 0.914426 0.981744 0.996319 0.999266
 0.679826 0.914426 0.981744 0.996319 0.999266
 0.679826 0.914426 0.981744 0.996319 0.999266
 0.679826 0.914426 0.981744 0.996319 0.999266
 0.679826 0.914426 0.981744 0.996319 0.999266
 0.679826 0.914426 0.981744 0.996319 0.999266
pf_obs 
 0.8446 0.082 0.0669 0.0065 0
 0.8095 0.147 0.0364 0.0071 0
 0.9664 0.0169 0.016 0.0007 0
 0.9276 0.0648 0.0075 0.0001 0
 0.7033 0.2144 0.0806 0.0017 0
 0.9318 0.0425 0.0243 0.0014 0
 0.5671 0.3108 0.0964 0.0239 0.0018
 0.0768 0.2599 0.5324 0.112 0.0189
 0.490249 0.384438 0.106611 0.0170017 0.00170017
 0.7925 0.1577 0.0466 0.003 0.0002
 0.840416 0.127587 0.0312969 0.00059994 9.999e-05
 0.8084 0.0986 0.0794 0.0134 0.0002
 0.7335 0.1905 0.0724 0.0035 0.0001
 0.4001 0.4547 0.1325 0.0127 0
 0.49795 0.308269 0.164784 0.0264974 0.00249975
 0.9179 0.0499 0.0305 0.0017 0
 0.2467 0.6533 0.0926 0.0074 0
 0.9418 0.0223 0.034 0.0019 0
 0.707729 0.231977 0.0356964 0.0245975 0
 0.517169 0.277429 0.184464 0.0207286 0.00020938
 0.811772 0.124168 0.05621 0.00726502 0.000585176
 0.764997 0.148141 0.077277 0.00933861 0.000247198
 0.163321 0.427699 0.378323 0.0303852 0.000271297
 0.753843 0.0900009 0.118128 0.0371064 0.000921714
 0.721811 0.176058 0.0630433 0.0369309 0.00215725
 0.143369 0.312575 0.442814 0.0836902 0.0175525
 0.692698 0.0596174 0.167031 0.0765114 0.00414204
 0.394062 0.376323 0.152708 0.0712218 0.00568511
 0.125707 0.32114 0.495352 0.0537591 0.00404204
 0.23352 0.215282 0.420074 0.123614 0.00750983
 0.774587 0.0839891 0.0768558 0.0609784 0.00358967
pf_pred 
 0.42622 0.105172 0.445615 0.022991 7.46219e-07
 0.41035 0.270035 0.0585847 0.248223 0.0128072
 0.547348 0.200503 0.115473 0.0250522 0.111623
 0.777204 0.129229 0.0414461 0.0238695 0.0282521
 0.648651 0.281065 0.0407669 0.0130747 0.0164425
 0.728864 0.183577 0.0700433 0.0101594 0.0073559
 0.464609 0.403718 0.0891518 0.0340156 0.00850607
 0.423867 0.287949 0.217308 0.0479875 0.022888
 0.495402 0.229494 0.137496 0.103765 0.0338431
 0.647991 0.186143 0.0754368 0.0451962 0.0452331
 0.77255 0.154351 0.0386547 0.0156653 0.0187787
 0.717298 0.224485 0.0395065 0.00989374 0.00881601
 0.664841 0.249803 0.0677788 0.0119282 0.00564903
 0.603532 0.275768 0.0899617 0.0244092 0.00633009
 0.699271 0.192282 0.0754315 0.0246075 0.0084082
 0.915122 0.0618179 0.014744 0.00578401 0.00253161
 0.438899 0.519289 0.030453 0.00726325 0.00409648
 0.877465 0.0578644 0.0598512 0.0035099 0.00130928
 0.611878 0.34593 0.0199242 0.0206083 0.00165937
 0.593922 0.261858 0.128542 0.00740353 0.00827433
 0.743275 0.160962 0.0617527 0.0303136 0.00369724
 0.743331 0.197168 0.0373062 0.0143125 0.00788271
 0.341454 0.506298 0.116954 0.0221288 0.0131655
 0.744356 0.0950129 0.123495 0.0285272 0.00860893
 0.623367 0.28939 0.0324245 0.0421445 0.0126732
 0.452151 0.35802 0.145857 0.0163425 0.027629
 0.729699 0.130904 0.0910957 0.0371124 0.0111882
 0.686371 0.236686 0.0372627 0.025931 0.0137491
 0.382593 0.440575 0.13345 0.0210098 0.0223727
 0.456123 0.224937 0.227592 0.0689377 0.0224105
 0.830092 0.0830706 0.0359141 0.0363381 0.014585
pobs_RECLAS
 0 0 0 0 0
 0 0 0 0 0
 0 0 0 0 0
 0 0 0 0 0
 0 0 0 0 0
 0 0 0 0 0
 0 0 0 0 0
 0 0 0 0 0
 0 0 0 0 0
 0 0 0 0 0
 0.991045 0.00858322 0.000360255 1.14367e-05 0
 0.934742 0.0480273 0.0164251 0.00080598 0
 0.827803 0.169806 0.00239088 0 0
 0.941827 0.0461693 0.0120037 0 0
 0.791401 0.0380133 0.147996 0.0225897 0
 0.846168 0.0940531 0.0597789 0 0
 0.134021 0.677848 0.182769 0.00536245 0
 0.80878 0.0450904 0.141981 0.00414843 0
 0.846168 0.0940531 0.0597789 0 0
 0.905697 0.0802665 0.012482 0.00150086 5.37128e-05
 0.989698 0.0102097 9.19794e-05 0 0
 0.975433 0.0193895 0.00387452 0.00125025 5.28907e-05
 0.303575 0.632131 0.0575291 0.00676475 0
 0.966965 0.00978017 0.0227588 0.000495775 0
 0.843318 0.132988 0.00938335 0.0141283 0.000182051
 0.564624 0.303363 0.111486 0.0197234 0.00080311
 0.826376 0.0876187 0.0782897 0.00655872 0.00115652
 0.89761 0.0855135 0.0140674 0.00269457 0.000114338
 0.34875 0.467042 0.161289 0.0227151 0.000203297
 0.318654 0.224769 0.449479 0.00709798 0
 0.937255 0.0296025 0.0250945 0.00804832 0
ppred_RECLAS
 0.456746 0.0995773 0.421909 0.0217679 7.0652e-07
 0.4408 0.25609 0.0555594 0.235405 0.0121459
 0.577982 0.186934 0.107658 0.0233568 0.104069
 0.798126 0.117093 0.037554 0.0216279 0.025599
 0.676277 0.258965 0.0375615 0.0120467 0.0151496
 0.752718 0.167426 0.0638811 0.0092656 0.00670874
 0.496051 0.380009 0.0839162 0.032018 0.00800654
 0.45424 0.272769 0.205852 0.0454577 0.0216814
 0.526545 0.21533 0.12901 0.0973608 0.0317544
 0.676013 0.171324 0.0694315 0.0415983 0.0416322
 0.793526 0.140116 0.0350898 0.0142206 0.0170468
 0.742203 0.20471 0.0360263 0.00902217 0.00803938
 0.692324 0.229319 0.0622209 0.0109501 0.00518581
 0.63381 0.254707 0.0830912 0.022545 0.00584665
 0.725136 0.175744 0.0689437 0.022491 0.00768502
 0.924417 0.0550484 0.0131294 0.00515062 0.00225438
 0.469827 0.490665 0.0287745 0.0068629 0.00387068
 0.89028 0.0518131 0.0535921 0.00314284 0.00117236
 0.641359 0.319654 0.0184108 0.0190429 0.00153333
 0.623832 0.242571 0.119075 0.00685823 0.00766489
 0.766375 0.146478 0.0561962 0.027586 0.00336457
 0.766533 0.179344 0.0339337 0.0130186 0.00717012
 0.369936 0.484401 0.111896 0.0211718 0.0125961
 0.767247 0.086505 0.112437 0.0259727 0.00783804
 0.652037 0.267361 0.0299563 0.0389364 0.0117085
 0.482987 0.337869 0.137648 0.0154226 0.0260739
 0.753475 0.11939 0.0830828 0.033848 0.0102041
 0.712427 0.217023 0.0341671 0.0237767 0.0126069
 0.412264 0.419402 0.127037 0.0200001 0.0212976
 0.48709 0.212129 0.214634 0.0650125 0.0211345
 0.846905 0.0748508 0.0323604 0.0327425 0.0131418
pobs_PELACES
 0 0 0 0 0
 0 0 0 0 0
 0 0 0 0 0
 0 0 0 0 0
 0 0 0 0 0
 0 0 0 0 0
 0 0 0 0 0
 0 0 0 0 0
 0 0 0 0 0
 0 0 0 0 0
 0 0 0 0 0
 0 0 0 0 0
 0 0 0 0 0
 0 0 0 0 0
 0 0 0 0 0
 0 0 0 0 0
 0.505614 0.472636 0.0217494 0 0
 0 0 0 0 0
 0.443492 0.261883 0.143347 0.151278 0
 0.227955 0.32914 0.350689 0.0885471 0.00366901
 0.970185 0.0296113 0.000203453 0 0
 0.997202 0.00247181 0.000326279 0 0
 0.445219 0.490057 0.0546422 0.010081 0
 0.90214 0.0892962 0.00764917 0.000914606 0
 0 0 0 0 0
 0.581667 0.319106 0.0959925 0.00289975 0.000334073
 0.762889 0.0836404 0.116647 0.0363945 0.000428098
 0.88444 0.0763242 0.0277011 0.0115352 0
 0.521256 0.241999 0.230069 0.00667565 0
 0.616807 0.101726 0.260614 0.0208532 0
 0.833518 0.0704572 0.0857862 0.0102388 0
ppred_PELACES
 0.371526 0.108599 0.494008 0.0258662 8.42021e-07
 0.360183 0.279848 0.0651834 0.280282 0.0145041
 0.494505 0.213938 0.132281 0.0291247 0.130152
 0.741014 0.145132 0.0499734 0.0292078 0.0346728
 0.60505 0.310902 0.0484144 0.015758 0.0198755
 0.689308 0.20525 0.0840779 0.0123761 0.00898739
 0.420285 0.428812 0.101664 0.0393656 0.00987305
 0.373628 0.301333 0.24415 0.0547153 0.0261741
 0.443262 0.242374 0.155903 0.119403 0.0390587
 0.600719 0.203176 0.0884016 0.05375 0.053953
 0.73615 0.174458 0.0469064 0.0192916 0.0231941
 0.680403 0.249709 0.0471807 0.011991 0.0107164
 0.62367 0.275087 0.0801337 0.0143119 0.00679795
 0.560852 0.298382 0.104505 0.0287761 0.00748465
 0.658409 0.21238 0.0894493 0.0296136 0.0101487
 0.899904 0.0713562 0.0182718 0.00727438 0.00319335
 0.397294 0.554559 0.0349156 0.00845122 0.0047806
 0.853867 0.0663851 0.0737194 0.00438736 0.00164144
 0.571003 0.378977 0.0234345 0.024599 0.00198655
 0.547799 0.283982 0.149665 0.00874811 0.00980598
 0.704532 0.179923 0.0741091 0.0369192 0.00451623
 0.707327 0.220732 0.0448394 0.017458 0.00964356
 0.301145 0.52782 0.130901 0.0251355 0.0149985
 0.70119 0.105901 0.14778 0.0346437 0.0104857
 0.578475 0.317695 0.0382163 0.05041 0.0152036
 0.404275 0.379091 0.165811 0.018854 0.0319693
 0.686734 0.145744 0.108889 0.0450202 0.0136123
 0.64439 0.263049 0.0444621 0.0314003 0.0166983
 0.338594 0.461667 0.150134 0.0239872 0.0256189
 0.40414 0.235602 0.255933 0.078673 0.025651
 0.79849 0.0944888 0.0438579 0.0450345 0.0181289
pobs_pel_tallas
 0 0 0 0 0 0 0 0 0 0 0 0 0 0 0 0 0 0 0 0 0 0 0 0 0 0
 0 0 0 0 0 0 0 0 0 0 0 0 0 0 0 0 0 0 0 0 0 0 0 0 0 0
 0 0 0 0 0 0 0 0 0 0 0 0 0 0 0 0 0 0 0 0 0 0 0 0 0 0
 0 0 0 0 0 0 0 0 0 0 0 0 0 0 0 0 0 0 0 0 0 0 0 0 0 0
 0 0 0 0 0 0 0 0 0 0 0 0 0 0 0 0 0 0 0 0 0 0 0 0 0 0
 0 0 0 0 0 0 0 0 0 0 0 0 0 0 0 0 0 0 0 0 0 0 0 0 0 0
 0 0 0 0 0 0 0 0 0 0 0 0 0 0 0 0 0 0 0 0 0 0 0 0 0 0
 0 0 0 0 0 0 0 0 0 0 0 0 0 0 0 0 0 0 0 0 0 0 0 0 0 0
 0 0 0 0 0 0 0 0 0 0 0 0 0 0 0 0 0 0 0 0 0 0 0 0 0 0
 0 0 0 0 0 0 0 0 0 0 0 0 0 0 0 0 0 0 0 0 0 0 0 0 0 0
 0 0 0 0 0 0 0 0 0 0 0 0 0 0 0 0 0 0 0 0 0 0 0 0 0 0
 0 0 0 0 0 0 0 0 0 0 0 0 0 0 0 0 0 0 0 0 0 0 0 0 0 0
 0.00862536 0 0 0.000197151 0.00414017 0.0128641 0.00837892 0.0270097 0.101434 0.158115 0.152841 0.127902 0.109271 0.109419 0.0830992 0.0579132 0.0238553 0.00714673 0.00463305 0.00128148 0.00103504 0.000492878 0.000147863 0.000147863 4.92878e-05 0
 0 0 0 0 0 0 0 0 0 0 0 0 0 0 0 0 0 0 0 0 0 0 0 0 0 0
 0 0 0 0 0 0 0 0.0054083 0.00873648 0.0413646 0.0450493 0.0745869 0.0622846 0.0627006 0.0613931 0.0827291 0.12552 0.122667 0.0946155 0.0697135 0.0546179 0.0294188 0.0215738 0.0213955 0.0102223 0.00600262
 0 0 0 0 0.00359764 0.0251062 0.0480494 0.140153 0.205849 0.193036 0.1447 0.116669 0.0760912 0.0342217 0.00950174 0.001854 0.000860785 0 0 0 0.000165536 0 0.000143464 0 0 0
 0 0 0 0 0 0 0 0.000145254 0.000435761 0.0275982 0.070085 0.0708112 0.156366 0.174668 0.174014 0.160142 0.0824315 0.0480064 0.0283245 0.00493863 0.00203355 0 0 0 0 0
 0 0 0 0 0 0 0 0 0 0 0 0 0 0 0 0 0 0 0 0 0 0 0 0 0 0
 0 0 1.00437e-05 0.000401748 0.00122533 0.00171747 0.00176769 0.0269171 0.070346 0.194647 0.189555 0.159765 0.064822 0.0314167 0.0384472 0.0292271 0.0345202 0.0313363 0.0194345 0.0106764 0.0143323 0.0359363 0.0279516 0.0138201 0.00172751 0
 0 0.0021121 0.0136068 0.0755702 0.200478 0.177729 0.0527432 0.0373336 0.0318909 0.0142505 0.0149659 0.0166563 0.0217959 0.0798694 0.0677717 0.0528807 0.04013 0.0224614 0.0357745 0.0225083 0.00881397 0.00855152 0.00135912 0.000746735 0 0
 0 0 0 0 5.4009e-05 0.00500934 0.000945158 0.0243581 0.138947 0.33067 0.221406 0.137944 0.0707744 0.0437923 0.0131692 0.00525238 0.0047753 0.00276346 9.45158e-05 9.00151e-06 2.25038e-05 9.00151e-06 4.50075e-06 0 0 0
 0.000866109 0.00284123 0.00948549 0.0512746 0.133035 0.25785 0.225252 0.132002 0.0553304 0.0519788 0.0540692 0.017754 0.00435017 0.00159236 0.00146478 0.000404838 0.000125132 0.000115318 0.000107957 0.000100596 0 0 0 0 0 0
 0 0 0 0 0.00144013 0.00171154 0.00461396 0.0210425 0.0478622 0.0707936 0.0888783 0.103762 0.0637923 0.0337046 0.0602308 0.124433 0.169614 0.0934646 0.0462172 0.0250306 0.0313229 0.00938855 0.002487 0.000210481 0 0
 0 0.00764035 0.051015 0.0998891 0.058973 0.0496711 0.0374665 0.0718981 0.12319 0.153886 0.159021 0.0857701 0.0377988 0.023471 0.0147837 0.00900784 0.00315554 0.000888139 0.00291439 0.00214683 0.00393193 0.00274676 0.000635225 9.99891e-05 0 0
 0 0 0 0 0 0 0 0 0 0 0 0 0 0 0 0 0 0 0 0 0 0 0 0 0 0
 0 0 0 0 0 0 0 0 0 0 0 0 0 0 0 0 0 0 0 0 0 0 0 0 0 0
 0 0 0 0 0 0 0 0 0 0 0 0 0 0 0 0 0 0 0 0 0 0 0 0 0 0
 0 0 0 0 0 0 0 0 0 0 0 0 0 0 0 0 0 0 0 0 0 0 0 0 0 0
 0 0 0 0 0 0 0 0 0 0 0 0 0 0 0 0 0 0 0 0 0 0 0 0 0 0
 0 0 0 0 0 0 0 0 0 0 0 0 0 0 0 0 0 0 0 0 0 0 0 0 0 0
 0 0 0 0 0 0 0 0 0 0 0 0 0 0 0 0 0 0 0 0 0 0 0 0 0 0
ppred_pel_tallas
 1.16878e-16 3.06021e-05 0.000297464 0.00197675 0.00898603 0.0279589 0.0595699 0.0869463 0.0869575 0.059625 0.0281462 0.00953652 0.00339435 0.00351026 0.00647779 0.0115594 0.0187357 0.0278934 0.0387698 0.0509798 0.0637804 0.0756826 0.0844075 0.0875583 0.0837544 0.0734652
 1.32516e-16 2.96678e-05 0.000288382 0.0019164 0.00871169 0.0271055 0.057752 0.0842965 0.0843236 0.0578846 0.0275509 0.0100005 0.00515979 0.00739752 0.0136209 0.0227226 0.0333655 0.0434132 0.0508405 0.0550518 0.0573577 0.0600387 0.0646475 0.0708454 0.0765508 0.0791283
 1.28819e-16 4.07318e-05 0.000395927 0.00263108 0.0119605 0.0372137 0.0792885 0.115728 0.115749 0.0793902 0.037556 0.0129518 0.0051292 0.00588248 0.0105601 0.0176605 0.0260821 0.0342072 0.040463 0.044279 0.0464563 0.0485299 0.0516103 0.0556113 0.0593505 0.0612725
 1.10277e-16 6.10363e-05 0.000593295 0.00394265 0.0179227 0.0557644 0.118812 0.173413 0.173427 0.118881 0.0559952 0.0185902 0.00562114 0.00426828 0.00707321 0.0116853 0.0170424 0.0219046 0.0250721 0.0260529 0.025366 0.0241546 0.0234129 0.0234276 0.0237767 0.0237389
 1.06421e-16 4.98372e-05 0.000484436 0.00321925 0.0146342 0.0455327 0.0970134 0.1416 0.14163 0.0971599 0.0460246 0.0160552 0.0067867 0.00827459 0.0148521 0.0244949 0.0353318 0.0445461 0.0493077 0.0483361 0.0426684 0.034946 0.027807 0.0226341 0.0193821 0.0172284
 1.05241e-16 5.67775e-05 0.000551897 0.00366755 0.0166722 0.0518734 0.110523 0.161315 0.161335 0.11062 0.0521998 0.0176161 0.00604122 0.00574784 0.00996649 0.0164957 0.0240119 0.0307286 0.0348495 0.0355276 0.0333182 0.0296952 0.0260516 0.0229973 0.0203771 0.0177622
 1.08663e-16 3.46184e-05 0.000336503 0.00223618 0.0101654 0.0316285 0.0673894 0.0983655 0.0984069 0.0675918 0.0323081 0.0121294 0.00716971 0.0111187 0.0205485 0.0340128 0.0492229 0.0623888 0.0696641 0.0692824 0.0625777 0.0529862 0.0438722 0.0368957 0.0318826 0.0277854
 1.1704e-16 3.07753e-05 0.000299147 0.00198794 0.0090369 0.0281173 0.059908 0.0874436 0.087473 0.0600517 0.0286008 0.0104375 0.00551989 0.00806325 0.0149347 0.0250571 0.0370688 0.048669 0.0574907 0.0624063 0.0640393 0.063973 0.0633616 0.0621535 0.0594438 0.0544324
 1.23146e-16 3.65109e-05 0.000354899 0.00235843 0.0107211 0.0333575 0.0710725 0.103737 0.103761 0.0711879 0.0337457 0.0118455 0.00519289 0.00658303 0.0119859 0.0200812 0.029702 0.039034 0.0462834 0.050741 0.0531718 0.055091 0.0575009 0.0601256 0.0616589 0.0606701
 1.17124e-16 4.94805e-05 0.000480968 0.0031962 0.0145295 0.0452067 0.0963184 0.140584 0.140603 0.0964148 0.0455305 0.0154663 0.00555404 0.00564912 0.00992782 0.0165043 0.0241818 0.0313093 0.0362693 0.0384141 0.0384614 0.0379298 0.0380562 0.0390467 0.0401299 0.040186
 1.07259e-16 6.06358e-05 0.000589401 0.00391678 0.0178051 0.0553984 0.118033 0.172276 0.172293 0.118115 0.0556752 0.0186052 0.00592725 0.00498588 0.00843317 0.0139071 0.0201763 0.025696 0.0289451 0.0292558 0.0272107 0.0242156 0.0215933 0.0199096 0.0189307 0.0180462
 1.04442e-16 5.6044e-05 0.000544767 0.00362017 0.0164568 0.0512033 0.109095 0.159232 0.159256 0.109213 0.0515986 0.0175989 0.00648806 0.00680901 0.0119637 0.0197183 0.0284676 0.0359452 0.0398791 0.0392281 0.0347916 0.0286395 0.022838 0.0184689 0.0155129 0.0133754
 1.04969e-16 5.13709e-05 0.000499344 0.00331832 0.0150846 0.0469339 0.0999987 0.145957 0.145983 0.100129 0.0473703 0.0163459 0.00648753 0.00742843 0.0132422 0.0218925 0.031723 0.040292 0.0451325 0.0450904 0.0409694 0.0348991 0.0289672 0.0242102 0.0205568 0.017438
 1.07245e-16 4.61967e-05 0.000449049 0.00298409 0.0135652 0.0422067 0.0899269 0.131257 0.131286 0.0900679 0.0426807 0.0149357 0.00642919 0.00798665 0.0144113 0.0238826 0.0347067 0.0442924 0.0500148 0.0506517 0.0470557 0.0414493 0.035947 0.0314969 0.0278748 0.0243957
 1.07323e-16 5.42323e-05 0.000527157 0.00350315 0.0159248 0.0495481 0.105568 0.154084 0.154105 0.105669 0.049886 0.0169023 0.00596175 0.005911 0.0103285 0.0171192 0.0249624 0.0320408 0.0365322 0.0375979 0.0358363 0.032763 0.0297601 0.0273493 0.0252311 0.0228349
 1.01816e-16 7.41239e-05 0.000720511 0.00478805 0.0217658 0.0677215 0.144288 0.210594 0.210601 0.144322 0.0678346 0.0220928 0.00560964 0.00251657 0.00349265 0.0056766 0.0082175 0.0104351 0.011691 0.0116964 0.0106751 0.00919489 0.00780483 0.00676443 0.00602571 0.00539768
 1.02806e-16 3.27247e-05 0.000318096 0.00211386 0.00960934 0.0298985 0.0637039 0.0929889 0.0930423 0.0639647 0.030774 0.0121371 0.00845533 0.0141501 0.0262687 0.0432875 0.0621476 0.0777182 0.0847914 0.080968 0.0681105 0.051131 0.0351265 0.0230667 0.0153527 0.0108424
 1.02863e-16 7.03319e-05 0.000683651 0.0045431 0.0206523 0.0642569 0.136906 0.19982 0.199827 0.136938 0.064364 0.0209628 0.00532737 0.00241159 0.00339842 0.00562768 0.00838037 0.0111204 0.0133305 0.0147379 0.0154103 0.0155881 0.0154138 0.0148146 0.0136229 0.011791
 1.03577e-16 4.70328e-05 0.000457176 0.0030381 0.0138108 0.0429706 0.0915548 0.133634 0.133671 0.091733 0.043569 0.0155386 0.00737329 0.00991449 0.0179895 0.0296181 0.0425522 0.0532888 0.0582994 0.0559815 0.0476364 0.0366221 0.0263766 0.0188319 0.0141298 0.0113613
 1.06929e-16 4.51215e-05 0.000438597 0.00291463 0.0132495 0.0412243 0.0878338 0.128202 0.128229 0.0879685 0.041677 0.014559 0.00620977 0.00765884 0.0138364 0.0230078 0.0336149 0.0432593 0.0494863 0.0511032 0.0487792 0.0443809 0.0396369 0.0352506 0.0309995 0.0264346
 1.06652e-16 5.80314e-05 0.000564086 0.00374855 0.0170404 0.053019 0.112963 0.164877 0.164894 0.113048 0.0533054 0.0178685 0.00583171 0.00512612 0.00876513 0.0145124 0.0211698 0.0271963 0.0310603 0.0320668 0.0307359 0.0283533 0.026071 0.0242877 0.0226916 0.020745
 1.04734e-16 5.82616e-05 0.000566324 0.00376342 0.017108 0.0532294 0.113412 0.165532 0.165553 0.113516 0.053579 0.0181181 0.00630028 0.00610883 0.010598 0.0174645 0.0252394 0.0319271 0.0355364 0.035162 0.0315149 0.0264098 0.0216348 0.0180897 0.0156964 0.0138825
 1.08972e-16 2.4805e-05 0.000241114 0.00160229 0.00728379 0.0226629 0.0482875 0.0704877 0.0705387 0.0485366 0.0234994 0.00970127 0.00767494 0.0135126 0.0252732 0.0418565 0.0605604 0.0767167 0.0855617 0.084879 0.0762657 0.0639262 0.0520229 0.0426851 0.035841 0.0303581
 1.09541e-16 5.77561e-05 0.00056141 0.00373077 0.0169595 0.0527674 0.112427 0.164093 0.164103 0.112478 0.0529394 0.0174592 0.00499562 0.0033579 0.00547269 0.00922843 0.013927 0.0188561 0.0233026 0.0269104 0.0297813 0.0321634 0.0340138 0.0348632 0.0341059 0.0314454
 1.08813e-16 4.76483e-05 0.000463158 0.00307785 0.0139915 0.0435329 0.0927525 0.135381 0.135412 0.0929022 0.0440354 0.0154431 0.00672215 0.00842091 0.0151683 0.0250235 0.0361045 0.0455552 0.0505228 0.0497588 0.0443932 0.0371744 0.0307853 0.0265309 0.0241691 0.0226313
 1.12183e-16 3.32997e-05 0.000323685 0.002151 0.00977815 0.0304237 0.0648222 0.0946176 0.0946543 0.0650017 0.0310269 0.0115229 0.0065393 0.00993263 0.0183684 0.0305392 0.0445177 0.0570917 0.0649813 0.0666499 0.0631297 0.0571183 0.0511285 0.0462002 0.0419499 0.0374978
 1.09999e-16 5.65654e-05 0.000549835 0.00365385 0.0166099 0.0516796 0.110109 0.160711 0.160725 0.110179 0.0519133 0.0172868 0.00536064 0.00430111 0.00725596 0.0121042 0.0179001 0.0235064 0.0277983 0.0302711 0.0312809 0.0316425 0.0319276 0.0320598 0.0314795 0.0296381
 1.07326e-16 5.30776e-05 0.000515933 0.00342856 0.0155857 0.0484932 0.103321 0.150805 0.15083 0.103445 0.0489096 0.0167889 0.00644984 0.00711574 0.0126006 0.0207842 0.0300271 0.0379676 0.042249 0.0418262 0.0375978 0.0317818 0.0265413 0.0229264 0.020754 0.0192023
 1.11192e-16 2.78896e-05 0.000271097 0.00180154 0.00818955 0.025481 0.0542915 0.0792494 0.0792941 0.0545097 0.0262139 0.0103083 0.00712665 0.0119183 0.022214 0.0368531 0.0534916 0.0681216 0.076653 0.0771827 0.0710579 0.0618002 0.0528093 0.0456898 0.0401892 0.0352548
 1.19677e-16 3.32885e-05 0.000323576 0.00215028 0.00977488 0.0304134 0.0647998 0.094582 0.0946051 0.0649128 0.0307938 0.0108784 0.00493859 0.00647156 0.0118896 0.0200771 0.0300343 0.0401255 0.04867 0.054879 0.0591587 0.0624318 0.0650796 0.0664679 0.0654135 0.0610956
 1.08875e-16 6.57706e-05 0.000639313 0.00424846 0.0193129 0.0600897 0.128028 0.186862 0.186871 0.128073 0.0602405 0.0197494 0.00534746 0.00305012 0.00467961 0.00772757 0.0113573 0.0147907 0.0173027 0.0186187 0.0190815 0.0193722 0.0199968 0.0209463 0.0217484 0.0218012
pSPR Fmed_Fpbrs
0.744386   0.194084 0.194084
Fs Fmed_Fpbrs
0.147969   1.005 1.005
SSBpbr Bo_Bmed_Bpbrs
2.50349e+06  1.73839e+06  360712 360712
Ro
245553
SPR SPRFo_SPRFmed_SPRFpbrs
1.7552e+06 1.30655e+06 340655
Fref
1.005
Nvult_r0
 298846 26779.9 11577.8 11714.5 4701.82
CTP_r0
 28822.7 2884.4 1247.02 1261.74 506.423
YTP_r0
391301
Np
 324428 147616 12955.7 5601.19 7515.13
Nvult_p0
 275352 127738 11211.1 4846.93 6503.14
CTP_p0
 129564 64028.2 5619.53 2429.51 3259.68
YTP_p0
 2.32034e+06
CBA_c0
970012
log_Ro
12.2313
likeval ReclasPelacesDesembMPH_pf_preclas_ppelaces_ptallas_desvR_qrecl_qpela
 18.6463 18.2323 0.146105 0.00366482 242.047 121.227 100.206 0 20.2237 1.25915e-05 0 0.741473 0 0 0
q_reclas_q_pelaces
0.604816 1
M
1
N
 256042 56094.2 237671 12262.4 0.397999
 149160 87417.2 18965.4 80356.2 4146.03
 147225 48018 27654.3 5999.68 26732.2
 320999 47634.4 15277.3 8798.43 10413.9
 258078 99182.8 14385.9 4613.84 5802.26
 401014 89844.2 34279.8 4972.1 3600.04
 169868 132095 29170.1 11129.8 2783.15
 82578.1 49701 37508.2 8282.82 3950.56
 71092.2 29337.5 17576.9 13264.9 4326.37
 88795.5 22773.4 9229.22 5529.47 5533.98
 153699 27229.8 6819.24 2763.59 3312.83
 191660 53736.2 9456.88 2368.32 2110.33
 163179 54879.8 14890.5 2620.53 1241.05
 115529 47559.9 15515.1 4209.7 1091.71
 119396 29404.4 11535.2 3763.05 1285.81
 568570 34380.7 8200.04 3216.84 1407.98
 156944 165492 9705.08 2314.73 1305.51
 847300 49827.6 51538.5 3022.41 1127.43
 525395 265865 15312.8 15838.6 1275.31
 388821 153235 75220.9 4332.43 4842.01
 603288 116478 44686.7 21936.1 2675.47
 802536 190181 35984.3 13805.3 7603.39
 184114 242872 56102.8 10615.2 6315.49
 533200 60494.1 78628.6 18163.1 5481.25
 431958 178268 19973.8 25961.4 7806.83
 204737 143972 58654.4 6571.88 11110.6
 436039 69537.6 48390.9 19714.5 5943.29
 474538 145379 22887.9 15927.6 8445.09
 156485 160061 48482.5 7632.87 8128.03
 120773 52982.8 53608.3 16238 5278.7
 446462 39735.6 17179 17381.8 6976.5
pred_Ctot
 11713.3 2890.33 12246.3 631.835 0.0205074
 11908.1 7836.21 1700.09 7203.26 371.657
 11332.9 4151.44 2390.88 518.708 2311.16
 32951.8 5479.03 1757.23 1012.02 1197.83
 8798.71 3812.54 552.988 177.354 223.036
 26753.7 6738.37 2571.01 372.911 270.005
 22390.3 19455.8 4296.38 1639.27 409.922
 1794.28 1218.92 919.889 203.136 96.8876
 5873.75 2721 1630.22 1230.29 401.262
 9480.75 2723.45 1103.72 661.265 661.804
 4842.36 967.48 242.289 98.1909 117.705
 27406.5 8577.11 1509.46 378.019 336.841
 21837.8 8205.21 2226.31 391.802 185.552
 23185.5 10594 3456.01 937.714 243.179
 16727.3 4599.6 1804.41 588.639 201.134
 76487.6 5166.86 1232.33 483.438 211.597
 13753.9 16273.1 954.314 227.61 128.372
 79793.9 5262.01 5442.68 319.179 119.062
 70125.7 39646.1 2283.46 2361.86 190.176
 46410 20461.9 10044.5 578.524 646.569
 55257.9 11966.5 4590.93 2253.63 274.867
 91421.2 24249.4 4588.23 1760.27 969.483
 12551.7 18611.3 4299.18 813.448 483.958
 30974.3 3953.7 5138.92 1187.08 358.237
 25872.3 12010.9 1345.75 1749.17 525.99
 9998.55 7916.99 3225.39 361.385 610.968
 26035.4 4670.62 3250.26 1324.16 399.192
 25112.8 8659.8 1363.36 948.756 503.048
 7931.62 9133.65 2766.58 435.558 463.814
 8140.26 4014.36 4061.76 1230.31 399.953
 28822.7 2884.4 1247.02 1261.74 506.423
F
 0.0746491 0.0844174 0.0844174 0.0844174 0.0844174
 0.133447 0.150909 0.150909 0.150909 0.150909
 0.128407 0.14521 0.14521 0.14521 0.14521
 0.174474 0.197304 0.197304 0.197304 0.197304
 0.0551866 0.0624081 0.0624081 0.0624081 0.0624081
 0.110477 0.124933 0.124933 0.124933 0.124933
 0.228995 0.25896 0.25896 0.25896 0.25896
 0.0348767 0.0394406 0.0394406 0.0394406 0.0394406
 0.138385 0.156493 0.156493 0.156493 0.156493
 0.182025 0.205844 0.205844 0.205844 0.205844
 0.0509078 0.0575694 0.0575694 0.0575694 0.0575694
 0.250577 0.283366 0.283366 0.283366 0.283366
 0.232859 0.26333 0.26333 0.26333 0.26333
 0.368379 0.416584 0.416584 0.416584 0.416584
 0.244952 0.277005 0.277005 0.277005 0.277005
 0.234201 0.264847 0.264847 0.264847 0.264847
 0.147317 0.166595 0.166595 0.166595 0.166595
 0.159066 0.17988 0.17988 0.17988 0.17988
 0.232178 0.26256 0.26256 0.26256 0.26256
 0.205415 0.232295 0.232295 0.232295 0.232295
 0.154417 0.174623 0.174623 0.174623 0.174623
 0.195243 0.220792 0.220792 0.220792 0.220792
 0.113009 0.127797 0.127797 0.127797 0.127797
 0.095612 0.108123 0.108123 0.108123 0.108123
 0.0987066 0.111623 0.111623 0.111623 0.111623
 0.07986 0.0903102 0.0903102 0.0903102 0.0903102
 0.0983861 0.111261 0.111261 0.111261 0.111261
 0.0867861 0.0981426 0.0981426 0.0981426 0.0981426
 0.0829924 0.0938524 0.0938524 0.0938524 0.0938524
 0.111667 0.12628 0.12628 0.12628 0.12628
 0.106741 0.120709 0.120709 0.120709 0.120709
YTP_r0W_actual
 244993 47015.7 36038.9 43908.6 19345.3
YTP_p0W_proyectada
 974318 1.03214e+06 131385 71670.5 110829
CTP_r0_actual
 28822.7 2884.4 1247.02 1261.74 506.423
CTP_p0_proyectada
 129564 64028.2 5619.53 2429.51 3259.68
Wmedp
 7.52 16.12 23.38 29.5 34
Frms_r0
 0.106741 0.120709 0.120709 0.120709 0.120709
Zrms_r0
 1.10674 1.12071 1.12071 1.12071 1.12071
nmprior
 8.19 8.8 8.5 0
nm_flota  nm_reclas  nm_pelaces    nm_pelaL
inf 11.2124 11.4551 23.8066
cv_recla  cv_pelaces  cv_mph
0.39059 0.484164 1.86823
 ------------------------------------------------
Talla a la edad & desviaci?n 
 8 13.2811 15.8009 17.003 17.5766
 0.8 1.32811 1.58009 1.7003 1.75766
