years
 1991 1992 1993 1994 1995 1996 1997 1998 1999 2000 2001 2002 2003 2004 2005 2006 2007 2008 2009 2010 2011 2012 2013 2014 2015 2016 2017 2018 2019 2020 2021
reclasobs
 0 0 0 0 0 0 0 0 0 252601 567819 844713 477998 351125 339783 2.1784e+06 2.13404e+06 4.81314e+06 1.55562e+06 2.62356e+06 3.21686e+06 3.843e+06 1.13348e+06 3.07943e+06 1.97215e+06 2.03268e+06 2.025e+06 2.42433e+06 2.27542e+06 1.05018e+06 2.36338e+06
reclaspred
 3.39299e+06 1.9337e+06 985725 1.05541e+06 1.09894e+06 1.68394e+06 1.14581e+06 1.02926e+06 743808 541052 543884 663491 657171 532839 540275 1.23682e+06 1.24914e+06 2.65861e+06 2.20968e+06 1.66127e+06 2.93745e+06 2.39232e+06 1.94928e+06 2.9914e+06 2.25912e+06 2.00901e+06 2.3355e+06 2.42291e+06 2.01544e+06 1.32668e+06 1.93088e+06
pelacesobs
 0 0 0 0 0 0 0 0 0 0 0 0 0 0 0 552880 188675 0 991730 2.46772e+06 1.41603e+06 1.21717e+06 2.29649e+06 1.80582e+06 0 1.4828e+06 1.56532e+06 1.57751e+06 1.42118e+06 867257 1.10002e+06
pelacespred
 2.2051e+06 1.40911e+06 726095 610472 657750 1.02331e+06 703955 724717 525818 365550 365676 374753 404281 348909 355526 658770 699619 1.61424e+06 1.45069e+06 1.02423e+06 1.68474e+06 1.53272e+06 1.25844e+06 2.01781e+06 1.53544e+06 1.35237e+06 1.73211e+06 1.77877e+06 1.27741e+06 946066 1.31371e+06
mphobs
 0 0 0 0 0 0 0 0 0 0 0 498337 0 5186 125008 0 168611 109162 213762 579715 649985 157893 87575 83554 0 0 0 0 0 0 0
mphpred
 4.1924e+06 2.82059e+06 1.43807e+06 787211 952198 1.09958e+06 1.43923e+06 985952 852044 596754 392542 520725 551609 478986 346510 428008 1.17138e+06 1.17271e+06 2.15997e+06 1.66683e+06 1.79061e+06 2.20047e+06 2.09933e+06 1.77304e+06 2.45309e+06 2.02759e+06 1.68132e+06 1.75473e+06 2.37969e+06 1.66171e+06 1.06296e+06
desembarqueobs
 494567 514787 250237 358949 120608 361735 552515 73892 212993 205616 52469 317467 293654 387597 252695 516296 358380 742168 942051 627588 828172 859565 418607 520667 417249 300574 415391 372974 316634 284311 391294
desembarquepred
 494574 513132 251134 358969 120612 361750 552577 73895.3 213036 205659 52471.3 317538 293714 387664 252703 516292 358409 742104 941945 627512 828257 859628 418626 520694 417257 300582 415399 372969 316636 284325 391302
Reclutas
 230198 132396 130832 264791 212185 336806 142269 67849.8 59706.1 75913.1 134351 171579 145287 102530 104802 514340 127053 792496 470808 358458 536058 721975 160771 462954 388317 177985 385217 424953 134219 103031 385162
log_desv_Rt
 0.0719966 -0.481148 -0.493028 0.211996 -0.0094883 0.452561 -0.409222 -1.14965 -1.27751 -1.03736 -0.466491 -0.221901 -0.388236 -0.736789 -0.714868 0.875939 -0.522338 1.30824 0.787506 0.514866 0.917297 1.21505 -0.286961 0.770682 0.594876 -0.185247 0.586861 0.685034 -0.467474 -0.731917 0.586719
SSB
 4.1924e+06 2.82059e+06 1.43807e+06 787211 952198 1.09958e+06 1.43923e+06 985952 852044 596754 392542 520725 551609 478986 346510 428008 1.17138e+06 1.17271e+06 2.15997e+06 1.66683e+06 1.79061e+06 2.20047e+06 2.09933e+06 1.77304e+06 2.45309e+06 2.02759e+06 1.68132e+06 1.75473e+06 2.37969e+06 1.66171e+06 1.06296e+06
BT
 5.55257e+06 3.79171e+06 1.94506e+06 1.78159e+06 1.66202e+06 2.80502e+06 2.15063e+06 1.79753e+06 1.46264e+06 1.0724e+06 936176 1.17716e+06 1.24766e+06 1.2559e+06 1.13165e+06 2.07106e+06 1.94057e+06 4.67191e+06 4.40199e+06 3.00961e+06 4.79759e+06 4.49595e+06 3.34349e+06 5.4572e+06 4.02716e+06 3.488e+06 4.67272e+06 4.73178e+06 3.24425e+06 2.50213e+06 3.62742e+06
Ftot
 0.101142 0.181952 0.175779 0.245005 0.0786276 0.156459 0.330727 0.0511048 0.202176 0.266386 0.0714456 0.340283 0.317383 0.510767 0.341546 0.312655 0.201389 0.207656 0.301456 0.268116 0.20369 0.257775 0.150314 0.128597 0.131351 0.106004 0.130666 0.113938 0.108714 0.149627 0.151194
BD_Bspro_t
 0.983948 0.880286 0.750804 0.675656 0.685662 0.751306 0.744111 0.620304 0.668378 0.633673 0.602066 0.744048 0.635619 0.554395 0.458935 0.511561 0.643152 0.630985 0.705137 0.618426 0.591493 0.637209 0.652657 0.65123 0.745972 0.753748 0.761388 0.788594 0.822591 0.769441 0.717372
BD_Bspro
 2.74205 1.84481 0.940572 0.514877 0.622787 0.719181 0.941332 0.644864 0.557281 0.390308 0.256743 0.340581 0.360781 0.313281 0.226635 0.279939 0.766146 0.76701 1.41273 1.09019 1.17115 1.43922 1.37307 1.15966 1.60445 1.32615 1.09967 1.14768 1.55644 1.08684 0.69523
BD_Bo
 1.89535 1.27517 0.650141 0.355892 0.430482 0.497111 0.650666 0.445742 0.385203 0.269788 0.177465 0.235416 0.249379 0.216546 0.156654 0.193499 0.529574 0.530171 0.976505 0.75356 0.80952 0.994818 0.949093 0.801576 1.10902 0.916656 0.760111 0.793299 1.07584 0.751246 0.480555
BD_Brms
 12.7542 8.58085 4.37493 2.39487 2.8968 3.34516 4.37846 2.99949 2.59211 1.81546 1.1942 1.58416 1.67812 1.45718 1.05416 1.3021 3.56361 3.56763 6.5711 5.07086 5.44743 6.69433 6.38664 5.39397 7.46285 6.16837 5.11494 5.33827 7.23955 5.05528 3.23376
Sel_flota
 0.860614 1 1 1 1
 0.860614 1 1 1 1
 0.860614 1 1 1 1
 0.860614 1 1 1 1
 0.860614 1 1 1 1
 0.860614 1 1 1 1
 0.860614 1 1 1 1
 0.860614 1 1 1 1
 0.860614 1 1 1 1
 0.860614 1 1 1 1
 0.860614 1 1 1 1
 0.860614 1 1 1 1
 0.860614 1 1 1 1
 0.860614 1 1 1 1
 0.860614 1 1 1 1
 0.860614 1 1 1 1
 0.860614 1 1 1 1
 0.860614 1 1 1 1
 0.860614 1 1 1 1
 0.860614 1 1 1 1
 0.860614 1 1 1 1
 0.860614 1 1 1 1
 0.860614 1 1 1 1
 0.860614 1 1 1 1
 0.860614 1 1 1 1
 0.860614 1 1 1 1
 0.860614 1 1 1 1
 0.860614 1 1 1 1
 0.860614 1 1 1 1
 0.860614 1 1 1 1
 0.860614 1 1 1 1
Sel_reclas
 1 1 1 1 1
 1 1 1 1 1
 1 1 1 1 1
 1 1 1 1 1
 1 1 1 1 1
 1 1 1 1 1
 1 1 1 1 1
 1 1 1 1 1
 1 1 1 1 1
 1 1 1 1 1
 1 1 1 1 1
 1 1 1 1 1
 1 1 1 1 1
 1 1 1 1 1
 1 1 1 1 1
 1 1 1 1 1
 1 1 1 1 1
 1 1 1 1 1
 1 1 1 1 1
 1 1 1 1 1
 1 1 1 1 1
 1 1 1 1 1
 1 1 1 1 1
 1 1 1 1 1
 1 1 1 1 1
 1 1 1 1 1
 1 1 1 1 1
 1 1 1 1 1
 1 1 1 1 1
 1 1 1 1 1
 1 1 1 1 1
Sel_pelaces
 0.894052 1 1 1 1
 0.894052 1 1 1 1
 0.894052 1 1 1 1
 0.894052 1 1 1 1
 0.894052 1 1 1 1
 0.894052 1 1 1 1
 0.894052 1 1 1 1
 0.894052 1 1 1 1
 0.894052 1 1 1 1
 0.894052 1 1 1 1
 0.894052 1 1 1 1
 0.894052 1 1 1 1
 0.894052 1 1 1 1
 0.894052 1 1 1 1
 0.894052 1 1 1 1
 0.894052 1 1 1 1
 0.894052 1 1 1 1
 0.894052 1 1 1 1
 0.894052 1 1 1 1
 0.894052 1 1 1 1
 0.894052 1 1 1 1
 0.894052 1 1 1 1
 0.894052 1 1 1 1
 0.894052 1 1 1 1
 0.894052 1 1 1 1
 0.894052 1 1 1 1
 0.894052 1 1 1 1
 0.894052 1 1 1 1
 0.894052 1 1 1 1
 0.894052 1 1 1 1
 0.894052 1 1 1 1
pf_obs 
 0.8446 0.082 0.0669 0.0065 0
 0.8095 0.147 0.0364 0.0071 0
 0.9664 0.0169 0.016 0.0007 0
 0.9276 0.0648 0.0075 0.0001 0
 0.7033 0.2144 0.0806 0.0017 0
 0.9318 0.0425 0.0243 0.0014 0
 0.5671 0.3108 0.0964 0.0239 0.0018
 0.0768 0.2599 0.5324 0.112 0.0189
 0.490249 0.384438 0.106611 0.0170017 0.00170017
 0.7925 0.1577 0.0466 0.003 0.0002
 0.840416 0.127587 0.0312969 0.00059994 9.999e-05
 0.8084 0.0986 0.0794 0.0134 0.0002
 0.7335 0.1905 0.0724 0.0035 0.0001
 0.4001 0.4547 0.1325 0.0127 0
 0.49795 0.308269 0.164784 0.0264974 0.00249975
 0.9179 0.0499 0.0305 0.0017 0
 0.2467 0.6533 0.0926 0.0074 0
 0.9418 0.0223 0.034 0.0019 0
 0.707729 0.231977 0.0356964 0.0245975 0
 0.517169 0.277429 0.184464 0.0207286 0.00020938
 0.811772 0.124168 0.05621 0.00726502 0.000585176
 0.764997 0.148141 0.077277 0.00933861 0.000247198
 0.163321 0.427699 0.378323 0.0303852 0.000271297
 0.753843 0.0900009 0.118128 0.0371064 0.000921714
 0.721811 0.176058 0.0630433 0.0369309 0.00215725
 0.143369 0.312575 0.442814 0.0836902 0.0175525
 0.692698 0.0596174 0.167031 0.0765114 0.00414204
 0.394062 0.376323 0.152708 0.0712218 0.00568511
 0.125707 0.32114 0.495352 0.0537591 0.00404204
 0.23352 0.215282 0.420074 0.123614 0.00750983
 0.796117 0.104755 0.0508955 0.0450114 0.00322123
pf_pred 
 0.436655 0.110437 0.429711 0.0231959 7.60604e-07
 0.413766 0.27901 0.0602276 0.234346 0.0126505
 0.553689 0.20277 0.11591 0.0250205 0.10261
 0.768325 0.1376 0.0427403 0.0244317 0.0269023
 0.649593 0.279378 0.042187 0.0131038 0.0157385
 0.732859 0.182816 0.0672319 0.0101523 0.00694086
 0.46783 0.406337 0.0861128 0.0316687 0.00805147
 0.432462 0.290746 0.211343 0.0447888 0.0206592
 0.505934 0.232533 0.133982 0.0973916 0.0301598
 0.662955 0.18454 0.071777 0.0413568 0.0393719
 0.785487 0.150232 0.0351949 0.0136891 0.0153964
 0.72405 0.223684 0.036604 0.00857521 0.00708665
 0.671999 0.248732 0.0642555 0.0105148 0.00449902
 0.612723 0.274866 0.0852447 0.0220215 0.00514552
 0.713216 0.188609 0.0696785 0.0216096 0.00688685
 0.921437 0.0587958 0.0130003 0.00480272 0.00196417
 0.416534 0.544548 0.029126 0.00644001 0.00335215
 0.8893 0.0506523 0.0560427 0.00299753 0.00100777
 0.604535 0.357791 0.0172378 0.0190723 0.00136307
 0.602059 0.256922 0.127585 0.00614683 0.00728705
 0.741211 0.166296 0.0597162 0.0296544 0.00312242
 0.746199 0.19592 0.0371938 0.0133561 0.00733084
 0.337682 0.514835 0.113849 0.0216132 0.0120211
 0.743304 0.0962439 0.124723 0.0275807 0.00814817
 0.630518 0.285519 0.0314808 0.0407961 0.0116867
 0.446246 0.369444 0.142426 0.0157037 0.0261802
 0.730783 0.130771 0.0923657 0.0356084 0.0104715
 0.688736 0.236947 0.0360997 0.0254978 0.0127205
 0.371854 0.453433 0.132999 0.0202629 0.021452
 0.448968 0.225755 0.234804 0.0688716 0.0216015
 0.830802 0.0828073 0.035394 0.0368126 0.0141844
pobs_RECLAS
 0 0 0 0 0
 0 0 0 0 0
 0 0 0 0 0
 0 0 0 0 0
 0 0 0 0 0
 0 0 0 0 0
 0 0 0 0 0
 0 0 0 0 0
 0 0 0 0 0
 0 0 0 0 0
 0.991045 0.00858322 0.000360255 1.14367e-05 0
 0.934742 0.0480273 0.0164251 0.00080598 0
 0.827803 0.169806 0.00239088 0 0
 0.941827 0.0461693 0.0120037 0 0
 0.791401 0.0380133 0.147996 0.0225897 0
 0.846168 0.0940531 0.0597789 0 0
 0.134021 0.677848 0.182769 0.00536245 0
 0.80878 0.0450904 0.141981 0.00414843 0
 0.846168 0.0940531 0.0597789 0 0
 0.905697 0.0802665 0.012482 0.00150086 5.37128e-05
 0.989698 0.0102097 9.19794e-05 0 0
 0.975433 0.0193895 0.00387452 0.00125025 5.28907e-05
 0.303575 0.632131 0.0575291 0.00676475 0
 0.966965 0.00978017 0.0227588 0.000495775 0
 0.843318 0.132988 0.00938335 0.0141283 0.000182051
 0.564624 0.303363 0.111486 0.0197234 0.00080311
 0.826376 0.0876187 0.0782897 0.00655872 0.00115652
 0.89761 0.0855135 0.0140674 0.00269457 0.000114338
 0.34875 0.467042 0.161289 0.0227151 0.000203297
 0.318654 0.224769 0.449479 0.00709798 0
 0.937255 0.0296025 0.0250945 0.00804832 0
ppred_RECLAS
 0.474178 0.103081 0.401089 0.0216509 7.09942e-07
 0.451183 0.261202 0.0563835 0.219389 0.011843
 0.59098 0.185828 0.106225 0.0229299 0.0940368
 0.794521 0.122042 0.0379075 0.0216691 0.0238604
 0.683157 0.252617 0.038146 0.0118486 0.014231
 0.761573 0.163165 0.0600054 0.00906102 0.00619481
 0.506534 0.376785 0.0798499 0.0293655 0.0074659
 0.469764 0.271637 0.197453 0.0418451 0.0193013
 0.544029 0.214604 0.123651 0.0898822 0.0278344
 0.696432 0.16621 0.0646478 0.0372491 0.0354613
 0.809831 0.133183 0.0312008 0.0121356 0.0136491
 0.753953 0.199445 0.0326374 0.00764596 0.00631871
 0.705161 0.223584 0.0577591 0.00945177 0.00404416
 0.649611 0.248685 0.0771251 0.0199239 0.0046554
 0.743882 0.168441 0.0622277 0.0192988 0.00615042
 0.931929 0.0509437 0.0112641 0.00416133 0.00170186
 0.454081 0.509506 0.0272517 0.00602558 0.00313644
 0.903482 0.0441629 0.0488628 0.0026135 0.000878659
 0.640808 0.324974 0.0156568 0.017323 0.00123805
 0.638291 0.23353 0.115968 0.00558718 0.00662357
 0.769436 0.148159 0.0532031 0.0264201 0.00278187
 0.774198 0.174307 0.0330906 0.0118826 0.0065221
 0.372482 0.487785 0.107867 0.0204776 0.0113895
 0.771176 0.085794 0.111181 0.0245861 0.00726346
 0.665127 0.258775 0.028532 0.0369748 0.010592
 0.483902 0.344321 0.132741 0.0146358 0.0243999
 0.75958 0.116784 0.0824859 0.0317996 0.00935143
 0.720261 0.212948 0.0324434 0.0229153 0.0114321
 0.407864 0.427438 0.125374 0.0191012 0.0202222
 0.486804 0.210254 0.218681 0.0641425 0.0201182
 0.851117 0.0728648 0.0311443 0.0323926 0.0124813
pobs_PELACES
 0 0 0 0 0
 0 0 0 0 0
 0 0 0 0 0
 0 0 0 0 0
 0 0 0 0 0
 0 0 0 0 0
 0 0 0 0 0
 0 0 0 0 0
 0 0 0 0 0
 0 0 0 0 0
 0 0 0 0 0
 0 0 0 0 0
 0 0 0 0 0
 0 0 0 0 0
 0 0 0 0 0
 0 0 0 0 0
 0.505614 0.472636 0.0217494 0 0
 0 0 0 0 0
 0.443492 0.261883 0.143347 0.151278 0
 0.227955 0.32914 0.350689 0.0885471 0.00366901
 0.970185 0.0296113 0.000203453 0 0
 0.997202 0.00247181 0.000326279 0 0
 0.445219 0.490057 0.0546422 0.010081 0
 0.90214 0.0892962 0.00764917 0.000914606 0
 0 0 0 0 0
 0.581667 0.319106 0.0959925 0.00289975 0.000334073
 0.762889 0.0836404 0.116647 0.0363945 0.000428098
 0.88444 0.0763242 0.0277011 0.0115352 0
 0.521256 0.241999 0.230069 0.00667565 0
 0.616807 0.101726 0.260614 0.0208532 0
 0.833518 0.0704572 0.0857862 0.0102388 0
ppred_PELACES
 0.447515 0.108308 0.421428 0.0227488 7.45942e-07
 0.425676 0.273341 0.059004 0.229585 0.0123934
 0.565647 0.197337 0.112804 0.0243501 0.0998611
 0.77759 0.132098 0.0410311 0.0234547 0.0258265
 0.659248 0.27168 0.0410246 0.0127427 0.0153048
 0.742027 0.176542 0.0649247 0.00980385 0.00670267
 0.482347 0.395253 0.0837637 0.0308048 0.00783184
 0.442572 0.285567 0.207579 0.0439911 0.0202912
 0.518462 0.226637 0.130585 0.094922 0.0293951
 0.674942 0.177976 0.0692241 0.0398859 0.0379715
 0.792524 0.145304 0.0340403 0.0132401 0.0148913
 0.735648 0.214283 0.0350655 0.0082148 0.00678881
 0.684516 0.23924 0.0618035 0.0101136 0.00432734
 0.629211 0.263163 0.0816155 0.0210839 0.00492645
 0.725112 0.180785 0.0667881 0.0207131 0.00660116
 0.92547 0.0557777 0.0123329 0.0045562 0.00186335
 0.428757 0.53314 0.0285158 0.00630509 0.00328193
 0.894173 0.0484226 0.0535758 0.00286558 0.00096341
 0.617925 0.345678 0.0166542 0.0184266 0.00131692
 0.61498 0.24858 0.123442 0.00594725 0.00705044
 0.75073 0.16018 0.0575196 0.0285636 0.00300757
 0.756214 0.188189 0.035726 0.012829 0.00704155
 0.348268 0.506607 0.112029 0.0212677 0.011829
 0.751921 0.0930131 0.120536 0.0266549 0.00787464
 0.641131 0.277317 0.0305765 0.0396243 0.011351
 0.457222 0.362121 0.139603 0.0153924 0.0256613
 0.739697 0.126441 0.0893074 0.0344294 0.0101248
 0.698256 0.229699 0.0349955 0.0247179 0.0123314
 0.382301 0.445891 0.130787 0.0199259 0.0210952
 0.460606 0.220987 0.229845 0.067417 0.0211452
 0.837311 0.0796217 0.0340324 0.0353964 0.0136387
pobs_pel_tallas
 0 0 0 0 0 0 0 0 0 0 0 0 0 0 0 0 0 0 0 0 0 0 0 0 0 0
 0 0 0 0 0 0 0 0 0 0 0 0 0 0 0 0 0 0 0 0 0 0 0 0 0 0
 0 0 0 0 0 0 0 0 0 0 0 0 0 0 0 0 0 0 0 0 0 0 0 0 0 0
 0 0 0 0 0 0 0 0 0 0 0 0 0 0 0 0 0 0 0 0 0 0 0 0 0 0
 0 0 0 0 0 0 0 0 0 0 0 0 0 0 0 0 0 0 0 0 0 0 0 0 0 0
 0 0 0 0 0 0 0 0 0 0 0 0 0 0 0 0 0 0 0 0 0 0 0 0 0 0
 0 0 0 0 0 0 0 0 0 0 0 0 0 0 0 0 0 0 0 0 0 0 0 0 0 0
 0 0 0 0 0 0 0 0 0 0 0 0 0 0 0 0 0 0 0 0 0 0 0 0 0 0
 0 0 0 0 0 0 0 0 0 0 0 0 0 0 0 0 0 0 0 0 0 0 0 0 0 0
 0 0 0 0 0 0 0 0 0 0 0 0 0 0 0 0 0 0 0 0 0 0 0 0 0 0
 0 0 0 0 0 0 0 0 0 0 0 0 0 0 0 0 0 0 0 0 0 0 0 0 0 0
 0 0 0 0 0 0 0 0 0 0 0 0 0 0 0 0 0 0 0 0 0 0 0 0 0 0
 0.00862536 0 0 0.000197151 0.00414017 0.0128641 0.00837892 0.0270097 0.101434 0.158115 0.152841 0.127902 0.109271 0.109419 0.0830992 0.0579132 0.0238553 0.00714673 0.00463305 0.00128148 0.00103504 0.000492878 0.000147863 0.000147863 4.92878e-05 0
 0 0 0 0 0 0 0 0 0 0 0 0 0 0 0 0 0 0 0 0 0 0 0 0 0 0
 0 0 0 0 0 0 0 0.0054083 0.00873648 0.0413646 0.0450493 0.0745869 0.0622846 0.0627006 0.0613931 0.0827291 0.12552 0.122667 0.0946155 0.0697135 0.0546179 0.0294188 0.0215738 0.0213955 0.0102223 0.00600262
 0 0 0 0 0.00359764 0.0251062 0.0480494 0.140153 0.205849 0.193036 0.1447 0.116669 0.0760912 0.0342217 0.00950174 0.001854 0.000860785 0 0 0 0.000165536 0 0.000143464 0 0 0
 0 0 0 0 0 0 0 0.000145254 0.000435761 0.0275982 0.070085 0.0708112 0.156366 0.174668 0.174014 0.160142 0.0824315 0.0480064 0.0283245 0.00493863 0.00203355 0 0 0 0 0
 0 0 0 0 0 0 0 0 0 0 0 0 0 0 0 0 0 0 0 0 0 0 0 0 0 0
 0 0 1.00437e-05 0.000401748 0.00122533 0.00171747 0.00176769 0.0269171 0.070346 0.194647 0.189555 0.159765 0.064822 0.0314167 0.0384472 0.0292271 0.0345202 0.0313363 0.0194345 0.0106764 0.0143323 0.0359363 0.0279516 0.0138201 0.00172751 0
 0 0.0021121 0.0136068 0.0755702 0.200478 0.177729 0.0527432 0.0373336 0.0318909 0.0142505 0.0149659 0.0166563 0.0217959 0.0798694 0.0677717 0.0528807 0.04013 0.0224614 0.0357745 0.0225083 0.00881397 0.00855152 0.00135912 0.000746735 0 0
 0 0 0 0 5.4009e-05 0.00500934 0.000945158 0.0243581 0.138947 0.33067 0.221406 0.137944 0.0707744 0.0437923 0.0131692 0.00525238 0.0047753 0.00276346 9.45158e-05 9.00151e-06 2.25038e-05 9.00151e-06 4.50075e-06 0 0 0
 0.000866109 0.00284123 0.00948549 0.0512746 0.133035 0.25785 0.225252 0.132002 0.0553304 0.0519788 0.0540692 0.017754 0.00435017 0.00159236 0.00146478 0.000404838 0.000125132 0.000115318 0.000107957 0.000100596 0 0 0 0 0 0
 0 0 0 0 0.00144013 0.00171154 0.00461396 0.0210425 0.0478622 0.0707936 0.0888783 0.103762 0.0637923 0.0337046 0.0602308 0.124433 0.169614 0.0934646 0.0462172 0.0250306 0.0313229 0.00938855 0.002487 0.000210481 0 0
 0 0.00764035 0.051015 0.0998891 0.058973 0.0496711 0.0374665 0.0718981 0.12319 0.153886 0.159021 0.0857701 0.0377988 0.023471 0.0147837 0.00900784 0.00315554 0.000888139 0.00291439 0.00214683 0.00393193 0.00274676 0.000635225 9.99891e-05 0 0
 0 0 0 0 0 0 0 0 0 0 0 0 0 0 0 0 0 0 0 0 0 0 0 0 0 0
 0 0 0 0 0 0 0 0 0 0 0 0 0 0 0 0 0 0 0 0 0 0 0 0 0 0
 0 0 0 0 0 0 0 0 0 0 0 0 0 0 0 0 0 0 0 0 0 0 0 0 0 0
 0 0 0 0 0 0 0 0 0 0 0 0 0 0 0 0 0 0 0 0 0 0 0 0 0 0
 0 0 0 0 0 0 0 0 0 0 0 0 0 0 0 0 0 0 0 0 0 0 0 0 0 0
 0 0 0 0 0 0 0 0 0 0 0 0 0 0 0 0 0 0 0 0 0 0 0 0 0 0
 0 0 0 0 0 0 0 0 0 0 0 0 0 0 0 0 0 0 0 0 0 0 0 0 0 0
ppred_pel_tallas
 1.14471e-16 3.68612e-05 0.000358304 0.00238106 0.0108239 0.0336774 0.0717536 0.104729 0.10474 0.071808 0.0338619 0.0113649 0.00376919 0.00348888 0.00627558 0.0110791 0.0177272 0.0259691 0.0354321 0.0457206 0.0562559 0.0659113 0.0728921 0.0752413 0.0717926 0.0629102
 1.26895e-16 3.50625e-05 0.00034082 0.00226487 0.0102958 0.0320341 0.0682531 0.0996229 0.0996493 0.0683824 0.0324688 0.0115528 0.00542697 0.00726704 0.0132619 0.0220728 0.0323086 0.0418088 0.0485032 0.051712 0.0526493 0.0535601 0.0561045 0.060228 0.0642543 0.0659425
 1.22648e-16 4.65917e-05 0.000452888 0.0030096 0.0136812 0.0425674 0.0906951 0.132376 0.132395 0.0907889 0.0428828 0.0145942 0.00530927 0.00550017 0.00971343 0.0162021 0.0238599 0.0311463 0.0365578 0.0395162 0.0407278 0.0416175 0.0432778 0.0457589 0.0481439 0.0491789
 1.07941e-16 6.40491e-05 0.00062258 0.00413726 0.0188074 0.0585169 0.124677 0.181972 0.181985 0.124739 0.0587267 0.0194142 0.00566282 0.00396111 0.00642936 0.0105948 0.0154195 0.0197497 0.0224709 0.0231153 0.0221462 0.0206161 0.0194673 0.0190218 0.0189679 0.0187147
 1.05122e-16 5.43015e-05 0.000527829 0.00350761 0.0159451 0.0496113 0.105703 0.154282 0.154308 0.105831 0.0500411 0.0171866 0.00662434 0.00733325 0.0129839 0.0213927 0.030846 0.038868 0.0429777 0.0420493 0.0369852 0.030096 0.0236984 0.01902 0.0160458 0.0140804
 1.04037e-16 6.11198e-05 0.000594106 0.00394805 0.0179473 0.0558407 0.118975 0.173651 0.173668 0.119059 0.0561212 0.0187583 0.00598694 0.00505533 0.008564 0.0141402 0.0205481 0.0262258 0.0296132 0.0299772 0.0278087 0.0244109 0.0210328 0.0182501 0.0159618 0.0138012
 1.06933e-16 3.97304e-05 0.000386193 0.00256639 0.0116665 0.0362989 0.0773401 0.112888 0.112926 0.0775265 0.036925 0.0134754 0.00710969 0.0103127 0.0189169 0.0312767 0.0452084 0.057186 0.0636363 0.0629164 0.0562667 0.0469021 0.0380033 0.0311923 0.0263847 0.0226488
 1.13909e-16 3.64541e-05 0.000354347 0.00235476 0.0107044 0.0333056 0.070962 0.103577 0.103605 0.071098 0.0337629 0.0120288 0.00569247 0.00768494 0.0140891 0.0235766 0.0347619 0.0454008 0.0531924 0.0570396 0.057565 0.0563798 0.0547554 0.0528392 0.0499246 0.0453092
 1.18321e-16 4.2705e-05 0.000415108 0.00275854 0.0125399 0.0390165 0.0831297 0.121335 0.121357 0.0832374 0.0393789 0.0135891 0.00540161 0.00621737 0.0111592 0.0186398 0.0274687 0.0358852 0.0421464 0.0455362 0.0467604 0.0472983 0.0482301 0.0495011 0.0501018 0.0488543
 1.1247e-16 5.55941e-05 0.000540395 0.00359112 0.0163247 0.0507923 0.108219 0.157952 0.15797 0.108303 0.0510756 0.0171441 0.00565241 0.00505553 0.00867669 0.0143802 0.0210094 0.0270742 0.0311158 0.03253 0.0319297 0.0306691 0.0299044 0.0299326 0.0302139 0.029888
 1.04868e-16 6.52792e-05 0.000634537 0.00421672 0.0191686 0.0596408 0.127071 0.185467 0.185482 0.12714 0.0598711 0.0198343 0.00588893 0.00428963 0.00702094 0.0115413 0.0167103 0.0212122 0.023759 0.023778 0.0217507 0.0188648 0.0162628 0.0144745 0.0133683 0.0124869
 1.0304e-16 6.05944e-05 0.000588999 0.00391411 0.017793 0.0553606 0.117952 0.172159 0.17218 0.118053 0.0556997 0.0187723 0.00637288 0.00595801 0.0102618 0.0168806 0.0243395 0.0306683 0.0339009 0.0331334 0.0290551 0.023465 0.0181774 0.0141711 0.0114752 0.00960616
 1.03592e-16 5.63827e-05 0.00054806 0.00364205 0.0165563 0.0515128 0.109754 0.160194 0.160217 0.109867 0.051892 0.0176522 0.00639518 0.00656523 0.0115048 0.0189846 0.0274684 0.0348045 0.0388279 0.0385258 0.034608 0.0289631 0.023465 0.0190788 0.0157912 0.0131245
 1.05371e-16 5.18273e-05 0.00050378 0.0033478 0.0152186 0.0473509 0.100887 0.147253 0.147278 0.101011 0.0477686 0.016426 0.00638202 0.00713942 0.0126892 0.0209878 0.0304444 0.0387382 0.0435272 0.0437198 0.0400814 0.0346221 0.0292874 0.025004 0.0216453 0.0186349
 1.05168e-16 5.97266e-05 0.000580564 0.00385805 0.0175381 0.0545678 0.116263 0.169693 0.169711 0.116349 0.0548551 0.018369 0.00594704 0.00515231 0.00877615 0.0145033 0.0210968 0.0269739 0.030557 0.0311175 0.0291741 0.0260601 0.0230254 0.0205995 0.0185994 0.0165739
 1.01143e-16 7.62297e-05 0.00074098 0.00492407 0.0223841 0.0696454 0.148387 0.216576 0.216582 0.148413 0.0697337 0.0226395 0.00556546 0.00214251 0.00274205 0.0044233 0.00639022 0.00809076 0.00901884 0.00894458 0.00804407 0.00676981 0.0055667 0.00465717 0.00402149 0.00352082
 1.02147e-16 3.53163e-05 0.000343287 0.00228126 0.0103703 0.0322662 0.0687484 0.100351 0.100402 0.0689991 0.0331077 0.0127998 0.00837577 0.0136352 0.0252425 0.0415791 0.0596675 0.0745592 0.0812341 0.0773787 0.0647889 0.0482101 0.0325805 0.0207986 0.0132856 0.0089595
 1.02009e-16 7.36518e-05 0.000715922 0.00475755 0.0216271 0.0672901 0.143369 0.209252 0.209257 0.143392 0.0673682 0.0218536 0.0053295 0.00197598 0.00250032 0.0041043 0.00610792 0.00810124 0.00970429 0.0107168 0.0111875 0.0112922 0.0111371 0.0106727 0.00978147 0.00843262
 1.0264e-16 5.08977e-05 0.000494744 0.00328775 0.0149456 0.0465016 0.0990779 0.144614 0.144647 0.0992404 0.0470473 0.016521 0.00723994 0.00911503 0.0164009 0.0269779 0.0387298 0.0484404 0.0528758 0.050564 0.0426954 0.0323555 0.0227217 0.0156075 0.011188 0.0086596
 1.05416e-16 5.06552e-05 0.000492386 0.00327208 0.0148744 0.04628 0.0986053 0.143922 0.143946 0.0987231 0.0466759 0.0160197 0.0061535 0.00680407 0.0121006 0.0200878 0.0293111 0.0376446 0.042922 0.0440915 0.0417504 0.0375674 0.03311 0.0290524 0.0252425 0.0213
 1.05075e-16 6.18366e-05 0.000601074 0.00399435 0.0181577 0.0564956 0.12037 0.175687 0.175703 0.120446 0.0567502 0.0188939 0.00584545 0.00465247 0.00778714 0.0128578 0.0187107 0.0239438 0.0271707 0.0277607 0.0261871 0.0236349 0.0211964 0.0193032 0.0177386 0.0160499
 1.03558e-16 6.22884e-05 0.000605466 0.00402353 0.0182904 0.0569083 0.12125 0.176972 0.17699 0.121339 0.0572063 0.0191512 0.00618523 0.00532748 0.00903927 0.0148693 0.0214715 0.0271261 0.0301253 0.0296898 0.0264255 0.0218898 0.0176291 0.0144399 0.0122854 0.0106989
 1.07498e-16 2.86865e-05 0.000278843 0.00185301 0.00842355 0.026209 0.0558429 0.0815147 0.0815635 0.0560819 0.0270115 0.0107422 0.00767635 0.0130018 0.0242228 0.0400807 0.0579242 0.0732378 0.0814192 0.0803283 0.071519 0.05909 0.047134 0.0377977 0.0310862 0.0259322
 1.07508e-16 6.19348e-05 0.000602028 0.00400069 0.0181866 0.0565852 0.120561 0.175964 0.175973 0.120606 0.0567359 0.0186242 0.00510789 0.00304745 0.00478971 0.00803906 0.0120871 0.016276 0.0199561 0.0228027 0.0249177 0.0265626 0.0277707 0.0282089 0.0274065 0.0251265
 1.06848e-16 5.28092e-05 0.000513324 0.00341122 0.0155069 0.0482479 0.102798 0.150043 0.150069 0.102929 0.0486865 0.0167736 0.00659084 0.00745526 0.0132399 0.0218151 0.0314517 0.0396346 0.0438576 0.043017 0.0380937 0.031497 0.0255984 0.0215835 0.0192935 0.0178402
 1.10008e-16 3.76609e-05 0.000366077 0.00243271 0.0110588 0.0344082 0.0733115 0.107008 0.107043 0.0734828 0.0349838 0.0127231 0.00661738 0.00952413 0.0174978 0.029044 0.042248 0.0539943 0.0611089 0.0621058 0.0579988 0.0514501 0.044991 0.0397539 0.0354732 0.0313378
 1.07776e-16 6.09279e-05 0.000592241 0.00393565 0.0178909 0.0556653 0.118601 0.173105 0.173117 0.118661 0.0558678 0.0184774 0.00541402 0.00383981 0.00628862 0.0104581 0.0154333 0.0202008 0.0237652 0.0256745 0.0262379 0.0261851 0.0260578 0.0258506 0.0251375 0.0234824
 1.05635e-16 5.75145e-05 0.000559061 0.00371516 0.0168886 0.0525468 0.111957 0.16341 0.163432 0.112066 0.0529103 0.0179386 0.00635166 0.00631707 0.0110008 0.0181176 0.0261493 0.0330117 0.0366321 0.0360864 0.0321585 0.0268001 0.0219322 0.018516 0.0164367 0.0150096
 1.09457e-16 3.14898e-05 0.000306092 0.00203409 0.0092467 0.0287701 0.0612994 0.0894773 0.0895204 0.06151 0.0294775 0.0112913 0.00717167 0.0115392 0.0214174 0.0354942 0.0514481 0.0653709 0.0732788 0.0733175 0.0668073 0.0572139 0.0479233 0.0405973 0.0350776 0.0303783
 1.17029e-16 3.79395e-05 0.000368786 0.00245071 0.0111406 0.0346626 0.0738532 0.107795 0.107817 0.0739591 0.035019 0.0121743 0.00506167 0.00612266 0.0111252 0.0187518 0.0279959 0.037288 0.0450198 0.0504302 0.0539068 0.0563604 0.0582325 0.0590321 0.0577432 0.0536507
 1.06861e-16 6.89682e-05 0.000670395 0.00445501 0.0202518 0.0630111 0.134252 0.195946 0.195954 0.13429 0.063138 0.0206192 0.00537972 0.00269789 0.00394628 0.00648709 0.00951405 0.0123503 0.0143723 0.0153392 0.0155385 0.0155556 0.015843 0.016429 0.0169534 0.0169369
pSPR Fmed_Fpbrs
0.705357   0.198606 0.198606
Fs Fmed_Fpbrs
0.17869   1.005 1.005
SSBpbr Bo_Bmed_Bpbrs
2.21194e+06  1.44961e+06  328707 328707
Ro
214207
SPR SPRFo_SPRFmed_SPRFpbrs
1.52893e+06 1.07844e+06 303655
Fref
1.005
Nvult_r0
 260757 22784.5 9738.69 10129 3902.85
CTP_r0
 30023 2992.44 1279.05 1330.31 512.586
YTP_r0
391302
Np
 285555 44235 16752.4 1419.16 688.268
Nvult_p0
 241320 38278.3 14496.6 1228.05 595.585
CTP_p0
 111920 53960.6 4571.19 1953.85 2674.84
 111920 19186.9 7266.36 615.558 298.535
YTP_p0
 1.93745e+06 1.33519e+06
CBA_c0
1.75677e+06
log_Ro
12.0947
likeval ReclasPelacesDesembMPH_pf_preclas_ppelaces_ptallas_desvR_qrecl_qpela
 17.2173 17.8174 0.117357 0.00323879 240.939 120.176 98.5678 0 21.2912 5.68253e-06 0 0.597057 0 0 0
q_reclas_q_pelaces
0.713341 1
M
1
N
 230198 50396.5 196093 10585.2 0.347092
 132396 77625.6 16756.4 65199.3 3519.59
 130832 41646 23806.2 5138.84 21074.7
 264791 41373.4 12851.1 7346.07 8088.92
 212185 78892.5 11913 3700.33 4444.34
 336806 72951 26828.3 4051.17 2769.69
 142269 108295 22950.3 8440.15 2145.83
 67849.8 39373.5 28620.6 6065.41 2797.71
 59706.1 23886.5 13763.1 10004.4 3098.12
 75913.1 18456.9 7178.85 4136.34 3937.82
 134351 22205.4 5202.04 2023.34 2275.69
 171579 46477.4 7605.62 1781.77 1472.47
 145287 47096.2 12166.5 1990.94 851.868
 102530 40673 12614 3258.61 761.403
 104802 24302.6 8978.18 2784.42 887.38
 514340 28735.6 6353.69 2347.27 959.961
 127053 144576 7732.89 1709.81 889.99
 792496 39302.5 43485.2 2325.87 781.958
 470808 243831 11747.4 12997.6 928.92
 358458 133622 66355 3196.88 3789.89
 536058 104697 37596 18669.7 1965.81
 721975 165495 31417.8 11282 6192.41
 160771 212756 47048 8931.65 4967.72
 462954 51967.7 67345.2 14892.4 4399.67
 388317 152468 16810.9 21785.3 6240.75
 177985 127584 49185.7 5423.14 9041.12
 385217 59767.9 42215 16274.5 4785.91
 424953 126641 19294.2 13627.8 6798.69
 134219 141730 41571.5 6333.58 6705.26
 103031 44966.2 46768.4 13717.9 4302.6
 385162 33323.3 14243.2 14814.1 5708.08
pred_Ctot
 12217.1 3089.91 12022.9 648.996 0.0212809
 12286.6 8285.08 1788.43 6958.8 375.65
 11754.9 4304.85 2460.79 531.191 2178.44
 32371.9 5797.52 1800.78 1029.38 1133.47
 8824.52 3795.27 573.098 178.011 213.803
 27117.7 6764.66 2487.76 375.66 256.83
 22798.1 19801.5 4196.42 1543.27 392.361
 1852.11 1245.18 905.124 191.818 88.4774
 6113.48 2809.82 1618.98 1176.84 364.438
 10016.5 2788.18 1084.47 624.854 594.864
 5090.1 973.532 228.069 88.708 99.7713
 28197.4 8711.17 1425.51 333.953 275.983
 22444.2 8307.42 2146.08 351.187 150.263
 23886.8 10715.5 3323.23 858.499 200.596
 17279.8 4569.63 1688.17 523.557 166.855
 78399 5002.54 1106.11 408.632 167.118
 12962.2 16945.9 906.378 200.408 104.316
 83186.5 4738.09 5242.33 280.394 94.2684
 69458.7 41108.8 1980.56 2191.33 156.612
 47576.1 20302.6 10082 485.737 575.84
 55270.2 12400.3 4452.89 2211.25 232.831
 92456.7 24275.3 4608.45 1654.87 908.318
 12462.9 19001.1 4201.83 797.68 443.664
 30938.1 4005.9 5191.27 1147.98 339.146
 26480.4 11991.1 1322.12 1713.35 490.816
 9883.12 8182.16 3154.35 347.793 579.819
 26138.2 4677.35 3303.68 1273.62 374.539
 25291.9 8701.19 1325.66 936.333 467.123
 7636.09 9311.33 2731.16 416.102 440.521
 7952.3 3998.68 4158.94 1219.88 382.614
 30023 2992.44 1279.05 1330.31 512.586
F
 0.0870442 0.101142 0.101142 0.101142 0.101142
 0.156591 0.181952 0.181952 0.181952 0.181952
 0.151278 0.175779 0.175779 0.175779 0.175779
 0.210855 0.245005 0.245005 0.245005 0.245005
 0.0676681 0.0786276 0.0786276 0.0786276 0.0786276
 0.134651 0.156459 0.156459 0.156459 0.156459
 0.284629 0.330727 0.330727 0.330727 0.330727
 0.0439815 0.0511048 0.0511048 0.0511048 0.0511048
 0.173996 0.202176 0.202176 0.202176 0.202176
 0.229256 0.266386 0.266386 0.266386 0.266386
 0.0614871 0.0714456 0.0714456 0.0714456 0.0714456
 0.292853 0.340283 0.340283 0.340283 0.340283
 0.273145 0.317383 0.317383 0.317383 0.317383
 0.439574 0.510767 0.510767 0.510767 0.510767
 0.293939 0.341546 0.341546 0.341546 0.341546
 0.269076 0.312655 0.312655 0.312655 0.312655
 0.173318 0.201389 0.201389 0.201389 0.201389
 0.178712 0.207656 0.207656 0.207656 0.207656
 0.259438 0.301456 0.301456 0.301456 0.301456
 0.230745 0.268116 0.268116 0.268116 0.268116
 0.175299 0.20369 0.20369 0.20369 0.20369
 0.221845 0.257775 0.257775 0.257775 0.257775
 0.129362 0.150314 0.150314 0.150314 0.150314
 0.110672 0.128597 0.128597 0.128597 0.128597
 0.113042 0.131351 0.131351 0.131351 0.131351
 0.0912285 0.106004 0.106004 0.106004 0.106004
 0.112453 0.130666 0.130666 0.130666 0.130666
 0.0980565 0.113938 0.113938 0.113938 0.113938
 0.0935606 0.108714 0.108714 0.108714 0.108714
 0.128771 0.149627 0.149627 0.149627 0.149627
 0.13012 0.151194 0.151194 0.151194 0.151194
YTP_r0W_actual
 249191 42193.3 35301.7 45496.6 19119.5
YTP_p0W_proyectada
 838281 845563 105732 57384.4 90490
 838281 300658 168071 18078.9 10099.4
CTP_r0_actual
 30023 2992.44 1279.05 1330.31 512.586
CTP_p0_proyectada
 111920 53960.6 4571.19 1953.85 2674.84
 111920 19186.9 7266.36 615.558 298.535
Wmedp
 7.49 15.67 23.13 29.37 33.83
Frms_r0
 0.13012 0.151194 0.151194 0.151194 0.151194
Zrms_r0
 1.13012 1.15119 1.15119 1.15119 1.15119
nmprior
 8.19 8.8 8.5 0
nm_flota  nm_reclas  nm_pelaces    nm_pelaL
inf 11.5653 16.0822 37.004
cv_recla  cv_pelaces  cv_mph
0.375325 0.478623 1.75629
 ------------------------------------------------
Talla a la edad & desviaci?n 
 8 13.2811 15.8009 17.003 17.5766
 0.8 1.32811 1.58009 1.7003 1.75766
