years
 1991 1992 1993 1994 1995 1996 1997 1998 1999 2000 2001 2002 2003 2004 2005 2006 2007 2008 2009 2010 2011 2012 2013 2014 2015 2016 2017 2018 2019 2020 2021
reclasobs
 0 0 0 0 0 0 0 0 0 252601 567819 844713 477998 351125 339783 2.1784e+06 2.13404e+06 4.81314e+06 1.55562e+06 2.62356e+06 3.21686e+06 3.843e+06 1.13348e+06 3.07943e+06 1.97215e+06 2.03268e+06 2.025e+06 2.42433e+06 2.27542e+06 1.05018e+06 2.36338e+06
reclaspred
 3.18328e+06 1.72961e+06 875482 889430 897294 1.6234e+06 887275 751260 527520 349684 499202 692685 680967 495713 479820 1.38351e+06 1.1836e+06 3.2102e+06 2.50946e+06 1.81561e+06 3.12958e+06 2.56504e+06 1.91789e+06 3.05839e+06 2.26412e+06 1.98605e+06 2.4178e+06 2.66278e+06 2.08994e+06 1.23248e+06 1.83752e+06
pelacesobs
 0 0 0 0 0 0 0 0 0 0 0 0 0 0 0 552880 188675 0 991730 2.46772e+06 1.41603e+06 1.21717e+06 2.29649e+06 1.80582e+06 0 1.4828e+06 1.56532e+06 1.57751e+06 1.42118e+06 867257 1.10002e+06
pelacespred
 1.74732e+06 1.03253e+06 506096 423631 469720 884781 414894 477794 301682 181965 286773 327819 358489 262678 264189 649442 565034 1.81e+06 1.41895e+06 931612 1.63589e+06 1.38461e+06 1.07071e+06 1.89993e+06 1.33412e+06 1.18091e+06 1.6429e+06 1.78073e+06 1.1623e+06 762541 1.11546e+06
mphobs
 0 0 0 0 0 0 0 0 0 0 0 498337 0 5186 125008 0 168611 109162 213762 579715 649985 157893 87575 83554 0 0 0 0 0 0 0
mphpred
 486519 325934 155139 86199.3 92474.4 112027 159688 82396.1 73821 44905.3 27084.5 60388.9 65281.4 52931.7 31227.4 39588.5 153723 129821 320377 218420 229867 281342 270090 211703 308866 254262 205557 224649 329464 211132 120540
desembarqueobs
 494567 514787 250237 358949 120608 361735 552515 73892 212993 205616 52469 317467 293654 387597 252695 516296 358380 742168 942051 627588 828172 859565 418607 520667 417249 300574 415391 372974 316634 284311 391294
desembarquepred
 494568 513932 250608 358984 120614 361736 552512 73897.2 213051 205669 52471.5 317518 293676 387545 252659 516203 358400 741990 941697 627329 828241 859500 418597 520685 417225 300564 415374 372931 316604 284305 391291
Reclutas
 165773 91733.5 91964.5 133710 108283 208607 79059.6 32519.3 32770.6 44532.6 82906.6 123777 103310 72270.9 64772.9 353483 65385.7 580637 312802 255969 344348 482227 91329.1 270832 233600 100549 229703 262991 75314.9 53003.8 200468
log_desv_Rt
 0.238375 -0.353357 -0.350843 0.0234249 -0.187501 0.468207 -0.502042 -1.39041 -1.38271 -1.07602 -0.45453 -0.053764 -0.234514 -0.591823 -0.701357 0.995591 -0.691941 1.49188 0.873326 0.672812 0.969409 1.30617 -0.357776 0.729253 0.581364 -0.261602 0.564542 0.699877 -0.550566 -0.901881 0.42841
SSB
 1.83874e+06 1.23183e+06 586331 325781 349497 423394 603524 311407 278998 169715 102363 228233 246724 200050 118021 149620 580980 490644 1.21083e+06 825493 868758 1.0633e+06 1.02078e+06 800109 1.16732e+06 960955 776880 849035 1.24517e+06 797950 455568
BT
 2.63519e+06 1.8114e+06 881975 837295 694854 1.44491e+06 1.01773e+06 676869 597047 429508 413915 684188 725370 739002 593287 1.25569e+06 999636 2.99519e+06 2.71336e+06 1.74672e+06 2.77836e+06 2.56381e+06 1.72636e+06 2.93307e+06 2.08709e+06 1.77291e+06 2.53927e+06 2.66528e+06 1.7382e+06 1.24747e+06 1.80967e+06
Ftot
 0.227261 0.420233 0.413582 0.634908 0.213119 0.373304 0.869887 0.153545 0.617881 0.886932 0.188096 0.732562 0.684129 1.2012 0.88915 0.675757 0.450026 0.411562 0.579082 0.543607 0.429665 0.538536 0.323859 0.289337 0.286385 0.231016 0.288439 0.240034 0.218195 0.335652 0.367691
BD_Bspro_t
 0.964445 0.761073 0.545007 0.443644 0.43375 0.531964 0.541467 0.340377 0.393506 0.326539 0.281285 0.551094 0.4315 0.336978 0.223277 0.26943 0.468661 0.415858 0.567603 0.443948 0.410642 0.457397 0.475732 0.454189 0.580252 0.590656 0.594879 0.643388 0.70737 0.61483 0.518345
BD_Bspro
 1.96948 1.31942 0.62802 0.348944 0.374347 0.453499 0.646436 0.333549 0.298836 0.181782 0.109641 0.244461 0.264267 0.214273 0.126412 0.160259 0.622288 0.52553 1.29692 0.884188 0.930529 1.1389 1.09335 0.856999 1.25032 1.02928 0.832118 0.909403 1.33371 0.854686 0.48796
BD_Bo
 1.28066 0.857952 0.408371 0.226901 0.243419 0.294888 0.420346 0.21689 0.194318 0.118204 0.0712943 0.158961 0.17184 0.139332 0.0821997 0.104208 0.404644 0.341726 0.843326 0.574944 0.605077 0.740573 0.710955 0.557265 0.813025 0.669291 0.541086 0.59134 0.867244 0.55576 0.317297
BD_Brms
 6.78934 4.54839 2.16496 1.20291 1.29047 1.56333 2.22844 1.14983 1.03017 0.626651 0.377963 0.842724 0.910999 0.738659 0.435777 0.552456 2.1452 1.81164 4.47085 3.04804 3.20779 3.92611 3.76909 2.95431 4.31021 3.54821 2.86854 3.13496 4.59765 2.94633 1.68213
Sel_flota
 0.687378 0.976623 0.998742 0.999934 0.999997
 0.687378 0.976623 0.998742 0.999934 0.999997
 0.687378 0.976623 0.998742 0.999934 0.999997
 0.687378 0.976623 0.998742 0.999934 0.999997
 0.687378 0.976623 0.998742 0.999934 0.999997
 0.687378 0.976623 0.998742 0.999934 0.999997
 0.687378 0.976623 0.998742 0.999934 0.999997
 0.687378 0.976623 0.998742 0.999934 0.999997
 0.687378 0.976623 0.998742 0.999934 0.999997
 0.687378 0.976623 0.998742 0.999934 0.999997
 0.687378 0.976623 0.998742 0.999934 0.999997
 0.687378 0.976623 0.998742 0.999934 0.999997
 0.687378 0.976623 0.998742 0.999934 0.999997
 0.687378 0.976623 0.998742 0.999934 0.999997
 0.687378 0.976623 0.998742 0.999934 0.999997
 0.687378 0.976623 0.998742 0.999934 0.999997
 0.687378 0.976623 0.998742 0.999934 0.999997
 0.687378 0.976623 0.998742 0.999934 0.999997
 0.687378 0.976623 0.998742 0.999934 0.999997
 0.687378 0.976623 0.998742 0.999934 0.999997
 0.687378 0.976623 0.998742 0.999934 0.999997
 0.687378 0.976623 0.998742 0.999934 0.999997
 0.687378 0.976623 0.998742 0.999934 0.999997
 0.687378 0.976623 0.998742 0.999934 0.999997
 0.687378 0.976623 0.998742 0.999934 0.999997
 0.687378 0.976623 0.998742 0.999934 0.999997
 0.687378 0.976623 0.998742 0.999934 0.999997
 0.687378 0.976623 0.998742 0.999934 0.999997
 0.687378 0.976623 0.998742 0.999934 0.999997
 0.687378 0.976623 0.998742 0.999934 0.999997
 0.687378 0.976623 0.998742 0.999934 0.999997
Sel_reclas
 1 1 1 1 1
 1 1 1 1 1
 1 1 1 1 1
 1 1 1 1 1
 1 1 1 1 1
 1 1 1 1 1
 1 1 1 1 1
 1 1 1 1 1
 1 1 1 1 1
 1 1 1 1 1
 1 1 1 1 1
 1 1 1 1 1
 1 1 1 1 1
 1 1 1 1 1
 1 1 1 1 1
 1 1 1 1 1
 1 1 1 1 1
 1 1 1 1 1
 1 1 1 1 1
 1 1 1 1 1
 1 1 1 1 1
 1 1 1 1 1
 1 1 1 1 1
 1 1 1 1 1
 1 1 1 1 1
 1 1 1 1 1
 1 1 1 1 1
 1 1 1 1 1
 1 1 1 1 1
 1 1 1 1 1
 1 1 1 1 1
Sel_pelaces
 0.975136 1 1 1 1
 0.975136 1 1 1 1
 0.975136 1 1 1 1
 0.975136 1 1 1 1
 0.975136 1 1 1 1
 0.975136 1 1 1 1
 0.975136 1 1 1 1
 0.975136 1 1 1 1
 0.975136 1 1 1 1
 0.975136 1 1 1 1
 0.975136 1 1 1 1
 0.975136 1 1 1 1
 0.975136 1 1 1 1
 0.975136 1 1 1 1
 0.975136 1 1 1 1
 0.975136 1 1 1 1
 0.975136 1 1 1 1
 0.975136 1 1 1 1
 0.975136 1 1 1 1
 0.975136 1 1 1 1
 0.975136 1 1 1 1
 0.975136 1 1 1 1
 0.975136 1 1 1 1
 0.975136 1 1 1 1
 0.975136 1 1 1 1
 0.975136 1 1 1 1
 0.975136 1 1 1 1
 0.975136 1 1 1 1
 0.975136 1 1 1 1
 0.975136 1 1 1 1
 0.975136 1 1 1 1
pf_obs 
 0.8446 0.082 0.0669 0.0065 0
 0.8095 0.147 0.0364 0.0071 0
 0.9664 0.0169 0.016 0.0007 0
 0.9276 0.0648 0.0075 0.0001 0
 0.7033 0.2144 0.0806 0.0017 0
 0.9318 0.0425 0.0243 0.0014 0
 0.5671 0.3108 0.0964 0.0239 0.0018
 0.0768 0.2599 0.5324 0.112 0.0189
 0.490249 0.384438 0.106611 0.0170017 0.00170017
 0.7925 0.1577 0.0466 0.003 0.0002
 0.840416 0.127587 0.0312969 0.00059994 9.999e-05
 0.8084 0.0986 0.0794 0.0134 0.0002
 0.7335 0.1905 0.0724 0.0035 0.0001
 0.4001 0.4547 0.1325 0.0127 0
 0.49795 0.308269 0.164784 0.0264974 0.00249975
 0.9179 0.0499 0.0305 0.0017 0
 0.2467 0.6533 0.0926 0.0074 0
 0.9418 0.0223 0.034 0.0019 0
 0.707729 0.231977 0.0356964 0.0245975 0
 0.517169 0.277429 0.184464 0.0207286 0.00020938
 0.811772 0.124168 0.05621 0.00726502 0.000585176
 0.764997 0.148141 0.077277 0.00933861 0.000247198
 0.163321 0.427699 0.378323 0.0303852 0.000271297
 0.753843 0.0900009 0.118128 0.0371064 0.000921714
 0.721811 0.176058 0.0630433 0.0369309 0.00215725
 0.143369 0.312575 0.442814 0.0836902 0.0175525
 0.692698 0.0596174 0.167031 0.0765114 0.00414204
 0.394062 0.376323 0.152708 0.0712218 0.00568511
 0.125707 0.32114 0.495352 0.0537591 0.00404204
 0.23352 0.215282 0.420074 0.123614 0.00750983
 0.774587 0.0839891 0.0768558 0.0609784 0.00358967
pf_pred 
 0.492696 0.14464 0.338617 0.0240452 9.0147e-07
 0.433265 0.333812 0.0675792 0.154394 0.0109497
 0.590417 0.220053 0.112922 0.0222495 0.054358
 0.731244 0.184585 0.0458011 0.0228749 0.0154952
 0.665861 0.270938 0.0438246 0.0105512 0.00882481
 0.767951 0.172469 0.0485338 0.00766273 0.00338342
 0.46092 0.448876 0.0675028 0.0184968 0.00420374
 0.459769 0.315528 0.188162 0.0273578 0.00918343
 0.558586 0.243655 0.11664 0.0679418 0.0131776
 0.744317 0.170614 0.0476048 0.0221116 0.0153529
 0.847318 0.126478 0.0176871 0.00477007 0.00374702
 0.757744 0.215469 0.0222819 0.00304208 0.00146297
 0.703425 0.247227 0.044045 0.00441207 0.000890509
 0.656221 0.271888 0.0602389 0.0104016 0.00125014
 0.76834 0.178794 0.0421536 0.00897904 0.00173309
 0.945997 0.0456982 0.00646006 0.00147179 0.000373323
 0.36377 0.614091 0.018824 0.00258013 0.000735707
 0.918311 0.0378641 0.0423405 0.00126264 0.000222083
 0.579358 0.397425 0.0109179 0.0118829 0.000416083
 0.627733 0.253552 0.112347 0.00299677 0.00337052
 0.739559 0.18839 0.0495251 0.0213193 0.00120635
 0.756179 0.197883 0.0334831 0.00856529 0.00389008
 0.310524 0.570241 0.0972971 0.0159963 0.00594117
 0.745658 0.101741 0.126772 0.0210819 0.00474669
 0.628632 0.302078 0.0281414 0.034192 0.00695682
 0.423561 0.411209 0.135047 0.0122685 0.017915
 0.732689 0.138337 0.0926521 0.0296947 0.00662797
 0.687879 0.250458 0.0323042 0.0210982 0.00825997
 0.335791 0.506574 0.127116 0.0159987 0.0145204
 0.407947 0.250942 0.261659 0.0640858 0.0153659
 0.828497 0.0871734 0.0362839 0.0368667 0.0111788
pobs_RECLAS
 0 0 0 0 0
 0 0 0 0 0
 0 0 0 0 0
 0 0 0 0 0
 0 0 0 0 0
 0 0 0 0 0
 0 0 0 0 0
 0 0 0 0 0
 0 0 0 0 0
 0 0 0 0 0
 0.991045 0.00858322 0.000360255 1.14367e-05 0
 0.934742 0.0480273 0.0164251 0.00080598 0
 0.827803 0.169806 0.00239088 0 0
 0.941827 0.0461693 0.0120037 0 0
 0.791401 0.0380133 0.147996 0.0225897 0
 0.846168 0.0940531 0.0597789 0 0
 0.134021 0.677848 0.182769 0.00536245 0
 0.80878 0.0450904 0.141981 0.00414843 0
 0.846168 0.0940531 0.0597789 0 0
 0.905697 0.0802665 0.012482 0.00150086 5.37128e-05
 0.989698 0.0102097 9.19794e-05 0 0
 0.975433 0.0193895 0.00387452 0.00125025 5.28907e-05
 0.303575 0.632131 0.0575291 0.00676475 0
 0.966965 0.00978017 0.0227588 0.000495775 0
 0.843318 0.132988 0.00938335 0.0141283 0.000182051
 0.564624 0.303363 0.111486 0.0197234 0.00080311
 0.826376 0.0876187 0.0782897 0.00655872 0.00115652
 0.89761 0.0855135 0.0140674 0.00269457 0.000114338
 0.34875 0.467042 0.161289 0.0227151 0.000203297
 0.318654 0.224769 0.449479 0.00709798 0
 0.937255 0.0296025 0.0250945 0.00804832 0
ppred_RECLAS
 0.58534 0.120178 0.274979 0.0195024 7.31112e-07
 0.526445 0.281713 0.0557096 0.127118 0.0090146
 0.6772 0.175349 0.0878976 0.0172972 0.0422562
 0.799374 0.138858 0.0336304 0.0167747 0.0113623
 0.740968 0.210954 0.0333509 0.0080198 0.00670714
 0.827134 0.129254 0.0355347 0.00560341 0.00247398
 0.558055 0.369556 0.0541904 0.0148291 0.00336994
 0.5507 0.264915 0.154431 0.0224264 0.00752759
 0.650072 0.195289 0.0912555 0.0530873 0.0102958
 0.812096 0.126462 0.034404 0.0159585 0.0110798
 0.888351 0.0928525 0.0126922 0.00341882 0.0026854
 0.820765 0.15985 0.0161283 0.00219906 0.00105748
 0.776223 0.187298 0.0325634 0.00325769 0.00065747
 0.742245 0.205001 0.0442144 0.00762364 0.000916195
 0.830825 0.131326 0.0301885 0.0064217 0.0012394
 0.962407 0.031931 0.00440515 0.00100232 0.000254223
 0.452011 0.529352 0.0158487 0.0021696 0.000618605
 0.942475 0.0269998 0.0294926 0.000878404 0.000154491
 0.666559 0.315462 0.00846069 0.00919671 0.000322003
 0.710885 0.198415 0.0858419 0.00228684 0.00257188
 0.804567 0.142295 0.0365391 0.0157095 0.000888861
 0.81843 0.148028 0.0244567 0.00624831 0.00283759
 0.393459 0.503663 0.0839695 0.0137881 0.0051207
 0.809866 0.0771215 0.0939042 0.0155968 0.00351149
 0.708952 0.237787 0.0216472 0.0262692 0.00534448
 0.514023 0.348964 0.11201 0.0101633 0.0148398
 0.798856 0.10527 0.068898 0.0220544 0.00492232
 0.760026 0.193453 0.0243861 0.0159073 0.00622734
 0.420826 0.444128 0.108926 0.0136927 0.0124266
 0.500575 0.214551 0.218584 0.0534698 0.0128196
 0.875362 0.0641004 0.026066 0.0264518 0.00802024
pobs_PELACES
 0 0 0 0 0
 0 0 0 0 0
 0 0 0 0 0
 0 0 0 0 0
 0 0 0 0 0
 0 0 0 0 0
 0 0 0 0 0
 0 0 0 0 0
 0 0 0 0 0
 0 0 0 0 0
 0 0 0 0 0
 0 0 0 0 0
 0 0 0 0 0
 0 0 0 0 0
 0 0 0 0 0
 0 0 0 0 0
 0.505614 0.472636 0.0217494 0 0
 0 0 0 0 0
 0.443492 0.261883 0.143347 0.151278 0
 0.227955 0.32914 0.350689 0.0885471 0.00366901
 0.970185 0.0296113 0.000203453 0 0
 0.997202 0.00247181 0.000326279 0 0
 0.445219 0.490057 0.0546422 0.010081 0
 0.90214 0.0892962 0.00764917 0.000914606 0
 0 0 0 0 0
 0.581667 0.319106 0.0959925 0.00289975 0.000334073
 0.762889 0.0836404 0.116647 0.0363945 0.000428098
 0.88444 0.0763242 0.0277011 0.0115352 0
 0.521256 0.241999 0.230069 0.00667565 0
 0.616807 0.101726 0.260614 0.0208532 0
 0.833518 0.0704572 0.0857862 0.0102388 0
ppred_PELACES
 0.584781 0.120482 0.275219 0.0195177 7.3168e-07
 0.530487 0.279669 0.055136 0.125788 0.00892022
 0.680624 0.173734 0.0868254 0.0170834 0.0417336
 0.805224 0.135006 0.0325463 0.0162299 0.0109931
 0.740095 0.211727 0.0334211 0.008036 0.00672066
 0.828722 0.128155 0.0351368 0.00553985 0.0024459
 0.572529 0.357829 0.0521387 0.0142627 0.00324118
 0.548209 0.266507 0.155185 0.0225346 0.00756385
 0.658179 0.191154 0.088921 0.0517166 0.0100299
 0.821322 0.120513 0.032574 0.0151044 0.0104866
 0.887656 0.0934526 0.0127567 0.00343594 0.00269884
 0.827337 0.154079 0.0154631 0.00210776 0.00101356
 0.783254 0.181562 0.0314088 0.00314135 0.00063398
 0.759319 0.191767 0.040999 0.00706589 0.000849145
 0.839247 0.12497 0.0285417 0.00606927 0.00117136
 0.963831 0.0307452 0.00422068 0.000960092 0.000243509
 0.456446 0.525127 0.0156706 0.00214485 0.000611541
 0.94332 0.0266455 0.0290183 0.000864137 0.00015198
 0.673265 0.309189 0.00825748 0.00897378 0.000314194
 0.716597 0.194737 0.0839173 0.00223509 0.00251366
 0.80718 0.140515 0.0359689 0.0154617 0.000874835
 0.822402 0.144896 0.0238454 0.00609083 0.00276604
 0.394925 0.502649 0.0836026 0.0137262 0.00509764
 0.810436 0.0769878 0.0935436 0.0155352 0.00349758
 0.709478 0.237451 0.0215715 0.0261744 0.00532515
 0.513362 0.349607 0.112027 0.0101639 0.0148407
 0.799397 0.105093 0.0686379 0.0219687 0.00490316
 0.759676 0.193803 0.0243874 0.0159067 0.00622706
 0.419857 0.445038 0.108976 0.0136977 0.0124312
 0.502644 0.213965 0.217454 0.0531862 0.0127515
 0.876585 0.0635565 0.0257755 0.0261533 0.00792967
pobs_pel_tallas
 0 0 0 0 0 0 0 0 0 0 0 0 0 0 0 0 0 0 0 0 0 0 0 0 0 0
 0 0 0 0 0 0 0 0 0 0 0 0 0 0 0 0 0 0 0 0 0 0 0 0 0 0
 0 0 0 0 0 0 0 0 0 0 0 0 0 0 0 0 0 0 0 0 0 0 0 0 0 0
 0 0 0 0 0 0 0 0 0 0 0 0 0 0 0 0 0 0 0 0 0 0 0 0 0 0
 0 0 0 0 0 0 0 0 0 0 0 0 0 0 0 0 0 0 0 0 0 0 0 0 0 0
 0 0 0 0 0 0 0 0 0 0 0 0 0 0 0 0 0 0 0 0 0 0 0 0 0 0
 0 0 0 0 0 0 0 0 0 0 0 0 0 0 0 0 0 0 0 0 0 0 0 0 0 0
 0 0 0 0 0 0 0 0 0 0 0 0 0 0 0 0 0 0 0 0 0 0 0 0 0 0
 0 0 0 0 0 0 0 0 0 0 0 0 0 0 0 0 0 0 0 0 0 0 0 0 0 0
 0 0 0 0 0 0 0 0 0 0 0 0 0 0 0 0 0 0 0 0 0 0 0 0 0 0
 0 0 0 0 0 0 0 0 0 0 0 0 0 0 0 0 0 0 0 0 0 0 0 0 0 0
 0 0 0 0 0 0 0 0 0 0 0 0 0 0 0 0 0 0 0 0 0 0 0 0 0 0
 0.00862536 0 0 0.000197151 0.00414017 0.0128641 0.00837892 0.0270097 0.101434 0.158115 0.152841 0.127902 0.109271 0.109419 0.0830992 0.0579132 0.0238553 0.00714673 0.00463305 0.00128148 0.00103504 0.000492878 0.000147863 0.000147863 4.92878e-05 0
 0 0 0 0 0 0 0 0 0 0 0 0 0 0 0 0 0 0 0 0 0 0 0 0 0 0
 0 0 0 0 0 0 0 0.0054083 0.00873648 0.0413646 0.0450493 0.0745869 0.0622846 0.0627006 0.0613931 0.0827291 0.12552 0.122667 0.0946155 0.0697135 0.0546179 0.0294188 0.0215738 0.0213955 0.0102223 0.00600262
 0 0 0 0 0.00359764 0.0251062 0.0480494 0.140153 0.205849 0.193036 0.1447 0.116669 0.0760912 0.0342217 0.00950174 0.001854 0.000860785 0 0 0 0.000165536 0 0.000143464 0 0 0
 0 0 0 0 0 0 0 0.000145254 0.000435761 0.0275982 0.070085 0.0708112 0.156366 0.174668 0.174014 0.160142 0.0824315 0.0480064 0.0283245 0.00493863 0.00203355 0 0 0 0 0
 0 0 0 0 0 0 0 0 0 0 0 0 0 0 0 0 0 0 0 0 0 0 0 0 0 0
 0 0 1.00437e-05 0.000401748 0.00122533 0.00171747 0.00176769 0.0269171 0.070346 0.194647 0.189555 0.159765 0.064822 0.0314167 0.0384472 0.0292271 0.0345202 0.0313363 0.0194345 0.0106764 0.0143323 0.0359363 0.0279516 0.0138201 0.00172751 0
 0 0.0021121 0.0136068 0.0755702 0.200478 0.177729 0.0527432 0.0373336 0.0318909 0.0142505 0.0149659 0.0166563 0.0217959 0.0798694 0.0677717 0.0528807 0.04013 0.0224614 0.0357745 0.0225083 0.00881397 0.00855152 0.00135912 0.000746735 0 0
 0 0 0 0 5.4009e-05 0.00500934 0.000945158 0.0243581 0.138947 0.33067 0.221406 0.137944 0.0707744 0.0437923 0.0131692 0.00525238 0.0047753 0.00276346 9.45158e-05 9.00151e-06 2.25038e-05 9.00151e-06 4.50075e-06 0 0 0
 0.000866109 0.00284123 0.00948549 0.0512746 0.133035 0.25785 0.225252 0.132002 0.0553304 0.0519788 0.0540692 0.017754 0.00435017 0.00159236 0.00146478 0.000404838 0.000125132 0.000115318 0.000107957 0.000100596 0 0 0 0 0 0
 0 0 0 0 0.00144013 0.00171154 0.00461396 0.0210425 0.0478622 0.0707936 0.0888783 0.103762 0.0637923 0.0337046 0.0602308 0.124433 0.169614 0.0934646 0.0462172 0.0250306 0.0313229 0.00938855 0.002487 0.000210481 0 0
 0 0.00764035 0.051015 0.0998891 0.058973 0.0496711 0.0374665 0.0718981 0.12319 0.153886 0.159021 0.0857701 0.0377988 0.023471 0.0147837 0.00900784 0.00315554 0.000888139 0.00291439 0.00214683 0.00393193 0.00274676 0.000635225 9.99891e-05 0 0
 0 0 0 0 0 0 0 0 0 0 0 0 0 0 0 0 0 0 0 0 0 0 0 0 0 0
 0 0 0 0 0 0 0 0 0 0 0 0 0 0 0 0 0 0 0 0 0 0 0 0 0 0
 0 0 0 0 0 0 0 0 0 0 0 0 0 0 0 0 0 0 0 0 0 0 0 0 0 0
 0 0 0 0 0 0 0 0 0 0 0 0 0 0 0 0 0 0 0 0 0 0 0 0 0 0
 0 0 0 0 0 0 0 0 0 0 0 0 0 0 0 0 0 0 0 0 0 0 0 0 0 0
 0 0 0 0 0 0 0 0 0 0 0 0 0 0 0 0 0 0 0 0 0 0 0 0 0 0
 0 0 0 0 0 0 0 0 0 0 0 0 0 0 0 0 0 0 0 0 0 0 0 0 0 0
ppred_pel_tallas
 1.09931e-16 4.81676e-05 0.000468207 0.0031114 0.014144 0.0440072 0.0937625 0.136852 0.136864 0.0938214 0.0442062 0.0147237 0.00458606 0.0037514 0.00647071 0.0111082 0.0171284 0.0238896 0.0306817 0.0370382 0.0427608 0.0475699 0.0507611 0.051321 0.0485056 0.0424196
 1.15787e-16 4.36956e-05 0.000424737 0.00282253 0.0128308 0.0399216 0.0850581 0.12415 0.124178 0.0851902 0.0403652 0.0141133 0.00604561 0.0074743 0.0134741 0.0223233 0.0324473 0.0414722 0.0470619 0.0482814 0.0461969 0.0431172 0.0410543 0.0405965 0.0408889 0.040468
 1.11326e-16 5.60621e-05 0.000544944 0.00362134 0.0164621 0.0512198 0.10913 0.159282 0.159299 0.109212 0.0514968 0.0172636 0.00563858 0.0049667 0.00850754 0.0141186 0.0206727 0.0267244 0.0308452 0.0324109 0.0319505 0.030696 0.0297049 0.0292604 0.0289195 0.0279967
 1.04462e-16 6.63253e-05 0.000644706 0.0042843 0.0194758 0.0605965 0.129108 0.188439 0.188452 0.129171 0.0608105 0.0200944 0.00583853 0.00404233 0.00653321 0.0107338 0.0155482 0.019753 0.0221552 0.0222245 0.0204056 0.0177924 0.0154303 0.0137935 0.0127458 0.0118603
 1.02962e-16 6.09607e-05 0.00059256 0.00393777 0.0179005 0.0556953 0.118666 0.1732 0.173221 0.118765 0.0560303 0.0188681 0.00636677 0.00589625 0.0101371 0.0166716 0.0240326 0.0302705 0.0334404 0.0326493 0.0285808 0.0230187 0.017764 0.0137914 0.0111332 0.00931027
 1.02017e-16 6.82608e-05 0.000663519 0.00440932 0.0200441 0.0623648 0.132875 0.193938 0.19395 0.132936 0.062568 0.0206314 0.00588484 0.00388891 0.00620646 0.0101853 0.0147422 0.018698 0.020894 0.0207884 0.018757 0.0158017 0.0129125 0.0105934 0.00883022 0.00736865
 1.03575e-16 4.71585e-05 0.000458398 0.00304622 0.0138477 0.0430854 0.0917994 0.133991 0.134026 0.0919679 0.0436513 0.0154823 0.00714942 0.00941627 0.0170614 0.0281356 0.040536 0.0509964 0.0562149 0.0546647 0.0474926 0.0377201 0.0284182 0.0212809 0.0164216 0.0130895
 1.08087e-16 4.51553e-05 0.000438926 0.00291682 0.0132595 0.0412552 0.0878995 0.128297 0.128323 0.0880261 0.0416806 0.0144904 0.00601568 0.0072337 0.0130374 0.0217112 0.0318056 0.0411115 0.0473706 0.0494911 0.048086 0.0448308 0.041214 0.0377357 0.0340509 0.0296731
 1.09499e-16 5.42134e-05 0.000526973 0.00350192 0.0159192 0.0495308 0.105531 0.15403 0.154048 0.105622 0.0498354 0.0168007 0.00572018 0.0053886 0.00934427 0.0155135 0.0227031 0.0293223 0.0337912 0.0354107 0.0347427 0.0331126 0.0316447 0.0306184 0.0295474 0.02774
 1.04261e-16 6.76512e-05 0.000657594 0.00436994 0.0198651 0.0618079 0.131689 0.192206 0.192218 0.131746 0.0619991 0.0204178 0.00575868 0.00369437 0.00585045 0.00960619 0.0139308 0.0177337 0.0199565 0.0201291 0.0186428 0.0164576 0.0144821 0.0131131 0.0122112 0.0113908
 1.01194e-16 7.31151e-05 0.000710704 0.00472288 0.0214695 0.0667998 0.142324 0.207728 0.207737 0.142368 0.0669475 0.0218964 0.00579427 0.00304955 0.00451506 0.0073488 0.0105799 0.0133069 0.014665 0.0142587 0.0123938 0.00986714 0.00748702 0.00569679 0.00451858 0.00374048
 1.00869e-16 6.81467e-05 0.00066241 0.00440195 0.0200106 0.0622606 0.132653 0.193614 0.193629 0.132726 0.062504 0.0207136 0.00616588 0.00451127 0.00737247 0.0120661 0.0173415 0.0217355 0.0238051 0.0228828 0.0194713 0.0149058 0.0105651 0.00724281 0.00503914 0.00365147
 1.01376e-16 6.45156e-05 0.000627115 0.0041674 0.0189444 0.0589432 0.125585 0.183299 0.183317 0.125671 0.0592304 0.0197742 0.00625069 0.00517606 0.00870691 0.0143 0.0206106 0.0259517 0.0286433 0.0278998 0.0242825 0.0192974 0.0144803 0.0106877 0.00800149 0.00608853
 1.02085e-16 6.25442e-05 0.000607952 0.00404005 0.0183655 0.057142 0.121748 0.177698 0.177717 0.121838 0.0574457 0.019243 0.00624358 0.00542165 0.00921448 0.0151599 0.0218914 0.0276505 0.0306821 0.0301655 0.0266815 0.0217821 0.0170282 0.0132575 0.0105063 0.00840753
 1.01663e-16 6.91277e-05 0.000671946 0.00446532 0.0202987 0.0631568 0.134563 0.196401 0.196413 0.134622 0.0633548 0.0208708 0.00590213 0.00381131 0.00603955 0.00989656 0.0142994 0.0180856 0.0201158 0.01986 0.0176961 0.0146277 0.0116562 0.00930677 0.00758341 0.00623376
 1.00268e-16 7.93895e-05 0.000771694 0.00512818 0.0233119 0.0725321 0.154537 0.225553 0.225556 0.154552 0.0725807 0.0234524 0.00548061 0.00154102 0.00154037 0.00242055 0.00347834 0.00437205 0.00481248 0.00466755 0.00403589 0.00317832 0.00236109 0.00173285 0.00130625 0.00101857
 1.00906e-16 3.75969e-05 0.000365456 0.00242858 0.01104 0.0343499 0.0731879 0.10683 0.106881 0.0734347 0.0351782 0.0134314 0.00842655 0.0134433 0.0248285 0.0408653 0.0585783 0.0730604 0.0793367 0.0751128 0.0621738 0.0452511 0.0293012 0.0172819 0.00968851 0.00548641
 1.00957e-16 7.77e-05 0.000755272 0.00501905 0.0228159 0.0709886 0.151249 0.220753 0.220755 0.151262 0.0710316 0.0229404 0.00533352 0.0014479 0.00141104 0.00225625 0.00335034 0.00443587 0.00529884 0.00582656 0.00604479 0.00605189 0.00591115 0.00560316 0.00507226 0.00430931
 1.01271e-16 5.5456e-05 0.000539053 0.00358219 0.0162842 0.0506662 0.107951 0.157564 0.157593 0.108096 0.051154 0.0176923 0.0071141 0.00824035 0.0146556 0.0240731 0.0345147 0.0430729 0.0468295 0.0444495 0.0369988 0.0272685 0.0181636 0.011389 0.00718092 0.00487209
 1.03122e-16 5.90251e-05 0.000573745 0.00381274 0.0173322 0.0539269 0.114898 0.167701 0.167719 0.11499 0.0542367 0.0182279 0.0060651 0.00550406 0.00946163 0.0156497 0.0227717 0.0291175 0.0329604 0.0334636 0.0311133 0.0272757 0.0232694 0.0197198 0.0165794 0.0135719
 1.02773e-16 6.64864e-05 0.000646271 0.0042947 0.0195231 0.0607436 0.129421 0.188897 0.188911 0.129488 0.0609664 0.020167 0.00591239 0.00418247 0.00679648 0.011168 0.0161698 0.0205214 0.0229639 0.0229185 0.0208144 0.0177601 0.014834 0.0125577 0.0108632 0.00941379
 1.01805e-16 6.77402e-05 0.000658459 0.00437569 0.0198913 0.0618892 0.131862 0.192459 0.192473 0.13193 0.0621184 0.0205535 0.00603829 0.00428891 0.00696556 0.011416 0.0164568 0.0207335 0.0229132 0.0223815 0.0196006 0.015783 0.0121532 0.00937505 0.00747551 0.00614015
 1.04781e-16 3.25295e-05 0.000316199 0.00210125 0.00955203 0.0297202 0.0633237 0.092433 0.0924815 0.0635606 0.0305154 0.0118492 0.00786824 0.0129084 0.0239555 0.0395726 0.05705 0.0718377 0.0793039 0.0772924 0.0673809 0.0537623 0.0406981 0.0305405 0.0234655 0.0184784
 1.0487e-16 6.67545e-05 0.000648878 0.00431202 0.0196018 0.0609886 0.129943 0.189657 0.189665 0.12998 0.0611131 0.0199632 0.00522548 0.00266425 0.00395681 0.00659905 0.00988101 0.0132228 0.0160595 0.018101 0.019428 0.0202825 0.0207498 0.0206359 0.0196363 0.0176186
 1.0421e-16 5.84388e-05 0.000568046 0.00377487 0.01716 0.0533913 0.113757 0.166036 0.166059 0.113868 0.0537666 0.0182438 0.00649479 0.00650437 0.0113292 0.0186297 0.0268177 0.0337063 0.03712 0.036087 0.0314344 0.0252398 0.019584 0.0155655 0.0131473 0.0116568
 1.06854e-16 4.2285e-05 0.000411025 0.00273141 0.0124166 0.0386329 0.0823126 0.120145 0.120179 0.0824778 0.0391877 0.0140206 0.00676238 0.00922636 0.0168302 0.0278766 0.0404324 0.0514274 0.0577378 0.0578949 0.0528987 0.045415 0.0380503 0.0320874 0.0274293 0.0233751
 1.05041e-16 6.58453e-05 0.00064004 0.00425329 0.0193348 0.0601579 0.128173 0.187075 0.187085 0.128223 0.060326 0.0198215 0.00547925 0.00333111 0.00522025 0.00864051 0.0127102 0.0165526 0.0193127 0.0205923 0.0206421 0.0200897 0.0194393 0.0187668 0.0178053 0.0162627
 1.03403e-16 6.25735e-05 0.000608237 0.00404195 0.0183741 0.0571688 0.121805 0.177782 0.1778 0.121896 0.0574753 0.0192593 0.00626391 0.00545906 0.00927615 0.0152397 0.0219576 0.0276398 0.0305129 0.0297769 0.0260866 0.0211066 0.0165046 0.0131616 0.0110587 0.00968232
 1.06736e-16 3.45832e-05 0.000336161 0.00223391 0.0101551 0.0315964 0.067321 0.098266 0.098309 0.067531 0.0323016 0.012193 0.00735294 0.0115226 0.0213133 0.0352684 0.0510068 0.0645689 0.0719208 0.0711774 0.0636756 0.0529665 0.0425882 0.0343861 0.0283612 0.0236134
 1.13822e-16 4.14021e-05 0.000402443 0.00267438 0.0121574 0.0378261 0.0805934 0.117633 0.117654 0.0806958 0.0381709 0.0131571 0.00519901 0.00596353 0.0107495 0.0180897 0.0269559 0.0357911 0.0429949 0.047787 0.0505155 0.052073 0.0529516 0.052796 0.0507771 0.0463508
 1.04725e-16 7.22032e-05 0.00070184 0.00466398 0.0212018 0.0659666 0.140549 0.205137 0.205143 0.140579 0.0660679 0.0214947 0.00540126 0.00231773 0.00316039 0.0051626 0.00755647 0.00977965 0.0113224 0.0119811 0.0119778 0.0117811 0.0117669 0.0119867 0.0121915 0.0120379
pSPR Fmed_Fpbrs
0.505591   0.238628 0.238628
Fs Fmed_Fpbrs
0.415946   1.005 1.005
SSBpbr Bo_Bmed_Bpbrs
1.43578e+06  654129  270828 270828
Ro
130614
SPR SPRFo_SPRFmed_SPRFpbrs
933618 472029 222787
Fref
1.005
Nvult_r0
 143190 11504.4 4710.4 4781.88 1449.9
CTP_r0
 28888.9 3039.65 1265.18 1285.5 389.792
YTP_r0
391291
Np
 165090 57277.7 3977.08 1610.69 2050.39
Nvult_p0
 134652 49381.3 3440.85 1393.78 1774.28
CTP_p0
 55014.9 24460.2 1723.63 698.605 889.352
YTP_p0
 899156
CBA_c0
543650
log_Ro
11.6
likeval ReclasPelacesDesembMPH_pf_preclas_ppelaces_ptallas_desvR_qrecl_qpela
 12.2424 16.9699 0.0281621 0.000823832 241.727 116.798 99.6228 0 24.5181 6.47847e-06 1.78976e-05 0.137629 0 0 0
q_reclas_q_pelaces
1.4343 1.82555
M
1
N
 165773 35172.5 80680.9 5722.93 0.214544
 91733.5 52164.6 10363.8 23653.9 1677.45
 91964.5 25280.4 12730.4 2505.81 6121.66
 133710 25460.2 6209.71 3098.55 2098.83
 108283 31793 5038.2 1211.68 1013.36
 208607 34406.7 9498.28 1498.1 661.44
 79059.6 59373.7 8790.52 2406.75 546.954
 32519.3 15994.8 9339.94 1356.46 455.309
 32770.6 10764.9 5064.75 2947.47 571.649
 44532.6 7883.83 2165.94 1005.22 697.93
 82906.6 8904.56 1219.71 328.584 258.097
 123777 26800.5 2726.08 371.858 178.823
 103310 27520.6 4821.02 482.499 97.3805
 72270.9 23747.4 5190.33 895.581 107.633
 64772.9 11643.4 2702.98 575.282 111.034
 353483 12932 1797.46 409.148 103.776
 65385.7 81723 2458.98 336.711 96.0057
 580637 17654.1 19372 577.115 101.502
 312802 160972 4345 4724.62 165.425
 255969 77286.7 33638.9 896.436 1008.19
 344348 64805.6 16720.3 7190.49 406.853
 482227 94284 15670.4 4004.82 1818.77
 91329.1 122515 20498.8 3366.63 1250.33
 270832 26892.7 32849.9 5457.08 1228.62
 233600 81664 7457.96 9051.9 1841.63
 100549 70580.5 22712.7 2061.14 3009.58
 229703 31558.6 20720.8 6633.93 1480.64
 262991 69305.2 8759.6 5714.82 2237.23
 75314.9 82033.4 20168 2535.57 2301.14
 53003.8 23847.9 24386.6 5966.6 1430.54
 200468 15481.5 6321.09 6416.06 1945.38
pred_Ctot
 15349.4 4506.13 10549.3 749.104 0.0280844
 14893.5 11474.8 2323.03 5307.3 376.395
 14721.3 5486.74 2815.56 554.761 1355.34
 30964.8 7816.32 1939.47 968.647 656.153
 9439.49 3840.92 621.274 149.578 125.104
 30473.8 6843.92 1925.92 304.072 134.261
 23598.5 22981.9 3456.06 947.014 215.226
 2076.84 1425.29 849.955 123.579 41.4829
 7418.92 3236.13 1549.16 902.377 175.02
 13494.1 3093.16 863.053 400.873 278.342
 6423.59 958.839 134.088 36.1623 28.4065
 32236.9 9166.74 947.942 129.42 62.2395
 25447.7 8943.89 1593.41 159.615 32.2157
 27419.3 11360.5 2517 434.617 52.2354
 19665.2 4576.13 1078.9 229.813 44.3575
 86195.1 4163.82 588.613 134.103 34.0156
 11276.8 19036.8 583.542 79.9841 22.8069
 92542.7 3815.75 4266.86 127.242 22.3804
 67055.3 45998.3 1263.65 1375.34 48.1578
 52000.3 21003.8 9306.65 248.247 279.208
 57015.6 14523.7 3818.09 1643.59 93.0024
 97182.4 25431.5 4303.17 1100.79 499.945
 11732.6 21545.5 3676.19 604.391 224.476
 31381.2 4281.81 5335.23 887.235 199.766
 26812.9 12884.5 1200.31 1458.38 296.728
 9454.06 9178.35 3014.3 273.839 399.87
 26539.6 5010.86 3356.07 1075.61 240.08
 25628.5 9331.4 1203.57 786.062 307.744
 6712.4 10126.3 2541.03 319.812 290.261
 7034.21 4326.97 4511.77 1105.03 264.953
 28888.9 3039.65 1265.18 1285.5 389.792
F
 0.156214 0.221948 0.226975 0.227246 0.22726
 0.288859 0.410409 0.419704 0.420205 0.420232
 0.284287 0.403914 0.413062 0.413555 0.413581
 0.436422 0.620066 0.634109 0.634866 0.634906
 0.146493 0.208136 0.21285 0.213104 0.213118
 0.256601 0.364577 0.372834 0.373279 0.373302
 0.597941 0.849551 0.868792 0.869829 0.869884
 0.105544 0.149956 0.153352 0.153535 0.153545
 0.424718 0.603437 0.617104 0.617841 0.617879
 0.609658 0.866198 0.885816 0.886873 0.886929
 0.129293 0.183698 0.187859 0.188083 0.188095
 0.503548 0.715437 0.731641 0.732514 0.73256
 0.470256 0.668136 0.683268 0.684084 0.684127
 0.825681 1.17312 1.19969 1.20112 1.2012
 0.611183 0.868364 0.888032 0.889091 0.889147
 0.464501 0.65996 0.674907 0.675712 0.675755
 0.309338 0.439505 0.449459 0.449996 0.450024
 0.282899 0.401941 0.411044 0.411534 0.41156
 0.398049 0.565545 0.578354 0.579044 0.57908
 0.373664 0.530899 0.542923 0.543571 0.543606
 0.295343 0.419621 0.429125 0.429637 0.429664
 0.370178 0.525946 0.537858 0.5385 0.538534
 0.222614 0.316288 0.323452 0.323838 0.323858
 0.198884 0.282573 0.288973 0.289318 0.289336
 0.196855 0.27969 0.286025 0.286366 0.286384
 0.158796 0.225616 0.230725 0.231001 0.231015
 0.198267 0.281696 0.288076 0.28842 0.288438
 0.164994 0.234423 0.239732 0.240018 0.240034
 0.149982 0.213094 0.21792 0.21818 0.218194
 0.23072 0.327805 0.335229 0.335629 0.335651
 0.252743 0.359095 0.367228 0.367667 0.36769
YTP_r0W_actual
 245555 49546.3 36563.7 44735.5 14890.1
YTP_p0W_proyectada
 413712 394299 40298.5 20608.8 30238
CTP_r0_actual
 28888.9 3039.65 1265.18 1285.5 389.792
CTP_p0_proyectada
 55014.9 24460.2 1723.63 698.605 889.352
Wmedp
 7.52 16.12 23.38 29.5 34
Frms_r0
 0.252743 0.359095 0.367228 0.367667 0.36769
Zrms_r0
 1.25274 1.3591 1.36723 1.36767 1.36769
nmprior
 8.19 8.8 8.5 0
nm_flota  nm_reclas  nm_pelaces    nm_pelaL
inf 14.374 20.0164 49.1814
cv_recla  cv_pelaces  cv_mph
0.316489 0.467103 0.885778
 ------------------------------------------------
Talla a la edad & desviaci?n 
 8 13.2811 15.8009 17.003 17.5766
 0.8 1.32811 1.58009 1.7003 1.75766
