years
 1991 1992 1993 1994 1995 1996 1997 1998 1999 2000 2001 2002 2003 2004 2005 2006 2007 2008 2009 2010 2011 2012 2013 2014 2015 2016 2017 2018 2019 2020 2021
reclasobs
 0 0 0 0 0 0 0 0 0 252601 567819 844713 477998 351125 339783 2.1784e+06 2.13404e+06 4.81314e+06 1.55562e+06 2.62356e+06 3.21686e+06 3.843e+06 1.13348e+06 3.07943e+06 1.97215e+06 2.03268e+06 2.025e+06 2.42433e+06 2.27542e+06 1.05018e+06 2.36338e+06
reclaspred
 1.63359e+06 861737 411597 131339 23494.1 414121 195015 12086.1 114495 152797 277567 379250 350834 183852 201556 727022 1.18797e+06 1.57387e+06 1.85414e+06 1.26361e+06 1.9968e+06 2.00406e+06 1.6634e+06 2.14703e+06 1.96454e+06 1.37852e+06 1.18752e+06 1.64492e+06 1.93699e+06 860419 858383
pelacesobs
 0 0 0 0 0 0 0 0 0 0 0 0 0 0 0 552880 188675 0 991730 2.46772e+06 1.41603e+06 1.21717e+06 2.29649e+06 1.80582e+06 0 1.4828e+06 1.56532e+06 1.57751e+06 1.42118e+06 867257 1.10002e+06
pelacespred
 691690 391271 184396 37182.4 4472.37 178568 50036.6 2441.3 42729 59570.2 129293 140542 146989 68122.7 88376.6 287052 473669 677771 890364 591139 843957 925591 749707 1.08326e+06 1.00108e+06 671477 649150 896663 868185 463104 434422
mphobs
 0 0 0 0 0 0 0 0 0 0 0 498337 0 5186 125008 0 168611 109162 213762 579715 649985 157893 87575 83554 0 0 0 0 0 0 0
mphpred
 1.6158e+06 870801 515700 159433 43125.3 7265.24 365653 31758.4 1713.82 95687.3 105600 314402 241273 203033 77684.3 161916 884588 949908 1.1681e+06 1.5069e+06 907617 1.6038e+06 1.68715e+06 1.03607e+06 1.93206e+06 1.39997e+06 789989 900760 1.83516e+06 1.0676e+06 439049
desembarqueobs
 494567 514787 250237 358949 120608 361735 552515 73892 212993 205616 52469 317467 293654 387597 252695 516296 358380 742168 942051 627588 828172 859565 418607 520667 417249 300574 415391 372974 316634 284311 391294
desembarquepred
 495739 516059 249922 357818 120497 361556 551516 73809.6 213042 205729 52597.3 317276 293520 386672 254273 515222 358420 742271 942680 627927 827018 858138 417861 520789 417206 300246 414746 373115 316477 284456 391855
Reclutas
 17150.3 163504 6919.27 56951.8 10493.3 256792 4108.53 1218.04 53091.2 61564 114934 87012.9 116576 50265 75850.6 468696 124741 422874 685171 47430 533557 642994 12514 440422 243313 39256.2 247137 402343 35160.8 19975.8 238278
log_desv_Rt
 -1.5194 0.735423 -2.4271 -0.319209 -2.01068 1.18685 -2.94835 -4.16417 -0.389404 -0.241337 0.382945 0.104642 0.397125 -0.444107 -0.032649 1.78854 0.464822 1.68566 2.16825 -0.50216 1.91815 2.10472 -1.83457 1.72632 1.13293 -0.691306 1.14853 1.63589 -0.801484 -1.3669 1.11202
SSB
 1.6158e+06 870801 515700 159433 43125.3 7265.24 365653 31758.4 1713.82 95687.3 105600 314402 241273 203033 77684.3 161916 884588 949908 1.1681e+06 1.5069e+06 907617 1.6038e+06 1.68715e+06 1.03607e+06 1.93206e+06 1.39997e+06 789989 900760 1.83516e+06 1.0676e+06 439049
BT
 2.02536e+06 1.58951e+06 671985 436106 108677 1.13958e+06 601526 74294.8 384865 412414 529812 685634 774084 628364 617256 1.61708e+06 1.59757e+06 2.92936e+06 4.0133e+06 2.03032e+06 3.7475e+06 3.61337e+06 2.11988e+06 4.43231e+06 3.02247e+06 1.93327e+06 2.68217e+06 3.58852e+06 2.31302e+06 1.41409e+06 2.00507e+06
Ftot
 0.283655 0.546935 0.550615 2.04593 3.05003 0.804752 1.99917 3.27784 1.62649 1.16856 0.179936 0.748489 0.753975 1.67912 1.12011 0.654748 0.282832 0.437641 0.471396 0.456166 0.386633 0.398194 0.235946 0.229315 0.200461 0.205291 0.327467 0.214728 0.15468 0.308372 0.426025
BD_Bspro_t
 0.95563 0.693803 0.511677 0.260386 0.0910754 0.0243569 0.405754 0.0512239 0.00459606 0.219519 0.282925 0.599251 0.422457 0.336807 0.165518 0.290669 0.575429 0.566849 0.576892 0.591269 0.427528 0.563636 0.605214 0.533601 0.702652 0.686943 0.616205 0.669574 0.785674 0.684524 0.525534
BD_Bspro
 2.88866 1.55678 0.921946 0.285027 0.0770974 0.0129885 0.653699 0.0567762 0.00306389 0.171065 0.188787 0.562074 0.431338 0.362973 0.138881 0.289467 1.58143 1.6982 2.08829 2.69398 1.6226 2.8672 3.01621 1.85223 3.45406 2.5028 1.41231 1.61034 3.28081 1.90861 0.784912
BD_Bo
 0.900138 0.485109 0.287288 0.0888173 0.0240244 0.00404735 0.2037 0.0176921 0.000954741 0.0533058 0.0588281 0.175148 0.134409 0.113106 0.0432767 0.090201 0.49279 0.529178 0.650732 0.839472 0.505619 0.893451 0.939883 0.577176 1.07632 0.7799 0.44009 0.501799 1.02234 0.594744 0.244587
BD_Brms
 3.82457 2.06117 1.22065 0.377373 0.102076 0.0171967 0.865492 0.0751713 0.00405657 0.226489 0.249953 0.744182 0.571088 0.480573 0.183877 0.383252 2.0938 2.24841 2.76488 3.5668 2.14831 3.79616 3.99344 2.45234 4.57315 3.31369 1.86989 2.13208 4.34377 2.52699 1.03922
Sel_flota
 0.5 1 1 1 1
 0.5 1 1 1 1
 0.5 1 1 1 1
 0.5 1 1 1 1
 0.5 1 1 1 1
 0.5 1 1 1 1
 0.5 1 1 1 1
 0.5 1 1 1 1
 0.5 1 1 1 1
 0.5 1 1 1 1
 0.5 1 1 1 1
 0.5 1 1 1 1
 0.5 1 1 1 1
 0.5 1 1 1 1
 0.5 1 1 1 1
 0.5 1 1 1 1
 0.5 1 1 1 1
 0.5 1 1 1 1
 0.5 1 1 1 1
 0.5 1 1 1 1
 0.5 1 1 1 1
 0.5 1 1 1 1
 0.5 1 1 1 1
 0.5 1 1 1 1
 0.5 1 1 1 1
 0.5 1 1 1 1
 0.5 1 1 1 1
 0.5 1 1 1 1
 0.5 1 1 1 1
 0.5 1 1 1 1
 0.5 1 1 1 1
Sel_reclas
 0.5 1 1 1 1
 0.5 1 1 1 1
 0.5 1 1 1 1
 0.5 1 1 1 1
 0.5 1 1 1 1
 0.5 1 1 1 1
 0.5 1 1 1 1
 0.5 1 1 1 1
 0.5 1 1 1 1
 0.5 1 1 1 1
 0.5 1 1 1 1
 0.5 1 1 1 1
 0.5 1 1 1 1
 0.5 1 1 1 1
 0.5 1 1 1 1
 0.5 1 1 1 1
 0.5 1 1 1 1
 0.5 1 1 1 1
 0.5 1 1 1 1
 0.5 1 1 1 1
 0.5 1 1 1 1
 0.5 1 1 1 1
 0.5 1 1 1 1
 0.5 1 1 1 1
 0.5 1 1 1 1
 0.5 1 1 1 1
 0.5 1 1 1 1
 0.5 1 1 1 1
 0.5 1 1 1 1
 0.5 1 1 1 1
 0.5 1 1 1 1
Sel_pelaces
 0.5 1 1 1 1
 0.5 1 1 1 1
 0.5 1 1 1 1
 0.5 1 1 1 1
 0.5 1 1 1 1
 0.5 1 1 1 1
 0.5 1 1 1 1
 0.5 1 1 1 1
 0.5 1 1 1 1
 0.5 1 1 1 1
 0.5 1 1 1 1
 0.5 1 1 1 1
 0.5 1 1 1 1
 0.5 1 1 1 1
 0.5 1 1 1 1
 0.5 1 1 1 1
 0.5 1 1 1 1
 0.5 1 1 1 1
 0.5 1 1 1 1
 0.5 1 1 1 1
 0.5 1 1 1 1
 0.5 1 1 1 1
 0.5 1 1 1 1
 0.5 1 1 1 1
 0.5 1 1 1 1
 0.5 1 1 1 1
 0.5 1 1 1 1
 0.5 1 1 1 1
 0.5 1 1 1 1
 0.5 1 1 1 1
 0.5 1 1 1 1
pf_obs 
 0.8446 0.082 0.0669 0.0065 0
 0.8095 0.147 0.0364 0.0071 0
 0.9664 0.0169 0.016 0.0007 0
 0.9276 0.0648 0.0075 0.0001 0
 0.7033 0.2144 0.0806 0.0017 0
 0.9318 0.0425 0.0243 0.0014 0
 0.5671 0.3108 0.0964 0.0239 0.0018
 0.0768 0.2599 0.5324 0.112 0.0189
 0.490249 0.384438 0.106611 0.0170017 0.00170017
 0.7925 0.1577 0.0466 0.003 0.0002
 0.840416 0.127587 0.0312969 0.00059994 9.999e-05
 0.8084 0.0986 0.0794 0.0134 0.0002
 0.7335 0.1905 0.0724 0.0035 0.0001
 0.4001 0.4547 0.1325 0.0127 0
 0.49795 0.308269 0.164784 0.0264974 0.00249975
 0.9179 0.0499 0.0305 0.0017 0
 0.2467 0.6533 0.0926 0.0074 0
 0.9418 0.0223 0.034 0.0019 0
 0.707729 0.231977 0.0356964 0.0245975 0
 0.517169 0.277429 0.184464 0.0207286 0.00020938
 0.811772 0.124168 0.05621 0.00726502 0.000585176
 0.764997 0.148141 0.077277 0.00933861 0.000247198
 0.163321 0.427699 0.378323 0.0303852 0.000271297
 0.753843 0.0900009 0.118128 0.0371064 0.000921714
 0.721811 0.176058 0.0630433 0.0369309 0.00215725
 0.143369 0.312575 0.442814 0.0836902 0.0175525
 0.692698 0.0596174 0.167031 0.0765114 0.00414204
 0.394062 0.376323 0.152708 0.0712218 0.00568511
 0.125707 0.32114 0.495352 0.0537591 0.00404204
 0.23352 0.215282 0.420074 0.123614 0.00750983
 0.796117 0.104755 0.0508955 0.0450114 0.00322123
pf_pred 
 0.0488128 0.866154 0.0389246 0.00310044 0.0430084
 0.625168 0.0376712 0.30702 0.0137974 0.0163439
 0.0628647 0.747636 0.0190449 0.155216 0.0152381
 0.734786 0.0363585 0.182578 0.00465091 0.0416261
 0.489924 0.468387 0.00571517 0.0286994 0.00727426
 0.993451 0.00559664 0.00087429 1.06679e-05 6.71484e-05
 0.0423912 0.955164 0.00208957 0.000326427 2.90537e-05
 0.200272 0.119837 0.678154 0.00148357 0.000252387
 0.996023 0.00249853 0.000221578 0.0012539 3.20978e-06
 0.813488 0.186297 0.000135391 1.2007e-05 6.81209e-05
 0.81404 0.172422 0.0135224 9.82742e-06 5.81612e-06
 0.538926 0.416022 0.0417713 0.00327598 3.78984e-06
 0.694922 0.227917 0.0696215 0.00699044 0.00054887
 0.489183 0.43533 0.0563954 0.017227 0.00186551
 0.817105 0.141059 0.0356539 0.00461884 0.0015637
 0.939201 0.0564006 0.00339196 0.00085735 0.000148668
 0.341008 0.642028 0.015737 0.000946432 0.000280702
 0.753908 0.130358 0.112755 0.00276378 0.000215512
 0.724471 0.24108 0.018248 0.0157838 0.000417051
 0.100556 0.772245 0.111296 0.00842427 0.00747918
 0.809063 0.0390247 0.130429 0.0187973 0.00268602
 0.660494 0.30725 0.00659262 0.0220339 0.00362928
 0.0268333 0.79259 0.16342 0.00350648 0.0136497
 0.758989 0.0134623 0.185325 0.0382113 0.00401151
 0.433045 0.493738 0.00408976 0.0563006 0.012827
 0.135178 0.534901 0.287315 0.0023799 0.0402266
 0.71625 0.0707676 0.131731 0.0707578 0.0104928
 0.6977 0.256293 0.0114743 0.0213589 0.013174
 0.101876 0.746421 0.128616 0.00575815 0.0173297
 0.145502 0.163981 0.57388 0.0988853 0.0177509
 0.84834 0.0412472 0.0211887 0.0741535 0.0150711
pobs_RECLAS
 0 0 0 0 0
 0 0 0 0 0
 0 0 0 0 0
 0 0 0 0 0
 0 0 0 0 0
 0 0 0 0 0
 0 0 0 0 0
 0 0 0 0 0
 0 0 0 0 0
 0 0 0 0 0
 0.991045 0.00858322 0.000360255 1.14367e-05 0
 0.934742 0.0480273 0.0164251 0.00080598 0
 0.827803 0.169806 0.00239088 0 0
 0.941827 0.0461693 0.0120037 0 0
 0.791401 0.0380133 0.147996 0.0225897 0
 0.846168 0.0940531 0.0597789 0 0
 0.134021 0.677848 0.182769 0.00536245 0
 0.80878 0.0450904 0.141981 0.00414843 0
 0.846168 0.0940531 0.0597789 0 0
 0.905697 0.0802665 0.012482 0.00150086 5.37128e-05
 0.989698 0.0102097 9.19794e-05 0 0
 0.975433 0.0193895 0.00387452 0.00125025 5.28907e-05
 0.303575 0.632131 0.0575291 0.00676475 0
 0.966965 0.00978017 0.0227588 0.000495775 0
 0.843318 0.132988 0.00938335 0.0141283 0.000182051
 0.564624 0.303363 0.111486 0.0197234 0.00080311
 0.826376 0.0876187 0.0782897 0.00655872 0.00115652
 0.89761 0.0855135 0.0140674 0.00269457 0.000114338
 0.34875 0.467042 0.161289 0.0227151 0.000203297
 0.318654 0.224769 0.449479 0.00709798 0
 0.937255 0.0296025 0.0250945 0.00804832 0
ppred_RECLAS
 0.0494666 0.865558 0.0388979 0.00309831 0.0429789
 0.632429 0.0369414 0.301072 0.0135301 0.0160273
 0.0647389 0.746141 0.0190068 0.154905 0.0152076
 0.771082 0.0313826 0.157592 0.00401441 0.0359294
 0.578249 0.387281 0.00472553 0.0237298 0.00601465
 0.993778 0.0053171 0.000830621 1.01351e-05 6.37944e-05
 0.0507512 0.946825 0.00207133 0.000323577 2.88e-05
 0.271295 0.109195 0.617929 0.00135182 0.000229973
 0.996537 0.00217521 0.000192906 0.00109165 2.79443e-06
 0.826231 0.173568 0.00012614 1.11866e-05 6.34665e-05
 0.815298 0.171255 0.013431 9.76094e-06 5.77677e-06
 0.550532 0.40555 0.0407198 0.00319352 3.69445e-06
 0.704848 0.220502 0.0673564 0.00676301 0.000531013
 0.525598 0.404296 0.0523751 0.0159989 0.00173252
 0.828944 0.131928 0.033346 0.00431986 0.00146248
 0.941403 0.0543579 0.00326911 0.000826299 0.000143284
 0.344148 0.638968 0.015662 0.000941922 0.000279364
 0.758248 0.128059 0.110766 0.00271504 0.000211712
 0.729592 0.236599 0.0179089 0.0154904 0.0004093
 0.102818 0.770303 0.111016 0.00840308 0.00746037
 0.812168 0.0383902 0.128308 0.0184917 0.00264235
 0.665179 0.303011 0.00650166 0.0217299 0.0035792
 0.0271302 0.792349 0.16337 0.00350541 0.0136456
 0.760987 0.0133508 0.18379 0.0378946 0.00397827
 0.435355 0.491726 0.00407309 0.0560712 0.0127747
 0.136311 0.5342 0.286939 0.00237679 0.0401739
 0.719606 0.0699308 0.130174 0.069921 0.0103687
 0.699839 0.254479 0.0113931 0.0212078 0.0130808
 0.102522 0.745883 0.128523 0.00575401 0.0173172
 0.147432 0.163611 0.572585 0.098662 0.0177109
 0.851246 0.0404568 0.0207827 0.0727326 0.0147823
pobs_PELACES
 0 0 0 0 0
 0 0 0 0 0
 0 0 0 0 0
 0 0 0 0 0
 0 0 0 0 0
 0 0 0 0 0
 0 0 0 0 0
 0 0 0 0 0
 0 0 0 0 0
 0 0 0 0 0
 0 0 0 0 0
 0 0 0 0 0
 0 0 0 0 0
 0 0 0 0 0
 0 0 0 0 0
 0 0 0 0 0
 0.505614 0.472636 0.0217494 0 0
 0 0 0 0 0
 0.443492 0.261883 0.143347 0.151278 0
 0.227955 0.32914 0.350689 0.0885471 0.00366901
 0.970185 0.0296113 0.000203453 0 0
 0.997202 0.00247181 0.000326279 0 0
 0.445219 0.490057 0.0546422 0.010081 0
 0.90214 0.0892962 0.00764917 0.000914606 0
 0 0 0 0 0
 0.581667 0.319106 0.0959925 0.00289975 0.000334073
 0.762889 0.0836404 0.116647 0.0363945 0.000428098
 0.88444 0.0763242 0.0277011 0.0115352 0
 0.521256 0.241999 0.230069 0.00667565 0
 0.616807 0.101726 0.260614 0.0208532 0
 0.833518 0.0704572 0.0857862 0.0102388 0
ppred_PELACES
 0.0517142 0.863512 0.0388059 0.00309098 0.0428772
 0.653146 0.0348593 0.284103 0.0127675 0.015124
 0.0704621 0.741575 0.0188905 0.153957 0.0151146
 0.825204 0.023963 0.120333 0.0030653 0.0274348
 0.693991 0.280998 0.00342869 0.0172176 0.00436404
 0.994548 0.00465954 0.000727899 8.8817e-06 5.59051e-05
 0.0692109 0.928413 0.00203105 0.000317285 2.824e-05
 0.390022 0.0914037 0.51725 0.00113157 0.000192504
 0.99735 0.00166458 0.000147621 0.000835381 2.13843e-06
 0.8522 0.147629 0.000107289 9.51481e-06 5.39818e-05
 0.819727 0.167149 0.0131089 9.52688e-06 5.63825e-06
 0.580864 0.378182 0.0379719 0.00297801 3.44513e-06
 0.730054 0.201671 0.0616041 0.00618544 0.000485664
 0.593761 0.346206 0.0448497 0.0137002 0.00148359
 0.853582 0.112925 0.028543 0.00369764 0.00125183
 0.947086 0.0490861 0.00295206 0.000746162 0.000129387
 0.354757 0.628633 0.0154087 0.000926686 0.000274845
 0.771237 0.121179 0.104815 0.00256916 0.000200337
 0.74466 0.223415 0.0169109 0.0146272 0.000386492
 0.109972 0.764161 0.11013 0.00833608 0.00740088
 0.821706 0.0364406 0.121792 0.0175526 0.00250816
 0.679649 0.289915 0.00622066 0.0207908 0.00342451
 0.0281769 0.791496 0.163194 0.00350164 0.0136309
 0.767801 0.0129701 0.17855 0.0368143 0.00386485
 0.443502 0.484631 0.00401432 0.0552621 0.0125904
 0.140348 0.531703 0.285597 0.00236568 0.0399861
 0.730378 0.0672443 0.125173 0.0672349 0.00997039
 0.707229 0.248214 0.0111126 0.0206857 0.0127587
 0.104895 0.743912 0.128183 0.0057388 0.0172715
 0.153943 0.162361 0.568212 0.0979085 0.0175756
 0.859929 0.0380953 0.0195696 0.0684871 0.0139194
pobs_pel_tallas
 0 0 0 0 0 0 0 0 0 0 0 0 0 0 0 0 0 0 0 0 0 0 0 0 0 0
 0 0 0 0 0 0 0 0 0 0 0 0 0 0 0 0 0 0 0 0 0 0 0 0 0 0
 0 0 0 0 0 0 0 0 0 0 0 0 0 0 0 0 0 0 0 0 0 0 0 0 0 0
 0 0 0 0 0 0 0 0 0 0 0 0 0 0 0 0 0 0 0 0 0 0 0 0 0 0
 0 0 0 0 0 0 0 0 0 0 0 0 0 0 0 0 0 0 0 0 0 0 0 0 0 0
 0 0 0 0 0 0 0 0 0 0 0 0 0 0 0 0 0 0 0 0 0 0 0 0 0 0
 0 0 0 0 0 0 0 0 0 0 0 0 0 0 0 0 0 0 0 0 0 0 0 0 0 0
 0 0 0 0 0 0 0 0 0 0 0 0 0 0 0 0 0 0 0 0 0 0 0 0 0 0
 0 0 0 0 0 0 0 0 0 0 0 0 0 0 0 0 0 0 0 0 0 0 0 0 0 0
 0 0 0 0 0 0 0 0 0 0 0 0 0 0 0 0 0 0 0 0 0 0 0 0 0 0
 0 0 0 0 0 0 0 0 0 0 0 0 0 0 0 0 0 0 0 0 0 0 0 0 0 0
 0 0 0 0 0 0 0 0 0 0 0 0 0 0 0 0 0 0 0 0 0 0 0 0 0 0
 0.00862536 0 0 0.000197151 0.00414017 0.0128641 0.00837892 0.0270097 0.101434 0.158115 0.152841 0.127902 0.109271 0.109419 0.0830992 0.0579132 0.0238553 0.00714673 0.00463305 0.00128148 0.00103504 0.000492878 0.000147863 0.000147863 4.92878e-05 0
 0 0 0 0 0 0 0 0 0 0 0 0 0 0 0 0 0 0 0 0 0 0 0 0 0 0
 0 0 0 0 0 0 0 0.0054083 0.00873648 0.0413646 0.0450493 0.0745869 0.0622846 0.0627006 0.0613931 0.0827291 0.12552 0.122667 0.0946155 0.0697135 0.0546179 0.0294188 0.0215738 0.0213955 0.0102223 0.00600262
 0 0 0 0 0.00359764 0.0251062 0.0480494 0.140153 0.205849 0.193036 0.1447 0.116669 0.0760912 0.0342217 0.00950174 0.001854 0.000860785 0 0 0 0.000165536 0 0.000143464 0 0 0
 0 0 0 0 0 0 0 0.000145254 0.000435761 0.0275982 0.070085 0.0708112 0.156366 0.174668 0.174014 0.160142 0.0824315 0.0480064 0.0283245 0.00493863 0.00203355 0 0 0 0 0
 0 0 0 0 0 0 0 0 0 0 0 0 0 0 0 0 0 0 0 0 0 0 0 0 0 0
 0 0 1.00437e-05 0.000401748 0.00122533 0.00171747 0.00176769 0.0269171 0.070346 0.194647 0.189555 0.159765 0.064822 0.0314167 0.0384472 0.0292271 0.0345202 0.0313363 0.0194345 0.0106764 0.0143323 0.0359363 0.0279516 0.0138201 0.00172751 0
 0 0.0021121 0.0136068 0.0755702 0.200478 0.177729 0.0527432 0.0373336 0.0318909 0.0142505 0.0149659 0.0166563 0.0217959 0.0798694 0.0677717 0.0528807 0.04013 0.0224614 0.0357745 0.0225083 0.00881397 0.00855152 0.00135912 0.000746735 0 0
 0 0 0 0 5.4009e-05 0.00500934 0.000945158 0.0243581 0.138947 0.33067 0.221406 0.137944 0.0707744 0.0437923 0.0131692 0.00525238 0.0047753 0.00276346 9.45158e-05 9.00151e-06 2.25038e-05 9.00151e-06 4.50075e-06 0 0 0
 0.000866109 0.00284123 0.00948549 0.0512746 0.133035 0.25785 0.225252 0.132002 0.0553304 0.0519788 0.0540692 0.017754 0.00435017 0.00159236 0.00146478 0.000404838 0.000125132 0.000115318 0.000107957 0.000100596 0 0 0 0 0 0
 0 0 0 0 0.00144013 0.00171154 0.00461396 0.0210425 0.0478622 0.0707936 0.0888783 0.103762 0.0637923 0.0337046 0.0602308 0.124433 0.169614 0.0934646 0.0462172 0.0250306 0.0313229 0.00938855 0.002487 0.000210481 0 0
 0 0.00764035 0.051015 0.0998891 0.058973 0.0496711 0.0374665 0.0718981 0.12319 0.153886 0.159021 0.0857701 0.0377988 0.023471 0.0147837 0.00900784 0.00315554 0.000888139 0.00291439 0.00214683 0.00393193 0.00274676 0.000635225 9.99891e-05 0 0
 0 0 0 0 0 0 0 0 0 0 0 0 0 0 0 0 0 0 0 0 0 0 0 0 0 0
 0 0 0 0 0 0 0 0 0 0 0 0 0 0 0 0 0 0 0 0 0 0 0 0 0 0
 0 0 0 0 0 0 0 0 0 0 0 0 0 0 0 0 0 0 0 0 0 0 0 0 0 0
 0 0 0 0 0 0 0 0 0 0 0 0 0 0 0 0 0 0 0 0 0 0 0 0 0 0
 0 0 0 0 0 0 0 0 0 0 0 0 0 0 0 0 0 0 0 0 0 0 0 0 0 0
 0 0 0 0 0 0 0 0 0 0 0 0 0 0 0 0 0 0 0 0 0 0 0 0 0 0
 0 0 0 0 0 0 0 0 0 0 0 0 0 0 0 0 0 0 0 0 0 0 0 0 0 0
ppred_pel_tallas
 1.08907e-16 4.25981e-06 4.1407e-05 0.000275168 0.00125092 0.00389254 0.00829653 0.0121264 0.0122095 0.0087025 0.00525531 0.00518541 0.010145 0.0215668 0.0408247 0.0673289 0.0966288 0.120769 0.13166 0.125625 0.105672 0.0795931 0.0554513 0.0379082 0.0274765 0.0221108
 1.12048e-16 5.37988e-05 0.000522943 0.00347514 0.0157975 0.0491519 0.104723 0.152848 0.152852 0.104742 0.0492162 0.0159887 0.00397613 0.00168621 0.00246678 0.00452369 0.00774614 0.0123112 0.0183499 0.0257915 0.0341473 0.0423362 0.0487859 0.0519222 0.05084 0.0457458
 1.18733e-16 5.80402e-06 5.64173e-05 0.000374916 0.00170436 0.00530327 0.0113018 0.0165103 0.0165817 0.0116506 0.00647421 0.00508551 0.00885879 0.0185668 0.0351337 0.0580136 0.0834557 0.104777 0.115254 0.112 0.0978243 0.0794626 0.0635491 0.0534041 0.0485053 0.0461465
 1.08429e-16 6.79709e-05 0.000660702 0.0043906 0.019959 0.0620999 0.132311 0.193112 0.193114 0.132323 0.0621417 0.0200821 0.00470868 0.0013851 0.00153189 0.00265566 0.00435885 0.00661351 0.00941569 0.0127379 0.0164535 0.0202272 0.023487 0.0255679 0.0259781 0.0246181
 1.02637e-16 5.71632e-05 0.000555647 0.00369247 0.0167854 0.0522259 0.111274 0.162413 0.16244 0.111406 0.0526691 0.018065 0.00690196 0.00755388 0.0133246 0.0218772 0.0313706 0.0391661 0.0426286 0.0405731 0.0340029 0.0254832 0.0176577 0.0120372 0.00875252 0.00708692
 1.00033e-16 8.19196e-05 0.000796288 0.00529161 0.0240549 0.0748437 0.159462 0.23274 0.232741 0.159465 0.0748511 0.0240762 0.00534504 0.000912936 0.00030347 0.000372049 0.000527959 0.000663563 0.000730713 0.000708937 0.000612791 0.000481387 0.000354843 0.000255863 0.00018704 0.000139868
 1.00333e-16 5.701e-06 5.54159e-05 0.000368262 0.00167412 0.00520929 0.0111023 0.0162228 0.016312 0.0115384 0.00667299 0.00589902 0.010963 0.0231494 0.0437642 0.0720764 0.103205 0.12847 0.139035 0.130831 0.107067 0.0762338 0.0472736 0.0255882 0.0121536 0.00513017
 1.15097e-16 3.21256e-05 0.000312272 0.00207516 0.00943338 0.0293508 0.0625354 0.0912742 0.0912838 0.0625826 0.0295116 0.00990756 0.00330253 0.00311411 0.00571092 0.0103191 0.0170135 0.0258499 0.0367178 0.0492571 0.0625707 0.0748938 0.0836915 0.0864665 0.0819442 0.0708498
 1.00089e-16 8.21504e-05 0.000798531 0.00530652 0.0241227 0.0750546 0.159912 0.233396 0.233396 0.159913 0.0750572 0.0241303 0.00532565 0.000840322 0.000161654 0.000137611 0.000191268 0.000242787 0.000273121 0.000276508 0.000259727 0.000237339 0.000222292 0.000218822 0.000221992 0.000222581
 1.00052e-16 7.01946e-05 0.000682317 0.00453423 0.020612 0.0641316 0.13664 0.199433 0.199447 0.136709 0.0643643 0.0212838 0.00621885 0.00435433 0.00702776 0.0114645 0.0164082 0.0204228 0.0220986 0.0207885 0.0170032 0.0120942 0.00748486 0.00403541 0.00190167 0.00079057
 1.00424e-16 6.75199e-05 0.000656317 0.00436146 0.0198266 0.0616879 0.131433 0.191834 0.19185 0.131512 0.0619518 0.0205886 0.00627344 0.00482709 0.00797938 0.0130603 0.0187494 0.0234539 0.0255974 0.024448 0.0205533 0.0153781 0.0104481 0.00666169 0.00416139 0.00263891
 1.01492e-16 4.78451e-05 0.000465072 0.00309057 0.0140493 0.0437127 0.093136 0.135942 0.135979 0.0933139 0.0443102 0.0157745 0.00741975 0.00991097 0.0179732 0.0296 0.0425454 0.0533087 0.0583467 0.0560111 0.047526 0.0361639 0.0253144 0.0169452 0.0113349 0.0077787
 1.02532e-16 6.01336e-05 0.00058452 0.00388434 0.0176577 0.0549397 0.117055 0.17085 0.170869 0.117151 0.0552596 0.0185825 0.00620813 0.00566529 0.00973254 0.0160545 0.0232595 0.0295342 0.0330572 0.0329633 0.0298168 0.0251559 0.0205035 0.0166403 0.0135682 0.0109465
 1.03008e-16 4.89074e-05 0.000475397 0.00315918 0.0143612 0.0446832 0.0952035 0.138959 0.138993 0.0953666 0.0452306 0.015942 0.00712701 0.00913628 0.0164948 0.0271848 0.0391395 0.0491843 0.0541132 0.0524444 0.0452965 0.035618 0.0264173 0.0193717 0.0146172 0.0114326
 1.01436e-16 7.03085e-05 0.000683423 0.00454159 0.0206454 0.0642356 0.136861 0.199755 0.199766 0.136914 0.0644146 0.0211626 0.00584074 0.00352254 0.00547125 0.00895697 0.0129497 0.0163953 0.0182651 0.0180768 0.0161631 0.0134172 0.0107304 0.00857037 0.00694572 0.00564478
 1.00195e-16 7.80103e-05 0.000758287 0.00503909 0.022907 0.0712721 0.151853 0.221635 0.221639 0.151876 0.0713496 0.0231307 0.00560033 0.00198242 0.00239974 0.00383557 0.00549839 0.00687348 0.00749459 0.00714849 0.00599958 0.00448284 0.00305033 0.00196665 0.00126957 0.00086036
 1.00745e-16 2.9221e-05 0.000284038 0.00188754 0.00858051 0.0266975 0.056884 0.0830366 0.0830971 0.0571795 0.027689 0.0114428 0.00906636 0.0159357 0.0296962 0.0488942 0.0700706 0.087355 0.0947843 0.0896069 0.0739639 0.0535352 0.0342805 0.0197709 0.0106232 0.0056092
 1.03348e-16 6.35258e-05 0.000617493 0.00410346 0.0186537 0.0580388 0.123658 0.180485 0.180497 0.123716 0.0582332 0.019217 0.0055238 0.00373927 0.00605408 0.0100682 0.0148681 0.0194631 0.0228543 0.0245242 0.0246503 0.0238156 0.0224906 0.0207547 0.0184398 0.0154706
 1.02078e-16 6.13367e-05 0.000596215 0.00396206 0.018011 0.0560389 0.119398 0.174269 0.17429 0.119503 0.0563918 0.0190299 0.00651882 0.00617456 0.0106467 0.0174813 0.0251246 0.0314895 0.0344973 0.0332019 0.0283614 0.0219384 0.015939 0.0114858 0.00865825 0.00693206
 1.05462e-16 9.0584e-06 8.80509e-05 0.000585133 0.00265997 0.00827656 0.0176368 0.0257569 0.0258305 0.0179967 0.00948489 0.00614997 0.00934526 0.0192106 0.0363233 0.0600264 0.0864448 0.108646 0.119542 0.115826 0.0999158 0.0782692 0.0575087 0.0413797 0.0302913 0.0227968
 1.05709e-16 6.76829e-05 0.000657902 0.00437199 0.0198744 0.0618367 0.13175 0.192294 0.192297 0.131768 0.0618983 0.0200545 0.00483296 0.00169402 0.00212285 0.00363055 0.00575561 0.00834909 0.0112755 0.0144268 0.0176777 0.0207551 0.0231617 0.0242937 0.0237204 0.0214338
 1.02919e-16 5.59819e-05 0.000544164 0.00361616 0.0164386 0.0511466 0.108974 0.159057 0.159085 0.109111 0.051604 0.0177591 0.00692867 0.00776787 0.0137534 0.0225927 0.0324128 0.0405013 0.0441476 0.0421331 0.0354889 0.0268464 0.0189079 0.0132028 0.00984337 0.00808204
 1.0757e-16 2.32106e-06 2.25616e-05 0.000149934 0.000681623 0.00212119 0.00452225 0.00661635 0.00669271 0.00489539 0.00337431 0.00430194 0.00924078 0.0198789 0.0377445 0.0624761 0.0901817 0.113775 0.125986 0.123398 0.108405 0.0874599 0.0671103 0.0509585 0.039299 0.0307055
 1.09502e-16 6.32427e-05 0.000614742 0.00408518 0.0185706 0.0577801 0.123107 0.179678 0.17968 0.123114 0.0578066 0.0186508 0.00430042 0.00113074 0.0011787 0.002203 0.00399639 0.00676223 0.0107103 0.0158833 0.0219765 0.0282199 0.033466 0.036532 0.036659 0.0338318
 1.07913e-16 3.65308e-05 0.000355092 0.00235972 0.010727 0.0333758 0.0711124 0.1038 0.103847 0.0713402 0.0341404 0.0129344 0.00789702 0.0124309 0.0229363 0.0377738 0.0542186 0.0678048 0.074045 0.0709612 0.0603425 0.0466338 0.0343416 0.025926 0.0213922 0.0192674
 1.15382e-16 1.15604e-05 0.000112371 0.000746749 0.00339464 0.0105623 0.0225059 0.0328589 0.0329105 0.0227581 0.0114099 0.00584697 0.00691806 0.0136361 0.0258469 0.0431056 0.0630096 0.0811409 0.0929258 0.0961513 0.0920891 0.0842452 0.0758556 0.0682168 0.0608638 0.0528775
 1.1206e-16 6.01603e-05 0.000584779 0.00388606 0.0176655 0.0549639 0.117107 0.170922 0.170929 0.117139 0.0550745 0.0179876 0.00470477 0.00240589 0.00361917 0.00615352 0.00948774 0.0132705 0.0171836 0.021106 0.0251114 0.0292086 0.0330481 0.035889 0.0369017 0.0355906
 1.04618e-16 5.82535e-05 0.000566245 0.0037629 0.0171056 0.053222 0.113396 0.16551 0.165534 0.113513 0.0536139 0.0182371 0.00660181 0.00675931 0.0118079 0.0193984 0.0278725 0.0349243 0.0382627 0.0368734 0.0316547 0.0248486 0.0187227 0.0145067 0.012196 0.0110526
 1.07388e-16 8.6402e-06 8.39859e-05 0.000558119 0.00253717 0.00789447 0.0168227 0.0245682 0.0246399 0.0171732 0.00907148 0.00593715 0.00909392 0.0187223 0.0354192 0.0585745 0.0844523 0.106349 0.117409 0.114431 0.0997413 0.0795392 0.0601391 0.0450466 0.0345578 0.0272296
 1.29232e-16 1.26801e-05 0.000123255 0.000819074 0.0037234 0.011585 0.0246836 0.0360299 0.0360464 0.0247648 0.0118601 0.00452919 0.00288423 0.00477246 0.00925605 0.0163635 0.0260974 0.0381042 0.0518826 0.0670098 0.0829164 0.0982696 0.110634 0.117043 0.115319 0.10527
 1.09799e-16 7.08312e-05 0.000688504 0.00457535 0.0207989 0.0647131 0.137878 0.201238 0.201242 0.137896 0.0647744 0.0209766 0.00502415 0.00167783 0.00197932 0.00324213 0.00486863 0.00658658 0.00820848 0.00974516 0.0114294 0.0135417 0.016145 0.0189267 0.0212692 0.0225034
pSPR Fmed_Fpbrs
0.461875   0.285357 0.285357
Fs Fmed_Fpbrs
0.549543   1.005 1.005
SSBpbr Bo_Bmed_Bpbrs
1.79506e+06  739341  422480 422480
Ro
78367.9
SPR SPRFo_SPRFmed_SPRFpbrs
559360 258355 159617
Fref
1.005
Nvult_r0
 167438 4785.31 2458.22 8602.96 1748.48
CTP_r0
 29403.1 1429.61 734.392 2570.13 522.357
YTP_r0
391855
Np
 175066 38965 9539.36 203.785 118.781
Nvult_p0
 136101 33718 8254.79 176.343 102.786
CTP_p0
 45518 30726.9 656.402 337.194 1463.6
 45518 16901 4137.69 88.3913 51.5212
YTP_p0
 897019 705813
CBA_c0
839657
log_Ro
11.0892
likeval ReclasPelacesDesembMPH_pf_preclas_ppelaces_ptallas_desvR_qrecl_qpela
 45.3375 46.7159 0.49799 0.00228446 323.727 153.087 122.846 0 105.86 0 0 0.0264209 0 0 0
q_reclas_q_pelaces
1 1
M
1
N
 17150.3 161073 7238.58 576.57 7998.02
 163504 5474.98 44621 2005.25 2375.36
 6919.27 45758.1 1165.62 9499.79 932.629
 56951.8 1932.86 9706.1 247.248 2212.9
 10493.3 7532.59 91.9113 461.543 116.985
 256792 840.062 131.232 1.60127 10.079
 4108.53 63173.8 138.203 21.5896 1.92159
 1218.04 556.261 3147.86 6.88645 1.17153
 53091.2 87.0151 7.71681 43.6692 0.111786
 61564 8660.44 6.29396 0.558171 3.16676
 114934 12626.5 990.253 0.719665 0.425916
 87012.9 38644 3880.1 304.303 0.352035
 116576 22016.9 6725.47 675.28 53.0212
 50265 29416.4 3810.79 1164.08 126.058
 75850.6 7986.46 2018.65 261.51 88.5334
 468696 15938.1 958.524 242.276 42.0117
 124741 124285 3046.41 183.213 54.3389
 422874 39838 34458.2 844.621 65.8614
 685171 124992 9461.02 8183.4 216.228
 47430 199132 28698.9 2172.3 1928.59
 533557 13890 46423.4 6690.52 956.034
 642994 161782 3471.33 11601.9 1910.99
 12514 193841 39967 857.567 3338.27
 440422 4091.34 56322.3 11612.8 1219.14
 243313 144471 1196.69 16473.9 3753.25
 39256.2 80973.1 43493.6 360.269 6089.49
 247137 13032.7 24259.9 13030.9 1932.38
 402343 77185.2 3455.6 6432.47 3967.48
 35160.8 132946 22907.9 1025.59 3086.61
 19975.8 11972.2 41898.9 7219.6 1295.99
 238278 6298.64 3235.61 11323.6 2301.42
pred_Ctot
 1450.2 25733 1156.43 92.1127 1277.76
 25285 1523.62 12417.5 558.037 661.033
 1076.44 12801.9 326.109 2657.78 260.924
 24990.1 1236.56 6209.51 158.178 1415.71
 5830.18 5573.87 68.0114 341.527 86.5648
 55553.8 312.964 48.8903 0.59655 3.75494
 1775.77 40011.8 87.5322 13.674 1.21706
 702.432 420.315 2378.55 5.20345 0.885217
 19927.3 49.9877 4.43309 25.0867 0.0642176
 18048.1 4133.19 3.00379 0.266387 1.51133
 6297.13 1333.79 104.605 0.0760214 0.0449914
 17700.2 13663.6 1371.91 107.594 0.124471
 23862.2 7826.21 2390.66 240.037 18.8471
 19295.6 17171.4 2224.49 679.511 73.5842
 21508.4 3713.04 938.507 121.58 41.1607
 84942.9 5100.96 306.774 77.5401 13.4458
 10519 19804.6 485.439 29.1945 8.65878
 53480 9247.24 7998.48 196.054 15.2878
 92707.2 30849.9 2335.11 2019.78 53.3681
 6229.14 47838.4 6894.45 521.86 463.314
 60227.3 2905.03 9709.23 1399.29 199.95
 74577 34691.9 744.379 2487.87 409.785
 888.791 26252.8 5412.92 116.144 452.117
 30442.6 539.965 7433.29 1532.63 160.899
 14789.1 16861.8 139.671 1922.74 438.06
 2441.15 9659.67 5188.57 42.9782 726.444
 23911.6 2362.54 4397.77 2362.21 350.296
 26119.3 9594.62 429.553 799.598 493.184
 1664.66 12196.6 2101.59 94.0888 283.169
 1827.11 2059.15 7206.35 1241.73 222.903
 29403.1 1429.61 734.392 2570.13 522.357
F
 0.141828 0.283655 0.283655 0.283655 0.283655
 0.273468 0.546935 0.546935 0.546935 0.546935
 0.275308 0.550615 0.550615 0.550615 0.550615
 1.02297 2.04593 2.04593 2.04593 2.04593
 1.52501 3.05003 3.05003 3.05003 3.05003
 0.402376 0.804752 0.804752 0.804752 0.804752
 0.999583 1.99917 1.99917 1.99917 1.99917
 1.63892 3.27784 3.27784 3.27784 3.27784
 0.813245 1.62649 1.62649 1.62649 1.62649
 0.58428 1.16856 1.16856 1.16856 1.16856
 0.0899679 0.179936 0.179936 0.179936 0.179936
 0.374244 0.748489 0.748489 0.748489 0.748489
 0.376987 0.753975 0.753975 0.753975 0.753975
 0.839561 1.67912 1.67912 1.67912 1.67912
 0.560054 1.12011 1.12011 1.12011 1.12011
 0.327374 0.654748 0.654748 0.654748 0.654748
 0.141416 0.282832 0.282832 0.282832 0.282832
 0.21882 0.437641 0.437641 0.437641 0.437641
 0.235698 0.471396 0.471396 0.471396 0.471396
 0.228083 0.456166 0.456166 0.456166 0.456166
 0.193317 0.386633 0.386633 0.386633 0.386633
 0.199097 0.398194 0.398194 0.398194 0.398194
 0.117973 0.235946 0.235946 0.235946 0.235946
 0.114658 0.229315 0.229315 0.229315 0.229315
 0.100231 0.200461 0.200461 0.200461 0.200461
 0.102646 0.205291 0.205291 0.205291 0.205291
 0.163733 0.327467 0.327467 0.327467 0.327467
 0.107364 0.214728 0.214728 0.214728 0.214728
 0.0773402 0.15468 0.15468 0.15468 0.15468
 0.154186 0.308372 0.308372 0.308372 0.308372
 0.213012 0.426025 0.426025 0.426025 0.426025
YTP_r0W_actual
 244046 20157.5 20269.2 87898.5 19483.9
YTP_p0W_proyectada
 340930 481490 15182.6 9903.4 49513.5
 340930 264839 95704.7 2596.05 1742.96
CTP_r0_actual
 29403.1 1429.61 734.392 2570.13 522.357
CTP_p0_proyectada
 45518 30726.9 656.402 337.194 1463.6
 45518 16901 4137.69 88.3913 51.5212
Wmedp
 7.49 15.67 23.13 29.37 33.83
Frms_r0
 0.213012 0.426025 0.426025 0.426025 0.426025
Zrms_r0
 1.21301 1.42602 1.42602 1.42602 1.42602
nmprior
 8.19 8.8 8.5 0
nm_flota  nm_reclas  nm_pelaces    nm_pelaL
inf 5.60462 4.97279 8.046
cv_recla  cv_pelaces  cv_mph
0.609051 0.775005 1.47502
 ------------------------------------------------
Talla a la edad & desviaci?n 
 8 13.2811 15.8009 17.003 17.5766
 0.8 1.32811 1.58009 1.7003 1.75766
