years
 1991 1992 1993 1994 1995 1996 1997 1998 1999 2000 2001 2002 2003 2004 2005 2006 2007 2008 2009 2010 2011 2012 2013 2014 2015 2016 2017 2018 2019 2020 2021
reclasobs
 0 0 0 0 0 0 0 0 0 252601 567819 844713 477998 351125 339783 2.1784e+06 2.13404e+06 4.81314e+06 1.55562e+06 2.62356e+06 3.21686e+06 3.843e+06 1.13348e+06 3.07943e+06 1.97215e+06 2.03268e+06 2.025e+06 2.42433e+06 2.27542e+06 1.05018e+06 2.36338e+06
reclaspred
 3.3397e+06 1.86007e+06 941802 928033 915528 1.46597e+06 886598 775888 562585 403906 494840 650186 640125 491212 497714 1.40931e+06 1.35529e+06 3.08514e+06 2.54607e+06 1.89245e+06 3.35488e+06 2.71556e+06 2.13688e+06 3.28295e+06 2.44914e+06 2.16752e+06 2.60231e+06 2.78949e+06 2.27858e+06 1.42524e+06 2.06682e+06
pelacesobs
 0 0 0 0 0 0 0 0 0 0 0 0 0 0 0 552880 188675 0 991730 2.46772e+06 1.41603e+06 1.21717e+06 2.29649e+06 1.80582e+06 0 1.4828e+06 1.56532e+06 1.57751e+06 1.42118e+06 867257 1.10002e+06
pelacespred
 1.52213e+06 939389 473119 381310 396154 654412 358807 398479 273936 184902 237580 259605 281816 225632 236312 562085 542799 1.42891e+06 1.21373e+06 834663 1.44339e+06 1.2594e+06 992500 1.67196e+06 1.20025e+06 1.06028e+06 1.45077e+06 1.53278e+06 1.03163e+06 732337 1.04584e+06
mphobs
 0 0 0 0 0 0 0 0 0 0 0 498337 0 5186 125008 0 168611 109162 213762 579715 649985 157893 87575 83554 0 0 0 0 0 0 0
mphpred
 2.89134e+06 1.93074e+06 954127 522546 557726 631096 829233 490011 436737 293716 191705 334943 360625 302190 198797 256374 930415 878259 1.75262e+06 1.32187e+06 1.41249e+06 1.75297e+06 1.65666e+06 1.35514e+06 1.88271e+06 1.5429e+06 1.27113e+06 1.37328e+06 1.93607e+06 1.3123e+06 812674
desembarqueobs
 494567 514787 250237 358949 120608 361735 552515 73892 212993 205616 52469 317467 293654 387597 252695 516296 358380 742168 942051 627588 828172 859565 418607 520667 417249 300574 415391 372974 316634 284311 391294
desembarquepred
 494573 513596 250805 358983 120614 361748 552558 73896.7 213046 205665 52471.7 317534 293702 387619 252684 516244 358401 742057 941810 627433 828232 859567 418613 520690 417247 300572 415386 372955 316624 284316 391295
Reclutas
 189945 106635 107376 169733 136028 237513 96763.4 43018.5 41428.8 55618.3 104002 141266 117879 82517.8 81112.2 463913 95629.4 701045 410463 314769 463614 615321 127017 375726 315029 143296 324096 364479 106209 76728.7 289907
log_desv_Rt
 0.124528 -0.45279 -0.445866 0.0120203 -0.209342 0.348017 -0.549935 -1.36057 -1.39823 -1.10369 -0.477795 -0.171563 -0.352545 -0.70919 -0.72637 1.01749 -0.561724 1.43037 0.895083 0.629636 1.01685 1.29994 -0.277884 0.806657 0.630461 -0.157291 0.658837 0.776265 -0.456792 -0.781928 0.547355
SSB
 2.89134e+06 1.93074e+06 954127 522546 557726 631096 829233 490011 436737 293716 191705 334943 360625 302190 198797 256374 930415 878259 1.75262e+06 1.32187e+06 1.41249e+06 1.75297e+06 1.65666e+06 1.35514e+06 1.88271e+06 1.5429e+06 1.27113e+06 1.37328e+06 1.93607e+06 1.3123e+06 812674
BT
 3.92949e+06 2.67424e+06 1.33939e+06 1.18041e+06 1.00911e+06 1.818e+06 1.32265e+06 984280 843643 624643 593332 864399 916525 923325 798441 1.71363e+06 1.53128e+06 3.95076e+06 3.70471e+06 2.48897e+06 4.00064e+06 3.70825e+06 2.65392e+06 4.34073e+06 3.15444e+06 2.71203e+06 3.77035e+06 3.90998e+06 2.64069e+06 1.96573e+06 2.78402e+06
Ftot
 0.147109 0.268978 0.262793 0.406861 0.138659 0.269291 0.605605 0.0995429 0.390452 0.520386 0.120883 0.516166 0.482333 0.813942 0.56135 0.427469 0.269191 0.273631 0.385934 0.347164 0.265578 0.337098 0.198191 0.17615 0.177562 0.143232 0.17626 0.149684 0.137773 0.199471 0.213033
BD_Bspro_t
 0.976796 0.833811 0.665162 0.573204 0.559618 0.636475 0.62562 0.449933 0.507435 0.458604 0.423348 0.646261 0.528369 0.436627 0.326708 0.387032 0.586071 0.558488 0.657923 0.561765 0.532754 0.582825 0.597879 0.588949 0.693531 0.701013 0.708451 0.745651 0.790664 0.724998 0.657083
BD_Bspro
 2.41198 1.61064 0.795942 0.435913 0.46526 0.526466 0.691754 0.408771 0.36433 0.24502 0.159922 0.279412 0.300837 0.25209 0.165838 0.213869 0.776161 0.732652 1.46205 1.10272 1.17831 1.46234 1.382 1.13047 1.57057 1.28711 1.06038 1.1456 1.61508 1.09474 0.67794
BD_Bo
 1.58169 1.0562 0.521949 0.285855 0.3051 0.345237 0.453627 0.268057 0.238914 0.160675 0.104871 0.183228 0.197278 0.165311 0.108751 0.140247 0.508977 0.480446 0.95876 0.723122 0.772692 0.958949 0.906267 0.741318 1.02992 0.844036 0.695361 0.751242 1.05911 0.717887 0.444568
BD_Brms
 9.25108 6.17757 3.05281 1.67193 1.78449 2.01925 2.6532 1.56783 1.39738 0.939768 0.613378 1.07168 1.15385 0.966883 0.636068 0.820289 2.97694 2.81006 5.60766 4.22945 4.51937 5.60877 5.30064 4.33587 6.02389 4.93665 4.06707 4.39391 6.1946 4.19883 2.60022
Sel_flota
 0.761201 0.983757 0.999132 0.999954 0.999998
 0.761201 0.983757 0.999132 0.999954 0.999998
 0.761201 0.983757 0.999132 0.999954 0.999998
 0.761201 0.983757 0.999132 0.999954 0.999998
 0.761201 0.983757 0.999132 0.999954 0.999998
 0.761201 0.983757 0.999132 0.999954 0.999998
 0.761201 0.983757 0.999132 0.999954 0.999998
 0.761201 0.983757 0.999132 0.999954 0.999998
 0.761201 0.983757 0.999132 0.999954 0.999998
 0.761201 0.983757 0.999132 0.999954 0.999998
 0.761201 0.983757 0.999132 0.999954 0.999998
 0.761201 0.983757 0.999132 0.999954 0.999998
 0.761201 0.983757 0.999132 0.999954 0.999998
 0.761201 0.983757 0.999132 0.999954 0.999998
 0.761201 0.983757 0.999132 0.999954 0.999998
 0.761201 0.983757 0.999132 0.999954 0.999998
 0.761201 0.983757 0.999132 0.999954 0.999998
 0.761201 0.983757 0.999132 0.999954 0.999998
 0.761201 0.983757 0.999132 0.999954 0.999998
 0.761201 0.983757 0.999132 0.999954 0.999998
 0.761201 0.983757 0.999132 0.999954 0.999998
 0.761201 0.983757 0.999132 0.999954 0.999998
 0.761201 0.983757 0.999132 0.999954 0.999998
 0.761201 0.983757 0.999132 0.999954 0.999998
 0.761201 0.983757 0.999132 0.999954 0.999998
 0.761201 0.983757 0.999132 0.999954 0.999998
 0.761201 0.983757 0.999132 0.999954 0.999998
 0.761201 0.983757 0.999132 0.999954 0.999998
 0.761201 0.983757 0.999132 0.999954 0.999998
 0.761201 0.983757 0.999132 0.999954 0.999998
 0.761201 0.983757 0.999132 0.999954 0.999998
Sel_reclas
 1 1 1 1 1
 1 1 1 1 1
 1 1 1 1 1
 1 1 1 1 1
 1 1 1 1 1
 1 1 1 1 1
 1 1 1 1 1
 1 1 1 1 1
 1 1 1 1 1
 1 1 1 1 1
 1 1 1 1 1
 1 1 1 1 1
 1 1 1 1 1
 1 1 1 1 1
 1 1 1 1 1
 1 1 1 1 1
 1 1 1 1 1
 1 1 1 1 1
 1 1 1 1 1
 1 1 1 1 1
 1 1 1 1 1
 1 1 1 1 1
 1 1 1 1 1
 1 1 1 1 1
 1 1 1 1 1
 1 1 1 1 1
 1 1 1 1 1
 1 1 1 1 1
 1 1 1 1 1
 1 1 1 1 1
 1 1 1 1 1
Sel_pelaces
 1 1 1 1 1
 1 1 1 1 1
 1 1 1 1 1
 1 1 1 1 1
 1 1 1 1 1
 1 1 1 1 1
 1 1 1 1 1
 1 1 1 1 1
 1 1 1 1 1
 1 1 1 1 1
 1 1 1 1 1
 1 1 1 1 1
 1 1 1 1 1
 1 1 1 1 1
 1 1 1 1 1
 1 1 1 1 1
 1 1 1 1 1
 1 1 1 1 1
 1 1 1 1 1
 1 1 1 1 1
 1 1 1 1 1
 1 1 1 1 1
 1 1 1 1 1
 1 1 1 1 1
 1 1 1 1 1
 1 1 1 1 1
 1 1 1 1 1
 1 1 1 1 1
 1 1 1 1 1
 1 1 1 1 1
 1 1 1 1 1
pf_obs 
 0.8446 0.082 0.0669 0.0065 0
 0.8095 0.147 0.0364 0.0071 0
 0.9664 0.0169 0.016 0.0007 0
 0.9276 0.0648 0.0075 0.0001 0
 0.7033 0.2144 0.0806 0.0017 0
 0.9318 0.0425 0.0243 0.0014 0
 0.5671 0.3108 0.0964 0.0239 0.0018
 0.0768 0.2599 0.5324 0.112 0.0189
 0.490249 0.384438 0.106611 0.0170017 0.00170017
 0.7925 0.1577 0.0466 0.003 0.0002
 0.840416 0.127587 0.0312969 0.00059994 9.999e-05
 0.8084 0.0986 0.0794 0.0134 0.0002
 0.7335 0.1905 0.0724 0.0035 0.0001
 0.4001 0.4547 0.1325 0.0127 0
 0.49795 0.308269 0.164784 0.0264974 0.00249975
 0.9179 0.0499 0.0305 0.0017 0
 0.2467 0.6533 0.0926 0.0074 0
 0.9418 0.0223 0.034 0.0019 0
 0.707729 0.231977 0.0356964 0.0245975 0
 0.517169 0.277429 0.184464 0.0207286 0.00020938
 0.811772 0.124168 0.05621 0.00726502 0.000585176
 0.764997 0.148141 0.077277 0.00933861 0.000247198
 0.163321 0.427699 0.378323 0.0303852 0.000271297
 0.753843 0.0900009 0.118128 0.0371064 0.000921714
 0.721811 0.176058 0.0630433 0.0369309 0.00215725
 0.143369 0.312575 0.442814 0.0836902 0.0175525
 0.692698 0.0596174 0.167031 0.0765114 0.00414204
 0.394062 0.376323 0.152708 0.0712218 0.00568511
 0.125707 0.32114 0.495352 0.0537591 0.00404204
 0.23352 0.215282 0.420074 0.123614 0.00750983
 0.774587 0.0839891 0.0768558 0.0609784 0.00358967
pf_pred 
 0.44666 0.127907 0.400723 0.024709 8.27014e-07
 0.410625 0.303559 0.0668923 0.206218 0.0127052
 0.5616 0.211073 0.118106 0.0255803 0.0836414
 0.726292 0.172631 0.0491114 0.0270103 0.0249547
 0.645457 0.277409 0.048992 0.0136812 0.0144615
 0.746218 0.17851 0.0591044 0.0102721 0.0058955
 0.468491 0.423311 0.0765017 0.0248936 0.00680307
 0.451758 0.301922 0.197006 0.0348787 0.0144352
 0.53913 0.238483 0.123344 0.079228 0.0198152
 0.709166 0.17848 0.0586708 0.0297878 0.0238953
 0.819965 0.138754 0.0255309 0.00822893 0.00752129
 0.736896 0.225126 0.029378 0.00532008 0.00327915
 0.682606 0.251918 0.0561856 0.00718847 0.00210188
 0.628994 0.277039 0.074883 0.0163785 0.00270536
 0.740827 0.183893 0.056541 0.0149369 0.00380198
 0.938584 0.0490421 0.00883155 0.00266108 0.000880978
 0.369702 0.601283 0.0232576 0.00411019 0.0016468
 0.89441 0.0461237 0.0567742 0.00215842 0.00053378
 0.590369 0.376371 0.0146711 0.0177483 0.000840831
 0.595433 0.266926 0.126659 0.00484707 0.00613549
 0.732908 0.177397 0.0595423 0.0277488 0.00240372
 0.734205 0.208592 0.0382168 0.0126078 0.00637878
 0.310183 0.542956 0.115704 0.0208224 0.0103348
 0.731771 0.0995471 0.133241 0.0279273 0.00751363
 0.615853 0.300534 0.0313545 0.0412863 0.0109721
 0.429025 0.386671 0.144717 0.0148532 0.024734
 0.727418 0.13495 0.0936935 0.0345077 0.00943126
 0.6809 0.248319 0.0353361 0.0241355 0.0113087
 0.338459 0.486616 0.136621 0.0191308 0.0191727
 0.407298 0.237066 0.262715 0.0725877 0.0203332
 0.817766 0.0867308 0.0385853 0.0420565 0.0148619
pobs_RECLAS
 0 0 0 0 0
 0 0 0 0 0
 0 0 0 0 0
 0 0 0 0 0
 0 0 0 0 0
 0 0 0 0 0
 0 0 0 0 0
 0 0 0 0 0
 0 0 0 0 0
 0 0 0 0 0
 0.991045 0.00858322 0.000360255 1.14367e-05 0
 0.934742 0.0480273 0.0164251 0.00080598 0
 0.827803 0.169806 0.00239088 0 0
 0.941827 0.0461693 0.0120037 0 0
 0.791401 0.0380133 0.147996 0.0225897 0
 0.846168 0.0940531 0.0597789 0 0
 0.134021 0.677848 0.182769 0.00536245 0
 0.80878 0.0450904 0.141981 0.00414843 0
 0.846168 0.0940531 0.0597789 0 0
 0.905697 0.0802665 0.012482 0.00150086 5.37128e-05
 0.989698 0.0102097 9.19794e-05 0 0
 0.975433 0.0193895 0.00387452 0.00125025 5.28907e-05
 0.303575 0.632131 0.0575291 0.00676475 0
 0.966965 0.00978017 0.0227588 0.000495775 0
 0.843318 0.132988 0.00938335 0.0141283 0.000182051
 0.564624 0.303363 0.111486 0.0197234 0.00080311
 0.826376 0.0876187 0.0782897 0.00655872 0.00115652
 0.89761 0.0855135 0.0140674 0.00269457 0.000114338
 0.34875 0.467042 0.161289 0.0227151 0.000203297
 0.318654 0.224769 0.449479 0.00709798 0
 0.937255 0.0296025 0.0250945 0.00804832 0
ppred_RECLAS
 0.514352 0.113627 0.350431 0.0215899 7.22586e-07
 0.477294 0.271386 0.0588572 0.181294 0.0111691
 0.62678 0.181215 0.0997969 0.0215966 0.0706124
 0.777026 0.141496 0.0396064 0.021764 0.0201068
 0.703056 0.233146 0.0405334 0.0113097 0.0119542
 0.793441 0.145985 0.0475716 0.00826078 0.00474091
 0.537489 0.369624 0.065693 0.0213575 0.00583643
 0.51798 0.267337 0.171732 0.0303787 0.0125722
 0.606043 0.205487 0.104572 0.0671128 0.0167844
 0.762761 0.146539 0.0473835 0.024036 0.0192805
 0.855532 0.111749 0.0202421 0.00651885 0.00595801
 0.786203 0.183374 0.0235386 0.00425889 0.00262494
 0.738453 0.208296 0.0457014 0.00584201 0.0017081
 0.692838 0.230376 0.0612025 0.013374 0.00220898
 0.790273 0.149533 0.0452204 0.0119357 0.00303793
 0.952441 0.0381031 0.00675096 0.00203241 0.00067282
 0.432843 0.541448 0.0206121 0.00363959 0.00145818
 0.917449 0.0363847 0.044078 0.00167433 0.000414044
 0.653081 0.319179 0.0122422 0.0147972 0.00070099
 0.658492 0.226556 0.105787 0.00404489 0.00511985
 0.78198 0.145591 0.0480946 0.0223948 0.00193985
 0.783115 0.170804 0.0307948 0.0101506 0.00513535
 0.369308 0.4981 0.104481 0.0187869 0.00932411
 0.781391 0.0819468 0.107968 0.0226111 0.00608307
 0.676057 0.254329 0.0261188 0.0343634 0.0091319
 0.49467 0.343966 0.126727 0.012996 0.0216403
 0.777265 0.111165 0.0759724 0.0279576 0.00764071
 0.735172 0.20682 0.0289716 0.0197718 0.00926375
 0.399702 0.443416 0.122552 0.0171465 0.0171833
 0.473816 0.212488 0.231784 0.063988 0.0179235
 0.854566 0.0698093 0.0305694 0.0332914 0.011764
pobs_PELACES
 0 0 0 0 0
 0 0 0 0 0
 0 0 0 0 0
 0 0 0 0 0
 0 0 0 0 0
 0 0 0 0 0
 0 0 0 0 0
 0 0 0 0 0
 0 0 0 0 0
 0 0 0 0 0
 0 0 0 0 0
 0 0 0 0 0
 0 0 0 0 0
 0 0 0 0 0
 0 0 0 0 0
 0 0 0 0 0
 0.505614 0.472636 0.0217494 0 0
 0 0 0 0 0
 0.443492 0.261883 0.143347 0.151278 0
 0.227955 0.32914 0.350689 0.0885471 0.00366901
 0.970185 0.0296113 0.000203453 0 0
 0.997202 0.00247181 0.000326279 0 0
 0.445219 0.490057 0.0546422 0.010081 0
 0.90214 0.0892962 0.00764917 0.000914606 0
 0 0 0 0 0
 0.581667 0.319106 0.0959925 0.00289975 0.000334073
 0.762889 0.0836404 0.116647 0.0363945 0.000428098
 0.88444 0.0763242 0.0277011 0.0115352 0
 0.521256 0.241999 0.230069 0.00667565 0
 0.616807 0.101726 0.260614 0.0208532 0
 0.833518 0.0704572 0.0857862 0.0102388 0
ppred_PELACES
 0.517193 0.113027 0.34832 0.021459 7.18204e-07
 0.482395 0.268921 0.0582431 0.179389 0.0110517
 0.631447 0.179074 0.0984868 0.0213116 0.0696802
 0.782293 0.138262 0.0386211 0.0212203 0.0196043
 0.70521 0.231491 0.0402173 0.011221 0.0118605
 0.796729 0.14372 0.0467694 0.00812088 0.0046606
 0.548681 0.360906 0.0639467 0.0207863 0.0056803
 0.519862 0.266354 0.171014 0.0302509 0.0125193
 0.613099 0.202003 0.102596 0.0658373 0.0164653
 0.769791 0.142344 0.0459056 0.0232831 0.0186764
 0.856643 0.110905 0.0200769 0.00646544 0.00590919
 0.792568 0.177982 0.0227867 0.00412227 0.00254072
 0.745332 0.202919 0.0444129 0.00567656 0.00165971
 0.705628 0.221014 0.0584733 0.0127748 0.00210998
 0.797158 0.144744 0.0436476 0.0115188 0.00293179
 0.953862 0.0369806 0.00653788 0.00196803 0.000651504
 0.437718 0.536827 0.0204083 0.00360334 0.00144365
 0.919016 0.0357217 0.0432148 0.00164142 0.000405904
 0.659511 0.313314 0.0119937 0.0144954 0.000686687
 0.664335 0.222813 0.103856 0.00397068 0.00502589
 0.785363 0.143397 0.0473059 0.022026 0.00190789
 0.787353 0.167529 0.0301527 0.00993805 0.00502779
 0.372755 0.495484 0.103828 0.0186684 0.00926529
 0.783689 0.0811313 0.106798 0.022365 0.00601686
 0.67895 0.252108 0.0258674 0.034031 0.00904355
 0.497359 0.342217 0.125991 0.01292 0.0215137
 0.779576 0.110061 0.0751511 0.027654 0.00755772
 0.73734 0.205162 0.0287175 0.0195977 0.00918212
 0.402177 0.441669 0.121984 0.0170664 0.017103
 0.477623 0.21108 0.230016 0.0634963 0.0177857
 0.856571 0.0688868 0.0301328 0.0328141 0.0115953
pobs_pel_tallas
 0 0 0 0 0 0 0 0 0 0 0 0 0 0 0 0 0 0 0 0 0 0 0 0 0 0
 0 0 0 0 0 0 0 0 0 0 0 0 0 0 0 0 0 0 0 0 0 0 0 0 0 0
 0 0 0 0 0 0 0 0 0 0 0 0 0 0 0 0 0 0 0 0 0 0 0 0 0 0
 0 0 0 0 0 0 0 0 0 0 0 0 0 0 0 0 0 0 0 0 0 0 0 0 0 0
 0 0 0 0 0 0 0 0 0 0 0 0 0 0 0 0 0 0 0 0 0 0 0 0 0 0
 0 0 0 0 0 0 0 0 0 0 0 0 0 0 0 0 0 0 0 0 0 0 0 0 0 0
 0 0 0 0 0 0 0 0 0 0 0 0 0 0 0 0 0 0 0 0 0 0 0 0 0 0
 0 0 0 0 0 0 0 0 0 0 0 0 0 0 0 0 0 0 0 0 0 0 0 0 0 0
 0 0 0 0 0 0 0 0 0 0 0 0 0 0 0 0 0 0 0 0 0 0 0 0 0 0
 0 0 0 0 0 0 0 0 0 0 0 0 0 0 0 0 0 0 0 0 0 0 0 0 0 0
 0 0 0 0 0 0 0 0 0 0 0 0 0 0 0 0 0 0 0 0 0 0 0 0 0 0
 0 0 0 0 0 0 0 0 0 0 0 0 0 0 0 0 0 0 0 0 0 0 0 0 0 0
 0.00862536 0 0 0.000197151 0.00414017 0.0128641 0.00837892 0.0270097 0.101434 0.158115 0.152841 0.127902 0.109271 0.109419 0.0830992 0.0579132 0.0238553 0.00714673 0.00463305 0.00128148 0.00103504 0.000492878 0.000147863 0.000147863 4.92878e-05 0
 0 0 0 0 0 0 0 0 0 0 0 0 0 0 0 0 0 0 0 0 0 0 0 0 0 0
 0 0 0 0 0 0 0 0.0054083 0.00873648 0.0413646 0.0450493 0.0745869 0.0622846 0.0627006 0.0613931 0.0827291 0.12552 0.122667 0.0946155 0.0697135 0.0546179 0.0294188 0.0215738 0.0213955 0.0102223 0.00600262
 0 0 0 0 0.00359764 0.0251062 0.0480494 0.140153 0.205849 0.193036 0.1447 0.116669 0.0760912 0.0342217 0.00950174 0.001854 0.000860785 0 0 0 0.000165536 0 0.000143464 0 0 0
 0 0 0 0 0 0 0 0.000145254 0.000435761 0.0275982 0.070085 0.0708112 0.156366 0.174668 0.174014 0.160142 0.0824315 0.0480064 0.0283245 0.00493863 0.00203355 0 0 0 0 0
 0 0 0 0 0 0 0 0 0 0 0 0 0 0 0 0 0 0 0 0 0 0 0 0 0 0
 0 0 1.00437e-05 0.000401748 0.00122533 0.00171747 0.00176769 0.0269171 0.070346 0.194647 0.189555 0.159765 0.064822 0.0314167 0.0384472 0.0292271 0.0345202 0.0313363 0.0194345 0.0106764 0.0143323 0.0359363 0.0279516 0.0138201 0.00172751 0
 0 0.0021121 0.0136068 0.0755702 0.200478 0.177729 0.0527432 0.0373336 0.0318909 0.0142505 0.0149659 0.0166563 0.0217959 0.0798694 0.0677717 0.0528807 0.04013 0.0224614 0.0357745 0.0225083 0.00881397 0.00855152 0.00135912 0.000746735 0 0
 0 0 0 0 5.4009e-05 0.00500934 0.000945158 0.0243581 0.138947 0.33067 0.221406 0.137944 0.0707744 0.0437923 0.0131692 0.00525238 0.0047753 0.00276346 9.45158e-05 9.00151e-06 2.25038e-05 9.00151e-06 4.50075e-06 0 0 0
 0.000866109 0.00284123 0.00948549 0.0512746 0.133035 0.25785 0.225252 0.132002 0.0553304 0.0519788 0.0540692 0.017754 0.00435017 0.00159236 0.00146478 0.000404838 0.000125132 0.000115318 0.000107957 0.000100596 0 0 0 0 0 0
 0 0 0 0 0.00144013 0.00171154 0.00461396 0.0210425 0.0478622 0.0707936 0.0888783 0.103762 0.0637923 0.0337046 0.0602308 0.124433 0.169614 0.0934646 0.0462172 0.0250306 0.0313229 0.00938855 0.002487 0.000210481 0 0
 0 0.00764035 0.051015 0.0998891 0.058973 0.0496711 0.0374665 0.0718981 0.12319 0.153886 0.159021 0.0857701 0.0377988 0.023471 0.0147837 0.00900784 0.00315554 0.000888139 0.00291439 0.00214683 0.00393193 0.00274676 0.000635225 9.99891e-05 0 0
 0 0 0 0 0 0 0 0 0 0 0 0 0 0 0 0 0 0 0 0 0 0 0 0 0 0
 0 0 0 0 0 0 0 0 0 0 0 0 0 0 0 0 0 0 0 0 0 0 0 0 0 0
 0 0 0 0 0 0 0 0 0 0 0 0 0 0 0 0 0 0 0 0 0 0 0 0 0 0
 0 0 0 0 0 0 0 0 0 0 0 0 0 0 0 0 0 0 0 0 0 0 0 0 0 0
 0 0 0 0 0 0 0 0 0 0 0 0 0 0 0 0 0 0 0 0 0 0 0 0 0 0
 0 0 0 0 0 0 0 0 0 0 0 0 0 0 0 0 0 0 0 0 0 0 0 0 0 0
 0 0 0 0 0 0 0 0 0 0 0 0 0 0 0 0 0 0 0 0 0 0 0 0 0 0
ppred_pel_tallas
 1.12233e-16 4.26006e-05 0.000414093 0.00275179 0.0125093 0.038921 0.0829257 0.121035 0.121046 0.0829817 0.0391105 0.0130634 0.0041676 0.00358703 0.00630899 0.0109881 0.0172773 0.0247434 0.0328588 0.0411989 0.0493713 0.0566602 0.061802 0.0633018 0.0602005 0.0527329
 1.21611e-16 3.97343e-05 0.000386232 0.00256665 0.0116676 0.0363025 0.0773472 0.112896 0.112922 0.0774743 0.0367297 0.0129031 0.0056733 0.00718724 0.0130156 0.0216207 0.0315601 0.0406421 0.0467412 0.0490878 0.048797 0.048071 0.0486606 0.0507711 0.0531103 0.0538271
 1.16818e-16 5.20115e-05 0.00050557 0.00335969 0.0152727 0.0475191 0.101245 0.147774 0.147791 0.10133 0.047805 0.0161004 0.00544394 0.005078 0.00880308 0.0146504 0.02153 0.028006 0.0326711 0.0349512 0.0354426 0.0354196 0.0359019 0.0370266 0.0381132 0.0382076
 1.06596e-16 6.44364e-05 0.000626345 0.00416228 0.0189211 0.0588708 0.125431 0.183073 0.183086 0.125496 0.0590902 0.0195556 0.00575677 0.00411403 0.00670902 0.0110456 0.0160419 0.0204726 0.023146 0.0235485 0.0221512 0.0200635 0.018309 0.0172913 0.0167685 0.016205
 1.04353e-16 5.80873e-05 0.000564629 0.00375216 0.0170568 0.0530701 0.113072 0.165037 0.165059 0.113181 0.0534365 0.0181152 0.00640968 0.00636862 0.0110887 0.018261 0.0263508 0.0332479 0.0368441 0.0361785 0.0320052 0.0262646 0.0208949 0.016913 0.0142973 0.0124724
 1.0299e-16 6.56256e-05 0.000637904 0.0042391 0.0192703 0.0599572 0.127746 0.186451 0.186465 0.127814 0.0601854 0.0199299 0.00589673 0.0042634 0.00697127 0.0114738 0.0166455 0.0211905 0.0238278 0.0239587 0.0219952 0.0190275 0.0161122 0.0137552 0.0118943 0.0102263
 1.04984e-16 4.51942e-05 0.000439304 0.00291933 0.0132709 0.0412908 0.0879757 0.12841 0.128445 0.0881458 0.041862 0.014921 0.00706259 0.00948804 0.0172421 0.0284644 0.0410737 0.0518092 0.0573734 0.0562462 0.0495741 0.0403524 0.0315869 0.0248771 0.0202437 0.0168809
 1.10156e-16 4.28204e-05 0.00041623 0.00276599 0.0125738 0.039122 0.0833544 0.121664 0.12169 0.083481 0.0395476 0.0138061 0.00586974 0.0072264 0.0130784 0.0218199 0.0320513 0.0416106 0.0482872 0.0510186 0.0504052 0.0480508 0.0453184 0.0425566 0.0392885 0.0349552
 1.12402e-16 5.05002e-05 0.00049088 0.00326207 0.0148289 0.0461383 0.0983033 0.143481 0.1435 0.0983992 0.0464607 0.0157618 0.00561066 0.00564141 0.00990246 0.0164777 0.0241786 0.0313661 0.0364142 0.0386219 0.0385957 0.0377042 0.0370499 0.0367978 0.0362891 0.0346737
 1.06857e-16 6.34067e-05 0.000616336 0.00409577 0.0186188 0.05793 0.123427 0.180147 0.180161 0.123494 0.0581561 0.0192726 0.00573957 0.00421341 0.00692085 0.0114108 0.0165991 0.021238 0.0241101 0.0246865 0.0234366 0.0214688 0.0197929 0.0187851 0.0181791 0.0174372
 1.02257e-16 7.05606e-05 0.000685874 0.00455787 0.0207194 0.0644659 0.137352 0.200471 0.200482 0.137404 0.0646415 0.0212266 0.00583147 0.00346769 0.00535836 0.00875923 0.0126413 0.0159625 0.0177138 0.0174376 0.0154958 0.0128142 0.0103134 0.00846913 0.00725916 0.00639921
 1.01547e-16 6.52828e-05 0.000634572 0.00421696 0.0191697 0.0596441 0.127079 0.185479 0.185496 0.127162 0.0599255 0.0199823 0.00625652 0.00508628 0.00851784 0.013973 0.0201095 0.0252606 0.027773 0.0268826 0.0231648 0.0181397 0.0133631 0.00970951 0.00726014 0.00564956
 1.02184e-16 6.1392e-05 0.000596752 0.00396563 0.0180272 0.0560894 0.119505 0.174425 0.174445 0.119601 0.0564108 0.0189557 0.00629755 0.00569107 0.00974725 0.016045 0.0231718 0.0292714 0.0324862 0.0319457 0.0282611 0.0230707 0.018024 0.0140088 0.0110698 0.00882674
 1.03383e-16 5.81217e-05 0.000564963 0.00375438 0.0170669 0.0531015 0.113139 0.165134 0.165156 0.113244 0.0534519 0.0180796 0.00629847 0.0061258 0.0106399 0.0175519 0.0254047 0.0322106 0.0359744 0.0357636 0.0322316 0.0271129 0.0221208 0.0181258 0.0150984 0.0125909
 1.02948e-16 6.56609e-05 0.000638247 0.00424138 0.0192807 0.0599895 0.127814 0.186552 0.186566 0.127883 0.0602192 0.0199446 0.00590981 0.0042867 0.00701317 0.0115386 0.0167289 0.0212757 0.0238871 0.0239627 0.0219271 0.0188922 0.0159366 0.0135771 0.0117464 0.0101238
 1.00506e-16 7.85684e-05 0.000763712 0.00507514 0.0230708 0.071782 0.152939 0.22322 0.223224 0.152957 0.0718405 0.0232399 0.00549966 0.00169085 0.00184054 0.0029215 0.00420815 0.00530712 0.00587585 0.00575816 0.00507146 0.00412287 0.00322087 0.00253014 0.0020536 0.00170923
 1.01332e-16 3.60543e-05 0.000350461 0.00232894 0.0105871 0.0329405 0.0701852 0.102448 0.1025 0.0704375 0.0337875 0.0130323 0.00846227 0.0137247 0.0253925 0.0418069 0.0599509 0.0748208 0.0813413 0.077172 0.0641319 0.0470374 0.0309226 0.0187755 0.0110748 0.00675307
 1.0149e-16 7.56982e-05 0.000735813 0.00488974 0.022228 0.0691597 0.147352 0.215065 0.215069 0.147369 0.0692174 0.0223955 0.00531292 0.00166895 0.00187512 0.00305088 0.00455155 0.00606336 0.00730873 0.00813845 0.00857822 0.00873864 0.00867483 0.00833228 0.00762008 0.00652827
 1.01997e-16 5.43231e-05 0.00052804 0.00350901 0.0159515 0.0496311 0.105745 0.154345 0.154375 0.105893 0.0501255 0.0173789 0.00708984 0.00833737 0.0148633 0.0244282 0.0350504 0.0437993 0.0477337 0.0455134 0.0382198 0.028664 0.019752 0.0131594 0.00907292 0.00677961
 1.04303e-16 5.47204e-05 0.000531902 0.00353468 0.0160681 0.0499941 0.106518 0.155471 0.155493 0.106624 0.0503487 0.0170939 0.0061148 0.00618179 0.0108358 0.0179595 0.0261722 0.0335456 0.0381229 0.0389548 0.0365872 0.0325476 0.0282894 0.0244678 0.0209834 0.0175044
 1.03934e-16 6.46894e-05 0.000628804 0.00417862 0.0189954 0.0591019 0.125923 0.183792 0.183806 0.125991 0.0593296 0.0196539 0.00583391 0.0042503 0.00696627 0.0114769 0.0166752 0.0212855 0.0240519 0.0244003 0.0227564 0.0202006 0.0177472 0.0158292 0.0142955 0.0127662
 1.02761e-16 6.48532e-05 0.000630396 0.00418921 0.0190435 0.0592516 0.126242 0.184258 0.184274 0.126321 0.0595168 0.0198096 0.00611279 0.0048317 0.00805015 0.0132226 0.0190814 0.0240815 0.026695 0.0262221 0.0232003 0.0190221 0.0150788 0.0121012 0.0100801 0.00861885
 1.06564e-16 3.07034e-05 0.000298448 0.00198329 0.0090158 0.0280518 0.059769 0.0872446 0.0872924 0.0600026 0.0288364 0.0112828 0.00767641 0.0127352 0.0236756 0.0391578 0.0565588 0.0714445 0.0792972 0.0780136 0.0691176 0.0566427 0.0446351 0.0352466 0.0285285 0.0234627
 1.06364e-16 6.45514e-05 0.000627463 0.00416971 0.0189549 0.0589758 0.125654 0.183398 0.183406 0.125694 0.0591073 0.0193368 0.00513594 0.0027618 0.00419166 0.00702028 0.0105581 0.0142238 0.0174495 0.0199481 0.0218012 0.0232268 0.0242454 0.0245642 0.0237804 0.0217042
 1.05755e-16 5.59243e-05 0.000543604 0.00361244 0.0164216 0.0510939 0.108862 0.158892 0.158917 0.108981 0.0514925 0.0175728 0.00650208 0.00685174 0.0120369 0.0198148 0.0285534 0.0359524 0.0397243 0.0388584 0.0342446 0.0280803 0.0225394 0.0187258 0.0165237 0.0151479
 1.0866e-16 4.09668e-05 0.000398212 0.00264626 0.0120295 0.0374286 0.0797467 0.1164 0.116433 0.0799086 0.0379723 0.0136017 0.0065985 0.0090459 0.016523 0.0274041 0.0398306 0.0508383 0.0574108 0.0581338 0.0539699 0.0474596 0.0410385 0.035829 0.0316256 0.0276875
 1.0625e-16 6.42127e-05 0.00062417 0.00414783 0.0188554 0.0586663 0.124995 0.182436 0.182447 0.125048 0.0588425 0.0193656 0.00543348 0.00344751 0.00547581 0.00908161 0.0133845 0.0174845 0.0205042 0.0220423 0.0223669 0.0221238 0.0218076 0.0214454 0.0206986 0.0192113
 1.04401e-16 6.07338e-05 0.000590354 0.00392311 0.0178339 0.055488 0.118224 0.172555 0.172575 0.11832 0.0558126 0.0187714 0.00627674 0.00572967 0.00982549 0.0161596 0.0233046 0.0293814 0.0325268 0.0319059 0.0282159 0.0232096 0.0186258 0.0153572 0.0133386 0.0119882
 1.08239e-16 3.31269e-05 0.000322005 0.00213984 0.00972743 0.0302659 0.0644862 0.0941284 0.0941711 0.0646947 0.0309663 0.0117517 0.00722563 0.0114397 0.0211925 0.0351008 0.0508359 0.0645037 0.0721358 0.0718805 0.0650497 0.055107 0.0454633 0.0378352 0.0321307 0.0274129
 1.1607e-16 3.93412e-05 0.00038241 0.00254125 0.0115522 0.0359432 0.0765816 0.111777 0.111798 0.0766828 0.036284 0.0125406 0.00503867 0.00588835 0.0106554 0.0179715 0.0268675 0.0358568 0.0434126 0.0488014 0.0523613 0.0549052 0.0567879 0.0574916 0.0560406 0.0517985
 1.06141e-16 7.05546e-05 0.000685816 0.00455749 0.0207177 0.0644605 0.13734 0.200453 0.20046 0.137373 0.0645703 0.0210356 0.00535796 0.00244125 0.00342858 0.00562175 0.00825043 0.0107243 0.0125078 0.0133969 0.0136418 0.0137452 0.0140884 0.0146806 0.0151931 0.015198
pSPR Fmed_Fpbrs
0.621279   0.220973 0.220973
Fs Fmed_Fpbrs
0.265368   1.005 1.005
SSBpbr Bo_Bmed_Bpbrs
1.82801e+06  1.0443e+06  312541 312541
Ro
167705
SPR SPRFo_SPRFmed_SPRFpbrs
1.19874e+06 744752 264890
Fref
1.005
Nvult_r0
 199221 17016 7473.86 8140.69 2876.65
CTP_r0
 27798.1 2948.22 1311.62 1429.62 505.198
YTP_r0
391295
Np
 231392 90685.5 7234.53 3162.8 4468.06
Nvult_p0
 191781 78272.8 6259.48 2736.88 3866.39
CTP_p0
 83123.7 38913.5 3136.18 1371.82 1938.01
YTP_p0
 1.43206e+06
CBA_c0
703525
log_Ro
11.85
likeval ReclasPelacesDesembMPH_pf_preclas_ppelaces_ptallas_desvR_qrecl_qpela
 13.1546 18.3162 0.0545038 0.00260364 240.964 118.355 98.5523 0 24.9284 0 0 0.277632 0 0 0
q_reclas_q_pelaces
1 1
M
1
N
 189945 42653.7 131695 8114.18 0.271572
 106635 62474.1 13577.2 41825.6 2576.79
 107376 31965.8 17639.6 3817.71 12482.5
 169733 32339.8 9080.62 4990.71 4610.73
 136028 45810.8 7972.89 2224.73 2351.52
 237513 45029.4 14703.9 2553.61 1465.54
 96763.4 71181.8 12710.1 4133.22 1129.51
 43018.5 22449.8 14432.3 2553.13 1056.61
 41428.8 14670.8 7488.4 4806.71 1202.13
 55618.3 11322.2 3675.72 1864.97 1496
 104002 13768.6 2496.35 803.976 734.809
 141266 34896.7 4497.29 813.876 501.633
 117879 35083.6 7726.15 987.831 288.827
 82517.8 30039.3 8030.41 1755.4 289.943
 81112.2 16337.1 4961.88 1309.97 333.423
 463913 19463.4 3459.79 1041.77 344.877
 95629.4 123261 4702.09 830.365 332.683
 701045 28662 34795.5 1321.87 326.888
 410463 209408 8055.75 9738.59 461.352
 314769 112563 52700.2 2015.34 2550.95
 463614 88905.9 29429.2 13704.9 1187.14
 615321 139337 25186.6 8303.2 4200.74
 127017 175133 36791.6 6616.12 3283.65
 375726 40183.5 53014.9 11103.4 2987.17
 315029 120877 12430.7 16355.7 4346.46
 143296 101241 37341.2 3829.6 6376.9
 324096 47270.4 32349.5 11905.4 3253.71
 364479 104258 14621.4 9979.09 4675.54
 106209 119645 33102.8 4631.75 4641.69
 76728.7 35182.1 38436 10611.8 2972.44
 289907 24250.5 10636.7 11584.8 4093.68
pred_Ctot
 12836.7 3675.95 11516.4 710.116 0.0237677
 12690 9381.26 2067.25 6373 392.643
 12508.1 4701.05 2630.47 569.73 1862.88
 29303.6 6965.12 1981.49 1089.78 1006.84
 8687.72 3733.87 659.424 184.146 194.649
 28295.2 6768.75 2241.13 389.5 223.546
 23448.3 21187 3828.96 1245.94 340.498
 1996.68 1334.43 870.728 154.157 63.8004
 6897.93 3051.29 1578.13 1013.69 253.527
 11873.9 2988.39 982.356 498.752 400.092
 5822.97 985.362 181.308 58.4376 53.4124
 29951.4 9150.35 1194.08 216.237 133.282
 23589.6 8705.82 1941.67 248.42 72.637
 25317.6 11151.1 3014.12 659.253 108.894
 18456.2 4581.32 1408.61 372.122 94.7186
 83631.8 4369.86 786.928 237.113 78.4988
 11388.6 18522.3 716.441 126.613 50.729
 84749.7 4370.45 5379.64 204.521 50.5783
 67643.4 43123.9 1680.99 2033.57 96.3409
 47211.1 21164.2 10042.6 384.318 486.475
 54531.4 13199.1 4430.2 2064.62 178.847
 89887.2 25537.5 4678.81 1543.55 780.941
 11382.7 19924.8 4245.97 764.117 379.255
 30131.5 4098.96 5486.34 1149.93 309.382
 25455.2 12422 1295.98 1706.5 453.513
 9440.28 8508.33 3184.36 326.831 544.249
 26006.3 4824.66 3349.68 1233.7 337.181
 25042.9 9132.97 1299.63 887.68 415.925
 6741.82 9692.98 2721.37 381.07 381.903
 6917.79 4026.47 4462.1 1232.87 345.351
 27798.1 2948.22 1311.62 1429.62 505.198
F
 0.11198 0.14472 0.146981 0.147102 0.147109
 0.204746 0.264609 0.268744 0.268966 0.268977
 0.200039 0.258525 0.262565 0.262781 0.262793
 0.309703 0.400253 0.406508 0.406843 0.40686
 0.105547 0.136407 0.138539 0.138653 0.138659
 0.204984 0.264916 0.269057 0.269278 0.26929
 0.460987 0.595768 0.605079 0.605577 0.605603
 0.0757722 0.097926 0.0994565 0.0995383 0.0995427
 0.297213 0.38411 0.390113 0.390435 0.390451
 0.396119 0.511934 0.519934 0.520362 0.520385
 0.0920159 0.118919 0.120778 0.120877 0.120882
 0.392906 0.507782 0.515718 0.516143 0.516165
 0.367153 0.474499 0.481915 0.482311 0.482332
 0.619574 0.800721 0.813235 0.813905 0.81394
 0.4273 0.552232 0.560862 0.561324 0.561348
 0.32539 0.420526 0.427098 0.42745 0.427468
 0.204908 0.264818 0.268957 0.269178 0.26919
 0.208288 0.269186 0.273393 0.273618 0.27363
 0.293773 0.379665 0.385599 0.385916 0.385933
 0.264262 0.341525 0.346863 0.347149 0.347164
 0.202159 0.261264 0.265348 0.265566 0.265578
 0.2566 0.331623 0.336806 0.337083 0.337098
 0.150863 0.194972 0.198019 0.198182 0.19819
 0.134086 0.173289 0.175997 0.176142 0.17615
 0.135161 0.174678 0.177408 0.177554 0.177562
 0.109028 0.140906 0.143108 0.143226 0.143232
 0.134169 0.173397 0.176107 0.176252 0.176259
 0.113939 0.147252 0.149554 0.149677 0.149683
 0.104873 0.135536 0.137654 0.137767 0.137773
 0.151838 0.196231 0.199298 0.199462 0.199471
 0.162161 0.209573 0.212848 0.213023 0.213033
YTP_r0W_actual
 236284 48056 37905.9 49750.6 19298.6
YTP_p0W_proyectada
 625091 627286 73324 40468.7 65892.4
CTP_r0_actual
 27798.1 2948.22 1311.62 1429.62 505.198
CTP_p0_proyectada
 83123.7 38913.5 3136.18 1371.82 1938.01
Wmedp
 7.52 16.12 23.38 29.5 34
Frms_r0
 0.162161 0.209573 0.212848 0.213023 0.213033
Zrms_r0
 1.16216 1.20957 1.21285 1.21302 1.21303
nmprior
 8.19 8.8 8.5 0
nm_flota  nm_reclas  nm_pelaces    nm_pelaL
inf 12.7609 18.3348 43.8791
cv_recla  cv_pelaces  cv_mph
0.328068 0.485277 1.57469
 ------------------------------------------------
Talla a la edad & desviaci?n 
 8 13.2811 15.8009 17.003 17.5766
 0.8 1.32811 1.58009 1.7003 1.75766
