years
 1991 1992 1993 1994 1995 1996 1997 1998 1999 2000 2001 2002 2003 2004 2005 2006 2007 2008 2009 2010 2011 2012 2013 2014 2015 2016 2017 2018 2019 2020 2021
reclasobs
 0 0 0 0 0 0 0 0 0 252601 567819 844713 477998 351125 339783 2.1784e+06 2.13404e+06 4.81314e+06 1.55562e+06 2.62356e+06 3.21686e+06 3.843e+06 1.13348e+06 3.07943e+06 1.97215e+06 2.03268e+06 2.025e+06 2.42433e+06 2.27542e+06 1.05018e+06 2.36338e+06
reclaspred
 2.91582e+06 1.49574e+06 725157 377877 142015 1.49108e+06 625183 324769 216187 207121 381238 613925 592160 412597 345810 1.68396e+06 1.26729e+06 3.87594e+06 3.11562e+06 1.96796e+06 3.68786e+06 3.11478e+06 2.03512e+06 3.43254e+06 2.37141e+06 1.83188e+06 2.5825e+06 3.27476e+06 2.46873e+06 1.17105e+06 1.70928e+06
pelacesobs
 0 0 0 0 0 0 0 0 0 0 0 0 0 0 0 552880 188675 0 991730 2.46772e+06 1.41603e+06 1.21717e+06 2.29649e+06 1.80582e+06 0 1.4828e+06 1.56532e+06 1.57751e+06 1.42118e+06 867257 1.10002e+06
pelacespred
 832250 436085 195672 70900.9 27956.4 413054 128470 96171.4 46620.7 45618.1 104592 139458 150010 102439 86891.5 401704 303152 1.12746e+06 896820 521367 992395 853278 565280 1.08214e+06 704574 544144 889036 1.101e+06 688900 375419 520444
mphobs
 0 0 0 0 0 0 0 0 0 0 0 498337 0 5186 125008 0 168611 109162 213762 579715 649985 157893 87575 83554 0 0 0 0 0 0 0
mphpred
 1.79093e+06 946703 427078 216091 77567.2 37334.5 484137 158162 84201.3 39842.7 45182.3 151160 184038 139257 72721.2 83771 664639 458265 1.36742e+06 951886 844806 1.16784e+06 1.14323e+06 759407 1.18815e+06 884860 627730 829904 1.41707e+06 827455 362201
desembarqueobs
 494567 514787 250237 358949 120608 361735 552515 73892 212993 205616 52469 317467 293654 387597 252695 516296 358380 742168 942051 627588 828172 859565 418607 520667 417249 300574 415391 372974 316634 284311 391294
desembarquepred
 494519 514875 249641 358826 120564 361587 552007 73879.8 212848 205496 52464.3 317318 293485 387162 252504 516010 358308 741799 941130 626949 827914 859072 418466 520552 417102 300456 415249 372848 316528 284188 391172
Reclutas
 70060.5 106326 86776.9 42837.8 21057.1 278225 33415.6 9941.09 25138.5 52506.1 65572.2 121248 92364.4 67229.1 51588 408964 35074 657070 329030 207625 389862 509688 49914.2 285092 198692 73647.8 247536 307188 45525.3 26260.9 181384
log_desv_Rt
 -0.348446 0.0687009 -0.134465 -0.840383 -1.55057 1.03062 -1.08878 -2.30113 -1.37341 -0.636876 -0.414652 0.20003 -0.0720626 -0.389698 -0.654516 1.41582 -1.04034 1.88999 1.19835 0.737927 1.36799 1.63599 -0.687499 1.05501 0.69395 -0.29851 0.913752 1.12966 -0.779538 -1.32972 0.602813
SSB
 1.79093e+06 946703 427078 216091 77567.2 37334.5 484137 158162 84201.3 39842.7 45182.3 151160 184038 139257 72721.2 83771 664639 458265 1.36742e+06 951886 844806 1.16784e+06 1.14323e+06 759407 1.18815e+06 884860 627730 829904 1.41707e+06 827455 362201
BT
 2.36014e+06 1.52133e+06 686729 450209 164979 1.27203e+06 778658 289474 310293 298844 285101 582784 609375 635610 452375 1.33648e+06 980572 3.26791e+06 2.96185e+06 1.7796e+06 2.97121e+06 2.75953e+06 1.66704e+06 2.98772e+06 2.01917e+06 1.52659e+06 2.48328e+06 2.91472e+06 1.85294e+06 1.15975e+06 1.58231e+06
Ftot
 0.262978 0.549106 0.556884 1.40312 1.31472 0.550151 1.23061 0.373099 1.68059 1.82053 0.296583 0.962334 0.893296 1.62862 1.39826 0.678973 0.439394 0.406481 0.521897 0.545959 0.423439 0.502926 0.3218 0.300445 0.299844 0.272718 0.319478 0.228412 0.197586 0.375018 0.462922
BD_Bspro_t
 0.958796 0.714271 0.478309 0.340388 0.14925 0.105397 0.483933 0.206208 0.162385 0.105347 0.146452 0.432069 0.349577 0.255489 0.149272 0.173827 0.496768 0.397384 0.594943 0.475087 0.405113 0.481686 0.505507 0.445862 0.58677 0.574987 0.552476 0.642344 0.732827 0.621351 0.468652
BD_Bspro
 2.52405 1.33424 0.601902 0.304548 0.109319 0.0526173 0.682318 0.222906 0.118669 0.0561523 0.0636777 0.213038 0.259374 0.196261 0.10249 0.118063 0.936709 0.645856 1.92718 1.34154 1.19063 1.6459 1.61121 1.07027 1.67452 1.24708 0.88469 1.16962 1.99715 1.16617 0.510468
BD_Bo
 1.14002 0.602626 0.271857 0.137553 0.0493756 0.0237653 0.308178 0.100678 0.0535985 0.025362 0.0287609 0.0962214 0.11715 0.0886441 0.0462909 0.0533246 0.423078 0.29171 0.870437 0.605925 0.537763 0.743392 0.727724 0.483402 0.756322 0.56326 0.399583 0.528277 0.902042 0.526718 0.23056
BD_Brms
 5.70345 3.01489 1.36008 0.688169 0.247022 0.118896 1.54179 0.503687 0.268149 0.126884 0.143889 0.481388 0.586091 0.44348 0.23159 0.266779 2.11662 1.4594 4.35473 3.0314 2.69039 3.71913 3.64075 2.41842 3.78382 2.81795 1.99908 2.64293 4.51284 2.63513 1.15347
Sel_flota
 0.632838 1 1 1 1
 0.632838 1 1 1 1
 0.632838 1 1 1 1
 0.632838 1 1 1 1
 0.632838 1 1 1 1
 0.632838 1 1 1 1
 0.632838 1 1 1 1
 0.632838 1 1 1 1
 0.632838 1 1 1 1
 0.632838 1 1 1 1
 0.632838 1 1 1 1
 0.632838 1 1 1 1
 0.632838 1 1 1 1
 0.632838 1 1 1 1
 0.632838 1 1 1 1
 0.632838 1 1 1 1
 0.632838 1 1 1 1
 0.632838 1 1 1 1
 0.632838 1 1 1 1
 0.632838 1 1 1 1
 0.632838 1 1 1 1
 0.632838 1 1 1 1
 0.632838 1 1 1 1
 0.632838 1 1 1 1
 0.632838 1 1 1 1
 0.632838 1 1 1 1
 0.632838 1 1 1 1
 0.632838 1 1 1 1
 0.632838 1 1 1 1
 0.632838 1 1 1 1
 0.632838 1 1 1 1
Sel_reclas
 1 1 1 1 1
 1 1 1 1 1
 1 1 1 1 1
 1 1 1 1 1
 1 1 1 1 1
 1 1 1 1 1
 1 1 1 1 1
 1 1 1 1 1
 1 1 1 1 1
 1 1 1 1 1
 1 1 1 1 1
 1 1 1 1 1
 1 1 1 1 1
 1 1 1 1 1
 1 1 1 1 1
 1 1 1 1 1
 1 1 1 1 1
 1 1 1 1 1
 1 1 1 1 1
 1 1 1 1 1
 1 1 1 1 1
 1 1 1 1 1
 1 1 1 1 1
 1 1 1 1 1
 1 1 1 1 1
 1 1 1 1 1
 1 1 1 1 1
 1 1 1 1 1
 1 1 1 1 1
 1 1 1 1 1
 1 1 1 1 1
Sel_pelaces
 1 1 1 1 1
 1 1 1 1 1
 1 1 1 1 1
 1 1 1 1 1
 1 1 1 1 1
 1 1 1 1 1
 1 1 1 1 1
 1 1 1 1 1
 1 1 1 1 1
 1 1 1 1 1
 1 1 1 1 1
 1 1 1 1 1
 1 1 1 1 1
 1 1 1 1 1
 1 1 1 1 1
 1 1 1 1 1
 1 1 1 1 1
 1 1 1 1 1
 1 1 1 1 1
 1 1 1 1 1
 1 1 1 1 1
 1 1 1 1 1
 1 1 1 1 1
 1 1 1 1 1
 1 1 1 1 1
 1 1 1 1 1
 1 1 1 1 1
 1 1 1 1 1
 1 1 1 1 1
 1 1 1 1 1
 1 1 1 1 1
pf_obs 
 0.8446 0.082 0.0669 0.0065 0
 0.8095 0.147 0.0364 0.0071 0
 0.9664 0.0169 0.016 0.0007 0
 0.9276 0.0648 0.0075 0.0001 0
 0.7033 0.2144 0.0806 0.0017 0
 0.9318 0.0425 0.0243 0.0014 0
 0.5671 0.3108 0.0964 0.0239 0.0018
 0.0768 0.2599 0.5324 0.112 0.0189
 0.490249 0.384438 0.106611 0.0170017 0.00170017
 0.7925 0.1577 0.0466 0.003 0.0002
 0.840416 0.127587 0.0312969 0.00059994 9.999e-05
 0.8084 0.0986 0.0794 0.0134 0.0002
 0.7335 0.1905 0.0724 0.0035 0.0001
 0.4001 0.4547 0.1325 0.0127 0
 0.49795 0.308269 0.164784 0.0264974 0.00249975
 0.9179 0.0499 0.0305 0.0017 0
 0.2467 0.6533 0.0926 0.0074 0
 0.9418 0.0223 0.034 0.0019 0
 0.707729 0.231977 0.0356964 0.0245975 0
 0.517169 0.277429 0.184464 0.0207286 0.00020938
 0.811772 0.124168 0.05621 0.00726502 0.000585176
 0.764997 0.148141 0.077277 0.00933861 0.000247198
 0.163321 0.427699 0.378323 0.0303852 0.000271297
 0.753843 0.0900009 0.118128 0.0371064 0.000921714
 0.721811 0.176058 0.0630433 0.0369309 0.00215725
 0.143369 0.312575 0.442814 0.0836902 0.0175525
 0.692698 0.0596174 0.167031 0.0765114 0.00414204
 0.394062 0.376323 0.152708 0.0712218 0.00568511
 0.125707 0.32114 0.495352 0.0537591 0.00404204
 0.23352 0.215282 0.420074 0.123614 0.00750983
 0.774587 0.0839891 0.0768558 0.0609784 0.00358967
pf_pred 
 0.278661 0.233179 0.431846 0.0563132 1.00092e-06
 0.566784 0.170147 0.0850391 0.157492 0.0205375
 0.600941 0.279618 0.0469106 0.0234458 0.049084
 0.511438 0.356505 0.0925317 0.0155237 0.0240017
 0.628728 0.259833 0.0813179 0.0211062 0.00901565
 0.977965 0.0173293 0.00329339 0.00103071 0.000381796
 0.252334 0.738371 0.00731009 0.00138927 0.000595842
 0.329616 0.280068 0.385464 0.00381621 0.00103632
 0.754292 0.112473 0.0556619 0.076609 0.000964414
 0.91863 0.071666 0.00444213 0.00219837 0.00306377
 0.872746 0.122905 0.00383016 0.000237408 0.000281233
 0.800375 0.183744 0.0153379 0.000477986 6.47239e-05
 0.706779 0.260449 0.0301656 0.00251805 8.90977e-05
 0.68769 0.257465 0.0487152 0.00564227 0.000487651
 0.786589 0.179101 0.0282843 0.0053517 0.000673414
 0.970002 0.0267367 0.00273687 0.000432216 9.20705e-05
 0.191902 0.794786 0.0118647 0.00121452 0.000232659
 0.929639 0.0206025 0.0489388 0.000730568 8.91096e-05
 0.534699 0.4458 0.00571006 0.0135636 0.000227177
 0.522677 0.320462 0.150287 0.00192496 0.00464911
 0.762462 0.157232 0.0539151 0.0252846 0.00110603
 0.728057 0.230588 0.0273741 0.00938662 0.0045946
 0.166966 0.687863 0.123095 0.0146132 0.00746362
 0.761572 0.0605081 0.146914 0.0262908 0.00471517
 0.561033 0.370308 0.0174243 0.0423064 0.00892869
 0.354131 0.441336 0.172542 0.00811873 0.0238726
 0.775259 0.107689 0.0799839 0.03127 0.00579783
 0.697741 0.258134 0.0211435 0.0157039 0.00727781
 0.193957 0.639329 0.142376 0.0116619 0.0126758
 0.252266 0.212492 0.424538 0.0945431 0.0161611
 0.855162 0.053139 0.026059 0.0520635 0.0135763
pobs_RECLAS
 0 0 0 0 0
 0 0 0 0 0
 0 0 0 0 0
 0 0 0 0 0
 0 0 0 0 0
 0 0 0 0 0
 0 0 0 0 0
 0 0 0 0 0
 0 0 0 0 0
 0 0 0 0 0
 0.991045 0.00858322 0.000360255 1.14367e-05 0
 0.934742 0.0480273 0.0164251 0.00080598 0
 0.827803 0.169806 0.00239088 0 0
 0.941827 0.0461693 0.0120037 0 0
 0.791401 0.0380133 0.147996 0.0225897 0
 0.846168 0.0940531 0.0597789 0 0
 0.134021 0.677848 0.182769 0.00536245 0
 0.80878 0.0450904 0.141981 0.00414843 0
 0.846168 0.0940531 0.0597789 0 0
 0.905697 0.0802665 0.012482 0.00150086 5.37128e-05
 0.989698 0.0102097 9.19794e-05 0 0
 0.975433 0.0193895 0.00387452 0.00125025 5.28907e-05
 0.303575 0.632131 0.0575291 0.00676475 0
 0.966965 0.00978017 0.0227588 0.000495775 0
 0.843318 0.132988 0.00938335 0.0141283 0.000182051
 0.564624 0.303363 0.111486 0.0197234 0.00080311
 0.826376 0.0876187 0.0782897 0.00655872 0.00115652
 0.89761 0.0855135 0.0140674 0.00269457 0.000114338
 0.34875 0.467042 0.161289 0.0227151 0.000203297
 0.318654 0.224769 0.449479 0.00709798 0
 0.937255 0.0296025 0.0250945 0.00804832 0
ppred_RECLAS
 0.381301 0.199999 0.370399 0.0483004 8.585e-07
 0.679135 0.126021 0.0629848 0.116648 0.0152113
 0.709072 0.203852 0.0341996 0.0170929 0.035784
 0.643128 0.26041 0.0675901 0.0113394 0.0175321
 0.743115 0.179779 0.0562641 0.0146035 0.00623796
 0.986265 0.010802 0.00205289 0.000642479 0.000237988
 0.364047 0.628047 0.00621785 0.00118169 0.000506815
 0.440805 0.233616 0.321532 0.00318326 0.000864437
 0.844346 0.0712507 0.0352614 0.0485311 0.000610948
 0.952903 0.0414806 0.00257112 0.00127243 0.00177332
 0.916368 0.0807736 0.0025172 0.000156026 0.000184828
 0.869454 0.12016 0.0100303 0.000312582 4.23266e-05
 0.799373 0.178203 0.0206398 0.0017229 6.09622e-05
 0.794709 0.16924 0.032022 0.00370884 0.000320548
 0.863805 0.114299 0.0180505 0.00341536 0.000429761
 0.981381 0.0165951 0.00169873 0.00026827 5.71468e-05
 0.276391 0.711689 0.0106242 0.00108754 0.000208334
 0.954989 0.0131797 0.0313069 0.000467356 5.70049e-05
 0.649898 0.335429 0.00429636 0.0102055 0.000170932
 0.639145 0.242268 0.113617 0.00145527 0.00351471
 0.83763 0.107477 0.036854 0.0172834 0.000756035
 0.812043 0.159373 0.0189199 0.00648766 0.00317561
 0.242755 0.625281 0.111896 0.0132837 0.00678458
 0.836172 0.0415761 0.100947 0.0180648 0.00323987
 0.671291 0.277295 0.0130478 0.03168 0.00668601
 0.466691 0.364421 0.142472 0.00670382 0.0197121
 0.846551 0.0735284 0.0546117 0.0213506 0.00395866
 0.786206 0.182583 0.0149552 0.0111076 0.00514774
 0.27686 0.573573 0.127733 0.0104624 0.011372
 0.351046 0.18442 0.368454 0.0820534 0.0140261
 0.904835 0.0349147 0.0171219 0.034208 0.00892022
pobs_PELACES
 0 0 0 0 0
 0 0 0 0 0
 0 0 0 0 0
 0 0 0 0 0
 0 0 0 0 0
 0 0 0 0 0
 0 0 0 0 0
 0 0 0 0 0
 0 0 0 0 0
 0 0 0 0 0
 0 0 0 0 0
 0 0 0 0 0
 0 0 0 0 0
 0 0 0 0 0
 0 0 0 0 0
 0 0 0 0 0
 0.505614 0.472636 0.0217494 0 0
 0 0 0 0 0
 0.443492 0.261883 0.143347 0.151278 0
 0.227955 0.32914 0.350689 0.0885471 0.00366901
 0.970185 0.0296113 0.000203453 0 0
 0.997202 0.00247181 0.000326279 0 0
 0.445219 0.490057 0.0546422 0.010081 0
 0.90214 0.0892962 0.00764917 0.000914606 0
 0 0 0 0 0
 0.581667 0.319106 0.0959925 0.00289975 0.000334073
 0.762889 0.0836404 0.116647 0.0363945 0.000428098
 0.88444 0.0763242 0.0277011 0.0115352 0
 0.521256 0.241999 0.230069 0.00667565 0
 0.616807 0.101726 0.260614 0.0208532 0
 0.833518 0.0704572 0.0857862 0.0102388 0
ppred_PELACES
 0.388846 0.197561 0.365882 0.0477114 8.48031e-07
 0.693457 0.120396 0.0601735 0.111441 0.0145323
 0.722792 0.194238 0.0325867 0.0162868 0.0340964
 0.681131 0.232679 0.0603925 0.0101319 0.0156651
 0.772331 0.159333 0.0498651 0.0129426 0.00552851
 0.987139 0.0101144 0.00192222 0.000601581 0.000222839
 0.399214 0.593316 0.005874 0.00111634 0.000478788
 0.451976 0.228949 0.315109 0.00311967 0.000847168
 0.869274 0.05984 0.0296143 0.0407589 0.000513105
 0.96187 0.0335827 0.00208158 0.00103016 0.00143568
 0.919081 0.0781532 0.00243554 0.000150964 0.000178832
 0.882128 0.108495 0.00905652 0.000282235 3.82173e-05
 0.81617 0.163283 0.0189117 0.00157865 5.58581e-05
 0.82504 0.144235 0.0272908 0.00316086 0.000273187
 0.882537 0.0985786 0.0155679 0.00294561 0.000370652
 0.982826 0.015307 0.00156688 0.000247448 5.27112e-05
 0.287165 0.701093 0.0104661 0.00107135 0.000205232
 0.957059 0.0125736 0.029867 0.000445861 5.4383e-05
 0.664146 0.321778 0.00412151 0.00979017 0.000163976
 0.654257 0.232123 0.108858 0.00139432 0.00336752
 0.844487 0.102938 0.0352975 0.0165535 0.000724105
 0.821168 0.151637 0.0180014 0.00617272 0.00302145
 0.249994 0.619303 0.110826 0.0131567 0.00671972
 0.841098 0.040326 0.0979118 0.0175216 0.00314245
 0.679257 0.270575 0.0127316 0.0309123 0.00652398
 0.474924 0.358796 0.140272 0.00660034 0.0194078
 0.851512 0.0711511 0.052846 0.0206603 0.00383067
 0.790821 0.178642 0.0146324 0.0108679 0.00503662
 0.281679 0.569751 0.126882 0.0103927 0.0112963
 0.361466 0.181459 0.362538 0.0807359 0.0138009
 0.909556 0.0331825 0.0162725 0.0325109 0.00847767
pobs_pel_tallas
 0 0 0 0 0 0 0 0 0 0 0 0 0 0 0 0 0 0 0 0 0 0 0 0 0 0
 0 0 0 0 0 0 0 0 0 0 0 0 0 0 0 0 0 0 0 0 0 0 0 0 0 0
 0 0 0 0 0 0 0 0 0 0 0 0 0 0 0 0 0 0 0 0 0 0 0 0 0 0
 0 0 0 0 0 0 0 0 0 0 0 0 0 0 0 0 0 0 0 0 0 0 0 0 0 0
 0 0 0 0 0 0 0 0 0 0 0 0 0 0 0 0 0 0 0 0 0 0 0 0 0 0
 0 0 0 0 0 0 0 0 0 0 0 0 0 0 0 0 0 0 0 0 0 0 0 0 0 0
 0 0 0 0 0 0 0 0 0 0 0 0 0 0 0 0 0 0 0 0 0 0 0 0 0 0
 0 0 0 0 0 0 0 0 0 0 0 0 0 0 0 0 0 0 0 0 0 0 0 0 0 0
 0 0 0 0 0 0 0 0 0 0 0 0 0 0 0 0 0 0 0 0 0 0 0 0 0 0
 0 0 0 0 0 0 0 0 0 0 0 0 0 0 0 0 0 0 0 0 0 0 0 0 0 0
 0 0 0 0 0 0 0 0 0 0 0 0 0 0 0 0 0 0 0 0 0 0 0 0 0 0
 0 0 0 0 0 0 0 0 0 0 0 0 0 0 0 0 0 0 0 0 0 0 0 0 0 0
 0.00862536 0 0 0.000197151 0.00414017 0.0128641 0.00837892 0.0270097 0.101434 0.158115 0.152841 0.127902 0.109271 0.109419 0.0830992 0.0579132 0.0238553 0.00714673 0.00463305 0.00128148 0.00103504 0.000492878 0.000147863 0.000147863 4.92878e-05 0
 0 0 0 0 0 0 0 0 0 0 0 0 0 0 0 0 0 0 0 0 0 0 0 0 0 0
 0 0 0 0 0 0 0 0.0054083 0.00873648 0.0413646 0.0450493 0.0745869 0.0622846 0.0627006 0.0613931 0.0827291 0.12552 0.122667 0.0946155 0.0697135 0.0546179 0.0294188 0.0215738 0.0213955 0.0102223 0.00600262
 0 0 0 0 0.00359764 0.0251062 0.0480494 0.140153 0.205849 0.193036 0.1447 0.116669 0.0760912 0.0342217 0.00950174 0.001854 0.000860785 0 0 0 0.000165536 0 0.000143464 0 0 0
 0 0 0 0 0 0 0 0.000145254 0.000435761 0.0275982 0.070085 0.0708112 0.156366 0.174668 0.174014 0.160142 0.0824315 0.0480064 0.0283245 0.00493863 0.00203355 0 0 0 0 0
 0 0 0 0 0 0 0 0 0 0 0 0 0 0 0 0 0 0 0 0 0 0 0 0 0 0
 0 0 1.00437e-05 0.000401748 0.00122533 0.00171747 0.00176769 0.0269171 0.070346 0.194647 0.189555 0.159765 0.064822 0.0314167 0.0384472 0.0292271 0.0345202 0.0313363 0.0194345 0.0106764 0.0143323 0.0359363 0.0279516 0.0138201 0.00172751 0
 0 0.0021121 0.0136068 0.0755702 0.200478 0.177729 0.0527432 0.0373336 0.0318909 0.0142505 0.0149659 0.0166563 0.0217959 0.0798694 0.0677717 0.0528807 0.04013 0.0224614 0.0357745 0.0225083 0.00881397 0.00855152 0.00135912 0.000746735 0 0
 0 0 0 0 5.4009e-05 0.00500934 0.000945158 0.0243581 0.138947 0.33067 0.221406 0.137944 0.0707744 0.0437923 0.0131692 0.00525238 0.0047753 0.00276346 9.45158e-05 9.00151e-06 2.25038e-05 9.00151e-06 4.50075e-06 0 0 0
 0.000866109 0.00284123 0.00948549 0.0512746 0.133035 0.25785 0.225252 0.132002 0.0553304 0.0519788 0.0540692 0.017754 0.00435017 0.00159236 0.00146478 0.000404838 0.000125132 0.000115318 0.000107957 0.000100596 0 0 0 0 0 0
 0 0 0 0 0.00144013 0.00171154 0.00461396 0.0210425 0.0478622 0.0707936 0.0888783 0.103762 0.0637923 0.0337046 0.0602308 0.124433 0.169614 0.0934646 0.0462172 0.0250306 0.0313229 0.00938855 0.002487 0.000210481 0 0
 0 0.00764035 0.051015 0.0998891 0.058973 0.0496711 0.0374665 0.0718981 0.12319 0.153886 0.159021 0.0857701 0.0377988 0.023471 0.0147837 0.00900784 0.00315554 0.000888139 0.00291439 0.00214683 0.00393193 0.00274676 0.000635225 9.99891e-05 0 0
 0 0 0 0 0 0 0 0 0 0 0 0 0 0 0 0 0 0 0 0 0 0 0 0 0 0
 0 0 0 0 0 0 0 0 0 0 0 0 0 0 0 0 0 0 0 0 0 0 0 0 0 0
 0 0 0 0 0 0 0 0 0 0 0 0 0 0 0 0 0 0 0 0 0 0 0 0 0 0
 0 0 0 0 0 0 0 0 0 0 0 0 0 0 0 0 0 0 0 0 0 0 0 0 0 0
 0 0 0 0 0 0 0 0 0 0 0 0 0 0 0 0 0 0 0 0 0 0 0 0 0 0
 0 0 0 0 0 0 0 0 0 0 0 0 0 0 0 0 0 0 0 0 0 0 0 0 0 0
 0 0 0 0 0 0 0 0 0 0 0 0 0 0 0 0 0 0 0 0 0 0 0 0 0 0
ppred_pel_tallas
 1.15394e-16 3.20287e-05 0.000311331 0.0020689 0.00940495 0.0292624 0.0623473 0.0910018 0.0910214 0.0624432 0.029586 0.0103464 0.00445801 0.00561221 0.0103496 0.0177119 0.0270312 0.037159 0.0468379 0.0553299 0.0625366 0.0684298 0.0723785 0.0731333 0.0695808 0.0616255
 1.15403e-16 5.71192e-05 0.000555219 0.00368963 0.0167725 0.0521856 0.111187 0.162284 0.162295 0.111245 0.0523782 0.0173305 0.00509603 0.00364531 0.00598622 0.00997081 0.0147622 0.0194605 0.023236 0.0258339 0.0277484 0.0298135 0.0325081 0.0355237 0.0378954 0.0385404
 1.08394e-16 5.95355e-05 0.000578706 0.00384571 0.017482 0.0543932 0.115891 0.16915 0.169169 0.115983 0.0547007 0.0183706 0.00607711 0.00545355 0.00932925 0.0153612 0.022205 0.0281137 0.0313693 0.0312348 0.0284172 0.0245953 0.0213843 0.0195324 0.0188162 0.0184869
 1.0547e-16 5.61039e-05 0.00054535 0.00362404 0.0164744 0.0512581 0.109212 0.159402 0.159425 0.109321 0.051627 0.0175405 0.00630242 0.00639983 0.0111972 0.0184813 0.0267568 0.0339429 0.037954 0.0378319 0.0342952 0.0292005 0.0243669 0.0206948 0.0180941 0.0159972
 1.03714e-16 6.36159e-05 0.000618369 0.00410928 0.0186802 0.0581212 0.123834 0.180742 0.180758 0.123909 0.0583741 0.0194113 0.00594667 0.00463688 0.00771752 0.0127158 0.0184477 0.0234858 0.0264156 0.0265823 0.0244548 0.0212526 0.0181501 0.0156968 0.0137972 0.0120793
 1.00157e-16 8.13093e-05 0.000790356 0.00525219 0.0238757 0.0742862 0.158275 0.231007 0.231008 0.158279 0.0743022 0.023922 0.00536836 0.0010441 0.000563645 0.000804272 0.00115338 0.00145594 0.00161503 0.00158801 0.00140687 0.00115503 0.000915815 0.000732986 0.000606229 0.000512487
 1.00515e-16 3.28829e-05 0.000319633 0.00212408 0.00965579 0.0300431 0.064012 0.0934394 0.0934964 0.0642908 0.0309786 0.0123563 0.00889654 0.0150832 0.0280105 0.0460945 0.0660211 0.0822304 0.0890819 0.0839792 0.0689643 0.049442 0.0310938 0.0173388 0.00877891 0.00423562
 1.09609e-16 3.72287e-05 0.000361876 0.00240479 0.0109319 0.0340132 0.0724695 0.105776 0.105799 0.0725797 0.0343843 0.0120092 0.00512989 0.00637911 0.0116645 0.0197423 0.0296341 0.039744 0.0483594 0.0545084 0.0582497 0.0600965 0.0601694 0.0579424 0.0527994 0.0448145
 1.05045e-16 7.16009e-05 0.000695987 0.00462508 0.0210249 0.0654164 0.139377 0.203426 0.203431 0.139405 0.065512 0.0213017 0.00532227 0.00222625 0.00300282 0.00491828 0.00724135 0.00946327 0.0111301 0.0120688 0.0124851 0.0127816 0.013236 0.0137979 0.0141421 0.0138974
 1.00416e-16 7.9228e-05 0.000770124 0.00511774 0.0232645 0.0723846 0.154223 0.225094 0.225097 0.154239 0.0724376 0.0234176 0.00550187 0.00160807 0.0016689 0.00262916 0.00376948 0.00471928 0.00516132 0.00495379 0.00421325 0.00323947 0.00233996 0.00168836 0.00129774 0.00108489
 1.00136e-16 7.57035e-05 0.000735865 0.00489008 0.0222296 0.0691646 0.147363 0.215082 0.215089 0.1474 0.0692879 0.0225855 0.00578277 0.00268228 0.00376545 0.00608721 0.00871911 0.0108749 0.0118099 0.0111822 0.00925733 0.00673897 0.00436453 0.0025743 0.00144241 0.000815522
 1.00324e-16 7.26598e-05 0.000706279 0.00469347 0.0213358 0.0663838 0.141438 0.206435 0.206446 0.141489 0.0665551 0.0218306 0.00593474 0.00341413 0.00520986 0.00848337 0.0121788 0.0152409 0.0166457 0.015919 0.0134154 0.010083 0.00690784 0.00446823 0.00285292 0.00186043
 1.00756e-16 6.72269e-05 0.00065347 0.00434254 0.0197405 0.0614202 0.130863 0.191002 0.191017 0.13094 0.0616783 0.0204857 0.00621262 0.00473448 0.00781358 0.0127997 0.0184044 0.0230841 0.0253106 0.0243728 0.0207941 0.0159748 0.011361 0.00778583 0.00536034 0.00378212
 1.01188e-16 6.79575e-05 0.000660571 0.00438973 0.0199551 0.0620877 0.132285 0.193077 0.193091 0.132353 0.062316 0.0206146 0.0060456 0.00427684 0.00694019 0.0113769 0.0164068 0.0206813 0.022869 0.022347 0.0195559 0.0156801 0.0119226 0.00894712 0.00680898 0.00524485
 1.00833e-16 7.26934e-05 0.000706606 0.00469565 0.0213457 0.0664145 0.141504 0.206531 0.20654 0.14155 0.0665705 0.0217961 0.00582635 0.00317528 0.00476213 0.00776012 0.011177 0.0140657 0.015512 0.0150917 0.0131153 0.0104079 0.00781015 0.00578878 0.00438265 0.00339889
 1.00083e-16 8.09541e-05 0.000786902 0.00522924 0.0237714 0.0739616 0.157583 0.229997 0.229999 0.15759 0.0739858 0.0238412 0.00540449 0.0011693 0.000806692 0.00120413 0.00172348 0.00216016 0.00236636 0.00227551 0.00193742 0.0014845 0.00105341 0.000722766 0.000502464 0.000362634
 1.00624e-16 2.36535e-05 0.000229921 0.00152791 0.00694569 0.021611 0.0460469 0.067221 0.0672884 0.0463763 0.0227166 0.0101372 0.00953181 0.0176788 0.0330924 0.0544875 0.0780581 0.0972524 0.10541 0.0994619 0.0818116 0.0588271 0.0371995 0.0209507 0.0107869 0.00532678
 1.0092e-16 7.88317e-05 0.000766272 0.00509215 0.0231482 0.0720225 0.153452 0.223967 0.223969 0.153458 0.0720433 0.0232088 0.00524631 0.00110963 0.000750882 0.00116838 0.00179542 0.00250605 0.00322055 0.00388681 0.004479 0.00496215 0.00525926 0.00526649 0.0049148 0.00422843
 1.01211e-16 5.47049e-05 0.000531751 0.00353368 0.0160636 0.04998 0.106489 0.15543 0.155461 0.10664 0.0504875 0.0175286 0.00720782 0.00854215 0.0152378 0.0250259 0.0358624 0.0447162 0.0485442 0.0459575 0.0380763 0.0278274 0.0182625 0.0111802 0.00683566 0.00452463
 1.03911e-16 5.38903e-05 0.000523833 0.00348106 0.0158244 0.0492357 0.104903 0.153113 0.153136 0.105013 0.0496052 0.016893 0.00616886 0.00640937 0.0112841 0.0187058 0.0272553 0.034922 0.0396601 0.0404707 0.0379118 0.0335678 0.0289554 0.0247745 0.0209521 0.0171809
 1.02828e-16 6.95593e-05 0.000676141 0.0044932 0.0204254 0.0635511 0.135403 0.197626 0.197636 0.135451 0.0637147 0.0208983 0.00568196 0.00327731 0.0050277 0.0082494 0.0119897 0.0153171 0.0173311 0.0176194 0.0164844 0.0146934 0.0129643 0.0115975 0.0104799 0.00934131
 1.01689e-16 6.76385e-05 0.000657471 0.00436912 0.0198614 0.0617963 0.131664 0.192171 0.192185 0.131735 0.062036 0.0205537 0.00610658 0.00444968 0.00726782 0.0119033 0.0171297 0.0215195 0.0236675 0.0229302 0.0198075 0.0156036 0.0116464 0.00867192 0.0067274 0.00547186
 1.05814e-16 2.05918e-05 0.00020016 0.00133014 0.00604664 0.0188137 0.0400867 0.0585203 0.05858 0.0403786 0.0197937 0.00887768 0.00843798 0.0157217 0.0295135 0.0487968 0.0703769 0.0886731 0.097985 0.0956497 0.0835877 0.0669262 0.0508736 0.0383014 0.0294318 0.0230766
 1.05125e-16 6.92802e-05 0.000673428 0.00447516 0.0203434 0.063296 0.134859 0.196832 0.196836 0.134879 0.0633629 0.0205385 0.004972 0.0017819 0.00224458 0.00378436 0.00587305 0.0082816 0.0108034 0.013313 0.0157562 0.0180167 0.0197924 0.02064 0.020192 0.0183849
 1.04641e-16 5.59496e-05 0.00054385 0.00361408 0.0164291 0.0511171 0.108911 0.158965 0.158991 0.109039 0.0515443 0.0176627 0.00670933 0.00729658 0.0128687 0.0211568 0.0304085 0.0381208 0.0418005 0.0403431 0.0347217 0.027364 0.0207169 0.0160938 0.0134727 0.0120539
 1.08086e-16 3.91189e-05 0.00038025 0.0025269 0.0114869 0.0357403 0.0761497 0.11115 0.111185 0.0763194 0.0363106 0.0131359 0.0066727 0.00945272 0.0173342 0.028764 0.0418249 0.0534143 0.0603638 0.0611694 0.0568017 0.0498771 0.042913 0.0370863 0.0322328 0.0276693
 1.04264e-16 7.01379e-05 0.000681766 0.00453057 0.0205953 0.0640797 0.136529 0.199269 0.199276 0.136563 0.0641938 0.0209257 0.00536342 0.00251193 0.00358156 0.00590386 0.00871932 0.0114335 0.0134872 0.0146245 0.0150109 0.0150405 0.014998 0.0148637 0.0143934 0.0133535
 1.02411e-16 6.51389e-05 0.000633174 0.00420766 0.0191274 0.0595126 0.126799 0.18507 0.185087 0.126883 0.0597948 0.0199424 0.00625262 0.0050953 0.00853379 0.0139905 0.0201154 0.0252326 0.0276871 0.0267314 0.0229795 0.0180037 0.0134028 0.0100577 0.00800491 0.00679137
 1.06762e-16 2.32016e-05 0.000225528 0.00149872 0.00681298 0.021198 0.0451666 0.0659335 0.0659885 0.0454353 0.0221004 0.00942033 0.00804684 0.014531 0.0272235 0.0450509 0.0650839 0.0822327 0.0912949 0.0898304 0.0795576 0.0650771 0.0510202 0.039877 0.0317658 0.0256052
 1.20941e-16 2.97736e-05 0.00028941 0.00192323 0.00874273 0.027202 0.0579573 0.0845942 0.0846123 0.0580457 0.0275004 0.00961173 0.00413124 0.00519812 0.00961276 0.0165267 0.0254012 0.0352921 0.0451753 0.0544842 0.0631611 0.071075 0.0773764 0.0805173 0.0790375 0.0725021
 1.05174e-16 7.4919e-05 0.000728239 0.0048394 0.0219992 0.0684478 0.145835 0.212852 0.212855 0.145851 0.0685009 0.0221531 0.00522733 0.00158086 0.00171184 0.00275978 0.00408764 0.00540663 0.00649485 0.00729592 0.00796078 0.00872926 0.00973061 0.0108579 0.0118037 0.0122161
pSPR Fmed_Fpbrs
0.428503   0.249883 0.249883
Fs Fmed_Fpbrs
0.55144   1.005 1.005
SSBpbr Bo_Bmed_Bpbrs
1.57096e+06  594615  314009 314009
Ro
99266.2
SPR SPRFo_SPRFmed_SPRFpbrs
709547 304043 177304
Fref
1.005
Nvult_r0
 131602 5855.41 2871.45 5736.89 1495.98
CTP_r0
 29818 1852.87 908.634 1815.36 473.382
YTP_r0
391172
Np
 154319 49782.5 1764.44 865.271 2129.03
Nvult_p0
 124264 43078.7 1526.84 748.753 1842.33
CTP_p0
 48308.3 21593.1 765.324 375.31 923.464
YTP_p0
 771721
CBA_c0
505337
log_Ro
11.3256
likeval ReclasPelacesDesembMPH_pf_preclas_ppelaces_ptallas_desvR_qrecl_qpela
 11.4277 47.075 0.0715021 0.00178583 253.208 116.939 103.419 0 47.3344 1.04866e-05 0 0.114495 0 0 0
q_reclas_q_pelaces
1.5823 1
M
1
N
 70060.5 38565.7 71423.6 9313.72 0.165544
 106326 21822.4 10906.8 20199.3 2634.06
 86776.9 27633 4635.9 2317.01 4850.67
 42837.8 22441.7 5824.81 977.209 1510.89
 21057.1 6484.87 2029.52 526.767 225.012
 278225 3371.08 640.665 200.504 74.2711
 33415.6 72260.1 715.396 135.959 58.3117
 9941.09 5642.05 7765.31 76.8788 20.877
 25138.5 2888 1429.25 1967.11 24.7636
 52506.1 3192.66 197.893 97.9357 136.488
 65572.2 6103.31 190.202 11.7894 13.9657
 121248 19994.6 1669.04 52.0134 7.04312
 92364.4 24260.1 2809.84 234.55 8.29921
 67229.1 19306.3 3652.96 423.091 36.567
 51588 8823.81 1393.49 263.663 33.1772
 408964 7833.56 801.873 126.635 26.9757
 35074 97900 1461.47 149.602 28.6584
 657070 9770.76 23209.3 346.473 42.2604
 329030 186896 2393.87 5686.37 95.2413
 207625 86997 40799 522.577 1262.11
 389862 54067.2 18539.7 8694.57 380.33
 509688 109708 13023.9 4465.92 2186
 49914.2 136391 24407.7 2897.54 1479.91
 285092 14979.1 36369.4 6508.43 1167.27
 198692 86719.5 4080.48 9907.42 2090.94
 73647.8 60461.2 23637.5 1112.23 3270.45
 247536 22798.8 16933.3 6620.15 1227.45
 307188 74394.3 6093.55 4525.86 2097.47
 45525.3 97798.8 21779.5 1783.93 1939.02
 26260.9 14779.3 29527.6 6575.7 1124.04
 181384 7619.85 3736.72 7465.62 1946.77
pred_Ctot
 6882.51 5759.16 10665.9 1390.85 0.0247212
 20293.4 6092.03 3044.79 5638.94 735.337
 16764.7 7800.6 1308.68 654.076 1369.31
 17097.7 11918.2 3093.39 518.969 802.391
 8032.1 3319.41 1038.85 269.636 115.176
 53189.6 942.505 179.121 56.0581 20.7651
 12159.7 35581.2 352.264 66.9471 28.7129
 1347.22 1144.71 1575.49 15.5978 4.2357
 11310.8 1686.56 834.664 1148.77 14.4616
 24841.1 1937.96 120.122 59.4473 82.8489
 7202.58 1014.3 31.6095 1.95927 2.32095
 36709.4 8427.46 703.477 21.923 2.96858
 26384.9 9722.87 1126.12 94.0021 3.32613
 29643.5 11098.3 2099.91 243.215 21.0206
 20540.9 4677.04 738.615 139.754 17.5855
 93487.9 2576.86 263.777 41.6566 8.87367
 5505.16 22800.3 340.368 34.8414 6.67438
 96199.9 2131.96 5064.23 75.5998 9.22114
 60091.2 50100.5 641.716 1524.32 25.5309
 39431 24175.9 11337.7 145.22 350.731
 59206.8 12209.4 4186.62 1963.4 85.8857
 90125.3 28544.2 3388.61 1161.96 568.76
 5910.72 24350.9 4357.67 517.318 264.218
 31691.5 2517.94 6113.58 1094.04 196.214
 22046.3 14551.5 684.704 1662.47 350.86
 7484.17 9327.15 3646.48 171.58 504.521
 29118.4 4044.75 3004.15 1174.48 217.764
 26444.3 9783.25 801.334 595.174 275.828
 3417.19 11263.8 2508.42 205.462 223.324
 3575.46 3011.72 6017.12 1339.99 229.057
 29818 1852.87 908.634 1815.36 473.382
F
 0.166423 0.262978 0.262978 0.262978 0.262978
 0.347495 0.549106 0.549106 0.549106 0.549106
 0.352417 0.556884 0.556884 0.556884 0.556884
 0.887949 1.40312 1.40312 1.40312 1.40312
 0.832005 1.31472 1.31472 1.31472 1.31472
 0.348157 0.550151 0.550151 0.550151 0.550151
 0.778774 1.23061 1.23061 1.23061 1.23061
 0.236112 0.373099 0.373099 0.373099 0.373099
 1.06354 1.68059 1.68059 1.68059 1.68059
 1.1521 1.82053 1.82053 1.82053 1.82053
 0.187689 0.296583 0.296583 0.296583 0.296583
 0.609002 0.962334 0.962334 0.962334 0.962334
 0.565312 0.893296 0.893296 0.893296 0.893296
 1.03065 1.62862 1.62862 1.62862 1.62862
 0.884872 1.39826 1.39826 1.39826 1.39826
 0.42968 0.678973 0.678973 0.678973 0.678973
 0.278065 0.439394 0.439394 0.439394 0.439394
 0.257237 0.406481 0.406481 0.406481 0.406481
 0.330276 0.521897 0.521897 0.521897 0.521897
 0.345503 0.545959 0.545959 0.545959 0.545959
 0.267969 0.423439 0.423439 0.423439 0.423439
 0.318271 0.502926 0.502926 0.502926 0.502926
 0.203647 0.3218 0.3218 0.3218 0.3218
 0.190133 0.300445 0.300445 0.300445 0.300445
 0.189753 0.299844 0.299844 0.299844 0.299844
 0.172586 0.272718 0.272718 0.272718 0.272718
 0.202178 0.319478 0.319478 0.319478 0.319478
 0.144548 0.228412 0.228412 0.228412 0.228412
 0.12504 0.197586 0.197586 0.197586 0.197586
 0.237326 0.375018 0.375018 0.375018 0.375018
 0.292955 0.462922 0.462922 0.462922 0.462922
YTP_r0W_actual
 253453 30201.7 26259.5 63174.7 18083.2
YTP_p0W_proyectada
 363278 348080 17893.3 11071.6 31397.8
CTP_r0_actual
 29818 1852.87 908.634 1815.36 473.382
CTP_p0_proyectada
 48308.3 21593.1 765.324 375.31 923.464
Wmedp
 7.52 16.12 23.38 29.5 34
Frms_r0
 0.292955 0.462922 0.462922 0.462922 0.462922
Zrms_r0
 1.29295 1.46292 1.46292 1.46292 1.46292
nmprior
 8.19 8.8 8.5 0
nm_flota  nm_reclas  nm_pelaces    nm_pelaL
inf 16.5581 9.09177 17.6296
cv_recla  cv_pelaces  cv_mph
0.305777 0.777978 1.30414
 ------------------------------------------------
Talla a la edad & desviaci?n 
 8 13.2811 15.8009 17.003 17.5766
 0.8 1.32811 1.58009 1.7003 1.75766
