years
 1991 1992 1993 1994 1995 1996 1997 1998 1999 2000 2001 2002 2003 2004 2005 2006 2007 2008 2009 2010 2011 2012 2013 2014 2015 2016 2017 2018 2019 2020 2021
reclasobs
 0 0 0 0 0 0 0 0 0 252601 567819 844713 477998 351125 339783 2.1784e+06 2.13404e+06 4.81314e+06 1.55562e+06 2.62356e+06 3.21686e+06 3.843e+06 1.13348e+06 3.07943e+06 1.97215e+06 2.03268e+06 2.025e+06 2.42433e+06 2.27542e+06 1.05018e+06 2.36338e+06
reclaspred
 2.80312e+06 1.09678e+06 562464 283538 57213.9 1.33976e+06 650666 293452 44912.2 168715 277189 481330 428250 295528 232219 1.17141e+06 816264 3.3183e+06 2.4627e+06 1.1708e+06 2.3927e+06 2.2242e+06 1.34779e+06 2.55207e+06 1.70512e+06 1.09775e+06 1.66784e+06 2.32091e+06 1.71149e+06 720102 1.02627e+06
pelacesobs
 0 0 0 0 0 0 0 0 0 0 0 0 0 0 0 552880 188675 0 991730 2.46772e+06 1.41603e+06 1.21717e+06 2.29649e+06 1.80582e+06 0 1.4828e+06 1.56532e+06 1.57751e+06 1.42118e+06 867257 1.10002e+06
pelacespred
 1.37562e+06 572087 259950 83102.9 16889.5 609680 249838 143285 10124.6 63808.5 122368 180343 174910 119465 94121.1 448560 313246 1.57316e+06 1.14959e+06 533356 1.04118e+06 974267 594478 1.28944e+06 824564 524425 916645 1.23842e+06 762972 379703 501262
mphobs
 0 0 0 0 0 0 0 0 0 0 0 498337 0 5186 125008 0 168611 109162 213762 579715 649985 157893 87575 83554 0 0 0 0 0 0 0
mphpred
 2.97886e+06 1.47332e+06 436038 297915 87793.9 16255.6 784311 305912 105023 5706.11 67484.3 184650 248416 173614 90704.2 93933.8 746911 466584 1.98461e+06 1.2217e+06 763621 1.23252e+06 1.31781e+06 808213 1.43425e+06 994548 581555 860743 1.60996e+06 895850 336731
desembarqueobs
 494567 514787 250237 358949 120608 361735 552515 73892 212993 205616 52469 317467 293654 387597 252695 516296 358380 742168 942051 627588 828172 859565 418607 520667 417249 300574 415391 372974 316634 284311 391294
desembarquepred
 494538 514972 249423 358788 120531 361592 551899 73872.3 212650 205461 52462.1 317244 293415 387057 252454 515993 358269 741843 941056 626728 827752 858946 418413 520509 417040 300406 415210 372838 316504 284135 391127
Reclutas
 13803.9 8558.45 184136 14687.4 5627.24 387494 11312.5 2878.72 5357.94 74747.3 69705.9 140828 88074.5 68544.2 51290.2 441143 17007.1 909112 288348 106550 441729 590727 22263.2 345284 194129 45098.5 266736 352642 26599.1 13227.9 184025
log_desv_Rt
 -1.59336 -2.0714 0.997362 -1.53133 -2.4907 1.74138 -1.79241 -3.16097 -2.53974 0.0957985 0.02597 0.729222 0.259868 0.00916443 -0.280815 1.87105 -1.38469 2.59415 1.44585 0.450299 1.87238 2.16304 -1.11538 1.62605 1.05021 -0.409465 1.36795 1.64714 -0.937437 -1.63599 0.996758
SSB
 2.97886e+06 1.47332e+06 436038 297915 87793.9 16255.6 784311 305912 105023 5706.11 67484.3 184650 248416 173614 90704.2 93933.8 746911 466584 1.98461e+06 1.2217e+06 763621 1.23252e+06 1.31781e+06 808213 1.43425e+06 994548 581555 860743 1.60996e+06 895850 336731
BT
 3.62362e+06 1.87776e+06 843730 461145 148001 1.72497e+06 1.06766e+06 399721 233294 344478 325759 677233 667691 678967 469535 1.44226e+06 1.00557e+06 4.29639e+06 3.53822e+06 1.842e+06 3.11303e+06 3.01615e+06 1.73414e+06 3.46754e+06 2.29267e+06 1.48795e+06 2.55203e+06 3.22424e+06 2.02302e+06 1.18008e+06 1.54363e+06
Ftot
 0.167174 0.432824 0.441074 1.08093 1.63967 0.295109 0.753018 0.238394 2.85854 1.20081 0.201483 0.655971 0.664122 1.20697 1.04883 0.469369 0.409398 0.240621 0.370856 0.504941 0.355426 0.389314 0.292668 0.214057 0.240373 0.263446 0.260886 0.169458 0.175859 0.369183 0.397028
BD_Bspro_t
 0.973607 0.789828 0.514896 0.450478 0.168667 0.0518275 0.611052 0.335475 0.186155 0.0192763 0.217452 0.487935 0.41457 0.297513 0.179335 0.191948 0.524492 0.406061 0.676771 0.529635 0.384502 0.498463 0.536583 0.4556 0.624091 0.595787 0.53435 0.651169 0.753656 0.63527 0.458015
BD_Bspro
 6.14478 3.03916 0.899457 0.614537 0.181101 0.0335319 1.61787 0.631034 0.216641 0.0117705 0.139206 0.380894 0.51243 0.35813 0.187104 0.193766 1.54072 0.962467 4.09384 2.52012 1.57519 2.54243 2.71837 1.66718 2.95857 2.05155 1.19963 1.77554 3.32102 1.84795 0.694607
BD_Bo
 1.65298 0.817553 0.241959 0.165314 0.0487172 0.00902029 0.435217 0.169752 0.0582777 0.00316634 0.0374473 0.102463 0.137847 0.0963391 0.0503321 0.0521242 0.414464 0.258909 1.10127 0.677929 0.423736 0.683928 0.731257 0.448481 0.795873 0.551879 0.322707 0.47763 0.893373 0.497111 0.186854
BD_Brms
 11.0521 5.4663 1.61778 1.10532 0.325732 0.0603113 2.90994 1.13499 0.389655 0.0211707 0.250379 0.685085 0.921669 0.64414 0.336529 0.348512 2.77118 1.73111 7.36327 4.53275 2.83318 4.57287 4.88931 2.99862 5.32135 3.68996 2.15768 3.19352 5.97325 3.32377 1.24934
Sel_flota
 0.855835 1 1 1 1
 0.855835 1 1 1 1
 0.855835 1 1 1 1
 0.855835 1 1 1 1
 0.855835 1 1 1 1
 0.855835 1 1 1 1
 0.855835 1 1 1 1
 0.855835 1 1 1 1
 0.855835 1 1 1 1
 0.855835 1 1 1 1
 0.855835 1 1 1 1
 0.855835 1 1 1 1
 0.855835 1 1 1 1
 0.855835 1 1 1 1
 0.855835 1 1 1 1
 0.855835 1 1 1 1
 0.855835 1 1 1 1
 0.855835 1 1 1 1
 0.855835 1 1 1 1
 0.855835 1 1 1 1
 0.855835 1 1 1 1
 0.855835 1 1 1 1
 0.855835 1 1 1 1
 0.855835 1 1 1 1
 0.855835 1 1 1 1
 0.855835 1 1 1 1
 0.855835 1 1 1 1
 0.855835 1 1 1 1
 0.855835 1 1 1 1
 0.855835 1 1 1 1
 0.855835 1 1 1 1
Sel_reclas
 1 1 1 1 1
 1 1 1 1 1
 1 1 1 1 1
 1 1 1 1 1
 1 1 1 1 1
 1 1 1 1 1
 1 1 1 1 1
 1 1 1 1 1
 1 1 1 1 1
 1 1 1 1 1
 1 1 1 1 1
 1 1 1 1 1
 1 1 1 1 1
 1 1 1 1 1
 1 1 1 1 1
 1 1 1 1 1
 1 1 1 1 1
 1 1 1 1 1
 1 1 1 1 1
 1 1 1 1 1
 1 1 1 1 1
 1 1 1 1 1
 1 1 1 1 1
 1 1 1 1 1
 1 1 1 1 1
 1 1 1 1 1
 1 1 1 1 1
 1 1 1 1 1
 1 1 1 1 1
 1 1 1 1 1
 1 1 1 1 1
Sel_pelaces
 1 1 1 1 1
 1 1 1 1 1
 1 1 1 1 1
 1 1 1 1 1
 1 1 1 1 1
 1 1 1 1 1
 1 1 1 1 1
 1 1 1 1 1
 1 1 1 1 1
 1 1 1 1 1
 1 1 1 1 1
 1 1 1 1 1
 1 1 1 1 1
 1 1 1 1 1
 1 1 1 1 1
 1 1 1 1 1
 1 1 1 1 1
 1 1 1 1 1
 1 1 1 1 1
 1 1 1 1 1
 1 1 1 1 1
 1 1 1 1 1
 1 1 1 1 1
 1 1 1 1 1
 1 1 1 1 1
 1 1 1 1 1
 1 1 1 1 1
 1 1 1 1 1
 1 1 1 1 1
 1 1 1 1 1
 1 1 1 1 1
pf_obs 
 0.8446 0.082 0.0669 0.0065 0
 0.8095 0.147 0.0364 0.0071 0
 0.9664 0.0169 0.016 0.0007 0
 0.9276 0.0648 0.0075 0.0001 0
 0.7033 0.2144 0.0806 0.0017 0
 0.9318 0.0425 0.0243 0.0014 0
 0.5671 0.3108 0.0964 0.0239 0.0018
 0.0768 0.2599 0.5324 0.112 0.0189
 0.490249 0.384438 0.106611 0.0170017 0.00170017
 0.7925 0.1577 0.0466 0.003 0.0002
 0.840416 0.127587 0.0312969 0.00059994 9.999e-05
 0.8084 0.0986 0.0794 0.0134 0.0002
 0.7335 0.1905 0.0724 0.0035 0.0001
 0.4001 0.4547 0.1325 0.0127 0
 0.49795 0.308269 0.164784 0.0264974 0.00249975
 0.9179 0.0499 0.0305 0.0017 0
 0.2467 0.6533 0.0926 0.0074 0
 0.9418 0.0223 0.034 0.0019 0
 0.707729 0.231977 0.0356964 0.0245975 0
 0.517169 0.277429 0.184464 0.0207286 0.00020938
 0.811772 0.124168 0.05621 0.00726502 0.000585176
 0.764997 0.148141 0.077277 0.00933861 0.000247198
 0.163321 0.427699 0.378323 0.0303852 0.000271297
 0.753843 0.0900009 0.118128 0.0371064 0.000921714
 0.721811 0.176058 0.0630433 0.0369309 0.00215725
 0.143369 0.312575 0.442814 0.0836902 0.0175525
 0.692698 0.0596174 0.167031 0.0765114 0.00414204
 0.394062 0.376323 0.152708 0.0712218 0.00568511
 0.125707 0.32114 0.495352 0.0537591 0.00404204
 0.23352 0.215282 0.420074 0.123614 0.00750983
 0.796117 0.104755 0.0508955 0.0450114 0.00322123
pf_pred 
 0.0608583 0.221447 0.638204 0.0794894 1.30987e-06
 0.108426 0.063597 0.195235 0.562661 0.0700815
 0.905285 0.0121847 0.00588699 0.0180723 0.0585711
 0.20817 0.729048 0.00807659 0.00390217 0.0508028
 0.380435 0.157301 0.425612 0.00471504 0.0319363
 0.996716 0.00150366 0.00045194 0.00122282 0.000105303
 0.0831693 0.914318 0.00115058 0.000345818 0.00101626
 0.104426 0.091331 0.802039 0.00100929 0.00119482
 0.417887 0.071075 0.0521159 0.457665 0.00125772
 0.995303 0.00250587 0.000267477 0.000196128 0.00172706
 0.859399 0.140096 0.000269077 2.87212e-05 0.000206509
 0.835649 0.144471 0.0198096 3.80473e-05 3.32615e-05
 0.695224 0.263054 0.0366753 0.00502885 1.81024e-05
 0.7146 0.210899 0.0643019 0.00896505 0.0012337
 0.797981 0.154866 0.0348441 0.0106237 0.001685
 0.976811 0.0193845 0.00291622 0.000656134 0.000231781
 0.118565 0.864586 0.0140847 0.00211891 0.000645156
 0.96166 0.00537215 0.032338 0.000526811 0.000103384
 0.472527 0.510415 0.00239006 0.0143871 0.000280373
 0.386785 0.318594 0.285094 0.00133497 0.00819258
 0.868411 0.0572834 0.0386049 0.0345457 0.00115448
 0.792923 0.183953 0.0100665 0.00678407 0.00627361
 0.0928167 0.746049 0.14314 0.00783307 0.0101607
 0.83677 0.0178303 0.119574 0.022942 0.00288397
 0.577807 0.36274 0.00649427 0.043552 0.00940649
 0.294785 0.437347 0.230148 0.00412042 0.0336006
 0.853609 0.0487773 0.060536 0.0318563 0.00522121
 0.772523 0.198932 0.00951123 0.0118041 0.00722985
 0.141026 0.688073 0.149455 0.00714569 0.0143
 0.182893 0.133192 0.547843 0.118996 0.017075
 0.90614 0.019963 0.0120456 0.0495457 0.012306
pobs_RECLAS
 0 0 0 0 0
 0 0 0 0 0
 0 0 0 0 0
 0 0 0 0 0
 0 0 0 0 0
 0 0 0 0 0
 0 0 0 0 0
 0 0 0 0 0
 0 0 0 0 0
 0 0 0 0 0
 0.991045 0.00858322 0.000360255 1.14367e-05 0
 0.934742 0.0480273 0.0164251 0.00080598 0
 0.827803 0.169806 0.00239088 0 0
 0.941827 0.0461693 0.0120037 0 0
 0.791401 0.0380133 0.147996 0.0225897 0
 0.846168 0.0940531 0.0597789 0 0
 0.134021 0.677848 0.182769 0.00536245 0
 0.80878 0.0450904 0.141981 0.00414843 0
 0.846168 0.0940531 0.0597789 0 0
 0.905697 0.0802665 0.012482 0.00150086 5.37128e-05
 0.989698 0.0102097 9.19794e-05 0 0
 0.975433 0.0193895 0.00387452 0.00125025 5.28907e-05
 0.303575 0.632131 0.0575291 0.00676475 0
 0.966965 0.00978017 0.0227588 0.000495775 0
 0.843318 0.132988 0.00938335 0.0141283 0.000182051
 0.564624 0.303363 0.111486 0.0197234 0.00080311
 0.826376 0.0876187 0.0782897 0.00655872 0.00115652
 0.89761 0.0855135 0.0140674 0.00269457 0.000114338
 0.34875 0.467042 0.161289 0.0227151 0.000203297
 0.318654 0.224769 0.449479 0.00709798 0
 0.937255 0.0296025 0.0250945 0.00804832 0
ppred_RECLAS
 0.070537 0.219165 0.631626 0.0786702 1.29637e-06
 0.125189 0.0624013 0.191564 0.552082 0.0687639
 0.918361 0.0105025 0.00507424 0.0155773 0.0504849
 0.239415 0.700281 0.00775789 0.00374819 0.0487982
 0.428754 0.145033 0.39242 0.00434733 0.0294457
 0.997201 0.00128186 0.000385275 0.00104245 8.97697e-05
 0.0971158 0.90041 0.00113308 0.000340557 0.0010008
 0.120268 0.0897154 0.787851 0.000991437 0.00117368
 0.482102 0.0632344 0.0463667 0.407177 0.00111898
 0.99609 0.00208612 0.000222672 0.000163275 0.00143777
 0.877482 0.122079 0.000234471 2.50275e-05 0.000179951
 0.857422 0.125331 0.0171852 3.30068e-05 2.8855e-05
 0.729621 0.233365 0.0325361 0.00446129 1.60594e-05
 0.750666 0.184248 0.0561762 0.00783215 0.0010778
 0.825316 0.133912 0.0301294 0.00918628 0.00145701
 0.98024 0.0165184 0.00248503 0.000559119 0.00019751
 0.136599 0.846897 0.0137966 0.00207556 0.000631957
 0.967115 0.00460782 0.0277371 0.000451858 8.86752e-05
 0.51287 0.471377 0.00220726 0.0132868 0.000258929
 0.426397 0.298013 0.266678 0.00124874 0.00766336
 0.885764 0.0497296 0.0335142 0.0299902 0.00100224
 0.818244 0.16146 0.00883557 0.00595454 0.0055065
 0.107198 0.734222 0.140871 0.00770889 0.00999958
 0.857304 0.0155873 0.104532 0.0200559 0.00252117
 0.61607 0.329865 0.00590569 0.0396049 0.00855398
 0.328994 0.416131 0.218984 0.00392054 0.0319707
 0.872436 0.0425044 0.0527508 0.0277594 0.00454974
 0.799087 0.175701 0.00840056 0.0104257 0.00638558
 0.161283 0.671847 0.145931 0.00697717 0.0139628
 0.208266 0.129056 0.530832 0.115301 0.0165448
 0.919042 0.0172189 0.0103898 0.0427352 0.0106144
pobs_PELACES
 0 0 0 0 0
 0 0 0 0 0
 0 0 0 0 0
 0 0 0 0 0
 0 0 0 0 0
 0 0 0 0 0
 0 0 0 0 0
 0 0 0 0 0
 0 0 0 0 0
 0 0 0 0 0
 0 0 0 0 0
 0 0 0 0 0
 0 0 0 0 0
 0 0 0 0 0
 0 0 0 0 0
 0 0 0 0 0
 0.505614 0.472636 0.0217494 0 0
 0 0 0 0 0
 0.443492 0.261883 0.143347 0.151278 0
 0.227955 0.32914 0.350689 0.0885471 0.00366901
 0.970185 0.0296113 0.000203453 0 0
 0.997202 0.00247181 0.000326279 0 0
 0.445219 0.490057 0.0546422 0.010081 0
 0.90214 0.0892962 0.00764917 0.000914606 0
 0 0 0 0 0
 0.581667 0.319106 0.0959925 0.00289975 0.000334073
 0.762889 0.0836404 0.116647 0.0363945 0.000428098
 0.88444 0.0763242 0.0277011 0.0115352 0
 0.521256 0.241999 0.230069 0.00667565 0
 0.616807 0.101726 0.260614 0.0208532 0
 0.833518 0.0704572 0.0857862 0.0102388 0
ppred_PELACES
 0.0710602 0.219042 0.631271 0.0786259 1.29564e-06
 0.127461 0.0622392 0.191067 0.550647 0.0685853
 0.919921 0.0103019 0.00497731 0.0152797 0.0495205
 0.248904 0.691544 0.00766111 0.00370143 0.0481894
 0.447957 0.140158 0.379228 0.00420119 0.0284558
 0.99724 0.00126404 0.000379919 0.00102795 8.85216e-05
 0.100303 0.897232 0.00112908 0.000339355 0.000997271
 0.121473 0.0895925 0.786772 0.000990078 0.00117207
 0.516088 0.0590848 0.0433241 0.380458 0.00104555
 0.996306 0.00197071 0.000210354 0.000154242 0.00135823
 0.878508 0.121056 0.000232506 2.48177e-05 0.000178443
 0.861195 0.122015 0.0167304 3.21334e-05 2.80914e-05
 0.735809 0.228025 0.0317915 0.00435919 1.56919e-05
 0.761258 0.176421 0.0537898 0.00749943 0.00103201
 0.832393 0.128486 0.0289087 0.00881409 0.00139798
 0.980668 0.0161606 0.00243121 0.000547011 0.000193233
 0.138913 0.844627 0.0137596 0.00207 0.000630263
 0.967477 0.00455708 0.0274317 0.000446882 8.76987e-05
 0.517277 0.467113 0.00218729 0.0131666 0.000256586
 0.432283 0.294955 0.263941 0.00123593 0.00758473
 0.887464 0.0489896 0.0330155 0.029544 0.00098733
 0.820982 0.159027 0.00870246 0.00586483 0.00542354
 0.108538 0.73312 0.14066 0.00769732 0.00998457
 0.858545 0.0154517 0.103622 0.0198814 0.00249924
 0.618771 0.327544 0.00586414 0.0393262 0.00849379
 0.331766 0.414412 0.218079 0.00390434 0.0318386
 0.873811 0.0420462 0.0521823 0.0274602 0.0045007
 0.800378 0.174572 0.00834657 0.0103587 0.00634454
 0.162418 0.670938 0.145733 0.00696773 0.0139439
 0.211177 0.128582 0.52888 0.114877 0.016484
 0.920436 0.0169224 0.0102109 0.0419992 0.0104316
pobs_pel_tallas
 0 0 0 0 0 0 0 0 0 0 0 0 0 0 0 0 0 0 0 0 0 0 0 0 0 0
 0 0 0 0 0 0 0 0 0 0 0 0 0 0 0 0 0 0 0 0 0 0 0 0 0 0
 0 0 0 0 0 0 0 0 0 0 0 0 0 0 0 0 0 0 0 0 0 0 0 0 0 0
 0 0 0 0 0 0 0 0 0 0 0 0 0 0 0 0 0 0 0 0 0 0 0 0 0 0
 0 0 0 0 0 0 0 0 0 0 0 0 0 0 0 0 0 0 0 0 0 0 0 0 0 0
 0 0 0 0 0 0 0 0 0 0 0 0 0 0 0 0 0 0 0 0 0 0 0 0 0 0
 0 0 0 0 0 0 0 0 0 0 0 0 0 0 0 0 0 0 0 0 0 0 0 0 0 0
 0 0 0 0 0 0 0 0 0 0 0 0 0 0 0 0 0 0 0 0 0 0 0 0 0 0
 0 0 0 0 0 0 0 0 0 0 0 0 0 0 0 0 0 0 0 0 0 0 0 0 0 0
 0 0 0 0 0 0 0 0 0 0 0 0 0 0 0 0 0 0 0 0 0 0 0 0 0 0
 0 0 0 0 0 0 0 0 0 0 0 0 0 0 0 0 0 0 0 0 0 0 0 0 0 0
 0 0 0 0 0 0 0 0 0 0 0 0 0 0 0 0 0 0 0 0 0 0 0 0 0 0
 0.00862536 0 0 0.000197151 0.00414017 0.0128641 0.00837892 0.0270097 0.101434 0.158115 0.152841 0.127902 0.109271 0.109419 0.0830992 0.0579132 0.0238553 0.00714673 0.00463305 0.00128148 0.00103504 0.000492878 0.000147863 0.000147863 4.92878e-05 0
 0 0 0 0 0 0 0 0 0 0 0 0 0 0 0 0 0 0 0 0 0 0 0 0 0 0
 0 0 0 0 0 0 0 0.0054083 0.00873648 0.0413646 0.0450493 0.0745869 0.0622846 0.0627006 0.0613931 0.0827291 0.12552 0.122667 0.0946155 0.0697135 0.0546179 0.0294188 0.0215738 0.0213955 0.0102223 0.00600262
 0 0 0 0 0.00359764 0.0251062 0.0480494 0.140153 0.205849 0.193036 0.1447 0.116669 0.0760912 0.0342217 0.00950174 0.001854 0.000860785 0 0 0 0.000165536 0 0.000143464 0 0 0
 0 0 0 0 0 0 0 0.000145254 0.000435761 0.0275982 0.070085 0.0708112 0.156366 0.174668 0.174014 0.160142 0.0824315 0.0480064 0.0283245 0.00493863 0.00203355 0 0 0 0 0
 0 0 0 0 0 0 0 0 0 0 0 0 0 0 0 0 0 0 0 0 0 0 0 0 0 0
 0 0 1.00437e-05 0.000401748 0.00122533 0.00171747 0.00176769 0.0269171 0.070346 0.194647 0.189555 0.159765 0.064822 0.0314167 0.0384472 0.0292271 0.0345202 0.0313363 0.0194345 0.0106764 0.0143323 0.0359363 0.0279516 0.0138201 0.00172751 0
 0 0.0021121 0.0136068 0.0755702 0.200478 0.177729 0.0527432 0.0373336 0.0318909 0.0142505 0.0149659 0.0166563 0.0217959 0.0798694 0.0677717 0.0528807 0.04013 0.0224614 0.0357745 0.0225083 0.00881397 0.00855152 0.00135912 0.000746735 0 0
 0 0 0 0 5.4009e-05 0.00500934 0.000945158 0.0243581 0.138947 0.33067 0.221406 0.137944 0.0707744 0.0437923 0.0131692 0.00525238 0.0047753 0.00276346 9.45158e-05 9.00151e-06 2.25038e-05 9.00151e-06 4.50075e-06 0 0 0
 0.000866109 0.00284123 0.00948549 0.0512746 0.133035 0.25785 0.225252 0.132002 0.0553304 0.0519788 0.0540692 0.017754 0.00435017 0.00159236 0.00146478 0.000404838 0.000125132 0.000115318 0.000107957 0.000100596 0 0 0 0 0 0
 0 0 0 0 0.00144013 0.00171154 0.00461396 0.0210425 0.0478622 0.0707936 0.0888783 0.103762 0.0637923 0.0337046 0.0602308 0.124433 0.169614 0.0934646 0.0462172 0.0250306 0.0313229 0.00938855 0.002487 0.000210481 0 0
 0 0.00764035 0.051015 0.0998891 0.058973 0.0496711 0.0374665 0.0718981 0.12319 0.153886 0.159021 0.0857701 0.0377988 0.023471 0.0147837 0.00900784 0.00315554 0.000888139 0.00291439 0.00214683 0.00393193 0.00274676 0.000635225 9.99891e-05 0 0
 0 0 0 0 0 0 0 0 0 0 0 0 0 0 0 0 0 0 0 0 0 0 0 0 0 0
 0 0 0 0 0 0 0 0 0 0 0 0 0 0 0 0 0 0 0 0 0 0 0 0 0 0
 0 0 0 0 0 0 0 0 0 0 0 0 0 0 0 0 0 0 0 0 0 0 0 0 0 0
 0 0 0 0 0 0 0 0 0 0 0 0 0 0 0 0 0 0 0 0 0 0 0 0 0 0
 0 0 0 0 0 0 0 0 0 0 0 0 0 0 0 0 0 0 0 0 0 0 0 0 0 0
 0 0 0 0 0 0 0 0 0 0 0 0 0 0 0 0 0 0 0 0 0 0 0 0 0 0
 0 0 0 0 0 0 0 0 0 0 0 0 0 0 0 0 0 0 0 0 0 0 0 0 0 0
ppred_pel_tallas
 1.26159e-16 5.85318e-06 5.6895e-05 0.000378089 0.00171875 0.00534778 0.0113948 0.0166357 0.0166578 0.0115031 0.00571402 0.00278873 0.00310973 0.00617179 0.0120635 0.0210926 0.0330822 0.0472239 0.0625044 0.0781764 0.093643 0.107739 0.118212 0.122214 0.117723 0.104844
 1.72359e-16 1.04988e-05 0.000102052 0.000678175 0.00308289 0.00959205 0.0204371 0.0298299 0.0298364 0.0204691 0.00970086 0.0034041 0.0015114 0.00201325 0.0039219 0.00723841 0.0123294 0.019749 0.0303245 0.0451181 0.0649696 0.0896513 0.117093 0.143293 0.163221 0.172423
 1.10059e-16 7.57726e-05 0.000736537 0.00489455 0.0222499 0.0692277 0.147497 0.215276 0.215277 0.147502 0.0692445 0.0222986 0.00501799 0.0010106 0.000610821 0.000931522 0.00144252 0.00206843 0.00282541 0.00381339 0.00520463 0.00716057 0.00970651 0.0126369 0.0155142 0.0177763
 1.08925e-16 2.0502e-05 0.000199287 0.00132434 0.00602028 0.0187317 0.0399123 0.0582671 0.0583336 0.0402372 0.0198224 0.00916884 0.00922114 0.0174167 0.0326573 0.0537964 0.0771252 0.096233 0.104632 0.0994089 0.083065 0.0619834 0.0427727 0.0292535 0.021799 0.0185985
 1.16217e-16 3.68976e-05 0.000358658 0.00238341 0.0108346 0.0337107 0.0718247 0.104833 0.104847 0.0718937 0.033944 0.0115157 0.00411976 0.0042379 0.00766393 0.0132875 0.0207087 0.0293083 0.0383617 0.0473559 0.0559621 0.0636087 0.0691329 0.0710247 0.0682187 0.0608264
 1.0013e-16 8.21413e-05 0.000798443 0.00530593 0.02412 0.0750463 0.159894 0.23337 0.23337 0.159895 0.0750483 0.0241258 0.00532059 0.000830577 0.00014358 0.000108473 0.000151038 0.000195952 0.000228827 0.000246279 0.000253683 0.000260938 0.000275099 0.000295379 0.000313795 0.000320149
 1.00465e-16 8.26198e-06 8.03095e-05 0.000533689 0.00242613 0.00754904 0.0160872 0.0234979 0.0235841 0.0165087 0.00896355 0.00650906 0.0107723 0.022398 0.0422954 0.069652 0.0997307 0.124141 0.134344 0.126408 0.103439 0.07365 0.045687 0.0247724 0.0118452 0.00511715
 1.23026e-16 1.00056e-05 9.72582e-05 0.000646315 0.00293806 0.00914145 0.0194772 0.0284296 0.0284394 0.0195258 0.00930803 0.00343434 0.00194907 0.00312933 0.00631781 0.0118555 0.0203836 0.0324799 0.0484496 0.0679624 0.0894834 0.109877 0.124813 0.130205 0.124063 0.107584
 1.39597e-16 4.25095e-05 0.000413207 0.00274591 0.0124825 0.0388377 0.0827481 0.120774 0.12078 0.0827769 0.0389352 0.0127669 0.003471 0.0020353 0.0032453 0.00563979 0.00898419 0.0132738 0.0187169 0.025865 0.0354471 0.0478139 0.0622776 0.0768286 0.0885406 0.0945572
 1.00253e-16 8.20644e-05 0.000797696 0.00530097 0.0240974 0.074976 0.159744 0.233152 0.233152 0.159745 0.0749792 0.0241064 0.00532362 0.000847201 0.000176281 0.000162122 0.000227139 0.000289348 0.000327892 0.000337315 0.000327566 0.000318144 0.000326216 0.000357019 0.000402146 0.000444915
 1.00071e-16 7.23616e-05 0.000703381 0.00467421 0.0212483 0.0661114 0.140858 0.205588 0.2056 0.140915 0.0663022 0.0217992 0.00605566 0.0037146 0.00577802 0.00940307 0.0134572 0.0167515 0.0181296 0.0170612 0.0139651 0.00994905 0.00617909 0.00335938 0.00161627 0.000708393
 1.00523e-16 7.09355e-05 0.000689518 0.00458209 0.0208295 0.0648085 0.138082 0.201537 0.201549 0.138139 0.0650014 0.0213866 0.00598035 0.00374141 0.00586542 0.0095799 0.0137817 0.0173039 0.019005 0.0183513 0.0157258 0.0121618 0.00872566 0.00603115 0.0041631 0.00290876
 1.01416e-16 6.06076e-05 0.000589128 0.00391496 0.0177969 0.0553728 0.117978 0.172197 0.172219 0.118086 0.0557333 0.0188382 0.00652865 0.00629435 0.0108943 0.0179102 0.0257831 0.0323964 0.0356296 0.0344949 0.0297137 0.0232145 0.016976 0.0121183 0.00876656 0.00649259
 1.02525e-16 6.27038e-05 0.000609503 0.00405036 0.0184124 0.0572878 0.122058 0.178151 0.178168 0.122142 0.0575678 0.0192215 0.0060834 0.00505474 0.00852579 0.0140496 0.0203581 0.0258601 0.0289665 0.0289261 0.0262378 0.0222488 0.0182868 0.015022 0.0124366 0.0102115
 1.01988e-16 6.85631e-05 0.000666458 0.00442885 0.0201329 0.062641 0.133464 0.194797 0.194809 0.133524 0.0628446 0.0207211 0.00590618 0.00389447 0.00620795 0.0101776 0.014709 0.0186116 0.0207189 0.0204916 0.0183241 0.0152509 0.0122979 0.00999275 0.00832009 0.00699899
 1.00162e-16 8.07763e-05 0.000785175 0.00521776 0.0237192 0.0737992 0.157237 0.229492 0.229494 0.157245 0.0738248 0.023793 0.0054031 0.0011898 0.000849341 0.00127656 0.00183169 0.00230443 0.00254092 0.00247186 0.00214881 0.00170794 0.00128768 0.000964468 0.000743672 0.00059181
 1.00928e-16 1.14422e-05 0.000111223 0.000739118 0.00335997 0.0104546 0.0222775 0.0325317 0.032613 0.0226744 0.0117866 0.00720499 0.0103822 0.0211339 0.0398542 0.0656508 0.0940592 0.117203 0.127064 0.119946 0.0987458 0.0711291 0.0451474 0.0256338 0.0134278 0.00685818
 1.00853e-16 7.96898e-05 0.000774613 0.00514758 0.0234001 0.0728065 0.155122 0.226405 0.226406 0.155124 0.0728146 0.023424 0.00520939 0.000916105 0.000367518 0.000531092 0.000872396 0.00133537 0.00191305 0.00258837 0.00331356 0.00399256 0.00448711 0.00466072 0.00444207 0.00386666
 1.01547e-16 4.26075e-05 0.00041416 0.00275224 0.0125113 0.0389276 0.0829411 0.121064 0.121109 0.0831605 0.0396642 0.0146375 0.00808441 0.0120384 0.0220724 0.0363008 0.0520047 0.0648051 0.0702793 0.0664088 0.0548268 0.0398013 0.02579 0.0154316 0.00911452 0.00581704
 1.091e-16 3.56066e-05 0.000346109 0.00230002 0.0104556 0.0325313 0.0693124 0.10117 0.101198 0.0694532 0.0330048 0.0118276 0.00576026 0.00795344 0.0146397 0.0245519 0.0363042 0.0475974 0.0560228 0.060327 0.060931 0.0592221 0.0563 0.0523123 0.0468184 0.0396249
 1.04096e-16 7.30992e-05 0.00071055 0.00472186 0.0214649 0.0667852 0.142293 0.207682 0.207687 0.142317 0.0668638 0.0216924 0.00529543 0.00197131 0.00249329 0.004075 0.00602783 0.00793509 0.00943095 0.0103677 0.010888 0.0112784 0.0117179 0.0121334 0.0122608 0.0118347
 1.01798e-16 6.76232e-05 0.000657322 0.00436814 0.0198569 0.0617823 0.131634 0.192127 0.192143 0.131709 0.0620334 0.0205818 0.00618671 0.00462418 0.00759239 0.0124215 0.0178341 0.0223186 0.0243894 0.0233748 0.0198276 0.0151707 0.0108654 0.00773963 0.00585963 0.00483432
 1.06709e-16 8.94029e-06 8.69029e-05 0.000577504 0.00262529 0.00816863 0.0174067 0.0254205 0.0254912 0.0177523 0.00932901 0.0059775 0.0089944 0.0184688 0.034942 0.0578091 0.0834046 0.105143 0.11628 0.113653 0.0995032 0.0798572 0.0608378 0.0458262 0.0351066 0.0273296
 1.05412e-16 7.07172e-05 0.000687397 0.00456799 0.0207654 0.064609 0.137656 0.200914 0.200915 0.137664 0.0646368 0.020848 0.00478321 0.00118358 0.00109047 0.00189329 0.00319372 0.00500686 0.00737457 0.0102843 0.0135847 0.016902 0.0196503 0.0211969 0.0211192 0.0194015
 1.05635e-16 5.09675e-05 0.000495422 0.00329225 0.0149661 0.0465653 0.0992136 0.144812 0.144843 0.0993675 0.0470822 0.0164585 0.00703602 0.00866083 0.015538 0.0255554 0.0366957 0.0459278 0.0502255 0.0482562 0.041225 0.0321202 0.0239618 0.0183833 0.0153649 0.0139024
 1.12179e-16 2.73272e-05 0.000265631 0.00176521 0.00802441 0.0249671 0.0531966 0.0776505 0.0776907 0.0533931 0.0256276 0.00993533 0.00657378 0.0108022 0.0201535 0.033575 0.0490624 0.0631528 0.072279 0.0747213 0.0714867 0.065332 0.0588038 0.0529254 0.0473267 0.041262
 1.05033e-16 7.19746e-05 0.000699619 0.00464921 0.0211347 0.0657578 0.140104 0.204487 0.204491 0.140124 0.065826 0.0213327 0.00515039 0.00180725 0.00221578 0.00365557 0.00551109 0.00746704 0.00925393 0.0107594 0.0120626 0.013296 0.0144507 0.0153014 0.0155194 0.0148713
 1.02399e-16 6.59261e-05 0.000640825 0.00425851 0.0193586 0.0602318 0.128331 0.187306 0.187323 0.128413 0.0605074 0.0201543 0.00625481 0.00499539 0.00832636 0.0136362 0.0195816 0.0245134 0.0268074 0.0257354 0.0219144 0.0169135 0.0123349 0.00907141 0.00716705 0.00615793
 1.07436e-16 1.33783e-05 0.000130042 0.000864175 0.00392845 0.0122232 0.0260453 0.0380274 0.0380921 0.0263616 0.0132857 0.00699832 0.00857346 0.016971 0.0320307 0.0530181 0.0765704 0.0966925 0.107245 0.105343 0.093014 0.0756935 0.0588735 0.0455347 0.0358619 0.0286084
 1.29606e-16 1.73944e-05 0.00016908 0.0011236 0.00510772 0.0158921 0.0338602 0.0494227 0.049436 0.0339252 0.0161128 0.00575582 0.00279081 0.00394259 0.00757764 0.0135304 0.0219013 0.0325987 0.0454149 0.0601057 0.0761023 0.0919596 0.105133 0.112597 0.112123 0.1034
 1.06277e-16 7.58151e-05 0.00073695 0.00489729 0.0222624 0.0692665 0.14758 0.215397 0.215399 0.147588 0.0692939 0.0223419 0.0050985 0.00118198 0.000938908 0.00148199 0.00225248 0.00311649 0.00401898 0.00499887 0.00618553 0.00770461 0.00954419 0.0114796 0.013118 0.0140417
pSPR Fmed_Fpbrs
0.454642   0.199562 0.199562
Fs Fmed_Fpbrs
0.434954   1.005 1.005
SSBpbr Bo_Bmed_Bpbrs
1.80211e+06  729211  269528 269528
Ro
67918.9
SPR SPRFo_SPRFmed_SPRFpbrs
484779 220401 96743.7
Fref
1.005
Nvult_r0
 135829 2670.43 1611.33 6627.67 1646.15
CTP_r0
 34448.2 758.922 457.931 1883.55 467.828
YTP_r0
391127
Np
 154637 24070 6490.13 118.167 80.9028
Nvult_p0
 130567 20828.7 5616.17 102.254 70.0084
CTP_p0
 60373.9 20905.1 380.622 229.666 1178.3
 60373.9 10440.3 2815.09 51.2546 35.0915
YTP_p0
 835194 683606
CBA_c0
789718
log_Ro
10.9461
likeval ReclasPelacesDesembMPH_pf_preclas_ppelaces_ptallas_desvR_qrecl_qpela
 29.4471 43.6955 0.131808 0.00200052 305.499 125.888 112.473 0 106.48 0 0 0.219322 0 0 0
q_reclas_q_pelaces
1 1
M
1
N
 13803.9 43410.1 125106 15582.2 0.256772
 8558.45 4401.21 13511.2 38938.8 4849.97
 184136 2173.84 1050.28 3224.23 10449.5
 14687.4 46441.4 514.489 248.573 3236.21
 5627.24 2142.32 5796.53 64.2154 434.949
 387494 508.818 152.93 413.785 35.6328
 11312.5 110734 139.349 41.8825 123.081
 2878.72 2184.64 19184.8 24.1422 28.58
 5357.94 863.571 633.216 5560.69 15.2815
 74747.3 170.698 18.2203 13.36 117.646
 69705.9 9839.65 18.8986 2.01723 14.5042
 140828 21581.8 2959.25 5.68371 4.96877
 88074.5 29551.5 4120.1 564.941 2.03363
 68544.2 18353.2 5595.78 780.17 107.361
 51290.2 8975.65 2019.48 615.726 97.6585
 441143 7689.66 1156.84 260.282 91.9452
 17007.1 108599 1769.16 266.154 81.0372
 909112 4407.25 26529.8 432.19 84.8154
 288348 272200 1274.6 7672.53 149.52
 106550 77229.2 69108.7 323.607 1985.94
 441729 25443.7 17147.2 15344.2 512.789
 590727 119882 6560.34 4421.2 4088.53
 22263.2 155736 29880.2 1635.14 2121.02
 345284 6375.49 42755.4 8203.24 1031.2
 194129 105760 1893.46 12697.9 2742.54
 45098.5 58137 30593.8 547.732 4466.56
 266736 13241.9 16434.1 8648.21 1417.43
 352642 78491.1 3752.78 4657.46 2852.63
 26599.1 112216 24374.2 1165.37 2332.15
 13227.9 8417.99 34624.7 7520.76 1079.17
 184025 3547.94 2140.82 8805.56 2187.09
pred_Ctot
 1176.9 4282.42 12341.8 1537.19 0.0253306
 1725.76 1012.24 3107.46 8955.59 1115.45
 37733.9 507.881 245.38 753.288 2441.35
 6028.48 21112.8 233.893 113.004 1471.22
 2988.66 1235.74 3343.57 37.0409 250.889
 55805.2 84.1888 25.3037 68.4647 5.8958
 3577.19 39325.6 49.4876 14.8739 43.7103
 341.474 298.653 2622.67 3.30039 3.90706
 3682.14 626.266 459.211 4032.64 11.0822
 32897.1 82.8249 8.84072 6.48248 57.0834
 7077.85 1153.81 2.21607 0.236543 1.70077
 40009.4 6916.99 948.446 1.82164 1.5925
 25266.9 9560.31 1332.91 182.766 0.657906
 30267.2 8932.74 2723.54 379.719 52.2538
 20624.1 4002.58 900.559 274.575 43.5496
 95300.8 1891.22 284.516 64.0146 22.6133
 3269.22 23839.4 388.361 58.4252 17.789
 108763 607.585 3657.4 59.5818 11.6927
 50863.7 54942 257.27 1548.66 30.1798
 24473.6 20158.8 18039.2 84.4698 518.381
 75066.9 4951.68 3337.08 2986.19 99.7954
 108712 25220.5 1380.14 930.117 860.132
 3182.38 25579.6 4907.81 268.57 348.376
 37086.1 790.25 5299.6 1016.8 127.819
 23202.9 14566.5 260.789 1748.91 377.735
 5861.12 8695.65 4575.97 81.9252 668.071
 34358.9 1963.35 2436.65 1282.26 210.161
 30452.2 7841.71 374.924 465.307 284.994
 2378.4 11604.4 2520.57 120.512 241.17
 2324.14 1692.56 6961.81 1512.16 216.984
 34448.2 758.922 457.931 1883.55 467.828
F
 0.143073 0.167174 0.167174 0.167174 0.167174
 0.370426 0.432824 0.432824 0.432824 0.432824
 0.377486 0.441074 0.441074 0.441074 0.441074
 0.925098 1.08093 1.08093 1.08093 1.08093
 1.40329 1.63967 1.63967 1.63967 1.63967
 0.252565 0.295109 0.295109 0.295109 0.295109
 0.644459 0.753018 0.753018 0.753018 0.753018
 0.204026 0.238394 0.238394 0.238394 0.238394
 2.44644 2.85854 2.85854 2.85854 2.85854
 1.02769 1.20081 1.20081 1.20081 1.20081
 0.172436 0.201483 0.201483 0.201483 0.201483
 0.561402 0.655971 0.655971 0.655971 0.655971
 0.568378 0.664122 0.664122 0.664122 0.664122
 1.03296 1.20697 1.20697 1.20697 1.20697
 0.897623 1.04883 1.04883 1.04883 1.04883
 0.401702 0.469369 0.469369 0.469369 0.469369
 0.350377 0.409398 0.409398 0.409398 0.409398
 0.205932 0.240621 0.240621 0.240621 0.240621
 0.317392 0.370856 0.370856 0.370856 0.370856
 0.432146 0.504941 0.504941 0.504941 0.504941
 0.304186 0.355426 0.355426 0.355426 0.355426
 0.333189 0.389314 0.389314 0.389314 0.389314
 0.250476 0.292668 0.292668 0.292668 0.292668
 0.183197 0.214057 0.214057 0.214057 0.214057
 0.20572 0.240373 0.240373 0.240373 0.240373
 0.225466 0.263446 0.263446 0.263446 0.263446
 0.223275 0.260886 0.260886 0.260886 0.260886
 0.145028 0.169458 0.169458 0.169458 0.169458
 0.150506 0.175859 0.175859 0.175859 0.175859
 0.31596 0.369183 0.369183 0.369183 0.369183
 0.33979 0.397028 0.397028 0.397028 0.397028
YTP_r0W_actual
 285920 10700.8 12638.9 64417.4 17450
YTP_p0W_proyectada
 452201 327583 8803.78 6745.29 39861.8
 452201 163600 65112.9 1505.35 1187.15
CTP_r0_actual
 34448.2 758.922 457.931 1883.55 467.828
CTP_p0_proyectada
 60373.9 20905.1 380.622 229.666 1178.3
 60373.9 10440.3 2815.09 51.2546 35.0915
Wmedp
 7.49 15.67 23.13 29.37 33.83
Frms_r0
 0.33979 0.397028 0.397028 0.397028 0.397028
Zrms_r0
 1.33979 1.39703 1.39703 1.39703 1.39703
nmprior
 8.19 8.8 8.5 0
nm_flota  nm_reclas  nm_pelaces    nm_pelaL
inf 8.67771 6.17709 10.6664
cv_recla  cv_pelaces  cv_mph
0.490847 0.749532 1.38031
 ------------------------------------------------
Talla a la edad & desviaci?n 
 8 13.2811 15.8009 17.003 17.5766
 0.8 1.32811 1.58009 1.7003 1.75766
