years
 1991 1992 1993 1994 1995 1996 1997 1998 1999 2000 2001 2002 2003 2004 2005 2006 2007 2008 2009 2010 2011 2012 2013 2014 2015 2016 2017 2018 2019 2020 2021
reclasobs
 0 0 0 0 0 0 0 0 0 252601 567819 844713 477998 351125 339783 2.1784e+06 2.13404e+06 4.81314e+06 1.55562e+06 2.62356e+06 3.21686e+06 3.843e+06 1.13348e+06 3.07943e+06 1.97215e+06 2.03268e+06 2.025e+06 2.42433e+06 2.27542e+06 1.05018e+06 2.36338e+06
reclaspred
 3.31474e+06 1.87308e+06 951282 978965 993961 1.54322e+06 1.00987e+06 901213 655029 477771 517207 649984 642509 510841 517980 1.27177e+06 1.25039e+06 2.76804e+06 2.28352e+06 1.71058e+06 3.0167e+06 2.45341e+06 1.97312e+06 3.02435e+06 2.28292e+06 2.02596e+06 2.37744e+06 2.50553e+06 2.07118e+06 1.32986e+06 1.92309e+06
pelacesobs
 0 0 0 0 0 0 0 0 0 0 0 0 0 0 0 552880 188675 0 991730 2.46772e+06 1.41603e+06 1.21717e+06 2.29649e+06 1.80582e+06 0 1.4828e+06 1.56532e+06 1.57751e+06 1.42118e+06 867257 1.10002e+06
pelacespred
 1.92763e+06 1.21679e+06 621742 522861 547079 879251 546331 585898 417945 290436 321777 337743 365491 308936 320252 649183 638111 1.61788e+06 1.38498e+06 964643 1.63512e+06 1.45169e+06 1.16087e+06 1.94179e+06 1.41702e+06 1.25199e+06 1.67079e+06 1.7385e+06 1.1834e+06 862950 1.23028e+06
mphobs
 0 0 0 0 0 0 0 0 0 0 0 498337 0 5186 125008 0 168611 109162 213762 579715 649985 157893 87575 83554 0 0 0 0 0 0 0
mphpred
 499780 335313 168997 92362.3 105629 120456 157715 102972 90225.4 62767.6 41464.5 60774.1 64942.9 55712.5 39029 48865.8 146499 142043 274563 208476 223782 274811 261684 218452 302111 250345 206759 217943 301075 207982 133010
desembarqueobs
 494567 514787 250237 358949 120608 361735 552515 73892 212993 205616 52469 317467 293654 387597 252695 516296 358380 742168 942051 627588 828172 859565 418607 520667 417249 300574 415391 372974 316634 284311 391294
desembarquepred
 494574 513326 250997 358974 120613 361751 552573 73895.9 213040 205661 52471.5 317537 293711 387652 252698 516276 358405 742088 941901 627485 828248 859604 418621 520693 417252 300579 415395 372963 316631 284322 391300
Reclutas
 212894 120877 120201 219157 175421 289226 121191 56502 51611.1 67242.5 122377 159116 133712 93943.3 94942.5 491666 110609 762358 439757 340852 502094 676970 146028 423645 360061 162069 357563 400324 122498 89606 328796
log_desv_Rt
 0.0965111 -0.469509 -0.475118 0.125504 -0.0970966 0.402924 -0.466919 -1.23001 -1.32055 -1.05598 -0.457178 -0.194652 -0.368593 -0.721594 -0.711013 0.933516 -0.558288 1.37213 0.821938 0.567164 0.954502 1.25334 -0.280489 0.784612 0.621988 -0.176264 0.615028 0.727988 -0.456189 -0.768862 0.531154
SSB
 3.63829e+06 2.441e+06 1.23026e+06 672376 768954 876892 1.14813e+06 749612 656820 456934 301852 442421 472769 405575 284122 355732 1.06648e+06 1.03404e+06 1.99875e+06 1.51766e+06 1.62908e+06 2.00056e+06 1.905e+06 1.59028e+06 2.1993e+06 1.82245e+06 1.50516e+06 1.58658e+06 2.19176e+06 1.51406e+06 968280
BT
 4.8608e+06 3.31332e+06 1.68407e+06 1.50702e+06 1.35524e+06 2.33414e+06 1.75605e+06 1.41449e+06 1.17506e+06 868841 787467 1.04624e+06 1.10992e+06 1.11596e+06 991954 1.91651e+06 1.75117e+06 4.38438e+06 4.09984e+06 2.78742e+06 4.44222e+06 4.14979e+06 3.04089e+06 4.9603e+06 3.65052e+06 3.15208e+06 4.27536e+06 4.38175e+06 2.98889e+06 2.26416e+06 3.2067e+06
Ftot
 0.116436 0.210734 0.204539 0.298414 0.0983519 0.19434 0.419802 0.0660718 0.259518 0.340601 0.0862263 0.39417 0.36798 0.602541 0.406716 0.350128 0.226334 0.228861 0.330019 0.295171 0.225418 0.285392 0.167209 0.145108 0.147058 0.118678 0.146368 0.125881 0.118771 0.167731 0.172898
BD_Bspro_t
 0.981543 0.864056 0.719935 0.637546 0.63753 0.707754 0.698902 0.554541 0.607955 0.569069 0.536777 0.709816 0.597366 0.511723 0.409799 0.465857 0.620282 0.600561 0.687799 0.595697 0.568127 0.614747 0.630447 0.626209 0.724884 0.733617 0.740891 0.771479 0.810217 0.752372 0.694483
BD_Bspro
 2.6331 1.7666 0.890361 0.486612 0.556507 0.634623 0.830925 0.542509 0.475354 0.330692 0.218456 0.320189 0.342152 0.293522 0.205625 0.25745 0.77183 0.748357 1.44654 1.09836 1.179 1.44784 1.37868 1.15092 1.59167 1.31895 1.08931 1.14824 1.58622 1.09575 0.700763
BD_Bo
 1.78376 1.19676 0.603164 0.329649 0.376998 0.429917 0.5629 0.367515 0.322022 0.224023 0.14799 0.216908 0.231787 0.198843 0.139298 0.174406 0.522866 0.506965 0.979937 0.744068 0.798698 0.980823 0.933972 0.779674 1.07826 0.893502 0.737941 0.777858 1.07456 0.742304 0.474723
BD_Brms
 11.5224 7.73065 3.89623 2.12941 2.43528 2.77712 3.63613 2.37402 2.08015 1.44711 0.955965 1.40115 1.49726 1.28445 0.899815 1.1266 3.37753 3.27481 6.33005 4.80642 5.15931 6.33578 6.03313 5.03642 6.96517 5.77171 4.76684 5.02469 6.9413 4.79503 3.06654
Sel_flota
 0.830773 1 1 1 1
 0.830773 1 1 1 1
 0.830773 1 1 1 1
 0.830773 1 1 1 1
 0.830773 1 1 1 1
 0.830773 1 1 1 1
 0.830773 1 1 1 1
 0.830773 1 1 1 1
 0.830773 1 1 1 1
 0.830773 1 1 1 1
 0.830773 1 1 1 1
 0.830773 1 1 1 1
 0.830773 1 1 1 1
 0.830773 1 1 1 1
 0.830773 1 1 1 1
 0.830773 1 1 1 1
 0.830773 1 1 1 1
 0.830773 1 1 1 1
 0.830773 1 1 1 1
 0.830773 1 1 1 1
 0.830773 1 1 1 1
 0.830773 1 1 1 1
 0.830773 1 1 1 1
 0.830773 1 1 1 1
 0.830773 1 1 1 1
 0.830773 1 1 1 1
 0.830773 1 1 1 1
 0.830773 1 1 1 1
 0.830773 1 1 1 1
 0.830773 1 1 1 1
 0.830773 1 1 1 1
Sel_reclas
 1 1 1 1 1
 1 1 1 1 1
 1 1 1 1 1
 1 1 1 1 1
 1 1 1 1 1
 1 1 1 1 1
 1 1 1 1 1
 1 1 1 1 1
 1 1 1 1 1
 1 1 1 1 1
 1 1 1 1 1
 1 1 1 1 1
 1 1 1 1 1
 1 1 1 1 1
 1 1 1 1 1
 1 1 1 1 1
 1 1 1 1 1
 1 1 1 1 1
 1 1 1 1 1
 1 1 1 1 1
 1 1 1 1 1
 1 1 1 1 1
 1 1 1 1 1
 1 1 1 1 1
 1 1 1 1 1
 1 1 1 1 1
 1 1 1 1 1
 1 1 1 1 1
 1 1 1 1 1
 1 1 1 1 1
 1 1 1 1 1
Sel_pelaces
 1 1 1 1 1
 1 1 1 1 1
 1 1 1 1 1
 1 1 1 1 1
 1 1 1 1 1
 1 1 1 1 1
 1 1 1 1 1
 1 1 1 1 1
 1 1 1 1 1
 1 1 1 1 1
 1 1 1 1 1
 1 1 1 1 1
 1 1 1 1 1
 1 1 1 1 1
 1 1 1 1 1
 1 1 1 1 1
 1 1 1 1 1
 1 1 1 1 1
 1 1 1 1 1
 1 1 1 1 1
 1 1 1 1 1
 1 1 1 1 1
 1 1 1 1 1
 1 1 1 1 1
 1 1 1 1 1
 1 1 1 1 1
 1 1 1 1 1
 1 1 1 1 1
 1 1 1 1 1
 1 1 1 1 1
 1 1 1 1 1
pf_obs 
 0.8446 0.082 0.0669 0.0065 0
 0.8095 0.147 0.0364 0.0071 0
 0.9664 0.0169 0.016 0.0007 0
 0.9276 0.0648 0.0075 0.0001 0
 0.7033 0.2144 0.0806 0.0017 0
 0.9318 0.0425 0.0243 0.0014 0
 0.5671 0.3108 0.0964 0.0239 0.0018
 0.0768 0.2599 0.5324 0.112 0.0189
 0.490249 0.384438 0.106611 0.0170017 0.00170017
 0.7925 0.1577 0.0466 0.003 0.0002
 0.840416 0.127587 0.0312969 0.00059994 9.999e-05
 0.8084 0.0986 0.0794 0.0134 0.0002
 0.7335 0.1905 0.0724 0.0035 0.0001
 0.4001 0.4547 0.1325 0.0127 0
 0.49795 0.308269 0.164784 0.0264974 0.00249975
 0.9179 0.0499 0.0305 0.0017 0
 0.2467 0.6533 0.0926 0.0074 0
 0.9418 0.0223 0.034 0.0019 0
 0.707729 0.231977 0.0356964 0.0245975 0
 0.517169 0.277429 0.184464 0.0207286 0.00020938
 0.811772 0.124168 0.05621 0.00726502 0.000585176
 0.764997 0.148141 0.077277 0.00933861 0.000247198
 0.163321 0.427699 0.378323 0.0303852 0.000271297
 0.753843 0.0900009 0.118128 0.0371064 0.000921714
 0.721811 0.176058 0.0630433 0.0369309 0.00215725
 0.143369 0.312575 0.442814 0.0836902 0.0175525
 0.692698 0.0596174 0.167031 0.0765114 0.00414204
 0.394062 0.376323 0.152708 0.0712218 0.00568511
 0.125707 0.32114 0.495352 0.0537591 0.00404204
 0.23352 0.215282 0.420074 0.123614 0.00750983
 0.774587 0.0839891 0.0768558 0.0609784 0.00358967
pf_pred 
 0.441786 0.116814 0.417655 0.0237455 7.76129e-07
 0.412878 0.288147 0.0625643 0.223692 0.0127183
 0.557135 0.205364 0.116561 0.0253083 0.095632
 0.751438 0.150929 0.045274 0.0256966 0.0266622
 0.648044 0.277884 0.0449773 0.0134918 0.0156031
 0.738902 0.180467 0.0636621 0.0103041 0.00666551
 0.470235 0.411351 0.0818453 0.028872 0.00769606
 0.441537 0.294527 0.204941 0.0407764 0.0182187
 0.520397 0.234651 0.129185 0.0898908 0.0258764
 0.681418 0.182493 0.0665826 0.0366566 0.0328492
 0.799612 0.14573 0.0313102 0.0114235 0.011925
 0.728518 0.225031 0.0337805 0.00725778 0.00541226
 0.675306 0.250296 0.0616688 0.00925739 0.00347217
 0.617795 0.276041 0.0818388 0.0201638 0.00416217
 0.722914 0.186934 0.0651103 0.0193035 0.00573781
 0.927833 0.0552874 0.011388 0.00396652 0.00152552
 0.393791 0.570638 0.0272509 0.00561311 0.002707
 0.894514 0.0468839 0.0551634 0.00263433 0.000804302
 0.595115 0.369513 0.0157211 0.0184974 0.00115304
 0.602976 0.256738 0.12803 0.00544712 0.00680856
 0.738215 0.171014 0.0586976 0.0292714 0.002802
 0.743998 0.198765 0.0373906 0.0128337 0.00701254
 0.328345 0.52569 0.11333 0.021319 0.0113157
 0.740033 0.0973265 0.127295 0.0274428 0.00790248
 0.629452 0.287776 0.0309884 0.0405303 0.0112538
 0.438665 0.378793 0.141766 0.0152657 0.0255102
 0.730363 0.131494 0.0932196 0.034888 0.0100348
 0.688644 0.239093 0.0352405 0.0249829 0.0120394
 0.360718 0.466317 0.132821 0.0195768 0.0205667
 0.428986 0.232596 0.246855 0.0703119 0.0212509
 0.821998 0.0852772 0.0377704 0.0400859 0.0148685
pobs_RECLAS
 0 0 0 0 0
 0 0 0 0 0
 0 0 0 0 0
 0 0 0 0 0
 0 0 0 0 0
 0 0 0 0 0
 0 0 0 0 0
 0 0 0 0 0
 0 0 0 0 0
 0 0 0 0 0
 0.991045 0.00858322 0.000360255 1.14367e-05 0
 0.934742 0.0480273 0.0164251 0.00080598 0
 0.827803 0.169806 0.00239088 0 0
 0.941827 0.0461693 0.0120037 0 0
 0.791401 0.0380133 0.147996 0.0225897 0
 0.846168 0.0940531 0.0597789 0 0
 0.134021 0.677848 0.182769 0.00536245 0
 0.80878 0.0450904 0.141981 0.00414843 0
 0.846168 0.0940531 0.0597789 0 0
 0.905697 0.0802665 0.012482 0.00150086 5.37128e-05
 0.989698 0.0102097 9.19794e-05 0 0
 0.975433 0.0193895 0.00387452 0.00125025 5.28907e-05
 0.303575 0.632131 0.0575291 0.00676475 0
 0.966965 0.00978017 0.0227588 0.000495775 0
 0.843318 0.132988 0.00938335 0.0141283 0.000182051
 0.564624 0.303363 0.111486 0.0197234 0.00080311
 0.826376 0.0876187 0.0782897 0.00655872 0.00115652
 0.89761 0.0855135 0.0140674 0.00269457 0.000114338
 0.34875 0.467042 0.161289 0.0227151 0.000203297
 0.318654 0.224769 0.449479 0.00709798 0
 0.937255 0.0296025 0.0250945 0.00804832 0
ppred_RECLAS
 0.488317 0.107076 0.38284 0.0217661 7.11432e-07
 0.459286 0.265371 0.057619 0.206011 0.011713
 0.603074 0.184062 0.10447 0.0226831 0.0857121
 0.785315 0.130358 0.0391035 0.0221944 0.0230283
 0.689404 0.245229 0.0396918 0.0119063 0.0137695
 0.773612 0.156475 0.0551988 0.00893426 0.00577939
 0.518528 0.373853 0.0743845 0.0262401 0.0069945
 0.487863 0.270095 0.18794 0.0373939 0.0167074
 0.567449 0.21163 0.116511 0.081072 0.0233378
 0.721482 0.159544 0.0582095 0.0320468 0.0287182
 0.827863 0.125184 0.026896 0.00981302 0.0102438
 0.764922 0.194856 0.0292508 0.00628457 0.00468651
 0.715942 0.218971 0.0539509 0.00809882 0.00303762
 0.663355 0.243136 0.0720834 0.0177602 0.00366602
 0.759876 0.161998 0.0564251 0.0167285 0.00497243
 0.939664 0.0462231 0.00952097 0.00331622 0.00127541
 0.439733 0.527392 0.0251857 0.00518771 0.00250185
 0.911082 0.0395204 0.0464995 0.00222059 0.000677979
 0.640249 0.328322 0.0139686 0.0164354 0.00102451
 0.647583 0.227893 0.113646 0.00483512 0.00604361
 0.773092 0.14823 0.0508774 0.0253716 0.0024287
 0.778543 0.171943 0.032345 0.0111019 0.00606626
 0.371072 0.492249 0.106121 0.0199628 0.0105959
 0.774484 0.0844286 0.110426 0.023806 0.00685522
 0.672071 0.254676 0.0274242 0.0358686 0.0099594
 0.485163 0.347416 0.130023 0.0140012 0.0233971
 0.765695 0.114264 0.0810048 0.0303166 0.00871991
 0.727332 0.209384 0.0308617 0.0218787 0.0105434
 0.404914 0.434079 0.123639 0.0182234 0.0191448
 0.475539 0.213633 0.22673 0.0645795 0.0195183
 0.847885 0.0728755 0.0322775 0.0342563 0.0127062
pobs_PELACES
 0 0 0 0 0
 0 0 0 0 0
 0 0 0 0 0
 0 0 0 0 0
 0 0 0 0 0
 0 0 0 0 0
 0 0 0 0 0
 0 0 0 0 0
 0 0 0 0 0
 0 0 0 0 0
 0 0 0 0 0
 0 0 0 0 0
 0 0 0 0 0
 0 0 0 0 0
 0 0 0 0 0
 0 0 0 0 0
 0.505614 0.472636 0.0217494 0 0
 0 0 0 0 0
 0.443492 0.261883 0.143347 0.151278 0
 0.227955 0.32914 0.350689 0.0885471 0.00366901
 0.970185 0.0296113 0.000203453 0 0
 0.997202 0.00247181 0.000326279 0 0
 0.445219 0.490057 0.0546422 0.010081 0
 0.90214 0.0892962 0.00764917 0.000914606 0
 0 0 0 0 0
 0.581667 0.319106 0.0959925 0.00289975 0.000334073
 0.762889 0.0836404 0.116647 0.0363945 0.000428098
 0.88444 0.0763242 0.0277011 0.0115352 0
 0.521256 0.241999 0.230069 0.00667565 0
 0.616807 0.101726 0.260614 0.0208532 0
 0.833518 0.0704572 0.0857862 0.0102388 0
ppred_PELACES
 0.489942 0.106736 0.381624 0.021697 7.09173e-07
 0.46221 0.263936 0.0573075 0.204897 0.0116496
 0.605805 0.182795 0.103751 0.022527 0.0851223
 0.788112 0.128661 0.0385942 0.0219053 0.0227284
 0.690579 0.244301 0.0395416 0.0118613 0.0137174
 0.775507 0.155165 0.0547367 0.00885947 0.00573101
 0.524378 0.369311 0.0734807 0.0259213 0.00690952
 0.488785 0.269609 0.187602 0.0373266 0.0166773
 0.571002 0.209891 0.115554 0.080406 0.023146
 0.725288 0.157363 0.0574141 0.0316089 0.0283258
 0.828548 0.124686 0.026789 0.00977396 0.0102031
 0.768857 0.191594 0.0287611 0.00617937 0.00460806
 0.720102 0.215764 0.0531606 0.00798019 0.00299313
 0.670827 0.237739 0.0704833 0.017366 0.00358465
 0.763995 0.159219 0.055457 0.0164415 0.00488711
 0.940763 0.0453811 0.00934754 0.00325581 0.00125218
 0.442849 0.524458 0.0250456 0.00515885 0.00248793
 0.912112 0.0390626 0.0459609 0.00219487 0.000670126
 0.644483 0.324458 0.0138042 0.016242 0.00101245
 0.651336 0.225466 0.112436 0.00478364 0.00597925
 0.775293 0.146793 0.050384 0.0251256 0.00240514
 0.781279 0.169819 0.0319455 0.0109647 0.00599132
 0.373254 0.490541 0.105752 0.0198936 0.0105591
 0.775896 0.0838999 0.109734 0.0236569 0.0068123
 0.673879 0.253273 0.027273 0.0356709 0.00990451
 0.486818 0.346299 0.129605 0.0139561 0.0233218
 0.767158 0.11355 0.080499 0.0301273 0.00866546
 0.728724 0.208316 0.0307042 0.021767 0.0104896
 0.406514 0.432912 0.123306 0.0181744 0.0190934
 0.477876 0.212681 0.22572 0.0642918 0.0194314
 0.849126 0.0722809 0.0320141 0.0339768 0.0126025
pobs_pel_tallas
 0 0 0 0 0 0 0 0 0 0 0 0 0 0 0 0 0 0 0 0 0 0 0 0 0 0
 0 0 0 0 0 0 0 0 0 0 0 0 0 0 0 0 0 0 0 0 0 0 0 0 0 0
 0 0 0 0 0 0 0 0 0 0 0 0 0 0 0 0 0 0 0 0 0 0 0 0 0 0
 0 0 0 0 0 0 0 0 0 0 0 0 0 0 0 0 0 0 0 0 0 0 0 0 0 0
 0 0 0 0 0 0 0 0 0 0 0 0 0 0 0 0 0 0 0 0 0 0 0 0 0 0
 0 0 0 0 0 0 0 0 0 0 0 0 0 0 0 0 0 0 0 0 0 0 0 0 0 0
 0 0 0 0 0 0 0 0 0 0 0 0 0 0 0 0 0 0 0 0 0 0 0 0 0 0
 0 0 0 0 0 0 0 0 0 0 0 0 0 0 0 0 0 0 0 0 0 0 0 0 0 0
 0 0 0 0 0 0 0 0 0 0 0 0 0 0 0 0 0 0 0 0 0 0 0 0 0 0
 0 0 0 0 0 0 0 0 0 0 0 0 0 0 0 0 0 0 0 0 0 0 0 0 0 0
 0 0 0 0 0 0 0 0 0 0 0 0 0 0 0 0 0 0 0 0 0 0 0 0 0 0
 0 0 0 0 0 0 0 0 0 0 0 0 0 0 0 0 0 0 0 0 0 0 0 0 0 0
 0.00862536 0 0 0.000197151 0.00414017 0.0128641 0.00837892 0.0270097 0.101434 0.158115 0.152841 0.127902 0.109271 0.109419 0.0830992 0.0579132 0.0238553 0.00714673 0.00463305 0.00128148 0.00103504 0.000492878 0.000147863 0.000147863 4.92878e-05 0
 0 0 0 0 0 0 0 0 0 0 0 0 0 0 0 0 0 0 0 0 0 0 0 0 0 0
 0 0 0 0 0 0 0 0.0054083 0.00873648 0.0413646 0.0450493 0.0745869 0.0622846 0.0627006 0.0613931 0.0827291 0.12552 0.122667 0.0946155 0.0697135 0.0546179 0.0294188 0.0215738 0.0213955 0.0102223 0.00600262
 0 0 0 0 0.00359764 0.0251062 0.0480494 0.140153 0.205849 0.193036 0.1447 0.116669 0.0760912 0.0342217 0.00950174 0.001854 0.000860785 0 0 0 0.000165536 0 0.000143464 0 0 0
 0 0 0 0 0 0 0 0.000145254 0.000435761 0.0275982 0.070085 0.0708112 0.156366 0.174668 0.174014 0.160142 0.0824315 0.0480064 0.0283245 0.00493863 0.00203355 0 0 0 0 0
 0 0 0 0 0 0 0 0 0 0 0 0 0 0 0 0 0 0 0 0 0 0 0 0 0 0
 0 0 1.00437e-05 0.000401748 0.00122533 0.00171747 0.00176769 0.0269171 0.070346 0.194647 0.189555 0.159765 0.064822 0.0314167 0.0384472 0.0292271 0.0345202 0.0313363 0.0194345 0.0106764 0.0143323 0.0359363 0.0279516 0.0138201 0.00172751 0
 0 0.0021121 0.0136068 0.0755702 0.200478 0.177729 0.0527432 0.0373336 0.0318909 0.0142505 0.0149659 0.0166563 0.0217959 0.0798694 0.0677717 0.0528807 0.04013 0.0224614 0.0357745 0.0225083 0.00881397 0.00855152 0.00135912 0.000746735 0 0
 0 0 0 0 5.4009e-05 0.00500934 0.000945158 0.0243581 0.138947 0.33067 0.221406 0.137944 0.0707744 0.0437923 0.0131692 0.00525238 0.0047753 0.00276346 9.45158e-05 9.00151e-06 2.25038e-05 9.00151e-06 4.50075e-06 0 0 0
 0.000866109 0.00284123 0.00948549 0.0512746 0.133035 0.25785 0.225252 0.132002 0.0553304 0.0519788 0.0540692 0.017754 0.00435017 0.00159236 0.00146478 0.000404838 0.000125132 0.000115318 0.000107957 0.000100596 0 0 0 0 0 0
 0 0 0 0 0.00144013 0.00171154 0.00461396 0.0210425 0.0478622 0.0707936 0.0888783 0.103762 0.0637923 0.0337046 0.0602308 0.124433 0.169614 0.0934646 0.0462172 0.0250306 0.0313229 0.00938855 0.002487 0.000210481 0 0
 0 0.00764035 0.051015 0.0998891 0.058973 0.0496711 0.0374665 0.0718981 0.12319 0.153886 0.159021 0.0857701 0.0377988 0.023471 0.0147837 0.00900784 0.00315554 0.000888139 0.00291439 0.00214683 0.00393193 0.00274676 0.000635225 9.99891e-05 0 0
 0 0 0 0 0 0 0 0 0 0 0 0 0 0 0 0 0 0 0 0 0 0 0 0 0 0
 0 0 0 0 0 0 0 0 0 0 0 0 0 0 0 0 0 0 0 0 0 0 0 0 0 0
 0 0 0 0 0 0 0 0 0 0 0 0 0 0 0 0 0 0 0 0 0 0 0 0 0 0
 0 0 0 0 0 0 0 0 0 0 0 0 0 0 0 0 0 0 0 0 0 0 0 0 0 0
 0 0 0 0 0 0 0 0 0 0 0 0 0 0 0 0 0 0 0 0 0 0 0 0 0 0
 0 0 0 0 0 0 0 0 0 0 0 0 0 0 0 0 0 0 0 0 0 0 0 0 0 0
 0 0 0 0 0 0 0 0 0 0 0 0 0 0 0 0 0 0 0 0 0 0 0 0 0 0
ppred_pel_tallas
 1.13217e-16 4.03559e-05 0.000392274 0.0026068 0.0118501 0.0368702 0.0785563 0.114657 0.114668 0.0786096 0.0370509 0.0123794 0.00396271 0.00344282 0.00609871 0.0107074 0.0170204 0.0247253 0.0334041 0.0426626 0.0520087 0.0605016 0.0665965 0.0685659 0.0653545 0.0572669
 1.24242e-16 3.80717e-05 0.00037007 0.00245925 0.0111794 0.0347834 0.0741106 0.108172 0.108198 0.0742355 0.035203 0.0123928 0.00551109 0.0070535 0.0127972 0.0212809 0.0311191 0.0402005 0.0464944 0.0493082 0.0497853 0.0500899 0.0518656 0.0551515 0.0584566 0.0597446
 1.19706e-16 4.98994e-05 0.00048504 0.00322326 0.0146525 0.0455894 0.0971337 0.141773 0.141791 0.0972206 0.0458815 0.015498 0.00535279 0.00515836 0.00899878 0.0149944 0.0220682 0.0287788 0.0337194 0.0363376 0.0372709 0.0378294 0.0390303 0.0409475 0.0427813 0.0434344
 1.0719e-16 6.49157e-05 0.000631004 0.00419324 0.0190619 0.0593087 0.126364 0.184434 0.184447 0.126425 0.059513 0.0196527 0.00567839 0.00388058 0.00625903 0.0103057 0.0149879 0.0191736 0.0217692 0.0223117 0.0212478 0.0196051 0.0183128 0.0177052 0.017505 0.0171629
 1.04715e-16 5.68821e-05 0.000552914 0.00367431 0.0167029 0.051969 0.110726 0.161613 0.161637 0.110842 0.0523556 0.0178196 0.00647793 0.00667533 0.0116908 0.0192547 0.0277744 0.0350226 0.0387723 0.0380121 0.0335477 0.0274436 0.0217644 0.0175965 0.0149166 0.0131016
 1.03478e-16 6.38776e-05 0.000620913 0.00412618 0.018757 0.0583602 0.124343 0.181486 0.181501 0.124416 0.0586067 0.0194696 0.00591739 0.00453962 0.00753114 0.0124146 0.0180299 0.0229923 0.0259266 0.0261885 0.024215 0.0211627 0.0181443 0.0156785 0.0136818 0.0118275
 1.05984e-16 4.31924e-05 0.000419845 0.00279002 0.0126831 0.0394619 0.084079 0.122723 0.122759 0.0842531 0.0400467 0.0143727 0.00703313 0.00968904 0.0176662 0.0291881 0.0421627 0.0532776 0.0591809 0.05833 0.0518896 0.0428866 0.0343318 0.0277859 0.0232067 0.01974
 1.12049e-16 4.02607e-05 0.000391348 0.00260065 0.0118222 0.0367833 0.0783717 0.114391 0.114418 0.0785 0.0372147 0.0130714 0.00574832 0.00730212 0.0132808 0.0221955 0.0326801 0.0425881 0.0497223 0.0530317 0.0531109 0.0515185 0.0495206 0.0473364 0.0443685 0.0399919
 1.15369e-16 4.70328e-05 0.000457175 0.00303809 0.0138107 0.0429704 0.0915538 0.13363 0.13365 0.0916535 0.0433058 0.0147815 0.00548303 0.00582242 0.01032 0.017209 0.0253186 0.0329886 0.0385753 0.0413902 0.0420771 0.042025 0.0422894 0.0429046 0.0430332 0.0416659
 1.09661e-16 5.9741e-05 0.000580704 0.00385898 0.0175424 0.054581 0.116291 0.169733 0.169749 0.116366 0.0548313 0.0182663 0.00567957 0.00456711 0.00766685 0.0126775 0.0184916 0.0237657 0.0271883 0.0282051 0.0273478 0.0258231 0.0246879 0.0242632 0.0241432 0.023634
 1.03512e-16 6.82464e-05 0.000663379 0.00440839 0.0200399 0.0623517 0.132847 0.193897 0.193909 0.132906 0.0625492 0.0206107 0.00584217 0.00379648 0.006028 0.00988285 0.0142913 0.0181054 0.0202082 0.020099 0.0181876 0.0155005 0.0130382 0.0112862 0.0101664 0.00931691
 1.02279e-16 6.33298e-05 0.000615588 0.0040908 0.0185962 0.0578598 0.123277 0.17993 0.179949 0.123367 0.0581628 0.0194715 0.00628812 0.00541289 0.00917586 0.0150735 0.0217178 0.0273322 0.0301498 0.0293564 0.0255688 0.0204059 0.01551 0.0117823 0.00927376 0.00756921
 1.02897e-16 5.93139e-05 0.000576553 0.0038314 0.017417 0.0541908 0.11546 0.168522 0.168542 0.115562 0.0545327 0.018405 0.00631328 0.00600015 0.0103761 0.0171027 0.0247305 0.0313049 0.0348656 0.0344944 0.0308335 0.0255972 0.0204956 0.0164232 0.0133893 0.010975
 1.04444e-16 5.52552e-05 0.0005371 0.00356922 0.0162252 0.0504827 0.107559 0.156991 0.157014 0.107672 0.0508599 0.0173155 0.00630894 0.00652773 0.0114614 0.0189359 0.0274493 0.034889 0.0391295 0.0391788 0.0357313 0.0306171 0.02562 0.0216078 0.018493 0.0157692
 1.04118e-16 6.29293e-05 0.000611695 0.00406493 0.0184786 0.0574939 0.122497 0.178792 0.178807 0.122573 0.0577468 0.0192099 0.00590331 0.00463397 0.00772875 0.0127481 0.0185239 0.0236448 0.0267107 0.0270737 0.0251935 0.0222593 0.0193987 0.0171105 0.015262 0.0134713
 1.0082e-16 7.74894e-05 0.000753225 0.00500544 0.022754 0.0707963 0.150839 0.220155 0.220159 0.15086 0.0708681 0.0229617 0.00552698 0.00189264 0.00224411 0.00359437 0.00518706 0.00655854 0.00729386 0.00720432 0.00643341 0.00535221 0.00432841 0.00355028 0.00300868 0.0025951
 1.01796e-16 3.6477e-05 0.00035457 0.00235624 0.0107112 0.0333267 0.0710079 0.103649 0.103699 0.0712545 0.0341544 0.0131007 0.00835029 0.0134265 0.024824 0.0408803 0.0586486 0.0732521 0.0797447 0.0758463 0.0633272 0.0468693 0.0313529 0.0196547 0.0122098 0.00796274
 1.0167e-16 7.51294e-05 0.000730285 0.004853 0.022061 0.0686401 0.146245 0.21345 0.213454 0.146264 0.0687032 0.022244 0.00531535 0.00174952 0.00203985 0.00332873 0.00496272 0.00660322 0.00794638 0.00883033 0.00928744 0.00944561 0.00937264 0.00901359 0.00826797 0.00711767
 1.02282e-16 5.30853e-05 0.000516008 0.00342906 0.015588 0.0485003 0.103336 0.150829 0.15086 0.103489 0.0490123 0.0170665 0.00713788 0.00860493 0.0153936 0.0253084 0.0363224 0.0454076 0.0495233 0.0472851 0.0398122 0.0300096 0.0208742 0.0141253 0.00994165 0.00757549
 1.04794e-16 5.36497e-05 0.000521494 0.00346551 0.0157537 0.0490158 0.104434 0.152429 0.152451 0.104541 0.0493749 0.0167926 0.00607909 0.00624652 0.0109836 0.0182217 0.0265876 0.0341468 0.0389329 0.0399896 0.0378554 0.0340407 0.0299659 0.0262441 0.0227437 0.0191286
 1.04419e-16 6.38599e-05 0.000620741 0.00412504 0.0187518 0.058344 0.124309 0.181435 0.181449 0.124378 0.0585773 0.0194262 0.00582049 0.00433081 0.00713634 0.0117666 0.0171099 0.0218698 0.0247691 0.0252269 0.0236796 0.0212242 0.0188799 0.0170625 0.01559 0.014054
 1.03079e-16 6.4353e-05 0.000625534 0.00415689 0.0188966 0.0587945 0.125269 0.182837 0.182853 0.125349 0.0590634 0.0196734 0.0061074 0.00488609 0.00816363 0.0134149 0.0193677 0.0244618 0.0271534 0.0267373 0.0237589 0.0196244 0.0157327 0.0128088 0.0108273 0.0093741
 1.0696e-16 3.07445e-05 0.000298848 0.00198595 0.00902788 0.0280893 0.059849 0.0873613 0.0874087 0.0600804 0.0288663 0.0112727 0.00762354 0.0126152 0.0234494 0.0387903 0.056045 0.070832 0.078688 0.0775371 0.0688867 0.0567179 0.0450131 0.0358736 0.0293226 0.0243347
 1.06714e-16 6.39096e-05 0.000621224 0.00412825 0.0187664 0.0583894 0.124405 0.181575 0.181583 0.124445 0.0585254 0.0191613 0.00512728 0.00282792 0.00433069 0.00725708 0.0109134 0.0147009 0.0180333 0.0206163 0.022538 0.0240289 0.0251131 0.0254874 0.0247294 0.0226324
 1.06106e-16 5.55066e-05 0.000539544 0.00358546 0.016299 0.0507123 0.108049 0.157706 0.15773 0.108168 0.0511128 0.0174557 0.00648909 0.0068787 0.0120969 0.0199184 0.0287121 0.0361727 0.0400082 0.0392084 0.0346685 0.0285916 0.0231489 0.0194315 0.0173031 0.015959
 1.09175e-16 4.00987e-05 0.000389773 0.00259018 0.0117746 0.0366354 0.0780568 0.113933 0.113967 0.0782206 0.0371857 0.0133658 0.00659048 0.00914329 0.0167258 0.0277478 0.0403429 0.051519 0.0582312 0.059054 0.0549617 0.0485175 0.0421697 0.0370321 0.0328747 0.0289312
 1.0684e-16 6.31898e-05 0.000614227 0.00408176 0.0185551 0.0577318 0.123004 0.17953 0.179541 0.123058 0.0579137 0.0190818 0.00540941 0.00353071 0.00565591 0.00939218 0.0138586 0.0181375 0.0213325 0.0230353 0.0235203 0.0234405 0.0232825 0.0230455 0.0223546 0.0208286
 1.04898e-16 6.0024e-05 0.000583455 0.00387727 0.0176255 0.0548396 0.116842 0.170539 0.170559 0.11694 0.0551692 0.0185777 0.00626786 0.00580407 0.00998101 0.0164228 0.0236959 0.0299004 0.0331519 0.0326096 0.0289838 0.0240486 0.0195545 0.0163852 0.0144485 0.0131326
 1.08723e-16 3.34841e-05 0.000325477 0.00216291 0.00983231 0.0305922 0.0651815 0.095143 0.0951848 0.0653859 0.0312789 0.0118169 0.00714946 0.0112273 0.0207856 0.0344342 0.0498919 0.0633521 0.0709371 0.0708406 0.0643477 0.054839 0.0456293 0.0383642 0.0329176 0.0283466
 1.16305e-16 3.93621e-05 0.000382613 0.0025426 0.0115583 0.0359623 0.0766222 0.111837 0.111858 0.0767241 0.0363054 0.0125536 0.00505692 0.0059245 0.0107209 0.0180728 0.0269976 0.0359888 0.0435024 0.0488028 0.0522492 0.0546939 0.0565334 0.0572748 0.0559389 0.051858
 1.06483e-16 6.99414e-05 0.000679855 0.00451788 0.0205376 0.0639002 0.136146 0.198711 0.198718 0.136181 0.0640155 0.0208713 0.00535791 0.00252213 0.00359432 0.00590055 0.00866136 0.0112612 0.0131388 0.0140802 0.0143472 0.0144663 0.0148359 0.0154646 0.0160069 0.0160143
pSPR Fmed_Fpbrs
0.673616   0.204807 0.204807
Fs Fmed_Fpbrs
0.207346   1.005 1.005
SSBpbr Bo_Bmed_Bpbrs
2.03968e+06  1.27197e+06  315756 315756
Ro
193308
SPR SPRFo_SPRFmed_SPRFpbrs
1.38175e+06 930769 282993
Fref
1.005
Nvult_r0
 224023 19802 8770.55 9308.23 3452.58
CTP_r0
 28136.9 2919.03 1292.88 1372.14 508.948
YTP_r0
391300
Np
 260131 104773 8874.46 3930.61 5462.55
Nvult_p0
 218608 90664.5 7679.43 3401.31 4726.96
CTP_p0
 99470.6 45445.3 3849.29 1704.9 2369.38
YTP_p0
 1.70145e+06
CBA_c0
784344
log_Ro
11.992
likeval ReclasPelacesDesembMPH_pf_preclas_ppelaces_ptallas_desvR_qrecl_qpela
 15.3865 17.3063 0.0879272 0.000809151 241.306 119.379 98.1826 0 22.6233 2.52804e-06 0 0.448396 0 0 0
q_reclas_q_pelaces
0.798271 1
M
1
N
 212894 47144.7 168561 9583.43 0.313238
 120877 71098.4 15437.3 55194.5 3138.15
 120201 37326.5 21185.8 4599.99 17381.9
 219157 37309.2 11191.6 6352.14 6590.82
 175421 62920.6 10184.1 3054.91 3532.97
 289226 59470.5 20979 3395.58 2196.53
 121191 90536.8 18013.8 6354.62 1693.87
 56502 31456.5 21888.4 4355.06 1945.82
 51611.1 19675.7 10832.3 7537.44 2169.76
 67242.5 15304.3 5583.78 3074.11 2754.81
 122377 18640.6 4004.96 1461.21 1525.36
 159116 41907.8 6290.98 1351.63 1007.93
 133712 42189.3 10394.8 1560.41 585.262
 93943.3 36233.5 10742.3 2646.72 546.332
 94942.5 20949.5 7296.86 2163.33 643.031
 491666 24912.8 5131.51 1787.34 687.407
 110609 135223 6457.58 1330.12 641.471
 762358 33715.7 39669.8 1894.43 578.399
 439757 231895 9866.09 11608.4 723.615
 340852 122984 61329.7 2609.31 3261.47
 502094 98123.7 33679.2 16795.2 1607.72
 676970 153165 28812.5 9889.4 5403.74
 146028 196474 42356.6 7967.88 4229.2
 423645 46753.2 61149.5 13182.8 3796.15
 360061 138151 14876.4 19457.1 5402.53
 162069 117226 43872.5 4724.29 7894.68
 357563 54023.9 38299 14333.6 4122.76
 400324 116479 17168.2 12171 5865.23
 122498 132647 37782 5568.78 5850.35
 89606 40830.3 43333.4 12342.7 3730.42
 328796 28676.4 12701.2 13479.8 4999.89
pred_Ctot
 12506.4 3306.84 11823.3 672.203 0.0219712
 12448.1 8687.51 1886.28 6744.21 383.45
 12039.6 4437.89 2518.86 546.909 2066.59
 31038.4 6234.16 1870.05 1061.41 1101.29
 8758.46 3755.66 607.877 182.344 210.879
 27619.6 6745.72 2379.64 385.16 249.152
 23203.3 20297.8 4038.58 1424.66 379.755
 1916.23 1278.22 889.424 176.966 79.0676
 6439.42 2903.58 1598.54 1112.31 320.196
 10719.3 2870.78 1047.4 576.64 516.747
 5379.05 980.334 210.626 76.8469 80.2206
 28844 8909.6 1337.46 287.355 214.286
 22822.9 8459.1 2084.19 312.867 117.347
 24349.9 10879.9 3225.61 794.738 164.048
 17686.3 4573.38 1592.94 472.264 140.377
 80318.5 4785.99 985.813 343.365 132.058
 12170 17635.4 842.18 173.471 83.6589
 84745.1 4441.72 5226.11 249.573 76.1985
 68162.1 42322.5 1800.63 2118.62 132.065
 47800.3 20352.6 10149.5 431.814 539.741
 55037.4 12749.9 4376.19 2182.32 208.903
 92089.6 24602.5 4628.08 1588.51 867.989
 12108.4 19385.9 4179.29 786.184 417.291
 30714.2 4039.43 5283.25 1138.98 327.983
 26437.7 12086.9 1301.55 1702.32 472.672
 9696.58 8373.14 3133.7 337.444 563.897
 26137.3 4705.74 3336.02 1248.53 359.112
 25342.8 8798.86 1296.89 919.397 443.061
 7334.56 9481.72 2700.68 398.06 418.186
 7451.93 4040.43 4288.13 1221.39 369.149
 28136.9 2919.03 1292.88 1372.14 508.948
F
 0.0967315 0.116436 0.116436 0.116436 0.116436
 0.175072 0.210734 0.210734 0.210734 0.210734
 0.169926 0.204539 0.204539 0.204539 0.204539
 0.247914 0.298414 0.298414 0.298414 0.298414
 0.0817081 0.0983519 0.0983519 0.0983519 0.0983519
 0.161452 0.19434 0.19434 0.19434 0.19434
 0.34876 0.419802 0.419802 0.419802 0.419802
 0.0548907 0.0660718 0.0660718 0.0660718 0.0660718
 0.215601 0.259518 0.259518 0.259518 0.259518
 0.282962 0.340601 0.340601 0.340601 0.340601
 0.0716345 0.0862263 0.0862263 0.0862263 0.0862263
 0.327466 0.39417 0.39417 0.39417 0.39417
 0.305708 0.36798 0.36798 0.36798 0.36798
 0.500575 0.602541 0.602541 0.602541 0.602541
 0.337889 0.406716 0.406716 0.406716 0.406716
 0.290877 0.350128 0.350128 0.350128 0.350128
 0.188032 0.226334 0.226334 0.226334 0.226334
 0.190132 0.228861 0.228861 0.228861 0.228861
 0.274171 0.330019 0.330019 0.330019 0.330019
 0.24522 0.295171 0.295171 0.295171 0.295171
 0.187271 0.225418 0.225418 0.225418 0.225418
 0.237096 0.285392 0.285392 0.285392 0.285392
 0.138912 0.167209 0.167209 0.167209 0.167209
 0.120552 0.145108 0.145108 0.145108 0.145108
 0.122172 0.147058 0.147058 0.147058 0.147058
 0.0985943 0.118678 0.118678 0.118678 0.118678
 0.121599 0.146368 0.146368 0.146368 0.146368
 0.104578 0.125881 0.125881 0.125881 0.125881
 0.0986714 0.118771 0.118771 0.118771 0.118771
 0.139347 0.167731 0.167731 0.167731 0.167731
 0.143639 0.172898 0.172898 0.172898 0.172898
YTP_r0W_actual
 239164 47580.2 37364.1 47750.4 19441.8
YTP_p0W_proyectada
 748019 732578 89996.4 50294.5 80558.8
CTP_r0_actual
 28136.9 2919.03 1292.88 1372.14 508.948
CTP_p0_proyectada
 99470.6 45445.3 3849.29 1704.9 2369.38
Wmedp
 7.52 16.12 23.38 29.5 34
Frms_r0
 0.143639 0.172898 0.172898 0.172898 0.172898
Zrms_r0
 1.14364 1.1729 1.1729 1.1729 1.1729
nmprior
 8.19 8.8 8.5 0
nm_flota  nm_reclas  nm_pelaces    nm_pelaL
inf 11.9041 19.0158 46.0098
cv_recla  cv_pelaces  cv_mph
0.354809 0.471709 0.87785
 ------------------------------------------------
Talla a la edad & desviaci?n 
 8 13.2811 15.8009 17.003 17.5766
 0.8 1.32811 1.58009 1.7003 1.75766
