years
 1991 1992 1993 1994 1995 1996 1997 1998 1999 2000 2001 2002 2003 2004 2005 2006 2007 2008 2009 2010 2011 2012 2013 2014 2015 2016 2017 2018 2019 2020 2021
reclasobs
 0 0 0 0 0 0 0 0 0 252601 567819 844713 477998 351125 339783 2.1784e+06 2.13404e+06 4.81314e+06 1.55562e+06 2.62356e+06 3.21686e+06 3.843e+06 1.13348e+06 3.07943e+06 1.97215e+06 2.03268e+06 2.025e+06 2.42433e+06 2.27542e+06 1.05018e+06 2.36338e+06
reclaspred
 3.32266e+06 1.90934e+06 970171 960796 956876 1.44174e+06 1.00041e+06 905351 667266 501396 510034 626330 629165 523446 536057 1.25152e+06 1.28491e+06 2.62495e+06 2.21134e+06 1.68746e+06 3.00566e+06 2.44703e+06 2.01181e+06 3.032e+06 2.29913e+06 2.03552e+06 2.36822e+06 2.47688e+06 2.0863e+06 1.36538e+06 1.9366e+06
pelacesobs
 0 0 0 0 0 0 0 0 0 0 0 0 0 0 0 552880 188675 0 991730 2.46772e+06 1.41603e+06 1.21717e+06 2.29649e+06 1.80582e+06 0 1.4828e+06 1.56532e+06 1.57751e+06 1.42118e+06 867257 1.10002e+06
pelacespred
 1.8734e+06 1.21462e+06 630356 507241 509716 792783 538004 561404 415770 301209 308359 321337 351406 317642 328125 627923 640501 1.47809e+06 1.31668e+06 942172 1.56864e+06 1.43e+06 1.14851e+06 1.86786e+06 1.3841e+06 1.21303e+06 1.59804e+06 1.65195e+06 1.14684e+06 858851 1.19617e+06
mphobs
 0 0 0 0 0 0 0 0 0 0 0 498337 0 5186 125008 0 168611 109162 213762 579715 649985 157893 87575 83554 0 0 0 0 0 0 0
mphpred
 491273 330531 170302 92020.1 102370 112456 147352 103497 89305.1 64591.9 43987.5 58590.6 63762.5 56582.9 42712.4 52614 145509 145803 258591 205042 222060 273154 260651 220252 298503 246948 204068 214049 291947 206404 135475
desembarqueobs
 494567 514787 250237 358949 120608 361735 552515 73892 212993 205616 52469 317467 293654 387597 252695 516296 358380 742168 942051 627588 828172 859565 418607 520667 417249 300574 415391 372974 316634 284311 391294
desembarquepred
 494573 513117 251095 358966 120611 361746 552558 73894.6 213026 205647 52470.8 317523 293703 387653 252701 516285 358398 742113 941945 627521 828224 859599 418618 520685 417252 300577 415393 372967 316633 284319 391297
Reclutas
 262547 154324 150405 283478 226726 373035 157899 76389.9 69545 89936 162407 199958 168927 119718 126221 650323 153082 971166 573242 435428 675324 899093 198501 588341 491849 223425 496661 555344 168374 123671 458439
log_desv_Rt
 0.0252436 -0.506133 -0.531853 0.101951 -0.121441 0.376487 -0.483232 -1.20933 -1.30321 -1.04609 -0.455082 -0.247079 -0.415719 -0.760048 -0.70715 0.932285 -0.514214 1.33331 0.806123 0.531145 0.970007 1.2562 -0.254389 0.832122 0.652986 -0.136108 0.662724 0.774403 -0.419 -0.727557 0.582643
SSB
 5.44293e+06 3.66203e+06 1.88682e+06 1.01951e+06 1.13418e+06 1.24593e+06 1.63255e+06 1.14667e+06 989433 715630 487349 649140 706440 626896 473221 582923 1.61213e+06 1.61539e+06 2.865e+06 2.27171e+06 2.46025e+06 3.02634e+06 2.88781e+06 2.44023e+06 3.30719e+06 2.73599e+06 2.26092e+06 2.37151e+06 3.23455e+06 2.2868e+06 1.50096e+06
BT
 7.09806e+06 4.84258e+06 2.50346e+06 2.11429e+06 1.91231e+06 3.13578e+06 2.41657e+06 2.06552e+06 1.69388e+06 1.27424e+06 1.14555e+06 1.4154e+06 1.52157e+06 1.53752e+06 1.4243e+06 2.66058e+06 2.56481e+06 5.92541e+06 5.60754e+06 3.92766e+06 6.26598e+06 5.90836e+06 4.46155e+06 7.14332e+06 5.31909e+06 4.59209e+06 6.12135e+06 6.26335e+06 4.34971e+06 3.33726e+06 4.63547e+06
Ftot
 0.078383 0.140367 0.13571 0.200993 0.0678136 0.13664 0.287614 0.0438022 0.170151 0.217396 0.0567629 0.271008 0.249297 0.392043 0.256713 0.229133 0.147952 0.15612 0.22715 0.198744 0.149222 0.189244 0.110258 0.0944898 0.0972896 0.0789515 0.0962228 0.0830613 0.0798502 0.110096 0.111662
BD_Bspro_t
 0.987537 0.905312 0.799071 0.732011 0.72589 0.778428 0.770028 0.655683 0.700795 0.674513 0.651672 0.783253 0.689911 0.61922 0.536255 0.58811 0.712328 0.701914 0.76082 0.688418 0.666164 0.70789 0.721809 0.721136 0.799296 0.805704 0.811684 0.834805 0.863059 0.821051 0.778746
BD_Bspro
 2.97447 2.00124 1.03112 0.557147 0.619809 0.68088 0.892159 0.626637 0.540709 0.39108 0.266328 0.354744 0.386058 0.342588 0.258608 0.318558 0.881003 0.882784 1.56567 1.24145 1.34449 1.65384 1.57814 1.33355 1.80733 1.49517 1.23556 1.29599 1.76763 1.2497 0.82025
BD_Bo
 2.01275 1.35419 0.697731 0.377008 0.41941 0.460735 0.603702 0.42403 0.365884 0.264634 0.180218 0.240046 0.261236 0.231821 0.174993 0.21556 0.596153 0.597358 1.05945 0.840058 0.909781 1.11912 1.06789 0.902377 1.22297 1.01175 0.83607 0.876963 1.19611 0.845639 0.555043
BD_Brms
 3.65955 2.46216 1.2686 0.685469 0.762563 0.8377 1.09764 0.770963 0.665244 0.481153 0.327668 0.436448 0.474974 0.421492 0.31817 0.391928 1.08391 1.08611 1.92627 1.52738 1.65415 2.03476 1.94162 1.64069 2.22359 1.83954 1.52013 1.59448 2.17475 1.53752 1.00917
Sel_flota
 0.90069 1 1 1 1
 0.90069 1 1 1 1
 0.90069 1 1 1 1
 0.90069 1 1 1 1
 0.90069 1 1 1 1
 0.90069 1 1 1 1
 0.90069 1 1 1 1
 0.90069 1 1 1 1
 0.90069 1 1 1 1
 0.90069 1 1 1 1
 0.90069 1 1 1 1
 0.90069 1 1 1 1
 0.90069 1 1 1 1
 0.90069 1 1 1 1
 0.90069 1 1 1 1
 0.90069 1 1 1 1
 0.90069 1 1 1 1
 0.90069 1 1 1 1
 0.90069 1 1 1 1
 0.90069 1 1 1 1
 0.90069 1 1 1 1
 0.90069 1 1 1 1
 0.90069 1 1 1 1
 0.90069 1 1 1 1
 0.90069 1 1 1 1
 0.90069 1 1 1 1
 0.90069 1 1 1 1
 0.90069 1 1 1 1
 0.90069 1 1 1 1
 0.90069 1 1 1 1
 0.90069 1 1 1 1
Sel_reclas
 1 1 1 1 1
 1 1 1 1 1
 1 1 1 1 1
 1 1 1 1 1
 1 1 1 1 1
 1 1 1 1 1
 1 1 1 1 1
 1 1 1 1 1
 1 1 1 1 1
 1 1 1 1 1
 1 1 1 1 1
 1 1 1 1 1
 1 1 1 1 1
 1 1 1 1 1
 1 1 1 1 1
 1 1 1 1 1
 1 1 1 1 1
 1 1 1 1 1
 1 1 1 1 1
 1 1 1 1 1
 1 1 1 1 1
 1 1 1 1 1
 1 1 1 1 1
 1 1 1 1 1
 1 1 1 1 1
 1 1 1 1 1
 1 1 1 1 1
 1 1 1 1 1
 1 1 1 1 1
 1 1 1 1 1
 1 1 1 1 1
Sel_pelaces
 1 1 1 1 1
 1 1 1 1 1
 1 1 1 1 1
 1 1 1 1 1
 1 1 1 1 1
 1 1 1 1 1
 1 1 1 1 1
 1 1 1 1 1
 1 1 1 1 1
 1 1 1 1 1
 1 1 1 1 1
 1 1 1 1 1
 1 1 1 1 1
 1 1 1 1 1
 1 1 1 1 1
 1 1 1 1 1
 1 1 1 1 1
 1 1 1 1 1
 1 1 1 1 1
 1 1 1 1 1
 1 1 1 1 1
 1 1 1 1 1
 1 1 1 1 1
 1 1 1 1 1
 1 1 1 1 1
 1 1 1 1 1
 1 1 1 1 1
 1 1 1 1 1
 1 1 1 1 1
 1 1 1 1 1
 1 1 1 1 1
pf_obs 
 0.8446 0.082 0.0669 0.0065 0
 0.8095 0.147 0.0364 0.0071 0
 0.9664 0.0169 0.016 0.0007 0
 0.9276 0.0648 0.0075 0.0001 0
 0.7033 0.2144 0.0806 0.0017 0
 0.9318 0.0425 0.0243 0.0014 0
 0.5671 0.3108 0.0964 0.0239 0.0018
 0.0768 0.2599 0.5324 0.112 0.0189
 0.490249 0.384438 0.106611 0.0170017 0.00170017
 0.7925 0.1577 0.0466 0.003 0.0002
 0.840416 0.127587 0.0312969 0.00059994 9.999e-05
 0.8084 0.0986 0.0794 0.0134 0.0002
 0.7335 0.1905 0.0724 0.0035 0.0001
 0.4001 0.4547 0.1325 0.0127 0
 0.49795 0.308269 0.164784 0.0264974 0.00249975
 0.9179 0.0499 0.0305 0.0017 0
 0.2467 0.6533 0.0926 0.0074 0
 0.9418 0.0223 0.034 0.0019 0
 0.707729 0.231977 0.0356964 0.0245975 0
 0.517169 0.277429 0.184464 0.0207286 0.00020938
 0.811772 0.124168 0.05621 0.00726502 0.000585176
 0.764997 0.148141 0.077277 0.00933861 0.000247198
 0.163321 0.427699 0.378323 0.0303852 0.000271297
 0.753843 0.0900009 0.118128 0.0371064 0.000921714
 0.721811 0.176058 0.0630433 0.0369309 0.00215725
 0.143369 0.312575 0.442814 0.0836902 0.0175525
 0.692698 0.0596174 0.167031 0.0765114 0.00414204
 0.394062 0.376323 0.152708 0.0712218 0.00568511
 0.125707 0.32114 0.495352 0.0537591 0.00404204
 0.23352 0.215282 0.420074 0.123614 0.00750983
 0.774587 0.0839891 0.0768558 0.0609784 0.00358967
pf_pred 
 0.417665 0.109035 0.449368 0.023931 7.31783e-07
 0.408384 0.262933 0.0615417 0.253634 0.0135076
 0.542716 0.199333 0.114642 0.0268329 0.116477
 0.749928 0.142664 0.0468198 0.0269274 0.033661
 0.644726 0.273964 0.0463862 0.0152231 0.0196999
 0.742355 0.172411 0.0657267 0.0111285 0.00837838
 0.475018 0.400721 0.0831535 0.0316999 0.00940813
 0.437297 0.28442 0.212414 0.0440781 0.0217906
 0.519879 0.222687 0.130121 0.0971789 0.0301347
 0.671219 0.180303 0.0688661 0.0402402 0.0393719
 0.789684 0.146509 0.0349919 0.013365 0.0154505
 0.721289 0.224932 0.0374629 0.00894757 0.00736827
 0.665135 0.249446 0.0689373 0.0114817 0.00500049
 0.603826 0.273834 0.0911323 0.0251855 0.00602158
 0.701829 0.189068 0.0754118 0.0250971 0.00859418
 0.920955 0.0574105 0.0137182 0.00547167 0.00244455
 0.398378 0.558993 0.030961 0.00739813 0.00426915
 0.883783 0.0494876 0.0620009 0.00343405 0.00129408
 0.600348 0.357677 0.0178739 0.0223934 0.0017077
 0.591042 0.256957 0.136037 0.00679805 0.00916648
 0.738735 0.161683 0.0625698 0.0331253 0.00388741
 0.740618 0.197135 0.0385209 0.0149073 0.00881831
 0.329213 0.511298 0.121214 0.0236857 0.0145884
 0.740227 0.092008 0.127877 0.030316 0.00957243
 0.629951 0.281547 0.0313463 0.0435664 0.0135896
 0.443854 0.364427 0.145867 0.0162402 0.029612
 0.734246 0.125157 0.0921295 0.0368761 0.0115917
 0.693464 0.231493 0.0353413 0.0260151 0.0136861
 0.365012 0.454794 0.136081 0.020775 0.023338
 0.431288 0.222189 0.248188 0.0742615 0.0240732
 0.822002 0.0816491 0.0376425 0.0420473 0.0166596
pobs_RECLAS
 0 0 0 0 0
 0 0 0 0 0
 0 0 0 0 0
 0 0 0 0 0
 0 0 0 0 0
 0 0 0 0 0
 0 0 0 0 0
 0 0 0 0 0
 0 0 0 0 0
 0 0 0 0 0
 0.991045 0.00858322 0.000360255 1.14367e-05 0
 0.934742 0.0480273 0.0164251 0.00080598 0
 0.827803 0.169806 0.00239088 0 0
 0.941827 0.0461693 0.0120037 0 0
 0.791401 0.0380133 0.147996 0.0225897 0
 0.846168 0.0940531 0.0597789 0 0
 0.134021 0.677848 0.182769 0.00536245 0
 0.80878 0.0450904 0.141981 0.00414843 0
 0.846168 0.0940531 0.0597789 0 0
 0.905697 0.0802665 0.012482 0.00150086 5.37128e-05
 0.989698 0.0102097 9.19794e-05 0 0
 0.975433 0.0193895 0.00387452 0.00125025 5.28907e-05
 0.303575 0.632131 0.0575291 0.00676475 0
 0.966965 0.00978017 0.0227588 0.000495775 0
 0.843318 0.132988 0.00938335 0.0141283 0.000182051
 0.564624 0.303363 0.111486 0.0197234 0.00080311
 0.826376 0.0876187 0.0782897 0.00655872 0.00115652
 0.89761 0.0855135 0.0140674 0.00269457 0.000114338
 0.34875 0.467042 0.161289 0.0227151 0.000203297
 0.318654 0.224769 0.449479 0.00709798 0
 0.937255 0.0296025 0.0250945 0.00804832 0
ppred_RECLAS
 0.443471 0.104203 0.429455 0.0228705 6.99354e-07
 0.434192 0.251463 0.0588571 0.242569 0.0129183
 0.568839 0.187945 0.108093 0.0253 0.109823
 0.76937 0.131572 0.0431797 0.0248339 0.031044
 0.668436 0.255681 0.0432906 0.0142072 0.0183852
 0.762076 0.159215 0.060696 0.0102767 0.0077371
 0.501883 0.380214 0.0788982 0.0300777 0.00892667
 0.463272 0.271291 0.202609 0.0420433 0.0207847
 0.546305 0.21043 0.122959 0.0918301 0.028476
 0.694325 0.167631 0.0640263 0.0374122 0.0366049
 0.806605 0.134721 0.0321766 0.0122897 0.0142074
 0.742348 0.207936 0.0346322 0.00827151 0.00681154
 0.688549 0.232004 0.0641171 0.0106788 0.00465085
 0.629564 0.256044 0.0852118 0.0235493 0.00563038
 0.723761 0.175161 0.0698649 0.0232511 0.00796204
 0.928392 0.0520093 0.0124276 0.00495689 0.00221456
 0.424027 0.535162 0.0296411 0.00708274 0.00408714
 0.89424 0.0450349 0.0564223 0.00312507 0.00117764
 0.625683 0.335003 0.0167408 0.0209739 0.00159945
 0.616514 0.240952 0.127563 0.00637462 0.00859554
 0.758666 0.149348 0.0577966 0.0305983 0.00359086
 0.760529 0.182002 0.0355639 0.0137629 0.00814137
 0.352935 0.493217 0.116928 0.0228481 0.0140725
 0.759981 0.0850112 0.118152 0.0280106 0.00884449
 0.65418 0.263112 0.0292939 0.0407139 0.0126998
 0.469973 0.347312 0.139016 0.0154775 0.0282213
 0.754307 0.115709 0.0851747 0.0340923 0.0107167
 0.715386 0.214938 0.0328139 0.0241547 0.0127074
 0.389745 0.43708 0.130781 0.0199658 0.022429
 0.45735 0.212007 0.236815 0.0708584 0.02297
 0.83693 0.0748012 0.0344854 0.0385207 0.0152623
pobs_PELACES
 0 0 0 0 0
 0 0 0 0 0
 0 0 0 0 0
 0 0 0 0 0
 0 0 0 0 0
 0 0 0 0 0
 0 0 0 0 0
 0 0 0 0 0
 0 0 0 0 0
 0 0 0 0 0
 0 0 0 0 0
 0 0 0 0 0
 0 0 0 0 0
 0 0 0 0 0
 0 0 0 0 0
 0 0 0 0 0
 0.505614 0.472636 0.0217494 0 0
 0 0 0 0 0
 0.443492 0.261883 0.143347 0.151278 0
 0.227955 0.32914 0.350689 0.0885471 0.00366901
 0.970185 0.0296113 0.000203453 0 0
 0.997202 0.00247181 0.000326279 0 0
 0.445219 0.490057 0.0546422 0.010081 0
 0.90214 0.0892962 0.00764917 0.000914606 0
 0 0 0 0 0
 0.581667 0.319106 0.0959925 0.00289975 0.000334073
 0.762889 0.0836404 0.116647 0.0363945 0.000428098
 0.88444 0.0763242 0.0277011 0.0115352 0
 0.521256 0.241999 0.230069 0.00667565 0
 0.616807 0.101726 0.260614 0.0208532 0
 0.833518 0.0704572 0.0857862 0.0102388 0
ppred_PELACES
 0.444105 0.104084 0.428966 0.0228444 6.98558e-07
 0.435323 0.25096 0.0587395 0.242085 0.0128925
 0.569929 0.18747 0.107819 0.025236 0.109545
 0.770537 0.130907 0.0429613 0.0247083 0.0308869
 0.668928 0.255302 0.0432263 0.0141861 0.0183579
 0.762886 0.158672 0.0604891 0.0102417 0.00771073
 0.50424 0.378416 0.0785249 0.0299354 0.00888444
 0.463629 0.27111 0.202474 0.0420154 0.0207708
 0.547686 0.209789 0.122585 0.0915504 0.0283893
 0.695835 0.166803 0.06371 0.0372274 0.0364241
 0.806895 0.134519 0.0321283 0.0122713 0.0141861
 0.744043 0.206568 0.0344044 0.0082171 0.00676672
 0.690299 0.230701 0.063757 0.0106189 0.00462473
 0.632555 0.253977 0.0845237 0.0233592 0.00558491
 0.72544 0.174097 0.0694403 0.0231098 0.00791365
 0.928889 0.0516479 0.0123413 0.00492244 0.00219917
 0.425211 0.534062 0.0295801 0.00706817 0.00407874
 0.894723 0.0448293 0.0561647 0.0031108 0.00117227
 0.627425 0.333444 0.0166629 0.0208763 0.001592
 0.618053 0.239985 0.127052 0.00634904 0.00856105
 0.75956 0.148795 0.0575825 0.030485 0.00357755
 0.761657 0.181145 0.0353964 0.0136981 0.00810303
 0.35376 0.492588 0.116779 0.022819 0.0140545
 0.760546 0.0848113 0.117874 0.0279447 0.00882369
 0.654901 0.262564 0.0292328 0.040629 0.0126734
 0.470618 0.346889 0.138847 0.0154587 0.028187
 0.754891 0.115434 0.0849723 0.0340113 0.0106912
 0.715939 0.21452 0.0327501 0.0241077 0.0126827
 0.390367 0.436634 0.130647 0.0199455 0.0224061
 0.458245 0.211657 0.236424 0.0707415 0.0229321
 0.837429 0.0745724 0.0343799 0.0384029 0.0152156
pobs_pel_tallas
 0 0 0 0 0 0 0 0 0 0 0 0 0 0 0 0 0 0 0 0 0 0 0 0 0 0
 0 0 0 0 0 0 0 0 0 0 0 0 0 0 0 0 0 0 0 0 0 0 0 0 0 0
 0 0 0 0 0 0 0 0 0 0 0 0 0 0 0 0 0 0 0 0 0 0 0 0 0 0
 0 0 0 0 0 0 0 0 0 0 0 0 0 0 0 0 0 0 0 0 0 0 0 0 0 0
 0 0 0 0 0 0 0 0 0 0 0 0 0 0 0 0 0 0 0 0 0 0 0 0 0 0
 0 0 0 0 0 0 0 0 0 0 0 0 0 0 0 0 0 0 0 0 0 0 0 0 0 0
 0 0 0 0 0 0 0 0 0 0 0 0 0 0 0 0 0 0 0 0 0 0 0 0 0 0
 0 0 0 0 0 0 0 0 0 0 0 0 0 0 0 0 0 0 0 0 0 0 0 0 0 0
 0 0 0 0 0 0 0 0 0 0 0 0 0 0 0 0 0 0 0 0 0 0 0 0 0 0
 0 0 0 0 0 0 0 0 0 0 0 0 0 0 0 0 0 0 0 0 0 0 0 0 0 0
 0 0 0 0 0 0 0 0 0 0 0 0 0 0 0 0 0 0 0 0 0 0 0 0 0 0
 0 0 0 0 0 0 0 0 0 0 0 0 0 0 0 0 0 0 0 0 0 0 0 0 0 0
 0.00862536 0 0 0.000197151 0.00414017 0.0128641 0.00837892 0.0270097 0.101434 0.158115 0.152841 0.127902 0.109271 0.109419 0.0830992 0.0579132 0.0238553 0.00714673 0.00463305 0.00128148 0.00103504 0.000492878 0.000147863 0.000147863 4.92878e-05 0
 0 0 0 0 0 0 0 0 0 0 0 0 0 0 0 0 0 0 0 0 0 0 0 0 0 0
 0 0 0 0 0 0 0 0.0054083 0.00873648 0.0413646 0.0450493 0.0745869 0.0622846 0.0627006 0.0613931 0.0827291 0.12552 0.122667 0.0946155 0.0697135 0.0546179 0.0294188 0.0215738 0.0213955 0.0102223 0.00600262
 0 0 0 0 0.00359764 0.0251062 0.0480494 0.140153 0.205849 0.193036 0.1447 0.116669 0.0760912 0.0342217 0.00950174 0.001854 0.000860785 0 0 0 0.000165536 0 0.000143464 0 0 0
 0 0 0 0 0 0 0 0.000145254 0.000435761 0.0275982 0.070085 0.0708112 0.156366 0.174668 0.174014 0.160142 0.0824315 0.0480064 0.0283245 0.00493863 0.00203355 0 0 0 0 0
 0 0 0 0 0 0 0 0 0 0 0 0 0 0 0 0 0 0 0 0 0 0 0 0 0 0
 0 0 1.00437e-05 0.000401748 0.00122533 0.00171747 0.00176769 0.0269171 0.070346 0.194647 0.189555 0.159765 0.064822 0.0314167 0.0384472 0.0292271 0.0345202 0.0313363 0.0194345 0.0106764 0.0143323 0.0359363 0.0279516 0.0138201 0.00172751 0
 0 0.0021121 0.0136068 0.0755702 0.200478 0.177729 0.0527432 0.0373336 0.0318909 0.0142505 0.0149659 0.0166563 0.0217959 0.0798694 0.0677717 0.0528807 0.04013 0.0224614 0.0357745 0.0225083 0.00881397 0.00855152 0.00135912 0.000746735 0 0
 0 0 0 0 5.4009e-05 0.00500934 0.000945158 0.0243581 0.138947 0.33067 0.221406 0.137944 0.0707744 0.0437923 0.0131692 0.00525238 0.0047753 0.00276346 9.45158e-05 9.00151e-06 2.25038e-05 9.00151e-06 4.50075e-06 0 0 0
 0.000866109 0.00284123 0.00948549 0.0512746 0.133035 0.25785 0.225252 0.132002 0.0553304 0.0519788 0.0540692 0.017754 0.00435017 0.00159236 0.00146478 0.000404838 0.000125132 0.000115318 0.000107957 0.000100596 0 0 0 0 0 0
 0 0 0 0 0.00144013 0.00171154 0.00461396 0.0210425 0.0478622 0.0707936 0.0888783 0.103762 0.0637923 0.0337046 0.0602308 0.124433 0.169614 0.0934646 0.0462172 0.0250306 0.0313229 0.00938855 0.002487 0.000210481 0 0
 0 0.00764035 0.051015 0.0998891 0.058973 0.0496711 0.0374665 0.0718981 0.12319 0.153886 0.159021 0.0857701 0.0377988 0.023471 0.0147837 0.00900784 0.00315554 0.000888139 0.00291439 0.00214683 0.00393193 0.00274676 0.000635225 9.99891e-05 0 0
 0 0 0 0 0 0 0 0 0 0 0 0 0 0 0 0 0 0 0 0 0 0 0 0 0 0
 0 0 0 0 0 0 0 0 0 0 0 0 0 0 0 0 0 0 0 0 0 0 0 0 0 0
 0 0 0 0 0 0 0 0 0 0 0 0 0 0 0 0 0 0 0 0 0 0 0 0 0 0
 0 0 0 0 0 0 0 0 0 0 0 0 0 0 0 0 0 0 0 0 0 0 0 0 0 0
 0 0 0 0 0 0 0 0 0 0 0 0 0 0 0 0 0 0 0 0 0 0 0 0 0 0
 0 0 0 0 0 0 0 0 0 0 0 0 0 0 0 0 0 0 0 0 0 0 0 0 0 0
 0 0 0 0 0 0 0 0 0 0 0 0 0 0 0 0 0 0 0 0 0 0 0 0 0 0
ppred_pel_tallas
 1.14697e-16 3.65804e-05 0.000355574 0.00236292 0.0107415 0.0334208 0.0712069 0.103931 0.103941 0.0712594 0.0335989 0.011264 0.00370554 0.00338882 0.00609629 0.0107984 0.0173581 0.0255781 0.0351374 0.0456593 0.0565332 0.0665559 0.0738416 0.0763643 0.0729326 0.0639317
 1.28219e-16 3.5857e-05 0.000348543 0.00231619 0.0105291 0.03276 0.0697996 0.10188 0.101904 0.0699184 0.0331595 0.0116846 0.00522401 0.00672147 0.0122175 0.0203603 0.0298799 0.0388411 0.0454102 0.0490332 0.0508693 0.0529613 0.0567233 0.0619016 0.066699 0.0688222
 1.24229e-16 4.69444e-05 0.000456316 0.00303238 0.0137848 0.0428897 0.0913816 0.133378 0.133396 0.0914707 0.0431893 0.0146524 0.00521829 0.00525498 0.00924101 0.0154196 0.0227324 0.0297333 0.0350233 0.038091 0.0396457 0.041065 0.0433764 0.0465671 0.0496535 0.0513002
 1.08979e-16 6.34681e-05 0.000616933 0.00409974 0.0186368 0.0579861 0.123546 0.180322 0.180334 0.123608 0.0581942 0.0192385 0.00561278 0.00392901 0.00638122 0.0105235 0.0153348 0.0196837 0.0224806 0.0232773 0.022543 0.0213191 0.0205201 0.0204274 0.0206807 0.020641
 1.05843e-16 5.50988e-05 0.00053558 0.00355912 0.0161792 0.0503397 0.107255 0.156547 0.156572 0.107375 0.0507438 0.0173465 0.00649004 0.00693682 0.0122214 0.0201421 0.0290718 0.0366959 0.0407007 0.040042 0.0355705 0.0294416 0.0237953 0.0197338 0.0171881 0.0154617
 1.04119e-16 6.2838e-05 0.000610808 0.00405903 0.0184518 0.0574104 0.12232 0.178532 0.178547 0.122395 0.0576626 0.019181 0.00589253 0.00462333 0.00771266 0.0127279 0.0185088 0.0236528 0.0267659 0.0271961 0.0253863 0.0225001 0.0196423 0.0173048 0.0153694 0.0134849
 1.06869e-16 4.15336e-05 0.000403722 0.00268287 0.012196 0.0379464 0.0808502 0.118011 0.118047 0.0810286 0.0385458 0.0139277 0.00703216 0.009906 0.0181111 0.0299369 0.0432671 0.0547219 0.0608812 0.0601758 0.0538015 0.0448471 0.0363676 0.0299191 0.0254129 0.0219384
 1.13641e-16 3.81886e-05 0.000371207 0.0024668 0.0112137 0.0348902 0.0743383 0.108504 0.108531 0.0744674 0.0353245 0.0124717 0.00563757 0.00733654 0.0133947 0.0224194 0.0330796 0.0432537 0.0507679 0.0545848 0.0552872 0.0543803 0.0530345 0.0513525 0.0486374 0.0442168
 1.17577e-16 4.51122e-05 0.000438507 0.00291404 0.0132468 0.0412158 0.0878154 0.128173 0.128194 0.0879151 0.0415513 0.0142182 0.00536163 0.00581244 0.0103433 0.0172743 0.0254709 0.0333083 0.0391839 0.0424454 0.0437513 0.0444646 0.0455647 0.0469666 0.0476964 0.0466289
 1.11779e-16 5.73151e-05 0.000557123 0.00370228 0.01683 0.0523645 0.111569 0.162841 0.162857 0.111648 0.05263 0.0175978 0.00563379 0.00478772 0.0081344 0.0134713 0.019677 0.0253492 0.0291198 0.0304241 0.029841 0.0286471 0.0279342 0.0279857 0.0282944 0.0280458
 1.04593e-16 6.64629e-05 0.000646043 0.00429319 0.0195162 0.0607222 0.129376 0.18883 0.188843 0.129439 0.0609355 0.0201325 0.00584152 0.00403054 0.00650768 0.0106895 0.0154795 0.0196565 0.0220291 0.0220683 0.0202194 0.0175796 0.0152024 0.0135734 0.0125665 0.0117557
 1.03015e-16 6.12859e-05 0.000595721 0.00395878 0.017996 0.0559924 0.119299 0.174124 0.174144 0.119396 0.0563193 0.0189402 0.00632929 0.00577218 0.00989712 0.0162778 0.0234734 0.0295843 0.0327167 0.0320005 0.0280999 0.0227464 0.0176842 0.0138512 0.0112699 0.00947145
 1.03747e-16 5.6859e-05 0.00055269 0.00367282 0.0166961 0.051948 0.110681 0.161547 0.16157 0.11079 0.0523138 0.0177535 0.00632926 0.00635966 0.0111086 0.0183354 0.0265487 0.0336807 0.0376519 0.037489 0.0338691 0.0285934 0.0234391 0.0193066 0.0161626 0.0135433
 1.05792e-16 5.21028e-05 0.000506458 0.00336559 0.0152995 0.0476026 0.101423 0.148035 0.14806 0.101543 0.0480059 0.0164655 0.00629627 0.00691734 0.0122664 0.0202984 0.0294751 0.0375703 0.0423391 0.0427367 0.0394953 0.0345273 0.0296649 0.0257496 0.0226159 0.0196881
 1.05706e-16 5.97535e-05 0.000580826 0.00385979 0.0175461 0.0545924 0.116315 0.169769 0.169786 0.116398 0.0548693 0.0183469 0.0058737 0.00498983 0.00847055 0.0140073 0.0204044 0.026151 0.0297437 0.0304915 0.0288911 0.0262034 0.0235903 0.0215096 0.0197377 0.0178118
 1.01236e-16 7.65114e-05 0.000743718 0.00494227 0.0224668 0.0699027 0.148935 0.217376 0.217381 0.14896 0.0699845 0.0227034 0.00553659 0.00204269 0.00254818 0.004104 0.00593421 0.00752599 0.00841385 0.00838753 0.00761024 0.00649727 0.00545269 0.00467172 0.00412531 0.00367714
 1.0239e-16 3.50242e-05 0.000340448 0.0022624 0.0102846 0.0319994 0.0681799 0.0995214 0.0995728 0.068431 0.0328423 0.0127184 0.00836791 0.0136567 0.0252895 0.0416598 0.0597902 0.0747275 0.0814473 0.0776353 0.0650914 0.0485658 0.0329964 0.0212742 0.0138078 0.0095025
 1.02143e-16 7.36972e-05 0.000716363 0.00476048 0.0216405 0.0673315 0.143457 0.209381 0.209385 0.143479 0.067404 0.0218509 0.00529238 0.00188979 0.00233818 0.00384228 0.00574471 0.00767433 0.00928997 0.0104083 0.0110604 0.0113767 0.0114109 0.0110754 0.0102389 0.00887859
 1.0293e-16 5.16802e-05 0.00050235 0.0033383 0.0151754 0.0472166 0.100601 0.146837 0.146869 0.100758 0.0477429 0.0166952 0.00715114 0.0088191 0.0158273 0.0260338 0.0373831 0.0467761 0.0511005 0.0489438 0.0414586 0.0316191 0.0224783 0.0157639 0.0116177 0.00924017
 1.05814e-16 5.09083e-05 0.000494846 0.00328843 0.0149487 0.0465112 0.0990979 0.144641 0.144664 0.0992117 0.0468937 0.0160554 0.00607318 0.00659682 0.0117064 0.019446 0.0284105 0.036563 0.0418275 0.0431944 0.0412273 0.0375007 0.0334744 0.0297444 0.0261273 0.02225
 1.05363e-16 6.2564e-05 0.000608144 0.00404133 0.0183713 0.0571601 0.121786 0.177753 0.177768 0.121857 0.0573967 0.0190558 0.00576275 0.00437709 0.00725332 0.0119793 0.0174574 0.022395 0.0255184 0.0262523 0.025035 0.0229481 0.0209688 0.0194494 0.0181431 0.0166003
 1.03813e-16 6.27367e-05 0.000609823 0.00405249 0.018422 0.0573179 0.122123 0.178245 0.178263 0.122208 0.0576048 0.0192508 0.00613384 0.00515674 0.00870812 0.0143237 0.020692 0.0261602 0.0290906 0.028739 0.0256918 0.0214454 0.0174783 0.0145398 0.012573 0.0111089
 1.08163e-16 2.91389e-05 0.00028324 0.00188223 0.00855639 0.0266224 0.0567235 0.0827996 0.0828471 0.0569559 0.0274029 0.0108119 0.00754756 0.0126632 0.0235775 0.0390282 0.0564437 0.0714522 0.0795983 0.0788123 0.0705961 0.0589008 0.0476481 0.03886 0.032488 0.0274699
 1.0772e-16 6.26452e-05 0.000608933 0.00404658 0.0183952 0.0572342 0.121944 0.177982 0.177991 0.121985 0.057372 0.0187953 0.00505942 0.00284817 0.00439834 0.0073898 0.0111496 0.015094 0.0186514 0.0215378 0.0238373 0.0257518 0.0272495 0.027955 0.0273801 0.0252814
 1.0713e-16 5.39434e-05 0.000524349 0.00348448 0.01584 0.0492842 0.105006 0.153265 0.15329 0.10513 0.0496994 0.0170394 0.00649544 0.00709848 0.0125437 0.0206655 0.0298034 0.0375798 0.0416308 0.0409225 0.0363929 0.0303254 0.0249554 0.0213806 0.0194143 0.0181757
 1.10416e-16 3.87643e-05 0.000376802 0.00250399 0.0113828 0.0354162 0.0754592 0.110142 0.110176 0.0756234 0.0359678 0.0129778 0.00651472 0.00915569 0.0167803 0.0278605 0.0405536 0.0518871 0.0588351 0.0599843 0.056304 0.0503254 0.0444373 0.0396798 0.0357562 0.0318615
 1.07702e-16 6.21794e-05 0.000604406 0.00401649 0.0182584 0.0568087 0.121037 0.17666 0.176671 0.121092 0.0569937 0.0187943 0.00536771 0.00357375 0.0057596 0.00957674 0.0141524 0.0185674 0.0219248 0.0238211 0.0245381 0.0247276 0.0248549 0.0248761 0.0243645 0.0228963
 1.05564e-16 5.8971e-05 0.000573219 0.00380925 0.0173163 0.0538775 0.114793 0.167547 0.167568 0.114894 0.054217 0.018297 0.0062717 0.00595128 0.0102807 0.0169247 0.0244309 0.0308511 0.0342532 0.0337791 0.0301653 0.0252363 0.0207832 0.0176939 0.0158459 0.014582
 1.09674e-16 3.21541e-05 0.000312549 0.002077 0.00944178 0.0293771 0.0625926 0.0913646 0.0914068 0.0627988 0.0300699 0.0114443 0.00710898 0.0113155 0.0209821 0.0347766 0.0504218 0.0640966 0.0719074 0.0720434 0.0657967 0.0565511 0.0476042 0.0405605 0.0352436 0.030674
 1.17852e-16 3.77451e-05 0.000366896 0.00243815 0.0110835 0.034485 0.0734747 0.107243 0.107264 0.0735763 0.0348269 0.0120756 0.00494539 0.00589667 0.0107063 0.0180776 0.0270679 0.036213 0.0440124 0.0497574 0.0537978 0.0569293 0.0594516 0.0607568 0.0597652 0.0557513
 1.07438e-16 6.89779e-05 0.00067049 0.00445564 0.0202547 0.06302 0.134271 0.195974 0.195981 0.134306 0.063139 0.0205992 0.00532323 0.00257388 0.00371241 0.00610554 0.00897707 0.0117037 0.0137185 0.0148129 0.015265 0.0156152 0.0162572 0.0171666 0.0179439 0.0180844
pSPR Fmed_Fpbrs
0.757119   0.6 0.325
Fs Fmed_Fpbrs
0.137896   0.2628 0.634593
SSBpbr Bo_Bmed_Bpbrs
2.70423e+06  1.91221e+06  1.48732e+06 743662
Ro
256002
SPR SPRFo_SPRFmed_SPRFpbrs
1.82988e+06 1.38544e+06 594712
Fref
0.2628
Nvult_r0
 305926 27645.5 12745.3 14236.7 5640.74
CTP_r0
 27956.2 2776.88 1280.22 1430.02 566.589
YTP_r0
391297
Np
 359680 152514 13555.7 6249.54 9277.6
Nvult_p0
 255251 109374 9721.29 4481.79 6653.33
CTP_p0
 48854.3 22761.6 2023.09 932.7 1384.62
YTP_p0
 856193
CBA_c0
530766
log_Ro
12.2729
likeval ReclasPelacesDesembMPH_pf_preclas_ppelaces_ptallas_desvR_qrecl_qpela
 16.4823 17.3954 0.112318 0.000812583 241.673 121.051 98.0849 0 22.7242 1.83811e-05 9.46019e-06 0.57069 6.70279e-16 0 0
q_reclas_q_pelaces
0.544694 0.645593
M
1
N
 262547 61931.5 255240 13592.7 0.415651
 154324 90001.8 21065.7 86818.7 4623.64
 150405 50030.1 28773.7 6734.74 29234.3
 283478 48964.7 16069.4 9241.95 11553
 226726 87017 14733.2 4835.2 6257.11
 373035 78465.9 29912.9 5064.69 3813.08
 157899 121341 25179.4 9598.91 2848.84
 76389.9 44831.1 33481.3 6947.7 3434.69
 69545 27015.2 15785.6 11789.2 3655.78
 89936 21949 8383.35 4898.6 4792.9
 162407 27202.1 6496.9 2481.47 2868.68
 199958 56768.2 9454.87 2258.19 1859.6
 168927 57628.2 15926.3 2652.55 1155.24
 119718 49646.5 16522.4 4566.16 1091.72
 126221 30939.3 12340.5 4106.92 1406.36
 650323 36848.5 8804.95 3511.95 1569.01
 153082 194628 10779.9 2575.85 1486.42
 971166 49289.6 61752.8 3420.31 1288.9
 573242 310406 15511.7 19433.9 1482.01
 435428 171866 90988.3 4546.88 6131.02
 675324 133931 51830.1 27439.6 3220.16
 899093 217194 42440.4 16424.1 9715.55
 198501 278923 66124.9 12921 7958.25
 588341 66121.1 91898 21786.4 6879.18
 491849 198780 22131.4 30759.2 9594.67
 223425 165760 66347.8 7386.9 13469.1
 496661 76551.7 56350.5 22555.1 7090.03
 555344 167543 25578.3 18828.4 9905.34
 168374 189573 56723 8659.71 9728.04
 123671 57642.8 64387.8 19265.8 6245.33
 458439 41201.1 18994.9 21217.6 8406.61
pred_Ctot
 11378.2 2970.36 12241.8 651.934 0.0199355
 11705.6 7536.51 1763.98 7269.96 387.171
 11048.8 4058.09 2333.92 546.275 2371.28
 30114.3 5728.84 1880.11 1081.3 1351.7
 8534.34 3626.51 614.021 201.511 260.77
 27581.6 6405.78 2442.02 413.47 311.292
 23263.7 19625.1 4072.4 1552.48 460.758
 1874.01 1218.87 910.29 188.894 93.3822
 6324.93 2709.24 1583.08 1182.29 366.623
 10272.3 2759.35 1053.92 615.834 602.546
 5138.15 953.271 227.678 86.9609 100.53
 27925.4 8708.44 1450.41 346.413 285.269
 21872 8202.65 2266.9 377.557 164.434
 23167.7 10506.5 3496.58 966.323 231.037
 16783.9 4521.46 1803.43 600.184 205.525
 77956.8 4859.67 1161.22 463.165 206.925
 12204.8 17125.4 948.527 226.65 130.79
 81458.9 4561.3 5714.66 316.518 119.276
 68171 40615.1 2029.62 2542.83 193.914
 45776 19901.2 10536 526.506 709.941
 54278.9 11879.7 4597.35 2433.9 285.629
 90314.2 24039.5 4697.41 1817.86 1075.34
 11958.8 18573.1 4403.17 860.394 529.929
 30553.7 3797.73 5278.25 1251.33 395.112
 26272.2 11742 1307.3 1816.94 566.757
 9750.9 8005.98 3204.5 356.776 650.538
 26248.8 4474.27 3293.56 1318.29 414.397
 25459.5 8498.94 1297.5 955.108 502.467
 7429.46 9256.91 2769.8 422.856 475.023
 7440.14 3832.97 4281.49 1281.08 415.285
 27956.2 2776.88 1280.22 1430.02 566.589
F
 0.0705988 0.078383 0.078383 0.078383 0.078383
 0.126427 0.140367 0.140367 0.140367 0.140367
 0.122233 0.13571 0.13571 0.13571 0.13571
 0.181033 0.200993 0.200993 0.200993 0.200993
 0.0610791 0.0678136 0.0678136 0.0678136 0.0678136
 0.12307 0.13664 0.13664 0.13664 0.13664
 0.259051 0.287614 0.287614 0.287614 0.287614
 0.0394522 0.0438022 0.0438022 0.0438022 0.0438022
 0.153253 0.170151 0.170151 0.170151 0.170151
 0.195806 0.217396 0.217396 0.217396 0.217396
 0.0511258 0.0567629 0.0567629 0.0567629 0.0567629
 0.244094 0.271008 0.271008 0.271008 0.271008
 0.224539 0.249297 0.249297 0.249297 0.249297
 0.353109 0.392043 0.392043 0.392043 0.392043
 0.231219 0.256713 0.256713 0.256713 0.256713
 0.206378 0.229133 0.229133 0.229133 0.229133
 0.133259 0.147952 0.147952 0.147952 0.147952
 0.140616 0.15612 0.15612 0.15612 0.15612
 0.204592 0.22715 0.22715 0.22715 0.22715
 0.179007 0.198744 0.198744 0.198744 0.198744
 0.134403 0.149222 0.149222 0.149222 0.149222
 0.17045 0.189244 0.189244 0.189244 0.189244
 0.099308 0.110258 0.110258 0.110258 0.110258
 0.0851061 0.0944898 0.0944898 0.0944898 0.0944898
 0.0876278 0.0972896 0.0972896 0.0972896 0.0972896
 0.0711108 0.0789515 0.0789515 0.0789515 0.0789515
 0.0866669 0.0962228 0.0962228 0.0962228 0.0962228
 0.0748125 0.0830613 0.0830613 0.0830613 0.0830613
 0.0719203 0.0798502 0.0798502 0.0798502 0.0798502
 0.0991621 0.110096 0.110096 0.110096 0.110096
 0.100573 0.111662 0.111662 0.111662 0.111662
YTP_r0W_actual
 237627 45263.1 36998.3 49764.8 21643.7
YTP_p0W_proyectada
 367384 366917 47299.8 27514.6 47077
CTP_r0_actual
 27956.2 2776.88 1280.22 1430.02 566.589
CTP_p0_proyectada
 48854.3 22761.6 2023.09 932.7 1384.62
Wmedp
 7.52 16.12 23.38 29.5 34
Frms_r0
 0.100573 0.111662 0.111662 0.111662 0.111662
Zrms_r0
 1.10057 1.11166 1.11166 1.11166 1.11166
nmprior
 8.19 8.8 8.5 0
nm_flota  nm_reclas  nm_pelaces    nm_pelaL
inf 11.5325 17.329 40.776
cv_recla  cv_pelaces  cv_mph
0.367226 0.472922 0.879709
 ------------------------------------------------
Talla a la edad & desviaci?n 
 8 13.2811 15.8009 17.003 17.5766
 0.8 1.32811 1.58009 1.7003 1.75766
