years
 1991 1992 1993 1994 1995 1996 1997 1998 1999 2000 2001 2002 2003 2004 2005 2006 2007 2008 2009 2010 2011 2012 2013 2014 2015 2016 2017 2018 2019 2020 2021
reclasobs
 0 0 0 0 0 0 0 0 0 252601 567819 844713 477998 351125 339783 2.1784e+06 2.13404e+06 4.81314e+06 1.55562e+06 2.62356e+06 3.21686e+06 3.843e+06 1.13348e+06 3.07943e+06 1.97215e+06 2.03268e+06 2.025e+06 2.42433e+06 2.27542e+06 1.05018e+06 2.36338e+06
reclaspred
 6.69365e+06 1.97964e+06 1.02691e+06 800296 239322 3.2003e+06 1.5966e+06 674089 681067 248712 412368 823655 770249 574033 422080 1.76226e+06 901655 4.11034e+06 2.98052e+06 2.04637e+06 3.09762e+06 3.11979e+06 1.69223e+06 3.25398e+06 2.38857e+06 1.63665e+06 2.19331e+06 3.27556e+06 2.58032e+06 834248 1.49776e+06
pelacesobs
 0 0 0 0 0 0 0 0 0 0 0 0 0 0 0 552880 188675 0 991730 2.46772e+06 1.41603e+06 1.21717e+06 2.29649e+06 1.80582e+06 0 1.4828e+06 1.56532e+06 1.57751e+06 1.42118e+06 867257 1.10002e+06
pelacespred
 6.71763e+06 1.82978e+06 584269 322701 111119 1.72561e+06 945757 594810 367601 94287.5 218048 346348 370556 248090 176725 721219 435318 2.18444e+06 1.69625e+06 999434 1.57068e+06 1.56665e+06 1.0421e+06 2.02333e+06 1.57548e+06 1.11117e+06 1.47186e+06 2.2368e+06 1.88025e+06 599010 796097
mphobs
 0 0 0 0 0 0 0 0 0 0 0 498337 0 5186 125008 0 168611 109162 213762 579715 649985 157893 87575 83554 0 0 0 0 0 0 0
mphpred
 1.41911e+06 591605 112462 123208 55938.5 17931.7 445461 126102 58197.2 52008 13045.5 56967.1 76856.5 52170.2 28075.2 28967.5 207396 69989.6 494370 235584 251547 281766 355989 155476 382925 277352 152279 231398 505345 223490 54519.3
desembarqueobs
 494567 514787 250237 358949 120608 361735 552515 73892 212993 205616 52469 317467 293654 387597 252695 516296 358380 742168 942051 627588 828172 859565 418607 520667 417249 300574 415391 372974 316634 284311 391294
desembarquepred
 494500 514433 249960 358620 120529 361562 551904 73872.2 212819 205408 52455.4 317178 293328 386933 252384 515781 358141 741478 940480 626434 827646 858556 418217 520352 416826 300300 415041 372685 316302 283820 391037
Reclutas
 27246.2 17799.3 158641 56631.7 14436.7 288533 21461.1 5956.27 37128 27804 39278.5 108410 79410.3 68059 43067.4 253497 19396.7 429310 208876 202528 210593 399246 26010.2 175266 134823 37242.9 131257 176136 32938.7 17677.8 112723
log_desv_Rt
 -0.9134 -1.33915 0.848326 -0.181746 -1.54854 1.44649 -1.15207 -2.43387 -0.603944 -0.893135 -0.547636 0.467602 0.156314 0.00206043 -0.455549 1.31704 -1.25321 1.84386 1.12343 1.09256 1.13161 1.77126 -0.959828 0.947991 0.68565 -0.600854 0.658842 0.952944 -0.723666 -1.34601 0.506617
SSB
 1.57592e+06 656977 124889 136823 62119.6 19913.1 494684 140037 64628 57754.9 14487 63261.9 85349.1 57934.9 31177.4 32168.3 230313 77723.4 548998 261616 279343 312901 395326 172656 425237 307999 169106 256968 561185 248186 60543.7
BT
 2.01209e+06 962019 426895 383854 132841 1.29492e+06 765131 232552 360721 227932 156092 430739 436704 528296 340569 806487 418984 1.8639e+06 1.55653e+06 921220 1.42242e+06 1.43828e+06 673276 1.48894e+06 937567 631011 1.13204e+06 1.41878e+06 812272 445360 783916
Ftot
 0.321829 1.04132 1.04316 1.66493 1.79852 0.523069 1.28581 0.472368 1.3094 2.6657 0.579585 1.55747 1.51934 2.43329 2.25212 1.26531 1.46195 0.812101 1.25638 1.26162 1.11671 1.15752 0.978282 0.716119 0.738396 0.76357 0.832363 0.512836 0.511855 1.31143 1.13396
BD_Bspro_t
 0.949999 0.619605 0.236562 0.262771 0.112461 0.0510922 0.470058 0.184068 0.132768 0.138471 0.0540561 0.26306 0.206452 0.128505 0.0703574 0.0752121 0.254002 0.105148 0.368856 0.202938 0.181088 0.197978 0.247834 0.143699 0.31964 0.303127 0.238264 0.351576 0.51113 0.320497 0.130363
BD_Bspro
 3.24612 1.35325 0.257249 0.28183 0.127955 0.0410174 1.01896 0.28845 0.133122 0.118965 0.0298405 0.130308 0.175804 0.119336 0.0642199 0.066261 0.474404 0.160096 1.13084 0.538881 0.575395 0.644519 0.8143 0.35564 0.875912 0.634423 0.348328 0.529307 1.15594 0.511217 0.124709
BD_Bo
 1.14471 0.477209 0.0907159 0.099384 0.0451219 0.0144643 0.359324 0.101718 0.0469439 0.0419515 0.0105229 0.0459516 0.0619951 0.0420822 0.0226464 0.0233661 0.167293 0.056456 0.398776 0.19003 0.202906 0.227282 0.287153 0.125412 0.30888 0.223722 0.122834 0.186654 0.407628 0.180275 0.0439771
BD_Brms
 5.86223 2.44387 0.464571 0.508962 0.231077 0.0740741 1.84016 0.520917 0.240407 0.21484 0.0538896 0.235326 0.317487 0.21551 0.115976 0.119662 0.856735 0.289121 2.0422 0.973176 1.03912 1.16395 1.47056 0.642257 1.58183 1.14572 0.629052 0.955885 2.08753 0.923217 0.225214
Sel_flota
 0.661147 0.973734 0.998582 0.999925 0.999996
 0.661147 0.973734 0.998582 0.999925 0.999996
 0.661147 0.973734 0.998582 0.999925 0.999996
 0.661147 0.973734 0.998582 0.999925 0.999996
 0.661147 0.973734 0.998582 0.999925 0.999996
 0.661147 0.973734 0.998582 0.999925 0.999996
 0.661147 0.973734 0.998582 0.999925 0.999996
 0.661147 0.973734 0.998582 0.999925 0.999996
 0.661147 0.973734 0.998582 0.999925 0.999996
 0.661147 0.973734 0.998582 0.999925 0.999996
 0.661147 0.973734 0.998582 0.999925 0.999996
 0.661147 0.973734 0.998582 0.999925 0.999996
 0.661147 0.973734 0.998582 0.999925 0.999996
 0.661147 0.973734 0.998582 0.999925 0.999996
 0.661147 0.973734 0.998582 0.999925 0.999996
 0.661147 0.973734 0.998582 0.999925 0.999996
 0.661147 0.973734 0.998582 0.999925 0.999996
 0.661147 0.973734 0.998582 0.999925 0.999996
 0.661147 0.973734 0.998582 0.999925 0.999996
 0.661147 0.973734 0.998582 0.999925 0.999996
 0.661147 0.973734 0.998582 0.999925 0.999996
 0.661147 0.973734 0.998582 0.999925 0.999996
 0.661147 0.973734 0.998582 0.999925 0.999996
 0.661147 0.973734 0.998582 0.999925 0.999996
 0.661147 0.973734 0.998582 0.999925 0.999996
 0.661147 0.973734 0.998582 0.999925 0.999996
 0.661147 0.973734 0.998582 0.999925 0.999996
 0.661147 0.973734 0.998582 0.999925 0.999996
 0.661147 0.973734 0.998582 0.999925 0.999996
 0.661147 0.973734 0.998582 0.999925 0.999996
 0.661147 0.973734 0.998582 0.999925 0.999996
Sel_reclas
 0.69546 0.919954 0.983004 0.996576 0.999318
 0.69546 0.919954 0.983004 0.996576 0.999318
 0.69546 0.919954 0.983004 0.996576 0.999318
 0.69546 0.919954 0.983004 0.996576 0.999318
 0.69546 0.919954 0.983004 0.996576 0.999318
 0.69546 0.919954 0.983004 0.996576 0.999318
 0.69546 0.919954 0.983004 0.996576 0.999318
 0.69546 0.919954 0.983004 0.996576 0.999318
 0.69546 0.919954 0.983004 0.996576 0.999318
 0.69546 0.919954 0.983004 0.996576 0.999318
 0.69546 0.919954 0.983004 0.996576 0.999318
 0.69546 0.919954 0.983004 0.996576 0.999318
 0.69546 0.919954 0.983004 0.996576 0.999318
 0.69546 0.919954 0.983004 0.996576 0.999318
 0.69546 0.919954 0.983004 0.996576 0.999318
 0.69546 0.919954 0.983004 0.996576 0.999318
 0.69546 0.919954 0.983004 0.996576 0.999318
 0.69546 0.919954 0.983004 0.996576 0.999318
 0.69546 0.919954 0.983004 0.996576 0.999318
 0.69546 0.919954 0.983004 0.996576 0.999318
 0.69546 0.919954 0.983004 0.996576 0.999318
 0.69546 0.919954 0.983004 0.996576 0.999318
 0.69546 0.919954 0.983004 0.996576 0.999318
 0.69546 0.919954 0.983004 0.996576 0.999318
 0.69546 0.919954 0.983004 0.996576 0.999318
 0.69546 0.919954 0.983004 0.996576 0.999318
 0.69546 0.919954 0.983004 0.996576 0.999318
 0.69546 0.919954 0.983004 0.996576 0.999318
 0.69546 0.919954 0.983004 0.996576 0.999318
 0.69546 0.919954 0.983004 0.996576 0.999318
 0.69546 0.919954 0.983004 0.996576 0.999318
Sel_pelaces
 0.361528 0.740238 0.934817 0.986334 0.997254
 0.361528 0.740238 0.934817 0.986334 0.997254
 0.361528 0.740238 0.934817 0.986334 0.997254
 0.361528 0.740238 0.934817 0.986334 0.997254
 0.361528 0.740238 0.934817 0.986334 0.997254
 0.361528 0.740238 0.934817 0.986334 0.997254
 0.361528 0.740238 0.934817 0.986334 0.997254
 0.361528 0.740238 0.934817 0.986334 0.997254
 0.361528 0.740238 0.934817 0.986334 0.997254
 0.361528 0.740238 0.934817 0.986334 0.997254
 0.361528 0.740238 0.934817 0.986334 0.997254
 0.361528 0.740238 0.934817 0.986334 0.997254
 0.361528 0.740238 0.934817 0.986334 0.997254
 0.361528 0.740238 0.934817 0.986334 0.997254
 0.361528 0.740238 0.934817 0.986334 0.997254
 0.361528 0.740238 0.934817 0.986334 0.997254
 0.361528 0.740238 0.934817 0.986334 0.997254
 0.361528 0.740238 0.934817 0.986334 0.997254
 0.361528 0.740238 0.934817 0.986334 0.997254
 0.361528 0.740238 0.934817 0.986334 0.997254
 0.361528 0.740238 0.934817 0.986334 0.997254
 0.361528 0.740238 0.934817 0.986334 0.997254
 0.361528 0.740238 0.934817 0.986334 0.997254
 0.361528 0.740238 0.934817 0.986334 0.997254
 0.361528 0.740238 0.934817 0.986334 0.997254
 0.361528 0.740238 0.934817 0.986334 0.997254
 0.361528 0.740238 0.934817 0.986334 0.997254
 0.361528 0.740238 0.934817 0.986334 0.997254
 0.361528 0.740238 0.934817 0.986334 0.997254
 0.361528 0.740238 0.934817 0.986334 0.997254
 0.361528 0.740238 0.934817 0.986334 0.997254
pf_obs 
 0.8446 0.082 0.0669 0.0065 0
 0.8095 0.147 0.0364 0.0071 0
 0.9664 0.0169 0.016 0.0007 0
 0.9276 0.0648 0.0075 0.0001 0
 0.7033 0.2144 0.0806 0.0017 0
 0.9318 0.0425 0.0243 0.0014 0
 0.5671 0.3108 0.0964 0.0239 0.0018
 0.0768 0.2599 0.5324 0.112 0.0189
 0.490249 0.384438 0.106611 0.0170017 0.00170017
 0.7925 0.1577 0.0466 0.003 0.0002
 0.840416 0.127587 0.0312969 0.00059994 9.999e-05
 0.8084 0.0986 0.0794 0.0134 0.0002
 0.7335 0.1905 0.0724 0.0035 0.0001
 0.4001 0.4547 0.1325 0.0127 0
 0.49795 0.308269 0.164784 0.0264974 0.00249975
 0.9179 0.0499 0.0305 0.0017 0
 0.2467 0.6533 0.0926 0.0074 0
 0.9418 0.0223 0.034 0.0019 0
 0.707729 0.231977 0.0356964 0.0245975 0
 0.517169 0.277429 0.184464 0.0207286 0.00020938
 0.811772 0.124168 0.05621 0.00726502 0.000585176
 0.764997 0.148141 0.077277 0.00933861 0.000247198
 0.163321 0.427699 0.378323 0.0303852 0.000271297
 0.753843 0.0900009 0.118128 0.0371064 0.000921714
 0.721811 0.176058 0.0630433 0.0369309 0.00215725
 0.143369 0.312575 0.442814 0.0836902 0.0175525
 0.692698 0.0596174 0.167031 0.0765114 0.00414204
 0.394062 0.376323 0.152708 0.0712218 0.00568511
 0.125707 0.32114 0.495352 0.0537591 0.00404204
 0.23352 0.215282 0.420074 0.123614 0.00750983
 0.774587 0.0839891 0.0768558 0.0609784 0.00358967
pf_pred 
 0.160725 0.18572 0.577405 0.0761482 9.94838e-07
 0.279456 0.166964 0.125324 0.378426 0.0498297
 0.938811 0.0255453 0.00853585 0.00614741 0.02096
 0.599639 0.38667 0.00586063 0.00187852 0.00595178
 0.560665 0.332474 0.103397 0.00148559 0.00197895
 0.989537 0.00767025 0.00214141 0.000629899 2.10411e-05
 0.180978 0.813707 0.00393055 0.00106226 0.00032234
 0.271517 0.213916 0.511378 0.00235995 0.000829268
 0.871974 0.0482811 0.0239444 0.0554557 0.000345256
 0.793109 0.192554 0.00557111 0.00263676 0.00612941
 0.936814 0.0575485 0.00527332 0.000141698 0.000222043
 0.893697 0.10208 0.0038572 0.000341797 2.35327e-05
 0.80683 0.182439 0.0103254 0.000370662 3.50099e-05
 0.827089 0.154536 0.0174018 0.000936175 3.66804e-05
 0.868654 0.121341 0.00900596 0.000946108 5.26947e-05
 0.981078 0.0178017 0.00103986 7.22983e-05 7.98998e-06
 0.272885 0.71977 0.0069284 0.000386657 2.97806e-05
 0.980409 0.00831641 0.0111666 0.000102332 6.13446e-06
 0.634622 0.36123 0.00179859 0.0023264 2.25521e-05
 0.782468 0.166532 0.0504473 0.00024003 0.000312715
 0.813277 0.162882 0.0184439 0.00533889 5.83507e-05
 0.88061 0.106077 0.0116759 0.00126674 0.000369836
 0.211719 0.734263 0.0482248 0.00508229 0.000710693
 0.892462 0.034571 0.0681513 0.00430008 0.000515427
 0.69877 0.281336 0.00655114 0.0124638 0.000878995
 0.419206 0.461952 0.111261 0.0024994 0.00508075
 0.867028 0.0731441 0.0479376 0.0111333 0.000756974
 0.807548 0.176787 0.00876354 0.00553247 0.00136949
 0.309569 0.600762 0.0825871 0.0039649 0.00311726
 0.400755 0.251043 0.304241 0.0404941 0.00346637
 0.947229 0.0298881 0.00984733 0.011393 0.00164208
pobs_RECLAS
 0 0 0 0 0
 0 0 0 0 0
 0 0 0 0 0
 0 0 0 0 0
 0 0 0 0 0
 0 0 0 0 0
 0 0 0 0 0
 0 0 0 0 0
 0 0 0 0 0
 0 0 0 0 0
 0.991045 0.00858322 0.000360255 1.14367e-05 0
 0.934742 0.0480273 0.0164251 0.00080598 0
 0.827803 0.169806 0.00239088 0 0
 0.941827 0.0461693 0.0120037 0 0
 0.791401 0.0380133 0.147996 0.0225897 0
 0.846168 0.0940531 0.0597789 0 0
 0.134021 0.677848 0.182769 0.00536245 0
 0.80878 0.0450904 0.141981 0.00414843 0
 0.846168 0.0940531 0.0597789 0 0
 0.905697 0.0802665 0.012482 0.00150086 5.37128e-05
 0.989698 0.0102097 9.19794e-05 0 0
 0.975433 0.0193895 0.00387452 0.00125025 5.28907e-05
 0.303575 0.632131 0.0575291 0.00676475 0
 0.966965 0.00978017 0.0227588 0.000495775 0
 0.843318 0.132988 0.00938335 0.0141283 0.000182051
 0.564624 0.303363 0.111486 0.0197234 0.00080311
 0.826376 0.0876187 0.0782897 0.00655872 0.00115652
 0.89761 0.0855135 0.0140674 0.00269457 0.000114338
 0.34875 0.467042 0.161289 0.0227151 0.000203297
 0.318654 0.224769 0.449479 0.00709798 0
 0.937255 0.0296025 0.0250945 0.00804832 0
ppred_RECLAS
 0.172542 0.177231 0.573637 0.0765892 1.00328e-06
 0.304019 0.155565 0.121169 0.37035 0.0488964
 0.945711 0.0220365 0.0076408 0.00557005 0.0190421
 0.646539 0.340887 0.00533948 0.001732 0.00550214
 0.610321 0.292559 0.093931 0.0013657 0.00182407
 0.990661 0.00676831 0.00196576 0.000585376 1.96061e-05
 0.207791 0.786866 0.00393831 0.00107728 0.000327768
 0.29085 0.202435 0.503534 0.00235249 0.000828861
 0.887396 0.0413122 0.0212257 0.0497555 0.000310593
 0.837438 0.15095 0.00447537 0.00214257 0.00499373
 0.943835 0.050968 0.00485744 0.000132134 0.00020761
 0.910534 0.0857922 0.00335275 0.000300673 2.07563e-05
 0.834387 0.156109 0.00914031 0.000332072 3.14484e-05
 0.862421 0.1226 0.0141772 0.000771579 3.03111e-05
 0.894909 0.096866 0.00739474 0.000785958 4.38907e-05
 0.983958 0.0150595 0.000911596 6.41503e-05 7.1084e-06
 0.310997 0.681798 0.0067922 0.000383632 2.96262e-05
 0.982565 0.00723803 0.0100972 9.3669e-05 5.63015e-06
 0.672868 0.323259 0.00166803 0.00218374 2.12256e-05
 0.808694 0.145213 0.0455864 0.000219536 0.000286778
 0.835655 0.142631 0.0167521 0.00490831 5.37877e-05
 0.896284 0.0917563 0.0104731 0.00115009 0.000336673
 0.237518 0.708317 0.048291 0.00515155 0.0007223
 0.90247 0.0305191 0.0625362 0.00399437 0.000480063
 0.726172 0.254936 0.00616983 0.0118828 0.00084026
 0.451196 0.432952 0.108364 0.00246427 0.00502271
 0.88066 0.0644443 0.0438767 0.0103153 0.000703231
 0.825801 0.159419 0.00822139 0.00525436 0.00130413
 0.335863 0.574788 0.0822045 0.00399531 0.00314957
 0.437733 0.230516 0.289416 0.0389881 0.00334635
 0.953891 0.0256206 0.0087547 0.0102523 0.00148162
pobs_PELACES
 0 0 0 0 0
 0 0 0 0 0
 0 0 0 0 0
 0 0 0 0 0
 0 0 0 0 0
 0 0 0 0 0
 0 0 0 0 0
 0 0 0 0 0
 0 0 0 0 0
 0 0 0 0 0
 0 0 0 0 0
 0 0 0 0 0
 0 0 0 0 0
 0 0 0 0 0
 0 0 0 0 0
 0 0 0 0 0
 0.505614 0.472636 0.0217494 0 0
 0 0 0 0 0
 0.443492 0.261883 0.143347 0.151278 0
 0.227955 0.32914 0.350689 0.0885471 0.00366901
 0.970185 0.0296113 0.000203453 0 0
 0.997202 0.00247181 0.000326279 0 0
 0.445219 0.490057 0.0546422 0.010081 0
 0.90214 0.0892962 0.00764917 0.000914606 0
 0 0 0 0 0
 0.581667 0.319106 0.0959925 0.00289975 0.000334073
 0.762889 0.0836404 0.116647 0.0363945 0.000428098
 0.88444 0.0763242 0.0277011 0.0115352 0
 0.521256 0.241999 0.230069 0.00667565 0
 0.616807 0.101726 0.260614 0.0208532 0
 0.833518 0.0704572 0.0857862 0.0102388 0
ppred_PELACES
 0.108447 0.166793 0.636348 0.0884109 1.16774e-06
 0.212771 0.15136 0.138148 0.439248 0.0584726
 0.917495 0.029716 0.0120736 0.00915587 0.0315598
 0.582182 0.40015 0.00730715 0.00246501 0.00789541
 0.539094 0.332264 0.124234 0.00187837 0.00252952
 0.985667 0.00987616 0.00337552 0.00104589 3.53206e-05
 0.161953 0.831372 0.00486621 0.00138453 0.000424735
 0.197992 0.20316 0.594929 0.00289211 0.00102743
 0.837823 0.0527459 0.0316866 0.0772583 0.000486263
 0.812143 0.172119 0.0059006 0.00293651 0.00690054
 0.918942 0.0723537 0.00811095 0.000229567 0.000363686
 0.884622 0.109868 0.00501008 0.000467284 3.25244e-05
 0.790383 0.19569 0.0133738 0.000505334 4.82523e-05
 0.836483 0.143204 0.0191846 0.00108547 4.29936e-05
 0.87264 0.115897 0.0102652 0.00113437 6.38692e-05
 0.978107 0.0203362 0.00143987 0.000105394 1.17752e-05
 0.252878 0.737993 0.00858551 0.00050435 3.92706e-05
 0.972918 0.0102021 0.0167087 0.000161259 9.77303e-06
 0.601466 0.392901 0.00237152 0.00322943 3.1649e-05
 0.749247 0.182836 0.0671374 0.000336307 0.000442946
 0.782588 0.184259 0.0253438 0.00772435 8.53476e-05
 0.860438 0.121001 0.0161685 0.00184692 0.000545133
 0.180222 0.752051 0.0601129 0.00667104 0.000943088
 0.851508 0.0413982 0.0996682 0.00662335 0.000802619
 0.645743 0.325168 0.00924455 0.0185239 0.00132071
 0.356442 0.489319 0.143842 0.00340316 0.0069938
 0.827307 0.0859981 0.068729 0.0168102 0.00115549
 0.760503 0.215539 0.0130819 0.0086994 0.00217708
 0.25163 0.632285 0.106425 0.00538199 0.00427787
 0.3429 0.244142 0.358394 0.0502181 0.00434585
 0.932456 0.0344869 0.0137986 0.0168089 0.00244923
pobs_pel_tallas
 0 0 0 0 0 0 0 0 0 0 0 0 0 0 0 0 0 0 0 0 0 0 0 0 0 0
 0 0 0 0 0 0 0 0 0 0 0 0 0 0 0 0 0 0 0 0 0 0 0 0 0 0
 0 0 0 0 0 0 0 0 0 0 0 0 0 0 0 0 0 0 0 0 0 0 0 0 0 0
 0 0 0 0 0 0 0 0 0 0 0 0 0 0 0 0 0 0 0 0 0 0 0 0 0 0
 0 0 0 0 0 0 0 0 0 0 0 0 0 0 0 0 0 0 0 0 0 0 0 0 0 0
 0 0 0 0 0 0 0 0 0 0 0 0 0 0 0 0 0 0 0 0 0 0 0 0 0 0
 0 0 0 0 0 0 0 0 0 0 0 0 0 0 0 0 0 0 0 0 0 0 0 0 0 0
 0 0 0 0 0 0 0 0 0 0 0 0 0 0 0 0 0 0 0 0 0 0 0 0 0 0
 0 0 0 0 0 0 0 0 0 0 0 0 0 0 0 0 0 0 0 0 0 0 0 0 0 0
 0 0 0 0 0 0 0 0 0 0 0 0 0 0 0 0 0 0 0 0 0 0 0 0 0 0
 0 0 0 0 0 0 0 0 0 0 0 0 0 0 0 0 0 0 0 0 0 0 0 0 0 0
 0 0 0 0 0 0 0 0 0 0 0 0 0 0 0 0 0 0 0 0 0 0 0 0 0 0
 0.00862536 0 0 0.000197151 0.00414017 0.0128641 0.00837892 0.0270097 0.101434 0.158115 0.152841 0.127902 0.109271 0.109419 0.0830992 0.0579132 0.0238553 0.00714673 0.00463305 0.00128148 0.00103504 0.000492878 0.000147863 0.000147863 4.92878e-05 0
 0 0 0 0 0 0 0 0 0 0 0 0 0 0 0 0 0 0 0 0 0 0 0 0 0 0
 0 0 0 0 0 0 0 0.0054083 0.00873648 0.0413646 0.0450493 0.0745869 0.0622846 0.0627006 0.0613931 0.0827291 0.12552 0.122667 0.0946155 0.0697135 0.0546179 0.0294188 0.0215738 0.0213955 0.0102223 0.00600262
 0 0 0 0 0.00359764 0.0251062 0.0480494 0.140153 0.205849 0.193036 0.1447 0.116669 0.0760912 0.0342217 0.00950174 0.001854 0.000860785 0 0 0 0.000165536 0 0.000143464 0 0 0
 0 0 0 0 0 0 0 0.000145254 0.000435761 0.0275982 0.070085 0.0708112 0.156366 0.174668 0.174014 0.160142 0.0824315 0.0480064 0.0283245 0.00493863 0.00203355 0 0 0 0 0
 0 0 0 0 0 0 0 0 0 0 0 0 0 0 0 0 0 0 0 0 0 0 0 0 0 0
 0 0 1.00437e-05 0.000401748 0.00122533 0.00171747 0.00176769 0.0269171 0.070346 0.194647 0.189555 0.159765 0.064822 0.0314167 0.0384472 0.0292271 0.0345202 0.0313363 0.0194345 0.0106764 0.0143323 0.0359363 0.0279516 0.0138201 0.00172751 0
 0 0.0021121 0.0136068 0.0755702 0.200478 0.177729 0.0527432 0.0373336 0.0318909 0.0142505 0.0149659 0.0166563 0.0217959 0.0798694 0.0677717 0.0528807 0.04013 0.0224614 0.0357745 0.0225083 0.00881397 0.00855152 0.00135912 0.000746735 0 0
 0 0 0 0 5.4009e-05 0.00500934 0.000945158 0.0243581 0.138947 0.33067 0.221406 0.137944 0.0707744 0.0437923 0.0131692 0.00525238 0.0047753 0.00276346 9.45158e-05 9.00151e-06 2.25038e-05 9.00151e-06 4.50075e-06 0 0 0
 0.000866109 0.00284123 0.00948549 0.0512746 0.133035 0.25785 0.225252 0.132002 0.0553304 0.0519788 0.0540692 0.017754 0.00435017 0.00159236 0.00146478 0.000404838 0.000125132 0.000115318 0.000107957 0.000100596 0 0 0 0 0 0
 0 0 0 0 0.00144013 0.00171154 0.00461396 0.0210425 0.0478622 0.0707936 0.0888783 0.103762 0.0637923 0.0337046 0.0602308 0.124433 0.169614 0.0934646 0.0462172 0.0250306 0.0313229 0.00938855 0.002487 0.000210481 0 0
 0 0.00764035 0.051015 0.0998891 0.058973 0.0496711 0.0374665 0.0718981 0.12319 0.153886 0.159021 0.0857701 0.0377988 0.023471 0.0147837 0.00900784 0.00315554 0.000888139 0.00291439 0.00214683 0.00393193 0.00274676 0.000635225 9.99891e-05 0 0
 0 0 0 0 0 0 0 0 0 0 0 0 0 0 0 0 0 0 0 0 0 0 0 0 0 0
 0 0 0 0 0 0 0 0 0 0 0 0 0 0 0 0 0 0 0 0 0 0 0 0 0 0
 0 0 0 0 0 0 0 0 0 0 0 0 0 0 0 0 0 0 0 0 0 0 0 0 0 0
 0 0 0 0 0 0 0 0 0 0 0 0 0 0 0 0 0 0 0 0 0 0 0 0 0 0
 0 0 0 0 0 0 0 0 0 0 0 0 0 0 0 0 0 0 0 0 0 0 0 0 0 0
 0 0 0 0 0 0 0 0 0 0 0 0 0 0 0 0 0 0 0 0 0 0 0 0 0 0
 0 0 0 0 0 0 0 0 0 0 0 0 0 0 0 0 0 0 0 0 0 0 0 0 0 0
ppred_pel_tallas
 1.27273e-16 8.93263e-06 8.68284e-05 0.000577006 0.002623 0.0081612 0.0173889 0.0253832 0.0254003 0.0174727 0.00844531 0.00345607 0.00271517 0.00491014 0.00962551 0.017089 0.0273903 0.0402292 0.0551153 0.0715514 0.0887638 0.105085 0.117697 0.123367 0.119929 0.107528
 1.57971e-16 1.75257e-05 0.000170356 0.00113208 0.00514628 0.0160121 0.0341159 0.0497963 0.0498112 0.0341891 0.0162588 0.00586379 0.00295248 0.00421081 0.00789501 0.0135856 0.0209616 0.0294853 0.0388328 0.0494132 0.062291 0.0782949 0.0968484 0.115425 0.130133 0.137158
 1.06616e-16 7.55728e-05 0.000734595 0.00488164 0.0221912 0.0690452 0.147108 0.214709 0.214712 0.147122 0.0690926 0.0223286 0.0052276 0.00149399 0.00153068 0.00244672 0.00360723 0.00474129 0.00564904 0.00629207 0.00683838 0.00755803 0.0086332 0.0100191 0.0114424 0.012519
 1.01897e-16 4.79537e-05 0.000466127 0.00309758 0.0140812 0.0438119 0.0933474 0.136251 0.13629 0.0935354 0.0444431 0.015903 0.00766689 0.0104283 0.0189308 0.0311235 0.0446033 0.0556164 0.0603778 0.0571573 0.047346 0.0345864 0.0226832 0.0138903 0.00854278 0.0057723
 1.04287e-16 4.44046e-05 0.000431628 0.00286832 0.013039 0.0405693 0.0864384 0.126166 0.126198 0.0865955 0.0410972 0.014565 0.0067043 0.00882361 0.0160347 0.0265736 0.0385874 0.0491644 0.0553278 0.0556403 0.0509686 0.0437355 0.036321 0.0299191 0.0245244 0.0196619
 1.00211e-16 8.11881e-05 0.000789177 0.00524436 0.0238401 0.0741754 0.158039 0.230662 0.230663 0.158043 0.0741911 0.0238854 0.00535836 0.00103857 0.000556409 0.000795486 0.0011477 0.00146337 0.00165049 0.00166807 0.00154415 0.00135232 0.00116289 0.00100787 0.000880735 0.000759847
 1.00564e-16 1.334e-05 0.00012967 0.000861705 0.00391723 0.0121884 0.0259716 0.0379231 0.038003 0.0263622 0.0134992 0.00770091 0.0103502 0.0208133 0.0392072 0.064565 0.0924643 0.115134 0.124667 0.117424 0.0962726 0.0688035 0.0430002 0.0236749 0.011683 0.00537054
 1.17685e-16 1.63084e-05 0.000158523 0.00105344 0.00478881 0.0148999 0.0317465 0.0463393 0.0463597 0.0318469 0.0152393 0.00578033 0.00358392 0.00581994 0.0111694 0.0194806 0.0304728 0.0433135 0.0569473 0.0705359 0.0833912 0.0943828 0.101536 0.10254 0.0960151 0.082582
 1.08759e-16 6.90104e-05 0.000670805 0.00445774 0.0202642 0.0630496 0.134334 0.196065 0.196071 0.134359 0.0631343 0.02051 0.00507811 0.00203711 0.00270046 0.00445513 0.00665693 0.00891738 0.0109212 0.0126038 0.0142012 0.016043 0.0182316 0.020462 0.0221211 0.0225861
 1.01677e-16 6.68952e-05 0.000650245 0.00432111 0.0196431 0.0611172 0.130217 0.190059 0.190076 0.130298 0.0613888 0.0204272 0.00628788 0.00493928 0.0081996 0.0134161 0.0192424 0.0240379 0.0261851 0.0249519 0.020942 0.0157147 0.0108836 0.00738077 0.00530641 0.004247
 1.00338e-16 7.56921e-05 0.000735754 0.00488934 0.0222262 0.0691541 0.14734 0.215049 0.215056 0.147375 0.0692685 0.0225564 0.00571789 0.00254377 0.00350732 0.00567279 0.00815072 0.0102196 0.0111989 0.010773 0.00917467 0.00702623 0.00497151 0.00338279 0.00231133 0.00162311
 1.00226e-16 7.28652e-05 0.000708275 0.00470674 0.0213962 0.0665714 0.141838 0.207019 0.207029 0.14189 0.0667448 0.0218967 0.00596226 0.00344621 0.00526423 0.00856519 0.0122788 0.0153295 0.016675 0.0158349 0.0131784 0.00968656 0.00638492 0.00388241 0.00227856 0.00136067
 1.00495e-16 6.51028e-05 0.000632823 0.00420533 0.0191168 0.0594797 0.126728 0.184968 0.184987 0.12682 0.0597886 0.0200088 0.00644313 0.0055139 0.00932313 0.0152782 0.0219273 0.0274139 0.0298914 0.0285039 0.0238982 0.0177991 0.0120047 0.00757545 0.00467935 0.00294799
 1.00707e-16 6.89e-05 0.000669732 0.00445061 0.0202318 0.0629488 0.13412 0.195754 0.195768 0.134187 0.0631752 0.0208857 0.00609163 0.00425146 0.00686932 0.0112419 0.0161742 0.0203086 0.0223074 0.0215467 0.0184788 0.0143186 0.0103182 0.0071946 0.0050407 0.00359813
 1.00451e-16 7.18782e-05 0.000698682 0.00464299 0.0211064 0.0656698 0.139917 0.204215 0.204226 0.139971 0.0658528 0.0216349 0.00596923 0.00359212 0.0055618 0.00906715 0.0130216 0.0163046 0.0178253 0.0170789 0.0144442 0.0109312 0.00758721 0.00502174 0.0033217 0.00226653
 1.0006e-16 8.05654e-05 0.000783124 0.00520413 0.0236572 0.0736065 0.156826 0.228893 0.228895 0.156836 0.0736386 0.0237499 0.00543671 0.00129044 0.00104284 0.00159334 0.00227988 0.00285076 0.00310976 0.00296787 0.00249226 0.00186196 0.00126334 0.000806008 0.000506854 0.000327227
 1.00494e-16 2.08294e-05 0.000202469 0.00134548 0.0061164 0.0190308 0.0405497 0.0591984 0.0592694 0.0408964 0.0201945 0.00947556 0.00976971 0.018567 0.034823 0.0573384 0.0821308 0.102301 0.110834 0.104497 0.0858244 0.0615311 0.0386779 0.0215168 0.0108032 0.00508521
 1.00503e-16 8.0138e-05 0.00077897 0.00517653 0.0235317 0.073216 0.155994 0.227679 0.22768 0.155999 0.0732326 0.0235801 0.00529891 0.00104983 0.000605324 0.000901856 0.00135612 0.0018391 0.00227364 0.00261638 0.00286361 0.00302475 0.00308751 0.00301281 0.0027662 0.00235578
 1.00499e-16 4.95421e-05 0.000481567 0.00320018 0.0145476 0.0452631 0.0964393 0.140764 0.140802 0.0966238 0.0458826 0.0163358 0.00768466 0.0102573 0.0185745 0.0305216 0.0437111 0.0544393 0.0589712 0.0555918 0.0456604 0.0327634 0.0206667 0.0116305 0.00604062 0.00309797
 1.02093e-16 6.17145e-05 0.000599887 0.00398646 0.0181219 0.056384 0.120133 0.175341 0.175359 0.120219 0.0566744 0.0189614 0.00609675 0.00521617 0.00885648 0.0146151 0.0212112 0.0270085 0.0303622 0.0304773 0.0278304 0.0237588 0.0195823 0.0159717 0.0129386 0.0102331
 1.01568e-16 6.44608e-05 0.000626582 0.00416386 0.0189283 0.058893 0.125479 0.183143 0.183161 0.125565 0.0591844 0.0197698 0.00627615 0.00523761 0.00882125 0.0144802 0.0208504 0.0262141 0.0288643 0.0280117 0.0242473 0.0191314 0.0142546 0.0105006 0.00793928 0.00619241
 1.00776e-16 7.08732e-05 0.000688913 0.00457807 0.0208112 0.0647515 0.13796 0.20136 0.201371 0.138017 0.0649428 0.0213637 0.00596475 0.00371562 0.0058178 0.00950213 0.0136721 0.0171722 0.0188739 0.0182532 0.0156949 0.0122271 0.00890536 0.00632922 0.00456692 0.00338874
 1.02756e-16 1.48448e-05 0.000144297 0.000958905 0.00435909 0.0135631 0.0289004 0.0421961 0.0422685 0.0292541 0.0147507 0.0077882 0.00956253 0.018913 0.0356214 0.0587637 0.0844081 0.105631 0.115373 0.110357 0.0930588 0.0700644 0.0482144 0.0315048 0.0205179 0.0138118
 1.03687e-16 7.01376e-05 0.000681762 0.00453055 0.0205952 0.0640794 0.136528 0.199268 0.199272 0.136548 0.0641479 0.020795 0.0050391 0.0018152 0.00229079 0.00385321 0.0059553 0.00834362 0.0107797 0.013105 0.0152414 0.0170684 0.0183108 0.0185882 0.0176272 0.0154663
 1.02432e-16 5.31891e-05 0.000517017 0.00343576 0.0156185 0.0485951 0.103538 0.151123 0.151155 0.103691 0.0491081 0.0170997 0.00715129 0.00861963 0.0154171 0.0253402 0.0363529 0.0454156 0.0494788 0.0471603 0.039597 0.0297239 0.0205691 0.0138692 0.00979641 0.007574
 1.05801e-16 2.93598e-05 0.000285388 0.0018965 0.00862126 0.0268242 0.0571535 0.0834271 0.0834744 0.0573846 0.0276003 0.0108643 0.00753198 0.0126049 0.0234764 0.038894 0.0563224 0.071436 0.0798024 0.0793108 0.0713391 0.0596577 0.0480283 0.0384241 0.0309143 0.0246966
 1.03887e-16 6.81442e-05 0.000662386 0.00440179 0.0200099 0.0622583 0.132648 0.193606 0.193614 0.132689 0.0623962 0.0204094 0.00540921 0.0028765 0.00431696 0.00714364 0.0105525 0.0138327 0.0162953 0.0176064 0.0179325 0.0177187 0.0172977 0.0166735 0.0156218 0.0139599
 1.01674e-16 6.26416e-05 0.000608899 0.00404635 0.0183941 0.0572311 0.121938 0.177976 0.177997 0.122039 0.0575714 0.0193767 0.00651142 0.00598606 0.0102629 0.0168364 0.0241757 0.0302532 0.0330516 0.0316505 0.0267846 0.0203665 0.0143666 0.00991109 0.00711435 0.00548876
 1.04497e-16 2.07265e-05 0.000201469 0.00133884 0.0060862 0.0189368 0.040349 0.0589033 0.0589643 0.0406469 0.019937 0.00897556 0.00859239 0.0160388 0.0301064 0.0497579 0.071716 0.0902574 0.0995332 0.0968013 0.0840186 0.0664483 0.049473 0.0361162 0.0266996 0.0200806
 1.16177e-16 2.82443e-05 0.000274544 0.00182444 0.00829367 0.0258048 0.0549808 0.0802511 0.0802751 0.0550985 0.0262016 0.00944643 0.00474289 0.00672783 0.0125254 0.0212914 0.0321347 0.0434686 0.0535933 0.0615813 0.0675279 0.0718774 0.0744908 0.0744073 0.0705352 0.0626167
 1.02508e-16 7.68052e-05 0.000746574 0.00496125 0.0225531 0.0701711 0.149507 0.218211 0.218214 0.149523 0.0702261 0.0227121 0.00536138 0.00162362 0.00175319 0.00280576 0.00410469 0.00531595 0.00616211 0.00653395 0.006552 0.00646833 0.00648146 0.0066117 0.00671674 0.00660698
pSPR Fmed_Fpbrs
0.235722   0.245268 0.245268
Fs Fmed_Fpbrs
1.04072   1.005 1.005
SSBpbr Bo_Bmed_Bpbrs
1.37671e+06  255685  268827 268827
Ro
67918.9
SPR SPRFo_SPRFmed_SPRFpbrs
485480 114438 119073
Fref
1.005
Nvult_r0
 93128.9 2399.39 781.184 903.232 130.179
CTP_r0
 39903.6 1259.09 414.835 479.949 69.1754
YTP_r0
391037
Np
 91828.4 19593.9 333.234 105.073 135.635
Nvult_p0
 74445.8 16884.8 288.296 90.9231 117.371
CTP_p0
 29718.9 8351.11 144.405 45.5732 58.8315
YTP_p0
 364827
CBA_c0
383174
log_Ro
10.9461
likeval ReclasPelacesDesembMPH_pf_preclas_ppelaces_ptallas_desvR_qrecl_qpela
 14.345 17.3068 0.159878 0.000880343 285.601 117.346 110.989 0 51.6648 0.000121084 0.000284977 0.00582584 0 0 0
q_reclas_q_pelaces
4.75542 11.0419
M
1
N
 27246.2 22248.6 67662.2 8912.83 0.116434
 17799.3 8102.23 5982.89 18050.2 2376.67
 158641 3289.36 1081.3 778.067 2652.75
 56631.7 29281.5 438.204 140.364 444.705
 14436.7 6929.6 2129.21 30.5728 40.7244
 288533 1617.19 442.429 130.001 4.34229
 21461.1 75112.2 357.493 96.5396 29.2935
 5956.27 3374.12 7900.66 36.4204 12.7971
 37128 1603.42 783.623 1813.48 11.2899
 27804 5746.93 164.826 77.9747 181.255
 39278.5 1755.51 157.707 4.23324 6.63318
 108410 9850.16 367.292 32.524 2.23918
 79410.3 14242.1 795.269 28.5282 2.69445
 68059 10698.7 1193.35 64.1672 2.51408
 43067.4 5010.89 368.153 38.6551 2.15289
 253497 3574.36 205.698 14.2902 1.57921
 19396.7 40398.7 383.549 21.3893 1.64736
 429310 2714.31 3579.58 32.7725 1.9645
 208876 92320.1 452.833 585.258 5.67325
 202528 33484.9 9993.01 47.5095 61.8936
 210593 32354.7 3606.03 1042.95 11.3982
 399246 37026 4012.36 434.952 126.982
 26010.2 68325.6 4412.76 464.636 64.9703
 175266 5011.32 9695.85 611.162 73.2528
 134823 40159 917.953 1744.72 123.038
 37242.9 30440.6 7198.31 161.547 328.373
 131257 8269.95 5324.2 1235.35 83.9896
 176136 27850.3 1352.74 853.065 211.154
 32938.7 46163.9 6218.18 298.203 234.438
 17677.8 8638.58 10317 1372.11 117.45
 112723 2732.62 886.258 1024.51 147.657
pred_Ctot
 3358.73 3881.05 12066.2 1591.29 0.0207894
 5916.39 3534.81 2653.25 8011.7 1054.95
 52800.9 1436.73 480.076 345.744 1178.84
 26043.1 16793.6 254.534 81.5864 258.493
 6963.41 4129.3 1284.18 18.4509 24.5783
 54840.9 425.091 118.679 34.9095 1.16611
 8310.82 37366.8 180.497 48.7808 14.8024
 1035.9 816.135 1951.02 9.00372 3.16384
 14561.1 806.248 399.848 926.057 5.76544
 16618.9 4034.79 116.738 55.251 128.436
 8152.66 500.817 45.8913 1.23313 1.93233
 47773.1 5456.77 206.189 18.271 1.25795
 34433.1 7785.93 440.658 15.8187 1.49412
 38880.3 7264.52 818.033 44.0082 1.72429
 23625.9 3300.26 244.946 25.7325 1.4332
 97066.9 1761.28 102.883 7.15312 0.790521
 8199.38 21626.9 208.178 11.6179 0.894817
 117726 998.626 1340.87 12.2879 0.736619
 79583.1 45299.1 225.547 291.736 2.82809
 77391.3 16471.2 4989.57 23.7406 30.9296
 73719 14764.4 1671.84 483.941 5.28917
 143461 17281.1 1902.12 206.366 60.2503
 8247.45 28603 1878.59 197.979 27.6848
 43413.3 1681.69 3315.18 209.175 25.0726
 34241.9 13786.4 321.026 610.765 43.0735
 9719.66 10710.8 2579.69 57.9509 117.802
 36706.2 3096.6 2029.47 471.336 32.047
 32910 7204.6 357.141 225.465 55.811
 6144.18 11923.6 1639.15 78.6935 61.8698
 6940.47 4347.68 5268.99 701.296 60.0323
 39903.6 1259.09 414.835 479.949 69.1754
F
 0.212776 0.313375 0.321372 0.321805 0.321827
 0.688467 1.01397 1.03985 1.04124 1.04132
 0.689685 1.01576 1.04169 1.04309 1.04316
 1.10077 1.6212 1.66257 1.66481 1.66493
 1.18908 1.75128 1.79597 1.79838 1.79851
 0.345825 0.50933 0.522328 0.52303 0.523067
 0.850109 1.25204 1.28399 1.28571 1.2858
 0.312305 0.459961 0.471698 0.472333 0.472366
 0.865706 1.27501 1.30754 1.3093 1.30939
 1.76242 2.59568 2.66192 2.6655 2.66569
 0.38319 0.564361 0.578763 0.579541 0.579582
 1.02972 1.51656 1.55526 1.55736 1.55747
 1.00451 1.47943 1.51719 1.51923 1.51934
 1.60876 2.36938 2.42984 2.43311 2.43328
 1.48898 2.19296 2.24892 2.25195 2.25211
 0.836555 1.23207 1.26352 1.26521 1.2653
 0.966565 1.42355 1.45988 1.46184 1.46195
 0.536918 0.79077 0.810949 0.81204 0.812097
 0.830649 1.22338 1.25459 1.25628 1.25637
 0.834119 1.22849 1.25984 1.26153 1.26162
 0.738309 1.08738 1.11513 1.11663 1.11671
 0.765292 1.12712 1.15588 1.15744 1.15752
 0.646788 0.952586 0.976895 0.978209 0.978278
 0.473459 0.697309 0.715103 0.716065 0.716116
 0.488188 0.719001 0.737349 0.738341 0.738393
 0.504832 0.743514 0.762488 0.763513 0.763567
 0.550314 0.8105 0.831183 0.8323 0.832359
 0.33906 0.499366 0.512109 0.512798 0.512834
 0.338411 0.49841 0.511129 0.511817 0.511853
 0.867049 1.27699 1.30957 1.31133 1.31143
 0.749712 1.10417 1.13235 1.13387 1.13395
YTP_r0W_actual
 339181 20523.1 11988.7 16702.2 2642.5
YTP_p0W_proyectada
 223486 134620 3376.2 1344.41 2000.27
CTP_r0_actual
 39903.6 1259.09 414.835 479.949 69.1754
CTP_p0_proyectada
 29718.9 8351.11 144.405 45.5732 58.8315
Wmedp
 7.52 16.12 23.38 29.5 34
Frms_r0
 0.749712 1.10417 1.13235 1.13387 1.13395
Zrms_r0
 1.74971 2.10417 2.13235 2.13387 2.13395
nmprior
 8.19 8.8 8.5 0
nm_flota  nm_reclas  nm_pelaces    nm_pelaL
inf 18.7096 6.13649 10.5754
cv_recla  cv_pelaces  cv_mph
0.342591 0.471716 0.915654
 ------------------------------------------------
Talla a la edad & desviaci?n 
 8 13.2811 15.8009 17.003 17.5766
 0.8 1.32811 1.58009 1.7003 1.75766
