years
 1991 1992 1993 1994 1995 1996 1997 1998 1999 2000 2001 2002 2003 2004 2005 2006 2007 2008 2009 2010 2011 2012 2013 2014 2015 2016 2017 2018 2019 2020 2021
reclasobs
 0 0 0 0 0 0 0 0 0 252601 567819 844713 477998 351125 339783 2.1784e+06 2.13404e+06 4.81314e+06 1.55562e+06 2.62356e+06 3.21686e+06 3.843e+06 1.13348e+06 3.07943e+06 1.97215e+06 2.03268e+06 2.025e+06 2.42433e+06 2.27542e+06 1.05018e+06 2.36338e+06
reclaspred
 2.83857e+06 1.6429e+06 687859 386448 65613.8 2.48209e+06 1.20811e+06 547997 79319.1 208317 324781 648876 575627 421185 310259 1.82222e+06 1.18211e+06 4.8121e+06 3.74735e+06 1.79391e+06 3.71998e+06 3.36704e+06 1.96214e+06 3.67133e+06 2.42191e+06 1.58888e+06 2.52042e+06 3.58002e+06 2.59444e+06 1.03108e+06 1.56913e+06
pelacesobs
 0 0 0 0 0 0 0 0 0 0 0 0 0 0 0 552880 188675 0 991730 2.46772e+06 1.41603e+06 1.21717e+06 2.29649e+06 1.80582e+06 0 1.4828e+06 1.56532e+06 1.57751e+06 1.42118e+06 867257 1.10002e+06
pelacespred
 721752 401266 155490 60964.3 7733.98 612623 251927 145067 9621.15 37446.2 74561.4 123894 119990 86540.8 61894.6 367978 236547 1.2151e+06 925035 414454 866417 769924 453920 990499 611682 396140 738390 1.02161e+06 616906 283908 399330
mphobs
 0 0 0 0 0 0 0 0 0 0 0 498337 0 5186 125008 0 168611 109162 213762 579715 649985 157893 87575 83554 0 0 0 0 0 0 0
mphpred
 1.6995e+06 736217 412531 152732 56304.1 8673.1 790028 309920 102438 4949.31 35916.2 104200 159970 105481 55962.4 56718.3 602034 341960 1.49737e+06 968438 605193 1.00446e+06 1.04853e+06 608070 1.08051e+06 747959 438675 684868 1.32943e+06 713722 246637
desembarqueobs
 494567 514787 250237 358949 120608 361735 552515 73892 212993 205616 52469 317467 293654 387597 252695 516296 358380 742168 942051 627588 828172 859565 418607 520667 417249 300574 415391 372974 316634 284311 391294
desembarquepred
 494488 514872 249622 358405 120482 361566 551920 73870 212655 205407 52455.3 317165 293328 386882 252366 515862 358229 741671 940737 626498 827634 858732 418347 520433 416968 300336 415130 372772 316455 284063 391054
Reclutas
 12953.3 167615 35134.8 64118.5 6918.97 390981 10414.8 2755.52 4799.91 60881.9 48900.1 129101 80819.3 68482 45662.4 393835 14601.3 742911 301569 111191 393494 505739 19838.8 281252 167077 43200.1 230699 305209 24034.2 11307.3 159159
log_desv_Rt
 -1.65697 0.903353 -0.659122 -0.0575811 -2.28405 1.75034 -1.87509 -3.20471 -2.64972 -0.109379 -0.328536 0.642283 0.173901 0.00825689 -0.397039 1.75762 -1.5372 2.39226 1.49069 0.492934 1.75675 2.00771 -1.23068 1.42094 0.90014 -0.452472 1.2228 1.50268 -1.03884 -1.79287 0.851592
SSB
 1.6995e+06 736217 412531 152732 56304.1 8673.1 790028 309920 102438 4949.31 35916.2 104200 159970 105481 55962.4 56718.3 602034 341960 1.49737e+06 968438 605193 1.00446e+06 1.04853e+06 608070 1.08051e+06 747959 438675 684868 1.32943e+06 713722 246637
BT
 2.12436e+06 1.44148e+06 592279 434709 115154 1.73118e+06 1.07312e+06 403469 232350 282380 216159 546542 537889 599377 393614 1.25666e+06 828397 3.47407e+06 3.01966e+06 1.56146e+06 2.6994e+06 2.55276e+06 1.40765e+06 2.77857e+06 1.80684e+06 1.18822e+06 2.14062e+06 2.72918e+06 1.687e+06 959677 1.30596e+06
Ftot
 0.302462 0.628793 0.637138 1.71813 2.4546 0.409986 0.754351 0.23852 3.11223 2.31478 0.410381 1.12211 1.06758 1.90669 1.80603 0.758975 0.52605 0.404608 0.501056 0.651041 0.515646 0.556018 0.374634 0.340654 0.340666 0.354892 0.399802 0.252863 0.215741 0.478971 0.611295
BD_Bspro_t
 0.952758 0.670919 0.470567 0.267264 0.109757 0.026582 0.605007 0.334878 0.179918 0.016768 0.131225 0.35463 0.314562 0.204918 0.11841 0.125575 0.470093 0.332806 0.613372 0.473002 0.330483 0.446347 0.483339 0.391506 0.560699 0.531837 0.467884 0.599273 0.718905 0.583112 0.380521
BD_Bspro
 3.50066 1.51647 0.849738 0.3146 0.115976 0.017865 1.62732 0.63838 0.211003 0.0101947 0.073981 0.214633 0.329509 0.217273 0.115272 0.11683 1.24008 0.704376 3.08431 1.99481 1.24659 2.06901 2.15978 1.25251 2.22566 1.54066 0.90359 1.4107 2.73839 1.47014 0.508027
BD_Bo
 1.07662 0.466389 0.261336 0.0967548 0.0356683 0.00549436 0.500478 0.196333 0.0648936 0.00313536 0.0227527 0.0660101 0.10134 0.0668218 0.0354518 0.0359307 0.381385 0.21663 0.948575 0.613499 0.383386 0.636319 0.664237 0.385209 0.684497 0.473828 0.277898 0.433859 0.842187 0.452139 0.156243
BD_Brms
 5.24312 2.2713 1.2727 0.471193 0.173704 0.0267573 2.43731 0.956134 0.31603 0.0152691 0.110805 0.321467 0.493522 0.32542 0.172649 0.174981 1.85733 1.05498 4.61953 2.98772 1.86708 3.09886 3.23482 1.87595 3.33348 2.30753 1.35335 2.11288 4.10142 2.2019 0.760898
Sel_flota
 0.611343 1 1 1 1
 0.611343 1 1 1 1
 0.611343 1 1 1 1
 0.611343 1 1 1 1
 0.611343 1 1 1 1
 0.611343 1 1 1 1
 0.611343 1 1 1 1
 0.611343 1 1 1 1
 0.611343 1 1 1 1
 0.611343 1 1 1 1
 0.611343 1 1 1 1
 0.611343 1 1 1 1
 0.611343 1 1 1 1
 0.611343 1 1 1 1
 0.611343 1 1 1 1
 0.611343 1 1 1 1
 0.611343 1 1 1 1
 0.611343 1 1 1 1
 0.611343 1 1 1 1
 0.611343 1 1 1 1
 0.611343 1 1 1 1
 0.611343 1 1 1 1
 0.611343 1 1 1 1
 0.611343 1 1 1 1
 0.611343 1 1 1 1
 0.611343 1 1 1 1
 0.611343 1 1 1 1
 0.611343 1 1 1 1
 0.611343 1 1 1 1
 0.611343 1 1 1 1
 0.611343 1 1 1 1
Sel_reclas
 1 1 1 1 1
 1 1 1 1 1
 1 1 1 1 1
 1 1 1 1 1
 1 1 1 1 1
 1 1 1 1 1
 1 1 1 1 1
 1 1 1 1 1
 1 1 1 1 1
 1 1 1 1 1
 1 1 1 1 1
 1 1 1 1 1
 1 1 1 1 1
 1 1 1 1 1
 1 1 1 1 1
 1 1 1 1 1
 1 1 1 1 1
 1 1 1 1 1
 1 1 1 1 1
 1 1 1 1 1
 1 1 1 1 1
 1 1 1 1 1
 1 1 1 1 1
 1 1 1 1 1
 1 1 1 1 1
 1 1 1 1 1
 1 1 1 1 1
 1 1 1 1 1
 1 1 1 1 1
 1 1 1 1 1
 1 1 1 1 1
Sel_pelaces
 1 1 1 1 1
 1 1 1 1 1
 1 1 1 1 1
 1 1 1 1 1
 1 1 1 1 1
 1 1 1 1 1
 1 1 1 1 1
 1 1 1 1 1
 1 1 1 1 1
 1 1 1 1 1
 1 1 1 1 1
 1 1 1 1 1
 1 1 1 1 1
 1 1 1 1 1
 1 1 1 1 1
 1 1 1 1 1
 1 1 1 1 1
 1 1 1 1 1
 1 1 1 1 1
 1 1 1 1 1
 1 1 1 1 1
 1 1 1 1 1
 1 1 1 1 1
 1 1 1 1 1
 1 1 1 1 1
 1 1 1 1 1
 1 1 1 1 1
 1 1 1 1 1
 1 1 1 1 1
 1 1 1 1 1
 1 1 1 1 1
pf_obs 
 0.8446 0.082 0.0669 0.0065 0
 0.8095 0.147 0.0364 0.0071 0
 0.9664 0.0169 0.016 0.0007 0
 0.9276 0.0648 0.0075 0.0001 0
 0.7033 0.2144 0.0806 0.0017 0
 0.9318 0.0425 0.0243 0.0014 0
 0.5671 0.3108 0.0964 0.0239 0.0018
 0.0768 0.2599 0.5324 0.112 0.0189
 0.490249 0.384438 0.106611 0.0170017 0.00170017
 0.7925 0.1577 0.0466 0.003 0.0002
 0.840416 0.127587 0.0312969 0.00059994 9.999e-05
 0.8084 0.0986 0.0794 0.0134 0.0002
 0.7335 0.1905 0.0724 0.0035 0.0001
 0.4001 0.4547 0.1325 0.0127 0
 0.49795 0.308269 0.164784 0.0264974 0.00249975
 0.9179 0.0499 0.0305 0.0017 0
 0.2467 0.6533 0.0926 0.0074 0
 0.9418 0.0223 0.034 0.0019 0
 0.707729 0.231977 0.0356964 0.0245975 0
 0.517169 0.277429 0.184464 0.0207286 0.00020938
 0.811772 0.124168 0.05621 0.00726502 0.000585176
 0.764997 0.148141 0.077277 0.00933861 0.000247198
 0.163321 0.427699 0.378323 0.0303852 0.000271297
 0.753843 0.0900009 0.118128 0.0371064 0.000921714
 0.721811 0.176058 0.0630433 0.0369309 0.00215725
 0.143369 0.312575 0.442814 0.0836902 0.0175525
 0.692698 0.0596174 0.167031 0.0765114 0.00414204
 0.394062 0.376323 0.152708 0.0712218 0.00568511
 0.125707 0.32114 0.495352 0.0537591 0.00404204
 0.23352 0.215282 0.420074 0.123614 0.00750983
 0.774587 0.0839891 0.0768558 0.0609784 0.00358967
pf_pred 
 0.070345 0.277068 0.548801 0.103785 1.03426e-06
 0.768947 0.027093 0.0607868 0.120403 0.0227699
 0.326735 0.581489 0.0107615 0.024145 0.0568694
 0.726914 0.13129 0.122468 0.00226649 0.0170625
 0.369468 0.550362 0.0385425 0.0359526 0.00567436
 0.996607 0.00222321 0.00102128 7.15213e-05 7.72448e-05
 0.0595322 0.938694 0.00116201 0.000533794 7.7756e-05
 0.0741911 0.102498 0.821759 0.00101726 0.000535367
 0.356817 0.0782652 0.0625428 0.501427 0.000947392
 0.992164 0.0054138 0.000294803 0.000235581 0.0018923
 0.853696 0.145932 0.00025679 1.39832e-05 0.000100931
 0.857113 0.130479 0.0123759 2.17773e-05 9.74537e-06
 0.68958 0.288289 0.0202093 0.00191684 4.88239e-06
 0.737427 0.216924 0.0423942 0.00297188 0.000282598
 0.796708 0.17984 0.0193754 0.0037866 0.000290685
 0.977777 0.0202695 0.0017278 0.000186147 3.91721e-05
 0.0948635 0.894808 0.00942034 0.000803 0.000104718
 0.952809 0.0076807 0.0390594 0.000411208 3.96229e-05
 0.475479 0.510472 0.0022865 0.0116277 0.00013421
 0.364236 0.397731 0.231657 0.00103764 0.00533769
 0.831894 0.0879399 0.0501519 0.0292108 0.000803896
 0.741403 0.233132 0.0133214 0.00759713 0.0045467
 0.0755612 0.779045 0.131076 0.0074898 0.00682775
 0.799115 0.0255965 0.14772 0.0248541 0.00271484
 0.528766 0.412682 0.00746062 0.0430559 0.00803553
 0.271045 0.485003 0.21364 0.00386226 0.0264494
 0.823442 0.0702673 0.0707196 0.0311515 0.00441982
 0.722927 0.247546 0.0117515 0.0118271 0.00594893
 0.114585 0.725195 0.143146 0.00679541 0.0102792
 0.1486 0.154974 0.570404 0.112592 0.0134301
 0.892666 0.0260169 0.0148015 0.0544789 0.0120363
pobs_RECLAS
 0 0 0 0 0
 0 0 0 0 0
 0 0 0 0 0
 0 0 0 0 0
 0 0 0 0 0
 0 0 0 0 0
 0 0 0 0 0
 0 0 0 0 0
 0 0 0 0 0
 0 0 0 0 0
 0.991045 0.00858322 0.000360255 1.14367e-05 0
 0.934742 0.0480273 0.0164251 0.00080598 0
 0.827803 0.169806 0.00239088 0 0
 0.941827 0.0461693 0.0120037 0 0
 0.791401 0.0380133 0.147996 0.0225897 0
 0.846168 0.0940531 0.0597789 0 0
 0.134021 0.677848 0.182769 0.00536245 0
 0.80878 0.0450904 0.141981 0.00414843 0
 0.846168 0.0940531 0.0597789 0 0
 0.905697 0.0802665 0.012482 0.00150086 5.37128e-05
 0.989698 0.0102097 9.19794e-05 0 0
 0.975433 0.0193895 0.00387452 0.00125025 5.28907e-05
 0.303575 0.632131 0.0575291 0.00676475 0
 0.966965 0.00978017 0.0227588 0.000495775 0
 0.843318 0.132988 0.00938335 0.0141283 0.000182051
 0.564624 0.303363 0.111486 0.0197234 0.00080311
 0.826376 0.0876187 0.0782897 0.00655872 0.00115652
 0.89761 0.0855135 0.0140674 0.00269457 0.000114338
 0.34875 0.467042 0.161289 0.0227151 0.000203297
 0.318654 0.224769 0.449479 0.00709798 0
 0.937255 0.0296025 0.0250945 0.00804832 0
ppred_RECLAS
 0.11131 0.264859 0.524618 0.0992117 9.88685e-07
 0.84865 0.0177472 0.0398182 0.0788696 0.0149154
 0.449968 0.475054 0.00879177 0.0197255 0.0464601
 0.830975 0.0812611 0.0758006 0.00140283 0.0105607
 0.541135 0.400523 0.0280491 0.0261643 0.00412948
 0.997958 0.00133782 0.000614558 4.30382e-05 4.64824e-05
 0.097081 0.901216 0.00111562 0.000512482 7.46516e-05
 0.116817 0.0977784 0.783924 0.00097042 0.000510718
 0.549655 0.0547999 0.0437913 0.35109 0.000663346
 0.996022 0.00274824 0.000149653 0.000119589 0.000960602
 0.906631 0.093132 0.00016388 8.92393e-06 6.44128e-05
 0.912849 0.0795837 0.00754846 1.32827e-05 5.94403e-06
 0.794311 0.191025 0.013391 0.00127013 3.23515e-06
 0.841116 0.131261 0.0256529 0.00179829 0.000171001
 0.879609 0.106502 0.0114742 0.00224245 0.000172146
 0.9868 0.0120398 0.00102629 0.000110569 2.32677e-05
 0.149303 0.84099 0.00885375 0.000754703 9.84197e-05
 0.971089 0.00470549 0.0239293 0.000251922 2.42745e-05
 0.602525 0.386829 0.00173268 0.00881135 0.000101702
 0.491509 0.31811 0.185282 0.000829913 0.00426915
 0.892265 0.0563584 0.0321411 0.0187205 0.000515197
 0.827866 0.155184 0.00886733 0.00505701 0.0030265
 0.119541 0.741982 0.12484 0.00713347 0.00650292
 0.868363 0.016773 0.0967983 0.0162865 0.00177899
 0.650442 0.306125 0.00553423 0.0319385 0.0059607
 0.381582 0.411458 0.181245 0.0032766 0.0224387
 0.885804 0.0454481 0.0457407 0.0201485 0.00285869
 0.811648 0.16828 0.00798856 0.00803999 0.00404404
 0.175864 0.675005 0.133239 0.0063251 0.00956776
 0.225712 0.140938 0.518742 0.102394 0.0122137
 0.933322 0.0161623 0.00919505 0.0338436 0.00747722
pobs_PELACES
 0 0 0 0 0
 0 0 0 0 0
 0 0 0 0 0
 0 0 0 0 0
 0 0 0 0 0
 0 0 0 0 0
 0 0 0 0 0
 0 0 0 0 0
 0 0 0 0 0
 0 0 0 0 0
 0 0 0 0 0
 0 0 0 0 0
 0 0 0 0 0
 0 0 0 0 0
 0 0 0 0 0
 0 0 0 0 0
 0.505614 0.472636 0.0217494 0 0
 0 0 0 0 0
 0.443492 0.261883 0.143347 0.151278 0
 0.227955 0.32914 0.350689 0.0885471 0.00366901
 0.970185 0.0296113 0.000203453 0 0
 0.997202 0.00247181 0.000326279 0 0
 0.445219 0.490057 0.0546422 0.010081 0
 0.90214 0.0892962 0.00764917 0.000914606 0
 0 0 0 0 0
 0.581667 0.319106 0.0959925 0.00289975 0.000334073
 0.762889 0.0836404 0.116647 0.0363945 0.000428098
 0.88444 0.0763242 0.0277011 0.0115352 0
 0.521256 0.241999 0.230069 0.00667565 0
 0.616807 0.101726 0.260614 0.0208532 0
 0.833518 0.0704572 0.0857862 0.0102388 0
ppred_PELACES
 0.115206 0.263698 0.522318 0.0987768 9.84351e-07
 0.85872 0.0165664 0.0371689 0.073622 0.013923
 0.470265 0.457525 0.00846735 0.0189976 0.0447457
 0.859714 0.0674445 0.0629124 0.00116431 0.0087651
 0.617684 0.333706 0.0233698 0.0217994 0.00344059
 0.998062 0.00126943 0.000583138 4.08379e-05 4.4106e-05
 0.105899 0.892415 0.00110472 0.000507477 7.39225e-05
 0.12001 0.0974249 0.781089 0.000966911 0.000508872
 0.6453 0.0431614 0.0344908 0.276525 0.000522464
 0.997041 0.00204439 0.000111325 8.89612e-05 0.00071458
 0.910992 0.0887819 0.000156226 8.5071e-06 6.14042e-05
 0.923638 0.0697308 0.00661391 1.16382e-05 5.20812e-06
 0.815783 0.171083 0.0119931 0.00113754 2.89743e-06
 0.871143 0.106455 0.0208048 0.00145844 0.000138684
 0.902064 0.0866381 0.00933411 0.0018242 0.000140038
 0.98801 0.0109365 0.000932234 0.000100436 2.11354e-05
 0.158077 0.832316 0.00876244 0.000746919 9.74046e-05
 0.972511 0.00447407 0.0227524 0.000239533 2.30807e-05
 0.61781 0.371954 0.00166605 0.00847251 9.77915e-05
 0.51238 0.305053 0.177677 0.000795848 0.00409392
 0.898459 0.053118 0.030293 0.0176441 0.000485574
 0.837792 0.146235 0.00835599 0.0047654 0.00285198
 0.124692 0.737642 0.12411 0.00709174 0.00646488
 0.873278 0.0161468 0.0931845 0.0156785 0.00171257
 0.66031 0.297483 0.005378 0.0310369 0.00579243
 0.392379 0.404274 0.17808 0.00321939 0.0220469
 0.890889 0.0434243 0.0437038 0.0192512 0.00273139
 0.816556 0.163895 0.0077804 0.00783049 0.00393866
 0.17991 0.67169 0.132585 0.00629404 0.00952079
 0.236629 0.138951 0.511428 0.100951 0.0120415
 0.938038 0.0150191 0.00854463 0.0314497 0.00694831
pobs_pel_tallas
 0 0 0 0 0 0 0 0 0 0 0 0 0 0 0 0 0 0 0 0 0 0 0 0 0 0
 0 0 0 0 0 0 0 0 0 0 0 0 0 0 0 0 0 0 0 0 0 0 0 0 0 0
 0 0 0 0 0 0 0 0 0 0 0 0 0 0 0 0 0 0 0 0 0 0 0 0 0 0
 0 0 0 0 0 0 0 0 0 0 0 0 0 0 0 0 0 0 0 0 0 0 0 0 0 0
 0 0 0 0 0 0 0 0 0 0 0 0 0 0 0 0 0 0 0 0 0 0 0 0 0 0
 0 0 0 0 0 0 0 0 0 0 0 0 0 0 0 0 0 0 0 0 0 0 0 0 0 0
 0 0 0 0 0 0 0 0 0 0 0 0 0 0 0 0 0 0 0 0 0 0 0 0 0 0
 0 0 0 0 0 0 0 0 0 0 0 0 0 0 0 0 0 0 0 0 0 0 0 0 0 0
 0 0 0 0 0 0 0 0 0 0 0 0 0 0 0 0 0 0 0 0 0 0 0 0 0 0
 0 0 0 0 0 0 0 0 0 0 0 0 0 0 0 0 0 0 0 0 0 0 0 0 0 0
 0 0 0 0 0 0 0 0 0 0 0 0 0 0 0 0 0 0 0 0 0 0 0 0 0 0
 0 0 0 0 0 0 0 0 0 0 0 0 0 0 0 0 0 0 0 0 0 0 0 0 0 0
 0.00862536 0 0 0.000197151 0.00414017 0.0128641 0.00837892 0.0270097 0.101434 0.158115 0.152841 0.127902 0.109271 0.109419 0.0830992 0.0579132 0.0238553 0.00714673 0.00463305 0.00128148 0.00103504 0.000492878 0.000147863 0.000147863 4.92878e-05 0
 0 0 0 0 0 0 0 0 0 0 0 0 0 0 0 0 0 0 0 0 0 0 0 0 0 0
 0 0 0 0 0 0 0 0.0054083 0.00873648 0.0413646 0.0450493 0.0745869 0.0622846 0.0627006 0.0613931 0.0827291 0.12552 0.122667 0.0946155 0.0697135 0.0546179 0.0294188 0.0215738 0.0213955 0.0102223 0.00600262
 0 0 0 0 0.00359764 0.0251062 0.0480494 0.140153 0.205849 0.193036 0.1447 0.116669 0.0760912 0.0342217 0.00950174 0.001854 0.000860785 0 0 0 0.000165536 0 0.000143464 0 0 0
 0 0 0 0 0 0 0 0.000145254 0.000435761 0.0275982 0.070085 0.0708112 0.156366 0.174668 0.174014 0.160142 0.0824315 0.0480064 0.0283245 0.00493863 0.00203355 0 0 0 0 0
 0 0 0 0 0 0 0 0 0 0 0 0 0 0 0 0 0 0 0 0 0 0 0 0 0 0
 0 0 1.00437e-05 0.000401748 0.00122533 0.00171747 0.00176769 0.0269171 0.070346 0.194647 0.189555 0.159765 0.064822 0.0314167 0.0384472 0.0292271 0.0345202 0.0313363 0.0194345 0.0106764 0.0143323 0.0359363 0.0279516 0.0138201 0.00172751 0
 0 0.0021121 0.0136068 0.0755702 0.200478 0.177729 0.0527432 0.0373336 0.0318909 0.0142505 0.0149659 0.0166563 0.0217959 0.0798694 0.0677717 0.0528807 0.04013 0.0224614 0.0357745 0.0225083 0.00881397 0.00855152 0.00135912 0.000746735 0 0
 0 0 0 0 5.4009e-05 0.00500934 0.000945158 0.0243581 0.138947 0.33067 0.221406 0.137944 0.0707744 0.0437923 0.0131692 0.00525238 0.0047753 0.00276346 9.45158e-05 9.00151e-06 2.25038e-05 9.00151e-06 4.50075e-06 0 0 0
 0.000866109 0.00284123 0.00948549 0.0512746 0.133035 0.25785 0.225252 0.132002 0.0553304 0.0519788 0.0540692 0.017754 0.00435017 0.00159236 0.00146478 0.000404838 0.000125132 0.000115318 0.000107957 0.000100596 0 0 0 0 0 0
 0 0 0 0 0.00144013 0.00171154 0.00461396 0.0210425 0.0478622 0.0707936 0.0888783 0.103762 0.0637923 0.0337046 0.0602308 0.124433 0.169614 0.0934646 0.0462172 0.0250306 0.0313229 0.00938855 0.002487 0.000210481 0 0
 0 0.00764035 0.051015 0.0998891 0.058973 0.0496711 0.0374665 0.0718981 0.12319 0.153886 0.159021 0.0857701 0.0377988 0.023471 0.0147837 0.00900784 0.00315554 0.000888139 0.00291439 0.00214683 0.00393193 0.00274676 0.000635225 9.99891e-05 0 0
 0 0 0 0 0 0 0 0 0 0 0 0 0 0 0 0 0 0 0 0 0 0 0 0 0 0
 0 0 0 0 0 0 0 0 0 0 0 0 0 0 0 0 0 0 0 0 0 0 0 0 0 0
 0 0 0 0 0 0 0 0 0 0 0 0 0 0 0 0 0 0 0 0 0 0 0 0 0 0
 0 0 0 0 0 0 0 0 0 0 0 0 0 0 0 0 0 0 0 0 0 0 0 0 0 0
 0 0 0 0 0 0 0 0 0 0 0 0 0 0 0 0 0 0 0 0 0 0 0 0 0 0
 0 0 0 0 0 0 0 0 0 0 0 0 0 0 0 0 0 0 0 0 0 0 0 0 0 0
 0 0 0 0 0 0 0 0 0 0 0 0 0 0 0 0 0 0 0 0 0 0 0 0 0 0
ppred_pel_tallas
 1.25047e-16 9.48943e-06 9.22407e-05 0.000612973 0.0027865 0.00866998 0.0184733 0.0269678 0.026994 0.0186016 0.00910327 0.00404799 0.00381725 0.00721234 0.013899 0.0239222 0.0366997 0.0508327 0.06476 0.0775732 0.089119 0.0991913 0.106634 0.109388 0.105612 0.0949808
 1.10817e-16 7.07316e-05 0.000687536 0.00456892 0.0207697 0.0646221 0.137684 0.200955 0.200956 0.137693 0.0646501 0.0208515 0.0047788 0.00116081 0.00101536 0.00169114 0.00273399 0.00411156 0.00587678 0.00814697 0.0110475 0.0145736 0.0184511 0.0221106 0.0248269 0.0259667
 1.09839e-16 3.87352e-05 0.00037652 0.00250211 0.0113742 0.0353897 0.0754032 0.110062 0.110106 0.0756183 0.0361116 0.0134584 0.00773007 0.0117779 0.0216597 0.0356651 0.051192 0.0640204 0.0699136 0.0670092 0.0570128 0.0441552 0.0327433 0.0251542 0.021418 0.0201068
 1.03433e-16 7.08135e-05 0.000688332 0.00457421 0.0207937 0.064697 0.137844 0.201189 0.201195 0.137876 0.0648054 0.0211079 0.00536681 0.00243188 0.00342111 0.00564532 0.00836207 0.0110088 0.013048 0.0142111 0.0146072 0.0145537 0.0142825 0.013786 0.0129045 0.0115298
 1.03529e-16 5.08779e-05 0.000494551 0.00328647 0.0149398 0.0464835 0.0990393 0.144557 0.14459 0.0991963 0.0470106 0.0164616 0.00710488 0.00882524 0.0158582 0.0261002 0.0375114 0.0470065 0.0514851 0.0495405 0.0423165 0.0327593 0.0238778 0.0173512 0.0132851 0.0108681
 1.00029e-16 8.22091e-05 0.000799102 0.00531031 0.0241399 0.0751082 0.160026 0.233563 0.233563 0.160027 0.0751102 0.0241457 0.00532501 0.00083129 0.000143632 0.000108081 0.000149411 0.000191212 0.000217429 0.000222476 0.000209544 0.000187407 0.000164357 0.000144027 0.000125636 0.000107008
 1.00324e-16 8.72292e-06 8.47899e-05 0.000563463 0.00256147 0.00797016 0.0169844 0.0248073 0.0248931 0.0174036 0.00937707 0.00662247 0.0107471 0.0222826 0.0420685 0.0692772 0.099193 0.12347 0.133611 0.125708 0.102846 0.0731915 0.0453453 0.0245033 0.0116042 0.0048761
 1.22749e-16 9.88509e-06 9.60866e-05 0.00063853 0.00290267 0.00903134 0.0192426 0.0280873 0.0280979 0.0192948 0.00921007 0.00343394 0.0020286 0.00331705 0.00667141 0.0124272 0.0211765 0.0334133 0.0493585 0.0686455 0.0897782 0.109721 0.124254 0.129376 0.12312 0.106668
 1.28827e-16 5.31525e-05 0.000516662 0.0034334 0.0156077 0.0485615 0.103465 0.151012 0.151016 0.103487 0.0486327 0.0158158 0.00396394 0.00170406 0.00239909 0.00413592 0.00659312 0.00975257 0.0137664 0.0190339 0.0260781 0.0351405 0.0457033 0.0562904 0.0647687 0.0690692
 1.00134e-16 8.21249e-05 0.000798284 0.00530487 0.0241152 0.0750313 0.159862 0.233324 0.233324 0.159863 0.0750345 0.0241245 0.00532829 0.000849392 0.000179185 0.000166259 0.000231651 0.000291696 0.000323483 0.000319626 0.000288851 0.00025064 0.000223722 0.000216681 0.000226102 0.000241154
 1.00039e-16 7.50372e-05 0.000729389 0.00484704 0.022034 0.0685559 0.146066 0.213189 0.213198 0.146108 0.0686958 0.022438 0.00586018 0.00293778 0.00425946 0.00689752 0.00986904 0.0122845 0.0132943 0.0125093 0.0102363 0.00728792 0.00451934 0.00244733 0.00116514 0.000496399
 1.00211e-16 7.60789e-05 0.000739514 0.00491433 0.0223398 0.0695076 0.148093 0.216148 0.216155 0.148126 0.0696177 0.0226579 0.00571237 0.00248064 0.00337978 0.00545899 0.00783721 0.00981379 0.0107298 0.01028 0.0086901 0.00656538 0.00453481 0.00296641 0.00191655 0.00125857
 1.00505e-16 6.7195e-05 0.000653159 0.00434048 0.0197312 0.0613911 0.130801 0.190911 0.190928 0.130881 0.0616612 0.0205111 0.00629706 0.00492097 0.00816243 0.0133611 0.0191773 0.0239815 0.0261601 0.0249663 0.0209658 0.015665 0.0106322 0.00678902 0.00427656 0.00276846
 1.00798e-16 7.17549e-05 0.000697484 0.00463502 0.0210702 0.0655571 0.139677 0.203864 0.203875 0.139727 0.0657256 0.0215569 0.00585732 0.00336695 0.00514494 0.00840065 0.0121137 0.0152714 0.0168891 0.016505 0.0144411 0.0115682 0.0087719 0.00654326 0.00492839 0.00374111
 1.00499e-16 7.43018e-05 0.00072224 0.00479954 0.021818 0.067884 0.144634 0.2111 0.211108 0.144675 0.0680209 0.0222134 0.00579166 0.00288721 0.0041835 0.00679202 0.00976137 0.0122417 0.0134209 0.0129237 0.0110315 0.008491 0.00607165 0.00421381 0.00297006 0.00217048
 1.00044e-16 8.13811e-05 0.000791053 0.00525682 0.0238968 0.0743517 0.158414 0.23121 0.231211 0.158419 0.074369 0.0239466 0.00538196 0.00106405 0.000599337 0.000860634 0.00122856 0.00153769 0.00168053 0.00160926 0.00135971 0.0010274 0.000711417 0.000469482 0.000309842 0.000211536
 1.00558e-16 1.30208e-05 0.000126567 0.000841083 0.00382349 0.0118967 0.0253502 0.0370161 0.0370962 0.0257412 0.0132092 0.00761189 0.0103417 0.0208374 0.039261 0.0646608 0.0926167 0.115355 0.124963 0.117797 0.0967153 0.0692976 0.0435123 0.0241591 0.0120908 0.00566622
 1.00686e-16 8.01044e-05 0.000778644 0.00517436 0.0235219 0.0731853 0.155929 0.227583 0.227584 0.155931 0.0731931 0.0235448 0.00523354 0.000913224 0.000351428 0.000495044 0.000800002 0.00120189 0.00168715 0.00223816 0.00281734 0.00335128 0.00373235 0.00385226 0.0036539 0.00316675
 1.0101e-16 5.08883e-05 0.000494652 0.00328714 0.0149429 0.046493 0.0990596 0.144588 0.144624 0.0992344 0.0470795 0.0166358 0.00753283 0.00975015 0.017591 0.0289022 0.0413994 0.0515794 0.0559153 0.0527953 0.0435164 0.0314773 0.0202332 0.011897 0.00679422 0.00412685
 1.05979e-16 4.22042e-05 0.000410239 0.00272619 0.0123929 0.038559 0.082155 0.119914 0.119943 0.0822998 0.0390456 0.0138011 0.00627069 0.00817994 0.0148916 0.0247938 0.0362709 0.0467638 0.0536343 0.0555694 0.0532182 0.0484883 0.0431472 0.0379188 0.0326262 0.0269375
 1.0274e-16 7.40049e-05 0.000719354 0.00478036 0.0217308 0.0676127 0.144056 0.210255 0.21026 0.144081 0.0676976 0.0219765 0.00539894 0.00207655 0.00267181 0.00435352 0.0063914 0.00830829 0.00967201 0.0102902 0.0103056 0.0100543 0.00980361 0.00958762 0.00924669 0.00859472
 1.0124e-16 6.90078e-05 0.000670781 0.00445757 0.0202635 0.0630473 0.134329 0.196061 0.196075 0.134398 0.0632782 0.02093 0.00612981 0.00431836 0.00698787 0.011421 0.0163944 0.0205103 0.0223981 0.0214337 0.0181184 0.0137549 0.00968629 0.00668179 0.00482 0.00376542
 1.05576e-16 1.02709e-05 9.98364e-05 0.000663452 0.003016 0.00938427 0.0199968 0.0292008 0.029272 0.0203443 0.0105512 0.00638685 0.00912579 0.0185766 0.0351103 0.0580513 0.0836738 0.105315 0.116155 0.113001 0.0981412 0.077718 0.0580095 0.0425342 0.0316519 0.0240105
 1.04556e-16 7.19307e-05 0.000699192 0.00464638 0.0211218 0.0657177 0.140018 0.204361 0.204363 0.140027 0.0657462 0.0212062 0.00486537 0.00120068 0.00109306 0.00187272 0.00310992 0.00478703 0.00691477 0.00946608 0.0123077 0.015123 0.0174126 0.0186342 0.0184303 0.0168033
 1.04325e-16 5.43889e-05 0.00052868 0.00351326 0.0159708 0.0496912 0.105873 0.154531 0.15456 0.106013 0.0501607 0.017326 0.00691291 0.00794308 0.0141155 0.0231988 0.0332998 0.0416511 0.0454918 0.0435974 0.0370497 0.0285588 0.020879 0.0155255 0.0125278 0.0110255
 1.09297e-16 3.23198e-05 0.00031416 0.00208771 0.00949044 0.0295285 0.062915 0.0918345 0.0918737 0.0631064 0.0301717 0.0113505 0.00676576 0.0105559 0.0195694 0.0325254 0.0473717 0.0606527 0.068821 0.0701748 0.0657543 0.0584068 0.0508473 0.0443076 0.0385806 0.0329616
 1.03666e-16 7.33814e-05 0.000713293 0.00474008 0.0215477 0.067043 0.142842 0.208484 0.208488 0.142863 0.067113 0.0217508 0.0052531 0.00184391 0.00225226 0.00369074 0.00550662 0.00734259 0.00888523 0.00999419 0.0107553 0.0113527 0.0118676 0.0121832 0.0120677 0.0113463
 1.01719e-16 6.72586e-05 0.000653778 0.00434458 0.0197499 0.0614492 0.130925 0.191092 0.191107 0.131002 0.0617079 0.0204968 0.00621848 0.00474107 0.00781982 0.0127957 0.0183676 0.0229783 0.0250955 0.024027 0.020344 0.0155162 0.0110529 0.00780945 0.00585457 0.0047845
 1.06241e-16 1.48191e-05 0.000144047 0.000957246 0.00435154 0.0135396 0.02885 0.042121 0.0421857 0.0291666 0.0146029 0.00742326 0.00867014 0.0169893 0.0320301 0.0529876 0.0764626 0.0964223 0.106692 0.104372 0.0915093 0.0736057 0.0562489 0.042518 0.032667 0.0254684
 1.26956e-16 1.94908e-05 0.000189458 0.00125901 0.0057233 0.0178074 0.037941 0.055379 0.0553932 0.0380107 0.0180437 0.00641616 0.0030368 0.00419835 0.0080089 0.0141925 0.022741 0.0334098 0.0458332 0.0596807 0.0744265 0.0887991 0.100505 0.106772 0.105561 0.0966527
 1.04581e-16 7.7265e-05 0.000751043 0.00499095 0.0226881 0.0705911 0.150402 0.219516 0.219518 0.150409 0.0706154 0.0227584 0.00516867 0.00114344 0.000836143 0.00129785 0.00195678 0.00267507 0.00338777 0.0041118 0.00494787 0.00600547 0.00729243 0.00865164 0.00979451 0.0104129
pSPR Fmed_Fpbrs
0.391461   0.25534 0.25534
Fs Fmed_Fpbrs
0.632615   1.005 1.005
SSBpbr Bo_Bmed_Bpbrs
1.57855e+06  539013  324139 324139
Ro
67918.9
SPR SPRFo_SPRFmed_SPRFpbrs
485480 190046 123962
Fref
1.005
Nvult_r0
 118866 2484.2 1413.31 5201.88 1149.27
CTP_r0
 32336.8 942.459 536.183 1973.5 436.013
YTP_r0
391054
Np
 134384 40293.7 619.611 352.509 1556.46
Nvult_p0
 107640 34867.8 536.174 305.04 1346.87
CTP_p0
 40965 17477.4 268.755 152.9 675.115
YTP_p0
 623540
CBA_c0
460800
log_Ro
10.9461
likeval ReclasPelacesDesembMPH_pf_preclas_ppelaces_ptallas_desvR_qrecl_qpela
 14.7313 68.3915 0.166676 0.00163393 294.078 123.134 111.714 0 94.2853 1.85965e-05 0 0.0874797 0 0 0
q_reclas_q_pelaces
1.84242 1
M
1
N
 12953.3 32687.7 64745.9 12244.3 0.122019
 167615 3960.77 8886.54 17601.9 3328.78
 35134.8 41982.8 776.97 1743.24 4105.9
 64118.5 8755.51 8167.16 151.149 1137.87
 6918.97 8251.28 577.847 539.018 85.0727
 390981 567.601 260.739 18.2599 19.7212
 10414.8 111946 138.578 63.6587 9.27296
 2755.52 2415.86 19368.8 23.9767 12.6186
 4799.91 876.157 700.148 5613.33 10.6058
 60881.9 263.41 14.3437 11.4623 92.0705
 48900.1 5440.17 9.57283 0.521278 3.76258
 129101 13997.7 1327.67 2.33625 1.04548
 80819.3 23917.4 1676.63 159.027 0.405059
 68482 15480.1 3025.34 212.079 20.1668
 45662.4 7853.26 846.085 165.353 12.6937
 393835 5568.78 474.688 51.1414 10.762
 14601.3 91098.2 959.062 81.7514 10.6611
 742911 3894.3 19804.1 208.493 20.0898
 301569 213412 955.909 4861.17 56.1087
 111191 81669.7 47568.3 213.067 1096.04
 393494 27474 15668.3 9125.98 251.152
 505739 105618 6035.11 3441.81 2059.84
 19838.8 132437 22282.7 1273.25 1160.71
 281252 5804.36 33497.5 5636.02 615.627
 167077 84015 1518.85 8765.43 1635.9
 43200.1 49908.5 21984.3 397.441 2721.73
 230699 12792.8 12875.2 5671.41 804.669
 305209 66466.4 3155.29 3175.6 1597.3
 24034.2 96198.3 18988.5 901.421 1363.55
 11307.3 7749.17 28521.9 5629.91 671.542
 159159 3103.81 1765.82 6499.34 1435.93
pred_Ctot
 1403.3 5527.18 10947.9 2070.39 0.0206322
 34884.2 1229.1 2757.66 5462.22 1032.98
 7394.7 13160.3 243.556 546.451 1287.07
 28619.8 5169.1 4821.75 89.2354 671.777
 3811.43 5677.53 397.604 370.886 58.5367
 55921.5 124.748 57.3058 4.01319 4.33435
 2524.58 39807.1 49.2773 22.6365 3.29739
 239.17 330.421 2649.1 3.27933 1.72586
 2973.61 652.24 521.214 4178.75 7.89529
 32485.7 177.26 9.6525 7.71344 61.9582
 7000.19 1196.62 2.10564 0.11466 0.827618
 42797 6515.04 617.946 1.08737 0.486602
 25803.4 10787.5 756.211 71.7261 0.182694
 32633 9599.45 1876.05 131.513 12.5057
 21038.6 4749.03 511.645 99.9926 7.67612
 95948.5 1989.03 169.547 18.2665 3.84393
 2605.44 24576 258.731 22.0545 2.8761
 105001 846.427 4304.42 45.3159 4.36652
 51564 55358.9 247.962 1260.99 14.5546
 23834 26025.7 15158.6 67.8982 349.275
 68998.3 7293.84 4159.66 2422.78 66.6762
 94701.4 29778.5 1701.57 970.401 580.762
 2615.32 26964.3 4536.79 259.236 236.321
 33996 1088.93 6284.3 1057.35 115.495
 20195.8 15762.1 284.953 1644.49 306.912
 5421.03 9700.28 4272.9 77.2471 528.999
 32257 2752.6 2770.32 1220.31 173.139
 27984.1 9582.37 454.893 457.822 230.28
 1897.58 12009.6 2370.57 112.535 170.228
 1858.04 1937.73 7132.08 1407.8 167.924
 32336.8 942.459 536.183 1973.5 436.013
F
 0.184908 0.302462 0.302462 0.302462 0.302462
 0.384408 0.628793 0.628793 0.628793 0.628793
 0.38951 0.637138 0.637138 0.637138 0.637138
 1.05037 1.71813 1.71813 1.71813 1.71813
 1.5006 2.4546 2.4546 2.4546 2.4546
 0.250642 0.409986 0.409986 0.409986 0.409986
 0.461167 0.754351 0.754351 0.754351 0.754351
 0.145818 0.23852 0.23852 0.23852 0.23852
 1.90264 3.11223 3.11223 3.11223 3.11223
 1.41513 2.31478 2.31478 2.31478 2.31478
 0.250883 0.410381 0.410381 0.410381 0.410381
 0.685993 1.12211 1.12211 1.12211 1.12211
 0.652658 1.06758 1.06758 1.06758 1.06758
 1.16564 1.90669 1.90669 1.90669 1.90669
 1.1041 1.80603 1.80603 1.80603 1.80603
 0.463994 0.758975 0.758975 0.758975 0.758975
 0.321597 0.52605 0.52605 0.52605 0.52605
 0.247354 0.404608 0.404608 0.404608 0.404608
 0.306317 0.501056 0.501056 0.501056 0.501056
 0.398009 0.651041 0.651041 0.651041 0.651041
 0.315236 0.515646 0.515646 0.515646 0.515646
 0.339917 0.556018 0.556018 0.556018 0.556018
 0.22903 0.374634 0.374634 0.374634 0.374634
 0.208256 0.340654 0.340654 0.340654 0.340654
 0.208263 0.340666 0.340666 0.340666 0.340666
 0.21696 0.354892 0.354892 0.354892 0.354892
 0.244416 0.399802 0.399802 0.399802 0.399802
 0.154586 0.252863 0.252863 0.252863 0.252863
 0.131891 0.215741 0.215741 0.215741 0.215741
 0.292815 0.478971 0.478971 0.478971 0.478971
 0.373711 0.611295 0.611295 0.611295 0.611295
YTP_r0W_actual
 274863 15362.1 15495.7 68677.6 16655.7
YTP_p0W_proyectada
 308057 281735 6283.5 4510.55 22953.9
CTP_r0_actual
 32336.8 942.459 536.183 1973.5 436.013
CTP_p0_proyectada
 40965 17477.4 268.755 152.9 675.115
Wmedp
 7.52 16.12 23.38 29.5 34
Frms_r0
 0.373711 0.611295 0.611295 0.611295 0.611295
Zrms_r0
 1.37371 1.6113 1.6113 1.6113 1.6113
nmprior
 8.19 8.8 8.5 0
nm_flota  nm_reclas  nm_pelaces    nm_pelaL
inf 11.412 6.13062 10.5622
cv_recla  cv_pelaces  cv_mph
0.347173 0.93772 1.24745
 ------------------------------------------------
Talla a la edad & desviaci?n 
 8 13.2811 15.8009 17.003 17.5766
 0.8 1.32811 1.58009 1.7003 1.75766
