years
 1991 1992 1993 1994 1995 1996 1997 1998 1999 2000 2001 2002 2003 2004 2005 2006 2007 2008 2009 2010 2011 2012 2013 2014 2015 2016 2017 2018 2019 2020 2021
reclasobs
 0 0 0 0 0 0 0 0 0 252601 567819 844713 477998 351125 339783 2.1784e+06 2.13404e+06 4.81314e+06 1.55562e+06 2.62356e+06 3.21686e+06 3.843e+06 1.13348e+06 3.07943e+06 1.97215e+06 2.03268e+06 2.025e+06 2.42433e+06 2.27542e+06 1.05018e+06 2.36338e+06
reclaspred
 3.25195e+06 1.827e+06 925339 921479 916400 1.44279e+06 914812 810730 592378 433439 498108 639715 631829 495734 502102 1.29835e+06 1.26435e+06 2.83784e+06 2.33958e+06 1.74345e+06 3.08111e+06 2.50428e+06 1.99481e+06 3.06551e+06 2.30384e+06 2.03776e+06 2.41275e+06 2.5586e+06 2.10061e+06 1.33553e+06 1.91115e+06
pelacesobs
 0 0 0 0 0 0 0 0 0 0 0 0 0 0 0 552880 188675 0 991730 2.46772e+06 1.41603e+06 1.21717e+06 2.29649e+06 1.80582e+06 0 1.4828e+06 1.56532e+06 1.57751e+06 1.42118e+06 867257 1.10002e+06
pelacespred
 1.76617e+06 1.10538e+06 561233 456420 471855 766777 452655 493202 348799 242171 287045 308150 334289 277214 288079 618239 602936 1.55573e+06 1.32678e+06 918370 1.56678e+06 1.38412e+06 1.09883e+06 1.84599e+06 1.33926e+06 1.18028e+06 1.59034e+06 1.66381e+06 1.12541e+06 812909 1.16229e+06
mphobs
 0 0 0 0 0 0 0 0 0 0 0 498337 0 5186 125008 0 168611 109162 213762 579715 649985 157893 87575 83554 0 0 0 0 0 0 0
mphpred
 489515 327748 163878 89381.4 97632.9 110094 144790 90840.2 80323.3 55594.4 36926.5 58665.3 63188.6 53776.5 36847.6 46524.5 149287 143013 281006 212581 227133 280121 266333 220263 305705 252184 207578 220997 307486 210179 129008
desembarqueobs
 494567 514787 250237 358949 120608 361735 552515 73892 212993 205616 52469 317467 293654 387597 252695 516296 358380 742168 942051 627588 828172 859565 418607 520667 417249 300574 415391 372974 316634 284311 391294
desembarquepred
 494574 513465 250893 358978 120613 361749 552563 73896.2 213041 205660 52471.5 317534 293707 387638 252692 516263 358403 742076 941866 627464 828239 859587 418617 520691 417249 300576 415391 372960 316628 284319 391298
Reclutas
 203411 114726 114481 192992 154521 264100 109397 49979.3 47208.7 62699 116244 152787 127672 89433.3 89623.5 482923 104260 744174 428692 330242 488774 655918 137937 407190 343434 154331 345793 387410 114327 85204.3 326585
log_desv_Rt
 0.106516 -0.466165 -0.468308 0.0539341 -0.168384 0.367614 -0.51373 -1.29711 -1.35414 -1.07037 -0.453021 -0.179667 -0.35925 -0.715221 -0.713097 0.971143 -0.561825 1.40356 0.852024 0.591112 0.983186 1.27732 -0.281917 0.800564 0.630281 -0.169616 0.637126 0.750769 -0.469648 -0.763663 0.579975
SSB
 3.34159e+06 2.23732e+06 1.11868e+06 610147 666474 751537 988382 620105 548313 379506 252072 400469 431346 367096 251534 317591 1.01908e+06 976253 1.91824e+06 1.45115e+06 1.55049e+06 1.9122e+06 1.81807e+06 1.50359e+06 2.08685e+06 1.72149e+06 1.417e+06 1.5086e+06 2.099e+06 1.43475e+06 880650
BT
 4.48993e+06 3.0568e+06 1.54394e+06 1.35423e+06 1.18287e+06 2.07618e+06 1.53943e+06 1.20175e+06 1.01584e+06 757118 707300 977131 1.03775e+06 1.04268e+06 917855 1.84438e+06 1.67004e+06 4.24194e+06 3.96529e+06 2.68146e+06 4.28502e+06 3.99438e+06 2.8982e+06 4.74041e+06 3.47253e+06 2.98744e+06 4.09076e+06 4.21041e+06 2.85589e+06 2.14997e+06 3.0573e+06
Ftot
 0.126768 0.230356 0.224366 0.339253 0.114403 0.224144 0.492602 0.0788478 0.307823 0.402427 0.0971906 0.430801 0.402107 0.66618 0.453212 0.37294 0.239272 0.241759 0.345793 0.310967 0.23763 0.30069 0.17673 0.154527 0.15621 0.12637 0.155638 0.133115 0.124849 0.178458 0.18873
BD_Bspro_t
 0.979921 0.853393 0.700037 0.612987 0.603835 0.675997 0.666565 0.507758 0.563795 0.522511 0.491002 0.687186 0.573663 0.48583 0.380418 0.43814 0.608889 0.585937 0.678473 0.584662 0.555915 0.603944 0.619655 0.613288 0.714473 0.722684 0.729607 0.76267 0.803515 0.74235 0.678447
BD_Bspro
 2.56026 1.71419 0.857113 0.467482 0.510639 0.575812 0.757278 0.475112 0.420107 0.290769 0.193133 0.306831 0.330488 0.281262 0.19272 0.243332 0.780802 0.747985 1.46972 1.11184 1.18795 1.46509 1.39297 1.15202 1.5989 1.31897 1.08567 1.15586 1.60821 1.09928 0.674736
BD_Bo
 1.70908 1.14429 0.572159 0.312064 0.340873 0.384379 0.505515 0.317157 0.280439 0.194101 0.128924 0.204823 0.220615 0.187754 0.128649 0.162434 0.521218 0.499312 0.981098 0.742199 0.793008 0.978008 0.929867 0.769021 1.06733 0.880469 0.724733 0.771582 1.07355 0.733815 0.450414
BD_Brms
 10.7493 7.19702 3.59859 1.96273 2.14392 2.41755 3.17943 1.99476 1.76382 1.2208 0.810868 1.28823 1.38756 1.18088 0.809136 1.02163 3.2782 3.14042 6.17061 4.66805 4.98762 6.15117 5.84839 4.83676 6.71298 5.5377 4.5582 4.85286 6.75209 4.61533 2.83288
Sel_flota
 0.809879 1 1 1 1
 0.809879 1 1 1 1
 0.809879 1 1 1 1
 0.809879 1 1 1 1
 0.809879 1 1 1 1
 0.809879 1 1 1 1
 0.809879 1 1 1 1
 0.809879 1 1 1 1
 0.809879 1 1 1 1
 0.809879 1 1 1 1
 0.809879 1 1 1 1
 0.809879 1 1 1 1
 0.809879 1 1 1 1
 0.809879 1 1 1 1
 0.809879 1 1 1 1
 0.809879 1 1 1 1
 0.809879 1 1 1 1
 0.809879 1 1 1 1
 0.809879 1 1 1 1
 0.809879 1 1 1 1
 0.809879 1 1 1 1
 0.809879 1 1 1 1
 0.809879 1 1 1 1
 0.809879 1 1 1 1
 0.809879 1 1 1 1
 0.809879 1 1 1 1
 0.809879 1 1 1 1
 0.809879 1 1 1 1
 0.809879 1 1 1 1
 0.809879 1 1 1 1
 0.809879 1 1 1 1
Sel_reclas
 1 1 1 1 1
 1 1 1 1 1
 1 1 1 1 1
 1 1 1 1 1
 1 1 1 1 1
 1 1 1 1 1
 1 1 1 1 1
 1 1 1 1 1
 1 1 1 1 1
 1 1 1 1 1
 1 1 1 1 1
 1 1 1 1 1
 1 1 1 1 1
 1 1 1 1 1
 1 1 1 1 1
 1 1 1 1 1
 1 1 1 1 1
 1 1 1 1 1
 1 1 1 1 1
 1 1 1 1 1
 1 1 1 1 1
 1 1 1 1 1
 1 1 1 1 1
 1 1 1 1 1
 1 1 1 1 1
 1 1 1 1 1
 1 1 1 1 1
 1 1 1 1 1
 1 1 1 1 1
 1 1 1 1 1
 1 1 1 1 1
Sel_pelaces
 1 1 1 1 1
 1 1 1 1 1
 1 1 1 1 1
 1 1 1 1 1
 1 1 1 1 1
 1 1 1 1 1
 1 1 1 1 1
 1 1 1 1 1
 1 1 1 1 1
 1 1 1 1 1
 1 1 1 1 1
 1 1 1 1 1
 1 1 1 1 1
 1 1 1 1 1
 1 1 1 1 1
 1 1 1 1 1
 1 1 1 1 1
 1 1 1 1 1
 1 1 1 1 1
 1 1 1 1 1
 1 1 1 1 1
 1 1 1 1 1
 1 1 1 1 1
 1 1 1 1 1
 1 1 1 1 1
 1 1 1 1 1
 1 1 1 1 1
 1 1 1 1 1
 1 1 1 1 1
 1 1 1 1 1
 1 1 1 1 1
pf_obs 
 0.8446 0.082 0.0669 0.0065 0
 0.8095 0.147 0.0364 0.0071 0
 0.9664 0.0169 0.016 0.0007 0
 0.9276 0.0648 0.0075 0.0001 0
 0.7033 0.2144 0.0806 0.0017 0
 0.9318 0.0425 0.0243 0.0014 0
 0.5671 0.3108 0.0964 0.0239 0.0018
 0.0768 0.2599 0.5324 0.112 0.0189
 0.490249 0.384438 0.106611 0.0170017 0.00170017
 0.7925 0.1577 0.0466 0.003 0.0002
 0.840416 0.127587 0.0312969 0.00059994 9.999e-05
 0.8084 0.0986 0.0794 0.0134 0.0002
 0.7335 0.1905 0.0724 0.0035 0.0001
 0.4001 0.4547 0.1325 0.0127 0
 0.49795 0.308269 0.164784 0.0264974 0.00249975
 0.9179 0.0499 0.0305 0.0017 0
 0.2467 0.6533 0.0926 0.0074 0
 0.9418 0.0223 0.034 0.0019 0
 0.707729 0.231977 0.0356964 0.0245975 0
 0.517169 0.277429 0.184464 0.0207286 0.00020938
 0.811772 0.124168 0.05621 0.00726502 0.000585176
 0.764997 0.148141 0.077277 0.00933861 0.000247198
 0.163321 0.427699 0.378323 0.0303852 0.000271297
 0.753843 0.0900009 0.118128 0.0371064 0.000921714
 0.721811 0.176058 0.0630433 0.0369309 0.00215725
 0.143369 0.312575 0.442814 0.0836902 0.0175525
 0.692698 0.0596174 0.167031 0.0765114 0.00414204
 0.394062 0.376323 0.152708 0.0712218 0.00568511
 0.125707 0.32114 0.495352 0.0537591 0.00404204
 0.23352 0.215282 0.420074 0.123614 0.00750983
 0.796117 0.104755 0.0508955 0.0450114 0.00322123
pf_pred 
 0.443942 0.121819 0.409974 0.0242642 7.90723e-07
 0.411814 0.294084 0.0644306 0.216838 0.0128339
 0.558746 0.207472 0.116888 0.0256088 0.0912862
 0.737677 0.161581 0.0473674 0.0266864 0.026688
 0.647027 0.276416 0.0471559 0.0138237 0.0155768
 0.745154 0.177447 0.0606117 0.0103402 0.00644684
 0.471582 0.416072 0.0782253 0.0267199 0.00740034
 0.448223 0.297201 0.200451 0.0376866 0.0164381
 0.532926 0.234918 0.125045 0.0843381 0.0227725
 0.696386 0.180169 0.0620874 0.0330487 0.0283087
 0.809933 0.142161 0.0284283 0.00979658 0.00968139
 0.731193 0.226269 0.0318163 0.00636239 0.00435926
 0.676756 0.25191 0.0600455 0.00844317 0.00284523
 0.620504 0.277167 0.0797469 0.0190085 0.00357355
 0.72857 0.186238 0.0622205 0.0179022 0.00506939
 0.931917 0.0529343 0.0103941 0.00347257 0.00128206
 0.382564 0.584323 0.0257456 0.00505535 0.0023125
 0.895302 0.0460828 0.0554721 0.00244413 0.00069946
 0.591732 0.373825 0.01516 0.0182488 0.00103415
 0.599141 0.260816 0.128228 0.00520013 0.00661438
 0.737031 0.172683 0.0587444 0.0288813 0.00266102
 0.740883 0.202238 0.0373505 0.0127062 0.00682246
 0.319766 0.534084 0.114068 0.0210669 0.0110147
 0.73839 0.0972974 0.12901 0.0275536 0.00774942
 0.62426 0.293092 0.0307379 0.0407564 0.0111528
 0.433948 0.382739 0.142992 0.0149962 0.0253251
 0.730381 0.132067 0.0930064 0.0347474 0.00979819
 0.686026 0.242683 0.0349207 0.0245924 0.0117786
 0.348637 0.477136 0.134667 0.0193778 0.0201826
 0.424795 0.230818 0.25227 0.0712007 0.0209163
 0.826638 0.0835589 0.0360363 0.0393856 0.0143817
pobs_RECLAS
 0 0 0 0 0
 0 0 0 0 0
 0 0 0 0 0
 0 0 0 0 0
 0 0 0 0 0
 0 0 0 0 0
 0 0 0 0 0
 0 0 0 0 0
 0 0 0 0 0
 0 0 0 0 0
 0.991045 0.00858322 0.000360255 1.14367e-05 0
 0.934742 0.0480273 0.0164251 0.00080598 0
 0.827803 0.169806 0.00239088 0 0
 0.941827 0.0461693 0.0120037 0 0
 0.791401 0.0380133 0.147996 0.0225897 0
 0.846168 0.0940531 0.0597789 0 0
 0.134021 0.677848 0.182769 0.00536245 0
 0.80878 0.0450904 0.141981 0.00414843 0
 0.846168 0.0940531 0.0597789 0 0
 0.905697 0.0802665 0.012482 0.00150086 5.37128e-05
 0.989698 0.0102097 9.19794e-05 0 0
 0.975433 0.0193895 0.00387452 0.00125025 5.28907e-05
 0.303575 0.632131 0.0575291 0.00676475 0
 0.966965 0.00978017 0.0227588 0.000495775 0
 0.843318 0.132988 0.00938335 0.0141283 0.000182051
 0.564624 0.303363 0.111486 0.0197234 0.00080311
 0.826376 0.0876187 0.0782897 0.00655872 0.00115652
 0.89761 0.0855135 0.0140674 0.00269457 0.000114338
 0.34875 0.467042 0.161289 0.0227151 0.000203297
 0.318654 0.224769 0.449479 0.00709798 0
 0.937255 0.0296025 0.0250945 0.00804832 0
ppred_RECLAS
 0.496972 0.110201 0.370876 0.0219502 7.15315e-07
 0.464735 0.267624 0.0586336 0.197328 0.0116792
 0.610905 0.182947 0.103071 0.0225817 0.0804954
 0.777582 0.137001 0.0401617 0.0226268 0.0226282
 0.693988 0.239641 0.0408821 0.0119846 0.0135044
 0.783804 0.150536 0.0514193 0.00877199 0.00546911
 0.52697 0.37246 0.0700259 0.0239191 0.00662465
 0.501083 0.26873 0.181248 0.0340762 0.0148633
 0.586336 0.208055 0.110746 0.0746941 0.0201685
 0.740671 0.15389 0.0530314 0.0282282 0.0241797
 0.840518 0.119285 0.0238537 0.00822014 0.00812348
 0.772195 0.191755 0.0269632 0.00539191 0.00369433
 0.722762 0.216057 0.0514994 0.00724148 0.00244028
 0.672341 0.239308 0.068854 0.0164121 0.00308543
 0.769954 0.157843 0.0527339 0.0151727 0.00429647
 0.944541 0.0431188 0.00846674 0.00282866 0.00104433
 0.434551 0.535124 0.0235778 0.0046297 0.00211779
 0.913844 0.0379213 0.0456477 0.00201126 0.000575582
 0.643135 0.326759 0.0132513 0.0159512 0.00090395
 0.64997 0.227745 0.111969 0.00454076 0.00577569
 0.776594 0.146703 0.0499063 0.0245361 0.00226067
 0.780286 0.171484 0.0316707 0.010774 0.00578498
 0.368002 0.496212 0.10598 0.019573 0.0102337
 0.777511 0.0827477 0.109718 0.0234333 0.00659058
 0.672895 0.255156 0.0267593 0.0354811 0.00970926
 0.486827 0.346985 0.129634 0.0135953 0.0229594
 0.770331 0.112498 0.0792255 0.0295988 0.00834637
 0.730033 0.208668 0.0300261 0.0211455 0.0101277
 0.398431 0.440661 0.124372 0.0178964 0.0186397
 0.477755 0.209566 0.229043 0.0646451 0.0189905
 0.855236 0.0697746 0.0300915 0.0328883 0.0120092
pobs_PELACES
 0 0 0 0 0
 0 0 0 0 0
 0 0 0 0 0
 0 0 0 0 0
 0 0 0 0 0
 0 0 0 0 0
 0 0 0 0 0
 0 0 0 0 0
 0 0 0 0 0
 0 0 0 0 0
 0 0 0 0 0
 0 0 0 0 0
 0 0 0 0 0
 0 0 0 0 0
 0 0 0 0 0
 0 0 0 0 0
 0.505614 0.472636 0.0217494 0 0
 0 0 0 0 0
 0.443492 0.261883 0.143347 0.151278 0
 0.227955 0.32914 0.350689 0.0885471 0.00366901
 0.970185 0.0296113 0.000203453 0 0
 0.997202 0.00247181 0.000326279 0 0
 0.445219 0.490057 0.0546422 0.010081 0
 0.90214 0.0892962 0.00764917 0.000914606 0
 0 0 0 0 0
 0.581667 0.319106 0.0959925 0.00289975 0.000334073
 0.762889 0.0836404 0.116647 0.0363945 0.000428098
 0.88444 0.0763242 0.0277011 0.0115352 0
 0.521256 0.241999 0.230069 0.00667565 0
 0.616807 0.101726 0.260614 0.0208532 0
 0.833518 0.0704572 0.0857862 0.0102388 0
ppred_PELACES
 0.49896 0.109766 0.36941 0.0218634 7.12487e-07
 0.468332 0.265826 0.0582396 0.196002 0.0116007
 0.614246 0.181376 0.102186 0.0223878 0.0798043
 0.781242 0.134747 0.039501 0.0222545 0.0222559
 0.69551 0.238449 0.0406788 0.0119249 0.0134372
 0.786177 0.148883 0.0508548 0.00867569 0.00540907
 0.534667 0.3664 0.0688865 0.0235299 0.00651685
 0.50232 0.268063 0.180799 0.0339918 0.0148265
 0.591012 0.205703 0.109494 0.0738497 0.0199405
 0.745491 0.151029 0.0520458 0.0277036 0.0237302
 0.841334 0.118675 0.0237317 0.00817809 0.00808193
 0.776915 0.187782 0.0264046 0.0052802 0.00361779
 0.727789 0.212139 0.0505657 0.00711019 0.00239603
 0.681481 0.232632 0.0669332 0.0159542 0.00299936
 0.774952 0.154414 0.0515882 0.014843 0.00420313
 0.945754 0.0421757 0.00828156 0.00276679 0.00102149
 0.438243 0.53163 0.0234239 0.00459947 0.00210396
 0.915031 0.0373989 0.0450189 0.00198356 0.000567654
 0.648098 0.322214 0.013067 0.0157293 0.000891377
 0.654395 0.224865 0.110553 0.00448335 0.00570266
 0.77917 0.145011 0.0493309 0.0242532 0.0022346
 0.783503 0.168973 0.031207 0.0106162 0.00570028
 0.370584 0.494184 0.105547 0.019493 0.0101919
 0.779183 0.0821256 0.108893 0.0232571 0.00654104
 0.675048 0.253476 0.0265832 0.0352475 0.00964534
 0.488808 0.345645 0.129134 0.0135428 0.0228707
 0.772054 0.111654 0.0786312 0.0293768 0.00828376
 0.731676 0.207398 0.0298434 0.0210168 0.010066
 0.40031 0.439285 0.123983 0.0178405 0.0185815
 0.48055 0.208444 0.227818 0.0642992 0.0188888
 0.856696 0.0690709 0.0297881 0.0325567 0.0118881
pobs_pel_tallas
 0 0 0 0 0 0 0 0 0 0 0 0 0 0 0 0 0 0 0 0 0 0 0 0 0 0
 0 0 0 0 0 0 0 0 0 0 0 0 0 0 0 0 0 0 0 0 0 0 0 0 0 0
 0 0 0 0 0 0 0 0 0 0 0 0 0 0 0 0 0 0 0 0 0 0 0 0 0 0
 0 0 0 0 0 0 0 0 0 0 0 0 0 0 0 0 0 0 0 0 0 0 0 0 0 0
 0 0 0 0 0 0 0 0 0 0 0 0 0 0 0 0 0 0 0 0 0 0 0 0 0 0
 0 0 0 0 0 0 0 0 0 0 0 0 0 0 0 0 0 0 0 0 0 0 0 0 0 0
 0 0 0 0 0 0 0 0 0 0 0 0 0 0 0 0 0 0 0 0 0 0 0 0 0 0
 0 0 0 0 0 0 0 0 0 0 0 0 0 0 0 0 0 0 0 0 0 0 0 0 0 0
 0 0 0 0 0 0 0 0 0 0 0 0 0 0 0 0 0 0 0 0 0 0 0 0 0 0
 0 0 0 0 0 0 0 0 0 0 0 0 0 0 0 0 0 0 0 0 0 0 0 0 0 0
 0 0 0 0 0 0 0 0 0 0 0 0 0 0 0 0 0 0 0 0 0 0 0 0 0 0
 0 0 0 0 0 0 0 0 0 0 0 0 0 0 0 0 0 0 0 0 0 0 0 0 0 0
 0.00862536 0 0 0.000197151 0.00414017 0.0128641 0.00837892 0.0270097 0.101434 0.158115 0.152841 0.127902 0.109271 0.109419 0.0830992 0.0579132 0.0238553 0.00714673 0.00463305 0.00128148 0.00103504 0.000492878 0.000147863 0.000147863 4.92878e-05 0
 0 0 0 0 0 0 0 0 0 0 0 0 0 0 0 0 0 0 0 0 0 0 0 0 0 0
 0 0 0 0 0 0 0 0.0054083 0.00873648 0.0413646 0.0450493 0.0745869 0.0622846 0.0627006 0.0613931 0.0827291 0.12552 0.122667 0.0946155 0.0697135 0.0546179 0.0294188 0.0215738 0.0213955 0.0102223 0.00600262
 0 0 0 0 0.00359764 0.0251062 0.0480494 0.140153 0.205849 0.193036 0.1447 0.116669 0.0760912 0.0342217 0.00950174 0.001854 0.000860785 0 0 0 0.000165536 0 0.000143464 0 0 0
 0 0 0 0 0 0 0 0.000145254 0.000435761 0.0275982 0.070085 0.0708112 0.156366 0.174668 0.174014 0.160142 0.0824315 0.0480064 0.0283245 0.00493863 0.00203355 0 0 0 0 0
 0 0 0 0 0 0 0 0 0 0 0 0 0 0 0 0 0 0 0 0 0 0 0 0 0 0
 0 0 1.00437e-05 0.000401748 0.00122533 0.00171747 0.00176769 0.0269171 0.070346 0.194647 0.189555 0.159765 0.064822 0.0314167 0.0384472 0.0292271 0.0345202 0.0313363 0.0194345 0.0106764 0.0143323 0.0359363 0.0279516 0.0138201 0.00172751 0
 0 0.0021121 0.0136068 0.0755702 0.200478 0.177729 0.0527432 0.0373336 0.0318909 0.0142505 0.0149659 0.0166563 0.0217959 0.0798694 0.0677717 0.0528807 0.04013 0.0224614 0.0357745 0.0225083 0.00881397 0.00855152 0.00135912 0.000746735 0 0
 0 0 0 0 5.4009e-05 0.00500934 0.000945158 0.0243581 0.138947 0.33067 0.221406 0.137944 0.0707744 0.0437923 0.0131692 0.00525238 0.0047753 0.00276346 9.45158e-05 9.00151e-06 2.25038e-05 9.00151e-06 4.50075e-06 0 0 0
 0.000866109 0.00284123 0.00948549 0.0512746 0.133035 0.25785 0.225252 0.132002 0.0553304 0.0519788 0.0540692 0.017754 0.00435017 0.00159236 0.00146478 0.000404838 0.000125132 0.000115318 0.000107957 0.000100596 0 0 0 0 0 0
 0 0 0 0 0.00144013 0.00171154 0.00461396 0.0210425 0.0478622 0.0707936 0.0888783 0.103762 0.0637923 0.0337046 0.0602308 0.124433 0.169614 0.0934646 0.0462172 0.0250306 0.0313229 0.00938855 0.002487 0.000210481 0 0
 0 0.00764035 0.051015 0.0998891 0.058973 0.0496711 0.0374665 0.0718981 0.12319 0.153886 0.159021 0.0857701 0.0377988 0.023471 0.0147837 0.00900784 0.00315554 0.000888139 0.00291439 0.00214683 0.00393193 0.00274676 0.000635225 9.99891e-05 0 0
 0 0 0 0 0 0 0 0 0 0 0 0 0 0 0 0 0 0 0 0 0 0 0 0 0 0
 0 0 0 0 0 0 0 0 0 0 0 0 0 0 0 0 0 0 0 0 0 0 0 0 0 0
 0 0 0 0 0 0 0 0 0 0 0 0 0 0 0 0 0 0 0 0 0 0 0 0 0 0
 0 0 0 0 0 0 0 0 0 0 0 0 0 0 0 0 0 0 0 0 0 0 0 0 0 0
 0 0 0 0 0 0 0 0 0 0 0 0 0 0 0 0 0 0 0 0 0 0 0 0 0 0
 0 0 0 0 0 0 0 0 0 0 0 0 0 0 0 0 0 0 0 0 0 0 0 0 0 0
 0 0 0 0 0 0 0 0 0 0 0 0 0 0 0 0 0 0 0 0 0 0 0 0 0 0
ppred_pel_tallas
 1.12882e-16 4.10987e-05 0.000399494 0.00265478 0.0120682 0.0375488 0.0800022 0.116768 0.116779 0.0800569 0.037734 0.0126099 0.00404093 0.00351297 0.00621 0.010867 0.0171961 0.0248346 0.0333175 0.0422372 0.0511408 0.0591767 0.0649097 0.0667003 0.0635274 0.0556666
 1.23369e-16 3.85759e-05 0.000374972 0.00249182 0.0113275 0.0352441 0.0750922 0.109605 0.10963 0.075218 0.0356666 0.0125493 0.00556473 0.00710381 0.0128821 0.0214151 0.0312983 0.040392 0.0466325 0.0492998 0.0495272 0.0494905 0.0508684 0.0537547 0.0567252 0.0578075
 1.18746e-16 5.05947e-05 0.000491798 0.00326817 0.0148567 0.0462247 0.0984872 0.143749 0.143766 0.0985733 0.0465144 0.0156954 0.00538066 0.00512729 0.00892575 0.0148673 0.0218722 0.0285029 0.0333546 0.0358688 0.0366681 0.0370479 0.0380224 0.0396835 0.0412698 0.0417319
 1.07173e-16 6.43499e-05 0.000625504 0.00415669 0.0188957 0.0587917 0.125262 0.182827 0.18284 0.125326 0.0590057 0.0195143 0.00571162 0.00402741 0.00654775 0.0107838 0.0156764 0.0200388 0.0227206 0.0232317 0.0220373 0.0202152 0.0187466 0.0179955 0.017689 0.017269
 1.04705e-16 5.72883e-05 0.000556862 0.00370055 0.0168222 0.0523401 0.111517 0.162767 0.16279 0.111629 0.0527175 0.0179123 0.00643779 0.00653486 0.0114184 0.0188073 0.0271386 0.0342408 0.0379443 0.0372626 0.0329782 0.0270955 0.0216152 0.0175833 0.0149686 0.0131638
 1.03292e-16 6.47564e-05 0.000629455 0.00418295 0.0190151 0.0591631 0.126054 0.183982 0.183997 0.126124 0.0593996 0.0196986 0.00590105 0.00438783 0.00722537 0.0119021 0.0172785 0.0220201 0.0248051 0.0250152 0.0230737 0.0200987 0.0171683 0.0147893 0.0128851 0.0111389
 1.05545e-16 4.40399e-05 0.000428083 0.00284477 0.0129319 0.0402362 0.0857287 0.125131 0.125166 0.0859015 0.0408162 0.0146077 0.00705278 0.00961943 0.0175156 0.0289282 0.0417656 0.0527299 0.0584851 0.0574952 0.0509205 0.0417835 0.0331036 0.0264655 0.0218568 0.0184418
 1.11204e-16 4.13755e-05 0.000402184 0.00267266 0.0121495 0.0378018 0.0805418 0.117559 0.117585 0.0806693 0.0382306 0.0133909 0.00579986 0.00726631 0.0131875 0.022024 0.0323963 0.0421525 0.049091 0.0521557 0.0519419 0.0500244 0.0477081 0.045267 0.042157 0.0377852
 1.13993e-16 4.86809e-05 0.000473196 0.00314456 0.0142947 0.0444762 0.0947621 0.138312 0.138332 0.0948598 0.0448047 0.0152454 0.00553876 0.00572567 0.0101014 0.0168287 0.024731 0.0321629 0.0374941 0.0400327 0.0404038 0.0399819 0.0398391 0.0400667 0.0399089 0.0384307
 1.08335e-16 6.14051e-05 0.00059688 0.00396648 0.018031 0.0561013 0.11953 0.174461 0.174476 0.119602 0.0563414 0.0187253 0.00571226 0.00441837 0.00735043 0.0121386 0.0176831 0.0226787 0.0258511 0.0266549 0.0255945 0.0238369 0.0224235 0.0217054 0.0213434 0.0207161
 1.02904e-16 6.92996e-05 0.000673617 0.00447642 0.0203492 0.0633138 0.134897 0.196889 0.1969 0.134953 0.0635018 0.0208922 0.00584025 0.00365326 0.00573535 0.00939126 0.0135683 0.0171639 0.0191074 0.018916 0.0169779 0.014276 0.0117771 0.00996491 0.00878875 0.0079236
 1.01952e-16 6.39935e-05 0.00062204 0.00413367 0.0187911 0.0584661 0.124569 0.181816 0.181834 0.124657 0.0587631 0.0196488 0.00628652 0.0053217 0.00898944 0.0147599 0.0212555 0.0267283 0.0294409 0.0285914 0.0247852 0.0196161 0.0147074 0.0109601 0.00844049 0.00675202
 1.02633e-16 5.9947e-05 0.000582706 0.00387229 0.0176029 0.0547692 0.116692 0.17032 0.170341 0.116792 0.0551053 0.0185741 0.00631179 0.00591317 0.0101981 0.0168027 0.0242872 0.030724 0.0341807 0.0337516 0.0300696 0.0248277 0.0197203 0.0156428 0.0126177 0.0102405
 1.04099e-16 5.61327e-05 0.00054563 0.00362591 0.0164829 0.0512844 0.109268 0.159484 0.159507 0.109378 0.0516534 0.0175495 0.00630593 0.00640512 0.0112107 0.0185139 0.0268261 0.034073 0.0381691 0.0381399 0.0346668 0.02955 0.0245508 0.0205378 0.0174416 0.0147755
 1.03729e-16 6.38318e-05 0.000620468 0.00412323 0.0187436 0.0583184 0.124254 0.181356 0.18137 0.124327 0.0585636 0.0194525 0.0059052 0.0045187 0.00749134 0.0123469 0.0179288 0.0228597 0.0257758 0.0260449 0.0241148 0.0211488 0.0182577 0.0159461 0.0141026 0.0123658
 1.00701e-16 7.79005e-05 0.000757221 0.005032 0.0228747 0.0711718 0.151639 0.221323 0.221327 0.151659 0.0712386 0.0230677 0.00551652 0.00181565 0.00209014 0.00333766 0.00481363 0.00608121 0.00675309 0.00665299 0.00591442 0.00488403 0.00390687 0.00316217 0.00264536 0.00225804
 1.0163e-16 3.60976e-05 0.000350881 0.00233173 0.0105998 0.03298 0.0702693 0.102571 0.102622 0.0705193 0.0338189 0.0130217 0.00840697 0.0135994 0.0251567 0.0414252 0.0594202 0.0741941 0.0807284 0.0767094 0.0639343 0.0471578 0.0313417 0.0194184 0.0118414 0.00754565
 1.01604e-16 7.53699e-05 0.000732622 0.00486853 0.0221316 0.0688598 0.146713 0.214133 0.214137 0.146731 0.0689202 0.022307 0.00531154 0.00170944 0.00195897 0.00319319 0.004764 0.00634612 0.00764956 0.00851898 0.00898262 0.00915766 0.00910264 0.00875989 0.0080319 0.00690463
 1.02188e-16 5.33831e-05 0.000518902 0.00344829 0.0156754 0.0487723 0.103916 0.151674 0.151705 0.104067 0.0492808 0.0171436 0.00713119 0.00855109 0.0152858 0.0251285 0.0360604 0.0450722 0.0491422 0.0468945 0.0394411 0.0296697 0.0205621 0.0138318 0.0096618 0.00731234
 1.04663e-16 5.39017e-05 0.000523944 0.00348179 0.0158277 0.0492461 0.104925 0.153145 0.153167 0.105031 0.0496042 0.0168636 0.00608781 0.00623198 0.0109502 0.0181624 0.0264936 0.0340106 0.0387489 0.0397534 0.0375638 0.033694 0.0295717 0.0258201 0.0223159 0.0187256
 1.04272e-16 6.41792e-05 0.000623845 0.00414567 0.0188456 0.0586358 0.12493 0.182342 0.182356 0.124999 0.0588662 0.0195117 0.00582032 0.00428825 0.00704914 0.0116198 0.0168933 0.0215861 0.024435 0.024864 0.0233044 0.0208417 0.018487 0.0166573 0.0151791 0.0136537
 1.02974e-16 6.45362e-05 0.000627315 0.00416873 0.0189504 0.0589619 0.125625 0.183357 0.183373 0.125705 0.0592294 0.0197232 0.00610927 0.00486592 0.00812156 0.0133435 0.0192612 0.0243201 0.0269823 0.0265447 0.0235502 0.0194005 0.015492 0.0125521 0.0105608 0.0091096
 1.06852e-16 3.05246e-05 0.00029671 0.00197175 0.0089633 0.0278884 0.059421 0.0867366 0.0867843 0.059654 0.0286711 0.0112246 0.00765077 0.0127033 0.0236198 0.0390705 0.056444 0.0713238 0.0792102 0.0780096 0.0692409 0.0569189 0.0450637 0.0358021 0.0291674 0.0241327
 1.06603e-16 6.41803e-05 0.000623855 0.00414574 0.0188459 0.0586367 0.124932 0.182344 0.182352 0.124972 0.0587699 0.0192326 0.00512417 0.0027854 0.00424466 0.00711298 0.0107023 0.0144279 0.0177179 0.0202844 0.0222099 0.0237123 0.0248053 0.0251833 0.0244288 0.0223427
 1.06e-16 5.56029e-05 0.00054048 0.00359168 0.0163273 0.0508003 0.108236 0.157979 0.158004 0.108356 0.0512011 0.0174848 0.00649733 0.00688382 0.0121042 0.0199287 0.0287226 0.0361769 0.0399952 0.0391649 0.0345823 0.0284551 0.0229624 0.0192035 0.0170489 0.0156978
 1.09044e-16 4.02625e-05 0.000391366 0.00260077 0.0118227 0.0367851 0.0783757 0.114399 0.114432 0.0785392 0.0373343 0.0134108 0.00659338 0.00912794 0.0166934 0.0276927 0.0402606 0.0514089 0.058097 0.0589001 0.0547896 0.0483242 0.0419502 0.0367839 0.0326018 0.0286453
 1.06646e-16 6.35931e-05 0.000618147 0.00410781 0.0186735 0.0581003 0.123789 0.180676 0.180687 0.123842 0.0582791 0.0191914 0.00541307 0.00348529 0.00556122 0.00923138 0.0136183 0.017817 0.0209443 0.0225976 0.023047 0.0229368 0.0227495 0.0224894 0.0217929 0.0202879
 1.04726e-16 6.02672e-05 0.000585819 0.00389297 0.0176969 0.0550617 0.117316 0.17123 0.17125 0.117413 0.0553898 0.0186448 0.00627269 0.00578245 0.00993493 0.0163442 0.0235776 0.0297406 0.0329543 0.0323792 0.0287222 0.0237524 0.0192193 0.0160113 0.0140464 0.012722
 1.08624e-16 3.29731e-05 0.00032051 0.0021299 0.00968226 0.0301253 0.0641868 0.0936914 0.0937338 0.0643942 0.0308221 0.0116959 0.00718935 0.0113814 0.0210867 0.0349316 0.0506058 0.0642437 0.0719063 0.0717576 0.0651015 0.0553724 0.0459432 0.038496 0.0329153 0.0282541
 1.16273e-16 3.95823e-05 0.000384754 0.00255683 0.011623 0.0361635 0.0770509 0.112462 0.112483 0.0771508 0.0365 0.0125992 0.00502352 0.00582332 0.0105268 0.0177564 0.0265529 0.0354525 0.0429537 0.0483385 0.0519451 0.0545753 0.0565711 0.0574042 0.0560889 0.0519741
 1.06155e-16 7.05649e-05 0.000685916 0.00455816 0.0207207 0.0644699 0.13736 0.200483 0.200489 0.137393 0.06458 0.0210395 0.0053606 0.00244555 0.00343629 0.00563375 0.00826601 0.0107404 0.0125191 0.0133973 0.013627 0.0137149 0.0140469 0.0146359 0.0151543 0.0151725
pSPR Fmed_Fpbrs
0.653512   0.208995 0.208995
Fs Fmed_Fpbrs
0.226978   1.005 1.005
SSBpbr Bo_Bmed_Bpbrs
1.9552e+06  1.17999e+06  310867 310867
Ro
182859
SPR SPRFo_SPRFmed_SPRFpbrs
1.30518e+06 852950 272776
Fref
1.005
Nvult_r0
 223470 18863.8 8135.33 8891.45 3246.73
CTP_r0
 29628.4 2994.92 1291.61 1411.66 515.469
YTP_r0
391298
Np
 251012 40918.1 13885.4 1112.7 544.493
Nvult_p0
 210094 35408.1 12015.6 962.866 471.171
CTP_p0
 94271.4 44725.9 3584.08 1545.7 2203.95
 94271.4 17748.2 6022.8 482.634 236.173
YTP_p0
 1.6098e+06 1.14568e+06
CBA_c0
1.47057e+06
log_Ro
11.9365
likeval ReclasPelacesDesembMPH_pf_preclas_ppelaces_ptallas_desvR_qrecl_qpela
 14.2309 17.2856 0.0689558 0.000815981 240.475 118.95 98.2983 0 23.7294 1.3261e-06 0 0.352179 0 0 0
q_reclas_q_pelaces
0.849437 1
M
1
N
 203411 45652.4 153641 9093.17 0.296329
 114726 67529.4 14795 49791.7 2947
 114481 35022.5 19731.3 4322.92 15409.6
 192992 35117.4 10294.6 5799.91 5800.27
 154521 53941.2 9202.22 2697.62 3039.73
 264100 51814.9 17698.7 3019.35 1882.49
 109397 81028.3 15234.1 5203.58 1441.18
 49979.3 27005.4 18214.1 3424.42 1493.66
 47208.7 17248.9 9181.49 6192.56 1672.08
 62699 13535 4664.26 2482.75 2126.66
 116244 16650.3 3329.6 1147.4 1133.91
 152787 39526.9 5557.99 1111.45 761.52
 127672 39652.4 9451.56 1329.01 447.858
 89433.3 33913.3 9757.57 2325.82 437.248
 89623.5 19181.9 6408.51 1843.86 522.13
 482923 22841.3 4485.08 1498.42 553.212
 104260 131344 5787.09 1136.34 519.804
 744174 31598.4 38036.6 1675.91 479.612
 428692 225085 9128.02 10987.9 622.678
 330242 119186 58597.1 2376.33 3022.61
 488774 94441.6 32127.8 15795.4 1455.33
 655918 148332 27394.8 9319.33 5003.94
 137937 189145 40397.2 7460.79 3900.85
 407190 43977 58310.5 12453.8 3502.62
 343434 132175 13861.8 18379.9 5029.58
 154331 111328 41592.5 4361.99 7366.4
 345793 51252 36093.6 13484.6 3802.44
 387410 112145 16137 11364.3 5442.94
 114327 127955 36113.9 5196.58 5412.41
 85204.3 38014 41547.1 11726.2 3444.76
 326585 27126.8 11698.9 12786.2 4668.92
pred_Ctot
 12651.7 3471.64 11683.6 691.491 0.0225344
 12531.7 8949.09 1960.65 6598.46 390.541
 12203.6 4531.39 2552.94 559.323 1993.78
 29970.3 6564.72 1924.44 1084.21 1084.28
 8709.08 3720.6 634.725 186.069 209.666
 28127.1 6698.06 2287.89 390.308 243.347
 23496.2 20730.5 3897.52 1331.3 368.717
 1964.61 1302.67 878.598 165.184 72.0498
 6719.63 2962.06 1576.68 1063.41 287.137
 11319 2928.45 1009.16 537.17 460.127
 5598 982.57 196.487 67.7108 66.9147
 29262.8 9055.41 1273.31 254.627 174.46
 23032.6 8573.46 2043.57 287.353 96.834
 24619.6 10997.1 3164.1 754.196 141.787
 17930.8 4583.49 1531.3 440.589 124.762
 81556.7 4632.54 909.638 303.902 112.199
 11794.9 18015.3 793.765 155.862 71.297
 84993.8 4374.78 5266.14 232.029 66.4019
 67714 42778.1 1734.81 2088.27 118.342
 47438.3 20650.7 10152.8 411.731 523.708
 54944.5 12873.2 4379.31 2153.06 198.375
 91409.6 24952 4608.28 1567.68 841.75
 11764.7 19649.7 4196.74 775.08 405.248
 30589.4 4030.76 5344.51 1141.47 321.037
 26066.4 12238.2 1283.48 1701.81 465.694
 9570.1 8440.76 3153.49 330.72 558.51
 26154.2 4729.19 3330.47 1244.27 350.864
 25249.2 8931.93 1285.25 905.123 433.51
 7007.67 9590.51 2706.82 389.496 405.673
 7333.93 3984.98 4355.36 1229.25 361.112
 29628.4 2994.92 1291.61 1411.66 515.469
F
 0.102667 0.126768 0.126768 0.126768 0.126768
 0.18656 0.230356 0.230356 0.230356 0.230356
 0.181709 0.224366 0.224366 0.224366 0.224366
 0.274754 0.339253 0.339253 0.339253 0.339253
 0.0926527 0.114403 0.114403 0.114403 0.114403
 0.18153 0.224144 0.224144 0.224144 0.224144
 0.398948 0.492602 0.492602 0.492602 0.492602
 0.0638572 0.0788478 0.0788478 0.0788478 0.0788478
 0.249299 0.307823 0.307823 0.307823 0.307823
 0.325918 0.402427 0.402427 0.402427 0.402427
 0.0787127 0.0971906 0.0971906 0.0971906 0.0971906
 0.348897 0.430801 0.430801 0.430801 0.430801
 0.325658 0.402107 0.402107 0.402107 0.402107
 0.539525 0.66618 0.66618 0.66618 0.66618
 0.367047 0.453212 0.453212 0.453212 0.453212
 0.302037 0.37294 0.37294 0.37294 0.37294
 0.193782 0.239272 0.239272 0.239272 0.239272
 0.195795 0.241759 0.241759 0.241759 0.241759
 0.280051 0.345793 0.345793 0.345793 0.345793
 0.251846 0.310967 0.310967 0.310967 0.310967
 0.192451 0.23763 0.23763 0.23763 0.23763
 0.243523 0.30069 0.30069 0.30069 0.30069
 0.14313 0.17673 0.17673 0.17673 0.17673
 0.125149 0.154527 0.154527 0.154527 0.154527
 0.126511 0.15621 0.15621 0.15621 0.15621
 0.102344 0.12637 0.12637 0.12637 0.12637
 0.126048 0.155638 0.155638 0.155638 0.155638
 0.107807 0.133115 0.133115 0.133115 0.133115
 0.101112 0.124849 0.124849 0.124849 0.124849
 0.144529 0.178458 0.178458 0.178458 0.178458
 0.152848 0.18873 0.18873 0.18873 0.18873
YTP_r0W_actual
 245916 42228.4 35648.5 48278.7 19227
YTP_p0W_proyectada
 706093 700854 82899.8 45397.2 74559.8
 706093 278114 139307 14175 7989.74
CTP_r0_actual
 29628.4 2994.92 1291.61 1411.66 515.469
CTP_p0_proyectada
 94271.4 44725.9 3584.08 1545.7 2203.95
 94271.4 17748.2 6022.8 482.634 236.173
Wmedp
 7.49 15.67 23.13 29.37 33.83
Frms_r0
 0.152848 0.18873 0.18873 0.18873 0.18873
Zrms_r0
 1.15285 1.18873 1.18873 1.18873 1.18873
nmprior
 8.19 8.8 8.5 0
nm_flota  nm_reclas  nm_pelaces    nm_pelaL
inf 12.2987 18.4421 44.2133
cv_recla  cv_pelaces  cv_mph
0.341226 0.471427 0.881547
 ------------------------------------------------
Talla a la edad & desviaci?n 
 8 13.2811 15.8009 17.003 17.5766
 0.8 1.32811 1.58009 1.7003 1.75766
