years
 1991 1992 1993 1994 1995 1996 1997 1998 1999 2000 2001 2002 2003 2004 2005 2006 2007 2008 2009 2010 2011 2012 2013 2014 2015 2016 2017 2018 2019 2020 2021
reclasobs
 0 0 0 0 0 0 0 0 0 252601 567819 844713 477998 351125 339783 2.1784e+06 2.13404e+06 4.81314e+06 1.55562e+06 2.62356e+06 3.21686e+06 3.843e+06 1.13348e+06 3.07943e+06 1.97215e+06 2.03268e+06 2.025e+06 2.42433e+06 2.27542e+06 1.05018e+06 2.36338e+06
reclaspred
 3.58287e+06 2.46326e+06 1.31735e+06 1.28899e+06 1.51587e+06 2.00496e+06 1.55836e+06 1.43304e+06 1.12461e+06 894140 666970 733876 732661 671631 744133 1.22938e+06 1.77488e+06 2.71322e+06 2.46743e+06 1.9729e+06 3.51418e+06 2.84577e+06 2.76055e+06 3.28461e+06 2.78884e+06 2.65859e+06 2.72288e+06 2.59178e+06 2.8424e+06 1.96032e+06 2.61711e+06
pelacesobs
 0 0 0 0 0 0 0 0 0 0 0 0 0 0 0 552880 188675 0 991730 2.46772e+06 1.41603e+06 1.21717e+06 2.29649e+06 1.80582e+06 0 1.4828e+06 1.56532e+06 1.57751e+06 1.42118e+06 867257 1.10002e+06
pelacespred
 1.44297e+06 1.21104e+06 699425 571531 685176 909321 724598 742152 605581 448616 366928 316734 337115 334765 386608 531407 749179 1.22003e+06 1.22452e+06 933716 1.47109e+06 1.42364e+06 1.31952e+06 1.66239e+06 1.45839e+06 1.32129e+06 1.51511e+06 1.48888e+06 1.31841e+06 1.02123e+06 1.3561e+06
mphobs
 0 0 0 0 0 0 0 0 0 0 0 498337 0 5186 125008 0 168611 109162 213762 579715 649985 157893 87575 83554 0 0 0 0 0 0 0
mphpred
 2.81466e+06 2.55417e+06 1.43145e+06 909428 1.13256e+06 1.33664e+06 1.60566e+06 1.07454e+06 1.05188e+06 845124 553293 587244 546720 516547 466386 660653 1.28165e+06 1.54896e+06 2.16458e+06 1.72252e+06 1.98784e+06 2.56251e+06 2.30501e+06 2.14651e+06 2.64903e+06 2.15062e+06 1.96108e+06 2.02159e+06 2.54637e+06 1.85954e+06 1.39279e+06
desembarqueobs
 494567 514787 250237 358949 120608 361735 552515 73892 212993 205616 52469 317467 293654 387597 252695 516296 358380 742168 942051 627588 828172 859565 418607 520667 417249 300574 415391 372974 316634 284311 391294
desembarquepred
 494649 511451 252533 359333 120787 361939 552778 73955 213192 205771 52526 317959 294016 387579 252707 516455 358526 741483 941722 627314 827666 859225 418547 520923 417290 300547 415922 373099 316728 284468 391592
Reclutas
 249729 111144 156563 298825 254511 335056 133880 105803 88032.1 83251.3 132101 152441 163892 135697 151472 488479 208422 688349 505507 407163 610392 699668 237120 453922 392435 237669 426803 426759 167329 152184 555771
log_desv_Rt
 0.0168596 -0.792686 -0.450056 0.196343 0.0358288 0.310782 -0.606568 -0.841938 -1.02581 -1.08165 -0.619947 -0.476737 -0.404307 -0.593091 -0.483115 0.687782 -0.163951 1.03078 0.722047 0.505698 0.910587 1.04709 -0.0349481 0.61441 0.468856 -0.0326349 0.552808 0.552705 -0.383553 -0.478424 0.816842
SSB
 2.81466e+06 2.55417e+06 1.43145e+06 909428 1.13256e+06 1.33664e+06 1.60566e+06 1.07454e+06 1.05188e+06 845124 553293 587244 546720 516547 466386 660653 1.28165e+06 1.54896e+06 2.16458e+06 1.72252e+06 1.98784e+06 2.56251e+06 2.30501e+06 2.14651e+06 2.64903e+06 2.15062e+06 1.96108e+06 2.02159e+06 2.54637e+06 1.85954e+06 1.39279e+06
BT
 3.97238e+06 3.41508e+06 1.97972e+06 2.03931e+06 1.98161e+06 3.08632e+06 2.33467e+06 2.25494e+06 1.90416e+06 1.40141e+06 1.1195e+06 1.20749e+06 1.3203e+06 1.51479e+06 1.59081e+06 2.29095e+06 2.40522e+06 4.71638e+06 4.55933e+06 3.21944e+06 5.40812e+06 4.89574e+06 3.97724e+06 5.84861e+06 4.27891e+06 3.9936e+06 5.30034e+06 5.07078e+06 3.54129e+06 2.97651e+06 5.11787e+06
Ftot
 0.131054 0.195864 0.181153 0.262208 0.0760195 0.171022 0.330491 0.0493382 0.17937 0.216886 0.0751645 0.402062 0.373793 0.530743 0.318758 0.392353 0.190963 0.257417 0.355794 0.29797 0.222267 0.283285 0.14383 0.150563 0.14198 0.107581 0.145076 0.136822 0.105991 0.137714 0.142274
BD_Bspro_t
 0.97925 0.863207 0.736948 0.677333 0.72197 0.790975 0.770055 0.654879 0.731737 0.721894 0.689245 0.768313 0.645788 0.584498 0.538824 0.609301 0.671833 0.699619 0.715352 0.638341 0.628467 0.679401 0.68681 0.707468 0.771314 0.77644 0.796489 0.815038 0.838127 0.795551 0.769542
BD_Bspro
 1.60362 1.4552 0.815549 0.518134 0.645259 0.761532 0.914803 0.612203 0.599292 0.481498 0.315231 0.334574 0.311486 0.294296 0.265717 0.376398 0.730201 0.882501 1.23324 0.981382 1.13254 1.45996 1.31325 1.22295 1.50925 1.22528 1.1173 1.15177 1.45076 1.05945 0.793525
BD_Bo
 1.24731 1.13187 0.634344 0.403011 0.50189 0.592329 0.711546 0.476179 0.466137 0.374515 0.24519 0.260236 0.242278 0.228907 0.206678 0.292767 0.567959 0.68642 0.959229 0.763331 0.880907 1.13557 1.02146 0.951222 1.17391 0.953041 0.869049 0.895865 1.12842 0.824052 0.617214
BD_Brms
 5.29481 4.80478 2.69278 1.71077 2.13051 2.51442 3.0205 2.02137 1.97874 1.58981 1.04083 1.1047 1.02846 0.971705 0.877344 1.24279 2.41097 2.91384 4.07191 3.24033 3.73943 4.82048 4.33608 4.03792 4.98324 4.04564 3.68909 3.80293 4.79011 3.49808 2.62006
Sel_flota
 0.5 1 1 1 1
 0.5 1 1 1 1
 0.5 1 1 1 1
 0.5 1 1 1 1
 0.5 1 1 1 1
 0.5 1 1 1 1
 0.5 1 1 1 1
 0.5 1 1 1 1
 0.5 1 1 1 1
 0.5 1 1 1 1
 0.5 1 1 1 1
 0.5 1 1 1 1
 0.5 1 1 1 1
 0.5 1 1 1 1
 0.5 1 1 1 1
 0.5 1 1 1 1
 0.5 1 1 1 1
 0.5 1 1 1 1
 0.5 1 1 1 1
 0.5 1 1 1 1
 0.5 1 1 1 1
 0.5 1 1 1 1
 0.5 1 1 1 1
 0.5 1 1 1 1
 0.5 1 1 1 1
 0.5 1 1 1 1
 0.5 1 1 1 1
 0.5 1 1 1 1
 0.5 1 1 1 1
 0.5 1 1 1 1
 0.5 1 1 1 1
Sel_reclas
 0.5 1 1 1 1
 0.5 1 1 1 1
 0.5 1 1 1 1
 0.5 1 1 1 1
 0.5 1 1 1 1
 0.5 1 1 1 1
 0.5 1 1 1 1
 0.5 1 1 1 1
 0.5 1 1 1 1
 0.5 1 1 1 1
 0.5 1 1 1 1
 0.5 1 1 1 1
 0.5 1 1 1 1
 0.5 1 1 1 1
 0.5 1 1 1 1
 0.5 1 1 1 1
 0.5 1 1 1 1
 0.5 1 1 1 1
 0.5 1 1 1 1
 0.5 1 1 1 1
 0.5 1 1 1 1
 0.5 1 1 1 1
 0.5 1 1 1 1
 0.5 1 1 1 1
 0.5 1 1 1 1
 0.5 1 1 1 1
 0.5 1 1 1 1
 0.5 1 1 1 1
 0.5 1 1 1 1
 0.5 1 1 1 1
 0.5 1 1 1 1
Sel_pelaces
 0.5 1 1 1 1
 0.5 1 1 1 1
 0.5 1 1 1 1
 0.5 1 1 1 1
 0.5 1 1 1 1
 0.5 1 1 1 1
 0.5 1 1 1 1
 0.5 1 1 1 1
 0.5 1 1 1 1
 0.5 1 1 1 1
 0.5 1 1 1 1
 0.5 1 1 1 1
 0.5 1 1 1 1
 0.5 1 1 1 1
 0.5 1 1 1 1
 0.5 1 1 1 1
 0.5 1 1 1 1
 0.5 1 1 1 1
 0.5 1 1 1 1
 0.5 1 1 1 1
 0.5 1 1 1 1
 0.5 1 1 1 1
 0.5 1 1 1 1
 0.5 1 1 1 1
 0.5 1 1 1 1
 0.5 1 1 1 1
 0.5 1 1 1 1
 0.5 1 1 1 1
 0.5 1 1 1 1
 0.5 1 1 1 1
 0.5 1 1 1 1
pf_obs 
 0.8446 0.082 0.0669 0.0065 0
 0.8095 0.147 0.0364 0.0071 0
 0.9664 0.0169 0.016 0.0007 0
 0.9276 0.0648 0.0075 0.0001 0
 0.7033 0.2144 0.0806 0.0017 0
 0.9318 0.0425 0.0243 0.0014 0
 0.5671 0.3108 0.0964 0.0239 0.0018
 0.0768 0.2599 0.5324 0.112 0.0189
 0.490249 0.384438 0.106611 0.0170017 0.00170017
 0.7925 0.1577 0.0466 0.003 0.0002
 0.840416 0.127587 0.0312969 0.00059994 9.999e-05
 0.8084 0.0986 0.0794 0.0134 0.0002
 0.7335 0.1905 0.0724 0.0035 0.0001
 0.4001 0.4547 0.1325 0.0127 0
 0.49795 0.308269 0.164784 0.0264974 0.00249975
 0.9179 0.0499 0.0305 0.0017 0
 0.2467 0.6533 0.0926 0.0074 0
 0.9418 0.0223 0.034 0.0019 0
 0.707729 0.231977 0.0356964 0.0245975 0
 0.517169 0.277429 0.184464 0.0207286 0.00020938
 0.811772 0.124168 0.05621 0.00726502 0.000585176
 0.764997 0.148141 0.077277 0.00933861 0.000247198
 0.163321 0.427699 0.378323 0.0303852 0.000271297
 0.753843 0.0900009 0.118128 0.0371064 0.000921714
 0.721811 0.176058 0.0630433 0.0369309 0.00215725
 0.143369 0.312575 0.442814 0.0836902 0.0175525
 0.692698 0.0596174 0.167031 0.0765114 0.00414204
 0.394062 0.376323 0.152708 0.0712218 0.00568511
 0.125707 0.32114 0.495352 0.0537591 0.00404204
 0.23352 0.215282 0.420074 0.123614 0.00750983
 0.774587 0.0839891 0.0768558 0.0609784 0.00358967
pf_pred 
 0.264726 0.727594 0.00512306 0.00254082 1.6172e-05
 0.22342 0.332425 0.439516 0.00309467 0.00154459
 0.453536 0.20701 0.145308 0.192118 0.00202789
 0.655865 0.21906 0.0473804 0.033258 0.0444362
 0.518982 0.38711 0.0597775 0.0129292 0.0212013
 0.569773 0.296054 0.107979 0.0166742 0.00952028
 0.31739 0.502324 0.124061 0.0452486 0.0109767
 0.393433 0.307336 0.2202 0.0543836 0.0246471
 0.40588 0.337603 0.129973 0.0931227 0.0334221
 0.464446 0.316145 0.124677 0.0479989 0.046733
 0.613112 0.251138 0.0801352 0.0316025 0.0240122
 0.573946 0.325572 0.0652257 0.0208127 0.0144443
 0.591508 0.307455 0.0772081 0.015468 0.00836106
 0.534661 0.355643 0.0825637 0.0207334 0.00639905
 0.606145 0.287516 0.0812714 0.0188674 0.0062003
 0.810912 0.145989 0.0314627 0.00889349 0.00274315
 0.399298 0.54434 0.0435157 0.00937826 0.0034686
 0.752496 0.144673 0.0931819 0.00744915 0.00219917
 0.513929 0.421831 0.0375503 0.0241856 0.00250425
 0.493509 0.355481 0.131053 0.011666 0.00829189
 0.627366 0.253612 0.0835355 0.0307965 0.00468996
 0.590507 0.320423 0.0606205 0.0199674 0.00848228
 0.293049 0.536161 0.133641 0.0252834 0.0118657
 0.572155 0.19844 0.173984 0.0433664 0.0120549
 0.489982 0.37567 0.0623121 0.0546329 0.0174029
 0.376048 0.416223 0.15301 0.0253797 0.0293401
 0.595297 0.224365 0.120299 0.0442239 0.0158155
 0.531313 0.353549 0.0638317 0.0342251 0.0170812
 0.29062 0.498295 0.159229 0.0287482 0.0231071
 0.380483 0.283792 0.235826 0.0753578 0.0245413
 0.754461 0.137812 0.0493485 0.0410077 0.0173714
pobs_RECLAS
 0 0 0 0 0
 0 0 0 0 0
 0 0 0 0 0
 0 0 0 0 0
 0 0 0 0 0
 0 0 0 0 0
 0 0 0 0 0
 0 0 0 0 0
 0 0 0 0 0
 0 0 0 0 0
 0.991045 0.00858322 0.000360255 1.14367e-05 0
 0.934742 0.0480273 0.0164251 0.00080598 0
 0.827803 0.169806 0.00239088 0 0
 0.941827 0.0461693 0.0120037 0 0
 0.791401 0.0380133 0.147996 0.0225897 0
 0.846168 0.0940531 0.0597789 0 0
 0.134021 0.677848 0.182769 0.00536245 0
 0.80878 0.0450904 0.141981 0.00414843 0
 0.846168 0.0940531 0.0597789 0 0
 0.905697 0.0802665 0.012482 0.00150086 5.37128e-05
 0.989698 0.0102097 9.19794e-05 0 0
 0.975433 0.0193895 0.00387452 0.00125025 5.28907e-05
 0.303575 0.632131 0.0575291 0.00676475 0
 0.966965 0.00978017 0.0227588 0.000495775 0
 0.843318 0.132988 0.00938335 0.0141283 0.000182051
 0.564624 0.303363 0.111486 0.0197234 0.00080311
 0.826376 0.0876187 0.0782897 0.00655872 0.00115652
 0.89761 0.0855135 0.0140674 0.00269457 0.000114338
 0.34875 0.467042 0.161289 0.0227151 0.000203297
 0.318654 0.224769 0.449479 0.00709798 0
 0.937255 0.0296025 0.0250945 0.00804832 0
ppred_RECLAS
 0.265872 0.72646 0.00511508 0.00253686 1.61468e-05
 0.225013 0.331743 0.438614 0.00308832 0.00154142
 0.455617 0.206221 0.144754 0.191387 0.00202016
 0.658742 0.217229 0.0469843 0.03298 0.0440647
 0.519803 0.38645 0.0596755 0.0129072 0.0211651
 0.571702 0.294726 0.107495 0.0165994 0.00947759
 0.32103 0.499645 0.123399 0.0450073 0.0109182
 0.393933 0.307083 0.220018 0.0543387 0.0246267
 0.407883 0.336464 0.129534 0.0928087 0.0333094
 0.467003 0.314636 0.124081 0.0477697 0.0465098
 0.613882 0.250638 0.0799757 0.0315396 0.0239644
 0.579124 0.321615 0.064433 0.0205598 0.0142687
 0.596191 0.30393 0.076323 0.0152907 0.00826522
 0.542103 0.349955 0.0812432 0.0204018 0.0062967
 0.60997 0.284724 0.0804822 0.0186842 0.00614009
 0.814049 0.143567 0.0309408 0.00874596 0.00269764
 0.401435 0.542403 0.0433608 0.00934489 0.00345625
 0.754818 0.143317 0.092308 0.0073793 0.00217854
 0.518498 0.417866 0.0371974 0.0239583 0.00248071
 0.497214 0.35288 0.130094 0.0115806 0.00823123
 0.629833 0.251933 0.0829824 0.0305926 0.00465892
 0.593881 0.317783 0.060121 0.0198029 0.00841239
 0.294399 0.535137 0.133385 0.0252351 0.011843
 0.573829 0.197663 0.173304 0.0431968 0.0120077
 0.491586 0.374489 0.0621162 0.0544612 0.0173482
 0.377163 0.415478 0.152736 0.0253343 0.0292877
 0.596878 0.223488 0.119829 0.0440511 0.0157537
 0.532848 0.352391 0.0636227 0.0341131 0.0170253
 0.291586 0.497617 0.159013 0.0287091 0.0230756
 0.381947 0.283121 0.235269 0.0751797 0.0244833
 0.75565 0.137144 0.0491095 0.040809 0.0172873
pobs_PELACES
 0 0 0 0 0
 0 0 0 0 0
 0 0 0 0 0
 0 0 0 0 0
 0 0 0 0 0
 0 0 0 0 0
 0 0 0 0 0
 0 0 0 0 0
 0 0 0 0 0
 0 0 0 0 0
 0 0 0 0 0
 0 0 0 0 0
 0 0 0 0 0
 0 0 0 0 0
 0 0 0 0 0
 0 0 0 0 0
 0.505614 0.472636 0.0217494 0 0
 0 0 0 0 0
 0.443492 0.261883 0.143347 0.151278 0
 0.227955 0.32914 0.350689 0.0885471 0.00366901
 0.970185 0.0296113 0.000203453 0 0
 0.997202 0.00247181 0.000326279 0 0
 0.445219 0.490057 0.0546422 0.010081 0
 0.90214 0.0892962 0.00764917 0.000914606 0
 0 0 0 0 0
 0.581667 0.319106 0.0959925 0.00289975 0.000334073
 0.762889 0.0836404 0.116647 0.0363945 0.000428098
 0.88444 0.0763242 0.0277011 0.0115352 0
 0.521256 0.241999 0.230069 0.00667565 0
 0.616807 0.101726 0.260614 0.0208532 0
 0.833518 0.0704572 0.0857862 0.0102388 0
ppred_PELACES
 0.270114 0.722262 0.00508552 0.0025222 1.60535e-05
 0.230699 0.329309 0.435396 0.00306567 0.00153011
 0.46304 0.203409 0.14278 0.188777 0.00199262
 0.6684 0.211081 0.0456546 0.0320466 0.0428176
 0.522933 0.383931 0.0592865 0.012823 0.0210272
 0.578597 0.289981 0.105765 0.0163322 0.00932501
 0.333031 0.490814 0.121218 0.0442118 0.0107252
 0.395878 0.306097 0.219312 0.0541643 0.0245477
 0.41505 0.332392 0.127967 0.0916853 0.0329062
 0.47592 0.309372 0.122005 0.0469705 0.0457317
 0.616817 0.248733 0.0793677 0.0312998 0.0237822
 0.595203 0.309328 0.0619713 0.0197743 0.0137236
 0.610947 0.292824 0.073534 0.014732 0.00796319
 0.563747 0.333413 0.077403 0.0194374 0.00599907
 0.622408 0.275644 0.0779156 0.0180884 0.00594428
 0.82365 0.136154 0.0293433 0.00829439 0.00255836
 0.409029 0.535521 0.0428107 0.00922633 0.0034124
 0.762593 0.138772 0.0893808 0.00714528 0.00210946
 0.533134 0.405164 0.0360667 0.02323 0.0024053
 0.509504 0.344254 0.126914 0.0112976 0.00803003
 0.638342 0.246142 0.081075 0.0298894 0.00455182
 0.605103 0.309001 0.0584597 0.0192557 0.00817993
 0.299353 0.53138 0.132449 0.0250579 0.0117599
 0.579893 0.194851 0.170838 0.0425821 0.0118369
 0.497442 0.370175 0.0614008 0.0538339 0.0171483
 0.381342 0.412691 0.151712 0.0251643 0.0290912
 0.602624 0.220302 0.118121 0.0434232 0.0155291
 0.538463 0.348156 0.062858 0.033703 0.0168206
 0.295211 0.49507 0.158199 0.0285621 0.0229575
 0.387325 0.280658 0.233221 0.0745255 0.0242703
 0.759958 0.134726 0.0482435 0.0400895 0.0169825
pobs_pel_tallas
 0 0 0 0 0 0 0 0 0 0 0 0 0 0 0 0 0 0 0 0 0 0 0 0 0 0
 0 0 0 0 0 0 0 0 0 0 0 0 0 0 0 0 0 0 0 0 0 0 0 0 0 0
 0 0 0 0 0 0 0 0 0 0 0 0 0 0 0 0 0 0 0 0 0 0 0 0 0 0
 0 0 0 0 0 0 0 0 0 0 0 0 0 0 0 0 0 0 0 0 0 0 0 0 0 0
 0 0 0 0 0 0 0 0 0 0 0 0 0 0 0 0 0 0 0 0 0 0 0 0 0 0
 0 0 0 0 0 0 0 0 0 0 0 0 0 0 0 0 0 0 0 0 0 0 0 0 0 0
 0 0 0 0 0 0 0 0 0 0 0 0 0 0 0 0 0 0 0 0 0 0 0 0 0 0
 0 0 0 0 0 0 0 0 0 0 0 0 0 0 0 0 0 0 0 0 0 0 0 0 0 0
 0 0 0 0 0 0 0 0 0 0 0 0 0 0 0 0 0 0 0 0 0 0 0 0 0 0
 0 0 0 0 0 0 0 0 0 0 0 0 0 0 0 0 0 0 0 0 0 0 0 0 0 0
 0 0 0 0 0 0 0 0 0 0 0 0 0 0 0 0 0 0 0 0 0 0 0 0 0 0
 0 0 0 0 0 0 0 0 0 0 0 0 0 0 0 0 0 0 0 0 0 0 0 0 0 0
 0.00862536 0 0 0.000197151 0.00414017 0.0128641 0.00837892 0.0270097 0.101434 0.158115 0.152841 0.127902 0.109271 0.109419 0.0830992 0.0579132 0.0238553 0.00714673 0.00463305 0.00128148 0.00103504 0.000492878 0.000147863 0.000147863 4.92878e-05 0
 0 0 0 0 0 0 0 0 0 0 0 0 0 0 0 0 0 0 0 0 0 0 0 0 0 0
 0 0 0 0 0 0 0 0.0054083 0.00873648 0.0413646 0.0450493 0.0745869 0.0622846 0.0627006 0.0613931 0.0827291 0.12552 0.122667 0.0946155 0.0697135 0.0546179 0.0294188 0.0215738 0.0213955 0.0102223 0.00600262
 0 0 0 0 0.00359764 0.0251062 0.0480494 0.140153 0.205849 0.193036 0.1447 0.116669 0.0760912 0.0342217 0.00950174 0.001854 0.000860785 0 0 0 0.000165536 0 0.000143464 0 0 0
 0 0 0 0 0 0 0 0.000145254 0.000435761 0.0275982 0.070085 0.0708112 0.156366 0.174668 0.174014 0.160142 0.0824315 0.0480064 0.0283245 0.00493863 0.00203355 0 0 0 0 0
 0 0 0 0 0 0 0 0 0 0 0 0 0 0 0 0 0 0 0 0 0 0 0 0 0 0
 0 0 1.00437e-05 0.000401748 0.00122533 0.00171747 0.00176769 0.0269171 0.070346 0.194647 0.189555 0.159765 0.064822 0.0314167 0.0384472 0.0292271 0.0345202 0.0313363 0.0194345 0.0106764 0.0143323 0.0359363 0.0279516 0.0138201 0.00172751 0
 0 0.0021121 0.0136068 0.0755702 0.200478 0.177729 0.0527432 0.0373336 0.0318909 0.0142505 0.0149659 0.0166563 0.0217959 0.0798694 0.0677717 0.0528807 0.04013 0.0224614 0.0357745 0.0225083 0.00881397 0.00855152 0.00135912 0.000746735 0 0
 0 0 0 0 5.4009e-05 0.00500934 0.000945158 0.0243581 0.138947 0.33067 0.221406 0.137944 0.0707744 0.0437923 0.0131692 0.00525238 0.0047753 0.00276346 9.45158e-05 9.00151e-06 2.25038e-05 9.00151e-06 4.50075e-06 0 0 0
 0.000866109 0.00284123 0.00948549 0.0512746 0.133035 0.25785 0.225252 0.132002 0.0553304 0.0519788 0.0540692 0.017754 0.00435017 0.00159236 0.00146478 0.000404838 0.000125132 0.000115318 0.000107957 0.000100596 0 0 0 0 0 0
 0 0 0 0 0.00144013 0.00171154 0.00461396 0.0210425 0.0478622 0.0707936 0.0888783 0.103762 0.0637923 0.0337046 0.0602308 0.124433 0.169614 0.0934646 0.0462172 0.0250306 0.0313229 0.00938855 0.002487 0.000210481 0 0
 0 0.00764035 0.051015 0.0998891 0.058973 0.0496711 0.0374665 0.0718981 0.12319 0.153886 0.159021 0.0857701 0.0377988 0.023471 0.0147837 0.00900784 0.00315554 0.000888139 0.00291439 0.00214683 0.00393193 0.00274676 0.000635225 9.99891e-05 0 0
 0 0 0 0 0 0 0 0 0 0 0 0 0 0 0 0 0 0 0 0 0 0 0 0 0 0
 0 0 0 0 0 0 0 0 0 0 0 0 0 0 0 0 0 0 0 0 0 0 0 0 0 0
 0 0 0 0 0 0 0 0 0 0 0 0 0 0 0 0 0 0 0 0 0 0 0 0 0 0
 0 0 0 0 0 0 0 0 0 0 0 0 0 0 0 0 0 0 0 0 0 0 0 0 0 0
 0 0 0 0 0 0 0 0 0 0 0 0 0 0 0 0 0 0 0 0 0 0 0 0 0 0
 0 0 0 0 0 0 0 0 0 0 0 0 0 0 0 0 0 0 0 0 0 0 0 0 0 0
 0 0 0 0 0 0 0 0 0 0 0 0 0 0 0 0 0 0 0 0 0 0 0 0 0 0
ppred_pel_tallas
 1.00588e-16 2.22491e-05 0.000216269 0.00143719 0.00653328 0.0203278 0.0433132 0.0632314 0.0633009 0.0436525 0.0214667 0.00982052 0.00968086 0.0181866 0.0340754 0.0560998 0.0803459 0.100057 0.108366 0.102113 0.0837899 0.0599848 0.0376249 0.0208798 0.0104825 0.00499115
 1.13216e-16 1.90025e-05 0.000184711 0.00122747 0.00557991 0.0173614 0.0369914 0.0539968 0.0540291 0.0371497 0.0178946 0.00712752 0.00514064 0.00882104 0.0166948 0.0282804 0.042382 0.0566981 0.0687391 0.0771036 0.0819164 0.0840059 0.083667 0.0802542 0.0729371 0.0617981
 1.23442e-16 3.81401e-05 0.000370735 0.00246367 0.0111995 0.0348458 0.0742435 0.108365 0.108385 0.0743406 0.0351726 0.0121465 0.00485327 0.00562975 0.0101537 0.0170693 0.0254158 0.0337704 0.0407582 0.0459019 0.0498843 0.0538662 0.0583851 0.0627459 0.0653523 0.0646438
 1.11832e-16 5.50553e-05 0.000535157 0.00355631 0.0161665 0.0503 0.10717 0.156422 0.156443 0.10727 0.0506347 0.0171337 0.0059865 0.00584823 0.01017 0.0167932 0.0243538 0.0310047 0.0349308 0.0353755 0.0331209 0.0299513 0.0275178 0.0264764 0.0264121 0.0263725
 1.06654e-16 4.30734e-05 0.000418688 0.00278233 0.0126481 0.0393532 0.0838474 0.122386 0.122423 0.0840283 0.0399605 0.0144025 0.00718676 0.0100357 0.0183139 0.030226 0.043581 0.054902 0.0606762 0.0593005 0.052037 0.0421431 0.0328972 0.0260569 0.0216404 0.0187112
 1.06343e-16 4.76583e-05 0.000463256 0.0030785 0.0139944 0.043542 0.0927719 0.135409 0.135437 0.092909 0.0440027 0.0153265 0.00642713 0.00778998 0.0140112 0.0232154 0.0337355 0.0430454 0.0485819 0.0491377 0.0455173 0.0398626 0.0342305 0.0295757 0.0257436 0.0221437
 1.09873e-16 2.74314e-05 0.000266643 0.00177194 0.008055 0.0250624 0.0533997 0.0779484 0.0779958 0.0536314 0.0258404 0.0103035 0.00742042 0.0126125 0.0235194 0.0389576 0.0563983 0.0715204 0.0799265 0.0795922 0.07203 0.0611476 0.0507659 0.0427626 0.0369363 0.0321076
 1.15994e-16 3.2608e-05 0.000316962 0.00210632 0.00957506 0.0297917 0.0634755 0.0926506 0.0926804 0.0636212 0.0302819 0.0109945 0.00568366 0.00817379 0.015094 0.0252693 0.0372615 0.0486771 0.0570628 0.0612638 0.0619734 0.0609405 0.0595305 0.0578732 0.0551484 0.0505212
 1.18542e-16 3.41872e-05 0.000332312 0.00220833 0.0100388 0.0312345 0.0665496 0.0971379 0.0971701 0.066707 0.0317635 0.0115688 0.00605711 0.00876196 0.0161267 0.0268295 0.0391822 0.0504374 0.0578415 0.0602158 0.0586418 0.0555865 0.0531758 0.051994 0.0511526 0.0492519
 1.1605e-16 3.9201e-05 0.000381048 0.0025322 0.011511 0.0358152 0.0763092 0.111382 0.111412 0.0764557 0.0363074 0.0129346 0.00611271 0.00822153 0.0150018 0.024931 0.0363695 0.0467249 0.0533918 0.0552267 0.053204 0.0496305 0.046563 0.0446935 0.0433788 0.041471
 1.09518e-16 5.08065e-05 0.000493857 0.00328186 0.0149189 0.0464182 0.0988998 0.144352 0.144376 0.0990174 0.0468132 0.0160609 0.00615259 0.00677439 0.0120195 0.019899 0.0289204 0.0369277 0.0417638 0.0424648 0.0398151 0.0357391 0.0320314 0.0294331 0.0276094 0.0257663
 1.06173e-16 4.90262e-05 0.000476552 0.00316685 0.0143961 0.0447917 0.0954346 0.139296 0.139326 0.0955804 0.0452816 0.0158114 0.00672121 0.00824148 0.0148132 0.0244573 0.0353363 0.044672 0.0496666 0.0490419 0.043789 0.0364556 0.0295653 0.0244089 0.0209135 0.0183082
 1.05022e-16 5.03229e-05 0.000489157 0.00325062 0.0147769 0.0459765 0.0979588 0.14298 0.143008 0.098097 0.0464406 0.0161182 0.00661999 0.00785299 0.0140605 0.0232305 0.0336126 0.0425899 0.0475196 0.0471729 0.0424342 0.0356306 0.0290636 0.0239057 0.0201111 0.0170504
 1.05284e-16 4.64352e-05 0.000451367 0.00299949 0.0136353 0.0424246 0.0903912 0.131935 0.131968 0.0905485 0.0429529 0.0151618 0.00683373 0.00882971 0.0159825 0.0264119 0.038191 0.0483379 0.0538345 0.05328 0.0476927 0.039749 0.0321043 0.0261252 0.0217762 0.0183369
 1.05139e-16 5.12669e-05 0.000498333 0.0033116 0.0150541 0.0468389 0.0997963 0.145661 0.145688 0.0999264 0.0472761 0.0163177 0.00648669 0.00743995 0.0132651 0.0219286 0.0317712 0.040346 0.0451832 0.045132 0.0410074 0.034954 0.0290698 0.0243894 0.0208249 0.017782
 1.02147e-16 6.7843e-05 0.000659458 0.00438233 0.0199214 0.0619831 0.132062 0.192751 0.192764 0.132126 0.0621987 0.0205446 0.00594733 0.00407869 0.00656991 0.0107759 0.0155681 0.0196863 0.0218924 0.0216152 0.0192767 0.0159815 0.0128279 0.010385 0.00864078 0.00729353
 1.02876e-16 3.36913e-05 0.000327492 0.0021763 0.00989317 0.0307816 0.0655854 0.0957346 0.0957861 0.0658373 0.0316273 0.0123351 0.00830335 0.0136941 0.0253933 0.0418589 0.0601359 0.0752847 0.0822893 0.0788331 0.066692 0.0505616 0.0353012 0.0237232 0.0161909 0.0116201
 1.03689e-16 6.28138e-05 0.000610572 0.00405747 0.0184447 0.0573883 0.122272 0.178463 0.178476 0.122338 0.05761 0.0190864 0.00567359 0.00415579 0.00684614 0.0113495 0.016647 0.0215644 0.0249245 0.0261453 0.0255138 0.0238557 0.0219011 0.0198914 0.0176707 0.0150509
 1.03882e-16 4.39137e-05 0.000426856 0.00283661 0.0128949 0.0401209 0.0854832 0.124773 0.124812 0.0856739 0.040761 0.0147433 0.00747501 0.0105481 0.0192531 0.0317268 0.0456243 0.0572217 0.062758 0.0605149 0.0518534 0.0403085 0.0294909 0.0214178 0.0162329 0.0130043
 1.06243e-16 4.19673e-05 0.000407937 0.00271089 0.0123233 0.0383426 0.0816941 0.119242 0.119275 0.0818569 0.0388895 0.0139045 0.00668582 0.00910449 0.0166146 0.0275472 0.0400185 0.0510296 0.0575204 0.0580337 0.0535006 0.0464509 0.0393383 0.0333422 0.0283563 0.0237685
 1.06171e-16 5.25795e-05 0.000511091 0.00339638 0.0154395 0.0480381 0.102351 0.149389 0.149413 0.102467 0.0484289 0.0165696 0.00623697 0.00672525 0.0118932 0.0196808 0.028587 0.0364596 0.0411338 0.0416101 0.0386101 0.0339902 0.0295132 0.0259622 0.0231298 0.020411
 1.05082e-16 4.98416e-05 0.000484478 0.00321953 0.0146355 0.0455367 0.097022 0.141613 0.141642 0.0971676 0.0460259 0.0160489 0.00676856 0.00823662 0.0147862 0.0244019 0.0352333 0.0444919 0.0493674 0.0485691 0.0430806 0.035454 0.0282344 0.0227514 0.0189805 0.0161983
 1.08462e-16 2.46574e-05 0.000239679 0.00159275 0.00724046 0.022528 0.0480002 0.0700685 0.0701198 0.048251 0.0233703 0.00967426 0.0077064 0.0136007 0.0254433 0.0421381 0.0609658 0.0772245 0.0861131 0.0853922 0.0766595 0.0641381 0.0520151 0.0424417 0.0353674 0.0296845
 1.11254e-16 4.7765e-05 0.000464293 0.00308539 0.0140258 0.0436394 0.0929791 0.13571 0.135729 0.0930721 0.0439525 0.014933 0.00537427 0.00549921 0.00972266 0.0162935 0.0241602 0.0318404 0.0378257 0.0413914 0.0429095 0.0433296 0.0432944 0.0426707 0.0408177 0.037233
 1.10168e-16 4.09737e-05 0.000398279 0.00264671 0.0120316 0.0374348 0.0797602 0.11642 0.116456 0.0799347 0.0380209 0.0137247 0.00689853 0.00968631 0.0176999 0.0292503 0.0422665 0.0534554 0.0595085 0.058961 0.0530801 0.0449822 0.0376944 0.0326676 0.0296158 0.0273651
 1.11931e-16 3.14107e-05 0.000305324 0.00202898 0.00922349 0.0286979 0.0611454 0.0892519 0.0892918 0.0613406 0.0293537 0.0111197 0.0067961 0.0107369 0.0199162 0.0330686 0.0480864 0.061425 0.0694706 0.0705453 0.0658338 0.0584076 0.0511805 0.0454449 0.040861 0.0364366
 1.10448e-16 4.96374e-05 0.000482493 0.00320634 0.0145756 0.0453501 0.096624 0.14103 0.141051 0.0967285 0.0457016 0.0155928 0.00576714 0.0060975 0.0107868 0.0179475 0.0263064 0.0340515 0.0393621 0.0414086 0.0407852 0.0389469 0.0371273 0.0356339 0.0339616 0.0314252
 1.0813e-16 4.43525e-05 0.000431123 0.00286496 0.0130237 0.0405218 0.0863373 0.126019 0.126052 0.0865014 0.041073 0.0146163 0.00686415 0.00916718 0.0166533 0.0275088 0.0397402 0.0502334 0.0558535 0.0551887 0.0493931 0.0413718 0.0339815 0.0286482 0.0252126 0.0226983
 1.11442e-16 2.43163e-05 0.000236363 0.00157072 0.00714028 0.0222163 0.047336 0.0690982 0.0691461 0.0475699 0.0230022 0.00941202 0.00728015 0.0127235 0.0238083 0.0395017 0.0573242 0.0729764 0.0820661 0.082548 0.075867 0.0658052 0.0560199 0.0482462 0.0422287 0.0368523
 1.18384e-16 3.19035e-05 0.000310114 0.00206082 0.00936819 0.0291481 0.062104 0.0906484 0.0906758 0.062238 0.0295987 0.010674 0.00535469 0.00755413 0.0139474 0.0234225 0.0347162 0.0457246 0.0542949 0.059427 0.0617264 0.0626397 0.0631434 0.0630258 0.0612518 0.0569136
 1.08322e-16 6.25968e-05 0.000608463 0.00404345 0.018381 0.05719 0.12185 0.177846 0.177859 0.121914 0.0574044 0.0190008 0.00560263 0.00402295 0.0065798 0.0108662 0.0158594 0.020408 0.0233991 0.024369 0.0237786 0.0226529 0.0218698 0.0216601 0.0216274 0.0211443
pSPR Fmed_Fpbrs
0.741705   0.285572 0.285572
Fs Fmed_Fpbrs
0.188408   1.005 1.005
SSBpbr Bo_Bmed_Bpbrs
2.25658e+06  1.56089e+06  531589 531589
Ro
245553
SPR SPRFo_SPRFmed_SPRFpbrs
1.7552e+06 1.30184e+06 501236
Fref
1.005
Nvult_r0
 365354 35584.3 12742.2 10588.6 4485.46
CTP_r0
 24264 4432.14 1587.09 1318.84 558.678
YTP_r0
391592
Np
 336993 190418 16675.8 5971.38 6545.48
Nvult_p0
 261987 164776 14430.3 5167.27 5664.06
CTP_p0
 87619.8 82593.4 7233.12 2590.08 2839.09
YTP_p0
 2.33235e+06
CBA_c0
973820
log_Ro
12.2313
likeval ReclasPelacesDesembMPH_pf_preclas_ppelaces_ptallas_desvR_qrecl_qpela
 30.4068 18.4768 0.709109 0.00354377 257.61 140.334 105.175 0 16.8693 0 0 3.04796 0 0 0
q_reclas_q_pelaces
1 1
M
1
N
 249729 352539 2482.26 1231.09 7.83574
 111144 86043 113762 801.008 399.793
 156563 37073.3 26023.1 34406.4 363.173
 298825 52608.7 11378.7 7987.12 10671.6
 254511 96423.8 14889.8 3220.49 5280.95
 335056 90137.3 32875.7 5076.66 2898.57
 133880 113158 27947 10193.1 2472.72
 105803 41750.1 29913 7387.73 3348.18
 88032.1 37974.2 14619.6 10474.6 3759.39
 83251.3 29607.2 11676 4495.12 4376.57
 132101 27479 8768.2 3457.87 2627.36
 152441 46804.8 9376.96 2992.07 2076.53
 163892 45867.1 11518.1 2307.57 1247.33
 135697 50014.4 11611 2915.76 899.904
 151472 38284.8 10821.9 2512.33 825.614
 488479 47513.8 10239.9 2894.49 892.791
 208422 147691 11806.7 2544.52 941.102
 688349 69691.8 44887.4 3588.39 1059.38
 505507 222647 19819.5 12765.4 1321.77
 407163 155659 57385.6 5108.33 3630.87
 610392 129054 42508.1 15671.2 2386.55
 699668 200932 38014.2 12521.3 5319.11
 237120 223400 55683.4 10534.7 4944.02
 453922 81178.6 71174.4 17740.5 4931.47
 392435 154879 25689.7 22523.7 7174.75
 237669 134475 49435.2 8199.79 9479.35
 426803 82854.8 44424.9 16331.3 5840.43
 426759 146026 26364.4 14136 7055.03
 167329 146615 46850.6 8458.67 6798.86
 152184 58379.5 48512.3 15502 5048.45
 555771 52260.1 18713.6 15550.7 6587.48
pred_Ctot
 10066.2 27666.8 194.805 96.6147 0.61494
 6606.88 9830.33 12997.2 91.5143 45.676
 8633.81 3940.78 2766.17 3657.29 38.6042
 23459.9 7835.65 1694.77 1189.62 1589.45
 6019.02 4489.6 693.284 149.95 245.887
 17480 9082.59 3312.68 511.544 292.071
 13065.2 20677.9 5106.89 1862.63 451.851
 1632.98 1275.63 913.962 225.724 102.3
 4808.58 3999.68 1539.83 1103.25 395.962
 5456.4 3714.14 1464.72 563.9 549.028
 3089.52 1265.51 403.808 159.247 121
 17838.6 10119 2027.25 646.872 448.936
 17931.9 9320.68 2340.61 468.922 253.471
 20429.1 13588.9 3154.71 792.212 244.504
 14291.1 6778.75 1916.13 444.837 146.184
 55890.3 10062 2168.5 612.964 189.065
 12091.6 16483.8 1317.75 283.995 105.037
 53104.7 10209.8 6575.97 525.697 155.198
 52837.4 43368.7 3860.58 2486.54 257.463
 36061.4 25975.5 9576.21 852.451 605.901
 40953.5 16555.4 5453.06 2010.34 306.153
 59090.2 32063.7 6066.1 1998.07 848.795
 10462.1 19141.5 4771.1 902.64 423.616
 20936.3 7261.29 6366.43 1586.86 441.112
 17098.7 13109.6 2174.48 1906.51 607.302
 7902.49 8746.76 3215.45 533.344 616.572
 18989.5 7157.06 3837.45 1410.71 504.501
 17937.8 11936.3 2155.04 1155.48 576.682
 5483.26 9401.55 3004.25 542.405 435.971
 6437.21 4801.34 3989.82 1274.94 415.202
 24264 4432.14 1587.09 1318.84 558.678
F
 0.065527 0.131054 0.131054 0.131054 0.131054
 0.0979319 0.195864 0.195864 0.195864 0.195864
 0.0905767 0.181153 0.181153 0.181153 0.181153
 0.131104 0.262208 0.262208 0.262208 0.262208
 0.0380098 0.0760195 0.0760195 0.0760195 0.0760195
 0.0855111 0.171022 0.171022 0.171022 0.171022
 0.165246 0.330491 0.330491 0.330491 0.330491
 0.0246691 0.0493382 0.0493382 0.0493382 0.0493382
 0.0896849 0.17937 0.17937 0.17937 0.17937
 0.108443 0.216886 0.216886 0.216886 0.216886
 0.0375823 0.0751645 0.0751645 0.0751645 0.0751645
 0.201031 0.402062 0.402062 0.402062 0.402062
 0.186897 0.373793 0.373793 0.373793 0.373793
 0.265371 0.530743 0.530743 0.530743 0.530743
 0.159379 0.318758 0.318758 0.318758 0.318758
 0.196176 0.392353 0.392353 0.392353 0.392353
 0.0954816 0.190963 0.190963 0.190963 0.190963
 0.128708 0.257417 0.257417 0.257417 0.257417
 0.177897 0.355794 0.355794 0.355794 0.355794
 0.148985 0.29797 0.29797 0.29797 0.29797
 0.111134 0.222267 0.222267 0.222267 0.222267
 0.141643 0.283285 0.283285 0.283285 0.283285
 0.071915 0.14383 0.14383 0.14383 0.14383
 0.0752814 0.150563 0.150563 0.150563 0.150563
 0.0709901 0.14198 0.14198 0.14198 0.14198
 0.0537907 0.107581 0.107581 0.107581 0.107581
 0.0725378 0.145076 0.145076 0.145076 0.145076
 0.068411 0.136822 0.136822 0.136822 0.136822
 0.0529957 0.105991 0.105991 0.105991 0.105991
 0.068857 0.137714 0.137714 0.137714 0.137714
 0.0711369 0.142274 0.142274 0.142274 0.142274
YTP_r0W_actual
 206244 72243.8 45866.8 45895.6 21341.5
YTP_p0W_proyectada
 658901 1.33141e+06 169110 76407.3 96529.1
CTP_r0_actual
 24264 4432.14 1587.09 1318.84 558.678
CTP_p0_proyectada
 87619.8 82593.4 7233.12 2590.08 2839.09
Wmedp
 7.52 16.12 23.38 29.5 34
Frms_r0
 0.0711369 0.142274 0.142274 0.142274 0.142274
Zrms_r0
 1.07114 1.14227 1.14227 1.14227 1.14227
nmprior
 8.19 8.8 8.5 0
nm_flota  nm_reclas  nm_pelaces    nm_pelaL
inf 6.82867 8.11079 15.1979
cv_recla  cv_pelaces  cv_mph
0.498781 0.4874 1.83712
 ------------------------------------------------
Talla a la edad & desviaci?n 
 8 13.2811 15.8009 17.003 17.5766
 0.8 1.32811 1.58009 1.7003 1.75766
