years
 1991 1992 1993 1994 1995 1996 1997 1998 1999 2000 2001 2002 2003 2004 2005 2006 2007 2008 2009 2010 2011 2012 2013 2014 2015 2016 2017 2018 2019 2020 2021
reclasobs
 0 0 0 0 0 0 0 0 0 252601 567819 844713 477998 351125 339783 2.1784e+06 2.13404e+06 4.81314e+06 1.55562e+06 2.62356e+06 3.21686e+06 3.843e+06 1.13348e+06 3.07943e+06 1.97215e+06 2.03268e+06 2.025e+06 2.42433e+06 2.27542e+06 1.05018e+06 2.36338e+06
reclaspred
 3.21273e+06 1.69953e+06 859782 837933 824687 1.91814e+06 955055 760581 514751 300250 503130 746111 738669 520540 472439 1.47102e+06 1.11952e+06 3.53732e+06 2.69406e+06 1.85346e+06 3.17602e+06 2.65505e+06 1.8207e+06 3.10774e+06 2.21567e+06 1.88061e+06 2.3889e+06 2.71772e+06 2.01909e+06 1.0908e+06 1.7873e+06
pelacesobs
 0 0 0 0 0 0 0 0 0 0 0 0 0 0 0 552880 188675 0 991730 2.46772e+06 1.41603e+06 1.21717e+06 2.29649e+06 1.80582e+06 0 1.4828e+06 1.56532e+06 1.57751e+06 1.42118e+06 867257 1.10002e+06
pelacespred
 2.06582e+06 1.14702e+06 540331 385054 450780 1.02248e+06 478630 524610 298030 142052 269740 336943 377827 251692 229750 611183 563511 1.85962e+06 1.54589e+06 963447 1.64059e+06 1.40361e+06 1.10697e+06 1.89682e+06 1.40389e+06 1.2187e+06 1.6106e+06 1.79946e+06 1.30523e+06 763714 1.03732e+06
mphobs
 0 0 0 0 0 0 0 0 0 0 0 498337 0 5186 125008 0 168611 109162 213762 579715 649985 157893 87575 83554 0 0 0 0 0 0 0
mphpred
 506197 334479 152554 85517.1 83782.1 106143 193061 87053.8 74731.7 39627 20938.3 61934.8 68566 54234.3 29163 35457.8 159275 119325 358269 229175 228649 284666 278819 199475 319296 252868 196241 225461 345988 203735 99671.5
desembarqueobs
 494567 514787 250237 358949 120608 361735 552515 73892 212993 205616 52469 317467 293654 387597 252695 516296 358380 742168 942051 627588 828172 859565 418607 520667 417249 300574 415391 372974 316634 284311 391294
desembarquepred
 494551 514277 250346 358962 120609 361696 552388 73895.4 213028 205643 52470.1 317466 293614 387405 252609 516127 358394 741885 941480 627145 828191 859355 418556 520649 417178 300540 415336 372893 316573 284274 391265
Reclutas
 147647 87689 86352.8 104884 83714.7 209272 67286.2 25180.5 28164.6 38264.8 67247.6 114310 95107 67721.2 54744.8 300051 51378.9 508031 275773 218021 291067 419072 67644.8 222511 181797 76294.3 183001 209274 56331.6 39974.1 168499
log_desv_Rt
 0.296927 -0.224099 -0.239453 -0.0450427 -0.27048 0.645738 -0.488939 -1.47183 -1.35983 -1.05336 -0.489514 0.0410231 -0.142893 -0.482495 -0.695213 1.00606 -0.758667 1.53265 0.921683 0.686695 0.97566 1.34015 -0.483625 0.707081 0.504994 -0.363296 0.511596 0.645751 -0.666639 -1.00966 0.429037
SSB
 1.28614e+06 849840 387608 217281 212873 269688 490527 221185 189877 100684 53199.7 157363 174212 137798 74097 90090.7 404685 303178 910285 582286 580949 723275 708421 506824 811263 642483 498606 572848 879083 517648 253244
BT
 1.94281e+06 1.35178e+06 638415 621729 472691 1.26203e+06 860568 502808 459989 320689 300632 570105 607085 635953 473647 1.02273e+06 737710 2.47172e+06 2.22566e+06 1.35981e+06 2.17774e+06 2.00363e+06 1.24118e+06 2.23807e+06 1.52559e+06 1.25418e+06 1.889e+06 2.00729e+06 1.25297e+06 856882 1.35306e+06
Ftot
 0.321609 0.604729 0.600547 0.958154 0.338113 0.47918 1.11884 0.217466 0.908094 1.45571 0.283592 0.997633 0.922406 1.6473 1.31842 0.948495 0.670157 0.562065 0.775239 0.769229 0.620482 0.759772 0.479885 0.423131 0.419446 0.348259 0.430633 0.347183 0.31654 0.532166 0.569119
BD_Bspro_t
 0.950169 0.686654 0.438146 0.335858 0.310333 0.415029 0.482303 0.265751 0.302219 0.221336 0.169261 0.4561 0.34693 0.257652 0.152509 0.18242 0.379759 0.306333 0.494686 0.359283 0.316891 0.3631 0.383485 0.341941 0.48592 0.488464 0.484049 0.548316 0.628939 0.507071 0.380543
BD_Bspro
 1.64235 1.08521 0.49496 0.277459 0.271829 0.34438 0.626383 0.282444 0.242466 0.128569 0.0679338 0.200946 0.222461 0.175962 0.0946188 0.115042 0.516766 0.387146 1.1624 0.743555 0.741848 0.923593 0.904624 0.647194 1.03595 0.820424 0.6367 0.731503 1.12255 0.661015 0.323382
BD_Bo
 1.02614 0.678038 0.30925 0.173356 0.169839 0.215168 0.391363 0.176471 0.151492 0.0803298 0.0424449 0.125551 0.138993 0.109941 0.0591177 0.0718781 0.322874 0.241888 0.726263 0.464572 0.463505 0.577059 0.565207 0.404365 0.647259 0.5126 0.397809 0.457042 0.701369 0.413001 0.202049
BD_Brms
 1.8657 1.2328 0.562272 0.315192 0.308797 0.391215 0.711569 0.320856 0.27544 0.146054 0.0771726 0.228274 0.252715 0.199893 0.107487 0.130687 0.587044 0.439797 1.32048 0.844676 0.842737 1.0492 1.02765 0.73521 1.17683 0.931999 0.723289 0.830985 1.27522 0.750911 0.367361
Sel_flota
 0.631392 0.97019 0.998385 0.999915 0.999996
 0.631392 0.97019 0.998385 0.999915 0.999996
 0.631392 0.97019 0.998385 0.999915 0.999996
 0.631392 0.97019 0.998385 0.999915 0.999996
 0.631392 0.97019 0.998385 0.999915 0.999996
 0.631392 0.97019 0.998385 0.999915 0.999996
 0.631392 0.97019 0.998385 0.999915 0.999996
 0.631392 0.97019 0.998385 0.999915 0.999996
 0.631392 0.97019 0.998385 0.999915 0.999996
 0.631392 0.97019 0.998385 0.999915 0.999996
 0.631392 0.97019 0.998385 0.999915 0.999996
 0.631392 0.97019 0.998385 0.999915 0.999996
 0.631392 0.97019 0.998385 0.999915 0.999996
 0.631392 0.97019 0.998385 0.999915 0.999996
 0.631392 0.97019 0.998385 0.999915 0.999996
 0.631392 0.97019 0.998385 0.999915 0.999996
 0.631392 0.97019 0.998385 0.999915 0.999996
 0.631392 0.97019 0.998385 0.999915 0.999996
 0.631392 0.97019 0.998385 0.999915 0.999996
 0.631392 0.97019 0.998385 0.999915 0.999996
 0.631392 0.97019 0.998385 0.999915 0.999996
 0.631392 0.97019 0.998385 0.999915 0.999996
 0.631392 0.97019 0.998385 0.999915 0.999996
 0.631392 0.97019 0.998385 0.999915 0.999996
 0.631392 0.97019 0.998385 0.999915 0.999996
 0.631392 0.97019 0.998385 0.999915 0.999996
 0.631392 0.97019 0.998385 0.999915 0.999996
 0.631392 0.97019 0.998385 0.999915 0.999996
 0.631392 0.97019 0.998385 0.999915 0.999996
 0.631392 0.97019 0.998385 0.999915 0.999996
 0.631392 0.97019 0.998385 0.999915 0.999996
Sel_reclas
 1 1 1 1 1
 1 1 1 1 1
 1 1 1 1 1
 1 1 1 1 1
 1 1 1 1 1
 1 1 1 1 1
 1 1 1 1 1
 1 1 1 1 1
 1 1 1 1 1
 1 1 1 1 1
 1 1 1 1 1
 1 1 1 1 1
 1 1 1 1 1
 1 1 1 1 1
 1 1 1 1 1
 1 1 1 1 1
 1 1 1 1 1
 1 1 1 1 1
 1 1 1 1 1
 1 1 1 1 1
 1 1 1 1 1
 1 1 1 1 1
 1 1 1 1 1
 1 1 1 1 1
 1 1 1 1 1
 1 1 1 1 1
 1 1 1 1 1
 1 1 1 1 1
 1 1 1 1 1
 1 1 1 1 1
 1 1 1 1 1
Sel_pelaces
 0.645474 0.901601 0.978774 0.995709 0.999145
 0.645474 0.901601 0.978774 0.995709 0.999145
 0.645474 0.901601 0.978774 0.995709 0.999145
 0.645474 0.901601 0.978774 0.995709 0.999145
 0.645474 0.901601 0.978774 0.995709 0.999145
 0.645474 0.901601 0.978774 0.995709 0.999145
 0.645474 0.901601 0.978774 0.995709 0.999145
 0.645474 0.901601 0.978774 0.995709 0.999145
 0.645474 0.901601 0.978774 0.995709 0.999145
 0.645474 0.901601 0.978774 0.995709 0.999145
 0.645474 0.901601 0.978774 0.995709 0.999145
 0.645474 0.901601 0.978774 0.995709 0.999145
 0.645474 0.901601 0.978774 0.995709 0.999145
 0.645474 0.901601 0.978774 0.995709 0.999145
 0.645474 0.901601 0.978774 0.995709 0.999145
 0.645474 0.901601 0.978774 0.995709 0.999145
 0.645474 0.901601 0.978774 0.995709 0.999145
 0.645474 0.901601 0.978774 0.995709 0.999145
 0.645474 0.901601 0.978774 0.995709 0.999145
 0.645474 0.901601 0.978774 0.995709 0.999145
 0.645474 0.901601 0.978774 0.995709 0.999145
 0.645474 0.901601 0.978774 0.995709 0.999145
 0.645474 0.901601 0.978774 0.995709 0.999145
 0.645474 0.901601 0.978774 0.995709 0.999145
 0.645474 0.901601 0.978774 0.995709 0.999145
 0.645474 0.901601 0.978774 0.995709 0.999145
 0.645474 0.901601 0.978774 0.995709 0.999145
 0.645474 0.901601 0.978774 0.995709 0.999145
 0.645474 0.901601 0.978774 0.995709 0.999145
 0.645474 0.901601 0.978774 0.995709 0.999145
 0.645474 0.901601 0.978774 0.995709 0.999145
pf_obs 
 0.8446 0.082 0.0669 0.0065 0
 0.8095 0.147 0.0364 0.0071 0
 0.9664 0.0169 0.016 0.0007 0
 0.9276 0.0648 0.0075 0.0001 0
 0.7033 0.2144 0.0806 0.0017 0
 0.9318 0.0425 0.0243 0.0014 0
 0.5671 0.3108 0.0964 0.0239 0.0018
 0.0768 0.2599 0.5324 0.112 0.0189
 0.490249 0.384438 0.106611 0.0170017 0.00170017
 0.7925 0.1577 0.0466 0.003 0.0002
 0.840416 0.127587 0.0312969 0.00059994 9.999e-05
 0.8084 0.0986 0.0794 0.0134 0.0002
 0.7335 0.1905 0.0724 0.0035 0.0001
 0.4001 0.4547 0.1325 0.0127 0
 0.49795 0.308269 0.164784 0.0264974 0.00249975
 0.9179 0.0499 0.0305 0.0017 0
 0.2467 0.6533 0.0926 0.0074 0
 0.9418 0.0223 0.034 0.0019 0
 0.707729 0.231977 0.0356964 0.0245975 0
 0.517169 0.277429 0.184464 0.0207286 0.00020938
 0.811772 0.124168 0.05621 0.00726502 0.000585176
 0.764997 0.148141 0.077277 0.00933861 0.000247198
 0.163321 0.427699 0.378323 0.0303852 0.000271297
 0.753843 0.0900009 0.118128 0.0371064 0.000921714
 0.721811 0.176058 0.0630433 0.0369309 0.00215725
 0.143369 0.312575 0.442814 0.0836902 0.0175525
 0.692698 0.0596174 0.167031 0.0765114 0.00414204
 0.394062 0.376323 0.152708 0.0712218 0.00568511
 0.125707 0.32114 0.495352 0.0537591 0.00404204
 0.23352 0.215282 0.420074 0.123614 0.00750983
 0.796117 0.104755 0.0508955 0.0450114 0.00322123
pf_pred 
 0.524129 0.163853 0.287405 0.024612 9.49672e-07
 0.472475 0.339518 0.0661472 0.112263 0.00959707
 0.626302 0.22711 0.0956651 0.0179403 0.0329826
 0.724197 0.205245 0.0435336 0.0176495 0.00937495
 0.692053 0.255758 0.0392885 0.00796705 0.00493355
 0.820555 0.140727 0.0323375 0.00480538 0.00157501
 0.43755 0.497656 0.051208 0.0113504 0.00223512
 0.453211 0.327861 0.194775 0.0190993 0.00505383
 0.590932 0.232839 0.106996 0.0616067 0.00762663
 0.785853 0.156428 0.0334937 0.0147224 0.00950345
 0.877674 0.108355 0.0103591 0.0020985 0.00151321
 0.788774 0.194331 0.0150211 0.0013902 0.00048383
 0.730331 0.236031 0.03106 0.0022928 0.000285331
 0.692513 0.256527 0.0448495 0.00564339 0.000467295
 0.797028 0.16924 0.0284185 0.00467852 0.00063537
 0.956993 0.0382374 0.00401123 0.000638938 0.000119132
 0.36963 0.615466 0.0133167 0.0013356 0.000251796
 0.93538 0.0325604 0.0313307 0.000651716 7.75208e-05
 0.592035 0.392247 0.0080671 0.00747718 0.000173683
 0.644302 0.25636 0.0956641 0.00188744 0.00178605
 0.760645 0.182959 0.0411124 0.0147204 0.000563973
 0.778197 0.187668 0.0263302 0.00569296 0.00211208
 0.297469 0.60536 0.0827351 0.0111407 0.00329504
 0.775077 0.0930077 0.114229 0.0150637 0.00262324
 0.629718 0.315474 0.0231293 0.027438 0.00424049
 0.427456 0.421627 0.129249 0.00915393 0.012514
 0.754201 0.134743 0.0825009 0.0244611 0.00409322
 0.699362 0.251405 0.0274181 0.0162136 0.00560115
 0.328339 0.530643 0.118575 0.0125086 0.0099343
 0.420099 0.255648 0.257939 0.055776 0.0105378
 0.861525 0.0766889 0.027806 0.027042 0.00693844
pobs_RECLAS
 0 0 0 0 0
 0 0 0 0 0
 0 0 0 0 0
 0 0 0 0 0
 0 0 0 0 0
 0 0 0 0 0
 0 0 0 0 0
 0 0 0 0 0
 0 0 0 0 0
 0 0 0 0 0
 0.991045 0.00858322 0.000360255 1.14367e-05 0
 0.934742 0.0480273 0.0164251 0.00080598 0
 0.827803 0.169806 0.00239088 0 0
 0.941827 0.0461693 0.0120037 0 0
 0.791401 0.0380133 0.147996 0.0225897 0
 0.846168 0.0940531 0.0597789 0 0
 0.134021 0.677848 0.182769 0.00536245 0
 0.80878 0.0450904 0.141981 0.00414843 0
 0.846168 0.0940531 0.0597789 0 0
 0.905697 0.0802665 0.012482 0.00150086 5.37128e-05
 0.989698 0.0102097 9.19794e-05 0 0
 0.975433 0.0193895 0.00387452 0.00125025 5.28907e-05
 0.303575 0.632131 0.0575291 0.00676475 0
 0.966965 0.00978017 0.0227588 0.000495775 0
 0.843318 0.132988 0.00938335 0.0141283 0.000182051
 0.564624 0.303363 0.111486 0.0197234 0.00080311
 0.826376 0.0876187 0.0782897 0.00655872 0.00115652
 0.89761 0.0855135 0.0140674 0.00269457 0.000114338
 0.34875 0.467042 0.161289 0.0227151 0.000203297
 0.318654 0.224769 0.449479 0.00709798 0
 0.937255 0.0296025 0.0250945 0.00804832 0
ppred_RECLAS
 0.635685 0.127899 0.217794 0.0186213 7.18458e-07
 0.587844 0.268268 0.0506793 0.0858695 0.00734012
 0.727581 0.167591 0.0684528 0.012816 0.0235597
 0.809824 0.142725 0.0292968 0.0118567 0.00629741
 0.778362 0.185005 0.0275887 0.00558565 0.00345859
 0.878076 0.0962415 0.0214563 0.00318327 0.00104326
 0.55944 0.391323 0.0389281 0.00861292 0.00169589
 0.56478 0.264029 0.152331 0.014914 0.00394604
 0.701352 0.17241 0.0766966 0.044084 0.0054569
 0.860832 0.102665 0.0211997 0.00930037 0.00600288
 0.917822 0.0730385 0.00677994 0.00137128 0.000988735
 0.857886 0.131089 0.00980368 0.000905723 0.000315188
 0.813516 0.163879 0.0208747 0.00153825 0.000191412
 0.793615 0.173252 0.0291669 0.00366262 0.000303247
 0.86701 0.111535 0.0180808 0.00297101 0.00040344
 0.972892 0.0241888 0.00245583 0.000390497 7.28025e-05
 0.481127 0.506974 0.0106329 0.00106465 0.000200697
 0.958486 0.021236 0.0198177 0.000411557 4.895e-05
 0.697873 0.290846 0.00579498 0.0053621 0.000124542
 0.743847 0.18624 0.0673313 0.00132618 0.00125484
 0.83457 0.127378 0.027752 0.00992021 0.000380034
 0.848477 0.128829 0.0175123 0.00378 0.00140225
 0.399519 0.519584 0.068896 0.00926219 0.0027392
 0.845524 0.0650124 0.0774853 0.0102018 0.00177643
 0.727199 0.233474 0.0166116 0.0196746 0.0030404
 0.539263 0.34195 0.101756 0.00719527 0.0098356
 0.829238 0.0948957 0.0563833 0.0166906 0.00279269
 0.784307 0.18126 0.0191895 0.0113296 0.0039136
 0.433145 0.450624 0.0977578 0.0102963 0.00817658
 0.536198 0.207996 0.203559 0.0439453 0.00830192
 0.90839 0.0514475 0.0180908 0.0175649 0.00450641
pobs_PELACES
 0 0 0 0 0
 0 0 0 0 0
 0 0 0 0 0
 0 0 0 0 0
 0 0 0 0 0
 0 0 0 0 0
 0 0 0 0 0
 0 0 0 0 0
 0 0 0 0 0
 0 0 0 0 0
 0 0 0 0 0
 0 0 0 0 0
 0 0 0 0 0
 0 0 0 0 0
 0 0 0 0 0
 0 0 0 0 0
 0.505614 0.472636 0.0217494 0 0
 0 0 0 0 0
 0.443492 0.261883 0.143347 0.151278 0
 0.227955 0.32914 0.350689 0.0885471 0.00366901
 0.970185 0.0296113 0.000203453 0 0
 0.997202 0.00247181 0.000326279 0 0
 0.445219 0.490057 0.0546422 0.010081 0
 0.90214 0.0892962 0.00764917 0.000914606 0
 0 0 0 0 0
 0.581667 0.319106 0.0959925 0.00289975 0.000334073
 0.762889 0.0836404 0.116647 0.0363945 0.000428098
 0.88444 0.0763242 0.0277011 0.0115352 0
 0.521256 0.241999 0.230069 0.00667565 0
 0.616807 0.101726 0.260614 0.0208532 0
 0.833518 0.0704572 0.0857862 0.0102388 0
ppred_PELACES
 0.551193 0.149434 0.27542 0.0239519 9.27306e-07
 0.514249 0.306374 0.0624797 0.107663 0.0092346
 0.664296 0.199851 0.0881229 0.016779 0.0309509
 0.768741 0.17002 0.0375507 0.0154527 0.00823539
 0.720202 0.230237 0.0371556 0.00765143 0.00475401
 0.842399 0.122241 0.0294539 0.00444432 0.00146155
 0.505271 0.435629 0.0465576 0.0104733 0.00206925
 0.479416 0.305535 0.19098 0.0190194 0.00504959
 0.642516 0.199322 0.0954477 0.0557855 0.00692901
 0.836206 0.118378 0.0261797 0.0116752 0.0075614
 0.89099 0.0959472 0.00964336 0.00198388 0.00143537
 0.827668 0.158012 0.0127101 0.00119395 0.000416912
 0.774271 0.196516 0.0269423 0.00201878 0.000252068
 0.76593 0.194271 0.0349649 0.00446294 0.000370768
 0.842365 0.130619 0.0227066 0.00379316 0.00051684
 0.965902 0.0301692 0.00329596 0.000532898 9.96915e-05
 0.416626 0.568942 0.0128734 0.00131084 0.000247955
 0.944248 0.027442 0.0276564 0.000584115 6.97124e-05
 0.642549 0.342994 0.00736564 0.00693064 0.000161526
 0.689258 0.221186 0.0861907 0.00172635 0.00163908
 0.791557 0.157442 0.0370239 0.0134593 0.000517385
 0.811717 0.158133 0.0231713 0.00508607 0.00189323
 0.331988 0.571578 0.081911 0.0111997 0.0033236
 0.796669 0.0816091 0.105177 0.0140843 0.00246091
 0.663726 0.284017 0.0218519 0.0263233 0.00408186
 0.460193 0.392038 0.126236 0.00907918 0.0124535
 0.778447 0.118583 0.0761824 0.0229367 0.00385099
 0.727345 0.225858 0.0258738 0.0155377 0.00538566
 0.35773 0.501767 0.117822 0.0126223 0.0100582
 0.456363 0.23299 0.246314 0.054081 0.0102518
 0.879184 0.0652639 0.0247819 0.0244708 0.00629974
pobs_pel_tallas
 0 0 0 0 0 0 0 0 0 0 0 0 0 0 0 0 0 0 0 0 0 0 0 0 0 0
 0 0 0 0 0 0 0 0 0 0 0 0 0 0 0 0 0 0 0 0 0 0 0 0 0 0
 0 0 0 0 0 0 0 0 0 0 0 0 0 0 0 0 0 0 0 0 0 0 0 0 0 0
 0 0 0 0 0 0 0 0 0 0 0 0 0 0 0 0 0 0 0 0 0 0 0 0 0 0
 0 0 0 0 0 0 0 0 0 0 0 0 0 0 0 0 0 0 0 0 0 0 0 0 0 0
 0 0 0 0 0 0 0 0 0 0 0 0 0 0 0 0 0 0 0 0 0 0 0 0 0 0
 0 0 0 0 0 0 0 0 0 0 0 0 0 0 0 0 0 0 0 0 0 0 0 0 0 0
 0 0 0 0 0 0 0 0 0 0 0 0 0 0 0 0 0 0 0 0 0 0 0 0 0 0
 0 0 0 0 0 0 0 0 0 0 0 0 0 0 0 0 0 0 0 0 0 0 0 0 0 0
 0 0 0 0 0 0 0 0 0 0 0 0 0 0 0 0 0 0 0 0 0 0 0 0 0 0
 0 0 0 0 0 0 0 0 0 0 0 0 0 0 0 0 0 0 0 0 0 0 0 0 0 0
 0 0 0 0 0 0 0 0 0 0 0 0 0 0 0 0 0 0 0 0 0 0 0 0 0 0
 0.00862536 0 0 0.000197151 0.00414017 0.0128641 0.00837892 0.0270097 0.101434 0.158115 0.152841 0.127902 0.109271 0.109419 0.0830992 0.0579132 0.0238553 0.00714673 0.00463305 0.00128148 0.00103504 0.000492878 0.000147863 0.000147863 4.92878e-05 0
 0 0 0 0 0 0 0 0 0 0 0 0 0 0 0 0 0 0 0 0 0 0 0 0 0 0
 0 0 0 0 0 0 0 0.0054083 0.00873648 0.0413646 0.0450493 0.0745869 0.0622846 0.0627006 0.0613931 0.0827291 0.12552 0.122667 0.0946155 0.0697135 0.0546179 0.0294188 0.0215738 0.0213955 0.0102223 0.00600262
 0 0 0 0 0.00359764 0.0251062 0.0480494 0.140153 0.205849 0.193036 0.1447 0.116669 0.0760912 0.0342217 0.00950174 0.001854 0.000860785 0 0 0 0.000165536 0 0.000143464 0 0 0
 0 0 0 0 0 0 0 0.000145254 0.000435761 0.0275982 0.070085 0.0708112 0.156366 0.174668 0.174014 0.160142 0.0824315 0.0480064 0.0283245 0.00493863 0.00203355 0 0 0 0 0
 0 0 0 0 0 0 0 0 0 0 0 0 0 0 0 0 0 0 0 0 0 0 0 0 0 0
 0 0 1.00437e-05 0.000401748 0.00122533 0.00171747 0.00176769 0.0269171 0.070346 0.194647 0.189555 0.159765 0.064822 0.0314167 0.0384472 0.0292271 0.0345202 0.0313363 0.0194345 0.0106764 0.0143323 0.0359363 0.0279516 0.0138201 0.00172751 0
 0 0.0021121 0.0136068 0.0755702 0.200478 0.177729 0.0527432 0.0373336 0.0318909 0.0142505 0.0149659 0.0166563 0.0217959 0.0798694 0.0677717 0.0528807 0.04013 0.0224614 0.0357745 0.0225083 0.00881397 0.00855152 0.00135912 0.000746735 0 0
 0 0 0 0 5.4009e-05 0.00500934 0.000945158 0.0243581 0.138947 0.33067 0.221406 0.137944 0.0707744 0.0437923 0.0131692 0.00525238 0.0047753 0.00276346 9.45158e-05 9.00151e-06 2.25038e-05 9.00151e-06 4.50075e-06 0 0 0
 0.000866109 0.00284123 0.00948549 0.0512746 0.133035 0.25785 0.225252 0.132002 0.0553304 0.0519788 0.0540692 0.017754 0.00435017 0.00159236 0.00146478 0.000404838 0.000125132 0.000115318 0.000107957 0.000100596 0 0 0 0 0 0
 0 0 0 0 0.00144013 0.00171154 0.00461396 0.0210425 0.0478622 0.0707936 0.0888783 0.103762 0.0637923 0.0337046 0.0602308 0.124433 0.169614 0.0934646 0.0462172 0.0250306 0.0313229 0.00938855 0.002487 0.000210481 0 0
 0 0.00764035 0.051015 0.0998891 0.058973 0.0496711 0.0374665 0.0718981 0.12319 0.153886 0.159021 0.0857701 0.0377988 0.023471 0.0147837 0.00900784 0.00315554 0.000888139 0.00291439 0.00214683 0.00393193 0.00274676 0.000635225 9.99891e-05 0 0
 0 0 0 0 0 0 0 0 0 0 0 0 0 0 0 0 0 0 0 0 0 0 0 0 0 0
 0 0 0 0 0 0 0 0 0 0 0 0 0 0 0 0 0 0 0 0 0 0 0 0 0 0
 0 0 0 0 0 0 0 0 0 0 0 0 0 0 0 0 0 0 0 0 0 0 0 0 0 0
 0 0 0 0 0 0 0 0 0 0 0 0 0 0 0 0 0 0 0 0 0 0 0 0 0 0
 0 0 0 0 0 0 0 0 0 0 0 0 0 0 0 0 0 0 0 0 0 0 0 0 0 0
 0 0 0 0 0 0 0 0 0 0 0 0 0 0 0 0 0 0 0 0 0 0 0 0 0 0
 0 0 0 0 0 0 0 0 0 0 0 0 0 0 0 0 0 0 0 0 0 0 0 0 0 0
ppred_pel_tallas
 1.10389e-16 4.54011e-05 0.000441315 0.00293269 0.0133316 0.0414796 0.0883773 0.128992 0.129007 0.0884498 0.0417243 0.0140433 0.0047382 0.00444607 0.00783639 0.0133655 0.02037 0.0279457 0.0351158 0.041296 0.0463953 0.0503983 0.0528674 0.0529323 0.0498457 0.0436226
 1.14242e-16 4.2358e-05 0.000411735 0.00273613 0.0124381 0.0386996 0.0824546 0.120351 0.120381 0.0825992 0.0391854 0.0138424 0.00626489 0.00812794 0.0147365 0.024405 0.0354257 0.0451656 0.0510121 0.0518758 0.0488693 0.0445084 0.0410605 0.0393256 0.0385926 0.0374888
 1.09515e-16 5.47172e-05 0.000531871 0.00353447 0.0160672 0.0499911 0.106512 0.155462 0.155481 0.106607 0.0503093 0.0169875 0.00584958 0.00560264 0.00973495 0.0161392 0.0235566 0.0302892 0.0346431 0.0358547 0.0345128 0.0320623 0.0298052 0.0282045 0.0269134 0.0252944
 1.04071e-16 6.33202e-05 0.000615495 0.00409018 0.0185934 0.057851 0.123258 0.179903 0.179919 0.123339 0.0581204 0.0193718 0.00604552 0.00488842 0.00819158 0.0134774 0.0194931 0.0246957 0.0275601 0.0273951 0.0247465 0.0209987 0.0175039 0.0149239 0.0131704 0.0117859
 1.02703e-16 5.93221e-05 0.000576632 0.00383193 0.0174194 0.0541983 0.115476 0.168545 0.168568 0.115585 0.0545626 0.0184715 0.00647333 0.00634408 0.0110164 0.0181281 0.026131 0.0329078 0.0363391 0.0354454 0.0309605 0.0248151 0.018965 0.0144794 0.011416 0.00928569
 1.01575e-16 6.93873e-05 0.000674469 0.00448209 0.0203749 0.063394 0.135068 0.197138 0.19715 0.135126 0.0635877 0.0209346 0.00588795 0.00374648 0.00591247 0.00968748 0.0140013 0.0177164 0.0197185 0.0194865 0.0173851 0.0143884 0.01147 0.00914155 0.00741226 0.00604619
 1.02856e-16 4.16186e-05 0.000404548 0.00268836 0.0122209 0.0380241 0.0810159 0.118254 0.118296 0.081221 0.0387125 0.0142088 0.00767693 0.0112905 0.0207039 0.03413 0.0490861 0.0615669 0.0675128 0.0650449 0.0555833 0.0428875 0.0308256 0.0216025 0.015465 0.0115363
 1.08352e-16 3.94889e-05 0.000383846 0.0025508 0.0115956 0.0360783 0.0768697 0.1122 0.112229 0.0770148 0.0365663 0.013008 0.00610729 0.00818446 0.0149618 0.0249524 0.0365918 0.0473678 0.0546926 0.0572929 0.0558206 0.0521235 0.0478395 0.0435143 0.0387927 0.0332225
 1.09573e-16 5.29233e-05 0.000514433 0.00341859 0.0155404 0.0483521 0.10302 0.150365 0.150384 0.103115 0.0486699 0.0164598 0.00573258 0.0055865 0.00974692 0.0161923 0.023707 0.0306389 0.0353421 0.037084 0.0364383 0.0347668 0.0332195 0.0320721 0.0308193 0.0287623
 1.03237e-16 6.88772e-05 0.000669511 0.00444913 0.0202251 0.0629279 0.134075 0.195689 0.1957 0.134131 0.0631155 0.0207672 0.00581075 0.00364518 0.00572997 0.00938995 0.013583 0.0172183 0.0192371 0.0191642 0.0173858 0.0148688 0.0125522 0.0108858 0.00978933 0.00892146
 1.00745e-16 7.33897e-05 0.000713374 0.00474062 0.0215502 0.0670507 0.142859 0.208509 0.208518 0.142904 0.0672023 0.0219879 0.00583916 0.00311046 0.00462287 0.00751846 0.0108049 0.0135482 0.0148505 0.0142993 0.0122106 0.00941746 0.00677652 0.00477578 0.00346731 0.00265063
 1.00598e-16 6.81739e-05 0.000662675 0.00440371 0.0200186 0.0622854 0.132706 0.193692 0.193707 0.132781 0.062535 0.0207391 0.00621141 0.00460618 0.00754953 0.0123516 0.0177357 0.0221953 0.0242431 0.0231909 0.0195584 0.0147295 0.0101416 0.00663415 0.00432949 0.00292438
 1.01073e-16 6.37757e-05 0.000619922 0.0041196 0.0187271 0.0582671 0.124145 0.181197 0.181216 0.124238 0.0585778 0.0196245 0.00637182 0.00553587 0.009398 0.0154301 0.0222067 0.0278917 0.0306533 0.0296371 0.0254635 0.0197973 0.014351 0.0101017 0.00716976 0.00519625
 1.0157e-16 6.30887e-05 0.000613244 0.00407523 0.0185254 0.0576395 0.122808 0.179245 0.179264 0.122899 0.0579469 0.0194135 0.00630492 0.00548226 0.00931478 0.0153109 0.0220757 0.0278123 0.030727 0.0299812 0.0261731 0.0209067 0.0158139 0.0117978 0.00893627 0.00686978
 1.01157e-16 6.93845e-05 0.000674442 0.0044819 0.0203741 0.0633914 0.135063 0.19713 0.197143 0.135124 0.0635981 0.0209711 0.00598084 0.00394759 0.00628841 0.0102932 0.0148368 0.0186894 0.0206442 0.0201395 0.0175812 0.0140525 0.0106538 0.00799178 0.00611321 0.00476678
 1.00174e-16 7.95601e-05 0.000773352 0.0051392 0.0233621 0.072688 0.15487 0.226037 0.22604 0.154884 0.0727357 0.0234997 0.00548468 0.00152726 0.00151053 0.00236904 0.00339956 0.00426328 0.00467408 0.0045011 0.00384208 0.00295695 0.0021136 0.0014655 0.00103129 0.000752189
 1.00691e-16 3.4317e-05 0.000333574 0.00221672 0.0100769 0.0313533 0.0668035 0.0975132 0.0975679 0.0670709 0.0322507 0.0126673 0.00871355 0.0144981 0.0268818 0.0442464 0.0634052 0.079038 0.0857463 0.081041 0.0668631 0.0483586 0.0309271 0.0178043 0.00954776 0.00504047
 1.00876e-16 7.77764e-05 0.000756015 0.00502398 0.0228383 0.0710584 0.151398 0.22097 0.220973 0.151411 0.0711026 0.0229663 0.00534703 0.00146698 0.00144479 0.00230893 0.00341922 0.00450778 0.00535039 0.00582995 0.00597755 0.00590551 0.00569451 0.00533955 0.00479203 0.00404164
 1.01023e-16 5.29259e-05 0.000514459 0.00341876 0.0155412 0.0483547 0.103026 0.150376 0.150409 0.103187 0.0488957 0.017103 0.00733589 0.00905504 0.0162421 0.0266869 0.0382492 0.0477034 0.0518038 0.0490628 0.0406614 0.0297045 0.0194342 0.0117695 0.00700145 0.00441034
 1.02995e-16 5.67733e-05 0.000551857 0.00366728 0.016671 0.0518696 0.110515 0.161304 0.161325 0.110619 0.0522211 0.0176872 0.00622216 0.00614204 0.010711 0.0177144 0.0257359 0.0328221 0.0369959 0.0373013 0.034308 0.0296111 0.0247708 0.020559 0.0169595 0.0136594
 1.02547e-16 6.51995e-05 0.000633763 0.00421158 0.0191452 0.059568 0.126916 0.185241 0.185257 0.126991 0.0598175 0.0198662 0.0060226 0.00459144 0.00759396 0.0124838 0.0180541 0.0228661 0.0254969 0.0252887 0.0227224 0.0190556 0.0155282 0.0127663 0.0107346 0.00908254
 1.0154e-16 6.68601e-05 0.000649904 0.00431884 0.0196328 0.0610851 0.130149 0.189959 0.189974 0.130223 0.0613352 0.0203552 0.0061321 0.00460846 0.00758545 0.0124359 0.0179112 0.0225304 0.02483 0.0241337 0.0209473 0.016606 0.0124692 0.00929005 0.00712461 0.00564611
 1.04196e-16 2.73455e-05 0.000265808 0.00176639 0.00802979 0.024984 0.053233 0.0777067 0.0777618 0.0535022 0.0258878 0.0106403 0.00831898 0.0145697 0.0271913 0.0449044 0.06467 0.0812894 0.0894646 0.086728 0.0748911 0.0587831 0.0433482 0.0313697 0.0231319 0.0175347
 1.04886e-16 6.56206e-05 0.000637855 0.00423877 0.0192689 0.0599526 0.127736 0.186436 0.186444 0.127775 0.0600848 0.0196525 0.00520891 0.00277946 0.00420262 0.00702576 0.0105383 0.0141361 0.0172228 0.0194836 0.0209829 0.0219444 0.022425 0.0222008 0.0209593 0.0185994
 1.04034e-16 5.46703e-05 0.000531415 0.00353144 0.0160534 0.0499483 0.106421 0.155331 0.155358 0.106555 0.050397 0.0173491 0.00678277 0.00762607 0.0135202 0.0222443 0.0319932 0.040147 0.0440856 0.0426307 0.036767 0.0289948 0.0218419 0.0166799 0.0135274 0.0116296
 1.06762e-16 3.79056e-05 0.000368456 0.00244852 0.0111306 0.0346318 0.073788 0.107704 0.107742 0.0739732 0.035254 0.0129292 0.0069685 0.0102529 0.018861 0.0312528 0.0453231 0.0576302 0.0646613 0.0647552 0.0590175 0.0504266 0.0419074 0.0349206 0.0294002 0.0246156
 1.05181e-16 6.41197e-05 0.000623266 0.00414182 0.0188281 0.0585814 0.124814 0.182172 0.182184 0.124871 0.0587709 0.019377 0.00552444 0.00365765 0.00587449 0.00973501 0.0143106 0.0186134 0.0216714 0.0230275 0.0229601 0.0221806 0.0212712 0.0203401 0.0191145 0.0172911
 1.03275e-16 5.99105e-05 0.000582351 0.00386993 0.0175921 0.0547358 0.116621 0.170217 0.170238 0.116728 0.0550929 0.0186233 0.00645812 0.00623172 0.0107874 0.017735 0.0255351 0.0321015 0.0353557 0.0343547 0.029858 0.0238148 0.0181929 0.0140564 0.0114247 0.00973348
 1.06497e-16 2.94658e-05 0.000286418 0.00190335 0.0086524 0.0269211 0.05736 0.0837288 0.0837772 0.0575967 0.027716 0.0109494 0.00767264 0.0128921 0.0240031 0.0397211 0.0574156 0.0726128 0.0807459 0.0796741 0.0709023 0.058452 0.0463531 0.0367433 0.0296839 0.024207
 1.14327e-16 3.75901e-05 0.000365389 0.00242814 0.011038 0.0343434 0.0731731 0.106803 0.106826 0.0732847 0.0347191 0.0121276 0.00518008 0.00642896 0.0117182 0.0197444 0.0294486 0.0391501 0.0471071 0.0524543 0.0555331 0.0572605 0.0581195 0.0577 0.0551262 0.0498832
 1.04253e-16 7.24172e-05 0.000703921 0.0046778 0.0212646 0.0661621 0.140966 0.205745 0.205751 0.140997 0.066266 0.0215652 0.00543397 0.00236051 0.0032363 0.0052834 0.00771974 0.00996111 0.0114741 0.0120404 0.0118834 0.0114893 0.0112614 0.011281 0.0113271 0.0110778
pSPR Fmed_Fpbrs
0.405362   0.6 0.325
Fs Fmed_Fpbrs
0.601203   0.313043 0.782607
SSBpbr Bo_Bmed_Bpbrs
1.25338e+06  445405  689360 344680
Ro
109716
SPR SPRFo_SPRFmed_SPRFpbrs
783111 317444 254511
Fref
0.313043
Nvult_r0
 125223 8283.24 2948.71 2864.89 735.036
CTP_r0
 33102.5 2946.63 1068.4 1039.04 266.597
YTP_r0
391265
Np
 130739 39470.3 11750.4 599.018 265.035
Nvult_p0
 91268.4 28753.2 8587.91 437.877 193.74
CTP_p0
 15062.3 7344.13 387.341 135.296 158.659
 15062.3 6698.31 2044.93 104.388 46.1895
YTP_p0
 246200 269707
CBA_c0
253252
log_Ro
11.4256
likeval ReclasPelacesDesembMPH_pf_preclas_ppelaces_ptallas_desvR_qrecl_qpela
 11.7548 16.385 0.0151549 0.000832646 243.574 116.573 101.252 0 25.6708 2.37334e-05 7.60106e-05 0.0353943 6.50312e-16 0 0
q_reclas_q_pelaces
1.99439 3.45688
M
1
N
 147647 31369.6 53660.8 4589.11 0.177062
 87689 44334.4 8447.06 14319.1 1224.02
 86352.8 22020.5 9070.79 1699.04 3123.44
 104884 21742.3 4523.7 1832.13 973.129
 83714.7 21070.7 3157.15 639.367 395.897
 209272 24876.7 5583.68 828.701 271.597
 67286.2 56887.9 5749.07 1273.08 250.683
 25180.5 12213.3 7068.12 692.12 183.127
 28164.6 8074.92 3638.4 2092.75 259.059
 38264.8 5839.83 1230.89 540.596 348.946
 67247.6 5614.79 523.292 105.862 76.3304
 114310 20683.2 1568.73 145.039 50.4752
 95107 22399.1 2890.5 213.151 26.5244
 67721.2 19542.7 3367.3 423.379 35.0561
 54744.8 8804.88 1454.13 239.182 32.4807
 300051 8760.39 901.394 143.433 26.7421
 51378.9 60647.6 1284.05 128.635 24.2496
 508031 12380.2 11645.3 241.943 28.777
 275773 131060 2640.02 2444.26 56.7731
 218021 62184 22726.5 447.893 423.81
 291067 49348.4 10846 3878.87 148.6
 419072 72369.6 9943.5 2147.53 796.687
 67644.8 95423.9 12739 1713.22 506.678
 222511 18380.2 22037.6 2902.45 505.407
 181797 62665.7 4485.08 5313.77 821.177
 76294.3 51318.6 15346.3 1085.44 1483.77
 183001 22526.9 13466.1 3987.55 667.214
 209274 51295 5457.09 3222.76 1113.26
 56331.6 61833 13474 1419.48 1127.27
 39974.1 16969.1 16732.2 3613.69 682.695
 168499 10508.9 3725.1 3618.38 928.344
pred_Ctot
 17437.8 5451.39 9561.98 818.842 0.0315957
 18145.3 13039.1 2540.37 4311.44 368.574
 17763.5 6441.39 2713.3 508.831 935.469
 31592.1 8953.51 1899.1 769.935 408.97
 10351.1 3825.39 587.64 119.163 73.7913
 35394.9 6070.3 1394.89 207.282 67.9385
 22799.1 25931 2668.26 591.429 116.464
 2065.14 1493.97 887.531 87.0297 23.0288
 8135.56 3205.57 1473.05 848.16 104.998
 15637.1 3112.63 666.464 292.949 189.102
 7071.5 873.024 83.4646 16.9078 12.1921
 35520.5 8751.21 676.439 62.6042 21.7881
 27811.3 8988.15 1182.78 87.3107 10.8655
 30037.1 11126.6 1945.31 244.777 20.2685
 20889.8 4435.7 744.836 122.622 16.6528
 89670.7 3582.86 375.854 59.8688 11.1627
 11595.3 19307.2 417.746 41.8977 7.89883
 98739.4 3437.11 3307.3 68.7957 8.18316
 70190.6 46504.1 956.421 886.481 20.5916
 55140.6 21939.8 8187.11 161.53 152.854
 61561 14807.3 3327.34 1191.36 45.6438
 104925 25303.4 3550.12 767.584 284.773
 11455.9 23313.1 3186.22 429.04 126.895
 33700.9 4044.04 4966.75 654.982 114.06
 27319.9 13686.6 1003.45 1190.38 183.971
 9691.7 9559.54 2930.47 207.547 283.731
 28155.2 5030.13 3079.86 913.164 152.805
 26509.4 9529.53 1039.29 614.578 212.312
 6556.6 10596.4 2367.83 249.785 198.378
 7410.49 4509.6 4550 983.88 185.886
 33102.5 2946.63 1068.4 1039.04 266.597
F
 0.203062 0.312022 0.32109 0.321582 0.321608
 0.381821 0.586702 0.603753 0.604678 0.604726
 0.37918 0.582644 0.599577 0.600496 0.600544
 0.604971 0.929591 0.956607 0.958072 0.95815
 0.213482 0.328033 0.337567 0.338084 0.338111
 0.30255 0.464895 0.478406 0.479139 0.479177
 0.706427 1.08549 1.11703 1.11875 1.11884
 0.137306 0.210983 0.217115 0.217448 0.217465
 0.573363 0.881023 0.906627 0.908016 0.90809
 0.919126 1.41232 1.45336 1.45559 1.45571
 0.179058 0.275138 0.283134 0.283568 0.283591
 0.629897 0.967893 0.996022 0.997548 0.997628
 0.5824 0.894909 0.920917 0.922328 0.922402
 1.04009 1.5982 1.64464 1.64716 1.6473
 0.832441 1.27912 1.31629 1.31831 1.31842
 0.598872 0.92022 0.946964 0.948414 0.948491
 0.423132 0.650179 0.669075 0.6701 0.670154
 0.354883 0.545309 0.561157 0.562017 0.562062
 0.48948 0.752129 0.773987 0.775173 0.775236
 0.485685 0.746298 0.767987 0.769164 0.769226
 0.391767 0.601985 0.61948 0.620429 0.620479
 0.479714 0.737122 0.758545 0.759707 0.759768
 0.302995 0.465579 0.47911 0.479844 0.479883
 0.267162 0.410517 0.422448 0.423095 0.423129
 0.264835 0.406942 0.418769 0.41941 0.419444
 0.219888 0.337877 0.347696 0.348229 0.348257
 0.271898 0.417796 0.429938 0.430596 0.430631
 0.219209 0.336834 0.346623 0.347154 0.347182
 0.199861 0.307104 0.316029 0.316513 0.316538
 0.336005 0.516302 0.531307 0.532121 0.532164
 0.359337 0.552153 0.5682 0.569071 0.569116
YTP_r0W_actual
 274751 41547.4 29487.7 35535.2 9944.05
YTP_p0W_proyectada
 112817 115083 8959.2 3973.66 5367.44
 112817 104963 47299.1 3065.87 1562.59
CTP_r0_actual
 33102.5 2946.63 1068.4 1039.04 266.597
CTP_p0_proyectada
 15062.3 7344.13 387.341 135.296 158.659
 15062.3 6698.31 2044.93 104.388 46.1895
Wmedp
 7.49 15.67 23.13 29.37 33.83
Frms_r0
 0.359337 0.552153 0.5682 0.569071 0.569116
Zrms_r0
 1.35934 1.55215 1.5682 1.56907 1.56912
nmprior
 8.19 8.8 8.5 0
nm_flota  nm_reclas  nm_pelaces    nm_pelaL
inf 18.1117 13.2546 28.7791
cv_recla  cv_pelaces  cv_mph
0.310122 0.458982 0.890503
 ------------------------------------------------
Talla a la edad & desviaci?n 
 8 13.2811 15.8009 17.003 17.5766
 0.8 1.32811 1.58009 1.7003 1.75766
