years
 1991 1992 1993 1994 1995 1996 1997 1998 1999 2000 2001 2002 2003 2004 2005 2006 2007 2008 2009 2010 2011 2012 2013 2014 2015 2016 2017 2018 2019 2020 2021
reclasobs
 0 0 0 0 0 0 0 0 0 252601 567819 844713 477998 351125 339783 2.1784e+06 2.13404e+06 4.81314e+06 1.55562e+06 2.62356e+06 3.21686e+06 3.843e+06 1.13348e+06 3.07943e+06 1.97215e+06 2.03268e+06 2.025e+06 2.42433e+06 2.27542e+06 1.05018e+06 2.36338e+06
reclaspred
 4.21572e+06 1.5389e+06 864168 466172 90425 2.36117e+06 1.12983e+06 513039 91193.9 206713 326919 633005 560734 406716 310259 1.82407e+06 1.20412e+06 4.50382e+06 3.5961e+06 1.87364e+06 3.7472e+06 3.39779e+06 1.99919e+06 3.68403e+06 2.44399e+06 1.63529e+06 2.55701e+06 3.57879e+06 2.59377e+06 1.05395e+06 1.59987e+06
pelacesobs
 0 0 0 0 0 0 0 0 0 0 0 0 0 0 0 552880 188675 0 991730 2.46772e+06 1.41603e+06 1.21717e+06 2.29649e+06 1.80582e+06 0 1.4828e+06 1.56532e+06 1.57751e+06 1.42118e+06 867257 1.10002e+06
pelacespred
 1.10622e+06 415594 197731 69791.7 13090.8 580223 231260 134833 11585.9 36988.9 75117.7 119756 115655 81482.8 61582.2 368371 241396 1.129e+06 883209 428689 864427 782318 464845 992470 619002 409435 748687 1.02266e+06 617092 289561 412158
mphobs
 0 0 0 0 0 0 0 0 0 0 0 498337 0 5186 125008 0 168611 109162 213762 579715 649985 157893 87575 83554 0 0 0 0 0 0 0
mphpred
 839042 397014 105731 85769.1 25428.1 4570.08 253904 97154.6 34208.7 2233.05 12233.1 36786.1 53126.5 35755.6 18749.6 19721.4 206632 120975 474477 318157 222127 345992 361464 214048 371855 258826 156873 239031 454273 245458 86778.9
desembarqueobs
 494567 514787 250237 358949 120608 361735 552515 73892 212993 205616 52469 317467 293654 387597 252695 516296 358380 742168 942051 627588 828172 859565 418607 520667 417249 300574 415391 372974 316634 284311 391294
desembarquepred
 494523 514652 249715 358676 120516 361585 551910 73872 212674 205429 52458.1 317195 293355 386963 252402 515917 358231 741714 940790 626609 827687 858807 418361 520462 416989 300357 415164 372798 316465 284082 391089
Reclutas
 16367.1 10347.1 184235 21339.9 7178.87 372875 14098.2 3633.86 7198.7 60247.6 49403.9 125844 81520.2 68257 46364.7 394039 17547.1 692233 316301 139986 384066 517777 24224.6 280204 171547 47644.3 231632 303671 26392.7 13492.7 166410
log_desv_Rt
 -1.42304 -1.8816 0.997896 -1.15774 -2.24717 1.70293 -1.57226 -2.92802 -2.24441 -0.119853 -0.318285 0.616731 0.182536 0.00496502 -0.381777 1.75813 -1.35343 2.32161 1.53838 0.723224 1.7325 2.03123 -1.03094 1.4172 0.926543 -0.354552 1.22683 1.49763 -0.945229 -1.61616 0.896138
SSB
 2.44624e+06 1.1575e+06 308261 250061 74136 13324.1 740260 283256 99735.9 6510.5 35665.8 107250 154891 104246 54664.8 57498 602437 352706 1.38334e+06 927590 647615 1.00874e+06 1.05385e+06 624060 1.08415e+06 754610 457365 696898 1.32444e+06 715637 253005
BT
 3.00565e+06 1.51618e+06 690894 422798 135598 1.65717e+06 1.02392e+06 379974 235378 281419 217116 537229 530360 590126 392402 1.25652e+06 839230 3.27645e+06 2.92585e+06 1.57713e+06 2.69806e+06 2.57567e+06 1.43471e+06 2.78516e+06 1.81915e+06 1.22008e+06 2.16491e+06 2.72957e+06 1.6877e+06 970864 1.33736e+06
Ftot
 0.205408 0.562513 0.567754 1.2345 1.89436 0.347127 0.812858 0.254314 2.81605 1.88473 0.346739 0.988982 0.9875 1.70055 1.53573 0.619486 0.519997 0.358929 0.496582 0.609904 0.448418 0.500617 0.369511 0.295241 0.32271 0.336994 0.340761 0.220508 0.217301 0.466461 0.513197
BD_Bspro_t
 0.967744 0.745781 0.430948 0.403882 0.141673 0.0407324 0.5916 0.316798 0.178868 0.0215116 0.128316 0.361415 0.308481 0.20393 0.116208 0.126877 0.469825 0.338898 0.596348 0.463042 0.342681 0.444496 0.478429 0.391485 0.557118 0.528937 0.473275 0.601 0.715452 0.581421 0.388665
BD_Bspro
 5.04609 2.38768 0.635878 0.515824 0.152927 0.0274849 1.527 0.584298 0.205734 0.0134298 0.0735713 0.221235 0.319508 0.215038 0.112762 0.118606 1.2427 0.727559 2.85355 1.91343 1.3359 2.08083 2.17388 1.28731 2.23637 1.5566 0.94345 1.43756 2.73204 1.47621 0.521897
BD_Bo
 1.46884 0.695018 0.185095 0.150149 0.0445148 0.00800045 0.444488 0.17008 0.0598862 0.00390922 0.0214155 0.0643983 0.093004 0.0625942 0.0328234 0.0345246 0.361732 0.211781 0.830627 0.55697 0.388859 0.605698 0.632784 0.374716 0.650975 0.453104 0.274624 0.418451 0.795257 0.429703 0.151916
BD_Brms
 8.57892 4.05933 1.08107 0.87696 0.259994 0.0467275 2.59608 0.993373 0.349772 0.0228322 0.12508 0.376126 0.5432 0.365589 0.191709 0.201645 2.11274 1.23693 4.85137 3.25305 2.27118 3.53765 3.69585 2.18857 3.80209 2.64641 1.60397 2.44401 4.64479 2.50973 0.887285
Sel_flota
 0.759426 0.983601 0.999123 0.999954 0.999998
 0.759426 0.983601 0.999123 0.999954 0.999998
 0.759426 0.983601 0.999123 0.999954 0.999998
 0.759426 0.983601 0.999123 0.999954 0.999998
 0.759426 0.983601 0.999123 0.999954 0.999998
 0.759426 0.983601 0.999123 0.999954 0.999998
 0.759426 0.983601 0.999123 0.999954 0.999998
 0.759426 0.983601 0.999123 0.999954 0.999998
 0.759426 0.983601 0.999123 0.999954 0.999998
 0.759426 0.983601 0.999123 0.999954 0.999998
 0.759426 0.983601 0.999123 0.999954 0.999998
 0.759426 0.983601 0.999123 0.999954 0.999998
 0.759426 0.983601 0.999123 0.999954 0.999998
 0.759426 0.983601 0.999123 0.999954 0.999998
 0.759426 0.983601 0.999123 0.999954 0.999998
 0.759426 0.983601 0.999123 0.999954 0.999998
 0.759426 0.983601 0.999123 0.999954 0.999998
 0.759426 0.983601 0.999123 0.999954 0.999998
 0.759426 0.983601 0.999123 0.999954 0.999998
 0.759426 0.983601 0.999123 0.999954 0.999998
 0.759426 0.983601 0.999123 0.999954 0.999998
 0.759426 0.983601 0.999123 0.999954 0.999998
 0.759426 0.983601 0.999123 0.999954 0.999998
 0.759426 0.983601 0.999123 0.999954 0.999998
 0.759426 0.983601 0.999123 0.999954 0.999998
 0.759426 0.983601 0.999123 0.999954 0.999998
 0.759426 0.983601 0.999123 0.999954 0.999998
 0.759426 0.983601 0.999123 0.999954 0.999998
 0.759426 0.983601 0.999123 0.999954 0.999998
 0.759426 0.983601 0.999123 0.999954 0.999998
 0.759426 0.983601 0.999123 0.999954 0.999998
Sel_reclas
 1 1 1 1 1
 1 1 1 1 1
 1 1 1 1 1
 1 1 1 1 1
 1 1 1 1 1
 1 1 1 1 1
 1 1 1 1 1
 1 1 1 1 1
 1 1 1 1 1
 1 1 1 1 1
 1 1 1 1 1
 1 1 1 1 1
 1 1 1 1 1
 1 1 1 1 1
 1 1 1 1 1
 1 1 1 1 1
 1 1 1 1 1
 1 1 1 1 1
 1 1 1 1 1
 1 1 1 1 1
 1 1 1 1 1
 1 1 1 1 1
 1 1 1 1 1
 1 1 1 1 1
 1 1 1 1 1
 1 1 1 1 1
 1 1 1 1 1
 1 1 1 1 1
 1 1 1 1 1
 1 1 1 1 1
 1 1 1 1 1
Sel_pelaces
 1 1 1 1 1
 1 1 1 1 1
 1 1 1 1 1
 1 1 1 1 1
 1 1 1 1 1
 1 1 1 1 1
 1 1 1 1 1
 1 1 1 1 1
 1 1 1 1 1
 1 1 1 1 1
 1 1 1 1 1
 1 1 1 1 1
 1 1 1 1 1
 1 1 1 1 1
 1 1 1 1 1
 1 1 1 1 1
 1 1 1 1 1
 1 1 1 1 1
 1 1 1 1 1
 1 1 1 1 1
 1 1 1 1 1
 1 1 1 1 1
 1 1 1 1 1
 1 1 1 1 1
 1 1 1 1 1
 1 1 1 1 1
 1 1 1 1 1
 1 1 1 1 1
 1 1 1 1 1
 1 1 1 1 1
 1 1 1 1 1
pf_obs 
 0.8446 0.082 0.0669 0.0065 0
 0.8095 0.147 0.0364 0.0071 0
 0.9664 0.0169 0.016 0.0007 0
 0.9276 0.0648 0.0075 0.0001 0
 0.7033 0.2144 0.0806 0.0017 0
 0.9318 0.0425 0.0243 0.0014 0
 0.5671 0.3108 0.0964 0.0239 0.0018
 0.0768 0.2599 0.5324 0.112 0.0189
 0.490249 0.384438 0.106611 0.0170017 0.00170017
 0.7925 0.1577 0.0466 0.003 0.0002
 0.840416 0.127587 0.0312969 0.00059994 9.999e-05
 0.8084 0.0986 0.0794 0.0134 0.0002
 0.7335 0.1905 0.0724 0.0035 0.0001
 0.4001 0.4547 0.1325 0.0127 0
 0.49795 0.308269 0.164784 0.0264974 0.00249975
 0.9179 0.0499 0.0305 0.0017 0
 0.2467 0.6533 0.0926 0.0074 0
 0.9418 0.0223 0.034 0.0019 0
 0.707729 0.231977 0.0356964 0.0245975 0
 0.517169 0.277429 0.184464 0.0207286 0.00020938
 0.811772 0.124168 0.05621 0.00726502 0.000585176
 0.764997 0.148141 0.077277 0.00933861 0.000247198
 0.163321 0.427699 0.378323 0.0303852 0.000271297
 0.753843 0.0900009 0.118128 0.0371064 0.000921714
 0.721811 0.176058 0.0630433 0.0369309 0.00215725
 0.143369 0.312575 0.442814 0.0836902 0.0175525
 0.692698 0.0596174 0.167031 0.0765114 0.00414204
 0.394062 0.376323 0.152708 0.0712218 0.00568511
 0.125707 0.32114 0.495352 0.0537591 0.00404204
 0.23352 0.215282 0.420074 0.123614 0.00750983
 0.796117 0.104755 0.0508955 0.0450114 0.00322123
pf_pred 
 0.0778579 0.199955 0.645782 0.0764038 7.30935e-07
 0.14128 0.086837 0.169613 0.538603 0.0636667
 0.918837 0.0152829 0.00679074 0.0129953 0.0460938
 0.278859 0.678715 0.00813035 0.00353869 0.0307564
 0.434059 0.211828 0.333849 0.00388818 0.0163752
 0.996337 0.00210292 0.000596983 0.000907708 5.49845e-05
 0.09916 0.8984 0.00141231 0.000393641 0.000634163
 0.12272 0.119602 0.755673 0.0011609 0.000843773
 0.485756 0.0818872 0.0598547 0.371518 0.000984624
 0.991258 0.00585291 0.00048005 0.000334286 0.00207503
 0.880778 0.11862 0.000408128 3.22984e-05 0.000161779
 0.872361 0.115958 0.011623 3.92618e-05 1.86511e-05
 0.739294 0.237292 0.0213194 0.00208383 1.03688e-05
 0.772005 0.184275 0.0398832 0.00349381 0.000342733
 0.831268 0.143513 0.0205145 0.00429279 0.000412196
 0.981694 0.0162724 0.00173775 0.000240703 5.5112e-05
 0.13373 0.854867 0.0101604 0.00106245 0.000180655
 0.956878 0.00754381 0.0351192 0.000409153 5.00056e-05
 0.559954 0.425965 0.002501 0.011431 0.000149305
 0.475471 0.333433 0.185102 0.0010655 0.00492838
 0.841913 0.088492 0.0445767 0.0242341 0.000783824
 0.785067 0.189055 0.0146109 0.00721955 0.00404769
 0.110076 0.741944 0.130478 0.00988647 0.00761581
 0.824985 0.0250012 0.125453 0.0216592 0.00290245
 0.588458 0.355654 0.00810676 0.0399647 0.00781706
 0.335085 0.436686 0.197735 0.00442685 0.026067
 0.8459 0.0622768 0.0606822 0.026984 0.00415717
 0.762137 0.209618 0.0115406 0.0110432 0.00566171
 0.150974 0.686446 0.14357 0.00777146 0.0112388
 0.200372 0.152068 0.525265 0.108007 0.0142881
 0.908551 0.0235672 0.0131161 0.0444317 0.0103341
pobs_RECLAS
 0 0 0 0 0
 0 0 0 0 0
 0 0 0 0 0
 0 0 0 0 0
 0 0 0 0 0
 0 0 0 0 0
 0 0 0 0 0
 0 0 0 0 0
 0 0 0 0 0
 0 0 0 0 0
 0.991045 0.00858322 0.000360255 1.14367e-05 0
 0.934742 0.0480273 0.0164251 0.00080598 0
 0.827803 0.169806 0.00239088 0 0
 0.941827 0.0461693 0.0120037 0 0
 0.791401 0.0380133 0.147996 0.0225897 0
 0.846168 0.0940531 0.0597789 0 0
 0.134021 0.677848 0.182769 0.00536245 0
 0.80878 0.0450904 0.141981 0.00414843 0
 0.846168 0.0940531 0.0597789 0 0
 0.905697 0.0802665 0.012482 0.00150086 5.37128e-05
 0.989698 0.0102097 9.19794e-05 0 0
 0.975433 0.0193895 0.00387452 0.00125025 5.28907e-05
 0.303575 0.632131 0.0575291 0.00676475 0
 0.966965 0.00978017 0.0227588 0.000495775 0
 0.843318 0.132988 0.00938335 0.0141283 0.000182051
 0.564624 0.303363 0.111486 0.0197234 0.00080311
 0.826376 0.0876187 0.0782897 0.00655872 0.00115652
 0.89761 0.0855135 0.0140674 0.00269457 0.000114338
 0.34875 0.467042 0.161289 0.0227151 0.000203297
 0.318654 0.224769 0.449479 0.00709798 0
 0.937255 0.0296025 0.0250945 0.00804832 0
ppred_RECLAS
 0.100094 0.197599 0.628062 0.0742443 7.10243e-07
 0.18016 0.0842145 0.161759 0.513205 0.0606616
 0.937898 0.0118617 0.00518298 0.00990972 0.0351478
 0.343988 0.618131 0.00726563 0.00315914 0.0274561
 0.52283 0.181063 0.279182 0.00324771 0.013677
 0.997213 0.00161177 0.00045018 0.000683906 4.14257e-05
 0.127513 0.870165 0.00134425 0.000374323 0.000603011
 0.155941 0.116679 0.725457 0.00111353 0.000809308
 0.593562 0.0662716 0.0471505 0.292241 0.000774461
 0.993823 0.00416685 0.000334375 0.000232574 0.00144358
 0.906087 0.0934467 0.000316336 2.50126e-05 0.000125279
 0.901575 0.0895639 0.00881687 2.97544e-05 1.4134e-05
 0.791677 0.18992 0.0167583 0.00163644 8.14226e-06
 0.825503 0.141602 0.0300117 0.00262612 0.0002576
 0.871912 0.109273 0.0153076 0.00319978 0.000307227
 0.986071 0.0124051 0.00130256 0.000180261 4.12711e-05
 0.168562 0.820673 0.00959298 0.00100223 0.000170408
 0.967082 0.00583642 0.0267322 0.000311172 3.80289e-05
 0.625518 0.362698 0.00209451 0.00956469 0.000124923
 0.54572 0.290551 0.158598 0.00091212 0.00421872
 0.875429 0.0702458 0.0348075 0.0189065 0.000611481
 0.827659 0.151899 0.0115462 0.0057002 0.0031957
 0.139466 0.719386 0.124466 0.00942282 0.00725832
 0.861743 0.0200274 0.0988859 0.0170579 0.00228575
 0.651594 0.30178 0.00676825 0.0333375 0.00652049
 0.398166 0.397469 0.177081 0.00396104 0.0233231
 0.878607 0.0495427 0.0474969 0.0211026 0.00325093
 0.806875 0.170523 0.00923928 0.00883355 0.00452864
 0.188384 0.658212 0.13548 0.00732737 0.0105961
 0.249747 0.144615 0.491342 0.100943 0.013353
 0.929628 0.01837 0.0100551 0.0340323 0.00791499
pobs_PELACES
 0 0 0 0 0
 0 0 0 0 0
 0 0 0 0 0
 0 0 0 0 0
 0 0 0 0 0
 0 0 0 0 0
 0 0 0 0 0
 0 0 0 0 0
 0 0 0 0 0
 0 0 0 0 0
 0 0 0 0 0
 0 0 0 0 0
 0 0 0 0 0
 0 0 0 0 0
 0 0 0 0 0
 0 0 0 0 0
 0.505614 0.472636 0.0217494 0 0
 0 0 0 0 0
 0.443492 0.261883 0.143347 0.151278 0
 0.227955 0.32914 0.350689 0.0885471 0.00366901
 0.970185 0.0296113 0.000203453 0 0
 0.997202 0.00247181 0.000326279 0 0
 0.445219 0.490057 0.0546422 0.010081 0
 0.90214 0.0892962 0.00764917 0.000914606 0
 0 0 0 0 0
 0.581667 0.319106 0.0959925 0.00289975 0.000334073
 0.762889 0.0836404 0.116647 0.0363945 0.000428098
 0.88444 0.0763242 0.0277011 0.0115352 0
 0.521256 0.241999 0.230069 0.00667565 0
 0.616807 0.101726 0.260614 0.0208532 0
 0.833518 0.0704572 0.0857862 0.0102388 0
ppred_PELACES
 0.101547 0.197443 0.626906 0.0741035 7.08894e-07
 0.186797 0.083758 0.160419 0.508877 0.0601494
 0.940438 0.0114046 0.00496879 0.00949871 0.0336898
 0.364968 0.59859 0.00699159 0.00303896 0.0264111
 0.559111 0.168308 0.257009 0.00298822 0.0125839
 0.997285 0.00157102 0.00043802 0.000665368 4.03027e-05
 0.134356 0.863351 0.00132818 0.000369766 0.000595663
 0.158583 0.116444 0.723056 0.00110977 0.00080657
 0.645576 0.058524 0.041042 0.254184 0.000673579
 0.99464 0.00362754 0.0002883 0.000200423 0.00124398
 0.908248 0.0912974 0.000308511 2.43916e-05 0.000122168
 0.907918 0.0838307 0.00821079 2.77016e-05 1.31586e-05
 0.803539 0.179186 0.0157314 0.00153575 7.64113e-06
 0.843107 0.127526 0.0267939 0.00234346 0.000229868
 0.884192 0.0989119 0.0137476 0.00287246 0.000275794
 0.986691 0.0118569 0.00124105 0.00017172 3.93152e-05
 0.174027 0.815307 0.0095049 0.000992887 0.000168818
 0.967964 0.00568867 0.0260076 0.000302708 3.69943e-05
 0.634103 0.354413 0.00204147 0.00932121 0.000121742
 0.557158 0.283555 0.154296 0.00088723 0.00410357
 0.87911 0.0682395 0.0337358 0.0183221 0.000592577
 0.832921 0.147307 0.0111685 0.00551296 0.00309071
 0.142818 0.716808 0.123786 0.00937035 0.00721787
 0.864478 0.0196569 0.0969098 0.0167157 0.00223988
 0.657046 0.297126 0.00665287 0.0327663 0.00640874
 0.404297 0.393652 0.175078 0.00391587 0.023057
 0.88138 0.0484619 0.0463797 0.0206043 0.00317415
 0.809425 0.168294 0.00910822 0.00870772 0.00446412
 0.190887 0.656321 0.134941 0.00729776 0.0105532
 0.25664 0.143566 0.486613 0.0999591 0.0132227
 0.932199 0.0177346 0.00968177 0.0327642 0.00762002
pobs_pel_tallas
 0 0 0 0 0 0 0 0 0 0 0 0 0 0 0 0 0 0 0 0 0 0 0 0 0 0
 0 0 0 0 0 0 0 0 0 0 0 0 0 0 0 0 0 0 0 0 0 0 0 0 0 0
 0 0 0 0 0 0 0 0 0 0 0 0 0 0 0 0 0 0 0 0 0 0 0 0 0 0
 0 0 0 0 0 0 0 0 0 0 0 0 0 0 0 0 0 0 0 0 0 0 0 0 0 0
 0 0 0 0 0 0 0 0 0 0 0 0 0 0 0 0 0 0 0 0 0 0 0 0 0 0
 0 0 0 0 0 0 0 0 0 0 0 0 0 0 0 0 0 0 0 0 0 0 0 0 0 0
 0 0 0 0 0 0 0 0 0 0 0 0 0 0 0 0 0 0 0 0 0 0 0 0 0 0
 0 0 0 0 0 0 0 0 0 0 0 0 0 0 0 0 0 0 0 0 0 0 0 0 0 0
 0 0 0 0 0 0 0 0 0 0 0 0 0 0 0 0 0 0 0 0 0 0 0 0 0 0
 0 0 0 0 0 0 0 0 0 0 0 0 0 0 0 0 0 0 0 0 0 0 0 0 0 0
 0 0 0 0 0 0 0 0 0 0 0 0 0 0 0 0 0 0 0 0 0 0 0 0 0 0
 0 0 0 0 0 0 0 0 0 0 0 0 0 0 0 0 0 0 0 0 0 0 0 0 0 0
 0.00862536 0 0 0.000197151 0.00414017 0.0128641 0.00837892 0.0270097 0.101434 0.158115 0.152841 0.127902 0.109271 0.109419 0.0830992 0.0579132 0.0238553 0.00714673 0.00463305 0.00128148 0.00103504 0.000492878 0.000147863 0.000147863 4.92878e-05 0
 0 0 0 0 0 0 0 0 0 0 0 0 0 0 0 0 0 0 0 0 0 0 0 0 0 0
 0 0 0 0 0 0 0 0.0054083 0.00873648 0.0413646 0.0450493 0.0745869 0.0622846 0.0627006 0.0613931 0.0827291 0.12552 0.122667 0.0946155 0.0697135 0.0546179 0.0294188 0.0215738 0.0213955 0.0102223 0.00600262
 0 0 0 0 0.00359764 0.0251062 0.0480494 0.140153 0.205849 0.193036 0.1447 0.116669 0.0760912 0.0342217 0.00950174 0.001854 0.000860785 0 0 0 0.000165536 0 0.000143464 0 0 0
 0 0 0 0 0 0 0 0.000145254 0.000435761 0.0275982 0.070085 0.0708112 0.156366 0.174668 0.174014 0.160142 0.0824315 0.0480064 0.0283245 0.00493863 0.00203355 0 0 0 0 0
 0 0 0 0 0 0 0 0 0 0 0 0 0 0 0 0 0 0 0 0 0 0 0 0 0 0
 0 0 1.00437e-05 0.000401748 0.00122533 0.00171747 0.00176769 0.0269171 0.070346 0.194647 0.189555 0.159765 0.064822 0.0314167 0.0384472 0.0292271 0.0345202 0.0313363 0.0194345 0.0106764 0.0143323 0.0359363 0.0279516 0.0138201 0.00172751 0
 0 0.0021121 0.0136068 0.0755702 0.200478 0.177729 0.0527432 0.0373336 0.0318909 0.0142505 0.0149659 0.0166563 0.0217959 0.0798694 0.0677717 0.0528807 0.04013 0.0224614 0.0357745 0.0225083 0.00881397 0.00855152 0.00135912 0.000746735 0 0
 0 0 0 0 5.4009e-05 0.00500934 0.000945158 0.0243581 0.138947 0.33067 0.221406 0.137944 0.0707744 0.0437923 0.0131692 0.00525238 0.0047753 0.00276346 9.45158e-05 9.00151e-06 2.25038e-05 9.00151e-06 4.50075e-06 0 0 0
 0.000866109 0.00284123 0.00948549 0.0512746 0.133035 0.25785 0.225252 0.132002 0.0553304 0.0519788 0.0540692 0.017754 0.00435017 0.00159236 0.00146478 0.000404838 0.000125132 0.000115318 0.000107957 0.000100596 0 0 0 0 0 0
 0 0 0 0 0.00144013 0.00171154 0.00461396 0.0210425 0.0478622 0.0707936 0.0888783 0.103762 0.0637923 0.0337046 0.0602308 0.124433 0.169614 0.0934646 0.0462172 0.0250306 0.0313229 0.00938855 0.002487 0.000210481 0 0
 0 0.00764035 0.051015 0.0998891 0.058973 0.0496711 0.0374665 0.0718981 0.12319 0.153886 0.159021 0.0857701 0.0377988 0.023471 0.0147837 0.00900784 0.00315554 0.000888139 0.00291439 0.00214683 0.00393193 0.00274676 0.000635225 9.99891e-05 0 0
 0 0 0 0 0 0 0 0 0 0 0 0 0 0 0 0 0 0 0 0 0 0 0 0 0 0
 0 0 0 0 0 0 0 0 0 0 0 0 0 0 0 0 0 0 0 0 0 0 0 0 0 0
 0 0 0 0 0 0 0 0 0 0 0 0 0 0 0 0 0 0 0 0 0 0 0 0 0 0
 0 0 0 0 0 0 0 0 0 0 0 0 0 0 0 0 0 0 0 0 0 0 0 0 0 0
 0 0 0 0 0 0 0 0 0 0 0 0 0 0 0 0 0 0 0 0 0 0 0 0 0 0
 0 0 0 0 0 0 0 0 0 0 0 0 0 0 0 0 0 0 0 0 0 0 0 0 0 0
 0 0 0 0 0 0 0 0 0 0 0 0 0 0 0 0 0 0 0 0 0 0 0 0 0 0
ppred_pel_tallas
 1.25574e-16 8.3643e-06 8.1304e-05 0.000540295 0.00245611 0.00764199 0.0162828 0.0237694 0.0237894 0.0163809 0.007974 0.00342719 0.0030235 0.00565324 0.0110329 0.0193799 0.0306022 0.0440777 0.0589836 0.0746576 0.0904307 0.104962 0.11583 0.120112 0.115809 0.103094
 1.65863e-16 1.53862e-05 0.00014956 0.000993878 0.00451803 0.0140573 0.0299509 0.043716 0.0437245 0.0299926 0.0141987 0.00493241 0.00205738 0.0025514 0.00482231 0.00862172 0.014086 0.021445 0.0311838 0.0441604 0.0612717 0.0826228 0.10666 0.129944 0.147916 0.156408
 1.06801e-16 7.74626e-05 0.000752964 0.00500371 0.0227462 0.0707717 0.150787 0.220078 0.220079 0.150792 0.0707901 0.0227994 0.00513834 0.00105012 0.000652115 0.000984786 0.00148662 0.00204622 0.00263178 0.00329017 0.0041486 0.00534914 0.00694325 0.00881241 0.0106662 0.0121229
 1.0513e-16 3.00621e-05 0.000292214 0.00194187 0.00882748 0.0274659 0.0585211 0.0854253 0.0854829 0.0588024 0.0284099 0.0115526 0.0087765 0.0151931 0.0282734 0.0465482 0.0667138 0.0831952 0.0903505 0.0856233 0.071139 0.0523929 0.035104 0.0226252 0.0153788 0.0119346
 1.0989e-16 4.60533e-05 0.000447654 0.00297482 0.0135231 0.0420755 0.0896469 0.130846 0.130862 0.0897281 0.0423492 0.0143182 0.00498788 0.00489924 0.0086672 0.0146894 0.0221623 0.0299575 0.0368731 0.0422254 0.0460286 0.0485546 0.0497224 0.0489563 0.0456541 0.0398044
 1.00087e-16 8.21451e-05 0.000798479 0.00530618 0.0241211 0.0750497 0.159901 0.233381 0.233381 0.159902 0.0750522 0.0241283 0.00532432 0.000838197 0.000157892 0.000131857 0.000184015 0.000235746 0.000269069 0.000278379 0.000269267 0.000254034 0.000243241 0.000239701 0.000238649 0.000232481
 1.00397e-16 1.10669e-05 0.000107574 0.000714871 0.00324975 0.0101116 0.021547 0.0314658 0.0315489 0.0219525 0.0114727 0.00717853 0.010567 0.0215827 0.0407018 0.0670232 0.095967 0.119458 0.129277 0.121643 0.0995414 0.0708739 0.0439582 0.023819 0.0113612 0.00486738
 1.21144e-16 1.30623e-05 0.00012697 0.000843764 0.00383564 0.0119342 0.0254274 0.0371146 0.0371269 0.0254881 0.012141 0.00444693 0.00243021 0.00376183 0.00741741 0.0135431 0.0225233 0.0345673 0.0496302 0.0672589 0.0861605 0.103766 0.116422 0.120574 0.114428 0.0990189
 1.26805e-16 5.31753e-05 0.000516883 0.00343487 0.0156144 0.0485823 0.10351 0.151077 0.151083 0.103538 0.0486778 0.0158925 0.00414098 0.00208675 0.00312273 0.00532355 0.00827953 0.0118115 0.0158934 0.0208109 0.0270886 0.0350742 0.0444122 0.0538005 0.0612724 0.0649035
 1.0024e-16 8.19272e-05 0.000796361 0.0052921 0.0240571 0.0748506 0.159477 0.232762 0.232762 0.159479 0.0748564 0.0240737 0.00533368 0.000887149 0.000254412 0.000291145 0.000412157 0.000520165 0.000578552 0.000574445 0.000523135 0.000458692 0.000413638 0.000402518 0.000418864 0.000443516
 1.00056e-16 7.48112e-05 0.000727191 0.00483244 0.0219676 0.0683493 0.145626 0.212547 0.212556 0.145669 0.0684933 0.0223831 0.00587434 0.00299832 0.00437823 0.00709382 0.0101509 0.0126369 0.0136788 0.0128764 0.0105453 0.00752016 0.00467963 0.00255393 0.00123803 0.000550219
 1.00264e-16 7.4784e-05 0.000726927 0.00483069 0.0219596 0.0683245 0.145573 0.21247 0.212478 0.145612 0.0684569 0.022342 0.00579019 0.00282039 0.00404721 0.00656331 0.00942541 0.011805 0.0129114 0.0123776 0.0104746 0.00792862 0.00549413 0.00361193 0.00234897 0.00155327
 1.00656e-16 6.61865e-05 0.000643356 0.00427533 0.019435 0.0604697 0.128838 0.188046 0.188063 0.128922 0.0607527 0.0202522 0.00632574 0.00511663 0.00855349 0.014014 0.0201292 0.0252018 0.0275473 0.0263847 0.0222994 0.0168534 0.0116675 0.00768624 0.00504669 0.00341
 1.0108e-16 6.94456e-05 0.000675036 0.00448585 0.020392 0.0634473 0.135182 0.197304 0.197316 0.135242 0.0636492 0.0209754 0.00595081 0.00387496 0.00615225 0.0100752 0.0145393 0.0183486 0.0203287 0.0199279 0.0175288 0.0141651 0.010884 0.00825931 0.00633637 0.00489053
 1.00757e-16 7.28298e-05 0.000707931 0.00470445 0.0213858 0.0665391 0.141769 0.206918 0.206927 0.141816 0.0666955 0.0218375 0.0058383 0.003183 0.00477304 0.0077744 0.0111893 0.0140639 0.0154779 0.0150052 0.0129612 0.0101831 0.00752715 0.00547312 0.00406627 0.00311121
 1.00063e-16 8.12724e-05 0.000789997 0.00524981 0.0238649 0.0742525 0.158203 0.230902 0.230903 0.158208 0.0742712 0.023919 0.00538557 0.00108623 0.000643489 0.000934161 0.00133534 0.00167375 0.00183377 0.00176374 0.00150214 0.00115137 0.000817195 0.000560447 0.000388879 0.000279567
 1.00611e-16 1.43345e-05 0.000139337 0.000925946 0.00420926 0.013097 0.0279074 0.0407482 0.0408266 0.0282905 0.0143826 0.00792035 0.0102328 0.020428 0.0384629 0.0633459 0.0907377 0.113024 0.122457 0.115466 0.0948518 0.0680331 0.0428091 0.0238744 0.0120594 0.00575577
 1.00789e-16 7.97299e-05 0.000775003 0.00515017 0.0234119 0.0728432 0.1552 0.226519 0.22652 0.155203 0.072853 0.0234407 0.00522438 0.000943137 0.000416974 0.000609703 0.000978436 0.00145369 0.00201527 0.00264064 0.00328892 0.00388146 0.00430072 0.00442606 0.00419252 0.00363236
 1.01105e-16 5.22303e-05 0.000507697 0.00337382 0.0153369 0.0477191 0.101672 0.1484 0.148434 0.101838 0.048278 0.0169502 0.00741958 0.00932754 0.0167674 0.0275449 0.0394592 0.0491719 0.0533251 0.0503858 0.0415909 0.0301766 0.0195243 0.0116378 0.00681615 0.00429057
 1.05309e-16 4.58924e-05 0.000446091 0.00296443 0.0134759 0.0419287 0.0893345 0.130392 0.13042 0.0894689 0.0423807 0.0147836 0.0062553 0.00765724 0.0138203 0.0229801 0.0335726 0.0431949 0.049379 0.0509044 0.0484014 0.043698 0.0385086 0.0335677 0.0287366 0.0236836
 1.02929e-16 7.24111e-05 0.000703862 0.00467741 0.0212628 0.0661566 0.140954 0.205728 0.205734 0.140986 0.0662654 0.0215777 0.00546984 0.00244089 0.00339255 0.00555008 0.00812108 0.0104955 0.0121039 0.0126894 0.0124404 0.0118144 0.0112002 0.0106957 0.0101427 0.00932502
 1.01436e-16 6.86066e-05 0.000666881 0.00443166 0.0201457 0.0626807 0.133548 0.194921 0.194935 0.133618 0.0629134 0.0208174 0.00611722 0.00434426 0.00704617 0.0115235 0.0165551 0.02074 0.0227029 0.0218176 0.0185843 0.0143018 0.0103031 0.00734244 0.00548487 0.00439014
 1.05917e-16 1.17639e-05 0.000114349 0.000759892 0.0034544 0.0107483 0.0229029 0.033442 0.0335111 0.0232407 0.0118824 0.00673049 0.00898464 0.0180733 0.0341313 0.056438 0.0813677 0.102454 0.113082 0.110155 0.095895 0.0762585 0.057318 0.0424578 0.0319943 0.0245926
 1.04858e-16 7.12059e-05 0.000692147 0.00459956 0.0209089 0.0650554 0.138608 0.202302 0.202304 0.138618 0.0650897 0.0210098 0.00486006 0.00128513 0.0012687 0.00217112 0.00355603 0.00538222 0.00763534 0.0102766 0.0131792 0.0160408 0.0183687 0.019612 0.0193959 0.01771
 1.04639e-16 5.41201e-05 0.000526067 0.0034959 0.0158919 0.0494456 0.10535 0.153768 0.153796 0.10549 0.0499145 0.0172457 0.00689212 0.00793348 0.0141035 0.0231834 0.0332873 0.0416568 0.0455404 0.0437203 0.0372786 0.0289167 0.0213729 0.0161412 0.0132304 0.0117649
 1.09448e-16 3.33015e-05 0.000323703 0.00215112 0.0097787 0.0304254 0.0648259 0.0946232 0.0946614 0.0650123 0.0310517 0.0115902 0.00670701 0.0102985 0.0190629 0.031685 0.046158 0.0591215 0.0671275 0.0685244 0.0643266 0.0573008 0.0500776 0.0438377 0.0383585 0.0329372
 1.03955e-16 7.25981e-05 0.000705679 0.00468949 0.0213177 0.0663274 0.141318 0.206258 0.206263 0.141341 0.0664055 0.0215441 0.00526109 0.00196478 0.00249727 0.0041017 0.00610985 0.008125 0.00979302 0.0109555 0.0117129 0.0122827 0.0127737 0.013074 0.012937 0.0121688
 1.01935e-16 6.66713e-05 0.000648069 0.00430665 0.0195774 0.0609127 0.129781 0.189423 0.189439 0.129861 0.0611784 0.0203446 0.00623133 0.00484648 0.00803104 0.0131479 0.01888 0.0236337 0.0258392 0.0247881 0.0210666 0.016179 0.0116659 0.00839427 0.00642387 0.00533348
 1.0658e-16 1.57232e-05 0.000152836 0.00101565 0.00461703 0.0143656 0.0306099 0.0446893 0.0447526 0.0309193 0.0154048 0.00761913 0.00855415 0.0166187 0.0313143 0.0518128 0.0747939 0.0943746 0.104533 0.102442 0.0900944 0.0728405 0.0561019 0.0428458 0.0332891 0.0262227
 1.26342e-16 2.11391e-05 0.00020548 0.00136549 0.00620731 0.0193133 0.0411496 0.0600621 0.0600767 0.0412213 0.0195561 0.00691837 0.00318706 0.00430372 0.00816206 0.0143958 0.0229242 0.0334131 0.0454168 0.0585831 0.0724617 0.0859507 0.096967 0.102912 0.101818 0.0934077
 1.0486e-16 7.6784e-05 0.000746368 0.00495988 0.0225469 0.0701518 0.149466 0.21815 0.218152 0.149474 0.0701803 0.0226297 0.00516916 0.00120796 0.000968022 0.00151924 0.00228211 0.00309829 0.00388223 0.00464335 0.00549291 0.00656086 0.00787034 0.00926412 0.0104392 0.0110686
pSPR Fmed_Fpbrs
0.394385   0.221215 0.221215
Fs Fmed_Fpbrs
0.563387   1.005 1.005
SSBpbr Bo_Bmed_Bpbrs
1.66542e+06  573547  285145 285145
Ro
67918.9
SPR SPRFo_SPRFmed_SPRFpbrs
484779 191190 107240
Fref
1.005
Nvult_r0
 124950 2709.59 1492.42 5052.92 1175.19
CTP_r0
 35040.8 908.934 505.857 1713.63 398.563
YTP_r0
391089
Np
 137256 23538.1 5675.73 104.247 64.4338
Nvult_p0
 113717 20315.8 4910.76 90.2086 55.7571
CTP_p0
 49223.4 17788.6 335.298 182.9 755.218
 49223.4 10099.3 2460.43 45.2157 27.948
YTP_p0
 686106 586122
CBA_c0
656111
log_Ro
10.9461
likeval ReclasPelacesDesembMPH_pf_preclas_ppelaces_ptallas_desvR_qrecl_qpela
 14.0219 66.1255 0.127742 0.000991492 294.769 120.8 110.158 0 90.3486 1.86405e-05 0 0.0620296 0 0 0
q_reclas_q_pelaces
1.84375 1
M
1
N
 16367.1 33063.4 105259 12443.9 0.119042
 10347.1 5151.47 9938.2 31537.9 3727.87
 184235 2483.14 1089.8 2084.16 7392.2
 21339.9 44037.6 522.61 227.351 1975.96
 7178.87 3074.26 4810.42 56.0034 235.855
 372875 626.579 175.481 266.626 16.1503
 14098.2 105386 163.832 45.6365 73.5189
 3633.86 2797.55 17428.4 26.7543 19.4449
 7198.7 1102.04 801.398 4972.92 13.1794
 60247.6 312.022 25.4076 17.686 109.781
 49403.9 5297.05 17.9799 1.42187 7.1217
 125844 13967.1 1385.55 4.67776 2.22208
 81520.2 21845.3 1942.44 189.756 0.944167
 68257 14167 3042.51 266.418 26.1343
 46364.7 6902.19 978.491 204.666 19.6517
 394039 5313.58 560.624 77.6048 17.768
 17547.1 90558.5 1062.83 111.064 18.8843
 692233 4349.19 19975.9 232.561 28.4219
 316301 193900 1124.06 5134.14 67.0569
 139986 79804.2 43768.1 251.78 1164.54
 384066 32406.6 16113.8 8754.22 283.134
 517777 100512 7669.86 3787.29 2123.29
 24224.6 130238 22598.1 1711.07 1318.04
 280204 6731.2 33311.8 5747.01 770.101
 171547 82376.9 1852.16 9124.19 1784.61
 47644.3 49391.7 22062.7 493.579 2906.28
 231632 13569.7 13043.8 5796.12 892.92
 303671 65783.3 3570.37 3413.89 1750.19
 26392.7 94489.2 19481.7 1053.75 1523.83
 13492.7 8232.27 28071.3 5768.22 763.038
 166410 3483.05 1914.11 6479.85 1507.05
pred_Ctot
 1513.47 3886.9 12553.3 1485.2 0.0142085
 2353.86 1446.78 2825.91 8973.64 1060.75
 42237.1 702.524 312.157 597.368 2118.84
 8838.28 21511.5 257.686 112.157 974.805
 3865.41 1886.38 2973.01 34.6253 145.825
 55803.8 117.783 33.4364 50.8398 3.07962
 4313.33 39079.3 61.4338 17.1229 27.5853
 409.826 399.414 2523.59 3.87687 2.8178
 4692.48 791.044 578.206 3588.92 9.51162
 32349.3 191.008 15.6663 10.9093 67.7178
 7386.32 994.763 3.42262 0.270859 1.3567
 44606.9 5929.34 594.323 2.00759 0.953696
 28864.2 9264.57 832.372 81.3587 0.404827
 34579.2 8253.93 1786.42 156.492 15.3515
 22101 3815.59 545.421 114.133 10.9591
 97094.8 1609.43 171.872 23.8068 5.45087
 3736.36 23884.6 283.876 29.6843 5.04741
 106740 841.516 3917.57 45.6413 5.57815
 64763.6 49266.6 289.262 1322.1 17.2685
 34054.7 23881.5 13257.6 76.3145 352.986
 72031.8 7571.13 3813.87 2073.4 67.0618
 106750 25706.9 1986.73 981.687 550.389
 3833.27 25837.3 4543.73 344.285 265.212
 36231.8 1098.01 5509.65 951.233 127.471
 24044.5 14532.1 331.243 1632.97 319.406
 6943.45 9048.77 4097.35 91.7308 540.147
 34095.4 2510.17 2445.9 1087.63 167.562
 30005 8252.55 454.349 434.766 222.899
 2572.39 11696.1 2446.22 132.415 191.493
 2618.34 1987.13 6863.85 1411.38 186.708
 35040.8 908.934 505.857 1713.63 398.563
F
 0.155992 0.20204 0.205228 0.205399 0.205408
 0.427187 0.553288 0.562019 0.562487 0.562511
 0.431167 0.558443 0.567256 0.567728 0.567753
 0.937515 1.21426 1.23342 1.23445 1.2345
 1.43862 1.86329 1.89269 1.89427 1.89435
 0.263617 0.341434 0.346822 0.347111 0.347126
 0.617305 0.799527 0.812145 0.81282 0.812856
 0.193133 0.250143 0.254091 0.254302 0.254313
 2.13858 2.76987 2.81358 2.81592 2.81604
 1.43131 1.85382 1.88308 1.88464 1.88472
 0.263323 0.341053 0.346435 0.346723 0.346738
 0.751058 0.972763 0.988115 0.988936 0.988979
 0.749933 0.971305 0.986634 0.987454 0.987498
 1.29144 1.67266 1.69906 1.70047 1.70055
 1.16627 1.51054 1.53438 1.53566 1.53573
 0.470454 0.609327 0.618943 0.619457 0.619484
 0.394899 0.511469 0.519541 0.519973 0.519996
 0.27258 0.353043 0.358614 0.358912 0.358928
 0.377118 0.488439 0.496147 0.49656 0.496581
 0.463177 0.599902 0.609369 0.609876 0.609902
 0.34054 0.441064 0.448025 0.448397 0.448417
 0.380181 0.492407 0.500178 0.500594 0.500616
 0.280617 0.363452 0.369187 0.369494 0.36951
 0.224213 0.290399 0.294982 0.295227 0.29524
 0.245074 0.317418 0.322427 0.322695 0.322709
 0.255922 0.331467 0.336698 0.336978 0.336993
 0.258783 0.335173 0.340463 0.340746 0.340761
 0.16746 0.216892 0.220315 0.220498 0.220508
 0.165024 0.213737 0.21711 0.21729 0.2173
 0.354243 0.458812 0.466053 0.46644 0.46646
 0.389735 0.504781 0.512747 0.513173 0.513196
YTP_r0W_actual
 290839 12816 13961.7 58606.2 14866.4
YTP_p0W_proyectada
 368683 278747 7755.44 5371.77 25549
 368683 158255 56909.6 1327.99 945.482
CTP_r0_actual
 35040.8 908.934 505.857 1713.63 398.563
CTP_p0_proyectada
 49223.4 17788.6 335.298 182.9 755.218
 49223.4 10099.3 2460.43 45.2157 27.948
Wmedp
 7.49 15.67 23.13 29.37 33.83
Frms_r0
 0.389735 0.504781 0.512747 0.513173 0.513196
Zrms_r0
 1.38974 1.50478 1.51275 1.51317 1.5132
nmprior
 8.19 8.8 8.5 0
nm_flota  nm_reclas  nm_pelaces    nm_pelaL
inf 12.1038 6.29762 10.9378
cv_recla  cv_pelaces  cv_mph
0.338711 0.922055 0.97174
 ------------------------------------------------
Talla a la edad & desviaci?n 
 8 13.2811 15.8009 17.003 17.5766
 0.8 1.32811 1.58009 1.7003 1.75766
