years
 1991 1992 1993 1994 1995 1996 1997 1998 1999 2000 2001 2002 2003 2004 2005 2006 2007 2008 2009 2010 2011 2012 2013 2014 2015 2016 2017 2018 2019 2020 2021
reclasobs
 0 0 0 0 0 0 0 0 0 252601 567819 844713 477998 351125 339783 2.1784e+06 2.13404e+06 4.81314e+06 1.55562e+06 2.62356e+06 3.21686e+06 3.843e+06 1.13348e+06 3.07943e+06 1.97215e+06 2.03268e+06 2.025e+06 2.42433e+06 2.27542e+06 1.05018e+06 2.36338e+06
reclaspred
 4.10111e+06 2.33426e+06 1.19341e+06 1.38466e+06 1.50261e+06 2.25431e+06 1.51068e+06 1.32714e+06 924581 637528 612342 734512 716791 568046 584344 1.47029e+06 1.47708e+06 3.1763e+06 2.64989e+06 2.01521e+06 3.5537e+06 2.86798e+06 2.33615e+06 3.51816e+06 2.66701e+06 2.40771e+06 2.8164e+06 2.93157e+06 2.45246e+06 1.60934e+06 2.34721e+06
pelacesobs
 0 0 0 0 0 0 0 0 0 0 0 0 0 0 0 552880 188675 0 991730 2.46772e+06 1.41603e+06 1.21717e+06 2.29649e+06 1.80582e+06 0 1.4828e+06 1.56532e+06 1.57751e+06 1.42118e+06 867257 1.10002e+06
pelacespred
 1.90526e+06 1.21084e+06 622928 598818 662000 1.03958e+06 675280 696279 482150 316185 312499 305858 324920 271659 288301 603031 600784 1.49045e+06 1.28448e+06 903758 1.5459e+06 1.35854e+06 1.09949e+06 1.81727e+06 1.32409e+06 1.19107e+06 1.59186e+06 1.63908e+06 1.11823e+06 830488 1.20983e+06
mphobs
 0 0 0 0 0 0 0 0 0 0 0 498337 0 5186 125008 0 168611 109162 213762 579715 649985 157893 87575 83554 0 0 0 0 0 0 0
mphpred
 3.58346e+06 2.42033e+06 1.23077e+06 680863 908740 1.08777e+06 1.37742e+06 919166 782757 520208 323073 413000 418871 355429 246429 318380 990054 978665 1.83072e+06 1.40247e+06 1.5354e+06 1.88764e+06 1.77812e+06 1.50382e+06 2.05374e+06 1.7057e+06 1.43513e+06 1.51035e+06 2.06076e+06 1.43601e+06 942275
desembarqueobs
 494567 514787 250237 358949 120608 361735 552515 73892 212993 205616 52469 317467 293654 387597 252695 516296 358380 742168 942051 627588 828172 859565 418607 520667 417249 300574 415391 372974 316634 284311 391294
desembarquepred
 494577 513066 251234 358971 120612 361758 552612 73896.2 213054 205678 52472.1 317563 293728 387676 252703 516283 358411 742098 941916 627500 828269 859634 418628 520702 417260 300581 415400 372967 316634 284326 391303
Reclutas
 218000 124285 121145 272852 214984 316051 133063 62335.6 51578.5 63986.2 109279 147108 126436 90011.8 90722.8 471032 111622 706683 431753 338229 483331 643987 147888 398165 344732 161742 343318 377988 123974 92950.3 326145
log_desv_Rt
 0.120209 -0.441704 -0.467299 0.344646 0.10628 0.49162 -0.373461 -1.13175 -1.32118 -1.10562 -0.570379 -0.273116 -0.424547 -0.764344 -0.756476 0.890642 -0.549168 1.2963 0.803568 0.559438 0.916417 1.20339 -0.267829 0.722581 0.578484 -0.17828 0.574373 0.670577 -0.44421 -0.73222 0.523057
SSB
 3.58346e+06 2.42033e+06 1.23077e+06 680863 908740 1.08777e+06 1.37742e+06 919166 782757 520208 323073 413000 418871 355429 246429 318380 990054 978665 1.83072e+06 1.40247e+06 1.5354e+06 1.88764e+06 1.77812e+06 1.50382e+06 2.05374e+06 1.7057e+06 1.43513e+06 1.51035e+06 2.06076e+06 1.43601e+06 942275
BT
 4.80793e+06 3.29802e+06 1.68579e+06 1.6789e+06 1.61766e+06 2.70067e+06 2.05536e+06 1.66795e+06 1.32375e+06 929813 766983 974806 1.01741e+06 1.03053e+06 917959 1.80914e+06 1.6644e+06 4.09098e+06 3.86933e+06 2.6421e+06 4.23884e+06 3.93344e+06 2.90015e+06 4.67487e+06 3.43588e+06 3.01204e+06 4.09408e+06 4.1534e+06 2.83906e+06 2.18767e+06 3.1587e+06
Ftot
 0.117056 0.210532 0.202812 0.260863 0.0802621 0.162108 0.349542 0.0552593 0.225898 0.313523 0.0880018 0.425094 0.403276 0.658629 0.436707 0.364168 0.237022 0.240793 0.349271 0.307749 0.233918 0.298336 0.175082 0.151616 0.155067 0.123457 0.150509 0.130721 0.124903 0.172082 0.171899
BD_Bspro_t
 0.981445 0.863086 0.719116 0.640491 0.671104 0.743908 0.732826 0.603467 0.649977 0.602348 0.556388 0.699192 0.571575 0.480781 0.376791 0.438801 0.602235 0.585408 0.668507 0.576523 0.552605 0.599589 0.612792 0.611455 0.710121 0.71957 0.730443 0.761937 0.800118 0.741871 0.687412
BD_Bspro
 2.59342 1.75164 0.890733 0.492754 0.657672 0.787238 0.996865 0.665218 0.566497 0.376485 0.233814 0.298896 0.303145 0.25723 0.178346 0.230418 0.716521 0.708279 1.32492 1.01499 1.1112 1.36612 1.28686 1.08834 1.48633 1.23444 1.03863 1.09307 1.49141 1.03927 0.681943
BD_Bo
 1.78487 1.20553 0.613031 0.339129 0.452631 0.541802 0.686075 0.457825 0.389881 0.259109 0.160919 0.20571 0.208634 0.177034 0.122743 0.158581 0.493133 0.48746 0.911856 0.698552 0.764762 0.940209 0.885657 0.749034 1.02294 0.849584 0.714817 0.752288 1.02644 0.715257 0.469335
BD_Brms
 11.9605 8.07834 4.10795 2.27252 3.0331 3.63064 4.59742 3.0679 2.61261 1.7363 1.07832 1.37847 1.39807 1.18631 0.822508 1.06266 3.3045 3.26649 6.11038 4.68102 5.1247 6.30038 5.93482 5.01931 6.85477 5.6931 4.79002 5.04111 6.87821 4.79297 3.14503
Sel_flota
 0.858242 1 1 1 1
 0.858242 1 1 1 1
 0.858242 1 1 1 1
 0.858242 1 1 1 1
 0.858242 1 1 1 1
 0.858242 1 1 1 1
 0.858242 1 1 1 1
 0.858242 1 1 1 1
 0.858242 1 1 1 1
 0.858242 1 1 1 1
 0.858242 1 1 1 1
 0.858242 1 1 1 1
 0.858242 1 1 1 1
 0.858242 1 1 1 1
 0.858242 1 1 1 1
 0.858242 1 1 1 1
 0.858242 1 1 1 1
 0.858242 1 1 1 1
 0.858242 1 1 1 1
 0.858242 1 1 1 1
 0.858242 1 1 1 1
 0.858242 1 1 1 1
 0.858242 1 1 1 1
 0.858242 1 1 1 1
 0.858242 1 1 1 1
 0.858242 1 1 1 1
 0.858242 1 1 1 1
 0.858242 1 1 1 1
 0.858242 1 1 1 1
 0.858242 1 1 1 1
 0.858242 1 1 1 1
Sel_reclas
 0.981813 1 1 1 1
 0.981813 1 1 1 1
 0.981813 1 1 1 1
 0.981813 1 1 1 1
 0.981813 1 1 1 1
 0.981813 1 1 1 1
 0.981813 1 1 1 1
 0.981813 1 1 1 1
 0.981813 1 1 1 1
 0.981813 1 1 1 1
 0.981813 1 1 1 1
 0.981813 1 1 1 1
 0.981813 1 1 1 1
 0.981813 1 1 1 1
 0.981813 1 1 1 1
 0.981813 1 1 1 1
 0.981813 1 1 1 1
 0.981813 1 1 1 1
 0.981813 1 1 1 1
 0.981813 1 1 1 1
 0.981813 1 1 1 1
 0.981813 1 1 1 1
 0.981813 1 1 1 1
 0.981813 1 1 1 1
 0.981813 1 1 1 1
 0.981813 1 1 1 1
 0.981813 1 1 1 1
 0.981813 1 1 1 1
 0.981813 1 1 1 1
 0.981813 1 1 1 1
 0.981813 1 1 1 1
Sel_pelaces
 1 1 1 1 1
 1 1 1 1 1
 1 1 1 1 1
 1 1 1 1 1
 1 1 1 1 1
 1 1 1 1 1
 1 1 1 1 1
 1 1 1 1 1
 1 1 1 1 1
 1 1 1 1 1
 1 1 1 1 1
 1 1 1 1 1
 1 1 1 1 1
 1 1 1 1 1
 1 1 1 1 1
 1 1 1 1 1
 1 1 1 1 1
 1 1 1 1 1
 1 1 1 1 1
 1 1 1 1 1
 1 1 1 1 1
 1 1 1 1 1
 1 1 1 1 1
 1 1 1 1 1
 1 1 1 1 1
 1 1 1 1 1
 1 1 1 1 1
 1 1 1 1 1
 1 1 1 1 1
 1 1 1 1 1
 1 1 1 1 1
pf_obs 
 0.8446 0.082 0.0669 0.0065 0
 0.8095 0.147 0.0364 0.0071 0
 0.9664 0.0169 0.016 0.0007 0
 0.9276 0.0648 0.0075 0.0001 0
 0.7033 0.2144 0.0806 0.0017 0
 0.9318 0.0425 0.0243 0.0014 0
 0.5671 0.3108 0.0964 0.0239 0.0018
 0.0768 0.2599 0.5324 0.112 0.0189
 0.490249 0.384438 0.106611 0.0170017 0.00170017
 0.7925 0.1577 0.0466 0.003 0.0002
 0.840416 0.127587 0.0312969 0.00059994 9.999e-05
 0.8084 0.0986 0.0794 0.0134 0.0002
 0.7335 0.1905 0.0724 0.0035 0.0001
 0.4001 0.4547 0.1325 0.0127 0
 0.49795 0.308269 0.164784 0.0264974 0.00249975
 0.9179 0.0499 0.0305 0.0017 0
 0.2467 0.6533 0.0926 0.0074 0
 0.9418 0.0223 0.034 0.0019 0
 0.707729 0.231977 0.0356964 0.0245975 0
 0.517169 0.277429 0.184464 0.0207286 0.00020938
 0.811772 0.124168 0.05621 0.00726502 0.000585176
 0.764997 0.148141 0.077277 0.00933861 0.000247198
 0.163321 0.427699 0.378323 0.0303852 0.000271297
 0.753843 0.0900009 0.118128 0.0371064 0.000921714
 0.721811 0.176058 0.0630433 0.0369309 0.00215725
 0.143369 0.312575 0.442814 0.0836902 0.0175525
 0.692698 0.0596174 0.167031 0.0765114 0.00414204
 0.394062 0.376323 0.152708 0.0712218 0.00568511
 0.125707 0.32114 0.495352 0.0537591 0.00404204
 0.23352 0.215282 0.420074 0.123614 0.00750983
 0.774587 0.0839891 0.0768558 0.0609784 0.00358967
pf_pred 
 0.460061 0.108569 0.409506 0.0218632 7.70749e-07
 0.426985 0.286876 0.0575359 0.217016 0.0115868
 0.563906 0.204603 0.115894 0.0232437 0.0923526
 0.793417 0.125018 0.038268 0.0216763 0.0216206
 0.65468 0.283386 0.0374806 0.0114728 0.0129805
 0.718968 0.193859 0.0715383 0.00946165 0.00617303
 0.463754 0.402912 0.0919748 0.0339408 0.00741776
 0.429868 0.290442 0.210147 0.0479713 0.0215714
 0.490108 0.239042 0.137979 0.0998338 0.0330374
 0.655889 0.183434 0.0753267 0.04348 0.0418703
 0.784671 0.149707 0.0349808 0.0143648 0.0162763
 0.737529 0.212734 0.0345791 0.00807981 0.00707742
 0.695244 0.23545 0.0561736 0.00913081 0.00400235
 0.640652 0.263589 0.073982 0.0176506 0.00412664
 0.74458 0.175674 0.0584957 0.0164181 0.00483281
 0.933375 0.0519114 0.0101199 0.0033697 0.00122418
 0.419618 0.547857 0.0253422 0.00494034 0.00224265
 0.894543 0.0487461 0.0535326 0.00247626 0.000701869
 0.619161 0.346492 0.0158765 0.0174354 0.00103511
 0.623966 0.248657 0.115889 0.0053101 0.00617772
 0.745273 0.169393 0.0564281 0.0262989 0.00260695
 0.750049 0.194126 0.0371234 0.0123665 0.00633487
 0.353449 0.505593 0.109476 0.0209354 0.0105465
 0.743007 0.100903 0.12206 0.0264297 0.00760038
 0.642231 0.276677 0.0318388 0.038515 0.0107379
 0.461092 0.366129 0.133617 0.0153761 0.0237859
 0.735926 0.132516 0.0893788 0.0326184 0.00956015
 0.693082 0.23535 0.035914 0.0242231 0.011431
 0.385245 0.446798 0.128792 0.0196535 0.0195112
 0.455009 0.231391 0.227921 0.0656996 0.0199788
 0.826392 0.0862365 0.0370961 0.0365398 0.0137358
pobs_RECLAS
 0 0 0 0 0
 0 0 0 0 0
 0 0 0 0 0
 0 0 0 0 0
 0 0 0 0 0
 0 0 0 0 0
 0 0 0 0 0
 0 0 0 0 0
 0 0 0 0 0
 0 0 0 0 0
 0.991045 0.00858322 0.000360255 1.14367e-05 0
 0.934742 0.0480273 0.0164251 0.00080598 0
 0.827803 0.169806 0.00239088 0 0
 0.941827 0.0461693 0.0120037 0 0
 0.791401 0.0380133 0.147996 0.0225897 0
 0.846168 0.0940531 0.0597789 0 0
 0.134021 0.677848 0.182769 0.00536245 0
 0.80878 0.0450904 0.141981 0.00414843 0
 0.846168 0.0940531 0.0597789 0 0
 0.905697 0.0802665 0.012482 0.00150086 5.37128e-05
 0.989698 0.0102097 9.19794e-05 0 0
 0.975433 0.0193895 0.00387452 0.00125025 5.28907e-05
 0.303575 0.632131 0.0575291 0.00676475 0
 0.966965 0.00978017 0.0227588 0.000495775 0
 0.843318 0.132988 0.00938335 0.0141283 0.000182051
 0.564624 0.303363 0.111486 0.0197234 0.00080311
 0.826376 0.0876187 0.0782897 0.00655872 0.00115652
 0.89761 0.0855135 0.0140674 0.00269457 0.000114338
 0.34875 0.467042 0.161289 0.0227151 0.000203297
 0.318654 0.224769 0.449479 0.00709798 0
 0.937255 0.0296025 0.0250945 0.00804832 0
ppred_RECLAS
 0.493981 0.101749 0.38378 0.0204897 7.2233e-07
 0.460894 0.2699 0.0541311 0.204174 0.0109011
 0.597324 0.188924 0.107013 0.0214626 0.0852756
 0.815161 0.111859 0.0342402 0.0193948 0.019345
 0.684643 0.258797 0.0342285 0.0104773 0.0118542
 0.74574 0.175391 0.0647234 0.00856031 0.00558496
 0.498649 0.376694 0.0859899 0.0317323 0.00693508
 0.463266 0.273428 0.197837 0.0451612 0.0203078
 0.524504 0.222917 0.128672 0.0930993 0.0308088
 0.686584 0.167072 0.0686075 0.0396016 0.0381355
 0.806701 0.134391 0.0314019 0.0128951 0.0146111
 0.763952 0.191319 0.0310981 0.00726643 0.00636495
 0.724245 0.213044 0.050828 0.0082619 0.00362148
 0.67365 0.239385 0.0671884 0.0160298 0.00374771
 0.770555 0.157808 0.0525468 0.0147484 0.00434133
 0.941576 0.0455213 0.00887414 0.0029549 0.00107349
 0.453512 0.515863 0.0238623 0.00465183 0.00211168
 0.906863 0.0430513 0.0472786 0.00218696 0.000619872
 0.65154 0.317034 0.0145267 0.0159531 0.000947103
 0.655992 0.22748 0.106019 0.00485786 0.00565158
 0.770539 0.152591 0.0508311 0.0236903 0.00234837
 0.775176 0.174611 0.0333915 0.0111234 0.00569804
 0.385316 0.480673 0.10408 0.0199036 0.0100267
 0.768199 0.0910114 0.110095 0.0238389 0.00685533
 0.672965 0.252909 0.0291037 0.0352063 0.00981542
 0.49504 0.343065 0.1252 0.0144075 0.0222875
 0.761587 0.119639 0.0806936 0.0294487 0.00863116
 0.721272 0.213733 0.0326154 0.0219982 0.0103811
 0.417945 0.423032 0.121941 0.0186081 0.0184734
 0.489094 0.216919 0.213667 0.0615906 0.0187293
 0.845154 0.0769168 0.0330871 0.0325909 0.0122513
pobs_PELACES
 0 0 0 0 0
 0 0 0 0 0
 0 0 0 0 0
 0 0 0 0 0
 0 0 0 0 0
 0 0 0 0 0
 0 0 0 0 0
 0 0 0 0 0
 0 0 0 0 0
 0 0 0 0 0
 0 0 0 0 0
 0 0 0 0 0
 0 0 0 0 0
 0 0 0 0 0
 0 0 0 0 0
 0 0 0 0 0
 0.505614 0.472636 0.0217494 0 0
 0 0 0 0 0
 0.443492 0.261883 0.143347 0.151278 0
 0.227955 0.32914 0.350689 0.0885471 0.00366901
 0.970185 0.0296113 0.000203453 0 0
 0.997202 0.00247181 0.000326279 0 0
 0.445219 0.490057 0.0546422 0.010081 0
 0.90214 0.0892962 0.00764917 0.000914606 0
 0 0 0 0 0
 0.581667 0.319106 0.0959925 0.00289975 0.000334073
 0.762889 0.0836404 0.116647 0.0363945 0.000428098
 0.88444 0.0763242 0.0277011 0.0115352 0
 0.521256 0.241999 0.230069 0.00667565 0
 0.616807 0.101726 0.260614 0.0208532 0
 0.833518 0.0704572 0.0857862 0.0102388 0
ppred_PELACES
 0.499938 0.100551 0.379262 0.0202485 7.13826e-07
 0.467909 0.266388 0.0534267 0.201517 0.0107592
 0.604003 0.185791 0.105238 0.0211066 0.0838613
 0.819721 0.1091 0.0333955 0.0189163 0.0188677
 0.689397 0.254896 0.0337125 0.0103194 0.0116755
 0.750627 0.17202 0.0634794 0.00839578 0.00547762
 0.507325 0.370175 0.0845018 0.0311831 0.00681506
 0.468477 0.270774 0.195916 0.0447228 0.0201106
 0.531711 0.219538 0.126721 0.0916881 0.0303418
 0.693645 0.163307 0.0670618 0.0387093 0.0372762
 0.810181 0.131971 0.0308366 0.012663 0.014348
 0.770778 0.185786 0.0301988 0.00705629 0.00618088
 0.731616 0.207349 0.0494694 0.00804106 0.00352467
 0.684365 0.231525 0.0649824 0.0155035 0.00362466
 0.77734 0.153142 0.050993 0.0143123 0.00421295
 0.943493 0.0440278 0.00858301 0.00285796 0.00103827
 0.460818 0.508966 0.0235432 0.00458963 0.00208345
 0.909335 0.0419087 0.0460238 0.00212892 0.000603422
 0.659374 0.309906 0.0142 0.0155944 0.000925808
 0.663344 0.222618 0.103753 0.00475403 0.00553079
 0.775678 0.149174 0.0496927 0.0231598 0.00229578
 0.780757 0.170277 0.0325626 0.0108472 0.0055566
 0.391622 0.475742 0.103012 0.0196994 0.00992382
 0.7727 0.0892445 0.107958 0.023376 0.00672224
 0.678576 0.24857 0.0286044 0.0346023 0.00964702
 0.501072 0.338967 0.123704 0.0142354 0.0220213
 0.766167 0.117341 0.0791433 0.028883 0.00846534
 0.726165 0.209982 0.0320429 0.0216121 0.0101989
 0.423843 0.418746 0.120706 0.0184195 0.0182862
 0.495694 0.214117 0.210907 0.060795 0.0184873
 0.848577 0.0752165 0.0323557 0.0318705 0.0119805
pobs_pel_tallas
 0 0 0 0 0 0 0 0 0 0 0 0 0 0 0 0 0 0 0 0 0 0 0 0 0 0
 0 0 0 0 0 0 0 0 0 0 0 0 0 0 0 0 0 0 0 0 0 0 0 0 0 0
 0 0 0 0 0 0 0 0 0 0 0 0 0 0 0 0 0 0 0 0 0 0 0 0 0 0
 0 0 0 0 0 0 0 0 0 0 0 0 0 0 0 0 0 0 0 0 0 0 0 0 0 0
 0 0 0 0 0 0 0 0 0 0 0 0 0 0 0 0 0 0 0 0 0 0 0 0 0 0
 0 0 0 0 0 0 0 0 0 0 0 0 0 0 0 0 0 0 0 0 0 0 0 0 0 0
 0 0 0 0 0 0 0 0 0 0 0 0 0 0 0 0 0 0 0 0 0 0 0 0 0 0
 0 0 0 0 0 0 0 0 0 0 0 0 0 0 0 0 0 0 0 0 0 0 0 0 0 0
 0 0 0 0 0 0 0 0 0 0 0 0 0 0 0 0 0 0 0 0 0 0 0 0 0 0
 0 0 0 0 0 0 0 0 0 0 0 0 0 0 0 0 0 0 0 0 0 0 0 0 0 0
 0 0 0 0 0 0 0 0 0 0 0 0 0 0 0 0 0 0 0 0 0 0 0 0 0 0
 0 0 0 0 0 0 0 0 0 0 0 0 0 0 0 0 0 0 0 0 0 0 0 0 0 0
 0.00862536 0 0 0.000197151 0.00414017 0.0128641 0.00837892 0.0270097 0.101434 0.158115 0.152841 0.127902 0.109271 0.109419 0.0830992 0.0579132 0.0238553 0.00714673 0.00463305 0.00128148 0.00103504 0.000492878 0.000147863 0.000147863 4.92878e-05 0
 0 0 0 0 0 0 0 0 0 0 0 0 0 0 0 0 0 0 0 0 0 0 0 0 0 0
 0 0 0 0 0 0 0 0.0054083 0.00873648 0.0413646 0.0450493 0.0745869 0.0622846 0.0627006 0.0613931 0.0827291 0.12552 0.122667 0.0946155 0.0697135 0.0546179 0.0294188 0.0215738 0.0213955 0.0102223 0.00600262
 0 0 0 0 0.00359764 0.0251062 0.0480494 0.140153 0.205849 0.193036 0.1447 0.116669 0.0760912 0.0342217 0.00950174 0.001854 0.000860785 0 0 0 0.000165536 0 0.000143464 0 0 0
 0 0 0 0 0 0 0 0.000145254 0.000435761 0.0275982 0.070085 0.0708112 0.156366 0.174668 0.174014 0.160142 0.0824315 0.0480064 0.0283245 0.00493863 0.00203355 0 0 0 0 0
 0 0 0 0 0 0 0 0 0 0 0 0 0 0 0 0 0 0 0 0 0 0 0 0 0 0
 0 0 1.00437e-05 0.000401748 0.00122533 0.00171747 0.00176769 0.0269171 0.070346 0.194647 0.189555 0.159765 0.064822 0.0314167 0.0384472 0.0292271 0.0345202 0.0313363 0.0194345 0.0106764 0.0143323 0.0359363 0.0279516 0.0138201 0.00172751 0
 0 0.0021121 0.0136068 0.0755702 0.200478 0.177729 0.0527432 0.0373336 0.0318909 0.0142505 0.0149659 0.0166563 0.0217959 0.0798694 0.0677717 0.0528807 0.04013 0.0224614 0.0357745 0.0225083 0.00881397 0.00855152 0.00135912 0.000746735 0 0
 0 0 0 0 5.4009e-05 0.00500934 0.000945158 0.0243581 0.138947 0.33067 0.221406 0.137944 0.0707744 0.0437923 0.0131692 0.00525238 0.0047753 0.00276346 9.45158e-05 9.00151e-06 2.25038e-05 9.00151e-06 4.50075e-06 0 0 0
 0.000866109 0.00284123 0.00948549 0.0512746 0.133035 0.25785 0.225252 0.132002 0.0553304 0.0519788 0.0540692 0.017754 0.00435017 0.00159236 0.00146478 0.000404838 0.000125132 0.000115318 0.000107957 0.000100596 0 0 0 0 0 0
 0 0 0 0 0.00144013 0.00171154 0.00461396 0.0210425 0.0478622 0.0707936 0.0888783 0.103762 0.0637923 0.0337046 0.0602308 0.124433 0.169614 0.0934646 0.0462172 0.0250306 0.0313229 0.00938855 0.002487 0.000210481 0 0
 0 0.00764035 0.051015 0.0998891 0.058973 0.0496711 0.0374665 0.0718981 0.12319 0.153886 0.159021 0.0857701 0.0377988 0.023471 0.0147837 0.00900784 0.00315554 0.000888139 0.00291439 0.00214683 0.00393193 0.00274676 0.000635225 9.99891e-05 0 0
 0 0 0 0 0 0 0 0 0 0 0 0 0 0 0 0 0 0 0 0 0 0 0 0 0 0
 0 0 0 0 0 0 0 0 0 0 0 0 0 0 0 0 0 0 0 0 0 0 0 0 0 0
 0 0 0 0 0 0 0 0 0 0 0 0 0 0 0 0 0 0 0 0 0 0 0 0 0 0
 0 0 0 0 0 0 0 0 0 0 0 0 0 0 0 0 0 0 0 0 0 0 0 0 0 0
 0 0 0 0 0 0 0 0 0 0 0 0 0 0 0 0 0 0 0 0 0 0 0 0 0 0
 0 0 0 0 0 0 0 0 0 0 0 0 0 0 0 0 0 0 0 0 0 0 0 0 0 0
 0 0 0 0 0 0 0 0 0 0 0 0 0 0 0 0 0 0 0 0 0 0 0 0 0 0
ppred_pel_tallas
 1.13002e-16 4.11793e-05 0.000400277 0.00265998 0.0120919 0.0376224 0.080159 0.116996 0.117007 0.0802094 0.0377933 0.0125927 0.00394434 0.00329416 0.00580063 0.0102097 0.0162947 0.0237944 0.0323431 0.0415709 0.0509673 0.0595465 0.0657236 0.0677566 0.0646009 0.0565797
 1.23641e-16 3.85411e-05 0.000374633 0.00248957 0.0113172 0.0352123 0.0750244 0.109506 0.109532 0.0751504 0.0356356 0.0125412 0.00556764 0.00711396 0.0128998 0.021439 0.031321 0.0403988 0.0466048 0.0492263 0.0494164 0.0493795 0.0508172 0.0538269 0.0569616 0.058206
 1.19393e-16 4.97509e-05 0.000483597 0.00321367 0.0146089 0.0454538 0.0968448 0.141352 0.14137 0.096933 0.0457506 0.0154681 0.00537772 0.00523233 0.00914201 0.0152316 0.02241 0.0292072 0.0341854 0.0367733 0.0376098 0.0380226 0.0390516 0.0407911 0.0424597 0.0429783
 1.06082e-16 6.75193e-05 0.000656312 0.00436142 0.0198264 0.0616874 0.131432 0.191831 0.191841 0.131483 0.0618607 0.0203274 0.00562103 0.00341256 0.00532177 0.00874411 0.0127185 0.0162763 0.0184904 0.0189678 0.0180856 0.0167108 0.0156261 0.0151106 0.0149273 0.0146127
 1.04049e-16 5.67847e-05 0.000551968 0.00366802 0.0166743 0.0518801 0.110537 0.161337 0.161362 0.110657 0.0522832 0.0178385 0.00659021 0.00693117 0.0121724 0.0200349 0.0288607 0.0363085 0.0400357 0.038976 0.0339781 0.0272288 0.0209373 0.0163009 0.0133476 0.0114523
 1.03645e-16 6.18282e-05 0.000600992 0.0039938 0.0181553 0.0564879 0.120354 0.175664 0.17568 0.120435 0.0567612 0.0189455 0.00598039 0.00494766 0.00834606 0.0137758 0.0200157 0.0255399 0.0288244 0.0291502 0.0269905 0.0236119 0.0202332 0.0174235 0.0150994 0.0129219
 1.06814e-16 4.17877e-05 0.000406192 0.00269929 0.0122706 0.0381786 0.0813448 0.118733 0.118768 0.0815194 0.0387651 0.0139655 0.00695668 0.00970962 0.0177389 0.0293344 0.0424299 0.0537328 0.0599089 0.0594235 0.0534269 0.0448984 0.0367712 0.0305178 0.0260289 0.02243
 1.13612e-16 3.85879e-05 0.000375088 0.00249259 0.011331 0.035255 0.0751155 0.109639 0.109665 0.0752444 0.0356886 0.0125867 0.0056574 0.00732601 0.0133637 0.0223572 0.0329664 0.0430635 0.0504723 0.0541605 0.0547281 0.053709 0.052307 0.050648 0.048036 0.0437735
 1.18043e-16 4.37964e-05 0.000425716 0.00282904 0.0128604 0.0400136 0.085254 0.124435 0.124457 0.0853584 0.0403646 0.0138767 0.00538947 0.00604671 0.0108134 0.0180595 0.026616 0.0347777 0.040859 0.0441699 0.0453979 0.0459781 0.0469562 0.0482733 0.048941 0.0478039
 1.12168e-16 5.71347e-05 0.000555369 0.00369063 0.0167771 0.0521997 0.111218 0.162329 0.162345 0.111295 0.0524598 0.0175294 0.00558362 0.004703 0.00797994 0.0132249 0.0193427 0.0249728 0.0287895 0.0302486 0.0299137 0.0290142 0.0285821 0.0288502 0.029282 0.0290575
 1.04622e-16 6.67336e-05 0.000648674 0.00431067 0.0195957 0.0609695 0.129902 0.189599 0.189612 0.129965 0.0611787 0.0202003 0.00582952 0.00396863 0.00638487 0.0104847 0.0151817 0.0192764 0.021601 0.0216386 0.0198298 0.0172552 0.0149514 0.013394 0.0124535 0.0117025
 1.02673e-16 6.3488e-05 0.000617126 0.00410102 0.0186427 0.0580043 0.123585 0.18038 0.180398 0.123673 0.0582983 0.0194918 0.00623275 0.00527195 0.00890756 0.0146355 0.0211006 0.026586 0.0293865 0.0287187 0.0251816 0.0203363 0.0157575 0.0122943 0.00997109 0.00836627
 1.02884e-16 6.02623e-05 0.000585771 0.00389265 0.0176954 0.0550572 0.117306 0.171216 0.171236 0.117404 0.0553858 0.0186448 0.00627724 0.00579642 0.00997107 0.0164275 0.0237485 0.0300513 0.0334514 0.0330684 0.0295255 0.0244795 0.0195835 0.0157027 0.0128431 0.0105908
 1.04103e-16 5.63703e-05 0.000547939 0.00364125 0.0165526 0.0515014 0.10973 0.160159 0.160181 0.109839 0.0518686 0.0176139 0.00630793 0.00637787 0.0111536 0.0184157 0.026677 0.0338699 0.0379166 0.037848 0.0343468 0.0292142 0.0242148 0.0202226 0.0171717 0.0145718
 1.0366e-16 6.40285e-05 0.00062238 0.00413593 0.0188014 0.0584981 0.124637 0.181914 0.181929 0.124709 0.0587413 0.0195044 0.00590314 0.00448822 0.00742961 0.0122434 0.017777 0.0226631 0.0255481 0.0258042 0.0238754 0.0209162 0.0180306 0.015722 0.0138833 0.0121584
 1.00722e-16 7.77143e-05 0.00075541 0.00501997 0.02282 0.0710017 0.151277 0.220794 0.220798 0.151297 0.0710714 0.0230215 0.00552574 0.00186024 0.00217811 0.0034835 0.00502394 0.00634616 0.00704583 0.00693881 0.00616452 0.00508508 0.00406118 0.00328053 0.00273895 0.00233409
 1.01623e-16 3.79571e-05 0.000368956 0.00245185 0.0111458 0.0346789 0.0738889 0.107853 0.107902 0.0741281 0.0354821 0.0134646 0.0082685 0.0130538 0.0240908 0.0396668 0.056903 0.071062 0.0773414 0.0735268 0.0613364 0.0453169 0.0302106 0.0188172 0.011566 0.00743741
 1.01655e-16 7.49007e-05 0.000728062 0.00483823 0.0219939 0.0684311 0.1458 0.2128 0.212804 0.14582 0.0684987 0.0221898 0.00533307 0.00181812 0.00217383 0.0035498 0.00527931 0.00699732 0.00837273 0.00923092 0.00961367 0.00967451 0.00950845 0.00907736 0.00828452 0.00710736
 1.0221e-16 5.43118e-05 0.000527931 0.00350829 0.0159482 0.0496208 0.105724 0.154313 0.154343 0.105869 0.05011 0.0173604 0.00705113 0.0082551 0.0147096 0.02418 0.034707 0.0433974 0.0473483 0.0452375 0.0381316 0.0288001 0.0200986 0.0136632 0.00966143 0.00738068
 1.04464e-16 5.46389e-05 0.000531109 0.00352941 0.0160442 0.0499195 0.10636 0.15524 0.155261 0.106465 0.0502739 0.0170691 0.00610737 0.00617635 0.0108272 0.017946 0.0261546 0.0335279 0.038113 0.0389646 0.0366303 0.0326375 0.0284364 0.0246759 0.0212471 0.0178086
 1.04184e-16 6.38916e-05 0.000621049 0.00412709 0.0187612 0.058373 0.12437 0.181525 0.18154 0.124441 0.05861 0.0194462 0.00584927 0.00438906 0.00724515 0.011943 0.0173556 0.0221601 0.0250521 0.0254355 0.0237533 0.0211273 0.0186093 0.0166442 0.01507 0.0134876
 1.03012e-16 6.43099e-05 0.000625115 0.00415411 0.018884 0.0587552 0.125185 0.182714 0.182731 0.125265 0.0590248 0.0196629 0.00611003 0.00489757 0.00818648 0.0134534 0.0194247 0.0245364 0.0272404 0.0268281 0.0238438 0.019694 0.0157783 0.0128227 0.0108044 0.00931423
 1.0675e-16 3.22575e-05 0.000313554 0.00208368 0.00947214 0.0294716 0.062794 0.0916594 0.0917053 0.0630184 0.0302251 0.0116493 0.00755137 0.0122588 0.0227457 0.0376234 0.0543611 0.0687086 0.0763379 0.0752359 0.0668633 0.0550784 0.0437395 0.0348804 0.0285216 0.0236692
 1.06621e-16 6.36463e-05 0.000618664 0.00411124 0.0186891 0.0581488 0.123893 0.180827 0.180835 0.123935 0.0582932 0.0191081 0.0051706 0.00295638 0.00457732 0.00766015 0.0114822 0.0153912 0.0187469 0.0212304 0.022952 0.0241998 0.0250619 0.0252785 0.0244403 0.0223296
 1.05992e-16 5.58935e-05 0.000543304 0.00361045 0.0164126 0.0510658 0.108802 0.158805 0.158829 0.108919 0.0514589 0.017548 0.00646078 0.00676651 0.0118782 0.0195592 0.0282011 0.0355432 0.0393376 0.0385919 0.0341798 0.0282538 0.0229339 0.0192826 0.0171646 0.0157974
 1.08811e-16 4.12727e-05 0.000401186 0.00266602 0.0121194 0.037708 0.0803421 0.117269 0.117301 0.0805024 0.0382466 0.0136765 0.00658051 0.00896617 0.0163654 0.027141 0.0394471 0.0503479 0.0568577 0.0575804 0.053476 0.0470679 0.0407719 0.0356961 0.0316244 0.0278041
 1.06644e-16 6.31082e-05 0.000613434 0.00407649 0.0185311 0.0576573 0.122845 0.179299 0.17931 0.122901 0.0578451 0.0190749 0.00544679 0.00362242 0.00582977 0.00967513 0.0142552 0.0186127 0.0218105 0.0234204 0.0237307 0.0234355 0.0230699 0.0226708 0.0218815 0.0203217
 1.04872e-16 5.98133e-05 0.000581406 0.00386365 0.0175636 0.054647 0.116432 0.16994 0.16996 0.116531 0.0549793 0.0185235 0.0062737 0.00584473 0.0100626 0.0165598 0.0238971 0.0301612 0.0334532 0.0329239 0.0292852 0.0243193 0.0197844 0.0165677 0.0145783 0.0132073
 1.08533e-16 3.49115e-05 0.000339352 0.00225511 0.0102514 0.0318963 0.0679599 0.0991979 0.0992384 0.0681576 0.0325605 0.0121713 0.00707906 0.0108861 0.0201123 0.0333179 0.0482817 0.0613231 0.0686944 0.0686499 0.0624302 0.0532979 0.0444477 0.0374588 0.0322002 0.027758
 1.15367e-16 4.08297e-05 0.000396879 0.0026374 0.0119893 0.0373031 0.0794791 0.116006 0.116027 0.0795815 0.037648 0.0129893 0.00516246 0.00595821 0.0107476 0.0180838 0.0269412 0.0357662 0.0429712 0.0478038 0.0506549 0.0524623 0.0537432 0.054122 0.0526924 0.0487916
 1.06177e-16 6.98962e-05 0.000679416 0.00451496 0.0205243 0.0638589 0.136058 0.198583 0.19859 0.136094 0.0639788 0.0208713 0.00538838 0.00259435 0.00373154 0.00612541 0.00897995 0.0116494 0.0135401 0.0144193 0.0145532 0.0144921 0.0146661 0.0151122 0.0155072 0.0154182
pSPR Fmed_Fpbrs
0.670801   0.199231 0.199231
Fs Fmed_Fpbrs
0.206514   1.005 1.005
SSBpbr Bo_Bmed_Bpbrs
2.00768e+06  1.24637e+06  299607 299607
Ro
193308
SPR SPRFo_SPRFmed_SPRFpbrs
1.38175e+06 926880 275287
Fref
1.005
Nvult_r0
 222620 20361.3 8758.75 8627.41 3243.15
CTP_r0
 28620.9 2986.68 1284.77 1265.51 475.719
YTP_r0
391303
Np
 252979 103525 9138.33 3931.01 5071.54
Nvult_p0
 213696 89584 7907.76 3401.66 4388.61
CTP_p0
 98962.1 44903.7 3963.74 1705.07 2199.77
YTP_p0
 1.68581e+06
CBA_c0
779654
log_Ro
11.992
likeval ReclasPelacesDesembMPH_pf_preclas_ppelaces_ptallas_desvR_qrecl_qpela
 19.3154 17.2519 0.137739 0.00280086 242.085 119.808 98.2121 0 21.7964 0 0 0.698472 0 0 0
q_reclas_q_pelaces
1 1
M
1
N
 218000 44453.6 167672 8951.88 0.315583
 124285 72532.2 14547.1 54869.2 2929.53
 121145 38164 21617.4 4335.59 17226.3
 272852 37446.9 11462.5 6492.75 6476.07
 214984 80242 10612.8 3248.58 3675.48
 316051 73823.8 27242.7 3603.12 2350.76
 133063 101167 23094 8522.22 1862.53
 62335.6 36264.2 26238.7 5989.64 2693.38
 51578.5 21869.8 12623.7 9133.74 3022.58
 63986.2 15630.6 6418.66 3704.97 3567.81
 109279 17985.9 4202.61 1725.79 1955.44
 147108 37277.1 6059.25 1415.81 1240.17
 126436 37574.9 8964.62 1457.16 638.725
 90011.8 32905.2 9235.55 2203.42 515.15
 90722.8 18815.4 6265.14 1758.45 517.615
 471032 22942.9 4472.6 1489.28 541.041
 111622 126771 5864.04 1143.17 518.936
 706683 33505 36794.9 1702.02 482.421
 431753 211436 9688.13 10639.4 631.643
 338229 117695 54852.8 2513.38 2924.05
 483331 95545.3 31827.9 14833.7 1470.43
 643987 145466 27818 9266.7 4746.95
 147888 183394 39710.2 7593.91 3825.53
 398165 46814.5 56630.8 12262.3 3526.25
 344732 128605 14799.3 17902.4 4991.15
 161742 111017 40515.1 4662.31 7212.31
 343318 53519.7 36097.6 13173.6 3861.08
 377988 110995 16937.7 11424 5391.08
 123974 124297 35829.2 5467.49 5427.92
 92950.3 40971.5 40357.1 11633.2 3537.56
 326145 29499.6 12689.8 12499.5 4698.7
pred_Ctot
 13279.9 3133.9 11820.6 631.093 0.022248
 13179.6 8854.94 1775.95 6698.59 357.646
 12408.7 4502.27 2550.24 511.477 2032.21
 35234 5551.78 1699.4 962.598 960.124
 9097.09 3937.78 520.81 159.42 180.37
 26245 7076.55 2611.41 345.385 225.338
 22337.7 19407.1 4430.16 1634.83 357.292
 1832.23 1237.95 895.71 204.468 91.9439
 5837.62 2847.2 1643.46 1189.11 393.505
 9753.3 2727.73 1120.14 646.563 622.627
 5056.21 964.674 225.407 92.5628 104.88
 29279.4 8445.39 1372.77 320.762 280.968
 24048.5 8144.2 1943.04 315.834 138.441
 25711.1 10578.6 2969.1 708.368 165.614
 18478.3 4359.71 1451.69 407.448 119.936
 81975.8 4559.24 888.801 295.952 107.516
 13204.6 17240.1 797.473 155.463 70.5721
 84818.4 4621.98 5075.83 234.792 66.5495
 72430.2 40533.1 1857.25 2039.62 121.088
 50705.8 20206.8 9417.56 431.518 502.024
 56488.5 12839.3 4277.01 1993.34 197.596
 93891.9 24300.9 4647.15 1548.05 793.006
 13203.6 18887.1 4089.62 782.071 393.978
 31037.2 4214.96 5098.77 1104.03 317.487
 27450.8 11826 1360.88 1646.24 458.967
 10368.2 8232.9 3004.56 345.752 534.857
 26576.8 4785.63 3227.78 1177.96 345.25
 25590.7 8689.81 1326.05 894.387 422.068
 8036.2 9320.18 2686.6 409.971 407.004
 8165.03 4152.26 4089.99 1178.96 358.514
 28620.9 2986.68 1284.77 1265.51 475.719
F
 0.100463 0.117056 0.117056 0.117056 0.117056
 0.180687 0.210532 0.210532 0.210532 0.210532
 0.174062 0.202812 0.202812 0.202812 0.202812
 0.223884 0.260863 0.260863 0.260863 0.260863
 0.0688842 0.0802621 0.0802621 0.0802621 0.0802621
 0.139128 0.162108 0.162108 0.162108 0.162108
 0.299992 0.349542 0.349542 0.349542 0.349542
 0.0474258 0.0552593 0.0552593 0.0552593 0.0552593
 0.193875 0.225898 0.225898 0.225898 0.225898
 0.269079 0.313523 0.313523 0.313523 0.313523
 0.0755268 0.0880018 0.0880018 0.0880018 0.0880018
 0.364834 0.425094 0.425094 0.425094 0.425094
 0.346108 0.403276 0.403276 0.403276 0.403276
 0.565263 0.658629 0.658629 0.658629 0.658629
 0.374801 0.436707 0.436707 0.436707 0.436707
 0.312544 0.364168 0.364168 0.364168 0.364168
 0.203423 0.237022 0.237022 0.237022 0.237022
 0.206658 0.240793 0.240793 0.240793 0.240793
 0.299759 0.349271 0.349271 0.349271 0.349271
 0.264123 0.307749 0.307749 0.307749 0.307749
 0.200758 0.233918 0.233918 0.233918 0.233918
 0.256044 0.298336 0.298336 0.298336 0.298336
 0.150263 0.175082 0.175082 0.175082 0.175082
 0.130123 0.151616 0.151616 0.151616 0.151616
 0.133085 0.155067 0.155067 0.155067 0.155067
 0.105956 0.123457 0.123457 0.123457 0.123457
 0.129173 0.150509 0.150509 0.150509 0.150509
 0.11219 0.130721 0.130721 0.130721 0.130721
 0.107197 0.124903 0.124903 0.124903 0.124903
 0.147688 0.172082 0.172082 0.172082 0.172082
 0.147531 0.171899 0.171899 0.171899 0.171899
YTP_r0W_actual
 243278 48682.9 37129.9 44039.6 18172.5
YTP_p0W_proyectada
 744195 723848 92672.2 50299.6 74792.3
CTP_r0_actual
 28620.9 2986.68 1284.77 1265.51 475.719
CTP_p0_proyectada
 98962.1 44903.7 3963.74 1705.07 2199.77
Wmedp
 7.52 16.12 23.38 29.5 34
Frms_r0
 0.147531 0.171899 0.171899 0.171899 0.171899
Zrms_r0
 1.14753 1.1719 1.1719 1.1719 1.1719
nmprior
 8.19 8.8 8.5 0
nm_flota  nm_reclas  nm_pelaces    nm_pelaL
inf 11.5777 21.0108 52.3811
cv_recla  cv_pelaces  cv_mph
0.397536 0.470967 1.63324
 ------------------------------------------------
Talla a la edad & desviaci?n 
 8 13.2811 15.8009 17.003 17.5766
 0.8 1.32811 1.58009 1.7003 1.75766
