years
 1991 1992 1993 1994 1995 1996 1997 1998 1999 2000 2001 2002 2003 2004 2005 2006 2007 2008 2009 2010 2011 2012 2013 2014 2015 2016 2017 2018 2019 2020 2021
reclasobs
 0 0 0 0 0 0 0 0 0 252601 567819 844713 477998 351125 339783 2.1784e+06 2.13404e+06 4.81314e+06 1.55562e+06 2.62356e+06 3.21686e+06 3.843e+06 1.13348e+06 3.07943e+06 1.97215e+06 2.03268e+06 2.025e+06 2.42433e+06 2.27542e+06 1.05018e+06 2.36338e+06
reclaspred
 3.46085e+06 1.98641e+06 1.01612e+06 1.12854e+06 1.20199e+06 1.82957e+06 1.27987e+06 1.15304e+06 828615 600238 570283 678498 672954 553973 559950 1.20772e+06 1.24678e+06 2.56447e+06 2.14186e+06 1.61731e+06 2.86482e+06 2.33725e+06 1.92613e+06 2.95888e+06 2.23416e+06 1.98981e+06 2.29458e+06 2.35413e+06 1.97144e+06 1.32159e+06 1.95434e+06
pelacesobs
 0 0 0 0 0 0 0 0 0 0 0 0 0 0 0 552880 188675 0 991730 2.46772e+06 1.41603e+06 1.21717e+06 2.29649e+06 1.80582e+06 0 1.4828e+06 1.56532e+06 1.57751e+06 1.42118e+06 867257 1.10002e+06
pelacespred
 2.48578e+06 1.60419e+06 832669 700087 776619 1.18372e+06 878846 876690 643524 447111 414645 415579 446578 391460 392019 673940 759161 1.62257e+06 1.51446e+06 1.08335e+06 1.73666e+06 1.61373e+06 1.35334e+06 2.09507e+06 1.65187e+06 1.44985e+06 1.79484e+06 1.82698e+06 1.37158e+06 1.02613e+06 1.39105e+06
mphobs
 0 0 0 0 0 0 0 0 0 0 0 498337 0 5186 125008 0 168611 109162 213762 579715 649985 157893 87575 83554 0 0 0 0 0 0 0
mphpred
 4.74836e+06 3.20306e+06 1.64863e+06 903885 1.14944e+06 1.34412e+06 1.7631e+06 1.24863e+06 1.06614e+06 748612 490149 603288 634316 555973 412050 502056 1.2737e+06 1.30905e+06 2.31299e+06 1.80681e+06 1.94532e+06 2.391e+06 2.28659e+06 1.95045e+06 2.69951e+06 2.22505e+06 1.85085e+06 1.91545e+06 2.56418e+06 1.80987e+06 1.18281e+06
desembarqueobs
 494567 514787 250237 358949 120608 361735 552515 73892 212993 205616 52469 317467 293654 387597 252695 516296 358380 742168 942051 627588 828172 859565 418607 520667 417249 300574 415391 372974 316634 284311 391294
desembarquepred
 494573 512965 251252 358964 120611 361748 552574 73894.7 213032 205655 52471 317537 293714 387671 252707 516304 358411 742116 941980 627534 828264 859646 418629 520695 417260 300584 415403 372973 316640 284327 391302
Reclutas
 248165 144407 141868 315212 253031 390477 165221 79929.1 68358.8 85139.7 146833 184771 157477 111523 114596 535728 143530 820088 499634 376225 568152 765768 175277 501080 415040 193393 411453 449711 146861 114926 428070
log_desv_Rt
 0.0540584 -0.4874 -0.505135 0.293209 0.073476 0.507335 -0.352751 -1.0789 -1.23526 -1.01574 -0.47074 -0.240918 -0.400756 -0.745804 -0.718622 0.823592 -0.493492 1.24938 0.753842 0.470153 0.882354 1.18084 -0.29367 0.756731 0.56834 -0.19531 0.559661 0.648571 -0.470551 -0.715745 0.599251
SSB
 4.74836e+06 3.20306e+06 1.64863e+06 903885 1.14944e+06 1.34412e+06 1.7631e+06 1.24863e+06 1.06614e+06 748612 490149 603288 634316 555973 412050 502056 1.2737e+06 1.30905e+06 2.31299e+06 1.80681e+06 1.94532e+06 2.391e+06 2.28659e+06 1.95045e+06 2.69951e+06 2.22505e+06 1.85085e+06 1.91545e+06 2.56418e+06 1.80987e+06 1.18281e+06
BT
 6.24809e+06 4.27501e+06 2.20989e+06 2.07335e+06 1.99544e+06 3.32823e+06 2.58913e+06 2.21824e+06 1.77636e+06 1.2925e+06 1.09471e+06 1.31532e+06 1.39236e+06 1.40272e+06 1.2746e+06 2.22369e+06 2.12725e+06 4.94624e+06 4.68683e+06 3.2215e+06 5.13601e+06 4.82827e+06 3.63667e+06 5.93947e+06 4.39098e+06 3.81195e+06 5.05262e+06 5.07388e+06 3.49834e+06 2.73353e+06 4.0291e+06
Ftot
 0.0893595 0.159898 0.153855 0.205604 0.0644767 0.128624 0.267693 0.0409141 0.162954 0.215816 0.0605296 0.297936 0.277697 0.4409 0.293636 0.283499 0.181654 0.191081 0.278889 0.246717 0.186668 0.236024 0.136911 0.115852 0.119124 0.0961317 0.118573 0.104412 0.100265 0.135314 0.132941
BD_Bspro_t
 0.985804 0.893145 0.775835 0.707084 0.724846 0.786 0.780501 0.673701 0.716332 0.685064 0.65465 0.77237 0.668717 0.591879 0.502546 0.550884 0.663064 0.656833 0.71998 0.637678 0.611716 0.656373 0.671697 0.672505 0.763556 0.770464 0.778291 0.802752 0.833289 0.7843 0.738293
BD_Bspro
 2.82961 1.90875 0.982439 0.538638 0.684965 0.800978 1.05065 0.744075 0.63533 0.446108 0.292087 0.359508 0.377998 0.331312 0.245547 0.299182 0.759016 0.780082 1.37834 1.07671 1.15925 1.42483 1.36261 1.1623 1.60868 1.32594 1.10295 1.14144 1.52803 1.07853 0.704853
BD_Bo
 1.98593 1.33963 0.689512 0.378036 0.480734 0.562156 0.737388 0.522219 0.445898 0.313095 0.204997 0.252316 0.265293 0.232527 0.172334 0.209977 0.532706 0.54749 0.967373 0.755671 0.813601 0.999998 0.956329 0.815745 1.12903 0.930592 0.774088 0.801107 1.07243 0.75695 0.494691
BD_Brms
 13.7972 9.30705 4.79036 2.62639 3.33988 3.90556 5.12298 3.6281 3.09786 2.17522 1.42421 1.75296 1.84311 1.61547 1.19728 1.45881 3.70096 3.80367 6.72079 5.25 5.65247 6.94746 6.64406 5.66736 7.84389 6.46526 5.37795 5.56567 7.45066 5.25889 3.43685
Sel_flota
 0.884284 1 1 1 1
 0.884284 1 1 1 1
 0.884284 1 1 1 1
 0.884284 1 1 1 1
 0.884284 1 1 1 1
 0.884284 1 1 1 1
 0.884284 1 1 1 1
 0.884284 1 1 1 1
 0.884284 1 1 1 1
 0.884284 1 1 1 1
 0.884284 1 1 1 1
 0.884284 1 1 1 1
 0.884284 1 1 1 1
 0.884284 1 1 1 1
 0.884284 1 1 1 1
 0.884284 1 1 1 1
 0.884284 1 1 1 1
 0.884284 1 1 1 1
 0.884284 1 1 1 1
 0.884284 1 1 1 1
 0.884284 1 1 1 1
 0.884284 1 1 1 1
 0.884284 1 1 1 1
 0.884284 1 1 1 1
 0.884284 1 1 1 1
 0.884284 1 1 1 1
 0.884284 1 1 1 1
 0.884284 1 1 1 1
 0.884284 1 1 1 1
 0.884284 1 1 1 1
 0.884284 1 1 1 1
Sel_reclas
 1 1 1 1 1
 1 1 1 1 1
 1 1 1 1 1
 1 1 1 1 1
 1 1 1 1 1
 1 1 1 1 1
 1 1 1 1 1
 1 1 1 1 1
 1 1 1 1 1
 1 1 1 1 1
 1 1 1 1 1
 1 1 1 1 1
 1 1 1 1 1
 1 1 1 1 1
 1 1 1 1 1
 1 1 1 1 1
 1 1 1 1 1
 1 1 1 1 1
 1 1 1 1 1
 1 1 1 1 1
 1 1 1 1 1
 1 1 1 1 1
 1 1 1 1 1
 1 1 1 1 1
 1 1 1 1 1
 1 1 1 1 1
 1 1 1 1 1
 1 1 1 1 1
 1 1 1 1 1
 1 1 1 1 1
 1 1 1 1 1
Sel_pelaces
 0.810803 1 1 1 1
 0.810803 1 1 1 1
 0.810803 1 1 1 1
 0.810803 1 1 1 1
 0.810803 1 1 1 1
 0.810803 1 1 1 1
 0.810803 1 1 1 1
 0.810803 1 1 1 1
 0.810803 1 1 1 1
 0.810803 1 1 1 1
 0.810803 1 1 1 1
 0.810803 1 1 1 1
 0.810803 1 1 1 1
 0.810803 1 1 1 1
 0.810803 1 1 1 1
 0.810803 1 1 1 1
 0.810803 1 1 1 1
 0.810803 1 1 1 1
 0.810803 1 1 1 1
 0.810803 1 1 1 1
 0.810803 1 1 1 1
 0.810803 1 1 1 1
 0.810803 1 1 1 1
 0.810803 1 1 1 1
 0.810803 1 1 1 1
 0.810803 1 1 1 1
 0.810803 1 1 1 1
 0.810803 1 1 1 1
 0.810803 1 1 1 1
 0.810803 1 1 1 1
 0.810803 1 1 1 1
pf_obs 
 0.8446 0.082 0.0669 0.0065 0
 0.8095 0.147 0.0364 0.0071 0
 0.9664 0.0169 0.016 0.0007 0
 0.9276 0.0648 0.0075 0.0001 0
 0.7033 0.2144 0.0806 0.0017 0
 0.9318 0.0425 0.0243 0.0014 0
 0.5671 0.3108 0.0964 0.0239 0.0018
 0.0768 0.2599 0.5324 0.112 0.0189
 0.490249 0.384438 0.106611 0.0170017 0.00170017
 0.7925 0.1577 0.0466 0.003 0.0002
 0.840416 0.127587 0.0312969 0.00059994 9.999e-05
 0.8084 0.0986 0.0794 0.0134 0.0002
 0.7335 0.1905 0.0724 0.0035 0.0001
 0.4001 0.4547 0.1325 0.0127 0
 0.49795 0.308269 0.164784 0.0264974 0.00249975
 0.9179 0.0499 0.0305 0.0017 0
 0.2467 0.6533 0.0926 0.0074 0
 0.9418 0.0223 0.034 0.0019 0
 0.707729 0.231977 0.0356964 0.0245975 0
 0.517169 0.277429 0.184464 0.0207286 0.00020938
 0.811772 0.124168 0.05621 0.00726502 0.000585176
 0.764997 0.148141 0.077277 0.00933861 0.000247198
 0.163321 0.427699 0.378323 0.0303852 0.000271297
 0.753843 0.0900009 0.118128 0.0371064 0.000921714
 0.721811 0.176058 0.0630433 0.0369309 0.00215725
 0.143369 0.312575 0.442814 0.0836902 0.0175525
 0.692698 0.0596174 0.167031 0.0765114 0.00414204
 0.394062 0.376323 0.152708 0.0712218 0.00568511
 0.125707 0.32114 0.495352 0.0537591 0.00404204
 0.23352 0.215282 0.420074 0.123614 0.00750983
 0.796117 0.104755 0.0508955 0.0450114 0.00322123
pf_pred 
 0.432645 0.105473 0.439122 0.0227595 7.47627e-07
 0.4147 0.271906 0.0582606 0.242561 0.0125722
 0.550809 0.201032 0.115284 0.0247017 0.108173
 0.782862 0.126717 0.0404672 0.0232064 0.0267472
 0.651495 0.280643 0.0396027 0.0126472 0.015612
 0.728704 0.184434 0.0699479 0.00987062 0.00704334
 0.465206 0.403213 0.0894524 0.0339255 0.00820346
 0.424951 0.287843 0.216542 0.0480396 0.0226249
 0.494769 0.230351 0.137592 0.10351 0.0337785
 0.648525 0.185678 0.0755919 0.0451524 0.0450526
 0.773651 0.153754 0.0383503 0.0156129 0.0186311
 0.720063 0.222586 0.0389572 0.00971695 0.0086765
 0.668901 0.2477 0.0663135 0.0116063 0.00547983
 0.608265 0.274071 0.088026 0.0235661 0.00607195
 0.704341 0.190511 0.0735653 0.0236277 0.00795535
 0.915425 0.0620205 0.014533 0.00561191 0.0024093
 0.435876 0.522289 0.030678 0.00718865 0.00396763
 0.884242 0.0543407 0.056863 0.00333999 0.00121461
 0.611852 0.348349 0.0186826 0.0195498 0.00156589
 0.601807 0.25687 0.126832 0.00680223 0.0076881
 0.743028 0.16314 0.0605297 0.0298871 0.00341454
 0.747946 0.193603 0.0371082 0.0137682 0.00757486
 0.345381 0.506217 0.113988 0.0218483 0.0125662
 0.745643 0.095609 0.122759 0.0276426 0.00834566
 0.630629 0.284291 0.0319804 0.041062 0.0120378
 0.45232 0.361806 0.14306 0.0160931 0.0267208
 0.730686 0.130499 0.0917029 0.03626 0.0108516
 0.689036 0.234992 0.036813 0.0258688 0.0132899
 0.382537 0.442231 0.132421 0.0207446 0.0220665
 0.461103 0.222904 0.226316 0.0677678 0.021909
 0.833815 0.0821098 0.0347761 0.0353084 0.0139908
pobs_RECLAS
 0 0 0 0 0
 0 0 0 0 0
 0 0 0 0 0
 0 0 0 0 0
 0 0 0 0 0
 0 0 0 0 0
 0 0 0 0 0
 0 0 0 0 0
 0 0 0 0 0
 0 0 0 0 0
 0.991045 0.00858322 0.000360255 1.14367e-05 0
 0.934742 0.0480273 0.0164251 0.00080598 0
 0.827803 0.169806 0.00239088 0 0
 0.941827 0.0461693 0.0120037 0 0
 0.791401 0.0380133 0.147996 0.0225897 0
 0.846168 0.0940531 0.0597789 0 0
 0.134021 0.677848 0.182769 0.00536245 0
 0.80878 0.0450904 0.141981 0.00414843 0
 0.846168 0.0940531 0.0597789 0 0
 0.905697 0.0802665 0.012482 0.00150086 5.37128e-05
 0.989698 0.0102097 9.19794e-05 0 0
 0.975433 0.0193895 0.00387452 0.00125025 5.28907e-05
 0.303575 0.632131 0.0575291 0.00676475 0
 0.966965 0.00978017 0.0227588 0.000495775 0
 0.843318 0.132988 0.00938335 0.0141283 0.000182051
 0.564624 0.303363 0.111486 0.0197234 0.00080311
 0.826376 0.0876187 0.0782897 0.00655872 0.00115652
 0.89761 0.0855135 0.0140674 0.00269457 0.000114338
 0.34875 0.467042 0.161289 0.0227151 0.000203297
 0.318654 0.224769 0.449479 0.00709798 0
 0.937255 0.0296025 0.0250945 0.00804832 0
ppred_RECLAS
 0.463273 0.0997788 0.415417 0.0215309 7.07268e-07
 0.445257 0.257711 0.055219 0.229898 0.0119159
 0.581413 0.187335 0.10743 0.0230187 0.100803
 0.803405 0.114728 0.0366387 0.0210109 0.0242167
 0.679013 0.258483 0.0364756 0.0116485 0.0143792
 0.752576 0.168205 0.0637931 0.0090021 0.00642359
 0.496681 0.379482 0.0841876 0.0319288 0.00772064
 0.455344 0.272629 0.205097 0.0455005 0.0214292
 0.525933 0.216142 0.129105 0.0971249 0.031695
 0.676555 0.170871 0.0695635 0.0415515 0.0414596
 0.794559 0.139552 0.034808 0.0141707 0.0169102
 0.744851 0.202877 0.0355077 0.00885654 0.00790822
 0.696246 0.227242 0.0608366 0.0106477 0.00502725
 0.638492 0.252923 0.0812336 0.0217477 0.00560342
 0.729986 0.173986 0.0671843 0.0215782 0.00726531
 0.924708 0.0552133 0.0129379 0.00499595 0.00214486
 0.466816 0.493644 0.0289954 0.00679439 0.00375002
 0.896444 0.0486124 0.0508687 0.0029879 0.00108657
 0.641387 0.321843 0.017261 0.0180622 0.00144674
 0.631542 0.237689 0.117361 0.00629428 0.00711399
 0.766171 0.148448 0.0550785 0.0271955 0.00310703
 0.770896 0.175975 0.0337294 0.0125146 0.00688514
 0.374029 0.484063 0.109 0.0208922 0.0120163
 0.768472 0.0870282 0.111742 0.0251617 0.00759665
 0.659068 0.262402 0.0295181 0.0379005 0.0111109
 0.483173 0.341424 0.135001 0.0151865 0.0252155
 0.754421 0.118998 0.0836212 0.0330644 0.00989523
 0.714976 0.215389 0.0337421 0.0237109 0.0121812
 0.412224 0.420969 0.126055 0.0197473 0.0210055
 0.49213 0.210071 0.213286 0.0638662 0.0206476
 0.850344 0.0739432 0.0313173 0.0317966 0.0125993
pobs_PELACES
 0 0 0 0 0
 0 0 0 0 0
 0 0 0 0 0
 0 0 0 0 0
 0 0 0 0 0
 0 0 0 0 0
 0 0 0 0 0
 0 0 0 0 0
 0 0 0 0 0
 0 0 0 0 0
 0 0 0 0 0
 0 0 0 0 0
 0 0 0 0 0
 0 0 0 0 0
 0 0 0 0 0
 0 0 0 0 0
 0.505614 0.472636 0.0217494 0 0
 0 0 0 0 0
 0.443492 0.261883 0.143347 0.151278 0
 0.227955 0.32914 0.350689 0.0885471 0.00366901
 0.970185 0.0296113 0.000203453 0 0
 0.997202 0.00247181 0.000326279 0 0
 0.445219 0.490057 0.0546422 0.010081 0
 0.90214 0.0892962 0.00764917 0.000914606 0
 0 0 0 0 0
 0.581667 0.319106 0.0959925 0.00289975 0.000334073
 0.762889 0.0836404 0.116647 0.0363945 0.000428098
 0.88444 0.0763242 0.0277011 0.0115352 0
 0.521256 0.241999 0.230069 0.00667565 0
 0.616807 0.101726 0.260614 0.0208532 0
 0.833518 0.0704572 0.0857862 0.0102388 0
ppred_PELACES
 0.412536 0.109211 0.454686 0.0235662 7.74126e-07
 0.395684 0.28074 0.0601534 0.250441 0.0129807
 0.53114 0.209835 0.120332 0.0257833 0.112909
 0.769561 0.134479 0.0429461 0.0246279 0.0283857
 0.632271 0.296124 0.0417872 0.0133448 0.0164731
 0.712505 0.195447 0.0741246 0.01046 0.00746392
 0.447004 0.416936 0.0924969 0.0350801 0.00848266
 0.404375 0.298142 0.22429 0.0497585 0.0234345
 0.4751 0.239318 0.142949 0.107539 0.0350935
 0.630997 0.194938 0.0793617 0.0474041 0.0472993
 0.758635 0.163955 0.0408946 0.0166487 0.0198671
 0.705366 0.234272 0.0410026 0.0102271 0.00913204
 0.652571 0.259916 0.069584 0.0121787 0.00575009
 0.592892 0.284827 0.0914804 0.0244909 0.00631024
 0.689126 0.200315 0.0773511 0.0248436 0.00836475
 0.909636 0.0662658 0.0155278 0.00599604 0.00257422
 0.416848 0.539907 0.0317127 0.00743113 0.00410145
 0.876088 0.0581684 0.0608683 0.00357525 0.00130017
 0.59443 0.363985 0.0195212 0.0204272 0.00163618
 0.583833 0.268465 0.132557 0.00710928 0.00803513
 0.727943 0.172717 0.064083 0.0316416 0.00361499
 0.733541 0.204667 0.039229 0.0145551 0.00800777
 0.327509 0.520037 0.1171 0.0224448 0.0129093
 0.729955 0.101506 0.130331 0.0293475 0.0088604
 0.611581 0.298951 0.0336296 0.0431795 0.0126585
 0.432075 0.37518 0.148349 0.016688 0.0277085
 0.714456 0.138364 0.0972293 0.0384451 0.0115055
 0.67127 0.248418 0.0389163 0.0273468 0.0140492
 0.36339 0.455944 0.136527 0.0213879 0.0227507
 0.441261 0.231112 0.234649 0.0702631 0.0227157
 0.822393 0.0877532 0.0371663 0.0377351 0.0149524
pobs_pel_tallas
 0 0 0 0 0 0 0 0 0 0 0 0 0 0 0 0 0 0 0 0 0 0 0 0 0 0
 0 0 0 0 0 0 0 0 0 0 0 0 0 0 0 0 0 0 0 0 0 0 0 0 0 0
 0 0 0 0 0 0 0 0 0 0 0 0 0 0 0 0 0 0 0 0 0 0 0 0 0 0
 0 0 0 0 0 0 0 0 0 0 0 0 0 0 0 0 0 0 0 0 0 0 0 0 0 0
 0 0 0 0 0 0 0 0 0 0 0 0 0 0 0 0 0 0 0 0 0 0 0 0 0 0
 0 0 0 0 0 0 0 0 0 0 0 0 0 0 0 0 0 0 0 0 0 0 0 0 0 0
 0 0 0 0 0 0 0 0 0 0 0 0 0 0 0 0 0 0 0 0 0 0 0 0 0 0
 0 0 0 0 0 0 0 0 0 0 0 0 0 0 0 0 0 0 0 0 0 0 0 0 0 0
 0 0 0 0 0 0 0 0 0 0 0 0 0 0 0 0 0 0 0 0 0 0 0 0 0 0
 0 0 0 0 0 0 0 0 0 0 0 0 0 0 0 0 0 0 0 0 0 0 0 0 0 0
 0 0 0 0 0 0 0 0 0 0 0 0 0 0 0 0 0 0 0 0 0 0 0 0 0 0
 0 0 0 0 0 0 0 0 0 0 0 0 0 0 0 0 0 0 0 0 0 0 0 0 0 0
 0.00862536 0 0 0.000197151 0.00414017 0.0128641 0.00837892 0.0270097 0.101434 0.158115 0.152841 0.127902 0.109271 0.109419 0.0830992 0.0579132 0.0238553 0.00714673 0.00463305 0.00128148 0.00103504 0.000492878 0.000147863 0.000147863 4.92878e-05 0
 0 0 0 0 0 0 0 0 0 0 0 0 0 0 0 0 0 0 0 0 0 0 0 0 0 0
 0 0 0 0 0 0 0 0.0054083 0.00873648 0.0413646 0.0450493 0.0745869 0.0622846 0.0627006 0.0613931 0.0827291 0.12552 0.122667 0.0946155 0.0697135 0.0546179 0.0294188 0.0215738 0.0213955 0.0102223 0.00600262
 0 0 0 0 0.00359764 0.0251062 0.0480494 0.140153 0.205849 0.193036 0.1447 0.116669 0.0760912 0.0342217 0.00950174 0.001854 0.000860785 0 0 0 0.000165536 0 0.000143464 0 0 0
 0 0 0 0 0 0 0 0.000145254 0.000435761 0.0275982 0.070085 0.0708112 0.156366 0.174668 0.174014 0.160142 0.0824315 0.0480064 0.0283245 0.00493863 0.00203355 0 0 0 0 0
 0 0 0 0 0 0 0 0 0 0 0 0 0 0 0 0 0 0 0 0 0 0 0 0 0 0
 0 0 1.00437e-05 0.000401748 0.00122533 0.00171747 0.00176769 0.0269171 0.070346 0.194647 0.189555 0.159765 0.064822 0.0314167 0.0384472 0.0292271 0.0345202 0.0313363 0.0194345 0.0106764 0.0143323 0.0359363 0.0279516 0.0138201 0.00172751 0
 0 0.0021121 0.0136068 0.0755702 0.200478 0.177729 0.0527432 0.0373336 0.0318909 0.0142505 0.0149659 0.0166563 0.0217959 0.0798694 0.0677717 0.0528807 0.04013 0.0224614 0.0357745 0.0225083 0.00881397 0.00855152 0.00135912 0.000746735 0 0
 0 0 0 0 5.4009e-05 0.00500934 0.000945158 0.0243581 0.138947 0.33067 0.221406 0.137944 0.0707744 0.0437923 0.0131692 0.00525238 0.0047753 0.00276346 9.45158e-05 9.00151e-06 2.25038e-05 9.00151e-06 4.50075e-06 0 0 0
 0.000866109 0.00284123 0.00948549 0.0512746 0.133035 0.25785 0.225252 0.132002 0.0553304 0.0519788 0.0540692 0.017754 0.00435017 0.00159236 0.00146478 0.000404838 0.000125132 0.000115318 0.000107957 0.000100596 0 0 0 0 0 0
 0 0 0 0 0.00144013 0.00171154 0.00461396 0.0210425 0.0478622 0.0707936 0.0888783 0.103762 0.0637923 0.0337046 0.0602308 0.124433 0.169614 0.0934646 0.0462172 0.0250306 0.0313229 0.00938855 0.002487 0.000210481 0 0
 0 0.00764035 0.051015 0.0998891 0.058973 0.0496711 0.0374665 0.0718981 0.12319 0.153886 0.159021 0.0857701 0.0377988 0.023471 0.0147837 0.00900784 0.00315554 0.000888139 0.00291439 0.00214683 0.00393193 0.00274676 0.000635225 9.99891e-05 0 0
 0 0 0 0 0 0 0 0 0 0 0 0 0 0 0 0 0 0 0 0 0 0 0 0 0 0
 0 0 0 0 0 0 0 0 0 0 0 0 0 0 0 0 0 0 0 0 0 0 0 0 0 0
 0 0 0 0 0 0 0 0 0 0 0 0 0 0 0 0 0 0 0 0 0 0 0 0 0 0
 0 0 0 0 0 0 0 0 0 0 0 0 0 0 0 0 0 0 0 0 0 0 0 0 0 0
 0 0 0 0 0 0 0 0 0 0 0 0 0 0 0 0 0 0 0 0 0 0 0 0 0 0
 0 0 0 0 0 0 0 0 0 0 0 0 0 0 0 0 0 0 0 0 0 0 0 0 0 0
 0 0 0 0 0 0 0 0 0 0 0 0 0 0 0 0 0 0 0 0 0 0 0 0 0 0
ppred_pel_tallas
 1.15513e-16 3.39801e-05 0.000330298 0.00219495 0.00997793 0.0310451 0.0661453 0.0965433 0.0965545 0.0662004 0.0312321 0.0105267 0.00360531 0.00351752 0.006404 0.0113577 0.0182719 0.0269509 0.0370639 0.0482156 0.0597534 0.0703919 0.0781233 0.0807969 0.0771538 0.0676093
 1.29121e-16 3.25921e-05 0.000316806 0.00210529 0.00957037 0.0297771 0.0634443 0.0926045 0.0926317 0.0635771 0.0302236 0.0108618 0.00535421 0.00743425 0.0136281 0.0226976 0.0332488 0.0430844 0.0501052 0.0536446 0.0549753 0.0564067 0.0596094 0.0644486 0.0690916 0.071126
 1.2522e-16 4.37494e-05 0.00042526 0.002826 0.0128466 0.0399706 0.0851624 0.124301 0.124322 0.0852622 0.040306 0.0138175 0.0052718 0.00579369 0.010327 0.0172387 0.0253969 0.0331759 0.0389888 0.0422362 0.0436844 0.0448593 0.0469197 0.0498971 0.0527725 0.0541547
 1.08548e-16 6.33878e-05 0.000616152 0.00409455 0.0186132 0.0579127 0.12339 0.180093 0.180106 0.123453 0.0581264 0.0192311 0.0056482 0.00401662 0.00654817 0.0107972 0.0157233 0.0201586 0.0229753 0.0237036 0.0228189 0.0213906 0.0203682 0.0200621 0.0201325 0.0199563
 1.05408e-16 5.20794e-05 0.00050623 0.00336408 0.0152926 0.0475812 0.101378 0.14797 0.147999 0.101517 0.0480496 0.0166455 0.00676013 0.00792078 0.0141367 0.0232974 0.0335792 0.0422831 0.0466998 0.0456001 0.0399732 0.032352 0.0252821 0.0201226 0.0168702 0.0147676
 1.04502e-16 5.86881e-05 0.000570469 0.00379097 0.0172332 0.053619 0.114242 0.166743 0.166762 0.114334 0.0539296 0.0181313 0.00604897 0.00551161 0.00947775 0.015667 0.0227764 0.0290877 0.0328767 0.0333315 0.0309896 0.0272824 0.0235791 0.0205057 0.0179472 0.0155042
 1.0773e-16 3.68192e-05 0.000357896 0.00237835 0.0108116 0.0336392 0.0716735 0.104618 0.104658 0.0718701 0.0342998 0.0127204 0.00717262 0.0108339 0.0199627 0.0330235 0.0477565 0.0604574 0.0673687 0.0667635 0.0599454 0.0502853 0.0411046 0.0340751 0.0290761 0.0251108
 1.15505e-16 3.33079e-05 0.000323764 0.00215153 0.00978056 0.0304311 0.0648378 0.0946387 0.0946677 0.0649798 0.0309088 0.0111642 0.00563939 0.00798636 0.014729 0.0246723 0.0364185 0.0476495 0.0559852 0.060294 0.0612202 0.0604121 0.0591372 0.0574772 0.054631 0.0498306
 1.2091e-16 3.91334e-05 0.000380391 0.00252783 0.0114912 0.0357534 0.0761773 0.111188 0.111211 0.0762911 0.0361363 0.0125998 0.00532149 0.00651525 0.0117989 0.0197341 0.0291209 0.038128 0.044943 0.0488347 0.0505589 0.0516599 0.0532264 0.055118 0.0561744 0.0550707
 1.15099e-16 5.19744e-05 0.00050521 0.0033573 0.0152618 0.0474852 0.101173 0.147669 0.147688 0.101265 0.0477956 0.0161599 0.00561696 0.00545631 0.00950984 0.0157871 0.0230948 0.0298249 0.0344021 0.0361856 0.0358588 0.0348978 0.034536 0.0350399 0.0357439 0.0356343
 1.06254e-16 6.24878e-05 0.000607403 0.00403641 0.0183489 0.0570904 0.121638 0.177537 0.177553 0.121715 0.0573504 0.0191004 0.00592447 0.00473521 0.00792041 0.0130449 0.0189061 0.0240383 0.0270008 0.0271583 0.0250586 0.0220352 0.0193562 0.0175861 0.0165372 0.0156581
 1.03815e-16 5.81001e-05 0.000564754 0.00375299 0.0170606 0.0530818 0.113097 0.165074 0.165096 0.113208 0.0534526 0.0181316 0.00644229 0.00643798 0.0112198 0.0184761 0.0266568 0.0336226 0.0372336 0.0365084 0.0322006 0.0262669 0.0206699 0.016452 0.0136176 0.0116185
 1.04269e-16 5.37515e-05 0.000522484 0.00347209 0.0157836 0.0491089 0.104633 0.15272 0.152745 0.104755 0.049521 0.0169746 0.00646418 0.00706268 0.0124995 0.0206438 0.0298837 0.0378947 0.0423326 0.0421024 0.0379738 0.0319886 0.0261632 0.0215223 0.0180292 0.0151511
 1.06237e-16 4.88358e-05 0.000474701 0.00315456 0.0143402 0.0446178 0.0950639 0.138754 0.138782 0.0951985 0.0450699 0.0156473 0.00643988 0.00766044 0.0137366 0.0227392 0.0330034 0.0420319 0.0472998 0.0476317 0.0438538 0.0381276 0.0325338 0.0280448 0.0244963 0.0212491
 1.06191e-16 5.67624e-05 0.000551751 0.00366658 0.0166678 0.0518597 0.110493 0.161272 0.161292 0.110588 0.0521782 0.0175888 0.00598266 0.0056215 0.00972568 0.0160955 0.0234326 0.0300006 0.0340622 0.0348166 0.0328367 0.0295848 0.0264188 0.0238924 0.0217728 0.0195428
 1.01503e-16 7.49255e-05 0.000728303 0.00483983 0.0220012 0.0684538 0.145848 0.212871 0.212878 0.14588 0.0685588 0.0223047 0.00560221 0.00239448 0.00324497 0.00526105 0.00760731 0.00964314 0.0107712 0.0107206 0.00970032 0.0082442 0.00687354 0.00584316 0.00512056 0.00453488
 1.02493e-16 3.43353e-05 0.000333752 0.0022179 0.0100823 0.03137 0.066839 0.0975644 0.0976164 0.0670929 0.0322223 0.0125429 0.0083909 0.0137977 0.0255702 0.0421275 0.0604698 0.0755943 0.0824248 0.0786222 0.0660026 0.0493587 0.0336701 0.0218471 0.0142961 0.00991169
 1.02351e-16 7.21622e-05 0.000701442 0.00466133 0.0211897 0.0659292 0.140469 0.20502 0.205026 0.140497 0.0660229 0.0214614 0.00534717 0.0022116 0.00297816 0.00490793 0.00729205 0.00964512 0.011507 0.0126377 0.0131043 0.0131359 0.0128828 0.0123048 0.0112679 0.00972676
 1.02982e-16 4.89625e-05 0.000475933 0.00316274 0.0143774 0.0447336 0.095311 0.139116 0.139152 0.0954821 0.0453082 0.0160365 0.00732507 0.00955512 0.0172711 0.0284212 0.040813 0.051069 0.0557895 0.0534276 0.0452341 0.0344487 0.0244012 0.0169831 0.0123643 0.00969246
 1.05967e-16 4.80896e-05 0.000467448 0.00310636 0.0141211 0.043936 0.0936113 0.136634 0.13666 0.0937385 0.0443636 0.0153579 0.00621809 0.00728353 0.0130607 0.0216915 0.0316505 0.0406468 0.0463424 0.0476036 0.0450793 0.0405764 0.0357913 0.0314511 0.0273859 0.0231748
 1.05679e-16 5.99598e-05 0.00058283 0.00387311 0.0176066 0.0547808 0.116717 0.170355 0.170372 0.116799 0.0550554 0.0184007 0.00586993 0.00495374 0.00839625 0.0138788 0.0202077 0.025882 0.0294122 0.0301212 0.0285167 0.0258668 0.0233337 0.0213646 0.0197121 0.0178819
 1.04e-16 6.04208e-05 0.000587312 0.00390289 0.017742 0.0552021 0.117615 0.171666 0.171686 0.117711 0.0555261 0.0186783 0.00625409 0.00572342 0.00982511 0.0161748 0.0233606 0.0295198 0.0327976 0.032349 0.0288335 0.0239438 0.0193577 0.015935 0.0136277 0.0119214
 1.07948e-16 2.69766e-05 0.000262222 0.00174256 0.00792146 0.0246469 0.0525146 0.0766572 0.0767074 0.0527599 0.0254707 0.0103019 0.00772112 0.0133249 0.0248689 0.0411583 0.059493 0.0752448 0.0836954 0.082651 0.0737045 0.0610545 0.0488865 0.0393861 0.0325436 0.0272555
 1.0823e-16 6.01255e-05 0.000584441 0.00388382 0.0176553 0.0549321 0.117039 0.170824 0.170834 0.117088 0.0550966 0.0181328 0.00509173 0.00325203 0.00521672 0.00876591 0.0131768 0.0177359 0.0217338 0.0248173 0.0271014 0.0288783 0.0301915 0.0306823 0.0298367 0.0273894
 1.0752e-16 5.03752e-05 0.000489665 0.003254 0.0147922 0.0460242 0.0980605 0.143128 0.143157 0.0982013 0.046497 0.0161578 0.00668197 0.00797404 0.0142686 0.0235221 0.0339177 0.0427515 0.0473247 0.0464497 0.0411838 0.0341221 0.0278152 0.0235335 0.0210979 0.019545
 1.1074e-16 3.55895e-05 0.000345943 0.00229891 0.0104505 0.0325157 0.0692795 0.101123 0.101159 0.069457 0.0331122 0.0121754 0.00663594 0.00983846 0.0181363 0.0301172 0.0438279 0.056052 0.0635101 0.0646669 0.0605681 0.0539555 0.0474249 0.0421206 0.0377447 0.0334482
 1.08644e-16 5.88489e-05 0.000572032 0.00380135 0.0172804 0.0537658 0.114554 0.167198 0.167212 0.11462 0.0539874 0.0179222 0.00541904 0.0041256 0.00687326 0.0114427 0.0168869 0.022104 0.0260063 0.0281019 0.0287327 0.0287004 0.0285993 0.0284208 0.0276913 0.0259234
 1.06307e-16 5.52917e-05 0.000537455 0.00357158 0.0162359 0.050516 0.107631 0.157095 0.157119 0.107748 0.0509091 0.0173717 0.00642341 0.00676608 0.0118941 0.0196024 0.0282996 0.0357408 0.0396884 0.0391463 0.0349623 0.0292434 0.0240583 0.0204348 0.0182367 0.0167144
 1.10052e-16 2.99321e-05 0.00029095 0.00193347 0.0087893 0.027347 0.0582673 0.0850521 0.0850961 0.0584827 0.0280704 0.0108804 0.00718804 0.0117807 0.0219068 0.0363153 0.0526537 0.0669351 0.075094 0.0752393 0.0687192 0.0590657 0.04972 0.0423559 0.0367889 0.0319979
 1.17722e-16 3.63461e-05 0.000353297 0.00234778 0.0106727 0.0332068 0.0707515 0.103269 0.103291 0.0708622 0.0335794 0.0117531 0.00507632 0.00636496 0.0116165 0.0195753 0.0292034 0.0388521 0.0468316 0.0523465 0.0558166 0.0582246 0.0600704 0.0608733 0.0595842 0.0554411
 1.0741e-16 6.77394e-05 0.000658451 0.00437564 0.019891 0.0618884 0.13186 0.192456 0.192464 0.131902 0.0620283 0.0202958 0.00539454 0.00289229 0.00433906 0.00714417 0.0104747 0.013589 0.0157971 0.0168309 0.0170057 0.0169682 0.0172225 0.0178092 0.0183423 0.0183032
pSPR Fmed_Fpbrs
0.73193   0.193937 0.193937
Fs Fmed_Fpbrs
0.156781   1.005 1.005
SSBpbr Bo_Bmed_Bpbrs
2.391e+06  1.6305e+06  344155 344155
Ro
235106
SPR SPRFo_SPRFmed_SPRFpbrs
1.67809e+06 1.22825e+06 325445
Fref
1.005
Nvult_r0
 288058 25429.3 10770.1 10935 4332.94
CTP_r0
 30301.3 2983.92 1263.78 1283.13 508.435
YTP_r0
391302
Np
 308493 46665 18854 1626.93 781.843
Nvult_p0
 261828 40381.1 16315.2 1407.84 676.56
CTP_p0
 123200 60730 5240.43 2219.49 2979.26
 123200 20240.9 8177.92 705.677 339.124
YTP_p0
 2.16159e+06 1.4613e+06
CBA_c0
1.9515e+06
log_Ro
12.1878
likeval ReclasPelacesDesembMPH_pf_preclas_ppelaces_ptallas_desvR_qrecl_qpela
 19.0365 18.7927 0.146222 0.00348452 241.293 120.897 99.2109 0 20.1321 9.56719e-06 0 0.742461 0 0 0
q_reclas_q_pelaces
0.64513 1
M
1
N
 248165 53726.3 223683 11593.4 0.380831
 144407 84358.4 18075.2 75254 3900.52
 141868 46119.7 26447.9 5666.92 24816.4
 315212 45551.7 14547 8342.16 9615.01
 253031 96682.4 13643.2 4356.99 5378.37
 390477 87926 33346.6 4705.67 3357.81
 165221 128205 28442.1 10786.9 2608.36
 79929.1 47969.6 36087.2 8005.89 3770.5
 68358.8 28359.4 16939.6 12743.5 4158.62
 85139.7 21773.1 8864.07 5294.66 5282.96
 146833 25879.5 6455.01 2627.91 3135.93
 184771 51201.5 8961.35 2235.19 1995.86
 157477 52230 13982.9 2447.3 1155.48
 111523 45318.5 14555.4 3896.73 1004.02
 114596 27780.9 10727.6 3445.47 1160.08
 535728 32516.7 7619.53 2942.26 1263.17
 143530 153382 9009.29 2111.11 1165.18
 820088 44966.1 47053.2 2763.79 1005.07
 499634 254791 13664.9 14299.1 1145.33
 376225 143633 70920 3803.57 4298.91
 568152 111277 41286.8 20385.7 2329.03
 765768 177207 33965.7 12602.2 6933.38
 175277 228644 51485.3 9868.3 5675.82
 501080 57128.1 73351 16516.9 4986.69
 415040 166387 18717.2 24032.4 7045.36
 193393 137419 54336.4 6112.41 10148.9
 411453 65347.4 45920.1 18157.1 5433.91
 449711 136298 21352 15004.2 7708.28
 146861 150848 45169.9 7076.17 7527.05
 114926 49443 50199.8 15031.8 4859.7
 428070 37511 15887.1 16130.3 6391.56
pred_Ctot
 11995.9 2924.43 12175.5 631.053 0.0207294
 12175.7 7983.24 1710.55 7121.65 369.125
 11534.7 4209.89 2414.21 517.287 2265.29
 33619 5441.68 1737.81 996.568 1148.62
 8905.79 3836.33 541.36 172.884 213.412
 26784.5 6779.1 2571.02 362.807 258.887
 22442.8 19452.1 4315.42 1636.66 395.757
 1800.63 1219.66 917.544 203.556 95.8678
 5867.4 2731.7 1631.69 1227.51 400.575
 9496.96 2719.07 1106.96 661.209 659.747
 4858.64 965.601 240.846 98.0512 117.006
 27637.8 8543.39 1495.27 372.96 333.025
 22112.1 8188.28 2192.15 383.672 181.149
 23490.8 10584.4 3399.51 910.107 234.495
 16919.3 4576.33 1767.14 567.57 191.099
 76638.8 5192.32 1216.7 469.825 201.705
 13641.4 16345.8 960.112 224.979 124.173
 81711.6 5021.56 5254.63 308.644 112.241
 70427.5 40096.9 2150.47 2250.28 180.243
 47451 20253.6 10000.4 536.339 606.187
 55389.2 12161.3 4512.2 2227.94 254.538
 92746.9 24007.2 4601.5 1707.29 939.299
 12759.3 18701 4211.02 807.135 464.229
 31101.7 3987.97 5120.45 1153.01 348.108
 26457.4 11927.2 1341.71 1722.72 505.033
 10032.1 8024.54 3172.96 356.932 592.643
 26112.6 4663.66 3277.2 1295.83 387.804
 25261.6 8615.32 1349.65 948.408 487.236
 7933.84 9171.89 2746.42 430.245 457.66
 8273.26 3999.42 4060.63 1215.91 393.098
 30301.3 2983.92 1263.78 1283.13 508.435
F
 0.0790192 0.0893595 0.0893595 0.0893595 0.0893595
 0.141395 0.159898 0.159898 0.159898 0.159898
 0.136051 0.153855 0.153855 0.153855 0.153855
 0.181813 0.205604 0.205604 0.205604 0.205604
 0.0570157 0.0644767 0.0644767 0.0644767 0.0644767
 0.11374 0.128624 0.128624 0.128624 0.128624
 0.236717 0.267693 0.267693 0.267693 0.267693
 0.0361797 0.0409141 0.0409141 0.0409141 0.0409141
 0.144097 0.162954 0.162954 0.162954 0.162954
 0.190843 0.215816 0.215816 0.215816 0.215816
 0.0535254 0.0605296 0.0605296 0.0605296 0.0605296
 0.26346 0.297936 0.297936 0.297936 0.297936
 0.245563 0.277697 0.277697 0.277697 0.277697
 0.38988 0.4409 0.4409 0.4409 0.4409
 0.259657 0.293636 0.293636 0.293636 0.293636
 0.250693 0.283499 0.283499 0.283499 0.283499
 0.160634 0.181654 0.181654 0.181654 0.181654
 0.16897 0.191081 0.191081 0.191081 0.191081
 0.246617 0.278889 0.278889 0.278889 0.278889
 0.218168 0.246717 0.246717 0.246717 0.246717
 0.165067 0.186668 0.186668 0.186668 0.186668
 0.208712 0.236024 0.236024 0.236024 0.236024
 0.121068 0.136911 0.136911 0.136911 0.136911
 0.102446 0.115852 0.115852 0.115852 0.115852
 0.105339 0.119124 0.119124 0.119124 0.119124
 0.0850077 0.0961317 0.0961317 0.0961317 0.0961317
 0.104852 0.118573 0.118573 0.118573 0.118573
 0.0923298 0.104412 0.104412 0.104412 0.104412
 0.0886625 0.100265 0.100265 0.100265 0.100265
 0.119656 0.135314 0.135314 0.135314 0.135314
 0.117558 0.132941 0.132941 0.132941 0.132941
YTP_r0W_actual
 251501 42073.3 34880.4 43883 18964.6
YTP_p0W_proyectada
 922767 951639 121211 65186.3 100788
 922767 317175 189155 20725.7 11472.5
CTP_r0_actual
 30301.3 2983.92 1263.78 1283.13 508.435
CTP_p0_proyectada
 123200 60730 5240.43 2219.49 2979.26
 123200 20240.9 8177.92 705.677 339.124
Wmedp
 7.49 15.67 23.13 29.37 33.83
Frms_r0
 0.117558 0.132941 0.132941 0.132941 0.132941
Zrms_r0
 1.11756 1.13294 1.13294 1.13294 1.13294
nmprior
 8.19 8.8 8.5 0
nm_flota  nm_reclas  nm_pelaces    nm_pelaL
inf 11.2846 13.7177 30.0931
cv_recla  cv_pelaces  cv_mph
0.394655 0.491549 1.8217
 ------------------------------------------------
Talla a la edad & desviaci?n 
 8 13.2811 15.8009 17.003 17.5766
 0.8 1.32811 1.58009 1.7003 1.75766
