years
 1991 1992 1993 1994 1995 1996 1997 1998 1999 2000 2001 2002 2003 2004 2005 2006 2007 2008 2009 2010 2011 2012 2013 2014 2015 2016 2017 2018 2019 2020 2021
reclasobs
 0 0 0 0 0 0 0 0 0 252601 567819 844713 477998 351125 339783 2.1784e+06 2.13404e+06 4.81314e+06 1.55562e+06 2.62356e+06 3.21686e+06 3.843e+06 1.13348e+06 3.07943e+06 1.97215e+06 2.03268e+06 2.025e+06 2.42433e+06 2.27542e+06 1.05018e+06 2.36338e+06
reclaspred
 3.29197e+06 1.86567e+06 946619 951068 952399 1.46947e+06 969106 867062 634734 468609 507363 637585 632567 507480 516546 1.27395e+06 1.26708e+06 2.74698e+06 2.28144e+06 1.7151e+06 3.03732e+06 2.46972e+06 1.99379e+06 3.04251e+06 2.29636e+06 2.03437e+06 2.38829e+06 2.51746e+06 2.08993e+06 1.34448e+06 1.932e+06
pelacesobs
 0 0 0 0 0 0 0 0 0 0 0 0 0 0 0 552880 188675 0 991730 2.46772e+06 1.41603e+06 1.21717e+06 2.29649e+06 1.80582e+06 0 1.4828e+06 1.56532e+06 1.57751e+06 1.42118e+06 867257 1.10002e+06
pelacespred
 1.84732e+06 1.17211e+06 600429 491779 505710 805857 506159 541340 390131 275127 303790 320370 347809 298144 309439 629465 625311 1.54752e+06 1.34014e+06 939178 1.58701e+06 1.41794e+06 1.13297e+06 1.88097e+06 1.37664e+06 1.21226e+06 1.61652e+06 1.68243e+06 1.15071e+06 843008 1.19216e+06
mphobs
 0 0 0 0 0 0 0 0 0 0 0 498337 0 5186 125008 0 168611 109162 213762 579715 649985 157893 87575 83554 0 0 0 0 0 0 0
mphpred
 493424 330917 167437 91122.8 101606 113980 149234 98410.9 86157.9 60684.9 40613.6 59275.4 63814.6 55129.3 39237.7 49078.8 147168 143802 271734 208992 224553 276398 263123 219879 302474 250102 206411 217975 300795 208766 133977
desembarqueobs
 494567 514787 250237 358949 120608 361735 552515 73892 212993 205616 52469 317467 293654 387597 252695 516296 358380 742168 942051 627588 828172 859565 418607 520667 417249 300574 415391 372974 316634 284311 391294
desembarquepred
 494574 513314 250989 358973 120612 361749 552567 73895.6 213036 205657 52471.3 317533 293708 387651 252697 516275 358403 742092 941904 627490 828238 859599 418619 520690 417252 300577 415394 372964 316631 284320 391299
Reclutas
 220238 125917 124896 223299 178660 297602 124835 58512.6 54016 70717.1 129312 165830 139188 97893.2 100102 526112 118356 804442 467465 358862 538203 720980 155374 456356 384764 173711 386094 432526 130723 95510.7 353710
log_desv_Rt
 0.0777741 -0.481313 -0.489451 0.0915774 -0.131453 0.378823 -0.489941 -1.24769 -1.32765 -1.05825 -0.454708 -0.20597 -0.38111 -0.733057 -0.710741 0.948579 -0.543242 1.37321 0.830391 0.566004 0.9713 1.26368 -0.2711 0.806339 0.635696 -0.159542 0.639145 0.752708 -0.443852 -0.757697 0.551541
SSB
 3.94563e+06 2.64616e+06 1.3389e+06 728659 812483 911433 1.19334e+06 786937 688957 485263 324764 473992 510290 440838 313762 392456 1.17682e+06 1.1499e+06 2.17291e+06 1.67119e+06 1.79563e+06 2.2102e+06 2.10405e+06 1.75825e+06 2.41872e+06 1.99992e+06 1.65056e+06 1.74302e+06 2.40529e+06 1.66939e+06 1.07134e+06
BT
 5.23927e+06 3.56866e+06 1.81926e+06 1.5866e+06 1.41455e+06 2.41145e+06 1.81803e+06 1.47699e+06 1.22983e+06 917487 838631 1.10405e+06 1.17538e+06 1.18222e+06 1.06151e+06 2.06299e+06 1.91233e+06 4.6938e+06 4.40623e+06 3.01657e+06 4.81462e+06 4.50615e+06 3.32228e+06 5.39305e+06 3.97724e+06 3.43026e+06 4.64272e+06 4.76492e+06 3.26409e+06 2.4754e+06 3.48223e+06
Ftot
 0.107669 0.194588 0.188885 0.280754 0.0939649 0.186651 0.402119 0.0629506 0.245695 0.318772 0.0802499 0.368073 0.342351 0.556327 0.372662 0.318863 0.205059 0.210264 0.30302 0.269693 0.204927 0.259599 0.151903 0.131763 0.133998 0.108397 0.133212 0.114453 0.108199 0.152373 0.15712
BD_Bspro_t
 0.982921 0.873324 0.737161 0.657093 0.651734 0.717481 0.708041 0.56675 0.619452 0.583778 0.554658 0.72369 0.615383 0.532519 0.433912 0.490434 0.643156 0.625598 0.705777 0.618745 0.592161 0.638344 0.653636 0.650005 0.743867 0.751737 0.758612 0.787812 0.824166 0.770162 0.715611
BD_Bspro
 2.70908 1.81686 0.919291 0.500298 0.557852 0.625791 0.819349 0.540312 0.473038 0.333182 0.222983 0.325443 0.350365 0.30268 0.215429 0.269461 0.808005 0.789524 1.49192 1.14744 1.23288 1.51753 1.44464 1.20722 1.6607 1.37315 1.13327 1.19676 1.65148 1.1462 0.735583
BD_Bo
 1.82531 1.22416 0.619397 0.337089 0.375867 0.421644 0.552059 0.36405 0.318722 0.224491 0.150241 0.219276 0.236068 0.203939 0.145151 0.181556 0.544415 0.531963 1.00522 0.773121 0.830686 1.02247 0.973367 0.813396 1.11894 0.925197 0.763573 0.80635 1.11273 0.772286 0.495619
BD_Brms
 3.31875 2.22574 1.12618 0.612889 0.683395 0.766625 1.00374 0.661908 0.579495 0.408165 0.273165 0.398684 0.429215 0.370798 0.263912 0.330103 0.989845 0.967205 1.82768 1.40567 1.51034 1.85904 1.76976 1.4789 2.03443 1.68218 1.38832 1.46609 2.02314 1.40416 0.901125
Sel_flota
 0.842092 1 1 1 1
 0.842092 1 1 1 1
 0.842092 1 1 1 1
 0.842092 1 1 1 1
 0.842092 1 1 1 1
 0.842092 1 1 1 1
 0.842092 1 1 1 1
 0.842092 1 1 1 1
 0.842092 1 1 1 1
 0.842092 1 1 1 1
 0.842092 1 1 1 1
 0.842092 1 1 1 1
 0.842092 1 1 1 1
 0.842092 1 1 1 1
 0.842092 1 1 1 1
 0.842092 1 1 1 1
 0.842092 1 1 1 1
 0.842092 1 1 1 1
 0.842092 1 1 1 1
 0.842092 1 1 1 1
 0.842092 1 1 1 1
 0.842092 1 1 1 1
 0.842092 1 1 1 1
 0.842092 1 1 1 1
 0.842092 1 1 1 1
 0.842092 1 1 1 1
 0.842092 1 1 1 1
 0.842092 1 1 1 1
 0.842092 1 1 1 1
 0.842092 1 1 1 1
 0.842092 1 1 1 1
Sel_reclas
 1 1 1 1 1
 1 1 1 1 1
 1 1 1 1 1
 1 1 1 1 1
 1 1 1 1 1
 1 1 1 1 1
 1 1 1 1 1
 1 1 1 1 1
 1 1 1 1 1
 1 1 1 1 1
 1 1 1 1 1
 1 1 1 1 1
 1 1 1 1 1
 1 1 1 1 1
 1 1 1 1 1
 1 1 1 1 1
 1 1 1 1 1
 1 1 1 1 1
 1 1 1 1 1
 1 1 1 1 1
 1 1 1 1 1
 1 1 1 1 1
 1 1 1 1 1
 1 1 1 1 1
 1 1 1 1 1
 1 1 1 1 1
 1 1 1 1 1
 1 1 1 1 1
 1 1 1 1 1
 1 1 1 1 1
 1 1 1 1 1
Sel_pelaces
 1 1 1 1 1
 1 1 1 1 1
 1 1 1 1 1
 1 1 1 1 1
 1 1 1 1 1
 1 1 1 1 1
 1 1 1 1 1
 1 1 1 1 1
 1 1 1 1 1
 1 1 1 1 1
 1 1 1 1 1
 1 1 1 1 1
 1 1 1 1 1
 1 1 1 1 1
 1 1 1 1 1
 1 1 1 1 1
 1 1 1 1 1
 1 1 1 1 1
 1 1 1 1 1
 1 1 1 1 1
 1 1 1 1 1
 1 1 1 1 1
 1 1 1 1 1
 1 1 1 1 1
 1 1 1 1 1
 1 1 1 1 1
 1 1 1 1 1
 1 1 1 1 1
 1 1 1 1 1
 1 1 1 1 1
 1 1 1 1 1
pf_obs 
 0.8446 0.082 0.0669 0.0065 0
 0.8095 0.147 0.0364 0.0071 0
 0.9664 0.0169 0.016 0.0007 0
 0.9276 0.0648 0.0075 0.0001 0
 0.7033 0.2144 0.0806 0.0017 0
 0.9318 0.0425 0.0243 0.0014 0
 0.5671 0.3108 0.0964 0.0239 0.0018
 0.0768 0.2599 0.5324 0.112 0.0189
 0.490249 0.384438 0.106611 0.0170017 0.00170017
 0.7925 0.1577 0.0466 0.003 0.0002
 0.840416 0.127587 0.0312969 0.00059994 9.999e-05
 0.8084 0.0986 0.0794 0.0134 0.0002
 0.7335 0.1905 0.0724 0.0035 0.0001
 0.4001 0.4547 0.1325 0.0127 0
 0.49795 0.308269 0.164784 0.0264974 0.00249975
 0.9179 0.0499 0.0305 0.0017 0
 0.2467 0.6533 0.0926 0.0074 0
 0.9418 0.0223 0.034 0.0019 0
 0.707729 0.231977 0.0356964 0.0245975 0
 0.517169 0.277429 0.184464 0.0207286 0.00020938
 0.811772 0.124168 0.05621 0.00726502 0.000585176
 0.764997 0.148141 0.077277 0.00933861 0.000247198
 0.163321 0.427699 0.378323 0.0303852 0.000271297
 0.753843 0.0900009 0.118128 0.0371064 0.000921714
 0.721811 0.176058 0.0630433 0.0369309 0.00215725
 0.143369 0.312575 0.442814 0.0836902 0.0175525
 0.692698 0.0596174 0.167031 0.0765114 0.00414204
 0.394062 0.376323 0.152708 0.0712218 0.00568511
 0.125707 0.32114 0.495352 0.0537591 0.00404204
 0.23352 0.215282 0.420074 0.123614 0.00750983
 0.774587 0.0839891 0.0768558 0.0609784 0.00358967
pf_pred 
 0.434188 0.116111 0.425664 0.0240363 7.68064e-07
 0.410155 0.282706 0.0630282 0.231063 0.013048
 0.552915 0.204238 0.116394 0.0259495 0.100504
 0.745296 0.152616 0.0466362 0.0265776 0.0288745
 0.645795 0.276679 0.0464528 0.014195 0.0168784
 0.741254 0.177485 0.0634756 0.0106572 0.00712884
 0.471911 0.409742 0.0811786 0.0290327 0.00813505
 0.442221 0.292568 0.205776 0.0407685 0.0186659
 0.523973 0.231534 0.128242 0.0901981 0.026052
 0.682693 0.181584 0.0660144 0.036564 0.0331449
 0.799552 0.145288 0.0315659 0.0114757 0.0121179
 0.726506 0.226113 0.0343427 0.00746143 0.00557698
 0.672001 0.251149 0.0635362 0.00965004 0.0036637
 0.613692 0.276376 0.0841745 0.0212946 0.0044622
 0.718132 0.187672 0.0673907 0.0205248 0.00628046
 0.927194 0.0552021 0.0117207 0.00420876 0.00167407
 0.39072 0.572556 0.0278442 0.00591199 0.00296733
 0.891191 0.0475564 0.0575609 0.00279927 0.000892667
 0.59515 0.367779 0.0162022 0.0196107 0.00125782
 0.597111 0.25884 0.130859 0.00576489 0.00742521
 0.737472 0.168957 0.0601158 0.0303922 0.00306341
 0.741097 0.200074 0.0378611 0.0134712 0.00749697
 0.32506 0.524416 0.11632 0.022012 0.0121906
 0.738843 0.0958801 0.128417 0.0284841 0.0083754
 0.626993 0.288256 0.0311149 0.0416738 0.0119616
 0.438021 0.375971 0.143745 0.0155161 0.0267464
 0.730933 0.130013 0.0930292 0.0355678 0.0104573
 0.688731 0.23831 0.0352537 0.0252254 0.01248
 0.357872 0.466479 0.134478 0.0198936 0.0212771
 0.4257 0.230106 0.250043 0.0720832 0.0220684
 0.821183 0.0843498 0.0378504 0.04113 0.0154871
pobs_RECLAS
 0 0 0 0 0
 0 0 0 0 0
 0 0 0 0 0
 0 0 0 0 0
 0 0 0 0 0
 0 0 0 0 0
 0 0 0 0 0
 0 0 0 0 0
 0 0 0 0 0
 0 0 0 0 0
 0.991045 0.00858322 0.000360255 1.14367e-05 0
 0.934742 0.0480273 0.0164251 0.00080598 0
 0.827803 0.169806 0.00239088 0 0
 0.941827 0.0461693 0.0120037 0 0
 0.791401 0.0380133 0.147996 0.0225897 0
 0.846168 0.0940531 0.0597789 0 0
 0.134021 0.677848 0.182769 0.00536245 0
 0.80878 0.0450904 0.141981 0.00414843 0
 0.846168 0.0940531 0.0597789 0 0
 0.905697 0.0802665 0.012482 0.00150086 5.37128e-05
 0.989698 0.0102097 9.19794e-05 0 0
 0.975433 0.0193895 0.00387452 0.00125025 5.28907e-05
 0.303575 0.632131 0.0575291 0.00676475 0
 0.966965 0.00978017 0.0227588 0.000495775 0
 0.843318 0.132988 0.00938335 0.0141283 0.000182051
 0.564624 0.303363 0.111486 0.0197234 0.00080311
 0.826376 0.0876187 0.0782897 0.00655872 0.00115652
 0.89761 0.0855135 0.0140674 0.00269457 0.000114338
 0.34875 0.467042 0.161289 0.0227151 0.000203297
 0.318654 0.224769 0.449479 0.00709798 0
 0.937255 0.0296025 0.0250945 0.00804832 0
ppred_RECLAS
 0.477168 0.107291 0.39333 0.0222105 7.09721e-07
 0.453012 0.262165 0.0584487 0.214274 0.0121
 0.595602 0.184738 0.105281 0.0234719 0.0909075
 0.777313 0.133432 0.0407738 0.0232367 0.0252449
 0.68434 0.24657 0.0413977 0.0126502 0.0150416
 0.773324 0.155486 0.0556081 0.0093363 0.00624526
 0.5166 0.375068 0.0743089 0.0265758 0.00744662
 0.485148 0.270052 0.189939 0.037631 0.0172294
 0.567511 0.210358 0.116513 0.0819486 0.0236693
 0.71977 0.160366 0.0583006 0.0322915 0.0292719
 0.825847 0.126229 0.027425 0.00997031 0.0105283
 0.760447 0.198052 0.0300807 0.00653545 0.00488486
 0.709896 0.222133 0.0561957 0.00853515 0.00324042
 0.655972 0.246128 0.0749619 0.018964 0.00397383
 0.752777 0.164605 0.0591076 0.0180021 0.00550852
 0.938285 0.0467934 0.00993536 0.00356766 0.00141907
 0.433083 0.532747 0.0259082 0.00550094 0.00276101
 0.907043 0.0406279 0.0491749 0.00239144 0.000762614
 0.636945 0.329811 0.0145295 0.0175862 0.00112797
 0.638677 0.232135 0.117359 0.00517012 0.00665915
 0.769921 0.148073 0.0526852 0.0266356 0.00268476
 0.773411 0.175102 0.0331356 0.0117898 0.00656126
 0.364354 0.493886 0.109548 0.0207305 0.0114809
 0.770959 0.0840891 0.112625 0.0249812 0.00734542
 0.666667 0.257597 0.0278055 0.0372414 0.0106894
 0.481061 0.347177 0.132736 0.0143278 0.024698
 0.763715 0.114172 0.0816949 0.0312344 0.00918324
 0.724659 0.210803 0.0311845 0.0223138 0.0110395
 0.398622 0.436876 0.125944 0.0186311 0.0199269
 0.468712 0.212872 0.231316 0.0666845 0.0204156
 0.845347 0.0729513 0.0327356 0.0355719 0.0133943
pobs_PELACES
 0 0 0 0 0
 0 0 0 0 0
 0 0 0 0 0
 0 0 0 0 0
 0 0 0 0 0
 0 0 0 0 0
 0 0 0 0 0
 0 0 0 0 0
 0 0 0 0 0
 0 0 0 0 0
 0 0 0 0 0
 0 0 0 0 0
 0 0 0 0 0
 0 0 0 0 0
 0 0 0 0 0
 0 0 0 0 0
 0.505614 0.472636 0.0217494 0 0
 0 0 0 0 0
 0.443492 0.261883 0.143347 0.151278 0
 0.227955 0.32914 0.350689 0.0885471 0.00366901
 0.970185 0.0296113 0.000203453 0 0
 0.997202 0.00247181 0.000326279 0 0
 0.445219 0.490057 0.0546422 0.010081 0
 0.90214 0.0892962 0.00764917 0.000914606 0
 0 0 0 0 0
 0.581667 0.319106 0.0959925 0.00289975 0.000334073
 0.762889 0.0836404 0.116647 0.0363945 0.000428098
 0.88444 0.0763242 0.0277011 0.0115352 0
 0.521256 0.241999 0.230069 0.00667565 0
 0.616807 0.101726 0.260614 0.0208532 0
 0.833518 0.0704572 0.0857862 0.0102388 0
ppred_PELACES
 0.478568 0.107004 0.392277 0.022151 7.07821e-07
 0.455526 0.26096 0.0581801 0.213289 0.0120444
 0.597971 0.183656 0.104664 0.0233344 0.0903751
 0.779835 0.13192 0.040312 0.0229735 0.024959
 0.685397 0.245745 0.0412591 0.0126079 0.0149913
 0.775024 0.15432 0.055191 0.00926626 0.00619841
 0.521831 0.37101 0.0735048 0.0262883 0.00736604
 0.485968 0.269622 0.189637 0.0375711 0.017202
 0.57065 0.208831 0.115667 0.0813537 0.0234975
 0.723108 0.158456 0.0576061 0.0319068 0.0289232
 0.826448 0.125794 0.0273305 0.00993592 0.010492
 0.763923 0.195178 0.0296441 0.0064406 0.00481397
 0.713556 0.21933 0.0554867 0.00842746 0.00319954
 0.662485 0.241469 0.0735429 0.018605 0.00389861
 0.756373 0.162211 0.0582477 0.0177402 0.00542839
 0.93924 0.0460692 0.00978159 0.00351244 0.00139711
 0.435708 0.53028 0.0257882 0.00547546 0.00274823
 0.907963 0.0402259 0.0486883 0.00236778 0.000755069
 0.640588 0.326502 0.0143837 0.0174097 0.00111665
 0.641914 0.230056 0.116307 0.00512381 0.00659949
 0.771808 0.146859 0.0522533 0.0264172 0.00266275
 0.775773 0.173277 0.0327902 0.0116669 0.00649287
 0.366189 0.49246 0.109232 0.0206706 0.0114478
 0.77217 0.0836448 0.11203 0.0248492 0.00730661
 0.668216 0.256399 0.0276763 0.0370682 0.0106397
 0.482471 0.346234 0.132375 0.0142888 0.0246309
 0.764965 0.113568 0.0812626 0.0310691 0.00913464
 0.725847 0.209893 0.0310499 0.0222175 0.0109918
 0.399974 0.435894 0.125661 0.0185892 0.019882
 0.47069 0.212079 0.230455 0.0664362 0.0203396
 0.846414 0.0724478 0.0325096 0.0353264 0.0133019
pobs_pel_tallas
 0 0 0 0 0 0 0 0 0 0 0 0 0 0 0 0 0 0 0 0 0 0 0 0 0 0
 0 0 0 0 0 0 0 0 0 0 0 0 0 0 0 0 0 0 0 0 0 0 0 0 0 0
 0 0 0 0 0 0 0 0 0 0 0 0 0 0 0 0 0 0 0 0 0 0 0 0 0 0
 0 0 0 0 0 0 0 0 0 0 0 0 0 0 0 0 0 0 0 0 0 0 0 0 0 0
 0 0 0 0 0 0 0 0 0 0 0 0 0 0 0 0 0 0 0 0 0 0 0 0 0 0
 0 0 0 0 0 0 0 0 0 0 0 0 0 0 0 0 0 0 0 0 0 0 0 0 0 0
 0 0 0 0 0 0 0 0 0 0 0 0 0 0 0 0 0 0 0 0 0 0 0 0 0 0
 0 0 0 0 0 0 0 0 0 0 0 0 0 0 0 0 0 0 0 0 0 0 0 0 0 0
 0 0 0 0 0 0 0 0 0 0 0 0 0 0 0 0 0 0 0 0 0 0 0 0 0 0
 0 0 0 0 0 0 0 0 0 0 0 0 0 0 0 0 0 0 0 0 0 0 0 0 0 0
 0 0 0 0 0 0 0 0 0 0 0 0 0 0 0 0 0 0 0 0 0 0 0 0 0 0
 0 0 0 0 0 0 0 0 0 0 0 0 0 0 0 0 0 0 0 0 0 0 0 0 0 0
 0.00862536 0 0 0.000197151 0.00414017 0.0128641 0.00837892 0.0270097 0.101434 0.158115 0.152841 0.127902 0.109271 0.109419 0.0830992 0.0579132 0.0238553 0.00714673 0.00463305 0.00128148 0.00103504 0.000492878 0.000147863 0.000147863 4.92878e-05 0
 0 0 0 0 0 0 0 0 0 0 0 0 0 0 0 0 0 0 0 0 0 0 0 0 0 0
 0 0 0 0 0 0 0 0.0054083 0.00873648 0.0413646 0.0450493 0.0745869 0.0622846 0.0627006 0.0613931 0.0827291 0.12552 0.122667 0.0946155 0.0697135 0.0546179 0.0294188 0.0215738 0.0213955 0.0102223 0.00600262
 0 0 0 0 0.00359764 0.0251062 0.0480494 0.140153 0.205849 0.193036 0.1447 0.116669 0.0760912 0.0342217 0.00950174 0.001854 0.000860785 0 0 0 0.000165536 0 0.000143464 0 0 0
 0 0 0 0 0 0 0 0.000145254 0.000435761 0.0275982 0.070085 0.0708112 0.156366 0.174668 0.174014 0.160142 0.0824315 0.0480064 0.0283245 0.00493863 0.00203355 0 0 0 0 0
 0 0 0 0 0 0 0 0 0 0 0 0 0 0 0 0 0 0 0 0 0 0 0 0 0 0
 0 0 1.00437e-05 0.000401748 0.00122533 0.00171747 0.00176769 0.0269171 0.070346 0.194647 0.189555 0.159765 0.064822 0.0314167 0.0384472 0.0292271 0.0345202 0.0313363 0.0194345 0.0106764 0.0143323 0.0359363 0.0279516 0.0138201 0.00172751 0
 0 0.0021121 0.0136068 0.0755702 0.200478 0.177729 0.0527432 0.0373336 0.0318909 0.0142505 0.0149659 0.0166563 0.0217959 0.0798694 0.0677717 0.0528807 0.04013 0.0224614 0.0357745 0.0225083 0.00881397 0.00855152 0.00135912 0.000746735 0 0
 0 0 0 0 5.4009e-05 0.00500934 0.000945158 0.0243581 0.138947 0.33067 0.221406 0.137944 0.0707744 0.0437923 0.0131692 0.00525238 0.0047753 0.00276346 9.45158e-05 9.00151e-06 2.25038e-05 9.00151e-06 4.50075e-06 0 0 0
 0.000866109 0.00284123 0.00948549 0.0512746 0.133035 0.25785 0.225252 0.132002 0.0553304 0.0519788 0.0540692 0.017754 0.00435017 0.00159236 0.00146478 0.000404838 0.000125132 0.000115318 0.000107957 0.000100596 0 0 0 0 0 0
 0 0 0 0 0.00144013 0.00171154 0.00461396 0.0210425 0.0478622 0.0707936 0.0888783 0.103762 0.0637923 0.0337046 0.0602308 0.124433 0.169614 0.0934646 0.0462172 0.0250306 0.0313229 0.00938855 0.002487 0.000210481 0 0
 0 0.00764035 0.051015 0.0998891 0.058973 0.0496711 0.0374665 0.0718981 0.12319 0.153886 0.159021 0.0857701 0.0377988 0.023471 0.0147837 0.00900784 0.00315554 0.000888139 0.00291439 0.00214683 0.00393193 0.00274676 0.000635225 9.99891e-05 0 0
 0 0 0 0 0 0 0 0 0 0 0 0 0 0 0 0 0 0 0 0 0 0 0 0 0 0
 0 0 0 0 0 0 0 0 0 0 0 0 0 0 0 0 0 0 0 0 0 0 0 0 0 0
 0 0 0 0 0 0 0 0 0 0 0 0 0 0 0 0 0 0 0 0 0 0 0 0 0 0
 0 0 0 0 0 0 0 0 0 0 0 0 0 0 0 0 0 0 0 0 0 0 0 0 0 0
 0 0 0 0 0 0 0 0 0 0 0 0 0 0 0 0 0 0 0 0 0 0 0 0 0 0
 0 0 0 0 0 0 0 0 0 0 0 0 0 0 0 0 0 0 0 0 0 0 0 0 0 0
 0 0 0 0 0 0 0 0 0 0 0 0 0 0 0 0 0 0 0 0 0 0 0 0 0 0
ppred_pel_tallas
 1.1357e-16 3.9419e-05 0.000383167 0.00254628 0.011575 0.0360142 0.0767326 0.111996 0.112007 0.0767861 0.0361957 0.0121067 0.00390908 0.00345137 0.00613896 0.0107954 0.0171933 0.0250388 0.0339275 0.043466 0.0531388 0.0619538 0.0682975 0.0703792 0.0671123 0.0588164
 1.25174e-16 3.75211e-05 0.000364719 0.00242368 0.0110177 0.0342804 0.0730389 0.106608 0.106633 0.0731624 0.0346954 0.0122179 0.00544269 0.00697747 0.0126656 0.021073 0.0308418 0.039902 0.0462688 0.0492814 0.0500856 0.0508151 0.0530578 0.0567828 0.0604279 0.0618985
 1.20702e-16 4.92541e-05 0.000478767 0.00318158 0.014463 0.0449999 0.0958776 0.13994 0.139958 0.0959649 0.0452933 0.0153126 0.00532162 0.00517555 0.00904432 0.0150753 0.0221965 0.0289674 0.0339845 0.0367056 0.0377832 0.0385405 0.0399946 0.0421985 0.0443112 0.0451826
 1.07725e-16 6.4234e-05 0.000624377 0.00414921 0.0188617 0.0586858 0.125037 0.182498 0.18251 0.125099 0.0588954 0.0194676 0.00567239 0.00395747 0.00641847 0.0105745 0.0153851 0.0196955 0.0223893 0.0229964 0.0219783 0.0203878 0.0191716 0.0186601 0.0185524 0.0182683
 1.05055e-16 5.64553e-05 0.000548766 0.00364674 0.0165776 0.0515791 0.109896 0.160401 0.160425 0.110011 0.051968 0.0177011 0.00646758 0.00670926 0.0117642 0.0193806 0.0279653 0.035283 0.0390994 0.0384012 0.0339994 0.0279656 0.0223649 0.0182741 0.0156531 0.0138621
 1.03611e-16 6.38378e-05 0.000620526 0.00412361 0.0187454 0.0583238 0.124266 0.181372 0.181387 0.124339 0.058569 0.0194541 0.00590539 0.00451886 0.00749301 0.0123532 0.0179455 0.0228946 0.0258358 0.0261304 0.0242133 0.0212319 0.0182867 0.0158851 0.0139354 0.0121064
 1.06099e-16 4.29826e-05 0.000417806 0.00277647 0.0126215 0.0392702 0.0836707 0.122127 0.122163 0.0838457 0.0398577 0.0143188 0.00703904 0.00972946 0.0177466 0.0293214 0.0423551 0.0535203 0.0594507 0.058598 0.0521344 0.0431031 0.0345302 0.0279828 0.0234147 0.0199615
 1.12221e-16 4.00286e-05 0.000389092 0.00258565 0.011754 0.0365713 0.0779199 0.113732 0.113758 0.0780482 0.0370028 0.0130036 0.00573426 0.00730244 0.0132871 0.0222104 0.0327114 0.0426482 0.0498278 0.0532011 0.0533595 0.0518525 0.0499323 0.0478034 0.0448577 0.0404674
 1.15527e-16 4.70038e-05 0.000456893 0.00303622 0.0138022 0.0429439 0.0914973 0.133547 0.133568 0.0915965 0.0432776 0.0147682 0.00546921 0.00579621 0.0102712 0.0171298 0.025208 0.0328573 0.0384467 0.0412951 0.0420449 0.0420755 0.0424288 0.0431262 0.0433193 0.0419911
 1.09798e-16 5.95615e-05 0.000578959 0.00384739 0.0174897 0.0544169 0.115942 0.169223 0.169239 0.116017 0.054669 0.0182186 0.00568056 0.00459291 0.00771917 0.0127649 0.0186189 0.0239291 0.0273755 0.0284009 0.0275425 0.026017 0.0248898 0.0244836 0.0243873 0.0238976
 1.03593e-16 6.80734e-05 0.000661698 0.00439722 0.0199891 0.0621936 0.132511 0.193406 0.193418 0.13257 0.0623929 0.0205651 0.00584386 0.00382299 0.00608174 0.00997289 0.0144233 0.0182762 0.0204058 0.0203075 0.0183946 0.0157017 0.013236 0.0114843 0.0103655 0.00951228
 1.02366e-16 6.29234e-05 0.000611638 0.00406455 0.0184769 0.0574885 0.122486 0.178776 0.178795 0.122578 0.0577972 0.0193686 0.00630312 0.00549909 0.00934698 0.0153579 0.0221297 0.0278547 0.0307339 0.0299387 0.0260972 0.0208569 0.0158881 0.0121059 0.00955933 0.00782392
 1.03044e-16 5.87747e-05 0.000571311 0.00379656 0.0172586 0.0536981 0.11441 0.16699 0.167011 0.114514 0.0540458 0.0182632 0.00632003 0.00608616 0.0105503 0.0173952 0.0251605 0.0318638 0.0355153 0.0351829 0.0315167 0.0262528 0.0211187 0.0170133 0.0139389 0.0114683
 1.0471e-16 5.4568e-05 0.000530421 0.00352483 0.0160234 0.0498549 0.106222 0.155039 0.155062 0.106336 0.0502381 0.017131 0.00630834 0.00661735 0.0116457 0.0192474 0.0279113 0.0354982 0.0398543 0.039975 0.036563 0.0314681 0.0264863 0.0224819 0.0193517 0.0165754
 1.04421e-16 6.23015e-05 0.000605592 0.00402438 0.0182942 0.0569202 0.121275 0.177008 0.177024 0.121352 0.057178 0.0190395 0.00589803 0.00470559 0.00787782 0.013001 0.0189014 0.0241473 0.0273178 0.027756 0.0259288 0.0230399 0.0202239 0.0179722 0.0161343 0.0143132
 1.00883e-16 7.73639e-05 0.000752005 0.00499734 0.0227172 0.0706816 0.150595 0.219798 0.219803 0.150616 0.0707546 0.022928 0.00552691 0.00190908 0.00227783 0.00365118 0.00527097 0.00666852 0.00742367 0.00734562 0.00658 0.00550231 0.00448331 0.00371093 0.00317271 0.0027564
 1.01894e-16 3.58888e-05 0.000348852 0.00231825 0.0105384 0.0327893 0.0698629 0.101978 0.102029 0.0701122 0.0336261 0.0129545 0.00837904 0.0135665 0.0251001 0.0413377 0.0593078 0.0740815 0.0806595 0.0767375 0.0641054 0.0474951 0.0318373 0.0200359 0.0125262 0.00823761
 1.01781e-16 7.47877e-05 0.000726963 0.00483093 0.0219607 0.0683279 0.14558 0.212479 0.212483 0.145599 0.0683929 0.0221493 0.00530754 0.00177798 0.00210173 0.00343644 0.00512921 0.00683611 0.00824669 0.00919474 0.00971073 0.00991967 0.00988213 0.00953281 0.00876341 0.00755632
 1.02434e-16 5.27645e-05 0.00051289 0.00340833 0.0154938 0.0482072 0.102712 0.149917 0.149949 0.102865 0.0487225 0.0169816 0.0071408 0.00865358 0.0154921 0.0254731 0.0365631 0.045718 0.0498808 0.0476609 0.0401854 0.0303752 0.0212404 0.0145019 0.0103297 0.00796332
 1.05046e-16 5.28736e-05 0.000513951 0.00341538 0.0155258 0.0483068 0.102924 0.150225 0.150247 0.103033 0.0486733 0.016586 0.00608278 0.0063573 0.01121 0.0186035 0.0271526 0.0348885 0.0398085 0.0409386 0.0388261 0.0350054 0.0309144 0.0271668 0.023619 0.0199246
 1.04646e-16 6.35728e-05 0.00061795 0.0041065 0.0186675 0.0580817 0.12375 0.180619 0.180634 0.123819 0.0583152 0.0193425 0.0058035 0.00433199 0.0071453 0.0117864 0.0171492 0.0219421 0.0248931 0.0254242 0.0239706 0.021621 0.0193796 0.0176438 0.0162152 0.0146769
 1.0326e-16 6.38994e-05 0.000621125 0.0041276 0.0187635 0.0583802 0.124386 0.181548 0.181565 0.124467 0.0586545 0.0195561 0.00611795 0.00496883 0.00832916 0.0136905 0.0197681 0.0249725 0.0277306 0.0273246 0.0243122 0.0201281 0.0161972 0.0132543 0.0112668 0.00980574
 1.07289e-16 3.01626e-05 0.000293192 0.00194836 0.00885701 0.0275577 0.0587163 0.0857082 0.0857557 0.0589486 0.0283378 0.011111 0.00760921 0.0126612 0.0235495 0.0389636 0.0563109 0.0712007 0.0791596 0.078107 0.0695523 0.0574785 0.0458615 0.0367863 0.0302574 0.0252384
 1.06983e-16 6.36026e-05 0.00061824 0.00410842 0.0186763 0.0581089 0.123808 0.180702 0.180711 0.123848 0.0582446 0.0190703 0.0051055 0.00282136 0.00432563 0.00725463 0.0109228 0.0147402 0.0181295 0.0208013 0.0228407 0.024465 0.025678 0.0261534 0.0254501 0.0233529
 1.06383e-16 5.50402e-05 0.00053501 0.00355533 0.016162 0.0502862 0.107141 0.156381 0.156405 0.107262 0.0506916 0.0173331 0.00649495 0.00695287 0.0122463 0.0201674 0.029074 0.0366354 0.0405342 0.0397512 0.0351957 0.0290986 0.0236552 0.0199624 0.0178709 0.0165538
 1.0951e-16 3.97406e-05 0.000386293 0.00256705 0.0116695 0.0363082 0.0773598 0.112916 0.112949 0.0775235 0.0368585 0.0132607 0.0065677 0.00914133 0.0167306 0.0277624 0.0403781 0.0515935 0.0583713 0.05929 0.055321 0.0490155 0.0428019 0.0377716 0.0336762 0.0297404
 1.07036e-16 6.30092e-05 0.000612472 0.00407009 0.0185021 0.0575668 0.122653 0.179017 0.179028 0.122707 0.0577487 0.019029 0.00539834 0.00353052 0.00565957 0.00940084 0.0138767 0.0181727 0.0213959 0.0231408 0.0236832 0.0236731 0.0235898 0.0234216 0.0227814 0.0212782
 1.05038e-16 5.97871e-05 0.000581152 0.00386196 0.0175559 0.0546231 0.116381 0.169866 0.169886 0.11648 0.0549552 0.0185153 0.00627075 0.00584158 0.0100566 0.016549 0.0238796 0.0301358 0.0334204 0.0328877 0.0292547 0.0243091 0.0198133 0.016654 0.0147332 0.0134289
 1.08967e-16 3.29454e-05 0.000320241 0.00212812 0.00967414 0.0301001 0.0641329 0.0936127 0.0936549 0.0643388 0.0307915 0.0116726 0.00714961 0.0112989 0.0209325 0.0346821 0.0502589 0.0638346 0.0715086 0.0714643 0.0649943 0.0554963 0.046297 0.039041 0.0335909 0.0289921
 1.1681e-16 3.87702e-05 0.00037686 0.00250437 0.0113845 0.0354215 0.0754701 0.110155 0.110176 0.0755717 0.0357639 0.0123777 0.00501375 0.00590938 0.0107067 0.0180611 0.0270067 0.0360554 0.0436813 0.0491587 0.052839 0.0555472 0.0576372 0.0585703 0.0573322 0.0532407
 1.06751e-16 6.9718e-05 0.000677684 0.00450345 0.020472 0.0636961 0.135712 0.198077 0.198084 0.135746 0.0638117 0.0208066 0.00534573 0.00252512 0.00360469 0.00592025 0.00869522 0.0113161 0.0132245 0.0142101 0.0145382 0.0147355 0.0151956 0.0159152 0.0165333 0.0165856
pSPR Fmed_Fpbrs
0.69156   0.6 0.325
Fs Fmed_Fpbrs
0.191468   0.271674 0.660083
SSBpbr Bo_Bmed_Bpbrs
2.16162e+06  1.38681e+06  1.18889e+06 594446
Ro
203758
SPR SPRFo_SPRFmed_SPRFpbrs
1.45645e+06 1.00722e+06 473346
Fref
0.271674
Nvult_r0
 239713 21188.9 9508.15 10332 3890.42
CTP_r0
 28010.3 2877.15 1291.07 1402.93 528.262
YTP_r0
391299
Np
 279577 113996 9716.31 4360.02 6227.3
Nvult_p0
 197758 82036.1 6992.22 3137.63 4481.4
CTP_p0
 36818.9 17525.8 1493.78 670.308 957.384
YTP_p0
 646643
CBA_c0
467902
log_Ro
12.0447
likeval ReclasPelacesDesembMPH_pf_preclas_ppelaces_ptallas_desvR_qrecl_qpela
 15.2404 17.2846 0.087452 0.00081227 241.301 119.692 98.1627 0 23.0517 4.73263e-06 7.65992e-07 0.445851 6.53292e-16 0 0
q_reclas_q_pelaces
0.734716 0.882924
M
1
N
 220238 49943.1 183092 10338.8 0.33037
 125917 73998.3 16497.6 60480.5 3415.31
 124896 39321.1 22408.8 4995.95 19349.5
 223299 39190.2 11975.7 6824.84 7414.67
 178660 64850.9 10888.1 3327.17 3956.13
 297602 60725 21717.7 3646.28 2439.08
 124835 93558 18535.8 6629.14 1857.5
 58512.6 32732.7 23022.3 4561.2 2088.35
 54016 20414.2 11307 7952.7 2296.99
 70717.1 16157.5 5874.01 3253.49 2949.25
 129312 19890.7 4321.53 1571.08 1659.01
 165830 44462.6 6753.11 1467.21 1096.65
 139188 44746.5 11320.1 1719.32 652.751
 97893.2 38379.9 11689.2 2957.15 619.659
 100102 22542.4 8094.68 2465.35 754.382
 526112 26906.8 5712.96 2051.45 815.983
 118356 147969 7195.93 1527.87 766.863
 804442 36635.4 44342.5 2156.43 687.672
 467465 247915 10921.7 13219.3 847.881
 358862 133240 67361.1 2967.53 3822.2
 538203 105197 37429.6 18922.9 1907.36
 720980 166612 31528.9 11218.2 6243.12
 155374 213152 47279.1 8946.9 4954.95
 456356 50295.6 67363.5 14941.8 4393.47
 384764 150253 16218.5 21722.3 6234.95
 173711 126443 48342.9 5218.23 8995.09
 386094 58329.8 41737.3 15957.4 4691.64
 432526 126964 18782 13439.3 6648.94
 130723 144498 41656.2 6162.28 6590.84
 95510.7 43902.4 47706.3 13752.9 4210.48
 353710 30905.2 13868.2 15069.8 5674.39
pred_Ctot
 12156.9 3251 11918.2 672.996 0.0215051
 12191.9 8403.49 1873.52 6868.37 387.854
 11761.5 4344.52 2475.91 551.994 2137.89
 30297.5 6204.09 1895.84 1080.42 1173.8
 8647.57 3704.89 622.03 190.079 226.011
 27714.9 6636.02 2373.31 398.465 266.542
 23298.5 20229.2 4007.83 1433.36 401.631
 1917.93 1268.88 892.458 176.815 80.9549
 6490.07 2867.84 1588.44 1117.22 322.687
 10756.3 2860.97 1040.1 576.088 522.218
 5370.96 975.969 212.043 77.0877 81.4019
 28649.9 8916.83 1354.31 294.243 219.929
 22558.6 8430.89 2132.86 323.945 122.988
 24038.6 10825.8 3297.16 834.122 174.787
 17483.4 4569 1640.67 499.69 152.902
 80043.4 4765.52 1011.83 363.336 144.52
 12033.4 17633.6 857.547 182.078 91.388
 83716.4 4467.33 5407.14 262.956 83.855
 67946.6 41988.3 1849.76 2238.9 143.602
 46947.1 20351 10288.6 453.257 583.798
 54687.3 12529 4457.89 2253.74 227.168
 91099.4 24594.1 4654.08 1655.94 921.565
 11916.9 19225.4 4264.37 806.97 446.915
 30572 3967.34 5313.66 1178.62 346.558
 26192.9 12042 1299.84 1740.94 499.702
 9651.06 8283.89 3167.18 341.871 589.312
 26136.5 4648.95 3326.51 1271.82 373.929
 25319.9 8761.02 1296.03 927.365 458.803
 7249.97 9450.19 2724.33 403.016 431.044
 7346.97 3971.3 4315.39 1244.05 380.869
 28010.3 2877.15 1291.07 1402.93 528.262
F
 0.0906669 0.107669 0.107669 0.107669 0.107669
 0.163861 0.194588 0.194588 0.194588 0.194588
 0.159058 0.188885 0.188885 0.188885 0.188885
 0.236421 0.280754 0.280754 0.280754 0.280754
 0.0791271 0.0939649 0.0939649 0.0939649 0.0939649
 0.157177 0.186651 0.186651 0.186651 0.186651
 0.338621 0.402119 0.402119 0.402119 0.402119
 0.0530102 0.0629506 0.0629506 0.0629506 0.0629506
 0.206898 0.245695 0.245695 0.245695 0.245695
 0.268435 0.318772 0.318772 0.318772 0.318772
 0.0675778 0.0802499 0.0802499 0.0802499 0.0802499
 0.309951 0.368073 0.368073 0.368073 0.368073
 0.288291 0.342351 0.342351 0.342351 0.342351
 0.468479 0.556327 0.556327 0.556327 0.556327
 0.313816 0.372662 0.372662 0.372662 0.372662
 0.268512 0.318863 0.318863 0.318863 0.318863
 0.172679 0.205059 0.205059 0.205059 0.205059
 0.177061 0.210264 0.210264 0.210264 0.210264
 0.255171 0.30302 0.30302 0.30302 0.30302
 0.227106 0.269693 0.269693 0.269693 0.269693
 0.172568 0.204927 0.204927 0.204927 0.204927
 0.218606 0.259599 0.259599 0.259599 0.259599
 0.127917 0.151903 0.151903 0.151903 0.151903
 0.110956 0.131763 0.131763 0.131763 0.131763
 0.112838 0.133998 0.133998 0.133998 0.133998
 0.0912801 0.108397 0.108397 0.108397 0.108397
 0.112177 0.133212 0.133212 0.133212 0.133212
 0.0963801 0.114453 0.114453 0.114453 0.114453
 0.0911133 0.108199 0.108199 0.108199 0.108199
 0.128312 0.152373 0.152373 0.152373 0.152373
 0.13231 0.15712 0.15712 0.15712 0.15712
YTP_r0W_actual
 238088 46897.5 37311.9 48822.1 20179.6
YTP_p0W_proyectada
 276878 282515 34924.6 19774.1 32551.1
CTP_r0_actual
 28010.3 2877.15 1291.07 1402.93 528.262
CTP_p0_proyectada
 36818.9 17525.8 1493.78 670.308 957.384
Wmedp
 7.52 16.12 23.38 29.5 34
Frms_r0
 0.13231 0.15712 0.15712 0.15712 0.15712
Zrms_r0
 1.13231 1.15712 1.15712 1.15712 1.15712
nmprior
 8.19 8.8 8.5 0
nm_flota  nm_reclas  nm_pelaces    nm_pelaL
inf 11.8774 18.3113 43.806
cv_recla  cv_pelaces  cv_mph
0.35312 0.471414 0.87954
 ------------------------------------------------
Talla a la edad & desviaci?n 
 8 13.2811 15.8009 17.003 17.5766
 0.8 1.32811 1.58009 1.7003 1.75766
