years
 1991 1992 1993 1994 1995 1996 1997 1998 1999 2000 2001 2002 2003 2004 2005 2006 2007 2008 2009 2010 2011 2012 2013 2014 2015 2016 2017 2018 2019 2020 2021
reclasobs
 0 0 0 0 0 0 0 0 0 252601 567819 844713 477998 351125 339783 2.1784e+06 2.13404e+06 4.81314e+06 1.55562e+06 2.62356e+06 3.21686e+06 3.843e+06 1.13348e+06 3.07943e+06 1.97215e+06 2.03268e+06 2.025e+06 2.42433e+06 2.27542e+06 1.05018e+06 2.36338e+06
reclaspred
 3.32041e+06 1.90379e+06 967038 960840 958220 1.44918e+06 997622 901052 663272 496900 510003 628374 629664 520674 532767 1.25564e+06 1.28282e+06 2.64621e+06 2.22424e+06 1.69294e+06 3.01273e+06 2.45223e+06 2.01019e+06 3.03588e+06 2.30052e+06 2.03724e+06 2.37419e+06 2.48189e+06 2.08231e+06 1.3634e+06 1.91759e+06
pelacesobs
 0 0 0 0 0 0 0 0 0 0 0 0 0 0 0 552880 188675 0 991730 2.46772e+06 1.41603e+06 1.21717e+06 2.29649e+06 1.80582e+06 0 1.4828e+06 1.56532e+06 1.57751e+06 1.42118e+06 867257 1.10002e+06
pelacespred
 1.86945e+06 1.20784e+06 625473 505186 509760 795901 533734 558973 412175 297279 307671 321009 350476 314034 324725 627848 637909 1.48887e+06 1.32025e+06 941474 1.57136e+06 1.42777e+06 1.14588e+06 1.8699e+06 1.38295e+06 1.21313e+06 1.60166e+06 1.65471e+06 1.1443e+06 856510 1.20119e+06
mphobs
 0 0 0 0 0 0 0 0 0 0 0 498337 0 5186 125008 0 168611 109162 213762 579715 649985 157893 87575 83554 0 0 0 0 0 0 0
mphpred
 491783 330657 169878 91892.5 102382 112895 147888 102858 88949.7 64058.9 43492.6 58707 63738.2 56298.9 42093.4 51990.2 145736 145494 260659 205670 222443 273670 261026 220206 299168 247499 204518 214790 292918 206077 131507
desembarqueobs
 494567 514787 250237 358949 120608 361735 552515 73892 212993 205616 52469 317467 293654 387597 252695 516296 358380 742168 942051 627588 828172 859565 418607 520667 417249 300574 415391 372974 316634 284311 391294
desembarquepred
 494573 513149 251079 358967 120611 361746 552560 73894.8 213027 205649 52470.9 317525 293704 387654 252700 516284 358399 742110 941939 627516 828227 859600 418618 520686 417252 300577 415393 372967 316633 284319 391298
Reclutas
 253590 148457 144993 271486 217075 357640 151203 72757.2 66342.9 85939.9 155450 192712 162593 115070 120731 624434 145932 936221 551360 419419 646806 861961 189601 560919 469699 213196 473921 528486 158955 119828 455583
log_desv_Rt
 0.0322051 -0.503223 -0.526829 0.100395 -0.12327 0.376011 -0.484893 -1.21639 -1.30868 -1.04987 -0.457191 -0.242317 -0.412267 -0.757975 -0.709951 0.933331 -0.520371 1.33834 0.808873 0.535355 0.968532 1.2557 -0.258594 0.826062 0.648578 -0.141305 0.657525 0.766502 -0.434892 -0.717457 0.618063
SSB
 5.13292e+06 3.45118e+06 1.77308e+06 959115 1.06859e+06 1.17833e+06 1.54356e+06 1.07356e+06 928399 668605 453947 612745 665258 587611 439344 542640 1.5211e+06 1.51857e+06 2.72059e+06 2.14665e+06 2.32172e+06 2.85639e+06 2.72442e+06 2.29836e+06 3.12252e+06 2.58323e+06 2.13462e+06 2.24184e+06 3.05729e+06 2.1509e+06 1.37258e+06
BT
 6.71272e+06 4.57821e+06 2.36124e+06 2.00621e+06 1.81119e+06 2.98871e+06 2.29514e+06 1.94592e+06 1.59925e+06 1.20108e+06 1.08196e+06 1.35021e+06 1.44851e+06 1.46218e+06 1.34762e+06 2.53536e+06 2.42876e+06 5.66817e+06 5.35738e+06 3.73768e+06 5.96369e+06 5.61614e+06 4.22446e+06 6.77941e+06 5.04043e+06 4.35146e+06 5.81627e+06 5.9448e+06 4.11356e+06 3.15888e+06 4.42107e+06
Ftot
 0.0830462 0.148954 0.144103 0.213283 0.0718374 0.144392 0.305157 0.0466737 0.181466 0.232463 0.0603758 0.286596 0.264239 0.417828 0.274498 0.24315 0.157005 0.164768 0.239478 0.210125 0.158057 0.200421 0.116892 0.100314 0.103108 0.0836253 0.101997 0.0881207 0.0846702 0.116811 0.120165
BD_Bspro_t
 0.9868 0.900076 0.788724 0.719239 0.713368 0.768236 0.759644 0.640653 0.687172 0.659322 0.635329 0.773096 0.676768 0.603704 0.517723 0.57071 0.700156 0.688675 0.751092 0.676068 0.653006 0.695673 0.709865 0.708779 0.789815 0.796495 0.802682 0.826863 0.856245 0.811948 0.766315
BD_Bspro
 2.92863 1.9691 1.01164 0.547231 0.609695 0.672306 0.88069 0.61253 0.529706 0.381479 0.259004 0.349607 0.379569 0.335267 0.250671 0.309608 0.867876 0.866435 1.55226 1.22479 1.32468 1.62974 1.55444 1.31135 1.78158 1.47389 1.21793 1.2791 1.74436 1.22721 0.783139
BD_Bo
 1.98208 1.33268 0.684674 0.370363 0.412637 0.455012 0.596045 0.414556 0.358502 0.258182 0.175292 0.236612 0.25689 0.226906 0.169653 0.209541 0.587373 0.586397 1.05056 0.828929 0.896532 1.103 1.05204 0.887514 1.20576 0.997517 0.824286 0.865689 1.18057 0.83057 0.530023
BD_Brms
 3.60378 2.42305 1.24486 0.673386 0.750249 0.827295 1.08372 0.753738 0.651821 0.469422 0.318712 0.430203 0.467072 0.412557 0.308459 0.380983 1.06795 1.06618 1.91011 1.50714 1.63006 2.00545 1.91279 1.61366 2.1923 1.81367 1.4987 1.57398 2.1465 1.51013 0.963679
Sel_flota
 0.892147 1 1 1 1
 0.892147 1 1 1 1
 0.892147 1 1 1 1
 0.892147 1 1 1 1
 0.892147 1 1 1 1
 0.892147 1 1 1 1
 0.892147 1 1 1 1
 0.892147 1 1 1 1
 0.892147 1 1 1 1
 0.892147 1 1 1 1
 0.892147 1 1 1 1
 0.892147 1 1 1 1
 0.892147 1 1 1 1
 0.892147 1 1 1 1
 0.892147 1 1 1 1
 0.892147 1 1 1 1
 0.892147 1 1 1 1
 0.892147 1 1 1 1
 0.892147 1 1 1 1
 0.892147 1 1 1 1
 0.892147 1 1 1 1
 0.892147 1 1 1 1
 0.892147 1 1 1 1
 0.892147 1 1 1 1
 0.892147 1 1 1 1
 0.892147 1 1 1 1
 0.892147 1 1 1 1
 0.892147 1 1 1 1
 0.892147 1 1 1 1
 0.892147 1 1 1 1
 0.892147 1 1 1 1
Sel_reclas
 1 1 1 1 1
 1 1 1 1 1
 1 1 1 1 1
 1 1 1 1 1
 1 1 1 1 1
 1 1 1 1 1
 1 1 1 1 1
 1 1 1 1 1
 1 1 1 1 1
 1 1 1 1 1
 1 1 1 1 1
 1 1 1 1 1
 1 1 1 1 1
 1 1 1 1 1
 1 1 1 1 1
 1 1 1 1 1
 1 1 1 1 1
 1 1 1 1 1
 1 1 1 1 1
 1 1 1 1 1
 1 1 1 1 1
 1 1 1 1 1
 1 1 1 1 1
 1 1 1 1 1
 1 1 1 1 1
 1 1 1 1 1
 1 1 1 1 1
 1 1 1 1 1
 1 1 1 1 1
 1 1 1 1 1
 1 1 1 1 1
Sel_pelaces
 1 1 1 1 1
 1 1 1 1 1
 1 1 1 1 1
 1 1 1 1 1
 1 1 1 1 1
 1 1 1 1 1
 1 1 1 1 1
 1 1 1 1 1
 1 1 1 1 1
 1 1 1 1 1
 1 1 1 1 1
 1 1 1 1 1
 1 1 1 1 1
 1 1 1 1 1
 1 1 1 1 1
 1 1 1 1 1
 1 1 1 1 1
 1 1 1 1 1
 1 1 1 1 1
 1 1 1 1 1
 1 1 1 1 1
 1 1 1 1 1
 1 1 1 1 1
 1 1 1 1 1
 1 1 1 1 1
 1 1 1 1 1
 1 1 1 1 1
 1 1 1 1 1
 1 1 1 1 1
 1 1 1 1 1
 1 1 1 1 1
pf_obs 
 0.8446 0.082 0.0669 0.0065 0
 0.8095 0.147 0.0364 0.0071 0
 0.9664 0.0169 0.016 0.0007 0
 0.9276 0.0648 0.0075 0.0001 0
 0.7033 0.2144 0.0806 0.0017 0
 0.9318 0.0425 0.0243 0.0014 0
 0.5671 0.3108 0.0964 0.0239 0.0018
 0.0768 0.2599 0.5324 0.112 0.0189
 0.490249 0.384438 0.106611 0.0170017 0.00170017
 0.7925 0.1577 0.0466 0.003 0.0002
 0.840416 0.127587 0.0312969 0.00059994 9.999e-05
 0.8084 0.0986 0.0794 0.0134 0.0002
 0.7335 0.1905 0.0724 0.0035 0.0001
 0.4001 0.4547 0.1325 0.0127 0
 0.49795 0.308269 0.164784 0.0264974 0.00249975
 0.9179 0.0499 0.0305 0.0017 0
 0.2467 0.6533 0.0926 0.0074 0
 0.9418 0.0223 0.034 0.0019 0
 0.707729 0.231977 0.0356964 0.0245975 0
 0.517169 0.277429 0.184464 0.0207286 0.00020938
 0.811772 0.124168 0.05621 0.00726502 0.000585176
 0.764997 0.148141 0.077277 0.00933861 0.000247198
 0.163321 0.427699 0.378323 0.0303852 0.000271297
 0.753843 0.0900009 0.118128 0.0371064 0.000921714
 0.721811 0.176058 0.0630433 0.0369309 0.00215725
 0.143369 0.312575 0.442814 0.0836902 0.0175525
 0.692698 0.0596174 0.167031 0.0765114 0.00414204
 0.394062 0.376323 0.152708 0.0712218 0.00568511
 0.125707 0.32114 0.495352 0.0537591 0.00404204
 0.23352 0.215282 0.420074 0.123614 0.00750983
 0.796117 0.104755 0.0508955 0.0450114 0.00322123
pf_pred 
 0.420716 0.11011 0.44524 0.0239328 7.38476e-07
 0.409192 0.265897 0.0617591 0.249728 0.0134239
 0.544658 0.200071 0.114886 0.0266843 0.1137
 0.74981 0.14387 0.0467158 0.0268256 0.0327793
 0.645254 0.274227 0.0463013 0.0150345 0.0191825
 0.742305 0.173152 0.0653534 0.0110344 0.00815453
 0.474814 0.401866 0.0828618 0.0312748 0.00918286
 0.438322 0.2855 0.211329 0.0435744 0.0212754
 0.520589 0.224039 0.129805 0.0960826 0.0294846
 0.673083 0.180412 0.0684649 0.0396676 0.0383725
 0.791363 0.146221 0.0344443 0.0130714 0.0148995
 0.722394 0.224908 0.0369332 0.0087001 0.00706501
 0.666613 0.249446 0.068006 0.0111676 0.00476694
 0.605801 0.274017 0.0899231 0.0245155 0.00574425
 0.704898 0.188598 0.0740336 0.0242953 0.00817556
 0.922155 0.05695 0.0133535 0.0052419 0.00229908
 0.397585 0.560837 0.0304179 0.00713233 0.00402776
 0.885184 0.0491035 0.0611771 0.00331804 0.00121736
 0.599969 0.358932 0.0175768 0.0218986 0.00162347
 0.59245 0.257016 0.135068 0.00661426 0.0088515
 0.738856 0.16266 0.0621077 0.032639 0.00373728
 0.740985 0.197397 0.0383798 0.0146544 0.00858302
 0.328972 0.513075 0.120378 0.0234049 0.0141707
 0.740275 0.0925514 0.127822 0.0299897 0.00936122
 0.629867 0.282325 0.03129 0.0432145 0.0133038
 0.443353 0.366015 0.145408 0.0161155 0.029109
 0.734027 0.125803 0.0921664 0.0366152 0.011388
 0.692373 0.232843 0.0353723 0.0259146 0.0134971
 0.362288 0.457411 0.13647 0.0207318 0.0230993
 0.436157 0.220081 0.246569 0.0735647 0.0236273
 0.827481 0.0804372 0.0359419 0.0402677 0.0158726
pobs_RECLAS
 0 0 0 0 0
 0 0 0 0 0
 0 0 0 0 0
 0 0 0 0 0
 0 0 0 0 0
 0 0 0 0 0
 0 0 0 0 0
 0 0 0 0 0
 0 0 0 0 0
 0 0 0 0 0
 0.991045 0.00858322 0.000360255 1.14367e-05 0
 0.934742 0.0480273 0.0164251 0.00080598 0
 0.827803 0.169806 0.00239088 0 0
 0.941827 0.0461693 0.0120037 0 0
 0.791401 0.0380133 0.147996 0.0225897 0
 0.846168 0.0940531 0.0597789 0 0
 0.134021 0.677848 0.182769 0.00536245 0
 0.80878 0.0450904 0.141981 0.00414843 0
 0.846168 0.0940531 0.0597789 0 0
 0.905697 0.0802665 0.012482 0.00150086 5.37128e-05
 0.989698 0.0102097 9.19794e-05 0 0
 0.975433 0.0193895 0.00387452 0.00125025 5.28907e-05
 0.303575 0.632131 0.0575291 0.00676475 0
 0.966965 0.00978017 0.0227588 0.000495775 0
 0.843318 0.132988 0.00938335 0.0141283 0.000182051
 0.564624 0.303363 0.111486 0.0197234 0.00080311
 0.826376 0.0876187 0.0782897 0.00655872 0.00115652
 0.89761 0.0855135 0.0140674 0.00269457 0.000114338
 0.34875 0.467042 0.161289 0.0227151 0.000203297
 0.318654 0.224769 0.449479 0.00709798 0
 0.937255 0.0296025 0.0250945 0.00804832 0
ppred_RECLAS
 0.448949 0.104744 0.42354 0.0227664 7.02485e-07
 0.437408 0.253198 0.0588096 0.237801 0.0127828
 0.57314 0.187556 0.1077 0.0250152 0.106588
 0.771001 0.131684 0.0427589 0.0245534 0.0300029
 0.671074 0.254269 0.0429313 0.0139402 0.0177864
 0.763787 0.158718 0.0599055 0.0101146 0.00747477
 0.504184 0.379393 0.078228 0.0295258 0.00866933
 0.466695 0.271078 0.200654 0.0413733 0.0202007
 0.549437 0.210558 0.121994 0.0903009 0.0277104
 0.698208 0.166547 0.0632032 0.0366191 0.0354235
 0.809668 0.133393 0.0314225 0.0119246 0.0135923
 0.745296 0.206353 0.0338862 0.00798234 0.00648214
 0.692094 0.230381 0.0628084 0.0103141 0.0044026
 0.633879 0.254498 0.0835178 0.0227693 0.00533508
 0.72867 0.173405 0.0680698 0.0223382 0.00751697
 0.930134 0.0511131 0.0119849 0.00470465 0.00206345
 0.4256 0.534756 0.0290033 0.00680064 0.00384045
 0.896439 0.0442903 0.0551804 0.0029928 0.00109803
 0.627624 0.334118 0.0163617 0.0203847 0.00151124
 0.62021 0.23951 0.125868 0.00616373 0.00824859
 0.76056 0.149141 0.0569457 0.0299263 0.00342666
 0.762659 0.180879 0.0351683 0.0134281 0.0078648
 0.3549 0.49325 0.115726 0.0225006 0.0136232
 0.761785 0.0848864 0.117236 0.027506 0.00858594
 0.656282 0.262177 0.029057 0.0401305 0.0123544
 0.471869 0.347265 0.137959 0.0152899 0.0276178
 0.755887 0.115464 0.0845914 0.0336059 0.0104521
 0.716304 0.21473 0.0326206 0.0238986 0.0124472
 0.389238 0.438081 0.130703 0.0198557 0.0221231
 0.464683 0.208947 0.234095 0.069843 0.022432
 0.843325 0.0730497 0.0326409 0.0365695 0.0144149
pobs_PELACES
 0 0 0 0 0
 0 0 0 0 0
 0 0 0 0 0
 0 0 0 0 0
 0 0 0 0 0
 0 0 0 0 0
 0 0 0 0 0
 0 0 0 0 0
 0 0 0 0 0
 0 0 0 0 0
 0 0 0 0 0
 0 0 0 0 0
 0 0 0 0 0
 0 0 0 0 0
 0 0 0 0 0
 0 0 0 0 0
 0.505614 0.472636 0.0217494 0 0
 0 0 0 0 0
 0.443492 0.261883 0.143347 0.151278 0
 0.227955 0.32914 0.350689 0.0885471 0.00366901
 0.970185 0.0296113 0.000203453 0 0
 0.997202 0.00247181 0.000326279 0 0
 0.445219 0.490057 0.0546422 0.010081 0
 0.90214 0.0892962 0.00764917 0.000914606 0
 0 0 0 0 0
 0.581667 0.319106 0.0959925 0.00289975 0.000334073
 0.762889 0.0836404 0.116647 0.0363945 0.000428098
 0.88444 0.0763242 0.0277011 0.0115352 0
 0.521256 0.241999 0.230069 0.00667565 0
 0.616807 0.101726 0.260614 0.0208532 0
 0.833518 0.0704572 0.0857862 0.0102388 0
ppred_PELACES
 0.44968 0.104605 0.422978 0.0227362 7.01553e-07
 0.438713 0.252611 0.0586731 0.23725 0.0127532
 0.574395 0.187005 0.107384 0.0249417 0.106275
 0.772339 0.130915 0.0425092 0.02441 0.0298276
 0.671638 0.253832 0.0428577 0.0139163 0.0177559
 0.764713 0.158096 0.0596707 0.010075 0.00744547
 0.506899 0.377315 0.0777996 0.0293642 0.00862186
 0.467108 0.270868 0.200498 0.0413412 0.020185
 0.551035 0.209811 0.121561 0.0899806 0.0276121
 0.699948 0.165586 0.0628387 0.0364079 0.0352192
 0.809998 0.133161 0.0313678 0.0119039 0.0135687
 0.747228 0.204788 0.0336293 0.00792181 0.00643299
 0.694094 0.228885 0.0624003 0.0102471 0.004374
 0.637324 0.252104 0.0827321 0.0225551 0.00528489
 0.730597 0.172173 0.0675863 0.0221796 0.00746358
 0.930694 0.0507032 0.0118888 0.00466692 0.0020469
 0.426967 0.533483 0.0289343 0.00678446 0.00383131
 0.896982 0.044058 0.054891 0.0029771 0.00109227
 0.629614 0.332333 0.0162743 0.0202758 0.00150316
 0.62197 0.2384 0.125285 0.00613517 0.00821036
 0.761583 0.148504 0.0567024 0.0297984 0.00341202
 0.763948 0.179897 0.0349773 0.0133552 0.0078221
 0.355853 0.492522 0.115555 0.0224673 0.013603
 0.762433 0.0846558 0.116918 0.0274312 0.00856261
 0.657109 0.261546 0.028987 0.0400339 0.0123247
 0.472611 0.346777 0.137765 0.0152685 0.0275791
 0.756556 0.115147 0.0843594 0.0335137 0.0104234
 0.716941 0.214248 0.0325473 0.0238449 0.0124192
 0.389955 0.437567 0.130549 0.0198324 0.0220972
 0.465717 0.208543 0.233643 0.0697081 0.0223887
 0.843889 0.0727866 0.0325234 0.0364377 0.0143629
pobs_pel_tallas
 0 0 0 0 0 0 0 0 0 0 0 0 0 0 0 0 0 0 0 0 0 0 0 0 0 0
 0 0 0 0 0 0 0 0 0 0 0 0 0 0 0 0 0 0 0 0 0 0 0 0 0 0
 0 0 0 0 0 0 0 0 0 0 0 0 0 0 0 0 0 0 0 0 0 0 0 0 0 0
 0 0 0 0 0 0 0 0 0 0 0 0 0 0 0 0 0 0 0 0 0 0 0 0 0 0
 0 0 0 0 0 0 0 0 0 0 0 0 0 0 0 0 0 0 0 0 0 0 0 0 0 0
 0 0 0 0 0 0 0 0 0 0 0 0 0 0 0 0 0 0 0 0 0 0 0 0 0 0
 0 0 0 0 0 0 0 0 0 0 0 0 0 0 0 0 0 0 0 0 0 0 0 0 0 0
 0 0 0 0 0 0 0 0 0 0 0 0 0 0 0 0 0 0 0 0 0 0 0 0 0 0
 0 0 0 0 0 0 0 0 0 0 0 0 0 0 0 0 0 0 0 0 0 0 0 0 0 0
 0 0 0 0 0 0 0 0 0 0 0 0 0 0 0 0 0 0 0 0 0 0 0 0 0 0
 0 0 0 0 0 0 0 0 0 0 0 0 0 0 0 0 0 0 0 0 0 0 0 0 0 0
 0 0 0 0 0 0 0 0 0 0 0 0 0 0 0 0 0 0 0 0 0 0 0 0 0 0
 0.00862536 0 0 0.000197151 0.00414017 0.0128641 0.00837892 0.0270097 0.101434 0.158115 0.152841 0.127902 0.109271 0.109419 0.0830992 0.0579132 0.0238553 0.00714673 0.00463305 0.00128148 0.00103504 0.000492878 0.000147863 0.000147863 4.92878e-05 0
 0 0 0 0 0 0 0 0 0 0 0 0 0 0 0 0 0 0 0 0 0 0 0 0 0 0
 0 0 0 0 0 0 0 0.0054083 0.00873648 0.0413646 0.0450493 0.0745869 0.0622846 0.0627006 0.0613931 0.0827291 0.12552 0.122667 0.0946155 0.0697135 0.0546179 0.0294188 0.0215738 0.0213955 0.0102223 0.00600262
 0 0 0 0 0.00359764 0.0251062 0.0480494 0.140153 0.205849 0.193036 0.1447 0.116669 0.0760912 0.0342217 0.00950174 0.001854 0.000860785 0 0 0 0.000165536 0 0.000143464 0 0 0
 0 0 0 0 0 0 0 0.000145254 0.000435761 0.0275982 0.070085 0.0708112 0.156366 0.174668 0.174014 0.160142 0.0824315 0.0480064 0.0283245 0.00493863 0.00203355 0 0 0 0 0
 0 0 0 0 0 0 0 0 0 0 0 0 0 0 0 0 0 0 0 0 0 0 0 0 0 0
 0 0 1.00437e-05 0.000401748 0.00122533 0.00171747 0.00176769 0.0269171 0.070346 0.194647 0.189555 0.159765 0.064822 0.0314167 0.0384472 0.0292271 0.0345202 0.0313363 0.0194345 0.0106764 0.0143323 0.0359363 0.0279516 0.0138201 0.00172751 0
 0 0.0021121 0.0136068 0.0755702 0.200478 0.177729 0.0527432 0.0373336 0.0318909 0.0142505 0.0149659 0.0166563 0.0217959 0.0798694 0.0677717 0.0528807 0.04013 0.0224614 0.0357745 0.0225083 0.00881397 0.00855152 0.00135912 0.000746735 0 0
 0 0 0 0 5.4009e-05 0.00500934 0.000945158 0.0243581 0.138947 0.33067 0.221406 0.137944 0.0707744 0.0437923 0.0131692 0.00525238 0.0047753 0.00276346 9.45158e-05 9.00151e-06 2.25038e-05 9.00151e-06 4.50075e-06 0 0 0
 0.000866109 0.00284123 0.00948549 0.0512746 0.133035 0.25785 0.225252 0.132002 0.0553304 0.0519788 0.0540692 0.017754 0.00435017 0.00159236 0.00146478 0.000404838 0.000125132 0.000115318 0.000107957 0.000100596 0 0 0 0 0 0
 0 0 0 0 0.00144013 0.00171154 0.00461396 0.0210425 0.0478622 0.0707936 0.0888783 0.103762 0.0637923 0.0337046 0.0602308 0.124433 0.169614 0.0934646 0.0462172 0.0250306 0.0313229 0.00938855 0.002487 0.000210481 0 0
 0 0.00764035 0.051015 0.0998891 0.058973 0.0496711 0.0374665 0.0718981 0.12319 0.153886 0.159021 0.0857701 0.0377988 0.023471 0.0147837 0.00900784 0.00315554 0.000888139 0.00291439 0.00214683 0.00393193 0.00274676 0.000635225 9.99891e-05 0 0
 0 0 0 0 0 0 0 0 0 0 0 0 0 0 0 0 0 0 0 0 0 0 0 0 0 0
 0 0 0 0 0 0 0 0 0 0 0 0 0 0 0 0 0 0 0 0 0 0 0 0 0 0
 0 0 0 0 0 0 0 0 0 0 0 0 0 0 0 0 0 0 0 0 0 0 0 0 0 0
 0 0 0 0 0 0 0 0 0 0 0 0 0 0 0 0 0 0 0 0 0 0 0 0 0 0
 0 0 0 0 0 0 0 0 0 0 0 0 0 0 0 0 0 0 0 0 0 0 0 0 0 0
 0 0 0 0 0 0 0 0 0 0 0 0 0 0 0 0 0 0 0 0 0 0 0 0 0 0
 0 0 0 0 0 0 0 0 0 0 0 0 0 0 0 0 0 0 0 0 0 0 0 0 0 0
ppred_pel_tallas
 1.14514e-16 3.70396e-05 0.000360038 0.00239258 0.0108763 0.0338403 0.0721008 0.105235 0.105246 0.0721534 0.034019 0.0114006 0.003739 0.00340009 0.00610534 0.0108013 0.0173361 0.0254963 0.0349467 0.0453078 0.0559847 0.0658089 0.0729398 0.0753896 0.0719844 0.0630983
 1.27709e-16 3.61363e-05 0.000351258 0.00233423 0.0106111 0.0330152 0.0703432 0.102673 0.102698 0.0704628 0.0334172 0.011774 0.0052604 0.00676377 0.0122914 0.0204779 0.0300386 0.039016 0.0455514 0.0490729 0.0507373 0.0526024 0.056111 0.0610463 0.0656506 0.0676641
 1.23633e-16 4.73122e-05 0.000459891 0.00305614 0.0138928 0.0432257 0.0920976 0.134423 0.134441 0.0921865 0.0435246 0.0147582 0.00523638 0.00524591 0.00921647 0.015376 0.0226631 0.0296313 0.034879 0.0378891 0.0393615 0.0406658 0.0428287 0.0458489 0.0487669 0.0502784
 1.08756e-16 6.36165e-05 0.000618375 0.00410932 0.0186804 0.0581217 0.123835 0.180743 0.180756 0.123897 0.0583298 0.0192821 0.00562221 0.00392993 0.00637979 0.0105193 0.0153249 0.0196625 0.0224396 0.0232046 0.0224251 0.0211424 0.0202753 0.0201125 0.020304 0.0202218
 1.05703e-16 5.5322e-05 0.000537749 0.00357353 0.0162448 0.0505437 0.10769 0.157181 0.157206 0.107809 0.0509454 0.0174053 0.0064875 0.00690189 0.0121508 0.0200245 0.0289004 0.0364761 0.0404497 0.0397816 0.0353163 0.0291963 0.0235508 0.0194788 0.0169167 0.0151775
 1.04033e-16 6.29884e-05 0.00061227 0.00406875 0.0184959 0.0575478 0.122612 0.178959 0.178975 0.122687 0.0577991 0.0192225 0.00589536 0.00460954 0.00768324 0.0126774 0.0184323 0.0235486 0.0266358 0.0270435 0.0252136 0.0223079 0.0194315 0.0170796 0.0151384 0.0132601
 1.06746e-16 4.17527e-05 0.000405851 0.00269702 0.0122603 0.0381466 0.0812766 0.118633 0.11867 0.0814545 0.0387442 0.013987 0.00703343 0.00987981 0.018057 0.0298455 0.0431316 0.0545433 0.0606684 0.0599406 0.0535521 0.0445846 0.036089 0.0296229 0.0251045 0.0216306
 1.13418e-16 3.84751e-05 0.000373992 0.00248531 0.0112979 0.035152 0.074896 0.109318 0.109345 0.075025 0.0355859 0.0125545 0.00565251 0.00733098 0.0133775 0.0223861 0.0330214 0.0431585 0.0506208 0.0543692 0.0549876 0.0539879 0.052553 0.0508011 0.0480491 0.0436319
 1.17259e-16 4.53881e-05 0.000441188 0.00293185 0.0133278 0.0414678 0.0883523 0.128957 0.128977 0.088452 0.0418033 0.0142992 0.00537915 0.00581404 0.0103402 0.0172654 0.0254497 0.0332631 0.0390972 0.0422943 0.043511 0.044114 0.0450937 0.0463824 0.0470256 0.0459148
 1.11468e-16 5.76538e-05 0.000560416 0.00372416 0.0169295 0.0526741 0.112228 0.163804 0.16382 0.112307 0.0529376 0.0176916 0.00564133 0.00475941 0.00807382 0.0133682 0.0195224 0.0251413 0.0288637 0.0301255 0.0294992 0.0282524 0.027473 0.0274505 0.0276928 0.0274031
 1.0443e-16 6.67185e-05 0.000648528 0.0043097 0.0195913 0.0609558 0.129873 0.189556 0.189569 0.129936 0.0611668 0.0202013 0.0058422 0.00399827 0.00644134 0.0105778 0.0153148 0.019441 0.0217752 0.021792 0.0199316 0.0172816 0.0148883 0.0132378 0.0122112 0.0113922
 1.02906e-16 6.15482e-05 0.00059827 0.00397572 0.0180731 0.0562321 0.119809 0.174869 0.174889 0.119906 0.0565561 0.019009 0.00632559 0.00572951 0.00981104 0.0161337 0.0232628 0.0293128 0.0324046 0.0316746 0.0277811 0.0224429 0.0173927 0.0135651 0.0109874 0.00919787
 1.03628e-16 5.71717e-05 0.000555729 0.00369301 0.0167879 0.0522336 0.11129 0.162436 0.162458 0.111398 0.0525965 0.0178368 0.0063282 0.00631599 0.0110193 0.0181849 0.0263263 0.0333891 0.0373082 0.0371166 0.0334872 0.0282108 0.0230571 0.0189265 0.0157919 0.0131957
 1.05609e-16 5.24956e-05 0.000510276 0.00339096 0.0154148 0.0479614 0.102188 0.149151 0.149175 0.102307 0.0483617 0.016572 0.00629954 0.00687247 0.012173 0.0201398 0.0292384 0.037255 0.0419579 0.042308 0.0390331 0.0340371 0.0291477 0.0252115 0.0220737 0.0191678
 1.05482e-16 6.01784e-05 0.000584955 0.00388723 0.0176708 0.0549805 0.117142 0.170976 0.170993 0.117224 0.0552543 0.0184626 0.00587842 0.00494388 0.00837446 0.013844 0.0201602 0.0258247 0.0293473 0.0300421 0.028401 0.0256759 0.0230245 0.0209108 0.0191239 0.0172126
 1.01171e-16 7.66601e-05 0.000745163 0.00495187 0.0225105 0.0700385 0.149225 0.217799 0.217804 0.149249 0.0701189 0.0227427 0.00553522 0.00202008 0.00250234 0.00402715 0.00582152 0.00738002 0.00824474 0.00820865 0.00743197 0.00632329 0.00528123 0.00450002 0.00395371 0.00351028
 1.02301e-16 3.51688e-05 0.000341853 0.00227174 0.010327 0.0321315 0.0684614 0.0999321 0.0999835 0.0687122 0.0329735 0.0127581 0.00837038 0.013643 0.0252603 0.04161 0.0597152 0.0746263 0.0813224 0.0774905 0.0649292 0.0483858 0.0327979 0.0210592 0.013583 0.00927885
 1.02079e-16 7.38832e-05 0.000718171 0.0047725 0.0216951 0.0675015 0.143819 0.209909 0.209914 0.14384 0.0675728 0.0219019 0.00529513 0.00187107 0.0022985 0.00377412 0.00564123 0.00753318 0.00911389 0.0102029 0.0108311 0.0111281 0.011149 0.0108101 0.00998411 0.00864931
 1.02843e-16 5.18606e-05 0.000504103 0.00334994 0.0152284 0.0473813 0.100952 0.147349 0.147381 0.101108 0.0479059 0.0167431 0.00714991 0.00879263 0.0157735 0.0259438 0.0372513 0.0466056 0.0509031 0.0487347 0.0412489 0.0314114 0.0222686 0.0155476 0.0113952 0.00901853
 1.05682e-16 5.12309e-05 0.000497982 0.00330927 0.0150435 0.0468059 0.0997259 0.145558 0.145581 0.0998389 0.0471859 0.0161427 0.00607526 0.0065586 0.011627 0.0193111 0.0282088 0.0362938 0.0415019 0.0428289 0.0408356 0.0370906 0.0330505 0.0293146 0.0257064 0.0218573
 1.05241e-16 6.27306e-05 0.000609764 0.0040521 0.0184203 0.0573123 0.122111 0.178227 0.178241 0.122181 0.0575485 0.0191033 0.00576981 0.00437034 0.00723681 0.0119496 0.0174096 0.0223239 0.0254189 0.0261186 0.0248608 0.0227286 0.0207039 0.0191468 0.0178186 0.0162754
 1.03719e-16 6.29254e-05 0.000611658 0.00406468 0.0184775 0.0574903 0.12249 0.178781 0.178799 0.122575 0.0577752 0.0193005 0.00613159 0.00512696 0.00864797 0.0142231 0.0205452 0.0259713 0.0288738 0.0285127 0.0254697 0.0212315 0.0172681 0.0143267 0.0123547 0.0108896
 1.08016e-16 2.93112e-05 0.000284916 0.00189337 0.008607 0.0267798 0.057059 0.0832892 0.0833368 0.0572913 0.0275602 0.010862 0.00755745 0.0126618 0.0235708 0.0390141 0.056417 0.0714049 0.0795199 0.0786906 0.07042 0.0586638 0.0473521 0.0385168 0.0321185 0.0270993
 1.07596e-16 6.28006e-05 0.000610444 0.00405662 0.0184408 0.0573762 0.122246 0.178424 0.178432 0.122287 0.0575137 0.0188401 0.00506728 0.00284464 0.00438809 0.00737039 0.0111163 0.0150408 0.018571 0.0214216 0.0236772 0.0255423 0.0269915 0.0276576 0.0270603 0.0249608
 1.07004e-16 5.41252e-05 0.000526117 0.00349623 0.0158934 0.0494503 0.10536 0.153781 0.153807 0.105483 0.0498639 0.0170881 0.00649541 0.00707444 0.0124945 0.0205832 0.0296829 0.0374239 0.0414498 0.0407292 0.0361952 0.0301224 0.0247397 0.0211447 0.0191567 0.0179043
 1.10263e-16 3.89284e-05 0.000378398 0.00251459 0.011431 0.0355662 0.0757787 0.110608 0.110642 0.0759428 0.0361175 0.0130253 0.0065236 0.00915322 0.0167719 0.0278439 0.0405239 0.0518376 0.0587571 0.0598677 0.056139 0.0501055 0.0441627 0.0393592 0.0354064 0.0315045
 1.07589e-16 6.23166e-05 0.000605739 0.00402535 0.0182987 0.056934 0.121304 0.17705 0.177061 0.121359 0.0571185 0.0188332 0.00537301 0.00356714 0.00574406 0.0095493 0.0141091 0.018505 0.0218402 0.0237109 0.0243981 0.0245531 0.024644 0.0246325 0.0240984 0.0226235
 1.05488e-16 5.90535e-05 0.000574021 0.00381457 0.0173405 0.0539529 0.114953 0.167782 0.167802 0.115054 0.0542919 0.01832 0.00627381 0.00594498 0.0102671 0.0169014 0.0243958 0.0308036 0.0341939 0.0337089 0.0300832 0.0251397 0.0206686 0.0175598 0.0156947 0.0144204
 1.09608e-16 3.21201e-05 0.000312219 0.00207481 0.0094318 0.0293461 0.0625265 0.0912681 0.0913103 0.0627331 0.0300403 0.0114385 0.00711737 0.0113382 0.0210255 0.0348477 0.0505226 0.0642197 0.0720356 0.0721545 0.0658711 0.0565775 0.0475813 0.0404947 0.0351452 0.0305551
 1.17576e-16 3.83605e-05 0.000372878 0.00247791 0.0112642 0.0350473 0.0746727 0.108991 0.109012 0.0747727 0.0353842 0.0122418 0.0049485 0.00582198 0.0105517 0.0178159 0.0266783 0.0356967 0.043393 0.0490687 0.0530662 0.0561659 0.0586581 0.0599404 0.0589487 0.054971
 1.07043e-16 6.95101e-05 0.000675663 0.00449002 0.020411 0.0635061 0.135307 0.197486 0.197493 0.135341 0.0636223 0.0207471 0.00533633 0.00253203 0.00362189 0.00595027 0.00874181 0.0113826 0.0133149 0.0143317 0.0147039 0.0149633 0.0155036 0.0163143 0.0170193 0.0171361
pSPR Fmed_Fpbrs
0.74569   0.6 0.325
Fs Fmed_Fpbrs
0.146369   0.263913 0.637812
SSBpbr Bo_Bmed_Bpbrs
2.58966e+06  1.8016e+06  1.42432e+06 712158
Ro
245553
SPR SPRFo_SPRFmed_SPRFpbrs
1.75267e+06 1.30695e+06 569617
Fref
0.263913
Nvult_r0
 305021 26762.1 11958.1 13397.4 5280.94
CTP_r0
 29533.7 2870.89 1282.81 1437.2 566.511
YTP_r0
391298
Np
 345667 100487 42540.7 3661.11 2098.12
Nvult_p0
 245180 72094.6 30521 2626.68 1505.3
CTP_p0
 46725.8 22555.5 1941.16 867.372 1288.78
 46725.8 15053.8 6372.96 548.467 314.317
YTP_p0
 817394 760018
CBA_c0
800181
log_Ro
12.2313
likeval ReclasPelacesDesembMPH_pf_preclas_ppelaces_ptallas_desvR_qrecl_qpela
 16.3019 17.385 0.108167 0.000812344 240.936 120.809 98.0751 0 22.8176 1.51502e-05 7.13809e-06 0.549947 6.26348e-16 0 0
q_reclas_q_pelaces
0.576051 0.683789
M
1
N
 253590 59430.5 240312 12917.4 0.398582
 148457 86628.6 20121 81360.7 4373.49
 144993 47818.1 27458.5 6377.7 27175
 271486 46905 15230.5 8745.8 10686.9
 217075 82568.7 13941.1 4526.81 5775.77
 357640 74900.1 28269.8 4773.14 3527.39
 151203 115666 23849.5 9001.59 2643.03
 72757.2 42367.3 31360.5 6466.31 3157.2
 66342.9 25674.2 14875.3 11010.8 3378.85
 85939.9 20758.2 7877.6 4564.17 4415.16
 155450 25694 6052.55 2296.9 2618.13
 192712 54188 8898.48 2096.15 1702.2
 162593 54899.9 14967.2 2457.84 1049.14
 115070 47252.6 15506.7 4227.56 990.563
 120731 29159.4 11446.4 3756.34 1264.04
 624434 34767.1 8152.12 3200.1 1403.55
 145932 184920 10029.4 2351.68 1328.03
 936221 46668.6 58143.6 3153.51 1157
 551360 297334 14560.4 18140.5 1344.86
 419419 163815 86088.6 4215.74 5641.7
 646806 127920 48843.1 25668.2 2939.1
 861961 206652 40179.3 15341.4 8985.43
 189601 265179 62216.3 12096.7 7324.03
 560919 62842.7 86791.9 20363.1 6356.3
 469699 188686 20912 28881.5 8891.32
 213196 157607 62613 6939.39 12534.4
 473921 72791.8 53329 21186.2 6589.29
 528486 159181 24182 17716.3 9227.2
 158955 179720 53620 8145.67 9075.88
 119828 54221.9 60747.8 18124.3 5821.11
 455583 39719.6 17748 19884.1 7837.85
pred_Ctot
 11516.8 3014.2 12188.1 655.145 0.0202153
 11805 7671 1781.72 7204.53 387.274
 11173.8 4104.49 2356.92 547.434 2332.58
 30200.6 5794.73 1881.6 1080.47 1320.27
 8563.13 3639.25 614.461 199.521 254.57
 27613.6 6441.23 2431.13 410.479 303.347
 23289.5 19711.4 4064.34 1534.02 450.415
 1882.15 1225.93 907.443 187.108 91.3564
 6351.6 2733.45 1583.73 1172.28 359.735
 10348.3 2773.74 1052.61 609.869 589.958
 5175.6 956.303 225.27 85.4882 97.4443
 28061.7 8736.63 1434.69 337.959 274.443
 22003.2 8233.59 2244.7 368.614 157.344
 23328.4 10551.9 3462.79 944.052 221.202
 16910.6 4524.48 1776.08 582.848 196.133
 78346.5 4838.49 1134.52 445.353 195.33
 12195.8 17203.5 933.057 218.781 123.55
 81878.7 4542.03 5658.83 306.916 112.605
 68223 40814.4 1998.67 2490.11 184.606
 46018.2 19963.6 10491.3 513.759 687.536
 54395.9 11975.3 4572.47 2402.94 275.145
 90521.6 24114.8 4688.63 1790.23 1048.53
 11970.6 18669.7 4380.28 851.656 515.642
 30576.5 3822.76 5279.6 1238.7 386.658
 26290.2 11784.1 1306.02 1803.75 555.294
 9747.72 8047.33 3196.99 354.321 640.002
 26251.2 4499.15 3296.18 1309.48 407.274
 25420.4 8548.81 1298.69 951.45 495.546
 7355.73 9287.07 2770.83 420.929 468.998
 7560.41 3814.92 4274.07 1275.18 409.56
 29533.7 2870.89 1282.81 1437.2 566.511
F
 0.0740894 0.0830462 0.0830462 0.0830462 0.0830462
 0.132889 0.148954 0.148954 0.148954 0.148954
 0.128561 0.144103 0.144103 0.144103 0.144103
 0.19028 0.213283 0.213283 0.213283 0.213283
 0.0640894 0.0718374 0.0718374 0.0718374 0.0718374
 0.128819 0.144392 0.144392 0.144392 0.144392
 0.272245 0.305157 0.305157 0.305157 0.305157
 0.0416398 0.0466737 0.0466737 0.0466737 0.0466737
 0.161894 0.181466 0.181466 0.181466 0.181466
 0.207391 0.232463 0.232463 0.232463 0.232463
 0.053864 0.0603758 0.0603758 0.0603758 0.0603758
 0.255686 0.286596 0.286596 0.286596 0.286596
 0.23574 0.264239 0.264239 0.264239 0.264239
 0.372764 0.417828 0.417828 0.417828 0.417828
 0.244892 0.274498 0.274498 0.274498 0.274498
 0.216925 0.24315 0.24315 0.24315 0.24315
 0.140072 0.157005 0.157005 0.157005 0.157005
 0.146997 0.164768 0.164768 0.164768 0.164768
 0.21365 0.239478 0.239478 0.239478 0.239478
 0.187462 0.210125 0.210125 0.210125 0.210125
 0.14101 0.158057 0.158057 0.158057 0.158057
 0.178805 0.200421 0.200421 0.200421 0.200421
 0.104285 0.116892 0.116892 0.116892 0.116892
 0.0894947 0.100314 0.100314 0.100314 0.100314
 0.0919876 0.103108 0.103108 0.103108 0.103108
 0.074606 0.0836253 0.0836253 0.0836253 0.0836253
 0.090996 0.101997 0.101997 0.101997 0.101997
 0.0786166 0.0881207 0.0881207 0.0881207 0.0881207
 0.0755382 0.0846702 0.0846702 0.0846702 0.0846702
 0.104212 0.116811 0.116811 0.116811 0.116811
 0.107205 0.120165 0.120165 0.120165 0.120165
YTP_r0W_actual
 245130 40479.5 35405.4 49152.2 21130.9
YTP_p0W_proyectada
 349977 353444 44899 25474.7 43599.4
 349977 235893 147407 16108.5 10633.3
CTP_r0_actual
 29533.7 2870.89 1282.81 1437.2 566.511
CTP_p0_proyectada
 46725.8 22555.5 1941.16 867.372 1288.78
 46725.8 15053.8 6372.96 548.467 314.317
Wmedp
 7.49 15.67 23.13 29.37 33.83
Frms_r0
 0.107205 0.120165 0.120165 0.120165 0.120165
Zrms_r0
 1.10721 1.12017 1.12017 1.12017 1.12017
nmprior
 8.19 8.8 8.5 0
nm_flota  nm_reclas  nm_pelaces    nm_pelaL
inf 11.6349 17.4586 41.1729
cv_recla  cv_pelaces  cv_mph
0.365211 0.47278 0.87958
 ------------------------------------------------
Talla a la edad & desviaci?n 
 8 13.2811 15.8009 17.003 17.5766
 0.8 1.32811 1.58009 1.7003 1.75766
