years
 1991 1992 1993 1994 1995 1996 1997 1998 1999 2000 2001 2002 2003 2004 2005 2006 2007 2008 2009 2010 2011 2012 2013 2014 2015 2016 2017 2018 2019 2020 2021
reclasobs
 0 0 0 0 0 0 0 0 0 252601 567819 844713 477998 351125 339783 2.1784e+06 2.13404e+06 4.81314e+06 1.55562e+06 2.62356e+06 3.21686e+06 3.843e+06 1.13348e+06 3.07943e+06 1.97215e+06 2.03268e+06 2.025e+06 2.42433e+06 2.27542e+06 1.05018e+06 2.36338e+06
reclaspred
 2.1102e+06 1.11124e+06 544458 259218 104231 462842 289199 148269 139915 170570 309634 462325 377764 271525 386176 786160 1.22972e+06 1.93031e+06 1.81594e+06 1.35053e+06 2.27035e+06 1.95427e+06 1.70937e+06 1.99849e+06 1.76169e+06 1.58674e+06 1.70515e+06 1.84589e+06 1.97418e+06 1.0235e+06 1.37412e+06
pelacesobs
 0 0 0 0 0 0 0 0 0 0 0 0 0 0 0 552880 188675 0 991730 2.46772e+06 1.41603e+06 1.21717e+06 2.29649e+06 1.80582e+06 0 1.4828e+06 1.56532e+06 1.57751e+06 1.42118e+06 867257 1.10002e+06
pelacespred
 995890 536780 257902 85046.8 37279.1 199080 87528.4 67578.3 54492.6 69030.8 145335 178046 156310 117701 188107 319592 497110 838397 868542 615372 934226 919141 777804 994205 886631 762655 936008 1.02989e+06 898510 539908 700799
mphobs
 0 0 0 0 0 0 0 0 0 0 0 498337 0 5186 125008 0 168611 109162 213762 579715 649985 157893 87575 83554 0 0 0 0 0 0 0
mphpred
 2.12523e+06 1.24954e+06 610587 301697 108262 60759.3 422538 115394 81206.7 100110 124790 354061 320552 205665 161258 347534 840477 1.0914e+06 1.48173e+06 1.28627e+06 1.22913e+06 1.6519e+06 1.60975e+06 1.15252e+06 1.6616e+06 1.34175e+06 1.09378e+06 1.31885e+06 1.86228e+06 1.14538e+06 609740
desembarqueobs
 494567 514787 250237 358949 120608 361735 552515 73892 212993 205616 52469 317467 293654 387597 252695 516296 358380 742168 942051 627588 828172 859565 418607 520667 417249 300574 415391 372974 316634 284311 391294
desembarquepred
 494073 513781 249953 357856 120613 360835 552158 73897.6 212994 205401 52543 317596 292815 387354 253327 514938 357941 742866 940949 627459 827772 858694 418365 521299 417500 299905 414726 372506 316381 284337 390914
Reclutas
 120832 106300 77464.3 33591.1 24908.6 252686 28664.8 14440.5 40994.1 69355.1 123333 112645 84170 86629.1 117139 394559 174196 518825 481111 247372 467682 599961 71054.9 348588 277759 126438 333545 349275 61404 49742.1 364005
log_desv_Rt
 -0.077846 -0.205982 -0.522428 -1.35798 -1.65703 0.659902 -1.51657 -2.20221 -1.15882 -0.633005 -0.0573592 -0.148002 -0.439406 -0.410609 -0.108881 1.10553 0.287934 1.37932 1.30385 0.638648 1.27554 1.52462 -0.608791 0.981646 0.754509 -0.0324904 0.937533 0.983614 -0.75477 -0.965393 1.02492
SSB
 2.12523e+06 1.24954e+06 610587 301697 108262 60759.3 422538 115394 81206.7 100110 124790 354061 320552 205665 161258 347534 840477 1.0914e+06 1.48173e+06 1.28627e+06 1.22913e+06 1.6519e+06 1.60975e+06 1.15252e+06 1.6616e+06 1.34175e+06 1.09378e+06 1.31885e+06 1.86228e+06 1.14538e+06 609740
BT
 2.87351e+06 1.87818e+06 890725 530317 211399 1.19181e+06 705481 280056 412779 451278 581935 808312 748894 839516 993317 1.63285e+06 1.74461e+06 3.48379e+06 3.65724e+06 2.28479e+06 3.81491e+06 3.56922e+06 2.32232e+06 3.91664e+06 2.79857e+06 2.37888e+06 3.63308e+06 3.76125e+06 2.42334e+06 1.64507e+06 3.00378e+06
Ftot
 0.220423 0.426509 0.423632 1.15906 1.00151 0.718919 1.50594 0.460005 1.31544 1.05936 0.161291 0.623893 0.698206 1.22804 0.605335 0.603456 0.273382 0.359579 0.47833 0.42971 0.340944 0.408094 0.230192 0.246063 0.223354 0.178774 0.22971 0.191119 0.151782 0.260564 0.268504
BD_Bspro_t
 0.965347 0.766713 0.562145 0.415985 0.206798 0.173756 0.457854 0.165046 0.165151 0.225424 0.316997 0.630546 0.486178 0.350584 0.292917 0.456937 0.571363 0.611836 0.629491 0.563202 0.507487 0.575172 0.598883 0.559825 0.673989 0.680456 0.685936 0.741083 0.787869 0.70138 0.602485
BD_Bspro
 2.27634 1.33839 0.654002 0.323148 0.11596 0.0650794 0.452582 0.123599 0.0869807 0.107228 0.133663 0.379236 0.343344 0.220289 0.172724 0.372245 0.900237 1.169 1.58708 1.37773 1.31653 1.76935 1.72421 1.23447 1.77974 1.43715 1.17155 1.41262 1.99469 1.22682 0.653093
BD_Bo
 1.2327 0.72477 0.354158 0.174993 0.0627954 0.0352421 0.245085 0.0669321 0.0471023 0.0580669 0.0723819 0.205366 0.185929 0.119292 0.0935344 0.20158 0.487501 0.633042 0.859445 0.746076 0.712934 0.958149 0.933704 0.668497 0.963775 0.778255 0.634425 0.764972 1.08017 0.664353 0.353667
BD_Brms
 5.23277 3.07663 1.5034 0.742841 0.266565 0.149602 1.04038 0.284126 0.199948 0.246493 0.307259 0.871774 0.789266 0.506391 0.397052 0.855702 2.06943 2.68725 3.64833 3.16707 3.02639 4.06732 3.96355 2.83775 4.09121 3.30367 2.69312 3.24729 4.58532 2.82016 1.50131
Sel_flota
 0.5 1 1 1 1
 0.5 1 1 1 1
 0.5 1 1 1 1
 0.5 1 1 1 1
 0.5 1 1 1 1
 0.5 1 1 1 1
 0.5 1 1 1 1
 0.5 1 1 1 1
 0.5 1 1 1 1
 0.5 1 1 1 1
 0.5 1 1 1 1
 0.5 1 1 1 1
 0.5 1 1 1 1
 0.5 1 1 1 1
 0.5 1 1 1 1
 0.5 1 1 1 1
 0.5 1 1 1 1
 0.5 1 1 1 1
 0.5 1 1 1 1
 0.5 1 1 1 1
 0.5 1 1 1 1
 0.5 1 1 1 1
 0.5 1 1 1 1
 0.5 1 1 1 1
 0.5 1 1 1 1
 0.5 1 1 1 1
 0.5 1 1 1 1
 0.5 1 1 1 1
 0.5 1 1 1 1
 0.5 1 1 1 1
 0.5 1 1 1 1
Sel_reclas
 0.5 1 1 1 1
 0.5 1 1 1 1
 0.5 1 1 1 1
 0.5 1 1 1 1
 0.5 1 1 1 1
 0.5 1 1 1 1
 0.5 1 1 1 1
 0.5 1 1 1 1
 0.5 1 1 1 1
 0.5 1 1 1 1
 0.5 1 1 1 1
 0.5 1 1 1 1
 0.5 1 1 1 1
 0.5 1 1 1 1
 0.5 1 1 1 1
 0.5 1 1 1 1
 0.5 1 1 1 1
 0.5 1 1 1 1
 0.5 1 1 1 1
 0.5 1 1 1 1
 0.5 1 1 1 1
 0.5 1 1 1 1
 0.5 1 1 1 1
 0.5 1 1 1 1
 0.5 1 1 1 1
 0.5 1 1 1 1
 0.5 1 1 1 1
 0.5 1 1 1 1
 0.5 1 1 1 1
 0.5 1 1 1 1
 0.5 1 1 1 1
Sel_pelaces
 0.5 1 1 1 1
 0.5 1 1 1 1
 0.5 1 1 1 1
 0.5 1 1 1 1
 0.5 1 1 1 1
 0.5 1 1 1 1
 0.5 1 1 1 1
 0.5 1 1 1 1
 0.5 1 1 1 1
 0.5 1 1 1 1
 0.5 1 1 1 1
 0.5 1 1 1 1
 0.5 1 1 1 1
 0.5 1 1 1 1
 0.5 1 1 1 1
 0.5 1 1 1 1
 0.5 1 1 1 1
 0.5 1 1 1 1
 0.5 1 1 1 1
 0.5 1 1 1 1
 0.5 1 1 1 1
 0.5 1 1 1 1
 0.5 1 1 1 1
 0.5 1 1 1 1
 0.5 1 1 1 1
 0.5 1 1 1 1
 0.5 1 1 1 1
 0.5 1 1 1 1
 0.5 1 1 1 1
 0.5 1 1 1 1
 0.5 1 1 1 1
pf_obs 
 0.8446 0.082 0.0669 0.0065 0
 0.8095 0.147 0.0364 0.0071 0
 0.9664 0.0169 0.016 0.0007 0
 0.9276 0.0648 0.0075 0.0001 0
 0.7033 0.2144 0.0806 0.0017 0
 0.9318 0.0425 0.0243 0.0014 0
 0.5671 0.3108 0.0964 0.0239 0.0018
 0.0768 0.2599 0.5324 0.112 0.0189
 0.490249 0.384438 0.106611 0.0170017 0.00170017
 0.7925 0.1577 0.0466 0.003 0.0002
 0.840416 0.127587 0.0312969 0.00059994 9.999e-05
 0.8084 0.0986 0.0794 0.0134 0.0002
 0.7335 0.1905 0.0724 0.0035 0.0001
 0.4001 0.4547 0.1325 0.0127 0
 0.49795 0.308269 0.164784 0.0264974 0.00249975
 0.9179 0.0499 0.0305 0.0017 0
 0.2467 0.6533 0.0926 0.0074 0
 0.9418 0.0223 0.034 0.0019 0
 0.707729 0.231977 0.0356964 0.0245975 0
 0.517169 0.277429 0.184464 0.0207286 0.00020938
 0.811772 0.124168 0.05621 0.00726502 0.000585176
 0.764997 0.148141 0.077277 0.00933861 0.000247198
 0.163321 0.427699 0.378323 0.0303852 0.000271297
 0.753843 0.0900009 0.118128 0.0371064 0.000921714
 0.721811 0.176058 0.0630433 0.0369309 0.00215725
 0.143369 0.312575 0.442814 0.0836902 0.0175525
 0.692698 0.0596174 0.167031 0.0765114 0.00414204
 0.394062 0.376323 0.152708 0.0712218 0.00568511
 0.125707 0.32114 0.495352 0.0537591 0.00404204
 0.23352 0.215282 0.420074 0.123614 0.00750983
 0.774587 0.0839891 0.0768558 0.0609784 0.00358967
pf_pred 
 0.293752 0.39371 0.197924 0.0617218 0.0528923
 0.405789 0.279521 0.175429 0.088191 0.0510697
 0.447758 0.336061 0.101693 0.0638235 0.0506649
 0.366857 0.410518 0.135476 0.0409956 0.0461536
 0.575064 0.266747 0.102567 0.0338483 0.021774
 0.953568 0.0366094 0.00616612 0.00237093 0.00128576
 0.218023 0.767051 0.0117683 0.00198213 0.00117546
 0.432536 0.271919 0.289904 0.00444778 0.0011934
 0.795056 0.130516 0.0356646 0.0380236 0.000739892
 0.831964 0.15505 0.00827003 0.00225985 0.00245621
 0.798301 0.188173 0.0124803 0.000665669 0.000379603
 0.574995 0.379318 0.0426233 0.00282692 0.000236766
 0.548161 0.3463 0.0941939 0.0105844 0.000760787
 0.648559 0.26391 0.0670853 0.0182473 0.0021978
 0.763428 0.200199 0.0273138 0.00694309 0.00211599
 0.860395 0.123704 0.0134567 0.00183593 0.000608918
 0.445407 0.519599 0.0310083 0.00337312 0.00061284
 0.760034 0.152485 0.0819606 0.0048912 0.000628738
 0.591945 0.357428 0.032171 0.0172919 0.00116458
 0.426655 0.44175 0.115268 0.0103749 0.00595207
 0.681979 0.200046 0.0908974 0.0237182 0.00335955
 0.649276 0.289754 0.0383521 0.0174266 0.00519127
 0.143072 0.691807 0.136416 0.0180562 0.0106485
 0.674365 0.0857759 0.193641 0.0381838 0.00803462
 0.511385 0.39908 0.0235847 0.0532429 0.0127081
 0.331468 0.462007 0.168681 0.00996863 0.0278758
 0.677347 0.16492 0.109006 0.0397984 0.00892898
 0.575864 0.346962 0.0394467 0.0260726 0.0116549
 0.16749 0.617606 0.175801 0.0199871 0.0191161
 0.27048 0.216073 0.380905 0.108425 0.0241167
 0.841787 0.0703919 0.0260112 0.045854 0.0159555
pobs_RECLAS
 0 0 0 0 0
 0 0 0 0 0
 0 0 0 0 0
 0 0 0 0 0
 0 0 0 0 0
 0 0 0 0 0
 0 0 0 0 0
 0 0 0 0 0
 0 0 0 0 0
 0 0 0 0 0
 0.991045 0.00858322 0.000360255 1.14367e-05 0
 0.934742 0.0480273 0.0164251 0.00080598 0
 0.827803 0.169806 0.00239088 0 0
 0.941827 0.0461693 0.0120037 0 0
 0.791401 0.0380133 0.147996 0.0225897 0
 0.846168 0.0940531 0.0597789 0 0
 0.134021 0.677848 0.182769 0.00536245 0
 0.80878 0.0450904 0.141981 0.00414843 0
 0.846168 0.0940531 0.0597789 0 0
 0.905697 0.0802665 0.012482 0.00150086 5.37128e-05
 0.989698 0.0102097 9.19794e-05 0 0
 0.975433 0.0193895 0.00387452 0.00125025 5.28907e-05
 0.303575 0.632131 0.0575291 0.00676475 0
 0.966965 0.00978017 0.0227588 0.000495775 0
 0.843318 0.132988 0.00938335 0.0141283 0.000182051
 0.564624 0.303363 0.111486 0.0197234 0.00080311
 0.826376 0.0876187 0.0782897 0.00655872 0.00115652
 0.89761 0.0855135 0.0140674 0.00269457 0.000114338
 0.34875 0.467042 0.161289 0.0227151 0.000203297
 0.318654 0.224769 0.449479 0.00709798 0
 0.937255 0.0296025 0.0250945 0.00804832 0
ppred_RECLAS
 0.295928 0.392497 0.197314 0.0615317 0.0527293
 0.411298 0.276929 0.173803 0.0873734 0.0505963
 0.453355 0.332655 0.100663 0.0631767 0.0501514
 0.386891 0.397528 0.131189 0.0396984 0.0446933
 0.59196 0.256141 0.0984885 0.0325024 0.0209082
 0.955493 0.0350915 0.00591047 0.00227263 0.00123245
 0.23995 0.745542 0.0114383 0.00192655 0.0011425
 0.438689 0.26897 0.286761 0.00439955 0.00118046
 0.811206 0.120231 0.0328541 0.0350272 0.000681587
 0.842214 0.145592 0.00776554 0.00212199 0.00230637
 0.799487 0.187067 0.0124069 0.000661755 0.000377372
 0.583973 0.371305 0.041723 0.0027672 0.000231764
 0.558709 0.338215 0.0919949 0.0103373 0.000743027
 0.669369 0.248284 0.063113 0.0171668 0.00206766
 0.769767 0.194835 0.0265819 0.00675704 0.00205929
 0.86458 0.119995 0.0130532 0.00178089 0.000590663
 0.44872 0.516494 0.0308231 0.00335297 0.000609179
 0.763397 0.150348 0.0808119 0.00482265 0.000619927
 0.598276 0.351882 0.0316718 0.0170236 0.00114652
 0.432293 0.437407 0.114134 0.0102729 0.00589355
 0.685738 0.197681 0.0898231 0.0234379 0.00331984
 0.654179 0.285704 0.037816 0.017183 0.00511871
 0.144425 0.690714 0.136201 0.0180277 0.0106317
 0.676966 0.0850907 0.192094 0.0378788 0.00797044
 0.514039 0.396912 0.0234565 0.0529536 0.012639
 0.333304 0.460738 0.168218 0.00994126 0.0277992
 0.67974 0.163697 0.108197 0.0395033 0.00886276
 0.578039 0.345182 0.0392443 0.0259389 0.0115951
 0.168454 0.61689 0.175598 0.019964 0.0190939
 0.27299 0.21533 0.379595 0.108052 0.0240338
 0.843528 0.0696176 0.0257251 0.0453496 0.01578
pobs_PELACES
 0 0 0 0 0
 0 0 0 0 0
 0 0 0 0 0
 0 0 0 0 0
 0 0 0 0 0
 0 0 0 0 0
 0 0 0 0 0
 0 0 0 0 0
 0 0 0 0 0
 0 0 0 0 0
 0 0 0 0 0
 0 0 0 0 0
 0 0 0 0 0
 0 0 0 0 0
 0 0 0 0 0
 0 0 0 0 0
 0.505614 0.472636 0.0217494 0 0
 0 0 0 0 0
 0.443492 0.261883 0.143347 0.151278 0
 0.227955 0.32914 0.350689 0.0885471 0.00366901
 0.970185 0.0296113 0.000203453 0 0
 0.997202 0.00247181 0.000326279 0 0
 0.445219 0.490057 0.0546422 0.010081 0
 0.90214 0.0892962 0.00764917 0.000914606 0
 0 0 0 0 0
 0.581667 0.319106 0.0959925 0.00289975 0.000334073
 0.762889 0.0836404 0.116647 0.0363945 0.000428098
 0.88444 0.0763242 0.0277011 0.0115352 0
 0.521256 0.241999 0.230069 0.00667565 0
 0.616807 0.101726 0.260614 0.0208532 0
 0.833518 0.0704572 0.0857862 0.0102388 0
ppred_PELACES
 0.303562 0.388242 0.195175 0.0608645 0.0521576
 0.428438 0.268867 0.168743 0.0848295 0.0491232
 0.470727 0.322083 0.0974636 0.0611689 0.0485576
 0.433114 0.367558 0.121299 0.0367055 0.0413237
 0.631189 0.231515 0.0890197 0.0293776 0.0188981
 0.960274 0.0313222 0.00527561 0.00202852 0.00110007
 0.288133 0.69828 0.0107132 0.00180442 0.00107008
 0.457458 0.259977 0.277172 0.00425245 0.00114099
 0.84223 0.100474 0.0274553 0.0292713 0.000569584
 0.864079 0.125417 0.00668944 0.00182794 0.00198677
 0.803719 0.183119 0.012145 0.000647788 0.000369406
 0.608746 0.349195 0.0392385 0.00260242 0.000217963
 0.586892 0.316616 0.0861199 0.00967715 0.000695575
 0.712582 0.215833 0.0548641 0.0149231 0.00179742
 0.78699 0.18026 0.0245934 0.00625157 0.00190524
 0.87582 0.110035 0.0119698 0.00163307 0.000541636
 0.459903 0.506018 0.0301978 0.00328496 0.000596822
 0.773946 0.143645 0.0772091 0.00460764 0.000592289
 0.617089 0.335403 0.0301886 0.0162263 0.00109282
 0.44977 0.423941 0.110621 0.00995664 0.00571211
 0.697732 0.190136 0.0863948 0.0225434 0.00319313
 0.66925 0.273252 0.036168 0.0164341 0.00489563
 0.149182 0.686874 0.135444 0.0179275 0.0105726
 0.68578 0.082769 0.186853 0.0368452 0.00775297
 0.52324 0.389397 0.0230124 0.0519511 0.0123997
 0.33989 0.456186 0.166556 0.00984304 0.0275246
 0.687934 0.159509 0.105429 0.0384925 0.008636
 0.585711 0.338906 0.0385308 0.0254673 0.0113843
 0.171992 0.614266 0.174851 0.0198791 0.0190127
 0.281605 0.212778 0.375097 0.106771 0.023749
 0.849287 0.0670553 0.0247783 0.0436805 0.0151992
pobs_pel_tallas
 0 0 0 0 0 0 0 0 0 0 0 0 0 0 0 0 0 0 0 0 0 0 0 0 0 0
 0 0 0 0 0 0 0 0 0 0 0 0 0 0 0 0 0 0 0 0 0 0 0 0 0 0
 0 0 0 0 0 0 0 0 0 0 0 0 0 0 0 0 0 0 0 0 0 0 0 0 0 0
 0 0 0 0 0 0 0 0 0 0 0 0 0 0 0 0 0 0 0 0 0 0 0 0 0 0
 0 0 0 0 0 0 0 0 0 0 0 0 0 0 0 0 0 0 0 0 0 0 0 0 0 0
 0 0 0 0 0 0 0 0 0 0 0 0 0 0 0 0 0 0 0 0 0 0 0 0 0 0
 0 0 0 0 0 0 0 0 0 0 0 0 0 0 0 0 0 0 0 0 0 0 0 0 0 0
 0 0 0 0 0 0 0 0 0 0 0 0 0 0 0 0 0 0 0 0 0 0 0 0 0 0
 0 0 0 0 0 0 0 0 0 0 0 0 0 0 0 0 0 0 0 0 0 0 0 0 0 0
 0 0 0 0 0 0 0 0 0 0 0 0 0 0 0 0 0 0 0 0 0 0 0 0 0 0
 0 0 0 0 0 0 0 0 0 0 0 0 0 0 0 0 0 0 0 0 0 0 0 0 0 0
 0 0 0 0 0 0 0 0 0 0 0 0 0 0 0 0 0 0 0 0 0 0 0 0 0 0
 0.00862536 0 0 0.000197151 0.00414017 0.0128641 0.00837892 0.0270097 0.101434 0.158115 0.152841 0.127902 0.109271 0.109419 0.0830992 0.0579132 0.0238553 0.00714673 0.00463305 0.00128148 0.00103504 0.000492878 0.000147863 0.000147863 4.92878e-05 0
 0 0 0 0 0 0 0 0 0 0 0 0 0 0 0 0 0 0 0 0 0 0 0 0 0 0
 0 0 0 0 0 0 0 0.0054083 0.00873648 0.0413646 0.0450493 0.0745869 0.0622846 0.0627006 0.0613931 0.0827291 0.12552 0.122667 0.0946155 0.0697135 0.0546179 0.0294188 0.0215738 0.0213955 0.0102223 0.00600262
 0 0 0 0 0.00359764 0.0251062 0.0480494 0.140153 0.205849 0.193036 0.1447 0.116669 0.0760912 0.0342217 0.00950174 0.001854 0.000860785 0 0 0 0.000165536 0 0.000143464 0 0 0
 0 0 0 0 0 0 0 0.000145254 0.000435761 0.0275982 0.070085 0.0708112 0.156366 0.174668 0.174014 0.160142 0.0824315 0.0480064 0.0283245 0.00493863 0.00203355 0 0 0 0 0
 0 0 0 0 0 0 0 0 0 0 0 0 0 0 0 0 0 0 0 0 0 0 0 0 0 0
 0 0 1.00437e-05 0.000401748 0.00122533 0.00171747 0.00176769 0.0269171 0.070346 0.194647 0.189555 0.159765 0.064822 0.0314167 0.0384472 0.0292271 0.0345202 0.0313363 0.0194345 0.0106764 0.0143323 0.0359363 0.0279516 0.0138201 0.00172751 0
 0 0.0021121 0.0136068 0.0755702 0.200478 0.177729 0.0527432 0.0373336 0.0318909 0.0142505 0.0149659 0.0166563 0.0217959 0.0798694 0.0677717 0.0528807 0.04013 0.0224614 0.0357745 0.0225083 0.00881397 0.00855152 0.00135912 0.000746735 0 0
 0 0 0 0 5.4009e-05 0.00500934 0.000945158 0.0243581 0.138947 0.33067 0.221406 0.137944 0.0707744 0.0437923 0.0131692 0.00525238 0.0047753 0.00276346 9.45158e-05 9.00151e-06 2.25038e-05 9.00151e-06 4.50075e-06 0 0 0
 0.000866109 0.00284123 0.00948549 0.0512746 0.133035 0.25785 0.225252 0.132002 0.0553304 0.0519788 0.0540692 0.017754 0.00435017 0.00159236 0.00146478 0.000404838 0.000125132 0.000115318 0.000107957 0.000100596 0 0 0 0 0 0
 0 0 0 0 0.00144013 0.00171154 0.00461396 0.0210425 0.0478622 0.0707936 0.0888783 0.103762 0.0637923 0.0337046 0.0602308 0.124433 0.169614 0.0934646 0.0462172 0.0250306 0.0313229 0.00938855 0.002487 0.000210481 0 0
 0 0.00764035 0.051015 0.0998891 0.058973 0.0496711 0.0374665 0.0718981 0.12319 0.153886 0.159021 0.0857701 0.0377988 0.023471 0.0147837 0.00900784 0.00315554 0.000888139 0.00291439 0.00214683 0.00393193 0.00274676 0.000635225 9.99891e-05 0 0
 0 0 0 0 0 0 0 0 0 0 0 0 0 0 0 0 0 0 0 0 0 0 0 0 0 0
 0 0 0 0 0 0 0 0 0 0 0 0 0 0 0 0 0 0 0 0 0 0 0 0 0 0
 0 0 0 0 0 0 0 0 0 0 0 0 0 0 0 0 0 0 0 0 0 0 0 0 0 0
 0 0 0 0 0 0 0 0 0 0 0 0 0 0 0 0 0 0 0 0 0 0 0 0 0 0
 0 0 0 0 0 0 0 0 0 0 0 0 0 0 0 0 0 0 0 0 0 0 0 0 0 0
 0 0 0 0 0 0 0 0 0 0 0 0 0 0 0 0 0 0 0 0 0 0 0 0 0 0
 0 0 0 0 0 0 0 0 0 0 0 0 0 0 0 0 0 0 0 0 0 0 0 0 0 0
ppred_pel_tallas
 1.20662e-16 2.5004e-05 0.000243048 0.00161514 0.00734223 0.0228446 0.0486742 0.0710493 0.071087 0.0488584 0.0234636 0.0091334 0.00612334 0.0101249 0.0189125 0.031544 0.046191 0.0596922 0.0688362 0.0721833 0.0708475 0.0675024 0.0644472 0.0623097 0.0601914 0.0567584
 1.21759e-16 3.52899e-05 0.00034303 0.00227956 0.0103626 0.0322419 0.0686958 0.100269 0.100295 0.0688237 0.0326721 0.0116082 0.00541823 0.0072351 0.0132446 0.0221596 0.032681 0.0427359 0.0502498 0.0543479 0.0558251 0.056391 0.0573064 0.0585345 0.0589591 0.0572857
 1.17247e-16 3.87732e-05 0.00037689 0.00250457 0.0113854 0.0354244 0.0754766 0.110167 0.110198 0.0756288 0.035936 0.0128645 0.00622286 0.00851298 0.0155481 0.0257976 0.0375348 0.0480262 0.0545406 0.0559134 0.0532509 0.049106 0.0457838 0.0441067 0.0433846 0.0422708
 1.14269e-16 3.56751e-05 0.000346775 0.00230444 0.0104757 0.032594 0.0694462 0.101366 0.101402 0.0696199 0.0331778 0.0121636 0.00654746 0.00963009 0.0177281 0.0294159 0.0427627 0.0546156 0.0617877 0.0628488 0.0589484 0.0529209 0.0474155 0.0435378 0.0408143 0.0380948
 1.08773e-16 5.19903e-05 0.000505364 0.00335832 0.0152665 0.0474997 0.101204 0.147715 0.147737 0.101314 0.0478679 0.0163311 0.00603558 0.00636614 0.011231 0.0186125 0.0271099 0.0347371 0.0395032 0.0405052 0.0384299 0.0349866 0.031745 0.0293151 0.0273643 0.0252076
 1.0055e-16 7.90965e-05 0.000768846 0.00510925 0.0232259 0.0722645 0.153967 0.22472 0.224723 0.153982 0.072314 0.0233691 0.00546879 0.00155405 0.00157133 0.00247519 0.00356434 0.00449615 0.00498092 0.00488832 0.00432039 0.00353958 0.00280798 0.0022629 0.00190123 0.00164554
 1.0085e-16 2.37332e-05 0.000230696 0.00153306 0.00696909 0.0216838 0.0462021 0.0674474 0.0675146 0.0465302 0.022785 0.0101478 0.00950506 0.0176102 0.0329615 0.0542733 0.0777551 0.0968835 0.105028 0.0991363 0.0816039 0.0587739 0.0373066 0.0211994 0.0111438 0.0057515
 1.08685e-16 3.76802e-05 0.000366265 0.00243396 0.0110645 0.0344258 0.0733487 0.10706 0.107085 0.0734731 0.0348446 0.0122788 0.00549971 0.00711687 0.0130277 0.0219172 0.0325863 0.043082 0.051343 0.0562617 0.058096 0.0578347 0.0561452 0.052897 0.0475964 0.0401778
 1.0385e-16 6.93734e-05 0.000674334 0.00448119 0.0203708 0.0633812 0.135041 0.197098 0.197108 0.135088 0.0635408 0.0208319 0.00564021 0.00320981 0.00490069 0.00803521 0.0116731 0.0149086 0.0168763 0.0172011 0.0162153 0.0147041 0.0133806 0.0125073 0.011894 0.0111692
 1.00745e-16 7.11731e-05 0.000691828 0.00459744 0.0208993 0.0650255 0.138544 0.202212 0.202224 0.138603 0.0652235 0.0214708 0.00603121 0.00381893 0.00600177 0.00978772 0.0140418 0.0175513 0.0191343 0.0182496 0.0153236 0.0114747 0.00786399 0.00516764 0.00347439 0.00251636
 1.00525e-16 6.62013e-05 0.0006435 0.00427629 0.0194394 0.0604833 0.128867 0.188088 0.188106 0.128953 0.0607723 0.020274 0.00637023 0.00521074 0.00872881 0.0142956 0.0205156 0.0256476 0.0279632 0.0266629 0.0223537 0.0166521 0.0112427 0.00711797 0.00443278 0.00283751
 1.0152e-16 5.01417e-05 0.000487395 0.00323891 0.0147237 0.0458109 0.0976063 0.142466 0.1425 0.0977706 0.0463627 0.0163171 0.00723775 0.00921353 0.0166126 0.0273576 0.0393397 0.0493292 0.0540605 0.052012 0.0443045 0.033939 0.0240182 0.0163346 0.0111341 0.00777277
 1.03655e-16 4.83415e-05 0.000469897 0.00312263 0.0141951 0.0441662 0.094102 0.137351 0.137382 0.0942514 0.0446682 0.0156458 0.0067671 0.00843567 0.0152055 0.0251356 0.0363757 0.0460964 0.0514255 0.0510035 0.045741 0.0381064 0.0305603 0.0243911 0.0196299 0.0157242
 1.0344e-16 5.86945e-05 0.000570532 0.00379138 0.0172351 0.0536249 0.114254 0.166762 0.166783 0.114356 0.053967 0.0182238 0.00627525 0.00599937 0.0103882 0.0171313 0.0247905 0.0314221 0.0350786 0.0348534 0.0313935 0.0264036 0.0215654 0.0177293 0.0148556 0.0124876
 1.01706e-16 6.48234e-05 0.000630106 0.00418728 0.0190348 0.0592243 0.126184 0.184173 0.184191 0.126269 0.0595093 0.019858 0.00625364 0.0051408 0.0086309 0.0141645 0.0203948 0.0256395 0.0282291 0.0273928 0.0237114 0.0187159 0.0139668 0.0103314 0.00787662 0.00622568
 1.0063e-16 7.21402e-05 0.000701228 0.00465991 0.0211833 0.0659091 0.140427 0.204959 0.20497 0.140478 0.066083 0.0216854 0.00591995 0.00345084 0.00529099 0.00862447 0.0123968 0.015546 0.0170416 0.0164064 0.0139973 0.0107627 0.00768081 0.00531291 0.00372828 0.00271312
 1.01432e-16 3.78817e-05 0.000368224 0.00244698 0.0111236 0.03461 0.0737421 0.107639 0.107688 0.07398 0.0354087 0.0134297 0.00823216 0.0129859 0.0239676 0.0394748 0.0566524 0.0707996 0.0771468 0.0734868 0.0615062 0.0456884 0.0307068 0.0193166 0.0119461 0.00761594
 1.02828e-16 6.37489e-05 0.000619662 0.00411787 0.0187193 0.0582427 0.124093 0.18112 0.181134 0.124161 0.0584716 0.0193817 0.00578495 0.00427269 0.00704173 0.0116449 0.0170103 0.0218905 0.0250366 0.0258356 0.0246121 0.0222945 0.019747 0.017329 0.014951 0.0124257
 1.0277e-16 5.08289e-05 0.000494075 0.0032833 0.0149254 0.0464388 0.0989439 0.144418 0.144451 0.0991017 0.0469686 0.0164555 0.00712286 0.00887195 0.0159506 0.0262598 0.0377558 0.0473398 0.051891 0.0499785 0.0427211 0.0330415 0.0239343 0.0170867 0.0126454 0.00986946
 1.05266e-16 3.7047e-05 0.00036011 0.00239306 0.0108785 0.0338474 0.0721169 0.105265 0.105306 0.072317 0.0345194 0.0128205 0.00727123 0.0110213 0.0203197 0.0336249 0.0486446 0.0616052 0.0686579 0.0679868 0.0608293 0.0505222 0.0403993 0.0322143 0.0260135 0.0210283
 1.05343e-16 5.74713e-05 0.000558642 0.00371237 0.0168759 0.0525073 0.111873 0.163286 0.163304 0.111963 0.0528101 0.0177515 0.00591504 0.00538293 0.00926631 0.0153504 0.0223936 0.0287621 0.0328157 0.0337823 0.0321616 0.0292676 0.0263065 0.0237481 0.021376 0.0187718
 1.03591e-16 5.51253e-05 0.000535837 0.00356083 0.016187 0.050364 0.107307 0.156623 0.156649 0.107435 0.0507961 0.017435 0.00669355 0.0073747 0.0130438 0.0214787 0.0309412 0.0389254 0.0429177 0.0417688 0.0363784 0.0290769 0.0222193 0.0170825 0.0137053 0.0114455
 1.07672e-16 1.22881e-05 0.000119445 0.000793755 0.00360834 0.0112272 0.0239232 0.0349306 0.0349968 0.024247 0.0123146 0.00674982 0.00868206 0.0173488 0.0327605 0.054209 0.0782475 0.098725 0.10935 0.107183 0.0943392 0.0764474 0.0591933 0.0456604 0.0360167 0.0289145
 1.10421e-16 5.64868e-05 0.000549072 0.00364878 0.0165868 0.0516078 0.109956 0.160486 0.160494 0.109997 0.0517446 0.0169856 0.00466365 0.00281028 0.00448523 0.00767704 0.0118757 0.0166567 0.0215842 0.0264046 0.0310449 0.0353397 0.0387598 0.0404687 0.0397344 0.0363834
 1.08073e-16 4.30986e-05 0.000418934 0.00278397 0.0126555 0.0393762 0.0838966 0.122457 0.122495 0.0840798 0.0399913 0.0144317 0.00724102 0.0101445 0.0185024 0.0304935 0.0438701 0.055081 0.0605666 0.0587603 0.0510711 0.0409757 0.031945 0.0257914 0.0223953 0.0205324
 1.10569e-16 2.79964e-05 0.000272135 0.00180844 0.00822091 0.0255785 0.0544994 0.0795527 0.0795969 0.0547151 0.0263033 0.0103162 0.00707565 0.0117961 0.021989 0.0365034 0.0530376 0.0676479 0.0762973 0.0770822 0.071274 0.0622639 0.0533265 0.0460105 0.0401087 0.0346958
 1.08406e-16 5.66642e-05 0.000550797 0.00366024 0.0166389 0.0517699 0.110302 0.160992 0.161008 0.110378 0.0520251 0.0173778 0.00552198 0.0046382 0.00788793 0.0131313 0.0193365 0.0252177 0.0294933 0.031573 0.0318454 0.0312594 0.030559 0.0298197 0.0285869 0.0263709
 1.0568e-16 4.82443e-05 0.000468952 0.00311635 0.0141665 0.0440774 0.0939129 0.137075 0.137108 0.0940724 0.0446132 0.0157139 0.00700028 0.00894686 0.0161476 0.0266158 0.0383331 0.0482081 0.0531337 0.051707 0.0450802 0.0361857 0.0279728 0.0220176 0.0183125 0.0159652
 1.10414e-16 1.41668e-05 0.000137707 0.000915113 0.00416001 0.0129436 0.02758 0.0402663 0.0403256 0.02787 0.0139179 0.00697572 0.00798958 0.0156033 0.0294507 0.0488336 0.0707365 0.0897685 0.100404 0.100051 0.090501 0.0765379 0.0628806 0.0519223 0.043581 0.0366339
 1.25606e-16 2.31955e-05 0.000225468 0.00149832 0.00681114 0.0211921 0.0451528 0.0659062 0.0659273 0.0452561 0.0215405 0.00782496 0.00407114 0.00593507 0.011141 0.0191017 0.0292057 0.040289 0.0511132 0.0610531 0.0701974 0.0786586 0.0857396 0.0898275 0.0892017 0.0831073
 1.07685e-16 6.99546e-05 0.000679984 0.00451873 0.0205415 0.0639123 0.136172 0.198749 0.198755 0.136204 0.0640192 0.0208509 0.00529761 0.0023881 0.0033379 0.00547317 0.00804003 0.0104742 0.0122762 0.0132806 0.0137706 0.0142667 0.0151398 0.0163486 0.0174715 0.0179628
pSPR Fmed_Fpbrs
0.537706   0.285572 0.285572
Fs Fmed_Fpbrs
0.424896   1.005 1.005
SSBpbr Bo_Bmed_Bpbrs
1.72405e+06  840831  406139 406139
Ro
130614
SPR SPRFo_SPRFmed_SPRFpbrs
933618 502012 266615
Fref
1.005
Nvult_r0
 246918 11545.8 4266.42 7521.08 2617.06
CTP_r0
 29225.6 2443.9 903.072 1591.98 553.953
YTP_r0
390914
Np
 223167 117087 4517.99 1669.49 3770.8
Nvult_p0
 173496 101320 3909.59 1444.67 3263.03
CTP_p0
 58024.4 50786.3 1959.67 724.138 1635.58
YTP_p0
 1.37781e+06
CBA_c0
686982
log_Ro
11.6
likeval ReclasPelacesDesembMPH_pf_preclas_ppelaces_ptallas_desvR_qrecl_qpela
 28.2923 36.0666 0.324886 0.00236358 258.149 134.259 107.083 0 41.9568 0 0 0.0232335 0 0 0
q_reclas_q_pelaces
1 1
M
1
N
 120832 84670.8 42565.3 13273.8 11374.9
 106300 39812.7 24986.8 12561.2 7273.97
 77464.3 31595.3 9560.86 6000.47 4763.34
 33591.1 23057.7 7609.34 2302.62 2592.33
 24908.6 6922.2 2661.65 878.376 565.043
 252686 5553.68 935.407 359.672 195.052
 28664.8 64889.6 995.552 167.681 99.4397
 14440.5 4966.43 5294.93 81.2361 21.7968
 40994.1 4220.85 1153.38 1229.67 23.9279
 69355.1 7812.35 416.693 113.865 123.758
 123333 15022.6 996.35 53.143 30.3053
 112645 41856.2 4703.31 311.939 26.1261
 84170 30334.8 8251.11 927.163 66.6427
 86629.1 21839.8 5551.62 1510.05 181.878
 117139 17246.6 2353.01 598.127 182.287
 394559 31839.1 3463.5 472.536 156.724
 174196 107344 6406.03 696.856 126.607
 518825 55895.7 30043.9 1792.94 230.474
 481111 159457 14352.3 7714.34 519.55
 247372 139342 36359.2 3272.58 1877.48
 467682 73408.3 33355.5 8703.6 1232.81
 599961 145084 19203.5 8725.76 2599.35
 71054.9 179975 35489 4697.36 2770.23
 348588 23297.8 52595.2 10371.2 2182.3
 277759 113393 6701.25 15128.2 3610.82
 126438 91384.6 33364.9 1971.79 5513.81
 333545 42536.7 28115 10264.9 2302.99
 349275 109390 12436.8 8220.19 3674.57
 61404 116781 33241.6 3779.3 3614.59
 49742.1 20938.4 36911.3 10506.8 2337.01
 364005 16063.8 5935.91 10464.1 3641.14
pred_Ctot
 8042.82 10779.7 5419.09 1689.92 1448.17
 13130.8 9044.95 5676.68 2853.75 1652.55
 9509.84 7137.53 2159.85 1355.54 1076.06
 9784.82 10949.3 3613.42 1093.43 1231.01
 6458.12 2995.65 1151.85 380.126 244.528
 49655.9 1906.39 321.093 123.463 66.9545
 10179.4 35813.3 549.456 92.545 54.8819
 1911.01 1201.38 1280.84 19.651 5.27265
 13165.3 2161.21 590.567 629.629 12.2518
 18813.6 3506.24 187.015 51.1032 55.5435
 6080.36 1433.25 95.0576 5.07015 2.8913
 19571.2 12910.9 1450.78 96.2205 8.05885
 16129 10189.4 2771.54 311.434 22.3852
 26395.2 10740.7 2730.25 742.63 89.4462
 19819 5197.29 709.082 180.247 54.9323
 66573.7 9571.68 1041.22 142.057 47.1155
 14226 16595.6 990.382 107.735 19.5737
 54764.5 10987.3 5905.69 352.436 45.3039
 65963.1 39829.8 3584.96 1926.91 129.775
 30766.5 31855.1 8312.08 748.146 429.21
 46984.2 13781.9 6262.28 1634.04 231.452
 71174.1 31763 4204.18 1910.31 569.07
 4929.31 23835.1 4700.01 622.098 366.877
 25766.4 3277.36 7398.71 1458.94 306.99
 18722.8 14611.1 863.481 1949.33 465.267
 6884.34 9595.53 3503.37 207.041 578.958
 23093 5622.68 3716.36 1356.86 304.419
 20279.1 12218.3 1389.12 918.151 410.429
 2854.35 10525.2 2996 340.62 325.775
 3881.92 3101.07 5466.73 1556.1 346.122
 29225.6 2443.9 903.072 1591.98 553.953
F
 0.110212 0.220423 0.220423 0.220423 0.220423
 0.213254 0.426509 0.426509 0.426509 0.426509
 0.211816 0.423632 0.423632 0.423632 0.423632
 0.579528 1.15906 1.15906 1.15906 1.15906
 0.500753 1.00151 1.00151 1.00151 1.00151
 0.359459 0.718919 0.718919 0.718919 0.718919
 0.752969 1.50594 1.50594 1.50594 1.50594
 0.230002 0.460005 0.460005 0.460005 0.460005
 0.657721 1.31544 1.31544 1.31544 1.31544
 0.529681 1.05936 1.05936 1.05936 1.05936
 0.0806456 0.161291 0.161291 0.161291 0.161291
 0.311946 0.623893 0.623893 0.623893 0.623893
 0.349103 0.698206 0.698206 0.698206 0.698206
 0.614021 1.22804 1.22804 1.22804 1.22804
 0.302667 0.605335 0.605335 0.605335 0.605335
 0.301728 0.603456 0.603456 0.603456 0.603456
 0.136691 0.273382 0.273382 0.273382 0.273382
 0.17979 0.359579 0.359579 0.359579 0.359579
 0.239165 0.47833 0.47833 0.47833 0.47833
 0.214855 0.42971 0.42971 0.42971 0.42971
 0.170472 0.340944 0.340944 0.340944 0.340944
 0.204047 0.408094 0.408094 0.408094 0.408094
 0.115096 0.230192 0.230192 0.230192 0.230192
 0.123032 0.246063 0.246063 0.246063 0.246063
 0.111677 0.223354 0.223354 0.223354 0.223354
 0.0893869 0.178774 0.178774 0.178774 0.178774
 0.114855 0.22971 0.22971 0.22971 0.22971
 0.0955595 0.191119 0.191119 0.191119 0.191119
 0.0758908 0.151782 0.151782 0.151782 0.151782
 0.130282 0.260564 0.260564 0.260564 0.260564
 0.134252 0.268504 0.268504 0.268504 0.268504
YTP_r0W_actual
 248418 39835.6 26098.8 55401 21161
YTP_p0W_proyectada
 436344 818674 45817.1 21362.1 55609.8
CTP_r0_actual
 29225.6 2443.9 903.072 1591.98 553.953
CTP_p0_proyectada
 58024.4 50786.3 1959.67 724.138 1635.58
Wmedp
 7.52 16.12 23.38 29.5 34
Frms_r0
 0.134252 0.268504 0.268504 0.268504 0.268504
Zrms_r0
 1.13425 1.2685 1.2685 1.2685 1.2685
nmprior
 8.19 8.8 8.5 0
nm_flota  nm_reclas  nm_pelaces    nm_pelaL
inf 7.04271 8.32474 15.7211
cv_recla  cv_pelaces  cv_mph
0.481126 0.680965 1.50034
 ------------------------------------------------
Talla a la edad & desviaci?n 
 8 13.2811 15.8009 17.003 17.5766
 0.8 1.32811 1.58009 1.7003 1.75766
