    unsorted:	 1.544819038e-05 0.001099981523 0.0009439655136 8.578638895 14.35500463 16.44695571 5.569978471 42.76282427 75.33396848 101.5185921 116.9988249 158.0247315 224.6482338 349.0560888 335.0730887 363.5538342 379.9164205 275.5745374 409.8609311 686.4660521 674.4794533 700.8974374 720.6921866 640.1535828 734.5925377 804.1590771 786.6119237 530.6056514 823.3018950 913.1713395 927.2300091 977.4189085 1049.218894 1119.592864 1137.665500 1158.448632 1181.064183 1213.176335 1229.245555 1239.151974 1453.471530 1774.314770 2746.652264 17192.58410 32152.45682 250908.8663 253879.9361 242033.3126 239670.6464 264075.2943 229008.2301 277036.8090 279756.4549 153434.2842 309246.7894 474843.4617 563721.5592 594506.9364 770012.8004 961910.5503 1134210.592 1416345.015 1698416.339 1963958.686 2069606.071 2138018.755 2381500.709 2693146.869 2817981.692 3111669.648 3482259.813 3545007.300 4129892.237 4296605.929 4662363.034 6645593.939 13766539.53
      sorted:	 1.544819038e-05 0.0009439655136 0.001099981523 5.569978471 8.578638895 14.35500463 16.44695571 42.76282427 75.33396848 101.5185921 116.9988249 158.0247315 224.6482338 275.5745374 335.0730887 349.0560888 363.5538342 379.9164205 409.8609311 530.6056514 640.1535828 674.4794533 686.4660521 700.8974374 720.6921866 734.5925377 786.6119237 804.1590771 823.3018950 913.1713395 927.2300091 977.4189085 1049.218894 1119.592864 1137.665500 1158.448632 1181.064183 1213.176335 1229.245555 1239.151974 1453.471530 1774.314770 2746.652264 17192.58410 32152.45682 153434.2842 229008.2301 239670.6464 242033.3126 250908.8663 253879.9361 264075.2943 277036.8090 279756.4549 309246.7894 474843.4617 563721.5592 594506.9364 770012.8004 961910.5503 1134210.592 1416345.015 1698416.339 1963958.686 2069606.071 2138018.755 2381500.709 2693146.869 2817981.692 3111669.648 3482259.813 3545007.300 4129892.237 4296605.929 4662363.034 6645593.939 13766539.53
