years
 1991 1992 1993 1994 1995 1996 1997 1998 1999 2000 2001 2002 2003 2004 2005 2006 2007 2008 2009 2010 2011 2012 2013 2014 2015 2016 2017 2018 2019 2020 2021
reclasobs
 0 0 0 0 0 0 0 0 0 252601 567819 844713 477998 351125 339783 2.1784e+06 2.13404e+06 4.81314e+06 1.55562e+06 2.62356e+06 3.21686e+06 3.843e+06 1.13348e+06 3.07943e+06 1.97215e+06 2.03268e+06 2.025e+06 2.42433e+06 2.27542e+06 1.05018e+06 2.36338e+06
reclaspred
 2.60546e+06 1.64822e+06 619182 412125 55337.8 1.87106e+06 586511 121402 670359 182615 267390 722890 536633 444278 295283 1.9034e+06 1.14216e+06 6.1097e+06 4.31321e+06 1.61612e+06 3.75821e+06 3.51951e+06 1.93706e+06 3.93102e+06 2.51439e+06 1.43708e+06 2.4854e+06 3.76128e+06 2.66435e+06 954856 1.51956e+06
pelacesobs
 0 0 0 0 0 0 0 0 0 0 0 0 0 0 0 552880 188675 0 991730 2.46772e+06 1.41603e+06 1.21717e+06 2.29649e+06 1.80582e+06 0 1.4828e+06 1.56532e+06 1.57751e+06 1.42118e+06 867257 1.10002e+06
pelacespred
 603073 355835 123405 59663.5 5200.58 409196 88475.5 22916.9 135823 25788.2 55244.3 127438 98081.9 83582.5 51815.4 349994 206173 1.43559e+06 980283 351940 813195 725938 403851 974348 581493 323328 664796 978656 578587 240428 351557
mphobs
 0 0 0 0 0 0 0 0 0 0 0 498337 0 5186 125008 0 168611 109162 213762 579715 649985 157893 87575 83554 0 0 0 0 0 0 0
mphpred
 1.48672e+06 589197 383489 110107 54766.4 5162.09 460585 83384.3 19536.1 142914 20063.6 73663 163133 82318.9 50714.3 45889.2 567992 291475 1.80437e+06 1.00602e+06 454764 933903 998157 539648 1.0621e+06 696136 344257 613449 1.28117e+06 653441 191292
desembarqueobs
 494567 514787 250237 358949 120608 361735 552515 73892 212993 205616 52469 317467 293654 387597 252695 516296 358380 742168 942051 627588 828172 859565 418607 520667 417249 300574 415391 372974 316634 284311 391294
desembarquepred
 494475 514820 249583 358294 120460 361474 551647 73848.5 212792 205346 52446.3 317089 293221 386716 252270 515767 358187 741641 940525 626141 827466 858534 418282 520371 416883 300245 415051 372727 316414 283987 390980
Reclutas
 3866.9 190712 6121.94 83176 2676.91 285880 2895.25 793.872 66181.8 3822.67 42001.4 145169 64229.7 72747.9 42712.8 384282 6730.14 882333 233192 44780.9 408936 495170 8125.55 287348 149829 25049.4 222842 302720 13253.7 5808.87 155300
log_desv_Rt
 -2.49814 1.40017 -2.03871 0.570364 -2.86593 1.80498 -2.78752 -4.08143 0.341811 -2.50964 -0.112891 1.1273 0.311871 0.436405 -0.0960965 2.10078 -1.944 2.93197 1.60127 -0.0488141 2.16296 2.35431 -1.75558 1.8101 1.1589 -0.629746 1.55587 1.86222 -1.26632 -2.09121 1.19476
SSB
 1.48672e+06 589197 383489 110107 54766.4 5162.09 460585 83384.3 19536.1 142914 20063.6 73663 163133 82318.9 50714.3 45889.2 567992 291475 1.80437e+06 1.00602e+06 454764 933903 998157 539648 1.0621e+06 696136 344257 613449 1.28117e+06 653441 191292
BT
 1.856e+06 1.33137e+06 515542 435949 106667 1.26459e+06 693530 123372 503474 239369 172967 554923 483289 594294 369868 1.21452e+06 758976 3.98156e+06 3.14242e+06 1.44901e+06 2.59261e+06 2.44454e+06 1.29157e+06 2.74148e+06 1.73977e+06 1.02363e+06 1.974e+06 2.62945e+06 1.5989e+06 866273 1.20067e+06
Ftot
 0.357959 0.740519 0.750627 2.01369 2.86313 0.65297 1.55427 1.06666 1.01766 1.83188 0.616175 1.25837 1.27006 2.19733 2.21243 0.88071 0.604784 0.39044 0.479993 0.747799 0.619641 0.623139 0.419152 0.377494 0.372216 0.425547 0.486644 0.287545 0.235073 0.555435 0.757962
BD_Bspro_t
 0.944746 0.624426 0.449368 0.20787 0.10485 0.0155256 0.459389 0.122117 0.0480704 0.277337 0.075208 0.319719 0.330655 0.173003 0.109209 0.10521 0.455647 0.300321 0.652532 0.478207 0.275542 0.432716 0.474306 0.365934 0.55647 0.514213 0.413129 0.575049 0.711787 0.560677 0.328245
BD_Bspro
 4.4298 1.75556 1.14263 0.328073 0.163181 0.0153808 1.37235 0.24845 0.0582094 0.425824 0.0597811 0.219484 0.486068 0.245275 0.151107 0.136731 1.69238 0.868473 5.37627 2.99752 1.355 2.78264 2.97409 1.60792 3.16462 2.07419 1.02574 1.82782 3.81736 1.94698 0.569968
BD_Bo
 0.947401 0.375461 0.244375 0.070165 0.0348994 0.0032895 0.293504 0.053136 0.0124492 0.0910711 0.0127854 0.0469411 0.103955 0.0524571 0.0323173 0.0292426 0.361948 0.18574 1.14982 0.64108 0.289795 0.595122 0.636068 0.343887 0.676818 0.443607 0.219375 0.390916 0.816418 0.4164 0.121899
BD_Brms
 4.19034 1.66066 1.08087 0.310339 0.15436 0.0145494 1.29817 0.23502 0.0550629 0.402806 0.0565496 0.20762 0.459794 0.232017 0.142939 0.12934 1.60089 0.821527 5.08565 2.83549 1.28176 2.63222 2.81332 1.52101 2.99356 1.96207 0.970294 1.72902 3.61101 1.84173 0.539158
Sel_flota
 0.548342 0.95845 0.997724 0.99988 0.999994
 0.548342 0.95845 0.997724 0.99988 0.999994
 0.548342 0.95845 0.997724 0.99988 0.999994
 0.548342 0.95845 0.997724 0.99988 0.999994
 0.548342 0.95845 0.997724 0.99988 0.999994
 0.548342 0.95845 0.997724 0.99988 0.999994
 0.548342 0.95845 0.997724 0.99988 0.999994
 0.548342 0.95845 0.997724 0.99988 0.999994
 0.548342 0.95845 0.997724 0.99988 0.999994
 0.548342 0.95845 0.997724 0.99988 0.999994
 0.548342 0.95845 0.997724 0.99988 0.999994
 0.548342 0.95845 0.997724 0.99988 0.999994
 0.548342 0.95845 0.997724 0.99988 0.999994
 0.548342 0.95845 0.997724 0.99988 0.999994
 0.548342 0.95845 0.997724 0.99988 0.999994
 0.548342 0.95845 0.997724 0.99988 0.999994
 0.548342 0.95845 0.997724 0.99988 0.999994
 0.548342 0.95845 0.997724 0.99988 0.999994
 0.548342 0.95845 0.997724 0.99988 0.999994
 0.548342 0.95845 0.997724 0.99988 0.999994
 0.548342 0.95845 0.997724 0.99988 0.999994
 0.548342 0.95845 0.997724 0.99988 0.999994
 0.548342 0.95845 0.997724 0.99988 0.999994
 0.548342 0.95845 0.997724 0.99988 0.999994
 0.548342 0.95845 0.997724 0.99988 0.999994
 0.548342 0.95845 0.997724 0.99988 0.999994
 0.548342 0.95845 0.997724 0.99988 0.999994
 0.548342 0.95845 0.997724 0.99988 0.999994
 0.548342 0.95845 0.997724 0.99988 0.999994
 0.548342 0.95845 0.997724 0.99988 0.999994
 0.548342 0.95845 0.997724 0.99988 0.999994
Sel_reclas
 1 1 1 1 1
 1 1 1 1 1
 1 1 1 1 1
 1 1 1 1 1
 1 1 1 1 1
 1 1 1 1 1
 1 1 1 1 1
 1 1 1 1 1
 1 1 1 1 1
 1 1 1 1 1
 1 1 1 1 1
 1 1 1 1 1
 1 1 1 1 1
 1 1 1 1 1
 1 1 1 1 1
 1 1 1 1 1
 1 1 1 1 1
 1 1 1 1 1
 1 1 1 1 1
 1 1 1 1 1
 1 1 1 1 1
 1 1 1 1 1
 1 1 1 1 1
 1 1 1 1 1
 1 1 1 1 1
 1 1 1 1 1
 1 1 1 1 1
 1 1 1 1 1
 1 1 1 1 1
 1 1 1 1 1
 1 1 1 1 1
Sel_pelaces
 1 1 1 1 1
 1 1 1 1 1
 1 1 1 1 1
 1 1 1 1 1
 1 1 1 1 1
 1 1 1 1 1
 1 1 1 1 1
 1 1 1 1 1
 1 1 1 1 1
 1 1 1 1 1
 1 1 1 1 1
 1 1 1 1 1
 1 1 1 1 1
 1 1 1 1 1
 1 1 1 1 1
 1 1 1 1 1
 1 1 1 1 1
 1 1 1 1 1
 1 1 1 1 1
 1 1 1 1 1
 1 1 1 1 1
 1 1 1 1 1
 1 1 1 1 1
 1 1 1 1 1
 1 1 1 1 1
 1 1 1 1 1
 1 1 1 1 1
 1 1 1 1 1
 1 1 1 1 1
 1 1 1 1 1
 1 1 1 1 1
pf_obs 
 0.8446 0.082 0.0669 0.0065 0
 0.8095 0.147 0.0364 0.0071 0
 0.9664 0.0169 0.016 0.0007 0
 0.9276 0.0648 0.0075 0.0001 0
 0.7033 0.2144 0.0806 0.0017 0
 0.9318 0.0425 0.0243 0.0014 0
 0.5671 0.3108 0.0964 0.0239 0.0018
 0.0768 0.2599 0.5324 0.112 0.0189
 0.490249 0.384438 0.106611 0.0170017 0.00170017
 0.7925 0.1577 0.0466 0.003 0.0002
 0.840416 0.127587 0.0312969 0.00059994 9.999e-05
 0.8084 0.0986 0.0794 0.0134 0.0002
 0.7335 0.1905 0.0724 0.0035 0.0001
 0.4001 0.4547 0.1325 0.0127 0
 0.49795 0.308269 0.164784 0.0264974 0.00249975
 0.9179 0.0499 0.0305 0.0017 0
 0.2467 0.6533 0.0926 0.0074 0
 0.9418 0.0223 0.034 0.0019 0
 0.707729 0.231977 0.0356964 0.0245975 0
 0.517169 0.277429 0.184464 0.0207286 0.00020938
 0.811772 0.124168 0.05621 0.00726502 0.000585176
 0.764997 0.148141 0.077277 0.00933861 0.000247198
 0.163321 0.427699 0.378323 0.0303852 0.000271297
 0.753843 0.0900009 0.118128 0.0371064 0.000921714
 0.721811 0.176058 0.0630433 0.0369309 0.00215725
 0.143369 0.312575 0.442814 0.0836902 0.0175525
 0.692698 0.0596174 0.167031 0.0765114 0.00414204
 0.394062 0.376323 0.152708 0.0712218 0.00568511
 0.125707 0.32114 0.495352 0.0537591 0.00404204
 0.23352 0.215282 0.420074 0.123614 0.00750983
 0.796117 0.104755 0.0508955 0.0450114 0.00322123
pf_pred 
 0.023192 0.287862 0.568518 0.120427 8.79532e-07
 0.819919 0.00783883 0.0524793 0.0988722 0.0208907
 0.0709439 0.843712 0.00393144 0.0248591 0.0565538
 0.850205 0.0206416 0.117931 0.000518548 0.0107032
 0.164969 0.792872 0.00631101 0.0327496 0.00309917
 0.997445 0.00112856 0.00136281 9.58303e-06 5.40655e-05
 0.0270559 0.971749 0.000544275 0.000621946 2.89566e-05
 0.0732514 0.0626537 0.863118 0.000445844 0.000530837
 0.977322 0.00361416 0.0013709 0.0176726 1.99237e-05
 0.164885 0.827026 0.00136539 0.000485135 0.00623887
 0.948504 0.0184577 0.0327468 4.9442e-05 0.00024224
 0.897788 0.0995934 0.000971514 0.00163287 1.44998e-05
 0.610701 0.371632 0.0172465 0.000156532 0.000264389
 0.785953 0.169474 0.0426862 0.00184179 4.47675e-05
 0.787079 0.196657 0.013143 0.00298923 0.000131378
 0.980236 0.0182369 0.00142144 8.57921e-05 2.02568e-05
 0.0458823 0.945206 0.00826043 0.000605828 4.50482e-05
 0.963209 0.00318301 0.0333099 0.000276016 2.16857e-05
 0.350302 0.637193 0.0011301 0.0112747 0.000100505
 0.181309 0.415951 0.395379 0.000666874 0.0066943
 0.882501 0.037423 0.0418296 0.0375496 0.000696829
 0.732544 0.251203 0.00537299 0.00569116 0.0051885
 0.0314384 0.818126 0.141761 0.00287351 0.00580117
 0.809505 0.0110017 0.152739 0.025215 0.00153878
 0.485836 0.458529 0.00336072 0.0444993 0.00777452
 0.17884 0.523669 0.2667 0.00186448 0.0289262
 0.847436 0.0448773 0.0698835 0.0339005 0.00390302
 0.726077 0.251034 0.00697783 0.0103353 0.00557567
 0.0642173 0.774788 0.148107 0.0039356 0.00895181
 0.0853974 0.100876 0.678779 0.12417 0.010778
 0.910371 0.0143738 0.00869723 0.055546 0.0110118
pobs_RECLAS
 0 0 0 0 0
 0 0 0 0 0
 0 0 0 0 0
 0 0 0 0 0
 0 0 0 0 0
 0 0 0 0 0
 0 0 0 0 0
 0 0 0 0 0
 0 0 0 0 0
 0 0 0 0 0
 0.991045 0.00858322 0.000360255 1.14367e-05 0
 0.934742 0.0480273 0.0164251 0.00080598 0
 0.827803 0.169806 0.00239088 0 0
 0.941827 0.0461693 0.0120037 0 0
 0.791401 0.0380133 0.147996 0.0225897 0
 0.846168 0.0940531 0.0597789 0 0
 0.134021 0.677848 0.182769 0.00536245 0
 0.80878 0.0450904 0.141981 0.00414843 0
 0.846168 0.0940531 0.0597789 0 0
 0.905697 0.0802665 0.012482 0.00150086 5.37128e-05
 0.989698 0.0102097 9.19794e-05 0 0
 0.975433 0.0193895 0.00387452 0.00125025 5.28907e-05
 0.303575 0.632131 0.0575291 0.00676475 0
 0.966965 0.00978017 0.0227588 0.000495775 0
 0.843318 0.132988 0.00938335 0.0141283 0.000182051
 0.564624 0.303363 0.111486 0.0197234 0.00080311
 0.826376 0.0876187 0.0782897 0.00655872 0.00115652
 0.89761 0.0855135 0.0140674 0.00269457 0.000114338
 0.34875 0.467042 0.161289 0.0227151 0.000203297
 0.318654 0.224769 0.449479 0.00709798 0
 0.937255 0.0296025 0.0250945 0.00804832 0
ppred_RECLAS
 0.0415891 0.290896 0.551049 0.116465 8.50495e-07
 0.896219 0.0047197 0.0302329 0.056824 0.0120048
 0.122273 0.800444 0.00356848 0.0225103 0.0512041
 0.924221 0.0109721 0.059193 0.000259465 0.00535468
 0.311465 0.656091 0.00487231 0.0251884 0.00238316
 0.998617 0.000625996 0.000723743 5.0773e-06 2.86415e-05
 0.0513241 0.947571 0.000503942 0.000574244 2.67317e-05
 0.133153 0.0612161 0.804723 0.000414629 0.000493607
 0.988122 0.0019719 0.000714052 0.00918201 1.03503e-05
 0.283536 0.709909 0.00110925 0.00039295 0.00505257
 0.971505 0.0104986 0.0178376 2.6869e-05 0.000131628
 0.943289 0.0553276 0.000514074 0.000861758 7.65133e-06
 0.748521 0.240587 0.0106335 9.62571e-05 0.000162559
 0.88597 0.0913914 0.0216836 0.000932554 2.26632e-05
 0.886058 0.105713 0.00665376 0.0015084 6.62833e-05
 0.98916 0.0100364 0.000747665 4.50158e-05 1.06275e-05
 0.0796711 0.912095 0.00763416 0.000558596 4.1531e-05
 0.979736 0.00182143 0.0182794 0.000151128 1.18722e-05
 0.490804 0.499813 0.000849662 0.00845752 7.53827e-05
 0.291283 0.36791 0.334594 0.000563006 0.00565093
 0.933067 0.0219681 0.0235147 0.0210595 0.000390764
 0.831861 0.158344 0.00324328 0.00342733 0.00312424
 0.0549607 0.803409 0.133481 0.00269956 0.00544934
 0.887054 0.00678682 0.0903659 0.0148846 0.000908244
 0.627677 0.333587 0.00234495 0.0309797 0.00541186
 0.282515 0.464526 0.226833 0.00158218 0.0245436
 0.91096 0.0269977 0.0402947 0.0195024 0.00224507
 0.824685 0.161232 0.0043002 0.00635513 0.00342806
 0.108663 0.743157 0.136343 0.00361499 0.00822161
 0.14826 0.0976182 0.6293 0.114854 0.00996808
 0.950476 0.00825651 0.00477943 0.0304517 0.00603621
pobs_PELACES
 0 0 0 0 0
 0 0 0 0 0
 0 0 0 0 0
 0 0 0 0 0
 0 0 0 0 0
 0 0 0 0 0
 0 0 0 0 0
 0 0 0 0 0
 0 0 0 0 0
 0 0 0 0 0
 0 0 0 0 0
 0 0 0 0 0
 0 0 0 0 0
 0 0 0 0 0
 0 0 0 0 0
 0 0 0 0 0
 0.505614 0.472636 0.0217494 0 0
 0 0 0 0 0
 0.443492 0.261883 0.143347 0.151278 0
 0.227955 0.32914 0.350689 0.0885471 0.00366901
 0.970185 0.0296113 0.000203453 0 0
 0.997202 0.00247181 0.000326279 0 0
 0.445219 0.490057 0.0546422 0.010081 0
 0.90214 0.0892962 0.00764917 0.000914606 0
 0 0 0 0 0
 0.581667 0.319106 0.0959925 0.00289975 0.000334073
 0.762889 0.0836404 0.116647 0.0363945 0.000428098
 0.88444 0.0763242 0.0277011 0.0115352 0
 0.521256 0.241999 0.230069 0.00667565 0
 0.616807 0.101726 0.260614 0.0208532 0
 0.833518 0.0704572 0.0857862 0.0102388 0
ppred_PELACES
 0.0436996 0.291203 0.549077 0.116019 8.47225e-07
 0.90599 0.00431618 0.027384 0.0514423 0.0108676
 0.133705 0.790729 0.00349104 0.0220101 0.0500648
 0.942461 0.00851968 0.0447784 0.000195999 0.00404461
 0.400352 0.57242 0.0040961 0.0211325 0.0019992
 0.998739 0.000573121 0.000657028 4.60713e-06 2.59886e-05
 0.0625888 0.936342 0.000488039 0.000555508 2.5858e-05
 0.152366 0.060633 0.786114 0.000404734 0.000481808
 0.989752 0.00172103 0.000615042 0.00790311 8.9083e-06
 0.336519 0.657559 0.00100334 0.00035497 0.00456391
 0.973854 0.00968202 0.0163193 2.45712e-05 0.000120368
 0.951759 0.0470829 0.000430392 0.000720834 6.39979e-06
 0.779599 0.211004 0.00917373 8.29681e-05 0.00014011
 0.913188 0.0699677 0.0161345 0.000692818 1.68357e-05
 0.913139 0.0807546 0.00493915 0.00111794 4.91212e-05
 0.990375 0.00891959 0.000656929 3.95279e-05 9.33161e-06
 0.0858883 0.905997 0.00752392 0.000550293 4.09127e-05
 0.980846 0.00172964 0.0172706 0.000142748 1.12137e-05
 0.507073 0.483902 0.000817513 0.00813473 7.25044e-05
 0.313608 0.357982 0.322425 0.000542242 0.00544237
 0.938438 0.0203172 0.0215737 0.0193127 0.000358343
 0.843393 0.147556 0.002998 0.00316672 0.00288661
 0.058027 0.801455 0.132435 0.00267761 0.00540494
 0.892518 0.00648852 0.0859724 0.0141571 0.000863842
 0.639493 0.32317 0.00226079 0.02986 0.00521618
 0.29474 0.457504 0.222175 0.00154923 0.024032
 0.916503 0.0254307 0.0377173 0.0182486 0.0021007
 0.830284 0.156131 0.00414866 0.00612993 0.00330655
 0.111834 0.74089 0.135513 0.0035924 0.00817015
 0.158862 0.0970248 0.620989 0.113292 0.00983233
 0.955454 0.00749058 0.00429368 0.027342 0.00541964
pobs_pel_tallas
 0 0 0 0 0 0 0 0 0 0 0 0 0 0 0 0 0 0 0 0 0 0 0 0 0 0
 0 0 0 0 0 0 0 0 0 0 0 0 0 0 0 0 0 0 0 0 0 0 0 0 0 0
 0 0 0 0 0 0 0 0 0 0 0 0 0 0 0 0 0 0 0 0 0 0 0 0 0 0
 0 0 0 0 0 0 0 0 0 0 0 0 0 0 0 0 0 0 0 0 0 0 0 0 0 0
 0 0 0 0 0 0 0 0 0 0 0 0 0 0 0 0 0 0 0 0 0 0 0 0 0 0
 0 0 0 0 0 0 0 0 0 0 0 0 0 0 0 0 0 0 0 0 0 0 0 0 0 0
 0 0 0 0 0 0 0 0 0 0 0 0 0 0 0 0 0 0 0 0 0 0 0 0 0 0
 0 0 0 0 0 0 0 0 0 0 0 0 0 0 0 0 0 0 0 0 0 0 0 0 0 0
 0 0 0 0 0 0 0 0 0 0 0 0 0 0 0 0 0 0 0 0 0 0 0 0 0 0
 0 0 0 0 0 0 0 0 0 0 0 0 0 0 0 0 0 0 0 0 0 0 0 0 0 0
 0 0 0 0 0 0 0 0 0 0 0 0 0 0 0 0 0 0 0 0 0 0 0 0 0 0
 0 0 0 0 0 0 0 0 0 0 0 0 0 0 0 0 0 0 0 0 0 0 0 0 0 0
 0.00862536 0 0 0.000197151 0.00414017 0.0128641 0.00837892 0.0270097 0.101434 0.158115 0.152841 0.127902 0.109271 0.109419 0.0830992 0.0579132 0.0238553 0.00714673 0.00463305 0.00128148 0.00103504 0.000492878 0.000147863 0.000147863 4.92878e-05 0
 0 0 0 0 0 0 0 0 0 0 0 0 0 0 0 0 0 0 0 0 0 0 0 0 0 0
 0 0 0 0 0 0 0 0.0054083 0.00873648 0.0413646 0.0450493 0.0745869 0.0622846 0.0627006 0.0613931 0.0827291 0.12552 0.122667 0.0946155 0.0697135 0.0546179 0.0294188 0.0215738 0.0213955 0.0102223 0.00600262
 0 0 0 0 0.00359764 0.0251062 0.0480494 0.140153 0.205849 0.193036 0.1447 0.116669 0.0760912 0.0342217 0.00950174 0.001854 0.000860785 0 0 0 0.000165536 0 0.000143464 0 0 0
 0 0 0 0 0 0 0 0.000145254 0.000435761 0.0275982 0.070085 0.0708112 0.156366 0.174668 0.174014 0.160142 0.0824315 0.0480064 0.0283245 0.00493863 0.00203355 0 0 0 0 0
 0 0 0 0 0 0 0 0 0 0 0 0 0 0 0 0 0 0 0 0 0 0 0 0 0 0
 0 0 1.00437e-05 0.000401748 0.00122533 0.00171747 0.00176769 0.0269171 0.070346 0.194647 0.189555 0.159765 0.064822 0.0314167 0.0384472 0.0292271 0.0345202 0.0313363 0.0194345 0.0106764 0.0143323 0.0359363 0.0279516 0.0138201 0.00172751 0
 0 0.0021121 0.0136068 0.0755702 0.200478 0.177729 0.0527432 0.0373336 0.0318909 0.0142505 0.0149659 0.0166563 0.0217959 0.0798694 0.0677717 0.0528807 0.04013 0.0224614 0.0357745 0.0225083 0.00881397 0.00855152 0.00135912 0.000746735 0 0
 0 0 0 0 5.4009e-05 0.00500934 0.000945158 0.0243581 0.138947 0.33067 0.221406 0.137944 0.0707744 0.0437923 0.0131692 0.00525238 0.0047753 0.00276346 9.45158e-05 9.00151e-06 2.25038e-05 9.00151e-06 4.50075e-06 0 0 0
 0.000866109 0.00284123 0.00948549 0.0512746 0.133035 0.25785 0.225252 0.132002 0.0553304 0.0519788 0.0540692 0.017754 0.00435017 0.00159236 0.00146478 0.000404838 0.000125132 0.000115318 0.000107957 0.000100596 0 0 0 0 0 0
 0 0 0 0 0.00144013 0.00171154 0.00461396 0.0210425 0.0478622 0.0707936 0.0888783 0.103762 0.0637923 0.0337046 0.0602308 0.124433 0.169614 0.0934646 0.0462172 0.0250306 0.0313229 0.00938855 0.002487 0.000210481 0 0
 0 0.00764035 0.051015 0.0998891 0.058973 0.0496711 0.0374665 0.0718981 0.12319 0.153886 0.159021 0.0857701 0.0377988 0.023471 0.0147837 0.00900784 0.00315554 0.000888139 0.00291439 0.00214683 0.00393193 0.00274676 0.000635225 9.99891e-05 0 0
 0 0 0 0 0 0 0 0 0 0 0 0 0 0 0 0 0 0 0 0 0 0 0 0 0 0
 0 0 0 0 0 0 0 0 0 0 0 0 0 0 0 0 0 0 0 0 0 0 0 0 0 0
 0 0 0 0 0 0 0 0 0 0 0 0 0 0 0 0 0 0 0 0 0 0 0 0 0 0
 0 0 0 0 0 0 0 0 0 0 0 0 0 0 0 0 0 0 0 0 0 0 0 0 0 0
 0 0 0 0 0 0 0 0 0 0 0 0 0 0 0 0 0 0 0 0 0 0 0 0 0 0
 0 0 0 0 0 0 0 0 0 0 0 0 0 0 0 0 0 0 0 0 0 0 0 0 0 0
 0 0 0 0 0 0 0 0 0 0 0 0 0 0 0 0 0 0 0 0 0 0 0 0 0 0
ppred_pel_tallas
 1.27555e-16 3.59954e-06 3.49888e-05 0.000232514 0.00105699 0.00328886 0.00700832 0.0102349 0.0102638 0.00714986 0.0037665 0.00244713 0.00376178 0.00787142 0.015274 0.0262586 0.0401942 0.0555004 0.0704261 0.0839808 0.0960714 0.106611 0.114487 0.11755 0.113787 0.10274
 1.0779e-16 7.46252e-05 0.000725384 0.00482043 0.021913 0.0681794 0.145263 0.212016 0.212017 0.145266 0.0681875 0.0219373 0.00488481 0.000877155 0.000396862 0.000630237 0.00112601 0.00191304 0.00309991 0.00480302 0.00708434 0.00986911 0.0128863 0.0156841 0.0177367 0.0186087
 1.10983e-16 1.10133e-05 0.000107053 0.000711408 0.003234 0.0100626 0.0214422 0.0313115 0.0313876 0.0218138 0.0113097 0.00683396 0.00974031 0.0197927 0.0373265 0.0615084 0.0881871 0.110051 0.119699 0.113827 0.0953231 0.0715044 0.049917 0.0348777 0.0267259 0.0232949
 1.01999e-16 7.76293e-05 0.000754584 0.00501448 0.0227951 0.070924 0.151111 0.220551 0.220552 0.151115 0.0709389 0.022839 0.00512788 0.00101295 0.000599888 0.000951116 0.00155384 0.00235179 0.00333201 0.00446984 0.00569987 0.00688232 0.00780314 0.00823678 0.00804673 0.00725825
 1.02723e-16 3.29766e-05 0.000320545 0.00213013 0.00968331 0.0301287 0.0641944 0.0937051 0.0937601 0.0644633 0.0310314 0.0122891 0.00866546 0.0145685 0.0270378 0.0445045 0.0637769 0.0795155 0.0863158 0.0817186 0.0677344 0.0495898 0.0327253 0.0203334 0.0128378 0.00893715
 1.00025e-16 8.22648e-05 0.000799643 0.00531391 0.0241563 0.0751591 0.160134 0.233721 0.233721 0.160135 0.07516 0.024159 0.00532069 0.000814575 0.000111031 5.44e-05 7.27747e-05 9.6276e-05 0.000115486 0.000127759 0.000133598 0.000134993 0.000133124 0.000127388 0.00011646 0.000100104
 1.00314e-16 5.15555e-06 5.01139e-05 0.000333029 0.00151396 0.00471096 0.0100405 0.0146733 0.0147633 0.0104803 0.0061871 0.00577477 0.0110177 0.0233398 0.0441334 0.0726827 0.104067 0.12953 0.140158 0.131848 0.107839 0.0767048 0.0474716 0.0255957 0.012064 0.00501644
 1.22824e-16 1.25502e-05 0.000121992 0.000810683 0.00368525 0.0114662 0.0244303 0.0356581 0.0356652 0.0244652 0.0115871 0.00404966 0.00178266 0.00243282 0.00495305 0.00960168 0.0171515 0.0284465 0.044064 0.0637978 0.0860119 0.107308 0.12308 0.129085 0.123311 0.107022
 1.00813e-16 8.15246e-05 0.000792448 0.00526609 0.0239389 0.0744828 0.158693 0.231618 0.231618 0.158694 0.0744856 0.023947 0.00528669 0.000838129 0.000170559 0.00015935 0.000237947 0.000336664 0.000449811 0.000586382 0.000763856 0.000995454 0.00127353 0.00156092 0.00179819 0.00192465
 1.01006e-16 2.77188e-05 0.000269436 0.0017905 0.0081394 0.025325 0.05396 0.0787695 0.0788327 0.0542689 0.0263617 0.0111318 0.00929444 0.0166264 0.0310213 0.051054 0.0731053 0.0910134 0.0985246 0.0927684 0.0760294 0.0543326 0.0340133 0.0188852 0.00961058 0.00484445
 1.00497e-16 8.0215e-05 0.000779719 0.00518151 0.0235544 0.0732864 0.156144 0.227898 0.227899 0.156149 0.0733022 0.0236003 0.00529781 0.00103722 0.000579805 0.000858932 0.00129285 0.00175659 0.00217729 0.00251381 0.00276161 0.00292749 0.00299706 0.0029309 0.00269535 0.00229888
 1.00098e-16 7.83952e-05 0.000762029 0.00506395 0.02302 0.0716238 0.152602 0.222728 0.222733 0.152624 0.071698 0.0232343 0.00560143 0.00193374 0.00229896 0.00366421 0.00524187 0.00653093 0.00708025 0.00668484 0.00550776 0.0039781 0.00254531 0.00147756 0.000818131 0.000469062
 1.00351e-16 6.42146e-05 0.000624189 0.00414795 0.018856 0.0586681 0.124999 0.182445 0.182465 0.125099 0.0590011 0.0198172 0.00655897 0.00588178 0.0100325 0.0164399 0.0235718 0.0294213 0.0319889 0.0303509 0.0252164 0.0184717 0.0120914 0.00725188 0.00415109 0.00238506
 1.00556e-16 7.52181e-05 0.000731147 0.00485873 0.0220871 0.0687211 0.146418 0.213703 0.213709 0.146451 0.068832 0.0224073 0.00566293 0.00248808 0.00341585 0.00553799 0.00799294 0.0100966 0.0112032 0.0110086 0.00971793 0.00789101 0.00609444 0.0046382 0.00354863 0.00271033
 1.00284e-16 7.52141e-05 0.000731108 0.00485847 0.0220859 0.0687175 0.14641 0.213691 0.213699 0.146448 0.0688449 0.0224539 0.00578181 0.00274503 0.00389489 0.00630649 0.00904562 0.0113078 0.0123288 0.0117573 0.00986319 0.0073612 0.00499486 0.00320006 0.00204064 0.00135656
 1.00027e-16 8.15758e-05 0.000792946 0.00526941 0.023954 0.0745297 0.158793 0.231764 0.231765 0.158798 0.0745437 0.0239946 0.00537143 0.00101548 0.000503701 0.000702247 0.00100044 0.00125097 0.00136501 0.00130338 0.00109546 0.000819666 0.000557589 0.000357176 0.000225795 0.000146549
 1.00511e-16 7.07469e-06 6.87686e-05 0.000456996 0.00207749 0.00646431 0.0137761 0.0201249 0.020212 0.0142017 0.00789284 0.00620101 0.0107979 0.0226109 0.0427239 0.0703712 0.100787 0.125512 0.13593 0.128071 0.105055 0.0751389 0.0470124 0.0259131 0.0127769 0.00581637
 1.00516e-16 8.0791e-05 0.000785317 0.00521871 0.0237235 0.0738126 0.157265 0.229534 0.229534 0.157266 0.0738159 0.0237333 0.00524461 0.000846011 0.000208174 0.000247737 0.000421914 0.000681363 0.00103036 0.00146268 0.00194396 0.00240319 0.00274269 0.00287079 0.0027427 0.00238444
 1.00976e-16 4.1767e-05 0.00040599 0.00269795 0.0122645 0.0381597 0.0813051 0.118677 0.118723 0.0815324 0.0389227 0.0144668 0.00822074 0.0124449 0.0228551 0.0375849 0.0538275 0.0670383 0.0726233 0.068479 0.0562913 0.0404881 0.0257111 0.0147331 0.00800308 0.00450243
 1.10372e-16 2.58316e-05 0.000251092 0.0016686 0.00758522 0.0236006 0.0502849 0.0733996 0.0734345 0.0504557 0.0241754 0.00925058 0.00586868 0.0094852 0.0177535 0.0298032 0.0440727 0.0577841 0.0680101 0.073219 0.0739058 0.071737 0.068036 0.0629866 0.0560801 0.0471259
 1.02626e-16 7.72979e-05 0.000751363 0.00499307 0.0226978 0.0706212 0.150466 0.21961 0.219612 0.150476 0.0706541 0.0227932 0.00523441 0.00128427 0.00110749 0.00175677 0.00263841 0.00356557 0.00440831 0.00512061 0.00575461 0.0063898 0.00703042 0.0075613 0.00779927 0.00759662
 1.00931e-16 6.94692e-05 0.000675265 0.00448738 0.020399 0.0634688 0.135228 0.197372 0.197386 0.135297 0.0637016 0.0210709 0.00617263 0.00434977 0.00703512 0.0114869 0.0164625 0.0205398 0.0223245 0.0211833 0.017632 0.0130122 0.00871942 0.00557044 0.00367124 0.00268568
 1.0521e-16 4.77978e-06 4.64612e-05 0.000308755 0.0014036 0.00436754 0.00930836 0.013602 0.0136793 0.00968592 0.00563533 0.00506562 0.00950176 0.0201174 0.0381301 0.0630455 0.090851 0.1143 0.125967 0.122369 0.105986 0.0834989 0.0617592 0.0446361 0.0325754 0.024155
 1.04049e-16 7.35155e-05 0.000714597 0.00474875 0.0215871 0.0671656 0.143103 0.208864 0.208864 0.143107 0.0671787 0.0216267 0.00485478 0.00096792 0.000618748 0.00107406 0.00193102 0.0032451 0.00510407 0.00751749 0.0103311 0.0131743 0.0155061 0.0167812 0.0166676 0.0151929
 1.04026e-16 5.26742e-05 0.000512012 0.0034025 0.0154673 0.0481247 0.102536 0.149661 0.149692 0.102688 0.0486345 0.016939 0.00709402 0.0085617 0.0153149 0.0251699 0.0361057 0.045108 0.049164 0.0469324 0.039588 0.0300904 0.0214656 0.0154049 0.0119859 0.0103056
 1.10751e-16 2.42774e-05 0.000235985 0.00156821 0.00712887 0.0221808 0.0472601 0.0689868 0.0690312 0.0474769 0.0229093 0.00923613 0.00686931 0.0118465 0.0221864 0.03693 0.0538693 0.0691368 0.0787436 0.080759 0.0763059 0.0685008 0.0602852 0.0529468 0.0462186 0.0393632
 1.03281e-16 7.54911e-05 0.000733801 0.00487636 0.0221672 0.0689705 0.146949 0.214477 0.21448 0.146961 0.069012 0.0222877 0.0051818 0.00141037 0.00138943 0.0022541 0.00342084 0.00468602 0.00589576 0.00698454 0.00798683 0.00895086 0.00982631 0.010434 0.0105504 0.0100387
 1.01335e-16 6.83894e-05 0.000664769 0.00441763 0.0200819 0.0624823 0.133126 0.194304 0.194319 0.133199 0.0627287 0.0207931 0.00620144 0.00455466 0.00744378 0.0121662 0.0174465 0.0217894 0.0237271 0.022596 0.0189448 0.0141889 0.00979113 0.00659408 0.00468473 0.00368638
 1.05843e-16 9.21174e-06 8.95415e-05 0.000595038 0.002705 0.00841664 0.0179352 0.0261919 0.0262634 0.0182843 0.00958907 0.00609184 0.00909828 0.018658 0.0352906 0.0583694 0.0841743 0.106031 0.117101 0.114176 0.0995255 0.0792683 0.0596471 0.0441468 0.0331159 0.0252269
 1.30971e-16 1.30853e-05 0.000127194 0.000845248 0.00384238 0.0119551 0.025472 0.0371793 0.0371897 0.025523 0.012129 0.0043571 0.00218467 0.00320826 0.00632565 0.0116421 0.0195851 0.0305188 0.0446574 0.0618831 0.0812823 0.100645 0.116519 0.125186 0.124196 0.113533
 1.03786e-16 7.86995e-05 0.000764987 0.00508361 0.0231093 0.0719017 0.153194 0.223592 0.223592 0.153198 0.0719139 0.0231448 0.00517345 0.000964368 0.000467506 0.000676736 0.0010391 0.00147126 0.00196341 0.00255298 0.00331409 0.00430558 0.00550128 0.00675234 0.00781426 0.00843015
pSPR Fmed_Fpbrs
0.362656   0.276091 0.276091
Fs Fmed_Fpbrs
0.745442   1.005 1.005
SSBpbr Bo_Bmed_Bpbrs
1.56926e+06  490640  354797 354797
Ro
47021
SPR SPRFo_SPRFmed_SPRFpbrs
335618 121714 92661.3
Fref
1.005
Nvult_r0
 117597 1295.52 766.012 4886.23 968.618
CTP_r0
 34526.1 545.132 329.845 2106.6 417.627
YTP_r0
390980
Np
 124972 26496.3 5293.56 37.841 24.4345
Nvult_p0
 98475.6 22776.1 4579.1 32.7447 21.1441
CTP_p0
 34987.4 15901.2 121.428 69.3505 517.651
 34987.4 11174.9 2292.65 16.4122 10.5984
YTP_p0
 533585 491035
CBA_c0
520820
log_Ro
10.5784
likeval ReclasPelacesDesembMPH_pf_preclas_ppelaces_ptallas_desvR_qrecl_qpela
 19.7087 83.456 0.239359 0.00160469 353.775 135.987 123.07 0 149.369 2.41739e-05 0 0.0919445 0 0 0
q_reclas_q_pelaces
2.00715 1
M
1
N
 3866.9 29107.1 55526.9 11740.3 0.0857357
 190712 1169.02 7598.08 14292.3 3019.57
 6121.94 46744.9 211.489 1335.18 3037.24
 83176 1492.24 8375.14 36.7911 759.36
 2676.91 10142.8 79.6799 413.195 39.1001
 285880 204.883 239.932 1.68439 9.50215
 2895.25 73517.4 40.3101 46.0106 2.14203
 793.872 454.207 6097.22 3.14518 3.74449
 66181.8 162.719 60.1123 773.833 0.87234
 3822.67 13934.7 22.5708 8.01148 103.023
 42001.4 515.021 885.694 1.33502 6.5403
 145169 11021.3 104.966 176.196 1.56451
 64229.7 26786 1213.79 11.0026 18.5825
 72747.9 11775.7 2917.1 125.754 3.0565
 42712.8 8021.4 527.298 119.824 5.26603
 384282 4670.79 354.023 21.3355 5.03722
 6730.14 87221.1 738.755 54.0904 4.0217
 882333 1777.07 17971.6 148.645 11.6774
 233192 262034 449.666 4478.28 39.9165
 44780.9 65934.5 60850.9 102.474 1028.58
 408936 10932.4 11845.3 10615.6 196.983
 495170 107102 2220.73 2348.33 2140.73
 8125.55 129439 21683.2 438.724 885.631
 287348 2375.42 31863.9 5250.58 320.393
 149829 85944.1 608.576 8043.29 1405.11
 25049.4 44942.9 22130.3 154.432 2395.68
 222842 7297.29 10995.9 5324.76 612.992
 302720 62778.7 1683.84 2489.27 1342.78
 13253.7 95119.7 17531.8 464.956 1057.47
 5808.87 4286.11 27933.6 5101.22 442.746
 155300 1575.89 925.911 5904.18 1170.39
pred_Ctot
 442.663 5494.4 10851.2 2298.59 0.0167875
 41576.4 397.491 2661.12 5013.61 1059.32
 1349.95 16054.5 74.8089 473.028 1076.13
 38324.7 930.462 5315.99 23.3746 482.47
 1510.14 7258.03 57.7717 299.793 28.3701
 55989.7 63.3497 76.4989 0.537925 3.03486
 1123.18 40340.4 22.5946 25.819 1.20208
 232.923 199.224 2744.52 1.41768 1.68794
 18712.9 69.2006 26.2487 338.378 0.381482
 1657.54 8313.84 13.7259 4.87692 62.7175
 7823.91 152.252 270.118 0.407831 1.99816
 48334.4 5361.84 52.3037 87.9093 0.780631
 21533.7 13104 608.124 5.51944 9.32252
 35370.6 7626.93 1921.03 82.8871 2.01469
 20853.1 5210.28 348.214 79.1975 3.48075
 96740.7 1799.83 140.284 8.46693 1.99917
 1233.51 25411.1 222.075 16.2872 1.21108
 109384 361.47 3782.75 31.3449 2.46268
 34849.8 63391.1 112.428 1121.67 9.99874
 9843.31 22582 21465.2 36.2047 363.435
 76547 3246.02 3628.25 3257.01 60.442
 93142 31940.1 683.168 723.623 659.711
 1074.61 27964.9 4845.63 98.2213 198.293
 34540.1 469.42 6517.09 1075.88 65.6569
 17778.8 16779.5 122.983 1628.42 284.503
 3358.64 9834.6 5008.68 35.0153 543.239
 33715.6 1785.46 2780.34 1348.75 155.283
 28274.9 9775.75 271.73 402.476 217.128
 1023.94 12354 2361.57 62.753 142.736
 988.247 1167.37 7855.04 1436.94 124.726
 34526.1 545.132 329.845 2106.6 417.627
F
 0.196284 0.343086 0.357145 0.357916 0.357957
 0.406058 0.70975 0.738833 0.74043 0.740514
 0.4116 0.719438 0.748918 0.750536 0.750622
 1.10419 1.93002 2.0091 2.01344 2.01367
 1.56998 2.74417 2.85661 2.86279 2.86311
 0.358051 0.625839 0.651484 0.652892 0.652966
 0.852272 1.48969 1.55073 1.55408 1.55426
 0.584895 1.02234 1.06423 1.06653 1.06665
 0.558023 0.975371 1.01534 1.01753 1.01765
 1.0045 1.75577 1.82771 1.83166 1.83187
 0.337875 0.590573 0.614772 0.616101 0.616171
 0.690017 1.20608 1.2555 1.25822 1.25836
 0.696428 1.21729 1.26717 1.26991 1.27005
 1.20489 2.10603 2.19232 2.19706 2.19731
 1.21317 2.12051 2.2074 2.21217 2.21242
 0.482931 0.844116 0.878705 0.880604 0.880704
 0.331629 0.579655 0.603407 0.604711 0.60478
 0.214095 0.374217 0.389551 0.390393 0.390438
 0.2632 0.460049 0.4789 0.479935 0.47999
 0.41005 0.716728 0.746097 0.747709 0.747794
 0.339776 0.593895 0.618231 0.619567 0.619638
 0.341693 0.597247 0.62172 0.623064 0.623135
 0.229839 0.401736 0.418197 0.419101 0.419149
 0.206996 0.361809 0.376635 0.377449 0.377492
 0.204102 0.356751 0.371369 0.372172 0.372214
 0.233346 0.407866 0.424579 0.425496 0.425545
 0.266848 0.466424 0.485536 0.486586 0.486641
 0.157673 0.275598 0.286891 0.287511 0.287544
 0.1289 0.225305 0.234538 0.235044 0.235071
 0.304569 0.532357 0.554171 0.555369 0.555432
 0.415623 0.726468 0.756236 0.757871 0.757957
YTP_r0W_actual
 286567 7686.36 9103.72 72045.7 15577.5
YTP_p0W_proyectada
 262055 249172 2808.63 2036.82 17512.1
 262055 175110 53029 482.026 358.544
CTP_r0_actual
 34526.1 545.132 329.845 2106.6 417.627
CTP_p0_proyectada
 34987.4 15901.2 121.428 69.3505 517.651
 34987.4 11174.9 2292.65 16.4122 10.5984
Wmedp
 7.49 15.67 23.13 29.37 33.83
Frms_r0
 0.415623 0.726468 0.756236 0.757871 0.757957
Zrms_r0
 1.41562 1.72647 1.75624 1.75787 1.75796
nmprior
 8.19 8.8 8.5 0
nm_flota  nm_reclas  nm_pelaces    nm_pelaL
inf 8.79385 5.35407 8.85705
cv_recla  cv_pelaces  cv_mph
0.401563 1.03586 1.23624
 ------------------------------------------------
Talla a la edad & desviaci?n 
 8 13.2811 15.8009 17.003 17.5766
 0.8 1.32811 1.58009 1.7003 1.75766
