    unsorted:	 2.362915663e-06 2.279324672e-06 5.970766246e-05 5.193672339e-05 3.955402222e-05 8.834183075e-05 0.001099993171 13.55071398 64.91134988 168.9629398 151.5499683 237.1349812 276.5266520 347.1272798 529.1119957 651.4712725 801.7769636 852.5038235 875.7748233 932.7838043 1060.510286 1163.562806 1192.913945 1245.962832 1481.967218 1507.875306 1920.379802 1981.332787 2033.132487 2154.249994 2364.703446 2433.914836 2529.975591 2599.458947 2637.628238 2844.384682 3279.960306 3268.529920 3198.611276 3859.061934 3999.401658 4323.556802 5774.392365 9232.148226 38944.64020 158326.2005 409331.8878 403710.0547 398498.1722 392170.1768 377396.5175 359338.6839 452158.3732 447452.3121 464046.8722 467170.9383 321719.3399 547500.4186 580991.5751 595861.0207 635081.9343 673828.3842 854987.1574 907924.4445 1045702.584 1100504.040 1362779.087 1395092.626 1565500.366 1694901.854 2302653.359 2361902.951 2565019.595 2693420.960 2897239.085 3115719.407 3719903.807
      sorted:	 2.279324672e-06 2.362915663e-06 3.955402222e-05 5.193672339e-05 5.970766246e-05 8.834183075e-05 0.001099993171 13.55071398 64.91134988 151.5499683 168.9629398 237.1349812 276.5266520 347.1272798 529.1119957 651.4712725 801.7769636 852.5038235 875.7748233 932.7838043 1060.510286 1163.562806 1192.913945 1245.962832 1481.967218 1507.875306 1920.379802 1981.332787 2033.132487 2154.249994 2364.703446 2433.914836 2529.975591 2599.458947 2637.628238 2844.384682 3198.611276 3268.529920 3279.960306 3859.061934 3999.401658 4323.556802 5774.392365 9232.148226 38944.64020 158326.2005 321719.3399 359338.6839 377396.5175 392170.1768 398498.1722 403710.0547 409331.8878 447452.3121 452158.3732 464046.8722 467170.9383 547500.4186 580991.5751 595861.0207 635081.9343 673828.3842 854987.1574 907924.4445 1045702.584 1100504.040 1362779.087 1395092.626 1565500.366 1694901.854 2302653.359 2361902.951 2565019.595 2693420.960 2897239.085 3115719.407 3719903.807
