years
 1991 1992 1993 1994 1995 1996 1997 1998 1999 2000 2001 2002 2003 2004 2005 2006 2007 2008 2009 2010 2011 2012 2013 2014 2015 2016 2017 2018 2019 2020 2021
reclasobs
 0 0 0 0 0 0 0 0 0 252601 567819 844713 477998 351125 339783 2.1784e+06 2.13404e+06 4.81314e+06 1.55562e+06 2.62356e+06 3.21686e+06 3.843e+06 1.13348e+06 3.07943e+06 1.97215e+06 2.03268e+06 2.025e+06 2.42433e+06 2.27542e+06 1.05018e+06 2.36338e+06
reclaspred
 4.00458e+06 1.83168e+06 929836 703176 468813 2.52599e+06 1.29431e+06 835786 540842 261751 475373 791345 780818 554813 452935 1.57739e+06 1.00467e+06 3.8438e+06 2.93886e+06 1.94754e+06 3.19044e+06 2.84063e+06 1.75631e+06 3.14397e+06 2.24868e+06 1.75954e+06 2.2916e+06 2.90435e+06 2.21219e+06 948491 1.62461e+06
pelacesobs
 0 0 0 0 0 0 0 0 0 0 0 0 0 0 0 552880 188675 0 991730 2.46772e+06 1.41603e+06 1.21717e+06 2.29649e+06 1.80582e+06 0 1.4828e+06 1.56532e+06 1.57751e+06 1.42118e+06 867257 1.10002e+06
pelacespred
 3.12873e+06 1.3288e+06 560616 291558 245108 1.33656e+06 702536 647436 307361 106246 252348 344010 388348 250826 203436 640314 500447 2.02204e+06 1.68935e+06 988907 1.64181e+06 1.45591e+06 1.08573e+06 1.93907e+06 1.46494e+06 1.18046e+06 1.55111e+06 1.95948e+06 1.53344e+06 680299 898343
mphobs
 0 0 0 0 0 0 0 0 0 0 0 498337 0 5186 125008 0 168611 109162 213762 579715 649985 157893 87575 83554 0 0 0 0 0 0 0
mphpred
 718751 382825 146961 90863.1 57399.5 54047.8 297222 113686 78609.9 36172.2 15970.3 62185.3 71641.9 54184.3 28182.5 31937.2 175554 92522.7 422320 239295 233035 286038 303310 175591 340090 254436 173634 225530 399758 203007 75131.8
desembarqueobs
 494567 514787 250237 358949 120608 361735 552515 73892 212993 205616 52469 317467 293654 387597 252695 516296 358380 742168 942051 627588 828172 859565 418607 520667 417249 300574 415391 372974 316634 284311 391294
desembarquepred
 494513 514590 249979 358850 120585 361616 552138 73886.6 212927 205538 52464.5 317334 293482 387163 252505 515962 358314 741683 941032 626779 827974 858966 418417 520520 417028 300447 415209 372791 316459 284109 391168
Reclutas
 91520 81487.1 101403 70124.7 39827.1 256217 49424.7 15974.4 26398.1 35642.4 51154.8 107220 86982.8 67040.3 47280.6 262976 32601.5 454755 239884 198262 243483 387707 44355.4 187237 145463 53024.9 147336 178321 41692.2 26427.7 128318
log_desv_Rt
 0.0299723 -0.0861401 0.132522 -0.23631 -0.802038 1.05944 -0.586135 -1.7156 -1.21329 -0.913048 -0.551728 0.188299 -0.0208748 -0.28129 -0.630485 1.08548 -1.00223 1.63317 0.993572 0.803006 1.00846 1.47367 -0.694351 0.745791 0.493335 -0.515824 0.506134 0.696998 -0.75627 -1.21217 0.367928
SSB
 1.13539e+06 604736 232150 143534 90672.1 85377.5 469512 179587 124177 57140.1 25227.8 98232.2 113170 85593.1 44519 50450.1 277318 146155 667124 378006 368118 451845 479129 277375 537229 401925 274284 356262 631485 320683 118683
BT
 1.63879e+06 1.05118e+06 475062 432539 221191 1.23673e+06 796042 369419 368473 256308 210703 474775 500985 563324 386765 860563 518496 2.05733e+06 1.80811e+06 1.06083e+06 1.69062e+06 1.59329e+06 857830 1.70693e+06 1.10185e+06 833304 1.37386e+06 1.55594e+06 920038 564983 956039
Ftot
 0.396973 0.871898 0.87554 1.56115 0.854021 0.559311 1.23554 0.296433 1.27942 2.2893 0.430818 1.35898 1.26529 2.17155 1.87763 1.22583 1.08054 0.74288 1.04327 1.08082 0.903221 1.04361 0.745769 0.615678 0.621614 0.562213 0.661153 0.476797 0.450296 0.92057 0.896063
BD_Bspro_t
 0.938872 0.610903 0.327475 0.24677 0.156551 0.184882 0.462561 0.222706 0.216808 0.137748 0.0886538 0.343825 0.255233 0.177272 0.0973933 0.111937 0.293521 0.17815 0.415911 0.266633 0.22604 0.261682 0.290858 0.216848 0.378334 0.368367 0.338188 0.429235 0.544763 0.384367 0.22312
BD_Bspro
 1.7884 0.952548 0.365671 0.226086 0.142822 0.134482 0.73955 0.282876 0.195598 0.090004 0.0397375 0.15473 0.17826 0.134822 0.0701239 0.0794663 0.436816 0.230216 1.05082 0.595415 0.57984 0.711722 0.754698 0.436906 0.846215 0.633091 0.432038 0.561164 0.994681 0.505123 0.186944
BD_Bo
 0.941127 0.501269 0.19243 0.118976 0.0751585 0.0707698 0.38918 0.14886 0.102931 0.0473637 0.0209115 0.0814251 0.0938074 0.0709485 0.036902 0.0418183 0.22987 0.121149 0.552982 0.313331 0.305135 0.374536 0.397152 0.229917 0.445312 0.333157 0.227356 0.295307 0.52344 0.265816 0.0983771
BD_Brms
 4.55956 2.42854 0.932284 0.576411 0.364127 0.342865 1.8855 0.721197 0.49868 0.229467 0.101312 0.394487 0.454477 0.343731 0.178782 0.202601 1.11367 0.586939 2.67908 1.51802 1.47831 1.81455 1.92412 1.1139 2.15744 1.61408 1.10149 1.4307 2.53596 1.28782 0.476616
Sel_flota
 0.618869 0.968604 0.998297 0.99991 0.999995
 0.618869 0.968604 0.998297 0.99991 0.999995
 0.618869 0.968604 0.998297 0.99991 0.999995
 0.618869 0.968604 0.998297 0.99991 0.999995
 0.618869 0.968604 0.998297 0.99991 0.999995
 0.618869 0.968604 0.998297 0.99991 0.999995
 0.618869 0.968604 0.998297 0.99991 0.999995
 0.618869 0.968604 0.998297 0.99991 0.999995
 0.618869 0.968604 0.998297 0.99991 0.999995
 0.618869 0.968604 0.998297 0.99991 0.999995
 0.618869 0.968604 0.998297 0.99991 0.999995
 0.618869 0.968604 0.998297 0.99991 0.999995
 0.618869 0.968604 0.998297 0.99991 0.999995
 0.618869 0.968604 0.998297 0.99991 0.999995
 0.618869 0.968604 0.998297 0.99991 0.999995
 0.618869 0.968604 0.998297 0.99991 0.999995
 0.618869 0.968604 0.998297 0.99991 0.999995
 0.618869 0.968604 0.998297 0.99991 0.999995
 0.618869 0.968604 0.998297 0.99991 0.999995
 0.618869 0.968604 0.998297 0.99991 0.999995
 0.618869 0.968604 0.998297 0.99991 0.999995
 0.618869 0.968604 0.998297 0.99991 0.999995
 0.618869 0.968604 0.998297 0.99991 0.999995
 0.618869 0.968604 0.998297 0.99991 0.999995
 0.618869 0.968604 0.998297 0.99991 0.999995
 0.618869 0.968604 0.998297 0.99991 0.999995
 0.618869 0.968604 0.998297 0.99991 0.999995
 0.618869 0.968604 0.998297 0.99991 0.999995
 0.618869 0.968604 0.998297 0.99991 0.999995
 0.618869 0.968604 0.998297 0.99991 0.999995
 0.618869 0.968604 0.998297 0.99991 0.999995
Sel_reclas
 0.806909 0.954609 0.99064 0.998126 0.999627
 0.806909 0.954609 0.99064 0.998126 0.999627
 0.806909 0.954609 0.99064 0.998126 0.999627
 0.806909 0.954609 0.99064 0.998126 0.999627
 0.806909 0.954609 0.99064 0.998126 0.999627
 0.806909 0.954609 0.99064 0.998126 0.999627
 0.806909 0.954609 0.99064 0.998126 0.999627
 0.806909 0.954609 0.99064 0.998126 0.999627
 0.806909 0.954609 0.99064 0.998126 0.999627
 0.806909 0.954609 0.99064 0.998126 0.999627
 0.806909 0.954609 0.99064 0.998126 0.999627
 0.806909 0.954609 0.99064 0.998126 0.999627
 0.806909 0.954609 0.99064 0.998126 0.999627
 0.806909 0.954609 0.99064 0.998126 0.999627
 0.806909 0.954609 0.99064 0.998126 0.999627
 0.806909 0.954609 0.99064 0.998126 0.999627
 0.806909 0.954609 0.99064 0.998126 0.999627
 0.806909 0.954609 0.99064 0.998126 0.999627
 0.806909 0.954609 0.99064 0.998126 0.999627
 0.806909 0.954609 0.99064 0.998126 0.999627
 0.806909 0.954609 0.99064 0.998126 0.999627
 0.806909 0.954609 0.99064 0.998126 0.999627
 0.806909 0.954609 0.99064 0.998126 0.999627
 0.806909 0.954609 0.99064 0.998126 0.999627
 0.806909 0.954609 0.99064 0.998126 0.999627
 0.806909 0.954609 0.99064 0.998126 0.999627
 0.806909 0.954609 0.99064 0.998126 0.999627
 0.806909 0.954609 0.99064 0.998126 0.999627
 0.806909 0.954609 0.99064 0.998126 0.999627
 0.806909 0.954609 0.99064 0.998126 0.999627
 0.806909 0.954609 0.99064 0.998126 0.999627
Sel_pelaces
 0.45134 0.805445 0.954202 0.990553 0.998109
 0.45134 0.805445 0.954202 0.990553 0.998109
 0.45134 0.805445 0.954202 0.990553 0.998109
 0.45134 0.805445 0.954202 0.990553 0.998109
 0.45134 0.805445 0.954202 0.990553 0.998109
 0.45134 0.805445 0.954202 0.990553 0.998109
 0.45134 0.805445 0.954202 0.990553 0.998109
 0.45134 0.805445 0.954202 0.990553 0.998109
 0.45134 0.805445 0.954202 0.990553 0.998109
 0.45134 0.805445 0.954202 0.990553 0.998109
 0.45134 0.805445 0.954202 0.990553 0.998109
 0.45134 0.805445 0.954202 0.990553 0.998109
 0.45134 0.805445 0.954202 0.990553 0.998109
 0.45134 0.805445 0.954202 0.990553 0.998109
 0.45134 0.805445 0.954202 0.990553 0.998109
 0.45134 0.805445 0.954202 0.990553 0.998109
 0.45134 0.805445 0.954202 0.990553 0.998109
 0.45134 0.805445 0.954202 0.990553 0.998109
 0.45134 0.805445 0.954202 0.990553 0.998109
 0.45134 0.805445 0.954202 0.990553 0.998109
 0.45134 0.805445 0.954202 0.990553 0.998109
 0.45134 0.805445 0.954202 0.990553 0.998109
 0.45134 0.805445 0.954202 0.990553 0.998109
 0.45134 0.805445 0.954202 0.990553 0.998109
 0.45134 0.805445 0.954202 0.990553 0.998109
 0.45134 0.805445 0.954202 0.990553 0.998109
 0.45134 0.805445 0.954202 0.990553 0.998109
 0.45134 0.805445 0.954202 0.990553 0.998109
 0.45134 0.805445 0.954202 0.990553 0.998109
 0.45134 0.805445 0.954202 0.990553 0.998109
 0.45134 0.805445 0.954202 0.990553 0.998109
pf_obs 
 0.8446 0.082 0.0669 0.0065 0
 0.8095 0.147 0.0364 0.0071 0
 0.9664 0.0169 0.016 0.0007 0
 0.9276 0.0648 0.0075 0.0001 0
 0.7033 0.2144 0.0806 0.0017 0
 0.9318 0.0425 0.0243 0.0014 0
 0.5671 0.3108 0.0964 0.0239 0.0018
 0.0768 0.2599 0.5324 0.112 0.0189
 0.490249 0.384438 0.106611 0.0170017 0.00170017
 0.7925 0.1577 0.0466 0.003 0.0002
 0.840416 0.127587 0.0312969 0.00059994 9.999e-05
 0.8084 0.0986 0.0794 0.0134 0.0002
 0.7335 0.1905 0.0724 0.0035 0.0001
 0.4001 0.4547 0.1325 0.0127 0
 0.49795 0.308269 0.164784 0.0264974 0.00249975
 0.9179 0.0499 0.0305 0.0017 0
 0.2467 0.6533 0.0926 0.0074 0
 0.9418 0.0223 0.034 0.0019 0
 0.707729 0.231977 0.0356964 0.0245975 0
 0.517169 0.277429 0.184464 0.0207286 0.00020938
 0.811772 0.124168 0.05621 0.00726502 0.000585176
 0.764997 0.148141 0.077277 0.00933861 0.000247198
 0.163321 0.427699 0.378323 0.0303852 0.000271297
 0.753843 0.0900009 0.118128 0.0371064 0.000921714
 0.721811 0.176058 0.0630433 0.0369309 0.00215725
 0.143369 0.312575 0.442814 0.0836902 0.0175525
 0.692698 0.0596174 0.167031 0.0765114 0.00414204
 0.394062 0.376323 0.152708 0.0712218 0.00568511
 0.125707 0.32114 0.495352 0.0537591 0.00404204
 0.23352 0.215282 0.420074 0.123614 0.00750983
 0.774587 0.0839891 0.0768558 0.0609784 0.00358967
pf_pred 
 0.434031 0.195901 0.330504 0.0395636 1.0501e-06
 0.556142 0.251645 0.0681277 0.110842 0.013243
 0.7448 0.179652 0.0437083 0.0113032 0.0205361
 0.676517 0.273991 0.035323 0.00820616 0.00596242
 0.704294 0.243547 0.0445898 0.00540767 0.00216178
 0.94341 0.0461735 0.0086474 0.00151312 0.000256228
 0.347028 0.63129 0.0178192 0.00320761 0.000654903
 0.394552 0.31391 0.282349 0.00755544 0.00163298
 0.676438 0.168306 0.0818379 0.0711084 0.00230973
 0.84227 0.128823 0.0154444 0.00710672 0.00635658
 0.910743 0.083526 0.00474806 0.000526184 0.00045669
 0.840649 0.150617 0.0081925 0.000448724 9.26986e-05
 0.777275 0.204381 0.0173912 0.000893862 5.88913e-05
 0.763345 0.207951 0.0264561 0.00213112 0.000116405
 0.837647 0.14538 0.0150487 0.0017739 0.000150076
 0.970729 0.0271111 0.00194792 0.000188223 2.39745e-05
 0.341161 0.649245 0.00892126 0.000607552 6.5992e-05
 0.96325 0.0184913 0.0180054 0.000235295 1.77162e-05
 0.618092 0.374172 0.00397649 0.00370824 5.19867e-05
 0.703652 0.224876 0.0700948 0.000708909 0.000668567
 0.793873 0.169984 0.0277545 0.00822682 0.000161221
 0.828833 0.150509 0.0171741 0.00267658 0.000806897
 0.274148 0.656283 0.0615343 0.00668293 0.00135187
 0.836672 0.0662761 0.0881081 0.00791293 0.00103081
 0.659188 0.307292 0.0139314 0.0177865 0.00180154
 0.436562 0.435262 0.116037 0.0050517 0.00708734
 0.810748 0.108713 0.0627719 0.0160879 0.00167935
 0.749242 0.221892 0.0168754 0.00935006 0.00264059
 0.32637 0.562693 0.0985944 0.00722156 0.00512072
 0.424589 0.259716 0.265316 0.0447846 0.00559476
 0.907559 0.0543179 0.017654 0.0172092 0.00325947
pobs_RECLAS
 0 0 0 0 0
 0 0 0 0 0
 0 0 0 0 0
 0 0 0 0 0
 0 0 0 0 0
 0 0 0 0 0
 0 0 0 0 0
 0 0 0 0 0
 0 0 0 0 0
 0 0 0 0 0
 0.991045 0.00858322 0.000360255 1.14367e-05 0
 0.934742 0.0480273 0.0164251 0.00080598 0
 0.827803 0.169806 0.00239088 0 0
 0.941827 0.0461693 0.0120037 0 0
 0.791401 0.0380133 0.147996 0.0225897 0
 0.846168 0.0940531 0.0597789 0 0
 0.134021 0.677848 0.182769 0.00536245 0
 0.80878 0.0450904 0.141981 0.00414843 0
 0.846168 0.0940531 0.0597789 0 0
 0.905697 0.0802665 0.012482 0.00150086 5.37128e-05
 0.989698 0.0102097 9.19794e-05 0 0
 0.975433 0.0193895 0.00387452 0.00125025 5.28907e-05
 0.303575 0.632131 0.0575291 0.00676475 0
 0.966965 0.00978017 0.0227588 0.000495775 0
 0.843318 0.132988 0.00938335 0.0141283 0.000182051
 0.564624 0.303363 0.111486 0.0197234 0.00080311
 0.826376 0.0876187 0.0782897 0.00655872 0.00115652
 0.89761 0.0855135 0.0140674 0.00269457 0.000114338
 0.34875 0.467042 0.161289 0.0227151 0.000203297
 0.318654 0.224769 0.449479 0.00709798 0
 0.937255 0.0296025 0.0250945 0.00804832 0
ppred_RECLAS
 0.506302 0.170198 0.288733 0.0347659 9.24063e-07
 0.632623 0.207667 0.0563939 0.0922761 0.0110404
 0.800674 0.140077 0.0341836 0.00889062 0.0161756
 0.752486 0.209655 0.0269741 0.00630066 0.0045843
 0.766186 0.192434 0.0353437 0.00431089 0.00172576
 0.957516 0.0346266 0.00651603 0.0011468 0.000194472
 0.429157 0.551859 0.0155861 0.00282131 0.00057684
 0.464835 0.276651 0.250317 0.00673768 0.00145829
 0.747702 0.131054 0.0637401 0.0556917 0.0018115
 0.893116 0.0873956 0.0103843 0.00480248 0.00430146
 0.932046 0.0635638 0.00363282 0.000404947 0.000351963
 0.882863 0.110716 0.00601996 0.000331553 6.85888e-05
 0.831882 0.154264 0.0131313 0.000678674 4.47764e-05
 0.832837 0.147019 0.0185597 0.00150271 8.21929e-05
 0.885439 0.10263 0.0105719 0.00125277 0.000106134
 0.979112 0.0193446 0.0013908 0.000135141 1.72374e-05
 0.419964 0.571571 0.00786728 0.0005388 5.86063e-05
 0.972805 0.013657 0.0133491 0.000175452 1.32291e-05
 0.692945 0.300806 0.00320304 0.00300388 4.21712e-05
 0.768447 0.175631 0.0548376 0.000557735 0.000526734
 0.841665 0.130476 0.0213648 0.006369 0.000124989
 0.870975 0.113412 0.0129663 0.00203225 0.000613513
 0.34051 0.596024 0.0560974 0.00612757 0.00124128
 0.873946 0.0509973 0.0681027 0.00615175 0.000802516
 0.724094 0.248575 0.0113199 0.0145363 0.00147441
 0.511603 0.376828 0.10094 0.00442 0.00620986
 0.853294 0.0840731 0.0487525 0.0125672 0.00131368
 0.800931 0.175996 0.0134544 0.00749814 0.00212057
 0.394489 0.50529 0.0890069 0.00655743 0.00465637
 0.504534 0.223179 0.228621 0.0388108 0.0048553
 0.93113 0.040366 0.0131577 0.0128994 0.00244663
pobs_PELACES
 0 0 0 0 0
 0 0 0 0 0
 0 0 0 0 0
 0 0 0 0 0
 0 0 0 0 0
 0 0 0 0 0
 0 0 0 0 0
 0 0 0 0 0
 0 0 0 0 0
 0 0 0 0 0
 0 0 0 0 0
 0 0 0 0 0
 0 0 0 0 0
 0 0 0 0 0
 0 0 0 0 0
 0 0 0 0 0
 0.505614 0.472636 0.0217494 0 0
 0 0 0 0 0
 0.443492 0.261883 0.143347 0.151278 0
 0.227955 0.32914 0.350689 0.0885471 0.00366901
 0.970185 0.0296113 0.000203453 0 0
 0.997202 0.00247181 0.000326279 0 0
 0.445219 0.490057 0.0546422 0.010081 0
 0.90214 0.0892962 0.00764917 0.000914606 0
 0 0 0 0 0
 0.581667 0.319106 0.0959925 0.00289975 0.000334073
 0.762889 0.0836404 0.116647 0.0363945 0.000428098
 0.88444 0.0763242 0.0277011 0.0115352 0
 0.521256 0.241999 0.230069 0.00667565 0
 0.616807 0.101726 0.260614 0.0208532 0
 0.833518 0.0704572 0.0857862 0.0102388 0
ppred_PELACES
 0.394524 0.191096 0.368654 0.0457247 1.22276e-06
 0.541935 0.242661 0.0745877 0.125687 0.0151294
 0.738348 0.176124 0.0486472 0.0130298 0.0238508
 0.702791 0.246669 0.0356801 0.0085797 0.00628041
 0.700644 0.240531 0.0500126 0.00628211 0.00253021
 0.93951 0.0480466 0.0102652 0.00186086 0.000317484
 0.363958 0.612161 0.0194999 0.00363435 0.000747589
 0.358257 0.310815 0.320119 0.00887627 0.0019329
 0.680565 0.155237 0.0851189 0.076573 0.00250585
 0.875681 0.0992458 0.0131635 0.00626467 0.00564506
 0.904477 0.0885334 0.00575204 0.000660457 0.000577544
 0.85303 0.137942 0.00844908 0.000479096 9.97135e-05
 0.789742 0.190897 0.0183219 0.000974991 6.47173e-05
 0.807062 0.167266 0.0235981 0.00196628 0.0001082
 0.862677 0.121446 0.0140212 0.00171016 0.000145762
 0.972568 0.0251614 0.00204051 0.000204149 2.61977e-05
 0.351781 0.637532 0.00991223 0.000699025 7.64968e-05
 0.960355 0.0186663 0.020678 0.000279905 2.12334e-05
 0.627211 0.364117 0.00438118 0.00423096 5.97594e-05
 0.707286 0.215248 0.0759156 0.000795058 0.000755434
 0.792423 0.166958 0.0309347 0.00949681 0.000187506
 0.832389 0.144945 0.0187255 0.00302217 0.000917911
 0.269105 0.651939 0.0695387 0.00782289 0.00159436
 0.820145 0.0672396 0.101891 0.00947973 0.0012442
 0.648006 0.312331 0.0161388 0.0213454 0.00217826
 0.41799 0.435238 0.132363 0.00596989 0.00843852
 0.796907 0.109738 0.0721769 0.0191626 0.00201533
 0.734719 0.230495 0.0200221 0.0114936 0.00327037
 0.307758 0.564517 0.11302 0.00857692 0.00612755
 0.411145 0.246688 0.285896 0.0499802 0.00629069
 0.903447 0.0532753 0.0196512 0.0198401 0.00378597
pobs_pel_tallas
 0 0 0 0 0 0 0 0 0 0 0 0 0 0 0 0 0 0 0 0 0 0 0 0 0 0
 0 0 0 0 0 0 0 0 0 0 0 0 0 0 0 0 0 0 0 0 0 0 0 0 0 0
 0 0 0 0 0 0 0 0 0 0 0 0 0 0 0 0 0 0 0 0 0 0 0 0 0 0
 0 0 0 0 0 0 0 0 0 0 0 0 0 0 0 0 0 0 0 0 0 0 0 0 0 0
 0 0 0 0 0 0 0 0 0 0 0 0 0 0 0 0 0 0 0 0 0 0 0 0 0 0
 0 0 0 0 0 0 0 0 0 0 0 0 0 0 0 0 0 0 0 0 0 0 0 0 0 0
 0 0 0 0 0 0 0 0 0 0 0 0 0 0 0 0 0 0 0 0 0 0 0 0 0 0
 0 0 0 0 0 0 0 0 0 0 0 0 0 0 0 0 0 0 0 0 0 0 0 0 0 0
 0 0 0 0 0 0 0 0 0 0 0 0 0 0 0 0 0 0 0 0 0 0 0 0 0 0
 0 0 0 0 0 0 0 0 0 0 0 0 0 0 0 0 0 0 0 0 0 0 0 0 0 0
 0 0 0 0 0 0 0 0 0 0 0 0 0 0 0 0 0 0 0 0 0 0 0 0 0 0
 0 0 0 0 0 0 0 0 0 0 0 0 0 0 0 0 0 0 0 0 0 0 0 0 0 0
 0.00862536 0 0 0.000197151 0.00414017 0.0128641 0.00837892 0.0270097 0.101434 0.158115 0.152841 0.127902 0.109271 0.109419 0.0830992 0.0579132 0.0238553 0.00714673 0.00463305 0.00128148 0.00103504 0.000492878 0.000147863 0.000147863 4.92878e-05 0
 0 0 0 0 0 0 0 0 0 0 0 0 0 0 0 0 0 0 0 0 0 0 0 0 0 0
 0 0 0 0 0 0 0 0.0054083 0.00873648 0.0413646 0.0450493 0.0745869 0.0622846 0.0627006 0.0613931 0.0827291 0.12552 0.122667 0.0946155 0.0697135 0.0546179 0.0294188 0.0215738 0.0213955 0.0102223 0.00600262
 0 0 0 0 0.00359764 0.0251062 0.0480494 0.140153 0.205849 0.193036 0.1447 0.116669 0.0760912 0.0342217 0.00950174 0.001854 0.000860785 0 0 0 0.000165536 0 0.000143464 0 0 0
 0 0 0 0 0 0 0 0.000145254 0.000435761 0.0275982 0.070085 0.0708112 0.156366 0.174668 0.174014 0.160142 0.0824315 0.0480064 0.0283245 0.00493863 0.00203355 0 0 0 0 0
 0 0 0 0 0 0 0 0 0 0 0 0 0 0 0 0 0 0 0 0 0 0 0 0 0 0
 0 0 1.00437e-05 0.000401748 0.00122533 0.00171747 0.00176769 0.0269171 0.070346 0.194647 0.189555 0.159765 0.064822 0.0314167 0.0384472 0.0292271 0.0345202 0.0313363 0.0194345 0.0106764 0.0143323 0.0359363 0.0279516 0.0138201 0.00172751 0
 0 0.0021121 0.0136068 0.0755702 0.200478 0.177729 0.0527432 0.0373336 0.0318909 0.0142505 0.0149659 0.0166563 0.0217959 0.0798694 0.0677717 0.0528807 0.04013 0.0224614 0.0357745 0.0225083 0.00881397 0.00855152 0.00135912 0.000746735 0 0
 0 0 0 0 5.4009e-05 0.00500934 0.000945158 0.0243581 0.138947 0.33067 0.221406 0.137944 0.0707744 0.0437923 0.0131692 0.00525238 0.0047753 0.00276346 9.45158e-05 9.00151e-06 2.25038e-05 9.00151e-06 4.50075e-06 0 0 0
 0.000866109 0.00284123 0.00948549 0.0512746 0.133035 0.25785 0.225252 0.132002 0.0553304 0.0519788 0.0540692 0.017754 0.00435017 0.00159236 0.00146478 0.000404838 0.000125132 0.000115318 0.000107957 0.000100596 0 0 0 0 0 0
 0 0 0 0 0.00144013 0.00171154 0.00461396 0.0210425 0.0478622 0.0707936 0.0888783 0.103762 0.0637923 0.0337046 0.0602308 0.124433 0.169614 0.0934646 0.0462172 0.0250306 0.0313229 0.00938855 0.002487 0.000210481 0 0
 0 0.00764035 0.051015 0.0998891 0.058973 0.0496711 0.0374665 0.0718981 0.12319 0.153886 0.159021 0.0857701 0.0377988 0.023471 0.0147837 0.00900784 0.00315554 0.000888139 0.00291439 0.00214683 0.00393193 0.00274676 0.000635225 9.99891e-05 0 0
 0 0 0 0 0 0 0 0 0 0 0 0 0 0 0 0 0 0 0 0 0 0 0 0 0 0
 0 0 0 0 0 0 0 0 0 0 0 0 0 0 0 0 0 0 0 0 0 0 0 0 0 0
 0 0 0 0 0 0 0 0 0 0 0 0 0 0 0 0 0 0 0 0 0 0 0 0 0 0
 0 0 0 0 0 0 0 0 0 0 0 0 0 0 0 0 0 0 0 0 0 0 0 0 0 0
 0 0 0 0 0 0 0 0 0 0 0 0 0 0 0 0 0 0 0 0 0 0 0 0 0 0
 0 0 0 0 0 0 0 0 0 0 0 0 0 0 0 0 0 0 0 0 0 0 0 0 0 0
 0 0 0 0 0 0 0 0 0 0 0 0 0 0 0 0 0 0 0 0 0 0 0 0 0 0
ppred_pel_tallas
 1.15274e-16 3.24965e-05 0.000315877 0.00209912 0.00954229 0.0296897 0.0632577 0.0923305 0.0923494 0.0633506 0.0300032 0.0104546 0.00441526 0.00545824 0.0100512 0.0172233 0.0263399 0.0363148 0.0459525 0.0545392 0.0619446 0.0680672 0.0722003 0.0730516 0.0695085 0.0615079
 1.1738e-16 4.46385e-05 0.000433902 0.00288343 0.0131077 0.040783 0.0868934 0.126828 0.126852 0.0870083 0.041169 0.014224 0.00569149 0.00658388 0.0117855 0.0195797 0.0286114 0.0368932 0.0424803 0.0446149 0.0442052 0.0431343 0.042929 0.0438294 0.0448508 0.0445833
 1.06792e-16 6.08168e-05 0.000591161 0.00392847 0.0178583 0.0555638 0.118385 0.17279 0.172807 0.118468 0.0558433 0.0186659 0.00595804 0.00502919 0.00851182 0.0140353 0.0203563 0.02591 0.0291512 0.0293933 0.0272121 0.0240205 0.0211618 0.0192341 0.0180434 0.0170197
 1.03017e-16 5.7888e-05 0.000562692 0.00373929 0.0169983 0.052888 0.112684 0.164471 0.164495 0.112801 0.0532781 0.0181251 0.00656784 0.00673787 0.011787 0.0193982 0.0279469 0.0351637 0.0387748 0.0377341 0.0328409 0.0261867 0.0198933 0.0151243 0.011942 0.00980174
 1.02563e-16 5.77112e-05 0.000560973 0.00372787 0.0169464 0.0527265 0.11234 0.163969 0.163992 0.112454 0.0531074 0.0180467 0.00649106 0.00659682 0.0115318 0.0190013 0.0274315 0.0346292 0.0383896 0.0376813 0.0332354 0.0270081 0.0209734 0.0161996 0.0127463 0.0101564
 1.00549e-16 7.73862e-05 0.000752221 0.00499878 0.0227237 0.0707019 0.150638 0.219862 0.219866 0.150661 0.070778 0.0229436 0.00555087 0.00195832 0.00237048 0.00380289 0.0054857 0.00692928 0.00769046 0.00756387 0.00669543 0.00547422 0.00429118 0.00335533 0.0026745 0.00215508
 1.01211e-16 2.99788e-05 0.000291405 0.00193649 0.00880305 0.0273899 0.0583592 0.0851893 0.0852481 0.0586469 0.0283556 0.0115909 0.00892909 0.0155384 0.0289339 0.0476473 0.0683087 0.0852128 0.0925647 0.0876925 0.0726762 0.0530252 0.0345064 0.0205545 0.0117348 0.00683465
 1.10535e-16 2.95092e-05 0.00028684 0.00190615 0.00866512 0.0269606 0.0574435 0.0838468 0.0838771 0.0575921 0.0274609 0.0101158 0.00556778 0.0083472 0.0155332 0.0261405 0.0388296 0.0512634 0.0609699 0.0666336 0.0685968 0.0680995 0.0660042 0.0621982 0.0560884 0.0475434
 1.106e-16 5.60573e-05 0.000544897 0.00362103 0.0164607 0.0512154 0.10912 0.159268 0.159283 0.109194 0.0514635 0.0171788 0.00543 0.00451509 0.00765954 0.0127433 0.0187576 0.0244639 0.0286523 0.0308162 0.0314244 0.0314802 0.0317234 0.0321322 0.0320535 0.0307433
 1.01989e-16 7.21287e-05 0.000701117 0.00465917 0.0211799 0.0658986 0.140404 0.204926 0.204936 0.140451 0.0660555 0.0216333 0.00579723 0.00318577 0.00479185 0.00781055 0.0112522 0.0141694 0.0156532 0.0152955 0.013433 0.0109192 0.00860832 0.00695037 0.0059322 0.00528423
 1.00353e-16 7.45006e-05 0.000724172 0.00481238 0.0218764 0.0680656 0.145021 0.211664 0.211673 0.145063 0.0682053 0.0222799 0.00582476 0.00293237 0.00426282 0.00691504 0.00992033 0.0124034 0.0135274 0.0129072 0.0108381 0.00810293 0.00551615 0.00355511 0.0022898 0.0015449
 1.00345e-16 7.0263e-05 0.000682981 0.00453865 0.020632 0.064194 0.136773 0.199626 0.19964 0.136838 0.0644118 0.0212607 0.00611575 0.00412271 0.00659381 0.0107656 0.0154445 0.019301 0.0210305 0.0200304 0.0167589 0.012437 0.00833834 0.00521525 0.00318743 0.00199193
 1.00687e-16 6.505e-05 0.000632309 0.00420192 0.0191013 0.0594314 0.126626 0.184818 0.184836 0.126715 0.059733 0.0199721 0.00638683 0.00539935 0.00911068 0.0149379 0.0214624 0.0268822 0.0294042 0.0281953 0.0238746 0.0180982 0.0125842 0.00833341 0.00549224 0.00370684
 1.0094e-16 6.64767e-05 0.000646177 0.00429407 0.0195202 0.0607348 0.129403 0.18887 0.188886 0.129481 0.0609993 0.0202841 0.00621131 0.00483114 0.00801324 0.0131387 0.0189111 0.0237589 0.0261239 0.0252789 0.0217506 0.0169525 0.0123372 0.00873132 0.0062345 0.00454145
 1.00632e-16 7.10576e-05 0.000690705 0.00458998 0.0208654 0.06492 0.138319 0.201884 0.201895 0.138377 0.0651119 0.0214196 0.00598094 0.00372618 0.00583295 0.00952249 0.0136911 0.0171746 0.0188361 0.0181481 0.0155011 0.011937 0.00853049 0.00589803 0.00411766 0.00295952
 1.00091e-16 8.01091e-05 0.000778689 0.00517466 0.0235233 0.0731896 0.155938 0.227597 0.227599 0.15595 0.0732294 0.023638 0.00546252 0.00140666 0.00127146 0.00197179 0.00282459 0.00353463 0.00386086 0.00369341 0.00311493 0.00234565 0.00161427 0.00105444 0.000685758 0.000460202
 1.00533e-16 2.89758e-05 0.000281656 0.0018717 0.00850853 0.0264735 0.0564069 0.0823404 0.0824017 0.0567064 0.0274789 0.0114107 0.00915008 0.0161489 0.0301004 0.0495499 0.070985 0.0884419 0.0958637 0.0904588 0.074411 0.053509 0.0338352 0.0190464 0.00978668 0.00480359
 1.00634e-16 7.91031e-05 0.000768911 0.00510968 0.0232279 0.0722705 0.15398 0.224739 0.224741 0.153989 0.0723006 0.0233151 0.00533007 0.00125438 0.00101379 0.00158373 0.00234992 0.00311241 0.00371955 0.00409146 0.00424462 0.004246 0.00413848 0.00390845 0.00351902 0.00296757
 1.00654e-16 5.16626e-05 0.000502179 0.00333716 0.0151703 0.0472005 0.100567 0.146788 0.146823 0.100738 0.0477747 0.0168278 0.007494 0.00956432 0.0172262 0.0283021 0.0405438 0.05052 0.0547744 0.0517206 0.0426152 0.030771 0.0196605 0.0113588 0.00620785 0.00346177
 1.02454e-16 5.82583e-05 0.000566291 0.00376321 0.017107 0.0532263 0.113405 0.165522 0.165543 0.113507 0.0535681 0.018095 0.00624652 0.00599787 0.0104042 0.0171866 0.0249326 0.0317225 0.0356174 0.0356826 0.0324875 0.027623 0.0226622 0.0184103 0.0148846 0.0117803
 1.0192e-16 6.52709e-05 0.000634456 0.00421619 0.0191662 0.0596332 0.127055 0.185444 0.185461 0.127134 0.0598974 0.0199297 0.00613323 0.00482141 0.00802301 0.013176 0.0190107 0.023983 0.0265624 0.0260399 0.0229362 0.0186259 0.0144909 0.0112714 0.00899011 0.00729908
 1.01036e-16 6.85628e-05 0.000666455 0.00442883 0.0201328 0.0626408 0.133463 0.194796 0.19481 0.133532 0.0628699 0.0207946 0.00608978 0.00429172 0.00695178 0.0113793 0.0163737 0.0205643 0.022601 0.0218585 0.0188013 0.0146646 0.0107152 0.00766959 0.00560341 0.00423206
 1.03228e-16 2.21659e-05 0.000215461 0.00143182 0.00650887 0.0202518 0.043151 0.0629933 0.0630561 0.0434578 0.0212819 0.00948354 0.00889658 0.0165042 0.030937 0.0510555 0.073415 0.0920412 0.100844 0.0969911 0.0825919 0.06327 0.0448351 0.0306358 0.0211105 0.0150182
 1.04119e-16 6.75543e-05 0.000656652 0.00436368 0.0198367 0.0617193 0.1315 0.191929 0.191936 0.131532 0.0618286 0.0201544 0.00516819 0.00243599 0.0035144 0.00587908 0.00887175 0.0120077 0.0148119 0.0170198 0.0186432 0.0197882 0.0204065 0.0202388 0.0190086 0.0166822
 1.03055e-16 5.33755e-05 0.000518829 0.0034478 0.0156732 0.0487654 0.103901 0.151653 0.151683 0.104048 0.0492584 0.0170969 0.00701962 0.00831016 0.0148333 0.0243937 0.035034 0.0438517 0.0479363 0.0459702 0.0390364 0.0299195 0.021471 0.0152943 0.0115028 0.00932919
 1.05958e-16 3.44294e-05 0.000334666 0.00222397 0.0101099 0.0314558 0.0670215 0.0978287 0.0978708 0.0672271 0.0321463 0.0121056 0.00723858 0.0112983 0.0209052 0.0346323 0.0501774 0.0637003 0.0712738 0.0710318 0.0642 0.0541142 0.0440834 0.0358141 0.0293193 0.0238522
 1.04374e-16 6.56402e-05 0.000638046 0.00424004 0.0192746 0.0599705 0.127774 0.186492 0.186503 0.127826 0.060146 0.0197827 0.00551985 0.00344697 0.00544468 0.00901356 0.0132505 0.0172351 0.0200634 0.0213045 0.021205 0.0204118 0.0194579 0.0184498 0.0171562 0.0153283
 1.02343e-16 6.05179e-05 0.000588256 0.00390917 0.0177705 0.0552908 0.117804 0.171943 0.171965 0.117912 0.0556549 0.018822 0.00654769 0.00634547 0.0109867 0.0180475 0.0259466 0.032536 0.0356732 0.0343811 0.0294373 0.0228584 0.0167063 0.012135 0.00922834 0.00745107
 1.05303e-16 2.53497e-05 0.000246409 0.00163747 0.00744375 0.0231606 0.0493481 0.0720363 0.0720908 0.0496142 0.0240543 0.0100256 0.00812048 0.0144061 0.0269383 0.0445481 0.0642934 0.081099 0.0897795 0.0879013 0.0771812 0.0622322 0.0477316 0.0362455 0.0279705 0.02187
 1.14391e-16 3.38655e-05 0.000329185 0.00218755 0.00994431 0.0309406 0.0659231 0.0962217 0.0962459 0.0660414 0.0313391 0.0111005 0.00510931 0.00677205 0.0124597 0.0210402 0.0314627 0.0419829 0.0507731 0.0568929 0.0606215 0.0627947 0.0637771 0.0630418 0.05968 0.0532849
 1.03212e-16 7.44158e-05 0.000723348 0.0048069 0.0218515 0.0679881 0.144856 0.211423 0.211428 0.144881 0.0680729 0.0220967 0.00542387 0.00207477 0.0026548 0.0043083 0.00628909 0.00810537 0.00931745 0.00974364 0.00956403 0.00917595 0.00891273 0.00884927 0.00881623 0.00856298
pSPR Fmed_Fpbrs
0.296668   0.256407 0.256407
Fs Fmed_Fpbrs
0.872131   1.005 1.005
SSBpbr Bo_Bmed_Bpbrs
1.20641e+06  297583  249012 249012
Ro
88817.6
SPR SPRFo_SPRFmed_SPRFpbrs
634862 188343 162783
Fref
1.005
Nvult_r0
 101206 4650.35 1487.35 1448.64 274.365
CTP_r0
 36102.9 2160.78 702.278 684.584 129.662
YTP_r0
391168
Np
 102940 27111.8 849.397 263.273 294.424
Nvult_p0
 82608.6 23343.9 734.821 227.817 254.776
CTP_p0
 31677.3 11514.9 368.014 114.188 127.706
YTP_p0
 440148
CBA_c0
405862
log_Ro
11.2143
likeval ReclasPelacesDesembMPH_pf_preclas_ppelaces_ptallas_desvR_qrecl_qpela
 12.8161 16.2118 0.0542696 0.000841582 254.946 116.832 104.862 0 31.1028 7.26945e-05 0.000185427 0.0152898 0 0 0
q_reclas_q_pelaces
3.3474 6.94007
M
1
N
 91520 27874.5 45837.3 5479.55 0.145428
 81487.1 26334.6 6981.06 11345.3 1355.42
 101403 17476.4 4163.51 1075.5 1953.9
 70124.7 21698.9 2753.31 639.103 464.338
 39827.1 9817.09 1759.66 213.164 85.2099
 256217 8636.69 1579.2 275.975 46.7298
 49424.7 66678.7 1848.31 332.391 67.8615
 15974.4 8463.9 7412.24 198.063 42.8046
 26398.1 4891.68 2336.57 2028.31 65.88
 35642.4 4399.53 521.15 239.654 214.351
 51154.8 3179.62 176.237 19.5044 16.9273
 107220 14414.5 770.644 42.1716 8.71149
 86982.8 17010.8 1421.79 73.007 4.80976
 67040.3 14623.9 1837.27 147.9 8.07822
 47280.6 6432.68 656.579 77.3381 6.54271
 262976 5441.72 383.933 37.0628 4.72056
 32601.5 45305.9 610.641 41.543 4.51214
 454755 6145.03 5852.22 76.3867 5.75107
 239884 105638 1100.86 1025.53 14.3763
 198262 46270.8 14147 142.93 134.789
 243483 37363.9 5975.24 1769.19 34.6688
 387707 51217 5730.72 892.205 268.954
 44355.4 74768 6856.67 743.79 150.45
 187237 10285.1 13356.9 1198.08 156.063
 145463 47056.6 2084.13 2657.55 269.158
 53024.9 36423.8 9480.65 412.218 578.288
 147336 13774.6 7773.03 1989.73 207.686
 178321 36001.2 2670.94 1477.92 417.355
 41692.2 48838 8345.51 610.452 432.834
 26427.7 11607.4 11615.6 1958.53 244.658
 128318 5499.75 1750.62 1704.63 322.843
pred_Ctot
 12856 5802.58 9789.54 1171.87 0.031104
 22434.2 10151.1 2748.2 4471.24 534.211
 28010.2 6756.3 1643.77 425.087 772.316
 29634.7 12002.1 1547.32 359.468 261.182
 10784.9 3729.44 682.804 82.8078 33.1034
 48737 2385.35 446.729 78.1684 13.2369
 17748.8 32287.4 911.363 164.053 33.4951
 1717.99 1366.86 1229.43 32.8986 7.11046
 9721.16 2418.75 1176.1 1021.91 33.1934
 19030.5 2910.66 348.956 160.571 143.623
 7733.72 709.274 40.3189 4.46817 3.87806
 41210 7383.52 401.61 21.9972 4.54424
 31777.3 8355.72 711.005 36.5438 2.40765
 34750.1 9466.65 1204.37 97.0159 5.29915
 22487 3902.79 403.99 47.6211 4.02884
 93897.4 2622.42 188.42 18.2066 2.31902
 10602 20176.2 277.241 18.8806 2.05079
 109954 2110.76 2055.3 26.8587 2.02229
 75961.5 45984.5 488.697 455.732 6.38899
 64487.8 20609.3 6424 64.9696 61.2723
 68937.6 14760.9 2410.12 714.393 14
 122802 22299.8 2544.56 396.57 119.552
 10758.9 25755.8 2414.91 262.271 53.0543
 38675.7 3063.66 4072.86 365.781 47.65
 30293.2 14121.7 640.222 817.386 82.7905
 10131.5 10101.3 2692.91 117.237 164.479
 32327.4 4334.76 2502.94 641.482 66.9615
 29501.8 8737.12 664.479 368.164 103.975
 6556.69 11304.4 1980.73 145.079 102.874
 7595.61 4646.14 4746.33 801.166 100.087
 36102.9 2160.78 702.278 684.584 129.662
F
 0.245675 0.38451 0.396297 0.396938 0.396972
 0.53959 0.844524 0.870413 0.87182 0.871894
 0.541844 0.848052 0.874049 0.875461 0.875536
 0.96615 1.51214 1.5585 1.56101 1.56115
 0.528527 0.827209 0.852567 0.853945 0.854017
 0.34614 0.541751 0.558358 0.55926 0.559308
 0.76464 1.19675 1.23344 1.23543 1.23554
 0.183453 0.287126 0.295928 0.296407 0.296432
 0.791794 1.23925 1.27724 1.27931 1.27941
 1.41677 2.21742 2.2854 2.28909 2.28928
 0.26662 0.417292 0.430084 0.430779 0.430816
 0.841033 1.31632 1.35667 1.35886 1.35898
 0.78305 1.22557 1.26314 1.26518 1.26529
 1.3439 2.10337 2.16785 2.17135 2.17154
 1.162 1.81868 1.87443 1.87746 1.87762
 0.758626 1.18734 1.22374 1.22572 1.22582
 0.668713 1.04662 1.0787 1.08044 1.08054
 0.459745 0.719557 0.741614 0.742813 0.742876
 0.645646 1.01051 1.04149 1.04317 1.04326
 0.668886 1.04689 1.07898 1.08072 1.08082
 0.558975 0.874864 0.901683 0.90314 0.903217
 0.645861 1.01085 1.04184 1.04352 1.04361
 0.461533 0.722355 0.744499 0.745702 0.745765
 0.381024 0.596349 0.61463 0.615623 0.615675
 0.384698 0.602098 0.620555 0.621558 0.621611
 0.347936 0.544562 0.561255 0.562162 0.56221
 0.409167 0.640395 0.660027 0.661093 0.66115
 0.295075 0.461828 0.475985 0.476754 0.476795
 0.278674 0.436158 0.449529 0.450255 0.450293
 0.569712 0.891668 0.919002 0.920487 0.920566
 0.554546 0.867931 0.894537 0.895983 0.896059
YTP_r0W_actual
 306875 35220.7 20295.8 23823.5 4953.1
YTP_p0W_proyectada
 238214 185620 8604.16 3368.53 4341.99
CTP_r0_actual
 36102.9 2160.78 702.278 684.584 129.662
CTP_p0_proyectada
 31677.3 11514.9 368.014 114.188 127.706
Wmedp
 7.52 16.12 23.38 29.5 34
Frms_r0
 0.554546 0.867931 0.894537 0.895983 0.896059
Zrms_r0
 1.55455 1.86793 1.89454 1.89598 1.89606
nmprior
 8.19 8.8 8.5 0
nm_flota  nm_reclas  nm_pelaces    nm_pelaL
inf 20.6275 9.2396 18.0032
cv_recla  cv_pelaces  cv_mph
0.323819 0.456549 0.895269
 ------------------------------------------------
Talla a la edad & desviaci?n 
 8 13.2811 15.8009 17.003 17.5766
 0.8 1.32811 1.58009 1.7003 1.75766
