years
 1991 1992 1993 1994 1995 1996 1997 1998 1999 2000 2001 2002 2003 2004 2005 2006 2007 2008 2009 2010 2011 2012 2013 2014 2015 2016 2017 2018 2019 2020 2021
reclasobs
 0 0 0 0 0 0 0 0 0 252601 567819 844713 477998 351125 339783 2.1784e+06 2.13404e+06 4.81314e+06 1.55562e+06 2.62356e+06 3.21686e+06 3.843e+06 1.13348e+06 3.07943e+06 1.97215e+06 2.03268e+06 2.025e+06 2.42433e+06 2.27542e+06 1.05018e+06 2.36338e+06
reclaspred
 3.43457e+06 1.97417e+06 1.00978e+06 1.10203e+06 1.16382e+06 1.76631e+06 1.24132e+06 1.12135e+06 809385 590496 562149 669450 665822 550677 556888 1.21387e+06 1.27668e+06 2.55177e+06 2.13586e+06 1.61091e+06 2.87377e+06 2.34384e+06 1.93521e+06 2.97335e+06 2.23481e+06 1.98647e+06 2.29354e+06 2.34827e+06 1.97563e+06 1.32813e+06 2.01584e+06
pelacesobs
 0 0 0 0 0 0 0 0 0 0 0 0 0 0 0 552880 188675 0 991730 2.46772e+06 1.41603e+06 1.21717e+06 2.29649e+06 1.80582e+06 0 1.4828e+06 1.56532e+06 1.57751e+06 1.42118e+06 867257 1.10002e+06
pelacespred
 2.55205e+06 1.65576e+06 861003 673805 738610 1.10058e+06 850411 845270 630175 438379 398004 397186 429412 377416 372497 633766 754732 1.52929e+06 1.46387e+06 1.07182e+06 1.67684e+06 1.58229e+06 1.34791e+06 2.01822e+06 1.63172e+06 1.43459e+06 1.72632e+06 1.74065e+06 1.36707e+06 1.04786e+06 1.35297e+06
mphobs
 0 0 0 0 0 0 0 0 0 0 0 498337 0 5186 125008 0 168611 109162 213762 579715 649985 157893 87575 83554 0 0 0 0 0 0 0
mphpred
 514663 347180 179024 97968.7 122259 141599 185883 132436 113131 80014.6 52787.1 64980.6 68718.7 60487.3 45196.9 54950.9 140894 147391 251496 198041 212445 263184 251295 214343 296713 242666 201856 209387 279465 198453 134170
desembarqueobs
 494567 514787 250237 358949 120608 361735 552515 73892 212993 205616 52469 317467 293654 387597 252695 516296 358380 742168 942051 627588 828172 859565 418607 520667 417249 300574 415391 372974 316634 284311 391294
desembarquepred
 494573 512954 251248 358964 120611 361747 552570 73894.5 213030 205653 52470.9 317534 293711 387669 252707 516304 358409 742120 941983 627539 828260 859647 418629 520694 417261 300584 415403 372975 316642 284328 391301
Reclutas
 256042 149160 147225 320993 258074 401009 169866 82577.2 71091.8 88795.7 153701 191661 163181 115530 119396 568575 156945 847308 525398 388823 603293 802541 184114 533201 431957 204737 436040 474539 156484 120773 446462
log_desv_Rt
 0.0418251 -0.498495 -0.511554 0.267905 0.0497305 0.490469 -0.368506 -1.08978 -1.23954 -1.01718 -0.468507 -0.247785 -0.408656 -0.753984 -0.721067 0.839619 -0.44762 1.23855 0.760641 0.459609 0.898888 1.18427 -0.287959 0.775383 0.564811 -0.18179 0.574218 0.658829 -0.450559 -0.709604 0.597839
SSB
 5.03997e+06 3.39984e+06 1.75314e+06 959382 1.19725e+06 1.38664e+06 1.82031e+06 1.29691e+06 1.10786e+06 783562 516931 636338 672945 592337 442601 538120 1.37974e+06 1.44336e+06 2.46284e+06 1.93937e+06 2.08042e+06 2.5773e+06 2.46087e+06 2.09901e+06 2.90563e+06 2.37637e+06 1.97673e+06 2.05047e+06 2.73673e+06 1.9434e+06 1.31389e+06
BT
 6.60938e+06 4.51983e+06 2.34125e+06 2.15703e+06 2.06427e+06 3.42454e+06 2.66817e+06 2.29954e+06 1.84491e+06 1.34989e+06 1.15019e+06 1.37553e+06 1.4601e+06 1.47086e+06 1.34289e+06 2.36455e+06 2.30636e+06 5.21723e+06 4.95814e+06 3.41187e+06 5.4667e+06 5.13959e+06 3.88649e+06 6.34524e+06 4.68072e+06 4.0577e+06 5.37005e+06 5.38648e+06 3.72963e+06 2.91894e+06 4.34e+06
Ftot
 0.0844173 0.150909 0.14521 0.197307 0.0624091 0.124935 0.258964 0.0394412 0.156496 0.205846 0.0575694 0.283364 0.263327 0.41658 0.277004 0.264845 0.166593 0.179879 0.262557 0.232293 0.174622 0.22079 0.127796 0.108123 0.111623 0.0903102 0.111261 0.0981426 0.0938524 0.12628 0.120709
BD_Bspro_t
 0.986584 0.898729 0.786675 0.720031 0.733951 0.792304 0.786575 0.682283 0.724314 0.694958 0.666574 0.78158 0.681606 0.607108 0.52044 0.568185 0.680791 0.677972 0.732778 0.654168 0.628259 0.673494 0.6881 0.689142 0.776945 0.782366 0.789998 0.813551 0.842319 0.796188 0.754782
BD_Bspro
 2.87145 1.93701 0.998827 0.546595 0.682115 0.790022 1.03709 0.738897 0.631187 0.446424 0.294514 0.362545 0.383401 0.337476 0.252166 0.306586 0.78609 0.822337 1.40317 1.10493 1.18529 1.46838 1.40205 1.19588 1.65545 1.3539 1.12621 1.16823 1.55922 1.10723 0.748572
BD_Bo
 2.01317 1.35804 0.700276 0.383217 0.478229 0.553883 0.727105 0.518039 0.442524 0.312987 0.206483 0.254179 0.268802 0.236603 0.176793 0.214947 0.551126 0.576539 0.983758 0.774662 0.831005 1.02948 0.982971 0.83843 1.16063 0.949219 0.789586 0.819044 1.09316 0.776275 0.524822
BD_Brms
 13.9722 9.42533 4.8602 2.65968 3.3191 3.84417 5.0464 3.5954 3.0713 2.17226 1.43308 1.76411 1.86559 1.64212 1.22702 1.49182 3.82504 4.00141 6.82768 5.37647 5.76751 7.145 6.82222 5.81904 8.05524 6.58797 5.48005 5.68449 7.587 5.38766 3.64248
Sel_flota
 0.884284 1 1 1 1
 0.884284 1 1 1 1
 0.884284 1 1 1 1
 0.884284 1 1 1 1
 0.884284 1 1 1 1
 0.884284 1 1 1 1
 0.884284 1 1 1 1
 0.884284 1 1 1 1
 0.884284 1 1 1 1
 0.884284 1 1 1 1
 0.884284 1 1 1 1
 0.884284 1 1 1 1
 0.884284 1 1 1 1
 0.884284 1 1 1 1
 0.884284 1 1 1 1
 0.884284 1 1 1 1
 0.884284 1 1 1 1
 0.884284 1 1 1 1
 0.884284 1 1 1 1
 0.884284 1 1 1 1
 0.884284 1 1 1 1
 0.884284 1 1 1 1
 0.884284 1 1 1 1
 0.884284 1 1 1 1
 0.884284 1 1 1 1
 0.884284 1 1 1 1
 0.884284 1 1 1 1
 0.884284 1 1 1 1
 0.884284 1 1 1 1
 0.884284 1 1 1 1
 0.884284 1 1 1 1
Sel_reclas
 1 1 1 1 1
 1 1 1 1 1
 1 1 1 1 1
 1 1 1 1 1
 1 1 1 1 1
 1 1 1 1 1
 1 1 1 1 1
 1 1 1 1 1
 1 1 1 1 1
 1 1 1 1 1
 1 1 1 1 1
 1 1 1 1 1
 1 1 1 1 1
 1 1 1 1 1
 1 1 1 1 1
 1 1 1 1 1
 1 1 1 1 1
 1 1 1 1 1
 1 1 1 1 1
 1 1 1 1 1
 1 1 1 1 1
 1 1 1 1 1
 1 1 1 1 1
 1 1 1 1 1
 1 1 1 1 1
 1 1 1 1 1
 1 1 1 1 1
 1 1 1 1 1
 1 1 1 1 1
 1 1 1 1 1
 1 1 1 1 1
Sel_pelaces
 0.679821 0.914424 0.981744 0.996319 0.999266
 0.679821 0.914424 0.981744 0.996319 0.999266
 0.679821 0.914424 0.981744 0.996319 0.999266
 0.679821 0.914424 0.981744 0.996319 0.999266
 0.679821 0.914424 0.981744 0.996319 0.999266
 0.679821 0.914424 0.981744 0.996319 0.999266
 0.679821 0.914424 0.981744 0.996319 0.999266
 0.679821 0.914424 0.981744 0.996319 0.999266
 0.679821 0.914424 0.981744 0.996319 0.999266
 0.679821 0.914424 0.981744 0.996319 0.999266
 0.679821 0.914424 0.981744 0.996319 0.999266
 0.679821 0.914424 0.981744 0.996319 0.999266
 0.679821 0.914424 0.981744 0.996319 0.999266
 0.679821 0.914424 0.981744 0.996319 0.999266
 0.679821 0.914424 0.981744 0.996319 0.999266
 0.679821 0.914424 0.981744 0.996319 0.999266
 0.679821 0.914424 0.981744 0.996319 0.999266
 0.679821 0.914424 0.981744 0.996319 0.999266
 0.679821 0.914424 0.981744 0.996319 0.999266
 0.679821 0.914424 0.981744 0.996319 0.999266
 0.679821 0.914424 0.981744 0.996319 0.999266
 0.679821 0.914424 0.981744 0.996319 0.999266
 0.679821 0.914424 0.981744 0.996319 0.999266
 0.679821 0.914424 0.981744 0.996319 0.999266
 0.679821 0.914424 0.981744 0.996319 0.999266
 0.679821 0.914424 0.981744 0.996319 0.999266
 0.679821 0.914424 0.981744 0.996319 0.999266
 0.679821 0.914424 0.981744 0.996319 0.999266
 0.679821 0.914424 0.981744 0.996319 0.999266
 0.679821 0.914424 0.981744 0.996319 0.999266
 0.679821 0.914424 0.981744 0.996319 0.999266
pf_obs 
 0.8446 0.082 0.0669 0.0065 0
 0.8095 0.147 0.0364 0.0071 0
 0.9664 0.0169 0.016 0.0007 0
 0.9276 0.0648 0.0075 0.0001 0
 0.7033 0.2144 0.0806 0.0017 0
 0.9318 0.0425 0.0243 0.0014 0
 0.5671 0.3108 0.0964 0.0239 0.0018
 0.0768 0.2599 0.5324 0.112 0.0189
 0.490249 0.384438 0.106611 0.0170017 0.00170017
 0.7925 0.1577 0.0466 0.003 0.0002
 0.840416 0.127587 0.0312969 0.00059994 9.999e-05
 0.8084 0.0986 0.0794 0.0134 0.0002
 0.7335 0.1905 0.0724 0.0035 0.0001
 0.4001 0.4547 0.1325 0.0127 0
 0.49795 0.308269 0.164784 0.0264974 0.00249975
 0.9179 0.0499 0.0305 0.0017 0
 0.2467 0.6533 0.0926 0.0074 0
 0.9418 0.0223 0.034 0.0019 0
 0.707729 0.231977 0.0356964 0.0245975 0
 0.517169 0.277429 0.184464 0.0207286 0.00020938
 0.811772 0.124168 0.05621 0.00726502 0.000585176
 0.764997 0.148141 0.077277 0.00933861 0.000247198
 0.163321 0.427699 0.378323 0.0303852 0.000271297
 0.753843 0.0900009 0.118128 0.0371064 0.000921714
 0.721811 0.176058 0.0630433 0.0369309 0.00215725
 0.143369 0.312575 0.442814 0.0836902 0.0175525
 0.692698 0.0596174 0.167031 0.0765114 0.00414204
 0.394062 0.376323 0.152708 0.0712218 0.00568511
 0.125707 0.32114 0.495352 0.0537591 0.00404204
 0.23352 0.215282 0.420074 0.123614 0.00750983
 0.774587 0.0839891 0.0768558 0.0609784 0.00358967
pf_pred 
 0.426219 0.105173 0.445616 0.0229912 7.46207e-07
 0.410349 0.270035 0.0585851 0.248224 0.0128073
 0.547348 0.200503 0.115473 0.0250524 0.111623
 0.7772 0.129231 0.0414467 0.0238699 0.0282526
 0.64865 0.281065 0.0407676 0.0130749 0.0164428
 0.728865 0.183576 0.0700429 0.0101595 0.00735598
 0.464609 0.403718 0.0891511 0.0340153 0.00850614
 0.423869 0.287949 0.217308 0.047987 0.0228878
 0.495405 0.229494 0.137495 0.103764 0.0338426
 0.647994 0.186142 0.0754361 0.0451956 0.0452322
 0.772552 0.15435 0.0386541 0.015665 0.0187781
 0.717298 0.224487 0.0395063 0.00989359 0.00881578
 0.664841 0.249803 0.0677792 0.0119281 0.00564891
 0.60353 0.275769 0.089962 0.0244094 0.00633004
 0.699267 0.192284 0.0754327 0.0246078 0.00840834
 0.915123 0.0618175 0.0147441 0.00578408 0.00253164
 0.438897 0.51929 0.0304529 0.0072633 0.00409653
 0.877465 0.0578645 0.0598516 0.00350989 0.00130929
 0.611877 0.345931 0.0199243 0.0206085 0.00165937
 0.59392 0.261858 0.128543 0.0074036 0.00827443
 0.743274 0.160961 0.061753 0.0303138 0.00369729
 0.74333 0.197168 0.0373062 0.0143126 0.0078828
 0.341452 0.506299 0.116954 0.0221289 0.0131656
 0.744354 0.095013 0.123496 0.0285275 0.00860904
 0.623366 0.289391 0.0324246 0.042145 0.0126734
 0.45215 0.35802 0.145858 0.0163425 0.0276293
 0.729699 0.130904 0.0910957 0.0371125 0.0111883
 0.686371 0.236686 0.0372627 0.0259309 0.0137491
 0.382592 0.440576 0.13345 0.0210097 0.0223727
 0.456122 0.224937 0.227593 0.0689379 0.0224106
 0.830092 0.0830704 0.0359141 0.0363383 0.014585
pobs_RECLAS
 0 0 0 0 0
 0 0 0 0 0
 0 0 0 0 0
 0 0 0 0 0
 0 0 0 0 0
 0 0 0 0 0
 0 0 0 0 0
 0 0 0 0 0
 0 0 0 0 0
 0 0 0 0 0
 0.991045 0.00858322 0.000360255 1.14367e-05 0
 0.934742 0.0480273 0.0164251 0.00080598 0
 0.827803 0.169806 0.00239088 0 0
 0.941827 0.0461693 0.0120037 0 0
 0.791401 0.0380133 0.147996 0.0225897 0
 0.846168 0.0940531 0.0597789 0 0
 0.134021 0.677848 0.182769 0.00536245 0
 0.80878 0.0450904 0.141981 0.00414843 0
 0.846168 0.0940531 0.0597789 0 0
 0.905697 0.0802665 0.012482 0.00150086 5.37128e-05
 0.989698 0.0102097 9.19794e-05 0 0
 0.975433 0.0193895 0.00387452 0.00125025 5.28907e-05
 0.303575 0.632131 0.0575291 0.00676475 0
 0.966965 0.00978017 0.0227588 0.000495775 0
 0.843318 0.132988 0.00938335 0.0141283 0.000182051
 0.564624 0.303363 0.111486 0.0197234 0.00080311
 0.826376 0.0876187 0.0782897 0.00655872 0.00115652
 0.89761 0.0855135 0.0140674 0.00269457 0.000114338
 0.34875 0.467042 0.161289 0.0227151 0.000203297
 0.318654 0.224769 0.449479 0.00709798 0
 0.937255 0.0296025 0.0250945 0.00804832 0
ppred_RECLAS
 0.456745 0.0995777 0.421909 0.021768 7.06508e-07
 0.440799 0.25609 0.0555597 0.235405 0.0121459
 0.577982 0.186934 0.107658 0.0233569 0.104069
 0.798123 0.117095 0.0375544 0.0216282 0.0255994
 0.676277 0.258964 0.037562 0.0120469 0.0151499
 0.75272 0.167425 0.0638806 0.00926569 0.00670881
 0.496052 0.380009 0.0839155 0.0320177 0.0080066
 0.454241 0.272769 0.205851 0.0454572 0.0216812
 0.526547 0.21533 0.129009 0.0973599 0.0317539
 0.676016 0.171324 0.0694307 0.0415976 0.0416314
 0.793529 0.140115 0.0350892 0.0142202 0.0170463
 0.742202 0.204711 0.036026 0.00902202 0.00803916
 0.692324 0.229319 0.0622212 0.01095 0.00518569
 0.633809 0.254708 0.0830915 0.0225452 0.0058466
 0.725133 0.175745 0.0689447 0.0224913 0.00768513
 0.924418 0.055048 0.0131295 0.00515067 0.0022544
 0.469826 0.490666 0.0287743 0.00686294 0.00387072
 0.890279 0.0518131 0.0535923 0.00314283 0.00117237
 0.641358 0.319655 0.0184109 0.0190431 0.00153333
 0.62383 0.242571 0.119075 0.00685829 0.00766498
 0.766375 0.146478 0.0561964 0.0275862 0.0033646
 0.766533 0.179344 0.0339337 0.0130187 0.00717019
 0.369934 0.484402 0.111896 0.0211719 0.0125962
 0.767246 0.086505 0.112438 0.025973 0.00783813
 0.652037 0.267362 0.0299563 0.0389368 0.0117086
 0.482986 0.337869 0.137648 0.0154227 0.0260742
 0.753476 0.11939 0.0830827 0.033848 0.0102042
 0.712427 0.217023 0.034167 0.0237767 0.0126069
 0.412263 0.419403 0.127037 0.0200001 0.0212976
 0.487089 0.212129 0.214634 0.0650127 0.0211346
 0.846905 0.0748505 0.0323604 0.0327425 0.0131418
pobs_PELACES
 0 0 0 0 0
 0 0 0 0 0
 0 0 0 0 0
 0 0 0 0 0
 0 0 0 0 0
 0 0 0 0 0
 0 0 0 0 0
 0 0 0 0 0
 0 0 0 0 0
 0 0 0 0 0
 0 0 0 0 0
 0 0 0 0 0
 0 0 0 0 0
 0 0 0 0 0
 0 0 0 0 0
 0 0 0 0 0
 0.505614 0.472636 0.0217494 0 0
 0 0 0 0 0
 0.443492 0.261883 0.143347 0.151278 0
 0.227955 0.32914 0.350689 0.0885471 0.00366901
 0.970185 0.0296113 0.000203453 0 0
 0.997202 0.00247181 0.000326279 0 0
 0.445219 0.490057 0.0546422 0.010081 0
 0.90214 0.0892962 0.00764917 0.000914606 0
 0 0 0 0 0
 0.581667 0.319106 0.0959925 0.00289975 0.000334073
 0.762889 0.0836404 0.116647 0.0363945 0.000428098
 0.88444 0.0763242 0.0277011 0.0115352 0
 0.521256 0.241999 0.230069 0.00667565 0
 0.616807 0.101726 0.260614 0.0208532 0
 0.833518 0.0704572 0.0857862 0.0102388 0
ppred_PELACES
 0.371524 0.1086 0.494009 0.0258664 8.42009e-07
 0.360181 0.279848 0.0651839 0.280283 0.0145042
 0.494503 0.213938 0.132281 0.029125 0.130153
 0.741009 0.145135 0.0499743 0.0292083 0.0346735
 0.605048 0.310902 0.0484154 0.0157582 0.0198759
 0.689309 0.20525 0.0840777 0.0123763 0.00898753
 0.420284 0.428813 0.101664 0.0393654 0.00987316
 0.373628 0.301333 0.24415 0.0547149 0.026174
 0.443263 0.242374 0.155903 0.119402 0.0390583
 0.600721 0.203176 0.088401 0.0537495 0.0539522
 0.736153 0.174457 0.0469058 0.0192913 0.0231935
 0.680402 0.249711 0.0471806 0.0119909 0.0107162
 0.623669 0.275087 0.0801344 0.0143118 0.00679784
 0.56085 0.298384 0.104506 0.0287765 0.00748462
 0.658404 0.212382 0.089451 0.0296141 0.0101489
 0.899904 0.0713559 0.018272 0.0072745 0.0031934
 0.397292 0.554561 0.0349155 0.0084513 0.00478067
 0.853866 0.0663854 0.0737201 0.00438737 0.00164146
 0.571 0.378979 0.0234347 0.0245993 0.00198657
 0.547796 0.283983 0.149667 0.00874821 0.00980613
 0.70453 0.179924 0.0741097 0.0369197 0.0045163
 0.707325 0.220733 0.0448396 0.0174581 0.00964371
 0.301142 0.527822 0.130902 0.0251357 0.0149987
 0.701187 0.105901 0.147782 0.0346442 0.0104859
 0.578473 0.317696 0.0382166 0.0504108 0.0152038
 0.404273 0.379091 0.165812 0.0188541 0.0319698
 0.686733 0.145745 0.10889 0.0450204 0.0136125
 0.644389 0.26305 0.0444621 0.0314004 0.0166984
 0.338591 0.461668 0.150134 0.0239873 0.025619
 0.404138 0.235603 0.255935 0.0786735 0.0256511
 0.798489 0.0944888 0.0438581 0.0450348 0.018129
pobs_pel_tallas
 0 0 0 0 0 0 0 0 0 0 0 0 0 0 0 0 0 0 0 0 0 0 0 0 0 0
 0 0 0 0 0 0 0 0 0 0 0 0 0 0 0 0 0 0 0 0 0 0 0 0 0 0
 0 0 0 0 0 0 0 0 0 0 0 0 0 0 0 0 0 0 0 0 0 0 0 0 0 0
 0 0 0 0 0 0 0 0 0 0 0 0 0 0 0 0 0 0 0 0 0 0 0 0 0 0
 0 0 0 0 0 0 0 0 0 0 0 0 0 0 0 0 0 0 0 0 0 0 0 0 0 0
 0 0 0 0 0 0 0 0 0 0 0 0 0 0 0 0 0 0 0 0 0 0 0 0 0 0
 0 0 0 0 0 0 0 0 0 0 0 0 0 0 0 0 0 0 0 0 0 0 0 0 0 0
 0 0 0 0 0 0 0 0 0 0 0 0 0 0 0 0 0 0 0 0 0 0 0 0 0 0
 0 0 0 0 0 0 0 0 0 0 0 0 0 0 0 0 0 0 0 0 0 0 0 0 0 0
 0 0 0 0 0 0 0 0 0 0 0 0 0 0 0 0 0 0 0 0 0 0 0 0 0 0
 0 0 0 0 0 0 0 0 0 0 0 0 0 0 0 0 0 0 0 0 0 0 0 0 0 0
 0 0 0 0 0 0 0 0 0 0 0 0 0 0 0 0 0 0 0 0 0 0 0 0 0 0
 0.00862536 0 0 0.000197151 0.00414017 0.0128641 0.00837892 0.0270097 0.101434 0.158115 0.152841 0.127902 0.109271 0.109419 0.0830992 0.0579132 0.0238553 0.00714673 0.00463305 0.00128148 0.00103504 0.000492878 0.000147863 0.000147863 4.92878e-05 0
 0 0 0 0 0 0 0 0 0 0 0 0 0 0 0 0 0 0 0 0 0 0 0 0 0 0
 0 0 0 0 0 0 0 0.0054083 0.00873648 0.0413646 0.0450493 0.0745869 0.0622846 0.0627006 0.0613931 0.0827291 0.12552 0.122667 0.0946155 0.0697135 0.0546179 0.0294188 0.0215738 0.0213955 0.0102223 0.00600262
 0 0 0 0 0.00359764 0.0251062 0.0480494 0.140153 0.205849 0.193036 0.1447 0.116669 0.0760912 0.0342217 0.00950174 0.001854 0.000860785 0 0 0 0.000165536 0 0.000143464 0 0 0
 0 0 0 0 0 0 0 0.000145254 0.000435761 0.0275982 0.070085 0.0708112 0.156366 0.174668 0.174014 0.160142 0.0824315 0.0480064 0.0283245 0.00493863 0.00203355 0 0 0 0 0
 0 0 0 0 0 0 0 0 0 0 0 0 0 0 0 0 0 0 0 0 0 0 0 0 0 0
 0 0 1.00437e-05 0.000401748 0.00122533 0.00171747 0.00176769 0.0269171 0.070346 0.194647 0.189555 0.159765 0.064822 0.0314167 0.0384472 0.0292271 0.0345202 0.0313363 0.0194345 0.0106764 0.0143323 0.0359363 0.0279516 0.0138201 0.00172751 0
 0 0.0021121 0.0136068 0.0755702 0.200478 0.177729 0.0527432 0.0373336 0.0318909 0.0142505 0.0149659 0.0166563 0.0217959 0.0798694 0.0677717 0.0528807 0.04013 0.0224614 0.0357745 0.0225083 0.00881397 0.00855152 0.00135912 0.000746735 0 0
 0 0 0 0 5.4009e-05 0.00500934 0.000945158 0.0243581 0.138947 0.33067 0.221406 0.137944 0.0707744 0.0437923 0.0131692 0.00525238 0.0047753 0.00276346 9.45158e-05 9.00151e-06 2.25038e-05 9.00151e-06 4.50075e-06 0 0 0
 0.000866109 0.00284123 0.00948549 0.0512746 0.133035 0.25785 0.225252 0.132002 0.0553304 0.0519788 0.0540692 0.017754 0.00435017 0.00159236 0.00146478 0.000404838 0.000125132 0.000115318 0.000107957 0.000100596 0 0 0 0 0 0
 0 0 0 0 0.00144013 0.00171154 0.00461396 0.0210425 0.0478622 0.0707936 0.0888783 0.103762 0.0637923 0.0337046 0.0602308 0.124433 0.169614 0.0934646 0.0462172 0.0250306 0.0313229 0.00938855 0.002487 0.000210481 0 0
 0 0.00764035 0.051015 0.0998891 0.058973 0.0496711 0.0374665 0.0718981 0.12319 0.153886 0.159021 0.0857701 0.0377988 0.023471 0.0147837 0.00900784 0.00315554 0.000888139 0.00291439 0.00214683 0.00393193 0.00274676 0.000635225 9.99891e-05 0 0
 0 0 0 0 0 0 0 0 0 0 0 0 0 0 0 0 0 0 0 0 0 0 0 0 0 0
 0 0 0 0 0 0 0 0 0 0 0 0 0 0 0 0 0 0 0 0 0 0 0 0 0 0
 0 0 0 0 0 0 0 0 0 0 0 0 0 0 0 0 0 0 0 0 0 0 0 0 0 0
 0 0 0 0 0 0 0 0 0 0 0 0 0 0 0 0 0 0 0 0 0 0 0 0 0 0
 0 0 0 0 0 0 0 0 0 0 0 0 0 0 0 0 0 0 0 0 0 0 0 0 0 0
 0 0 0 0 0 0 0 0 0 0 0 0 0 0 0 0 0 0 0 0 0 0 0 0 0 0
 0 0 0 0 0 0 0 0 0 0 0 0 0 0 0 0 0 0 0 0 0 0 0 0 0 0
ppred_pel_tallas
 1.16878e-16 3.0602e-05 0.000297462 0.00197674 0.00898598 0.0279588 0.0595695 0.0869458 0.086957 0.0596247 0.0281461 0.00953647 0.00339434 0.00351028 0.00647782 0.0115595 0.0187358 0.0278935 0.0387699 0.05098 0.0637806 0.0756829 0.0844077 0.0875585 0.0837547 0.0734654
 1.32516e-16 2.96677e-05 0.00028838 0.00191639 0.00871165 0.0271053 0.0577517 0.084296 0.0843231 0.0578843 0.0275508 0.0100005 0.00515978 0.00739752 0.013621 0.0227226 0.0333656 0.0434132 0.0508406 0.0550519 0.0573578 0.0600389 0.0646478 0.0708457 0.0765512 0.0791287
 1.28819e-16 4.07316e-05 0.000395926 0.00263107 0.0119605 0.0372136 0.0792882 0.115728 0.115749 0.07939 0.0375559 0.0129518 0.0051292 0.00588248 0.0105601 0.0176605 0.0260821 0.0342073 0.0404631 0.0442791 0.0464564 0.04853 0.0516105 0.0556116 0.0593508 0.0612728
 1.10277e-16 6.1036e-05 0.000593291 0.00394263 0.0179226 0.055764 0.118812 0.173412 0.173426 0.11888 0.0559948 0.0185901 0.00562115 0.00426834 0.00707332 0.0116855 0.0170427 0.021905 0.0250725 0.0260534 0.0253664 0.024155 0.0234133 0.023428 0.0237771 0.0237393
 1.06421e-16 4.98371e-05 0.000484434 0.00321924 0.0146342 0.0455326 0.0970131 0.1416 0.14163 0.0971596 0.0460245 0.0160552 0.00678669 0.00827459 0.0148521 0.0244949 0.0353319 0.0445461 0.0493077 0.0483362 0.0426686 0.0349462 0.0278072 0.0226344 0.0193824 0.0172287
 1.05241e-16 5.67775e-05 0.000551897 0.00366755 0.0166722 0.0518734 0.110523 0.161315 0.161335 0.11062 0.0521998 0.0176161 0.00604122 0.00574783 0.00996647 0.0164957 0.0240118 0.0307285 0.0348494 0.0355276 0.0333181 0.0296952 0.0260515 0.0229973 0.0203771 0.0177623
 1.08663e-16 3.46184e-05 0.000336503 0.00223618 0.0101654 0.0316285 0.0673894 0.0983654 0.0984069 0.0675917 0.0323081 0.0121294 0.00716972 0.0111188 0.0205486 0.0340128 0.049223 0.0623889 0.0696641 0.0692825 0.0625777 0.0529862 0.0438722 0.0368956 0.0318826 0.0277853
 1.1704e-16 3.07753e-05 0.000299147 0.00198794 0.0090369 0.0281173 0.059908 0.0874436 0.087473 0.0600517 0.0286008 0.0104375 0.00551989 0.00806326 0.0149347 0.0250572 0.0370688 0.0486691 0.0574908 0.0624063 0.0640394 0.063973 0.0633615 0.0621535 0.0594437 0.0544323
 1.23146e-16 3.6511e-05 0.0003549 0.00235844 0.0107211 0.0333576 0.0710727 0.103738 0.103761 0.0711881 0.0337458 0.0118455 0.0051929 0.00658303 0.0119859 0.0200812 0.029702 0.039034 0.0462834 0.050741 0.0531717 0.0550909 0.0575008 0.0601254 0.0616586 0.0606698
 1.17124e-16 4.94806e-05 0.00048097 0.00319621 0.0145295 0.0452069 0.0963187 0.140584 0.140604 0.0964151 0.0455307 0.0154664 0.00555405 0.00564912 0.00992782 0.0165043 0.0241818 0.0313093 0.0362693 0.038414 0.0384612 0.0379297 0.038056 0.0390464 0.0401295 0.0401856
 1.07258e-16 6.06359e-05 0.000589403 0.00391679 0.0178052 0.0553986 0.118033 0.172276 0.172293 0.118116 0.0556754 0.0186052 0.00592726 0.00498586 0.00843313 0.0139071 0.0201762 0.0256959 0.0289449 0.0292556 0.0272105 0.0242153 0.021593 0.0199094 0.0189304 0.0180459
 1.04442e-16 5.60438e-05 0.000544766 0.00362016 0.0164567 0.0512032 0.109095 0.159232 0.159256 0.109212 0.0515985 0.0175989 0.00648808 0.00680906 0.0119638 0.0197184 0.0284678 0.0359454 0.0398794 0.0392283 0.0347918 0.0286396 0.022838 0.0184688 0.0155128 0.0133753
 1.04969e-16 5.13708e-05 0.000499343 0.00331831 0.0150846 0.0469338 0.0999985 0.145956 0.145983 0.100128 0.0473702 0.0163459 0.00648754 0.00742845 0.0132423 0.0218926 0.0317231 0.0402922 0.0451327 0.0450905 0.0409695 0.0348992 0.0289673 0.0242103 0.0205569 0.017438
 1.07245e-16 4.61965e-05 0.000449046 0.00298407 0.0135652 0.0422065 0.0899264 0.131256 0.131285 0.0900675 0.0426805 0.0149356 0.0064292 0.00798669 0.0144114 0.0238827 0.034707 0.0442927 0.0500151 0.0506521 0.0470561 0.0414496 0.0359472 0.0314971 0.027875 0.0243959
 1.07324e-16 5.42319e-05 0.000527153 0.00350312 0.0159247 0.0495477 0.105567 0.154083 0.154104 0.105668 0.0498857 0.0169022 0.00596175 0.00591106 0.0103286 0.0171194 0.0249626 0.0320412 0.0365326 0.0375984 0.0358368 0.0327635 0.0297606 0.0273497 0.0252315 0.0228353
 1.01816e-16 7.41239e-05 0.000720511 0.00478805 0.0217658 0.0677215 0.144288 0.210594 0.210601 0.144322 0.0678346 0.0220928 0.00560964 0.00251657 0.00349264 0.00567658 0.00821747 0.010435 0.011691 0.0116964 0.0106751 0.00919491 0.00780487 0.00676448 0.00602577 0.00539775
 1.02806e-16 3.27245e-05 0.000318094 0.00211385 0.00960929 0.0298983 0.0637036 0.0929884 0.0930418 0.0639644 0.0307738 0.012137 0.00845534 0.0141502 0.0262688 0.0432877 0.0621478 0.0777185 0.0847917 0.0809683 0.0681107 0.0511311 0.0351266 0.0230668 0.0153528 0.0108424
 1.02863e-16 7.03318e-05 0.00068365 0.0045431 0.0206523 0.0642569 0.136906 0.19982 0.199827 0.136938 0.0643639 0.0209628 0.00532737 0.0024116 0.00339843 0.00562771 0.00838042 0.0111205 0.0133306 0.014738 0.0154104 0.0155883 0.015414 0.0148147 0.013623 0.0117911
 1.03577e-16 4.70326e-05 0.000457174 0.00303808 0.0138107 0.0429704 0.0915543 0.133634 0.13367 0.0917326 0.0435688 0.0155386 0.0073733 0.00991454 0.0179896 0.0296182 0.0425525 0.0532891 0.0582998 0.0559818 0.0476367 0.0366223 0.0263768 0.0188321 0.0141299 0.0113614
 1.06929e-16 4.51213e-05 0.000438595 0.00291462 0.0132494 0.0412241 0.0878333 0.128201 0.128229 0.087968 0.0416767 0.0145589 0.00620977 0.00765887 0.0138365 0.0230079 0.0336151 0.0432595 0.0494866 0.0511035 0.0487796 0.0443813 0.0396373 0.0352509 0.0309998 0.0264349
 1.06652e-16 5.80313e-05 0.000564085 0.00374854 0.0170403 0.0530189 0.112963 0.164877 0.164894 0.113048 0.0533052 0.0178685 0.00583171 0.00512613 0.00876515 0.0145124 0.0211698 0.0271964 0.0310604 0.0320669 0.0307361 0.0283535 0.0260711 0.0242879 0.0226918 0.0207452
 1.04734e-16 5.82615e-05 0.000566323 0.00376341 0.0171079 0.0532293 0.113411 0.165532 0.165553 0.113515 0.0535789 0.0181181 0.00630029 0.00610885 0.010598 0.0174646 0.0252396 0.0319272 0.0355366 0.0351622 0.0315151 0.0264099 0.021635 0.0180898 0.0156965 0.0138826
 1.08972e-16 2.48048e-05 0.000241111 0.00160227 0.00728372 0.0226626 0.048287 0.070487 0.070538 0.0485361 0.0234992 0.00970121 0.00767495 0.0135126 0.0252733 0.0418566 0.0605606 0.076717 0.085562 0.0848793 0.076266 0.0639265 0.0520232 0.0426854 0.0358413 0.0303583
 1.09541e-16 5.77558e-05 0.000561407 0.00373075 0.0169595 0.0527672 0.112427 0.164092 0.164102 0.112478 0.0529392 0.0174591 0.00499561 0.00335791 0.00547271 0.00922847 0.0139271 0.0188562 0.0233028 0.0269106 0.0297816 0.0321637 0.0340142 0.0348637 0.0341064 0.0314459
 1.08813e-16 4.76481e-05 0.000463156 0.00307784 0.0139914 0.0435327 0.0927521 0.135381 0.135411 0.0929018 0.0440352 0.015443 0.00672215 0.00842093 0.0151684 0.0250236 0.0361046 0.0455554 0.050523 0.049759 0.0443934 0.0371746 0.0307855 0.0265311 0.0241694 0.0226316
 1.12183e-16 3.32995e-05 0.000323683 0.00215099 0.00977811 0.0304235 0.0648219 0.0946171 0.0946538 0.0650014 0.0310268 0.0115228 0.0065393 0.00993264 0.0183684 0.0305393 0.0445178 0.0570918 0.0649815 0.06665 0.0631299 0.0571185 0.0511288 0.0462005 0.0419501 0.0374981
 1.09999e-16 5.65653e-05 0.000549835 0.00365385 0.0166099 0.0516795 0.110109 0.160711 0.160725 0.110179 0.0519132 0.0172868 0.00536063 0.00430112 0.00725597 0.0121043 0.0179001 0.0235064 0.0277983 0.0302712 0.0312809 0.0316426 0.0319278 0.03206 0.0314797 0.0296383
 1.07326e-16 5.30775e-05 0.000515932 0.00342855 0.0155857 0.0484931 0.103321 0.150805 0.15083 0.103445 0.0489095 0.0167889 0.00644985 0.00711576 0.0126007 0.0207842 0.0300272 0.0379677 0.0422492 0.0418263 0.0375979 0.0317819 0.0265414 0.0229264 0.0207541 0.0192023
 1.11192e-16 2.78894e-05 0.000271095 0.00180152 0.0081895 0.0254808 0.0542912 0.0792489 0.0792936 0.0545094 0.0262137 0.0103083 0.00712666 0.0119183 0.022214 0.0368532 0.0534917 0.0681218 0.0766533 0.0771829 0.0710582 0.0618004 0.0528095 0.0456899 0.0401893 0.0352549
 1.19677e-16 3.32883e-05 0.000323575 0.00215027 0.00977482 0.0304132 0.0647994 0.0945815 0.0946046 0.0649124 0.0307936 0.0108783 0.00493858 0.00647156 0.0118896 0.0200772 0.0300344 0.0401255 0.0486701 0.0548791 0.0591589 0.0624321 0.06508 0.0664682 0.0654138 0.061096
 1.08875e-16 6.57705e-05 0.000639313 0.00424846 0.0193129 0.0600896 0.128028 0.186862 0.186871 0.128072 0.0602404 0.0197493 0.00534746 0.00305012 0.00467961 0.00772758 0.0113573 0.0147907 0.0173027 0.0186187 0.0190816 0.0193722 0.0199969 0.0209464 0.0217486 0.0218013
pSPR Fmed_Fpbrs
0.744387   0.194084 0.194084
Fs Fmed_Fpbrs
0.147969   1.005 1.005
SSBpbr Bo_Bmed_Bpbrs
2.5035e+06  1.7384e+06  360714 360714
Ro
245553
SPR SPRFo_SPRFmed_SPRFpbrs
1.7552e+06 1.30655e+06 340656
Fref
1.005
Nvult_r0
 298846 26779.7 11577.8 11714.5 4701.82
CTP_r0
 28822.7 2884.39 1247.02 1261.75 506.424
YTP_r0
391301
Np
 324427 147616 12955.7 5601.16 7515.14
Nvult_p0
 275352 127738 11211.1 4846.91 6503.15
CTP_p0
 129563 64028.2 5619.51 2429.5 3259.68
YTP_p0
 2.32033e+06
CBA_c0
970011
log_Ro
12.2313
likeval ReclasPelacesDesembMPH_pf_preclas_ppelaces_ptallas_desvR_qrecl_qpela
 18.6461 18.2323 0.1461 0.000801606 242.047 121.227 100.206 0 20.2238 1.25918e-05 0 0.741452 0 0 0
q_reclas_q_pelaces
0.604813 1
M
1
N
 256042 56094.5 237671 12262.4 0.397993
 149160 87417.1 18965.5 80356.3 4146.05
 147225 48017.9 27654.3 5999.71 26732.2
 320993 47634.3 15277.2 8798.42 10413.9
 258074 99180.8 14385.9 4613.82 5802.25
 401009 89842.5 34279.1 4972.08 3600.03
 169866 132093 29169.5 11129.5 2783.13
 82577.2 49700.3 37507.5 8282.61 3950.47
 71091.8 29337.2 17576.6 13264.6 4326.25
 88795.7 22773.2 9229.09 5529.37 5533.85
 153701 27229.8 6819.18 2763.55 3312.76
 191661 53736.9 9456.88 2368.3 2110.29
 163181 54880.3 14890.7 2620.53 1241.03
 115530 47560.5 15515.3 4209.77 1091.71
 119396 29404.7 11535.4 3763.12 1285.83
 568575 34380.8 8200.14 3216.9 1408.01
 156945 165494 9705.11 2314.76 1305.53
 847308 49828.1 51539.2 3022.43 1127.45
 525398 265868 15313 15838.8 1275.32
 388823 153236 75222 4332.49 4842.1
 603293 116479 44687.2 21936.5 2675.52
 802541 190183 35984.5 13805.5 7603.53
 184114 242874 56103.5 10615.3 6315.6
 533201 60494.2 78629.4 18163.3 5481.32
 431957 178268 19973.9 25961.7 7806.93
 204737 143972 58654.4 6571.89 11110.7
 436040 69537.4 48390.8 19714.5 5943.34
 474539 145379 22887.8 15927.5 8445.11
 156484 160061 48482.6 7632.85 8128.03
 120773 52982.6 53608.4 16238 5278.69
 446462 39735.4 17178.9 17381.8 6976.5
pred_Ctot
 11713.3 2890.34 12246.3 631.837 0.0205071
 11908 7836.2 1700.09 7203.26 371.658
 11332.9 4151.43 2390.88 518.711 2311.16
 32951.5 5479.08 1757.24 1012.03 1197.85
 8798.67 3812.52 552.995 177.356 223.039
 26753.7 6738.35 2570.99 372.915 270.008
 22390.4 19455.9 4296.35 1639.26 409.926
 1794.28 1218.92 919.888 203.135 96.8869
 5873.8 2721.01 1630.22 1230.28 401.257
 9480.84 2723.46 1103.71 661.259 661.795
 4842.41 967.478 242.287 98.1891 117.703
 27406.5 8577.17 1509.45 378.013 336.833
 21837.8 8205.22 2226.32 391.799 185.548
 23185.4 10594 3456.02 937.722 243.177
 16727.2 4599.63 1804.43 588.646 201.136
 76487.7 5166.82 1232.34 483.444 211.599
 13753.8 16273.1 954.308 227.612 128.374
 79793.8 5262.01 5442.71 319.178 119.063
 70125.4 39646.2 2283.47 2361.88 190.176
 46409.7 20462 10044.5 578.527 646.575
 55257.8 11966.5 4590.95 2253.64 274.87
 91421 24249.4 4588.23 1760.28 969.493
 12551.6 18611.3 4299.19 813.45 483.962
 30974.2 3953.7 5138.96 1187.09 358.241
 25872.2 12010.9 1345.75 1749.18 525.996
 9998.52 7916.99 3225.39 361.387 610.975
 26035.4 4670.61 3250.26 1324.16 399.195
 25112.8 8659.81 1363.36 948.755 503.05
 7931.58 9133.66 2766.58 435.557 463.814
 8140.23 4014.36 4061.77 1230.31 399.953
 28822.7 2884.39 1247.02 1261.75 506.424
F
 0.0746489 0.0844173 0.0844173 0.0844173 0.0844173
 0.133447 0.150909 0.150909 0.150909 0.150909
 0.128407 0.14521 0.14521 0.14521 0.14521
 0.174475 0.197307 0.197307 0.197307 0.197307
 0.0551874 0.0624091 0.0624091 0.0624091 0.0624091
 0.110478 0.124935 0.124935 0.124935 0.124935
 0.228998 0.258964 0.258964 0.258964 0.258964
 0.0348773 0.0394412 0.0394412 0.0394412 0.0394412
 0.138387 0.156496 0.156496 0.156496 0.156496
 0.182026 0.205846 0.205846 0.205846 0.205846
 0.0509077 0.0575694 0.0575694 0.0575694 0.0575694
 0.250575 0.283364 0.283364 0.283364 0.283364
 0.232856 0.263327 0.263327 0.263327 0.263327
 0.368375 0.41658 0.41658 0.41658 0.41658
 0.24495 0.277004 0.277004 0.277004 0.277004
 0.234198 0.264845 0.264845 0.264845 0.264845
 0.147316 0.166593 0.166593 0.166593 0.166593
 0.159064 0.179879 0.179879 0.179879 0.179879
 0.232175 0.262557 0.262557 0.262557 0.262557
 0.205413 0.232293 0.232293 0.232293 0.232293
 0.154415 0.174622 0.174622 0.174622 0.174622
 0.195241 0.22079 0.22079 0.22079 0.22079
 0.113008 0.127796 0.127796 0.127796 0.127796
 0.0956116 0.108123 0.108123 0.108123 0.108123
 0.0987063 0.111623 0.111623 0.111623 0.111623
 0.0798599 0.0903102 0.0903102 0.0903102 0.0903102
 0.098386 0.111261 0.111261 0.111261 0.111261
 0.086786 0.0981426 0.0981426 0.0981426 0.0981426
 0.0829922 0.0938524 0.0938524 0.0938524 0.0938524
 0.111667 0.12628 0.12628 0.12628 0.12628
 0.106741 0.120709 0.120709 0.120709 0.120709
YTP_r0W_actual
 244993 47015.6 36038.8 43908.8 19345.4
YTP_p0W_proyectada
 974316 1.03213e+06 131384 71670.2 110829
CTP_r0_actual
 28822.7 2884.39 1247.02 1261.75 506.424
CTP_p0_proyectada
 129563 64028.2 5619.51 2429.5 3259.68
Wmedp
 7.52 16.12 23.38 29.5 34
Frms_r0
 0.106741 0.120709 0.120709 0.120709 0.120709
Zrms_r0
 1.10674 1.12071 1.12071 1.12071 1.12071
nmprior
 8.19 8.8 8.5 0
nm_flota  nm_reclas  nm_pelaces    nm_pelaL
inf 11.2124 11.4549 23.8062
cv_recla  cv_pelaces  cv_mph
0.390588 0.484165 0.873747
 ------------------------------------------------
Talla a la edad & desviaci?n 
 8 13.2811 15.8009 17.003 17.5766
 0.8 1.32811 1.58009 1.7003 1.75766
