years
 1991 1992 1993 1994 1995 1996 1997 1998 1999 2000 2001 2002 2003 2004 2005 2006 2007 2008 2009 2010 2011 2012 2013 2014 2015 2016 2017 2018 2019 2020 2021
reclasobs
 0 0 0 0 0 0 0 0 0 252601 567819 844713 477998 351125 339783 2.1784e+06 2.13404e+06 4.81314e+06 1.55562e+06 2.62356e+06 3.21686e+06 3.843e+06 1.13348e+06 3.07943e+06 1.97215e+06 2.03268e+06 2.025e+06 2.42433e+06 2.27542e+06 1.05018e+06 2.36338e+06
reclaspred
 3.23354e+06 1.80737e+06 917063 932785 939045 1.49135e+06 931147 824299 598794 433119 504477 650907 641197 497627 502283 1.30019e+06 1.24775e+06 2.87147e+06 2.349e+06 1.74367e+06 3.06707e+06 2.4921e+06 1.9743e+06 3.04879e+06 2.28976e+06 2.02866e+06 2.40324e+06 2.55626e+06 2.09114e+06 1.31986e+06 1.92015e+06
pelacesobs
 0 0 0 0 0 0 0 0 0 0 0 0 0 0 0 552880 188675 0 991730 2.46772e+06 1.41603e+06 1.21717e+06 2.29649e+06 1.80582e+06 0 1.4828e+06 1.56532e+06 1.57751e+06 1.42118e+06 867257 1.10002e+06
pelacespred
 1.8044e+06 1.11955e+06 566294 471931 497171 816868 470888 518348 362063 247497 299225 321336 348093 283747 294757 634572 610382 1.62237e+06 1.36486e+06 937686 1.60689e+06 1.40742e+06 1.1173e+06 1.89361e+06 1.36763e+06 1.20964e+06 1.63339e+06 1.71359e+06 1.15415e+06 825114 1.18446e+06
mphobs
 0 0 0 0 0 0 0 0 0 0 0 498337 0 5186 125008 0 168611 109162 213762 579715 649985 157893 87575 83554 0 0 0 0 0 0 0
mphpred
 490182 327820 162809 89415.9 99616.6 114234 150157 92454.9 82169.3 56117.3 36830.6 59847.5 64121.5 54128.2 36364.4 46046.3 149092 141181 285328 212634 226983 279196 265457 218905 305707 252624 207995 221269 309468 210601 131756
desembarqueobs
 494567 514787 250237 358949 120608 361735 552515 73892 212993 205616 52469 317467 293654 387597 252695 516296 358380 742168 942051 627588 828172 859565 418607 520667 417249 300574 415391 372974 316634 284311 391294
desembarquepred
 494574 513498 250884 358980 120613 361751 552569 73896.5 213046 205665 52471.7 317538 293708 387636 252691 516261 358406 742068 941856 627453 828249 859589 418618 520694 417249 300577 415392 372959 316627 284320 391300
Reclutas
 194487 109377 110179 185611 148978 252971 104635 47577.4 44718 59287 109744 146535 122620 85819.1 84900.4 451994 96994.1 706092 403222 314042 455734 615340 129151 377048 320420 143558 319599 359239 107871 78322 290204
log_desv_Rt
 0.12049 -0.455074 -0.447768 0.0737801 -0.146079 0.383401 -0.499397 -1.28752 -1.3495 -1.06749 -0.451721 -0.162612 -0.340783 -0.697633 -0.708396 0.963795 -0.575225 1.40987 0.849614 0.599651 0.972034 1.2723 -0.288894 0.782497 0.619757 -0.183135 0.617194 0.734112 -0.468943 -0.789046 0.520711
SSB
 3.02388e+06 2.02229e+06 1.00435e+06 551596 614524 704699 926303 570344 506893 346181 227204 369192 395558 333911 224328 284054 919729 870931 1.76016e+06 1.31172e+06 1.40023e+06 1.72233e+06 1.63758e+06 1.3504e+06 1.88587e+06 1.55841e+06 1.2831e+06 1.36498e+06 1.90907e+06 1.29917e+06 812788
BT
 4.09583e+06 2.78936e+06 1.4028e+06 1.26249e+06 1.108e+06 1.9726e+06 1.45548e+06 1.12103e+06 949726 703001 655352 921282 976206 981423 854263 1.71233e+06 1.52402e+06 3.96182e+06 3.68701e+06 2.47445e+06 3.94746e+06 3.67084e+06 2.64179e+06 4.34407e+06 3.17259e+06 2.73163e+06 3.75351e+06 3.86761e+06 2.61378e+06 1.95761e+06 2.7856e+06
Ftot
 0.140539 0.256318 0.249773 0.374608 0.124721 0.2431 0.536037 0.0863013 0.338345 0.447881 0.108159 0.474275 0.44325 0.741389 0.510057 0.421551 0.270173 0.269715 0.384711 0.347087 0.267031 0.338255 0.198391 0.17431 0.175316 0.141196 0.17512 0.149883 0.138987 0.199373 0.21041
BD_Bspro_t
 0.977816 0.840195 0.676656 0.587615 0.583059 0.660329 0.651034 0.487154 0.544667 0.499842 0.465627 0.669424 0.552481 0.462139 0.354033 0.410957 0.584296 0.558202 0.659113 0.560016 0.530533 0.578652 0.594814 0.587366 0.693296 0.702326 0.709481 0.744149 0.788266 0.722973 0.656731
BD_Bspro
 2.4537 1.64097 0.814972 0.447589 0.498651 0.571823 0.751641 0.462801 0.411314 0.280906 0.184363 0.299578 0.320973 0.27095 0.182029 0.230494 0.746307 0.70671 1.42827 1.06438 1.13621 1.39757 1.3288 1.09577 1.53028 1.26456 1.04116 1.10761 1.5491 1.0542 0.659531
BD_Bo
 1.64434 1.09969 0.546151 0.29995 0.334169 0.383206 0.50371 0.310145 0.275641 0.188248 0.12355 0.200762 0.215099 0.181576 0.121986 0.154465 0.500136 0.4736 0.957148 0.713293 0.761427 0.936577 0.89049 0.734329 1.02551 0.84744 0.69773 0.742259 1.03813 0.706471 0.441983
BD_Brms
 2.98971 1.99944 0.993002 0.545364 0.60758 0.696737 0.915837 0.5639 0.501166 0.34227 0.224637 0.365021 0.391089 0.330138 0.221793 0.280845 0.909338 0.86109 1.74027 1.2969 1.38441 1.70287 1.61907 1.33514 1.86457 1.5408 1.2686 1.34956 1.8875 1.28449 0.803605
Sel_flota
 0.77494 0.984945 0.999196 0.999958 0.999998
 0.77494 0.984945 0.999196 0.999958 0.999998
 0.77494 0.984945 0.999196 0.999958 0.999998
 0.77494 0.984945 0.999196 0.999958 0.999998
 0.77494 0.984945 0.999196 0.999958 0.999998
 0.77494 0.984945 0.999196 0.999958 0.999998
 0.77494 0.984945 0.999196 0.999958 0.999998
 0.77494 0.984945 0.999196 0.999958 0.999998
 0.77494 0.984945 0.999196 0.999958 0.999998
 0.77494 0.984945 0.999196 0.999958 0.999998
 0.77494 0.984945 0.999196 0.999958 0.999998
 0.77494 0.984945 0.999196 0.999958 0.999998
 0.77494 0.984945 0.999196 0.999958 0.999998
 0.77494 0.984945 0.999196 0.999958 0.999998
 0.77494 0.984945 0.999196 0.999958 0.999998
 0.77494 0.984945 0.999196 0.999958 0.999998
 0.77494 0.984945 0.999196 0.999958 0.999998
 0.77494 0.984945 0.999196 0.999958 0.999998
 0.77494 0.984945 0.999196 0.999958 0.999998
 0.77494 0.984945 0.999196 0.999958 0.999998
 0.77494 0.984945 0.999196 0.999958 0.999998
 0.77494 0.984945 0.999196 0.999958 0.999998
 0.77494 0.984945 0.999196 0.999958 0.999998
 0.77494 0.984945 0.999196 0.999958 0.999998
 0.77494 0.984945 0.999196 0.999958 0.999998
 0.77494 0.984945 0.999196 0.999958 0.999998
 0.77494 0.984945 0.999196 0.999958 0.999998
 0.77494 0.984945 0.999196 0.999958 0.999998
 0.77494 0.984945 0.999196 0.999958 0.999998
 0.77494 0.984945 0.999196 0.999958 0.999998
 0.77494 0.984945 0.999196 0.999958 0.999998
Sel_reclas
 1 1 1 1 1
 1 1 1 1 1
 1 1 1 1 1
 1 1 1 1 1
 1 1 1 1 1
 1 1 1 1 1
 1 1 1 1 1
 1 1 1 1 1
 1 1 1 1 1
 1 1 1 1 1
 1 1 1 1 1
 1 1 1 1 1
 1 1 1 1 1
 1 1 1 1 1
 1 1 1 1 1
 1 1 1 1 1
 1 1 1 1 1
 1 1 1 1 1
 1 1 1 1 1
 1 1 1 1 1
 1 1 1 1 1
 1 1 1 1 1
 1 1 1 1 1
 1 1 1 1 1
 1 1 1 1 1
 1 1 1 1 1
 1 1 1 1 1
 1 1 1 1 1
 1 1 1 1 1
 1 1 1 1 1
 1 1 1 1 1
Sel_pelaces
 1 1 1 1 1
 1 1 1 1 1
 1 1 1 1 1
 1 1 1 1 1
 1 1 1 1 1
 1 1 1 1 1
 1 1 1 1 1
 1 1 1 1 1
 1 1 1 1 1
 1 1 1 1 1
 1 1 1 1 1
 1 1 1 1 1
 1 1 1 1 1
 1 1 1 1 1
 1 1 1 1 1
 1 1 1 1 1
 1 1 1 1 1
 1 1 1 1 1
 1 1 1 1 1
 1 1 1 1 1
 1 1 1 1 1
 1 1 1 1 1
 1 1 1 1 1
 1 1 1 1 1
 1 1 1 1 1
 1 1 1 1 1
 1 1 1 1 1
 1 1 1 1 1
 1 1 1 1 1
 1 1 1 1 1
 1 1 1 1 1
pf_obs 
 0.8446 0.082 0.0669 0.0065 0
 0.8095 0.147 0.0364 0.0071 0
 0.9664 0.0169 0.016 0.0007 0
 0.9276 0.0648 0.0075 0.0001 0
 0.7033 0.2144 0.0806 0.0017 0
 0.9318 0.0425 0.0243 0.0014 0
 0.5671 0.3108 0.0964 0.0239 0.0018
 0.0768 0.2599 0.5324 0.112 0.0189
 0.490249 0.384438 0.106611 0.0170017 0.00170017
 0.7925 0.1577 0.0466 0.003 0.0002
 0.840416 0.127587 0.0312969 0.00059994 9.999e-05
 0.8084 0.0986 0.0794 0.0134 0.0002
 0.7335 0.1905 0.0724 0.0035 0.0001
 0.4001 0.4547 0.1325 0.0127 0
 0.49795 0.308269 0.164784 0.0264974 0.00249975
 0.9179 0.0499 0.0305 0.0017 0
 0.2467 0.6533 0.0926 0.0074 0
 0.9418 0.0223 0.034 0.0019 0
 0.707729 0.231977 0.0356964 0.0245975 0
 0.517169 0.277429 0.184464 0.0207286 0.00020938
 0.811772 0.124168 0.05621 0.00726502 0.000585176
 0.764997 0.148141 0.077277 0.00933861 0.000247198
 0.163321 0.427699 0.378323 0.0303852 0.000271297
 0.753843 0.0900009 0.118128 0.0371064 0.000921714
 0.721811 0.176058 0.0630433 0.0369309 0.00215725
 0.143369 0.312575 0.442814 0.0836902 0.0175525
 0.692698 0.0596174 0.167031 0.0765114 0.00414204
 0.394062 0.376323 0.152708 0.0712218 0.00568511
 0.125707 0.32114 0.495352 0.0537591 0.00404204
 0.23352 0.215282 0.420074 0.123614 0.00750983
 0.774587 0.0839891 0.0768558 0.0609784 0.00358967
pf_pred 
 0.446657 0.124005 0.405103 0.0242343 8.15542e-07
 0.411586 0.300343 0.0653073 0.210199 0.0125651
 0.561656 0.209292 0.117861 0.0252242 0.0859673
 0.738434 0.163753 0.0470992 0.0261063 0.0246074
 0.646626 0.278775 0.0470057 0.0132933 0.0143003
 0.740939 0.181472 0.0614027 0.010202 0.00598406
 0.467751 0.419554 0.0793203 0.026417 0.00695769
 0.446044 0.300507 0.200571 0.0372288 0.0156488
 0.52844 0.239076 0.126958 0.0835234 0.0220026
 0.695314 0.18191 0.0627701 0.0327822 0.0272238
 0.809845 0.143233 0.0282174 0.00956715 0.00913711
 0.731616 0.22672 0.0314986 0.00611509 0.00405022
 0.677762 0.252937 0.0587067 0.00801143 0.00258295
 0.622418 0.278507 0.0780644 0.0178009 0.00320934
 0.73178 0.186877 0.0603238 0.0165656 0.00445356
 0.932248 0.0532763 0.0101417 0.00321455 0.00111898
 0.381614 0.586334 0.0252985 0.00473288 0.00202046
 0.897306 0.0457005 0.0540848 0.00229653 0.000612521
 0.588284 0.37865 0.0148462 0.0172904 0.000929198
 0.60152 0.260437 0.127134 0.0049004 0.00600842
 0.73439 0.17681 0.0583741 0.028024 0.00240241
 0.74094 0.202852 0.0376194 0.012223 0.00636557
 0.319097 0.537816 0.11245 0.0205109 0.0101258
 0.735748 0.0995534 0.130511 0.0268726 0.00731528
 0.623052 0.295051 0.0311484 0.0402211 0.0105275
 0.430378 0.387375 0.143134 0.0148836 0.0242295
 0.726281 0.134702 0.0949926 0.0345822 0.00944229
 0.683443 0.245056 0.0354619 0.0246324 0.0114066
 0.349044 0.478177 0.134214 0.0191346 0.0194303
 0.417352 0.237271 0.254714 0.0704398 0.0202236
 0.819364 0.0870289 0.0384719 0.0406705 0.0144644
pobs_RECLAS
 0 0 0 0 0
 0 0 0 0 0
 0 0 0 0 0
 0 0 0 0 0
 0 0 0 0 0
 0 0 0 0 0
 0 0 0 0 0
 0 0 0 0 0
 0 0 0 0 0
 0 0 0 0 0
 0.991045 0.00858322 0.000360255 1.14367e-05 0
 0.934742 0.0480273 0.0164251 0.00080598 0
 0.827803 0.169806 0.00239088 0 0
 0.941827 0.0461693 0.0120037 0 0
 0.791401 0.0380133 0.147996 0.0225897 0
 0.846168 0.0940531 0.0597789 0 0
 0.134021 0.677848 0.182769 0.00536245 0
 0.80878 0.0450904 0.141981 0.00414843 0
 0.846168 0.0940531 0.0597789 0 0
 0.905697 0.0802665 0.012482 0.00150086 5.37128e-05
 0.989698 0.0102097 9.19794e-05 0 0
 0.975433 0.0193895 0.00387452 0.00125025 5.28907e-05
 0.303575 0.632131 0.0575291 0.00676475 0
 0.966965 0.00978017 0.0227588 0.000495775 0
 0.843318 0.132988 0.00938335 0.0141283 0.000182051
 0.564624 0.303363 0.111486 0.0197234 0.00080311
 0.826376 0.0876187 0.0782897 0.00655872 0.00115652
 0.89761 0.0855135 0.0140674 0.00269457 0.000114338
 0.34875 0.467042 0.161289 0.0227151 0.000203297
 0.318654 0.224769 0.449479 0.00709798 0
 0.937255 0.0296025 0.0250945 0.00804832 0
ppred_RECLAS
 0.509905 0.11108 0.357636 0.0213782 7.19399e-07
 0.473833 0.270587 0.0579765 0.186458 0.0111455
 0.622639 0.181599 0.100771 0.0215499 0.0734416
 0.784458 0.135714 0.0384551 0.0212981 0.0200744
 0.700467 0.237036 0.0393914 0.0111314 0.0119741
 0.785857 0.150674 0.0502371 0.00834037 0.00489188
 0.531764 0.370304 0.0689459 0.0229432 0.00604252
 0.507848 0.268767 0.176809 0.0327929 0.0137837
 0.591132 0.20885 0.109268 0.0718288 0.0189211
 0.746814 0.152106 0.0516988 0.0269785 0.0224032
 0.844812 0.117321 0.0227798 0.00771757 0.00737037
 0.778405 0.187639 0.0256767 0.00498081 0.00329881
 0.73047 0.212254 0.0485259 0.0066168 0.00213322
 0.682291 0.235325 0.0649252 0.0147924 0.00266681
 0.779135 0.154603 0.0491504 0.0134863 0.00362557
 0.946577 0.0421458 0.00790303 0.00250297 0.000871242
 0.441167 0.530275 0.0225445 0.00421435 0.00179902
 0.918439 0.0365943 0.0426733 0.00181057 0.000482886
 0.647179 0.324885 0.0125488 0.0146032 0.000784751
 0.660265 0.223191 0.107341 0.00413419 0.00506876
 0.780304 0.146979 0.0478146 0.0229366 0.00196621
 0.786071 0.168062 0.0307069 0.00996917 0.00519159
 0.374949 0.495231 0.102041 0.0185979 0.009181
 0.781837 0.0829477 0.107165 0.0220485 0.00600182
 0.678971 0.252101 0.0262284 0.0338417 0.0088574
 0.491726 0.347279 0.126465 0.0131402 0.0213904
 0.773225 0.112442 0.0781451 0.0284268 0.00776131
 0.734136 0.206506 0.0294513 0.0204415 0.00946554
 0.406879 0.43739 0.120993 0.0172363 0.017502
 0.479744 0.21373 0.226108 0.0624803 0.0179377
 0.8537 0.0710389 0.0309463 0.0326894 0.0116255
pobs_PELACES
 0 0 0 0 0
 0 0 0 0 0
 0 0 0 0 0
 0 0 0 0 0
 0 0 0 0 0
 0 0 0 0 0
 0 0 0 0 0
 0 0 0 0 0
 0 0 0 0 0
 0 0 0 0 0
 0 0 0 0 0
 0 0 0 0 0
 0 0 0 0 0
 0 0 0 0 0
 0 0 0 0 0
 0 0 0 0 0
 0.505614 0.472636 0.0217494 0 0
 0 0 0 0 0
 0.443492 0.261883 0.143347 0.151278 0
 0.227955 0.32914 0.350689 0.0885471 0.00366901
 0.970185 0.0296113 0.000203453 0 0
 0.997202 0.00247181 0.000326279 0 0
 0.445219 0.490057 0.0546422 0.010081 0
 0.90214 0.0892962 0.00764917 0.000914606 0
 0 0 0 0 0
 0.581667 0.319106 0.0959925 0.00289975 0.000334073
 0.762889 0.0836404 0.116647 0.0363945 0.000428098
 0.88444 0.0763242 0.0277011 0.0115352 0
 0.521256 0.241999 0.230069 0.00667565 0
 0.616807 0.101726 0.260614 0.0208532 0
 0.833518 0.0704572 0.0857862 0.0102388 0
ppred_PELACES
 0.512467 0.110556 0.355714 0.0212626 7.15505e-07
 0.478415 0.268394 0.0574373 0.184712 0.0110411
 0.626843 0.179688 0.0995933 0.0212967 0.0725786
 0.788927 0.13299 0.0376167 0.0208318 0.0196349
 0.702304 0.235612 0.0391318 0.0110577 0.0118948
 0.788735 0.148699 0.0495221 0.00822117 0.00482195
 0.541135 0.363088 0.0674321 0.0224364 0.00590901
 0.50939 0.267975 0.176216 0.0326823 0.0137372
 0.596979 0.206028 0.10762 0.0707394 0.018634
 0.752798 0.148639 0.0504141 0.0263051 0.0218439
 0.845808 0.116582 0.0226248 0.00766486 0.00732003
 0.784081 0.182896 0.0249719 0.00484351 0.00320786
 0.736562 0.207549 0.0473516 0.00645595 0.00208135
 0.693517 0.227217 0.0624701 0.0142304 0.00256547
 0.785281 0.15041 0.0477031 0.0130875 0.00351834
 0.948056 0.0409963 0.00767226 0.00242963 0.000845707
 0.445804 0.52591 0.0223305 0.00417406 0.00178182
 0.91988 0.035973 0.0418957 0.00177745 0.000474052
 0.653275 0.319318 0.0123115 0.0143256 0.000769831
 0.665764 0.219702 0.10549 0.00406256 0.00498091
 0.783531 0.144881 0.0470729 0.0225793 0.00193557
 0.790044 0.164998 0.0300992 0.00977103 0.00508838
 0.378223 0.492734 0.101432 0.0184859 0.00912571
 0.783977 0.0821761 0.106081 0.0218245 0.00594085
 0.681654 0.250041 0.0259926 0.033536 0.00877735
 0.494225 0.345645 0.125786 0.0130692 0.0212748
 0.77542 0.111401 0.0773579 0.0281392 0.00768277
 0.736189 0.204944 0.0292079 0.0202718 0.00938695
 0.409247 0.435719 0.120452 0.0171587 0.0174231
 0.483333 0.212375 0.224463 0.0620227 0.0178063
 0.855577 0.0701644 0.0305352 0.0322534 0.0114704
pobs_pel_tallas
 0 0 0 0 0 0 0 0 0 0 0 0 0 0 0 0 0 0 0 0 0 0 0 0 0 0
 0 0 0 0 0 0 0 0 0 0 0 0 0 0 0 0 0 0 0 0 0 0 0 0 0 0
 0 0 0 0 0 0 0 0 0 0 0 0 0 0 0 0 0 0 0 0 0 0 0 0 0 0
 0 0 0 0 0 0 0 0 0 0 0 0 0 0 0 0 0 0 0 0 0 0 0 0 0 0
 0 0 0 0 0 0 0 0 0 0 0 0 0 0 0 0 0 0 0 0 0 0 0 0 0 0
 0 0 0 0 0 0 0 0 0 0 0 0 0 0 0 0 0 0 0 0 0 0 0 0 0 0
 0 0 0 0 0 0 0 0 0 0 0 0 0 0 0 0 0 0 0 0 0 0 0 0 0 0
 0 0 0 0 0 0 0 0 0 0 0 0 0 0 0 0 0 0 0 0 0 0 0 0 0 0
 0 0 0 0 0 0 0 0 0 0 0 0 0 0 0 0 0 0 0 0 0 0 0 0 0 0
 0 0 0 0 0 0 0 0 0 0 0 0 0 0 0 0 0 0 0 0 0 0 0 0 0 0
 0 0 0 0 0 0 0 0 0 0 0 0 0 0 0 0 0 0 0 0 0 0 0 0 0 0
 0 0 0 0 0 0 0 0 0 0 0 0 0 0 0 0 0 0 0 0 0 0 0 0 0 0
 0.00862536 0 0 0.000197151 0.00414017 0.0128641 0.00837892 0.0270097 0.101434 0.158115 0.152841 0.127902 0.109271 0.109419 0.0830992 0.0579132 0.0238553 0.00714673 0.00463305 0.00128148 0.00103504 0.000492878 0.000147863 0.000147863 4.92878e-05 0
 0 0 0 0 0 0 0 0 0 0 0 0 0 0 0 0 0 0 0 0 0 0 0 0 0 0
 0 0 0 0 0 0 0 0.0054083 0.00873648 0.0413646 0.0450493 0.0745869 0.0622846 0.0627006 0.0613931 0.0827291 0.12552 0.122667 0.0946155 0.0697135 0.0546179 0.0294188 0.0215738 0.0213955 0.0102223 0.00600262
 0 0 0 0 0.00359764 0.0251062 0.0480494 0.140153 0.205849 0.193036 0.1447 0.116669 0.0760912 0.0342217 0.00950174 0.001854 0.000860785 0 0 0 0.000165536 0 0.000143464 0 0 0
 0 0 0 0 0 0 0 0.000145254 0.000435761 0.0275982 0.070085 0.0708112 0.156366 0.174668 0.174014 0.160142 0.0824315 0.0480064 0.0283245 0.00493863 0.00203355 0 0 0 0 0
 0 0 0 0 0 0 0 0 0 0 0 0 0 0 0 0 0 0 0 0 0 0 0 0 0 0
 0 0 1.00437e-05 0.000401748 0.00122533 0.00171747 0.00176769 0.0269171 0.070346 0.194647 0.189555 0.159765 0.064822 0.0314167 0.0384472 0.0292271 0.0345202 0.0313363 0.0194345 0.0106764 0.0143323 0.0359363 0.0279516 0.0138201 0.00172751 0
 0 0.0021121 0.0136068 0.0755702 0.200478 0.177729 0.0527432 0.0373336 0.0318909 0.0142505 0.0149659 0.0166563 0.0217959 0.0798694 0.0677717 0.0528807 0.04013 0.0224614 0.0357745 0.0225083 0.00881397 0.00855152 0.00135912 0.000746735 0 0
 0 0 0 0 5.4009e-05 0.00500934 0.000945158 0.0243581 0.138947 0.33067 0.221406 0.137944 0.0707744 0.0437923 0.0131692 0.00525238 0.0047753 0.00276346 9.45158e-05 9.00151e-06 2.25038e-05 9.00151e-06 4.50075e-06 0 0 0
 0.000866109 0.00284123 0.00948549 0.0512746 0.133035 0.25785 0.225252 0.132002 0.0553304 0.0519788 0.0540692 0.017754 0.00435017 0.00159236 0.00146478 0.000404838 0.000125132 0.000115318 0.000107957 0.000100596 0 0 0 0 0 0
 0 0 0 0 0.00144013 0.00171154 0.00461396 0.0210425 0.0478622 0.0707936 0.0888783 0.103762 0.0637923 0.0337046 0.0602308 0.124433 0.169614 0.0934646 0.0462172 0.0250306 0.0313229 0.00938855 0.002487 0.000210481 0 0
 0 0.00764035 0.051015 0.0998891 0.058973 0.0496711 0.0374665 0.0718981 0.12319 0.153886 0.159021 0.0857701 0.0377988 0.023471 0.0147837 0.00900784 0.00315554 0.000888139 0.00291439 0.00214683 0.00393193 0.00274676 0.000635225 9.99891e-05 0 0
 0 0 0 0 0 0 0 0 0 0 0 0 0 0 0 0 0 0 0 0 0 0 0 0 0 0
 0 0 0 0 0 0 0 0 0 0 0 0 0 0 0 0 0 0 0 0 0 0 0 0 0 0
 0 0 0 0 0 0 0 0 0 0 0 0 0 0 0 0 0 0 0 0 0 0 0 0 0 0
 0 0 0 0 0 0 0 0 0 0 0 0 0 0 0 0 0 0 0 0 0 0 0 0 0 0
 0 0 0 0 0 0 0 0 0 0 0 0 0 0 0 0 0 0 0 0 0 0 0 0 0 0
 0 0 0 0 0 0 0 0 0 0 0 0 0 0 0 0 0 0 0 0 0 0 0 0 0 0
 0 0 0 0 0 0 0 0 0 0 0 0 0 0 0 0 0 0 0 0 0 0 0 0 0 0
ppred_pel_tallas
 1.12426e-16 4.22112e-05 0.000410308 0.00272664 0.0123949 0.0385653 0.0821678 0.119929 0.11994 0.0822227 0.0387512 0.0129386 0.00411687 0.00352929 0.00621159 0.0108419 0.0170997 0.0245882 0.0328139 0.0413632 0.0498174 0.0574008 0.0627777 0.0643968 0.0612782 0.0536763
 1.22119e-16 3.94065e-05 0.000383045 0.00254547 0.0115714 0.0360029 0.076709 0.111964 0.11199 0.0768359 0.0364294 0.0128045 0.00564632 0.00717165 0.0129926 0.0215857 0.0315167 0.0406045 0.0467374 0.0491593 0.048994 0.0484434 0.049245 0.0515762 0.0541064 0.054945
 1.17339e-16 5.16323e-05 0.000501884 0.0033352 0.0151613 0.0471726 0.100507 0.146696 0.146714 0.100592 0.0474596 0.015992 0.005427 0.0050912 0.00883597 0.0147086 0.021622 0.0281398 0.0328554 0.0351986 0.0357725 0.0358566 0.0364693 0.037736 0.0389551 0.039148
 1.06532e-16 6.49829e-05 0.000631657 0.00419758 0.0190816 0.05937 0.126495 0.184625 0.184638 0.126557 0.0595812 0.0196919 0.00573151 0.00398708 0.00645815 0.0106294 0.015441 0.0197139 0.0223047 0.022722 0.0214204 0.0194661 0.0178396 0.0169215 0.0164698 0.0159602
 1.04312e-16 5.78479e-05 0.000562302 0.0037367 0.0169865 0.0528514 0.112606 0.164357 0.16438 0.112717 0.0532242 0.0180635 0.00644084 0.00646764 0.0112797 0.0185738 0.0267937 0.0337887 0.0374096 0.036677 0.0323617 0.0264473 0.0209194 0.016826 0.0141538 0.012318
 1.03108e-16 6.49671e-05 0.000631503 0.00419656 0.019077 0.0593556 0.126464 0.184581 0.184595 0.126534 0.0595917 0.0197595 0.00591202 0.00438372 0.00721274 0.0118778 0.0172363 0.0219517 0.0247 0.0248615 0.0228596 0.0198164 0.0168181 0.0143827 0.0124441 0.010692
 1.05289e-16 4.45726e-05 0.000433262 0.00287918 0.0130883 0.0407229 0.0867657 0.126644 0.126679 0.0869369 0.0412977 0.0147489 0.00704875 0.00954034 0.017355 0.0286591 0.041371 0.0522188 0.0578929 0.0568676 0.0502923 0.0411651 0.0324858 0.0258364 0.0212167 0.0178088
 1.10757e-16 4.19578e-05 0.000407845 0.00271027 0.0123205 0.0383339 0.0816753 0.119213 0.119239 0.0818027 0.0387623 0.0135609 0.00583465 0.00726453 0.0131702 0.0219846 0.0323159 0.0420018 0.0488302 0.05174 0.0513319 0.049201 0.0466849 0.0440945 0.0409146 0.0365636
 1.13406e-16 4.91724e-05 0.000477973 0.0031763 0.014439 0.0449252 0.0957187 0.139708 0.139728 0.0958165 0.0452541 0.0153909 0.00557318 0.0057355 0.0101091 0.0168342 0.024723 0.0321179 0.0373748 0.0397906 0.0399875 0.0393499 0.0389733 0.0389832 0.0386609 0.0371018
 1.07828e-16 6.2007e-05 0.00060273 0.00400535 0.0182078 0.0566512 0.120702 0.176171 0.176185 0.120772 0.0568875 0.0188909 0.00572304 0.00436238 0.00723201 0.0119376 0.0173831 0.0222781 0.0253633 0.026096 0.0249694 0.0231331 0.0216201 0.0207904 0.0203293 0.0196443
 1.02691e-16 6.96681e-05 0.000677199 0.00450023 0.0204574 0.0636506 0.135615 0.197936 0.197947 0.13567 0.0638352 0.0209908 0.0058397 0.00360339 0.00563339 0.00921993 0.0133162 0.0168354 0.0187229 0.0185021 0.016554 0.0138464 0.0113345 0.00950145 0.00830613 0.0074362
 1.01797e-16 6.45837e-05 0.000627777 0.0041718 0.0189644 0.0590054 0.125718 0.183493 0.18351 0.125804 0.0592946 0.0197997 0.00626832 0.00520425 0.00875541 0.0143703 0.0206901 0.0260084 0.0286307 0.0277745 0.0240301 0.0189527 0.0141294 0.0104444 0.00796876 0.00631985
 1.0242e-16 6.06697e-05 0.000589731 0.00391897 0.0178151 0.0554294 0.118099 0.172373 0.172393 0.118197 0.0557582 0.0187651 0.00630486 0.00580251 0.00997334 0.0164247 0.0237304 0.029998 0.0333324 0.0328458 0.0291605 0.0239435 0.0188676 0.0148248 0.0118482 0.00954414
 1.03723e-16 5.71241e-05 0.000555267 0.00368994 0.016774 0.0521901 0.111197 0.1623 0.162322 0.111305 0.0525505 0.0178154 0.0063064 0.00627495 0.0109431 0.0180618 0.0261555 0.033189 0.0371177 0.0369861 0.0334631 0.0283211 0.023303 0.0192827 0.0162127 0.0136255
 1.03324e-16 6.46826e-05 0.000628738 0.00417818 0.0189934 0.0590957 0.12591 0.183773 0.183787 0.125981 0.0593344 0.0196836 0.00591289 0.00442281 0.00729151 0.0120076 0.0174218 0.0221836 0.024957 0.0251219 0.0231167 0.0200863 0.017133 0.0147725 0.0129172 0.0112256
 1.00619e-16 7.80901e-05 0.000759064 0.00504425 0.0229304 0.0713451 0.152008 0.221861 0.221865 0.152028 0.07141 0.0231179 0.00551505 0.00178741 0.00203277 0.00324142 0.00467229 0.00589773 0.00653981 0.00642626 0.00568696 0.00466046 0.00368535 0.00293992 0.00242363 0.00204341
 1.015e-16 3.67204e-05 0.000356935 0.00237196 0.0107826 0.033549 0.0714817 0.10434 0.104391 0.0717289 0.0343789 0.0131784 0.00838148 0.0134618 0.0248843 0.0409731 0.0587669 0.0733682 0.07981 0.0758019 0.0631224 0.0464789 0.030786 0.0189527 0.0114345 0.00718173
 1.01477e-16 7.57693e-05 0.000736505 0.00489433 0.0222489 0.0692247 0.147491 0.215268 0.215271 0.147508 0.0692827 0.0224174 0.00531993 0.00167459 0.00188368 0.00306255 0.00456288 0.00606639 0.00729151 0.00808828 0.00848677 0.00860664 0.00851381 0.00816197 0.00746249 0.00640096
 1.02004e-16 5.38095e-05 0.000523048 0.00347584 0.0158007 0.0491619 0.104746 0.152886 0.152917 0.104896 0.0496658 0.0172555 0.00712528 0.008482 0.0151465 0.0248959 0.0357213 0.0446367 0.048644 0.0463768 0.0389361 0.0291868 0.0200911 0.0133583 0.00918148 0.0068369
 1.04351e-16 5.48382e-05 0.000533047 0.00354228 0.0161027 0.0501016 0.106748 0.155806 0.155827 0.106852 0.0504514 0.0171145 0.0060875 0.00610725 0.0106937 0.0177283 0.0258484 0.0331577 0.0377313 0.038634 0.036397 0.032511 0.0283884 0.0246564 0.0212075 0.0177188
 1.03988e-16 6.45385e-05 0.000627337 0.00416888 0.0189511 0.058964 0.12563 0.183363 0.183377 0.125698 0.0591941 0.0196163 0.00584106 0.00428567 0.00703589 0.0115919 0.0168398 0.0214908 0.0242756 0.0246147 0.0229405 0.0203481 0.0178667 0.0159356 0.0144019 0.0128779
 1.02752e-16 6.50749e-05 0.000632551 0.00420353 0.0191086 0.0594541 0.126674 0.184888 0.184903 0.126752 0.0597153 0.0198632 0.0060982 0.0047708 0.00793084 0.0130255 0.0187987 0.0237287 0.0263112 0.0258574 0.0228961 0.0187968 0.0149274 0.0120048 0.0100181 0.00857644
 1.06452e-16 3.11538e-05 0.000302826 0.00201239 0.00914805 0.0284632 0.0606457 0.0885241 0.0885717 0.060878 0.0292435 0.0114023 0.00767325 0.0126686 0.0235398 0.0389289 0.0562201 0.071 0.0787731 0.0774471 0.0685416 0.0560765 0.0440877 0.0347266 0.02805 0.0230438
 1.06277e-16 6.45752e-05 0.000627694 0.00417125 0.0189619 0.0589975 0.125701 0.183466 0.183474 0.12574 0.0591307 0.0193485 0.00514909 0.00278712 0.00423856 0.00709571 0.0106618 0.0143438 0.0175615 0.0200221 0.0218111 0.0231597 0.0241046 0.0243663 0.0235498 0.0214666
 1.05663e-16 5.61469e-05 0.000545768 0.00362682 0.016487 0.0512974 0.109295 0.159525 0.159549 0.109413 0.0516927 0.0176288 0.00649285 0.00680243 0.0119395 0.0196538 0.028322 0.0356625 0.0394061 0.0385496 0.033974 0.0278566 0.0223517 0.018554 0.0163507 0.014967
 1.0863e-16 4.07087e-05 0.000395703 0.00262959 0.0119537 0.0371927 0.0792443 0.115666 0.1157 0.0794077 0.0377419 0.0135414 0.00662087 0.00912845 0.0166838 0.0276689 0.0402088 0.0513071 0.0579142 0.0586007 0.054341 0.0477078 0.0411707 0.035873 0.031614 0.0276468
 1.06384e-16 6.38703e-05 0.000620842 0.00412571 0.0187549 0.0583535 0.124329 0.181464 0.181475 0.124382 0.0585319 0.0192714 0.00542748 0.00347991 0.00554489 0.00920045 0.0135653 0.0177321 0.0208149 0.0224079 0.0227801 0.0225785 0.0222949 0.0219481 0.0211908 0.0196636
 1.04517e-16 6.0639e-05 0.000589433 0.00391699 0.0178061 0.0554014 0.118039 0.172286 0.172306 0.118136 0.0557256 0.0187427 0.00626837 0.00572404 0.00981703 0.0161474 0.0232907 0.0293722 0.032533 0.0319411 0.0282935 0.0233388 0.0188088 0.0155877 0.0136023 0.0122655
 1.08257e-16 3.37092e-05 0.000327666 0.00217746 0.00989843 0.0307979 0.0656197 0.0957827 0.0958248 0.0658254 0.0314889 0.0118954 0.00719483 0.0112958 0.0209089 0.0346301 0.0501558 0.0636449 0.071184 0.0709481 0.0642333 0.054457 0.0449824 0.0374992 0.0319099 0.0272834
 1.15766e-16 3.98116e-05 0.000386983 0.00257164 0.0116903 0.036373 0.0774973 0.113114 0.113135 0.077599 0.0367156 0.012684 0.00508171 0.00591904 0.010701 0.0180345 0.0269308 0.0358789 0.0433289 0.048538 0.0518596 0.0541461 0.0558055 0.0563679 0.0548846 0.0507174
 1.06075e-16 7.04727e-05 0.00068502 0.0045522 0.0206936 0.0643856 0.137181 0.200221 0.200227 0.137214 0.0644975 0.0210174 0.00536734 0.00247246 0.00348926 0.00572211 0.00839463 0.0109045 0.0127033 0.0135801 0.0137871 0.0138366 0.014121 0.0146579 0.0151241 0.0150951
pSPR Fmed_Fpbrs
0.632233   0.6 0.325
Fs Fmed_Fpbrs
0.252604   0.284126 0.695663
SSBpbr Bo_Bmed_Bpbrs
1.83896e+06  1.0707e+06  1.01143e+06 505714
Ro
172410
SPR SPRFo_SPRFmed_SPRFpbrs
1.23237e+06 779147 400521
Fref
0.284126
Nvult_r0
 199507 17305.9 7559.86 7986.85 2840.42
CTP_r0
 27970 2970.84 1313.29 1388.34 493.76
YTP_r0
391300
Np
 231316 90697.6 7382.29 3211.1 4402.67
Nvult_p0
 163037 65476.4 5337.72 2321.96 3183.6
CTP_p0
 29419.9 14316.9 1180.28 513.739 704.402
YTP_p0
 518726
CBA_c0
429527
log_Ro
11.8776
likeval ReclasPelacesDesembMPH_pf_preclas_ppelaces_ptallas_desvR_qrecl_qpela
 14.1447 17.1972 0.0666117 0.000813878 241.022 118.587 98.4012 0 23.3864 2.79798e-07 7.55256e-07 0.340045 1.46172e-15 0 0
q_reclas_q_pelaces
0.927785 1.13161
M
1
N
 194487 42997.7 138575 8283.98 0.278765
 109377 64164.9 13773.2 44300.2 2648.05
 110179 32988.8 18338.4 3922.04 13366.3
 185611 33399.7 9489.22 5256.28 4954.34
 148978 51078.1 8495.86 2400.91 2582.68
 252971 49756.7 16618.4 2759.25 1618.39
 104635 77083.4 14406.9 4795.17 1262.91
 47577.4 25408.4 16725.3 3102.16 1303.92
 44718 16370.5 8585.53 5644.54 1486.89
 59287 12656.6 4315.57 2252.42 1870.45
 109744 15414.5 2995.29 1014.82 969.164
 146535 37126.7 5097.64 989.029 655.045
 122620 37327.4 8560.87 1167.52 376.407
 85819.1 31995.6 8874.23 2022.45 364.618
 84900.4 17773.5 5671.04 1556.37 418.409
 451994 21035.6 3956.39 1253.23 436.232
 96994.1 119940 5109.03 955.156 407.739
 706092 28941.7 33814.4 1434.84 382.681
 403222 210763 8163.13 9500.92 510.568
 314042 110097 53080.7 2044.65 2506.88
 455734 88283.5 28774.7 13804.6 1183.39
 615340 136316 24966.7 8106.63 4221.67
 129151 174173 35938.6 6550.62 3233.78
 377048 40741.2 52701.4 10843.7 2951.77
 320420 121182 12623.4 16288.7 4263.26
 143558 102902 37510.3 3897.67 6344.87
 319599 47338.4 32940.5 11983.5 3271.85
 359239 102654 14655.8 10172.9 4710.61
 107871 117664 32581.2 4641.67 4713.22
 78322 35631.3 37748.4 10431.8 2994.92
 290204 24688.2 10771 11378.5 4046.61
pred_Ctot
 12799.3 3553.46 11608.5 694.451 0.02337
 12658.7 9237.28 2008.58 6464.83 386.45
 12451.3 4639.77 2612.84 559.193 1905.8
 30268.1 6712.16 1930.57 1070.08 1008.65
 8744.62 3770 635.68 179.772 193.389
 27882.4 6829.02 2310.66 383.915 225.187
 23251.7 20855.9 3942.98 1313.18 345.864
 1956.24 1317.95 879.658 163.277 68.6321
 6660.15 3013.18 1600.1 1052.68 277.308
 11303.9 2957.37 1020.47 532.951 442.586
 5615.87 993.249 195.674 66.3433 63.3613
 29350.2 9095.34 1263.63 245.319 162.483
 23170.1 8646.95 2006.96 273.88 88.3013
 24829.2 11110.1 3114.1 710.104 128.025
 18092.3 4620.29 1491.42 409.562 110.108
 81764 4672.66 889.491 281.936 98.1413
 11781.4 18101.6 781.027 146.116 62.3765
 85631.9 4361.3 5161.43 219.163 58.4543
 67319.3 43330.1 1698.9 1978.6 106.331
 47851.8 20718.2 10113.7 389.834 477.979
 54765.3 13185.2 4353.11 2089.82 179.154
 91624.6 25084.7 4652.02 1511.5 787.167
 11781 19856 4151.63 757.257 373.842
 30449.3 4120.07 5401.27 1112.14 302.747
 26017.2 12320.6 1300.69 1679.54 439.603
 9489.87 8541.64 3156.12 328.185 534.261
 25923.2 4807.92 3390.58 1234.34 337.025
 25139.1 9013.88 1304.4 906.051 419.569
 7024.08 9622.74 2700.9 385.06 391.011
 7177.6 4080.57 4380.55 1211.42 347.805
 27970 2970.84 1313.29 1388.34 493.76
F
 0.108909 0.138423 0.140426 0.140533 0.140538
 0.198631 0.252459 0.256112 0.256307 0.256318
 0.19356 0.246013 0.249573 0.249763 0.249773
 0.290299 0.368968 0.374307 0.374592 0.374607
 0.096651 0.122843 0.12462 0.124715 0.12472
 0.188388 0.23944 0.242904 0.24309 0.243099
 0.415397 0.527967 0.535606 0.536014 0.536036
 0.0668784 0.0850021 0.086232 0.0862977 0.0863011
 0.262197 0.333251 0.338073 0.338331 0.338345
 0.347081 0.441138 0.447521 0.447862 0.44788
 0.0838168 0.106531 0.108072 0.108154 0.108159
 0.367535 0.467134 0.473893 0.474255 0.474274
 0.343492 0.436577 0.442894 0.443231 0.443249
 0.574532 0.730227 0.740793 0.741357 0.741387
 0.395264 0.502378 0.509647 0.510036 0.510056
 0.326677 0.415205 0.421212 0.421533 0.42155
 0.209368 0.266106 0.269956 0.270162 0.270173
 0.209013 0.265654 0.269498 0.269703 0.269714
 0.298128 0.378919 0.384402 0.384695 0.38471
 0.268972 0.341862 0.346808 0.347073 0.347087
 0.206933 0.263011 0.266816 0.26702 0.26703
 0.262127 0.333162 0.337983 0.338241 0.338254
 0.153741 0.195404 0.198231 0.198382 0.19839
 0.13508 0.171686 0.17417 0.174303 0.17431
 0.135859 0.172677 0.175175 0.175308 0.175316
 0.109419 0.139071 0.141083 0.14119 0.141196
 0.135708 0.172484 0.174979 0.175113 0.17512
 0.116151 0.147627 0.149763 0.149877 0.149883
 0.107706 0.136894 0.138875 0.138981 0.138986
 0.154503 0.196372 0.199213 0.199365 0.199373
 0.163055 0.207243 0.210241 0.210401 0.21041
YTP_r0W_actual
 237745 48424.7 37954 48314.1 18861.6
YTP_p0W_proyectada
 221237 230788 27595.1 15155.3 23949.7
CTP_r0_actual
 27970 2970.84 1313.29 1388.34 493.76
CTP_p0_proyectada
 29419.9 14316.9 1180.28 513.739 704.402
Wmedp
 7.52 16.12 23.38 29.5 34
Frms_r0
 0.163055 0.207243 0.210241 0.210401 0.21041
Zrms_r0
 1.16306 1.20724 1.21024 1.2104 1.21041
nmprior
 8.19 8.8 8.5 0
nm_flota  nm_reclas  nm_pelaces    nm_pelaL
inf 12.3378 19.2537 46.7594
cv_recla  cv_pelaces  cv_mph
0.34019 0.47022 0.88041
 ------------------------------------------------
Talla a la edad & desviaci?n 
 8 13.2811 15.8009 17.003 17.5766
 0.8 1.32811 1.58009 1.7003 1.75766
