years
 1991 1992 1993 1994 1995 1996 1997 1998 1999 2000 2001 2002 2003 2004 2005 2006 2007 2008 2009 2010 2011 2012 2013 2014 2015 2016 2017 2018 2019 2020 2021
reclasobs
 0 0 0 0 0 0 0 0 0 252601 567819 844713 477998 351125 339783 2.1784e+06 2.13404e+06 4.81314e+06 1.55562e+06 2.62356e+06 3.21686e+06 3.843e+06 1.13348e+06 3.07943e+06 1.97215e+06 2.03268e+06 2.025e+06 2.42433e+06 2.27542e+06 1.05018e+06 2.36338e+06
reclaspred
 2.88017e+06 1.55588e+06 772323 580925 472977 1.1962e+06 584548 442533 330494 245245 419359 608162 595790 425639 403481 1.5072e+06 1.3148e+06 3.35361e+06 2.74226e+06 1.93016e+06 3.48038e+06 2.83926e+06 2.07107e+06 3.28146e+06 2.3704e+06 2.00782e+06 2.57023e+06 2.94139e+06 2.31231e+06 1.29372e+06 1.85959e+06
pelacesobs
 0 0 0 0 0 0 0 0 0 0 0 0 0 0 0 552880 188675 0 991730 2.46772e+06 1.41603e+06 1.21717e+06 2.29649e+06 1.80582e+06 0 1.4828e+06 1.56532e+06 1.57751e+06 1.42118e+06 867257 1.10002e+06
pelacespred
 1.01384e+06 593129 285387 169016 153874 415102 158764 174845 110713 76877.2 151176 183550 200320 144109 141601 467077 410622 1.2381e+06 1.02181e+06 662845 1.19195e+06 1.02002e+06 752062 1.32484e+06 911789 773234 1.13546e+06 1.27414e+06 828131 528675 747805
mphobs
 0 0 0 0 0 0 0 0 0 0 0 498337 0 5186 125008 0 168611 109162 213762 579715 649985 157893 87575 83554 0 0 0 0 0 0 0
mphpred
 1.9752e+06 1.27818e+06 605664 320253 230290 235980 489433 212729 175914 109711 78679.5 222369 250553 200134 114931 145411 778219 648176 1.50661e+06 1.10059e+06 1.10971e+06 1.42572e+06 1.35332e+06 1.01928e+06 1.47428e+06 1.1643e+06 914528 1.06766e+06 1.62267e+06 1.02803e+06 540381
desembarqueobs
 494567 514787 250237 358949 120608 361735 552515 73892 212993 205616 52469 317467 293654 387597 252695 516296 358380 742168 942051 627588 828172 859565 418607 520667 417249 300574 415391 372974 316634 284311 391294
desembarquepred
 494552 514413 250120 358971 120607 361670 552285 73892.5 212984 205601 52469.6 317455 293622 387438 252617 516143 358369 741948 941524 627246 828121 859378 418563 520647 417200 300535 415339 372914 316590 284277 391258
Reclutas
 150763 94153.4 88515.4 84165.7 67203.9 220936 63257 22712.8 31384.4 48279.5 85003.3 126494 102222 70956.4 63139 434684 63956.7 661311 365701 264136 417710 545847 87288.8 319545 249445 107102 279912 326383 72444.9 49666.1 236090
log_desv_Rt
 0.143462 -0.32732 -0.389068 -0.439457 -0.664514 0.525628 -0.725038 -1.74932 -1.42593 -0.995238 -0.429554 -0.0320481 -0.245101 -0.610179 -0.726906 1.20237 -0.714039 1.62198 1.02957 0.704218 1.16254 1.43009 -0.403022 0.894653 0.646993 -0.198464 0.762232 0.915827 -0.589418 -0.966922 0.591967
SSB
 1.9752e+06 1.27818e+06 605664 320253 230290 235980 489433 212729 175914 109711 78679.5 222369 250553 200134 114931 145411 778219 648176 1.50661e+06 1.10059e+06 1.10971e+06 1.42572e+06 1.35332e+06 1.01928e+06 1.47428e+06 1.1643e+06 914528 1.06766e+06 1.62267e+06 1.02803e+06 540381
BT
 2.76186e+06 1.8741e+06 900247 688334 453735 1.27082e+06 849538 470111 463716 371720 392887 685622 726736 732981 579711 1.49087e+06 1.22722e+06 3.51607e+06 3.25728e+06 2.09944e+06 3.42222e+06 3.15538e+06 2.09969e+06 3.54364e+06 2.49499e+06 2.0529e+06 3.04712e+06 3.31562e+06 2.17355e+06 1.50419e+06 2.10838e+06
Ftot
 0.218781 0.410714 0.410434 0.812533 0.35342 0.480226 1.12701 0.229919 0.892513 1.15928 0.206897 0.75176 0.698118 1.25221 0.9549 0.578684 0.353637 0.355269 0.47462 0.448802 0.346567 0.432672 0.260439 0.24153 0.240184 0.200702 0.245406 0.195984 0.171767 0.277352 0.329436
BD_Bspro_t
 0.965787 0.768249 0.556208 0.439088 0.344313 0.408457 0.492502 0.260958 0.288569 0.237976 0.228846 0.535587 0.429398 0.334193 0.218275 0.265701 0.53921 0.481386 0.620823 0.514746 0.472654 0.53218 0.549619 0.520663 0.640281 0.641193 0.639961 0.696876 0.760089 0.67361 0.568082
BD_Bspro
 2.1187 1.37104 0.649665 0.343519 0.247021 0.253124 0.52499 0.228183 0.188694 0.117681 0.0843955 0.238523 0.268755 0.214674 0.123281 0.155975 0.834756 0.695266 1.61607 1.18055 1.19033 1.5293 1.45164 1.09333 1.58139 1.24889 0.980967 1.14522 1.74055 1.10271 0.579639
BD_Bo
 1.22631 0.79356 0.376027 0.19883 0.142976 0.146508 0.303865 0.132073 0.109216 0.0681141 0.0488483 0.138058 0.155556 0.124253 0.0713553 0.0902784 0.483158 0.402421 0.935383 0.683302 0.688966 0.88516 0.84021 0.63282 0.915309 0.722858 0.567786 0.662856 1.00744 0.638253 0.335496
BD_Brms
 6.19423 4.00837 1.89936 1.00431 0.72219 0.740034 1.53486 0.667117 0.551666 0.344053 0.246739 0.697348 0.785733 0.62762 0.360425 0.456008 2.44049 2.03268 4.72474 3.45145 3.48006 4.47106 4.24401 3.19645 4.62335 3.65125 2.86796 3.34817 5.08869 3.2239 1.69464
Sel_flota
 0.649965 0.972437 0.99851 0.999921 0.999996
 0.649965 0.972437 0.99851 0.999921 0.999996
 0.649965 0.972437 0.99851 0.999921 0.999996
 0.649965 0.972437 0.99851 0.999921 0.999996
 0.649965 0.972437 0.99851 0.999921 0.999996
 0.649965 0.972437 0.99851 0.999921 0.999996
 0.649965 0.972437 0.99851 0.999921 0.999996
 0.649965 0.972437 0.99851 0.999921 0.999996
 0.649965 0.972437 0.99851 0.999921 0.999996
 0.649965 0.972437 0.99851 0.999921 0.999996
 0.649965 0.972437 0.99851 0.999921 0.999996
 0.649965 0.972437 0.99851 0.999921 0.999996
 0.649965 0.972437 0.99851 0.999921 0.999996
 0.649965 0.972437 0.99851 0.999921 0.999996
 0.649965 0.972437 0.99851 0.999921 0.999996
 0.649965 0.972437 0.99851 0.999921 0.999996
 0.649965 0.972437 0.99851 0.999921 0.999996
 0.649965 0.972437 0.99851 0.999921 0.999996
 0.649965 0.972437 0.99851 0.999921 0.999996
 0.649965 0.972437 0.99851 0.999921 0.999996
 0.649965 0.972437 0.99851 0.999921 0.999996
 0.649965 0.972437 0.99851 0.999921 0.999996
 0.649965 0.972437 0.99851 0.999921 0.999996
 0.649965 0.972437 0.99851 0.999921 0.999996
 0.649965 0.972437 0.99851 0.999921 0.999996
 0.649965 0.972437 0.99851 0.999921 0.999996
 0.649965 0.972437 0.99851 0.999921 0.999996
 0.649965 0.972437 0.99851 0.999921 0.999996
 0.649965 0.972437 0.99851 0.999921 0.999996
 0.649965 0.972437 0.99851 0.999921 0.999996
 0.649965 0.972437 0.99851 0.999921 0.999996
Sel_reclas
 1 1 1 1 1
 1 1 1 1 1
 1 1 1 1 1
 1 1 1 1 1
 1 1 1 1 1
 1 1 1 1 1
 1 1 1 1 1
 1 1 1 1 1
 1 1 1 1 1
 1 1 1 1 1
 1 1 1 1 1
 1 1 1 1 1
 1 1 1 1 1
 1 1 1 1 1
 1 1 1 1 1
 1 1 1 1 1
 1 1 1 1 1
 1 1 1 1 1
 1 1 1 1 1
 1 1 1 1 1
 1 1 1 1 1
 1 1 1 1 1
 1 1 1 1 1
 1 1 1 1 1
 1 1 1 1 1
 1 1 1 1 1
 1 1 1 1 1
 1 1 1 1 1
 1 1 1 1 1
 1 1 1 1 1
 1 1 1 1 1
Sel_pelaces
 1 1 1 1 1
 1 1 1 1 1
 1 1 1 1 1
 1 1 1 1 1
 1 1 1 1 1
 1 1 1 1 1
 1 1 1 1 1
 1 1 1 1 1
 1 1 1 1 1
 1 1 1 1 1
 1 1 1 1 1
 1 1 1 1 1
 1 1 1 1 1
 1 1 1 1 1
 1 1 1 1 1
 1 1 1 1 1
 1 1 1 1 1
 1 1 1 1 1
 1 1 1 1 1
 1 1 1 1 1
 1 1 1 1 1
 1 1 1 1 1
 1 1 1 1 1
 1 1 1 1 1
 1 1 1 1 1
 1 1 1 1 1
 1 1 1 1 1
 1 1 1 1 1
 1 1 1 1 1
 1 1 1 1 1
 1 1 1 1 1
pf_obs 
 0.8446 0.082 0.0669 0.0065 0
 0.8095 0.147 0.0364 0.0071 0
 0.9664 0.0169 0.016 0.0007 0
 0.9276 0.0648 0.0075 0.0001 0
 0.7033 0.2144 0.0806 0.0017 0
 0.9318 0.0425 0.0243 0.0014 0
 0.5671 0.3108 0.0964 0.0239 0.0018
 0.0768 0.2599 0.5324 0.112 0.0189
 0.490249 0.384438 0.106611 0.0170017 0.00170017
 0.7925 0.1577 0.0466 0.003 0.0002
 0.840416 0.127587 0.0312969 0.00059994 9.999e-05
 0.8084 0.0986 0.0794 0.0134 0.0002
 0.7335 0.1905 0.0724 0.0035 0.0001
 0.4001 0.4547 0.1325 0.0127 0
 0.49795 0.308269 0.164784 0.0264974 0.00249975
 0.9179 0.0499 0.0305 0.0017 0
 0.2467 0.6533 0.0926 0.0074 0
 0.9418 0.0223 0.034 0.0019 0
 0.707729 0.231977 0.0356964 0.0245975 0
 0.517169 0.277429 0.184464 0.0207286 0.00020938
 0.811772 0.124168 0.05621 0.00726502 0.000585176
 0.764997 0.148141 0.077277 0.00933861 0.000247198
 0.163321 0.427699 0.378323 0.0303852 0.000271297
 0.753843 0.0900009 0.118128 0.0371064 0.000921714
 0.721811 0.176058 0.0630433 0.0369309 0.00215725
 0.143369 0.312575 0.442814 0.0836902 0.0175525
 0.692698 0.0596174 0.167031 0.0765114 0.00414204
 0.394062 0.376323 0.152708 0.0712218 0.00568511
 0.125707 0.32114 0.495352 0.0537591 0.00404204
 0.23352 0.215282 0.420074 0.123614 0.00750983
 0.796117 0.104755 0.0508955 0.0450114 0.00322123
pf_pred 
 0.436213 0.173473 0.359217 0.0310962 9.17042e-07
 0.429463 0.311711 0.081236 0.163461 0.014129
 0.562769 0.239526 0.109631 0.0276759 0.0603989
 0.626451 0.252201 0.0674617 0.0299042 0.0239816
 0.657404 0.255452 0.0595904 0.0153325 0.0122208
 0.857185 0.107408 0.0266101 0.00601847 0.0027781
 0.422713 0.523791 0.0405676 0.00972111 0.00320769
 0.446252 0.319138 0.213746 0.0158311 0.00503305
 0.642812 0.198629 0.0925106 0.0601838 0.0058654
 0.812894 0.142981 0.0249894 0.0111748 0.00796093
 0.861525 0.123397 0.0116471 0.00194546 0.00148604
 0.753863 0.22276 0.0208963 0.00191663 0.000563796
 0.686254 0.263553 0.0455884 0.00411735 0.000487733
 0.64258 0.28186 0.0638466 0.010641 0.00107274
 0.759943 0.186476 0.0426757 0.00921874 0.001687
 0.955071 0.0382255 0.00525522 0.00115368 0.000294158
 0.283701 0.696439 0.0169844 0.00225541 0.000620207
 0.904553 0.036567 0.0572963 0.00135485 0.000229006
 0.557524 0.415085 0.0106951 0.0162473 0.000448379
 0.558735 0.295606 0.136926 0.00341371 0.00531961
 0.729711 0.181498 0.0601178 0.0269577 0.00171631
 0.717889 0.228579 0.0363142 0.0116638 0.00555403
 0.242203 0.608406 0.121786 0.0187363 0.00886801
 0.728781 0.0896532 0.146614 0.0285015 0.00644993
 0.580234 0.338932 0.0272463 0.0432851 0.0103026
 0.388999 0.415542 0.158722 0.0123958 0.0243417
 0.733877 0.131399 0.0924595 0.0343305 0.00793358
 0.673941 0.264357 0.0309205 0.0211354 0.00964602
 0.262322 0.559909 0.144911 0.0164783 0.016379
 0.336219 0.232921 0.329232 0.0828674 0.0187607
 0.827092 0.0766659 0.0344313 0.0472493 0.0145617
pobs_RECLAS
 0 0 0 0 0
 0 0 0 0 0
 0 0 0 0 0
 0 0 0 0 0
 0 0 0 0 0
 0 0 0 0 0
 0 0 0 0 0
 0 0 0 0 0
 0 0 0 0 0
 0 0 0 0 0
 0.991045 0.00858322 0.000360255 1.14367e-05 0
 0.934742 0.0480273 0.0164251 0.00080598 0
 0.827803 0.169806 0.00239088 0 0
 0.941827 0.0461693 0.0120037 0 0
 0.791401 0.0380133 0.147996 0.0225897 0
 0.846168 0.0940531 0.0597789 0 0
 0.134021 0.677848 0.182769 0.00536245 0
 0.80878 0.0450904 0.141981 0.00414843 0
 0.846168 0.0940531 0.0597789 0 0
 0.905697 0.0802665 0.012482 0.00150086 5.37128e-05
 0.989698 0.0102097 9.19794e-05 0 0
 0.975433 0.0193895 0.00387452 0.00125025 5.28907e-05
 0.303575 0.632131 0.0575291 0.00676475 0
 0.966965 0.00978017 0.0227588 0.000495775 0
 0.843318 0.132988 0.00938335 0.0141283 0.000182051
 0.564624 0.303363 0.111486 0.0197234 0.00080311
 0.826376 0.0876187 0.0782897 0.00655872 0.00115652
 0.89761 0.0855135 0.0140674 0.00269457 0.000114338
 0.34875 0.467042 0.161289 0.0227151 0.000203297
 0.318654 0.224769 0.449479 0.00709798 0
 0.937255 0.0296025 0.0250945 0.00804832 0
ppred_RECLAS
 0.542849 0.143318 0.288862 0.0249698 7.36315e-07
 0.536448 0.256552 0.0650358 0.13067 0.0112938
 0.664251 0.186286 0.082936 0.0209059 0.0456208
 0.723977 0.188175 0.048873 0.0216301 0.0173448
 0.745274 0.191274 0.0434105 0.011153 0.00888892
 0.901971 0.0742398 0.0178859 0.00403925 0.00186435
 0.537138 0.421187 0.0316163 0.00756345 0.00249551
 0.551233 0.261607 0.170537 0.0126126 0.00400952
 0.739497 0.146826 0.0663686 0.0431079 0.00420085
 0.873941 0.0970567 0.0164373 0.00733808 0.00522718
 0.903801 0.0859764 0.00789904 0.0013175 0.0010063
 0.8258 0.158089 0.0144034 0.00131904 0.000387977
 0.771779 0.192592 0.0323647 0.00291853 0.000345695
 0.742657 0.204314 0.0448197 0.00745704 0.000751691
 0.832758 0.130793 0.0290404 0.00626311 0.00114603
 0.970284 0.0253899 0.003393 0.000743737 0.000189618
 0.375046 0.608087 0.0144279 0.00191312 0.000526042
 0.935873 0.0249863 0.0380898 0.000899365 0.000152005
 0.657661 0.321713 0.008061 0.0122275 0.000337418
 0.66016 0.229749 0.103501 0.00257655 0.00401474
 0.804827 0.132253 0.0426208 0.0190838 0.00121491
 0.795345 0.166702 0.0257588 0.00826126 0.0039335
 0.326485 0.543639 0.105907 0.0162697 0.00769995
 0.804893 0.0656813 0.104541 0.0202932 0.00459201
 0.676886 0.26229 0.0205217 0.0325548 0.00774803
 0.491534 0.348807 0.129687 0.0101136 0.0198587
 0.808277 0.095985 0.0657341 0.0243719 0.00563179
 0.757699 0.19747 0.0224828 0.0153457 0.00700315
 0.349913 0.496633 0.125125 0.0142079 0.0141212
 0.437676 0.200863 0.276298 0.0694429 0.0157202
 0.880233 0.0539422 0.0235716 0.0322994 0.00995356
pobs_PELACES
 0 0 0 0 0
 0 0 0 0 0
 0 0 0 0 0
 0 0 0 0 0
 0 0 0 0 0
 0 0 0 0 0
 0 0 0 0 0
 0 0 0 0 0
 0 0 0 0 0
 0 0 0 0 0
 0 0 0 0 0
 0 0 0 0 0
 0 0 0 0 0
 0 0 0 0 0
 0 0 0 0 0
 0 0 0 0 0
 0.505614 0.472636 0.0217494 0 0
 0 0 0 0 0
 0.443492 0.261883 0.143347 0.151278 0
 0.227955 0.32914 0.350689 0.0885471 0.00366901
 0.970185 0.0296113 0.000203453 0 0
 0.997202 0.00247181 0.000326279 0 0
 0.445219 0.490057 0.0546422 0.010081 0
 0.90214 0.0892962 0.00764917 0.000914606 0
 0 0 0 0 0
 0.581667 0.319106 0.0959925 0.00289975 0.000334073
 0.762889 0.0836404 0.116647 0.0363945 0.000428098
 0.88444 0.0763242 0.0277011 0.0115352 0
 0.521256 0.241999 0.230069 0.00667565 0
 0.616807 0.101726 0.260614 0.0208532 0
 0.833518 0.0704572 0.0857862 0.0102388 0
ppred_PELACES
 0.548942 0.141592 0.284846 0.0246201 7.25998e-07
 0.547703 0.250732 0.0633364 0.127232 0.0109965
 0.674275 0.181016 0.0803055 0.020239 0.044165
 0.741354 0.17673 0.0455807 0.0201654 0.0161699
 0.752491 0.185998 0.0420849 0.0108107 0.00861598
 0.906483 0.0708941 0.0170094 0.00384045 0.00177257
 0.567004 0.394357 0.0293166 0.00700963 0.00231271
 0.557483 0.258178 0.167969 0.0124213 0.0039487
 0.758001 0.136863 0.0613922 0.039859 0.00388416
 0.887151 0.0870892 0.0146028 0.00651561 0.00464117
 0.905714 0.0842822 0.00772961 0.00128912 0.000984615
 0.837092 0.14793 0.0133909 0.00122589 0.000360572
 0.784759 0.18181 0.0303698 0.00273774 0.000324275
 0.767689 0.184852 0.0401157 0.00667051 0.000672386
 0.84667 0.120129 0.0264545 0.00570287 0.00104349
 0.972029 0.0239165 0.00318022 0.000696909 0.000177677
 0.383927 0.599495 0.0141809 0.00188005 0.000516945
 0.938213 0.0241195 0.0366561 0.000865371 0.000146258
 0.668997 0.311139 0.00776429 0.0117749 0.000324923
 0.671068 0.222653 0.0999175 0.00248683 0.0038749
 0.810705 0.128396 0.0412543 0.018469 0.00117576
 0.802848 0.160702 0.0247395 0.00793275 0.00377705
 0.332705 0.538853 0.104739 0.0160884 0.00761411
 0.809113 0.0643503 0.102209 0.0198384 0.00448908
 0.682538 0.257806 0.0201292 0.0319286 0.00759895
 0.49701 0.345239 0.128139 0.00999195 0.0196197
 0.812455 0.0939941 0.0642349 0.0238134 0.00550269
 0.761565 0.194381 0.0220938 0.0150789 0.00688133
 0.354163 0.49356 0.124167 0.014098 0.014012
 0.445337 0.198434 0.272307 0.068431 0.0154911
 0.884045 0.0523095 0.0227934 0.0312283 0.0096234
pobs_pel_tallas
 0 0 0 0 0 0 0 0 0 0 0 0 0 0 0 0 0 0 0 0 0 0 0 0 0 0
 0 0 0 0 0 0 0 0 0 0 0 0 0 0 0 0 0 0 0 0 0 0 0 0 0 0
 0 0 0 0 0 0 0 0 0 0 0 0 0 0 0 0 0 0 0 0 0 0 0 0 0 0
 0 0 0 0 0 0 0 0 0 0 0 0 0 0 0 0 0 0 0 0 0 0 0 0 0 0
 0 0 0 0 0 0 0 0 0 0 0 0 0 0 0 0 0 0 0 0 0 0 0 0 0 0
 0 0 0 0 0 0 0 0 0 0 0 0 0 0 0 0 0 0 0 0 0 0 0 0 0 0
 0 0 0 0 0 0 0 0 0 0 0 0 0 0 0 0 0 0 0 0 0 0 0 0 0 0
 0 0 0 0 0 0 0 0 0 0 0 0 0 0 0 0 0 0 0 0 0 0 0 0 0 0
 0 0 0 0 0 0 0 0 0 0 0 0 0 0 0 0 0 0 0 0 0 0 0 0 0 0
 0 0 0 0 0 0 0 0 0 0 0 0 0 0 0 0 0 0 0 0 0 0 0 0 0 0
 0 0 0 0 0 0 0 0 0 0 0 0 0 0 0 0 0 0 0 0 0 0 0 0 0 0
 0 0 0 0 0 0 0 0 0 0 0 0 0 0 0 0 0 0 0 0 0 0 0 0 0 0
 0.00862536 0 0 0.000197151 0.00414017 0.0128641 0.00837892 0.0270097 0.101434 0.158115 0.152841 0.127902 0.109271 0.109419 0.0830992 0.0579132 0.0238553 0.00714673 0.00463305 0.00128148 0.00103504 0.000492878 0.000147863 0.000147863 4.92878e-05 0
 0 0 0 0 0 0 0 0 0 0 0 0 0 0 0 0 0 0 0 0 0 0 0 0 0 0
 0 0 0 0 0 0 0 0.0054083 0.00873648 0.0413646 0.0450493 0.0745869 0.0622846 0.0627006 0.0613931 0.0827291 0.12552 0.122667 0.0946155 0.0697135 0.0546179 0.0294188 0.0215738 0.0213955 0.0102223 0.00600262
 0 0 0 0 0.00359764 0.0251062 0.0480494 0.140153 0.205849 0.193036 0.1447 0.116669 0.0760912 0.0342217 0.00950174 0.001854 0.000860785 0 0 0 0.000165536 0 0.000143464 0 0 0
 0 0 0 0 0 0 0 0.000145254 0.000435761 0.0275982 0.070085 0.0708112 0.156366 0.174668 0.174014 0.160142 0.0824315 0.0480064 0.0283245 0.00493863 0.00203355 0 0 0 0 0
 0 0 0 0 0 0 0 0 0 0 0 0 0 0 0 0 0 0 0 0 0 0 0 0 0 0
 0 0 1.00437e-05 0.000401748 0.00122533 0.00171747 0.00176769 0.0269171 0.070346 0.194647 0.189555 0.159765 0.064822 0.0314167 0.0384472 0.0292271 0.0345202 0.0313363 0.0194345 0.0106764 0.0143323 0.0359363 0.0279516 0.0138201 0.00172751 0
 0 0.0021121 0.0136068 0.0755702 0.200478 0.177729 0.0527432 0.0373336 0.0318909 0.0142505 0.0149659 0.0166563 0.0217959 0.0798694 0.0677717 0.0528807 0.04013 0.0224614 0.0357745 0.0225083 0.00881397 0.00855152 0.00135912 0.000746735 0 0
 0 0 0 0 5.4009e-05 0.00500934 0.000945158 0.0243581 0.138947 0.33067 0.221406 0.137944 0.0707744 0.0437923 0.0131692 0.00525238 0.0047753 0.00276346 9.45158e-05 9.00151e-06 2.25038e-05 9.00151e-06 4.50075e-06 0 0 0
 0.000866109 0.00284123 0.00948549 0.0512746 0.133035 0.25785 0.225252 0.132002 0.0553304 0.0519788 0.0540692 0.017754 0.00435017 0.00159236 0.00146478 0.000404838 0.000125132 0.000115318 0.000107957 0.000100596 0 0 0 0 0 0
 0 0 0 0 0.00144013 0.00171154 0.00461396 0.0210425 0.0478622 0.0707936 0.0888783 0.103762 0.0637923 0.0337046 0.0602308 0.124433 0.169614 0.0934646 0.0462172 0.0250306 0.0313229 0.00938855 0.002487 0.000210481 0 0
 0 0.00764035 0.051015 0.0998891 0.058973 0.0496711 0.0374665 0.0718981 0.12319 0.153886 0.159021 0.0857701 0.0377988 0.023471 0.0147837 0.00900784 0.00315554 0.000888139 0.00291439 0.00214683 0.00393193 0.00274676 0.000635225 9.99891e-05 0 0
 0 0 0 0 0 0 0 0 0 0 0 0 0 0 0 0 0 0 0 0 0 0 0 0 0 0
 0 0 0 0 0 0 0 0 0 0 0 0 0 0 0 0 0 0 0 0 0 0 0 0 0 0
 0 0 0 0 0 0 0 0 0 0 0 0 0 0 0 0 0 0 0 0 0 0 0 0 0 0
 0 0 0 0 0 0 0 0 0 0 0 0 0 0 0 0 0 0 0 0 0 0 0 0 0 0
 0 0 0 0 0 0 0 0 0 0 0 0 0 0 0 0 0 0 0 0 0 0 0 0 0 0
 0 0 0 0 0 0 0 0 0 0 0 0 0 0 0 0 0 0 0 0 0 0 0 0 0 0
 0 0 0 0 0 0 0 0 0 0 0 0 0 0 0 0 0 0 0 0 0 0 0 0 0 0
ppred_pel_tallas
 1.10726e-16 4.52156e-05 0.000439512 0.00292071 0.0132771 0.0413102 0.0880163 0.128465 0.128479 0.0880852 0.0415428 0.0139542 0.00464016 0.00425903 0.00749214 0.0128169 0.0196265 0.0271085 0.0343755 0.0408799 0.0464825 0.0510485 0.0540009 0.054365 0.0513551 0.0450137
 1.16513e-16 4.51136e-05 0.000438521 0.00291412 0.0132472 0.0412171 0.0878183 0.128178 0.128203 0.0879368 0.0416154 0.014399 0.00581019 0.00677751 0.0121358 0.020134 0.0293538 0.037709 0.0431577 0.0448997 0.0438896 0.0421337 0.0413071 0.0417668 0.0425817 0.0423308
 1.11868e-16 5.55392e-05 0.00053986 0.00358756 0.0163086 0.0507421 0.108112 0.157796 0.157814 0.108198 0.0510304 0.0171426 0.005686 0.00513738 0.00883661 0.0146528 0.0214186 0.0276159 0.0317472 0.0331681 0.0324594 0.0309574 0.0298244 0.0293996 0.0292253 0.028545
 1.0612e-16 6.10644e-05 0.000593568 0.00394447 0.017931 0.05579 0.118867 0.173494 0.173511 0.118951 0.0560703 0.0187411 0.0059801 0.00504427 0.00853444 0.014068 0.0203931 0.0259351 0.0291389 0.0293125 0.0270336 0.0237225 0.0207307 0.0186619 0.0173269 0.0161642
 1.03805e-16 6.19817e-05 0.000602484 0.00400372 0.0182003 0.0566281 0.120653 0.1761 0.176118 0.120741 0.0569228 0.0190519 0.00614258 0.00527619 0.00895171 0.0147366 0.0213075 0.0269754 0.0300618 0.029797 0.0267646 0.0224729 0.0184102 0.0153295 0.0131799 0.0115112
 1.01195e-16 7.46659e-05 0.000725779 0.00482305 0.0219249 0.0682166 0.145343 0.212134 0.21214 0.145376 0.0683289 0.0222496 0.00563853 0.00250784 0.00346464 0.00562404 0.0081283 0.0102927 0.0114728 0.011371 0.0102032 0.00853683 0.00693341 0.00568048 0.00476798 0.0040415
 1.02042e-16 4.67035e-05 0.000453975 0.00301682 0.0137141 0.0426697 0.0909138 0.132699 0.132737 0.0910993 0.0432924 0.0155121 0.00752799 0.0102949 0.0187157 0.0308128 0.0442552 0.055384 0.0605009 0.0578997 0.0488933 0.0369502 0.025663 0.0171149 0.011579 0.00825307
 1.06828e-16 4.59192e-05 0.000446351 0.00296616 0.0134837 0.041953 0.0893863 0.130467 0.130492 0.089509 0.0423656 0.0146779 0.0059734 0.00704354 0.0126697 0.0211189 0.0309889 0.0401535 0.0464278 0.0487277 0.0475818 0.0445176 0.040885 0.0371275 0.0329573 0.0280338
 1.06462e-16 6.24356e-05 0.000606896 0.00403304 0.0183336 0.0570428 0.121536 0.177388 0.177402 0.121601 0.0572608 0.0189645 0.00562055 0.00408567 0.0067086 0.0110965 0.0162282 0.0209423 0.0241023 0.0252061 0.0246577 0.0234116 0.0222808 0.021473 0.0206462 0.0193093
 1.01883e-16 7.30735e-05 0.0007103 0.0047202 0.0214573 0.0667618 0.142243 0.20761 0.207618 0.142284 0.0668996 0.0218555 0.00572002 0.00289396 0.00422342 0.0068752 0.00991828 0.0125201 0.0138882 0.0136661 0.0121431 0.0100521 0.00812014 0.00671956 0.00582511 0.0052009
 1.00541e-16 7.46025e-05 0.000725163 0.00481896 0.0219063 0.0681587 0.14522 0.211954 0.211962 0.145259 0.0682918 0.0222908 0.00578362 0.00282989 0.00406851 0.00659919 0.00947841 0.0118754 0.0129984 0.0124835 0.0106085 0.00810837 0.00574169 0.00394483 0.00277066 0.00204756
 1.00609e-16 6.89502e-05 0.00067022 0.00445385 0.0202466 0.0629947 0.134217 0.195897 0.195911 0.134287 0.0632283 0.0209213 0.00614677 0.00436368 0.00707702 0.0115734 0.0166244 0.0208183 0.0227646 0.0218194 0.0184658 0.013992 0.00973324 0.00646646 0.00430159 0.0029568
 1.01253e-16 6.46396e-05 0.00062832 0.00417541 0.0189808 0.0590564 0.125827 0.183651 0.183669 0.125912 0.059344 0.0198116 0.0062611 0.00518219 0.00871547 0.0143115 0.0206215 0.025953 0.028621 0.0278374 0.024165 0.0191168 0.0142391 0.0103989 0.00768612 0.00577109
 1.01988e-16 6.32336e-05 0.000614653 0.00408459 0.0185679 0.0577719 0.12309 0.179657 0.179675 0.123177 0.0580646 0.0194138 0.00620885 0.00525532 0.00888657 0.0146167 0.0211088 0.0266661 0.0295971 0.0291101 0.0257628 0.021048 0.0164669 0.0128246 0.0101567 0.00811255
 1.01543e-16 6.97391e-05 0.000677889 0.00450481 0.0204782 0.0637154 0.135753 0.198138 0.198149 0.13581 0.0639057 0.021028 0.0058856 0.00369459 0.00580613 0.00950692 0.0137316 0.0173579 0.0192889 0.0190142 0.0168993 0.0139135 0.0110263 0.00874915 0.00709006 0.00580641
 1.00198e-16 8.00647e-05 0.000778258 0.0051718 0.0235102 0.0731491 0.155852 0.227471 0.227473 0.155863 0.0731869 0.0236194 0.00544591 0.00137659 0.00121623 0.00188346 0.0027042 0.00339776 0.0037378 0.00362139 0.00312536 0.00245311 0.00181257 0.00132027 0.000986784 0.000763616
 1.00839e-16 3.16237e-05 0.000307393 0.00204274 0.00928603 0.0288926 0.0615609 0.089862 0.0899196 0.0618426 0.0298382 0.0120156 0.00888874 0.0152334 0.028323 0.0466274 0.0668216 0.0833053 0.0903927 0.0854628 0.0705607 0.0511061 0.0327834 0.0189949 0.010321 0.00557988
 1.01176e-16 7.72793e-05 0.000751183 0.00499187 0.0226923 0.0706043 0.15043 0.219557 0.21956 0.150442 0.0706435 0.0228062 0.00528024 0.00138878 0.00131181 0.00210769 0.00317075 0.00428128 0.00526057 0.00600755 0.00652128 0.00683855 0.00694787 0.00677046 0.0062279 0.00532965
 1.0154e-16 5.51044e-05 0.000535635 0.00355948 0.0161809 0.050345 0.107266 0.156565 0.156595 0.107413 0.0508358 0.0175979 0.00711372 0.00828573 0.0147481 0.0242271 0.0347385 0.0433595 0.047158 0.0447962 0.0373527 0.0276391 0.0185752 0.0118648 0.00772629 0.00546686
 1.03846e-16 5.5275e-05 0.000537293 0.0035705 0.016231 0.0505007 0.107598 0.157047 0.157068 0.107703 0.050855 0.0172555 0.0061472 0.00617857 0.0108167 0.0179181 0.0260915 0.0333993 0.0378756 0.0385659 0.0360194 0.0317798 0.0273288 0.0233555 0.0197891 0.0163125
 1.03275e-16 6.67768e-05 0.000649094 0.00431346 0.0196084 0.0610089 0.129986 0.189722 0.189734 0.130047 0.0612128 0.0201978 0.00579504 0.00389016 0.00624218 0.0102668 0.0149084 0.0190136 0.0214526 0.0217072 0.0201578 0.0177763 0.0154815 0.0136759 0.01224 0.0108459
 1.0219e-16 6.61296e-05 0.000642803 0.00427165 0.0194183 0.0604177 0.128727 0.187884 0.187899 0.128803 0.0606719 0.0201527 0.00611516 0.004668 0.00771317 0.0126534 0.0182373 0.0229692 0.025372 0.0247684 0.0216788 0.0174577 0.0134717 0.0104582 0.00843816 0.0070449
 1.06063e-16 2.74046e-05 0.000266382 0.00177021 0.00804713 0.0250379 0.0533478 0.0778736 0.0779255 0.0536018 0.0258909 0.0105115 0.0079582 0.0137817 0.0257157 0.0425221 0.0613728 0.0774275 0.0857493 0.084036 0.0739508 0.0599167 0.0463988 0.0358159 0.028293 0.0227613
 1.05716e-16 6.66456e-05 0.000647819 0.00430498 0.0195698 0.060889 0.129731 0.189347 0.189354 0.129762 0.0609939 0.0198748 0.00507777 0.00235911 0.00338801 0.00568217 0.00861531 0.0117482 0.0146584 0.0171235 0.0191695 0.0208812 0.0221537 0.022642 0.0219664 0.0199945
 1.05135e-16 5.62198e-05 0.000546476 0.00363153 0.0165084 0.0513639 0.109437 0.159732 0.159757 0.109559 0.0517713 0.0176848 0.00658386 0.00698963 0.0122882 0.0202152 0.0290958 0.0365617 0.0402561 0.0391354 0.0341155 0.0274721 0.0214774 0.0173182 0.0149247 0.013519
 1.08109e-16 4.09381e-05 0.000397933 0.00264441 0.0120211 0.0374023 0.0796908 0.116318 0.116352 0.0798541 0.0379509 0.0136071 0.00663153 0.00912184 0.0166679 0.0276436 0.0401748 0.0512668 0.0578692 0.058544 0.0542496 0.0475399 0.0408728 0.035398 0.0309416 0.0267992
 1.05198e-16 6.69209e-05 0.000650495 0.00432277 0.0196507 0.0611406 0.130267 0.19013 0.190139 0.130312 0.061291 0.0200864 0.00542072 0.00306163 0.00468836 0.00775622 0.0114293 0.0149287 0.0175032 0.0188083 0.0190708 0.0188402 0.0185382 0.0181892 0.0175088 0.0162
 1.03365e-16 6.27291e-05 0.00060975 0.004052 0.0184198 0.057311 0.122108 0.178224 0.178243 0.122199 0.0576183 0.0193074 0.0062797 0.00547247 0.00929712 0.0152695 0.0219895 0.0276573 0.0304899 0.0296845 0.0259035 0.0208296 0.0161531 0.0127744 0.0106833 0.00936142
 1.07495e-16 2.9172e-05 0.000283562 0.00188437 0.00856612 0.0266526 0.056788 0.0828938 0.0829414 0.0570209 0.0274349 0.0108266 0.00756262 0.0126927 0.0236359 0.0391317 0.0566073 0.0716834 0.0798902 0.0791353 0.0708925 0.0590839 0.0476142 0.0385158 0.0317881 0.0264447
 1.17394e-16 3.66819e-05 0.000356561 0.00236947 0.0107713 0.0335136 0.0714049 0.104222 0.104241 0.0715006 0.0338358 0.0117071 0.00473799 0.00559217 0.0101717 0.0172602 0.0260388 0.0352217 0.0434701 0.0501144 0.0553517 0.0596625 0.0629881 0.0644694 0.0629839 0.0579787
 1.05432e-16 7.28177e-05 0.000707814 0.00470367 0.0213822 0.066528 0.141745 0.206882 0.206887 0.14177 0.0666115 0.0216238 0.00531211 0.00204265 0.00262794 0.0042837 0.00629703 0.00821333 0.0096378 0.0104306 0.0107943 0.011113 0.0116607 0.0124076 0.0130514 0.0132134
pSPR Fmed_Fpbrs
0.518621   0.247975 0.247975
Fs Fmed_Fpbrs
0.409309   1.005 1.005
SSBpbr Bo_Bmed_Bpbrs
1.61069e+06  754804  318878 318878
Ro
130614
SPR SPRFo_SPRFmed_SPRFpbrs
932271 483495 231180
Fref
1.005
Nvult_r0
 165978 11182.9 4923.03 6748.58 2079.72
CTP_r0
 29271.8 2713.3 1218.57 1672.21 515.356
YTP_r0
391258
Np
 188720 36127.4 9706.45 549.468 270.887
Nvult_p0
 152593 31125.8 8397.42 475.471 234.409
CTP_p0
 60292.2 29855.9 1765.5 768.889 1332.15
 60292.2 15384.2 4206.05 238.319 117.496
YTP_p0
 1.02791e+06 800920
CBA_c0
959816
log_Ro
11.6
likeval ReclasPelacesDesembMPH_pf_preclas_ppelaces_ptallas_desvR_qrecl_qpela
 10.7044 27.9068 0.0110397 0.00213101 241.157 116.818 99.9753 0 31.8865 2.4476e-06 0 0.0192694 0 0 0
q_reclas_q_pelaces
1.24819 1
M
1
N
 150763 41232.2 83342.1 7205.35 0.212475
 94153.4 48110.8 12261.6 24643.1 2129.93
 88515.4 26522 11871.2 2993.27 6532
 84165.7 24938.4 6546 2898.78 2324.55
 67203.9 18259.2 4163.15 1069.86 852.688
 220936 19648.9 4763.54 1076.14 496.709
 63257 59486.1 4531.4 1084.89 357.968
 22712.8 11186.3 7314.01 541.017 171.99
 31384.4 7195.74 3290.71 2138.74 208.426
 48279.5 6463.74 1111.35 496.546 353.723
 85003.3 8360.46 770.188 128.48 98.1332
 126494 27336.3 2515.12 230.453 67.7863
 102222 28547.8 4841.27 436.782 51.7375
 70956.4 23888.4 5326.55 887.007 89.4171
 63139 11567.2 2600.48 561.221 102.697
 434684 12487 1681.34 368.697 94.0026
 63956.7 109782 2616.8 347.07 95.4336
 661311 18696.8 28634.3 676.274 114.301
 365701 193120 4868.94 7388.05 203.877
 264136 98823 44780.5 1115.12 1737.59
 417710 72584.9 23497.6 10523.8 669.975
 545847 122674 19062.9 6115.63 2911.93
 87288.8 151580 29629.9 4552.68 2154.66
 319545 27111.2 43287.2 8404.23 1901.76
 249445 100475 7885.88 12512 2977.87
 107102 78502.2 29263.7 2282.44 4481.76
 279912 34581.9 23758.9 8810.51 2035.92
 326383 87792.1 10021.1 6840.88 3121.91
 72444.9 105709 26692.7 3031.32 3012.84
 49666.1 23835.7 32906 8272.02 1872.61
 236090 15257.2 6695.78 9177.16 2828.12
pred_Ctot
 12779.8 5082.28 10524.1 911.032 0.0268668
 14250.1 10342.9 2695.51 5423.84 468.818
 13388.6 5698.48 2608.19 658.428 1436.93
 22777.3 9169.85 2452.86 1087.29 871.952
 8883.29 3451.85 805.226 207.183 165.136
 38405.7 4812.37 1192.25 269.654 124.471
 22015.8 27280.2 2112.85 506.297 167.064
 2017.39 1442.73 966.287 71.5679 22.7531
 9149.1 2827.07 1316.7 856.593 83.4819
 17153.6 3017.16 527.323 235.81 167.99
 6835.59 979.066 92.4118 15.4358 11.7907
 32149.5 9499.92 891.149 81.7374 24.0439
 24449.8 9389.81 1624.22 146.693 17.3769
 26647.9 11688.8 2647.73 441.283 44.4866
 19397.9 4759.88 1089.32 235.313 43.0614
 88802.7 3554.21 488.631 107.269 27.3508
 8458.79 20764.9 506.404 67.2469 18.492
 87830.1 3550.58 5563.35 131.553 22.2359
 62918.7 46844 1206.98 1833.57 50.6014
 43257.8 22886.1 10600.9 264.293 411.849
 54240.7 13491 4468.66 2003.81 127.577
 86539.3 27554.5 4377.57 1406.04 669.521
 8711.9 21884 4380.58 673.935 318.977
 29724.6 3656.66 5979.9 1162.48 263.071
 23082.6 13483.3 1083.9 1721.95 409.855
 8368.5 8939.51 3414.58 266.669 523.661
 26428.7 4731.99 3329.69 1236.32 285.707
 24933.9 9780.47 1143.97 781.949 356.876
 4881.84 10420 2696.81 306.663 304.815
 5255.45 3640.8 5146.25 1295.31 293.249
 29271.8 2713.3 1218.57 1672.21 515.356
F
 0.1422 0.212751 0.218455 0.218764 0.21878
 0.26695 0.399393 0.410102 0.410682 0.410712
 0.266768 0.399121 0.409823 0.410402 0.410433
 0.528118 0.790137 0.811322 0.812469 0.812529
 0.22971 0.343678 0.352893 0.353392 0.353418
 0.31213 0.466989 0.479511 0.480188 0.480224
 0.732519 1.09595 1.12534 1.12693 1.12701
 0.14944 0.223582 0.229577 0.229901 0.229918
 0.580102 0.867913 0.891184 0.892443 0.89251
 0.753493 1.12733 1.15756 1.15919 1.15928
 0.134476 0.201194 0.206588 0.20688 0.206896
 0.488617 0.731039 0.75064 0.751701 0.751757
 0.453752 0.678876 0.697078 0.698063 0.698115
 0.813892 1.21769 1.25034 1.25211 1.2522
 0.620651 0.928579 0.953477 0.954825 0.954896
 0.376124 0.562734 0.577822 0.578639 0.578682
 0.229852 0.34389 0.35311 0.353609 0.353636
 0.230913 0.345477 0.35474 0.355242 0.355268
 0.308486 0.461538 0.473913 0.474583 0.474618
 0.291705 0.436431 0.448133 0.448767 0.4488
 0.225256 0.337015 0.346051 0.34654 0.346566
 0.281221 0.420746 0.432027 0.432638 0.43267
 0.169276 0.25326 0.260051 0.260418 0.260437
 0.156986 0.234873 0.241171 0.241511 0.241529
 0.156111 0.233564 0.239826 0.240165 0.240183
 0.130449 0.19517 0.200403 0.200686 0.200701
 0.159505 0.238642 0.24504 0.245386 0.245405
 0.127383 0.190582 0.195692 0.195969 0.195983
 0.111642 0.167033 0.171511 0.171753 0.171766
 0.180269 0.269707 0.276938 0.27733 0.27735
 0.214122 0.320356 0.328945 0.32941 0.329434
YTP_r0W_actual
 242956 38257.5 33632.4 57189.5 19222.8
YTP_p0W_proyectada
 451589 467842 40835.9 22582.3 45066.6
 451589 241071 97285.9 6999.43 3974.9
CTP_r0_actual
 29271.8 2713.3 1218.57 1672.21 515.356
CTP_p0_proyectada
 60292.2 29855.9 1765.5 768.889 1332.15
 60292.2 15384.2 4206.05 238.319 117.496
Wmedp
 7.49 15.67 23.13 29.37 33.83
Frms_r0
 0.214122 0.320356 0.328945 0.32941 0.329434
Zrms_r0
 1.21412 1.32036 1.32895 1.32941 1.32943
nmprior
 8.19 8.8 8.5 0
nm_flota  nm_reclas  nm_pelaces    nm_pelaL
inf 15.9623 13.6183 29.8097
cv_recla  cv_pelaces  cv_mph
0.295941 0.599001 1.42462
 ------------------------------------------------
Talla a la edad & desviaci?n 
 8 13.2811 15.8009 17.003 17.5766
 0.8 1.32811 1.58009 1.7003 1.75766
