years
 1991 1992 1993 1994 1995 1996 1997 1998 1999 2000 2001 2002 2003 2004 2005 2006 2007 2008 2009 2010 2011 2012 2013 2014 2015 2016 2017 2018 2019 2020 2021
reclasobs
 0 0 0 0 0 0 0 0 0 252601 567819 844713 477998 351125 339783 2.1784e+06 2.13404e+06 4.81314e+06 1.55562e+06 2.62356e+06 3.21686e+06 3.843e+06 1.13348e+06 3.07943e+06 1.97215e+06 2.03268e+06 2.025e+06 2.42433e+06 2.27542e+06 1.05018e+06 2.36338e+06
reclaspred
 4.62878e+06 2.67413e+06 1.37346e+06 1.70757e+06 1.98153e+06 2.87928e+06 2.04265e+06 1.76888e+06 1.20848e+06 821664 696118 789206 764805 620031 644527 1.45777e+06 1.5609e+06 3.11851e+06 2.67789e+06 2.05679e+06 3.6088e+06 2.89884e+06 2.45072e+06 3.56851e+06 2.77654e+06 2.54043e+06 2.87953e+06 2.93106e+06 2.57231e+06 1.72997e+06 2.48951e+06
pelacesobs
 0 0 0 0 0 0 0 0 0 0 0 0 0 0 0 552880 188675 0 991730 2.46772e+06 1.41603e+06 1.21717e+06 2.29649e+06 1.80582e+06 0 1.4828e+06 1.56532e+06 1.57751e+06 1.42118e+06 867257 1.10002e+06
pelacespred
 2.1916e+06 1.41538e+06 737129 775899 893190 1.37394e+06 961521 946658 656697 427740 376241 345092 360849 312112 336381 632342 651876 1.51764e+06 1.33862e+06 953788 1.61203e+06 1.42433e+06 1.1771e+06 1.90631e+06 1.41446e+06 1.28293e+06 1.68024e+06 1.70144e+06 1.18708e+06 905683 1.3357e+06
mphobs
 0 0 0 0 0 0 0 0 0 0 0 498337 0 5186 125008 0 168611 109162 213762 579715 649985 157893 87575 83554 0 0 0 0 0 0 0
mphpred
 4.1164e+06 2.79556e+06 1.44529e+06 804334 1.22589e+06 1.50889e+06 1.88443e+06 1.30887e+06 1.0829e+06 713594 437659 486925 474750 406097 294076 384578 1.05673e+06 1.07476e+06 1.90944e+06 1.48556e+06 1.64208e+06 2.01277e+06 1.88242e+06 1.62529e+06 2.20441e+06 1.83973e+06 1.56652e+06 1.62774e+06 2.17337e+06 1.53996e+06 1.04945e+06
desembarqueobs
 494567 514787 250237 358949 120608 361735 552515 73892 212993 205616 52469 317467 293654 387597 252695 516296 358380 742168 942051 627588 828172 859565 418607 520667 417249 300574 415391 372974 316634 284311 391294
desembarquepred
 494576 512752 251478 358963 120610 361755 552614 73895.3 213051 205679 52472 317577 293741 387705 252712 516306 358417 742120 941979 627537 828290 859674 418636 520708 417269 300586 415407 372975 316641 284331 391305
Reclutas
 238625 138799 132406 368549 287133 389533 163082 77393.4 60102.2 72746.5 116399 152605 134526 97736.4 101459 479917 125080 713899 453456 354141 503285 664128 164045 419347 366522 176166 361164 390670 136927 106361 363197
log_desv_Rt
 0.10795 -0.433916 -0.481069 0.542628 0.293002 0.598003 -0.272691 -1.01804 -1.2709 -1.07996 -0.60992 -0.339091 -0.465184 -0.784671 -0.747294 0.806669 -0.537994 1.2038 0.749954 0.50275 0.854213 1.13153 -0.266806 0.671755 0.537113 -0.19552 0.522386 0.600917 -0.447497 -0.70011 0.528
SSB
 4.1164e+06 2.79556e+06 1.44529e+06 804334 1.22589e+06 1.50889e+06 1.88443e+06 1.30887e+06 1.0829e+06 713594 437659 486925 474750 406097 294076 384578 1.05673e+06 1.07476e+06 1.90944e+06 1.48556e+06 1.64208e+06 2.01277e+06 1.88242e+06 1.62529e+06 2.20441e+06 1.83973e+06 1.56652e+06 1.62774e+06 2.17337e+06 1.53996e+06 1.04945e+06
BT
 5.48252e+06 3.77956e+06 1.95552e+06 2.11681e+06 2.16986e+06 3.51876e+06 2.72701e+06 2.26557e+06 1.73788e+06 1.19687e+06 926932 1.07961e+06 1.11448e+06 1.13757e+06 1.04556e+06 1.91551e+06 1.79654e+06 4.23422e+06 4.03907e+06 2.7809e+06 4.46087e+06 4.12955e+06 3.10352e+06 4.96927e+06 3.67277e+06 3.25512e+06 4.37103e+06 4.36959e+06 3.00941e+06 2.37387e+06 3.51304e+06
Ftot
 0.101619 0.181041 0.173008 0.198182 0.0580951 0.119285 0.253645 0.0399371 0.166679 0.235133 0.0718511 0.372854 0.356485 0.567154 0.363823 0.329842 0.21609 0.223829 0.327448 0.28523 0.216014 0.277465 0.161578 0.138299 0.142397 0.112412 0.13675 0.120788 0.116913 0.155549 0.148835
BD_Bspro_t
 0.983872 0.879402 0.750544 0.680435 0.732155 0.797947 0.788112 0.683671 0.720923 0.676856 0.631522 0.735179 0.60519 0.516664 0.420252 0.485002 0.618876 0.608712 0.678854 0.590985 0.569112 0.614564 0.625761 0.629236 0.724155 0.733985 0.746475 0.774715 0.808363 0.754893 0.709123
BD_Bspro
 2.68845 1.82581 0.943934 0.525318 0.800639 0.98547 1.23074 0.854831 0.707254 0.466055 0.285839 0.318015 0.310063 0.265225 0.192064 0.251171 0.690161 0.701937 1.24707 0.970229 1.07246 1.31456 1.22942 1.06149 1.43972 1.20155 1.02311 1.06309 1.41945 1.00576 0.685404
BD_Bo
 1.89061 1.28397 0.663806 0.369421 0.563037 0.693015 0.865496 0.601146 0.497365 0.327745 0.201011 0.223639 0.218047 0.186515 0.135066 0.176632 0.485345 0.493626 0.876984 0.682298 0.754189 0.924442 0.864571 0.746476 1.01246 0.844968 0.719486 0.747599 0.998203 0.707285 0.481999
BD_Brms
 13.3974 9.09853 4.7039 2.61781 3.98982 4.91089 6.13313 4.25988 3.52445 2.32249 1.42442 1.58476 1.54514 1.3217 0.957111 1.25166 3.43928 3.49796 6.21454 4.83494 5.34438 6.55083 6.12658 5.28973 7.17454 5.98766 5.09846 5.29768 7.07352 5.012 3.41557
Sel_flota
 0.899606 1 1 1 1
 0.899606 1 1 1 1
 0.899606 1 1 1 1
 0.899606 1 1 1 1
 0.899606 1 1 1 1
 0.899606 1 1 1 1
 0.899606 1 1 1 1
 0.899606 1 1 1 1
 0.899606 1 1 1 1
 0.899606 1 1 1 1
 0.899606 1 1 1 1
 0.899606 1 1 1 1
 0.899606 1 1 1 1
 0.899606 1 1 1 1
 0.899606 1 1 1 1
 0.899606 1 1 1 1
 0.899606 1 1 1 1
 0.899606 1 1 1 1
 0.899606 1 1 1 1
 0.899606 1 1 1 1
 0.899606 1 1 1 1
 0.899606 1 1 1 1
 0.899606 1 1 1 1
 0.899606 1 1 1 1
 0.899606 1 1 1 1
 0.899606 1 1 1 1
 0.899606 1 1 1 1
 0.899606 1 1 1 1
 0.899606 1 1 1 1
 0.899606 1 1 1 1
 0.899606 1 1 1 1
Sel_reclas
 0.898126 1 1 1 1
 0.898126 1 1 1 1
 0.898126 1 1 1 1
 0.898126 1 1 1 1
 0.898126 1 1 1 1
 0.898126 1 1 1 1
 0.898126 1 1 1 1
 0.898126 1 1 1 1
 0.898126 1 1 1 1
 0.898126 1 1 1 1
 0.898126 1 1 1 1
 0.898126 1 1 1 1
 0.898126 1 1 1 1
 0.898126 1 1 1 1
 0.898126 1 1 1 1
 0.898126 1 1 1 1
 0.898126 1 1 1 1
 0.898126 1 1 1 1
 0.898126 1 1 1 1
 0.898126 1 1 1 1
 0.898126 1 1 1 1
 0.898126 1 1 1 1
 0.898126 1 1 1 1
 0.898126 1 1 1 1
 0.898126 1 1 1 1
 0.898126 1 1 1 1
 0.898126 1 1 1 1
 0.898126 1 1 1 1
 0.898126 1 1 1 1
 0.898126 1 1 1 1
 0.898126 1 1 1 1
Sel_pelaces
 0.967023 1 1 1 1
 0.967023 1 1 1 1
 0.967023 1 1 1 1
 0.967023 1 1 1 1
 0.967023 1 1 1 1
 0.967023 1 1 1 1
 0.967023 1 1 1 1
 0.967023 1 1 1 1
 0.967023 1 1 1 1
 0.967023 1 1 1 1
 0.967023 1 1 1 1
 0.967023 1 1 1 1
 0.967023 1 1 1 1
 0.967023 1 1 1 1
 0.967023 1 1 1 1
 0.967023 1 1 1 1
 0.967023 1 1 1 1
 0.967023 1 1 1 1
 0.967023 1 1 1 1
 0.967023 1 1 1 1
 0.967023 1 1 1 1
 0.967023 1 1 1 1
 0.967023 1 1 1 1
 0.967023 1 1 1 1
 0.967023 1 1 1 1
 0.967023 1 1 1 1
 0.967023 1 1 1 1
 0.967023 1 1 1 1
 0.967023 1 1 1 1
 0.967023 1 1 1 1
 0.967023 1 1 1 1
pf_obs 
 0.8446 0.082 0.0669 0.0065 0
 0.8095 0.147 0.0364 0.0071 0
 0.9664 0.0169 0.016 0.0007 0
 0.9276 0.0648 0.0075 0.0001 0
 0.7033 0.2144 0.0806 0.0017 0
 0.9318 0.0425 0.0243 0.0014 0
 0.5671 0.3108 0.0964 0.0239 0.0018
 0.0768 0.2599 0.5324 0.112 0.0189
 0.490249 0.384438 0.106611 0.0170017 0.00170017
 0.7925 0.1577 0.0466 0.003 0.0002
 0.840416 0.127587 0.0312969 0.00059994 9.999e-05
 0.8084 0.0986 0.0794 0.0134 0.0002
 0.7335 0.1905 0.0724 0.0035 0.0001
 0.4001 0.4547 0.1325 0.0127 0
 0.49795 0.308269 0.164784 0.0264974 0.00249975
 0.9179 0.0499 0.0305 0.0017 0
 0.2467 0.6533 0.0926 0.0074 0
 0.9418 0.0223 0.034 0.0019 0
 0.707729 0.231977 0.0356964 0.0245975 0
 0.517169 0.277429 0.184464 0.0207286 0.00020938
 0.811772 0.124168 0.05621 0.00726502 0.000585176
 0.764997 0.148141 0.077277 0.00933861 0.000247198
 0.163321 0.427699 0.378323 0.0303852 0.000271297
 0.753843 0.0900009 0.118128 0.0371064 0.000921714
 0.721811 0.176058 0.0630433 0.0369309 0.00215725
 0.143369 0.312575 0.442814 0.0836902 0.0175525
 0.692698 0.0596174 0.167031 0.0765114 0.00414204
 0.394062 0.376323 0.152708 0.0712218 0.00568511
 0.125707 0.32114 0.495352 0.0537591 0.00404204
 0.23352 0.215282 0.420074 0.123614 0.00750983
 0.774587 0.0839891 0.0768558 0.0609784 0.00358967
pf_pred 
 0.461843 0.0997622 0.417629 0.0207649 7.4187e-07
 0.434673 0.276854 0.0534764 0.223866 0.0111312
 0.561694 0.203163 0.115155 0.0222431 0.0977451
 0.825492 0.102968 0.0331598 0.0187954 0.0195842
 0.6577 0.288148 0.0319522 0.0102899 0.0119097
 0.705456 0.200834 0.0788848 0.0087474 0.00607745
 0.456117 0.39614 0.100739 0.0395686 0.00743615
 0.415257 0.28435 0.218793 0.0556391 0.0259613
 0.466802 0.235532 0.14475 0.111378 0.0415391
 0.632447 0.182192 0.08188 0.0503207 0.0531599
 0.761882 0.157125 0.0401474 0.0180429 0.0228027
 0.730556 0.210508 0.03889 0.00993687 0.0101097
 0.69776 0.228224 0.0578255 0.0106829 0.0055067
 0.644246 0.257554 0.0741516 0.0187879 0.00526012
 0.743534 0.173354 0.0601708 0.0173236 0.00561819
 0.92577 0.0569476 0.0116816 0.00405466 0.00154595
 0.44687 0.516607 0.0280197 0.00574765 0.00275565
 0.890696 0.0520704 0.0534548 0.00289928 0.000879861
 0.634431 0.329662 0.0171057 0.0175605 0.00124149
 0.632291 0.243816 0.111723 0.00579716 0.00637204
 0.749525 0.165416 0.0563995 0.0258438 0.00281497
 0.753442 0.190135 0.0372626 0.0127049 0.00645584
 0.377027 0.483116 0.107852 0.0211367 0.0108687
 0.746243 0.102645 0.117188 0.0261612 0.00776344
 0.651314 0.26752 0.0328316 0.0374834 0.010851
 0.475995 0.354645 0.129937 0.0159466 0.0234765
 0.737659 0.132244 0.0880492 0.03226 0.00978773
 0.695317 0.231286 0.036999 0.0246343 0.011764
 0.408288 0.425268 0.126348 0.020212 0.0198839
 0.480632 0.226329 0.21061 0.0625726 0.0198571
 0.831147 0.0860116 0.0361004 0.0335931 0.0131479
pobs_RECLAS
 0 0 0 0 0
 0 0 0 0 0
 0 0 0 0 0
 0 0 0 0 0
 0 0 0 0 0
 0 0 0 0 0
 0 0 0 0 0
 0 0 0 0 0
 0 0 0 0 0
 0 0 0 0 0
 0.991045 0.00858322 0.000360255 1.14367e-05 0
 0.934742 0.0480273 0.0164251 0.00080598 0
 0.827803 0.169806 0.00239088 0 0
 0.941827 0.0461693 0.0120037 0 0
 0.791401 0.0380133 0.147996 0.0225897 0
 0.846168 0.0940531 0.0597789 0 0
 0.134021 0.677848 0.182769 0.00536245 0
 0.80878 0.0450904 0.141981 0.00414843 0
 0.846168 0.0940531 0.0597789 0 0
 0.905697 0.0802665 0.012482 0.00150086 5.37128e-05
 0.989698 0.0102097 9.19794e-05 0 0
 0.975433 0.0193895 0.00387452 0.00125025 5.28907e-05
 0.303575 0.632131 0.0575291 0.00676475 0
 0.966965 0.00978017 0.0227588 0.000495775 0
 0.843318 0.132988 0.00938335 0.0141283 0.000182051
 0.564624 0.303363 0.111486 0.0197234 0.00080311
 0.826376 0.0876187 0.0782897 0.00655872 0.00115652
 0.89761 0.0855135 0.0140674 0.00269457 0.000114338
 0.34875 0.467042 0.161289 0.0227151 0.000203297
 0.318654 0.224769 0.449479 0.00709798 0
 0.937255 0.0296025 0.0250945 0.00804832 0
ppred_RECLAS
 0.461661 0.0997959 0.417771 0.0207719 7.4212e-07
 0.434695 0.276843 0.0534744 0.223857 0.0111308
 0.561694 0.203162 0.115155 0.0222431 0.097745
 0.825533 0.102944 0.0331522 0.0187911 0.0195797
 0.657443 0.288365 0.0319763 0.0102976 0.0119186
 0.70534 0.200913 0.0789158 0.00875083 0.00607984
 0.456345 0.395973 0.100696 0.039552 0.00743302
 0.414941 0.284504 0.218911 0.0556692 0.0259753
 0.466786 0.235539 0.144754 0.111381 0.0415404
 0.632611 0.182111 0.0818436 0.0502983 0.0531363
 0.761697 0.157247 0.0401785 0.0180568 0.0228204
 0.731039 0.21013 0.0388203 0.00991906 0.0100916
 0.698231 0.227869 0.0577355 0.0106663 0.00549813
 0.645479 0.256662 0.0738947 0.0187228 0.00524189
 0.743978 0.173054 0.0600666 0.0172936 0.00560846
 0.925899 0.0568487 0.0116613 0.00404761 0.00154327
 0.446989 0.516496 0.0280137 0.00574641 0.00275505
 0.890751 0.0520439 0.0534276 0.00289781 0.000879413
 0.634859 0.329276 0.0170856 0.0175399 0.00124003
 0.632595 0.243614 0.111631 0.00579236 0.00636677
 0.749616 0.165357 0.0563791 0.0258345 0.00281396
 0.753667 0.189961 0.0372286 0.0126933 0.00644995
 0.376998 0.483138 0.107856 0.0211377 0.0108691
 0.746174 0.102672 0.11722 0.0261683 0.00776554
 0.651241 0.267576 0.0328385 0.0374912 0.0108533
 0.475839 0.35475 0.129975 0.0159513 0.0234835
 0.737586 0.132281 0.0880739 0.032269 0.00979047
 0.695202 0.231373 0.037013 0.0246436 0.0117685
 0.408147 0.425369 0.126378 0.0202168 0.0198886
 0.480586 0.226349 0.210628 0.0625781 0.0198588
 0.831111 0.0860298 0.036108 0.0336002 0.0131506
pobs_PELACES
 0 0 0 0 0
 0 0 0 0 0
 0 0 0 0 0
 0 0 0 0 0
 0 0 0 0 0
 0 0 0 0 0
 0 0 0 0 0
 0 0 0 0 0
 0 0 0 0 0
 0 0 0 0 0
 0 0 0 0 0
 0 0 0 0 0
 0 0 0 0 0
 0 0 0 0 0
 0 0 0 0 0
 0 0 0 0 0
 0.505614 0.472636 0.0217494 0 0
 0 0 0 0 0
 0.443492 0.261883 0.143347 0.151278 0
 0.227955 0.32914 0.350689 0.0885471 0.00366901
 0.970185 0.0296113 0.000203453 0 0
 0.997202 0.00247181 0.000326279 0 0
 0.445219 0.490057 0.0546422 0.010081 0
 0.90214 0.0892962 0.00764917 0.000914606 0
 0 0 0 0 0
 0.581667 0.319106 0.0959925 0.00289975 0.000334073
 0.762889 0.0836404 0.116647 0.0363945 0.000428098
 0.88444 0.0763242 0.0277011 0.0115352 0
 0.521256 0.241999 0.230069 0.00667565 0
 0.616807 0.101726 0.260614 0.0208532 0
 0.833518 0.0704572 0.0857862 0.0102388 0
ppred_PELACES
 0.480914 0.0962268 0.402829 0.0200291 7.15579e-07
 0.454424 0.267181 0.0516081 0.216044 0.0107423
 0.581196 0.194123 0.110031 0.0212534 0.093396
 0.836822 0.0962833 0.031007 0.0175752 0.0183128
 0.674312 0.274164 0.0304015 0.0097905 0.0113317
 0.72126 0.190058 0.0746521 0.00827804 0.00575135
 0.476829 0.381054 0.0969022 0.0380617 0.00715296
 0.433314 0.275569 0.212037 0.053921 0.0251596
 0.486598 0.226787 0.139376 0.107242 0.0399969
 0.651385 0.172805 0.0776612 0.047728 0.0504208
 0.775268 0.148292 0.0378904 0.0170286 0.0215208
 0.747659 0.197146 0.0364215 0.00930614 0.00946799
 0.71598 0.214466 0.0543396 0.0100389 0.00517474
 0.666395 0.241519 0.069535 0.0176182 0.00493263
 0.760006 0.16222 0.0563061 0.0162109 0.00525735
 0.931514 0.0525413 0.0107777 0.00374093 0.00142633
 0.467104 0.497709 0.0269947 0.00553739 0.00265484
 0.898418 0.0483918 0.0496785 0.00269446 0.000817702
 0.654274 0.311768 0.0161772 0.0166073 0.0011741
 0.651747 0.230916 0.105812 0.00549042 0.00603489
 0.764522 0.155513 0.0530227 0.0242965 0.00264644
 0.768768 0.178316 0.0349463 0.0119151 0.00605453
 0.395789 0.468566 0.104603 0.0205002 0.0105413
 0.760751 0.0967759 0.110488 0.0246654 0.00731957
 0.668881 0.254042 0.0311776 0.035595 0.0103044
 0.495229 0.341627 0.125167 0.0153613 0.0226147
 0.752483 0.124771 0.0830739 0.0304371 0.00923467
 0.711456 0.219035 0.0350392 0.0233294 0.0111409
 0.427063 0.411774 0.122339 0.0195707 0.019253
 0.500342 0.21774 0.202617 0.0601979 0.0191035
 0.841891 0.0805388 0.0338034 0.0314556 0.0123113
pobs_pel_tallas
 0 0 0 0 0 0 0 0 0 0 0 0 0 0 0 0 0 0 0 0 0 0 0 0 0 0
 0 0 0 0 0 0 0 0 0 0 0 0 0 0 0 0 0 0 0 0 0 0 0 0 0 0
 0 0 0 0 0 0 0 0 0 0 0 0 0 0 0 0 0 0 0 0 0 0 0 0 0 0
 0 0 0 0 0 0 0 0 0 0 0 0 0 0 0 0 0 0 0 0 0 0 0 0 0 0
 0 0 0 0 0 0 0 0 0 0 0 0 0 0 0 0 0 0 0 0 0 0 0 0 0 0
 0 0 0 0 0 0 0 0 0 0 0 0 0 0 0 0 0 0 0 0 0 0 0 0 0 0
 0 0 0 0 0 0 0 0 0 0 0 0 0 0 0 0 0 0 0 0 0 0 0 0 0 0
 0 0 0 0 0 0 0 0 0 0 0 0 0 0 0 0 0 0 0 0 0 0 0 0 0 0
 0 0 0 0 0 0 0 0 0 0 0 0 0 0 0 0 0 0 0 0 0 0 0 0 0 0
 0 0 0 0 0 0 0 0 0 0 0 0 0 0 0 0 0 0 0 0 0 0 0 0 0 0
 0 0 0 0 0 0 0 0 0 0 0 0 0 0 0 0 0 0 0 0 0 0 0 0 0 0
 0 0 0 0 0 0 0 0 0 0 0 0 0 0 0 0 0 0 0 0 0 0 0 0 0 0
 0.00862536 0 0 0.000197151 0.00414017 0.0128641 0.00837892 0.0270097 0.101434 0.158115 0.152841 0.127902 0.109271 0.109419 0.0830992 0.0579132 0.0238553 0.00714673 0.00463305 0.00128148 0.00103504 0.000492878 0.000147863 0.000147863 4.92878e-05 0
 0 0 0 0 0 0 0 0 0 0 0 0 0 0 0 0 0 0 0 0 0 0 0 0 0 0
 0 0 0 0 0 0 0 0.0054083 0.00873648 0.0413646 0.0450493 0.0745869 0.0622846 0.0627006 0.0613931 0.0827291 0.12552 0.122667 0.0946155 0.0697135 0.0546179 0.0294188 0.0215738 0.0213955 0.0102223 0.00600262
 0 0 0 0 0.00359764 0.0251062 0.0480494 0.140153 0.205849 0.193036 0.1447 0.116669 0.0760912 0.0342217 0.00950174 0.001854 0.000860785 0 0 0 0.000165536 0 0.000143464 0 0 0
 0 0 0 0 0 0 0 0.000145254 0.000435761 0.0275982 0.070085 0.0708112 0.156366 0.174668 0.174014 0.160142 0.0824315 0.0480064 0.0283245 0.00493863 0.00203355 0 0 0 0 0
 0 0 0 0 0 0 0 0 0 0 0 0 0 0 0 0 0 0 0 0 0 0 0 0 0 0
 0 0 1.00437e-05 0.000401748 0.00122533 0.00171747 0.00176769 0.0269171 0.070346 0.194647 0.189555 0.159765 0.064822 0.0314167 0.0384472 0.0292271 0.0345202 0.0313363 0.0194345 0.0106764 0.0143323 0.0359363 0.0279516 0.0138201 0.00172751 0
 0 0.0021121 0.0136068 0.0755702 0.200478 0.177729 0.0527432 0.0373336 0.0318909 0.0142505 0.0149659 0.0166563 0.0217959 0.0798694 0.0677717 0.0528807 0.04013 0.0224614 0.0357745 0.0225083 0.00881397 0.00855152 0.00135912 0.000746735 0 0
 0 0 0 0 5.4009e-05 0.00500934 0.000945158 0.0243581 0.138947 0.33067 0.221406 0.137944 0.0707744 0.0437923 0.0131692 0.00525238 0.0047753 0.00276346 9.45158e-05 9.00151e-06 2.25038e-05 9.00151e-06 4.50075e-06 0 0 0
 0.000866109 0.00284123 0.00948549 0.0512746 0.133035 0.25785 0.225252 0.132002 0.0553304 0.0519788 0.0540692 0.017754 0.00435017 0.00159236 0.00146478 0.000404838 0.000125132 0.000115318 0.000107957 0.000100596 0 0 0 0 0 0
 0 0 0 0 0.00144013 0.00171154 0.00461396 0.0210425 0.0478622 0.0707936 0.0888783 0.103762 0.0637923 0.0337046 0.0602308 0.124433 0.169614 0.0934646 0.0462172 0.0250306 0.0313229 0.00938855 0.002487 0.000210481 0 0
 0 0.00764035 0.051015 0.0998891 0.058973 0.0496711 0.0374665 0.0718981 0.12319 0.153886 0.159021 0.0857701 0.0377988 0.023471 0.0147837 0.00900784 0.00315554 0.000888139 0.00291439 0.00214683 0.00393193 0.00274676 0.000635225 9.99891e-05 0 0
 0 0 0 0 0 0 0 0 0 0 0 0 0 0 0 0 0 0 0 0 0 0 0 0 0 0
 0 0 0 0 0 0 0 0 0 0 0 0 0 0 0 0 0 0 0 0 0 0 0 0 0 0
 0 0 0 0 0 0 0 0 0 0 0 0 0 0 0 0 0 0 0 0 0 0 0 0 0 0
 0 0 0 0 0 0 0 0 0 0 0 0 0 0 0 0 0 0 0 0 0 0 0 0 0 0
 0 0 0 0 0 0 0 0 0 0 0 0 0 0 0 0 0 0 0 0 0 0 0 0 0 0
 0 0 0 0 0 0 0 0 0 0 0 0 0 0 0 0 0 0 0 0 0 0 0 0 0 0
 0 0 0 0 0 0 0 0 0 0 0 0 0 0 0 0 0 0 0 0 0 0 0 0 0 0
ppred_pel_tallas
 1.13659e-16 3.96123e-05 0.000385045 0.00255876 0.0116318 0.0361908 0.0771087 0.112544 0.112554 0.0771573 0.0363556 0.0121155 0.00380216 0.00319537 0.00565755 0.0100202 0.0161252 0.0237951 0.03274 0.0426099 0.0528236 0.0622373 0.0690693 0.0714159 0.0681674 0.059699
 1.25042e-16 3.74304e-05 0.000363836 0.00241782 0.0109911 0.0341975 0.0728623 0.10635 0.106376 0.0729887 0.0346221 0.0122189 0.00550565 0.00712517 0.0129428 0.0215189 0.0314553 0.0406143 0.0469452 0.0497624 0.0502498 0.050629 0.0525843 0.0561483 0.0597703 0.061323
 1.21162e-16 4.78724e-05 0.000465337 0.00309233 0.0140573 0.0437375 0.0931881 0.136015 0.136034 0.0932803 0.0440476 0.0149551 0.00535369 0.00542787 0.00955027 0.0159207 0.0234304 0.030552 0.0357918 0.0385642 0.0395497 0.0401457 0.0414401 0.0435176 0.0455304 0.0463058
 1.05782e-16 6.89279e-05 0.000670004 0.00445241 0.02024 0.0629743 0.134174 0.195832 0.195842 0.134219 0.0631273 0.0206824 0.00556476 0.00310456 0.00471151 0.00773106 0.0112543 0.0144245 0.0164298 0.016929 0.0162567 0.0151736 0.0143581 0.0140374 0.013981 0.0137613
 1.03847e-16 5.55423e-05 0.000539891 0.00358777 0.0163095 0.050745 0.108119 0.157808 0.157834 0.108248 0.0511783 0.0175609 0.00672856 0.00739474 0.0130698 0.0215083 0.0309545 0.0388811 0.0427556 0.0414253 0.0358114 0.0282932 0.0212891 0.016132 0.0128852 0.0108866
 1.04007e-16 5.94093e-05 0.000577479 0.00383756 0.017445 0.0542779 0.115645 0.168792 0.16881 0.115735 0.05458 0.0183185 0.00603396 0.00538422 0.00922335 0.0152454 0.0221686 0.0283206 0.0320226 0.0324775 0.0301954 0.0265523 0.0228674 0.0197497 0.0171046 0.0145755
 1.07922e-16 3.92759e-05 0.000381775 0.00253703 0.011533 0.0358837 0.0764553 0.111596 0.111633 0.0766352 0.0364878 0.013279 0.00692363 0.00997045 0.0182875 0.0302703 0.0438374 0.0556283 0.0622371 0.0620975 0.0563803 0.0481034 0.0402054 0.0341108 0.0296352 0.0258507
 1.15855e-16 3.56915e-05 0.000346934 0.0023055 0.0104805 0.0326089 0.0694776 0.10141 0.101437 0.0696089 0.0330506 0.0117602 0.0055319 0.00743705 0.0136393 0.0228549 0.0337733 0.0442708 0.0521747 0.0564641 0.0577452 0.0575248 0.0569226 0.0559321 0.0537179 0.0494893
 1.21604e-16 4.00805e-05 0.000389597 0.00258901 0.0117693 0.0366187 0.0780208 0.113878 0.1139 0.0781287 0.0369817 0.0128206 0.00523864 0.00620988 0.0112019 0.018745 0.0276951 0.0363357 0.0429761 0.0469504 0.0489909 0.0505543 0.0526325 0.0550195 0.0565216 0.0557913
 1.15605e-16 5.36538e-05 0.000521534 0.00346578 0.0157549 0.0490195 0.104442 0.15244 0.152456 0.104524 0.049295 0.0165521 0.00547247 0.004921 0.00846572 0.0140634 0.020624 0.0267459 0.0310678 0.0330534 0.0333219 0.033161 0.033601 0.0347777 0.0359839 0.0362168
 1.06482e-16 6.38578e-05 0.000620721 0.00412491 0.0187512 0.0583422 0.124305 0.181429 0.181444 0.124375 0.0585774 0.0194311 0.0058333 0.00435627 0.0071768 0.0118135 0.0171328 0.0218112 0.024556 0.024805 0.0230635 0.0205399 0.0183699 0.0170371 0.0163313 0.0157098
 1.03638e-16 6.15837e-05 0.000598615 0.00397801 0.0180835 0.0562645 0.119878 0.17497 0.174989 0.119971 0.0565766 0.0189851 0.00624197 0.00554353 0.0094609 0.0155647 0.0224668 0.0283633 0.0314596 0.0309356 0.0274264 0.0225724 0.0180107 0.0145978 0.0123157 0.0106854
 1.03506e-16 5.89744e-05 0.000573252 0.00380946 0.0173173 0.0538806 0.114799 0.167557 0.167578 0.1149 0.0542205 0.0182997 0.00627728 0.00596674 0.0103205 0.0170164 0.0246188 0.0311928 0.0347996 0.0345361 0.0310459 0.02603 0.0211724 0.0173355 0.0144942 0.0121999
 1.04671e-16 5.48901e-05 0.000533552 0.00354564 0.016118 0.0501491 0.106849 0.155954 0.155977 0.106963 0.0505323 0.0172254 0.00632825 0.00661753 0.0116375 0.0192257 0.0278623 0.0354 0.0396785 0.0396928 0.0361563 0.0309413 0.0258731 0.021842 0.0187562 0.0160864
 1.04182e-16 6.26007e-05 0.000608501 0.00404371 0.0183821 0.0571936 0.121858 0.177858 0.177874 0.121934 0.0574513 0.0191271 0.00591662 0.00470627 0.00787209 0.0129863 0.0188687 0.0240817 0.0271983 0.0275577 0.0256285 0.0226239 0.0196952 0.0173541 0.0154682 0.0136494
 1.00942e-16 7.67276e-05 0.000745819 0.00495623 0.0225303 0.0701002 0.149356 0.217991 0.217996 0.149381 0.0701834 0.0227707 0.00556004 0.00206495 0.00258504 0.00416021 0.00600462 0.00759174 0.00844175 0.00833612 0.00744096 0.0061861 0.0049976 0.00409393 0.00346499 0.0029855
 1.01911e-16 3.84749e-05 0.000373989 0.00248529 0.0112978 0.035152 0.0748967 0.109324 0.109372 0.0751307 0.0359375 0.0135658 0.00817485 0.0127828 0.023571 0.0388173 0.0557041 0.0696071 0.0758387 0.0722374 0.0604775 0.0449862 0.030372 0.0193417 0.012293 0.00822241
 1.01855e-16 7.40015e-05 0.000719321 0.00478014 0.0217298 0.0676096 0.144049 0.210245 0.21025 0.144073 0.0676875 0.0219557 0.00535032 0.00197456 0.00248869 0.00407713 0.00605159 0.00799473 0.00952053 0.0104279 0.010774 0.0107537 0.0104989 0.00998431 0.00910474 0.00782516
 1.02411e-16 5.38917e-05 0.000523847 0.00348115 0.0158248 0.049237 0.104906 0.153119 0.153149 0.105052 0.0497292 0.0172458 0.00704605 0.00829969 0.0148031 0.0243392 0.0349458 0.0437179 0.0477398 0.0456842 0.0386219 0.0293297 0.0206659 0.0142592 0.0102648 0.00796036
 1.04685e-16 5.36836e-05 0.000521824 0.0034677 0.0157637 0.0490468 0.1045 0.152526 0.152548 0.10461 0.0494143 0.0168266 0.00614118 0.00637585 0.0112235 0.0186049 0.0271091 0.0347395 0.0394694 0.0403198 0.0378649 0.0336987 0.0293358 0.0254559 0.0219448 0.0184382
 1.04455e-16 6.29727e-05 0.000612117 0.00406773 0.0184913 0.0575335 0.122582 0.178915 0.17893 0.122655 0.0577805 0.0192057 0.00586356 0.00454157 0.00755285 0.0124585 0.0181107 0.0231362 0.0261778 0.0266151 0.0249078 0.0222198 0.0196393 0.0176211 0.0159904 0.0143301
 1.03274e-16 6.33224e-05 0.000615517 0.00409033 0.018594 0.057853 0.123263 0.179909 0.179926 0.123347 0.0581354 0.0194098 0.00613895 0.00509075 0.00857175 0.014095 0.0203564 0.0257239 0.0285792 0.0281821 0.025102 0.0208081 0.0167591 0.0137065 0.0116183 0.0100616
 1.06979e-16 3.26007e-05 0.00031689 0.00210585 0.00957292 0.0297851 0.063462 0.0926342 0.0926794 0.0636831 0.0305274 0.0117176 0.00749233 0.0120857 0.0224131 0.0370788 0.0535906 0.0677695 0.0753608 0.074386 0.0662802 0.054829 0.0438089 0.0351964 0.0289901 0.0242017
 1.06926e-16 6.26621e-05 0.000609098 0.00404767 0.0184001 0.0572497 0.121977 0.178031 0.17804 0.122023 0.057406 0.0188537 0.00519402 0.00313719 0.00493929 0.00826383 0.0123608 0.0165153 0.0200224 0.0225346 0.0241858 0.0253215 0.0260827 0.0262295 0.0253404 0.0231726
 1.06279e-16 5.50949e-05 0.000535542 0.00355887 0.0161781 0.0503362 0.107248 0.156536 0.15656 0.107367 0.050738 0.0173388 0.00647268 0.00689787 0.0121432 0.0200028 0.0288502 0.0363809 0.0403015 0.0395997 0.0351651 0.0291887 0.0238239 0.0201423 0.0179961 0.0165833
 1.09067e-16 4.07915e-05 0.000396508 0.00263493 0.011978 0.0372683 0.0794053 0.115901 0.115934 0.0795669 0.0378111 0.0135475 0.00658044 0.00902957 0.0164954 0.0273596 0.0397695 0.0507692 0.0573533 0.0581177 0.0540314 0.0476361 0.0413607 0.0363122 0.0322611 0.0284386
 1.07045e-16 6.19811e-05 0.000602478 0.00400368 0.0182001 0.0566275 0.120651 0.176097 0.176109 0.120711 0.0568271 0.0187783 0.00546035 0.00380086 0.00619085 0.0102805 0.015143 0.0197626 0.0231413 0.0248238 0.0251193 0.0247716 0.0243577 0.0239237 0.023094 0.0214621
 1.05293e-16 5.86017e-05 0.00056963 0.00378539 0.0172078 0.0535401 0.114074 0.166498 0.166519 0.114177 0.0538868 0.0182093 0.00630002 0.00606183 0.0104978 0.0172858 0.0249542 0.0315146 0.0349912 0.0345012 0.030786 0.0256972 0.0210563 0.0177733 0.0157403 0.0143144
 1.08857e-16 3.51767e-05 0.00034193 0.00227225 0.0103293 0.0321386 0.0684761 0.0999513 0.099991 0.0686706 0.0327919 0.0122177 0.00701739 0.0107175 0.0197897 0.0327906 0.0475373 0.0604195 0.0677623 0.0678552 0.0619151 0.0531344 0.0446268 0.037912 0.0328324 0.0284737
 1.15173e-16 4.12125e-05 0.000400601 0.00266213 0.0121017 0.0376529 0.0802244 0.117094 0.117116 0.0803284 0.0380033 0.0131173 0.00522555 0.00604351 0.0108966 0.018313 0.027233 0.036054 0.0431413 0.0477263 0.0502325 0.0516736 0.0526581 0.0528811 0.0514627 0.0477171
 1.06235e-16 6.93455e-05 0.000674063 0.00447938 0.0203626 0.0633557 0.134986 0.197018 0.197026 0.135025 0.0634841 0.020734 0.00541404 0.00272279 0.00398548 0.00654708 0.00958964 0.0124205 0.0143973 0.0152639 0.0153017 0.015103 0.0151407 0.0154757 0.0157877 0.0156359
pSPR Fmed_Fpbrs
0.702789   0.191118 0.191118
Fs Fmed_Fpbrs
0.177021   1.005 1.005
SSBpbr Bo_Bmed_Bpbrs
2.17728e+06  1.42131e+06  307254 307254
Ro
214207
SPR SPRFo_SPRFmed_SPRFpbrs
1.53114e+06 1.07607e+06 292628
Fref
1.005
Nvult_r0
 246328 23234.4 9751.82 9074.51 3551.64
CTP_r0
 29087.1 3010.09 1263.38 1175.63 460.126
YTP_r0
391305
Np
 271572 116869 10784 4526.22 5547.04
Nvult_p0
 231120 101131 9331.85 3916.72 4800.07
CTP_p0
 109740 50691.7 4677.56 1963.24 2406.02
YTP_p0
 1.89148e+06
CBA_c0
841356
log_Ro
12.0947
likeval ReclasPelacesDesembMPH_pf_preclas_ppelaces_ptallas_desvR_qrecl_qpela
 24.9772 17.4644 0.20372 0.00297923 243.004 122.1 98.1789 0 20.286 0 0 1.02999 0 0 0
q_reclas_q_pelaces
1 1
M
1
N
 238625 46565 194933 9692.23 0.346275
 138799 80116.2 15475.1 64782.4 3221.16
 132406 43387.2 24592.4 4750.21 20874.3
 368549 41689 13425.5 7609.74 7929.12
 287133 113441 12579.3 4051.04 4688.73
 389533 100252 39377.4 4366.49 3033.72
 163082 128720 32733.5 12857.2 2416.27
 77393.4 47754.5 36744.7 9344.19 4360.01
 60102.2 27466.7 16880.1 12988.4 4844.12
 72746.5 19031.6 8553.11 5256.45 5553.03
 116399 21659.7 5534.32 2487.21 3143.36
 152605 40140.6 7415.73 1894.81 1927.76
 134526 40142.4 10170.9 1879.02 968.573
 97736.4 35911.8 10339.3 2619.67 733.439
 101459 21586.3 7492.56 2157.16 699.586
 479917 26906.1 5519.22 1915.71 730.418
 125080 131221 7117.18 1459.94 699.952
 713899 37885 38892.3 2109.44 640.163
 453456 214731 11142 11438.3 808.663
 354141 124254 56936.4 2954.35 3247.32
 503285 100796 34366.9 15747.9 1715.3
 664128 152449 29876.9 10186.7 5176.25
 164045 190350 42494.1 8327.98 4282.31
 419347 52184.3 59578.1 13300.3 3946.92
 366522 136222 16717.9 19086.7 5525.38
 176166 118624 43462.1 5333.92 7852.55
 361164 58574.4 38999.3 14288.8 4335.25
 390670 117485 18794.2 12513.3 5975.71
 136927 128921 38302.8 6127.33 6027.85
 106361 45343.7 42194.4 12536.1 3978.25
 363197 34018.4 14278 13286.4 5200.1
pred_Ctot
 13276.8 2867.91 12005.8 596.938 0.0213268
 13363 8511.19 1644 6882.2 342.202
 12217.6 4419.07 2504.78 483.818 2126.09
 38600.1 4814.8 1550.56 878.874 915.761
 9281.84 4066.51 450.929 145.217 168.076
 25275.3 7195.57 2826.31 313.405 217.745
 21426.4 18609 4732.28 1858.77 349.319
 1731.54 1185.68 912.321 232.004 108.253
 5355.33 2702.11 1660.62 1277.77 476.552
 8919.51 2569.48 1154.77 709.681 749.723
 4629.9 954.84 243.973 109.645 138.571
 28247.6 8139.47 1503.72 384.218 390.9
 23945.9 7832.27 1984.47 366.619 188.98
 25726.8 10284.9 2961.11 750.259 210.053
 18383.8 4286.16 1487.72 428.325 138.909
 79791.3 4908.26 1006.83 349.467 133.244
 14191.5 16406.2 889.839 182.532 87.5127
 83664.9 4891.08 5021.12 272.336 82.6472
 74908.5 38923.8 2019.7 2073.4 146.585
 51732.5 19948.4 9140.93 474.309 521.345
 57084.2 12598.2 4295.41 1968.27 214.39
 94637.1 23882.2 4680.43 1595.81 810.895
 14196.1 18190.7 4060.92 795.859 409.236
 31327.3 4309.02 4919.55 1098.25 325.909
 28150 11562.3 1418.99 1620.04 468.985
 10799.5 8046.27 2948.04 361.8 532.639
 26693.8 4785.53 3186.25 1167.4 354.19
 25654.3 8533.48 1365.11 908.902 434.044
 8715.67 9078.15 2697.14 431.464 424.459
 8880.39 4181.77 3891.33 1156.12 366.889
 29087.1 3010.09 1263.38 1175.63 460.126
F
 0.0914175 0.101619 0.101619 0.101619 0.101619
 0.162865 0.181041 0.181041 0.181041 0.181041
 0.155639 0.173008 0.173008 0.173008 0.173008
 0.178286 0.198182 0.198182 0.198182 0.198182
 0.0522627 0.0580951 0.0580951 0.0580951 0.0580951
 0.107309 0.119285 0.119285 0.119285 0.119285
 0.228181 0.253645 0.253645 0.253645 0.253645
 0.0359276 0.0399371 0.0399371 0.0399371 0.0399371
 0.149945 0.166679 0.166679 0.166679 0.166679
 0.211527 0.235133 0.235133 0.235133 0.235133
 0.0646376 0.0718511 0.0718511 0.0718511 0.0718511
 0.335422 0.372854 0.372854 0.372854 0.372854
 0.320696 0.356485 0.356485 0.356485 0.356485
 0.510215 0.567154 0.567154 0.567154 0.567154
 0.327297 0.363823 0.363823 0.363823 0.363823
 0.296727 0.329842 0.329842 0.329842 0.329842
 0.194396 0.21609 0.21609 0.21609 0.21609
 0.201358 0.223829 0.223829 0.223829 0.223829
 0.294574 0.327448 0.327448 0.327448 0.327448
 0.256594 0.28523 0.28523 0.28523 0.28523
 0.194327 0.216014 0.216014 0.216014 0.216014
 0.249609 0.277465 0.277465 0.277465 0.277465
 0.145357 0.161578 0.161578 0.161578 0.161578
 0.124414 0.138299 0.138299 0.138299 0.138299
 0.128101 0.142397 0.142397 0.142397 0.142397
 0.101127 0.112412 0.112412 0.112412 0.112412
 0.123021 0.13675 0.13675 0.13675 0.13675
 0.108661 0.120788 0.120788 0.120788 0.120788
 0.105176 0.116913 0.116913 0.116913 0.116913
 0.139933 0.155549 0.155549 0.155549 0.155549
 0.133893 0.148835 0.148835 0.148835 0.148835
YTP_r0W_actual
 247240 49064.4 36511.7 40912 17576.8
YTP_p0W_proyectada
 825245 817150 109361 57915.7 81804.7
CTP_r0_actual
 29087.1 3010.09 1263.38 1175.63 460.126
CTP_p0_proyectada
 109740 50691.7 4677.56 1963.24 2406.02
Wmedp
 7.52 16.12 23.38 29.5 34
Frms_r0
 0.133893 0.148835 0.148835 0.148835 0.148835
Zrms_r0
 1.13389 1.14884 1.14884 1.14884 1.14884
nmprior
 8.19 8.8 8.5 0
nm_flota  nm_reclas  nm_pelaces    nm_pelaL
inf 10.5479 21.2591 53.1874
cv_recla  cv_pelaces  cv_mph
0.452061 0.473859 1.68445
 ------------------------------------------------
Talla a la edad & desviaci?n 
 8 13.2811 15.8009 17.003 17.5766
 0.8 1.32811 1.58009 1.7003 1.75766
