years
 1991 1992 1993 1994 1995 1996 1997 1998 1999 2000 2001 2002 2003 2004 2005 2006 2007 2008 2009 2010 2011 2012 2013 2014 2015 2016 2017 2018 2019 2020 2021
reclasobs
 0 0 0 0 0 0 0 0 0 252601 567819 844713 477998 351125 339783 2.1784e+06 2.13404e+06 4.81314e+06 1.55562e+06 2.62356e+06 3.21686e+06 3.843e+06 1.13348e+06 3.07943e+06 1.97215e+06 2.03268e+06 2.025e+06 2.42433e+06 2.27542e+06 1.05018e+06 2.36338e+06
reclaspred
 2.65438e+06 1.44553e+06 716752 548245 451855 1.00724e+06 511455 399188 308231 245021 403763 571836 559664 407687 393669 1.31915e+06 1.18174e+06 2.95852e+06 2.41159e+06 1.70249e+06 3.056e+06 2.50399e+06 1.86112e+06 2.94952e+06 2.1547e+06 1.82595e+06 2.28729e+06 2.58295e+06 2.05082e+06 1.17263e+06 1.66882e+06
pelacesobs
 0 0 0 0 0 0 0 0 0 0 0 0 0 0 0 552880 188675 0 991730 2.46772e+06 1.41603e+06 1.21717e+06 2.29649e+06 1.80582e+06 0 1.4828e+06 1.56532e+06 1.57751e+06 1.42118e+06 867257 1.10002e+06
pelacespred
 1.18689e+06 706252 343384 207940 188399 438576 178632 198552 133420 101089 184738 221687 241040 179932 179581 518151 467364 1.37313e+06 1.13705e+06 744857 1.31335e+06 1.1417e+06 853158 1.4959e+06 1.0468e+06 886065 1.26926e+06 1.40637e+06 923339 604372 846414
mphobs
 0 0 0 0 0 0 0 0 0 0 0 498337 0 5186 125008 0 168611 109162 213762 579715 649985 157893 87575 83554 0 0 0 0 0 0 0
mphpred
 2.29557e+06 1.49519e+06 716417 378393 283186 286179 522159 240083 204516 137737 105657 274434 308647 250299 150996 189501 864143 742859 1.68405e+06 1.2329e+06 1.24322e+06 1.58231e+06 1.5121e+06 1.16066e+06 1.6751e+06 1.3369e+06 1.05065e+06 1.19745e+06 1.78947e+06 1.1525e+06 624065
desembarqueobs
 494567 514787 250237 358949 120608 361735 552515 73892 212993 205616 52469 317467 293654 387597 252695 516296 358380 742168 942051 627588 828172 859565 418607 520667 417249 300574 415391 372974 316634 284311 391294
desembarquepred
 494558 514335 250179 358976 120609 361683 552323 73893.2 212990 205608 52470.1 317472 293645 387496 252640 516176 358378 741986 941627 627306 828145 859428 418577 520656 417212 300548 415353 372927 316601 284288 391269
Reclutas
 160150 97057.9 92649.1 92394.9 74323.4 219381 67914.1 25157.5 34164 53653.4 97990.3 135116 108794 74828 69881.5 456486 71507.1 709831 381542 277271 442929 585353 96520.6 351225 276128 116579 301320 350823 80184.5 55362.4 257160
log_desv_Rt
 0.126909 -0.373897 -0.420386 -0.423133 -0.640779 0.441607 -0.730961 -1.72405 -1.41803 -0.966659 -0.364337 -0.0430711 -0.259744 -0.634012 -0.702403 1.17435 -0.679407 1.61582 0.995016 0.675789 1.14421 1.42301 -0.379448 0.912223 0.671659 -0.190637 0.758967 0.911076 -0.564875 -0.935303 0.600494
SSB
 2.29557e+06 1.49519e+06 716417 378393 283186 286179 522159 240083 204516 137737 105657 274434 308647 250299 150996 189501 864143 742859 1.68405e+06 1.2329e+06 1.24322e+06 1.58231e+06 1.5121e+06 1.16066e+06 1.6751e+06 1.3369e+06 1.05065e+06 1.19745e+06 1.78947e+06 1.1525e+06 624065
BT
 3.15998e+06 2.13661e+06 1.03699e+06 780974 533647 1.3249e+06 896913 524780 516269 428124 470200 773914 821003 816548 667834 1.61016e+06 1.35812e+06 3.82575e+06 3.52349e+06 2.28937e+06 3.70181e+06 3.43583e+06 2.33217e+06 3.93658e+06 2.80435e+06 2.31197e+06 3.35436e+06 3.61907e+06 2.39208e+06 1.67711e+06 2.33459e+06
Ftot
 0.18682 0.348176 0.347213 0.67321 0.285229 0.427808 1.01092 0.198136 0.742767 0.900438 0.161444 0.609762 0.568713 1.00793 0.745013 0.494696 0.305859 0.305624 0.41459 0.393081 0.303199 0.377444 0.226389 0.206295 0.204694 0.171455 0.210885 0.170031 0.151591 0.241845 0.280066
BD_Bspro_t
 0.970551 0.795135 0.597948 0.484267 0.394568 0.456706 0.51156 0.285534 0.321523 0.281829 0.283774 0.586889 0.481101 0.38635 0.268475 0.319748 0.566178 0.516943 0.647128 0.543175 0.501347 0.558509 0.576963 0.552809 0.668878 0.671695 0.670569 0.720237 0.777437 0.698361 0.602578
BD_Bspro
 2.27995 1.48501 0.711541 0.375818 0.281258 0.284232 0.518605 0.238449 0.203124 0.136799 0.104938 0.272566 0.306546 0.248596 0.149968 0.188211 0.858262 0.737803 1.67259 1.22451 1.23476 1.57154 1.50181 1.15277 1.6637 1.3278 1.0435 1.1893 1.77729 1.14466 0.619818
BD_Bo
 1.34771 0.877811 0.420602 0.222151 0.166256 0.168013 0.306555 0.140951 0.12007 0.080864 0.0620301 0.161118 0.181204 0.146949 0.0886483 0.111254 0.50733 0.436126 0.98869 0.723826 0.729885 0.92896 0.88774 0.681416 0.983436 0.784879 0.616826 0.70301 1.05058 0.676624 0.366383
BD_Brms
 7.32026 4.76794 2.28455 1.20664 0.90304 0.912586 1.66509 0.765592 0.652173 0.439223 0.336925 0.875131 0.984231 0.79817 0.481505 0.604291 2.75563 2.36887 5.3702 3.93155 3.96447 5.04577 4.82188 3.7012 5.34166 4.26317 3.35037 3.81849 5.70638 3.67517 1.99006
Sel_flota
 0.696978 1 1 1 1
 0.696978 1 1 1 1
 0.696978 1 1 1 1
 0.696978 1 1 1 1
 0.696978 1 1 1 1
 0.696978 1 1 1 1
 0.696978 1 1 1 1
 0.696978 1 1 1 1
 0.696978 1 1 1 1
 0.696978 1 1 1 1
 0.696978 1 1 1 1
 0.696978 1 1 1 1
 0.696978 1 1 1 1
 0.696978 1 1 1 1
 0.696978 1 1 1 1
 0.696978 1 1 1 1
 0.696978 1 1 1 1
 0.696978 1 1 1 1
 0.696978 1 1 1 1
 0.696978 1 1 1 1
 0.696978 1 1 1 1
 0.696978 1 1 1 1
 0.696978 1 1 1 1
 0.696978 1 1 1 1
 0.696978 1 1 1 1
 0.696978 1 1 1 1
 0.696978 1 1 1 1
 0.696978 1 1 1 1
 0.696978 1 1 1 1
 0.696978 1 1 1 1
 0.696978 1 1 1 1
Sel_reclas
 1 1 1 1 1
 1 1 1 1 1
 1 1 1 1 1
 1 1 1 1 1
 1 1 1 1 1
 1 1 1 1 1
 1 1 1 1 1
 1 1 1 1 1
 1 1 1 1 1
 1 1 1 1 1
 1 1 1 1 1
 1 1 1 1 1
 1 1 1 1 1
 1 1 1 1 1
 1 1 1 1 1
 1 1 1 1 1
 1 1 1 1 1
 1 1 1 1 1
 1 1 1 1 1
 1 1 1 1 1
 1 1 1 1 1
 1 1 1 1 1
 1 1 1 1 1
 1 1 1 1 1
 1 1 1 1 1
 1 1 1 1 1
 1 1 1 1 1
 1 1 1 1 1
 1 1 1 1 1
 1 1 1 1 1
 1 1 1 1 1
Sel_pelaces
 1 1 1 1 1
 1 1 1 1 1
 1 1 1 1 1
 1 1 1 1 1
 1 1 1 1 1
 1 1 1 1 1
 1 1 1 1 1
 1 1 1 1 1
 1 1 1 1 1
 1 1 1 1 1
 1 1 1 1 1
 1 1 1 1 1
 1 1 1 1 1
 1 1 1 1 1
 1 1 1 1 1
 1 1 1 1 1
 1 1 1 1 1
 1 1 1 1 1
 1 1 1 1 1
 1 1 1 1 1
 1 1 1 1 1
 1 1 1 1 1
 1 1 1 1 1
 1 1 1 1 1
 1 1 1 1 1
 1 1 1 1 1
 1 1 1 1 1
 1 1 1 1 1
 1 1 1 1 1
 1 1 1 1 1
 1 1 1 1 1
pf_obs 
 0.8446 0.082 0.0669 0.0065 0
 0.8095 0.147 0.0364 0.0071 0
 0.9664 0.0169 0.016 0.0007 0
 0.9276 0.0648 0.0075 0.0001 0
 0.7033 0.2144 0.0806 0.0017 0
 0.9318 0.0425 0.0243 0.0014 0
 0.5671 0.3108 0.0964 0.0239 0.0018
 0.0768 0.2599 0.5324 0.112 0.0189
 0.490249 0.384438 0.106611 0.0170017 0.00170017
 0.7925 0.1577 0.0466 0.003 0.0002
 0.840416 0.127587 0.0312969 0.00059994 9.999e-05
 0.8084 0.0986 0.0794 0.0134 0.0002
 0.7335 0.1905 0.0724 0.0035 0.0001
 0.4001 0.4547 0.1325 0.0127 0
 0.49795 0.308269 0.164784 0.0264974 0.00249975
 0.9179 0.0499 0.0305 0.0017 0
 0.2467 0.6533 0.0926 0.0074 0
 0.9418 0.0223 0.034 0.0019 0
 0.707729 0.231977 0.0356964 0.0245975 0
 0.517169 0.277429 0.184464 0.0207286 0.00020938
 0.811772 0.124168 0.05621 0.00726502 0.000585176
 0.764997 0.148141 0.077277 0.00933861 0.000247198
 0.163321 0.427699 0.378323 0.0303852 0.000271297
 0.753843 0.0900009 0.118128 0.0371064 0.000921714
 0.721811 0.176058 0.0630433 0.0369309 0.00215725
 0.143369 0.312575 0.442814 0.0836902 0.0175525
 0.692698 0.0596174 0.167031 0.0765114 0.00414204
 0.394062 0.376323 0.152708 0.0712218 0.00568511
 0.125707 0.32114 0.495352 0.0537591 0.00404204
 0.23352 0.215282 0.420074 0.123614 0.00750983
 0.796117 0.104755 0.0508955 0.0450114 0.00322123
pf_pred 
 0.431901 0.164767 0.372782 0.0305499 8.66692e-07
 0.419552 0.307697 0.0791067 0.178977 0.0146678
 0.557853 0.232143 0.111324 0.0286206 0.0700603
 0.631104 0.242958 0.0661215 0.0317085 0.0281074
 0.649905 0.257693 0.0608566 0.0165622 0.0149828
 0.841021 0.117202 0.0307505 0.00726201 0.00376426
 0.439796 0.499411 0.044818 0.0117589 0.00421643
 0.457024 0.31417 0.203976 0.0183051 0.00652486
 0.640866 0.199631 0.0922896 0.0599192 0.00729398
 0.804468 0.146036 0.0275132 0.0127194 0.00926336
 0.852685 0.128968 0.0137034 0.00258172 0.00206277
 0.737311 0.235179 0.0240833 0.00255896 0.000867309
 0.671056 0.269325 0.0533758 0.0054659 0.000777619
 0.622773 0.288605 0.0725596 0.0143802 0.00168209
 0.742505 0.191227 0.0506998 0.0127467 0.00282169
 0.947968 0.0430138 0.00669696 0.00177556 0.000545221
 0.295795 0.680465 0.019626 0.00305564 0.00105891
 0.90384 0.0374277 0.0567525 0.00163686 0.000343164
 0.552926 0.417775 0.0114036 0.0172915 0.000603278
 0.558578 0.290024 0.141476 0.00386172 0.0060599
 0.731902 0.177276 0.0596719 0.0291084 0.00204135
 0.722663 0.223377 0.0356804 0.0120102 0.00626951
 0.250579 0.599757 0.120545 0.0192548 0.00986458
 0.733966 0.0886533 0.141957 0.0285318 0.00689228
 0.586486 0.332569 0.0269741 0.0431924 0.0107783
 0.390024 0.413938 0.157664 0.0127879 0.0255864
 0.733548 0.129538 0.0929118 0.0353891 0.00861344
 0.677203 0.259544 0.0307509 0.0220562 0.0104457
 0.273086 0.549767 0.142434 0.0168757 0.0178366
 0.347989 0.232407 0.317348 0.0822187 0.0200373
 0.827265 0.0767745 0.0342046 0.0467058 0.0150496
pobs_RECLAS
 0 0 0 0 0
 0 0 0 0 0
 0 0 0 0 0
 0 0 0 0 0
 0 0 0 0 0
 0 0 0 0 0
 0 0 0 0 0
 0 0 0 0 0
 0 0 0 0 0
 0 0 0 0 0
 0.991045 0.00858322 0.000360255 1.14367e-05 0
 0.934742 0.0480273 0.0164251 0.00080598 0
 0.827803 0.169806 0.00239088 0 0
 0.941827 0.0461693 0.0120037 0 0
 0.791401 0.0380133 0.147996 0.0225897 0
 0.846168 0.0940531 0.0597789 0 0
 0.134021 0.677848 0.182769 0.00536245 0
 0.80878 0.0450904 0.141981 0.00414843 0
 0.846168 0.0940531 0.0597789 0 0
 0.905697 0.0802665 0.012482 0.00150086 5.37128e-05
 0.989698 0.0102097 9.19794e-05 0 0
 0.975433 0.0193895 0.00387452 0.00125025 5.28907e-05
 0.303575 0.632131 0.0575291 0.00676475 0
 0.966965 0.00978017 0.0227588 0.000495775 0
 0.843318 0.132988 0.00938335 0.0141283 0.000182051
 0.564624 0.303363 0.111486 0.0197234 0.00080311
 0.826376 0.0876187 0.0782897 0.00655872 0.00115652
 0.89761 0.0855135 0.0140674 0.00269457 0.000114338
 0.34875 0.467042 0.161289 0.0227151 0.000203297
 0.318654 0.224769 0.449479 0.00709798 0
 0.937255 0.0296025 0.0250945 0.00804832 0
ppred_RECLAS
 0.523046 0.138332 0.312973 0.0256485 7.27641e-07
 0.511865 0.258761 0.0665257 0.150513 0.0123351
 0.646685 0.185503 0.0889577 0.0228704 0.0559844
 0.715781 0.18719 0.050944 0.0244302 0.0216556
 0.728761 0.19965 0.0471491 0.0128317 0.011608
 0.885048 0.0847445 0.0222345 0.00525087 0.00272179
 0.540883 0.409294 0.0367307 0.00963707 0.00345559
 0.548445 0.261273 0.169632 0.0152231 0.00542627
 0.725005 0.152861 0.0706678 0.0458812 0.00558513
 0.859799 0.104711 0.0197276 0.00912011 0.00664205
 0.892961 0.0937071 0.00995682 0.00187587 0.0014988
 0.80464 0.174901 0.0179106 0.00190308 0.000645011
 0.749231 0.205319 0.0406908 0.00416691 0.000592815
 0.712393 0.220039 0.0553212 0.0109638 0.00128246
 0.809914 0.141166 0.0374273 0.00940979 0.00208301
 0.963759 0.0299603 0.00466462 0.00123673 0.000379762
 0.378264 0.600776 0.0173276 0.00269779 0.000934902
 0.931573 0.0266333 0.0403846 0.00116478 0.000244193
 0.642732 0.333855 0.00911288 0.0138181 0.000482095
 0.647771 0.231423 0.11289 0.00308143 0.00483545
 0.798135 0.13348 0.0449302 0.0219172 0.00153704
 0.790997 0.168339 0.026889 0.00905097 0.00472475
 0.325663 0.539667 0.108467 0.0173257 0.00887626
 0.799284 0.0668867 0.107103 0.0215265 0.00520005
 0.671811 0.263946 0.0214082 0.03428 0.00855428
 0.479672 0.353101 0.134493 0.0109084 0.021826
 0.798965 0.0977351 0.0701009 0.0267007 0.00649874
 0.751524 0.199787 0.0236708 0.016978 0.00804069
 0.351196 0.490693 0.127129 0.0150623 0.01592
 0.435437 0.201237 0.274785 0.0711915 0.0173499
 0.873902 0.0560462 0.0249698 0.0340957 0.0109864
pobs_PELACES
 0 0 0 0 0
 0 0 0 0 0
 0 0 0 0 0
 0 0 0 0 0
 0 0 0 0 0
 0 0 0 0 0
 0 0 0 0 0
 0 0 0 0 0
 0 0 0 0 0
 0 0 0 0 0
 0 0 0 0 0
 0 0 0 0 0
 0 0 0 0 0
 0 0 0 0 0
 0 0 0 0 0
 0 0 0 0 0
 0.505614 0.472636 0.0217494 0 0
 0 0 0 0 0
 0.443492 0.261883 0.143347 0.151278 0
 0.227955 0.32914 0.350689 0.0885471 0.00366901
 0.970185 0.0296113 0.000203453 0 0
 0.997202 0.00247181 0.000326279 0 0
 0.445219 0.490057 0.0546422 0.010081 0
 0.90214 0.0892962 0.00764917 0.000914606 0
 0 0 0 0 0
 0.581667 0.319106 0.0959925 0.00289975 0.000334073
 0.762889 0.0836404 0.116647 0.0363945 0.000428098
 0.88444 0.0763242 0.0277011 0.0115352 0
 0.521256 0.241999 0.230069 0.00667565 0
 0.616807 0.101726 0.260614 0.0208532 0
 0.833518 0.0704572 0.0857862 0.0102388 0
ppred_PELACES
 0.527704 0.136981 0.309916 0.025398 7.20534e-07
 0.52056 0.254152 0.0653407 0.147832 0.0121154
 0.654577 0.181359 0.0869707 0.0223595 0.0547339
 0.729275 0.178302 0.0485253 0.0232703 0.0206275
 0.734362 0.195527 0.0461755 0.0125667 0.0113683
 0.889329 0.0815884 0.0214064 0.00505532 0.00262042
 0.565862 0.387026 0.0347324 0.00911276 0.00326758
 0.553347 0.258437 0.167791 0.0150578 0.00536736
 0.739563 0.144768 0.0669266 0.0434522 0.00528945
 0.870305 0.0968644 0.0182493 0.00843666 0.0061443
 0.894495 0.0923648 0.00981419 0.001849 0.00147733
 0.814047 0.166479 0.0170481 0.00181144 0.000613952
 0.759764 0.196695 0.0389817 0.00399189 0.000567916
 0.732595 0.204584 0.0514354 0.0101937 0.00119238
 0.821119 0.132844 0.035221 0.00885509 0.00196022
 0.965447 0.0285642 0.00444726 0.0011791 0.000362066
 0.385483 0.5938 0.0171264 0.00266647 0.000924046
 0.933496 0.025885 0.0392499 0.00113205 0.000237332
 0.652194 0.325013 0.00887152 0.0134521 0.000469327
 0.656686 0.225565 0.110032 0.00300343 0.00471306
 0.802976 0.13028 0.0438527 0.0213917 0.00150018
 0.797168 0.163368 0.0260951 0.00878372 0.00458525
 0.330654 0.535673 0.107665 0.0171974 0.00881056
 0.802573 0.0657907 0.105348 0.0211738 0.00511484
 0.676308 0.260329 0.0211148 0.0338102 0.00843706
 0.483952 0.350196 0.133386 0.0108187 0.0216464
 0.80233 0.0960988 0.0689273 0.0262537 0.00638994
 0.754685 0.197245 0.0233696 0.016762 0.00793839
 0.354657 0.488075 0.126451 0.014982 0.0158351
 0.441391 0.199114 0.271887 0.0704407 0.0171669
 0.876956 0.0546888 0.024365 0.03327 0.0107203
pobs_pel_tallas
 0 0 0 0 0 0 0 0 0 0 0 0 0 0 0 0 0 0 0 0 0 0 0 0 0 0
 0 0 0 0 0 0 0 0 0 0 0 0 0 0 0 0 0 0 0 0 0 0 0 0 0 0
 0 0 0 0 0 0 0 0 0 0 0 0 0 0 0 0 0 0 0 0 0 0 0 0 0 0
 0 0 0 0 0 0 0 0 0 0 0 0 0 0 0 0 0 0 0 0 0 0 0 0 0 0
 0 0 0 0 0 0 0 0 0 0 0 0 0 0 0 0 0 0 0 0 0 0 0 0 0 0
 0 0 0 0 0 0 0 0 0 0 0 0 0 0 0 0 0 0 0 0 0 0 0 0 0 0
 0 0 0 0 0 0 0 0 0 0 0 0 0 0 0 0 0 0 0 0 0 0 0 0 0 0
 0 0 0 0 0 0 0 0 0 0 0 0 0 0 0 0 0 0 0 0 0 0 0 0 0 0
 0 0 0 0 0 0 0 0 0 0 0 0 0 0 0 0 0 0 0 0 0 0 0 0 0 0
 0 0 0 0 0 0 0 0 0 0 0 0 0 0 0 0 0 0 0 0 0 0 0 0 0 0
 0 0 0 0 0 0 0 0 0 0 0 0 0 0 0 0 0 0 0 0 0 0 0 0 0 0
 0 0 0 0 0 0 0 0 0 0 0 0 0 0 0 0 0 0 0 0 0 0 0 0 0 0
 0.00862536 0 0 0.000197151 0.00414017 0.0128641 0.00837892 0.0270097 0.101434 0.158115 0.152841 0.127902 0.109271 0.109419 0.0830992 0.0579132 0.0238553 0.00714673 0.00463305 0.00128148 0.00103504 0.000492878 0.000147863 0.000147863 4.92878e-05 0
 0 0 0 0 0 0 0 0 0 0 0 0 0 0 0 0 0 0 0 0 0 0 0 0 0 0
 0 0 0 0 0 0 0 0.0054083 0.00873648 0.0413646 0.0450493 0.0745869 0.0622846 0.0627006 0.0613931 0.0827291 0.12552 0.122667 0.0946155 0.0697135 0.0546179 0.0294188 0.0215738 0.0213955 0.0102223 0.00600262
 0 0 0 0 0.00359764 0.0251062 0.0480494 0.140153 0.205849 0.193036 0.1447 0.116669 0.0760912 0.0342217 0.00950174 0.001854 0.000860785 0 0 0 0.000165536 0 0.000143464 0 0 0
 0 0 0 0 0 0 0 0.000145254 0.000435761 0.0275982 0.070085 0.0708112 0.156366 0.174668 0.174014 0.160142 0.0824315 0.0480064 0.0283245 0.00493863 0.00203355 0 0 0 0 0
 0 0 0 0 0 0 0 0 0 0 0 0 0 0 0 0 0 0 0 0 0 0 0 0 0 0
 0 0 1.00437e-05 0.000401748 0.00122533 0.00171747 0.00176769 0.0269171 0.070346 0.194647 0.189555 0.159765 0.064822 0.0314167 0.0384472 0.0292271 0.0345202 0.0313363 0.0194345 0.0106764 0.0143323 0.0359363 0.0279516 0.0138201 0.00172751 0
 0 0.0021121 0.0136068 0.0755702 0.200478 0.177729 0.0527432 0.0373336 0.0318909 0.0142505 0.0149659 0.0166563 0.0217959 0.0798694 0.0677717 0.0528807 0.04013 0.0224614 0.0357745 0.0225083 0.00881397 0.00855152 0.00135912 0.000746735 0 0
 0 0 0 0 5.4009e-05 0.00500934 0.000945158 0.0243581 0.138947 0.33067 0.221406 0.137944 0.0707744 0.0437923 0.0131692 0.00525238 0.0047753 0.00276346 9.45158e-05 9.00151e-06 2.25038e-05 9.00151e-06 4.50075e-06 0 0 0
 0.000866109 0.00284123 0.00948549 0.0512746 0.133035 0.25785 0.225252 0.132002 0.0553304 0.0519788 0.0540692 0.017754 0.00435017 0.00159236 0.00146478 0.000404838 0.000125132 0.000115318 0.000107957 0.000100596 0 0 0 0 0 0
 0 0 0 0 0.00144013 0.00171154 0.00461396 0.0210425 0.0478622 0.0707936 0.0888783 0.103762 0.0637923 0.0337046 0.0602308 0.124433 0.169614 0.0934646 0.0462172 0.0250306 0.0313229 0.00938855 0.002487 0.000210481 0 0
 0 0.00764035 0.051015 0.0998891 0.058973 0.0496711 0.0374665 0.0718981 0.12319 0.153886 0.159021 0.0857701 0.0377988 0.023471 0.0147837 0.00900784 0.00315554 0.000888139 0.00291439 0.00214683 0.00393193 0.00274676 0.000635225 9.99891e-05 0 0
 0 0 0 0 0 0 0 0 0 0 0 0 0 0 0 0 0 0 0 0 0 0 0 0 0 0
 0 0 0 0 0 0 0 0 0 0 0 0 0 0 0 0 0 0 0 0 0 0 0 0 0 0
 0 0 0 0 0 0 0 0 0 0 0 0 0 0 0 0 0 0 0 0 0 0 0 0 0 0
 0 0 0 0 0 0 0 0 0 0 0 0 0 0 0 0 0 0 0 0 0 0 0 0 0 0
 0 0 0 0 0 0 0 0 0 0 0 0 0 0 0 0 0 0 0 0 0 0 0 0 0 0
 0 0 0 0 0 0 0 0 0 0 0 0 0 0 0 0 0 0 0 0 0 0 0 0 0 0
 0 0 0 0 0 0 0 0 0 0 0 0 0 0 0 0 0 0 0 0 0 0 0 0 0 0
ppred_pel_tallas
 1.11526e-16 4.34663e-05 0.000422508 0.00280771 0.0127635 0.039712 0.0846111 0.123495 0.123509 0.084678 0.0399381 0.0134224 0.00448355 0.00415316 0.00734013 0.0126165 0.0194499 0.0271184 0.0348171 0.042022 0.0485204 0.0540091 0.0576992 0.0584382 0.0553637 0.0485661
 1.18827e-16 4.28779e-05 0.000416788 0.00276971 0.0125907 0.0391745 0.0834662 0.121827 0.121851 0.0835865 0.0395784 0.0137589 0.00570748 0.00684892 0.0123169 0.0204555 0.0298636 0.0384572 0.0442049 0.046338 0.0458545 0.0447857 0.0447737 0.0460666 0.0475692 0.0476954
 1.14062e-16 5.39167e-05 0.000524089 0.00348276 0.0158321 0.0492597 0.104954 0.153187 0.153204 0.10504 0.0495488 0.0166687 0.00558826 0.00513936 0.00887569 0.0147389 0.0215889 0.0279317 0.032298 0.0340712 0.033847 0.0329511 0.0324993 0.0327495 0.0331426 0.0328242
 1.07271e-16 6.00694e-05 0.000583896 0.0038802 0.0176388 0.054881 0.11693 0.170667 0.170684 0.117015 0.0551639 0.0184566 0.00593535 0.00507835 0.00861999 0.0142204 0.020636 0.0262923 0.0296369 0.0299878 0.0279374 0.0249139 0.0222567 0.0205303 0.0194874 0.0185063
 1.04567e-16 6.04885e-05 0.00058797 0.00390727 0.0177619 0.0552639 0.117746 0.171858 0.171877 0.117839 0.0555738 0.0186573 0.00615663 0.00550383 0.00941288 0.0155088 0.0224379 0.028436 0.0317478 0.0315721 0.0285256 0.0241884 0.0201093 0.0170546 0.0149418 0.0132718
 1.0159e-16 7.32529e-05 0.000712044 0.00473179 0.02151 0.0669257 0.142593 0.20812 0.208127 0.142631 0.067055 0.0218839 0.00567102 0.00276508 0.00398024 0.00648497 0.00938356 0.0119029 0.0133069 0.0132559 0.0119967 0.010174 0.00842041 0.00705086 0.0060404 0.00520473
 1.02569e-16 4.66093e-05 0.000453059 0.00301074 0.0136864 0.0425837 0.0907305 0.132432 0.132469 0.0909126 0.0431951 0.0154518 0.00744043 0.0101179 0.0183866 0.030283 0.0435254 0.0545371 0.0597029 0.0573561 0.0487769 0.0373416 0.0265309 0.0183389 0.0129948 0.0096965
 1.07327e-16 4.55785e-05 0.000443039 0.00294415 0.0133837 0.0416418 0.0887232 0.129499 0.129524 0.088846 0.0420548 0.0145791 0.0059546 0.00704747 0.0126839 0.0211451 0.0310325 0.0402226 0.0465349 0.048893 0.0478346 0.0448934 0.041416 0.0378297 0.0338184 0.0290086
 1.07222e-16 6.09169e-05 0.000592134 0.00393494 0.0178877 0.0556552 0.11858 0.173074 0.173088 0.118649 0.055886 0.0185553 0.00561504 0.00427444 0.00709784 0.0117536 0.0172019 0.0222247 0.0256276 0.0268849 0.0264247 0.0252485 0.0241999 0.0234764 0.0226934 0.0213151
 1.02438e-16 7.16859e-05 0.000696813 0.00463057 0.0210499 0.0654941 0.139542 0.203668 0.203677 0.139588 0.0656474 0.021493 0.00574349 0.00312813 0.00469463 0.00766243 0.011067 0.0139961 0.0155759 0.0154147 0.013834 0.0116409 0.00962735 0.00818645 0.00726944 0.00660005
 1.00743e-16 7.36784e-05 0.00071618 0.00475927 0.0216349 0.0673144 0.143421 0.209329 0.209338 0.143464 0.0674603 0.0220564 0.00581698 0.00302431 0.0044547 0.00724125 0.0104085 0.0130559 0.0143198 0.0138031 0.0118091 0.009137 0.00660826 0.00468956 0.00342948 0.00263556
 1.00821e-16 6.7052e-05 0.00065177 0.00433124 0.0196892 0.0612605 0.130523 0.190505 0.190521 0.130601 0.0615235 0.0204487 0.00623718 0.00481052 0.00795953 0.0130373 0.0187378 0.0234851 0.0257192 0.0247167 0.0210182 0.0160635 0.0113416 0.00771185 0.00528831 0.00375229
 1.01672e-16 6.25808e-05 0.000608307 0.00404242 0.0183763 0.0571754 0.121819 0.177802 0.177821 0.121912 0.0574868 0.0192758 0.00630116 0.0055416 0.00943884 0.0155232 0.0223966 0.0282464 0.0312616 0.0305923 0.0268357 0.021598 0.0165091 0.0124649 0.00953733 0.00737107
 1.02761e-16 6.03429e-05 0.000586554 0.00389786 0.0177191 0.0551309 0.117463 0.171445 0.171464 0.117559 0.0554551 0.0186562 0.00625167 0.00573065 0.00984662 0.0162265 0.0234702 0.0297248 0.0331349 0.0328318 0.0294221 0.0245234 0.0197435 0.0159155 0.0130361 0.0107051
 1.02271e-16 6.76345e-05 0.000657432 0.00436887 0.0198602 0.0617926 0.131656 0.192159 0.192172 0.131719 0.0620033 0.020469 0.00589821 0.0040004 0.00642944 0.010556 0.0152789 0.01938 0.0216613 0.0215664 0.0194914 0.0164799 0.0135582 0.0112405 0.00949545 0.00803933
 1.00316e-16 7.95226e-05 0.000772988 0.00513678 0.0233511 0.0726538 0.154797 0.225931 0.225934 0.15481 0.072699 0.0234816 0.00546443 0.00148839 0.00143855 0.00225329 0.00324041 0.00407932 0.00450254 0.00438827 0.00382772 0.00306085 0.00233081 0.00177061 0.0013876 0.00112111
 1.0107e-16 3.17519e-05 0.00030864 0.00205102 0.00932368 0.0290097 0.0618104 0.0902261 0.0902832 0.0620895 0.0299464 0.0120277 0.00883318 0.0150962 0.0280634 0.0462057 0.0662327 0.0826038 0.0896939 0.0849097 0.0702722 0.0511347 0.0331054 0.0195303 0.0109677 0.00624276
 1.01294e-16 7.68908e-05 0.000747406 0.00496678 0.0225782 0.0702493 0.149674 0.218454 0.218456 0.149686 0.0702914 0.0227005 0.00527625 0.00143166 0.00140175 0.00226151 0.00340288 0.00459509 0.00564711 0.00645108 0.00700673 0.00735418 0.00748115 0.00730225 0.0067315 0.00577667
 1.01768e-16 5.37205e-05 0.000522182 0.00347008 0.0157745 0.0490806 0.104572 0.152633 0.152664 0.104725 0.0495933 0.0172548 0.00718319 0.00861898 0.0154049 0.0253144 0.0363035 0.0453253 0.0493205 0.0468947 0.0391748 0.0290942 0.0196952 0.0127462 0.00846377 0.00611595
 1.04332e-16 5.40904e-05 0.000525778 0.00349398 0.0158831 0.0494185 0.105292 0.153681 0.153703 0.105399 0.0497777 0.0169221 0.0061076 0.00625011 0.0109804 0.0182091 0.0265542 0.0340715 0.0387847 0.0397304 0.0374468 0.0334551 0.029197 0.0253139 0.0217022 0.0180459
 1.03699e-16 6.61401e-05 0.000642905 0.00427233 0.0194214 0.0604273 0.128747 0.187913 0.187925 0.128809 0.0606342 0.0200198 0.00577663 0.00393437 0.0063397 0.0104356 0.0151674 0.0193735 0.0219159 0.0222755 0.0208386 0.018582 0.0164181 0.0147281 0.0133635 0.0119729
 1.02452e-16 6.56617e-05 0.000638255 0.00424143 0.0192809 0.0599902 0.127816 0.186555 0.18657 0.127893 0.0602487 0.0200276 0.00611596 0.00473152 0.00784299 0.0128715 0.0185582 0.0233872 0.0258611 0.0252946 0.0222175 0.0180036 0.0140338 0.0110461 0.00904911 0.00765978
 1.0646e-16 2.72357e-05 0.00026474 0.0017593 0.00799754 0.0248836 0.053019 0.0773936 0.0774453 0.0532716 0.0257317 0.0104478 0.00791221 0.0137045 0.0255748 0.0422972 0.0610673 0.0770824 0.0854447 0.0838707 0.0740109 0.0602466 0.04699 0.0366146 0.0292181 0.0237245
 1.06047e-16 6.61069e-05 0.000642583 0.00427019 0.0194117 0.0603969 0.128682 0.187817 0.187823 0.128714 0.0605042 0.0197236 0.00506069 0.00239339 0.00346503 0.00581702 0.00882539 0.0120459 0.0150508 0.0176156 0.0197678 0.0215907 0.0229694 0.0235394 0.0229003 0.0209069
 1.05495e-16 5.57067e-05 0.000541489 0.00359838 0.0163578 0.0508952 0.108438 0.158274 0.158299 0.108561 0.0513065 0.0175458 0.00658009 0.00704909 0.0124111 0.0204221 0.0294011 0.0369616 0.0407294 0.0396557 0.0346679 0.0280617 0.0221221 0.0180319 0.0157021 0.0143298
 1.08687e-16 3.98626e-05 0.000387479 0.00257493 0.0117053 0.0364197 0.0775973 0.113263 0.113296 0.0777629 0.0369762 0.0133145 0.00662067 0.00924062 0.0169159 0.0280653 0.0408056 0.0521096 0.0588921 0.0597004 0.0555041 0.0488797 0.0422963 0.0368908 0.0324618 0.0282799
 1.05728e-16 6.60869e-05 0.000642388 0.0042689 0.0194058 0.0603787 0.128643 0.187761 0.18777 0.128689 0.0605326 0.0198517 0.00539281 0.00311151 0.00480152 0.00795488 0.0117399 0.0153715 0.0180911 0.0195527 0.0199856 0.0199366 0.0198104 0.0196004 0.0189876 0.0176536
 1.0375e-16 6.21625e-05 0.000604241 0.0040154 0.0182534 0.0567933 0.121005 0.176614 0.176633 0.121098 0.0571051 0.0191542 0.00627644 0.00554015 0.00943675 0.0155045 0.0223362 0.0281112 0.0310262 0.0302718 0.0265228 0.0214837 0.0168597 0.0135479 0.0115182 0.0102271
 1.07957e-16 2.92128e-05 0.000283959 0.00188701 0.00857809 0.0266899 0.0568673 0.0830094 0.0830565 0.0570977 0.0274636 0.0108139 0.00750365 0.0125596 0.0233851 0.0387243 0.056038 0.0710053 0.0792167 0.07861 0.0706408 0.0591726 0.0480399 0.0392194 0.0326801 0.0274279
 1.17867e-16 3.63569e-05 0.000353402 0.00234848 0.0106759 0.0332167 0.0707723 0.103298 0.103318 0.0708683 0.0335399 0.0116148 0.00472488 0.00560634 0.0102047 0.0173166 0.0261238 0.0353381 0.0436203 0.0503055 0.0556019 0.0600015 0.0634497 0.0650777 0.0637386 0.0588479
 1.05868e-16 7.22337e-05 0.000702137 0.00466595 0.0212107 0.0659945 0.140608 0.205223 0.205229 0.140634 0.0660818 0.0214634 0.00530235 0.00209853 0.00274581 0.00448373 0.00659563 0.00861183 0.0101228 0.0109853 0.0114124 0.0118044 0.0124426 0.013287 0.0140115 0.0142105
pSPR Fmed_Fpbrs
0.555416   0.234107 0.234107
Fs Fmed_Fpbrs
0.346619   1.005 1.005
SSBpbr Bo_Bmed_Bpbrs
1.70331e+06  860882  313592 313592
Ro
141063
SPR SPRFo_SPRFmed_SPRFpbrs
1.00685e+06 559222 235711
Fref
1.005
Nvult_r0
 179332 12423.4 5534.9 7557.8 2435.28
CTP_r0
 29288.5 2718.12 1210.98 1653.57 532.815
YTP_r0
391269
Np
 205365 37499.5 10480.3 644.214 325.659
Nvult_p0
 167866 32449.8 9069.04 557.464 281.806
CTP_p0
 69148 33757.7 2075.05 924.478 1613.32
 69148 16265.3 4545.83 279.427 141.254
YTP_p0
 1.17663e+06 890927
CBA_c0
1.09092e+06
log_Ro
11.677
likeval ReclasPelacesDesembMPH_pf_preclas_ppelaces_ptallas_desvR_qrecl_qpela
 12.0632 22.2978 0.00851599 0.00236847 240.915 117.26 99.458 0 31.0045 0 0 0.0230201 0 0 0
q_reclas_q_pelaces
1 1
M
1
N
 160150 43571.6 98579.9 8078.75 0.229192
 97057.9 51723.1 13297.6 30085.6 2465.63
 92649.1 28012.1 13433.2 3453.58 8454
 92394.9 26757.6 7282.13 3492.14 3095.54
 74323.4 21260.7 5020.9 1366.45 1236.14
 219381 22412.7 5880.44 1388.72 719.842
 67914.1 59897.7 5375.33 1410.33 505.705
 25157.5 12350 8018.27 719.574 256.492
 34164 8061.19 3726.7 2419.56 294.534
 53653.4 7489.34 1410.99 652.304 475.064
 97990.3 10537.7 1119.68 210.948 168.545
 135116 32212.2 3298.66 350.498 118.794
 108794 32496.8 6440.35 659.518 93.8279
 74828 26925.7 6769.52 1341.61 156.932
 69881.5 13635.7 3615.22 908.92 201.204
 456486 15295.3 2381.37 631.372 193.875
 71507.1 118958 3430.99 534.181 185.117
 709831 21255.6 32230.3 929.59 194.886
 381542 211033 5760.34 8734.53 304.737
 277271 105137 51286.3 1399.91 2196.77
 442929 77557.9 26106.4 12734.9 893.088
 585353 131906 21069.5 7092.09 3702.19
 96520.6 165529 33269.6 5314.2 2722.56
 351225 30324.9 48557.9 9759.63 2357.58
 276128 111904 9076.36 14533.6 3626.73
 116579 88075.7 33547.1 2720.95 5444.16
 301320 38056.3 27296.1 10396.8 2530.5
 350823 95697.2 11338.2 8132.41 3851.47
 80184.5 114637 29700.3 3518.91 3719.28
 55362.4 26540.6 36240.6 9389.26 2288.23
 257160 17207.4 7666.26 10468.1 3373.05
pred_Ctot
 12491.7 4765.49 10781.8 883.584 0.025067
 13483.4 9888.65 2542.3 5751.91 471.389
 12838.7 5342.67 2562.07 658.691 1612.41
 22717.7 8745.69 2380.15 1141.4 1011.77
 8608.42 3413.31 806.085 219.377 198.457
 36631.2 5104.83 1339.36 316.301 163.955
 22967.3 26080.5 2340.51 614.082 220.193
 2074.46 1426.04 925.858 83.0881 29.6167
 9098.86 2834.31 1310.31 850.718 103.558
 16625.1 3017.98 568.588 262.859 191.436
 6652.92 1006.25 106.918 20.1434 16.0944
 30605.3 9762.13 999.681 106.221 36.0014
 23239.5 9327.04 1848.47 189.291 26.9299
 25249.8 11701.2 2941.87 583.031 68.1987
 18656.7 4804.89 1273.92 320.282 70.8997
 86539.2 3926.69 611.359 162.09 49.7728
 8830.11 20313.3 585.879 91.2173 31.6107
 87592.2 3627.17 5499.95 158.63 33.2564
 61964.7 46818.8 1277.96 1937.8 67.6075
 42948.5 22299.7 10877.9 296.923 465.939
 54260.1 13142.5 4423.82 2157.97 151.337
 87440.4 27028 4317.23 1453.2 758.595
 9021.43 21592.6 4339.89 693.217 355.148
 30084.7 3633.83 5818.69 1169.5 282.509
 23479.1 13314 1079.87 1729.15 431.494
 8381.83 8895.76 3388.3 274.819 549.867
 26349.9 4653.16 3337.5 1271.22 309.405
 25024.3 9590.79 1136.32 815.032 385.995
 5126.18 10319.8 2673.67 316.778 334.816
 5503.72 3675.7 5019.1 1300.35 316.906
 29288.5 2718.12 1210.98 1653.57 532.815
F
 0.130209 0.18682 0.18682 0.18682 0.18682
 0.242671 0.348176 0.348176 0.348176 0.348176
 0.242 0.347213 0.347213 0.347213 0.347213
 0.469212 0.67321 0.67321 0.67321 0.67321
 0.198798 0.285229 0.285229 0.285229 0.285229
 0.298173 0.427808 0.427808 0.427808 0.427808
 0.704586 1.01092 1.01092 1.01092 1.01092
 0.138096 0.198136 0.198136 0.198136 0.198136
 0.517692 0.742767 0.742767 0.742767 0.742767
 0.627586 0.900438 0.900438 0.900438 0.900438
 0.112523 0.161444 0.161444 0.161444 0.161444
 0.424991 0.609762 0.609762 0.609762 0.609762
 0.39638 0.568713 0.568713 0.568713 0.568713
 0.702503 1.00793 1.00793 1.00793 1.00793
 0.519258 0.745013 0.745013 0.745013 0.745013
 0.344792 0.494696 0.494696 0.494696 0.494696
 0.213177 0.305859 0.305859 0.305859 0.305859
 0.213013 0.305624 0.305624 0.305624 0.305624
 0.28896 0.41459 0.41459 0.41459 0.41459
 0.273969 0.393081 0.393081 0.393081 0.393081
 0.211323 0.303199 0.303199 0.303199 0.303199
 0.26307 0.377444 0.377444 0.377444 0.377444
 0.157788 0.226389 0.226389 0.226389 0.226389
 0.143783 0.206295 0.206295 0.206295 0.206295
 0.142667 0.204694 0.204694 0.204694 0.204694
 0.1195 0.171455 0.171455 0.171455 0.171455
 0.146982 0.210885 0.210885 0.210885 0.210885
 0.118508 0.170031 0.170031 0.170031 0.170031
 0.105656 0.151591 0.151591 0.151591 0.151591
 0.168561 0.241845 0.241845 0.241845 0.241845
 0.1952 0.280066 0.280066 0.280066 0.280066
YTP_r0W_actual
 243095 38325.6 33423.1 56552.1 19874
YTP_p0W_proyectada
 517919 528984 47995.9 27151.9 54578.5
 517919 254878 105145 8206.77 4778.64
CTP_r0_actual
 29288.5 2718.12 1210.98 1653.57 532.815
CTP_p0_proyectada
 69148 33757.7 2075.05 924.478 1613.32
 69148 16265.3 4545.83 279.427 141.254
Wmedp
 7.49 15.67 23.13 29.37 33.83
Frms_r0
 0.1952 0.280066 0.280066 0.280066 0.280066
Zrms_r0
 1.1952 1.28007 1.28007 1.28007 1.28007
nmprior
 8.19 8.8 8.5 0
nm_flota  nm_reclas  nm_pelaces    nm_pelaL
inf 14.8384 13.9248 30.685
cv_recla  cv_pelaces  cv_mph
0.314163 0.535431 1.50189
 ------------------------------------------------
Talla a la edad & desviaci?n 
 8 13.2811 15.8009 17.003 17.5766
 0.8 1.32811 1.58009 1.7003 1.75766
