years
 1991 1992 1993 1994 1995 1996 1997 1998 1999 2000 2001 2002 2003 2004 2005 2006 2007 2008 2009 2010 2011 2012 2013 2014 2015 2016 2017 2018 2019 2020 2021
reclasobs
 0 0 0 0 0 0 0 0 0 252601 567819 844713 477998 351125 339783 2.1784e+06 2.13404e+06 4.81314e+06 1.55562e+06 2.62356e+06 3.21686e+06 3.843e+06 1.13348e+06 3.07943e+06 1.97215e+06 2.03268e+06 2.025e+06 2.42433e+06 2.27542e+06 1.05018e+06 2.36338e+06
reclaspred
 1.98497e+06 1.03226e+06 476367 139297 94064.6 499711 279497 77667.8 200736 154166 271253 437752 396308 232743 266770 748603 1.03087e+06 1.74923e+06 1.93159e+06 1.32856e+06 2.21938e+06 1.97954e+06 1.66083e+06 1.88804e+06 1.67008e+06 1.34869e+06 1.54623e+06 1.79184e+06 1.8583e+06 854153 1.02272e+06
pelacesobs
 0 0 0 0 0 0 0 0 0 0 0 0 0 0 0 552880 188675 0 991730 2.46772e+06 1.41603e+06 1.21717e+06 2.29649e+06 1.80582e+06 0 1.4828e+06 1.56532e+06 1.57751e+06 1.42118e+06 867257 1.10002e+06
pelacespred
 844095 485255 224953 38135.3 31582.9 211324 84012.1 31390.3 83876.5 54209.9 125399 166428 166787 93777.3 123032 298521 410171 795365 907460 611738 920096 927581 752018 938575 836857 638226 857789 992412 845313 453913 516186
mphobs
 0 0 0 0 0 0 0 0 0 0 0 498337 0 5186 125008 0 168611 109162 213762 579715 649985 157893 87575 83554 0 0 0 0 0 0 0
mphpred
 1.90272e+06 1.10621e+06 578024 213296 43432.3 89568.5 441357 88859.9 32910 186313 61383.6 341881 299832 228097 114629 223688 867087 726058 1.59479e+06 1.33189e+06 1.16171e+06 1.65349e+06 1.63514e+06 1.06544e+06 1.57723e+06 1.26262e+06 833023 1.28837e+06 1.78937e+06 1.03318e+06 458794
desembarqueobs
 494567 514787 250237 358949 120608 361735 552515 73892 212993 205616 52469 317467 293654 387597 252695 516296 358380 742168 942051 627588 828172 859565 418607 520667 417249 300574 415391 372974 316634 284311 391294
desembarquepred
 493720 516841 249347 359090 120409 361509 552104 73959.8 212733 205357 52437.9 317248 293801 387196 252844 516387 358652 742181 941326 626924 828658 859293 418565 520250 417151 300663 415615 372711 316368 284632 391257
Reclutas
 24339.6 133097 36468.6 25158 61922.2 250315 11410 3786.36 71257.4 15095.5 138075 104266 107159 61822.2 87969.1 445635 68045.3 673354 454430 209225 486453 611314 37748.5 340896 266259 64207.5 367908 332840 38169.8 26215.4 284718
log_desv_Rt
 -1.4057 0.293271 -1.00135 -1.37263 -0.471925 0.924915 -2.16332 -3.2664 -0.331506 -1.88341 0.329994 0.0491372 0.0765045 -0.473542 -0.120819 1.5017 -0.37763 1.91447 1.52124 0.745604 1.58934 1.81781 -0.966858 1.23377 0.986664 -0.435684 1.31003 1.20986 -0.955759 -1.33146 1.05369
SSB
 1.90272e+06 1.10621e+06 578024 213296 43432.3 89568.5 441357 88859.9 32910 186313 61383.6 341881 299832 228097 114629 223688 867087 726058 1.59479e+06 1.33189e+06 1.16171e+06 1.65349e+06 1.63514e+06 1.06544e+06 1.57723e+06 1.26262e+06 833023 1.28837e+06 1.78937e+06 1.03318e+06 458794
BT
 2.37635e+06 1.78342e+06 790742 417573 215848 1.21834e+06 692101 154422 558100 329618 557447 768803 809688 723728 743700 1.62755e+06 1.35074e+06 3.66862e+06 3.69281e+06 2.24077e+06 3.8252e+06 3.59803e+06 2.18546e+06 3.75781e+06 2.66739e+06 1.9176e+06 3.55662e+06 3.62392e+06 2.26918e+06 1.40272e+06 2.33548e+06
Ftot
 0.23368 0.46063 0.479379 1.90648 1.12733 0.667611 1.53793 0.836326 0.962043 1.12328 0.183764 0.655705 0.671578 1.38821 0.85775 0.636622 0.324448 0.396692 0.45062 0.435818 0.349057 0.403361 0.236776 0.259713 0.235168 0.210122 0.253706 0.196892 0.161083 0.310821 0.358952
BD_Bspro_t
 0.963302 0.739368 0.543513 0.318565 0.100224 0.234311 0.458136 0.131207 0.0785136 0.34057 0.194995 0.647711 0.484096 0.371378 0.226099 0.358557 0.571133 0.514436 0.639662 0.563113 0.48757 0.572194 0.601453 0.540366 0.662455 0.666193 0.629162 0.735607 0.779809 0.677027 0.534719
BD_Bspro
 2.6816 1.55904 0.814638 0.300609 0.0612113 0.126233 0.622026 0.125235 0.0463817 0.26258 0.0865109 0.48183 0.422567 0.321468 0.161553 0.315255 1.22203 1.02327 2.24762 1.8771 1.63725 2.33034 2.30449 1.50157 2.22287 1.77947 1.17402 1.81577 2.52185 1.45611 0.646601
BD_Bo
 1.11838 0.650205 0.33975 0.125371 0.0255285 0.0526464 0.25942 0.0522299 0.0193437 0.109511 0.0360799 0.20095 0.176234 0.13407 0.0673765 0.131479 0.509654 0.426761 0.937381 0.782854 0.682825 0.971882 0.9611 0.62624 0.927059 0.742139 0.489632 0.757278 1.05175 0.60728 0.269669
BD_Brms
 4.74749 2.76011 1.44223 0.532196 0.108368 0.223483 1.10123 0.221715 0.0821138 0.46487 0.153158 0.853029 0.748111 0.569125 0.286012 0.558125 2.16347 1.81159 3.97916 3.3232 2.89858 4.12562 4.07985 2.65838 3.93535 3.15037 2.07848 3.21463 4.46466 2.57789 1.14474
Sel_flota
 0.5 1 1 1 1
 0.5 1 1 1 1
 0.5 1 1 1 1
 0.5 1 1 1 1
 0.5 1 1 1 1
 0.5 1 1 1 1
 0.5 1 1 1 1
 0.5 1 1 1 1
 0.5 1 1 1 1
 0.5 1 1 1 1
 0.5 1 1 1 1
 0.5 1 1 1 1
 0.5 1 1 1 1
 0.5 1 1 1 1
 0.5 1 1 1 1
 0.5 1 1 1 1
 0.5 1 1 1 1
 0.5 1 1 1 1
 0.5 1 1 1 1
 0.5 1 1 1 1
 0.5 1 1 1 1
 0.5 1 1 1 1
 0.5 1 1 1 1
 0.5 1 1 1 1
 0.5 1 1 1 1
 0.5 1 1 1 1
 0.5 1 1 1 1
 0.5 1 1 1 1
 0.5 1 1 1 1
 0.5 1 1 1 1
 0.5 1 1 1 1
Sel_reclas
 0.5 1 1 1 1
 0.5 1 1 1 1
 0.5 1 1 1 1
 0.5 1 1 1 1
 0.5 1 1 1 1
 0.5 1 1 1 1
 0.5 1 1 1 1
 0.5 1 1 1 1
 0.5 1 1 1 1
 0.5 1 1 1 1
 0.5 1 1 1 1
 0.5 1 1 1 1
 0.5 1 1 1 1
 0.5 1 1 1 1
 0.5 1 1 1 1
 0.5 1 1 1 1
 0.5 1 1 1 1
 0.5 1 1 1 1
 0.5 1 1 1 1
 0.5 1 1 1 1
 0.5 1 1 1 1
 0.5 1 1 1 1
 0.5 1 1 1 1
 0.5 1 1 1 1
 0.5 1 1 1 1
 0.5 1 1 1 1
 0.5 1 1 1 1
 0.5 1 1 1 1
 0.5 1 1 1 1
 0.5 1 1 1 1
 0.5 1 1 1 1
Sel_pelaces
 0.5 1 1 1 1
 0.5 1 1 1 1
 0.5 1 1 1 1
 0.5 1 1 1 1
 0.5 1 1 1 1
 0.5 1 1 1 1
 0.5 1 1 1 1
 0.5 1 1 1 1
 0.5 1 1 1 1
 0.5 1 1 1 1
 0.5 1 1 1 1
 0.5 1 1 1 1
 0.5 1 1 1 1
 0.5 1 1 1 1
 0.5 1 1 1 1
 0.5 1 1 1 1
 0.5 1 1 1 1
 0.5 1 1 1 1
 0.5 1 1 1 1
 0.5 1 1 1 1
 0.5 1 1 1 1
 0.5 1 1 1 1
 0.5 1 1 1 1
 0.5 1 1 1 1
 0.5 1 1 1 1
 0.5 1 1 1 1
 0.5 1 1 1 1
 0.5 1 1 1 1
 0.5 1 1 1 1
 0.5 1 1 1 1
 0.5 1 1 1 1
pf_obs 
 0.8446 0.082 0.0669 0.0065 0
 0.8095 0.147 0.0364 0.0071 0
 0.9664 0.0169 0.016 0.0007 0
 0.9276 0.0648 0.0075 0.0001 0
 0.7033 0.2144 0.0806 0.0017 0
 0.9318 0.0425 0.0243 0.0014 0
 0.5671 0.3108 0.0964 0.0239 0.0018
 0.0768 0.2599 0.5324 0.112 0.0189
 0.490249 0.384438 0.106611 0.0170017 0.00170017
 0.7925 0.1577 0.0466 0.003 0.0002
 0.840416 0.127587 0.0312969 0.00059994 9.999e-05
 0.8084 0.0986 0.0794 0.0134 0.0002
 0.7335 0.1905 0.0724 0.0035 0.0001
 0.4001 0.4547 0.1325 0.0127 0
 0.49795 0.308269 0.164784 0.0264974 0.00249975
 0.9179 0.0499 0.0305 0.0017 0
 0.2467 0.6533 0.0926 0.0074 0
 0.9418 0.0223 0.034 0.0019 0
 0.707729 0.231977 0.0356964 0.0245975 0
 0.517169 0.277429 0.184464 0.0207286 0.00020938
 0.811772 0.124168 0.05621 0.00726502 0.000585176
 0.764997 0.148141 0.077277 0.00933861 0.000247198
 0.163321 0.427699 0.378323 0.0303852 0.000271297
 0.753843 0.0900009 0.118128 0.0371064 0.000921714
 0.721811 0.176058 0.0630433 0.0369309 0.00215725
 0.143369 0.312575 0.442814 0.0836902 0.0175525
 0.692698 0.0596174 0.167031 0.0765114 0.00414204
 0.394062 0.376323 0.152708 0.0712218 0.00568511
 0.125707 0.32114 0.495352 0.0537591 0.00404204
 0.23352 0.215282 0.420074 0.123614 0.00750983
 0.774587 0.0839891 0.0768558 0.0609784 0.00358967
pf_pred 
 0.0569469 0.877916 6.04806e-05 0.0650626 1.40462e-05
 0.511685 0.055978 0.402476 2.7727e-05 0.029834
 0.266804 0.518258 0.0246394 0.177155 0.013144
 0.423946 0.263381 0.221013 0.0105075 0.0811534
 0.886721 0.0836758 0.0135352 0.0113579 0.00471049
 0.912981 0.0833207 0.00273216 0.000441949 0.000524662
 0.097155 0.869173 0.0322408 0.00105721 0.000374029
 0.230946 0.203301 0.544653 0.0202032 0.00089686
 0.953056 0.0205945 0.00696559 0.0186612 0.000722939
 0.358287 0.630285 0.0050133 0.00169563 0.00471866
 0.933072 0.0412305 0.0252398 0.000200758 0.00025686
 0.552085 0.433202 0.00906375 0.00554849 0.000100599
 0.623268 0.283033 0.0906212 0.00189604 0.00118173
 0.527421 0.379472 0.0699495 0.0223963 0.000760646
 0.77942 0.171854 0.0391264 0.0072123 0.00238765
 0.915062 0.0766627 0.00644763 0.00146795 0.000360172
 0.226734 0.744876 0.0256237 0.00215505 0.00061103
 0.870416 0.050881 0.0758137 0.00260799 0.000281533
 0.534021 0.437121 0.011331 0.0168834 0.000643485
 0.382178 0.447563 0.159715 0.00414011 0.00640397
 0.711465 0.168924 0.0866489 0.0309211 0.00204135
 0.650614 0.295455 0.0315744 0.016196 0.00616116
 0.0800626 0.743302 0.149369 0.0159627 0.0113028
 0.69617 0.047819 0.206855 0.0415684 0.00758778
 0.513295 0.404936 0.0128694 0.0556704 0.0132293
 0.210595 0.54743 0.201321 0.00639827 0.0342548
 0.767322 0.0842804 0.10291 0.0378458 0.00764224
 0.560213 0.385589 0.0196317 0.0239711 0.0105957
 0.114823 0.646003 0.209699 0.0106765 0.0187989
 0.187178 0.173858 0.466317 0.151371 0.0212768
 0.861458 0.0465238 0.0196821 0.0527909 0.0195452
pobs_RECLAS
 0 0 0 0 0
 0 0 0 0 0
 0 0 0 0 0
 0 0 0 0 0
 0 0 0 0 0
 0 0 0 0 0
 0 0 0 0 0
 0 0 0 0 0
 0 0 0 0 0
 0 0 0 0 0
 0.991045 0.00858322 0.000360255 1.14367e-05 0
 0.934742 0.0480273 0.0164251 0.00080598 0
 0.827803 0.169806 0.00239088 0 0
 0.941827 0.0461693 0.0120037 0 0
 0.791401 0.0380133 0.147996 0.0225897 0
 0.846168 0.0940531 0.0597789 0 0
 0.134021 0.677848 0.182769 0.00536245 0
 0.80878 0.0450904 0.141981 0.00414843 0
 0.846168 0.0940531 0.0597789 0 0
 0.905697 0.0802665 0.012482 0.00150086 5.37128e-05
 0.989698 0.0102097 9.19794e-05 0 0
 0.975433 0.0193895 0.00387452 0.00125025 5.28907e-05
 0.303575 0.632131 0.0575291 0.00676475 0
 0.966965 0.00978017 0.0227588 0.000495775 0
 0.843318 0.132988 0.00938335 0.0141283 0.000182051
 0.564624 0.303363 0.111486 0.0197234 0.00080311
 0.826376 0.0876187 0.0782897 0.00655872 0.00115652
 0.89761 0.0855135 0.0140674 0.00269457 0.000114338
 0.34875 0.467042 0.161289 0.0227151 0.000203297
 0.318654 0.224769 0.449479 0.00709798 0
 0.937255 0.0296025 0.0250945 0.00804832 0
ppred_RECLAS
 0.0575507 0.877354 6.04418e-05 0.065021 1.40372e-05
 0.517947 0.0552601 0.397314 2.73714e-05 0.0294514
 0.27199 0.514593 0.0244651 0.175902 0.0130511
 0.467368 0.243527 0.204353 0.0097155 0.0750362
 0.894704 0.0777787 0.0125813 0.0105575 0.00437852
 0.916125 0.08031 0.00263344 0.000425979 0.000505704
 0.10899 0.857779 0.0318182 0.00104335 0.000369126
 0.240734 0.200713 0.537721 0.0199461 0.000885445
 0.955912 0.0193414 0.00654175 0.0175257 0.00067895
 0.377264 0.611646 0.00486505 0.00164548 0.00457911
 0.933603 0.0409036 0.0250396 0.000199166 0.000254823
 0.561784 0.423822 0.0088675 0.00542835 9.84203e-05
 0.632742 0.275916 0.0883423 0.00184836 0.00115201
 0.554835 0.35746 0.0658918 0.0210971 0.000716522
 0.788932 0.164443 0.0374391 0.00690128 0.00228469
 0.917955 0.0740508 0.00622796 0.00141794 0.000347901
 0.229621 0.742096 0.0255281 0.00214701 0.000608749
 0.872751 0.049964 0.0744475 0.00256099 0.000276459
 0.540087 0.43143 0.0111835 0.0166636 0.000635109
 0.387721 0.443547 0.158282 0.00410297 0.00634652
 0.715121 0.166783 0.0855508 0.0305292 0.00201548
 0.655438 0.291375 0.0311384 0.0159723 0.00607609
 0.0809031 0.742623 0.149233 0.0159481 0.0112925
 0.698835 0.0473996 0.205041 0.0412038 0.00752122
 0.51611 0.402594 0.012795 0.0553484 0.0131527
 0.212248 0.546284 0.2009 0.00638487 0.034183
 0.76951 0.0834879 0.101942 0.03749 0.00757038
 0.562482 0.383599 0.0195304 0.0238474 0.010541
 0.115574 0.645455 0.209521 0.0106675 0.0187829
 0.189559 0.173348 0.46495 0.150928 0.0212144
 0.86365 0.0457877 0.0193707 0.0519556 0.0192359
pobs_PELACES
 0 0 0 0 0
 0 0 0 0 0
 0 0 0 0 0
 0 0 0 0 0
 0 0 0 0 0
 0 0 0 0 0
 0 0 0 0 0
 0 0 0 0 0
 0 0 0 0 0
 0 0 0 0 0
 0 0 0 0 0
 0 0 0 0 0
 0 0 0 0 0
 0 0 0 0 0
 0 0 0 0 0
 0 0 0 0 0
 0.505614 0.472636 0.0217494 0 0
 0 0 0 0 0
 0.443492 0.261883 0.143347 0.151278 0
 0.227955 0.32914 0.350689 0.0885471 0.00366901
 0.970185 0.0296113 0.000203453 0 0
 0.997202 0.00247181 0.000326279 0 0
 0.445219 0.490057 0.0546422 0.010081 0
 0.90214 0.0892962 0.00764917 0.000914606 0
 0 0 0 0 0
 0.581667 0.319106 0.0959925 0.00289975 0.000334073
 0.762889 0.0836404 0.116647 0.0363945 0.000428098
 0.88444 0.0763242 0.0277011 0.0115352 0
 0.521256 0.241999 0.230069 0.00667565 0
 0.616807 0.101726 0.260614 0.0208532 0
 0.833518 0.0704572 0.0857862 0.0102388 0
ppred_PELACES
 0.0596781 0.875373 6.03054e-05 0.0648742 1.40055e-05
 0.536889 0.0530887 0.381702 2.62959e-05 0.0282942
 0.287931 0.503324 0.0239294 0.17205 0.0127653
 0.545834 0.207651 0.174248 0.00828423 0.063982
 0.910985 0.0657522 0.0106359 0.00892502 0.00370149
 0.92421 0.0725681 0.00237957 0.000384915 0.000456954
 0.136185 0.831598 0.030847 0.0010115 0.000357859
 0.266849 0.19381 0.519226 0.01926 0.00085499
 0.962138 0.0166099 0.00561791 0.0150507 0.000583068
 0.421691 0.568011 0.00451797 0.00152809 0.00425243
 0.935458 0.0397608 0.0243401 0.000193601 0.000247704
 0.588216 0.398258 0.00833263 0.00510092 9.24838e-05
 0.658093 0.25687 0.0822441 0.00172077 0.00107249
 0.610468 0.312787 0.0576572 0.0184606 0.000626977
 0.811537 0.146831 0.0334294 0.00616217 0.00204
 0.925527 0.0672168 0.00565319 0.00128708 0.000315794
 0.239227 0.732842 0.0252097 0.00212023 0.000601158
 0.879845 0.0471788 0.0702974 0.00241823 0.000261048
 0.558493 0.414165 0.0107359 0.0159968 0.000609692
 0.404924 0.431085 0.153835 0.00398769 0.00616821
 0.726708 0.16 0.0820713 0.0292875 0.00193351
 0.670309 0.278799 0.0297945 0.015283 0.00581384
 0.0838561 0.740237 0.148754 0.0158969 0.0112562
 0.707776 0.0459923 0.198953 0.0399804 0.00729792
 0.525794 0.394537 0.0125389 0.0542408 0.0128895
 0.218103 0.542224 0.199407 0.00633742 0.033929
 0.77685 0.0808289 0.0986954 0.036296 0.00732927
 0.57046 0.376605 0.0191743 0.0234126 0.0103488
 0.118318 0.643452 0.208871 0.0106344 0.0187246
 0.197564 0.171636 0.460358 0.149437 0.0210049
 0.870476 0.0434956 0.018401 0.0493548 0.018273
pobs_pel_tallas
 0 0 0 0 0 0 0 0 0 0 0 0 0 0 0 0 0 0 0 0 0 0 0 0 0 0
 0 0 0 0 0 0 0 0 0 0 0 0 0 0 0 0 0 0 0 0 0 0 0 0 0 0
 0 0 0 0 0 0 0 0 0 0 0 0 0 0 0 0 0 0 0 0 0 0 0 0 0 0
 0 0 0 0 0 0 0 0 0 0 0 0 0 0 0 0 0 0 0 0 0 0 0 0 0 0
 0 0 0 0 0 0 0 0 0 0 0 0 0 0 0 0 0 0 0 0 0 0 0 0 0 0
 0 0 0 0 0 0 0 0 0 0 0 0 0 0 0 0 0 0 0 0 0 0 0 0 0 0
 0 0 0 0 0 0 0 0 0 0 0 0 0 0 0 0 0 0 0 0 0 0 0 0 0 0
 0 0 0 0 0 0 0 0 0 0 0 0 0 0 0 0 0 0 0 0 0 0 0 0 0 0
 0 0 0 0 0 0 0 0 0 0 0 0 0 0 0 0 0 0 0 0 0 0 0 0 0 0
 0 0 0 0 0 0 0 0 0 0 0 0 0 0 0 0 0 0 0 0 0 0 0 0 0 0
 0 0 0 0 0 0 0 0 0 0 0 0 0 0 0 0 0 0 0 0 0 0 0 0 0 0
 0 0 0 0 0 0 0 0 0 0 0 0 0 0 0 0 0 0 0 0 0 0 0 0 0 0
 0.00862536 0 0 0.000197151 0.00414017 0.0128641 0.00837892 0.0270097 0.101434 0.158115 0.152841 0.127902 0.109271 0.109419 0.0830992 0.0579132 0.0238553 0.00714673 0.00463305 0.00128148 0.00103504 0.000492878 0.000147863 0.000147863 4.92878e-05 0
 0 0 0 0 0 0 0 0 0 0 0 0 0 0 0 0 0 0 0 0 0 0 0 0 0 0
 0 0 0 0 0 0 0 0.0054083 0.00873648 0.0413646 0.0450493 0.0745869 0.0622846 0.0627006 0.0613931 0.0827291 0.12552 0.122667 0.0946155 0.0697135 0.0546179 0.0294188 0.0215738 0.0213955 0.0102223 0.00600262
 0 0 0 0 0.00359764 0.0251062 0.0480494 0.140153 0.205849 0.193036 0.1447 0.116669 0.0760912 0.0342217 0.00950174 0.001854 0.000860785 0 0 0 0.000165536 0 0.000143464 0 0 0
 0 0 0 0 0 0 0 0.000145254 0.000435761 0.0275982 0.070085 0.0708112 0.156366 0.174668 0.174014 0.160142 0.0824315 0.0480064 0.0283245 0.00493863 0.00203355 0 0 0 0 0
 0 0 0 0 0 0 0 0 0 0 0 0 0 0 0 0 0 0 0 0 0 0 0 0 0 0
 0 0 1.00437e-05 0.000401748 0.00122533 0.00171747 0.00176769 0.0269171 0.070346 0.194647 0.189555 0.159765 0.064822 0.0314167 0.0384472 0.0292271 0.0345202 0.0313363 0.0194345 0.0106764 0.0143323 0.0359363 0.0279516 0.0138201 0.00172751 0
 0 0.0021121 0.0136068 0.0755702 0.200478 0.177729 0.0527432 0.0373336 0.0318909 0.0142505 0.0149659 0.0166563 0.0217959 0.0798694 0.0677717 0.0528807 0.04013 0.0224614 0.0357745 0.0225083 0.00881397 0.00855152 0.00135912 0.000746735 0 0
 0 0 0 0 5.4009e-05 0.00500934 0.000945158 0.0243581 0.138947 0.33067 0.221406 0.137944 0.0707744 0.0437923 0.0131692 0.00525238 0.0047753 0.00276346 9.45158e-05 9.00151e-06 2.25038e-05 9.00151e-06 4.50075e-06 0 0 0
 0.000866109 0.00284123 0.00948549 0.0512746 0.133035 0.25785 0.225252 0.132002 0.0553304 0.0519788 0.0540692 0.017754 0.00435017 0.00159236 0.00146478 0.000404838 0.000125132 0.000115318 0.000107957 0.000100596 0 0 0 0 0 0
 0 0 0 0 0.00144013 0.00171154 0.00461396 0.0210425 0.0478622 0.0707936 0.0888783 0.103762 0.0637923 0.0337046 0.0602308 0.124433 0.169614 0.0934646 0.0462172 0.0250306 0.0313229 0.00938855 0.002487 0.000210481 0 0
 0 0.00764035 0.051015 0.0998891 0.058973 0.0496711 0.0374665 0.0718981 0.12319 0.153886 0.159021 0.0857701 0.0377988 0.023471 0.0147837 0.00900784 0.00315554 0.000888139 0.00291439 0.00214683 0.00393193 0.00274676 0.000635225 9.99891e-05 0 0
 0 0 0 0 0 0 0 0 0 0 0 0 0 0 0 0 0 0 0 0 0 0 0 0 0 0
 0 0 0 0 0 0 0 0 0 0 0 0 0 0 0 0 0 0 0 0 0 0 0 0 0 0
 0 0 0 0 0 0 0 0 0 0 0 0 0 0 0 0 0 0 0 0 0 0 0 0 0 0
 0 0 0 0 0 0 0 0 0 0 0 0 0 0 0 0 0 0 0 0 0 0 0 0 0 0
 0 0 0 0 0 0 0 0 0 0 0 0 0 0 0 0 0 0 0 0 0 0 0 0 0 0
 0 0 0 0 0 0 0 0 0 0 0 0 0 0 0 0 0 0 0 0 0 0 0 0 0 0
 0 0 0 0 0 0 0 0 0 0 0 0 0 0 0 0 0 0 0 0 0 0 0 0 0 0
ppred_pel_tallas
 1.06734e-16 4.91578e-06 4.77833e-05 0.000317541 0.00144355 0.00449186 0.00957349 0.0139904 0.0140746 0.00998479 0.00587237 0.00542868 0.0103123 0.0218389 0.04131 0.0680795 0.0975965 0.12176 0.132356 0.125683 0.104878 0.07796 0.0532078 0.0353695 0.0248835 0.0195355
 1.1582e-16 4.42228e-05 0.000429861 0.00285658 0.0129856 0.0404031 0.0860832 0.125642 0.125648 0.0861113 0.0404992 0.0132706 0.00359989 0.00214479 0.00357114 0.00653645 0.0110446 0.0172834 0.0253523 0.0351111 0.0459165 0.0563866 0.064513 0.0682869 0.0665767 0.059703
 1.20234e-16 2.37166e-05 0.000230534 0.00153198 0.00696419 0.0216684 0.0461687 0.0673947 0.0674432 0.0464057 0.0224641 0.00926223 0.00730056 0.0128249 0.0239503 0.0395874 0.0571253 0.0721241 0.080166 0.0794399 0.0719448 0.0622049 0.0544773 0.0505701 0.0495744 0.0491525
 1.1674e-16 4.49597e-05 0.000437024 0.00290418 0.013202 0.0410764 0.0875184 0.12774 0.12776 0.0876175 0.0414097 0.0141678 0.00533998 0.00579291 0.0103303 0.0173055 0.0256278 0.0337136 0.0399611 0.0436361 0.0452203 0.045857 0.046375 0.0467249 0.0461917 0.0440456
 1.01846e-16 7.50367e-05 0.000729383 0.00484701 0.0220338 0.0685554 0.146065 0.213187 0.213193 0.146096 0.0686594 0.0223345 0.00560212 0.00237882 0.0032108 0.0051982 0.0075032 0.00948612 0.0105547 0.0104486 0.00939426 0.00794763 0.00664981 0.00576161 0.00523351 0.0048554
 1.00204e-16 7.6126e-05 0.000739972 0.00491737 0.0223537 0.0695506 0.148185 0.216282 0.216289 0.148219 0.0696651 0.0226842 0.00574635 0.00254753 0.00350284 0.00565422 0.0080997 0.0101054 0.0109806 0.0104091 0.00863818 0.00632122 0.00414154 0.00250502 0.00147645 0.000909277
 1.01265e-16 1.12176e-05 0.000109039 0.000724606 0.003294 0.0102493 0.0218402 0.0318931 0.0319731 0.022231 0.0115613 0.00708163 0.0102249 0.0208247 0.0392842 0.0647433 0.0928315 0.115824 0.125848 0.119265 0.0988819 0.0721598 0.0469142 0.0278091 0.0156347 0.00878637
 1.1711e-16 2.19801e-05 0.000213654 0.00141981 0.00645425 0.0200817 0.0427868 0.0624527 0.0624722 0.0428822 0.0204041 0.00739516 0.00381814 0.00556986 0.0105468 0.0183173 0.02851 0.0402596 0.0525187 0.0645186 0.0757431 0.0853579 0.0917563 0.092925 0.0875517 0.0760226
 1.01775e-16 7.92501e-05 0.000770339 0.00511917 0.023271 0.0724048 0.154266 0.225156 0.225158 0.154274 0.0724313 0.0233477 0.00531214 0.00119358 0.000889174 0.00136139 0.00199523 0.00260273 0.00305816 0.00332207 0.00346484 0.00361241 0.00384945 0.00415524 0.00441536 0.00449063
 1.01149e-16 3.47342e-05 0.000337629 0.00224367 0.0101994 0.0317345 0.0676157 0.0986985 0.0987531 0.0678825 0.0326301 0.0127847 0.00872713 0.0144712 0.0268183 0.0441277 0.0632049 0.0787271 0.0852998 0.0804469 0.0661361 0.0475542 0.0301464 0.0171782 0.00920063 0.00504674
 1.00774e-16 7.70524e-05 0.000748977 0.00497722 0.0226257 0.070397 0.149988 0.218913 0.218917 0.150007 0.0704604 0.0228094 0.00543962 0.00176287 0.00201559 0.00324384 0.00474298 0.00612427 0.00704088 0.00732112 0.00704625 0.00645841 0.00577999 0.00509881 0.00438989 0.0036139
 1.0087e-16 4.84507e-05 0.000470958 0.00312968 0.0142271 0.044266 0.0943148 0.137663 0.137702 0.094502 0.0448942 0.0160404 0.00767759 0.0103865 0.0188431 0.0309783 0.0443946 0.0553523 0.060078 0.0568376 0.0469982 0.0341654 0.0221128 0.0130866 0.00744771 0.00438296
 1.02794e-16 5.42063e-05 0.000526905 0.00350147 0.0159172 0.0495244 0.105518 0.154012 0.154036 0.105639 0.049932 0.0170954 0.00646208 0.0070005 0.0123793 0.0204587 0.0296474 0.037653 0.0421517 0.04203 0.0379885 0.031968 0.0258991 0.0207866 0.0166663 0.0131524
 1.03702e-16 5.02835e-05 0.000488773 0.00324807 0.0147653 0.0459404 0.0978821 0.142868 0.142898 0.0980295 0.0464356 0.0161956 0.00683953 0.00833275 0.0149586 0.0246794 0.0356156 0.0449324 0.0497683 0.0487969 0.0429968 0.0349448 0.0272302 0.0212369 0.0170015 0.0138643
 1.01966e-16 6.68453e-05 0.00064976 0.00431788 0.0196285 0.0610716 0.13012 0.189917 0.189931 0.130189 0.0613042 0.0203006 0.00600594 0.00433803 0.00708095 0.011625 0.0167968 0.0212412 0.0236198 0.023309 0.0207535 0.0171339 0.01363 0.0108628 0.00884017 0.00726676
 1.00363e-16 7.62345e-05 0.000741026 0.00492438 0.0223855 0.0696497 0.148396 0.21659 0.216596 0.148428 0.0697558 0.0226921 0.00569353 0.00241906 0.00326008 0.00526091 0.00755227 0.00945717 0.0103421 0.00991618 0.00840149 0.00638586 0.00447702 0.00302598 0.00207735 0.00149559
 1.0123e-16 1.9705e-05 0.00019154 0.00127285 0.00578624 0.0180035 0.038361 0.0560038 0.0560743 0.0387054 0.0191597 0.00912388 0.0096444 0.0184455 0.0346247 0.057046 0.081788 0.102034 0.110845 0.105018 0.0870338 0.0634781 0.041248 0.0244576 0.0137974 0.00783807
 1.02328e-16 7.24716e-05 0.00070445 0.00468132 0.0212806 0.0662119 0.141072 0.205899 0.205904 0.141094 0.0662885 0.0215033 0.00524495 0.0019504 0.00248412 0.00410992 0.00618671 0.00834599 0.0102422 0.0116793 0.0126598 0.0132628 0.0134733 0.0131413 0.012112 0.0103961
 1.02124e-16 4.60024e-05 0.00044716 0.00297153 0.0135082 0.0420292 0.0895491 0.130708 0.130748 0.0897438 0.0426826 0.0153945 0.00770285 0.010764 0.0196056 0.0322508 0.0462485 0.0577318 0.0628003 0.0596749 0.049791 0.0368897 0.0248542 0.0159477 0.0104563 0.00745448
 1.05994e-16 3.33531e-05 0.000324204 0.00215445 0.00979386 0.0304726 0.0649265 0.0947709 0.0948126 0.0651303 0.0311572 0.011773 0.00712901 0.0112056 0.0207626 0.0344366 0.0499834 0.0636365 0.0715321 0.0718149 0.0656365 0.0561824 0.0465851 0.0384191 0.0316664 0.0256609
 1.05674e-16 5.9858e-05 0.000581841 0.00386654 0.0175767 0.0546878 0.116519 0.170066 0.170081 0.116595 0.0549429 0.0183149 0.00572434 0.00465385 0.00784177 0.0129966 0.0190159 0.0245451 0.0282351 0.0294569 0.0286241 0.0267945 0.024895 0.0232116 0.0214647 0.0192493
 1.03448e-16 5.52126e-05 0.000536686 0.00356647 0.0162127 0.0504437 0.107477 0.156871 0.156898 0.107608 0.0508844 0.0174852 0.00676015 0.00750683 0.013288 0.0218684 0.0314706 0.0395246 0.043454 0.0420845 0.0363502 0.0286661 0.0214856 0.0161588 0.0127498 0.0105946
 1.07982e-16 6.90727e-06 6.71412e-05 0.00044618 0.00202831 0.00631122 0.0134494 0.0196447 0.0197161 0.0137983 0.00748315 0.00541407 0.008948 0.0186369 0.0353039 0.0584302 0.0843464 0.106429 0.117896 0.115572 0.101723 0.0824024 0.0637267 0.0490224 0.0384899 0.0307082
 1.10998e-16 5.82986e-05 0.000566683 0.00376581 0.0171188 0.053263 0.113483 0.165632 0.165637 0.113506 0.0533423 0.0173517 0.00436561 0.00192633 0.00278822 0.00490375 0.0079626 0.0119081 0.0166774 0.0221846 0.0282048 0.0341746 0.0391219 0.0419093 0.0417131 0.0384352
 1.08084e-16 4.3309e-05 0.000420979 0.00279755 0.0127173 0.0395684 0.0843062 0.123055 0.123093 0.0844917 0.0401913 0.0145157 0.00730977 0.0102645 0.0187192 0.0308326 0.0443152 0.0555523 0.060925 0.0588491 0.0507814 0.0402991 0.030986 0.0247317 0.0214291 0.019804
 1.12271e-16 1.7965e-05 0.000174626 0.00116045 0.00527529 0.0164137 0.034973 0.0510551 0.0511075 0.0352294 0.0172751 0.0077658 0.00742116 0.0138721 0.0261209 0.0433864 0.0630375 0.0803956 0.0906575 0.0915521 0.0845816 0.0737712 0.0630174 0.0541784 0.0470366 0.0405237
 1.0775e-16 6.39882e-05 0.000621988 0.00413333 0.0187895 0.0584612 0.124558 0.181798 0.181806 0.124597 0.0585921 0.0191696 0.00509459 0.00274471 0.00416712 0.00697658 0.0104887 0.0141308 0.0173538 0.0199042 0.0219074 0.0236228 0.0250859 0.0259686 0.0257756 0.024189
 1.04749e-16 4.69881e-05 0.000456741 0.00303521 0.0137976 0.0429297 0.0914677 0.133507 0.133544 0.0916448 0.0435243 0.0155143 0.00734215 0.00985177 0.0178695 0.0294158 0.042253 0.0528997 0.0578557 0.055545 0.0472896 0.0364625 0.0265097 0.0193549 0.0151036 0.0127788
 1.10428e-16 9.74586e-06 9.47333e-05 0.000629539 0.00286183 0.00890455 0.0189744 0.0277067 0.0277689 0.0192784 0.00992583 0.00581391 0.00804828 0.0163183 0.0309043 0.0512911 0.0743848 0.0945741 0.106089 0.106189 0.096674 0.0824212 0.0682306 0.0565185 0.0472159 0.0391729
 1.3187e-16 1.62731e-05 0.000158181 0.00105117 0.00477846 0.0148676 0.0316777 0.0462382 0.0462555 0.0317625 0.0151543 0.0056158 0.00318872 0.00494318 0.00945372 0.0165223 0.0259602 0.0372008 0.0495978 0.0627968 0.0766067 0.0903322 0.102208 0.109655 0.110382 0.103576
 1.08585e-16 7.16999e-05 0.000696949 0.00463147 0.021054 0.0655068 0.139569 0.203706 0.203711 0.13959 0.0655764 0.0212557 0.00513993 0.0018147 0.00221848 0.00362053 0.00537459 0.00713447 0.00863118 0.0098212 0.0109382 0.0123248 0.0141524 0.0162386 0.0180911 0.0191304
pSPR Fmed_Fpbrs
0.509422   0.285572 0.285572
Fs Fmed_Fpbrs
0.468338   1.005 1.005
SSBpbr Bo_Bmed_Bpbrs
1.70132e+06  781626  400785 400785
Ro
99266.2
SPR SPRFo_SPRFmed_SPRFpbrs
709547 361459 202627
Fref
1.005
Nvult_r0
 197184 6134.76 2595.34 6961.17 2577.29
CTP_r0
 30004.7 1620.43 685.53 1838.71 680.761
YTP_r0
391257
Np
 197188 87533.6 2121.21 897.386 3025.37
Nvult_p0
 153299 75746.3 1835.56 776.544 2617.97
CTP_p0
 51269.9 37967.6 920.07 389.24 1312.25
YTP_p0
 1.0752e+06
CBA_c0
596439
log_Ro
11.3256
likeval ReclasPelacesDesembMPH_pf_preclas_ppelaces_ptallas_desvR_qrecl_qpela
 37.7645 41.217 0.240304 0.00231852 289.026 138.142 115.953 0 70.4855 0 0 0.818324 0 0 0
q_reclas_q_pelaces
1 1
M
1
N
 24339.6 196688 13.5501 14576.6 3.14692
 133097 7966.66 57279.4 3.94604 4245.91
 36468.6 38890.9 1848.98 13294 986.349
 25158 10556.7 8858.54 421.159 3252.76
 61922.2 3567.76 577.114 484.279 200.846
 250315 12964.5 425.118 68.7663 81.6363
 11410 65951.2 2446.37 80.2187 28.3806
 3786.36 1945.51 5212.13 193.337 8.58261
 71257.4 916.899 310.119 830.824 32.1864
 15095.5 16204.3 128.889 43.5937 121.314
 138075 3166.92 1938.67 15.4202 19.7294
 104266 46335.9 969.472 593.474 10.7602
 107159 27635.2 8848.19 185.128 115.383
 61822.2 28177.4 5194.04 1663.02 56.4811
 87969.1 11360.7 2586.52 476.781 157.84
 445635 21075.5 1772.53 403.557 99.0157
 68045.3 119246 4102.06 344.999 97.8189
 673354 21283.9 31713.4 1090.94 117.767
 454430 203146 5265.93 7846.36 299.051
 209225 133451 47622.5 1234.47 1909.49
 486453 61898.7 31750.7 11330.4 748.012
 611314 150297 16061.8 8238.83 3134.16
 37748.5 183815 36938.4 3947.5 2795.13
 340896 12336.5 53365 10723.9 1957.51
 266259 110137 3500.29 15141.5 3598.17
 64207.5 87085 32026.2 1017.83 5449.24
 367908 21264.9 25965.3 9548.95 1928.23
 332840 119221 6069.97 7411.67 3276.1
 38169.8 110965 36020.4 1833.93 3229.12
 26215.4 12955.3 34748.4 11279.7 1585.48
 284718 8255.97 3492.73 9368.12 3468.43
pred_Ctot
 1712.88 26406.4 1.81917 1956.99 0.42249
 17635.3 1929.3 13871.4 0.955617 1028.24
 5009.97 9731.72 462.672 3326.56 246.815
 10536.7 6546.03 5493.02 261.153 2016.98
 17648.1 1665.37 269.387 226.053 93.7513
 46139.9 4210.83 138.077 22.3351 26.5152
 4114.18 36806.5 1365.29 44.769 15.8388
 846.096 744.815 1995.4 74.0166 3.28574
 17880.7 386.383 130.684 350.11 13.5634
 4290.08 7546.94 60.0286 20.3032 56.5005
 7719.86 341.125 208.824 1.66099 2.12516
 18920.4 14846.2 310.622 190.151 3.44759
 19854.2 9016.02 2886.73 60.3982 37.6439
 20675 14875.4 2742.03 877.939 29.8174
 20078 4426.99 1007.9 185.79 61.5064
 78807.8 6602.42 555.289 126.424 31.0191
 6527 21442.7 737.629 62.0375 17.5897
 77827.1 4549.45 6778.79 233.19 25.1729
 59021.5 48311.8 1252.33 1866 71.1198
 26359.6 30869.3 11015.9 285.552 441.695
 49951 11859.9 6083.5 2170.93 143.321
 71748 32582 3481.94 1786.05 679.438
 2690.02 24974.2 5018.66 536.33 379.763
 26521.6 1821.74 7880.47 1583.61 289.068
 18851.4 14871.7 472.644 2044.56 485.86
 4082.67 10612.7 3902.88 124.039 664.074
 27995.4 3074.93 3754.61 1380.79 278.823
 19885.1 13686.7 696.841 850.871 376.101
 1879.45 10574 3432.41 174.757 307.705
 2415.67 2243.76 6018.16 1953.55 274.592
 30004.7 1620.43 685.53 1838.71 680.761
F
 0.11684 0.23368 0.23368 0.23368 0.23368
 0.230315 0.46063 0.46063 0.46063 0.46063
 0.23969 0.479379 0.479379 0.479379 0.479379
 0.953238 1.90648 1.90648 1.90648 1.90648
 0.563663 1.12733 1.12733 1.12733 1.12733
 0.333805 0.667611 0.667611 0.667611 0.667611
 0.768963 1.53793 1.53793 1.53793 1.53793
 0.418163 0.836326 0.836326 0.836326 0.836326
 0.481021 0.962043 0.962043 0.962043 0.962043
 0.561638 1.12328 1.12328 1.12328 1.12328
 0.0918818 0.183764 0.183764 0.183764 0.183764
 0.327852 0.655705 0.655705 0.655705 0.655705
 0.335789 0.671578 0.671578 0.671578 0.671578
 0.694104 1.38821 1.38821 1.38821 1.38821
 0.428875 0.85775 0.85775 0.85775 0.85775
 0.318311 0.636622 0.636622 0.636622 0.636622
 0.162224 0.324448 0.324448 0.324448 0.324448
 0.198346 0.396692 0.396692 0.396692 0.396692
 0.22531 0.45062 0.45062 0.45062 0.45062
 0.217909 0.435818 0.435818 0.435818 0.435818
 0.174529 0.349057 0.349057 0.349057 0.349057
 0.20168 0.403361 0.403361 0.403361 0.403361
 0.118388 0.236776 0.236776 0.236776 0.236776
 0.129857 0.259713 0.259713 0.259713 0.259713
 0.117584 0.235168 0.235168 0.235168 0.235168
 0.105061 0.210122 0.210122 0.210122 0.210122
 0.126853 0.253706 0.253706 0.253706 0.253706
 0.0984462 0.196892 0.196892 0.196892 0.196892
 0.0805416 0.161083 0.161083 0.161083 0.161083
 0.155411 0.310821 0.310821 0.310821 0.310821
 0.179476 0.358952 0.358952 0.358952 0.358952
YTP_r0W_actual
 255040 26413 19811.8 63987.3 26005.1
YTP_p0W_proyectada
 385549 612038 21511.2 11482.6 44616.5
CTP_r0_actual
 30004.7 1620.43 685.53 1838.71 680.761
CTP_p0_proyectada
 51269.9 37967.6 920.07 389.24 1312.25
Wmedp
 7.52 16.12 23.38 29.5 34
Frms_r0
 0.179476 0.358952 0.358952 0.358952 0.358952
Zrms_r0
 1.17948 1.35895 1.35895 1.35895 1.35895
nmprior
 8.19 8.8 8.5 0
nm_flota  nm_reclas  nm_pelaces    nm_pelaL
inf 6.90079 6.18304 10.6798
cv_recla  cv_pelaces  cv_mph
0.555862 0.727965 1.48597
 ------------------------------------------------
Talla a la edad & desviaci?n 
 8 13.2811 15.8009 17.003 17.5766
 0.8 1.32811 1.58009 1.7003 1.75766
