years
 1991 1992 1993 1994 1995 1996 1997 1998 1999 2000 2001 2002 2003 2004 2005 2006 2007 2008 2009 2010 2011 2012 2013 2014 2015 2016 2017 2018 2019 2020 2021
reclasobs
 0 0 0 0 0 0 0 0 0 252601 567819 844713 477998 351125 339783 2.1784e+06 2.13404e+06 4.81314e+06 1.55562e+06 2.62356e+06 3.21686e+06 3.843e+06 1.13348e+06 3.07943e+06 1.97215e+06 2.03268e+06 2.025e+06 2.42433e+06 2.27542e+06 1.05018e+06 2.36338e+06
reclaspred
 5.60354e+06 1.97064e+06 1.00597e+06 748431 331774 2.95318e+06 1.55837e+06 842576 534246 254129 447647 805998 776815 564080 435467 1.66356e+06 950545 3.94807e+06 2.97723e+06 1.99561e+06 3.15492e+06 2.98362e+06 1.72789e+06 3.19762e+06 2.31542e+06 1.69884e+06 2.24121e+06 3.07345e+06 2.38779e+06 891170 1.555e+06
pelacesobs
 0 0 0 0 0 0 0 0 0 0 0 0 0 0 0 552880 188675 0 991730 2.46772e+06 1.41603e+06 1.21717e+06 2.29649e+06 1.80582e+06 0 1.4828e+06 1.56532e+06 1.57751e+06 1.42118e+06 867257 1.10002e+06
pelacespred
 5.13453e+06 1.67271e+06 596809 304894 166974 1.57986e+06 901310 707458 296382 96934.2 237902 343925 379128 247726 187983 676281 464181 2.08551e+06 1.6982e+06 994847 1.61151e+06 1.51384e+06 1.065e+06 1.98286e+06 1.51946e+06 1.14824e+06 1.51358e+06 2.08998e+06 1.6946e+06 638324 843791
mphobs
 0 0 0 0 0 0 0 0 0 0 0 498337 0 5186 125008 0 168611 109162 213762 579715 649985 157893 87575 83554 0 0 0 0 0 0 0
mphpred
 1.11514e+06 510703 130886 109719 55500.3 31794.5 387939 133662 75816.9 34076.9 14927.8 60770.3 73534.7 53221.3 27900.3 30221.6 190439 80104.3 455253 238366 240315 285227 327740 164896 361038 263793 162707 228528 447876 210996 63943.6
desembarqueobs
 494567 514787 250237 358949 120608 361735 552515 73892 212993 205616 52469 317467 293654 387597 252695 516296 358380 742168 942051 627588 828172 859565 418607 520667 417249 300574 415391 372974 316634 284311 391294
desembarquepred
 494507 514550 249926 358758 120562 361591 552024 73880.2 212861 205474 52460.6 317257 293407 387051 252448 515877 358234 741586 940768 626611 827815 858760 418319 520437 416929 300379 415129 372738 316381 283975 391106
Reclutas
 52531.3 40369 138418 59646.1 24041.3 280670 36468.9 10739.2 26478.8 36886.3 44162.5 106356 82918.2 67505 44712.2 254961 25616.2 433941 224920 198669 225268 390721 34895.8 178696 137673 44453.6 136948 173738 37159.7 22082.7 118481
log_desv_Rt
 -0.400005 -0.663352 0.568861 -0.272985 -1.18164 1.27577 -0.764954 -1.98751 -1.08507 -0.753575 -0.573539 0.305377 0.0564397 -0.149214 -0.561167 1.17969 -1.11819 1.71149 1.05433 0.930223 1.05588 1.60658 -0.809048 0.82427 0.563467 -0.566969 0.558186 0.796133 -0.74619 -1.26662 0.413339
SSB
 1.42892e+06 654403 167714 140592 71116.7 40740.7 497095 171271 97150 43665.3 19128.2 77869.6 94225.7 68196.5 35750.8 38725.2 244024 102644 583351 305437 307933 365483 419958 211294 462625 338017 208489 292830 573897 270365 81935.8
BT
 1.89599e+06 1.00899e+06 450210 397536 162208 1.2868e+06 798470 312020 333808 242145 178807 444458 460809 539820 357366 819986 455010 1.91516e+06 1.65182e+06 967500 1.52691e+06 1.48635e+06 742926 1.56184e+06 990144 707245 1.21992e+06 1.4486e+06 839150 487424 847175
Ftot
 0.337588 0.935359 0.939577 1.58567 1.26047 0.507273 1.17188 0.337637 1.4232 2.47654 0.479768 1.42351 1.35878 2.24076 2.002 1.20459 1.25386 0.758674 1.12532 1.15366 0.98577 1.0769 0.853727 0.652187 0.673423 0.655414 0.729958 0.485947 0.483735 1.11462 0.986475
BD_Bspro_t
 0.947419 0.623841 0.279123 0.257003 0.127141 0.0984862 0.473946 0.214342 0.179938 0.110469 0.0691287 0.294852 0.221121 0.146847 0.0797438 0.0887158 0.266467 0.13323 0.383701 0.227974 0.195911 0.222824 0.260957 0.171617 0.340073 0.325212 0.27828 0.381335 0.518087 0.341848 0.166634
BD_Bspro
 2.55087 1.16823 0.2994 0.250982 0.126956 0.0727293 0.887404 0.30575 0.17343 0.0779503 0.0341472 0.139011 0.16821 0.121743 0.0638216 0.0691313 0.435627 0.183237 1.04139 0.545259 0.549716 0.652452 0.749699 0.377198 0.825868 0.603421 0.372191 0.522754 1.02451 0.48265 0.14627
BD_Bo
 1.09807 0.502886 0.128883 0.10804 0.0546508 0.0313078 0.382001 0.131616 0.0746564 0.0335553 0.0146993 0.0598401 0.0724092 0.0524066 0.0274733 0.029759 0.187524 0.0788781 0.448285 0.234717 0.236636 0.280861 0.322723 0.162372 0.355511 0.259755 0.160217 0.22503 0.44102 0.207766 0.0629648
BD_Brms
 5.81596 2.66354 0.682629 0.572235 0.289458 0.165822 2.02327 0.697106 0.395419 0.177726 0.0778552 0.316944 0.383516 0.277572 0.145512 0.157619 0.993225 0.417779 2.37435 1.24318 1.25335 1.48758 1.70931 0.860007 1.88297 1.37579 0.848591 1.19187 2.33587 1.10044 0.333494
Sel_flota
 0.677965 1 1 1 1
 0.677965 1 1 1 1
 0.677965 1 1 1 1
 0.677965 1 1 1 1
 0.677965 1 1 1 1
 0.677965 1 1 1 1
 0.677965 1 1 1 1
 0.677965 1 1 1 1
 0.677965 1 1 1 1
 0.677965 1 1 1 1
 0.677965 1 1 1 1
 0.677965 1 1 1 1
 0.677965 1 1 1 1
 0.677965 1 1 1 1
 0.677965 1 1 1 1
 0.677965 1 1 1 1
 0.677965 1 1 1 1
 0.677965 1 1 1 1
 0.677965 1 1 1 1
 0.677965 1 1 1 1
 0.677965 1 1 1 1
 0.677965 1 1 1 1
 0.677965 1 1 1 1
 0.677965 1 1 1 1
 0.677965 1 1 1 1
 0.677965 1 1 1 1
 0.677965 1 1 1 1
 0.677965 1 1 1 1
 0.677965 1 1 1 1
 0.677965 1 1 1 1
 0.677965 1 1 1 1
Sel_reclas
 0.731295 0.931957 0.9857 0.997126 0.999428
 0.731295 0.931957 0.9857 0.997126 0.999428
 0.731295 0.931957 0.9857 0.997126 0.999428
 0.731295 0.931957 0.9857 0.997126 0.999428
 0.731295 0.931957 0.9857 0.997126 0.999428
 0.731295 0.931957 0.9857 0.997126 0.999428
 0.731295 0.931957 0.9857 0.997126 0.999428
 0.731295 0.931957 0.9857 0.997126 0.999428
 0.731295 0.931957 0.9857 0.997126 0.999428
 0.731295 0.931957 0.9857 0.997126 0.999428
 0.731295 0.931957 0.9857 0.997126 0.999428
 0.731295 0.931957 0.9857 0.997126 0.999428
 0.731295 0.931957 0.9857 0.997126 0.999428
 0.731295 0.931957 0.9857 0.997126 0.999428
 0.731295 0.931957 0.9857 0.997126 0.999428
 0.731295 0.931957 0.9857 0.997126 0.999428
 0.731295 0.931957 0.9857 0.997126 0.999428
 0.731295 0.931957 0.9857 0.997126 0.999428
 0.731295 0.931957 0.9857 0.997126 0.999428
 0.731295 0.931957 0.9857 0.997126 0.999428
 0.731295 0.931957 0.9857 0.997126 0.999428
 0.731295 0.931957 0.9857 0.997126 0.999428
 0.731295 0.931957 0.9857 0.997126 0.999428
 0.731295 0.931957 0.9857 0.997126 0.999428
 0.731295 0.931957 0.9857 0.997126 0.999428
 0.731295 0.931957 0.9857 0.997126 0.999428
 0.731295 0.931957 0.9857 0.997126 0.999428
 0.731295 0.931957 0.9857 0.997126 0.999428
 0.731295 0.931957 0.9857 0.997126 0.999428
 0.731295 0.931957 0.9857 0.997126 0.999428
 0.731295 0.931957 0.9857 0.997126 0.999428
Sel_pelaces
 0.392847 0.765052 0.942488 0.98802 0.997596
 0.392847 0.765052 0.942488 0.98802 0.997596
 0.392847 0.765052 0.942488 0.98802 0.997596
 0.392847 0.765052 0.942488 0.98802 0.997596
 0.392847 0.765052 0.942488 0.98802 0.997596
 0.392847 0.765052 0.942488 0.98802 0.997596
 0.392847 0.765052 0.942488 0.98802 0.997596
 0.392847 0.765052 0.942488 0.98802 0.997596
 0.392847 0.765052 0.942488 0.98802 0.997596
 0.392847 0.765052 0.942488 0.98802 0.997596
 0.392847 0.765052 0.942488 0.98802 0.997596
 0.392847 0.765052 0.942488 0.98802 0.997596
 0.392847 0.765052 0.942488 0.98802 0.997596
 0.392847 0.765052 0.942488 0.98802 0.997596
 0.392847 0.765052 0.942488 0.98802 0.997596
 0.392847 0.765052 0.942488 0.98802 0.997596
 0.392847 0.765052 0.942488 0.98802 0.997596
 0.392847 0.765052 0.942488 0.98802 0.997596
 0.392847 0.765052 0.942488 0.98802 0.997596
 0.392847 0.765052 0.942488 0.98802 0.997596
 0.392847 0.765052 0.942488 0.98802 0.997596
 0.392847 0.765052 0.942488 0.98802 0.997596
 0.392847 0.765052 0.942488 0.98802 0.997596
 0.392847 0.765052 0.942488 0.98802 0.997596
 0.392847 0.765052 0.942488 0.98802 0.997596
 0.392847 0.765052 0.942488 0.98802 0.997596
 0.392847 0.765052 0.942488 0.98802 0.997596
 0.392847 0.765052 0.942488 0.98802 0.997596
 0.392847 0.765052 0.942488 0.98802 0.997596
 0.392847 0.765052 0.942488 0.98802 0.997596
 0.392847 0.765052 0.942488 0.98802 0.997596
pf_obs 
 0.8446 0.082 0.0669 0.0065 0
 0.8095 0.147 0.0364 0.0071 0
 0.9664 0.0169 0.016 0.0007 0
 0.9276 0.0648 0.0075 0.0001 0
 0.7033 0.2144 0.0806 0.0017 0
 0.9318 0.0425 0.0243 0.0014 0
 0.5671 0.3108 0.0964 0.0239 0.0018
 0.0768 0.2599 0.5324 0.112 0.0189
 0.490249 0.384438 0.106611 0.0170017 0.00170017
 0.7925 0.1577 0.0466 0.003 0.0002
 0.840416 0.127587 0.0312969 0.00059994 9.999e-05
 0.8084 0.0986 0.0794 0.0134 0.0002
 0.7335 0.1905 0.0724 0.0035 0.0001
 0.4001 0.4547 0.1325 0.0127 0
 0.49795 0.308269 0.164784 0.0264974 0.00249975
 0.9179 0.0499 0.0305 0.0017 0
 0.2467 0.6533 0.0926 0.0074 0
 0.9418 0.0223 0.034 0.0019 0
 0.707729 0.231977 0.0356964 0.0245975 0
 0.517169 0.277429 0.184464 0.0207286 0.00020938
 0.811772 0.124168 0.05621 0.00726502 0.000585176
 0.764997 0.148141 0.077277 0.00933861 0.000247198
 0.163321 0.427699 0.378323 0.0303852 0.000271297
 0.753843 0.0900009 0.118128 0.0371064 0.000921714
 0.721811 0.176058 0.0630433 0.0369309 0.00215725
 0.143369 0.312575 0.442814 0.0836902 0.0175525
 0.692698 0.0596174 0.167031 0.0765114 0.00414204
 0.394062 0.376323 0.152708 0.0712218 0.00568511
 0.125707 0.32114 0.495352 0.0537591 0.00404204
 0.23352 0.215282 0.420074 0.123614 0.00750983
 0.774587 0.0839891 0.0768558 0.0609784 0.00358967
pf_pred 
 0.285656 0.195265 0.459595 0.0594835 1.00998e-06
 0.433928 0.218761 0.094937 0.223453 0.0289211
 0.884787 0.0666335 0.0187738 0.0081474 0.0216585
 0.622575 0.351845 0.0147945 0.00416832 0.00661776
 0.659353 0.263933 0.0715146 0.00300708 0.00219234
 0.976997 0.0181429 0.00376594 0.00102041 7.41882e-05
 0.274938 0.714743 0.00813847 0.00168931 0.00049101
 0.343538 0.273959 0.377059 0.0042934 0.00115021
 0.750208 0.112867 0.0571425 0.078647 0.00113543
 0.878142 0.104501 0.00784231 0.0039704 0.00554348
 0.922631 0.0734851 0.00333067 0.00024995 0.000303227
 0.871756 0.121938 0.00598924 0.000271459 4.50855e-05
 0.802637 0.183872 0.0128281 0.000630078 3.3301e-05
 0.804922 0.17347 0.0201313 0.00140449 7.26304e-05
 0.860332 0.127168 0.0111156 0.00128998 9.4651e-05
 0.977572 0.0209596 0.00133734 0.000116895 1.45612e-05
 0.322005 0.669919 0.00754656 0.000481512 4.73313e-05
 0.974481 0.0121894 0.0131707 0.000148367 1.03971e-05
 0.640913 0.353704 0.00257124 0.00277824 3.34897e-05
 0.753316 0.189779 0.0560521 0.000407468 0.00044558
 0.81329 0.159024 0.0213001 0.00629107 9.57428e-05
 0.862048 0.122423 0.0132266 0.00177162 0.000531218
 0.257828 0.683019 0.0524941 0.00567151 0.000987442
 0.873502 0.0479469 0.0722905 0.00555596 0.000704781
 0.688117 0.287153 0.00937339 0.0141324 0.00122394
 0.444995 0.437594 0.108101 0.00352869 0.00578104
 0.847292 0.0877031 0.0512528 0.0126613 0.00109039
 0.786581 0.19307 0.011687 0.00682977 0.0018325
 0.332735 0.571725 0.0864299 0.00523182 0.00387776
 0.435181 0.252639 0.267482 0.0404363 0.00426192
 0.93286 0.0395796 0.0123276 0.0130518 0.00218105
pobs_RECLAS
 0 0 0 0 0
 0 0 0 0 0
 0 0 0 0 0
 0 0 0 0 0
 0 0 0 0 0
 0 0 0 0 0
 0 0 0 0 0
 0 0 0 0 0
 0 0 0 0 0
 0 0 0 0 0
 0.991045 0.00858322 0.000360255 1.14367e-05 0
 0.934742 0.0480273 0.0164251 0.00080598 0
 0.827803 0.169806 0.00239088 0 0
 0.941827 0.0461693 0.0120037 0 0
 0.791401 0.0380133 0.147996 0.0225897 0
 0.846168 0.0940531 0.0597789 0 0
 0.134021 0.677848 0.182769 0.00536245 0
 0.80878 0.0450904 0.141981 0.00414843 0
 0.846168 0.0940531 0.0597789 0 0
 0.905697 0.0802665 0.012482 0.00150086 5.37128e-05
 0.989698 0.0102097 9.19794e-05 0 0
 0.975433 0.0193895 0.00387452 0.00125025 5.28907e-05
 0.303575 0.632131 0.0575291 0.00676475 0
 0.966965 0.00978017 0.0227588 0.000495775 0
 0.843318 0.132988 0.00938335 0.0141283 0.000182051
 0.564624 0.303363 0.111486 0.0197234 0.00080311
 0.826376 0.0876187 0.0782897 0.00655872 0.00115652
 0.89761 0.0855135 0.0140674 0.00269457 0.000114338
 0.34875 0.467042 0.161289 0.0227151 0.000203297
 0.318654 0.224769 0.449479 0.00709798 0
 0.937255 0.0296025 0.0250945 0.00804832 0
ppred_RECLAS
 0.309791 0.180903 0.450344 0.0589618 1.00343e-06
 0.470725 0.196489 0.0901891 0.214739 0.0278574
 0.900252 0.0561205 0.0167236 0.00734179 0.019562
 0.675579 0.301137 0.0133926 0.00381706 0.00607408
 0.702368 0.227603 0.065227 0.00277449 0.00202744
 0.980181 0.0154339 0.00338837 0.000928746 6.76798e-05
 0.317394 0.672314 0.00809681 0.00170014 0.0004953
 0.372103 0.253494 0.369011 0.00425048 0.00114134
 0.783927 0.0942808 0.0504851 0.0702896 0.00101712
 0.908027 0.0781479 0.00620279 0.00317675 0.00444562
 0.933351 0.0631147 0.0030256 0.000229688 0.000279289
 0.894508 0.100018 0.00519589 0.000238231 3.96581e-05
 0.834476 0.153597 0.0113339 0.00056314 2.98319e-05
 0.84684 0.135318 0.0166093 0.00117221 6.07582e-05
 0.889737 0.0998666 0.00923264 0.00108387 7.97121e-05
 0.981622 0.0171084 0.00115456 0.000102089 1.27462e-05
 0.369475 0.622582 0.00741775 0.000478779 4.71713e-05
 0.977922 0.0102368 0.0116987 0.000133313 9.36377e-06
 0.685648 0.309342 0.00237843 0.0025997 3.14099e-05
 0.786944 0.161749 0.0505281 0.00037157 0.000407262
 0.839513 0.135473 0.0191921 0.00573415 8.74687e-05
 0.883278 0.102893 0.0117577 0.00159311 0.000478796
 0.293532 0.647113 0.0526026 0.0057491 0.00100326
 0.887828 0.0410224 0.065417 0.00508597 0.000646651
 0.723029 0.253694 0.00875874 0.0133588 0.00115961
 0.484791 0.401229 0.104834 0.0034617 0.00568437
 0.865839 0.0751232 0.0464328 0.0116035 0.00100161
 0.8119 0.169147 0.0108293 0.0064019 0.00172166
 0.368099 0.536894 0.0858448 0.00525663 0.00390515
 0.47693 0.226521 0.253659 0.0387912 0.00409796
 0.942532 0.0330019 0.0108716 0.0116437 0.00195025
pobs_PELACES
 0 0 0 0 0
 0 0 0 0 0
 0 0 0 0 0
 0 0 0 0 0
 0 0 0 0 0
 0 0 0 0 0
 0 0 0 0 0
 0 0 0 0 0
 0 0 0 0 0
 0 0 0 0 0
 0 0 0 0 0
 0 0 0 0 0
 0 0 0 0 0
 0 0 0 0 0
 0 0 0 0 0
 0 0 0 0 0
 0.505614 0.472636 0.0217494 0 0
 0 0 0 0 0
 0.443492 0.261883 0.143347 0.151278 0
 0.227955 0.32914 0.350689 0.0885471 0.00366901
 0.970185 0.0296113 0.000203453 0 0
 0.997202 0.00247181 0.000326279 0 0
 0.445219 0.490057 0.0546422 0.010081 0
 0.90214 0.0892962 0.00764917 0.000914606 0
 0 0 0 0 0
 0.581667 0.319106 0.0959925 0.00289975 0.000334073
 0.762889 0.0836404 0.116647 0.0363945 0.000428098
 0.88444 0.0763242 0.0277011 0.0115352 0
 0.521256 0.241999 0.230069 0.00667565 0
 0.616807 0.101726 0.260614 0.0208532 0
 0.833518 0.0704572 0.0857862 0.0102388 0
ppred_PELACES
 0.212951 0.183333 0.531589 0.0721253 1.23649e-06
 0.363945 0.210186 0.112371 0.277265 0.0362337
 0.857423 0.0739185 0.0256565 0.0116722 0.0313295
 0.61415 0.353463 0.0183096 0.00540792 0.00866899
 0.629425 0.272613 0.0909982 0.00401119 0.00295274
 0.97049 0.0221265 0.00565801 0.00160715 0.000117979
 0.255799 0.731059 0.0102549 0.00223145 0.000654873
 0.267874 0.26904 0.456168 0.00544512 0.0014729
 0.713892 0.112787 0.0703453 0.101496 0.0014795
 0.890963 0.0900622 0.00832623 0.00441906 0.00622969
 0.905271 0.0888968 0.00496368 0.000390494 0.00047832
 0.864858 0.127029 0.00768638 0.000365212 6.12443e-05
 0.790191 0.192378 0.0165343 0.00085135 4.54319e-05
 0.818282 0.157472 0.0225132 0.00164654 8.5973e-05
 0.865402 0.119989 0.0129206 0.00157189 0.000116454
 0.975167 0.0228515 0.00179621 0.00016459 2.0701e-05
 0.304198 0.685588 0.00951426 0.000636389 6.31617e-05
 0.966511 0.0142631 0.0189857 0.000224205 1.5864e-05
 0.615954 0.376803 0.00337444 0.00382225 4.65211e-05
 0.724336 0.20126 0.0732294 0.000558056 0.000616167
 0.787256 0.174827 0.0288479 0.00893196 0.000137252
 0.844766 0.134118 0.0178509 0.00250651 0.000758859
 0.226922 0.698172 0.0661036 0.00748691 0.00131615
 0.833772 0.0549294 0.102026 0.00822011 0.00105284
 0.643612 0.321264 0.012919 0.0204193 0.00178556
 0.388914 0.458783 0.139621 0.00477776 0.00790325
 0.809139 0.0992738 0.0714697 0.0185085 0.00160941
 0.744911 0.225218 0.0167948 0.0102889 0.00278737
 0.281274 0.595515 0.110906 0.00703773 0.00526684
 0.379782 0.244855 0.319365 0.0506121 0.00538613
 0.916885 0.0441768 0.0169506 0.0188134 0.00317434
pobs_pel_tallas
 0 0 0 0 0 0 0 0 0 0 0 0 0 0 0 0 0 0 0 0 0 0 0 0 0 0
 0 0 0 0 0 0 0 0 0 0 0 0 0 0 0 0 0 0 0 0 0 0 0 0 0 0
 0 0 0 0 0 0 0 0 0 0 0 0 0 0 0 0 0 0 0 0 0 0 0 0 0 0
 0 0 0 0 0 0 0 0 0 0 0 0 0 0 0 0 0 0 0 0 0 0 0 0 0 0
 0 0 0 0 0 0 0 0 0 0 0 0 0 0 0 0 0 0 0 0 0 0 0 0 0 0
 0 0 0 0 0 0 0 0 0 0 0 0 0 0 0 0 0 0 0 0 0 0 0 0 0 0
 0 0 0 0 0 0 0 0 0 0 0 0 0 0 0 0 0 0 0 0 0 0 0 0 0 0
 0 0 0 0 0 0 0 0 0 0 0 0 0 0 0 0 0 0 0 0 0 0 0 0 0 0
 0 0 0 0 0 0 0 0 0 0 0 0 0 0 0 0 0 0 0 0 0 0 0 0 0 0
 0 0 0 0 0 0 0 0 0 0 0 0 0 0 0 0 0 0 0 0 0 0 0 0 0 0
 0 0 0 0 0 0 0 0 0 0 0 0 0 0 0 0 0 0 0 0 0 0 0 0 0 0
 0 0 0 0 0 0 0 0 0 0 0 0 0 0 0 0 0 0 0 0 0 0 0 0 0 0
 0.00862536 0 0 0.000197151 0.00414017 0.0128641 0.00837892 0.0270097 0.101434 0.158115 0.152841 0.127902 0.109271 0.109419 0.0830992 0.0579132 0.0238553 0.00714673 0.00463305 0.00128148 0.00103504 0.000492878 0.000147863 0.000147863 4.92878e-05 0
 0 0 0 0 0 0 0 0 0 0 0 0 0 0 0 0 0 0 0 0 0 0 0 0 0 0
 0 0 0 0 0 0 0 0.0054083 0.00873648 0.0413646 0.0450493 0.0745869 0.0622846 0.0627006 0.0613931 0.0827291 0.12552 0.122667 0.0946155 0.0697135 0.0546179 0.0294188 0.0215738 0.0213955 0.0102223 0.00600262
 0 0 0 0 0.00359764 0.0251062 0.0480494 0.140153 0.205849 0.193036 0.1447 0.116669 0.0760912 0.0342217 0.00950174 0.001854 0.000860785 0 0 0 0.000165536 0 0.000143464 0 0 0
 0 0 0 0 0 0 0 0.000145254 0.000435761 0.0275982 0.070085 0.0708112 0.156366 0.174668 0.174014 0.160142 0.0824315 0.0480064 0.0283245 0.00493863 0.00203355 0 0 0 0 0
 0 0 0 0 0 0 0 0 0 0 0 0 0 0 0 0 0 0 0 0 0 0 0 0 0 0
 0 0 1.00437e-05 0.000401748 0.00122533 0.00171747 0.00176769 0.0269171 0.070346 0.194647 0.189555 0.159765 0.064822 0.0314167 0.0384472 0.0292271 0.0345202 0.0313363 0.0194345 0.0106764 0.0143323 0.0359363 0.0279516 0.0138201 0.00172751 0
 0 0.0021121 0.0136068 0.0755702 0.200478 0.177729 0.0527432 0.0373336 0.0318909 0.0142505 0.0149659 0.0166563 0.0217959 0.0798694 0.0677717 0.0528807 0.04013 0.0224614 0.0357745 0.0225083 0.00881397 0.00855152 0.00135912 0.000746735 0 0
 0 0 0 0 5.4009e-05 0.00500934 0.000945158 0.0243581 0.138947 0.33067 0.221406 0.137944 0.0707744 0.0437923 0.0131692 0.00525238 0.0047753 0.00276346 9.45158e-05 9.00151e-06 2.25038e-05 9.00151e-06 4.50075e-06 0 0 0
 0.000866109 0.00284123 0.00948549 0.0512746 0.133035 0.25785 0.225252 0.132002 0.0553304 0.0519788 0.0540692 0.017754 0.00435017 0.00159236 0.00146478 0.000404838 0.000125132 0.000115318 0.000107957 0.000100596 0 0 0 0 0 0
 0 0 0 0 0.00144013 0.00171154 0.00461396 0.0210425 0.0478622 0.0707936 0.0888783 0.103762 0.0637923 0.0337046 0.0602308 0.124433 0.169614 0.0934646 0.0462172 0.0250306 0.0313229 0.00938855 0.002487 0.000210481 0 0
 0 0.00764035 0.051015 0.0998891 0.058973 0.0496711 0.0374665 0.0718981 0.12319 0.153886 0.159021 0.0857701 0.0377988 0.023471 0.0147837 0.00900784 0.00315554 0.000888139 0.00291439 0.00214683 0.00393193 0.00274676 0.000635225 9.99891e-05 0 0
 0 0 0 0 0 0 0 0 0 0 0 0 0 0 0 0 0 0 0 0 0 0 0 0 0 0
 0 0 0 0 0 0 0 0 0 0 0 0 0 0 0 0 0 0 0 0 0 0 0 0 0 0
 0 0 0 0 0 0 0 0 0 0 0 0 0 0 0 0 0 0 0 0 0 0 0 0 0 0
 0 0 0 0 0 0 0 0 0 0 0 0 0 0 0 0 0 0 0 0 0 0 0 0 0 0
 0 0 0 0 0 0 0 0 0 0 0 0 0 0 0 0 0 0 0 0 0 0 0 0 0 0
 0 0 0 0 0 0 0 0 0 0 0 0 0 0 0 0 0 0 0 0 0 0 0 0 0 0
 0 0 0 0 0 0 0 0 0 0 0 0 0 0 0 0 0 0 0 0 0 0 0 0 0 0
ppred_pel_tallas
 1.22621e-16 1.75405e-05 0.0001705 0.00113304 0.00515063 0.0160256 0.0341449 0.0498394 0.0498579 0.0342356 0.0163323 0.00604671 0.0034211 0.00529362 0.0101231 0.017688 0.0277624 0.0396739 0.0525902 0.0658992 0.0791041 0.0912143 0.100306 0.103942 0.100376 0.0896521
 1.37235e-16 2.99777e-05 0.000291394 0.00193642 0.00880269 0.0273885 0.0583549 0.085175 0.0851955 0.0584552 0.0277258 0.0097801 0.00440261 0.00571886 0.0104715 0.0176312 0.0263032 0.0351061 0.0427783 0.0490759 0.0550068 0.0620159 0.0706791 0.0799255 0.0873576 0.0903919
 1.07232e-16 7.06248e-05 0.000686499 0.00456202 0.0207383 0.0645246 0.137477 0.200653 0.20066 0.137512 0.0646422 0.0210784 0.00541743 0.00255986 0.00364672 0.00596674 0.00871083 0.0112264 0.0129173 0.0135571 0.0134384 0.0131675 0.0132568 0.0138269 0.0145981 0.015106
 1.02629e-16 5.05868e-05 0.000491722 0.00326767 0.0148544 0.0462176 0.0984727 0.143731 0.143765 0.0986389 0.0467755 0.0164651 0.00730848 0.0093049 0.0167651 0.0275754 0.0395774 0.0494759 0.0539535 0.0514935 0.0433061 0.0325525 0.0225072 0.0150686 0.0104662 0.00791513
 1.03598e-16 5.18449e-05 0.000503951 0.00334893 0.0152238 0.047367 0.100921 0.147303 0.14733 0.10105 0.0477997 0.0164747 0.00649263 0.00737903 0.0131448 0.0217421 0.0315299 0.0400914 0.0449732 0.0450025 0.0409224 0.0347774 0.0285861 0.0233756 0.0191461 0.0154626
 1.00351e-16 7.9938e-05 0.000777026 0.00516361 0.023473 0.0730333 0.155605 0.227111 0.227113 0.155616 0.0730684 0.0235744 0.00541826 0.00133362 0.00113901 0.00176172 0.0025423 0.00322249 0.00359825 0.00357644 0.00322325 0.00271315 0.00221814 0.00182499 0.00152937 0.00128453
 1.00818e-16 2.107e-05 0.000204808 0.00136102 0.00618706 0.0192506 0.0410181 0.0598819 0.0599522 0.0413616 0.0204035 0.00951492 0.00970693 0.0183992 0.0345026 0.056815 0.0813926 0.101407 0.109916 0.103722 0.085336 0.0614022 0.0388992 0.0220173 0.0114833 0.00584357
 1.14029e-16 2.20645e-05 0.000214475 0.00142526 0.00647904 0.0201589 0.0429516 0.0626946 0.0627212 0.0430817 0.0205977 0.00775481 0.00465833 0.00737364 0.0139145 0.0237367 0.0359706 0.0489163 0.0606927 0.070169 0.0772164 0.0820069 0.0841109 0.0823969 0.0758985 0.0648373
 1.12488e-16 5.88024e-05 0.00057158 0.00379835 0.0172668 0.0537233 0.114464 0.167065 0.167076 0.114517 0.0539042 0.0177908 0.00511993 0.00347777 0.00564199 0.00940635 0.0139617 0.0184694 0.0221465 0.0247218 0.0265902 0.0284403 0.0306365 0.0328613 0.0342744 0.034015
 1.01761e-16 7.33874e-05 0.000713352 0.00474048 0.0215495 0.0670486 0.142854 0.208502 0.208511 0.142897 0.0671909 0.0219605 0.00577188 0.00296423 0.00434632 0.00706468 0.0101605 0.0127606 0.014034 0.0136097 0.0118026 0.00940735 0.0072261 0.00569205 0.00480515 0.0043139
 1.00287e-16 7.4566e-05 0.000724808 0.0048166 0.0218956 0.0681253 0.145149 0.21185 0.211859 0.14519 0.0682656 0.0223007 0.00583282 0.00294114 0.00427765 0.00693765 0.00994864 0.01243 0.0135396 0.0128898 0.0107784 0.00799529 0.00536432 0.00337139 0.0020916 0.0013504
 1.00302e-16 7.12372e-05 0.000692451 0.00460158 0.0209181 0.0650841 0.138669 0.202394 0.202406 0.138729 0.0652846 0.021497 0.00605387 0.00385994 0.00607837 0.0099136 0.014221 0.0177706 0.0193605 0.0184353 0.0154172 0.0114308 0.0076499 0.00476836 0.00289744 0.00179564
 1.0062e-16 6.5087e-05 0.000632669 0.00420431 0.0191122 0.0594652 0.126698 0.184923 0.184941 0.126788 0.0597691 0.0199895 0.00640547 0.00543469 0.00917567 0.0150415 0.0216027 0.02704 0.0295435 0.0282729 0.0238565 0.017973 0.0123668 0.00805864 0.00520211 0.00343843
 1.0087e-16 6.74008e-05 0.00065516 0.00435377 0.0197916 0.0615792 0.131201 0.191496 0.191511 0.131276 0.0618281 0.0205108 0.00615884 0.00459533 0.0075495 0.0123712 0.0178067 0.0223732 0.024603 0.0238114 0.0204931 0.0159772 0.0116298 0.00822873 0.00586854 0.00426402
 1.00581e-16 7.1282e-05 0.000692887 0.00460447 0.0209313 0.065125 0.138756 0.202521 0.202533 0.138813 0.0653146 0.0214788 0.00597841 0.00369096 0.0057615 0.00940229 0.0135139 0.0169434 0.0185658 0.0178597 0.0152126 0.0116587 0.00826619 0.00565037 0.00389183 0.00276294
 1.00078e-16 8.03232e-05 0.00078077 0.00518849 0.0235861 0.0733852 0.156355 0.228205 0.228207 0.156366 0.0734213 0.0236903 0.0054499 0.00135102 0.00116213 0.0017909 0.00256444 0.00320844 0.00350339 0.00334944 0.00282175 0.00212059 0.00145411 0.000944142 0.000608804 0.000404571
 1.00525e-16 2.50565e-05 0.000243558 0.00161853 0.00735766 0.0228928 0.0487779 0.0712066 0.0712725 0.0491 0.0239739 0.0104785 0.00944513 0.0173057 0.0323602 0.0532772 0.07632 0.095078 0.103036 0.0971922 0.0798967 0.0573806 0.0361926 0.0202727 0.0103173 0.00497865
 1.00577e-16 7.96102e-05 0.00077384 0.00514244 0.0233768 0.0727338 0.154967 0.226179 0.226181 0.154974 0.0727569 0.0234438 0.00531198 0.00114805 0.000802264 0.00123134 0.0018379 0.00245959 0.00298408 0.00335053 0.00356406 0.00365981 0.00364949 0.00350404 0.0031868 0.00270134
 1.00585e-16 5.07354e-05 0.000493166 0.00327726 0.014898 0.0463534 0.0987621 0.144154 0.14419 0.0989391 0.0469475 0.0166131 0.00757846 0.00986969 0.0178201 0.0292796 0.0419383 0.0522446 0.0566193 0.0534194 0.0439472 0.0316365 0.0200899 0.0114647 0.00612206 0.00329238
 1.02325e-16 5.96627e-05 0.000579942 0.00385392 0.0175194 0.0545094 0.116139 0.169512 0.169531 0.116234 0.054829 0.0184435 0.00617664 0.00566078 0.00973909 0.0160836 0.023341 0.0297158 0.0333976 0.033512 0.0305857 0.0260946 0.0214952 0.0175285 0.014207 0.0112516
 1.01797e-16 6.48452e-05 0.000630319 0.00418869 0.0190412 0.0592443 0.126227 0.184235 0.184252 0.126309 0.0595209 0.0198402 0.00619473 0.0050107 0.00838744 0.0137725 0.0198547 0.025012 0.0276347 0.0269779 0.0235936 0.0189385 0.0144859 0.0110372 0.00863353 0.00691236
 1.0093e-16 6.95823e-05 0.000676364 0.00449468 0.0204322 0.0635721 0.135448 0.197692 0.197705 0.135511 0.0637842 0.0210446 0.00603171 0.00403126 0.00643974 0.0105322 0.0151559 0.0190378 0.0209287 0.0202489 0.0174264 0.0136014 0.00994315 0.0071136 0.00518408 0.00389511
 1.0306e-16 1.86914e-05 0.000181687 0.00120738 0.0054886 0.0170774 0.0363878 0.0531231 0.0531903 0.0367163 0.0181803 0.00867324 0.00919842 0.0176167 0.0331028 0.0546213 0.0785048 0.0983428 0.107599 0.103236 0.0875314 0.0665482 0.0465656 0.0312247 0.0210265 0.014637
 1.03961e-16 6.86767e-05 0.000667562 0.00443618 0.0201663 0.0627447 0.133684 0.195118 0.195123 0.133711 0.0628347 0.0204279 0.00510014 0.00214046 0.00293465 0.00492166 0.00749877 0.0102939 0.0129466 0.0152431 0.01715 0.0186593 0.0196066 0.0196672 0.0185622 0.0162933
 1.02805e-16 5.30135e-05 0.00051531 0.00342442 0.0155669 0.0484347 0.103196 0.150625 0.150655 0.103347 0.0489417 0.0170309 0.00709692 0.00852521 0.0152444 0.0250646 0.0359784 0.0449926 0.0491047 0.0469547 0.0396617 0.0301074 0.0212534 0.0147799 0.0108281 0.0086174
 1.05964e-16 3.20345e-05 0.000311386 0.00206927 0.00940665 0.0292678 0.0623598 0.0910252 0.0910696 0.0625765 0.0299956 0.0115103 0.00735499 0.0118677 0.0220304 0.0365017 0.0528826 0.0671257 0.0750873 0.074795 0.0675354 0.0568224 0.0461473 0.0373198 0.0303713 0.0245344
 1.04217e-16 6.66477e-05 0.000647839 0.00430512 0.0195705 0.060891 0.129735 0.189354 0.189364 0.129782 0.06105 0.0200308 0.00546519 0.00319551 0.00494993 0.00819511 0.0120738 0.0157599 0.0184461 0.0197453 0.0198672 0.0193656 0.0186791 0.017862 0.0166815 0.0149165
 1.02046e-16 6.13574e-05 0.000596416 0.00396339 0.018017 0.0560577 0.119438 0.174327 0.174349 0.119544 0.0564134 0.0190441 0.00654041 0.00621866 0.0107291 0.0176148 0.0253101 0.0317077 0.0347076 0.0333519 0.0284042 0.0218483 0.0157194 0.0111678 0.0082925 0.00657605
 1.0495e-16 2.31683e-05 0.000225204 0.00149657 0.00680321 0.0211676 0.0451019 0.0658396 0.0658971 0.0453826 0.0221101 0.00952581 0.00833235 0.0151532 0.0283897 0.0469366 0.0677001 0.0853103 0.0942793 0.0920323 0.0803937 0.0642692 0.0486531 0.0363159 0.0275097 0.0211517
 1.15266e-16 3.12822e-05 0.000304074 0.00202068 0.00918573 0.0285803 0.0608943 0.088882 0.0889061 0.0610121 0.028977 0.0103374 0.00493345 0.00673554 0.0124594 0.0211062 0.0317023 0.0425833 0.0519874 0.0589844 0.0637671 0.0669845 0.0687612 0.068363 0.0647924 0.0577086
 1.02925e-16 7.55226e-05 0.000734107 0.0048784 0.0221765 0.0689993 0.14701 0.214567 0.214571 0.147031 0.0690696 0.02238 0.00539045 0.00185608 0.00221886 0.00358245 0.00523528 0.00676284 0.00780511 0.00821651 0.00814879 0.00792834 0.00782123 0.00787258 0.00792223 0.00774577
pSPR Fmed_Fpbrs
0.258597   0.238803 0.238803
Fs Fmed_Fpbrs
0.935807   1.005 1.005
SSBpbr Bo_Bmed_Bpbrs
1.30129e+06  271447  245689 245689
Ro
78367.9
SPR SPRFo_SPRFmed_SPRFpbrs
560168 144858 133770
Fref
1.005
Nvult_r0
 96150.5 3292.26 1025.42 1085.66 181.421
CTP_r0
 38533.8 1634.92 509.217 539.133 90.0931
YTP_r0
391106
Np
 95790.9 22330.6 523.428 163.028 196.284
Nvult_p0
 77962.1 19323.6 452.943 141.075 169.852
CTP_p0
 31593.5 9685.87 227.036 70.7134 85.138
YTP_p0
 404008
CBA_c0
394977
log_Ro
11.0892
likeval ReclasPelacesDesembMPH_pf_preclas_ppelaces_ptallas_desvR_qrecl_qpela
 13.4208 16.5 0.0983957 0.000855711 268.515 116.792 107.265 0 38.2773 0.000101547 0.000243524 0.0163897 0 0 0
q_reclas_q_pelaces
4.1702 9.20879
M
1
N
 52531.3 25415.5 59820.5 7742.32 0.131458
 40369 15371.8 6671.01 15701.6 2032.22
 138418 7876.8 2219.27 963.11 2560.27
 59646.1 26931 1132.41 319.053 506.538
 24041.3 7488.77 2029.14 85.3223 62.2049
 280670 3763.01 781.091 211.643 15.3873
 36468.9 73205.3 833.557 173.022 50.2901
 10739.2 6061.57 8342.73 94.995 25.4494
 26478.8 3142.43 1590.95 2189.67 31.6125
 36886.3 3711.61 278.537 141.018 196.889
 44162.5 2531.54 114.741 8.61072 10.4461
 106356 11735.4 576.408 26.1254 4.33906
 82918.2 14905.1 1039.87 51.0756 2.69946
 67505 12141.7 1409.06 98.305 5.08365
 44712.2 5436 475.156 55.1422 4.04602
 254961 4233.23 270.103 23.6095 2.94094
 25616.2 41448 466.907 29.7913 2.9284
 433941 4027.53 4351.78 49.0223 3.43535
 224920 95445.3 693.836 749.695 9.03704
 198669 38583.2 11395.7 82.8406 90.5889
 225268 33431.4 4477.91 1322.57 20.1279
 390721 42477.4 4589.29 614.704 184.318
 34895.8 69261.9 5323.2 575.122 100.132
 178696 7196.32 10850 833.891 105.78
 137673 42246.6 1379.03 2079.2 180.069
 44453.6 32082.9 7925.63 258.712 423.846
 136948 10486.6 6128.26 1513.9 130.377
 173738 30713.9 1859.19 1086.49 291.516
 37159.7 45974.8 6950.18 420.712 311.826
 22082.7 9848 10426.6 1576.22 166.132
 118481 3815.68 1188.44 1258.26 210.265
pred_Ctot
 6920.82 4730.85 11135 1441.16 0.0244696
 12608.9 6356.63 2758.63 6492.98 840.374
 43382.5 3267.14 920.509 399.479 1061.95
 27021.6 15271.1 642.127 180.918 287.23
 9343.95 3740.29 1013.46 42.6145 31.0685
 53091.2 985.907 204.646 55.4503 4.03148
 13462.5 34997.8 398.505 82.718 24.0426
 1415.04 1128.44 1553.11 17.6846 4.73776
 11180.1 1682.03 851.578 1172.05 16.921
 21531.1 2562.26 192.284 97.3498 135.92
 7958.73 633.891 28.7308 2.1561 2.61567
 44913.1 6282.29 308.568 13.9857 2.32282
 33936.8 7774.41 542.393 26.6408 1.40802
 37430.2 8066.63 936.139 65.3111 3.37743
 23307.1 3445.08 301.131 34.9465 2.56417
 95982.9 2057.92 131.307 11.4774 1.42969
 9919.55 20637.2 232.476 14.8333 1.45807
 114971 1438.12 1553.9 17.5045 1.22667
 80639.1 44502.7 323.511 349.556 4.21365
 72518.9 18269.4 5395.93 39.2255 42.8943
 73224.7 14317.7 1917.76 566.418 8.62022
 135655 19265 2081.4 278.789 83.5946
 10154.8 26901.3 2067.53 223.378 38.8914
 41834.7 2296.33 3462.21 266.092 33.7541
 33097.2 13811.6 450.843 679.744 58.8695
 10449.8 10276 2538.54 82.8642 135.756
 35169.1 3640.35 2127.38 525.539 45.2596
 31661.2 7771.4 470.422 274.91 73.7612
 6744.97 11589.6 1752.05 106.056 78.6072
 7862.48 4564.48 4832.64 730.569 77.0008
 38533.8 1634.92 509.217 539.133 90.0931
F
 0.228873 0.337588 0.337588 0.337588 0.337588
 0.634141 0.935359 0.935359 0.935359 0.935359
 0.637 0.939577 0.939577 0.939577 0.939577
 1.07503 1.58567 1.58567 1.58567 1.58567
 0.854553 1.26047 1.26047 1.26047 1.26047
 0.343913 0.507273 0.507273 0.507273 0.507273
 0.794492 1.17188 1.17188 1.17188 1.17188
 0.228906 0.337637 0.337637 0.337637 0.337637
 0.964879 1.4232 1.4232 1.4232 1.4232
 1.67901 2.47654 2.47654 2.47654 2.47654
 0.325266 0.479768 0.479768 0.479768 0.479768
 0.96509 1.42351 1.42351 1.42351 1.42351
 0.921206 1.35878 1.35878 1.35878 1.35878
 1.51916 2.24076 2.24076 2.24076 2.24076
 1.35728 2.002 2.002 2.002 2.002
 0.816669 1.20459 1.20459 1.20459 1.20459
 0.85007 1.25386 1.25386 1.25386 1.25386
 0.514354 0.758674 0.758674 0.758674 0.758674
 0.762925 1.12532 1.12532 1.12532 1.12532
 0.782142 1.15366 1.15366 1.15366 1.15366
 0.668317 0.98577 0.98577 0.98577 0.98577
 0.7301 1.0769 1.0769 1.0769 1.0769
 0.578797 0.853727 0.853727 0.853727 0.853727
 0.44216 0.652187 0.652187 0.652187 0.652187
 0.456557 0.673423 0.673423 0.673423 0.673423
 0.444348 0.655414 0.655414 0.655414 0.655414
 0.494886 0.729958 0.729958 0.729958 0.729958
 0.329455 0.485947 0.485947 0.485947 0.485947
 0.327955 0.483735 0.483735 0.483735 0.483735
 0.755676 1.11462 1.11462 1.11462 1.11462
 0.668795 0.986475 0.986475 0.986475 0.986475
YTP_r0W_actual
 327537 26649.2 14716.4 18761.8 3441.56
YTP_p0W_proyectada
 237583 156136 5308.11 2086.05 2894.69
CTP_r0_actual
 38533.8 1634.92 509.217 539.133 90.0931
CTP_p0_proyectada
 31593.5 9685.87 227.036 70.7134 85.138
Wmedp
 7.52 16.12 23.38 29.5 34
Frms_r0
 0.668795 0.986475 0.986475 0.986475 0.986475
Zrms_r0
 1.6688 1.98648 1.98648 1.98648 1.98648
nmprior
 8.19 8.8 8.5 0
nm_flota  nm_reclas  nm_pelaces    nm_pelaL
inf 22.3737 7.64141 14.0645
cv_recla  cv_pelaces  cv_mph
0.33137 0.46059 0.902753
 ------------------------------------------------
Talla a la edad & desviaci?n 
 8 13.2811 15.8009 17.003 17.5766
 0.8 1.32811 1.58009 1.7003 1.75766
