years
 1991 1992 1993 1994 1995 1996 1997 1998 1999 2000 2001 2002 2003 2004 2005 2006 2007 2008 2009 2010 2011 2012 2013 2014 2015 2016 2017 2018 2019 2020 2021
reclasobs
 0 0 0 0 0 0 0 0 0 252601 567819 844713 477998 351125 339783 2.1784e+06 2.13404e+06 4.81314e+06 1.55562e+06 2.62356e+06 3.21686e+06 3.843e+06 1.13348e+06 3.07943e+06 1.97215e+06 2.03268e+06 2.025e+06 2.42433e+06 2.27542e+06 1.05018e+06 2.36338e+06
reclaspred
 2.60546e+06 1.64822e+06 619182 412124 55337.5 1.87105e+06 586509 121402 670357 182615 267392 722888 536636 444280 295282 1.9034e+06 1.14216e+06 6.10972e+06 4.31321e+06 1.61612e+06 3.75822e+06 3.51951e+06 1.93707e+06 3.93101e+06 2.51438e+06 1.43707e+06 2.48539e+06 3.76127e+06 2.66435e+06 954853 1.51956e+06
pelacesobs
 0 0 0 0 0 0 0 0 0 0 0 0 0 0 0 552880 188675 0 991730 2.46772e+06 1.41603e+06 1.21717e+06 2.29649e+06 1.80582e+06 0 1.4828e+06 1.56532e+06 1.57751e+06 1.42118e+06 867257 1.10002e+06
pelacespred
 603075 355836 123406 59663.5 5200.57 409196 88475.5 22916.9 135823 25788.2 55245 127438 98083.1 83583.5 51815.6 349996 206175 1.43559e+06 980288 351942 813199 725942 403853 974350 581494 323328 664797 978657 578587 240428 351557
mphobs
 0 0 0 0 0 0 0 0 0 0 0 498337 0 5186 125008 0 168611 109162 213762 579715 649985 157893 87575 83554 0 0 0 0 0 0 0
mphpred
 569729 225788 146957 42194.5 20987.1 1978.16 176501 31953.8 7486.45 54766.4 7688.62 28228.8 62514.7 31546 19434.6 17585.3 217662 111697 691460 385521 174271 357884 382507 206800 407011 266767 131923 235081 490961 250406 73305.1
desembarqueobs
 494567 514787 250237 358949 120608 361735 552515 73892 212993 205616 52469 317467 293654 387597 252695 516296 358380 742168 942051 627588 828172 859565 418607 520667 417249 300574 415391 372974 316634 284311 391294
desembarquepred
 494475 514820 249583 358294 120460 361474 551647 73848.5 212792 205346 52446.3 317089 293221 386716 252270 515767 358187 741641 940525 626141 827466 858534 418282 520371 416883 300245 415051 372727 316414 283987 390980
Reclutas
 3866.89 190712 6121.93 83175.8 2676.9 285880 2895.24 793.87 66181.8 3822.67 42001.8 145168 64230.3 72748 42712.7 384283 6730.14 882337 233191 44780.7 408937 495171 8125.54 287348 149829 25049.3 222842 302721 13253.7 5808.87 155300
log_desv_Rt
 -2.49814 1.40017 -2.03872 0.570362 -2.86593 1.80498 -2.78753 -4.08143 0.341811 -2.50965 -0.112881 1.1273 0.311881 0.436406 -0.0960995 2.10078 -1.944 2.93198 1.60126 -0.0488178 2.16297 2.35431 -1.75558 1.8101 1.1589 -0.629748 1.55587 1.86222 -1.26632 -2.09121 1.19476
SSB
 1.48672e+06 589199 383490 110108 54766.4 5162.07 460585 83384.3 19536.1 142915 20063.7 73664 163134 82320.2 50715.1 45889.4 567995 291477 1.80438e+06 1.00603e+06 454766 933908 998162 539652 1.06211e+06 696137 344258 613450 1.28118e+06 653442 191292
BT
 1.85601e+06 1.33137e+06 515544 435949 106667 1.26459e+06 693530 123372 503474 239369 172969 554923 483292 594296 369868 1.21452e+06 758979 3.98158e+06 3.14243e+06 1.44902e+06 2.59262e+06 2.44455e+06 1.29157e+06 2.74148e+06 1.73978e+06 1.02363e+06 1.974e+06 2.62945e+06 1.5989e+06 866274 1.20067e+06
Ftot
 0.357958 0.740517 0.750624 2.01368 2.86313 0.65297 1.55427 1.06666 1.01765 1.83188 0.616169 1.25837 1.27005 2.19731 2.21243 0.880707 0.60478 0.390438 0.47999 0.747796 0.619639 0.623136 0.419149 0.377493 0.372216 0.425547 0.486644 0.287545 0.235072 0.555435 0.757961
BD_Bspro_t
 0.944746 0.624427 0.449369 0.207871 0.10485 0.0155256 0.459389 0.122117 0.0480703 0.277337 0.0752082 0.319722 0.330656 0.173005 0.109211 0.105211 0.455648 0.300323 0.652533 0.478208 0.275543 0.432717 0.474307 0.365936 0.556471 0.514213 0.41313 0.575049 0.711787 0.560678 0.328246
BD_Bspro
 4.42981 1.75556 1.14264 0.328074 0.163181 0.0153808 1.37235 0.24845 0.0582094 0.425825 0.0597812 0.219487 0.48607 0.245279 0.15111 0.136731 1.69238 0.868479 5.3763 2.99753 1.35501 2.78265 2.9741 1.60793 3.16463 2.07419 1.02574 1.82782 3.81736 1.94698 0.569969
BD_Bo
 0.947402 0.375462 0.244375 0.0701652 0.0348994 0.00328949 0.293504 0.0531359 0.0124492 0.0910711 0.0127854 0.0469417 0.103956 0.0524579 0.0323178 0.0292426 0.36195 0.185742 1.14983 0.641082 0.289796 0.595125 0.63607 0.343888 0.676818 0.443607 0.219375 0.390916 0.816418 0.4164 0.121899
BD_Brms
 4.19035 1.66067 1.08087 0.31034 0.15436 0.0145494 1.29816 0.23502 0.0550628 0.402806 0.0565497 0.207623 0.459795 0.232021 0.142941 0.12934 1.6009 0.821533 5.08568 2.8355 1.28176 2.63223 2.81333 1.52101 2.99356 1.96207 0.970294 1.72902 3.61101 1.84173 0.539158
Sel_flota
 0.548342 0.95845 0.997724 0.99988 0.999994
 0.548342 0.95845 0.997724 0.99988 0.999994
 0.548342 0.95845 0.997724 0.99988 0.999994
 0.548342 0.95845 0.997724 0.99988 0.999994
 0.548342 0.95845 0.997724 0.99988 0.999994
 0.548342 0.95845 0.997724 0.99988 0.999994
 0.548342 0.95845 0.997724 0.99988 0.999994
 0.548342 0.95845 0.997724 0.99988 0.999994
 0.548342 0.95845 0.997724 0.99988 0.999994
 0.548342 0.95845 0.997724 0.99988 0.999994
 0.548342 0.95845 0.997724 0.99988 0.999994
 0.548342 0.95845 0.997724 0.99988 0.999994
 0.548342 0.95845 0.997724 0.99988 0.999994
 0.548342 0.95845 0.997724 0.99988 0.999994
 0.548342 0.95845 0.997724 0.99988 0.999994
 0.548342 0.95845 0.997724 0.99988 0.999994
 0.548342 0.95845 0.997724 0.99988 0.999994
 0.548342 0.95845 0.997724 0.99988 0.999994
 0.548342 0.95845 0.997724 0.99988 0.999994
 0.548342 0.95845 0.997724 0.99988 0.999994
 0.548342 0.95845 0.997724 0.99988 0.999994
 0.548342 0.95845 0.997724 0.99988 0.999994
 0.548342 0.95845 0.997724 0.99988 0.999994
 0.548342 0.95845 0.997724 0.99988 0.999994
 0.548342 0.95845 0.997724 0.99988 0.999994
 0.548342 0.95845 0.997724 0.99988 0.999994
 0.548342 0.95845 0.997724 0.99988 0.999994
 0.548342 0.95845 0.997724 0.99988 0.999994
 0.548342 0.95845 0.997724 0.99988 0.999994
 0.548342 0.95845 0.997724 0.99988 0.999994
 0.548342 0.95845 0.997724 0.99988 0.999994
Sel_reclas
 1 1 1 1 1
 1 1 1 1 1
 1 1 1 1 1
 1 1 1 1 1
 1 1 1 1 1
 1 1 1 1 1
 1 1 1 1 1
 1 1 1 1 1
 1 1 1 1 1
 1 1 1 1 1
 1 1 1 1 1
 1 1 1 1 1
 1 1 1 1 1
 1 1 1 1 1
 1 1 1 1 1
 1 1 1 1 1
 1 1 1 1 1
 1 1 1 1 1
 1 1 1 1 1
 1 1 1 1 1
 1 1 1 1 1
 1 1 1 1 1
 1 1 1 1 1
 1 1 1 1 1
 1 1 1 1 1
 1 1 1 1 1
 1 1 1 1 1
 1 1 1 1 1
 1 1 1 1 1
 1 1 1 1 1
 1 1 1 1 1
Sel_pelaces
 1 1 1 1 1
 1 1 1 1 1
 1 1 1 1 1
 1 1 1 1 1
 1 1 1 1 1
 1 1 1 1 1
 1 1 1 1 1
 1 1 1 1 1
 1 1 1 1 1
 1 1 1 1 1
 1 1 1 1 1
 1 1 1 1 1
 1 1 1 1 1
 1 1 1 1 1
 1 1 1 1 1
 1 1 1 1 1
 1 1 1 1 1
 1 1 1 1 1
 1 1 1 1 1
 1 1 1 1 1
 1 1 1 1 1
 1 1 1 1 1
 1 1 1 1 1
 1 1 1 1 1
 1 1 1 1 1
 1 1 1 1 1
 1 1 1 1 1
 1 1 1 1 1
 1 1 1 1 1
 1 1 1 1 1
 1 1 1 1 1
pf_obs 
 0.8446 0.082 0.0669 0.0065 0
 0.8095 0.147 0.0364 0.0071 0
 0.9664 0.0169 0.016 0.0007 0
 0.9276 0.0648 0.0075 0.0001 0
 0.7033 0.2144 0.0806 0.0017 0
 0.9318 0.0425 0.0243 0.0014 0
 0.5671 0.3108 0.0964 0.0239 0.0018
 0.0768 0.2599 0.5324 0.112 0.0189
 0.490249 0.384438 0.106611 0.0170017 0.00170017
 0.7925 0.1577 0.0466 0.003 0.0002
 0.840416 0.127587 0.0312969 0.00059994 9.999e-05
 0.8084 0.0986 0.0794 0.0134 0.0002
 0.7335 0.1905 0.0724 0.0035 0.0001
 0.4001 0.4547 0.1325 0.0127 0
 0.49795 0.308269 0.164784 0.0264974 0.00249975
 0.9179 0.0499 0.0305 0.0017 0
 0.2467 0.6533 0.0926 0.0074 0
 0.9418 0.0223 0.034 0.0019 0
 0.707729 0.231977 0.0356964 0.0245975 0
 0.517169 0.277429 0.184464 0.0207286 0.00020938
 0.811772 0.124168 0.05621 0.00726502 0.000585176
 0.764997 0.148141 0.077277 0.00933861 0.000247198
 0.163321 0.427699 0.378323 0.0303852 0.000271297
 0.753843 0.0900009 0.118128 0.0371064 0.000921714
 0.721811 0.176058 0.0630433 0.0369309 0.00215725
 0.143369 0.312575 0.442814 0.0836902 0.0175525
 0.692698 0.0596174 0.167031 0.0765114 0.00414204
 0.394062 0.376323 0.152708 0.0712218 0.00568511
 0.125707 0.32114 0.495352 0.0537591 0.00404204
 0.23352 0.215282 0.420074 0.123614 0.00750983
 0.796117 0.104755 0.0508955 0.0450114 0.00322123
pf_pred 
 0.0231919 0.287862 0.568518 0.120427 9.09327e-07
 0.819918 0.00783881 0.0524796 0.0988725 0.0208907
 0.0709436 0.843712 0.00393143 0.0248592 0.0565541
 0.850205 0.0206416 0.117932 0.00051855 0.0107033
 0.164968 0.792872 0.00631102 0.0327498 0.0030992
 0.997445 0.00112856 0.00136281 9.58301e-06 5.40656e-05
 0.0270558 0.971749 0.000544273 0.000621945 2.89567e-05
 0.0732513 0.0626536 0.863118 0.000445842 0.000530836
 0.977322 0.00361415 0.00137089 0.0176726 1.99237e-05
 0.164884 0.827026 0.00136539 0.000485134 0.00623887
 0.948504 0.0184575 0.0327466 4.94416e-05 0.000242238
 0.897786 0.0995948 0.00097152 0.00163289 1.45e-05
 0.610703 0.37163 0.0172467 0.000156533 0.00026439
 0.78595 0.169476 0.0426865 0.00184184 4.47683e-05
 0.787077 0.196659 0.0131434 0.00298932 0.000131383
 0.980236 0.0182369 0.00142147 8.57953e-05 2.02574e-05
 0.0458821 0.945207 0.00826042 0.000605839 4.50499e-05
 0.963209 0.003183 0.03331 0.000276016 2.16862e-05
 0.350299 0.637196 0.00113011 0.0112748 0.000100506
 0.181308 0.415948 0.395382 0.000666877 0.00669438
 0.882501 0.0374228 0.0418295 0.03755 0.000696837
 0.732544 0.251203 0.00537298 0.00569115 0.00518856
 0.0314382 0.818125 0.141762 0.00287351 0.0058012
 0.809504 0.0110016 0.15274 0.0252152 0.0015388
 0.485836 0.458529 0.00336072 0.0444996 0.00777459
 0.178839 0.523669 0.266701 0.00186448 0.0289264
 0.847436 0.0448772 0.0698835 0.0339005 0.00390305
 0.726077 0.251034 0.00697782 0.0103353 0.00557568
 0.0642172 0.774788 0.148107 0.00393559 0.00895182
 0.0853973 0.100876 0.678779 0.12417 0.010778
 0.910371 0.0143738 0.00869723 0.0555461 0.0110119
pobs_RECLAS
 0 0 0 0 0
 0 0 0 0 0
 0 0 0 0 0
 0 0 0 0 0
 0 0 0 0 0
 0 0 0 0 0
 0 0 0 0 0
 0 0 0 0 0
 0 0 0 0 0
 0 0 0 0 0
 0.991045 0.00858322 0.000360255 1.14367e-05 0
 0.934742 0.0480273 0.0164251 0.00080598 0
 0.827803 0.169806 0.00239088 0 0
 0.941827 0.0461693 0.0120037 0 0
 0.791401 0.0380133 0.147996 0.0225897 0
 0.846168 0.0940531 0.0597789 0 0
 0.134021 0.677848 0.182769 0.00536245 0
 0.80878 0.0450904 0.141981 0.00414843 0
 0.846168 0.0940531 0.0597789 0 0
 0.905697 0.0802665 0.012482 0.00150086 5.37128e-05
 0.989698 0.0102097 9.19794e-05 0 0
 0.975433 0.0193895 0.00387452 0.00125025 5.28907e-05
 0.303575 0.632131 0.0575291 0.00676475 0
 0.966965 0.00978017 0.0227588 0.000495775 0
 0.843318 0.132988 0.00938335 0.0141283 0.000182051
 0.564624 0.303363 0.111486 0.0197234 0.00080311
 0.826376 0.0876187 0.0782897 0.00655872 0.00115652
 0.89761 0.0855135 0.0140674 0.00269457 0.000114338
 0.34875 0.467042 0.161289 0.0227151 0.000203297
 0.318654 0.224769 0.449479 0.00709798 0
 0.937255 0.0296025 0.0250945 0.00804832 0
ppred_RECLAS
 0.0415889 0.290896 0.551049 0.116465 8.79306e-07
 0.896218 0.00471969 0.030233 0.0568242 0.0120048
 0.122273 0.800444 0.00356848 0.0225105 0.0512043
 0.92422 0.0109721 0.0591933 0.000259466 0.00535473
 0.311465 0.656091 0.00487232 0.0251886 0.00238319
 0.998617 0.000625994 0.000723741 5.07729e-06 2.86416e-05
 0.0513239 0.947571 0.00050394 0.000574243 2.67318e-05
 0.133153 0.0612159 0.804723 0.000414628 0.000493606
 0.988122 0.00197189 0.00071405 0.009182 1.03502e-05
 0.283535 0.70991 0.00110925 0.000392949 0.00505257
 0.971505 0.0104985 0.0178375 2.68688e-05 0.000131627
 0.943288 0.0553284 0.000514078 0.000861768 7.6514e-06
 0.748522 0.240585 0.0106336 9.62574e-05 0.00016256
 0.885968 0.0913928 0.0216838 0.000932579 2.26637e-05
 0.886057 0.105715 0.006654 0.00150845 6.62865e-05
 0.98916 0.0100363 0.000747677 4.50175e-05 1.06279e-05
 0.0796707 0.912095 0.00763416 0.000558606 4.15326e-05
 0.979736 0.00182142 0.0182795 0.000151128 1.18725e-05
 0.490801 0.499816 0.000849666 0.0084576 7.53835e-05
 0.291282 0.367908 0.334596 0.000563009 0.005651
 0.933067 0.021968 0.0235146 0.0210597 0.000390769
 0.831861 0.158344 0.00324328 0.00342733 0.00312427
 0.0549604 0.803409 0.133482 0.00269956 0.00544937
 0.887054 0.00678681 0.0903663 0.0148847 0.000908253
 0.627676 0.333587 0.00234495 0.0309799 0.00541191
 0.282515 0.464526 0.226833 0.00158219 0.0245438
 0.91096 0.0269976 0.0402947 0.0195024 0.00224508
 0.824685 0.161232 0.00430019 0.00635514 0.00342807
 0.108663 0.743157 0.136343 0.00361499 0.00822162
 0.148259 0.097618 0.629301 0.114854 0.00996809
 0.950476 0.0082565 0.00477943 0.0304518 0.00603622
pobs_PELACES
 0 0 0 0 0
 0 0 0 0 0
 0 0 0 0 0
 0 0 0 0 0
 0 0 0 0 0
 0 0 0 0 0
 0 0 0 0 0
 0 0 0 0 0
 0 0 0 0 0
 0 0 0 0 0
 0 0 0 0 0
 0 0 0 0 0
 0 0 0 0 0
 0 0 0 0 0
 0 0 0 0 0
 0 0 0 0 0
 0.505614 0.472636 0.0217494 0 0
 0 0 0 0 0
 0.443492 0.261883 0.143347 0.151278 0
 0.227955 0.32914 0.350689 0.0885471 0.00366901
 0.970185 0.0296113 0.000203453 0 0
 0.997202 0.00247181 0.000326279 0 0
 0.445219 0.490057 0.0546422 0.010081 0
 0.90214 0.0892962 0.00764917 0.000914606 0
 0 0 0 0 0
 0.581667 0.319106 0.0959925 0.00289975 0.000334073
 0.762889 0.0836404 0.116647 0.0363945 0.000428098
 0.88444 0.0763242 0.0277011 0.0115352 0
 0.521256 0.241999 0.230069 0.00667565 0
 0.616807 0.101726 0.260614 0.0208532 0
 0.833518 0.0704572 0.0857862 0.0102388 0
ppred_PELACES
 0.0436993 0.291204 0.549077 0.116019 8.75925e-07
 0.90599 0.00431617 0.0273841 0.0514425 0.0108676
 0.133704 0.790729 0.00349104 0.0220102 0.050065
 0.942461 0.00851968 0.0447786 0.000196 0.00404465
 0.400352 0.57242 0.0040961 0.0211327 0.00199922
 0.998739 0.000573119 0.000657026 4.60712e-06 2.59887e-05
 0.0625886 0.936342 0.000488037 0.000555507 2.58581e-05
 0.152366 0.0606328 0.786115 0.000404733 0.000481806
 0.989752 0.00172102 0.00061504 0.0079031 8.90827e-06
 0.336518 0.65756 0.00100334 0.00035497 0.00456391
 0.973854 0.00968193 0.0163192 2.4571e-05 0.000120367
 0.951759 0.0470836 0.000430395 0.000720842 6.39985e-06
 0.7796 0.211003 0.00917383 8.29683e-05 0.000140111
 0.913187 0.069969 0.0161347 0.000692839 1.68361e-05
 0.913138 0.0807559 0.00493934 0.00111798 4.91237e-05
 0.990375 0.00891959 0.00065694 3.95295e-05 9.33193e-06
 0.0858878 0.905997 0.00752392 0.000550303 4.09143e-05
 0.980846 0.00172963 0.0172707 0.000142748 1.1214e-05
 0.50707 0.483905 0.000817517 0.00813481 7.25052e-05
 0.313607 0.357981 0.322428 0.000542245 0.00544244
 0.938438 0.0203172 0.0215736 0.0193128 0.000358347
 0.843393 0.147556 0.00299799 0.00316672 0.00288664
 0.0580267 0.801455 0.132436 0.0026776 0.00540497
 0.892518 0.00648851 0.0859729 0.0141572 0.00086385
 0.639492 0.32317 0.00226079 0.0298602 0.00521623
 0.294739 0.457504 0.222176 0.00154923 0.0240322
 0.916503 0.0254306 0.0377173 0.0182486 0.00210071
 0.830284 0.156131 0.00414866 0.00612993 0.00330655
 0.111833 0.740891 0.135514 0.0035924 0.00817016
 0.158862 0.0970247 0.620989 0.113292 0.00983234
 0.955454 0.00749057 0.00429367 0.0273421 0.00541965
pobs_pel_tallas
 0 0 0 0 0 0 0 0 0 0 0 0 0 0 0 0 0 0 0 0 0 0 0 0 0 0
 0 0 0 0 0 0 0 0 0 0 0 0 0 0 0 0 0 0 0 0 0 0 0 0 0 0
 0 0 0 0 0 0 0 0 0 0 0 0 0 0 0 0 0 0 0 0 0 0 0 0 0 0
 0 0 0 0 0 0 0 0 0 0 0 0 0 0 0 0 0 0 0 0 0 0 0 0 0 0
 0 0 0 0 0 0 0 0 0 0 0 0 0 0 0 0 0 0 0 0 0 0 0 0 0 0
 0 0 0 0 0 0 0 0 0 0 0 0 0 0 0 0 0 0 0 0 0 0 0 0 0 0
 0 0 0 0 0 0 0 0 0 0 0 0 0 0 0 0 0 0 0 0 0 0 0 0 0 0
 0 0 0 0 0 0 0 0 0 0 0 0 0 0 0 0 0 0 0 0 0 0 0 0 0 0
 0 0 0 0 0 0 0 0 0 0 0 0 0 0 0 0 0 0 0 0 0 0 0 0 0 0
 0 0 0 0 0 0 0 0 0 0 0 0 0 0 0 0 0 0 0 0 0 0 0 0 0 0
 0 0 0 0 0 0 0 0 0 0 0 0 0 0 0 0 0 0 0 0 0 0 0 0 0 0
 0 0 0 0 0 0 0 0 0 0 0 0 0 0 0 0 0 0 0 0 0 0 0 0 0 0
 0.00862536 0 0 0.000197151 0.00414017 0.0128641 0.00837892 0.0270097 0.101434 0.158115 0.152841 0.127902 0.109271 0.109419 0.0830992 0.0579132 0.0238553 0.00714673 0.00463305 0.00128148 0.00103504 0.000492878 0.000147863 0.000147863 4.92878e-05 0
 0 0 0 0 0 0 0 0 0 0 0 0 0 0 0 0 0 0 0 0 0 0 0 0 0 0
 0 0 0 0 0 0 0 0.0054083 0.00873648 0.0413646 0.0450493 0.0745869 0.0622846 0.0627006 0.0613931 0.0827291 0.12552 0.122667 0.0946155 0.0697135 0.0546179 0.0294188 0.0215738 0.0213955 0.0102223 0.00600262
 0 0 0 0 0.00359764 0.0251062 0.0480494 0.140153 0.205849 0.193036 0.1447 0.116669 0.0760912 0.0342217 0.00950174 0.001854 0.000860785 0 0 0 0.000165536 0 0.000143464 0 0 0
 0 0 0 0 0 0 0 0.000145254 0.000435761 0.0275982 0.070085 0.0708112 0.156366 0.174668 0.174014 0.160142 0.0824315 0.0480064 0.0283245 0.00493863 0.00203355 0 0 0 0 0
 0 0 0 0 0 0 0 0 0 0 0 0 0 0 0 0 0 0 0 0 0 0 0 0 0 0
 0 0 1.00437e-05 0.000401748 0.00122533 0.00171747 0.00176769 0.0269171 0.070346 0.194647 0.189555 0.159765 0.064822 0.0314167 0.0384472 0.0292271 0.0345202 0.0313363 0.0194345 0.0106764 0.0143323 0.0359363 0.0279516 0.0138201 0.00172751 0
 0 0.0021121 0.0136068 0.0755702 0.200478 0.177729 0.0527432 0.0373336 0.0318909 0.0142505 0.0149659 0.0166563 0.0217959 0.0798694 0.0677717 0.0528807 0.04013 0.0224614 0.0357745 0.0225083 0.00881397 0.00855152 0.00135912 0.000746735 0 0
 0 0 0 0 5.4009e-05 0.00500934 0.000945158 0.0243581 0.138947 0.33067 0.221406 0.137944 0.0707744 0.0437923 0.0131692 0.00525238 0.0047753 0.00276346 9.45158e-05 9.00151e-06 2.25038e-05 9.00151e-06 4.50075e-06 0 0 0
 0.000866109 0.00284123 0.00948549 0.0512746 0.133035 0.25785 0.225252 0.132002 0.0553304 0.0519788 0.0540692 0.017754 0.00435017 0.00159236 0.00146478 0.000404838 0.000125132 0.000115318 0.000107957 0.000100596 0 0 0 0 0 0
 0 0 0 0 0.00144013 0.00171154 0.00461396 0.0210425 0.0478622 0.0707936 0.0888783 0.103762 0.0637923 0.0337046 0.0602308 0.124433 0.169614 0.0934646 0.0462172 0.0250306 0.0313229 0.00938855 0.002487 0.000210481 0 0
 0 0.00764035 0.051015 0.0998891 0.058973 0.0496711 0.0374665 0.0718981 0.12319 0.153886 0.159021 0.0857701 0.0377988 0.023471 0.0147837 0.00900784 0.00315554 0.000888139 0.00291439 0.00214683 0.00393193 0.00274676 0.000635225 9.99891e-05 0 0
 0 0 0 0 0 0 0 0 0 0 0 0 0 0 0 0 0 0 0 0 0 0 0 0 0 0
 0 0 0 0 0 0 0 0 0 0 0 0 0 0 0 0 0 0 0 0 0 0 0 0 0 0
 0 0 0 0 0 0 0 0 0 0 0 0 0 0 0 0 0 0 0 0 0 0 0 0 0 0
 0 0 0 0 0 0 0 0 0 0 0 0 0 0 0 0 0 0 0 0 0 0 0 0 0 0
 0 0 0 0 0 0 0 0 0 0 0 0 0 0 0 0 0 0 0 0 0 0 0 0 0 0
 0 0 0 0 0 0 0 0 0 0 0 0 0 0 0 0 0 0 0 0 0 0 0 0 0 0
 0 0 0 0 0 0 0 0 0 0 0 0 0 0 0 0 0 0 0 0 0 0 0 0 0 0
ppred_pel_tallas
 1.27555e-16 3.59952e-06 3.49886e-05 0.000232513 0.00105699 0.00328884 0.00700828 0.0102348 0.0102637 0.00714983 0.00376648 0.00244713 0.00376178 0.00787143 0.015274 0.0262587 0.0401942 0.0555005 0.0704262 0.0839808 0.0960715 0.106611 0.114487 0.11755 0.113787 0.10274
 1.0779e-16 7.46252e-05 0.000725383 0.00482043 0.021913 0.0681793 0.145263 0.212016 0.212017 0.145266 0.0681875 0.0219373 0.00488481 0.000877155 0.000396862 0.000630238 0.00112601 0.00191305 0.00309992 0.00480304 0.00708437 0.00986915 0.0128864 0.0156841 0.0177368 0.0186087
 1.10983e-16 1.10132e-05 0.000107052 0.000711405 0.00323399 0.0100625 0.0214421 0.0313114 0.0313874 0.0218137 0.0113096 0.00683395 0.00974031 0.0197927 0.0373265 0.0615084 0.0881872 0.110051 0.119699 0.113827 0.0953231 0.0715045 0.0499171 0.0348778 0.026726 0.023295
 1.01999e-16 7.76293e-05 0.000754584 0.00501448 0.0227951 0.070924 0.151111 0.220551 0.220552 0.151115 0.0709389 0.022839 0.00512788 0.00101295 0.000599889 0.000951118 0.00155384 0.0023518 0.00333203 0.00446986 0.0056999 0.00688236 0.00780318 0.00823682 0.00804678 0.0072583
 1.02723e-16 3.29766e-05 0.000320544 0.00213013 0.00968331 0.0301287 0.0641943 0.093705 0.0937601 0.0644633 0.0310314 0.0122891 0.00866546 0.0145685 0.0270378 0.0445045 0.063777 0.0795155 0.0863158 0.0817186 0.0677344 0.0495899 0.0327253 0.0203334 0.0128378 0.00893719
 1.00025e-16 8.22648e-05 0.000799643 0.00531391 0.0241563 0.0751591 0.160134 0.233721 0.233721 0.160135 0.07516 0.024159 0.00532069 0.000814575 0.000111031 5.43999e-05 7.27745e-05 9.62757e-05 0.000115486 0.000127759 0.000133597 0.000134993 0.000133124 0.000127388 0.000116459 0.000100103
 1.00314e-16 5.15554e-06 5.01137e-05 0.000333028 0.00151395 0.00471095 0.0100405 0.0146733 0.0147633 0.0104803 0.00618709 0.00577477 0.0110177 0.0233398 0.0441334 0.0726827 0.104067 0.12953 0.140158 0.131848 0.107839 0.0767048 0.0474716 0.0255957 0.012064 0.00501644
 1.22824e-16 1.25502e-05 0.000121992 0.000810682 0.00368525 0.0114662 0.0244302 0.0356581 0.0356651 0.0244652 0.0115871 0.00404965 0.00178266 0.00243282 0.00495304 0.00960168 0.0171515 0.0284465 0.044064 0.0637979 0.0860119 0.107308 0.123081 0.129085 0.123311 0.107022
 1.00813e-16 8.15246e-05 0.000792448 0.00526609 0.0239389 0.0744828 0.158693 0.231618 0.231618 0.158694 0.0744856 0.023947 0.00528669 0.000838129 0.000170559 0.00015935 0.000237947 0.000336663 0.00044981 0.000586381 0.000763855 0.000995453 0.00127353 0.00156092 0.00179819 0.00192465
 1.01006e-16 2.77187e-05 0.000269436 0.0017905 0.00813938 0.025325 0.0539599 0.0787693 0.0788325 0.0542688 0.0263617 0.0111317 0.00929445 0.0166264 0.0310214 0.0510541 0.0731053 0.0910135 0.0985248 0.0927685 0.0760295 0.0543327 0.0340133 0.0188852 0.00961059 0.00484445
 1.00497e-16 8.02151e-05 0.000779719 0.00518151 0.0235544 0.0732864 0.156144 0.227898 0.227899 0.156149 0.0733022 0.0236003 0.00529781 0.00103722 0.000579801 0.000858925 0.00129284 0.00175658 0.00217728 0.00251379 0.00276159 0.00292747 0.00299704 0.00293088 0.00269534 0.00229887
 1.00098e-16 7.83951e-05 0.000762028 0.00506395 0.02302 0.0716237 0.152602 0.222728 0.222733 0.152624 0.0716979 0.0232343 0.00560143 0.00193376 0.002299 0.00366427 0.00524196 0.00653103 0.00708037 0.00668494 0.00550785 0.00397816 0.00254535 0.00147758 0.000818143 0.000469068
 1.00351e-16 6.42147e-05 0.000624189 0.00414796 0.018856 0.0586682 0.125 0.182445 0.182465 0.125099 0.0590012 0.0198172 0.00655897 0.00588175 0.0100325 0.0164399 0.0235717 0.0294211 0.0319887 0.0303508 0.0252163 0.0184716 0.0120914 0.00725187 0.00415109 0.00238507
 1.00556e-16 7.5218e-05 0.000731146 0.00485872 0.022087 0.068721 0.146418 0.213702 0.213709 0.146451 0.0688318 0.0224073 0.00566294 0.00248811 0.00341591 0.0055381 0.00799309 0.0100968 0.0112034 0.0110088 0.0097181 0.00789115 0.00609454 0.00463827 0.00354868 0.00271037
 1.00284e-16 7.5214e-05 0.000731106 0.00485846 0.0220859 0.0687173 0.14641 0.213691 0.213699 0.146448 0.0688448 0.0224539 0.00578182 0.00274506 0.00389495 0.00630659 0.00904576 0.0113079 0.012329 0.0117575 0.00986335 0.00736133 0.00499496 0.00320013 0.00204069 0.0013566
 1.00027e-16 8.15758e-05 0.000792946 0.00526941 0.023954 0.0745297 0.158793 0.231764 0.231765 0.158798 0.0745437 0.0239946 0.00537142 0.00101548 0.000503701 0.000702247 0.00100044 0.00125097 0.00136501 0.00130338 0.00109546 0.000819666 0.00055759 0.000357178 0.000225797 0.000146551
 1.00511e-16 7.07466e-06 6.87683e-05 0.000456993 0.00207748 0.00646428 0.013776 0.0201248 0.0202119 0.0142017 0.00789281 0.00620101 0.0107979 0.0226109 0.0427239 0.0703713 0.100787 0.125512 0.13593 0.128071 0.105055 0.0751389 0.0470125 0.0259131 0.0127769 0.00581637
 1.00516e-16 8.0791e-05 0.000785317 0.00521871 0.0237235 0.0738126 0.157265 0.229534 0.229534 0.157266 0.0738158 0.0237333 0.00524461 0.000846011 0.000208174 0.000247737 0.000421914 0.000681364 0.00103036 0.00146269 0.00194397 0.00240319 0.0027427 0.0028708 0.00274271 0.00238445
 1.00976e-16 4.17668e-05 0.000405988 0.00269793 0.0122644 0.0381595 0.0813046 0.118676 0.118723 0.0815319 0.0389224 0.0144667 0.00822076 0.012445 0.0228552 0.0375851 0.0538278 0.0670388 0.0726238 0.0684795 0.0562916 0.0404884 0.0257112 0.0147332 0.00800313 0.00450246
 1.10372e-16 2.58315e-05 0.000251091 0.00166859 0.00758519 0.0236005 0.0502847 0.0733993 0.0734342 0.0504555 0.0241753 0.00925054 0.00586866 0.00948516 0.0177534 0.0298031 0.0440726 0.057784 0.06801 0.0732189 0.0739059 0.0717373 0.0680364 0.062987 0.0560805 0.0471263
 1.02626e-16 7.72979e-05 0.000751363 0.00499307 0.0226978 0.0706212 0.150466 0.21961 0.219612 0.150476 0.0706541 0.0227932 0.00523441 0.00128427 0.00110748 0.00175676 0.0026384 0.00356556 0.0044083 0.00512061 0.0057546 0.0063898 0.00703043 0.00756132 0.0077993 0.00759666
 1.00931e-16 6.94692e-05 0.000675265 0.00448737 0.020399 0.0634688 0.135228 0.197372 0.197386 0.135297 0.0637016 0.0210709 0.00617263 0.00434978 0.00703513 0.011487 0.0164626 0.0205399 0.0223246 0.0211833 0.017632 0.0130122 0.00871944 0.00557045 0.00367125 0.00268569
 1.0521e-16 4.77975e-06 4.64609e-05 0.000308753 0.00140359 0.00436751 0.00930831 0.0136019 0.0136792 0.00968586 0.0056353 0.00506561 0.00950176 0.0201174 0.0381301 0.0630455 0.090851 0.1143 0.125967 0.12237 0.105986 0.0834989 0.0617592 0.0446362 0.0325754 0.0241551
 1.04049e-16 7.35155e-05 0.000714597 0.00474875 0.0215871 0.0671655 0.143103 0.208864 0.208864 0.143107 0.0671786 0.0216267 0.00485478 0.00096792 0.000618749 0.00107406 0.00193103 0.00324512 0.00510409 0.00751753 0.0103311 0.0131744 0.0155062 0.0167813 0.0166677 0.015193
 1.04026e-16 5.26742e-05 0.000512012 0.0034025 0.0154673 0.0481247 0.102536 0.149661 0.149692 0.102688 0.0486345 0.016939 0.00709402 0.0085617 0.0153149 0.02517 0.0361057 0.045108 0.0491641 0.0469325 0.039588 0.0300905 0.0214657 0.0154049 0.011986 0.0103056
 1.10751e-16 2.42774e-05 0.000235985 0.0015682 0.00712885 0.0221807 0.0472601 0.0689867 0.0690311 0.0474768 0.0229093 0.00923612 0.00686931 0.0118465 0.0221864 0.0369301 0.0538693 0.0691368 0.0787436 0.080759 0.076306 0.0685008 0.0602852 0.0529469 0.0462187 0.0393633
 1.03281e-16 7.54911e-05 0.000733801 0.00487636 0.0221672 0.0689705 0.146949 0.214477 0.21448 0.146961 0.069012 0.0222877 0.0051818 0.00141037 0.00138943 0.0022541 0.00342084 0.00468601 0.00589576 0.00698453 0.00798682 0.00895086 0.00982632 0.010434 0.0105504 0.0100387
 1.01335e-16 6.83894e-05 0.000664769 0.00441763 0.0200819 0.0624823 0.133126 0.194304 0.194319 0.133199 0.0627287 0.0207931 0.00620144 0.00455466 0.00744379 0.0121663 0.0174465 0.0217894 0.0237271 0.022596 0.0189448 0.0141889 0.00979113 0.00659408 0.00468473 0.00368639
 1.05843e-16 9.21172e-06 8.95413e-05 0.000595037 0.002705 0.00841663 0.0179352 0.0261919 0.0262633 0.0182843 0.00958905 0.00609184 0.00909828 0.018658 0.0352906 0.0583694 0.0841743 0.106031 0.117101 0.114176 0.0995255 0.0792683 0.0596471 0.0441468 0.0331159 0.0252269
 1.30971e-16 1.30853e-05 0.000127194 0.000845247 0.00384237 0.0119551 0.025472 0.0371793 0.0371896 0.0255229 0.012129 0.00435709 0.00218467 0.00320825 0.00632565 0.0116421 0.0195851 0.0305188 0.0446574 0.0618831 0.0812824 0.100645 0.11652 0.125186 0.124196 0.113533
 1.03786e-16 7.86995e-05 0.000764987 0.00508361 0.0231093 0.0719017 0.153194 0.223592 0.223592 0.153198 0.0719139 0.0231448 0.00517345 0.000964368 0.000467506 0.000676735 0.0010391 0.00147126 0.00196341 0.00255298 0.0033141 0.00430559 0.00550128 0.00675235 0.00781427 0.00843017
pSPR Fmed_Fpbrs
0.362657   0.276091 0.276091
Fs Fmed_Fpbrs
0.74544   1.005 1.005
SSBpbr Bo_Bmed_Bpbrs
1.56926e+06  490642  354797 354797
Ro
47021
SPR SPRFo_SPRFmed_SPRFpbrs
335618 121714 92661.3
Fref
1.005
Nvult_r0
 117597 1295.52 766.012 4886.24 968.62
CTP_r0
 34526.1 545.131 329.845 2106.6 417.628
YTP_r0
390980
Np
 124972 26496.3 5293.57 37.841 24.4345
Nvult_p0
 98475.6 22776.2 4579.1 32.7447 21.1441
CTP_p0
 34987.4 15901.2 121.428 69.3505 517.652
 34987.4 11174.9 2292.65 16.4122 10.5984
YTP_p0
 533585 491035
CBA_c0
520820
log_Ro
10.5784
likeval ReclasPelacesDesembMPH_pf_preclas_ppelaces_ptallas_desvR_qrecl_qpela
 19.7087 83.4556 0.239359 0.0010987 353.775 135.987 123.07 0 149.369 2.41737e-05 0 0.0919446 0 0 0
q_reclas_q_pelaces
2.00715 1
M
1
N
 3866.89 29107.2 55527.1 11740.3 0.0886403
 190712 1169.02 7598.12 14292.4 3019.58
 6121.93 46745 211.489 1335.18 3037.26
 83175.8 1492.24 8375.16 36.7912 759.366
 2676.9 10142.8 79.6799 413.197 39.1005
 285880 204.883 239.931 1.68438 9.50218
 2895.24 73517.4 40.3099 46.0104 2.14204
 793.87 454.206 6097.22 3.14517 3.74448
 66181.8 162.719 60.1121 773.832 0.872337
 3822.67 13934.7 22.5707 8.01146 103.023
 42001.8 515.02 885.696 1.33502 6.54031
 145168 11021.4 104.966 176.198 1.56452
 64230.3 26786 1213.81 11.0027 18.5827
 72748 11775.9 2917.13 125.758 3.05657
 42712.7 8021.49 527.316 119.827 5.26627
 384283 4670.79 354.03 21.3363 5.0374
 6730.14 87221.5 738.758 54.0916 4.02187
 882337 1777.08 17971.7 148.646 11.6777
 233191 262036 449.668 4478.33 39.9169
 44780.7 65934.2 60851.4 102.474 1028.59
 408937 10932.4 11845.3 10615.8 196.986
 495171 107103 2220.73 2348.33 2140.76
 8125.54 129439 21683.3 438.725 885.64
 287348 2375.42 31864 5250.63 320.396
 149829 85944.1 608.576 8043.34 1405.13
 25049.3 44942.9 22130.3 154.432 2395.7
 222842 7297.28 10996 5324.77 612.996
 302721 62778.7 1683.84 2489.28 1342.78
 13253.7 95119.8 17531.8 464.956 1057.47
 5808.87 4286.11 27933.7 5101.23 442.747
 155300 1575.89 925.91 5904.19 1170.39
pred_Ctot
 442.661 5494.4 10851.3 2298.58 0.0173562
 41576.3 397.489 2661.13 5013.62 1059.32
 1349.94 16054.5 74.8087 473.03 1076.13
 38324.6 930.46 5316 23.3746 482.474
 1510.14 7258.02 57.7717 299.795 28.3704
 55989.7 63.3495 76.4986 0.537924 3.03487
 1123.17 40340.4 22.5945 25.8189 1.20208
 232.922 199.224 2744.52 1.41768 1.68794
 18712.9 69.2004 26.2486 338.378 0.38148
 1657.53 8313.84 13.7258 4.8769 62.7175
 7823.92 152.25 270.117 0.407828 1.99815
 48334.2 5361.9 52.3039 87.9099 0.780636
 21533.8 13103.9 608.132 5.51946 9.3226
 35370.4 7627.01 1921.04 82.8889 2.01472
 20853 5210.34 348.225 79.1997 3.4809
 96740.7 1799.83 140.286 8.46726 1.99923
 1233.5 25411.1 222.075 16.2875 1.21113
 109384 361.469 3782.76 31.345 2.46273
 34849.4 63391.3 112.428 1121.67 9.99881
 9843.24 22581.9 21465.3 36.2048 363.438
 76546.9 3246.01 3628.23 3257.04 60.4427
 93141.8 31940.1 683.167 723.621 659.718
 1074.61 27964.8 4845.64 98.2211 198.294
 34540 469.419 6517.12 1075.88 65.6574
 17778.8 16779.5 122.983 1628.43 284.505
 3358.64 9834.59 5008.68 35.0153 543.243
 33715.6 1785.46 2780.34 1348.75 155.284
 28274.9 9775.75 271.73 402.476 217.128
 1023.94 12354 2361.57 62.7529 142.737
 988.244 1167.37 7855.04 1436.94 124.726
 34526.1 545.131 329.845 2106.6 417.628
F
 0.196284 0.343085 0.357144 0.357915 0.357956
 0.406057 0.709748 0.738831 0.740428 0.740512
 0.411599 0.719436 0.748916 0.750534 0.75062
 1.10419 1.93002 2.0091 2.01344 2.01367
 1.56998 2.74417 2.85662 2.86279 2.86312
 0.358051 0.625839 0.651484 0.652892 0.652966
 0.852272 1.48969 1.55073 1.55408 1.55426
 0.584895 1.02234 1.06423 1.06653 1.06665
 0.558023 0.975371 1.01534 1.01753 1.01765
 1.0045 1.75576 1.82771 1.83166 1.83187
 0.337871 0.590567 0.614766 0.616095 0.616165
 0.690015 1.20608 1.2555 1.25821 1.25836
 0.696423 1.21728 1.26716 1.2699 1.27004
 1.20488 2.10601 2.19231 2.19704 2.19729
 1.21317 2.1205 2.20739 2.21216 2.21241
 0.482929 0.844113 0.878702 0.880601 0.880701
 0.331627 0.579652 0.603404 0.604708 0.604777
 0.214094 0.374215 0.389549 0.390391 0.390435
 0.263199 0.460047 0.478898 0.479933 0.479987
 0.410048 0.716725 0.746094 0.747706 0.747791
 0.339774 0.593893 0.618228 0.619565 0.619635
 0.341692 0.597245 0.621717 0.623061 0.623132
 0.229837 0.401734 0.418195 0.419099 0.419147
 0.206995 0.361808 0.376634 0.377448 0.377491
 0.204102 0.35675 0.371369 0.372171 0.372214
 0.233345 0.407865 0.424578 0.425496 0.425544
 0.266847 0.466424 0.485536 0.486585 0.486641
 0.157673 0.275598 0.286891 0.287511 0.287543
 0.1289 0.225305 0.234537 0.235044 0.235071
 0.304568 0.532356 0.55417 0.555368 0.555431
 0.415622 0.726468 0.756236 0.75787 0.757956
YTP_r0W_actual
 286567 7686.35 9103.72 72045.8 15577.5
YTP_p0W_proyectada
 262055 249172 2808.63 2036.82 17512.2
 262055 175110 53029 482.026 358.544
CTP_r0_actual
 34526.1 545.131 329.845 2106.6 417.628
CTP_p0_proyectada
 34987.4 15901.2 121.428 69.3505 517.652
 34987.4 11174.9 2292.65 16.4122 10.5984
Wmedp
 7.49 15.67 23.13 29.37 33.83
Frms_r0
 0.415622 0.726468 0.756236 0.75787 0.757956
Zrms_r0
 1.41562 1.72647 1.75624 1.75787 1.75796
nmprior
 8.19 8.8 8.5 0
nm_flota  nm_reclas  nm_pelaces    nm_pelaL
inf 8.79384 5.35407 8.85705
cv_recla  cv_pelaces  cv_mph
0.401563 1.03586 1.02293
 ------------------------------------------------
Talla a la edad & desviaci?n 
 8 13.2811 15.8009 17.003 17.5766
 0.8 1.32811 1.58009 1.7003 1.75766
