    unsorted:	 2.363842868e-06 2.288174670e-06 6.008964891e-05 5.420477028e-05 -9.301784135e-06 8.450945355e-05 0.001099993723 13.50147725 66.25308639 171.7881065 158.6064523 239.7376176 291.4835179 374.9135560 697.8699153 546.6677610 809.1260593 852.7415421 926.5222019 946.8811853 1071.354368 1198.149312 1255.033611 1339.864874 1540.257509 1588.350441 2059.722585 1952.201585 2114.684985 2478.189161 2457.304106 2526.109277 2260.341317 2630.693840 2640.941551 2864.956478 3201.510213 3285.812149 3388.316594 3890.543309 4010.877581 4289.301523 5653.876126 9204.766317 37598.16732 158340.0535 410316.8847 415019.5688 402825.0822 400974.1559 384536.1963 366019.3619 451062.5105 461954.6231 468309.2565 471067.0212 340385.8534 534765.3743 565404.0917 586899.3056 616606.7105 667779.8768 831768.4183 879713.7794 1010743.146 1075214.901 1318373.558 1349112.408 1530288.821 1659711.827 2247015.562 2350994.526 2678105.580 2734264.856 3077766.053 3150416.110 5401180.463
      sorted:	 -9.301784135e-06 2.288174670e-06 2.363842868e-06 5.420477028e-05 6.008964891e-05 8.450945355e-05 0.001099993723 13.50147725 66.25308639 158.6064523 171.7881065 239.7376176 291.4835179 374.9135560 546.6677610 697.8699153 809.1260593 852.7415421 926.5222019 946.8811853 1071.354368 1198.149312 1255.033611 1339.864874 1540.257509 1588.350441 1952.201585 2059.722585 2114.684985 2260.341317 2457.304106 2478.189161 2526.109277 2630.693840 2640.941551 2864.956478 3201.510213 3285.812149 3388.316594 3890.543309 4010.877581 4289.301523 5653.876126 9204.766317 37598.16732 158340.0535 340385.8534 366019.3619 384536.1963 400974.1559 402825.0822 410316.8847 415019.5688 451062.5105 461954.6231 468309.2565 471067.0212 534765.3743 565404.0917 586899.3056 616606.7105 667779.8768 831768.4183 879713.7794 1010743.146 1075214.901 1318373.558 1349112.408 1530288.821 1659711.827 2247015.562 2350994.526 2678105.580 2734264.856 3077766.053 3150416.110 5401180.463
