years
 1991 1992 1993 1994 1995 1996 1997 1998 1999 2000 2001 2002 2003 2004 2005 2006 2007 2008 2009 2010 2011 2012 2013 2014 2015 2016 2017 2018 2019 2020 2021
reclasobs
 0 0 0 0 0 0 0 0 0 252601 567819 844713 477998 351125 339783 2.1784e+06 2.13404e+06 4.81314e+06 1.55562e+06 2.62356e+06 3.21686e+06 3.843e+06 1.13348e+06 3.07943e+06 1.97215e+06 2.03268e+06 2.025e+06 2.42433e+06 2.27542e+06 1.05018e+06 2.36338e+06
reclaspred
 3.33609e+06 1.71052e+06 866406 759996 670269 2.18841e+06 1.05236e+06 775995 519160 277257 497715 778103 770026 540062 464077 1.54505e+06 1.05136e+06 3.77322e+06 2.80236e+06 1.89334e+06 3.19332e+06 2.75341e+06 1.76234e+06 3.1471e+06 2.2068e+06 1.80348e+06 2.36112e+06 2.81831e+06 2.0341e+06 996597 1.7151e+06
pelacesobs
 0 0 0 0 0 0 0 0 0 0 0 0 0 0 0 552880 188675 0 991730 2.46772e+06 1.41603e+06 1.21717e+06 2.29649e+06 1.80582e+06 0 1.4828e+06 1.56532e+06 1.57751e+06 1.42118e+06 867257 1.10002e+06
pelacespred
 2.33954e+06 1.19788e+06 543906 334508 364514 1.14626e+06 548019 566232 298061 121162 260540 342754 387989 250262 213229 620057 535233 1.95296e+06 1.61754e+06 974409 1.64424e+06 1.42723e+06 1.10174e+06 1.91799e+06 1.42852e+06 1.20586e+06 1.5899e+06 1.86818e+06 1.39304e+06 724761 965696
mphobs
 0 0 0 0 0 0 0 0 0 0 0 498337 0 5186 125008 0 168611 109162 213762 579715 649985 157893 87575 83554 0 0 0 0 0 0 0
mphpred
 560248 346328 151420 85635.6 70480.7 85020 229301 95785.5 76176.3 37270.2 17909.9 61825.8 70410.4 54648.1 28249.9 32860.1 165199 107302 388809 234081 229565 284830 289504 189815 327143 253354 186962 225176 367481 202276 86586.9
desembarqueobs
 494567 514787 250237 358949 120608 361735 552515 73892 212993 205616 52469 317467 293654 387597 252695 516296 358380 742168 942051 627588 828172 859565 418607 520667 417249 300574 415391 372974 316634 284311 391294
desembarquepred
 494533 514474 250151 358923 120600 361656 552266 73891.9 212987 205600 52467.8 317407 293553 387287 252561 516052 358364 741794 941277 626980 828102 859183 418499 520595 417115 300504 415283 372847 316526 284216 391227
Reclutas
 126400 88475.7 88032.4 86295.7 62859.2 227808 60008 20876.7 26864 36368.7 58876.4 111083 91144 66690.7 50270.7 279645 41732.4 482512 255127 206225 265725 401547 55367.4 202664 162257 64080.4 163487 191941 47897 32601.6 147985
log_desv_Rt
 0.241647 -0.115077 -0.1201 -0.140025 -0.456907 0.830697 -0.503327 -1.55917 -1.30702 -1.0041 -0.522365 0.112474 -0.0853641 -0.39774 -0.680382 1.03572 -0.866527 1.5812 0.943957 0.731162 0.984657 1.39752 -0.583813 0.713745 0.491378 -0.437667 0.49893 0.659382 -0.728753 -1.11344 0.399306
SSB
 1.13349e+06 700692 306354 173258 142597 172012 463922 193793 154120 75405.1 36235.4 125086 142454 110564 57155.2 66482.6 334230 217092 786639 473593 464457 576268 585724 384035 661876 512585 378262 455576 743487 409244 175183
BT
 1.71463e+06 1.17947e+06 544267 514622 338198 1.22179e+06 813345 430946 408256 282145 250994 520339 553170 594995 422952 931447 618392 2.26046e+06 2.0054e+06 1.19843e+06 1.91512e+06 1.78156e+06 1.03646e+06 1.94793e+06 1.2955e+06 1.02888e+06 1.6109e+06 1.76001e+06 1.06934e+06 695961 1.13327e+06
Ftot
 0.372632 0.729603 0.729082 1.23954 0.503128 0.532291 1.21033 0.255939 1.08968 1.86357 0.352234 1.16587 1.07521 1.90858 1.60429 1.0949 0.846428 0.647591 0.898309 0.915218 0.7506 0.894685 0.593302 0.512444 0.511042 0.438433 0.53307 0.409967 0.3789 0.694728 0.724955
BD_Bspro_t
 0.942532 0.644484 0.382464 0.282759 0.228421 0.311799 0.463899 0.238234 0.257018 0.174188 0.121966 0.399641 0.30182 0.217277 0.121689 0.141949 0.334905 0.241549 0.456923 0.312867 0.269928 0.311846 0.337078 0.279857 0.432132 0.429747 0.414559 0.490725 0.587199 0.446378 0.29971
BD_Bspro
 1.59979 0.988946 0.432383 0.244534 0.201259 0.242776 0.654772 0.273517 0.217522 0.106426 0.0511421 0.176544 0.201058 0.156048 0.0806679 0.0938325 0.471728 0.306401 1.11025 0.668422 0.655527 0.813336 0.826681 0.542021 0.934162 0.723455 0.533873 0.642992 1.04935 0.577601 0.24725
BD_Bo
 0.93972 0.580907 0.253982 0.143639 0.118219 0.142607 0.384613 0.160664 0.127773 0.0625144 0.0300409 0.103702 0.118102 0.0916629 0.0473844 0.0551172 0.277093 0.17998 0.652162 0.392632 0.385057 0.477754 0.485593 0.318383 0.548727 0.424958 0.313597 0.377694 0.616387 0.339283 0.145235
BD_Brms
 4.56494 2.82191 1.23379 0.697766 0.574282 0.692749 1.86836 0.780468 0.62069 0.30368 0.145932 0.503761 0.573709 0.445277 0.230182 0.267747 1.34605 0.874301 3.16805 1.90731 1.87052 2.32082 2.3589 1.54663 2.66559 2.06434 1.52338 1.83475 2.99426 1.64816 0.705517
Sel_flota
 0.620205 0.968776 0.998307 0.999911 0.999995
 0.620205 0.968776 0.998307 0.999911 0.999995
 0.620205 0.968776 0.998307 0.999911 0.999995
 0.620205 0.968776 0.998307 0.999911 0.999995
 0.620205 0.968776 0.998307 0.999911 0.999995
 0.620205 0.968776 0.998307 0.999911 0.999995
 0.620205 0.968776 0.998307 0.999911 0.999995
 0.620205 0.968776 0.998307 0.999911 0.999995
 0.620205 0.968776 0.998307 0.999911 0.999995
 0.620205 0.968776 0.998307 0.999911 0.999995
 0.620205 0.968776 0.998307 0.999911 0.999995
 0.620205 0.968776 0.998307 0.999911 0.999995
 0.620205 0.968776 0.998307 0.999911 0.999995
 0.620205 0.968776 0.998307 0.999911 0.999995
 0.620205 0.968776 0.998307 0.999911 0.999995
 0.620205 0.968776 0.998307 0.999911 0.999995
 0.620205 0.968776 0.998307 0.999911 0.999995
 0.620205 0.968776 0.998307 0.999911 0.999995
 0.620205 0.968776 0.998307 0.999911 0.999995
 0.620205 0.968776 0.998307 0.999911 0.999995
 0.620205 0.968776 0.998307 0.999911 0.999995
 0.620205 0.968776 0.998307 0.999911 0.999995
 0.620205 0.968776 0.998307 0.999911 0.999995
 0.620205 0.968776 0.998307 0.999911 0.999995
 0.620205 0.968776 0.998307 0.999911 0.999995
 0.620205 0.968776 0.998307 0.999911 0.999995
 0.620205 0.968776 0.998307 0.999911 0.999995
 0.620205 0.968776 0.998307 0.999911 0.999995
 0.620205 0.968776 0.998307 0.999911 0.999995
 0.620205 0.968776 0.998307 0.999911 0.999995
 0.620205 0.968776 0.998307 0.999911 0.999995
Sel_reclas
 0.985125 1 1 1 1
 0.985125 1 1 1 1
 0.985125 1 1 1 1
 0.985125 1 1 1 1
 0.985125 1 1 1 1
 0.985125 1 1 1 1
 0.985125 1 1 1 1
 0.985125 1 1 1 1
 0.985125 1 1 1 1
 0.985125 1 1 1 1
 0.985125 1 1 1 1
 0.985125 1 1 1 1
 0.985125 1 1 1 1
 0.985125 1 1 1 1
 0.985125 1 1 1 1
 0.985125 1 1 1 1
 0.985125 1 1 1 1
 0.985125 1 1 1 1
 0.985125 1 1 1 1
 0.985125 1 1 1 1
 0.985125 1 1 1 1
 0.985125 1 1 1 1
 0.985125 1 1 1 1
 0.985125 1 1 1 1
 0.985125 1 1 1 1
 0.985125 1 1 1 1
 0.985125 1 1 1 1
 0.985125 1 1 1 1
 0.985125 1 1 1 1
 0.985125 1 1 1 1
 0.985125 1 1 1 1
Sel_pelaces
 0.554943 0.862547 0.969307 0.993747 0.998751
 0.554943 0.862547 0.969307 0.993747 0.998751
 0.554943 0.862547 0.969307 0.993747 0.998751
 0.554943 0.862547 0.969307 0.993747 0.998751
 0.554943 0.862547 0.969307 0.993747 0.998751
 0.554943 0.862547 0.969307 0.993747 0.998751
 0.554943 0.862547 0.969307 0.993747 0.998751
 0.554943 0.862547 0.969307 0.993747 0.998751
 0.554943 0.862547 0.969307 0.993747 0.998751
 0.554943 0.862547 0.969307 0.993747 0.998751
 0.554943 0.862547 0.969307 0.993747 0.998751
 0.554943 0.862547 0.969307 0.993747 0.998751
 0.554943 0.862547 0.969307 0.993747 0.998751
 0.554943 0.862547 0.969307 0.993747 0.998751
 0.554943 0.862547 0.969307 0.993747 0.998751
 0.554943 0.862547 0.969307 0.993747 0.998751
 0.554943 0.862547 0.969307 0.993747 0.998751
 0.554943 0.862547 0.969307 0.993747 0.998751
 0.554943 0.862547 0.969307 0.993747 0.998751
 0.554943 0.862547 0.969307 0.993747 0.998751
 0.554943 0.862547 0.969307 0.993747 0.998751
 0.554943 0.862547 0.969307 0.993747 0.998751
 0.554943 0.862547 0.969307 0.993747 0.998751
 0.554943 0.862547 0.969307 0.993747 0.998751
 0.554943 0.862547 0.969307 0.993747 0.998751
 0.554943 0.862547 0.969307 0.993747 0.998751
 0.554943 0.862547 0.969307 0.993747 0.998751
 0.554943 0.862547 0.969307 0.993747 0.998751
 0.554943 0.862547 0.969307 0.993747 0.998751
 0.554943 0.862547 0.969307 0.993747 0.998751
 0.554943 0.862547 0.969307 0.993747 0.998751
pf_obs 
 0.8446 0.082 0.0669 0.0065 0
 0.8095 0.147 0.0364 0.0071 0
 0.9664 0.0169 0.016 0.0007 0
 0.9276 0.0648 0.0075 0.0001 0
 0.7033 0.2144 0.0806 0.0017 0
 0.9318 0.0425 0.0243 0.0014 0
 0.5671 0.3108 0.0964 0.0239 0.0018
 0.0768 0.2599 0.5324 0.112 0.0189
 0.490249 0.384438 0.106611 0.0170017 0.00170017
 0.7925 0.1577 0.0466 0.003 0.0002
 0.840416 0.127587 0.0312969 0.00059994 9.999e-05
 0.8084 0.0986 0.0794 0.0134 0.0002
 0.7335 0.1905 0.0724 0.0035 0.0001
 0.4001 0.4547 0.1325 0.0127 0
 0.49795 0.308269 0.164784 0.0264974 0.00249975
 0.9179 0.0499 0.0305 0.0017 0
 0.2467 0.6533 0.0926 0.0074 0
 0.9418 0.0223 0.034 0.0019 0
 0.707729 0.231977 0.0356964 0.0245975 0
 0.517169 0.277429 0.184464 0.0207286 0.00020938
 0.811772 0.124168 0.05621 0.00726502 0.000585176
 0.764997 0.148141 0.077277 0.00933861 0.000247198
 0.163321 0.427699 0.378323 0.0303852 0.000271297
 0.753843 0.0900009 0.118128 0.0371064 0.000921714
 0.721811 0.176058 0.0630433 0.0369309 0.00215725
 0.143369 0.312575 0.442814 0.0836902 0.0175525
 0.692698 0.0596174 0.167031 0.0765114 0.00414204
 0.394062 0.376323 0.152708 0.0712218 0.00568511
 0.125707 0.32114 0.495352 0.0537591 0.00404204
 0.23352 0.215282 0.420074 0.123614 0.00750983
 0.796117 0.104755 0.0508955 0.0450114 0.00322123
pf_pred 
 0.510439 0.178059 0.283248 0.0282533 9.89844e-07
 0.518492 0.307206 0.0648437 0.0995468 0.00991097
 0.664664 0.222036 0.0734305 0.0148536 0.0250156
 0.709121 0.227887 0.0423188 0.0134094 0.00726332
 0.709119 0.242318 0.0384866 0.00677602 0.00330039
 0.88184 0.0952844 0.0191767 0.00293233 0.00076614
 0.406532 0.550854 0.0346221 0.00670249 0.00128994
 0.435087 0.327292 0.22138 0.0132023 0.00303903
 0.626114 0.208633 0.0970949 0.0635074 0.00465071
 0.813938 0.143515 0.0242826 0.0107435 0.00752109
 0.89565 0.0953319 0.00706386 0.00111698 0.000837021
 0.814729 0.173095 0.0111571 0.000797981 0.000220308
 0.751067 0.223556 0.023789 0.00145573 0.000132486
 0.72298 0.237173 0.0359656 0.00363954 0.000242325
 0.816388 0.15885 0.0214076 0.00302885 0.000325685
 0.964585 0.0322013 0.00280335 0.00035512 5.546e-05
 0.359059 0.629195 0.0107279 0.000888126 0.000129721
 0.949524 0.025632 0.0244089 0.000397895 3.76599e-05
 0.599444 0.389041 0.00596534 0.00545255 9.70809e-05
 0.670089 0.243061 0.0844658 0.00123676 0.00114772
 0.775843 0.177932 0.0344684 0.0114349 0.000321981
 0.801947 0.170908 0.0217388 0.00403367 0.00137266
 0.285484 0.631245 0.0723076 0.00878464 0.00217923
 0.80177 0.0813084 0.10377 0.0114238 0.00172844
 0.642319 0.313174 0.0186699 0.0229361 0.00290103
 0.430307 0.429591 0.12326 0.00707372 0.00976915
 0.778208 0.124323 0.0741607 0.0205114 0.0027971
 0.720957 0.2397 0.0224301 0.0128749 0.00403815
 0.323812 0.548897 0.109905 0.00991999 0.00746535
 0.421321 0.256753 0.263073 0.0508292 0.0080247
 0.883867 0.0661682 0.0226911 0.0222966 0.00497685
pobs_RECLAS
 0 0 0 0 0
 0 0 0 0 0
 0 0 0 0 0
 0 0 0 0 0
 0 0 0 0 0
 0 0 0 0 0
 0 0 0 0 0
 0 0 0 0 0
 0 0 0 0 0
 0 0 0 0 0
 0.991045 0.00858322 0.000360255 1.14367e-05 0
 0.934742 0.0480273 0.0164251 0.00080598 0
 0.827803 0.169806 0.00239088 0 0
 0.941827 0.0461693 0.0120037 0 0
 0.791401 0.0380133 0.147996 0.0225897 0
 0.846168 0.0940531 0.0597789 0 0
 0.134021 0.677848 0.182769 0.00536245 0
 0.80878 0.0450904 0.141981 0.00414843 0
 0.846168 0.0940531 0.0597789 0 0
 0.905697 0.0802665 0.012482 0.00150086 5.37128e-05
 0.989698 0.0102097 9.19794e-05 0 0
 0.975433 0.0193895 0.00387452 0.00125025 5.28907e-05
 0.303575 0.632131 0.0575291 0.00676475 0
 0.966965 0.00978017 0.0227588 0.000495775 0
 0.843318 0.132988 0.00938335 0.0141283 0.000182051
 0.564624 0.303363 0.111486 0.0197234 0.00080311
 0.826376 0.0876187 0.0782897 0.00655872 0.00115652
 0.89761 0.0855135 0.0140674 0.00269457 0.000114338
 0.34875 0.467042 0.161289 0.0227151 0.000203297
 0.318654 0.224769 0.449479 0.00709798 0
 0.937255 0.0296025 0.0250945 0.00804832 0
ppred_RECLAS
 0.623931 0.139524 0.215122 0.021422 7.50447e-07
 0.633987 0.236387 0.0482774 0.0739836 0.00736519
 0.76106 0.159996 0.0511971 0.0103379 0.0174089
 0.801729 0.156565 0.0280377 0.00886688 0.00480234
 0.793675 0.172792 0.0265847 0.00467259 0.00227567
 0.921898 0.0633709 0.0123528 0.00188566 0.000492628
 0.529994 0.437381 0.0265159 0.00512328 0.000985909
 0.547727 0.26543 0.174092 0.0103651 0.00238573
 0.734621 0.150436 0.067588 0.0441241 0.00323093
 0.884778 0.0897282 0.014564 0.00642926 0.00450031
 0.930619 0.0635558 0.00456485 0.000720617 0.000539956
 0.878238 0.114025 0.00709147 0.000506224 0.000139745
 0.83113 0.152192 0.0156361 0.000955026 8.69081e-05
 0.820949 0.154213 0.0224239 0.00226406 0.000150726
 0.883507 0.101312 0.0131283 0.00185353 0.000199284
 0.978011 0.0200573 0.00168564 0.000213128 3.32814e-05
 0.472893 0.517763 0.00853588 0.000705383 0.000103019
 0.967978 0.0165212 0.0152293 0.000247825 2.34539e-05
 0.706363 0.285476 0.00423116 0.00386042 6.87268e-05
 0.767138 0.173088 0.0581351 0.000849668 0.000788419
 0.847203 0.122118 0.0228865 0.00757914 0.000213392
 0.867215 0.115118 0.0141539 0.00262149 0.00089201
 0.387411 0.54322 0.06025 0.00730713 0.00181253
 0.866163 0.0559368 0.069151 0.00759971 0.00114974
 0.738981 0.229462 0.0132506 0.0162507 0.00205526
 0.543584 0.346836 0.0964273 0.00552452 0.00762896
 0.848344 0.0862156 0.0498116 0.0137534 0.00187536
 0.802187 0.170684 0.0154782 0.00886959 0.00278165
 0.4291 0.466151 0.0904636 0.00815156 0.00613397
 0.540423 0.20767 0.205921 0.0397169 0.00626975
 0.924624 0.0435715 0.0144577 0.0141814 0.00316515
pobs_PELACES
 0 0 0 0 0
 0 0 0 0 0
 0 0 0 0 0
 0 0 0 0 0
 0 0 0 0 0
 0 0 0 0 0
 0 0 0 0 0
 0 0 0 0 0
 0 0 0 0 0
 0 0 0 0 0
 0 0 0 0 0
 0 0 0 0 0
 0 0 0 0 0
 0 0 0 0 0
 0 0 0 0 0
 0 0 0 0 0
 0.505614 0.472636 0.0217494 0 0
 0 0 0 0 0
 0.443492 0.261883 0.143347 0.151278 0
 0.227955 0.32914 0.350689 0.0885471 0.00366901
 0.970185 0.0296113 0.000203453 0 0
 0.997202 0.00247181 0.000326279 0 0
 0.445219 0.490057 0.0546422 0.010081 0
 0.90214 0.0892962 0.00764917 0.000914606 0
 0 0 0 0 0
 0.581667 0.319106 0.0959925 0.00289975 0.000334073
 0.762889 0.0836404 0.116647 0.0363945 0.000428098
 0.88444 0.0763242 0.0277011 0.0115352 0
 0.521256 0.241999 0.230069 0.00667565 0
 0.616807 0.101726 0.260614 0.0208532 0
 0.833518 0.0704572 0.0857862 0.0102388 0
ppred_PELACES
 0.512253 0.168038 0.290097 0.0296107 1.04252e-06
 0.540174 0.283567 0.0646198 0.101486 0.0101537
 0.684662 0.202661 0.0723601 0.0149738 0.0253422
 0.748151 0.193981 0.0385691 0.0124968 0.00680216
 0.722929 0.22744 0.0391314 0.00704935 0.00345046
 0.889017 0.0880139 0.0191802 0.00300084 0.000787904
 0.456434 0.501798 0.0337857 0.00668821 0.0012935
 0.436678 0.31462 0.231318 0.0141177 0.00326579
 0.660485 0.182701 0.0912695 0.0610515 0.00449279
 0.858327 0.107566 0.0192672 0.00871135 0.00612811
 0.900263 0.0904028 0.00727178 0.00117666 0.000886101
 0.842472 0.146462 0.0101206 0.000740219 0.000205363
 0.782471 0.193866 0.0221497 0.00138619 0.000126776
 0.786127 0.181542 0.0291185 0.00301108 0.000201456
 0.854498 0.124751 0.0178846 0.00258653 0.000279481
 0.970252 0.0268621 0.00251002 0.000325175 5.10324e-05
 0.391912 0.596071 0.0109525 0.000927489 0.000136136
 0.952667 0.0231095 0.0237886 0.000396733 3.77348e-05
 0.634495 0.354095 0.00584637 0.00546599 9.77982e-05
 0.698984 0.217353 0.0813096 0.00121775 0.00113562
 0.793934 0.160733 0.0336052 0.0114048 0.000322715
 0.823119 0.150941 0.0206744 0.00392388 0.00134186
 0.303726 0.609076 0.075478 0.00938186 0.00233885
 0.807226 0.0752521 0.104023 0.0117172 0.00178157
 0.658647 0.295275 0.0190663 0.0239663 0.00304628
 0.442785 0.411313 0.127959 0.00751417 0.0104286
 0.786594 0.115122 0.0743579 0.0210426 0.00288368
 0.73169 0.227399 0.0230813 0.013557 0.00427306
 0.333936 0.531776 0.115545 0.010672 0.00807092
 0.438193 0.238027 0.263445 0.0520739 0.00826167
 0.891894 0.0592052 0.0219214 0.0220361 0.0049429
pobs_pel_tallas
 0 0 0 0 0 0 0 0 0 0 0 0 0 0 0 0 0 0 0 0 0 0 0 0 0 0
 0 0 0 0 0 0 0 0 0 0 0 0 0 0 0 0 0 0 0 0 0 0 0 0 0 0
 0 0 0 0 0 0 0 0 0 0 0 0 0 0 0 0 0 0 0 0 0 0 0 0 0 0
 0 0 0 0 0 0 0 0 0 0 0 0 0 0 0 0 0 0 0 0 0 0 0 0 0 0
 0 0 0 0 0 0 0 0 0 0 0 0 0 0 0 0 0 0 0 0 0 0 0 0 0 0
 0 0 0 0 0 0 0 0 0 0 0 0 0 0 0 0 0 0 0 0 0 0 0 0 0 0
 0 0 0 0 0 0 0 0 0 0 0 0 0 0 0 0 0 0 0 0 0 0 0 0 0 0
 0 0 0 0 0 0 0 0 0 0 0 0 0 0 0 0 0 0 0 0 0 0 0 0 0 0
 0 0 0 0 0 0 0 0 0 0 0 0 0 0 0 0 0 0 0 0 0 0 0 0 0 0
 0 0 0 0 0 0 0 0 0 0 0 0 0 0 0 0 0 0 0 0 0 0 0 0 0 0
 0 0 0 0 0 0 0 0 0 0 0 0 0 0 0 0 0 0 0 0 0 0 0 0 0 0
 0 0 0 0 0 0 0 0 0 0 0 0 0 0 0 0 0 0 0 0 0 0 0 0 0 0
 0.00862536 0 0 0.000197151 0.00414017 0.0128641 0.00837892 0.0270097 0.101434 0.158115 0.152841 0.127902 0.109271 0.109419 0.0830992 0.0579132 0.0238553 0.00714673 0.00463305 0.00128148 0.00103504 0.000492878 0.000147863 0.000147863 4.92878e-05 0
 0 0 0 0 0 0 0 0 0 0 0 0 0 0 0 0 0 0 0 0 0 0 0 0 0 0
 0 0 0 0 0 0 0 0.0054083 0.00873648 0.0413646 0.0450493 0.0745869 0.0622846 0.0627006 0.0613931 0.0827291 0.12552 0.122667 0.0946155 0.0697135 0.0546179 0.0294188 0.0215738 0.0213955 0.0102223 0.00600262
 0 0 0 0 0.00359764 0.0251062 0.0480494 0.140153 0.205849 0.193036 0.1447 0.116669 0.0760912 0.0342217 0.00950174 0.001854 0.000860785 0 0 0 0.000165536 0 0.000143464 0 0 0
 0 0 0 0 0 0 0 0.000145254 0.000435761 0.0275982 0.070085 0.0708112 0.156366 0.174668 0.174014 0.160142 0.0824315 0.0480064 0.0283245 0.00493863 0.00203355 0 0 0 0 0
 0 0 0 0 0 0 0 0 0 0 0 0 0 0 0 0 0 0 0 0 0 0 0 0 0 0
 0 0 1.00437e-05 0.000401748 0.00122533 0.00171747 0.00176769 0.0269171 0.070346 0.194647 0.189555 0.159765 0.064822 0.0314167 0.0384472 0.0292271 0.0345202 0.0313363 0.0194345 0.0106764 0.0143323 0.0359363 0.0279516 0.0138201 0.00172751 0
 0 0.0021121 0.0136068 0.0755702 0.200478 0.177729 0.0527432 0.0373336 0.0318909 0.0142505 0.0149659 0.0166563 0.0217959 0.0798694 0.0677717 0.0528807 0.04013 0.0224614 0.0357745 0.0225083 0.00881397 0.00855152 0.00135912 0.000746735 0 0
 0 0 0 0 5.4009e-05 0.00500934 0.000945158 0.0243581 0.138947 0.33067 0.221406 0.137944 0.0707744 0.0437923 0.0131692 0.00525238 0.0047753 0.00276346 9.45158e-05 9.00151e-06 2.25038e-05 9.00151e-06 4.50075e-06 0 0 0
 0.000866109 0.00284123 0.00948549 0.0512746 0.133035 0.25785 0.225252 0.132002 0.0553304 0.0519788 0.0540692 0.017754 0.00435017 0.00159236 0.00146478 0.000404838 0.000125132 0.000115318 0.000107957 0.000100596 0 0 0 0 0 0
 0 0 0 0 0.00144013 0.00171154 0.00461396 0.0210425 0.0478622 0.0707936 0.0888783 0.103762 0.0637923 0.0337046 0.0602308 0.124433 0.169614 0.0934646 0.0462172 0.0250306 0.0313229 0.00938855 0.002487 0.000210481 0 0
 0 0.00764035 0.051015 0.0998891 0.058973 0.0496711 0.0374665 0.0718981 0.12319 0.153886 0.159021 0.0857701 0.0377988 0.023471 0.0147837 0.00900784 0.00315554 0.000888139 0.00291439 0.00214683 0.00393193 0.00274676 0.000635225 9.99891e-05 0 0
 0 0 0 0 0 0 0 0 0 0 0 0 0 0 0 0 0 0 0 0 0 0 0 0 0 0
 0 0 0 0 0 0 0 0 0 0 0 0 0 0 0 0 0 0 0 0 0 0 0 0 0 0
 0 0 0 0 0 0 0 0 0 0 0 0 0 0 0 0 0 0 0 0 0 0 0 0 0 0
 0 0 0 0 0 0 0 0 0 0 0 0 0 0 0 0 0 0 0 0 0 0 0 0 0 0
 0 0 0 0 0 0 0 0 0 0 0 0 0 0 0 0 0 0 0 0 0 0 0 0 0 0
 0 0 0 0 0 0 0 0 0 0 0 0 0 0 0 0 0 0 0 0 0 0 0 0 0 0
 0 0 0 0 0 0 0 0 0 0 0 0 0 0 0 0 0 0 0 0 0 0 0 0 0 0
ppred_pel_tallas
 1.11385e-16 4.21936e-05 0.000410137 0.00272551 0.0123898 0.0385493 0.0821339 0.11988 0.119897 0.0822153 0.0388237 0.0131879 0.00474906 0.00489421 0.00875331 0.0149123 0.0226592 0.0309526 0.0386708 0.0451611 0.0503715 0.0543835 0.0568277 0.0568254 0.0535676 0.0470168
 1.13834e-16 4.44935e-05 0.000432493 0.00287407 0.0130651 0.0406506 0.0866113 0.126417 0.126445 0.0867453 0.0411005 0.0143657 0.00614281 0.007582 0.013665 0.0226367 0.0328924 0.0420073 0.0475791 0.0486075 0.0461133 0.0423939 0.0394984 0.0381124 0.0375356 0.0364818
 1.07931e-16 5.63948e-05 0.000548177 0.00364283 0.0165598 0.0515238 0.109778 0.160228 0.160247 0.109873 0.0518458 0.017491 0.00598392 0.00567127 0.00982311 0.0162483 0.0236336 0.0302165 0.0342405 0.0349118 0.0328491 0.029592 0.0265784 0.024407 0.0228253 0.0212254
 1.03568e-16 6.16243e-05 0.00059901 0.00398063 0.0180954 0.0563016 0.119957 0.175085 0.175104 0.120049 0.0566087 0.0189829 0.00620939 0.00546785 0.0093187 0.0153355 0.0221504 0.0279945 0.031108 0.0306852 0.0273442 0.0226807 0.0182789 0.0149554 0.0126758 0.0109715
 1.02479e-16 5.95467e-05 0.000578815 0.00384643 0.0174853 0.0544035 0.115913 0.169183 0.169205 0.11602 0.0547634 0.0185249 0.0064565 0.00627833 0.010889 0.0179204 0.0258393 0.0325556 0.0359763 0.03513 0.0307318 0.0246745 0.0188756 0.0143836 0.0112611 0.00904388
 1.01011e-16 7.32272e-05 0.000711794 0.00473012 0.0215025 0.0669022 0.142542 0.208047 0.208055 0.142584 0.0670416 0.0219052 0.00574159 0.00292148 0.0042746 0.00696327 0.0100524 0.0127002 0.0140991 0.0138727 0.0122874 0.0100543 0.00788806 0.00617111 0.00491846 0.0039605
 1.01993e-16 3.7596e-05 0.000365447 0.00242852 0.0110397 0.034349 0.073186 0.106827 0.106875 0.073422 0.0351412 0.0133271 0.00816719 0.012883 0.023781 0.0391775 0.0562497 0.0703482 0.0767564 0.0732946 0.0616338 0.0462021 0.0315997 0.0205155 0.0133337 0.00905839
 1.08725e-16 3.59686e-05 0.000349628 0.0023234 0.0105619 0.0328621 0.0700172 0.102199 0.102229 0.0701669 0.0333656 0.01202 0.00599738 0.0084157 0.0154886 0.0258961 0.0381063 0.0495892 0.0577179 0.0611679 0.0605151 0.057484 0.0535465 0.049098 0.0437354 0.0371116
 1.09564e-16 5.44033e-05 0.00052882 0.00351419 0.015975 0.0497043 0.105901 0.154569 0.154587 0.105988 0.0499958 0.0168184 0.0056374 0.00518431 0.00895706 0.014884 0.0218223 0.0282711 0.0327422 0.0345809 0.0343161 0.0331742 0.0321589 0.0314521 0.0305179 0.0286655
 1.02495e-16 7.06993e-05 0.000687222 0.00456683 0.0207602 0.0645927 0.137622 0.200865 0.200876 0.137673 0.0647629 0.0212522 0.00580226 0.00338584 0.00520089 0.00849991 0.012271 0.0155051 0.0172282 0.0170025 0.0151845 0.0126741 0.0103593 0.00868794 0.00761809 0.00685215
 1.00502e-16 7.41535e-05 0.000720798 0.00478996 0.0217745 0.0677485 0.144346 0.210678 0.210687 0.144388 0.0678912 0.0221867 0.00582428 0.00297724 0.00435515 0.00707103 0.0101517 0.0127084 0.0138902 0.0133057 0.0112546 0.0085301 0.00595306 0.00399916 0.00273046 0.00196409
 1.00439e-16 6.93933e-05 0.000674528 0.00448247 0.0203767 0.0633995 0.13508 0.197156 0.19717 0.135149 0.0636307 0.0210443 0.00615742 0.00432796 0.00699913 0.0114379 0.0164151 0.0205255 0.0223869 0.02136 0.0179293 0.0133858 0.00907336 0.00578262 0.00363523 0.00235145
 1.0085e-16 6.44511e-05 0.000626488 0.00416323 0.0189255 0.0588843 0.12546 0.183116 0.183135 0.125551 0.0591906 0.0198102 0.00638344 0.00547143 0.00926053 0.0151931 0.0218453 0.0273953 0.0300284 0.0288997 0.0246303 0.0188845 0.0133828 0.00911835 0.00622718 0.00435276
 1.01223e-16 6.47523e-05 0.000629415 0.00418269 0.0190139 0.0591594 0.126046 0.183971 0.183989 0.126132 0.0594465 0.0198434 0.0062649 0.00517541 0.00869981 0.0142834 0.0205761 0.025886 0.0285291 0.0277186 0.0240195 0.0189485 0.0140568 0.010216 0.00751786 0.00563
 1.00855e-16 7.03839e-05 0.000684157 0.00454646 0.0206676 0.0643045 0.137008 0.19997 0.199982 0.137067 0.0645018 0.0212373 0.00597661 0.00380606 0.00599905 0.00980502 0.0141143 0.0177405 0.0195229 0.018922 0.0163324 0.0128071 0.00942487 0.00679378 0.00497764 0.00373926
 1.00121e-16 7.99183e-05 0.000776835 0.00516234 0.0234673 0.0730153 0.155567 0.227055 0.227058 0.15558 0.0730578 0.0235898 0.00546979 0.00144762 0.00135277 0.00210699 0.00302048 0.00378329 0.00413915 0.0039711 0.00336681 0.00255977 0.00179171 0.00120268 0.000811784 0.000567346
 1.00585e-16 3.22814e-05 0.000313787 0.00208523 0.00947918 0.0294936 0.0628412 0.0917307 0.091788 0.0631213 0.0304336 0.0121928 0.0088909 0.015151 0.0281528 0.0463391 0.0663925 0.0827366 0.0897111 0.0847068 0.069762 0.0502807 0.0319378 0.0181411 0.00948546 0.00480049
 1.00739e-16 7.847e-05 0.000762756 0.00506878 0.0230419 0.0716921 0.152748 0.22294 0.222942 0.152759 0.0717293 0.0231498 0.00534099 0.00136195 0.00123089 0.00194819 0.00288551 0.00380767 0.00452556 0.00494033 0.00507677 0.00502693 0.00485569 0.00455652 0.00408804 0.00344333
 1.00824e-16 5.22626e-05 0.000508011 0.00337591 0.0153464 0.0477486 0.101735 0.148492 0.148526 0.101901 0.0483071 0.0169585 0.00741903 0.00932273 0.0167594 0.027536 0.0394555 0.0491843 0.053366 0.050461 0.0416897 0.030266 0.019553 0.0115516 0.00657995 0.00390508
 1.02717e-16 5.75744e-05 0.000559644 0.00371903 0.0169062 0.0526015 0.112074 0.16358 0.163601 0.112177 0.0529468 0.0179044 0.00622836 0.00604928 0.0105176 0.0173849 0.0252412 0.0321585 0.036187 0.036385 0.0333183 0.0285704 0.0236982 0.0194841 0.0159278 0.0127234
 1.0221e-16 6.53953e-05 0.000635666 0.00422422 0.0192027 0.0597469 0.127298 0.185798 0.185813 0.127373 0.0600014 0.0199382 0.00607138 0.00467109 0.00773846 0.0127136 0.018364 0.0232112 0.0257916 0.0254279 0.0226168 0.0186625 0.0148645 0.0119001 0.00976315 0.00810753
 1.01256e-16 6.77992e-05 0.000659033 0.0043795 0.0199086 0.0619431 0.131977 0.192627 0.192642 0.132048 0.0621818 0.0205979 0.00610967 0.00443574 0.00723967 0.0118592 0.0170716 0.0214558 0.0236102 0.0228859 0.0197664 0.0155326 0.0114941 0.00838461 0.00627152 0.00485136
 1.03671e-16 2.50176e-05 0.00024318 0.00161602 0.00734623 0.0228572 0.0487017 0.0710939 0.0711526 0.0489885 0.0238199 0.0101266 0.00859398 0.0154725 0.0289372 0.0477698 0.06874 0.0862857 0.0947373 0.0914562 0.0783935 0.0607522 0.0438852 0.0308454 0.0219937 0.0161665
 1.04498e-16 6.64902e-05 0.000646308 0.00429494 0.0195242 0.0607471 0.129428 0.188906 0.188913 0.129465 0.0608691 0.0198787 0.00519188 0.00262783 0.00389863 0.00651948 0.00980295 0.0131977 0.0161606 0.0183981 0.0199497 0.0209853 0.0215142 0.0212973 0.0200405 0.0176769
 1.03545e-16 5.42519e-05 0.000527348 0.00350441 0.0159306 0.0495661 0.105607 0.154142 0.154171 0.105746 0.0500324 0.0172771 0.00688293 0.00789832 0.0140406 0.0230945 0.0331927 0.0416009 0.0455817 0.0438999 0.0375792 0.029235 0.0215283 0.0159286 0.0124982 0.0104818
 1.06317e-16 3.64717e-05 0.000354518 0.0023559 0.0107096 0.0333217 0.0709969 0.10363 0.10367 0.0711912 0.0339744 0.012596 0.00709618 0.0107194 0.0197703 0.0327538 0.047474 0.0603092 0.0675595 0.0674712 0.061205 0.0519034 0.0426699 0.0350822 0.0291155 0.0240333
 1.04774e-16 6.47907e-05 0.000629789 0.00418517 0.0190252 0.0591944 0.12612 0.184079 0.18409 0.126175 0.0593785 0.019558 0.00552741 0.00357554 0.00570526 0.00944995 0.0138896 0.0180614 0.0210183 0.0223122 0.0222082 0.0213932 0.0204331 0.0194398 0.0181624 0.0163237
 1.02807e-16 6.02684e-05 0.00058583 0.00389305 0.0176972 0.0550628 0.117318 0.171234 0.171255 0.117425 0.0554222 0.018735 0.00649758 0.00626992 0.0108508 0.0178318 0.0256563 0.0322147 0.0354041 0.0342679 0.0295714 0.0232898 0.0174293 0.0130938 0.0103336 0.00860092
 1.05907e-16 2.7506e-05 0.000267368 0.00177676 0.00807691 0.0251305 0.0535451 0.0781614 0.0782128 0.0537959 0.0259727 0.0105101 0.00788737 0.0136163 0.0254068 0.0420295 0.0607047 0.0766707 0.085065 0.0836063 0.0739005 0.0602517 0.0469993 0.0364863 0.0288395 0.023059
 1.14284e-16 3.60934e-05 0.000350841 0.00233146 0.0105985 0.032976 0.0702597 0.102551 0.102574 0.0703738 0.0333602 0.0117129 0.00514669 0.00655628 0.0119969 0.0202352 0.0302192 0.0402484 0.0485513 0.054233 0.0576037 0.0595367 0.0604558 0.059897 0.0569732 0.0512218
 1.03695e-16 7.34642e-05 0.000714098 0.00474543 0.021572 0.0671187 0.143004 0.208719 0.208725 0.143032 0.0672129 0.0218446 0.00543114 0.00221615 0.00294164 0.00478864 0.00699245 0.00901483 0.010369 0.0108548 0.0106739 0.0102689 0.0100095 0.00997647 0.00997662 0.00972516
pSPR Fmed_Fpbrs
0.349845   0.255856 0.255856
Fs Fmed_Fpbrs
0.727761   1.005 1.005
SSBpbr Bo_Bmed_Bpbrs
1.2062e+06  361673  248304 248304
Ro
99266.2
SPR SPRFo_SPRFmed_SPRFpbrs
708524 247873 181280
Fref
1.005
Nvult_r0
 113259 6374.32 2147.96 2108.66 470.653
CTP_r0
 35128.9 2629.83 901.846 886.171 197.803
YTP_r0
391227
Np
 115750 22831.1 4825.28 191.641 71.2697
Nvult_p0
 92918.7 19658.7 4174.4 165.833 61.6724
CTP_p0
 35678.3 14750.5 615.554 202.289 233.655
 35678.3 9697.96 2090.64 83.1194 30.913
YTP_p0
 526455 471041
CBA_c0
509831
log_Ro
11.3256
likeval ReclasPelacesDesembMPH_pf_preclas_ppelaces_ptallas_desvR_qrecl_qpela
 12.0654 16.1947 0.0241264 0.00084142 247.026 116.716 102.723 0 27.623 3.87865e-05 0.000120407 0.0096805 0 0 0
q_reclas_q_pelaces
2.41697 4.7642
M
1
N
 126400 29713.6 46066 4588.67 0.160751
 88475.7 36904.9 7618.72 11682.3 1163.03
 88032.4 20701.9 6696.08 1352.89 2278.32
 86295.7 20604.8 3758.08 1189.67 644.364
 62859.2 14717.1 2281.17 401.106 195.353
 227808 16926.1 3325.41 507.841 132.676
 60008 60242.1 3717.99 719.07 138.383
 20876.7 10421 6860.88 408.57 94.041
 26864 6552.83 2991.81 1954.88 143.15
 36368.7 5027.7 838.822 370.852 259.607
 58876.4 4211.89 304.093 48.0184 35.9805
 111083 17408.9 1101.5 78.7042 21.7277
 91144 19830.1 2069.94 126.537 11.5155
 66690.7 17211.7 2574.26 260.312 17.3313
 50270.7 7510.87 996.603 140.888 15.1487
 279645 6837.56 584.002 73.9047 11.5413
 41732.4 52167.5 870.853 72.0139 10.5178
 482512 9082.22 8452.49 137.618 13.0244
 255127 118791 1784.16 1629 29.0021
 206225 53765.1 18303.7 267.713 248.424
 265725 43006.2 8149.71 2700.5 76.0354
 401547 61370.9 7645.98 1417.16 482.232
 55367.4 84812 9489.5 1151.44 285.621
 202664 14097.9 17560.6 1930.71 292.099
 162257 54256.8 3156.86 3873.21 489.862
 64080.4 43477 12166 697.259 962.881
 163487 17961.3 10459.3 2889.12 393.957
 191941 43212.1 3942.42 2259.9 708.754
 47897 54758 10686.2 963.215 724.821
 32601.6 13930.2 13955.2 2693.11 425.149
 147985 7795.04 2614.36 2565.88 572.697
pred_Ctot
 16800.4 5860.56 9322.73 929.919 0.0325794
 21113.8 12509.9 2640.54 4053.71 403.59
 20995.6 7013.76 2319.55 469.199 790.2
 31110.5 9997.87 1856.61 588.295 318.656
 10924.3 3733 592.902 104.387 50.8439
 41588.7 4493.73 904.396 138.293 36.1321
 21262.1 28810.3 1810.78 350.548 67.4653
 1962.22 1476.07 998.412 59.5418 13.7059
 8806.1 2934.35 1365.61 893.211 65.4107
 17240.4 3039.84 514.339 227.563 159.307
 7434.71 791.342 58.6365 9.27193 6.94803
 38293.7 8135.77 524.404 37.5065 10.3549
 29577.9 8803.9 936.84 57.3285 5.21746
 32079.3 10523.6 1595.82 161.489 10.7522
 21662.1 4214.92 568.03 80.3675 8.64172
 91998.8 3071.25 267.374 33.8702 5.28959
 11239.7 19695.8 335.817 27.8011 4.06066
 104224 2813.49 2679.23 43.6749 4.13372
 72046.4 46758.3 716.966 655.335 11.668
 59100.1 21437.3 7449.67 109.079 101.226
 64913.3 14887.2 2883.9 956.734 26.9395
 113032 24089 3064.03 568.535 193.473
 11101.1 24546 2811.69 341.592 84.7395
 35791.5 3629.66 4632.36 509.966 77.1585
 28586.9 13938.1 830.918 1020.79 129.113
 9859.62 9843.22 2824.25 162.08 223.841
 29884.3 4774.2 2847.88 787.67 107.413
 27809.6 9246 865.202 496.628 155.765
 6463.23 10955.9 2193.68 198.001 149.007
 7469.92 4552.17 4664.22 901.191 142.276
 35128.9 2629.83 901.846 886.171 197.803
F
 0.231109 0.360997 0.372001 0.372599 0.372631
 0.452504 0.706822 0.728367 0.729538 0.729599
 0.45218 0.706317 0.727847 0.729017 0.729078
 0.768768 1.20083 1.23744 1.23943 1.23953
 0.312043 0.487419 0.502276 0.503083 0.503126
 0.33013 0.515671 0.53139 0.532243 0.532288
 0.750651 1.17254 1.20828 1.21022 1.21032
 0.158735 0.247948 0.255506 0.255917 0.255938
 0.675824 1.05565 1.08783 1.08958 1.08967
 1.1558 1.80538 1.86042 1.8634 1.86356
 0.218458 0.341236 0.351638 0.352203 0.352233
 0.723077 1.12946 1.16389 1.16576 1.16586
 0.666852 1.04164 1.07339 1.07512 1.07521
 1.18371 1.84899 1.90535 1.90841 1.90857
 0.994992 1.5542 1.60158 1.60415 1.60429
 0.679063 1.06071 1.09305 1.0948 1.09489
 0.524959 0.819999 0.844994 0.846352 0.846424
 0.401639 0.627371 0.646494 0.647533 0.647588
 0.557136 0.870261 0.896788 0.898229 0.898305
 0.567623 0.886642 0.913669 0.915137 0.915214
 0.465526 0.727163 0.749328 0.750533 0.750596
 0.554889 0.86675 0.89317 0.894606 0.894681
 0.367969 0.574777 0.592297 0.593249 0.593299
 0.31782 0.496443 0.511576 0.512398 0.512441
 0.316951 0.495086 0.510177 0.510997 0.51104
 0.271919 0.424744 0.437691 0.438394 0.438431
 0.330613 0.516426 0.532167 0.533023 0.533068
 0.254264 0.397166 0.409273 0.40993 0.409965
 0.234996 0.36707 0.378258 0.378866 0.378898
 0.430874 0.673036 0.693552 0.694666 0.694725
 0.449621 0.70232 0.723728 0.72489 0.724952
YTP_r0W_actual
 291570 37080.6 24891 30307 7378.05
YTP_p0W_proyectada
 267231 231141 14237.8 5941.24 7904.55
 267231 151967 48356.4 2441.22 1045.79
CTP_r0_actual
 35128.9 2629.83 901.846 886.171 197.803
CTP_p0_proyectada
 35678.3 14750.5 615.554 202.289 233.655
 35678.3 9697.96 2090.64 83.1194 30.913
Wmedp
 7.49 15.67 23.13 29.37 33.83
Frms_r0
 0.449621 0.70232 0.723728 0.72489 0.724952
Zrms_r0
 1.44962 1.70232 1.72373 1.72489 1.72495
nmprior
 8.19 8.8 8.5 0
nm_flota  nm_reclas  nm_pelaces    nm_pelaL
inf 19.3928 11.2048 23.1326
cv_recla  cv_pelaces  cv_mph
0.314192 0.456308 0.895183
 ------------------------------------------------
Talla a la edad & desviaci?n 
 8 13.2811 15.8009 17.003 17.5766
 0.8 1.32811 1.58009 1.7003 1.75766
