years
 1991 1992 1993 1994 1995 1996 1997 1998 1999 2000 2001 2002 2003 2004 2005 2006 2007 2008 2009 2010 2011 2012 2013 2014 2015 2016 2017 2018 2019 2020 2021
reclasobs
 0 0 0 0 0 0 0 0 0 252601 567819 844713 477998 351125 339783 2.1784e+06 2.13404e+06 4.81314e+06 1.55562e+06 2.62356e+06 3.21686e+06 3.843e+06 1.13348e+06 3.07943e+06 1.97215e+06 2.03268e+06 2.025e+06 2.42433e+06 2.27542e+06 1.05018e+06 2.36338e+06
reclaspred
 2.78424e+06 1.48407e+06 719428 405538 215940 1.34526e+06 588878 357886 260064 213377 395719 610392 594870 414319 363831 1.62599e+06 1.29272e+06 3.67806e+06 2.97889e+06 1.97305e+06 3.63271e+06 3.01575e+06 2.05474e+06 3.37123e+06 2.36793e+06 1.9058e+06 2.58844e+06 3.14982e+06 2.40598e+06 1.21385e+06 1.76704e+06
pelacesobs
 0 0 0 0 0 0 0 0 0 0 0 0 0 0 0 552880 188675 0 991730 2.46772e+06 1.41603e+06 1.21717e+06 2.29649e+06 1.80582e+06 0 1.4828e+06 1.56532e+06 1.57751e+06 1.42118e+06 867257 1.10002e+06
pelacespred
 829224 463118 212260 86570.4 51479.6 397822 129284 115881 65644.5 52132.1 117874 151164 164488 113088 101585 419854 335636 1.14919e+06 926651 564341 1.05129e+06 896864 619731 1.14547e+06 760484 612879 961383 1.14378e+06 724059 418344 590681
mphobs
 0 0 0 0 0 0 0 0 0 0 0 498337 0 5186 125008 0 168611 109162 213762 579715 649985 157893 87575 83554 0 0 0 0 0 0 0
mphpred
 1.70522e+06 999916 470139 233160 103128 74007.6 463657 165599 107508 59628.9 52222.4 171718 201666 155939 83267.9 99887.2 697150 515234 1.39341e+06 988555 929305 1.24334e+06 1.19832e+06 834934 1.26296e+06 962728 714509 899401 1.46642e+06 879648 406328
desembarqueobs
 494567 514787 250237 358949 120608 361735 552515 73892 212993 205616 52469 317467 293654 387597 252695 516296 358380 742168 942051 627588 828172 859565 418607 520667 417249 300574 415391 372974 316634 284311 391294
desembarquepred
 494529 514783 249751 358911 120586 361609 552091 73885.3 212903 205532 52466.5 317370 293537 387260 252546 516057 358333 741850 941270 627063 827999 859188 418505 520592 417143 300489 415285 372873 316553 284226 391208
Reclutas
 106916 103956 79381 50701.6 31831.7 259166 44082.3 13941.2 27706.8 49505.8 71953.1 121719 95547.3 67683.2 54796.2 416450 44355.6 651375 340179 228485 395693 515698 62356.3 292523 213524 84880.4 256364 309866 53428.8 33764.3 202960
log_desv_Rt
 -0.0258501 -0.0539247 -0.323635 -0.771938 -1.23743 0.859573 -0.911836 -2.06305 -1.37622 -0.795806 -0.42188 0.103819 -0.138273 -0.483057 -0.694275 1.33387 -0.905655 1.78119 1.13158 0.733575 1.28274 1.54763 -0.56503 0.98065 0.665854 -0.256651 0.848702 1.03825 -0.719544 -1.17849 0.615115
SSB
 1.70522e+06 999916 470139 233160 103128 74007.6 463657 165599 107508 59628.9 52222.4 171718 201666 155939 83267.9 99887.2 697150 515234 1.39341e+06 988555 929305 1.24334e+06 1.19832e+06 834934 1.26296e+06 962728 714509 899401 1.46642e+06 879648 406328
BT
 2.34386e+06 1.57594e+06 726593 492602 218799 1.23538e+06 778483 334431 356243 313529 315804 610043 643093 660099 486711 1.37959e+06 1.05508e+06 3.31558e+06 3.03339e+06 1.87683e+06 3.1018e+06 2.86624e+06 1.79376e+06 3.13217e+06 2.14829e+06 1.68472e+06 2.64844e+06 3.01471e+06 1.93425e+06 1.25593e+06 1.7486e+06
Ftot
 0.265379 0.520349 0.526098 1.29031 0.890962 0.575206 1.28302 0.331239 1.373 1.66679 0.275618 0.925921 0.85537 1.56313 1.29369 0.677151 0.4206 0.407348 0.526782 0.525096 0.40826 0.497025 0.308063 0.29017 0.288458 0.251748 0.3024 0.226888 0.19466 0.344928 0.42991
BD_Bspro_t
 0.958719 0.723557 0.495763 0.355673 0.190321 0.186916 0.474825 0.213787 0.197205 0.146548 0.164746 0.465693 0.373156 0.278717 0.167728 0.200161 0.509818 0.424918 0.600555 0.486066 0.428587 0.497851 0.518857 0.470755 0.60325 0.596689 0.583671 0.660517 0.740515 0.63715 0.499806
BD_Bspro
 2.1775 1.27685 0.600349 0.297736 0.13169 0.0945046 0.592071 0.211463 0.137283 0.0761436 0.0666859 0.219277 0.25752 0.199127 0.10633 0.127552 0.890232 0.657933 1.77932 1.26234 1.18668 1.58769 1.53021 1.06618 1.61275 1.22936 0.912399 1.1485 1.87256 1.12327 0.518864
BD_Bo
 1.0955 0.642383 0.302035 0.149791 0.0662531 0.0475452 0.29787 0.106387 0.069067 0.0383078 0.0335496 0.110318 0.129558 0.100181 0.0534944 0.0641712 0.447875 0.331005 0.895176 0.635084 0.59702 0.798767 0.769847 0.536392 0.811374 0.618492 0.459027 0.577808 0.942081 0.565118 0.26104
BD_Brms
 5.24102 3.07325 1.44498 0.71662 0.316964 0.227463 1.42505 0.50897 0.330426 0.18327 0.160506 0.527778 0.619824 0.479279 0.255925 0.307004 2.1427 1.58358 4.28265 3.03833 2.85623 3.82142 3.68306 2.56618 3.88173 2.95895 2.19605 2.76432 4.50705 2.70361 1.24885
Sel_flota
 0.608533 0.967251 0.998221 0.999906 0.999995
 0.608533 0.967251 0.998221 0.999906 0.999995
 0.608533 0.967251 0.998221 0.999906 0.999995
 0.608533 0.967251 0.998221 0.999906 0.999995
 0.608533 0.967251 0.998221 0.999906 0.999995
 0.608533 0.967251 0.998221 0.999906 0.999995
 0.608533 0.967251 0.998221 0.999906 0.999995
 0.608533 0.967251 0.998221 0.999906 0.999995
 0.608533 0.967251 0.998221 0.999906 0.999995
 0.608533 0.967251 0.998221 0.999906 0.999995
 0.608533 0.967251 0.998221 0.999906 0.999995
 0.608533 0.967251 0.998221 0.999906 0.999995
 0.608533 0.967251 0.998221 0.999906 0.999995
 0.608533 0.967251 0.998221 0.999906 0.999995
 0.608533 0.967251 0.998221 0.999906 0.999995
 0.608533 0.967251 0.998221 0.999906 0.999995
 0.608533 0.967251 0.998221 0.999906 0.999995
 0.608533 0.967251 0.998221 0.999906 0.999995
 0.608533 0.967251 0.998221 0.999906 0.999995
 0.608533 0.967251 0.998221 0.999906 0.999995
 0.608533 0.967251 0.998221 0.999906 0.999995
 0.608533 0.967251 0.998221 0.999906 0.999995
 0.608533 0.967251 0.998221 0.999906 0.999995
 0.608533 0.967251 0.998221 0.999906 0.999995
 0.608533 0.967251 0.998221 0.999906 0.999995
 0.608533 0.967251 0.998221 0.999906 0.999995
 0.608533 0.967251 0.998221 0.999906 0.999995
 0.608533 0.967251 0.998221 0.999906 0.999995
 0.608533 0.967251 0.998221 0.999906 0.999995
 0.608533 0.967251 0.998221 0.999906 0.999995
 0.608533 0.967251 0.998221 0.999906 0.999995
Sel_reclas
 1 1 1 1 1
 1 1 1 1 1
 1 1 1 1 1
 1 1 1 1 1
 1 1 1 1 1
 1 1 1 1 1
 1 1 1 1 1
 1 1 1 1 1
 1 1 1 1 1
 1 1 1 1 1
 1 1 1 1 1
 1 1 1 1 1
 1 1 1 1 1
 1 1 1 1 1
 1 1 1 1 1
 1 1 1 1 1
 1 1 1 1 1
 1 1 1 1 1
 1 1 1 1 1
 1 1 1 1 1
 1 1 1 1 1
 1 1 1 1 1
 1 1 1 1 1
 1 1 1 1 1
 1 1 1 1 1
 1 1 1 1 1
 1 1 1 1 1
 1 1 1 1 1
 1 1 1 1 1
 1 1 1 1 1
 1 1 1 1 1
Sel_pelaces
 1 1 1 1 1
 1 1 1 1 1
 1 1 1 1 1
 1 1 1 1 1
 1 1 1 1 1
 1 1 1 1 1
 1 1 1 1 1
 1 1 1 1 1
 1 1 1 1 1
 1 1 1 1 1
 1 1 1 1 1
 1 1 1 1 1
 1 1 1 1 1
 1 1 1 1 1
 1 1 1 1 1
 1 1 1 1 1
 1 1 1 1 1
 1 1 1 1 1
 1 1 1 1 1
 1 1 1 1 1
 1 1 1 1 1
 1 1 1 1 1
 1 1 1 1 1
 1 1 1 1 1
 1 1 1 1 1
 1 1 1 1 1
 1 1 1 1 1
 1 1 1 1 1
 1 1 1 1 1
 1 1 1 1 1
 1 1 1 1 1
pf_obs 
 0.8446 0.082 0.0669 0.0065 0
 0.8095 0.147 0.0364 0.0071 0
 0.9664 0.0169 0.016 0.0007 0
 0.9276 0.0648 0.0075 0.0001 0
 0.7033 0.2144 0.0806 0.0017 0
 0.9318 0.0425 0.0243 0.0014 0
 0.5671 0.3108 0.0964 0.0239 0.0018
 0.0768 0.2599 0.5324 0.112 0.0189
 0.490249 0.384438 0.106611 0.0170017 0.00170017
 0.7925 0.1577 0.0466 0.003 0.0002
 0.840416 0.127587 0.0312969 0.00059994 9.999e-05
 0.8084 0.0986 0.0794 0.0134 0.0002
 0.7335 0.1905 0.0724 0.0035 0.0001
 0.4001 0.4547 0.1325 0.0127 0
 0.49795 0.308269 0.164784 0.0264974 0.00249975
 0.9179 0.0499 0.0305 0.0017 0
 0.2467 0.6533 0.0926 0.0074 0
 0.9418 0.0223 0.034 0.0019 0
 0.707729 0.231977 0.0356964 0.0245975 0
 0.517169 0.277429 0.184464 0.0207286 0.00020938
 0.811772 0.124168 0.05621 0.00726502 0.000585176
 0.764997 0.148141 0.077277 0.00933861 0.000247198
 0.163321 0.427699 0.378323 0.0303852 0.000271297
 0.753843 0.0900009 0.118128 0.0371064 0.000921714
 0.721811 0.176058 0.0630433 0.0369309 0.00215725
 0.143369 0.312575 0.442814 0.0836902 0.0175525
 0.692698 0.0596174 0.167031 0.0765114 0.00414204
 0.394062 0.376323 0.152708 0.0712218 0.00568511
 0.125707 0.32114 0.495352 0.0537591 0.00404204
 0.23352 0.215282 0.420074 0.123614 0.00750983
 0.796117 0.104755 0.0508955 0.0450114 0.00322123
pf_pred 
 0.370976 0.214194 0.372667 0.0421624 9.86202e-07
 0.510993 0.243289 0.0856302 0.143844 0.0162438
 0.556004 0.28842 0.0790196 0.0267171 0.0498399
 0.548819 0.311322 0.092174 0.024247 0.0234382
 0.656682 0.248233 0.066784 0.0186716 0.00962889
 0.953226 0.0367836 0.00731984 0.00187689 0.000793256
 0.319935 0.661899 0.0144134 0.00275116 0.00100129
 0.380626 0.307487 0.30401 0.00625431 0.00162321
 0.715514 0.145697 0.0701802 0.0668795 0.00172953
 0.878843 0.102838 0.00966159 0.00438466 0.00427271
 0.870706 0.122101 0.00616658 0.000542322 0.000484175
 0.779796 0.202061 0.0171667 0.00083673 0.000139011
 0.697165 0.264162 0.0356276 0.00288214 0.000163383
 0.666265 0.2719 0.0542622 0.00697722 0.000594891
 0.775298 0.184532 0.0331105 0.00619798 0.000861906
 0.964968 0.0308315 0.00348437 0.000590391 0.000125493
 0.222432 0.76228 0.0135245 0.00146357 0.000299991
 0.918238 0.0267262 0.0539932 0.000922149 0.000119998
 0.539365 0.438173 0.00753113 0.0146488 0.000282165
 0.533263 0.3133 0.146246 0.0024143 0.00477615
 0.742548 0.171956 0.0581451 0.026072 0.00127901
 0.718064 0.234518 0.0320738 0.010442 0.00490184
 0.192565 0.65849 0.124722 0.0163957 0.00782664
 0.741234 0.0734739 0.152107 0.0277968 0.00538788
 0.562613 0.36242 0.0218358 0.0436302 0.0095004
 0.363712 0.432852 0.169617 0.00986402 0.023955
 0.753163 0.119799 0.0873829 0.0330734 0.00658157
 0.682384 0.26575 0.025642 0.0180485 0.00817475
 0.213158 0.612052 0.147076 0.0137145 0.0139992
 0.280812 0.21975 0.391395 0.0909394 0.017104
 0.84364 0.062629 0.0293817 0.0504505 0.0138991
pobs_RECLAS
 0 0 0 0 0
 0 0 0 0 0
 0 0 0 0 0
 0 0 0 0 0
 0 0 0 0 0
 0 0 0 0 0
 0 0 0 0 0
 0 0 0 0 0
 0 0 0 0 0
 0 0 0 0 0
 0.991045 0.00858322 0.000360255 1.14367e-05 0
 0.934742 0.0480273 0.0164251 0.00080598 0
 0.827803 0.169806 0.00239088 0 0
 0.941827 0.0461693 0.0120037 0 0
 0.791401 0.0380133 0.147996 0.0225897 0
 0.846168 0.0940531 0.0597789 0 0
 0.134021 0.677848 0.182769 0.00536245 0
 0.80878 0.0450904 0.141981 0.00414843 0
 0.846168 0.0940531 0.0597789 0 0
 0.905697 0.0802665 0.012482 0.00150086 5.37128e-05
 0.989698 0.0102097 9.19794e-05 0 0
 0.975433 0.0193895 0.00387452 0.00125025 5.28907e-05
 0.303575 0.632131 0.0575291 0.00676475 0
 0.966965 0.00978017 0.0227588 0.000495775 0
 0.843318 0.132988 0.00938335 0.0141283 0.000182051
 0.564624 0.303363 0.111486 0.0197234 0.00080311
 0.826376 0.0876187 0.0782897 0.00655872 0.00115652
 0.89761 0.0855135 0.0140674 0.00269457 0.000114338
 0.34875 0.467042 0.161289 0.0227151 0.000203297
 0.318654 0.224769 0.449479 0.00709798 0
 0.937255 0.0296025 0.0250945 0.00804832 0
ppred_RECLAS
 0.49152 0.17688 0.297948 0.0336506 7.87034e-07
 0.633179 0.185677 0.063201 0.105977 0.0119665
 0.673009 0.214961 0.0569536 0.0192219 0.0358544
 0.677919 0.224922 0.0640788 0.0168215 0.0162586
 0.762259 0.173605 0.0450729 0.0125775 0.00648553
 0.970951 0.0230099 0.00442694 0.00113307 0.000478838
 0.445884 0.539864 0.0113127 0.00215486 0.00078418
 0.501249 0.251677 0.240845 0.00494619 0.00128359
 0.815314 0.0964391 0.0446692 0.0424788 0.0010984
 0.928063 0.0614499 0.00553721 0.00250728 0.00244297
 0.91546 0.0799797 0.00391053 0.000343317 0.000306479
 0.855255 0.133207 0.0109187 0.000531173 8.82381e-05
 0.79292 0.181443 0.0236209 0.00190722 0.000108106
 0.778797 0.181572 0.0347872 0.00446324 0.000380501
 0.855934 0.119124 0.0205666 0.00384192 0.000534209
 0.9784 0.0190882 0.00208448 0.000352545 7.49293e-05
 0.316212 0.670774 0.0115146 0.00124387 0.000254935
 0.948815 0.0171048 0.0334359 0.000570044 7.41721e-05
 0.655753 0.328005 0.00545185 0.0105854 0.000203876
 0.652275 0.235975 0.106522 0.00175537 0.00347228
 0.824819 0.118301 0.0387057 0.0173249 0.000849824
 0.805957 0.162319 0.0214711 0.00697772 0.00327527
 0.278305 0.592092 0.108557 0.0142459 0.00679978
 0.824849 0.0509074 0.102024 0.018612 0.00360726
 0.675069 0.270777 0.0157934 0.0315021 0.0068589
 0.480819 0.356847 0.135389 0.00785986 0.0190861
 0.83296 0.0824504 0.058217 0.0219962 0.0043768
 0.775791 0.188599 0.0176209 0.0123814 0.0056074
 0.303875 0.545347 0.126907 0.0118134 0.0120576
 0.391403 0.190254 0.327967 0.0760691 0.0143059
 0.898993 0.0412917 0.0187419 0.0321242 0.00884942
pobs_PELACES
 0 0 0 0 0
 0 0 0 0 0
 0 0 0 0 0
 0 0 0 0 0
 0 0 0 0 0
 0 0 0 0 0
 0 0 0 0 0
 0 0 0 0 0
 0 0 0 0 0
 0 0 0 0 0
 0 0 0 0 0
 0 0 0 0 0
 0 0 0 0 0
 0 0 0 0 0
 0 0 0 0 0
 0 0 0 0 0
 0.505614 0.472636 0.0217494 0 0
 0 0 0 0 0
 0.443492 0.261883 0.143347 0.151278 0
 0.227955 0.32914 0.350689 0.0885471 0.00366901
 0.970185 0.0296113 0.000203453 0 0
 0.997202 0.00247181 0.000326279 0 0
 0.445219 0.490057 0.0546422 0.010081 0
 0.90214 0.0892962 0.00764917 0.000914606 0
 0 0 0 0 0
 0.581667 0.319106 0.0959925 0.00289975 0.000334073
 0.762889 0.0836404 0.116647 0.0363945 0.000428098
 0.88444 0.0763242 0.0277011 0.0115352 0
 0.521256 0.241999 0.230069 0.00667565 0
 0.616807 0.101726 0.260614 0.0208532 0
 0.833518 0.0704572 0.0857862 0.0102388 0
ppred_PELACES
 0.499818 0.174304 0.292812 0.0330657 7.73348e-07
 0.647985 0.178667 0.0604925 0.101406 0.0114501
 0.68697 0.206173 0.054332 0.0183318 0.0341935
 0.711156 0.202527 0.0569427 0.0149375 0.0144371
 0.781267 0.160123 0.0411958 0.0114899 0.00592456
 0.972844 0.0215372 0.00411931 0.00105399 0.000445413
 0.483732 0.50316 0.0104063 0.00198078 0.000720803
 0.511469 0.246934 0.235507 0.00483568 0.0012549
 0.839473 0.0844011 0.0385486 0.0366304 0.000947132
 0.940316 0.0511125 0.00452792 0.00204837 0.00199573
 0.917963 0.0776239 0.00378468 0.000332217 0.000296567
 0.868388 0.121212 0.0098419 0.000478541 7.94927e-05
 0.809221 0.167342 0.0215955 0.00174285 9.87868e-05
 0.80947 0.156843 0.0295731 0.00379097 0.000323173
 0.874062 0.104374 0.0177834 0.00331961 0.000461565
 0.980046 0.0176475 0.00191386 0.000323566 6.87689e-05
 0.327093 0.660155 0.0112837 0.00121864 0.000249761
 0.951236 0.0163411 0.0318104 0.000542209 7.05495e-05
 0.669749 0.314753 0.00520349 0.0101002 0.000194528
 0.666621 0.22663 0.101757 0.00167635 0.00331591
 0.831885 0.113685 0.0370407 0.0165758 0.000813072
 0.815121 0.154784 0.0203707 0.00661828 0.0031065
 0.285804 0.586274 0.107152 0.0140591 0.00671057
 0.830056 0.049499 0.0989076 0.0180406 0.00349648
 0.682624 0.264615 0.0153886 0.0306898 0.00668198
 0.488464 0.351877 0.13316 0.0077294 0.0187692
 0.838097 0.0800418 0.0563419 0.0212841 0.00423508
 0.780493 0.184714 0.0172179 0.0120967 0.00547843
 0.308864 0.541674 0.125802 0.0117093 0.0119512
 0.40176 0.187475 0.32204 0.0746799 0.0140445
 0.903756 0.0394508 0.0178278 0.0305502 0.0084157
pobs_pel_tallas
 0 0 0 0 0 0 0 0 0 0 0 0 0 0 0 0 0 0 0 0 0 0 0 0 0 0
 0 0 0 0 0 0 0 0 0 0 0 0 0 0 0 0 0 0 0 0 0 0 0 0 0 0
 0 0 0 0 0 0 0 0 0 0 0 0 0 0 0 0 0 0 0 0 0 0 0 0 0 0
 0 0 0 0 0 0 0 0 0 0 0 0 0 0 0 0 0 0 0 0 0 0 0 0 0 0
 0 0 0 0 0 0 0 0 0 0 0 0 0 0 0 0 0 0 0 0 0 0 0 0 0 0
 0 0 0 0 0 0 0 0 0 0 0 0 0 0 0 0 0 0 0 0 0 0 0 0 0 0
 0 0 0 0 0 0 0 0 0 0 0 0 0 0 0 0 0 0 0 0 0 0 0 0 0 0
 0 0 0 0 0 0 0 0 0 0 0 0 0 0 0 0 0 0 0 0 0 0 0 0 0 0
 0 0 0 0 0 0 0 0 0 0 0 0 0 0 0 0 0 0 0 0 0 0 0 0 0 0
 0 0 0 0 0 0 0 0 0 0 0 0 0 0 0 0 0 0 0 0 0 0 0 0 0 0
 0 0 0 0 0 0 0 0 0 0 0 0 0 0 0 0 0 0 0 0 0 0 0 0 0 0
 0 0 0 0 0 0 0 0 0 0 0 0 0 0 0 0 0 0 0 0 0 0 0 0 0 0
 0.00862536 0 0 0.000197151 0.00414017 0.0128641 0.00837892 0.0270097 0.101434 0.158115 0.152841 0.127902 0.109271 0.109419 0.0830992 0.0579132 0.0238553 0.00714673 0.00463305 0.00128148 0.00103504 0.000492878 0.000147863 0.000147863 4.92878e-05 0
 0 0 0 0 0 0 0 0 0 0 0 0 0 0 0 0 0 0 0 0 0 0 0 0 0 0
 0 0 0 0 0 0 0 0.0054083 0.00873648 0.0413646 0.0450493 0.0745869 0.0622846 0.0627006 0.0613931 0.0827291 0.12552 0.122667 0.0946155 0.0697135 0.0546179 0.0294188 0.0215738 0.0213955 0.0102223 0.00600262
 0 0 0 0 0.00359764 0.0251062 0.0480494 0.140153 0.205849 0.193036 0.1447 0.116669 0.0760912 0.0342217 0.00950174 0.001854 0.000860785 0 0 0 0.000165536 0 0.000143464 0 0 0
 0 0 0 0 0 0 0 0.000145254 0.000435761 0.0275982 0.070085 0.0708112 0.156366 0.174668 0.174014 0.160142 0.0824315 0.0480064 0.0283245 0.00493863 0.00203355 0 0 0 0 0
 0 0 0 0 0 0 0 0 0 0 0 0 0 0 0 0 0 0 0 0 0 0 0 0 0 0
 0 0 1.00437e-05 0.000401748 0.00122533 0.00171747 0.00176769 0.0269171 0.070346 0.194647 0.189555 0.159765 0.064822 0.0314167 0.0384472 0.0292271 0.0345202 0.0313363 0.0194345 0.0106764 0.0143323 0.0359363 0.0279516 0.0138201 0.00172751 0
 0 0.0021121 0.0136068 0.0755702 0.200478 0.177729 0.0527432 0.0373336 0.0318909 0.0142505 0.0149659 0.0166563 0.0217959 0.0798694 0.0677717 0.0528807 0.04013 0.0224614 0.0357745 0.0225083 0.00881397 0.00855152 0.00135912 0.000746735 0 0
 0 0 0 0 5.4009e-05 0.00500934 0.000945158 0.0243581 0.138947 0.33067 0.221406 0.137944 0.0707744 0.0437923 0.0131692 0.00525238 0.0047753 0.00276346 9.45158e-05 9.00151e-06 2.25038e-05 9.00151e-06 4.50075e-06 0 0 0
 0.000866109 0.00284123 0.00948549 0.0512746 0.133035 0.25785 0.225252 0.132002 0.0553304 0.0519788 0.0540692 0.017754 0.00435017 0.00159236 0.00146478 0.000404838 0.000125132 0.000115318 0.000107957 0.000100596 0 0 0 0 0 0
 0 0 0 0 0.00144013 0.00171154 0.00461396 0.0210425 0.0478622 0.0707936 0.0888783 0.103762 0.0637923 0.0337046 0.0602308 0.124433 0.169614 0.0934646 0.0462172 0.0250306 0.0313229 0.00938855 0.002487 0.000210481 0 0
 0 0.00764035 0.051015 0.0998891 0.058973 0.0496711 0.0374665 0.0718981 0.12319 0.153886 0.159021 0.0857701 0.0377988 0.023471 0.0147837 0.00900784 0.00315554 0.000888139 0.00291439 0.00214683 0.00393193 0.00274676 0.000635225 9.99891e-05 0 0
 0 0 0 0 0 0 0 0 0 0 0 0 0 0 0 0 0 0 0 0 0 0 0 0 0 0
 0 0 0 0 0 0 0 0 0 0 0 0 0 0 0 0 0 0 0 0 0 0 0 0 0 0
 0 0 0 0 0 0 0 0 0 0 0 0 0 0 0 0 0 0 0 0 0 0 0 0 0 0
 0 0 0 0 0 0 0 0 0 0 0 0 0 0 0 0 0 0 0 0 0 0 0 0 0 0
 0 0 0 0 0 0 0 0 0 0 0 0 0 0 0 0 0 0 0 0 0 0 0 0 0 0
 0 0 0 0 0 0 0 0 0 0 0 0 0 0 0 0 0 0 0 0 0 0 0 0 0 0
 0 0 0 0 0 0 0 0 0 0 0 0 0 0 0 0 0 0 0 0 0 0 0 0 0 0
ppred_pel_tallas
 1.11811e-16 4.11694e-05 0.000400181 0.00265934 0.012089 0.0376135 0.0801401 0.11697 0.116988 0.0802244 0.0378979 0.012916 0.00475568 0.00504385 0.00905752 0.0154225 0.0234082 0.0319248 0.0398013 0.0463652 0.0515855 0.0555875 0.0580356 0.0580527 0.0548033 0.0482167
 1.13899e-16 5.33737e-05 0.000518811 0.00344768 0.0156727 0.0487636 0.103897 0.151644 0.151661 0.103981 0.0490481 0.0164955 0.00551803 0.0050552 0.00871994 0.0144709 0.0211839 0.0274012 0.031715 0.0335871 0.0336884 0.0333785 0.0337222 0.0348137 0.0358446 0.0357185
 1.09246e-16 5.65849e-05 0.000550025 0.00365511 0.0166156 0.0516974 0.110148 0.160768 0.160788 0.110245 0.0520245 0.017561 0.00603064 0.00574451 0.00994801 0.0164271 0.0238295 0.0303412 0.0341668 0.0345231 0.0321107 0.0286088 0.0255989 0.0237601 0.0228084 0.0219939
 1.05637e-16 5.8577e-05 0.000569389 0.00378379 0.0172006 0.0535175 0.114025 0.166428 0.166447 0.114121 0.0538388 0.0181292 0.00611726 0.00567155 0.00977277 0.0161279 0.0233796 0.0297258 0.0333699 0.0334928 0.0307217 0.0266525 0.0228241 0.0199584 0.017914 0.0161526
 1.03385e-16 6.4352e-05 0.000625524 0.00415683 0.0188963 0.0587936 0.125267 0.182833 0.182849 0.125342 0.0590475 0.01963 0.00600003 0.00465449 0.00773156 0.0127208 0.0184149 0.0233616 0.0261238 0.0260406 0.0236025 0.0200805 0.0167176 0.0141254 0.0122403 0.0106807
 1.00306e-16 8.01319e-05 0.00077891 0.00517613 0.02353 0.0732104 0.155983 0.227662 0.227664 0.155993 0.0732445 0.0236285 0.00542348 0.00131917 0.00110707 0.00170571 0.0024548 0.00309828 0.00343498 0.0033738 0.00298241 0.00243821 0.00191904 0.00151927 0.00124007 0.00103432
 1.0075e-16 3.98445e-05 0.000387302 0.00257376 0.0117 0.0364033 0.0775628 0.113215 0.113264 0.0777992 0.0371968 0.0139908 0.00831918 0.0129134 0.0237815 0.0391275 0.0560669 0.0698868 0.0758133 0.0716479 0.0591121 0.0427627 0.0273794 0.0158234 0.00858108 0.00465217
 1.07557e-16 4.21291e-05 0.000409509 0.00272134 0.0123708 0.0384903 0.0820086 0.119699 0.119723 0.0821265 0.0388872 0.0135211 0.00562347 0.00679335 0.0123076 0.0206472 0.0305883 0.040222 0.0475512 0.0515239 0.0524518 0.0514142 0.0492264 0.0459215 0.0410967 0.034633
 1.04968e-16 6.91463e-05 0.000672126 0.00446652 0.0203041 0.0631738 0.134599 0.196452 0.196461 0.134639 0.0633083 0.0206936 0.0054468 0.00282131 0.00417843 0.00687224 0.0100706 0.0130482 0.0151236 0.0160091 0.0159685 0.0155851 0.015325 0.0152502 0.0150665 0.0143963
 1.00687e-16 7.74526e-05 0.000752866 0.00500306 0.0227432 0.0707626 0.150767 0.22005 0.220055 0.150791 0.0708433 0.0229764 0.00558821 0.0020297 0.00250081 0.00400772 0.0057567 0.00722104 0.00792314 0.00764796 0.00657002 0.00513843 0.003811 0.00284202 0.00224537 0.00189498
 1.00213e-16 7.56114e-05 0.00073497 0.00488413 0.0222026 0.0690804 0.147183 0.21482 0.214828 0.14722 0.0692029 0.0225562 0.00577128 0.00266967 0.00374419 0.00605504 0.0086794 0.0108388 0.0117962 0.0112128 0.00934957 0.00689886 0.00458361 0.00283175 0.00171119 0.00106964
 1.00377e-16 7.1528e-05 0.000695278 0.00462037 0.0210035 0.0653498 0.139235 0.20322 0.203232 0.139292 0.0655412 0.0215562 0.00600705 0.0037203 0.0058103 0.00947572 0.0136036 0.0170222 0.0185884 0.0177727 0.0149724 0.011248 0.00770265 0.00498298 0.00318745 0.00208892
 1.00858e-16 6.66545e-05 0.000647906 0.00430556 0.0195725 0.0608973 0.129749 0.189375 0.189392 0.129828 0.0611618 0.0203364 0.00622293 0.00483265 0.00801152 0.0131317 0.0188919 0.0237159 0.0260414 0.0251401 0.0215434 0.0166755 0.0120035 0.00836751 0.00587417 0.00421626
 1.01329e-16 6.6675e-05 0.000648105 0.00430689 0.0195785 0.060916 0.129789 0.189433 0.189448 0.129862 0.0611643 0.0202956 0.0061075 0.00458048 0.00753964 0.012371 0.0178414 0.0224904 0.0248712 0.0243073 0.0212788 0.0170741 0.0130013 0.0097804 0.00746924 0.00577838
 1.00951e-16 7.19953e-05 0.00069982 0.00465055 0.0211407 0.0657767 0.140145 0.204547 0.204557 0.140194 0.0659419 0.0216178 0.00584821 0.00331502 0.00504074 0.00822455 0.0118525 0.0149284 0.0164869 0.0160799 0.0140332 0.0112144 0.00850415 0.00638783 0.00490118 0.0038402
 1.00104e-16 8.07251e-05 0.000784677 0.00521445 0.0237042 0.0737524 0.157137 0.229347 0.229349 0.157146 0.0737803 0.0237847 0.00541654 0.00122567 0.000917749 0.00138812 0.00198859 0.00249365 0.00273388 0.00263268 0.0022473 0.00172987 0.00123716 0.000858937 0.000605972 0.000443676
 1.00659e-16 2.69424e-05 0.000261889 0.00174035 0.00791142 0.0246157 0.0524487 0.0765637 0.0766272 0.0527589 0.0256568 0.0109167 0.00927742 0.0166934 0.0311687 0.0513156 0.0735203 0.0916127 0.0993237 0.0937642 0.0771943 0.0556033 0.0352815 0.0200063 0.0104369 0.00527329
 1.00989e-16 7.8352e-05 0.00076161 0.00506116 0.0230073 0.0715843 0.152518 0.222605 0.222606 0.152526 0.0716111 0.0230853 0.00525902 0.00120069 0.000933188 0.00147309 0.00224036 0.00307787 0.00387308 0.00455779 0.00511481 0.00553393 0.00576144 0.00570352 0.00528918 0.00453778
 1.01277e-16 5.51664e-05 0.000536237 0.00356348 0.0161991 0.0504016 0.107387 0.156741 0.156771 0.107535 0.050898 0.0176322 0.00715789 0.00837311 0.0149103 0.0244881 0.0350976 0.0437756 0.047548 0.0450575 0.0373979 0.0274265 0.0181193 0.0112256 0.00698792 0.0047152
 1.03724e-16 5.49087e-05 0.000533732 0.00354684 0.0161234 0.0501661 0.106885 0.156006 0.156028 0.106992 0.0505267 0.0171662 0.00616947 0.00627549 0.0110077 0.0182358 0.0265521 0.0339838 0.0385273 0.0392079 0.0365816 0.0322179 0.0276271 0.0235168 0.0198253 0.0162419
 1.02898e-16 6.85213e-05 0.000666051 0.00442615 0.0201206 0.0626028 0.133382 0.194678 0.194689 0.133436 0.0627833 0.0206426 0.00573817 0.00353634 0.00553783 0.00909455 0.0132076 0.016849 0.0190188 0.0192581 0.0179024 0.015809 0.0137877 0.0121913 0.0109125 0.00966215
 1.01817e-16 6.71404e-05 0.000652629 0.00433695 0.0197152 0.0613412 0.130695 0.190756 0.190771 0.130767 0.061586 0.020422 0.00611121 0.00452568 0.00742232 0.0121633 0.0175133 0.0220205 0.0242544 0.023559 0.0204405 0.01622 0.0122392 0.00923576 0.00725017 0.00593535
 1.05788e-16 2.35414e-05 0.000228831 0.00152067 0.00691277 0.0215085 0.0458282 0.0668994 0.066956 0.0461045 0.0224363 0.00959312 0.00825039 0.0149254 0.0279509 0.0462122 0.066662 0.0840202 0.0928973 0.0907767 0.0794746 0.0638344 0.0487676 0.0369699 0.0286311 0.0226156
 1.05268e-16 6.83706e-05 0.000664587 0.00441641 0.0200764 0.0624651 0.133089 0.194248 0.194253 0.133113 0.0625465 0.0203133 0.00501834 0.00200244 0.00267918 0.00450402 0.00690929 0.00958378 0.0122366 0.014704 0.0169631 0.0189772 0.0205247 0.0212061 0.0206547 0.0187837
 1.04721e-16 5.62269e-05 0.000546546 0.00363199 0.0165105 0.0513705 0.109451 0.159752 0.159778 0.109576 0.0517884 0.0177173 0.00666018 0.00715372 0.0125951 0.0207105 0.0297809 0.0373631 0.0410247 0.0396871 0.0342968 0.0272138 0.0208105 0.0163506 0.0137997 0.0123748
 1.07885e-16 4.02342e-05 0.000391091 0.00259894 0.0118144 0.0367592 0.0783207 0.114318 0.114353 0.0784871 0.0373184 0.0134311 0.00666333 0.00928443 0.016991 0.0281843 0.0409652 0.0522831 0.059026 0.0597203 0.0553301 0.0484427 0.0415531 0.0358351 0.0311315 0.0267575
 1.04498e-16 6.9033e-05 0.000671025 0.0044592 0.0202709 0.0630702 0.134378 0.19613 0.196138 0.134416 0.0631984 0.0206421 0.00539482 0.00272614 0.0040094 0.00661744 0.00975795 0.0127619 0.0149923 0.016157 0.0164458 0.0163177 0.0161182 0.0158546 0.0152755 0.0141275
 1.02685e-16 6.42882e-05 0.000624904 0.00415271 0.0188776 0.0587354 0.125143 0.182653 0.182671 0.12523 0.0590273 0.0197205 0.00626801 0.00524113 0.00882713 0.0144809 0.0208318 0.0261544 0.0287431 0.0278272 0.024039 0.0189943 0.0143301 0.0109395 0.00884663 0.00757791
 1.06966e-16 2.54408e-05 0.000247294 0.00164336 0.00747049 0.0232438 0.0495252 0.0722944 0.0723467 0.0497807 0.0241019 0.00995001 0.00787087 0.0138538 0.0259011 0.0428686 0.0619578 0.0783402 0.0870824 0.0858718 0.0763356 0.0628243 0.0497021 0.0392922 0.0316719 0.0257981
 1.19208e-16 3.30925e-05 0.000321671 0.00213762 0.00971731 0.0302343 0.064418 0.0940238 0.0940423 0.0645088 0.0305408 0.010609 0.0043993 0.00533701 0.00978763 0.0167298 0.0255051 0.0350296 0.0441513 0.0522622 0.0594112 0.0657261 0.0706983 0.0730841 0.0715805 0.0657114
 1.05013e-16 7.44412e-05 0.000723595 0.00480854 0.0218589 0.0680113 0.144905 0.211494 0.211498 0.144924 0.0680743 0.0220414 0.00526836 0.00173314 0.00200929 0.00325187 0.00479515 0.0062923 0.00746029 0.00821108 0.00871029 0.00924706 0.0100059 0.0109183 0.0116945 0.0119881
pSPR Fmed_Fpbrs
0.45492   0.259024 0.259024
Fs Fmed_Fpbrs
0.52159   1.005 1.005
SSBpbr Bo_Bmed_Bpbrs
1.55657e+06  630288  325361 325361
Ro
109716
SPR SPRFo_SPRFmed_SPRFpbrs
783111 356253 202844
Fref
1.005
Nvult_r0
 145482 7625.33 3498.95 6000.86 1653.14
CTP_r0
 30167.9 2239.57 1050.67 1804.07 497.023
YTP_r0
391208
Np
 164970 32923.5 7998.93 329.711 168.393
Nvult_p0
 132046 28341.6 6919.86 285.308 145.717
CTP_p0
 50110.1 24389.2 1058.88 477.957 1014.99
 50110.1 13970.3 3465.48 143.003 73.04
YTP_p0
 830370 681066
CBA_c0
785579
log_Ro
11.4256
likeval ReclasPelacesDesembMPH_pf_preclas_ppelaces_ptallas_desvR_qrecl_qpela
 10.93 39.935 0.0443008 0.00188177 246.226 116.606 101.918 0 40.3015 7.45114e-06 0 0.079748 0 0 0
q_reclas_q_pelaces
1.47227 1
M
1
N
 106916 40350.9 68249.3 7709.89 0.180324
 103956 33466.8 11483.7 19264.4 2175.31
 79381 27863.6 7442.78 2513.06 4687.7
 50701.6 21202.3 6162.31 1619.44 1565.35
 31831.7 8505.89 2239.06 625.274 322.432
 259166 6809.26 1321.77 338.469 143.042
 44082.3 67184.1 1436.08 273.841 99.6599
 13941.2 7428.32 7145.17 146.78 38.0916
 27706.8 4192.41 1983.59 1888.51 48.835
 49505.8 4420.11 408.707 185.325 180.585
 71953.1 6604.79 324.317 28.4793 25.4238
 121719 22382.8 1861.17 90.6125 15.0531
 95547.3 25489.3 3362.53 271.697 15.401
 67683.2 20886.5 4099.65 526.684 44.9041
 54796.2 9617.88 1694.12 316.813 44.0545
 416450 9173.97 1012.38 171.32 36.4132
 44355.6 101463 1753.12 189.448 38.8287
 651375 12632.7 24850.3 423.815 55.1463
 340179 187017 3133.91 6087.56 117.25
 228485 90822.6 41333.4 681.43 1347.96
 395693 61064.5 20105.8 9002.56 441.604
 515698 113545 15135.5 4920.82 2309.83
 62356.3 140199 25827.8 3390.24 1618.23
 292523 19018.2 38286.2 6986.19 1354.03
 213524 90194.3 5284.25 10542.7 2295.48
 84880.4 65904.9 25102.2 1457.59 3539.52
 256364 26790.5 19005.1 7182.56 1429.21
 309866 78459 7356.25 5169.87 2341.41
 53428.8 99292.7 23176 2157.75 2202.37
 33764.3 17459.7 30258.8 7020.29 1320.29
 202960 10069.4 4600.94 7889.02 2173.27
pred_Ctot
 10212.3 5896.35 10258.8 1160.65 0.0271483
 18300 8712.83 3066.65 5151.43 581.735
 14108.9 7318.8 2005.16 677.961 1264.71
 18559.3 10527.9 3117.02 819.952 792.602
 8797.07 3325.39 894.655 250.129 128.991
 49776.4 1920.8 382.233 98.0089 41.4229
 16070.6 33247.8 723.998 138.193 50.2957
 1635.4 1321.16 1306.21 26.8724 6.97431
 10600 2158.42 1039.68 990.785 25.622
 21602.7 2527.85 237.49 107.779 105.027
 7119.9 998.436 50.4251 4.43465 3.95917
 34680.2 8986.35 763.46 37.2122 6.18229
 25558.7 9684.44 1306.14 105.662 5.98978
 28306.8 11551.9 2305.37 296.432 25.2744
 20095.7 4783.07 858.224 160.652 22.3406
 91919 2936.88 331.907 56.2383 11.954
 6464.79 22154.9 393.076 42.5372 8.71895
 92241.8 2684.78 5423.9 92.6347 12.0544
 60530.7 49174.4 845.188 1643.98 31.6662
 40542.3 23819.3 11118.6 183.552 363.116
 56147.5 13002.4 4396.62 1971.43 96.7119
 87198.3 28478.7 3894.88 1268.03 595.256
 6841.82 23396.1 4431.36 582.538 278.08
 30365.1 3009.9 6231.15 1138.71 220.718
 22043.1 14199.6 855.522 1709.42 372.224
 7716.98 9183.94 3598.82 209.288 508.261
 27649.9 4398.04 3207.98 1214.18 241.621
 25546.5 9948.91 959.962 675.684 306.039
 3809.54 10938.5 2628.53 245.103 250.192
 4110.71 3216.84 5729.49 1331.23 250.38
 30167.9 2239.57 1050.67 1804.07 497.023
F
 0.161492 0.256688 0.264907 0.265354 0.265378
 0.316649 0.503308 0.519423 0.5203 0.520346
 0.320148 0.508869 0.525163 0.526049 0.526096
 0.785197 1.24806 1.28802 1.29019 1.29031
 0.54218 0.861784 0.889377 0.890878 0.890957
 0.350032 0.556368 0.574182 0.575152 0.575203
 0.780758 1.241 1.28074 1.2829 1.28301
 0.20157 0.320391 0.330649 0.331208 0.331237
 0.835514 1.32803 1.37055 1.37287 1.37299
 1.01429 1.6122 1.66382 1.66663 1.66678
 0.167723 0.266592 0.275128 0.275592 0.275616
 0.563453 0.895598 0.924273 0.925834 0.925916
 0.520521 0.827358 0.853849 0.85529 0.855366
 0.951214 1.51194 1.56035 1.56298 1.56312
 0.78725 1.25132 1.29138 1.29356 1.29368
 0.412069 0.654975 0.675946 0.677087 0.677147
 0.255949 0.406826 0.419852 0.420561 0.420598
 0.247885 0.394008 0.406624 0.40731 0.407346
 0.320564 0.50953 0.525845 0.526732 0.526779
 0.319538 0.5079 0.524162 0.525047 0.525093
 0.24844 0.39489 0.407534 0.408222 0.408258
 0.302456 0.480748 0.496141 0.496979 0.497023
 0.187467 0.297974 0.307515 0.308034 0.308062
 0.176578 0.280668 0.289654 0.290143 0.290169
 0.175536 0.279011 0.287945 0.288431 0.288456
 0.153197 0.243503 0.2513 0.251724 0.251747
 0.18402 0.292496 0.301862 0.302371 0.302398
 0.138069 0.219458 0.226484 0.226867 0.226887
 0.118457 0.188285 0.194314 0.194642 0.194659
 0.2099 0.333632 0.344314 0.344896 0.344926
 0.261614 0.415831 0.429145 0.429869 0.429908
YTP_r0W_actual
 250394 31577.9 28998.5 61699.3 18538.9
YTP_p0W_proyectada
 375325 382178 24492 14037.6 34337.2
 375325 218914 80156.6 4199.99 2470.94
CTP_r0_actual
 30167.9 2239.57 1050.67 1804.07 497.023
CTP_p0_proyectada
 50110.1 24389.2 1058.88 477.957 1014.99
 50110.1 13970.3 3465.48 143.003 73.04
Wmedp
 7.49 15.67 23.13 29.37 33.83
Frms_r0
 0.261614 0.415831 0.429145 0.429869 0.429908
Zrms_r0
 1.26161 1.41583 1.42914 1.42987 1.42991
nmprior
 8.19 8.8 8.5 0
nm_flota  nm_reclas  nm_pelaces    nm_pelaL
inf 17.17 10.5344 21.3498
cv_recla  cv_pelaces  cv_mph
0.299044 0.716554 1.33871
 ------------------------------------------------
Talla a la edad & desviaci?n 
 8 13.2811 15.8009 17.003 17.5766
 0.8 1.32811 1.58009 1.7003 1.75766
