years
 1991 1992 1993 1994 1995 1996 1997 1998 1999 2000 2001 2002 2003 2004 2005 2006 2007 2008 2009 2010 2011 2012 2013 2014 2015 2016 2017 2018 2019 2020 2021
reclasobs
 0 0 0 0 0 0 0 0 0 252601 567819 844713 477998 351125 339783 2.1784e+06 2.13404e+06 4.81314e+06 1.55562e+06 2.62356e+06 3.21686e+06 3.843e+06 1.13348e+06 3.07943e+06 1.97215e+06 2.03268e+06 2.025e+06 2.42433e+06 2.27542e+06 1.05018e+06 2.36338e+06
reclaspred
 3.64354e+06 2.29975e+06 797003 337568 4.39119e+06 5.16291e+06 1.36365e+06 151410 1.14517e+06 231359 268325 1.33815e+06 533086 696049 367410 2.09394e+06 723774 4.97499e+06 5.52903e+06 1.47372e+06 2.9685e+06 3.5139e+06 1.47926e+06 3.63739e+06 2.6861e+06 1.26483e+06 2.0878e+06 4.35685e+06 3.19231e+06 582329 1.34883e+06
pelacesobs
 0 0 0 0 0 0 0 0 0 0 0 0 0 0 0 552880 188675 0 991730 2.46772e+06 1.41603e+06 1.21717e+06 2.29649e+06 1.80582e+06 0 1.4828e+06 1.56532e+06 1.57751e+06 1.42118e+06 867257 1.10002e+06
pelacespred
 3.7754e+06 1.41177e+06 521196 83308.1 1.9994e+06 3.64167e+06 1.0787e+06 122244 534585 94801.5 122338 564325 235169 289904 132653 814809 349590 2.5234e+06 3.35469e+06 954416 1.38263e+06 1.61807e+06 925903 2.12547e+06 1.72857e+06 874366 1.25971e+06 2.77829e+06 2.54264e+06 465618 622665
mphobs
 0 0 0 0 0 0 0 0 0 0 0 498337 0 5186 125008 0 168611 109162 213762 579715 649985 157893 87575 83554 0 0 0 0 0 0 0
mphpred
 1.12367e+06 325035 276568 40021.5 25411.3 1.09825e+06 591457 74243.3 7191.9 127591 7546.63 37471.4 158204 26871.7 35509.7 23951.9 270432 48811 731256 614143 125681 317848 465492 140395 494094 365176 106702 249522 816889 295351 27565.1
desembarqueobs
 494567 514787 250237 358949 120608 361735 552515 73892 212993 205616 52469 317467 293654 387597 252695 516296 358380 742168 942051 627588 828172 859565 418607 520667 417249 300574 415391 372974 316634 284311 391294
desembarquepred
 494426 514606 249556 358035 120571 361395 550997 73809.5 212732 205261 52423 316948 292918 386453 252068 515377 357879 741053 939769 624997 826729 857745 417934 520027 416456 299969 414650 372511 316101 283238 390725
Reclutas
 736.186 201064 1050.49 77306 436717 8573.85 584.985 163.025 63645.2 771.397 27107 159889 25949.6 81300.1 37512 265869 1702.39 468293 366455 14939.7 252623 413680 1741.59 186570 139385 6878.29 131247 220644 5963.43 1705.15 105264
log_desv_Rt
 -3.56908 2.04082 -3.21355 1.08496 2.81648 -1.11409 -3.79898 -5.07666 0.890517 -3.52236 0.036987 1.81167 -0.00664975 1.13534 0.361855 2.3202 -2.73077 2.88629 2.64107 -0.558785 2.26909 2.76229 -2.70801 1.966 1.67443 -1.33444 1.61428 2.13374 -1.47716 -2.72915 1.39366
SSB
 985101 284953 242463 35086.2 22277.7 962823 518521 65087.9 6305.03 111857 6616.02 32850.6 138695 23558.1 31130.8 20998.3 237084 42791.8 641081 538410 110182 278653 408089 123082 433165 320144 93543.6 218752 716154 258929 24165.9
BT
 1.27016e+06 989796 345748 322717 1.11872e+06 1.22306e+06 774486 102488 467267 200453 104366 543991 328065 556573 312514 829010 372438 1.97889e+06 2.22263e+06 851013 1.40599e+06 1.43901e+06 578956 1.51028e+06 964848 479850 1.03904e+06 1.64702e+06 916631 409722 690524
Ftot
 0.584225 1.22454 1.23981 4.4012 0.193493 0.314863 1.50171 1.74563 1.24171 2.66879 1.26304 1.48583 2.17968 3.0436 3.38775 1.5904 1.79278 1.00074 0.930605 1.61779 1.656 1.40026 1.13983 0.909388 0.802838 1.00131 1.23047 0.546476 0.438975 1.74718 1.81797
BD_Bspro_t
 0.911411 0.461662 0.333401 0.0722404 0.0455791 0.687848 0.46561 0.104955 0.0212091 0.263039 0.0297588 0.193828 0.283841 0.0598566 0.0716602 0.0526522 0.257774 0.0623821 0.413587 0.320301 0.0819552 0.181465 0.254282 0.108987 0.324084 0.310046 0.152795 0.321416 0.571192 0.322521 0.0611719
BD_Bspro
 5.27572 1.52607 1.29852 0.187905 0.119309 5.15641 2.77695 0.348579 0.0337667 0.599053 0.0354322 0.175932 0.742782 0.126165 0.166721 0.112457 1.2697 0.229172 3.43332 2.88346 0.590083 1.49233 2.18553 0.659166 2.31982 1.71454 0.500974 1.17153 3.83537 1.3867 0.129421
BD_Bo
 0.713646 0.206431 0.17565 0.0254178 0.0161389 0.697507 0.375637 0.0471523 0.00456761 0.0810338 0.0047929 0.0237983 0.100476 0.0170664 0.0225524 0.015212 0.171753 0.0310001 0.464424 0.390045 0.0798204 0.201867 0.295636 0.0891654 0.313802 0.231925 0.0677667 0.158472 0.51881 0.187579 0.0175067
BD_Brms
 2.96726 0.858319 0.730334 0.105685 0.0671036 2.90016 1.56186 0.196054 0.0189916 0.33693 0.0199284 0.0989507 0.417769 0.0709602 0.0937704 0.0632499 0.71413 0.128895 1.93103 1.62177 0.331885 0.839341 1.22922 0.37074 1.30475 0.964319 0.281767 0.658911 2.15716 0.779932 0.0727911
Sel_flota
 0.501512 0.950287 0.997254 0.999855 0.999992
 0.501512 0.950287 0.997254 0.999855 0.999992
 0.501512 0.950287 0.997254 0.999855 0.999992
 0.501512 0.950287 0.997254 0.999855 0.999992
 0.501512 0.950287 0.997254 0.999855 0.999992
 0.501512 0.950287 0.997254 0.999855 0.999992
 0.501512 0.950287 0.997254 0.999855 0.999992
 0.501512 0.950287 0.997254 0.999855 0.999992
 0.501512 0.950287 0.997254 0.999855 0.999992
 0.501512 0.950287 0.997254 0.999855 0.999992
 0.501512 0.950287 0.997254 0.999855 0.999992
 0.501512 0.950287 0.997254 0.999855 0.999992
 0.501512 0.950287 0.997254 0.999855 0.999992
 0.501512 0.950287 0.997254 0.999855 0.999992
 0.501512 0.950287 0.997254 0.999855 0.999992
 0.501512 0.950287 0.997254 0.999855 0.999992
 0.501512 0.950287 0.997254 0.999855 0.999992
 0.501512 0.950287 0.997254 0.999855 0.999992
 0.501512 0.950287 0.997254 0.999855 0.999992
 0.501512 0.950287 0.997254 0.999855 0.999992
 0.501512 0.950287 0.997254 0.999855 0.999992
 0.501512 0.950287 0.997254 0.999855 0.999992
 0.501512 0.950287 0.997254 0.999855 0.999992
 0.501512 0.950287 0.997254 0.999855 0.999992
 0.501512 0.950287 0.997254 0.999855 0.999992
 0.501512 0.950287 0.997254 0.999855 0.999992
 0.501512 0.950287 0.997254 0.999855 0.999992
 0.501512 0.950287 0.997254 0.999855 0.999992
 0.501512 0.950287 0.997254 0.999855 0.999992
 0.501512 0.950287 0.997254 0.999855 0.999992
 0.501512 0.950287 0.997254 0.999855 0.999992
Sel_reclas
 0.787244 0.949036 0.989442 0.997884 0.999579
 0.787244 0.949036 0.989442 0.997884 0.999579
 0.787244 0.949036 0.989442 0.997884 0.999579
 0.787244 0.949036 0.989442 0.997884 0.999579
 0.787244 0.949036 0.989442 0.997884 0.999579
 0.787244 0.949036 0.989442 0.997884 0.999579
 0.787244 0.949036 0.989442 0.997884 0.999579
 0.787244 0.949036 0.989442 0.997884 0.999579
 0.787244 0.949036 0.989442 0.997884 0.999579
 0.787244 0.949036 0.989442 0.997884 0.999579
 0.787244 0.949036 0.989442 0.997884 0.999579
 0.787244 0.949036 0.989442 0.997884 0.999579
 0.787244 0.949036 0.989442 0.997884 0.999579
 0.787244 0.949036 0.989442 0.997884 0.999579
 0.787244 0.949036 0.989442 0.997884 0.999579
 0.787244 0.949036 0.989442 0.997884 0.999579
 0.787244 0.949036 0.989442 0.997884 0.999579
 0.787244 0.949036 0.989442 0.997884 0.999579
 0.787244 0.949036 0.989442 0.997884 0.999579
 0.787244 0.949036 0.989442 0.997884 0.999579
 0.787244 0.949036 0.989442 0.997884 0.999579
 0.787244 0.949036 0.989442 0.997884 0.999579
 0.787244 0.949036 0.989442 0.997884 0.999579
 0.787244 0.949036 0.989442 0.997884 0.999579
 0.787244 0.949036 0.989442 0.997884 0.999579
 0.787244 0.949036 0.989442 0.997884 0.999579
 0.787244 0.949036 0.989442 0.997884 0.999579
 0.787244 0.949036 0.989442 0.997884 0.999579
 0.787244 0.949036 0.989442 0.997884 0.999579
 0.787244 0.949036 0.989442 0.997884 0.999579
 0.787244 0.949036 0.989442 0.997884 0.999579
Sel_pelaces
 0.365662 0.743658 0.935897 0.986573 0.997303
 0.365662 0.743658 0.935897 0.986573 0.997303
 0.365662 0.743658 0.935897 0.986573 0.997303
 0.365662 0.743658 0.935897 0.986573 0.997303
 0.365662 0.743658 0.935897 0.986573 0.997303
 0.365662 0.743658 0.935897 0.986573 0.997303
 0.365662 0.743658 0.935897 0.986573 0.997303
 0.365662 0.743658 0.935897 0.986573 0.997303
 0.365662 0.743658 0.935897 0.986573 0.997303
 0.365662 0.743658 0.935897 0.986573 0.997303
 0.365662 0.743658 0.935897 0.986573 0.997303
 0.365662 0.743658 0.935897 0.986573 0.997303
 0.365662 0.743658 0.935897 0.986573 0.997303
 0.365662 0.743658 0.935897 0.986573 0.997303
 0.365662 0.743658 0.935897 0.986573 0.997303
 0.365662 0.743658 0.935897 0.986573 0.997303
 0.365662 0.743658 0.935897 0.986573 0.997303
 0.365662 0.743658 0.935897 0.986573 0.997303
 0.365662 0.743658 0.935897 0.986573 0.997303
 0.365662 0.743658 0.935897 0.986573 0.997303
 0.365662 0.743658 0.935897 0.986573 0.997303
 0.365662 0.743658 0.935897 0.986573 0.997303
 0.365662 0.743658 0.935897 0.986573 0.997303
 0.365662 0.743658 0.935897 0.986573 0.997303
 0.365662 0.743658 0.935897 0.986573 0.997303
 0.365662 0.743658 0.935897 0.986573 0.997303
 0.365662 0.743658 0.935897 0.986573 0.997303
 0.365662 0.743658 0.935897 0.986573 0.997303
 0.365662 0.743658 0.935897 0.986573 0.997303
 0.365662 0.743658 0.935897 0.986573 0.997303
 0.365662 0.743658 0.935897 0.986573 0.997303
pf_obs 
 0.8446 0.082 0.0669 0.0065 0
 0.8095 0.147 0.0364 0.0071 0
 0.9664 0.0169 0.016 0.0007 0
 0.9276 0.0648 0.0075 0.0001 0
 0.7033 0.2144 0.0806 0.0017 0
 0.9318 0.0425 0.0243 0.0014 0
 0.5671 0.3108 0.0964 0.0239 0.0018
 0.0768 0.2599 0.5324 0.112 0.0189
 0.490249 0.384438 0.106611 0.0170017 0.00170017
 0.7925 0.1577 0.0466 0.003 0.0002
 0.840416 0.127587 0.0312969 0.00059994 9.999e-05
 0.8084 0.0986 0.0794 0.0134 0.0002
 0.7335 0.1905 0.0724 0.0035 0.0001
 0.4001 0.4547 0.1325 0.0127 0
 0.49795 0.308269 0.164784 0.0264974 0.00249975
 0.9179 0.0499 0.0305 0.0017 0
 0.2467 0.6533 0.0926 0.0074 0
 0.9418 0.0223 0.034 0.0019 0
 0.707729 0.231977 0.0356964 0.0245975 0
 0.517169 0.277429 0.184464 0.0207286 0.00020938
 0.811772 0.124168 0.05621 0.00726502 0.000585176
 0.764997 0.148141 0.077277 0.00933861 0.000247198
 0.163321 0.427699 0.378323 0.0303852 0.000271297
 0.753843 0.0900009 0.118128 0.0371064 0.000921714
 0.721811 0.176058 0.0630433 0.0369309 0.00215725
 0.143369 0.312575 0.442814 0.0836902 0.0175525
 0.692698 0.0596174 0.167031 0.0765114 0.00414204
 0.394062 0.376323 0.152708 0.0712218 0.00568511
 0.125707 0.32114 0.495352 0.0537591 0.00404204
 0.23352 0.215282 0.420074 0.123614 0.00750983
 0.774587 0.0839891 0.0768558 0.0609784 0.00358967
pf_pred 
 0.00670262 0.259718 0.534819 0.19876 1.18602e-06
 0.905653 0.00142163 0.0254777 0.0492193 0.0182285
 0.0159851 0.94953 0.00056699 0.0093314 0.0245867
 0.92796 0.00302725 0.0667992 3.65731e-05 0.00217709
 0.986971 0.0129315 5.03573e-06 8.96667e-05 2.93463e-06
 0.0315842 0.961778 0.00659027 2.43781e-06 4.47037e-05
 0.00877511 0.06098 0.924213 0.0059891 4.27051e-05
 0.0289742 0.0264392 0.0635407 0.875363 0.00568317
 0.993523 0.000608015 0.000177754 0.00038491 0.00530665
 0.0435271 0.954331 0.000218289 5.85312e-05 0.00186485
 0.974753 0.00415988 0.0210465 4.18202e-06 3.65491e-05
 0.951919 0.0476509 7.62027e-05 0.000353518 6.80767e-07
 0.394054 0.595535 0.0103265 1.50166e-05 6.94362e-05
 0.931945 0.0480286 0.0197216 0.000302767 2.45886e-06
 0.816385 0.181115 0.00184326 0.000646788 9.92377e-06
 0.985479 0.0139723 0.00054286 4.65556e-06 1.64307e-06
 0.0256542 0.969567 0.00461416 0.000162418 1.87417e-06
 0.988735 0.000866253 0.0103527 4.43203e-05 1.56892e-06
 0.682716 0.31591 0.000113397 0.00125447 5.53705e-06
 0.0904846 0.762404 0.146523 4.87786e-05 0.000539777
 0.942008 0.0134991 0.037878 0.00658898 2.63154e-05
 0.86775 0.129811 0.000613202 0.0015554 0.000270146
 0.0136734 0.935125 0.0503418 0.000217033 0.000642871
 0.915503 0.00289475 0.0776838 0.00385275 6.55037e-05
 0.651186 0.336606 0.000449269 0.0111957 0.000562413
 0.0918543 0.736945 0.165625 0.000205969 0.00536975
 0.916873 0.0166992 0.0546745 0.0113717 0.000381125
 0.826417 0.168124 0.00117372 0.0035301 0.000755309
 0.0477422 0.86639 0.0833319 0.000546755 0.00198948
 0.0590585 0.089486 0.778751 0.0705644 0.00214041
 0.980115 0.00354204 0.00170844 0.013391 0.00124303
pobs_RECLAS
 0 0 0 0 0
 0 0 0 0 0
 0 0 0 0 0
 0 0 0 0 0
 0 0 0 0 0
 0 0 0 0 0
 0 0 0 0 0
 0 0 0 0 0
 0 0 0 0 0
 0 0 0 0 0
 0.991045 0.00858322 0.000360255 1.14367e-05 0
 0.934742 0.0480273 0.0164251 0.00080598 0
 0.827803 0.169806 0.00239088 0 0
 0.941827 0.0461693 0.0120037 0 0
 0.791401 0.0380133 0.147996 0.0225897 0
 0.846168 0.0940531 0.0597789 0 0
 0.134021 0.677848 0.182769 0.00536245 0
 0.80878 0.0450904 0.141981 0.00414843 0
 0.846168 0.0940531 0.0597789 0 0
 0.905697 0.0802665 0.012482 0.00150086 5.37128e-05
 0.989698 0.0102097 9.19794e-05 0 0
 0.975433 0.0193895 0.00387452 0.00125025 5.28907e-05
 0.303575 0.632131 0.0575291 0.00676475 0
 0.966965 0.00978017 0.0227588 0.000495775 0
 0.843318 0.132988 0.00938335 0.0141283 0.000182051
 0.564624 0.303363 0.111486 0.0197234 0.00080311
 0.826376 0.0876187 0.0782897 0.00655872 0.00115652
 0.89761 0.0855135 0.0140674 0.00269457 0.000114338
 0.34875 0.467042 0.161289 0.0227151 0.000203297
 0.318654 0.224769 0.449479 0.00709798 0
 0.937255 0.0296025 0.0250945 0.00804832 0
ppred_RECLAS
 0.0108792 0.260243 0.53057 0.198307 1.18516e-06
 0.94308 0.000867963 0.0153037 0.029723 0.0110248
 0.027007 0.939226 0.000551671 0.00912785 0.0240872
 0.973916 0.00117394 0.0241083 1.3229e-05 0.000788564
 0.991738 0.00820038 3.16972e-06 5.67711e-05 1.86091e-06
 0.0494251 0.944112 0.00641693 2.38751e-06 4.38494e-05
 0.0155682 0.0616919 0.916726 0.00597127 4.26427e-05
 0.0518902 0.0262825 0.0617227 0.854548 0.00555642
 0.996232 0.000356876 0.000102626 0.000223415 0.00308488
 0.0846812 0.913335 0.000201139 5.4156e-05 0.00172798
 0.985299 0.00245633 0.0122211 2.44133e-06 2.13689e-05
 0.971962 0.0277909 4.35832e-05 0.000203237 3.91968e-07
 0.552851 0.439687 0.00740128 1.08123e-05 5.00705e-05
 0.967566 0.0231877 0.00910491 0.000140304 1.14111e-06
 0.909959 0.0888744 0.000859285 0.00030254 4.64855e-06
 0.991752 0.00794209 0.000302181 2.60471e-06 9.20665e-07
 0.0455293 0.949898 0.00441442 0.000156155 1.80462e-06
 0.993316 0.000520609 0.00613648 2.64149e-05 9.36518e-07
 0.781472 0.217589 7.70874e-05 0.000857514 3.79079e-06
 0.150579 0.714462 0.134416 4.49752e-05 0.000498444
 0.967148 0.00777146 0.0213358 0.00373015 1.49202e-05
 0.919283 0.0792496 0.000367521 0.000937109 0.000163008
 0.022939 0.927067 0.0491488 0.000213037 0.000632002
 0.947904 0.00180662 0.0478616 0.00238689 4.0644e-05
 0.754422 0.237037 0.00031264 0.00783462 0.000394178
 0.144946 0.695633 0.154194 0.000192807 0.00503435
 0.950139 0.0101405 0.0326617 0.00682967 0.000229248
 0.884982 0.111418 0.00077033 0.00233014 0.000499335
 0.0745391 0.842668 0.0803305 0.000530106 0.0019319
 0.103493 0.0870258 0.740044 0.0673906 0.00204723
 0.989131 0.0019675 0.000926365 0.00729672 0.000678344
pobs_PELACES
 0 0 0 0 0
 0 0 0 0 0
 0 0 0 0 0
 0 0 0 0 0
 0 0 0 0 0
 0 0 0 0 0
 0 0 0 0 0
 0 0 0 0 0
 0 0 0 0 0
 0 0 0 0 0
 0 0 0 0 0
 0 0 0 0 0
 0 0 0 0 0
 0 0 0 0 0
 0 0 0 0 0
 0 0 0 0 0
 0.505614 0.472636 0.0217494 0 0
 0 0 0 0 0
 0.443492 0.261883 0.143347 0.151278 0
 0.227955 0.32914 0.350689 0.0885471 0.00366901
 0.970185 0.0296113 0.000203453 0 0
 0.997202 0.00247181 0.000326279 0 0
 0.445219 0.490057 0.0546422 0.010081 0
 0.90214 0.0892962 0.00764917 0.000914606 0
 0 0 0 0 0
 0.581667 0.319106 0.0959925 0.00289975 0.000334073
 0.762889 0.0836404 0.116647 0.0363945 0.000428098
 0.88444 0.0763242 0.0277011 0.0115352 0
 0.521256 0.241999 0.230069 0.00667565 0
 0.616807 0.101726 0.260614 0.0208532 0
 0.833518 0.0704572 0.0857862 0.0102388 0
ppred_PELACES
 0.00611554 0.22634 0.552001 0.215541 1.29992e-06
 0.906027 0.00117342 0.024505 0.0496941 0.0186004
 0.0192266 0.938802 0.000652958 0.0112804 0.0300384
 0.974228 0.00103236 0.0239042 1.36586e-05 0.000821467
 0.986501 0.0133724 6.22073e-06 0.000116436 3.85161e-06
 0.0312401 0.960855 0.00784494 3.05001e-06 5.65295e-05
 0.00992179 0.0531024 0.930603 0.00632765 4.55987e-05
 0.033379 0.0220242 0.0607681 0.878068 0.00576121
 0.993556 0.00049958 0.000170111 0.000386667 0.00538766
 0.0752598 0.922312 0.000235249 6.60532e-05 0.00212664
 0.976492 0.00340622 0.0200604 4.18406e-06 3.69563e-05
 0.962344 0.0372512 6.8913e-05 0.000335461 6.52863e-07
 0.502311 0.488019 0.00958683 1.46113e-05 6.82759e-05
 0.963767 0.0248264 0.0112251 0.000180328 1.47986e-06
 0.908032 0.0905912 0.0010032 0.000368115 5.70706e-06
 0.988964 0.010557 0.000473059 4.25625e-06 1.51809e-06
 0.0355333 0.959039 0.00523253 0.000193169 2.25264e-06
 0.988638 0.000753733 0.0105593 4.74683e-05 1.69829e-06
 0.708498 0.289954 0.000122224 0.00141997 6.33447e-06
 0.11494 0.724024 0.160354 5.60032e-05 0.000626304
 0.951341 0.0100915 0.0325958 0.00594805 2.40078e-05
 0.892164 0.105451 0.000577641 0.00153764 0.000269903
 0.0160575 0.924748 0.0581433 0.000263165 0.000787826
 0.912314 0.00256376 0.0808394 0.00421057 7.23515e-05
 0.670363 0.315497 0.000496097 0.0129853 0.000659284
 0.10116 0.70616 0.186036 0.000242936 0.00640107
 0.921519 0.0138278 0.0527472 0.0115163 0.000390082
 0.830749 0.162728 0.00134664 0.00425565 0.000920294
 0.0476648 0.851837 0.0973582 0.000671278 0.00246875
 0.0708791 0.0776253 0.77553 0.0737057 0.00225941
 0.983558 0.00252147 0.00139326 0.0114528 0.00107438
pobs_pel_tallas
 0 0 0 0 0 0 0 0 0 0 0 0 0 0 0 0 0 0 0 0 0 0 0 0 0 0
 0 0 0 0 0 0 0 0 0 0 0 0 0 0 0 0 0 0 0 0 0 0 0 0 0 0
 0 0 0 0 0 0 0 0 0 0 0 0 0 0 0 0 0 0 0 0 0 0 0 0 0 0
 0 0 0 0 0 0 0 0 0 0 0 0 0 0 0 0 0 0 0 0 0 0 0 0 0 0
 0 0 0 0 0 0 0 0 0 0 0 0 0 0 0 0 0 0 0 0 0 0 0 0 0 0
 0 0 0 0 0 0 0 0 0 0 0 0 0 0 0 0 0 0 0 0 0 0 0 0 0 0
 0 0 0 0 0 0 0 0 0 0 0 0 0 0 0 0 0 0 0 0 0 0 0 0 0 0
 0 0 0 0 0 0 0 0 0 0 0 0 0 0 0 0 0 0 0 0 0 0 0 0 0 0
 0 0 0 0 0 0 0 0 0 0 0 0 0 0 0 0 0 0 0 0 0 0 0 0 0 0
 0 0 0 0 0 0 0 0 0 0 0 0 0 0 0 0 0 0 0 0 0 0 0 0 0 0
 0 0 0 0 0 0 0 0 0 0 0 0 0 0 0 0 0 0 0 0 0 0 0 0 0 0
 0 0 0 0 0 0 0 0 0 0 0 0 0 0 0 0 0 0 0 0 0 0 0 0 0 0
 0.00862536 0 0 0.000197151 0.00414017 0.0128641 0.00837892 0.0270097 0.101434 0.158115 0.152841 0.127902 0.109271 0.109419 0.0830992 0.0579132 0.0238553 0.00714673 0.00463305 0.00128148 0.00103504 0.000492878 0.000147863 0.000147863 4.92878e-05 0
 0 0 0 0 0 0 0 0 0 0 0 0 0 0 0 0 0 0 0 0 0 0 0 0 0 0
 0 0 0 0 0 0 0 0.0054083 0.00873648 0.0413646 0.0450493 0.0745869 0.0622846 0.0627006 0.0613931 0.0827291 0.12552 0.122667 0.0946155 0.0697135 0.0546179 0.0294188 0.0215738 0.0213955 0.0102223 0.00600262
 0 0 0 0 0.00359764 0.0251062 0.0480494 0.140153 0.205849 0.193036 0.1447 0.116669 0.0760912 0.0342217 0.00950174 0.001854 0.000860785 0 0 0 0.000165536 0 0.000143464 0 0 0
 0 0 0 0 0 0 0 0.000145254 0.000435761 0.0275982 0.070085 0.0708112 0.156366 0.174668 0.174014 0.160142 0.0824315 0.0480064 0.0283245 0.00493863 0.00203355 0 0 0 0 0
 0 0 0 0 0 0 0 0 0 0 0 0 0 0 0 0 0 0 0 0 0 0 0 0 0 0
 0 0 1.00437e-05 0.000401748 0.00122533 0.00171747 0.00176769 0.0269171 0.070346 0.194647 0.189555 0.159765 0.064822 0.0314167 0.0384472 0.0292271 0.0345202 0.0313363 0.0194345 0.0106764 0.0143323 0.0359363 0.0279516 0.0138201 0.00172751 0
 0 0.0021121 0.0136068 0.0755702 0.200478 0.177729 0.0527432 0.0373336 0.0318909 0.0142505 0.0149659 0.0166563 0.0217959 0.0798694 0.0677717 0.0528807 0.04013 0.0224614 0.0357745 0.0225083 0.00881397 0.00855152 0.00135912 0.000746735 0 0
 0 0 0 0 5.4009e-05 0.00500934 0.000945158 0.0243581 0.138947 0.33067 0.221406 0.137944 0.0707744 0.0437923 0.0131692 0.00525238 0.0047753 0.00276346 9.45158e-05 9.00151e-06 2.25038e-05 9.00151e-06 4.50075e-06 0 0 0
 0.000866109 0.00284123 0.00948549 0.0512746 0.133035 0.25785 0.225252 0.132002 0.0553304 0.0519788 0.0540692 0.017754 0.00435017 0.00159236 0.00146478 0.000404838 0.000125132 0.000115318 0.000107957 0.000100596 0 0 0 0 0 0
 0 0 0 0 0.00144013 0.00171154 0.00461396 0.0210425 0.0478622 0.0707936 0.0888783 0.103762 0.0637923 0.0337046 0.0602308 0.124433 0.169614 0.0934646 0.0462172 0.0250306 0.0313229 0.00938855 0.002487 0.000210481 0 0
 0 0.00764035 0.051015 0.0998891 0.058973 0.0496711 0.0374665 0.0718981 0.12319 0.153886 0.159021 0.0857701 0.0377988 0.023471 0.0147837 0.00900784 0.00315554 0.000888139 0.00291439 0.00214683 0.00393193 0.00274676 0.000635225 9.99891e-05 0 0
 0 0 0 0 0 0 0 0 0 0 0 0 0 0 0 0 0 0 0 0 0 0 0 0 0 0
 0 0 0 0 0 0 0 0 0 0 0 0 0 0 0 0 0 0 0 0 0 0 0 0 0 0
 0 0 0 0 0 0 0 0 0 0 0 0 0 0 0 0 0 0 0 0 0 0 0 0 0 0
 0 0 0 0 0 0 0 0 0 0 0 0 0 0 0 0 0 0 0 0 0 0 0 0 0 0
 0 0 0 0 0 0 0 0 0 0 0 0 0 0 0 0 0 0 0 0 0 0 0 0 0 0
 0 0 0 0 0 0 0 0 0 0 0 0 0 0 0 0 0 0 0 0 0 0 0 0 0 0
 0 0 0 0 0 0 0 0 0 0 0 0 0 0 0 0 0 0 0 0 0 0 0 0 0 0
ppred_pel_tallas
 1.37604e-16 5.03779e-07 4.89693e-06 3.25429e-05 0.000147949 0.000460446 0.000981863 0.0014378 0.00146049 0.00109315 0.000836695 0.00124604 0.00283197 0.0062593 0.0123011 0.021446 0.0335061 0.0476468 0.0629243 0.078843 0.095242 0.111432 0.125402 0.134057 0.134559 0.125848
 1.08839e-16 7.46283e-05 0.000725413 0.00482063 0.0219139 0.0681822 0.145269 0.212025 0.212025 0.14527 0.0681853 0.0219237 0.00484838 0.000796894 0.000243518 0.000374834 0.000754772 0.00144223 0.0025812 0.00431555 0.00671951 0.00971814 0.0130333 0.0161973 0.018652 0.0199075
 1.06474e-16 1.58386e-06 1.53958e-05 0.000102315 0.000465164 0.00144778 0.00308799 0.00452594 0.00461622 0.00352902 0.00292803 0.00473797 0.0108178 0.0233746 0.0442694 0.0729353 0.104489 0.130203 0.141208 0.133482 0.110365 0.0805075 0.0529305 0.0329519 0.0212859 0.0157233
 1.00831e-16 8.02459e-05 0.000780019 0.0051835 0.0235634 0.0733146 0.156204 0.227985 0.227985 0.156205 0.073317 0.0235708 0.00520384 0.000830243 0.000192635 0.000235654 0.000434218 0.000758605 0.00123062 0.00184915 0.00256364 0.00326479 0.00380473 0.00404714 0.00392478 0.00347059
 1.00017e-16 8.12568e-05 0.000789845 0.0052488 0.0238603 0.0742382 0.158172 0.230857 0.230859 0.158179 0.0742592 0.0239211 0.0054014 0.00112249 0.000711563 0.00104395 0.00148703 0.00185104 0.00200395 0.00188717 0.00154713 0.00110628 0.000693284 0.000385445 0.000196021 9.76162e-05
 1.00482e-16 2.57341e-06 2.50145e-05 0.000166235 0.000755736 0.00235187 0.00501433 0.00733793 0.00743033 0.00546572 0.0038669 0.00512891 0.0111332 0.0239318 0.0453051 0.0746299 0.106886 0.133103 0.144142 0.135795 0.111366 0.0796153 0.04976 0.0273589 0.0134093 0.00601948
 1.27511e-16 8.1726e-07 7.94406e-06 5.27914e-05 0.000239986 0.000746719 0.0015912 0.00232375 0.00233029 0.00162384 0.000860436 0.000586542 0.000990837 0.00228058 0.0049737 0.00992726 0.0182552 0.0311494 0.0494823 0.0731027 0.100017 0.126032 0.1455 0.153257 0.14686 0.127807
 1.90793e-16 2.74939e-06 2.6725e-05 0.000177597 0.000807334 0.00251193 0.00535202 0.00781195 0.00781448 0.00536457 0.00255539 0.000939025 0.000532553 0.000887031 0.00190389 0.00389481 0.0075191 0.0138435 0.0243917 0.0409422 0.0648825 0.0961787 0.132399 0.168457 0.19756 0.213244
 1.00956e-16 8.18379e-05 0.000795493 0.00528633 0.0240309 0.0747691 0.159303 0.232508 0.232508 0.159304 0.0747699 0.0240333 0.00529242 0.000809117 0.000108773 5.33737e-05 7.70601e-05 0.000116272 0.000171308 0.000252814 0.000376156 0.00055499 0.000791787 0.00106976 0.00135126 0.00158508
 1.0061e-16 6.19925e-06 6.0259e-05 0.000400446 0.00182043 0.00566449 0.0120721 0.0176381 0.0177268 0.0125053 0.00711852 0.00601739 0.010925 0.023001 0.0434732 0.0715939 0.102508 0.127593 0.138068 0.129897 0.106276 0.0756535 0.0469244 0.0254606 0.012225 0.00536989
 1.00587e-16 8.04324e-05 0.000781831 0.00519554 0.0236182 0.0734849 0.156567 0.228515 0.228515 0.156569 0.073491 0.0236359 0.00524156 0.000887039 0.00029412 0.000394961 0.000644588 0.000983157 0.00140288 0.00189015 0.00240969 0.00289185 0.00323706 0.0033478 0.0031746 0.00274589
 1.00046e-16 7.9267e-05 0.000770503 0.00512027 0.023276 0.0724203 0.154299 0.225205 0.225208 0.154317 0.072479 0.0234455 0.00554539 0.00169719 0.00183523 0.00289809 0.00414259 0.00515774 0.00558473 0.00526078 0.00431517 0.00308869 0.00193938 0.00108227 0.000554126 0.000278737
 1.00415e-16 4.13748e-05 0.000402178 0.00267261 0.0121493 0.0378014 0.0805416 0.117563 0.11761 0.0807709 0.038571 0.0143711 0.00824475 0.0125502 0.0230654 0.0379424 0.0543618 0.0677463 0.0734602 0.0693656 0.0571286 0.0411702 0.0261345 0.0148121 0.00769436 0.00383
 1.00349e-16 7.93842e-05 0.000771643 0.00512784 0.0233104 0.0725273 0.154527 0.225537 0.22554 0.154539 0.0725668 0.0234246 0.00541514 0.00140064 0.00127924 0.00200282 0.00290879 0.00372214 0.00421847 0.00428996 0.00399639 0.00350868 0.00299174 0.00252379 0.00210021 0.00169034
 1.00091e-16 7.47934e-05 0.000727018 0.00483129 0.0219624 0.0683331 0.145591 0.212496 0.212505 0.145634 0.068476 0.0223747 0.00586541 0.00298137 0.00434699 0.00704388 0.0100829 0.0125598 0.0136094 0.0128355 0.0105497 0.00757662 0.00478252 0.00268795 0.00138348 0.000688507
 1.00018e-16 8.14597e-05 0.000791817 0.0052619 0.0239198 0.0744235 0.158567 0.231434 0.231435 0.158572 0.0744402 0.0239679 0.00538254 0.00105488 0.000580233 0.000828109 0.00117979 0.00147234 0.00160102 0.00151936 0.00126277 0.000925561 0.000606423 0.000364149 0.000208641 0.000119763
 1.00416e-16 2.92703e-06 2.84519e-05 0.000189077 0.000859575 0.00267495 0.00570268 0.00834256 0.00843478 0.00615319 0.00418703 0.00522419 0.0111344 0.0238874 0.0452131 0.074473 0.10665 0.132786 0.143758 0.135361 0.110904 0.0791409 0.0492891 0.0269109 0.0130076 0.00568548
 1.00311e-16 8.14328e-05 0.000791556 0.00526017 0.0239119 0.0743989 0.158515 0.231357 0.231357 0.158515 0.0744005 0.0239166 0.00527253 0.000821097 0.000144965 0.000130052 0.0002241 0.00037412 0.0005836 0.000849868 0.00115078 0.00144014 0.00165538 0.00173893 0.00166341 0.00144567
 1.00222e-16 5.83581e-05 0.000567261 0.00376965 0.0171363 0.0533176 0.1136 0.165808 0.165836 0.113736 0.0537747 0.0184558 0.00707845 0.00777963 0.0137243 0.0225138 0.0322318 0.0401235 0.0434269 0.0408742 0.0334707 0.0238712 0.0148681 0.00814429 0.003996 0.00183803
 1.04925e-16 9.46757e-06 9.20282e-05 0.000611563 0.00278012 0.00865036 0.0184331 0.0269183 0.0269881 0.0187745 0.00979694 0.00609279 0.00893045 0.018264 0.0345553 0.0571978 0.0825877 0.10424 0.115495 0.113195 0.0994672 0.0801382 0.0611329 0.0457353 0.034286 0.0256279
 1.01544e-16 7.83607e-05 0.000761694 0.00506172 0.0230099 0.0715922 0.152535 0.222629 0.22263 0.15254 0.0716092 0.0230596 0.00518904 0.00104766 0.000645039 0.00100391 0.00158224 0.00228982 0.00308477 0.00393765 0.00481656 0.00565039 0.00630615 0.00661931 0.00646975 0.00585112
 1.00244e-16 7.34864e-05 0.000714314 0.00474686 0.0215786 0.067139 0.143047 0.208783 0.208794 0.143097 0.0673052 0.0220585 0.00595052 0.00333821 0.00504592 0.0081973 0.0117352 0.0146185 0.0158427 0.0149493 0.0123051 0.00887348 0.00566379 0.00327852 0.00181457 0.00105017
 1.02074e-16 1.32282e-06 1.28584e-05 8.5453e-05 0.000388512 0.00120928 0.00257979 0.00378394 0.00387295 0.00301464 0.00266901 0.00460306 0.0106584 0.0230731 0.0437361 0.0721418 0.103543 0.1294 0.140993 0.134278 0.112318 0.0832927 0.0557362 0.0346996 0.0210029 0.0129068
 1.02769e-16 7.51461e-05 0.000730447 0.00485408 0.0220659 0.0686553 0.146277 0.213496 0.213496 0.146279 0.068662 0.0220868 0.00491252 0.000877951 0.000413511 0.000716175 0.00137625 0.00246134 0.00406911 0.00620311 0.00868926 0.0111448 0.0130501 0.0139242 0.0135247 0.0119582
 1.01509e-16 5.5217e-05 0.000536728 0.00356675 0.016214 0.0504478 0.107485 0.156885 0.156915 0.107634 0.0509453 0.01765 0.00716825 0.00838819 0.0149354 0.024523 0.0351334 0.0437919 0.0475169 0.0449546 0.0372182 0.0271966 0.0178967 0.0110822 0.00698415 0.00487625
 1.06657e-16 8.33259e-06 8.09958e-05 0.000538249 0.00244684 0.00761341 0.0162237 0.0236932 0.0237614 0.0165569 0.00873267 0.00568121 0.00866277 0.0178359 0.0337833 0.0559789 0.0809618 0.102468 0.114055 0.112659 0.100301 0.0825231 0.0649095 0.0504704 0.0394214 0.0306336
 1.02747e-16 7.59043e-05 0.000737817 0.00490305 0.0222886 0.069348 0.147753 0.21565 0.215652 0.14776 0.0693716 0.0223577 0.00508072 0.00113894 0.000876659 0.00143106 0.00229241 0.00338165 0.00466203 0.00610185 0.00764481 0.00915369 0.0103843 0.0110442 0.01092 0.00998925
 1.00664e-16 6.84277e-05 0.000665142 0.0044201 0.0200932 0.0625174 0.1332 0.194413 0.194429 0.133277 0.062774 0.0208339 0.0062779 0.00471532 0.00774465 0.0126539 0.0181259 0.0225936 0.0245148 0.0231874 0.0191804 0.0139793 0.0091339 0.00555935 0.00338655 0.00225569
 1.03513e-16 3.92626e-06 3.81647e-05 0.000253622 0.00115298 0.00358779 0.00764719 0.0111785 0.0112606 0.00804812 0.00493384 0.00504021 0.0100087 0.0213254 0.0404077 0.0667298 0.0959664 0.120331 0.13186 0.126835 0.10798 0.0826124 0.0583035 0.0394424 0.0266547 0.018397
 1.30174e-16 5.83824e-06 5.67498e-05 0.000377123 0.00171435 0.00533402 0.011365 0.0165894 0.0165981 0.011408 0.00548194 0.00215696 0.00154614 0.00280054 0.00577834 0.0110068 0.01926 0.0313081 0.0476908 0.068286 0.0916657 0.114649 0.132676 0.141255 0.137856 0.123134
 1.01372e-16 8.10144e-05 0.000787489 0.00523314 0.0237891 0.0740167 0.1577 0.230168 0.230169 0.157702 0.0740208 0.0238011 0.00526353 0.000855062 0.000213181 0.000234945 0.00035777 0.000512111 0.000694225 0.000919589 0.0012151 0.00159958 0.00205887 0.00253307 0.0029279 0.00314685
pSPR Fmed_Fpbrs
0.235376   0.290506 0.290506
Fs Fmed_Fpbrs
1.23405   1.005 1.005
SSBpbr Bo_Bmed_Bpbrs
1.38038e+06  255889  331990 331990
Ro
26122.8
SPR SPRFo_SPRFmed_SPRFpbrs
186724 43950.2 54244.4
Fref
1.005
Nvult_r0
 89703.3 244.097 115.703 906.062 84.1016
CTP_r0
 42780.8 154.605 74.5711 584.502 54.2567
YTP_r0
390725
Np
 87298.1 15560.5 17.0746 7.38872 61.0088
Nvult_p0
 67897.4 13357.8 14.7689 6.39361 52.7933
CTP_p0
 22753.4 6525.3 7.39274 3.20455 26.4624
YTP_p0
 277461
CBA_c0
356746
log_Ro
9.99056
likeval ReclasPelacesDesembMPH_pf_preclas_ppelaces_ptallas_desvR_qrecl_qpela
 32.9736 30.8179 0.633653 0.000981172 473.617 154.655 154.341 0 238.113 0.000122137 0.000302802 0.0814855 0 0 0
q_reclas_q_pelaces
4.7877 11.8896
M
1
N
 736.186 16654.4 33017.5 12245.6 0.0730634
 201064 202.044 3516.6 6782.98 2511.89
 1050.49 40024.9 23.2155 381.484 1005.06
 77306 207.521 4532.75 2.48039 147.646
 436717 3128.38 1.16513 20.6966 0.677275
 8573.85 145802 957.569 0.353408 6.47988
 584.985 2693.41 39767 257.34 1.83482
 163.025 101.338 237.819 3272.16 21.2427
 63645.2 24.9893 7.09658 15.3432 211.516
 771.397 12560.9 2.82488 0.756775 24.1102
 27107 74.4238 365.854 0.0725853 0.634314
 159889 5292.88 8.24432 38.1933 0.0735433
 25949.6 27919.2 474.448 0.689197 3.18664
 81300.1 3199.59 1294.33 19.855 0.161242
 37512 6499.63 65.2669 22.8856 0.351124
 265869 2523.55 95.5998 0.818763 0.288942
 1702.39 44053.2 204.81 7.20037 0.0830809
 468293 254.853 2949.83 12.6067 0.446233
 366455 104294 36.2233 400.02 1.76547
 14939.7 84535 15845.3 5.26801 58.291
 252623 2441.67 6684.59 1161.28 4.63767
 413680 40503.7 186.189 471.587 81.9004
 1741.59 75402.8 3938.28 16.9513 50.2069
 186570 361.736 9390.28 464.887 7.90318
 139385 43499.1 56.0775 1394.85 70.0629
 6878.29 34281.5 7461.92 9.26368 241.488
 131247 1531.43 4869.89 1011.31 33.8915
 220644 26049.2 174.977 525.177 112.356
 5963.43 61712.5 5701.21 37.3256 135.802
 1705.15 1760.32 14959.3 1353.79 41.0614
 105264 261.172 123.092 963.632 89.4439
pred_Ctot
 121.038 4690.05 9657.9 3589.26 0.0214175
 61270.5 96.178 1723.65 3329.85 1233.22
 323.188 19197.7 11.4635 188.663 497.096
 51049.5 166.537 3674.8 2.01198 119.768
 25733 337.16 0.131295 2.33786 0.0765138
 801.935 24420 167.33 0.0618971 1.13505
 207.77 1443.84 21882.8 141.805 1.01114
 64.4344 58.797 141.305 1946.68 12.6385
 19603.9 11.9972 3.50739 7.59493 104.709
 398.921 8746.34 2.0006 0.536432 17.0911
 8459.35 36.1013 182.651 0.0362935 0.31719
 56349.3 2820.71 4.51085 20.9267 0.0402983
 11881.2 17956 311.355 0.452766 2.09357
 45193 2329.06 956.361 14.6821 0.119238
 22025 4886.24 49.7287 17.4495 0.26773
 98420.9 1395.43 54.216 0.464957 0.164095
 685.313 25900.5 123.26 4.33875 0.0500656
 121637 106.569 1273.62 5.4524 0.193013
 89707.4 41509.9 14.9001 164.834 0.727555
 5598.15 47168.8 9065.14 3.01786 33.3952
 96239.1 1379.12 3869.76 673.156 2.68848
 139553 20876.5 98.6164 250.143 43.4455
 501.885 34324 1847.81 7.96627 23.5968
 44812.7 141.694 3802.52 188.587 3.20632
 30170.4 15595.5 20.8153 518.714 26.0575
 1787.44 14340.6 3222.98 4.00806 104.493
 40144.3 731.156 2393.87 497.9 16.6872
 34187.9 6955.07 48.5554 146.036 31.2462
 758.365 13762.2 1323.69 8.68498 31.6021
 674.363 1021.8 8892.21 805.744 24.4404
 42780.8 154.605 74.5711 584.502 54.2567
F
 0.292996 0.555182 0.582621 0.584141 0.584221
 0.614123 1.16367 1.22118 1.22437 1.22453
 0.621779 1.17817 1.2364 1.23963 1.2398
 2.20725 4.1824 4.38912 4.40056 4.40117
 0.0970389 0.183873 0.192961 0.193465 0.193491
 0.157908 0.29921 0.313999 0.314818 0.314861
 0.753125 1.42705 1.49758 1.50149 1.5017
 0.875455 1.65885 1.74084 1.74538 1.74562
 0.622733 1.17998 1.2383 1.24153 1.2417
 1.33843 2.53611 2.66146 2.6684 2.66877
 0.63343 1.20025 1.25957 1.26286 1.26303
 0.745163 1.41197 1.48175 1.48562 1.48582
 1.09314 2.07132 2.17369 2.17936 2.17966
 1.5264 2.89229 3.03524 3.04316 3.04358
 1.699 3.21933 3.37844 3.38726 3.38772
 0.797607 1.51134 1.58604 1.59017 1.59039
 0.899099 1.70365 1.78785 1.79252 1.79276
 0.501881 0.950985 0.997988 1.00059 1.00073
 0.46671 0.884341 0.92805 0.93047 0.930598
 0.81134 1.53736 1.61335 1.61755 1.61778
 0.830505 1.57368 1.65146 1.65576 1.65599
 0.702248 1.33065 1.39642 1.40006 1.40025
 0.571641 1.08317 1.13671 1.13967 1.13983
 0.456069 0.864179 0.906891 0.909256 0.909381
 0.402633 0.762927 0.800634 0.802722 0.802832
 0.50217 0.951534 0.998563 1.00117 1.0013
 0.617096 1.1693 1.22709 1.23029 1.23046
 0.274064 0.519309 0.544976 0.546397 0.546472
 0.220151 0.417152 0.43777 0.438911 0.438972
 0.876231 1.66032 1.74238 1.74692 1.74716
 0.911732 1.72759 1.81297 1.8177 1.81795
YTP_r0W_actual
 363636 2520.07 2155.1 20340.7 2072.6
YTP_p0W_proyectada
 171106 105188 172.842 94.5341 899.721
CTP_r0_actual
 42780.8 154.605 74.5711 584.502 54.2567
CTP_p0_proyectada
 22753.4 6525.3 7.39274 3.20455 26.4624
Wmedp
 7.52 16.12 23.38 29.5 34
Frms_r0
 0.911732 1.72759 1.81297 1.8177 1.81795
Zrms_r0
 1.91173 2.72759 2.81297 2.8177 2.81795
nmprior
 8.19 8.8 8.5 0
nm_flota  nm_reclas  nm_pelaces    nm_pelaL
inf 6.43025 2.41786 3.15108
cv_recla  cv_pelaces  cv_mph
0.519408 0.629468 0.966669
 ------------------------------------------------
Talla a la edad & desviaci?n 
 8 13.2811 15.8009 17.003 17.5766
 0.8 1.32811 1.58009 1.7003 1.75766
