years
 1991 1992 1993 1994 1995 1996 1997 1998 1999 2000 2001 2002 2003 2004 2005 2006 2007 2008 2009 2010 2011 2012 2013 2014 2015 2016 2017 2018 2019 2020 2021
reclasobs
 0 0 0 0 0 0 0 0 0 252601 567819 844713 477998 351125 339783 2.1784e+06 2.13404e+06 4.81314e+06 1.55562e+06 2.62356e+06 3.21686e+06 3.843e+06 1.13348e+06 3.07943e+06 1.97215e+06 2.03268e+06 2.025e+06 2.42433e+06 2.27542e+06 1.05018e+06 2.36338e+06
reclaspred
 2.53957e+06 921130 531103 265940 30140.6 945138 299422 60809.4 402043 141817 193713 524103 384214 277727 197532 1.12878e+06 726264 4.07151e+06 2.60776e+06 957366 2.23806e+06 2.1442e+06 1.21864e+06 2.64522e+06 1.6357e+06 855831 1.48276e+06 2.26427e+06 1.63359e+06 615223 875238
pelacesobs
 0 0 0 0 0 0 0 0 0 0 0 0 0 0 0 552880 188675 0 991730 2.46772e+06 1.41603e+06 1.21717e+06 2.29649e+06 1.80582e+06 0 1.4828e+06 1.56532e+06 1.57751e+06 1.42118e+06 867257 1.10002e+06
pelacespred
 1.25066e+06 473782 230604 73189 6834.37 415796 91708.2 23073.7 168535 46936.8 85634.3 199758 150109 111186 76568.1 428742 275051 1.95824e+06 1.21792e+06 453706 993082 922580 529924 1.34387e+06 799348 410970 812608 1.19856e+06 725124 327207 419303
mphobs
 0 0 0 0 0 0 0 0 0 0 0 498337 0 5186 125008 0 168611 109162 213762 579715 649985 157893 87575 83554 0 0 0 0 0 0 0
mphpred
 2.76007e+06 1.29911e+06 341979 294799 69346.6 5092.4 470648 86407 20858.8 196215 40620.1 120760 281166 145907 78854.7 73805.4 712126 400842 2.51961e+06 1.25924e+06 566178 1.16586e+06 1.26109e+06 719452 1.49916e+06 914137 423405 759790 1.57526e+06 832568 269608
desembarqueobs
 494567 514787 250237 358949 120608 361735 552515 73892 212993 205616 52469 317467 293654 387597 252695 516296 358380 742168 942051 627588 828172 859565 418607 520667 417249 300574 415391 372974 316634 284311 391294
desembarquepred
 494520 514596 249786 358453 120448 361477 551566 73844.9 212809 205363 52452.3 317164 293291 386815 252332 515872 358222 741791 940819 626347 827556 858700 418337 520434 416936 300293 415115 372782 316456 284049 391022
Reclutas
 2205.28 1339.05 209333 3781 1455.8 289457 1754.52 472.898 76508.5 2311.88 55196.3 182025 59153.9 70885.6 46995.9 433786 4780.59 1.14475e+06 152018 28166.1 471081 570644 5196.29 377349 146390 17386.2 259846 356800 10644 4478.9 166244
log_desv_Rt
 -2.80842 -3.30731 1.74465 -2.26929 -3.22372 2.06873 -3.03708 -4.34815 0.738127 -2.76121 0.411621 1.60487 0.480868 0.661793 0.250785 2.47328 -2.03471 3.44367 1.42472 -0.261157 2.55575 2.74749 -1.95133 2.3339 1.387 -0.743595 1.96081 2.2779 -1.23428 -2.0999 1.51418
SSB
 2.76007e+06 1.29911e+06 341979 294799 69346.6 5092.4 470648 86407 20858.8 196215 40620.1 120760 281166 145907 78854.7 73805.4 712126 400842 2.51961e+06 1.25924e+06 566178 1.16586e+06 1.26109e+06 719452 1.49916e+06 914137 423405 759790 1.57526e+06 832568 269608
BT
 3.341e+06 1.65787e+06 770536 426377 125683 1.28006e+06 701571 124109 577989 289633 243402 722512 602882 660851 429510 1.39602e+06 918436 5.18109e+06 3.68925e+06 1.7029e+06 3.01932e+06 2.89289e+06 1.58439e+06 3.59279e+06 2.24245e+06 1.23597e+06 2.31656e+06 3.13162e+06 1.93568e+06 1.06819e+06 1.3577e+06
Ftot
 0.183933 0.509407 0.512384 1.13222 2.53288 0.476424 1.4543 1.03758 0.642386 1.20514 0.325292 0.689197 0.752723 1.40171 1.33857 0.555748 0.455284 0.224554 0.349375 0.600866 0.423697 0.432972 0.320971 0.229596 0.255033 0.334091 0.327739 0.192187 0.18377 0.427819 0.51579
BD_Bspro_t
 0.971 0.767 0.461399 0.448406 0.134299 0.0170623 0.47796 0.128981 0.0521213 0.348456 0.13986 0.436876 0.456706 0.267243 0.160954 0.15972 0.513266 0.372786 0.721403 0.533246 0.325376 0.491668 0.532071 0.432876 0.635158 0.577832 0.466593 0.627727 0.751165 0.61813 0.407183
BD_Bspro
 10.5736 4.97677 1.31009 1.12935 0.26566 0.0195085 1.80301 0.331017 0.0799081 0.751682 0.155612 0.462621 1.07712 0.558957 0.302085 0.282741 2.72809 1.53559 9.6524 4.82404 2.16897 4.46628 4.83113 2.75615 5.74315 3.50197 1.62202 2.91068 6.03468 3.18949 1.03284
BD_Bo
 1.52684 0.718653 0.189179 0.163079 0.0383617 0.00281705 0.260357 0.0477993 0.0115388 0.108544 0.0224706 0.066803 0.155538 0.0807141 0.0436215 0.0408282 0.393939 0.221741 1.39382 0.696597 0.313203 0.644937 0.697621 0.397992 0.829319 0.505689 0.234222 0.420306 0.871415 0.460566 0.149144
BD_Brms
 8.80402 4.14388 1.09084 0.940344 0.221201 0.0162436 1.50126 0.27562 0.066535 0.625884 0.129569 0.385198 0.896859 0.465412 0.251529 0.235423 2.27153 1.2786 8.03702 4.01671 1.80598 3.71883 4.02261 2.29489 4.78201 2.9159 1.35057 2.42356 5.02474 2.65571 0.859992
Sel_flota
 0.743448 1 1 1 1
 0.743448 1 1 1 1
 0.743448 1 1 1 1
 0.743448 1 1 1 1
 0.743448 1 1 1 1
 0.743448 1 1 1 1
 0.743448 1 1 1 1
 0.743448 1 1 1 1
 0.743448 1 1 1 1
 0.743448 1 1 1 1
 0.743448 1 1 1 1
 0.743448 1 1 1 1
 0.743448 1 1 1 1
 0.743448 1 1 1 1
 0.743448 1 1 1 1
 0.743448 1 1 1 1
 0.743448 1 1 1 1
 0.743448 1 1 1 1
 0.743448 1 1 1 1
 0.743448 1 1 1 1
 0.743448 1 1 1 1
 0.743448 1 1 1 1
 0.743448 1 1 1 1
 0.743448 1 1 1 1
 0.743448 1 1 1 1
 0.743448 1 1 1 1
 0.743448 1 1 1 1
 0.743448 1 1 1 1
 0.743448 1 1 1 1
 0.743448 1 1 1 1
 0.743448 1 1 1 1
Sel_reclas
 1 1 1 1 1
 1 1 1 1 1
 1 1 1 1 1
 1 1 1 1 1
 1 1 1 1 1
 1 1 1 1 1
 1 1 1 1 1
 1 1 1 1 1
 1 1 1 1 1
 1 1 1 1 1
 1 1 1 1 1
 1 1 1 1 1
 1 1 1 1 1
 1 1 1 1 1
 1 1 1 1 1
 1 1 1 1 1
 1 1 1 1 1
 1 1 1 1 1
 1 1 1 1 1
 1 1 1 1 1
 1 1 1 1 1
 1 1 1 1 1
 1 1 1 1 1
 1 1 1 1 1
 1 1 1 1 1
 1 1 1 1 1
 1 1 1 1 1
 1 1 1 1 1
 1 1 1 1 1
 1 1 1 1 1
 1 1 1 1 1
Sel_pelaces
 1 1 1 1 1
 1 1 1 1 1
 1 1 1 1 1
 1 1 1 1 1
 1 1 1 1 1
 1 1 1 1 1
 1 1 1 1 1
 1 1 1 1 1
 1 1 1 1 1
 1 1 1 1 1
 1 1 1 1 1
 1 1 1 1 1
 1 1 1 1 1
 1 1 1 1 1
 1 1 1 1 1
 1 1 1 1 1
 1 1 1 1 1
 1 1 1 1 1
 1 1 1 1 1
 1 1 1 1 1
 1 1 1 1 1
 1 1 1 1 1
 1 1 1 1 1
 1 1 1 1 1
 1 1 1 1 1
 1 1 1 1 1
 1 1 1 1 1
 1 1 1 1 1
 1 1 1 1 1
 1 1 1 1 1
 1 1 1 1 1
pf_obs 
 0.8446 0.082 0.0669 0.0065 0
 0.8095 0.147 0.0364 0.0071 0
 0.9664 0.0169 0.016 0.0007 0
 0.9276 0.0648 0.0075 0.0001 0
 0.7033 0.2144 0.0806 0.0017 0
 0.9318 0.0425 0.0243 0.0014 0
 0.5671 0.3108 0.0964 0.0239 0.0018
 0.0768 0.2599 0.5324 0.112 0.0189
 0.490249 0.384438 0.106611 0.0170017 0.00170017
 0.7925 0.1577 0.0466 0.003 0.0002
 0.840416 0.127587 0.0312969 0.00059994 9.999e-05
 0.8084 0.0986 0.0794 0.0134 0.0002
 0.7335 0.1905 0.0724 0.0035 0.0001
 0.4001 0.4547 0.1325 0.0127 0
 0.49795 0.308269 0.164784 0.0264974 0.00249975
 0.9179 0.0499 0.0305 0.0017 0
 0.2467 0.6533 0.0926 0.0074 0
 0.9418 0.0223 0.034 0.0019 0
 0.707729 0.231977 0.0356964 0.0245975 0
 0.517169 0.277429 0.184464 0.0207286 0.00020938
 0.811772 0.124168 0.05621 0.00726502 0.000585176
 0.764997 0.148141 0.077277 0.00933861 0.000247198
 0.163321 0.427699 0.378323 0.0303852 0.000271297
 0.753843 0.0900009 0.118128 0.0371064 0.000921714
 0.721811 0.176058 0.0630433 0.0369309 0.00215725
 0.143369 0.312575 0.442814 0.0836902 0.0175525
 0.692698 0.0596174 0.167031 0.0765114 0.00414204
 0.394062 0.376323 0.152708 0.0712218 0.00568511
 0.125707 0.32114 0.495352 0.0537591 0.00404204
 0.23352 0.215282 0.420074 0.123614 0.00750983
 0.796117 0.104755 0.0508955 0.0450114 0.00322123
pf_pred 
 0.00990062 0.196692 0.708733 0.084674 4.2048e-07
 0.0197841 0.0133744 0.192072 0.692084 0.0826853
 0.932751 0.00192228 0.000891338 0.0128007 0.0516346
 0.053269 0.90214 0.00127461 0.000591021 0.0427252
 0.152879 0.0710555 0.739513 0.00104484 0.0355077
 0.998715 0.000360686 7.75465e-05 0.000807068 3.98917e-05
 0.0193125 0.979818 0.000244051 5.24704e-05 0.00057308
 0.0548873 0.0311371 0.913165 0.000227449 0.000582997
 0.984596 0.00130895 0.000464361 0.0136184 1.20865e-05
 0.0976586 0.892972 0.000796195 0.000282456 0.00829101
 0.948733 0.007766 0.0430488 3.83834e-05 0.000413314
 0.897239 0.0989802 0.000572738 0.00317483 3.33124e-05
 0.52237 0.443812 0.0325735 0.000188483 0.00105577
 0.748605 0.156959 0.0877497 0.00644038 0.000246012
 0.780683 0.183359 0.0224502 0.0125511 0.000956372
 0.978581 0.0183687 0.00255012 0.000312233 0.000187859
 0.0335422 0.952272 0.0121658 0.00168897 0.000331216
 0.970741 0.00139718 0.0274529 0.000350726 5.82398e-05
 0.243324 0.740641 0.000765708 0.0150452 0.000224128
 0.138917 0.269953 0.578604 0.000598186 0.0119287
 0.913992 0.0165823 0.0217653 0.0466508 0.00101
 0.766748 0.21892 0.00276318 0.00362685 0.00794192
 0.021197 0.808049 0.160262 0.00202281 0.00846901
 0.850006 0.00445556 0.120149 0.0238295 0.00156003
 0.458669 0.480477 0.00180765 0.0487454 0.0103007
 0.139995 0.466459 0.349306 0.00131415 0.0429263
 0.882368 0.0220432 0.0518463 0.0388248 0.00491726
 0.767495 0.212488 0.00375097 0.00882238 0.00744333
 0.0549699 0.775437 0.154993 0.00273603 0.0118645
 0.0704312 0.0692268 0.705947 0.141103 0.0132921
 0.914228 0.00842904 0.0057599 0.0587371 0.0128462
pobs_RECLAS
 0 0 0 0 0
 0 0 0 0 0
 0 0 0 0 0
 0 0 0 0 0
 0 0 0 0 0
 0 0 0 0 0
 0 0 0 0 0
 0 0 0 0 0
 0 0 0 0 0
 0 0 0 0 0
 0.991045 0.00858322 0.000360255 1.14367e-05 0
 0.934742 0.0480273 0.0164251 0.00080598 0
 0.827803 0.169806 0.00239088 0 0
 0.941827 0.0461693 0.0120037 0 0
 0.791401 0.0380133 0.147996 0.0225897 0
 0.846168 0.0940531 0.0597789 0 0
 0.134021 0.677848 0.182769 0.00536245 0
 0.80878 0.0450904 0.141981 0.00414843 0
 0.846168 0.0940531 0.0597789 0 0
 0.905697 0.0802665 0.012482 0.00150086 5.37128e-05
 0.989698 0.0102097 9.19794e-05 0 0
 0.975433 0.0193895 0.00387452 0.00125025 5.28907e-05
 0.303575 0.632131 0.0575291 0.00676475 0
 0.966965 0.00978017 0.0227588 0.000495775 0
 0.843318 0.132988 0.00938335 0.0141283 0.000182051
 0.564624 0.303363 0.111486 0.0197234 0.00080311
 0.826376 0.0876187 0.0782897 0.00655872 0.00115652
 0.89761 0.0855135 0.0140674 0.00269457 0.000114338
 0.34875 0.467042 0.161289 0.0227151 0.000203297
 0.318654 0.224769 0.449479 0.00709798 0
 0.937255 0.0296025 0.0250945 0.00804832 0
ppred_RECLAS
 0.0133304 0.196011 0.706278 0.0843806 4.19023e-07
 0.0268249 0.0132783 0.190692 0.687113 0.0820914
 0.949861 0.0014332 0.000664559 0.00954385 0.0384975
 0.0733718 0.882984 0.00124754 0.000578471 0.041818
 0.219915 0.0654326 0.680992 0.000962155 0.0326978
 0.999057 0.000264525 5.68723e-05 0.000591901 2.92564e-05
 0.0274928 0.971645 0.000242016 5.20327e-05 0.0005683
 0.0751824 0.0304685 0.893556 0.000222565 0.000570478
 0.988734 0.0009573 0.00033961 0.00995981 8.83946e-06
 0.132664 0.85833 0.000765307 0.000271499 0.00796937
 0.961699 0.00580188 0.0321612 2.86757e-05 0.000308782
 0.923155 0.0740176 0.000428295 0.00237414 2.49111e-05
 0.601448 0.370333 0.0271805 0.000157277 0.000880974
 0.809891 0.118695 0.066358 0.00487033 0.000186039
 0.835309 0.13769 0.0168585 0.00942495 0.000718166
 0.984254 0.0135035 0.00187469 0.000229534 0.000138102
 0.0451655 0.940819 0.0120195 0.00166866 0.000327233
 0.978203 0.00104086 0.0204517 0.000261281 4.33871e-05
 0.30394 0.68131 0.000704368 0.01384 0.000206174
 0.181086 0.256732 0.550268 0.000568891 0.0113445
 0.935346 0.0124652 0.0163614 0.0350683 0.000759235
 0.817404 0.171376 0.00216309 0.00283919 0.00621714
 0.0285408 0.801987 0.15906 0.00200763 0.00840546
 0.884613 0.00342756 0.0924281 0.0183315 0.0012001
 0.534261 0.413383 0.00155523 0.0419385 0.00886228
 0.180953 0.444244 0.332669 0.00125157 0.0408819
 0.910543 0.0167636 0.0394285 0.0295258 0.00373952
 0.816883 0.167352 0.0029542 0.00694837 0.00586225
 0.0728633 0.760755 0.152058 0.00268422 0.0116399
 0.0935154 0.0675076 0.688416 0.137599 0.012962
 0.935733 0.00631562 0.00431571 0.0440099 0.00962526
pobs_PELACES
 0 0 0 0 0
 0 0 0 0 0
 0 0 0 0 0
 0 0 0 0 0
 0 0 0 0 0
 0 0 0 0 0
 0 0 0 0 0
 0 0 0 0 0
 0 0 0 0 0
 0 0 0 0 0
 0 0 0 0 0
 0 0 0 0 0
 0 0 0 0 0
 0 0 0 0 0
 0 0 0 0 0
 0 0 0 0 0
 0.505614 0.472636 0.0217494 0 0
 0 0 0 0 0
 0.443492 0.261883 0.143347 0.151278 0
 0.227955 0.32914 0.350689 0.0885471 0.00366901
 0.970185 0.0296113 0.000203453 0 0
 0.997202 0.00247181 0.000326279 0 0
 0.445219 0.490057 0.0546422 0.010081 0
 0.90214 0.0892962 0.00764917 0.000914606 0
 0 0 0 0 0
 0.581667 0.319106 0.0959925 0.00289975 0.000334073
 0.762889 0.0836404 0.116647 0.0363945 0.000428098
 0.88444 0.0763242 0.0277011 0.0115352 0
 0.521256 0.241999 0.230069 0.00667565 0
 0.616807 0.101726 0.260614 0.0208532 0
 0.833518 0.0704572 0.0857862 0.0102388 0
ppred_PELACES
 0.0135368 0.19597 0.70613 0.084363 4.18936e-07
 0.027974 0.0132626 0.190467 0.686302 0.0819945
 0.951887 0.00137529 0.000637705 0.00915819 0.0369418
 0.0801614 0.876514 0.0012384 0.000574233 0.0415116
 0.258895 0.062163 0.646964 0.000914078 0.031064
 0.999095 0.000254078 5.46261e-05 0.000568523 2.81009e-05
 0.0309834 0.968157 0.000241147 5.1846e-05 0.00056626
 0.0815227 0.0302596 0.88743 0.000221039 0.000566567
 0.989324 0.000907168 0.000321825 0.00943823 8.37656e-06
 0.14485 0.84627 0.000754555 0.000267684 0.0078574
 0.962701 0.00565016 0.0313202 2.79258e-05 0.000300707
 0.927193 0.0701278 0.000405787 0.00224937 2.36019e-05
 0.616621 0.356235 0.0261458 0.00015129 0.000847435
 0.827494 0.107704 0.0602134 0.00441935 0.000168812
 0.850313 0.125146 0.0153226 0.00856631 0.000652739
 0.984967 0.0128922 0.00178982 0.000219143 0.00013185
 0.0468573 0.939152 0.0119982 0.0016657 0.000326653
 0.978604 0.00102168 0.0200748 0.000256466 4.25875e-05
 0.310233 0.675149 0.000698 0.0137148 0.000204309
 0.188753 0.254329 0.545116 0.000563566 0.0112383
 0.937482 0.0120535 0.0158209 0.0339099 0.000734156
 0.822812 0.166301 0.00209903 0.00275511 0.00603302
 0.029304 0.801356 0.158935 0.00200605 0.00839886
 0.886582 0.00336906 0.0908507 0.0180186 0.00117962
 0.539629 0.408618 0.0015373 0.0414551 0.00876013
 0.185183 0.441949 0.330951 0.0012451 0.0406707
 0.912777 0.0163449 0.0384436 0.0287883 0.00364611
 0.819304 0.165139 0.00291514 0.00685649 0.00578473
 0.0739213 0.759886 0.151885 0.00268116 0.0116266
 0.0966313 0.0672756 0.68605 0.137126 0.0129175
 0.93831 0.00606242 0.00414269 0.0422455 0.00923937
pobs_pel_tallas
 0 0 0 0 0 0 0 0 0 0 0 0 0 0 0 0 0 0 0 0 0 0 0 0 0 0
 0 0 0 0 0 0 0 0 0 0 0 0 0 0 0 0 0 0 0 0 0 0 0 0 0 0
 0 0 0 0 0 0 0 0 0 0 0 0 0 0 0 0 0 0 0 0 0 0 0 0 0 0
 0 0 0 0 0 0 0 0 0 0 0 0 0 0 0 0 0 0 0 0 0 0 0 0 0 0
 0 0 0 0 0 0 0 0 0 0 0 0 0 0 0 0 0 0 0 0 0 0 0 0 0 0
 0 0 0 0 0 0 0 0 0 0 0 0 0 0 0 0 0 0 0 0 0 0 0 0 0 0
 0 0 0 0 0 0 0 0 0 0 0 0 0 0 0 0 0 0 0 0 0 0 0 0 0 0
 0 0 0 0 0 0 0 0 0 0 0 0 0 0 0 0 0 0 0 0 0 0 0 0 0 0
 0 0 0 0 0 0 0 0 0 0 0 0 0 0 0 0 0 0 0 0 0 0 0 0 0 0
 0 0 0 0 0 0 0 0 0 0 0 0 0 0 0 0 0 0 0 0 0 0 0 0 0 0
 0 0 0 0 0 0 0 0 0 0 0 0 0 0 0 0 0 0 0 0 0 0 0 0 0 0
 0 0 0 0 0 0 0 0 0 0 0 0 0 0 0 0 0 0 0 0 0 0 0 0 0 0
 0.00862536 0 0 0.000197151 0.00414017 0.0128641 0.00837892 0.0270097 0.101434 0.158115 0.152841 0.127902 0.109271 0.109419 0.0830992 0.0579132 0.0238553 0.00714673 0.00463305 0.00128148 0.00103504 0.000492878 0.000147863 0.000147863 4.92878e-05 0
 0 0 0 0 0 0 0 0 0 0 0 0 0 0 0 0 0 0 0 0 0 0 0 0 0 0
 0 0 0 0 0 0 0 0.0054083 0.00873648 0.0413646 0.0450493 0.0745869 0.0622846 0.0627006 0.0613931 0.0827291 0.12552 0.122667 0.0946155 0.0697135 0.0546179 0.0294188 0.0215738 0.0213955 0.0102223 0.00600262
 0 0 0 0 0.00359764 0.0251062 0.0480494 0.140153 0.205849 0.193036 0.1447 0.116669 0.0760912 0.0342217 0.00950174 0.001854 0.000860785 0 0 0 0.000165536 0 0.000143464 0 0 0
 0 0 0 0 0 0 0 0.000145254 0.000435761 0.0275982 0.070085 0.0708112 0.156366 0.174668 0.174014 0.160142 0.0824315 0.0480064 0.0283245 0.00493863 0.00203355 0 0 0 0 0
 0 0 0 0 0 0 0 0 0 0 0 0 0 0 0 0 0 0 0 0 0 0 0 0 0 0
 0 0 1.00437e-05 0.000401748 0.00122533 0.00171747 0.00176769 0.0269171 0.070346 0.194647 0.189555 0.159765 0.064822 0.0314167 0.0384472 0.0292271 0.0345202 0.0313363 0.0194345 0.0106764 0.0143323 0.0359363 0.0279516 0.0138201 0.00172751 0
 0 0.0021121 0.0136068 0.0755702 0.200478 0.177729 0.0527432 0.0373336 0.0318909 0.0142505 0.0149659 0.0166563 0.0217959 0.0798694 0.0677717 0.0528807 0.04013 0.0224614 0.0357745 0.0225083 0.00881397 0.00855152 0.00135912 0.000746735 0 0
 0 0 0 0 5.4009e-05 0.00500934 0.000945158 0.0243581 0.138947 0.33067 0.221406 0.137944 0.0707744 0.0437923 0.0131692 0.00525238 0.0047753 0.00276346 9.45158e-05 9.00151e-06 2.25038e-05 9.00151e-06 4.50075e-06 0 0 0
 0.000866109 0.00284123 0.00948549 0.0512746 0.133035 0.25785 0.225252 0.132002 0.0553304 0.0519788 0.0540692 0.017754 0.00435017 0.00159236 0.00146478 0.000404838 0.000125132 0.000115318 0.000107957 0.000100596 0 0 0 0 0 0
 0 0 0 0 0.00144013 0.00171154 0.00461396 0.0210425 0.0478622 0.0707936 0.0888783 0.103762 0.0637923 0.0337046 0.0602308 0.124433 0.169614 0.0934646 0.0462172 0.0250306 0.0313229 0.00938855 0.002487 0.000210481 0 0
 0 0.00764035 0.051015 0.0998891 0.058973 0.0496711 0.0374665 0.0718981 0.12319 0.153886 0.159021 0.0857701 0.0377988 0.023471 0.0147837 0.00900784 0.00315554 0.000888139 0.00291439 0.00214683 0.00393193 0.00274676 0.000635225 9.99891e-05 0 0
 0 0 0 0 0 0 0 0 0 0 0 0 0 0 0 0 0 0 0 0 0 0 0 0 0 0
 0 0 0 0 0 0 0 0 0 0 0 0 0 0 0 0 0 0 0 0 0 0 0 0 0 0
 0 0 0 0 0 0 0 0 0 0 0 0 0 0 0 0 0 0 0 0 0 0 0 0 0 0
 0 0 0 0 0 0 0 0 0 0 0 0 0 0 0 0 0 0 0 0 0 0 0 0 0 0
 0 0 0 0 0 0 0 0 0 0 0 0 0 0 0 0 0 0 0 0 0 0 0 0 0 0
 0 0 0 0 0 0 0 0 0 0 0 0 0 0 0 0 0 0 0 0 0 0 0 0 0 0
 0 0 0 0 0 0 0 0 0 0 0 0 0 0 0 0 0 0 0 0 0 0 0 0 0 0
ppred_pel_tallas
 1.28888e-16 1.11505e-06 1.08387e-05 7.2028e-05 0.000327441 0.0010189 0.0021716 0.00317368 0.00319364 0.00226964 0.00135122 0.00130102 0.0025676 0.00562993 0.0111743 0.0197792 0.0315372 0.0460023 0.0625018 0.0804071 0.0988747 0.116153 0.129256 0.134734 0.130299 0.116193
 1.88203e-16 2.30419e-06 2.23975e-05 0.000148839 0.000676604 0.00210517 0.00448536 0.00654689 0.00654872 0.00449458 0.00213786 0.000778892 0.000436332 0.000755646 0.00171864 0.00372798 0.00757758 0.0144781 0.0259979 0.0437313 0.0686057 0.0999819 0.134974 0.168509 0.194397 0.207161
 1.07189e-16 7.84057e-05 0.000762131 0.00506463 0.0230231 0.0716333 0.152622 0.222757 0.222757 0.152623 0.0716357 0.0230302 0.00508341 0.000805863 0.000170255 0.000182949 0.000323393 0.00056835 0.000979933 0.00165532 0.00270474 0.00420616 0.00614361 0.00835726 0.010539 0.0122931
 1.07343e-16 6.60297e-06 6.41833e-05 0.000426525 0.00193897 0.00603331 0.0128577 0.0187839 0.0188682 0.0132695 0.00741535 0.0059283 0.010431 0.0218737 0.0413377 0.0680976 0.0975598 0.121573 0.131861 0.12468 0.103163 0.0754078 0.0498567 0.0314853 0.0209466 0.0161335
 1.24035e-16 2.13248e-05 0.000207285 0.00137748 0.00626183 0.0194829 0.0415107 0.0605875 0.0605945 0.0415453 0.0196019 0.00661804 0.00231906 0.00241945 0.00468065 0.00889568 0.0155787 0.0253341 0.038572 0.0551401 0.0738115 0.091958 0.105906 0.112134 0.1088 0.0966425
 1.00064e-16 8.22941e-05 0.000799928 0.0053158 0.0241649 0.0751859 0.160191 0.233804 0.233804 0.160192 0.0751863 0.024166 0.00531878 0.00080647 9.48792e-05 2.70469e-05 3.20772e-05 4.27082e-05 5.27278e-05 6.20421e-05 7.23955e-05 8.593e-05 0.000103282 0.000122394 0.000138924 0.000148021
 1.00356e-16 2.55226e-06 2.4809e-05 0.000164869 0.000749528 0.00233256 0.0049732 0.00727805 0.00737114 0.00542796 0.00385885 0.00515508 0.0112125 0.0241055 0.0456293 0.0751501 0.107598 0.133923 0.144906 0.136305 0.111471 0.0792711 0.049041 0.0264254 0.0124457 0.0051774
 1.25736e-16 6.71492e-06 6.52714e-05 0.000433752 0.00197178 0.00613495 0.0130713 0.0190788 0.0190831 0.0130929 0.00621122 0.00220937 0.00109522 0.00172404 0.00378412 0.00787408 0.015117 0.0268284 0.0440236 0.0666369 0.0926888 0.117993 0.136984 0.144647 0.138674 0.12057
 1.00958e-16 8.14893e-05 0.000792105 0.00526382 0.0239286 0.0744506 0.158625 0.231518 0.231518 0.158625 0.0744521 0.023933 0.00527516 0.000817681 0.000132616 9.74967e-05 0.000151045 0.000232705 0.000346967 0.000509616 0.000738521 0.00104103 0.00139965 0.00176573 0.00206819 0.00223608
 1.01595e-16 1.19313e-05 0.000115976 0.000770707 0.00350357 0.0109014 0.0232295 0.0339212 0.0340026 0.023627 0.0122355 0.00735467 0.0104281 0.0211669 0.0398997 0.0657031 0.0940838 0.117132 0.126802 0.119404 0.0978849 0.0700043 0.0439197 0.0245376 0.0127002 0.00665946
 1.0096e-16 7.92964e-05 0.000770789 0.00512217 0.0232846 0.0724471 0.154356 0.225288 0.225288 0.154359 0.072457 0.0233139 0.00519782 0.000943356 0.000428709 0.00063953 0.00104401 0.00158289 0.0022441 0.00300566 0.00381431 0.00456476 0.00510473 0.00528302 0.005021 0.00436011
 1.0026e-16 7.63717e-05 0.00074236 0.00493325 0.0224258 0.0697751 0.148663 0.21698 0.216987 0.148696 0.0698857 0.022745 0.00573382 0.00248766 0.00338412 0.0054558 0.00781001 0.00973394 0.01056 0.00998536 0.00825556 0.0060109 0.00391943 0.00237538 0.00143491 0.000942871
 1.01005e-16 5.07903e-05 0.0004937 0.00328081 0.0149141 0.0464035 0.0988689 0.144309 0.144343 0.0990364 0.046966 0.0165381 0.00735513 0.00938098 0.0169087 0.0278184 0.0399388 0.0499478 0.0544899 0.0520079 0.0436754 0.0326246 0.0221187 0.0140797 0.00880951 0.00563962
 1.02238e-16 6.81596e-05 0.000662536 0.00440278 0.0200144 0.0622724 0.132678 0.19365 0.19366 0.132729 0.0624441 0.0205114 0.00565365 0.00340415 0.005307 0.00874877 0.0127888 0.0164808 0.0188916 0.0195633 0.0187346 0.0170896 0.0152585 0.0134927 0.0117133 0.00977956
 1.01444e-16 7.00392e-05 0.000680805 0.00452419 0.0205663 0.0639895 0.136337 0.19899 0.199002 0.136396 0.0641874 0.0211378 0.0059585 0.00381166 0.00601545 0.00983241 0.0141543 0.0177951 0.0195982 0.0190358 0.0165205 0.0131231 0.00992762 0.0075253 0.00593967 0.00488078
 1.001e-16 8.11304e-05 0.000788617 0.00524063 0.0238232 0.0741227 0.157926 0.230498 0.2305 0.157932 0.0741431 0.023882 0.00538841 0.00111119 0.000693675 0.00101815 0.00145819 0.00183211 0.0020155 0.00195251 0.00168419 0.00131989 0.000971567 0.000702359 0.000518712 0.000395454
 1.00809e-16 3.85977e-06 3.75184e-05 0.000249327 0.00113346 0.0035271 0.00751821 0.010992 0.0110823 0.00795944 0.00500806 0.0054084 0.0109703 0.0234092 0.0442961 0.072975 0.104538 0.130226 0.141118 0.133103 0.109405 0.0785661 0.0495608 0.0277877 0.0141958 0.00692917
 1.00613e-16 8.06064e-05 0.000783522 0.00520678 0.0236693 0.0736439 0.156906 0.229009 0.229009 0.156907 0.0736462 0.0236762 0.00522562 0.000829509 0.000182161 0.000210501 0.00038102 0.000656388 0.00105202 0.0015653 0.00215309 0.00272386 0.00315432 0.00333152 0.0032015 0.00279553
 1.01603e-16 2.55537e-05 0.000248391 0.00165065 0.00750364 0.023347 0.0497456 0.0726187 0.0726836 0.0500627 0.0244114 0.0105763 0.00935621 0.0170456 0.0318558 0.0524391 0.0751069 0.0935474 0.101357 0.0956051 0.0786502 0.0566725 0.0361449 0.0209254 0.0116232 0.00679772
 1.17755e-16 1.55474e-05 0.000151126 0.00100429 0.00456536 0.0142047 0.0302655 0.0441786 0.0442039 0.0303895 0.0146232 0.00578421 0.00410125 0.00703546 0.0134512 0.0231506 0.035521 0.0491695 0.0624934 0.0744449 0.0846513 0.0927204 0.0975053 0.0972659 0.0907595 0.0783443
 1.03985e-16 7.72191e-05 0.000750597 0.00498798 0.0226746 0.0705492 0.150313 0.219386 0.219387 0.150319 0.070569 0.0227322 0.00513435 0.00107631 0.000714537 0.00110993 0.00171569 0.00243156 0.00322565 0.00411949 0.005175 0.00642663 0.00779957 0.00908242 0.00998593 0.0102576
 1.01401e-16 6.7774e-05 0.000658787 0.00437787 0.0199012 0.0619201 0.131928 0.192556 0.192572 0.132006 0.0621823 0.0206583 0.00627684 0.00479903 0.00791565 0.0129394 0.0185418 0.023128 0.0251284 0.0238339 0.0198343 0.0146534 0.00987405 0.00642041 0.00440343 0.00342343
 1.06414e-16 2.4139e-06 2.3464e-05 0.00015593 0.000708885 0.00220602 0.00470301 0.00688038 0.00695768 0.00508074 0.00347451 0.00437347 0.00935735 0.0201194 0.0381943 0.0632051 0.0911972 0.114976 0.127162 0.124279 0.108748 0.0871248 0.066085 0.0493372 0.0372427 0.0284054
 1.0463e-16 7.30266e-05 0.000709844 0.00471717 0.0214436 0.0667189 0.142152 0.207474 0.207475 0.142154 0.0667272 0.0214696 0.00478971 0.00089171 0.000487403 0.00087058 0.00166863 0.00298082 0.00493952 0.00757722 0.0107245 0.0139585 0.0166662 0.018233 0.0182799 0.016818
 1.05789e-16 4.44486e-05 0.000432057 0.00287117 0.0130519 0.0406097 0.0865246 0.126293 0.126333 0.0867166 0.0412542 0.0149128 0.00753873 0.0106102 0.0193426 0.0318256 0.0456594 0.0570555 0.0622142 0.0594522 0.0502695 0.0384194 0.0277269 0.0203111 0.016232 0.0142988
 1.16672e-16 1.52534e-05 0.000148269 0.000985299 0.00447905 0.0139362 0.0296942 0.0433485 0.0433915 0.0299045 0.0146438 0.00652804 0.00614854 0.0114857 0.0217404 0.0364201 0.0536325 0.0698765 0.0814989 0.0866823 0.086281 0.0827523 0.07817 0.0730458 0.0667043 0.0584869
 1.04618e-16 7.51842e-05 0.000730818 0.00485654 0.0220771 0.0686901 0.146352 0.213605 0.213607 0.14636 0.0687174 0.0221567 0.00505962 0.0011854 0.000972016 0.00157697 0.00247665 0.00356945 0.00481132 0.00620241 0.00776519 0.0094646 0.0111309 0.0124647 0.0131415 0.0129526
 1.01793e-16 6.74851e-05 0.000655979 0.00435921 0.0198163 0.0616561 0.131365 0.191735 0.191751 0.131443 0.0619166 0.0205684 0.00624558 0.00476929 0.00786593 0.0128624 0.0184426 0.0230294 0.0250727 0.0238766 0.0200312 0.0150452 0.0104747 0.00721011 0.00532989 0.00440999
 1.06814e-16 6.08896e-06 5.91869e-05 0.000393322 0.00178803 0.00556361 0.0118566 0.0173204 0.0173937 0.0122148 0.00676652 0.00526318 0.00911926 0.0191172 0.036227 0.0599482 0.0865087 0.109091 0.120705 0.118065 0.103476 0.0831539 0.063419 0.0477657 0.0365041 0.0282741
 1.35753e-16 7.95941e-06 7.73683e-05 0.00051414 0.00233721 0.00727197 0.015494 0.0226155 0.022623 0.0155315 0.00740122 0.0027246 0.00153966 0.00249222 0.0051114 0.00979044 0.0172657 0.0283357 0.0436432 0.0632632 0.0860729 0.10927 0.128625 0.139724 0.139715 0.128554
 1.05922e-16 7.72874e-05 0.000751261 0.00499239 0.0226947 0.0706116 0.150445 0.21958 0.21958 0.150448 0.0706216 0.0227241 0.00506748 0.000919849 0.000412128 0.000600343 0.000962643 0.0014536 0.00211104 0.00301883 0.00428049 0.00595054 0.00795181 0.0100341 0.0118147 0.0128956
pSPR Fmed_Fpbrs
0.427666   0.223425 0.223425
Fs Fmed_Fpbrs
0.509828   1.005 1.005
SSBpbr Bo_Bmed_Bpbrs
1.8077e+06  682709  313501 313501
Ro
36571.7
SPR SPRFo_SPRFmed_SPRFpbrs
261035 111636 58321.7
Fref
1.005
Nvult_r0
 124565 935.498 639.262 6518.94 1425.74
CTP_r0
 34526.5 318.329 217.527 2218.25 485.146
YTP_r0
391022
Np
 137398 23944.1 5612.49 35.4556 27.4908
Nvult_p0
 113454 20719.7 4856.71 30.6812 23.7889
CTP_p0
 48518.1 18078.2 114.205 78.0405 970.617
 48518.1 10385.7 2434.41 15.3788 11.9241
YTP_p0
 684455 583308
CBA_c0
654111
log_Ro
10.327
likeval ReclasPelacesDesembMPH_pf_preclas_ppelaces_ptallas_desvR_qrecl_qpela
 43.265 55.7916 0.173082 0.00197891 407.391 151.085 136.688 0 206.601 0 0 0.0256928 0 0 0
q_reclas_q_pelaces
1 1
M
1
N
 2205.28 33200.7 119631 14292.6 0.0709751
 1339.05 707.591 10161.8 36615.7 4374.59
 209333 337.31 156.407 2246.18 9060.54
 3781 52614.6 74.3377 34.4695 2491.82
 1455.8 599.439 6238.69 8.81447 299.551
 289457 81.471 17.5161 182.299 9.01066
 1754.52 74724.8 18.6123 4.0016 43.7053
 472.898 218.93 6420.61 1.59923 4.09915
 76508.5 80.4388 28.5363 836.89 0.742751
 2311.88 17458.4 15.5663 5.52228 162.097
 55196.3 347.185 1924.53 1.71596 18.4775
 182025 15943.6 92.2559 511.397 5.36592
 59153.9 40115.5 2944.27 17.0367 95.4294
 70885.6 12435.2 6952.07 510.246 19.4905
 46995.9 9197.82 1126.17 629.598 47.9743
 433786 6391.1 887.276 108.637 65.3626
 4780.59 105571 1348.72 187.243 36.7193
 1.14475e+06 1253.68 24633.3 314.703 52.258
 152018 356381 368.443 7239.44 107.846
 28166.1 43131.5 92446.1 95.5749 1905.9
 471081 6628.68 8700.57 18648.4 403.742
 570644 126474 1596.33 2095.29 4588.17
 5196.29 152151 30176.4 380.883 1594.67
 377349 1505.79 40605.5 8053.37 527.227
 146390 117036 440.31 11873.5 2509.06
 17386.2 44552.5 33362.9 125.518 4099.98
 259846 4989.32 11735 8787.71 1112.99
 356800 74920.9 1322.55 3110.67 2624.44
 10644 113783 22742.7 401.469 1740.93
 4478.9 3415.66 34831.6 6962.06 655.837
 166244 1198.79 819.183 8353.7 1827.01
pred_Ctot
 180.165 3579.27 12897 1540.84 0.0076516
 275.167 186.018 2671.44 9625.88 1150.03
 43230.8 89.0929 41.3114 593.28 2393.14
 1454.09 24625.9 34.7932 16.1332 1166.28
 897.636 417.207 4342.1 6.13482 208.486
 56164.3 20.2837 4.36095 45.3868 2.24337
 797.747 40473.7 10.0811 2.16742 23.6724
 170.904 96.9526 2843.35 0.708216 1.81529
 19086 25.3735 9.00146 263.988 0.234293
 928.44 8489.48 7.56942 2.68531 78.8226
 7644.14 62.5722 346.853 0.309263 3.33015
 48077.8 5303.77 30.6896 170.12 1.78502
 16763.3 14242.3 1045.31 6.04859 33.8806
 31479.8 6600.31 3689.99 270.826 10.3451
 20253.1 4756.85 582.421 325.61 24.811
 95960.6 1801.25 250.067 30.6178 18.4216
 891.898 25321.2 323.492 44.9104 8.80714
 112785 162.331 3189.61 40.7489 6.76657
 22450.9 68337 70.6499 1388.18 20.6797
 6650.26 12923.2 27699.1 28.6365 571.055
 82547.8 1497.64 1965.75 4213.3 91.2189
 101907 29096.1 367.247 482.036 1055.54
 710.986 27103.5 5375.48 67.8486 284.066
 37955 198.952 5364.98 1064.05 69.6595
 16231.2 17003 63.9684 1724.98 364.517
 2466.51 8218.35 6154.27 23.1535 756.3
 36230.5 905.106 2128.84 1594.17 201.905
 30381.5 8411.4 148.483 349.237 294.647
 868.854 12256.6 2449.81 43.2456 187.531
 791.522 777.987 7933.6 1585.75 149.38
 34526.5 318.329 217.527 2218.25 485.146
F
 0.136745 0.183933 0.183933 0.183933 0.183933
 0.378717 0.509407 0.509407 0.509407 0.509407
 0.380931 0.512384 0.512384 0.512384 0.512384
 0.841749 1.13222 1.13222 1.13222 1.13222
 1.88306 2.53288 2.53288 2.53288 2.53288
 0.354196 0.476424 0.476424 0.476424 0.476424
 1.08119 1.4543 1.4543 1.4543 1.4543
 0.771384 1.03758 1.03758 1.03758 1.03758
 0.47758 0.642386 0.642386 0.642386 0.642386
 0.895958 1.20514 1.20514 1.20514 1.20514
 0.241838 0.325292 0.325292 0.325292 0.325292
 0.512382 0.689197 0.689197 0.689197 0.689197
 0.559611 0.752723 0.752723 0.752723 0.752723
 1.0421 1.40171 1.40171 1.40171 1.40171
 0.995154 1.33857 1.33857 1.33857 1.33857
 0.41317 0.555748 0.555748 0.555748 0.555748
 0.33848 0.455284 0.455284 0.455284 0.455284
 0.166944 0.224554 0.224554 0.224554 0.224554
 0.259742 0.349375 0.349375 0.349375 0.349375
 0.446712 0.600866 0.600866 0.600866 0.600866
 0.314997 0.423697 0.423697 0.423697 0.423697
 0.321892 0.432972 0.432972 0.432972 0.432972
 0.238625 0.320971 0.320971 0.320971 0.320971
 0.170693 0.229596 0.229596 0.229596 0.229596
 0.189604 0.255033 0.255033 0.255033 0.255033
 0.248379 0.334091 0.334091 0.334091 0.334091
 0.243657 0.327739 0.327739 0.327739 0.327739
 0.142881 0.192187 0.192187 0.192187 0.192187
 0.136624 0.18377 0.18377 0.18377 0.18377
 0.318061 0.427819 0.427819 0.427819 0.427819
 0.383463 0.51579 0.51579 0.51579 0.51579
YTP_r0W_actual
 286570 4488.44 6003.74 75864.2 18096
YTP_p0W_proyectada
 363401 283285 2641.55 2292.05 32836
 363401 162744 56307.9 451.677 403.392
CTP_r0_actual
 34526.5 318.329 217.527 2218.25 485.146
CTP_p0_proyectada
 48518.1 18078.2 114.205 78.0405 970.617
 48518.1 10385.7 2434.41 15.3788 11.9241
Wmedp
 7.49 15.67 23.13 29.37 33.83
Frms_r0
 0.383463 0.51579 0.51579 0.51579 0.51579
Zrms_r0
 1.38346 1.51579 1.51579 1.51579 1.51579
nmprior
 8.19 8.8 8.5 0
nm_flota  nm_reclas  nm_pelaces    nm_pelaL
inf 5.92083 3.79195 5.65615
cv_recla  cv_pelaces  cv_mph
0.594968 0.846948 1.37283
 ------------------------------------------------
Talla a la edad & desviaci?n 
 8 13.2811 15.8009 17.003 17.5766
 0.8 1.32811 1.58009 1.7003 1.75766
