years
 1991 1992 1993 1994 1995 1996 1997 1998 1999 2000 2001 2002 2003 2004 2005 2006 2007 2008 2009 2010 2011 2012 2013 2014 2015 2016 2017 2018 2019 2020 2021
reclasobs
 0 0 0 0 0 0 0 0 0 252601 567819 844713 477998 351125 339783 2.1784e+06 2.13404e+06 4.81314e+06 1.55562e+06 2.62356e+06 3.21686e+06 3.843e+06 1.13348e+06 3.07943e+06 1.97215e+06 2.03268e+06 2.025e+06 2.42433e+06 2.27542e+06 1.05018e+06 2.36338e+06
reclaspred
 2.71517e+06 1.67e+06 835934 640683 614188 862186 591413 496356 370349 315901 362169 517372 522528 445321 531600 975023 1.485e+06 2.30726e+06 2.16551e+06 1.70887e+06 2.90328e+06 2.3619e+06 2.21959e+06 2.7453e+06 2.38481e+06 2.09546e+06 2.16054e+06 2.20747e+06 2.41301e+06 1.51485e+06 1.87248e+06
pelacesobs
 0 0 0 0 0 0 0 0 0 0 0 0 0 0 0 552880 188675 0 991730 2.46772e+06 1.41603e+06 1.21717e+06 2.29649e+06 1.80582e+06 0 1.4828e+06 1.56532e+06 1.57751e+06 1.42118e+06 867257 1.10002e+06
pelacespred
 1.17623e+06 819079 426172 261609 270902 372693 228832 241039 176902 141262 179791 206052 227897 209510 267833 408623 613203 1.01955e+06 1.05911e+06 798292 1.20109e+06 1.15293e+06 1.03925e+06 1.38477e+06 1.23401e+06 1.03653e+06 1.19945e+06 1.24995e+06 1.10944e+06 792066 981445
mphobs
 0 0 0 0 0 0 0 0 0 0 0 498337 0 5186 125008 0 168611 109162 213762 579715 649985 157893 87575 83554 0 0 0 0 0 0 0
mphpred
 2.36504e+06 1.81862e+06 926823 524548 473858 507493 667123 362602 336522 258430 209935 374374 391813 341761 290808 472817 1.03669e+06 1.31625e+06 1.80419e+06 1.5501e+06 1.65167e+06 2.07468e+06 1.93396e+06 1.64331e+06 2.29512e+06 1.78844e+06 1.46943e+06 1.64656e+06 2.20089e+06 1.51355e+06 987229
desembarqueobs
 494567 514787 250237 358949 120608 361735 552515 73892 212993 205616 52469 317467 293654 387597 252695 516296 358380 742168 942051 627588 828172 859565 418607 520667 417249 300574 415391 372974 316634 284311 391294
desembarquepred
 494685 513635 250937 359390 120696 362008 552694 73932.8 213089 205470 52507.7 317627 293814 387923 253013 516631 358598 742560 942610 627675 828602 860041 418627 520867 417313 300600 415398 373112 316768 284386 391510
Reclutas
 201135 91912.4 107289 130969 112586 211996 80022.7 37791.9 44438.3 68320.2 113572 139323 125472 106803 129388 439852 193969 595276 520449 328644 517909 649914 155993 438815 321084 162723 382787 390006 118282 105214 440062
log_desv_Rt
 0.0952631 -0.687879 -0.533185 -0.333757 -0.484993 0.147855 -0.826405 -1.57662 -1.41461 -0.984509 -0.47628 -0.271918 -0.376635 -0.537727 -0.345899 0.877723 0.0589852 1.18031 1.04598 0.58626 1.04108 1.26813 -0.158904 0.875362 0.562987 -0.116667 0.738765 0.757448 -0.43564 -0.552715 0.8782
SSB
 2.36504e+06 1.81862e+06 926823 524548 473858 507493 667123 362602 336522 258430 209935 374374 391813 341761 290808 472817 1.03669e+06 1.31625e+06 1.80419e+06 1.5501e+06 1.65167e+06 2.07468e+06 1.93396e+06 1.64331e+06 2.29512e+06 1.78844e+06 1.46943e+06 1.64656e+06 2.20089e+06 1.51355e+06 987229
BT
 3.33572e+06 2.50121e+06 1.30932e+06 1.07441e+06 854327 1.56681e+06 1.1012e+06 786718 749695 640913 649357 912560 988779 1.12744e+06 1.23324e+06 1.91983e+06 2.05697e+06 4.06175e+06 4.1844e+06 2.80893e+06 4.56104e+06 4.1956e+06 3.13079e+06 5.1442e+06 3.66474e+06 3.12132e+06 4.41662e+06 4.40053e+06 2.98965e+06 2.34289e+06 3.88021e+06
Ftot
 0.172327 0.287594 0.281038 0.514767 0.185836 0.391267 0.82357 0.141382 0.528212 0.593343 0.137885 0.561883 0.516894 0.782857 0.443177 0.49173 0.227638 0.302078 0.404341 0.342688 0.268336 0.340084 0.178341 0.179807 0.1657 0.136176 0.182163 0.1604 0.124655 0.177523 0.198115
BD_Bspro_t
 0.972804 0.82157 0.652983 0.560961 0.528145 0.600587 0.580987 0.387649 0.453905 0.434695 0.449474 0.665601 0.550262 0.47242 0.41864 0.527248 0.621037 0.65863 0.675565 0.61057 0.581218 0.630566 0.645572 0.647707 0.742572 0.740999 0.746863 0.782377 0.81641 0.758726 0.707574
BD_Bspro
 1.81205 1.39339 0.710112 0.401898 0.36306 0.388831 0.511136 0.277818 0.257836 0.198004 0.160848 0.286838 0.300199 0.26185 0.222811 0.362262 0.794293 1.00848 1.38233 1.18766 1.26548 1.58958 1.48176 1.25907 1.75847 1.37027 1.12585 1.26156 1.68628 1.15965 0.756395
BD_Bo
 1.24379 0.956418 0.48742 0.275862 0.249204 0.266893 0.350843 0.190694 0.176978 0.135909 0.110406 0.196885 0.206056 0.179733 0.152937 0.248656 0.545201 0.692219 0.948832 0.815207 0.86862 1.09109 1.01708 0.864225 1.20701 0.940549 0.772778 0.865934 1.15746 0.795984 0.519188
BD_Brms
 5.28469 4.06369 2.07098 1.1721 1.05883 1.13399 1.49068 0.810233 0.751958 0.57746 0.469099 0.836538 0.875504 0.763664 0.649809 1.05651 2.31649 2.94115 4.03146 3.4637 3.69065 4.63588 4.32144 3.67198 5.12843 3.99627 3.28343 3.67924 4.91789 3.38203 2.20596
Sel_flota
 0.5 1 1 1 1
 0.5 1 1 1 1
 0.5 1 1 1 1
 0.5 1 1 1 1
 0.5 1 1 1 1
 0.5 1 1 1 1
 0.5 1 1 1 1
 0.5 1 1 1 1
 0.5 1 1 1 1
 0.5 1 1 1 1
 0.5 1 1 1 1
 0.5 1 1 1 1
 0.5 1 1 1 1
 0.5 1 1 1 1
 0.5 1 1 1 1
 0.5 1 1 1 1
 0.5 1 1 1 1
 0.5 1 1 1 1
 0.5 1 1 1 1
 0.5 1 1 1 1
 0.5 1 1 1 1
 0.5 1 1 1 1
 0.5 1 1 1 1
 0.5 1 1 1 1
 0.5 1 1 1 1
 0.5 1 1 1 1
 0.5 1 1 1 1
 0.5 1 1 1 1
 0.5 1 1 1 1
 0.5 1 1 1 1
 0.5 1 1 1 1
Sel_reclas
 0.5 1 1 1 1
 0.5 1 1 1 1
 0.5 1 1 1 1
 0.5 1 1 1 1
 0.5 1 1 1 1
 0.5 1 1 1 1
 0.5 1 1 1 1
 0.5 1 1 1 1
 0.5 1 1 1 1
 0.5 1 1 1 1
 0.5 1 1 1 1
 0.5 1 1 1 1
 0.5 1 1 1 1
 0.5 1 1 1 1
 0.5 1 1 1 1
 0.5 1 1 1 1
 0.5 1 1 1 1
 0.5 1 1 1 1
 0.5 1 1 1 1
 0.5 1 1 1 1
 0.5 1 1 1 1
 0.5 1 1 1 1
 0.5 1 1 1 1
 0.5 1 1 1 1
 0.5 1 1 1 1
 0.5 1 1 1 1
 0.5 1 1 1 1
 0.5 1 1 1 1
 0.5 1 1 1 1
 0.5 1 1 1 1
 0.5 1 1 1 1
Sel_pelaces
 0.5 1 1 1 1
 0.5 1 1 1 1
 0.5 1 1 1 1
 0.5 1 1 1 1
 0.5 1 1 1 1
 0.5 1 1 1 1
 0.5 1 1 1 1
 0.5 1 1 1 1
 0.5 1 1 1 1
 0.5 1 1 1 1
 0.5 1 1 1 1
 0.5 1 1 1 1
 0.5 1 1 1 1
 0.5 1 1 1 1
 0.5 1 1 1 1
 0.5 1 1 1 1
 0.5 1 1 1 1
 0.5 1 1 1 1
 0.5 1 1 1 1
 0.5 1 1 1 1
 0.5 1 1 1 1
 0.5 1 1 1 1
 0.5 1 1 1 1
 0.5 1 1 1 1
 0.5 1 1 1 1
 0.5 1 1 1 1
 0.5 1 1 1 1
 0.5 1 1 1 1
 0.5 1 1 1 1
 0.5 1 1 1 1
 0.5 1 1 1 1
pf_obs 
 0.8446 0.082 0.0669 0.0065 0
 0.8095 0.147 0.0364 0.0071 0
 0.9664 0.0169 0.016 0.0007 0
 0.9276 0.0648 0.0075 0.0001 0
 0.7033 0.2144 0.0806 0.0017 0
 0.9318 0.0425 0.0243 0.0014 0
 0.5671 0.3108 0.0964 0.0239 0.0018
 0.0768 0.2599 0.5324 0.112 0.0189
 0.490249 0.384438 0.106611 0.0170017 0.00170017
 0.7925 0.1577 0.0466 0.003 0.0002
 0.840416 0.127587 0.0312969 0.00059994 9.999e-05
 0.8084 0.0986 0.0794 0.0134 0.0002
 0.7335 0.1905 0.0724 0.0035 0.0001
 0.4001 0.4547 0.1325 0.0127 0
 0.49795 0.308269 0.164784 0.0264974 0.00249975
 0.9179 0.0499 0.0305 0.0017 0
 0.2467 0.6533 0.0926 0.0074 0
 0.9418 0.0223 0.034 0.0019 0
 0.707729 0.231977 0.0356964 0.0245975 0
 0.517169 0.277429 0.184464 0.0207286 0.00020938
 0.811772 0.124168 0.05621 0.00726502 0.000585176
 0.764997 0.148141 0.077277 0.00933861 0.000247198
 0.163321 0.427699 0.378323 0.0303852 0.000271297
 0.753843 0.0900009 0.118128 0.0371064 0.000921714
 0.721811 0.176058 0.0630433 0.0369309 0.00215725
 0.143369 0.312575 0.442814 0.0836902 0.0175525
 0.692698 0.0596174 0.167031 0.0765114 0.00414204
 0.394062 0.376323 0.152708 0.0712218 0.00568511
 0.125707 0.32114 0.495352 0.0537591 0.00404204
 0.23352 0.215282 0.420074 0.123614 0.00750983
 0.796117 0.104755 0.0508955 0.0450114 0.00322123
pf_pred 
 0.33263 0.426055 0.240769 0.000271163 0.000274445
 0.268558 0.374471 0.227894 0.128786 0.000291842
 0.46284 0.238798 0.15275 0.09296 0.0526519
 0.579114 0.274464 0.0650926 0.0416371 0.0396915
 0.544994 0.347218 0.0702896 0.01667 0.020828
 0.685028 0.225776 0.068066 0.013779 0.00735084
 0.376383 0.517851 0.0758144 0.0228562 0.0070953
 0.378266 0.379257 0.201352 0.0294784 0.0116458
 0.515148 0.271135 0.130367 0.0692136 0.0141362
 0.68529 0.224747 0.0503083 0.0241893 0.0154653
 0.724124 0.231586 0.0316289 0.00707996 0.00558065
 0.627256 0.315112 0.0483799 0.00660749 0.00264488
 0.589087 0.328729 0.0694766 0.0106669 0.00203998
 0.571899 0.329881 0.0785756 0.0166069 0.00303731
 0.672644 0.253208 0.0571358 0.0136094 0.00340239
 0.839562 0.132302 0.0217636 0.0049109 0.00146218
 0.425804 0.530568 0.0359767 0.00591817 0.00173303
 0.752842 0.151624 0.088275 0.00598575 0.00127299
 0.565517 0.377833 0.0347531 0.0202332 0.00166375
 0.456339 0.405755 0.119926 0.0110308 0.00695016
 0.635751 0.236943 0.0950137 0.0280824 0.00421051
 0.622731 0.298379 0.0513173 0.0205782 0.00699404
 0.239481 0.597214 0.129156 0.0222132 0.0119349
 0.633713 0.146157 0.172862 0.0373841 0.00988412
 0.469049 0.416757 0.045566 0.0538919 0.0147364
 0.333342 0.433202 0.183245 0.0200351 0.0301755
 0.644333 0.181408 0.113235 0.0478987 0.0131246
 0.55406 0.353503 0.0471479 0.0294297 0.0158599
 0.248755 0.542891 0.165165 0.0220286 0.0211604
 0.352043 0.263875 0.277559 0.0844424 0.0220809
 0.775419 0.119896 0.0426322 0.0448431 0.0172102
pobs_RECLAS
 0 0 0 0 0
 0 0 0 0 0
 0 0 0 0 0
 0 0 0 0 0
 0 0 0 0 0
 0 0 0 0 0
 0 0 0 0 0
 0 0 0 0 0
 0 0 0 0 0
 0 0 0 0 0
 0.991045 0.00858322 0.000360255 1.14367e-05 0
 0.934742 0.0480273 0.0164251 0.00080598 0
 0.827803 0.169806 0.00239088 0 0
 0.941827 0.0461693 0.0120037 0 0
 0.791401 0.0380133 0.147996 0.0225897 0
 0.846168 0.0940531 0.0597789 0 0
 0.134021 0.677848 0.182769 0.00536245 0
 0.80878 0.0450904 0.141981 0.00414843 0
 0.846168 0.0940531 0.0597789 0 0
 0.905697 0.0802665 0.012482 0.00150086 5.37128e-05
 0.989698 0.0102097 9.19794e-05 0 0
 0.975433 0.0193895 0.00387452 0.00125025 5.28907e-05
 0.303575 0.632131 0.0575291 0.00676475 0
 0.966965 0.00978017 0.0227588 0.000495775 0
 0.843318 0.132988 0.00938335 0.0141283 0.000182051
 0.564624 0.303363 0.111486 0.0197234 0.00080311
 0.826376 0.0876187 0.0782897 0.00655872 0.00115652
 0.89761 0.0855135 0.0140674 0.00269457 0.000114338
 0.34875 0.467042 0.161289 0.0227151 0.000203297
 0.318654 0.224769 0.449479 0.00709798 0
 0.937255 0.0296025 0.0250945 0.00804832 0
ppred_RECLAS
 0.334395 0.424928 0.240132 0.000270445 0.000273719
 0.27136 0.373036 0.227021 0.128292 0.000290724
 0.466283 0.237268 0.151771 0.0923641 0.0523144
 0.586121 0.269896 0.0640091 0.040944 0.0390307
 0.547135 0.345584 0.0699588 0.0165916 0.02073
 0.689438 0.222615 0.0671129 0.0135861 0.00724791
 0.38895 0.507416 0.0742867 0.0223956 0.00695233
 0.379769 0.378341 0.200866 0.0294071 0.0116177
 0.522579 0.26698 0.128369 0.0681528 0.0139195
 0.692689 0.219463 0.0491256 0.0236206 0.0151017
 0.725364 0.230546 0.0314868 0.00704815 0.00555557
 0.634753 0.308774 0.0474068 0.00647459 0.00259169
 0.596079 0.323136 0.0682943 0.0104854 0.00200527
 0.584019 0.320542 0.076351 0.0161367 0.00295131
 0.677885 0.249155 0.056221 0.0133915 0.00334792
 0.843192 0.129308 0.0212712 0.00479978 0.0014291
 0.428461 0.528113 0.0358103 0.00589079 0.00172501
 0.755634 0.149911 0.0872777 0.00591813 0.00125861
 0.570757 0.373276 0.034334 0.0199892 0.00164368
 0.460682 0.402513 0.118968 0.0109427 0.00689465
 0.638783 0.23497 0.0942227 0.0278487 0.00417546
 0.626795 0.295166 0.0507646 0.0203565 0.00691871
 0.240987 0.596032 0.128901 0.0221692 0.0119113
 0.635643 0.145386 0.171952 0.0371871 0.00983203
 0.470943 0.41527 0.0454035 0.0536997 0.0146839
 0.334705 0.432316 0.182871 0.0199941 0.0301137
 0.646267 0.180422 0.11262 0.0476383 0.0130532
 0.555872 0.352066 0.0469564 0.0293102 0.0157955
 0.249797 0.542138 0.164936 0.0219981 0.0211311
 0.353917 0.263111 0.276756 0.0841982 0.022017
 0.77703 0.119035 0.0423262 0.0445213 0.0170866
pobs_PELACES
 0 0 0 0 0
 0 0 0 0 0
 0 0 0 0 0
 0 0 0 0 0
 0 0 0 0 0
 0 0 0 0 0
 0 0 0 0 0
 0 0 0 0 0
 0 0 0 0 0
 0 0 0 0 0
 0 0 0 0 0
 0 0 0 0 0
 0 0 0 0 0
 0 0 0 0 0
 0 0 0 0 0
 0 0 0 0 0
 0.505614 0.472636 0.0217494 0 0
 0 0 0 0 0
 0.443492 0.261883 0.143347 0.151278 0
 0.227955 0.32914 0.350689 0.0885471 0.00366901
 0.970185 0.0296113 0.000203453 0 0
 0.997202 0.00247181 0.000326279 0 0
 0.445219 0.490057 0.0546422 0.010081 0
 0.90214 0.0892962 0.00764917 0.000914606 0
 0 0 0 0 0
 0.581667 0.319106 0.0959925 0.00289975 0.000334073
 0.762889 0.0836404 0.116647 0.0363945 0.000428098
 0.88444 0.0763242 0.0277011 0.0115352 0
 0.521256 0.241999 0.230069 0.00667565 0
 0.616807 0.101726 0.260614 0.0208532 0
 0.833518 0.0704572 0.0857862 0.0102388 0
ppred_PELACES
 0.340753 0.420869 0.237839 0.000267862 0.000271105
 0.280844 0.36818 0.224066 0.126623 0.00028694
 0.477839 0.23213 0.148485 0.0903642 0.0511817
 0.606563 0.256565 0.0608475 0.0389217 0.0371029
 0.554721 0.339795 0.0687869 0.0163137 0.0203828
 0.70309 0.212829 0.0641629 0.0129889 0.00692932
 0.42169 0.480228 0.0703064 0.0211957 0.00657982
 0.385279 0.374979 0.199081 0.0291459 0.0115145
 0.544267 0.254851 0.122538 0.0650568 0.0132872
 0.713128 0.204867 0.0458584 0.0220496 0.0140973
 0.729873 0.226761 0.0309699 0.00693243 0.00546436
 0.655967 0.29084 0.0446534 0.00609854 0.00244116
 0.616435 0.306851 0.0648527 0.00995699 0.00190422
 0.615021 0.296653 0.0706608 0.0149341 0.00273136
 0.69364 0.236968 0.0534712 0.0127365 0.00318416
 0.853623 0.120706 0.0198561 0.00448048 0.00133403
 0.437683 0.519592 0.0352325 0.00579574 0.00169718
 0.76472 0.144337 0.0840326 0.00569808 0.00121182
 0.587019 0.359134 0.0330332 0.0192319 0.00158141
 0.474758 0.392008 0.115863 0.0106571 0.0067147
 0.648935 0.228366 0.0915746 0.027066 0.00405811
 0.639825 0.28486 0.0489922 0.0196458 0.00667715
 0.246411 0.591773 0.12798 0.0220108 0.0118262
 0.642486 0.142656 0.168722 0.0364887 0.00964737
 0.47776 0.40992 0.0448185 0.0530077 0.0144947
 0.339727 0.429053 0.18149 0.0198432 0.0298864
 0.653107 0.176933 0.110442 0.0467171 0.0128008
 0.562395 0.346895 0.0462666 0.0288796 0.0155635
 0.253671 0.539338 0.164084 0.0218845 0.0210219
 0.360643 0.260372 0.273875 0.0833216 0.0217878
 0.782643 0.116039 0.0412609 0.0434007 0.0166566
pobs_pel_tallas
 0 0 0 0 0 0 0 0 0 0 0 0 0 0 0 0 0 0 0 0 0 0 0 0 0 0
 0 0 0 0 0 0 0 0 0 0 0 0 0 0 0 0 0 0 0 0 0 0 0 0 0 0
 0 0 0 0 0 0 0 0 0 0 0 0 0 0 0 0 0 0 0 0 0 0 0 0 0 0
 0 0 0 0 0 0 0 0 0 0 0 0 0 0 0 0 0 0 0 0 0 0 0 0 0 0
 0 0 0 0 0 0 0 0 0 0 0 0 0 0 0 0 0 0 0 0 0 0 0 0 0 0
 0 0 0 0 0 0 0 0 0 0 0 0 0 0 0 0 0 0 0 0 0 0 0 0 0 0
 0 0 0 0 0 0 0 0 0 0 0 0 0 0 0 0 0 0 0 0 0 0 0 0 0 0
 0 0 0 0 0 0 0 0 0 0 0 0 0 0 0 0 0 0 0 0 0 0 0 0 0 0
 0 0 0 0 0 0 0 0 0 0 0 0 0 0 0 0 0 0 0 0 0 0 0 0 0 0
 0 0 0 0 0 0 0 0 0 0 0 0 0 0 0 0 0 0 0 0 0 0 0 0 0 0
 0 0 0 0 0 0 0 0 0 0 0 0 0 0 0 0 0 0 0 0 0 0 0 0 0 0
 0 0 0 0 0 0 0 0 0 0 0 0 0 0 0 0 0 0 0 0 0 0 0 0 0 0
 0.00862536 0 0 0.000197151 0.00414017 0.0128641 0.00837892 0.0270097 0.101434 0.158115 0.152841 0.127902 0.109271 0.109419 0.0830992 0.0579132 0.0238553 0.00714673 0.00463305 0.00128148 0.00103504 0.000492878 0.000147863 0.000147863 4.92878e-05 0
 0 0 0 0 0 0 0 0 0 0 0 0 0 0 0 0 0 0 0 0 0 0 0 0 0 0
 0 0 0 0 0 0 0 0.0054083 0.00873648 0.0413646 0.0450493 0.0745869 0.0622846 0.0627006 0.0613931 0.0827291 0.12552 0.122667 0.0946155 0.0697135 0.0546179 0.0294188 0.0215738 0.0213955 0.0102223 0.00600262
 0 0 0 0 0.00359764 0.0251062 0.0480494 0.140153 0.205849 0.193036 0.1447 0.116669 0.0760912 0.0342217 0.00950174 0.001854 0.000860785 0 0 0 0.000165536 0 0.000143464 0 0 0
 0 0 0 0 0 0 0 0.000145254 0.000435761 0.0275982 0.070085 0.0708112 0.156366 0.174668 0.174014 0.160142 0.0824315 0.0480064 0.0283245 0.00493863 0.00203355 0 0 0 0 0
 0 0 0 0 0 0 0 0 0 0 0 0 0 0 0 0 0 0 0 0 0 0 0 0 0 0
 0 0 1.00437e-05 0.000401748 0.00122533 0.00171747 0.00176769 0.0269171 0.070346 0.194647 0.189555 0.159765 0.064822 0.0314167 0.0384472 0.0292271 0.0345202 0.0313363 0.0194345 0.0106764 0.0143323 0.0359363 0.0279516 0.0138201 0.00172751 0
 0 0.0021121 0.0136068 0.0755702 0.200478 0.177729 0.0527432 0.0373336 0.0318909 0.0142505 0.0149659 0.0166563 0.0217959 0.0798694 0.0677717 0.0528807 0.04013 0.0224614 0.0357745 0.0225083 0.00881397 0.00855152 0.00135912 0.000746735 0 0
 0 0 0 0 5.4009e-05 0.00500934 0.000945158 0.0243581 0.138947 0.33067 0.221406 0.137944 0.0707744 0.0437923 0.0131692 0.00525238 0.0047753 0.00276346 9.45158e-05 9.00151e-06 2.25038e-05 9.00151e-06 4.50075e-06 0 0 0
 0.000866109 0.00284123 0.00948549 0.0512746 0.133035 0.25785 0.225252 0.132002 0.0553304 0.0519788 0.0540692 0.017754 0.00435017 0.00159236 0.00146478 0.000404838 0.000125132 0.000115318 0.000107957 0.000100596 0 0 0 0 0 0
 0 0 0 0 0.00144013 0.00171154 0.00461396 0.0210425 0.0478622 0.0707936 0.0888783 0.103762 0.0637923 0.0337046 0.0602308 0.124433 0.169614 0.0934646 0.0462172 0.0250306 0.0313229 0.00938855 0.002487 0.000210481 0 0
 0 0.00764035 0.051015 0.0998891 0.058973 0.0496711 0.0374665 0.0718981 0.12319 0.153886 0.159021 0.0857701 0.0377988 0.023471 0.0147837 0.00900784 0.00315554 0.000888139 0.00291439 0.00214683 0.00393193 0.00274676 0.000635225 9.99891e-05 0 0
 0 0 0 0 0 0 0 0 0 0 0 0 0 0 0 0 0 0 0 0 0 0 0 0 0 0
 0 0 0 0 0 0 0 0 0 0 0 0 0 0 0 0 0 0 0 0 0 0 0 0 0 0
 0 0 0 0 0 0 0 0 0 0 0 0 0 0 0 0 0 0 0 0 0 0 0 0 0 0
 0 0 0 0 0 0 0 0 0 0 0 0 0 0 0 0 0 0 0 0 0 0 0 0 0 0
 0 0 0 0 0 0 0 0 0 0 0 0 0 0 0 0 0 0 0 0 0 0 0 0 0 0
 0 0 0 0 0 0 0 0 0 0 0 0 0 0 0 0 0 0 0 0 0 0 0 0 0 0
 0 0 0 0 0 0 0 0 0 0 0 0 0 0 0 0 0 0 0 0 0 0 0 0 0 0
ppred_pel_tallas
 1.07044e-16 2.80675e-05 0.000272826 0.00181303 0.00824178 0.0256435 0.0546376 0.0797538 0.0797946 0.0548373 0.0263146 0.0101837 0.00670026 0.0109838 0.0204926 0.0341508 0.0499236 0.0642847 0.0735745 0.0759671 0.0723608 0.0654137 0.0576152 0.0500277 0.0424675 0.034517
 1.19308e-16 2.31328e-05 0.000224859 0.00149427 0.00679276 0.021135 0.0450316 0.0657325 0.0657683 0.0452067 0.0217236 0.0084969 0.00578714 0.00964716 0.0180688 0.030234 0.0444973 0.0579705 0.0677113 0.072391 0.0729652 0.0716874 0.0703068 0.0689623 0.0664978 0.0616438
 1.22068e-16 3.9359e-05 0.000382584 0.00254241 0.0115574 0.0359595 0.0766164 0.111829 0.111851 0.0767269 0.0363312 0.0126338 0.0052553 0.00634217 0.0114692 0.0191964 0.0283635 0.0372107 0.0439971 0.0480239 0.0500206 0.0514663 0.0533872 0.0556136 0.0569886 0.0561959
 1.12004e-16 4.99618e-05 0.000485647 0.0032273 0.0146708 0.0456465 0.0972557 0.141953 0.141977 0.0973768 0.0460534 0.0158468 0.00618223 0.0069465 0.0123513 0.0204245 0.0296248 0.0377143 0.0424709 0.0429411 0.0400259 0.0358396 0.0323543 0.0303822 0.0295019 0.0286972
 1.07158e-16 4.56917e-05 0.00044414 0.00295147 0.013417 0.0417453 0.088944 0.129823 0.129856 0.0891043 0.0422834 0.0149717 0.00685595 0.00897397 0.0162642 0.0268659 0.0388168 0.0490716 0.0545571 0.0538701 0.0481018 0.0400567 0.0325158 0.0269066 0.0231533 0.0204036
 1.04382e-16 5.79126e-05 0.000562931 0.00374088 0.0170055 0.0529105 0.112732 0.16454 0.164561 0.112833 0.0532482 0.0179817 0.00619388 0.00592687 0.0102715 0.0169587 0.0245868 0.0312605 0.0350795 0.0351589 0.0321227 0.0276108 0.0232192 0.0197215 0.0170315 0.014684
 1.05391e-16 3.47341e-05 0.000337628 0.00224366 0.0101994 0.0317343 0.067615 0.0986958 0.0987421 0.0678412 0.0324938 0.0123932 0.00775085 0.012361 0.0228726 0.037767 0.0544232 0.0684865 0.0755351 0.0735295 0.064017 0.0510552 0.038758 0.0293786 0.0230387 0.0186961
 1.10713e-16 3.1735e-05 0.000308476 0.00204993 0.00931871 0.0289942 0.0617765 0.0901722 0.0902085 0.0619543 0.029592 0.0110484 0.00640302 0.00984858 0.0182594 0.0304217 0.0444861 0.0573324 0.0657536 0.0682088 0.0656037 0.0603939 0.0548077 0.0496726 0.0445678 0.0387857
 1.12375e-16 4.48306e-05 0.000435769 0.00289584 0.0131641 0.0409585 0.0872673 0.127374 0.127399 0.0873882 0.0413648 0.0143396 0.00585434 0.00692037 0.012438 0.0206978 0.0303019 0.0391535 0.0451463 0.0473399 0.046468 0.0442768 0.042249 0.0407554 0.0391673 0.0365989
 1.05973e-16 5.87394e-05 0.000570968 0.00379428 0.0172483 0.0536659 0.114342 0.166889 0.166909 0.114438 0.0539906 0.0181865 0.00615115 0.00572197 0.00985934 0.0162547 0.0235262 0.0298389 0.0333701 0.0333041 0.030313 0.0260698 0.0221908 0.0194383 0.0176512 0.0162174
 1.02572e-16 6.01187e-05 0.000584375 0.00388338 0.0176533 0.0549261 0.117027 0.170808 0.17083 0.117133 0.0552846 0.0186889 0.00648288 0.00625896 0.0108368 0.0178193 0.0256615 0.0322667 0.0355393 0.0345147 0.0299297 0.0237155 0.0178372 0.0133815 0.0104195 0.00845723
 1.02388e-16 5.40312e-05 0.000525203 0.00349016 0.0158658 0.0493644 0.105177 0.153515 0.153543 0.105314 0.0498244 0.0171944 0.00682549 0.00780681 0.0138846 0.0228721 0.0329503 0.0414485 0.0456748 0.0443762 0.0384701 0.0304003 0.0226616 0.0166486 0.0124902 0.00962232
 1.03271e-16 5.0775e-05 0.000493551 0.00327982 0.0149096 0.0463895 0.0988388 0.144264 0.144294 0.0989835 0.0468754 0.0163135 0.00680539 0.00819503 0.0146923 0.0242477 0.0350141 0.044215 0.049042 0.0481804 0.0425605 0.0346703 0.027016 0.0209479 0.0165331 0.0131878
 1.04075e-16 5.06585e-05 0.000492419 0.0032723 0.0148754 0.0462831 0.098612 0.143933 0.143962 0.098752 0.0467531 0.0162337 0.00668407 0.00794773 0.0142313 0.0235035 0.0339844 0.0430107 0.0478904 0.0473663 0.0423301 0.0351488 0.0281795 0.0226488 0.0185548 0.0153003
 1.0342e-16 5.71343e-05 0.000555365 0.0036906 0.0167769 0.0521994 0.111217 0.16233 0.162352 0.111329 0.0525748 0.0178617 0.00641501 0.00650807 0.011378 0.0187603 0.0271147 0.034297 0.0381547 0.0376873 0.0336177 0.0278538 0.0222958 0.0179334 0.0147604 0.0122796
 1.0128e-16 7.03118e-05 0.000683456 0.00454181 0.0206464 0.0642387 0.136868 0.199765 0.199777 0.136925 0.0644296 0.021198 0.00592673 0.00370747 0.00581559 0.00950856 0.0137034 0.0172587 0.0190606 0.0185938 0.0162398 0.0130071 0.00991727 0.00752965 0.0058775 0.0047118
 1.02019e-16 3.60514e-05 0.000350433 0.00232875 0.0105862 0.0329379 0.0701795 0.102439 0.102489 0.0704238 0.0337582 0.0129547 0.00827092 0.0133118 0.0246214 0.0405662 0.0582433 0.0728398 0.0794711 0.0758785 0.0637907 0.0477923 0.0326478 0.0211451 0.0136874 0.00924934
 1.03239e-16 6.2989e-05 0.000612276 0.00406879 0.0184961 0.0575484 0.122613 0.178961 0.178975 0.122682 0.0577787 0.0191626 0.00574633 0.0042899 0.00709283 0.0117441 0.0171848 0.0221762 0.0254758 0.0264718 0.0254786 0.0233978 0.0210523 0.0187579 0.0163955 0.0137751
 1.03242e-16 4.83521e-05 0.000469999 0.00312331 0.0141981 0.0441759 0.0941227 0.137382 0.137417 0.0942917 0.0447433 0.0158366 0.00723498 0.00944198 0.0170767 0.0281262 0.0404469 0.0507298 0.055639 0.0536471 0.0459545 0.0356881 0.0260449 0.0188158 0.0141393 0.0112061
 1.05649e-16 3.91052e-05 0.000380117 0.00252601 0.0114829 0.0357278 0.0761232 0.111112 0.11115 0.0763083 0.0363496 0.0132802 0.00704179 0.0102527 0.0188318 0.0311818 0.0451718 0.0573367 0.064142 0.0639162 0.0577773 0.0487454 0.0398097 0.0325002 0.0268035 0.0220099
 1.06103e-16 5.3452e-05 0.000519572 0.00345274 0.0156957 0.0488352 0.104049 0.151868 0.15189 0.104157 0.0491984 0.016746 0.00609395 0.00630145 0.0110817 0.0183601 0.0267354 0.0342357 0.0388746 0.0397243 0.0374142 0.0335842 0.0297634 0.026587 0.0238257 0.0209533
 1.04587e-16 5.27016e-05 0.000512278 0.00340427 0.0154753 0.0481497 0.102589 0.149737 0.149765 0.102723 0.0486005 0.0167777 0.00667441 0.00765415 0.0136258 0.0224682 0.0324222 0.0409046 0.045319 0.0444774 0.0392989 0.0321593 0.0254327 0.0203654 0.0169392 0.0144721
 1.08054e-16 2.02966e-05 0.000197291 0.00131107 0.00595996 0.018544 0.039512 0.0576808 0.0577379 0.039791 0.0194812 0.00866798 0.00811198 0.015055 0.0282708 0.0467914 0.0676036 0.0854323 0.0948895 0.0934646 0.0829697 0.0682035 0.0539729 0.0428241 0.034805 0.0287021
 1.10198e-16 5.29208e-05 0.000514409 0.00341843 0.0155397 0.0483498 0.103015 0.150356 0.15037 0.103083 0.0485804 0.016209 0.00511027 0.00424685 0.00725653 0.012214 0.0182952 0.0244874 0.0297606 0.0336011 0.0361896 0.038004 0.0392132 0.0394321 0.0380304 0.0346697
 1.09168e-16 3.93525e-05 0.00038252 0.00254198 0.0115555 0.0359537 0.0766047 0.111815 0.111855 0.0767977 0.0366019 0.0134276 0.0072412 0.0106415 0.0195255 0.0322268 0.0464513 0.0585019 0.0646615 0.0632818 0.0557988 0.0457711 0.0367211 0.0304411 0.0267542 0.024408
 1.12395e-16 2.7983e-05 0.000272004 0.00180757 0.00821696 0.0255662 0.0544731 0.0795138 0.0795553 0.0546762 0.0262488 0.0101908 0.00677155 0.0111396 0.0207589 0.0345138 0.0502759 0.0643977 0.0731452 0.0747612 0.0704106 0.0631659 0.0559157 0.0499008 0.0447552 0.0395393
 1.10084e-16 5.37956e-05 0.000522913 0.00347494 0.0157966 0.0491491 0.104718 0.152843 0.15286 0.104802 0.049432 0.0166156 0.00553828 0.00505185 0.00872807 0.014537 0.0213923 0.0278718 0.0325579 0.0348111 0.0350924 0.0344932 0.0338713 0.0333165 0.0322905 0.0301803
 1.06954e-16 4.63238e-05 0.000450284 0.0029923 0.0136026 0.0423228 0.0901745 0.131619 0.131653 0.0903379 0.0428715 0.0151874 0.00697068 0.00913646 0.0165474 0.0272963 0.0393531 0.0495762 0.0548073 0.0536257 0.047209 0.0385319 0.0305607 0.0248414 0.0213015 0.0189845
 1.10626e-16 2.08947e-05 0.000203104 0.0013497 0.00613557 0.0190903 0.0406758 0.0593785 0.0594306 0.0409306 0.0199461 0.0086092 0.00756564 0.013795 0.0259004 0.0429579 0.0622832 0.0791656 0.0887844 0.0888823 0.0810277 0.0693745 0.0579853 0.0488619 0.041843 0.0358027
 1.20014e-16 2.97058e-05 0.000288751 0.00191885 0.00872283 0.0271401 0.0578258 0.0844038 0.0844293 0.0579505 0.0275601 0.00994114 0.00499642 0.0070718 0.0131027 0.0221157 0.0330348 0.0440301 0.0532139 0.0596911 0.0639094 0.0669215 0.0692172 0.0701882 0.0686205 0.0636757
 1.08392e-16 6.44653e-05 0.000626625 0.00416415 0.0189296 0.0588971 0.125487 0.183154 0.183165 0.125542 0.0590818 0.0194638 0.00550789 0.00357008 0.005685 0.00937879 0.0137052 0.0176775 0.020356 0.0213648 0.0211208 0.0205129 0.0202763 0.0205563 0.0209324 0.0207802
pSPR Fmed_Fpbrs
0.647744   0.285357 0.285357
Fs Fmed_Fpbrs
0.283311   1.005 1.005
SSBpbr Bo_Bmed_Bpbrs
1.90149e+06  1.1366e+06  447528 447528
Ro
182859
SPR SPRFo_SPRFmed_SPRFpbrs
1.30518e+06 845420 372441
Fref
1.005
Nvult_r0
 293440 24730.6 8793.63 9249.68 3549.9
CTP_r0
 26447.5 4089.34 1454.08 1529.48 586.994
YTP_r0
391510
Np
 274308 61053.6 19744.2 1439.25 580.679
Nvult_p0
 213255 52832.1 17085.4 1245.44 502.485
CTP_p0
 71321.5 63597.1 4635.92 1648.42 2257.14
 71321.5 26481.9 8564.01 624.274 251.869
YTP_p0
 1.76277e+06 1.17411e+06
CBA_c0
1.58617e+06
log_Ro
11.9365
likeval ReclasPelacesDesembMPH_pf_preclas_ppelaces_ptallas_desvR_qrecl_qpela
 18.4614 21.2426 0.114375 0.00296527 248.188 135.951 104.829 0 24.9033 0 0 0.290062 0 0 0
q_reclas_q_pelaces
1 1
M
1
N
 201135 133421 75397.9 84.9157 85.9437
 91912.4 67884.9 41313.2 23346.6 52.9058
 107289 29283.9 18731.8 11399.7 6456.72
 130969 34295.4 8133.58 5202.72 4959.6
 112586 37247.1 7540.17 1788.24 2234.28
 211996 37743.1 11378.6 2303.45 1228.85
 80022.7 64131.5 9388.99 2830.55 878.694
 37791.9 19502.2 10353.9 1515.84 598.851
 44438.3 12954 6228.55 3306.81 675.383
 68320.2 12553.5 2810.02 1351.12 863.831
 113572 18681.5 2551.43 571.124 450.177
 139323 38997.3 5987.35 817.723 327.323
 125472 38700.6 8179.32 1255.79 240.163
 106803 35645.9 8490.61 1794.48 328.201
 129388 26564.1 5994.1 1427.76 356.944
 439852 38138.6 6273.8 1415.67 421.504
 193969 126542 8580.54 1411.5 413.332
 595276 63680.7 37074.7 2513.96 534.646
 520449 188290 17319 10083.1 829.117
 328644 156416 46230.7 4252.31 2679.25
 517909 101863 40847 12072.8 1810.13
 649914 166606 28654 11490.2 3905.26
 155993 201703 43621.4 7502.31 4030.91
 438815 52490.9 62082.1 13426.2 3549.8
 321084 147551 16132.5 19080.2 5217.37
 162723 108728 45992.3 5028.56 7573.65
 382787 55922.1 34906.6 14765.6 4045.87
 390006 128560 17146.6 10702.9 5767.87
 118282 132418 40285.8 5373.06 5161.29
 105214 40884.3 43004.6 13083.4 3421.18
 440062 35418.6 12594 13247.2 5084.08
pred_Ctot
 10570.5 13539.5 7651.32 8.61719 8.7215
 7873.59 10978.7 6681.41 3775.75 8.55624
 8993.31 4640.02 2968.04 1806.28 1023.06
 19184.6 9092.29 2156.35 1379.33 1314.88
 6363.04 4053.92 820.661 194.63 243.176
 24194.1 7974.06 2403.98 486.654 259.62
 17652.4 24287.3 3555.71 1071.96 332.771
 1639.89 1644.19 872.919 127.797 50.488
 6661.61 3506.17 1685.84 895.031 182.801
 11357.1 3724.64 833.741 400.88 256.301
 4809.74 1538.23 210.084 47.0262 37.0675
 22069 11086.7 1702.17 232.474 93.0558
 18447.5 10294.3 2175.69 334.038 63.8829
 22572.4 13020.2 3101.32 655.459 119.88
 16552.1 6230.82 1405.97 334.892 83.7241
 61830.1 9743.45 1602.8 361.666 107.684
 13314 16589.7 1124.91 185.048 54.188
 53404.5 10755.8 6261.97 424.612 90.3025
 61219.8 40902.1 3762.18 2190.33 180.108
 33173.5 29496.2 8717.97 801.88 505.241
 41557.9 15488.5 6210.87 1835.7 275.234
 65138.4 31210.8 5367.84 2152.5 731.584
 8473.72 21131.6 4570.02 785.984 422.3
 24025.6 5541.16 6553.64 1417.32 374.731
 16247.6 14436.2 1578.38 1866.79 510.461
 6808.26 8847.85 3742.66 409.203 616.312
 21222.4 5975.04 3729.62 1577.64 432.284
 19124.8 12202 1627.43 1015.84 547.445
 4541.01 9910.45 3015.08 402.132 386.282
 5690.1 4265.03 4486.21 1364.85 356.895
 26447.5 4089.34 1454.08 1529.48 586.994
F
 0.0861637 0.172327 0.172327 0.172327 0.172327
 0.143797 0.287594 0.287594 0.287594 0.287594
 0.140519 0.281038 0.281038 0.281038 0.281038
 0.257383 0.514767 0.514767 0.514767 0.514767
 0.0929179 0.185836 0.185836 0.185836 0.185836
 0.195633 0.391267 0.391267 0.391267 0.391267
 0.411785 0.82357 0.82357 0.82357 0.82357
 0.0706909 0.141382 0.141382 0.141382 0.141382
 0.264106 0.528212 0.528212 0.528212 0.528212
 0.296671 0.593343 0.593343 0.593343 0.593343
 0.0689424 0.137885 0.137885 0.137885 0.137885
 0.280942 0.561883 0.561883 0.561883 0.561883
 0.258447 0.516894 0.516894 0.516894 0.516894
 0.391428 0.782857 0.782857 0.782857 0.782857
 0.221588 0.443177 0.443177 0.443177 0.443177
 0.245865 0.49173 0.49173 0.49173 0.49173
 0.113819 0.227638 0.227638 0.227638 0.227638
 0.151039 0.302078 0.302078 0.302078 0.302078
 0.20217 0.404341 0.404341 0.404341 0.404341
 0.171344 0.342688 0.342688 0.342688 0.342688
 0.134168 0.268336 0.268336 0.268336 0.268336
 0.170042 0.340084 0.340084 0.340084 0.340084
 0.0891705 0.178341 0.178341 0.178341 0.178341
 0.0899034 0.179807 0.179807 0.179807 0.179807
 0.0828502 0.1657 0.1657 0.1657 0.1657
 0.0680878 0.136176 0.136176 0.136176 0.136176
 0.0910814 0.182163 0.182163 0.182163 0.182163
 0.0802 0.1604 0.1604 0.1604 0.1604
 0.0623277 0.124655 0.124655 0.124655 0.124655
 0.0887613 0.177523 0.177523 0.177523 0.177523
 0.0990574 0.198115 0.198115 0.198115 0.198115
YTP_r0W_actual
 219515 57659.7 40132.5 52308.4 21894.9
YTP_p0W_proyectada
 534198 996567 107229 48414.2 76359.1
 534198 414972 198085 18334.9 8520.72
CTP_r0_actual
 26447.5 4089.34 1454.08 1529.48 586.994
CTP_p0_proyectada
 71321.5 63597.1 4635.92 1648.42 2257.14
 71321.5 26481.9 8564.01 624.274 251.869
Wmedp
 7.49 15.67 23.13 29.37 33.83
Frms_r0
 0.0990574 0.198115 0.198115 0.198115 0.198115
Zrms_r0
 1.09906 1.19811 1.19811 1.19811 1.19811
nmprior
 8.19 8.8 8.5 0
nm_flota  nm_reclas  nm_pelaces    nm_pelaL
inf 7.12812 8.54966 16.2755
cv_recla  cv_pelaces  cv_mph
0.388648 0.522608 1.6805
 ------------------------------------------------
Talla a la edad & desviaci?n 
 8 13.2811 15.8009 17.003 17.5766
 0.8 1.32811 1.58009 1.7003 1.75766
