years
 1991 1992 1993 1994 1995 1996 1997 1998 1999 2000 2001 2002 2003 2004 2005 2006 2007 2008 2009 2010 2011 2012 2013 2014 2015 2016 2017 2018 2019 2020 2021
reclasobs
 0 0 0 0 0 0 0 0 0 252601 567819 844713 477998 351125 339783 2.1784e+06 2.13404e+06 4.81314e+06 1.55562e+06 2.62356e+06 3.21686e+06 3.843e+06 1.13348e+06 3.07943e+06 1.97215e+06 2.03268e+06 2.025e+06 2.42433e+06 2.27542e+06 1.05018e+06 2.36338e+06
reclaspred
 3.2072e+06 1.77101e+06 897777 918101 927066 1.53367e+06 905685 789311 566414 397687 502192 667167 655227 493658 491430 1.33193e+06 1.2253e+06 3.00557e+06 2.41758e+06 1.77393e+06 3.09684e+06 2.52037e+06 1.9541e+06 3.05573e+06 2.28243e+06 2.01781e+06 2.4155e+06 2.59463e+06 2.08463e+06 1.28885e+06 1.87911e+06
pelacesobs
 0 0 0 0 0 0 0 0 0 0 0 0 0 0 0 552880 188675 0 991730 2.46772e+06 1.41603e+06 1.21717e+06 2.29649e+06 1.80582e+06 0 1.4828e+06 1.56532e+06 1.57751e+06 1.42118e+06 867257 1.10002e+06
pelacespred
 1.77751e+06 1.08054e+06 539623 454197 489116 839003 443119 499319 335656 219847 294568 323826 351405 273224 281779 641333 593729 1.70091e+06 1.38963e+06 936501 1.62436e+06 1.39891e+06 1.1003e+06 1.90279e+06 1.35675e+06 1.20277e+06 1.64541e+06 1.74141e+06 1.15335e+06 802567 1.1719e+06
mphobs
 0 0 0 0 0 0 0 0 0 0 0 498337 0 5186 125008 0 168611 109162 213762 579715 649985 157893 87575 83554 0 0 0 0 0 0 0
mphpred
 489441 327421 159785 88262.2 97522.3 114365 153033 87641.8 78563.4 51473.2 32832.3 60302.2 64651.4 53544.4 33999.4 43295.5 151209 137564 299757 215905 228994 281332 267864 217100 308262 254449 208448 223879 317593 210809 124363
desembarqueobs
 494567 514787 250237 358949 120608 361735 552515 73892 212993 205616 52469 317467 293654 387597 252695 516296 358380 742168 942051 627588 828172 859565 418607 520667 417249 300574 415391 372974 316634 284311 391294
desembarquepred
 494573 513680 250775 358984 120614 361748 552558 73897.2 213052 205670 52471.9 317535 293700 387607 252681 516242 358406 742040 941799 627409 828253 859565 418613 520694 417243 300574 415388 372950 316621 284318 391298
Reclutas
 179597 99621.5 100482 160160 128961 226979 91470.4 40024 38488 51626.7 96400 134468 112348 78446.6 74670.5 401974 81657.7 641173 358628 284200 399718 546158 110660 323287 276641 122397 274395 309181 90807.6 67027.1 256208
log_desv_Rt
 0.17005 -0.419287 -0.410681 0.0555085 -0.161155 0.404194 -0.504649 -1.33118 -1.37032 -1.07663 -0.452159 -0.119336 -0.299063 -0.658246 -0.70758 0.975723 -0.618128 1.44263 0.86162 0.629013 0.970094 1.28224 -0.314205 0.757875 0.602055 -0.213398 0.593905 0.713263 -0.511922 -0.815568 0.525325
SSB
 2.41831e+06 1.61777e+06 789491 436099 481853 565072 756131 433034 388178 254327 162223 297950 319440 264561 167989 213921 747118 679698 1.48108e+06 1.06678e+06 1.13145e+06 1.39005e+06 1.3235e+06 1.07268e+06 1.52311e+06 1.25722e+06 1.02993e+06 1.10618e+06 1.56921e+06 1.0416e+06 614474
BT
 3.34909e+06 2.28677e+06 1.1347e+06 1.04826e+06 902120 1.69379e+06 1.22465e+06 889521 765888 560732 531989 799896 846529 853755 718990 1.47857e+06 1.25956e+06 3.46899e+06 3.19669e+06 2.10644e+06 3.35779e+06 3.10796e+06 2.17938e+06 3.63104e+06 2.6247e+06 2.2514e+06 3.14469e+06 3.25373e+06 2.1643e+06 1.60062e+06 2.31591e+06
Ftot
 0.174607 0.320494 0.313555 0.4733 0.157443 0.297074 0.672327 0.112083 0.443283 0.60341 0.138359 0.578285 0.541473 0.927426 0.656397 0.52336 0.338902 0.327231 0.463589 0.425035 0.330635 0.417602 0.247043 0.218738 0.218323 0.175669 0.218688 0.185832 0.170943 0.251025 0.272464
BD_Bspro_t
 0.972534 0.80756 0.620069 0.524368 0.519184 0.60632 0.60089 0.418731 0.47684 0.422434 0.383163 0.618418 0.497754 0.403765 0.290763 0.344726 0.532408 0.496264 0.618044 0.508267 0.47661 0.525058 0.541877 0.529425 0.645077 0.654934 0.661616 0.701874 0.753442 0.676478 0.595963
BD_Bspro
 2.2362 1.49595 0.73004 0.40326 0.445568 0.52252 0.699192 0.400425 0.358947 0.235175 0.150007 0.275514 0.295385 0.244638 0.155339 0.197812 0.690858 0.628515 1.36955 0.986446 1.04625 1.28538 1.22384 0.991907 1.40841 1.16255 0.952374 1.02288 1.45105 0.963162 0.568202
BD_Bo
 1.48457 0.993133 0.48466 0.267717 0.295805 0.346891 0.464181 0.265835 0.238298 0.156128 0.0995869 0.182908 0.196101 0.162411 0.103127 0.131324 0.458648 0.41726 0.909221 0.654883 0.694586 0.853336 0.812485 0.658509 0.935018 0.771795 0.632263 0.679071 0.963324 0.639425 0.377219
BD_Brms
 8.38711 5.61072 2.7381 1.51247 1.67115 1.95977 2.6224 1.50184 1.34627 0.88205 0.562618 1.03334 1.10787 0.917543 0.582617 0.741917 2.59114 2.35731 5.13666 3.69977 3.92407 4.82094 4.59015 3.72026 5.2824 4.36027 3.57198 3.83642 5.44231 3.61244 2.1311
Sel_flota
 0.734555 0.981336 0.999 0.999947 0.999997
 0.734555 0.981336 0.999 0.999947 0.999997
 0.734555 0.981336 0.999 0.999947 0.999997
 0.734555 0.981336 0.999 0.999947 0.999997
 0.734555 0.981336 0.999 0.999947 0.999997
 0.734555 0.981336 0.999 0.999947 0.999997
 0.734555 0.981336 0.999 0.999947 0.999997
 0.734555 0.981336 0.999 0.999947 0.999997
 0.734555 0.981336 0.999 0.999947 0.999997
 0.734555 0.981336 0.999 0.999947 0.999997
 0.734555 0.981336 0.999 0.999947 0.999997
 0.734555 0.981336 0.999 0.999947 0.999997
 0.734555 0.981336 0.999 0.999947 0.999997
 0.734555 0.981336 0.999 0.999947 0.999997
 0.734555 0.981336 0.999 0.999947 0.999997
 0.734555 0.981336 0.999 0.999947 0.999997
 0.734555 0.981336 0.999 0.999947 0.999997
 0.734555 0.981336 0.999 0.999947 0.999997
 0.734555 0.981336 0.999 0.999947 0.999997
 0.734555 0.981336 0.999 0.999947 0.999997
 0.734555 0.981336 0.999 0.999947 0.999997
 0.734555 0.981336 0.999 0.999947 0.999997
 0.734555 0.981336 0.999 0.999947 0.999997
 0.734555 0.981336 0.999 0.999947 0.999997
 0.734555 0.981336 0.999 0.999947 0.999997
 0.734555 0.981336 0.999 0.999947 0.999997
 0.734555 0.981336 0.999 0.999947 0.999997
 0.734555 0.981336 0.999 0.999947 0.999997
 0.734555 0.981336 0.999 0.999947 0.999997
 0.734555 0.981336 0.999 0.999947 0.999997
 0.734555 0.981336 0.999 0.999947 0.999997
Sel_reclas
 1 1 1 1 1
 1 1 1 1 1
 1 1 1 1 1
 1 1 1 1 1
 1 1 1 1 1
 1 1 1 1 1
 1 1 1 1 1
 1 1 1 1 1
 1 1 1 1 1
 1 1 1 1 1
 1 1 1 1 1
 1 1 1 1 1
 1 1 1 1 1
 1 1 1 1 1
 1 1 1 1 1
 1 1 1 1 1
 1 1 1 1 1
 1 1 1 1 1
 1 1 1 1 1
 1 1 1 1 1
 1 1 1 1 1
 1 1 1 1 1
 1 1 1 1 1
 1 1 1 1 1
 1 1 1 1 1
 1 1 1 1 1
 1 1 1 1 1
 1 1 1 1 1
 1 1 1 1 1
 1 1 1 1 1
 1 1 1 1 1
Sel_pelaces
 0.995784 1 1 1 1
 0.995784 1 1 1 1
 0.995784 1 1 1 1
 0.995784 1 1 1 1
 0.995784 1 1 1 1
 0.995784 1 1 1 1
 0.995784 1 1 1 1
 0.995784 1 1 1 1
 0.995784 1 1 1 1
 0.995784 1 1 1 1
 0.995784 1 1 1 1
 0.995784 1 1 1 1
 0.995784 1 1 1 1
 0.995784 1 1 1 1
 0.995784 1 1 1 1
 0.995784 1 1 1 1
 0.995784 1 1 1 1
 0.995784 1 1 1 1
 0.995784 1 1 1 1
 0.995784 1 1 1 1
 0.995784 1 1 1 1
 0.995784 1 1 1 1
 0.995784 1 1 1 1
 0.995784 1 1 1 1
 0.995784 1 1 1 1
 0.995784 1 1 1 1
 0.995784 1 1 1 1
 0.995784 1 1 1 1
 0.995784 1 1 1 1
 0.995784 1 1 1 1
 0.995784 1 1 1 1
pf_obs 
 0.8446 0.082 0.0669 0.0065 0
 0.8095 0.147 0.0364 0.0071 0
 0.9664 0.0169 0.016 0.0007 0
 0.9276 0.0648 0.0075 0.0001 0
 0.7033 0.2144 0.0806 0.0017 0
 0.9318 0.0425 0.0243 0.0014 0
 0.5671 0.3108 0.0964 0.0239 0.0018
 0.0768 0.2599 0.5324 0.112 0.0189
 0.490249 0.384438 0.106611 0.0170017 0.00170017
 0.7925 0.1577 0.0466 0.003 0.0002
 0.840416 0.127587 0.0312969 0.00059994 9.999e-05
 0.8084 0.0986 0.0794 0.0134 0.0002
 0.7335 0.1905 0.0724 0.0035 0.0001
 0.4001 0.4547 0.1325 0.0127 0
 0.49795 0.308269 0.164784 0.0264974 0.00249975
 0.9179 0.0499 0.0305 0.0017 0
 0.2467 0.6533 0.0926 0.0074 0
 0.9418 0.0223 0.034 0.0019 0
 0.707729 0.231977 0.0356964 0.0245975 0
 0.517169 0.277429 0.184464 0.0207286 0.00020938
 0.811772 0.124168 0.05621 0.00726502 0.000585176
 0.764997 0.148141 0.077277 0.00933861 0.000247198
 0.163321 0.427699 0.378323 0.0303852 0.000271297
 0.753843 0.0900009 0.118128 0.0371064 0.000921714
 0.721811 0.176058 0.0630433 0.0369309 0.00215725
 0.143369 0.312575 0.442814 0.0836902 0.0175525
 0.692698 0.0596174 0.167031 0.0765114 0.00414204
 0.394062 0.376323 0.152708 0.0712218 0.00568511
 0.125707 0.32114 0.495352 0.0537591 0.00404204
 0.23352 0.215282 0.420074 0.123614 0.00750983
 0.796117 0.104755 0.0508955 0.0450114 0.00322123
pf_pred 
 0.465928 0.132149 0.377777 0.024146 8.33418e-07
 0.418781 0.316307 0.066486 0.186516 0.0119098
 0.57291 0.213927 0.117129 0.0241217 0.0719121
 0.73567 0.17222 0.0466193 0.0250091 0.0204817
 0.652937 0.277079 0.0459567 0.0121681 0.0118592
 0.74814 0.180739 0.0569953 0.0092786 0.00484616
 0.466108 0.429525 0.0753277 0.0232769 0.0057622
 0.452925 0.306954 0.194112 0.03322 0.0127895
 0.539053 0.243172 0.123176 0.0764878 0.0181117
 0.714136 0.178592 0.0571905 0.0283409 0.0217402
 0.824747 0.137424 0.0238479 0.00745839 0.00652282
 0.74131 0.223502 0.0277044 0.00471935 0.002764
 0.687822 0.251405 0.0526748 0.00637783 0.00172055
 0.635717 0.276979 0.0706249 0.0144587 0.00222015
 0.74764 0.183819 0.0524622 0.0130104 0.00306796
 0.938094 0.0503266 0.00849078 0.00236486 0.000723819
 0.374936 0.597502 0.0225027 0.00371104 0.0013483
 0.905666 0.0428039 0.0493028 0.00181885 0.000408481
 0.584707 0.386493 0.0132151 0.0149117 0.000672912
 0.611146 0.258834 0.121192 0.00405326 0.00477435
 0.735761 0.182174 0.05502 0.0252103 0.00183414
 0.745734 0.202106 0.0361942 0.0107085 0.00525786
 0.31605 0.550471 0.10657 0.0186788 0.00823019
 0.738337 0.101366 0.12951 0.0245861 0.00620145
 0.6242 0.298729 0.0302139 0.0378653 0.00899215
 0.427249 0.39722 0.140098 0.0138993 0.0215335
 0.727346 0.137132 0.0945347 0.0327203 0.00826689
 0.682898 0.248988 0.0345916 0.0233911 0.0101311
 0.341707 0.490358 0.132409 0.0180508 0.0174748
 0.418826 0.239927 0.255419 0.0676861 0.0181417
 0.827327 0.0861155 0.0361527 0.0377376 0.0126675
pobs_RECLAS
 0 0 0 0 0
 0 0 0 0 0
 0 0 0 0 0
 0 0 0 0 0
 0 0 0 0 0
 0 0 0 0 0
 0 0 0 0 0
 0 0 0 0 0
 0 0 0 0 0
 0 0 0 0 0
 0.991045 0.00858322 0.000360255 1.14367e-05 0
 0.934742 0.0480273 0.0164251 0.00080598 0
 0.827803 0.169806 0.00239088 0 0
 0.941827 0.0461693 0.0120037 0 0
 0.791401 0.0380133 0.147996 0.0225897 0
 0.846168 0.0940531 0.0597789 0 0
 0.134021 0.677848 0.182769 0.00536245 0
 0.80878 0.0450904 0.141981 0.00414843 0
 0.846168 0.0940531 0.0597789 0 0
 0.905697 0.0802665 0.012482 0.00150086 5.37128e-05
 0.989698 0.0102097 9.19794e-05 0 0
 0.975433 0.0193895 0.00387452 0.00125025 5.28907e-05
 0.303575 0.632131 0.0575291 0.00676475 0
 0.966965 0.00978017 0.0227588 0.000495775 0
 0.843318 0.132988 0.00938335 0.0141283 0.000182051
 0.564624 0.303363 0.111486 0.0197234 0.00080311
 0.826376 0.0876187 0.0782897 0.00655872 0.00115652
 0.89761 0.0855135 0.0140674 0.00269457 0.000114338
 0.34875 0.467042 0.161289 0.0227151 0.000203297
 0.318654 0.224769 0.449479 0.00709798 0
 0.937255 0.0296025 0.0250945 0.00804832 0
ppred_RECLAS
 0.542609 0.114732 0.322092 0.020567 7.0985e-07
 0.494688 0.2774 0.0572423 0.160427 0.0102434
 0.645825 0.179076 0.0962578 0.019804 0.059037
 0.791367 0.136845 0.0363525 0.0194819 0.0159542
 0.716855 0.226886 0.0369565 0.00977572 0.00952707
 0.800761 0.143726 0.0444972 0.00723689 0.00377959
 0.544542 0.367827 0.0632669 0.0195298 0.00483435
 0.527775 0.267071 0.165875 0.0283604 0.0109181
 0.614768 0.20507 0.101947 0.0632419 0.0149744
 0.77394 0.142271 0.0446927 0.022125 0.0169711
 0.863606 0.107376 0.0183 0.0057178 0.00500031
 0.796119 0.176609 0.021477 0.00365482 0.00214041
 0.750084 0.20201 0.0415281 0.00502311 0.00135501
 0.707627 0.223391 0.0558155 0.0114145 0.00175261
 0.802389 0.144704 0.0405065 0.0100351 0.00236623
 0.953758 0.0377268 0.00624543 0.00173773 0.000531843
 0.447228 0.528829 0.0195515 0.00322119 0.00117027
 0.928901 0.0325872 0.0368484 0.00135805 0.000304979
 0.656112 0.320466 0.0107534 0.0121218 0.000546984
 0.681265 0.213488 0.0981079 0.00327795 0.00386091
 0.790509 0.145269 0.0430711 0.019716 0.00143433
 0.799123 0.160287 0.0281738 0.0083273 0.00408848
 0.383967 0.497587 0.0945863 0.0165624 0.00729727
 0.793057 0.0810736 0.101713 0.0192905 0.00486548
 0.691278 0.246349 0.0244662 0.0306324 0.00727412
 0.501554 0.347623 0.120402 0.0119337 0.0184874
 0.783338 0.109973 0.0744434 0.0257414 0.0065033
 0.743661 0.202079 0.0275694 0.0186247 0.00806628
 0.411575 0.440355 0.116771 0.0159035 0.0153953
 0.494756 0.210855 0.220401 0.0583497 0.0156384
 0.866762 0.0670783 0.0276489 0.0288329 0.00967792
pobs_PELACES
 0 0 0 0 0
 0 0 0 0 0
 0 0 0 0 0
 0 0 0 0 0
 0 0 0 0 0
 0 0 0 0 0
 0 0 0 0 0
 0 0 0 0 0
 0 0 0 0 0
 0 0 0 0 0
 0 0 0 0 0
 0 0 0 0 0
 0 0 0 0 0
 0 0 0 0 0
 0 0 0 0 0
 0 0 0 0 0
 0.505614 0.472636 0.0217494 0 0
 0 0 0 0 0
 0.443492 0.261883 0.143347 0.151278 0
 0.227955 0.32914 0.350689 0.0885471 0.00366901
 0.970185 0.0296113 0.000203453 0 0
 0.997202 0.00247181 0.000326279 0 0
 0.445219 0.490057 0.0546422 0.010081 0
 0.90214 0.0892962 0.00764917 0.000914606 0
 0 0 0 0 0
 0.581667 0.319106 0.0959925 0.00289975 0.000334073
 0.762889 0.0836404 0.116647 0.0363945 0.000428098
 0.88444 0.0763242 0.0277011 0.0115352 0
 0.521256 0.241999 0.230069 0.00667565 0
 0.616807 0.101726 0.260614 0.0208532 0
 0.833518 0.0704572 0.0857862 0.0102388 0
ppred_PELACES
 0.545278 0.11415 0.320131 0.0204407 7.05489e-07
 0.500376 0.274518 0.0565418 0.158448 0.010117
 0.650894 0.176677 0.0947944 0.019501 0.0581335
 0.797134 0.133192 0.0352846 0.0189068 0.0154831
 0.718634 0.225502 0.0366974 0.0097067 0.00945978
 0.804004 0.141455 0.0437184 0.00710957 0.00371308
 0.557231 0.357852 0.0613105 0.0189219 0.00468382
 0.529069 0.266416 0.16536 0.0282713 0.0108838
 0.622579 0.20116 0.0997448 0.0618675 0.0146489
 0.78193 0.137426 0.0430193 0.0212926 0.0163324
 0.864454 0.106727 0.0181747 0.00567842 0.00496586
 0.803061 0.170673 0.0206853 0.00351946 0.00206112
 0.757595 0.196058 0.0401775 0.00485892 0.00131071
 0.722415 0.212364 0.0527744 0.0107894 0.00165661
 0.810238 0.1391 0.0387891 0.00960767 0.00226542
 0.955447 0.0363699 0.00600247 0.00166985 0.000511065
 0.453034 0.523319 0.0193096 0.003181 0.00115566
 0.930435 0.0319173 0.036022 0.00132746 0.000298107
 0.663679 0.313473 0.0104904 0.0118236 0.000533524
 0.688003 0.209146 0.0958748 0.00320292 0.00377251
 0.794342 0.142697 0.0422271 0.0193276 0.00140607
 0.80394 0.156522 0.027445 0.00811083 0.00398217
 0.3878 0.49463 0.0938889 0.016439 0.00724287
 0.795406 0.0802163 0.100509 0.0190609 0.00480755
 0.69422 0.244067 0.0242087 0.0303079 0.00719705
 0.504153 0.345919 0.119689 0.0118624 0.0183769
 0.785743 0.108823 0.0735705 0.0254378 0.00642658
 0.745779 0.200456 0.0273184 0.018454 0.00799235
 0.413987 0.438661 0.116206 0.0158257 0.01532
 0.499026 0.209253 0.218407 0.0578173 0.0154957
 0.868916 0.0660478 0.0271809 0.0283425 0.00951326
pobs_pel_tallas
 0 0 0 0 0 0 0 0 0 0 0 0 0 0 0 0 0 0 0 0 0 0 0 0 0 0
 0 0 0 0 0 0 0 0 0 0 0 0 0 0 0 0 0 0 0 0 0 0 0 0 0 0
 0 0 0 0 0 0 0 0 0 0 0 0 0 0 0 0 0 0 0 0 0 0 0 0 0 0
 0 0 0 0 0 0 0 0 0 0 0 0 0 0 0 0 0 0 0 0 0 0 0 0 0 0
 0 0 0 0 0 0 0 0 0 0 0 0 0 0 0 0 0 0 0 0 0 0 0 0 0 0
 0 0 0 0 0 0 0 0 0 0 0 0 0 0 0 0 0 0 0 0 0 0 0 0 0 0
 0 0 0 0 0 0 0 0 0 0 0 0 0 0 0 0 0 0 0 0 0 0 0 0 0 0
 0 0 0 0 0 0 0 0 0 0 0 0 0 0 0 0 0 0 0 0 0 0 0 0 0 0
 0 0 0 0 0 0 0 0 0 0 0 0 0 0 0 0 0 0 0 0 0 0 0 0 0 0
 0 0 0 0 0 0 0 0 0 0 0 0 0 0 0 0 0 0 0 0 0 0 0 0 0 0
 0 0 0 0 0 0 0 0 0 0 0 0 0 0 0 0 0 0 0 0 0 0 0 0 0 0
 0 0 0 0 0 0 0 0 0 0 0 0 0 0 0 0 0 0 0 0 0 0 0 0 0 0
 0.00862536 0 0 0.000197151 0.00414017 0.0128641 0.00837892 0.0270097 0.101434 0.158115 0.152841 0.127902 0.109271 0.109419 0.0830992 0.0579132 0.0238553 0.00714673 0.00463305 0.00128148 0.00103504 0.000492878 0.000147863 0.000147863 4.92878e-05 0
 0 0 0 0 0 0 0 0 0 0 0 0 0 0 0 0 0 0 0 0 0 0 0 0 0 0
 0 0 0 0 0 0 0 0.0054083 0.00873648 0.0413646 0.0450493 0.0745869 0.0622846 0.0627006 0.0613931 0.0827291 0.12552 0.122667 0.0946155 0.0697135 0.0546179 0.0294188 0.0215738 0.0213955 0.0102223 0.00600262
 0 0 0 0 0.00359764 0.0251062 0.0480494 0.140153 0.205849 0.193036 0.1447 0.116669 0.0760912 0.0342217 0.00950174 0.001854 0.000860785 0 0 0 0.000165536 0 0.000143464 0 0 0
 0 0 0 0 0 0 0 0.000145254 0.000435761 0.0275982 0.070085 0.0708112 0.156366 0.174668 0.174014 0.160142 0.0824315 0.0480064 0.0283245 0.00493863 0.00203355 0 0 0 0 0
 0 0 0 0 0 0 0 0 0 0 0 0 0 0 0 0 0 0 0 0 0 0 0 0 0 0
 0 0 1.00437e-05 0.000401748 0.00122533 0.00171747 0.00176769 0.0269171 0.070346 0.194647 0.189555 0.159765 0.064822 0.0314167 0.0384472 0.0292271 0.0345202 0.0313363 0.0194345 0.0106764 0.0143323 0.0359363 0.0279516 0.0138201 0.00172751 0
 0 0.0021121 0.0136068 0.0755702 0.200478 0.177729 0.0527432 0.0373336 0.0318909 0.0142505 0.0149659 0.0166563 0.0217959 0.0798694 0.0677717 0.0528807 0.04013 0.0224614 0.0357745 0.0225083 0.00881397 0.00855152 0.00135912 0.000746735 0 0
 0 0 0 0 5.4009e-05 0.00500934 0.000945158 0.0243581 0.138947 0.33067 0.221406 0.137944 0.0707744 0.0437923 0.0131692 0.00525238 0.0047753 0.00276346 9.45158e-05 9.00151e-06 2.25038e-05 9.00151e-06 4.50075e-06 0 0 0
 0.000866109 0.00284123 0.00948549 0.0512746 0.133035 0.25785 0.225252 0.132002 0.0553304 0.0519788 0.0540692 0.017754 0.00435017 0.00159236 0.00146478 0.000404838 0.000125132 0.000115318 0.000107957 0.000100596 0 0 0 0 0 0
 0 0 0 0 0.00144013 0.00171154 0.00461396 0.0210425 0.0478622 0.0707936 0.0888783 0.103762 0.0637923 0.0337046 0.0602308 0.124433 0.169614 0.0934646 0.0462172 0.0250306 0.0313229 0.00938855 0.002487 0.000210481 0 0
 0 0.00764035 0.051015 0.0998891 0.058973 0.0496711 0.0374665 0.0718981 0.12319 0.153886 0.159021 0.0857701 0.0377988 0.023471 0.0147837 0.00900784 0.00315554 0.000888139 0.00291439 0.00214683 0.00393193 0.00274676 0.000635225 9.99891e-05 0 0
 0 0 0 0 0 0 0 0 0 0 0 0 0 0 0 0 0 0 0 0 0 0 0 0 0 0
 0 0 0 0 0 0 0 0 0 0 0 0 0 0 0 0 0 0 0 0 0 0 0 0 0 0
 0 0 0 0 0 0 0 0 0 0 0 0 0 0 0 0 0 0 0 0 0 0 0 0 0 0
 0 0 0 0 0 0 0 0 0 0 0 0 0 0 0 0 0 0 0 0 0 0 0 0 0 0
 0 0 0 0 0 0 0 0 0 0 0 0 0 0 0 0 0 0 0 0 0 0 0 0 0 0
 0 0 0 0 0 0 0 0 0 0 0 0 0 0 0 0 0 0 0 0 0 0 0 0 0 0
 0 0 0 0 0 0 0 0 0 0 0 0 0 0 0 0 0 0 0 0 0 0 0 0 0 0
ppred_pel_tallas
 1.11318e-16 4.49138e-05 0.000436578 0.00290122 0.0131885 0.0410344 0.0874286 0.127607 0.127619 0.0874849 0.0412249 0.0137446 0.0043197 0.00360838 0.00628873 0.0108979 0.0170239 0.024169 0.0317515 0.0393376 0.0466034 0.0529851 0.0574187 0.0585861 0.0556113 0.0486845
 1.19305e-16 4.12153e-05 0.000400628 0.00266231 0.0121025 0.0376555 0.0802301 0.117104 0.11713 0.0803598 0.0380914 0.0133626 0.00583022 0.007333 0.0132592 0.0220005 0.0320553 0.0411466 0.0470525 0.0489323 0.0478878 0.0461779 0.0456723 0.0467369 0.0482541 0.0485213
 1.14575e-16 5.36133e-05 0.000521141 0.00346316 0.0157431 0.0489826 0.104363 0.152325 0.152342 0.104447 0.0492646 0.0165592 0.00551794 0.0050277 0.00867483 0.0144227 0.0211692 0.0274781 0.0319369 0.0339514 0.0340869 0.0335926 0.0334948 0.0339836 0.0344739 0.0341255
 1.05569e-16 6.56589e-05 0.000638228 0.00424125 0.0192801 0.0599876 0.12781 0.186546 0.186559 0.127873 0.060199 0.0198909 0.00577625 0.00399505 0.00645862 0.0106213 0.01541 0.0196323 0.0221287 0.0223933 0.0208733 0.0186408 0.0166987 0.0154658 0.0147479 0.0140668
 1.03692e-16 5.9193e-05 0.000575377 0.00382358 0.0173815 0.0540803 0.115225 0.168178 0.1682 0.115331 0.0544371 0.0184122 0.00641124 0.00622597 0.0107959 0.017768 0.0256236 0.0322965 0.0357236 0.0349611 0.0307424 0.0249661 0.01954 0.0154823 0.0128011 0.0109591
 1.0264e-16 6.62248e-05 0.000643728 0.0042778 0.0194463 0.0605047 0.128912 0.188154 0.188167 0.128979 0.0607291 0.0200951 0.00590836 0.00420933 0.00685579 0.0112758 0.0163455 0.020782 0.0233178 0.0233596 0.0213149 0.0182665 0.0152719 0.0128501 0.0109585 0.00930869
 1.04552e-16 4.58985e-05 0.00044615 0.00296482 0.0134777 0.0419342 0.0893466 0.130411 0.130446 0.0895153 0.0425005 0.0151136 0.00707208 0.00941555 0.01709 0.0282059 0.0406872 0.0512929 0.0567454 0.0555314 0.0487878 0.0394931 0.0306459 0.0238565 0.01917 0.0158045
 1.09518e-16 4.35787e-05 0.000423601 0.00281498 0.0127965 0.0398148 0.0848306 0.123818 0.123844 0.0849571 0.0402404 0.0140284 0.00591714 0.0072287 0.0130647 0.0217834 0.0319686 0.0414425 0.0479791 0.0505075 0.0496341 0.0469887 0.0439772 0.0409976 0.0376136 0.0332851
 1.11614e-16 5.1281e-05 0.00049847 0.00331251 0.0150582 0.0468517 0.0998233 0.145699 0.145719 0.0999188 0.0471726 0.0159867 0.00565 0.00562369 0.00985191 0.0163841 0.0240222 0.0311221 0.0360512 0.0380993 0.0378659 0.0367225 0.0357925 0.03528 0.0345747 0.0328684
 1.06176e-16 6.44065e-05 0.000626054 0.00416035 0.0189124 0.0588435 0.125373 0.182988 0.183001 0.125438 0.0590617 0.0195434 0.0057467 0.00409691 0.00667972 0.011004 0.0159973 0.0204464 0.023169 0.0236481 0.0223334 0.0202986 0.0185302 0.0174109 0.0167069 0.0159205
 1.01962e-16 7.12039e-05 0.000692127 0.00459943 0.0209083 0.0650537 0.138604 0.202299 0.202309 0.138654 0.0652226 0.0213963 0.00582455 0.0033677 0.00515599 0.00842031 0.012145 0.015321 0.0169734 0.0166587 0.0147253 0.0120684 0.00958312 0.00773903 0.00652654 0.00568045
 1.01343e-16 6.61471e-05 0.000642973 0.00427278 0.0194235 0.0604337 0.128761 0.187934 0.18795 0.128841 0.0607035 0.0202026 0.00622812 0.00491049 0.00816798 0.0133908 0.0192649 0.0241863 0.026566 0.0256694 0.0220495 0.017169 0.0125288 0.0089777 0.00660239 0.00505689
 1.01919e-16 6.24021e-05 0.000606571 0.00403088 0.0183238 0.0570122 0.121471 0.177295 0.177314 0.121564 0.0573226 0.0192206 0.0062829 0.00552562 0.00941287 0.015484 0.0223482 0.0282033 0.0312487 0.0306412 0.0269759 0.021849 0.0168738 0.0129285 0.01007 0.0079332
 1.0294e-16 5.95044e-05 0.000578404 0.0038437 0.0174729 0.0543648 0.115831 0.169063 0.169083 0.115931 0.0547014 0.0184455 0.00628685 0.00591764 0.0102167 0.0168405 0.0243569 0.0308447 0.0343782 0.0340571 0.0305138 0.0254314 0.0204824 0.0165326 0.0135761 0.011191
 1.02502e-16 6.67382e-05 0.00064872 0.00431097 0.0195971 0.0609738 0.129912 0.189613 0.189626 0.129977 0.0611944 0.0202347 0.00591305 0.00415118 0.00673355 0.0110656 0.016026 0.0203463 0.0227765 0.022735 0.0206334 0.0175552 0.0145614 0.0121769 0.0103599 0.00881236
 1.00437e-16 7.86989e-05 0.000764981 0.00508357 0.0231092 0.0719012 0.153193 0.223591 0.223594 0.15321 0.0719588 0.0232754 0.0055009 0.00167628 0.00181017 0.00286998 0.00413131 0.00520487 0.00575232 0.00561918 0.00492118 0.00396223 0.00304926 0.00234855 0.00186697 0.0015262
 1.01206e-16 3.7316e-05 0.000362724 0.00241043 0.0109575 0.0340932 0.0726409 0.106032 0.106082 0.0728869 0.0349188 0.0133411 0.00838919 0.0133997 0.0247538 0.0407504 0.0584323 0.0729179 0.0792578 0.0751692 0.0624254 0.045724 0.0299773 0.0181042 0.0105769 0.00635842
 1.01232e-16 7.66387e-05 0.000744956 0.00495049 0.0225042 0.070019 0.149183 0.217738 0.217741 0.149198 0.0700705 0.0226536 0.00532767 0.00157602 0.00167742 0.0027101 0.00403165 0.0053496 0.00641122 0.00708252 0.00739218 0.0074519 0.0073284 0.00698909 0.00636101 0.00543228
 1.01659e-16 5.46665e-05 0.000531377 0.00353119 0.0160523 0.0499448 0.106414 0.15532 0.155351 0.106561 0.0504394 0.0174803 0.00711305 0.00834236 0.014865 0.0244256 0.0350348 0.0437539 0.0476327 0.0453242 0.037909 0.0282069 0.0191422 0.0124153 0.00823834 0.00591631
 1.0378e-16 5.667e-05 0.000550852 0.00366061 0.0166406 0.0517752 0.110313 0.16101 0.16103 0.110412 0.052108 0.0176032 0.0060818 0.00585225 0.0101714 0.016846 0.0245401 0.0314347 0.0356878 0.0364051 0.0340993 0.0302107 0.0261155 0.0224442 0.0191174 0.0158333
 1.03432e-16 6.54289e-05 0.000635993 0.0042264 0.0192126 0.0597776 0.127363 0.185893 0.185907 0.12743 0.060004 0.0198672 0.00587161 0.00423405 0.00691819 0.0113849 0.0165156 0.0210273 0.0236575 0.0238278 0.0219679 0.0191761 0.0165005 0.014416 0.0128079 0.0113129
 1.0232e-16 6.62195e-05 0.000643677 0.00427746 0.0194447 0.0604999 0.128902 0.188139 0.188154 0.128976 0.0607476 0.0201604 0.00607426 0.00456774 0.00752364 0.0123464 0.0178101 0.0224633 0.0248735 0.0243828 0.0214914 0.0175025 0.0137238 0.0108512 0.00889115 0.00748709
 1.05711e-16 3.19426e-05 0.000310494 0.00206334 0.00937969 0.0291839 0.0621812 0.0907653 0.0908131 0.0624144 0.0299669 0.0116416 0.00774286 0.0127149 0.0236075 0.0390225 0.056315 0.0710348 0.0786503 0.0770517 0.0677747 0.0548911 0.0425101 0.0328554 0.0260333 0.021044
 1.05647e-16 6.55165e-05 0.000636844 0.00423205 0.0192383 0.0598575 0.127533 0.18614 0.186148 0.127572 0.0599874 0.0196152 0.00518523 0.00274086 0.00412962 0.00690184 0.0103533 0.0138935 0.0169457 0.0192168 0.0207914 0.0219084 0.0226294 0.022715 0.0218108 0.0197526
 1.05019e-16 5.7182e-05 0.00055583 0.00369368 0.016791 0.0522431 0.11131 0.162465 0.162489 0.111425 0.0526289 0.0179053 0.00649052 0.00666089 0.011651 0.0191704 0.0276138 0.0347455 0.0383417 0.0374149 0.0328203 0.0266865 0.0211302 0.0172445 0.0149491 0.013516
 1.07842e-16 4.15265e-05 0.000403652 0.00268241 0.0121939 0.0379398 0.0808361 0.11799 0.118023 0.0809996 0.0384892 0.013782 0.00667438 0.00913616 0.016679 0.027646 0.0401435 0.051156 0.0576153 0.0580811 0.0535341 0.0465746 0.0397182 0.0341613 0.0297472 0.0257522
 1.0579e-16 6.47206e-05 0.000629107 0.00418064 0.0190046 0.0591304 0.125984 0.183879 0.18389 0.126036 0.0593045 0.0195089 0.00545132 0.00341921 0.00541145 0.00896967 0.0132116 0.0172415 0.0201854 0.0216399 0.0218662 0.0215045 0.0210536 0.0205582 0.0197066 0.018169
 1.04043e-16 6.14289e-05 0.000597111 0.00396801 0.018038 0.0561231 0.119577 0.17453 0.174549 0.119671 0.0564401 0.0189539 0.00626727 0.00561742 0.00959919 0.0157818 0.0227537 0.0286742 0.0317185 0.0310672 0.0273997 0.0224303 0.0178648 0.0145866 0.0125452 0.011185
 1.07646e-16 3.40997e-05 0.000331461 0.00220268 0.0100131 0.0311546 0.0663798 0.0968921 0.0969345 0.0665868 0.0318501 0.0120229 0.00725187 0.0113677 0.0210346 0.0348265 0.0504134 0.0639144 0.071376 0.0709524 0.0639522 0.0538374 0.0440311 0.0362787 0.0305206 0.025841
 1.14777e-16 4.11042e-05 0.000399547 0.00265513 0.0120699 0.0375539 0.0800134 0.116786 0.116807 0.0801136 0.0378914 0.0130485 0.00512692 0.00584621 0.0105347 0.017743 0.026476 0.035232 0.04247 0.0474464 0.0505052 0.0524965 0.0538486 0.0541393 0.0524791 0.0482768
 1.05254e-16 7.15714e-05 0.0006957 0.00462317 0.0210163 0.0653894 0.139319 0.203342 0.203348 0.139351 0.0654947 0.0213208 0.00538967 0.00237588 0.0032834 0.00537122 0.00786758 0.0101944 0.0118271 0.0125596 0.0126265 0.0125156 0.0126115 0.0129553 0.0132701 0.01318
pSPR Fmed_Fpbrs
0.576765   0.227006 0.227006
Fs Fmed_Fpbrs
0.316383   1.005 1.005
SSBpbr Bo_Bmed_Bpbrs
1.62896e+06  858079  288336 288336
Ro
151512
SPR SPRFo_SPRFmed_SPRFpbrs
1.08143e+06 623734 245493
Fref
1.005
Nvult_r0
 179050 14732 6098.43 6361.05 2135.14
CTP_r0
 29859.1 3108 1304.79 1361.99 457.183
YTP_r0
391298
Np
 199522 35082.4 10586.8 778.281 362.777
Nvult_p0
 164440 30268.7 9159.74 673.472 313.925
CTP_p0
 69837.9 33054.8 2502.73 1029.76 1374.55
 69837.9 15029.5 4589 337.567 157.354
YTP_p0
 1.17569e+06 879980
CBA_c0
1.08698e+06
log_Ro
11.7484
likeval ReclasPelacesDesembMPH_pf_preclas_ppelaces_ptallas_desvR_qrecl_qpela
 13.2387 17.1158 0.0485744 0.000817223 240.411 117.709 98.7889 0 23.8276 7.45546e-07 5.59706e-06 0.247283 0 0 0
q_reclas_q_pelaces
1.13015 1.40016
M
1
N
 179597 38801.8 109098 6966.99 0.24046
 99621.5 58116.9 12026.6 33710.8 2152.48
 100482 28961.2 15610.5 3212.17 9575.76
 160160 29360.8 7832.3 4198.4 3438.21
 128961 41617 6788.26 1795.76 1750.09
 226979 42260.7 13118.2 2133.81 1114.43
 91470.4 67130.7 11615.4 3586.68 887.851
 40024 20535.5 12767 2182.94 840.383
 38488 13560.3 6767.71 4199.19 994.296
 51626.7 10223.9 3228.89 1598.91 1226.47
 96400 12192.3 2080.45 650.075 568.504
 134468 32036.4 3915.82 666.552 390.366
 112348 32347.8 6681.76 808.413 218.077
 78446.6 27767.3 6994.9 1431.11 219.741
 74670.5 14602.2 4111.32 1018.86 240.246
 401974 16961.1 2820.82 785.058 240.276
 81657.7 100680 3733.45 615.199 223.505
 641173 23420.1 26559.2 978.994 219.855
 358628 185477 6249.31 7046.08 317.952
 284200 93855.2 43293.1 1446.79 1704.11
 399718 76513.4 22751.9 10416.4 757.799
 546158 115340 20348.4 6015.54 2953.5
 110660 147844 28165 4932.36 2173.18
 323287 33953.5 42679.7 8095.31 2041.82
 276641 101278 10077.8 12619 2996.59
 122397 86690.9 30072.7 2980.92 4617.98
 274395 39576.2 26841.8 9282.44 2345.13
 309181 85964.3 11747.3 7936.64 3437.35
 90807.6 99228.4 26352.6 3589.37 3474.68
 67027.1 29464.2 30866.5 8172.67 2190.39
 256208 20505.8 8472.59 8836.56 2966.06
pred_Ctot
 13809.6 3916.76 11196.9 715.664 0.0247017
 13464.9 10170.1 2137.7 5996.99 382.933
 13314.4 4971.63 2722.07 560.586 1671.23
 30581.2 7159.05 1937.93 1039.61 851.406
 8987.52 3813.92 632.582 167.492 163.24
 28633.4 6917.41 2181.37 355.118 185.476
 23450.6 21610.1 3789.86 1171.1 289.905
 2013.04 1364.27 862.739 147.648 56.8436
 6942.61 3131.88 1586.42 985.108 233.266
 12110.9 3028.71 969.879 480.627 368.687
 5937.95 989.411 171.698 53.6983 46.9624
 30446 9179.34 1137.83 193.826 113.519
 24068.3 8797.18 1843.2 223.173 60.2055
 25869.9 11271.4 2874.02 588.383 90.3469
 18773.4 4615.73 1317.33 326.694 77.0371
 83664.6 4488.41 757.256 210.911 64.5543
 11608.1 18498.7 696.685 114.894 41.7436
 88308.6 4173.67 4807.36 177.35 39.8297
 67259.5 44458.7 1520.15 1715.3 77.4058
 49414.4 20928.1 9799.02 327.727 386.032
 55570.2 13759.2 4155.52 1904.07 138.528
 93501.8 25340.5 4538.11 1342.66 659.242
 11781.6 20520.3 3972.67 696.304 306.803
 30733.2 4219.34 5390.84 1023.4 258.135
 26252.2 12563.8 1270.72 1592.52 378.186
 9465.59 8800.31 3103.84 307.936 477.07
 26079.9 4917.05 3389.66 1173.23 296.42
 25217.2 9194.31 1277.35 863.756 374.109
 6843.39 9820.45 2651.77 361.504 349.97
 7242.66 4149 4416.89 1170.48 313.719
 29859.1 3108 1304.79 1361.99 457.183
F
 0.128259 0.171348 0.174432 0.174598 0.174607
 0.23542 0.314512 0.320173 0.320477 0.320493
 0.230323 0.307702 0.313241 0.313538 0.313554
 0.347665 0.464466 0.472827 0.473275 0.473299
 0.115651 0.154505 0.157286 0.157435 0.157443
 0.218217 0.29153 0.296777 0.297059 0.297073
 0.493861 0.659779 0.671655 0.672292 0.672325
 0.0823308 0.109991 0.111971 0.112077 0.112082
 0.325616 0.435009 0.44284 0.44326 0.443282
 0.443238 0.592148 0.602807 0.603378 0.603408
 0.101633 0.135777 0.138221 0.138352 0.138359
 0.424782 0.567491 0.577706 0.578254 0.578283
 0.397742 0.531367 0.540931 0.541444 0.541471
 0.681246 0.910116 0.926499 0.927377 0.927424
 0.48216 0.644146 0.655741 0.656363 0.656395
 0.384436 0.513591 0.522836 0.523332 0.523358
 0.248942 0.332576 0.338563 0.338884 0.338901
 0.240369 0.321123 0.326903 0.327213 0.32723
 0.340532 0.454937 0.463126 0.463565 0.463588
 0.312212 0.417102 0.42461 0.425013 0.425034
 0.24287 0.324464 0.330304 0.330618 0.330634
 0.306752 0.409808 0.417185 0.41758 0.417601
 0.181466 0.242432 0.246795 0.24703 0.247042
 0.160675 0.214655 0.218519 0.218726 0.218737
 0.16037 0.214248 0.218105 0.218311 0.218322
 0.129038 0.17239 0.175493 0.175659 0.175668
 0.160639 0.214607 0.21847 0.218677 0.218688
 0.136504 0.182364 0.185647 0.185823 0.185832
 0.125567 0.167752 0.170772 0.170934 0.170942
 0.184392 0.24634 0.250774 0.251012 0.251024
 0.20014 0.267378 0.272191 0.272449 0.272463
YTP_r0W_actual
 247831 43822.8 36012.1 46580.1 17052.9
YTP_p0W_proyectada
 523086 517969 57888.1 30243.9 46501.1
 523086 235513 106144 9914.33 5323.27
CTP_r0_actual
 29859.1 3108 1304.79 1361.99 457.183
CTP_p0_proyectada
 69837.9 33054.8 2502.73 1029.76 1374.55
 69837.9 15029.5 4589 337.567 157.354
Wmedp
 7.49 15.67 23.13 29.37 33.83
Frms_r0
 0.20014 0.267378 0.272191 0.272449 0.272463
Zrms_r0
 1.20014 1.26738 1.27219 1.27245 1.27246
nmprior
 8.19 8.8 8.5 0
nm_flota  nm_reclas  nm_pelaces    nm_pelaL
inf 13.0485 19.8344 48.6009
cv_recla  cv_pelaces  cv_mph
0.329114 0.469106 0.882217
 ------------------------------------------------
Talla a la edad & desviaci?n 
 8 13.2811 15.8009 17.003 17.5766
 0.8 1.32811 1.58009 1.7003 1.75766
