years
 1991 1992 1993 1994 1995 1996 1997 1998 1999 2000 2001 2002 2003 2004 2005 2006 2007 2008 2009 2010 2011 2012 2013 2014 2015 2016 2017 2018 2019 2020 2021
reclasobs
 0 0 0 0 0 0 0 0 0 252601 567819 844713 477998 351125 339783 2.1784e+06 2.13404e+06 4.81314e+06 1.55562e+06 2.62356e+06 3.21686e+06 3.843e+06 1.13348e+06 3.07943e+06 1.97215e+06 2.03268e+06 2.025e+06 2.42433e+06 2.27542e+06 1.05018e+06 2.36338e+06
reclaspred
 3.80967e+06 2.15062e+06 1.09554e+06 1.19773e+06 1.2526e+06 1.91668e+06 1.24002e+06 1.09216e+06 771130 538155 563786 701245 687215 538085 550489 1.45615e+06 1.43193e+06 3.16088e+06 2.61783e+06 1.97553e+06 3.49238e+06 2.82314e+06 2.26439e+06 3.4474e+06 2.59093e+06 2.32131e+06 2.74872e+06 2.89361e+06 2.38675e+06 1.54018e+06 2.24891e+06
pelacesobs
 0 0 0 0 0 0 0 0 0 0 0 0 0 0 0 552880 188675 0 991730 2.46772e+06 1.41603e+06 1.21717e+06 2.29649e+06 1.80582e+06 0 1.4828e+06 1.56532e+06 1.57751e+06 1.42118e+06 867257 1.10002e+06
pelacespred
 1.75456e+06 1.10374e+06 563455 506322 546682 869020 535278 566893 391792 258720 279325 285500 306221 251682 265475 585150 576866 1.46404e+06 1.25467e+06 875927 1.5041e+06 1.31944e+06 1.05735e+06 1.75916e+06 1.27497e+06 1.13946e+06 1.53557e+06 1.59626e+06 1.08354e+06 791397 1.14263e+06
mphobs
 0 0 0 0 0 0 0 0 0 0 0 498337 0 5186 125008 0 168611 109162 213762 579715 649985 157893 87575 83554 0 0 0 0 0 0 0
mphpred
 3.31016e+06 2.22809e+06 1.12132e+06 617667 757282 887822 1.13468e+06 729878 632745 422271 265744 378400 393439 332592 225831 291212 964075 937928 1.79725e+06 1.3685e+06 1.48595e+06 1.83297e+06 1.73004e+06 1.44532e+06 1.98532e+06 1.64104e+06 1.37044e+06 1.45568e+06 2.01017e+06 1.38666e+06 890698
desembarqueobs
 494567 514787 250237 358949 120608 361735 552515 73892 212993 205616 52469 317467 293654 387597 252695 516296 358380 742168 942051 627588 828172 859565 418607 520667 417249 300574 415391 372974 316634 284311 391294
desembarquepred
 494576 513263 251077 358975 120613 361757 552601 73896.6 213053 205676 52472 317552 293719 387656 252697 516269 358408 742084 941877 627476 828256 859609 418623 520697 417255 300578 415395 372962 316630 284323 391301
Reclutas
 207451 116975 115487 227646 180362 280628 117653 54306.3 47176.4 60041.4 106674 144721 122845 86785.4 86471.1 467978 105439 703650 423111 329372 475285 633381 139736 389084 333166 154553 335557 372451 117113 86490.3 311022
log_desv_Rt
 0.126179 -0.446752 -0.459561 0.219076 -0.0137484 0.428316 -0.440979 -1.21408 -1.35482 -1.11368 -0.538939 -0.233908 -0.397795 -0.745276 -0.748905 0.939706 -0.550578 1.34757 0.838919 0.588473 0.9552 1.24236 -0.268962 0.75508 0.599925 -0.168175 0.607078 0.71139 -0.445579 -0.748683 0.531149
SSB
 3.31016e+06 2.22809e+06 1.12132e+06 617667 757282 887822 1.13468e+06 729878 632745 422271 265744 378400 393439 332592 225831 291212 964075 937928 1.79725e+06 1.3685e+06 1.48595e+06 1.83297e+06 1.73004e+06 1.44532e+06 1.98532e+06 1.64104e+06 1.37044e+06 1.45568e+06 2.01017e+06 1.38666e+06 890698
BT
 4.46215e+06 3.05183e+06 1.54834e+06 1.46706e+06 1.35362e+06 2.30977e+06 1.7318e+06 1.37098e+06 1.11564e+06 796538 690192 926324 973712 984123 865483 1.76733e+06 1.60937e+06 4.03072e+06 3.79992e+06 2.57976e+06 4.14211e+06 3.84397e+06 2.80307e+06 4.54133e+06 3.32396e+06 2.89355e+06 3.96494e+06 4.0552e+06 2.75953e+06 2.09902e+06 3.00504e+06
Ftot
 0.127029 0.229757 0.22248 0.307186 0.0979592 0.195686 0.427808 0.068282 0.275247 0.377017 0.0990251 0.456313 0.430365 0.711714 0.479035 0.383992 0.247605 0.250918 0.360762 0.320504 0.244037 0.310368 0.182624 0.159459 0.162326 0.129943 0.158735 0.136599 0.129125 0.181519 0.185359
BD_Bspro_t
 0.97988 0.852895 0.699859 0.616036 0.6308 0.706148 0.694285 0.547788 0.599482 0.550396 0.506411 0.678182 0.553858 0.462675 0.35593 0.417192 0.595294 0.574756 0.663991 0.570359 0.544692 0.592806 0.60678 0.602641 0.703495 0.712293 0.722033 0.755601 0.796276 0.735301 0.675937
BD_Bspro
 2.53252 1.70466 0.857892 0.472562 0.579377 0.67925 0.868118 0.558411 0.484097 0.323069 0.203314 0.289504 0.30101 0.254458 0.172778 0.222799 0.737589 0.717585 1.37503 1.047 1.13687 1.40236 1.32361 1.10578 1.51892 1.25552 1.04849 1.1137 1.53793 1.0609 0.68145
BD_Bo
 1.71454 1.15407 0.580802 0.319929 0.392244 0.459859 0.587725 0.37805 0.327739 0.218721 0.137645 0.195997 0.203787 0.172271 0.116972 0.150837 0.499355 0.485812 0.930909 0.708833 0.769669 0.949409 0.896098 0.748623 1.02832 0.849997 0.709837 0.753989 1.04119 0.718241 0.461349
BD_Brms
 11.0594 7.44419 3.74639 2.06366 2.53012 2.96626 3.79105 2.43856 2.11404 1.41083 0.887865 1.26425 1.3145 1.11121 0.754515 0.972957 3.22103 3.13367 6.00471 4.57223 4.96465 6.12404 5.78017 4.8289 6.63307 5.4828 4.57871 4.86351 6.71608 4.63292 2.97587
Sel_flota
 0.829692 1 1 1 1
 0.829692 1 1 1 1
 0.829692 1 1 1 1
 0.829692 1 1 1 1
 0.829692 1 1 1 1
 0.829692 1 1 1 1
 0.829692 1 1 1 1
 0.829692 1 1 1 1
 0.829692 1 1 1 1
 0.829692 1 1 1 1
 0.829692 1 1 1 1
 0.829692 1 1 1 1
 0.829692 1 1 1 1
 0.829692 1 1 1 1
 0.829692 1 1 1 1
 0.829692 1 1 1 1
 0.829692 1 1 1 1
 0.829692 1 1 1 1
 0.829692 1 1 1 1
 0.829692 1 1 1 1
 0.829692 1 1 1 1
 0.829692 1 1 1 1
 0.829692 1 1 1 1
 0.829692 1 1 1 1
 0.829692 1 1 1 1
 0.829692 1 1 1 1
 0.829692 1 1 1 1
 0.829692 1 1 1 1
 0.829692 1 1 1 1
 0.829692 1 1 1 1
 0.829692 1 1 1 1
Sel_reclas
 1 1 1 1 1
 1 1 1 1 1
 1 1 1 1 1
 1 1 1 1 1
 1 1 1 1 1
 1 1 1 1 1
 1 1 1 1 1
 1 1 1 1 1
 1 1 1 1 1
 1 1 1 1 1
 1 1 1 1 1
 1 1 1 1 1
 1 1 1 1 1
 1 1 1 1 1
 1 1 1 1 1
 1 1 1 1 1
 1 1 1 1 1
 1 1 1 1 1
 1 1 1 1 1
 1 1 1 1 1
 1 1 1 1 1
 1 1 1 1 1
 1 1 1 1 1
 1 1 1 1 1
 1 1 1 1 1
 1 1 1 1 1
 1 1 1 1 1
 1 1 1 1 1
 1 1 1 1 1
 1 1 1 1 1
 1 1 1 1 1
Sel_pelaces
 1 1 1 1 1
 1 1 1 1 1
 1 1 1 1 1
 1 1 1 1 1
 1 1 1 1 1
 1 1 1 1 1
 1 1 1 1 1
 1 1 1 1 1
 1 1 1 1 1
 1 1 1 1 1
 1 1 1 1 1
 1 1 1 1 1
 1 1 1 1 1
 1 1 1 1 1
 1 1 1 1 1
 1 1 1 1 1
 1 1 1 1 1
 1 1 1 1 1
 1 1 1 1 1
 1 1 1 1 1
 1 1 1 1 1
 1 1 1 1 1
 1 1 1 1 1
 1 1 1 1 1
 1 1 1 1 1
 1 1 1 1 1
 1 1 1 1 1
 1 1 1 1 1
 1 1 1 1 1
 1 1 1 1 1
 1 1 1 1 1
pf_obs 
 0.8446 0.082 0.0669 0.0065 0
 0.8095 0.147 0.0364 0.0071 0
 0.9664 0.0169 0.016 0.0007 0
 0.9276 0.0648 0.0075 0.0001 0
 0.7033 0.2144 0.0806 0.0017 0
 0.9318 0.0425 0.0243 0.0014 0
 0.5671 0.3108 0.0964 0.0239 0.0018
 0.0768 0.2599 0.5324 0.112 0.0189
 0.490249 0.384438 0.106611 0.0170017 0.00170017
 0.7925 0.1577 0.0466 0.003 0.0002
 0.840416 0.127587 0.0312969 0.00059994 9.999e-05
 0.8084 0.0986 0.0794 0.0134 0.0002
 0.7335 0.1905 0.0724 0.0035 0.0001
 0.4001 0.4547 0.1325 0.0127 0
 0.49795 0.308269 0.164784 0.0264974 0.00249975
 0.9179 0.0499 0.0305 0.0017 0
 0.2467 0.6533 0.0926 0.0074 0
 0.9418 0.0223 0.034 0.0019 0
 0.707729 0.231977 0.0356964 0.0245975 0
 0.517169 0.277429 0.184464 0.0207286 0.00020938
 0.811772 0.124168 0.05621 0.00726502 0.000585176
 0.764997 0.148141 0.077277 0.00933861 0.000247198
 0.163321 0.427699 0.378323 0.0303852 0.000271297
 0.753843 0.0900009 0.118128 0.0371064 0.000921714
 0.721811 0.176058 0.0630433 0.0369309 0.00215725
 0.143369 0.312575 0.442814 0.0836902 0.0175525
 0.692698 0.0596174 0.167031 0.0765114 0.00414204
 0.394062 0.376323 0.152708 0.0712218 0.00568511
 0.125707 0.32114 0.495352 0.0537591 0.00404204
 0.23352 0.215282 0.420074 0.123614 0.00750983
 0.774587 0.0839891 0.0768558 0.0609784 0.00358967
pf_pred 
 0.457712 0.114899 0.404665 0.0227236 7.78714e-07
 0.421451 0.293603 0.0603738 0.212631 0.0119405
 0.564251 0.206262 0.116461 0.0239479 0.0890785
 0.770456 0.141138 0.0418473 0.023628 0.0229313
 0.65192 0.280822 0.0413544 0.0122615 0.0136422
 0.728373 0.188804 0.0668187 0.00983985 0.00616353
 0.467468 0.408595 0.0861472 0.0304879 0.00730198
 0.43931 0.294491 0.204246 0.0430627 0.0188902
 0.507298 0.24014 0.132653 0.0920024 0.0279066
 0.674673 0.182418 0.0696525 0.0384761 0.0347796
 0.799355 0.144898 0.031259 0.0119356 0.012553
 0.739426 0.216029 0.0321689 0.00693984 0.00543673
 0.692221 0.240687 0.0556226 0.00828276 0.00318669
 0.637706 0.267829 0.0738726 0.0170719 0.00352026
 0.744448 0.177884 0.0574167 0.0158367 0.00441451
 0.936149 0.0502426 0.00947262 0.00305753 0.00107841
 0.402643 0.566548 0.0242424 0.0045706 0.00199561
 0.895241 0.0476136 0.0541977 0.0023191 0.000628144
 0.609812 0.356456 0.0153313 0.0174514 0.000948996
 0.615547 0.254365 0.118842 0.00511142 0.00613463
 0.741966 0.171865 0.0570115 0.0266363 0.00252061
 0.745712 0.198439 0.0371988 0.0123396 0.00631075
 0.338473 0.519238 0.111038 0.0208148 0.0104359
 0.740301 0.100199 0.125194 0.0267723 0.00753486
 0.634096 0.28444 0.0314312 0.0392719 0.0107618
 0.450907 0.373284 0.136667 0.015102 0.0240401
 0.734114 0.133128 0.0902513 0.0330429 0.00946364
 0.689919 0.239312 0.0354338 0.0240217 0.0113137
 0.369456 0.460991 0.130856 0.0193754 0.0193215
 0.439135 0.233915 0.239033 0.0678517 0.0200651
 0.823955 0.0862807 0.0374371 0.0382562 0.0140707
pobs_RECLAS
 0 0 0 0 0
 0 0 0 0 0
 0 0 0 0 0
 0 0 0 0 0
 0 0 0 0 0
 0 0 0 0 0
 0 0 0 0 0
 0 0 0 0 0
 0 0 0 0 0
 0 0 0 0 0
 0.991045 0.00858322 0.000360255 1.14367e-05 0
 0.934742 0.0480273 0.0164251 0.00080598 0
 0.827803 0.169806 0.00239088 0 0
 0.941827 0.0461693 0.0120037 0 0
 0.791401 0.0380133 0.147996 0.0225897 0
 0.846168 0.0940531 0.0597789 0 0
 0.134021 0.677848 0.182769 0.00536245 0
 0.80878 0.0450904 0.141981 0.00414843 0
 0.846168 0.0940531 0.0597789 0 0
 0.905697 0.0802665 0.012482 0.00150086 5.37128e-05
 0.989698 0.0102097 9.19794e-05 0 0
 0.975433 0.0193895 0.00387452 0.00125025 5.28907e-05
 0.303575 0.632131 0.0575291 0.00676475 0
 0.966965 0.00978017 0.0227588 0.000495775 0
 0.843318 0.132988 0.00938335 0.0141283 0.000182051
 0.564624 0.303363 0.111486 0.0197234 0.00080311
 0.826376 0.0876187 0.0782897 0.00655872 0.00115652
 0.89761 0.0855135 0.0140674 0.00269457 0.000114338
 0.34875 0.467042 0.161289 0.0227151 0.000203297
 0.318654 0.224769 0.449479 0.00709798 0
 0.937255 0.0296025 0.0250945 0.00804832 0
ppred_RECLAS
 0.504779 0.104927 0.369543 0.0207513 7.11127e-07
 0.468476 0.269739 0.0554666 0.195348 0.01097
 0.610365 0.184434 0.104136 0.0214136 0.0796517
 0.802664 0.121334 0.0359756 0.0203127 0.0197137
 0.693318 0.247423 0.036436 0.0108033 0.0120197
 0.76428 0.163846 0.057986 0.00853912 0.00534878
 0.516138 0.371252 0.0782738 0.0277014 0.00663462
 0.485941 0.269999 0.18726 0.0394813 0.0173191
 0.554943 0.216918 0.119826 0.0831057 0.025208
 0.715671 0.15943 0.0608749 0.0336273 0.0303967
 0.827851 0.124319 0.0268196 0.0102405 0.0107702
 0.775315 0.186274 0.0277381 0.00598399 0.00468791
 0.732134 0.209475 0.0484095 0.00720867 0.00277345
 0.683107 0.234266 0.0646152 0.0149326 0.00307911
 0.77995 0.153172 0.0494402 0.0136366 0.00380124
 0.946802 0.0418599 0.00789217 0.0025474 0.00089848
 0.449286 0.522311 0.0223495 0.00421372 0.00183979
 0.911848 0.0400659 0.0456063 0.00195148 0.000528571
 0.654718 0.315433 0.0135669 0.0154429 0.000839779
 0.65996 0.22498 0.105113 0.00452094 0.00542595
 0.776788 0.148672 0.0493176 0.0230416 0.00218044
 0.780413 0.171359 0.0321224 0.0106557 0.00544955
 0.382147 0.484959 0.103707 0.0194406 0.00974696
 0.775001 0.0868101 0.108465 0.023195 0.00652806
 0.676803 0.251241 0.0277626 0.0346881 0.0095057
 0.497929 0.341317 0.124963 0.0138087 0.0219814
 0.769382 0.115469 0.0782802 0.02866 0.00820836
 0.728807 0.209299 0.03099 0.0210091 0.00989484
 0.414391 0.428139 0.121531 0.0179946 0.0179446
 0.486245 0.214267 0.218955 0.0621525 0.0183797
 0.849807 0.0736106 0.0319395 0.0326383 0.0120044
pobs_PELACES
 0 0 0 0 0
 0 0 0 0 0
 0 0 0 0 0
 0 0 0 0 0
 0 0 0 0 0
 0 0 0 0 0
 0 0 0 0 0
 0 0 0 0 0
 0 0 0 0 0
 0 0 0 0 0
 0 0 0 0 0
 0 0 0 0 0
 0 0 0 0 0
 0 0 0 0 0
 0 0 0 0 0
 0 0 0 0 0
 0.505614 0.472636 0.0217494 0 0
 0 0 0 0 0
 0.443492 0.261883 0.143347 0.151278 0
 0.227955 0.32914 0.350689 0.0885471 0.00366901
 0.970185 0.0296113 0.000203453 0 0
 0.997202 0.00247181 0.000326279 0 0
 0.445219 0.490057 0.0546422 0.010081 0
 0.90214 0.0892962 0.00764917 0.000914606 0
 0 0 0 0 0
 0.581667 0.319106 0.0959925 0.00289975 0.000334073
 0.762889 0.0836404 0.116647 0.0363945 0.000428098
 0.88444 0.0763242 0.0277011 0.0115352 0
 0.521256 0.241999 0.230069 0.00667565 0
 0.616807 0.101726 0.260614 0.0208532 0
 0.833518 0.0704572 0.0857862 0.0102388 0
ppred_PELACES
 0.506563 0.104549 0.368211 0.0206765 7.08564e-07
 0.471692 0.268107 0.055131 0.194166 0.0109036
 0.613334 0.183028 0.103342 0.0212504 0.0790447
 0.805384 0.119662 0.0354797 0.0200327 0.019442
 0.694487 0.24648 0.0362971 0.0107621 0.0119739
 0.766255 0.162473 0.0575 0.00846755 0.00530395
 0.52214 0.366647 0.0773029 0.0273578 0.00655232
 0.486899 0.269496 0.18691 0.0394077 0.0172868
 0.55876 0.215057 0.118798 0.0823929 0.0249918
 0.719963 0.157023 0.059956 0.0331197 0.0299379
 0.828642 0.123747 0.0266962 0.0101934 0.0107207
 0.779751 0.182597 0.0271905 0.00586585 0.00459536
 0.73685 0.205786 0.0475571 0.00708173 0.00272461
 0.691702 0.227912 0.0628627 0.0145276 0.0029956
 0.784536 0.14998 0.0484099 0.0133524 0.00372202
 0.947879 0.0410128 0.00773246 0.00249585 0.000880298
 0.452731 0.519043 0.0222097 0.00418736 0.00182828
 0.912975 0.0395537 0.0450232 0.00192653 0.000521813
 0.659287 0.311259 0.0133874 0.0152386 0.000828667
 0.663991 0.222313 0.103867 0.00446735 0.00536163
 0.779158 0.147094 0.0487942 0.0227971 0.0021573
 0.783388 0.169038 0.0316872 0.0105113 0.00537573
 0.384573 0.483054 0.1033 0.0193643 0.00970868
 0.77656 0.0862087 0.107714 0.0230343 0.00648283
 0.678795 0.249692 0.0275915 0.0344743 0.00944711
 0.499755 0.340076 0.124509 0.0137585 0.0219014
 0.770961 0.114679 0.0777442 0.0284638 0.00815215
 0.730322 0.20813 0.0308169 0.0208917 0.00983957
 0.416153 0.426851 0.121165 0.0179405 0.0178906
 0.488794 0.213204 0.217869 0.0618441 0.0182886
 0.851132 0.0729613 0.0316578 0.0323504 0.0118986
pobs_pel_tallas
 0 0 0 0 0 0 0 0 0 0 0 0 0 0 0 0 0 0 0 0 0 0 0 0 0 0
 0 0 0 0 0 0 0 0 0 0 0 0 0 0 0 0 0 0 0 0 0 0 0 0 0 0
 0 0 0 0 0 0 0 0 0 0 0 0 0 0 0 0 0 0 0 0 0 0 0 0 0 0
 0 0 0 0 0 0 0 0 0 0 0 0 0 0 0 0 0 0 0 0 0 0 0 0 0 0
 0 0 0 0 0 0 0 0 0 0 0 0 0 0 0 0 0 0 0 0 0 0 0 0 0 0
 0 0 0 0 0 0 0 0 0 0 0 0 0 0 0 0 0 0 0 0 0 0 0 0 0 0
 0 0 0 0 0 0 0 0 0 0 0 0 0 0 0 0 0 0 0 0 0 0 0 0 0 0
 0 0 0 0 0 0 0 0 0 0 0 0 0 0 0 0 0 0 0 0 0 0 0 0 0 0
 0 0 0 0 0 0 0 0 0 0 0 0 0 0 0 0 0 0 0 0 0 0 0 0 0 0
 0 0 0 0 0 0 0 0 0 0 0 0 0 0 0 0 0 0 0 0 0 0 0 0 0 0
 0 0 0 0 0 0 0 0 0 0 0 0 0 0 0 0 0 0 0 0 0 0 0 0 0 0
 0 0 0 0 0 0 0 0 0 0 0 0 0 0 0 0 0 0 0 0 0 0 0 0 0 0
 0.00862536 0 0 0.000197151 0.00414017 0.0128641 0.00837892 0.0270097 0.101434 0.158115 0.152841 0.127902 0.109271 0.109419 0.0830992 0.0579132 0.0238553 0.00714673 0.00463305 0.00128148 0.00103504 0.000492878 0.000147863 0.000147863 4.92878e-05 0
 0 0 0 0 0 0 0 0 0 0 0 0 0 0 0 0 0 0 0 0 0 0 0 0 0 0
 0 0 0 0 0 0 0 0.0054083 0.00873648 0.0413646 0.0450493 0.0745869 0.0622846 0.0627006 0.0613931 0.0827291 0.12552 0.122667 0.0946155 0.0697135 0.0546179 0.0294188 0.0215738 0.0213955 0.0102223 0.00600262
 0 0 0 0 0.00359764 0.0251062 0.0480494 0.140153 0.205849 0.193036 0.1447 0.116669 0.0760912 0.0342217 0.00950174 0.001854 0.000860785 0 0 0 0.000165536 0 0.000143464 0 0 0
 0 0 0 0 0 0 0 0.000145254 0.000435761 0.0275982 0.070085 0.0708112 0.156366 0.174668 0.174014 0.160142 0.0824315 0.0480064 0.0283245 0.00493863 0.00203355 0 0 0 0 0
 0 0 0 0 0 0 0 0 0 0 0 0 0 0 0 0 0 0 0 0 0 0 0 0 0 0
 0 0 1.00437e-05 0.000401748 0.00122533 0.00171747 0.00176769 0.0269171 0.070346 0.194647 0.189555 0.159765 0.064822 0.0314167 0.0384472 0.0292271 0.0345202 0.0313363 0.0194345 0.0106764 0.0143323 0.0359363 0.0279516 0.0138201 0.00172751 0
 0 0.0021121 0.0136068 0.0755702 0.200478 0.177729 0.0527432 0.0373336 0.0318909 0.0142505 0.0149659 0.0166563 0.0217959 0.0798694 0.0677717 0.0528807 0.04013 0.0224614 0.0357745 0.0225083 0.00881397 0.00855152 0.00135912 0.000746735 0 0
 0 0 0 0 5.4009e-05 0.00500934 0.000945158 0.0243581 0.138947 0.33067 0.221406 0.137944 0.0707744 0.0437923 0.0131692 0.00525238 0.0047753 0.00276346 9.45158e-05 9.00151e-06 2.25038e-05 9.00151e-06 4.50075e-06 0 0 0
 0.000866109 0.00284123 0.00948549 0.0512746 0.133035 0.25785 0.225252 0.132002 0.0553304 0.0519788 0.0540692 0.017754 0.00435017 0.00159236 0.00146478 0.000404838 0.000125132 0.000115318 0.000107957 0.000100596 0 0 0 0 0 0
 0 0 0 0 0.00144013 0.00171154 0.00461396 0.0210425 0.0478622 0.0707936 0.0888783 0.103762 0.0637923 0.0337046 0.0602308 0.124433 0.169614 0.0934646 0.0462172 0.0250306 0.0313229 0.00938855 0.002487 0.000210481 0 0
 0 0.00764035 0.051015 0.0998891 0.058973 0.0496711 0.0374665 0.0718981 0.12319 0.153886 0.159021 0.0857701 0.0377988 0.023471 0.0147837 0.00900784 0.00315554 0.000888139 0.00291439 0.00214683 0.00393193 0.00274676 0.000635225 9.99891e-05 0 0
 0 0 0 0 0 0 0 0 0 0 0 0 0 0 0 0 0 0 0 0 0 0 0 0 0 0
 0 0 0 0 0 0 0 0 0 0 0 0 0 0 0 0 0 0 0 0 0 0 0 0 0 0
 0 0 0 0 0 0 0 0 0 0 0 0 0 0 0 0 0 0 0 0 0 0 0 0 0 0
 0 0 0 0 0 0 0 0 0 0 0 0 0 0 0 0 0 0 0 0 0 0 0 0 0 0
 0 0 0 0 0 0 0 0 0 0 0 0 0 0 0 0 0 0 0 0 0 0 0 0 0 0
 0 0 0 0 0 0 0 0 0 0 0 0 0 0 0 0 0 0 0 0 0 0 0 0 0 0
 0 0 0 0 0 0 0 0 0 0 0 0 0 0 0 0 0 0 0 0 0 0 0 0 0 0
ppred_pel_tallas
 1.12727e-16 4.1725e-05 0.000405581 0.00269523 0.0122521 0.038121 0.0812212 0.118547 0.118558 0.0812734 0.0382978 0.0127699 0.00402131 0.00338774 0.00596065 0.0104522 0.0165947 0.0240699 0.0324587 0.0413734 0.0503443 0.0584778 0.0642993 0.0661524 0.0630225 0.0552025
 1.22977e-16 3.88527e-05 0.000377662 0.0025097 0.0114088 0.035497 0.0756311 0.110391 0.110417 0.0757578 0.035923 0.0126406 0.00560732 0.00715942 0.0129798 0.0215682 0.0314995 0.040604 0.0467868 0.0493125 0.0493246 0.0490341 0.050167 0.0528608 0.0557204 0.0567829
 1.18537e-16 5.05196e-05 0.000491068 0.00326332 0.0148346 0.046156 0.0983409 0.143535 0.143553 0.0984279 0.0464484 0.0156809 0.00539492 0.00516838 0.00900533 0.0149995 0.0220632 0.0287435 0.0336182 0.0361174 0.036863 0.0371581 0.0380283 0.039577 0.0410549 0.0414264
 1.06354e-16 6.63384e-05 0.000644833 0.00428514 0.0194796 0.0606085 0.129133 0.188476 0.188488 0.12919 0.0607985 0.020029 0.00566615 0.00366632 0.00582503 0.00957984 0.0139271 0.0178062 0.0201956 0.02066 0.0196111 0.0180035 0.0167052 0.0160366 0.0157544 0.0153645
 1.04217e-16 5.7204e-05 0.000556043 0.00369511 0.0167974 0.0522632 0.111353 0.162528 0.162552 0.111469 0.052653 0.0179236 0.00652223 0.00672873 0.0117835 0.0193991 0.0279628 0.0352171 0.0389049 0.0379985 0.0333128 0.0269451 0.0210055 0.0166233 0.0138057 0.0119431
 1.03448e-16 6.31155e-05 0.000613505 0.00407696 0.0185333 0.0576639 0.12286 0.179321 0.179336 0.122936 0.057922 0.0192794 0.00595247 0.00471661 0.00788157 0.0129976 0.0188754 0.0240664 0.0271286 0.027384 0.0252867 0.0220456 0.0188265 0.0161781 0.0140232 0.0120321
 1.06178e-16 4.30081e-05 0.000418054 0.00277812 0.0126289 0.0392935 0.0837203 0.1222 0.122235 0.0838932 0.0398742 0.0143069 0.0069923 0.00962523 0.0175515 0.0290076 0.0419231 0.0530191 0.0589769 0.0582679 0.0520402 0.0432765 0.034933 0.0285257 0.023991 0.0204792
 1.12341e-16 4.01053e-05 0.000389838 0.00259061 0.0117766 0.0366414 0.0780693 0.11395 0.113976 0.0781975 0.0370726 0.0130253 0.00573698 0.00729779 0.0132755 0.0221875 0.0326704 0.042581 0.0497271 0.053064 0.0531924 0.0516744 0.0497746 0.047702 0.0448413 0.0405458
 1.15976e-16 4.60244e-05 0.000447373 0.00297295 0.0135146 0.0420491 0.0895909 0.130765 0.130786 0.0896931 0.0423927 0.0145093 0.00547828 0.00594529 0.0105735 0.0176365 0.0259511 0.0338199 0.0395619 0.0424742 0.043219 0.0432197 0.0435551 0.044254 0.0444491 0.0430955
 1.10159e-16 5.93024e-05 0.000576441 0.00383065 0.0174136 0.0541802 0.115437 0.168487 0.168502 0.115512 0.0544301 0.0181363 0.00564849 0.00455769 0.00765911 0.0126721 0.0184999 0.023811 0.0273062 0.0284399 0.0277432 0.0264099 0.0254728 0.0252228 0.0252253 0.0247662
 1.03639e-16 6.82542e-05 0.000663455 0.00440889 0.0200422 0.0623588 0.132862 0.193919 0.193931 0.132921 0.0625548 0.0206088 0.005832 0.00377332 0.00598411 0.00981094 0.0141894 0.0179813 0.0200801 0.0199913 0.0181236 0.0154963 0.0131006 0.0114129 0.010348 0.00953787
 1.02198e-16 6.42271e-05 0.000624311 0.00414876 0.0188597 0.0586796 0.125024 0.182479 0.182497 0.12511 0.0589684 0.0196939 0.00624283 0.00519613 0.00874832 0.0143648 0.0206956 0.0260443 0.0287268 0.0279673 0.024355 0.0194339 0.0147708 0.0112255 0.00884581 0.00723413
 1.02597e-16 6.06934e-05 0.000589962 0.0039205 0.0178221 0.0554511 0.118145 0.172441 0.17246 0.118242 0.0557772 0.0187641 0.00628645 0.00575938 0.00989162 0.0162913 0.0235423 0.0297706 0.0331004 0.0326544 0.0290512 0.0239415 0.0189783 0.0150366 0.0121383 0.00988332
 1.03837e-16 5.69746e-05 0.000553813 0.00368029 0.0167301 0.0520535 0.110906 0.161876 0.161898 0.111014 0.052415 0.0177747 0.00630487 0.00629135 0.0109773 0.0181193 0.0262407 0.0333014 0.0372519 0.0371353 0.0336236 0.0284944 0.0234939 0.0194949 0.0164444 0.0138685
 1.03405e-16 6.46212e-05 0.000628141 0.00417422 0.0189754 0.0590396 0.125791 0.183598 0.183613 0.125861 0.0592777 0.0196638 0.00590431 0.00441235 0.00727336 0.0119794 0.0173853 0.0221463 0.0249327 0.025127 0.0231656 0.0201862 0.0172817 0.0149589 0.0131247 0.0114361
 1.00633e-16 7.80755e-05 0.000758922 0.0050433 0.0229261 0.0713317 0.15198 0.22182 0.221824 0.151999 0.0713966 0.0231137 0.00551433 0.00178776 0.00203377 0.00324326 0.00467536 0.0059025 0.00654687 0.00643633 0.0057009 0.00467905 0.00370892 0.00296811 0.00245521 0.00207642
 1.01503e-16 3.7291e-05 0.000362482 0.00240882 0.0109502 0.0340703 0.0725923 0.105961 0.106011 0.0728363 0.0348894 0.0133147 0.00833995 0.0132965 0.024561 0.0404395 0.0580025 0.0724159 0.078778 0.0748289 0.0623234 0.0459068 0.0304284 0.0187574 0.0113422 0.00714582
 1.01591e-16 7.52005e-05 0.000730976 0.00485759 0.0220819 0.068705 0.146383 0.213652 0.213656 0.146402 0.0687689 0.022267 0.00532518 0.00176137 0.00206029 0.00336028 0.0050031 0.00664334 0.00797033 0.00881907 0.00922503 0.00932501 0.00919846 0.00880071 0.00803724 0.00689058
 1.02135e-16 5.43046e-05 0.00052786 0.00350782 0.0159461 0.0496143 0.10571 0.154292 0.154322 0.105856 0.0501055 0.0173644 0.00706578 0.00828774 0.0147708 0.0242791 0.0348446 0.0435595 0.0475058 0.0453545 0.038178 0.028762 0.0199815 0.0134875 0.00945423 0.00716866
 1.0441e-16 5.46921e-05 0.000531627 0.00353285 0.0160598 0.0499682 0.106463 0.155391 0.155412 0.106569 0.050322 0.0170833 0.00610734 0.00616931 0.0108129 0.0179223 0.0261203 0.0334845 0.0380641 0.0389139 0.0365798 0.0325851 0.0283772 0.0246046 0.0211613 0.0177099
 1.04098e-16 6.41782e-05 0.000623835 0.0041456 0.0188453 0.0586349 0.124928 0.182339 0.182354 0.124998 0.0588685 0.0195208 0.00584369 0.00433907 0.00714467 0.011775 0.0171103 0.0218447 0.0246912 0.0250618 0.0233934 0.0207931 0.0182994 0.0163528 0.014795 0.0132334
 1.02922e-16 6.45267e-05 0.000627222 0.00416811 0.0189476 0.0589532 0.125607 0.18333 0.183346 0.125686 0.0592208 0.0197208 0.00610953 0.00486784 0.00812562 0.0133509 0.0192732 0.0243379 0.0270062 0.0265741 0.0235825 0.0194306 0.0155127 0.0125551 0.0105396 0.00906216
 1.0669e-16 3.16769e-05 0.00030791 0.00204618 0.00930165 0.0289411 0.0616638 0.09001 0.0900566 0.0618916 0.0297062 0.0115121 0.00759736 0.0124352 0.0230901 0.0381918 0.0551752 0.0697222 0.0774347 0.0762662 0.0677013 0.0556629 0.0440791 0.0350272 0.0285384 0.0236094
 1.06538e-16 6.39643e-05 0.000621755 0.00413178 0.0187825 0.0584394 0.124512 0.18173 0.181738 0.124553 0.0585789 0.0191877 0.00515636 0.00288358 0.00443354 0.00742201 0.0111392 0.0149598 0.018271 0.0207661 0.0225441 0.0238661 0.0247936 0.0250529 0.0242363 0.0221365
 1.05917e-16 5.59115e-05 0.00054348 0.00361162 0.0164179 0.0510823 0.108837 0.158856 0.15888 0.108955 0.0514771 0.0175583 0.00647436 0.00679348 0.0119282 0.0196395 0.0283111 0.0356697 0.0394547 0.038668 0.0341887 0.0281844 0.0227929 0.0190905 0.0169481 0.0155818
 1.08767e-16 4.11642e-05 0.000400131 0.00265901 0.0120875 0.0376089 0.0801309 0.11696 0.116993 0.0802918 0.0381492 0.0136497 0.0065864 0.00899337 0.0164193 0.0272309 0.0395784 0.050516 0.0570478 0.0577715 0.053648 0.0472065 0.0408695 0.0357499 0.0316349 0.0277757
 1.06508e-16 6.35031e-05 0.000617272 0.00410199 0.0186471 0.058018 0.123614 0.18042 0.180432 0.123669 0.0582016 0.0191786 0.00544136 0.00355845 0.00570052 0.00945855 0.0139378 0.0182021 0.0213364 0.0229224 0.023241 0.0229682 0.0226242 0.0222412 0.0214691 0.019936
 1.04703e-16 6.01557e-05 0.000584735 0.00388577 0.0176642 0.0549598 0.117098 0.170913 0.170933 0.117197 0.0552891 0.0186154 0.00627416 0.00580049 0.00997168 0.0164065 0.0236705 0.0298637 0.0331012 0.0325393 0.0288846 0.0239076 0.0193586 0.0161261 0.0141286 0.0127669
 1.08433e-16 3.4278e-05 0.000333195 0.0022142 0.0100655 0.0313176 0.0667269 0.0973985 0.0974398 0.0669285 0.0319946 0.0120222 0.00713073 0.0110818 0.0204943 0.0339484 0.049185 0.062448 0.0699119 0.0697933 0.0633583 0.0539404 0.0448107 0.037597 0.0321819 0.0276431
 1.15639e-16 4.02613e-05 0.000391355 0.00260069 0.0118224 0.0367839 0.0783728 0.114392 0.114413 0.0784748 0.0371276 0.0128191 0.00511789 0.00593735 0.0107232 0.0180582 0.0269363 0.0358271 0.0431632 0.0481987 0.051306 0.0533793 0.0548786 0.0553767 0.0539416 0.0499187
 1.06191e-16 7.01066e-05 0.000681461 0.00452855 0.0205861 0.0640512 0.136468 0.199181 0.199188 0.136503 0.0641675 0.0209228 0.00537604 0.00253971 0.00362396 0.00594691 0.00872215 0.0113241 0.0131803 0.0140687 0.0142499 0.014257 0.0145015 0.0150092 0.0154531 0.0154009
pSPR Fmed_Fpbrs
0.652027   0.20503 0.20503
Fs Fmed_Fpbrs
0.225844   1.005 1.005
SSBpbr Bo_Bmed_Bpbrs
1.93064e+06  1.1623e+06  299307 299307
Ro
182859
SPR SPRFo_SPRFmed_SPRFpbrs
1.30706e+06 852239 267987
Fref
1.005
Nvult_r0
 212914 19004.4 8245.96 8426.37 3099.24
CTP_r0
 28379.7 2971.79 1289.45 1317.67 484.64
YTP_r0
391301
Np
 244336 98108.4 8365.1 3629.6 4842.63
Nvult_p0
 205291 84897.1 7238.65 3140.84 4190.52
CTP_p0
 93345.2 42554.4 3628.35 1574.34 2100.48
YTP_p0
 1.59062e+06
CBA_c0
751097
log_Ro
11.9365
likeval ReclasPelacesDesembMPH_pf_preclas_ppelaces_ptallas_desvR_qrecl_qpela
 16.4715 17.4779 0.102397 0.00271989 241.633 119.078 98.3137 0 22.8845 0 0 0.520289 0 0 0
q_reclas_q_pelaces
1 1
M
1
N
 207451 43591.1 153524 8620.99 0.295433
 116975 68682.8 14123.3 49740.9 2793.25
 115487 35564 20080.3 4129.13 15359.1
 227646 35324 10473.6 5913.64 5739.25
 180362 64904.8 9557.99 2833.94 3153.04
 280628 61172 21649.1 3188.08 1996.96
 117653 87765.8 18504.3 6548.76 1568.46
 54306.3 30349.7 21049.2 4437.96 1946.78
 47176.4 18877.8 10428.1 7232.47 2193.79
 60041.4 13811.8 5273.74 2913.22 2633.34
 106674 16155 3485.14 1330.72 1399.56
 144721 36147.8 5382.76 1161.23 909.72
 122845 36459.7 8425.83 1254.69 482.727
 86785.4 31621.9 8721.94 2015.64 415.627
 86471.1 17688.9 5709.53 1574.8 438.98
 467978 21377.9 4030.54 1300.96 458.855
 105439 125189 5356.8 1009.96 440.967
 703650 31585.6 35953.3 1538.43 416.694
 423111 210208 9041.11 10291.3 559.638
 329372 115389 53911 2318.73 2782.9
 475285 92876.3 30809.1 14394.3 1362.14
 633381 142799 26768.6 8879.74 4541.29
 139736 180109 38515.9 7220.06 3619.93
 389084 44178.2 55198.7 11804.1 3322.17
 333166 125398 13856.8 17313.4 4744.44
 154553 107121 39219.2 4333.81 6898.76
 335557 51046 34605.6 12669.8 3628.7
 372451 108212 16022.5 10862.1 5115.84
 117113 122336 34726.1 5141.75 5127.47
 86490.3 38706.3 39553.1 11227.5 3320.2
 311022 27369.5 11875.6 12135.4 4463.42
pred_Ctot
 13231 3321.37 11697.6 656.865 0.0225101
 13034.5 9080.46 1867.22 6576.18 369.292
 12491.4 4566.24 2578.21 530.159 1972.03
 33053.5 6054.97 1795.3 1013.67 983.778
 8959.12 3859.25 568.32 168.507 187.48
 26939.2 6983.01 2471.32 363.931 227.961
 22870.3 19990 4214.64 1491.58 357.24
 1899.52 1273.34 883.132 186.197 81.6785
 6202.92 2936.27 1622 1124.95 341.224
 10457 2827.37 1079.57 596.355 539.062
 5354.51 970.603 209.39 79.9509 84.0869
 29731.3 8686.24 1293.47 279.042 218.604
 24002.4 8345.67 1928.68 287.2 110.497
 25653.3 10774.1 2971.71 686.762 141.611
 18513.2 4423.7 1427.86 393.832 109.782
 82823.6 4445.1 838.068 270.508 95.4095
 12586.5 17710.2 757.811 142.876 62.3824
 85026.1 4522.13 5147.46 220.258 59.6584
 70888.9 41437 1782.22 2028.67 110.318
 49678.3 20528.8 9591.23 412.522 495.102
 55984.7 12968 4301.78 2009.83 190.191
 92819.9 24700 4630.19 1535.93 785.509
 12573.8 19289 4124.91 773.241 387.681
 30809.9 4170.08 5210.32 1114.21 313.587
 26830.2 12035.4 1329.94 1661.69 455.359
 10073.4 8339.26 3053.17 337.382 537.061
 26457.1 4797.86 3252.61 1190.85 341.065
 25461.1 8831.67 1307.67 886.507 417.527
 7587.15 9466.92 2687.27 397.893 396.787
 7738.42 4122.04 4212.23 1195.68 353.587
 28379.7 2971.79 1289.45 1317.67 484.64
F
 0.105395 0.127029 0.127029 0.127029 0.127029
 0.190628 0.229757 0.229757 0.229757 0.229757
 0.18459 0.22248 0.22248 0.22248 0.22248
 0.25487 0.307186 0.307186 0.307186 0.307186
 0.081276 0.0979592 0.0979592 0.0979592 0.0979592
 0.162359 0.195686 0.195686 0.195686 0.195686
 0.354949 0.427808 0.427808 0.427808 0.427808
 0.056653 0.068282 0.068282 0.068282 0.068282
 0.22837 0.275247 0.275247 0.275247 0.275247
 0.312808 0.377017 0.377017 0.377017 0.377017
 0.0821603 0.0990251 0.0990251 0.0990251 0.0990251
 0.3786 0.456313 0.456313 0.456313 0.456313
 0.35707 0.430365 0.430365 0.430365 0.430365
 0.590503 0.711714 0.711714 0.711714 0.711714
 0.397451 0.479035 0.479035 0.479035 0.479035
 0.318595 0.383992 0.383992 0.383992 0.383992
 0.205436 0.247605 0.247605 0.247605 0.247605
 0.208185 0.250918 0.250918 0.250918 0.250918
 0.299321 0.360762 0.360762 0.360762 0.360762
 0.265919 0.320504 0.320504 0.320504 0.320504
 0.202476 0.244037 0.244037 0.244037 0.244037
 0.257509 0.310368 0.310368 0.310368 0.310368
 0.151522 0.182624 0.182624 0.182624 0.182624
 0.132302 0.159459 0.159459 0.159459 0.159459
 0.13468 0.162326 0.162326 0.162326 0.162326
 0.107813 0.129943 0.129943 0.129943 0.129943
 0.131701 0.158735 0.158735 0.158735 0.158735
 0.113335 0.136599 0.136599 0.136599 0.136599
 0.107134 0.129125 0.129125 0.129125 0.129125
 0.150605 0.181519 0.181519 0.181519 0.181519
 0.153791 0.185359 0.185359 0.185359 0.185359
YTP_r0W_actual
 241227 48440.1 37265.2 45854.7 18513.2
YTP_p0W_proyectada
 701956 685977 84830.9 46442.9 71416.4
CTP_r0_actual
 28379.7 2971.79 1289.45 1317.67 484.64
CTP_p0_proyectada
 93345.2 42554.4 3628.35 1574.34 2100.48
Wmedp
 7.52 16.12 23.38 29.5 34
Frms_r0
 0.153791 0.185359 0.185359 0.185359 0.185359
Zrms_r0
 1.15379 1.18536 1.18536 1.18536 1.18536
nmprior
 8.19 8.8 8.5 0
nm_flota  nm_reclas  nm_pelaces    nm_pelaL
inf 12.0811 20.0003 49.1301
cv_recla  cv_pelaces  cv_mph
0.367106 0.474043 1.60946
 ------------------------------------------------
Talla a la edad & desviaci?n 
 8 13.2811 15.8009 17.003 17.5766
 0.8 1.32811 1.58009 1.7003 1.75766
