years
 1991 1992 1993 1994 1995 1996 1997 1998 1999 2000 2001 2002 2003 2004 2005 2006 2007 2008 2009 2010 2011 2012 2013 2014 2015 2016 2017 2018 2019 2020 2021
reclasobs
 0 0 0 0 0 0 0 0 0 252601 567819 844713 477998 351125 339783 2.1784e+06 2.13404e+06 4.81314e+06 1.55562e+06 2.62356e+06 3.21686e+06 3.843e+06 1.13348e+06 3.07943e+06 1.97215e+06 2.03268e+06 2.025e+06 2.42433e+06 2.27542e+06 1.05018e+06 2.36338e+06
reclaspred
 2.22118e+06 1.31151e+06 639392 335223 226353 564870 398041 269324 206163 200865 312018 461518 432695 347192 436369 836270 1.30441e+06 2.11666e+06 1.99072e+06 1.509e+06 2.56896e+06 2.16728e+06 1.95275e+06 2.38217e+06 2.08754e+06 1.8246e+06 1.86319e+06 1.97395e+06 2.16404e+06 1.22931e+06 1.43296e+06
pelacesobs
 0 0 0 0 0 0 0 0 0 0 0 0 0 0 0 552880 188675 0 991730 2.46772e+06 1.41603e+06 1.21717e+06 2.29649e+06 1.80582e+06 0 1.4828e+06 1.56532e+06 1.57751e+06 1.42118e+06 867257 1.10002e+06
pelacespred
 995763 630728 312398 122323 92118.5 241043 135097 125510 87816.7 83251.8 148381 178467 184270 156658 215281 343127 530718 927839 961466 696816 1.06215e+06 1.03859e+06 902134 1.19661e+06 1.069e+06 894532 1.02622e+06 1.10764e+06 987777 645819 743790
mphobs
 0 0 0 0 0 0 0 0 0 0 0 498337 0 5186 125008 0 168611 109162 213762 579715 649985 157893 87575 83554 0 0 0 0 0 0 0
mphpred
 2.0405e+06 1.4421e+06 727025 350748 182258 173939 497722 206420 162978 141931 138783 347770 329093 267669 215707 385935 888556 1.16976e+06 1.66431e+06 1.40241e+06 1.41694e+06 1.86477e+06 1.78134e+06 1.37427e+06 2.00781e+06 1.5582e+06 1.2677e+06 1.40826e+06 2.00267e+06 1.30625e+06 749996
desembarqueobs
 494567 514787 250237 358949 120608 361735 552515 73892 212993 205616 52469 317467 293654 387597 252695 516296 358380 742168 942051 627588 828172 859565 418607 520667 417249 300574 415391 372974 316634 284311 391294
desembarquepred
 494881 514491 250157 358953 120632 361674 552078 73838.8 213092 205573 52506.7 317371 293705 387486 252476 516276 358834 742120 942471 627599 827847 859529 418757 520893 417325 300696 415678 372887 316556 284397 391637
Reclutas
 184941 96626.6 69052.1 57164.3 56178.2 241414 52259 20103.7 39834.8 65009.8 118445 117697 110894 93946.3 118146 403479 184823 573734 485633 284907 498736 628015 103806 405648 290098 143882 335940 373315 87360.9 69880 352254
log_desv_Rt
 0.19937 -0.449811 -0.785804 -0.974735 -0.992136 0.465847 -1.06445 -2.01976 -1.33592 -0.846127 -0.246213 -0.252551 -0.312092 -0.477941 -0.248741 0.979461 0.198732 1.3315 1.16479 0.631498 1.19141 1.4219 -0.378137 0.984821 0.649555 -0.0516715 0.796267 0.901759 -0.550617 -0.773885 0.843689
SSB
 2.0405e+06 1.4421e+06 727025 350748 182258 173939 497722 206420 162978 141931 138783 347770 329093 267669 215707 385935 888556 1.16976e+06 1.66431e+06 1.40241e+06 1.41694e+06 1.86477e+06 1.78134e+06 1.37427e+06 2.00781e+06 1.5582e+06 1.2677e+06 1.40826e+06 2.00267e+06 1.30625e+06 749996
BT
 2.92025e+06 2.07405e+06 1.0147e+06 655051 371791 1.28661e+06 839448 439394 508319 485167 581644 815881 858817 959508 1.06737e+06 1.70658e+06 1.84457e+06 3.79912e+06 3.89185e+06 2.51994e+06 4.18898e+06 3.89164e+06 2.6886e+06 4.58766e+06 3.24078e+06 2.73812e+06 3.8567e+06 4.0152e+06 2.66499e+06 1.9297e+06 3.06596e+06
Ftot
 0.210045 0.364085 0.363142 0.932574 0.490555 0.591687 1.16333 0.257637 0.917794 0.908713 0.159926 0.62481 0.617971 0.98356 0.535631 0.569901 0.258702 0.328474 0.438408 0.386382 0.302236 0.369518 0.20227 0.20686 0.188931 0.156179 0.21093 0.179062 0.138719 0.217911 0.257947
BD_Bspro_t
 0.966951 0.787742 0.59642 0.453684 0.306166 0.362342 0.504104 0.259623 0.279074 0.290942 0.344649 0.635556 0.500067 0.411308 0.35025 0.47857 0.583966 0.629681 0.65558 0.584814 0.543158 0.604888 0.624627 0.604406 0.714901 0.713069 0.717417 0.754824 0.801028 0.729519 0.649632
BD_Bspro
 1.88684 1.33351 0.672278 0.324336 0.168533 0.160841 0.460243 0.190876 0.150705 0.131243 0.128333 0.321582 0.304311 0.247513 0.199463 0.356873 0.821646 1.08168 1.53898 1.2968 1.31024 1.72435 1.6472 1.27078 1.85662 1.44086 1.17224 1.30222 1.85187 1.20789 0.693519
BD_Bo
 1.14384 0.808397 0.407547 0.196618 0.102168 0.0975044 0.279007 0.115712 0.0913602 0.0795617 0.0777976 0.194949 0.184479 0.150047 0.120918 0.216343 0.498096 0.655732 0.932959 0.786146 0.794289 1.04533 0.998565 0.770372 1.12552 0.873475 0.710631 0.789428 1.12264 0.732242 0.420424
BD_Brms
 4.86002 3.43477 1.73161 0.835404 0.434098 0.414283 1.18546 0.491646 0.388177 0.338047 0.330551 0.828312 0.783827 0.637529 0.513766 0.919212 2.11634 2.78612 3.96402 3.34023 3.37483 4.44146 4.24277 3.27321 4.78217 3.71128 3.01938 3.35418 4.76993 3.1112 1.78632
Sel_flota
 0.5 1 1 1 1
 0.5 1 1 1 1
 0.5 1 1 1 1
 0.5 1 1 1 1
 0.5 1 1 1 1
 0.5 1 1 1 1
 0.5 1 1 1 1
 0.5 1 1 1 1
 0.5 1 1 1 1
 0.5 1 1 1 1
 0.5 1 1 1 1
 0.5 1 1 1 1
 0.5 1 1 1 1
 0.5 1 1 1 1
 0.5 1 1 1 1
 0.5 1 1 1 1
 0.5 1 1 1 1
 0.5 1 1 1 1
 0.5 1 1 1 1
 0.5 1 1 1 1
 0.5 1 1 1 1
 0.5 1 1 1 1
 0.5 1 1 1 1
 0.5 1 1 1 1
 0.5 1 1 1 1
 0.5 1 1 1 1
 0.5 1 1 1 1
 0.5 1 1 1 1
 0.5 1 1 1 1
 0.5 1 1 1 1
 0.5 1 1 1 1
Sel_reclas
 0.5 1 1 1 1
 0.5 1 1 1 1
 0.5 1 1 1 1
 0.5 1 1 1 1
 0.5 1 1 1 1
 0.5 1 1 1 1
 0.5 1 1 1 1
 0.5 1 1 1 1
 0.5 1 1 1 1
 0.5 1 1 1 1
 0.5 1 1 1 1
 0.5 1 1 1 1
 0.5 1 1 1 1
 0.5 1 1 1 1
 0.5 1 1 1 1
 0.5 1 1 1 1
 0.5 1 1 1 1
 0.5 1 1 1 1
 0.5 1 1 1 1
 0.5 1 1 1 1
 0.5 1 1 1 1
 0.5 1 1 1 1
 0.5 1 1 1 1
 0.5 1 1 1 1
 0.5 1 1 1 1
 0.5 1 1 1 1
 0.5 1 1 1 1
 0.5 1 1 1 1
 0.5 1 1 1 1
 0.5 1 1 1 1
 0.5 1 1 1 1
Sel_pelaces
 0.5 1 1 1 1
 0.5 1 1 1 1
 0.5 1 1 1 1
 0.5 1 1 1 1
 0.5 1 1 1 1
 0.5 1 1 1 1
 0.5 1 1 1 1
 0.5 1 1 1 1
 0.5 1 1 1 1
 0.5 1 1 1 1
 0.5 1 1 1 1
 0.5 1 1 1 1
 0.5 1 1 1 1
 0.5 1 1 1 1
 0.5 1 1 1 1
 0.5 1 1 1 1
 0.5 1 1 1 1
 0.5 1 1 1 1
 0.5 1 1 1 1
 0.5 1 1 1 1
 0.5 1 1 1 1
 0.5 1 1 1 1
 0.5 1 1 1 1
 0.5 1 1 1 1
 0.5 1 1 1 1
 0.5 1 1 1 1
 0.5 1 1 1 1
 0.5 1 1 1 1
 0.5 1 1 1 1
 0.5 1 1 1 1
 0.5 1 1 1 1
pf_obs 
 0.8446 0.082 0.0669 0.0065 0
 0.8095 0.147 0.0364 0.0071 0
 0.9664 0.0169 0.016 0.0007 0
 0.9276 0.0648 0.0075 0.0001 0
 0.7033 0.2144 0.0806 0.0017 0
 0.9318 0.0425 0.0243 0.0014 0
 0.5671 0.3108 0.0964 0.0239 0.0018
 0.0768 0.2599 0.5324 0.112 0.0189
 0.490249 0.384438 0.106611 0.0170017 0.00170017
 0.7925 0.1577 0.0466 0.003 0.0002
 0.840416 0.127587 0.0312969 0.00059994 9.999e-05
 0.8084 0.0986 0.0794 0.0134 0.0002
 0.7335 0.1905 0.0724 0.0035 0.0001
 0.4001 0.4547 0.1325 0.0127 0
 0.49795 0.308269 0.164784 0.0264974 0.00249975
 0.9179 0.0499 0.0305 0.0017 0
 0.2467 0.6533 0.0926 0.0074 0
 0.9418 0.0223 0.034 0.0019 0
 0.707729 0.231977 0.0356964 0.0245975 0
 0.517169 0.277429 0.184464 0.0207286 0.00020938
 0.811772 0.124168 0.05621 0.00726502 0.000585176
 0.764997 0.148141 0.077277 0.00933861 0.000247198
 0.163321 0.427699 0.378323 0.0303852 0.000271297
 0.753843 0.0900009 0.118128 0.0371064 0.000921714
 0.721811 0.176058 0.0630433 0.0369309 0.00215725
 0.143369 0.312575 0.442814 0.0836902 0.0175525
 0.692698 0.0596174 0.167031 0.0765114 0.00414204
 0.394062 0.376323 0.152708 0.0712218 0.00568511
 0.125707 0.32114 0.495352 0.0537591 0.00404204
 0.23352 0.215282 0.420074 0.123614 0.00750983
 0.796117 0.104755 0.0508955 0.0450114 0.00322123
pf_pred 
 0.381841 0.3346 0.241974 0.0165049 0.0250804
 0.325048 0.383395 0.157816 0.114128 0.0196139
 0.39348 0.314219 0.166036 0.068345 0.0579194
 0.486116 0.303938 0.108767 0.0574732 0.0437062
 0.627088 0.26769 0.062234 0.0222709 0.0207174
 0.869406 0.103978 0.0191063 0.00444193 0.00306828
 0.31362 0.645951 0.0321888 0.00591479 0.00232496
 0.360079 0.365484 0.258273 0.0128702 0.00329453
 0.665286 0.183627 0.0862918 0.0609789 0.00381653
 0.777234 0.187509 0.0193419 0.00908936 0.00682508
 0.784441 0.194645 0.017604 0.00181588 0.0014941
 0.593058 0.359791 0.042576 0.00385064 0.000724015
 0.605574 0.307464 0.0768863 0.00909836 0.000977589
 0.59623 0.318162 0.0667337 0.0166878 0.00218694
 0.713074 0.230014 0.0448456 0.00940626 0.00266044
 0.852574 0.125927 0.0172344 0.00336017 0.000904128
 0.448466 0.514223 0.0318707 0.00436183 0.00107925
 0.765648 0.149345 0.0792564 0.00491219 0.000838626
 0.564772 0.382231 0.0337732 0.0179232 0.0013005
 0.444857 0.415133 0.122961 0.0108646 0.00618414
 0.663484 0.216385 0.0898333 0.0266084 0.0036893
 0.634914 0.296426 0.0441492 0.0183288 0.00618167
 0.182991 0.649881 0.135697 0.0202105 0.0112203
 0.663916 0.108336 0.18116 0.0378266 0.00876159
 0.475005 0.42406 0.0325361 0.054407 0.0139917
 0.334401 0.437173 0.184509 0.0141565 0.0297604
 0.647409 0.180788 0.112843 0.0476253 0.0113358
 0.580919 0.333727 0.0437648 0.0273168 0.0142732
 0.210523 0.588254 0.16024 0.0210138 0.0199695
 0.303123 0.248899 0.333797 0.0909259 0.0232554
 0.794822 0.0987687 0.0380056 0.0509691 0.0174349
pobs_RECLAS
 0 0 0 0 0
 0 0 0 0 0
 0 0 0 0 0
 0 0 0 0 0
 0 0 0 0 0
 0 0 0 0 0
 0 0 0 0 0
 0 0 0 0 0
 0 0 0 0 0
 0 0 0 0 0
 0.991045 0.00858322 0.000360255 1.14367e-05 0
 0.934742 0.0480273 0.0164251 0.00080598 0
 0.827803 0.169806 0.00239088 0 0
 0.941827 0.0461693 0.0120037 0 0
 0.791401 0.0380133 0.147996 0.0225897 0
 0.846168 0.0940531 0.0597789 0 0
 0.134021 0.677848 0.182769 0.00536245 0
 0.80878 0.0450904 0.141981 0.00414843 0
 0.846168 0.0940531 0.0597789 0 0
 0.905697 0.0802665 0.012482 0.00150086 5.37128e-05
 0.989698 0.0102097 9.19794e-05 0 0
 0.975433 0.0193895 0.00387452 0.00125025 5.28907e-05
 0.303575 0.632131 0.0575291 0.00676475 0
 0.966965 0.00978017 0.0227588 0.000495775 0
 0.843318 0.132988 0.00938335 0.0141283 0.000182051
 0.564624 0.303363 0.111486 0.0197234 0.00080311
 0.826376 0.0876187 0.0782897 0.00655872 0.00115652
 0.89761 0.0855135 0.0140674 0.00269457 0.000114338
 0.34875 0.467042 0.161289 0.0227151 0.000203297
 0.318654 0.224769 0.449479 0.00709798 0
 0.937255 0.0296025 0.0250945 0.00804832 0
ppred_RECLAS
 0.384183 0.333332 0.241057 0.0164423 0.0249854
 0.329188 0.381043 0.156848 0.113428 0.0194936
 0.397963 0.311897 0.164809 0.0678398 0.0574912
 0.501865 0.294623 0.105433 0.0557118 0.0423667
 0.633408 0.263153 0.0611794 0.0218935 0.0203663
 0.873262 0.100907 0.018542 0.00431075 0.00297766
 0.332371 0.628304 0.0313095 0.0057532 0.00226145
 0.362967 0.363834 0.257107 0.0128121 0.00327965
 0.678871 0.176174 0.0827896 0.058504 0.00366163
 0.787586 0.178796 0.0184431 0.008667 0.00650794
 0.785675 0.193531 0.0175032 0.00180549 0.00148555
 0.601935 0.351943 0.0416473 0.00376664 0.000708222
 0.614232 0.300715 0.0751986 0.00889865 0.000956131
 0.612443 0.305386 0.0640541 0.0160178 0.00209913
 0.719232 0.225077 0.043883 0.00920437 0.00260334
 0.856648 0.122447 0.0167582 0.00326732 0.000879145
 0.451578 0.511321 0.0316909 0.00433722 0.00107316
 0.768618 0.147452 0.0782517 0.00484992 0.000827995
 0.57056 0.377148 0.0333241 0.0176848 0.00128321
 0.449853 0.411397 0.121855 0.0107669 0.00612849
 0.666841 0.214227 0.0889372 0.026343 0.00365249
 0.639341 0.292832 0.0436139 0.0181065 0.00610672
 0.184415 0.648748 0.135461 0.0201753 0.0112008
 0.666087 0.107636 0.17999 0.0375824 0.00870501
 0.4772 0.422287 0.0324001 0.0541796 0.0139332
 0.335989 0.43613 0.184069 0.0141228 0.0296894
 0.649678 0.179624 0.112116 0.0473187 0.0112628
 0.582935 0.332121 0.0435542 0.0271854 0.0142046
 0.211564 0.587478 0.160028 0.0209861 0.0199432
 0.30531 0.248118 0.332749 0.0906405 0.0231825
 0.796858 0.0977886 0.0376285 0.0504633 0.0172619
pobs_PELACES
 0 0 0 0 0
 0 0 0 0 0
 0 0 0 0 0
 0 0 0 0 0
 0 0 0 0 0
 0 0 0 0 0
 0 0 0 0 0
 0 0 0 0 0
 0 0 0 0 0
 0 0 0 0 0
 0 0 0 0 0
 0 0 0 0 0
 0 0 0 0 0
 0 0 0 0 0
 0 0 0 0 0
 0 0 0 0 0
 0.505614 0.472636 0.0217494 0 0
 0 0 0 0 0
 0.443492 0.261883 0.143347 0.151278 0
 0.227955 0.32914 0.350689 0.0885471 0.00366901
 0.970185 0.0296113 0.000203453 0 0
 0.997202 0.00247181 0.000326279 0 0
 0.445219 0.490057 0.0546422 0.010081 0
 0.90214 0.0892962 0.00764917 0.000914606 0
 0 0 0 0 0
 0.581667 0.319106 0.0959925 0.00289975 0.000334073
 0.762889 0.0836404 0.116647 0.0363945 0.000428098
 0.88444 0.0763242 0.0277011 0.0115352 0
 0.521256 0.241999 0.230069 0.00667565 0
 0.616807 0.101726 0.260614 0.0208532 0
 0.833518 0.0704572 0.0857862 0.0102388 0
ppred_PELACES
 0.392415 0.328877 0.237835 0.0162225 0.0246514
 0.342587 0.373432 0.153715 0.111162 0.0191042
 0.412403 0.304416 0.160856 0.0662127 0.0561123
 0.540247 0.271922 0.0973094 0.0514192 0.0391023
 0.651992 0.249813 0.058078 0.0207836 0.0193339
 0.88368 0.0926131 0.0170179 0.00395643 0.00273291
 0.376242 0.587018 0.0292521 0.00537516 0.00211284
 0.372853 0.358188 0.253117 0.0126133 0.00322876
 0.710954 0.158573 0.0745182 0.052659 0.0032958
 0.81159 0.158591 0.016359 0.00768759 0.00577251
 0.790085 0.189549 0.0171431 0.00176834 0.00145498
 0.626359 0.330349 0.0390919 0.00353553 0.000664768
 0.638094 0.282114 0.0705471 0.00834821 0.000896989
 0.650191 0.275641 0.0578152 0.0144576 0.00189467
 0.736729 0.211051 0.0411483 0.00863078 0.00244111
 0.867813 0.112911 0.015453 0.00301285 0.000810674
 0.462169 0.501446 0.0310789 0.00425346 0.00105243
 0.778117 0.141399 0.0750394 0.00465083 0.000794005
 0.588186 0.361668 0.0319563 0.016959 0.00123054
 0.465676 0.399565 0.11835 0.0104572 0.00595222
 0.677826 0.207163 0.0860046 0.0254744 0.00353206
 0.653277 0.281517 0.0419287 0.0174069 0.00587075
 0.189488 0.644713 0.134618 0.0200498 0.0111311
 0.673634 0.105203 0.175921 0.0367329 0.00850824
 0.484982 0.416001 0.0319178 0.0533731 0.0137258
 0.341762 0.432338 0.182469 0.014 0.0294313
 0.657558 0.175584 0.109595 0.0462545 0.0110095
 0.5901 0.326415 0.042806 0.0267183 0.0139605
 0.215407 0.584615 0.159248 0.0208838 0.019846
 0.312988 0.245375 0.329071 0.0896386 0.0229262
 0.80366 0.0945139 0.0363684 0.0487734 0.0166838
pobs_pel_tallas
 0 0 0 0 0 0 0 0 0 0 0 0 0 0 0 0 0 0 0 0 0 0 0 0 0 0
 0 0 0 0 0 0 0 0 0 0 0 0 0 0 0 0 0 0 0 0 0 0 0 0 0 0
 0 0 0 0 0 0 0 0 0 0 0 0 0 0 0 0 0 0 0 0 0 0 0 0 0 0
 0 0 0 0 0 0 0 0 0 0 0 0 0 0 0 0 0 0 0 0 0 0 0 0 0 0
 0 0 0 0 0 0 0 0 0 0 0 0 0 0 0 0 0 0 0 0 0 0 0 0 0 0
 0 0 0 0 0 0 0 0 0 0 0 0 0 0 0 0 0 0 0 0 0 0 0 0 0 0
 0 0 0 0 0 0 0 0 0 0 0 0 0 0 0 0 0 0 0 0 0 0 0 0 0 0
 0 0 0 0 0 0 0 0 0 0 0 0 0 0 0 0 0 0 0 0 0 0 0 0 0 0
 0 0 0 0 0 0 0 0 0 0 0 0 0 0 0 0 0 0 0 0 0 0 0 0 0 0
 0 0 0 0 0 0 0 0 0 0 0 0 0 0 0 0 0 0 0 0 0 0 0 0 0 0
 0 0 0 0 0 0 0 0 0 0 0 0 0 0 0 0 0 0 0 0 0 0 0 0 0 0
 0 0 0 0 0 0 0 0 0 0 0 0 0 0 0 0 0 0 0 0 0 0 0 0 0 0
 0.00862536 0 0 0.000197151 0.00414017 0.0128641 0.00837892 0.0270097 0.101434 0.158115 0.152841 0.127902 0.109271 0.109419 0.0830992 0.0579132 0.0238553 0.00714673 0.00463305 0.00128148 0.00103504 0.000492878 0.000147863 0.000147863 4.92878e-05 0
 0 0 0 0 0 0 0 0 0 0 0 0 0 0 0 0 0 0 0 0 0 0 0 0 0 0
 0 0 0 0 0 0 0 0.0054083 0.00873648 0.0413646 0.0450493 0.0745869 0.0622846 0.0627006 0.0613931 0.0827291 0.12552 0.122667 0.0946155 0.0697135 0.0546179 0.0294188 0.0215738 0.0213955 0.0102223 0.00600262
 0 0 0 0 0.00359764 0.0251062 0.0480494 0.140153 0.205849 0.193036 0.1447 0.116669 0.0760912 0.0342217 0.00950174 0.001854 0.000860785 0 0 0 0.000165536 0 0.000143464 0 0 0
 0 0 0 0 0 0 0 0.000145254 0.000435761 0.0275982 0.070085 0.0708112 0.156366 0.174668 0.174014 0.160142 0.0824315 0.0480064 0.0283245 0.00493863 0.00203355 0 0 0 0 0
 0 0 0 0 0 0 0 0 0 0 0 0 0 0 0 0 0 0 0 0 0 0 0 0 0 0
 0 0 1.00437e-05 0.000401748 0.00122533 0.00171747 0.00176769 0.0269171 0.070346 0.194647 0.189555 0.159765 0.064822 0.0314167 0.0384472 0.0292271 0.0345202 0.0313363 0.0194345 0.0106764 0.0143323 0.0359363 0.0279516 0.0138201 0.00172751 0
 0 0.0021121 0.0136068 0.0755702 0.200478 0.177729 0.0527432 0.0373336 0.0318909 0.0142505 0.0149659 0.0166563 0.0217959 0.0798694 0.0677717 0.0528807 0.04013 0.0224614 0.0357745 0.0225083 0.00881397 0.00855152 0.00135912 0.000746735 0 0
 0 0 0 0 5.4009e-05 0.00500934 0.000945158 0.0243581 0.138947 0.33067 0.221406 0.137944 0.0707744 0.0437923 0.0131692 0.00525238 0.0047753 0.00276346 9.45158e-05 9.00151e-06 2.25038e-05 9.00151e-06 4.50075e-06 0 0 0
 0.000866109 0.00284123 0.00948549 0.0512746 0.133035 0.25785 0.225252 0.132002 0.0553304 0.0519788 0.0540692 0.017754 0.00435017 0.00159236 0.00146478 0.000404838 0.000125132 0.000115318 0.000107957 0.000100596 0 0 0 0 0 0
 0 0 0 0 0.00144013 0.00171154 0.00461396 0.0210425 0.0478622 0.0707936 0.0888783 0.103762 0.0637923 0.0337046 0.0602308 0.124433 0.169614 0.0934646 0.0462172 0.0250306 0.0313229 0.00938855 0.002487 0.000210481 0 0
 0 0.00764035 0.051015 0.0998891 0.058973 0.0496711 0.0374665 0.0718981 0.12319 0.153886 0.159021 0.0857701 0.0377988 0.023471 0.0147837 0.00900784 0.00315554 0.000888139 0.00291439 0.00214683 0.00393193 0.00274676 0.000635225 9.99891e-05 0 0
 0 0 0 0 0 0 0 0 0 0 0 0 0 0 0 0 0 0 0 0 0 0 0 0 0 0
 0 0 0 0 0 0 0 0 0 0 0 0 0 0 0 0 0 0 0 0 0 0 0 0 0 0
 0 0 0 0 0 0 0 0 0 0 0 0 0 0 0 0 0 0 0 0 0 0 0 0 0 0
 0 0 0 0 0 0 0 0 0 0 0 0 0 0 0 0 0 0 0 0 0 0 0 0 0 0
 0 0 0 0 0 0 0 0 0 0 0 0 0 0 0 0 0 0 0 0 0 0 0 0 0 0
 0 0 0 0 0 0 0 0 0 0 0 0 0 0 0 0 0 0 0 0 0 0 0 0 0 0
 0 0 0 0 0 0 0 0 0 0 0 0 0 0 0 0 0 0 0 0 0 0 0 0 0 0
ppred_pel_tallas
 1.12747e-16 3.23228e-05 0.000314189 0.0020879 0.0094913 0.0295311 0.0629204 0.0918408 0.0918728 0.0630769 0.0300575 0.0110154 0.00592823 0.00874573 0.0161861 0.027075 0.0398551 0.0519032 0.0605064 0.0643309 0.0640437 0.0615065 0.0582792 0.054725 0.0502846 0.0443897
 1.18913e-16 2.82185e-05 0.000274294 0.00182278 0.00828613 0.0257814 0.0549314 0.0801815 0.0802177 0.0551083 0.026376 0.0100061 0.0061501 0.00975419 0.0181318 0.0301968 0.0441344 0.0568757 0.0653275 0.0681432 0.0664832 0.0630368 0.0601067 0.0583011 0.0566496 0.0536951
 1.20856e-16 3.39692e-05 0.000330192 0.00219425 0.00997474 0.0310353 0.066125 0.0965176 0.0965472 0.0662695 0.0315211 0.0113808 0.0057344 0.00809429 0.0148863 0.0248406 0.0364593 0.0473068 0.0549357 0.0582912 0.0582968 0.0570387 0.05622 0.0561385 0.0558316 0.0539961
 1.14652e-16 4.44995e-05 0.000432551 0.00287445 0.0130669 0.040656 0.0866229 0.126434 0.12646 0.0867516 0.0410884 0.0143172 0.00601889 0.00731649 0.0131771 0.0218713 0.0318811 0.040914 0.0466819 0.0481979 0.0463558 0.0432315 0.0406728 0.0392932 0.0384844 0.0371546
 1.07097e-16 5.37037e-05 0.000522019 0.003469 0.0157696 0.0490652 0.10454 0.152584 0.152608 0.104657 0.0494612 0.0169138 0.00634326 0.00680394 0.0120064 0.0198232 0.0286935 0.0363917 0.0406922 0.0405922 0.0369016 0.0316531 0.0268189 0.0233429 0.0210552 0.0192392
 1.01375e-16 7.27875e-05 0.000707521 0.00470172 0.0213734 0.0665005 0.141687 0.206798 0.206807 0.14173 0.0666471 0.0217969 0.0057651 0.00302999 0.00448689 0.00731125 0.0105457 0.0133052 0.0147403 0.0144607 0.0127603 0.0104067 0.00817077 0.00646309 0.00528951 0.0044432
 1.01891e-16 3.09907e-05 0.00030124 0.00200185 0.00910016 0.0283143 0.0603287 0.0880633 0.0881198 0.0606046 0.0292407 0.0117748 0.00871126 0.0149335 0.0277779 0.0457619 0.0656565 0.082012 0.0892928 0.0849446 0.0709437 0.052523 0.0351379 0.0220056 0.0136171 0.00880197
 1.09208e-16 3.07115e-05 0.000298526 0.00198381 0.00901815 0.028059 0.059784 0.0872637 0.0872986 0.0599543 0.0286319 0.0106769 0.00616256 0.00947006 0.017593 0.02941 0.0432293 0.0561554 0.0651758 0.0687734 0.0676212 0.0637329 0.0588604 0.0535344 0.047352 0.03993
 1.0803e-16 5.85604e-05 0.000569228 0.00378272 0.0171957 0.0535023 0.113993 0.166379 0.166395 0.114068 0.0537551 0.0179272 0.00562379 0.00460491 0.0077725 0.0128884 0.0188747 0.0244099 0.0281932 0.0296539 0.0292601 0.0280987 0.0270728 0.0263713 0.0255478 0.0240024
 1.02261e-16 6.68496e-05 0.000649802 0.00431816 0.0196297 0.0610755 0.130128 0.189929 0.189945 0.130203 0.0613261 0.0203536 0.00613468 0.00461421 0.00759298 0.0124395 0.0178969 0.0224752 0.0247081 0.0239308 0.0206808 0.016339 0.0123075 0.00935554 0.00751295 0.0063865
 1.00967e-16 6.50783e-05 0.000632584 0.00420374 0.0191096 0.0594572 0.126681 0.184898 0.184916 0.12677 0.0597566 0.0199741 0.00637301 0.00536537 0.00904539 0.0148294 0.0213053 0.0266841 0.0291875 0.0279932 0.023723 0.0180295 0.0126232 0.00849543 0.00577924 0.00410326
 1.0168e-16 5.15924e-05 0.000501497 0.00333262 0.0151496 0.0471363 0.10043 0.146587 0.146619 0.100586 0.0476584 0.0166574 0.00711648 0.00875909 0.0157265 0.0258965 0.0372493 0.0467317 0.0512598 0.0493976 0.0422035 0.0325076 0.0232293 0.0160458 0.0111733 0.00799399
 1.03098e-16 5.2559e-05 0.000510892 0.00339506 0.0154335 0.0480194 0.102311 0.149332 0.149359 0.102444 0.0484665 0.0167254 0.00664017 0.00760228 0.0135416 0.0223585 0.0323294 0.0409145 0.0455447 0.0450083 0.0401316 0.0331453 0.0262838 0.0207315 0.0165331 0.0131846
 1.0351e-16 5.35555e-05 0.000520578 0.00345943 0.0157261 0.0489298 0.104251 0.152163 0.15219 0.104381 0.0493663 0.0169873 0.00662677 0.00743988 0.0132092 0.0217908 0.0314742 0.0397657 0.044152 0.043464 0.038548 0.0316419 0.0249859 0.0197644 0.0159961 0.0131136
 1.02521e-16 6.06834e-05 0.000589864 0.00391986 0.0178191 0.055442 0.118126 0.172412 0.172433 0.118225 0.0557761 0.0187844 0.00634372 0.00588408 0.0101238 0.0166628 0.0240491 0.0303495 0.0336312 0.0329959 0.0290973 0.0236662 0.0184447 0.0143683 0.0114716 0.00932363
 1.00915e-16 7.14806e-05 0.000694817 0.0046173 0.0209896 0.0653065 0.139143 0.203085 0.203096 0.139196 0.065485 0.0215052 0.00591154 0.00351994 0.0054363 0.00887247 0.01277 0.016049 0.0176596 0.0171162 0.0147799 0.0116088 0.00858228 0.00624954 0.00466162 0.00359264
 1.0163e-16 3.80684e-05 0.000370038 0.00245904 0.0111785 0.0347806 0.0741055 0.108169 0.108218 0.0743413 0.0355721 0.0134639 0.00819248 0.0128753 0.0237557 0.039128 0.0561621 0.0702032 0.0765288 0.0729552 0.0611537 0.0455623 0.030802 0.0195895 0.0123355 0.00806035
 1.02803e-16 6.40925e-05 0.000623002 0.00414007 0.0188201 0.0585565 0.124761 0.182096 0.182109 0.124828 0.0587819 0.0194722 0.00578076 0.004218 0.00693062 0.0114574 0.0167328 0.0215264 0.0246079 0.0253745 0.0241487 0.0218497 0.0193342 0.0169604 0.0146403 0.0121853
 1.02924e-16 4.84482e-05 0.000470934 0.00312952 0.0142264 0.0442637 0.0943098 0.137655 0.13769 0.09448 0.044835 0.0158762 0.00726949 0.00950413 0.0171914 0.028311 0.0407021 0.0510265 0.0559176 0.0538315 0.045975 0.0355031 0.02565 0.0182413 0.0134405 0.0104512
 1.05574e-16 3.83572e-05 0.000372846 0.00247769 0.0112633 0.0350444 0.0746671 0.108987 0.109026 0.0748558 0.0356782 0.0130951 0.00708052 0.0104358 0.0191932 0.0317824 0.0460412 0.0584377 0.0653679 0.0651249 0.0588449 0.0496033 0.0404461 0.0329365 0.027069 0.0221314
 1.05688e-16 5.58317e-05 0.000542704 0.00360646 0.0163945 0.0510093 0.108682 0.158628 0.158648 0.10878 0.0513389 0.0173476 0.00600356 0.00579097 0.0100685 0.0166758 0.0242959 0.0311403 0.0354125 0.0362727 0.034286 0.0309251 0.0275554 0.0247314 0.0222314 0.0195777
 1.04022e-16 5.38096e-05 0.000523048 0.00347584 0.0158007 0.049162 0.104746 0.152885 0.152912 0.104878 0.0496073 0.017087 0.00670506 0.00757379 0.0134485 0.0221592 0.0319438 0.0402327 0.0444457 0.043402 0.0380203 0.0306798 0.0237743 0.0185871 0.0151369 0.0127596
 1.07944e-16 1.5608e-05 0.000151715 0.0010082 0.00458319 0.0142603 0.0303854 0.0443615 0.0444237 0.0306894 0.0152812 0.00753279 0.00841536 0.0163323 0.0307767 0.0509367 0.0735632 0.0928986 0.103056 0.101288 0.0895683 0.0731466 0.0573012 0.0448614 0.0359329 0.0292298
 1.10228e-16 5.54864e-05 0.000539348 0.00358415 0.0162931 0.0506938 0.108009 0.157644 0.157655 0.10806 0.0508656 0.0167927 0.00485116 0.00334748 0.0055128 0.00935101 0.014226 0.0194851 0.0244641 0.0288118 0.0325599 0.0358052 0.038307 0.039422 0.0384667 0.035198
 1.08703e-16 3.99474e-05 0.000388303 0.00258041 0.0117302 0.0364972 0.0777627 0.113505 0.113545 0.0779585 0.0371546 0.0136285 0.00734442 0.0107853 0.0197784 0.0326184 0.0469556 0.0590124 0.0649937 0.063223 0.0551862 0.0445612 0.0350132 0.0284457 0.0247247 0.0225666
 1.11761e-16 2.81506e-05 0.000273634 0.00181839 0.00826618 0.0257194 0.0547994 0.0799901 0.0800319 0.055004 0.0264071 0.0102549 0.00681964 0.0112222 0.0209116 0.0347624 0.0506242 0.0648125 0.0735516 0.0750569 0.0704913 0.0629513 0.0553658 0.0490225 0.0436036 0.0382115
 1.0971e-16 5.41622e-05 0.000526476 0.00349862 0.0159042 0.049484 0.105432 0.153884 0.153901 0.105515 0.0497648 0.016717 0.00554612 0.00502056 0.00866136 0.0144237 0.0212232 0.0276458 0.0322818 0.0344922 0.0347304 0.0340763 0.0333816 0.032741 0.0316322 0.0294627
 1.06361e-16 4.86058e-05 0.000472466 0.0031397 0.0142727 0.0444077 0.0946164 0.138102 0.138133 0.0947702 0.0449239 0.0157638 0.00688287 0.00864485 0.0155729 0.0256788 0.0370158 0.0466211 0.0515194 0.0503714 0.0442845 0.0360599 0.028495 0.0230533 0.0196765 0.0174726
 1.10198e-16 1.77429e-05 0.000172468 0.00114611 0.00521009 0.0162108 0.0345409 0.0504254 0.0504818 0.0348169 0.0171378 0.00788915 0.00787681 0.0148851 0.0280168 0.0464383 0.0672423 0.0852857 0.0953064 0.0948432 0.085628 0.0722515 0.0592476 0.0489194 0.0411817 0.0348279
 1.22429e-16 2.57805e-05 0.000250596 0.0016653 0.00757022 0.0235539 0.0501849 0.0732514 0.0732755 0.0503031 0.0239521 0.00872669 0.00459205 0.00671898 0.0125438 0.0213094 0.0321333 0.0434382 0.0535742 0.0617317 0.0681904 0.07359 0.0778956 0.0800503 0.0786238 0.0728487
 1.08789e-16 6.61965e-05 0.000643453 0.00427597 0.019438 0.0604788 0.128857 0.188072 0.188081 0.128902 0.0606294 0.0198738 0.00537286 0.00304806 0.00466365 0.00768872 0.0112744 0.0146319 0.0170295 0.0181965 0.0184958 0.0186442 0.0191879 0.0201454 0.0210457 0.0212583
pSPR Fmed_Fpbrs
0.582971   0.285357 0.285357
Fs Fmed_Fpbrs
0.361701   1.005 1.005
SSBpbr Bo_Bmed_Bpbrs
1.78391e+06  950769  419854 419854
Ro
151512
SPR SPRFo_SPRFmed_SPRFpbrs
1.08143e+06 630445 308595
Fref
1.005
Nvult_r0
 238348 16501 6349.47 8515.23 2912.79
CTP_r0
 27228.8 3383.59 1301.99 1746.08 597.28
YTP_r0
391637
Np
 236104 52550.5 15338.7 882.388 385.26
Nvult_p0
 183554 45474 13273.2 763.566 333.381
CTP_p0
 61388.2 49406.9 2842.23 1093.67 1883.61
 61388.2 22793.7 6653.15 382.735 167.106
YTP_p0
 1.39559e+06 987757
CBA_c0
1.27324e+06
log_Ro
11.7484
likeval ReclasPelacesDesembMPH_pf_preclas_ppelaces_ptallas_desvR_qrecl_qpela
 22.9543 27.6584 0.0385573 0.00264902 249.156 134.603 105.498 0 33.0602 0 0 0.0589827 0 0 0
q_reclas_q_pelaces
1 1
M
1
N
 184941 84556.4 61148.9 4170.92 6338.04
 96626.6 61253 25213.4 18233.6 3133.6
 69052.1 29630.7 15657.1 6444.9 5461.77
 57164.3 21184.9 7581.19 4005.97 3046.39
 56178.2 13192.4 3067.05 1097.57 1021.01
 241414 16171.5 2971.56 690.846 477.204
 52259 66066.9 3292.23 604.956 237.794
 20103.7 10746.2 7593.88 378.416 96.8675
 39834.8 6501.83 3055.41 2159.13 135.135
 65009.8 9261.29 955.318 448.933 337.098
 118445 15183.1 1373.18 141.646 116.546
 117697 40225 4760.04 430.505 80.9456
 110894 31680.7 7922.28 937.485 100.73
 93946.3 29951.7 6282.31 1570.99 205.879
 118146 21135.3 4120.72 864.312 244.46
 403479 33251.8 4550.84 887.272 238.74
 184823 111628 6918.56 946.875 234.285
 573734 59742.6 31705 1965.03 335.476
 485633 179097 15824.7 8398.05 609.36
 284907 143488 42500.7 3755.28 2137.5
 498736 86398.6 35868.8 10624.2 1473.07
 628015 157742 23493.8 9753.55 3289.54
 103806 192059 40102.6 5972.81 3315.94
 405648 34515 57716 12051.3 2791.37
 290098 134566 10324.6 17264.9 4439.95
 143882 97101.2 40981.7 3144.33 6610.13
 335940 48955.1 30556.4 12896.4 3069.6
 373315 111215 14584.7 9103.37 4756.58
 87360.9 125574 34206.1 4485.78 4262.86
 69880 29984.7 40212.3 10953.8 2801.57
 352254 23053.7 8870.91 11896.7 4069.49
pred_Ctot
 11755.4 10301 7449.4 508.119 772.126
 10317.8 12169.9 5009.46 3622.7 622.593
 7355.7 5874 3103.88 1277.64 1082.74
 13983.3 8742.88 3128.7 1653.24 1257.22
 7879.96 3363.77 782.03 279.855 260.334
 40032 4787.7 879.753 204.53 141.28
 15266.5 31443.8 1566.9 287.922 113.175
 1552.21 1575.51 1113.35 55.4801 14.2019
 9616.91 2654.38 1247.37 881.468 55.1691
 15566.4 3755.42 387.379 182.041 136.692
 5791.63 1437.09 129.973 13.4069 11.0311
 20475.3 12421.8 1469.94 132.943 24.9966
 19106.3 9700.72 2425.82 287.06 30.8437
 24002.9 12808.5 2686.55 671.815 88.0413
 17933.3 5784.68 1127.83 236.56 66.9081
 64720.8 9559.41 1308.3 255.078 68.6344
 14326.2 16426.7 1018.1 139.338 34.4763
 55670.7 10859 5762.78 357.169 60.977
 61515.3 41632.9 3678.6 1952.21 141.652
 32140.7 29993.2 8883.91 784.966 446.802
 44765.5 14599.6 6061.08 1795.28 248.918
 67985.8 31740.9 4727.44 1962.62 661.925
 6364.16 22601.9 4719.35 702.893 390.226
 25409.9 4146.31 6933.47 1447.73 335.33
 16658 14871.4 1141.01 1908 490.675
 6875.84 8988.99 3793.81 291.081 611.922
 21439.5 5986.94 3736.88 1577.15 375.394
 20357.9 11695.2 1533.71 957.298 500.195
 3721.46 10398.7 2832.6 371.466 353.007
 4600.71 3777.72 5066.28 1380.05 352.965
 27228.8 3383.59 1301.99 1746.08 597.28
F
 0.105022 0.210045 0.210045 0.210045 0.210045
 0.182043 0.364085 0.364085 0.364085 0.364085
 0.181571 0.363142 0.363142 0.363142 0.363142
 0.466287 0.932574 0.932574 0.932574 0.932574
 0.245277 0.490555 0.490555 0.490555 0.490555
 0.295844 0.591687 0.591687 0.591687 0.591687
 0.581663 1.16333 1.16333 1.16333 1.16333
 0.128818 0.257637 0.257637 0.257637 0.257637
 0.458897 0.917794 0.917794 0.917794 0.917794
 0.454357 0.908713 0.908713 0.908713 0.908713
 0.0799631 0.159926 0.159926 0.159926 0.159926
 0.312405 0.62481 0.62481 0.62481 0.62481
 0.308985 0.617971 0.617971 0.617971 0.617971
 0.49178 0.98356 0.98356 0.98356 0.98356
 0.267816 0.535631 0.535631 0.535631 0.535631
 0.28495 0.569901 0.569901 0.569901 0.569901
 0.129351 0.258702 0.258702 0.258702 0.258702
 0.164237 0.328474 0.328474 0.328474 0.328474
 0.219204 0.438408 0.438408 0.438408 0.438408
 0.193191 0.386382 0.386382 0.386382 0.386382
 0.151118 0.302236 0.302236 0.302236 0.302236
 0.184759 0.369518 0.369518 0.369518 0.369518
 0.101135 0.20227 0.20227 0.20227 0.20227
 0.10343 0.20686 0.20686 0.20686 0.20686
 0.0944657 0.188931 0.188931 0.188931 0.188931
 0.0780893 0.156179 0.156179 0.156179 0.156179
 0.105465 0.21093 0.21093 0.21093 0.21093
 0.0895311 0.179062 0.179062 0.179062 0.179062
 0.0693594 0.138719 0.138719 0.138719 0.138719
 0.108955 0.217911 0.217911 0.217911 0.217911
 0.128974 0.257947 0.257947 0.257947 0.257947
YTP_r0W_actual
 225999 47708.6 35934.8 59716.1 22278.5
YTP_p0W_proyectada
 459798 774206 65740.7 32121.2 63722.5
 459798 357177 153887 11240.9 5653.2
CTP_r0_actual
 27228.8 3383.59 1301.99 1746.08 597.28
CTP_p0_proyectada
 61388.2 49406.9 2842.23 1093.67 1883.61
 61388.2 22793.7 6653.15 382.735 167.106
Wmedp
 7.49 15.67 23.13 29.37 33.83
Frms_r0
 0.128974 0.257947 0.257947 0.257947 0.257947
Zrms_r0
 1.12897 1.25795 1.25795 1.25795 1.25795
nmprior
 8.19 8.8 8.5 0
nm_flota  nm_reclas  nm_pelaces    nm_pelaL
inf 7.06118 8.84844 17.0187
cv_recla  cv_pelaces  cv_mph
0.433368 0.596329 1.58836
 ------------------------------------------------
Talla a la edad & desviaci?n 
 8 13.2811 15.8009 17.003 17.5766
 0.8 1.32811 1.58009 1.7003 1.75766
