years
 1991 1992 1993 1994 1995 1996 1997 1998 1999 2000 2001 2002 2003 2004 2005 2006 2007 2008 2009 2010 2011 2012 2013 2014 2015 2016 2017 2018 2019 2020 2021
reclasobs
 0 0 0 0 0 0 0 0 0 252601 567819 844713 477998 351125 339783 2.1784e+06 2.13404e+06 4.81314e+06 1.55562e+06 2.62356e+06 3.21686e+06 3.843e+06 1.13348e+06 3.07943e+06 1.97215e+06 2.03268e+06 2.025e+06 2.42433e+06 2.27542e+06 1.05018e+06 2.36338e+06
reclaspred
 3.21461e+06 1.98173e+06 1.00524e+06 885066 979576 1.31246e+06 940900 814922 610387 471358 448327 603325 617464 504378 601046 1.11382e+06 1.58622e+06 2.41927e+06 2.32693e+06 1.8121e+06 3.06529e+06 2.4146e+06 2.25351e+06 2.85488e+06 2.52448e+06 2.29218e+06 2.35975e+06 2.32345e+06 2.52586e+06 1.64078e+06 2.24094e+06
pelacesobs
 0 0 0 0 0 0 0 0 0 0 0 0 0 0 0 552880 188675 0 991730 2.46772e+06 1.41603e+06 1.21717e+06 2.29649e+06 1.80582e+06 0 1.4828e+06 1.56532e+06 1.57751e+06 1.42118e+06 867257 1.10002e+06
pelacespred
 1.42432e+06 992694 525669 376090 437262 581455 406557 414811 313432 222847 231201 247834 275603 240448 306358 474556 662919 1.09229e+06 1.13952e+06 853832 1.26989e+06 1.18904e+06 1.06145e+06 1.4447e+06 1.30717e+06 1.13642e+06 1.31091e+06 1.32348e+06 1.16554e+06 856180 1.1573e+06
mphobs
 0 0 0 0 0 0 0 0 0 0 0 498337 0 5186 125008 0 168611 109162 213762 579715 649985 157893 87575 83554 0 0 0 0 0 0 0
mphpred
 2.83907e+06 2.15621e+06 1.11038e+06 653173 733052 849396 1.02382e+06 601855 582386 432483 293912 445713 462823 414809 325595 545772 1.19562e+06 1.31334e+06 1.98806e+06 1.63639e+06 1.76796e+06 2.17446e+06 1.94241e+06 1.68954e+06 2.4098e+06 1.91271e+06 1.6444e+06 1.77894e+06 2.29177e+06 1.60792e+06 1.12891e+06
desembarqueobs
 494567 514787 250237 358949 120608 361735 552515 73892 212993 205616 52469 317467 293654 387597 252695 516296 358380 742168 942051 627588 828172 859565 418607 520667 417249 300574 415391 372974 316634 284311 391294
desembarquepred
 494760 513139 251179 359013 120582 361688 552651 73937.5 212954 205695 52501.6 317476 293534 387253 252686 516271 358411 741934 941741 627645 828473 859934 418741 520929 417489 300753 415418 372971 316647 284421 391127
Reclutas
 216925 96608.2 127177 201728 174206 250895 89381.1 63481 53888.2 65188 125773 150246 140115 104092 143689 485570 161965 678728 506001 349261 527384 629178 172121 461856 344345 190077 397894 395257 132958 119310 507440
log_desv_Rt
 0.0626191 -0.746272 -0.471353 -0.0100133 -0.156696 0.2081 -0.824025 -1.16619 -1.33002 -1.13966 -0.482458 -0.304661 -0.374474 -0.671661 -0.349282 0.86839 -0.229556 1.20329 0.909605 0.538885 0.950994 1.12748 -0.168735 0.81832 0.52471 -0.0695056 0.669252 0.662602 -0.426901 -0.535212 0.912443
SSB
 2.83907e+06 2.15621e+06 1.11038e+06 653173 733052 849396 1.02382e+06 601855 582386 432483 293912 445713 462823 414809 325595 545772 1.19562e+06 1.31334e+06 1.98806e+06 1.63639e+06 1.76796e+06 2.17446e+06 1.94241e+06 1.68954e+06 2.4098e+06 1.91271e+06 1.6444e+06 1.77894e+06 2.29177e+06 1.60792e+06 1.12891e+06
BT
 3.93099e+06 2.91089e+06 1.55644e+06 1.4396e+06 1.31202e+06 2.14294e+06 1.5413e+06 1.3065e+06 1.10802e+06 834799 791324 1.03102e+06 1.1292e+06 1.19978e+06 1.3696e+06 2.14302e+06 2.1158e+06 4.39677e+06 4.35014e+06 2.96541e+06 4.74509e+06 4.26423e+06 3.22227e+06 5.36371e+06 3.8639e+06 3.43027e+06 4.72744e+06 4.58973e+06 3.14003e+06 2.52174e+06 4.50652e+06
Ftot
 0.145907 0.243164 0.234965 0.377607 0.117065 0.259309 0.535377 0.0864979 0.325971 0.404461 0.111542 0.484993 0.440095 0.694596 0.392943 0.432023 0.213134 0.288326 0.376674 0.323725 0.254375 0.332747 0.175763 0.17302 0.156721 0.12468 0.166956 0.152409 0.119103 0.16412 0.165735
BD_Bspro_t
 0.976925 0.84569 0.694423 0.619345 0.633479 0.710151 0.68 0.515403 0.598871 0.569264 0.540253 0.712586 0.59802 0.522686 0.448602 0.564792 0.654004 0.662024 0.696134 0.623175 0.597474 0.641436 0.648382 0.656386 0.75312 0.754194 0.766637 0.794675 0.82276 0.770233 0.731857
BD_Bspro
 1.94931 1.48046 0.762385 0.448469 0.503314 0.583196 0.702953 0.413234 0.399867 0.296943 0.2018 0.306027 0.317775 0.284808 0.223554 0.374728 0.820914 0.901741 1.365 1.12354 1.21388 1.49299 1.33366 1.16004 1.65457 1.31327 1.12905 1.22142 1.57353 1.104 0.775114
BD_Bo
 1.40935 1.07037 0.551204 0.324243 0.363896 0.421651 0.508235 0.298768 0.289104 0.21469 0.145901 0.221258 0.229751 0.205916 0.161629 0.270928 0.593521 0.651959 0.986898 0.812322 0.877637 1.07943 0.964237 0.838706 1.19625 0.949492 0.816301 0.883088 1.13766 0.798193 0.560407
BD_Brms
 5.98266 4.54371 2.33985 1.3764 1.54473 1.7899 2.15745 1.26827 1.22724 0.911354 0.619348 0.939233 0.975289 0.87411 0.686112 1.15008 2.51948 2.76755 4.18936 3.44829 3.72555 4.58216 4.09316 3.56029 5.07807 4.03057 3.46518 3.74869 4.82935 3.38831 2.37892
Sel_flota
 0.5 1 1 1 1
 0.5 1 1 1 1
 0.5 1 1 1 1
 0.5 1 1 1 1
 0.5 1 1 1 1
 0.5 1 1 1 1
 0.5 1 1 1 1
 0.5 1 1 1 1
 0.5 1 1 1 1
 0.5 1 1 1 1
 0.5 1 1 1 1
 0.5 1 1 1 1
 0.5 1 1 1 1
 0.5 1 1 1 1
 0.5 1 1 1 1
 0.5 1 1 1 1
 0.5 1 1 1 1
 0.5 1 1 1 1
 0.5 1 1 1 1
 0.5 1 1 1 1
 0.5 1 1 1 1
 0.5 1 1 1 1
 0.5 1 1 1 1
 0.5 1 1 1 1
 0.5 1 1 1 1
 0.5 1 1 1 1
 0.5 1 1 1 1
 0.5 1 1 1 1
 0.5 1 1 1 1
 0.5 1 1 1 1
 0.5 1 1 1 1
Sel_reclas
 0.5 1 1 1 1
 0.5 1 1 1 1
 0.5 1 1 1 1
 0.5 1 1 1 1
 0.5 1 1 1 1
 0.5 1 1 1 1
 0.5 1 1 1 1
 0.5 1 1 1 1
 0.5 1 1 1 1
 0.5 1 1 1 1
 0.5 1 1 1 1
 0.5 1 1 1 1
 0.5 1 1 1 1
 0.5 1 1 1 1
 0.5 1 1 1 1
 0.5 1 1 1 1
 0.5 1 1 1 1
 0.5 1 1 1 1
 0.5 1 1 1 1
 0.5 1 1 1 1
 0.5 1 1 1 1
 0.5 1 1 1 1
 0.5 1 1 1 1
 0.5 1 1 1 1
 0.5 1 1 1 1
 0.5 1 1 1 1
 0.5 1 1 1 1
 0.5 1 1 1 1
 0.5 1 1 1 1
 0.5 1 1 1 1
 0.5 1 1 1 1
Sel_pelaces
 0.5 1 1 1 1
 0.5 1 1 1 1
 0.5 1 1 1 1
 0.5 1 1 1 1
 0.5 1 1 1 1
 0.5 1 1 1 1
 0.5 1 1 1 1
 0.5 1 1 1 1
 0.5 1 1 1 1
 0.5 1 1 1 1
 0.5 1 1 1 1
 0.5 1 1 1 1
 0.5 1 1 1 1
 0.5 1 1 1 1
 0.5 1 1 1 1
 0.5 1 1 1 1
 0.5 1 1 1 1
 0.5 1 1 1 1
 0.5 1 1 1 1
 0.5 1 1 1 1
 0.5 1 1 1 1
 0.5 1 1 1 1
 0.5 1 1 1 1
 0.5 1 1 1 1
 0.5 1 1 1 1
 0.5 1 1 1 1
 0.5 1 1 1 1
 0.5 1 1 1 1
 0.5 1 1 1 1
 0.5 1 1 1 1
 0.5 1 1 1 1
pf_obs 
 0.8446 0.082 0.0669 0.0065 0
 0.8095 0.147 0.0364 0.0071 0
 0.9664 0.0169 0.016 0.0007 0
 0.9276 0.0648 0.0075 0.0001 0
 0.7033 0.2144 0.0806 0.0017 0
 0.9318 0.0425 0.0243 0.0014 0
 0.5671 0.3108 0.0964 0.0239 0.0018
 0.0768 0.2599 0.5324 0.112 0.0189
 0.490249 0.384438 0.106611 0.0170017 0.00170017
 0.7925 0.1577 0.0466 0.003 0.0002
 0.840416 0.127587 0.0312969 0.00059994 9.999e-05
 0.8084 0.0986 0.0794 0.0134 0.0002
 0.7335 0.1905 0.0724 0.0035 0.0001
 0.4001 0.4547 0.1325 0.0127 0
 0.49795 0.308269 0.164784 0.0264974 0.00249975
 0.9179 0.0499 0.0305 0.0017 0
 0.2467 0.6533 0.0926 0.0074 0
 0.9418 0.0223 0.034 0.0019 0
 0.707729 0.231977 0.0356964 0.0245975 0
 0.517169 0.277429 0.184464 0.0207286 0.00020938
 0.811772 0.124168 0.05621 0.00726502 0.000585176
 0.764997 0.148141 0.077277 0.00933861 0.000247198
 0.163321 0.427699 0.378323 0.0303852 0.000271297
 0.753843 0.0900009 0.118128 0.0371064 0.000921714
 0.721811 0.176058 0.0630433 0.0369309 0.00215725
 0.143369 0.312575 0.442814 0.0836902 0.0175525
 0.692698 0.0596174 0.167031 0.0765114 0.00414204
 0.394062 0.376323 0.152708 0.0712218 0.00568511
 0.125707 0.32114 0.495352 0.0537591 0.00404204
 0.23352 0.215282 0.420074 0.123614 0.00750983
 0.774587 0.0839891 0.0768558 0.0609784 0.00358967
pf_pred 
 0.313263 0.437976 0.238141 0.000143263 0.0104772
 0.250156 0.365799 0.24493 0.133176 0.00593929
 0.469512 0.221596 0.150688 0.100897 0.0573073
 0.631181 0.241572 0.0531536 0.0361451 0.037948
 0.535289 0.368622 0.0629377 0.0138483 0.0193037
 0.606396 0.277309 0.0922479 0.0157502 0.00829632
 0.319799 0.523086 0.110693 0.0368225 0.00959864
 0.403009 0.313792 0.217786 0.0460869 0.0193273
 0.427451 0.332472 0.12619 0.0875815 0.026306
 0.565975 0.270047 0.09522 0.0361408 0.0326174
 0.71036 0.216273 0.0456481 0.0160958 0.0116227
 0.611799 0.324235 0.0477637 0.0100813 0.0061216
 0.580299 0.329534 0.0753101 0.0110941 0.00376345
 0.521511 0.363493 0.0902903 0.0206345 0.00407087
 0.67691 0.235898 0.066237 0.016453 0.0045019
 0.833917 0.137043 0.021203 0.00595354 0.00188348
 0.350781 0.597071 0.0430293 0.00665742 0.0024607
 0.782263 0.116526 0.0930817 0.00670815 0.00142149
 0.527912 0.418644 0.0286012 0.0228469 0.00199542
 0.463382 0.38356 0.135731 0.00927299 0.00805429
 0.624774 0.245993 0.092372 0.0326879 0.0041729
 0.606176 0.308076 0.0562152 0.0211092 0.00842356
 0.260219 0.571741 0.131452 0.0239863 0.0126012
 0.63713 0.154455 0.161074 0.0370333 0.0103076
 0.47311 0.414695 0.0477557 0.0498021 0.0146372
 0.35212 0.423001 0.176994 0.0203823 0.027503
 0.624138 0.199208 0.115338 0.04826 0.0130566
 0.540624 0.35705 0.0542335 0.0314002 0.0166932
 0.264477 0.523076 0.165124 0.0250812 0.0222416
 0.363627 0.271654 0.259375 0.081879 0.0234657
 0.779737 0.120128 0.0427453 0.0408133 0.0165762
pobs_RECLAS
 0 0 0 0 0
 0 0 0 0 0
 0 0 0 0 0
 0 0 0 0 0
 0 0 0 0 0
 0 0 0 0 0
 0 0 0 0 0
 0 0 0 0 0
 0 0 0 0 0
 0 0 0 0 0
 0.991045 0.00858322 0.000360255 1.14367e-05 0
 0.934742 0.0480273 0.0164251 0.00080598 0
 0.827803 0.169806 0.00239088 0 0
 0.941827 0.0461693 0.0120037 0 0
 0.791401 0.0380133 0.147996 0.0225897 0
 0.846168 0.0940531 0.0597789 0 0
 0.134021 0.677848 0.182769 0.00536245 0
 0.80878 0.0450904 0.141981 0.00414843 0
 0.846168 0.0940531 0.0597789 0 0
 0.905697 0.0802665 0.012482 0.00150086 5.37128e-05
 0.989698 0.0102097 9.19794e-05 0 0
 0.975433 0.0193895 0.00387452 0.00125025 5.28907e-05
 0.303575 0.632131 0.0575291 0.00676475 0
 0.966965 0.00978017 0.0227588 0.000495775 0
 0.843318 0.132988 0.00938335 0.0141283 0.000182051
 0.564624 0.303363 0.111486 0.0197234 0.00080311
 0.826376 0.0876187 0.0782897 0.00655872 0.00115652
 0.89761 0.0855135 0.0140674 0.00269457 0.000114338
 0.34875 0.467042 0.161289 0.0227151 0.000203297
 0.318654 0.224769 0.449479 0.00709798 0
 0.937255 0.0296025 0.0250945 0.00804832 0
ppred_RECLAS
 0.314687 0.437068 0.237647 0.000142966 0.0104555
 0.252358 0.364725 0.24421 0.132785 0.00592184
 0.472317 0.220424 0.149891 0.100363 0.0570043
 0.635744 0.238583 0.052496 0.0356979 0.0374784
 0.536583 0.367595 0.0627624 0.0138097 0.01925
 0.609402 0.275192 0.0915436 0.01563 0.00823298
 0.326421 0.517994 0.109616 0.036464 0.00950519
 0.403915 0.313315 0.217455 0.0460169 0.019298
 0.431489 0.330127 0.1253 0.0869638 0.0261205
 0.571215 0.266786 0.0940703 0.0357044 0.0322236
 0.711376 0.215515 0.0454881 0.0160393 0.011582
 0.618129 0.318948 0.0469848 0.00991693 0.00602178
 0.586058 0.325011 0.0742765 0.0109418 0.00371181
 0.532078 0.355466 0.0882963 0.0201788 0.00398097
 0.681405 0.232616 0.0653156 0.0162242 0.00443928
 0.8371 0.134416 0.0207967 0.00583943 0.00184738
 0.353079 0.594958 0.042877 0.00663386 0.00245199
 0.784683 0.115231 0.0920473 0.00663361 0.00140569
 0.532793 0.414316 0.0283056 0.0226107 0.00197479
 0.467449 0.380653 0.134703 0.00920271 0.00799325
 0.627661 0.244101 0.0916614 0.0324365 0.0041408
 0.6102 0.304928 0.0556408 0.0208935 0.00833748
 0.261785 0.570531 0.131174 0.0239355 0.0125746
 0.638972 0.153671 0.160256 0.0368453 0.0102553
 0.474892 0.413292 0.0475941 0.0496336 0.0145877
 0.353392 0.422171 0.176646 0.0203423 0.027449
 0.625935 0.198256 0.114786 0.0480293 0.0129942
 0.542345 0.355711 0.0540303 0.0312825 0.0166306
 0.26551 0.522342 0.164892 0.025046 0.0222104
 0.365369 0.27091 0.258665 0.0816548 0.0234015
 0.78104 0.119417 0.0424924 0.0405718 0.0164782
pobs_PELACES
 0 0 0 0 0
 0 0 0 0 0
 0 0 0 0 0
 0 0 0 0 0
 0 0 0 0 0
 0 0 0 0 0
 0 0 0 0 0
 0 0 0 0 0
 0 0 0 0 0
 0 0 0 0 0
 0 0 0 0 0
 0 0 0 0 0
 0 0 0 0 0
 0 0 0 0 0
 0 0 0 0 0
 0 0 0 0 0
 0.505614 0.472636 0.0217494 0 0
 0 0 0 0 0
 0.443492 0.261883 0.143347 0.151278 0
 0.227955 0.32914 0.350689 0.0885471 0.00366901
 0.970185 0.0296113 0.000203453 0 0
 0.997202 0.00247181 0.000326279 0 0
 0.445219 0.490057 0.0546422 0.010081 0
 0.90214 0.0892962 0.00764917 0.000914606 0
 0 0 0 0 0
 0.581667 0.319106 0.0959925 0.00289975 0.000334073
 0.762889 0.0836404 0.116647 0.0363945 0.000428098
 0.88444 0.0763242 0.0277011 0.0115352 0
 0.521256 0.241999 0.230069 0.00667565 0
 0.616807 0.101726 0.260614 0.0208532 0
 0.833518 0.0704572 0.0857862 0.0102388 0
ppred_PELACES
 0.319902 0.433742 0.235839 0.000141878 0.0103759
 0.260003 0.360995 0.241713 0.131427 0.00586129
 0.481988 0.216384 0.147144 0.0985238 0.0559595
 0.650047 0.229215 0.0504347 0.0342962 0.0360068
 0.541383 0.363788 0.0621124 0.0136667 0.0190506
 0.619537 0.268051 0.0891682 0.0152244 0.00801935
 0.346134 0.502835 0.106408 0.0353969 0.00922702
 0.407356 0.311506 0.2162 0.0457512 0.0191866
 0.444729 0.322439 0.122382 0.0849386 0.0255122
 0.587478 0.256668 0.0905026 0.0343503 0.0310015
 0.71514 0.212704 0.0448948 0.0158302 0.0114309
 0.636831 0.303327 0.0446837 0.00943124 0.00572685
 0.603558 0.311272 0.0711365 0.0104793 0.00355489
 0.560477 0.333892 0.0829375 0.0189541 0.00373936
 0.695312 0.222462 0.0624646 0.015516 0.0042455
 0.846589 0.126587 0.0195853 0.0054993 0.00173977
 0.361153 0.587533 0.0423419 0.00655107 0.00242139
 0.792612 0.110987 0.0886577 0.00638933 0.00135393
 0.548227 0.400629 0.0273705 0.0218638 0.00190955
 0.480766 0.371134 0.131334 0.00897259 0.00779337
 0.637416 0.237705 0.0892599 0.0315866 0.00403231
 0.623178 0.294776 0.0537884 0.0201979 0.00805991
 0.267428 0.56617 0.130171 0.0237525 0.0124784
 0.645531 0.150879 0.157345 0.0361759 0.010069
 0.481345 0.408214 0.0470093 0.0490237 0.0144085
 0.358107 0.419092 0.175358 0.020194 0.0272488
 0.632362 0.194849 0.112814 0.047204 0.0127709
 0.54858 0.350865 0.0532942 0.0308563 0.0164041
 0.26936 0.519604 0.164028 0.0249147 0.022094
 0.371671 0.26822 0.256096 0.080844 0.0231691
 0.785681 0.116886 0.0415918 0.0397119 0.0161289
pobs_pel_tallas
 0 0 0 0 0 0 0 0 0 0 0 0 0 0 0 0 0 0 0 0 0 0 0 0 0 0
 0 0 0 0 0 0 0 0 0 0 0 0 0 0 0 0 0 0 0 0 0 0 0 0 0 0
 0 0 0 0 0 0 0 0 0 0 0 0 0 0 0 0 0 0 0 0 0 0 0 0 0 0
 0 0 0 0 0 0 0 0 0 0 0 0 0 0 0 0 0 0 0 0 0 0 0 0 0 0
 0 0 0 0 0 0 0 0 0 0 0 0 0 0 0 0 0 0 0 0 0 0 0 0 0 0
 0 0 0 0 0 0 0 0 0 0 0 0 0 0 0 0 0 0 0 0 0 0 0 0 0 0
 0 0 0 0 0 0 0 0 0 0 0 0 0 0 0 0 0 0 0 0 0 0 0 0 0 0
 0 0 0 0 0 0 0 0 0 0 0 0 0 0 0 0 0 0 0 0 0 0 0 0 0 0
 0 0 0 0 0 0 0 0 0 0 0 0 0 0 0 0 0 0 0 0 0 0 0 0 0 0
 0 0 0 0 0 0 0 0 0 0 0 0 0 0 0 0 0 0 0 0 0 0 0 0 0 0
 0 0 0 0 0 0 0 0 0 0 0 0 0 0 0 0 0 0 0 0 0 0 0 0 0 0
 0 0 0 0 0 0 0 0 0 0 0 0 0 0 0 0 0 0 0 0 0 0 0 0 0 0
 0.00862536 0 0 0.000197151 0.00414017 0.0128641 0.00837892 0.0270097 0.101434 0.158115 0.152841 0.127902 0.109271 0.109419 0.0830992 0.0579132 0.0238553 0.00714673 0.00463305 0.00128148 0.00103504 0.000492878 0.000147863 0.000147863 4.92878e-05 0
 0 0 0 0 0 0 0 0 0 0 0 0 0 0 0 0 0 0 0 0 0 0 0 0 0 0
 0 0 0 0 0 0 0 0.0054083 0.00873648 0.0413646 0.0450493 0.0745869 0.0622846 0.0627006 0.0613931 0.0827291 0.12552 0.122667 0.0946155 0.0697135 0.0546179 0.0294188 0.0215738 0.0213955 0.0102223 0.00600262
 0 0 0 0 0.00359764 0.0251062 0.0480494 0.140153 0.205849 0.193036 0.1447 0.116669 0.0760912 0.0342217 0.00950174 0.001854 0.000860785 0 0 0 0.000165536 0 0.000143464 0 0 0
 0 0 0 0 0 0 0 0.000145254 0.000435761 0.0275982 0.070085 0.0708112 0.156366 0.174668 0.174014 0.160142 0.0824315 0.0480064 0.0283245 0.00493863 0.00203355 0 0 0 0 0
 0 0 0 0 0 0 0 0 0 0 0 0 0 0 0 0 0 0 0 0 0 0 0 0 0 0
 0 0 1.00437e-05 0.000401748 0.00122533 0.00171747 0.00176769 0.0269171 0.070346 0.194647 0.189555 0.159765 0.064822 0.0314167 0.0384472 0.0292271 0.0345202 0.0313363 0.0194345 0.0106764 0.0143323 0.0359363 0.0279516 0.0138201 0.00172751 0
 0 0.0021121 0.0136068 0.0755702 0.200478 0.177729 0.0527432 0.0373336 0.0318909 0.0142505 0.0149659 0.0166563 0.0217959 0.0798694 0.0677717 0.0528807 0.04013 0.0224614 0.0357745 0.0225083 0.00881397 0.00855152 0.00135912 0.000746735 0 0
 0 0 0 0 5.4009e-05 0.00500934 0.000945158 0.0243581 0.138947 0.33067 0.221406 0.137944 0.0707744 0.0437923 0.0131692 0.00525238 0.0047753 0.00276346 9.45158e-05 9.00151e-06 2.25038e-05 9.00151e-06 4.50075e-06 0 0 0
 0.000866109 0.00284123 0.00948549 0.0512746 0.133035 0.25785 0.225252 0.132002 0.0553304 0.0519788 0.0540692 0.017754 0.00435017 0.00159236 0.00146478 0.000404838 0.000125132 0.000115318 0.000107957 0.000100596 0 0 0 0 0 0
 0 0 0 0 0.00144013 0.00171154 0.00461396 0.0210425 0.0478622 0.0707936 0.0888783 0.103762 0.0637923 0.0337046 0.0602308 0.124433 0.169614 0.0934646 0.0462172 0.0250306 0.0313229 0.00938855 0.002487 0.000210481 0 0
 0 0.00764035 0.051015 0.0998891 0.058973 0.0496711 0.0374665 0.0718981 0.12319 0.153886 0.159021 0.0857701 0.0377988 0.023471 0.0147837 0.00900784 0.00315554 0.000888139 0.00291439 0.00214683 0.00393193 0.00274676 0.000635225 9.99891e-05 0 0
 0 0 0 0 0 0 0 0 0 0 0 0 0 0 0 0 0 0 0 0 0 0 0 0 0 0
 0 0 0 0 0 0 0 0 0 0 0 0 0 0 0 0 0 0 0 0 0 0 0 0 0 0
 0 0 0 0 0 0 0 0 0 0 0 0 0 0 0 0 0 0 0 0 0 0 0 0 0 0
 0 0 0 0 0 0 0 0 0 0 0 0 0 0 0 0 0 0 0 0 0 0 0 0 0 0
 0 0 0 0 0 0 0 0 0 0 0 0 0 0 0 0 0 0 0 0 0 0 0 0 0 0
 0 0 0 0 0 0 0 0 0 0 0 0 0 0 0 0 0 0 0 0 0 0 0 0 0 0
 0 0 0 0 0 0 0 0 0 0 0 0 0 0 0 0 0 0 0 0 0 0 0 0 0 0
ppred_pel_tallas
 1.08687e-16 2.635e-05 0.000256131 0.00170208 0.00773745 0.0240743 0.0512944 0.0748745 0.0749166 0.0515001 0.0247657 0.00973787 0.00673604 0.0112869 0.021097 0.0351503 0.0513593 0.0660856 0.0755611 0.077926 0.0741526 0.0670459 0.0592321 0.0518304 0.0446113 0.0370401
 1.2124e-16 2.14162e-05 0.000208173 0.00138338 0.00628869 0.0195666 0.0416901 0.0608552 0.0608904 0.0418619 0.0201446 0.00796234 0.0056013 0.00947209 0.0177817 0.0298031 0.0439734 0.0575173 0.0676051 0.0729637 0.0745041 0.0743358 0.0740098 0.0734763 0.0714529 0.0666306
 1.23653e-16 3.97008e-05 0.000385906 0.00256448 0.0116578 0.0362718 0.0772816 0.112799 0.11282 0.0773847 0.0366186 0.0126626 0.00509824 0.00595561 0.0107328 0.0179888 0.0266505 0.0351185 0.041823 0.046162 0.0488393 0.0512058 0.0541235 0.057279 0.05941 0.0591263
 1.11047e-16 5.35435e-05 0.000520462 0.00345866 0.0157226 0.0489188 0.104228 0.152128 0.15215 0.104336 0.0492822 0.0167728 0.00609731 0.00628894 0.0110342 0.0182262 0.0264216 0.0336094 0.0378019 0.0381524 0.0354813 0.0317026 0.0286053 0.0269317 0.0263008 0.0257759
 1.0648e-16 4.4593e-05 0.00043346 0.0028805 0.0130943 0.0407416 0.0868055 0.126703 0.126738 0.0869769 0.0413173 0.0147574 0.00705606 0.00955225 0.0173734 0.0286794 0.0413777 0.0521826 0.0577755 0.0566388 0.0499551 0.0407792 0.0321747 0.0257665 0.0215506 0.0186465
 1.05526e-16 5.10305e-05 0.000496035 0.00329633 0.0149846 0.0466229 0.099336 0.144989 0.145015 0.0994626 0.0470485 0.016215 0.00638863 0.00725982 0.0129356 0.0214061 0.0310691 0.0395677 0.044519 0.0448049 0.0411884 0.0356913 0.0302715 0.0258627 0.0223478 0.0191701
 1.08311e-16 2.85107e-05 0.000277134 0.00184165 0.00837193 0.0260484 0.0555007 0.0810151 0.0810636 0.0557379 0.0268449 0.0106731 0.00762112 0.0129041 0.0240399 0.0397785 0.0574907 0.0727021 0.0808601 0.0798648 0.0712866 0.0592145 0.0477058 0.038848 0.0325676 0.0277133
 1.14154e-16 3.35535e-05 0.000326152 0.00216739 0.00985267 0.0306555 0.0653159 0.0953368 0.0953671 0.0654641 0.031154 0.0112961 0.00580426 0.00831103 0.0153323 0.0256456 0.0377637 0.049219 0.0574779 0.0613313 0.0614715 0.0597022 0.0574833 0.055057 0.0517153 0.0467165
 1.1645e-16 3.66318e-05 0.000356074 0.00236624 0.0107566 0.0334679 0.0713081 0.104083 0.104114 0.0714607 0.0339809 0.0122404 0.00609842 0.0085293 0.0156364 0.0259989 0.037946 0.0487944 0.0558519 0.057952 0.0561254 0.052762 0.0499461 0.0482965 0.0470276 0.0448646
 1.11369e-16 4.83898e-05 0.000470366 0.00312575 0.0142092 0.0442103 0.0941956 0.137486 0.137511 0.094317 0.0446182 0.0153888 0.00609167 0.00696173 0.0124265 0.0205997 0.0299874 0.0383932 0.0436187 0.0446889 0.0424125 0.038744 0.0354728 0.0332825 0.0317474 0.0299915
 1.04872e-16 5.89051e-05 0.000572579 0.00380499 0.0172969 0.0538173 0.114664 0.16736 0.167381 0.114765 0.0541543 0.0182705 0.00625022 0.00591532 0.01022 0.0168408 0.0243459 0.0308139 0.0343304 0.0340258 0.0305848 0.0257516 0.0212408 0.0179081 0.0156677 0.0139595
 1.03283e-16 5.2455e-05 0.000509881 0.00338834 0.0154029 0.0479244 0.102109 0.149037 0.149067 0.102252 0.0484041 0.0167886 0.00686667 0.00810361 0.0144759 0.0238526 0.034365 0.043235 0.0476637 0.0463578 0.0402914 0.0320289 0.0241767 0.0181735 0.014115 0.0113588
 1.03785e-16 4.97143e-05 0.000483241 0.00321131 0.0145981 0.0454204 0.0967741 0.141251 0.141281 0.0969209 0.0459135 0.0160229 0.00678969 0.00830151 0.0149174 0.024633 0.0355963 0.045004 0.0500187 0.0493117 0.0438187 0.0360396 0.0284805 0.0224727 0.0180568 0.014633
 1.05013e-16 4.61658e-05 0.000448748 0.00298209 0.0135562 0.0421785 0.0898669 0.13117 0.131202 0.0900244 0.0427077 0.0150854 0.00682359 0.00884412 0.016018 0.0264796 0.038308 0.048524 0.0541083 0.0536525 0.0481569 0.0402704 0.0326176 0.0265455 0.0220225 0.0183606
 1.04135e-16 5.72719e-05 0.000556704 0.00369949 0.0168174 0.0523252 0.111485 0.16272 0.162742 0.11159 0.052678 0.0178372 0.0062619 0.00615877 0.0107211 0.0176975 0.0256386 0.0325568 0.0364579 0.0364139 0.0330837 0.028199 0.0234537 0.0196818 0.0168102 0.0143564
 1.01444e-16 6.97324e-05 0.000677824 0.00450438 0.0204763 0.0637093 0.13574 0.198119 0.198131 0.135799 0.0639095 0.0210547 0.00595643 0.00384819 0.00609244 0.00996591 0.0143596 0.0180788 0.0199559 0.019453 0.0169752 0.0135868 0.0103656 0.00789983 0.00621936 0.00505198
 1.02439e-16 2.97478e-05 0.000289159 0.00192157 0.00873521 0.0271788 0.0579093 0.0845322 0.0845888 0.0581857 0.0281064 0.0114137 0.00864164 0.014948 0.0278367 0.045886 0.0658937 0.0824316 0.0899813 0.0859904 0.0724089 0.0544091 0.0373621 0.0244041 0.0159814 0.0109342
 1.03457e-16 6.52864e-05 0.000634607 0.00421719 0.0191707 0.0596473 0.127085 0.185487 0.185498 0.127138 0.0598252 0.0196859 0.0055159 0.00348768 0.00553635 0.00918603 0.0135437 0.0176896 0.0207073 0.0221332 0.0221568 0.0213514 0.020186 0.0187505 0.0168722 0.0144289
 1.03409e-16 4.51568e-05 0.000438941 0.00291692 0.0132599 0.0412567 0.0879031 0.128305 0.128344 0.0880916 0.0418893 0.0150867 0.00750032 0.010438 0.0190162 0.0313173 0.044997 0.0563547 0.0616566 0.0591993 0.0503453 0.0386307 0.0276835 0.0195541 0.0144181 0.0113514
 1.06104e-16 3.96001e-05 0.000384927 0.00255798 0.0116282 0.0361799 0.0770864 0.112517 0.112553 0.0772619 0.0367693 0.0133322 0.00684098 0.00975387 0.0178887 0.0296559 0.0430523 0.0548342 0.0616877 0.0620324 0.0568778 0.0489769 0.0410195 0.0343296 0.0288367 0.0239025
 1.06487e-16 5.25032e-05 0.000510349 0.00339145 0.0154171 0.0479683 0.102202 0.149172 0.149195 0.102315 0.0483462 0.0165097 0.00613883 0.00652343 0.0115183 0.0190797 0.0277644 0.0355156 0.040263 0.0410473 0.038543 0.0344874 0.0305034 0.0272694 0.024538 0.0217276
 1.05018e-16 5.13304e-05 0.00049895 0.0033157 0.0150727 0.0468969 0.0999198 0.145842 0.14587 0.100059 0.0473635 0.0164208 0.00670082 0.00789275 0.0141056 0.0232706 0.0335948 0.0424142 0.0470486 0.0462711 0.0410281 0.033765 0.0269179 0.0217561 0.0182459 0.0156778
 1.08395e-16 2.20278e-05 0.000214118 0.00142289 0.00646829 0.0201256 0.0428816 0.0625985 0.0626531 0.0431487 0.0210225 0.00906012 0.00793263 0.0144379 0.0270735 0.0448223 0.0647979 0.0819699 0.0912017 0.0901001 0.080388 0.0666201 0.0533371 0.0429116 0.0353413 0.0294486
 1.09912e-16 5.31716e-05 0.000516846 0.00343463 0.0156133 0.0485789 0.103503 0.151069 0.151084 0.103575 0.0488222 0.0163188 0.00521625 0.0044422 0.00761415 0.0127815 0.0190583 0.0253344 0.0304849 0.0339595 0.0359946 0.0372015 0.037904 0.0378323 0.0363942 0.0332134
 1.08816e-16 3.96478e-05 0.000385391 0.00256106 0.0116422 0.0362235 0.0771795 0.112654 0.112693 0.0773717 0.036869 0.0135067 0.00724122 0.010603 0.0194479 0.0320998 0.0462712 0.0582795 0.0644193 0.0630416 0.0555643 0.0455192 0.0364078 0.0300218 0.0262076 0.0237499
 1.11805e-16 2.94969e-05 0.00028672 0.00190536 0.00866151 0.0269494 0.05742 0.0838147 0.0838553 0.0576184 0.027616 0.0105893 0.00675339 0.0108999 0.0202738 0.0336999 0.049081 0.0628482 0.0713494 0.0728654 0.068535 0.0613654 0.0541891 0.0482305 0.0431439 0.038019
 1.10201e-16 5.20869e-05 0.000506303 0.00336456 0.0152948 0.047588 0.101392 0.147988 0.148007 0.101484 0.0478992 0.0161957 0.00563323 0.00548341 0.00957733 0.0159432 0.023417 0.0304153 0.0353543 0.0375171 0.037422 0.0363123 0.035202 0.0342686 0.0329832 0.0306983
 1.07499e-16 4.51859e-05 0.000439223 0.00291879 0.0132684 0.0412832 0.0879594 0.128386 0.12842 0.0881247 0.0418383 0.0148721 0.00694521 0.00923204 0.016754 0.0276533 0.0398996 0.0503315 0.0557679 0.0547778 0.0485412 0.0400354 0.0322135 0.0265901 0.0230583 0.0206439
 1.11104e-16 2.21869e-05 0.000215665 0.00143317 0.00651502 0.0202709 0.0431912 0.0630493 0.0630995 0.0434367 0.0210956 0.00889895 0.00742424 0.0133177 0.0249745 0.0414335 0.0601074 0.076474 0.0859079 0.0862469 0.0789992 0.0681402 0.0575347 0.0490499 0.0424738 0.0366878
 1.19488e-16 3.06141e-05 0.00029758 0.00197753 0.00898956 0.02797 0.059594 0.0869847 0.0870109 0.0597223 0.0284018 0.0102415 0.00513815 0.00725719 0.013425 0.0226109 0.0336639 0.044646 0.0535664 0.0594921 0.0629394 0.0651242 0.066736 0.0673256 0.0657437 0.0611109
 1.07943e-16 6.47155e-05 0.000629058 0.00418031 0.0190031 0.0591258 0.125974 0.183865 0.183877 0.126029 0.0593117 0.019541 0.00553347 0.00359278 0.00572286 0.00943838 0.0137842 0.0177607 0.0204127 0.0213516 0.0209894 0.0202195 0.0197928 0.0198794 0.0200901 0.0198312
pSPR Fmed_Fpbrs
0.689774   0.285572 0.285572
Fs Fmed_Fpbrs
0.238579   1.005 1.005
SSBpbr Bo_Bmed_Bpbrs
2.01445e+06  1.2888e+06  474550 474550
Ro
203758
SPR SPRFo_SPRFmed_SPRFpbrs
1.45645e+06 1.00462e+06 415922
Fref
1.005
Nvult_r0
 335609 27830.8 9903.04 9455.43 3840.31
CTP_r0
 25682.9 3956.77 1407.94 1344.3 545.986
YTP_r0
391127
Np
 298183 171831 12602.9 4484.5 5616.41
Nvult_p0
 231815 148692 10905.8 3880.62 4860.1
CTP_p0
 77529 74531.4 5466.49 1945.15 2436.11
YTP_p0
 2.05248e+06
CBA_c0
889533
log_Ro
12.0447
likeval ReclasPelacesDesembMPH_pf_preclas_ppelaces_ptallas_desvR_qrecl_qpela
 18.8901 19.8947 0.142653 0.00313644 250.413 136.828 105.064 0 21.8212 0 0 0.595263 0 0 0
q_reclas_q_pelaces
1 1
M
1
N
 216925 156240 84952.5 51.1065 3737.55
 96608.2 74187.9 49674.3 27009.4 1204.55
 127177 31471.5 21401 14329.5 8138.88
 201728 41599.9 9153.31 6224.36 6534.83
 174206 61443.5 10490.7 2308.29 3217.63
 250895 60443.3 20106.7 3432.97 1808.3
 89381.1 81075.5 17156.8 5707.29 1487.74
 63481 25159.1 17461.6 3695.15 1549.62
 53888.2 22364.9 8488.59 5891.47 1769.56
 65188 16842.8 5938.88 2254.1 2034.35
 125773 19590.5 4134.9 1457.99 1052.81
 150246 43759.3 6446.28 1360.59 826.182
 140115 43370.4 9911.66 1460.11 495.314
 104092 41364.1 10274.7 2348.13 463.25
 143689 27057.8 7597.48 1887.19 516.375
 485570 43431.3 6719.62 1886.78 596.908
 161965 143928 10372.5 1604.82 593.168
 678728 53560.5 42784.6 3083.37 653.382
 506001 216168 14768.4 11797.1 1030.34
 349261 154193 54564.5 3727.78 3237.86
 527384 109285 41037.1 14521.9 1853.85
 629178 170842 31173.9 11706 4671.25
 172121 195985 45060 8222.18 4319.53
 461856 57992.8 60477.8 13904.8 3870.16
 344345 155827 17944.8 18713.7 5500.11
 190077 117130 49009.9 5643.91 7615.63
 397894 65699.3 38038.7 15916.3 4306.12
 395257 134654 20453.1 11841.9 6295.5
 132958 134738 42533.8 6460.61 5729.16
 119310 46084.8 44001.8 13890.4 3980.85
 507440 40433.7 14387.5 13737.2 5579.35
pred_Ctot
 9705.16 13568.9 7377.81 4.43841 324.592
 7060.96 10325.2 6913.46 3759.06 167.644
 8996.88 4246.27 2887.51 1933.41 1098.13
 22279.7 8527.14 1876.24 1275.87 1339.51
 6290.62 4331.97 739.632 162.743 226.854
 19490.8 8913.28 2965.04 506.244 266.661
 13561.3 22181.8 4694.01 1561.48 407.036
 1704.51 1327.17 921.116 194.923 81.7442
 5191.68 4038.09 1532.66 1063.74 319.504
 7670.08 3659.67 1290.42 489.779 442.03
 4332.35 1319.01 278.399 98.165 70.8848
 20858.8 11054.5 1628.46 343.715 208.711
 17810.6 10114.1 2311.43 340.501 115.508
 19857.4 13840.6 3437.94 785.691 155.005
 16463.3 5737.32 1610.96 400.157 109.492
 60689.2 9973.43 1543.07 433.275 137.072
 10439.8 17769.7 1280.62 198.135 73.2342
 58281.8 8681.64 6934.97 499.785 105.907
 55757.4 44216.7 3020.83 2413.06 210.754
 33431.8 27672.8 9792.66 669.022 581.097
 40230.8 15840.1 5948.07 2104.86 268.704
 61791.3 31404.1 5730.36 2151.79 858.666
 9219.57 20256.8 4657.35 849.835 446.462
 24366.7 5907.07 6160.2 1416.32 394.21
 16510.9 14472.3 1666.61 1738.03 510.821
 7298.72 8767.93 3668.71 422.483 570.079
 20281.7 6473.38 3747.96 1568.24 424.283
 18446.9 12183.1 1850.53 1071.42 569.598
 4882.65 9656.77 3048.43 463.037 410.613
 5981.7 4468.73 4266.75 1346.92 386.014
 25682.9 3956.77 1407.94 1344.3 545.986
F
 0.0729533 0.145907 0.145907 0.145907 0.145907
 0.121582 0.243164 0.243164 0.243164 0.243164
 0.117483 0.234965 0.234965 0.234965 0.234965
 0.188803 0.377607 0.377607 0.377607 0.377607
 0.0585325 0.117065 0.117065 0.117065 0.117065
 0.129655 0.259309 0.259309 0.259309 0.259309
 0.267688 0.535377 0.535377 0.535377 0.535377
 0.0432489 0.0864979 0.0864979 0.0864979 0.0864979
 0.162986 0.325971 0.325971 0.325971 0.325971
 0.202231 0.404461 0.404461 0.404461 0.404461
 0.055771 0.111542 0.111542 0.111542 0.111542
 0.242497 0.484993 0.484993 0.484993 0.484993
 0.220047 0.440095 0.440095 0.440095 0.440095
 0.347298 0.694596 0.694596 0.694596 0.694596
 0.196472 0.392943 0.392943 0.392943 0.392943
 0.216012 0.432023 0.432023 0.432023 0.432023
 0.106567 0.213134 0.213134 0.213134 0.213134
 0.144163 0.288326 0.288326 0.288326 0.288326
 0.188337 0.376674 0.376674 0.376674 0.376674
 0.161862 0.323725 0.323725 0.323725 0.323725
 0.127188 0.254375 0.254375 0.254375 0.254375
 0.166373 0.332747 0.332747 0.332747 0.332747
 0.0878816 0.175763 0.175763 0.175763 0.175763
 0.0865101 0.17302 0.17302 0.17302 0.17302
 0.0783607 0.156721 0.156721 0.156721 0.156721
 0.0623401 0.12468 0.12468 0.12468 0.12468
 0.0834781 0.166956 0.166956 0.166956 0.166956
 0.0762043 0.152409 0.152409 0.152409 0.152409
 0.0595513 0.119103 0.119103 0.119103 0.119103
 0.0820599 0.16412 0.16412 0.16412 0.16412
 0.0828677 0.165735 0.165735 0.165735 0.165735
YTP_r0W_actual
 218304 64495.3 40689.4 46781.7 20856.7
YTP_p0W_proyectada
 583018 1.20145e+06 127807 57381.8 82827.8
CTP_r0_actual
 25682.9 3956.77 1407.94 1344.3 545.986
CTP_p0_proyectada
 77529 74531.4 5466.49 1945.15 2436.11
Wmedp
 7.52 16.12 23.38 29.5 34
Frms_r0
 0.0828677 0.165735 0.165735 0.165735 0.165735
Zrms_r0
 1.08287 1.16574 1.16574 1.16574 1.16574
nmprior
 8.19 8.8 8.5 0
nm_flota  nm_reclas  nm_pelaces    nm_pelaL
inf 7.41176 7.73491 14.2887
cv_recla  cv_pelaces  cv_mph
0.393135 0.505756 1.72832
 ------------------------------------------------
Talla a la edad & desviaci?n 
 8 13.2811 15.8009 17.003 17.5766
 0.8 1.32811 1.58009 1.7003 1.75766
