years
 1991 1992 1993 1994 1995 1996 1997 1998 1999 2000 2001 2002 2003 2004 2005 2006 2007 2008 2009 2010 2011 2012 2013 2014 2015 2016 2017 2018 2019 2020 2021
reclasobs
 0 0 0 0 0 0 0 0 0 252601 567819 844713 477998 351125 339783 2.1784e+06 2.13404e+06 4.81314e+06 1.55562e+06 2.62356e+06 3.21686e+06 3.843e+06 1.13348e+06 3.07943e+06 1.97215e+06 2.03268e+06 2.025e+06 2.42433e+06 2.27542e+06 1.05018e+06 2.36338e+06
reclaspred
 3.18971e+06 1.74758e+06 886233 911588 924905 1.58044e+06 900982 777411 552153 378151 503011 680579 668484 495156 487405 1.34991e+06 1.21978e+06 3.0836e+06 2.4675e+06 1.78088e+06 3.11009e+06 2.53257e+06 1.92925e+06 3.06727e+06 2.26802e+06 1.99729e+06 2.41278e+06 2.5979e+06 2.06167e+06 1.25825e+06 1.89153e+06
pelacesobs
 0 0 0 0 0 0 0 0 0 0 0 0 0 0 0 552880 188675 0 991730 2.46772e+06 1.41603e+06 1.21717e+06 2.29649e+06 1.80582e+06 0 1.4828e+06 1.56532e+06 1.57751e+06 1.42118e+06 867257 1.10002e+06
pelacespred
 1.86004e+06 1.11475e+06 551261 446262 495328 854973 447497 500851 329105 205746 287966 324368 353873 264868 267487 617764 600206 1.69018e+06 1.41689e+06 944432 1.61621e+06 1.39532e+06 1.11462e+06 1.88529e+06 1.3783e+06 1.2202e+06 1.62866e+06 1.72527e+06 1.19466e+06 815423 1.15343e+06
mphobs
 0 0 0 0 0 0 0 0 0 0 0 498337 0 5186 125008 0 168611 109162 213762 579715 649985 157893 87575 83554 0 0 0 0 0 0 0
mphpred
 488273 327162 157783 87587.2 96525.7 115300 157154 85942 77283.8 49038 30530.9 60818.9 65306.5 53526.1 32822.7 41782.8 152099 136567 307813 218571 228128 282274 268528 214311 310848 254004 207158 224510 320057 208965 121005
desembarqueobs
 494567 514787 250237 358949 120608 361735 552515 73892 212993 205616 52469 317467 293654 387597 252695 516296 358380 742168 942051 627588 828172 859565 418607 520667 417249 300574 415391 372974 316634 284311 391294
desembarquepred
 494571 513787 250710 358986 120614 361745 552547 73897.4 213055 205672 52471.9 317531 293692 387583 252673 516229 358410 742020 941761 627376 828257 859554 418611 520694 417240 300573 415386 372947 316619 284318 391297
Reclutas
 172736 94979.6 96035 147895 119581 216118 85229.2 36445.7 35541 47903.1 89536.5 128699 107611 75116.6 69629.6 374755 76466.4 601732 340211 264554 372936 508944 100427 297931 250462 111473 250771 280718 82423.2 61148.8 237519
log_desv_Rt
 0.202557 -0.395543 -0.384492 0.0472953 -0.165215 0.426619 -0.50386 -1.35338 -1.37852 -1.08002 -0.454559 -0.0917293 -0.270685 -0.630163 -0.706015 0.977067 -0.612353 1.45061 0.880362 0.62884 0.972203 1.28313 -0.339774 0.747656 0.574104 -0.235423 0.575335 0.688144 -0.537338 -0.835894 0.521044
SSB
 2.10759e+06 1.41217e+06 681060 378063 416646 497684 678344 370962 333590 211669 131784 262520 281891 231041 141677 180352 656524 589479 1.32865e+06 943445 984697 1.21842e+06 1.15908e+06 925058 1.34175e+06 1.09639e+06 894182 969078 1.3815e+06 901982 522309
BT
 2.96777e+06 2.03235e+06 1.00005e+06 942271 802051 1.56652e+06 1.11935e+06 783351 680964 494067 472012 740290 783865 793653 654089 1.35689e+06 1.13225e+06 3.20069e+06 2.95057e+06 1.90957e+06 3.05424e+06 2.81387e+06 1.93473e+06 3.27497e+06 2.33929e+06 1.99731e+06 2.8225e+06 2.91672e+06 1.91922e+06 1.40839e+06 2.09316e+06
Ftot
 0.199535 0.367409 0.360312 0.545576 0.180898 0.332718 0.762383 0.130119 0.518908 0.723121 0.160927 0.651525 0.609491 1.05786 0.764594 0.600745 0.387592 0.370236 0.519427 0.484261 0.378618 0.476837 0.284118 0.251731 0.250604 0.202268 0.252291 0.214086 0.195585 0.291577 0.313855
BD_Bspro_t
 0.968696 0.785279 0.583394 0.485072 0.480274 0.57363 0.572637 0.381455 0.438525 0.37793 0.335426 0.587027 0.465761 0.370896 0.256818 0.307405 0.499986 0.460463 0.591566 0.477334 0.441898 0.491724 0.508339 0.491874 0.614821 0.623145 0.629261 0.673401 0.728962 0.644159 0.556781
BD_Bspro
 2.09325 1.40256 0.676425 0.37549 0.41381 0.494297 0.673727 0.368437 0.331319 0.210228 0.130888 0.260733 0.279972 0.229469 0.140713 0.179125 0.652056 0.585467 1.31961 0.937025 0.977995 1.21012 1.15119 0.918763 1.33262 1.08893 0.888097 0.962483 1.3721 0.895843 0.518754
BD_Bo
 1.38501 0.928009 0.44756 0.248445 0.2738 0.327054 0.445775 0.243779 0.219219 0.139099 0.0866024 0.172516 0.185245 0.151829 0.0931033 0.118519 0.431436 0.387377 0.873125 0.619987 0.647096 0.800685 0.761693 0.607904 0.881734 0.720495 0.587614 0.636832 0.907858 0.592739 0.343236
BD_Brms
 2.5182 1.68729 0.813746 0.451718 0.497818 0.594644 0.8105 0.443234 0.39858 0.252907 0.157459 0.313665 0.336809 0.276053 0.169279 0.215489 0.78443 0.704323 1.5875 1.12725 1.17654 1.45579 1.3849 1.10528 1.60315 1.30999 1.06839 1.15788 1.65065 1.07771 0.624066
Sel_flota
 0.705119 0.978464 0.998843 0.999939 0.999997
 0.705119 0.978464 0.998843 0.999939 0.999997
 0.705119 0.978464 0.998843 0.999939 0.999997
 0.705119 0.978464 0.998843 0.999939 0.999997
 0.705119 0.978464 0.998843 0.999939 0.999997
 0.705119 0.978464 0.998843 0.999939 0.999997
 0.705119 0.978464 0.998843 0.999939 0.999997
 0.705119 0.978464 0.998843 0.999939 0.999997
 0.705119 0.978464 0.998843 0.999939 0.999997
 0.705119 0.978464 0.998843 0.999939 0.999997
 0.705119 0.978464 0.998843 0.999939 0.999997
 0.705119 0.978464 0.998843 0.999939 0.999997
 0.705119 0.978464 0.998843 0.999939 0.999997
 0.705119 0.978464 0.998843 0.999939 0.999997
 0.705119 0.978464 0.998843 0.999939 0.999997
 0.705119 0.978464 0.998843 0.999939 0.999997
 0.705119 0.978464 0.998843 0.999939 0.999997
 0.705119 0.978464 0.998843 0.999939 0.999997
 0.705119 0.978464 0.998843 0.999939 0.999997
 0.705119 0.978464 0.998843 0.999939 0.999997
 0.705119 0.978464 0.998843 0.999939 0.999997
 0.705119 0.978464 0.998843 0.999939 0.999997
 0.705119 0.978464 0.998843 0.999939 0.999997
 0.705119 0.978464 0.998843 0.999939 0.999997
 0.705119 0.978464 0.998843 0.999939 0.999997
 0.705119 0.978464 0.998843 0.999939 0.999997
 0.705119 0.978464 0.998843 0.999939 0.999997
 0.705119 0.978464 0.998843 0.999939 0.999997
 0.705119 0.978464 0.998843 0.999939 0.999997
 0.705119 0.978464 0.998843 0.999939 0.999997
 0.705119 0.978464 0.998843 0.999939 0.999997
Sel_reclas
 1 1 1 1 1
 1 1 1 1 1
 1 1 1 1 1
 1 1 1 1 1
 1 1 1 1 1
 1 1 1 1 1
 1 1 1 1 1
 1 1 1 1 1
 1 1 1 1 1
 1 1 1 1 1
 1 1 1 1 1
 1 1 1 1 1
 1 1 1 1 1
 1 1 1 1 1
 1 1 1 1 1
 1 1 1 1 1
 1 1 1 1 1
 1 1 1 1 1
 1 1 1 1 1
 1 1 1 1 1
 1 1 1 1 1
 1 1 1 1 1
 1 1 1 1 1
 1 1 1 1 1
 1 1 1 1 1
 1 1 1 1 1
 1 1 1 1 1
 1 1 1 1 1
 1 1 1 1 1
 1 1 1 1 1
 1 1 1 1 1
Sel_pelaces
 0.85768 0.96808 0.993491 0.9987 0.999741
 0.85768 0.96808 0.993491 0.9987 0.999741
 0.85768 0.96808 0.993491 0.9987 0.999741
 0.85768 0.96808 0.993491 0.9987 0.999741
 0.85768 0.96808 0.993491 0.9987 0.999741
 0.85768 0.96808 0.993491 0.9987 0.999741
 0.85768 0.96808 0.993491 0.9987 0.999741
 0.85768 0.96808 0.993491 0.9987 0.999741
 0.85768 0.96808 0.993491 0.9987 0.999741
 0.85768 0.96808 0.993491 0.9987 0.999741
 0.85768 0.96808 0.993491 0.9987 0.999741
 0.85768 0.96808 0.993491 0.9987 0.999741
 0.85768 0.96808 0.993491 0.9987 0.999741
 0.85768 0.96808 0.993491 0.9987 0.999741
 0.85768 0.96808 0.993491 0.9987 0.999741
 0.85768 0.96808 0.993491 0.9987 0.999741
 0.85768 0.96808 0.993491 0.9987 0.999741
 0.85768 0.96808 0.993491 0.9987 0.999741
 0.85768 0.96808 0.993491 0.9987 0.999741
 0.85768 0.96808 0.993491 0.9987 0.999741
 0.85768 0.96808 0.993491 0.9987 0.999741
 0.85768 0.96808 0.993491 0.9987 0.999741
 0.85768 0.96808 0.993491 0.9987 0.999741
 0.85768 0.96808 0.993491 0.9987 0.999741
 0.85768 0.96808 0.993491 0.9987 0.999741
 0.85768 0.96808 0.993491 0.9987 0.999741
 0.85768 0.96808 0.993491 0.9987 0.999741
 0.85768 0.96808 0.993491 0.9987 0.999741
 0.85768 0.96808 0.993491 0.9987 0.999741
 0.85768 0.96808 0.993491 0.9987 0.999741
 0.85768 0.96808 0.993491 0.9987 0.999741
pf_obs 
 0.8446 0.082 0.0669 0.0065 0
 0.8095 0.147 0.0364 0.0071 0
 0.9664 0.0169 0.016 0.0007 0
 0.9276 0.0648 0.0075 0.0001 0
 0.7033 0.2144 0.0806 0.0017 0
 0.9318 0.0425 0.0243 0.0014 0
 0.5671 0.3108 0.0964 0.0239 0.0018
 0.0768 0.2599 0.5324 0.112 0.0189
 0.490249 0.384438 0.106611 0.0170017 0.00170017
 0.7925 0.1577 0.0466 0.003 0.0002
 0.840416 0.127587 0.0312969 0.00059994 9.999e-05
 0.8084 0.0986 0.0794 0.0134 0.0002
 0.7335 0.1905 0.0724 0.0035 0.0001
 0.4001 0.4547 0.1325 0.0127 0
 0.49795 0.308269 0.164784 0.0264974 0.00249975
 0.9179 0.0499 0.0305 0.0017 0
 0.2467 0.6533 0.0926 0.0074 0
 0.9418 0.0223 0.034 0.0019 0
 0.707729 0.231977 0.0356964 0.0245975 0
 0.517169 0.277429 0.184464 0.0207286 0.00020938
 0.811772 0.124168 0.05621 0.00726502 0.000585176
 0.764997 0.148141 0.077277 0.00933861 0.000247198
 0.163321 0.427699 0.378323 0.0303852 0.000271297
 0.753843 0.0900009 0.118128 0.0371064 0.000921714
 0.721811 0.176058 0.0630433 0.0369309 0.00215725
 0.143369 0.312575 0.442814 0.0836902 0.0175525
 0.692698 0.0596174 0.167031 0.0765114 0.00414204
 0.394062 0.376323 0.152708 0.0712218 0.00568511
 0.125707 0.32114 0.495352 0.0537591 0.00404204
 0.23352 0.215282 0.420074 0.123614 0.00750983
 0.796117 0.104755 0.0508955 0.0450114 0.00322123
pf_pred 
 0.478255 0.137592 0.36011 0.0240418 8.7395e-07
 0.422629 0.327654 0.0669353 0.171355 0.011427
 0.579902 0.217352 0.116308 0.0231911 0.0632465
 0.733759 0.178199 0.0460959 0.0240763 0.017869
 0.656738 0.276618 0.0450054 0.011337 0.0103013
 0.752578 0.180495 0.0541645 0.00862196 0.00414042
 0.462446 0.438397 0.072806 0.0213314 0.00501964
 0.454702 0.312514 0.190883 0.0307788 0.0111222
 0.544108 0.24608 0.121347 0.0725562 0.0159086
 0.724871 0.17694 0.0536572 0.0257705 0.0187607
 0.833073 0.134218 0.0212574 0.00626226 0.00518895
 0.746982 0.221499 0.025452 0.00394442 0.00212232
 0.693404 0.251069 0.0487804 0.00544969 0.001297
 0.643322 0.276562 0.0659347 0.0124604 0.00172079
 0.756138 0.182853 0.0476666 0.0109838 0.00235806
 0.941032 0.0489178 0.00759225 0.0019212 0.000536881
 0.379346 0.596033 0.0205204 0.00309889 0.00100182
 0.90847 0.0430893 0.046564 0.00156431 0.000312191
 0.586969 0.386537 0.0126338 0.0133243 0.000536258
 0.611075 0.264265 0.116864 0.00372049 0.00407602
 0.739316 0.182697 0.053428 0.0230255 0.00153396
 0.747412 0.203549 0.0346222 0.00988058 0.00453591
 0.31248 0.559939 0.103328 0.0171302 0.00712301
 0.742224 0.101685 0.127672 0.0230214 0.00539684
 0.619554 0.306484 0.0295821 0.0363082 0.00807184
 0.426441 0.400831 0.139777 0.0131888 0.0197622
 0.728313 0.139392 0.0930731 0.0317471 0.00747497
 0.680409 0.253654 0.0342091 0.022329 0.00939818
 0.339198 0.496245 0.131217 0.0173078 0.0160328
 0.420068 0.243933 0.253717 0.0656267 0.0166548
 0.831994 0.0860405 0.0349479 0.0355145 0.0115031
pobs_RECLAS
 0 0 0 0 0
 0 0 0 0 0
 0 0 0 0 0
 0 0 0 0 0
 0 0 0 0 0
 0 0 0 0 0
 0 0 0 0 0
 0 0 0 0 0
 0 0 0 0 0
 0 0 0 0 0
 0.991045 0.00858322 0.000360255 1.14367e-05 0
 0.934742 0.0480273 0.0164251 0.00080598 0
 0.827803 0.169806 0.00239088 0 0
 0.941827 0.0461693 0.0120037 0 0
 0.791401 0.0380133 0.147996 0.0225897 0
 0.846168 0.0940531 0.0597789 0 0
 0.134021 0.677848 0.182769 0.00536245 0
 0.80878 0.0450904 0.141981 0.00414843 0
 0.846168 0.0940531 0.0597789 0 0
 0.905697 0.0802665 0.012482 0.00150086 5.37128e-05
 0.989698 0.0102097 9.19794e-05 0 0
 0.975433 0.0193895 0.00387452 0.00125025 5.28907e-05
 0.303575 0.632131 0.0575291 0.00676475 0
 0.966965 0.00978017 0.0227588 0.000495775 0
 0.843318 0.132988 0.00938335 0.0141283 0.000182051
 0.564624 0.303363 0.111486 0.0197234 0.00080311
 0.826376 0.0876187 0.0782897 0.00655872 0.00115652
 0.89761 0.0855135 0.0140674 0.00269457 0.000114338
 0.34875 0.467042 0.161289 0.0227151 0.000203297
 0.318654 0.224769 0.449479 0.00709798 0
 0.937255 0.0296025 0.0250945 0.00804832 0
ppred_RECLAS
 0.564944 0.116521 0.298621 0.0199143 7.23869e-07
 0.508963 0.28134 0.056255 0.143849 0.00959217
 0.661708 0.176878 0.0926441 0.0184516 0.050318
 0.796785 0.137026 0.0346744 0.0180896 0.0134249
 0.728131 0.219988 0.035049 0.00881913 0.00801293
 0.810806 0.138819 0.0407781 0.00648372 0.00311342
 0.551972 0.366931 0.0595651 0.0174308 0.0041015
 0.53944 0.266319 0.15931 0.0256593 0.00927169
 0.629758 0.201906 0.097407 0.0581742 0.0127544
 0.790841 0.135623 0.0402078 0.0192878 0.0140404
 0.874725 0.101146 0.0156877 0.00461633 0.0038249
 0.807693 0.16882 0.0189699 0.00293636 0.00157983
 0.762775 0.195042 0.0370628 0.00413571 0.000984218
 0.724296 0.214935 0.0500242 0.00944149 0.00130379
 0.816433 0.138432 0.0352738 0.00811825 0.00174276
 0.957761 0.0351731 0.0053393 0.0013495 0.000377096
 0.461955 0.517141 0.0174257 0.00262853 0.00084971
 0.933689 0.0315724 0.0333944 0.0011206 0.000223626
 0.667509 0.311608 0.00996414 0.0104965 0.000422422
 0.690283 0.211914 0.0916931 0.00291578 0.00319421
 0.800204 0.140935 0.0403395 0.017365 0.00115679
 0.807131 0.156087 0.0259777 0.007405 0.00339923
 0.389558 0.499128 0.0901726 0.0149324 0.00620875
 0.802949 0.0787375 0.0967927 0.0174336 0.00408668
 0.695556 0.246291 0.0232751 0.028535 0.00634338
 0.510711 0.344117 0.117504 0.0110748 0.0165936
 0.790989 0.108356 0.0708372 0.0241353 0.00568241
 0.749005 0.200093 0.0264236 0.0172279 0.00725073
 0.4185 0.438988 0.113665 0.0149759 0.0138718
 0.506399 0.210213 0.214051 0.0553038 0.0140342
 0.875108 0.0646455 0.0257045 0.0260916 0.0084505
pobs_PELACES
 0 0 0 0 0
 0 0 0 0 0
 0 0 0 0 0
 0 0 0 0 0
 0 0 0 0 0
 0 0 0 0 0
 0 0 0 0 0
 0 0 0 0 0
 0 0 0 0 0
 0 0 0 0 0
 0 0 0 0 0
 0 0 0 0 0
 0 0 0 0 0
 0 0 0 0 0
 0 0 0 0 0
 0 0 0 0 0
 0.505614 0.472636 0.0217494 0 0
 0 0 0 0 0
 0.443492 0.261883 0.143347 0.151278 0
 0.227955 0.32914 0.350689 0.0885471 0.00366901
 0.970185 0.0296113 0.000203453 0 0
 0.997202 0.00247181 0.000326279 0 0
 0.445219 0.490057 0.0546422 0.010081 0
 0.90214 0.0892962 0.00764917 0.000914606 0
 0 0 0 0 0
 0.581667 0.319106 0.0959925 0.00289975 0.000334073
 0.762889 0.0836404 0.116647 0.0363945 0.000428098
 0.88444 0.0763242 0.0277011 0.0115352 0
 0.521256 0.241999 0.230069 0.00667565 0
 0.616807 0.101726 0.260614 0.0208532 0
 0.833518 0.0704572 0.0857862 0.0102388 0
ppred_PELACES
 0.534913 0.122307 0.321245 0.0215339 7.83552e-07
 0.484055 0.292169 0.0598056 0.15371 0.0102603
 0.638728 0.18655 0.100032 0.0200249 0.0546649
 0.783518 0.144785 0.0374619 0.0196424 0.0145924
 0.705843 0.236808 0.0386721 0.00978116 0.00889626
 0.795361 0.149158 0.0448648 0.00717006 0.00344656
 0.537997 0.376848 0.0624598 0.0183686 0.00432662
 0.50942 0.280559 0.172083 0.0278606 0.0100776
 0.6096 0.210513 0.103862 0.0623428 0.0136825
 0.780027 0.141453 0.0428281 0.020647 0.0150454
 0.861954 0.110877 0.0176293 0.00521458 0.00432508
 0.797379 0.177381 0.0203656 0.00316818 0.0017063
 0.749852 0.204841 0.0397831 0.00446156 0.00106286
 0.718259 0.218683 0.0518624 0.00983597 0.00135965
 0.807652 0.144269 0.0375326 0.008681 0.00186548
 0.954802 0.0374903 0.00581688 0.0014776 0.000413316
 0.440397 0.53735 0.0185335 0.0028099 0.000909282
 0.927214 0.0342269 0.0370599 0.00124996 0.000249698
 0.650473 0.327053 0.0106951 0.0113234 0.000456173
 0.671884 0.222865 0.098641 0.00315261 0.00345722
 0.78469 0.150754 0.0441702 0.0191111 0.00127442
 0.793921 0.165999 0.0282618 0.00809693 0.0037207
 0.366042 0.515971 0.0954797 0.0158925 0.00661481
 0.784359 0.0848659 0.106884 0.0193503 0.00454069
 0.673146 0.263023 0.0254658 0.0313817 0.00698344
 0.483089 0.360762 0.126249 0.0119606 0.0179394
 0.772075 0.116693 0.0781571 0.0267665 0.00630843
 0.728294 0.215404 0.0291501 0.0191037 0.00804857
 0.39204 0.456049 0.121023 0.0160278 0.0148616
 0.479071 0.21864 0.228028 0.0592178 0.0150431
 0.863075 0.0699545 0.0284854 0.0290627 0.00942254
pobs_pel_tallas
 0 0 0 0 0 0 0 0 0 0 0 0 0 0 0 0 0 0 0 0 0 0 0 0 0 0
 0 0 0 0 0 0 0 0 0 0 0 0 0 0 0 0 0 0 0 0 0 0 0 0 0 0
 0 0 0 0 0 0 0 0 0 0 0 0 0 0 0 0 0 0 0 0 0 0 0 0 0 0
 0 0 0 0 0 0 0 0 0 0 0 0 0 0 0 0 0 0 0 0 0 0 0 0 0 0
 0 0 0 0 0 0 0 0 0 0 0 0 0 0 0 0 0 0 0 0 0 0 0 0 0 0
 0 0 0 0 0 0 0 0 0 0 0 0 0 0 0 0 0 0 0 0 0 0 0 0 0 0
 0 0 0 0 0 0 0 0 0 0 0 0 0 0 0 0 0 0 0 0 0 0 0 0 0 0
 0 0 0 0 0 0 0 0 0 0 0 0 0 0 0 0 0 0 0 0 0 0 0 0 0 0
 0 0 0 0 0 0 0 0 0 0 0 0 0 0 0 0 0 0 0 0 0 0 0 0 0 0
 0 0 0 0 0 0 0 0 0 0 0 0 0 0 0 0 0 0 0 0 0 0 0 0 0 0
 0 0 0 0 0 0 0 0 0 0 0 0 0 0 0 0 0 0 0 0 0 0 0 0 0 0
 0 0 0 0 0 0 0 0 0 0 0 0 0 0 0 0 0 0 0 0 0 0 0 0 0 0
 0.00862536 0 0 0.000197151 0.00414017 0.0128641 0.00837892 0.0270097 0.101434 0.158115 0.152841 0.127902 0.109271 0.109419 0.0830992 0.0579132 0.0238553 0.00714673 0.00463305 0.00128148 0.00103504 0.000492878 0.000147863 0.000147863 4.92878e-05 0
 0 0 0 0 0 0 0 0 0 0 0 0 0 0 0 0 0 0 0 0 0 0 0 0 0 0
 0 0 0 0 0 0 0 0.0054083 0.00873648 0.0413646 0.0450493 0.0745869 0.0622846 0.0627006 0.0613931 0.0827291 0.12552 0.122667 0.0946155 0.0697135 0.0546179 0.0294188 0.0215738 0.0213955 0.0102223 0.00600262
 0 0 0 0 0.00359764 0.0251062 0.0480494 0.140153 0.205849 0.193036 0.1447 0.116669 0.0760912 0.0342217 0.00950174 0.001854 0.000860785 0 0 0 0.000165536 0 0.000143464 0 0 0
 0 0 0 0 0 0 0 0.000145254 0.000435761 0.0275982 0.070085 0.0708112 0.156366 0.174668 0.174014 0.160142 0.0824315 0.0480064 0.0283245 0.00493863 0.00203355 0 0 0 0 0
 0 0 0 0 0 0 0 0 0 0 0 0 0 0 0 0 0 0 0 0 0 0 0 0 0 0
 0 0 1.00437e-05 0.000401748 0.00122533 0.00171747 0.00176769 0.0269171 0.070346 0.194647 0.189555 0.159765 0.064822 0.0314167 0.0384472 0.0292271 0.0345202 0.0313363 0.0194345 0.0106764 0.0143323 0.0359363 0.0279516 0.0138201 0.00172751 0
 0 0.0021121 0.0136068 0.0755702 0.200478 0.177729 0.0527432 0.0373336 0.0318909 0.0142505 0.0149659 0.0166563 0.0217959 0.0798694 0.0677717 0.0528807 0.04013 0.0224614 0.0357745 0.0225083 0.00881397 0.00855152 0.00135912 0.000746735 0 0
 0 0 0 0 5.4009e-05 0.00500934 0.000945158 0.0243581 0.138947 0.33067 0.221406 0.137944 0.0707744 0.0437923 0.0131692 0.00525238 0.0047753 0.00276346 9.45158e-05 9.00151e-06 2.25038e-05 9.00151e-06 4.50075e-06 0 0 0
 0.000866109 0.00284123 0.00948549 0.0512746 0.133035 0.25785 0.225252 0.132002 0.0553304 0.0519788 0.0540692 0.017754 0.00435017 0.00159236 0.00146478 0.000404838 0.000125132 0.000115318 0.000107957 0.000100596 0 0 0 0 0 0
 0 0 0 0 0.00144013 0.00171154 0.00461396 0.0210425 0.0478622 0.0707936 0.0888783 0.103762 0.0637923 0.0337046 0.0602308 0.124433 0.169614 0.0934646 0.0462172 0.0250306 0.0313229 0.00938855 0.002487 0.000210481 0 0
 0 0.00764035 0.051015 0.0998891 0.058973 0.0496711 0.0374665 0.0718981 0.12319 0.153886 0.159021 0.0857701 0.0377988 0.023471 0.0147837 0.00900784 0.00315554 0.000888139 0.00291439 0.00214683 0.00393193 0.00274676 0.000635225 9.99891e-05 0 0
 0 0 0 0 0 0 0 0 0 0 0 0 0 0 0 0 0 0 0 0 0 0 0 0 0 0
 0 0 0 0 0 0 0 0 0 0 0 0 0 0 0 0 0 0 0 0 0 0 0 0 0 0
 0 0 0 0 0 0 0 0 0 0 0 0 0 0 0 0 0 0 0 0 0 0 0 0 0 0
 0 0 0 0 0 0 0 0 0 0 0 0 0 0 0 0 0 0 0 0 0 0 0 0 0 0
 0 0 0 0 0 0 0 0 0 0 0 0 0 0 0 0 0 0 0 0 0 0 0 0 0 0
 0 0 0 0 0 0 0 0 0 0 0 0 0 0 0 0 0 0 0 0 0 0 0 0 0 0
 0 0 0 0 0 0 0 0 0 0 0 0 0 0 0 0 0 0 0 0 0 0 0 0 0 0
ppred_pel_tallas
 1.11462e-16 4.40601e-05 0.00042828 0.00284607 0.0129378 0.0402545 0.0857668 0.125182 0.125194 0.085827 0.0404578 0.0135311 0.00435814 0.00380442 0.00667613 0.0115401 0.0179504 0.0253372 0.0330446 0.0406057 0.0477238 0.0539043 0.0581519 0.0591833 0.0561203 0.0491305
 1.18952e-16 3.98711e-05 0.000387561 0.00257548 0.0117078 0.0364274 0.0776135 0.113285 0.113313 0.0777515 0.0368911 0.0130485 0.00594554 0.00776097 0.0140946 0.0233813 0.0340377 0.0436226 0.0497426 0.0514699 0.0499525 0.0475943 0.0464259 0.0469228 0.0480122 0.0479961
 1.14194e-16 5.26112e-05 0.0005114 0.00339843 0.0154488 0.048067 0.102413 0.149478 0.149496 0.102501 0.0483647 0.0163104 0.0055676 0.00526843 0.00915172 0.0152182 0.0223272 0.0289579 0.0336062 0.0356287 0.0356044 0.0348404 0.0344225 0.0345755 0.0347295 0.0340607
 1.05558e-16 6.45374e-05 0.000627326 0.00416881 0.0189508 0.058963 0.125627 0.18336 0.183374 0.125696 0.0591927 0.0196146 0.00583689 0.00427478 0.00700977 0.011535 0.016728 0.0212927 0.0239625 0.0241803 0.0224273 0.0198692 0.0176046 0.0161059 0.0151855 0.0143487
 1.03664e-16 5.81394e-05 0.000565135 0.00375552 0.0170721 0.0531177 0.113174 0.165185 0.165208 0.113285 0.0534924 0.0181544 0.00647287 0.00649888 0.0113326 0.0186572 0.0269048 0.0339075 0.0374965 0.0366777 0.0322177 0.0261075 0.0203509 0.0160218 0.0131382 0.0111482
 1.02636e-16 6.55128e-05 0.000636808 0.00423181 0.0192372 0.0598542 0.127526 0.186131 0.186146 0.127597 0.0600909 0.0199213 0.00595067 0.00439515 0.00722105 0.0118805 0.0172162 0.0218754 0.0245189 0.024519 0.0223067 0.0190291 0.0158104 0.0132082 0.0111862 0.00944488
 1.04474e-16 4.43141e-05 0.000430749 0.00286248 0.0130125 0.0404868 0.0862627 0.12591 0.125947 0.0864402 0.041083 0.0147349 0.00718684 0.00987358 0.0179861 0.0296858 0.0428097 0.0539413 0.0596224 0.0582546 0.0510357 0.041112 0.0316591 0.0243956 0.0193901 0.0158323
 1.09538e-16 4.19603e-05 0.000407869 0.00271043 0.0123213 0.0383362 0.0816802 0.11922 0.119248 0.0818135 0.0387843 0.0136182 0.0059763 0.00757135 0.0137467 0.022921 0.0336248 0.0435601 0.0503741 0.0529315 0.0518695 0.0489119 0.0455576 0.0422529 0.0385668 0.0339534
 1.11619e-16 5.0212e-05 0.000488078 0.00324345 0.0147443 0.045875 0.0977423 0.142662 0.142683 0.0978422 0.0462108 0.0157159 0.00568913 0.00585011 0.0103024 0.0171354 0.0251154 0.0325188 0.0376295 0.0396952 0.0393366 0.0379882 0.0368355 0.0361134 0.0352131 0.0333206
 1.05889e-16 6.42498e-05 0.000624531 0.00415023 0.0188663 0.0587003 0.125068 0.182543 0.182556 0.125134 0.0589249 0.0195156 0.00578232 0.00419495 0.00686769 0.0113124 0.016435 0.0209825 0.0237304 0.0241396 0.0226703 0.0204314 0.0184513 0.0171446 0.0162957 0.0154147
 1.01793e-16 7.0998e-05 0.000690126 0.00458613 0.0208479 0.0648656 0.138203 0.201714 0.201725 0.138256 0.065041 0.0213546 0.00585833 0.00346812 0.00534922 0.00873722 0.0125946 0.0158716 0.0175508 0.0171683 0.0150855 0.0122375 0.00956383 0.00756629 0.00624867 0.00534567
 1.0124e-16 6.56791e-05 0.000638424 0.00424256 0.0192861 0.0600062 0.12785 0.186605 0.186622 0.127934 0.0602865 0.0200956 0.00627426 0.00507228 0.00848231 0.0139082 0.0200033 0.0250996 0.0275429 0.0265674 0.0227486 0.0176117 0.0127252 0.00898197 0.00648158 0.00486991
 1.01828e-16 6.17643e-05 0.000600371 0.00398968 0.0181365 0.0564295 0.12023 0.175483 0.175503 0.120326 0.0567538 0.0190732 0.00634173 0.00573731 0.00982466 0.0161621 0.0233163 0.0294021 0.0325335 0.0318274 0.027909 0.0224562 0.017171 0.0129878 0.00997859 0.0077653
 1.0277e-16 5.91621e-05 0.000575076 0.00382159 0.0173724 0.054052 0.115164 0.16809 0.168111 0.115268 0.0543985 0.0183736 0.00633641 0.00607022 0.0105108 0.0173229 0.0250415 0.0316833 0.0352589 0.0348375 0.0310733 0.0257112 0.0204931 0.0163331 0.0132436 0.0107982
 1.02307e-16 6.65253e-05 0.000646649 0.00429721 0.0195345 0.0607792 0.129497 0.189008 0.189022 0.129565 0.0610079 0.0201955 0.00595772 0.00427606 0.00697266 0.0114565 0.016578 0.0210166 0.0234688 0.0233274 0.0210224 0.01769 0.014452 0.0118769 0.00994124 0.00834504
 1.00396e-16 7.86458e-05 0.000764465 0.00508014 0.0230936 0.0718527 0.15309 0.22344 0.223444 0.153108 0.071912 0.0232649 0.00551017 0.00170337 0.00186222 0.00295527 0.00425212 0.00535238 0.00590625 0.0057537 0.00501419 0.00400266 0.00303854 0.00229713 0.00178902 0.00143563
 1.01108e-16 3.62751e-05 0.000352607 0.0023432 0.0106519 0.0331422 0.0706148 0.103075 0.103127 0.0708674 0.0339899 0.0130992 0.00848173 0.0137376 0.0254115 0.0418335 0.0599786 0.0748331 0.0813115 0.0770682 0.0639257 0.0467135 0.0304853 0.0182491 0.0104985 0.00617229
 1.01246e-16 7.63734e-05 0.000742376 0.00493335 0.0224263 0.0697766 0.148666 0.216984 0.216987 0.148683 0.0698317 0.0225863 0.00533724 0.00163191 0.00178866 0.00289559 0.00430154 0.00569438 0.00680069 0.00747619 0.00775483 0.00776416 0.00758654 0.00719735 0.00652424 0.00555359
 1.01606e-16 5.35786e-05 0.000520803 0.00346092 0.0157329 0.048951 0.104296 0.15223 0.152262 0.10445 0.049467 0.0172226 0.00719776 0.0086696 0.015504 0.0254797 0.036544 0.0456316 0.0496624 0.0472286 0.0394565 0.0292888 0.0197807 0.0127139 0.00831828 0.00587695
 1.03805e-16 5.53422e-05 0.000537946 0.00357484 0.0162507 0.0505622 0.107729 0.157238 0.15726 0.107834 0.0509167 0.0172761 0.00615354 0.00618332 0.0108237 0.0179274 0.0261 0.0334 0.0378581 0.0385193 0.0359366 0.0316611 0.0271835 0.0231992 0.0196387 0.0161809
 1.03446e-16 6.46339e-05 0.000628265 0.00417504 0.0189791 0.0590512 0.125815 0.183634 0.183649 0.125887 0.0592905 0.0196707 0.00591285 0.00442862 0.007302 0.0120217 0.0174352 0.022188 0.0249431 0.0250863 0.0230698 0.0200555 0.0171574 0.0148872 0.0131362 0.0115314
 1.023e-16 6.53943e-05 0.000635656 0.00422416 0.0192024 0.0597459 0.127296 0.185795 0.185811 0.127374 0.0600086 0.0199612 0.00612937 0.00479624 0.0079715 0.0130867 0.0188733 0.023793 0.026324 0.0257661 0.0226498 0.0183605 0.0142921 0.0111916 0.00907541 0.0075719
 1.05601e-16 3.01505e-05 0.000293073 0.00194758 0.00885344 0.0275466 0.0586928 0.0856743 0.085724 0.058936 0.0283632 0.0112126 0.0078711 0.0132296 0.0246149 0.0406869 0.0587032 0.0740171 0.081894 0.0801284 0.0703234 0.0567372 0.0436756 0.0334826 0.0262911 0.0210714
 1.05816e-16 6.46067e-05 0.000628 0.00417328 0.0189711 0.0590263 0.125762 0.183555 0.183563 0.125803 0.0591637 0.0193699 0.00518179 0.0028542 0.00436482 0.0073026 0.0109549 0.0147003 0.0179271 0.0203224 0.0219716 0.0231238 0.0238426 0.0238775 0.022862 0.0206342
 1.05132e-16 5.54462e-05 0.000538957 0.00358156 0.0162813 0.0506572 0.107931 0.157534 0.15756 0.108055 0.0510729 0.017482 0.00659525 0.00711707 0.0125467 0.0206514 0.0297417 0.0374093 0.0412537 0.0402061 0.0351856 0.0284877 0.022401 0.0181164 0.015564 0.0139741
 1.07971e-16 3.97915e-05 0.000386788 0.00257034 0.0116844 0.0363548 0.0774589 0.113061 0.113096 0.0776295 0.0369277 0.0133409 0.006734 0.00949512 0.017394 0.0288384 0.0418789 0.0533741 0.0601238 0.0606222 0.0558851 0.0486147 0.0414266 0.035566 0.0308767 0.0266204
 1.06038e-16 6.35948e-05 0.000618164 0.00410792 0.018674 0.0581018 0.123793 0.180681 0.180693 0.123848 0.0582886 0.0192147 0.00547016 0.00360906 0.00579438 0.0096116 0.014153 0.0184602 0.0215932 0.023117 0.0233114 0.0228651 0.0223193 0.0217309 0.0207753 0.0191062
 1.04175e-16 5.99887e-05 0.000583111 0.00387498 0.0176151 0.0548072 0.116773 0.170439 0.170459 0.116875 0.0551479 0.0185992 0.00634552 0.00597726 0.0103076 0.0169547 0.0244424 0.0307956 0.0340513 0.0333261 0.0293482 0.0239596 0.0189965 0.015415 0.0131706 0.0116758
 1.07732e-16 3.22919e-05 0.000313889 0.0020859 0.00948224 0.029503 0.0628609 0.0917565 0.0918005 0.0630761 0.030226 0.0115718 0.00733521 0.0117875 0.0218649 0.0362058 0.052409 0.0664411 0.0741896 0.0737325 0.0664264 0.0558673 0.0456139 0.0374849 0.0314283 0.0265045
 1.15121e-16 3.94605e-05 0.00038357 0.00254896 0.0115872 0.0360522 0.0768139 0.112117 0.112138 0.0769186 0.0364048 0.0126097 0.00513139 0.00607384 0.0110018 0.0185337 0.0276519 0.0367872 0.0443251 0.0494838 0.0526181 0.0546148 0.055926 0.0561215 0.054289 0.0498291
 1.0535e-16 7.10903e-05 0.000691023 0.00459209 0.020875 0.0649499 0.138383 0.201975 0.201982 0.138416 0.0650614 0.0211975 0.0054037 0.0024699 0.00347102 0.0056839 0.00832221 0.010775 0.0124835 0.0132259 0.0132484 0.0130677 0.0130958 0.0133851 0.0136548 0.0135189
pSPR Fmed_Fpbrs
0.542431   0.6 0.325
Fs Fmed_Fpbrs
0.363073   0.297272 0.734671
SSBpbr Bo_Bmed_Bpbrs
1.52172e+06  749341  836945 418472
Ro
141063
SPR SPRFo_SPRFmed_SPRFpbrs
1.00685e+06 546148 327227
Fref
0.297272
Nvult_r0
 167488 13358.8 5341.37 5423.44 1756.56
CTP_r0
 30349.5 3138.58 1274.83 1295.5 419.608
YTP_r0
391297
Np
 182074 54314.9 19260.8 1354.85 683.524
Nvult_p0
 127759 39376.6 13995.5 984.594 496.733
CTP_p0
 22139.1 11440 824.494 327.107 421.227
 22139.1 8872.67 3204.23 225.611 113.827
YTP_p0
 388015 389447
CBA_c0
388445
log_Ro
11.677
likeval ReclasPelacesDesembMPH_pf_preclas_ppelaces_ptallas_desvR_qrecl_qpela
 12.7405 16.9201 0.0394557 0.000819133 240.593 117.363 99.2026 0 23.9055 2.87823e-06 1.49526e-05 0.199231 7.05291e-16 0 0
q_reclas_q_pelaces
1.27177 1.73349
M
1
N
 172736 36612 94020.6 6270.71 0.227936
 94979.6 55205.7 11080 28338.2 1889.67
 96035 26966.5 14176.3 2824 7701.2
 147895 27402.9 6972.98 3638.87 2700.58
 119581 37032.8 5911.05 1487.5 1351.53
 216118 38723.1 11413.6 1815.09 871.596
 85229.2 62879.3 10287 3011.59 708.649
 36445.7 18316 10971 1767.17 638.549
 35541 12232.2 5932.56 3544.1 777.041
 47903.1 9068.38 2708.36 1299.72 946.143
 89536.5 10583.5 1644.19 483.869 400.916
 128699 29405.3 3326.21 515.049 277.112
 107611 29906.4 5718.35 638.305 151.907
 75116.6 25758.3 6059.99 1144.42 158.039
 69629.6 13106.7 3365.83 774.969 166.368
 374755 14940.3 2281.87 576.93 161.216
 76466.4 90258.2 3053.39 460.678 148.923
 601732 21403.5 22724.2 762.7 152.205
 340211 170503 5481.01 5775.48 232.433
 264554 86774.2 37732.1 1200.17 1314.8
 372936 69171.1 19875.3 8557.51 570.075
 508944 105050 17568.7 5009.31 2299.53
 100427 133768 24236.7 4014.18 1669.07
 297931 30237.8 37267.1 6713.22 1573.68
 250462 91776.9 8695.31 10661.8 2370.16
 111473 77215.7 26420.9 2490.47 3731.53
 250771 35557.8 23305.6 7941.64 1869.79
 280718 77218.9 10219.5 6663.82 2804.63
 82423.2 88800.6 23038.6 3035.76 2811.98
 61148.8 26415.6 26977.9 6971.36 1769.11
 237519 18314.9 7305.73 7417.04 2402.24
pred_Ctot
 14496.4 4170.56 10915.3 728.731 0.0264903
 13994.5 10849.6 2216.42 5674.05 378.381
 13904.3 5211.44 2788.71 556.053 1516.46
 30799.6 7479.94 1934.88 1010.6 750.052
 9146.99 3852.71 626.831 157.901 143.475
 29119.2 6983.83 2095.76 333.606 160.204
 23394.5 22177.9 3683.15 1079.12 253.936
 2034.88 1398.56 854.236 137.741 49.7739
 7091.42 3207.19 1581.52 945.632 207.339
 12602.8 3076.32 932.896 448.052 326.177
 6127.91 987.28 156.365 46.0638 38.1688
 31098.7 9221.56 1059.63 164.216 88.3572
 24603.5 8908.47 1730.84 193.367 46.0204
 26492.9 11389.2 2715.28 513.136 70.8645
 19156.7 4632.57 1207.63 278.273 59.7412
 84653.1 4400.53 682.981 172.827 48.2966
 11818.6 18569.5 639.319 96.5467 31.212
 89271.7 4234.21 4575.65 153.719 30.6778
 67939.9 44740.4 1462.32 1542.24 62.0702
 49733.6 21507.8 9511.19 302.8 331.735
 56447.8 13949.2 4079.3 1758.03 117.12
 94403.2 25709.6 4373.02 1247.98 572.916
 11714.6 20991.6 3873.67 642.198 267.036
 31076.4 4257.48 5345.54 963.887 225.961
 26016.4 12869.9 1242.21 1524.66 338.954
 9475.78 8906.71 3105.92 293.064 439.128
 26211.3 5016.57 3349.61 1142.55 269.017
 25171.3 9383.77 1265.54 826.046 347.679
 6787.94 9930.72 2625.88 346.359 320.844
 7304.69 4241.83 4411.97 1141.2 289.616
 30349.5 3138.58 1274.83 1295.5 419.608
F
 0.140696 0.195237 0.199304 0.199522 0.199534
 0.259067 0.359496 0.366984 0.367387 0.367408
 0.254063 0.352552 0.359895 0.36029 0.360311
 0.384696 0.533826 0.544945 0.545543 0.545574
 0.127554 0.177002 0.180688 0.180887 0.180897
 0.234606 0.325553 0.332333 0.332698 0.332717
 0.537571 0.745964 0.761501 0.762337 0.762381
 0.0917495 0.127317 0.129968 0.130111 0.130119
 0.365892 0.507733 0.518308 0.518877 0.518906
 0.509886 0.707547 0.722284 0.723076 0.723118
 0.113473 0.157461 0.160741 0.160917 0.160926
 0.459403 0.637493 0.650771 0.651485 0.651523
 0.429764 0.596365 0.608786 0.609454 0.609489
 0.74592 1.03508 1.05664 1.0578 1.05786
 0.53913 0.748127 0.763709 0.764547 0.764591
 0.423597 0.587807 0.60005 0.600708 0.600743
 0.273299 0.379245 0.387144 0.387569 0.387591
 0.261061 0.362263 0.369808 0.370214 0.370235
 0.366258 0.50824 0.518826 0.519395 0.519425
 0.341462 0.473832 0.483701 0.484232 0.48426
 0.266971 0.370464 0.37818 0.378595 0.378617
 0.336227 0.466568 0.476286 0.476808 0.476836
 0.200337 0.277999 0.283789 0.284101 0.284117
 0.177501 0.24631 0.25144 0.251716 0.25173
 0.176706 0.245207 0.250314 0.250588 0.250603
 0.142623 0.197912 0.202034 0.202255 0.202267
 0.177896 0.246858 0.251999 0.252276 0.252291
 0.150956 0.209475 0.213838 0.214073 0.214085
 0.137911 0.191373 0.195359 0.195574 0.195585
 0.205597 0.285297 0.29124 0.291559 0.291576
 0.221305 0.307096 0.313492 0.313836 0.313854
YTP_r0W_actual
 251901 44254 35185.3 44306 15651.4
YTP_p0W_proyectada
 165822 179265 19070.6 9607.13 14250.1
 165822 139035 74113.7 6626.19 3850.76
CTP_r0_actual
 30349.5 3138.58 1274.83 1295.5 419.608
CTP_p0_proyectada
 22139.1 11440 824.494 327.107 421.227
 22139.1 8872.67 3204.23 225.611 113.827
Wmedp
 7.49 15.67 23.13 29.37 33.83
Frms_r0
 0.221305 0.307096 0.313492 0.313836 0.313854
Zrms_r0
 1.22131 1.3071 1.31349 1.31384 1.31385
nmprior
 8.19 8.8 8.5 0
nm_flota  nm_reclas  nm_pelaces    nm_pelaL
inf 13.6126 17.2121 40.419
cv_recla  cv_pelaces  cv_mph
0.322863 0.466416 0.883248
 ------------------------------------------------
Talla a la edad & desviaci?n 
 8 13.2811 15.8009 17.003 17.5766
 0.8 1.32811 1.58009 1.7003 1.75766
