    unsorted:	 2.349218307e-06 5.757100581e-05 9.843057737e-05 0.001099991304 4.035596885 1.971578380 7.201480611 13.70552420 61.23659795 79.92566171 166.2467647 232.7107914 220.2517053 273.0439993 476.0408261 542.0353781 674.3211507 798.5998815 829.1602772 905.7967605 938.5765901 979.3205939 1052.446467 1148.412065 1251.590179 1342.243117 1553.069912 1594.321944 1858.445251 1898.102085 2078.286907 2201.154349 2490.838631 2457.209977 2522.896272 2623.149721 2821.167086 2897.823136 3187.949333 3266.897195 3726.589773 3954.298438 4340.313841 8957.235325 41107.67474 158298.4720 382218.5443 378065.0259 390533.8351 358234.8087 360012.2979 405400.2196 425002.4007 451304.8269 444376.3349 321104.4412 252822.6301 506656.1790 607173.0963 639078.6236 677338.7182 694211.3858 705215.1467 961584.0553 1068863.120 1138962.953 1223516.780 1400689.303 1500486.113 1706313.697 1818256.503 2365649.332 2437687.719 2473025.424 2738836.394 2966519.382 3304931.279
      sorted:	 2.349218307e-06 5.757100581e-05 9.843057737e-05 0.001099991304 1.971578380 4.035596885 7.201480611 13.70552420 61.23659795 79.92566171 166.2467647 220.2517053 232.7107914 273.0439993 476.0408261 542.0353781 674.3211507 798.5998815 829.1602772 905.7967605 938.5765901 979.3205939 1052.446467 1148.412065 1251.590179 1342.243117 1553.069912 1594.321944 1858.445251 1898.102085 2078.286907 2201.154349 2457.209977 2490.838631 2522.896272 2623.149721 2821.167086 2897.823136 3187.949333 3266.897195 3726.589773 3954.298438 4340.313841 8957.235325 41107.67474 158298.4720 252822.6301 321104.4412 358234.8087 360012.2979 378065.0259 382218.5443 390533.8351 405400.2196 425002.4007 444376.3349 451304.8269 506656.1790 607173.0963 639078.6236 677338.7182 694211.3858 705215.1467 961584.0553 1068863.120 1138962.953 1223516.780 1400689.303 1500486.113 1706313.697 1818256.503 2365649.332 2437687.719 2473025.424 2738836.394 2966519.382 3304931.279
