years
 1991 1992 1993 1994 1995 1996 1997 1998 1999 2000 2001 2002 2003 2004 2005 2006 2007 2008 2009 2010 2011 2012 2013 2014 2015 2016 2017 2018 2019 2020 2021
reclasobs
 0 0 0 0 0 0 0 0 0 252601 567819 844713 477998 351125 339783 2.1784e+06 2.13404e+06 4.81314e+06 1.55562e+06 2.62356e+06 3.21686e+06 3.843e+06 1.13348e+06 3.07943e+06 1.97215e+06 2.03268e+06 2.025e+06 2.42433e+06 2.27542e+06 1.05018e+06 2.36338e+06
reclaspred
 3.25133e+06 1.82679e+06 925372 921801 916982 1.44289e+06 915473 811634 593105 434098 498291 639640 631816 495916 502353 1.29682e+06 1.26325e+06 2.83436e+06 2.33665e+06 1.74148e+06 3.07743e+06 2.50121e+06 1.99296e+06 3.06239e+06 2.30166e+06 2.03591e+06 2.40947e+06 2.55923e+06 2.10514e+06 1.3347e+06 1.92813e+06
pelacesobs
 0 0 0 0 0 0 0 0 0 0 0 0 0 0 0 552880 188675 0 991730 2.46772e+06 1.41603e+06 1.21717e+06 2.29649e+06 1.80582e+06 0 1.4828e+06 1.56532e+06 1.57751e+06 1.42118e+06 867257 1.10002e+06
pelacespred
 1.77055e+06 1.1083e+06 562836 457864 473399 768869 454362 495024 350236 243273 287956 308998 335221 278153 289059 619184 604010 1.55781e+06 1.32862e+06 919770 1.56891e+06 1.38609e+06 1.10065e+06 1.84882e+06 1.34145e+06 1.18224e+06 1.59221e+06 1.6684e+06 1.13058e+06 814501 1.15869e+06
mphobs
 0 0 0 0 0 0 0 0 0 0 0 498337 0 5186 125008 0 168611 109162 213762 579715 649985 157893 87575 83554 0 0 0 0 0 0 0
mphpred
 489716 327901 163974 89448.2 97757.8 110238 144928 91011.1 80475 55725.7 37024.2 58719.2 63241 53834.7 36912.9 46598 149206 142985 280835 212464 227032 279958 266184 220197 305579 252096 207509 220822 307819 210923 132876
desembarqueobs
 494567 514787 250237 358949 120608 361735 552515 73892 212993 205616 52469 317467 293654 387597 252695 516296 358380 742168 942051 627588 828172 859565 418607 520667 417249 300574 415391 372974 316634 284311 391294
desembarquepred
 494574 513462 250895 358978 120613 361749 552564 73896.2 213041 205660 52471.5 317534 293707 387639 252692 516264 358403 742076 941867 627465 828240 859587 418617 520691 417250 300576 415391 372960 316628 284319 391298
Reclutas
 203673 114813 114683 193429 154911 264517 109610 50123.7 47319.6 62827.3 116450 152970 127847 89557.5 89790.1 483198 104440 744807 428977 330532 489168 656465 138154 407666 343852 154519 346004 388766 115750 84007.7 313533
log_desv_Rt
 0.107803 -0.46541 -0.466541 0.0561935 -0.165865 0.369191 -0.511785 -1.29422 -1.35179 -1.06833 -0.451254 -0.178471 -0.357882 -0.713833 -0.71124 0.971711 -0.560103 1.40441 0.852689 0.591988 0.98399 1.27815 -0.280344 0.801734 0.631496 -0.168397 0.637735 0.754263 -0.457284 -0.777806 0.539191
SSB
 3.34965e+06 2.24284e+06 1.12158e+06 611825 668662 754023 991309 622515 550448 381163 253245 401639 432568 368229 252484 318730 1.02057e+06 978017 1.92091e+06 1.45325e+06 1.5529e+06 1.91491e+06 1.82069e+06 1.50615e+06 2.09016e+06 1.72434e+06 1.41936e+06 1.51042e+06 2.10548e+06 1.44271e+06 908868
BT
 4.50004e+06 3.06354e+06 1.54767e+06 1.35757e+06 1.18641e+06 2.08097e+06 1.54342e+06 1.20592e+06 1.01916e+06 759662 709407 979106 1.03989e+06 1.04483e+06 920119 1.84661e+06 1.67253e+06 4.24667e+06 3.96955e+06 2.68476e+06 4.28983e+06 3.99901e+06 2.90239e+06 4.74689e+06 3.47761e+06 2.99192e+06 4.09504e+06 4.22092e+06 2.86769e+06 2.1536e+06 3.0427e+06
Ftot
 0.126499 0.229843 0.223851 0.338491 0.11409 0.223698 0.491217 0.0785902 0.306817 0.401004 0.0969717 0.430025 0.401333 0.664756 0.452223 0.372786 0.238969 0.241643 0.345523 0.310691 0.237449 0.300472 0.176505 0.154402 0.156028 0.126211 0.155554 0.132861 0.124321 0.178047 0.186035
BD_Bspro_t
 0.979964 0.853702 0.700614 0.613725 0.604694 0.676772 0.667266 0.508773 0.56482 0.523653 0.492212 0.687853 0.574399 0.486632 0.381325 0.439009 0.609266 0.586415 0.678799 0.585038 0.556327 0.604313 0.62004 0.613738 0.71483 0.723047 0.729959 0.762925 0.804027 0.74333 0.681327
BD_Bspro
 2.56273 1.71594 0.858092 0.468092 0.511577 0.576884 0.758425 0.47627 0.421134 0.291618 0.193751 0.307284 0.330947 0.281722 0.193169 0.243852 0.780811 0.748256 1.46964 1.11184 1.18808 1.46505 1.39297 1.15232 1.59913 1.31925 1.08592 1.15558 1.61085 1.10378 0.695352
BD_Bo
 1.71053 1.14533 0.572746 0.312434 0.341459 0.385049 0.506222 0.317893 0.281092 0.194645 0.129322 0.205101 0.220895 0.18804 0.128933 0.162763 0.521163 0.499434 0.980931 0.742116 0.793003 0.977869 0.929755 0.769129 1.06736 0.88055 0.724812 0.77131 1.07518 0.736734 0.464122
BD_Brms
 10.734 7.18717 3.5941 1.96059 2.14273 2.41627 3.17665 1.99485 1.76391 1.22144 0.811524 1.28705 1.38616 1.17999 0.809084 1.02137 3.27041 3.13406 6.15555 4.65694 4.97627 6.13634 5.83442 4.82645 6.6979 5.52564 4.54835 4.84014 6.747 4.62316 2.91247
Sel_flota
 0.80891 1 1 1 1
 0.80891 1 1 1 1
 0.80891 1 1 1 1
 0.80891 1 1 1 1
 0.80891 1 1 1 1
 0.80891 1 1 1 1
 0.80891 1 1 1 1
 0.80891 1 1 1 1
 0.80891 1 1 1 1
 0.80891 1 1 1 1
 0.80891 1 1 1 1
 0.80891 1 1 1 1
 0.80891 1 1 1 1
 0.80891 1 1 1 1
 0.80891 1 1 1 1
 0.80891 1 1 1 1
 0.80891 1 1 1 1
 0.80891 1 1 1 1
 0.80891 1 1 1 1
 0.80891 1 1 1 1
 0.80891 1 1 1 1
 0.80891 1 1 1 1
 0.80891 1 1 1 1
 0.80891 1 1 1 1
 0.80891 1 1 1 1
 0.80891 1 1 1 1
 0.80891 1 1 1 1
 0.80891 1 1 1 1
 0.80891 1 1 1 1
 0.80891 1 1 1 1
 0.80891 1 1 1 1
Sel_reclas
 1 1 1 1 1
 1 1 1 1 1
 1 1 1 1 1
 1 1 1 1 1
 1 1 1 1 1
 1 1 1 1 1
 1 1 1 1 1
 1 1 1 1 1
 1 1 1 1 1
 1 1 1 1 1
 1 1 1 1 1
 1 1 1 1 1
 1 1 1 1 1
 1 1 1 1 1
 1 1 1 1 1
 1 1 1 1 1
 1 1 1 1 1
 1 1 1 1 1
 1 1 1 1 1
 1 1 1 1 1
 1 1 1 1 1
 1 1 1 1 1
 1 1 1 1 1
 1 1 1 1 1
 1 1 1 1 1
 1 1 1 1 1
 1 1 1 1 1
 1 1 1 1 1
 1 1 1 1 1
 1 1 1 1 1
 1 1 1 1 1
Sel_pelaces
 1 1 1 1 1
 1 1 1 1 1
 1 1 1 1 1
 1 1 1 1 1
 1 1 1 1 1
 1 1 1 1 1
 1 1 1 1 1
 1 1 1 1 1
 1 1 1 1 1
 1 1 1 1 1
 1 1 1 1 1
 1 1 1 1 1
 1 1 1 1 1
 1 1 1 1 1
 1 1 1 1 1
 1 1 1 1 1
 1 1 1 1 1
 1 1 1 1 1
 1 1 1 1 1
 1 1 1 1 1
 1 1 1 1 1
 1 1 1 1 1
 1 1 1 1 1
 1 1 1 1 1
 1 1 1 1 1
 1 1 1 1 1
 1 1 1 1 1
 1 1 1 1 1
 1 1 1 1 1
 1 1 1 1 1
 1 1 1 1 1
pf_obs 
 0.8446 0.082 0.0669 0.0065 0
 0.8095 0.147 0.0364 0.0071 0
 0.9664 0.0169 0.016 0.0007 0
 0.9276 0.0648 0.0075 0.0001 0
 0.7033 0.2144 0.0806 0.0017 0
 0.9318 0.0425 0.0243 0.0014 0
 0.5671 0.3108 0.0964 0.0239 0.0018
 0.0768 0.2599 0.5324 0.112 0.0189
 0.490249 0.384438 0.106611 0.0170017 0.00170017
 0.7925 0.1577 0.0466 0.003 0.0002
 0.840416 0.127587 0.0312969 0.00059994 9.999e-05
 0.8084 0.0986 0.0794 0.0134 0.0002
 0.7335 0.1905 0.0724 0.0035 0.0001
 0.4001 0.4547 0.1325 0.0127 0
 0.49795 0.308269 0.164784 0.0264974 0.00249975
 0.9179 0.0499 0.0305 0.0017 0
 0.2467 0.6533 0.0926 0.0074 0
 0.9418 0.0223 0.034 0.0019 0
 0.707729 0.231977 0.0356964 0.0245975 0
 0.517169 0.277429 0.184464 0.0207286 0.00020938
 0.811772 0.124168 0.05621 0.00726502 0.000585176
 0.764997 0.148141 0.077277 0.00933861 0.000247198
 0.163321 0.427699 0.378323 0.0303852 0.000271297
 0.753843 0.0900009 0.118128 0.0371064 0.000921714
 0.721811 0.176058 0.0630433 0.0369309 0.00215725
 0.143369 0.312575 0.442814 0.0836902 0.0175525
 0.692698 0.0596174 0.167031 0.0765114 0.00414204
 0.394062 0.376323 0.152708 0.0712218 0.00568511
 0.125707 0.32114 0.495352 0.0537591 0.00404204
 0.23352 0.215282 0.420074 0.123614 0.00750983
 0.774587 0.0839891 0.0768558 0.0609784 0.00358967
pf_pred 
 0.443439 0.121733 0.410553 0.0242735 7.89779e-07
 0.411228 0.294259 0.0644171 0.217251 0.0128451
 0.558404 0.207506 0.116994 0.0256116 0.0914838
 0.737424 0.16173 0.0473876 0.0267177 0.0267408
 0.646602 0.276749 0.0472107 0.013833 0.0156051
 0.744652 0.177763 0.060758 0.0103647 0.00646288
 0.471182 0.416266 0.0783538 0.0267807 0.00741722
 0.447735 0.297425 0.200601 0.0377591 0.0164802
 0.53234 0.235123 0.125233 0.0844649 0.022838
 0.695751 0.180465 0.0622342 0.0331477 0.0284017
 0.809404 0.142494 0.0285318 0.00983933 0.00973106
 0.730745 0.226567 0.0319145 0.00639031 0.0043832
 0.67628 0.25223 0.0601561 0.00847368 0.00286049
 0.61997 0.277494 0.0798915 0.0190539 0.00358999
 0.728038 0.186554 0.0623647 0.017955 0.00508904
 0.93167 0.0531108 0.01044 0.00349008 0.0012896
 0.382424 0.584377 0.0258046 0.00507241 0.00232227
 0.895108 0.0461863 0.05555 0.00245294 0.000702926
 0.591331 0.374169 0.0151912 0.018271 0.001038
 0.598771 0.26103 0.128363 0.00521152 0.00662418
 0.736685 0.172898 0.0588231 0.0289267 0.00266717
 0.740586 0.202449 0.0374045 0.0127257 0.00683497
 0.319567 0.534217 0.114108 0.0210826 0.0110251
 0.738065 0.09744 0.129147 0.0275856 0.00776205
 0.623921 0.293331 0.0307824 0.040799 0.0111667
 0.433576 0.382968 0.14309 0.015016 0.0253495
 0.72996 0.132256 0.0931582 0.0348072 0.00981905
 0.686307 0.242418 0.0349079 0.0245884 0.0117788
 0.350463 0.476123 0.134012 0.0192976 0.0201043
 0.41926 0.234329 0.253926 0.0714714 0.0210138
 0.820884 0.0853737 0.0378251 0.0409885 0.0149289
pobs_RECLAS
 0 0 0 0 0
 0 0 0 0 0
 0 0 0 0 0
 0 0 0 0 0
 0 0 0 0 0
 0 0 0 0 0
 0 0 0 0 0
 0 0 0 0 0
 0 0 0 0 0
 0 0 0 0 0
 0.991045 0.00858322 0.000360255 1.14367e-05 0
 0.934742 0.0480273 0.0164251 0.00080598 0
 0.827803 0.169806 0.00239088 0 0
 0.941827 0.0461693 0.0120037 0 0
 0.791401 0.0380133 0.147996 0.0225897 0
 0.846168 0.0940531 0.0597789 0 0
 0.134021 0.677848 0.182769 0.00536245 0
 0.80878 0.0450904 0.141981 0.00414843 0
 0.846168 0.0940531 0.0597789 0 0
 0.905697 0.0802665 0.012482 0.00150086 5.37128e-05
 0.989698 0.0102097 9.19794e-05 0 0
 0.975433 0.0193895 0.00387452 0.00125025 5.28907e-05
 0.303575 0.632131 0.0575291 0.00676475 0
 0.966965 0.00978017 0.0227588 0.000495775 0
 0.843318 0.132988 0.00938335 0.0141283 0.000182051
 0.564624 0.303363 0.111486 0.0197234 0.00080311
 0.826376 0.0876187 0.0782897 0.00655872 0.00115652
 0.89761 0.0855135 0.0140674 0.00269457 0.000114338
 0.34875 0.467042 0.161289 0.0227151 0.000203297
 0.318654 0.224769 0.449479 0.00709798 0
 0.937255 0.0296025 0.0250945 0.00804832 0
ppred_RECLAS
 0.496763 0.11007 0.371219 0.0219479 7.14111e-07
 0.464434 0.267668 0.0585959 0.197618 0.0116844
 0.610863 0.182855 0.103096 0.0225691 0.080616
 0.777566 0.137005 0.0401431 0.0226332 0.0226527
 0.693847 0.239751 0.0408991 0.0119836 0.0135189
 0.783561 0.150676 0.0514999 0.00878536 0.00547809
 0.526872 0.372429 0.0701023 0.0239605 0.00663611
 0.500889 0.268798 0.181294 0.0341249 0.014894
 0.586057 0.208117 0.110849 0.0747631 0.0202147
 0.740325 0.154026 0.0531166 0.0282914 0.0242407
 0.840219 0.119456 0.0239189 0.00824854 0.00815778
 0.772009 0.191845 0.0270235 0.00541097 0.00371146
 0.72257 0.216162 0.051554 0.00726198 0.00245145
 0.672113 0.23942 0.0689299 0.0164396 0.00309742
 0.769694 0.157979 0.0528124 0.0152048 0.00430955
 0.944402 0.0432144 0.00849467 0.00283976 0.0010493
 0.434703 0.534908 0.0236202 0.00464302 0.00212568
 0.913778 0.0379656 0.0456627 0.00201634 0.000577813
 0.643035 0.32683 0.0132692 0.0159594 0.000906674
 0.649897 0.227769 0.112007 0.00454745 0.00578011
 0.776496 0.146757 0.0499296 0.0245532 0.00226392
 0.78023 0.17151 0.0316882 0.0107809 0.00579042
 0.36807 0.496137 0.105974 0.0195798 0.0102392
 0.777429 0.0827965 0.109739 0.02344 0.00659555
 0.672842 0.255174 0.0267781 0.0354918 0.00971413
 0.48675 0.347016 0.129658 0.0136064 0.0229698
 0.770167 0.112564 0.0792877 0.0296247 0.00835707
 0.730527 0.208245 0.029987 0.0211223 0.0101184
 0.400645 0.439339 0.123659 0.0178067 0.0185511
 0.472397 0.212888 0.230692 0.0649318 0.0190911
 0.850407 0.0713017 0.0315905 0.0342324 0.0124682
pobs_PELACES
 0 0 0 0 0
 0 0 0 0 0
 0 0 0 0 0
 0 0 0 0 0
 0 0 0 0 0
 0 0 0 0 0
 0 0 0 0 0
 0 0 0 0 0
 0 0 0 0 0
 0 0 0 0 0
 0 0 0 0 0
 0 0 0 0 0
 0 0 0 0 0
 0 0 0 0 0
 0 0 0 0 0
 0 0 0 0 0
 0.505614 0.472636 0.0217494 0 0
 0 0 0 0 0
 0.443492 0.261883 0.143347 0.151278 0
 0.227955 0.32914 0.350689 0.0885471 0.00366901
 0.970185 0.0296113 0.000203453 0 0
 0.997202 0.00247181 0.000326279 0 0
 0.445219 0.490057 0.0546422 0.010081 0
 0.90214 0.0892962 0.00764917 0.000914606 0
 0 0 0 0 0
 0.581667 0.319106 0.0959925 0.00289975 0.000334073
 0.762889 0.0836404 0.116647 0.0363945 0.000428098
 0.88444 0.0763242 0.0277011 0.0115352 0
 0.521256 0.241999 0.230069 0.00667565 0
 0.616807 0.101726 0.260614 0.0208532 0
 0.833518 0.0704572 0.0857862 0.0102388 0
ppred_PELACES
 0.498757 0.109634 0.369747 0.0218609 7.11281e-07
 0.468041 0.265865 0.0582013 0.196287 0.0116057
 0.614214 0.181281 0.102208 0.0223748 0.079922
 0.781236 0.134745 0.0394808 0.0222598 0.022279
 0.695373 0.238556 0.0406953 0.0119239 0.0134515
 0.785944 0.149017 0.0509329 0.00868865 0.00541778
 0.534586 0.366357 0.0689593 0.0235698 0.0065279
 0.502128 0.268131 0.180844 0.0340402 0.014857
 0.590743 0.205761 0.109594 0.0739168 0.0199859
 0.745157 0.15116 0.0521283 0.027765 0.0237897
 0.841038 0.118844 0.0237963 0.00820625 0.00811595
 0.776747 0.187858 0.026462 0.00529853 0.00363433
 0.727615 0.212232 0.0506166 0.00712993 0.00240688
 0.681283 0.232724 0.067002 0.0159798 0.00301079
 0.77471 0.154539 0.0516621 0.0148737 0.00421569
 0.945623 0.042265 0.00830804 0.00277737 0.00102625
 0.43841 0.531401 0.0234653 0.00461257 0.00211175
 0.914971 0.0374403 0.0450308 0.00198844 0.000569818
 0.64802 0.322265 0.0130839 0.0157365 0.00089401
 0.654341 0.224877 0.110585 0.00448972 0.00570673
 0.779084 0.145058 0.0493515 0.0242689 0.00223771
 0.783462 0.168988 0.0312222 0.0106224 0.00570527
 0.370662 0.494101 0.105539 0.0194995 0.0101972
 0.77911 0.0821715 0.10891 0.0232631 0.00654577
 0.675004 0.253487 0.0266011 0.0352572 0.00964993
 0.488738 0.345672 0.129155 0.0135537 0.0228808
 0.771898 0.111716 0.0786903 0.0294015 0.0082941
 0.732174 0.206973 0.0298039 0.0209932 0.0100565
 0.402529 0.437958 0.12327 0.0177507 0.0184928
 0.475196 0.211759 0.229468 0.0645873 0.0189898
 0.851894 0.0705933 0.0312766 0.0338923 0.0123443
pobs_pel_tallas
 0 0 0 0 0 0 0 0 0 0 0 0 0 0 0 0 0 0 0 0 0 0 0 0 0 0
 0 0 0 0 0 0 0 0 0 0 0 0 0 0 0 0 0 0 0 0 0 0 0 0 0 0
 0 0 0 0 0 0 0 0 0 0 0 0 0 0 0 0 0 0 0 0 0 0 0 0 0 0
 0 0 0 0 0 0 0 0 0 0 0 0 0 0 0 0 0 0 0 0 0 0 0 0 0 0
 0 0 0 0 0 0 0 0 0 0 0 0 0 0 0 0 0 0 0 0 0 0 0 0 0 0
 0 0 0 0 0 0 0 0 0 0 0 0 0 0 0 0 0 0 0 0 0 0 0 0 0 0
 0 0 0 0 0 0 0 0 0 0 0 0 0 0 0 0 0 0 0 0 0 0 0 0 0 0
 0 0 0 0 0 0 0 0 0 0 0 0 0 0 0 0 0 0 0 0 0 0 0 0 0 0
 0 0 0 0 0 0 0 0 0 0 0 0 0 0 0 0 0 0 0 0 0 0 0 0 0 0
 0 0 0 0 0 0 0 0 0 0 0 0 0 0 0 0 0 0 0 0 0 0 0 0 0 0
 0 0 0 0 0 0 0 0 0 0 0 0 0 0 0 0 0 0 0 0 0 0 0 0 0 0
 0 0 0 0 0 0 0 0 0 0 0 0 0 0 0 0 0 0 0 0 0 0 0 0 0 0
 0.00862536 0 0 0.000197151 0.00414017 0.0128641 0.00837892 0.0270097 0.101434 0.158115 0.152841 0.127902 0.109271 0.109419 0.0830992 0.0579132 0.0238553 0.00714673 0.00463305 0.00128148 0.00103504 0.000492878 0.000147863 0.000147863 4.92878e-05 0
 0 0 0 0 0 0 0 0 0 0 0 0 0 0 0 0 0 0 0 0 0 0 0 0 0 0
 0 0 0 0 0 0 0 0.0054083 0.00873648 0.0413646 0.0450493 0.0745869 0.0622846 0.0627006 0.0613931 0.0827291 0.12552 0.122667 0.0946155 0.0697135 0.0546179 0.0294188 0.0215738 0.0213955 0.0102223 0.00600262
 0 0 0 0 0.00359764 0.0251062 0.0480494 0.140153 0.205849 0.193036 0.1447 0.116669 0.0760912 0.0342217 0.00950174 0.001854 0.000860785 0 0 0 0.000165536 0 0.000143464 0 0 0
 0 0 0 0 0 0 0 0.000145254 0.000435761 0.0275982 0.070085 0.0708112 0.156366 0.174668 0.174014 0.160142 0.0824315 0.0480064 0.0283245 0.00493863 0.00203355 0 0 0 0 0
 0 0 0 0 0 0 0 0 0 0 0 0 0 0 0 0 0 0 0 0 0 0 0 0 0 0
 0 0 1.00437e-05 0.000401748 0.00122533 0.00171747 0.00176769 0.0269171 0.070346 0.194647 0.189555 0.159765 0.064822 0.0314167 0.0384472 0.0292271 0.0345202 0.0313363 0.0194345 0.0106764 0.0143323 0.0359363 0.0279516 0.0138201 0.00172751 0
 0 0.0021121 0.0136068 0.0755702 0.200478 0.177729 0.0527432 0.0373336 0.0318909 0.0142505 0.0149659 0.0166563 0.0217959 0.0798694 0.0677717 0.0528807 0.04013 0.0224614 0.0357745 0.0225083 0.00881397 0.00855152 0.00135912 0.000746735 0 0
 0 0 0 0 5.4009e-05 0.00500934 0.000945158 0.0243581 0.138947 0.33067 0.221406 0.137944 0.0707744 0.0437923 0.0131692 0.00525238 0.0047753 0.00276346 9.45158e-05 9.00151e-06 2.25038e-05 9.00151e-06 4.50075e-06 0 0 0
 0.000866109 0.00284123 0.00948549 0.0512746 0.133035 0.25785 0.225252 0.132002 0.0553304 0.0519788 0.0540692 0.017754 0.00435017 0.00159236 0.00146478 0.000404838 0.000125132 0.000115318 0.000107957 0.000100596 0 0 0 0 0 0
 0 0 0 0 0.00144013 0.00171154 0.00461396 0.0210425 0.0478622 0.0707936 0.0888783 0.103762 0.0637923 0.0337046 0.0602308 0.124433 0.169614 0.0934646 0.0462172 0.0250306 0.0313229 0.00938855 0.002487 0.000210481 0 0
 0 0.00764035 0.051015 0.0998891 0.058973 0.0496711 0.0374665 0.0718981 0.12319 0.153886 0.159021 0.0857701 0.0377988 0.023471 0.0147837 0.00900784 0.00315554 0.000888139 0.00291439 0.00214683 0.00393193 0.00274676 0.000635225 9.99891e-05 0 0
 0 0 0 0 0 0 0 0 0 0 0 0 0 0 0 0 0 0 0 0 0 0 0 0 0 0
 0 0 0 0 0 0 0 0 0 0 0 0 0 0 0 0 0 0 0 0 0 0 0 0 0 0
 0 0 0 0 0 0 0 0 0 0 0 0 0 0 0 0 0 0 0 0 0 0 0 0 0 0
 0 0 0 0 0 0 0 0 0 0 0 0 0 0 0 0 0 0 0 0 0 0 0 0 0 0
 0 0 0 0 0 0 0 0 0 0 0 0 0 0 0 0 0 0 0 0 0 0 0 0 0 0
 0 0 0 0 0 0 0 0 0 0 0 0 0 0 0 0 0 0 0 0 0 0 0 0 0 0
 0 0 0 0 0 0 0 0 0 0 0 0 0 0 0 0 0 0 0 0 0 0 0 0 0 0
ppred_pel_tallas
 1.12891e-16 4.1082e-05 0.000399331 0.0026537 0.0120633 0.0375336 0.0799696 0.11672 0.116731 0.0800242 0.0377185 0.0126044 0.00403846 0.00350988 0.00620467 0.0108588 0.0171859 0.0248249 0.0333128 0.0422422 0.0511594 0.0592096 0.0649542 0.0667509 0.0635777 0.055711
 1.23397e-16 3.85519e-05 0.000374739 0.00249027 0.0113204 0.0352222 0.0750456 0.109537 0.109562 0.0751713 0.0356448 0.0125424 0.00556364 0.00710459 0.012884 0.0214185 0.0313035 0.0403995 0.0466427 0.0493137 0.0495463 0.0495171 0.0509046 0.0538014 0.0567815 0.05787
 1.18765e-16 5.0592e-05 0.000491772 0.003268 0.0148559 0.0462222 0.098482 0.143741 0.143759 0.0985681 0.0465118 0.0156942 0.00537941 0.00512493 0.00892137 0.0148602 0.0218622 0.028491 0.0333429 0.0358599 0.0366647 0.0370517 0.0380343 0.0397033 0.0412964 0.0417636
 1.07177e-16 6.43494e-05 0.000625499 0.00415666 0.0188956 0.0587913 0.125261 0.182825 0.182839 0.125325 0.0590052 0.0195142 0.00571156 0.00402733 0.00654759 0.0107836 0.015676 0.0200382 0.0227198 0.0232308 0.0220366 0.0202149 0.0187471 0.0179972 0.0176923 0.0172738
 1.04708e-16 5.7277e-05 0.000556753 0.00369982 0.0168189 0.0523299 0.111495 0.162735 0.162758 0.111608 0.0527074 0.0179095 0.00643829 0.00653742 0.0114235 0.0188157 0.0271507 0.0342561 0.0379612 0.0372792 0.0329928 0.0271075 0.0216248 0.0175912 0.0149756 0.0131703
 1.03297e-16 6.47372e-05 0.000629268 0.00418171 0.0190095 0.0591455 0.126016 0.183928 0.183942 0.126087 0.0593822 0.0196936 0.00590137 0.00439106 0.00723188 0.011913 0.0172945 0.0220408 0.024829 0.0250403 0.0230983 0.0201219 0.0171899 0.0148094 0.0129037 0.0111556
 1.05553e-16 4.40332e-05 0.000428019 0.00284434 0.01293 0.0402301 0.0857158 0.125112 0.125147 0.0858885 0.0408101 0.0146056 0.00705189 0.00961839 0.0175138 0.0289254 0.041762 0.0527263 0.0584829 0.057496 0.0509259 0.0417943 0.0331194 0.0264852 0.0218786 0.0184637
 1.11216e-16 4.13597e-05 0.000402031 0.00267164 0.0121449 0.0377874 0.080511 0.117514 0.11754 0.0806385 0.0382162 0.0133865 0.00579964 0.00726791 0.0131909 0.0220297 0.0324047 0.0421637 0.0491046 0.0521712 0.0519589 0.0500431 0.047729 0.0452903 0.0421822 0.0378112
 1.14011e-16 4.86587e-05 0.00047298 0.00314312 0.0142882 0.0444559 0.0947188 0.138249 0.138269 0.0948165 0.0447845 0.0152392 0.00553803 0.00572702 0.0101044 0.016834 0.0247392 0.0321744 0.0375092 0.0400517 0.040427 0.04001 0.0398722 0.0401045 0.0399498 0.0384724
 1.08354e-16 6.13776e-05 0.000596612 0.0039647 0.0180229 0.0560762 0.119477 0.174383 0.174397 0.119548 0.0563165 0.0187178 0.00571201 0.00442148 0.00735687 0.0121495 0.0176992 0.0227 0.0258766 0.0266831 0.0256248 0.0238694 0.0224588 0.0217439 0.0213846 0.0207584
 1.02914e-16 6.92752e-05 0.00067338 0.00447484 0.020342 0.0632916 0.13485 0.19682 0.196831 0.134906 0.0634798 0.0208858 0.00584063 0.00365731 0.0057435 0.00940489 0.0135882 0.0171895 0.0191367 0.0189464 0.0170074 0.0143038 0.0118037 0.00999105 0.00881474 0.00794903
 1.01959e-16 6.39797e-05 0.000621905 0.00413278 0.018787 0.0584535 0.124542 0.181777 0.181795 0.124631 0.0587506 0.019645 0.00628652 0.00532352 0.00899316 0.0147662 0.0212648 0.0267406 0.0294554 0.0286073 0.0248017 0.0196329 0.0147246 0.0109777 0.00845805 0.00676893
 1.02638e-16 5.99327e-05 0.000582567 0.00387137 0.0175987 0.0547561 0.116665 0.17028 0.1703 0.116765 0.0550924 0.0185704 0.00631193 0.00591538 0.0102026 0.0168102 0.0242983 0.0307383 0.0341973 0.0337692 0.0300871 0.0248447 0.0197368 0.015659 0.0126335 0.0102554
 1.04106e-16 5.61164e-05 0.000545472 0.00362485 0.0164781 0.0512695 0.109236 0.159438 0.15946 0.109346 0.0516387 0.0175451 0.00630595 0.00640733 0.0112153 0.0185215 0.0268374 0.0340879 0.0381866 0.038159 0.0346866 0.02957 0.0245709 0.020558 0.0174615 0.0147943
 1.03736e-16 6.38119e-05 0.000620274 0.00412194 0.0187378 0.0583002 0.124215 0.181299 0.181314 0.124288 0.0585456 0.0194473 0.00590537 0.0045217 0.00749744 0.0123572 0.0179438 0.0228793 0.0257986 0.0260692 0.0241392 0.0211727 0.0182811 0.0159691 0.014125 0.012387
 1.00703e-16 7.78897e-05 0.000757116 0.0050313 0.0228716 0.071162 0.151618 0.221292 0.221296 0.151638 0.0712289 0.0230649 0.00551686 0.00181779 0.00209441 0.00334479 0.00482396 0.00609438 0.00676793 0.00666796 0.00592828 0.00489622 0.00391749 0.00317162 0.00265395 0.00226584
 1.01633e-16 3.61113e-05 0.000351015 0.00233262 0.0106038 0.0329926 0.0702961 0.10261 0.102661 0.0705459 0.0338311 0.0130247 0.00840526 0.0135938 0.025146 0.0414077 0.0593954 0.0741636 0.0806963 0.0766808 0.0639133 0.0471464 0.0313392 0.0194226 0.0118495 0.00755524
 1.01606e-16 7.53649e-05 0.000732574 0.00486821 0.0221302 0.0688552 0.146703 0.214119 0.214122 0.146721 0.0689157 0.0223057 0.00531169 0.00171044 0.00196095 0.00319649 0.00476879 0.00635222 0.00765642 0.00852589 0.008989 0.00916326 0.0091075 0.0087642 0.00803581 0.00690818
 1.0219e-16 5.33766e-05 0.00051884 0.00344788 0.0156736 0.0487664 0.103903 0.151656 0.151687 0.104055 0.049275 0.0171419 0.00713137 0.00855232 0.0152882 0.0251326 0.0360663 0.0450798 0.0491508 0.0469032 0.0394492 0.029677 0.0205686 0.0138377 0.00966721 0.00731727
 1.04665e-16 5.38973e-05 0.000523901 0.0034815 0.0158264 0.049242 0.104916 0.153133 0.153154 0.105023 0.0496001 0.0168624 0.00608767 0.00623228 0.0109509 0.0181635 0.0264954 0.0340132 0.0387523 0.0397577 0.037569 0.0337001 0.0295785 0.0258274 0.0223232 0.0187325
 1.04274e-16 6.41721e-05 0.000623776 0.00414521 0.0188435 0.0586293 0.124916 0.182322 0.182336 0.124985 0.0588598 0.0195099 0.00582041 0.00428937 0.00705141 0.0116236 0.0168988 0.0215933 0.0244433 0.0248727 0.023313 0.02085 0.0184951 0.0166653 0.015187 0.0136612
 1.02976e-16 6.45328e-05 0.000627282 0.00416851 0.0189494 0.0589588 0.125619 0.183347 0.183364 0.125698 0.0592263 0.0197223 0.00610922 0.00486627 0.0081223 0.0133448 0.0192631 0.0243227 0.0269854 0.0265482 0.0235541 0.0194047 0.0154966 0.012557 0.0105658 0.00911453
 1.06854e-16 3.05311e-05 0.000296773 0.00197216 0.0089652 0.0278943 0.0594335 0.086755 0.0868027 0.0596665 0.0286768 0.0112262 0.00765024 0.0127013 0.0236159 0.039064 0.0564348 0.0713123 0.0791977 0.0779978 0.0692313 0.0569123 0.0450599 0.0358008 0.0291678 0.0241342
 1.06605e-16 6.41742e-05 0.000623796 0.00414535 0.0188442 0.0586312 0.12492 0.182326 0.182335 0.12496 0.0587644 0.0192311 0.00512431 0.0027865 0.00424687 0.00711666 0.0107076 0.0144348 0.0177258 0.0202924 0.0222175 0.0237192 0.0248117 0.0251892 0.0244344 0.0223479
 1.06002e-16 5.55993e-05 0.000540445 0.00359145 0.0163262 0.050797 0.108229 0.157969 0.157993 0.108349 0.0511978 0.0174838 0.00649723 0.00688409 0.0121048 0.0199297 0.0287242 0.0361791 0.039998 0.0391683 0.0345863 0.0284597 0.0229677 0.0192093 0.0170549 0.0157038
 1.09047e-16 4.02568e-05 0.000391311 0.0026004 0.0118211 0.0367799 0.0783646 0.114382 0.114416 0.0785281 0.0373292 0.0134093 0.00659332 0.00912858 0.0166947 0.027695 0.0402639 0.0514134 0.0581024 0.0589061 0.054796 0.0483311 0.0419576 0.0367919 0.0326101 0.0286536
 1.06652e-16 6.35803e-05 0.000618023 0.00410698 0.0186697 0.0580886 0.123764 0.18064 0.180651 0.123817 0.0582675 0.0191879 0.00541297 0.00348675 0.00556428 0.00923656 0.013626 0.0178273 0.0209568 0.0226116 0.0230621 0.0229528 0.0227663 0.0225069 0.0218105 0.0203048
 1.04721e-16 6.03082e-05 0.000586217 0.00389562 0.0177089 0.0550992 0.117395 0.171346 0.171366 0.117493 0.0554266 0.0186549 0.00627047 0.00577222 0.0099148 0.0163109 0.0235297 0.0296805 0.0328883 0.0323154 0.0286673 0.0237094 0.0191873 0.0159875 0.0140277 0.0127064
 1.08579e-16 3.31559e-05 0.000322287 0.00214171 0.00973593 0.0302923 0.0645426 0.0942106 0.094253 0.0647494 0.0309869 0.0117435 0.00718575 0.0113494 0.0210223 0.0348239 0.0504482 0.0640403 0.0716728 0.0715147 0.0648668 0.0551548 0.0457436 0.0383126 0.032748 0.0281056
 1.16367e-16 3.91413e-05 0.000380468 0.00252834 0.0114935 0.0357606 0.0761926 0.11121 0.11123 0.0762941 0.0361024 0.012485 0.00503347 0.00590325 0.0106872 0.0180246 0.0269448 0.0359568 0.0435306 0.0489348 0.0525158 0.0550978 0.057043 0.0578309 0.0564721 0.052309
 1.06409e-16 7.01694e-05 0.000682071 0.0045326 0.0206046 0.0641085 0.13659 0.199359 0.199366 0.136624 0.0642211 0.0209305 0.0053531 0.00248155 0.00351287 0.00576448 0.00846281 0.0110062 0.0128478 0.0137802 0.0140603 0.0142023 0.0145936 0.0152383 0.0157936 0.0158157
pSPR Fmed_Fpbrs
0.654385   0.209357 0.209357
Fs Fmed_Fpbrs
0.226466   1.005 1.005
SSBpbr Bo_Bmed_Bpbrs
1.95825e+06  1.18354e+06  312061 312061
Ro
182859
SPR SPRFo_SPRFmed_SPRFpbrs
1.30706e+06 855321 273643
Fref
1.005
Nvult_r0
 214305 18586.3 8234.71 8923.38 3250.08
CTP_r0
 28031.4 2915.33 1291.65 1399.67 509.789
YTP_r0
391298
Np
 249490 99228 8173.12 3621.13 5122.46
Nvult_p0
 208781 85865.9 7072.52 3133.51 4432.67
CTP_p0
 93620.1 43040 3545.08 1570.66 2221.86
YTP_p0
 1.60259e+06
CBA_c0
754686
log_Ro
11.9365
likeval ReclasPelacesDesembMPH_pf_preclas_ppelaces_ptallas_desvR_qrecl_qpela
 14.2345 17.2714 0.0693203 0.000815784 241.15 118.959 98.3017 0 23.6613 1.36686e-06 0 0.354021 0 0 0
q_reclas_q_pelaces
0.847326 1
M
1
N
 203673 45677.7 154051 9108.1 0.296347
 114813 67639.5 14807.2 49938.1 2952.64
 114683 35071.3 19773.6 4328.71 15462
 193429 35201.8 10314.3 5815.34 5820.36
 154911 54114.4 9231.37 2704.84 3051.36
 264517 51964.5 17761.1 3029.86 1889.26
 109610 81203.1 15284.9 5224.25 1446.91
 50123.7 27101.3 18278.7 3440.6 1501.67
 47319.6 17303.7 9216.45 6216.13 1680.74
 62827.3 13581.9 4683.78 2494.71 2137.53
 116450 16710.1 3345.89 1153.85 1141.15
 152970 39607.5 5579.18 1117.13 766.254
 127847 39741.4 9478.2 1335.11 450.699
 89557.5 33994.2 9787.04 2334.18 439.789
 89790.1 19243.1 6432.96 1852.07 524.937
 483198 22912.1 4503.84 1505.63 556.337
 104440 131483 5805.94 1141.27 522.503
 744807 31668 38088.3 1681.88 481.968
 428977 225351 9149.18 11004.1 625.156
 330532 119332 58682.1 2382.48 3028.29
 489168 94573.9 32175.8 15822.7 1458.92
 656465 148507 27438.1 9334.95 5013.79
 138154 189391 40453.7 7474.22 3908.65
 407666 44061.9 58399.6 12474.1 3509.96
 343852 132364 13890.3 18410.3 5038.91
 154519 111497 41659.3 4371.75 7380.24
 346004 51327.4 36154 13508.4 3810.7
 388766 112238 16162.1 11384.3 5453.49
 115750 128445 36152.9 5205.99 5423.62
 84007.7 38508 41728.5 11745.1 3453.27
 313533 26759.4 11855.8 12847.3 4679.27
pred_Ctot
 12627.7 3466.56 11691.2 691.23 0.0224903
 12501.5 8945.56 1958.3 6604.49 390.496
 12185.6 4528.22 2553.07 558.9 1996.37
 29946 6567.67 1924.36 1084.98 1085.92
 8698.05 3722.82 635.076 186.08 209.919
 28088.3 6705.22 2291.79 390.957 243.78
 23462.2 20727.7 3901.58 1333.53 369.336
 1961.73 1303.16 878.926 165.44 72.2073
 6708.35 2962.93 1578.14 1064.39 287.795
 11295.4 2929.81 1010.36 538.146 461.096
 5589.19 983.967 197.021 67.9437 67.1961
 29222 9060.24 1276.24 255.544 175.281
 23001.3 8578.73 2046 288.203 97.2897
 24588.2 11005.5 3168.52 755.684 142.38
 17912.1 4589.82 1534.37 441.751 125.207
 81487.1 4645.26 913.119 305.255 112.793
 11788.4 18013.7 795.436 156.359 71.5849
 84934.8 4382.51 5271.01 232.754 66.6991
 67639.8 42799.6 1737.65 2089.94 118.732
 47390.9 20659.7 10159.6 412.476 524.284
 54889.6 12882.4 4382.85 2155.29 198.728
 91326.9 24965.4 4612.61 1569.3 842.869
 11755.8 19652 4197.64 775.555 405.577
 30566.8 4035.45 5348.59 1142.45 321.464
 26039.6 12242.3 1284.72 1702.76 466.048
 9559.23 8443.45 3154.77 331.064 558.891
 26127.1 4733.76 3334.36 1245.84 351.448
 25262.4 8923.19 1284.93 905.079 433.567
 7057.99 9588.66 2698.88 388.635 404.882
 7207.12 4028.14 4365.01 1228.6 361.23
 28031.4 2915.33 1291.65 1399.67 509.789
F
 0.102326 0.126499 0.126499 0.126499 0.126499
 0.185922 0.229843 0.229843 0.229843 0.229843
 0.181075 0.223851 0.223851 0.223851 0.223851
 0.273809 0.338491 0.338491 0.338491 0.338491
 0.0922888 0.11409 0.11409 0.11409 0.11409
 0.180951 0.223698 0.223698 0.223698 0.223698
 0.39735 0.491217 0.491217 0.491217 0.491217
 0.0635724 0.0785902 0.0785902 0.0785902 0.0785902
 0.248187 0.306817 0.306817 0.306817 0.306817
 0.324376 0.401004 0.401004 0.401004 0.401004
 0.0784414 0.0969717 0.0969717 0.0969717 0.0969717
 0.347851 0.430025 0.430025 0.430025 0.430025
 0.324642 0.401333 0.401333 0.401333 0.401333
 0.537727 0.664756 0.664756 0.664756 0.664756
 0.365808 0.452223 0.452223 0.452223 0.452223
 0.30155 0.372786 0.372786 0.372786 0.372786
 0.193304 0.238969 0.238969 0.238969 0.238969
 0.195467 0.241643 0.241643 0.241643 0.241643
 0.279497 0.345523 0.345523 0.345523 0.345523
 0.251321 0.310691 0.310691 0.310691 0.310691
 0.192075 0.237449 0.237449 0.237449 0.237449
 0.243054 0.300472 0.300472 0.300472 0.300472
 0.142777 0.176505 0.176505 0.176505 0.176505
 0.124897 0.154402 0.154402 0.154402 0.154402
 0.126213 0.156028 0.156028 0.156028 0.156028
 0.102093 0.126211 0.126211 0.126211 0.126211
 0.12583 0.155554 0.155554 0.155554 0.155554
 0.107473 0.132861 0.132861 0.132861 0.132861
 0.100564 0.124321 0.124321 0.124321 0.124321
 0.144024 0.178047 0.178047 0.178047 0.178047
 0.150485 0.186035 0.186035 0.186035 0.186035
YTP_r0W_actual
 238267 47519.9 37328.6 48708.5 19473.9
YTP_p0W_proyectada
 704024 693805 82884 46334.5 75543.3
CTP_r0_actual
 28031.4 2915.33 1291.65 1399.67 509.789
CTP_p0_proyectada
 93620.1 43040 3545.08 1570.66 2221.86
Wmedp
 7.52 16.12 23.38 29.5 34
Frms_r0
 0.150485 0.186035 0.186035 0.186035 0.186035
Zrms_r0
 1.15049 1.18603 1.18603 1.18603 1.18603
nmprior
 8.19 8.8 8.5 0
nm_flota  nm_reclas  nm_pelaces    nm_pelaL
inf 12.2297 18.5407 44.5209
cv_recla  cv_pelaces  cv_mph
0.341268 0.471233 0.88144
 ------------------------------------------------
Talla a la edad & desviaci?n 
 8 13.2811 15.8009 17.003 17.5766
 0.8 1.32811 1.58009 1.7003 1.75766
