years
 1991 1992 1993 1994 1995 1996 1997 1998 1999 2000 2001 2002 2003 2004 2005 2006 2007 2008 2009 2010 2011 2012 2013 2014 2015 2016 2017 2018 2019 2020 2021
reclasobs
 0 0 0 0 0 0 0 0 0 252601 567819 844713 477998 351125 339783 2.1784e+06 2.13404e+06 4.81314e+06 1.55562e+06 2.62356e+06 3.21686e+06 3.843e+06 1.13348e+06 3.07943e+06 1.97215e+06 2.03268e+06 2.025e+06 2.42433e+06 2.27542e+06 1.05018e+06 2.36338e+06
reclaspred
 1.92938e+06 989369 494397 48109.3 183319 776017 518263 175814 343909 307811 68710.2 350717 389968 331367 148144 680496 889208 2.81605e+06 2.94385e+06 1.01289e+06 1.71059e+06 1.62187e+06 981830 1.56619e+06 1.45192e+06 950317 1.30536e+06 2.15445e+06 2.57252e+06 1.0488e+06 405101
pelacesobs
 0 0 0 0 0 0 0 0 0 0 0 0 0 0 0 552880 188675 0 991730 2.46772e+06 1.41603e+06 1.21717e+06 2.29649e+06 1.80582e+06 0 1.4828e+06 1.56532e+06 1.57751e+06 1.42118e+06 867257 1.10002e+06
pelacespred
 871742 472046 230399 8124.7 66519.1 324171 193902 83761.1 155557 124772 37131 140243 145841 155032 58002.4 262842 345885 1.36886e+06 1.39164e+06 508539 769081 726602 439257 793733 721799 464651 719947 1.18023e+06 1.16888e+06 600586 191863
mphobs
 0 0 0 0 0 0 0 0 0 0 0 498337 0 5186 125008 0 168611 109162 213762 579715 649985 157893 87575 83554 0 0 0 0 0 0 0
mphpred
 2.00196e+06 1.00586e+06 613982 149540 6928.21 263957 699531 212016 82773.8 363057 111112 27207.5 406110 172432 201131 71355.9 860270 513163 3.28548e+06 1.44253e+06 587076 1.55966e+06 1.08324e+06 554361 1.51668e+06 922002 593745 1.14365e+06 2.46547e+06 1.38629e+06 471537
desembarqueobs
 494567 514787 250237 358949 120608 361735 552515 73892 212993 205616 52469 317467 293654 387597 252695 516296 358380 742168 942051 627588 828172 859565 418607 520667 417249 300574 415391 372974 316634 284311 391294
desembarquepred
 496118 514513 250392 356359 120475 360814 550514 73898.3 212511 205233 52400 316744 293142 385885 252102 516098 356661 743001 940637 626119 828509 857009 418294 521194 416612 298735 414586 372468 316139 283628 390459
Reclutas
 577.602 190027 539.778 8211.88 151764 278489 223.157 73.6862 102439 708.933 1912.21 276119 20883.1 123996 21461.2 490895 3452.78 1.42307e+06 20889.9 2623.68 617654 337106 14253.1 409031 134987 66716.2 354695 519511 3520.58 2105.35 59515.5
log_desv_Rt
 -3.81168 1.98436 -3.8794 -1.15723 1.75952 2.36657 -4.76269 -5.87075 1.36646 -3.6068 -2.61455 2.35802 -0.223868 1.55745 -0.196559 2.93342 -2.02363 3.99777 -0.22354 -2.29823 3.16312 2.55759 -0.605832 2.75098 1.64237 0.93764 2.60845 2.99008 -2.00418 -2.51832 0.82343
SSB
 2.00196e+06 1.00586e+06 613982 149540 6928.21 263957 699531 212016 82773.8 363057 111112 27207.5 406110 172432 201131 71355.9 860270 513163 3.28548e+06 1.44253e+06 587076 1.55966e+06 1.08324e+06 554361 1.51668e+06 922002 593745 1.14365e+06 2.46547e+06 1.38629e+06 471537
BT
 2.4432e+06 1.82538e+06 776895 337437 388376 1.55736e+06 951014 265440 844038 472217 152090 892429 612176 1.01993e+06 438827 1.56636e+06 1.0855e+06 6.46137e+06 4.12125e+06 1.8585e+06 3.76706e+06 2.82096e+06 1.42652e+06 3.62902e+06 2.23608e+06 1.53441e+06 3.17832e+06 4.59878e+06 2.95836e+06 1.70449e+06 997265
Ftot
 0.241343 0.478483 0.463921 3.59613 0.612022 0.433636 0.91568 0.388378 0.573966 0.600631 0.680831 0.829723 0.672716 1.0339 1.39466 0.701175 0.371368 0.249928 0.29819 0.55973 0.451553 0.485705 0.393653 0.313378 0.269006 0.294142 0.299127 0.16421 0.116731 0.253517 0.852494
BD_Bspro_t
 0.962121 0.72778 0.563357 0.234332 0.0193204 0.481602 0.581642 0.264918 0.179943 0.511268 0.303677 0.171417 0.547413 0.300604 0.311555 0.153332 0.560695 0.431189 0.770402 0.568639 0.340714 0.563808 0.512427 0.400793 0.657868 0.598157 0.55744 0.717993 0.827698 0.732448 0.520889
BD_Bspro
 10.737 5.39466 3.29293 0.802017 0.0371577 1.41567 3.75176 1.13709 0.443936 1.94716 0.595919 0.145921 2.17806 0.924793 1.07871 0.382699 4.61384 2.75222 17.6209 7.73662 3.14863 8.36486 5.80968 2.97317 8.13431 4.94492 3.1844 6.13368 13.2229 7.435 2.52897
BD_Bo
 1.13897 0.572263 0.349313 0.0850776 0.00394167 0.150173 0.397984 0.120622 0.0470925 0.206554 0.0632148 0.0154792 0.231048 0.0981015 0.114429 0.0405965 0.489434 0.291954 1.86921 0.820696 0.334005 0.88734 0.616287 0.315392 0.862883 0.524555 0.337799 0.650657 1.40268 0.788701 0.268272
BD_Brms
 4.83935 2.43147 1.48418 0.361483 0.0167476 0.638065 1.69098 0.512508 0.20009 0.87762 0.268591 0.0657689 0.981692 0.41682 0.486195 0.172489 2.07954 1.24047 7.94203 3.48703 1.41914 3.77019 2.61852 1.34006 3.66627 2.22876 1.43526 2.76456 5.95979 3.35109 1.13985
Sel_flota
 0.5 1 1 1 1
 0.5 1 1 1 1
 0.5 1 1 1 1
 0.5 1 1 1 1
 0.5 1 1 1 1
 0.5 1 1 1 1
 0.5 1 1 1 1
 0.5 1 1 1 1
 0.5 1 1 1 1
 0.5 1 1 1 1
 0.5 1 1 1 1
 0.5 1 1 1 1
 0.5 1 1 1 1
 0.5 1 1 1 1
 0.5 1 1 1 1
 0.5 1 1 1 1
 0.5 1 1 1 1
 0.5 1 1 1 1
 0.5 1 1 1 1
 0.5 1 1 1 1
 0.5 1 1 1 1
 0.5 1 1 1 1
 0.5 1 1 1 1
 0.5 1 1 1 1
 0.5 1 1 1 1
 0.5 1 1 1 1
 0.5 1 1 1 1
 0.5 1 1 1 1
 0.5 1 1 1 1
 0.5 1 1 1 1
 0.5 1 1 1 1
Sel_reclas
 0.5 1 1 1 1
 0.5 1 1 1 1
 0.5 1 1 1 1
 0.5 1 1 1 1
 0.5 1 1 1 1
 0.5 1 1 1 1
 0.5 1 1 1 1
 0.5 1 1 1 1
 0.5 1 1 1 1
 0.5 1 1 1 1
 0.5 1 1 1 1
 0.5 1 1 1 1
 0.5 1 1 1 1
 0.5 1 1 1 1
 0.5 1 1 1 1
 0.5 1 1 1 1
 0.5 1 1 1 1
 0.5 1 1 1 1
 0.5 1 1 1 1
 0.5 1 1 1 1
 0.5 1 1 1 1
 0.5 1 1 1 1
 0.5 1 1 1 1
 0.5 1 1 1 1
 0.5 1 1 1 1
 0.5 1 1 1 1
 0.5 1 1 1 1
 0.5 1 1 1 1
 0.5 1 1 1 1
 0.5 1 1 1 1
 0.5 1 1 1 1
Sel_pelaces
 0.5 1 1 1 1
 0.5 1 1 1 1
 0.5 1 1 1 1
 0.5 1 1 1 1
 0.5 1 1 1 1
 0.5 1 1 1 1
 0.5 1 1 1 1
 0.5 1 1 1 1
 0.5 1 1 1 1
 0.5 1 1 1 1
 0.5 1 1 1 1
 0.5 1 1 1 1
 0.5 1 1 1 1
 0.5 1 1 1 1
 0.5 1 1 1 1
 0.5 1 1 1 1
 0.5 1 1 1 1
 0.5 1 1 1 1
 0.5 1 1 1 1
 0.5 1 1 1 1
 0.5 1 1 1 1
 0.5 1 1 1 1
 0.5 1 1 1 1
 0.5 1 1 1 1
 0.5 1 1 1 1
 0.5 1 1 1 1
 0.5 1 1 1 1
 0.5 1 1 1 1
 0.5 1 1 1 1
 0.5 1 1 1 1
 0.5 1 1 1 1
pf_obs 
 0.8446 0.082 0.0669 0.0065 0
 0.8095 0.147 0.0364 0.0071 0
 0.9664 0.0169 0.016 0.0007 0
 0.9276 0.0648 0.0075 0.0001 0
 0.7033 0.2144 0.0806 0.0017 0
 0.9318 0.0425 0.0243 0.0014 0
 0.5671 0.3108 0.0964 0.0239 0.0018
 0.0768 0.2599 0.5324 0.112 0.0189
 0.490249 0.384438 0.106611 0.0170017 0.00170017
 0.7925 0.1577 0.0466 0.003 0.0002
 0.840416 0.127587 0.0312969 0.00059994 9.999e-05
 0.8084 0.0986 0.0794 0.0134 0.0002
 0.7335 0.1905 0.0724 0.0035 0.0001
 0.4001 0.4547 0.1325 0.0127 0
 0.49795 0.308269 0.164784 0.0264974 0.00249975
 0.9179 0.0499 0.0305 0.0017 0
 0.2467 0.6533 0.0926 0.0074 0
 0.9418 0.0223 0.034 0.0019 0
 0.707729 0.231977 0.0356964 0.0245975 0
 0.517169 0.277429 0.184464 0.0207286 0.00020938
 0.811772 0.124168 0.05621 0.00726502 0.000585176
 0.764997 0.148141 0.077277 0.00933861 0.000247198
 0.163321 0.427699 0.378323 0.0303852 0.000271297
 0.753843 0.0900009 0.118128 0.0371064 0.000921714
 0.721811 0.176058 0.0630433 0.0369309 0.00215725
 0.143369 0.312575 0.442814 0.0836902 0.0175525
 0.692698 0.0596174 0.167031 0.0765114 0.00414204
 0.394062 0.376323 0.152708 0.0712218 0.00568511
 0.125707 0.32114 0.495352 0.0537591 0.00404204
 0.23352 0.215282 0.420074 0.123614 0.00750983
 0.796117 0.104755 0.0508955 0.0450114 0.00322123
pf_pred 
 0.00167023 0.748442 0.160601 0.0754082 0.0138786
 0.664915 0.00120053 0.250311 0.0537118 0.0298614
 0.0043901 0.81757 0.000637874 0.132997 0.0444047
 0.290052 0.00713851 0.577129 0.000450281 0.12523
 0.992342 0.00582023 1.84838e-05 0.00149436 0.000325423
 0.78615 0.21317 0.000517508 1.64349e-06 0.000161807
 0.00142699 0.892196 0.106039 0.000257428 8.13065e-05
 0.00290717 0.00379539 0.887482 0.105478 0.000336945
 0.943482 0.000368221 0.00021373 0.0499769 0.00595879
 0.0135312 0.962312 0.000157389 9.13546e-05 0.0239086
 0.15253 0.027086 0.800294 0.00013089 0.0199592
 0.990002 0.00307768 0.000221173 0.00653485 0.000164047
 0.149755 0.846952 0.00101389 7.28618e-05 0.00220685
 0.804593 0.0591463 0.135733 0.000162486 0.000365346
 0.315115 0.629953 0.0166269 0.0381564 0.000148382
 0.97689 0.013706 0.00864998 0.000228306 0.000525969
 0.0142662 0.976448 0.00550701 0.00347552 0.000303064
 0.956984 0.00134913 0.0412741 0.000232779 0.000159719
 0.0229678 0.957068 0.000626149 0.0191559 0.000182164
 0.0106776 0.0483755 0.92172 0.000603023 0.0186238
 0.920373 0.0019903 0.00379624 0.0723315 0.00150882
 0.496182 0.485511 0.000457587 0.000872789 0.0169765
 0.0522 0.65922 0.278094 0.000262099 0.0102239
 0.848041 0.0167738 0.0940251 0.0396648 0.00149562
 0.338638 0.611494 0.00550454 0.0308556 0.0135073
 0.300094 0.368167 0.306726 0.00276108 0.0222525
 0.811251 0.0912818 0.0512702 0.0427141 0.00348334
 0.683629 0.285958 0.0147081 0.0082611 0.00744373
 0.00832195 0.812572 0.161888 0.00832665 0.00889092
 0.0152466 0.0168136 0.793121 0.158013 0.0168054
 0.622616 0.0121969 0.00623517 0.294122 0.0648299
pobs_RECLAS
 0 0 0 0 0
 0 0 0 0 0
 0 0 0 0 0
 0 0 0 0 0
 0 0 0 0 0
 0 0 0 0 0
 0 0 0 0 0
 0 0 0 0 0
 0 0 0 0 0
 0 0 0 0 0
 0.991045 0.00858322 0.000360255 1.14367e-05 0
 0.934742 0.0480273 0.0164251 0.00080598 0
 0.827803 0.169806 0.00239088 0 0
 0.941827 0.0461693 0.0120037 0 0
 0.791401 0.0380133 0.147996 0.0225897 0
 0.846168 0.0940531 0.0597789 0 0
 0.134021 0.677848 0.182769 0.00536245 0
 0.80878 0.0450904 0.141981 0.00414843 0
 0.846168 0.0940531 0.0597789 0 0
 0.905697 0.0802665 0.012482 0.00150086 5.37128e-05
 0.989698 0.0102097 9.19794e-05 0 0
 0.975433 0.0193895 0.00387452 0.00125025 5.28907e-05
 0.303575 0.632131 0.0575291 0.00676475 0
 0.966965 0.00978017 0.0227588 0.000495775 0
 0.843318 0.132988 0.00938335 0.0141283 0.000182051
 0.564624 0.303363 0.111486 0.0197234 0.00080311
 0.826376 0.0876187 0.0782897 0.00655872 0.00115652
 0.89761 0.0855135 0.0140674 0.00269457 0.000114338
 0.34875 0.467042 0.161289 0.0227151 0.000203297
 0.318654 0.224769 0.449479 0.00709798 0
 0.937255 0.0296025 0.0250945 0.00804832 0
ppred_RECLAS
 0.0016897 0.748428 0.160598 0.0754068 0.0138783
 0.670746 0.00117964 0.245955 0.0527771 0.0293417
 0.00450205 0.817478 0.000637803 0.132982 0.0443997
 0.391821 0.00611523 0.4944 0.000385734 0.107278
 0.99261 0.0056163 1.78361e-05 0.001442 0.000314021
 0.790035 0.209296 0.000508105 1.61363e-06 0.000158867
 0.00151729 0.892115 0.106029 0.000257405 8.12992e-05
 0.00296671 0.00379516 0.887429 0.105472 0.000336925
 0.945221 0.000356893 0.000207155 0.0484394 0.00577548
 0.0140074 0.961847 0.000157313 9.13105e-05 0.023897
 0.157944 0.026913 0.795181 0.000130054 0.0198317
 0.99052 0.00291818 0.000209711 0.0061962 0.000155546
 0.155004 0.841723 0.00100763 7.2412e-05 0.00219322
 0.815768 0.055764 0.127971 0.000153195 0.000344454
 0.339586 0.607445 0.0160328 0.0367931 0.00014308
 0.977839 0.0131429 0.00829462 0.000218927 0.000504361
 0.0145396 0.976177 0.00550548 0.00347455 0.00030298
 0.957479 0.00133361 0.0407994 0.000230102 0.000157882
 0.0233031 0.95674 0.000625934 0.0191493 0.000182101
 0.0110214 0.0483586 0.9214 0.000602813 0.0186173
 0.922147 0.00194595 0.00371165 0.0707198 0.0014752
 0.502878 0.479059 0.000451505 0.000861189 0.0167509
 0.0532322 0.658502 0.277791 0.000261814 0.0102127
 0.850057 0.0165513 0.0927777 0.0391386 0.00147578
 0.341591 0.608764 0.00547997 0.0307178 0.013447
 0.303169 0.366549 0.305378 0.00274895 0.0221547
 0.81352 0.0901843 0.0506537 0.0422005 0.00344146
 0.685255 0.284488 0.0146325 0.00821865 0.00740548
 0.00836488 0.812537 0.161881 0.0083263 0.00889053
 0.0154321 0.0168104 0.792972 0.157983 0.0168023
 0.635621 0.0117766 0.00602029 0.283986 0.0625957
pobs_PELACES
 0 0 0 0 0
 0 0 0 0 0
 0 0 0 0 0
 0 0 0 0 0
 0 0 0 0 0
 0 0 0 0 0
 0 0 0 0 0
 0 0 0 0 0
 0 0 0 0 0
 0 0 0 0 0
 0 0 0 0 0
 0 0 0 0 0
 0 0 0 0 0
 0 0 0 0 0
 0 0 0 0 0
 0 0 0 0 0
 0.505614 0.472636 0.0217494 0 0
 0 0 0 0 0
 0.443492 0.261883 0.143347 0.151278 0
 0.227955 0.32914 0.350689 0.0885471 0.00366901
 0.970185 0.0296113 0.000203453 0 0
 0.997202 0.00247181 0.000326279 0 0
 0.445219 0.490057 0.0546422 0.010081 0
 0.90214 0.0892962 0.00764917 0.000914606 0
 0 0 0 0 0
 0.581667 0.319106 0.0959925 0.00289975 0.000334073
 0.762889 0.0836404 0.116647 0.0363945 0.000428098
 0.88444 0.0763242 0.0277011 0.0115352 0
 0.521256 0.241999 0.230069 0.00667565 0
 0.616807 0.101726 0.260614 0.0208532 0
 0.833518 0.0704572 0.0857862 0.0102388 0
ppred_PELACES
 0.00175822 0.748376 0.160587 0.0754016 0.0138774
 0.687941 0.00111803 0.233111 0.0500209 0.0278094
 0.00485847 0.817185 0.000637574 0.132935 0.0443838
 0.538349 0.00464189 0.375285 0.0002928 0.0814319
 0.993315 0.00508044 1.61344e-05 0.00130442 0.00028406
 0.801658 0.197711 0.000479979 1.52431e-06 0.000150073
 0.00176432 0.891894 0.106003 0.000257341 8.1279e-05
 0.00316243 0.00379441 0.887255 0.105451 0.000336859
 0.949923 0.00032626 0.000189374 0.0442817 0.00527975
 0.0154442 0.960445 0.000157083 9.11774e-05 0.0238622
 0.173465 0.0264169 0.780525 0.000127657 0.0194662
 0.991723 0.0025479 0.000183101 0.00540998 0.000135809
 0.170105 0.82668 0.000989624 7.11179e-05 0.00215403
 0.84004 0.0484172 0.111111 0.000133011 0.000299073
 0.392928 0.558381 0.0147378 0.0338213 0.000131523
 0.980212 0.0117355 0.00740635 0.000195482 0.000450349
 0.0154442 0.975281 0.00550043 0.00347136 0.000302702
 0.959127 0.00128194 0.0392185 0.000221186 0.000151765
 0.0244496 0.955616 0.000625199 0.0191268 0.000181888
 0.0120749 0.0483071 0.920418 0.000602171 0.0185975
 0.927331 0.00181639 0.00346453 0.0660112 0.00137698
 0.522897 0.459767 0.000433323 0.000826509 0.0160764
 0.0566023 0.656158 0.276802 0.000260882 0.0101764
 0.856529 0.0158369 0.0887731 0.0374492 0.00141208
 0.351642 0.599471 0.00539631 0.0302489 0.0132417
 0.313519 0.361104 0.300843 0.00270812 0.0218256
 0.820892 0.0866191 0.0486513 0.0405322 0.00330541
 0.691069 0.279233 0.0143622 0.00806682 0.00726868
 0.00852617 0.812405 0.161855 0.00832494 0.00888909
 0.0160807 0.0167993 0.79245 0.157879 0.0167912
 0.667538 0.0107451 0.00549296 0.259111 0.0571128
pobs_pel_tallas
 0 0 0 0 0 0 0 0 0 0 0 0 0 0 0 0 0 0 0 0 0 0 0 0 0 0
 0 0 0 0 0 0 0 0 0 0 0 0 0 0 0 0 0 0 0 0 0 0 0 0 0 0
 0 0 0 0 0 0 0 0 0 0 0 0 0 0 0 0 0 0 0 0 0 0 0 0 0 0
 0 0 0 0 0 0 0 0 0 0 0 0 0 0 0 0 0 0 0 0 0 0 0 0 0 0
 0 0 0 0 0 0 0 0 0 0 0 0 0 0 0 0 0 0 0 0 0 0 0 0 0 0
 0 0 0 0 0 0 0 0 0 0 0 0 0 0 0 0 0 0 0 0 0 0 0 0 0 0
 0 0 0 0 0 0 0 0 0 0 0 0 0 0 0 0 0 0 0 0 0 0 0 0 0 0
 0 0 0 0 0 0 0 0 0 0 0 0 0 0 0 0 0 0 0 0 0 0 0 0 0 0
 0 0 0 0 0 0 0 0 0 0 0 0 0 0 0 0 0 0 0 0 0 0 0 0 0 0
 0 0 0 0 0 0 0 0 0 0 0 0 0 0 0 0 0 0 0 0 0 0 0 0 0 0
 0 0 0 0 0 0 0 0 0 0 0 0 0 0 0 0 0 0 0 0 0 0 0 0 0 0
 0 0 0 0 0 0 0 0 0 0 0 0 0 0 0 0 0 0 0 0 0 0 0 0 0 0
 0.00862536 0 0 0.000197151 0.00414017 0.0128641 0.00837892 0.0270097 0.101434 0.158115 0.152841 0.127902 0.109271 0.109419 0.0830992 0.0579132 0.0238553 0.00714673 0.00463305 0.00128148 0.00103504 0.000492878 0.000147863 0.000147863 4.92878e-05 0
 0 0 0 0 0 0 0 0 0 0 0 0 0 0 0 0 0 0 0 0 0 0 0 0 0 0
 0 0 0 0 0 0 0 0.0054083 0.00873648 0.0413646 0.0450493 0.0745869 0.0622846 0.0627006 0.0613931 0.0827291 0.12552 0.122667 0.0946155 0.0697135 0.0546179 0.0294188 0.0215738 0.0213955 0.0102223 0.00600262
 0 0 0 0 0.00359764 0.0251062 0.0480494 0.140153 0.205849 0.193036 0.1447 0.116669 0.0760912 0.0342217 0.00950174 0.001854 0.000860785 0 0 0 0.000165536 0 0.000143464 0 0 0
 0 0 0 0 0 0 0 0.000145254 0.000435761 0.0275982 0.070085 0.0708112 0.156366 0.174668 0.174014 0.160142 0.0824315 0.0480064 0.0283245 0.00493863 0.00203355 0 0 0 0 0
 0 0 0 0 0 0 0 0 0 0 0 0 0 0 0 0 0 0 0 0 0 0 0 0 0 0
 0 0 1.00437e-05 0.000401748 0.00122533 0.00171747 0.00176769 0.0269171 0.070346 0.194647 0.189555 0.159765 0.064822 0.0314167 0.0384472 0.0292271 0.0345202 0.0313363 0.0194345 0.0106764 0.0143323 0.0359363 0.0279516 0.0138201 0.00172751 0
 0 0.0021121 0.0136068 0.0755702 0.200478 0.177729 0.0527432 0.0373336 0.0318909 0.0142505 0.0149659 0.0166563 0.0217959 0.0798694 0.0677717 0.0528807 0.04013 0.0224614 0.0357745 0.0225083 0.00881397 0.00855152 0.00135912 0.000746735 0 0
 0 0 0 0 5.4009e-05 0.00500934 0.000945158 0.0243581 0.138947 0.33067 0.221406 0.137944 0.0707744 0.0437923 0.0131692 0.00525238 0.0047753 0.00276346 9.45158e-05 9.00151e-06 2.25038e-05 9.00151e-06 4.50075e-06 0 0 0
 0.000866109 0.00284123 0.00948549 0.0512746 0.133035 0.25785 0.225252 0.132002 0.0553304 0.0519788 0.0540692 0.017754 0.00435017 0.00159236 0.00146478 0.000404838 0.000125132 0.000115318 0.000107957 0.000100596 0 0 0 0 0 0
 0 0 0 0 0.00144013 0.00171154 0.00461396 0.0210425 0.0478622 0.0707936 0.0888783 0.103762 0.0637923 0.0337046 0.0602308 0.124433 0.169614 0.0934646 0.0462172 0.0250306 0.0313229 0.00938855 0.002487 0.000210481 0 0
 0 0.00764035 0.051015 0.0998891 0.058973 0.0496711 0.0374665 0.0718981 0.12319 0.153886 0.159021 0.0857701 0.0377988 0.023471 0.0147837 0.00900784 0.00315554 0.000888139 0.00291439 0.00214683 0.00393193 0.00274676 0.000635225 9.99891e-05 0 0
 0 0 0 0 0 0 0 0 0 0 0 0 0 0 0 0 0 0 0 0 0 0 0 0 0 0
 0 0 0 0 0 0 0 0 0 0 0 0 0 0 0 0 0 0 0 0 0 0 0 0 0 0
 0 0 0 0 0 0 0 0 0 0 0 0 0 0 0 0 0 0 0 0 0 0 0 0 0 0
 0 0 0 0 0 0 0 0 0 0 0 0 0 0 0 0 0 0 0 0 0 0 0 0 0 0
 0 0 0 0 0 0 0 0 0 0 0 0 0 0 0 0 0 0 0 0 0 0 0 0 0 0
 0 0 0 0 0 0 0 0 0 0 0 0 0 0 0 0 0 0 0 0 0 0 0 0 0 0
 0 0 0 0 0 0 0 0 0 0 0 0 0 0 0 0 0 0 0 0 0 0 0 0 0 0
ppred_pel_tallas
 1.14736e-16 1.44979e-07 1.40932e-06 9.36891e-06 4.2634e-05 0.000133038 0.000286119 0.000432739 0.000504975 0.000639128 0.00131865 0.00346846 0.00861395 0.018803 0.0357607 0.0592605 0.0857038 0.108499 0.12092 0.119888 0.107775 0.0906555 0.0744962 0.0622652 0.0536749 0.0468471
 1.1645e-16 5.66648e-05 0.000550802 0.00366027 0.0166391 0.0517703 0.110302 0.160989 0.16099 0.110305 0.0517801 0.0166722 0.00376224 0.000835527 0.000780329 0.00168033 0.00354179 0.00682538 0.011999 0.0192437 0.0281667 0.03766 0.046067 0.0516701 0.0533 0.0507525
 1.2107e-16 4.00356e-07 3.89168e-06 2.58654e-05 0.000117629 0.000366408 0.000783577 0.00116014 0.00123877 0.00116773 0.00165593 0.00384066 0.00936565 0.0203752 0.0386407 0.0637633 0.0916081 0.11476 0.125759 0.121406 0.104857 0.0836807 0.0654156 0.0539548 0.0488738 0.0471803
 1.24642e-16 4.43431e-05 0.00043103 0.00286435 0.0130209 0.0405129 0.086317 0.125982 0.125983 0.0863224 0.0405327 0.0130856 0.00305546 0.000943521 0.00129731 0.00280563 0.00574603 0.0108039 0.0186203 0.0293883 0.0424448 0.0560944 0.0679004 0.0754443 0.0772143 0.0731441
 1.00181e-16 8.1818e-05 0.0007953 0.00528505 0.0240251 0.0747509 0.159265 0.232452 0.232452 0.159267 0.0747589 0.0240482 0.00534317 0.000922098 0.000322462 0.000403233 0.000572303 0.00071885 0.00079247 0.000774057 0.000683988 0.000569317 0.0004756 0.000424313 0.000409128 0.000407865
 1.00091e-16 6.60315e-05 0.00064185 0.00426532 0.0193895 0.0603281 0.128536 0.187606 0.187625 0.128629 0.0606398 0.0202893 0.00652155 0.0055599 0.00938479 0.015354 0.021979 0.02736 0.0296112 0.0278662 0.0228084 0.0162463 0.0100837 0.00547068 0.0026146 0.00112294
 1.03327e-16 1.45511e-07 1.4145e-06 9.40403e-06 4.28021e-05 0.000133634 0.000287897 0.000438204 0.000524126 0.000707707 0.0015431 0.00411323 0.0102245 0.0222932 0.042313 0.0698886 0.100523 0.126071 0.138195 0.132996 0.11331 0.0867716 0.0612846 0.0414301 0.0278718 0.0190267
 1.36238e-16 2.6049e-07 2.53205e-06 1.68264e-05 7.64915e-05 0.000238002 0.000507147 0.000740545 0.000742315 0.000516464 0.000273355 0.000196572 0.000386021 0.00103273 0.0026137 0.00603367 0.012682 0.0242649 0.0422456 0.0668964 0.0963185 0.126091 0.150125 0.162675 0.16061 0.144715
 1.0534e-16 7.82439e-05 0.000760558 0.00505418 0.0229756 0.0714855 0.152307 0.222297 0.222297 0.152308 0.0714864 0.0229784 0.00506238 0.000782345 0.000131973 0.000129601 0.000270082 0.000552208 0.00105971 0.00189663 0.00314938 0.00483272 0.00683519 0.00889719 0.0106506 0.0117218
 1.04298e-16 1.27232e-06 1.23675e-05 8.21908e-05 0.000373684 0.00116317 0.00248166 0.00364142 0.00373377 0.00293282 0.0026774 0.00474451 0.011043 0.0239052 0.0452758 0.0745812 0.106814 0.133022 0.144098 0.135889 0.111775 0.0805969 0.0516153 0.0303585 0.0176891 0.0114914
 1.25839e-16 1.42881e-05 0.000138885 0.00092294 0.00419555 0.0130539 0.0278129 0.0405945 0.0405983 0.0278318 0.0131208 0.00440393 0.0015035 0.00159611 0.00333655 0.00693527 0.0133341 0.023705 0.0389742 0.0591277 0.0824709 0.105355 0.122882 0.130583 0.126305 0.111204
 1.00572e-16 8.16869e-05 0.000794026 0.00527658 0.0239866 0.0746311 0.15901 0.232079 0.232079 0.159011 0.0746352 0.0239983 0.00530623 0.000859146 0.000206621 0.00021591 0.000312461 0.000414792 0.000504266 0.000581236 0.000663286 0.000773445 0.000921256 0.00109026 0.00124103 0.0013277
 1.00612e-16 1.40115e-05 0.000136197 0.000905081 0.00411442 0.0128019 0.0272787 0.0398308 0.0399103 0.0276671 0.0141052 0.0078763 0.0103387 0.0206991 0.0389763 0.0641763 0.0918907 0.114385 0.123791 0.116491 0.0953484 0.0679326 0.042211 0.0229931 0.011138 0.00498898
 1.03283e-16 6.9193e-05 0.000672581 0.00446953 0.0203179 0.0632164 0.134689 0.196584 0.196589 0.134713 0.0632963 0.0205507 0.00506163 0.00199035 0.00264552 0.00445522 0.00685384 0.00953466 0.0121963 0.0146354 0.0167594 0.0184531 0.01945 0.0193813 0.0180029 0.0154121
 1.03983e-16 3.23651e-05 0.0003146 0.00209063 0.00950374 0.02957 0.0630039 0.0919673 0.092021 0.0632664 0.030451 0.0120472 0.00847064 0.0142275 0.0264129 0.0435046 0.0624132 0.0779648 0.0849248 0.0809191 0.0679005 0.0509112 0.0351534 0.0236115 0.0165826 0.0127351
 1.00313e-16 8.07388e-05 0.00078481 0.00521534 0.0237082 0.0737649 0.157164 0.229386 0.229387 0.15717 0.0737837 0.0237624 0.00535193 0.00108439 0.000653786 0.000963657 0.00140491 0.00181743 0.00209657 0.00219264 0.00213026 0.00198048 0.00180711 0.00163284 0.00144624 0.00123172
 1.00808e-16 1.27232e-06 1.23675e-05 8.21912e-05 0.000373687 0.00116318 0.00248175 0.00364184 0.00373563 0.0029399 0.0027009 0.00481234 0.0112133 0.0242766 0.0459803 0.0757424 0.108475 0.135076 0.146273 0.1378 0.113024 0.0808506 0.0506419 0.0280348 0.0140203 0.00664636
 1.01181e-16 7.9002e-05 0.000767927 0.00510315 0.0231982 0.0721781 0.153783 0.224451 0.224451 0.153784 0.0721814 0.0232084 0.00513178 0.000839939 0.000243561 0.000349816 0.000663615 0.00118112 0.00194358 0.00294883 0.00410985 0.00524137 0.00609635 0.00645133 0.00620177 0.00541165
 1.02212e-16 2.01408e-06 1.95777e-05 0.000130105 0.000591495 0.00184085 0.00392553 0.00574869 0.00584058 0.00437444 0.00334753 0.00494055 0.0110365 0.0237941 0.0450538 0.0742176 0.106301 0.132395 0.143438 0.135281 0.111262 0.0801309 0.0510516 0.0294893 0.0163099 0.00947711
 1.29782e-16 9.94607e-07 9.66793e-06 6.42471e-05 0.000292061 0.000908743 0.00193639 0.00282747 0.00283354 0.00196671 0.00101461 0.00061579 0.000944424 0.00215416 0.00472542 0.00950403 0.0176187 0.0302999 0.0484708 0.072031 0.0990312 0.125318 0.14528 0.153758 0.148256 0.130139
 1.06954e-16 7.6383e-05 0.00074247 0.00493397 0.0224291 0.0697854 0.148685 0.21701 0.21701 0.148686 0.0697888 0.0224397 0.00496215 0.000810175 0.000224414 0.000304982 0.000571766 0.00104159 0.00182282 0.0030503 0.00483382 0.0071796 0.00991361 0.012658 0.014899 0.01614
 1.02934e-16 4.30704e-05 0.00041866 0.00278215 0.0126473 0.0393505 0.0838421 0.122379 0.122424 0.0840581 0.0400754 0.0147397 0.00802958 0.0118576 0.0217199 0.035715 0.0511557 0.0637287 0.0690823 0.0652398 0.0538322 0.0390974 0.0254646 0.0155594 0.00975765 0.00700037
 1.09904e-16 4.6624e-06 4.53202e-05 0.000301172 0.00136912 0.00426019 0.00907913 0.0132646 0.0133281 0.00938963 0.00530357 0.00438624 0.00788767 0.0166499 0.0316655 0.0526674 0.076619 0.0978941 0.110668 0.112108 0.103861 0.0905615 0.0767105 0.0644852 0.0537843 0.0437057
 1.06561e-16 7.05511e-05 0.000685782 0.00455726 0.0207167 0.0644572 0.137333 0.200442 0.200444 0.137341 0.0644853 0.0207998 0.00477316 0.00118119 0.00108258 0.00186534 0.00312144 0.00485771 0.00712148 0.00993207 0.0132005 0.0166304 0.0196929 0.0217505 0.022295 0.0211635
 1.05584e-16 2.89644e-05 0.000281545 0.00187097 0.00850518 0.0264631 0.0563845 0.0823069 0.0823646 0.0566662 0.0274086 0.0112347 0.00871689 0.0152082 0.0283248 0.0466452 0.0668803 0.0834668 0.0907807 0.0862894 0.0721368 0.0538119 0.0369838 0.0249103 0.0178991 0.0144307
 1.1274e-16 2.58242e-05 0.000251021 0.00166812 0.00758307 0.0235939 0.0502706 0.0733788 0.073414 0.0504428 0.024173 0.00926053 0.00589724 0.00954415 0.0178532 0.0299369 0.0441965 0.0578061 0.0678084 0.0726983 0.0730768 0.0707777 0.0672908 0.0628819 0.0569803 0.0491899
 1.06051e-16 6.76158e-05 0.00065725 0.00436766 0.0198547 0.0617755 0.13162 0.192104 0.192113 0.131661 0.0619139 0.0202555 0.00537733 0.00287342 0.00431245 0.00711823 0.0104772 0.0136706 0.0160218 0.0172478 0.0176086 0.0176617 0.0178177 0.0180638 0.0180369 0.0173231
 1.02525e-16 5.69225e-05 0.000553307 0.00367692 0.0167148 0.052006 0.110805 0.161729 0.161756 0.110937 0.0524468 0.0179874 0.00686947 0.00751668 0.0132642 0.0217932 0.0312842 0.0391258 0.0427037 0.0408287 0.0344646 0.0261099 0.0183426 0.0126408 0.00915469 0.00723239
 1.07218e-16 7.02459e-07 6.82823e-06 4.53798e-05 0.000206338 0.000642414 0.00137163 0.00201836 0.00209672 0.00175459 0.00192847 0.00392171 0.00937452 0.0203824 0.0387262 0.0640943 0.0924958 0.116649 0.129085 0.126293 0.11074 0.0890685 0.0680241 0.0513269 0.0392918 0.0304548
 1.41548e-16 1.32456e-06 1.28752e-05 8.556e-05 0.000388945 0.00121017 0.00257849 0.00376397 0.00376687 0.00259325 0.00126345 0.000559263 0.000575151 0.00128744 0.00302629 0.00658187 0.0131779 0.0243135 0.041314 0.0645361 0.0924759 0.121342 0.145663 0.159982 0.160931 0.148569
 1.35812e-16 5.49842e-05 0.000534466 0.00355172 0.0161456 0.0502349 0.107031 0.156215 0.156216 0.107037 0.0502543 0.0162033 0.0037035 0.00089065 0.000810215 0.0014772 0.00270244 0.00475384 0.008112 0.0134081 0.0212335 0.0317814 0.044455 0.0576805 0.0691321 0.0763819
pSPR Fmed_Fpbrs
0.504669   0.285357 0.285357
Fs Fmed_Fpbrs
0.475637   1.005 1.005
SSBpbr Bo_Bmed_Bpbrs
1.75769e+06  799164  413683 413683
Ro
26122.8
SPR SPRFo_SPRFmed_SPRFpbrs
186454 94097.6 53206
Fref
1.005
Nvult_r0
 45219.4 575.29 294.093 13872.8 3057.82
CTP_r0
 13514.2 264.741 135.338 6384.08 1407.17
YTP_r0
390459
Np
 163007 36281 1925.12 14.4109 8.35901
Nvult_p0
 126726 31395.4 1665.89 12.4703 7.23338
CTP_p0
 42382.6 6200.94 46.4184 23.7294 1294.92
 42382.6 15736.8 835.02 6.25071 3.62571
YTP_p0
 460192 583662
CBA_c0
497233
log_Ro
9.99056
likeval ReclasPelacesDesembMPH_pf_preclas_ppelaces_ptallas_desvR_qrecl_qpela
 85.2836 71.3163 1.14395 0.00247356 520.59 245.972 178.97 0 304.64 0 0 0.657618 0 0 0
q_reclas_q_pelaces
1 1
M
1
N
 577.602 135876 29156.3 13690 2519.59
 190027 188.333 39267.7 8426.05 4684.51
 539.778 55032.7 42.9369 8952.37 2988.99
 8211.88 157.464 12730.6 9.93248 2762.36
 151764 500.333 1.58895 128.462 27.9749
 278489 41112.6 99.8084 0.31697 31.2067
 223.157 82480.5 9802.91 23.7984 7.51651
 73.6862 51.9372 12144.6 1443.4 4.61086
 102439 22.3232 12.9573 3029.82 361.249
 708.933 28283.6 4.62586 2.68503 702.704
 1912.21 193.146 5706.76 0.933355 142.326
 276119 500.496 35.9674 1062.71 26.6776
 20883.1 67085.6 80.3086 5.77126 174.8
 123996 5488.09 12594.4 15.0768 33.8999
 21461.2 27202.3 717.974 1647.65 6.40733
 490895 3931.09 2480.94 65.4816 150.856
 3452.78 127185 717.302 452.695 39.4748
 1.42307e+06 1054.95 32274.4 182.022 124.893
 20889.9 462021 302.271 9247.43 87.9389
 2623.68 6620.51 126144 82.5277 2548.79
 617654 729.58 1391.58 26514.5 553.085
 337106 181300 170.872 325.917 6339.39
 14253.1 97275.3 41035.9 38.6757 1508.64
 409031 4306.6 24140.5 10183.8 383.994
 134987 128651 1158.09 6491.63 2841.78
 66716.2 43409.4 36165.1 325.551 2623.72
 354695 21186.8 11899.9 9914.06 808.493
 519511 112358 5779.11 3245.95 2924.79
 3520.58 176052 35074.8 1804.06 1926.31
 2105.35 1221.72 57630.4 11481.7 1221.13
 59515.5 682.306 348.8 16453.4 3626.64
pred_Ctot
 41.9156 18782.7 4030.4 1892.43 348.293
 26061.4 47.0548 9810.96 2105.24 1170.42
 71.9843 13405.7 10.4592 2180.75 728.103
 4955.51 121.961 9860.2 7.693 2139.53
 25926.7 152.064 0.482921 39.0429 8.50226
 34925.7 9470.33 22.991 0.0730142 7.18849
 53.7722 33620 3995.78 9.70049 3.06382
 8.35222 10.904 2549.71 303.036 0.968034
 16535.8 6.45356 3.7459 875.911 104.436
 119.124 8471.88 1.3856 0.804256 210.483
 358.523 63.6661 1881.1 0.307659 46.9144
 61292.1 190.542 13.693 404.58 10.1563
 3874.88 21914.7 26.2342 1.88529 57.1017
 32985.8 2424.82 5564.61 6.66144 14.9781
 7202.08 14397.8 380.014 872.08 3.39132
 94412.3 1324.63 835.984 22.0649 50.8327
 375.512 25701.9 144.954 91.4819 7.97719
 106756 150.502 4604.33 25.9677 17.8175
 1851.45 77149.8 50.4742 1544.17 14.6843
 414.179 1876.47 35753.2 23.3911 722.412
 80372.4 173.804 331.51 6316.41 131.759
 46862.8 45854.9 43.2176 82.4321 1603.38
 1635.77 20657.7 8714.54 8.21332 320.381
 37981.3 751.25 4211.11 1776.47 66.9845
 10857.2 19605.3 176.483 989.269 433.062
 5837.52 7161.7 5966.54 53.7095 432.862
 31529.1 3547.65 1992.6 1660.07 135.379
 26060 10900.7 560.674 314.913 283.755
 126.775 12378.6 2466.18 126.847 135.443
 160.09 176.543 8327.81 1659.15 176.458
 13514.2 264.741 135.338 6384.08 1407.17
F
 0.120672 0.241343 0.241343 0.241343 0.241343
 0.239241 0.478483 0.478483 0.478483 0.478483
 0.231961 0.463921 0.463921 0.463921 0.463921
 1.79806 3.59613 3.59613 3.59613 3.59613
 0.306011 0.612022 0.612022 0.612022 0.612022
 0.216818 0.433636 0.433636 0.433636 0.433636
 0.45784 0.91568 0.91568 0.91568 0.91568
 0.194189 0.388378 0.388378 0.388378 0.388378
 0.286983 0.573965 0.573966 0.573966 0.573966
 0.300315 0.600631 0.600631 0.600631 0.600631
 0.340416 0.680831 0.680831 0.680831 0.680831
 0.414862 0.829723 0.829723 0.829723 0.829723
 0.336358 0.672716 0.672716 0.672716 0.672716
 0.516952 1.0339 1.0339 1.0339 1.0339
 0.697332 1.39466 1.39466 1.39466 1.39466
 0.350587 0.701175 0.701175 0.701175 0.701175
 0.185684 0.371368 0.371368 0.371368 0.371368
 0.124964 0.249928 0.249928 0.249928 0.249928
 0.149095 0.29819 0.29819 0.29819 0.29819
 0.279865 0.55973 0.55973 0.55973 0.55973
 0.225777 0.451553 0.451553 0.451553 0.451553
 0.242853 0.485705 0.485705 0.485705 0.485705
 0.196827 0.393653 0.393653 0.393653 0.393653
 0.156689 0.313378 0.313378 0.313378 0.313378
 0.134503 0.269006 0.269006 0.269006 0.269006
 0.147071 0.294142 0.294142 0.294142 0.294142
 0.149564 0.299127 0.299127 0.299127 0.299127
 0.0821049 0.16421 0.16421 0.16421 0.16421
 0.0583656 0.116731 0.116731 0.116731 0.116731
 0.126758 0.253517 0.253517 0.253517 0.253517
 0.426247 0.852494 0.852494 0.852494 0.852494
YTP_r0W_actual
 112168 3732.85 3735.32 218335 52487.4
YTP_p0W_proyectada
 317446 97168.7 1073.66 696.934 43807.1
 317446 246596 19314 183.583 122.658
CTP_r0_actual
 13514.2 264.741 135.338 6384.08 1407.17
CTP_p0_proyectada
 42382.6 6200.94 46.4184 23.7294 1294.92
 42382.6 15736.8 835.02 6.25071 3.62571
Wmedp
 7.49 15.67 23.13 29.37 33.83
Frms_r0
 0.426247 0.852494 0.852494 0.852494 0.852494
Zrms_r0
 1.42625 1.85249 1.85249 1.85249 1.85249
nmprior
 8.19 8.8 8.5 0
nm_flota  nm_reclas  nm_pelaces    nm_pelaL
inf 1.8687 1.939 2.36512
cv_recla  cv_pelaces  cv_mph
0.835329 0.957562 1.53485
 ------------------------------------------------
Talla a la edad & desviaci?n 
 8 13.2811 15.8009 17.003 17.5766
 0.8 1.32811 1.58009 1.7003 1.75766
