years
 1991 1992 1993 1994 1995 1996 1997 1998 1999 2000 2001 2002 2003 2004 2005 2006 2007 2008 2009 2010 2011 2012 2013 2014 2015 2016 2017 2018 2019 2020 2021
reclasobs
 0 0 0 0 0 0 0 0 0 252601 567819 844713 477998 351125 339783 2.1784e+06 2.13404e+06 4.81314e+06 1.55562e+06 2.62356e+06 3.21686e+06 3.843e+06 1.13348e+06 3.07943e+06 1.97215e+06 2.03268e+06 2.025e+06 2.42433e+06 2.27542e+06 1.05018e+06 2.36338e+06
reclaspred
 7.42169e+06 2.0032e+06 1.0513e+06 857878 189468 3.31298e+06 1.51871e+06 484537 940838 246889 378751 849499 762012 588219 410989 1.85942e+06 857176 4.35202e+06 2.89524e+06 2.10795e+06 3.03447e+06 3.23624e+06 1.654e+06 3.30899e+06 2.46177e+06 1.57664e+06 2.15569e+06 3.48774e+06 2.76928e+06 775354 1.45047e+06
pelacesobs
 0 0 0 0 0 0 0 0 0 0 0 0 0 0 0 552880 188675 0 991730 2.46772e+06 1.41603e+06 1.21717e+06 2.29649e+06 1.80582e+06 0 1.4828e+06 1.56532e+06 1.57751e+06 1.42118e+06 867257 1.10002e+06
pelacespred
 7.84554e+06 1.93673e+06 586394 349553 81979.7 1.81249e+06 895032 427525 506293 97724.5 199311 356065 364215 254503 168962 772695 410371 2.35159e+06 1.64492e+06 1.00434e+06 1.53401e+06 1.61558e+06 1.0183e+06 2.07218e+06 1.62949e+06 1.07505e+06 1.44354e+06 2.39864e+06 2.06817e+06 559707 767364
mphobs
 0 0 0 0 0 0 0 0 0 0 0 498337 0 5186 125008 0 168611 109162 213762 579715 649985 157893 87575 83554 0 0 0 0 0 0 0
mphpred
 1.65123e+06 653157 105132 134831 59037.8 11267.7 474450 108060 39249.2 88345.1 10162.6 52812.6 81829.6 51108.3 28709.7 27974.7 224856 62110.7 542556 223257 268103 276960 384940 147679 404562 294184 142718 235031 568384 237382 44588.2
desembarqueobs
 494567 514787 250237 358949 120608 361735 552515 73892 212993 205616 52469 317467 293654 387597 252695 516296 358380 742168 942051 627588 828172 859565 418607 520667 417249 300574 415391 372974 316634 284311 391294
desembarquepred
 494493 514350 249992 358483 120498 361531 551800 73862.8 212812 205363 52449.4 317110 293253 386821 252322 515691 358057 741384 940210 626293 827486 858367 418132 520273 416734 300225 414956 372637 316236 283667 390976
Reclutas
 14048.9 8695.85 167488 56913.2 8558 286509 11285.9 3027.28 51527.5 12253.1 36170.6 111672 75858.3 68873.8 41818.8 254626 13905.9 435986 184031 212539 197141 408577 18221.8 174126 134431 30662.1 128221 181267 28327.3 13605.8 112645
log_desv_Rt
 -1.40872 -1.88842 1.06965 -0.00973696 -1.9044 1.6065 -1.62771 -2.9436 -0.109149 -1.54548 -0.463018 0.664297 0.277603 0.181011 -0.317918 1.48853 -1.41895 2.02634 1.16384 1.30786 1.23266 1.96142 -1.14865 1.10852 0.849786 -0.628238 0.802489 1.14871 -0.707437 -1.44077 0.672978
SSB
 1.64986e+06 652616 105045 134720 58989 11258.4 474057 107970 39216.7 88271.9 10154.2 52768.9 81761.8 51066 28686 27951.5 224670 62059.2 542107 223073 267881 276730 384622 147557 404227 293941 142600 234837 567913 237186 44551.3
BT
 2.06939e+06 938811 415016 382177 119626 1.27505e+06 723242 169617 425593 212423 139877 426404 420120 523736 329852 804206 395880 1.87068e+06 1.46983e+06 896901 1.34707e+06 1.41463e+06 625796 1.4492e+06 912063 577933 1.07822e+06 1.42321e+06 807205 418732 751028
Ftot
 0.313346 1.10248 1.10176 1.64655 2.18735 0.544584 1.38124 0.688669 1.06779 2.6102 0.677262 1.61795 1.61665 2.53005 2.43069 1.29091 1.56858 0.827439 1.34497 1.31433 1.2029 1.19527 1.03755 0.758183 0.759469 0.830449 0.907552 0.517042 0.502282 1.46854 1.25349
BD_Bspro_t
 0.951101 0.615324 0.213238 0.265664 0.106689 0.0297429 0.457355 0.149761 0.0884832 0.190449 0.0395346 0.244615 0.20325 0.116465 0.0652377 0.0663359 0.248031 0.0865264 0.363651 0.180019 0.175403 0.180476 0.242105 0.125011 0.307688 0.292088 0.209388 0.332071 0.513317 0.308831 0.102517
BD_Bspro
 4.0221 1.59097 0.256083 0.328424 0.143805 0.0274461 1.15567 0.263214 0.0956039 0.215193 0.0247543 0.128642 0.199322 0.124491 0.0699317 0.0681413 0.547708 0.15129 1.32157 0.543815 0.65305 0.674623 0.937645 0.35972 0.98544 0.71658 0.347635 0.572494 1.38448 0.578221 0.108609
BD_Bo
 1.14664 0.453562 0.0730053 0.0936289 0.0409968 0.00782446 0.329465 0.0750383 0.0272552 0.0613482 0.00705708 0.0366739 0.0568237 0.0354904 0.0199365 0.0194261 0.156143 0.0431306 0.376759 0.155033 0.186175 0.192325 0.267309 0.102551 0.280934 0.204286 0.0991055 0.163209 0.394695 0.164842 0.0309627
BD_Brms
 2.0848 0.824658 0.132737 0.170234 0.0745396 0.0142263 0.599028 0.136433 0.049555 0.111542 0.0128311 0.0666798 0.103316 0.064528 0.0362481 0.0353201 0.283897 0.0784193 0.685017 0.281879 0.3385 0.349682 0.486016 0.186456 0.510789 0.371429 0.180192 0.296744 0.717626 0.299713 0.0562959
Sel_flota
 0.649584 1 1 1 1
 0.649584 1 1 1 1
 0.649584 1 1 1 1
 0.649584 1 1 1 1
 0.649584 1 1 1 1
 0.649584 1 1 1 1
 0.649584 1 1 1 1
 0.649584 1 1 1 1
 0.649584 1 1 1 1
 0.649584 1 1 1 1
 0.649584 1 1 1 1
 0.649584 1 1 1 1
 0.649584 1 1 1 1
 0.649584 1 1 1 1
 0.649584 1 1 1 1
 0.649584 1 1 1 1
 0.649584 1 1 1 1
 0.649584 1 1 1 1
 0.649584 1 1 1 1
 0.649584 1 1 1 1
 0.649584 1 1 1 1
 0.649584 1 1 1 1
 0.649584 1 1 1 1
 0.649584 1 1 1 1
 0.649584 1 1 1 1
 0.649584 1 1 1 1
 0.649584 1 1 1 1
 0.649584 1 1 1 1
 0.649584 1 1 1 1
 0.649584 1 1 1 1
 0.649584 1 1 1 1
Sel_reclas
 0.678266 0.913864 0.981616 0.996292 0.999261
 0.678266 0.913864 0.981616 0.996292 0.999261
 0.678266 0.913864 0.981616 0.996292 0.999261
 0.678266 0.913864 0.981616 0.996292 0.999261
 0.678266 0.913864 0.981616 0.996292 0.999261
 0.678266 0.913864 0.981616 0.996292 0.999261
 0.678266 0.913864 0.981616 0.996292 0.999261
 0.678266 0.913864 0.981616 0.996292 0.999261
 0.678266 0.913864 0.981616 0.996292 0.999261
 0.678266 0.913864 0.981616 0.996292 0.999261
 0.678266 0.913864 0.981616 0.996292 0.999261
 0.678266 0.913864 0.981616 0.996292 0.999261
 0.678266 0.913864 0.981616 0.996292 0.999261
 0.678266 0.913864 0.981616 0.996292 0.999261
 0.678266 0.913864 0.981616 0.996292 0.999261
 0.678266 0.913864 0.981616 0.996292 0.999261
 0.678266 0.913864 0.981616 0.996292 0.999261
 0.678266 0.913864 0.981616 0.996292 0.999261
 0.678266 0.913864 0.981616 0.996292 0.999261
 0.678266 0.913864 0.981616 0.996292 0.999261
 0.678266 0.913864 0.981616 0.996292 0.999261
 0.678266 0.913864 0.981616 0.996292 0.999261
 0.678266 0.913864 0.981616 0.996292 0.999261
 0.678266 0.913864 0.981616 0.996292 0.999261
 0.678266 0.913864 0.981616 0.996292 0.999261
 0.678266 0.913864 0.981616 0.996292 0.999261
 0.678266 0.913864 0.981616 0.996292 0.999261
 0.678266 0.913864 0.981616 0.996292 0.999261
 0.678266 0.913864 0.981616 0.996292 0.999261
 0.678266 0.913864 0.981616 0.996292 0.999261
 0.678266 0.913864 0.981616 0.996292 0.999261
Sel_pelaces
 0.350124 0.730557 0.931719 0.985647 0.997115
 0.350124 0.730557 0.931719 0.985647 0.997115
 0.350124 0.730557 0.931719 0.985647 0.997115
 0.350124 0.730557 0.931719 0.985647 0.997115
 0.350124 0.730557 0.931719 0.985647 0.997115
 0.350124 0.730557 0.931719 0.985647 0.997115
 0.350124 0.730557 0.931719 0.985647 0.997115
 0.350124 0.730557 0.931719 0.985647 0.997115
 0.350124 0.730557 0.931719 0.985647 0.997115
 0.350124 0.730557 0.931719 0.985647 0.997115
 0.350124 0.730557 0.931719 0.985647 0.997115
 0.350124 0.730557 0.931719 0.985647 0.997115
 0.350124 0.730557 0.931719 0.985647 0.997115
 0.350124 0.730557 0.931719 0.985647 0.997115
 0.350124 0.730557 0.931719 0.985647 0.997115
 0.350124 0.730557 0.931719 0.985647 0.997115
 0.350124 0.730557 0.931719 0.985647 0.997115
 0.350124 0.730557 0.931719 0.985647 0.997115
 0.350124 0.730557 0.931719 0.985647 0.997115
 0.350124 0.730557 0.931719 0.985647 0.997115
 0.350124 0.730557 0.931719 0.985647 0.997115
 0.350124 0.730557 0.931719 0.985647 0.997115
 0.350124 0.730557 0.931719 0.985647 0.997115
 0.350124 0.730557 0.931719 0.985647 0.997115
 0.350124 0.730557 0.931719 0.985647 0.997115
 0.350124 0.730557 0.931719 0.985647 0.997115
 0.350124 0.730557 0.931719 0.985647 0.997115
 0.350124 0.730557 0.931719 0.985647 0.997115
 0.350124 0.730557 0.931719 0.985647 0.997115
 0.350124 0.730557 0.931719 0.985647 0.997115
 0.350124 0.730557 0.931719 0.985647 0.997115
pf_obs 
 0.8446 0.082 0.0669 0.0065 0
 0.8095 0.147 0.0364 0.0071 0
 0.9664 0.0169 0.016 0.0007 0
 0.9276 0.0648 0.0075 0.0001 0
 0.7033 0.2144 0.0806 0.0017 0
 0.9318 0.0425 0.0243 0.0014 0
 0.5671 0.3108 0.0964 0.0239 0.0018
 0.0768 0.2599 0.5324 0.112 0.0189
 0.490249 0.384438 0.106611 0.0170017 0.00170017
 0.7925 0.1577 0.0466 0.003 0.0002
 0.840416 0.127587 0.0312969 0.00059994 9.999e-05
 0.8084 0.0986 0.0794 0.0134 0.0002
 0.7335 0.1905 0.0724 0.0035 0.0001
 0.4001 0.4547 0.1325 0.0127 0
 0.49795 0.308269 0.164784 0.0264974 0.00249975
 0.9179 0.0499 0.0305 0.0017 0
 0.2467 0.6533 0.0926 0.0074 0
 0.9418 0.0223 0.034 0.0019 0
 0.707729 0.231977 0.0356964 0.0245975 0
 0.517169 0.277429 0.184464 0.0207286 0.00020938
 0.811772 0.124168 0.05621 0.00726502 0.000585176
 0.764997 0.148141 0.077277 0.00933861 0.000247198
 0.163321 0.427699 0.378323 0.0303852 0.000271297
 0.753843 0.0900009 0.118128 0.0371064 0.000921714
 0.721811 0.176058 0.0630433 0.0369309 0.00215725
 0.143369 0.312575 0.442814 0.0836902 0.0175525
 0.692698 0.0596174 0.167031 0.0765114 0.00414204
 0.394062 0.376323 0.152708 0.0712218 0.00568511
 0.125707 0.32114 0.495352 0.0537591 0.00404204
 0.23352 0.215282 0.420074 0.123614 0.00750983
 0.796117 0.104755 0.0508955 0.0450114 0.00322123
pf_pred 
 0.0864855 0.173282 0.65098 0.0892519 9.18064e-07
 0.171234 0.111659 0.136026 0.511018 0.0700632
 0.958543 0.0120315 0.00396441 0.00482956 0.0206311
 0.590917 0.400333 0.00253959 0.0008368 0.00537418
 0.426155 0.44016 0.130825 0.000829914 0.00202969
 0.994304 0.00377558 0.0014728 0.000437747 9.56838e-06
 0.104008 0.893038 0.0019582 0.000763866 0.000232
 0.201017 0.158083 0.638787 0.0014007 0.000712339
 0.943354 0.0175913 0.0077272 0.0312243 0.000103287
 0.511349 0.47414 0.00450655 0.00197956 0.00802552
 0.959244 0.0308932 0.00956965 9.09566e-05 0.000201934
 0.908418 0.0894535 0.00161347 0.000499797 1.52969e-05
 0.797593 0.193771 0.00843564 0.000152153 4.85744e-05
 0.840366 0.143526 0.0154208 0.000671331 1.59744e-05
 0.868707 0.123282 0.00720192 0.000773793 3.4488e-05
 0.982969 0.0161706 0.000808067 4.72058e-05 5.29796e-06
 0.209057 0.784396 0.00621627 0.000310635 2.01834e-05
 0.984443 0.00577273 0.00970285 7.68942e-05 4.09217e-06
 0.597119 0.399469 0.00126613 0.00212812 1.77627e-05
 0.812118 0.142278 0.0452181 0.00014332 0.000242904
 0.800134 0.179934 0.0150945 0.00479729 4.09754e-05
 0.891579 0.0965403 0.0106961 0.000897293 0.00028761
 0.155147 0.797009 0.0426011 0.00471997 0.000522872
 0.905851 0.024799 0.0654225 0.00349692 0.000430359
 0.699583 0.284187 0.00427512 0.0112782 0.000677027
 0.372515 0.507716 0.113298 0.00170438 0.00476625
 0.881492 0.0620523 0.04568 0.0101936 0.000582172
 0.818353 0.169561 0.00632823 0.00465854 0.00109893
 0.26794 0.648425 0.0780707 0.00291369 0.0026509
 0.349371 0.250922 0.354042 0.0426269 0.00303829
 0.959589 0.0217659 0.00719079 0.010146 0.00130865
pobs_RECLAS
 0 0 0 0 0
 0 0 0 0 0
 0 0 0 0 0
 0 0 0 0 0
 0 0 0 0 0
 0 0 0 0 0
 0 0 0 0 0
 0 0 0 0 0
 0 0 0 0 0
 0 0 0 0 0
 0.991045 0.00858322 0.000360255 1.14367e-05 0
 0.934742 0.0480273 0.0164251 0.00080598 0
 0.827803 0.169806 0.00239088 0 0
 0.941827 0.0461693 0.0120037 0 0
 0.791401 0.0380133 0.147996 0.0225897 0
 0.846168 0.0940531 0.0597789 0 0
 0.134021 0.677848 0.182769 0.00536245 0
 0.80878 0.0450904 0.141981 0.00414843 0
 0.846168 0.0940531 0.0597789 0 0
 0.905697 0.0802665 0.012482 0.00150086 5.37128e-05
 0.989698 0.0102097 9.19794e-05 0 0
 0.975433 0.0193895 0.00387452 0.00125025 5.28907e-05
 0.303575 0.632131 0.0575291 0.00676475 0
 0.966965 0.00978017 0.0227588 0.000495775 0
 0.843318 0.132988 0.00938335 0.0141283 0.000182051
 0.564624 0.303363 0.111486 0.0197234 0.00080311
 0.826376 0.0876187 0.0782897 0.00655872 0.00115652
 0.89761 0.0855135 0.0140674 0.00269457 0.000114338
 0.34875 0.467042 0.161289 0.0227151 0.000203297
 0.318654 0.224769 0.449479 0.00709798 0
 0.937255 0.0296025 0.0250945 0.00804832 0
ppred_RECLAS
 0.0934145 0.161982 0.653645 0.0909572 9.38393e-07
 0.188685 0.101617 0.13297 0.507007 0.0697205
 0.96338 0.00998751 0.00353488 0.00437068 0.0187265
 0.646378 0.345411 0.00235363 0.000787122 0.0050702
 0.494393 0.3812 0.121701 0.000783576 0.00192207
 0.994993 0.00323391 0.00135502 0.000408764 8.96149e-06
 0.12563 0.871258 0.00205208 0.000812455 0.000247493
 0.218544 0.14593 0.633397 0.00140964 0.000719026
 0.949934 0.0146677 0.00692065 0.0283833 9.41685e-05
 0.594775 0.392178 0.00400388 0.00178505 0.0072585
 0.964551 0.0263939 0.00878207 8.47189e-05 0.000188646
 0.926031 0.0721191 0.00139725 0.00043929 1.34851e-05
 0.832385 0.159954 0.00747974 0.000136929 4.38443e-05
 0.879193 0.107803 0.0124413 0.00054972 1.31197e-05
 0.900673 0.0928379 0.00582549 0.000635264 2.83981e-05
 0.986044 0.0132008 0.000708567 4.2012e-05 4.72912e-06
 0.249519 0.743807 0.00633162 0.00032113 2.09274e-05
 0.986266 0.00486891 0.00879043 7.0705e-05 3.774e-06
 0.646405 0.350351 0.00119277 0.0020348 1.70344e-05
 0.839421 0.119448 0.0407769 0.000131176 0.000222985
 0.828973 0.152782 0.013767 0.00444078 3.80434e-05
 0.908635 0.0806825 0.0096019 0.000817542 0.000262828
 0.180557 0.769728 0.0441932 0.00496957 0.000552162
 0.91513 0.0211836 0.0600279 0.00325654 0.000401971
 0.73273 0.25166 0.00406648 0.0108882 0.000655562
 0.410146 0.470521 0.112782 0.00172198 0.00482982
 0.895473 0.0527894 0.0417422 0.0094541 0.000541549
 0.839418 0.149084 0.00597649 0.0044654 0.00105651
 0.297276 0.617131 0.0798116 0.0030232 0.00275873
 0.390234 0.224673 0.340508 0.0416103 0.00297467
 0.96552 0.0178767 0.00634376 0.00908466 0.00117525
pobs_PELACES
 0 0 0 0 0
 0 0 0 0 0
 0 0 0 0 0
 0 0 0 0 0
 0 0 0 0 0
 0 0 0 0 0
 0 0 0 0 0
 0 0 0 0 0
 0 0 0 0 0
 0 0 0 0 0
 0 0 0 0 0
 0 0 0 0 0
 0 0 0 0 0
 0 0 0 0 0
 0 0 0 0 0
 0 0 0 0 0
 0.505614 0.472636 0.0217494 0 0
 0 0 0 0 0
 0.443492 0.261883 0.143347 0.151278 0
 0.227955 0.32914 0.350689 0.0885471 0.00366901
 0.970185 0.0296113 0.000203453 0 0
 0.997202 0.00247181 0.000326279 0 0
 0.445219 0.490057 0.0546422 0.010081 0
 0.90214 0.0892962 0.00764917 0.000914606 0
 0 0 0 0 0
 0.581667 0.319106 0.0959925 0.00289975 0.000334073
 0.762889 0.0836404 0.116647 0.0363945 0.000428098
 0.88444 0.0763242 0.0277011 0.0115352 0
 0.521256 0.241999 0.230069 0.00667565 0
 0.616807 0.101726 0.260614 0.0208532 0
 0.833518 0.0704572 0.0857862 0.0102388 0
ppred_PELACES
 0.0561867 0.145513 0.697181 0.101119 1.05223e-06
 0.124424 0.0913513 0.14193 0.56406 0.0782354
 0.942676 0.0133242 0.00559924 0.00721597 0.0311841
 0.586826 0.401439 0.00324782 0.00113211 0.00735532
 0.437277 0.40545 0.153691 0.0010314 0.0025518
 0.992228 0.00468943 0.00233297 0.000733545 1.62206e-05
 0.0980973 0.898037 0.00251138 0.00103636 0.000318422
 0.145065 0.138527 0.713899 0.001656 0.000851978
 0.922717 0.0195013 0.0109249 0.0467009 0.000156279
 0.559931 0.422794 0.00512505 0.00238154 0.00976759
 0.947714 0.0371359 0.0146709 0.000147514 0.000331308
 0.906531 0.0906782 0.00208591 0.000683545 2.11641e-05
 0.793084 0.195773 0.0108696 0.000207402 6.69827e-05
 0.860543 0.121957 0.0167115 0.000769629 1.85265e-05
 0.884518 0.106597 0.00794186 0.000902683 4.07008e-05
 0.981283 0.0175234 0.00111678 6.90166e-05 7.83595e-06
 0.204427 0.787169 0.00795597 0.000420582 2.7645e-05
 0.9785 0.00679821 0.0145728 0.000122173 6.57746e-06
 0.579182 0.41612 0.00168207 0.00299088 2.52543e-05
 0.789439 0.149438 0.0605714 0.000203095 0.000348218
 0.778855 0.193432 0.020695 0.00695789 6.01214e-05
 0.878217 0.105175 0.0148615 0.00131889 0.000427662
 0.13686 0.801389 0.0546301 0.00640305 0.000717574
 0.869299 0.028547 0.0960471 0.00543099 0.000676158
 0.656088 0.319626 0.00613222 0.0171138 0.00103929
 0.322452 0.520415 0.148109 0.00235701 0.00666801
 0.848433 0.0697404 0.0654762 0.0154568 0.000893036
 0.779236 0.201886 0.00960931 0.00748336 0.00178584
 0.220526 0.668964 0.102722 0.00405559 0.00373275
 0.303851 0.228605 0.41137 0.052396 0.00377805
 0.949767 0.0235582 0.00992595 0.0148158 0.00193321
pobs_pel_tallas
 0 0 0 0 0 0 0 0 0 0 0 0 0 0 0 0 0 0 0 0 0 0 0 0 0 0
 0 0 0 0 0 0 0 0 0 0 0 0 0 0 0 0 0 0 0 0 0 0 0 0 0 0
 0 0 0 0 0 0 0 0 0 0 0 0 0 0 0 0 0 0 0 0 0 0 0 0 0 0
 0 0 0 0 0 0 0 0 0 0 0 0 0 0 0 0 0 0 0 0 0 0 0 0 0 0
 0 0 0 0 0 0 0 0 0 0 0 0 0 0 0 0 0 0 0 0 0 0 0 0 0 0
 0 0 0 0 0 0 0 0 0 0 0 0 0 0 0 0 0 0 0 0 0 0 0 0 0 0
 0 0 0 0 0 0 0 0 0 0 0 0 0 0 0 0 0 0 0 0 0 0 0 0 0 0
 0 0 0 0 0 0 0 0 0 0 0 0 0 0 0 0 0 0 0 0 0 0 0 0 0 0
 0 0 0 0 0 0 0 0 0 0 0 0 0 0 0 0 0 0 0 0 0 0 0 0 0 0
 0 0 0 0 0 0 0 0 0 0 0 0 0 0 0 0 0 0 0 0 0 0 0 0 0 0
 0 0 0 0 0 0 0 0 0 0 0 0 0 0 0 0 0 0 0 0 0 0 0 0 0 0
 0 0 0 0 0 0 0 0 0 0 0 0 0 0 0 0 0 0 0 0 0 0 0 0 0 0
 0.00862536 0 0 0.000197151 0.00414017 0.0128641 0.00837892 0.0270097 0.101434 0.158115 0.152841 0.127902 0.109271 0.109419 0.0830992 0.0579132 0.0238553 0.00714673 0.00463305 0.00128148 0.00103504 0.000492878 0.000147863 0.000147863 4.92878e-05 0
 0 0 0 0 0 0 0 0 0 0 0 0 0 0 0 0 0 0 0 0 0 0 0 0 0 0
 0 0 0 0 0 0 0 0.0054083 0.00873648 0.0413646 0.0450493 0.0745869 0.0622846 0.0627006 0.0613931 0.0827291 0.12552 0.122667 0.0946155 0.0697135 0.0546179 0.0294188 0.0215738 0.0213955 0.0102223 0.00600262
 0 0 0 0 0.00359764 0.0251062 0.0480494 0.140153 0.205849 0.193036 0.1447 0.116669 0.0760912 0.0342217 0.00950174 0.001854 0.000860785 0 0 0 0.000165536 0 0.000143464 0 0 0
 0 0 0 0 0 0 0 0.000145254 0.000435761 0.0275982 0.070085 0.0708112 0.156366 0.174668 0.174014 0.160142 0.0824315 0.0480064 0.0283245 0.00493863 0.00203355 0 0 0 0 0
 0 0 0 0 0 0 0 0 0 0 0 0 0 0 0 0 0 0 0 0 0 0 0 0 0 0
 0 0 1.00437e-05 0.000401748 0.00122533 0.00171747 0.00176769 0.0269171 0.070346 0.194647 0.189555 0.159765 0.064822 0.0314167 0.0384472 0.0292271 0.0345202 0.0313363 0.0194345 0.0106764 0.0143323 0.0359363 0.0279516 0.0138201 0.00172751 0
 0 0.0021121 0.0136068 0.0755702 0.200478 0.177729 0.0527432 0.0373336 0.0318909 0.0142505 0.0149659 0.0166563 0.0217959 0.0798694 0.0677717 0.0528807 0.04013 0.0224614 0.0357745 0.0225083 0.00881397 0.00855152 0.00135912 0.000746735 0 0
 0 0 0 0 5.4009e-05 0.00500934 0.000945158 0.0243581 0.138947 0.33067 0.221406 0.137944 0.0707744 0.0437923 0.0131692 0.00525238 0.0047753 0.00276346 9.45158e-05 9.00151e-06 2.25038e-05 9.00151e-06 4.50075e-06 0 0 0
 0.000866109 0.00284123 0.00948549 0.0512746 0.133035 0.25785 0.225252 0.132002 0.0553304 0.0519788 0.0540692 0.017754 0.00435017 0.00159236 0.00146478 0.000404838 0.000125132 0.000115318 0.000107957 0.000100596 0 0 0 0 0 0
 0 0 0 0 0.00144013 0.00171154 0.00461396 0.0210425 0.0478622 0.0707936 0.0888783 0.103762 0.0637923 0.0337046 0.0602308 0.124433 0.169614 0.0934646 0.0462172 0.0250306 0.0313229 0.00938855 0.002487 0.000210481 0 0
 0 0.00764035 0.051015 0.0998891 0.058973 0.0496711 0.0374665 0.0718981 0.12319 0.153886 0.159021 0.0857701 0.0377988 0.023471 0.0147837 0.00900784 0.00315554 0.000888139 0.00291439 0.00214683 0.00393193 0.00274676 0.000635225 9.99891e-05 0 0
 0 0 0 0 0 0 0 0 0 0 0 0 0 0 0 0 0 0 0 0 0 0 0 0 0 0
 0 0 0 0 0 0 0 0 0 0 0 0 0 0 0 0 0 0 0 0 0 0 0 0 0 0
 0 0 0 0 0 0 0 0 0 0 0 0 0 0 0 0 0 0 0 0 0 0 0 0 0 0
 0 0 0 0 0 0 0 0 0 0 0 0 0 0 0 0 0 0 0 0 0 0 0 0 0 0
 0 0 0 0 0 0 0 0 0 0 0 0 0 0 0 0 0 0 0 0 0 0 0 0 0 0
 0 0 0 0 0 0 0 0 0 0 0 0 0 0 0 0 0 0 0 0 0 0 0 0 0 0
 0 0 0 0 0 0 0 0 0 0 0 0 0 0 0 0 0 0 0 0 0 0 0 0 0 0
ppred_pel_tallas
 1.30298e-16 4.62806e-06 4.49864e-05 0.000298951 0.001359 0.00422842 0.00900966 0.013153 0.0131681 0.00908396 0.00448104 0.00210243 0.00221714 0.00440471 0.0087896 0.0158416 0.0258924 0.0389706 0.054902 0.0733138 0.0932366 0.112503 0.127655 0.134911 0.131826 0.118602
 1.73927e-16 1.02486e-05 9.96203e-05 0.000662012 0.00300942 0.00936347 0.0199502 0.0291198 0.029129 0.0199954 0.00951674 0.0034581 0.0018117 0.0026902 0.00517883 0.00923222 0.0150096 0.0227323 0.0329196 0.0465527 0.0647335 0.0877669 0.114153 0.140244 0.161006 0.171655
 1.06166e-16 7.7647e-05 0.000754757 0.00501562 0.0228003 0.0709402 0.151146 0.220602 0.220603 0.151152 0.0709616 0.0228623 0.00517203 0.00109922 0.000741389 0.00112979 0.00168928 0.00228584 0.00286187 0.00344533 0.00415861 0.00515342 0.00650152 0.0081122 0.00972885 0.011006
 1.01555e-16 4.83362e-05 0.000469845 0.00312229 0.0141935 0.0441614 0.0940919 0.137338 0.137377 0.0942805 0.0447944 0.0160207 0.0077047 0.0104595 0.0189798 0.0311948 0.0446846 0.0556733 0.0603541 0.0569871 0.0469738 0.0339876 0.0218762 0.0129335 0.00752029 0.00477306
 1.05075e-16 3.6018e-05 0.000350108 0.00232659 0.0105764 0.0329072 0.0701137 0.102341 0.10238 0.0703054 0.0335514 0.0124387 0.0070081 0.0105922 0.0195526 0.0324352 0.0471067 0.0600299 0.0675733 0.0679794 0.0622976 0.0534725 0.044398 0.0365274 0.0298614 0.0238384
 1.00145e-16 8.17285e-05 0.00079443 0.00527927 0.0239988 0.0746691 0.15909 0.232197 0.232198 0.159093 0.0746766 0.0240204 0.00533368 0.00091366 0.000309497 0.00038578 0.000555914 0.000715951 0.000821107 0.000852342 0.00082163 0.00076026 0.000696193 0.000639054 0.000582035 0.000514418
 1.0046e-16 8.08033e-06 7.85438e-05 0.000521955 0.00237279 0.00738308 0.0157336 0.0229818 0.0230682 0.0161555 0.00879891 0.00645954 0.0107703 0.0224178 0.042337 0.0697236 0.0998397 0.12429 0.13453 0.126625 0.10368 0.0739067 0.0459482 0.0250218 0.0120628 0.00528472
 1.20948e-16 1.19489e-05 0.000116147 0.00077184 0.00350868 0.0109169 0.0232601 0.0339518 0.0339662 0.0233311 0.0111583 0.00421945 0.00260707 0.00429109 0.00843321 0.0152013 0.024859 0.0373943 0.0525397 0.0697459 0.087819 0.104438 0.116223 0.119797 0.113409 0.098031
 1.05031e-16 7.6003e-05 0.000738776 0.00490942 0.0223175 0.0694381 0.147945 0.215931 0.215933 0.147955 0.0694696 0.0224088 0.0051402 0.00124827 0.00106125 0.00168292 0.00253859 0.00346676 0.00438038 0.00529369 0.00632545 0.00760272 0.00912223 0.0106759 0.0119025 0.0124369
 1.02148e-16 4.61209e-05 0.000448312 0.00297919 0.013543 0.0421375 0.0897799 0.131045 0.131086 0.0899785 0.0428042 0.0154677 0.00780621 0.0109718 0.0199912 0.0328697 0.0470965 0.0587054 0.0636958 0.0602422 0.0498236 0.0363042 0.023722 0.01447 0.00890198 0.00608463
 1.00504e-16 7.8062e-05 0.00075879 0.00504243 0.0229221 0.0713193 0.151954 0.221781 0.221785 0.151971 0.0713784 0.0230928 0.00547144 0.00169752 0.00186729 0.00297999 0.00432328 0.00551467 0.00621817 0.00627294 0.00577404 0.00498836 0.00417689 0.00346867 0.00286119 0.00230279
 1.00156e-16 7.46698e-05 0.000725817 0.00482331 0.0219261 0.0682202 0.145351 0.212145 0.212154 0.145393 0.0683632 0.0223389 0.00585883 0.00298353 0.0043541 0.00705803 0.0101085 0.0126028 0.0136774 0.0129363 0.0106894 0.00775678 0.0049976 0.00292477 0.00162364 0.000912874
 1.00396e-16 6.53253e-05 0.000634985 0.0042197 0.0191822 0.0596829 0.127161 0.1856 0.185619 0.127253 0.0599919 0.0200742 0.00645752 0.00551548 0.00932039 0.0152685 0.0219019 0.0273585 0.0297864 0.0283288 0.0236381 0.0174525 0.0115882 0.00712229 0.00423167 0.00254532
 1.00594e-16 7.08818e-05 0.000688997 0.00457863 0.0208138 0.0647594 0.137977 0.201384 0.201396 0.138035 0.0649522 0.0213706 0.00597629 0.00373964 0.00586319 0.00957682 0.0137786 0.0173032 0.0190108 0.0183697 0.0157638 0.012226 0.00882051 0.00615668 0.00431387 0.00307406
 1.00354e-16 7.28566e-05 0.000708192 0.00470619 0.0213936 0.0665636 0.141821 0.206994 0.207005 0.141871 0.0667319 0.0218796 0.00592546 0.00336788 0.00511816 0.00833041 0.0119562 0.0149564 0.016325 0.0155972 0.0131246 0.00984371 0.00672794 0.00434762 0.00278775 0.00184403
 1.00046e-16 8.0827e-05 0.000785667 0.00522103 0.0237341 0.0738455 0.157336 0.229636 0.229638 0.157344 0.0738731 0.0238139 0.0054214 0.00122268 0.000909659 0.00137293 0.00196282 0.00245305 0.00267363 0.00254776 0.00213358 0.00158597 0.00106639 0.000670149 0.0004123 0.000259501
 1.00478e-16 1.68385e-05 0.000163676 0.00108769 0.00494453 0.0153847 0.0327815 0.0478614 0.0479371 0.0331513 0.0166259 0.00852738 0.0100728 0.0197507 0.0371348 0.061151 0.087587 0.109086 0.118163 0.111371 0.0914144 0.0654622 0.0410539 0.0227324 0.0113079 0.00523023
 1.00436e-16 8.05978e-05 0.000783439 0.00520623 0.0236668 0.0736361 0.156889 0.228985 0.228986 0.156893 0.0736472 0.0236993 0.005289 0.00096744 0.000439679 0.000624302 0.000949354 0.00131337 0.00166835 0.00198562 0.00225464 0.00246438 0.00258392 0.00256704 0.00238162 0.00203903
 1.0046e-16 4.77065e-05 0.000463724 0.00308161 0.0140086 0.0435862 0.0928664 0.13555 0.13559 0.0930619 0.0442422 0.0159024 0.00783077 0.0108162 0.0196648 0.0323189 0.0462811 0.0576307 0.0624102 0.0588022 0.0482476 0.0345489 0.0217011 0.0121053 0.00617538 0.00306699
 1.01866e-16 6.50251e-05 0.000632067 0.00420031 0.019094 0.0594086 0.126577 0.184746 0.18476 0.126648 0.0596461 0.0197808 0.00592714 0.0044109 0.0072683 0.0119817 0.0174117 0.0222194 0.0250678 0.0253073 0.0233139 0.0201519 0.0168626 0.0139614 0.0114435 0.00911527
 1.01355e-16 6.41533e-05 0.000623593 0.004144 0.018838 0.0586122 0.12488 0.18227 0.182289 0.124971 0.0589178 0.0197207 0.00635924 0.00545781 0.00924029 0.0151617 0.0218045 0.0273561 0.0300138 0.0289463 0.0247857 0.0191997 0.0139 0.00985534 0.00716341 0.00542549
 1.00661e-16 7.23376e-05 0.000703147 0.00467266 0.0212412 0.0660894 0.140811 0.20552 0.20553 0.14086 0.0662557 0.0217215 0.00587824 0.00333473 0.00506951 0.00826448 0.0118931 0.0149435 0.0164347 0.0159104 0.0137027 0.010701 0.00781835 0.00557275 0.00402387 0.00297599
 1.02545e-16 1.12731e-05 0.000109579 0.000728194 0.00331031 0.0103 0.0219481 0.0320501 0.0321273 0.022325 0.0115652 0.00696331 0.00989282 0.0200997 0.0379281 0.0625581 0.0898165 0.112311 0.122503 0.1169 0.098157 0.0733413 0.0498056 0.031868 0.0201811 0.0131992
 1.03439e-16 7.1603e-05 0.000696007 0.00462521 0.0210255 0.0654182 0.139381 0.203431 0.203434 0.139395 0.0654664 0.0211664 0.00498571 0.00150575 0.00167602 0.00283067 0.004473 0.0064603 0.00866862 0.0109927 0.0133162 0.0154188 0.0169282 0.0174174 0.0166186 0.0145991
 1.02151e-16 5.40412e-05 0.0005253 0.0034908 0.0158687 0.0493736 0.105197 0.153544 0.153575 0.105347 0.0498778 0.0173243 0.00714184 0.00848646 0.0151473 0.0248875 0.0356881 0.0445529 0.0484775 0.0460999 0.0385423 0.0287039 0.0195837 0.0129127 0.00887774 0.00672063
 1.05772e-16 2.656e-05 0.000258173 0.00171565 0.00779914 0.0242663 0.0517038 0.0754737 0.075524 0.0519494 0.0250915 0.0101841 0.00770737 0.0133551 0.0249494 0.0413314 0.0598285 0.0758326 0.084619 0.0839382 0.0752628 0.0626262 0.0500644 0.0397139 0.0316754 0.0251034
 1.03609e-16 6.98844e-05 0.000679301 0.00451419 0.0205209 0.0638481 0.136035 0.198549 0.198556 0.136069 0.0639603 0.020846 0.0053348 0.0024853 0.00354271 0.00585849 0.00869527 0.0114849 0.0136854 0.0150305 0.015635 0.0158111 0.0157596 0.0154168 0.0145619 0.0130507
 1.01382e-16 6.41847e-05 0.000623898 0.00414602 0.0188472 0.0586408 0.124941 0.182359 0.182379 0.125036 0.0589594 0.0197672 0.00645392 0.00565751 0.00961064 0.0157522 0.0226053 0.0282606 0.0308227 0.0294273 0.0247669 0.018646 0.0129291 0.00869118 0.00605284 0.00455984
 1.04174e-16 1.81646e-05 0.000176566 0.00117335 0.0053339 0.0165961 0.0353621 0.0516256 0.0516901 0.0356772 0.0176541 0.0083897 0.00884397 0.0169219 0.0318213 0.0525783 0.0757349 0.0952184 0.104822 0.101637 0.087755 0.0687907 0.050509 0.0361778 0.0261812 0.0193117
 1.17824e-16 2.50279e-05 0.00024328 0.00161668 0.00734921 0.0228663 0.0487198 0.0711127 0.0711353 0.0488307 0.0232403 0.00843729 0.00437688 0.00636472 0.0119317 0.0204187 0.0311182 0.0426895 0.0536619 0.063183 0.0711721 0.0776638 0.082014 0.0828513 0.0789154 0.0700622
 1.02106e-16 7.8231e-05 0.000760434 0.00505335 0.0229718 0.0714738 0.152283 0.222261 0.222264 0.152294 0.0715114 0.0230806 0.00532719 0.00136105 0.00122749 0.00192872 0.0028276 0.00368093 0.00430502 0.00463286 0.00475172 0.00483198 0.00499742 0.00523981 0.00543382 0.0054239
pSPR Fmed_Fpbrs
0.22102   0.6 0.325
Fs Fmed_Fpbrs
1.10104   0.305828 0.762637
SSBpbr Bo_Bmed_Bpbrs
1.43887e+06  246076  791377 395689
Ro
57470.1
SPR SPRFo_SPRFmed_SPRFpbrs
410200 90662.5 133315
Fref
0.305828
Nvult_r0
 94288.5 1725.62 570.092 804.381 103.751
CTP_r0
 42317.4 959.868 317.111 447.433 57.7109
YTP_r0
390976
Np
 89879.9 27107.6 4973.71 54.8712 23.0394
Nvult_p0
 62772.3 19762.8 3626.09 40.0039 16.7969
CTP_p0
 10403.6 3134.32 34.5786 11.4237 17.8114
 10403.6 4628.5 849.238 9.36901 3.93388
YTP_p0
 128776 170503
CBA_c0
141294
log_Ro
10.779
likeval ReclasPelacesDesembMPH_pf_preclas_ppelaces_ptallas_desvR_qrecl_qpela
 15.4732 18.3039 0.230812 0.000911628 308.245 118.65 115.759 0 73.4837 0.000134174 0.000311897 0.00213805 6.2558e-16 0 0
q_reclas_q_pelaces
5.16245 12.3366
M
1
N
 14048.9 19101.1 71758.2 9838.33 0.101199
 8695.85 4216.47 5136.63 19297.1 2645.74
 167488 1563.14 515.056 627.456 2680.39
 56913.2 30121.1 191.079 62.9609 404.354
 8558 7184.73 2135.46 13.5467 33.1306
 286509 760.331 296.594 88.154 1.92689
 11285.9 73996.4 162.255 63.2933 19.2233
 3027.28 1692.7 6839.92 14.9982 7.62749
 51527.5 711.995 312.752 1263.78 4.18044
 12253.1 9473.5 90.0427 39.5524 160.353
 36170.6 827.154 256.224 2.43533 5.40673
 111672 8570.34 154.583 47.8845 1.46556
 75858.3 14361.7 625.227 11.2772 3.6002
 68873.8 9764.15 1049.09 45.6711 1.08675
 41818.8 4897.83 286.122 30.7417 1.37016
 254626 3172.15 158.516 9.26024 1.03929
 13905.9 40497.6 320.94 16.0378 1.04205
 435986 1846.67 3103.9 24.5982 1.30907
 184031 93701.9 296.991 499.185 4.16653
 212539 28259.7 8981.38 28.4668 48.2465
 197141 33293.4 2792.96 887.648 7.58173
 408577 33199.6 3678.33 308.573 98.9072
 18221.8 69148.4 3696.07 409.504 45.3643
 174126 3416.58 9013.32 481.774 59.291
 134431 39145.2 588.874 1553.52 93.2566
 30662.1 30196.1 6738.3 101.367 283.469
 128221 6577.01 4841.69 1080.43 61.7052
 181267 26159.7 976.314 718.716 169.542
 28327.3 47660.9 5738.4 214.164 194.848
 13605.8 7519.91 10610.3 1277.49 91.055
 112645 1928.14 636.997 898.782 115.927
pred_Ctot
 1662.87 3331.72 12516.5 1716.06 0.0176518
 2976.49 1940.92 2364.48 8882.79 1217.88
 57301.7 719.244 236.992 288.711 1233.33
 25700.1 17411.2 110.452 36.394 233.733
 4576.64 4727.05 1404.98 8.91277 21.7976
 55532.2 210.867 82.2562 24.4483 0.534397
 4536.8 38954.2 85.4165 33.3197 10.1198
 715.61 562.767 2274.05 4.9864 2.53589
 17223.1 321.17 141.078 570.072 1.88574
 7187.14 6664.16 63.3408 27.8232 112.801
 8432.59 271.578 84.1256 0.799587 1.77518
 49864.6 4910.25 88.5659 27.4347 0.839673
 33855.5 8224.99 358.068 6.45845 2.06184
 39774.6 6793.08 729.866 31.7741 0.75607
 23661.2 3357.87 196.16 21.076 0.939359
 97663.1 1606.64 80.2857 4.69014 0.526381
 6086.12 22835.6 180.97 9.0433 0.587584
 119659 701.674 1179.38 9.34648 0.497403
 72634.2 48591.8 154.013 258.867 2.16067
 82553.4 14462.8 4596.51 14.5688 24.6917
 71911.2 16171.4 1356.61 431.152 3.68263
 148355 16063.9 1779.79 149.306 47.8571
 5960.87 30621.7 1636.77 181.345 20.0891
 44541.7 1219.4 3216.9 171.947 21.1613
 34435 13988.3 210.431 555.14 33.3247
 8439.79 11502.9 2566.9 38.6147 107.985
 37852.8 2664.63 1961.58 437.729 24.9994
 33591.3 6960.06 259.758 191.221 45.1084
 5118.8 12387.7 1491.49 55.664 50.6436
 5701.21 4094.66 5777.44 695.607 49.5803
 42317.4 959.868 317.111 447.433 57.7109
F
 0.203545 0.313346 0.313346 0.313346 0.313346
 0.716153 1.10248 1.10248 1.10248 1.10248
 0.715687 1.10176 1.10176 1.10176 1.10176
 1.06957 1.64655 1.64655 1.64655 1.64655
 1.42087 2.18735 2.18735 2.18735 2.18735
 0.353753 0.544584 0.544584 0.544584 0.544584
 0.897232 1.38124 1.38124 1.38124 1.38124
 0.447348 0.688669 0.688669 0.688669 0.688669
 0.693617 1.06779 1.06779 1.06779 1.06779
 1.69555 2.6102 2.6102 2.6102 2.6102
 0.439939 0.677262 0.677262 0.677262 0.677262
 1.05099 1.61795 1.61795 1.61795 1.61795
 1.05015 1.61665 1.61665 1.61665 1.61665
 1.64348 2.53005 2.53005 2.53005 2.53005
 1.57894 2.43069 2.43069 2.43069 2.43069
 0.838556 1.29091 1.29091 1.29091 1.29091
 1.01893 1.56858 1.56858 1.56858 1.56858
 0.537491 0.827439 0.827439 0.827439 0.827439
 0.873668 1.34497 1.34497 1.34497 1.34497
 0.85377 1.31433 1.31433 1.31433 1.31433
 0.781384 1.2029 1.2029 1.2029 1.2029
 0.776426 1.19527 1.19527 1.19527 1.19527
 0.673977 1.03755 1.03755 1.03755 1.03755
 0.492504 0.758183 0.758183 0.758183 0.758183
 0.493339 0.759469 0.759469 0.759469 0.759469
 0.539446 0.830449 0.830449 0.830449 0.830449
 0.589531 0.907552 0.907552 0.907552 0.907552
 0.335862 0.517042 0.517042 0.517042 0.517042
 0.326274 0.502282 0.502282 0.502282 0.502282
 0.953943 1.46854 1.46854 1.46854 1.46854
 0.81425 1.25349 1.25349 1.25349 1.25349
YTP_r0W_actual
 351235 13534.1 8752.25 15302.2 2152.62
YTP_p0W_proyectada
 77923.1 49114.8 799.803 335.514 602.56
 77923.1 72528.6 19642.9 275.168 133.083
CTP_r0_actual
 42317.4 959.868 317.111 447.433 57.7109
CTP_p0_proyectada
 10403.6 3134.32 34.5786 11.4237 17.8114
 10403.6 4628.5 849.238 9.36901 3.93388
Wmedp
 7.49 15.67 23.13 29.37 33.83
Frms_r0
 0.81425 1.25349 1.25349 1.25349 1.25349
Zrms_r0
 1.81425 2.25349 2.25349 2.25349 2.25349
nmprior
 8.19 8.8 8.5 0
nm_flota  nm_reclas  nm_pelaces    nm_pelaL
inf 18.6984 4.88718 7.8664
cv_recla  cv_pelaces  cv_mph
0.355807 0.485114 0.931782
 ------------------------------------------------
Talla a la edad & desviaci?n 
 8 13.2811 15.8009 17.003 17.5766
 0.8 1.32811 1.58009 1.7003 1.75766
