years
 1991 1992 1993 1994 1995 1996 1997 1998 1999 2000 2001 2002 2003 2004 2005 2006 2007 2008 2009 2010 2011 2012 2013 2014 2015 2016 2017 2018 2019 2020 2021
reclasobs
 0 0 0 0 0 0 0 0 0 252601 567819 844713 477998 351125 339783 2.1784e+06 2.13404e+06 4.81314e+06 1.55562e+06 2.62356e+06 3.21686e+06 3.843e+06 1.13348e+06 3.07943e+06 1.97215e+06 2.03268e+06 2.025e+06 2.42433e+06 2.27542e+06 1.05018e+06 2.36338e+06
reclaspred
 4.87699e+06 2.83466e+06 1.45902e+06 1.85892e+06 2.21837e+06 3.18463e+06 2.30289e+06 1.9789e+06 1.34206e+06 907025 735583 815643 787717 644433 672443 1.45898e+06 1.60907e+06 3.10466e+06 2.70049e+06 2.08133e+06 3.64882e+06 2.92674e+06 2.51129e+06 3.60848e+06 2.8359e+06 2.60671e+06 2.91971e+06 2.93972e+06 2.62992e+06 1.7953e+06 2.53804e+06
pelacesobs
 0 0 0 0 0 0 0 0 0 0 0 0 0 0 0 552880 188675 0 991730 2.46772e+06 1.41603e+06 1.21717e+06 2.29649e+06 1.80582e+06 0 1.4828e+06 1.56532e+06 1.57751e+06 1.42118e+06 867257 1.10002e+06
pelacespred
 2.31929e+06 1.50741e+06 788960 847951 998966 1.51686e+06 1.09856e+06 1.05705e+06 734408 476415 401063 359026 372486 325825 352080 633487 674102 1.50124e+06 1.35158e+06 969339 1.62107e+06 1.44326e+06 1.20717e+06 1.91978e+06 1.44896e+06 1.31565e+06 1.6972e+06 1.70506e+06 1.21529e+06 939931 1.38247e+06
mphobs
 0 0 0 0 0 0 0 0 0 0 0 498337 0 5186 125008 0 168611 109162 213762 579715 649985 157893 87575 83554 0 0 0 0 0 0 0
mphpred
 4.36768e+06 2.97315e+06 1.54755e+06 863028 1.38731e+06 1.72362e+06 2.13827e+06 1.50102e+06 1.22752e+06 805305 491483 521813 501433 430330 317134 416944 1.09229e+06 1.12878e+06 1.94981e+06 1.53094e+06 1.69587e+06 2.08026e+06 1.93969e+06 1.68814e+06 2.28606e+06 1.90691e+06 1.63169e+06 1.68935e+06 2.23081e+06 1.58933e+06 1.07346e+06
desembarqueobs
 494567 514787 250237 358949 120608 361735 552515 73892 212993 205616 52469 317467 293654 387597 252695 516296 358380 742168 942051 627588 828172 859565 418607 520667 417249 300574 415391 372974 316634 284311 391294
desembarquepred
 494575 512625 251575 358961 120610 361753 552612 73894.9 213049 205678 52472 317582 293746 387714 252715 516315 358419 742129 942002 627551 828297 859690 418640 520710 417272 300587 415410 372978 316644 284333 391305
Reclutas
 248568 145921 137741 417924 323489 425481 177236 84283.8 64019.1 76846.8 119900 155413 138421 101504 106700 485483 132867 716298 466177 361037 514917 675162 171646 431332 376098 183440 371144 396853 142132 115510 400382
log_desv_Rt
 0.101151 -0.431498 -0.489187 0.620734 0.3646 0.638655 -0.237082 -0.980375 -1.25538 -1.07275 -0.627907 -0.368478 -0.484267 -0.794468 -0.744544 0.77058 -0.525217 1.15953 0.730001 0.474416 0.829441 1.10039 -0.269128 0.652314 0.515286 -0.202678 0.502026 0.569001 -0.457809 -0.665203 0.577855
SSB
 4.36768e+06 2.97315e+06 1.54755e+06 863028 1.38731e+06 1.72362e+06 2.13827e+06 1.50102e+06 1.22752e+06 805305 491483 521813 501433 430330 317134 416944 1.09229e+06 1.12878e+06 1.94981e+06 1.53094e+06 1.69587e+06 2.08026e+06 1.93969e+06 1.68814e+06 2.28606e+06 1.90691e+06 1.63169e+06 1.68935e+06 2.23081e+06 1.58933e+06 1.07346e+06
BT
 5.80113e+06 4.00824e+06 2.08404e+06 2.33732e+06 2.45005e+06 3.92914e+06 3.06133e+06 2.55525e+06 1.93598e+06 1.32319e+06 1.00255e+06 1.12966e+06 1.16096e+06 1.18931e+06 1.10763e+06 1.97106e+06 1.86954e+06 4.30815e+06 4.13211e+06 2.85229e+06 4.58054e+06 4.236e+06 3.20896e+06 5.12904e+06 3.79516e+06 3.37731e+06 4.51618e+06 4.48025e+06 3.09221e+06 2.47576e+06 3.73069e+06
Ftot
 0.0956566 0.169728 0.16168 0.176382 0.050874 0.105216 0.223199 0.0351956 0.148085 0.210322 0.0661442 0.352443 0.337869 0.531623 0.33646 0.315307 0.206119 0.216499 0.317223 0.27533 0.207945 0.267828 0.155409 0.132326 0.136795 0.107671 0.13075 0.116489 0.113414 0.1479 0.140529
BD_Bspro_t
 0.984811 0.885844 0.763151 0.696457 0.755154 0.817346 0.807848 0.712356 0.745889 0.703412 0.65885 0.74928 0.619366 0.532105 0.439206 0.504892 0.627152 0.620505 0.683935 0.598465 0.577066 0.622236 0.632585 0.637917 0.731252 0.740769 0.753885 0.780942 0.81234 0.760761 0.717443
BD_Bspro
 2.72384 1.85416 0.965106 0.538215 0.865174 1.07491 1.3335 0.936088 0.765526 0.502217 0.306507 0.325421 0.312712 0.268369 0.197776 0.260021 0.681189 0.70395 1.21597 0.954749 1.05761 1.29733 1.20966 1.05279 1.42567 1.18922 1.01758 1.05354 1.39121 0.991165 0.669446
BD_Bo
 1.92923 1.31326 0.68356 0.381204 0.612781 0.76133 0.944485 0.663007 0.542202 0.355707 0.217091 0.230487 0.221486 0.190079 0.14008 0.184166 0.482469 0.49859 0.861242 0.676224 0.749076 0.918863 0.856772 0.745662 1.00977 0.842293 0.720725 0.746195 0.98536 0.702017 0.474151
BD_Brms
 14.0059 9.53405 4.96255 2.76749 4.4487 5.52715 6.85683 4.81334 3.93631 2.58239 1.57605 1.67331 1.60796 1.37995 1.01696 1.33702 3.50266 3.61969 6.25249 4.9093 5.43819 6.67082 6.22005 5.4134 7.33076 6.11493 5.23236 5.41727 7.15357 5.09654 3.44227
Sel_flota
 0.91658 1 1 1 1
 0.91658 1 1 1 1
 0.91658 1 1 1 1
 0.91658 1 1 1 1
 0.91658 1 1 1 1
 0.91658 1 1 1 1
 0.91658 1 1 1 1
 0.91658 1 1 1 1
 0.91658 1 1 1 1
 0.91658 1 1 1 1
 0.91658 1 1 1 1
 0.91658 1 1 1 1
 0.91658 1 1 1 1
 0.91658 1 1 1 1
 0.91658 1 1 1 1
 0.91658 1 1 1 1
 0.91658 1 1 1 1
 0.91658 1 1 1 1
 0.91658 1 1 1 1
 0.91658 1 1 1 1
 0.91658 1 1 1 1
 0.91658 1 1 1 1
 0.91658 1 1 1 1
 0.91658 1 1 1 1
 0.91658 1 1 1 1
 0.91658 1 1 1 1
 0.91658 1 1 1 1
 0.91658 1 1 1 1
 0.91658 1 1 1 1
 0.91658 1 1 1 1
 0.91658 1 1 1 1
Sel_reclas
 0.862097 1 1 1 1
 0.862097 1 1 1 1
 0.862097 1 1 1 1
 0.862097 1 1 1 1
 0.862097 1 1 1 1
 0.862097 1 1 1 1
 0.862097 1 1 1 1
 0.862097 1 1 1 1
 0.862097 1 1 1 1
 0.862097 1 1 1 1
 0.862097 1 1 1 1
 0.862097 1 1 1 1
 0.862097 1 1 1 1
 0.862097 1 1 1 1
 0.862097 1 1 1 1
 0.862097 1 1 1 1
 0.862097 1 1 1 1
 0.862097 1 1 1 1
 0.862097 1 1 1 1
 0.862097 1 1 1 1
 0.862097 1 1 1 1
 0.862097 1 1 1 1
 0.862097 1 1 1 1
 0.862097 1 1 1 1
 0.862097 1 1 1 1
 0.862097 1 1 1 1
 0.862097 1 1 1 1
 0.862097 1 1 1 1
 0.862097 1 1 1 1
 0.862097 1 1 1 1
 0.862097 1 1 1 1
Sel_pelaces
 0.922193 1 1 1 1
 0.922193 1 1 1 1
 0.922193 1 1 1 1
 0.922193 1 1 1 1
 0.922193 1 1 1 1
 0.922193 1 1 1 1
 0.922193 1 1 1 1
 0.922193 1 1 1 1
 0.922193 1 1 1 1
 0.922193 1 1 1 1
 0.922193 1 1 1 1
 0.922193 1 1 1 1
 0.922193 1 1 1 1
 0.922193 1 1 1 1
 0.922193 1 1 1 1
 0.922193 1 1 1 1
 0.922193 1 1 1 1
 0.922193 1 1 1 1
 0.922193 1 1 1 1
 0.922193 1 1 1 1
 0.922193 1 1 1 1
 0.922193 1 1 1 1
 0.922193 1 1 1 1
 0.922193 1 1 1 1
 0.922193 1 1 1 1
 0.922193 1 1 1 1
 0.922193 1 1 1 1
 0.922193 1 1 1 1
 0.922193 1 1 1 1
 0.922193 1 1 1 1
 0.922193 1 1 1 1
pf_obs 
 0.8446 0.082 0.0669 0.0065 0
 0.8095 0.147 0.0364 0.0071 0
 0.9664 0.0169 0.016 0.0007 0
 0.9276 0.0648 0.0075 0.0001 0
 0.7033 0.2144 0.0806 0.0017 0
 0.9318 0.0425 0.0243 0.0014 0
 0.5671 0.3108 0.0964 0.0239 0.0018
 0.0768 0.2599 0.5324 0.112 0.0189
 0.490249 0.384438 0.106611 0.0170017 0.00170017
 0.7925 0.1577 0.0466 0.003 0.0002
 0.840416 0.127587 0.0312969 0.00059994 9.999e-05
 0.8084 0.0986 0.0794 0.0134 0.0002
 0.7335 0.1905 0.0724 0.0035 0.0001
 0.4001 0.4547 0.1325 0.0127 0
 0.49795 0.308269 0.164784 0.0264974 0.00249975
 0.9179 0.0499 0.0305 0.0017 0
 0.2467 0.6533 0.0926 0.0074 0
 0.9418 0.0223 0.034 0.0019 0
 0.707729 0.231977 0.0356964 0.0245975 0
 0.517169 0.277429 0.184464 0.0207286 0.00020938
 0.811772 0.124168 0.05621 0.00726502 0.000585176
 0.764997 0.148141 0.077277 0.00933861 0.000247198
 0.163321 0.427699 0.378323 0.0303852 0.000271297
 0.753843 0.0900009 0.118128 0.0371064 0.000921714
 0.721811 0.176058 0.0630433 0.0369309 0.00215725
 0.143369 0.312575 0.442814 0.0836902 0.0175525
 0.692698 0.0596174 0.167031 0.0765114 0.00414204
 0.394062 0.376323 0.152708 0.0712218 0.00568511
 0.125707 0.32114 0.495352 0.0537591 0.00404204
 0.23352 0.215282 0.420074 0.123614 0.00750983
 0.796117 0.104755 0.0508955 0.0450114 0.00322123
pf_pred 
 0.462683 0.0965423 0.420404 0.0203706 7.34819e-07
 0.438125 0.272829 0.0519342 0.226153 0.0109586
 0.560587 0.202905 0.114841 0.0218605 0.0998066
 0.837382 0.094947 0.0312479 0.0176858 0.018737
 0.658741 0.290077 0.0298838 0.00983503 0.0114638
 0.700448 0.203272 0.0818399 0.00843119 0.00600909
 0.453087 0.393475 0.104121 0.0419206 0.0073967
 0.410056 0.281714 0.221755 0.0586806 0.0277943
 0.458881 0.233602 0.146848 0.115593 0.0450763
 0.624652 0.181069 0.0838706 0.052723 0.0576854
 0.753573 0.159498 0.041935 0.0194242 0.0255702
 0.727714 0.20965 0.0405405 0.0106589 0.0114365
 0.698651 0.225413 0.0584679 0.0113061 0.00616201
 0.64585 0.255034 0.0741401 0.0192306 0.00574539
 0.743273 0.172422 0.0607104 0.0176489 0.00594548
 0.922429 0.0591588 0.0123661 0.00435415 0.00169219
 0.46006 0.501867 0.0290354 0.00606934 0.00296757
 0.887836 0.0543239 0.0537618 0.00311038 0.000968066
 0.641938 0.321261 0.0178236 0.0176391 0.00133813
 0.634055 0.243457 0.1099 0.00609723 0.0064919
 0.751646 0.163205 0.0566483 0.0255718 0.00292928
 0.754207 0.189111 0.0372482 0.0129288 0.0065048
 0.385999 0.474235 0.107535 0.0211805 0.0110506
 0.747722 0.103105 0.115217 0.0261259 0.00783063
 0.653371 0.265162 0.0332953 0.0372064 0.0109654
 0.48249 0.348963 0.128933 0.0161896 0.0234233
 0.738599 0.13216 0.0871487 0.0321993 0.00989277
 0.695151 0.230544 0.0375675 0.0247726 0.011965
 0.415932 0.417295 0.126123 0.020552 0.0200979
 0.497582 0.220366 0.201516 0.060906 0.0196302
 0.838163 0.0843455 0.0339886 0.0310812 0.0124217
pobs_RECLAS
 0 0 0 0 0
 0 0 0 0 0
 0 0 0 0 0
 0 0 0 0 0
 0 0 0 0 0
 0 0 0 0 0
 0 0 0 0 0
 0 0 0 0 0
 0 0 0 0 0
 0 0 0 0 0
 0.991045 0.00858322 0.000360255 1.14367e-05 0
 0.934742 0.0480273 0.0164251 0.00080598 0
 0.827803 0.169806 0.00239088 0 0
 0.941827 0.0461693 0.0120037 0 0
 0.791401 0.0380133 0.147996 0.0225897 0
 0.846168 0.0940531 0.0597789 0 0
 0.134021 0.677848 0.182769 0.00536245 0
 0.80878 0.0450904 0.141981 0.00414843 0
 0.846168 0.0940531 0.0597789 0 0
 0.905697 0.0802665 0.012482 0.00150086 5.37128e-05
 0.989698 0.0102097 9.19794e-05 0 0
 0.975433 0.0193895 0.00387452 0.00125025 5.28907e-05
 0.303575 0.632131 0.0575291 0.00676475 0
 0.966965 0.00978017 0.0227588 0.000495775 0
 0.843318 0.132988 0.00938335 0.0141283 0.000182051
 0.564624 0.303363 0.111486 0.0197234 0.00080311
 0.826376 0.0876187 0.0782897 0.00655872 0.00115652
 0.89761 0.0855135 0.0140674 0.00269457 0.000114338
 0.34875 0.467042 0.161289 0.0227151 0.000203297
 0.318654 0.224769 0.449479 0.00709798 0
 0.937255 0.0296025 0.0250945 0.00804832 0
ppred_RECLAS
 0.447663 0.0992409 0.432155 0.02094 7.55359e-07
 0.423429 0.279965 0.0532926 0.232068 0.0112452
 0.545755 0.209754 0.118717 0.0225984 0.103175
 0.829063 0.0998045 0.0328465 0.0185906 0.0196956
 0.644917 0.301827 0.0310944 0.0102334 0.0119282
 0.687604 0.211987 0.085349 0.0087927 0.00626675
 0.438402 0.404039 0.106917 0.0430461 0.0075953
 0.395377 0.288724 0.227272 0.0601407 0.0284858
 0.443991 0.24003 0.150888 0.118774 0.0463167
 0.610586 0.187855 0.0870136 0.0546988 0.0598471
 0.742109 0.166918 0.0438859 0.0203278 0.0267598
 0.716051 0.21863 0.042277 0.0111154 0.0119263
 0.686245 0.234693 0.0608748 0.0117715 0.00641569
 0.632962 0.264315 0.0768383 0.0199304 0.00595448
 0.731997 0.179995 0.063377 0.0184241 0.00620663
 0.918138 0.0624313 0.0130502 0.00459501 0.0017858
 0.445294 0.515593 0.0298295 0.00623533 0.00304873
 0.881772 0.0572609 0.0566684 0.00327853 0.0010204
 0.628387 0.33342 0.0184981 0.0183067 0.00138877
 0.620278 0.252622 0.114037 0.00632678 0.0067363
 0.740356 0.170623 0.0592234 0.0267342 0.00306244
 0.743106 0.197652 0.0389304 0.0135127 0.00679858
 0.371864 0.485153 0.11001 0.0216681 0.011305
 0.736185 0.10782 0.120486 0.0273206 0.00818873
 0.639608 0.27569 0.0346173 0.0386837 0.0114008
 0.467412 0.359131 0.13269 0.0166613 0.0241058
 0.726795 0.138129 0.0910841 0.0336533 0.0103395
 0.682203 0.240336 0.0391632 0.0258248 0.0124732
 0.401332 0.427726 0.129276 0.0210657 0.0206003
 0.482557 0.226956 0.207542 0.0627275 0.0202173
 0.829831 0.0886882 0.0357386 0.0326815 0.0130612
pobs_PELACES
 0 0 0 0 0
 0 0 0 0 0
 0 0 0 0 0
 0 0 0 0 0
 0 0 0 0 0
 0 0 0 0 0
 0 0 0 0 0
 0 0 0 0 0
 0 0 0 0 0
 0 0 0 0 0
 0 0 0 0 0
 0 0 0 0 0
 0 0 0 0 0
 0 0 0 0 0
 0 0 0 0 0
 0 0 0 0 0
 0.505614 0.472636 0.0217494 0 0
 0 0 0 0 0
 0.443492 0.261883 0.143347 0.151278 0
 0.227955 0.32914 0.350689 0.0885471 0.00366901
 0.970185 0.0296113 0.000203453 0 0
 0.997202 0.00247181 0.000326279 0 0
 0.445219 0.490057 0.0546422 0.010081 0
 0.90214 0.0892962 0.00764917 0.000914606 0
 0 0 0 0 0
 0.581667 0.319106 0.0959925 0.00289975 0.000334073
 0.762889 0.0836404 0.116647 0.0363945 0.000428098
 0.88444 0.0763242 0.0277011 0.0115352 0
 0.521256 0.241999 0.230069 0.00667565 0
 0.616807 0.101726 0.260614 0.0208532 0
 0.833518 0.0704572 0.0857862 0.0102388 0
ppred_PELACES
 0.465033 0.09612 0.418565 0.0202815 7.31605e-07
 0.441111 0.271379 0.0516582 0.224951 0.0109004
 0.563498 0.201561 0.11408 0.0217157 0.0991454
 0.839059 0.0939681 0.0309257 0.0175035 0.0185439
 0.660508 0.288574 0.0297291 0.0097841 0.0114045
 0.702499 0.20188 0.0812797 0.00837348 0.00596796
 0.45658 0.390961 0.103456 0.0416528 0.00734945
 0.411829 0.280868 0.221088 0.0585043 0.0277107
 0.461696 0.232387 0.146084 0.114992 0.0448418
 0.627838 0.179532 0.0831587 0.0522755 0.0571957
 0.75513 0.15849 0.04167 0.0193014 0.0254086
 0.73146 0.206766 0.0399827 0.0105122 0.0112791
 0.702517 0.222521 0.0577178 0.011161 0.00608297
 0.651801 0.250748 0.0728943 0.0189074 0.00564885
 0.746764 0.170078 0.0598849 0.017409 0.00586465
 0.923676 0.0582075 0.0121672 0.00428413 0.00166498
 0.463405 0.498759 0.0288556 0.00603175 0.00294919
 0.889207 0.05366 0.0531047 0.00307236 0.000956234
 0.645981 0.317634 0.0176223 0.01744 0.00132302
 0.637769 0.240986 0.108784 0.00603535 0.00642601
 0.754162 0.161551 0.0560745 0.0253128 0.00289961
 0.757116 0.186873 0.0368073 0.0127758 0.0064278
 0.388751 0.472109 0.107053 0.0210856 0.0110011
 0.749747 0.102277 0.114292 0.0259162 0.00776778
 0.655841 0.263272 0.033058 0.0369413 0.0108873
 0.484958 0.3473 0.128319 0.0161124 0.0233116
 0.740661 0.131118 0.0864612 0.0319453 0.00981473
 0.697307 0.228913 0.0373018 0.0245974 0.0118803
 0.418384 0.415543 0.125594 0.0204657 0.0200136
 0.500414 0.219124 0.20038 0.0605627 0.0195196
 0.839658 0.0835666 0.0336747 0.0307942 0.012307
pobs_pel_tallas
 0 0 0 0 0 0 0 0 0 0 0 0 0 0 0 0 0 0 0 0 0 0 0 0 0 0
 0 0 0 0 0 0 0 0 0 0 0 0 0 0 0 0 0 0 0 0 0 0 0 0 0 0
 0 0 0 0 0 0 0 0 0 0 0 0 0 0 0 0 0 0 0 0 0 0 0 0 0 0
 0 0 0 0 0 0 0 0 0 0 0 0 0 0 0 0 0 0 0 0 0 0 0 0 0 0
 0 0 0 0 0 0 0 0 0 0 0 0 0 0 0 0 0 0 0 0 0 0 0 0 0 0
 0 0 0 0 0 0 0 0 0 0 0 0 0 0 0 0 0 0 0 0 0 0 0 0 0 0
 0 0 0 0 0 0 0 0 0 0 0 0 0 0 0 0 0 0 0 0 0 0 0 0 0 0
 0 0 0 0 0 0 0 0 0 0 0 0 0 0 0 0 0 0 0 0 0 0 0 0 0 0
 0 0 0 0 0 0 0 0 0 0 0 0 0 0 0 0 0 0 0 0 0 0 0 0 0 0
 0 0 0 0 0 0 0 0 0 0 0 0 0 0 0 0 0 0 0 0 0 0 0 0 0 0
 0 0 0 0 0 0 0 0 0 0 0 0 0 0 0 0 0 0 0 0 0 0 0 0 0 0
 0 0 0 0 0 0 0 0 0 0 0 0 0 0 0 0 0 0 0 0 0 0 0 0 0 0
 0.00862536 0 0 0.000197151 0.00414017 0.0128641 0.00837892 0.0270097 0.101434 0.158115 0.152841 0.127902 0.109271 0.109419 0.0830992 0.0579132 0.0238553 0.00714673 0.00463305 0.00128148 0.00103504 0.000492878 0.000147863 0.000147863 4.92878e-05 0
 0 0 0 0 0 0 0 0 0 0 0 0 0 0 0 0 0 0 0 0 0 0 0 0 0 0
 0 0 0 0 0 0 0 0.0054083 0.00873648 0.0413646 0.0450493 0.0745869 0.0622846 0.0627006 0.0613931 0.0827291 0.12552 0.122667 0.0946155 0.0697135 0.0546179 0.0294188 0.0215738 0.0213955 0.0102223 0.00600262
 0 0 0 0 0.00359764 0.0251062 0.0480494 0.140153 0.205849 0.193036 0.1447 0.116669 0.0760912 0.0342217 0.00950174 0.001854 0.000860785 0 0 0 0.000165536 0 0.000143464 0 0 0
 0 0 0 0 0 0 0 0.000145254 0.000435761 0.0275982 0.070085 0.0708112 0.156366 0.174668 0.174014 0.160142 0.0824315 0.0480064 0.0283245 0.00493863 0.00203355 0 0 0 0 0
 0 0 0 0 0 0 0 0 0 0 0 0 0 0 0 0 0 0 0 0 0 0 0 0 0 0
 0 0 1.00437e-05 0.000401748 0.00122533 0.00171747 0.00176769 0.0269171 0.070346 0.194647 0.189555 0.159765 0.064822 0.0314167 0.0384472 0.0292271 0.0345202 0.0313363 0.0194345 0.0106764 0.0143323 0.0359363 0.0279516 0.0138201 0.00172751 0
 0 0.0021121 0.0136068 0.0755702 0.200478 0.177729 0.0527432 0.0373336 0.0318909 0.0142505 0.0149659 0.0166563 0.0217959 0.0798694 0.0677717 0.0528807 0.04013 0.0224614 0.0357745 0.0225083 0.00881397 0.00855152 0.00135912 0.000746735 0 0
 0 0 0 0 5.4009e-05 0.00500934 0.000945158 0.0243581 0.138947 0.33067 0.221406 0.137944 0.0707744 0.0437923 0.0131692 0.00525238 0.0047753 0.00276346 9.45158e-05 9.00151e-06 2.25038e-05 9.00151e-06 4.50075e-06 0 0 0
 0.000866109 0.00284123 0.00948549 0.0512746 0.133035 0.25785 0.225252 0.132002 0.0553304 0.0519788 0.0540692 0.017754 0.00435017 0.00159236 0.00146478 0.000404838 0.000125132 0.000115318 0.000107957 0.000100596 0 0 0 0 0 0
 0 0 0 0 0.00144013 0.00171154 0.00461396 0.0210425 0.0478622 0.0707936 0.0888783 0.103762 0.0637923 0.0337046 0.0602308 0.124433 0.169614 0.0934646 0.0462172 0.0250306 0.0313229 0.00938855 0.002487 0.000210481 0 0
 0 0.00764035 0.051015 0.0998891 0.058973 0.0496711 0.0374665 0.0718981 0.12319 0.153886 0.159021 0.0857701 0.0377988 0.023471 0.0147837 0.00900784 0.00315554 0.000888139 0.00291439 0.00214683 0.00393193 0.00274676 0.000635225 9.99891e-05 0 0
 0 0 0 0 0 0 0 0 0 0 0 0 0 0 0 0 0 0 0 0 0 0 0 0 0 0
 0 0 0 0 0 0 0 0 0 0 0 0 0 0 0 0 0 0 0 0 0 0 0 0 0 0
 0 0 0 0 0 0 0 0 0 0 0 0 0 0 0 0 0 0 0 0 0 0 0 0 0 0
 0 0 0 0 0 0 0 0 0 0 0 0 0 0 0 0 0 0 0 0 0 0 0 0 0 0
 0 0 0 0 0 0 0 0 0 0 0 0 0 0 0 0 0 0 0 0 0 0 0 0 0 0
 0 0 0 0 0 0 0 0 0 0 0 0 0 0 0 0 0 0 0 0 0 0 0 0 0 0
 0 0 0 0 0 0 0 0 0 0 0 0 0 0 0 0 0 0 0 0 0 0 0 0 0 0
ppred_pel_tallas
 1.14138e-16 3.83042e-05 0.00037233 0.00247427 0.0112477 0.0349957 0.0745624 0.108828 0.108838 0.0746111 0.0351609 0.0117327 0.00372207 0.00319614 0.00569309 0.0101103 0.0163229 0.0241844 0.0334294 0.04371 0.0544084 0.0643004 0.0714988 0.0740058 0.0706686 0.0618884
 1.25965e-16 3.63338e-05 0.000353177 0.00234699 0.0106691 0.0331956 0.0707278 0.103235 0.103261 0.0708561 0.0336269 0.0119163 0.00548358 0.00722153 0.0131468 0.0218635 0.0319661 0.0412908 0.0477638 0.0507002 0.0513135 0.0518644 0.0540545 0.057891 0.0617593 0.063457
 1.223e-16 4.64146e-05 0.000451167 0.00299816 0.0136292 0.0424057 0.0903505 0.131873 0.131893 0.0904463 0.0427277 0.0145615 0.00534619 0.00560392 0.00991321 0.0165315 0.0243311 0.0317302 0.0371809 0.0400794 0.0411374 0.0418107 0.0432306 0.0454816 0.0476723 0.0485682
 1.05811e-16 6.91122e-05 0.000671795 0.00446431 0.0202941 0.0631426 0.134532 0.196356 0.196365 0.134577 0.063292 0.020726 0.00555022 0.0030487 0.00460243 0.00755102 0.0109963 0.0141032 0.0160817 0.0166014 0.0159894 0.0149862 0.0142483 0.0139898 0.0139768 0.0137848
 1.03843e-16 5.44052e-05 0.000528838 0.00351432 0.0159756 0.0497061 0.105905 0.154578 0.154605 0.106041 0.0501622 0.0172925 0.00681932 0.00774144 0.013746 0.0226226 0.0325473 0.0408576 0.0448833 0.0434082 0.0374055 0.0293899 0.0219232 0.016426 0.0129785 0.010888
 1.04247e-16 5.78639e-05 0.000562458 0.00373773 0.0169912 0.052866 0.112637 0.164402 0.164421 0.112733 0.053187 0.0179193 0.00607141 0.00567007 0.00979667 0.0162047 0.0235713 0.0301274 0.0340918 0.034617 0.032239 0.028409 0.0245165 0.0211993 0.0183558 0.0156152
 1.08507e-16 3.7608e-05 0.000365563 0.0024293 0.0110433 0.0343599 0.0732087 0.106858 0.106896 0.0733933 0.0349799 0.0128352 0.00693163 0.0102084 0.0187731 0.0310876 0.0450432 0.057205 0.0640891 0.0640947 0.0584178 0.0501346 0.0422268 0.0361179 0.0315886 0.0276746
 1.17009e-16 3.39219e-05 0.000329733 0.00219119 0.00996085 0.030992 0.0660328 0.0963826 0.0964099 0.0661667 0.0314425 0.0112659 0.00548184 0.00756262 0.0139161 0.0233351 0.0345123 0.0453009 0.0535042 0.0580941 0.0596876 0.0597996 0.0595294 0.0588153 0.0567528 0.0525
 1.23396e-16 3.80293e-05 0.000369659 0.00245651 0.011167 0.0347447 0.0740281 0.108051 0.108074 0.0741387 0.0351168 0.0122448 0.00517342 0.00633909 0.0114901 0.0192435 0.0284592 0.0373975 0.0443469 0.0486449 0.0510521 0.0530523 0.055627 0.058506 0.0603943 0.059845
 1.17368e-16 5.17142e-05 0.00050268 0.00334049 0.0151854 0.0472475 0.100666 0.146929 0.146947 0.100752 0.0475338 0.0160141 0.0054267 0.00507754 0.00880233 0.0146378 0.021488 0.0279132 0.0325157 0.0347556 0.0352864 0.0354429 0.0362717 0.03787 0.0394453 0.0398975
 1.07479e-16 6.21991e-05 0.000604598 0.00401776 0.0182642 0.0568267 0.121076 0.176717 0.176732 0.121151 0.0570782 0.018991 0.00584429 0.00459895 0.00766944 0.0126381 0.0183395 0.0233699 0.026356 0.0267048 0.0249615 0.0224159 0.0202715 0.0190246 0.0184236 0.0178612
 1.0417e-16 6.02495e-05 0.000585646 0.00389183 0.0176917 0.0550455 0.117281 0.171179 0.171199 0.117379 0.0553729 0.0186375 0.00626703 0.00577412 0.00992418 0.0163383 0.0235946 0.0298103 0.03311 0.032638 0.0290612 0.0240933 0.0194375 0.0159737 0.0136636 0.0119907
 1.03872e-16 5.78654e-05 0.000562473 0.00373783 0.0169916 0.0528674 0.11264 0.164406 0.164428 0.112745 0.0532202 0.0180111 0.00629892 0.00616023 0.0107093 0.017666 0.025567 0.0324114 0.0361924 0.0359762 0.0324305 0.0273147 0.0223656 0.0184635 0.0155688 0.0132066
 1.0502e-16 5.36881e-05 0.000521867 0.00346799 0.015765 0.0490509 0.104509 0.152539 0.152563 0.104627 0.0494487 0.0169148 0.00635727 0.00683932 0.0120815 0.0199665 0.028941 0.0367809 0.0412467 0.0412977 0.0376749 0.0323198 0.0271213 0.0229945 0.0198342 0.0170828
 1.04511e-16 6.151e-05 0.000597899 0.00397325 0.0180618 0.0561971 0.119735 0.17476 0.174776 0.119815 0.0564673 0.0188431 0.00593725 0.00489521 0.00825204 0.0136216 0.0197971 0.0252768 0.0285675 0.0289783 0.0269999 0.0239007 0.0208811 0.0184692 0.0165186 0.0146177
 1.01078e-16 7.6082e-05 0.000739544 0.00491453 0.0223407 0.0695104 0.148099 0.216157 0.216162 0.148127 0.0696026 0.0226071 0.00558355 0.00220122 0.00285565 0.00461004 0.0066561 0.00841832 0.00936643 0.00925884 0.00827951 0.00690362 0.00560133 0.00461232 0.00392318 0.00339375
 1.02065e-16 3.81701e-05 0.000371027 0.00246561 0.0112083 0.0348735 0.0743035 0.108458 0.108506 0.074538 0.0356608 0.0134814 0.00816787 0.012808 0.0236256 0.0389117 0.0558487 0.0698071 0.0760934 0.0725433 0.0608319 0.0453874 0.0308147 0.0198123 0.0127684 0.00867466
 1.02017e-16 7.32428e-05 0.000711946 0.00473113 0.021507 0.0669164 0.142573 0.20809 0.208095 0.142598 0.0670027 0.0217573 0.00536269 0.00210185 0.00274565 0.00450827 0.0066847 0.00881576 0.0104713 0.0114285 0.0117557 0.011679 0.0113576 0.0107743 0.00981679 0.00844167
 1.02563e-16 5.32087e-05 0.000517207 0.00343703 0.0156242 0.048613 0.103576 0.151179 0.151209 0.103726 0.0491144 0.0170721 0.00706947 0.00844068 0.0150834 0.0248053 0.0356213 0.0445758 0.0487015 0.0466474 0.0395028 0.0300916 0.0213167 0.0148278 0.0107751 0.00841972
 1.04894e-16 5.25322e-05 0.000510632 0.00339333 0.0154256 0.0479949 0.102259 0.149255 0.149278 0.102373 0.0483784 0.0165347 0.00618284 0.00661838 0.0117055 0.0194066 0.0282715 0.0362167 0.0411258 0.041978 0.0393773 0.0349953 0.0304231 0.0263775 0.0227404 0.0191255
 1.04689e-16 6.21193e-05 0.000603822 0.00401261 0.0182408 0.0567538 0.120921 0.17649 0.176506 0.120997 0.0570105 0.0189829 0.00587854 0.00468692 0.0078456 0.0129485 0.0188279 0.0240618 0.0272423 0.0277254 0.0259871 0.0232316 0.0205825 0.0185059 0.0168159 0.015079
 1.0348e-16 6.23627e-05 0.000606188 0.00402833 0.0183122 0.0569762 0.121395 0.177183 0.177201 0.121483 0.0572721 0.0191672 0.00617536 0.00529645 0.00897984 0.0147729 0.0213374 0.0269667 0.0299661 0.0295608 0.0263477 0.0218659 0.0176418 0.0144604 0.0122848 0.0106588
 1.07187e-16 3.2021e-05 0.000311256 0.00206841 0.0094027 0.0292555 0.0623337 0.0909874 0.091033 0.0625564 0.0300035 0.0115638 0.00749627 0.0121709 0.0225866 0.0373708 0.054021 0.0683314 0.0760191 0.0750923 0.0669949 0.0555335 0.044501 0.0358757 0.029646 0.0248127
 1.07238e-16 6.17557e-05 0.000600287 0.00398912 0.018134 0.0564216 0.120212 0.175456 0.175466 0.120262 0.0565867 0.0186131 0.00519974 0.00326953 0.00520894 0.00871761 0.01303 0.0173896 0.0210477 0.0236368 0.0253038 0.0264266 0.0271708 0.0272982 0.0263707 0.024128
 1.06569e-16 5.40208e-05 0.000525102 0.00348949 0.0158627 0.0493549 0.105157 0.153485 0.15351 0.105281 0.0497714 0.0170656 0.00650945 0.0071194 0.0125834 0.0207344 0.0299092 0.0377238 0.0418032 0.041099 0.036532 0.0303693 0.0248374 0.0210418 0.0188255 0.0173563
 1.09353e-16 3.99454e-05 0.000388283 0.00258028 0.0117296 0.0364953 0.0777584 0.113498 0.113531 0.0779227 0.0370472 0.0133252 0.00659174 0.00916599 0.0167711 0.0278219 0.0404475 0.0516471 0.0583686 0.0591862 0.0550845 0.0486423 0.0423206 0.0372348 0.0331429 0.0292587
 1.07394e-16 6.10073e-05 0.000593012 0.00394078 0.0179142 0.0557378 0.118756 0.17333 0.173343 0.118818 0.0559476 0.0185216 0.00547125 0.00395324 0.00649942 0.0107979 0.0159023 0.0207468 0.024282 0.0260293 0.0263159 0.0259279 0.0254774 0.0250174 0.024155 0.0224611
 1.05613e-16 5.74363e-05 0.000558301 0.00371011 0.0168656 0.0524754 0.111805 0.163188 0.16321 0.111913 0.0528377 0.0179124 0.00633843 0.006299 0.0109695 0.0180701 0.0260905 0.0329574 0.0366078 0.0361202 0.0322689 0.026986 0.0221701 0.0187662 0.0166566 0.0151671
 1.0917e-16 3.44618e-05 0.000334981 0.00222607 0.0101194 0.0314855 0.0670846 0.0979204 0.0979605 0.0672809 0.0321449 0.0120253 0.0070155 0.010808 0.0199763 0.0331062 0.0480059 0.0610387 0.0685012 0.0686703 0.0627719 0.0540178 0.0455343 0.0388367 0.0337513 0.0293487
 1.15216e-16 4.12185e-05 0.000400658 0.00266252 0.0121034 0.0376584 0.0802359 0.117111 0.117133 0.0803406 0.0380108 0.0131251 0.00524098 0.00607588 0.0109564 0.0184078 0.0273603 0.0361952 0.0432627 0.0477899 0.0502116 0.0515666 0.0524903 0.0526958 0.051305 0.0476192
 1.06165e-16 6.91615e-05 0.000672274 0.0044675 0.0203086 0.0631877 0.134628 0.196496 0.196504 0.134668 0.0633208 0.0206937 0.0054366 0.00279599 0.00412711 0.00677992 0.00992121 0.012829 0.0148308 0.0156557 0.0155949 0.0152688 0.0151822 0.0154181 0.0156646 0.0154797
pSPR Fmed_Fpbrs
0.715792   0.187744 0.187744
Fs Fmed_Fpbrs
0.165754   1.005 1.005
SSBpbr Bo_Bmed_Bpbrs
2.26395e+06  1.50732e+06  311845 311845
Ro
224655
SPR SPRFo_SPRFmed_SPRFpbrs
1.6035e+06 1.14777e+06 301047
Fref
1.005
Nvult_r0
 270891 25245.6 10173.2 9302.96 3717.95
CTP_r0
 30910.9 3110.6 1253.48 1146.25 458.103
YTP_r0
391305
Np
 283651 41536.9 17437.3 1597.23 730.305
Nvult_p0
 242114 35943.6 15089.2 1382.15 631.962
CTP_p0
 116089 56166.7 5144.77 2073.18 2501.85
 116089 18016.6 7563.43 692.796 316.769
YTP_p0
 2.01417e+06 1.35784e+06
CBA_c0
1.81727e+06
log_Ro
12.1423
likeval ReclasPelacesDesembMPH_pf_preclas_ppelaces_ptallas_desvR_qrecl_qpela
 27.7977 17.6872 0.23376 0.0030685 242.761 123.293 98.3097 0 19.8519 0 0 1.18065 0 0 0
q_reclas_q_pelaces
1 1
M
1
N
 248568 47695 207693 10063.7 0.363024
 145921 83766.9 15945.4 69435.9 3364.62
 137741 45947.4 26005.6 4950.27 22601
 417924 43692.9 14379.7 8138.7 8622.46
 323489 130795 13474.6 4434.59 5169.02
 425481 113583 45730.1 4711.14 3357.73
 177236 142135 37611.8 15143 2671.92
 84283.8 53138.5 41828.6 11068.7 5242.71
 64019.1 30022 18872.5 14855.7 5793.1
 76846.8 20562.1 9524.29 5987.19 6550.71
 119900 23313.6 6129.58 2839.2 3737.56
 155413 41514 8027.65 2110.62 2264.6
 138421 41390.2 10735.8 2076.01 1131.47
 101504 37360.5 10861 2817.13 841.656
 106700 22938.6 8076.77 2347.97 790.974
 485483 28836.1 6027.67 2122.37 824.834
 132867 133773 7739.38 1617.78 791.005
 716298 40464.4 40045.7 2316.83 721.086
 466177 216082 11988.2 11864.2 900.032
 361037 128227 57883.6 3211.38 3419.25
 514917 103195 35818.9 16169.1 1852.19
 675162 156555 30835.7 10703.1 5384.97
 171646 194312 44061.2 8678.48 4527.86
 431332 54761.8 61194.6 13876.1 4159.05
 376098 140554 17648.8 19722 5812.43
 183440 122054 45096.1 5662.53 8192.6
 371144 61141.9 40317.9 14896.5 4576.73
 396853 121116 19736.1 13014.3 6285.78
 142132 131209 39656.6 6462.13 6319.36
 115510 47125 43093.9 13024.7 4197.9
 400382 37106.8 14952.9 13673.8 5464.76
pred_Ctot
 13284.5 2771.91 12070.6 584.877 0.021098
 13459 8381.19 1595.4 6947.32 336.643
 12138.4 4393.52 2486.67 473.348 2161.12
 39959.4 4530.81 1491.13 843.957 894.121
 9351.85 4118.09 424.247 139.623 162.747
 24922.1 7232.45 2911.88 299.984 213.805
 21076.1 18303.2 4843.38 1950.01 344.07
 1695.76 1165.01 917.052 242.67 114.941
 5193.57 2643.89 1662.01 1308.27 510.17
 8652.06 2507.99 1161.69 730.267 799
 4480.62 948.348 249.339 115.493 152.036
 27840.5 8020.71 1550.98 407.782 437.532
 23896.4 7709.93 1999.81 386.708 210.763
 25740.3 10164.3 2954.84 766.431 228.982
 18352.8 4257.41 1499.05 435.785 146.805
 78856 5057.32 1057.14 372.224 144.661
 14683.1 16017.4 926.682 193.706 94.7118
 82826.2 5067.88 5015.44 290.167 90.3108
 76127.5 38098.4 2113.7 2091.83 158.689
 51957.4 19950 9005.7 499.636 531.977
 57368.6 12456.4 4323.62 1951.74 223.574
 94775.5 23764.2 4680.7 1624.67 817.41
 14573.7 17905.1 4060.07 799.689 417.225
 31452.9 4337.1 4846.58 1098.98 329.395
 28304 11486.8 1442.35 1611.78 475.021
 10985.3 7945.17 2935.55 368.604 533.3
 26757.4 4787.82 3157.16 1166.49 358.388
 25626.9 8499.06 1384.94 913.25 441.092
 8946.24 8975.55 2712.77 442.05 432.285
 9359.73 4145.17 3790.59 1145.67 369.253
 30910.9 3110.6 1253.48 1146.25 458.103
F
 0.0876769 0.0956566 0.0956566 0.0956566 0.0956566
 0.155569 0.169728 0.169728 0.169728 0.169728
 0.148192 0.16168 0.16168 0.16168 0.16168
 0.161668 0.176382 0.176382 0.176382 0.176382
 0.0466301 0.050874 0.050874 0.050874 0.050874
 0.0964392 0.105216 0.105216 0.105216 0.105216
 0.20458 0.223199 0.223199 0.223199 0.223199
 0.0322596 0.0351956 0.0351956 0.0351956 0.0351956
 0.135732 0.148085 0.148085 0.148085 0.148085
 0.192777 0.210322 0.210322 0.210322 0.210322
 0.0606265 0.0661442 0.0661442 0.0661442 0.0661442
 0.323042 0.352443 0.352443 0.352443 0.352443
 0.309684 0.337869 0.337869 0.337869 0.337869
 0.487275 0.531623 0.531623 0.531623 0.531623
 0.308393 0.33646 0.33646 0.33646 0.33646
 0.289004 0.315307 0.315307 0.315307 0.315307
 0.188925 0.206119 0.206119 0.206119 0.206119
 0.198439 0.216499 0.216499 0.216499 0.216499
 0.29076 0.317223 0.317223 0.317223 0.317223
 0.252362 0.27533 0.27533 0.27533 0.27533
 0.190598 0.207945 0.207945 0.207945 0.207945
 0.245485 0.267828 0.267828 0.267828 0.267828
 0.142445 0.155409 0.155409 0.155409 0.155409
 0.121287 0.132326 0.132326 0.132326 0.132326
 0.125383 0.136795 0.136795 0.136795 0.136795
 0.0986889 0.107671 0.107671 0.107671 0.107671
 0.119843 0.13075 0.13075 0.13075 0.13075
 0.106772 0.116489 0.116489 0.116489 0.116489
 0.103953 0.113414 0.113414 0.113414 0.113414
 0.135562 0.1479 0.1479 0.1479 0.1479
 0.128806 0.140529 0.140529 0.140529 0.140529
YTP_r0W_actual
 256560 43859.5 34596 39201.9 17087.2
YTP_p0W_proyectada
 869510 880132 118999 60889.4 84637.4
 869510 282320 174942 20347.4 10716.3
CTP_r0_actual
 30910.9 3110.6 1253.48 1146.25 458.103
CTP_p0_proyectada
 116089 56166.7 5144.77 2073.18 2501.85
 116089 18016.6 7563.43 692.796 316.769
Wmedp
 7.49 15.67 23.13 29.37 33.83
Frms_r0
 0.128806 0.140529 0.140529 0.140529 0.140529
Zrms_r0
 1.12881 1.14053 1.14053 1.14053 1.14053
nmprior
 8.19 8.8 8.5 0
nm_flota  nm_reclas  nm_pelaces    nm_pelaL
inf 10.2531 19.7799 48.4275
cv_recla  cv_pelaces  cv_mph
0.476902 0.476872 1.7095
 ------------------------------------------------
Talla a la edad & desviaci?n 
 8 13.2811 15.8009 17.003 17.5766
 0.8 1.32811 1.58009 1.7003 1.75766
