years
 1991 1992 1993 1994 1995 1996 1997 1998 1999 2000 2001 2002 2003 2004 2005 2006 2007 2008 2009 2010 2011 2012 2013 2014 2015 2016 2017 2018 2019 2020 2021
reclasobs
 0 0 0 0 0 0 0 0 0 252601 567819 844713 477998 351125 339783 2.1784e+06 2.13404e+06 4.81314e+06 1.55562e+06 2.62356e+06 3.21686e+06 3.843e+06 1.13348e+06 3.07943e+06 1.97215e+06 2.03268e+06 2.025e+06 2.42433e+06 2.27542e+06 1.05018e+06 2.36338e+06
reclaspred
 2.19644e+06 889939 427553 220558 22332.4 530504 394671 115515 173936 165190 103757 277421 418231 181907 238675 685575 838481 1.77481e+06 1.98568e+06 915618 1.74081e+06 1.87639e+06 1.49389e+06 1.51006e+06 1.3898e+06 1.27167e+06 1.73004e+06 1.72952e+06 1.48253e+06 590506 1.10885e+06
pelacesobs
 0 0 0 0 0 0 0 0 0 0 0 0 0 0 0 552880 188675 0 991730 2.46772e+06 1.41603e+06 1.21717e+06 2.29649e+06 1.80582e+06 0 1.4828e+06 1.56532e+06 1.57751e+06 1.42118e+06 867257 1.10002e+06
pelacespred
 1.12364e+06 444394 194921 63763.7 4257.35 236117 133321 50568.2 70890.9 62762.4 48578.8 103858 173101 63151.2 108621 270494 327009 827191 919850 422868 767361 848103 680590 735258 671698 569600 971651 965185 682079 304541 561091
mphobs
 0 0 0 0 0 0 0 0 0 0 0 498337 0 5186 125008 0 168611 109162 213762 579715 649985 157893 87575 83554 0 0 0 0 0 0 0
mphpred
 2.53229e+06 1.07916e+06 461925 260879 59324.7 3409.52 563058 143632 46832.1 149566 88077.2 78163.1 271498 250486 65764.5 206553 775753 518389 1.80619e+06 1.21896e+06 572286 1.59561e+06 1.45634e+06 966406 1.16966e+06 1.1848e+06 754291 1.54749e+06 1.49961e+06 777739 280641
desembarqueobs
 494567 514787 250237 358949 120608 361735 552515 73892 212993 205616 52469 317467 293654 387597 252695 516296 358380 742168 942051 627588 828172 859565 418607 520667 417249 300574 415391 372974 316634 284311 391294
desembarquepred
 496929 514558 249049 357671 120368 361277 551364 73723 213002 205017 52730.4 317352 293895 388340 252331 517573 359541 742285 941108 626649 827086 857848 418329 521394 416960 299967 415676 373423 316657 284092 390364
Reclutas
 292.11 111636 105348 22306.5 1248.98 318670 2271 393.987 59618 40432.5 24958.7 189607 126702 30976.2 92490 416192 29864.1 820413 342846 21976.9 618474 510449 55724.1 245616 324256 39492.4 467692 220995 19177.8 9673.82 378744
log_desv_Rt
 -5.28189 0.663976 0.606008 -0.946385 -3.82894 1.71289 -3.23104 -4.9827 0.0366921 -0.351631 -0.834043 1.19369 0.79057 -0.618044 0.475836 1.97988 -0.654607 2.65854 1.78602 -0.961274 2.37599 2.18403 -0.0308514 1.45251 1.73027 -0.375155 2.09655 1.34688 -1.09751 -1.78184 1.8856
SSB
 2.53229e+06 1.07916e+06 461925 260879 59324.7 3409.52 563058 143632 46832.1 149566 88077.2 78163.1 271498 250486 65764.5 206553 775753 518389 1.80619e+06 1.21896e+06 572286 1.59561e+06 1.45634e+06 966406 1.16966e+06 1.1848e+06 754291 1.54749e+06 1.49961e+06 777739 280641
BT
 3.07537e+06 1.70177e+06 758829 447410 115670 1.40658e+06 801302 188513 494739 390286 198779 695862 847087 579122 709606 1.51943e+06 1.09241e+06 4.01142e+06 3.54194e+06 1.63795e+06 3.75145e+06 3.2799e+06 2.06653e+06 2.96278e+06 2.3438e+06 1.67761e+06 4.14504e+06 3.24641e+06 1.87494e+06 1.02699e+06 2.6955e+06
Ftot
 0.212948 0.527932 0.532379 1.32202 3.00219 0.634049 1.15912 0.576781 1.0958 1.07145 0.469531 1.02539 0.639845 1.66978 0.955476 0.69397 0.396436 0.392163 0.437892 0.615926 0.443123 0.423621 0.26252 0.32355 0.281678 0.221995 0.227402 0.203997 0.201306 0.442144 0.3318
BD_Bspro_t
 0.966502 0.74278 0.513827 0.393635 0.119997 0.0122574 0.532255 0.196797 0.107008 0.30003 0.253084 0.318256 0.448444 0.356509 0.13685 0.33233 0.539685 0.437206 0.661474 0.531091 0.326371 0.561514 0.572368 0.515815 0.595137 0.649188 0.601365 0.761433 0.74584 0.610587 0.424447
BD_Bspro
 6.16441 2.62703 1.12447 0.635064 0.144415 0.00829987 1.37066 0.349646 0.114004 0.364093 0.214408 0.190274 0.660913 0.609765 0.160092 0.502816 1.88843 1.26193 4.39684 2.96734 1.39313 3.88423 3.54519 2.35254 2.84733 2.88419 1.83619 3.76708 3.65053 1.89327 0.68317
BD_Bo
 1.4899 0.634934 0.271778 0.153491 0.0349042 0.00200602 0.33128 0.0845071 0.0275541 0.0879987 0.051821 0.0459879 0.159738 0.147376 0.0386931 0.121527 0.456421 0.304999 1.06269 0.717185 0.33671 0.938791 0.856849 0.568594 0.68818 0.697089 0.443794 0.910478 0.882308 0.457589 0.165117
BD_Brms
 6.32457 2.69528 1.15369 0.651565 0.148168 0.00851552 1.40628 0.358731 0.116967 0.373552 0.219979 0.195218 0.678085 0.625608 0.164251 0.51588 1.9375 1.29471 4.51108 3.04444 1.42933 3.98515 3.63731 2.41367 2.92131 2.95913 1.8839 3.86496 3.74538 1.94246 0.70092
Sel_flota
 0.5 1 1 1 1
 0.5 1 1 1 1
 0.5 1 1 1 1
 0.5 1 1 1 1
 0.5 1 1 1 1
 0.5 1 1 1 1
 0.5 1 1 1 1
 0.5 1 1 1 1
 0.5 1 1 1 1
 0.5 1 1 1 1
 0.5 1 1 1 1
 0.5 1 1 1 1
 0.5 1 1 1 1
 0.5 1 1 1 1
 0.5 1 1 1 1
 0.5 1 1 1 1
 0.5 1 1 1 1
 0.5 1 1 1 1
 0.5 1 1 1 1
 0.5 1 1 1 1
 0.5 1 1 1 1
 0.5 1 1 1 1
 0.5 1 1 1 1
 0.5 1 1 1 1
 0.5 1 1 1 1
 0.5 1 1 1 1
 0.5 1 1 1 1
 0.5 1 1 1 1
 0.5 1 1 1 1
 0.5 1 1 1 1
 0.5 1 1 1 1
Sel_reclas
 0.5 1 1 1 1
 0.5 1 1 1 1
 0.5 1 1 1 1
 0.5 1 1 1 1
 0.5 1 1 1 1
 0.5 1 1 1 1
 0.5 1 1 1 1
 0.5 1 1 1 1
 0.5 1 1 1 1
 0.5 1 1 1 1
 0.5 1 1 1 1
 0.5 1 1 1 1
 0.5 1 1 1 1
 0.5 1 1 1 1
 0.5 1 1 1 1
 0.5 1 1 1 1
 0.5 1 1 1 1
 0.5 1 1 1 1
 0.5 1 1 1 1
 0.5 1 1 1 1
 0.5 1 1 1 1
 0.5 1 1 1 1
 0.5 1 1 1 1
 0.5 1 1 1 1
 0.5 1 1 1 1
 0.5 1 1 1 1
 0.5 1 1 1 1
 0.5 1 1 1 1
 0.5 1 1 1 1
 0.5 1 1 1 1
 0.5 1 1 1 1
Sel_pelaces
 0.5 1 1 1 1
 0.5 1 1 1 1
 0.5 1 1 1 1
 0.5 1 1 1 1
 0.5 1 1 1 1
 0.5 1 1 1 1
 0.5 1 1 1 1
 0.5 1 1 1 1
 0.5 1 1 1 1
 0.5 1 1 1 1
 0.5 1 1 1 1
 0.5 1 1 1 1
 0.5 1 1 1 1
 0.5 1 1 1 1
 0.5 1 1 1 1
 0.5 1 1 1 1
 0.5 1 1 1 1
 0.5 1 1 1 1
 0.5 1 1 1 1
 0.5 1 1 1 1
 0.5 1 1 1 1
 0.5 1 1 1 1
 0.5 1 1 1 1
 0.5 1 1 1 1
 0.5 1 1 1 1
 0.5 1 1 1 1
 0.5 1 1 1 1
 0.5 1 1 1 1
 0.5 1 1 1 1
 0.5 1 1 1 1
 0.5 1 1 1 1
pf_obs 
 0.8446 0.082 0.0669 0.0065 0
 0.8095 0.147 0.0364 0.0071 0
 0.9664 0.0169 0.016 0.0007 0
 0.9276 0.0648 0.0075 0.0001 0
 0.7033 0.2144 0.0806 0.0017 0
 0.9318 0.0425 0.0243 0.0014 0
 0.5671 0.3108 0.0964 0.0239 0.0018
 0.0768 0.2599 0.5324 0.112 0.0189
 0.490249 0.384438 0.106611 0.0170017 0.00170017
 0.7925 0.1577 0.0466 0.003 0.0002
 0.840416 0.127587 0.0312969 0.00059994 9.999e-05
 0.8084 0.0986 0.0794 0.0134 0.0002
 0.7335 0.1905 0.0724 0.0035 0.0001
 0.4001 0.4547 0.1325 0.0127 0
 0.49795 0.308269 0.164784 0.0264974 0.00249975
 0.9179 0.0499 0.0305 0.0017 0
 0.2467 0.6533 0.0926 0.0074 0
 0.9418 0.0223 0.034 0.0019 0
 0.707729 0.231977 0.0356964 0.0245975 0
 0.517169 0.277429 0.184464 0.0207286 0.00020938
 0.811772 0.124168 0.05621 0.00726502 0.000585176
 0.764997 0.148141 0.077277 0.00933861 0.000247198
 0.163321 0.427699 0.378323 0.0303852 0.000271297
 0.753843 0.0900009 0.118128 0.0371064 0.000921714
 0.721811 0.176058 0.0630433 0.0369309 0.00215725
 0.143369 0.312575 0.442814 0.0836902 0.0175525
 0.692698 0.0596174 0.167031 0.0765114 0.00414204
 0.394062 0.376323 0.152708 0.0712218 0.00568511
 0.125707 0.32114 0.495352 0.0537591 0.00404204
 0.23352 0.215282 0.420074 0.123614 0.00750983
 0.774587 0.0839891 0.0768558 0.0609784 0.00358967
pf_pred 
 0.000931634 0.520785 0.2216 0.145743 0.11094
 0.559283 0.000873916 0.229277 0.0975602 0.113005
 0.580987 0.313828 0.000208575 0.0547209 0.050255
 0.265226 0.562478 0.129045 8.57653e-05 0.0431658
 0.1041 0.472025 0.324481 0.0744434 0.0249509
 0.998615 0.00056876 0.00043005 0.000295626 9.05556e-05
 0.0160451 0.983394 0.00023017 0.000174036 0.000156283
 0.0208642 0.044362 0.934241 0.000218665 0.000313808
 0.941702 0.00282339 0.00251342 0.0529314 3.01684e-05
 0.653935 0.338697 0.000356801 0.00031763 0.00669294
 0.569544 0.362478 0.0665307 7.00868e-05 0.00137709
 0.92205 0.0587181 0.0161945 0.0029724 6.46559e-05
 0.624414 0.36449 0.00835873 0.00230534 0.000432336
 0.32531 0.541172 0.129573 0.00297145 0.00097322
 0.874888 0.0786301 0.0372837 0.00892682 0.000271765
 0.914384 0.0813257 0.0026965 0.00127858 0.000315451
 0.125711 0.842503 0.030193 0.0010011 0.000591801
 0.923335 0.0187708 0.0557898 0.00199935 0.00010548
 0.420706 0.558694 0.00504376 0.0149908 0.000565571
 0.0707351 0.579803 0.337035 0.00304267 0.00938446
 0.898244 0.0158232 0.0536167 0.031167 0.00114919
 0.591804 0.388942 0.00299409 0.0101454 0.00611491
 0.129177 0.668177 0.193088 0.0014864 0.00807235
 0.639001 0.0876967 0.209703 0.0605993 0.00299995
 0.639861 0.286666 0.0178486 0.0426801 0.0129442
 0.136716 0.685871 0.141219 0.00879268 0.0274019
 0.82642 0.0438839 0.103042 0.0212161 0.0054377
 0.405807 0.541088 0.0134259 0.0315247 0.00815448
 0.0745481 0.547905 0.343804 0.00853072 0.0252119
 0.107751 0.130314 0.451096 0.283058 0.0277807
 0.938839 0.013239 0.00699899 0.0242279 0.0166948
pobs_RECLAS
 0 0 0 0 0
 0 0 0 0 0
 0 0 0 0 0
 0 0 0 0 0
 0 0 0 0 0
 0 0 0 0 0
 0 0 0 0 0
 0 0 0 0 0
 0 0 0 0 0
 0 0 0 0 0
 0.991045 0.00858322 0.000360255 1.14367e-05 0
 0.934742 0.0480273 0.0164251 0.00080598 0
 0.827803 0.169806 0.00239088 0 0
 0.941827 0.0461693 0.0120037 0 0
 0.791401 0.0380133 0.147996 0.0225897 0
 0.846168 0.0940531 0.0597789 0 0
 0.134021 0.677848 0.182769 0.00536245 0
 0.80878 0.0450904 0.141981 0.00414843 0
 0.846168 0.0940531 0.0597789 0 0
 0.905697 0.0802665 0.012482 0.00150086 5.37128e-05
 0.989698 0.0102097 9.19794e-05 0 0
 0.975433 0.0193895 0.00387452 0.00125025 5.28907e-05
 0.303575 0.632131 0.0575291 0.00676475 0
 0.966965 0.00978017 0.0227588 0.000495775 0
 0.843318 0.132988 0.00938335 0.0141283 0.000182051
 0.564624 0.303363 0.111486 0.0197234 0.00080311
 0.826376 0.0876187 0.0782897 0.00655872 0.00115652
 0.89761 0.0855135 0.0140674 0.00269457 0.000114338
 0.34875 0.467042 0.161289 0.0227151 0.000203297
 0.318654 0.224769 0.449479 0.00709798 0
 0.937255 0.0296025 0.0250945 0.00804832 0
ppred_RECLAS
 0.00094105 0.52078 0.221598 0.145741 0.110939
 0.566602 0.000859403 0.22547 0.0959401 0.111129
 0.588288 0.308361 0.000204941 0.0537675 0.0493794
 0.285762 0.546757 0.125439 8.33683e-05 0.0419594
 0.141251 0.452451 0.311025 0.0713563 0.0239162
 0.998666 0.000547787 0.000414192 0.000284725 8.72164e-05
 0.0174494 0.981991 0.000229841 0.000173787 0.00015606
 0.0215554 0.0443307 0.933582 0.000218511 0.000313587
 0.945882 0.00262093 0.0023332 0.0491359 2.80052e-05
 0.671014 0.321983 0.000339193 0.000301955 0.00636264
 0.575827 0.357187 0.0655596 6.90638e-05 0.00135699
 0.92706 0.0549443 0.0151537 0.00278137 6.05005e-05
 0.633299 0.355867 0.00816098 0.00225081 0.000422108
 0.357804 0.515109 0.123332 0.00282834 0.000926349
 0.881847 0.0742565 0.0352099 0.00843029 0.000256649
 0.917641 0.0782319 0.00259392 0.00122994 0.000303451
 0.128021 0.840278 0.0301132 0.000998456 0.000590238
 0.924778 0.0184173 0.054739 0.00196169 0.000103494
 0.426456 0.553149 0.0049937 0.014842 0.000559958
 0.0731543 0.578293 0.336158 0.00303475 0.00936003
 0.900408 0.0154868 0.0524767 0.0305043 0.00112475
 0.597254 0.383749 0.00295411 0.01001 0.00603327
 0.130622 0.667068 0.192768 0.00148393 0.00805896
 0.642761 0.0867834 0.207519 0.0599682 0.00296871
 0.643053 0.284126 0.0176904 0.0423018 0.0128294
 0.137966 0.684877 0.141015 0.00877995 0.0273622
 0.827971 0.043492 0.102122 0.0210266 0.00538914
 0.408121 0.538981 0.0133736 0.0314019 0.00812272
 0.0752025 0.547518 0.343561 0.00852469 0.0251941
 0.110064 0.129976 0.449927 0.282324 0.0277087
 0.939799 0.0130313 0.00688921 0.0238478 0.0164329
pobs_PELACES
 0 0 0 0 0
 0 0 0 0 0
 0 0 0 0 0
 0 0 0 0 0
 0 0 0 0 0
 0 0 0 0 0
 0 0 0 0 0
 0 0 0 0 0
 0 0 0 0 0
 0 0 0 0 0
 0 0 0 0 0
 0 0 0 0 0
 0 0 0 0 0
 0 0 0 0 0
 0 0 0 0 0
 0 0 0 0 0
 0.505614 0.472636 0.0217494 0 0
 0 0 0 0 0
 0.443492 0.261883 0.143347 0.151278 0
 0.227955 0.32914 0.350689 0.0885471 0.00366901
 0.970185 0.0296113 0.000203453 0 0
 0.997202 0.00247181 0.000326279 0 0
 0.445219 0.490057 0.0546422 0.010081 0
 0.90214 0.0892962 0.00764917 0.000914606 0
 0 0 0 0 0
 0.581667 0.319106 0.0959925 0.00289975 0.000334073
 0.762889 0.0836404 0.116647 0.0363945 0.000428098
 0.88444 0.0763242 0.0277011 0.0115352 0
 0.521256 0.241999 0.230069 0.00667565 0
 0.616807 0.101726 0.260614 0.0208532 0
 0.833518 0.0704572 0.0857862 0.0102388 0
ppred_PELACES
 0.00097467 0.520763 0.221591 0.145736 0.110935
 0.587856 0.000817258 0.214413 0.0912352 0.105679
 0.609386 0.292558 0.000194438 0.0510121 0.0468489
 0.332272 0.511153 0.11727 7.79394e-05 0.039227
 0.212558 0.414881 0.285199 0.0654312 0.0219303
 0.998798 0.00049344 0.000373099 0.000256477 7.85634e-05
 0.0210497 0.978393 0.000228999 0.000173151 0.000155488
 0.0236567 0.0442355 0.931577 0.000218042 0.000312913
 0.954425 0.00220718 0.00196487 0.0413791 2.35841e-05
 0.7088 0.285001 0.000300234 0.000267273 0.00563185
 0.59463 0.341354 0.0626535 6.60023e-05 0.00129684
 0.937706 0.0469249 0.0129419 0.00237542 5.16702e-05
 0.657454 0.332425 0.0076234 0.00210254 0.000394303
 0.423263 0.462604 0.110761 0.00254005 0.000831927
 0.89731 0.0645381 0.0306017 0.00732697 0.00022306
 0.925891 0.070395 0.00233407 0.00110673 0.000273053
 0.135502 0.833068 0.0298548 0.00098989 0.000585174
 0.929158 0.0173451 0.0515522 0.00184749 9.74686e-05
 0.444215 0.536021 0.00483908 0.0143825 0.00054262
 0.0803509 0.573803 0.333547 0.00301119 0.00928735
 0.906775 0.0144966 0.0491217 0.028554 0.00105284
 0.613947 0.367843 0.00283167 0.00959508 0.0057832
 0.13562 0.663233 0.191659 0.0014754 0.00801262
 0.654924 0.0838287 0.200453 0.0579265 0.00286763
 0.653648 0.275691 0.0171653 0.0410461 0.0124486
 0.14238 0.68137 0.140292 0.00873499 0.0272221
 0.833249 0.0421574 0.098988 0.0203814 0.00522377
 0.416276 0.531555 0.0131893 0.0309693 0.0080108
 0.0775453 0.546131 0.342691 0.00850309 0.0251303
 0.117416 0.128902 0.44621 0.279992 0.0274798
 0.942823 0.0123767 0.00654317 0.02265 0.0156075
pobs_pel_tallas
 0 0 0 0 0 0 0 0 0 0 0 0 0 0 0 0 0 0 0 0 0 0 0 0 0 0
 0 0 0 0 0 0 0 0 0 0 0 0 0 0 0 0 0 0 0 0 0 0 0 0 0 0
 0 0 0 0 0 0 0 0 0 0 0 0 0 0 0 0 0 0 0 0 0 0 0 0 0 0
 0 0 0 0 0 0 0 0 0 0 0 0 0 0 0 0 0 0 0 0 0 0 0 0 0 0
 0 0 0 0 0 0 0 0 0 0 0 0 0 0 0 0 0 0 0 0 0 0 0 0 0 0
 0 0 0 0 0 0 0 0 0 0 0 0 0 0 0 0 0 0 0 0 0 0 0 0 0 0
 0 0 0 0 0 0 0 0 0 0 0 0 0 0 0 0 0 0 0 0 0 0 0 0 0 0
 0 0 0 0 0 0 0 0 0 0 0 0 0 0 0 0 0 0 0 0 0 0 0 0 0 0
 0 0 0 0 0 0 0 0 0 0 0 0 0 0 0 0 0 0 0 0 0 0 0 0 0 0
 0 0 0 0 0 0 0 0 0 0 0 0 0 0 0 0 0 0 0 0 0 0 0 0 0 0
 0 0 0 0 0 0 0 0 0 0 0 0 0 0 0 0 0 0 0 0 0 0 0 0 0 0
 0 0 0 0 0 0 0 0 0 0 0 0 0 0 0 0 0 0 0 0 0 0 0 0 0 0
 0.00862536 0 0 0.000197151 0.00414017 0.0128641 0.00837892 0.0270097 0.101434 0.158115 0.152841 0.127902 0.109271 0.109419 0.0830992 0.0579132 0.0238553 0.00714673 0.00463305 0.00128148 0.00103504 0.000492878 0.000147863 0.000147863 4.92878e-05 0
 0 0 0 0 0 0 0 0 0 0 0 0 0 0 0 0 0 0 0 0 0 0 0 0 0 0
 0 0 0 0 0 0 0 0.0054083 0.00873648 0.0413646 0.0450493 0.0745869 0.0622846 0.0627006 0.0613931 0.0827291 0.12552 0.122667 0.0946155 0.0697135 0.0546179 0.0294188 0.0215738 0.0213955 0.0102223 0.00600262
 0 0 0 0 0.00359764 0.0251062 0.0480494 0.140153 0.205849 0.193036 0.1447 0.116669 0.0760912 0.0342217 0.00950174 0.001854 0.000860785 0 0 0 0.000165536 0 0.000143464 0 0 0
 0 0 0 0 0 0 0 0.000145254 0.000435761 0.0275982 0.070085 0.0708112 0.156366 0.174668 0.174014 0.160142 0.0824315 0.0480064 0.0283245 0.00493863 0.00203355 0 0 0 0 0
 0 0 0 0 0 0 0 0 0 0 0 0 0 0 0 0 0 0 0 0 0 0 0 0 0 0
 0 0 1.00437e-05 0.000401748 0.00122533 0.00171747 0.00176769 0.0269171 0.070346 0.194647 0.189555 0.159765 0.064822 0.0314167 0.0384472 0.0292271 0.0345202 0.0313363 0.0194345 0.0106764 0.0143323 0.0359363 0.0279516 0.0138201 0.00172751 0
 0 0.0021121 0.0136068 0.0755702 0.200478 0.177729 0.0527432 0.0373336 0.0318909 0.0142505 0.0149659 0.0166563 0.0217959 0.0798694 0.0677717 0.0528807 0.04013 0.0224614 0.0357745 0.0225083 0.00881397 0.00855152 0.00135912 0.000746735 0 0
 0 0 0 0 5.4009e-05 0.00500934 0.000945158 0.0243581 0.138947 0.33067 0.221406 0.137944 0.0707744 0.0437923 0.0131692 0.00525238 0.0047753 0.00276346 9.45158e-05 9.00151e-06 2.25038e-05 9.00151e-06 4.50075e-06 0 0 0
 0.000866109 0.00284123 0.00948549 0.0512746 0.133035 0.25785 0.225252 0.132002 0.0553304 0.0519788 0.0540692 0.017754 0.00435017 0.00159236 0.00146478 0.000404838 0.000125132 0.000115318 0.000107957 0.000100596 0 0 0 0 0 0
 0 0 0 0 0.00144013 0.00171154 0.00461396 0.0210425 0.0478622 0.0707936 0.0888783 0.103762 0.0637923 0.0337046 0.0602308 0.124433 0.169614 0.0934646 0.0462172 0.0250306 0.0313229 0.00938855 0.002487 0.000210481 0 0
 0 0.00764035 0.051015 0.0998891 0.058973 0.0496711 0.0374665 0.0718981 0.12319 0.153886 0.159021 0.0857701 0.0377988 0.023471 0.0147837 0.00900784 0.00315554 0.000888139 0.00291439 0.00214683 0.00393193 0.00274676 0.000635225 9.99891e-05 0 0
 0 0 0 0 0 0 0 0 0 0 0 0 0 0 0 0 0 0 0 0 0 0 0 0 0 0
 0 0 0 0 0 0 0 0 0 0 0 0 0 0 0 0 0 0 0 0 0 0 0 0 0 0
 0 0 0 0 0 0 0 0 0 0 0 0 0 0 0 0 0 0 0 0 0 0 0 0 0 0
 0 0 0 0 0 0 0 0 0 0 0 0 0 0 0 0 0 0 0 0 0 0 0 0 0 0
 0 0 0 0 0 0 0 0 0 0 0 0 0 0 0 0 0 0 0 0 0 0 0 0 0 0
 0 0 0 0 0 0 0 0 0 0 0 0 0 0 0 0 0 0 0 0 0 0 0 0 0 0
 0 0 0 0 0 0 0 0 0 0 0 0 0 0 0 0 0 0 0 0 0 0 0 0 0 0
ppred_pel_tallas
 1.39917e-16 8.03919e-08 7.81487e-07 5.1957e-06 2.36499e-05 7.38541e-05 0.000159218 0.000242962 0.000293451 0.000406061 0.000903569 0.00242414 0.00604607 0.0132399 0.0252991 0.0422431 0.0618657 0.0800086 0.0924955 0.0976209 0.097181 0.0950438 0.0943929 0.0958263 0.0974965 0.0967077
 1.33222e-16 4.84209e-05 0.000470669 0.00312776 0.0142183 0.0442385 0.0942548 0.137568 0.137568 0.0942573 0.0442479 0.0142504 0.0032277 0.000753755 0.00077926 0.00172556 0.0037079 0.00729927 0.0131508 0.0217079 0.0328821 0.0458027 0.0588248 0.0698718 0.077009 0.0790073
 1.13125e-16 5.01944e-05 0.000487907 0.00324232 0.0147391 0.045859 0.0977086 0.142614 0.142643 0.0978461 0.0463209 0.0160726 0.00658802 0.00778717 0.0139015 0.0228782 0.0329111 0.0413425 0.0455573 0.0444875 0.0393453 0.0328985 0.0278353 0.025436 0.0253227 0.0261251
 1.10161e-16 2.73689e-05 0.000266036 0.0017679 0.00803667 0.0250053 0.0532783 0.0777716 0.0778209 0.0535194 0.0258151 0.0103765 0.00764451 0.013106 0.0244461 0.0404582 0.0584834 0.0739753 0.0823024 0.0813228 0.0726269 0.0603781 0.0487309 0.0398606 0.0337459 0.0292339
 1.1861e-16 1.75082e-05 0.000170186 0.00113095 0.00514115 0.0159963 0.0340832 0.0497539 0.0497942 0.0342806 0.0166601 0.00706332 0.00597397 0.0108027 0.0203878 0.0341417 0.0502695 0.0655036 0.0764693 0.0815576 0.0816954 0.0792922 0.0762993 0.0730418 0.0685734 0.0619002
 1.00051e-16 8.22697e-05 0.000799691 0.00531423 0.0241577 0.0751636 0.160144 0.233735 0.233735 0.160144 0.0751644 0.02416 0.00532002 0.000812431 0.000106755 4.70327e-05 6.15458e-05 8.10312e-05 9.697e-05 0.000107697 0.000114651 0.000120635 0.000127287 0.00013365 0.000136823 0.000133901
 1.00301e-16 1.73404e-06 1.68556e-05 0.000112016 0.000509266 0.00158502 0.00338053 0.0049537 0.00504778 0.0038401 0.00312745 0.00496139 0.0112764 0.0243521 0.0461107 0.0759441 0.108735 0.135337 0.146433 0.137737 0.112635 0.080084 0.0495208 0.0266498 0.012505 0.00514441
 1.2697e-16 1.94858e-06 1.89409e-05 0.000125869 0.000572186 0.00178031 0.00379335 0.00553768 0.00554336 0.00382182 0.00188004 0.000878338 0.000962529 0.00207034 0.00455481 0.00923299 0.017254 0.0298857 0.0480753 0.0716984 0.0987195 0.124858 0.144391 0.152129 0.145663 0.126552
 1.04212e-16 7.86147e-05 0.000764163 0.00507813 0.0230845 0.0718243 0.153029 0.223351 0.223351 0.15303 0.0718282 0.0230959 0.00510787 0.000832829 0.000220808 0.000273902 0.000471857 0.000789405 0.00128073 0.00202366 0.00308911 0.00449025 0.0061297 0.00778063 0.0091281 0.00986576
 1.01062e-16 5.83829e-05 0.000567503 0.00377126 0.0171436 0.0533403 0.113648 0.165879 0.165906 0.113782 0.0537896 0.0184406 0.0070238 0.00765749 0.0134932 0.0221354 0.031696 0.0394713 0.0427541 0.0403085 0.0331344 0.0238506 0.0152033 0.00883448 0.00500702 0.00310459
 1.02122e-16 4.89789e-05 0.000476093 0.00316381 0.0143822 0.0447486 0.0953428 0.139163 0.139195 0.0955037 0.0452888 0.0159426 0.00708134 0.00903057 0.0163024 0.0268908 0.0387695 0.0488231 0.0538921 0.0524883 0.0456486 0.0361864 0.0269805 0.0196516 0.0143878 0.0106112
 1.00633e-16 7.72376e-05 0.000750777 0.00498918 0.0226801 0.0705662 0.150349 0.21944 0.219444 0.150371 0.0706406 0.0228951 0.00552947 0.00193181 0.00232485 0.00373319 0.00539814 0.0068459 0.00764843 0.00760595 0.00685441 0.00575869 0.00467992 0.00380294 0.00312517 0.00255852
 1.00583e-16 5.41537e-05 0.000526394 0.00349807 0.0159017 0.0494764 0.105416 0.153864 0.153896 0.105572 0.0500007 0.0174153 0.00729426 0.00880305 0.0157422 0.0258587 0.0370556 0.0461992 0.0501366 0.0474164 0.0391754 0.0284204 0.0183022 0.0107027 0.00593558 0.00333641
 1.03711e-16 3.48637e-05 0.000338887 0.00225203 0.0102374 0.0318527 0.0678671 0.0990634 0.099108 0.0680853 0.0325855 0.012355 0.00757047 0.0119589 0.0221316 0.0366051 0.0528917 0.0668437 0.0742222 0.0730153 0.0645693 0.0525652 0.0407276 0.0310912 0.0238301 0.0181973
 1.01673e-16 7.39103e-05 0.000718434 0.00477425 0.021703 0.0675262 0.143872 0.209987 0.209993 0.143903 0.067629 0.0220004 0.00552228 0.00235701 0.00320238 0.00522037 0.00761387 0.0097857 0.0111757 0.0115192 0.01098 0.00999604 0.00896926 0.00805614 0.00718783 0.00623458
 1.00243e-16 7.62644e-05 0.000741318 0.00492632 0.0223943 0.0696771 0.148455 0.216675 0.216682 0.148488 0.0697881 0.0227149 0.00573053 0.00249495 0.00340093 0.00548652 0.00786051 0.00980991 0.0106657 0.0101222 0.00842007 0.00619275 0.00410103 0.00253498 0.00155294 0.00100891
 1.01273e-16 1.11613e-05 0.000108492 0.00072097 0.00327747 0.0101979 0.0217306 0.0317332 0.0318134 0.0221221 0.0115122 0.00707168 0.0102377 0.0208597 0.0393509 0.0648515 0.0929823 0.116003 0.126027 0.119408 0.0989616 0.072168 0.0468631 0.0277249 0.0155465 0.00871654
 1.01694e-16 7.65335e-05 0.000743933 0.0049437 0.0224733 0.0699229 0.148978 0.217438 0.21744 0.148987 0.0699519 0.0225581 0.00516016 0.00122852 0.00103203 0.00167648 0.00261975 0.00373419 0.00492926 0.00613664 0.00729842 0.00831441 0.00900693 0.00916537 0.0086578 0.0075267
 1.01811e-16 3.65895e-05 0.000355663 0.00236351 0.0107442 0.0334294 0.0712269 0.103968 0.10402 0.0714787 0.0342747 0.0131843 0.00848305 0.0136969 0.0253219 0.0416684 0.0597045 0.0744187 0.0807392 0.0763487 0.0631154 0.0459256 0.0298812 0.0179995 0.0107242 0.00689017
 1.11646e-16 6.61852e-06 6.43344e-05 0.000427527 0.00194351 0.00604728 0.0128864 0.0188198 0.0188755 0.0131587 0.00696267 0.00459233 0.00709471 0.0146791 0.0279385 0.046633 0.0682287 0.087973 0.100912 0.104583 0.100215 0.0914022 0.0814701 0.0717711 0.0619524 0.051363
 1.04464e-16 7.46898e-05 0.000726012 0.0048246 0.021932 0.0682384 0.145389 0.2122 0.212202 0.145397 0.0682631 0.0220043 0.00501024 0.00114502 0.000911255 0.0014961 0.00240327 0.00356507 0.00496597 0.00660862 0.00847714 0.010461 0.012303 0.0136397 0.0141351 0.0136277
 1.02117e-16 5.05701e-05 0.000491559 0.00326658 0.0148494 0.0462023 0.0984402 0.143684 0.143719 0.0986131 0.0467824 0.016524 0.0074662 0.00964729 0.0174037 0.0286 0.0409815 0.0510932 0.0554608 0.0525058 0.0435242 0.0318819 0.0210834 0.0131875 0.00846663 0.00607472
 1.07205e-16 1.1171e-05 0.000108586 0.000721596 0.00328031 0.0102066 0.0217486 0.0317562 0.0318202 0.0220617 0.0112584 0.00632003 0.00835849 0.0168022 0.0317798 0.0526867 0.0762768 0.096698 0.107931 0.107105 0.0960869 0.0800002 0.0639737 0.0507233 0.0403843 0.0318997
 1.12101e-16 5.39452e-05 0.000524367 0.0034846 0.0158405 0.0492857 0.105009 0.153265 0.153273 0.10505 0.0494248 0.0162462 0.00451811 0.00283097 0.00458307 0.00788063 0.01226 0.017336 0.022714 0.0281701 0.0336254 0.0388484 0.0431764 0.0455987 0.0452211 0.0417798
 1.06789e-16 5.38402e-05 0.000523346 0.00347782 0.0158097 0.0491899 0.104805 0.152972 0.152999 0.104935 0.0496255 0.0170675 0.0066343 0.00741175 0.0131305 0.0216099 0.0311038 0.0390905 0.0430638 0.0419317 0.0367062 0.0298511 0.0238072 0.0198176 0.0177395 0.0166439
 1.09706e-16 1.17278e-05 0.000113999 0.000757564 0.00344381 0.0107153 0.0228326 0.0333386 0.0334043 0.0231538 0.0117942 0.0065608 0.00858485 0.0172116 0.0325142 0.0538147 0.0777085 0.0981108 0.1088 0.106881 0.0944631 0.0771313 0.0605086 0.0476177 0.0385697 0.031957
 1.05796e-16 6.86337e-05 0.000667144 0.0044334 0.0201536 0.0627054 0.133601 0.194995 0.194999 0.133621 0.0627752 0.0203572 0.0049519 0.00182343 0.00233638 0.00394173 0.00611129 0.00860733 0.0112163 0.0138154 0.0163642 0.018762 0.0207096 0.021746 0.0214677 0.0197702
 1.04978e-16 3.42882e-05 0.000333294 0.00221486 0.0100684 0.031327 0.0667473 0.0974303 0.0974815 0.0669971 0.0321656 0.0124897 0.00828836 0.0135779 0.0251481 0.0414172 0.0594227 0.0742415 0.0809002 0.0771538 0.0648811 0.0489004 0.0341726 0.023526 0.017204 0.0138767
 1.15135e-16 6.38742e-06 6.20881e-05 0.0004126 0.00187565 0.00583613 0.0124364 0.0181625 0.0182155 0.0126958 0.0067083 0.00439998 0.00676865 0.0140022 0.0266705 0.0445737 0.0653515 0.0845502 0.0975299 0.101997 0.0991132 0.0922015 0.0842456 0.076304 0.0678268 0.0580535
 1.4564e-16 9.67141e-06 9.40096e-05 0.000624727 0.00283993 0.00883614 0.0188268 0.027481 0.0274942 0.0188916 0.00905599 0.00348497 0.00228211 0.00383987 0.0075029 0.0133928 0.021676 0.0323444 0.0453922 0.0609421 0.0789186 0.098327 0.116749 0.130701 0.136855 0.133438
 1.05105e-16 7.76591e-05 0.000754874 0.0050164 0.0228038 0.0709512 0.151169 0.220636 0.220637 0.151175 0.0709711 0.0228618 0.00516292 0.00107848 0.000703934 0.00107353 0.0016216 0.00222859 0.0028499 0.00351494 0.00432713 0.00539715 0.00674265 0.0082247 0.00956753 0.0104531
pSPR Fmed_Fpbrs
0.474848   0.285572 0.285572
Fs Fmed_Fpbrs
0.526506   1.005 1.005
SSBpbr Bo_Bmed_Bpbrs
1.69964e+06  722090  400389 400389
Ro
57470.1
SPR SPRFo_SPRFmed_SPRFpbrs
410792 195064 117311
Fref
1.005
Nvult_r0
 260711 2099.76 1110.07 3842.66 2647.87
CTP_r0
 37097.5 523.128 276.56 957.346 659.682
YTP_r0
390364
Np
 208576 118033 753.182 398.182 1742.24
Nvult_p0
 162153 102138 651.758 344.563 1507.63
CTP_p0
 54230.7 51196.5 326.692 172.711 755.696
YTP_p0
 1.27153e+06
CBA_c0
654714
log_Ro
10.779
likeval ReclasPelacesDesembMPH_pf_preclas_ppelaces_ptallas_desvR_qrecl_qpela
 68.3375 56.6368 0.769281 0.00240023 360.549 162.395 127.213 0 182.331 0 0 0.130354 0 0 0
q_reclas_q_pelaces
1 1
M
1
N
 292.11 85247 36273.6 23856.5 18159.7
 111636 96.6076 25345.6 10784.9 12492.2
 105348 31540.6 20.9623 5499.59 5050.76
 22306.5 29698.1 6813.43 4.5283 2279.1
 1248.98 4237.06 2912.65 668.23 223.968
 318670 102.41 77.4344 53.2302 16.3053
 2271 85381.7 19.9841 15.1104 13.569
 393.987 467.977 9855.35 2.30671 3.31037
 59618 108.628 96.7022 2036.5 1.16071
 40432.5 12680.4 13.3582 11.8916 250.575
 24958.7 8705.12 1597.77 1.68317 33.0717
 189607 7260.56 2002.47 367.541 7.99478
 126702 41773.5 957.979 264.211 49.5493
 30976.2 33849.1 8104.48 185.858 60.8727
 92490 4944.77 2344.64 561.376 17.0903
 416192 21101.9 699.67 331.759 81.8513
 29864.1 108219 3878.28 128.591 76.0168
 820413 9010.94 26781.8 959.787 50.6358
 342846 248074 2239.55 6656.29 251.128
 21976.9 101325 58899.6 531.732 1640.01
 618474 5941.89 20134 11703.7 431.54
 510449 182307 1403.41 4755.43 2866.22
 55724.1 151939 43907 337.998 1835.6
 245616 17978.1 42989.7 12423 614.999
 324256 76860.8 4785.56 11443.4 3470.58
 39492.4 103616 21334.3 1328.33 4139.68
 467692 13002.1 30529.7 6285.99 1611.11
 220995 153563 3810.31 8946.82 2314.27
 19177.8 73416 46067.7 1143.06 3378.25
 9673.82 6379.56 22083.6 13857.2 1360.02
 378744 2852.94 1508.26 5221.01 3597.66
pred_Ctot
 18.8129 10516.4 4474.87 2943.04 2240.25
 16727 26.137 6857.21 2917.83 3379.75
 15903.9 8590.7 5.7095 1497.92 1375.67
 7190.86 15250 3498.71 2.32529 1170.32
 688.145 3120.29 2144.96 492.103 164.936
 56155.5 31.9833 24.1832 16.6241 5.09224
 661.552 40546.1 9.49008 7.17563 6.44367
 63.8742 135.811 2860.11 0.669427 0.9607
 16614.2 49.8122 44.3437 933.855 0.532253
 11067.8 5732.43 6.03883 5.37587 113.278
 3364.94 2141.57 393.072 0.414082 8.13605
 50105 3190.79 880.022 161.523 3.51345
 22505.6 13137.2 301.271 83.0908 15.5826
 11844.5 19704.1 4717.74 108.19 35.4349
 23079.1 2074.22 983.523 235.485 7.16902
 79334 7056.01 233.954 110.933 27.3693
 3449.69 23119.4 828.536 27.4716 16.2398
 93827.2 1907.45 5669.23 203.169 10.7187
 43381.8 57610.6 520.096 1545.8 58.3198
 3775.47 30946.8 17989.2 162.402 500.894
 79110 1393.58 4722.12 2744.93 101.211
 62663.4 41183.3 317.031 1074.25 647.48
 4379.66 22654.2 6546.55 50.3956 273.689
 23498.9 3224.99 7711.69 2228.5 110.321
 27238.5 12203.2 759.805 1816.87 551.025
 2646.59 13277.4 2733.77 170.212 530.457
 32070.4 1702.98 3998.69 823.319 211.018
 13659.6 18213.2 451.919 1061.13 274.482
 1170.38 8601.9 5397.6 133.929 395.818
 1234.9 1493.48 5169.87 3244.04 318.386
 37097.5 523.128 276.56 957.346 659.682
F
 0.106474 0.212948 0.212948 0.212948 0.212948
 0.263966 0.527932 0.527932 0.527932 0.527932
 0.266189 0.532379 0.532379 0.532379 0.532379
 0.661009 1.32202 1.32202 1.32202 1.32202
 1.5011 3.00219 3.00219 3.00219 3.00219
 0.317025 0.634049 0.634049 0.634049 0.634049
 0.579559 1.15912 1.15912 1.15912 1.15912
 0.288391 0.576781 0.576781 0.576781 0.576781
 0.5479 1.0958 1.0958 1.0958 1.0958
 0.535723 1.07145 1.07145 1.07145 1.07145
 0.234765 0.469531 0.469531 0.469531 0.469531
 0.512693 1.02539 1.02539 1.02539 1.02539
 0.319923 0.639845 0.639845 0.639845 0.639845
 0.834891 1.66978 1.66978 1.66978 1.66978
 0.477738 0.955476 0.955476 0.955476 0.955476
 0.346985 0.69397 0.69397 0.69397 0.69397
 0.198218 0.396436 0.396436 0.396436 0.396436
 0.196081 0.392163 0.392163 0.392163 0.392163
 0.218946 0.437892 0.437892 0.437892 0.437892
 0.307963 0.615926 0.615926 0.615926 0.615926
 0.221561 0.443123 0.443123 0.443123 0.443123
 0.211811 0.423621 0.423621 0.423621 0.423621
 0.13126 0.26252 0.26252 0.26252 0.26252
 0.161775 0.32355 0.32355 0.32355 0.32355
 0.140839 0.281678 0.281678 0.281678 0.281678
 0.110997 0.221995 0.221995 0.221995 0.221995
 0.113701 0.227402 0.227402 0.227402 0.227402
 0.101998 0.203997 0.203997 0.203997 0.203997
 0.100653 0.201306 0.201306 0.201306 0.201306
 0.221072 0.442144 0.442144 0.442144 0.442144
 0.1659 0.3318 0.3318 0.3318 0.3318
YTP_r0W_actual
 315329 8526.98 7992.58 33315.6 25199.8
YTP_p0W_proyectada
 407815 825287 7638.05 5094.97 25693.7
CTP_r0_actual
 37097.5 523.128 276.56 957.346 659.682
CTP_p0_proyectada
 54230.7 51196.5 326.692 172.711 755.696
Wmedp
 7.52 16.12 23.38 29.5 34
Frms_r0
 0.1659 0.3318 0.3318 0.3318 0.3318
Zrms_r0
 1.1659 1.3318 1.3318 1.3318 1.3318
nmprior
 8.19 8.8 8.5 0
nm_flota  nm_reclas  nm_pelaces    nm_pelaL
inf 6.76516 3.77933 5.63169
cv_recla  cv_pelaces  cv_mph
0.747746 0.853339 1.51193
 ------------------------------------------------
Talla a la edad & desviaci?n 
 8 13.2811 15.8009 17.003 17.5766
 0.8 1.32811 1.58009 1.7003 1.75766
