years
 1991 1992 1993 1994 1995 1996 1997 1998 1999 2000 2001 2002 2003 2004 2005 2006 2007 2008 2009 2010 2011 2012 2013 2014 2015 2016 2017 2018 2019 2020 2021
reclasobs
 0 0 0 0 0 0 0 0 0 252601 567819 844713 477998 351125 339783 2.1784e+06 2.13404e+06 4.81314e+06 1.55562e+06 2.62356e+06 3.21686e+06 3.843e+06 1.13348e+06 3.07943e+06 1.97215e+06 2.03268e+06 2.025e+06 2.42433e+06 2.27542e+06 1.05018e+06 2.36338e+06
reclaspred
 5.13505e+06 3.00178e+06 1.54882e+06 2.02338e+06 2.48298e+06 3.52517e+06 2.59031e+06 2.20812e+06 1.48721e+06 998840 778982 845242 813129 670717 701671 1.46305e+06 1.65644e+06 3.09681e+06 2.72261e+06 2.10658e+06 3.68942e+06 2.95614e+06 2.57166e+06 3.64986e+06 2.89586e+06 2.67293e+06 2.96035e+06 2.95463e+06 2.69401e+06 1.85807e+06 2.62388e+06
pelacesobs
 0 0 0 0 0 0 0 0 0 0 0 0 0 0 0 552880 188675 0 991730 2.46772e+06 1.41603e+06 1.21717e+06 2.29649e+06 1.80582e+06 0 1.4828e+06 1.56532e+06 1.57751e+06 1.42118e+06 867257 1.10002e+06
pelacespred
 2.45222e+06 1.60343e+06 843368 926752 1.11735e+06 1.67739e+06 1.25071e+06 1.17847e+06 819301 529207 428652 374947 385806 340937 368908 636941 696431 1.49028e+06 1.36541e+06 985667 1.63238e+06 1.4639e+06 1.23771e+06 1.93642e+06 1.48445e+06 1.34914e+06 1.71643e+06 1.71427e+06 1.24672e+06 972967 1.42832e+06
mphobs
 0 0 0 0 0 0 0 0 0 0 0 498337 0 5186 125008 0 168611 109162 213762 579715 649985 157893 87575 83554 0 0 0 0 0 0 0
mphpred
 4.62715e+06 3.15727e+06 1.65409e+06 924430 1.56799e+06 1.96506e+06 2.42032e+06 1.71269e+06 1.38501e+06 904343 549122 558945 529868 456016 341472 450681 1.1277e+06 1.18275e+06 1.9899e+06 1.57501e+06 1.74902e+06 2.14642e+06 1.99637e+06 1.75102e+06 2.36701e+06 1.97375e+06 1.6967e+06 1.75e+06 2.29112e+06 1.64362e+06 1.1282e+06
desembarqueobs
 494567 514787 250237 358949 120608 361735 552515 73892 212993 205616 52469 317467 293654 387597 252695 516296 358380 742168 942051 627588 828172 859565 418607 520667 417249 300574 415391 372974 316634 284311 391294
desembarquepred
 494574 512501 251670 358958 120609 361751 552608 73894.5 213047 205677 52471.9 317587 293749 387722 252717 516323 358420 742137 942025 627565 828304 859704 418642 520711 417275 300589 415412 372981 316647 284334 391305
Reclutas
 259119 153444 143401 473973 364177 464726 192453 91603.3 68177.2 81154.1 123632 158484 142527 105455 112101 490671 140721 718645 478309 368096 526183 686219 179344 443106 385676 190713 380813 403876 148485 122833 423962
log_desv_Rt
 0.0972518 -0.426702 -0.494388 0.701116 0.437604 0.681413 -0.200183 -0.942568 -1.23793 -1.06368 -0.642723 -0.394384 -0.5005 -0.801752 -0.740636 0.735739 -0.513254 1.11733 0.710222 0.448309 0.805614 1.07116 -0.270728 0.633774 0.494963 -0.209267 0.482274 0.541074 -0.45955 -0.649213 0.58961
SSB
 4.62715e+06 3.15727e+06 1.65409e+06 924430 1.56799e+06 1.96506e+06 2.42032e+06 1.71269e+06 1.38501e+06 904343 549122 558945 529868 456016 341472 450681 1.1277e+06 1.18275e+06 1.9899e+06 1.57501e+06 1.74902e+06 2.14642e+06 1.99637e+06 1.75102e+06 2.36701e+06 1.97375e+06 1.6967e+06 1.75e+06 2.29112e+06 1.64362e+06 1.1282e+06
BT
 6.13082e+06 4.24578e+06 2.21811e+06 2.58176e+06 2.76368e+06 4.38539e+06 3.43164e+06 2.87182e+06 2.15093e+06 1.45903e+06 1.08344e+06 1.18315e+06 1.21036e+06 1.24397e+06 1.17232e+06 2.02709e+06 1.9427e+06 4.38181e+06 4.22284e+06 2.9226e+06 4.69775e+06 4.34099e+06 3.31421e+06 5.28737e+06 3.91675e+06 3.49911e+06 4.65905e+06 4.59496e+06 3.18179e+06 2.57472e+06 3.93821e+06
Ftot
 0.0901871 0.159381 0.151349 0.157098 0.044638 0.093019 0.197077 0.031162 0.13214 0.188978 0.0610225 0.333286 0.32034 0.498903 0.312115 0.302225 0.197015 0.209853 0.307903 0.26629 0.200645 0.259052 0.149703 0.12693 0.131678 0.103331 0.125364 0.112449 0.10986 0.141084 0.131217
BD_Bspro_t
 0.985674 0.891835 0.774991 0.711607 0.776547 0.835008 0.825786 0.738501 0.768547 0.727706 0.684071 0.762743 0.633403 0.547447 0.457957 0.524036 0.63509 0.631656 0.688839 0.605515 0.584672 0.629488 0.639117 0.646209 0.73794 0.747192 0.760857 0.786763 0.816359 0.766802 0.727147
BD_Bspro
 2.75739 1.88146 0.985694 0.550881 0.934387 1.17101 1.4423 1.02062 0.825346 0.538911 0.32723 0.333083 0.315756 0.271746 0.203488 0.268567 0.672011 0.704818 1.18581 0.93857 1.04227 1.27908 1.18966 1.04346 1.41054 1.17619 1.01109 1.04285 1.36531 0.979457 0.672308
BD_Bo
 1.96282 1.3393 0.701657 0.39214 0.665135 0.833571 1.02669 0.726518 0.587515 0.383619 0.232936 0.237102 0.224768 0.19344 0.144851 0.191177 0.478365 0.501719 0.844109 0.668113 0.741927 0.910501 0.846851 0.742778 1.00408 0.837258 0.719733 0.742343 0.971884 0.697218 0.478577
BD_Brms
 14.5539 9.93063 5.20263 2.90763 4.93183 6.18074 7.61269 5.38697 4.35629 2.84445 1.72717 1.75806 1.6666 1.43431 1.07404 1.41754 3.54697 3.72013 6.25888 4.95391 5.50123 6.75117 6.27922 5.50753 7.44501 6.20808 5.33666 5.50431 7.2063 5.16971 3.54854
Sel_flota
 0.931951 1 1 1 1
 0.931951 1 1 1 1
 0.931951 1 1 1 1
 0.931951 1 1 1 1
 0.931951 1 1 1 1
 0.931951 1 1 1 1
 0.931951 1 1 1 1
 0.931951 1 1 1 1
 0.931951 1 1 1 1
 0.931951 1 1 1 1
 0.931951 1 1 1 1
 0.931951 1 1 1 1
 0.931951 1 1 1 1
 0.931951 1 1 1 1
 0.931951 1 1 1 1
 0.931951 1 1 1 1
 0.931951 1 1 1 1
 0.931951 1 1 1 1
 0.931951 1 1 1 1
 0.931951 1 1 1 1
 0.931951 1 1 1 1
 0.931951 1 1 1 1
 0.931951 1 1 1 1
 0.931951 1 1 1 1
 0.931951 1 1 1 1
 0.931951 1 1 1 1
 0.931951 1 1 1 1
 0.931951 1 1 1 1
 0.931951 1 1 1 1
 0.931951 1 1 1 1
 0.931951 1 1 1 1
Sel_reclas
 0.829087 1 1 1 1
 0.829087 1 1 1 1
 0.829087 1 1 1 1
 0.829087 1 1 1 1
 0.829087 1 1 1 1
 0.829087 1 1 1 1
 0.829087 1 1 1 1
 0.829087 1 1 1 1
 0.829087 1 1 1 1
 0.829087 1 1 1 1
 0.829087 1 1 1 1
 0.829087 1 1 1 1
 0.829087 1 1 1 1
 0.829087 1 1 1 1
 0.829087 1 1 1 1
 0.829087 1 1 1 1
 0.829087 1 1 1 1
 0.829087 1 1 1 1
 0.829087 1 1 1 1
 0.829087 1 1 1 1
 0.829087 1 1 1 1
 0.829087 1 1 1 1
 0.829087 1 1 1 1
 0.829087 1 1 1 1
 0.829087 1 1 1 1
 0.829087 1 1 1 1
 0.829087 1 1 1 1
 0.829087 1 1 1 1
 0.829087 1 1 1 1
 0.829087 1 1 1 1
 0.829087 1 1 1 1
Sel_pelaces
 0.882952 1 1 1 1
 0.882952 1 1 1 1
 0.882952 1 1 1 1
 0.882952 1 1 1 1
 0.882952 1 1 1 1
 0.882952 1 1 1 1
 0.882952 1 1 1 1
 0.882952 1 1 1 1
 0.882952 1 1 1 1
 0.882952 1 1 1 1
 0.882952 1 1 1 1
 0.882952 1 1 1 1
 0.882952 1 1 1 1
 0.882952 1 1 1 1
 0.882952 1 1 1 1
 0.882952 1 1 1 1
 0.882952 1 1 1 1
 0.882952 1 1 1 1
 0.882952 1 1 1 1
 0.882952 1 1 1 1
 0.882952 1 1 1 1
 0.882952 1 1 1 1
 0.882952 1 1 1 1
 0.882952 1 1 1 1
 0.882952 1 1 1 1
 0.882952 1 1 1 1
 0.882952 1 1 1 1
 0.882952 1 1 1 1
 0.882952 1 1 1 1
 0.882952 1 1 1 1
 0.882952 1 1 1 1
pf_obs 
 0.8446 0.082 0.0669 0.0065 0
 0.8095 0.147 0.0364 0.0071 0
 0.9664 0.0169 0.016 0.0007 0
 0.9276 0.0648 0.0075 0.0001 0
 0.7033 0.2144 0.0806 0.0017 0
 0.9318 0.0425 0.0243 0.0014 0
 0.5671 0.3108 0.0964 0.0239 0.0018
 0.0768 0.2599 0.5324 0.112 0.0189
 0.490249 0.384438 0.106611 0.0170017 0.00170017
 0.7925 0.1577 0.0466 0.003 0.0002
 0.840416 0.127587 0.0312969 0.00059994 9.999e-05
 0.8084 0.0986 0.0794 0.0134 0.0002
 0.7335 0.1905 0.0724 0.0035 0.0001
 0.4001 0.4547 0.1325 0.0127 0
 0.49795 0.308269 0.164784 0.0264974 0.00249975
 0.9179 0.0499 0.0305 0.0017 0
 0.2467 0.6533 0.0926 0.0074 0
 0.9418 0.0223 0.034 0.0019 0
 0.707729 0.231977 0.0356964 0.0245975 0
 0.517169 0.277429 0.184464 0.0207286 0.00020938
 0.811772 0.124168 0.05621 0.00726502 0.000585176
 0.764997 0.148141 0.077277 0.00933861 0.000247198
 0.163321 0.427699 0.378323 0.0303852 0.000271297
 0.753843 0.0900009 0.118128 0.0371064 0.000921714
 0.721811 0.176058 0.0630433 0.0369309 0.00215725
 0.143369 0.312575 0.442814 0.0836902 0.0175525
 0.692698 0.0596174 0.167031 0.0765114 0.00414204
 0.394062 0.376323 0.152708 0.0712218 0.00568511
 0.125707 0.32114 0.495352 0.0537591 0.00404204
 0.23352 0.215282 0.420074 0.123614 0.00750983
 0.796117 0.104755 0.0508955 0.0450114 0.00322123
pf_pred 
 0.463539 0.0935655 0.422888 0.0200068 7.27356e-07
 0.441327 0.269283 0.0504733 0.228124 0.0107929
 0.559426 0.202826 0.114596 0.0214793 0.101673
 0.848463 0.0876198 0.0294254 0.0166252 0.0178665
 0.6594 0.292262 0.0279497 0.00938636 0.0110024
 0.695326 0.205788 0.0848523 0.00811463 0.00591948
 0.449839 0.391062 0.107461 0.0443093 0.00732851
 0.404978 0.279261 0.224448 0.0616765 0.0296372
 0.451405 0.23171 0.148723 0.119532 0.04863
 0.617177 0.180017 0.0856591 0.0549802 0.0621664
 0.745532 0.161705 0.0436205 0.0207563 0.0283862
 0.724729 0.208962 0.0421368 0.0113665 0.0128054
 0.699125 0.223013 0.0591065 0.0119187 0.00683721
 0.647089 0.252836 0.0741769 0.0196596 0.00623845
 0.742699 0.171798 0.0612571 0.0179716 0.00627457
 0.918955 0.0614568 0.0130792 0.00466359 0.00184589
 0.472414 0.487974 0.0300375 0.00639257 0.00318156
 0.884953 0.0566036 0.0540549 0.00332738 0.00106057
 0.648583 0.31373 0.0185423 0.0177074 0.00143741
 0.635815 0.243018 0.108172 0.00639328 0.00660102
 0.753345 0.161422 0.0568756 0.0253164 0.00304116
 0.754856 0.188188 0.0372746 0.0131333 0.00654814
 0.394424 0.46602 0.107132 0.0212197 0.0112043
 0.748829 0.103694 0.113491 0.02609 0.00789629
 0.655177 0.263023 0.0337705 0.0369611 0.0110685
 0.488385 0.343851 0.127966 0.01643 0.0233674
 0.739174 0.132249 0.0864154 0.03216 0.0100017
 0.695344 0.229549 0.0380821 0.024884 0.0121408
 0.424499 0.409178 0.125319 0.0207905 0.0202133
 0.50793 0.217933 0.19491 0.0596953 0.0195319
 0.840616 0.0839869 0.0333927 0.0298651 0.0121396
pobs_RECLAS
 0 0 0 0 0
 0 0 0 0 0
 0 0 0 0 0
 0 0 0 0 0
 0 0 0 0 0
 0 0 0 0 0
 0 0 0 0 0
 0 0 0 0 0
 0 0 0 0 0
 0 0 0 0 0
 0.991045 0.00858322 0.000360255 1.14367e-05 0
 0.934742 0.0480273 0.0164251 0.00080598 0
 0.827803 0.169806 0.00239088 0 0
 0.941827 0.0461693 0.0120037 0 0
 0.791401 0.0380133 0.147996 0.0225897 0
 0.846168 0.0940531 0.0597789 0 0
 0.134021 0.677848 0.182769 0.00536245 0
 0.80878 0.0450904 0.141981 0.00414843 0
 0.846168 0.0940531 0.0597789 0 0
 0.905697 0.0802665 0.012482 0.00150086 5.37128e-05
 0.989698 0.0102097 9.19794e-05 0 0
 0.975433 0.0193895 0.00387452 0.00125025 5.28907e-05
 0.303575 0.632131 0.0575291 0.00676475 0
 0.966965 0.00978017 0.0227588 0.000495775 0
 0.843318 0.132988 0.00938335 0.0141283 0.000182051
 0.564624 0.303363 0.111486 0.0197234 0.00080311
 0.826376 0.0876187 0.0782897 0.00655872 0.00115652
 0.89761 0.0855135 0.0140674 0.00269457 0.000114338
 0.34875 0.467042 0.161289 0.0227151 0.000203297
 0.318654 0.224769 0.449479 0.00709798 0
 0.937255 0.0296025 0.0250945 0.00804832 0
ppred_RECLAS
 0.434747 0.0985873 0.445585 0.0210806 7.66395e-07
 0.412967 0.282953 0.0530354 0.239704 0.0113408
 0.530672 0.216064 0.122075 0.0228812 0.108309
 0.832945 0.0965923 0.0324386 0.0183276 0.0196961
 0.632725 0.315151 0.0301386 0.0101215 0.0118641
 0.670124 0.22281 0.091871 0.00878584 0.00640911
 0.421413 0.411268 0.113013 0.0465987 0.00770716
 0.377179 0.292308 0.234934 0.064558 0.0310218
 0.422841 0.243775 0.156467 0.125756 0.051162
 0.589493 0.193035 0.0918537 0.0589562 0.066662
 0.722787 0.176159 0.0475194 0.0226116 0.0309234
 0.701304 0.226744 0.0457225 0.0123338 0.0138951
 0.674475 0.241284 0.063949 0.0128952 0.00739737
 0.620898 0.2716 0.079682 0.0211186 0.00670144
 0.720175 0.186837 0.0666194 0.0195448 0.00682383
 0.909983 0.0682599 0.0145271 0.00517984 0.00205023
 0.443712 0.514521 0.0316716 0.00674035 0.00335465
 0.872655 0.0626545 0.0598333 0.00368307 0.00117394
 0.622005 0.337458 0.0199447 0.0190467 0.00154613
 0.60877 0.261066 0.116205 0.00686807 0.00709123
 0.731236 0.175891 0.0619735 0.0275856 0.00331375
 0.732926 0.205023 0.0406091 0.0143082 0.00713393
 0.367082 0.487061 0.111969 0.0221778 0.0117102
 0.726357 0.112971 0.123645 0.0284244 0.00860279
 0.62849 0.283379 0.0363841 0.0398217 0.0119251
 0.459392 0.363337 0.135218 0.0173611 0.0246916
 0.716163 0.143916 0.0940393 0.0349973 0.0108841
 0.670172 0.248515 0.0412287 0.0269401 0.013144
 0.396371 0.429177 0.131444 0.0218066 0.0212012
 0.478927 0.230778 0.206398 0.0632138 0.0206832
 0.824434 0.0925136 0.0367829 0.0328971 0.0133721
pobs_PELACES
 0 0 0 0 0
 0 0 0 0 0
 0 0 0 0 0
 0 0 0 0 0
 0 0 0 0 0
 0 0 0 0 0
 0 0 0 0 0
 0 0 0 0 0
 0 0 0 0 0
 0 0 0 0 0
 0 0 0 0 0
 0 0 0 0 0
 0 0 0 0 0
 0 0 0 0 0
 0 0 0 0 0
 0 0 0 0 0
 0.505614 0.472636 0.0217494 0 0
 0 0 0 0 0
 0.443492 0.261883 0.143347 0.151278 0
 0.227955 0.32914 0.350689 0.0885471 0.00366901
 0.970185 0.0296113 0.000203453 0 0
 0.997202 0.00247181 0.000326279 0 0
 0.445219 0.490057 0.0546422 0.010081 0
 0.90214 0.0892962 0.00764917 0.000914606 0
 0 0 0 0 0
 0.581667 0.319106 0.0959925 0.00289975 0.000334073
 0.762889 0.0836404 0.116647 0.0363945 0.000428098
 0.88444 0.0763242 0.0277011 0.0115352 0
 0.521256 0.241999 0.230069 0.00667565 0
 0.616807 0.101726 0.260614 0.0208532 0
 0.833518 0.0704572 0.0857862 0.0102388 0
ppred_PELACES
 0.450775 0.0957918 0.43295 0.0204828 7.44663e-07
 0.429182 0.275137 0.0515705 0.233083 0.0110275
 0.547156 0.208475 0.117787 0.0220775 0.104505
 0.841991 0.0913618 0.0306821 0.0173352 0.0186296
 0.647455 0.302511 0.0289298 0.00971552 0.0113883
 0.684338 0.213209 0.0879123 0.00840726 0.00613295
 0.437921 0.399534 0.109789 0.0452692 0.00748727
 0.392243 0.285238 0.229251 0.0629966 0.0302715
 0.439003 0.236949 0.152085 0.122234 0.0497294
 0.605649 0.185438 0.0882387 0.0566359 0.0640385
 0.735487 0.168088 0.0453423 0.0215757 0.0295067
 0.715846 0.215706 0.0434966 0.0117333 0.0132187
 0.689682 0.230012 0.0609615 0.0122928 0.00705179
 0.638188 0.259213 0.0760477 0.0201554 0.00639579
 0.734053 0.17757 0.0633154 0.0185754 0.0064854
 0.915534 0.0640505 0.0136312 0.00486042 0.0019238
 0.460398 0.499088 0.0307216 0.00653817 0.00325403
 0.879986 0.0590475 0.0563888 0.00347104 0.00110636
 0.638285 0.322924 0.0190857 0.0182264 0.00147954
 0.625057 0.250197 0.111368 0.00658214 0.00679602
 0.744284 0.167352 0.0589649 0.0262464 0.00315288
 0.746169 0.194857 0.0385955 0.0135988 0.0067802
 0.382619 0.475105 0.10922 0.0216334 0.0114227
 0.739238 0.107653 0.117825 0.0270863 0.00819783
 0.643743 0.271745 0.0348903 0.0381867 0.0114355
 0.475638 0.352418 0.131154 0.0168394 0.0239496
 0.729338 0.137236 0.0896742 0.0333727 0.0103789
 0.684479 0.237735 0.0394402 0.0257715 0.0125738
 0.412123 0.417978 0.128014 0.0212376 0.0206479
 0.495443 0.223463 0.199856 0.0612102 0.0200276
 0.833769 0.0875949 0.0348273 0.0311481 0.0126611
pobs_pel_tallas
 0 0 0 0 0 0 0 0 0 0 0 0 0 0 0 0 0 0 0 0 0 0 0 0 0 0
 0 0 0 0 0 0 0 0 0 0 0 0 0 0 0 0 0 0 0 0 0 0 0 0 0 0
 0 0 0 0 0 0 0 0 0 0 0 0 0 0 0 0 0 0 0 0 0 0 0 0 0 0
 0 0 0 0 0 0 0 0 0 0 0 0 0 0 0 0 0 0 0 0 0 0 0 0 0 0
 0 0 0 0 0 0 0 0 0 0 0 0 0 0 0 0 0 0 0 0 0 0 0 0 0 0
 0 0 0 0 0 0 0 0 0 0 0 0 0 0 0 0 0 0 0 0 0 0 0 0 0 0
 0 0 0 0 0 0 0 0 0 0 0 0 0 0 0 0 0 0 0 0 0 0 0 0 0 0
 0 0 0 0 0 0 0 0 0 0 0 0 0 0 0 0 0 0 0 0 0 0 0 0 0 0
 0 0 0 0 0 0 0 0 0 0 0 0 0 0 0 0 0 0 0 0 0 0 0 0 0 0
 0 0 0 0 0 0 0 0 0 0 0 0 0 0 0 0 0 0 0 0 0 0 0 0 0 0
 0 0 0 0 0 0 0 0 0 0 0 0 0 0 0 0 0 0 0 0 0 0 0 0 0 0
 0 0 0 0 0 0 0 0 0 0 0 0 0 0 0 0 0 0 0 0 0 0 0 0 0 0
 0.00862536 0 0 0.000197151 0.00414017 0.0128641 0.00837892 0.0270097 0.101434 0.158115 0.152841 0.127902 0.109271 0.109419 0.0830992 0.0579132 0.0238553 0.00714673 0.00463305 0.00128148 0.00103504 0.000492878 0.000147863 0.000147863 4.92878e-05 0
 0 0 0 0 0 0 0 0 0 0 0 0 0 0 0 0 0 0 0 0 0 0 0 0 0 0
 0 0 0 0 0 0 0 0.0054083 0.00873648 0.0413646 0.0450493 0.0745869 0.0622846 0.0627006 0.0613931 0.0827291 0.12552 0.122667 0.0946155 0.0697135 0.0546179 0.0294188 0.0215738 0.0213955 0.0102223 0.00600262
 0 0 0 0 0.00359764 0.0251062 0.0480494 0.140153 0.205849 0.193036 0.1447 0.116669 0.0760912 0.0342217 0.00950174 0.001854 0.000860785 0 0 0 0.000165536 0 0.000143464 0 0 0
 0 0 0 0 0 0 0 0.000145254 0.000435761 0.0275982 0.070085 0.0708112 0.156366 0.174668 0.174014 0.160142 0.0824315 0.0480064 0.0283245 0.00493863 0.00203355 0 0 0 0 0
 0 0 0 0 0 0 0 0 0 0 0 0 0 0 0 0 0 0 0 0 0 0 0 0 0 0
 0 0 1.00437e-05 0.000401748 0.00122533 0.00171747 0.00176769 0.0269171 0.070346 0.194647 0.189555 0.159765 0.064822 0.0314167 0.0384472 0.0292271 0.0345202 0.0313363 0.0194345 0.0106764 0.0143323 0.0359363 0.0279516 0.0138201 0.00172751 0
 0 0.0021121 0.0136068 0.0755702 0.200478 0.177729 0.0527432 0.0373336 0.0318909 0.0142505 0.0149659 0.0166563 0.0217959 0.0798694 0.0677717 0.0528807 0.04013 0.0224614 0.0357745 0.0225083 0.00881397 0.00855152 0.00135912 0.000746735 0 0
 0 0 0 0 5.4009e-05 0.00500934 0.000945158 0.0243581 0.138947 0.33067 0.221406 0.137944 0.0707744 0.0437923 0.0131692 0.00525238 0.0047753 0.00276346 9.45158e-05 9.00151e-06 2.25038e-05 9.00151e-06 4.50075e-06 0 0 0
 0.000866109 0.00284123 0.00948549 0.0512746 0.133035 0.25785 0.225252 0.132002 0.0553304 0.0519788 0.0540692 0.017754 0.00435017 0.00159236 0.00146478 0.000404838 0.000125132 0.000115318 0.000107957 0.000100596 0 0 0 0 0 0
 0 0 0 0 0.00144013 0.00171154 0.00461396 0.0210425 0.0478622 0.0707936 0.0888783 0.103762 0.0637923 0.0337046 0.0602308 0.124433 0.169614 0.0934646 0.0462172 0.0250306 0.0313229 0.00938855 0.002487 0.000210481 0 0
 0 0.00764035 0.051015 0.0998891 0.058973 0.0496711 0.0374665 0.0718981 0.12319 0.153886 0.159021 0.0857701 0.0377988 0.023471 0.0147837 0.00900784 0.00315554 0.000888139 0.00291439 0.00214683 0.00393193 0.00274676 0.000635225 9.99891e-05 0 0
 0 0 0 0 0 0 0 0 0 0 0 0 0 0 0 0 0 0 0 0 0 0 0 0 0 0
 0 0 0 0 0 0 0 0 0 0 0 0 0 0 0 0 0 0 0 0 0 0 0 0 0 0
 0 0 0 0 0 0 0 0 0 0 0 0 0 0 0 0 0 0 0 0 0 0 0 0 0 0
 0 0 0 0 0 0 0 0 0 0 0 0 0 0 0 0 0 0 0 0 0 0 0 0 0 0
 0 0 0 0 0 0 0 0 0 0 0 0 0 0 0 0 0 0 0 0 0 0 0 0 0 0
 0 0 0 0 0 0 0 0 0 0 0 0 0 0 0 0 0 0 0 0 0 0 0 0 0 0
 0 0 0 0 0 0 0 0 0 0 0 0 0 0 0 0 0 0 0 0 0 0 0 0 0 0
ppred_pel_tallas
 1.14573e-16 3.71298e-05 0.000360914 0.0023984 0.0109028 0.0339227 0.0722763 0.105491 0.105501 0.0723249 0.0340878 0.011388 0.00364761 0.0031913 0.00571472 0.0101747 0.0164779 0.024508 0.0340244 0.0446822 0.0558288 0.0661647 0.073704 0.0763621 0.072946 0.0638819
 1.268e-16 3.53512e-05 0.000343627 0.00228352 0.0103806 0.032298 0.0688152 0.100443 0.10047 0.0689453 0.0327352 0.0116451 0.00546372 0.00730768 0.0133292 0.0221713 0.0324223 0.0418944 0.0484936 0.051536 0.0522618 0.0529673 0.0553704 0.0594553 0.0635497 0.0653821
 1.23352e-16 4.50685e-05 0.000438082 0.00291121 0.013234 0.0411759 0.0877303 0.128049 0.128069 0.0878293 0.0415089 0.0141982 0.00533979 0.00576762 0.0102505 0.0170989 0.0251674 0.0328236 0.0384686 0.0414819 0.0426041 0.0433456 0.0448789 0.0472886 0.0496434 0.0506518
 1.058e-16 6.93537e-05 0.000674143 0.00447992 0.0203651 0.0633633 0.135003 0.197042 0.197051 0.135046 0.0635085 0.020785 0.00553599 0.00298594 0.00447911 0.00734699 0.0107029 0.0137353 0.0156786 0.0162135 0.0156587 0.014732 0.0140671 0.0138647 0.0138898 0.0137228
 1.03814e-16 5.33301e-05 0.000518388 0.00344487 0.0156599 0.0487239 0.103813 0.151523 0.151553 0.103955 0.0492019 0.0170402 0.0069086 0.00807678 0.0143995 0.0236992 0.0340851 0.042764 0.0469316 0.0453106 0.0389238 0.0304177 0.022494 0.0166597 0.0130124 0.0108311
 1.04473e-16 5.63681e-05 0.000547918 0.00364111 0.016552 0.0514994 0.109726 0.160152 0.160173 0.109827 0.0518384 0.0175324 0.00610644 0.00594411 0.0103467 0.0171255 0.0249188 0.0318651 0.0360855 0.0366837 0.0342197 0.0302157 0.0261263 0.0226161 0.0195767 0.0166247
 1.09078e-16 3.6071e-05 0.000350623 0.00233002 0.0105919 0.0329557 0.070217 0.102492 0.10253 0.0704057 0.0335895 0.0124237 0.00693277 0.0104142 0.0191953 0.0317999 0.0460977 0.0585911 0.0657312 0.0658879 0.0602781 0.0520254 0.044143 0.0380471 0.0334825 0.0294515
 1.1813e-16 3.23086e-05 0.000314051 0.00208698 0.00948712 0.0295181 0.0628925 0.0917992 0.091827 0.0630285 0.0299758 0.0108131 0.00543096 0.00766567 0.0141469 0.0237375 0.0351359 0.0461791 0.0546535 0.0595277 0.0614285 0.0618747 0.0619424 0.0615149 0.0596204 0.0553671
 1.25124e-16 3.61601e-05 0.000351489 0.00233577 0.0106181 0.033037 0.0703896 0.10274 0.102764 0.0705024 0.0334166 0.0117176 0.00510781 0.0064434 0.0117273 0.019656 0.0290962 0.0382926 0.045521 0.0501255 0.0528928 0.0553273 0.0583966 0.0617669 0.064046 0.063692
 1.19111e-16 4.98865e-05 0.000484915 0.00322243 0.0146487 0.0455777 0.0971087 0.141737 0.141755 0.0971967 0.0458736 0.0155051 0.00537862 0.00521425 0.0090991 0.0151455 0.0222545 0.0289546 0.0338192 0.0363076 0.037106 0.0375906 0.03882 0.0408511 0.0428071 0.0434927
 1.08509e-16 6.05811e-05 0.00058887 0.00391325 0.0177891 0.0553485 0.117926 0.17212 0.172137 0.118006 0.0556152 0.0185601 0.00585105 0.00482706 0.00813372 0.0134159 0.0194789 0.0248445 0.0280648 0.0285189 0.0267906 0.0242469 0.0221535 0.0210162 0.0205402 0.0200528
 1.04725e-16 5.89633e-05 0.000573144 0.00380875 0.017314 0.0538704 0.114777 0.167525 0.167546 0.114879 0.0542121 0.018301 0.00628744 0.00598824 0.0103555 0.017059 0.0246468 0.0311633 0.0346588 0.0342458 0.0306206 0.0255647 0.0208413 0.0173491 0.0150282 0.0133246
 1.04245e-16 5.68082e-05 0.000552196 0.00366954 0.0166812 0.0519015 0.110583 0.161403 0.161425 0.110691 0.0522662 0.0177352 0.00631742 0.00634007 0.0110712 0.0182711 0.026451 0.0335491 0.0374958 0.0373295 0.0337404 0.0285419 0.0235187 0.0195669 0.0166313 0.0142109
 1.05365e-16 5.25668e-05 0.000510968 0.00339556 0.0154357 0.0480265 0.102326 0.149354 0.149379 0.102449 0.0484377 0.0166245 0.00638271 0.00704266 0.012489 0.0206465 0.0299319 0.0380506 0.042691 0.0427797 0.0390838 0.0336076 0.0282977 0.024091 0.0208687 0.0180463
 1.04833e-16 6.0463e-05 0.000587722 0.00390562 0.0177544 0.0552406 0.117697 0.171785 0.171802 0.117781 0.0555228 0.0185702 0.00595649 0.00507534 0.00861443 0.0142277 0.0206828 0.0264174 0.0298751 0.0303363 0.0283131 0.0251263 0.0220232 0.0195471 0.0175376 0.0155604
 1.01223e-16 7.54113e-05 0.000733025 0.00487121 0.0221438 0.0688977 0.146794 0.214251 0.214258 0.146824 0.0689991 0.022437 0.00560749 0.00234174 0.00313481 0.00507415 0.00732844 0.00927176 0.0103219 0.0102135 0.00914903 0.00765023 0.0062325 0.00515707 0.00440685 0.00382616
 1.02221e-16 3.79225e-05 0.00036862 0.00244961 0.0111356 0.0346473 0.0738215 0.107755 0.107803 0.0740562 0.0354351 0.0134104 0.00815636 0.0128159 0.0236464 0.0389503 0.0559134 0.0699077 0.0762408 0.0727489 0.0611052 0.0457323 0.0312247 0.0202682 0.0132405 0.00912956
 1.02178e-16 7.24833e-05 0.000704564 0.00468207 0.021284 0.0662225 0.141094 0.205933 0.205938 0.141123 0.0663175 0.0215592 0.00537633 0.00223196 0.00300787 0.00494785 0.00732931 0.00964997 0.0114342 0.0124371 0.0127388 0.0125985 0.0122049 0.0115503 0.0105153 0.00904749
 1.02712e-16 5.25747e-05 0.000511045 0.00339608 0.0154381 0.0480338 0.102342 0.149378 0.149409 0.102494 0.0485436 0.0169102 0.00708948 0.00856784 0.0153366 0.0252268 0.0362329 0.0453543 0.0495771 0.0475292 0.0403168 0.0308049 0.0219358 0.0153768 0.0112729 0.00886996
 1.05089e-16 5.14852e-05 0.000500454 0.00332569 0.0151181 0.0470383 0.100221 0.14628 0.146305 0.100339 0.0474364 0.0162695 0.00622131 0.00684018 0.012146 0.0201392 0.0293332 0.0375651 0.0426363 0.0434876 0.0407507 0.0361696 0.0314054 0.0272095 0.0234603 0.0197504
 1.04911e-16 6.13057e-05 0.000595913 0.00396005 0.0180018 0.0560105 0.119337 0.174179 0.174195 0.119416 0.0562764 0.0187708 0.0058933 0.00482654 0.00812667 0.0134189 0.0195162 0.0249495 0.0282622 0.0287878 0.0270175 0.0241949 0.0214778 0.0193434 0.0175956 0.0157856
 1.03675e-16 6.1461e-05 0.000597422 0.00397008 0.0180474 0.0561524 0.119639 0.174621 0.17464 0.119731 0.0564609 0.0189389 0.00620895 0.00548839 0.00936077 0.0154059 0.0222534 0.0281278 0.0312629 0.0308517 0.0275168 0.0228618 0.0184767 0.0151765 0.01292 0.0112288
 1.07376e-16 3.15159e-05 0.000306346 0.00203578 0.00925438 0.0287941 0.0613505 0.0895524 0.0895983 0.0615746 0.0295468 0.0114294 0.00749867 0.0122429 0.0227337 0.0376184 0.0543866 0.0688098 0.0765815 0.0756992 0.067614 0.0561496 0.0451124 0.036481 0.0302344 0.0253636
 1.07532e-16 6.08901e-05 0.000591873 0.00393321 0.0178798 0.0556307 0.118527 0.172997 0.173007 0.118579 0.0558045 0.0183838 0.00520656 0.00339884 0.00547193 0.00915978 0.0136813 0.0182387 0.0220403 0.0246986 0.0263741 0.0274768 0.0281978 0.0283019 0.0273358 0.0250225
 1.06842e-16 5.30243e-05 0.000515415 0.00342511 0.0155701 0.0484445 0.103217 0.150654 0.15068 0.103345 0.0488743 0.0168118 0.00654256 0.00732277 0.0129878 0.0214066 0.0308828 0.0389594 0.0431869 0.0424836 0.0377986 0.0314688 0.025787 0.0218887 0.0196083 0.018086
 1.09617e-16 3.91778e-05 0.000380822 0.0025307 0.0115042 0.035794 0.0762642 0.111317 0.111351 0.0764309 0.0363541 0.0131235 0.00660168 0.00928905 0.01702 0.0282391 0.0410594 0.0524397 0.0592855 0.060152 0.0560376 0.0495549 0.0431936 0.0380765 0.0339499 0.0300116
 1.07727e-16 6.00747e-05 0.000583947 0.00388053 0.0176404 0.0548858 0.11694 0.170681 0.170694 0.117006 0.0551053 0.018276 0.00548213 0.00410012 0.00679673 0.0112964 0.0166334 0.021694 0.0253787 0.0271867 0.0274627 0.0270336 0.0265457 0.0260593 0.0251652 0.0234122
 1.05912e-16 5.63797e-05 0.000548031 0.00364186 0.0165554 0.05151 0.109748 0.160186 0.160209 0.10986 0.0518863 0.0176425 0.00637175 0.0065108 0.0113912 0.0187714 0.0271071 0.0342494 0.0380581 0.0375769 0.0336095 0.0281592 0.0231926 0.0196853 0.0175097 0.0159631
 1.09426e-16 3.39461e-05 0.000329968 0.00219276 0.00996797 0.0310143 0.0660807 0.0964552 0.0964956 0.0662781 0.0316776 0.0118853 0.00701094 0.0108663 0.0200979 0.0333126 0.0483143 0.0614498 0.0689989 0.0692308 0.0633771 0.0546609 0.046214 0.0395457 0.0344684 0.030041
 1.15353e-16 4.0809e-05 0.000396678 0.00263607 0.0119832 0.0372843 0.0794389 0.115948 0.11597 0.0795456 0.0376435 0.0130246 0.00526395 0.00617956 0.0111598 0.0187433 0.0278404 0.0367924 0.04391 0.0484032 0.0507257 0.0519596 0.0527839 0.052935 0.0515326 0.0478591
 1.06294e-16 6.86764e-05 0.000667559 0.00443617 0.0201662 0.0627445 0.133684 0.195118 0.195126 0.133726 0.062884 0.0205698 0.00545169 0.00289281 0.00431997 0.00710091 0.010387 0.0134219 0.0154976 0.0163274 0.016215 0.0158128 0.0156556 0.0158404 0.0160514 0.0158351
pSPR Fmed_Fpbrs
0.728345   0.184866 0.184866
Fs Fmed_Fpbrs
0.155461   1.005 1.005
SSBpbr Bo_Bmed_Bpbrs
2.3574e+06  1.59913e+06  317933 317933
Ro
235106
SPR SPRFo_SPRFmed_SPRFpbrs
1.67809e+06 1.22223e+06 310222
Fref
1.005
Nvult_r0
 285948 26837.1 10670.3 9543.07 3879.08
CTP_r0
 31157.7 3113 1237.71 1106.96 449.958
YTP_r0
391305
Np
 293765 42358.6 18585 1721.37 776.571
Nvult_p0
 251407 36654.6 16082.4 1489.57 671.998
CTP_p0
 121589 59863.5 5544.64 2204.52 2607.76
 121589 18373 8061.24 746.643 336.837
YTP_p0
 2.12998e+06 1.41839e+06
CBA_c0
1.9165e+06
log_Ro
12.1878
likeval ReclasPelacesDesembMPH_pf_preclas_ppelaces_ptallas_desvR_qrecl_qpela
 30.8563 17.9674 0.265346 0.00315749 243.234 124.523 98.4895 0 19.4591 0 0 1.33898 0 0 0
q_reclas_q_pelaces
1 1
M
1
N
 259119 48867.1 220865 10449.1 0.379881
 153444 87639.9 16426.9 74244.4 3512.63
 143401 48657.1 27490.9 5152.78 24390.8
 473973 45814.3 15385.9 8692.9 9341.99
 364177 150617 14403.9 4837.27 5670.12
 464726 128514 52990.1 5067.57 3696.7
 192453 156767 43078.3 17762.4 2937.81
 91603.3 58920.3 47355.5 13012.9 6253.05
 68177.2 32734.4 21010.5 16886.6 6870.1
 81154.1 22174.9 10551.7 6772.59 7657.79
 123632 25033.9 6752.97 3213.33 4394.52
 158484 42967.4 8664.28 2337.22 2633.09
 142527 42736.1 11326.6 2283.99 1310.22
 105455 38900 11412.5 3024.71 959.814
 112101 24369.4 8689.28 2549.26 890.044
 490671 30831.1 6561.47 2339.59 926.032
 140721 136199 8383.78 1784.23 888.008
 718645 43084.9 41144.9 2532.69 807.27
 478309 217412 12849.7 12271.1 996.115
 368096 132067 58785.4 3474.38 3587.28
 526183 105654 37226.3 16570.1 1990.51
 686219 160558 31802 11205.1 5586.75
 179344 198298 45586.2 9029.32 4767.6
 443106 57385.5 62807.3 14438.6 4369.91
 385676 144824 18594.4 20351.2 6094.44
 190713 125497 46704.4 5996.54 8528.51
 380813 63718.1 41635.4 15494.8 4818.89
 403876 124646 20678.7 13512.1 6592.5
 148485 133795 40977.7 6798.19 6609.45
 122833 49308.7 44099.7 13506.5 4419.23
 423962 39620.2 15752.8 14088.6 5726.76
pred_Ctot
 13295.3 2683.66 12129.3 573.838 0.0208622
 13551.6 8268.75 1549.86 7004.89 331.413
 12063.1 4373.61 2471.06 463.165 2192.41
 41295.7 4264.56 1432.17 809.166 869.585
 9412.11 4171.67 398.947 133.979 157.046
 24567 7270.82 2997.97 286.703 209.145
 20719.8 18012.6 4949.71 2040.91 337.555
 1661.39 1145.64 920.777 253.023 121.584
 5043.95 2589.11 1661.82 1335.64 543.386
 8403.75 2451.19 1166.37 748.635 846.484
 4340.56 941.465 253.963 120.846 165.267
 27431.4 7909.35 1594.9 430.23 484.693
 23824.4 7599.73 2014.2 406.159 232.995
 25735.2 10055.5 2950.08 781.877 248.108
 18312.7 4236.01 1510.41 443.123 154.712
 77899.1 5209.65 1108.72 395.329 156.475
 15145.9 15644.8 963.02 204.95 102.003
 81991.9 5244.39 5008.25 308.285 98.2627
 77201.4 37343.5 2207.11 2107.73 171.096
 52180.4 19944.1 8877.51 524.686 541.735
 57598.3 12341.8 4348.53 1935.61 232.518
 94887.4 23655.7 4685.51 1650.89 823.118
 14931.9 17642.3 4055.73 803.324 424.166
 31552.3 4369.18 4781.98 1099.32 332.714
 28438.5 11416.8 1465.84 1604.33 480.438
 11155.3 7853.95 2922.89 375.281 533.738
 26797.9 4794.53 3132.89 1165.92 362.602
 25618.8 8457.35 1403.07 916.811 447.308
 9210.99 8878.55 2719.24 451.122 438.597
 9669.63 4148.86 3710.57 1136.44 371.836
 31157.7 3113 1237.71 1106.96 449.958
F
 0.0840499 0.0901871 0.0901871 0.0901871 0.0901871
 0.148536 0.159381 0.159381 0.159381 0.159381
 0.141049 0.151349 0.151349 0.151349 0.151349
 0.146408 0.157098 0.157098 0.157098 0.157098
 0.0416004 0.044638 0.044638 0.044638 0.044638
 0.0866891 0.093019 0.093019 0.093019 0.093019
 0.183666 0.197077 0.197077 0.197077 0.197077
 0.0290414 0.031162 0.031162 0.031162 0.031162
 0.123148 0.13214 0.13214 0.13214 0.13214
 0.176119 0.188978 0.188978 0.188978 0.188978
 0.05687 0.0610225 0.0610225 0.0610225 0.0610225
 0.310606 0.333286 0.333286 0.333286 0.333286
 0.298541 0.32034 0.32034 0.32034 0.32034
 0.464953 0.498903 0.498903 0.498903 0.498903
 0.290876 0.312115 0.312115 0.312115 0.312115
 0.281658 0.302225 0.302225 0.302225 0.302225
 0.183608 0.197015 0.197015 0.197015 0.197015
 0.195572 0.209853 0.209853 0.209853 0.209853
 0.28695 0.307903 0.307903 0.307903 0.307903
 0.248169 0.26629 0.26629 0.26629 0.26629
 0.186992 0.200645 0.200645 0.200645 0.200645
 0.241423 0.259052 0.259052 0.259052 0.259052
 0.139515 0.149703 0.149703 0.149703 0.149703
 0.118293 0.12693 0.12693 0.12693 0.12693
 0.122717 0.131678 0.131678 0.131678 0.131678
 0.0962995 0.103331 0.103331 0.103331 0.103331
 0.116833 0.125364 0.125364 0.125364 0.125364
 0.104797 0.112449 0.112449 0.112449 0.112449
 0.102384 0.10986 0.10986 0.10986 0.10986
 0.131483 0.141084 0.141084 0.141084 0.141084
 0.122288 0.131217 0.131217 0.131217 0.131217
YTP_r0W_actual
 258609 43893.3 34160.9 37858 16783.4
YTP_p0W_proyectada
 910701 938062 128248 64746.8 88220.6
 910701 287905 186457 21928.9 11395.2
CTP_r0_actual
 31157.7 3113 1237.71 1106.96 449.958
CTP_p0_proyectada
 121589 59863.5 5544.64 2204.52 2607.76
 121589 18373 8061.24 746.643 336.837
Wmedp
 7.49 15.67 23.13 29.37 33.83
Frms_r0
 0.122288 0.131217 0.131217 0.131217 0.131217
Zrms_r0
 1.12229 1.13122 1.13122 1.13122 1.13122
nmprior
 8.19 8.8 8.5 0
nm_flota  nm_reclas  nm_pelaces    nm_pelaL
inf 9.99598 18.5211 44.4598
cv_recla  cv_pelaces  cv_mph
0.502454 0.480635 1.73411
 ------------------------------------------------
Talla a la edad & desviaci?n 
 8 13.2811 15.8009 17.003 17.5766
 0.8 1.32811 1.58009 1.7003 1.75766
