    unsorted:	 2.365080544e-06 2.301651743e-06 8.338967047e-06 6.006120049e-05 5.564431900e-05 8.399325799e-05 0.001099993373 13.49351235 66.57059687 172.6588003 159.9643863 240.2784120 293.9423899 379.3522306 705.8235101 549.9719084 809.4468138 850.7338980 927.9248047 956.6263999 1061.483289 1185.929535 1268.472173 1354.395827 1547.089602 1599.107371 1949.981866 2060.441477 2132.796933 2523.041649 2479.872579 2465.780120 2278.507070 2631.458756 2639.913166 2865.431552 3190.717742 3283.344009 3396.719116 3886.248429 3994.384249 4275.325723 5712.211540 9399.471255 37338.15785 158340.5963 411412.4625 402283.6718 404095.8382 416215.0057 386726.0602 366757.7348 452005.4469 464711.3399 471115.3635 473451.7981 343676.1552 532578.3150 562697.6817 586818.3154 614795.6872 667457.9082 830353.8642 875504.8335 1006786.760 1073001.232 1339937.676 1361611.576 1529589.661 1655456.491 2237310.838 2349119.301 2679152.085 2779773.343 3102382.107 3165626.717 10303455.17
      sorted:	 2.301651743e-06 2.365080544e-06 8.338967047e-06 5.564431900e-05 6.006120049e-05 8.399325799e-05 0.001099993373 13.49351235 66.57059687 159.9643863 172.6588003 240.2784120 293.9423899 379.3522306 549.9719084 705.8235101 809.4468138 850.7338980 927.9248047 956.6263999 1061.483289 1185.929535 1268.472173 1354.395827 1547.089602 1599.107371 1949.981866 2060.441477 2132.796933 2278.507070 2465.780120 2479.872579 2523.041649 2631.458756 2639.913166 2865.431552 3190.717742 3283.344009 3396.719116 3886.248429 3994.384249 4275.325723 5712.211540 9399.471255 37338.15785 158340.5963 343676.1552 366757.7348 386726.0602 402283.6718 404095.8382 411412.4625 416215.0057 452005.4469 464711.3399 471115.3635 473451.7981 532578.3150 562697.6817 586818.3154 614795.6872 667457.9082 830353.8642 875504.8335 1006786.760 1073001.232 1339937.676 1361611.576 1529589.661 1655456.491 2237310.838 2349119.301 2679152.085 2779773.343 3102382.107 3165626.717 10303455.17
