years
 1991 1992 1993 1994 1995 1996 1997 1998 1999 2000 2001 2002 2003 2004 2005 2006 2007 2008 2009 2010 2011 2012 2013 2014 2015 2016 2017 2018 2019 2020 2021
reclasobs
 0 0 0 0 0 0 0 0 0 252601 567819 844713 477998 351125 339783 2.1784e+06 2.13404e+06 4.81314e+06 1.55562e+06 2.62356e+06 3.21686e+06 3.843e+06 1.13348e+06 3.07943e+06 1.97215e+06 2.03268e+06 2.025e+06 2.42433e+06 2.27542e+06 1.05018e+06 2.36338e+06
reclaspred
 2.02911e+06 1.88718e+06 879401 54380.4 2.3976e+06 2.40897e+06 706571 132937 737674 231371 212853 902565 482009 409766 272771 1.89376e+06 1.11782e+06 7.67215e+06 4.57904e+06 1.47125e+06 3.60099e+06 3.57693e+06 1.91764e+06 4.6983e+06 2.70784e+06 1.2023e+06 2.32372e+06 3.85779e+06 2.72017e+06 936964 1.33793e+06
pelacesobs
 0 0 0 0 0 0 0 0 0 0 0 0 0 0 0 552880 188675 0 991730 2.46772e+06 1.41603e+06 1.21717e+06 2.29649e+06 1.80582e+06 0 1.4828e+06 1.56532e+06 1.57751e+06 1.42118e+06 867257 1.10002e+06
pelacespred
 523968 428687 192158 3256.82 486270 463190 136968 30445.4 161652 37832.8 47291.8 176489 86978.5 78863.3 49448.8 368209 213841 1.92847e+06 1.10444e+06 357417 825650 784939 424679 1.24518e+06 691227 299217 655700 1.05679e+06 624506 254703 321941
mphobs
 0 0 0 0 0 0 0 0 0 0 0 498337 0 5186 125008 0 168611 109162 213762 579715 649985 157893 87575 83554 0 0 0 0 0 0 0
mphpred
 503174 169036 193023 46054.7 670.096 389066 223865 40122.4 8434.93 66897.9 11400.1 23222.4 88225.8 29312.4 18826.6 16716.6 221513 113440 917567 409006 154694 353535 393767 212619 511142 275832 106732 224972 513518 258826 75348.2
desembarqueobs
 494567 514787 250237 358949 120608 361735 552515 73892 212993 205616 52469 317467 293654 387597 252695 516296 358380 742168 942051 627588 828172 859565 418607 520667 417249 300574 415391 372974 316634 284311 391294
desembarquepred
 494352 514348 251113 356379 120553 361347 551121 73819.9 212743 205274 52426.8 317014 293036 386584 252170 515645 358045 741559 940204 625740 827161 858238 418131 520244 416697 300051 414929 372644 316307 283854 390828
Reclutas
 750.705 304020 1121.6 1669.88 480408 8183.33 605.817 167.5 74123.2 789.608 33340.7 189188 31500.6 74692.9 42951.5 398775 1866.42 1.15619e+06 89723.7 11991.8 432584 541316 1879.68 370732 105220 7759.52 231762 333090 5315.81 1881.36 139695
log_desv_Rt
 -3.54955 2.45429 -3.14805 -2.75005 2.91183 -1.16071 -3.76398 -5.04958 1.04292 -3.49903 0.243974 1.97993 0.187199 1.05058 0.497265 2.72559 -2.63879 3.79008 1.23393 -0.778586 2.80697 3.0312 -2.63171 2.65267 1.39325 -1.21389 2.18291 2.54561 -1.59212 -2.63081 1.67665
SSB
 1.363e+06 457883 522860 124753 1815.15 1.0539e+06 606404 108683 22848.5 181213 30880.5 62904.7 238986 79401.4 50997.4 45281.9 600035 307286 2.4855e+06 1.10791e+06 419034 957655 1.06664e+06 575940 1.38458e+06 747173 289115 609404 1.39102e+06 701107 204103
BT
 1.7148e+06 1.46494e+06 666291 304916 1.20319e+06 1.32717e+06 867089 149235 563006 267921 155782 668596 452890 590069 364263 1.25416e+06 777240 5.11232e+06 3.42536e+06 1.49206e+06 2.64731e+06 2.56093e+06 1.34095e+06 3.36903e+06 1.99411e+06 987427 1.95784e+06 2.80231e+06 1.70398e+06 904400 1.12787e+06
Ftot
 0.428508 0.512868 0.498224 4.47862 0.102109 0.269041 1.22361 0.916203 0.558472 1.36044 0.473296 0.665562 1.01753 1.55523 1.53346 0.529053 0.555423 0.19323 0.367444 0.723378 0.44054 0.449624 0.385592 0.217106 0.280842 0.440673 0.347499 0.189487 0.209556 0.527286 0.555005
BD_Bspro_t
 0.933736 0.600228 0.51216 0.176419 0.0042741 0.751837 0.538128 0.170471 0.0738187 0.376672 0.121897 0.314154 0.412405 0.169552 0.112419 0.106268 0.470219 0.313734 0.716054 0.498518 0.266282 0.445291 0.486068 0.373916 0.609753 0.522088 0.376593 0.576884 0.724978 0.573121 0.341867
BD_Bspro
 7.29954 2.4522 2.80018 0.668115 0.00972107 5.64418 3.2476 0.582055 0.122365 0.970486 0.165381 0.336887 1.27989 0.425235 0.273117 0.242508 3.21349 1.64567 13.3111 5.93344 2.24414 5.12873 5.71238 3.08445 7.41513 4.00149 1.54836 3.26367 7.4496 3.75478 1.09308
BD_Bo
 0.814706 0.273692 0.31253 0.0745688 0.00108497 0.629951 0.362467 0.0649636 0.0136573 0.108317 0.0184583 0.0376001 0.142849 0.0474608 0.0304828 0.0270665 0.35866 0.183674 1.48566 0.662235 0.25047 0.572421 0.637562 0.344258 0.827607 0.446609 0.172813 0.364261 0.831455 0.419074 0.121999
BD_Brms
 5.74615 1.93036 2.20429 0.525936 0.00765237 4.44307 2.55649 0.458191 0.0963253 0.763961 0.130187 0.265195 1.00752 0.334743 0.214996 0.190901 2.52964 1.29546 10.4784 4.67077 1.76658 4.03731 4.49675 2.42806 5.83715 3.14995 1.21886 2.56914 5.86429 2.95574 0.860463
Sel_flota
 0.896151 1 1 1 1
 0.896151 1 1 1 1
 0.896151 1 1 1 1
 0.896151 1 1 1 1
 0.896151 1 1 1 1
 0.896151 1 1 1 1
 0.896151 1 1 1 1
 0.896151 1 1 1 1
 0.896151 1 1 1 1
 0.896151 1 1 1 1
 0.896151 1 1 1 1
 0.896151 1 1 1 1
 0.896151 1 1 1 1
 0.896151 1 1 1 1
 0.896151 1 1 1 1
 0.896151 1 1 1 1
 0.896151 1 1 1 1
 0.896151 1 1 1 1
 0.896151 1 1 1 1
 0.896151 1 1 1 1
 0.896151 1 1 1 1
 0.896151 1 1 1 1
 0.896151 1 1 1 1
 0.896151 1 1 1 1
 0.896151 1 1 1 1
 0.896151 1 1 1 1
 0.896151 1 1 1 1
 0.896151 1 1 1 1
 0.896151 1 1 1 1
 0.896151 1 1 1 1
 0.896151 1 1 1 1
Sel_reclas
 1 1 1 1 1
 1 1 1 1 1
 1 1 1 1 1
 1 1 1 1 1
 1 1 1 1 1
 1 1 1 1 1
 1 1 1 1 1
 1 1 1 1 1
 1 1 1 1 1
 1 1 1 1 1
 1 1 1 1 1
 1 1 1 1 1
 1 1 1 1 1
 1 1 1 1 1
 1 1 1 1 1
 1 1 1 1 1
 1 1 1 1 1
 1 1 1 1 1
 1 1 1 1 1
 1 1 1 1 1
 1 1 1 1 1
 1 1 1 1 1
 1 1 1 1 1
 1 1 1 1 1
 1 1 1 1 1
 1 1 1 1 1
 1 1 1 1 1
 1 1 1 1 1
 1 1 1 1 1
 1 1 1 1 1
 1 1 1 1 1
Sel_pelaces
 1 1 1 1 1
 1 1 1 1 1
 1 1 1 1 1
 1 1 1 1 1
 1 1 1 1 1
 1 1 1 1 1
 1 1 1 1 1
 1 1 1 1 1
 1 1 1 1 1
 1 1 1 1 1
 1 1 1 1 1
 1 1 1 1 1
 1 1 1 1 1
 1 1 1 1 1
 1 1 1 1 1
 1 1 1 1 1
 1 1 1 1 1
 1 1 1 1 1
 1 1 1 1 1
 1 1 1 1 1
 1 1 1 1 1
 1 1 1 1 1
 1 1 1 1 1
 1 1 1 1 1
 1 1 1 1 1
 1 1 1 1 1
 1 1 1 1 1
 1 1 1 1 1
 1 1 1 1 1
 1 1 1 1 1
 1 1 1 1 1
pf_obs 
 0.8446 0.082 0.0669 0.0065 0
 0.8095 0.147 0.0364 0.0071 0
 0.9664 0.0169 0.016 0.0007 0
 0.9276 0.0648 0.0075 0.0001 0
 0.7033 0.2144 0.0806 0.0017 0
 0.9318 0.0425 0.0243 0.0014 0
 0.5671 0.3108 0.0964 0.0239 0.0018
 0.0768 0.2599 0.5324 0.112 0.0189
 0.490249 0.384438 0.106611 0.0170017 0.00170017
 0.7925 0.1577 0.0466 0.003 0.0002
 0.840416 0.127587 0.0312969 0.00059994 9.999e-05
 0.8084 0.0986 0.0794 0.0134 0.0002
 0.7335 0.1905 0.0724 0.0035 0.0001
 0.4001 0.4547 0.1325 0.0127 0
 0.49795 0.308269 0.164784 0.0264974 0.00249975
 0.9179 0.0499 0.0305 0.0017 0
 0.2467 0.6533 0.0926 0.0074 0
 0.9418 0.0223 0.034 0.0019 0
 0.707729 0.231977 0.0356964 0.0245975 0
 0.517169 0.277429 0.184464 0.0207286 0.00020938
 0.811772 0.124168 0.05621 0.00726502 0.000585176
 0.764997 0.148141 0.077277 0.00933861 0.000247198
 0.163321 0.427699 0.378323 0.0303852 0.000271297
 0.753843 0.0900009 0.118128 0.0371064 0.000921714
 0.721811 0.176058 0.0630433 0.0369309 0.00215725
 0.143369 0.312575 0.442814 0.0836902 0.0175525
 0.692698 0.0596174 0.167031 0.0765114 0.00414204
 0.394062 0.376323 0.152708 0.0712218 0.00568511
 0.125707 0.32114 0.495352 0.0537591 0.00404204
 0.23352 0.215282 0.420074 0.123614 0.00750983
 0.774587 0.0839891 0.0768558 0.0609784 0.00358967
pf_pred 
 0.00892794 0.287612 0.382894 0.181989 0.138577
 0.937937 0.000634588 0.0178268 0.0237325 0.0198693
 0.0135407 0.932934 0.000547293 0.0153745 0.0376039
 0.0877514 0.0142029 0.849317 0.000498241 0.0482301
 0.999811 2.56672e-05 2.54884e-06 0.000152417 8.74472e-06
 0.0439513 0.955887 2.18541e-05 2.17019e-06 0.00013722
 0.0117316 0.0490009 0.939109 2.14705e-05 0.000136944
 0.0287853 0.0138047 0.0474708 0.909786 0.000153468
 0.988385 0.000394665 0.000159484 0.000548425 0.0105124
 0.0424746 0.947897 0.000327159 0.000132205 0.00916893
 0.948242 0.00267315 0.0485916 1.6771e-05 0.0004768
 0.953896 0.0440154 0.000107876 0.00196094 1.99183e-05
 0.423112 0.553919 0.0219287 5.37446e-05 0.000986873
 0.876001 0.0579367 0.0634322 0.00251117 0.000119167
 0.841997 0.141896 0.00752585 0.0082397 0.000341675
 0.987548 0.010821 0.00146497 7.7699e-05 8.85966e-05
 0.0181815 0.971212 0.00921714 0.00124783 0.000141647
 0.981301 0.000392121 0.0181089 0.000171859 2.59078e-05
 0.183254 0.803193 0.000284199 0.0131248 0.000143336
 0.086661 0.186309 0.714967 0.000252981 0.0118107
 0.944731 0.00552395 0.0101472 0.0389404 0.000657044
 0.814214 0.176775 0.000900609 0.00165437 0.00645585
 0.0106105 0.82539 0.156045 0.000794998 0.00715918
 0.892448 0.00130294 0.0886374 0.0167575 0.000854187
 0.434337 0.511194 0.000659862 0.0448895 0.00891923
 0.0987297 0.419826 0.435085 0.000561619 0.0457974
 0.924431 0.00843986 0.03127 0.0324065 0.00345297
 0.818051 0.169781 0.00135896 0.00503501 0.005774
 0.0373764 0.8042 0.147829 0.00118326 0.00941145
 0.0427501 0.040251 0.766084 0.140823 0.0100926
 0.935642 0.00315545 0.0025735 0.0489805 0.00964895
pobs_RECLAS
 0 0 0 0 0
 0 0 0 0 0
 0 0 0 0 0
 0 0 0 0 0
 0 0 0 0 0
 0 0 0 0 0
 0 0 0 0 0
 0 0 0 0 0
 0 0 0 0 0
 0 0 0 0 0
 0.991045 0.00858322 0.000360255 1.14367e-05 0
 0.934742 0.0480273 0.0164251 0.00080598 0
 0.827803 0.169806 0.00239088 0 0
 0.941827 0.0461693 0.0120037 0 0
 0.791401 0.0380133 0.147996 0.0225897 0
 0.846168 0.0940531 0.0597789 0 0
 0.134021 0.677848 0.182769 0.00536245 0
 0.80878 0.0450904 0.141981 0.00414843 0
 0.846168 0.0940531 0.0597789 0 0
 0.905697 0.0802665 0.012482 0.00150086 5.37128e-05
 0.989698 0.0102097 9.19794e-05 0 0
 0.975433 0.0193895 0.00387452 0.00125025 5.28907e-05
 0.303575 0.632131 0.0575291 0.00676475 0
 0.966965 0.00978017 0.0227588 0.000495775 0
 0.843318 0.132988 0.00938335 0.0141283 0.000182051
 0.564624 0.303363 0.111486 0.0197234 0.00080311
 0.826376 0.0876187 0.0782897 0.00655872 0.00115652
 0.89761 0.0855135 0.0140674 0.00269457 0.000114338
 0.34875 0.467042 0.161289 0.0227151 0.000203297
 0.318654 0.224769 0.449479 0.00709798 0
 0.937255 0.0296025 0.0250945 0.00804832 0
ppred_RECLAS
 0.0100021 0.287301 0.382479 0.181792 0.138427
 0.944357 0.000568946 0.0159828 0.0212776 0.017814
 0.0151776 0.931386 0.000546385 0.015349 0.0375415
 0.11052 0.0138484 0.828119 0.000485805 0.0470263
 0.99983 2.29803e-05 2.28202e-06 0.000136462 7.82931e-06
 0.0489284 0.950911 2.17404e-05 2.15889e-06 0.000136506
 0.0133506 0.0489206 0.937571 2.14354e-05 0.000136719
 0.0324515 0.0137526 0.0472917 0.906351 0.000152888
 0.989652 0.000351621 0.00014209 0.000488611 0.00936587
 0.0482944 0.942136 0.000325171 0.000131402 0.00911321
 0.95362 0.00239536 0.043542 1.50282e-05 0.000427251
 0.958842 0.0392937 9.6304e-05 0.00175058 1.77816e-05
 0.454108 0.524157 0.0207505 5.08569e-05 0.000933848
 0.890423 0.0511981 0.0560544 0.0022191 0.000105306
 0.859665 0.126029 0.00668431 0.00731834 0.000303469
 0.988899 0.00964638 0.00130595 6.92646e-05 7.89793e-05
 0.0203865 0.969031 0.00919644 0.00124503 0.000141329
 0.983242 0.000351415 0.016229 0.000154018 2.32182e-05
 0.200906 0.785835 0.000278057 0.0128412 0.000140238
 0.0966188 0.184277 0.707172 0.000250223 0.0116819
 0.950432 0.00495417 0.00910058 0.0349238 0.000589272
 0.830988 0.160815 0.000819296 0.00150501 0.00587298
 0.0118773 0.824333 0.155845 0.000793981 0.00715001
 0.902723 0.00117847 0.0801694 0.0151565 0.000772582
 0.462189 0.486024 0.000627372 0.0426792 0.00848007
 0.109434 0.41484 0.429918 0.000554949 0.0452535
 0.931989 0.00759566 0.0281422 0.0291651 0.00310758
 0.834068 0.154835 0.00123934 0.00459178 0.00526572
 0.0416125 0.800661 0.147179 0.00117805 0.00937004
 0.0477683 0.04004 0.762068 0.140084 0.0100396
 0.942322 0.00282791 0.00230637 0.0438963 0.00864739
pobs_PELACES
 0 0 0 0 0
 0 0 0 0 0
 0 0 0 0 0
 0 0 0 0 0
 0 0 0 0 0
 0 0 0 0 0
 0 0 0 0 0
 0 0 0 0 0
 0 0 0 0 0
 0 0 0 0 0
 0 0 0 0 0
 0 0 0 0 0
 0 0 0 0 0
 0 0 0 0 0
 0 0 0 0 0
 0 0 0 0 0
 0.505614 0.472636 0.0217494 0 0
 0 0 0 0 0
 0.443492 0.261883 0.143347 0.151278 0
 0.227955 0.32914 0.350689 0.0885471 0.00366901
 0.970185 0.0296113 0.000203453 0 0
 0.997202 0.00247181 0.000326279 0 0
 0.445219 0.490057 0.0546422 0.010081 0
 0.90214 0.0892962 0.00764917 0.000914606 0
 0 0 0 0 0
 0.581667 0.319106 0.0959925 0.00289975 0.000334073
 0.762889 0.0836404 0.116647 0.0363945 0.000428098
 0.88444 0.0763242 0.0277011 0.0115352 0
 0.521256 0.241999 0.230069 0.00667565 0
 0.616807 0.101726 0.260614 0.0208532 0
 0.833518 0.0704572 0.0857862 0.0102388 0
ppred_PELACES
 0.0101486 0.287258 0.382422 0.181765 0.138406
 0.945273 0.000559576 0.0157195 0.0209272 0.0175206
 0.0154349 0.931142 0.000546242 0.015345 0.0375317
 0.126534 0.0135991 0.81321 0.000477059 0.0461797
 0.999831 2.29e-05 2.27405e-06 0.000135985 7.80196e-06
 0.0493592 0.95048 2.17305e-05 2.15791e-06 0.000136444
 0.0139144 0.0488927 0.937035 2.14231e-05 0.000136641
 0.033452 0.0137384 0.0472427 0.905414 0.00015273
 0.989846 0.000345023 0.000139424 0.000479442 0.00919013
 0.050483 0.939969 0.000324423 0.0001311 0.00909225
 0.954333 0.00235858 0.0428734 1.47974e-05 0.000420691
 0.959732 0.0384432 9.42197e-05 0.00171269 1.73967e-05
 0.462765 0.515844 0.0204214 5.00503e-05 0.000919039
 0.895516 0.0488184 0.053449 0.00211596 0.000100412
 0.865886 0.120442 0.006388 0.00699392 0.000290017
 0.989097 0.00947495 0.00128274 6.80337e-05 7.75757e-05
 0.0207701 0.968651 0.00919284 0.00124454 0.000141274
 0.983351 0.000349134 0.0161236 0.000153019 2.30676e-05
 0.202935 0.783839 0.000277351 0.0128085 0.000139882
 0.0988043 0.183832 0.705461 0.000249617 0.0116537
 0.951139 0.00488357 0.00897088 0.0344261 0.000580874
 0.833141 0.158766 0.000808859 0.00148584 0.00579816
 0.0120334 0.824203 0.155821 0.000793855 0.00714888
 0.903374 0.00117058 0.0796326 0.015055 0.000767409
 0.464582 0.483861 0.00062458 0.0424893 0.00844233
 0.110914 0.41415 0.429203 0.000554026 0.0451783
 0.93274 0.00751179 0.0278315 0.028843 0.00307327
 0.834964 0.153999 0.00123264 0.00456697 0.00523726
 0.0418998 0.800421 0.147134 0.0011777 0.00936723
 0.048597 0.0400051 0.761404 0.139962 0.0100309
 0.943347 0.00277765 0.00226538 0.0431162 0.0084937
pobs_pel_tallas
 0 0 0 0 0 0 0 0 0 0 0 0 0 0 0 0 0 0 0 0 0 0 0 0 0 0
 0 0 0 0 0 0 0 0 0 0 0 0 0 0 0 0 0 0 0 0 0 0 0 0 0 0
 0 0 0 0 0 0 0 0 0 0 0 0 0 0 0 0 0 0 0 0 0 0 0 0 0 0
 0 0 0 0 0 0 0 0 0 0 0 0 0 0 0 0 0 0 0 0 0 0 0 0 0 0
 0 0 0 0 0 0 0 0 0 0 0 0 0 0 0 0 0 0 0 0 0 0 0 0 0 0
 0 0 0 0 0 0 0 0 0 0 0 0 0 0 0 0 0 0 0 0 0 0 0 0 0 0
 0 0 0 0 0 0 0 0 0 0 0 0 0 0 0 0 0 0 0 0 0 0 0 0 0 0
 0 0 0 0 0 0 0 0 0 0 0 0 0 0 0 0 0 0 0 0 0 0 0 0 0 0
 0 0 0 0 0 0 0 0 0 0 0 0 0 0 0 0 0 0 0 0 0 0 0 0 0 0
 0 0 0 0 0 0 0 0 0 0 0 0 0 0 0 0 0 0 0 0 0 0 0 0 0 0
 0 0 0 0 0 0 0 0 0 0 0 0 0 0 0 0 0 0 0 0 0 0 0 0 0 0
 0 0 0 0 0 0 0 0 0 0 0 0 0 0 0 0 0 0 0 0 0 0 0 0 0 0
 0.00862536 0 0 0.000197151 0.00414017 0.0128641 0.00837892 0.0270097 0.101434 0.158115 0.152841 0.127902 0.109271 0.109419 0.0830992 0.0579132 0.0238553 0.00714673 0.00463305 0.00128148 0.00103504 0.000492878 0.000147863 0.000147863 4.92878e-05 0
 0 0 0 0 0 0 0 0 0 0 0 0 0 0 0 0 0 0 0 0 0 0 0 0 0 0
 0 0 0 0 0 0 0 0.0054083 0.00873648 0.0413646 0.0450493 0.0745869 0.0622846 0.0627006 0.0613931 0.0827291 0.12552 0.122667 0.0946155 0.0697135 0.0546179 0.0294188 0.0215738 0.0213955 0.0102223 0.00600262
 0 0 0 0 0.00359764 0.0251062 0.0480494 0.140153 0.205849 0.193036 0.1447 0.116669 0.0760912 0.0342217 0.00950174 0.001854 0.000860785 0 0 0 0.000165536 0 0.000143464 0 0 0
 0 0 0 0 0 0 0 0.000145254 0.000435761 0.0275982 0.070085 0.0708112 0.156366 0.174668 0.174014 0.160142 0.0824315 0.0480064 0.0283245 0.00493863 0.00203355 0 0 0 0 0
 0 0 0 0 0 0 0 0 0 0 0 0 0 0 0 0 0 0 0 0 0 0 0 0 0 0
 0 0 1.00437e-05 0.000401748 0.00122533 0.00171747 0.00176769 0.0269171 0.070346 0.194647 0.189555 0.159765 0.064822 0.0314167 0.0384472 0.0292271 0.0345202 0.0313363 0.0194345 0.0106764 0.0143323 0.0359363 0.0279516 0.0138201 0.00172751 0
 0 0.0021121 0.0136068 0.0755702 0.200478 0.177729 0.0527432 0.0373336 0.0318909 0.0142505 0.0149659 0.0166563 0.0217959 0.0798694 0.0677717 0.0528807 0.04013 0.0224614 0.0357745 0.0225083 0.00881397 0.00855152 0.00135912 0.000746735 0 0
 0 0 0 0 5.4009e-05 0.00500934 0.000945158 0.0243581 0.138947 0.33067 0.221406 0.137944 0.0707744 0.0437923 0.0131692 0.00525238 0.0047753 0.00276346 9.45158e-05 9.00151e-06 2.25038e-05 9.00151e-06 4.50075e-06 0 0 0
 0.000866109 0.00284123 0.00948549 0.0512746 0.133035 0.25785 0.225252 0.132002 0.0553304 0.0519788 0.0540692 0.017754 0.00435017 0.00159236 0.00146478 0.000404838 0.000125132 0.000115318 0.000107957 0.000100596 0 0 0 0 0 0
 0 0 0 0 0.00144013 0.00171154 0.00461396 0.0210425 0.0478622 0.0707936 0.0888783 0.103762 0.0637923 0.0337046 0.0602308 0.124433 0.169614 0.0934646 0.0462172 0.0250306 0.0313229 0.00938855 0.002487 0.000210481 0 0
 0 0.00764035 0.051015 0.0998891 0.058973 0.0496711 0.0374665 0.0718981 0.12319 0.153886 0.159021 0.0857701 0.0377988 0.023471 0.0147837 0.00900784 0.00315554 0.000888139 0.00291439 0.00214683 0.00393193 0.00274676 0.000635225 9.99891e-05 0 0
 0 0 0 0 0 0 0 0 0 0 0 0 0 0 0 0 0 0 0 0 0 0 0 0 0 0
 0 0 0 0 0 0 0 0 0 0 0 0 0 0 0 0 0 0 0 0 0 0 0 0 0 0
 0 0 0 0 0 0 0 0 0 0 0 0 0 0 0 0 0 0 0 0 0 0 0 0 0 0
 0 0 0 0 0 0 0 0 0 0 0 0 0 0 0 0 0 0 0 0 0 0 0 0 0 0
 0 0 0 0 0 0 0 0 0 0 0 0 0 0 0 0 0 0 0 0 0 0 0 0 0 0
 0 0 0 0 0 0 0 0 0 0 0 0 0 0 0 0 0 0 0 0 0 0 0 0 0 0
 0 0 0 0 0 0 0 0 0 0 0 0 0 0 0 0 0 0 0 0 0 0 0 0 0 0
ppred_pel_tallas
 1.52761e-16 8.35988e-07 8.12613e-06 5.40024e-05 0.000245504 0.000764006 0.00162884 0.00238326 0.00241156 0.00176743 0.00123118 0.001603 0.00349253 0.00761848 0.0147638 0.0252293 0.0383073 0.052389 0.0658705 0.0782205 0.0901763 0.102712 0.115603 0.126864 0.133525 0.133131
 1.05518e-16 7.78609e-05 0.000756836 0.00502944 0.0228631 0.0711356 0.151562 0.221209 0.221209 0.151562 0.0711372 0.0228683 0.00504432 0.000795722 0.000171106 0.000212379 0.000427606 0.000823861 0.00148253 0.0024862 0.00387777 0.00561694 0.00755113 0.00942243 0.010919 0.0117584
 1.08145e-16 1.27155e-06 1.236e-05 8.21407e-05 0.000373454 0.00116244 0.00248 0.00363841 0.00372795 0.00291745 0.00263067 0.00461163 0.0107109 0.0231834 0.0439147 0.0723582 0.10368 0.129237 0.140254 0.132767 0.110117 0.0808968 0.0540443 0.034788 0.023755 0.0186551
 1.31334e-16 1.04225e-05 0.00010131 0.000673242 0.00306046 0.00952224 0.0202882 0.0296118 0.0296144 0.0203014 0.00957006 0.00321463 0.00112067 0.00127773 0.00282855 0.00617892 0.0124291 0.0229617 0.0389186 0.0604061 0.0856752 0.110845 0.130675 0.140347 0.137433 0.122935
 1.00016e-16 8.23548e-05 0.000800518 0.00531972 0.0241827 0.0752413 0.16031 0.233976 0.233976 0.16031 0.0752413 0.0241828 0.00532 0.000801129 8.35521e-05 7.8688e-06 3.53557e-06 4.71637e-06 6.48053e-06 8.78221e-06 1.19292e-05 1.61431e-05 2.12821e-05 2.66928e-05 3.13178e-05 3.40435e-05
 1.00267e-16 4.06585e-06 3.95216e-05 0.000262639 0.00119398 0.0037154 0.00791942 0.0115778 0.0116692 0.00836587 0.00521381 0.00551906 0.0111084 0.0236803 0.044797 0.0737761 0.105629 0.131469 0.142243 0.133787 0.10939 0.0777557 0.0480526 0.0258247 0.0120784 0.00492802
 1.27079e-16 1.14612e-06 1.11407e-05 7.40342e-05 0.000336552 0.00104717 0.00223133 0.00325796 0.0032641 0.00226204 0.00115441 0.000664502 0.000965753 0.00218386 0.0047877 0.00962776 0.0178423 0.0306658 0.0490084 0.0727249 0.0997822 0.125915 0.145409 0.153073 0.146489 0.127222
 1.92194e-16 2.7554e-06 2.67835e-05 0.000177986 0.000809098 0.00251741 0.00536368 0.0078288 0.00783051 0.00537227 0.00254757 0.000902237 0.000435813 0.000674012 0.00149662 0.00321625 0.00653365 0.0125988 0.0230358 0.0397038 0.0640242 0.0959467 0.132979 0.169933 0.199872 0.216171
 1.01608e-16 8.15323e-05 0.000792523 0.00526659 0.0239412 0.0744899 0.158709 0.23164 0.23164 0.158709 0.0744905 0.0239429 0.00527113 0.000802943 0.000103034 4.62905e-05 7.20233e-05 0.000122447 0.000205856 0.000342418 0.000556653 0.000867958 0.00127711 0.0017544 0.00223679 0.00263906
 1.01802e-16 4.15841e-06 4.04214e-05 0.000268618 0.00122116 0.00379995 0.00809955 0.0118405 0.0119309 0.00854107 0.00528185 0.00549859 0.0109951 0.0234216 0.044307 0.072974 0.104494 0.130088 0.140821 0.132593 0.108679 0.0777028 0.0487277 0.0272065 0.0140748 0.00738827
 1.01311e-16 7.86071e-05 0.000764089 0.00507764 0.0230822 0.0718173 0.153014 0.223329 0.223329 0.153016 0.0718224 0.0230978 0.00511985 0.000866598 0.000303553 0.000456032 0.000831517 0.00142304 0.00226704 0.0033571 0.00460164 0.00580736 0.00671399 0.00708331 0.00680211 0.00593784
 1.00188e-16 7.90519e-05 0.000768413 0.00510637 0.0232128 0.0722237 0.15388 0.224594 0.224597 0.153899 0.0722844 0.0233878 0.00554524 0.00172517 0.00189237 0.00299361 0.00428212 0.00533783 0.00579321 0.00548323 0.0045435 0.00332577 0.00219585 0.00136794 0.000869535 0.000611778
 1.00882e-16 3.81175e-05 0.000370516 0.00246221 0.0111929 0.0348254 0.0742011 0.108309 0.108359 0.0744436 0.0356393 0.0135425 0.00835576 0.0132218 0.0244026 0.0401705 0.0576004 0.0718778 0.0781198 0.0740692 0.0614652 0.0449307 0.0293065 0.0174794 0.00993589 0.00568101
 1.01785e-16 7.37625e-05 0.000716998 0.0047647 0.0216596 0.0673912 0.143584 0.209566 0.209571 0.143608 0.0674699 0.0218879 0.005341 0.00198641 0.00251773 0.00413159 0.00614385 0.00813869 0.0097293 0.0107101 0.0111282 0.011162 0.0109242 0.0103752 0.0094095 0.00800845
 1.00966e-16 7.13219e-05 0.000693274 0.00460705 0.020943 0.0651615 0.138834 0.202635 0.202646 0.138891 0.0653516 0.021492 0.00598434 0.00369752 0.00576997 0.00940811 0.0135045 0.0168975 0.0184586 0.0176757 0.0149628 0.0113915 0.00806376 0.00560529 0.00407234 0.00318326
 1.0006e-16 8.14706e-05 0.000791923 0.00526261 0.0239231 0.0744335 0.158588 0.231465 0.231466 0.158593 0.0744485 0.0239663 0.00537119 0.00102893 0.000531482 0.000749389 0.0010708 0.00134454 0.00147759 0.00142857 0.00122757 0.000955047 0.000693744 0.000490826 0.000351943 0.000259395
 1.00662e-16 1.71101e-06 1.66317e-05 0.000110528 0.000502501 0.00156397 0.00333564 0.00488799 0.00498115 0.0037907 0.00309133 0.00491134 0.0111671 0.024119 0.0456762 0.075246 0.107776 0.134229 0.145396 0.137037 0.112482 0.0805571 0.0505419 0.0280258 0.014001 0.00655275
 1.00485e-16 8.09973e-05 0.000787323 0.00523204 0.0237841 0.0740011 0.157667 0.23012 0.23012 0.157667 0.0740022 0.0237875 0.00524178 0.000812515 0.000140298 0.000133495 0.000253396 0.000461352 0.000773131 0.00118852 0.00167111 0.00214306 0.00250092 0.00265156 0.0025516 0.00222758
 1.01517e-16 1.67156e-05 0.000162482 0.00107975 0.00490845 0.0152724 0.0325423 0.0475122 0.0475876 0.0329105 0.0165082 0.00847564 0.0100253 0.0196624 0.0369673 0.0608703 0.0871756 0.10856 0.117583 0.110837 0.0910548 0.0654135 0.0414399 0.0236337 0.0127276 0.00707218
 1.22403e-16 8.13842e-06 7.91084e-05 0.000525704 0.00238978 0.00743561 0.015843 0.0231273 0.0231461 0.0159352 0.00774817 0.00330589 0.00287534 0.00537369 0.0105462 0.0186761 0.0298095 0.0435083 0.0590769 0.0757886 0.0926503 0.107818 0.118408 0.121332 0.11485 0.0997423
 1.03811e-16 7.8344e-05 0.000761532 0.00506065 0.023005 0.071577 0.152502 0.222582 0.222582 0.152505 0.0715852 0.0230292 0.0051228 0.000902037 0.00035996 0.000511705 0.000830193 0.00126942 0.00185637 0.00264422 0.00368666 0.00498668 0.00644422 0.00784372 0.00890346 0.00937054
 1.01195e-16 6.86248e-05 0.000667057 0.00443283 0.020151 0.0626974 0.133584 0.194973 0.194988 0.133659 0.0629477 0.0208737 0.00624523 0.00461818 0.00755686 0.0123437 0.0176805 0.0220379 0.0239135 0.0226276 0.0187446 0.0137252 0.00909123 0.00573825 0.00378368 0.00285193
 1.05997e-16 9.91344e-07 9.63629e-06 6.40404e-05 0.000291167 0.000906356 0.00193402 0.00283943 0.00291892 0.00232246 0.00221075 0.00405931 0.00952487 0.02067 0.0392597 0.0649548 0.0936851 0.118035 0.130399 0.127193 0.110923 0.0883643 0.0664377 0.0490137 0.0365033 0.0274794
 1.03939e-16 7.44098e-05 0.000723289 0.00480651 0.0218497 0.0679825 0.144844 0.211404 0.211404 0.144845 0.0679871 0.0218644 0.00484968 0.000838109 0.000352899 0.000623599 0.00126012 0.00235655 0.00404345 0.0063549 0.00913436 0.0119944 0.0143822 0.0157537 0.0157821 0.0144884
 1.05832e-16 3.82671e-05 0.00037197 0.00247188 0.0112368 0.0349622 0.0744923 0.108733 0.10878 0.0747197 0.0357253 0.01344 0.00799778 0.0124209 0.0228806 0.0376615 0.0540132 0.0674482 0.0734505 0.0700088 0.0588863 0.0445294 0.0314923 0.0223338 0.0171901 0.0147149
 1.20193e-16 9.13594e-06 8.88046e-05 0.00059014 0.00268271 0.00834714 0.017786 0.0259676 0.0260081 0.0179841 0.00901406 0.00461632 0.00547135 0.0108357 0.0206861 0.034878 0.0518552 0.0685629 0.0817633 0.089777 0.0931413 0.0935728 0.0922302 0.0888787 0.0825309 0.0727226
 1.04218e-16 7.68286e-05 0.000746801 0.00496276 0.02256 0.0701925 0.149552 0.218276 0.218277 0.149556 0.0702054 0.0225981 0.00506124 0.000970768 0.000529039 0.000824789 0.00135294 0.00207344 0.00300984 0.00419902 0.00565649 0.00731864 0.00900041 0.0104145 0.0112582 0.011326
 1.0142e-16 6.87749e-05 0.000668517 0.00444253 0.0201951 0.0628346 0.133876 0.195399 0.195414 0.133949 0.0630774 0.0208962 0.00620094 0.00450227 0.00733565 0.0119819 0.0171694 0.0214176 0.0232747 0.0220874 0.0184061 0.0136448 0.00926899 0.00612847 0.00431495 0.00344526
 1.06154e-16 3.4514e-06 3.35489e-05 0.000222948 0.00101354 0.0031539 0.00672257 0.00982797 0.00990516 0.00709977 0.00442054 0.00467253 0.00940946 0.020094 0.0381198 0.0630586 0.090936 0.114544 0.126495 0.123314 0.107451 0.0855136 0.064247 0.0474255 0.0354406 0.0268746
 1.37717e-16 4.00289e-06 3.89095e-05 0.000258567 0.00117541 0.00365717 0.00779217 0.0113739 0.011379 0.00781753 0.00374587 0.00144722 0.000999862 0.00185272 0.00402275 0.00814455 0.0152375 0.0264948 0.0429305 0.0647439 0.0905382 0.116877 0.138764 0.151178 0.151037 0.13849
 1.05828e-16 7.77023e-05 0.000755294 0.00501919 0.0228165 0.0709906 0.151253 0.220758 0.220759 0.151255 0.0709955 0.0228308 0.00505617 0.000840386 0.000253099 0.000334543 0.000574584 0.000955139 0.0015429 0.00243615 0.00373101 0.00546007 0.00752465 0.00966385 0.0114947 0.0126226
pSPR Fmed_Fpbrs
0.393181   0.191783 0.191783
Fs Fmed_Fpbrs
0.514013   1.005 1.005
SSBpbr Bo_Bmed_Bpbrs
1.67299e+06  574139  237201 237201
Ro
26122.8
SPR SPRFo_SPRFmed_SPRFpbrs
186724 73416.2 35810.4
Fref
1.005
Nvult_r0
 108443 340.357 277.587 5283.21 1040.77
CTP_r0
 36020.4 121.479 99.0748 1885.66 371.466
YTP_r0
390828
Np
 117818 31252.3 91.1238 74.3182 1713.19
Nvult_p0
 100207 27043.8 78.8531 64.3105 1482.49
CTP_p0
 47484 13555.6 39.5249 32.2354 743.096
YTP_p0
 602737
CBA_c0
454401
log_Ro
9.99056
likeval ReclasPelacesDesembMPH_pf_preclas_ppelaces_ptallas_desvR_qrecl_qpela
 25.8596 80.9021 0.646519 0.00120739 501.088 175.409 159.211 0 268.231 2.09159e-05 0 0.978407 0 0 0
q_reclas_q_pelaces
1.91184 1
M
1
N
 750.705 22048.4 29352.6 13951.3 10623.3
 304020 188.106 5284.25 7034.83 5889.7
 1121.6 70632.1 41.4354 1164 2846.98
 1669.88 264.022 15788.2 9.26193 896.561
 480408 11.1005 1.10232 65.9172 3.7819
 8183.33 161278 3.68725 0.366156 23.1519
 605.817 2365.52 45335.5 1.03649 6.61096
 167.5 74.4434 255.991 4906.11 0.82759
 74123.2 27.1107 10.9554 37.6729 722.128
 789.608 16531.3 5.70564 2.30565 159.906
 33340.7 85.8308 1560.2 0.538492 15.3093
 189188 8025.59 19.6697 357.55 3.63183
 31500.6 38332.4 1517.51 3.71924 68.2938
 74692.9 4655.94 5097.57 201.804 9.57654
 42951.5 6818.67 361.648 395.952 16.4189
 398775 3998.26 541.293 28.709 32.7356
 1866.42 91312.4 866.587 117.32 13.3175
 1.15619e+06 417.395 19276.1 182.936 27.5776
 89723.7 357711 126.571 5845.28 63.8364
 11991.8 23746.9 91129.5 32.2449 1505.39
 432584 2307.04 4237.92 16263.2 274.41
 541316 107231 546.306 1003.54 3916.1
 1879.68 133096 25162.7 128.195 1154.43
 370732 489.462 33297.4 6295.09 320.883
 105220 112272 144.923 9858.89 1958.9
 7759.52 30095.5 31189.4 40.2601 3283.02
 231762 1923.24 7125.68 7384.67 786.848
 333090 62445.9 499.83 1851.89 2123.69
 5315.81 103400 19007.1 152.137 1210.08
 1881.36 1620.75 30847.3 5670.39 406.389
 139695 431.481 351.905 6697.69 1319.41
pred_Ctot
 156.099 5028.71 6694.64 3181.96 2422.92
 73490.1 49.7218 1396.78 1859.51 1556.82
 264.708 18238 10.6991 300.557 735.12
 1327.92 214.929 12852.5 7.53976 729.854
 26753.8 0.686826 0.0682041 4.07852 0.233999
 1130.19 24580.3 0.56197 0.0558055 3.52856
 277.921 1160.83 22247.5 0.508638 3.2442
 63.2971 30.3558 104.386 2000.56 0.337467
 19209.5 7.6704 3.09961 10.6588 204.311
 386.64 8628.57 2.97808 1.20345 83.4635
 7539.47 21.2542 386.352 0.133346 3.79104
 56360.7 2600.64 6.37385 115.862 1.17687
 12803.5 16761.8 663.571 1.62633 29.8632
 39519.1 2613.7 2861.62 113.287 5.37598
 22546.4 3799.59 201.522 220.637 9.14915
 98887.8 1083.56 146.695 7.78037 8.8716
 481.552 25723.3 244.123 33.0499 3.75164
 117859 47.0956 2174.96 20.6411 3.11165
 16343.5 71632.7 25.3462 1170.53 12.7834
 3808.99 8188.76 31424.7 11.1192 519.112
 92090 538.46 989.126 3795.81 64.047
 117243 25454.8 129.684 238.223 929.616
 357.02 27772.7 5250.6 26.7501 240.892
 42095.8 61.4585 4180.93 790.432 40.2911
 15105.4 17778.3 22.9487 1561.17 310.194
 1652.3 7026.02 7281.39 9.399 766.444
 40206.3 367.075 1360.03 1409.46 150.18
 33341.7 6919.86 55.388 205.214 235.334
 584.199 12569.8 2310.59 18.4945 147.102
 465.261 438.063 8337.5 1532.61 109.84
 36020.4 121.479 99.0748 1885.66 371.466
F
 0.384008 0.428508 0.428508 0.428508 0.428508
 0.459608 0.512868 0.512868 0.512868 0.512868
 0.446484 0.498224 0.498224 0.498224 0.498224
 4.01352 4.47862 4.47862 4.47862 4.47862
 0.0915048 0.102109 0.102109 0.102109 0.102109
 0.241101 0.269041 0.269041 0.269041 0.269041
 1.09654 1.22361 1.22361 1.22361 1.22361
 0.821056 0.916203 0.916203 0.916203 0.916203
 0.500475 0.558472 0.558472 0.558472 0.558472
 1.21916 1.36044 1.36044 1.36044 1.36044
 0.424145 0.473296 0.473296 0.473296 0.473296
 0.596444 0.665562 0.665562 0.665562 0.665562
 0.911861 1.01753 1.01753 1.01753 1.01753
 1.39372 1.55523 1.55523 1.55523 1.55523
 1.37421 1.53346 1.53346 1.53346 1.53346
 0.474111 0.529053 0.529053 0.529053 0.529053
 0.497743 0.555423 0.555423 0.555423 0.555423
 0.173163 0.19323 0.19323 0.19323 0.19323
 0.329285 0.367444 0.367444 0.367444 0.367444
 0.648256 0.723378 0.723378 0.723378 0.723378
 0.394791 0.44054 0.44054 0.44054 0.44054
 0.402931 0.449624 0.449624 0.449624 0.449624
 0.345549 0.385592 0.385592 0.385592 0.385592
 0.194559 0.217106 0.217106 0.217106 0.217106
 0.251677 0.280842 0.280842 0.280842 0.280842
 0.394909 0.440673 0.440673 0.440673 0.440673
 0.311412 0.347499 0.347499 0.347499 0.347499
 0.169809 0.189487 0.189487 0.189487 0.189487
 0.187794 0.209556 0.209556 0.209556 0.209556
 0.472528 0.527286 0.527286 0.527286 0.527286
 0.497368 0.555005 0.555005 0.555005 0.555005
YTP_r0W_actual
 306174 1980.1 2863.26 65620.9 14190
YTP_p0W_proyectada
 357080 218517 924.091 950.945 25265.3
CTP_r0_actual
 36020.4 121.479 99.0748 1885.66 371.466
CTP_p0_proyectada
 47484 13555.6 39.5249 32.2354 743.096
Wmedp
 7.52 16.12 23.38 29.5 34
Frms_r0
 0.497368 0.555005 0.555005 0.555005 0.555005
Zrms_r0
 1.49737 1.555 1.555 1.555 1.555
nmprior
 8.19 8.8 8.5 0
nm_flota  nm_reclas  nm_pelaces    nm_pelaL
0 4.51878 2.62391 3.50457
cv_recla  cv_pelaces  cv_mph
0.459976 1.01989 1.07233
 ------------------------------------------------
Talla a la edad & desviaci?n 
 8 13.2811 15.8009 17.003 17.5766
 0.8 1.32811 1.58009 1.7003 1.75766
