    unsorted:	 4.092307182e-05 4.457852381e-06 -0.0001900928441 0.001099981559 47.64653257 44.76947404 15.72735464 7.324845284 72.37581418 91.32575891 121.3347713 146.4311789 217.9571380 253.6322516 399.3369961 444.0597272 498.6969620 512.6152478 561.3225240 708.5591807 803.7707805 780.6870787 847.9003571 861.5094080 920.7850183 957.1760406 1019.129703 1015.243490 1091.319013 1123.508754 1207.925585 1237.802176 1309.356088 1438.029793 1545.993096 1628.043003 1787.513797 1998.303506 2073.587668 2503.651100 2607.827809 5221.255106 20250.47886 33263.08000 37165.66850 157746.8036 303283.7652 310640.0913 321023.0047 336342.9887 350068.4320 271969.4493 231486.9402 447873.0852 479712.2536 535595.2663 677066.7742 731597.6916 767007.9866 782565.1003 889975.6288 1217712.534 1363891.388 1447548.035 1569467.127 1683946.393 1762583.832 1957037.054 2109696.672 2283840.717 2400353.285 2833330.753 2922803.790 3431599.579 3689281.305 4717839.312 7450228.973
      sorted:	 -0.0001900928441 4.457852381e-06 4.092307182e-05 0.001099981559 7.324845284 15.72735464 44.76947404 47.64653257 72.37581418 91.32575891 121.3347713 146.4311789 217.9571380 253.6322516 399.3369961 444.0597272 498.6969620 512.6152478 561.3225240 708.5591807 780.6870787 803.7707805 847.9003571 861.5094080 920.7850183 957.1760406 1015.243490 1019.129703 1091.319013 1123.508754 1207.925585 1237.802176 1309.356088 1438.029793 1545.993096 1628.043003 1787.513797 1998.303506 2073.587668 2503.651100 2607.827809 5221.255106 20250.47886 33263.08000 37165.66850 157746.8036 231486.9402 271969.4493 303283.7652 310640.0913 321023.0047 336342.9887 350068.4320 447873.0852 479712.2536 535595.2663 677066.7742 731597.6916 767007.9866 782565.1003 889975.6288 1217712.534 1363891.388 1447548.035 1569467.127 1683946.393 1762583.832 1957037.054 2109696.672 2283840.717 2400353.285 2833330.753 2922803.790 3431599.579 3689281.305 4717839.312 7450228.973
