years
 1991 1992 1993 1994 1995 1996 1997 1998 1999 2000 2001 2002 2003 2004 2005 2006 2007 2008 2009 2010 2011 2012 2013 2014 2015 2016 2017 2018 2019 2020 2021
reclasobs
 0 0 0 0 0 0 0 0 0 252601 567819 844713 477998 351125 339783 2.1784e+06 2.13404e+06 4.81314e+06 1.55562e+06 2.62356e+06 3.21686e+06 3.843e+06 1.13348e+06 3.07943e+06 1.97215e+06 2.03268e+06 2.025e+06 2.42433e+06 2.27542e+06 1.05018e+06 2.36338e+06
reclaspred
 3.49215e+06 2.01066e+06 1.03019e+06 1.16445e+06 1.25331e+06 1.9037e+06 1.34617e+06 1.21344e+06 869660 628470 583342 686415 681073 564115 568858 1.19518e+06 1.24547e+06 2.52297e+06 2.11081e+06 1.59751e+06 2.83157e+06 2.31228e+06 1.91533e+06 2.9435e+06 2.22214e+06 1.98036e+06 2.27552e+06 2.32356e+06 1.95166e+06 1.31895e+06 1.96512e+06
pelacesobs
 0 0 0 0 0 0 0 0 0 0 0 0 0 0 0 552880 188675 0 991730 2.46772e+06 1.41603e+06 1.21717e+06 2.29649e+06 1.80582e+06 0 1.4828e+06 1.56532e+06 1.57751e+06 1.42118e+06 867257 1.10002e+06
pelacespred
 2.62591e+06 1.70181e+06 886240 745662 839014 1.26954e+06 972038 957146 705594 489936 440741 437166 468743 413438 410607 683434 788096 1.63096e+06 1.54586e+06 1.11252e+06 1.76359e+06 1.65405e+06 1.39961e+06 2.13446e+06 1.70909e+06 1.49752e+06 1.82715e+06 1.85299e+06 1.41718e+06 1.06497e+06 1.42978e+06
mphobs
 0 0 0 0 0 0 0 0 0 0 0 498337 0 5186 125008 0 168611 109162 213762 579715 649985 157893 87575 83554 0 0 0 0 0 0 0
mphpred
 5.02432e+06 3.39351e+06 1.75392e+06 962324 1.25278e+06 1.47399e+06 1.93581e+06 1.38844e+06 1.17918e+06 828213 540955 645706 676599 595261 445452 539135 1.32344e+06 1.37563e+06 2.38619e+06 1.87318e+06 2.01965e+06 2.48219e+06 2.37683e+06 2.03647e+06 2.81887e+06 2.32036e+06 1.93271e+06 1.99274e+06 2.65308e+06 1.88148e+06 1.24122e+06
desembarqueobs
 494567 514787 250237 358949 120608 361735 552515 73892 212993 205616 52469 317467 293654 387597 252695 516296 358380 742168 942051 627588 828172 859565 418607 520667 417249 300574 415391 372974 316634 284311 391294
desembarquepred
 494573 512890 251306 358962 120610 361747 552572 73894.4 213030 205654 52470.9 317536 293713 387673 252708 516309 358411 742121 941995 627543 828267 859653 418630 520695 417261 300584 415404 372975 316641 284328 391302
Reclutas
 257301 150547 147436 342171 274880 419185 177288 86193.8 72836.7 89889.8 153193 191538 163699 116089 119393 545916 151666 833003 513188 385046 583430 787029 182395 519520 427849 200862 424019 461672 153027 120802 449466
log_desv_Rt
 0.0467322 -0.48924 -0.510121 0.331796 0.11282 0.534798 -0.325738 -1.04692 -1.2153 -1.00493 -0.471816 -0.248427 -0.405485 -0.749159 -0.721091 0.79895 -0.481837 1.22152 0.737127 0.449848 0.865409 1.16475 -0.297338 0.749391 0.555255 -0.200895 0.546264 0.63134 -0.4729 -0.709362 0.604545
SSB
 5.02432e+06 3.39351e+06 1.75392e+06 962324 1.25278e+06 1.47399e+06 1.93581e+06 1.38844e+06 1.17918e+06 828213 540955 645706 676599 595261 445452 539135 1.32344e+06 1.37563e+06 2.38619e+06 1.87318e+06 2.01965e+06 2.48219e+06 2.37683e+06 2.03647e+06 2.81887e+06 2.32036e+06 1.93271e+06 1.99274e+06 2.65308e+06 1.88148e+06 1.24122e+06
BT
 6.59383e+06 4.51614e+06 2.34238e+06 2.22482e+06 2.17127e+06 3.60697e+06 2.82271e+06 2.44062e+06 1.94133e+06 1.40744e+06 1.17672e+06 1.38625e+06 1.46629e+06 1.47753e+06 1.34613e+06 2.29849e+06 2.21857e+06 5.07787e+06 4.82231e+06 3.323e+06 5.29793e+06 4.9881e+06 3.77864e+06 6.173e+06 4.56684e+06 3.96851e+06 5.23536e+06 5.23873e+06 3.62102e+06 2.84602e+06 4.22785e+06
Ftot
 0.0844645 0.150769 0.14481 0.189638 0.0588528 0.117452 0.243013 0.0370065 0.147858 0.196377 0.0561116 0.280119 0.261054 0.412186 0.274337 0.271197 0.173318 0.184053 0.269297 0.237619 0.179476 0.226806 0.131228 0.110525 0.113992 0.0919839 0.113506 0.100368 0.096631 0.129275 0.125402
BD_Bspro_t
 0.986577 0.898572 0.786546 0.720666 0.741652 0.800648 0.79589 0.696376 0.736443 0.706656 0.676915 0.784617 0.683441 0.608698 0.522203 0.568278 0.671992 0.66822 0.726583 0.646176 0.620759 0.66486 0.680143 0.681896 0.771213 0.777739 0.78562 0.808906 0.837997 0.790815 0.747398
BD_Bspro
 2.86667 1.93619 1.00071 0.549063 0.714787 0.840995 1.10449 0.792185 0.672792 0.472544 0.308647 0.368413 0.38604 0.339631 0.254157 0.307609 0.755102 0.784876 1.36146 1.06876 1.15233 1.41624 1.35612 1.16193 1.60833 1.3239 1.10273 1.13698 1.51374 1.0735 0.708188
BD_Bo
 2.02458 1.36743 0.706752 0.387775 0.504818 0.593952 0.780045 0.55948 0.475158 0.333734 0.217981 0.260191 0.27264 0.239864 0.179498 0.217248 0.533289 0.554318 0.961531 0.75481 0.813829 1.00021 0.957761 0.820609 1.13588 0.935003 0.778799 0.802989 1.06908 0.758156 0.500157
BD_Brms
 14.267 9.63615 4.9804 2.7326 3.55739 4.18551 5.49689 3.94259 3.34839 2.35178 1.53609 1.83354 1.92126 1.69029 1.2649 1.53092 3.75803 3.90621 6.7758 5.31906 5.73496 7.0484 6.74923 5.78274 8.00443 6.58886 5.48811 5.65857 7.53367 5.34264 3.52455
Sel_flota
 0.894757 1 1 1 1
 0.894757 1 1 1 1
 0.894757 1 1 1 1
 0.894757 1 1 1 1
 0.894757 1 1 1 1
 0.894757 1 1 1 1
 0.894757 1 1 1 1
 0.894757 1 1 1 1
 0.894757 1 1 1 1
 0.894757 1 1 1 1
 0.894757 1 1 1 1
 0.894757 1 1 1 1
 0.894757 1 1 1 1
 0.894757 1 1 1 1
 0.894757 1 1 1 1
 0.894757 1 1 1 1
 0.894757 1 1 1 1
 0.894757 1 1 1 1
 0.894757 1 1 1 1
 0.894757 1 1 1 1
 0.894757 1 1 1 1
 0.894757 1 1 1 1
 0.894757 1 1 1 1
 0.894757 1 1 1 1
 0.894757 1 1 1 1
 0.894757 1 1 1 1
 0.894757 1 1 1 1
 0.894757 1 1 1 1
 0.894757 1 1 1 1
 0.894757 1 1 1 1
 0.894757 1 1 1 1
Sel_reclas
 1 1 1 1 1
 1 1 1 1 1
 1 1 1 1 1
 1 1 1 1 1
 1 1 1 1 1
 1 1 1 1 1
 1 1 1 1 1
 1 1 1 1 1
 1 1 1 1 1
 1 1 1 1 1
 1 1 1 1 1
 1 1 1 1 1
 1 1 1 1 1
 1 1 1 1 1
 1 1 1 1 1
 1 1 1 1 1
 1 1 1 1 1
 1 1 1 1 1
 1 1 1 1 1
 1 1 1 1 1
 1 1 1 1 1
 1 1 1 1 1
 1 1 1 1 1
 1 1 1 1 1
 1 1 1 1 1
 1 1 1 1 1
 1 1 1 1 1
 1 1 1 1 1
 1 1 1 1 1
 1 1 1 1 1
 1 1 1 1 1
Sel_pelaces
 0.776533 1 1 1 1
 0.776533 1 1 1 1
 0.776533 1 1 1 1
 0.776533 1 1 1 1
 0.776533 1 1 1 1
 0.776533 1 1 1 1
 0.776533 1 1 1 1
 0.776533 1 1 1 1
 0.776533 1 1 1 1
 0.776533 1 1 1 1
 0.776533 1 1 1 1
 0.776533 1 1 1 1
 0.776533 1 1 1 1
 0.776533 1 1 1 1
 0.776533 1 1 1 1
 0.776533 1 1 1 1
 0.776533 1 1 1 1
 0.776533 1 1 1 1
 0.776533 1 1 1 1
 0.776533 1 1 1 1
 0.776533 1 1 1 1
 0.776533 1 1 1 1
 0.776533 1 1 1 1
 0.776533 1 1 1 1
 0.776533 1 1 1 1
 0.776533 1 1 1 1
 0.776533 1 1 1 1
 0.776533 1 1 1 1
 0.776533 1 1 1 1
 0.776533 1 1 1 1
 0.776533 1 1 1 1
pf_obs 
 0.8446 0.082 0.0669 0.0065 0
 0.8095 0.147 0.0364 0.0071 0
 0.9664 0.0169 0.016 0.0007 0
 0.9276 0.0648 0.0075 0.0001 0
 0.7033 0.2144 0.0806 0.0017 0
 0.9318 0.0425 0.0243 0.0014 0
 0.5671 0.3108 0.0964 0.0239 0.0018
 0.0768 0.2599 0.5324 0.112 0.0189
 0.490249 0.384438 0.106611 0.0170017 0.00170017
 0.7925 0.1577 0.0466 0.003 0.0002
 0.840416 0.127587 0.0312969 0.00059994 9.999e-05
 0.8084 0.0986 0.0794 0.0134 0.0002
 0.7335 0.1905 0.0724 0.0035 0.0001
 0.4001 0.4547 0.1325 0.0127 0
 0.49795 0.308269 0.164784 0.0264974 0.00249975
 0.9179 0.0499 0.0305 0.0017 0
 0.2467 0.6533 0.0926 0.0074 0
 0.9418 0.0223 0.034 0.0019 0
 0.707729 0.231977 0.0356964 0.0245975 0
 0.517169 0.277429 0.184464 0.0207286 0.00020938
 0.811772 0.124168 0.05621 0.00726502 0.000585176
 0.764997 0.148141 0.077277 0.00933861 0.000247198
 0.163321 0.427699 0.378323 0.0303852 0.000271297
 0.753843 0.0900009 0.118128 0.0371064 0.000921714
 0.721811 0.176058 0.0630433 0.0369309 0.00215725
 0.143369 0.312575 0.442814 0.0836902 0.0175525
 0.692698 0.0596174 0.167031 0.0765114 0.00414204
 0.394062 0.376323 0.152708 0.0712218 0.00568511
 0.125707 0.32114 0.495352 0.0537591 0.00404204
 0.23352 0.215282 0.420074 0.123614 0.00750983
 0.796117 0.104755 0.0508955 0.0450114 0.00322123
pf_pred 
 0.431151 0.103372 0.442911 0.0225654 7.42618e-07
 0.415353 0.268882 0.0573812 0.245857 0.0125263
 0.549621 0.200378 0.114977 0.0245368 0.110488
 0.789546 0.121889 0.0394034 0.0226097 0.026552
 0.65259 0.281149 0.0383763 0.012406 0.0154784
 0.727129 0.185047 0.0710734 0.00970138 0.00704906
 0.464037 0.401972 0.0908659 0.0349 0.00822516
 0.421824 0.286551 0.218718 0.0494414 0.023465
 0.490184 0.229274 0.13904 0.106127 0.0353756
 0.64254 0.185979 0.0771181 0.0467673 0.0475955
 0.768554 0.155158 0.0396907 0.0164582 0.0201385
 0.718342 0.222036 0.0399693 0.0102245 0.00942742
 0.667566 0.247227 0.0671703 0.0120915 0.00594508
 0.60637 0.273683 0.089203 0.024236 0.00650785
 0.700331 0.191407 0.0752725 0.024534 0.00845564
 0.912639 0.0634771 0.0152554 0.00599933 0.00262932
 0.444535 0.512332 0.0313409 0.00753213 0.00426027
 0.881873 0.0560914 0.0572183 0.00350022 0.001317
 0.615004 0.344214 0.0193648 0.0197538 0.00166308
 0.602002 0.256666 0.126361 0.00710884 0.00786218
 0.743731 0.161914 0.0608483 0.0299568 0.00354921
 0.748797 0.192513 0.037081 0.0139353 0.00767341
 0.348888 0.502436 0.11394 0.0219465 0.0127892
 0.746645 0.0953809 0.121902 0.0276444 0.00842766
 0.63063 0.283795 0.0322163 0.0411743 0.0121839
 0.455038 0.358439 0.143309 0.0162684 0.0269445
 0.730623 0.130418 0.0913977 0.0365422 0.0110188
 0.689208 0.234106 0.0371278 0.0260193 0.0135398
 0.387311 0.437329 0.13209 0.0209488 0.0223206
 0.466546 0.221629 0.222576 0.0672267 0.0220217
 0.835238 0.0817731 0.0344788 0.0346262 0.0138844
pobs_RECLAS
 0 0 0 0 0
 0 0 0 0 0
 0 0 0 0 0
 0 0 0 0 0
 0 0 0 0 0
 0 0 0 0 0
 0 0 0 0 0
 0 0 0 0 0
 0 0 0 0 0
 0 0 0 0 0
 0.991045 0.00858322 0.000360255 1.14367e-05 0
 0.934742 0.0480273 0.0164251 0.00080598 0
 0.827803 0.169806 0.00239088 0 0
 0.941827 0.0461693 0.0120037 0 0
 0.791401 0.0380133 0.147996 0.0225897 0
 0.846168 0.0940531 0.0597789 0 0
 0.134021 0.677848 0.182769 0.00536245 0
 0.80878 0.0450904 0.141981 0.00414843 0
 0.846168 0.0940531 0.0597789 0 0
 0.905697 0.0802665 0.012482 0.00150086 5.37128e-05
 0.989698 0.0102097 9.19794e-05 0 0
 0.975433 0.0193895 0.00387452 0.00125025 5.28907e-05
 0.303575 0.632131 0.0575291 0.00676475 0
 0.966965 0.00978017 0.0227588 0.000495775 0
 0.843318 0.132988 0.00938335 0.0141283 0.000182051
 0.564624 0.303363 0.111486 0.0197234 0.00080311
 0.826376 0.0876187 0.0782897 0.00655872 0.00115652
 0.89761 0.0855135 0.0140674 0.00269457 0.000114338
 0.34875 0.467042 0.161289 0.0227151 0.000203297
 0.318654 0.224769 0.449479 0.00709798 0
 0.937255 0.0296025 0.0250945 0.00804832 0
ppred_RECLAS
 0.458802 0.0983473 0.421382 0.0214686 7.06521e-07
 0.44295 0.25619 0.0546726 0.234252 0.0119351
 0.577313 0.188057 0.107907 0.0230281 0.103694
 0.807727 0.111359 0.0359992 0.0206564 0.0242581
 0.677473 0.261012 0.0356277 0.0115174 0.0143698
 0.748839 0.170325 0.0654187 0.00892953 0.00648823
 0.492416 0.380688 0.0860546 0.0330521 0.00778965
 0.449237 0.272965 0.208349 0.0470973 0.0223525
 0.518337 0.216613 0.131362 0.100266 0.0334221
 0.6681 0.17268 0.0716038 0.0434232 0.0441922
 0.787827 0.142238 0.0363856 0.0150877 0.0184615
 0.740868 0.204279 0.0367728 0.00940676 0.00867346
 0.692362 0.228787 0.0621602 0.0111896 0.00550164
 0.633707 0.254676 0.083008 0.0225528 0.00605589
 0.723729 0.176462 0.0693954 0.0226184 0.00779545
 0.921319 0.05717 0.0137396 0.00540323 0.00236807
 0.472567 0.486477 0.0297593 0.00715202 0.00404528
 0.893152 0.0507359 0.0517552 0.00316603 0.00119126
 0.64164 0.3204 0.018025 0.0183872 0.00154802
 0.628901 0.239318 0.117821 0.00662837 0.00733079
 0.76467 0.148685 0.0558766 0.0275091 0.00325921
 0.769549 0.17661 0.0340177 0.012784 0.0070395
 0.374851 0.482401 0.109396 0.0210714 0.0122792
 0.767286 0.0876101 0.111971 0.0253921 0.00774105
 0.656381 0.26401 0.0299703 0.0383038 0.0113345
 0.482939 0.340088 0.135972 0.0154355 0.0255651
 0.752142 0.12 0.0840965 0.033623 0.0101386
 0.712706 0.216405 0.0343205 0.024052 0.012516
 0.414226 0.418117 0.126288 0.0200285 0.0213401
 0.494609 0.20997 0.210868 0.0636902 0.0208632
 0.85013 0.074382 0.0313624 0.0314964 0.0126294
pobs_PELACES
 0 0 0 0 0
 0 0 0 0 0
 0 0 0 0 0
 0 0 0 0 0
 0 0 0 0 0
 0 0 0 0 0
 0 0 0 0 0
 0 0 0 0 0
 0 0 0 0 0
 0 0 0 0 0
 0 0 0 0 0
 0 0 0 0 0
 0 0 0 0 0
 0 0 0 0 0
 0 0 0 0 0
 0 0 0 0 0
 0.505614 0.472636 0.0217494 0 0
 0 0 0 0 0
 0.443492 0.261883 0.143347 0.151278 0
 0.227955 0.32914 0.350689 0.0885471 0.00366901
 0.970185 0.0296113 0.000203453 0 0
 0.997202 0.00247181 0.000326279 0 0
 0.445219 0.490057 0.0546422 0.010081 0
 0.90214 0.0892962 0.00764917 0.000914606 0
 0 0 0 0 0
 0.581667 0.319106 0.0959925 0.00289975 0.000334073
 0.762889 0.0836404 0.116647 0.0363945 0.000428098
 0.88444 0.0763242 0.0277011 0.0115352 0
 0.521256 0.241999 0.230069 0.00667565 0
 0.616807 0.101726 0.260614 0.0208532 0
 0.833518 0.0704572 0.0857862 0.0102388 0
ppred_PELACES
 0.397678 0.109455 0.468973 0.0238933 7.86317e-07
 0.38299 0.283766 0.0605575 0.259467 0.0132197
 0.515962 0.215353 0.12357 0.0263706 0.118745
 0.766559 0.135203 0.0437072 0.0250793 0.0294522
 0.620415 0.307188 0.0419305 0.013555 0.0169119
 0.699221 0.203973 0.0783424 0.0106936 0.00776999
 0.431725 0.426206 0.0963439 0.037004 0.00872104
 0.388081 0.303274 0.231483 0.0523269 0.0248345
 0.45651 0.244417 0.148224 0.113136 0.0377122
 0.611473 0.202142 0.0838205 0.0508319 0.051732
 0.742864 0.172381 0.0440963 0.018285 0.0223738
 0.691533 0.24317 0.0437737 0.0111977 0.0103248
 0.638148 0.269105 0.0731144 0.0131615 0.00647117
 0.576776 0.294259 0.0959095 0.0260581 0.00699712
 0.672529 0.209165 0.0822561 0.0268102 0.00924014
 0.901758 0.0713834 0.0171555 0.00674657 0.00295682
 0.411749 0.542572 0.0331908 0.00797671 0.00451173
 0.867246 0.0630372 0.0643036 0.00393365 0.00148008
 0.58393 0.371997 0.0209278 0.0213482 0.00179731
 0.570243 0.277147 0.136445 0.0076761 0.00848954
 0.717435 0.178529 0.0670921 0.0330307 0.0039134
 0.723268 0.212078 0.0408495 0.0153515 0.00845324
 0.318686 0.525742 0.119225 0.0229645 0.0133824
 0.719901 0.105449 0.13477 0.0305624 0.00931727
 0.598268 0.30866 0.035039 0.0447818 0.0132514
 0.421165 0.380719 0.152217 0.0172796 0.0286193
 0.702889 0.143845 0.100808 0.0403044 0.0121532
 0.659066 0.25681 0.0407285 0.0285427 0.0148529
 0.355241 0.46022 0.139004 0.0220453 0.0234889
 0.432909 0.235604 0.236611 0.0714657 0.0234103
 0.815636 0.0915013 0.0385806 0.0387455 0.0155361
pobs_pel_tallas
 0 0 0 0 0 0 0 0 0 0 0 0 0 0 0 0 0 0 0 0 0 0 0 0 0 0
 0 0 0 0 0 0 0 0 0 0 0 0 0 0 0 0 0 0 0 0 0 0 0 0 0 0
 0 0 0 0 0 0 0 0 0 0 0 0 0 0 0 0 0 0 0 0 0 0 0 0 0 0
 0 0 0 0 0 0 0 0 0 0 0 0 0 0 0 0 0 0 0 0 0 0 0 0 0 0
 0 0 0 0 0 0 0 0 0 0 0 0 0 0 0 0 0 0 0 0 0 0 0 0 0 0
 0 0 0 0 0 0 0 0 0 0 0 0 0 0 0 0 0 0 0 0 0 0 0 0 0 0
 0 0 0 0 0 0 0 0 0 0 0 0 0 0 0 0 0 0 0 0 0 0 0 0 0 0
 0 0 0 0 0 0 0 0 0 0 0 0 0 0 0 0 0 0 0 0 0 0 0 0 0 0
 0 0 0 0 0 0 0 0 0 0 0 0 0 0 0 0 0 0 0 0 0 0 0 0 0 0
 0 0 0 0 0 0 0 0 0 0 0 0 0 0 0 0 0 0 0 0 0 0 0 0 0 0
 0 0 0 0 0 0 0 0 0 0 0 0 0 0 0 0 0 0 0 0 0 0 0 0 0 0
 0 0 0 0 0 0 0 0 0 0 0 0 0 0 0 0 0 0 0 0 0 0 0 0 0 0
 0.00862536 0 0 0.000197151 0.00414017 0.0128641 0.00837892 0.0270097 0.101434 0.158115 0.152841 0.127902 0.109271 0.109419 0.0830992 0.0579132 0.0238553 0.00714673 0.00463305 0.00128148 0.00103504 0.000492878 0.000147863 0.000147863 4.92878e-05 0
 0 0 0 0 0 0 0 0 0 0 0 0 0 0 0 0 0 0 0 0 0 0 0 0 0 0
 0 0 0 0 0 0 0 0.0054083 0.00873648 0.0413646 0.0450493 0.0745869 0.0622846 0.0627006 0.0613931 0.0827291 0.12552 0.122667 0.0946155 0.0697135 0.0546179 0.0294188 0.0215738 0.0213955 0.0102223 0.00600262
 0 0 0 0 0.00359764 0.0251062 0.0480494 0.140153 0.205849 0.193036 0.1447 0.116669 0.0760912 0.0342217 0.00950174 0.001854 0.000860785 0 0 0 0.000165536 0 0.000143464 0 0 0
 0 0 0 0 0 0 0 0.000145254 0.000435761 0.0275982 0.070085 0.0708112 0.156366 0.174668 0.174014 0.160142 0.0824315 0.0480064 0.0283245 0.00493863 0.00203355 0 0 0 0 0
 0 0 0 0 0 0 0 0 0 0 0 0 0 0 0 0 0 0 0 0 0 0 0 0 0 0
 0 0 1.00437e-05 0.000401748 0.00122533 0.00171747 0.00176769 0.0269171 0.070346 0.194647 0.189555 0.159765 0.064822 0.0314167 0.0384472 0.0292271 0.0345202 0.0313363 0.0194345 0.0106764 0.0143323 0.0359363 0.0279516 0.0138201 0.00172751 0
 0 0.0021121 0.0136068 0.0755702 0.200478 0.177729 0.0527432 0.0373336 0.0318909 0.0142505 0.0149659 0.0166563 0.0217959 0.0798694 0.0677717 0.0528807 0.04013 0.0224614 0.0357745 0.0225083 0.00881397 0.00855152 0.00135912 0.000746735 0 0
 0 0 0 0 5.4009e-05 0.00500934 0.000945158 0.0243581 0.138947 0.33067 0.221406 0.137944 0.0707744 0.0437923 0.0131692 0.00525238 0.0047753 0.00276346 9.45158e-05 9.00151e-06 2.25038e-05 9.00151e-06 4.50075e-06 0 0 0
 0.000866109 0.00284123 0.00948549 0.0512746 0.133035 0.25785 0.225252 0.132002 0.0553304 0.0519788 0.0540692 0.017754 0.00435017 0.00159236 0.00146478 0.000404838 0.000125132 0.000115318 0.000107957 0.000100596 0 0 0 0 0 0
 0 0 0 0 0.00144013 0.00171154 0.00461396 0.0210425 0.0478622 0.0707936 0.0888783 0.103762 0.0637923 0.0337046 0.0602308 0.124433 0.169614 0.0934646 0.0462172 0.0250306 0.0313229 0.00938855 0.002487 0.000210481 0 0
 0 0.00764035 0.051015 0.0998891 0.058973 0.0496711 0.0374665 0.0718981 0.12319 0.153886 0.159021 0.0857701 0.0377988 0.023471 0.0147837 0.00900784 0.00315554 0.000888139 0.00291439 0.00214683 0.00393193 0.00274676 0.000635225 9.99891e-05 0 0
 0 0 0 0 0 0 0 0 0 0 0 0 0 0 0 0 0 0 0 0 0 0 0 0 0 0
 0 0 0 0 0 0 0 0 0 0 0 0 0 0 0 0 0 0 0 0 0 0 0 0 0 0
 0 0 0 0 0 0 0 0 0 0 0 0 0 0 0 0 0 0 0 0 0 0 0 0 0 0
 0 0 0 0 0 0 0 0 0 0 0 0 0 0 0 0 0 0 0 0 0 0 0 0 0 0
 0 0 0 0 0 0 0 0 0 0 0 0 0 0 0 0 0 0 0 0 0 0 0 0 0 0
 0 0 0 0 0 0 0 0 0 0 0 0 0 0 0 0 0 0 0 0 0 0 0 0 0 0
 0 0 0 0 0 0 0 0 0 0 0 0 0 0 0 0 0 0 0 0 0 0 0 0 0 0
ppred_pel_tallas
 1.15958e-16 3.27562e-05 0.000318402 0.00211589 0.00961855 0.029927 0.0637629 0.0930662 0.0930775 0.0638183 0.0301148 0.0101701 0.00353415 0.00352637 0.00645238 0.0114661 0.0184898 0.0273525 0.0377429 0.0492662 0.0612378 0.0723026 0.0803599 0.0831753 0.07945 0.0696216
 1.30079e-16 3.15464e-05 0.000306642 0.00203775 0.00926332 0.0288218 0.0614089 0.0896338 0.0896613 0.0615432 0.0292731 0.0105689 0.00532219 0.00750238 0.013778 0.0229537 0.0336349 0.0436097 0.0507678 0.0544492 0.0559516 0.0576108 0.0611011 0.0662524 0.0711647 0.0733515
 1.26361e-16 4.24991e-05 0.000413107 0.00274524 0.0124795 0.0388284 0.0827287 0.120749 0.12077 0.0828311 0.0391726 0.013476 0.00525553 0.00592325 0.0105977 0.0176958 0.0260744 0.0340698 0.0400585 0.0434315 0.0449821 0.0462812 0.0485179 0.0517154 0.0548102 0.0563499
 1.08796e-16 6.31404e-05 0.000613748 0.00407857 0.0185406 0.0576867 0.122908 0.179391 0.179404 0.122972 0.0579016 0.0191619 0.00564085 0.00403331 0.00658492 0.0108604 0.0158193 0.0202905 0.0231429 0.023907 0.0230623 0.0216829 0.0207193 0.0204756 0.0206008 0.0204586
 1.0551e-16 5.11028e-05 0.000496737 0.003301 0.0150059 0.046689 0.0994769 0.145196 0.145225 0.0996216 0.0471748 0.0164091 0.00682339 0.00818676 0.0146579 0.024158 0.0348131 0.0438225 0.0483729 0.0471882 0.0412968 0.0333331 0.0259481 0.0205618 0.017178 0.0150123
 1.04701e-16 5.7594e-05 0.000559834 0.00372029 0.0169119 0.0526194 0.112112 0.163635 0.163654 0.112208 0.0529436 0.0178493 0.00607712 0.00571746 0.00988997 0.0163559 0.0237819 0.0303792 0.0343498 0.0348456 0.0324251 0.0285772 0.0247245 0.0215163 0.0188315 0.016257
 1.08077e-16 3.55607e-05 0.000345663 0.00229705 0.0104421 0.0324895 0.0692237 0.101043 0.101084 0.0694248 0.0331648 0.0123935 0.00719866 0.0110568 0.0204101 0.0337711 0.0488477 0.0618596 0.0689708 0.0684186 0.0615335 0.0517525 0.0424559 0.035336 0.0302556 0.0261901
 1.16208e-16 3.19658e-05 0.000310719 0.00206484 0.00938647 0.0292049 0.0622253 0.0908258 0.0908554 0.0623698 0.029691 0.0107944 0.00561414 0.00810928 0.0149913 0.0251225 0.037101 0.0485799 0.0571479 0.06166 0.0627691 0.0621372 0.061027 0.0594897 0.0566824 0.0518081
 1.22068e-16 3.76022e-05 0.000365507 0.00242892 0.0110415 0.0343544 0.0731967 0.106838 0.106861 0.0733129 0.0347456 0.0121742 0.00528331 0.00663462 0.0120573 0.0201775 0.0297928 0.0390454 0.0460968 0.0502118 0.052167 0.0535321 0.0553957 0.0575776 0.0588497 0.057822
 1.16323e-16 5.03663e-05 0.000489578 0.00325342 0.0147896 0.046016 0.0980427 0.1431 0.14312 0.0981385 0.046338 0.0157211 0.00559744 0.00562613 0.00986444 0.0163867 0.0239851 0.0310029 0.0358166 0.0377715 0.037582 0.0367763 0.0366189 0.0373596 0.0382744 0.0382785
 1.06937e-16 6.11888e-05 0.000594777 0.0039525 0.0179675 0.0559037 0.119109 0.173847 0.173864 0.119191 0.0561771 0.0187577 0.00593814 0.0049363 0.00832719 0.0137253 0.0199007 0.0253206 0.0284759 0.0287039 0.026583 0.0235124 0.020816 0.0190722 0.018065 0.017198
 1.04196e-16 5.69607e-05 0.000553679 0.00367939 0.016726 0.0520409 0.110879 0.161837 0.16186 0.110994 0.0524258 0.0178379 0.00647137 0.00665153 0.0116467 0.0191875 0.0276908 0.0349428 0.0387266 0.0380269 0.0336262 0.0275508 0.0218284 0.0175282 0.0146414 0.0125897
 1.04594e-16 5.25635e-05 0.000510936 0.00339535 0.0154348 0.0480234 0.10232 0.149344 0.14937 0.102447 0.0484502 0.016668 0.00649369 0.0072837 0.0129419 0.0213819 0.0309587 0.0392712 0.0438962 0.043702 0.0394857 0.0333565 0.0273938 0.0226475 0.0190693 0.0161009
 1.06641e-16 4.75084e-05 0.000461798 0.00306881 0.0139504 0.043405 0.09248 0.134983 0.135012 0.0926191 0.0438722 0.015301 0.00646353 0.00788722 0.0141931 0.0235029 0.03412 0.0434709 0.0489514 0.04935 0.0455194 0.0396866 0.03399 0.0294205 0.0257956 0.0224478
 1.0668e-16 5.53953e-05 0.000538462 0.00357827 0.0162663 0.0506107 0.107832 0.157388 0.157409 0.107931 0.0509433 0.0172283 0.00599732 0.00583405 0.0101564 0.016818 0.0244934 0.0313767 0.035659 0.036507 0.0345183 0.0312131 0.0279975 0.0254343 0.0232669 0.0209469
 1.01691e-16 7.42766e-05 0.000721995 0.00479791 0.0218106 0.0678609 0.144585 0.211028 0.211035 0.144619 0.0679741 0.0221376 0.00561936 0.0025174 0.00349059 0.00567039 0.00820244 0.0104031 0.0116309 0.0115949 0.0105203 0.00898027 0.00753287 0.00644792 0.00568593 0.00505985
 1.02661e-16 3.39153e-05 0.000329669 0.00219077 0.00995895 0.0309863 0.0660214 0.0963712 0.0964234 0.0662766 0.0318428 0.0124319 0.00839479 0.0138616 0.0256999 0.0423452 0.0607895 0.0760094 0.0829069 0.0791339 0.0665137 0.0498571 0.0341579 0.0223294 0.01477 0.0103639
 1.02517e-16 7.14339e-05 0.000694363 0.00461428 0.0209759 0.0652638 0.139052 0.202951 0.202957 0.139082 0.0653652 0.0212701 0.00535695 0.00232926 0.00321636 0.00530814 0.00788092 0.0104112 0.0123987 0.0135832 0.0140418 0.0140313 0.0137253 0.0130893 0.0119817 0.0103492
 1.03145e-16 4.80976e-05 0.000467526 0.00310687 0.0141234 0.0439434 0.0936274 0.136659 0.136695 0.0938023 0.0445307 0.0158191 0.00736121 0.00974771 0.0176523 0.0290538 0.041727 0.0522239 0.0570727 0.0546938 0.0463644 0.0353908 0.0251684 0.0176217 0.0129173 0.0101814
 1.06215e-16 4.69702e-05 0.000456567 0.00303405 0.0137924 0.0429133 0.0914324 0.133454 0.133481 0.0915637 0.0433548 0.0150692 0.00624631 0.00749278 0.0134796 0.0223912 0.0326709 0.041956 0.0478332 0.0491333 0.0465284 0.041886 0.0369591 0.0324983 0.0283255 0.0240012
 1.05957e-16 5.90942e-05 0.000574417 0.0038172 0.0173525 0.05399 0.115032 0.167896 0.167914 0.115117 0.0542739 0.0181734 0.00588155 0.00509339 0.00867847 0.0143518 0.0209011 0.0267793 0.0304492 0.0312121 0.0295916 0.0268948 0.0243162 0.0223111 0.0206176 0.0187224
 1.04204e-16 5.95746e-05 0.000579087 0.00384824 0.0174935 0.054429 0.115967 0.169262 0.169283 0.116067 0.0547648 0.0184637 0.00628467 0.00590147 0.0101786 0.0167622 0.0242109 0.0305977 0.034002 0.0335491 0.0299227 0.0248763 0.0201462 0.0166202 0.0142452 0.012485
 1.08143e-16 2.62498e-05 0.000255158 0.00169562 0.00770806 0.0239829 0.0511 0.0745925 0.0746433 0.051348 0.0248158 0.0101147 0.00774012 0.0134621 0.0251433 0.0416161 0.0601592 0.0760971 0.0846617 0.0836368 0.0746321 0.0618884 0.0496311 0.0400622 0.0331655 0.0278221
 1.08558e-16 5.92973e-05 0.000576391 0.00383032 0.0174121 0.0541755 0.115427 0.168471 0.168482 0.115478 0.0543464 0.0179081 0.00508495 0.00334701 0.00541466 0.00910262 0.0136811 0.0184105 0.0225536 0.0257436 0.028102 0.0299357 0.0312939 0.0318067 0.0309404 0.0284169
 1.07824e-16 4.92786e-05 0.000479005 0.00318316 0.0144702 0.0450223 0.095926 0.140013 0.140043 0.0960713 0.0455105 0.0158801 0.0067226 0.00820686 0.0147303 0.0242885 0.0350249 0.0441514 0.0488827 0.0479933 0.0425753 0.0353064 0.0288177 0.0244172 0.0219167 0.0203186
 1.11067e-16 3.46909e-05 0.000337208 0.00224087 0.0101867 0.0316947 0.0675303 0.0985702 0.0986071 0.0677105 0.0323001 0.0119372 0.00664258 0.00997176 0.0184076 0.0305735 0.0445004 0.0569296 0.0645371 0.0657671 0.0616787 0.0550464 0.0484927 0.0431652 0.0387516 0.0343862
 1.09045e-16 5.78961e-05 0.000562771 0.00373981 0.0170006 0.0528954 0.1127 0.164491 0.164505 0.112768 0.0531258 0.0176679 0.00542153 0.00425698 0.00714192 0.0118951 0.0175545 0.0229776 0.0270343 0.0292143 0.0298748 0.029851 0.0297615 0.0295967 0.0288612 0.0270435
 1.06618e-16 5.42864e-05 0.000527684 0.00350664 0.0159407 0.0495976 0.105674 0.154239 0.154264 0.105795 0.0500041 0.0171149 0.00645503 0.00696737 0.0122947 0.0202685 0.0292646 0.0369661 0.0410619 0.0405236 0.0362277 0.0303504 0.0250265 0.021313 0.0190635 0.0174993
 1.10315e-16 2.92608e-05 0.000284426 0.00189011 0.00859219 0.0267337 0.0569607 0.0831451 0.0831896 0.0571781 0.027464 0.010703 0.00719446 0.0118834 0.0221151 0.0366649 0.0531673 0.067602 0.075869 0.0760616 0.0695401 0.0598644 0.0504989 0.043122 0.0375376 0.032709
 1.18018e-16 3.56582e-05 0.00034661 0.00230335 0.0104707 0.0325784 0.0694125 0.101314 0.101337 0.0695253 0.0329581 0.0115718 0.005084 0.00647248 0.011834 0.0199395 0.0297367 0.0395411 0.0476267 0.0531825 0.0566431 0.0590236 0.0608513 0.0616517 0.0603612 0.056198
 1.07652e-16 6.71829e-05 0.000653042 0.00433969 0.0197276 0.06138 0.130777 0.190875 0.190883 0.13082 0.0615259 0.0201497 0.00540199 0.00298193 0.00451998 0.00744669 0.0109167 0.0141583 0.0164508 0.0175132 0.0176735 0.0176069 0.0178416 0.0184245 0.0189585 0.0189073
pSPR Fmed_Fpbrs
0.74347   0.191907 0.191907
Fs Fmed_Fpbrs
0.147726   1.005 1.005
SSBpbr Bo_Bmed_Bpbrs
2.48166e+06  1.72096e+06  352164 352164
Ro
245553
SPR SPRFo_SPRFmed_SPRFpbrs
1.75267e+06 1.30306e+06 336349
Fref
1.005
Nvult_r0
 301666 26739.7 11274.5 11322.7 4540.16
CTP_r0
 30433.4 2979.55 1256.3 1261.67 505.902
YTP_r0
391302
Np
 319671 47849.5 19902.7 1729.93 827.63
Nvult_p0
 271822 41406.1 17222.6 1496.98 716.181
CTP_p0
 128700 64107.8 5572.21 2349.47 3125.22
 128700 20754.7 8632.78 750.356 358.984
YTP_p0
 2.27215e+06 1.52304e+06
CBA_c0
2.04742e+06
log_Ro
12.2313
likeval ReclasPelacesDesembMPH_pf_preclas_ppelaces_ptallas_desvR_qrecl_qpela
 19.9364 19.4258 0.160308 0.00360052 241.476 121.23 99.5807 0 19.6269 1.16744e-05 0 0.813324 0 0 0
q_reclas_q_pelaces
0.616207 1
M
1
N
 257301 55399.9 237368 12093.4 0.39799
 150547 87765.8 18729.8 80250.2 4088.72
 147436 48393.8 27768.5 5925.97 26684.3
 342171 47647.2 15403 8838.28 10379.3
 274880 106233 14500.5 4687.62 5848.52
 419185 95935.5 36847.2 5029.57 3654.5
 177288 138826 31381.7 12053.2 2840.66
 86193.8 52475.1 40053.2 9054.04 4297.07
 72836.7 30676.2 18603.2 14199.4 4733.16
 89889.8 23474.7 9734.03 5903.08 6007.61
 153193 27740 7096.1 2942.48 3600.45
 191538 53596.9 9648.12 2468.06 2275.67
 163699 54841.6 14900.2 2682.22 1318.78
 116089 47677 15539.7 4222.04 1133.7
 119393 29534.2 11614.6 3785.62 1304.71
 545916 34362.2 8258.24 3247.63 1423.34
 151666 157560 9638.45 2316.4 1310.19
 833003 47779.7 48739.6 2981.55 1121.84
 513188 259915 14622.3 14916.1 1255.79
 385046 148367 73043.7 4109.29 4544.76
 583430 114520 43037.3 21188.1 2510.32
 787029 182790 35208.1 13231.4 7285.83
 182395 236354 53599 10324 6016.22
 519520 59665.8 76256.3 17293 5271.95
 427849 173125 19653.1 25117.8 7432.58
 200862 142135 56827.6 6451.05 10684.5
 424019 68055 47693.3 19068.5 5749.85
 461672 140924 22349.6 15662.7 8150.48
 153027 155252 46892.1 7436.81 7923.82
 120802 51632.6 51853.3 15661.7 5130.36
 449466 39586.3 16691.2 16762.5 6721.41
pred_Ctot
 11912.4 2856.09 12237.3 623.466 0.020518
 12142.6 7860.6 1677.5 7187.48 366.2
 11446.5 4173.09 2394.53 511.008 2301.03
 34226.5 5283.84 1708.12 980.123 1151.02
 8951.66 3856.56 526.413 170.175 212.319
 26661.4 6785.06 2606.03 355.717 258.465
 22292 19310.4 4365.13 1676.57 395.131
 1779.37 1208.75 922.615 208.557 98.9818
 5767.43 2697.6 1635.93 1248.67 416.225
 9288.27 2688.43 1114.78 676.047 688.018
 4761.3 961.228 245.89 101.961 124.761
 27395.2 8467.73 1524.3 389.927 359.531
 21968.9 8136 2210.51 397.919 195.647
 23321 10525.8 3430.74 932.115 250.292
 16758.5 4580.26 1801.23 587.085 202.339
 75835 5274.58 1267.63 498.509 218.481
 13947.4 16074.6 983.33 236.323 133.667
 81032.9 5154.09 5257.63 321.626 121.016
 70837 39647 2230.46 2275.27 191.555
 47432.2 20222.9 9956.11 560.111 619.467
 55435.5 12068.6 4535.45 2232.89 264.547
 92899.4 23884.2 4600.45 1728.88 952.001
 12896.3 18572.1 4211.69 811.234 472.74
 31173.2 3982.25 5089.54 1154.18 351.863
 26444.2 11900.4 1350.93 1726.56 510.906
 10099.3 7955.32 3180.66 361.067 598.016
 26100.6 4659.03 3265.07 1305.42 393.633
 25250.4 8576.91 1360.25 953.268 496.056
 8069.04 9111.11 2751.91 436.436 465.017
 8420.21 3999.95 4017.05 1213.3 397.447
 30433.4 2979.55 1256.3 1261.67 505.902
F
 0.0755753 0.0844645 0.0844645 0.0844645 0.0844645
 0.134902 0.150769 0.150769 0.150769 0.150769
 0.12957 0.14481 0.14481 0.14481 0.14481
 0.16968 0.189638 0.189638 0.189638 0.189638
 0.052659 0.0588528 0.0588528 0.0588528 0.0588528
 0.105091 0.117452 0.117452 0.117452 0.117452
 0.217438 0.243013 0.243013 0.243013 0.243013
 0.0331119 0.0370065 0.0370065 0.0370065 0.0370065
 0.132297 0.147858 0.147858 0.147858 0.147858
 0.175709 0.196377 0.196377 0.196377 0.196377
 0.0502063 0.0561116 0.0561116 0.0561116 0.0561116
 0.250639 0.280119 0.280119 0.280119 0.280119
 0.23358 0.261054 0.261054 0.261054 0.261054
 0.368807 0.412186 0.412186 0.412186 0.412186
 0.245465 0.274337 0.274337 0.274337 0.274337
 0.242656 0.271197 0.271197 0.271197 0.271197
 0.155077 0.173318 0.173318 0.173318 0.173318
 0.164683 0.184053 0.184053 0.184053 0.184053
 0.240955 0.269297 0.269297 0.269297 0.269297
 0.212611 0.237619 0.237619 0.237619 0.237619
 0.160587 0.179476 0.179476 0.179476 0.179476
 0.202936 0.226806 0.226806 0.226806 0.226806
 0.117418 0.131228 0.131228 0.131228 0.131228
 0.0988926 0.110525 0.110525 0.110525 0.110525
 0.101995 0.113992 0.113992 0.113992 0.113992
 0.0823032 0.0919839 0.0919839 0.0919839 0.0919839
 0.101561 0.113506 0.113506 0.113506 0.113506
 0.0898051 0.100368 0.100368 0.100368 0.100368
 0.0864613 0.096631 0.096631 0.096631 0.096631
 0.115669 0.129275 0.129275 0.129275 0.129275
 0.112204 0.125402 0.125402 0.125402 0.125402
YTP_r0W_actual
 252597 42011.7 34673.8 43149 18870.2
YTP_p0W_proyectada
 963960 1.00457e+06 128885 69003.8 105726
 963960 325226 199676 22037.9 12144.4
CTP_r0_actual
 30433.4 2979.55 1256.3 1261.67 505.902
CTP_p0_proyectada
 128700 64107.8 5572.21 2349.47 3125.22
 128700 20754.7 8632.78 750.356 358.984
Wmedp
 7.49 15.67 23.13 29.37 33.83
Frms_r0
 0.112204 0.125402 0.125402 0.125402 0.125402
Zrms_r0
 1.1122 1.1254 1.1254 1.1254 1.1254
nmprior
 8.19 8.8 8.5 0
nm_flota  nm_reclas  nm_pelaces    nm_pelaL
inf 11.1736 12.7969 27.4939
cv_recla  cv_pelaces  cv_mph
0.403876 0.499761 1.85177
 ------------------------------------------------
Talla a la edad & desviaci?n 
 8 13.2811 15.8009 17.003 17.5766
 0.8 1.32811 1.58009 1.7003 1.75766
