years
 1991 1992 1993 1994 1995 1996 1997 1998 1999 2000 2001 2002 2003 2004 2005 2006 2007 2008 2009 2010 2011 2012 2013 2014 2015 2016 2017 2018 2019 2020 2021
reclasobs
 0 0 0 0 0 0 0 0 0 252601 567819 844713 477998 351125 339783 2.1784e+06 2.13404e+06 4.81314e+06 1.55562e+06 2.62356e+06 3.21686e+06 3.843e+06 1.13348e+06 3.07943e+06 1.97215e+06 2.03268e+06 2.025e+06 2.42433e+06 2.27542e+06 1.05018e+06 2.36338e+06
reclaspred
 2.91198e+06 1.59965e+06 800495 685126 617616 1.13561e+06 620851 517277 389078 292331 433606 599746 589475 438859 433509 1.35405e+06 1.25276e+06 3.00242e+06 2.46197e+06 1.78105e+06 3.17745e+06 2.58749e+06 1.97275e+06 3.08138e+06 2.27222e+06 1.96503e+06 2.41495e+06 2.66142e+06 2.13721e+06 1.27343e+06 1.81793e+06
pelacesobs
 0 0 0 0 0 0 0 0 0 0 0 0 0 0 0 552880 188675 0 991730 2.46772e+06 1.41603e+06 1.21717e+06 2.29649e+06 1.80582e+06 0 1.4828e+06 1.56532e+06 1.57751e+06 1.42118e+06 867257 1.10002e+06
pelacespred
 1.31149e+06 792684 391567 270155 262796 498272 229909 261253 177447 125509 201605 234932 256049 196869 201207 535093 498072 1.3919e+06 1.16606e+06 781635 1.36592e+06 1.18854e+06 909666 1.56546e+06 1.10801e+06 956981 1.34276e+06 1.45479e+06 964569 655371 927033
mphobs
 0 0 0 0 0 0 0 0 0 0 0 498337 0 5186 125008 0 168611 109162 213762 579715 649985 157893 87575 83554 0 0 0 0 0 0 0
mphpred
 2.51182e+06 1.66001e+06 804571 432516 380536 407778 607154 311899 277043 186722 130805 294964 327460 269642 168774 214913 890041 798487 1.70657e+06 1.26681e+06 1.31333e+06 1.65133e+06 1.56891e+06 1.23933e+06 1.7571e+06 1.41936e+06 1.14051e+06 1.26859e+06 1.84466e+06 1.21361e+06 689839
desembarqueobs
 494567 514787 250237 358949 120608 361735 552515 73892 212993 205616 52469 317467 293654 387597 252695 516296 358380 742168 942051 627588 828172 859565 418607 520667 417249 300574 415391 372974 316634 284311 391294
desembarquepred
 494566 514038 250437 358982 120612 361716 552436 73895.3 213019 205636 52470.9 317500 293671 387552 252660 516206 358388 742017 941708 627364 828185 859491 418594 520672 417228 300559 415369 372940 316612 284302 391282
Reclutas
 173691 99219.9 98368.8 119646 96902.5 216748 78424.2 31616.7 36529.2 53159.3 100691 137502 112270 77713.4 74262.6 459502 81645.8 703838 393745 293666 450888 596793 109328 360624 291975 127725 310440 355340 90354.1 64475.2 274785
log_desv_Rt
 0.136615 -0.423327 -0.431941 -0.236127 -0.44696 0.358072 -0.658532 -1.56698 -1.42255 -1.04737 -0.408606 -0.0970266 -0.29976 -0.667638 -0.713058 1.10948 -0.618274 1.53588 0.955038 0.661779 1.09055 1.3709 -0.326312 0.867171 0.656003 -0.170785 0.717325 0.852409 -0.516929 -0.854384 0.595325
SSB
 2.51182e+06 1.66001e+06 804571 432516 380536 407778 607154 311899 277043 186722 130805 294964 327460 269642 168774 214913 890041 798487 1.70657e+06 1.26681e+06 1.31333e+06 1.65133e+06 1.56891e+06 1.23933e+06 1.7571e+06 1.41936e+06 1.14051e+06 1.26859e+06 1.84466e+06 1.21361e+06 689839
BT
 3.4455e+06 2.33576e+06 1.14947e+06 924614 703823 1.46065e+06 1.0194e+06 669011 619460 485574 509505 805369 856149 856229 717645 1.65009e+06 1.42853e+06 3.86738e+06 3.59223e+06 2.37054e+06 3.82255e+06 3.54418e+06 2.46261e+06 4.09631e+06 2.94384e+06 2.47467e+06 3.52274e+06 3.73054e+06 2.48674e+06 1.79176e+06 2.51874e+06
Ftot
 0.169407 0.312817 0.309336 0.543898 0.206551 0.360694 0.843832 0.151135 0.575111 0.732245 0.144291 0.568619 0.530171 0.920453 0.659104 0.462789 0.288292 0.290661 0.401002 0.371459 0.285305 0.358337 0.213254 0.192324 0.19202 0.158152 0.19449 0.160531 0.145391 0.222643 0.24988
BD_Bspro_t
 0.973259 0.811619 0.625498 0.521225 0.465592 0.538026 0.550016 0.342222 0.392594 0.347845 0.330683 0.609317 0.499088 0.405906 0.29108 0.3469 0.574117 0.53479 0.650893 0.550514 0.51479 0.56859 0.585345 0.568123 0.679024 0.684059 0.687124 0.73105 0.782565 0.709189 0.625082
BD_Bspro
 2.32267 1.53501 0.743984 0.399947 0.35188 0.377071 0.561434 0.288412 0.256181 0.172662 0.120955 0.272753 0.302801 0.249337 0.156065 0.198729 0.823019 0.738358 1.57806 1.17141 1.21443 1.52698 1.45077 1.14601 1.62479 1.31248 1.05463 1.17306 1.70575 1.12222 0.637892
BD_Bo
 1.43973 0.951487 0.461164 0.24791 0.218116 0.23373 0.348009 0.178774 0.158796 0.107026 0.0749747 0.169068 0.187694 0.154554 0.0967379 0.123184 0.510154 0.457677 0.97817 0.726109 0.752777 0.946508 0.89927 0.710361 1.00714 0.813549 0.653719 0.727131 1.05732 0.695616 0.395402
BD_Brms
 8.13921 5.37904 2.6071 1.40151 1.23307 1.32135 1.9674 1.01066 0.897721 0.605048 0.423855 0.955792 1.06109 0.873738 0.546889 0.696396 2.88406 2.58739 5.52989 4.10491 4.25567 5.3509 5.08385 4.01589 5.69366 4.59924 3.69567 4.11069 5.97737 3.93253 2.23533
Sel_flota
 0.728144 1 1 1 1
 0.728144 1 1 1 1
 0.728144 1 1 1 1
 0.728144 1 1 1 1
 0.728144 1 1 1 1
 0.728144 1 1 1 1
 0.728144 1 1 1 1
 0.728144 1 1 1 1
 0.728144 1 1 1 1
 0.728144 1 1 1 1
 0.728144 1 1 1 1
 0.728144 1 1 1 1
 0.728144 1 1 1 1
 0.728144 1 1 1 1
 0.728144 1 1 1 1
 0.728144 1 1 1 1
 0.728144 1 1 1 1
 0.728144 1 1 1 1
 0.728144 1 1 1 1
 0.728144 1 1 1 1
 0.728144 1 1 1 1
 0.728144 1 1 1 1
 0.728144 1 1 1 1
 0.728144 1 1 1 1
 0.728144 1 1 1 1
 0.728144 1 1 1 1
 0.728144 1 1 1 1
 0.728144 1 1 1 1
 0.728144 1 1 1 1
 0.728144 1 1 1 1
 0.728144 1 1 1 1
Sel_reclas
 1 1 1 1 1
 1 1 1 1 1
 1 1 1 1 1
 1 1 1 1 1
 1 1 1 1 1
 1 1 1 1 1
 1 1 1 1 1
 1 1 1 1 1
 1 1 1 1 1
 1 1 1 1 1
 1 1 1 1 1
 1 1 1 1 1
 1 1 1 1 1
 1 1 1 1 1
 1 1 1 1 1
 1 1 1 1 1
 1 1 1 1 1
 1 1 1 1 1
 1 1 1 1 1
 1 1 1 1 1
 1 1 1 1 1
 1 1 1 1 1
 1 1 1 1 1
 1 1 1 1 1
 1 1 1 1 1
 1 1 1 1 1
 1 1 1 1 1
 1 1 1 1 1
 1 1 1 1 1
 1 1 1 1 1
 1 1 1 1 1
Sel_pelaces
 1 1 1 1 1
 1 1 1 1 1
 1 1 1 1 1
 1 1 1 1 1
 1 1 1 1 1
 1 1 1 1 1
 1 1 1 1 1
 1 1 1 1 1
 1 1 1 1 1
 1 1 1 1 1
 1 1 1 1 1
 1 1 1 1 1
 1 1 1 1 1
 1 1 1 1 1
 1 1 1 1 1
 1 1 1 1 1
 1 1 1 1 1
 1 1 1 1 1
 1 1 1 1 1
 1 1 1 1 1
 1 1 1 1 1
 1 1 1 1 1
 1 1 1 1 1
 1 1 1 1 1
 1 1 1 1 1
 1 1 1 1 1
 1 1 1 1 1
 1 1 1 1 1
 1 1 1 1 1
 1 1 1 1 1
 1 1 1 1 1
pf_obs 
 0.8446 0.082 0.0669 0.0065 0
 0.8095 0.147 0.0364 0.0071 0
 0.9664 0.0169 0.016 0.0007 0
 0.9276 0.0648 0.0075 0.0001 0
 0.7033 0.2144 0.0806 0.0017 0
 0.9318 0.0425 0.0243 0.0014 0
 0.5671 0.3108 0.0964 0.0239 0.0018
 0.0768 0.2599 0.5324 0.112 0.0189
 0.490249 0.384438 0.106611 0.0170017 0.00170017
 0.7925 0.1577 0.0466 0.003 0.0002
 0.840416 0.127587 0.0312969 0.00059994 9.999e-05
 0.8084 0.0986 0.0794 0.0134 0.0002
 0.7335 0.1905 0.0724 0.0035 0.0001
 0.4001 0.4547 0.1325 0.0127 0
 0.49795 0.308269 0.164784 0.0264974 0.00249975
 0.9179 0.0499 0.0305 0.0017 0
 0.2467 0.6533 0.0926 0.0074 0
 0.9418 0.0223 0.034 0.0019 0
 0.707729 0.231977 0.0356964 0.0245975 0
 0.517169 0.277429 0.184464 0.0207286 0.00020938
 0.811772 0.124168 0.05621 0.00726502 0.000585176
 0.764997 0.148141 0.077277 0.00933861 0.000247198
 0.163321 0.427699 0.378323 0.0303852 0.000271297
 0.753843 0.0900009 0.118128 0.0371064 0.000921714
 0.721811 0.176058 0.0630433 0.0369309 0.00215725
 0.143369 0.312575 0.442814 0.0836902 0.0175525
 0.692698 0.0596174 0.167031 0.0765114 0.00414204
 0.394062 0.376323 0.152708 0.0712218 0.00568511
 0.125707 0.32114 0.495352 0.0537591 0.00404204
 0.23352 0.215282 0.420074 0.123614 0.00750983
 0.796117 0.104755 0.0508955 0.0450114 0.00322123
pf_pred 
 0.443422 0.147488 0.381512 0.0275773 8.41228e-07
 0.411854 0.311301 0.0733612 0.189766 0.0137175
 0.561747 0.220468 0.115272 0.0271651 0.0753483
 0.674468 0.211386 0.0574221 0.0300234 0.0267002
 0.648498 0.266141 0.0554294 0.0150572 0.014874
 0.794698 0.148589 0.042941 0.00894334 0.00482929
 0.462268 0.456769 0.0585974 0.0169342 0.00543138
 0.464142 0.309423 0.192342 0.0246749 0.00941798
 0.598087 0.220777 0.104594 0.0650171 0.0115244
 0.76545 0.162421 0.0396215 0.0187707 0.0137364
 0.844361 0.130045 0.0177231 0.00432343 0.00354712
 0.737869 0.231741 0.0253924 0.00346059 0.00153679
 0.676578 0.261872 0.0544145 0.00596231 0.00117342
 0.625747 0.283861 0.0731895 0.0152081 0.00199433
 0.742534 0.187815 0.052829 0.0136212 0.00320152
 0.944296 0.045447 0.00748248 0.00210469 0.000670212
 0.32832 0.645992 0.0209579 0.00345054 0.00127965
 0.899718 0.0414208 0.05661 0.0018366 0.000414519
 0.569946 0.399163 0.0127595 0.0174385 0.000693446
 0.575985 0.280038 0.133635 0.00427173 0.00607035
 0.731979 0.178187 0.0593303 0.0283127 0.00219113
 0.727603 0.217141 0.0367352 0.0122316 0.00628871
 0.277106 0.575108 0.117807 0.0199302 0.010048
 0.733147 0.0941291 0.137413 0.0281481 0.00716279
 0.599672 0.318501 0.0288635 0.0421359 0.0108276
 0.407861 0.402479 0.150893 0.0136744 0.025092
 0.730885 0.132534 0.0928345 0.0348044 0.00894171
 0.678363 0.255308 0.0326659 0.022881 0.0107821
 0.300784 0.5232 0.139717 0.0178764 0.0184222
 0.377458 0.234608 0.290278 0.077517 0.0201389
 0.825273 0.0809555 0.0353381 0.0437235 0.0147095
pobs_RECLAS
 0 0 0 0 0
 0 0 0 0 0
 0 0 0 0 0
 0 0 0 0 0
 0 0 0 0 0
 0 0 0 0 0
 0 0 0 0 0
 0 0 0 0 0
 0 0 0 0 0
 0 0 0 0 0
 0.991045 0.00858322 0.000360255 1.14367e-05 0
 0.934742 0.0480273 0.0164251 0.00080598 0
 0.827803 0.169806 0.00239088 0 0
 0.941827 0.0461693 0.0120037 0 0
 0.791401 0.0380133 0.147996 0.0225897 0
 0.846168 0.0940531 0.0597789 0 0
 0.134021 0.677848 0.182769 0.00536245 0
 0.80878 0.0450904 0.141981 0.00414843 0
 0.846168 0.0940531 0.0597789 0 0
 0.905697 0.0802665 0.012482 0.00150086 5.37128e-05
 0.989698 0.0102097 9.19794e-05 0 0
 0.975433 0.0193895 0.00387452 0.00125025 5.28907e-05
 0.303575 0.632131 0.0575291 0.00676475 0
 0.966965 0.00978017 0.0227588 0.000495775 0
 0.843318 0.132988 0.00938335 0.0141283 0.000182051
 0.564624 0.303363 0.111486 0.0197234 0.00080311
 0.826376 0.0876187 0.0782897 0.00655872 0.00115652
 0.89761 0.0855135 0.0140674 0.00269457 0.000114338
 0.34875 0.467042 0.161289 0.0227151 0.000203297
 0.318654 0.224769 0.449479 0.00709798 0
 0.937255 0.0296025 0.0250945 0.00804832 0
ppred_RECLAS
 0.523552 0.126254 0.326586 0.023607 7.20117e-07
 0.49243 0.268653 0.0633107 0.163768 0.0118382
 0.639723 0.181241 0.0947626 0.0223317 0.061942
 0.743304 0.166687 0.0452799 0.0236748 0.0210543
 0.718107 0.213437 0.0444526 0.0120754 0.0119285
 0.843058 0.113588 0.032826 0.00683669 0.00369173
 0.549228 0.382902 0.0491213 0.0141957 0.00455304
 0.544226 0.26318 0.163597 0.0209873 0.00801046
 0.675588 0.178205 0.084425 0.0524799 0.00930214
 0.82142 0.123663 0.0301667 0.0142915 0.0104585
 0.882041 0.0985614 0.0134324 0.00327674 0.00268838
 0.797495 0.179028 0.0196165 0.00267342 0.00118722
 0.745028 0.206449 0.0428981 0.00470043 0.000925077
 0.704086 0.224443 0.0578694 0.0120247 0.00157688
 0.802019 0.144422 0.0406234 0.0104742 0.00246184
 0.959373 0.0331458 0.00545717 0.00153501 0.000488804
 0.403577 0.573613 0.0186097 0.00306394 0.00113627
 0.92549 0.0307761 0.0420618 0.00136461 0.000307992
 0.648115 0.326609 0.0104403 0.0142687 0.000567402
 0.653481 0.228856 0.109211 0.003491 0.00496089
 0.790807 0.139076 0.0463079 0.0220983 0.0017102
 0.787528 0.169372 0.0286538 0.00954077 0.00490524
 0.346148 0.520181 0.106556 0.0180267 0.0090883
 0.791316 0.0736108 0.10746 0.0220124 0.00560145
 0.673996 0.259369 0.0235048 0.0343131 0.00881741
 0.48711 0.348614 0.130698 0.0118443 0.0217338
 0.789416 0.103709 0.0726436 0.0272347 0.00699695
 0.744134 0.2031 0.025986 0.0182021 0.00857731
 0.372225 0.469743 0.125442 0.0160499 0.0165399
 0.45581 0.205081 0.253744 0.0677608 0.0176042
 0.867205 0.0615275 0.0268576 0.0332306 0.0111795
pobs_PELACES
 0 0 0 0 0
 0 0 0 0 0
 0 0 0 0 0
 0 0 0 0 0
 0 0 0 0 0
 0 0 0 0 0
 0 0 0 0 0
 0 0 0 0 0
 0 0 0 0 0
 0 0 0 0 0
 0 0 0 0 0
 0 0 0 0 0
 0 0 0 0 0
 0 0 0 0 0
 0 0 0 0 0
 0 0 0 0 0
 0.505614 0.472636 0.0217494 0 0
 0 0 0 0 0
 0.443492 0.261883 0.143347 0.151278 0
 0.227955 0.32914 0.350689 0.0885471 0.00366901
 0.970185 0.0296113 0.000203453 0 0
 0.997202 0.00247181 0.000326279 0 0
 0.445219 0.490057 0.0546422 0.010081 0
 0.90214 0.0892962 0.00764917 0.000914606 0
 0 0 0 0 0
 0.581667 0.319106 0.0959925 0.00289975 0.000334073
 0.762889 0.0836404 0.116647 0.0363945 0.000428098
 0.88444 0.0763242 0.0277011 0.0115352 0
 0.521256 0.241999 0.230069 0.00667565 0
 0.616807 0.101726 0.260614 0.0208532 0
 0.833518 0.0704572 0.0857862 0.0102388 0
ppred_PELACES
 0.527342 0.12525 0.323988 0.0234193 7.14389e-07
 0.499445 0.26494 0.0624357 0.161505 0.0116746
 0.646094 0.178036 0.0930869 0.0219368 0.0608466
 0.752503 0.160714 0.0436572 0.0228264 0.0202998
 0.721843 0.210608 0.0438634 0.0119153 0.0117704
 0.847292 0.110523 0.0319404 0.00665225 0.00359213
 0.567891 0.367049 0.0470875 0.0136079 0.00436453
 0.547587 0.261239 0.16239 0.0208325 0.00795139
 0.686792 0.172051 0.0815093 0.0506674 0.00898088
 0.830854 0.11713 0.0285731 0.0135365 0.00990602
 0.883381 0.0974416 0.0132798 0.00323951 0.00265783
 0.805609 0.171855 0.0188305 0.00256631 0.00113966
 0.753957 0.199219 0.0413957 0.00453582 0.00089268
 0.720996 0.211617 0.0545624 0.0113375 0.00148677
 0.81124 0.137695 0.0387313 0.0099863 0.00234717
 0.960961 0.0318504 0.00524391 0.00147502 0.000469702
 0.409817 0.567611 0.018415 0.00303188 0.00112438
 0.927268 0.0300416 0.0410579 0.00133204 0.000300641
 0.656275 0.319035 0.0101982 0.0139379 0.000554244
 0.660988 0.223898 0.106845 0.00341537 0.00485342
 0.79501 0.136282 0.0453775 0.0216543 0.00167584
 0.792858 0.165124 0.0279351 0.00930146 0.0047822
 0.350491 0.516726 0.105848 0.017907 0.00902794
 0.794151 0.0726109 0.106 0.0217133 0.00552536
 0.67777 0.256366 0.0232327 0.0339159 0.00871534
 0.490656 0.346204 0.129795 0.0117624 0.0215836
 0.792302 0.102288 0.0716481 0.0268615 0.00690106
 0.746867 0.200931 0.0257085 0.0180077 0.00848571
 0.375278 0.467458 0.124832 0.0159718 0.0164595
 0.460769 0.203212 0.251432 0.0671433 0.0174438
 0.869765 0.0603412 0.0263397 0.0325898 0.0109639
pobs_pel_tallas
 0 0 0 0 0 0 0 0 0 0 0 0 0 0 0 0 0 0 0 0 0 0 0 0 0 0
 0 0 0 0 0 0 0 0 0 0 0 0 0 0 0 0 0 0 0 0 0 0 0 0 0 0
 0 0 0 0 0 0 0 0 0 0 0 0 0 0 0 0 0 0 0 0 0 0 0 0 0 0
 0 0 0 0 0 0 0 0 0 0 0 0 0 0 0 0 0 0 0 0 0 0 0 0 0 0
 0 0 0 0 0 0 0 0 0 0 0 0 0 0 0 0 0 0 0 0 0 0 0 0 0 0
 0 0 0 0 0 0 0 0 0 0 0 0 0 0 0 0 0 0 0 0 0 0 0 0 0 0
 0 0 0 0 0 0 0 0 0 0 0 0 0 0 0 0 0 0 0 0 0 0 0 0 0 0
 0 0 0 0 0 0 0 0 0 0 0 0 0 0 0 0 0 0 0 0 0 0 0 0 0 0
 0 0 0 0 0 0 0 0 0 0 0 0 0 0 0 0 0 0 0 0 0 0 0 0 0 0
 0 0 0 0 0 0 0 0 0 0 0 0 0 0 0 0 0 0 0 0 0 0 0 0 0 0
 0 0 0 0 0 0 0 0 0 0 0 0 0 0 0 0 0 0 0 0 0 0 0 0 0 0
 0 0 0 0 0 0 0 0 0 0 0 0 0 0 0 0 0 0 0 0 0 0 0 0 0 0
 0.00862536 0 0 0.000197151 0.00414017 0.0128641 0.00837892 0.0270097 0.101434 0.158115 0.152841 0.127902 0.109271 0.109419 0.0830992 0.0579132 0.0238553 0.00714673 0.00463305 0.00128148 0.00103504 0.000492878 0.000147863 0.000147863 4.92878e-05 0
 0 0 0 0 0 0 0 0 0 0 0 0 0 0 0 0 0 0 0 0 0 0 0 0 0 0
 0 0 0 0 0 0 0 0.0054083 0.00873648 0.0413646 0.0450493 0.0745869 0.0622846 0.0627006 0.0613931 0.0827291 0.12552 0.122667 0.0946155 0.0697135 0.0546179 0.0294188 0.0215738 0.0213955 0.0102223 0.00600262
 0 0 0 0 0.00359764 0.0251062 0.0480494 0.140153 0.205849 0.193036 0.1447 0.116669 0.0760912 0.0342217 0.00950174 0.001854 0.000860785 0 0 0 0.000165536 0 0.000143464 0 0 0
 0 0 0 0 0 0 0 0.000145254 0.000435761 0.0275982 0.070085 0.0708112 0.156366 0.174668 0.174014 0.160142 0.0824315 0.0480064 0.0283245 0.00493863 0.00203355 0 0 0 0 0
 0 0 0 0 0 0 0 0 0 0 0 0 0 0 0 0 0 0 0 0 0 0 0 0 0 0
 0 0 1.00437e-05 0.000401748 0.00122533 0.00171747 0.00176769 0.0269171 0.070346 0.194647 0.189555 0.159765 0.064822 0.0314167 0.0384472 0.0292271 0.0345202 0.0313363 0.0194345 0.0106764 0.0143323 0.0359363 0.0279516 0.0138201 0.00172751 0
 0 0.0021121 0.0136068 0.0755702 0.200478 0.177729 0.0527432 0.0373336 0.0318909 0.0142505 0.0149659 0.0166563 0.0217959 0.0798694 0.0677717 0.0528807 0.04013 0.0224614 0.0357745 0.0225083 0.00881397 0.00855152 0.00135912 0.000746735 0 0
 0 0 0 0 5.4009e-05 0.00500934 0.000945158 0.0243581 0.138947 0.33067 0.221406 0.137944 0.0707744 0.0437923 0.0131692 0.00525238 0.0047753 0.00276346 9.45158e-05 9.00151e-06 2.25038e-05 9.00151e-06 4.50075e-06 0 0 0
 0.000866109 0.00284123 0.00948549 0.0512746 0.133035 0.25785 0.225252 0.132002 0.0553304 0.0519788 0.0540692 0.017754 0.00435017 0.00159236 0.00146478 0.000404838 0.000125132 0.000115318 0.000107957 0.000100596 0 0 0 0 0 0
 0 0 0 0 0.00144013 0.00171154 0.00461396 0.0210425 0.0478622 0.0707936 0.0888783 0.103762 0.0637923 0.0337046 0.0602308 0.124433 0.169614 0.0934646 0.0462172 0.0250306 0.0313229 0.00938855 0.002487 0.000210481 0 0
 0 0.00764035 0.051015 0.0998891 0.058973 0.0496711 0.0374665 0.0718981 0.12319 0.153886 0.159021 0.0857701 0.0377988 0.023471 0.0147837 0.00900784 0.00315554 0.000888139 0.00291439 0.00214683 0.00393193 0.00274676 0.000635225 9.99891e-05 0 0
 0 0 0 0 0 0 0 0 0 0 0 0 0 0 0 0 0 0 0 0 0 0 0 0 0 0
 0 0 0 0 0 0 0 0 0 0 0 0 0 0 0 0 0 0 0 0 0 0 0 0 0 0
 0 0 0 0 0 0 0 0 0 0 0 0 0 0 0 0 0 0 0 0 0 0 0 0 0 0
 0 0 0 0 0 0 0 0 0 0 0 0 0 0 0 0 0 0 0 0 0 0 0 0 0 0
 0 0 0 0 0 0 0 0 0 0 0 0 0 0 0 0 0 0 0 0 0 0 0 0 0 0
 0 0 0 0 0 0 0 0 0 0 0 0 0 0 0 0 0 0 0 0 0 0 0 0 0 0
 0 0 0 0 0 0 0 0 0 0 0 0 0 0 0 0 0 0 0 0 0 0 0 0 0 0
ppred_pel_tallas
 1.11731e-16 4.34365e-05 0.000422218 0.00280579 0.0127547 0.0396847 0.0845529 0.12341 0.123423 0.0846144 0.0398928 0.0133618 0.00435259 0.0038749 0.00682297 0.0117895 0.018323 0.025834 0.0336464 0.0412844 0.0484582 0.0546865 0.0589794 0.0600444 0.0569849 0.0499538
 1.20042e-16 4.11387e-05 0.000399883 0.00265736 0.01208 0.0375855 0.0800809 0.116886 0.116911 0.0802061 0.0380065 0.0132973 0.00571845 0.00710118 0.0128266 0.0213021 0.0310887 0.0400154 0.0459685 0.0481597 0.0476526 0.0465919 0.0467081 0.0482552 0.0500567 0.0504032
 1.15229e-16 5.32179e-05 0.000517297 0.00343762 0.0156269 0.0486213 0.103593 0.151201 0.151219 0.103678 0.0489054 0.0164492 0.00550768 0.00505707 0.00873723 0.0145261 0.021318 0.0276676 0.0321558 0.0341939 0.0343664 0.0339488 0.0339855 0.0346627 0.0353653 0.0352055
 1.07026e-16 6.19827e-05 0.000602494 0.00400378 0.0182006 0.056629 0.120655 0.176102 0.176118 0.120731 0.056884 0.0189378 0.00585644 0.00465433 0.00777961 0.0128237 0.0186137 0.0237284 0.026774 0.0271437 0.0253791 0.0227709 0.0205223 0.0191271 0.0183375 0.0175643
 1.04507e-16 5.94573e-05 0.000577946 0.00384066 0.0174591 0.0543218 0.115739 0.168929 0.168949 0.115838 0.0546553 0.0184229 0.00626124 0.00586643 0.0101161 0.0166641 0.0240814 0.030459 0.0338943 0.0335191 0.0300079 0.0250912 0.0204801 0.0170447 0.014727 0.0129951
 1.02226e-16 6.97903e-05 0.000678387 0.00450812 0.0204933 0.0637622 0.135853 0.198283 0.198294 0.135905 0.0639375 0.021 0.00578148 0.00346247 0.00537004 0.00880075 0.0127495 0.0161975 0.0181536 0.0181575 0.0165366 0.0141493 0.0118338 0.0100003 0.00860865 0.00741533
 1.03557e-16 4.67765e-05 0.000454685 0.00302154 0.0137355 0.0427364 0.0910558 0.132906 0.132941 0.0912287 0.0433167 0.0154115 0.00722815 0.00963674 0.0174822 0.02882 0.0414942 0.0521441 0.0573732 0.0556151 0.0480621 0.0378477 0.0281666 0.0207963 0.015871 0.0126076
 1.08188e-16 4.51041e-05 0.000438428 0.00291351 0.0132444 0.0412084 0.0877998 0.128152 0.128177 0.0879239 0.0416256 0.0144521 0.00595468 0.00710911 0.012807 0.0213441 0.0313085 0.0405515 0.0468731 0.0492022 0.0481151 0.0452032 0.041861 0.038524 0.0348329 0.0303336
 1.08998e-16 5.65702e-05 0.000549882 0.00365416 0.0166113 0.051684 0.110119 0.160725 0.160742 0.1102 0.0519583 0.0174049 0.00565164 0.00492832 0.00842538 0.0139812 0.0204735 0.0264724 0.030565 0.0321308 0.0316789 0.0303948 0.0292702 0.0285255 0.0276882 0.0261086
 1.03889e-16 6.84364e-05 0.000665226 0.00442066 0.0200957 0.0625252 0.133217 0.194436 0.194448 0.133272 0.0627109 0.0206324 0.00576919 0.00361323 0.00567969 0.00931481 0.0134925 0.0171431 0.0192308 0.0192954 0.0177218 0.015458 0.0134103 0.0119898 0.0110794 0.01031
 1.01183e-16 7.2763e-05 0.000707282 0.00470014 0.0213661 0.0664781 0.141639 0.206728 0.206737 0.141685 0.0666321 0.0218112 0.00581721 0.00314582 0.0047039 0.0076612 0.0110291 0.0138696 0.0152805 0.0148483 0.0128908 0.0102388 0.00773603 0.00584734 0.00459941 0.00377518
 1.01038e-16 6.63569e-05 0.000645013 0.00428634 0.0194851 0.0606254 0.12917 0.18853 0.188547 0.12925 0.060897 0.0202693 0.00625436 0.0049396 0.00821776 0.0134679 0.0193642 0.0242858 0.0266266 0.0256425 0.021891 0.0168534 0.0120564 0.00837493 0.00591479 0.0043396
 1.01852e-16 6.21025e-05 0.000603658 0.00401152 0.0182358 0.0567385 0.120888 0.176444 0.176463 0.120982 0.0570539 0.0191471 0.00629999 0.00560241 0.0095643 0.0157357 0.0227127 0.0286652 0.0317629 0.0311473 0.02742 0.0221991 0.0171214 0.0130793 0.0101351 0.0079256
 1.03018e-16 5.93875e-05 0.000577268 0.00383615 0.0174386 0.054258 0.115603 0.168731 0.168751 0.115703 0.0545935 0.018408 0.00627145 0.00589987 0.0101865 0.0167945 0.0242997 0.0307915 0.0343548 0.0340935 0.0306336 0.0256422 0.0207714 0.0168696 0.0139224 0.01151
 1.02552e-16 6.68208e-05 0.000649522 0.0043163 0.0196213 0.0610492 0.130072 0.189847 0.18986 0.130137 0.0612676 0.0202525 0.00590237 0.0041171 0.00666761 0.0109571 0.0158712 0.020155 0.0225727 0.02255 0.0204942 0.0174767 0.0145444 0.0122117 0.0104323 0.00890729
 1.00387e-16 7.91531e-05 0.000769396 0.00511291 0.0232425 0.0723162 0.154077 0.224881 0.224884 0.154092 0.0723666 0.0233881 0.00547838 0.00156744 0.00159545 0.00251404 0.00361793 0.00455805 0.00503754 0.00492115 0.00431032 0.00347132 0.00267298 0.00206087 0.00164077 0.00134381
 1.01171e-16 3.37562e-05 0.000328123 0.00218049 0.00991223 0.0308409 0.0657119 0.0959199 0.0959745 0.0659787 0.0317364 0.0124973 0.00866432 0.0144658 0.026835 0.0441822 0.0633419 0.0790197 0.0858428 0.0813339 0.0674215 0.0492131 0.0320546 0.0191292 0.01096 0.00642192
 1.01378e-16 7.63778e-05 0.00074242 0.00493364 0.0224276 0.0697806 0.148675 0.216996 0.216999 0.14869 0.0698293 0.022569 0.00529121 0.00153197 0.00160211 0.00259585 0.00388992 0.00521869 0.0063547 0.0071726 0.00768272 0.00795428 0.00800266 0.00775483 0.00712255 0.00610654
 1.01868e-16 5.40566e-05 0.000525449 0.00349179 0.0158732 0.0493876 0.105227 0.153588 0.153619 0.105377 0.049891 0.0173265 0.00713721 0.00847507 0.0151274 0.0248598 0.0356593 0.044538 0.0484964 0.0461675 0.0386555 0.0288326 0.0196734 0.0129007 0.00871716 0.00640057
 1.04305e-16 5.44447e-05 0.000529222 0.00351687 0.0159872 0.0497422 0.105982 0.154688 0.15471 0.106088 0.0500987 0.0170182 0.00611038 0.00620897 0.0108941 0.018061 0.0263292 0.033765 0.0384042 0.0392915 0.0369682 0.0329563 0.0287014 0.0248513 0.0213048 0.0177392
 1.038e-16 6.5484e-05 0.000636527 0.00422995 0.0192287 0.0598278 0.12747 0.186049 0.186062 0.127534 0.0600443 0.0198546 0.00580332 0.00407895 0.00662626 0.0109117 0.0158565 0.0202467 0.0228902 0.0232426 0.0217084 0.0193118 0.0170127 0.0152161 0.013773 0.012319
 1.02591e-16 6.53067e-05 0.000634804 0.0042185 0.0191767 0.0596659 0.127125 0.185546 0.185562 0.127203 0.0599272 0.0199315 0.00611377 0.0047738 0.00793075 0.0130205 0.0187808 0.0236838 0.0262194 0.0256964 0.0226475 0.0184538 0.0144998 0.0115193 0.00951289 0.00809167
 1.06511e-16 2.88696e-05 0.000280623 0.00186484 0.00847732 0.0263764 0.0561995 0.0820352 0.0820851 0.0564431 0.0271945 0.0108412 0.00780098 0.0132475 0.0246794 0.0408171 0.0589418 0.0744244 0.0825465 0.0811095 0.0717044 0.0585484 0.0458812 0.0359718 0.0288959 0.0236045
 1.06191e-16 6.54132e-05 0.000635839 0.00422538 0.0192079 0.0597631 0.127332 0.185846 0.185853 0.127367 0.0598812 0.019551 0.00509401 0.00255717 0.00378811 0.00635204 0.00959588 0.0130145 0.0161179 0.0186538 0.0206737 0.0223209 0.0235404 0.0239996 0.023297 0.0212673
 1.05613e-16 5.5827e-05 0.000542659 0.00360616 0.0163931 0.0510051 0.108673 0.158616 0.158641 0.108793 0.0514103 0.0175634 0.00654342 0.00695393 0.0122303 0.0201283 0.0289901 0.0364706 0.040237 0.0392588 0.0344457 0.0280469 0.0222949 0.0183357 0.0160678 0.0146967
 1.08667e-16 4.04147e-05 0.000392846 0.0026106 0.0118674 0.0369241 0.078672 0.114831 0.114865 0.0788357 0.0374743 0.0134581 0.00660958 0.00914327 0.0167195 0.0277349 0.0403187 0.0514751 0.0581536 0.0589202 0.0547407 0.0481731 0.0416691 0.0363585 0.0320382 0.0279742
 1.05956e-16 6.52609e-05 0.000634359 0.00421554 0.0191632 0.059624 0.127036 0.185414 0.185424 0.127084 0.0597878 0.0196376 0.00541113 0.00326045 0.0051003 0.00845405 0.0124683 0.016307 0.0191587 0.0206529 0.0210362 0.0208993 0.0206873 0.0204086 0.0197359 0.0183341
 1.04036e-16 6.15185e-05 0.000597981 0.0039738 0.0180643 0.0562049 0.119751 0.174784 0.174804 0.119846 0.0565227 0.0189822 0.00627789 0.00562842 0.0096173 0.0158084 0.0227846 0.0286978 0.0317161 0.0310183 0.0272896 0.0222577 0.0176446 0.0143469 0.0123191 0.0110007
 1.0811e-16 3.09113e-05 0.000300469 0.00199672 0.00907684 0.0282417 0.0601735 0.0878344 0.0878796 0.0603941 0.0289828 0.0112187 0.00737767 0.012062 0.022412 0.037117 0.0537322 0.0681273 0.0760894 0.0756502 0.0682008 0.0574253 0.0469675 0.0386859 0.0325205 0.0275022
 1.16994e-16 3.7953e-05 0.000368917 0.00245158 0.0111445 0.0346749 0.0738793 0.107833 0.107853 0.073977 0.035004 0.0120997 0.00486716 0.005702 0.0103427 0.0175011 0.0262932 0.0353506 0.0432588 0.0493276 0.0538224 0.0573761 0.0601169 0.0613368 0.0599702 0.0554103
 1.059e-16 7.16414e-05 0.00069638 0.00462769 0.0210368 0.0654534 0.139456 0.203541 0.203547 0.139484 0.0655497 0.0213154 0.00532925 0.00223522 0.0030164 0.00493364 0.00724742 0.00943863 0.011046 0.0119008 0.0122305 0.0124776 0.0129665 0.013682 0.0143019 0.0144161
pSPR Fmed_Fpbrs
0.581673   0.226888 0.226888
Fs Fmed_Fpbrs
0.310242   1.005 1.005
SSBpbr Bo_Bmed_Bpbrs
1.74465e+06  927583  308607 308607
Ro
151512
SPR SPRFo_SPRFmed_SPRFpbrs
1.08143e+06 629041 245364
Fref
1.005
Nvult_r0
 190514 14390 6281.44 7771.96 2614.66
CTP_r0
 29327.7 2876.91 1255.81 1553.8 522.731
YTP_r0
391282
Np
 216442 38303.3 11348 778.243 385.459
Nvult_p0
 178139 33145.4 9819.87 673.445 333.553
CTP_p0
 75274.5 36552.5 2506.77 1094.24 1741.83
 75274.5 16614 4922.18 337.562 167.192
YTP_p0
 1.28563e+06 953568
CBA_c0
1.18601e+06
log_Ro
11.7484
likeval ReclasPelacesDesembMPH_pf_preclas_ppelaces_ptallas_desvR_qrecl_qpela
 11.6237 20.2831 0.0161521 0.00246178 240.396 117.61 98.9737 0 28.1944 0 0 0.0768457 0 0 0
q_reclas_q_pelaces
1 1
M
1
N
 173691 42861.2 110871 8014.2 0.244468
 99219.9 56482.3 13310.6 34431 2488.89
 98368.8 29065.8 15197.2 3581.37 9933.71
 119646 28889.6 7847.75 4103.23 3649.06
 96902.5 29621.5 6169.3 1675.86 1655.48
 216748 30670.7 8863.58 1846.02 996.83
 78424.2 61319.6 7866.49 2273.36 729.143
 31616.7 15606.7 9701.38 1244.56 475.025
 36529.2 10419.1 4936.06 3068.33 543.866
 53159.3 8840.55 2156.59 1021.69 747.669
 100691 11474.3 1563.78 381.472 312.976
 137502 33347.9 3654 497.985 221.147
 112270 33434.9 6947.45 761.248 149.819
 77713.4 28074.6 7238.62 1504.11 197.245
 74262.6 14626.1 4114.06 1060.75 249.318
 459502 16906.3 2783.48 782.945 249.319
 81645.8 120683 3915.31 644.624 239.061
 703838 24348.6 33277.3 1079.61 243.669
 393745 209538 6698.02 9154.21 364.02
 293666 108171 51619.7 1650.06 2344.82
 450888 82431.6 27447 13097.8 1013.65
 596793 134757 22797.8 7590.92 3902.75
 109328 169127 34644.5 5861.04 2954.89
 360624 34435 50269.3 10297.3 2620.34
 291975 115330 10451.5 15257.5 3920.71
 127725 93396.1 35015 3173.16 5822.64
 310440 41876.4 29332.6 10997 2825.28
 355340 99124.1 12682.6 8883.61 4186.2
 90354.1 116301 31057.5 3973.71 4095.03
 64475.2 29900.4 36995.4 9879.39 2566.66
 274785 20169.4 8804.18 10893.3 3664.75
pred_Ctot
 12870.4 4280.87 11073.5 800.437 0.0244168
 13014.9 9837.37 2318.27 5996.76 433.484
 12772.6 5012.85 2620.99 617.662 1713.22
 25538.7 8004.11 2174.28 1136.83 1011
 8658.89 3553.57 740.105 201.047 198.601
 32330.2 6044.95 1746.94 363.837 196.467
 23907.5 23623.2 3030.54 875.802 280.9
 2101.49 1400.97 870.865 111.72 42.6417
 8172.62 3016.83 1429.23 888.431 157.476
 14496.4 3076 750.367 355.488 260.145
 6402.72 986.118 134.393 32.7842 26.8975
 30471.3 9570.06 1048.61 142.91 63.464
 23450.1 9076.46 1886 206.653 40.6707
 25315.5 11484 2960.99 615.264 80.6837
 18600 4704.64 1323.34 341.203 80.1961
 85397.5 4110.01 676.679 190.338 60.6107
 9940.94 19559.5 634.568 104.476 38.7455
 86341.6 3974.96 5432.59 176.249 39.7794
 64539.2 45200.2 1444.85 1974.69 78.5241
 44970.4 21864.1 10433.6 333.518 473.946
 54377.5 13237.2 4407.55 2103.3 162.775
 88496.3 26410.3 4468.01 1487.7 764.878
 10066.3 20891.6 4279.51 723.992 365.006
 30131.3 3868.57 5647.47 1156.85 294.381
 24359.1 12937.7 1172.46 1711.59 439.827
 8865.2 8748.22 3279.78 297.223 545.395
 26213.6 4753.41 3329.55 1248.28 320.699
 25016.9 9415.32 1204.66 843.811 397.627
 5787.3 10066.8 2688.27 343.955 354.456
 6180.71 3841.61 4753.19 1269.31 329.766
 29327.7 2876.91 1255.81 1553.8 522.731
F
 0.123353 0.169407 0.169407 0.169407 0.169407
 0.227776 0.312817 0.312817 0.312817 0.312817
 0.225241 0.309336 0.309336 0.309336 0.309336
 0.396036 0.543898 0.543898 0.543898 0.543898
 0.150399 0.206551 0.206551 0.206551 0.206551
 0.262637 0.360694 0.360694 0.360694 0.360694
 0.614432 0.843832 0.843832 0.843832 0.843832
 0.110048 0.151135 0.151135 0.151135 0.151135
 0.418764 0.575111 0.575111 0.575111 0.575111
 0.53318 0.732245 0.732245 0.732245 0.732245
 0.105065 0.144291 0.144291 0.144291 0.144291
 0.414037 0.568619 0.568619 0.568619 0.568619
 0.386041 0.530171 0.530171 0.530171 0.530171
 0.670223 0.920453 0.920453 0.920453 0.920453
 0.479923 0.659104 0.659104 0.659104 0.659104
 0.336977 0.462789 0.462789 0.462789 0.462789
 0.209918 0.288292 0.288292 0.288292 0.288292
 0.211643 0.290661 0.290661 0.290661 0.290661
 0.291987 0.401002 0.401002 0.401002 0.401002
 0.270475 0.371459 0.371459 0.371459 0.371459
 0.207743 0.285305 0.285305 0.285305 0.285305
 0.260921 0.358337 0.358337 0.358337 0.358337
 0.15528 0.213254 0.213254 0.213254 0.213254
 0.14004 0.192324 0.192324 0.192324 0.192324
 0.139818 0.19202 0.19202 0.19202 0.19202
 0.115157 0.158152 0.158152 0.158152 0.158152
 0.141617 0.19449 0.19449 0.19449 0.19449
 0.116889 0.160531 0.160531 0.160531 0.160531
 0.105866 0.145391 0.145391 0.145391 0.145391
 0.162116 0.222643 0.222643 0.222643 0.222643
 0.181949 0.24988 0.24988 0.24988 0.24988
YTP_r0W_actual
 243420 40564.4 34660.3 53139.9 19497.9
YTP_p0W_proyectada
 563806 572778 57981.5 32137.7 58926.1
 563806 260342 113850 9914.2 5656.12
CTP_r0_actual
 29327.7 2876.91 1255.81 1553.8 522.731
CTP_p0_proyectada
 75274.5 36552.5 2506.77 1094.24 1741.83
 75274.5 16614 4922.18 337.562 167.192
Wmedp
 7.49 15.67 23.13 29.37 33.83
Frms_r0
 0.181949 0.24988 0.24988 0.24988 0.24988
Zrms_r0
 1.18195 1.24988 1.24988 1.24988 1.24988
nmprior
 8.19 8.8 8.5 0
nm_flota  nm_reclas  nm_pelaces    nm_pelaL
inf 14.0889 15.7168 35.9147
cv_recla  cv_pelaces  cv_mph
0.308388 0.510668 1.53119
 ------------------------------------------------
Talla a la edad & desviaci?n 
 8 13.2811 15.8009 17.003 17.5766
 0.8 1.32811 1.58009 1.7003 1.75766
