    unsorted:	 3.140104848e-05 0.001099980407 1.647136469 10.65108847 5.011335769 16.53400645 15.91406705 60.46117602 43.28865892 61.77786194 96.64260987 115.2318947 161.1128554 221.0095702 321.2479359 392.2007106 428.1501076 451.6316577 483.8762122 607.4042174 672.9657589 750.9187110 782.4529344 808.8308822 835.3608751 1006.851927 1002.057461 987.5259940 975.2115954 913.3313404 1067.158777 1122.019532 1165.073505 1221.118916 1269.910689 1434.229771 1464.966276 1582.802890 1756.674773 1907.757186 2111.054421 2193.207116 2745.825697 20905.83488 32210.72400 157262.0451 286633.4826 284118.5945 294977.4872 255734.1511 254770.9375 317241.8144 322783.7271 343273.2563 451699.7031 481090.6300 560021.6259 682258.9546 797181.1357 779411.0104 893261.9865 1082170.075 1325959.011 1512359.445 1667170.980 1706122.006 2066119.967 1990859.887 2149288.977 2362507.578 2545475.724 2733191.476 2950607.738 3088644.275 3608336.295 3838612.777 5391694.233
      sorted:	 3.140104848e-05 0.001099980407 1.647136469 5.011335769 10.65108847 15.91406705 16.53400645 43.28865892 60.46117602 61.77786194 96.64260987 115.2318947 161.1128554 221.0095702 321.2479359 392.2007106 428.1501076 451.6316577 483.8762122 607.4042174 672.9657589 750.9187110 782.4529344 808.8308822 835.3608751 913.3313404 975.2115954 987.5259940 1002.057461 1006.851927 1067.158777 1122.019532 1165.073505 1221.118916 1269.910689 1434.229771 1464.966276 1582.802890 1756.674773 1907.757186 2111.054421 2193.207116 2745.825697 20905.83488 32210.72400 157262.0451 254770.9375 255734.1511 284118.5945 286633.4826 294977.4872 317241.8144 322783.7271 343273.2563 451699.7031 481090.6300 560021.6259 682258.9546 779411.0104 797181.1357 893261.9865 1082170.075 1325959.011 1512359.445 1667170.980 1706122.006 1990859.887 2066119.967 2149288.977 2362507.578 2545475.724 2733191.476 2950607.738 3088644.275 3608336.295 3838612.777 5391694.233
