years
 1991 1992 1993 1994 1995 1996 1997 1998 1999 2000 2001 2002 2003 2004 2005 2006 2007 2008 2009 2010 2011 2012 2013 2014 2015 2016 2017 2018 2019 2020 2021
reclasobs
 0 0 0 0 0 0 0 0 0 252601 567819 844713 477998 351125 339783 2.1784e+06 2.13404e+06 4.81314e+06 1.55562e+06 2.62356e+06 3.21686e+06 3.843e+06 1.13348e+06 3.07943e+06 1.97215e+06 2.03268e+06 2.025e+06 2.42433e+06 2.27542e+06 1.05018e+06 2.36338e+06
reclaspred
 2.10053e+06 1.20266e+06 576070 276996 154598 489955 312317 169273 131861 166906 294269 460843 438768 320721 400501 823898 1.35952e+06 2.15611e+06 1.97843e+06 1.46549e+06 2.45916e+06 2.1025e+06 1.90542e+06 2.30716e+06 2.00622e+06 1.72849e+06 1.79972e+06 1.89361e+06 2.01744e+06 1.08325e+06 1.43107e+06
pelacesobs
 0 0 0 0 0 0 0 0 0 0 0 0 0 0 0 552880 188675 0 991730 2.46772e+06 1.41603e+06 1.21717e+06 2.29649e+06 1.80582e+06 0 1.4828e+06 1.56532e+06 1.57751e+06 1.42118e+06 867257 1.10002e+06
pelacespred
 937502 574048 277386 95754.6 59181.4 208940 97469.2 75990.4 50429.7 68074.3 138187 178253 185903 141587 195701 336526 552263 937917 960382 678273 1.01867e+06 1.00094e+06 878499 1.15557e+06 1.02462e+06 843376 992521 1.06031e+06 920248 568947 742134
mphobs
 0 0 0 0 0 0 0 0 0 0 0 498337 0 5186 125008 0 168611 109162 213762 579715 649985 157893 87575 83554 0 0 0 0 0 0 0
mphpred
 1.95468e+06 1.32795e+06 661526 305271 136690 106149 433024 137393 89583 87949 126898 329814 341255 263975 189383 353669 896071 1.25173e+06 1.63814e+06 1.40729e+06 1.33487e+06 1.80132e+06 1.72571e+06 1.34773e+06 1.92848e+06 1.49795e+06 1.18024e+06 1.38389e+06 1.89074e+06 1.19139e+06 637615
desembarqueobs
 494567 514787 250237 358949 120608 361735 552515 73892 212993 205616 52469 317467 293654 387597 252695 516296 358380 742168 942051 627588 828172 859565 418607 520667 417249 300574 415391 372974 316634 284311 391294
desembarquepred
 494709 514387 249608 359566 120719 361569 552146 73927.6 212975 205484 52453.1 317215 293768 387794 252554 516073 358874 742871 941543 627115 828133 859576 418440 520939 417384 300448 415814 373036 316649 284367 391152
Reclutas
 157936 98378 62823.9 49610.6 38032.6 241204 37760.5 13059.1 36384.6 74026.3 112772 129127 105771 84594.8 113387 415333 203477 539701 500793 253020 496990 615865 107635 388281 283529 128419 342628 348024 72348.3 54059 391428
log_desv_Rt
 0.112988 -0.360388 -0.808869 -1.045 -1.31076 0.53644 -1.31794 -2.37972 -1.35506 -0.644784 -0.223839 -0.0884078 -0.287926 -0.511332 -0.218401 1.07988 0.366348 1.34181 1.26699 0.584262 1.25937 1.47382 -0.270457 1.01253 0.698108 -0.0939098 0.88744 0.903066 -0.667713 -0.959128 1.0206
SSB
 1.95468e+06 1.32795e+06 661526 305271 136690 106149 433024 137393 89583 87949 126898 329814 341255 263975 189383 353669 896071 1.25173e+06 1.63814e+06 1.40729e+06 1.33487e+06 1.80132e+06 1.72571e+06 1.34773e+06 1.92848e+06 1.49795e+06 1.18024e+06 1.38389e+06 1.89074e+06 1.19139e+06 637615
BT
 2.75574e+06 1.94551e+06 928211 581250 274565 1.20018e+06 735923 293470 393044 455880 547706 828113 854004 899710 1.00363e+06 1.70127e+06 1.92846e+06 3.75954e+06 3.91577e+06 2.44291e+06 4.08286e+06 3.78624e+06 2.6423e+06 4.43216e+06 3.12925e+06 2.57528e+06 3.7984e+06 3.83098e+06 2.48927e+06 1.71925e+06 3.16751e+06
Ftot
 0.221762 0.395712 0.400582 1.10409 0.702304 0.679966 1.41967 0.404765 1.37875 1.08431 0.169304 0.626066 0.60962 1.0554 0.582072 0.578365 0.248512 0.322766 0.440731 0.396954 0.315555 0.380563 0.20706 0.213487 0.196494 0.164596 0.218369 0.186609 0.148702 0.24656 0.258176
BD_Bspro_t
 0.96514 0.773836 0.574457 0.417295 0.248487 0.261894 0.464457 0.189747 0.177334 0.205374 0.320968 0.615319 0.501844 0.401919 0.321234 0.459181 0.585972 0.642045 0.652102 0.585658 0.529895 0.597354 0.61728 0.599491 0.706326 0.704481 0.703304 0.750884 0.791367 0.710447 0.615864
BD_Bspro
 1.94138 1.31891 0.657024 0.303193 0.13576 0.105426 0.430077 0.136458 0.0889734 0.0873504 0.126034 0.32757 0.338933 0.262178 0.188094 0.351262 0.889973 1.24321 1.62699 1.39771 1.32578 1.78906 1.71397 1.33856 1.91535 1.48775 1.17221 1.37447 1.87787 1.18328 0.633276
BD_Bo
 1.10005 0.747341 0.372293 0.1718 0.0769265 0.0597384 0.243697 0.0773222 0.0504155 0.0494959 0.0714156 0.185613 0.192051 0.14856 0.106581 0.199037 0.504291 0.704447 0.921913 0.791992 0.751237 1.01374 0.971195 0.758476 1.08531 0.843015 0.664216 0.778826 1.06407 0.670488 0.358837
BD_Brms
 4.67399 3.17535 1.58183 0.729956 0.32685 0.253821 1.03544 0.328532 0.214209 0.210301 0.303435 0.788644 0.816001 0.63121 0.452848 0.845684 2.14266 2.9931 3.91709 3.36507 3.19191 4.30726 4.12648 3.22266 4.61132 3.58186 2.82217 3.30913 4.52108 2.84882 1.52465
Sel_flota
 0.5 1 1 1 1
 0.5 1 1 1 1
 0.5 1 1 1 1
 0.5 1 1 1 1
 0.5 1 1 1 1
 0.5 1 1 1 1
 0.5 1 1 1 1
 0.5 1 1 1 1
 0.5 1 1 1 1
 0.5 1 1 1 1
 0.5 1 1 1 1
 0.5 1 1 1 1
 0.5 1 1 1 1
 0.5 1 1 1 1
 0.5 1 1 1 1
 0.5 1 1 1 1
 0.5 1 1 1 1
 0.5 1 1 1 1
 0.5 1 1 1 1
 0.5 1 1 1 1
 0.5 1 1 1 1
 0.5 1 1 1 1
 0.5 1 1 1 1
 0.5 1 1 1 1
 0.5 1 1 1 1
 0.5 1 1 1 1
 0.5 1 1 1 1
 0.5 1 1 1 1
 0.5 1 1 1 1
 0.5 1 1 1 1
 0.5 1 1 1 1
Sel_reclas
 0.5 1 1 1 1
 0.5 1 1 1 1
 0.5 1 1 1 1
 0.5 1 1 1 1
 0.5 1 1 1 1
 0.5 1 1 1 1
 0.5 1 1 1 1
 0.5 1 1 1 1
 0.5 1 1 1 1
 0.5 1 1 1 1
 0.5 1 1 1 1
 0.5 1 1 1 1
 0.5 1 1 1 1
 0.5 1 1 1 1
 0.5 1 1 1 1
 0.5 1 1 1 1
 0.5 1 1 1 1
 0.5 1 1 1 1
 0.5 1 1 1 1
 0.5 1 1 1 1
 0.5 1 1 1 1
 0.5 1 1 1 1
 0.5 1 1 1 1
 0.5 1 1 1 1
 0.5 1 1 1 1
 0.5 1 1 1 1
 0.5 1 1 1 1
 0.5 1 1 1 1
 0.5 1 1 1 1
 0.5 1 1 1 1
 0.5 1 1 1 1
Sel_pelaces
 0.5 1 1 1 1
 0.5 1 1 1 1
 0.5 1 1 1 1
 0.5 1 1 1 1
 0.5 1 1 1 1
 0.5 1 1 1 1
 0.5 1 1 1 1
 0.5 1 1 1 1
 0.5 1 1 1 1
 0.5 1 1 1 1
 0.5 1 1 1 1
 0.5 1 1 1 1
 0.5 1 1 1 1
 0.5 1 1 1 1
 0.5 1 1 1 1
 0.5 1 1 1 1
 0.5 1 1 1 1
 0.5 1 1 1 1
 0.5 1 1 1 1
 0.5 1 1 1 1
 0.5 1 1 1 1
 0.5 1 1 1 1
 0.5 1 1 1 1
 0.5 1 1 1 1
 0.5 1 1 1 1
 0.5 1 1 1 1
 0.5 1 1 1 1
 0.5 1 1 1 1
 0.5 1 1 1 1
 0.5 1 1 1 1
 0.5 1 1 1 1
pf_obs 
 0.8446 0.082 0.0669 0.0065 0
 0.8095 0.147 0.0364 0.0071 0
 0.9664 0.0169 0.016 0.0007 0
 0.9276 0.0648 0.0075 0.0001 0
 0.7033 0.2144 0.0806 0.0017 0
 0.9318 0.0425 0.0243 0.0014 0
 0.5671 0.3108 0.0964 0.0239 0.0018
 0.0768 0.2599 0.5324 0.112 0.0189
 0.490249 0.384438 0.106611 0.0170017 0.00170017
 0.7925 0.1577 0.0466 0.003 0.0002
 0.840416 0.127587 0.0312969 0.00059994 9.999e-05
 0.8084 0.0986 0.0794 0.0134 0.0002
 0.7335 0.1905 0.0724 0.0035 0.0001
 0.4001 0.4547 0.1325 0.0127 0
 0.49795 0.308269 0.164784 0.0264974 0.00249975
 0.9179 0.0499 0.0305 0.0017 0
 0.2467 0.6533 0.0926 0.0074 0
 0.9418 0.0223 0.034 0.0019 0
 0.707729 0.231977 0.0356964 0.0245975 0
 0.517169 0.277429 0.184464 0.0207286 0.00020938
 0.811772 0.124168 0.05621 0.00726502 0.000585176
 0.764997 0.148141 0.077277 0.00933861 0.000247198
 0.163321 0.427699 0.378323 0.0303852 0.000271297
 0.753843 0.0900009 0.118128 0.0371064 0.000921714
 0.721811 0.176058 0.0630433 0.0369309 0.00215725
 0.143369 0.312575 0.442814 0.0836902 0.0175525
 0.692698 0.0596174 0.167031 0.0765114 0.00414204
 0.394062 0.376323 0.152708 0.0712218 0.00568511
 0.125707 0.32114 0.495352 0.0537591 0.00404204
 0.23352 0.215282 0.420074 0.123614 0.00750983
 0.796117 0.104755 0.0508955 0.0450114 0.00322123
pf_pred 
 0.34642 0.392919 0.205762 0.0384095 0.0164896
 0.35196 0.344134 0.182702 0.0956767 0.0255273
 0.386563 0.337659 0.146449 0.07775 0.0515792
 0.483771 0.303157 0.117283 0.0508676 0.0449213
 0.600629 0.290695 0.0638203 0.0246902 0.0201653
 0.916612 0.0658058 0.0127978 0.00280967 0.00197475
 0.268379 0.705635 0.0205069 0.00398814 0.00149096
 0.358482 0.346249 0.284782 0.00827622 0.00221127
 0.766053 0.130584 0.0557888 0.045885 0.00168978
 0.859041 0.128498 0.00695526 0.00297147 0.00253397
 0.776992 0.210805 0.0111243 0.000602126 0.000476613
 0.626796 0.328382 0.0423693 0.00223584 0.000216813
 0.578744 0.33827 0.0730195 0.00942129 0.000545375
 0.577808 0.324385 0.0785398 0.0169537 0.00231407
 0.732607 0.212151 0.0424444 0.0102766 0.00252111
 0.865921 0.116332 0.0140804 0.00281702 0.000849381
 0.467508 0.500089 0.0281146 0.00340288 0.00088608
 0.740099 0.170002 0.0844281 0.00474648 0.00072409
 0.582245 0.360334 0.0375596 0.0186532 0.00120865
 0.413368 0.446522 0.120851 0.012597 0.00666142
 0.68034 0.196199 0.0939736 0.025434 0.00405307
 0.63662 0.299401 0.0392687 0.0188085 0.00590174
 0.19282 0.643479 0.134878 0.0176903 0.0111318
 0.656714 0.115654 0.181467 0.038037 0.0081281
 0.479945 0.417616 0.034512 0.0541509 0.0137759
 0.317313 0.451784 0.185421 0.0153233 0.0301595
 0.67026 0.162866 0.110432 0.0453237 0.0111176
 0.565179 0.353366 0.0402324 0.0272798 0.0139425
 0.18991 0.593921 0.175674 0.0200013 0.0204935
 0.274341 0.238612 0.357081 0.10562 0.0243465
 0.840292 0.0716571 0.0289531 0.043328 0.0157701
pobs_RECLAS
 0 0 0 0 0
 0 0 0 0 0
 0 0 0 0 0
 0 0 0 0 0
 0 0 0 0 0
 0 0 0 0 0
 0 0 0 0 0
 0 0 0 0 0
 0 0 0 0 0
 0 0 0 0 0
 0.991045 0.00858322 0.000360255 1.14367e-05 0
 0.934742 0.0480273 0.0164251 0.00080598 0
 0.827803 0.169806 0.00239088 0 0
 0.941827 0.0461693 0.0120037 0 0
 0.791401 0.0380133 0.147996 0.0225897 0
 0.846168 0.0940531 0.0597789 0 0
 0.134021 0.677848 0.182769 0.00536245 0
 0.80878 0.0450904 0.141981 0.00414843 0
 0.846168 0.0940531 0.0597789 0 0
 0.905697 0.0802665 0.012482 0.00150086 5.37128e-05
 0.989698 0.0102097 9.19794e-05 0 0
 0.975433 0.0193895 0.00387452 0.00125025 5.28907e-05
 0.303575 0.632131 0.0575291 0.00676475 0
 0.966965 0.00978017 0.0227588 0.000495775 0
 0.843318 0.132988 0.00938335 0.0141283 0.000182051
 0.564624 0.303363 0.111486 0.0197234 0.00080311
 0.826376 0.0876187 0.0782897 0.00655872 0.00115652
 0.89761 0.0855135 0.0140674 0.00269457 0.000114338
 0.34875 0.467042 0.161289 0.0227151 0.000203297
 0.318654 0.224769 0.449479 0.00709798 0
 0.937255 0.0296025 0.0250945 0.00804832 0
ppred_RECLAS
 0.34881 0.391482 0.20501 0.038269 0.0164293
 0.356719 0.341607 0.18136 0.0949741 0.0253399
 0.391582 0.334896 0.145251 0.0771139 0.0511572
 0.503684 0.291463 0.112759 0.0489054 0.0431885
 0.6109 0.283219 0.0621789 0.0240552 0.0196467
 0.919709 0.0633617 0.0123224 0.00270531 0.00190141
 0.291359 0.683471 0.0198628 0.00386287 0.00144413
 0.363414 0.343587 0.282592 0.00821259 0.00219426
 0.785077 0.119965 0.0512522 0.0421537 0.00155237
 0.868188 0.12016 0.00650395 0.00277866 0.00236955
 0.778338 0.209533 0.0110571 0.000598491 0.000473736
 0.635412 0.320801 0.0413911 0.00218422 0.000211808
 0.587436 0.33129 0.0715129 0.0092269 0.000534123
 0.59594 0.310453 0.0751667 0.0162256 0.00221469
 0.739155 0.206956 0.0414051 0.010025 0.00245938
 0.869753 0.113007 0.013678 0.00273651 0.000825105
 0.470497 0.497281 0.0279568 0.00338378 0.000881105
 0.74322 0.167961 0.0834143 0.00468949 0.000715395
 0.588007 0.355363 0.0370416 0.0183959 0.00119198
 0.418441 0.442661 0.119806 0.0124881 0.00660382
 0.683779 0.194088 0.0929626 0.0251603 0.00400946
 0.641197 0.29563 0.038774 0.0185716 0.00582741
 0.194342 0.642266 0.134624 0.0176569 0.0111108
 0.658986 0.114889 0.180266 0.0377852 0.00807431
 0.48224 0.415773 0.0343597 0.0539119 0.0137152
 0.31895 0.4507 0.184977 0.0152865 0.0300871
 0.672545 0.161738 0.109667 0.0450096 0.0110406
 0.567311 0.351634 0.0400352 0.0271461 0.0138742
 0.190951 0.593158 0.175449 0.0199757 0.0204671
 0.276715 0.237831 0.355912 0.105274 0.0242669
 0.841968 0.070905 0.0286492 0.0428733 0.0156046
pobs_PELACES
 0 0 0 0 0
 0 0 0 0 0
 0 0 0 0 0
 0 0 0 0 0
 0 0 0 0 0
 0 0 0 0 0
 0 0 0 0 0
 0 0 0 0 0
 0 0 0 0 0
 0 0 0 0 0
 0 0 0 0 0
 0 0 0 0 0
 0 0 0 0 0
 0 0 0 0 0
 0 0 0 0 0
 0 0 0 0 0
 0.505614 0.472636 0.0217494 0 0
 0 0 0 0 0
 0.443492 0.261883 0.143347 0.151278 0
 0.227955 0.32914 0.350689 0.0885471 0.00366901
 0.970185 0.0296113 0.000203453 0 0
 0.997202 0.00247181 0.000326279 0 0
 0.445219 0.490057 0.0546422 0.010081 0
 0.90214 0.0892962 0.00764917 0.000914606 0
 0 0 0 0 0
 0.581667 0.319106 0.0959925 0.00289975 0.000334073
 0.762889 0.0836404 0.116647 0.0363945 0.000428098
 0.88444 0.0763242 0.0277011 0.0115352 0
 0.521256 0.241999 0.230069 0.00667565 0
 0.616807 0.101726 0.260614 0.0208532 0
 0.833518 0.0704572 0.0857862 0.0102388 0
ppred_PELACES
 0.357167 0.386458 0.202379 0.0377779 0.0162185
 0.371837 0.333579 0.177098 0.092742 0.0247443
 0.407437 0.326169 0.141465 0.0751044 0.0498241
 0.54907 0.264811 0.102447 0.0444333 0.0392391
 0.638066 0.263446 0.0578378 0.0223757 0.018275
 0.927614 0.0571239 0.0111093 0.00243898 0.00171422
 0.341966 0.634662 0.0184443 0.00358701 0.001341
 0.379001 0.335174 0.275673 0.0080115 0.00214054
 0.820979 0.0999251 0.0426907 0.0351121 0.00129305
 0.887349 0.102693 0.0055585 0.00237474 0.00202509
 0.78312 0.205012 0.0108186 0.000585579 0.000463516
 0.658992 0.300053 0.0387141 0.00204295 0.000198109
 0.611581 0.311901 0.0673276 0.0086869 0.000502863
 0.637081 0.278843 0.0675133 0.0145735 0.00198919
 0.757243 0.192605 0.0385339 0.0093298 0.00228884
 0.880188 0.103954 0.0125822 0.00251728 0.000759003
 0.480724 0.487677 0.0274168 0.00331843 0.000864088
 0.753251 0.161399 0.0801556 0.00450629 0.000687447
 0.605504 0.340271 0.0354684 0.0176147 0.00114135
 0.434459 0.430468 0.116506 0.0121441 0.00642192
 0.694928 0.187245 0.089685 0.0242733 0.0038681
 0.655512 0.283836 0.0372271 0.0178307 0.00559492
 0.199748 0.637957 0.133721 0.0175385 0.0110363
 0.666857 0.112237 0.176105 0.0369131 0.00788794
 0.490339 0.409269 0.0338222 0.0530686 0.0135006
 0.324878 0.446777 0.183366 0.0151535 0.0298253
 0.68043 0.157843 0.107026 0.0439258 0.0107747
 0.574852 0.345505 0.0393374 0.0266729 0.0136324
 0.19477 0.590358 0.17462 0.0198814 0.0203705
 0.284931 0.23513 0.351869 0.104078 0.0239912
 0.847554 0.0683987 0.0276365 0.0413578 0.015053
pobs_pel_tallas
 0 0 0 0 0 0 0 0 0 0 0 0 0 0 0 0 0 0 0 0 0 0 0 0 0 0
 0 0 0 0 0 0 0 0 0 0 0 0 0 0 0 0 0 0 0 0 0 0 0 0 0 0
 0 0 0 0 0 0 0 0 0 0 0 0 0 0 0 0 0 0 0 0 0 0 0 0 0 0
 0 0 0 0 0 0 0 0 0 0 0 0 0 0 0 0 0 0 0 0 0 0 0 0 0 0
 0 0 0 0 0 0 0 0 0 0 0 0 0 0 0 0 0 0 0 0 0 0 0 0 0 0
 0 0 0 0 0 0 0 0 0 0 0 0 0 0 0 0 0 0 0 0 0 0 0 0 0 0
 0 0 0 0 0 0 0 0 0 0 0 0 0 0 0 0 0 0 0 0 0 0 0 0 0 0
 0 0 0 0 0 0 0 0 0 0 0 0 0 0 0 0 0 0 0 0 0 0 0 0 0 0
 0 0 0 0 0 0 0 0 0 0 0 0 0 0 0 0 0 0 0 0 0 0 0 0 0 0
 0 0 0 0 0 0 0 0 0 0 0 0 0 0 0 0 0 0 0 0 0 0 0 0 0 0
 0 0 0 0 0 0 0 0 0 0 0 0 0 0 0 0 0 0 0 0 0 0 0 0 0 0
 0 0 0 0 0 0 0 0 0 0 0 0 0 0 0 0 0 0 0 0 0 0 0 0 0 0
 0.00862536 0 0 0.000197151 0.00414017 0.0128641 0.00837892 0.0270097 0.101434 0.158115 0.152841 0.127902 0.109271 0.109419 0.0830992 0.0579132 0.0238553 0.00714673 0.00463305 0.00128148 0.00103504 0.000492878 0.000147863 0.000147863 4.92878e-05 0
 0 0 0 0 0 0 0 0 0 0 0 0 0 0 0 0 0 0 0 0 0 0 0 0 0 0
 0 0 0 0 0 0 0 0.0054083 0.00873648 0.0413646 0.0450493 0.0745869 0.0622846 0.0627006 0.0613931 0.0827291 0.12552 0.122667 0.0946155 0.0697135 0.0546179 0.0294188 0.0215738 0.0213955 0.0102223 0.00600262
 0 0 0 0 0.00359764 0.0251062 0.0480494 0.140153 0.205849 0.193036 0.1447 0.116669 0.0760912 0.0342217 0.00950174 0.001854 0.000860785 0 0 0 0.000165536 0 0.000143464 0 0 0
 0 0 0 0 0 0 0 0.000145254 0.000435761 0.0275982 0.070085 0.0708112 0.156366 0.174668 0.174014 0.160142 0.0824315 0.0480064 0.0283245 0.00493863 0.00203355 0 0 0 0 0
 0 0 0 0 0 0 0 0 0 0 0 0 0 0 0 0 0 0 0 0 0 0 0 0 0 0
 0 0 1.00437e-05 0.000401748 0.00122533 0.00171747 0.00176769 0.0269171 0.070346 0.194647 0.189555 0.159765 0.064822 0.0314167 0.0384472 0.0292271 0.0345202 0.0313363 0.0194345 0.0106764 0.0143323 0.0359363 0.0279516 0.0138201 0.00172751 0
 0 0.0021121 0.0136068 0.0755702 0.200478 0.177729 0.0527432 0.0373336 0.0318909 0.0142505 0.0149659 0.0166563 0.0217959 0.0798694 0.0677717 0.0528807 0.04013 0.0224614 0.0357745 0.0225083 0.00881397 0.00855152 0.00135912 0.000746735 0 0
 0 0 0 0 5.4009e-05 0.00500934 0.000945158 0.0243581 0.138947 0.33067 0.221406 0.137944 0.0707744 0.0437923 0.0131692 0.00525238 0.0047753 0.00276346 9.45158e-05 9.00151e-06 2.25038e-05 9.00151e-06 4.50075e-06 0 0 0
 0.000866109 0.00284123 0.00948549 0.0512746 0.133035 0.25785 0.225252 0.132002 0.0553304 0.0519788 0.0540692 0.017754 0.00435017 0.00159236 0.00146478 0.000404838 0.000125132 0.000115318 0.000107957 0.000100596 0 0 0 0 0 0
 0 0 0 0 0.00144013 0.00171154 0.00461396 0.0210425 0.0478622 0.0707936 0.0888783 0.103762 0.0637923 0.0337046 0.0602308 0.124433 0.169614 0.0934646 0.0462172 0.0250306 0.0313229 0.00938855 0.002487 0.000210481 0 0
 0 0.00764035 0.051015 0.0998891 0.058973 0.0496711 0.0374665 0.0718981 0.12319 0.153886 0.159021 0.0857701 0.0377988 0.023471 0.0147837 0.00900784 0.00315554 0.000888139 0.00291439 0.00214683 0.00393193 0.00274676 0.000635225 9.99891e-05 0 0
 0 0 0 0 0 0 0 0 0 0 0 0 0 0 0 0 0 0 0 0 0 0 0 0 0 0
 0 0 0 0 0 0 0 0 0 0 0 0 0 0 0 0 0 0 0 0 0 0 0 0 0 0
 0 0 0 0 0 0 0 0 0 0 0 0 0 0 0 0 0 0 0 0 0 0 0 0 0 0
 0 0 0 0 0 0 0 0 0 0 0 0 0 0 0 0 0 0 0 0 0 0 0 0 0 0
 0 0 0 0 0 0 0 0 0 0 0 0 0 0 0 0 0 0 0 0 0 0 0 0 0 0
 0 0 0 0 0 0 0 0 0 0 0 0 0 0 0 0 0 0 0 0 0 0 0 0 0 0
 0 0 0 0 0 0 0 0 0 0 0 0 0 0 0 0 0 0 0 0 0 0 0 0 0 0
ppred_pel_tallas
 1.12473e-16 2.94194e-05 0.000285967 0.00190036 0.00863876 0.0268786 0.0572691 0.0835938 0.0836312 0.0574524 0.0274947 0.0104214 0.00638666 0.0101182 0.018816 0.0313568 0.0458621 0.0591286 0.0678687 0.0705205 0.0680477 0.0630036 0.0576831 0.0528993 0.0481394 0.0425737
 1.18685e-16 3.06278e-05 0.000297713 0.00197841 0.00899359 0.0279826 0.059621 0.0870254 0.0870578 0.0597794 0.028515 0.0105344 0.00585789 0.00880595 0.0163061 0.0272187 0.0399438 0.0518072 0.0601044 0.0636391 0.0633626 0.0614907 0.0598343 0.0587165 0.0571656 0.053931
 1.2013e-16 3.35601e-05 0.000326216 0.00216782 0.00985462 0.0306616 0.0653289 0.095356 0.0953876 0.0654834 0.0311811 0.0113577 0.00594978 0.00861304 0.0158637 0.0264185 0.0386431 0.049869 0.0574193 0.060147 0.0590952 0.056636 0.0547879 0.0540592 0.0535351 0.0518247
 1.14121e-16 4.52262e-05 0.000439615 0.0029214 0.0132803 0.0413199 0.0880374 0.128499 0.128524 0.0881628 0.0417412 0.0144987 0.00598587 0.00714996 0.0128508 0.0213372 0.0311255 0.0399891 0.0457026 0.0472961 0.0456155 0.0426457 0.0401496 0.0387074 0.0377416 0.0362337
 1.07074e-16 5.25567e-05 0.00051087 0.00339491 0.0154328 0.0480173 0.102307 0.149325 0.14935 0.102431 0.0484347 0.016639 0.00642473 0.0071319 0.0126478 0.0208817 0.0302096 0.0382803 0.042739 0.0425241 0.0384934 0.0328035 0.0275561 0.0237701 0.0212858 0.0193566
 1.0087e-16 7.64063e-05 0.000742697 0.00493548 0.022436 0.0698067 0.148731 0.217078 0.217084 0.148758 0.0698971 0.0226973 0.00559159 0.00217583 0.00280067 0.00451565 0.0065129 0.00822247 0.00911948 0.00896322 0.00793349 0.00650083 0.00513664 0.00409048 0.00336419 0.00283104
 1.01282e-16 2.81674e-05 0.000273797 0.00181948 0.00827113 0.0257349 0.0548331 0.0800434 0.0801044 0.0551314 0.026736 0.0111613 0.00906849 0.0160794 0.0299899 0.0493878 0.0707971 0.088302 0.0958931 0.0908009 0.0751871 0.0547737 0.0355517 0.0210916 0.0119818 0.00695831
 1.09207e-16 3.12179e-05 0.000303449 0.00201653 0.00916685 0.0285217 0.0607696 0.0887019 0.0887345 0.0609294 0.029059 0.0107233 0.00594021 0.0089241 0.0165645 0.0277532 0.0409446 0.0534914 0.062623 0.0669124 0.0668899 0.0642425 0.0603632 0.0555452 0.0493437 0.0415045
 1.04998e-16 6.7623e-05 0.000657319 0.00436812 0.0198568 0.0617821 0.131634 0.192125 0.192135 0.131681 0.0619412 0.0203173 0.00552689 0.00319647 0.00491843 0.00810022 0.0118444 0.0152877 0.0176046 0.0184374 0.0180922 0.0172742 0.0165756 0.0161323 0.0156648 0.01478
 1.00768e-16 7.30897e-05 0.000710458 0.00472125 0.0214621 0.0667766 0.142275 0.207657 0.207667 0.142323 0.0669387 0.0219301 0.00589537 0.00327137 0.00493026 0.00801819 0.0115042 0.0143854 0.0156953 0.0149937 0.0126317 0.00952579 0.00662359 0.00447239 0.00313538 0.0023834
 1.00502e-16 6.45046e-05 0.000627008 0.00416669 0.0189412 0.0589331 0.125564 0.183268 0.183288 0.12566 0.0592567 0.0198753 0.00650999 0.00573744 0.00975536 0.0159866 0.0229312 0.028642 0.0311807 0.0296516 0.0247408 0.0182721 0.0121502 0.00750304 0.00451212 0.00278168
 1.01433e-16 5.42804e-05 0.000527625 0.00350625 0.0159389 0.0495921 0.105662 0.154223 0.154252 0.105804 0.0500664 0.0173087 0.0069441 0.00803078 0.014299 0.0235391 0.0338687 0.0425126 0.046671 0.0450365 0.0385599 0.0297949 0.021375 0.0148124 0.0103065 0.00731408
 1.02979e-16 5.03752e-05 0.000489665 0.003254 0.0147922 0.0460242 0.0980606 0.143129 0.143159 0.0982077 0.0465182 0.0162193 0.00683788 0.00831868 0.0149347 0.0246506 0.0355975 0.0449532 0.0498603 0.0489763 0.0432374 0.0351628 0.0272945 0.0210091 0.0163909 0.0128725
 1.03818e-16 5.24756e-05 0.000510081 0.00338967 0.015409 0.0479431 0.102149 0.149095 0.149122 0.10228 0.048385 0.0166859 0.00659702 0.00751898 0.0133848 0.0221 0.0319594 0.0404579 0.0450664 0.0446033 0.0399032 0.0331848 0.026655 0.0214591 0.0175924 0.0144964
 1.02485e-16 6.23731e-05 0.000606289 0.004029 0.0183153 0.0569857 0.121415 0.177212 0.177231 0.121506 0.0572907 0.0191963 0.00624151 0.00543921 0.0092498 0.0152162 0.0219674 0.0277377 0.0307667 0.0302381 0.0267486 0.021873 0.017191 0.0135423 0.0109445 0.00899496
 1.00771e-16 7.24999e-05 0.000704725 0.00468315 0.0212889 0.0662377 0.141127 0.205981 0.205991 0.141176 0.0664021 0.0217634 0.0058741 0.00330399 0.00500719 0.00815837 0.011734 0.0147313 0.0161804 0.0156334 0.0134265 0.0104499 0.00761676 0.00544382 0.00398422 0.00302886
 1.01395e-16 3.95967e-05 0.000384894 0.00255776 0.0116272 0.0361769 0.0770804 0.112511 0.112558 0.0773097 0.0369466 0.0138495 0.00813269 0.0125437 0.0230978 0.0380344 0.0545784 0.0681941 0.0742831 0.0707189 0.059132 0.0438523 0.0293945 0.0184221 0.0113493 0.0072256
 1.02923e-16 6.20444e-05 0.000603093 0.00400777 0.0182187 0.0566853 0.120775 0.176277 0.176293 0.120851 0.0569424 0.0189623 0.00587848 0.0047007 0.00788449 0.0130411 0.0190222 0.024421 0.0278239 0.0285404 0.0269497 0.024128 0.0210917 0.0182868 0.0156348 0.0129186
 1.03071e-16 4.98747e-05 0.000484799 0.00322166 0.0146452 0.0455669 0.0970864 0.141707 0.14174 0.0972466 0.0461047 0.0161981 0.00711878 0.00898956 0.0161942 0.0266734 0.0383736 0.0481628 0.0528842 0.051089 0.0439028 0.0342666 0.0251836 0.0183306 0.0138348 0.0109444
 1.05777e-16 3.57859e-05 0.000347852 0.0023116 0.0105082 0.0326952 0.0696621 0.101683 0.101724 0.0698653 0.0333777 0.0124806 0.00726659 0.0111781 0.0206437 0.0341735 0.0494608 0.0626863 0.0699529 0.0694229 0.0623477 0.0520959 0.0420195 0.033862 0.0276397 0.0225593
 1.05725e-16 5.72404e-05 0.000556397 0.00369745 0.0168081 0.0522963 0.111423 0.16263 0.162648 0.111512 0.0525946 0.017671 0.0058685 0.00531275 0.00914027 0.0151509 0.0221265 0.0284691 0.0325756 0.0336919 0.0323044 0.0296855 0.0269872 0.0246319 0.0223738 0.0197874
 1.03882e-16 5.39937e-05 0.000524838 0.00348773 0.0158547 0.0493301 0.105104 0.153408 0.153436 0.105238 0.049779 0.0171511 0.00674176 0.00762852 0.0135457 0.0223104 0.0321404 0.0404359 0.0445882 0.0434062 0.0378276 0.030276 0.0231978 0.0179154 0.0144613 0.0121575
 1.07649e-16 1.64531e-05 0.00015993 0.00106279 0.00483134 0.0150324 0.0320304 0.0467623 0.0468238 0.0323313 0.0160426 0.00775003 0.00839229 0.0161708 0.0304547 0.0504014 0.072788 0.0919142 0.101951 0.100175 0.0885357 0.0722233 0.0564639 0.0440668 0.0351525 0.0284661
 1.10148e-16 5.49281e-05 0.000533921 0.00354809 0.0161291 0.0501838 0.106922 0.156058 0.156069 0.106976 0.0503667 0.0166608 0.00489541 0.00351714 0.00584405 0.00989763 0.015009 0.0204601 0.0255193 0.0298036 0.0333675 0.0363698 0.0386363 0.0395645 0.0384804 0.0351316
 1.08688e-16 4.03887e-05 0.000392592 0.00260892 0.0118598 0.0369004 0.0786216 0.114759 0.114798 0.0788143 0.0375472 0.0137276 0.00729675 0.010624 0.0194663 0.0321068 0.0462305 0.058125 0.0640613 0.0623912 0.0545719 0.0442096 0.0348927 0.0284768 0.0248194 0.022658
 1.11973e-16 2.67598e-05 0.000260115 0.00172856 0.00785781 0.0244488 0.0520923 0.0760393 0.0760826 0.0523038 0.0251593 0.00991237 0.00689502 0.0115691 0.0215942 0.0358915 0.0522475 0.0668475 0.0757823 0.0772075 0.0723368 0.0643952 0.0564419 0.0498362 0.0442616 0.0387819
 1.09358e-16 5.60462e-05 0.000544789 0.00362031 0.0164574 0.0512052 0.109099 0.159236 0.159251 0.109174 0.0514579 0.0171891 0.00546423 0.0045943 0.00781842 0.0130258 0.0192056 0.0251004 0.0294605 0.0317194 0.0322704 0.0320433 0.0317418 0.0313855 0.0304592 0.0284203
 1.06206e-16 4.73499e-05 0.000460258 0.00305858 0.0139039 0.0432603 0.0921718 0.134534 0.134568 0.0923345 0.0438065 0.0154815 0.00701832 0.00910384 0.0164619 0.0271383 0.0390901 0.0491702 0.054216 0.0528034 0.046113 0.0371379 0.0288825 0.0229433 0.0192936 0.0170009
 1.10632e-16 1.60431e-05 0.000155944 0.00103631 0.00471094 0.0146578 0.0312321 0.0455961 0.0456531 0.0315109 0.0155943 0.00741785 0.00783795 0.0150269 0.0283259 0.0469783 0.0680809 0.0864655 0.0968367 0.0967086 0.0877965 0.0746671 0.0618108 0.0514784 0.0435543 0.0368507
 1.24712e-16 2.34695e-05 0.000228132 0.00151602 0.0068916 0.0214424 0.0456863 0.0666853 0.0667085 0.0457998 0.0218254 0.00800444 0.00433538 0.00646923 0.0121311 0.0206868 0.0313698 0.0427616 0.0533722 0.0624716 0.0702767 0.0772217 0.0829854 0.086235 0.0853536 0.0795185
 1.07511e-16 6.98119e-05 0.000678597 0.00450951 0.0204996 0.0637819 0.135894 0.198343 0.19835 0.135927 0.063891 0.0208153 0.00530451 0.00242236 0.00340671 0.00559027 0.00821547 0.0107075 0.0125538 0.0135779 0.0140569 0.0145086 0.0153041 0.0164065 0.0174065 0.0177791
pSPR Fmed_Fpbrs
0.557561   0.285357 0.285357
Fs Fmed_Fpbrs
0.396075   1.005 1.005
SSBpbr Bo_Bmed_Bpbrs
1.77689e+06  901882  418204 418204
Ro
141063
SPR SPRFo_SPRFmed_SPRFpbrs
1.00685e+06 561382 287312
Fref
1.005
Nvult_r0
 264868 12584.7 5084.85 7609.44 2769.6
CTP_r0
 30282.3 2582.37 1043.41 1561.45 568.319
YTP_r0
391152
Np
 231491 51523.5 17042.5 672.751 308.43
Nvult_p0
 179967 44585.4 14747.6 582.159 266.896
CTP_p0
 60188.6 54895.1 2166.97 875.566 1682.62
 60188.6 22348.3 7392.19 291.805 133.781
YTP_p0
 1.44378e+06 985088
CBA_c0
1.30617e+06
log_Ro
11.677
likeval ReclasPelacesDesembMPH_pf_preclas_ppelaces_ptallas_desvR_qrecl_qpela
 24.2315 30.7979 0.0967868 0.00262619 251.633 135.192 105.714 0 39.4546 0 0 0.128877 0 0 0
q_reclas_q_pelaces
1 1
M
1
N
 157936 93681.2 49058.6 9157.73 3931.52
 98378 52003.5 27608.8 14458.1 3857.54
 62823.9 29694.5 12879 6837.51 4535.99
 49610.6 18916.7 7318.3 3174.08 2803.04
 38032.6 10508.2 2307.01 892.515 728.948
 241204 9848.23 1915.26 420.483 295.533
 37760.5 63159.4 1835.52 356.967 133.451
 13059.1 6830.71 5618.09 163.271 43.6232
 36384.6 3923.97 1676.43 1378.82 50.777
 74026.3 6717.87 363.62 155.348 132.475
 112772 15835.6 835.652 45.2315 35.8031
 129127 38119 4918.28 259.539 25.168
 105771 34735.6 7498.08 967.435 56.0024
 84594.8 28687.7 6945.85 1499.34 204.65
 113387 18360 3673.23 889.359 218.183
 415333 31179.7 3773.87 755.027 227.654
 203477 114423 6432.75 778.595 202.739
 539701 66108.5 32831.4 1845.76 281.576
 500793 168955 17611.1 8746.21 566.716
 253020 147795 40000.8 4169.51 2204.88
 496990 76324.2 36557 9894.17 1576.7
 615865 156146 20479.7 9809.18 3077.93
 107635 187306 39260.9 5149.36 3240.3
 388281 35702.4 56018.7 11742 2509.14
 283529 128379 10609.3 16646.5 4234.85
 128419 94544 38802.8 3206.68 6311.42
 342628 43510.3 29502.3 12108.4 2970.11
 348024 113008 12866.5 8724.2 4458.89
 72348.3 116625 34496.3 3927.56 4024.2
 54059 24708.3 36975.8 10937 2521.09
 391428 17580.6 7103.45 10630.3 3869.09
pred_Ctot
 10573.6 11992.8 6280.35 1172.35 503.303
 11344.8 11092.6 5889.07 3083.97 822.829
 7326.75 6399.84 2775.72 1473.64 977.61
 13908.3 8715.68 3371.84 1462.43 1291.47
 7324.86 3545.12 778.309 301.105 245.923
 45173.9 3243.14 630.719 138.47 97.3226
 12840.4 33760.7 981.14 190.81 71.3339
 1537.61 1485.14 1221.49 35.4985 9.48461
 12106 2063.62 881.633 725.122 26.7036
 20457.4 3060.08 165.634 70.7633 60.3444
 5826.3 1580.73 83.4157 4.51507 3.5739
 22503.4 11789.6 1521.15 80.2716 7.78407
 18007.1 10524.9 2271.93 293.135 16.9688
 22878.9 12844.3 3109.86 671.3 91.6279
 18531.8 5366.49 1073.66 259.953 63.7732
 67498.6 9068.1 1097.57 219.587 66.2093
 15182.4 16240.4 913.025 110.509 28.7755
 51517.9 11833.8 5877 330.4 50.4035
 63742.1 39448.1 4111.9 2042.09 132.319
 29262.1 31609.1 8555.02 891.738 471.559
 46448.9 13395.1 6415.85 1736.45 276.715
 68510.4 32220.3 4225.93 2024.1 635.121
 6748.54 22521.2 4720.63 619.145 389.605
 25067.1 4414.59 6926.69 1451.89 310.254
 16906.2 14710.6 1215.69 1907.48 485.262
 6456.42 9192.53 3772.8 311.786 613.661
 22603 5492.3 3724.08 1528.44 374.917
 19747.9 12347 1405.76 953.182 487.166
 3296.94 10310.8 3049.8 347.234 355.778
 4003.5 3482.11 5210.95 1541.33 355.293
 30282.3 2582.37 1043.41 1561.45 568.319
F
 0.110881 0.221762 0.221762 0.221762 0.221762
 0.197856 0.395712 0.395712 0.395712 0.395712
 0.200291 0.400582 0.400582 0.400582 0.400582
 0.552045 1.10409 1.10409 1.10409 1.10409
 0.351152 0.702304 0.702304 0.702304 0.702304
 0.339983 0.679966 0.679966 0.679966 0.679966
 0.709835 1.41967 1.41967 1.41967 1.41967
 0.202382 0.404765 0.404765 0.404765 0.404765
 0.689375 1.37875 1.37875 1.37875 1.37875
 0.542157 1.08431 1.08431 1.08431 1.08431
 0.0846522 0.169304 0.169304 0.169304 0.169304
 0.313033 0.626066 0.626066 0.626066 0.626066
 0.30481 0.60962 0.60962 0.60962 0.60962
 0.527699 1.0554 1.0554 1.0554 1.0554
 0.291036 0.582072 0.582072 0.582072 0.582072
 0.289182 0.578365 0.578365 0.578365 0.578365
 0.124256 0.248512 0.248512 0.248512 0.248512
 0.161383 0.322766 0.322766 0.322766 0.322766
 0.220366 0.440731 0.440731 0.440731 0.440731
 0.198477 0.396954 0.396954 0.396954 0.396954
 0.157777 0.315555 0.315555 0.315555 0.315555
 0.190281 0.380563 0.380563 0.380563 0.380563
 0.10353 0.20706 0.20706 0.20706 0.20706
 0.106743 0.213487 0.213487 0.213487 0.213487
 0.0982471 0.196494 0.196494 0.196494 0.196494
 0.0822978 0.164596 0.164596 0.164596 0.164596
 0.109185 0.218369 0.218369 0.218369 0.218369
 0.0933044 0.186609 0.186609 0.186609 0.186609
 0.0743509 0.148702 0.148702 0.148702 0.148702
 0.12328 0.24656 0.24656 0.24656 0.24656
 0.129088 0.258176 0.258176 0.258176 0.258176
YTP_r0W_actual
 251343 36411.4 28798 53401.5 21198.3
YTP_p0W_proyectada
 450813 860206 50122.1 25715.4 56923.1
 450813 350198 170981 8570.32 4525.81
CTP_r0_actual
 30282.3 2582.37 1043.41 1561.45 568.319
CTP_p0_proyectada
 60188.6 54895.1 2166.97 875.566 1682.62
 60188.6 22348.3 7392.19 291.805 133.781
Wmedp
 7.49 15.67 23.13 29.37 33.83
Frms_r0
 0.129088 0.258176 0.258176 0.258176 0.258176
Zrms_r0
 1.12909 1.25818 1.25818 1.25818 1.25818
nmprior
 8.19 8.8 8.5 0
nm_flota  nm_reclas  nm_pelaces    nm_pelaL
inf 7.04887 9.73475 19.2674
cv_recla  cv_pelaces  cv_mph
0.445261 0.629264 1.5815
 ------------------------------------------------
Talla a la edad & desviaci?n 
 8 13.2811 15.8009 17.003 17.5766
 0.8 1.32811 1.58009 1.7003 1.75766
