    unsorted:	 6.603738032e-05 0.001099984175 5.031787585 8.470390690 4.574939238 12.33291933 15.23848035 39.33260145 52.26390563 90.63960189 114.9045856 164.0690168 213.9475589 260.7092724 295.6878423 408.0688084 480.1609168 540.5433482 562.5035354 614.8108444 681.8658826 822.0489803 834.6003753 781.7071981 869.9459931 888.4486355 975.3762486 998.9829699 1081.963059 1100.506764 1135.860699 1298.126343 1318.610383 1506.549257 1634.862852 1796.030763 1817.473283 1904.586533 2091.342133 2415.051978 2932.531127 3080.727545 3206.325496 15294.14847 36907.09340 158029.3893 191779.2684 331387.5357 335441.6624 319253.3604 299913.2978 267382.8637 356411.2960 408297.1021 416801.2522 467306.8899 552139.4715 609823.9656 747602.9404 765907.2167 809394.2689 880204.1237 1053928.109 1288879.377 1371772.834 1470957.253 1555675.758 1630879.830 1792253.605 1923226.298 2222274.790 2272499.685 2772008.409 2905806.788 3252902.613 3560864.110 4031425.809
      sorted:	 6.603738032e-05 0.001099984175 4.574939238 5.031787585 8.470390690 12.33291933 15.23848035 39.33260145 52.26390563 90.63960189 114.9045856 164.0690168 213.9475589 260.7092724 295.6878423 408.0688084 480.1609168 540.5433482 562.5035354 614.8108444 681.8658826 781.7071981 822.0489803 834.6003753 869.9459931 888.4486355 975.3762486 998.9829699 1081.963059 1100.506764 1135.860699 1298.126343 1318.610383 1506.549257 1634.862852 1796.030763 1817.473283 1904.586533 2091.342133 2415.051978 2932.531127 3080.727545 3206.325496 15294.14847 36907.09340 158029.3893 191779.2684 267382.8637 299913.2978 319253.3604 331387.5357 335441.6624 356411.2960 408297.1021 416801.2522 467306.8899 552139.4715 609823.9656 747602.9404 765907.2167 809394.2689 880204.1237 1053928.109 1288879.377 1371772.834 1470957.253 1555675.758 1630879.830 1792253.605 1923226.298 2222274.790 2272499.685 2772008.409 2905806.788 3252902.613 3560864.110 4031425.809
