years
 1991 1992 1993 1994 1995 1996 1997 1998 1999 2000 2001 2002 2003 2004 2005 2006 2007 2008 2009 2010 2011 2012 2013 2014 2015 2016 2017 2018 2019 2020 2021
reclasobs
 0 0 0 0 0 0 0 0 0 252601 567819 844713 477998 351125 339783 2.1784e+06 2.13404e+06 4.81314e+06 1.55562e+06 2.62356e+06 3.21686e+06 3.843e+06 1.13348e+06 3.07943e+06 1.97215e+06 2.03268e+06 2.025e+06 2.42433e+06 2.27542e+06 1.05018e+06 2.36338e+06
reclaspred
 2.16339e+06 1.21822e+06 579464 278552 162606 468312 263916 140989 155742 197294 324892 483419 425286 337947 408144 793852 1.27195e+06 2.03509e+06 1.91487e+06 1.45983e+06 2.49147e+06 2.15871e+06 1.97307e+06 2.24196e+06 1.95502e+06 1.75664e+06 1.79549e+06 1.95331e+06 2.1124e+06 1.11233e+06 1.39676e+06
pelacesobs
 0 0 0 0 0 0 0 0 0 0 0 0 0 0 0 552880 188675 0 991730 2.46772e+06 1.41603e+06 1.21717e+06 2.29649e+06 1.80582e+06 0 1.4828e+06 1.56532e+06 1.57751e+06 1.42118e+06 867257 1.10002e+06
pelacespred
 977317 585508 280235 96363.2 62703.8 197283 77443 63016.1 62202.9 81480.7 154261 188066 179799 152957 199933 322764 514948 884079 923182 671102 1.03028e+06 1.0295e+06 909222 1.11708e+06 992233 842947 991046 1.09306e+06 964438 590256 713965
mphobs
 0 0 0 0 0 0 0 0 0 0 0 498337 0 5186 125008 0 168611 109162 213762 579715 649985 157893 87575 83554 0 0 0 0 0 0 0
mphpred
 2.04195e+06 1.35352e+06 667390 307142 137744 116052 389601 107128 78469.5 120915 144427 364294 344643 250360 211375 353001 847620 1.15669e+06 1.56113e+06 1.36994e+06 1.35546e+06 1.82293e+06 1.79765e+06 1.38609e+06 1.81612e+06 1.52782e+06 1.17667e+06 1.38337e+06 1.98484e+06 1.23585e+06 669160
desembarqueobs
 494567 514787 250237 358949 120608 361735 552515 73892 212993 205616 52469 317467 293654 387597 252695 516296 358380 742168 942051 627588 828172 859565 418607 520667 417249 300574 415391 372974 316634 284311 391294
desembarquepred
 495436 515967 249846 359263 120806 361376 552518 74054.7 212844 205518 52425.8 317167 293779 387667 252863 516272 358755 742834 941917 627189 827166 859232 418884 520523 417158 300505 415567 372763 316475 284515 391205
Reclutas
 152696 98410.3 63535.8 49087 43017.1 224302 35455.2 14089.4 46316.1 72200.9 122309 119765 97600.6 97240.8 109518 395770 189583 532678 500492 269374 497626 646110 102480 352186 321057 115741 342854 371588 66435 53705.6 352611
log_desv_Rt
 0.0792452 -0.360059 -0.797602 -1.05561 -1.18761 0.463788 -1.38094 -2.30378 -1.11372 -0.669752 -0.142653 -0.163675 -0.368321 -0.372014 -0.253117 1.03163 0.295623 1.32871 1.26639 0.646895 1.26064 1.52176 -0.319537 0.914954 0.822415 -0.197851 0.888101 0.96858 -0.752981 -0.965688 0.91616
SSB
 2.04195e+06 1.35352e+06 667390 307142 137744 116052 389601 107128 78469.5 120915 144427 364294 344643 250360 211375 353001 847620 1.15669e+06 1.56113e+06 1.36994e+06 1.35546e+06 1.82293e+06 1.79765e+06 1.38609e+06 1.81612e+06 1.52782e+06 1.17667e+06 1.38337e+06 1.98484e+06 1.23585e+06 669160
BT
 2.84688e+06 1.97657e+06 936436 581809 287512 1.13947e+06 684967 266864 445025 489476 601780 841673 827791 957943 1.00558e+06 1.64325e+06 1.81509e+06 3.61761e+06 3.82218e+06 2.44082e+06 4.11022e+06 3.88529e+06 2.7009e+06 4.22043e+06 3.10003e+06 2.53444e+06 3.79572e+06 3.97491e+06 2.58207e+06 1.77031e+06 3.00538e+06
Ftot
 0.215739 0.392001 0.3987 1.09774 0.67118 0.70871 1.62316 0.483718 1.19848 0.926594 0.153411 0.59767 0.627397 1.00993 0.571712 0.599278 0.265151 0.341506 0.455045 0.398611 0.311192 0.370887 0.20028 0.219353 0.201504 0.162001 0.218751 0.180874 0.142019 0.24037 0.264322
BD_Bspro_t
 0.966071 0.777333 0.577825 0.420847 0.251174 0.27841 0.436185 0.155787 0.161986 0.259107 0.34807 0.638985 0.506445 0.395966 0.34707 0.458704 0.572987 0.625154 0.641662 0.578963 0.532017 0.599348 0.625679 0.604047 0.694129 0.707841 0.701054 0.75061 0.798706 0.717714 0.623336
BD_Bspro
 2.02513 1.34237 0.661892 0.304612 0.136609 0.115096 0.386392 0.106246 0.0778231 0.119919 0.143237 0.361293 0.341804 0.248298 0.209633 0.350093 0.840638 1.14717 1.54827 1.35865 1.3443 1.80792 1.78284 1.37467 1.80116 1.51524 1.16698 1.37197 1.96849 1.22567 0.663648
BD_Bo
 1.14747 0.760608 0.375039 0.172598 0.0774051 0.0652152 0.218936 0.0602006 0.0440958 0.0679481 0.0811605 0.204714 0.193671 0.140689 0.118782 0.198368 0.476319 0.650002 0.877275 0.769835 0.761701 1.02439 1.01019 0.778912 1.02057 0.858557 0.661228 0.77738 1.11538 0.694486 0.376034
BD_Brms
 4.871 3.22877 1.59203 0.732674 0.328583 0.276837 0.929378 0.25555 0.187186 0.288438 0.344525 0.869008 0.822131 0.597223 0.504226 0.842069 2.02196 2.75925 3.72401 3.26793 3.23341 4.34853 4.28822 3.30646 4.33229 3.64456 2.8069 3.29996 4.73475 2.94808 1.59625
Sel_flota
 0.5 1 1 1 1
 0.5 1 1 1 1
 0.5 1 1 1 1
 0.5 1 1 1 1
 0.5 1 1 1 1
 0.5 1 1 1 1
 0.5 1 1 1 1
 0.5 1 1 1 1
 0.5 1 1 1 1
 0.5 1 1 1 1
 0.5 1 1 1 1
 0.5 1 1 1 1
 0.5 1 1 1 1
 0.5 1 1 1 1
 0.5 1 1 1 1
 0.5 1 1 1 1
 0.5 1 1 1 1
 0.5 1 1 1 1
 0.5 1 1 1 1
 0.5 1 1 1 1
 0.5 1 1 1 1
 0.5 1 1 1 1
 0.5 1 1 1 1
 0.5 1 1 1 1
 0.5 1 1 1 1
 0.5 1 1 1 1
 0.5 1 1 1 1
 0.5 1 1 1 1
 0.5 1 1 1 1
 0.5 1 1 1 1
 0.5 1 1 1 1
Sel_reclas
 0.5 1 1 1 1
 0.5 1 1 1 1
 0.5 1 1 1 1
 0.5 1 1 1 1
 0.5 1 1 1 1
 0.5 1 1 1 1
 0.5 1 1 1 1
 0.5 1 1 1 1
 0.5 1 1 1 1
 0.5 1 1 1 1
 0.5 1 1 1 1
 0.5 1 1 1 1
 0.5 1 1 1 1
 0.5 1 1 1 1
 0.5 1 1 1 1
 0.5 1 1 1 1
 0.5 1 1 1 1
 0.5 1 1 1 1
 0.5 1 1 1 1
 0.5 1 1 1 1
 0.5 1 1 1 1
 0.5 1 1 1 1
 0.5 1 1 1 1
 0.5 1 1 1 1
 0.5 1 1 1 1
 0.5 1 1 1 1
 0.5 1 1 1 1
 0.5 1 1 1 1
 0.5 1 1 1 1
 0.5 1 1 1 1
 0.5 1 1 1 1
Sel_pelaces
 0.5 1 1 1 1
 0.5 1 1 1 1
 0.5 1 1 1 1
 0.5 1 1 1 1
 0.5 1 1 1 1
 0.5 1 1 1 1
 0.5 1 1 1 1
 0.5 1 1 1 1
 0.5 1 1 1 1
 0.5 1 1 1 1
 0.5 1 1 1 1
 0.5 1 1 1 1
 0.5 1 1 1 1
 0.5 1 1 1 1
 0.5 1 1 1 1
 0.5 1 1 1 1
 0.5 1 1 1 1
 0.5 1 1 1 1
 0.5 1 1 1 1
 0.5 1 1 1 1
 0.5 1 1 1 1
 0.5 1 1 1 1
 0.5 1 1 1 1
 0.5 1 1 1 1
 0.5 1 1 1 1
 0.5 1 1 1 1
 0.5 1 1 1 1
 0.5 1 1 1 1
 0.5 1 1 1 1
 0.5 1 1 1 1
 0.5 1 1 1 1
pf_obs 
 0.8446 0.082 0.0669 0.0065 0
 0.8095 0.147 0.0364 0.0071 0
 0.9664 0.0169 0.016 0.0007 0
 0.9276 0.0648 0.0075 0.0001 0
 0.7033 0.2144 0.0806 0.0017 0
 0.9318 0.0425 0.0243 0.0014 0
 0.5671 0.3108 0.0964 0.0239 0.0018
 0.0768 0.2599 0.5324 0.112 0.0189
 0.490249 0.384438 0.106611 0.0170017 0.00170017
 0.7925 0.1577 0.0466 0.003 0.0002
 0.840416 0.127587 0.0312969 0.00059994 9.999e-05
 0.8084 0.0986 0.0794 0.0134 0.0002
 0.7335 0.1905 0.0724 0.0035 0.0001
 0.4001 0.4547 0.1325 0.0127 0
 0.49795 0.308269 0.164784 0.0264974 0.00249975
 0.9179 0.0499 0.0305 0.0017 0
 0.2467 0.6533 0.0926 0.0074 0
 0.9418 0.0223 0.034 0.0019 0
 0.707729 0.231977 0.0356964 0.0245975 0
 0.517169 0.277429 0.184464 0.0207286 0.00020938
 0.811772 0.124168 0.05621 0.00726502 0.000585176
 0.764997 0.148141 0.077277 0.00933861 0.000247198
 0.163321 0.427699 0.378323 0.0303852 0.000271297
 0.753843 0.0900009 0.118128 0.0371064 0.000921714
 0.721811 0.176058 0.0630433 0.0369309 0.00215725
 0.143369 0.312575 0.442814 0.0836902 0.0175525
 0.692698 0.0596174 0.167031 0.0765114 0.00414204
 0.394062 0.376323 0.152708 0.0712218 0.00568511
 0.125707 0.32114 0.495352 0.0537591 0.00404204
 0.23352 0.215282 0.420074 0.123614 0.00750983
 0.774587 0.0839891 0.0768558 0.0609784 0.00358967
pf_pred 
 0.335553 0.380728 0.222533 0.0424836 0.0187023
 0.353448 0.335252 0.178375 0.104259 0.0286663
 0.389207 0.337012 0.141961 0.0755323 0.0562868
 0.478922 0.307336 0.117935 0.0496783 0.0461291
 0.628886 0.268528 0.0605062 0.0232182 0.0188619
 0.901386 0.0795551 0.0137906 0.00310737 0.00216108
 0.277012 0.692605 0.0245109 0.00424889 0.00162321
 0.431978 0.323275 0.234462 0.00829749 0.00198783
 0.817515 0.116436 0.0375902 0.0272631 0.00119597
 0.809434 0.177166 0.00854993 0.00276027 0.00208977
 0.776352 0.205612 0.0167683 0.000809226 0.000459042
 0.586165 0.363762 0.0460349 0.00375429 0.000283956
 0.565461 0.335916 0.0866903 0.0109708 0.000962377
 0.628089 0.282502 0.0691168 0.0178371 0.00245534
 0.69983 0.247179 0.0402513 0.00984786 0.00289129
 0.861391 0.117478 0.017401 0.00283362 0.000896815
 0.464832 0.501619 0.0284344 0.00421175 0.000902918
 0.752879 0.161326 0.0804166 0.00455844 0.000819954
 0.590553 0.356635 0.0344771 0.0171859 0.00114942
 0.432851 0.435652 0.114537 0.0110726 0.00588854
 0.673542 0.20653 0.0921216 0.0242196 0.00358655
 0.645109 0.290719 0.0405976 0.0181083 0.00546584
 0.178256 0.659543 0.132872 0.0185549 0.0107745
 0.629852 0.116696 0.203424 0.0409819 0.00904611
 0.530399 0.368235 0.0319577 0.0557084 0.0137004
 0.28331 0.505788 0.165377 0.0143525 0.0311721
 0.674165 0.147726 0.125697 0.0410989 0.0113136
 0.581622 0.341134 0.0350209 0.0297985 0.0124253
 0.169592 0.619294 0.172137 0.0176716 0.0213062
 0.270006 0.218056 0.381788 0.10612 0.0240294
 0.824544 0.0776922 0.0292029 0.0511305 0.0174302
pobs_RECLAS
 0 0 0 0 0
 0 0 0 0 0
 0 0 0 0 0
 0 0 0 0 0
 0 0 0 0 0
 0 0 0 0 0
 0 0 0 0 0
 0 0 0 0 0
 0 0 0 0 0
 0 0 0 0 0
 0.991045 0.00858322 0.000360255 1.14367e-05 0
 0.934742 0.0480273 0.0164251 0.00080598 0
 0.827803 0.169806 0.00239088 0 0
 0.941827 0.0461693 0.0120037 0 0
 0.791401 0.0380133 0.147996 0.0225897 0
 0.846168 0.0940531 0.0597789 0 0
 0.134021 0.677848 0.182769 0.00536245 0
 0.80878 0.0450904 0.141981 0.00414843 0
 0.846168 0.0940531 0.0597789 0 0
 0.905697 0.0802665 0.012482 0.00150086 5.37128e-05
 0.989698 0.0102097 9.19794e-05 0 0
 0.975433 0.0193895 0.00387452 0.00125025 5.28907e-05
 0.303575 0.632131 0.0575291 0.00676475 0
 0.966965 0.00978017 0.0227588 0.000495775 0
 0.843318 0.132988 0.00938335 0.0141283 0.000182051
 0.564624 0.303363 0.111486 0.0197234 0.00080311
 0.826376 0.0876187 0.0782897 0.00655872 0.00115652
 0.89761 0.0855135 0.0140674 0.00269457 0.000114338
 0.34875 0.467042 0.161289 0.0227151 0.000203297
 0.318654 0.224769 0.449479 0.00709798 0
 0.937255 0.0296025 0.0250945 0.00804832 0
ppred_RECLAS
 0.337835 0.379421 0.221769 0.0423378 0.0186381
 0.358161 0.332808 0.177075 0.103499 0.0284573
 0.394209 0.334252 0.140799 0.0749137 0.0558259
 0.498667 0.29569 0.113466 0.0477958 0.0443811
 0.638294 0.261721 0.0589724 0.0226297 0.0183838
 0.905188 0.0764875 0.0132588 0.00298756 0.00207775
 0.305624 0.665195 0.0235409 0.00408074 0.00155898
 0.438527 0.319547 0.231758 0.00820181 0.00196491
 0.830485 0.10816 0.0349186 0.0253254 0.00111097
 0.818882 0.168382 0.00812601 0.00262342 0.00198615
 0.777562 0.204499 0.0166775 0.000804847 0.000456558
 0.594593 0.356354 0.0450973 0.00367782 0.000278172
 0.574556 0.328885 0.0848757 0.0107412 0.000942233
 0.644368 0.270137 0.0660915 0.0170563 0.00234786
 0.7067 0.241522 0.0393301 0.00962247 0.00282512
 0.865514 0.113983 0.0168834 0.00274933 0.000870137
 0.468052 0.498601 0.0282633 0.00418642 0.000897486
 0.756105 0.15922 0.0793666 0.00449892 0.000809248
 0.59651 0.351446 0.0339754 0.0169358 0.00113269
 0.43801 0.431689 0.113495 0.0109719 0.00583497
 0.676963 0.204366 0.0911563 0.0239658 0.00354897
 0.649499 0.287123 0.0400953 0.0178843 0.00539822
 0.179636 0.658435 0.132649 0.0185238 0.0107564
 0.632276 0.115932 0.202092 0.0407136 0.00898688
 0.532754 0.366388 0.0317974 0.0554291 0.0136317
 0.284818 0.504724 0.165029 0.0143223 0.0311065
 0.67644 0.146694 0.124819 0.0408119 0.0112346
 0.583659 0.339472 0.0348504 0.0296534 0.0123648
 0.170498 0.618618 0.171949 0.0176523 0.021283
 0.27229 0.217374 0.380594 0.105788 0.0239543
 0.826401 0.0768699 0.0288938 0.0505894 0.0172457
pobs_PELACES
 0 0 0 0 0
 0 0 0 0 0
 0 0 0 0 0
 0 0 0 0 0
 0 0 0 0 0
 0 0 0 0 0
 0 0 0 0 0
 0 0 0 0 0
 0 0 0 0 0
 0 0 0 0 0
 0 0 0 0 0
 0 0 0 0 0
 0 0 0 0 0
 0 0 0 0 0
 0 0 0 0 0
 0 0 0 0 0
 0.505614 0.472636 0.0217494 0 0
 0 0 0 0 0
 0.443492 0.261883 0.143347 0.151278 0
 0.227955 0.32914 0.350689 0.0885471 0.00366901
 0.970185 0.0296113 0.000203453 0 0
 0.997202 0.00247181 0.000326279 0 0
 0.445219 0.490057 0.0546422 0.010081 0
 0.90214 0.0892962 0.00764917 0.000914606 0
 0 0 0 0 0
 0.581667 0.319106 0.0959925 0.00289975 0.000334073
 0.762889 0.0836404 0.116647 0.0363945 0.000428098
 0.88444 0.0763242 0.0277011 0.0115352 0
 0.521256 0.241999 0.230069 0.00667565 0
 0.616807 0.101726 0.260614 0.0208532 0
 0.833518 0.0704572 0.0857862 0.0102388 0
ppred_PELACES
 0.345843 0.374832 0.219087 0.0418257 0.0184127
 0.373162 0.325029 0.172936 0.10108 0.0277922
 0.410024 0.325527 0.137123 0.0729581 0.0543685
 0.543836 0.269049 0.103243 0.0434895 0.0403825
 0.663451 0.243518 0.0548708 0.0210557 0.0171051
 0.91476 0.068766 0.0119203 0.00268596 0.001868
 0.365206 0.608117 0.021521 0.00373058 0.0014252
 0.458266 0.308314 0.223611 0.00791348 0.00189584
 0.856537 0.0915377 0.0295522 0.0214333 0.000940232
 0.840464 0.148318 0.00715775 0.00231082 0.00174949
 0.78191 0.200502 0.0163516 0.000789117 0.000447635
 0.618126 0.335668 0.0424795 0.00346434 0.000262025
 0.599645 0.30949 0.0798706 0.0101078 0.000886669
 0.681573 0.241875 0.0591771 0.0152719 0.00210223
 0.725865 0.225741 0.0367601 0.00899372 0.00264052
 0.876614 0.104576 0.0154899 0.00252242 0.000798322
 0.478958 0.488378 0.0276839 0.00410058 0.000879085
 0.766346 0.152534 0.0760341 0.00431002 0.000775269
 0.614443 0.335826 0.0324654 0.0161831 0.00108235
 0.45426 0.419206 0.110213 0.0106546 0.00566625
 0.688088 0.197328 0.0880169 0.0231404 0.00342675
 0.6633 0.275817 0.0385166 0.0171801 0.00518567
 0.184557 0.654485 0.131853 0.0184127 0.0106918
 0.64065 0.113292 0.19749 0.0397864 0.00878223
 0.54102 0.359906 0.0312349 0.0544484 0.0133905
 0.290294 0.500859 0.163766 0.0142126 0.0308683
 0.684289 0.143136 0.121791 0.0398219 0.0109621
 0.590893 0.333574 0.0342449 0.0291382 0.0121499
 0.173837 0.616127 0.171257 0.0175813 0.0211973
 0.280219 0.215005 0.376447 0.104636 0.0236933
 0.832569 0.0741387 0.0278672 0.0487919 0.0166329
pobs_pel_tallas
 0 0 0 0 0 0 0 0 0 0 0 0 0 0 0 0 0 0 0 0 0 0 0 0 0 0
 0 0 0 0 0 0 0 0 0 0 0 0 0 0 0 0 0 0 0 0 0 0 0 0 0 0
 0 0 0 0 0 0 0 0 0 0 0 0 0 0 0 0 0 0 0 0 0 0 0 0 0 0
 0 0 0 0 0 0 0 0 0 0 0 0 0 0 0 0 0 0 0 0 0 0 0 0 0 0
 0 0 0 0 0 0 0 0 0 0 0 0 0 0 0 0 0 0 0 0 0 0 0 0 0 0
 0 0 0 0 0 0 0 0 0 0 0 0 0 0 0 0 0 0 0 0 0 0 0 0 0 0
 0 0 0 0 0 0 0 0 0 0 0 0 0 0 0 0 0 0 0 0 0 0 0 0 0 0
 0 0 0 0 0 0 0 0 0 0 0 0 0 0 0 0 0 0 0 0 0 0 0 0 0 0
 0 0 0 0 0 0 0 0 0 0 0 0 0 0 0 0 0 0 0 0 0 0 0 0 0 0
 0 0 0 0 0 0 0 0 0 0 0 0 0 0 0 0 0 0 0 0 0 0 0 0 0 0
 0 0 0 0 0 0 0 0 0 0 0 0 0 0 0 0 0 0 0 0 0 0 0 0 0 0
 0 0 0 0 0 0 0 0 0 0 0 0 0 0 0 0 0 0 0 0 0 0 0 0 0 0
 0.00862536 0 0 0.000197151 0.00414017 0.0128641 0.00837892 0.0270097 0.101434 0.158115 0.152841 0.127902 0.109271 0.109419 0.0830992 0.0579132 0.0238553 0.00714673 0.00463305 0.00128148 0.00103504 0.000492878 0.000147863 0.000147863 4.92878e-05 0
 0 0 0 0 0 0 0 0 0 0 0 0 0 0 0 0 0 0 0 0 0 0 0 0 0 0
 0 0 0 0 0 0 0 0.0054083 0.00873648 0.0413646 0.0450493 0.0745869 0.0622846 0.0627006 0.0613931 0.0827291 0.12552 0.122667 0.0946155 0.0697135 0.0546179 0.0294188 0.0215738 0.0213955 0.0102223 0.00600262
 0 0 0 0 0.00359764 0.0251062 0.0480494 0.140153 0.205849 0.193036 0.1447 0.116669 0.0760912 0.0342217 0.00950174 0.001854 0.000860785 0 0 0 0.000165536 0 0.000143464 0 0 0
 0 0 0 0 0 0 0 0.000145254 0.000435761 0.0275982 0.070085 0.0708112 0.156366 0.174668 0.174014 0.160142 0.0824315 0.0480064 0.0283245 0.00493863 0.00203355 0 0 0 0 0
 0 0 0 0 0 0 0 0 0 0 0 0 0 0 0 0 0 0 0 0 0 0 0 0 0 0
 0 0 1.00437e-05 0.000401748 0.00122533 0.00171747 0.00176769 0.0269171 0.070346 0.194647 0.189555 0.159765 0.064822 0.0314167 0.0384472 0.0292271 0.0345202 0.0313363 0.0194345 0.0106764 0.0143323 0.0359363 0.0279516 0.0138201 0.00172751 0
 0 0.0021121 0.0136068 0.0755702 0.200478 0.177729 0.0527432 0.0373336 0.0318909 0.0142505 0.0149659 0.0166563 0.0217959 0.0798694 0.0677717 0.0528807 0.04013 0.0224614 0.0357745 0.0225083 0.00881397 0.00855152 0.00135912 0.000746735 0 0
 0 0 0 0 5.4009e-05 0.00500934 0.000945158 0.0243581 0.138947 0.33067 0.221406 0.137944 0.0707744 0.0437923 0.0131692 0.00525238 0.0047753 0.00276346 9.45158e-05 9.00151e-06 2.25038e-05 9.00151e-06 4.50075e-06 0 0 0
 0.000866109 0.00284123 0.00948549 0.0512746 0.133035 0.25785 0.225252 0.132002 0.0553304 0.0519788 0.0540692 0.017754 0.00435017 0.00159236 0.00146478 0.000404838 0.000125132 0.000115318 0.000107957 0.000100596 0 0 0 0 0 0
 0 0 0 0 0.00144013 0.00171154 0.00461396 0.0210425 0.0478622 0.0707936 0.0888783 0.103762 0.0637923 0.0337046 0.0602308 0.124433 0.169614 0.0934646 0.0462172 0.0250306 0.0313229 0.00938855 0.002487 0.000210481 0 0
 0 0.00764035 0.051015 0.0998891 0.058973 0.0496711 0.0374665 0.0718981 0.12319 0.153886 0.159021 0.0857701 0.0377988 0.023471 0.0147837 0.00900784 0.00315554 0.000888139 0.00291439 0.00214683 0.00393193 0.00274676 0.000635225 9.99891e-05 0 0
 0 0 0 0 0 0 0 0 0 0 0 0 0 0 0 0 0 0 0 0 0 0 0 0 0 0
 0 0 0 0 0 0 0 0 0 0 0 0 0 0 0 0 0 0 0 0 0 0 0 0 0 0
 0 0 0 0 0 0 0 0 0 0 0 0 0 0 0 0 0 0 0 0 0 0 0 0 0 0
 0 0 0 0 0 0 0 0 0 0 0 0 0 0 0 0 0 0 0 0 0 0 0 0 0 0
 0 0 0 0 0 0 0 0 0 0 0 0 0 0 0 0 0 0 0 0 0 0 0 0 0 0
 0 0 0 0 0 0 0 0 0 0 0 0 0 0 0 0 0 0 0 0 0 0 0 0 0 0
 0 0 0 0 0 0 0 0 0 0 0 0 0 0 0 0 0 0 0 0 0 0 0 0 0 0
ppred_pel_tallas
 1.13729e-16 2.84867e-05 0.000276901 0.00184011 0.00836488 0.0260264 0.0554534 0.0809435 0.0809799 0.0556314 0.0266248 0.0100966 0.00620019 0.00983853 0.0183157 0.0305694 0.0448179 0.0580049 0.0669895 0.0702755 0.0687592 0.0648076 0.0604828 0.0564034 0.0519557 0.0463131
 1.19914e-16 3.0737e-05 0.000298774 0.00198546 0.00902564 0.0280823 0.0598334 0.0873353 0.0873668 0.0599878 0.0286012 0.0105274 0.00576684 0.00859301 0.0159004 0.0265503 0.0389887 0.0506279 0.0588595 0.0625487 0.0626485 0.0613235 0.0603079 0.0598443 0.05888 0.0560857
 1.20558e-16 3.37732e-05 0.000328288 0.00218159 0.0099172 0.0308563 0.0657437 0.0959614 0.095993 0.0658979 0.0313747 0.0114168 0.00595471 0.00859485 0.0158226 0.0263431 0.0385182 0.0496796 0.0571534 0.0598012 0.0586818 0.0561914 0.0543762 0.0537643 0.053438 0.051976
 1.14244e-16 4.47951e-05 0.000435424 0.00289355 0.0131537 0.0409261 0.0871983 0.127274 0.1273 0.0873257 0.0413541 0.0143914 0.00600665 0.00725193 0.013052 0.0216707 0.0316061 0.040594 0.0463698 0.0479458 0.0461819 0.0430998 0.0405006 0.0389862 0.037981 0.0364567
 1.06653e-16 5.46476e-05 0.000531194 0.00352997 0.0160468 0.0499276 0.106377 0.155265 0.155288 0.106492 0.0503135 0.0171619 0.00633115 0.00665296 0.0117013 0.0193124 0.0279456 0.035426 0.0395796 0.0394267 0.0357577 0.0305597 0.0257649 0.0223045 0.0200227 0.0182274
 1.00948e-16 7.53476e-05 0.000732405 0.00486709 0.0221251 0.0688394 0.14667 0.21407 0.214077 0.146702 0.0689482 0.0224394 0.00565637 0.00245603 0.00335068 0.00542498 0.00781912 0.00985714 0.0109053 0.0106727 0.00937837 0.00759571 0.00590238 0.00460931 0.00372567 0.00309991
 1.01392e-16 3.00817e-05 0.000292405 0.00194314 0.00883325 0.0274838 0.0585594 0.0854814 0.0855399 0.0588452 0.0284432 0.011603 0.00889036 0.015441 0.0287492 0.0473471 0.0678887 0.0847109 0.0920617 0.0872887 0.0724549 0.0530239 0.0347101 0.0209099 0.0121741 0.00729479
 1.07647e-16 3.77468e-05 0.000366912 0.00243826 0.011084 0.0344866 0.0734785 0.10725 0.10728 0.0736252 0.0349799 0.0125124 0.00603688 0.00826627 0.0151671 0.0253443 0.037269 0.0484454 0.0562814 0.059463 0.0585492 0.0552425 0.0510206 0.0463257 0.0408238 0.0342248
 1.03185e-16 7.05518e-05 0.000685789 0.00455731 0.0207169 0.0644579 0.137335 0.200446 0.200455 0.137378 0.0646033 0.0211373 0.0056144 0.00299897 0.00448022 0.00733912 0.010671 0.0136465 0.0154744 0.0158031 0.0149173 0.0135097 0.0122135 0.0112689 0.0105274 0.0096934
 1.00773e-16 6.92279e-05 0.00067292 0.00447179 0.0203281 0.0632484 0.134758 0.196686 0.1967 0.134828 0.0634825 0.0210039 0.00616709 0.00437021 0.0070806 0.0115688 0.0165946 0.0207343 0.0225888 0.0215175 0.0180247 0.0134361 0.00912915 0.0059091 0.00388556 0.00274464
 1.00679e-16 6.44049e-05 0.000626039 0.00416025 0.0189119 0.058842 0.12537 0.182985 0.183004 0.125464 0.0591586 0.0198261 0.00645407 0.00563 0.00955753 0.0156713 0.0225041 0.0281614 0.0307559 0.0294129 0.0247898 0.0186416 0.0127922 0.00831006 0.00535569 0.00355077
 1.01704e-16 5.09143e-05 0.000494905 0.00328882 0.0149505 0.0465168 0.0991101 0.144661 0.144693 0.0992681 0.0470474 0.0164828 0.00713455 0.00888816 0.0159852 0.0263297 0.0378837 0.0475502 0.052199 0.0503699 0.0431307 0.0333424 0.0239536 0.0166542 0.0116603 0.00835385
 1.03548e-16 4.9392e-05 0.000480108 0.00319049 0.0145035 0.045126 0.0961468 0.140335 0.140365 0.0962928 0.0456165 0.0159211 0.00675147 0.00826242 0.0148546 0.0245448 0.0355037 0.0449573 0.0500929 0.0495833 0.0443304 0.0367688 0.029331 0.0232969 0.0187024 0.0149929
 1.03657e-16 5.61403e-05 0.000545704 0.0036264 0.0164851 0.0512913 0.109282 0.159506 0.159529 0.109397 0.0516747 0.0175928 0.00640902 0.00662683 0.0116248 0.0191805 0.0277444 0.0351401 0.0391796 0.0388441 0.0348617 0.0291546 0.0236263 0.0192511 0.0160009 0.0133696
 1.02468e-16 5.97886e-05 0.000581166 0.00386206 0.0175564 0.0546245 0.116384 0.16987 0.169892 0.11649 0.0549816 0.018588 0.00645202 0.0062364 0.010804 0.0177767 0.0256258 0.0322746 0.0356448 0.0347747 0.0303802 0.0243492 0.0185933 0.0141569 0.0110976 0.0089432
 1.00862e-16 7.22055e-05 0.000701863 0.00466413 0.0212025 0.0659688 0.140554 0.205145 0.205155 0.140603 0.0661342 0.0216802 0.00586322 0.00331958 0.00504392 0.00822478 0.0118418 0.0148919 0.0164035 0.0159266 0.0137926 0.0108828 0.00809741 0.00593942 0.00445476 0.00343785
 1.01484e-16 3.94513e-05 0.00038348 0.00254836 0.0115845 0.036044 0.0767973 0.112098 0.112145 0.0770269 0.0368148 0.0138101 0.00813146 0.0125602 0.023132 0.0380922 0.0546637 0.0683063 0.0744164 0.0708666 0.0592902 0.0440223 0.0295806 0.0186269 0.0115693 0.00745059
 1.02797e-16 6.31229e-05 0.000613578 0.00407744 0.0185355 0.0576708 0.122874 0.179342 0.179356 0.122946 0.0579137 0.0192382 0.00584552 0.00448645 0.00745677 0.0123271 0.0179818 0.0230883 0.0263112 0.0269982 0.0255074 0.0228549 0.0199992 0.0173594 0.0148595 0.0122932
 1.02829e-16 5.06109e-05 0.000491956 0.00326922 0.0148614 0.0462396 0.0985196 0.143799 0.143831 0.0986776 0.0467702 0.0163937 0.00711441 0.00888267 0.0159763 0.0263068 0.0378328 0.0474559 0.0520546 0.0501961 0.0429953 0.0333672 0.0242956 0.0174573 0.0129935 0.0101672
 1.05316e-16 3.74169e-05 0.000363706 0.00241695 0.0109871 0.0341853 0.0728369 0.106316 0.106357 0.0730348 0.0348498 0.0129075 0.00724101 0.0109069 0.0200963 0.0332563 0.0481162 0.0609469 0.067945 0.067317 0.0602855 0.0501464 0.0401883 0.0321364 0.0260278 0.0210978
 1.05492e-16 5.6677e-05 0.00055092 0.00366106 0.0166427 0.0517816 0.110327 0.161029 0.161048 0.11042 0.0520957 0.0175512 0.00594643 0.00555594 0.00960931 0.0159201 0.0232179 0.0298061 0.03398 0.034938 0.0332022 0.030145 0.0270295 0.0243543 0.0219 0.0192305
 1.03783e-16 5.46352e-05 0.000531074 0.00352917 0.0160431 0.0499163 0.106353 0.155231 0.155257 0.106483 0.0503525 0.0173031 0.00669208 0.00743639 0.0131712 0.0216942 0.0312619 0.03935 0.0434259 0.0423316 0.0369719 0.0296897 0.0228472 0.0177174 0.0143283 0.0120287
 1.07629e-16 1.52019e-05 0.000147768 0.000981971 0.00446394 0.0138893 0.029595 0.0432079 0.0432711 0.0299035 0.0149255 0.00745764 0.00849947 0.016568 0.031228 0.051674 0.0746032 0.0941594 0.104355 0.102394 0.0902882 0.0733888 0.0570911 0.044308 0.0351779 0.0284065
 1.11205e-16 5.27695e-05 0.000512938 0.00340866 0.0154953 0.0482116 0.10272 0.149926 0.149937 0.102775 0.0483969 0.0160343 0.00477594 0.00354519 0.00595098 0.0101195 0.0154261 0.021188 0.0267019 0.0315898 0.0358665 0.0395948 0.0424621 0.0437285 0.0426374 0.038943
 1.0872e-16 4.45632e-05 0.00043317 0.00287857 0.0130856 0.0407143 0.0867474 0.126618 0.126652 0.0869168 0.0412832 0.0147286 0.00700232 0.00943451 0.0171383 0.0282621 0.0407168 0.0512449 0.056586 0.0553107 0.0487135 0.0399613 0.0321801 0.0269453 0.0240591 0.0223432
 1.11504e-16 2.39113e-05 0.000232426 0.00154455 0.00702135 0.0218463 0.0465476 0.0679477 0.0679962 0.0467843 0.0226414 0.00931979 0.00732112 0.0128665 0.0240879 0.0399665 0.057997 0.0738256 0.0829998 0.0834369 0.0765849 0.0662645 0.0561885 0.0481479 0.0419359 0.0364716
 1.094e-16 5.6364e-05 0.000547878 0.00364085 0.0165508 0.0514956 0.109717 0.160139 0.160153 0.109786 0.0517256 0.0172171 0.00532183 0.00424552 0.00716156 0.0119679 0.0177474 0.0234011 0.0278337 0.030536 0.0318095 0.0323751 0.0327075 0.0326765 0.0317421 0.0294455
 1.06052e-16 4.86711e-05 0.000473101 0.00314392 0.0142918 0.0444674 0.0947436 0.138288 0.13832 0.0949007 0.0449946 0.0158146 0.00696586 0.00881518 0.0158887 0.0261838 0.0377039 0.0474052 0.0522331 0.0508172 0.0443092 0.0356161 0.0276543 0.0219717 0.0185333 0.0164162
 1.1045e-16 1.43189e-05 0.000139185 0.000924935 0.00420466 0.0130826 0.027876 0.0406983 0.0407578 0.0281669 0.0140596 0.0070284 0.00801927 0.0156472 0.0295283 0.0489538 0.0708916 0.0899259 0.100508 0.100036 0.09032 0.0761817 0.0623877 0.0513692 0.0430585 0.0362205
 1.25422e-16 2.30813e-05 0.000224359 0.00149094 0.00677762 0.0210878 0.0449306 0.065582 0.0656033 0.0450349 0.0214398 0.00780166 0.00408946 0.00599012 0.0112477 0.0192785 0.0294605 0.0406087 0.0514612 0.0613785 0.0704504 0.0788025 0.085756 0.0897148 0.0889736 0.0827919
 1.08532e-16 6.85776e-05 0.000666599 0.00442979 0.0201372 0.0626542 0.133492 0.194837 0.194844 0.133527 0.0627725 0.0204793 0.00529114 0.00255574 0.00368329 0.00605444 0.0088974 0.0115967 0.0136017 0.0147305 0.0152955 0.0158693 0.0168577 0.0182102 0.0194567 0.0199924
pSPR Fmed_Fpbrs
0.559005   0.285572 0.285572
Fs Fmed_Fpbrs
0.394344   1.005 1.005
SSBpbr Bo_Bmed_Bpbrs
1.77952e+06  905786  419207 419207
Ro
141063
SPR SPRFo_SPRFmed_SPRFpbrs
1.00831e+06 563648 287944
Fref
1.005
Nvult_r0
 238952 12571.7 4725.43 8273.63 2820.44
CTP_r0
 27893.6 2628.26 987.908 1729.7 589.647
YTP_r0
391205
Np
 231999 113659 4948.13 1859.9 4176.17
Nvult_p0
 180362 98353.8 4281.82 1609.45 3613.8
CTP_p0
 60320.8 49299.5 2146.25 806.729 1811.41
YTP_p0
 1.38389e+06
CBA_c0
689009
log_Ro
11.677
likeval ReclasPelacesDesembMPH_pf_preclas_ppelaces_ptallas_desvR_qrecl_qpela
 24.0079 29.8027 0.144425 0.00259108 253.988 135.315 107.273 0 38.0074 0 0 0.156157 0 0 0
q_reclas_q_pelaces
1 1
M
1
N
 152696 90497.9 52895.5 10098.2 4445.48
 98410.3 50429.7 26831.8 15683 4312.08
 63535.8 29759.4 12535.7 6669.77 4970.33
 49087 19149.1 7348.12 3095.28 2874.15
 43017.1 10430.4 2350.24 901.864 732.652
 224302 11313.6 1961.18 441.904 307.33
 35455.2 57895.4 2048.89 355.168 135.686
 14089.4 5793.23 4201.66 148.695 35.6229
 46316.1 4069.68 1313.86 952.906 41.8019
 72200.9 9358.16 451.619 145.801 110.384
 122309 16712.5 1362.96 65.7754 37.3118
 119765 41672.7 5273.77 430.092 32.53
 97600.6 32677.8 8433.2 1067.24 93.6197
 97240.8 26237.4 6419.23 1656.62 228.039
 109518 21589.9 3515.74 860.16 252.54
 395770 30272.3 4483.98 730.182 231.096
 189583 107899 6116.28 905.954 194.219
 532678 61084.1 30448.7 1725.99 310.465
 500492 165201 15970.5 7960.87 532.436
 269374 146653 38556.3 3727.36 1982.25
 497626 81190.2 36214.4 9521.08 1409.93
 646110 156687 21880.6 9759.73 2945.89
 102480 197458 39780 5555.1 3225.73
 352186 34107.9 59456.6 11978.2 2643.99
 321057 116103 10076.2 17564.7 4319.69
 115741 106790 34917.1 3030.33 6581.56
 342854 39265.8 33410.4 10924.2 3007.17
 371588 113061 11606.9 9876.08 4118.09
 66435 124879 34711 3563.45 4296.35
 53705.6 22764.8 39858.2 11078.8 2508.64
 352611 17519.8 6585.33 11530.1 3930.55
pred_Ctot
 9957.36 11297.9 6603.55 1260.68 554.981
 11250.5 10671.3 5677.82 3318.65 912.471
 7377.73 6388.33 2690.99 1431.77 1066.96
 13698.6 8790.75 3373.3 1420.95 1319.43
 7966.04 3401.41 766.426 294.103 238.922
 43538.8 3842.67 666.114 150.093 104.385
 13288.4 33224.6 1175.8 203.821 77.8664
 1951.4 1460.35 1059.15 37.4828 8.97978
 13848.3 1972.35 636.758 461.822 20.2591
 17568.3 3845.29 185.571 59.9101 45.3571
 5744.63 1521.43 124.077 5.98788 3.39669
 20036.9 12434.5 1573.61 128.333 9.70647
 17040.8 10123.2 2612.52 330.62 29.0024
 25383.4 11417 2793.27 720.864 99.2294
 17616.9 6222.28 1013.25 247.902 72.7829
 66370.3 9051.68 1340.75 218.331 69.0997
 15041.6 16232 920.118 136.289 29.2178
 53596.1 11484.5 5724.71 324.507 58.3711
 65584.4 39606.5 3828.89 1908.59 127.65
 31273.1 31475.5 8275.18 799.989 425.442
 45905.9 14076.3 6278.63 1650.71 244.445
 70184.3 31628.7 4416.8 1970.09 594.654
 6223.57 23027.1 4639.06 647.823 376.177
 23333.5 4323.13 7536.04 1518.22 335.122
 19611.9 13615.8 1181.66 2059.86 506.582
 5730.35 10230.3 3344.99 290.299 630.5
 22655.7 4964.43 4224.12 1381.16 380.201
 20461.1 12000.9 1232.02 1048.3 437.114
 2895.4 10573 2938.84 301.703 363.755
 3882.38 3135.4 5489.68 1525.89 345.516
 27893.6 2628.26 987.908 1729.7 589.647
F
 0.10787 0.215739 0.215739 0.215739 0.215739
 0.196001 0.392001 0.392001 0.392001 0.392001
 0.19935 0.3987 0.3987 0.3987 0.3987
 0.548868 1.09774 1.09774 1.09774 1.09774
 0.33559 0.67118 0.67118 0.67118 0.67118
 0.354355 0.70871 0.70871 0.70871 0.70871
 0.811579 1.62316 1.62316 1.62316 1.62316
 0.241859 0.483718 0.483718 0.483718 0.483718
 0.599241 1.19848 1.19848 1.19848 1.19848
 0.463297 0.926594 0.926594 0.926594 0.926594
 0.0767057 0.153411 0.153411 0.153411 0.153411
 0.298835 0.59767 0.59767 0.59767 0.59767
 0.313698 0.627397 0.627397 0.627397 0.627397
 0.504967 1.00993 1.00993 1.00993 1.00993
 0.285856 0.571712 0.571712 0.571712 0.571712
 0.299639 0.599278 0.599278 0.599278 0.599278
 0.132575 0.265151 0.265151 0.265151 0.265151
 0.170753 0.341506 0.341506 0.341506 0.341506
 0.227523 0.455045 0.455045 0.455045 0.455045
 0.199305 0.398611 0.398611 0.398611 0.398611
 0.155596 0.311192 0.311192 0.311192 0.311192
 0.185443 0.370887 0.370887 0.370887 0.370887
 0.10014 0.20028 0.20028 0.20028 0.20028
 0.109676 0.219353 0.219353 0.219353 0.219353
 0.100752 0.201504 0.201504 0.201504 0.201504
 0.0810004 0.162001 0.162001 0.162001 0.162001
 0.109375 0.218751 0.218751 0.218751 0.218751
 0.090437 0.180874 0.180874 0.180874 0.180874
 0.0710095 0.142019 0.142019 0.142019 0.142019
 0.120185 0.24037 0.24037 0.24037 0.24037
 0.132161 0.264322 0.264322 0.264322 0.264322
YTP_r0W_actual
 237096 42840.6 28550.5 60193.6 22524.5
YTP_p0W_proyectada
 453612 794708 50179.3 23798.5 61587.9
CTP_r0_actual
 27893.6 2628.26 987.908 1729.7 589.647
CTP_p0_proyectada
 60320.8 49299.5 2146.25 806.729 1811.41
Wmedp
 7.52 16.12 23.38 29.5 34
Frms_r0
 0.132161 0.264322 0.264322 0.264322 0.264322
Zrms_r0
 1.13216 1.26432 1.26432 1.26432 1.26432
nmprior
 8.19 8.8 8.5 0
nm_flota  nm_reclas  nm_pelaces    nm_pelaL
inf 6.89111 9.12006 17.701
cv_recla  cv_pelaces  cv_mph
0.443203 0.619014 1.57089
 ------------------------------------------------
Talla a la edad & desviaci?n 
 8 13.2811 15.8009 17.003 17.5766
 0.8 1.32811 1.58009 1.7003 1.75766
