years
 1991 1992 1993 1994 1995 1996 1997 1998 1999 2000 2001 2002 2003 2004 2005 2006 2007 2008 2009 2010 2011 2012 2013 2014 2015 2016 2017 2018 2019 2020 2021
reclasobs
 0 0 0 0 0 0 0 0 0 252601 567819 844713 477998 351125 339783 2.1784e+06 2.13404e+06 4.81314e+06 1.55562e+06 2.62356e+06 3.21686e+06 3.843e+06 1.13348e+06 3.07943e+06 1.97215e+06 2.03268e+06 2.025e+06 2.42433e+06 2.27542e+06 1.05018e+06 2.36338e+06
reclaspred
 3.64752e+06 2.36829e+06 1.24193e+06 1.17137e+06 1.34731e+06 1.72502e+06 1.2151e+06 1.13433e+06 912298 734979 603188 703133 701699 618632 794639 1.39774e+06 1.90293e+06 2.66062e+06 2.55355e+06 1.97378e+06 3.34814e+06 2.71783e+06 2.55158e+06 3.25206e+06 2.89799e+06 2.67019e+06 2.7213e+06 2.60072e+06 2.8531e+06 2.05957e+06 2.6195e+06
pelacesobs
 0 0 0 0 0 0 0 0 0 0 0 0 0 0 0 552880 188675 0 991730 2.46772e+06 1.41603e+06 1.21717e+06 2.29649e+06 1.80582e+06 0 1.4828e+06 1.56532e+06 1.57751e+06 1.42118e+06 867257 1.10002e+06
pelacespred
 1.60171e+06 1.1944e+06 658842 514353 608089 782616 555747 622228 493302 360888 323665 299670 319680 305097 414285 612508 812482 1.21184e+06 1.2694e+06 946112 1.40357e+06 1.35204e+06 1.21396e+06 1.65502e+06 1.51232e+06 1.33352e+06 1.51788e+06 1.49373e+06 1.32354e+06 1.06884e+06 1.38399e+06
mphobs
 0 0 0 0 0 0 0 0 0 0 0 498337 0 5186 125008 0 168611 109162 213762 579715 649985 157893 87575 83554 0 0 0 0 0 0 0
mphpred
 3.1217e+06 2.53362e+06 1.36167e+06 816396 1.0372e+06 1.14504e+06 1.36794e+06 725558 908406 663581 474589 544698 532985 482885 424236 750059 1.47506e+06 1.5483e+06 2.13373e+06 1.84792e+06 1.88291e+06 2.4439e+06 2.19354e+06 1.93255e+06 2.76023e+06 2.20863e+06 1.9438e+06 2.03491e+06 2.54833e+06 1.87915e+06 1.46412e+06
desembarqueobs
 494567 514787 250237 358949 120608 361735 552515 73892 212993 205616 52469 317467 293654 387597 252695 516296 358380 742168 942051 627588 828172 859565 418607 520667 417249 300574 415391 372974 316634 284311 391294
desembarquepred
 494861 511888 251909 358697 120467 361465 552110 73909.7 213199 205902 52517.5 317299 293960 387910 252875 516310 358142 742450 942499 627116 827696 859754 418835 520283 417183 300712 415308 373096 316887 284571 391439
Reclutas
 274986 109052 142653 283030 203004 305029 56846.6 134683 64391.3 86618.6 127448 156762 151512 126517 183452 543916 171701 682989 575893 329440 597426 677998 194348 516889 387404 225099 434354 425370 173562 186019 560553
log_desv_Rt
 0.156685 -0.768211 -0.499621 0.18552 -0.146809 0.260371 -1.41968 -0.557112 -1.29506 -0.99852 -0.612327 -0.405306 -0.439371 -0.619655 -0.248082 0.83876 -0.314279 1.06644 0.895887 0.337358 0.932596 1.05911 -0.190383 0.787793 0.499434 -0.0434932 0.613825 0.592924 -0.303502 -0.234188 0.86889
SSB
 3.1217e+06 2.53362e+06 1.36167e+06 816396 1.0372e+06 1.14504e+06 1.36794e+06 725558 908406 663581 474589 544698 532985 482885 424236 750059 1.47506e+06 1.5483e+06 2.13373e+06 1.84792e+06 1.88291e+06 2.4439e+06 2.19354e+06 1.93255e+06 2.76023e+06 2.20863e+06 1.9438e+06 2.03491e+06 2.54833e+06 1.87915e+06 1.46412e+06
BT
 4.39961e+06 3.388e+06 1.8759e+06 1.88054e+06 1.74139e+06 2.72912e+06 1.86439e+06 2.11252e+06 1.56789e+06 1.20198e+06 1.01045e+06 1.16942e+06 1.25658e+06 1.41827e+06 1.75141e+06 2.56208e+06 2.48499e+06 4.69521e+06 4.7767e+06 3.16377e+06 5.22097e+06 4.70225e+06 3.63019e+06 6.04527e+06 4.39549e+06 3.98728e+06 5.33164e+06 5.07796e+06 3.56216e+06 3.16348e+06 5.17704e+06
Ftot
 0.128818 0.203742 0.191492 0.287461 0.0852351 0.198112 0.418959 0.0622556 0.220293 0.263041 0.0830575 0.418297 0.389553 0.574322 0.299455 0.346192 0.178031 0.262752 0.344613 0.297511 0.233114 0.296472 0.155539 0.151927 0.13665 0.10717 0.144953 0.136353 0.105651 0.131218 0.142083
BD_Bspro_t
 0.9796 0.86527 0.734123 0.670057 0.708227 0.765969 0.73827 0.567807 0.709888 0.676526 0.653552 0.751236 0.636362 0.565386 0.517077 0.639276 0.700931 0.700168 0.714477 0.652456 0.614583 0.668745 0.676126 0.687166 0.778122 0.780479 0.795195 0.815774 0.838379 0.797767 0.779771
BD_Bspro
 1.86027 1.50982 0.811441 0.486502 0.618083 0.682346 0.815173 0.43237 0.541332 0.395437 0.282814 0.324593 0.317613 0.287758 0.252808 0.44697 0.879007 0.922652 1.27152 1.1012 1.12205 1.45635 1.30716 1.15163 1.64486 1.31616 1.15834 1.21263 1.51859 1.11981 0.872488
BD_Bo
 1.39937 1.13575 0.610401 0.365968 0.464949 0.51329 0.613208 0.325248 0.407213 0.297465 0.212745 0.244173 0.238922 0.216464 0.190173 0.33623 0.661227 0.694059 0.956493 0.828372 0.844055 1.09553 0.983304 0.866308 1.23733 0.990069 0.871353 0.912195 1.14235 0.842369 0.656323
BD_Brms
 5.94575 4.82566 2.59351 1.55495 1.97551 2.1809 2.60544 1.38193 1.73019 1.26389 0.903925 1.03746 1.01515 0.919726 0.808021 1.4286 2.80947 2.94896 4.06401 3.51964 3.58628 4.65476 4.17793 3.68083 5.25727 4.20667 3.70226 3.8758 4.85367 3.57911 2.78863
Sel_flota
 0.5 1 1 1 1
 0.5 1 1 1 1
 0.5 1 1 1 1
 0.5 1 1 1 1
 0.5 1 1 1 1
 0.5 1 1 1 1
 0.5 1 1 1 1
 0.5 1 1 1 1
 0.5 1 1 1 1
 0.5 1 1 1 1
 0.5 1 1 1 1
 0.5 1 1 1 1
 0.5 1 1 1 1
 0.5 1 1 1 1
 0.5 1 1 1 1
 0.5 1 1 1 1
 0.5 1 1 1 1
 0.5 1 1 1 1
 0.5 1 1 1 1
 0.5 1 1 1 1
 0.5 1 1 1 1
 0.5 1 1 1 1
 0.5 1 1 1 1
 0.5 1 1 1 1
 0.5 1 1 1 1
 0.5 1 1 1 1
 0.5 1 1 1 1
 0.5 1 1 1 1
 0.5 1 1 1 1
 0.5 1 1 1 1
 0.5 1 1 1 1
Sel_reclas
 0.5 1 1 1 1
 0.5 1 1 1 1
 0.5 1 1 1 1
 0.5 1 1 1 1
 0.5 1 1 1 1
 0.5 1 1 1 1
 0.5 1 1 1 1
 0.5 1 1 1 1
 0.5 1 1 1 1
 0.5 1 1 1 1
 0.5 1 1 1 1
 0.5 1 1 1 1
 0.5 1 1 1 1
 0.5 1 1 1 1
 0.5 1 1 1 1
 0.5 1 1 1 1
 0.5 1 1 1 1
 0.5 1 1 1 1
 0.5 1 1 1 1
 0.5 1 1 1 1
 0.5 1 1 1 1
 0.5 1 1 1 1
 0.5 1 1 1 1
 0.5 1 1 1 1
 0.5 1 1 1 1
 0.5 1 1 1 1
 0.5 1 1 1 1
 0.5 1 1 1 1
 0.5 1 1 1 1
 0.5 1 1 1 1
 0.5 1 1 1 1
Sel_pelaces
 0.5 1 1 1 1
 0.5 1 1 1 1
 0.5 1 1 1 1
 0.5 1 1 1 1
 0.5 1 1 1 1
 0.5 1 1 1 1
 0.5 1 1 1 1
 0.5 1 1 1 1
 0.5 1 1 1 1
 0.5 1 1 1 1
 0.5 1 1 1 1
 0.5 1 1 1 1
 0.5 1 1 1 1
 0.5 1 1 1 1
 0.5 1 1 1 1
 0.5 1 1 1 1
 0.5 1 1 1 1
 0.5 1 1 1 1
 0.5 1 1 1 1
 0.5 1 1 1 1
 0.5 1 1 1 1
 0.5 1 1 1 1
 0.5 1 1 1 1
 0.5 1 1 1 1
 0.5 1 1 1 1
 0.5 1 1 1 1
 0.5 1 1 1 1
 0.5 1 1 1 1
 0.5 1 1 1 1
 0.5 1 1 1 1
 0.5 1 1 1 1
pf_obs 
 0.8446 0.082 0.0669 0.0065 0
 0.8095 0.147 0.0364 0.0071 0
 0.9664 0.0169 0.016 0.0007 0
 0.9276 0.0648 0.0075 0.0001 0
 0.7033 0.2144 0.0806 0.0017 0
 0.9318 0.0425 0.0243 0.0014 0
 0.5671 0.3108 0.0964 0.0239 0.0018
 0.0768 0.2599 0.5324 0.112 0.0189
 0.490249 0.384438 0.106611 0.0170017 0.00170017
 0.7925 0.1577 0.0466 0.003 0.0002
 0.840416 0.127587 0.0312969 0.00059994 9.999e-05
 0.8084 0.0986 0.0794 0.0134 0.0002
 0.7335 0.1905 0.0724 0.0035 0.0001
 0.4001 0.4547 0.1325 0.0127 0
 0.49795 0.308269 0.164784 0.0264974 0.00249975
 0.9179 0.0499 0.0305 0.0017 0
 0.2467 0.6533 0.0926 0.0074 0
 0.9418 0.0223 0.034 0.0019 0
 0.707729 0.231977 0.0356964 0.0245975 0
 0.517169 0.277429 0.184464 0.0207286 0.00020938
 0.811772 0.124168 0.05621 0.00726502 0.000585176
 0.764997 0.148141 0.077277 0.00933861 0.000247198
 0.163321 0.427699 0.378323 0.0303852 0.000271297
 0.753843 0.0900009 0.118128 0.0371064 0.000921714
 0.721811 0.176058 0.0630433 0.0369309 0.00215725
 0.143369 0.312575 0.442814 0.0836902 0.0175525
 0.692698 0.0596174 0.167031 0.0765114 0.00414204
 0.394062 0.376323 0.152708 0.0712218 0.00568511
 0.125707 0.32114 0.495352 0.0537591 0.00404204
 0.23352 0.215282 0.420074 0.123614 0.00750983
 0.796117 0.104755 0.0508955 0.0450114 0.00322123
pf_pred 
 0.341503 0.41499 0.243505 1.59695e-06 9.7649e-07
 0.237062 0.395676 0.231452 0.135809 1.43528e-06
 0.448709 0.21923 0.172214 0.100737 0.0591102
 0.665461 0.211682 0.0488561 0.0383784 0.0356225
 0.48209 0.42085 0.0614153 0.0141746 0.0214699
 0.592821 0.267199 0.113747 0.0165992 0.00963393
 0.186606 0.614434 0.130562 0.0555803 0.0128184
 0.579424 0.144061 0.208878 0.0443848 0.0232523
 0.340703 0.486075 0.0593343 0.0860305 0.0278576
 0.530307 0.246405 0.164621 0.0200951 0.0385711
 0.622123 0.268115 0.0575821 0.0384702 0.0137096
 0.593423 0.313623 0.0659535 0.0141646 0.0128357
 0.573268 0.327811 0.0763051 0.0160466 0.00656922
 0.536437 0.348325 0.0885243 0.0206059 0.00610733
 0.671839 0.240923 0.0655508 0.0166592 0.00502713
 0.803884 0.160323 0.0262779 0.00714973 0.00236537
 0.322766 0.610174 0.0548213 0.00898555 0.00325362
 0.757446 0.121568 0.109006 0.00979368 0.0021865
 0.549382 0.392516 0.0291211 0.0261119 0.00286979
 0.417177 0.425514 0.137026 0.0101661 0.0101174
 0.646552 0.215656 0.1006 0.0323957 0.00479543
 0.594397 0.32319 0.0502842 0.0234567 0.00867179
 0.262251 0.562231 0.139855 0.0217596 0.0139031
 0.632343 0.156893 0.160621 0.0399545 0.0101883
 0.469341 0.415243 0.0492522 0.0504227 0.015741
 0.359069 0.415384 0.176492 0.0209338 0.0281217
 0.604507 0.212084 0.118866 0.0505049 0.0140377
 0.528406 0.359059 0.0603468 0.0338225 0.0183651
 0.298098 0.491306 0.160343 0.0269487 0.0233051
 0.424215 0.268898 0.21481 0.0701056 0.0219721
 0.731474 0.162458 0.0495347 0.039571 0.016962
pobs_RECLAS
 0 0 0 0 0
 0 0 0 0 0
 0 0 0 0 0
 0 0 0 0 0
 0 0 0 0 0
 0 0 0 0 0
 0 0 0 0 0
 0 0 0 0 0
 0 0 0 0 0
 0 0 0 0 0
 0.991045 0.00858322 0.000360255 1.14367e-05 0
 0.934742 0.0480273 0.0164251 0.00080598 0
 0.827803 0.169806 0.00239088 0 0
 0.941827 0.0461693 0.0120037 0 0
 0.791401 0.0380133 0.147996 0.0225897 0
 0.846168 0.0940531 0.0597789 0 0
 0.134021 0.677848 0.182769 0.00536245 0
 0.80878 0.0450904 0.141981 0.00414843 0
 0.846168 0.0940531 0.0597789 0 0
 0.905697 0.0802665 0.012482 0.00150086 5.37128e-05
 0.989698 0.0102097 9.19794e-05 0 0
 0.975433 0.0193895 0.00387452 0.00125025 5.28907e-05
 0.303575 0.632131 0.0575291 0.00676475 0
 0.966965 0.00978017 0.0227588 0.000495775 0
 0.843318 0.132988 0.00938335 0.0141283 0.000182051
 0.564624 0.303363 0.111486 0.0197234 0.00080311
 0.826376 0.0876187 0.0782897 0.00655872 0.00115652
 0.89761 0.0855135 0.0140674 0.00269457 0.000114338
 0.34875 0.467042 0.161289 0.0227151 0.000203297
 0.318654 0.224769 0.449479 0.00709798 0
 0.937255 0.0296025 0.0250945 0.00804832 0
ppred_RECLAS
 0.342802 0.414171 0.243024 1.5938e-06 9.74564e-07
 0.238798 0.394775 0.230925 0.1355 1.43201e-06
 0.45092 0.218351 0.171523 0.100333 0.0588732
 0.668617 0.209685 0.0483952 0.0380163 0.0352864
 0.483016 0.420097 0.0613055 0.0141493 0.0214315
 0.595059 0.26573 0.113122 0.016508 0.00958098
 0.190015 0.611859 0.130015 0.0553473 0.0127646
 0.580073 0.143839 0.208555 0.0443163 0.0232163
 0.343056 0.484339 0.0591225 0.0857234 0.0277582
 0.533499 0.244731 0.163503 0.0199585 0.038309
 0.622971 0.267513 0.0574529 0.0383838 0.0136788
 0.598783 0.309489 0.0650841 0.0139779 0.0126665
 0.578253 0.323982 0.0754137 0.0158592 0.00649248
 0.544661 0.342146 0.0869538 0.0202404 0.00599898
 0.675118 0.238516 0.0648959 0.0164928 0.0049769
 0.80666 0.158053 0.0259059 0.00704852 0.00233188
 0.324568 0.60855 0.0546754 0.00896163 0.00324496
 0.75979 0.120393 0.107952 0.00969903 0.00216536
 0.553737 0.388722 0.0288396 0.0258595 0.00284206
 0.420779 0.422884 0.136179 0.0101033 0.0100549
 0.649098 0.214103 0.0998756 0.0321624 0.0047609
 0.597945 0.320363 0.0498444 0.0232516 0.00859595
 0.263626 0.561184 0.139594 0.0217191 0.0138772
 0.633948 0.156208 0.15992 0.0397801 0.0101438
 0.470874 0.414043 0.0491099 0.050277 0.0156955
 0.360159 0.414678 0.176192 0.0208982 0.0280739
 0.606075 0.211243 0.118395 0.0503046 0.0139821
 0.529936 0.357895 0.0601511 0.0337128 0.0183055
 0.299074 0.490622 0.16012 0.0269112 0.0232727
 0.425653 0.268226 0.214273 0.0699304 0.0219172
 0.732733 0.161696 0.0493024 0.0393854 0.0168824
pobs_PELACES
 0 0 0 0 0
 0 0 0 0 0
 0 0 0 0 0
 0 0 0 0 0
 0 0 0 0 0
 0 0 0 0 0
 0 0 0 0 0
 0 0 0 0 0
 0 0 0 0 0
 0 0 0 0 0
 0 0 0 0 0
 0 0 0 0 0
 0 0 0 0 0
 0 0 0 0 0
 0 0 0 0 0
 0 0 0 0 0
 0.505614 0.472636 0.0217494 0 0
 0 0 0 0 0
 0.443492 0.261883 0.143347 0.151278 0
 0.227955 0.32914 0.350689 0.0885471 0.00366901
 0.970185 0.0296113 0.000203453 0 0
 0.997202 0.00247181 0.000326279 0 0
 0.445219 0.490057 0.0546422 0.010081 0
 0.90214 0.0892962 0.00764917 0.000914606 0
 0 0 0 0 0
 0.581667 0.319106 0.0959925 0.00289975 0.000334073
 0.762889 0.0836404 0.116647 0.0363945 0.000428098
 0.88444 0.0763242 0.0277011 0.0115352 0
 0.521256 0.241999 0.230069 0.00667565 0
 0.616807 0.101726 0.260614 0.0208532 0
 0.833518 0.0704572 0.0857862 0.0102388 0
ppred_PELACES
 0.347606 0.411144 0.241248 1.58215e-06 9.67439e-07
 0.244962 0.391578 0.229055 0.134403 1.42042e-06
 0.458754 0.215235 0.169076 0.0989014 0.0580332
 0.679041 0.203089 0.0468728 0.0368205 0.0341764
 0.486529 0.417243 0.060889 0.0140531 0.0212858
 0.602911 0.260578 0.110928 0.0161879 0.00939521
 0.200883 0.603649 0.12827 0.0546047 0.0125934
 0.582573 0.142982 0.207314 0.0440524 0.0230781
 0.351294 0.478266 0.0583811 0.0846484 0.0274101
 0.544283 0.239073 0.159723 0.0194971 0.0374234
 0.626184 0.265233 0.0569633 0.0380567 0.0135623
 0.615245 0.29679 0.0624136 0.0134044 0.0121468
 0.593845 0.312004 0.0726257 0.0152729 0.00625246
 0.568046 0.324574 0.082488 0.0192009 0.00569089
 0.68586 0.23063 0.0627501 0.0159475 0.00481234
 0.815413 0.150898 0.0247331 0.00672942 0.00222631
 0.331041 0.602718 0.0541514 0.00887575 0.00321387
 0.767613 0.116472 0.104437 0.00938315 0.00209484
 0.567742 0.376523 0.0279346 0.025048 0.00275287
 0.432787 0.414117 0.133356 0.00989379 0.00984643
 0.657808 0.208789 0.0973966 0.0313641 0.00464272
 0.609646 0.311039 0.0483937 0.0225748 0.00834576
 0.268638 0.557364 0.138644 0.0215713 0.0137827
 0.639746 0.153734 0.157387 0.0391501 0.00998318
 0.476495 0.409645 0.0485882 0.0497429 0.0155288
 0.364244 0.41203 0.175067 0.0207648 0.0278947
 0.611771 0.208189 0.116683 0.0495773 0.0137799
 0.535536 0.353631 0.0594344 0.0333111 0.0180874
 0.302741 0.488055 0.159282 0.0267704 0.0231509
 0.430955 0.26575 0.212295 0.0692849 0.0217149
 0.737299 0.158934 0.0484601 0.0387126 0.016594
pobs_pel_tallas
 0 0 0 0 0 0 0 0 0 0 0 0 0 0 0 0 0 0 0 0 0 0 0 0 0 0
 0 0 0 0 0 0 0 0 0 0 0 0 0 0 0 0 0 0 0 0 0 0 0 0 0 0
 0 0 0 0 0 0 0 0 0 0 0 0 0 0 0 0 0 0 0 0 0 0 0 0 0 0
 0 0 0 0 0 0 0 0 0 0 0 0 0 0 0 0 0 0 0 0 0 0 0 0 0 0
 0 0 0 0 0 0 0 0 0 0 0 0 0 0 0 0 0 0 0 0 0 0 0 0 0 0
 0 0 0 0 0 0 0 0 0 0 0 0 0 0 0 0 0 0 0 0 0 0 0 0 0 0
 0 0 0 0 0 0 0 0 0 0 0 0 0 0 0 0 0 0 0 0 0 0 0 0 0 0
 0 0 0 0 0 0 0 0 0 0 0 0 0 0 0 0 0 0 0 0 0 0 0 0 0 0
 0 0 0 0 0 0 0 0 0 0 0 0 0 0 0 0 0 0 0 0 0 0 0 0 0 0
 0 0 0 0 0 0 0 0 0 0 0 0 0 0 0 0 0 0 0 0 0 0 0 0 0 0
 0 0 0 0 0 0 0 0 0 0 0 0 0 0 0 0 0 0 0 0 0 0 0 0 0 0
 0 0 0 0 0 0 0 0 0 0 0 0 0 0 0 0 0 0 0 0 0 0 0 0 0 0
 0.00862536 0 0 0.000197151 0.00414017 0.0128641 0.00837892 0.0270097 0.101434 0.158115 0.152841 0.127902 0.109271 0.109419 0.0830992 0.0579132 0.0238553 0.00714673 0.00463305 0.00128148 0.00103504 0.000492878 0.000147863 0.000147863 4.92878e-05 0
 0 0 0 0 0 0 0 0 0 0 0 0 0 0 0 0 0 0 0 0 0 0 0 0 0 0
 0 0 0 0 0 0 0 0.0054083 0.00873648 0.0413646 0.0450493 0.0745869 0.0622846 0.0627006 0.0613931 0.0827291 0.12552 0.122667 0.0946155 0.0697135 0.0546179 0.0294188 0.0215738 0.0213955 0.0102223 0.00600262
 0 0 0 0 0.00359764 0.0251062 0.0480494 0.140153 0.205849 0.193036 0.1447 0.116669 0.0760912 0.0342217 0.00950174 0.001854 0.000860785 0 0 0 0.000165536 0 0.000143464 0 0 0
 0 0 0 0 0 0 0 0.000145254 0.000435761 0.0275982 0.070085 0.0708112 0.156366 0.174668 0.174014 0.160142 0.0824315 0.0480064 0.0283245 0.00493863 0.00203355 0 0 0 0 0
 0 0 0 0 0 0 0 0 0 0 0 0 0 0 0 0 0 0 0 0 0 0 0 0 0 0
 0 0 1.00437e-05 0.000401748 0.00122533 0.00171747 0.00176769 0.0269171 0.070346 0.194647 0.189555 0.159765 0.064822 0.0314167 0.0384472 0.0292271 0.0345202 0.0313363 0.0194345 0.0106764 0.0143323 0.0359363 0.0279516 0.0138201 0.00172751 0
 0 0.0021121 0.0136068 0.0755702 0.200478 0.177729 0.0527432 0.0373336 0.0318909 0.0142505 0.0149659 0.0166563 0.0217959 0.0798694 0.0677717 0.0528807 0.04013 0.0224614 0.0357745 0.0225083 0.00881397 0.00855152 0.00135912 0.000746735 0 0
 0 0 0 0 5.4009e-05 0.00500934 0.000945158 0.0243581 0.138947 0.33067 0.221406 0.137944 0.0707744 0.0437923 0.0131692 0.00525238 0.0047753 0.00276346 9.45158e-05 9.00151e-06 2.25038e-05 9.00151e-06 4.50075e-06 0 0 0
 0.000866109 0.00284123 0.00948549 0.0512746 0.133035 0.25785 0.225252 0.132002 0.0553304 0.0519788 0.0540692 0.017754 0.00435017 0.00159236 0.00146478 0.000404838 0.000125132 0.000115318 0.000107957 0.000100596 0 0 0 0 0 0
 0 0 0 0 0.00144013 0.00171154 0.00461396 0.0210425 0.0478622 0.0707936 0.0888783 0.103762 0.0637923 0.0337046 0.0602308 0.124433 0.169614 0.0934646 0.0462172 0.0250306 0.0313229 0.00938855 0.002487 0.000210481 0 0
 0 0.00764035 0.051015 0.0998891 0.058973 0.0496711 0.0374665 0.0718981 0.12319 0.153886 0.159021 0.0857701 0.0377988 0.023471 0.0147837 0.00900784 0.00315554 0.000888139 0.00291439 0.00214683 0.00393193 0.00274676 0.000635225 9.99891e-05 0 0
 0 0 0 0 0 0 0 0 0 0 0 0 0 0 0 0 0 0 0 0 0 0 0 0 0 0
 0 0 0 0 0 0 0 0 0 0 0 0 0 0 0 0 0 0 0 0 0 0 0 0 0 0
 0 0 0 0 0 0 0 0 0 0 0 0 0 0 0 0 0 0 0 0 0 0 0 0 0 0
 0 0 0 0 0 0 0 0 0 0 0 0 0 0 0 0 0 0 0 0 0 0 0 0 0 0
 0 0 0 0 0 0 0 0 0 0 0 0 0 0 0 0 0 0 0 0 0 0 0 0 0 0
 0 0 0 0 0 0 0 0 0 0 0 0 0 0 0 0 0 0 0 0 0 0 0 0 0 0
 0 0 0 0 0 0 0 0 0 0 0 0 0 0 0 0 0 0 0 0 0 0 0 0 0 0
ppred_pel_tallas
 1.07068e-16 2.86319e-05 0.000278313 0.00184949 0.00840752 0.0261591 0.0557363 0.0813571 0.081397 0.0559314 0.0268151 0.0103056 0.00662693 0.0107507 0.0200435 0.0334163 0.0488858 0.0630217 0.0722612 0.0748199 0.0715533 0.065013 0.0575725 0.0502201 0.0427563 0.0347934
 1.2019e-16 2.01773e-05 0.000196131 0.00130336 0.0059249 0.0184348 0.0392787 0.0573363 0.0573744 0.0394647 0.0190605 0.00773628 0.0058657 0.0102076 0.0191877 0.0320966 0.0472003 0.0614136 0.0715926 0.0763226 0.0766401 0.074988 0.0732883 0.0717453 0.0691578 0.0641636
 1.24674e-16 3.7787e-05 0.000367303 0.00244086 0.0110958 0.0345233 0.0735563 0.107362 0.107383 0.0736591 0.0348691 0.012098 0.00496947 0.00593128 0.0107361 0.0180394 0.0268217 0.0355379 0.0426658 0.0476156 0.0510413 0.0541768 0.0577271 0.0612357 0.0633648 0.0627445
 1.10881e-16 5.59317e-05 0.000543677 0.00361292 0.0164238 0.0511007 0.108876 0.158912 0.158932 0.108972 0.0514229 0.0173548 0.00595233 0.00565911 0.00979701 0.0161791 0.0234774 0.0299182 0.0337587 0.0342679 0.0321836 0.0291953 0.026857 0.0257713 0.0255315 0.0252442
 1.06876e-16 4.00748e-05 0.000389542 0.00258864 0.0117676 0.0366137 0.0780108 0.113867 0.113908 0.0782073 0.0372736 0.0136738 0.0073739 0.0108371 0.0198862 0.0328243 0.0473111 0.0595653 0.0657623 0.0641561 0.0561233 0.0452185 0.0350279 0.0274864 0.0226326 0.019455
 1.06482e-16 4.9661e-05 0.000482723 0.00320786 0.0145825 0.0453717 0.0966701 0.141098 0.141123 0.0967935 0.0457862 0.0157813 0.00622281 0.00708336 0.0126411 0.0209652 0.0305358 0.0391091 0.0444095 0.0453585 0.0426468 0.0381212 0.0335212 0.0296004 0.0261601 0.0226777
 1.11464e-16 1.65466e-05 0.000160839 0.00106883 0.00485879 0.0151178 0.0322122 0.0470269 0.0470852 0.032497 0.0160741 0.00762181 0.00800844 0.0153236 0.0288538 0.0477826 0.0690874 0.0874296 0.0973707 0.0964188 0.0864817 0.0724692 0.0592173 0.0491578 0.0420997 0.0365593
 1.14343e-16 4.79858e-05 0.000466439 0.00309965 0.0140906 0.0438411 0.0934087 0.136336 0.13635 0.0934777 0.0440736 0.0147662 0.00481041 0.00425083 0.0073818 0.0125122 0.0189218 0.0256929 0.0318858 0.0370348 0.0412769 0.044924 0.0478735 0.0494338 0.0487292 0.0453147
 1.14935e-16 2.89357e-05 0.000281266 0.00186911 0.00849674 0.0264368 0.056328 0.0822221 0.0822682 0.0565534 0.0271934 0.0106824 0.0073567 0.0122652 0.0228034 0.0376971 0.0544205 0.068726 0.0763466 0.0754319 0.0677066 0.0573128 0.0482612 0.0424494 0.0394153 0.0374471
 1.12959e-16 4.48319e-05 0.000435782 0.00289593 0.0131645 0.0409597 0.0872698 0.127378 0.127401 0.0873835 0.041342 0.0142715 0.00568471 0.00655706 0.0117685 0.0196425 0.0288973 0.0376157 0.0438522 0.0466967 0.0467263 0.0453968 0.0439088 0.0425007 0.0406164 0.0375901
 1.07824e-16 5.1578e-05 0.000501357 0.00333169 0.0151454 0.0471231 0.100402 0.146545 0.14657 0.100527 0.0475435 0.01636 0.0063828 0.00716961 0.0127389 0.021041 0.0304576 0.0386358 0.0432237 0.0431745 0.0393681 0.0339743 0.0290778 0.0256414 0.0234215 0.0215926
 1.05277e-16 5.0677e-05 0.000492598 0.00327349 0.0148808 0.0462999 0.098648 0.143986 0.144014 0.0987879 0.04677 0.0162389 0.00668426 0.00794406 0.0142193 0.0234719 0.033913 0.042871 0.0476535 0.0470203 0.0419037 0.034731 0.0279182 0.0227205 0.0191086 0.0163984
 1.04766e-16 4.89143e-05 0.000475464 0.00315963 0.0143632 0.0446895 0.0952168 0.138978 0.139008 0.095364 0.0451838 0.0157917 0.00674749 0.00831529 0.0149602 0.0247124 0.0357292 0.045213 0.0503351 0.0497798 0.0444967 0.03699 0.0297508 0.0240712 0.019935 0.0166845
 1.05353e-16 4.67893e-05 0.000454808 0.00302236 0.0137392 0.0427481 0.0910804 0.132941 0.132972 0.0912336 0.0432626 0.0152261 0.00675751 0.00861837 0.0155794 0.0257566 0.0372739 0.0472403 0.0527284 0.0523752 0.0471555 0.0396385 0.0323612 0.0266115 0.0223347 0.0188414
 1.04284e-16 5.64934e-05 0.000549136 0.00364921 0.0165888 0.051614 0.10997 0.160509 0.160531 0.110079 0.0519797 0.0176458 0.00630499 0.00635486 0.0111066 0.0183348 0.0265539 0.0337024 0.0377104 0.0376164 0.0341089 0.0289942 0.0240419 0.0201278 0.0171798 0.0146916
 1.01805e-16 6.71645e-05 0.000652863 0.00433851 0.0197222 0.0613633 0.130741 0.190824 0.190839 0.130813 0.061602 0.0204119 0.00606994 0.00443359 0.00725042 0.0118879 0.0171369 0.0215891 0.0238561 0.0232973 0.0203934 0.0164064 0.0126113 0.00969972 0.00770149 0.00629188
 1.03151e-16 2.72675e-05 0.00026505 0.00176135 0.0080069 0.0249127 0.0530814 0.077486 0.077544 0.0533649 0.0258647 0.0107559 0.00865917 0.0153144 0.0285833 0.0471438 0.0677514 0.0848633 0.0928396 0.0890689 0.0755318 0.057482 0.0403529 0.0272852 0.0186874 0.0133665
 1.0434e-16 6.32273e-05 0.000614592 0.00408418 0.0185661 0.0577661 0.123077 0.179637 0.179648 0.123133 0.0579531 0.0191081 0.00545142 0.00362117 0.00583732 0.00971692 0.014379 0.0188875 0.0223036 0.0241492 0.0246022 0.0242084 0.0233779 0.0221214 0.0202033 0.0174899
 1.03881e-16 4.67642e-05 0.000454565 0.00302074 0.0137319 0.0427252 0.0910319 0.132871 0.132908 0.091209 0.0433199 0.0154491 0.00732962 0.00985569 0.0178863 0.0294575 0.0423437 0.0530743 0.0581532 0.0559915 0.0478741 0.0371154 0.0270987 0.0197107 0.0150703 0.0122712
 1.06613e-16 3.56482e-05 0.000346513 0.0023027 0.0104678 0.0325694 0.0693939 0.101291 0.101331 0.0695896 0.0332266 0.0123676 0.00707709 0.0107872 0.0199175 0.033009 0.0478667 0.0608554 0.06826 0.0683187 0.0621915 0.0530187 0.0438891 0.0363539 0.0303627 0.0251709
 1.06796e-16 5.41828e-05 0.000526676 0.00349995 0.0159103 0.0495029 0.105472 0.153943 0.153964 0.105571 0.0498354 0.0168723 0.00592027 0.00582889 0.0101789 0.0168864 0.0246595 0.0317256 0.0363022 0.0375582 0.0360501 0.0332105 0.0303303 0.0278709 0.0255308 0.0227961
 1.05153e-16 5.02158e-05 0.000488116 0.0032437 0.0147454 0.0458786 0.0977504 0.142676 0.142706 0.0978969 0.0463707 0.016167 0.00681272 0.00828164 0.0148587 0.0245045 0.0353431 0.044553 0.0492962 0.0482798 0.0425238 0.0346502 0.0272818 0.0217999 0.0181828 0.0156591
 1.0864e-16 2.21275e-05 0.000215087 0.00142933 0.00649756 0.0202166 0.0430756 0.0628814 0.0629352 0.0433386 0.0211 0.00905023 0.00784147 0.0142281 0.0266799 0.0441888 0.063925 0.0809545 0.0902349 0.0894107 0.080154 0.0668984 0.0540495 0.0438868 0.0363844 0.0304018
 1.10197e-16 5.2695e-05 0.000512215 0.00340385 0.0154734 0.0481436 0.102576 0.149715 0.14973 0.102649 0.0483913 0.0161919 0.00521833 0.00450943 0.00775063 0.0130092 0.0193902 0.0257609 0.0309747 0.0344749 0.0365125 0.0377245 0.0384546 0.0384332 0.037049 0.0338991
 1.09124e-16 3.92484e-05 0.000381508 0.00253526 0.0115249 0.0358586 0.0764019 0.111519 0.111559 0.0765949 0.0365064 0.0133961 0.00723243 0.0106367 0.0195203 0.0322236 0.0464581 0.0585333 0.0647355 0.0634137 0.055991 0.0460065 0.0369631 0.0306444 0.0268813 0.0244433
 1.11961e-16 3.00023e-05 0.000291633 0.00193801 0.00880993 0.0274112 0.0584039 0.0852506 0.0852905 0.0585989 0.0280667 0.0107056 0.00670544 0.0107292 0.0199415 0.033152 0.0482972 0.0618746 0.0703012 0.0718913 0.0677626 0.0608602 0.053949 0.0482088 0.0432785 0.0382516
 1.10725e-16 5.03908e-05 0.000489816 0.003255 0.0147968 0.0460384 0.0980904 0.14317 0.14319 0.0981893 0.0463708 0.0157589 0.00567754 0.00580351 0.0102169 0.0170088 0.0249654 0.0323912 0.0375874 0.0397861 0.0395489 0.0382242 0.0369227 0.0358612 0.0344901 0.0321159
 1.08208e-16 4.41115e-05 0.000428779 0.00284939 0.0129529 0.0403016 0.085868 0.125334 0.125368 0.0860347 0.0408613 0.01457 0.00690987 0.00929763 0.0169023 0.0279133 0.0403055 0.0509084 0.0565314 0.0557406 0.0497193 0.0414426 0.0338435 0.0283981 0.0249566 0.0225176
 1.11324e-16 2.49365e-05 0.000242392 0.00161078 0.0073224 0.022783 0.0485432 0.0708602 0.0709073 0.0487739 0.0235578 0.0095623 0.0072404 0.0125556 0.0234799 0.0389606 0.0565509 0.0720164 0.0810301 0.0815742 0.0750644 0.0652132 0.0556078 0.0479453 0.0419722 0.0366008
 1.16818e-16 3.54972e-05 0.000345046 0.00229295 0.0104234 0.0324313 0.0690993 0.100858 0.100884 0.0692261 0.0328577 0.0116589 0.00540864 0.00719498 0.0131875 0.0221214 0.0327489 0.0430555 0.0509853 0.0555851 0.0574431 0.0579695 0.0581486 0.057841 0.0561067 0.0520917
 1.0813e-16 6.07304e-05 0.000590321 0.00392289 0.0178329 0.0554849 0.118217 0.172544 0.17256 0.118292 0.0557374 0.0185629 0.00575823 0.00460668 0.00771805 0.0127431 0.0185446 0.0237446 0.0269969 0.0277279 0.0264785 0.0244935 0.0228865 0.0220368 0.0215863 0.0208733
pSPR Fmed_Fpbrs
0.732352   0.285357 0.285357
Fs Fmed_Fpbrs
0.196918   1.005 1.005
SSBpbr Bo_Bmed_Bpbrs
2.23079e+06  1.52218e+06  525031 525031
Ro
235106
SPR SPRFo_SPRFmed_SPRFpbrs
1.67809e+06 1.22896e+06 478856
Fref
1.005
Nvult_r0
 368479 43633.2 13304.1 10628 4555.67
CTP_r0
 24441 5428.27 1655.12 1322.2 566.756
YTP_r0
391439
Np
 341766 76067.9 25864.8 2754.28 952.885
Nvult_p0
 265698 65824.5 22381.8 2383.38 824.569
CTP_p0
 88860.7 83312.1 8871.68 2705.04 2850.6
 88860.7 32994.3 11218.8 1194.66 413.313
YTP_p0
 2.35215e+06 1.49115e+06
CBA_c0
2.09385e+06
log_Ro
12.1878
likeval ReclasPelacesDesembMPH_pf_preclas_ppelaces_ptallas_desvR_qrecl_qpela
 27.0513 20.3561 0.452183 0.00346535 256.045 139.296 104.628 0 20.2109 0 0 1.94153 0 0 0
q_reclas_q_pelaces
1 1
M
1
N
 274986 171555 100664 0.660172 0.403677
 109052 94851.3 55483.6 32556.2 0.344065
 142653 36232.3 28461.9 16648.9 9769.22
 283030 47687.4 11006.2 8645.82 8024.97
 203004 90181.4 13160.3 3037.39 4600.65
 305029 71565.2 30465.3 4445.85 2580.3
 56846.6 101631 21595.7 9193.31 2120.23
 134683 16960.3 24591.2 5225.43 2737.49
 64391.3 48028.5 5862.76 8500.58 2752.58
 86618.6 21217.6 14175.3 1730.36 3321.3
 127448 27938.2 6000.19 4008.68 1428.57
 156762 44978.2 9458.72 2031.42 1840.83
 151512 46785.8 10890.4 2290.2 937.572
 126517 45873.5 11658.4 2713.74 804.318
 183452 34925.6 9502.6 2415.01 728.76
 543916 58103.5 9523.52 2591.17 857.246
 171701 168292 15120.2 2478.3 897.38
 682989 57785.6 51814.4 4655.28 1039.32
 575893 220325 16346.1 14657 1610.86
 329440 178326 57425.5 4260.45 4240.05
 597426 104443 48720.7 15689.3 2322.43
 677998 195600 30432.9 14196.4 5248.32
 194348 215058 53495.7 8323.24 5318.04
 516889 66147.2 67719.2 16845.1 4295.47
 387404 176243 20904.3 21401.1 6681
 225099 133106 56555 6708.03 9011.33
 434354 78488.9 43990.5 18691 5195.14
 425370 148619 24978.2 13999.5 7601.51
 173562 146172 47704.7 8017.69 6933.65
 186019 60564.4 48382.1 15790 4948.82
 560553 64086.7 19540.5 15610 6691.18
pred_Ctot
 10900.2 13245.8 7772.3 0.0509722 0.0311681
 6732.38 11236.9 6573.06 3856.89 0.0407609
 8298.04 4054.24 3184.77 1862.94 1093.13
 24235 7709.13 1779.26 1397.68 1297.31
 5372.63 4690.14 684.44 157.968 239.27
 18331.9 8262.63 3517.4 513.3 297.911
 6908.23 22746.7 4833.47 2057.61 474.542
 2615.93 650.394 943.024 200.385 104.977
 4283.6 6111.34 746.001 1081.65 350.25
 6820.62 3169.18 2117.3 258.456 496.087
 3288.3 1417.15 304.357 203.339 72.4638
 19022.7 10053.5 2114.2 454.06 411.46
 17221.5 9847.76 2292.28 482.056 197.346
 20433.8 13268.3 3372.04 784.916 232.639
 16323.9 5853.81 1592.71 404.776 122.146
 55425.2 11053.7 1811.78 492.951 163.084
 9311.37 17602.7 1581.52 259.221 93.8627
 53724.8 8622.7 7731.68 694.656 155.086
 58434.7 41749.7 3097.45 2777.38 305.244
 29135.5 29717.7 9569.85 709.996 706.597
 41946.4 13991.1 6526.63 2101.74 311.113
 59765.1 32496 5055.95 2358.52 871.927
 9250.72 19832.3 4933.28 767.554 490.42
 24049.8 5967.07 6108.88 1519.58 387.49
 16263.7 14389.1 1706.7 1747.26 545.46
 7456.55 8626.01 3665.09 434.719 583.985
 19309.7 6774.56 3796.93 1613.27 448.405
 17819.9 12108.9 2035.13 1140.62 619.341
 5669.65 9344.36 3049.63 512.549 443.249
 7507.29 4758.66 3801.48 1240.65 388.838
 24441 5428.27 1655.12 1322.2 566.756
F
 0.0644092 0.128818 0.128818 0.128818 0.128818
 0.101871 0.203742 0.203742 0.203742 0.203742
 0.0957459 0.191492 0.191492 0.191492 0.191492
 0.143731 0.287461 0.287461 0.287461 0.287461
 0.0426175 0.0852351 0.0852351 0.0852351 0.0852351
 0.0990562 0.198112 0.198112 0.198112 0.198112
 0.20948 0.418959 0.418959 0.418959 0.418959
 0.0311278 0.0622556 0.0622556 0.0622556 0.0622556
 0.110147 0.220293 0.220293 0.220293 0.220293
 0.13152 0.263041 0.263041 0.263041 0.263041
 0.0415288 0.0830575 0.0830575 0.0830575 0.0830575
 0.209148 0.418297 0.418297 0.418297 0.418297
 0.194777 0.389553 0.389553 0.389553 0.389553
 0.287161 0.574322 0.574322 0.574322 0.574322
 0.149727 0.299455 0.299455 0.299455 0.299455
 0.173096 0.346192 0.346192 0.346192 0.346192
 0.0890153 0.178031 0.178031 0.178031 0.178031
 0.131376 0.262752 0.262752 0.262752 0.262752
 0.172307 0.344613 0.344613 0.344613 0.344613
 0.148756 0.297511 0.297511 0.297511 0.297511
 0.116557 0.233114 0.233114 0.233114 0.233114
 0.148236 0.296472 0.296472 0.296472 0.296472
 0.0777696 0.155539 0.155539 0.155539 0.155539
 0.0759637 0.151927 0.151927 0.151927 0.151927
 0.0683249 0.13665 0.13665 0.13665 0.13665
 0.0535849 0.10717 0.10717 0.10717 0.10717
 0.0724767 0.144953 0.144953 0.144953 0.144953
 0.0681767 0.136353 0.136353 0.136353 0.136353
 0.0528257 0.105651 0.105651 0.105651 0.105651
 0.0656091 0.131218 0.131218 0.131218 0.131218
 0.0710414 0.142083 0.142083 0.142083 0.142083
YTP_r0W_actual
 202860 76538.6 45681.2 45219.2 21140
YTP_p0W_proyectada
 665567 1.3055e+06 205202 79447 96435.8
 665567 517021 259491 35087.3 13982.4
CTP_r0_actual
 24441 5428.27 1655.12 1322.2 566.756
CTP_p0_proyectada
 88860.7 83312.1 8871.68 2705.04 2850.6
 88860.7 32994.3 11218.8 1194.66 413.313
Wmedp
 7.49 15.67 23.13 29.37 33.83
Frms_r0
 0.0710414 0.142083 0.142083 0.142083 0.142083
Zrms_r0
 1.07104 1.14208 1.14208 1.14208 1.14208
nmprior
 8.19 8.8 8.5 0
nm_flota  nm_reclas  nm_pelaces    nm_pelaL
inf 7.10616 7.42737 13.5546
cv_recla  cv_pelaces  cv_mph
0.470456 0.511586 1.81668
 ------------------------------------------------
Talla a la edad & desviaci?n 
 8 13.2811 15.8009 17.003 17.5766
 0.8 1.32811 1.58009 1.7003 1.75766
