years
 1991 1992 1993 1994 1995 1996 1997 1998 1999 2000 2001 2002 2003 2004 2005 2006 2007 2008 2009 2010 2011 2012 2013 2014 2015 2016 2017 2018 2019 2020 2021
reclasobs
 0 0 0 0 0 0 0 0 0 252601 567819 844713 477998 351125 339783 2.1784e+06 2.13404e+06 4.81314e+06 1.55562e+06 2.62356e+06 3.21686e+06 3.843e+06 1.13348e+06 3.07943e+06 1.97215e+06 2.03268e+06 2.025e+06 2.42433e+06 2.27542e+06 1.05018e+06 2.36338e+06
reclaspred
 2.28008e+06 1.08072e+06 517084 263587 84557.2 445522 268784 110192 130648 135193 272630 430673 380617 294934 417619 721400 1.08456e+06 1.7779e+06 1.89399e+06 1.53448e+06 2.54114e+06 2.016e+06 1.65823e+06 2.02876e+06 1.83311e+06 1.4893e+06 1.5165e+06 1.84024e+06 2.07148e+06 1.05161e+06 1.11593e+06
pelacesobs
 0 0 0 0 0 0 0 0 0 0 0 0 0 0 0 552880 188675 0 991730 2.46772e+06 1.41603e+06 1.21717e+06 2.29649e+06 1.80582e+06 0 1.4828e+06 1.56532e+06 1.57751e+06 1.42118e+06 867257 1.10002e+06
pelacespred
 1.11827e+06 532426 245522 83813.4 28946.1 192053 79021.7 47176.7 50007.3 51000.7 125706 163700 158092 129670 205152 291318 435010 764415 908753 707187 1.04384e+06 965748 761367 1.01724e+06 924351 714882 835284 1.01804e+06 938717 558819 565184
mphobs
 0 0 0 0 0 0 0 0 0 0 0 498337 0 5186 125008 0 168611 109162 213762 579715 649985 157893 87575 83554 0 0 0 0 0 0 0
mphpred
 2.43429e+06 1.25889e+06 571751 308353 100104 42505.5 407402 99120.5 52834.6 95811.8 87014.8 324211 301437 220522 180071 373775 719900 981322 1.3751e+06 1.45181e+06 1.41946e+06 1.80959e+06 1.59296e+06 1.10056e+06 1.74159e+06 1.37444e+06 942431 1.19282e+06 1.93856e+06 1.20324e+06 605001
desembarqueobs
 494567 514787 250237 358949 120608 361735 552515 73892 212993 205616 52469 317467 293654 387597 252695 516296 358380 742168 942051 627588 828172 859565 418607 520667 417249 300574 415391 372974 316634 284311 391294
desembarquepred
 494804 515188 249873 359074 120447 361529 552150 73994.4 213092 205521 52452.8 317786 293529 387455 253107 517222 358799 742274 942473 627201 826868 858923 418826 520582 417177 300485 415692 373395 316920 284370 391539
Reclutas
 66852.3 99495.2 98012.7 24818.3 17955.7 254345 25050.8 8538.53 45220.4 53109.3 122020 112467 96291.8 90172.6 122575 337492 172636 496383 588406 260887 479945 552414 65591.5 379277 273129 79308.1 317973 385723 62624.7 40941.2 268790
log_desv_Rt
 -0.586379 -0.188755 -0.203768 -1.57728 -1.90096 0.749828 -1.56796 -2.64428 -0.977316 -0.816513 0.0153166 -0.0662008 -0.221482 -0.287139 0.0198544 1.03268 0.362319 1.41848 1.58855 0.775224 1.38481 1.52543 -0.605419 1.1494 0.821081 -0.415524 0.973102 1.16626 -0.651705 -1.07673 0.805067
SSB
 2.43429e+06 1.25889e+06 571751 308353 100104 42505.5 407402 99120.5 52834.6 95811.8 87014.8 324211 301437 220522 180071 373775 719900 981322 1.3751e+06 1.45181e+06 1.41946e+06 1.80959e+06 1.59296e+06 1.10056e+06 1.74159e+06 1.37444e+06 942431 1.19282e+06 1.93856e+06 1.20324e+06 605001
BT
 3.11214e+06 1.87338e+06 877324 511392 187134 1.17534e+06 682034 207630 403304 377340 532211 771997 770949 878708 1.0524e+06 1.49967e+06 1.59556e+06 3.26076e+06 3.91428e+06 2.51484e+06 4.1008e+06 3.64346e+06 2.27624e+06 4.07335e+06 2.87994e+06 2.1387e+06 3.34665e+06 3.83499e+06 2.51619e+06 1.67113e+06 2.4149e+06
Ftot
 0.20452 0.439107 0.445291 1.1428 1.19588 0.748086 1.59319 0.608896 1.41192 1.29617 0.182743 0.667498 0.69605 1.1411 0.560864 0.656375 0.309883 0.389225 0.460862 0.379775 0.305063 0.395851 0.237377 0.242224 0.214624 0.190537 0.258423 0.192232 0.144987 0.253734 0.329417
BD_Bspro_t
 0.967806 0.768744 0.553352 0.424498 0.193609 0.129881 0.448125 0.145413 0.115828 0.21545 0.246627 0.614055 0.472785 0.365253 0.312229 0.468156 0.534257 0.589483 0.616065 0.590803 0.537956 0.593495 0.597101 0.553986 0.687418 0.686422 0.655659 0.723511 0.794052 0.710233 0.596403
BD_Bspro
 2.8341 1.46565 0.665656 0.358997 0.116545 0.0494866 0.474313 0.1154 0.0615122 0.111548 0.101306 0.37746 0.350944 0.25674 0.209646 0.435163 0.838136 1.14249 1.60094 1.69025 1.65259 2.1068 1.85459 1.28132 2.02763 1.60018 1.09722 1.38872 2.25695 1.40086 0.704367
BD_Bo
 1.36863 0.707783 0.321455 0.173365 0.0562813 0.0238978 0.229053 0.0557283 0.0297051 0.0538681 0.0489222 0.182281 0.169476 0.123983 0.101241 0.210147 0.404748 0.551727 0.773118 0.816248 0.798058 1.0174 0.895609 0.618768 0.979171 0.77275 0.529862 0.670635 1.08991 0.676498 0.340149
BD_Brms
 5.8098 3.00452 1.36457 0.73593 0.238913 0.101446 0.972325 0.236566 0.126098 0.228669 0.207674 0.773778 0.719423 0.526307 0.429766 0.892068 1.71815 2.34207 3.28187 3.46496 3.38774 4.31885 3.80184 2.62666 4.15656 3.28031 2.24925 2.84683 4.62666 2.87172 1.44393
Sel_flota
 0.5 1 1 1 1
 0.5 1 1 1 1
 0.5 1 1 1 1
 0.5 1 1 1 1
 0.5 1 1 1 1
 0.5 1 1 1 1
 0.5 1 1 1 1
 0.5 1 1 1 1
 0.5 1 1 1 1
 0.5 1 1 1 1
 0.5 1 1 1 1
 0.5 1 1 1 1
 0.5 1 1 1 1
 0.5 1 1 1 1
 0.5 1 1 1 1
 0.5 1 1 1 1
 0.5 1 1 1 1
 0.5 1 1 1 1
 0.5 1 1 1 1
 0.5 1 1 1 1
 0.5 1 1 1 1
 0.5 1 1 1 1
 0.5 1 1 1 1
 0.5 1 1 1 1
 0.5 1 1 1 1
 0.5 1 1 1 1
 0.5 1 1 1 1
 0.5 1 1 1 1
 0.5 1 1 1 1
 0.5 1 1 1 1
 0.5 1 1 1 1
Sel_reclas
 0.5 1 1 1 1
 0.5 1 1 1 1
 0.5 1 1 1 1
 0.5 1 1 1 1
 0.5 1 1 1 1
 0.5 1 1 1 1
 0.5 1 1 1 1
 0.5 1 1 1 1
 0.5 1 1 1 1
 0.5 1 1 1 1
 0.5 1 1 1 1
 0.5 1 1 1 1
 0.5 1 1 1 1
 0.5 1 1 1 1
 0.5 1 1 1 1
 0.5 1 1 1 1
 0.5 1 1 1 1
 0.5 1 1 1 1
 0.5 1 1 1 1
 0.5 1 1 1 1
 0.5 1 1 1 1
 0.5 1 1 1 1
 0.5 1 1 1 1
 0.5 1 1 1 1
 0.5 1 1 1 1
 0.5 1 1 1 1
 0.5 1 1 1 1
 0.5 1 1 1 1
 0.5 1 1 1 1
 0.5 1 1 1 1
 0.5 1 1 1 1
Sel_pelaces
 0.5 1 1 1 1
 0.5 1 1 1 1
 0.5 1 1 1 1
 0.5 1 1 1 1
 0.5 1 1 1 1
 0.5 1 1 1 1
 0.5 1 1 1 1
 0.5 1 1 1 1
 0.5 1 1 1 1
 0.5 1 1 1 1
 0.5 1 1 1 1
 0.5 1 1 1 1
 0.5 1 1 1 1
 0.5 1 1 1 1
 0.5 1 1 1 1
 0.5 1 1 1 1
 0.5 1 1 1 1
 0.5 1 1 1 1
 0.5 1 1 1 1
 0.5 1 1 1 1
 0.5 1 1 1 1
 0.5 1 1 1 1
 0.5 1 1 1 1
 0.5 1 1 1 1
 0.5 1 1 1 1
 0.5 1 1 1 1
 0.5 1 1 1 1
 0.5 1 1 1 1
 0.5 1 1 1 1
 0.5 1 1 1 1
 0.5 1 1 1 1
pf_obs 
 0.8446 0.082 0.0669 0.0065 0
 0.8095 0.147 0.0364 0.0071 0
 0.9664 0.0169 0.016 0.0007 0
 0.9276 0.0648 0.0075 0.0001 0
 0.7033 0.2144 0.0806 0.0017 0
 0.9318 0.0425 0.0243 0.0014 0
 0.5671 0.3108 0.0964 0.0239 0.0018
 0.0768 0.2599 0.5324 0.112 0.0189
 0.490249 0.384438 0.106611 0.0170017 0.00170017
 0.7925 0.1577 0.0466 0.003 0.0002
 0.840416 0.127587 0.0312969 0.00059994 9.999e-05
 0.8084 0.0986 0.0794 0.0134 0.0002
 0.7335 0.1905 0.0724 0.0035 0.0001
 0.4001 0.4547 0.1325 0.0127 0
 0.49795 0.308269 0.164784 0.0264974 0.00249975
 0.9179 0.0499 0.0305 0.0017 0
 0.2467 0.6533 0.0926 0.0074 0
 0.9418 0.0223 0.034 0.0019 0
 0.707729 0.231977 0.0356964 0.0245975 0
 0.517169 0.277429 0.184464 0.0207286 0.00020938
 0.811772 0.124168 0.05621 0.00726502 0.000585176
 0.764997 0.148141 0.077277 0.00933861 0.000247198
 0.163321 0.427699 0.378323 0.0303852 0.000271297
 0.753843 0.0900009 0.118128 0.0371064 0.000921714
 0.721811 0.176058 0.0630433 0.0369309 0.00215725
 0.143369 0.312575 0.442814 0.0836902 0.0175525
 0.692698 0.0596174 0.167031 0.0765114 0.00414204
 0.394062 0.376323 0.152708 0.0712218 0.00568511
 0.125707 0.32114 0.495352 0.0537591 0.00404204
 0.23352 0.215282 0.420074 0.123614 0.00750983
 0.774587 0.0839891 0.0768558 0.0609784 0.00358967
pf_pred 
 0.163334 0.556444 0.104524 0.07757 0.0981282
 0.417291 0.170869 0.273903 0.0514509 0.0864855
 0.530417 0.291485 0.0522244 0.0837156 0.0421588
 0.275116 0.522773 0.125457 0.0224777 0.054177
 0.529204 0.246414 0.16182 0.0388341 0.0237278
 0.968694 0.0240496 0.00379791 0.00249408 0.000964248
 0.200009 0.789888 0.0077611 0.00122563 0.00111605
 0.346918 0.300496 0.348133 0.0034206 0.00103207
 0.874512 0.0704987 0.0253016 0.0293126 0.000374912
 0.794714 0.196443 0.00496795 0.00178297 0.00209204
 0.851048 0.137344 0.0111078 0.00028091 0.00021911
 0.589938 0.378671 0.0289446 0.0023409 0.000105376
 0.590973 0.318922 0.0832079 0.00636017 0.000537536
 0.633021 0.286996 0.0623633 0.0162708 0.00134881
 0.752087 0.206513 0.0323769 0.00703539 0.00198772
 0.831309 0.14814 0.0171189 0.00268389 0.000747971
 0.486777 0.473985 0.0344577 0.0039819 0.000798258
 0.768986 0.156053 0.0692294 0.00503284 0.000698181
 0.653923 0.305309 0.0275391 0.0122171 0.00101137
 0.399419 0.488287 0.0990662 0.00893585 0.00429235
 0.657986 0.204759 0.111591 0.0226403 0.00302313
 0.61428 0.311777 0.0442691 0.0241262 0.00554845
 0.138976 0.673453 0.151613 0.0215275 0.0144304
 0.705126 0.0758772 0.171289 0.0385621 0.00914572
 0.49135 0.425817 0.0213146 0.0481167 0.0134015
 0.23514 0.514847 0.209299 0.0104766 0.0302376
 0.713369 0.112979 0.116889 0.0475187 0.00924365
 0.621927 0.318785 0.023369 0.0241778 0.0117409
 0.162778 0.65047 0.157467 0.0115433 0.0177424
 0.22497 0.223745 0.428314 0.103687 0.0192837
 0.806413 0.0745459 0.0343663 0.0657874 0.0188878
pobs_RECLAS
 0 0 0 0 0
 0 0 0 0 0
 0 0 0 0 0
 0 0 0 0 0
 0 0 0 0 0
 0 0 0 0 0
 0 0 0 0 0
 0 0 0 0 0
 0 0 0 0 0
 0 0 0 0 0
 0.991045 0.00858322 0.000360255 1.14367e-05 0
 0.934742 0.0480273 0.0164251 0.00080598 0
 0.827803 0.169806 0.00239088 0 0
 0.941827 0.0461693 0.0120037 0 0
 0.791401 0.0380133 0.147996 0.0225897 0
 0.846168 0.0940531 0.0597789 0 0
 0.134021 0.677848 0.182769 0.00536245 0
 0.80878 0.0450904 0.141981 0.00414843 0
 0.846168 0.0940531 0.0597789 0 0
 0.905697 0.0802665 0.012482 0.00150086 5.37128e-05
 0.989698 0.0102097 9.19794e-05 0 0
 0.975433 0.0193895 0.00387452 0.00125025 5.28907e-05
 0.303575 0.632131 0.0575291 0.00676475 0
 0.966965 0.00978017 0.0227588 0.000495775 0
 0.843318 0.132988 0.00938335 0.0141283 0.000182051
 0.564624 0.303363 0.111486 0.0197234 0.00080311
 0.826376 0.0876187 0.0782897 0.00655872 0.00115652
 0.89761 0.0855135 0.0140674 0.00269457 0.000114338
 0.34875 0.467042 0.161289 0.0227151 0.000203297
 0.318654 0.224769 0.449479 0.00709798 0
 0.937255 0.0296025 0.0250945 0.00804832 0
ppred_RECLAS
 0.164652 0.555567 0.104359 0.0774478 0.0979736
 0.423048 0.169181 0.271197 0.0509426 0.0856311
 0.5364 0.287771 0.051559 0.0826489 0.0416216
 0.292105 0.51052 0.122516 0.0219509 0.0529073
 0.551353 0.234822 0.154207 0.0370071 0.0226115
 0.970082 0.0229836 0.00362957 0.00238354 0.000921509
 0.222475 0.767706 0.00754315 0.00119121 0.00108471
 0.35505 0.296754 0.343798 0.00337801 0.00101921
 0.886414 0.0638122 0.0229019 0.0265324 0.000339353
 0.810556 0.181284 0.00458457 0.00164538 0.0019306
 0.852119 0.136357 0.0110279 0.000278889 0.000217534
 0.599634 0.369717 0.0282601 0.00228555 0.000102885
 0.601207 0.310942 0.081126 0.00620104 0.000524087
 0.652186 0.272009 0.0591065 0.0154211 0.00127837
 0.758028 0.201564 0.0316011 0.0068668 0.00194009
 0.836757 0.143356 0.0165661 0.00259721 0.000723817
 0.490656 0.470403 0.0341973 0.0039518 0.000792225
 0.772588 0.15362 0.06815 0.00495437 0.000687295
 0.659578 0.30032 0.0270891 0.0120175 0.000994841
 0.404176 0.484419 0.0982816 0.00886508 0.00425835
 0.661407 0.202711 0.110475 0.0224138 0.00299289
 0.619199 0.307801 0.0437045 0.0238185 0.00547769
 0.140344 0.672383 0.151372 0.0214933 0.0144075
 0.707544 0.075255 0.169885 0.0382459 0.00907073
 0.493888 0.423692 0.0212082 0.0478766 0.0133347
 0.236741 0.513769 0.208861 0.0104547 0.0301743
 0.71593 0.11197 0.115845 0.0470942 0.00916107
 0.624034 0.317008 0.0232388 0.0240431 0.0116755
 0.163674 0.649773 0.157298 0.011531 0.0177234
 0.227121 0.223124 0.427126 0.103399 0.0192302
 0.809004 0.0735479 0.0339062 0.0649066 0.0186349
pobs_PELACES
 0 0 0 0 0
 0 0 0 0 0
 0 0 0 0 0
 0 0 0 0 0
 0 0 0 0 0
 0 0 0 0 0
 0 0 0 0 0
 0 0 0 0 0
 0 0 0 0 0
 0 0 0 0 0
 0 0 0 0 0
 0 0 0 0 0
 0 0 0 0 0
 0 0 0 0 0
 0 0 0 0 0
 0 0 0 0 0
 0.505614 0.472636 0.0217494 0 0
 0 0 0 0 0
 0.443492 0.261883 0.143347 0.151278 0
 0.227955 0.32914 0.350689 0.0885471 0.00366901
 0.970185 0.0296113 0.000203453 0 0
 0.997202 0.00247181 0.000326279 0 0
 0.445219 0.490057 0.0546422 0.010081 0
 0.90214 0.0892962 0.00764917 0.000914606 0
 0 0 0 0 0
 0.581667 0.319106 0.0959925 0.00289975 0.000334073
 0.762889 0.0836404 0.116647 0.0363945 0.000428098
 0.88444 0.0763242 0.0277011 0.0115352 0
 0.521256 0.241999 0.230069 0.00667565 0
 0.616807 0.101726 0.260614 0.0208532 0
 0.833518 0.0704572 0.0857862 0.0102388 0
ppred_PELACES
 0.169347 0.552445 0.103773 0.0770126 0.097423
 0.440823 0.163969 0.262842 0.0493731 0.0829929
 0.554614 0.276465 0.0495333 0.0794017 0.0399863
 0.332562 0.481344 0.115514 0.0206964 0.0498836
 0.599518 0.209612 0.137652 0.0330341 0.020184
 0.973464 0.0203856 0.00321929 0.0021141 0.000817343
 0.271223 0.719574 0.00707022 0.00111653 0.0010167
 0.378377 0.286021 0.331364 0.00325584 0.000982352
 0.907844 0.0517729 0.018581 0.0215266 0.000275328
 0.841241 0.15192 0.00384197 0.00137886 0.00161788
 0.855879 0.13289 0.0107475 0.000271799 0.000212004
 0.625762 0.345589 0.0264159 0.00213639 9.61704e-05
 0.628397 0.289742 0.0755948 0.00577825 0.000488354
 0.693587 0.239631 0.0520709 0.0135855 0.0011262
 0.774595 0.187764 0.0294375 0.00639665 0.00180726
 0.851016 0.130834 0.015119 0.00237034 0.00066059
 0.503437 0.458599 0.0333392 0.00385264 0.000772345
 0.783674 0.146131 0.0648279 0.00471285 0.000653791
 0.67644 0.285445 0.0257474 0.0114222 0.000945566
 0.419352 0.47208 0.0957782 0.00863927 0.00414989
 0.672586 0.196018 0.106828 0.0216738 0.00289408
 0.634475 0.295453 0.0419512 0.022863 0.00525794
 0.145137 0.668634 0.150529 0.0213735 0.0143272
 0.715745 0.0731447 0.165121 0.0371734 0.00881637
 0.502741 0.416281 0.0208372 0.0470391 0.0131014
 0.242469 0.509913 0.207294 0.0103762 0.0299479
 0.724521 0.108583 0.112341 0.0456699 0.008884
 0.631446 0.310759 0.0227806 0.0235691 0.0114453
 0.166975 0.647209 0.156677 0.0114854 0.0176534
 0.234554 0.220978 0.423018 0.102405 0.0190453
 0.817262 0.070368 0.0324402 0.0621003 0.0178292
pobs_pel_tallas
 0 0 0 0 0 0 0 0 0 0 0 0 0 0 0 0 0 0 0 0 0 0 0 0 0 0
 0 0 0 0 0 0 0 0 0 0 0 0 0 0 0 0 0 0 0 0 0 0 0 0 0 0
 0 0 0 0 0 0 0 0 0 0 0 0 0 0 0 0 0 0 0 0 0 0 0 0 0 0
 0 0 0 0 0 0 0 0 0 0 0 0 0 0 0 0 0 0 0 0 0 0 0 0 0 0
 0 0 0 0 0 0 0 0 0 0 0 0 0 0 0 0 0 0 0 0 0 0 0 0 0 0
 0 0 0 0 0 0 0 0 0 0 0 0 0 0 0 0 0 0 0 0 0 0 0 0 0 0
 0 0 0 0 0 0 0 0 0 0 0 0 0 0 0 0 0 0 0 0 0 0 0 0 0 0
 0 0 0 0 0 0 0 0 0 0 0 0 0 0 0 0 0 0 0 0 0 0 0 0 0 0
 0 0 0 0 0 0 0 0 0 0 0 0 0 0 0 0 0 0 0 0 0 0 0 0 0 0
 0 0 0 0 0 0 0 0 0 0 0 0 0 0 0 0 0 0 0 0 0 0 0 0 0 0
 0 0 0 0 0 0 0 0 0 0 0 0 0 0 0 0 0 0 0 0 0 0 0 0 0 0
 0 0 0 0 0 0 0 0 0 0 0 0 0 0 0 0 0 0 0 0 0 0 0 0 0 0
 0.00862536 0 0 0.000197151 0.00414017 0.0128641 0.00837892 0.0270097 0.101434 0.158115 0.152841 0.127902 0.109271 0.109419 0.0830992 0.0579132 0.0238553 0.00714673 0.00463305 0.00128148 0.00103504 0.000492878 0.000147863 0.000147863 4.92878e-05 0
 0 0 0 0 0 0 0 0 0 0 0 0 0 0 0 0 0 0 0 0 0 0 0 0 0 0
 0 0 0 0 0 0 0 0.0054083 0.00873648 0.0413646 0.0450493 0.0745869 0.0622846 0.0627006 0.0613931 0.0827291 0.12552 0.122667 0.0946155 0.0697135 0.0546179 0.0294188 0.0215738 0.0213955 0.0102223 0.00600262
 0 0 0 0 0.00359764 0.0251062 0.0480494 0.140153 0.205849 0.193036 0.1447 0.116669 0.0760912 0.0342217 0.00950174 0.001854 0.000860785 0 0 0 0.000165536 0 0.000143464 0 0 0
 0 0 0 0 0 0 0 0.000145254 0.000435761 0.0275982 0.070085 0.0708112 0.156366 0.174668 0.174014 0.160142 0.0824315 0.0480064 0.0283245 0.00493863 0.00203355 0 0 0 0 0
 0 0 0 0 0 0 0 0 0 0 0 0 0 0 0 0 0 0 0 0 0 0 0 0 0 0
 0 0 1.00437e-05 0.000401748 0.00122533 0.00171747 0.00176769 0.0269171 0.070346 0.194647 0.189555 0.159765 0.064822 0.0314167 0.0384472 0.0292271 0.0345202 0.0313363 0.0194345 0.0106764 0.0143323 0.0359363 0.0279516 0.0138201 0.00172751 0
 0 0.0021121 0.0136068 0.0755702 0.200478 0.177729 0.0527432 0.0373336 0.0318909 0.0142505 0.0149659 0.0166563 0.0217959 0.0798694 0.0677717 0.0528807 0.04013 0.0224614 0.0357745 0.0225083 0.00881397 0.00855152 0.00135912 0.000746735 0 0
 0 0 0 0 5.4009e-05 0.00500934 0.000945158 0.0243581 0.138947 0.33067 0.221406 0.137944 0.0707744 0.0437923 0.0131692 0.00525238 0.0047753 0.00276346 9.45158e-05 9.00151e-06 2.25038e-05 9.00151e-06 4.50075e-06 0 0 0
 0.000866109 0.00284123 0.00948549 0.0512746 0.133035 0.25785 0.225252 0.132002 0.0553304 0.0519788 0.0540692 0.017754 0.00435017 0.00159236 0.00146478 0.000404838 0.000125132 0.000115318 0.000107957 0.000100596 0 0 0 0 0 0
 0 0 0 0 0.00144013 0.00171154 0.00461396 0.0210425 0.0478622 0.0707936 0.0888783 0.103762 0.0637923 0.0337046 0.0602308 0.124433 0.169614 0.0934646 0.0462172 0.0250306 0.0313229 0.00938855 0.002487 0.000210481 0 0
 0 0.00764035 0.051015 0.0998891 0.058973 0.0496711 0.0374665 0.0718981 0.12319 0.153886 0.159021 0.0857701 0.0377988 0.023471 0.0147837 0.00900784 0.00315554 0.000888139 0.00291439 0.00214683 0.00393193 0.00274676 0.000635225 9.99891e-05 0 0
 0 0 0 0 0 0 0 0 0 0 0 0 0 0 0 0 0 0 0 0 0 0 0 0 0 0
 0 0 0 0 0 0 0 0 0 0 0 0 0 0 0 0 0 0 0 0 0 0 0 0 0 0
 0 0 0 0 0 0 0 0 0 0 0 0 0 0 0 0 0 0 0 0 0 0 0 0 0 0
 0 0 0 0 0 0 0 0 0 0 0 0 0 0 0 0 0 0 0 0 0 0 0 0 0 0
 0 0 0 0 0 0 0 0 0 0 0 0 0 0 0 0 0 0 0 0 0 0 0 0 0 0
 0 0 0 0 0 0 0 0 0 0 0 0 0 0 0 0 0 0 0 0 0 0 0 0 0 0
 0 0 0 0 0 0 0 0 0 0 0 0 0 0 0 0 0 0 0 0 0 0 0 0 0 0
ppred_pel_tallas
 1.27346e-16 1.3949e-05 0.000135589 0.000901039 0.00409603 0.0127445 0.0271556 0.0396455 0.0396988 0.0274162 0.0136198 0.00662528 0.00725434 0.0140206 0.0264326 0.0438115 0.0634509 0.0805677 0.0903593 0.0907966 0.083916 0.0744389 0.0668083 0.062916 0.0618639 0.0613109
 1.26624e-16 3.63101e-05 0.000352947 0.00234546 0.0106621 0.0331739 0.070681 0.103164 0.103181 0.0707604 0.0334416 0.0114405 0.00431922 0.0047277 0.00853978 0.0145746 0.0222058 0.0304991 0.0385078 0.0458257 0.0526899 0.0594357 0.0657802 0.070616 0.0725161 0.0705231
 1.1623e-16 4.56829e-05 0.000444054 0.0029509 0.0134144 0.0417372 0.0889265 0.129796 0.129823 0.089057 0.0421754 0.0146808 0.0061328 0.0074003 0.0132885 0.0219851 0.0318915 0.0406233 0.0458327 0.0465706 0.0439066 0.0402024 0.0375933 0.0368416 0.0372528 0.0374273
 1.13974e-16 2.73928e-05 0.000266268 0.00176945 0.00804367 0.0250271 0.0533246 0.0778385 0.077885 0.0535517 0.02579 0.0102484 0.00730777 0.0123707 0.0230583 0.0381896 0.0552811 0.0701003 0.0783533 0.0780964 0.0708816 0.0606289 0.0511639 0.0443516 0.0399197 0.0365247
 1.10755e-16 4.93816e-05 0.000480006 0.00318981 0.0145004 0.0451163 0.0961259 0.140303 0.140323 0.0962256 0.0454516 0.015471 0.00563487 0.00584689 0.0103285 0.0172241 0.0253415 0.0329956 0.0384845 0.0410155 0.0410946 0.0399883 0.0387246 0.0374775 0.0357273 0.0328801
 1.00449e-16 8.01829e-05 0.000779407 0.00517943 0.0235449 0.0732571 0.156082 0.227807 0.227809 0.156092 0.0732893 0.0236381 0.00541343 0.00129047 0.00105149 0.00161338 0.00232121 0.00292983 0.00325029 0.00319957 0.00284612 0.00236209 0.00191744 0.00159808 0.00139592 0.00125344
 1.00673e-16 2.23404e-05 0.000217157 0.00144309 0.00656011 0.0204113 0.043491 0.0634909 0.0635601 0.043829 0.0215459 0.00983531 0.00965671 0.0181224 0.0339534 0.0559019 0.0800698 0.0997283 0.108038 0.10185 0.0836418 0.0599698 0.0377252 0.021055 0.0106883 0.00519368
 1.10129e-16 3.11664e-05 0.000302949 0.0020132 0.00915175 0.0284746 0.0606692 0.0885544 0.0885824 0.0608063 0.0289362 0.0104907 0.00539535 0.00775636 0.0143912 0.0242734 0.036193 0.0480551 0.0576284 0.0636927 0.0664664 0.0669039 0.0655688 0.0621717 0.0561124 0.0473783
 1.02755e-16 7.47779e-05 0.000726868 0.00483029 0.0219578 0.068319 0.145561 0.212452 0.212457 0.145585 0.0684013 0.0221961 0.0054297 0.00203971 0.00258115 0.00418395 0.00610494 0.00786268 0.00902743 0.0094196 0.00921061 0.00878307 0.00845876 0.00831153 0.00818327 0.00784301
 1.00562e-16 6.9292e-05 0.000673543 0.00447593 0.0203469 0.0633069 0.134883 0.196868 0.196883 0.134954 0.0635466 0.0210387 0.00621105 0.00445674 0.00724081 0.0118256 0.016946 0.0211371 0.0229589 0.0217522 0.0180399 0.013197 0.00865992 0.00527992 0.00318701 0.0020623
 1.00408e-16 7.04976e-05 0.000685262 0.00455381 0.020701 0.0644084 0.137229 0.200293 0.200306 0.137292 0.0646183 0.0213069 0.00607406 0.00400164 0.00636193 0.0103875 0.0149129 0.0186594 0.0203741 0.0194761 0.016401 0.0123119 0.00841928 0.00543321 0.00346287 0.00225993
 1.01082e-16 5.15433e-05 0.000501019 0.00332945 0.0151352 0.0470914 0.100335 0.146448 0.146481 0.100497 0.0476371 0.0167108 0.00728253 0.00912424 0.0164097 0.0269969 0.0387666 0.0484976 0.0529389 0.0505824 0.0425653 0.0319201 0.0218004 0.0140556 0.0089659 0.00587618
 1.02918e-16 5.17603e-05 0.000503128 0.00334347 0.0151989 0.0472897 0.100757 0.147063 0.147091 0.100893 0.0477489 0.0165261 0.00667716 0.00778859 0.0139114 0.0229762 0.0332302 0.0420685 0.0468511 0.046327 0.0413318 0.0341398 0.027032 0.0212236 0.0167757 0.013201
 1.03117e-16 5.71299e-05 0.000555323 0.00369032 0.0167757 0.0521954 0.111209 0.162317 0.16234 0.111322 0.052575 0.0178723 0.00644458 0.00657272 0.0114994 0.0189574 0.0273896 0.0346237 0.0384777 0.0379365 0.0337318 0.0277991 0.0220716 0.0175642 0.0142843 0.0117387
 1.01845e-16 6.38024e-05 0.000620182 0.00412133 0.018735 0.0582915 0.124197 0.181273 0.181291 0.124285 0.0585885 0.0195929 0.00627505 0.00532249 0.00899641 0.0147772 0.0212932 0.0268018 0.0295692 0.028792 0.0250659 0.0199658 0.0150923 0.0113278 0.00873393 0.00692729
 1.0082e-16 7.00971e-05 0.000681369 0.00452794 0.0205833 0.0640425 0.13645 0.199155 0.199168 0.136511 0.0642493 0.0211805 0.0060265 0.00395174 0.0062781 0.01026 0.0147538 0.0185117 0.0203113 0.0195867 0.0167603 0.0129558 0.00932919 0.0065403 0.00466583 0.00344983
 1.01597e-16 4.14676e-05 0.000403079 0.00267861 0.0121766 0.0378861 0.080722 0.117825 0.11787 0.0809377 0.0386102 0.0142673 0.00792388 0.0118448 0.0217454 0.0358154 0.0514276 0.0643281 0.0702047 0.0670599 0.05641 0.042289 0.0288904 0.018671 0.011995 0.00797698
 1.02492e-16 6.45502e-05 0.000627451 0.00416963 0.0189546 0.0589747 0.125652 0.183396 0.183411 0.125722 0.0592072 0.019627 0.00586069 0.00432972 0.00712702 0.0117612 0.0171234 0.0219202 0.024861 0.0253214 0.0236641 0.0209026 0.0180066 0.0154216 0.013092 0.0108025
 1.02122e-16 5.57175e-05 0.000541594 0.00359908 0.0163609 0.0509051 0.10846 0.158306 0.158333 0.108594 0.051356 0.0176631 0.00686654 0.00767098 0.0135855 0.0223448 0.0321214 0.0402651 0.0441149 0.0424478 0.0362121 0.0278948 0.02005 0.0141266 0.010267 0.00785835
 1.04454e-16 3.45416e-05 0.000335756 0.00223122 0.0101428 0.0315584 0.0672402 0.0981485 0.0981941 0.0674627 0.0323058 0.0123021 0.00765321 0.0121785 0.0225447 0.0372642 0.0537865 0.0678601 0.0751508 0.0736244 0.0647136 0.052268 0.0401869 0.0306039 0.0236752 0.018534
 1.05797e-16 5.54001e-05 0.000538509 0.00357858 0.0162677 0.050615 0.107841 0.157402 0.157421 0.107934 0.0509276 0.0171724 0.00585554 0.00552965 0.00959472 0.0159318 0.0233127 0.0300856 0.0345823 0.0360041 0.0348207 0.0322965 0.0295619 0.0270073 0.0243773 0.0212869
 1.04469e-16 5.2261e-05 0.000507995 0.00337581 0.0153459 0.0477471 0.101731 0.148486 0.148514 0.10187 0.0482144 0.0166958 0.00676453 0.00790682 0.0141078 0.0232513 0.0335172 0.0422136 0.0466367 0.0455549 0.0399424 0.0323051 0.0251574 0.0198354 0.0163353 0.0139305
 1.09083e-16 1.19548e-05 0.000116205 0.000772229 0.00351048 0.0109228 0.0232745 0.0339833 0.0340478 0.0235898 0.0119819 0.00657081 0.0084583 0.0169089 0.0319451 0.052899 0.0764488 0.09665 0.107419 0.105915 0.0941683 0.077572 0.0615272 0.0488926 0.0397268 0.0326865
 1.10004e-16 5.8955e-05 0.000573063 0.00380821 0.0173116 0.0538627 0.11476 0.167498 0.167505 0.114796 0.0539837 0.0176642 0.00470561 0.00257298 0.00397735 0.00679697 0.0105233 0.0147822 0.0191998 0.0235663 0.0278294 0.0318471 0.0351398 0.0369369 0.0365439 0.0337562
 1.07643e-16 4.14102e-05 0.000402522 0.0026749 0.0121597 0.0378337 0.0806101 0.117661 0.117701 0.0808059 0.038491 0.0140579 0.00743753 0.0107933 0.0197583 0.0325574 0.0468074 0.0586975 0.0644012 0.0622248 0.0536695 0.0424697 0.0323828 0.0254156 0.0215151 0.01943
 1.12222e-16 1.99719e-05 0.000194134 0.00129009 0.00586461 0.0182472 0.0388795 0.0567561 0.0568055 0.0391208 0.019058 0.00820903 0.00718508 0.0130965 0.0246224 0.0409309 0.0595581 0.0761414 0.0861975 0.087597 0.0817085 0.0722145 0.0626377 0.0545915 0.047799 0.0412749
 1.09354e-16 5.96779e-05 0.00058009 0.0038549 0.0175238 0.0545232 0.116168 0.169553 0.169563 0.11622 0.0546984 0.018032 0.00513868 0.00340999 0.00551515 0.00923672 0.0138041 0.0184272 0.0223332 0.0251711 0.0271496 0.0287172 0.0300629 0.0308842 0.0305989 0.028775
 1.05038e-16 5.20114e-05 0.00050557 0.00335969 0.0152727 0.0475191 0.101246 0.147777 0.147807 0.101392 0.04801 0.0166902 0.00691664 0.00826678 0.0147817 0.0243295 0.0349875 0.0438936 0.048182 0.0465682 0.0401408 0.0316538 0.0238937 0.018375 0.0151154 0.0132641
 1.08827e-16 1.37537e-05 0.000133691 0.000888425 0.00403869 0.0125662 0.0267759 0.0390933 0.0391558 0.0270812 0.0135917 0.007002 0.00833147 0.0163975 0.0309472 0.0512584 0.0741119 0.0937636 0.10433 0.103052 0.0918614 0.0759315 0.0604407 0.0481311 0.0390753 0.032027
 1.25757e-16 1.932e-05 0.000187797 0.00124798 0.00567314 0.0176514 0.0376089 0.0548959 0.0549178 0.0377164 0.0180142 0.00672946 0.00393078 0.00614823 0.0116447 0.0200211 0.0307154 0.0425659 0.0543106 0.0652721 0.0754358 0.0847394 0.0922599 0.0961906 0.0947569 0.0873463
 1.102e-16 6.73168e-05 0.000654343 0.00434834 0.0197669 0.0615023 0.131037 0.191254 0.191261 0.131071 0.0616149 0.0200928 0.0051696 0.00245835 0.00352763 0.00581896 0.00860711 0.0113399 0.0135363 0.015062 0.0162305 0.0175599 0.0193555 0.0214409 0.0232219 0.0240006
pSPR Fmed_Fpbrs
0.527112   0.285572 0.285572
Fs Fmed_Fpbrs
0.440766   1.005 1.005
SSBpbr Bo_Bmed_Bpbrs
1.77864e+06  848609  418998 418998
Ro
120165
SPR SPRFo_SPRFmed_SPRFpbrs
858930 452752 245287
Fref
1.005
Nvult_r0
 184924 9756.04 4497.62 8609.79 2471.9
CTP_r0
 26151.2 2417.45 1114.47 2133.42 612.513
YTP_r0
391539
Np
 204070 83866.2 3510.83 1618.53 3918.26
Nvult_p0
 158650 72572.8 3038.06 1400.57 3390.62
CTP_p0
 53059.2 36376.9 1522.82 702.033 1699.54
YTP_p0
 1.0995e+06
CBA_c0
603927
log_Ro
11.5166
likeval ReclasPelacesDesembMPH_pf_preclas_ppelaces_ptallas_desvR_qrecl_qpela
 34.0544 34.999 0.118589 0.0023619 266.237 135.315 110.366 0 49.9255 0 0 0.11855 0 0 0
q_reclas_q_pelaces
1 1
M
1
N
 66852.3 118703 22297.5 16547.5 20933.1
 99495.2 22203 35591.3 6685.58 11238
 98012.7 29387.1 5265.2 8440.09 4250.39
 24818.3 28859.9 6925.88 1240.89 2990.86
 17955.7 5156.12 3386.02 812.587 496.495
 254345 3632.67 573.672 376.73 145.649
 25050.8 64370.1 632.473 99.8802 90.9497
 8538.53 4154.99 4813.67 47.2971 14.2705
 45220.4 2316.69 831.449 963.257 12.3202
 53109.3 8211.94 207.676 74.5337 87.4538
 122020 10219.2 826.479 20.9012 16.303
 112467 40968.8 3131.54 253.264 11.4008
 96291.8 29633.8 7731.57 590.979 49.9471
 90172.6 25012 5435.03 1418.02 117.55
 122575 18749.7 2939.56 638.755 180.469
 337492 34065.6 3936.58 617.173 172
 172636 89420.9 6500.72 751.215 150.597
 496383 54393.4 24130.4 1754.23 243.356
 588406 150315 13558.5 6014.94 497.934
 260887 171913 34878.6 3146.07 1511.22
 479945 79376.4 43259.3 8776.68 1171.94
 552414 151584 21523.4 11730 2697.62
 65591.5 166730 37535.6 5329.66 3572.6
 379277 21429.3 48375.6 10890.7 2582.94
 273129 123613 6187.51 13968 3890.4
 79308.1 90254.5 36690.9 1836.59 5300.77
 317973 26524.6 27442.6 11156.2 2170.17
 385723 102797 7535.68 7796.49 3786.03
 62624.7 128896 31203.3 2287.4 3515.79
 40941.2 21427.3 41018.3 9929.75 1846.74
 268790 13266.9 6116.14 11708.1 3361.45
pred_Ctot
 4142.26 14111.8 2650.8 1967.23 2488.6
 12621.4 5168.12 8284.49 1556.18 2615.84
 12592.8 6920.25 1239.88 1987.52 1000.91
 7149.66 13585.7 3260.34 584.145 1407.94
 5359.61 2495.61 1638.87 393.3 240.308
 51715.2 1283.92 202.757 133.15 51.4778
 9265.01 36590 359.517 56.775 51.6986
 1452.13 1257.81 1457.21 14.3179 4.32001
 15314.8 1234.6 443.092 513.335 6.56562
 16865.9 4169.04 105.433 37.8393 44.3985
 6785.71 1095.1 88.5662 2.23979 1.74704
 20727.8 13304.8 1016.98 82.2488 3.70246
 18402.6 9931.04 2591.05 198.052 16.7386
 25946.5 11763.5 2556.18 666.916 55.2856
 19384.7 5322.78 834.5 181.334 51.2326
 61296.9 10923.2 1262.27 197.897 55.152
 15862.9 15446 1122.89 129.76 26.0132
 56377.4 11440.9 5075.48 368.977 51.1864
 77999.5 36417.1 3284.85 1457.25 120.635
 28966.3 35411.1 7184.4 648.038 311.286
 43456.8 13523.3 7370.07 1495.28 199.663
 63724.2 32343.1 4592.39 2502.8 575.585
 4685.44 22704.9 5111.51 725.782 486.509
 27619 2972.03 6709.22 1510.44 358.228
 17722.8 15359.1 768.809 1735.55 483.389
 4591.22 10052.6 4086.67 204.561 590.404
 24621.8 3899.46 4034.42 1640.1 319.043
 22520.6 11543.5 846.216 875.503 425.151
 2784.68 11127.8 2693.82 197.475 303.524
 3115.68 3098.71 5931.86 1435.99 267.066
 26151.2 2417.45 1114.47 2133.42 612.513
F
 0.10226 0.20452 0.20452 0.20452 0.20452
 0.219553 0.439107 0.439107 0.439107 0.439107
 0.222646 0.445291 0.445291 0.445291 0.445291
 0.571398 1.1428 1.1428 1.1428 1.1428
 0.597941 1.19588 1.19588 1.19588 1.19588
 0.374043 0.748086 0.748086 0.748086 0.748086
 0.796595 1.59319 1.59319 1.59319 1.59319
 0.304448 0.608896 0.608896 0.608896 0.608896
 0.705959 1.41192 1.41192 1.41192 1.41192
 0.648085 1.29617 1.29617 1.29617 1.29617
 0.0913715 0.182743 0.182743 0.182743 0.182743
 0.333749 0.667498 0.667498 0.667498 0.667498
 0.348025 0.69605 0.69605 0.69605 0.69605
 0.57055 1.1411 1.1411 1.1411 1.1411
 0.280432 0.560864 0.560864 0.560864 0.560864
 0.328187 0.656375 0.656375 0.656375 0.656375
 0.154942 0.309883 0.309883 0.309883 0.309883
 0.194613 0.389225 0.389225 0.389225 0.389225
 0.230431 0.460862 0.460862 0.460862 0.460862
 0.189888 0.379775 0.379775 0.379775 0.379775
 0.152531 0.305063 0.305063 0.305063 0.305063
 0.197925 0.395851 0.395851 0.395851 0.395851
 0.118689 0.237377 0.237377 0.237377 0.237377
 0.121112 0.242224 0.242224 0.242224 0.242224
 0.107312 0.214624 0.214624 0.214624 0.214624
 0.0952687 0.190537 0.190537 0.190537 0.190537
 0.129212 0.258423 0.258423 0.258423 0.258423
 0.0961159 0.192232 0.192232 0.192232 0.192232
 0.0724937 0.144987 0.144987 0.144987 0.144987
 0.126867 0.253734 0.253734 0.253734 0.253734
 0.164708 0.329417 0.329417 0.329417 0.329417
YTP_r0W_actual
 222285 39404.5 32208.1 74243.1 23398
YTP_p0W_proyectada
 399005 586395 35603.5 20710 57784.4
CTP_r0_actual
 26151.2 2417.45 1114.47 2133.42 612.513
CTP_p0_proyectada
 53059.2 36376.9 1522.82 702.033 1699.54
Wmedp
 7.52 16.12 23.38 29.5 34
Frms_r0
 0.164708 0.329417 0.329417 0.329417 0.329417
Zrms_r0
 1.16471 1.32942 1.32942 1.32942 1.32942
nmprior
 8.19 8.8 8.5 0
nm_flota  nm_reclas  nm_pelaces    nm_pelaL
inf 6.82736 10.0317 20.035
cv_recla  cv_pelaces  cv_mph
0.527851 0.670811 1.49981
 ------------------------------------------------
Talla a la edad & desviaci?n 
 8 13.2811 15.8009 17.003 17.5766
 0.8 1.32811 1.58009 1.7003 1.75766
