years
 1991 1992 1993 1994 1995 1996 1997 1998 1999 2000 2001 2002 2003 2004 2005 2006 2007 2008 2009 2010 2011 2012 2013 2014 2015 2016 2017 2018 2019 2020 2021
reclasobs
 0 0 0 0 0 0 0 0 0 252601 567819 844713 477998 351125 339783 2.1784e+06 2.13404e+06 4.81314e+06 1.55562e+06 2.62356e+06 3.21686e+06 3.843e+06 1.13348e+06 3.07943e+06 1.97215e+06 2.03268e+06 2.025e+06 2.42433e+06 2.27542e+06 1.05018e+06 2.36338e+06
reclaspred
 2.87834e+06 1.55522e+06 772130 581513 474284 1.1941e+06 583728 442533 330596 245434 419386 607878 595615 425629 403731 1.50526e+06 1.31404e+06 3.34938e+06 2.73874e+06 1.92826e+06 3.47651e+06 2.83567e+06 2.06958e+06 3.2783e+06 2.36849e+06 2.00677e+06 2.5673e+06 2.94395e+06 2.3202e+06 1.29738e+06 1.86735e+06
pelacesobs
 0 0 0 0 0 0 0 0 0 0 0 0 0 0 0 552880 188675 0 991730 2.46772e+06 1.41603e+06 1.21717e+06 2.29649e+06 1.80582e+06 0 1.4828e+06 1.56532e+06 1.57751e+06 1.42118e+06 867257 1.10002e+06
pelacespred
 1.01568e+06 594444 286113 169723 154737 415347 158965 175292 111079 77181.5 151578 183966 200808 144542 142115 467664 411431 1.23953e+06 1.02307e+06 663868 1.19353e+06 1.02132e+06 753408 1.32679e+06 913319 774737 1.13691e+06 1.27836e+06 832929 531485 743212
mphobs
 0 0 0 0 0 0 0 0 0 0 0 498337 0 5186 125008 0 168611 109162 213762 579715 649985 157893 87575 83554 0 0 0 0 0 0 0
mphpred
 434931 281591 133473 70588.1 50871.4 52185.8 107671 46842.5 38784.7 24215.9 17373.6 49019.9 55223.6 44125.4 25359.7 32095.1 171320 142811 331646 242295 244384 313896 297929 224512 324638 256431 201471 235051 358087 227658 122901
desembarqueobs
 494567 514787 250237 358949 120608 361735 552515 73892 212993 205616 52469 317467 293654 387597 252695 516296 358380 742168 942051 627588 828172 859565 418607 520667 417249 300574 415391 372974 316634 284311 391294
desembarquepred
 494552 514409 250122 358972 120607 361671 552286 73892.6 212984 205601 52469.6 317456 293623 387439 252618 516144 358369 741949 941526 627247 828122 859379 418563 520647 417200 300535 415339 372915 316590 284276 391258
Reclutas
 151064 94146.1 88544 84401.7 67484.7 220656 63326.4 22781 31420.9 48312.5 85152.8 126566 102309 70994.9 63239.4 434905 64124.5 661683 365891 264388 417969 546117 87489.5 319847 249749 107275 280071 327673 73755.9 49159.7 225981
log_desv_Rt
 0.145457 -0.327396 -0.388745 -0.436657 -0.660343 0.524362 -0.723942 -1.74632 -1.42477 -0.994554 -0.427797 -0.0314844 -0.244242 -0.609636 -0.725318 1.20288 -0.711418 1.62254 1.03009 0.705173 1.16316 1.43059 -0.400726 0.895598 0.648214 -0.196845 0.762798 0.919772 -0.571484 -0.97717 0.548206
SSB
 1.97822e+06 1.28078e+06 607084 321059 231381 237360 489725 213056 176406 110143 79021.1 222960 251177 200698 115345 145980 779225 649556 1.50844e+06 1.10204e+06 1.11155e+06 1.42771e+06 1.35509e+06 1.02116e+06 1.47657e+06 1.16634e+06 916363 1.06909e+06 1.62871e+06 1.03547e+06 558995
BT
 2.76614e+06 1.87716e+06 901982 690012 455721 1.27134e+06 850083 471129 464588 372419 393821 686589 727852 733961 580910 1.49227e+06 1.22909e+06 3.51932e+06 3.26023e+06 2.10189e+06 3.42573e+06 3.15852e+06 2.10279e+06 3.54809e+06 2.49856e+06 2.05635e+06 3.05044e+06 3.32529e+06 2.1845e+06 1.51051e+06 2.09185e+06
Ftot
 0.218487 0.410026 0.40971 0.810659 0.351911 0.480334 1.12671 0.229569 0.891078 1.15701 0.206671 0.751096 0.697346 1.25082 0.953505 0.579011 0.353228 0.355337 0.474475 0.448535 0.346437 0.43257 0.260143 0.241442 0.239963 0.200446 0.245344 0.195637 0.17093 0.275765 0.325182
BD_Bspro_t
 0.965833 0.768605 0.556807 0.439809 0.345466 0.409878 0.492719 0.261324 0.289227 0.238729 0.229643 0.536277 0.430045 0.334839 0.218899 0.266452 0.539561 0.481932 0.621129 0.515108 0.473101 0.532565 0.550012 0.521194 0.640695 0.641651 0.640456 0.697214 0.760807 0.675142 0.572237
BD_Bspro
 2.11888 1.37184 0.650249 0.343887 0.247833 0.254236 0.524546 0.228205 0.188949 0.117974 0.0846397 0.238813 0.269036 0.214968 0.123546 0.156359 0.83463 0.69574 1.6157 1.1804 1.19058 1.52922 1.45144 1.09377 1.58155 1.24927 0.981518 1.14511 1.74451 1.10909 0.598741
BD_Bo
 1.22724 0.794565 0.376621 0.199178 0.143544 0.147253 0.303815 0.132175 0.109439 0.06833 0.0490229 0.138319 0.155824 0.124508 0.0715572 0.0905626 0.483414 0.40297 0.935803 0.683684 0.689578 0.88572 0.840665 0.633505 0.916028 0.723571 0.568491 0.663242 1.01041 0.642381 0.346788
BD_Brms
 6.18271 4.00293 1.89738 1.00344 0.723157 0.741842 1.53058 0.665885 0.551339 0.344239 0.246972 0.696837 0.785025 0.627259 0.360497 0.456244 2.43538 2.03012 4.71447 3.44432 3.47401 4.46216 4.23517 3.19152 4.61485 3.64527 2.86399 3.34134 5.09034 3.23624 1.74708
Sel_flota
 0.648678 0.972285 0.998502 0.999921 0.999996
 0.648678 0.972285 0.998502 0.999921 0.999996
 0.648678 0.972285 0.998502 0.999921 0.999996
 0.648678 0.972285 0.998502 0.999921 0.999996
 0.648678 0.972285 0.998502 0.999921 0.999996
 0.648678 0.972285 0.998502 0.999921 0.999996
 0.648678 0.972285 0.998502 0.999921 0.999996
 0.648678 0.972285 0.998502 0.999921 0.999996
 0.648678 0.972285 0.998502 0.999921 0.999996
 0.648678 0.972285 0.998502 0.999921 0.999996
 0.648678 0.972285 0.998502 0.999921 0.999996
 0.648678 0.972285 0.998502 0.999921 0.999996
 0.648678 0.972285 0.998502 0.999921 0.999996
 0.648678 0.972285 0.998502 0.999921 0.999996
 0.648678 0.972285 0.998502 0.999921 0.999996
 0.648678 0.972285 0.998502 0.999921 0.999996
 0.648678 0.972285 0.998502 0.999921 0.999996
 0.648678 0.972285 0.998502 0.999921 0.999996
 0.648678 0.972285 0.998502 0.999921 0.999996
 0.648678 0.972285 0.998502 0.999921 0.999996
 0.648678 0.972285 0.998502 0.999921 0.999996
 0.648678 0.972285 0.998502 0.999921 0.999996
 0.648678 0.972285 0.998502 0.999921 0.999996
 0.648678 0.972285 0.998502 0.999921 0.999996
 0.648678 0.972285 0.998502 0.999921 0.999996
 0.648678 0.972285 0.998502 0.999921 0.999996
 0.648678 0.972285 0.998502 0.999921 0.999996
 0.648678 0.972285 0.998502 0.999921 0.999996
 0.648678 0.972285 0.998502 0.999921 0.999996
 0.648678 0.972285 0.998502 0.999921 0.999996
 0.648678 0.972285 0.998502 0.999921 0.999996
Sel_reclas
 1 1 1 1 1
 1 1 1 1 1
 1 1 1 1 1
 1 1 1 1 1
 1 1 1 1 1
 1 1 1 1 1
 1 1 1 1 1
 1 1 1 1 1
 1 1 1 1 1
 1 1 1 1 1
 1 1 1 1 1
 1 1 1 1 1
 1 1 1 1 1
 1 1 1 1 1
 1 1 1 1 1
 1 1 1 1 1
 1 1 1 1 1
 1 1 1 1 1
 1 1 1 1 1
 1 1 1 1 1
 1 1 1 1 1
 1 1 1 1 1
 1 1 1 1 1
 1 1 1 1 1
 1 1 1 1 1
 1 1 1 1 1
 1 1 1 1 1
 1 1 1 1 1
 1 1 1 1 1
 1 1 1 1 1
 1 1 1 1 1
Sel_pelaces
 1 1 1 1 1
 1 1 1 1 1
 1 1 1 1 1
 1 1 1 1 1
 1 1 1 1 1
 1 1 1 1 1
 1 1 1 1 1
 1 1 1 1 1
 1 1 1 1 1
 1 1 1 1 1
 1 1 1 1 1
 1 1 1 1 1
 1 1 1 1 1
 1 1 1 1 1
 1 1 1 1 1
 1 1 1 1 1
 1 1 1 1 1
 1 1 1 1 1
 1 1 1 1 1
 1 1 1 1 1
 1 1 1 1 1
 1 1 1 1 1
 1 1 1 1 1
 1 1 1 1 1
 1 1 1 1 1
 1 1 1 1 1
 1 1 1 1 1
 1 1 1 1 1
 1 1 1 1 1
 1 1 1 1 1
 1 1 1 1 1
pf_obs 
 0.8446 0.082 0.0669 0.0065 0
 0.8095 0.147 0.0364 0.0071 0
 0.9664 0.0169 0.016 0.0007 0
 0.9276 0.0648 0.0075 0.0001 0
 0.7033 0.2144 0.0806 0.0017 0
 0.9318 0.0425 0.0243 0.0014 0
 0.5671 0.3108 0.0964 0.0239 0.0018
 0.0768 0.2599 0.5324 0.112 0.0189
 0.490249 0.384438 0.106611 0.0170017 0.00170017
 0.7925 0.1577 0.0466 0.003 0.0002
 0.840416 0.127587 0.0312969 0.00059994 9.999e-05
 0.8084 0.0986 0.0794 0.0134 0.0002
 0.7335 0.1905 0.0724 0.0035 0.0001
 0.4001 0.4547 0.1325 0.0127 0
 0.49795 0.308269 0.164784 0.0264974 0.00249975
 0.9179 0.0499 0.0305 0.0017 0
 0.2467 0.6533 0.0926 0.0074 0
 0.9418 0.0223 0.034 0.0019 0
 0.707729 0.231977 0.0356964 0.0245975 0
 0.517169 0.277429 0.184464 0.0207286 0.00020938
 0.811772 0.124168 0.05621 0.00726502 0.000585176
 0.764997 0.148141 0.077277 0.00933861 0.000247198
 0.163321 0.427699 0.378323 0.0303852 0.000271297
 0.753843 0.0900009 0.118128 0.0371064 0.000921714
 0.721811 0.176058 0.0630433 0.0369309 0.00215725
 0.143369 0.312575 0.442814 0.0836902 0.0175525
 0.692698 0.0596174 0.167031 0.0765114 0.00414204
 0.394062 0.376323 0.152708 0.0712218 0.00568511
 0.125707 0.32114 0.495352 0.0537591 0.00404204
 0.23352 0.215282 0.420074 0.123614 0.00750983
 0.774587 0.0839891 0.0768558 0.0609784 0.00358967
pf_pred 
 0.435945 0.173275 0.359704 0.0310746 9.15738e-07
 0.428509 0.312348 0.081214 0.1638 0.0141292
 0.561981 0.239741 0.109997 0.0276996 0.0605818
 0.62631 0.252192 0.0674906 0.0299849 0.0240223
 0.656862 0.255942 0.059606 0.0153408 0.0122497
 0.856123 0.108187 0.0268326 0.00605788 0.00279931
 0.422669 0.523513 0.0408058 0.00978709 0.00322473
 0.446119 0.319525 0.213395 0.0159025 0.00505845
 0.642039 0.199174 0.0927381 0.0601504 0.00589897
 0.812222 0.143452 0.0251197 0.0112277 0.00797889
 0.861057 0.123781 0.0117082 0.001959 0.00149411
 0.753236 0.223283 0.020984 0.00192847 0.000567868
 0.685627 0.264026 0.0457199 0.00413604 0.00049102
 0.641815 0.282413 0.0640141 0.0106784 0.00107853
 0.75935 0.186895 0.0428083 0.0092513 0.00169474
 0.95486 0.0383988 0.00528407 0.00116077 0.000296135
 0.283658 0.696429 0.017028 0.0022629 0.000622739
 0.904257 0.0367175 0.0574333 0.00136138 0.000230317
 0.556988 0.415553 0.0107337 0.0162751 0.000450287
 0.558247 0.295917 0.137082 0.00342547 0.00532814
 0.729166 0.181865 0.0602381 0.0270093 0.00172161
 0.717393 0.228946 0.0364039 0.0116903 0.00556652
 0.242083 0.608449 0.121835 0.0187567 0.00887575
 0.728226 0.0899084 0.146849 0.0285521 0.00646528
 0.579746 0.339269 0.0273217 0.043344 0.0103195
 0.388554 0.415822 0.158834 0.0124245 0.0243651
 0.733248 0.131707 0.0926801 0.0344081 0.00795712
 0.67416 0.264115 0.0309342 0.0211422 0.00964914
 0.264714 0.558466 0.144107 0.0164066 0.0163057
 0.331373 0.236754 0.330233 0.0828598 0.0187803
 0.820056 0.0788862 0.0364825 0.0493963 0.0151789
pobs_RECLAS
 0 0 0 0 0
 0 0 0 0 0
 0 0 0 0 0
 0 0 0 0 0
 0 0 0 0 0
 0 0 0 0 0
 0 0 0 0 0
 0 0 0 0 0
 0 0 0 0 0
 0 0 0 0 0
 0.991045 0.00858322 0.000360255 1.14367e-05 0
 0.934742 0.0480273 0.0164251 0.00080598 0
 0.827803 0.169806 0.00239088 0 0
 0.941827 0.0461693 0.0120037 0 0
 0.791401 0.0380133 0.147996 0.0225897 0
 0.846168 0.0940531 0.0597789 0 0
 0.134021 0.677848 0.182769 0.00536245 0
 0.80878 0.0450904 0.141981 0.00414843 0
 0.846168 0.0940531 0.0597789 0 0
 0.905697 0.0802665 0.012482 0.00150086 5.37128e-05
 0.989698 0.0102097 9.19794e-05 0 0
 0.975433 0.0193895 0.00387452 0.00125025 5.28907e-05
 0.303575 0.632131 0.0575291 0.00676475 0
 0.966965 0.00978017 0.0227588 0.000495775 0
 0.843318 0.132988 0.00938335 0.0141283 0.000182051
 0.564624 0.303363 0.111486 0.0197234 0.00080311
 0.826376 0.0876187 0.0782897 0.00655872 0.00115652
 0.89761 0.0855135 0.0140674 0.00269457 0.000114338
 0.34875 0.467042 0.161289 0.0227151 0.000203297
 0.318654 0.224769 0.449479 0.00709798 0
 0.937255 0.0296025 0.0250945 0.00804832 0
ppred_RECLAS
 0.543064 0.143036 0.288971 0.0249278 7.34542e-07
 0.535954 0.256937 0.0649732 0.13085 0.011286
 0.663966 0.186292 0.0831279 0.0209023 0.0457119
 0.724233 0.187934 0.0488254 0.0216579 0.0173497
 0.745165 0.191425 0.0433666 0.0111448 0.00889849
 0.901375 0.0746805 0.018009 0.00405971 0.00187582
 0.537593 0.420532 0.0317638 0.0076056 0.00250573
 0.551566 0.26168 0.170073 0.0126556 0.00402535
 0.73922 0.147076 0.0664524 0.0430321 0.00421982
 0.873663 0.0972464 0.0164983 0.0073617 0.00523109
 0.903622 0.0861156 0.00792741 0.00132448 0.00101009
 0.825589 0.158253 0.0144426 0.00132522 0.0003902
 0.771603 0.192708 0.0324143 0.0029278 0.000347552
 0.742396 0.204494 0.044881 0.00747384 0.000754795
 0.832572 0.130914 0.0290876 0.0062759 0.00114958
 0.970198 0.0254596 0.00340501 0.000746849 0.000190521
 0.375431 0.60767 0.0144531 0.00191788 0.000527751
 0.935785 0.0250481 0.0381126 0.000902073 0.000152601
 0.657597 0.32175 0.00808065 0.0122341 0.000338456
 0.660146 0.229757 0.103498 0.00258238 0.00401645
 0.804694 0.132352 0.0426449 0.0190928 0.00121691
 0.795256 0.166754 0.0257851 0.00826801 0.00393662
 0.326753 0.543391 0.105878 0.0162762 0.0077014
 0.804757 0.0657856 0.104561 0.0203004 0.00459644
 0.676858 0.262277 0.0205539 0.0325599 0.00775139
 0.491538 0.348803 0.12967 0.0101285 0.019861
 0.808077 0.0960906 0.0657993 0.0243929 0.0056406
 0.758224 0.197 0.0224564 0.0153258 0.00699404
 0.353142 0.494507 0.124199 0.0141198 0.0140319
 0.432763 0.204461 0.277494 0.0695252 0.0157568
 0.875242 0.055569 0.0250014 0.0338015 0.010386
pobs_PELACES
 0 0 0 0 0
 0 0 0 0 0
 0 0 0 0 0
 0 0 0 0 0
 0 0 0 0 0
 0 0 0 0 0
 0 0 0 0 0
 0 0 0 0 0
 0 0 0 0 0
 0 0 0 0 0
 0 0 0 0 0
 0 0 0 0 0
 0 0 0 0 0
 0 0 0 0 0
 0 0 0 0 0
 0 0 0 0 0
 0.505614 0.472636 0.0217494 0 0
 0 0 0 0 0
 0.443492 0.261883 0.143347 0.151278 0
 0.227955 0.32914 0.350689 0.0885471 0.00366901
 0.970185 0.0296113 0.000203453 0 0
 0.997202 0.00247181 0.000326279 0 0
 0.445219 0.490057 0.0546422 0.010081 0
 0.90214 0.0892962 0.00764917 0.000914606 0
 0 0 0 0 0
 0.581667 0.319106 0.0959925 0.00289975 0.000334073
 0.762889 0.0836404 0.116647 0.0363945 0.000428098
 0.88444 0.0763242 0.0277011 0.0115352 0
 0.521256 0.241999 0.230069 0.00667565 0
 0.616807 0.101726 0.260614 0.0208532 0
 0.833518 0.0704572 0.0857862 0.0102388 0
ppred_PELACES
 0.549171 0.141309 0.284942 0.0245777 7.24223e-07
 0.547232 0.251104 0.0632733 0.127402 0.0109885
 0.674013 0.181015 0.0804874 0.0202344 0.0442509
 0.741621 0.176486 0.0455309 0.0201889 0.0161726
 0.752379 0.186149 0.0420432 0.010803 0.00862545
 0.905929 0.0713048 0.0171236 0.00385926 0.00178318
 0.567552 0.393636 0.0294439 0.0070464 0.00232143
 0.557827 0.258241 0.167505 0.0124632 0.00396412
 0.757772 0.137082 0.0614612 0.0397834 0.00390115
 0.886919 0.0872475 0.0146545 0.00653545 0.00464384
 0.905544 0.0844149 0.00775697 0.00129588 0.000988276
 0.836922 0.14806 0.0134249 0.0012314 0.000362569
 0.78462 0.181896 0.0304117 0.00274602 0.000325968
 0.767505 0.184976 0.0401603 0.00668381 0.000674988
 0.846526 0.120222 0.0264924 0.00571341 0.00104652
 0.971955 0.0239764 0.00319062 0.000699635 0.000178474
 0.384337 0.599055 0.0142047 0.00188462 0.000518591
 0.938137 0.0241761 0.0366727 0.00086785 0.00014681
 0.66897 0.311142 0.00778225 0.0117796 0.000325881
 0.671087 0.222641 0.099904 0.00249219 0.00387612
 0.810593 0.12848 0.0412735 0.0184758 0.00117757
 0.802787 0.160734 0.0247614 0.00793814 0.00377952
 0.332991 0.538593 0.104707 0.0160943 0.00761525
 0.808992 0.0644486 0.102222 0.0198441 0.00449309
 0.682525 0.257782 0.0201597 0.0319319 0.00760184
 0.497026 0.345228 0.128118 0.0100064 0.0196214
 0.812272 0.0940916 0.0642939 0.0238321 0.00551088
 0.762092 0.193911 0.0220669 0.0150586 0.00687207
 0.357403 0.491422 0.123242 0.0140098 0.0139225
 0.440387 0.202025 0.273534 0.0685243 0.0155298
 0.879156 0.0539125 0.0241879 0.0326968 0.0100465
pobs_pel_tallas
 0 0 0 0 0 0 0 0 0 0 0 0 0 0 0 0 0 0 0 0 0 0 0 0 0 0
 0 0 0 0 0 0 0 0 0 0 0 0 0 0 0 0 0 0 0 0 0 0 0 0 0 0
 0 0 0 0 0 0 0 0 0 0 0 0 0 0 0 0 0 0 0 0 0 0 0 0 0 0
 0 0 0 0 0 0 0 0 0 0 0 0 0 0 0 0 0 0 0 0 0 0 0 0 0 0
 0 0 0 0 0 0 0 0 0 0 0 0 0 0 0 0 0 0 0 0 0 0 0 0 0 0
 0 0 0 0 0 0 0 0 0 0 0 0 0 0 0 0 0 0 0 0 0 0 0 0 0 0
 0 0 0 0 0 0 0 0 0 0 0 0 0 0 0 0 0 0 0 0 0 0 0 0 0 0
 0 0 0 0 0 0 0 0 0 0 0 0 0 0 0 0 0 0 0 0 0 0 0 0 0 0
 0 0 0 0 0 0 0 0 0 0 0 0 0 0 0 0 0 0 0 0 0 0 0 0 0 0
 0 0 0 0 0 0 0 0 0 0 0 0 0 0 0 0 0 0 0 0 0 0 0 0 0 0
 0 0 0 0 0 0 0 0 0 0 0 0 0 0 0 0 0 0 0 0 0 0 0 0 0 0
 0 0 0 0 0 0 0 0 0 0 0 0 0 0 0 0 0 0 0 0 0 0 0 0 0 0
 0.00862536 0 0 0.000197151 0.00414017 0.0128641 0.00837892 0.0270097 0.101434 0.158115 0.152841 0.127902 0.109271 0.109419 0.0830992 0.0579132 0.0238553 0.00714673 0.00463305 0.00128148 0.00103504 0.000492878 0.000147863 0.000147863 4.92878e-05 0
 0 0 0 0 0 0 0 0 0 0 0 0 0 0 0 0 0 0 0 0 0 0 0 0 0 0
 0 0 0 0 0 0 0 0.0054083 0.00873648 0.0413646 0.0450493 0.0745869 0.0622846 0.0627006 0.0613931 0.0827291 0.12552 0.122667 0.0946155 0.0697135 0.0546179 0.0294188 0.0215738 0.0213955 0.0102223 0.00600262
 0 0 0 0 0.00359764 0.0251062 0.0480494 0.140153 0.205849 0.193036 0.1447 0.116669 0.0760912 0.0342217 0.00950174 0.001854 0.000860785 0 0 0 0.000165536 0 0.000143464 0 0 0
 0 0 0 0 0 0 0 0.000145254 0.000435761 0.0275982 0.070085 0.0708112 0.156366 0.174668 0.174014 0.160142 0.0824315 0.0480064 0.0283245 0.00493863 0.00203355 0 0 0 0 0
 0 0 0 0 0 0 0 0 0 0 0 0 0 0 0 0 0 0 0 0 0 0 0 0 0 0
 0 0 1.00437e-05 0.000401748 0.00122533 0.00171747 0.00176769 0.0269171 0.070346 0.194647 0.189555 0.159765 0.064822 0.0314167 0.0384472 0.0292271 0.0345202 0.0313363 0.0194345 0.0106764 0.0143323 0.0359363 0.0279516 0.0138201 0.00172751 0
 0 0.0021121 0.0136068 0.0755702 0.200478 0.177729 0.0527432 0.0373336 0.0318909 0.0142505 0.0149659 0.0166563 0.0217959 0.0798694 0.0677717 0.0528807 0.04013 0.0224614 0.0357745 0.0225083 0.00881397 0.00855152 0.00135912 0.000746735 0 0
 0 0 0 0 5.4009e-05 0.00500934 0.000945158 0.0243581 0.138947 0.33067 0.221406 0.137944 0.0707744 0.0437923 0.0131692 0.00525238 0.0047753 0.00276346 9.45158e-05 9.00151e-06 2.25038e-05 9.00151e-06 4.50075e-06 0 0 0
 0.000866109 0.00284123 0.00948549 0.0512746 0.133035 0.25785 0.225252 0.132002 0.0553304 0.0519788 0.0540692 0.017754 0.00435017 0.00159236 0.00146478 0.000404838 0.000125132 0.000115318 0.000107957 0.000100596 0 0 0 0 0 0
 0 0 0 0 0.00144013 0.00171154 0.00461396 0.0210425 0.0478622 0.0707936 0.0888783 0.103762 0.0637923 0.0337046 0.0602308 0.124433 0.169614 0.0934646 0.0462172 0.0250306 0.0313229 0.00938855 0.002487 0.000210481 0 0
 0 0.00764035 0.051015 0.0998891 0.058973 0.0496711 0.0374665 0.0718981 0.12319 0.153886 0.159021 0.0857701 0.0377988 0.023471 0.0147837 0.00900784 0.00315554 0.000888139 0.00291439 0.00214683 0.00393193 0.00274676 0.000635225 9.99891e-05 0 0
 0 0 0 0 0 0 0 0 0 0 0 0 0 0 0 0 0 0 0 0 0 0 0 0 0 0
 0 0 0 0 0 0 0 0 0 0 0 0 0 0 0 0 0 0 0 0 0 0 0 0 0 0
 0 0 0 0 0 0 0 0 0 0 0 0 0 0 0 0 0 0 0 0 0 0 0 0 0 0
 0 0 0 0 0 0 0 0 0 0 0 0 0 0 0 0 0 0 0 0 0 0 0 0 0 0
 0 0 0 0 0 0 0 0 0 0 0 0 0 0 0 0 0 0 0 0 0 0 0 0 0 0
 0 0 0 0 0 0 0 0 0 0 0 0 0 0 0 0 0 0 0 0 0 0 0 0 0 0
 0 0 0 0 0 0 0 0 0 0 0 0 0 0 0 0 0 0 0 0 0 0 0 0 0 0
ppred_pel_tallas
 1.10724e-16 4.52345e-05 0.000439695 0.00292193 0.0132827 0.0413274 0.088053 0.128519 0.128533 0.0881218 0.0415596 0.0139585 0.00463818 0.00425226 0.00747905 0.0127954 0.0195962 0.0270713 0.0343365 0.0408452 0.0464569 0.0510338 0.0539955 0.0543653 0.0513575 0.0450155
 1.16527e-16 4.50748e-05 0.000438143 0.00291162 0.0132358 0.0411816 0.0877427 0.128068 0.128092 0.0878615 0.0415806 0.0143893 0.00581192 0.00678636 0.0121532 0.0201629 0.0293951 0.0377606 0.043214 0.0449539 0.0439365 0.0421719 0.0413387 0.0417957 0.0426109 0.0423614
 1.11887e-16 5.55176e-05 0.000539651 0.00358617 0.0163022 0.0507223 0.10807 0.157735 0.157752 0.108156 0.0510106 0.0171362 0.00568466 0.00513734 0.00883706 0.014654 0.0214211 0.0276209 0.0317563 0.0331831 0.0324817 0.0309878 0.0298624 0.0294435 0.0292723 0.028592
 1.06121e-16 6.10864e-05 0.000593782 0.00394589 0.0179374 0.0558101 0.11891 0.173556 0.173573 0.118993 0.0560901 0.0187465 0.00597872 0.00503838 0.00852286 0.0140488 0.0203655 0.0259004 0.0291007 0.0292757 0.0270022 0.0236986 0.0207144 0.0186519 0.0173217 0.0161624
 1.03804e-16 6.19725e-05 0.000602395 0.00400313 0.0181976 0.0566197 0.120635 0.176074 0.176092 0.120723 0.0569147 0.0190499 0.0061437 0.00527982 0.00895873 0.0147481 0.0213237 0.0269953 0.0300826 0.0298153 0.0267778 0.0224799 0.0184117 0.0153272 0.0131758 0.0115071
 1.01202e-16 7.46202e-05 0.000725335 0.00482011 0.0219115 0.0681749 0.145254 0.212004 0.212011 0.145288 0.0682879 0.022238 0.00564031 0.00251774 0.00348427 0.00565667 0.00817557 0.0103527 0.0115399 0.0114378 0.0102637 0.00858802 0.00697554 0.00571537 0.0047974 0.00406634
 1.0205e-16 4.67486e-05 0.000454413 0.00301973 0.0137273 0.0427109 0.0910015 0.132827 0.132865 0.0911867 0.0433325 0.0155221 0.00752273 0.0102775 0.0186822 0.0307577 0.044177 0.0552881 0.0603997 0.057809 0.048826 0.0369122 0.0256522 0.0171241 0.0115995 0.0082775
 1.06821e-16 4.59475e-05 0.000446626 0.00296799 0.0134921 0.041979 0.0894415 0.130548 0.130573 0.0895642 0.0423916 0.0146864 0.00597579 0.00704492 0.0126716 0.021121 0.03099 0.0401509 0.0464177 0.048706 0.0475459 0.0444677 0.040825 0.0370642 0.0328983 0.0279851
 1.06459e-16 6.24167e-05 0.000606713 0.00403182 0.0183281 0.0570255 0.121499 0.177335 0.177348 0.121564 0.0572439 0.01896 0.00562185 0.00409098 0.00671902 0.0111137 0.0162531 0.0209736 0.0241368 0.0252393 0.0246859 0.0234325 0.0222941 0.0214797 0.0206476 0.0193069
 1.01887e-16 7.30543e-05 0.000710114 0.00471896 0.0214517 0.0667443 0.142206 0.207556 0.207564 0.142247 0.0668823 0.0218506 0.00572061 0.00289777 0.00423102 0.00688785 0.00993667 0.0125435 0.0139146 0.0136928 0.0121679 0.010074 0.00813911 0.00673625 0.00583999 0.00521404
 1.00543e-16 7.45885e-05 0.000725027 0.00481806 0.0219022 0.0681459 0.145192 0.211914 0.211922 0.145232 0.0682792 0.0222872 0.00578424 0.00283308 0.00407483 0.00660968 0.00949356 0.0118945 0.0130197 0.0125044 0.0106271 0.00812375 0.00575397 0.00395472 0.00277887 0.00205451
 1.00611e-16 6.89361e-05 0.000670084 0.00445294 0.0202424 0.0629818 0.13419 0.195857 0.195871 0.13426 0.0632157 0.0209177 0.00614735 0.00436679 0.00708319 0.0115837 0.0166392 0.0208371 0.0227856 0.0218402 0.0184845 0.0140076 0.00974596 0.0064768 0.00431013 0.00296388
 1.01255e-16 6.46282e-05 0.000628209 0.00417467 0.0189775 0.059046 0.125804 0.183619 0.183636 0.12589 0.0593337 0.0198087 0.00626136 0.00518428 0.00871966 0.0143185 0.0206317 0.0259661 0.028636 0.0278529 0.0241798 0.0191303 0.0142512 0.0104098 0.00769588 0.00577959
 1.01991e-16 6.32184e-05 0.000614506 0.00408361 0.0185635 0.057758 0.12306 0.179614 0.179632 0.123147 0.058051 0.0194099 0.0062093 0.0052583 0.00889252 0.0146267 0.0211232 0.0266845 0.029618 0.0291312 0.0257825 0.0210654 0.0164822 0.012838 0.0101686 0.00812302
 1.01546e-16 6.97272e-05 0.000677773 0.00450404 0.0204747 0.0637046 0.13573 0.198104 0.198116 0.135786 0.063895 0.021025 0.0058859 0.00369682 0.00581061 0.00951439 0.0137425 0.0173719 0.0193048 0.0190305 0.0169147 0.0139273 0.0110386 0.00876024 0.00710009 0.0058153
 1.00199e-16 8.00586e-05 0.000778198 0.0051714 0.0235084 0.0731435 0.15584 0.227454 0.227456 0.155851 0.0731814 0.0236179 0.00544621 0.00137804 0.00121908 0.00188818 0.00271101 0.00340635 0.0037473 0.00363068 0.00313351 0.0024597 0.00181766 0.00132421 0.000989923 0.000766181
 1.0084e-16 3.16574e-05 0.000307721 0.00204492 0.00929595 0.0289234 0.0616266 0.0899579 0.0900155 0.0619081 0.0298683 0.0120236 0.00888591 0.0152228 0.0283024 0.0465934 0.066773 0.0832451 0.090328 0.0854027 0.0705128 0.0510738 0.0327657 0.0189879 0.0103205 0.00558236
 1.01177e-16 7.72731e-05 0.000751122 0.00499147 0.0226905 0.0705986 0.150418 0.21954 0.219542 0.150429 0.0706379 0.0228047 0.00528049 0.00139015 0.00131452 0.00211219 0.00317727 0.00428956 0.00526984 0.0060168 0.00652965 0.00684563 0.00695368 0.00677523 0.00623186 0.00533291
 1.01541e-16 5.51022e-05 0.000535613 0.00355934 0.0161803 0.050343 0.107262 0.156558 0.156588 0.107408 0.0508338 0.0175973 0.00711362 0.00828581 0.0147483 0.0242275 0.0347391 0.0433605 0.0471593 0.0447981 0.0373552 0.0276422 0.0185789 0.0118688 0.00773036 0.00547068
 1.03846e-16 5.52766e-05 0.000537308 0.0035706 0.0162315 0.0505022 0.107601 0.157051 0.157073 0.107706 0.0508564 0.0172559 0.00614716 0.00617827 0.0108161 0.0179171 0.02609 0.0333973 0.0378733 0.0385635 0.0360171 0.0317777 0.027327 0.0233542 0.0197882 0.0163121
 1.03277e-16 6.67675e-05 0.000649004 0.00431286 0.0196056 0.0610005 0.129968 0.189695 0.189708 0.130029 0.0612045 0.0201955 0.00579541 0.00389219 0.0062462 0.0102735 0.0149181 0.0190259 0.0214662 0.0217207 0.02017 0.0177865 0.0154898 0.0136828 0.012246 0.010851
 1.02192e-16 6.61245e-05 0.000642754 0.00427133 0.0194168 0.0604131 0.128717 0.18787 0.187885 0.128793 0.0606674 0.0201513 0.0061152 0.00466876 0.00771471 0.012656 0.0182412 0.0229742 0.0253778 0.0247747 0.0216851 0.0174639 0.0134777 0.010464 0.00844368 0.00704995
 1.06063e-16 2.74282e-05 0.000266611 0.00177173 0.00805406 0.0250594 0.0533937 0.0779406 0.0779925 0.0536476 0.025912 0.0105172 0.00795674 0.0137754 0.0257033 0.0425017 0.0613434 0.0773907 0.085709 0.0839973 0.073918 0.0598918 0.0463816 0.0358048 0.0282861 0.0227572
 1.05717e-16 6.66356e-05 0.000647722 0.00430434 0.0195669 0.06088 0.129711 0.189319 0.189325 0.129743 0.060985 0.0198723 0.00507826 0.00236147 0.00339267 0.00568989 0.00862643 0.0117622 0.0146738 0.0171385 0.0191826 0.0208917 0.0221619 0.0226484 0.0219717 0.0199991
 1.05137e-16 5.62187e-05 0.000546466 0.00363146 0.0165081 0.051363 0.109435 0.159729 0.159754 0.109557 0.0517703 0.0176844 0.00658353 0.00698905 0.0122871 0.0202135 0.0290935 0.0365592 0.0402539 0.0391343 0.0341161 0.0274747 0.0214817 0.0173236 0.0149306 0.0135245
 1.0811e-16 4.09395e-05 0.000397946 0.00264449 0.0120215 0.0374035 0.0796934 0.116322 0.116355 0.0798567 0.0379521 0.0136074 0.00663147 0.00912155 0.0166673 0.0276426 0.0401733 0.0512648 0.0578669 0.0585415 0.0542472 0.0475378 0.0408713 0.0353972 0.0309417 0.0268002
 1.05203e-16 6.69057e-05 0.000650348 0.00432179 0.0196462 0.0611268 0.130237 0.190087 0.190096 0.130282 0.0612774 0.0200824 0.00542088 0.00306397 0.00469311 0.0077642 0.011441 0.014944 0.0175209 0.0188271 0.0190896 0.0188584 0.0185557 0.0182062 0.017525 0.016215
 1.0336e-16 6.27725e-05 0.000610171 0.0040548 0.0184326 0.0573506 0.122192 0.178347 0.178366 0.122284 0.0576572 0.019318 0.00627712 0.00546116 0.00927491 0.0152327 0.0219368 0.0275913 0.0304178 0.0296154 0.0258449 0.0207849 0.0161212 0.012752 0.0106667 0.00934813
 1.07444e-16 2.94389e-05 0.000286157 0.00190162 0.0086445 0.0268965 0.0573076 0.083652 0.0836995 0.0575395 0.0276753 0.0108952 0.00755512 0.0126412 0.0235329 0.0389597 0.0563567 0.0713625 0.0795259 0.0787634 0.0705434 0.0587726 0.0473415 0.0382763 0.0315778 0.0262636
 1.17446e-16 3.62741e-05 0.000352597 0.00234313 0.0106516 0.033141 0.0706112 0.103063 0.103083 0.0707085 0.0334689 0.0116038 0.00475307 0.0056788 0.0103438 0.0175467 0.0264546 0.0357509 0.0440646 0.0507107 0.0558962 0.0601283 0.0633746 0.0647892 0.0632492 0.0581956
 1.05692e-16 7.2415e-05 0.000703899 0.00467766 0.021264 0.0661601 0.140961 0.205738 0.205743 0.140987 0.0662461 0.0215131 0.00530505 0.00208052 0.00270815 0.00442033 0.00650209 0.00848907 0.0099767 0.0108223 0.0112341 0.011605 0.0122112 0.0130148 0.0136978 0.013866
pSPR Fmed_Fpbrs
0.51962   0.248496 0.248496
Fs Fmed_Fpbrs
0.408604   1.005 1.005
SSBpbr Bo_Bmed_Bpbrs
1.61192e+06  756990  319960 319960
Ro
130614
SPR SPRFo_SPRFmed_SPRFpbrs
933618 485126 232000
Fref
1.005
Nvult_r0
 158657 11067.3 5016.19 6784.53 2084.69
CTP_r0
 27637.2 2658.59 1229.52 1664.73 511.554
YTP_r0
391258
Np
 187666 67323.7 4055.29 1816.78 3108.31
Nvult_p0
 151694 58001.8 3508.38 1572.11 2689.74
CTP_p0
 59865.3 28665.7 1757.25 787.985 1348.22
YTP_p0
 1.02245e+06
CBA_c0
580615
log_Ro
11.6
likeval ReclasPelacesDesembMPH_pf_preclas_ppelaces_ptallas_desvR_qrecl_qpela
 10.7062 27.804 0.0109688 0.000871921 241.808 116.822 99.9563 0 31.7922 2.39575e-06 0 0.0193664 0 0 0
q_reclas_q_pelaces
1.24525 1
M
1
N
 151064 41220 83514.2 7205.39 0.212321
 94146.1 48229.7 12261.8 24701.3 2130.57
 88544 26545.8 11909.2 2995.41 6550.85
 84401.7 24971.4 6556.91 2910.18 2331.36
 67484.7 18351.9 4176.77 1073.66 857.266
 220656 19759.3 4795 1081.29 499.626
 63326.4 59443.4 4556.72 1091.94 359.765
 22781 11217 7312.2 544.212 173.098
 31420.9 7221.12 3301 2138.96 209.758
 48312.5 6484.74 1116.98 498.816 354.465
 85152.8 8391.06 774.538 129.426 98.7052
 126566 27395.7 2524.96 231.807 68.2556
 102309 28603.9 4855.47 438.784 52.0884
 70994.9 23942.4 5341.58 890.301 89.9171
 63239.4 11602.6 2610.39 563.594 103.239
 434905 12533.6 1689.03 370.62 94.5472
 64124.5 109896 2625.96 348.544 95.9112
 661683 18759.4 28677.1 678.919 114.852
 365891 193309 4885.18 7398.63 204.687
 264388 98943.9 44833.8 1119.01 1740.45
 417969 72708.9 23534.1 10539.2 671.738
 546117 122815 19098.8 6125.94 2916.77
 87489.5 151750 29668.9 4561.75 2158.5
 319847 27187.8 43349.8 8417.78 1905.98
 249749 100607 7909.14 12531.2 2983.27
 107275 78633.7 29309.5 2289.69 4489.88
 280071 34652.7 23805.3 8826.57 2041.07
 327673 87873.1 10042.5 6854.69 3128.21
 73755.9 106177 26727.1 3038.87 3019.97
 49159.7 24285.6 33079.6 8289.62 1878.73
 225981 15122.6 6832.97 9240.22 2839.23
pred_Ctot
 12765.2 5073.79 10532.8 909.919 0.0268144
 14202.5 10352.5 2691.76 5428.99 468.298
 13348.1 5694.32 2612.64 657.919 1438.94
 22762.8 9165.76 2452.9 1089.78 873.074
 8869.84 3456.07 804.881 207.152 165.412
 38298.1 4839.7 1200.34 270.995 125.225
 22003.5 27253.3 2124.29 509.501 167.874
 2016.79 1444.49 964.704 71.8909 22.868
 9134.01 2833.56 1319.35 855.735 83.9222
 17116 3022.98 529.35 236.602 168.14
 6827.74 981.522 92.8401 15.5339 11.8475
 32092.7 9513.28 894.053 82.1649 24.1948
 24408.4 9399.33 1627.63 147.243 17.4803
 26603.8 11706.3 2653.44 442.63 44.706
 19377.3 4769.23 1092.39 236.076 43.2467
 88740.5 3568.62 491.078 107.876 27.5215
 8456.83 20763 507.665 67.465 18.566
 87736.8 3562.57 5572.54 132.089 22.3468
 62825 46872 1210.7 1835.74 50.7898
 43200.5 22899.8 10608.3 265.083 412.324
 54158 13507.8 4474.11 2006.09 127.871
 86411.9 27577.2 4384.94 1408.13 670.502
 8706.61 21883.1 4381.84 674.59 319.219
 29687.3 3665.26 5986.53 1163.97 263.568
 23048 13487.8 1086.19 1723.16 410.256
 8356.24 8942.68 3415.89 267.202 523.996
 26388.4 4739.92 3335.41 1238.29 286.364
 24943.5 9772.09 1144.55 782.25 357.013
 4937.71 10417.1 2688.03 306.033 304.151
 5164.76 3690.05 5147 1291.45 292.709
 27637.2 2658.59 1229.52 1664.73 511.554
F
 0.141728 0.212432 0.21816 0.21847 0.218486
 0.265975 0.398663 0.409412 0.409994 0.410025
 0.265769 0.398354 0.409096 0.409677 0.409708
 0.525856 0.788191 0.809445 0.810595 0.810656
 0.228277 0.342158 0.351384 0.351884 0.35191
 0.311582 0.467022 0.479615 0.480296 0.480332
 0.73087 1.09548 1.12502 1.12662 1.1267
 0.148917 0.223207 0.229225 0.229551 0.229568
 0.578022 0.866381 0.889743 0.891007 0.891074
 0.750525 1.12494 1.15527 1.15692 1.157
 0.134063 0.200943 0.206361 0.206655 0.20667
 0.487219 0.730279 0.74997 0.751036 0.751093
 0.452353 0.678019 0.696302 0.697291 0.697343
 0.811377 1.21615 1.24894 1.25072 1.25081
 0.618518 0.927079 0.952077 0.95343 0.953501
 0.375592 0.562964 0.578144 0.578965 0.579009
 0.229131 0.343438 0.352699 0.3532 0.353226
 0.230499 0.345489 0.354805 0.355309 0.355336
 0.307782 0.461325 0.473765 0.474438 0.474473
 0.290955 0.436104 0.447863 0.4485 0.448533
 0.224726 0.336835 0.345918 0.34641 0.346436
 0.280599 0.420582 0.431922 0.432536 0.432569
 0.168749 0.252933 0.259753 0.260122 0.260142
 0.156618 0.234751 0.24108 0.241423 0.241441
 0.155658 0.233312 0.239603 0.239944 0.239962
 0.130025 0.194891 0.200146 0.20043 0.200445
 0.159149 0.238544 0.244976 0.245324 0.245343
 0.126905 0.190215 0.195344 0.195622 0.195636
 0.110879 0.166193 0.170674 0.170917 0.170929
 0.178883 0.268122 0.275352 0.275744 0.275764
 0.210938 0.316169 0.324695 0.325156 0.325181
YTP_r0W_actual
 234916 43335 35533 57932.7 19541.3
YTP_p0W_proyectada
 450187 462091 41084.5 23245.6 45839.5
CTP_r0_actual
 27637.2 2658.59 1229.52 1664.73 511.554
CTP_p0_proyectada
 59865.3 28665.7 1757.25 787.985 1348.22
Wmedp
 7.52 16.12 23.38 29.5 34
Frms_r0
 0.210938 0.316169 0.324695 0.325156 0.325181
Zrms_r0
 1.21094 1.31617 1.32469 1.32516 1.32518
nmprior
 8.19 8.8 8.5 0
nm_flota  nm_reclas  nm_pelaces    nm_pelaL
inf 15.9022 13.7387 30.153
cv_recla  cv_pelaces  cv_mph
0.295966 0.597896 0.911263
 ------------------------------------------------
Talla a la edad & desviaci?n 
 8 13.2811 15.8009 17.003 17.5766
 0.8 1.32811 1.58009 1.7003 1.75766
