years
 1991 1992 1993 1994 1995 1996 1997 1998 1999 2000 2001 2002 2003 2004 2005 2006 2007 2008 2009 2010 2011 2012 2013 2014 2015 2016 2017 2018 2019 2020 2021
reclasobs
 0 0 0 0 0 0 0 0 0 252601 567819 844713 477998 351125 339783 2.1784e+06 2.13404e+06 4.81314e+06 1.55562e+06 2.62356e+06 3.21686e+06 3.843e+06 1.13348e+06 3.07943e+06 1.97215e+06 2.03268e+06 2.025e+06 2.42433e+06 2.27542e+06 1.05018e+06 2.36338e+06
reclaspred
 1.8258e+06 1.0855e+06 450417 218726 31805.5 1.38169e+06 677054 304725 38859.8 169810 279789 489025 444504 299254 232568 1.17144e+06 807499 3.49008e+06 2.52062e+06 1.13441e+06 2.39191e+06 2.20249e+06 1.32729e+06 2.54124e+06 1.68991e+06 1.07399e+06 1.64762e+06 2.32262e+06 1.71524e+06 709941 1.01271e+06
pelacesobs
 0 0 0 0 0 0 0 0 0 0 0 0 0 0 0 552880 188675 0 991730 2.46772e+06 1.41603e+06 1.21717e+06 2.29649e+06 1.80582e+06 0 1.4828e+06 1.56532e+06 1.57751e+06 1.42118e+06 867257 1.10002e+06
pelacespred
 867197 507832 201289 66219.7 6686.29 629667 262465 149230 8274.37 64304.8 123367 183998 182989 122508 94388.5 447968 309204 1.6607e+06 1.1775e+06 519462 1.04975e+06 956813 582288 1.28466e+06 813931 510604 905290 1.23634e+06 763356 374966 488350
mphobs
 0 0 0 0 0 0 0 0 0 0 0 498337 0 5186 125008 0 168611 109162 213762 579715 649985 157893 87575 83554 0 0 0 0 0 0 0
mphpred
 1.98908e+06 909461 524501 187464 56344.7 6996.49 816022 322560 103258 4439 67766.5 182904 253554 177570 89816.5 92348.5 748004 455949 2.10193e+06 1.24721e+06 724134 1.23611e+06 1.3099e+06 790032 1.42737e+06 986271 561938 847103 1.61612e+06 895552 330561
desembarqueobs
 494567 514787 250237 358949 120608 361735 552515 73892 212993 205616 52469 317467 293654 387597 252695 516296 358380 742168 942051 627588 828172 859565 418607 520667 417249 300574 415391 372974 316634 284311 391294
desembarquepred
 494497 514953 249630 358346 120464 361564 551911 73869.4 212641 205438 52458.9 317218 293394 386978 252419 515931 358268 741782 941014 626653 827698 858871 418399 520475 417020 300389 415173 372807 316493 284120 391088
Reclutas
 10425.7 183130 22327.3 55985.2 5783.64 400364 8300.95 2196.28 3679.89 75261.3 70206.6 142599 89377.6 66633.6 50840.6 440994 14075.7 959942 263643 85004.3 451963 570406 17967.5 345313 188539 40787.7 265254 354005 24221 11111.8 176304
log_desv_Rt
 -1.87404 0.991881 -1.1125 -0.193227 -2.46328 1.77406 -2.10194 -3.43155 -2.91543 0.102651 0.0331269 0.741721 0.274556 -0.0191058 -0.289618 1.87072 -1.57386 2.64856 1.35628 0.224387 1.89529 2.12803 -1.32975 1.62614 1.02099 -0.509933 1.36237 1.651 -1.0311 -1.81031 0.953897
SSB
 1.98908e+06 909461 524501 187464 56344.7 6996.49 816022 322560 103258 4439 67766.5 182904 253554 177570 89816.5 92348.5 748004 455949 2.10193e+06 1.24721e+06 724134 1.23611e+06 1.3099e+06 790032 1.42737e+06 986271 561938 847103 1.61612e+06 895552 330561
BT
 2.45667e+06 1.68974e+06 704694 457642 114788 1.77035e+06 1.09788e+06 413251 229650 345452 328535 685489 683533 681899 470843 1.4429e+06 996489 4.49729e+06 3.60036e+06 1.82586e+06 3.12557e+06 2.98697e+06 1.70454e+06 3.45356e+06 2.27472e+06 1.45527e+06 2.52523e+06 3.22278e+06 2.02373e+06 1.17114e+06 1.51368e+06
Ftot
 0.25561 0.513578 0.520576 1.59809 2.60606 0.396059 0.730276 0.231722 3.22961 1.64387 0.253143 0.786756 0.740223 1.4337 1.32115 0.632555 0.419817 0.301747 0.388611 0.54257 0.434432 0.458338 0.300537 0.265247 0.262236 0.280572 0.328042 0.209356 0.177162 0.379305 0.505418
BD_Bspro_t
 0.959927 0.714967 0.530548 0.310757 0.113738 0.0231245 0.619572 0.346087 0.180852 0.015307 0.220607 0.4829 0.419529 0.300841 0.178168 0.189939 0.526182 0.40156 0.688185 0.535463 0.375412 0.502743 0.543783 0.459231 0.629542 0.601261 0.532508 0.650809 0.758095 0.638804 0.451111
BD_Bspro
 4.09715 1.87332 1.08038 0.386142 0.11606 0.0144115 1.68086 0.664416 0.212693 0.00914353 0.139587 0.376749 0.522275 0.365761 0.185006 0.190221 1.54075 0.939172 4.3296 2.56902 1.49158 2.54615 2.69816 1.62732 2.94012 2.03154 1.15749 1.74488 3.32892 1.84467 0.680897
BD_Bo
 1.17665 0.537996 0.310271 0.110895 0.033331 0.00413881 0.482722 0.190812 0.0610828 0.00262591 0.0400876 0.108198 0.149991 0.105042 0.0531314 0.0546292 0.442486 0.269719 1.24341 0.737792 0.428365 0.731224 0.774878 0.467347 0.844366 0.583433 0.332417 0.501108 0.956025 0.529768 0.195545
BD_Brms
 5.77825 2.64197 1.52367 0.54458 0.16368 0.0203247 2.37053 0.937032 0.299963 0.0128952 0.196861 0.531333 0.736569 0.515837 0.260915 0.268271 2.17294 1.32452 6.10608 3.62312 2.1036 3.59087 3.80524 2.29503 4.14648 2.8651 1.63242 2.46082 4.69481 2.60156 0.960276
Sel_flota
 0.618012 1 1 1 1
 0.618012 1 1 1 1
 0.618012 1 1 1 1
 0.618012 1 1 1 1
 0.618012 1 1 1 1
 0.618012 1 1 1 1
 0.618012 1 1 1 1
 0.618012 1 1 1 1
 0.618012 1 1 1 1
 0.618012 1 1 1 1
 0.618012 1 1 1 1
 0.618012 1 1 1 1
 0.618012 1 1 1 1
 0.618012 1 1 1 1
 0.618012 1 1 1 1
 0.618012 1 1 1 1
 0.618012 1 1 1 1
 0.618012 1 1 1 1
 0.618012 1 1 1 1
 0.618012 1 1 1 1
 0.618012 1 1 1 1
 0.618012 1 1 1 1
 0.618012 1 1 1 1
 0.618012 1 1 1 1
 0.618012 1 1 1 1
 0.618012 1 1 1 1
 0.618012 1 1 1 1
 0.618012 1 1 1 1
 0.618012 1 1 1 1
 0.618012 1 1 1 1
 0.618012 1 1 1 1
Sel_reclas
 1 1 1 1 1
 1 1 1 1 1
 1 1 1 1 1
 1 1 1 1 1
 1 1 1 1 1
 1 1 1 1 1
 1 1 1 1 1
 1 1 1 1 1
 1 1 1 1 1
 1 1 1 1 1
 1 1 1 1 1
 1 1 1 1 1
 1 1 1 1 1
 1 1 1 1 1
 1 1 1 1 1
 1 1 1 1 1
 1 1 1 1 1
 1 1 1 1 1
 1 1 1 1 1
 1 1 1 1 1
 1 1 1 1 1
 1 1 1 1 1
 1 1 1 1 1
 1 1 1 1 1
 1 1 1 1 1
 1 1 1 1 1
 1 1 1 1 1
 1 1 1 1 1
 1 1 1 1 1
 1 1 1 1 1
 1 1 1 1 1
Sel_pelaces
 1 1 1 1 1
 1 1 1 1 1
 1 1 1 1 1
 1 1 1 1 1
 1 1 1 1 1
 1 1 1 1 1
 1 1 1 1 1
 1 1 1 1 1
 1 1 1 1 1
 1 1 1 1 1
 1 1 1 1 1
 1 1 1 1 1
 1 1 1 1 1
 1 1 1 1 1
 1 1 1 1 1
 1 1 1 1 1
 1 1 1 1 1
 1 1 1 1 1
 1 1 1 1 1
 1 1 1 1 1
 1 1 1 1 1
 1 1 1 1 1
 1 1 1 1 1
 1 1 1 1 1
 1 1 1 1 1
 1 1 1 1 1
 1 1 1 1 1
 1 1 1 1 1
 1 1 1 1 1
 1 1 1 1 1
 1 1 1 1 1
pf_obs 
 0.8446 0.082 0.0669 0.0065 0
 0.8095 0.147 0.0364 0.0071 0
 0.9664 0.0169 0.016 0.0007 0
 0.9276 0.0648 0.0075 0.0001 0
 0.7033 0.2144 0.0806 0.0017 0
 0.9318 0.0425 0.0243 0.0014 0
 0.5671 0.3108 0.0964 0.0239 0.0018
 0.0768 0.2599 0.5324 0.112 0.0189
 0.490249 0.384438 0.106611 0.0170017 0.00170017
 0.7925 0.1577 0.0466 0.003 0.0002
 0.840416 0.127587 0.0312969 0.00059994 9.999e-05
 0.8084 0.0986 0.0794 0.0134 0.0002
 0.7335 0.1905 0.0724 0.0035 0.0001
 0.4001 0.4547 0.1325 0.0127 0
 0.49795 0.308269 0.164784 0.0264974 0.00249975
 0.9179 0.0499 0.0305 0.0017 0
 0.2467 0.6533 0.0926 0.0074 0
 0.9418 0.0223 0.034 0.0019 0
 0.707729 0.231977 0.0356964 0.0245975 0
 0.517169 0.277429 0.184464 0.0207286 0.00020938
 0.811772 0.124168 0.05621 0.00726502 0.000585176
 0.764997 0.148141 0.077277 0.00933861 0.000247198
 0.163321 0.427699 0.378323 0.0303852 0.000271297
 0.753843 0.0900009 0.118128 0.0371064 0.000921714
 0.721811 0.176058 0.0630433 0.0369309 0.00215725
 0.143369 0.312575 0.442814 0.0836902 0.0175525
 0.692698 0.0596174 0.167031 0.0765114 0.00414204
 0.394062 0.376323 0.152708 0.0712218 0.00568511
 0.125707 0.32114 0.495352 0.0537591 0.00404204
 0.23352 0.215282 0.420074 0.123614 0.00750983
 0.774587 0.0839891 0.0768558 0.0609784 0.00358967
pf_pred 
 0.0491098 0.301599 0.552068 0.0972218 8.85356e-07
 0.752085 0.0201764 0.0722332 0.132221 0.0232849
 0.204628 0.673705 0.00990183 0.0354493 0.0763162
 0.693781 0.0979648 0.176398 0.00259262 0.0292638
 0.341775 0.557559 0.0322049 0.0579888 0.0104725
 0.997451 0.00161458 0.000791365 4.57096e-05 9.71698e-05
 0.0469787 0.95165 0.000868483 0.000425676 7.6855e-05
 0.0590602 0.081646 0.858058 0.00078307 0.000453109
 0.299503 0.0677493 0.0549039 0.577012 0.000831285
 0.994942 0.00321541 0.000178166 0.000144386 0.0015196
 0.817869 0.181758 0.000237099 1.31376e-05 0.0001227
 0.797813 0.178943 0.0231957 3.02582e-05 1.73353e-05
 0.627427 0.329833 0.0378268 0.00490333 1.00608e-05
 0.644935 0.271605 0.0738866 0.00847365 0.00110066
 0.749013 0.203048 0.0366707 0.0099758 0.00129268
 0.969193 0.026827 0.00321945 0.000581437 0.000178669
 0.0766422 0.908008 0.0133672 0.00160416 0.00037874
 0.952505 0.00612569 0.0406817 0.000598893 8.88406e-05
 0.364248 0.617983 0.00229177 0.01522 0.000257298
 0.273011 0.366094 0.350808 0.00130096 0.00878595
 0.844794 0.0633893 0.0462365 0.0443059 0.00127394
 0.729174 0.24562 0.0102947 0.00750897 0.00740233
 0.0574599 0.781374 0.146166 0.00612624 0.00887356
 0.79467 0.019627 0.15395 0.0287983 0.00295533
 0.494432 0.439515 0.00631376 0.0495238 0.0102148
 0.218543 0.489896 0.253469 0.00364116 0.0344513
 0.816351 0.0597762 0.0776562 0.0401789 0.00603826
 0.71529 0.252198 0.0105825 0.0137479 0.00818206
 0.0982218 0.730449 0.151764 0.00636821 0.0131967
 0.123677 0.135849 0.599791 0.124618 0.0160653
 0.878717 0.0242037 0.0150494 0.0664451 0.0155849
pobs_RECLAS
 0 0 0 0 0
 0 0 0 0 0
 0 0 0 0 0
 0 0 0 0 0
 0 0 0 0 0
 0 0 0 0 0
 0 0 0 0 0
 0 0 0 0 0
 0 0 0 0 0
 0 0 0 0 0
 0.991045 0.00858322 0.000360255 1.14367e-05 0
 0.934742 0.0480273 0.0164251 0.00080598 0
 0.827803 0.169806 0.00239088 0 0
 0.941827 0.0461693 0.0120037 0 0
 0.791401 0.0380133 0.147996 0.0225897 0
 0.846168 0.0940531 0.0597789 0 0
 0.134021 0.677848 0.182769 0.00536245 0
 0.80878 0.0450904 0.141981 0.00414843 0
 0.846168 0.0940531 0.0597789 0 0
 0.905697 0.0802665 0.012482 0.00150086 5.37128e-05
 0.989698 0.0102097 9.19794e-05 0 0
 0.975433 0.0193895 0.00387452 0.00125025 5.28907e-05
 0.303575 0.632131 0.0575291 0.00676475 0
 0.966965 0.00978017 0.0227588 0.000495775 0
 0.843318 0.132988 0.00938335 0.0141283 0.000182051
 0.564624 0.303363 0.111486 0.0197234 0.00080311
 0.826376 0.0876187 0.0782897 0.00655872 0.00115652
 0.89761 0.0855135 0.0140674 0.00269457 0.000114338
 0.34875 0.467042 0.161289 0.0227151 0.000203297
 0.318654 0.224769 0.449479 0.00709798 0
 0.937255 0.0296025 0.0250945 0.00804832 0
ppred_RECLAS
 0.0778084 0.292497 0.535406 0.0942876 8.58635e-07
 0.833884 0.0135192 0.0483999 0.0885944 0.015602
 0.298683 0.594037 0.00873091 0.0312573 0.0672916
 0.803218 0.0629539 0.113356 0.00166606 0.0188054
 0.512335 0.413084 0.0238599 0.0429627 0.00775883
 0.998449 0.000982792 0.000481704 2.78234e-05 5.91472e-05
 0.0763365 0.922335 0.000841729 0.000412563 7.44875e-05
 0.0929181 0.0787081 0.827182 0.000754892 0.000436804
 0.48505 0.0498039 0.040361 0.424174 0.000611094
 0.997199 0.00178062 9.86644e-05 7.99574e-05 0.000841522
 0.880029 0.119725 0.000156179 8.65386e-06 8.08231e-05
 0.869118 0.115836 0.0150153 1.95871e-05 1.12217e-05
 0.738578 0.231433 0.0265417 0.0034405 7.0593e-06
 0.763087 0.181225 0.0492999 0.00565393 0.0007344
 0.839688 0.129692 0.0234226 0.00637182 0.000825667
 0.981281 0.0163009 0.00195624 0.000353299 0.000108565
 0.120232 0.865142 0.0127361 0.00152843 0.00036086
 0.970441 0.00381235 0.0253185 0.000372724 5.52904e-05
 0.485025 0.500582 0.00185639 0.0123286 0.000208418
 0.383641 0.310384 0.297423 0.00110299 0.00744894
 0.899685 0.0409707 0.0298842 0.0286364 0.000823393
 0.81624 0.166657 0.00698508 0.00509495 0.00502259
 0.0907389 0.753786 0.141005 0.00590994 0.00856025
 0.863488 0.0130488 0.102352 0.0191463 0.00196482
 0.615113 0.334602 0.00480665 0.0377023 0.00777646
 0.313838 0.430155 0.22256 0.00319714 0.0302501
 0.879313 0.0392827 0.0510327 0.026404 0.00396811
 0.803779 0.173813 0.0072934 0.00947496 0.00563903
 0.150641 0.687989 0.142943 0.00599803 0.0124296
 0.188243 0.12584 0.555599 0.115436 0.0148816
 0.922979 0.0153705 0.00955714 0.0421959 0.00989721
pobs_PELACES
 0 0 0 0 0
 0 0 0 0 0
 0 0 0 0 0
 0 0 0 0 0
 0 0 0 0 0
 0 0 0 0 0
 0 0 0 0 0
 0 0 0 0 0
 0 0 0 0 0
 0 0 0 0 0
 0 0 0 0 0
 0 0 0 0 0
 0 0 0 0 0
 0 0 0 0 0
 0 0 0 0 0
 0 0 0 0 0
 0.505614 0.472636 0.0217494 0 0
 0 0 0 0 0
 0.443492 0.261883 0.143347 0.151278 0
 0.227955 0.32914 0.350689 0.0885471 0.00366901
 0.970185 0.0296113 0.000203453 0 0
 0.997202 0.00247181 0.000326279 0 0
 0.445219 0.490057 0.0546422 0.010081 0
 0.90214 0.0892962 0.00764917 0.000914606 0
 0 0 0 0 0
 0.581667 0.319106 0.0959925 0.00289975 0.000334073
 0.762889 0.0836404 0.116647 0.0363945 0.000428098
 0.88444 0.0763242 0.0277011 0.0115352 0
 0.521256 0.241999 0.230069 0.00667565 0
 0.616807 0.101726 0.260614 0.0208532 0
 0.833518 0.0704572 0.0857862 0.0102388 0
ppred_PELACES
 0.0801521 0.291753 0.534046 0.094048 8.56453e-07
 0.84266 0.0128051 0.0458431 0.0839144 0.0147779
 0.312608 0.582243 0.00855756 0.0306367 0.0659555
 0.833131 0.0533843 0.0961251 0.00141281 0.0159468
 0.593356 0.344453 0.0198958 0.0358248 0.00646976
 0.998524 0.000935001 0.00045828 2.64704e-05 5.6271e-05
 0.0830857 0.915595 0.000835579 0.000409549 7.39432e-05
 0.0954095 0.0784919 0.82491 0.000752819 0.000435605
 0.585962 0.0400442 0.0324517 0.341051 0.000491342
 0.997722 0.00144812 8.02405e-05 6.50268e-05 0.000684383
 0.883357 0.116404 0.000151846 8.41378e-06 7.85808e-05
 0.879992 0.106212 0.0137678 1.79597e-05 1.02894e-05
 0.756189 0.215842 0.0247537 0.00320872 6.58373e-06
 0.794196 0.157428 0.0428263 0.00491152 0.000637966
 0.860859 0.112564 0.0203293 0.00553032 0.000716625
 0.982691 0.0150732 0.0018089 0.000326691 0.000100388
 0.125943 0.859526 0.0126535 0.00151851 0.000358518
 0.971513 0.00367412 0.0244004 0.000359209 5.32856e-05
 0.497267 0.488682 0.00181226 0.0120355 0.000203463
 0.399937 0.302177 0.28956 0.00107382 0.007252
 0.904521 0.0389958 0.0284437 0.0272561 0.000783704
 0.824748 0.158941 0.00666167 0.00485905 0.00479004
 0.0939134 0.751154 0.140513 0.00588931 0.00853036
 0.867381 0.0126767 0.0994329 0.0186002 0.00190878
 0.622908 0.327825 0.00470929 0.0369387 0.00761896
 0.321503 0.425349 0.220074 0.00316142 0.0299122
 0.883632 0.0378766 0.049206 0.0254589 0.00382608
 0.807908 0.170156 0.00713993 0.00927559 0.00552037
 0.153521 0.685656 0.142458 0.0059777 0.0123875
 0.195658 0.124691 0.550524 0.114382 0.0147457
 0.927388 0.0144907 0.00901007 0.0397806 0.00933067
pobs_pel_tallas
 0 0 0 0 0 0 0 0 0 0 0 0 0 0 0 0 0 0 0 0 0 0 0 0 0 0
 0 0 0 0 0 0 0 0 0 0 0 0 0 0 0 0 0 0 0 0 0 0 0 0 0 0
 0 0 0 0 0 0 0 0 0 0 0 0 0 0 0 0 0 0 0 0 0 0 0 0 0 0
 0 0 0 0 0 0 0 0 0 0 0 0 0 0 0 0 0 0 0 0 0 0 0 0 0 0
 0 0 0 0 0 0 0 0 0 0 0 0 0 0 0 0 0 0 0 0 0 0 0 0 0 0
 0 0 0 0 0 0 0 0 0 0 0 0 0 0 0 0 0 0 0 0 0 0 0 0 0 0
 0 0 0 0 0 0 0 0 0 0 0 0 0 0 0 0 0 0 0 0 0 0 0 0 0 0
 0 0 0 0 0 0 0 0 0 0 0 0 0 0 0 0 0 0 0 0 0 0 0 0 0 0
 0 0 0 0 0 0 0 0 0 0 0 0 0 0 0 0 0 0 0 0 0 0 0 0 0 0
 0 0 0 0 0 0 0 0 0 0 0 0 0 0 0 0 0 0 0 0 0 0 0 0 0 0
 0 0 0 0 0 0 0 0 0 0 0 0 0 0 0 0 0 0 0 0 0 0 0 0 0 0
 0 0 0 0 0 0 0 0 0 0 0 0 0 0 0 0 0 0 0 0 0 0 0 0 0 0
 0.00862536 0 0 0.000197151 0.00414017 0.0128641 0.00837892 0.0270097 0.101434 0.158115 0.152841 0.127902 0.109271 0.109419 0.0830992 0.0579132 0.0238553 0.00714673 0.00463305 0.00128148 0.00103504 0.000492878 0.000147863 0.000147863 4.92878e-05 0
 0 0 0 0 0 0 0 0 0 0 0 0 0 0 0 0 0 0 0 0 0 0 0 0 0 0
 0 0 0 0 0 0 0 0.0054083 0.00873648 0.0413646 0.0450493 0.0745869 0.0622846 0.0627006 0.0613931 0.0827291 0.12552 0.122667 0.0946155 0.0697135 0.0546179 0.0294188 0.0215738 0.0213955 0.0102223 0.00600262
 0 0 0 0 0.00359764 0.0251062 0.0480494 0.140153 0.205849 0.193036 0.1447 0.116669 0.0760912 0.0342217 0.00950174 0.001854 0.000860785 0 0 0 0.000165536 0 0.000143464 0 0 0
 0 0 0 0 0 0 0 0.000145254 0.000435761 0.0275982 0.070085 0.0708112 0.156366 0.174668 0.174014 0.160142 0.0824315 0.0480064 0.0283245 0.00493863 0.00203355 0 0 0 0 0
 0 0 0 0 0 0 0 0 0 0 0 0 0 0 0 0 0 0 0 0 0 0 0 0 0 0
 0 0 1.00437e-05 0.000401748 0.00122533 0.00171747 0.00176769 0.0269171 0.070346 0.194647 0.189555 0.159765 0.064822 0.0314167 0.0384472 0.0292271 0.0345202 0.0313363 0.0194345 0.0106764 0.0143323 0.0359363 0.0279516 0.0138201 0.00172751 0
 0 0.0021121 0.0136068 0.0755702 0.200478 0.177729 0.0527432 0.0373336 0.0318909 0.0142505 0.0149659 0.0166563 0.0217959 0.0798694 0.0677717 0.0528807 0.04013 0.0224614 0.0357745 0.0225083 0.00881397 0.00855152 0.00135912 0.000746735 0 0
 0 0 0 0 5.4009e-05 0.00500934 0.000945158 0.0243581 0.138947 0.33067 0.221406 0.137944 0.0707744 0.0437923 0.0131692 0.00525238 0.0047753 0.00276346 9.45158e-05 9.00151e-06 2.25038e-05 9.00151e-06 4.50075e-06 0 0 0
 0.000866109 0.00284123 0.00948549 0.0512746 0.133035 0.25785 0.225252 0.132002 0.0553304 0.0519788 0.0540692 0.017754 0.00435017 0.00159236 0.00146478 0.000404838 0.000125132 0.000115318 0.000107957 0.000100596 0 0 0 0 0 0
 0 0 0 0 0.00144013 0.00171154 0.00461396 0.0210425 0.0478622 0.0707936 0.0888783 0.103762 0.0637923 0.0337046 0.0602308 0.124433 0.169614 0.0934646 0.0462172 0.0250306 0.0313229 0.00938855 0.002487 0.000210481 0 0
 0 0.00764035 0.051015 0.0998891 0.058973 0.0496711 0.0374665 0.0718981 0.12319 0.153886 0.159021 0.0857701 0.0377988 0.023471 0.0147837 0.00900784 0.00315554 0.000888139 0.00291439 0.00214683 0.00393193 0.00274676 0.000635225 9.99891e-05 0 0
 0 0 0 0 0 0 0 0 0 0 0 0 0 0 0 0 0 0 0 0 0 0 0 0 0 0
 0 0 0 0 0 0 0 0 0 0 0 0 0 0 0 0 0 0 0 0 0 0 0 0 0 0
 0 0 0 0 0 0 0 0 0 0 0 0 0 0 0 0 0 0 0 0 0 0 0 0 0 0
 0 0 0 0 0 0 0 0 0 0 0 0 0 0 0 0 0 0 0 0 0 0 0 0 0 0
 0 0 0 0 0 0 0 0 0 0 0 0 0 0 0 0 0 0 0 0 0 0 0 0 0 0
 0 0 0 0 0 0 0 0 0 0 0 0 0 0 0 0 0 0 0 0 0 0 0 0 0 0
 0 0 0 0 0 0 0 0 0 0 0 0 0 0 0 0 0 0 0 0 0 0 0 0 0 0
ppred_pel_tallas
 1.24918e-16 6.60209e-06 6.41747e-05 0.000426465 0.00193866 0.00603206 0.012853 0.0187654 0.0187943 0.0129946 0.00650991 0.003329 0.00395461 0.0078927 0.0152456 0.026163 0.03995 0.0549628 0.0693817 0.0821662 0.0932246 0.102549 0.109187 0.111202 0.106788 0.0956186
 1.12243e-16 6.94088e-05 0.000674678 0.00448347 0.0203812 0.0634135 0.135109 0.197196 0.197197 0.135116 0.0634359 0.0204472 0.00465453 0.00106632 0.000868374 0.00147529 0.00248337 0.00392663 0.00592723 0.00864333 0.0121859 0.0164743 0.0211147 0.0254055 0.0285115 0.0297389
 1.1463e-16 2.57492e-05 0.000250291 0.00166328 0.00756105 0.0235255 0.0501257 0.0731717 0.0732277 0.0503994 0.0244442 0.0102134 0.00831665 0.0147607 0.0275441 0.0453967 0.0651771 0.0815479 0.089143 0.0856261 0.0732061 0.0572954 0.0433725 0.0344121 0.0303515 0.0292422
 1.05629e-16 6.86239e-05 0.000667049 0.00443277 0.0201508 0.0626965 0.133582 0.194967 0.194973 0.133608 0.0627838 0.0204048 0.00507718 0.00209609 0.002848 0.00477038 0.00726338 0.00996547 0.0125346 0.0147829 0.0167112 0.0183541 0.019588 0.0201054 0.0195962 0.0179733
 1.0535e-16 4.8874e-05 0.000475073 0.00315703 0.0143514 0.0446528 0.0951387 0.138865 0.138898 0.0953007 0.0451967 0.0159222 0.00709831 0.00907404 0.0163662 0.0269453 0.0387372 0.0485732 0.0532768 0.0514304 0.0442536 0.0348152 0.0262146 0.0201276 0.0165548 0.014527
 1.00026e-16 8.22471e-05 0.000799471 0.00531277 0.0241511 0.0751429 0.1601 0.233671 0.233671 0.1601 0.0751444 0.0241554 0.0053236 0.000823212 0.000127573 8.13346e-05 0.000110561 0.000141707 0.00016171 0.000166437 0.000158223 0.000143429 0.00012798 0.000114332 0.000101706 8.83672e-05
 1.00312e-16 6.84385e-06 6.65248e-05 0.000442085 0.00200971 0.00625342 0.0133268 0.0194693 0.0195574 0.0137569 0.00769687 0.00617615 0.0108901 0.0228405 0.0431582 0.0710744 0.101765 0.126668 0.137066 0.128948 0.10548 0.0750429 0.0464621 0.0250714 0.0118352 0.00493616
 1.23975e-16 7.85877e-06 7.63901e-05 0.000507639 0.00230766 0.00718003 0.0152981 0.0223299 0.0223387 0.0153418 0.00733033 0.0027577 0.00169725 0.00287111 0.00589302 0.0112297 0.0196515 0.0319096 0.0484692 0.0690493 0.0919848 0.113846 0.129942 0.135906 0.129638 0.112437
 1.35233e-16 4.82649e-05 0.000469152 0.00311768 0.0141725 0.044096 0.0939513 0.137126 0.13713 0.093971 0.0441628 0.0143679 0.00361793 0.00159527 0.00229328 0.00401313 0.00653179 0.00994567 0.0145539 0.0209059 0.0296242 0.0409364 0.0541434 0.067407 0.0781101 0.0837102
 1.00126e-16 8.21811e-05 0.000798829 0.0053085 0.0241317 0.0750826 0.159971 0.233483 0.233483 0.159972 0.0750849 0.0241383 0.0053251 0.000835064 0.000151025 0.000119699 0.000164764 0.000207962 0.000231917 0.000231733 0.000214033 0.000192938 0.000181692 0.000185808 0.000201696 0.000220096
 1.00049e-16 7.2761e-05 0.000707263 0.00470001 0.0213656 0.0664763 0.141635 0.206723 0.206734 0.14169 0.0666598 0.0218953 0.00602834 0.00360267 0.00555891 0.00904136 0.0129387 0.0161051 0.017428 0.0163973 0.0134155 0.00954804 0.0059167 0.00319934 0.00151837 0.000642502
 1.00429e-16 7.24838e-05 0.000704569 0.00468211 0.0212842 0.0662231 0.141096 0.205935 0.205946 0.141146 0.0663909 0.021769 0.00589898 0.00336036 0.00511435 0.0083349 0.0119862 0.0150423 0.0165077 0.0159178 0.0136077 0.0104809 0.00747097 0.00511685 0.00349468 0.00241805
 1.01093e-16 6.22864e-05 0.000605446 0.0040234 0.0182898 0.0569065 0.121246 0.176967 0.176987 0.121348 0.0572476 0.0192749 0.00649545 0.00600012 0.0103023 0.0169185 0.0243304 0.0305196 0.0334691 0.0322416 0.0275308 0.021189 0.0151268 0.0104408 0.00727041 0.00520773
 1.01877e-16 6.54169e-05 0.000635876 0.00422562 0.0192091 0.0597666 0.12734 0.185859 0.185874 0.127414 0.0600162 0.0199304 0.00603775 0.00459671 0.00760213 0.0125015 0.0180884 0.0229234 0.0255765 0.0253726 0.0227654 0.0189824 0.0152472 0.0121986 0.00984954 0.007922
 1.01292e-16 7.09079e-05 0.00068925 0.00458031 0.0208214 0.0647832 0.138028 0.201458 0.201469 0.138081 0.0649614 0.0213361 0.00587256 0.00351144 0.00543428 0.00888094 0.012808 0.0161512 0.0178758 0.0175031 0.0153856 0.0124535 0.00964426 0.00746304 0.00592928 0.00480868
 1.00106e-16 8.09429e-05 0.000786794 0.00522852 0.0237681 0.0739514 0.157561 0.229966 0.229967 0.157568 0.0739753 0.0238369 0.0054012 0.00116366 0.000796392 0.00118772 0.00170124 0.00213517 0.00234451 0.00226401 0.00194234 0.00150864 0.00109554 0.000778268 0.00056494 0.000425574
 1.00798e-16 1.0374e-05 0.000100839 0.000670113 0.00304629 0.00947857 0.0201982 0.0294971 0.0295798 0.020602 0.010834 0.00695896 0.0104827 0.0214927 0.0405517 0.0667988 0.0956967 0.119228 0.129229 0.121937 0.1003 0.0721269 0.0456207 0.0257121 0.0132649 0.00658311
 1.00751e-16 8.00222e-05 0.000777845 0.00516905 0.0234978 0.0731102 0.155769 0.22735 0.22735 0.155771 0.0731168 0.0235172 0.0052197 0.00089425 0.000318123 0.000443489 0.000733599 0.00113476 0.00164371 0.00224678 0.00290004 0.00351451 0.00396366 0.00412416 0.0039326 0.00342182
 1.01419e-16 4.09593e-05 0.000398139 0.00264578 0.0120274 0.0374218 0.0797329 0.116382 0.116429 0.0799624 0.0381924 0.0142516 0.00822383 0.0125581 0.0230853 0.0379702 0.054391 0.0677666 0.0734661 0.0693738 0.0571965 0.0414015 0.0266598 0.0157446 0.00907703 0.00560075
 1.09769e-16 3.29424e-05 0.000320211 0.00212792 0.00967323 0.0300972 0.0641263 0.0936003 0.0936298 0.0642706 0.0305829 0.011081 0.00567966 0.00813323 0.015045 0.025271 0.0374442 0.0492457 0.0582349 0.0631277 0.0643086 0.0631017 0.0605075 0.0565681 0.0507862 0.043004
 1.03697e-16 7.45042e-05 0.000724207 0.00481261 0.0218774 0.0680688 0.145028 0.211673 0.211677 0.145047 0.0681314 0.0220589 0.0052703 0.00173104 0.00200968 0.00326598 0.00484495 0.00641071 0.00768121 0.00854687 0.00912236 0.00962501 0.0101736 0.0106766 0.0108899 0.0105787
 1.01531e-16 6.79335e-05 0.000660338 0.00438818 0.019948 0.0620658 0.132238 0.193009 0.193024 0.132313 0.0623166 0.0206722 0.00620491 0.00462257 0.00758211 0.0123993 0.0177906 0.0222395 0.0242552 0.0231626 0.0195159 0.0147462 0.0103301 0.0071142 0.00518192 0.0041517
 1.06282e-16 7.73568e-06 7.51936e-05 0.000499692 0.00227157 0.00706809 0.015062 0.0219986 0.022071 0.015416 0.00825687 0.00570575 0.00912206 0.0189047 0.0357881 0.0592022 0.0853934 0.107604 0.118913 0.11607 0.101374 0.0810135 0.0612915 0.0457097 0.0345946 0.026587
 1.05062e-16 7.14451e-05 0.000694471 0.00461501 0.0209792 0.0652739 0.139073 0.202981 0.202983 0.13908 0.0652973 0.0210486 0.00479691 0.00111689 0.000948011 0.00164847 0.00282178 0.00449848 0.00673732 0.00953351 0.0127324 0.0159547 0.0186188 0.020109 0.0200244 0.018362
 1.05214e-16 5.13082e-05 0.000498734 0.00331426 0.0150662 0.0468767 0.0998769 0.14578 0.145811 0.100031 0.0473939 0.0165596 0.00706055 0.00866911 0.0155462 0.025564 0.0366972 0.0459058 0.0501532 0.0480984 0.0409442 0.0316854 0.0233585 0.0176212 0.0144808 0.0129559
 1.11839e-16 2.64819e-05 0.000257414 0.00171061 0.00777619 0.0241948 0.0515512 0.0752491 0.0752903 0.0517528 0.0248726 0.00973705 0.00664452 0.0110675 0.0206718 0.0344323 0.0502946 0.0646949 0.0739601 0.076317 0.0727994 0.0662509 0.0593124 0.0530693 0.0471758 0.0408908
 1.04631e-16 7.27836e-05 0.000707483 0.00470147 0.0213722 0.0664969 0.141679 0.206785 0.206789 0.141697 0.0665584 0.0215509 0.00515378 0.00170768 0.00201027 0.00330848 0.00499647 0.00678855 0.00844566 0.00986776 0.0111215 0.012315 0.0134235 0.0142284 0.0144235 0.0137993
 1.02115e-16 6.65464e-05 0.000646855 0.00429858 0.0195407 0.0607985 0.129538 0.189068 0.189085 0.129618 0.0610671 0.0203161 0.0062439 0.00488989 0.00811439 0.0132826 0.0190669 0.0238544 0.0260578 0.0249639 0.0211735 0.0162198 0.0116729 0.00841575 0.00650412 0.00549611
 1.06983e-16 1.26455e-05 0.000122918 0.000816839 0.00371327 0.0115537 0.0246189 0.0359458 0.036012 0.0249421 0.0126393 0.00684969 0.00869273 0.017326 0.0327134 0.054136 0.0781529 0.0986232 0.109258 0.107102 0.0942357 0.0762431 0.0587825 0.0449497 0.0349712 0.0275865
 1.29886e-16 1.61161e-05 0.000156654 0.00104102 0.00473235 0.0147242 0.0313719 0.0457909 0.0458037 0.0314352 0.0149394 0.00536514 0.00267141 0.00385504 0.00744907 0.0133597 0.0217475 0.0325948 0.0457591 0.0610097 0.0777083 0.094262 0.107947 0.115598 0.114938 0.105723
 1.05833e-16 7.63877e-05 0.000742516 0.00493428 0.0224305 0.0697897 0.148694 0.217024 0.217025 0.148701 0.0698132 0.0224987 0.00510705 0.00112502 0.000819399 0.00127984 0.00195211 0.00271834 0.00353887 0.00445599 0.0055871 0.00703944 0.00879129 0.0106265 0.0121764 0.0130524
pSPR Fmed_Fpbrs
0.451919   0.253634 0.253634
Fs Fmed_Fpbrs
0.516856   1.005 1.005
SSBpbr Bo_Bmed_Bpbrs
1.69046e+06  679428  344236 344236
Ro
67918.9
SPR SPRFo_SPRFmed_SPRFpbrs
485480 219397 123134
Fref
1.005
Nvult_r0
 128846 2515.97 1564.39 6906.95 1620.05
CTP_r0
 30666.6 844.692 525.215 2318.89 543.903
YTP_r0
391088
Np
 151460 47458.6 717.611 446.198 2407.21
Nvult_p0
 121520 41067.8 620.977 386.113 2083.06
CTP_p0
 46558.5 20585.1 311.263 193.538 1044.13
YTP_p0
 730439
CBA_c0
492893
log_Ro
10.9461
likeval ReclasPelacesDesembMPH_pf_preclas_ppelaces_ptallas_desvR_qrecl_qpela
 29.9252 45.2046 0.141047 0.00201426 305.961 128.356 114.447 0 109.653 0 0 0.0919088 0 0 0
q_reclas_q_pelaces
1 1
M
1
N
 10425.7 41153 75329.4 13265.9 0.120806
 183130 3274.95 11724.6 21461.5 3779.5
 22327.3 49047.9 720.886 2580.83 5556.07
 55985.2 5954.15 10721.2 157.576 1778.61
 5783.64 7671.01 443.081 797.822 144.082
 400364 425.054 208.335 12.0335 25.5809
 8300.95 115308 105.231 51.5776 9.31224
 2196.28 1944.59 20436.7 18.6506 10.7918
 3679.89 700.164 567.411 5963.2 8.59101
 75261.3 183.957 10.1931 8.26045 86.9382
 70206.6 10024.6 13.0768 0.724583 6.76727
 142599 22087.2 2863.07 3.7348 2.13972
 89377.6 32259.5 3699.66 479.572 0.983997
 66633.6 20809.4 5660.93 649.221 84.3286
 50840.6 10106.3 1825.22 496.527 64.3406
 440994 8266.48 992.042 179.164 55.055
 14075.7 109739 1615.51 193.874 45.7734
 959942 3994.83 26530.3 390.564 57.9368
 263643 293064 1086.82 7217.74 122.017
 85004.3 76281.5 73096.4 271.076 1830.69
 451963 22362.5 16311.3 15630.3 449.423
 570406 127118 5327.89 3886.19 3830.99
 17967.5 158078 29570.6 1239.39 1795.19
 345313 5489.47 43058.2 8054.6 826.575
 188539 107827 1548.96 12149.7 2506
 40787.7 58982.5 30517.2 438.388 4147.87
 265254 12616.2 16389.9 8480.07 1274.42
 354005 79674.8 3343.25 4343.26 2584.9
 24221 114426 23774.1 997.589 2067.29
 11111.8 7986.32 35260.6 7326.05 944.448
 176304 3233.58 2010.58 8876.97 2082.13
pred_Ctot
 975.503 5990.88 10966.1 1931.19 0.0175864
 32304 866.63 3102.6 5679.22 1000.15
 3985.41 13121.3 192.852 690.424 1486.36
 24006.9 3389.87 6103.89 89.7124 1012.62
 3305.94 5393.19 311.513 560.918 101.299
 56052.9 90.733 44.4717 2.5687 5.46057
 1976.65 40041.1 36.5418 17.9105 3.23371
 187.415 259.087 2722.87 2.48491 1.43785
 2329.04 526.842 426.952 4487.04 6.46435
 32876.1 106.248 5.88719 4.77097 50.2127
 6509.65 1446.67 1.88714 0.104566 0.9766
 36098 8096.5 1049.52 1.36907 0.784357
 21522.1 11314 1297.54 168.195 0.345106
 26556 11183.6 3042.37 348.913 45.3209
 19136.5 5187.67 936.9 254.872 33.0266
 93100.8 2577 309.261 55.8529 17.1629
 2076.7 24603.5 362.198 43.4666 10.2624
 104815 674.081 4476.68 65.9031 9.77617
 36283.8 61559.2 228.29 1516.11 25.6302
 15730.1 21093.4 20212.6 74.9579 506.223
 68756 5159.12 3763.08 3605.96 103.683
 91014.4 30658 1284.97 937.26 923.948
 1954.58 26579.6 4972.05 208.393 301.847
 33447.2 826.09 6479.67 1212.11 124.388
 18068.3 16061.5 230.727 1809.78 373.284
 4163 9331.99 4828.32 69.3601 656.261
 31281.4 2290.54 2975.67 1539.6 231.377
 27446.7 9677.17 406.065 527.525 313.957
 1602.09 11914.3 2475.42 103.872 215.251
 1496.06 1643.31 7255.42 1507.45 194.335
 30666.6 844.692 525.215 2318.89 543.903
F
 0.15797 0.25561 0.25561 0.25561 0.25561
 0.317397 0.513578 0.513578 0.513578 0.513578
 0.321722 0.520576 0.520576 0.520576 0.520576
 0.98764 1.59809 1.59809 1.59809 1.59809
 1.61057 2.60606 2.60606 2.60606 2.60606
 0.244769 0.396059 0.396059 0.396059 0.396059
 0.451319 0.730276 0.730276 0.730276 0.730276
 0.143207 0.231722 0.231722 0.231722 0.231722
 1.99593 3.22961 3.22961 3.22961 3.22961
 1.01593 1.64387 1.64387 1.64387 1.64387
 0.156445 0.253143 0.253143 0.253143 0.253143
 0.486224 0.786756 0.786756 0.786756 0.786756
 0.457466 0.740223 0.740223 0.740223 0.740223
 0.886046 1.4337 1.4337 1.4337 1.4337
 0.816488 1.32115 1.32115 1.32115 1.32115
 0.390926 0.632555 0.632555 0.632555 0.632555
 0.259452 0.419817 0.419817 0.419817 0.419817
 0.186483 0.301747 0.301747 0.301747 0.301747
 0.240166 0.388611 0.388611 0.388611 0.388611
 0.335315 0.54257 0.54257 0.54257 0.54257
 0.268484 0.434432 0.434432 0.434432 0.434432
 0.283258 0.458338 0.458338 0.458338 0.458338
 0.185735 0.300537 0.300537 0.300537 0.300537
 0.163926 0.265247 0.265247 0.265247 0.265247
 0.162065 0.262236 0.262236 0.262236 0.262236
 0.173397 0.280572 0.280572 0.280572 0.280572
 0.202734 0.328042 0.328042 0.328042 0.328042
 0.129384 0.209356 0.209356 0.209356 0.209356
 0.109488 0.177162 0.177162 0.177162 0.177162
 0.234415 0.379305 0.379305 0.379305 0.379305
 0.312354 0.505418 0.505418 0.505418 0.505418
YTP_r0W_actual
 260666 13768.5 15178.7 80697.3 20777.1
YTP_p0W_proyectada
 350120 331832 7277.32 5709.37 35500.3
CTP_r0_actual
 30666.6 844.692 525.215 2318.89 543.903
CTP_p0_proyectada
 46558.5 20585.1 311.263 193.538 1044.13
Wmedp
 7.52 16.12 23.38 29.5 34
Frms_r0
 0.312354 0.505418 0.505418 0.505418 0.505418
Zrms_r0
 1.31235 1.50542 1.50542 1.50542 1.50542
nmprior
 8.19 8.8 8.5 0
nm_flota  nm_reclas  nm_pelaces    nm_pelaL
inf 8.16674 6.00372 10.2789
cv_recla  cv_pelaces  cv_mph
0.494816 0.762366 1.38504
 ------------------------------------------------
Talla a la edad & desviaci?n 
 8 13.2811 15.8009 17.003 17.5766
 0.8 1.32811 1.58009 1.7003 1.75766
