years
 1991 1992 1993 1994 1995 1996 1997 1998 1999 2000 2001 2002 2003 2004 2005 2006 2007 2008 2009 2010 2011 2012 2013 2014 2015 2016 2017 2018 2019 2020 2021
reclasobs
 0 0 0 0 0 0 0 0 0 252601 567819 844713 477998 351125 339783 2.1784e+06 2.13404e+06 4.81314e+06 1.55562e+06 2.62356e+06 3.21686e+06 3.843e+06 1.13348e+06 3.07943e+06 1.97215e+06 2.03268e+06 2.025e+06 2.42433e+06 2.27542e+06 1.05018e+06 2.36338e+06
reclaspred
 1.95164e+06 918512 455708 66530.4 88804.9 477462 217417 31591.2 123446 114435 359186 573882 387530 172773 265661 710329 1.12169e+06 1.41968e+06 1.7879e+06 1.33127e+06 2.0469e+06 1.68176e+06 1.33822e+06 1.90398e+06 1.65954e+06 1.13553e+06 1.38542e+06 1.87959e+06 2.11927e+06 976674 970869
pelacesobs
 0 0 0 0 0 0 0 0 0 0 0 0 0 0 0 552880 188675 0 991730 2.46772e+06 1.41603e+06 1.21717e+06 2.29649e+06 1.80582e+06 0 1.4828e+06 1.56532e+06 1.57751e+06 1.42118e+06 867257 1.10002e+06
pelacespred
 932091 443779 208239 12549.8 29200.3 197927 59058.2 9804.06 46870.8 40168.9 163364 224625 161513 66046.9 123309 282196 447023 595021 859941 620938 854308 776554 610338 956455 839120 557611 765880 1.03345e+06 960452 529199 491877
mphobs
 0 0 0 0 0 0 0 0 0 0 0 498337 0 5186 125008 0 168611 109162 213762 579715 649985 157893 87575 83554 0 0 0 0 0 0 0
mphpred
 2.12817e+06 988544 548681 165105 10102 101879 387530 49626.9 8320.21 98910.9 64251.8 479238 370882 173844 80126.2 234474 805311 926577 983013 1.54093e+06 991745 1.56446e+06 1.24026e+06 917934 1.70642e+06 1.1013e+06 704997 1.17334e+06 2.00953e+06 1.19152e+06 519811
desembarqueobs
 494567 514787 250237 358949 120608 361735 552515 73892 212993 205616 52469 317467 293654 387597 252695 516296 358380 742168 942051 627588 828172 859565 418607 520667 417249 300574 415391 372974 316634 284311 391294
desembarquepred
 494713 514312 250742 357719 120539 362045 552279 74001.7 212768 205441 52456.4 316882 293143 386130 252963 516003 358889 741993 940398 626959 829491 859595 418611 520475 417218 300919 415221 372718 316362 283977 390547
Reclutas
 7608.31 166522 27252.3 7116.87 81672.8 230061 6967.5 2100.84 54108.9 40378.2 185228 91135.4 64301.1 59656.4 98385 414653 139217 344191 754661 63474.8 504248 429947 90053.5 397955 169615 68356.4 349270 403159 40802.5 22152.1 246664
log_desv_Rt
 -2.45734 0.628545 -1.18145 -2.52412 -0.0838636 0.95176 -2.54533 -3.74425 -0.495587 -0.788295 0.735005 0.0257618 -0.323008 -0.397983 0.102303 1.54086 0.449448 1.35461 2.13968 -0.335942 1.73648 1.57708 0.0138187 1.49975 0.646945 -0.261849 1.36926 1.51275 -0.777842 -1.38865 1.02144
SSB
 2.12817e+06 988544 548681 165105 10102 101879 387530 49626.9 8320.21 98910.9 64251.8 479238 370882 173844 80126.2 234474 805311 926577 983013 1.54093e+06 991745 1.56446e+06 1.24026e+06 917934 1.70642e+06 1.1013e+06 704997 1.17334e+06 2.00953e+06 1.19152e+06 519811
BT
 2.61264e+06 1.74224e+06 741379 336143 218576 1.14593e+06 630012 96834.1 402023 328835 725398 892352 736077 647179 767174 1.55017e+06 1.56224e+06 2.5858e+06 4.03949e+06 2.10958e+06 3.70725e+06 3.05453e+06 1.98451e+06 3.98787e+06 2.55464e+06 1.75505e+06 3.27553e+06 3.91854e+06 2.53461e+06 1.56905e+06 2.1772e+06
Ftot
 0.23801 0.513116 0.50238 3.01916 1.21318 0.69721 1.85482 1.76946 1.51336 1.48199 0.139171 0.506165 0.680553 1.78268 0.865508 0.668324 0.299646 0.482469 0.487913 0.433561 0.378269 0.471176 0.292642 0.257931 0.236459 0.248955 0.282424 0.187943 0.141498 0.272207 0.37653
BD_Bspro_t
 0.962634 0.727455 0.540908 0.25907 0.0267853 0.262997 0.421368 0.0782193 0.0217609 0.223175 0.1988 0.701831 0.522318 0.314296 0.180408 0.379231 0.561038 0.56434 0.542186 0.599108 0.446914 0.553188 0.534641 0.51295 0.680888 0.637091 0.595365 0.72162 0.79875 0.705263 0.561167
BD_Bspro
 3.35219 1.5571 0.864252 0.260065 0.0159121 0.160475 0.610416 0.0781697 0.0131055 0.155799 0.101206 0.75487 0.584194 0.273829 0.126211 0.36933 1.26848 1.45949 1.54839 2.4272 1.56214 2.46425 1.9536 1.44588 2.68786 1.73471 1.11047 1.84817 3.1653 1.87681 0.818778
BD_Bo
 1.22573 0.569356 0.316015 0.0950932 0.00581828 0.0586778 0.223199 0.0285829 0.00479206 0.0569682 0.0370061 0.276019 0.213611 0.100126 0.0461491 0.135046 0.463822 0.533666 0.566171 0.887508 0.5712 0.901057 0.714336 0.528688 0.982819 0.634301 0.406046 0.675788 1.1574 0.686259 0.299387
BD_Brms
 5.20321 2.41691 1.34148 0.403668 0.0246985 0.249086 0.947477 0.121334 0.0203422 0.241829 0.15709 1.1717 0.906775 0.425033 0.195902 0.573268 1.96892 2.2654 2.40338 3.76745 2.42473 3.82497 3.03234 2.24427 4.17205 2.69259 1.72366 2.8687 4.91313 2.91316 1.27089
Sel_flota
 0.5 1 1 1 1
 0.5 1 1 1 1
 0.5 1 1 1 1
 0.5 1 1 1 1
 0.5 1 1 1 1
 0.5 1 1 1 1
 0.5 1 1 1 1
 0.5 1 1 1 1
 0.5 1 1 1 1
 0.5 1 1 1 1
 0.5 1 1 1 1
 0.5 1 1 1 1
 0.5 1 1 1 1
 0.5 1 1 1 1
 0.5 1 1 1 1
 0.5 1 1 1 1
 0.5 1 1 1 1
 0.5 1 1 1 1
 0.5 1 1 1 1
 0.5 1 1 1 1
 0.5 1 1 1 1
 0.5 1 1 1 1
 0.5 1 1 1 1
 0.5 1 1 1 1
 0.5 1 1 1 1
 0.5 1 1 1 1
 0.5 1 1 1 1
 0.5 1 1 1 1
 0.5 1 1 1 1
 0.5 1 1 1 1
 0.5 1 1 1 1
Sel_reclas
 0.5 1 1 1 1
 0.5 1 1 1 1
 0.5 1 1 1 1
 0.5 1 1 1 1
 0.5 1 1 1 1
 0.5 1 1 1 1
 0.5 1 1 1 1
 0.5 1 1 1 1
 0.5 1 1 1 1
 0.5 1 1 1 1
 0.5 1 1 1 1
 0.5 1 1 1 1
 0.5 1 1 1 1
 0.5 1 1 1 1
 0.5 1 1 1 1
 0.5 1 1 1 1
 0.5 1 1 1 1
 0.5 1 1 1 1
 0.5 1 1 1 1
 0.5 1 1 1 1
 0.5 1 1 1 1
 0.5 1 1 1 1
 0.5 1 1 1 1
 0.5 1 1 1 1
 0.5 1 1 1 1
 0.5 1 1 1 1
 0.5 1 1 1 1
 0.5 1 1 1 1
 0.5 1 1 1 1
 0.5 1 1 1 1
 0.5 1 1 1 1
Sel_pelaces
 0.5 1 1 1 1
 0.5 1 1 1 1
 0.5 1 1 1 1
 0.5 1 1 1 1
 0.5 1 1 1 1
 0.5 1 1 1 1
 0.5 1 1 1 1
 0.5 1 1 1 1
 0.5 1 1 1 1
 0.5 1 1 1 1
 0.5 1 1 1 1
 0.5 1 1 1 1
 0.5 1 1 1 1
 0.5 1 1 1 1
 0.5 1 1 1 1
 0.5 1 1 1 1
 0.5 1 1 1 1
 0.5 1 1 1 1
 0.5 1 1 1 1
 0.5 1 1 1 1
 0.5 1 1 1 1
 0.5 1 1 1 1
 0.5 1 1 1 1
 0.5 1 1 1 1
 0.5 1 1 1 1
 0.5 1 1 1 1
 0.5 1 1 1 1
 0.5 1 1 1 1
 0.5 1 1 1 1
 0.5 1 1 1 1
 0.5 1 1 1 1
pf_obs 
 0.8446 0.082 0.0669 0.0065 0
 0.8095 0.147 0.0364 0.0071 0
 0.9664 0.0169 0.016 0.0007 0
 0.9276 0.0648 0.0075 0.0001 0
 0.7033 0.2144 0.0806 0.0017 0
 0.9318 0.0425 0.0243 0.0014 0
 0.5671 0.3108 0.0964 0.0239 0.0018
 0.0768 0.2599 0.5324 0.112 0.0189
 0.490249 0.384438 0.106611 0.0170017 0.00170017
 0.7925 0.1577 0.0466 0.003 0.0002
 0.840416 0.127587 0.0312969 0.00059994 9.999e-05
 0.8084 0.0986 0.0794 0.0134 0.0002
 0.7335 0.1905 0.0724 0.0035 0.0001
 0.4001 0.4547 0.1325 0.0127 0
 0.49795 0.308269 0.164784 0.0264974 0.00249975
 0.9179 0.0499 0.0305 0.0017 0
 0.2467 0.6533 0.0926 0.0074 0
 0.9418 0.0223 0.034 0.0019 0
 0.707729 0.231977 0.0356964 0.0245975 0
 0.517169 0.277429 0.184464 0.0207286 0.00020938
 0.811772 0.124168 0.05621 0.00726502 0.000585176
 0.764997 0.148141 0.077277 0.00933861 0.000247198
 0.163321 0.427699 0.378323 0.0303852 0.000271297
 0.753843 0.0900009 0.118128 0.0371064 0.000921714
 0.721811 0.176058 0.0630433 0.0369309 0.00215725
 0.143369 0.312575 0.442814 0.0836902 0.0175525
 0.692698 0.0596174 0.167031 0.0765114 0.00414204
 0.394062 0.376323 0.152708 0.0712218 0.00568511
 0.125707 0.32114 0.495352 0.0537591 0.00404204
 0.23352 0.215282 0.420074 0.123614 0.00750983
 0.774587 0.0839891 0.0768558 0.0609784 0.00358967
pf_pred 
 0.0228399 0.727253 0.0237937 0.22607 4.32945e-05
 0.638832 0.0172586 0.255955 0.00837414 0.0795801
 0.203374 0.641606 0.00740772 0.109861 0.0377516
 0.203256 0.297319 0.402239 0.00464409 0.092542
 0.981454 0.0112468 0.00272369 0.00368485 0.000890306
 0.888392 0.110902 0.000428365 0.000103739 0.000174257
 0.0693895 0.885818 0.044509 0.000171919 0.00011157
 0.231905 0.168358 0.570871 0.0286841 0.000182696
 0.982823 0.0089981 0.00179283 0.00607916 0.0003074
 0.733929 0.264673 0.000732292 0.000145906 0.000519757
 0.923759 0.0686339 0.00756716 2.09366e-05 1.90317e-05
 0.432094 0.54627 0.019477 0.00214741 1.13422e-05
 0.473392 0.336934 0.182448 0.00650507 0.000720997
 0.619375 0.262461 0.0756042 0.0409392 0.00162145
 0.845903 0.131954 0.0152688 0.00439833 0.002476
 0.903605 0.0901475 0.00534986 0.00061905 0.000278708
 0.393448 0.581351 0.0235679 0.00139865 0.000234707
 0.715566 0.166864 0.112686 0.00456826 0.0003166
 0.780721 0.18717 0.0188365 0.0127206 0.00055143
 0.124127 0.781329 0.0806997 0.00812148 0.00572232
 0.779314 0.0539191 0.148766 0.0153653 0.00263587
 0.5768 0.375743 0.0115949 0.031991 0.00387102
 0.224763 0.588288 0.165985 0.00512207 0.0158421
 0.739495 0.100978 0.121056 0.034156 0.00431396
 0.372785 0.53927 0.0340897 0.0408679 0.0129872
 0.266515 0.41114 0.277147 0.0175197 0.0276778
 0.785164 0.094327 0.067549 0.0455344 0.0074258
 0.625127 0.333007 0.0183819 0.0131635 0.0103206
 0.108086 0.694862 0.175045 0.00966241 0.0123444
 0.144386 0.172602 0.532113 0.134047 0.0168524
 0.833527 0.0446149 0.0245823 0.0757846 0.0214913
pobs_RECLAS
 0 0 0 0 0
 0 0 0 0 0
 0 0 0 0 0
 0 0 0 0 0
 0 0 0 0 0
 0 0 0 0 0
 0 0 0 0 0
 0 0 0 0 0
 0 0 0 0 0
 0 0 0 0 0
 0.991045 0.00858322 0.000360255 1.14367e-05 0
 0.934742 0.0480273 0.0164251 0.00080598 0
 0.827803 0.169806 0.00239088 0 0
 0.941827 0.0461693 0.0120037 0 0
 0.791401 0.0380133 0.147996 0.0225897 0
 0.846168 0.0940531 0.0597789 0 0
 0.134021 0.677848 0.182769 0.00536245 0
 0.80878 0.0450904 0.141981 0.00414843 0
 0.846168 0.0940531 0.0597789 0 0
 0.905697 0.0802665 0.012482 0.00150086 5.37128e-05
 0.989698 0.0102097 9.19794e-05 0 0
 0.975433 0.0193895 0.00387452 0.00125025 5.28907e-05
 0.303575 0.632131 0.0575291 0.00676475 0
 0.966965 0.00978017 0.0227588 0.000495775 0
 0.843318 0.132988 0.00938335 0.0141283 0.000182051
 0.564624 0.303363 0.111486 0.0197234 0.00080311
 0.826376 0.0876187 0.0782897 0.00655872 0.00115652
 0.89761 0.0855135 0.0140674 0.00269457 0.000114338
 0.34875 0.467042 0.161289 0.0227151 0.000203297
 0.318654 0.224769 0.449479 0.00709798 0
 0.937255 0.0296025 0.0250945 0.00804832 0
ppred_RECLAS
 0.0230963 0.727062 0.0237874 0.226011 4.32831e-05
 0.645426 0.0169435 0.251282 0.00822125 0.0781272
 0.207939 0.637929 0.00736527 0.109231 0.0375353
 0.265892 0.273945 0.370617 0.004279 0.0852669
 0.983041 0.0102848 0.00249072 0.00336967 0.000814155
 0.892547 0.106773 0.000412419 9.98774e-05 0.00016777
 0.0811179 0.874654 0.0439481 0.000169752 0.000110164
 0.261128 0.161952 0.549151 0.0275928 0.000175746
 0.984813 0.00795553 0.0015851 0.0053748 0.000271783
 0.756955 0.241768 0.000668919 0.000133279 0.000474777
 0.9242 0.068237 0.0075234 2.08156e-05 1.89216e-05
 0.439029 0.5396 0.0192391 0.00212119 1.12037e-05
 0.48369 0.330346 0.17888 0.00637786 0.000706899
 0.656133 0.237114 0.0683028 0.0369855 0.00146486
 0.853175 0.125727 0.0145483 0.00419076 0.00235915
 0.907058 0.0869179 0.00515819 0.000596872 0.000268723
 0.397014 0.577933 0.0234293 0.00139042 0.000233327
 0.720941 0.16371 0.110556 0.00448193 0.000310617
 0.785298 0.183264 0.0184434 0.0124551 0.000539921
 0.126679 0.779053 0.0804646 0.00809782 0.00570565
 0.782683 0.053096 0.146495 0.0151307 0.00259564
 0.583082 0.370166 0.0114228 0.0315161 0.00381356
 0.227302 0.586361 0.165442 0.00510529 0.0157902
 0.741902 0.100046 0.119938 0.0338405 0.0042741
 0.37544 0.536987 0.0339454 0.0406949 0.0129323
 0.268874 0.409818 0.276256 0.0174634 0.0275888
 0.787503 0.0932999 0.0668136 0.0450386 0.00734495
 0.627174 0.331189 0.0182815 0.0130916 0.0102642
 0.108704 0.69438 0.174924 0.00965572 0.0123359
 0.146042 0.172268 0.531083 0.133787 0.0168198
 0.836227 0.0438913 0.0241836 0.0745555 0.0211428
pobs_PELACES
 0 0 0 0 0
 0 0 0 0 0
 0 0 0 0 0
 0 0 0 0 0
 0 0 0 0 0
 0 0 0 0 0
 0 0 0 0 0
 0 0 0 0 0
 0 0 0 0 0
 0 0 0 0 0
 0 0 0 0 0
 0 0 0 0 0
 0 0 0 0 0
 0 0 0 0 0
 0 0 0 0 0
 0 0 0 0 0
 0.505614 0.472636 0.0217494 0 0
 0 0 0 0 0
 0.443492 0.261883 0.143347 0.151278 0
 0.227955 0.32914 0.350689 0.0885471 0.00366901
 0.970185 0.0296113 0.000203453 0 0
 0.997202 0.00247181 0.000326279 0 0
 0.445219 0.490057 0.0546422 0.010081 0
 0.90214 0.0892962 0.00764917 0.000914606 0
 0 0 0 0 0
 0.581667 0.319106 0.0959925 0.00289975 0.000334073
 0.762889 0.0836404 0.116647 0.0363945 0.000428098
 0.88444 0.0763242 0.0277011 0.0115352 0
 0.521256 0.241999 0.230069 0.00667565 0
 0.616807 0.101726 0.260614 0.0208532 0
 0.833518 0.0704572 0.0857862 0.0102388 0
ppred_PELACES
 0.0239991 0.72639 0.0237654 0.225802 4.32431e-05
 0.664554 0.0160294 0.237726 0.00777773 0.0739124
 0.221922 0.626667 0.00723525 0.107303 0.0368727
 0.373459 0.233805 0.316312 0.00365201 0.0727729
 0.986074 0.00844502 0.00204517 0.00276688 0.000668514
 0.903092 0.0962948 0.000371945 9.00756e-05 0.000151306
 0.107053 0.849968 0.0427077 0.000164961 0.000107055
 0.321224 0.14878 0.504486 0.0253485 0.000161451
 0.988129 0.00621847 0.001239 0.00420123 0.00021244
 0.799085 0.199859 0.000552967 0.000110176 0.000392478
 0.925793 0.0668028 0.00736528 2.03781e-05 1.85239e-05
 0.459691 0.519725 0.0185305 0.00204306 1.07911e-05
 0.511754 0.312389 0.169157 0.00603118 0.000668474
 0.71915 0.19366 0.0557857 0.0302076 0.00119641
 0.870178 0.111167 0.0128635 0.00370546 0.00208595
 0.915947 0.0786055 0.00466489 0.00053979 0.000243024
 0.408909 0.566533 0.0229671 0.001363 0.000228724
 0.736672 0.154482 0.104324 0.00422928 0.000293108
 0.79856 0.171944 0.0173041 0.0116858 0.000506571
 0.134807 0.771803 0.0797157 0.00802246 0.00565255
 0.793111 0.050548 0.139465 0.0144046 0.00247108
 0.601851 0.353502 0.0109086 0.0300974 0.00364188
 0.235894 0.579841 0.163602 0.00504853 0.0156146
 0.749967 0.0969193 0.11619 0.032783 0.00414055
 0.384632 0.529084 0.0334458 0.040096 0.0127419
 0.277025 0.405249 0.273176 0.0172687 0.0272812
 0.795197 0.0899219 0.0643945 0.043408 0.00707902
 0.634396 0.324773 0.0179273 0.012838 0.0100654
 0.110987 0.692602 0.174476 0.00963099 0.0123043
 0.151733 0.17112 0.527544 0.132896 0.0167077
 0.844559 0.0416584 0.0229533 0.0707626 0.0200672
pobs_pel_tallas
 0 0 0 0 0 0 0 0 0 0 0 0 0 0 0 0 0 0 0 0 0 0 0 0 0 0
 0 0 0 0 0 0 0 0 0 0 0 0 0 0 0 0 0 0 0 0 0 0 0 0 0 0
 0 0 0 0 0 0 0 0 0 0 0 0 0 0 0 0 0 0 0 0 0 0 0 0 0 0
 0 0 0 0 0 0 0 0 0 0 0 0 0 0 0 0 0 0 0 0 0 0 0 0 0 0
 0 0 0 0 0 0 0 0 0 0 0 0 0 0 0 0 0 0 0 0 0 0 0 0 0 0
 0 0 0 0 0 0 0 0 0 0 0 0 0 0 0 0 0 0 0 0 0 0 0 0 0 0
 0 0 0 0 0 0 0 0 0 0 0 0 0 0 0 0 0 0 0 0 0 0 0 0 0 0
 0 0 0 0 0 0 0 0 0 0 0 0 0 0 0 0 0 0 0 0 0 0 0 0 0 0
 0 0 0 0 0 0 0 0 0 0 0 0 0 0 0 0 0 0 0 0 0 0 0 0 0 0
 0 0 0 0 0 0 0 0 0 0 0 0 0 0 0 0 0 0 0 0 0 0 0 0 0 0
 0 0 0 0 0 0 0 0 0 0 0 0 0 0 0 0 0 0 0 0 0 0 0 0 0 0
 0 0 0 0 0 0 0 0 0 0 0 0 0 0 0 0 0 0 0 0 0 0 0 0 0 0
 0.00862536 0 0 0.000197151 0.00414017 0.0128641 0.00837892 0.0270097 0.101434 0.158115 0.152841 0.127902 0.109271 0.109419 0.0830992 0.0579132 0.0238553 0.00714673 0.00463305 0.00128148 0.00103504 0.000492878 0.000147863 0.000147863 4.92878e-05 0
 0 0 0 0 0 0 0 0 0 0 0 0 0 0 0 0 0 0 0 0 0 0 0 0 0 0
 0 0 0 0 0 0 0 0.0054083 0.00873648 0.0413646 0.0450493 0.0745869 0.0622846 0.0627006 0.0613931 0.0827291 0.12552 0.122667 0.0946155 0.0697135 0.0546179 0.0294188 0.0215738 0.0213955 0.0102223 0.00600262
 0 0 0 0 0.00359764 0.0251062 0.0480494 0.140153 0.205849 0.193036 0.1447 0.116669 0.0760912 0.0342217 0.00950174 0.001854 0.000860785 0 0 0 0.000165536 0 0.000143464 0 0 0
 0 0 0 0 0 0 0 0.000145254 0.000435761 0.0275982 0.070085 0.0708112 0.156366 0.174668 0.174014 0.160142 0.0824315 0.0480064 0.0283245 0.00493863 0.00203355 0 0 0 0 0
 0 0 0 0 0 0 0 0 0 0 0 0 0 0 0 0 0 0 0 0 0 0 0 0 0 0
 0 0 1.00437e-05 0.000401748 0.00122533 0.00171747 0.00176769 0.0269171 0.070346 0.194647 0.189555 0.159765 0.064822 0.0314167 0.0384472 0.0292271 0.0345202 0.0313363 0.0194345 0.0106764 0.0143323 0.0359363 0.0279516 0.0138201 0.00172751 0
 0 0.0021121 0.0136068 0.0755702 0.200478 0.177729 0.0527432 0.0373336 0.0318909 0.0142505 0.0149659 0.0166563 0.0217959 0.0798694 0.0677717 0.0528807 0.04013 0.0224614 0.0357745 0.0225083 0.00881397 0.00855152 0.00135912 0.000746735 0 0
 0 0 0 0 5.4009e-05 0.00500934 0.000945158 0.0243581 0.138947 0.33067 0.221406 0.137944 0.0707744 0.0437923 0.0131692 0.00525238 0.0047753 0.00276346 9.45158e-05 9.00151e-06 2.25038e-05 9.00151e-06 4.50075e-06 0 0 0
 0.000866109 0.00284123 0.00948549 0.0512746 0.133035 0.25785 0.225252 0.132002 0.0553304 0.0519788 0.0540692 0.017754 0.00435017 0.00159236 0.00146478 0.000404838 0.000125132 0.000115318 0.000107957 0.000100596 0 0 0 0 0 0
 0 0 0 0 0.00144013 0.00171154 0.00461396 0.0210425 0.0478622 0.0707936 0.0888783 0.103762 0.0637923 0.0337046 0.0602308 0.124433 0.169614 0.0934646 0.0462172 0.0250306 0.0313229 0.00938855 0.002487 0.000210481 0 0
 0 0.00764035 0.051015 0.0998891 0.058973 0.0496711 0.0374665 0.0718981 0.12319 0.153886 0.159021 0.0857701 0.0377988 0.023471 0.0147837 0.00900784 0.00315554 0.000888139 0.00291439 0.00214683 0.00393193 0.00274676 0.000635225 9.99891e-05 0 0
 0 0 0 0 0 0 0 0 0 0 0 0 0 0 0 0 0 0 0 0 0 0 0 0 0 0
 0 0 0 0 0 0 0 0 0 0 0 0 0 0 0 0 0 0 0 0 0 0 0 0 0 0
 0 0 0 0 0 0 0 0 0 0 0 0 0 0 0 0 0 0 0 0 0 0 0 0 0 0
 0 0 0 0 0 0 0 0 0 0 0 0 0 0 0 0 0 0 0 0 0 0 0 0 0 0
 0 0 0 0 0 0 0 0 0 0 0 0 0 0 0 0 0 0 0 0 0 0 0 0 0 0
 0 0 0 0 0 0 0 0 0 0 0 0 0 0 0 0 0 0 0 0 0 0 0 0 0 0
 0 0 0 0 0 0 0 0 0 0 0 0 0 0 0 0 0 0 0 0 0 0 0 0 0 0
ppred_pel_tallas
 1.23524e-16 1.97693e-06 1.92165e-05 0.000127704 0.000580566 0.00180673 0.00385202 0.0056368 0.00570676 0.00419385 0.00295438 0.00389493 0.00844591 0.0181747 0.034477 0.0569927 0.0821324 0.103446 0.11447 0.112502 0.100369 0.0846199 0.0715265 0.0639425 0.0608729 0.0592532
 1.20153e-16 5.47385e-05 0.000532077 0.00353584 0.0160734 0.0500104 0.106552 0.155517 0.155519 0.106562 0.0500437 0.0161745 0.00380818 0.00118822 0.00148223 0.00283961 0.00520232 0.00889449 0.0142476 0.0213932 0.0300247 0.0392295 0.04757 0.05348 0.0558142 0.0542509
 1.1737e-16 1.82795e-05 0.000177684 0.00118077 0.00536766 0.0167011 0.0355857 0.051951 0.0520113 0.0358803 0.0176903 0.00822366 0.00834614 0.0158085 0.0296736 0.0489555 0.070375 0.0882533 0.0968938 0.0938616 0.0815755 0.0658131 0.0522958 0.0439317 0.0403188 0.0391098
 1.2187e-16 3.07614e-05 0.000299011 0.00198704 0.0090328 0.0281045 0.0598805 0.0874021 0.0874251 0.059993 0.0284836 0.0101336 0.00477193 0.0064506 0.0119256 0.0202207 0.030421 0.0409695 0.0502309 0.057377 0.0626604 0.066765 0.0698458 0.0711739 0.0696663 0.0647495
 1.00452e-16 8.12216e-05 0.000789503 0.00524653 0.02385 0.0742061 0.158104 0.230757 0.230758 0.158108 0.0742195 0.0238887 0.00534391 0.00100254 0.000487154 0.000680472 0.00098138 0.00125408 0.00142252 0.00145695 0.00138799 0.00128409 0.00120613 0.00117411 0.00116639 0.00114355
 1.00071e-16 7.43865e-05 0.000723063 0.00480501 0.0218429 0.0679614 0.144799 0.211341 0.21135 0.144844 0.0681132 0.0222811 0.00590396 0.00311857 0.00461355 0.00748225 0.0107075 0.0133307 0.0144313 0.0135876 0.0111324 0.00794605 0.00495463 0.00271676 0.00133186 0.000607667
 1.01485e-16 8.81795e-06 8.57137e-05 0.000569602 0.00258938 0.00805695 0.0171692 0.0250761 0.0251579 0.0175688 0.00939829 0.0064619 0.0102837 0.0212701 0.0401781 0.0662407 0.0950251 0.118656 0.129103 0.122644 0.102121 0.0751012 0.0495025 0.030032 0.017476 0.010223
 1.17166e-16 2.64588e-05 0.000257189 0.00170911 0.00776938 0.0241735 0.0515048 0.0751759 0.0751909 0.0515789 0.0244245 0.00850388 0.0035889 0.00447996 0.00839466 0.0147423 0.0233378 0.0337141 0.0452407 0.0573565 0.0694325 0.0802951 0.0879852 0.0902815 0.0858212 0.0750151
 1.00495e-16 8.13909e-05 0.000791148 0.00525746 0.0238996 0.0743607 0.158433 0.231238 0.231239 0.158436 0.0743705 0.0239282 0.00532926 0.000948311 0.000381178 0.000504991 0.000728754 0.000937305 0.0010765 0.00112829 0.00111871 0.00109912 0.00111061 0.00115838 0.00121271 0.00123061
 1.00145e-16 6.58196e-05 0.00063979 0.00425163 0.0193273 0.0601345 0.128124 0.187004 0.187023 0.128218 0.0604496 0.0202368 0.00653243 0.00561143 0.00948624 0.0155217 0.0222201 0.027662 0.0299419 0.0281849 0.0230824 0.0164626 0.0102493 0.00560341 0.00273189 0.00123517
 1.00235e-16 7.62564e-05 0.000741239 0.00492579 0.0223919 0.0696697 0.148439 0.216652 0.216659 0.14847 0.0697752 0.0226968 0.0056907 0.00241031 0.00324397 0.00523645 0.00752186 0.00942816 0.0103255 0.00992141 0.00842989 0.00642563 0.00450435 0.00301253 0.0020013 0.00135095
 1.00875e-16 3.78642e-05 0.000368054 0.00244585 0.0111185 0.0345941 0.0737081 0.10759 0.10764 0.0739524 0.035414 0.0134856 0.00838314 0.0133143 0.0245814 0.0404628 0.0580134 0.0723807 0.0786443 0.0745321 0.0618021 0.0451207 0.0293737 0.0174731 0.00990568 0.00565854
 1.0568e-16 4.21526e-05 0.000409738 0.00272286 0.0123777 0.0385119 0.0820547 0.119768 0.119798 0.0822029 0.0390098 0.0138184 0.00634834 0.00835412 0.0152172 0.0253165 0.0369878 0.0475915 0.0544108 0.0561034 0.0533639 0.0482039 0.0425046 0.0370643 0.0317191 0.0260987
 1.04892e-16 5.92355e-05 0.00057579 0.00382633 0.0173939 0.0541191 0.115307 0.168298 0.168317 0.115399 0.0544264 0.0182823 0.0060589 0.00545832 0.00935819 0.0154466 0.0224107 0.0285347 0.032111 0.0323615 0.0298774 0.0261561 0.0226199 0.0199025 0.0178266 0.0158737
 1.01125e-16 7.16754e-05 0.000696711 0.00462989 0.0210468 0.0654845 0.139522 0.203639 0.203649 0.139574 0.0656602 0.0215542 0.00590344 0.00347624 0.00534864 0.00872411 0.0125493 0.0157582 0.0173171 0.0167521 0.0144288 0.0113047 0.00835756 0.00613391 0.00467627 0.00374124
 1.00251e-16 7.54453e-05 0.000733356 0.00487341 0.0221538 0.0689287 0.14686 0.214348 0.214356 0.146897 0.0690528 0.022512 0.00577209 0.00269342 0.00379275 0.00613706 0.00880098 0.0109989 0.0119858 0.0114192 0.00956145 0.00710947 0.0047893 0.00302849 0.00189242 0.00122738
 1.00984e-16 3.36814e-05 0.000327395 0.00217566 0.00989026 0.0307725 0.0655662 0.0957072 0.0957617 0.0658325 0.0316664 0.0124708 0.00864859 0.0144423 0.0267944 0.0441222 0.0632713 0.0789626 0.0858356 0.0814125 0.0676023 0.0494781 0.0323496 0.0193791 0.0110948 0.00640218
 1.03524e-16 6.06787e-05 0.000589819 0.00391955 0.0178177 0.0554376 0.118116 0.172397 0.172412 0.11819 0.0556846 0.0185325 0.00571989 0.0045399 0.00762074 0.0126534 0.0185709 0.024075 0.0278523 0.029243 0.028544 0.026646 0.0243398 0.0218925 0.0191593 0.0159851
 1.01802e-16 6.57763e-05 0.00063937 0.00424884 0.0193146 0.060095 0.128039 0.186881 0.186897 0.12812 0.0603667 0.0200993 0.00621814 0.00493709 0.00822428 0.0134831 0.0193959 0.0243502 0.0267526 0.0258764 0.0222964 0.0175017 0.013007 0.00964797 0.00747006 0.00607228
 1.04259e-16 1.1104e-05 0.000107935 0.000717269 0.00326064 0.0101455 0.0216188 0.0315688 0.0316431 0.021982 0.0113649 0.00678196 0.00955364 0.0193891 0.0366038 0.0604274 0.0868842 0.108911 0.119299 0.114702 0.0976295 0.0747594 0.0529897 0.0362951 0.0251868 0.0181666
 1.05901e-16 6.53275e-05 0.000635007 0.00421985 0.0191828 0.0596849 0.127165 0.185602 0.185607 0.12719 0.0597692 0.019429 0.0048478 0.00203915 0.00282962 0.0048289 0.00754206 0.0107179 0.0141068 0.0175334 0.0208744 0.0238967 0.0261306 0.0269685 0.0259725 0.0231612
 1.0404e-16 4.95737e-05 0.000481874 0.00320222 0.0145569 0.045292 0.0965007 0.140853 0.140887 0.0966669 0.0458499 0.0161676 0.00724286 0.00929461 0.0167635 0.0275763 0.0395871 0.0495151 0.0540692 0.0517728 0.0438816 0.0335868 0.0241493 0.0173903 0.0134053 0.0112584
 1.08019e-16 1.94304e-05 0.00018887 0.00125511 0.00570559 0.0177525 0.0378257 0.0552194 0.0552755 0.0380994 0.018672 0.00836292 0.00793119 0.014782 0.0277903 0.0460571 0.0666793 0.08454 0.094392 0.0937523 0.0842896 0.0705201 0.0569434 0.0459099 0.0374644 0.0305718
 1.07367e-16 6.17738e-05 0.000600463 0.00399029 0.0181393 0.0564381 0.120248 0.175507 0.175517 0.120294 0.0565949 0.0185944 0.00514089 0.00313971 0.00496518 0.00832291 0.0124814 0.0167428 0.020419 0.0231723 0.0251291 0.0266021 0.0276755 0.0280419 0.0272244 0.0249581
 1.07278e-16 3.16817e-05 0.000307958 0.00204649 0.00930308 0.0289456 0.0616736 0.0900251 0.090076 0.0619225 0.0297811 0.0117157 0.00810013 0.0135152 0.0250923 0.0413762 0.0594756 0.0745463 0.081693 0.0787134 0.0674567 0.0526261 0.0390014 0.0292132 0.0233495 0.0200121
 1.14336e-16 2.28183e-05 0.000221802 0.00147395 0.00670039 0.0208476 0.0444195 0.0648398 0.0648792 0.0446122 0.0214955 0.00857611 0.00619859 0.0105897 0.0198716 0.0332279 0.0488239 0.0633982 0.0735692 0.0776795 0.0765853 0.0726749 0.0680089 0.0631755 0.0575783 0.0505294
 1.07433e-16 6.54993e-05 0.000636677 0.00423094 0.0192332 0.0598418 0.1275 0.186091 0.1861 0.127542 0.059986 0.019651 0.00528439 0.00295252 0.00451183 0.00748323 0.0110787 0.0145863 0.0173331 0.0190374 0.0199477 0.0205796 0.0212643 0.0218887 0.0220056 0.0211681
 1.03592e-16 5.22544e-05 0.000507932 0.00337539 0.015344 0.0477412 0.101719 0.148468 0.148499 0.101871 0.0482539 0.0168244 0.00708945 0.00860947 0.0154203 0.0253633 0.0364243 0.0455858 0.0498189 0.0477515 0.0405112 0.0310015 0.0222035 0.0158052 0.0119417 0.00981734
 1.08261e-16 9.14199e-06 8.88635e-05 0.000590532 0.00268452 0.00835288 0.0177992 0.0259924 0.0260593 0.018126 0.0094505 0.00585625 0.00855743 0.0174985 0.0331249 0.0548815 0.0793662 0.100438 0.111796 0.110466 0.0984804 0.0813273 0.0645109 0.0509607 0.0407992 0.0327825
 1.31423e-16 1.24981e-05 0.000121486 0.000807315 0.00366995 0.0114187 0.0243293 0.035513 0.0355303 0.0244143 0.0117065 0.00451197 0.00296114 0.00495681 0.00958833 0.0168607 0.0266988 0.0386388 0.0521003 0.0666912 0.0820229 0.0970484 0.109596 0.116797 0.116333 0.107671
 1.11166e-16 6.95652e-05 0.000676198 0.00449358 0.0204271 0.0635565 0.135414 0.197641 0.197645 0.135434 0.0636235 0.0206216 0.00498478 0.00175929 0.00215976 0.00355231 0.00533998 0.00723382 0.00903202 0.0107488 0.0126404 0.0150144 0.0179396 0.021073 0.023735 0.0251843
pSPR Fmed_Fpbrs
0.482279   0.285572 0.285572
Fs Fmed_Fpbrs
0.513492   1.005 1.005
SSBpbr Bo_Bmed_Bpbrs
1.73625e+06  750543  409012 409012
Ro
88817.6
SPR SPRFo_SPRFmed_SPRFpbrs
634862 306180 181299
Fref
1.005
Nvult_r0
 171493 5316.78 2929.49 9031.3 2561.14
CTP_r0
 27170.8 1454.33 801.32 2470.38 700.563
YTP_r0
390547
Np
 185717 75170.6 1795.52 989.313 3819.91
Nvult_p0
 144381 65048.1 1553.74 856.092 3305.52
CTP_p0
 48287.3 32605.2 778.806 429.113 1656.88
YTP_p0
 975917
CBA_c0
566158
log_Ro
11.2143
likeval ReclasPelacesDesembMPH_pf_preclas_ppelaces_ptallas_desvR_qrecl_qpela
 43.1048 46.8305 0.304954 0.00205225 318.273 148.406 114.215 0 86.6307 0 0 0.479136 0 0 0
q_reclas_q_pelaces
1 1
M
1
N
 7608.31 127095 4158.2 39508.2 7.56618
 166522 2484.91 36852.7 1205.72 11458
 27252.3 47397.6 547.233 8115.79 2788.84
 7116.87 7798.64 10550.7 121.814 2427.37
 81672.8 578.619 140.127 189.576 45.804
 230061 16381.1 63.2732 15.3232 25.7393
 6967.5 59724.4 3000.92 11.5913 7.52239
 2100.84 1013.94 3438.1 172.751 1.1003
 54108.9 319.055 63.5702 215.555 10.8998
 40378.2 9340.09 25.842 5.14888 18.3418
 185228 7080.14 780.613 2.15978 1.96327
 91135.4 63561.3 2266.24 249.862 1.31972
 64301.1 26030.4 14095.3 502.559 55.7018
 59656.4 16832.3 4848.7 2625.54 103.988
 98385 9000.35 1041.46 300.003 168.883
 414653 23479.7 1393.41 161.237 72.5918
 139217 109211 4427.39 262.746 44.0914
 344191 44089 29774 1207.03 83.6526
 754661 99480.7 10011.6 6760.97 293.084
 63474.8 217525 22467.1 2261.05 1593.11
 504248 18800.1 51870.5 5357.45 919.056
 429947 153536 4737.89 13072.1 1581.77
 90053.5 124970 35260.3 1088.08 3365.34
 397955 28619.3 34309.9 9680.51 1222.66
 169615 128686 8134.8 9752.29 3099.13
 68356.4 55439.9 37371.7 2362.43 3732.19
 349270 22203.7 15900.4 10718.4 1747.96
 403159 111568 6158.5 4410.2 3457.71
 40802.5 135012 34011.3 1877.41 2398.52
 22152.1 13985.1 43114.6 10861.2 1365.47
 246664 7112.31 3918.8 12081.2 3426.05
pred_Ctot
 544.868 17349.3 567.622 5393.12 1.03283
 24322.3 657.09 9745.02 318.83 3029.87
 3905.54 12321.2 142.256 2109.74 724.971
 3932.93 5753.01 7783.18 89.8615 1790.66
 24651.8 282.493 68.4126 92.5546 22.3624
 44030.9 5496.56 21.2308 5.14156 8.63661
 2864.67 36570.1 1837.51 7.0975 4.60606
 836.404 607.21 2058.94 103.454 0.658925
 19283.9 176.551 35.177 119.279 6.03149
 14172.2 5110.84 14.1406 2.81744 10.0365
 7915.49 588.109 64.8413 0.179402 0.163078
 13149.1 16623.6 592.707 65.3482 0.345157
 12051.6 8577.68 4644.75 165.606 18.3552
 23872.9 10116.2 2914.05 1577.94 62.4962
 22624.7 3529.26 408.383 117.638 66.2234
 76502.9 7632.26 452.941 52.4113 23.5966
 12395.2 18314.9 742.484 44.0631 7.39423
 47559.6 11090.5 7489.58 303.626 21.0426
 105340 25254.1 2541.53 1716.34 74.4023
 7959.21 50099.9 5174.57 520.76 366.923
 55781.5 3859.4 10648.3 1099.81 188.67
 58149.6 37880.3 1168.93 3225.15 390.254
 7841.69 20524.6 5791.01 178.702 552.711
 30759.5 4200.23 5035.38 1420.73 179.44
 12071.6 17462.8 1103.9 1323.4 420.557
 5109.03 7881.45 5312.84 335.848 530.575
 29412.9 3533.57 2530.45 1705.76 278.177
 23033.7 12270.2 677.307 485.03 380.276
 1771.94 11391.4 2869.65 158.403 202.371
 1801.74 2153.83 6640.04 1672.72 210.295
 27170.8 1454.33 801.32 2470.38 700.563
F
 0.119005 0.23801 0.23801 0.23801 0.23801
 0.256558 0.513116 0.513116 0.513116 0.513116
 0.25119 0.50238 0.50238 0.50238 0.50238
 1.50958 3.01916 3.01916 3.01916 3.01916
 0.606591 1.21318 1.21318 1.21318 1.21318
 0.348605 0.69721 0.69721 0.69721 0.69721
 0.927411 1.85482 1.85482 1.85482 1.85482
 0.884728 1.76946 1.76946 1.76946 1.76946
 0.756682 1.51336 1.51336 1.51336 1.51336
 0.740996 1.48199 1.48199 1.48199 1.48199
 0.0695857 0.139171 0.139171 0.139171 0.139171
 0.253082 0.506165 0.506165 0.506165 0.506165
 0.340276 0.680553 0.680553 0.680553 0.680553
 0.891338 1.78268 1.78268 1.78268 1.78268
 0.432754 0.865508 0.865508 0.865508 0.865508
 0.334162 0.668324 0.668324 0.668324 0.668324
 0.149823 0.299646 0.299646 0.299646 0.299646
 0.241234 0.482469 0.482469 0.482469 0.482469
 0.243957 0.487913 0.487913 0.487913 0.487913
 0.216781 0.433561 0.433561 0.433561 0.433561
 0.189135 0.378269 0.378269 0.378269 0.378269
 0.235588 0.471176 0.471176 0.471176 0.471176
 0.146321 0.292642 0.292642 0.292642 0.292642
 0.128965 0.257931 0.257931 0.257931 0.257931
 0.11823 0.236459 0.236459 0.236459 0.236459
 0.124478 0.248955 0.248955 0.248955 0.248955
 0.141212 0.282424 0.282424 0.282424 0.282424
 0.0939715 0.187943 0.187943 0.187943 0.187943
 0.0707492 0.141498 0.141498 0.141498 0.141498
 0.136104 0.272207 0.272207 0.272207 0.272207
 0.188265 0.37653 0.37653 0.37653 0.37653
YTP_r0W_actual
 230952 23705.6 23158.2 85969.4 26761.5
YTP_p0W_proyectada
 363120 525595 18208.5 12658.8 56334
CTP_r0_actual
 27170.8 1454.33 801.32 2470.38 700.563
CTP_p0_proyectada
 48287.3 32605.2 778.806 429.113 1656.88
Wmedp
 7.52 16.12 23.38 29.5 34
Frms_r0
 0.188265 0.37653 0.37653 0.37653 0.37653
Zrms_r0
 1.18827 1.37653 1.37653 1.37653 1.37653
nmprior
 8.19 8.8 8.5 0
nm_flota  nm_reclas  nm_pelaces    nm_pelaL
inf 6.78362 6.05796 10.3998
cv_recla  cv_pelaces  cv_mph
0.593865 0.775955 1.39804
 ------------------------------------------------
Talla a la edad & desviaci?n 
 8 13.2811 15.8009 17.003 17.5766
 0.8 1.32811 1.58009 1.7003 1.75766
