years
 1991 1992 1993 1994 1995 1996 1997 1998 1999 2000 2001 2002 2003 2004 2005 2006 2007 2008 2009 2010 2011 2012 2013 2014 2015 2016 2017 2018 2019 2020 2021
reclasobs
 0 0 0 0 0 0 0 0 0 252601 567819 844713 477998 351125 339783 2.1784e+06 2.13404e+06 4.81314e+06 1.55562e+06 2.62356e+06 3.21686e+06 3.843e+06 1.13348e+06 3.07943e+06 1.97215e+06 2.03268e+06 2.025e+06 2.42433e+06 2.27542e+06 1.05018e+06 2.36338e+06
reclaspred
 4.38823e+06 2.65183e+06 1.38682e+06 1.42772e+06 1.80623e+06 2.51522e+06 2.07036e+06 1.89522e+06 1.38114e+06 1.01001e+06 696393 736414 741107 656303 721652 1.26694e+06 1.86773e+06 2.74397e+06 2.5246e+06 1.98186e+06 3.38067e+06 2.74276e+06 2.64798e+06 3.25652e+06 2.84675e+06 2.64789e+06 2.73138e+06 2.63877e+06 2.88696e+06 2.02327e+06 2.9062e+06
pelacesobs
 0 0 0 0 0 0 0 0 0 0 0 0 0 0 0 552880 188675 0 991730 2.46772e+06 1.41603e+06 1.21717e+06 2.29649e+06 1.80582e+06 0 1.4828e+06 1.56532e+06 1.57751e+06 1.42118e+06 867257 1.10002e+06
pelacespred
 2.04723e+06 1.3849e+06 748998 627028 812755 1.14667e+06 986377 977467 756395 520020 390287 321521 340146 325450 374189 547478 788858 1.23412e+06 1.25926e+06 945775 1.41265e+06 1.3659e+06 1.25859e+06 1.65107e+06 1.48552e+06 1.31552e+06 1.52582e+06 1.51505e+06 1.34049e+06 1.05333e+06 1.5393e+06
mphobs
 0 0 0 0 0 0 0 0 0 0 0 498337 0 5186 125008 0 168611 109162 213762 579715 649985 157893 87575 83554 0 0 0 0 0 0 0
mphpred
 4.03775e+06 2.90506e+06 1.51359e+06 943649 1.31034e+06 1.64262e+06 2.07267e+06 1.48279e+06 1.36735e+06 981766 620415 579582 561437 516679 447674 642749 1.3577e+06 1.61749e+06 2.15307e+06 1.80729e+06 1.92987e+06 2.44133e+06 2.24281e+06 2.02965e+06 2.69391e+06 2.19614e+06 1.91366e+06 2.06605e+06 2.5845e+06 1.89479e+06 1.40867e+06
desembarqueobs
 494567 514787 250237 358949 120608 361735 552515 73892 212993 205616 52469 317467 293654 387597 252695 516296 358380 742168 942051 627588 828172 859565 418607 520667 417249 300574 415391 372974 316634 284311 391294
desembarquepred
 494630 512199 251997 359185 120693 361837 552539 73949.9 213026 205744 52468.1 317332 293665 388106 252843 516096 358396 742195 942051 627690 828997 860504 418837 521025 417521 300636 415340 372958 316751 284458 391179
Reclutas
 248314 118369 180792 351180 320834 418871 175598 118939 82606.6 86546.9 118477 165408 158740 129240 149378 524107 209490 666898 554008 360598 584045 704979 211166 483748 398778 216029 449526 429305 171325 164920 696061
log_desv_Rt
 -0.03049 -0.771378 -0.347839 0.316113 0.22574 0.492378 -0.37699 -0.766576 -1.13109 -1.0845 -0.770465 -0.436768 -0.477916 -0.683512 -0.538703 0.716511 -0.20051 0.957452 0.771994 0.34258 0.824794 1.01298 -0.192539 0.63638 0.44322 -0.16977 0.56301 0.516983 -0.40162 -0.439721 1.00025
SSB
 4.03775e+06 2.90506e+06 1.51359e+06 943649 1.31034e+06 1.64262e+06 2.07267e+06 1.48279e+06 1.36735e+06 981766 620415 579582 561437 516679 447674 642749 1.3577e+06 1.61749e+06 2.15307e+06 1.80729e+06 1.92987e+06 2.44133e+06 2.24281e+06 2.02965e+06 2.69391e+06 2.19614e+06 1.91366e+06 2.06605e+06 2.5845e+06 1.89479e+06 1.40867e+06
BT
 5.41628e+06 3.85337e+06 2.11501e+06 2.23887e+06 2.35557e+06 3.81328e+06 2.98837e+06 2.85662e+06 2.23736e+06 1.57759e+06 1.15116e+06 1.23788e+06 1.31803e+06 1.47558e+06 1.55455e+06 2.374e+06 2.49914e+06 4.71139e+06 4.72126e+06 3.1976e+06 5.21191e+06 4.76543e+06 3.77282e+06 5.9234e+06 4.34911e+06 3.91831e+06 5.39994e+06 5.1389e+06 3.59799e+06 3.07967e+06 5.9333e+06
Ftot
 0.107207 0.182431 0.171872 0.237185 0.063812 0.136659 0.250608 0.0373352 0.146287 0.192379 0.0719162 0.400152 0.36915 0.543052 0.328655 0.380976 0.181531 0.254775 0.348231 0.296683 0.231241 0.294133 0.149957 0.151906 0.1392 0.108034 0.144446 0.134355 0.104378 0.133479 0.128148
BD_Bspro_t
 0.982993 0.882265 0.760485 0.710682 0.755682 0.822984 0.81164 0.721747 0.777866 0.751329 0.71542 0.770206 0.654273 0.584067 0.529313 0.604693 0.683757 0.706646 0.715007 0.64831 0.621237 0.669298 0.680793 0.695912 0.773525 0.779082 0.79261 0.817886 0.840057 0.79865 0.775277
BD_Bspro
 2.20975 1.58986 0.828347 0.516433 0.717115 0.898961 1.13432 0.811489 0.748311 0.537293 0.339536 0.317189 0.307259 0.282764 0.245 0.351758 0.743032 0.885205 1.17832 0.98908 1.05616 1.33607 1.22743 1.11077 1.4743 1.20189 1.04729 1.13069 1.41442 1.03697 0.770923
BD_Bo
 1.69556 1.21991 0.635598 0.396264 0.550249 0.689781 0.870371 0.622663 0.574186 0.41227 0.260529 0.243382 0.235763 0.216967 0.18799 0.269908 0.570135 0.679226 0.904134 0.758931 0.810405 1.02518 0.941816 0.852305 1.13125 0.922219 0.803598 0.867589 1.0853 0.795675 0.591537
BD_Brms
 7.20422 5.18326 2.70057 1.68367 2.33793 2.93079 3.69809 2.64561 2.43964 1.75168 1.10695 1.0341 1.00172 0.921866 0.798746 1.1468 2.42243 2.88594 3.84155 3.2246 3.4433 4.35586 4.00165 3.62133 4.80652 3.91839 3.41438 3.68627 4.6113 3.38072 2.51336
Sel_flota
 0.5 1 1 1 1
 0.5 1 1 1 1
 0.5 1 1 1 1
 0.5 1 1 1 1
 0.5 1 1 1 1
 0.5 1 1 1 1
 0.5 1 1 1 1
 0.5 1 1 1 1
 0.5 1 1 1 1
 0.5 1 1 1 1
 0.5 1 1 1 1
 0.5 1 1 1 1
 0.5 1 1 1 1
 0.5 1 1 1 1
 0.5 1 1 1 1
 0.5 1 1 1 1
 0.5 1 1 1 1
 0.5 1 1 1 1
 0.5 1 1 1 1
 0.5 1 1 1 1
 0.5 1 1 1 1
 0.5 1 1 1 1
 0.5 1 1 1 1
 0.5 1 1 1 1
 0.5 1 1 1 1
 0.5 1 1 1 1
 0.5 1 1 1 1
 0.5 1 1 1 1
 0.5 1 1 1 1
 0.5 1 1 1 1
 0.5 1 1 1 1
Sel_reclas
 0.5 1 1 1 1
 0.5 1 1 1 1
 0.5 1 1 1 1
 0.5 1 1 1 1
 0.5 1 1 1 1
 0.5 1 1 1 1
 0.5 1 1 1 1
 0.5 1 1 1 1
 0.5 1 1 1 1
 0.5 1 1 1 1
 0.5 1 1 1 1
 0.5 1 1 1 1
 0.5 1 1 1 1
 0.5 1 1 1 1
 0.5 1 1 1 1
 0.5 1 1 1 1
 0.5 1 1 1 1
 0.5 1 1 1 1
 0.5 1 1 1 1
 0.5 1 1 1 1
 0.5 1 1 1 1
 0.5 1 1 1 1
 0.5 1 1 1 1
 0.5 1 1 1 1
 0.5 1 1 1 1
 0.5 1 1 1 1
 0.5 1 1 1 1
 0.5 1 1 1 1
 0.5 1 1 1 1
 0.5 1 1 1 1
 0.5 1 1 1 1
Sel_pelaces
 0.5 1 1 1 1
 0.5 1 1 1 1
 0.5 1 1 1 1
 0.5 1 1 1 1
 0.5 1 1 1 1
 0.5 1 1 1 1
 0.5 1 1 1 1
 0.5 1 1 1 1
 0.5 1 1 1 1
 0.5 1 1 1 1
 0.5 1 1 1 1
 0.5 1 1 1 1
 0.5 1 1 1 1
 0.5 1 1 1 1
 0.5 1 1 1 1
 0.5 1 1 1 1
 0.5 1 1 1 1
 0.5 1 1 1 1
 0.5 1 1 1 1
 0.5 1 1 1 1
 0.5 1 1 1 1
 0.5 1 1 1 1
 0.5 1 1 1 1
 0.5 1 1 1 1
 0.5 1 1 1 1
 0.5 1 1 1 1
 0.5 1 1 1 1
 0.5 1 1 1 1
 0.5 1 1 1 1
 0.5 1 1 1 1
 0.5 1 1 1 1
pf_obs 
 0.8446 0.082 0.0669 0.0065 0
 0.8095 0.147 0.0364 0.0071 0
 0.9664 0.0169 0.016 0.0007 0
 0.9276 0.0648 0.0075 0.0001 0
 0.7033 0.2144 0.0806 0.0017 0
 0.9318 0.0425 0.0243 0.0014 0
 0.5671 0.3108 0.0964 0.0239 0.0018
 0.0768 0.2599 0.5324 0.112 0.0189
 0.490249 0.384438 0.106611 0.0170017 0.00170017
 0.7925 0.1577 0.0466 0.003 0.0002
 0.840416 0.127587 0.0312969 0.00059994 9.999e-05
 0.8084 0.0986 0.0794 0.0134 0.0002
 0.7335 0.1905 0.0724 0.0035 0.0001
 0.4001 0.4547 0.1325 0.0127 0
 0.49795 0.308269 0.164784 0.0264974 0.00249975
 0.9179 0.0499 0.0305 0.0017 0
 0.2467 0.6533 0.0926 0.0074 0
 0.9418 0.0223 0.034 0.0019 0
 0.707729 0.231977 0.0356964 0.0245975 0
 0.517169 0.277429 0.184464 0.0207286 0.00020938
 0.811772 0.124168 0.05621 0.00726502 0.000585176
 0.764997 0.148141 0.077277 0.00933861 0.000247198
 0.163321 0.427699 0.378323 0.0303852 0.000271297
 0.753843 0.0900009 0.118128 0.0371064 0.000921714
 0.721811 0.176058 0.0630433 0.0369309 0.00215725
 0.143369 0.312575 0.442814 0.0836902 0.0175525
 0.692698 0.0596174 0.167031 0.0765114 0.00414204
 0.394062 0.376323 0.152708 0.0712218 0.00568511
 0.125707 0.32114 0.495352 0.0537591 0.00404204
 0.23352 0.215282 0.420074 0.123614 0.00750983
 0.796117 0.104755 0.0508955 0.0450114 0.00322123
pf_pred 
 0.293439 0.373613 0.285606 0.0473409 1.01995e-06
 0.246675 0.347706 0.214482 0.163959 0.0271778
 0.490492 0.208253 0.139048 0.0857715 0.0764358
 0.668954 0.221641 0.0447176 0.0298575 0.0348304
 0.535148 0.377759 0.0583101 0.0117645 0.0170183
 0.569139 0.302087 0.104647 0.0161531 0.00797343
 0.320003 0.498691 0.127118 0.0440351 0.0101524
 0.346206 0.329212 0.23804 0.0606769 0.0258653
 0.338802 0.341884 0.160788 0.116259 0.0422674
 0.451613 0.283473 0.136978 0.0644209 0.0635148
 0.569221 0.273778 0.0811571 0.0392163 0.0366275
 0.608327 0.285789 0.0672941 0.0199483 0.0186423
 0.571514 0.3334 0.0693809 0.016337 0.00936862
 0.525371 0.355435 0.0927435 0.0193 0.00715066
 0.614175 0.2791 0.0799231 0.0208543 0.00594771
 0.825111 0.136148 0.0280246 0.00802514 0.00269121
 0.383914 0.562915 0.0413925 0.00852018 0.00325804
 0.739121 0.148197 0.102957 0.00757066 0.00215423
 0.541537 0.394019 0.0366087 0.0254331 0.00240231
 0.447213 0.400237 0.131107 0.0121812 0.00926202
 0.630879 0.235792 0.0965351 0.0316223 0.00517201
 0.605434 0.309931 0.0540642 0.0221343 0.00843648
 0.272489 0.560329 0.131321 0.0229077 0.0129532
 0.603225 0.174247 0.171391 0.0401681 0.010969
 0.486192 0.390894 0.0539785 0.053094 0.0158413
 0.348756 0.432108 0.166714 0.0230216 0.0294006
 0.617518 0.200835 0.120525 0.0465005 0.0146218
 0.52516 0.366173 0.057059 0.0342422 0.0173654
 0.292368 0.493287 0.165293 0.0257568 0.023296
 0.394587 0.278531 0.227868 0.0763548 0.0226593
 0.783706 0.124483 0.042239 0.034556 0.0150154
pobs_RECLAS
 0 0 0 0 0
 0 0 0 0 0
 0 0 0 0 0
 0 0 0 0 0
 0 0 0 0 0
 0 0 0 0 0
 0 0 0 0 0
 0 0 0 0 0
 0 0 0 0 0
 0 0 0 0 0
 0.991045 0.00858322 0.000360255 1.14367e-05 0
 0.934742 0.0480273 0.0164251 0.00080598 0
 0.827803 0.169806 0.00239088 0 0
 0.941827 0.0461693 0.0120037 0 0
 0.791401 0.0380133 0.147996 0.0225897 0
 0.846168 0.0940531 0.0597789 0 0
 0.134021 0.677848 0.182769 0.00536245 0
 0.80878 0.0450904 0.141981 0.00414843 0
 0.846168 0.0940531 0.0597789 0 0
 0.905697 0.0802665 0.012482 0.00150086 5.37128e-05
 0.989698 0.0102097 9.19794e-05 0 0
 0.975433 0.0193895 0.00387452 0.00125025 5.28907e-05
 0.303575 0.632131 0.0575291 0.00676475 0
 0.966965 0.00978017 0.0227588 0.000495775 0
 0.843318 0.132988 0.00938335 0.0141283 0.000182051
 0.564624 0.303363 0.111486 0.0197234 0.00080311
 0.826376 0.0876187 0.0782897 0.00655872 0.00115652
 0.89761 0.0855135 0.0140674 0.00269457 0.000114338
 0.34875 0.467042 0.161289 0.0227151 0.000203297
 0.318654 0.224769 0.449479 0.00709798 0
 0.937255 0.0296025 0.0250945 0.00804832 0
ppred_RECLAS
 0.294422 0.373094 0.285208 0.0472751 1.01853e-06
 0.248251 0.346979 0.214033 0.163616 0.027121
 0.492471 0.207444 0.138508 0.0854384 0.076139
 0.671469 0.219957 0.0443778 0.0296307 0.0345658
 0.535829 0.377206 0.0582247 0.0117473 0.0169934
 0.570648 0.30103 0.104281 0.0160965 0.00794552
 0.322647 0.496753 0.126624 0.043864 0.0101129
 0.346562 0.329033 0.23791 0.0606439 0.0258512
 0.340288 0.341115 0.160426 0.115998 0.0421723
 0.453838 0.282323 0.136423 0.0641596 0.0632572
 0.569982 0.273295 0.0810138 0.0391471 0.0365628
 0.613339 0.282131 0.0664329 0.019693 0.0184037
 0.57619 0.329761 0.0686237 0.0161587 0.00926637
 0.533052 0.349682 0.0912426 0.0189877 0.00703493
 0.618111 0.276253 0.0791078 0.0206416 0.00588704
 0.827959 0.133931 0.0275682 0.00789444 0.00264738
 0.385906 0.561095 0.0412587 0.00849263 0.0032475
 0.741496 0.146848 0.10202 0.00750174 0.00213462
 0.54596 0.390218 0.0362555 0.0251878 0.00237914
 0.450861 0.397596 0.130241 0.0121008 0.00920089
 0.633449 0.23415 0.0958629 0.0314021 0.00513599
 0.608916 0.307196 0.0535871 0.021939 0.00836203
 0.273842 0.559287 0.131077 0.0228651 0.0129291
 0.604877 0.173521 0.170678 0.0400008 0.0109233
 0.487761 0.389701 0.0538137 0.0529319 0.015793
 0.349841 0.431388 0.166437 0.0229832 0.0293516
 0.619061 0.200025 0.120039 0.046313 0.0145628
 0.526666 0.365012 0.056878 0.0341336 0.0173103
 0.29332 0.492623 0.16507 0.0257221 0.0232646
 0.396021 0.277871 0.227328 0.076174 0.0226056
 0.784678 0.123924 0.0420493 0.0344008 0.014948
pobs_PELACES
 0 0 0 0 0
 0 0 0 0 0
 0 0 0 0 0
 0 0 0 0 0
 0 0 0 0 0
 0 0 0 0 0
 0 0 0 0 0
 0 0 0 0 0
 0 0 0 0 0
 0 0 0 0 0
 0 0 0 0 0
 0 0 0 0 0
 0 0 0 0 0
 0 0 0 0 0
 0 0 0 0 0
 0 0 0 0 0
 0.505614 0.472636 0.0217494 0 0
 0 0 0 0 0
 0.443492 0.261883 0.143347 0.151278 0
 0.227955 0.32914 0.350689 0.0885471 0.00366901
 0.970185 0.0296113 0.000203453 0 0
 0.997202 0.00247181 0.000326279 0 0
 0.445219 0.490057 0.0546422 0.010081 0
 0.90214 0.0892962 0.00764917 0.000914606 0
 0 0 0 0 0
 0.581667 0.319106 0.0959925 0.00289975 0.000334073
 0.762889 0.0836404 0.116647 0.0363945 0.000428098
 0.88444 0.0763242 0.0277011 0.0115352 0
 0.521256 0.241999 0.230069 0.00667565 0
 0.616807 0.101726 0.260614 0.0208532 0
 0.833518 0.0704572 0.0857862 0.0102388 0
ppred_PELACES
 0.29811 0.371143 0.283718 0.047028 1.0132e-06
 0.253911 0.344367 0.212422 0.162384 0.0269168
 0.49956 0.204546 0.136573 0.084245 0.0750755
 0.680044 0.214216 0.0432196 0.0288573 0.0336636
 0.538447 0.375078 0.0578963 0.011681 0.0168976
 0.576163 0.297163 0.102941 0.0158897 0.00784345
 0.331749 0.490077 0.124922 0.0432745 0.00997701
 0.347958 0.32833 0.237402 0.0605143 0.0257959
 0.345728 0.338303 0.159104 0.115041 0.0418246
 0.461717 0.27825 0.134455 0.063234 0.0623447
 0.572888 0.271448 0.0804664 0.0388826 0.0363157
 0.628875 0.270795 0.0637636 0.0189017 0.0176642
 0.590991 0.318245 0.0662271 0.0155944 0.00894277
 0.555275 0.333041 0.0869003 0.0180841 0.00670014
 0.630827 0.267054 0.0764737 0.0199543 0.00569101
 0.836729 0.127103 0.0261628 0.00749199 0.00251242
 0.393028 0.554588 0.0407802 0.00839414 0.00320984
 0.749472 0.142317 0.0988719 0.00727029 0.00206876
 0.560162 0.378012 0.0351215 0.0243999 0.00230472
 0.463008 0.388801 0.127361 0.0118332 0.00899737
 0.642263 0.22852 0.093558 0.030647 0.0050125
 0.620411 0.298167 0.0520121 0.0212942 0.00811626
 0.278789 0.555476 0.130184 0.0227093 0.012841
 0.610852 0.170897 0.168097 0.039396 0.0107581
 0.493501 0.385334 0.0532107 0.0523387 0.015616
 0.353906 0.42869 0.165396 0.0228395 0.029168
 0.624665 0.197082 0.118273 0.0456316 0.0143485
 0.532189 0.360753 0.0562144 0.0337353 0.0171083
 0.296903 0.490125 0.164233 0.0255917 0.0231467
 0.401301 0.275442 0.225341 0.0755081 0.022408
 0.788229 0.12188 0.0413559 0.0338335 0.0147015
pobs_pel_tallas
 0 0 0 0 0 0 0 0 0 0 0 0 0 0 0 0 0 0 0 0 0 0 0 0 0 0
 0 0 0 0 0 0 0 0 0 0 0 0 0 0 0 0 0 0 0 0 0 0 0 0 0 0
 0 0 0 0 0 0 0 0 0 0 0 0 0 0 0 0 0 0 0 0 0 0 0 0 0 0
 0 0 0 0 0 0 0 0 0 0 0 0 0 0 0 0 0 0 0 0 0 0 0 0 0 0
 0 0 0 0 0 0 0 0 0 0 0 0 0 0 0 0 0 0 0 0 0 0 0 0 0 0
 0 0 0 0 0 0 0 0 0 0 0 0 0 0 0 0 0 0 0 0 0 0 0 0 0 0
 0 0 0 0 0 0 0 0 0 0 0 0 0 0 0 0 0 0 0 0 0 0 0 0 0 0
 0 0 0 0 0 0 0 0 0 0 0 0 0 0 0 0 0 0 0 0 0 0 0 0 0 0
 0 0 0 0 0 0 0 0 0 0 0 0 0 0 0 0 0 0 0 0 0 0 0 0 0 0
 0 0 0 0 0 0 0 0 0 0 0 0 0 0 0 0 0 0 0 0 0 0 0 0 0 0
 0 0 0 0 0 0 0 0 0 0 0 0 0 0 0 0 0 0 0 0 0 0 0 0 0 0
 0 0 0 0 0 0 0 0 0 0 0 0 0 0 0 0 0 0 0 0 0 0 0 0 0 0
 0.00862536 0 0 0.000197151 0.00414017 0.0128641 0.00837892 0.0270097 0.101434 0.158115 0.152841 0.127902 0.109271 0.109419 0.0830992 0.0579132 0.0238553 0.00714673 0.00463305 0.00128148 0.00103504 0.000492878 0.000147863 0.000147863 4.92878e-05 0
 0 0 0 0 0 0 0 0 0 0 0 0 0 0 0 0 0 0 0 0 0 0 0 0 0 0
 0 0 0 0 0 0 0 0.0054083 0.00873648 0.0413646 0.0450493 0.0745869 0.0622846 0.0627006 0.0613931 0.0827291 0.12552 0.122667 0.0946155 0.0697135 0.0546179 0.0294188 0.0215738 0.0213955 0.0102223 0.00600262
 0 0 0 0 0.00359764 0.0251062 0.0480494 0.140153 0.205849 0.193036 0.1447 0.116669 0.0760912 0.0342217 0.00950174 0.001854 0.000860785 0 0 0 0.000165536 0 0.000143464 0 0 0
 0 0 0 0 0 0 0 0.000145254 0.000435761 0.0275982 0.070085 0.0708112 0.156366 0.174668 0.174014 0.160142 0.0824315 0.0480064 0.0283245 0.00493863 0.00203355 0 0 0 0 0
 0 0 0 0 0 0 0 0 0 0 0 0 0 0 0 0 0 0 0 0 0 0 0 0 0 0
 0 0 1.00437e-05 0.000401748 0.00122533 0.00171747 0.00176769 0.0269171 0.070346 0.194647 0.189555 0.159765 0.064822 0.0314167 0.0384472 0.0292271 0.0345202 0.0313363 0.0194345 0.0106764 0.0143323 0.0359363 0.0279516 0.0138201 0.00172751 0
 0 0.0021121 0.0136068 0.0755702 0.200478 0.177729 0.0527432 0.0373336 0.0318909 0.0142505 0.0149659 0.0166563 0.0217959 0.0798694 0.0677717 0.0528807 0.04013 0.0224614 0.0357745 0.0225083 0.00881397 0.00855152 0.00135912 0.000746735 0 0
 0 0 0 0 5.4009e-05 0.00500934 0.000945158 0.0243581 0.138947 0.33067 0.221406 0.137944 0.0707744 0.0437923 0.0131692 0.00525238 0.0047753 0.00276346 9.45158e-05 9.00151e-06 2.25038e-05 9.00151e-06 4.50075e-06 0 0 0
 0.000866109 0.00284123 0.00948549 0.0512746 0.133035 0.25785 0.225252 0.132002 0.0553304 0.0519788 0.0540692 0.017754 0.00435017 0.00159236 0.00146478 0.000404838 0.000125132 0.000115318 0.000107957 0.000100596 0 0 0 0 0 0
 0 0 0 0 0.00144013 0.00171154 0.00461396 0.0210425 0.0478622 0.0707936 0.0888783 0.103762 0.0637923 0.0337046 0.0602308 0.124433 0.169614 0.0934646 0.0462172 0.0250306 0.0313229 0.00938855 0.002487 0.000210481 0 0
 0 0.00764035 0.051015 0.0998891 0.058973 0.0496711 0.0374665 0.0718981 0.12319 0.153886 0.159021 0.0857701 0.0377988 0.023471 0.0147837 0.00900784 0.00315554 0.000888139 0.00291439 0.00214683 0.00393193 0.00274676 0.000635225 9.99891e-05 0 0
 0 0 0 0 0 0 0 0 0 0 0 0 0 0 0 0 0 0 0 0 0 0 0 0 0 0
 0 0 0 0 0 0 0 0 0 0 0 0 0 0 0 0 0 0 0 0 0 0 0 0 0 0
 0 0 0 0 0 0 0 0 0 0 0 0 0 0 0 0 0 0 0 0 0 0 0 0 0 0
 0 0 0 0 0 0 0 0 0 0 0 0 0 0 0 0 0 0 0 0 0 0 0 0 0 0
 0 0 0 0 0 0 0 0 0 0 0 0 0 0 0 0 0 0 0 0 0 0 0 0 0 0
 0 0 0 0 0 0 0 0 0 0 0 0 0 0 0 0 0 0 0 0 0 0 0 0 0 0
 0 0 0 0 0 0 0 0 0 0 0 0 0 0 0 0 0 0 0 0 0 0 0 0 0 0
ppred_pel_tallas
 1.12999e-16 2.4555e-05 0.000238683 0.00158614 0.00721037 0.0224343 0.0478 0.0697731 0.0698093 0.0479768 0.0230289 0.00893247 0.00592664 0.00977291 0.0183043 0.0306719 0.0452304 0.0590654 0.069145 0.0739629 0.0742135 0.0718715 0.0685242 0.0644189 0.0588476 0.0512302
 1.27058e-16 2.09144e-05 0.000203295 0.00135097 0.00614134 0.0191082 0.0407132 0.0594291 0.0594626 0.040877 0.0196592 0.00773723 0.00537273 0.00903608 0.0169549 0.0284208 0.0419543 0.0549462 0.0647749 0.0703518 0.0727021 0.0739714 0.0756635 0.0775673 0.0780904 0.0754905
 1.25148e-16 4.11481e-05 0.000399974 0.00265797 0.0120828 0.0375941 0.0800989 0.116911 0.116931 0.0801963 0.0379219 0.0130325 0.00505259 0.00566363 0.0101463 0.0169998 0.0251867 0.0331993 0.0395705 0.0437628 0.0464878 0.0490755 0.052379 0.0560977 0.0589686 0.0595427
 1.09893e-16 5.60143e-05 0.000544479 0.00361826 0.0164481 0.0511762 0.109037 0.159147 0.159168 0.109138 0.0515157 0.0174291 0.00608255 0.00593057 0.0103052 0.017003 0.0246254 0.0312768 0.0350876 0.0352595 0.0325633 0.028807 0.0256967 0.0239667 0.0232949 0.0228227
 1.05798e-16 4.43512e-05 0.00043111 0.00286488 0.0130233 0.0405206 0.0863348 0.126016 0.126052 0.0865115 0.041114 0.0147372 0.00716747 0.00982549 0.0178914 0.0295226 0.0425602 0.0536004 0.0592038 0.0577939 0.0505936 0.0407783 0.0315533 0.0246519 0.0201217 0.0170862
 1.05968e-16 4.74579e-05 0.000461307 0.00306555 0.0139356 0.0433589 0.0923817 0.13484 0.134869 0.0925222 0.0438308 0.0152999 0.006495 0.00796339 0.0143409 0.0237524 0.0344893 0.0439514 0.0494995 0.0498904 0.0459557 0.0399144 0.0339127 0.0289704 0.0249612 0.0212915
 1.09759e-16 2.73258e-05 0.000265617 0.00176512 0.00802401 0.0249659 0.0531943 0.0776486 0.0776959 0.0534256 0.0257429 0.0102695 0.00740639 0.0125965 0.0234932 0.0389205 0.0563586 0.0714978 0.0799502 0.0796914 0.0722192 0.0614143 0.0510686 0.0430415 0.0371326 0.0321843
 1.17369e-16 2.86609e-05 0.000278595 0.00185136 0.00841603 0.0261856 0.0557923 0.0814372 0.0814692 0.0559487 0.0267114 0.0099389 0.00568948 0.00870887 0.0161914 0.0271219 0.0400065 0.0522891 0.0613458 0.0659417 0.0668182 0.0658392 0.0644493 0.0627631 0.0598806 0.0548968
 1.23293e-16 2.84772e-05 0.000276809 0.00183949 0.00836209 0.0260177 0.0554347 0.0809155 0.0809483 0.0555952 0.0265573 0.0099233 0.00576947 0.00889341 0.016505 0.0275411 0.0403928 0.0523583 0.0607323 0.0643821 0.0643971 0.0631596 0.0625872 0.0629602 0.0630808 0.0613416
 1.20844e-16 3.8031e-05 0.000369675 0.00245662 0.0111675 0.0347463 0.0740316 0.108057 0.108084 0.0741636 0.03519 0.0124515 0.00568886 0.00745623 0.013588 0.0226476 0.0332073 0.0430278 0.0498768 0.0528203 0.0527636 0.0516975 0.0512544 0.0517311 0.0521886 0.0512959
 1.12437e-16 4.71881e-05 0.000458685 0.00304812 0.0138563 0.0431124 0.0918564 0.134073 0.134099 0.0919847 0.0435433 0.0151023 0.00617983 0.00730959 0.0131014 0.0217005 0.0315358 0.0402672 0.0455583 0.0463901 0.0436669 0.039539 0.0359928 0.0338155 0.0325549 0.0312074
 1.06795e-16 5.17997e-05 0.000503512 0.00334601 0.0152105 0.0473257 0.100833 0.147175 0.147201 0.100961 0.0477548 0.0164507 0.00646145 0.00731229 0.013006 0.0214811 0.0310861 0.0394072 0.0440209 0.043825 0.0396817 0.0337838 0.0282735 0.0241991 0.0214231 0.019226
 1.0507e-16 4.86792e-05 0.000473179 0.00314444 0.0142942 0.0444747 0.0947592 0.13831 0.138341 0.0949093 0.0449787 0.0157504 0.00680142 0.00846225 0.0152387 0.0251611 0.0363482 0.0459357 0.0510314 0.0502987 0.0447307 0.0369263 0.0294778 0.0237412 0.0197039 0.0166583
 1.05541e-16 4.57373e-05 0.000444583 0.00295441 0.0134303 0.041787 0.0890327 0.129953 0.129985 0.0891899 0.042315 0.0149562 0.00678769 0.00882309 0.0159887 0.0264402 0.0382711 0.0485195 0.0541836 0.0538636 0.0485539 0.0408807 0.0334365 0.0275357 0.023123 0.0194994
 1.0524e-16 5.19604e-05 0.000505074 0.00335639 0.0152577 0.0474725 0.101146 0.147631 0.147657 0.101272 0.0478961 0.0164822 0.00643312 0.00723205 0.0128585 0.0212565 0.0308057 0.0391389 0.0438686 0.0438853 0.0399799 0.0342252 0.0286412 0.0242113 0.0208299 0.0179054
 1.01965e-16 6.89203e-05 0.00066993 0.00445192 0.0202378 0.0629673 0.134159 0.195812 0.195824 0.134219 0.0631686 0.0208194 0.00591243 0.00386056 0.00613536 0.010052 0.0145162 0.0183445 0.020379 0.020086 0.0178621 0.014745 0.0117687 0.00947272 0.00785014 0.00661784
 1.02704e-16 3.23733e-05 0.00031468 0.00209116 0.00950615 0.0295775 0.0630199 0.0919905 0.0920439 0.0632807 0.0304531 0.0120346 0.00843496 0.0141532 0.0262844 0.0433241 0.0622233 0.07786 0.0850319 0.0813366 0.0686187 0.0517583 0.0358142 0.0237271 0.0158933 0.0111952
 1.03969e-16 6.1733e-05 0.000600067 0.00398766 0.0181273 0.0564009 0.120169 0.175392 0.175406 0.120236 0.0566285 0.0187863 0.00564763 0.00424319 0.00703736 0.0116839 0.0171672 0.0222979 0.0258793 0.0273148 0.0268813 0.0253892 0.02354 0.0215395 0.01921 0.0163726
 1.03948e-16 4.61399e-05 0.000448496 0.00298041 0.0135486 0.0421548 0.0898165 0.131097 0.131134 0.0899944 0.042752 0.0152733 0.00730876 0.00989374 0.0179741 0.0296159 0.0425998 0.0534536 0.0586756 0.0566685 0.0487033 0.0380709 0.0281234 0.0207191 0.0159672 0.0129801
 1.06485e-16 3.81374e-05 0.00037071 0.0024635 0.0111987 0.0348436 0.0742393 0.108362 0.1084 0.074423 0.0354608 0.0129827 0.006947 0.010176 0.0187122 0.0310098 0.0449806 0.0572151 0.0642324 0.0643834 0.0587557 0.0502865 0.0418549 0.0348916 0.029326 0.024446
 1.06681e-16 5.29024e-05 0.00051423 0.00341724 0.0155343 0.048333 0.102979 0.150306 0.150328 0.103088 0.0486966 0.0165856 0.0060613 0.00630314 0.011097 0.0183929 0.0267991 0.0343519 0.0390748 0.0400491 0.0379084 0.0342859 0.0306901 0.0277226 0.0251159 0.0223124
 1.05087e-16 5.11025e-05 0.000496734 0.00330097 0.0150058 0.0466887 0.0994762 0.145194 0.145223 0.0996167 0.0471606 0.0163691 0.00672426 0.00797338 0.0142614 0.023525 0.0339536 0.0428498 0.0475007 0.0466668 0.0413126 0.0339233 0.026977 0.0217666 0.0182582 0.0157239
 1.0835e-16 2.29636e-05 0.000223215 0.00148334 0.00674309 0.0209805 0.0447032 0.0652569 0.0653105 0.0449653 0.0218607 0.00928623 0.00787098 0.0141808 0.0265698 0.0439908 0.0636058 0.0804828 0.0895856 0.0885666 0.0791109 0.0656755 0.0527009 0.0425016 0.0350694 0.0292527
 1.10667e-16 5.03151e-05 0.000489081 0.00325011 0.0147746 0.0459692 0.0979429 0.142954 0.142971 0.0980246 0.0462444 0.0155724 0.00526433 0.00492433 0.00858605 0.0144094 0.0214431 0.0284162 0.0340365 0.0376749 0.0396191 0.0406109 0.0410882 0.040815 0.0391633 0.0357064
 1.09526e-16 4.06491e-05 0.000395124 0.00262574 0.0119362 0.0371383 0.0791284 0.115498 0.115535 0.0793099 0.0377479 0.0136974 0.0070474 0.0100511 0.0183904 0.0303709 0.0438305 0.0553164 0.0613585 0.0604179 0.0538277 0.044881 0.0368093 0.0312127 0.027864 0.0255694
 1.1211e-16 2.91509e-05 0.000283357 0.00188301 0.00855991 0.0266333 0.0567465 0.0828319 0.0828734 0.0569493 0.0273147 0.0105304 0.00683736 0.0111262 0.0207024 0.0343908 0.0500347 0.0639632 0.0724265 0.0736725 0.0689058 0.0612753 0.0537649 0.0476928 0.0427174 0.0378552
 1.10468e-16 5.14529e-05 0.00050014 0.00332361 0.0151087 0.0470087 0.100158 0.146187 0.146206 0.100251 0.0473236 0.0160203 0.00561964 0.00553819 0.00969592 0.0161493 0.0237349 0.0308583 0.0359223 0.0382008 0.0382083 0.0371841 0.0361314 0.0352129 0.0338892 0.0315156
 1.07993e-16 4.38358e-05 0.0004261 0.00283158 0.012872 0.0400497 0.0853315 0.124551 0.124586 0.0855015 0.0406206 0.0145211 0.00697217 0.00946875 0.017229 0.0284456 0.0410533 0.0518088 0.0574481 0.0565046 0.0501921 0.0415653 0.033646 0.0279715 0.0244111 0.0219492
 1.11349e-16 2.44556e-05 0.000237717 0.00157972 0.00718119 0.0223436 0.0476072 0.069494 0.0695414 0.0478388 0.0231219 0.00943104 0.00723461 0.0126072 0.0235891 0.0391496 0.0568408 0.0724166 0.0815355 0.0821685 0.0757247 0.0659109 0.0563042 0.0485916 0.0425177 0.037008
 1.17938e-16 3.30547e-05 0.000321303 0.00213518 0.00970621 0.0301998 0.0643448 0.0939187 0.0939456 0.0644762 0.0306419 0.0109874 0.00536672 0.00742751 0.0136817 0.0229683 0.0340311 0.0447991 0.0531563 0.0581227 0.0603013 0.0611272 0.0615761 0.0614524 0.0597406 0.0555388
 1.07106e-16 6.49254e-05 0.000631098 0.00419387 0.0190647 0.0593175 0.126383 0.184462 0.184473 0.12644 0.0595113 0.0196252 0.00560331 0.00371688 0.00595241 0.00981066 0.0143031 0.0183735 0.0210056 0.0217731 0.0210925 0.0199013 0.0190151 0.0186715 0.0185405 0.0180743
pSPR Fmed_Fpbrs
0.753893   0.285357 0.285357
Fs Fmed_Fpbrs
0.17727   1.005 1.005
SSBpbr Bo_Bmed_Bpbrs
2.38137e+06  1.67623e+06  560471 560471
Ro
256002
SPR SPRFo_SPRFmed_SPRFpbrs
1.82724e+06 1.37755e+06 521417
Fref
1.005
Nvult_r0
 455887 38386.5 13025.1 10655.9 4630.26
CTP_r0
 27451.5 4360.37 1479.54 1210.42 525.957
YTP_r0
391179
Np
 360849 80315.3 32341.9 2473.36 952.259
Nvult_p0
 280534 69500 27986.7 2140.29 824.028
CTP_p0
 93822.5 104175 7966.83 2703.26 2927.28
 93822.5 34836.7 14028.2 1072.82 413.041
YTP_p0
 2.69785e+06 1.61858e+06
CBA_c0
2.37407e+06
log_Ro
12.2729
likeval ReclasPelacesDesembMPH_pf_preclas_ppelaces_ptallas_desvR_qrecl_qpela
 31.9037 19.8728 0.414735 0.00352235 252.483 140.257 104.389 0 17.4479 0 0 1.77966 0 0 0
q_reclas_q_pelaces
1 1
M
1
N
 248314 161607 123539 20477.3 0.441179
 118369 86581.9 53407.9 40827.2 6767.52
 180792 39749.3 26540.2 16371.3 14589.3
 351180 61032.7 12313.8 8221.79 9591.17
 320834 114744 17711.7 3573.46 5169.32
 418871 114322 39602.5 6112.97 3017.46
 175598 143917 36684.7 12708 2929.86
 118939 56990.9 41207.7 10504 4477.61
 82606.6 42945.9 20197.4 14603.9 5309.43
 86546.9 28245.8 13648.8 6419.04 6328.76
 118477 28919 8572.56 4142.4 3868.94
 165408 42045.9 9900.46 2934.83 2742.69
 158740 49816.2 10366.8 2441.05 1399.85
 129240 48554.8 12669.4 2636.52 976.829
 149378 36239.4 10377.5 2707.81 772.273
 524107 46625.8 9597.4 2748.31 921.641
 209490 159367 11718.6 2412.14 922.381
 666898 70380 48895.1 3595.37 1023.06
 554008 215994 20068.2 13941.9 1316.9
 360598 171240 56093.4 5211.69 3962.71
 584045 114368 46823.3 15338 2508.62
 704979 191399 33387.5 13669.1 5209.97
 211166 223878 52469.1 9152.7 5175.43
 483748 72072.1 70891 16614.4 4537.01
 398778 164945 22777.2 22404 6684.55
 216029 136839 52794.8 7290.42 9310.51
 449526 75293.8 45185.3 17433.2 5481.75
 429305 153849 23973.6 14387 7296.13
 171325 147672 49482.4 7710.6 6973.93
 164920 59822.1 48940.8 16399.3 4866.7
 696061 56753.9 19257.4 15754.6 6845.77
pred_Ctot
 8228.33 10476.5 8008.67 1327.49 0.0286003
 6571.88 9263.52 5714.18 4368.16 724.066
 9477.2 4023.82 2686.67 1657.26 1476.88
 25066.7 8305.2 1675.63 1118.8 1305.15
 6385.25 4507.32 695.741 140.371 203.059
 17585.8 9334.21 3233.49 499.115 246.371
 13207 20581.7 5246.32 1817.39 419.003
 1392.61 1324.25 957.51 244.072 104.043
 3705.13 3738.83 1758.37 1271.41 462.235
 5056.81 3174.1 1533.78 721.334 711.189
 2652.93 1275.98 378.243 182.773 170.707
 19271.4 9053.62 2131.84 631.949 590.577
 17168.6 10015.5 2084.24 490.772 281.439
 19859.7 13435.9 3505.82 729.565 270.304
 14502 6590.14 1887.15 492.415 140.438
 58361.4 9630 1982.23 567.631 190.354
 11575.7 16972.9 1248.06 256.898 98.2355
 50949.2 10215.5 7097.03 521.862 148.496
 56762.6 41300.2 3837.24 2665.84 251.805
 31807.7 28466.6 9324.89 866.384 658.756
 40693.1 15209.1 6226.73 2039.71 333.606
 61682.5 31576.2 5508.14 2255.08 859.521
 9701.69 19949.9 4675.56 815.603 461.186
 22504.7 6500.68 6394.16 1498.56 409.224
 17044.7 13703.8 1892.35 1861.34 555.358
 7212.54 8936.32 3447.78 476.103 608.026
 19916.3 6477.38 3887.2 1499.75 471.584
 17728.5 12361.4 1926.22 1155.96 586.226
 5530.61 9331.32 3126.78 487.231 440.681
 6767.34 4776.92 3908.03 1309.52 388.616
 27451.5 4360.37 1479.54 1210.42 525.957
F
 0.0536034 0.107207 0.107207 0.107207 0.107207
 0.0912154 0.182431 0.182431 0.182431 0.182431
 0.0859362 0.171872 0.171872 0.171872 0.171872
 0.118592 0.237185 0.237185 0.237185 0.237185
 0.031906 0.063812 0.063812 0.063812 0.063812
 0.0683294 0.136659 0.136659 0.136659 0.136659
 0.125304 0.250608 0.250608 0.250608 0.250608
 0.0186676 0.0373352 0.0373352 0.0373352 0.0373352
 0.0731434 0.146287 0.146287 0.146287 0.146287
 0.0961897 0.192379 0.192379 0.192379 0.192379
 0.0359581 0.0719162 0.0719162 0.0719162 0.0719162
 0.200076 0.400152 0.400152 0.400152 0.400152
 0.184575 0.36915 0.36915 0.36915 0.36915
 0.271526 0.543052 0.543052 0.543052 0.543052
 0.164327 0.328655 0.328655 0.328655 0.328655
 0.190488 0.380976 0.380976 0.380976 0.380976
 0.0907653 0.181531 0.181531 0.181531 0.181531
 0.127387 0.254775 0.254775 0.254775 0.254775
 0.174115 0.348231 0.348231 0.348231 0.348231
 0.148342 0.296683 0.296683 0.296683 0.296683
 0.115621 0.231241 0.231241 0.231241 0.231241
 0.147067 0.294133 0.294133 0.294133 0.294133
 0.0749787 0.149957 0.149957 0.149957 0.149957
 0.0759529 0.151906 0.151906 0.151906 0.151906
 0.0696 0.1392 0.1392 0.1392 0.1392
 0.0540171 0.108034 0.108034 0.108034 0.108034
 0.0722231 0.144446 0.144446 0.144446 0.144446
 0.0671776 0.134355 0.134355 0.134355 0.134355
 0.052189 0.104378 0.104378 0.104378 0.104378
 0.0667395 0.133479 0.133479 0.133479 0.133479
 0.0640739 0.128148 0.128148 0.128148 0.128148
YTP_r0W_actual
 227848 61481.3 40835.3 41396.4 19618.2
YTP_p0W_proyectada
 702731 1.63242e+06 184273 79394.8 99030
 702731 545891 324473 31508.6 13973.2
CTP_r0_actual
 27451.5 4360.37 1479.54 1210.42 525.957
CTP_p0_proyectada
 93822.5 104175 7966.83 2703.26 2927.28
 93822.5 34836.7 14028.2 1072.82 413.041
Wmedp
 7.49 15.67 23.13 29.37 33.83
Frms_r0
 0.0640739 0.128148 0.128148 0.128148 0.128148
Zrms_r0
 1.06407 1.12815 1.12815 1.12815 1.12815
nmprior
 8.19 8.8 8.5 0
nm_flota  nm_reclas  nm_pelaces    nm_pelaL
inf 7.0866 8.2808 15.6133
cv_recla  cv_pelaces  cv_mph
0.510911 0.505477 1.83156
 ------------------------------------------------
Talla a la edad & desviaci?n 
 8 13.2811 15.8009 17.003 17.5766
 0.8 1.32811 1.58009 1.7003 1.75766
