years
 1991 1992 1993 1994 1995 1996 1997 1998 1999 2000 2001 2002 2003 2004 2005 2006 2007 2008 2009 2010 2011 2012 2013 2014 2015 2016 2017 2018 2019 2020 2021
reclasobs
 0 0 0 0 0 0 0 0 0 252601 567819 844713 477998 351125 339783 2.1784e+06 2.13404e+06 4.81314e+06 1.55562e+06 2.62356e+06 3.21686e+06 3.843e+06 1.13348e+06 3.07943e+06 1.97215e+06 2.03268e+06 2.025e+06 2.42433e+06 2.27542e+06 1.05018e+06 2.36338e+06
reclaspred
 2.75464e+06 1.62211e+06 681694 382876 65214.2 2.47093e+06 1.20036e+06 543731 76737.2 208376 325229 650161 577020 421292 310962 1.82216e+06 1.18281e+06 4.81357e+06 3.75071e+06 1.79424e+06 3.71204e+06 3.36334e+06 1.96222e+06 3.66398e+06 2.41926e+06 1.58989e+06 2.51705e+06 3.57459e+06 2.59098e+06 1.02983e+06 1.56998e+06
pelacesobs
 0 0 0 0 0 0 0 0 0 0 0 0 0 0 0 552880 188675 0 991730 2.46772e+06 1.41603e+06 1.21717e+06 2.29649e+06 1.80582e+06 0 1.4828e+06 1.56532e+06 1.57751e+06 1.42118e+06 867257 1.10002e+06
pelacespred
 696324 393392 153025 60280.7 7639.65 610167 250163 143940 9193.29 37497.1 74736.9 124328 120451 86720 62163.1 368316 236905 1.21657e+06 926557 414700 865174 769060 453946 989194 611109 396315 737877 1.02073e+06 616402 283602 399766
mphobs
 0 0 0 0 0 0 0 0 0 0 0 498337 0 5186 125008 0 168611 109162 213762 579715 649985 157893 87575 83554 0 0 0 0 0 0 0
mphpred
 565218 243959 140449 51652.2 19136.9 2964.11 269561 105451 34376.7 1629.02 12338.8 35792.2 55063.7 36246.4 19225.4 19533.1 206621 117250 514173 332607 207659 343864 359534 208582 369991 256427 150567 234652 455484 244506 84373.4
desembarqueobs
 494567 514787 250237 358949 120608 361735 552515 73892 212993 205616 52469 317467 293654 387597 252695 516296 358380 742168 942051 627588 828172 859565 418607 520667 417249 300574 415391 372974 316634 284311 391294
desembarquepred
 494487 514846 249638 358405 120482 361566 551917 73870.1 212655 205407 52455.3 317165 293328 386881 252365 515862 358229 741670 940735 626498 827637 858733 418347 520435 416969 300337 415130 372772 316455 284065 391054
Reclutas
 13074.5 170915 33192.4 64273.9 6951.13 389701 10500.8 2771.49 4817.26 60953.7 48989.5 129307 80838.9 68390.9 45708.7 393979 14628.1 743552 301734 110802 392329 505748 19886.2 280587 167232 43325.2 230329 304962 24042.5 11329.8 159355
log_desv_Rt
 -1.64765 0.92285 -0.715994 -0.0551611 -2.27941 1.74707 -1.86686 -3.19893 -2.64611 -0.1082 -0.326709 0.643878 0.174144 0.00692535 -0.396026 1.75798 -1.53537 2.39312 1.49123 0.489433 1.75379 2.00772 -1.22829 1.41857 0.901065 -0.449581 1.22119 1.50187 -1.03849 -1.79088 0.852821
SSB
 1.64864e+06 711583 409665 150660 55818.8 8645.76 786260 307581 100271 4751.57 35990 104399 160611 105724 56077 56974.5 602675 341996 1.49975e+06 970155 605705 1.00299e+06 1.0487e+06 608395 1.0792e+06 747950 439177 684437 1.32856e+06 713179 246102
BT
 2.06503e+06 1.42191e+06 585986 433526 114702 1.72554e+06 1.06903e+06 400897 230949 282428 216566 547552 538919 599638 394221 1.25749e+06 829273 3.4775e+06 3.02339e+06 1.56318e+06 2.69542e+06 2.55168e+06 1.40826e+06 2.77512e+06 1.80595e+06 1.18924e+06 2.13939e+06 2.72739e+06 1.68607e+06 959336 1.30726e+06
Ftot
 0.313923 0.649045 0.657292 1.77528 2.54037 0.428049 0.786315 0.241657 3.20484 2.40616 0.425712 1.16156 1.10254 1.97245 1.86993 0.788646 0.54451 0.418165 0.51837 0.665113 0.530983 0.575909 0.384955 0.350001 0.351814 0.363039 0.412008 0.262312 0.222367 0.48265 0.629101
BD_Bspro_t
 0.951338 0.663371 0.468307 0.263521 0.108859 0.0265245 0.603967 0.333259 0.176542 0.016128 0.131488 0.354911 0.315345 0.20517 0.118652 0.126107 0.470436 0.332695 0.613868 0.473499 0.330772 0.446418 0.483931 0.391987 0.560902 0.53228 0.468402 0.599466 0.719066 0.583149 0.379932
BD_Bspro
 3.39589 1.46573 0.843835 0.310332 0.114977 0.0178087 1.61955 0.633561 0.206539 0.00978737 0.074133 0.215044 0.330829 0.217773 0.115508 0.117357 1.2414 0.704449 3.08921 1.99834 1.24764 2.06597 2.16012 1.25318 2.22295 1.54064 0.904625 1.40982 2.7366 1.46902 0.506925
BD_Bo
 1.05136 0.453785 0.261248 0.0960776 0.0355963 0.0055135 0.501407 0.196148 0.0639437 0.00303013 0.0229513 0.0665766 0.102423 0.0674215 0.035761 0.0363333 0.384333 0.218095 0.956407 0.618679 0.386265 0.639617 0.668766 0.387981 0.688216 0.476976 0.280068 0.436473 0.84724 0.454803 0.156942
BD_Brms
 4.88921 2.11028 1.21491 0.446799 0.165537 0.02564 2.33174 0.912165 0.297363 0.0140913 0.106732 0.309607 0.476309 0.313536 0.166302 0.168964 1.7873 1.01423 4.44767 2.8771 1.79628 2.97447 3.11002 1.80426 3.20047 2.21813 1.30243 2.02977 3.94 2.11501 0.729842
Sel_flota
 0.587524 0.964366 0.998059 0.999898 0.999995
 0.587524 0.964366 0.998059 0.999898 0.999995
 0.587524 0.964366 0.998059 0.999898 0.999995
 0.587524 0.964366 0.998059 0.999898 0.999995
 0.587524 0.964366 0.998059 0.999898 0.999995
 0.587524 0.964366 0.998059 0.999898 0.999995
 0.587524 0.964366 0.998059 0.999898 0.999995
 0.587524 0.964366 0.998059 0.999898 0.999995
 0.587524 0.964366 0.998059 0.999898 0.999995
 0.587524 0.964366 0.998059 0.999898 0.999995
 0.587524 0.964366 0.998059 0.999898 0.999995
 0.587524 0.964366 0.998059 0.999898 0.999995
 0.587524 0.964366 0.998059 0.999898 0.999995
 0.587524 0.964366 0.998059 0.999898 0.999995
 0.587524 0.964366 0.998059 0.999898 0.999995
 0.587524 0.964366 0.998059 0.999898 0.999995
 0.587524 0.964366 0.998059 0.999898 0.999995
 0.587524 0.964366 0.998059 0.999898 0.999995
 0.587524 0.964366 0.998059 0.999898 0.999995
 0.587524 0.964366 0.998059 0.999898 0.999995
 0.587524 0.964366 0.998059 0.999898 0.999995
 0.587524 0.964366 0.998059 0.999898 0.999995
 0.587524 0.964366 0.998059 0.999898 0.999995
 0.587524 0.964366 0.998059 0.999898 0.999995
 0.587524 0.964366 0.998059 0.999898 0.999995
 0.587524 0.964366 0.998059 0.999898 0.999995
 0.587524 0.964366 0.998059 0.999898 0.999995
 0.587524 0.964366 0.998059 0.999898 0.999995
 0.587524 0.964366 0.998059 0.999898 0.999995
 0.587524 0.964366 0.998059 0.999898 0.999995
 0.587524 0.964366 0.998059 0.999898 0.999995
Sel_reclas
 1 1 1 1 1
 1 1 1 1 1
 1 1 1 1 1
 1 1 1 1 1
 1 1 1 1 1
 1 1 1 1 1
 1 1 1 1 1
 1 1 1 1 1
 1 1 1 1 1
 1 1 1 1 1
 1 1 1 1 1
 1 1 1 1 1
 1 1 1 1 1
 1 1 1 1 1
 1 1 1 1 1
 1 1 1 1 1
 1 1 1 1 1
 1 1 1 1 1
 1 1 1 1 1
 1 1 1 1 1
 1 1 1 1 1
 1 1 1 1 1
 1 1 1 1 1
 1 1 1 1 1
 1 1 1 1 1
 1 1 1 1 1
 1 1 1 1 1
 1 1 1 1 1
 1 1 1 1 1
 1 1 1 1 1
 1 1 1 1 1
Sel_pelaces
 1 1 1 1 1
 1 1 1 1 1
 1 1 1 1 1
 1 1 1 1 1
 1 1 1 1 1
 1 1 1 1 1
 1 1 1 1 1
 1 1 1 1 1
 1 1 1 1 1
 1 1 1 1 1
 1 1 1 1 1
 1 1 1 1 1
 1 1 1 1 1
 1 1 1 1 1
 1 1 1 1 1
 1 1 1 1 1
 1 1 1 1 1
 1 1 1 1 1
 1 1 1 1 1
 1 1 1 1 1
 1 1 1 1 1
 1 1 1 1 1
 1 1 1 1 1
 1 1 1 1 1
 1 1 1 1 1
 1 1 1 1 1
 1 1 1 1 1
 1 1 1 1 1
 1 1 1 1 1
 1 1 1 1 1
 1 1 1 1 1
pf_obs 
 0.8446 0.082 0.0669 0.0065 0
 0.8095 0.147 0.0364 0.0071 0
 0.9664 0.0169 0.016 0.0007 0
 0.9276 0.0648 0.0075 0.0001 0
 0.7033 0.2144 0.0806 0.0017 0
 0.9318 0.0425 0.0243 0.0014 0
 0.5671 0.3108 0.0964 0.0239 0.0018
 0.0768 0.2599 0.5324 0.112 0.0189
 0.490249 0.384438 0.106611 0.0170017 0.00170017
 0.7925 0.1577 0.0466 0.003 0.0002
 0.840416 0.127587 0.0312969 0.00059994 9.999e-05
 0.8084 0.0986 0.0794 0.0134 0.0002
 0.7335 0.1905 0.0724 0.0035 0.0001
 0.4001 0.4547 0.1325 0.0127 0
 0.49795 0.308269 0.164784 0.0264974 0.00249975
 0.9179 0.0499 0.0305 0.0017 0
 0.2467 0.6533 0.0926 0.0074 0
 0.9418 0.0223 0.034 0.0019 0
 0.707729 0.231977 0.0356964 0.0245975 0
 0.517169 0.277429 0.184464 0.0207286 0.00020938
 0.811772 0.124168 0.05621 0.00726502 0.000585176
 0.764997 0.148141 0.077277 0.00933861 0.000247198
 0.163321 0.427699 0.378323 0.0303852 0.000271297
 0.753843 0.0900009 0.118128 0.0371064 0.000921714
 0.721811 0.176058 0.0630433 0.0369309 0.00215725
 0.143369 0.312575 0.442814 0.0836902 0.0175525
 0.692698 0.0596174 0.167031 0.0765114 0.00414204
 0.394062 0.376323 0.152708 0.0712218 0.00568511
 0.125707 0.32114 0.495352 0.0537591 0.00404204
 0.23352 0.215282 0.420074 0.123614 0.00750983
 0.774587 0.0839891 0.0768558 0.0609784 0.00358967
pf_pred 
 0.0704184 0.285083 0.544485 0.100013 1.01955e-06
 0.771032 0.0269936 0.0636583 0.116891 0.0214257
 0.309697 0.598756 0.0112628 0.025348 0.0549363
 0.728496 0.124761 0.128107 0.00229808 0.016338
 0.368933 0.55359 0.0370748 0.0352901 0.00511171
 0.996526 0.00226499 0.00107279 6.52325e-05 7.07116e-05
 0.0600919 0.938083 0.00120725 0.000548349 6.93258e-05
 0.072858 0.101233 0.824384 0.00100954 0.000515129
 0.356281 0.0788311 0.0638383 0.500127 0.000923011
 0.992195 0.0055436 0.000308283 0.000222017 0.00173146
 0.853213 0.146418 0.000269201 1.36456e-05 8.60119e-05
 0.85642 0.130871 0.0126783 2.23508e-05 8.25462e-06
 0.687584 0.289769 0.0207479 0.00189434 4.55811e-06
 0.735112 0.218189 0.0434927 0.0029383 0.000268077
 0.79542 0.180783 0.0198755 0.00365349 0.000268156
 0.97755 0.0204432 0.00178937 0.000182014 3.57615e-05
 0.0946352 0.894738 0.00971944 0.000809322 9.82311e-05
 0.951499 0.00771599 0.0403265 0.000419109 3.90406e-05
 0.474064 0.5116 0.00236145 0.01184 0.000134212
 0.359593 0.396612 0.23744 0.00104901 0.00530666
 0.828542 0.088486 0.0523016 0.029873 0.000797509
 0.740255 0.233557 0.0138084 0.00781023 0.00456918
 0.0750688 0.776155 0.134387 0.00759632 0.0067934
 0.79343 0.0257017 0.15276 0.0253951 0.00271313
 0.527264 0.412623 0.00774707 0.0442429 0.00812325
 0.268581 0.482256 0.218619 0.00394377 0.0266001
 0.819505 0.0707501 0.0733517 0.0319405 0.00445236
 0.72134 0.248185 0.0122518 0.0121895 0.00603422
 0.113724 0.721756 0.147146 0.00699319 0.0103803
 0.145319 0.152244 0.575983 0.113125 0.013329
 0.890144 0.026298 0.0154226 0.0558931 0.0122425
pobs_RECLAS
 0 0 0 0 0
 0 0 0 0 0
 0 0 0 0 0
 0 0 0 0 0
 0 0 0 0 0
 0 0 0 0 0
 0 0 0 0 0
 0 0 0 0 0
 0 0 0 0 0
 0 0 0 0 0
 0.991045 0.00858322 0.000360255 1.14367e-05 0
 0.934742 0.0480273 0.0164251 0.00080598 0
 0.827803 0.169806 0.00239088 0 0
 0.941827 0.0461693 0.0120037 0 0
 0.791401 0.0380133 0.147996 0.0225897 0
 0.846168 0.0940531 0.0597789 0 0
 0.134021 0.677848 0.182769 0.00536245 0
 0.80878 0.0450904 0.141981 0.00414843 0
 0.846168 0.0940531 0.0597789 0 0
 0.905697 0.0802665 0.012482 0.00150086 5.37128e-05
 0.989698 0.0102097 9.19794e-05 0 0
 0.975433 0.0193895 0.00387452 0.00125025 5.28907e-05
 0.303575 0.632131 0.0575291 0.00676475 0
 0.966965 0.00978017 0.0227588 0.000495775 0
 0.843318 0.132988 0.00938335 0.0141283 0.000182051
 0.564624 0.303363 0.111486 0.0197234 0.00080311
 0.826376 0.0876187 0.0782897 0.00655872 0.00115652
 0.89761 0.0855135 0.0140674 0.00269457 0.000114338
 0.34875 0.467042 0.161289 0.0227151 0.000203297
 0.318654 0.224769 0.449479 0.00709798 0
 0.937255 0.0296025 0.0250945 0.00804832 0
ppred_RECLAS
 0.114243 0.278423 0.513239 0.0940941 9.59122e-07
 0.854855 0.0177024 0.0402228 0.0737107 0.0135095
 0.432699 0.494579 0.00896306 0.0201319 0.0436269
 0.836032 0.0772587 0.0757222 0.00135496 0.00963164
 0.543205 0.403453 0.0255658 0.0242624 0.00351381
 0.997943 0.00135803 0.000620481 3.76564e-05 4.08151e-05
 0.0983095 0.900006 0.00111499 0.000505409 6.38902e-05
 0.118369 0.0993209 0.780869 0.000954451 0.000486971
 0.563981 0.0566201 0.0430084 0.335771 0.00061957
 0.99612 0.00280014 0.000147581 0.000105975 0.000826349
 0.906612 0.0931615 0.000165232 8.35929e-06 5.26856e-05
 0.912969 0.0796096 0.00740365 1.30234e-05 4.80926e-06
 0.793817 0.191789 0.0131891 0.0012016 2.89091e-06
 0.841135 0.131966 0.0250562 0.00168831 0.000154013
 0.879748 0.106846 0.0112013 0.00205374 0.000150718
 0.986757 0.0120998 0.00101952 0.000103493 2.03317e-05
 0.149466 0.840907 0.00880639 0.000731855 8.88194e-05
 0.971226 0.00471787 0.0237867 0.000246737 2.29815e-05
 0.602249 0.387304 0.00172372 0.00862557 9.77655e-05
 0.490747 0.31985 0.184475 0.000813381 0.00411424
 0.892019 0.0567307 0.0323293 0.0184293 0.000491949
 0.828052 0.155191 0.00884398 0.00499242 0.00292038
 0.119751 0.742882 0.124104 0.00700164 0.00626094
 0.86833 0.0169048 0.0969588 0.0160878 0.0017186
 0.65092 0.306117 0.00554622 0.0316136 0.00580384
 0.382262 0.412257 0.180336 0.00324694 0.0218978
 0.885666 0.0458164 0.0458255 0.0199159 0.00277591
 0.811574 0.168478 0.00802896 0.00797308 0.00394655
 0.176065 0.675334 0.132935 0.00630594 0.00935927
 0.226874 0.141911 0.517765 0.101493 0.0119572
 0.933729 0.0163362 0.0092317 0.03339 0.00731276
pobs_PELACES
 0 0 0 0 0
 0 0 0 0 0
 0 0 0 0 0
 0 0 0 0 0
 0 0 0 0 0
 0 0 0 0 0
 0 0 0 0 0
 0 0 0 0 0
 0 0 0 0 0
 0 0 0 0 0
 0 0 0 0 0
 0 0 0 0 0
 0 0 0 0 0
 0 0 0 0 0
 0 0 0 0 0
 0 0 0 0 0
 0.505614 0.472636 0.0217494 0 0
 0 0 0 0 0
 0.443492 0.261883 0.143347 0.151278 0
 0.227955 0.32914 0.350689 0.0885471 0.00366901
 0.970185 0.0296113 0.000203453 0 0
 0.997202 0.00247181 0.000326279 0 0
 0.445219 0.490057 0.0546422 0.010081 0
 0.90214 0.0892962 0.00764917 0.000914606 0
 0 0 0 0 0
 0.581667 0.319106 0.0959925 0.00289975 0.000334073
 0.762889 0.0836404 0.116647 0.0363945 0.000428098
 0.88444 0.0763242 0.0277011 0.0115352 0
 0.521256 0.241999 0.230069 0.00667565 0
 0.616807 0.101726 0.260614 0.0208532 0
 0.833518 0.0704572 0.0857862 0.0102388 0
ppred_PELACES
 0.118505 0.277753 0.510219 0.0935226 9.53287e-07
 0.865353 0.0165303 0.0372894 0.0683082 0.0125191
 0.453106 0.477256 0.00858613 0.0192776 0.0417747
 0.865324 0.0641245 0.0616208 0.00110144 0.00782911
 0.620699 0.336132 0.0207067 0.0196207 0.00284134
 0.998053 0.00128778 0.000585587 3.55295e-05 3.85093e-05
 0.107326 0.891021 0.00109425 0.000495771 6.26703e-05
 0.121796 0.099171 0.777598 0.000950313 0.000484856
 0.66559 0.0448567 0.0328801 0.2562 0.000472696
 0.997143 0.00207813 0.000106636 7.64618e-05 0.000596172
 0.911 0.0887854 0.000156727 7.92695e-06 4.99601e-05
 0.92386 0.0697239 0.00640108 1.12519e-05 4.15493e-06
 0.815485 0.171781 0.0116692 0.00106241 2.55597e-06
 0.871656 0.107008 0.0198766 0.00133771 0.000122022
 0.902464 0.086864 0.00891911 0.00163344 0.000119867
 0.987988 0.0109832 0.000917348 9.30768e-05 1.8285e-05
 0.158289 0.83224 0.00866303 0.000719703 8.73431e-05
 0.972747 0.00448582 0.0225118 0.000233453 2.1744e-05
 0.617622 0.372393 0.00164784 0.00824325 9.34306e-05
 0.512109 0.307277 0.175917 0.000775337 0.00392172
 0.898477 0.0534902 0.0303031 0.0172687 0.000460961
 0.838097 0.146218 0.00827943 0.00467209 0.00273296
 0.124963 0.738978 0.122925 0.00693348 0.00619992
 0.873605 0.0162831 0.0930303 0.0154327 0.0016486
 0.660907 0.297508 0.00536921 0.0305981 0.00561735
 0.3933 0.405438 0.176639 0.00317967 0.0214439
 0.891024 0.0437914 0.0435999 0.0189439 0.0026404
 0.816559 0.164072 0.00779624 0.00774075 0.00383152
 0.180179 0.672263 0.132004 0.00626092 0.00929239
 0.238377 0.140419 0.509581 0.0998593 0.0117646
 0.938726 0.0151877 0.00852286 0.0308144 0.00674855
pobs_pel_tallas
 0 0 0 0 0 0 0 0 0 0 0 0 0 0 0 0 0 0 0 0 0 0 0 0 0 0
 0 0 0 0 0 0 0 0 0 0 0 0 0 0 0 0 0 0 0 0 0 0 0 0 0 0
 0 0 0 0 0 0 0 0 0 0 0 0 0 0 0 0 0 0 0 0 0 0 0 0 0 0
 0 0 0 0 0 0 0 0 0 0 0 0 0 0 0 0 0 0 0 0 0 0 0 0 0 0
 0 0 0 0 0 0 0 0 0 0 0 0 0 0 0 0 0 0 0 0 0 0 0 0 0 0
 0 0 0 0 0 0 0 0 0 0 0 0 0 0 0 0 0 0 0 0 0 0 0 0 0 0
 0 0 0 0 0 0 0 0 0 0 0 0 0 0 0 0 0 0 0 0 0 0 0 0 0 0
 0 0 0 0 0 0 0 0 0 0 0 0 0 0 0 0 0 0 0 0 0 0 0 0 0 0
 0 0 0 0 0 0 0 0 0 0 0 0 0 0 0 0 0 0 0 0 0 0 0 0 0 0
 0 0 0 0 0 0 0 0 0 0 0 0 0 0 0 0 0 0 0 0 0 0 0 0 0 0
 0 0 0 0 0 0 0 0 0 0 0 0 0 0 0 0 0 0 0 0 0 0 0 0 0 0
 0 0 0 0 0 0 0 0 0 0 0 0 0 0 0 0 0 0 0 0 0 0 0 0 0 0
 0.00862536 0 0 0.000197151 0.00414017 0.0128641 0.00837892 0.0270097 0.101434 0.158115 0.152841 0.127902 0.109271 0.109419 0.0830992 0.0579132 0.0238553 0.00714673 0.00463305 0.00128148 0.00103504 0.000492878 0.000147863 0.000147863 4.92878e-05 0
 0 0 0 0 0 0 0 0 0 0 0 0 0 0 0 0 0 0 0 0 0 0 0 0 0 0
 0 0 0 0 0 0 0 0.0054083 0.00873648 0.0413646 0.0450493 0.0745869 0.0622846 0.0627006 0.0613931 0.0827291 0.12552 0.122667 0.0946155 0.0697135 0.0546179 0.0294188 0.0215738 0.0213955 0.0102223 0.00600262
 0 0 0 0 0.00359764 0.0251062 0.0480494 0.140153 0.205849 0.193036 0.1447 0.116669 0.0760912 0.0342217 0.00950174 0.001854 0.000860785 0 0 0 0.000165536 0 0.000143464 0 0 0
 0 0 0 0 0 0 0 0.000145254 0.000435761 0.0275982 0.070085 0.0708112 0.156366 0.174668 0.174014 0.160142 0.0824315 0.0480064 0.0283245 0.00493863 0.00203355 0 0 0 0 0
 0 0 0 0 0 0 0 0 0 0 0 0 0 0 0 0 0 0 0 0 0 0 0 0 0 0
 0 0 1.00437e-05 0.000401748 0.00122533 0.00171747 0.00176769 0.0269171 0.070346 0.194647 0.189555 0.159765 0.064822 0.0314167 0.0384472 0.0292271 0.0345202 0.0313363 0.0194345 0.0106764 0.0143323 0.0359363 0.0279516 0.0138201 0.00172751 0
 0 0.0021121 0.0136068 0.0755702 0.200478 0.177729 0.0527432 0.0373336 0.0318909 0.0142505 0.0149659 0.0166563 0.0217959 0.0798694 0.0677717 0.0528807 0.04013 0.0224614 0.0357745 0.0225083 0.00881397 0.00855152 0.00135912 0.000746735 0 0
 0 0 0 0 5.4009e-05 0.00500934 0.000945158 0.0243581 0.138947 0.33067 0.221406 0.137944 0.0707744 0.0437923 0.0131692 0.00525238 0.0047753 0.00276346 9.45158e-05 9.00151e-06 2.25038e-05 9.00151e-06 4.50075e-06 0 0 0
 0.000866109 0.00284123 0.00948549 0.0512746 0.133035 0.25785 0.225252 0.132002 0.0553304 0.0519788 0.0540692 0.017754 0.00435017 0.00159236 0.00146478 0.000404838 0.000125132 0.000115318 0.000107957 0.000100596 0 0 0 0 0 0
 0 0 0 0 0.00144013 0.00171154 0.00461396 0.0210425 0.0478622 0.0707936 0.0888783 0.103762 0.0637923 0.0337046 0.0602308 0.124433 0.169614 0.0934646 0.0462172 0.0250306 0.0313229 0.00938855 0.002487 0.000210481 0 0
 0 0.00764035 0.051015 0.0998891 0.058973 0.0496711 0.0374665 0.0718981 0.12319 0.153886 0.159021 0.0857701 0.0377988 0.023471 0.0147837 0.00900784 0.00315554 0.000888139 0.00291439 0.00214683 0.00393193 0.00274676 0.000635225 9.99891e-05 0 0
 0 0 0 0 0 0 0 0 0 0 0 0 0 0 0 0 0 0 0 0 0 0 0 0 0 0
 0 0 0 0 0 0 0 0 0 0 0 0 0 0 0 0 0 0 0 0 0 0 0 0 0 0
 0 0 0 0 0 0 0 0 0 0 0 0 0 0 0 0 0 0 0 0 0 0 0 0 0 0
 0 0 0 0 0 0 0 0 0 0 0 0 0 0 0 0 0 0 0 0 0 0 0 0 0 0
 0 0 0 0 0 0 0 0 0 0 0 0 0 0 0 0 0 0 0 0 0 0 0 0 0 0
 0 0 0 0 0 0 0 0 0 0 0 0 0 0 0 0 0 0 0 0 0 0 0 0 0 0
 0 0 0 0 0 0 0 0 0 0 0 0 0 0 0 0 0 0 0 0 0 0 0 0 0 0
ppred_pel_tallas
 1.24174e-16 9.76114e-06 9.48818e-05 0.000630524 0.00286629 0.00891824 0.0190023 0.0277401 0.0277676 0.0191371 0.00937325 0.00419022 0.00399037 0.0075507 0.0145254 0.0249271 0.038076 0.052413 0.0662154 0.0785014 0.089186 0.0982523 0.104773 0.106871 0.102791 0.0921975
 1.1005e-16 7.1278e-05 0.000692847 0.00460421 0.0209301 0.0651213 0.138748 0.202507 0.202509 0.138756 0.0651491 0.0210116 0.00481316 0.0011636 0.0010096 0.00167641 0.0027014 0.00404383 0.00574487 0.00790759 0.0106447 0.0139476 0.0175546 0.0209291 0.0233944 0.0243693
 1.09373e-16 3.73218e-05 0.000362781 0.00241081 0.0109592 0.0340985 0.0726521 0.106048 0.106093 0.0728765 0.0348515 0.0131331 0.00786383 0.0122546 0.0225872 0.037194 0.0533783 0.0667341 0.0728329 0.0697195 0.0591605 0.0455615 0.0334182 0.0252299 0.0210642 0.0194786
 1.03231e-16 7.12756e-05 0.000692824 0.00460406 0.0209294 0.0651192 0.138743 0.202501 0.202508 0.138774 0.0652223 0.0212283 0.00535826 0.0023523 0.00326118 0.00537827 0.00797273 0.0105092 0.0124784 0.0136236 0.0140433 0.0140291 0.0137897 0.0133088 0.0124333 0.0110678
 1.03133e-16 5.11262e-05 0.000496965 0.00330251 0.0150128 0.0467104 0.0995227 0.145263 0.145295 0.0996808 0.0472412 0.0165452 0.00714742 0.00888456 0.0159637 0.0262667 0.0377333 0.047247 0.0516753 0.0495947 0.0421585 0.0323474 0.0232168 0.0164896 0.0123011 0.00985186
 1.00028e-16 8.22083e-05 0.000799094 0.00531026 0.0241397 0.0751075 0.160024 0.23356 0.23356 0.160025 0.0751095 0.0241456 0.00532517 0.000831738 0.000144495 0.000109502 0.000151439 0.000193717 0.000220089 0.000224867 0.000211276 0.000188235 0.00016421 0.000142975 0.000123837 0.000104678
 1.0032e-16 8.84049e-06 8.59328e-05 0.000571058 0.002596 0.00807758 0.0172133 0.0251413 0.0252269 0.0176318 0.00948229 0.00665065 0.0107388 0.022249 0.0420029 0.0691689 0.0990378 0.123277 0.133402 0.12551 0.102683 0.0730741 0.0452702 0.0244597 0.0115799 0.00486173
 1.22643e-16 1.00322e-05 9.75162e-05 0.00064803 0.00294586 0.00916571 0.0195289 0.0285053 0.028516 0.0195819 0.00934709 0.00348468 0.00205678 0.00335834 0.00674457 0.0125409 0.0213242 0.0335654 0.0494637 0.0686446 0.0896261 0.109406 0.123805 0.12885 0.12259 0.106193
 1.26734e-16 5.48238e-05 0.000532907 0.00354135 0.0160985 0.0500884 0.106719 0.15576 0.155765 0.106741 0.0501621 0.0163135 0.00408878 0.00175504 0.00246017 0.00421589 0.0066617 0.00973253 0.0135239 0.0183846 0.0248138 0.033075 0.0427295 0.0524327 0.060211 0.0641396
 1.00113e-16 8.21333e-05 0.000798365 0.00530542 0.0241177 0.075039 0.159878 0.233347 0.233348 0.159879 0.0750423 0.0241271 0.00532921 0.000850285 0.000180703 0.00016867 0.000234902 0.000295261 0.000326286 0.000320146 0.00028538 0.000241586 0.000207883 0.000193515 0.000195974 0.000205492
 1.00037e-16 7.50379e-05 0.000729395 0.00484709 0.0220342 0.0685565 0.146067 0.213191 0.2132 0.146109 0.0686965 0.0224382 0.00586026 0.00293787 0.00425963 0.00689778 0.0098694 0.0122849 0.0132947 0.0125094 0.0102362 0.00728726 0.00451805 0.00244537 0.00116251 0.000493228
 1.00205e-16 7.60971e-05 0.000739691 0.00491551 0.0223452 0.0695242 0.148129 0.2162 0.216207 0.148162 0.0696343 0.0226632 0.0057134 0.00248043 0.00337891 0.00545713 0.00783363 0.0098074 0.0107193 0.0102641 0.00866785 0.00653701 0.00450181 0.00293151 0.00188302 0.00122933
 1.00488e-16 6.71705e-05 0.000652921 0.00433889 0.019724 0.0613687 0.130753 0.190841 0.190858 0.130834 0.0616399 0.020507 0.00630331 0.00493773 0.00819435 0.013413 0.0192502 0.0240689 0.0262484 0.0250388 0.0210087 0.0156725 0.0106076 0.00674201 0.00421895 0.00271068
 1.00756e-16 7.17972e-05 0.000697894 0.00463775 0.0210826 0.0655957 0.139759 0.203984 0.203995 0.139809 0.065765 0.0215718 0.00586601 0.00338012 0.00516847 0.00843752 0.0121623 0.0153229 0.0169278 0.0165125 0.0144029 0.0114794 0.00863947 0.00638342 0.00476146 0.00358571
 1.00464e-16 7.43347e-05 0.00072256 0.00480167 0.0218277 0.0679141 0.144698 0.211193 0.211202 0.144739 0.0680513 0.022224 0.00579619 0.00289266 0.00419292 0.00680656 0.00977999 0.0122602 0.0134319 0.0129185 0.0110026 0.0084351 0.00599085 0.00411504 0.00286319 0.00206575
 1.00042e-16 8.13793e-05 0.000791036 0.00525671 0.0238962 0.0743501 0.158411 0.231205 0.231206 0.158416 0.0743674 0.0239463 0.00538237 0.00106518 0.000601491 0.000864149 0.00123351 0.00154367 0.00168667 0.00161442 0.00136297 0.00102833 0.000710127 0.000466517 0.0003059 0.000207278
 1.0055e-16 1.30383e-05 0.000126737 0.000842214 0.00382863 0.0119127 0.0253843 0.0370659 0.0371459 0.0257753 0.013225 0.00761667 0.0103419 0.0208356 0.0392572 0.0646543 0.0926068 0.115342 0.124947 0.117778 0.0966944 0.069275 0.0434883 0.0241343 0.0120662 0.00564331
 1.00678e-16 8.01239e-05 0.000778833 0.00517562 0.0235276 0.0732031 0.155967 0.227638 0.227639 0.155969 0.0732109 0.0235506 0.00523485 0.000913458 0.000351358 0.000494446 0.000798087 0.00119731 0.00167806 0.00222263 0.00279406 0.00332023 0.00369523 0.0038123 0.00361501 0.00313244
 1.00986e-16 5.08728e-05 0.000494502 0.00328614 0.0149383 0.0464789 0.0990295 0.144544 0.14458 0.0992045 0.0470661 0.0166333 0.00753682 0.00976085 0.0176114 0.0289357 0.0414469 0.0516373 0.0559755 0.052847 0.0435503 0.0314881 0.0202204 0.0118642 0.00674726 0.00407236
 1.05897e-16 4.21818e-05 0.000410022 0.00272474 0.0123863 0.0385385 0.0821115 0.11985 0.11988 0.0822573 0.0390286 0.0138044 0.00629398 0.0082332 0.0149916 0.0249552 0.0364941 0.0470251 0.0538858 0.055753 0.0532872 0.0484248 0.0429664 0.0376599 0.0323367 0.0266588
 1.02699e-16 7.40064e-05 0.000719368 0.00478046 0.0217313 0.067614 0.144059 0.210259 0.210265 0.144084 0.0676995 0.0219786 0.00540325 0.00208572 0.00268907 0.00438167 0.006431 0.00835592 0.00971997 0.0103283 0.0103242 0.0100472 0.00976897 0.00952786 0.0091676 0.00850436
 1.01208e-16 6.9033e-05 0.000671025 0.0044592 0.0202709 0.0630703 0.134379 0.196132 0.196146 0.134447 0.0633012 0.0209373 0.00613121 0.00431806 0.00698676 0.0114188 0.0163906 0.0205042 0.0223884 0.0214189 0.0180967 0.0137244 0.00964569 0.00663105 0.00476074 0.00370088
 1.05481e-16 1.02932e-05 0.000100054 0.000664897 0.00302257 0.00940472 0.0200404 0.0292645 0.0293357 0.0203885 0.0105737 0.00639936 0.00914204 0.0186087 0.0351699 0.058147 0.083805 0.105466 0.116295 0.113092 0.0981522 0.0776353 0.0578407 0.0423031 0.03139 0.0237479
 1.04516e-16 7.19577e-05 0.000699455 0.00464812 0.0211297 0.0657423 0.140071 0.204438 0.20444 0.140079 0.0657711 0.0212147 0.00486859 0.00120409 0.00109887 0.00188176 0.00312163 0.00479891 0.00692223 0.00946323 0.012289 0.0150847 0.0173539 0.0185576 0.0183412 0.0167088
 1.04251e-16 5.44381e-05 0.000529158 0.00351644 0.0159852 0.0497362 0.105969 0.154671 0.1547 0.106109 0.0502056 0.0173406 0.00691633 0.00794403 0.0141163 0.0231996 0.0332998 0.0416485 0.0454834 0.0435786 0.0370148 0.028502 0.020796 0.0154151 0.0123933 0.010875
 1.09149e-16 3.23957e-05 0.000314897 0.00209261 0.00951271 0.0295978 0.0630626 0.09205 0.0920892 0.0632546 0.0302427 0.0113779 0.00678338 0.010584 0.0196202 0.0326059 0.0474798 0.0607721 0.0689211 0.0702183 0.0657099 0.0582598 0.0506039 0.0439914 0.0382243 0.0325986
 1.03617e-16 7.33925e-05 0.000713401 0.0047408 0.021551 0.0670532 0.142864 0.208515 0.208519 0.142885 0.0671238 0.0217558 0.00525794 0.00185294 0.00226901 0.00371784 0.00554427 0.00738684 0.00892777 0.0100242 0.0107629 0.0113315 0.0118163 0.0121052 0.0119701 0.0112382
 1.01692e-16 6.72589e-05 0.000653781 0.0043446 0.01975 0.0614495 0.130925 0.191093 0.191108 0.131002 0.0617085 0.0204977 0.00622051 0.00474546 0.0078281 0.0128092 0.0183867 0.0230015 0.0251193 0.0240465 0.0203548 0.0155149 0.0110382 0.0077817 0.00581564 0.00473754
 1.06182e-16 1.48413e-05 0.000144262 0.000958677 0.00435805 0.0135598 0.0288931 0.0421839 0.0422487 0.02921 0.014624 0.00743231 0.00867788 0.0170032 0.0320555 0.0530281 0.0765177 0.0964848 0.106748 0.104404 0.0915031 0.0735546 0.0561556 0.042393 0.0325245 0.0253227
 1.26747e-16 1.96348e-05 0.000190857 0.00126831 0.00576558 0.0179389 0.0382213 0.0557881 0.0558024 0.0382917 0.0181775 0.00646488 0.00306207 0.00423402 0.00807233 0.0142923 0.0228735 0.0335523 0.0459438 0.059708 0.074326 0.0885486 0.100111 0.106268 0.104997 0.0960817
 1.04483e-16 7.73217e-05 0.000751594 0.00499461 0.0227048 0.0706429 0.150512 0.219677 0.219679 0.15052 0.0706674 0.0227758 0.00517418 0.00114795 0.000843484 0.00130925 0.00197152 0.00268974 0.00339579 0.00410405 0.00491435 0.00593739 0.00718441 0.00850353 0.00961249 0.0102093
pSPR Fmed_Fpbrs
0.391949   0.265036 0.265036
Fs Fmed_Fpbrs
0.652787   1.005 1.005
SSBpbr Bo_Bmed_Bpbrs
1.56811e+06  536213  337199 337199
Ro
67918.9
SPR SPRFo_SPRFmed_SPRFpbrs
485480 190283 128669
Fref
1.005
Nvult_r0
 118846 2509.37 1440.72 5215.39 1142.28
CTP_r0
 32072.6 947.538 555.69 2013.87 441.105
YTP_r0
391054
Np
 134368 40509 629.507 351.99 1521.89
Nvult_p0
 106980 34855.1 544.572 304.586 1316.95
CTP_p0
 39716.3 17154.9 272.701 152.665 660.116
YTP_p0
 608527
CBA_c0
456296
log_Ro
10.9461
likeval ReclasPelacesDesembMPH_pf_preclas_ppelaces_ptallas_desvR_qrecl_qpela
 14.7002 68.4117 0.165058 0.0010043 293.866 123.158 111.708 0 94.1812 1.85471e-05 0 0.0803522 0 0 0
q_reclas_q_pelaces
1.84092 1
M
1
N
 13074.5 33805.8 62647.3 11488.7 0.117108
 170915 3999.74 9187.97 16847.6 3087.87
 33192.4 42941.3 786.873 1768.46 3832.47
 64273.9 8299.09 8380.97 150.212 1067.87
 6951.13 8332.27 551.082 524.208 75.928
 389701 574.863 264.554 16.0618 17.4095
 10500.8 111485 139.957 63.4865 8.02581
 2771.49 2433.85 19213.2 23.4893 11.9846
 4817.26 884.624 709.232 5553.39 10.2488
 60953.7 269.627 14.7985 10.6501 83.0546
 48989.5 5454.49 9.74373 0.493141 3.10816
 129307 14034.1 1330.95 2.34372 0.865533
 80838.9 24040.7 1684.24 153.599 0.369562
 68390.9 15559.7 3054.11 206.163 18.8086
 45708.7 7896.17 854.296 156.902 11.5157
 393979 5605.02 478.588 48.6174 9.55154
 14628.1 91190.3 963.79 80.1359 9.72571
 743552 3908.01 19842.8 205.906 19.1789
 301734 213953 960.563 4809 54.5083
 110802 81858.5 47744.2 210.641 1065.5
 392329 27576.9 15856.5 9043.41 241.41
 505748 105650 6079.46 3433.66 2008.63
 19886.2 132645 22303.6 1258.76 1125.61
 280587 5834.89 33664.4 5587.55 596.905
 167232 84036.3 1531.62 8733.09 1603.31
 43325.2 50032.9 22020.5 396.609 2674.84
 230329 12877 12969.2 5638.61 785.933
 304962 66516 3183.92 3162.52 1565.42
 24042.5 96165.8 19000.7 901.504 1338.03
 11329.8 7761.51 28549.2 5598.74 659.62
 159355 3138.88 1792.71 6487.76 1420.93
pred_Ctot
 1413.1 5720.82 10926.3 2006.98 0.0204596
 35328.3 1236.83 2916.79 5355.89 981.715
 6935.04 13407.9 252.207 567.616 1230.19
 28559.8 4891.09 5022.26 90.0934 640.509
 3818.12 5729.14 383.69 365.22 52.9015
 55908 127.072 60.1867 3.65973 3.96712
 2549.13 39793.9 51.212 23.2612 2.94083
 234.589 325.952 2654.37 3.25054 1.65862
 2970.19 657.187 532.198 4169.38 7.69482
 32505.6 181.615 10.0998 7.27354 56.7248
 6993.67 1200.17 2.2066 0.111851 0.705027
 42699.1 6524.92 632.109 1.11436 0.411557
 25662.5 10815 774.368 70.7021 0.170121
 32473.2 9638.39 1921.27 129.798 11.8422
 20994.2 4771.56 524.592 96.4297 7.07768
 95873.7 2004.98 175.494 17.8511 3.50733
 2598.26 24565.5 266.853 22.2204 2.69699
 104451 847.025 4426.85 46.0078 4.28569
 51331.1 55395.4 255.695 1282.02 14.5323
 23384.2 25791.5 15440.6 68.2168 345.09
 68167.8 7280.13 4303.08 2457.79 65.6145
 94326.8 29760.9 1759.53 995.217 582.227
 2591.8 26797.2 4639.79 262.268 234.546
 33523.8 1085.94 6454.39 1072.99 114.635
 20075.3 15710.4 294.966 1684.53 309.289
 5352.73 9611.2 4357.01 78.598 530.13
 31925.3 2756.2 2857.55 1244.3 173.45
 27881.7 9593.01 473.563 471.157 233.239
 1881.27 11939.6 2434.15 115.684 171.715
 1809.55 1895.79 7172.31 1408.66 165.976
 32072.6 947.538 555.69 2013.87 441.105
F
 0.184438 0.302737 0.313314 0.313891 0.313922
 0.38133 0.625917 0.647785 0.648979 0.649042
 0.386175 0.633871 0.656017 0.657225 0.657289
 1.04302 1.71202 1.77183 1.77509 1.77527
 1.49253 2.44985 2.53544 2.54011 2.54036
 0.251489 0.412796 0.427218 0.428005 0.428046
 0.461979 0.758296 0.784789 0.786235 0.786311
 0.141979 0.233045 0.241188 0.241632 0.241655
 1.88292 3.09064 3.19862 3.20451 3.20482
 1.41368 2.32042 2.40149 2.40591 2.40614
 0.250116 0.410542 0.424886 0.425668 0.42571
 0.682447 1.12017 1.15931 1.16145 1.16156
 0.647771 1.06326 1.1004 1.10243 1.10254
 1.15886 1.90216 1.96862 1.97225 1.97244
 1.09863 1.80329 1.8663 1.86973 1.86992
 0.463349 0.760544 0.787116 0.788566 0.788642
 0.319913 0.525107 0.543453 0.544454 0.544507
 0.245682 0.403264 0.417353 0.418122 0.418162
 0.304555 0.499898 0.517364 0.518317 0.518367
 0.39077 0.641412 0.663822 0.665045 0.665109
 0.311965 0.512062 0.529952 0.530928 0.53098
 0.338361 0.555387 0.574791 0.57585 0.575906
 0.22617 0.371237 0.384207 0.384915 0.384953
 0.205634 0.337529 0.349322 0.349965 0.349999
 0.206699 0.339278 0.351131 0.351778 0.351812
 0.213294 0.350103 0.362335 0.363002 0.363037
 0.242065 0.397327 0.411209 0.411966 0.412006
 0.154115 0.252965 0.261803 0.262286 0.262311
 0.130646 0.214443 0.221936 0.222344 0.222366
 0.283569 0.465451 0.481713 0.482601 0.482647
 0.369612 0.606683 0.62788 0.629036 0.629097
YTP_r0W_actual
 272617 15444.9 16059.4 70082.7 16850.2
YTP_p0W_proyectada
 298667 276537 6375.74 4503.61 22443.9
CTP_r0_actual
 32072.6 947.538 555.69 2013.87 441.105
CTP_p0_proyectada
 39716.3 17154.9 272.701 152.665 660.116
Wmedp
 7.52 16.12 23.38 29.5 34
Frms_r0
 0.369612 0.606683 0.62788 0.629036 0.629097
Zrms_r0
 1.36961 1.60668 1.62788 1.62904 1.6291
nmprior
 8.19 8.8 8.5 0
nm_flota  nm_reclas  nm_pelaces    nm_pelaL
inf 11.4075 6.12485 10.5493
cv_recla  cv_pelaces  cv_mph
0.346806 0.937859 0.977994
 ------------------------------------------------
Talla a la edad & desviaci?n 
 8 13.2811 15.8009 17.003 17.5766
 0.8 1.32811 1.58009 1.7003 1.75766
