years
 1991 1992 1993 1994 1995 1996 1997 1998 1999 2000 2001 2002 2003 2004 2005 2006 2007 2008 2009 2010 2011 2012 2013 2014 2015 2016 2017 2018 2019 2020 2021
reclasobs
 0 0 0 0 0 0 0 0 0 252601 567819 844713 477998 351125 339783 2.1784e+06 2.13404e+06 4.81314e+06 1.55562e+06 2.62356e+06 3.21686e+06 3.843e+06 1.13348e+06 3.07943e+06 1.97215e+06 2.03268e+06 2.025e+06 2.42433e+06 2.27542e+06 1.05018e+06 2.36338e+06
reclaspred
 6.74534e+06 1.99121e+06 1.02802e+06 803941 240736 3.20751e+06 1.608e+06 678693 685700 249030 412350 823933 770791 574555 422413 1.76215e+06 902655 4.10283e+06 2.98716e+06 2.04736e+06 3.09945e+06 3.12102e+06 1.69377e+06 3.25506e+06 2.39154e+06 1.63795e+06 2.19342e+06 3.27165e+06 2.57548e+06 826919 1.50028e+06
pelacesobs
 0 0 0 0 0 0 0 0 0 0 0 0 0 0 0 552880 188675 0 991730 2.46772e+06 1.41603e+06 1.21717e+06 2.29649e+06 1.80582e+06 0 1.4828e+06 1.56532e+06 1.57751e+06 1.42118e+06 867257 1.10002e+06
pelacespred
 6.8189e+06 1.85383e+06 586837 324344 112144 1.72523e+06 955283 602428 371000 94355.9 217673 345780 370232 247681 176410 719115 435870 2.17451e+06 1.69923e+06 1.00054e+06 1.56979e+06 1.56617e+06 1.04433e+06 2.02205e+06 1.58012e+06 1.11427e+06 1.47079e+06 2.23307e+06 1.88216e+06 593081 801446
mphobs
 0 0 0 0 0 0 0 0 0 0 0 498337 0 5186 125008 0 168611 109162 213762 579715 649985 157893 87575 83554 0 0 0 0 0 0 0
mphpred
 1.42517e+06 593485 112444 123395 56218.1 18009.9 447865 126690 58451.1 52483.4 13016.9 57062.3 76891.6 52189.2 28112.9 29019.5 207611 69776.6 494154 235994 251481 281916 356101 154971 383569 277234 151993 231612 504939 221136 51831.9
desembarqueobs
 494567 514787 250237 358949 120608 361735 552515 73892 212993 205616 52469 317467 293654 387597 252695 516296 358380 742168 942051 627588 828172 859565 418607 520667 417249 300574 415391 372974 316634 284311 391294
desembarquepred
 494499 514433 249961 358619 120529 361562 551903 73872.1 212819 205407 52455.3 317178 293328 386932 252384 515781 358141 741477 940479 626432 827646 858555 418216 520352 416826 300299 415040 372684 316302 283821 391041
Reclutas
 27170.4 17737.5 158525 56867.7 14423.6 288525 21422.5 5943.89 37230.5 27635.5 39215.2 108286 79379.1 68069.2 43052.5 253130 19408.6 428046 209444 202152 210448 398736 25973.2 175104 134442 37202.7 131086 175453 32248.5 17973.8 116768
log_desv_Rt
 -0.916188 -1.34264 0.847597 -0.177588 -1.54945 1.44647 -1.15387 -2.43595 -0.601185 -0.899214 -0.549249 0.466457 0.15592 0.00221019 -0.455895 1.31559 -1.2526 1.84092 1.12614 1.0907 1.13092 1.76998 -0.96125 0.947065 0.682815 -0.601935 0.657537 0.949056 -0.744844 -1.3294 0.541878
SSB
 1.57395e+06 655443 124183 136278 62087.1 19890 494621 139917 64553.2 57962.5 14375.9 63019.4 84918.8 57637.6 31047.7 32049.1 229285 77061.1 545742 260630 277735 311347 393276 171150 423612 306177 167860 255791 557653 244222 57242.9
BT
 2.00961e+06 960169 425816 383811 132768 1.29486e+06 764982 232301 361301 227616 155732 430049 436025 527912 340280 805231 417880 1.85789e+06 1.5544e+06 919026 1.41968e+06 1.43505e+06 670741 1.48586e+06 934606 628618 1.12929e+06 1.41316e+06 806210 442149 792721
Ftot
 0.322295 1.04446 1.04627 1.66662 1.7993 0.522922 1.28615 0.472932 1.30601 2.67014 0.581063 1.56129 1.52353 2.4373 2.25535 1.26772 1.46879 0.815247 1.2598 1.26563 1.12038 1.1609 0.983691 0.718176 0.741244 0.767645 0.835126 0.515082 0.516333 1.33034 1.13647
BD_Bspro_t
 0.949928 0.619002 0.235607 0.262042 0.112361 0.0509964 0.469921 0.183921 0.13265 0.138828 0.0536788 0.262471 0.205706 0.127972 0.070093 0.074958 0.253154 0.104361 0.367568 0.202316 0.180214 0.197156 0.246805 0.142609 0.318753 0.301838 0.236928 0.350499 0.509469 0.317059 0.126256
BD_Bspro
 3.24673 1.35204 0.256164 0.281112 0.128073 0.041029 1.0203 0.288619 0.13316 0.119565 0.0296544 0.129996 0.17517 0.118895 0.0640451 0.0661107 0.472968 0.158961 1.12575 0.537627 0.57291 0.642244 0.811248 0.353047 0.873824 0.631579 0.346261 0.527644 1.15032 0.503779 0.11808
BD_Bo
 1.14191 0.475527 0.0900952 0.0988699 0.0450444 0.0144303 0.358849 0.10151 0.0468336 0.042052 0.0104297 0.0457208 0.0616089 0.0418163 0.0225253 0.0232517 0.166347 0.0559081 0.395938 0.189088 0.201498 0.225883 0.285324 0.12417 0.307332 0.222132 0.121783 0.185577 0.40458 0.177184 0.04153
BD_Brms
 2.07619 0.864594 0.163809 0.179763 0.0818989 0.0262369 0.652453 0.184564 0.0851521 0.0764582 0.0189632 0.0831287 0.112016 0.0760297 0.040955 0.0422759 0.30245 0.101651 0.719888 0.343797 0.36636 0.410697 0.51877 0.225764 0.558786 0.403877 0.221424 0.337414 0.735599 0.322153 0.075509
Sel_flota
 0.661384 0.973761 0.998584 0.999925 0.999996
 0.661384 0.973761 0.998584 0.999925 0.999996
 0.661384 0.973761 0.998584 0.999925 0.999996
 0.661384 0.973761 0.998584 0.999925 0.999996
 0.661384 0.973761 0.998584 0.999925 0.999996
 0.661384 0.973761 0.998584 0.999925 0.999996
 0.661384 0.973761 0.998584 0.999925 0.999996
 0.661384 0.973761 0.998584 0.999925 0.999996
 0.661384 0.973761 0.998584 0.999925 0.999996
 0.661384 0.973761 0.998584 0.999925 0.999996
 0.661384 0.973761 0.998584 0.999925 0.999996
 0.661384 0.973761 0.998584 0.999925 0.999996
 0.661384 0.973761 0.998584 0.999925 0.999996
 0.661384 0.973761 0.998584 0.999925 0.999996
 0.661384 0.973761 0.998584 0.999925 0.999996
 0.661384 0.973761 0.998584 0.999925 0.999996
 0.661384 0.973761 0.998584 0.999925 0.999996
 0.661384 0.973761 0.998584 0.999925 0.999996
 0.661384 0.973761 0.998584 0.999925 0.999996
 0.661384 0.973761 0.998584 0.999925 0.999996
 0.661384 0.973761 0.998584 0.999925 0.999996
 0.661384 0.973761 0.998584 0.999925 0.999996
 0.661384 0.973761 0.998584 0.999925 0.999996
 0.661384 0.973761 0.998584 0.999925 0.999996
 0.661384 0.973761 0.998584 0.999925 0.999996
 0.661384 0.973761 0.998584 0.999925 0.999996
 0.661384 0.973761 0.998584 0.999925 0.999996
 0.661384 0.973761 0.998584 0.999925 0.999996
 0.661384 0.973761 0.998584 0.999925 0.999996
 0.661384 0.973761 0.998584 0.999925 0.999996
 0.661384 0.973761 0.998584 0.999925 0.999996
Sel_reclas
 0.689939 0.918023 0.982566 0.996487 0.9993
 0.689939 0.918023 0.982566 0.996487 0.9993
 0.689939 0.918023 0.982566 0.996487 0.9993
 0.689939 0.918023 0.982566 0.996487 0.9993
 0.689939 0.918023 0.982566 0.996487 0.9993
 0.689939 0.918023 0.982566 0.996487 0.9993
 0.689939 0.918023 0.982566 0.996487 0.9993
 0.689939 0.918023 0.982566 0.996487 0.9993
 0.689939 0.918023 0.982566 0.996487 0.9993
 0.689939 0.918023 0.982566 0.996487 0.9993
 0.689939 0.918023 0.982566 0.996487 0.9993
 0.689939 0.918023 0.982566 0.996487 0.9993
 0.689939 0.918023 0.982566 0.996487 0.9993
 0.689939 0.918023 0.982566 0.996487 0.9993
 0.689939 0.918023 0.982566 0.996487 0.9993
 0.689939 0.918023 0.982566 0.996487 0.9993
 0.689939 0.918023 0.982566 0.996487 0.9993
 0.689939 0.918023 0.982566 0.996487 0.9993
 0.689939 0.918023 0.982566 0.996487 0.9993
 0.689939 0.918023 0.982566 0.996487 0.9993
 0.689939 0.918023 0.982566 0.996487 0.9993
 0.689939 0.918023 0.982566 0.996487 0.9993
 0.689939 0.918023 0.982566 0.996487 0.9993
 0.689939 0.918023 0.982566 0.996487 0.9993
 0.689939 0.918023 0.982566 0.996487 0.9993
 0.689939 0.918023 0.982566 0.996487 0.9993
 0.689939 0.918023 0.982566 0.996487 0.9993
 0.689939 0.918023 0.982566 0.996487 0.9993
 0.689939 0.918023 0.982566 0.996487 0.9993
 0.689939 0.918023 0.982566 0.996487 0.9993
 0.689939 0.918023 0.982566 0.996487 0.9993
Sel_pelaces
 0.354442 0.734266 0.932913 0.985912 0.997169
 0.354442 0.734266 0.932913 0.985912 0.997169
 0.354442 0.734266 0.932913 0.985912 0.997169
 0.354442 0.734266 0.932913 0.985912 0.997169
 0.354442 0.734266 0.932913 0.985912 0.997169
 0.354442 0.734266 0.932913 0.985912 0.997169
 0.354442 0.734266 0.932913 0.985912 0.997169
 0.354442 0.734266 0.932913 0.985912 0.997169
 0.354442 0.734266 0.932913 0.985912 0.997169
 0.354442 0.734266 0.932913 0.985912 0.997169
 0.354442 0.734266 0.932913 0.985912 0.997169
 0.354442 0.734266 0.932913 0.985912 0.997169
 0.354442 0.734266 0.932913 0.985912 0.997169
 0.354442 0.734266 0.932913 0.985912 0.997169
 0.354442 0.734266 0.932913 0.985912 0.997169
 0.354442 0.734266 0.932913 0.985912 0.997169
 0.354442 0.734266 0.932913 0.985912 0.997169
 0.354442 0.734266 0.932913 0.985912 0.997169
 0.354442 0.734266 0.932913 0.985912 0.997169
 0.354442 0.734266 0.932913 0.985912 0.997169
 0.354442 0.734266 0.932913 0.985912 0.997169
 0.354442 0.734266 0.932913 0.985912 0.997169
 0.354442 0.734266 0.932913 0.985912 0.997169
 0.354442 0.734266 0.932913 0.985912 0.997169
 0.354442 0.734266 0.932913 0.985912 0.997169
 0.354442 0.734266 0.932913 0.985912 0.997169
 0.354442 0.734266 0.932913 0.985912 0.997169
 0.354442 0.734266 0.932913 0.985912 0.997169
 0.354442 0.734266 0.932913 0.985912 0.997169
 0.354442 0.734266 0.932913 0.985912 0.997169
 0.354442 0.734266 0.932913 0.985912 0.997169
pf_obs 
 0.8446 0.082 0.0669 0.0065 0
 0.8095 0.147 0.0364 0.0071 0
 0.9664 0.0169 0.016 0.0007 0
 0.9276 0.0648 0.0075 0.0001 0
 0.7033 0.2144 0.0806 0.0017 0
 0.9318 0.0425 0.0243 0.0014 0
 0.5671 0.3108 0.0964 0.0239 0.0018
 0.0768 0.2599 0.5324 0.112 0.0189
 0.490249 0.384438 0.106611 0.0170017 0.00170017
 0.7925 0.1577 0.0466 0.003 0.0002
 0.840416 0.127587 0.0312969 0.00059994 9.999e-05
 0.8084 0.0986 0.0794 0.0134 0.0002
 0.7335 0.1905 0.0724 0.0035 0.0001
 0.4001 0.4547 0.1325 0.0127 0
 0.49795 0.308269 0.164784 0.0264974 0.00249975
 0.9179 0.0499 0.0305 0.0017 0
 0.2467 0.6533 0.0926 0.0074 0
 0.9418 0.0223 0.034 0.0019 0
 0.707729 0.231977 0.0356964 0.0245975 0
 0.517169 0.277429 0.184464 0.0207286 0.00020938
 0.811772 0.124168 0.05621 0.00726502 0.000585176
 0.764997 0.148141 0.077277 0.00933861 0.000247198
 0.163321 0.427699 0.378323 0.0303852 0.000271297
 0.753843 0.0900009 0.118128 0.0371064 0.000921714
 0.721811 0.176058 0.0630433 0.0369309 0.00215725
 0.143369 0.312575 0.442814 0.0836902 0.0175525
 0.692698 0.0596174 0.167031 0.0765114 0.00414204
 0.394062 0.376323 0.152708 0.0712218 0.00568511
 0.125707 0.32114 0.495352 0.0537591 0.00404204
 0.23352 0.215282 0.420074 0.123614 0.00750983
 0.796117 0.104755 0.0508955 0.0450114 0.00322123
pf_pred 
 0.160582 0.185616 0.577551 0.0762505 9.97522e-07
 0.279298 0.166832 0.125296 0.378659 0.0499148
 0.939116 0.0254107 0.00848671 0.00611542 0.020871
 0.601489 0.384957 0.00580065 0.00185836 0.00589556
 0.560303 0.333359 0.10291 0.00147 0.00195914
 0.989554 0.00765427 0.00214482 0.000626288 2.08048e-05
 0.180759 0.81393 0.00392497 0.0010647 0.000320661
 0.271375 0.213674 0.511763 0.00235782 0.000830155
 0.872492 0.0480556 0.0238248 0.0552842 0.000343796
 0.791437 0.194155 0.00559492 0.00264747 0.00616604
 0.937264 0.0570898 0.00528337 0.000141396 0.000221818
 0.893924 0.101893 0.00381787 0.000341683 2.34461e-05
 0.807506 0.181829 0.0102654 0.00036541 3.48502e-05
 0.827741 0.154032 0.0172644 0.000926452 3.60247e-05
 0.86905 0.121021 0.00894245 0.00093506 5.19337e-05
 0.981119 0.0177667 0.0010344 7.16002e-05 7.8748e-06
 0.273827 0.718855 0.00690501 0.000384082 2.94372e-05
 0.980509 0.00830158 0.0110819 0.000101333 6.05244e-06
 0.636596 0.359301 0.00178513 0.00229554 2.21996e-05
 0.782574 0.166795 0.0500852 0.000237789 0.000307983
 0.814007 0.162266 0.0183923 0.00527727 5.73612e-05
 0.880949 0.105838 0.0115906 0.00125871 0.000364246
 0.212281 0.733917 0.048059 0.00503913 0.000703928
 0.893188 0.0344338 0.0676178 0.00425351 0.000507194
 0.698914 0.281342 0.00651966 0.0123559 0.000868263
 0.420345 0.46113 0.111018 0.00248187 0.00502437
 0.867661 0.0729645 0.0475831 0.0110461 0.000745348
 0.807615 0.176806 0.00873489 0.00548702 0.00135699
 0.306408 0.603554 0.0829632 0.00396949 0.00310481
 0.409042 0.245532 0.301838 0.0401686 0.00341912
 0.949602 0.0290211 0.00912694 0.0107079 0.00154241
pobs_RECLAS
 0 0 0 0 0
 0 0 0 0 0
 0 0 0 0 0
 0 0 0 0 0
 0 0 0 0 0
 0 0 0 0 0
 0 0 0 0 0
 0 0 0 0 0
 0 0 0 0 0
 0 0 0 0 0
 0.991045 0.00858322 0.000360255 1.14367e-05 0
 0.934742 0.0480273 0.0164251 0.00080598 0
 0.827803 0.169806 0.00239088 0 0
 0.941827 0.0461693 0.0120037 0 0
 0.791401 0.0380133 0.147996 0.0225897 0
 0.846168 0.0940531 0.0597789 0 0
 0.134021 0.677848 0.182769 0.00536245 0
 0.80878 0.0450904 0.141981 0.00414843 0
 0.846168 0.0940531 0.0597789 0 0
 0.905697 0.0802665 0.012482 0.00150086 5.37128e-05
 0.989698 0.0102097 9.19794e-05 0 0
 0.975433 0.0193895 0.00387452 0.00125025 5.28907e-05
 0.303575 0.632131 0.0575291 0.00676475 0
 0.966965 0.00978017 0.0227588 0.000495775 0
 0.843318 0.132988 0.00938335 0.0141283 0.000182051
 0.564624 0.303363 0.111486 0.0197234 0.00080311
 0.826376 0.0876187 0.0782897 0.00655872 0.00115652
 0.89761 0.0855135 0.0140674 0.00269457 0.000114338
 0.34875 0.467042 0.161289 0.0227151 0.000203297
 0.318654 0.224769 0.449479 0.00709798 0
 0.937255 0.0296025 0.0250945 0.00804832 0
ppred_RECLAS
 0.171316 0.177122 0.574716 0.0768445 1.00806e-06
 0.302258 0.155564 0.121439 0.371619 0.049121
 0.945613 0.0220435 0.00765224 0.00558348 0.0191078
 0.64689 0.340593 0.00531268 0.00172305 0.00548123
 0.608407 0.294424 0.0939931 0.00135915 0.00181634
 0.990613 0.0067959 0.00198438 0.000586809 1.95469e-05
 0.206526 0.788119 0.00394454 0.00108338 0.000327181
 0.289177 0.202396 0.505236 0.00235739 0.000832284
 0.887086 0.0413479 0.0212734 0.0499806 0.000311665
 0.835231 0.153015 0.00452589 0.00216707 0.00506083
 0.943903 0.0508526 0.00490289 0.000132881 0.000209032
 0.910239 0.0860956 0.00334197 0.0003028 2.08347e-05
 0.834157 0.156336 0.00914605 0.000329607 3.15215e-05
 0.862244 0.1228 0.0141577 0.000768859 2.99778e-05
 0.894663 0.0971176 0.00739345 0.00078244 4.35751e-05
 0.983895 0.0151197 0.000913753 6.40404e-05 7.06262e-06
 0.310785 0.682013 0.00679115 0.000382446 2.93919e-05
 0.982536 0.00726795 0.0100968 9.3494e-05 5.59953e-06
 0.67342 0.322727 0.00166446 0.00216715 2.10153e-05
 0.807816 0.146131 0.0455493 0.000218959 0.00028437
 0.835464 0.142784 0.0168145 0.00488515 5.32445e-05
 0.896009 0.0920366 0.0104694 0.00115121 0.000334049
 0.237042 0.708852 0.0482638 0.00512437 0.000717798
 0.902501 0.0305604 0.0624827 0.0039803 0.000475919
 0.725079 0.256053 0.00617727 0.0118553 0.000835373
 0.450784 0.433205 0.108564 0.00245774 0.00498917
 0.880523 0.0646196 0.0438514 0.0103085 0.000697488
 0.824964 0.160237 0.00824947 0.00524802 0.00130145
 0.331181 0.57875 0.0829013 0.00401699 0.0031506
 0.44475 0.22552 0.287662 0.0387599 0.00330824
 0.955704 0.0250135 0.0081723 0.00970826 0.00140225
pobs_PELACES
 0 0 0 0 0
 0 0 0 0 0
 0 0 0 0 0
 0 0 0 0 0
 0 0 0 0 0
 0 0 0 0 0
 0 0 0 0 0
 0 0 0 0 0
 0 0 0 0 0
 0 0 0 0 0
 0 0 0 0 0
 0 0 0 0 0
 0 0 0 0 0
 0 0 0 0 0
 0 0 0 0 0
 0 0 0 0 0
 0.505614 0.472636 0.0217494 0 0
 0 0 0 0 0
 0.443492 0.261883 0.143347 0.151278 0
 0.227955 0.32914 0.350689 0.0885471 0.00366901
 0.970185 0.0296113 0.000203453 0 0
 0.997202 0.00247181 0.000326279 0 0
 0.445219 0.490057 0.0546422 0.010081 0
 0.90214 0.0892962 0.00764917 0.000914606 0
 0 0 0 0 0
 0.581667 0.319106 0.0959925 0.00289975 0.000334073
 0.762889 0.0836404 0.116647 0.0363945 0.000428098
 0.88444 0.0763242 0.0277011 0.0115352 0
 0.521256 0.241999 0.230069 0.00667565 0
 0.616807 0.101726 0.260614 0.0208532 0
 0.833518 0.0704572 0.0857862 0.0102388 0
ppred_PELACES
 0.1067 0.16614 0.638245 0.0889144 1.17638e-06
 0.209708 0.150887 0.138632 0.441867 0.0589056
 0.916648 0.0298671 0.0122028 0.00927389 0.0320084
 0.581105 0.401154 0.00732724 0.00247453 0.00793891
 0.535372 0.335079 0.125126 0.00188392 0.00253909
 0.985488 0.00997352 0.00344227 0.00106048 3.56276e-05
 0.160113 0.833161 0.00489822 0.00140108 0.000426739
 0.195253 0.202642 0.598161 0.00290771 0.00103536
 0.836034 0.0530283 0.0320424 0.0784018 0.000493066
 0.808748 0.175172 0.00601751 0.00299888 0.00706297
 0.918562 0.0725681 0.00826604 0.000233391 0.000370283
 0.883666 0.110785 0.00503997 0.000475521 3.29982e-05
 0.789146 0.196801 0.0134977 0.000506546 4.88561e-05
 0.835444 0.14409 0.0193303 0.00109273 4.29681e-05
 0.871678 0.116759 0.0103584 0.00114117 6.40948e-05
 0.977894 0.0205303 0.00145765 0.000106395 1.18338e-05
 0.251696 0.739126 0.00863224 0.000506238 3.92378e-05
 0.972657 0.0102989 0.0168711 0.000162732 9.82964e-06
 0.60072 0.393629 0.00238519 0.00323432 3.16318e-05
 0.74696 0.184642 0.0676158 0.000338511 0.000443392
 0.781286 0.185211 0.0256548 0.00776305 8.53344e-05
 0.859347 0.12193 0.0163088 0.00186774 0.000546598
 0.178996 0.75301 0.0603736 0.00667674 0.000943239
 0.850435 0.0416357 0.100459 0.00666647 0.000803919
 0.643126 0.327583 0.0093246 0.0186419 0.00132482
 0.35456 0.490132 0.144895 0.00341699 0.00699575
 0.826004 0.086593 0.0692804 0.0169649 0.00115768
 0.758334 0.217466 0.0132344 0.00877125 0.00219379
 0.246546 0.636024 0.107693 0.00543643 0.00430038
 0.347667 0.239298 0.358412 0.0502939 0.00432934
 0.934656 0.0338759 0.0130166 0.0161051 0.00234606
pobs_pel_tallas
 0 0 0 0 0 0 0 0 0 0 0 0 0 0 0 0 0 0 0 0 0 0 0 0 0 0
 0 0 0 0 0 0 0 0 0 0 0 0 0 0 0 0 0 0 0 0 0 0 0 0 0 0
 0 0 0 0 0 0 0 0 0 0 0 0 0 0 0 0 0 0 0 0 0 0 0 0 0 0
 0 0 0 0 0 0 0 0 0 0 0 0 0 0 0 0 0 0 0 0 0 0 0 0 0 0
 0 0 0 0 0 0 0 0 0 0 0 0 0 0 0 0 0 0 0 0 0 0 0 0 0 0
 0 0 0 0 0 0 0 0 0 0 0 0 0 0 0 0 0 0 0 0 0 0 0 0 0 0
 0 0 0 0 0 0 0 0 0 0 0 0 0 0 0 0 0 0 0 0 0 0 0 0 0 0
 0 0 0 0 0 0 0 0 0 0 0 0 0 0 0 0 0 0 0 0 0 0 0 0 0 0
 0 0 0 0 0 0 0 0 0 0 0 0 0 0 0 0 0 0 0 0 0 0 0 0 0 0
 0 0 0 0 0 0 0 0 0 0 0 0 0 0 0 0 0 0 0 0 0 0 0 0 0 0
 0 0 0 0 0 0 0 0 0 0 0 0 0 0 0 0 0 0 0 0 0 0 0 0 0 0
 0 0 0 0 0 0 0 0 0 0 0 0 0 0 0 0 0 0 0 0 0 0 0 0 0 0
 0.00862536 0 0 0.000197151 0.00414017 0.0128641 0.00837892 0.0270097 0.101434 0.158115 0.152841 0.127902 0.109271 0.109419 0.0830992 0.0579132 0.0238553 0.00714673 0.00463305 0.00128148 0.00103504 0.000492878 0.000147863 0.000147863 4.92878e-05 0
 0 0 0 0 0 0 0 0 0 0 0 0 0 0 0 0 0 0 0 0 0 0 0 0 0 0
 0 0 0 0 0 0 0 0.0054083 0.00873648 0.0413646 0.0450493 0.0745869 0.0622846 0.0627006 0.0613931 0.0827291 0.12552 0.122667 0.0946155 0.0697135 0.0546179 0.0294188 0.0215738 0.0213955 0.0102223 0.00600262
 0 0 0 0 0.00359764 0.0251062 0.0480494 0.140153 0.205849 0.193036 0.1447 0.116669 0.0760912 0.0342217 0.00950174 0.001854 0.000860785 0 0 0 0.000165536 0 0.000143464 0 0 0
 0 0 0 0 0 0 0 0.000145254 0.000435761 0.0275982 0.070085 0.0708112 0.156366 0.174668 0.174014 0.160142 0.0824315 0.0480064 0.0283245 0.00493863 0.00203355 0 0 0 0 0
 0 0 0 0 0 0 0 0 0 0 0 0 0 0 0 0 0 0 0 0 0 0 0 0 0 0
 0 0 1.00437e-05 0.000401748 0.00122533 0.00171747 0.00176769 0.0269171 0.070346 0.194647 0.189555 0.159765 0.064822 0.0314167 0.0384472 0.0292271 0.0345202 0.0313363 0.0194345 0.0106764 0.0143323 0.0359363 0.0279516 0.0138201 0.00172751 0
 0 0.0021121 0.0136068 0.0755702 0.200478 0.177729 0.0527432 0.0373336 0.0318909 0.0142505 0.0149659 0.0166563 0.0217959 0.0798694 0.0677717 0.0528807 0.04013 0.0224614 0.0357745 0.0225083 0.00881397 0.00855152 0.00135912 0.000746735 0 0
 0 0 0 0 5.4009e-05 0.00500934 0.000945158 0.0243581 0.138947 0.33067 0.221406 0.137944 0.0707744 0.0437923 0.0131692 0.00525238 0.0047753 0.00276346 9.45158e-05 9.00151e-06 2.25038e-05 9.00151e-06 4.50075e-06 0 0 0
 0.000866109 0.00284123 0.00948549 0.0512746 0.133035 0.25785 0.225252 0.132002 0.0553304 0.0519788 0.0540692 0.017754 0.00435017 0.00159236 0.00146478 0.000404838 0.000125132 0.000115318 0.000107957 0.000100596 0 0 0 0 0 0
 0 0 0 0 0.00144013 0.00171154 0.00461396 0.0210425 0.0478622 0.0707936 0.0888783 0.103762 0.0637923 0.0337046 0.0602308 0.124433 0.169614 0.0934646 0.0462172 0.0250306 0.0313229 0.00938855 0.002487 0.000210481 0 0
 0 0.00764035 0.051015 0.0998891 0.058973 0.0496711 0.0374665 0.0718981 0.12319 0.153886 0.159021 0.0857701 0.0377988 0.023471 0.0147837 0.00900784 0.00315554 0.000888139 0.00291439 0.00214683 0.00393193 0.00274676 0.000635225 9.99891e-05 0 0
 0 0 0 0 0 0 0 0 0 0 0 0 0 0 0 0 0 0 0 0 0 0 0 0 0 0
 0 0 0 0 0 0 0 0 0 0 0 0 0 0 0 0 0 0 0 0 0 0 0 0 0 0
 0 0 0 0 0 0 0 0 0 0 0 0 0 0 0 0 0 0 0 0 0 0 0 0 0 0
 0 0 0 0 0 0 0 0 0 0 0 0 0 0 0 0 0 0 0 0 0 0 0 0 0 0
 0 0 0 0 0 0 0 0 0 0 0 0 0 0 0 0 0 0 0 0 0 0 0 0 0 0
 0 0 0 0 0 0 0 0 0 0 0 0 0 0 0 0 0 0 0 0 0 0 0 0 0 0
 0 0 0 0 0 0 0 0 0 0 0 0 0 0 0 0 0 0 0 0 0 0 0 0 0 0
ppred_pel_tallas
 1.27378e-16 8.78874e-06 8.54297e-05 0.000567711 0.00258074 0.00802974 0.0171088 0.0249744 0.0249914 0.0171923 0.00831288 0.00341107 0.00269914 0.00489457 0.0096 0.0170511 0.0273453 0.0401925 0.0551124 0.0716119 0.0889113 0.105327 0.118023 0.123746 0.120323 0.107899
 1.58321e-16 1.72734e-05 0.000167904 0.00111578 0.00507219 0.0157815 0.0336248 0.0490795 0.0490944 0.0336977 0.0160275 0.00578769 0.00293122 0.0041979 0.00787604 0.0135578 0.0209295 0.0294628 0.0388447 0.0494928 0.0624744 0.0786122 0.0973153 0.116036 0.130858 0.137946
 1.06707e-16 7.55031e-05 0.000733917 0.00487714 0.0221707 0.0689814 0.146972 0.214511 0.214514 0.146987 0.0690291 0.0223088 0.0052249 0.00149731 0.00153839 0.00246008 0.00362774 0.00476995 0.0056866 0.00633989 0.00689933 0.00763657 0.00873406 0.0101451 0.0115924 0.012687
 1.01906e-16 4.78649e-05 0.000465264 0.00309185 0.0140551 0.0437309 0.0931746 0.135999 0.136038 0.0933631 0.0443636 0.0158815 0.00767263 0.0104525 0.0189781 0.0312016 0.0447154 0.0557563 0.0605298 0.0573017 0.0474665 0.0346757 0.0227439 0.0139302 0.00857063 0.00579426
 1.04316e-16 4.40979e-05 0.000428648 0.00284852 0.012949 0.0402892 0.0858416 0.125295 0.125328 0.086 0.0408215 0.0144879 0.00671694 0.00889157 0.0161694 0.0267977 0.0389122 0.0495767 0.0557891 0.0560997 0.0513831 0.0440832 0.0366013 0.0301427 0.0247023 0.0198012
 1.00215e-16 8.11734e-05 0.000789034 0.00524341 0.0238358 0.0741619 0.15801 0.23062 0.230621 0.158015 0.0741778 0.0238816 0.00535854 0.00104092 0.000561171 0.000803487 0.00115948 0.00147869 0.00166833 0.00168703 0.001563 0.00137042 0.00118004 0.00102399 0.000895527 0.000772851
 1.00568e-16 1.31885e-05 0.000128197 0.000851915 0.00387273 0.0120499 0.0256766 0.0374926 0.0375727 0.026068 0.0133636 0.00766456 0.0103609 0.0208564 0.0392914 0.0647041 0.0926637 0.115383 0.124937 0.117679 0.0964829 0.0689558 0.043098 0.023732 0.0117146 0.00538846
 1.17781e-16 1.60828e-05 0.000156331 0.00103887 0.00472258 0.0146938 0.0313075 0.0456984 0.0457188 0.0314076 0.0150325 0.00571211 0.0035646 0.00580818 0.0111533 0.0194605 0.0304582 0.0433246 0.0570141 0.070691 0.0836578 0.0947632 0.102006 0.103054 0.0965168 0.083023
 1.08885e-16 6.88631e-05 0.000669373 0.00444822 0.020221 0.062915 0.134047 0.195647 0.195652 0.134073 0.0630002 0.0204681 0.00507205 0.00204339 0.00271548 0.0044816 0.00669858 0.00897755 0.0110032 0.0127122 0.0143426 0.0162249 0.018459 0.020733 0.0224245 0.0229024
 1.01715e-16 6.66156e-05 0.000647527 0.00430305 0.019561 0.0608617 0.129673 0.189265 0.189282 0.129755 0.0611381 0.020359 0.00630472 0.00501267 0.00834364 0.0136542 0.0195841 0.024465 0.0266509 0.0253969 0.0213174 0.0159994 0.011085 0.00752265 0.00541381 0.00433729
 1.00344e-16 7.56608e-05 0.00073545 0.00488732 0.0222171 0.0691255 0.14728 0.21496 0.214967 0.147314 0.0692402 0.0225482 0.00571837 0.00254896 0.0035178 0.00569041 0.00817664 0.0102533 0.011238 0.0108145 0.00921551 0.00706487 0.00500737 0.00341558 0.00234051 0.00164791
 1.00228e-16 7.27865e-05 0.00070751 0.00470165 0.021373 0.0664995 0.141685 0.206795 0.206806 0.141737 0.0666744 0.0218777 0.00596765 0.00346829 0.00530745 0.00863656 0.0123811 0.0154572 0.0168137 0.0159663 0.0132874 0.00976629 0.00643701 0.00391369 0.00229669 0.00137147
 1.00499e-16 6.50009e-05 0.000631832 0.00419875 0.0190869 0.0593866 0.12653 0.184678 0.184697 0.126623 0.0596973 0.019984 0.00644927 0.00554067 0.00937573 0.0153652 0.0220524 0.0275708 0.0300632 0.0286691 0.0240387 0.0179063 0.01208 0.00762599 0.00471311 0.00297094
 1.00712e-16 6.88144e-05 0.000668901 0.00444508 0.0202067 0.0628706 0.133953 0.195511 0.195525 0.134021 0.0630984 0.0208646 0.00609626 0.00427281 0.00691137 0.0113116 0.0162746 0.0204349 0.0224466 0.0216819 0.0185958 0.0144107 0.0103861 0.00724352 0.00507613 0.00362409
 1.00455e-16 7.1799e-05 0.000697911 0.00463787 0.0210831 0.0655973 0.139762 0.20399 0.204001 0.139817 0.0657817 0.0216156 0.00597398 0.00361289 0.00560261 0.00913466 0.0131187 0.0164263 0.0179586 0.017207 0.0145533 0.0110146 0.00764597 0.0050615 0.00334863 0.00228524
 1.00061e-16 8.05478e-05 0.000782953 0.005203 0.0236521 0.0735904 0.156792 0.228843 0.228845 0.156802 0.0736229 0.0237457 0.0054378 0.00129511 0.00105202 0.00160852 0.0023017 0.00287808 0.00313963 0.00299649 0.00251646 0.00188025 0.00127601 0.000814344 0.000512306 0.000330881
 1.00496e-16 2.0732e-05 0.000201523 0.00133919 0.00608782 0.0189419 0.0403603 0.0589219 0.058993 0.0407075 0.0201074 0.00945214 0.00977637 0.0185943 0.0348764 0.0574266 0.0822573 0.102459 0.111006 0.10466 0.0859597 0.06163 0.0387425 0.0215554 0.0108253 0.0050978
 1.00508e-16 8.01165e-05 0.000778761 0.00517514 0.0235254 0.0731964 0.155953 0.227618 0.227619 0.155958 0.0732132 0.0235742 0.00529869 0.00105219 0.000610295 0.000910381 0.00136903 0.00185664 0.00229538 0.00264147 0.00289116 0.00305394 0.00311738 0.003042 0.00279302 0.00237863
 1.005e-16 4.94806e-05 0.000480969 0.00319621 0.0145295 0.0452069 0.0963196 0.140589 0.140627 0.0965045 0.0458276 0.0163211 0.007689 0.0102748 0.0186087 0.0305782 0.0437922 0.0545404 0.0590808 0.0556954 0.0457459 0.0328252 0.0207062 0.0116534 0.00605301 0.0031047
 1.02108e-16 6.15261e-05 0.000598056 0.00397429 0.0180666 0.0562119 0.119766 0.174806 0.174824 0.119853 0.0565052 0.0189144 0.00610536 0.00525975 0.00894268 0.0147583 0.0214183 0.0272706 0.0306538 0.0307653 0.0280865 0.023969 0.0197469 0.0160986 0.0130365 0.0103078
 1.01581e-16 6.43535e-05 0.000625539 0.00415693 0.0188968 0.058795 0.12527 0.182839 0.182856 0.125357 0.0590879 0.0197427 0.00628021 0.00526059 0.00886689 0.0145562 0.0209606 0.0263542 0.0290215 0.0281691 0.0243906 0.0192536 0.0143555 0.0105837 0.00800795 0.00624838
 1.00782e-16 7.07833e-05 0.000688039 0.00457226 0.0207848 0.0646694 0.137785 0.201104 0.201116 0.137843 0.0648622 0.0213416 0.0059696 0.003738 0.00586186 0.00957512 0.0137772 0.0173044 0.0190196 0.0183946 0.0158173 0.0123234 0.00897673 0.00638111 0.00460526 0.00341772
 1.02764e-16 1.47438e-05 0.000143315 0.000952384 0.00432944 0.0134709 0.0287038 0.0419093 0.0419818 0.0290581 0.01466 0.00776295 0.00956705 0.0189362 0.0356672 0.0588398 0.0845182 0.105771 0.115528 0.110511 0.0931957 0.0701773 0.0483034 0.031574 0.0205719 0.0138534
 1.03715e-16 7.00492e-05 0.000680903 0.00452484 0.0205693 0.0639986 0.136356 0.199016 0.199021 0.136376 0.0640676 0.0207702 0.00503639 0.00182107 0.00230403 0.00387665 0.00599238 0.00839711 0.0108513 0.0131957 0.015351 0.0171951 0.0184495 0.0187307 0.0177628 0.0155851
 1.02447e-16 5.29735e-05 0.000514921 0.00342184 0.0155552 0.0483981 0.103118 0.150511 0.150543 0.103272 0.048915 0.0170474 0.00716496 0.00867772 0.015531 0.0255284 0.0366229 0.0457529 0.0498463 0.0475105 0.0398907 0.0299437 0.0207202 0.0139695 0.00986548 0.00762571
 1.05834e-16 2.92047e-05 0.00028388 0.00188649 0.00857572 0.0266825 0.0568516 0.0829866 0.0830339 0.0570831 0.0274599 0.0108225 0.00753163 0.0126247 0.0235174 0.0389637 0.0564268 0.0715755 0.0799713 0.0794999 0.0715395 0.0598628 0.0482322 0.0386196 0.031092 0.0248473
 1.03919e-16 6.80369e-05 0.000661343 0.00439485 0.0199784 0.0621602 0.132439 0.193301 0.193309 0.13248 0.0622991 0.0203807 0.00540928 0.00289086 0.00434647 0.00719356 0.0106266 0.0139307 0.0164121 0.0177348 0.0180663 0.0178544 0.0174336 0.0168069 0.0157486 0.0140741
 1.01689e-16 6.2463e-05 0.000607163 0.00403481 0.0183417 0.0570679 0.12159 0.177468 0.177489 0.121692 0.0574112 0.019333 0.00652194 0.00603245 0.010354 0.0169872 0.0243923 0.0305245 0.0333486 0.0319358 0.0270272 0.0205525 0.0144993 0.0100039 0.0071816 0.00554053
 1.04544e-16 2.03078e-05 0.000197399 0.00131179 0.00596325 0.0185542 0.0395339 0.0577138 0.0577751 0.0398336 0.0195604 0.00886976 0.00860847 0.0161291 0.0302856 0.0500562 0.0721486 0.0908076 0.100151 0.0974194 0.0845809 0.0669263 0.0498657 0.0364367 0.026961 0.0202903
 1.16181e-16 2.86369e-05 0.000278361 0.00184981 0.00840897 0.0261635 0.0557451 0.0813665 0.0813901 0.0558605 0.0265527 0.00953969 0.00471299 0.00661119 0.0122976 0.0209157 0.0315969 0.0427997 0.0528705 0.0609031 0.0669762 0.0714896 0.0742572 0.0742894 0.070489 0.0626073
 1.02397e-16 7.69864e-05 0.000748335 0.00497295 0.0226063 0.0703367 0.14986 0.218725 0.218729 0.149876 0.0703906 0.0227624 0.00536577 0.00160917 0.00172189 0.0027519 0.0040227 0.00520336 0.00601964 0.00636323 0.00635296 0.00623899 0.00622093 0.00632428 0.00641412 0.00630678
pSPR Fmed_Fpbrs
0.234669   0.6 0.325
Fs Fmed_Fpbrs
1.04385   0.306391 0.762224
SSBpbr Bo_Bmed_Bpbrs
1.37835e+06  254539  758094 379047
Ro
67918.9
SPR SPRFo_SPRFmed_SPRFpbrs
484779 113763 157553
Fref
0.306391
Nvult_r0
 96510.4 2409.32 748.773 877.925 126.456
CTP_r0
 41413.3 1265.64 398.037 466.985 67.2664
YTP_r0
391041
Np
 92167.7 27687.1 5530.06 90.3958 34.5605
Nvult_p0
 64480.5 20129.1 4031.9 65.9164 25.2017
CTP_p0
 10864.8 3384.37 56.9939 17.1742 22.4765
 10864.8 4625.5 944.584 15.4586 5.91059
YTP_p0
 136993 176361
CBA_c0
148804
log_Ro
10.9461
likeval ReclasPelacesDesembMPH_pf_preclas_ppelaces_ptallas_desvR_qrecl_qpela
 14.3748 17.2943 0.160135 0.000879728 284.848 117.397 111.054 0 51.7063 0.000122659 0.000289519 0.00571608 1.83965e-15 0 0
q_reclas_q_pelaces
4.80375 11.2544
M
1
N
 27170.4 22201.9 67577.1 8911.34 0.116572
 17737.5 8076.56 5967.57 18019.1 2375.16
 158525 3270.33 1074.56 773.648 2640.23
 56867.7 29192.9 434.341 139.057 441.136
 14423.6 6947.99 2119.2 30.2523 40.3172
 288525 1614.19 443.243 129.288 4.2946
 21422.5 75108.2 356.876 96.7313 29.1319
 5943.89 3366.25 7897.32 36.3449 12.7958
 37230.5 1599.31 781.357 1811.69 11.2659
 27635.5 5773.93 164.941 78.0125 181.689
 39215.2 1738.65 157.752 4.21741 6.61578
 108286 9823.33 363.235 32.4853 2.22904
 79379.1 14184.7 790.127 28.1057 2.68042
 68069.2 10661.1 1183.66 63.4864 2.46858
 43052.5 4995.5 365.407 38.1881 2.12092
 253130 3563.58 204.408 14.1378 1.55485
 19408.6 40263.8 381.483 21.2041 1.62508
 428046 2702.78 3543.82 32.3741 1.93354
 209444 91839.3 449.521 577.592 5.58552
 202152 33490 9907.59 47.0011 60.873
 210448 32199.6 3592.43 1029.91 11.1941
 398736 36900.9 3978.76 431.726 124.928
 25973.2 68067.5 4383.29 459.193 64.1427
 175104 4985.17 9608.23 603.808 71.9951
 134442 40060.4 911.318 1725.4 121.24
 37202.7 30292 7160.61 159.924 323.738
 131086 8237.3 5277.12 1223.89 82.5795
 175453 27757.7 1343.74 843.191 208.517
 32248.5 45911 6183.89 295.557 231.162
 17973.8 8431.51 10215.6 1358.45 115.626
 116768 2742.99 849.201 995.471 143.385
pred_Ctot
 3354.91 3877.92 12066.3 1593.04 0.0208404
 5910.68 3530.59 2651.59 8013.41 1056.33
 52894 1431.21 477.999 344.44 1175.52
 26174.1 16751.6 252.418 80.8674 256.548
 6960.42 4141.18 1278.41 18.2613 24.3376
 54843.1 424.215 118.87 34.7102 1.15305
 8299.5 37371.3 180.214 48.8853 14.723
 1035.15 815.053 1952.11 8.99385 3.16661
 14578.7 802.976 398.095 923.759 5.74459
 16534.2 4056.17 116.886 55.3093 128.817
 8159.66 497.014 45.9962 1.23097 1.93111
 47805.3 5449.06 204.172 18.2726 1.25385
 34489.7 7766.15 438.447 15.6071 1.4885
 38925.9 7243.6 811.889 43.568 1.69412
 23640.4 3292.08 243.258 25.4361 1.41273
 97080.2 1757.99 102.352 7.08473 0.779199
 8231.86 21610.4 207.58 11.5464 0.884951
 117776 997.163 1331.12 12.1719 0.727002
 79972.4 45137.2 224.257 288.377 2.78882
 77439.3 16505.1 4956.16 23.5303 30.4763
 73864.8 14724.4 1668.96 478.871 5.20508
 143618 17254.3 1889.58 205.202 59.3817
 8272.61 28600.8 1872.86 196.375 27.4321
 43487.9 1676.53 3292.21 207.097 24.6945
 34262.1 13792 319.606 605.708 42.5639
 9753.84 10700.2 2576.1 57.5902 116.587
 36765.2 3091.71 2016.23 468.055 31.5825
 32916.9 7206.27 356.018 223.641 55.3084
 6062.9 11942.5 1641.59 78.5444 61.4349
 7128.74 4279.1 5260.39 700.053 59.5879
 41413.3 1265.64 398.037 466.985 67.2664
F
 0.213161 0.313839 0.321839 0.322271 0.322294
 0.690787 1.01705 1.04298 1.04438 1.04445
 0.691986 1.01882 1.04479 1.04619 1.04627
 1.10227 1.62289 1.66426 1.66649 1.66661
 1.19003 1.75209 1.79675 1.79917 1.79929
 0.345852 0.509201 0.522182 0.522883 0.52292
 0.850641 1.25241 1.28433 1.28606 1.28615
 0.31279 0.460523 0.472263 0.472897 0.47293
 0.863776 1.27174 1.30416 1.30592 1.30601
 1.76599 2.60008 2.66636 2.66995 2.67013
 0.384305 0.565816 0.58024 0.581019 0.58106
 1.03261 1.52032 1.55908 1.56117 1.56128
 1.00763 1.48355 1.52137 1.52341 1.52352
 1.61199 2.37334 2.43384 2.43711 2.43729
 1.49165 2.19618 2.25216 2.25519 2.25535
 0.838449 1.23446 1.26592 1.26762 1.26771
 0.971433 1.43025 1.46671 1.46868 1.46878
 0.539191 0.793856 0.814093 0.815186 0.815244
 0.833208 1.22674 1.25801 1.2597 1.25979
 0.837065 1.23242 1.26383 1.26553 1.26562
 0.741002 1.09098 1.11879 1.1203 1.12038
 0.7678 1.13044 1.15926 1.16081 1.1609
 0.650597 0.957879 0.982297 0.983617 0.983687
 0.47499 0.699332 0.717159 0.718122 0.718173
 0.490247 0.721794 0.740194 0.741189 0.741241
 0.507708 0.747503 0.766558 0.767588 0.767642
 0.552339 0.813213 0.833943 0.835064 0.835123
 0.340667 0.501566 0.514352 0.515043 0.51508
 0.341494 0.502785 0.515602 0.516294 0.516331
 0.879867 1.29544 1.32846 1.33024 1.33034
 0.751642 1.10665 1.13486 1.13638 1.13646
YTP_r0W_actual
 343730 17845.6 10985.8 15970.9 2509.04
YTP_p0W_proyectada
 81377.3 53033.1 1318.27 504.406 760.38
 81377.3 72481.6 21848.2 454.02 199.955
CTP_r0_actual
 41413.3 1265.64 398.037 466.985 67.2664
CTP_p0_proyectada
 10864.8 3384.37 56.9939 17.1742 22.4765
 10864.8 4625.5 944.584 15.4586 5.91059
Wmedp
 7.49 15.67 23.13 29.37 33.83
Frms_r0
 0.751642 1.10665 1.13486 1.13638 1.13646
Zrms_r0
 1.75164 2.10665 2.13486 2.13638 2.13646
nmprior
 8.19 8.8 8.5 0
nm_flota  nm_reclas  nm_pelaces    nm_pelaL
inf 18.4219 6.09348 10.4791
cv_recla  cv_pelaces  cv_mph
0.342946 0.471546 0.915334
 ------------------------------------------------
Talla a la edad & desviaci?n 
 8 13.2811 15.8009 17.003 17.5766
 0.8 1.32811 1.58009 1.7003 1.75766
