years
 1991 1992 1993 1994 1995 1996 1997 1998 1999 2000 2001 2002 2003 2004 2005 2006 2007 2008 2009 2010 2011 2012 2013 2014 2015 2016 2017 2018 2019 2020 2021
reclasobs
 0 0 0 0 0 0 0 0 0 252601 567819 844713 477998 351125 339783 2.1784e+06 2.13404e+06 4.81314e+06 1.55562e+06 2.62356e+06 3.21686e+06 3.843e+06 1.13348e+06 3.07943e+06 1.97215e+06 2.03268e+06 2.025e+06 2.42433e+06 2.27542e+06 1.05018e+06 2.36338e+06
reclaspred
 2.65881e+06 1.44822e+06 718272 550609 454838 1.00876e+06 512735 400883 309434 245680 404231 572255 560179 408216 394416 1.31973e+06 1.18309e+06 2.95914e+06 2.41233e+06 1.70394e+06 3.05818e+06 2.50521e+06 1.86309e+06 2.95154e+06 2.15644e+06 1.82823e+06 2.2889e+06 2.58953e+06 2.0611e+06 1.17792e+06 1.67985e+06
pelacesobs
 0 0 0 0 0 0 0 0 0 0 0 0 0 0 0 552880 188675 0 991730 2.46772e+06 1.41603e+06 1.21717e+06 2.29649e+06 1.80582e+06 0 1.4828e+06 1.56532e+06 1.57751e+06 1.42118e+06 867257 1.10002e+06
pelacespred
 1.18896e+06 707727 344233 209005 189726 439264 179220 199453 134062 101423 184993 221884 241299 180224 179984 518426 467939 1.37337e+06 1.13747e+06 745485 1.3143e+06 1.14237e+06 854142 1.49696e+06 1.04769e+06 887215 1.27017e+06 1.40999e+06 927907 607067 841021
mphobs
 0 0 0 0 0 0 0 0 0 0 0 498337 0 5186 125008 0 168611 109162 213762 579715 649985 157893 87575 83554 0 0 0 0 0 0 0
mphpred
 2.29893e+06 1.49807e+06 717987 379376 284866 288335 523097 240947 205533 138454 106009 274743 308927 250608 151285 189952 864578 743902 1.68429e+06 1.2334e+06 1.24451e+06 1.58352e+06 1.51297e+06 1.16203e+06 1.67634e+06 1.33814e+06 1.0521e+06 1.19836e+06 1.79473e+06 1.15981e+06 644843
desembarqueobs
 494567 514787 250237 358949 120608 361735 552515 73892 212993 205616 52469 317467 293654 387597 252695 516296 358380 742168 942051 627588 828172 859565 418607 520667 417249 300574 415391 372974 316634 284311 391294
desembarquepred
 494558 514329 250184 358977 120609 361684 552325 73893.2 212991 205609 52470.2 317473 293646 387497 252640 516177 358378 741986 941629 627307 828146 859429 418577 520657 417212 300548 415354 372928 316601 284288 391269
Reclutas
 160495 97058.6 92738.5 92836.3 74751.7 219121 68062.7 25270.6 34204.2 53624 98040.3 135140 108858 74870.8 69967.2 456517 71708.1 709636 381731 277588 443037 585411 96768 351331 276344 116775 301365 351994 81624.5 54830.6 246006
log_desv_Rt
 0.129056 -0.37389 -0.419421 -0.418367 -0.635033 0.44042 -0.728776 -1.71956 -1.41686 -0.967208 -0.363826 -0.0428933 -0.259164 -0.63344 -0.701179 1.17442 -0.676601 1.61555 0.995511 0.676933 1.14445 1.42311 -0.376888 0.912523 0.672443 -0.188959 0.759119 0.914408 -0.547076 -0.944956 0.556152
SSB
 2.29893e+06 1.49807e+06 717987 379376 284866 288335 523097 240947 205533 138454 106009 274743 308927 250608 151285 189952 864578 743902 1.68429e+06 1.2334e+06 1.24451e+06 1.58352e+06 1.51297e+06 1.16203e+06 1.67634e+06 1.33814e+06 1.0521e+06 1.19836e+06 1.79473e+06 1.15981e+06 644843
BT
 3.16475e+06 2.14001e+06 1.03899e+06 783445 536686 1.32644e+06 898374 526844 517793 428901 470798 774382 821595 817210 668766 1.61083e+06 1.35944e+06 3.82625e+06 3.52452e+06 2.29082e+06 3.70391e+06 3.43749e+06 2.33444e+06 3.93899e+06 2.80643e+06 2.3146e+06 3.35643e+06 3.62736e+06 2.40249e+06 1.68314e+06 2.31621e+06
Ftot
 0.186551 0.347571 0.346554 0.670923 0.283508 0.427223 1.00901 0.197398 0.74026 0.898347 0.161364 0.609642 0.568497 1.00731 0.744246 0.494926 0.305629 0.305767 0.414649 0.392944 0.303126 0.377432 0.226223 0.206272 0.204599 0.171301 0.210848 0.169754 0.150933 0.24062 0.27655
BD_Bspro_t
 0.970593 0.795445 0.598485 0.485011 0.396015 0.458477 0.512054 0.286324 0.322684 0.282916 0.284506 0.58726 0.4814 0.386678 0.268862 0.320249 0.566325 0.517296 0.647183 0.543307 0.501625 0.558714 0.577142 0.55314 0.669077 0.671932 0.670884 0.720428 0.777972 0.699627 0.606297
BD_Bspro
 2.27999 1.48573 0.712073 0.376251 0.28252 0.28596 0.518788 0.238962 0.20384 0.137314 0.105136 0.272479 0.306382 0.248544 0.150039 0.188387 0.857456 0.737774 1.67042 1.22324 1.23426 1.57048 1.5005 1.15246 1.66253 1.32711 1.04343 1.18848 1.77994 1.15026 0.639531
BD_Bo
 1.3488 0.878931 0.421249 0.222583 0.167133 0.169169 0.306905 0.141366 0.120588 0.0812322 0.0621964 0.161194 0.18125 0.147034 0.0887603 0.111446 0.507255 0.436453 0.988187 0.723647 0.730165 0.929066 0.887669 0.681774 0.983522 0.785095 0.617273 0.703085 1.05298 0.68047 0.378335
BD_Brms
 7.31156 4.7645 2.2835 1.20657 0.905994 0.917027 1.66367 0.766313 0.65368 0.440342 0.337154 0.873797 0.982516 0.797039 0.48115 0.604126 2.74972 2.36592 5.35675 3.92274 3.95807 5.03627 4.81186 3.69575 5.33146 4.25583 3.34611 3.81128 5.70799 3.68868 2.05087
Sel_flota
 0.696165 1 1 1 1
 0.696165 1 1 1 1
 0.696165 1 1 1 1
 0.696165 1 1 1 1
 0.696165 1 1 1 1
 0.696165 1 1 1 1
 0.696165 1 1 1 1
 0.696165 1 1 1 1
 0.696165 1 1 1 1
 0.696165 1 1 1 1
 0.696165 1 1 1 1
 0.696165 1 1 1 1
 0.696165 1 1 1 1
 0.696165 1 1 1 1
 0.696165 1 1 1 1
 0.696165 1 1 1 1
 0.696165 1 1 1 1
 0.696165 1 1 1 1
 0.696165 1 1 1 1
 0.696165 1 1 1 1
 0.696165 1 1 1 1
 0.696165 1 1 1 1
 0.696165 1 1 1 1
 0.696165 1 1 1 1
 0.696165 1 1 1 1
 0.696165 1 1 1 1
 0.696165 1 1 1 1
 0.696165 1 1 1 1
 0.696165 1 1 1 1
 0.696165 1 1 1 1
 0.696165 1 1 1 1
Sel_reclas
 1 1 1 1 1
 1 1 1 1 1
 1 1 1 1 1
 1 1 1 1 1
 1 1 1 1 1
 1 1 1 1 1
 1 1 1 1 1
 1 1 1 1 1
 1 1 1 1 1
 1 1 1 1 1
 1 1 1 1 1
 1 1 1 1 1
 1 1 1 1 1
 1 1 1 1 1
 1 1 1 1 1
 1 1 1 1 1
 1 1 1 1 1
 1 1 1 1 1
 1 1 1 1 1
 1 1 1 1 1
 1 1 1 1 1
 1 1 1 1 1
 1 1 1 1 1
 1 1 1 1 1
 1 1 1 1 1
 1 1 1 1 1
 1 1 1 1 1
 1 1 1 1 1
 1 1 1 1 1
 1 1 1 1 1
 1 1 1 1 1
Sel_pelaces
 1 1 1 1 1
 1 1 1 1 1
 1 1 1 1 1
 1 1 1 1 1
 1 1 1 1 1
 1 1 1 1 1
 1 1 1 1 1
 1 1 1 1 1
 1 1 1 1 1
 1 1 1 1 1
 1 1 1 1 1
 1 1 1 1 1
 1 1 1 1 1
 1 1 1 1 1
 1 1 1 1 1
 1 1 1 1 1
 1 1 1 1 1
 1 1 1 1 1
 1 1 1 1 1
 1 1 1 1 1
 1 1 1 1 1
 1 1 1 1 1
 1 1 1 1 1
 1 1 1 1 1
 1 1 1 1 1
 1 1 1 1 1
 1 1 1 1 1
 1 1 1 1 1
 1 1 1 1 1
 1 1 1 1 1
 1 1 1 1 1
pf_obs 
 0.8446 0.082 0.0669 0.0065 0
 0.8095 0.147 0.0364 0.0071 0
 0.9664 0.0169 0.016 0.0007 0
 0.9276 0.0648 0.0075 0.0001 0
 0.7033 0.2144 0.0806 0.0017 0
 0.9318 0.0425 0.0243 0.0014 0
 0.5671 0.3108 0.0964 0.0239 0.0018
 0.0768 0.2599 0.5324 0.112 0.0189
 0.490249 0.384438 0.106611 0.0170017 0.00170017
 0.7925 0.1577 0.0466 0.003 0.0002
 0.840416 0.127587 0.0312969 0.00059994 9.999e-05
 0.8084 0.0986 0.0794 0.0134 0.0002
 0.7335 0.1905 0.0724 0.0035 0.0001
 0.4001 0.4547 0.1325 0.0127 0
 0.49795 0.308269 0.164784 0.0264974 0.00249975
 0.9179 0.0499 0.0305 0.0017 0
 0.2467 0.6533 0.0926 0.0074 0
 0.9418 0.0223 0.034 0.0019 0
 0.707729 0.231977 0.0356964 0.0245975 0
 0.517169 0.277429 0.184464 0.0207286 0.00020938
 0.811772 0.124168 0.05621 0.00726502 0.000585176
 0.764997 0.148141 0.077277 0.00933861 0.000247198
 0.163321 0.427699 0.378323 0.0303852 0.000271297
 0.753843 0.0900009 0.118128 0.0371064 0.000921714
 0.721811 0.176058 0.0630433 0.0369309 0.00215725
 0.143369 0.312575 0.442814 0.0836902 0.0175525
 0.692698 0.0596174 0.167031 0.0765114 0.00414204
 0.394062 0.376323 0.152708 0.0712218 0.00568511
 0.125707 0.32114 0.495352 0.0537591 0.00404204
 0.23352 0.215282 0.420074 0.123614 0.00750983
 0.774587 0.0839891 0.0768558 0.0609784 0.00358967
pf_pred 
 0.431881 0.164434 0.373182 0.0305012 8.73608e-07
 0.418804 0.308256 0.0789988 0.179287 0.014654
 0.55742 0.232166 0.1116 0.0286005 0.0702139
 0.631497 0.242655 0.0660167 0.0317337 0.028098
 0.649516 0.258165 0.0607908 0.0165388 0.0149893
 0.839726 0.118134 0.0310399 0.00730902 0.00379069
 0.43996 0.498809 0.0451322 0.0118586 0.00424057
 0.456971 0.314459 0.20358 0.0184199 0.00657056
 0.639769 0.200322 0.0926006 0.0599494 0.0073591
 0.803505 0.146616 0.0277372 0.0128218 0.00931976
 0.852324 0.129203 0.0137832 0.00260753 0.00208149
 0.736986 0.23543 0.0241336 0.00257453 0.000875852
 0.670785 0.269535 0.0534208 0.00547609 0.000782916
 0.62242 0.288887 0.0726146 0.0143919 0.00168622
 0.742201 0.191455 0.0507599 0.012759 0.00282506
 0.947805 0.0431477 0.00671929 0.00178146 0.000546936
 0.296074 0.680152 0.0196528 0.00306049 0.00106053
 0.903583 0.0375874 0.0568423 0.00164245 0.000344406
 0.5528 0.417849 0.0114421 0.0173036 0.000604825
 0.558479 0.290176 0.141412 0.00387234 0.0060607
 0.731495 0.177601 0.0597437 0.0291149 0.00204509
 0.722334 0.223608 0.0357562 0.0120281 0.00627341
 0.250763 0.599575 0.120525 0.0192727 0.00986456
 0.73354 0.0889268 0.14207 0.0285586 0.00690412
 0.586246 0.332703 0.0270497 0.0432148 0.010787
 0.389933 0.414034 0.157632 0.012816 0.0255857
 0.73307 0.129826 0.0930482 0.0354256 0.00863023
 0.677554 0.259202 0.0307599 0.022046 0.0104382
 0.275799 0.54809 0.141569 0.0168002 0.017742
 0.34351 0.236228 0.318062 0.0821541 0.0200453
 0.820346 0.0790194 0.036212 0.0487565 0.0156664
pobs_RECLAS
 0 0 0 0 0
 0 0 0 0 0
 0 0 0 0 0
 0 0 0 0 0
 0 0 0 0 0
 0 0 0 0 0
 0 0 0 0 0
 0 0 0 0 0
 0 0 0 0 0
 0 0 0 0 0
 0.991045 0.00858322 0.000360255 1.14367e-05 0
 0.934742 0.0480273 0.0164251 0.00080598 0
 0.827803 0.169806 0.00239088 0 0
 0.941827 0.0461693 0.0120037 0 0
 0.791401 0.0380133 0.147996 0.0225897 0
 0.846168 0.0940531 0.0597789 0 0
 0.134021 0.677848 0.182769 0.00536245 0
 0.80878 0.0450904 0.141981 0.00414843 0
 0.846168 0.0940531 0.0597789 0 0
 0.905697 0.0802665 0.012482 0.00150086 5.37128e-05
 0.989698 0.0102097 9.19794e-05 0 0
 0.975433 0.0193895 0.00387452 0.00125025 5.28907e-05
 0.303575 0.632131 0.0575291 0.00676475 0
 0.966965 0.00978017 0.0227588 0.000495775 0
 0.843318 0.132988 0.00938335 0.0141283 0.000182051
 0.564624 0.303363 0.111486 0.0197234 0.00080311
 0.826376 0.0876187 0.0782897 0.00655872 0.00115652
 0.89761 0.0855135 0.0140674 0.00269457 0.000114338
 0.34875 0.467042 0.161289 0.0227151 0.000203297
 0.318654 0.224769 0.449479 0.00709798 0
 0.937255 0.0296025 0.0250945 0.00804832 0
ppred_RECLAS
 0.523318 0.137969 0.31312 0.0255922 7.33003e-07
 0.51139 0.25915 0.066414 0.150726 0.0123196
 0.646551 0.18541 0.089125 0.0228406 0.0560735
 0.71635 0.18678 0.0508154 0.0244266 0.0216281
 0.728646 0.199879 0.0470659 0.0128048 0.0116051
 0.884184 0.0853654 0.0224299 0.00528162 0.00273921
 0.541336 0.408516 0.0369626 0.00971196 0.00347296
 0.548678 0.261353 0.169199 0.0153091 0.00546092
 0.724275 0.153329 0.0708776 0.045886 0.00563274
 0.859198 0.10506 0.0198755 0.00918765 0.00667822
 0.8928 0.0937909 0.0100054 0.00189285 0.00151099
 0.804568 0.174936 0.0179325 0.001913 0.000650801
 0.749227 0.205313 0.0406922 0.0041713 0.000596371
 0.71234 0.22009 0.0553217 0.0109645 0.00128465
 0.809853 0.141213 0.0374393 0.00941074 0.0020837
 0.963685 0.0300198 0.00467492 0.00123944 0.000380528
 0.378858 0.600164 0.0173416 0.00270057 0.000935813
 0.931461 0.0267193 0.0404068 0.00116755 0.000244824
 0.642891 0.333671 0.00913704 0.0138177 0.000482979
 0.647951 0.231373 0.112755 0.00308762 0.00483253
 0.797992 0.133617 0.0449478 0.0219044 0.00153861
 0.790923 0.168372 0.0269237 0.00905693 0.00472375
 0.326137 0.539257 0.1084 0.0173338 0.00887217
 0.799124 0.0670393 0.107103 0.0215295 0.00520481
 0.671853 0.263865 0.021453 0.0342735 0.00855516
 0.479869 0.352996 0.134394 0.0109266 0.0218138
 0.798762 0.0978759 0.0701489 0.0267073 0.00650631
 0.752042 0.199324 0.0236541 0.0169532 0.00802687
 0.354571 0.488474 0.12617 0.0149729 0.0158122
 0.430856 0.204798 0.275744 0.0712235 0.0173782
 0.868675 0.0577623 0.0264706 0.0356405 0.0114519
pobs_PELACES
 0 0 0 0 0
 0 0 0 0 0
 0 0 0 0 0
 0 0 0 0 0
 0 0 0 0 0
 0 0 0 0 0
 0 0 0 0 0
 0 0 0 0 0
 0 0 0 0 0
 0 0 0 0 0
 0 0 0 0 0
 0 0 0 0 0
 0 0 0 0 0
 0 0 0 0 0
 0 0 0 0 0
 0 0 0 0 0
 0.505614 0.472636 0.0217494 0 0
 0 0 0 0 0
 0.443492 0.261883 0.143347 0.151278 0
 0.227955 0.32914 0.350689 0.0885471 0.00366901
 0.970185 0.0296113 0.000203453 0 0
 0.997202 0.00247181 0.000326279 0 0
 0.445219 0.490057 0.0546422 0.010081 0
 0.90214 0.0892962 0.00764917 0.000914606 0
 0 0 0 0 0
 0.581667 0.319106 0.0959925 0.00289975 0.000334073
 0.762889 0.0836404 0.116647 0.0363945 0.000428098
 0.88444 0.0763242 0.0277011 0.0115352 0
 0.521256 0.241999 0.230069 0.00667565 0
 0.616807 0.101726 0.260614 0.0208532 0
 0.833518 0.0704572 0.0857862 0.0102388 0
ppred_PELACES
 0.527982 0.136619 0.310056 0.0253418 7.25832e-07
 0.520094 0.254534 0.065231 0.148041 0.0121002
 0.654451 0.181266 0.0871331 0.0223301 0.0548203
 0.729818 0.177912 0.0484027 0.0232668 0.0206012
 0.734229 0.195766 0.0460974 0.0125413 0.0113663
 0.888499 0.0821851 0.0215942 0.00508484 0.00263716
 0.56633 0.386255 0.0349484 0.00918274 0.00328371
 0.553575 0.258517 0.167363 0.0151431 0.00540168
 0.738848 0.145225 0.0671315 0.0434608 0.00533503
 0.869747 0.0971896 0.0183865 0.00849935 0.00617791
 0.894338 0.0924447 0.00986183 0.00186568 0.0014893
 0.814 0.166493 0.0170669 0.00182067 0.000619389
 0.759784 0.19667 0.0389792 0.0039957 0.000571265
 0.732584 0.204601 0.0514283 0.0101929 0.00119424
 0.82108 0.132876 0.0352289 0.00885512 0.00196068
 0.965383 0.0286168 0.00445643 0.00118152 0.000362743
 0.386096 0.593171 0.0171395 0.0026691 0.000924908
 0.933393 0.0259663 0.0392681 0.00113464 0.000237925
 0.652378 0.324806 0.0088943 0.0134506 0.000470148
 0.656885 0.225502 0.109894 0.00300927 0.00470989
 0.802847 0.130406 0.0438675 0.021378 0.00150163
 0.797112 0.163388 0.0261267 0.00878883 0.00458391
 0.331141 0.535252 0.107595 0.0172051 0.00880629
 0.802423 0.0659382 0.105343 0.0211759 0.00511932
 0.67636 0.260241 0.0211584 0.0338028 0.00843767
 0.484158 0.350086 0.133286 0.0108365 0.021634
 0.802138 0.0962335 0.0689718 0.0262591 0.00639714
 0.755203 0.196783 0.0233526 0.0167371 0.00792457
 0.358042 0.485847 0.125492 0.0148924 0.0157272
 0.436782 0.202666 0.272873 0.0704819 0.0171973
 0.871806 0.0563851 0.0258395 0.0347907 0.0111789
pobs_pel_tallas
 0 0 0 0 0 0 0 0 0 0 0 0 0 0 0 0 0 0 0 0 0 0 0 0 0 0
 0 0 0 0 0 0 0 0 0 0 0 0 0 0 0 0 0 0 0 0 0 0 0 0 0 0
 0 0 0 0 0 0 0 0 0 0 0 0 0 0 0 0 0 0 0 0 0 0 0 0 0 0
 0 0 0 0 0 0 0 0 0 0 0 0 0 0 0 0 0 0 0 0 0 0 0 0 0 0
 0 0 0 0 0 0 0 0 0 0 0 0 0 0 0 0 0 0 0 0 0 0 0 0 0 0
 0 0 0 0 0 0 0 0 0 0 0 0 0 0 0 0 0 0 0 0 0 0 0 0 0 0
 0 0 0 0 0 0 0 0 0 0 0 0 0 0 0 0 0 0 0 0 0 0 0 0 0 0
 0 0 0 0 0 0 0 0 0 0 0 0 0 0 0 0 0 0 0 0 0 0 0 0 0 0
 0 0 0 0 0 0 0 0 0 0 0 0 0 0 0 0 0 0 0 0 0 0 0 0 0 0
 0 0 0 0 0 0 0 0 0 0 0 0 0 0 0 0 0 0 0 0 0 0 0 0 0 0
 0 0 0 0 0 0 0 0 0 0 0 0 0 0 0 0 0 0 0 0 0 0 0 0 0 0
 0 0 0 0 0 0 0 0 0 0 0 0 0 0 0 0 0 0 0 0 0 0 0 0 0 0
 0.00862536 0 0 0.000197151 0.00414017 0.0128641 0.00837892 0.0270097 0.101434 0.158115 0.152841 0.127902 0.109271 0.109419 0.0830992 0.0579132 0.0238553 0.00714673 0.00463305 0.00128148 0.00103504 0.000492878 0.000147863 0.000147863 4.92878e-05 0
 0 0 0 0 0 0 0 0 0 0 0 0 0 0 0 0 0 0 0 0 0 0 0 0 0 0
 0 0 0 0 0 0 0 0.0054083 0.00873648 0.0413646 0.0450493 0.0745869 0.0622846 0.0627006 0.0613931 0.0827291 0.12552 0.122667 0.0946155 0.0697135 0.0546179 0.0294188 0.0215738 0.0213955 0.0102223 0.00600262
 0 0 0 0 0.00359764 0.0251062 0.0480494 0.140153 0.205849 0.193036 0.1447 0.116669 0.0760912 0.0342217 0.00950174 0.001854 0.000860785 0 0 0 0.000165536 0 0.000143464 0 0 0
 0 0 0 0 0 0 0 0.000145254 0.000435761 0.0275982 0.070085 0.0708112 0.156366 0.174668 0.174014 0.160142 0.0824315 0.0480064 0.0283245 0.00493863 0.00203355 0 0 0 0 0
 0 0 0 0 0 0 0 0 0 0 0 0 0 0 0 0 0 0 0 0 0 0 0 0 0 0
 0 0 1.00437e-05 0.000401748 0.00122533 0.00171747 0.00176769 0.0269171 0.070346 0.194647 0.189555 0.159765 0.064822 0.0314167 0.0384472 0.0292271 0.0345202 0.0313363 0.0194345 0.0106764 0.0143323 0.0359363 0.0279516 0.0138201 0.00172751 0
 0 0.0021121 0.0136068 0.0755702 0.200478 0.177729 0.0527432 0.0373336 0.0318909 0.0142505 0.0149659 0.0166563 0.0217959 0.0798694 0.0677717 0.0528807 0.04013 0.0224614 0.0357745 0.0225083 0.00881397 0.00855152 0.00135912 0.000746735 0 0
 0 0 0 0 5.4009e-05 0.00500934 0.000945158 0.0243581 0.138947 0.33067 0.221406 0.137944 0.0707744 0.0437923 0.0131692 0.00525238 0.0047753 0.00276346 9.45158e-05 9.00151e-06 2.25038e-05 9.00151e-06 4.50075e-06 0 0 0
 0.000866109 0.00284123 0.00948549 0.0512746 0.133035 0.25785 0.225252 0.132002 0.0553304 0.0519788 0.0540692 0.017754 0.00435017 0.00159236 0.00146478 0.000404838 0.000125132 0.000115318 0.000107957 0.000100596 0 0 0 0 0 0
 0 0 0 0 0.00144013 0.00171154 0.00461396 0.0210425 0.0478622 0.0707936 0.0888783 0.103762 0.0637923 0.0337046 0.0602308 0.124433 0.169614 0.0934646 0.0462172 0.0250306 0.0313229 0.00938855 0.002487 0.000210481 0 0
 0 0.00764035 0.051015 0.0998891 0.058973 0.0496711 0.0374665 0.0718981 0.12319 0.153886 0.159021 0.0857701 0.0377988 0.023471 0.0147837 0.00900784 0.00315554 0.000888139 0.00291439 0.00214683 0.00393193 0.00274676 0.000635225 9.99891e-05 0 0
 0 0 0 0 0 0 0 0 0 0 0 0 0 0 0 0 0 0 0 0 0 0 0 0 0 0
 0 0 0 0 0 0 0 0 0 0 0 0 0 0 0 0 0 0 0 0 0 0 0 0 0 0
 0 0 0 0 0 0 0 0 0 0 0 0 0 0 0 0 0 0 0 0 0 0 0 0 0 0
 0 0 0 0 0 0 0 0 0 0 0 0 0 0 0 0 0 0 0 0 0 0 0 0 0 0
 0 0 0 0 0 0 0 0 0 0 0 0 0 0 0 0 0 0 0 0 0 0 0 0 0 0
 0 0 0 0 0 0 0 0 0 0 0 0 0 0 0 0 0 0 0 0 0 0 0 0 0 0
 0 0 0 0 0 0 0 0 0 0 0 0 0 0 0 0 0 0 0 0 0 0 0 0 0 0
ppred_pel_tallas
 1.11525e-16 4.34892e-05 0.00042273 0.00280919 0.0127702 0.0397329 0.0846556 0.12356 0.123574 0.0847224 0.0399584 0.0134275 0.00448094 0.00414451 0.00732344 0.0125892 0.0194113 0.0270713 0.034768 0.0419788 0.0484892 0.0539922 0.0576945 0.058441 0.055369 0.0485702
 1.18842e-16 4.28395e-05 0.000416415 0.00276723 0.0125794 0.0391394 0.0833915 0.121718 0.121742 0.0835119 0.0395439 0.0137493 0.00570934 0.00685799 0.0123348 0.0204848 0.0299055 0.0385093 0.0442613 0.0463915 0.0459 0.0448219 0.0448032 0.0460939 0.0475979 0.0477268
 1.14078e-16 5.39063e-05 0.000523988 0.00348209 0.0158291 0.0492502 0.104933 0.153157 0.153175 0.105019 0.0495392 0.0166652 0.00558658 0.00513711 0.00887173 0.0147328 0.0215808 0.0279233 0.032292 0.0340708 0.0338552 0.032969 0.0325263 0.0327834 0.0331803 0.0328625
 1.07262e-16 6.01142e-05 0.000584331 0.00388309 0.017652 0.0549219 0.117017 0.170794 0.170811 0.117102 0.0552042 0.018468 0.00593374 0.00506894 0.00860129 0.0141893 0.0205909 0.026235 0.0295725 0.0299233 0.0278785 0.0248634 0.0222144 0.0204946 0.0194566 0.0184797
 1.04562e-16 6.04776e-05 0.000587863 0.00390656 0.0177587 0.0552539 0.117725 0.171827 0.171846 0.117817 0.0555641 0.0186552 0.00615862 0.00550957 0.00942388 0.0155268 0.0224632 0.0284667 0.0317795 0.0315991 0.0285434 0.0241951 0.0201057 0.0170435 0.0149268 0.013256
 1.01601e-16 7.31845e-05 0.000711379 0.00472736 0.0214899 0.0668632 0.142459 0.207925 0.207933 0.142498 0.0669935 0.0218665 0.00567348 0.00277946 0.00400882 0.00653254 0.00945256 0.0119907 0.0134054 0.0133547 0.012087 0.0102515 0.00848543 0.00710573 0.00608731 0.00524465
 1.02584e-16 4.66479e-05 0.000453434 0.00301323 0.0136977 0.0426189 0.0908055 0.132541 0.132578 0.0909873 0.0432291 0.0154596 0.00743422 0.0100994 0.018351 0.0302247 0.0434431 0.0544369 0.059599 0.057266 0.0487153 0.037315 0.0265366 0.0183684 0.0130372 0.00974241
 1.07329e-16 4.55973e-05 0.000443222 0.00294536 0.0133892 0.0416589 0.0887597 0.129553 0.129578 0.0888826 0.042072 0.0145849 0.00595659 0.00704924 0.0126867 0.0211489 0.0310363 0.040224 0.0465301 0.0488784 0.0478081 0.0448556 0.041371 0.037784 0.0337789 0.0289802
 1.07236e-16 6.08579e-05 0.000591561 0.00393113 0.0178704 0.0556014 0.118465 0.172906 0.17292 0.118534 0.0558329 0.01854 0.00561652 0.00428544 0.00711986 0.0117904 0.0172555 0.0222934 0.0257059 0.0269652 0.0265007 0.0253172 0.0242612 0.0235316 0.0227433 0.0213596
 1.02454e-16 7.16399e-05 0.000696365 0.00462759 0.0210364 0.065452 0.139453 0.203537 0.203547 0.139499 0.0656059 0.021481 0.00574429 0.00313594 0.00471034 0.0076887 0.0111053 0.0140455 0.0156325 0.0154735 0.013891 0.0116943 0.00967767 0.00823469 0.00731595 0.006644
 1.00748e-16 7.36655e-05 0.000716055 0.00475844 0.0216312 0.0673026 0.143396 0.209292 0.209301 0.143439 0.0674487 0.022053 0.00581708 0.00302623 0.0044586 0.0072478 0.0104181 0.0130685 0.0143344 0.0138187 0.0118247 0.00915237 0.00662339 0.00470456 0.0034442 0.00264956
 1.00823e-16 6.70482e-05 0.000651732 0.00433099 0.0196881 0.061257 0.130515 0.190494 0.19051 0.130593 0.06152 0.0204477 0.00623709 0.00481084 0.00796022 0.0130385 0.0187396 0.0234876 0.0257223 0.0247204 0.0210225 0.0160685 0.0113471 0.00771787 0.00529461 0.00375852
 1.01673e-16 6.25824e-05 0.000608323 0.00404252 0.0183767 0.057177 0.121822 0.177807 0.177826 0.121915 0.0574883 0.0192762 0.00630098 0.005541 0.00943767 0.0155213 0.0223938 0.028243 0.0312579 0.0305889 0.026833 0.0215963 0.0165084 0.0124651 0.0095382 0.00737239
 1.02761e-16 6.0342e-05 0.000586546 0.0038978 0.0177189 0.0551301 0.117461 0.171442 0.171462 0.117558 0.0554544 0.018656 0.0062518 0.00573105 0.00984739 0.0162277 0.0234719 0.0297269 0.0331371 0.0328337 0.0294233 0.0245239 0.0197434 0.015915 0.0130354 0.0107045
 1.02271e-16 6.76313e-05 0.0006574 0.00436865 0.0198593 0.0617896 0.13165 0.192149 0.192162 0.131713 0.0620003 0.0204682 0.00589836 0.00400115 0.00643094 0.0105584 0.0152825 0.0193845 0.0216663 0.0215713 0.0194958 0.0164836 0.0135611 0.0112427 0.00949718 0.0080407
 1.00316e-16 7.95173e-05 0.000772936 0.00513643 0.0233495 0.0726489 0.154786 0.225916 0.225918 0.1548 0.0726942 0.0234802 0.00546469 0.00148965 0.00144105 0.00225743 0.00324639 0.00408686 0.00451087 0.00439642 0.00383488 0.00306664 0.00233529 0.00177408 0.00139036 0.00112336
 1.01071e-16 3.18023e-05 0.00030913 0.00205428 0.00933849 0.0290558 0.0619086 0.0903693 0.0904264 0.0621873 0.0299915 0.0120397 0.00882927 0.0150811 0.0280338 0.046157 0.066163 0.0825172 0.0896005 0.0848223 0.0702013 0.0510854 0.0330761 0.019516 0.0109625 0.00624215
 1.01294e-16 7.68823e-05 0.000747324 0.00496623 0.0225758 0.0702416 0.149657 0.21843 0.218432 0.14967 0.0702838 0.0226984 0.00527663 0.00143362 0.00140563 0.00226794 0.00341218 0.00460684 0.00566016 0.00646392 0.00701812 0.0073635 0.00748847 0.00730797 0.00673604 0.00578032
 1.01769e-16 5.37356e-05 0.000522329 0.00347106 0.015779 0.0490944 0.104602 0.152676 0.152707 0.104755 0.0496068 0.0172584 0.00718183 0.00861402 0.0153952 0.0252985 0.0362808 0.0452974 0.0492907 0.0468673 0.0391533 0.0290803 0.0196882 0.0127441 0.00846457 0.00611786
 1.04328e-16 5.41068e-05 0.000525937 0.00349504 0.015888 0.0494334 0.105324 0.153728 0.15375 0.105431 0.0497925 0.0169266 0.00610789 0.00624855 0.010977 0.0182034 0.0265454 0.0340593 0.0387692 0.0397119 0.0374259 0.0334323 0.0291731 0.0252903 0.0216804 0.0180273
 1.03698e-16 6.61295e-05 0.000642802 0.00427165 0.0194183 0.0604176 0.128727 0.187883 0.187895 0.128788 0.0606247 0.0200173 0.00577738 0.00393742 0.00634567 0.0104454 0.0151815 0.0193912 0.0219352 0.0222938 0.0208538 0.018593 0.016425 0.0147317 0.0133649 0.0119727
 1.02453e-16 6.56571e-05 0.000638211 0.00424113 0.0192796 0.0599861 0.127807 0.186542 0.186557 0.127884 0.0602446 0.0200263 0.00611591 0.00473201 0.00784402 0.0128733 0.0185609 0.0233909 0.0258656 0.0252998 0.0222232 0.0180097 0.0140402 0.0110525 0.00905507 0.00766499
 1.06458e-16 2.72758e-05 0.00026513 0.00176189 0.00800931 0.0249202 0.0530971 0.0775076 0.0775592 0.0533494 0.0257677 0.0104577 0.00790998 0.0136943 0.0255549 0.0422642 0.0610196 0.0770225 0.0853787 0.0838067 0.0739558 0.0602036 0.0469587 0.0365925 0.0292026 0.0237135
 1.06047e-16 6.60945e-05 0.000642463 0.00426939 0.019408 0.0603856 0.128658 0.187782 0.187788 0.12869 0.0604931 0.0197206 0.00506158 0.00239693 0.00347197 0.00582845 0.00884175 0.0120663 0.0150728 0.0176363 0.0197847 0.0216028 0.0229771 0.0235439 0.022903 0.0209088
 1.05496e-16 5.57109e-05 0.00054153 0.00359866 0.016359 0.050899 0.108447 0.158286 0.158311 0.108569 0.0513103 0.0175467 0.00657937 0.00704698 0.0124071 0.0204155 0.0293918 0.0369505 0.040718 0.0396461 0.0346617 0.0280595 0.0221233 0.0180354 0.0157063 0.0143337
 1.08684e-16 3.98795e-05 0.000387643 0.00257603 0.0117103 0.0364351 0.0776302 0.113311 0.113344 0.0777958 0.0369915 0.013319 0.00662047 0.00923794 0.0169105 0.0280561 0.040792 0.0520918 0.0588713 0.0596782 0.0554818 0.0488583 0.0422763 0.0368726 0.0324457 0.0282664
 1.05732e-16 6.60711e-05 0.000642235 0.00426788 0.0194011 0.0603642 0.128613 0.187716 0.187725 0.128659 0.0605184 0.0198476 0.00539334 0.00311475 0.00480798 0.00796563 0.0117556 0.0153914 0.0181135 0.0195752 0.0200063 0.0199545 0.0198257 0.0196135 0.0189991 0.0176635
 1.03744e-16 6.22051e-05 0.000604655 0.00401815 0.0182659 0.0568322 0.121088 0.176735 0.176754 0.12118 0.0571433 0.0191646 0.00627392 0.00552906 0.00941497 0.0154685 0.0222845 0.0280465 0.0309556 0.0302043 0.0264657 0.0214402 0.0168286 0.0135257 0.0115013 0.0102129
 1.07901e-16 2.94915e-05 0.000286668 0.00190501 0.00865994 0.0269445 0.0574099 0.0838013 0.0838482 0.0576392 0.0277147 0.0108855 0.00749588 0.0125058 0.0232777 0.0385452 0.055777 0.070671 0.0788371 0.0782225 0.0702768 0.0588478 0.047755 0.0389685 0.0324589 0.0272364
 1.17905e-16 3.59772e-05 0.000349711 0.00232395 0.0105644 0.0328698 0.0700332 0.10222 0.10224 0.0701308 0.0331987 0.0115195 0.00474124 0.00569202 0.0103743 0.0175985 0.0265319 0.0358552 0.044197 0.0508772 0.056114 0.0604269 0.0637893 0.0653466 0.0639529 0.0590177
 1.06141e-16 7.18095e-05 0.000698014 0.00463855 0.0210862 0.0656069 0.139783 0.204018 0.204024 0.139809 0.065697 0.0213468 0.005295 0.00213861 0.00283067 0.00462826 0.00681248 0.0089033 0.0104809 0.0113988 0.0118763 0.0123226 0.0130217 0.0139254 0.0146907 0.0148963
pSPR Fmed_Fpbrs
0.556284   0.234475 0.234475
Fs Fmed_Fpbrs
0.34599   1.005 1.005
SSBpbr Bo_Bmed_Bpbrs
1.70443e+06  862924  314424 314424
Ro
141063
SPR SPRFo_SPRFmed_SPRFpbrs
1.00831e+06 560905 236423
Fref
1.005
Nvult_r0
 171355 12300.3 5636.82 7589.53 2438.65
CTP_r0
 27664 2664.72 1221.16 1644.19 528.307
YTP_r0
391269
Np
 204134 74651.6 4759.71 2181.22 3756.21
Nvult_p0
 166829 64599 4118.77 1887.5 3250.39
CTP_p0
 68673.9 32380.1 2064.52 946.101 1629.25
YTP_p0
 1.16997e+06
CBA_c0
624879
log_Ro
11.677
likeval ReclasPelacesDesembMPH_pf_preclas_ppelaces_ptallas_desvR_qrecl_qpela
 12.0276 22.2493 0.00851909 0.00237004 241.569 117.265 99.4413 0 30.8858 0 0 0.0234226 0 0 0
q_reclas_q_pelaces
1 1
M
1
N
 160495 43529.6 98790.2 8074.39 0.231265
 97058.6 51851.8 13288.4 30157.9 2464.96
 92738.5 28032 13474.8 3453.26 8477.73
 92836.3 26803.3 7292.11 3505.26 3103.67
 74751.7 21408 5040.99 1371.45 1242.96
 219121 22574.1 5931.38 1396.68 724.36
 68062.7 59871.9 5417.21 1423.38 508.994
 25270.6 12403.6 8030.08 726.562 259.172
 34204.2 8102.89 3745.64 2424.92 297.671
 53624 7515.79 1421.85 657.265 477.745
 98040.3 10555 1125.99 213.017 170.043
 135140 32234.7 3304.33 352.5 119.92
 108858 32521.4 6445.62 660.731 94.4647
 74870.8 26957.8 6776.11 1343 157.351
 69967.2 13660.5 3621.76 910.363 201.57
 456517 15331.5 2387.53 632.999 194.34
 71708.1 118994 3438.32 535.441 185.543
 709636 21324.1 32247.7 931.791 195.388
 381731 211006 5778.07 8737.99 305.426
 277588 105220 51276.8 1404.13 2197.65
 443037 77678.9 26130.6 12734.2 894.477
 585411 131977 21103.9 7099.19 3702.67
 96768 165597 33288 5322.94 2724.5
 351331 30411.7 48586 9766.65 2361.11
 276344 111958 9102.56 14542.3 3629.97
 116775 88165.3 33566.5 2729.06 5448.27
 301365 38129.6 27328 10404.4 2534.67
 351994 95730.7 11360.5 8142.24 3855.13
 81624.5 115058 29718.9 3526.8 3724.5
 54830.6 27032.9 36397.6 9401.33 2293.89
 246006 17060 7818.04 10526.4 3382.31
pred_Ctot
 12487.7 4754.58 10790.5 881.935 0.0252601
 13448.1 9898.36 2536.71 5757.05 470.553
 12815.6 5337.7 2565.79 657.551 1614.28
 22740.7 8738.19 2377.31 1142.76 1011.83
 8600.69 3418.55 804.974 219.001 198.484
 36506 5135.72 1349.42 317.751 164.796
 22965.4 26037.2 2355.85 619.002 221.352
 2074.18 1427.32 924.044 83.6075 29.8236
 9076.3 2841.94 1313.71 850.493 104.402
 16571.5 3023.82 572.053 264.437 192.211
 6645.8 1007.43 107.471 20.3316 16.2299
 30575.8 9767.44 1001.25 106.811 36.337
 23222.6 9331.32 1849.43 189.582 27.1046
 25230.9 11710.5 2943.56 583.401 68.3538
 18646.6 4810.01 1275.26 320.549 70.9752
 86492.6 3937.48 613.174 162.569 49.911
 8839.39 20306.1 586.741 91.3718 31.6626
 87512.2 3640.35 5505.19 159.071 33.3558
 61939.3 46818.5 1282.05 1938.8 67.7684
 42939.6 22310.7 10872.7 297.731 465.988
 54203.4 13160.2 4426.98 2157.4 151.54
 87355.2 27042 4324.17 1454.62 758.672
 9028.46 21587.1 4339.39 693.893 355.163
 30057.5 3643.86 5821.47 1170.22 282.903
 23461.6 13314.8 1082.53 1729.46 431.697
 8379.42 8897.34 3387.42 275.407 549.821
 26320.6 4661.37 3340.86 1271.94 309.865
 25041 9579.58 1136.83 814.778 385.775
 5190.77 10315.5 2664.45 316.195 333.92
 5419.22 3726.75 5017.77 1296.07 316.235
 27664 2664.72 1221.16 1644.19 528.307
F
 0.129871 0.186551 0.186551 0.186551 0.186551
 0.241967 0.347571 0.347571 0.347571 0.347571
 0.241259 0.346554 0.346554 0.346554 0.346554
 0.467073 0.670923 0.670923 0.670923 0.670923
 0.197368 0.283508 0.283508 0.283508 0.283508
 0.297418 0.427223 0.427223 0.427223 0.427223
 0.70244 1.00901 1.00901 1.00901 1.00901
 0.137422 0.197398 0.197398 0.197398 0.197398
 0.515343 0.74026 0.74026 0.74026 0.74026
 0.625398 0.898347 0.898347 0.898347 0.898347
 0.112336 0.161364 0.161364 0.161364 0.161364
 0.424412 0.609642 0.609642 0.609642 0.609642
 0.395768 0.568497 0.568497 0.568497 0.568497
 0.701257 1.00731 1.00731 1.00731 1.00731
 0.518118 0.744246 0.744246 0.744246 0.744246
 0.344551 0.494926 0.494926 0.494926 0.494926
 0.212768 0.305629 0.305629 0.305629 0.305629
 0.212864 0.305767 0.305767 0.305767 0.305767
 0.288665 0.414649 0.414649 0.414649 0.414649
 0.273554 0.392944 0.392944 0.392944 0.392944
 0.211026 0.303126 0.303126 0.303126 0.303126
 0.262755 0.377432 0.377432 0.377432 0.377432
 0.157488 0.226223 0.226223 0.226223 0.226223
 0.1436 0.206272 0.206272 0.206272 0.206272
 0.142435 0.204599 0.204599 0.204599 0.204599
 0.119254 0.171301 0.171301 0.171301 0.171301
 0.146785 0.210848 0.210848 0.210848 0.210848
 0.118177 0.169754 0.169754 0.169754 0.169754
 0.105075 0.150933 0.150933 0.150933 0.150933
 0.167511 0.24062 0.24062 0.24062 0.24062
 0.192525 0.27655 0.27655 0.27655 0.27655
YTP_r0W_actual
 235144 43435 35291.4 57217.7 20181.3
YTP_p0W_proyectada
 516428 521966 48268.4 27910 55394.5
CTP_r0_actual
 27664 2664.72 1221.16 1644.19 528.307
CTP_p0_proyectada
 68673.9 32380.1 2064.52 946.101 1629.25
Wmedp
 7.52 16.12 23.38 29.5 34
Frms_r0
 0.192525 0.27655 0.27655 0.27655 0.27655
Zrms_r0
 1.19252 1.27655 1.27655 1.27655 1.27655
nmprior
 8.19 8.8 8.5 0
nm_flota  nm_reclas  nm_pelaces    nm_pelaL
inf 14.7836 14.0638 31.0839
cv_recla  cv_pelaces  cv_mph
0.3137 0.534848 1.50239
 ------------------------------------------------
Talla a la edad & desviaci?n 
 8 13.2811 15.8009 17.003 17.5766
 0.8 1.32811 1.58009 1.7003 1.75766
