years
 1991 1992 1993 1994 1995 1996 1997 1998 1999 2000 2001 2002 2003 2004 2005 2006 2007 2008 2009 2010 2011 2012 2013 2014 2015 2016 2017 2018 2019 2020 2021
reclasobs
 0 0 0 0 0 0 0 0 0 252601 567819 844713 477998 351125 339783 2.1784e+06 2.13404e+06 4.81314e+06 1.55562e+06 2.62356e+06 3.21686e+06 3.843e+06 1.13348e+06 3.07943e+06 1.97215e+06 2.03268e+06 2.025e+06 2.42433e+06 2.27542e+06 1.05018e+06 2.36338e+06
reclaspred
 2.88198e+06 1.58242e+06 793526 684491 621372 1.1334e+06 618754 518612 390416 293828 434811 600520 590515 439942 435874 1.3552e+06 1.25641e+06 3.00328e+06 2.46347e+06 1.78459e+06 3.18165e+06 2.58763e+06 1.9765e+06 3.08367e+06 2.27501e+06 1.97102e+06 2.41859e+06 2.66729e+06 2.14818e+06 1.28067e+06 1.84005e+06
pelacesobs
 0 0 0 0 0 0 0 0 0 0 0 0 0 0 0 552880 188675 0 991730 2.46772e+06 1.41603e+06 1.21717e+06 2.29649e+06 1.80582e+06 0 1.4828e+06 1.56532e+06 1.57751e+06 1.42118e+06 867257 1.10002e+06
pelacespred
 1.29588e+06 782452 386817 269296 264051 496900 228758 261917 178094 126193 202205 235266 256525 197480 202454 535618 499508 1.39205e+06 1.16659e+06 782638 1.36763e+06 1.18807e+06 911209 1.56656e+06 1.10904e+06 959641 1.34469e+06 1.45792e+06 969257 658689 925581
mphobs
 0 0 0 0 0 0 0 0 0 0 0 498337 0 5186 125008 0 168611 109162 213762 579715 649985 157893 87575 83554 0 0 0 0 0 0 0
mphpred
 2.48333e+06 1.64145e+06 795327 429078 381148 410762 605084 310981 277628 187680 131730 295643 327896 270005 169342 216212 890972 800909 1.70657e+06 1.26759e+06 1.31664e+06 1.6533e+06 1.56944e+06 1.24184e+06 1.75854e+06 1.42167e+06 1.14421e+06 1.27039e+06 1.84952e+06 1.22153e+06 714471
desembarqueobs
 494567 514787 250237 358949 120608 361735 552515 73892 212993 205616 52469 317467 293654 387597 252695 516296 358380 742168 942051 627588 828172 859565 418607 520667 417249 300574 415391 372974 316634 284311 391294
desembarquepred
 494566 514021 250450 358984 120612 361718 552441 73895.4 213021 205637 52471 317502 293673 387555 252661 516207 358389 742018 941711 627365 828189 859496 418595 520674 417230 300560 415370 372941 316612 284302 391283
Reclutas
 172805 98602.9 98320.6 120231 97750.5 215055 78346.3 31886.6 36617.7 53179.6 100779 137409 112329 77749.1 74550.4 459353 82189 702947 393980 294310 450482 595654 109922 360408 292321 128299 310341 356152 92077.5 64117 263996
log_desv_Rt
 0.131499 -0.429564 -0.432431 -0.231247 -0.438246 0.350228 -0.659525 -1.55848 -1.42013 -1.04699 -0.407733 -0.0977006 -0.299235 -0.667178 -0.70919 1.10915 -0.611643 1.53462 0.955635 0.663968 1.08965 1.36899 -0.320891 0.866572 0.657186 -0.166302 0.717008 0.854694 -0.498034 -0.859956 0.555268
SSB
 2.48333e+06 1.64145e+06 795327 429078 381148 410762 605084 310981 277628 187680 131730 295643 327896 270005 169342 216212 890972 800909 1.70657e+06 1.26759e+06 1.31664e+06 1.6533e+06 1.56944e+06 1.24184e+06 1.75854e+06 1.42167e+06 1.14421e+06 1.27039e+06 1.84952e+06 1.22153e+06 714471
BT
 3.41029e+06 2.31262e+06 1.13873e+06 922692 706734 1.45738e+06 1.01733e+06 670489 621113 487095 510970 806223 857237 857483 720538 1.6516e+06 1.43196e+06 3.86757e+06 3.59401e+06 2.37398e+06 3.82536e+06 3.54498e+06 2.46653e+06 4.09851e+06 2.94691e+06 2.48111e+06 3.52711e+06 3.73816e+06 2.49765e+06 1.79964e+06 2.50944e+06
Ftot
 0.172739 0.319336 0.31565 0.555596 0.209753 0.370471 0.864221 0.153714 0.58473 0.745774 0.148102 0.583104 0.542244 0.941587 0.674722 0.47763 0.294483 0.298547 0.410892 0.378522 0.291306 0.36705 0.216948 0.196503 0.195956 0.160664 0.198681 0.164547 0.147365 0.22372 0.251513
BD_Bspro_t
 0.972843 0.809869 0.62321 0.519917 0.466703 0.540162 0.549468 0.34217 0.393827 0.349534 0.332749 0.61018 0.499718 0.40639 0.291978 0.348339 0.574594 0.535592 0.651089 0.550922 0.515756 0.569274 0.5861 0.569331 0.679817 0.684999 0.688248 0.73165 0.783367 0.710773 0.629348
BD_Bspro
 2.29301 1.51565 0.734376 0.396195 0.351938 0.379283 0.558713 0.287148 0.256352 0.173297 0.121635 0.272986 0.302768 0.249313 0.156364 0.199642 0.822691 0.739531 1.57579 1.17045 1.21573 1.5266 1.44917 1.14667 1.62377 1.31272 1.05652 1.17303 1.70778 1.12792 0.659717
BD_Bo
 1.42648 0.942888 0.456855 0.246473 0.218941 0.235952 0.347575 0.178635 0.159477 0.107808 0.0756688 0.169825 0.188352 0.155098 0.0972741 0.124198 0.511796 0.460062 0.980299 0.728134 0.756308 0.949695 0.901528 0.713342 1.01015 0.816642 0.65726 0.729745 1.06241 0.701678 0.41041
BD_Brms
 7.71398 5.09885 2.47053 1.33285 1.18396 1.27595 1.87958 0.966003 0.8624 0.582991 0.409194 0.918359 1.01855 0.838719 0.526028 0.671622 2.76764 2.48787 5.30115 3.93752 4.08988 5.13566 4.87518 3.85753 5.46256 4.41614 3.55426 3.94623 5.74518 3.79445 2.21937
Sel_flota
 0.70237 0.978184 0.998828 0.999938 0.999997
 0.70237 0.978184 0.998828 0.999938 0.999997
 0.70237 0.978184 0.998828 0.999938 0.999997
 0.70237 0.978184 0.998828 0.999938 0.999997
 0.70237 0.978184 0.998828 0.999938 0.999997
 0.70237 0.978184 0.998828 0.999938 0.999997
 0.70237 0.978184 0.998828 0.999938 0.999997
 0.70237 0.978184 0.998828 0.999938 0.999997
 0.70237 0.978184 0.998828 0.999938 0.999997
 0.70237 0.978184 0.998828 0.999938 0.999997
 0.70237 0.978184 0.998828 0.999938 0.999997
 0.70237 0.978184 0.998828 0.999938 0.999997
 0.70237 0.978184 0.998828 0.999938 0.999997
 0.70237 0.978184 0.998828 0.999938 0.999997
 0.70237 0.978184 0.998828 0.999938 0.999997
 0.70237 0.978184 0.998828 0.999938 0.999997
 0.70237 0.978184 0.998828 0.999938 0.999997
 0.70237 0.978184 0.998828 0.999938 0.999997
 0.70237 0.978184 0.998828 0.999938 0.999997
 0.70237 0.978184 0.998828 0.999938 0.999997
 0.70237 0.978184 0.998828 0.999938 0.999997
 0.70237 0.978184 0.998828 0.999938 0.999997
 0.70237 0.978184 0.998828 0.999938 0.999997
 0.70237 0.978184 0.998828 0.999938 0.999997
 0.70237 0.978184 0.998828 0.999938 0.999997
 0.70237 0.978184 0.998828 0.999938 0.999997
 0.70237 0.978184 0.998828 0.999938 0.999997
 0.70237 0.978184 0.998828 0.999938 0.999997
 0.70237 0.978184 0.998828 0.999938 0.999997
 0.70237 0.978184 0.998828 0.999938 0.999997
 0.70237 0.978184 0.998828 0.999938 0.999997
Sel_reclas
 1 1 1 1 1
 1 1 1 1 1
 1 1 1 1 1
 1 1 1 1 1
 1 1 1 1 1
 1 1 1 1 1
 1 1 1 1 1
 1 1 1 1 1
 1 1 1 1 1
 1 1 1 1 1
 1 1 1 1 1
 1 1 1 1 1
 1 1 1 1 1
 1 1 1 1 1
 1 1 1 1 1
 1 1 1 1 1
 1 1 1 1 1
 1 1 1 1 1
 1 1 1 1 1
 1 1 1 1 1
 1 1 1 1 1
 1 1 1 1 1
 1 1 1 1 1
 1 1 1 1 1
 1 1 1 1 1
 1 1 1 1 1
 1 1 1 1 1
 1 1 1 1 1
 1 1 1 1 1
 1 1 1 1 1
 1 1 1 1 1
Sel_pelaces
 1 1 1 1 1
 1 1 1 1 1
 1 1 1 1 1
 1 1 1 1 1
 1 1 1 1 1
 1 1 1 1 1
 1 1 1 1 1
 1 1 1 1 1
 1 1 1 1 1
 1 1 1 1 1
 1 1 1 1 1
 1 1 1 1 1
 1 1 1 1 1
 1 1 1 1 1
 1 1 1 1 1
 1 1 1 1 1
 1 1 1 1 1
 1 1 1 1 1
 1 1 1 1 1
 1 1 1 1 1
 1 1 1 1 1
 1 1 1 1 1
 1 1 1 1 1
 1 1 1 1 1
 1 1 1 1 1
 1 1 1 1 1
 1 1 1 1 1
 1 1 1 1 1
 1 1 1 1 1
 1 1 1 1 1
 1 1 1 1 1
pf_obs 
 0.8446 0.082 0.0669 0.0065 0
 0.8095 0.147 0.0364 0.0071 0
 0.9664 0.0169 0.016 0.0007 0
 0.9276 0.0648 0.0075 0.0001 0
 0.7033 0.2144 0.0806 0.0017 0
 0.9318 0.0425 0.0243 0.0014 0
 0.5671 0.3108 0.0964 0.0239 0.0018
 0.0768 0.2599 0.5324 0.112 0.0189
 0.490249 0.384438 0.106611 0.0170017 0.00170017
 0.7925 0.1577 0.0466 0.003 0.0002
 0.840416 0.127587 0.0312969 0.00059994 9.999e-05
 0.8084 0.0986 0.0794 0.0134 0.0002
 0.7335 0.1905 0.0724 0.0035 0.0001
 0.4001 0.4547 0.1325 0.0127 0
 0.49795 0.308269 0.164784 0.0264974 0.00249975
 0.9179 0.0499 0.0305 0.0017 0
 0.2467 0.6533 0.0926 0.0074 0
 0.9418 0.0223 0.034 0.0019 0
 0.707729 0.231977 0.0356964 0.0245975 0
 0.517169 0.277429 0.184464 0.0207286 0.00020938
 0.811772 0.124168 0.05621 0.00726502 0.000585176
 0.764997 0.148141 0.077277 0.00933861 0.000247198
 0.163321 0.427699 0.378323 0.0303852 0.000271297
 0.753843 0.0900009 0.118128 0.0371064 0.000921714
 0.721811 0.176058 0.0630433 0.0369309 0.00215725
 0.143369 0.312575 0.442814 0.0836902 0.0175525
 0.692698 0.0596174 0.167031 0.0765114 0.00414204
 0.394062 0.376323 0.152708 0.0712218 0.00568511
 0.125707 0.32114 0.495352 0.0537591 0.00404204
 0.23352 0.215282 0.420074 0.123614 0.00750983
 0.774587 0.0839891 0.0768558 0.0609784 0.00358967
pf_pred 
 0.437606 0.148096 0.386625 0.027671 8.61722e-07
 0.406783 0.3124 0.0751592 0.191937 0.0137213
 0.557702 0.221196 0.117805 0.0276727 0.0756237
 0.671867 0.2127 0.0584382 0.0303863 0.0266087
 0.64479 0.268686 0.0566312 0.0151443 0.0147484
 0.788801 0.15228 0.0448148 0.00923527 0.00486882
 0.459694 0.457078 0.0604278 0.0173481 0.00545245
 0.460738 0.310668 0.194319 0.0248964 0.00937797
 0.592565 0.223204 0.107127 0.0655551 0.011549
 0.761079 0.16501 0.0410067 0.0191448 0.0137589
 0.841058 0.132444 0.0184721 0.00445634 0.00356996
 0.734599 0.234009 0.0262543 0.00358266 0.00155484
 0.672729 0.26436 0.0556507 0.00607406 0.00118681
 0.621526 0.286426 0.0747401 0.0153128 0.00199498
 0.738998 0.190093 0.0540909 0.0136602 0.00315776
 0.943038 0.0463921 0.00775876 0.0021451 0.000665921
 0.326527 0.647225 0.0214815 0.00350042 0.00126643
 0.897024 0.0422844 0.0583798 0.00189248 0.000419415
 0.566604 0.401763 0.0131711 0.0177592 0.000702382
 0.571377 0.281829 0.136334 0.00435853 0.006101
 0.727065 0.180668 0.0611807 0.0288746 0.00221225
 0.723515 0.219539 0.0379993 0.0125682 0.00637807
 0.274557 0.574972 0.120088 0.0202827 0.0100995
 0.727224 0.0954573 0.141199 0.0288334 0.0072859
 0.595461 0.320553 0.0298225 0.043141 0.0110224
 0.403551 0.403164 0.153885 0.0140014 0.0253987
 0.725327 0.134225 0.0956113 0.0357059 0.00913103
 0.674623 0.257155 0.0337248 0.0234932 0.0110039
 0.300248 0.521343 0.141661 0.0181765 0.0185708
 0.36783 0.238029 0.295283 0.0785149 0.0203428
 0.815002 0.0842865 0.038465 0.0466485 0.0155983
pobs_RECLAS
 0 0 0 0 0
 0 0 0 0 0
 0 0 0 0 0
 0 0 0 0 0
 0 0 0 0 0
 0 0 0 0 0
 0 0 0 0 0
 0 0 0 0 0
 0 0 0 0 0
 0 0 0 0 0
 0.991045 0.00858322 0.000360255 1.14367e-05 0
 0.934742 0.0480273 0.0164251 0.00080598 0
 0.827803 0.169806 0.00239088 0 0
 0.941827 0.0461693 0.0120037 0 0
 0.791401 0.0380133 0.147996 0.0225897 0
 0.846168 0.0940531 0.0597789 0 0
 0.134021 0.677848 0.182769 0.00536245 0
 0.80878 0.0450904 0.141981 0.00414843 0
 0.846168 0.0940531 0.0597789 0 0
 0.905697 0.0802665 0.012482 0.00150086 5.37128e-05
 0.989698 0.0102097 9.19794e-05 0 0
 0.975433 0.0193895 0.00387452 0.00125025 5.28907e-05
 0.303575 0.632131 0.0575291 0.00676475 0
 0.966965 0.00978017 0.0227588 0.000495775 0
 0.843318 0.132988 0.00938335 0.0141283 0.000182051
 0.564624 0.303363 0.111486 0.0197234 0.00080311
 0.826376 0.0876187 0.0782897 0.00655872 0.00115652
 0.89761 0.0855135 0.0140674 0.00269457 0.000114338
 0.34875 0.467042 0.161289 0.0227151 0.000203297
 0.318654 0.224769 0.449479 0.00709798 0
 0.937255 0.0296025 0.0250945 0.00804832 0
ppred_RECLAS
 0.525092 0.127031 0.324666 0.0232103 7.22765e-07
 0.493396 0.269619 0.0634814 0.161929 0.0115754
 0.641764 0.181139 0.0944117 0.0221521 0.0605335
 0.745351 0.166392 0.0447069 0.0232188 0.0203309
 0.718744 0.213865 0.0441261 0.0117868 0.011478
 0.841029 0.115323 0.0332091 0.00683571 0.00360355
 0.551316 0.380952 0.049194 0.0141054 0.00443297
 0.546557 0.263589 0.161416 0.0206575 0.0077808
 0.675999 0.179333 0.0841637 0.0514416 0.00906206
 0.821097 0.124456 0.030225 0.0140938 0.0101283
 0.881286 0.0992748 0.013556 0.00326665 0.00261675
 0.797579 0.178951 0.0196324 0.00267584 0.00116122
 0.745279 0.206636 0.0425414 0.00463773 0.000906111
 0.704725 0.224762 0.0572682 0.0117182 0.00152657
 0.802433 0.144788 0.0402733 0.0101584 0.00234811
 0.959183 0.0333803 0.00546086 0.00150802 0.000468116
 0.405252 0.572047 0.0185821 0.0030245 0.00109418
 0.925315 0.0310583 0.0419671 0.00135887 0.000301138
 0.648673 0.326215 0.0104633 0.0140917 0.000557297
 0.654139 0.229106 0.108445 0.00346291 0.00484703
 0.79026 0.13986 0.0463537 0.0218519 0.0016741
 0.787254 0.169692 0.0287404 0.00949489 0.00481813
 0.347468 0.519483 0.106209 0.0179183 0.00892157
 0.790989 0.0741689 0.1074 0.0219066 0.00553524
 0.674253 0.259291 0.0236152 0.0341228 0.00871775
 0.487889 0.348552 0.130249 0.0118375 0.0214722
 0.788932 0.104285 0.0727199 0.0271264 0.00693659
 0.744435 0.202897 0.0260508 0.0181269 0.00848989
 0.376194 0.467284 0.124313 0.0159326 0.0162771
 0.45242 0.208967 0.253756 0.0673964 0.017461
 0.862107 0.0635824 0.0284018 0.0344051 0.0115037
pobs_PELACES
 0 0 0 0 0
 0 0 0 0 0
 0 0 0 0 0
 0 0 0 0 0
 0 0 0 0 0
 0 0 0 0 0
 0 0 0 0 0
 0 0 0 0 0
 0 0 0 0 0
 0 0 0 0 0
 0 0 0 0 0
 0 0 0 0 0
 0 0 0 0 0
 0 0 0 0 0
 0 0 0 0 0
 0 0 0 0 0
 0.505614 0.472636 0.0217494 0 0
 0 0 0 0 0
 0.443492 0.261883 0.143347 0.151278 0
 0.227955 0.32914 0.350689 0.0885471 0.00366901
 0.970185 0.0296113 0.000203453 0 0
 0.997202 0.00247181 0.000326279 0 0
 0.445219 0.490057 0.0546422 0.010081 0
 0.90214 0.0892962 0.00764917 0.000914606 0
 0 0 0 0 0
 0.581667 0.319106 0.0959925 0.00289975 0.000334073
 0.762889 0.0836404 0.116647 0.0363945 0.000428098
 0.88444 0.0763242 0.0277011 0.0115352 0
 0.521256 0.241999 0.230069 0.00667565 0
 0.616807 0.101726 0.260614 0.0208532 0
 0.833518 0.0704572 0.0857862 0.0102388 0
ppred_PELACES
 0.529227 0.126034 0.321739 0.0229996 7.16202e-07
 0.500926 0.265892 0.0624679 0.159325 0.0113892
 0.64859 0.177881 0.0925145 0.0217044 0.0593099
 0.755079 0.160251 0.0428943 0.0222729 0.0195025
 0.722657 0.210963 0.0434652 0.0116094 0.0113052
 0.845577 0.112102 0.0322003 0.00662715 0.00349358
 0.570906 0.364647 0.0468121 0.0134182 0.00421693
 0.550131 0.261626 0.160047 0.0204811 0.00771433
 0.687935 0.173041 0.0808877 0.0494287 0.00870736
 0.831074 0.117701 0.0284398 0.0132578 0.00952728
 0.882706 0.0981034 0.0133825 0.00322468 0.00258312
 0.806085 0.171511 0.0187415 0.00255387 0.00110828
 0.754664 0.199162 0.0408515 0.00445262 0.000869935
 0.72255 0.21152 0.0535496 0.0109535 0.00142693
 0.812178 0.137817 0.0381586 0.00962258 0.00222423
 0.960874 0.0320165 0.00522075 0.00144146 0.000447451
 0.411747 0.565844 0.0183437 0.00298538 0.00108002
 0.927251 0.0302889 0.0408444 0.00132237 0.000293049
 0.657194 0.318368 0.0101831 0.0137122 0.000542286
 0.662087 0.224037 0.105772 0.0033771 0.00472688
 0.794731 0.136971 0.0453062 0.0213558 0.00163608
 0.79288 0.16529 0.0279248 0.00922421 0.00468074
 0.352028 0.51601 0.105343 0.0177708 0.00884809
 0.794074 0.0731382 0.105766 0.0215718 0.00545061
 0.67822 0.256206 0.023303 0.0336694 0.00860188
 0.491632 0.346127 0.129201 0.0117416 0.0212981
 0.792043 0.10282 0.0716013 0.0267072 0.00682936
 0.747319 0.200656 0.0257341 0.0179054 0.00838615
 0.379407 0.464996 0.12358 0.0158378 0.0161803
 0.457706 0.207147 0.251164 0.0667023 0.0172811
 0.864918 0.0623459 0.0278018 0.0336752 0.0112596
pobs_pel_tallas
 0 0 0 0 0 0 0 0 0 0 0 0 0 0 0 0 0 0 0 0 0 0 0 0 0 0
 0 0 0 0 0 0 0 0 0 0 0 0 0 0 0 0 0 0 0 0 0 0 0 0 0 0
 0 0 0 0 0 0 0 0 0 0 0 0 0 0 0 0 0 0 0 0 0 0 0 0 0 0
 0 0 0 0 0 0 0 0 0 0 0 0 0 0 0 0 0 0 0 0 0 0 0 0 0 0
 0 0 0 0 0 0 0 0 0 0 0 0 0 0 0 0 0 0 0 0 0 0 0 0 0 0
 0 0 0 0 0 0 0 0 0 0 0 0 0 0 0 0 0 0 0 0 0 0 0 0 0 0
 0 0 0 0 0 0 0 0 0 0 0 0 0 0 0 0 0 0 0 0 0 0 0 0 0 0
 0 0 0 0 0 0 0 0 0 0 0 0 0 0 0 0 0 0 0 0 0 0 0 0 0 0
 0 0 0 0 0 0 0 0 0 0 0 0 0 0 0 0 0 0 0 0 0 0 0 0 0 0
 0 0 0 0 0 0 0 0 0 0 0 0 0 0 0 0 0 0 0 0 0 0 0 0 0 0
 0 0 0 0 0 0 0 0 0 0 0 0 0 0 0 0 0 0 0 0 0 0 0 0 0 0
 0 0 0 0 0 0 0 0 0 0 0 0 0 0 0 0 0 0 0 0 0 0 0 0 0 0
 0.00862536 0 0 0.000197151 0.00414017 0.0128641 0.00837892 0.0270097 0.101434 0.158115 0.152841 0.127902 0.109271 0.109419 0.0830992 0.0579132 0.0238553 0.00714673 0.00463305 0.00128148 0.00103504 0.000492878 0.000147863 0.000147863 4.92878e-05 0
 0 0 0 0 0 0 0 0 0 0 0 0 0 0 0 0 0 0 0 0 0 0 0 0 0 0
 0 0 0 0 0 0 0 0.0054083 0.00873648 0.0413646 0.0450493 0.0745869 0.0622846 0.0627006 0.0613931 0.0827291 0.12552 0.122667 0.0946155 0.0697135 0.0546179 0.0294188 0.0215738 0.0213955 0.0102223 0.00600262
 0 0 0 0 0.00359764 0.0251062 0.0480494 0.140153 0.205849 0.193036 0.1447 0.116669 0.0760912 0.0342217 0.00950174 0.001854 0.000860785 0 0 0 0.000165536 0 0.000143464 0 0 0
 0 0 0 0 0 0 0 0.000145254 0.000435761 0.0275982 0.070085 0.0708112 0.156366 0.174668 0.174014 0.160142 0.0824315 0.0480064 0.0283245 0.00493863 0.00203355 0 0 0 0 0
 0 0 0 0 0 0 0 0 0 0 0 0 0 0 0 0 0 0 0 0 0 0 0 0 0 0
 0 0 1.00437e-05 0.000401748 0.00122533 0.00171747 0.00176769 0.0269171 0.070346 0.194647 0.189555 0.159765 0.064822 0.0314167 0.0384472 0.0292271 0.0345202 0.0313363 0.0194345 0.0106764 0.0143323 0.0359363 0.0279516 0.0138201 0.00172751 0
 0 0.0021121 0.0136068 0.0755702 0.200478 0.177729 0.0527432 0.0373336 0.0318909 0.0142505 0.0149659 0.0166563 0.0217959 0.0798694 0.0677717 0.0528807 0.04013 0.0224614 0.0357745 0.0225083 0.00881397 0.00855152 0.00135912 0.000746735 0 0
 0 0 0 0 5.4009e-05 0.00500934 0.000945158 0.0243581 0.138947 0.33067 0.221406 0.137944 0.0707744 0.0437923 0.0131692 0.00525238 0.0047753 0.00276346 9.45158e-05 9.00151e-06 2.25038e-05 9.00151e-06 4.50075e-06 0 0 0
 0.000866109 0.00284123 0.00948549 0.0512746 0.133035 0.25785 0.225252 0.132002 0.0553304 0.0519788 0.0540692 0.017754 0.00435017 0.00159236 0.00146478 0.000404838 0.000125132 0.000115318 0.000107957 0.000100596 0 0 0 0 0 0
 0 0 0 0 0.00144013 0.00171154 0.00461396 0.0210425 0.0478622 0.0707936 0.0888783 0.103762 0.0637923 0.0337046 0.0602308 0.124433 0.169614 0.0934646 0.0462172 0.0250306 0.0313229 0.00938855 0.002487 0.000210481 0 0
 0 0.00764035 0.051015 0.0998891 0.058973 0.0496711 0.0374665 0.0718981 0.12319 0.153886 0.159021 0.0857701 0.0377988 0.023471 0.0147837 0.00900784 0.00315554 0.000888139 0.00291439 0.00214683 0.00393193 0.00274676 0.000635225 9.99891e-05 0 0
 0 0 0 0 0 0 0 0 0 0 0 0 0 0 0 0 0 0 0 0 0 0 0 0 0 0
 0 0 0 0 0 0 0 0 0 0 0 0 0 0 0 0 0 0 0 0 0 0 0 0 0 0
 0 0 0 0 0 0 0 0 0 0 0 0 0 0 0 0 0 0 0 0 0 0 0 0 0 0
 0 0 0 0 0 0 0 0 0 0 0 0 0 0 0 0 0 0 0 0 0 0 0 0 0 0
 0 0 0 0 0 0 0 0 0 0 0 0 0 0 0 0 0 0 0 0 0 0 0 0 0 0
 0 0 0 0 0 0 0 0 0 0 0 0 0 0 0 0 0 0 0 0 0 0 0 0 0 0
 0 0 0 0 0 0 0 0 0 0 0 0 0 0 0 0 0 0 0 0 0 0 0 0 0 0
ppred_pel_tallas
 1.11624e-16 4.35917e-05 0.000423727 0.00281582 0.0128003 0.0398265 0.0848551 0.123851 0.123864 0.084917 0.0400358 0.0134107 0.00437072 0.00389349 0.00685377 0.0118355 0.0183783 0.0258806 0.0336548 0.0412207 0.0482957 0.0544169 0.058618 0.0596265 0.0565557 0.049556
 1.19777e-16 4.12607e-05 0.000401069 0.00266524 0.0121158 0.037697 0.0803183 0.117232 0.117258 0.080444 0.0381194 0.0133374 0.00573699 0.00712541 0.0128698 0.0213713 0.0311835 0.040123 0.0460627 0.0482048 0.0476119 0.0464365 0.0464236 0.0478456 0.0495452 0.0498298
 1.14929e-16 5.34235e-05 0.000519296 0.0034509 0.0156873 0.0488092 0.103994 0.151785 0.151803 0.104078 0.049093 0.0165087 0.00551888 0.00505431 0.00872769 0.0145081 0.0212872 0.0276181 0.0320793 0.0340786 0.0341973 0.0337094 0.0336623 0.0342506 0.0348723 0.0346541
 1.06813e-16 6.21949e-05 0.000604556 0.00401749 0.0182629 0.0568229 0.121068 0.176705 0.176721 0.121143 0.0570771 0.0189979 0.00586451 0.00464382 0.00775519 0.0127809 0.0185471 0.0236334 0.0266474 0.026981 0.025173 0.0225125 0.0202044 0.01875 0.0179124 0.0171128
 1.04386e-16 5.95244e-05 0.000578598 0.00384499 0.0174788 0.0543831 0.11587 0.169119 0.16914 0.115969 0.0547172 0.0184441 0.00626943 0.00587534 0.0101314 0.016688 0.0241126 0.0304914 0.0339163 0.033516 0.0299654 0.0249993 0.0203357 0.0168523 0.0144978 0.0127452
 1.02214e-16 6.96491e-05 0.000677014 0.004499 0.0204518 0.0636332 0.135578 0.197882 0.197893 0.13563 0.063811 0.0209658 0.00579045 0.00350061 0.00544492 0.00892471 0.0129279 0.0164216 0.0183994 0.0183942 0.0167377 0.0143015 0.0119372 0.0100632 0.00864115 0.00742594
 1.03504e-16 4.70249e-05 0.000457098 0.00303758 0.0138084 0.0429633 0.0915392 0.133612 0.133647 0.0917109 0.0435398 0.0154734 0.00721666 0.00957904 0.0173683 0.0286312 0.0412222 0.0518018 0.0569953 0.0552462 0.0477383 0.0375843 0.0279581 0.0206263 0.0157236 0.0124737
 1.08045e-16 4.53136e-05 0.000440465 0.00292704 0.0133059 0.0413998 0.0882077 0.128747 0.128772 0.0883319 0.0418176 0.0145152 0.00597176 0.00711826 0.0128189 0.0213586 0.0313181 0.04054 0.0468159 0.0490719 0.0478897 0.0448757 0.0414444 0.03805 0.0343441 0.0298721
 1.0881e-16 5.66644e-05 0.000550798 0.00366025 0.016639 0.0517701 0.110302 0.160993 0.16101 0.110384 0.0520459 0.017437 0.00566867 0.00495283 0.00846938 0.0140513 0.0205685 0.0265786 0.0306556 0.0321715 0.0316374 0.0302505 0.0290195 0.0281815 0.0272782 0.025668
 1.03793e-16 6.84545e-05 0.000665402 0.00442183 0.020101 0.0625417 0.133252 0.194488 0.194499 0.133308 0.0627284 0.0206403 0.00577679 0.00362733 0.00570586 0.00935726 0.0135517 0.0172131 0.0192989 0.0193449 0.0177369 0.0154281 0.013332 0.0118664 0.0109197 0.0101269
 1.01172e-16 7.27074e-05 0.000706742 0.00469655 0.0213498 0.0664273 0.141531 0.20657 0.20658 0.141577 0.0665824 0.0217979 0.0058212 0.00316182 0.00473526 0.00771308 0.0111037 0.0139631 0.0153826 0.0149459 0.0129725 0.0102985 0.00777356 0.00586597 0.00460349 0.00376868
 1.01029e-16 6.63962e-05 0.000645395 0.00428888 0.0194966 0.0606613 0.129246 0.188642 0.188658 0.129327 0.0609323 0.0202793 0.00625294 0.00493133 0.00820133 0.0134405 0.0193246 0.0242356 0.0265704 0.0255865 0.0218401 0.0168098 0.0120197 0.00834338 0.00588674 0.00431433
 1.01824e-16 6.21607e-05 0.000604224 0.00401528 0.0182529 0.0567917 0.121001 0.176609 0.176628 0.121095 0.057107 0.0191639 0.0063029 0.00560097 0.00956016 0.0157277 0.0226987 0.0286424 0.0317281 0.0310973 0.0273523 0.0221136 0.0170212 0.0129708 0.0100268 0.00782612
 1.0294e-16 5.95155e-05 0.000578512 0.00384442 0.0174762 0.054375 0.115852 0.169094 0.169115 0.115952 0.0547102 0.018445 0.00627821 0.00589754 0.010179 0.0167798 0.0242734 0.0307478 0.0342863 0.0339923 0.0304931 0.0254599 0.0205514 0.0166237 0.0136682 0.011267
 1.02478e-16 6.6898e-05 0.000650273 0.00432129 0.019644 0.0611197 0.130223 0.190066 0.19008 0.130288 0.0613383 0.0202757 0.00590851 0.00412018 0.00667157 0.0109621 0.015875 0.0201526 0.0225561 0.0225095 0.0204212 0.0173662 0.0143973 0.0120354 0.0102392 0.00871257
 1.0038e-16 7.91459e-05 0.000769326 0.00511244 0.0232404 0.0723096 0.154063 0.224861 0.224864 0.154079 0.0723603 0.0233868 0.0054798 0.00157147 0.00160317 0.00252669 0.00363585 0.00457993 0.00506034 0.00494098 0.00432383 0.00347674 0.00267037 0.00205166 0.00162704 0.00132768
 1.01157e-16 3.39152e-05 0.000329668 0.00219076 0.00995891 0.0309862 0.0660213 0.0963714 0.0964258 0.0662872 0.0318788 0.0125359 0.00865439 0.0144233 0.0267516 0.0440444 0.0631441 0.0787725 0.0855735 0.0810771 0.0672057 0.0490509 0.0319423 0.0190535 0.0109065 0.00638031
 1.01369e-16 7.63765e-05 0.000742406 0.00493355 0.0224272 0.0697794 0.148672 0.216992 0.216995 0.148687 0.0698285 0.0225697 0.00529386 0.00153789 0.00161319 0.00261369 0.00391451 0.0052473 0.00638191 0.00719183 0.00768873 0.00794515 0.00798028 0.00772388 0.00708865 0.00607457
 1.01843e-16 5.41323e-05 0.000526185 0.00349669 0.0158954 0.0494568 0.105374 0.153803 0.153834 0.105524 0.0499591 0.0173457 0.00713447 0.00845914 0.0150959 0.0248075 0.0355839 0.044443 0.048391 0.0460637 0.0385622 0.028753 0.0196047 0.0128377 0.0086557 0.00633959
 1.04249e-16 5.45352e-05 0.000530102 0.00352272 0.0160138 0.0498249 0.106158 0.154945 0.154967 0.106264 0.0501815 0.0170453 0.00611742 0.00621218 0.0108978 0.0180648 0.0263298 0.0337555 0.0383745 0.0392306 0.0368675 0.0328137 0.0285234 0.024652 0.0211024 0.0175513
 1.03762e-16 6.5461e-05 0.000636304 0.00422846 0.019222 0.0598068 0.127425 0.185984 0.185997 0.12749 0.0600244 0.019851 0.00580963 0.00409569 0.00665825 0.0109641 0.0159305 0.0203367 0.0229833 0.023322 0.0217594 0.0193263 0.0169903 0.0151628 0.0136981 0.0122329
 1.02566e-16 6.53085e-05 0.000634822 0.00421862 0.0191772 0.0596676 0.127129 0.185551 0.185567 0.127207 0.0599292 0.0199328 0.00611577 0.00477789 0.00793844 0.013033 0.0187985 0.023705 0.0262407 0.0257132 0.0226555 0.01845 0.014483 0.0114903 0.00947371 0.00804558
 1.06452e-16 2.89962e-05 0.000281853 0.00187302 0.00851449 0.026492 0.0564458 0.0823948 0.0824446 0.0566891 0.027309 0.010875 0.00780079 0.0132303 0.0246443 0.0407579 0.0588543 0.0743098 0.0824113 0.0809629 0.0715533 0.0583957 0.0457263 0.0358143 0.0287381 0.0234519
 1.06157e-16 6.54068e-05 0.000635777 0.00422497 0.0192061 0.0597573 0.127319 0.185828 0.185835 0.127355 0.0598762 0.0195515 0.00509951 0.00256993 0.00381219 0.00639113 0.00965046 0.0130795 0.0161823 0.018704 0.020698 0.0223134 0.0235023 0.0239375 0.02322 0.0211851
 1.05571e-16 5.58641e-05 0.000543019 0.00360856 0.016404 0.051039 0.108745 0.158722 0.158746 0.108866 0.051444 0.0175735 0.00654398 0.00695028 0.0122227 0.0201156 0.0289716 0.0364468 0.0402092 0.0392284 0.0344127 0.0280092 0.022249 0.0182785 0.0159983 0.0146174
 1.08599e-16 4.04952e-05 0.000393627 0.00261579 0.011891 0.0369976 0.0788286 0.11506 0.115093 0.0789923 0.0375476 0.0134813 0.00661367 0.00914147 0.0167143 0.0277248 0.0403013 0.0514471 0.0581109 0.0588586 0.0546562 0.0480635 0.0415355 0.0362058 0.031875 0.0278108
 1.05927e-16 6.52395e-05 0.000634151 0.00421416 0.019157 0.0596045 0.126994 0.185354 0.185364 0.127043 0.0597691 0.0196337 0.00541578 0.00327336 0.00512506 0.00849463 0.0125258 0.0163772 0.0192319 0.0207165 0.0210791 0.0209156 0.0206766 0.0203751 0.0196861 0.0182752
 1.04009e-16 6.15557e-05 0.000598343 0.0039762 0.0180753 0.0562389 0.119824 0.17489 0.17491 0.119918 0.0565563 0.0189919 0.00627714 0.00562191 0.00960428 0.0157868 0.0227535 0.0286585 0.0316724 0.0309745 0.0272488 0.02222 0.0176077 0.0143075 0.012275 0.0109519
 1.08012e-16 3.12513e-05 0.000303774 0.00201869 0.00917669 0.0285523 0.0608354 0.0888004 0.0888454 0.0610549 0.0292895 0.0113072 0.00737106 0.0120027 0.0222928 0.0369174 0.0534404 0.0677513 0.0756582 0.0752024 0.0677686 0.0570243 0.046598 0.0383426 0.0322018 0.0272127
 1.16915e-16 3.77007e-05 0.000366464 0.00243528 0.0110705 0.0344444 0.0733882 0.107116 0.107137 0.0734877 0.0347796 0.0120435 0.00489562 0.005797 0.0105267 0.0178037 0.0267243 0.0358822 0.0438242 0.0498412 0.0542119 0.0576061 0.0601932 0.0612923 0.0598473 0.0552476
 1.06101e-16 7.12421e-05 0.000692499 0.0046019 0.0209196 0.0650886 0.138678 0.202406 0.202412 0.138708 0.0651881 0.0212075 0.00532697 0.00228305 0.00311536 0.00510092 0.00749576 0.00976673 0.0114382 0.0123356 0.0126925 0.012963 0.0134785 0.0142198 0.0148532 0.0149564
pSPR Fmed_Fpbrs
0.582934   0.234922 0.234922
Fs Fmed_Fpbrs
0.316637   1.005 1.005
SSBpbr Bo_Bmed_Bpbrs
1.74087e+06  927770  321925 321925
Ro
151512
SPR SPRFo_SPRFmed_SPRFpbrs
1.083e+06 631316 254420
Fref
1.005
Nvult_r0
 182604 14359.3 6444.3 7808.39 2610.85
CTP_r0
 27414.9 2835.21 1293.88 1569.15 524.694
YTP_r0
391283
Np
 215329 81392 5798.21 2583.3 4023.99
Nvult_p0
 176223 70188.8 5016.5 2235.41 3482.11
CTP_p0
 72919.7 34794.9 2513.03 1120.46 1745.4
YTP_p0
 1.2604e+06
CBA_c0
652019
log_Ro
11.7484
likeval ReclasPelacesDesembMPH_pf_preclas_ppelaces_ptallas_desvR_qrecl_qpela
 11.6075 20.2282 0.0170311 0.00246422 240.84 117.628 98.9867 0 28.0224 0 0 0.0817604 0 0 0
q_reclas_q_pelaces
1 1
M
1
N
 172805 42813 109617 7837.24 0.244052
 98602.9 56308 13301.4 33935.3 2425.87
 98320.6 28985.9 15157.1 3556.97 9719.99
 120231 28977.8 7830.65 4068.15 3562.23
 97750.5 29939.7 6190.74 1653.84 1610.52
 215055 31034.3 8971.08 1846.97 973.671
 78346.3 60988.5 7946.29 2279.53 716.419
 31886.6 15707.5 9634.19 1233.06 464.442
 36617.7 10529.9 4971.77 3039.78 535.503
 53179.6 8933.73 2186.38 1019.93 732.966
 100779 11586.8 1584.6 381.879 305.906
 137409 33411.8 3687.67 502.782 218.193
 112329 33562.5 6948.5 757.732 148.047
 77749.1 28235.3 7264.47 1487.23 193.752
 74550.4 14763.3 4135.17 1043.43 241.194
 459353 17074.2 2807.07 775.379 240.695
 82189 120825 3936.77 640.87 231.851
 702947 24586.2 33324.3 1079.2 239.163
 393980 209682 6754.11 9098.32 359.824
 294310 108603 51607.4 1648.3 2307.14
 450482 82994.2 27589.6 13008.3 996.585
 595654 135059 22961.5 7587.28 3850.17
 109922 169331 34697.6 5854.44 2914.97
 360408 34722.8 50382.3 10277.7 2596.93
 292321 115494 10540 15231.5 3891.39
 128299 93711.1 35076.7 3188.19 5783.1
 310341 42161.9 29460.7 10990.8 2810.52
 356152 99298 12770.9 8887.18 4162.42
 92077.5 116721 31098.8 3986.11 4072.34
 64117 30542.7 37175 9874.7 2558.35
 263996 20157.5 9027.6 10937.3 3657.02
pred_Ctot
 12604.9 4265.8 11136.4 797.039 0.0248212
 12753.9 9794.71 2356.48 6017.82 430.206
 12583.7 4990.95 2658.08 624.39 1706.33
 25344.6 8023.59 2204.44 1146.25 1003.75
 8566.82 3569.83 752.415 201.211 195.951
 31811.6 6141.31 1807.34 372.45 196.355
 23660.2 23525.5 3110.18 892.899 280.635
 2081.07 1403.24 877.707 112.453 42.3587
 8059.64 3035.86 1457.06 891.634 157.082
 14297.5 3099.86 770.345 359.651 258.472
 6347.43 999.547 139.408 33.6318 26.9424
 30173.3 9611.81 1078.38 147.156 63.8645
 23193.9 9114.43 1918.69 209.418 40.9182
 25073.2 11554.8 3015.12 617.738 80.4801
 18480.3 4753.69 1352.66 341.604 78.967
 85038.7 4183.42 699.648 193.435 60.0495
 9872.37 19568.5 649.481 105.834 38.2899
 85503.7 4030.52 5564.73 180.39 39.9784
 63913.7 45319.4 1485.72 2003.26 79.2296
 44381.5 21891 10589.7 338.547 473.893
 53575.2 13312.8 4508.22 2127.68 163.014
 87380.9 26514.4 4589.28 1517.9 770.297
 9943.55 20823.6 4349.2 734.573 365.768
 29703 3898.89 5767.2 1177.68 297.588
 24028.3 12935.1 1203.41 1740.85 444.78
 8734.52 8726.13 3330.7 303.048 549.734
 25844.1 4782.57 3406.72 1272.24 325.348
 24804.9 9455.25 1240.01 863.812 404.599
 5771.75 10021.9 2723.19 349.413 356.991
 5969.52 3862.98 4792.16 1274.22 330.144
 27414.9 2835.21 1293.88 1569.15 524.694
F
 0.121327 0.168971 0.172537 0.172728 0.172739
 0.224292 0.312369 0.318961 0.319316 0.319335
 0.221703 0.308764 0.31528 0.315631 0.315649
 0.390234 0.543475 0.554945 0.555562 0.555595
 0.147324 0.205177 0.209507 0.20974 0.209753
 0.260208 0.362389 0.370037 0.370448 0.37047
 0.607003 0.845367 0.863207 0.864167 0.864218
 0.107964 0.150361 0.153534 0.153705 0.153714
 0.410697 0.571974 0.584045 0.584694 0.584728
 0.523809 0.729504 0.744899 0.745728 0.745771
 0.104022 0.144871 0.147928 0.148093 0.148101
 0.409555 0.570383 0.58242 0.583068 0.583102
 0.380856 0.530414 0.541608 0.54221 0.542242
 0.661342 0.921045 0.940483 0.941529 0.941584
 0.473905 0.660003 0.673931 0.674681 0.67472
 0.335473 0.46721 0.47707 0.477601 0.477629
 0.206836 0.288059 0.294138 0.294465 0.294482
 0.20969 0.292034 0.298197 0.298528 0.298546
 0.288598 0.401928 0.41041 0.410866 0.41089
 0.265862 0.370264 0.378078 0.378498 0.37852
 0.204604 0.284951 0.290964 0.291288 0.291305
 0.257805 0.359043 0.36662 0.367028 0.367049
 0.152378 0.212215 0.216693 0.216934 0.216947
 0.138018 0.192216 0.196273 0.196491 0.196503
 0.137634 0.191681 0.195727 0.195944 0.195956
 0.112846 0.157159 0.160476 0.160654 0.160663
 0.139548 0.194347 0.198448 0.198669 0.19868
 0.115573 0.160957 0.164354 0.164537 0.164546
 0.103505 0.14415 0.147193 0.147356 0.147365
 0.157134 0.218839 0.223458 0.223706 0.223719
 0.176655 0.246026 0.251218 0.251497 0.251512
YTP_r0W_actual
 233026 46214 37393.1 54606.5 20043.3
YTP_p0W_proyectada
 548356 560893 58754.7 33053.5 59343.5
CTP_r0_actual
 27414.9 2835.21 1293.88 1569.15 524.694
CTP_p0_proyectada
 72919.7 34794.9 2513.03 1120.46 1745.4
Wmedp
 7.52 16.12 23.38 29.5 34
Frms_r0
 0.176655 0.246026 0.251218 0.251497 0.251512
Zrms_r0
 1.17666 1.24603 1.25122 1.2515 1.25151
nmprior
 8.19 8.8 8.5 0
nm_flota  nm_reclas  nm_pelaces    nm_pelaL
inf 13.9379 15.9364 36.5685
cv_recla  cv_pelaces  cv_mph
0.308172 0.509977 1.53195
 ------------------------------------------------
Talla a la edad & desviaci?n 
 8 13.2811 15.8009 17.003 17.5766
 0.8 1.32811 1.58009 1.7003 1.75766
