years
 1991 1992 1993 1994 1995 1996 1997 1998 1999 2000 2001 2002 2003 2004 2005 2006 2007 2008 2009 2010 2011 2012 2013 2014 2015 2016 2017 2018 2019 2020 2021
reclasobs
 0 0 0 0 0 0 0 0 0 252601 567819 844713 477998 351125 339783 2.1784e+06 2.13404e+06 4.81314e+06 1.55562e+06 2.62356e+06 3.21686e+06 3.843e+06 1.13348e+06 3.07943e+06 1.97215e+06 2.03268e+06 2.025e+06 2.42433e+06 2.27542e+06 1.05018e+06 2.36338e+06
reclaspred
 3.35615e+06 1.90498e+06 969275 1.01811e+06 1.04727e+06 1.61361e+06 1.07851e+06 966117 700122 510023 530652 656639 649749 521952 529472 1.25385e+06 1.24999e+06 2.7123e+06 2.24658e+06 1.6858e+06 2.97708e+06 2.42277e+06 1.96162e+06 3.00843e+06 2.27189e+06 2.01853e+06 2.35735e+06 2.46188e+06 2.04002e+06 1.32895e+06 1.9178e+06
pelacesobs
 0 0 0 0 0 0 0 0 0 0 0 0 0 0 0 552880 188675 0 991730 2.46772e+06 1.41603e+06 1.21717e+06 2.29649e+06 1.80582e+06 0 1.4828e+06 1.56532e+06 1.57751e+06 1.42118e+06 867257 1.10002e+06
pelacespred
 2.06469e+06 1.31176e+06 673179 566536 601424 949575 622759 653639 470518 327046 343077 355728 384381 328530 337749 653613 668806 1.61549e+06 1.41813e+06 994362 1.66005e+06 1.49216e+06 1.20962e+06 1.98021e+06 1.4761e+06 1.30238e+06 1.702e+06 1.75728e+06 1.22855e+06 904591 1.27508e+06
mphobs
 0 0 0 0 0 0 0 0 0 0 0 498337 0 5186 125008 0 168611 109162 213762 579715 649985 157893 87575 83554 0 0 0 0 0 0 0
mphpred
 3.91212e+06 2.62842e+06 1.33279e+06 728974 858351 985065 1.28887e+06 863845 751515 524855 345952 480632 511239 441382 314519 391169 1.11847e+06 1.10254e+06 2.07932e+06 1.59233e+06 1.70962e+06 2.10023e+06 2.00163e+06 1.6811e+06 2.32526e+06 1.92474e+06 1.59308e+06 1.67066e+06 2.28342e+06 1.58463e+06 1.00117e+06
desembarqueobs
 494567 514787 250237 358949 120608 361735 552515 73892 212993 205616 52469 317467 293654 387597 252695 516296 358380 742168 942051 627588 828172 859565 418607 520667 417249 300574 415391 372974 316634 284311 391294
desembarquepred
 494574 513226 251068 358972 120612 361751 552576 73895.6 213038 205660 52471.4 317538 293713 387659 252701 516284 358407 742096 941924 627499 828253 859617 418624 520694 417255 300580 415397 372967 316634 284324 391301
Reclutas
 221379 126549 125381 241346 193236 312098 131443 62049.9 55549.9 71456.3 128221 165177 139348 98131.1 99813.7 502982 118687 777604 455322 349547 519047 699338 153358 443144 374290 170003 371425 412071 127708 96988.8 363574
log_desv_Rt
 0.0829423 -0.476304 -0.485577 0.169295 -0.0530201 0.426382 -0.43836 -1.189 -1.29965 -1.04785 -0.463183 -0.209919 -0.379958 -0.73063 -0.713629 0.903621 -0.540448 1.33928 0.804071 0.539704 0.935059 1.2332 -0.284161 0.77696 0.608097 -0.181118 0.600411 0.704261 -0.467189 -0.742339 0.579049
SSB
 3.91212e+06 2.62842e+06 1.33279e+06 728974 858351 985065 1.28887e+06 863845 751515 524855 345952 480632 511239 441382 314519 391169 1.11847e+06 1.10254e+06 2.07932e+06 1.59233e+06 1.70962e+06 2.10023e+06 2.00163e+06 1.6811e+06 2.32526e+06 1.92474e+06 1.59308e+06 1.67066e+06 2.28342e+06 1.58463e+06 1.00117e+06
BT
 5.20249e+06 3.54945e+06 1.81273e+06 1.64134e+06 1.5046e+06 2.56183e+06 1.94685e+06 1.60022e+06 1.31464e+06 967748 859867 1.11006e+06 1.17707e+06 1.18417e+06 1.06046e+06 1.99289e+06 1.84471e+06 4.52786e+06 4.25092e+06 2.89829e+06 4.61944e+06 4.32213e+06 3.19133e+06 5.20693e+06 3.83798e+06 3.31955e+06 4.47407e+06 4.55326e+06 3.11193e+06 2.38251e+06 3.42362e+06
Ftot
 0.108327 0.195451 0.189245 0.269625 0.0876429 0.1739 0.371359 0.0578475 0.228054 0.299868 0.0782759 0.365682 0.341249 0.553686 0.371679 0.330184 0.21324 0.217589 0.314955 0.280895 0.213925 0.270806 0.158332 0.136338 0.138748 0.11197 0.138 0.119632 0.113691 0.158235 0.162422
BD_Bspro_t
 0.982817 0.872584 0.736054 0.65735 0.662711 0.730682 0.722622 0.588954 0.639767 0.603038 0.570959 0.727597 0.616976 0.5335 0.434788 0.489295 0.63195 0.61617 0.696693 0.607375 0.580074 0.626261 0.641811 0.639051 0.735757 0.744028 0.75152 0.780347 0.816446 0.760871 0.705211
BD_Bspro
 2.68995 1.80728 0.916414 0.501237 0.590195 0.677323 0.886218 0.593974 0.516736 0.360886 0.237874 0.330479 0.351524 0.303491 0.216261 0.268965 0.769052 0.7581 1.42973 1.09487 1.17552 1.4441 1.37631 1.15591 1.59883 1.32344 1.09539 1.14873 1.57006 1.08958 0.688397
BD_Bo
 1.84225 1.23774 0.627618 0.343279 0.404203 0.463874 0.606938 0.406791 0.353893 0.247158 0.162911 0.226333 0.240746 0.20785 0.148109 0.184204 0.526695 0.519194 0.979168 0.749838 0.80507 0.989013 0.942583 0.791639 1.09498 0.906374 0.750193 0.786725 1.07528 0.746215 0.471458
BD_Brms
 12.1747 8.17974 4.14769 2.2686 2.67122 3.06556 4.01102 2.68832 2.33874 1.63337 1.07662 1.49575 1.591 1.3736 0.978798 1.21733 3.48073 3.43116 6.47094 4.95539 5.3204 6.53601 6.22917 5.23164 7.2363 5.98988 4.95774 5.19916 7.10609 4.93144 3.11568
Sel_flota
 0.847121 1 1 1 1
 0.847121 1 1 1 1
 0.847121 1 1 1 1
 0.847121 1 1 1 1
 0.847121 1 1 1 1
 0.847121 1 1 1 1
 0.847121 1 1 1 1
 0.847121 1 1 1 1
 0.847121 1 1 1 1
 0.847121 1 1 1 1
 0.847121 1 1 1 1
 0.847121 1 1 1 1
 0.847121 1 1 1 1
 0.847121 1 1 1 1
 0.847121 1 1 1 1
 0.847121 1 1 1 1
 0.847121 1 1 1 1
 0.847121 1 1 1 1
 0.847121 1 1 1 1
 0.847121 1 1 1 1
 0.847121 1 1 1 1
 0.847121 1 1 1 1
 0.847121 1 1 1 1
 0.847121 1 1 1 1
 0.847121 1 1 1 1
 0.847121 1 1 1 1
 0.847121 1 1 1 1
 0.847121 1 1 1 1
 0.847121 1 1 1 1
 0.847121 1 1 1 1
 0.847121 1 1 1 1
Sel_reclas
 1 1 1 1 1
 1 1 1 1 1
 1 1 1 1 1
 1 1 1 1 1
 1 1 1 1 1
 1 1 1 1 1
 1 1 1 1 1
 1 1 1 1 1
 1 1 1 1 1
 1 1 1 1 1
 1 1 1 1 1
 1 1 1 1 1
 1 1 1 1 1
 1 1 1 1 1
 1 1 1 1 1
 1 1 1 1 1
 1 1 1 1 1
 1 1 1 1 1
 1 1 1 1 1
 1 1 1 1 1
 1 1 1 1 1
 1 1 1 1 1
 1 1 1 1 1
 1 1 1 1 1
 1 1 1 1 1
 1 1 1 1 1
 1 1 1 1 1
 1 1 1 1 1
 1 1 1 1 1
 1 1 1 1 1
 1 1 1 1 1
Sel_pelaces
 0.945396 1 1 1 1
 0.945396 1 1 1 1
 0.945396 1 1 1 1
 0.945396 1 1 1 1
 0.945396 1 1 1 1
 0.945396 1 1 1 1
 0.945396 1 1 1 1
 0.945396 1 1 1 1
 0.945396 1 1 1 1
 0.945396 1 1 1 1
 0.945396 1 1 1 1
 0.945396 1 1 1 1
 0.945396 1 1 1 1
 0.945396 1 1 1 1
 0.945396 1 1 1 1
 0.945396 1 1 1 1
 0.945396 1 1 1 1
 0.945396 1 1 1 1
 0.945396 1 1 1 1
 0.945396 1 1 1 1
 0.945396 1 1 1 1
 0.945396 1 1 1 1
 0.945396 1 1 1 1
 0.945396 1 1 1 1
 0.945396 1 1 1 1
 0.945396 1 1 1 1
 0.945396 1 1 1 1
 0.945396 1 1 1 1
 0.945396 1 1 1 1
 0.945396 1 1 1 1
 0.945396 1 1 1 1
pf_obs 
 0.8446 0.082 0.0669 0.0065 0
 0.8095 0.147 0.0364 0.0071 0
 0.9664 0.0169 0.016 0.0007 0
 0.9276 0.0648 0.0075 0.0001 0
 0.7033 0.2144 0.0806 0.0017 0
 0.9318 0.0425 0.0243 0.0014 0
 0.5671 0.3108 0.0964 0.0239 0.0018
 0.0768 0.2599 0.5324 0.112 0.0189
 0.490249 0.384438 0.106611 0.0170017 0.00170017
 0.7925 0.1577 0.0466 0.003 0.0002
 0.840416 0.127587 0.0312969 0.00059994 9.999e-05
 0.8084 0.0986 0.0794 0.0134 0.0002
 0.7335 0.1905 0.0724 0.0035 0.0001
 0.4001 0.4547 0.1325 0.0127 0
 0.49795 0.308269 0.164784 0.0264974 0.00249975
 0.9179 0.0499 0.0305 0.0017 0
 0.2467 0.6533 0.0926 0.0074 0
 0.9418 0.0223 0.034 0.0019 0
 0.707729 0.231977 0.0356964 0.0245975 0
 0.517169 0.277429 0.184464 0.0207286 0.00020938
 0.811772 0.124168 0.05621 0.00726502 0.000585176
 0.764997 0.148141 0.077277 0.00933861 0.000247198
 0.163321 0.427699 0.378323 0.0303852 0.000271297
 0.753843 0.0900009 0.118128 0.0371064 0.000921714
 0.721811 0.176058 0.0630433 0.0369309 0.00215725
 0.143369 0.312575 0.442814 0.0836902 0.0175525
 0.692698 0.0596174 0.167031 0.0765114 0.00414204
 0.394062 0.376323 0.152708 0.0712218 0.00568511
 0.125707 0.32114 0.495352 0.0537591 0.00404204
 0.23352 0.215282 0.420074 0.123614 0.00750983
 0.796117 0.104755 0.0508955 0.0450114 0.00322123
pf_pred 
 0.439297 0.11341 0.423848 0.0234441 7.68098e-07
 0.413571 0.2832 0.0613323 0.229218 0.012679
 0.555462 0.203918 0.116201 0.0251654 0.0992535
 0.760433 0.143766 0.0439458 0.0250421 0.0268132
 0.648923 0.278557 0.0435198 0.013303 0.0156973
 0.735694 0.18169 0.0655501 0.0102411 0.00682435
 0.469251 0.408406 0.0841019 0.0303422 0.00789936
 0.436953 0.292401 0.208259 0.0428862 0.0195006
 0.512801 0.233564 0.131718 0.0938142 0.0281033
 0.671734 0.183572 0.0693662 0.0391189 0.0362083
 0.79238 0.148017 0.0333311 0.0125948 0.0136771
 0.726388 0.224197 0.0352289 0.00793299 0.00625285
 0.673824 0.24929 0.0630003 0.00989947 0.00398628
 0.615386 0.275257 0.0835795 0.0211221 0.00465548
 0.71816 0.187603 0.0674425 0.0204783 0.00631593
 0.924672 0.0570168 0.0121884 0.00438167 0.00174079
 0.40566 0.557056 0.0282214 0.00603285 0.00303041
 0.892025 0.0486989 0.0555575 0.00281464 0.000903917
 0.600237 0.363249 0.0164686 0.018788 0.00125751
 0.602679 0.256667 0.127806 0.00579434 0.00705285
 0.740015 0.168361 0.0591887 0.0294728 0.00296262
 0.745331 0.197134 0.0372582 0.0130984 0.00717794
 0.333432 0.519811 0.113602 0.0214708 0.0116846
 0.741928 0.0966803 0.125859 0.0275058 0.00802771
 0.630396 0.286282 0.0312146 0.0406352 0.0114725
 0.442834 0.373818 0.142014 0.0154844 0.0258488
 0.730811 0.130984 0.0927252 0.0352264 0.0102527
 0.688627 0.238024 0.0356908 0.0252659 0.0123922
 0.365818 0.459911 0.133219 0.0199756 0.0210767
 0.442144 0.227364 0.239674 0.0694244 0.0213936
 0.829208 0.083168 0.0357129 0.0376464 0.0142651
pobs_RECLAS
 0 0 0 0 0
 0 0 0 0 0
 0 0 0 0 0
 0 0 0 0 0
 0 0 0 0 0
 0 0 0 0 0
 0 0 0 0 0
 0 0 0 0 0
 0 0 0 0 0
 0 0 0 0 0
 0.991045 0.00858322 0.000360255 1.14367e-05 0
 0.934742 0.0480273 0.0164251 0.00080598 0
 0.827803 0.169806 0.00239088 0 0
 0.941827 0.0461693 0.0120037 0 0
 0.791401 0.0380133 0.147996 0.0225897 0
 0.846168 0.0940531 0.0597789 0 0
 0.134021 0.677848 0.182769 0.00536245 0
 0.80878 0.0450904 0.141981 0.00414843 0
 0.846168 0.0940531 0.0597789 0 0
 0.905697 0.0802665 0.012482 0.00150086 5.37128e-05
 0.989698 0.0102097 9.19794e-05 0 0
 0.975433 0.0193895 0.00387452 0.00125025 5.28907e-05
 0.303575 0.632131 0.0575291 0.00676475 0
 0.966965 0.00978017 0.0227588 0.000495775 0
 0.843318 0.132988 0.00938335 0.0141283 0.000182051
 0.564624 0.303363 0.111486 0.0197234 0.00080311
 0.826376 0.0876187 0.0782897 0.00655872 0.00115652
 0.89761 0.0855135 0.0140674 0.00269457 0.000114338
 0.34875 0.467042 0.161289 0.0227151 0.000203297
 0.318654 0.224769 0.449479 0.00709798 0
 0.937255 0.0296025 0.0250945 0.00804832 0
ppred_RECLAS
 0.480855 0.105004 0.392433 0.0217065 7.11168e-07
 0.455012 0.263187 0.0569981 0.21302 0.011783
 0.596631 0.185033 0.105439 0.0228349 0.0900616
 0.790037 0.126 0.0385153 0.0219475 0.0234998
 0.685983 0.249152 0.0389259 0.0118987 0.0140402
 0.767123 0.160086 0.0577556 0.00902334 0.00601287
 0.51223 0.375333 0.0772915 0.0278852 0.00725968
 0.478298 0.27093 0.192966 0.0397371 0.0180687
 0.554918 0.213373 0.120331 0.0857042 0.0256739
 0.708209 0.163175 0.0616587 0.0347723 0.0321851
 0.818511 0.129388 0.029136 0.0110096 0.0119557
 0.759208 0.197305 0.0310033 0.00698144 0.00550283
 0.710333 0.221387 0.0559486 0.00879141 0.00354009
 0.656153 0.246081 0.0747205 0.0188833 0.00416202
 0.751652 0.16531 0.0594281 0.0180448 0.00556539
 0.935767 0.0486193 0.0103933 0.00373633 0.00148441
 0.446988 0.51832 0.026259 0.00561335 0.00281969
 0.907271 0.0418227 0.0477129 0.00241722 0.000776286
 0.64047 0.326691 0.0148111 0.0168971 0.00113095
 0.642664 0.230837 0.114945 0.00521122 0.00634308
 0.771208 0.148161 0.0520871 0.0259366 0.00260716
 0.776256 0.173196 0.0327339 0.0115078 0.0063063
 0.371794 0.489895 0.107064 0.0202351 0.0110122
 0.772738 0.0851378 0.110833 0.024222 0.0070693
 0.668583 0.256704 0.0279896 0.0364369 0.0102872
 0.484452 0.345896 0.131406 0.0143278 0.023918
 0.762529 0.115551 0.0817996 0.0310758 0.0090446
 0.723377 0.21146 0.0317076 0.0224461 0.0110092
 0.405471 0.431154 0.124889 0.0187266 0.0197588
 0.483932 0.210333 0.22172 0.0642239 0.019791
 0.851733 0.072199 0.0310027 0.0326812 0.0123837
pobs_PELACES
 0 0 0 0 0
 0 0 0 0 0
 0 0 0 0 0
 0 0 0 0 0
 0 0 0 0 0
 0 0 0 0 0
 0 0 0 0 0
 0 0 0 0 0
 0 0 0 0 0
 0 0 0 0 0
 0 0 0 0 0
 0 0 0 0 0
 0 0 0 0 0
 0 0 0 0 0
 0 0 0 0 0
 0 0 0 0 0
 0.505614 0.472636 0.0217494 0 0
 0 0 0 0 0
 0.443492 0.261883 0.143347 0.151278 0
 0.227955 0.32914 0.350689 0.0885471 0.00366901
 0.970185 0.0296113 0.000203453 0 0
 0.997202 0.00247181 0.000326279 0 0
 0.445219 0.490057 0.0546422 0.010081 0
 0.90214 0.0892962 0.00764917 0.000914606 0
 0 0 0 0 0
 0.581667 0.319106 0.0959925 0.00289975 0.000334073
 0.762889 0.0836404 0.116647 0.0363945 0.000428098
 0.88444 0.0763242 0.0277011 0.0115352 0
 0.521256 0.241999 0.230069 0.00667565 0
 0.616807 0.101726 0.260614 0.0208532 0
 0.833518 0.0704572 0.0857862 0.0102388 0
ppred_PELACES
 0.468217 0.10756 0.401987 0.0222349 7.28481e-07
 0.443559 0.268718 0.0581959 0.217496 0.0120307
 0.585367 0.1902 0.108384 0.0234725 0.0925766
 0.782892 0.130288 0.039826 0.0226944 0.0242995
 0.674734 0.258077 0.0403203 0.0123249 0.0145432
 0.758552 0.165977 0.0598812 0.00935543 0.00623416
 0.502879 0.382529 0.0787733 0.0284198 0.00739887
 0.465033 0.277819 0.197873 0.0407474 0.0185281
 0.543865 0.218671 0.123319 0.0878324 0.0263114
 0.69966 0.167956 0.0634652 0.0357911 0.0331281
 0.810627 0.135008 0.0304017 0.0114878 0.012475
 0.752248 0.203008 0.0318993 0.00718322 0.00566188
 0.702257 0.227559 0.0575085 0.00903653 0.00363879
 0.649759 0.250658 0.07611 0.0192344 0.00423942
 0.744605 0.170001 0.0611144 0.0185569 0.00572331
 0.933352 0.0504473 0.0107841 0.00387681 0.00154022
 0.435796 0.52881 0.0267904 0.00572695 0.00287676
 0.9034 0.0435686 0.0497047 0.00251813 0.000808692
 0.631148 0.335162 0.0151952 0.0173352 0.00116028
 0.632967 0.237102 0.118064 0.00535264 0.00651522
 0.763107 0.153407 0.0539316 0.026855 0.00269949
 0.76879 0.178975 0.0338262 0.0118919 0.00651674
 0.360616 0.498612 0.108969 0.0205951 0.0112081
 0.763969 0.0884229 0.115109 0.0251566 0.00734207
 0.657603 0.265208 0.0289169 0.037644 0.010628
 0.471851 0.35435 0.134618 0.014678 0.0245026
 0.753507 0.119941 0.0849072 0.0322564 0.00938822
 0.713238 0.219211 0.0328698 0.0232689 0.0114127
 0.393378 0.439924 0.127429 0.0191075 0.0201607
 0.471914 0.215231 0.226883 0.0657195 0.0202519
 0.845575 0.0751981 0.0322905 0.0340388 0.0128981
pobs_pel_tallas
 0 0 0 0 0 0 0 0 0 0 0 0 0 0 0 0 0 0 0 0 0 0 0 0 0 0
 0 0 0 0 0 0 0 0 0 0 0 0 0 0 0 0 0 0 0 0 0 0 0 0 0 0
 0 0 0 0 0 0 0 0 0 0 0 0 0 0 0 0 0 0 0 0 0 0 0 0 0 0
 0 0 0 0 0 0 0 0 0 0 0 0 0 0 0 0 0 0 0 0 0 0 0 0 0 0
 0 0 0 0 0 0 0 0 0 0 0 0 0 0 0 0 0 0 0 0 0 0 0 0 0 0
 0 0 0 0 0 0 0 0 0 0 0 0 0 0 0 0 0 0 0 0 0 0 0 0 0 0
 0 0 0 0 0 0 0 0 0 0 0 0 0 0 0 0 0 0 0 0 0 0 0 0 0 0
 0 0 0 0 0 0 0 0 0 0 0 0 0 0 0 0 0 0 0 0 0 0 0 0 0 0
 0 0 0 0 0 0 0 0 0 0 0 0 0 0 0 0 0 0 0 0 0 0 0 0 0 0
 0 0 0 0 0 0 0 0 0 0 0 0 0 0 0 0 0 0 0 0 0 0 0 0 0 0
 0 0 0 0 0 0 0 0 0 0 0 0 0 0 0 0 0 0 0 0 0 0 0 0 0 0
 0 0 0 0 0 0 0 0 0 0 0 0 0 0 0 0 0 0 0 0 0 0 0 0 0 0
 0.00862536 0 0 0.000197151 0.00414017 0.0128641 0.00837892 0.0270097 0.101434 0.158115 0.152841 0.127902 0.109271 0.109419 0.0830992 0.0579132 0.0238553 0.00714673 0.00463305 0.00128148 0.00103504 0.000492878 0.000147863 0.000147863 4.92878e-05 0
 0 0 0 0 0 0 0 0 0 0 0 0 0 0 0 0 0 0 0 0 0 0 0 0 0 0
 0 0 0 0 0 0 0 0.0054083 0.00873648 0.0413646 0.0450493 0.0745869 0.0622846 0.0627006 0.0613931 0.0827291 0.12552 0.122667 0.0946155 0.0697135 0.0546179 0.0294188 0.0215738 0.0213955 0.0102223 0.00600262
 0 0 0 0 0.00359764 0.0251062 0.0480494 0.140153 0.205849 0.193036 0.1447 0.116669 0.0760912 0.0342217 0.00950174 0.001854 0.000860785 0 0 0 0.000165536 0 0.000143464 0 0 0
 0 0 0 0 0 0 0 0.000145254 0.000435761 0.0275982 0.070085 0.0708112 0.156366 0.174668 0.174014 0.160142 0.0824315 0.0480064 0.0283245 0.00493863 0.00203355 0 0 0 0 0
 0 0 0 0 0 0 0 0 0 0 0 0 0 0 0 0 0 0 0 0 0 0 0 0 0 0
 0 0 1.00437e-05 0.000401748 0.00122533 0.00171747 0.00176769 0.0269171 0.070346 0.194647 0.189555 0.159765 0.064822 0.0314167 0.0384472 0.0292271 0.0345202 0.0313363 0.0194345 0.0106764 0.0143323 0.0359363 0.0279516 0.0138201 0.00172751 0
 0 0.0021121 0.0136068 0.0755702 0.200478 0.177729 0.0527432 0.0373336 0.0318909 0.0142505 0.0149659 0.0166563 0.0217959 0.0798694 0.0677717 0.0528807 0.04013 0.0224614 0.0357745 0.0225083 0.00881397 0.00855152 0.00135912 0.000746735 0 0
 0 0 0 0 5.4009e-05 0.00500934 0.000945158 0.0243581 0.138947 0.33067 0.221406 0.137944 0.0707744 0.0437923 0.0131692 0.00525238 0.0047753 0.00276346 9.45158e-05 9.00151e-06 2.25038e-05 9.00151e-06 4.50075e-06 0 0 0
 0.000866109 0.00284123 0.00948549 0.0512746 0.133035 0.25785 0.225252 0.132002 0.0553304 0.0519788 0.0540692 0.017754 0.00435017 0.00159236 0.00146478 0.000404838 0.000125132 0.000115318 0.000107957 0.000100596 0 0 0 0 0 0
 0 0 0 0 0.00144013 0.00171154 0.00461396 0.0210425 0.0478622 0.0707936 0.0888783 0.103762 0.0637923 0.0337046 0.0602308 0.124433 0.169614 0.0934646 0.0462172 0.0250306 0.0313229 0.00938855 0.002487 0.000210481 0 0
 0 0.00764035 0.051015 0.0998891 0.058973 0.0496711 0.0374665 0.0718981 0.12319 0.153886 0.159021 0.0857701 0.0377988 0.023471 0.0147837 0.00900784 0.00315554 0.000888139 0.00291439 0.00214683 0.00393193 0.00274676 0.000635225 9.99891e-05 0 0
 0 0 0 0 0 0 0 0 0 0 0 0 0 0 0 0 0 0 0 0 0 0 0 0 0 0
 0 0 0 0 0 0 0 0 0 0 0 0 0 0 0 0 0 0 0 0 0 0 0 0 0 0
 0 0 0 0 0 0 0 0 0 0 0 0 0 0 0 0 0 0 0 0 0 0 0 0 0 0
 0 0 0 0 0 0 0 0 0 0 0 0 0 0 0 0 0 0 0 0 0 0 0 0 0 0
 0 0 0 0 0 0 0 0 0 0 0 0 0 0 0 0 0 0 0 0 0 0 0 0 0 0
 0 0 0 0 0 0 0 0 0 0 0 0 0 0 0 0 0 0 0 0 0 0 0 0 0 0
 0 0 0 0 0 0 0 0 0 0 0 0 0 0 0 0 0 0 0 0 0 0 0 0 0 0
ppred_pel_tallas
 1.13858e-16 3.85665e-05 0.00037488 0.00249121 0.0113247 0.0352353 0.075073 0.109574 0.109585 0.0751269 0.035418 0.01186 0.00386383 0.00346687 0.00619013 0.0108991 0.0173842 0.0253644 0.0344446 0.0442298 0.0541838 0.0632707 0.0698182 0.0719814 0.0686483 0.060154
 1.25596e-16 3.65354e-05 0.000355137 0.00236001 0.0107283 0.0333799 0.0711203 0.103808 0.103834 0.0712474 0.0338071 0.0119639 0.00546793 0.00716205 0.0130336 0.0216838 0.0317245 0.0410194 0.0475179 0.050534 0.0512472 0.0518625 0.0540316 0.0577457 0.0614191 0.062911
 1.21197e-16 4.82159e-05 0.000468676 0.00311452 0.0141582 0.0440514 0.0938568 0.136991 0.137009 0.0939471 0.0443553 0.015038 0.0053307 0.00533245 0.00936275 0.0156095 0.0229808 0.0299848 0.0351654 0.037957 0.039032 0.0397588 0.0411926 0.0433952 0.0455076 0.0463528
 1.07571e-16 6.44858e-05 0.000626825 0.00416547 0.0189356 0.0589159 0.125527 0.183213 0.183226 0.125589 0.0591228 0.019534 0.00566979 0.00391863 0.00633996 0.0104433 0.0151939 0.0194497 0.0221076 0.0227028 0.0216899 0.0201082 0.0188923 0.0183697 0.0182455 0.0179495
 1.04927e-16 5.5577e-05 0.000540228 0.00359001 0.0163197 0.0507767 0.108186 0.157906 0.157931 0.108308 0.051185 0.0174991 0.00655119 0.00700636 0.0123416 0.0203308 0.0293206 0.0369587 0.0408907 0.0400474 0.0352833 0.0287867 0.0227487 0.0183264 0.0155003 0.0136106
 1.03764e-16 6.2481e-05 0.000607337 0.00403597 0.0183469 0.0570842 0.121625 0.177518 0.177534 0.121703 0.0573479 0.0191093 0.00595245 0.00480043 0.00805354 0.0132874 0.0193036 0.0246278 0.0277914 0.0281052 0.0260336 0.0228073 0.019608 0.0169832 0.0148402 0.012832
 1.06474e-16 4.14215e-05 0.000402632 0.00267563 0.0121631 0.037844 0.080632 0.117692 0.117729 0.0808124 0.0384498 0.0139135 0.00707173 0.0100068 0.0183036 0.0302527 0.0437155 0.0552707 0.061454 0.0606716 0.0541269 0.0449422 0.0362145 0.0295354 0.0248409 0.021237
 1.13004e-16 3.83042e-05 0.000372331 0.00247427 0.0112477 0.0349959 0.0745634 0.108833 0.10886 0.0746956 0.0354406 0.0125356 0.00571971 0.00749908 0.0136966 0.022906 0.033751 0.0440348 0.0515069 0.0550926 0.0554008 0.0540171 0.0522105 0.0501634 0.0472222 0.0427224
 1.16876e-16 4.47975e-05 0.000435448 0.00289371 0.0131544 0.0409283 0.0872028 0.127279 0.127301 0.0873067 0.0412778 0.0141662 0.00544246 0.00602965 0.0107595 0.017958 0.0264432 0.0345017 0.0404371 0.0435457 0.0445036 0.0447474 0.0453469 0.0462918 0.0466567 0.0453462
 1.11071e-16 5.76301e-05 0.000560185 0.00372263 0.0169225 0.0526524 0.112182 0.163736 0.163753 0.112262 0.0529196 0.0176955 0.00566689 0.00481823 0.00818563 0.013552 0.0197844 0.0254636 0.029202 0.0304191 0.0296881 0.0282911 0.0273363 0.0271335 0.0272095 0.0267867
 1.04176e-16 6.67703e-05 0.000649031 0.00431304 0.0196065 0.0610031 0.129974 0.189704 0.189717 0.130038 0.061217 0.0202248 0.00586618 0.00404343 0.00652502 0.0107129 0.0155018 0.0196596 0.0219835 0.0219366 0.0199644 0.0171741 0.0146373 0.0128623 0.0117449 0.0108761
 1.02652e-16 6.19617e-05 0.00060229 0.00400243 0.0181945 0.0566099 0.120614 0.176044 0.176063 0.12071 0.056931 0.0191221 0.00633126 0.00568714 0.00972199 0.0159823 0.023036 0.0290091 0.0320342 0.031252 0.0273157 0.0219348 0.0168385 0.0129673 0.0103618 0.00857297
 1.0324e-16 5.7844e-05 0.000562264 0.00373645 0.0169853 0.0528478 0.112599 0.164346 0.164368 0.112706 0.0532085 0.0180276 0.00635462 0.0062841 0.0109432 0.0180482 0.0261061 0.0330631 0.036856 0.0365191 0.0327283 0.0272855 0.0219831 0.0177512 0.014588 0.0120453
 1.04907e-16 5.35198e-05 0.000520232 0.00345712 0.0157156 0.0488972 0.104181 0.152061 0.152085 0.1043 0.0492949 0.0168654 0.00634647 0.00683856 0.0120851 0.0199783 0.0289706 0.0368437 0.0413619 0.0414825 0.037936 0.0326439 0.0274726 0.0233202 0.0200795 0.0172091
 1.04637e-16 6.13321e-05 0.00059617 0.00396176 0.0180096 0.0560346 0.119388 0.174254 0.174271 0.119469 0.0563048 0.0187907 0.00592542 0.00489313 0.00825235 0.0136255 0.01981 0.0253086 0.0286325 0.0290935 0.0271805 0.0241548 0.0212052 0.0188463 0.0169203 0.0150111
 1.00974e-16 7.68789e-05 0.000747291 0.00496601 0.0225748 0.0702385 0.149651 0.218421 0.218425 0.149674 0.0703184 0.0228057 0.00554594 0.00201441 0.00248669 0.00399815 0.00577302 0.00730452 0.00813321 0.0080503 0.00721514 0.00603856 0.00492604 0.0040827 0.00349444 0.00303812
 1.0197e-16 3.5896e-05 0.000348922 0.00231871 0.0105406 0.0327959 0.069877 0.101998 0.102049 0.0701256 0.0336305 0.0129501 0.00836312 0.0135312 0.0250338 0.0412306 0.0591593 0.0739073 0.0804913 0.0766143 0.0640596 0.0475407 0.031967 0.0202262 0.0127464 0.0084591
 1.01835e-16 7.44119e-05 0.00072331 0.00480665 0.0218503 0.0679845 0.144848 0.211411 0.211416 0.144869 0.0680548 0.0220543 0.00532179 0.00185856 0.00226172 0.00370258 0.00551505 0.00732635 0.00879609 0.00974392 0.0102099 0.0103445 0.0102337 0.00982453 0.00900819 0.00776063
 1.0246e-16 5.19869e-05 0.000505331 0.0033581 0.0152655 0.0474967 0.101198 0.147708 0.14774 0.101356 0.0480257 0.0167928 0.00718967 0.00886224 0.0159016 0.0261503 0.0375361 0.0469361 0.051212 0.0489353 0.041261 0.0311855 0.0217971 0.0148628 0.0105599 0.00811243
 1.05108e-16 5.21367e-05 0.000506787 0.00336778 0.0153095 0.0476335 0.101489 0.148131 0.148154 0.101601 0.0480112 0.0164019 0.00611622 0.00652722 0.0115461 0.0191616 0.0279597 0.0359097 0.0409445 0.04206 0.0398237 0.0358255 0.0315593 0.0276684 0.0240109 0.0202288
 1.04746e-16 6.28561e-05 0.000610984 0.0040602 0.0184571 0.057427 0.122355 0.178583 0.178598 0.122427 0.0576708 0.019162 0.00583257 0.00448974 0.00745799 0.012306 0.0179013 0.0228954 0.0259573 0.0264815 0.0249225 0.0224209 0.0200317 0.0181781 0.0166608 0.0150493
 1.03318e-16 6.33243e-05 0.000615534 0.00409044 0.0185946 0.0578547 0.123266 0.179914 0.179932 0.123351 0.0581381 0.0194132 0.00614621 0.00510609 0.00860005 0.0141397 0.0204162 0.0257896 0.0286344 0.0282086 0.0250876 0.020753 0.0166773 0.0136212 0.0115535 0.010034
 1.07235e-16 2.97035e-05 0.000288729 0.00191871 0.0087222 0.0271382 0.0578227 0.084404 0.0844521 0.0580578 0.027928 0.0110041 0.00764964 0.0128094 0.0238381 0.039439 0.05699 0.0720424 0.0800633 0.0789446 0.0702168 0.0579199 0.0460913 0.0368545 0.0302234 0.0251515
 1.0711e-16 6.29272e-05 0.000611674 0.00406479 0.018478 0.0574918 0.122493 0.178784 0.178792 0.122535 0.0576352 0.0188941 0.00511752 0.00293687 0.00455855 0.0076453 0.0114962 0.0154831 0.0189885 0.021703 0.0237213 0.0252895 0.0264362 0.0268429 0.0260633 0.0238755
 1.06477e-16 5.41659e-05 0.000526512 0.00349886 0.0159053 0.0494875 0.105439 0.153897 0.153923 0.105564 0.0499069 0.0171166 0.00653949 0.00716489 0.0126643 0.02086 0.0300721 0.0378914 0.0419195 0.0410998 0.0363701 0.0300358 0.0243676 0.0205033 0.0182952 0.0168973
 1.09594e-16 3.88658e-05 0.00037779 0.00251055 0.0114126 0.035509 0.075657 0.110431 0.110465 0.0758246 0.0360722 0.013041 0.00660464 0.00933708 0.0171184 0.0284069 0.0413113 0.0527765 0.0596919 0.0606011 0.0564986 0.0499985 0.0435915 0.0384018 0.0341813 0.0301411
 1.07305e-16 6.20654e-05 0.000603298 0.00400913 0.0182249 0.0567046 0.120815 0.176336 0.176348 0.120873 0.0568967 0.0187813 0.00541151 0.00368395 0.00596966 0.00992085 0.0146397 0.0191613 0.0225402 0.0243464 0.0248714 0.0248061 0.0246641 0.0244421 0.0237398 0.0221488
 1.0527e-16 5.87485e-05 0.000571056 0.00379487 0.0172509 0.0536742 0.114359 0.166915 0.166936 0.114463 0.0540211 0.018253 0.00631075 0.00606546 0.0105006 0.0172862 0.0249456 0.031485 0.0349239 0.0343791 0.0305984 0.0254463 0.0207606 0.0174645 0.0154544 0.0140816
 1.09118e-16 3.24021e-05 0.00031496 0.00209302 0.0095146 0.0296037 0.0630754 0.0920692 0.0921117 0.0632831 0.0303016 0.0115316 0.0071612 0.0113959 0.0211271 0.0350074 0.0507337 0.0644447 0.0722055 0.0721836 0.0656832 0.0561303 0.0468775 0.039579 0.0340912 0.0294484
 1.16621e-16 3.8871e-05 0.00037784 0.00251088 0.0114141 0.0355137 0.0756664 0.110442 0.110463 0.0757695 0.0358609 0.0124212 0.00505488 0.00598487 0.0108452 0.0182819 0.0273059 0.036392 0.0439778 0.0493215 0.0527927 0.0552628 0.0571416 0.0579338 0.0566439 0.0525832
 1.06548e-16 6.96489e-05 0.000677012 0.00449898 0.0204517 0.0636329 0.135577 0.19788 0.197887 0.135613 0.0637528 0.0207987 0.00537243 0.00259219 0.00373243 0.00612919 0.00899045 0.0116745 0.0135934 0.0145211 0.0147299 0.0147718 0.0150718 0.0156522 0.0161679 0.0161618
pSPR Fmed_Fpbrs
0.689946   0.201318 0.201318
Fs Fmed_Fpbrs
0.19212   1.005 1.005
SSBpbr Bo_Bmed_Bpbrs
2.12356e+06  1.35896e+06  321332 321332
Ro
203758
SPR SPRFo_SPRFmed_SPRFpbrs
1.45435e+06 1.00342e+06 292786
Fref
1.005
Nvult_r0
 247016 21445.8 9208.95 9707.53 3678.41
CTP_r0
 29876.5 2996.56 1286.74 1356.41 513.975
YTP_r0
391301
Np
 273723 42981.1 15695.8 1314.07 640.255
Nvult_p0
 230742 37193.2 13582.2 1137.12 554.038
CTP_p0
 106108 50557.1 4232.7 1817.55 2515.12
 106108 18643 6808.03 569.976 277.71
YTP_p0
 1.82335e+06 1.27049e+06
CBA_c0
1.65749e+06
log_Ro
12.0447
likeval ReclasPelacesDesembMPH_pf_preclas_ppelaces_ptallas_desvR_qrecl_qpela
 16.3076 17.5003 0.10266 0.00310801 240.777 119.784 98.3231 0 21.9516 3.9679e-06 0 0.522891 0 0 0
q_reclas_q_pelaces
0.754071 1
M
1
N
 221379 48744.4 182173 10076.4 0.330134
 126549 74300 16091.1 60137.3 3326.45
 125381 39451 22480.8 4868.63 19202.1
 241346 39292.9 12010.9 6844.29 7328.35
 193236 70656.2 11038.8 3374.31 3981.62
 312098 66001 23811.8 3720.2 2479.02
 131443 99087.4 20404.8 7361.64 1916.54
 62049.9 35303.8 25144.6 5177.96 2354.45
 55549.9 21735.3 12257.5 8730.27 2615.27
 71456.3 16845.6 6365.43 3589.77 3322.68
 128221 20390.3 4591.58 1735.01 1884.11
 165177 44143.4 6936.42 1561.97 1231.16
 139348 44577.9 11265.7 1770.22 712.824
 98131.1 38393.8 11658 2946.19 649.362
 99813.7 22584.5 8119.03 2465.27 760.34
 502982 26801.3 5729.26 2059.64 818.277
 118687 139889 7087.02 1514.98 761.004
 777604 36446.6 41579.6 2106.49 676.497
 455322 237910 10786.1 12305.2 823.606
 349547 128278 63875.6 2895.92 3524.9
 519047 101361 35634.2 17743.9 1783.63
 699338 159297 30107.1 10584.4 5800.25
 153358 204533 44699.7 8448.22 4597.62
 443144 49335.7 64225.3 14036.1 4096.52
 374290 145242 15836.4 20615.8 5820.44
 170003 122425 46509.3 5071.12 8465.41
 371425 56881.2 40266.7 15297.4 4452.31
 412071 121564 18228.1 12903.8 6328.97
 127708 136982 39678.6 5949.65 6277.59
 96988.8 42667.4 44977.5 13028.3 4014.75
 363574 31204.2 13399.3 14124.7 5352.19
pred_Ctot
 12362.4 3191.51 11927.7 659.748 0.0216153
 12372.4 8472.22 1834.82 6857.29 379.306
 11894.3 4366.55 2488.23 538.874 2125.34
 31737.3 6000.2 1834.12 1045.15 1119.07
 8793.6 3774.74 589.74 180.269 212.715
 27350.3 6754.56 2436.91 380.726 253.704
 23006.6 20023.4 4123.37 1487.63 387.292
 1883.28 1260.26 897.604 184.841 84.0484
 6266.59 2854.23 1609.63 1146.44 343.432
 10344.3 2826.91 1068.2 602.408 557.586
 5228.4 976.668 219.93 83.1045 90.2461
 28523 8803.51 1383.33 311.504 245.53
 22639.3 8375.71 2116.7 332.605 133.932
 24120.7 10789 3275.99 827.904 182.477
 17483.6 4567.21 1641.89 498.546 153.761
 79361.4 4893.55 1046.09 376.063 149.406
 12582.9 17279 875.382 187.129 93.9985
 83996 4585.64 5231.47 265.035 85.1158
 68879.7 41684.4 1889.84 2156 144.305
 47704.9 20316.4 10116.5 458.65 558.267
 55192 12556.8 4414.43 2198.15 220.959
 92329.9 24420.5 4615.46 1622.6 889.187
 12302.1 19178.6 4191.39 792.17 431.108
 30843.9 4019.26 5232.27 1143.49 333.733
 26489.8 12029.8 1311.67 1707.53 482.085
 9800.27 8272.9 3142.89 342.683 572.054
 26152.1 4687.28 3318.17 1260.58 366.891
 25312.8 8749.41 1311.94 928.735 455.518
 7470.75 9392.32 2720.6 407.943 430.429
 7775.77 3998.54 4215.03 1220.93 376.239
 29876.5 2996.56 1286.74 1356.41 513.975
F
 0.0917659 0.108327 0.108327 0.108327 0.108327
 0.165571 0.195451 0.195451 0.195451 0.195451
 0.160313 0.189245 0.189245 0.189245 0.189245
 0.228405 0.269625 0.269625 0.269625 0.269625
 0.0742441 0.0876429 0.0876429 0.0876429 0.0876429
 0.147314 0.1739 0.1739 0.1739 0.1739
 0.314586 0.371359 0.371359 0.371359 0.371359
 0.0490038 0.0578475 0.0578475 0.0578475 0.0578475
 0.193189 0.228054 0.228054 0.228054 0.228054
 0.254025 0.299868 0.299868 0.299868 0.299868
 0.0663091 0.0782759 0.0782759 0.0782759 0.0782759
 0.309777 0.365682 0.365682 0.365682 0.365682
 0.289079 0.341249 0.341249 0.341249 0.341249
 0.469039 0.553686 0.553686 0.553686 0.553686
 0.314857 0.371679 0.371679 0.371679 0.371679
 0.279706 0.330184 0.330184 0.330184 0.330184
 0.18064 0.21324 0.21324 0.21324 0.21324
 0.184324 0.217589 0.217589 0.217589 0.217589
 0.266805 0.314955 0.314955 0.314955 0.314955
 0.237952 0.280895 0.280895 0.280895 0.280895
 0.18122 0.213925 0.213925 0.213925 0.213925
 0.229405 0.270806 0.270806 0.270806 0.270806
 0.134126 0.158332 0.158332 0.158332 0.158332
 0.115495 0.136338 0.136338 0.136338 0.136338
 0.117536 0.138748 0.138748 0.138748 0.138748
 0.0948521 0.11197 0.11197 0.11197 0.11197
 0.116903 0.138 0.138 0.138 0.138
 0.101342 0.119632 0.119632 0.119632 0.119632
 0.0963101 0.113691 0.113691 0.113691 0.113691
 0.134044 0.158235 0.158235 0.158235 0.158235
 0.137591 0.162422 0.162422 0.162422 0.162422
YTP_r0W_actual
 247975 42251.5 35514.1 46389.2 19171.3
YTP_p0W_proyectada
 794748 792229 97902.3 53381.4 85086.6
 794748 292136 157470 16740.2 9394.93
CTP_r0_actual
 29876.5 2996.56 1286.74 1356.41 513.975
CTP_p0_proyectada
 106108 50557.1 4232.7 1817.55 2515.12
 106108 18643 6808.03 569.976 277.71
Wmedp
 7.49 15.67 23.13 29.37 33.83
Frms_r0
 0.137591 0.162422 0.162422 0.162422 0.162422
Zrms_r0
 1.13759 1.16242 1.16242 1.16242 1.16242
nmprior
 8.19 8.8 8.5 0
nm_flota  nm_reclas  nm_pelaces    nm_pelaL
inf 11.7449 17.5359 41.4101
cv_recla  cv_pelaces  cv_mph
0.365275 0.474346 1.72047
 ------------------------------------------------
Talla a la edad & desviaci?n 
 8 13.2811 15.8009 17.003 17.5766
 0.8 1.32811 1.58009 1.7003 1.75766
