    unsorted:	 2.322377892e-06 5.689667028e-05 9.611947551e-05 0.001099992820 0.1235003688 2.262425193 6.153373036 13.65361760 59.75075783 75.99745257 164.5501114 227.1147984 240.8460930 291.9387283 485.9279054 569.9426271 720.8018260 805.7218205 839.4835271 917.5880580 951.3094561 1040.580603 1075.405601 1181.665236 1333.075416 1382.240918 1636.137062 1705.069031 1956.445522 1949.255993 2162.649516 2281.639355 2519.844737 2498.663055 2560.978815 2650.261577 2848.330926 3040.278572 3235.916571 3290.028636 3796.540946 3996.690197 4360.130756 8594.478945 40617.84566 158307.8063 386335.5346 383409.1388 395721.6282 366998.4806 362373.2723 410899.2852 431307.3551 450788.4863 445153.1956 329165.2025 264428.2789 503587.9718 597736.3872 620600.0200 665705.7117 674553.2109 692834.7645 940355.0243 1033216.922 1104909.862 1186146.665 1353628.331 1475753.375 1670288.973 1784727.129 2379538.865 2422102.330 2511705.121 2730140.370 2961873.896 3287412.550
      sorted:	 2.322377892e-06 5.689667028e-05 9.611947551e-05 0.001099992820 0.1235003688 2.262425193 6.153373036 13.65361760 59.75075783 75.99745257 164.5501114 227.1147984 240.8460930 291.9387283 485.9279054 569.9426271 720.8018260 805.7218205 839.4835271 917.5880580 951.3094561 1040.580603 1075.405601 1181.665236 1333.075416 1382.240918 1636.137062 1705.069031 1949.255993 1956.445522 2162.649516 2281.639355 2498.663055 2519.844737 2560.978815 2650.261577 2848.330926 3040.278572 3235.916571 3290.028636 3796.540946 3996.690197 4360.130756 8594.478945 40617.84566 158307.8063 264428.2789 329165.2025 362373.2723 366998.4806 383409.1388 386335.5346 395721.6282 410899.2852 431307.3551 445153.1956 450788.4863 503587.9718 597736.3872 620600.0200 665705.7117 674553.2109 692834.7645 940355.0243 1033216.922 1104909.862 1186146.665 1353628.331 1475753.375 1670288.973 1784727.129 2379538.865 2422102.330 2511705.121 2730140.370 2961873.896 3287412.550
