years
 1991 1992 1993 1994 1995 1996 1997 1998 1999 2000 2001 2002 2003 2004 2005 2006 2007 2008 2009 2010 2011 2012 2013 2014 2015 2016 2017 2018 2019 2020 2021
reclasobs
 0 0 0 0 0 0 0 0 0 252601 567819 844713 477998 351125 339783 2.1784e+06 2.13404e+06 4.81314e+06 1.55562e+06 2.62356e+06 3.21686e+06 3.843e+06 1.13348e+06 3.07943e+06 1.97215e+06 2.03268e+06 2.025e+06 2.42433e+06 2.27542e+06 1.05018e+06 2.36338e+06
reclaspred
 2.88016e+06 1.55587e+06 772321 580919 472970 1.19619e+06 584543 442528 330491 245244 419360 608164 595794 425643 403481 1.50721e+06 1.3148e+06 3.35362e+06 2.74227e+06 1.93016e+06 3.48038e+06 2.83927e+06 2.07108e+06 3.28145e+06 2.37039e+06 2.00781e+06 2.57022e+06 2.94138e+06 2.3123e+06 1.29371e+06 1.85958e+06
pelacesobs
 0 0 0 0 0 0 0 0 0 0 0 0 0 0 0 552880 188675 0 991730 2.46772e+06 1.41603e+06 1.21717e+06 2.29649e+06 1.80582e+06 0 1.4828e+06 1.56532e+06 1.57751e+06 1.42118e+06 867257 1.10002e+06
pelacespred
 1.01384e+06 593131 285387 169015 153873 415101 158763 174844 110712 76877.2 151178 183551 200323 144111 141601 467080 410625 1.23811e+06 1.02182e+06 662850 1.19196e+06 1.02003e+06 752067 1.32484e+06 911790 773233 1.13545e+06 1.27414e+06 828131 528675 747804
mphobs
 0 0 0 0 0 0 0 0 0 0 0 498337 0 5186 125008 0 168611 109162 213762 579715 649985 157893 87575 83554 0 0 0 0 0 0 0
mphpred
 435103 281561 133417 70546.2 50728.5 51981.5 107813 46860 38750.3 24167.2 17331.7 48984.3 55192.8 44086.6 25317.8 32031.5 171429 142783 331883 242442 244451 314063 298114 224530 324759 256475 201454 235186 357445 226456 119036
desembarqueobs
 494567 514787 250237 358949 120608 361735 552515 73892 212993 205616 52469 317467 293654 387597 252695 516296 358380 742168 942051 627588 828172 859565 418607 520667 417249 300574 415391 372974 316634 284311 391294
desembarquepred
 494552 514413 250120 358971 120607 361670 552285 73892.5 212984 205601 52469.6 317455 293622 387438 252617 516143 358369 741948 941524 627246 828121 859378 418563 520647 417200 300535 415339 372914 316590 284277 391258
Reclutas
 150762 94153.5 88515.3 84164.9 67203.1 220936 63256.7 22712.6 31384.4 48279.7 85004.1 126494 102222 70956.6 63138.8 434686 63956.8 661315 365702 264136 417712 545849 87288.7 319545 249445 107102 279912 326383 72444.7 49665.9 236089
log_desv_Rt
 0.14346 -0.327318 -0.38907 -0.439467 -0.664525 0.52563 -0.725043 -1.74932 -1.42594 -0.995233 -0.429545 -0.0320463 -0.245094 -0.610176 -0.726909 1.20238 -0.714037 1.62199 1.02957 0.704218 1.16255 1.4301 -0.403024 0.894653 0.646992 -0.198467 0.762232 0.915828 -0.589421 -0.966926 0.591966
SSB
 1.97521e+06 1.27818e+06 605665 320254 230289 235977 489432 212727 175912 109710 78679.6 222371 250555 200137 114934 145411 778225 648181 1.50663e+06 1.1006e+06 1.10972e+06 1.42573e+06 1.35333e+06 1.01928e+06 1.47428e+06 1.1643e+06 914527 1.06766e+06 1.62267e+06 1.02803e+06 540380
BT
 2.76187e+06 1.87411e+06 900248 688332 453731 1.27081e+06 849536 470108 463714 371720 392890 685626 726741 732986 579713 1.49087e+06 1.22723e+06 3.5161e+06 3.2573e+06 2.09945e+06 3.42224e+06 3.1554e+06 2.0997e+06 3.54364e+06 2.495e+06 2.0529e+06 3.04712e+06 3.31563e+06 2.17356e+06 1.50419e+06 2.10837e+06
Ftot
 0.218781 0.410713 0.410433 0.812536 0.353423 0.480228 1.12702 0.229921 0.892519 1.15928 0.206895 0.751754 0.698111 1.25219 0.954895 0.578681 0.353635 0.355267 0.474617 0.448799 0.346565 0.432669 0.260437 0.24153 0.240184 0.200702 0.245406 0.195984 0.171767 0.277352 0.329436
BD_Bspro_t
 0.965787 0.768249 0.556209 0.439088 0.344312 0.408454 0.492502 0.260957 0.288567 0.237975 0.228846 0.535589 0.4294 0.334196 0.218278 0.265702 0.539212 0.481388 0.620826 0.514748 0.472656 0.532182 0.549621 0.520664 0.640281 0.641193 0.639961 0.696876 0.760089 0.67361 0.568082
BD_Bspro
 2.1187 1.37104 0.649666 0.34352 0.247019 0.253121 0.524989 0.228182 0.188692 0.11768 0.0843956 0.238526 0.268758 0.214677 0.123283 0.155975 0.834762 0.695271 1.61608 1.18056 1.19034 1.52931 1.45165 1.09333 1.58139 1.24889 0.980966 1.14522 1.74056 1.10271 0.579638
BD_Bo
 1.22631 0.79356 0.376027 0.198829 0.142975 0.146506 0.303864 0.132072 0.109215 0.0681134 0.0488482 0.138059 0.155557 0.124255 0.0713565 0.0902786 0.483161 0.402423 0.93539 0.683307 0.688969 0.885164 0.840214 0.632822 0.915309 0.722857 0.567784 0.662854 1.00743 0.638252 0.335495
BD_Brms
 6.19424 4.00837 1.89936 1.00431 0.722183 0.740022 1.53485 0.667111 0.551659 0.34405 0.246739 0.697353 0.785739 0.627628 0.360431 0.456009 2.44051 2.03269 4.72477 3.45147 3.48007 4.47108 4.24403 3.19647 4.62334 3.65124 2.86795 3.34816 5.08868 3.22389 1.69463
Sel_flota
 0.649964 0.972437 0.99851 0.999921 0.999996
 0.649964 0.972437 0.99851 0.999921 0.999996
 0.649964 0.972437 0.99851 0.999921 0.999996
 0.649964 0.972437 0.99851 0.999921 0.999996
 0.649964 0.972437 0.99851 0.999921 0.999996
 0.649964 0.972437 0.99851 0.999921 0.999996
 0.649964 0.972437 0.99851 0.999921 0.999996
 0.649964 0.972437 0.99851 0.999921 0.999996
 0.649964 0.972437 0.99851 0.999921 0.999996
 0.649964 0.972437 0.99851 0.999921 0.999996
 0.649964 0.972437 0.99851 0.999921 0.999996
 0.649964 0.972437 0.99851 0.999921 0.999996
 0.649964 0.972437 0.99851 0.999921 0.999996
 0.649964 0.972437 0.99851 0.999921 0.999996
 0.649964 0.972437 0.99851 0.999921 0.999996
 0.649964 0.972437 0.99851 0.999921 0.999996
 0.649964 0.972437 0.99851 0.999921 0.999996
 0.649964 0.972437 0.99851 0.999921 0.999996
 0.649964 0.972437 0.99851 0.999921 0.999996
 0.649964 0.972437 0.99851 0.999921 0.999996
 0.649964 0.972437 0.99851 0.999921 0.999996
 0.649964 0.972437 0.99851 0.999921 0.999996
 0.649964 0.972437 0.99851 0.999921 0.999996
 0.649964 0.972437 0.99851 0.999921 0.999996
 0.649964 0.972437 0.99851 0.999921 0.999996
 0.649964 0.972437 0.99851 0.999921 0.999996
 0.649964 0.972437 0.99851 0.999921 0.999996
 0.649964 0.972437 0.99851 0.999921 0.999996
 0.649964 0.972437 0.99851 0.999921 0.999996
 0.649964 0.972437 0.99851 0.999921 0.999996
 0.649964 0.972437 0.99851 0.999921 0.999996
Sel_reclas
 1 1 1 1 1
 1 1 1 1 1
 1 1 1 1 1
 1 1 1 1 1
 1 1 1 1 1
 1 1 1 1 1
 1 1 1 1 1
 1 1 1 1 1
 1 1 1 1 1
 1 1 1 1 1
 1 1 1 1 1
 1 1 1 1 1
 1 1 1 1 1
 1 1 1 1 1
 1 1 1 1 1
 1 1 1 1 1
 1 1 1 1 1
 1 1 1 1 1
 1 1 1 1 1
 1 1 1 1 1
 1 1 1 1 1
 1 1 1 1 1
 1 1 1 1 1
 1 1 1 1 1
 1 1 1 1 1
 1 1 1 1 1
 1 1 1 1 1
 1 1 1 1 1
 1 1 1 1 1
 1 1 1 1 1
 1 1 1 1 1
Sel_pelaces
 1 1 1 1 1
 1 1 1 1 1
 1 1 1 1 1
 1 1 1 1 1
 1 1 1 1 1
 1 1 1 1 1
 1 1 1 1 1
 1 1 1 1 1
 1 1 1 1 1
 1 1 1 1 1
 1 1 1 1 1
 1 1 1 1 1
 1 1 1 1 1
 1 1 1 1 1
 1 1 1 1 1
 1 1 1 1 1
 1 1 1 1 1
 1 1 1 1 1
 1 1 1 1 1
 1 1 1 1 1
 1 1 1 1 1
 1 1 1 1 1
 1 1 1 1 1
 1 1 1 1 1
 1 1 1 1 1
 1 1 1 1 1
 1 1 1 1 1
 1 1 1 1 1
 1 1 1 1 1
 1 1 1 1 1
 1 1 1 1 1
pf_obs 
 0.8446 0.082 0.0669 0.0065 0
 0.8095 0.147 0.0364 0.0071 0
 0.9664 0.0169 0.016 0.0007 0
 0.9276 0.0648 0.0075 0.0001 0
 0.7033 0.2144 0.0806 0.0017 0
 0.9318 0.0425 0.0243 0.0014 0
 0.5671 0.3108 0.0964 0.0239 0.0018
 0.0768 0.2599 0.5324 0.112 0.0189
 0.490249 0.384438 0.106611 0.0170017 0.00170017
 0.7925 0.1577 0.0466 0.003 0.0002
 0.840416 0.127587 0.0312969 0.00059994 9.999e-05
 0.8084 0.0986 0.0794 0.0134 0.0002
 0.7335 0.1905 0.0724 0.0035 0.0001
 0.4001 0.4547 0.1325 0.0127 0
 0.49795 0.308269 0.164784 0.0264974 0.00249975
 0.9179 0.0499 0.0305 0.0017 0
 0.2467 0.6533 0.0926 0.0074 0
 0.9418 0.0223 0.034 0.0019 0
 0.707729 0.231977 0.0356964 0.0245975 0
 0.517169 0.277429 0.184464 0.0207286 0.00020938
 0.811772 0.124168 0.05621 0.00726502 0.000585176
 0.764997 0.148141 0.077277 0.00933861 0.000247198
 0.163321 0.427699 0.378323 0.0303852 0.000271297
 0.753843 0.0900009 0.118128 0.0371064 0.000921714
 0.721811 0.176058 0.0630433 0.0369309 0.00215725
 0.143369 0.312575 0.442814 0.0836902 0.0175525
 0.692698 0.0596174 0.167031 0.0765114 0.00414204
 0.394062 0.376323 0.152708 0.0712218 0.00568511
 0.125707 0.32114 0.495352 0.0537591 0.00404204
 0.23352 0.215282 0.420074 0.123614 0.00750983
 0.796117 0.104755 0.0508955 0.0450114 0.00322123
pf_pred 
 0.436211 0.173474 0.359218 0.0310964 9.17043e-07
 0.429463 0.31171 0.0812363 0.163462 0.0141291
 0.562768 0.239526 0.109631 0.0276761 0.0603991
 0.626449 0.252203 0.0674623 0.0299044 0.0239819
 0.657403 0.255452 0.0595909 0.0153326 0.012221
 0.857187 0.107407 0.0266098 0.00601843 0.00277809
 0.422711 0.523793 0.0405671 0.00972097 0.00320768
 0.446252 0.319137 0.213747 0.0158309 0.005033
 0.642813 0.198628 0.0925101 0.0601838 0.0058653
 0.812896 0.14298 0.024989 0.0111746 0.00796082
 0.861525 0.123396 0.011647 0.00194541 0.00148601
 0.753861 0.222762 0.0208963 0.00191662 0.000563787
 0.686254 0.263552 0.0455889 0.00411737 0.00048773
 0.642577 0.281862 0.063847 0.0106412 0.00107275
 0.759939 0.186478 0.0426768 0.00921897 0.00168706
 0.955071 0.0382253 0.00525529 0.00115371 0.000294166
 0.283699 0.69644 0.0169844 0.00225544 0.000620225
 0.904553 0.0365669 0.0572965 0.00135485 0.00022901
 0.557522 0.415087 0.0106951 0.0162474 0.000448382
 0.558733 0.295607 0.136927 0.00341373 0.00531967
 0.72971 0.181497 0.060118 0.026958 0.00171633
 0.717889 0.228579 0.0363142 0.0116639 0.0055541
 0.242202 0.608407 0.121787 0.0187364 0.0088681
 0.72878 0.0896531 0.146615 0.0285018 0.00644999
 0.580233 0.338932 0.0272464 0.0432855 0.0103027
 0.388998 0.415542 0.158723 0.0123958 0.024342
 0.733877 0.131399 0.0924595 0.0343305 0.00793363
 0.673941 0.264357 0.0309204 0.0211353 0.00964603
 0.262321 0.55991 0.144911 0.0164783 0.016379
 0.336218 0.232921 0.329233 0.0828676 0.0187607
 0.827092 0.0766657 0.0344313 0.0472494 0.0145617
pobs_RECLAS
 0 0 0 0 0
 0 0 0 0 0
 0 0 0 0 0
 0 0 0 0 0
 0 0 0 0 0
 0 0 0 0 0
 0 0 0 0 0
 0 0 0 0 0
 0 0 0 0 0
 0 0 0 0 0
 0.991045 0.00858322 0.000360255 1.14367e-05 0
 0.934742 0.0480273 0.0164251 0.00080598 0
 0.827803 0.169806 0.00239088 0 0
 0.941827 0.0461693 0.0120037 0 0
 0.791401 0.0380133 0.147996 0.0225897 0
 0.846168 0.0940531 0.0597789 0 0
 0.134021 0.677848 0.182769 0.00536245 0
 0.80878 0.0450904 0.141981 0.00414843 0
 0.846168 0.0940531 0.0597789 0 0
 0.905697 0.0802665 0.012482 0.00150086 5.37128e-05
 0.989698 0.0102097 9.19794e-05 0 0
 0.975433 0.0193895 0.00387452 0.00125025 5.28907e-05
 0.303575 0.632131 0.0575291 0.00676475 0
 0.966965 0.00978017 0.0227588 0.000495775 0
 0.843318 0.132988 0.00938335 0.0141283 0.000182051
 0.564624 0.303363 0.111486 0.0197234 0.00080311
 0.826376 0.0876187 0.0782897 0.00655872 0.00115652
 0.89761 0.0855135 0.0140674 0.00269457 0.000114338
 0.34875 0.467042 0.161289 0.0227151 0.000203297
 0.318654 0.224769 0.449479 0.00709798 0
 0.937255 0.0296025 0.0250945 0.00804832 0
ppred_RECLAS
 0.542847 0.143319 0.288863 0.0249699 7.36316e-07
 0.536449 0.256551 0.065036 0.130671 0.0112939
 0.66425 0.186286 0.082936 0.0209061 0.045621
 0.723975 0.188176 0.0488734 0.0216303 0.017345
 0.745273 0.191274 0.0434108 0.0111532 0.00888901
 0.901972 0.0742387 0.0178856 0.00403922 0.00186434
 0.537137 0.421188 0.0316159 0.00756334 0.00249549
 0.551233 0.261607 0.170538 0.0126124 0.00400947
 0.739499 0.146824 0.0663682 0.0431078 0.00420077
 0.873942 0.097056 0.016437 0.00733795 0.0052271
 0.903801 0.085976 0.00789893 0.00131747 0.00100627
 0.825799 0.158091 0.0144035 0.00131903 0.000387971
 0.771779 0.192592 0.032365 0.00291854 0.000345692
 0.742655 0.204316 0.04482 0.00745717 0.0007517
 0.832755 0.130794 0.0290412 0.00626328 0.00114607
 0.970284 0.0253898 0.00339305 0.000743756 0.000189624
 0.375045 0.608088 0.0144279 0.00191315 0.000526057
 0.935873 0.0249862 0.0380899 0.000899365 0.000152008
 0.65766 0.321714 0.00806101 0.0122276 0.000337421
 0.660158 0.229749 0.103502 0.00257657 0.0040148
 0.804827 0.132253 0.0426209 0.019084 0.00121493
 0.795344 0.166702 0.0257588 0.0082613 0.00393355
 0.326483 0.54364 0.105907 0.0162698 0.00770003
 0.804892 0.0656812 0.104541 0.0202933 0.00459206
 0.676885 0.26229 0.0205217 0.032555 0.00774811
 0.491534 0.348807 0.129687 0.0101136 0.0198589
 0.808277 0.0959848 0.0657341 0.024372 0.00563182
 0.757699 0.19747 0.0224827 0.0153457 0.00700315
 0.349912 0.496634 0.125125 0.0142079 0.0141212
 0.437675 0.200863 0.276299 0.0694431 0.0157203
 0.880233 0.053942 0.0235715 0.0322995 0.00995356
pobs_PELACES
 0 0 0 0 0
 0 0 0 0 0
 0 0 0 0 0
 0 0 0 0 0
 0 0 0 0 0
 0 0 0 0 0
 0 0 0 0 0
 0 0 0 0 0
 0 0 0 0 0
 0 0 0 0 0
 0 0 0 0 0
 0 0 0 0 0
 0 0 0 0 0
 0 0 0 0 0
 0 0 0 0 0
 0 0 0 0 0
 0.505614 0.472636 0.0217494 0 0
 0 0 0 0 0
 0.443492 0.261883 0.143347 0.151278 0
 0.227955 0.32914 0.350689 0.0885471 0.00366901
 0.970185 0.0296113 0.000203453 0 0
 0.997202 0.00247181 0.000326279 0 0
 0.445219 0.490057 0.0546422 0.010081 0
 0.90214 0.0892962 0.00764917 0.000914606 0
 0 0 0 0 0
 0.581667 0.319106 0.0959925 0.00289975 0.000334073
 0.762889 0.0836404 0.116647 0.0363945 0.000428098
 0.88444 0.0763242 0.0277011 0.0115352 0
 0.521256 0.241999 0.230069 0.00667565 0
 0.616807 0.101726 0.260614 0.0208532 0
 0.833518 0.0704572 0.0857862 0.0102388 0
ppred_PELACES
 0.54894 0.141592 0.284846 0.0246202 7.25999e-07
 0.547703 0.250732 0.0633366 0.127232 0.0109965
 0.674274 0.181016 0.0803055 0.0202391 0.0441652
 0.741352 0.176731 0.0455812 0.0201655 0.0161701
 0.752491 0.185997 0.0420851 0.0108108 0.00861607
 0.906485 0.0708931 0.0170091 0.00384042 0.00177257
 0.567004 0.394358 0.0293162 0.00700953 0.0023127
 0.557482 0.258178 0.16797 0.0124212 0.00394865
 0.758003 0.136862 0.0613917 0.0398589 0.00388409
 0.887152 0.0870885 0.0146025 0.00651548 0.0046411
 0.905715 0.0842819 0.00772951 0.00128909 0.000984592
 0.837091 0.147932 0.013391 0.00122588 0.000360566
 0.784758 0.181809 0.0303701 0.00273776 0.000324273
 0.767687 0.184854 0.0401161 0.00667064 0.000672395
 0.846668 0.120131 0.0264551 0.00570302 0.00104353
 0.972029 0.0239164 0.00318027 0.000696927 0.000177682
 0.383925 0.599497 0.0141809 0.00188008 0.000516959
 0.938213 0.0241194 0.0366562 0.000865371 0.000146261
 0.668995 0.311141 0.00776431 0.011775 0.000324926
 0.671066 0.222654 0.0999186 0.00248685 0.00387496
 0.810705 0.128395 0.0412545 0.0184692 0.00117578
 0.802848 0.160703 0.0247395 0.00793279 0.0037771
 0.332703 0.538854 0.10474 0.0160885 0.00761419
 0.809112 0.0643502 0.10221 0.0198386 0.00448913
 0.682537 0.257806 0.0201292 0.0319288 0.00759903
 0.497009 0.34524 0.128139 0.00999197 0.0196199
 0.812455 0.0939939 0.0642349 0.0238134 0.00550272
 0.761565 0.194381 0.0220937 0.0150788 0.00688133
 0.354162 0.493561 0.124167 0.014098 0.014012
 0.445336 0.198434 0.272308 0.0684312 0.0154911
 0.884046 0.0523093 0.0227933 0.0312284 0.00962341
pobs_pel_tallas
 0 0 0 0 0 0 0 0 0 0 0 0 0 0 0 0 0 0 0 0 0 0 0 0 0 0
 0 0 0 0 0 0 0 0 0 0 0 0 0 0 0 0 0 0 0 0 0 0 0 0 0 0
 0 0 0 0 0 0 0 0 0 0 0 0 0 0 0 0 0 0 0 0 0 0 0 0 0 0
 0 0 0 0 0 0 0 0 0 0 0 0 0 0 0 0 0 0 0 0 0 0 0 0 0 0
 0 0 0 0 0 0 0 0 0 0 0 0 0 0 0 0 0 0 0 0 0 0 0 0 0 0
 0 0 0 0 0 0 0 0 0 0 0 0 0 0 0 0 0 0 0 0 0 0 0 0 0 0
 0 0 0 0 0 0 0 0 0 0 0 0 0 0 0 0 0 0 0 0 0 0 0 0 0 0
 0 0 0 0 0 0 0 0 0 0 0 0 0 0 0 0 0 0 0 0 0 0 0 0 0 0
 0 0 0 0 0 0 0 0 0 0 0 0 0 0 0 0 0 0 0 0 0 0 0 0 0 0
 0 0 0 0 0 0 0 0 0 0 0 0 0 0 0 0 0 0 0 0 0 0 0 0 0 0
 0 0 0 0 0 0 0 0 0 0 0 0 0 0 0 0 0 0 0 0 0 0 0 0 0 0
 0 0 0 0 0 0 0 0 0 0 0 0 0 0 0 0 0 0 0 0 0 0 0 0 0 0
 0.00862536 0 0 0.000197151 0.00414017 0.0128641 0.00837892 0.0270097 0.101434 0.158115 0.152841 0.127902 0.109271 0.109419 0.0830992 0.0579132 0.0238553 0.00714673 0.00463305 0.00128148 0.00103504 0.000492878 0.000147863 0.000147863 4.92878e-05 0
 0 0 0 0 0 0 0 0 0 0 0 0 0 0 0 0 0 0 0 0 0 0 0 0 0 0
 0 0 0 0 0 0 0 0.0054083 0.00873648 0.0413646 0.0450493 0.0745869 0.0622846 0.0627006 0.0613931 0.0827291 0.12552 0.122667 0.0946155 0.0697135 0.0546179 0.0294188 0.0215738 0.0213955 0.0102223 0.00600262
 0 0 0 0 0.00359764 0.0251062 0.0480494 0.140153 0.205849 0.193036 0.1447 0.116669 0.0760912 0.0342217 0.00950174 0.001854 0.000860785 0 0 0 0.000165536 0 0.000143464 0 0 0
 0 0 0 0 0 0 0 0.000145254 0.000435761 0.0275982 0.070085 0.0708112 0.156366 0.174668 0.174014 0.160142 0.0824315 0.0480064 0.0283245 0.00493863 0.00203355 0 0 0 0 0
 0 0 0 0 0 0 0 0 0 0 0 0 0 0 0 0 0 0 0 0 0 0 0 0 0 0
 0 0 1.00437e-05 0.000401748 0.00122533 0.00171747 0.00176769 0.0269171 0.070346 0.194647 0.189555 0.159765 0.064822 0.0314167 0.0384472 0.0292271 0.0345202 0.0313363 0.0194345 0.0106764 0.0143323 0.0359363 0.0279516 0.0138201 0.00172751 0
 0 0.0021121 0.0136068 0.0755702 0.200478 0.177729 0.0527432 0.0373336 0.0318909 0.0142505 0.0149659 0.0166563 0.0217959 0.0798694 0.0677717 0.0528807 0.04013 0.0224614 0.0357745 0.0225083 0.00881397 0.00855152 0.00135912 0.000746735 0 0
 0 0 0 0 5.4009e-05 0.00500934 0.000945158 0.0243581 0.138947 0.33067 0.221406 0.137944 0.0707744 0.0437923 0.0131692 0.00525238 0.0047753 0.00276346 9.45158e-05 9.00151e-06 2.25038e-05 9.00151e-06 4.50075e-06 0 0 0
 0.000866109 0.00284123 0.00948549 0.0512746 0.133035 0.25785 0.225252 0.132002 0.0553304 0.0519788 0.0540692 0.017754 0.00435017 0.00159236 0.00146478 0.000404838 0.000125132 0.000115318 0.000107957 0.000100596 0 0 0 0 0 0
 0 0 0 0 0.00144013 0.00171154 0.00461396 0.0210425 0.0478622 0.0707936 0.0888783 0.103762 0.0637923 0.0337046 0.0602308 0.124433 0.169614 0.0934646 0.0462172 0.0250306 0.0313229 0.00938855 0.002487 0.000210481 0 0
 0 0.00764035 0.051015 0.0998891 0.058973 0.0496711 0.0374665 0.0718981 0.12319 0.153886 0.159021 0.0857701 0.0377988 0.023471 0.0147837 0.00900784 0.00315554 0.000888139 0.00291439 0.00214683 0.00393193 0.00274676 0.000635225 9.99891e-05 0 0
 0 0 0 0 0 0 0 0 0 0 0 0 0 0 0 0 0 0 0 0 0 0 0 0 0 0
 0 0 0 0 0 0 0 0 0 0 0 0 0 0 0 0 0 0 0 0 0 0 0 0 0 0
 0 0 0 0 0 0 0 0 0 0 0 0 0 0 0 0 0 0 0 0 0 0 0 0 0 0
 0 0 0 0 0 0 0 0 0 0 0 0 0 0 0 0 0 0 0 0 0 0 0 0 0 0
 0 0 0 0 0 0 0 0 0 0 0 0 0 0 0 0 0 0 0 0 0 0 0 0 0 0
 0 0 0 0 0 0 0 0 0 0 0 0 0 0 0 0 0 0 0 0 0 0 0 0 0 0
 0 0 0 0 0 0 0 0 0 0 0 0 0 0 0 0 0 0 0 0 0 0 0 0 0 0
ppred_pel_tallas
 1.10726e-16 4.52155e-05 0.000439511 0.00292071 0.0132771 0.0413101 0.0880161 0.128465 0.128479 0.088085 0.0415427 0.0139542 0.00464016 0.00425904 0.00749217 0.0128169 0.0196266 0.0271086 0.0343756 0.04088 0.0464826 0.0510486 0.0540011 0.0543651 0.0513552 0.0450138
 1.16513e-16 4.51136e-05 0.000438521 0.00291413 0.0132472 0.0412171 0.0878183 0.128178 0.128203 0.0879369 0.0416154 0.014399 0.00581018 0.00677749 0.0121357 0.020134 0.0293537 0.037709 0.0431577 0.0448996 0.0438895 0.0421337 0.0413071 0.0417669 0.0425817 0.0423309
 1.11868e-16 5.55391e-05 0.00053986 0.00358756 0.0163085 0.050742 0.108112 0.157796 0.157814 0.108198 0.0510303 0.0171425 0.005686 0.00513739 0.00883664 0.0146529 0.0214187 0.027616 0.0317472 0.0331682 0.0324595 0.0309575 0.0298245 0.0293997 0.0292254 0.0285451
 1.0612e-16 6.10642e-05 0.000593566 0.00394446 0.0179309 0.0557899 0.118867 0.173493 0.17351 0.11895 0.0560702 0.0187411 0.0059801 0.00504429 0.00853449 0.014068 0.0203932 0.0259353 0.0291391 0.0293127 0.0270338 0.0237226 0.0207309 0.0186621 0.017327 0.0161644
 1.03805e-16 6.19817e-05 0.000602484 0.00400372 0.0182003 0.0566281 0.120653 0.1761 0.176118 0.120741 0.0569228 0.0190519 0.00614257 0.00527618 0.0089517 0.0147366 0.0213074 0.0269754 0.0300618 0.0297969 0.0267646 0.0224729 0.0184103 0.0153296 0.0131799 0.0115112
 1.01195e-16 7.4666e-05 0.00072578 0.00482306 0.0219249 0.0682167 0.145343 0.212134 0.212141 0.145377 0.068329 0.0222496 0.00563853 0.00250782 0.00346459 0.00562395 0.00812818 0.0102926 0.0114726 0.0113708 0.0102031 0.00853671 0.00693331 0.0056804 0.00476792 0.00404145
 1.02042e-16 4.67034e-05 0.000453974 0.00301682 0.013714 0.0426697 0.0909136 0.132699 0.132737 0.0910991 0.0432924 0.0155121 0.007528 0.0102949 0.0187158 0.0308129 0.0442553 0.0553842 0.0605011 0.0578999 0.0488934 0.0369503 0.025663 0.0171149 0.0115789 0.00825299
 1.06828e-16 4.59191e-05 0.00044635 0.00296616 0.0134837 0.041953 0.0893863 0.130467 0.130492 0.0895089 0.0423655 0.0146779 0.00597339 0.00704353 0.0126697 0.0211189 0.0309889 0.0401535 0.0464278 0.0487277 0.0475819 0.0445177 0.0408851 0.0371275 0.0329574 0.0280338
 1.06462e-16 6.24357e-05 0.000606898 0.00403305 0.0183337 0.0570429 0.121536 0.177389 0.177402 0.121601 0.057261 0.0189645 0.00562055 0.00408565 0.00670855 0.0110964 0.0162281 0.0209421 0.0241021 0.0252059 0.0246575 0.0234114 0.0222806 0.0214729 0.0206461 0.0193092
 1.01883e-16 7.30736e-05 0.000710301 0.0047202 0.0214574 0.0667619 0.142243 0.20761 0.207619 0.142285 0.0668997 0.0218555 0.00572002 0.00289395 0.00422339 0.00687514 0.0099182 0.01252 0.013888 0.013666 0.0121429 0.010052 0.00812004 0.00671946 0.00582501 0.00520081
 1.00541e-16 7.46026e-05 0.000725163 0.00481897 0.0219063 0.0681588 0.14522 0.211954 0.211962 0.145259 0.0682919 0.0222908 0.00578362 0.00282988 0.00406849 0.00659917 0.00947837 0.0118753 0.0129984 0.0124834 0.0106085 0.00810832 0.00574165 0.00394479 0.00277062 0.00204753
 1.00609e-16 6.89501e-05 0.000670219 0.00445384 0.0202465 0.0629946 0.134217 0.195897 0.195911 0.134287 0.0632282 0.0209212 0.00614677 0.00436371 0.00707708 0.0115735 0.0166245 0.0208184 0.0227648 0.0218196 0.018466 0.0139921 0.00973331 0.0064665 0.00430161 0.00295681
 1.01253e-16 6.46395e-05 0.000628319 0.0041754 0.0189808 0.0590564 0.125827 0.183651 0.183669 0.125912 0.059344 0.0198116 0.0062611 0.00518219 0.00871547 0.0143115 0.0206215 0.025953 0.028621 0.0278374 0.024165 0.0191168 0.0142392 0.0103989 0.00768617 0.00577114
 1.01988e-16 6.32334e-05 0.000614651 0.00408458 0.0185679 0.0577717 0.123089 0.179656 0.179674 0.123177 0.0580645 0.0194138 0.00620886 0.00525536 0.00888664 0.0146169 0.0211089 0.0266664 0.0295974 0.0291103 0.025763 0.0210482 0.0164671 0.0128247 0.0101568 0.00811264
 1.01543e-16 6.97389e-05 0.000677887 0.0045048 0.0204782 0.0637152 0.135752 0.198137 0.198149 0.135809 0.0639055 0.021028 0.0058856 0.00369463 0.00580621 0.00950705 0.0137318 0.0173582 0.0192892 0.0190145 0.0168996 0.0139137 0.0110265 0.00874934 0.00709023 0.00580656
 1.00198e-16 8.00647e-05 0.000778258 0.0051718 0.0235102 0.0731491 0.155852 0.227471 0.227473 0.155863 0.0731869 0.0236194 0.00544591 0.00137659 0.00121623 0.00188345 0.00270419 0.00339775 0.00373779 0.00362138 0.00312535 0.00245311 0.00181258 0.00132028 0.000986795 0.000763627
 1.00839e-16 3.16235e-05 0.000307392 0.00204273 0.00928599 0.0288925 0.0615606 0.0898616 0.0899193 0.0618423 0.0298381 0.0120156 0.00888875 0.0152334 0.0283231 0.0466275 0.0668218 0.0833055 0.0903929 0.085463 0.0705608 0.0511062 0.0327835 0.0189949 0.010321 0.0055799
 1.01176e-16 7.72793e-05 0.000751183 0.00499187 0.0226923 0.0706043 0.15043 0.219557 0.21956 0.150442 0.0706435 0.0228062 0.00528024 0.00138878 0.00131181 0.00210768 0.00317074 0.00428127 0.00526057 0.00600755 0.00652128 0.00683856 0.00694789 0.00677048 0.00622792 0.00532966
 1.0154e-16 5.51043e-05 0.000535633 0.00355947 0.0161809 0.0503448 0.107266 0.156564 0.156594 0.107412 0.0508357 0.0175979 0.00711373 0.00828577 0.0147482 0.0242273 0.0347386 0.0433598 0.0471582 0.0447965 0.0373529 0.0276392 0.0185753 0.0118648 0.00772633 0.00546689
 1.03846e-16 5.52749e-05 0.000537291 0.00357049 0.0162309 0.0505006 0.107598 0.157047 0.157068 0.107703 0.0508549 0.0172555 0.00614719 0.00617859 0.0108167 0.0179181 0.0260915 0.0333994 0.0378757 0.0385661 0.0360196 0.03178 0.027329 0.0233557 0.0197893 0.0163126
 1.03275e-16 6.67767e-05 0.000649094 0.00431346 0.0196084 0.0610089 0.129986 0.189722 0.189734 0.130047 0.0612128 0.0201978 0.00579503 0.00389015 0.00624217 0.0102668 0.0149084 0.0190136 0.0214526 0.0217071 0.0201578 0.0177763 0.0154815 0.0136759 0.0122401 0.010846
 1.0219e-16 6.61296e-05 0.000642803 0.00427165 0.0194183 0.0604177 0.128727 0.187884 0.187899 0.128803 0.0606719 0.0201526 0.00611516 0.00466801 0.00771318 0.0126534 0.0182374 0.0229692 0.025372 0.0247684 0.0216788 0.0174577 0.0134717 0.0104582 0.00843819 0.00704493
 1.06063e-16 2.74044e-05 0.000266381 0.0017702 0.00804709 0.0250378 0.0533475 0.0778731 0.0779251 0.0536015 0.0258908 0.0105115 0.0079582 0.0137818 0.0257157 0.0425222 0.0613729 0.0774276 0.0857496 0.0840362 0.073951 0.0599169 0.0463989 0.0358161 0.0282932 0.0227614
 1.05716e-16 6.66455e-05 0.000647818 0.00430498 0.0195698 0.060889 0.129731 0.189347 0.189353 0.129762 0.0609939 0.0198748 0.00507777 0.00235911 0.00338801 0.00568217 0.00861531 0.0117482 0.0146584 0.0171235 0.0191696 0.0208813 0.0221539 0.0226421 0.0219665 0.0199946
 1.05135e-16 5.62197e-05 0.000546476 0.00363153 0.0165084 0.0513639 0.109437 0.159732 0.159757 0.109558 0.0517713 0.0176848 0.00658386 0.00698963 0.0122882 0.0202152 0.0290958 0.0365617 0.0402561 0.0391354 0.0341155 0.0274722 0.0214775 0.0173182 0.0149248 0.013519
 1.08109e-16 4.09381e-05 0.000397933 0.0026444 0.0120211 0.0374023 0.0796907 0.116318 0.116351 0.079854 0.0379508 0.0136071 0.00663152 0.00912185 0.0166679 0.0276436 0.0401748 0.0512669 0.0578692 0.058544 0.0542497 0.0475399 0.0408729 0.035398 0.0309417 0.0267993
 1.05198e-16 6.69209e-05 0.000650495 0.00432277 0.0196507 0.0611406 0.130267 0.19013 0.190139 0.130312 0.061291 0.0200864 0.00542071 0.00306162 0.00468835 0.0077562 0.0114293 0.0149287 0.0175032 0.0188082 0.0190708 0.0188402 0.0185381 0.0181892 0.0175088 0.0162
 1.03365e-16 6.27292e-05 0.00060975 0.004052 0.0184198 0.057311 0.122108 0.178224 0.178243 0.122199 0.0576183 0.0193074 0.0062797 0.00547247 0.00929712 0.0152694 0.0219895 0.0276573 0.0304899 0.0296845 0.0259035 0.0208296 0.0161531 0.0127744 0.0106833 0.0093614
 1.07495e-16 2.91719e-05 0.000283562 0.00188437 0.0085661 0.0266526 0.0567879 0.0828935 0.0829412 0.0570208 0.0274348 0.0108266 0.00756263 0.0126927 0.023636 0.0391318 0.0566074 0.0716835 0.0798903 0.0791354 0.0708927 0.059084 0.0476142 0.0385158 0.0317881 0.0264447
 1.17394e-16 3.66818e-05 0.00035656 0.00236947 0.0107713 0.0335135 0.0714048 0.104221 0.104241 0.0715004 0.0338357 0.011707 0.00473798 0.00559216 0.0101716 0.0172602 0.0260387 0.0352217 0.0434702 0.0501144 0.0553518 0.0596626 0.0629882 0.0644696 0.0629841 0.0579789
 1.05432e-16 7.28177e-05 0.000707814 0.00470367 0.0213822 0.066528 0.141745 0.206882 0.206887 0.14177 0.0666115 0.0216238 0.00531211 0.00204265 0.00262793 0.00428368 0.00629701 0.0082133 0.00963777 0.0104306 0.0107942 0.011113 0.0116607 0.0124076 0.0130514 0.0132134
pSPR Fmed_Fpbrs
0.518621   0.247976 0.247976
Fs Fmed_Fpbrs
0.409308   1.005 1.005
SSBpbr Bo_Bmed_Bpbrs
1.6107e+06  754806  318878 318878
Ro
130614
SPR SPRFo_SPRFmed_SPRFpbrs
932271 483496 231181
Fref
1.005
Nvult_r0
 165978 11182.9 4923.01 6748.59 2079.72
CTP_r0
 29271.8 2713.29 1218.56 1672.21 515.356
YTP_r0
391258
Np
 188720 36127.4 9706.44 549.465 270.886
Nvult_p0
 152593 31125.8 8397.41 475.468 234.408
CTP_p0
 60292.2 29855.8 1765.49 768.886 1332.15
 60292.2 15384.2 4206.04 238.318 117.496
YTP_p0
 1.02791e+06 800919
CBA_c0
959815
log_Ro
11.6
likeval ReclasPelacesDesembMPH_pf_preclas_ppelaces_ptallas_desvR_qrecl_qpela
 10.7043 27.9067 0.0110399 0.000872233 241.157 116.818 99.9753 0 31.8867 2.4475e-06 0 0.0192694 0 0 0
q_reclas_q_pelaces
1.24818 1
M
1
N
 150762 41232.4 83342.3 7205.39 0.212475
 94153.5 48110.7 12261.6 24643.2 2129.94
 88515.3 26522.1 11871.2 2993.29 6532.02
 84164.9 24938.4 6546.02 2898.78 2324.56
 67203.1 18259 4163.13 1069.86 852.688
 220936 19648.6 4763.47 1076.13 496.708
 63256.7 59486.2 4531.33 1084.87 357.965
 22712.6 11186.2 7314 541.007 171.987
 31384.4 7195.68 3290.69 2138.73 208.422
 48279.7 6463.71 1111.34 496.539 353.719
 85004.1 8360.5 770.183 128.478 98.1317
 126494 27336.6 2515.13 230.452 67.7853
 102222 28547.9 4841.34 436.787 51.7374
 70956.6 23888.6 5326.61 887.027 89.4185
 63138.8 11567.4 2600.55 561.236 102.7
 434686 12487 1681.37 368.708 94.0056
 63956.8 109783 2616.81 347.077 95.4368
 661315 18696.9 28634.6 676.278 114.304
 365702 193122 4868.97 7388.14 203.879
 264136 98823.4 44781.1 1115.13 1737.62
 417712 72585.1 23497.8 10524 669.986
 545849 122675 19063 6115.69 2911.98
 87288.7 151581 29630.2 4552.71 2154.69
 319545 27111.2 43287.5 8404.3 1901.78
 249445 100475 7885.88 12512.1 2977.91
 107102 78502.2 29263.7 2282.44 4481.8
 279912 34581.9 23758.9 8810.51 2035.93
 326383 87792.1 10021 6840.88 3121.92
 72444.7 105709 26692.7 3031.31 3012.84
 49665.9 23835.6 32906.1 8272.02 1872.61
 236089 15257.2 6695.76 9177.17 2828.11
pred_Ctot
 12779.8 5082.29 10524.1 911.036 0.0268668
 14250.1 10342.9 2695.52 5423.85 468.82
 13388.6 5698.48 2608.19 658.431 1436.93
 22777.1 9169.86 2452.87 1087.3 871.959
 8883.27 3451.84 805.231 207.185 165.138
 38405.9 4812.32 1192.24 269.653 124.471
 22015.8 27280.3 2112.82 506.29 167.063
 2017.38 1442.73 966.291 71.567 22.7528
 9149.14 2827.06 1316.69 856.594 83.4805
 17153.7 3017.16 527.316 235.806 167.989
 6835.6 979.063 92.4107 15.4355 11.7904
 32149.4 9499.97 891.15 81.7367 24.0434
 24449.7 9389.8 1624.23 146.693 17.3767
 26647.7 11688.8 2647.74 441.29 44.4871
 19397.8 4759.93 1089.34 235.318 43.0628
 88802.7 3554.2 488.638 107.272 27.3516
 8458.74 20765 506.403 67.2479 18.4925
 87830.1 3550.56 5563.36 131.553 22.2364
 62918.4 46844.1 1206.98 1833.58 50.6016
 43257.6 22886.1 10601 264.294 411.854
 54240.6 13491 4468.68 2003.83 127.578
 86539.2 27554.5 4377.57 1406.04 669.529
 8711.84 21884 4380.6 673.936 318.98
 29724.5 3656.65 5979.93 1162.49 263.073
 23082.6 13483.2 1083.9 1721.96 409.859
 8368.47 8939.51 3414.58 266.669 523.666
 26428.7 4731.98 3329.69 1236.32 285.709
 24933.9 9780.47 1143.97 781.948 356.876
 4881.82 10420 2696.81 306.662 304.815
 5255.43 3640.79 5146.26 1295.31 293.249
 29271.8 2713.29 1218.56 1672.21 515.356
F
 0.1422 0.212751 0.218455 0.218764 0.21878
 0.266949 0.399392 0.410101 0.410681 0.410711
 0.266767 0.399121 0.409822 0.410401 0.410432
 0.528119 0.790139 0.811325 0.812472 0.812532
 0.229713 0.343682 0.352897 0.353396 0.353422
 0.312131 0.466991 0.479512 0.48019 0.480226
 0.732522 1.09595 1.12534 1.12693 1.12701
 0.149441 0.223584 0.229579 0.229903 0.22992
 0.580106 0.867918 0.89119 0.892449 0.892515
 0.753493 1.12733 1.15756 1.15919 1.15928
 0.134475 0.201192 0.206587 0.206879 0.206894
 0.488614 0.731034 0.750635 0.751695 0.751751
 0.453748 0.678869 0.697072 0.698057 0.698109
 0.813882 1.21768 1.25033 1.2521 1.25219
 0.620648 0.928575 0.953473 0.95482 0.954891
 0.376122 0.562731 0.577819 0.578636 0.578679
 0.22985 0.343887 0.353108 0.353607 0.353633
 0.230911 0.345474 0.354738 0.355239 0.355265
 0.308484 0.461535 0.47391 0.474579 0.474615
 0.291703 0.436429 0.44813 0.448764 0.448797
 0.225255 0.337013 0.346049 0.346538 0.346564
 0.28122 0.420743 0.432025 0.432635 0.432667
 0.169275 0.253259 0.260049 0.260417 0.260436
 0.156986 0.234872 0.24117 0.241511 0.241529
 0.156111 0.233564 0.239826 0.240165 0.240183
 0.130449 0.19517 0.200403 0.200686 0.200701
 0.159505 0.238642 0.24504 0.245387 0.245405
 0.127383 0.190582 0.195692 0.195969 0.195983
 0.111642 0.167032 0.171511 0.171753 0.171766
 0.180269 0.269707 0.276939 0.27733 0.277351
 0.214122 0.320356 0.328946 0.329411 0.329435
YTP_r0W_actual
 242956 38257.4 33632.3 57189.6 19222.8
YTP_p0W_proyectada
 451588 467841 40835.7 22582.2 45066.6
 451588 241071 97285.8 6999.39 3974.89
CTP_r0_actual
 29271.8 2713.29 1218.56 1672.21 515.356
CTP_p0_proyectada
 60292.2 29855.8 1765.49 768.886 1332.15
 60292.2 15384.2 4206.04 238.318 117.496
Wmedp
 7.49 15.67 23.13 29.37 33.83
Frms_r0
 0.214122 0.320356 0.328946 0.329411 0.329435
Zrms_r0
 1.21412 1.32036 1.32895 1.32941 1.32944
nmprior
 8.19 8.8 8.5 0
nm_flota  nm_reclas  nm_pelaces    nm_pelaL
inf 15.9623 13.6182 29.8094
cv_recla  cv_pelaces  cv_mph
0.295941 0.598999 0.911426
 ------------------------------------------------
Talla a la edad & desviaci?n 
 8 13.2811 15.8009 17.003 17.5766
 0.8 1.32811 1.58009 1.7003 1.75766
