years
 1991 1992 1993 1994 1995 1996 1997 1998 1999 2000 2001 2002 2003 2004 2005 2006 2007 2008 2009 2010 2011 2012 2013 2014 2015 2016 2017 2018 2019 2020 2021
reclasobs
 0 0 0 0 0 0 0 0 0 252601 567819 844713 477998 351125 339783 2.1784e+06 2.13404e+06 4.81314e+06 1.55562e+06 2.62356e+06 3.21686e+06 3.843e+06 1.13348e+06 3.07943e+06 1.97215e+06 2.03268e+06 2.025e+06 2.42433e+06 2.27542e+06 1.05018e+06 2.36338e+06
reclaspred
 2.82075e+06 1.51448e+06 743828 488494 341039 1.24557e+06 575538 397494 295832 225895 407670 607835 594514 418044 382769 1.56415e+06 1.30757e+06 3.50175e+06 2.85177e+06 1.95649e+06 3.5589e+06 2.92227e+06 2.06603e+06 3.32194e+06 2.36825e+06 1.9632e+06 2.58175e+06 3.04652e+06 2.36828e+06 1.26317e+06 1.82126e+06
pelacesobs
 0 0 0 0 0 0 0 0 0 0 0 0 0 0 0 552880 188675 0 991730 2.46772e+06 1.41603e+06 1.21717e+06 2.29649e+06 1.80582e+06 0 1.4828e+06 1.56532e+06 1.57751e+06 1.42118e+06 867257 1.10002e+06
pelacespred
 907253 520981 245457 122672 97140.2 397887 139201 142179 86400.8 62317.5 133366 165966 181122 126870 119832 441934 372109 1.18784e+06 969774 612296 1.11922e+06 954438 683516 1.22924e+06 831675 690570 1.04495e+06 1.20726e+06 776767 473579 659418
mphobs
 0 0 0 0 0 0 0 0 0 0 0 498337 0 5186 125008 0 168611 109162 213762 579715 649985 157893 87575 83554 0 0 0 0 0 0 0
mphpred
 434662 272658 128446 65993.9 38323.5 35129.8 112167 44297.7 33334.7 19871 15236.4 47222.5 54080.4 42544.5 23485.3 29075.6 177548 140006 348094 250968 245834 321330 306652 222940 328667 255414 195897 236579 372447 230791 117374
desembarqueobs
 494567 514787 250237 358949 120608 361735 552515 73892 212993 205616 52469 317467 293654 387597 252695 516296 358380 742168 942051 627588 828172 859565 418607 520667 417249 300574 415391 372974 316634 284311 391294
desembarquepred
 494542 514625 249919 358955 120600 361638 552185 73889.5 212948 205569 52468.3 317417 293583 387355 252585 516103 358353 741902 941406 627164 828068 859292 418538 520623 417175 300515 415315 372896 316573 284254 391236
Reclutas
 134060 96759.8 83305.7 65173 48402.3 238047 54365.1 18257.7 29588.1 48218.5 78494.9 123522 98725.9 68957.5 58680.9 425244 54192.8 653422 352658 247274 405639 528661 75012.2 304664 230765 96085.4 267429 318133 64044 41129 208833
log_desv_Rt
 0.10942 -0.216633 -0.366347 -0.611819 -0.909317 0.683604 -0.793143 -1.88428 -1.40149 -0.913122 -0.425831 0.0275557 -0.196518 -0.555375 -0.716751 1.2638 -0.796316 1.69336 1.07663 0.721631 1.2166 1.48148 -0.471214 0.930344 0.652537 -0.223628 0.79999 0.973605 -0.629295 -1.07215 0.552671
SSB
 1.80081e+06 1.12963e+06 532153 273413 158775 145543 464708 183526 138106 82325.8 63124.4 195643 224056 176262 97300 120460 735581 580048 1.44216e+06 1.03976e+06 1.01849e+06 1.33127e+06 1.27046e+06 923644 1.36167e+06 1.05818e+06 811605 980148 1.54305e+06 956170 486281
BT
 2.51841e+06 1.70743e+06 805681 579389 323664 1.23326e+06 801791 394857 406016 337407 351640 644565 681941 692459 529197 1.4317e+06 1.13876e+06 3.4023e+06 3.1352e+06 1.98491e+06 3.25594e+06 3.00219e+06 1.94134e+06 3.32424e+06 2.31153e+06 1.86307e+06 2.83972e+06 3.16137e+06 2.0554e+06 1.37986e+06 1.90025e+06
Ftot
 0.243498 0.463581 0.466272 1.02603 0.53401 0.537267 1.23022 0.278586 1.10423 1.40784 0.240199 0.838754 0.776734 1.41018 1.11919 0.630315 0.386013 0.383032 0.502948 0.486412 0.376885 0.465739 0.283798 0.265968 0.264112 0.224751 0.273023 0.211547 0.182621 0.307553 0.372932
BD_Bspro_t
 0.962033 0.745988 0.524379 0.396199 0.265902 0.304766 0.477483 0.232384 0.240157 0.189999 0.192168 0.500777 0.40027 0.305285 0.190943 0.231238 0.524218 0.453744 0.60967 0.499758 0.451258 0.51502 0.533854 0.496184 0.621643 0.619253 0.61316 0.679072 0.750594 0.656905 0.539101
BD_Bspro
 2.09657 1.31516 0.619554 0.318319 0.184852 0.169447 0.541031 0.213668 0.160789 0.095847 0.073492 0.227776 0.260855 0.205211 0.113281 0.140245 0.856393 0.675315 1.67902 1.21054 1.18577 1.54992 1.47912 1.07534 1.58531 1.23198 0.944902 1.14113 1.79648 1.11321 0.566147
BD_Bo
 1.14426 0.717783 0.338139 0.173731 0.100888 0.0924804 0.295283 0.116615 0.0877548 0.0523111 0.0401103 0.124315 0.142369 0.112 0.061826 0.0765425 0.4674 0.368572 0.916371 0.660683 0.647166 0.845912 0.807272 0.586898 0.865228 0.672387 0.515707 0.622801 0.980479 0.607565 0.30899
BD_Brms
 5.58975 3.50639 1.65182 0.848681 0.49284 0.451769 1.44246 0.569668 0.428684 0.255541 0.19594 0.607281 0.695474 0.547122 0.302021 0.373912 2.28326 1.80048 4.47649 3.22745 3.16142 4.1323 3.94354 2.86701 4.22666 3.28463 2.51924 3.0424 4.78966 2.96797 1.50943
Sel_flota
 0.625186 0.969411 0.998342 0.999913 0.999995
 0.625186 0.969411 0.998342 0.999913 0.999995
 0.625186 0.969411 0.998342 0.999913 0.999995
 0.625186 0.969411 0.998342 0.999913 0.999995
 0.625186 0.969411 0.998342 0.999913 0.999995
 0.625186 0.969411 0.998342 0.999913 0.999995
 0.625186 0.969411 0.998342 0.999913 0.999995
 0.625186 0.969411 0.998342 0.999913 0.999995
 0.625186 0.969411 0.998342 0.999913 0.999995
 0.625186 0.969411 0.998342 0.999913 0.999995
 0.625186 0.969411 0.998342 0.999913 0.999995
 0.625186 0.969411 0.998342 0.999913 0.999995
 0.625186 0.969411 0.998342 0.999913 0.999995
 0.625186 0.969411 0.998342 0.999913 0.999995
 0.625186 0.969411 0.998342 0.999913 0.999995
 0.625186 0.969411 0.998342 0.999913 0.999995
 0.625186 0.969411 0.998342 0.999913 0.999995
 0.625186 0.969411 0.998342 0.999913 0.999995
 0.625186 0.969411 0.998342 0.999913 0.999995
 0.625186 0.969411 0.998342 0.999913 0.999995
 0.625186 0.969411 0.998342 0.999913 0.999995
 0.625186 0.969411 0.998342 0.999913 0.999995
 0.625186 0.969411 0.998342 0.999913 0.999995
 0.625186 0.969411 0.998342 0.999913 0.999995
 0.625186 0.969411 0.998342 0.999913 0.999995
 0.625186 0.969411 0.998342 0.999913 0.999995
 0.625186 0.969411 0.998342 0.999913 0.999995
 0.625186 0.969411 0.998342 0.999913 0.999995
 0.625186 0.969411 0.998342 0.999913 0.999995
 0.625186 0.969411 0.998342 0.999913 0.999995
 0.625186 0.969411 0.998342 0.999913 0.999995
Sel_reclas
 1 1 1 1 1
 1 1 1 1 1
 1 1 1 1 1
 1 1 1 1 1
 1 1 1 1 1
 1 1 1 1 1
 1 1 1 1 1
 1 1 1 1 1
 1 1 1 1 1
 1 1 1 1 1
 1 1 1 1 1
 1 1 1 1 1
 1 1 1 1 1
 1 1 1 1 1
 1 1 1 1 1
 1 1 1 1 1
 1 1 1 1 1
 1 1 1 1 1
 1 1 1 1 1
 1 1 1 1 1
 1 1 1 1 1
 1 1 1 1 1
 1 1 1 1 1
 1 1 1 1 1
 1 1 1 1 1
 1 1 1 1 1
 1 1 1 1 1
 1 1 1 1 1
 1 1 1 1 1
 1 1 1 1 1
 1 1 1 1 1
Sel_pelaces
 1 1 1 1 1
 1 1 1 1 1
 1 1 1 1 1
 1 1 1 1 1
 1 1 1 1 1
 1 1 1 1 1
 1 1 1 1 1
 1 1 1 1 1
 1 1 1 1 1
 1 1 1 1 1
 1 1 1 1 1
 1 1 1 1 1
 1 1 1 1 1
 1 1 1 1 1
 1 1 1 1 1
 1 1 1 1 1
 1 1 1 1 1
 1 1 1 1 1
 1 1 1 1 1
 1 1 1 1 1
 1 1 1 1 1
 1 1 1 1 1
 1 1 1 1 1
 1 1 1 1 1
 1 1 1 1 1
 1 1 1 1 1
 1 1 1 1 1
 1 1 1 1 1
 1 1 1 1 1
 1 1 1 1 1
 1 1 1 1 1
pf_obs 
 0.8446 0.082 0.0669 0.0065 0
 0.8095 0.147 0.0364 0.0071 0
 0.9664 0.0169 0.016 0.0007 0
 0.9276 0.0648 0.0075 0.0001 0
 0.7033 0.2144 0.0806 0.0017 0
 0.9318 0.0425 0.0243 0.0014 0
 0.5671 0.3108 0.0964 0.0239 0.0018
 0.0768 0.2599 0.5324 0.112 0.0189
 0.490249 0.384438 0.106611 0.0170017 0.00170017
 0.7925 0.1577 0.0466 0.003 0.0002
 0.840416 0.127587 0.0312969 0.00059994 9.999e-05
 0.8084 0.0986 0.0794 0.0134 0.0002
 0.7335 0.1905 0.0724 0.0035 0.0001
 0.4001 0.4547 0.1325 0.0127 0
 0.49795 0.308269 0.164784 0.0264974 0.00249975
 0.9179 0.0499 0.0305 0.0017 0
 0.2467 0.6533 0.0926 0.0074 0
 0.9418 0.0223 0.034 0.0019 0
 0.707729 0.231977 0.0356964 0.0245975 0
 0.517169 0.277429 0.184464 0.0207286 0.00020938
 0.811772 0.124168 0.05621 0.00726502 0.000585176
 0.764997 0.148141 0.077277 0.00933861 0.000247198
 0.163321 0.427699 0.378323 0.0303852 0.000271297
 0.753843 0.0900009 0.118128 0.0371064 0.000921714
 0.721811 0.176058 0.0630433 0.0369309 0.00215725
 0.143369 0.312575 0.442814 0.0836902 0.0175525
 0.692698 0.0596174 0.167031 0.0765114 0.00414204
 0.394062 0.376323 0.152708 0.0712218 0.00568511
 0.125707 0.32114 0.495352 0.0537591 0.00404204
 0.23352 0.215282 0.420074 0.123614 0.00750983
 0.774587 0.0839891 0.0768558 0.0609784 0.00358967
pf_pred 
 0.418464 0.191902 0.35472 0.0349127 9.44874e-07
 0.458083 0.292185 0.0842138 0.15071 0.0148081
 0.558498 0.260167 0.0994659 0.0276436 0.0542255
 0.587113 0.282021 0.0783041 0.0288577 0.023704
 0.660477 0.248853 0.0628792 0.0166461 0.0111443
 0.908618 0.0702889 0.0156172 0.00379984 0.00167592
 0.379846 0.585934 0.0265539 0.00567909 0.00198708
 0.420854 0.318788 0.246687 0.0106144 0.00305572
 0.677374 0.175239 0.0823434 0.0616338 0.00340926
 0.844041 0.125921 0.0166941 0.0074641 0.00588009
 0.867386 0.121918 0.008729 0.00109448 0.000872169
 0.764878 0.214612 0.0189058 0.00131035 0.000294697
 0.691133 0.264428 0.0407154 0.00343268 0.000290729
 0.652661 0.278739 0.059089 0.00871607 0.000795235
 0.767342 0.186062 0.0378044 0.00757561 0.0012157
 0.960092 0.0345748 0.00430715 0.000832717 0.000193125
 0.254273 0.728322 0.0151589 0.0018152 0.000431401
 0.91044 0.0321236 0.0561408 0.00112842 0.000166918
 0.548368 0.426606 0.00917871 0.0154909 0.000356747
 0.546896 0.304452 0.140708 0.00291704 0.0050264
 0.733749 0.178851 0.0594327 0.0264762 0.00149161
 0.716289 0.232718 0.0346493 0.0111206 0.00522334
 0.218727 0.631997 0.12325 0.0176959 0.00833053
 0.732782 0.083076 0.149895 0.0282843 0.00596202
 0.570684 0.350899 0.0249365 0.0435486 0.00993191
 0.376819 0.424197 0.163631 0.0112556 0.024097
 0.741287 0.127131 0.0904835 0.0338074 0.00729118
 0.677095 0.265781 0.0285458 0.0196628 0.00891526
 0.241071 0.583368 0.145324 0.0151226 0.0151137
 0.30548 0.232058 0.358048 0.0864564 0.0179574
 0.826667 0.0728394 0.0343389 0.0512393 0.0149153
pobs_RECLAS
 0 0 0 0 0
 0 0 0 0 0
 0 0 0 0 0
 0 0 0 0 0
 0 0 0 0 0
 0 0 0 0 0
 0 0 0 0 0
 0 0 0 0 0
 0 0 0 0 0
 0 0 0 0 0
 0.991045 0.00858322 0.000360255 1.14367e-05 0
 0.934742 0.0480273 0.0164251 0.00080598 0
 0.827803 0.169806 0.00239088 0 0
 0.941827 0.0461693 0.0120037 0 0
 0.791401 0.0380133 0.147996 0.0225897 0
 0.846168 0.0940531 0.0597789 0 0
 0.134021 0.677848 0.182769 0.00536245 0
 0.80878 0.0450904 0.141981 0.00414843 0
 0.846168 0.0940531 0.0597789 0 0
 0.905697 0.0802665 0.012482 0.00150086 5.37128e-05
 0.989698 0.0102097 9.19794e-05 0 0
 0.975433 0.0193895 0.00387452 0.00125025 5.28907e-05
 0.303575 0.632131 0.0575291 0.00676475 0
 0.966965 0.00978017 0.0227588 0.000495775 0
 0.843318 0.132988 0.00938335 0.0141283 0.000182051
 0.564624 0.303363 0.111486 0.0197234 0.00080311
 0.826376 0.0876187 0.0782897 0.00655872 0.00115652
 0.89761 0.0855135 0.0140674 0.00269457 0.000114338
 0.34875 0.467042 0.161289 0.0227151 0.000203297
 0.318654 0.224769 0.449479 0.00709798 0
 0.937255 0.0296025 0.0250945 0.00804832 0
ppred_RECLAS
 0.534415 0.15677 0.281184 0.0276305 7.47724e-07
 0.575151 0.232448 0.0649526 0.116047 0.0114013
 0.669169 0.197487 0.0731985 0.0203096 0.0398358
 0.701058 0.20643 0.0553961 0.020378 0.0167371
 0.756501 0.179978 0.0440748 0.0116484 0.00779779
 0.940702 0.045942 0.00989299 0.00240304 0.00105977
 0.504017 0.469529 0.0205368 0.00438384 0.00153372
 0.535546 0.259137 0.194554 0.00835769 0.00240584
 0.777765 0.12266 0.055677 0.0415968 0.00230069
 0.901521 0.0800826 0.0102332 0.00456631 0.00359688
 0.911098 0.0819294 0.00569194 0.000712535 0.000567754
 0.840168 0.146304 0.0124712 0.000862844 0.000194036
 0.783009 0.186635 0.0278169 0.00234113 0.000198263
 0.760724 0.19341 0.0395174 0.00581758 0.000530728
 0.845052 0.124777 0.0244877 0.00489796 0.000785927
 0.974655 0.0220508 0.00266108 0.000513602 0.000119105
 0.349209 0.636053 0.0128389 0.00153486 0.000364745
 0.942197 0.0211425 0.0358348 0.00071909 0.00010636
 0.657924 0.323689 0.00675077 0.0113743 0.00026192
 0.658286 0.231942 0.103916 0.00215071 0.0037056
 0.813992 0.126219 0.0406784 0.0180918 0.00101917
 0.800294 0.164731 0.0237784 0.00761894 0.0035783
 0.305986 0.564656 0.106835 0.0153143 0.00720876
 0.814175 0.0589928 0.103276 0.019456 0.00410076
 0.676532 0.265881 0.0183328 0.0319644 0.00728935
 0.48815 0.351773 0.131676 0.00904302 0.0193585
 0.819968 0.0898503 0.062046 0.0231449 0.00499118
 0.766994 0.192821 0.0200975 0.0138213 0.00626613
 0.332834 0.516386 0.124847 0.012971 0.0129622
 0.412986 0.20017 0.299614 0.0722294 0.0150011
 0.884176 0.0495691 0.0226643 0.0337635 0.00982745
pobs_PELACES
 0 0 0 0 0
 0 0 0 0 0
 0 0 0 0 0
 0 0 0 0 0
 0 0 0 0 0
 0 0 0 0 0
 0 0 0 0 0
 0 0 0 0 0
 0 0 0 0 0
 0 0 0 0 0
 0 0 0 0 0
 0 0 0 0 0
 0 0 0 0 0
 0 0 0 0 0
 0 0 0 0 0
 0 0 0 0 0
 0.505614 0.472636 0.0217494 0 0
 0 0 0 0 0
 0.443492 0.261883 0.143347 0.151278 0
 0.227955 0.32914 0.350689 0.0885471 0.00366901
 0.970185 0.0296113 0.000203453 0 0
 0.997202 0.00247181 0.000326279 0 0
 0.445219 0.490057 0.0546422 0.010081 0
 0.90214 0.0892962 0.00764917 0.000914606 0
 0 0 0 0 0
 0.581667 0.319106 0.0959925 0.00289975 0.000334073
 0.762889 0.0836404 0.116647 0.0363945 0.000428098
 0.88444 0.0763242 0.0277011 0.0115352 0
 0.521256 0.241999 0.230069 0.00667565 0
 0.616807 0.101726 0.260614 0.0208532 0
 0.833518 0.0704572 0.0857862 0.0102388 0
ppred_PELACES
 0.541675 0.154565 0.276584 0.0271751 7.35396e-07
 0.588467 0.22563 0.0627689 0.112119 0.0110152
 0.681187 0.190663 0.0703553 0.019516 0.0382787
 0.725514 0.190129 0.0505241 0.018576 0.0152566
 0.767742 0.171901 0.0418829 0.0110661 0.00740785
 0.944078 0.0433771 0.00929289 0.00225664 0.000995191
 0.539032 0.436657 0.018876 0.00402676 0.00140875
 0.5437 0.254887 0.190855 0.00819762 0.00235975
 0.799464 0.111219 0.0499542 0.0372999 0.00206297
 0.915035 0.0692702 0.00873336 0.00389421 0.00306735
 0.913298 0.0799166 0.00553939 0.000693352 0.000552465
 0.852637 0.134982 0.0114143 0.000789378 0.000177511
 0.797793 0.1741 0.0257568 0.00216688 0.000183502
 0.789086 0.170926 0.0344564 0.00506882 0.000462402
 0.861229 0.111984 0.0217435 0.00434655 0.000697427
 0.976383 0.0205636 0.00246671 0.000475932 0.000110367
 0.359258 0.626284 0.0125952 0.00150543 0.000357747
 0.944643 0.0202949 0.0342726 0.000687605 0.000101702
 0.670722 0.311662 0.00646879 0.0108963 0.000250911
 0.670934 0.223691 0.0997549 0.00206407 0.00355628
 0.82056 0.121905 0.039147 0.0174073 0.000980598
 0.808737 0.157891 0.0226899 0.00726843 0.00341364
 0.312984 0.559247 0.105525 0.0151244 0.00711929
 0.818962 0.0575736 0.100536 0.0189372 0.00399139
 0.683163 0.260552 0.0179201 0.0312406 0.00712423
 0.4947 0.347506 0.129801 0.00891316 0.0190804
 0.824693 0.0876084 0.0603403 0.0225054 0.00485325
 0.771324 0.189306 0.0196912 0.0135404 0.00613876
 0.337545 0.512944 0.123799 0.0128608 0.0128521
 0.421958 0.197496 0.294747 0.0710445 0.0147549
 0.888653 0.0477537 0.0217566 0.0324051 0.00943195
pobs_pel_tallas
 0 0 0 0 0 0 0 0 0 0 0 0 0 0 0 0 0 0 0 0 0 0 0 0 0 0
 0 0 0 0 0 0 0 0 0 0 0 0 0 0 0 0 0 0 0 0 0 0 0 0 0 0
 0 0 0 0 0 0 0 0 0 0 0 0 0 0 0 0 0 0 0 0 0 0 0 0 0 0
 0 0 0 0 0 0 0 0 0 0 0 0 0 0 0 0 0 0 0 0 0 0 0 0 0 0
 0 0 0 0 0 0 0 0 0 0 0 0 0 0 0 0 0 0 0 0 0 0 0 0 0 0
 0 0 0 0 0 0 0 0 0 0 0 0 0 0 0 0 0 0 0 0 0 0 0 0 0 0
 0 0 0 0 0 0 0 0 0 0 0 0 0 0 0 0 0 0 0 0 0 0 0 0 0 0
 0 0 0 0 0 0 0 0 0 0 0 0 0 0 0 0 0 0 0 0 0 0 0 0 0 0
 0 0 0 0 0 0 0 0 0 0 0 0 0 0 0 0 0 0 0 0 0 0 0 0 0 0
 0 0 0 0 0 0 0 0 0 0 0 0 0 0 0 0 0 0 0 0 0 0 0 0 0 0
 0 0 0 0 0 0 0 0 0 0 0 0 0 0 0 0 0 0 0 0 0 0 0 0 0 0
 0 0 0 0 0 0 0 0 0 0 0 0 0 0 0 0 0 0 0 0 0 0 0 0 0 0
 0.00862536 0 0 0.000197151 0.00414017 0.0128641 0.00837892 0.0270097 0.101434 0.158115 0.152841 0.127902 0.109271 0.109419 0.0830992 0.0579132 0.0238553 0.00714673 0.00463305 0.00128148 0.00103504 0.000492878 0.000147863 0.000147863 4.92878e-05 0
 0 0 0 0 0 0 0 0 0 0 0 0 0 0 0 0 0 0 0 0 0 0 0 0 0 0
 0 0 0 0 0 0 0 0.0054083 0.00873648 0.0413646 0.0450493 0.0745869 0.0622846 0.0627006 0.0613931 0.0827291 0.12552 0.122667 0.0946155 0.0697135 0.0546179 0.0294188 0.0215738 0.0213955 0.0102223 0.00600262
 0 0 0 0 0.00359764 0.0251062 0.0480494 0.140153 0.205849 0.193036 0.1447 0.116669 0.0760912 0.0342217 0.00950174 0.001854 0.000860785 0 0 0 0.000165536 0 0.000143464 0 0 0
 0 0 0 0 0 0 0 0.000145254 0.000435761 0.0275982 0.070085 0.0708112 0.156366 0.174668 0.174014 0.160142 0.0824315 0.0480064 0.0283245 0.00493863 0.00203355 0 0 0 0 0
 0 0 0 0 0 0 0 0 0 0 0 0 0 0 0 0 0 0 0 0 0 0 0 0 0 0
 0 0 1.00437e-05 0.000401748 0.00122533 0.00171747 0.00176769 0.0269171 0.070346 0.194647 0.189555 0.159765 0.064822 0.0314167 0.0384472 0.0292271 0.0345202 0.0313363 0.0194345 0.0106764 0.0143323 0.0359363 0.0279516 0.0138201 0.00172751 0
 0 0.0021121 0.0136068 0.0755702 0.200478 0.177729 0.0527432 0.0373336 0.0318909 0.0142505 0.0149659 0.0166563 0.0217959 0.0798694 0.0677717 0.0528807 0.04013 0.0224614 0.0357745 0.0225083 0.00881397 0.00855152 0.00135912 0.000746735 0 0
 0 0 0 0 5.4009e-05 0.00500934 0.000945158 0.0243581 0.138947 0.33067 0.221406 0.137944 0.0707744 0.0437923 0.0131692 0.00525238 0.0047753 0.00276346 9.45158e-05 9.00151e-06 2.25038e-05 9.00151e-06 4.50075e-06 0 0 0
 0.000866109 0.00284123 0.00948549 0.0512746 0.133035 0.25785 0.225252 0.132002 0.0553304 0.0519788 0.0540692 0.017754 0.00435017 0.00159236 0.00146478 0.000404838 0.000125132 0.000115318 0.000107957 0.000100596 0 0 0 0 0 0
 0 0 0 0 0.00144013 0.00171154 0.00461396 0.0210425 0.0478622 0.0707936 0.0888783 0.103762 0.0637923 0.0337046 0.0602308 0.124433 0.169614 0.0934646 0.0462172 0.0250306 0.0313229 0.00938855 0.002487 0.000210481 0 0
 0 0.00764035 0.051015 0.0998891 0.058973 0.0496711 0.0374665 0.0718981 0.12319 0.153886 0.159021 0.0857701 0.0377988 0.023471 0.0147837 0.00900784 0.00315554 0.000888139 0.00291439 0.00214683 0.00393193 0.00274676 0.000635225 9.99891e-05 0 0
 0 0 0 0 0 0 0 0 0 0 0 0 0 0 0 0 0 0 0 0 0 0 0 0 0 0
 0 0 0 0 0 0 0 0 0 0 0 0 0 0 0 0 0 0 0 0 0 0 0 0 0 0
 0 0 0 0 0 0 0 0 0 0 0 0 0 0 0 0 0 0 0 0 0 0 0 0 0 0
 0 0 0 0 0 0 0 0 0 0 0 0 0 0 0 0 0 0 0 0 0 0 0 0 0 0
 0 0 0 0 0 0 0 0 0 0 0 0 0 0 0 0 0 0 0 0 0 0 0 0 0 0
 0 0 0 0 0 0 0 0 0 0 0 0 0 0 0 0 0 0 0 0 0 0 0 0 0 0
 0 0 0 0 0 0 0 0 0 0 0 0 0 0 0 0 0 0 0 0 0 0 0 0 0 0
ppred_pel_tallas
 1.10747e-16 4.46171e-05 0.000433694 0.00288205 0.0131014 0.0407634 0.0868512 0.126765 0.12678 0.0869262 0.0410161 0.0138366 0.00474682 0.00456817 0.00808306 0.0137776 0.0209712 0.0287189 0.0360026 0.0422226 0.0473081 0.0512851 0.0537494 0.0538363 0.0507764 0.044553
 1.14978e-16 4.84713e-05 0.000471159 0.00313101 0.0142332 0.0442847 0.0943541 0.137717 0.137739 0.0944608 0.0446434 0.0152702 0.00573903 0.00618091 0.0109426 0.0181513 0.0264835 0.0340641 0.0390611 0.0407522 0.0399818 0.0385283 0.0378669 0.0382949 0.0389696 0.0386305
 1.10515e-16 5.61085e-05 0.000545394 0.00362434 0.0164757 0.0512622 0.10922 0.159414 0.159432 0.10931 0.0515654 0.0173524 0.00582893 0.00537151 0.00926203 0.0153307 0.0223368 0.0286466 0.0326448 0.0336292 0.0322213 0.0298851 0.0279437 0.0268728 0.0262946 0.0254734
 1.05952e-16 5.97597e-05 0.000580886 0.00386019 0.0175479 0.0545981 0.116328 0.169787 0.169806 0.116417 0.0548996 0.0184195 0.00605028 0.00536929 0.00917596 0.0151342 0.021937 0.0278913 0.0313171 0.0314589 0.028924 0.0252288 0.0218257 0.0193791 0.0177188 0.0162855
 1.03617e-16 6.32379e-05 0.000614695 0.00408486 0.0185692 0.0577758 0.123098 0.179669 0.179685 0.123179 0.0580483 0.0193566 0.00606276 0.00493745 0.00828774 0.0136403 0.0197356 0.0250145 0.0279305 0.0277735 0.0250763 0.0212168 0.0175483 0.0147447 0.0127468 0.0111408
 1.00675e-16 7.77625e-05 0.000755879 0.00502308 0.0228342 0.0710457 0.151371 0.220931 0.220935 0.151391 0.0711144 0.0230327 0.00552163 0.00184507 0.00214887 0.00343612 0.00495797 0.00626764 0.00696684 0.00687297 0.00612043 0.00506169 0.00404801 0.00326263 0.00270358 0.00227591
 1.01299e-16 4.43994e-05 0.000431578 0.00286799 0.0130375 0.0405647 0.086429 0.126154 0.126196 0.0866342 0.0412537 0.0150267 0.00785779 0.0113129 0.0206764 0.0340236 0.0488005 0.0609307 0.0662909 0.0629803 0.0524757 0.0386835 0.0256809 0.0158782 0.00964904 0.00611896
 1.06795e-16 4.47839e-05 0.000435315 0.00289283 0.0131504 0.0409158 0.0871765 0.127242 0.127267 0.0872978 0.0413239 0.014332 0.00587019 0.00697254 0.01257 0.0209951 0.0309007 0.0402264 0.0468416 0.0496659 0.0491518 0.0466783 0.0434232 0.0397055 0.0352158 0.0297054
 1.0556e-16 6.58508e-05 0.000640093 0.00425365 0.0193365 0.060163 0.128184 0.18709 0.187101 0.128237 0.0603402 0.0198493 0.00554413 0.00346832 0.00547026 0.0090274 0.0132087 0.0170636 0.0196751 0.0206429 0.0203007 0.019422 0.0186546 0.0181432 0.0175797 0.0165386
 1.0118e-16 7.53702e-05 0.000732625 0.00486855 0.0221317 0.0688601 0.146714 0.214135 0.214141 0.146747 0.0689696 0.0224481 0.00566263 0.00246608 0.00336757 0.00544831 0.00784262 0.00986689 0.0108821 0.0106004 0.00925482 0.00744176 0.00576165 0.00453662 0.00376791 0.00327781
 1.00344e-16 7.52272e-05 0.000731235 0.00485931 0.0220897 0.0687294 0.146436 0.213729 0.213736 0.146473 0.0688556 0.022454 0.0057733 0.0027249 0.00385691 0.00624497 0.00895999 0.0112063 0.0122288 0.01168 0.00982588 0.00737159 0.00504962 0.00328823 0.00214876 0.00147256
 1.00474e-16 7.02306e-05 0.000682667 0.00453656 0.0206226 0.0641645 0.13671 0.199535 0.199547 0.136773 0.0643776 0.0212381 0.00608097 0.00405189 0.0064624 0.010555 0.0151565 0.0189709 0.0207271 0.0198361 0.0167399 0.0126175 0.00869376 0.00568433 0.00369516 0.00247144
 1.01037e-16 6.57132e-05 0.000638756 0.00424476 0.0192961 0.0600373 0.127916 0.186701 0.186718 0.127998 0.0603126 0.0200913 0.00624077 0.00499597 0.00834046 0.0136831 0.0197003 0.0247619 0.027248 0.0264023 0.0227706 0.0178183 0.0130491 0.0093156 0.00671694 0.00493599
 1.01625e-16 6.4996e-05 0.000631784 0.00419843 0.0190855 0.0593821 0.12652 0.184664 0.18468 0.126601 0.0596527 0.0198673 0.00616161 0.00491982 0.00821569 0.0134972 0.0194778 0.0245773 0.0272248 0.0266853 0.0234787 0.0189982 0.014652 0.0112066 0.00871106 0.00684617
 1.01211e-16 7.09383e-05 0.000689545 0.00458227 0.0208304 0.064811 0.138087 0.201544 0.201555 0.13814 0.0649883 0.0213425 0.00586829 0.0034984 0.00540974 0.00884223 0.0127564 0.0160944 0.0178269 0.0174752 0.0153844 0.0124724 0.00966466 0.00746119 0.00588618 0.00471791
 1.00143e-16 8.04234e-05 0.000781744 0.00519497 0.0236156 0.0734768 0.15655 0.22849 0.228492 0.15656 0.0735093 0.0237094 0.00543054 0.00129588 0.00105648 0.00161825 0.00232085 0.00291299 0.00319867 0.00308897 0.00265027 0.00205873 0.0014952 0.00106225 0.000770872 0.00058019
 1.00736e-16 2.95917e-05 0.000287642 0.00191149 0.00868937 0.0270362 0.0576057 0.0840898 0.0841501 0.0579 0.0280239 0.0115407 0.00906256 0.0158782 0.0295789 0.0486957 0.0697753 0.086965 0.0943209 0.089103 0.0734521 0.0530408 0.0338232 0.0193698 0.0102975 0.00537265
 1.01081e-16 7.7809e-05 0.000756331 0.00502609 0.0228479 0.0710882 0.151461 0.221062 0.221064 0.151471 0.0711213 0.0229441 0.00526995 0.00129631 0.00112563 0.00179561 0.00271316 0.00368929 0.0045778 0.00529371 0.00582805 0.00619449 0.00636082 0.00624102 0.0057605 0.00493379
 1.01402e-16 5.52466e-05 0.000537016 0.00356866 0.0162226 0.0504748 0.107543 0.156969 0.156999 0.10769 0.0509665 0.0176419 0.00712832 0.00829852 0.0147687 0.0242577 0.0347749 0.043389 0.0471591 0.0447432 0.0372229 0.027421 0.0182732 0.0114989 0.0073277 0.00507043
 1.03745e-16 5.5264e-05 0.000537186 0.00356979 0.0162278 0.0504907 0.107577 0.157016 0.157037 0.107682 0.0508466 0.017257 0.00615821 0.00620394 0.0108647 0.0179963 0.0262016 0.0335319 0.03801 0.0386753 0.0360792 0.0317753 0.0272574 0.023225 0.019614 0.016111
 1.03073e-16 6.75885e-05 0.000656984 0.00436589 0.0198467 0.0617505 0.131567 0.192028 0.192039 0.131624 0.0619441 0.0204063 0.00577255 0.00373413 0.00593059 0.00974753 0.0141535 0.0180496 0.0203624 0.0205995 0.0191215 0.0168508 0.0146605 0.0129339 0.0115595 0.010228
 1.02002e-16 6.66147e-05 0.000647518 0.00430299 0.0195608 0.0608609 0.129671 0.189262 0.189277 0.129745 0.0611106 0.020282 0.0061136 0.00460044 0.00757501 0.0124206 0.0178934 0.0225184 0.0248407 0.0241929 0.0210883 0.0168654 0.0128789 0.00986652 0.00785905 0.00649982
 1.0591e-16 2.57802e-05 0.000250593 0.00166528 0.00757015 0.0235538 0.0501859 0.0732591 0.073313 0.0504495 0.024439 0.0101274 0.00808615 0.0142736 0.0266762 0.0441072 0.0636434 0.0802547 0.0888088 0.0869107 0.0762899 0.0615509 0.047353 0.0362362 0.0283555 0.0226144
 1.05491e-16 6.74568e-05 0.000655705 0.00435739 0.0198081 0.0616302 0.13131 0.191652 0.191658 0.131338 0.0617244 0.0200819 0.00505214 0.00219639 0.00306407 0.00514332 0.0078341 0.0107551 0.0135435 0.0160034 0.0181385 0.0199789 0.021368 0.0219373 0.0213144 0.0193884
 1.04923e-16 5.62713e-05 0.000546977 0.00363486 0.0165235 0.051411 0.109537 0.159878 0.159904 0.10966 0.0518226 0.0177122 0.00661765 0.00705591 0.012411 0.0204126 0.0293669 0.0368746 0.0405473 0.0393268 0.0341413 0.027302 0.0211237 0.0168275 0.0143607 0.012945
 1.07958e-16 4.07478e-05 0.000396083 0.00263211 0.0119652 0.0372285 0.0793204 0.115777 0.115811 0.0794847 0.0377806 0.0135617 0.00664556 0.00917768 0.0167778 0.027827 0.0404418 0.0516076 0.0582518 0.0589231 0.054581 0.0477904 0.041023 0.0354396 0.0308761 0.026639
 1.04843e-16 6.79289e-05 0.000660293 0.00438788 0.0199467 0.0620615 0.132229 0.192994 0.193002 0.132271 0.0622018 0.0203528 0.00541142 0.00290814 0.00437675 0.00723287 0.0106597 0.0139277 0.0163373 0.0175673 0.0178279 0.0176285 0.017358 0.0170358 0.0163949 0.0151595
 1.03014e-16 6.3533e-05 0.000617563 0.00410392 0.0186559 0.0580454 0.123673 0.180507 0.180526 0.123762 0.0583446 0.01952 0.00627267 0.00535104 0.00905079 0.0148565 0.0213839 0.0268725 0.0295803 0.0287213 0.0249419 0.0198887 0.015223 0.0118404 0.00974792 0.00845103
 1.07169e-16 2.78032e-05 0.000270257 0.00179596 0.00816419 0.0254021 0.0541237 0.0790055 0.079055 0.0543657 0.0262149 0.0105128 0.00769507 0.0131606 0.0245455 0.0406298 0.0587468 0.0743337 0.0827313 0.081757 0.0729477 0.0604025 0.0482187 0.0385544 0.0314474 0.0258915
 1.18178e-16 3.47561e-05 0.000337842 0.00224508 0.0102058 0.0317542 0.0676564 0.0987506 0.09877 0.0677517 0.0320756 0.0111399 0.00461109 0.00557364 0.0101867 0.0173313 0.026242 0.0356864 0.0443715 0.0516372 0.057627 0.0626989 0.0666303 0.0684135 0.0668506 0.0614179
 1.05487e-16 7.31972e-05 0.000711502 0.00472818 0.0214936 0.0668747 0.142484 0.20796 0.207965 0.142507 0.066951 0.0217144 0.00528437 0.00193227 0.00241172 0.00392582 0.00578209 0.0075677 0.00893155 0.00975574 0.0102309 0.0107046 0.0114105 0.0122924 0.0130384 0.0132698
pSPR Fmed_Fpbrs
0.487092   0.254707 0.254707
Fs Fmed_Fpbrs
0.463436   1.005 1.005
SSBpbr Bo_Bmed_Bpbrs
1.57377e+06  687883  322163 322163
Ro
120165
SPR SPRFo_SPRFmed_SPRFpbrs
858930 418378 218776
Fref
1.005
Nvult_r0
 147985 9284.61 4283.91 6384.98 1858.5
CTP_r0
 27979.5 2465.34 1162.24 1734.25 504.827
YTP_r0
391236
Np
 175203 60848.3 3199.23 1454.9 2715.74
Nvult_p0
 140817 52398.6 2767.7 1258.97 2350.04
CTP_p0
 54336.8 25857.7 1386.15 631.026 1177.95
YTP_p0
 916513
CBA_c0
548819
log_Ro
11.5166
likeval ReclasPelacesDesembMPH_pf_preclas_ppelaces_ptallas_desvR_qrecl_qpela
 10.7105 33.319 0.0225579 0.000888238 243.477 116.595 100.762 0 35.1915 4.6359e-06 0 0.0373259 0 0 0
q_reclas_q_pelaces
1.35677 1
M
1
N
 134060 41009.3 73814.1 7254.72 0.196326
 96759.8 42353.6 11914.4 21294.6 2092.17
 83305.7 26639.8 9940.85 2759.19 5412.05
 65173 22897.1 6236.37 2295.96 1885.82
 48402.3 12623.8 3115.42 823.714 551.43
 238047 12752 2767.41 672.496 296.585
 54365.1 62588.2 2786.7 595.434 208.328
 18257.7 9268.35 6986.56 300.196 86.4153
 29588.1 5643.02 2602.68 1946.17 107.646
 48218.5 5457.68 711.746 317.951 250.465
 78494.9 7356.48 512.861 64.2137 51.1665
 123522 24850.2 2144.12 148.443 33.383
 98725.9 26897.8 4054.25 341.423 28.9149
 68957.5 22348.1 4660.24 686.822 62.6613
 58680.9 10505.2 2095.31 419.467 67.3108
 425244 10723.2 1305.93 252.176 58.4812
 54192.8 105488 2141.23 256.057 60.8504
 653422 15661.7 26692.8 535.8 79.2513
 352658 189191 3974.52 6699.26 154.27
 247274 94733 42742.5 884.963 1524.79
 405639 67114.4 21748.1 9675.41 545.055
 528661 117901 17133.6 5491.87 2579.35
 75012.2 145354 27614.7 3959.33 1863.76
 304664 23109.1 40611.8 7652.42 1612.93
 230765 94910 6569.2 11456.2 2612.57
 96085.4 71972.4 27028.6 1856.55 3974.36
 267429 30714.2 21293.6 7944.8 1713.31
 318133 82943.9 8671.6 5964.56 2704.17
 64044 102536 24855.7 2582.76 2581.03
 41129 21018.4 31600.7 7619.96 1582.58
 208833 12483.8 5738.81 8551.74 2489.17
pred_Ctot
 12116.1 5556.3 10270.5 1010.86 0.0273577
 15756 10049.9 2896.58 5183.76 509.332
 13634.9 6351.58 2428.31 674.876 1323.83
 20535.5 9864.29 2738.85 1009.36 829.096
 8923.03 3362 849.497 224.888 150.56
 44116.7 3412.78 758.274 184.496 81.3721
 19605.6 30242.7 1370.57 293.124 102.562
 1871.18 1417.38 1096.81 47.1931 13.5862
 9855.03 2549.53 1198 896.701 49.6008
 19128.8 2853.79 378.345 169.161 133.262
 7004.01 984.472 70.4853 8.8378 7.04263
 33238.3 9326.09 821.565 56.9421 12.8063
 24965.8 9551.93 1470.76 123.999 10.502
 27387.5 11696.7 2479.54 365.75 33.3703
 19742.3 4787.03 972.636 194.906 31.2778
 90386.3 3254.99 405.49 78.3948 18.1814
 7490.93 21456.5 446.585 53.476 12.7092
 89689.9 3164.58 5530.58 111.163 16.4435
 61700.1 47999.9 1032.75 1742.97 40.1397
 42010.8 23387 10808.8 224.077 386.112
 54869.5 13374.4 4444.36 1979.88 111.542
 86439.8 28083.7 4181.39 1342 630.338
 7821.29 22599.1 4407.19 632.774 297.885
 29905.1 3390.36 6117.28 1154.29 243.312
 22503.9 13837.1 983.327 1717.26 391.648
 8053.75 9066.36 3497.28 240.566 515.025
 26898.6 4613.1 3283.31 1226.75 264.57
 25183.4 9885.26 1061.71 731.324 331.588
 4408.95 10669.2 2657.83 276.577 276.413
 4619.58 3509.26 5414.52 1307.42 271.557
 27979.5 2465.34 1162.24 1734.25 504.827
F
 0.152232 0.23605 0.243095 0.243477 0.243497
 0.289824 0.4494 0.462812 0.46354 0.463578
 0.291507 0.452009 0.465499 0.466231 0.46627
 0.64146 0.994646 1.02433 1.02594 1.02603
 0.333856 0.517675 0.533124 0.533963 0.534007
 0.335892 0.520832 0.536376 0.53722 0.537264
 0.769116 1.19259 1.22818 1.23011 1.23021
 0.174168 0.270065 0.278125 0.278562 0.278585
 0.690349 1.07045 1.1024 1.10413 1.10422
 0.880161 1.36477 1.4055 1.40772 1.40783
 0.150169 0.232852 0.239801 0.240178 0.240198
 0.524378 0.813098 0.837364 0.838681 0.83875
 0.485604 0.752975 0.775446 0.776666 0.776731
 0.881623 1.36704 1.40784 1.41005 1.41017
 0.699701 1.08495 1.11733 1.11909 1.11918
 0.394064 0.611034 0.62927 0.63026 0.630312
 0.24133 0.374205 0.385373 0.385979 0.386011
 0.239466 0.371315 0.382397 0.382998 0.38303
 0.314436 0.487563 0.502114 0.502904 0.502945
 0.304098 0.471533 0.485606 0.48637 0.48641
 0.235623 0.365357 0.37626 0.376852 0.376883
 0.291173 0.451492 0.464966 0.465698 0.465736
 0.177426 0.275117 0.283327 0.283773 0.283796
 0.16628 0.257832 0.265527 0.265945 0.265967
 0.165119 0.256033 0.263674 0.264089 0.264111
 0.140511 0.217876 0.224379 0.224732 0.22475
 0.17069 0.264672 0.272571 0.272999 0.273022
 0.132256 0.205076 0.211196 0.211528 0.211546
 0.114172 0.177035 0.182318 0.182605 0.18262
 0.192278 0.298145 0.307043 0.307526 0.307552
 0.233152 0.361525 0.372314 0.3729 0.372931
YTP_r0W_actual
 237826 40185 33588.8 60352 19284.4
YTP_p0W_proyectada
 408613 416826 32408.3 18615.3 40050.2
CTP_r0_actual
 27979.5 2465.34 1162.24 1734.25 504.827
CTP_p0_proyectada
 54336.8 25857.7 1386.15 631.026 1177.95
Wmedp
 7.52 16.12 23.38 29.5 34
Frms_r0
 0.233152 0.361525 0.372314 0.3729 0.372931
Zrms_r0
 1.23315 1.36152 1.37231 1.3729 1.37293
nmprior
 8.19 8.8 8.5 0
nm_flota  nm_reclas  nm_pelaces    nm_pelaL
inf 16.7877 12.198 25.8332
cv_recla  cv_pelaces  cv_mph
0.296026 0.654513 0.919751
 ------------------------------------------------
Talla a la edad & desviaci?n 
 8 13.2811 15.8009 17.003 17.5766
 0.8 1.32811 1.58009 1.7003 1.75766
