    unsorted:	 2.363801145e-06 2.285388142e-06 5.994507131e-05 5.399530384e-05 8.601975454e-05 0.001099993537 1.882822803 13.50623366 29.86603837 66.58647953 167.4228287 234.4041070 281.6791572 365.1578891 689.7262065 528.8170812 806.5181363 850.7692482 919.4305842 940.3209995 1025.394282 1073.332862 1197.609679 1318.461426 1510.479811 1567.566550 1757.310330 2049.684818 2077.535587 2154.043126 2438.785031 2475.553313 2496.293536 2537.013317 2642.936279 2680.977019 2904.339934 3267.603167 3310.711591 3386.283708 3928.372514 4008.736283 4309.295822 7465.610101 37852.95780 407553.7185 400045.0010 413094.8548 394741.4594 436128.2113 453472.2776 461009.6738 466866.0099 367734.7190 361733.3703 506194.7788 309778.4941 158336.5640 559235.6749 585145.5019 615809.1228 641887.2952 676422.0888 878287.4440 919286.7230 1017683.613 1125703.970 1348262.328 1375727.314 1562217.385 1677727.242 2256244.642 2352083.819 2687298.196 2852006.022 3058985.826 3214668.891
      sorted:	 2.285388142e-06 2.363801145e-06 5.399530384e-05 5.994507131e-05 8.601975454e-05 0.001099993537 1.882822803 13.50623366 29.86603837 66.58647953 167.4228287 234.4041070 281.6791572 365.1578891 528.8170812 689.7262065 806.5181363 850.7692482 919.4305842 940.3209995 1025.394282 1073.332862 1197.609679 1318.461426 1510.479811 1567.566550 1757.310330 2049.684818 2077.535587 2154.043126 2438.785031 2475.553313 2496.293536 2537.013317 2642.936279 2680.977019 2904.339934 3267.603167 3310.711591 3386.283708 3928.372514 4008.736283 4309.295822 7465.610101 37852.95780 158336.5640 309778.4941 361733.3703 367734.7190 394741.4594 400045.0010 407553.7185 413094.8548 436128.2113 453472.2776 461009.6738 466866.0099 506194.7788 559235.6749 585145.5019 615809.1228 641887.2952 676422.0888 878287.4440 919286.7230 1017683.613 1125703.970 1348262.328 1375727.314 1562217.385 1677727.242 2256244.642 2352083.819 2687298.196 2852006.022 3058985.826 3214668.891
