    unsorted:	 2.442514513e-05 6.878235551e-06 0.001099979762 12.42378430 16.15875405 17.55210433 4.666898013 66.38680317 100.5885874 81.52300734 126.3991453 185.3370281 223.1719542 346.5994648 322.7034113 423.0443104 402.1903470 447.4429234 559.9704760 603.4087514 630.9950799 714.1244191 793.4107854 822.1392775 876.9521237 875.5597815 848.9278622 924.9165108 965.8780284 1009.936574 1044.646554 1101.857567 1121.333174 1164.643444 1235.253161 1335.437516 1375.754637 1436.926595 1500.997566 1739.845045 1837.773503 1939.986518 3902.574026 20722.81140 32298.58727 156439.4815 264023.6296 271740.8267 257732.2887 279503.9426 245533.1501 286164.1064 306014.4472 313520.4768 408204.7271 486897.2579 653597.5955 734340.5769 783090.1874 796433.5305 986697.2746 1386917.158 1589621.321 1802575.693 1751819.158 2009535.948 2252414.904 2420684.506 2654057.435 2837069.827 3086836.099 3163293.558 3280593.994 3824635.081 4023671.682 5859358.733 17498964.11
      sorted:	 6.878235551e-06 2.442514513e-05 0.001099979762 4.666898013 12.42378430 16.15875405 17.55210433 66.38680317 81.52300734 100.5885874 126.3991453 185.3370281 223.1719542 322.7034113 346.5994648 402.1903470 423.0443104 447.4429234 559.9704760 603.4087514 630.9950799 714.1244191 793.4107854 822.1392775 848.9278622 875.5597815 876.9521237 924.9165108 965.8780284 1009.936574 1044.646554 1101.857567 1121.333174 1164.643444 1235.253161 1335.437516 1375.754637 1436.926595 1500.997566 1739.845045 1837.773503 1939.986518 3902.574026 20722.81140 32298.58727 156439.4815 245533.1501 257732.2887 264023.6296 271740.8267 279503.9426 286164.1064 306014.4472 313520.4768 408204.7271 486897.2579 653597.5955 734340.5769 783090.1874 796433.5305 986697.2746 1386917.158 1589621.321 1751819.158 1802575.693 2009535.948 2252414.904 2420684.506 2654057.435 2837069.827 3086836.099 3163293.558 3280593.994 3824635.081 4023671.682 5859358.733 17498964.11
