years
 1991 1992 1993 1994 1995 1996 1997 1998 1999 2000 2001 2002 2003 2004 2005 2006 2007 2008 2009 2010 2011 2012 2013 2014 2015 2016 2017 2018 2019 2020 2021
reclasobs
 0 0 0 0 0 0 0 0 0 252601 567819 844713 477998 351125 339783 2.1784e+06 2.13404e+06 4.81314e+06 1.55562e+06 2.62356e+06 3.21686e+06 3.843e+06 1.13348e+06 3.07943e+06 1.97215e+06 2.03268e+06 2.025e+06 2.42433e+06 2.27542e+06 1.05018e+06 2.36338e+06
reclaspred
 3.378e+06 2.09076e+06 1.06827e+06 962586 1.07968e+06 1.42874e+06 1.07073e+06 996096 730666 559942 494547 623510 628239 526683 583850 1.13238e+06 1.68769e+06 2.48761e+06 2.33547e+06 1.87948e+06 3.25303e+06 2.52685e+06 2.32499e+06 2.85504e+06 2.53063e+06 2.38608e+06 2.44012e+06 2.39287e+06 2.62489e+06 1.75749e+06 2.29072e+06
pelacesobs
 0 0 0 0 0 0 0 0 0 0 0 0 0 0 0 552880 188675 0 991730 2.46772e+06 1.41603e+06 1.21717e+06 2.29649e+06 1.80582e+06 0 1.4828e+06 1.56532e+06 1.57751e+06 1.42118e+06 867257 1.10002e+06
pelacespred
 1.49263e+06 1.05268e+06 562332 411713 483734 635368 470483 501840 381832 271788 259852 258943 281511 253311 297024 481004 705098 1.11814e+06 1.15041e+06 884784 1.35134e+06 1.25496e+06 1.10343e+06 1.44405e+06 1.30685e+06 1.1742e+06 1.35571e+06 1.36563e+06 1.21245e+06 915328 1.20727e+06
mphobs
 0 0 0 0 0 0 0 0 0 0 0 498337 0 5186 125008 0 168611 109162 213762 579715 649985 157893 87575 83554 0 0 0 0 0 0 0
mphpred
 2.96953e+06 2.26968e+06 1.1753e+06 703971 804789 943799 1.11327e+06 733835 716361 510454 357012 468714 474997 422945 344833 516537 1.24929e+06 1.42184e+06 1.98122e+06 1.66239e+06 1.86705e+06 2.32373e+06 1.99959e+06 1.75181e+06 2.36967e+06 1.96852e+06 1.71745e+06 1.83102e+06 2.36564e+06 1.69207e+06 1.18813e+06
desembarqueobs
 494567 514787 250237 358949 120608 361735 552515 73892 212993 205616 52469 317467 293654 387597 252695 516296 358380 742168 942051 627588 828172 859565 418607 520667 417249 300574 415391 372974 316634 284311 391294
desembarquepred
 494768 512980 251299 358844 120558 361815 552613 73954.6 213239 205770 52466.8 317647 293864 387754 252616 516296 358419 742362 942061 627489 828359 859723 418695 521029 417424 300576 415349 372979 316631 284276 391383
Reclutas
 218971 100243 137848 216057 192164 257558 119861 73007.5 54746 75388.8 121807 150885 140337 110460 131450 514841 177752 647624 524616 376694 556156 615959 184012 441985 375553 196474 403028 406822 146604 133666 532384
log_desv_Rt
 0.0219951 -0.759352 -0.44079 0.00859791 -0.108598 0.1843 -0.580616 -1.07638 -1.36424 -1.04429 -0.564508 -0.350427 -0.422899 -0.662287 -0.488318 0.876914 -0.186553 1.10637 0.895721 0.564489 0.954104 1.05624 -0.151944 0.724331 0.561454 -0.0864121 0.632061 0.64143 -0.379206 -0.471603 0.910421
SSB
 2.96953e+06 2.26968e+06 1.1753e+06 703971 804789 943799 1.11327e+06 733835 716361 510454 357012 468714 474997 422945 344833 516537 1.24929e+06 1.42184e+06 1.98122e+06 1.66239e+06 1.86705e+06 2.32373e+06 1.99959e+06 1.75181e+06 2.36967e+06 1.96852e+06 1.71745e+06 1.83102e+06 2.36564e+06 1.69207e+06 1.18813e+06
BT
 4.08864e+06 3.05434e+06 1.64954e+06 1.54319e+06 1.44104e+06 2.28392e+06 1.721e+06 1.54995e+06 1.27248e+06 972029 852114 1.06075e+06 1.14474e+06 1.24823e+06 1.31239e+06 2.19338e+06 2.24265e+06 4.40043e+06 4.41005e+06 3.06791e+06 5.00191e+06 4.40925e+06 3.34987e+06 5.29576e+06 3.90282e+06 3.53361e+06 4.84909e+06 4.72252e+06 3.26732e+06 2.68993e+06 4.67851e+06
Ftot
 0.138933 0.230689 0.221494 0.34795 0.106282 0.238645 0.473981 0.0708636 0.273828 0.342627 0.101098 0.470125 0.433265 0.668104 0.403767 0.425436 0.200557 0.280611 0.375539 0.312419 0.239946 0.31821 0.170429 0.173018 0.156341 0.11975 0.161487 0.148038 0.114651 0.153296 0.16228
BD_Bspro_t
 0.978016 0.852122 0.706838 0.637928 0.655079 0.730897 0.699785 0.563116 0.644001 0.60758 0.586529 0.722885 0.606085 0.529343 0.462532 0.553042 0.663191 0.676524 0.695748 0.627933 0.611305 0.656171 0.655209 0.665543 0.751673 0.760036 0.773587 0.799105 0.827307 0.779303 0.743891
BD_Bspro
 1.94223 1.48449 0.768707 0.460433 0.526374 0.617293 0.728133 0.479966 0.468537 0.333864 0.233504 0.306563 0.310673 0.276628 0.225538 0.337842 0.817103 0.929957 1.29582 1.08729 1.22115 1.51984 1.30784 1.14577 1.54989 1.28751 1.1233 1.19758 1.54725 1.1067 0.7771
BD_Bo
 1.43331 1.09551 0.567286 0.339788 0.38845 0.455546 0.537343 0.354202 0.345768 0.246382 0.17232 0.226235 0.229268 0.204144 0.166441 0.249319 0.603001 0.686284 0.956284 0.802393 0.901173 1.1216 0.965149 0.845551 1.14378 0.95015 0.828965 0.883784 1.14183 0.816717 0.573479
BD_Brms
 6.08996 4.65469 2.41032 1.44371 1.65047 1.93556 2.2831 1.50496 1.46912 1.04685 0.732165 0.961244 0.97413 0.867382 0.707188 1.05932 2.56207 2.91593 4.06312 3.40926 3.82896 4.76553 4.10079 3.59263 4.85975 4.03706 3.52216 3.75508 4.85149 3.47012 2.43664
Sel_flota
 0.5 1 1 1 1
 0.5 1 1 1 1
 0.5 1 1 1 1
 0.5 1 1 1 1
 0.5 1 1 1 1
 0.5 1 1 1 1
 0.5 1 1 1 1
 0.5 1 1 1 1
 0.5 1 1 1 1
 0.5 1 1 1 1
 0.5 1 1 1 1
 0.5 1 1 1 1
 0.5 1 1 1 1
 0.5 1 1 1 1
 0.5 1 1 1 1
 0.5 1 1 1 1
 0.5 1 1 1 1
 0.5 1 1 1 1
 0.5 1 1 1 1
 0.5 1 1 1 1
 0.5 1 1 1 1
 0.5 1 1 1 1
 0.5 1 1 1 1
 0.5 1 1 1 1
 0.5 1 1 1 1
 0.5 1 1 1 1
 0.5 1 1 1 1
 0.5 1 1 1 1
 0.5 1 1 1 1
 0.5 1 1 1 1
 0.5 1 1 1 1
Sel_reclas
 0.5 1 1 1 1
 0.5 1 1 1 1
 0.5 1 1 1 1
 0.5 1 1 1 1
 0.5 1 1 1 1
 0.5 1 1 1 1
 0.5 1 1 1 1
 0.5 1 1 1 1
 0.5 1 1 1 1
 0.5 1 1 1 1
 0.5 1 1 1 1
 0.5 1 1 1 1
 0.5 1 1 1 1
 0.5 1 1 1 1
 0.5 1 1 1 1
 0.5 1 1 1 1
 0.5 1 1 1 1
 0.5 1 1 1 1
 0.5 1 1 1 1
 0.5 1 1 1 1
 0.5 1 1 1 1
 0.5 1 1 1 1
 0.5 1 1 1 1
 0.5 1 1 1 1
 0.5 1 1 1 1
 0.5 1 1 1 1
 0.5 1 1 1 1
 0.5 1 1 1 1
 0.5 1 1 1 1
 0.5 1 1 1 1
 0.5 1 1 1 1
Sel_pelaces
 0.5 1 1 1 1
 0.5 1 1 1 1
 0.5 1 1 1 1
 0.5 1 1 1 1
 0.5 1 1 1 1
 0.5 1 1 1 1
 0.5 1 1 1 1
 0.5 1 1 1 1
 0.5 1 1 1 1
 0.5 1 1 1 1
 0.5 1 1 1 1
 0.5 1 1 1 1
 0.5 1 1 1 1
 0.5 1 1 1 1
 0.5 1 1 1 1
 0.5 1 1 1 1
 0.5 1 1 1 1
 0.5 1 1 1 1
 0.5 1 1 1 1
 0.5 1 1 1 1
 0.5 1 1 1 1
 0.5 1 1 1 1
 0.5 1 1 1 1
 0.5 1 1 1 1
 0.5 1 1 1 1
 0.5 1 1 1 1
 0.5 1 1 1 1
 0.5 1 1 1 1
 0.5 1 1 1 1
 0.5 1 1 1 1
 0.5 1 1 1 1
pf_obs 
 0.8446 0.082 0.0669 0.0065 0
 0.8095 0.147 0.0364 0.0071 0
 0.9664 0.0169 0.016 0.0007 0
 0.9276 0.0648 0.0075 0.0001 0
 0.7033 0.2144 0.0806 0.0017 0
 0.9318 0.0425 0.0243 0.0014 0
 0.5671 0.3108 0.0964 0.0239 0.0018
 0.0768 0.2599 0.5324 0.112 0.0189
 0.490249 0.384438 0.106611 0.0170017 0.00170017
 0.7925 0.1577 0.0466 0.003 0.0002
 0.840416 0.127587 0.0312969 0.00059994 9.999e-05
 0.8084 0.0986 0.0794 0.0134 0.0002
 0.7335 0.1905 0.0724 0.0035 0.0001
 0.4001 0.4547 0.1325 0.0127 0
 0.49795 0.308269 0.164784 0.0264974 0.00249975
 0.9179 0.0499 0.0305 0.0017 0
 0.2467 0.6533 0.0926 0.0074 0
 0.9418 0.0223 0.034 0.0019 0
 0.707729 0.231977 0.0356964 0.0245975 0
 0.517169 0.277429 0.184464 0.0207286 0.00020938
 0.811772 0.124168 0.05621 0.00726502 0.000585176
 0.764997 0.148141 0.077277 0.00933861 0.000247198
 0.163321 0.427699 0.378323 0.0303852 0.000271297
 0.753843 0.0900009 0.118128 0.0371064 0.000921714
 0.721811 0.176058 0.0630433 0.0369309 0.00215725
 0.143369 0.312575 0.442814 0.0836902 0.0175525
 0.692698 0.0596174 0.167031 0.0765114 0.00414204
 0.394062 0.376323 0.152708 0.0712218 0.00568511
 0.125707 0.32114 0.495352 0.0537591 0.00404204
 0.23352 0.215282 0.420074 0.123614 0.00750983
 0.796117 0.104755 0.0508955 0.0450114 0.00322123
pf_pred 
 0.304185 0.437402 0.255625 1.4475e-05 0.00277379
 0.249877 0.357577 0.246761 0.144211 0.001573
 0.477412 0.217624 0.145374 0.100321 0.059269
 0.627722 0.246149 0.0525246 0.0350866 0.0385178
 0.537141 0.365311 0.0644983 0.013763 0.0192866
 0.587135 0.291244 0.0959896 0.0169477 0.00868415
 0.370636 0.474113 0.109517 0.0360953 0.00963842
 0.380326 0.357198 0.197728 0.0456741 0.0190732
 0.38292 0.34322 0.157861 0.0873846 0.0286146
 0.568718 0.247521 0.102208 0.0470096 0.0345435
 0.664765 0.2498 0.0490324 0.0202467 0.0161552
 0.609296 0.313879 0.0572465 0.0112367 0.00834218
 0.576728 0.331243 0.0739331 0.0134842 0.00461174
 0.532929 0.35338 0.088972 0.0198584 0.00486058
 0.643327 0.263001 0.070871 0.0178435 0.00495744
 0.850461 0.120082 0.0217209 0.00585314 0.0018831
 0.359486 0.594571 0.0368924 0.00667322 0.00237677
 0.758955 0.131047 0.102108 0.00633566 0.00155419
 0.543536 0.398307 0.0316178 0.0246355 0.00190358
 0.47688 0.380483 0.124464 0.00987997 0.00829299
 0.621537 0.252412 0.0916811 0.0299907 0.00437895
 0.584906 0.323422 0.0611396 0.0222071 0.00832506
 0.271509 0.550845 0.138413 0.0261656 0.0130667
 0.618078 0.167837 0.16188 0.0406762 0.0115294
 0.501266 0.38556 0.0497345 0.0479692 0.0154699
 0.348214 0.441887 0.162268 0.0209315 0.0266992
 0.61645 0.201501 0.123423 0.0453229 0.0133036
 0.541783 0.353402 0.0550651 0.0337283 0.0160211
 0.277665 0.514196 0.160529 0.0250126 0.0225981
 0.374922 0.276882 0.247864 0.0773817 0.0229504
 0.77078 0.127579 0.0450224 0.0403041 0.0163146
pobs_RECLAS
 0 0 0 0 0
 0 0 0 0 0
 0 0 0 0 0
 0 0 0 0 0
 0 0 0 0 0
 0 0 0 0 0
 0 0 0 0 0
 0 0 0 0 0
 0 0 0 0 0
 0 0 0 0 0
 0.991045 0.00858322 0.000360255 1.14367e-05 0
 0.934742 0.0480273 0.0164251 0.00080598 0
 0.827803 0.169806 0.00239088 0 0
 0.941827 0.0461693 0.0120037 0 0
 0.791401 0.0380133 0.147996 0.0225897 0
 0.846168 0.0940531 0.0597789 0 0
 0.134021 0.677848 0.182769 0.00536245 0
 0.80878 0.0450904 0.141981 0.00414843 0
 0.846168 0.0940531 0.0597789 0 0
 0.905697 0.0802665 0.012482 0.00150086 5.37128e-05
 0.989698 0.0102097 9.19794e-05 0 0
 0.975433 0.0193895 0.00387452 0.00125025 5.28907e-05
 0.303575 0.632131 0.0575291 0.00676475 0
 0.966965 0.00978017 0.0227588 0.000495775 0
 0.843318 0.132988 0.00938335 0.0141283 0.000182051
 0.564624 0.303363 0.111486 0.0197234 0.00080311
 0.826376 0.0876187 0.0782897 0.00655872 0.00115652
 0.89761 0.0855135 0.0140674 0.00269457 0.000114338
 0.34875 0.467042 0.161289 0.0227151 0.000203297
 0.318654 0.224769 0.449479 0.00709798 0
 0.937255 0.0296025 0.0250945 0.00804832 0
ppred_RECLAS
 0.305513 0.436567 0.255137 1.44474e-05 0.00276849
 0.251949 0.356589 0.24608 0.143813 0.00156866
 0.480038 0.216531 0.144643 0.0998171 0.0589711
 0.631875 0.243403 0.0519387 0.0346951 0.0380881
 0.538307 0.364391 0.0643359 0.0137284 0.019238
 0.58991 0.289286 0.0953444 0.0168338 0.00862578
 0.376716 0.469533 0.108459 0.0357466 0.00954531
 0.381046 0.356783 0.197499 0.045621 0.019051
 0.386098 0.341452 0.157048 0.0869345 0.0284672
 0.573002 0.245062 0.101192 0.0465426 0.0342004
 0.665756 0.249063 0.0488876 0.0201869 0.0161074
 0.6154 0.308975 0.0563521 0.0110611 0.00821184
 0.582391 0.326811 0.0729439 0.0133038 0.00455004
 0.54294 0.345806 0.0870649 0.0194328 0.00475639
 0.648204 0.259405 0.069902 0.0175995 0.00488966
 0.853328 0.11778 0.0213044 0.0057409 0.00184699
 0.361655 0.592558 0.0367675 0.00665062 0.00236872
 0.761474 0.129678 0.101041 0.00626946 0.00153794
 0.548376 0.394084 0.0312825 0.0243743 0.0018834
 0.480791 0.377639 0.123533 0.0098061 0.00823099
 0.624246 0.250606 0.0910249 0.029776 0.00434761
 0.58879 0.320396 0.0605677 0.0219994 0.00824717
 0.273063 0.54967 0.138118 0.0261098 0.0130388
 0.619959 0.16701 0.161082 0.0404759 0.0114726
 0.503049 0.384182 0.0495567 0.0477978 0.0154146
 0.349425 0.441066 0.161967 0.0208926 0.0266496
 0.618196 0.200584 0.122861 0.0451166 0.0132431
 0.54345 0.352117 0.0548647 0.0336056 0.0159629
 0.278686 0.513469 0.160302 0.0249773 0.0225661
 0.376559 0.276157 0.247215 0.0771791 0.0228903
 0.77209 0.12685 0.0447651 0.0400738 0.0162213
pobs_PELACES
 0 0 0 0 0
 0 0 0 0 0
 0 0 0 0 0
 0 0 0 0 0
 0 0 0 0 0
 0 0 0 0 0
 0 0 0 0 0
 0 0 0 0 0
 0 0 0 0 0
 0 0 0 0 0
 0 0 0 0 0
 0 0 0 0 0
 0 0 0 0 0
 0 0 0 0 0
 0 0 0 0 0
 0 0 0 0 0
 0.505614 0.472636 0.0217494 0 0
 0 0 0 0 0
 0.443492 0.261883 0.143347 0.151278 0
 0.227955 0.32914 0.350689 0.0885471 0.00366901
 0.970185 0.0296113 0.000203453 0 0
 0.997202 0.00247181 0.000326279 0 0
 0.445219 0.490057 0.0546422 0.010081 0
 0.90214 0.0892962 0.00764917 0.000914606 0
 0 0 0 0 0
 0.581667 0.319106 0.0959925 0.00289975 0.000334073
 0.762889 0.0836404 0.116647 0.0363945 0.000428098
 0.88444 0.0763242 0.0277011 0.0115352 0
 0.521256 0.241999 0.230069 0.00667565 0
 0.616807 0.101726 0.260614 0.0208532 0
 0.833518 0.0704572 0.0857862 0.0102388 0
ppred_PELACES
 0.310398 0.433496 0.253342 1.43458e-05 0.00274902
 0.259191 0.353137 0.243697 0.142421 0.00155347
 0.489166 0.21273 0.142104 0.0980648 0.0579359
 0.645126 0.234641 0.0500691 0.0334463 0.0367171
 0.542663 0.360953 0.0637289 0.0135988 0.0190565
 0.599401 0.282591 0.0931378 0.0164442 0.00842615
 0.395249 0.455572 0.105234 0.0346837 0.00926149
 0.383808 0.355191 0.196617 0.0454175 0.0189661
 0.396861 0.335466 0.154295 0.0854104 0.0279681
 0.586774 0.237159 0.0979287 0.0450415 0.0330973
 0.669457 0.246304 0.0483462 0.0199633 0.0159291
 0.633588 0.294363 0.0536872 0.0105381 0.0078235
 0.599669 0.31329 0.0699259 0.0127534 0.00436179
 0.57014 0.325227 0.0818836 0.0182763 0.00447334
 0.663242 0.248316 0.0669139 0.0168472 0.00468064
 0.861898 0.110898 0.0200596 0.00540547 0.00173907
 0.369329 0.585434 0.0363255 0.00657067 0.00234025
 0.769782 0.125161 0.0975216 0.0060511 0.00148438
 0.563671 0.380737 0.0302231 0.0235489 0.00181962
 0.493669 0.368272 0.120469 0.00956288 0.00802683
 0.633486 0.244443 0.0887866 0.0290438 0.0042407
 0.60144 0.31054 0.0587044 0.0213226 0.00799346
 0.278681 0.545423 0.137051 0.025908 0.0129381
 0.626661 0.164065 0.158241 0.039762 0.0112703
 0.509497 0.379197 0.0489137 0.0471776 0.0152146
 0.35393 0.438012 0.160845 0.0207479 0.0264651
 0.624465 0.19729 0.120844 0.0443758 0.0130256
 0.549504 0.347448 0.0541373 0.03316 0.0157512
 0.282505 0.51075 0.159453 0.024845 0.0224466
 0.382515 0.273518 0.244854 0.0764418 0.0226716
 0.776767 0.124247 0.0438464 0.0392513 0.0158884
pobs_pel_tallas
 0 0 0 0 0 0 0 0 0 0 0 0 0 0 0 0 0 0 0 0 0 0 0 0 0 0
 0 0 0 0 0 0 0 0 0 0 0 0 0 0 0 0 0 0 0 0 0 0 0 0 0 0
 0 0 0 0 0 0 0 0 0 0 0 0 0 0 0 0 0 0 0 0 0 0 0 0 0 0
 0 0 0 0 0 0 0 0 0 0 0 0 0 0 0 0 0 0 0 0 0 0 0 0 0 0
 0 0 0 0 0 0 0 0 0 0 0 0 0 0 0 0 0 0 0 0 0 0 0 0 0 0
 0 0 0 0 0 0 0 0 0 0 0 0 0 0 0 0 0 0 0 0 0 0 0 0 0 0
 0 0 0 0 0 0 0 0 0 0 0 0 0 0 0 0 0 0 0 0 0 0 0 0 0 0
 0 0 0 0 0 0 0 0 0 0 0 0 0 0 0 0 0 0 0 0 0 0 0 0 0 0
 0 0 0 0 0 0 0 0 0 0 0 0 0 0 0 0 0 0 0 0 0 0 0 0 0 0
 0 0 0 0 0 0 0 0 0 0 0 0 0 0 0 0 0 0 0 0 0 0 0 0 0 0
 0 0 0 0 0 0 0 0 0 0 0 0 0 0 0 0 0 0 0 0 0 0 0 0 0 0
 0 0 0 0 0 0 0 0 0 0 0 0 0 0 0 0 0 0 0 0 0 0 0 0 0 0
 0.00862536 0 0 0.000197151 0.00414017 0.0128641 0.00837892 0.0270097 0.101434 0.158115 0.152841 0.127902 0.109271 0.109419 0.0830992 0.0579132 0.0238553 0.00714673 0.00463305 0.00128148 0.00103504 0.000492878 0.000147863 0.000147863 4.92878e-05 0
 0 0 0 0 0 0 0 0 0 0 0 0 0 0 0 0 0 0 0 0 0 0 0 0 0 0
 0 0 0 0 0 0 0 0.0054083 0.00873648 0.0413646 0.0450493 0.0745869 0.0622846 0.0627006 0.0613931 0.0827291 0.12552 0.122667 0.0946155 0.0697135 0.0546179 0.0294188 0.0215738 0.0213955 0.0102223 0.00600262
 0 0 0 0 0.00359764 0.0251062 0.0480494 0.140153 0.205849 0.193036 0.1447 0.116669 0.0760912 0.0342217 0.00950174 0.001854 0.000860785 0 0 0 0.000165536 0 0.000143464 0 0 0
 0 0 0 0 0 0 0 0.000145254 0.000435761 0.0275982 0.070085 0.0708112 0.156366 0.174668 0.174014 0.160142 0.0824315 0.0480064 0.0283245 0.00493863 0.00203355 0 0 0 0 0
 0 0 0 0 0 0 0 0 0 0 0 0 0 0 0 0 0 0 0 0 0 0 0 0 0 0
 0 0 1.00437e-05 0.000401748 0.00122533 0.00171747 0.00176769 0.0269171 0.070346 0.194647 0.189555 0.159765 0.064822 0.0314167 0.0384472 0.0292271 0.0345202 0.0313363 0.0194345 0.0106764 0.0143323 0.0359363 0.0279516 0.0138201 0.00172751 0
 0 0.0021121 0.0136068 0.0755702 0.200478 0.177729 0.0527432 0.0373336 0.0318909 0.0142505 0.0149659 0.0166563 0.0217959 0.0798694 0.0677717 0.0528807 0.04013 0.0224614 0.0357745 0.0225083 0.00881397 0.00855152 0.00135912 0.000746735 0 0
 0 0 0 0 5.4009e-05 0.00500934 0.000945158 0.0243581 0.138947 0.33067 0.221406 0.137944 0.0707744 0.0437923 0.0131692 0.00525238 0.0047753 0.00276346 9.45158e-05 9.00151e-06 2.25038e-05 9.00151e-06 4.50075e-06 0 0 0
 0.000866109 0.00284123 0.00948549 0.0512746 0.133035 0.25785 0.225252 0.132002 0.0553304 0.0519788 0.0540692 0.017754 0.00435017 0.00159236 0.00146478 0.000404838 0.000125132 0.000115318 0.000107957 0.000100596 0 0 0 0 0 0
 0 0 0 0 0.00144013 0.00171154 0.00461396 0.0210425 0.0478622 0.0707936 0.0888783 0.103762 0.0637923 0.0337046 0.0602308 0.124433 0.169614 0.0934646 0.0462172 0.0250306 0.0313229 0.00938855 0.002487 0.000210481 0 0
 0 0.00764035 0.051015 0.0998891 0.058973 0.0496711 0.0374665 0.0718981 0.12319 0.153886 0.159021 0.0857701 0.0377988 0.023471 0.0147837 0.00900784 0.00315554 0.000888139 0.00291439 0.00214683 0.00393193 0.00274676 0.000635225 9.99891e-05 0 0
 0 0 0 0 0 0 0 0 0 0 0 0 0 0 0 0 0 0 0 0 0 0 0 0 0 0
 0 0 0 0 0 0 0 0 0 0 0 0 0 0 0 0 0 0 0 0 0 0 0 0 0 0
 0 0 0 0 0 0 0 0 0 0 0 0 0 0 0 0 0 0 0 0 0 0 0 0 0 0
 0 0 0 0 0 0 0 0 0 0 0 0 0 0 0 0 0 0 0 0 0 0 0 0 0 0
 0 0 0 0 0 0 0 0 0 0 0 0 0 0 0 0 0 0 0 0 0 0 0 0 0 0
 0 0 0 0 0 0 0 0 0 0 0 0 0 0 0 0 0 0 0 0 0 0 0 0 0 0
 0 0 0 0 0 0 0 0 0 0 0 0 0 0 0 0 0 0 0 0 0 0 0 0 0 0
ppred_pel_tallas
 1.07889e-16 2.55672e-05 0.000248522 0.00165152 0.00750759 0.0233591 0.0497706 0.0726505 0.0726926 0.0499763 0.0240507 0.00950873 0.00668848 0.0112897 0.0211272 0.0352299 0.0515388 0.0664419 0.0761858 0.0788958 0.0754829 0.0686475 0.060899 0.0532767 0.0455552 0.0372994
 1.21669e-16 2.13493e-05 0.000207523 0.00137906 0.00626904 0.0195055 0.0415598 0.0606649 0.0606993 0.041728 0.0200712 0.0079074 0.0055088 0.00928041 0.0174233 0.0292225 0.0431659 0.0565653 0.0666819 0.0722907 0.0742782 0.0746647 0.0748844 0.0747828 0.0730087 0.0682295
 1.23795e-16 4.0292e-05 0.000391652 0.00260267 0.0118314 0.0368119 0.0784324 0.114479 0.114499 0.0785337 0.0371528 0.012819 0.00509299 0.00586552 0.0105484 0.0176754 0.0261817 0.0344938 0.0410719 0.0453332 0.0479847 0.0503729 0.0533587 0.0566337 0.0589353 0.0588578
 1.11073e-16 5.31382e-05 0.000516522 0.00343247 0.0156035 0.0485485 0.103439 0.150976 0.150999 0.103549 0.0489205 0.0166784 0.00613288 0.00641947 0.0112882 0.0186443 0.027018 0.0343468 0.0385906 0.0388786 0.0360514 0.0320755 0.028797 0.0269944 0.0262951 0.0257513
 1.06521e-16 4.46985e-05 0.000434485 0.00288731 0.0131253 0.0408379 0.0870107 0.127002 0.127037 0.0871808 0.0414091 0.0147756 0.00703109 0.00948441 0.0172441 0.0284693 0.0410838 0.0518311 0.0574219 0.056351 0.0497873 0.0407516 0.0322694 0.0259403 0.0217532 0.0188368
 1.05836e-16 4.93719e-05 0.000479913 0.00318919 0.0144976 0.0451076 0.0961075 0.140277 0.140305 0.096241 0.0455563 0.0157946 0.00644896 0.00760981 0.0136308 0.0225623 0.0327447 0.0416958 0.046903 0.0471885 0.0433591 0.0375507 0.031832 0.0271906 0.0235023 0.020176
 1.08199e-16 3.25562e-05 0.000316458 0.00210298 0.00955985 0.0297445 0.0633754 0.0925074 0.0925514 0.0635903 0.0304664 0.0116459 0.00734265 0.0117665 0.021813 0.0361015 0.0522194 0.0661277 0.0737207 0.0731039 0.0656861 0.0551293 0.0450443 0.0372539 0.0316425 0.0271556
 1.1353e-16 3.16138e-05 0.000307297 0.0020421 0.00928312 0.0288834 0.0615404 0.0898273 0.0898617 0.061709 0.0294501 0.0109231 0.00617043 0.0093586 0.0173368 0.0289134 0.0423568 0.0547568 0.0631339 0.066085 0.0644987 0.0606765 0.0566299 0.0529731 0.0490997 0.0441512
 1.17837e-16 3.2689e-05 0.000317749 0.00211155 0.00959883 0.0298657 0.0636332 0.0928814 0.0929139 0.0637923 0.0304003 0.0111455 0.00600393 0.00884811 0.0163325 0.0272126 0.0398264 0.0514329 0.0592679 0.0621168 0.0609872 0.0582323 0.0558502 0.0543389 0.0528232 0.0500337
 1.13005e-16 4.83318e-05 0.000469803 0.003122 0.0141922 0.0441573 0.0940827 0.137321 0.137344 0.094195 0.0445348 0.0152842 0.00586906 0.00648689 0.0115363 0.0191563 0.027976 0.0360113 0.0412839 0.0429321 0.0417024 0.039338 0.0373636 0.0362402 0.0354077 0.0339446
 1.06156e-16 5.51424e-05 0.000536003 0.00356193 0.016192 0.0503796 0.10734 0.156671 0.156694 0.107456 0.0507696 0.0173191 0.00639242 0.00671991 0.0118144 0.0194843 0.0281599 0.0356251 0.0396659 0.0392849 0.0352928 0.0297327 0.0246097 0.0209189 0.0185406 0.0167841
 1.04006e-16 5.21879e-05 0.000507285 0.00337109 0.0153245 0.0476803 0.101589 0.148278 0.148306 0.101728 0.0481462 0.0166704 0.00675055 0.00788793 0.0140789 0.0232178 0.0335001 0.0422515 0.0467774 0.0458315 0.0403428 0.0327521 0.0255172 0.0199593 0.0161189 0.0133606
 1.04116e-16 4.9394e-05 0.000480127 0.00319062 0.0145041 0.0451278 0.0961507 0.140341 0.140371 0.0962984 0.0456241 0.015938 0.00679185 0.00834814 0.0150112 0.0247878 0.0358182 0.0452819 0.0503264 0.0496206 0.0441157 0.0363379 0.0288149 0.0228818 0.0185622 0.0152261
 1.05037e-16 4.69618e-05 0.000456485 0.0030335 0.0137899 0.0429056 0.0914162 0.133431 0.133463 0.0915696 0.0434211 0.0152796 0.00677573 0.00863519 0.0156074 0.0258001 0.0373301 0.0472967 0.0527616 0.0523542 0.0470484 0.0394201 0.032019 0.0261492 0.0217731 0.0182166
 1.04477e-16 5.46304e-05 0.000531027 0.00352886 0.0160417 0.0499119 0.106343 0.155216 0.15524 0.106461 0.0503056 0.0171797 0.00638802 0.00678113 0.0119499 0.019735 0.0285785 0.0362634 0.0405592 0.0404288 0.0366131 0.0310595 0.0256782 0.0214194 0.0182128 0.015519
 1.01444e-16 7.09934e-05 0.000690081 0.00458583 0.0208465 0.0648614 0.138194 0.201701 0.201712 0.138247 0.0650369 0.0213536 0.00585902 0.00347069 0.00535553 0.008751 0.0126219 0.0159199 0.0176272 0.0172745 0.0152113 0.0123561 0.00963208 0.00753392 0.0060743 0.00501363
 1.02253e-16 3.04213e-05 0.000295706 0.00196507 0.00893297 0.0277941 0.0592203 0.0864456 0.0865019 0.0594956 0.0287182 0.0116012 0.00865905 0.0148962 0.0277225 0.0456857 0.0655807 0.0819875 0.0893988 0.0852708 0.07156 0.0534499 0.0363308 0.0233621 0.015004 0.0100909
 1.03705e-16 6.34059e-05 0.000616328 0.00409572 0.0186185 0.0579293 0.123425 0.180145 0.180157 0.123484 0.0581298 0.0191993 0.0055593 0.00383092 0.00622571 0.0103407 0.015235 0.0198736 0.0232177 0.0247419 0.0246637 0.0236417 0.0222241 0.0205331 0.0183894 0.0156598
 1.0364e-16 4.64289e-05 0.000451306 0.00299909 0.0136334 0.0424189 0.0903793 0.131919 0.131956 0.0905584 0.0430203 0.01537 0.00735668 0.009959 0.0180889 0.0297945 0.0428321 0.0536932 0.0588404 0.0566614 0.0484455 0.0375323 0.0273346 0.0197614 0.0149473 0.0120011
 1.05889e-16 4.0663e-05 0.000395259 0.00262663 0.0119403 0.037151 0.0791554 0.115537 0.115573 0.0793294 0.0377355 0.0136301 0.00687317 0.00968212 0.0177267 0.0293677 0.0425939 0.054169 0.0607917 0.0608953 0.0555063 0.0474067 0.039329 0.0326398 0.0272884 0.0226164
 1.06256e-16 5.21794e-05 0.000507203 0.00337054 0.015322 0.0476726 0.101572 0.148253 0.148276 0.101688 0.048061 0.0164452 0.00619441 0.0066867 0.0118323 0.0195948 0.0284953 0.0364103 0.0412004 0.0418717 0.0391196 0.0347455 0.0304471 0.0269581 0.0240575 0.0211661
 1.05265e-16 4.95399e-05 0.000481545 0.00320004 0.0145469 0.0452611 0.0964346 0.140755 0.140785 0.096581 0.0457527 0.0159673 0.00676689 0.00827275 0.0148606 0.0245268 0.0354169 0.0447313 0.0496488 0.0488761 0.0434044 0.0357983 0.0286112 0.0231691 0.0194343 0.0166671
 1.08883e-16 2.29547e-05 0.000223128 0.00148276 0.00674046 0.0209724 0.0446858 0.0652312 0.0652839 0.0449432 0.0218369 0.00923872 0.00775843 0.0139386 0.0261168 0.0432598 0.0625952 0.0793016 0.0884547 0.0877585 0.0788526 0.0660679 0.0536943 0.0439297 0.0367124 0.0308983
 1.10504e-16 5.16173e-05 0.000501739 0.00333423 0.0151569 0.0471589 0.100478 0.146654 0.14667 0.100556 0.047423 0.0159226 0.00526703 0.00475718 0.00823979 0.0138193 0.0205566 0.0272273 0.0325908 0.0360495 0.0378923 0.038849 0.0393556 0.0391905 0.0377382 0.0345608
 1.08815e-16 4.19666e-05 0.000407931 0.00271084 0.0123231 0.038342 0.0816931 0.119241 0.119278 0.0818717 0.0389418 0.0140557 0.00706045 0.00990539 0.0180868 0.0298568 0.0430654 0.0543011 0.0601354 0.0590444 0.0523403 0.0432808 0.0350797 0.0293561 0.0259292 0.0236511
 1.11314e-16 2.91528e-05 0.000283376 0.00188313 0.00856048 0.0266351 0.0567504 0.0828377 0.0828801 0.0569575 0.027331 0.0105727 0.00694189 0.0113524 0.0211267 0.0350782 0.0509916 0.0650951 0.0735348 0.074507 0.0692491 0.061013 0.0529082 0.0463537 0.0410627 0.0360649
 1.10193e-16 5.14364e-05 0.00049998 0.00332254 0.0151038 0.0469937 0.100126 0.14614 0.14616 0.100219 0.047309 0.0160166 0.00562168 0.00554525 0.00971087 0.0161771 0.0237817 0.03093 0.0360217 0.0383247 0.0383426 0.0373011 0.0361919 0.0351746 0.0337216 0.0312132
 1.07643e-16 4.5262e-05 0.000439962 0.00292371 0.0132908 0.0413527 0.0881075 0.128603 0.128636 0.0882712 0.0419025 0.0148791 0.00691161 0.00914918 0.0165968 0.0273972 0.0395401 0.0498997 0.0553322 0.0544248 0.0483458 0.0400361 0.0324043 0.0269295 0.0234856 0.0210959
 1.11023e-16 2.32697e-05 0.000226189 0.00150311 0.00683296 0.0212601 0.0452988 0.0661252 0.0661746 0.0455401 0.0220707 0.00917608 0.00739154 0.0131034 0.0245463 0.0407182 0.0590637 0.0751345 0.0843833 0.0846869 0.0775344 0.0668438 0.056425 0.0481193 0.0417158 0.0361027
 1.18639e-16 3.15073e-05 0.000306262 0.00203522 0.00925184 0.028786 0.0613327 0.0895224 0.0895492 0.0614634 0.0292258 0.0105265 0.00525186 0.00738485 0.0136421 0.0229426 0.034081 0.0450424 0.0537599 0.0592661 0.0621135 0.0636219 0.0646175 0.0647734 0.0630119 0.0584602
 1.07923e-16 6.39813e-05 0.000621921 0.00413288 0.0187875 0.058455 0.124545 0.181779 0.181791 0.124604 0.0586526 0.0193592 0.00557078 0.00377085 0.00607448 0.0100224 0.0146291 0.0188297 0.0216013 0.0225216 0.0220212 0.0210494 0.0204143 0.020319 0.0203812 0.0200022
pSPR Fmed_Fpbrs
0.702628   0.285357 0.285357
Fs Fmed_Fpbrs
0.225493   1.005 1.005
SSBpbr Bo_Bmed_Bpbrs
2.0718e+06  1.35211e+06  487611 487611
Ro
214207
SPR SPRFo_SPRFmed_SPRFpbrs
1.52893e+06 1.07427e+06 436291
Fref
1.005
Nvult_r0
 351795 31299.6 11045.6 9887.98 4002.52
CTP_r0
 26402.3 4370.11 1542.2 1380.58 558.84
YTP_r0
391383
Np
 313505 69777.7 24318.2 1918.25 768.105
Nvult_p0
 243727 60381.4 21043.5 1659.94 664.672
CTP_p0
 81512.6 78330.4 6178.8 2180.49 2562.49
 81512.6 30266 10548 832.039 333.165
YTP_p0
 2.13161e+06 1.36448e+06
CBA_c0
1.90147e+06
log_Ro
12.0947
likeval ReclasPelacesDesembMPH_pf_preclas_ppelaces_ptallas_desvR_qrecl_qpela
 19.8851 19.7471 0.177402 0.00322306 250.577 137.768 105.299 0 20.2961 0 0 0.839229 0 0 0
q_reclas_q_pelaces
1 1
M
1
N
 218971 161981 94664.3 5.36047 1027.2
 100243 75149 51859.8 30307.7 330.585
 137848 32859.7 21950.4 15147.8 8949.19
 216057 45395.3 9686.7 6470.74 7103.54
 192164 66790.9 11792.4 2516.34 3526.22
 257558 67034.4 22093.5 3900.78 1998.8
 119861 84093 19425 6402.19 1709.56
 73007.5 34790.3 19258.3 4448.56 1857.69
 54746 25923 11923.1 6600.05 2161.23
 75388.8 17562.9 7252.18 3335.58 2451.04
 121807 23367.5 4586.72 1893.97 1511.23
 150885 42601.4 7769.82 1525.11 1132.25
 140337 43879.8 9793.93 1786.26 610.918
 110460 41571.4 10466.6 2336.14 571.796
 131450 29096.1 7840.56 1974.05 548.448
 514841 39517.5 7148.04 1926.19 619.701
 177752 153108 9500.15 1718.42 612.041
 647624 59152.2 46089.4 2859.8 701.529
 524616 207059 16436.5 12806.8 989.576
 376694 159956 52324.6 4153.55 3486.38
 556156 118537 43054.9 14084.1 2056.43
 615959 181467 34304.6 12460.1 4671.07
 184012 193268 48563.2 9180.38 4584.54
 441985 62164.6 59958.2 15065.9 4270.34
 375553 149122 19235.7 18553 5983.26
 196474 127770 46919.2 6052.23 7719.96
 403028 68078.2 41699 15312.6 4494.71
 406822 136765 21309.9 13052.7 6200.09
 146604 138984 43389.8 6760.74 6108.1
 133666 50928 45590.8 14233.2 4221.36
 532384 45544.7 16072.6 14388.2 5824.15
pred_Ctot
 9341.89 13433.1 7850.56 0.444546 85.1864
 6968.46 9971.93 6881.56 4021.7 43.8672
 9218.03 4201.97 2806.92 1937.04 1144.39
 22120.2 8674 1850.91 1236.41 1357.32
 6313.97 4294.15 758.163 161.781 226.709
 18491.8 9172.71 3023.19 533.766 273.507
 16298.3 20848.6 4815.9 1587.25 423.839
 1611.2 1513.22 837.649 193.492 80.801
 4477.81 4013.56 1846.01 1021.86 334.615
 7608.51 3311.42 1367.37 628.91 462.134
 3811.1 1432.11 281.103 116.074 92.6176
 20365.7 10491.4 1913.46 375.586 278.836
 17586.1 10100.6 2254.43 411.173 140.625
 20373.9 13509.8 3401.41 759.192 185.821
 15442.2 6312.96 1701.16 428.307 118.996
 63450.2 8958.97 1620.53 436.684 140.492
 10809.1 17877.8 1109.29 200.653 71.4656
 54208 9359.97 7292.99 452.521 111.007
 57647.5 42244.5 3353.39 2612.85 201.894
 34878.4 27828 9103.09 722.608 606.538
 40137.1 16300.1 5920.51 1936.71 282.78
 58020.9 32082.5 6064.87 2202.88 825.82
 9567.82 19411.5 4877.6 922.062 460.463
 23318 6331.92 6107.18 1534.58 434.966
 17965 13818.2 1782.45 1719.18 554.43
 7253.45 9204.71 3380.13 436.012 556.157
 19892.8 6502.42 3982.84 1462.57 429.308
 18458.8 12040.6 1876.09 1149.14 545.847
 5187.33 9606.2 2999 467.286 422.177
 6273.44 4632.96 4147.43 1294.8 384.021
 26402.3 4370.11 1542.2 1380.58 558.84
F
 0.0694666 0.138933 0.138933 0.138933 0.138933
 0.115345 0.230689 0.230689 0.230689 0.230689
 0.110747 0.221494 0.221494 0.221494 0.221494
 0.173975 0.34795 0.34795 0.34795 0.34795
 0.0531411 0.106282 0.106282 0.106282 0.106282
 0.119322 0.238645 0.238645 0.238645 0.238645
 0.236991 0.473981 0.473981 0.473981 0.473981
 0.0354318 0.0708636 0.0708636 0.0708636 0.0708636
 0.136914 0.273828 0.273828 0.273828 0.273828
 0.171313 0.342627 0.342627 0.342627 0.342627
 0.0505489 0.101098 0.101098 0.101098 0.101098
 0.235062 0.470125 0.470125 0.470125 0.470125
 0.216632 0.433265 0.433265 0.433265 0.433265
 0.334052 0.668104 0.668104 0.668104 0.668104
 0.201884 0.403767 0.403767 0.403767 0.403767
 0.212718 0.425436 0.425436 0.425436 0.425436
 0.100279 0.200557 0.200557 0.200557 0.200557
 0.140305 0.280611 0.280611 0.280611 0.280611
 0.187769 0.375539 0.375539 0.375539 0.375539
 0.15621 0.312419 0.312419 0.312419 0.312419
 0.119973 0.239946 0.239946 0.239946 0.239946
 0.159105 0.31821 0.31821 0.31821 0.31821
 0.0852143 0.170429 0.170429 0.170429 0.170429
 0.0865088 0.173018 0.173018 0.173018 0.173018
 0.0781705 0.156341 0.156341 0.156341 0.156341
 0.0598752 0.11975 0.11975 0.11975 0.11975
 0.0807435 0.161487 0.161487 0.161487 0.161487
 0.0740189 0.148038 0.148038 0.148038 0.148038
 0.0573254 0.114651 0.114651 0.114651 0.114651
 0.0766478 0.153296 0.153296 0.153296 0.153296
 0.0811399 0.16228 0.16228 0.16228 0.16228
YTP_r0W_actual
 219139 61618.5 42564.8 47215.8 20844.7
YTP_p0W_proyectada
 610530 1.22744e+06 142916 64040.9 86689.2
 610530 474268 243975 24437 11271
CTP_r0_actual
 26402.3 4370.11 1542.2 1380.58 558.84
CTP_p0_proyectada
 81512.6 78330.4 6178.8 2180.49 2562.49
 81512.6 30266 10548 832.039 333.165
Wmedp
 7.49 15.67 23.13 29.37 33.83
Frms_r0
 0.0811399 0.16228 0.16228 0.16228 0.16228
Zrms_r0
 1.08114 1.16228 1.16228 1.16228 1.16228
nmprior
 8.19 8.8 8.5 0
nm_flota  nm_reclas  nm_pelaces    nm_pelaL
inf 7.259 7.6368 14.0535
cv_recla  cv_pelaces  cv_mph
0.403357 0.503877 1.75202
 ------------------------------------------------
Talla a la edad & desviaci?n 
 8 13.2811 15.8009 17.003 17.5766
 0.8 1.32811 1.58009 1.7003 1.75766
