years
 1991 1992 1993 1994 1995 1996 1997 1998 1999 2000 2001 2002 2003 2004 2005 2006 2007 2008 2009 2010 2011 2012 2013 2014 2015 2016 2017 2018 2019 2020 2021
reclasobs
 0 0 0 0 0 0 0 0 0 252601 567819 844713 477998 351125 339783 2.1784e+06 2.13404e+06 4.81314e+06 1.55562e+06 2.62356e+06 3.21686e+06 3.843e+06 1.13348e+06 3.07943e+06 1.97215e+06 2.03268e+06 2.025e+06 2.42433e+06 2.27542e+06 1.05018e+06 2.36338e+06
reclaspred
 3.18942e+06 1.71432e+06 866303 864380 864164 1.71928e+06 897422 739838 511235 322291 498133 712191 701581 501784 473302 1.426e+06 1.14871e+06 3.36703e+06 2.56989e+06 1.846e+06 3.14781e+06 2.60609e+06 1.89067e+06 3.06225e+06 2.25194e+06 1.95588e+06 2.41394e+06 2.71685e+06 2.09147e+06 1.18582e+06 1.78417e+06
pelacesobs
 0 0 0 0 0 0 0 0 0 0 0 0 0 0 0 552880 188675 0 991730 2.46772e+06 1.41603e+06 1.21717e+06 2.29649e+06 1.80582e+06 0 1.4828e+06 1.56532e+06 1.57751e+06 1.42118e+06 867257 1.10002e+06
pelacespred
 1.73847e+06 1.00679e+06 486610 397545 447181 929505 408362 469821 283602 158953 279972 329304 362449 256489 250691 651528 540578 1.87554e+06 1.43037e+06 923723 1.62793e+06 1.37171e+06 1.04547e+06 1.88273e+06 1.31316e+06 1.15574e+06 1.62382e+06 1.7984e+06 1.16687e+06 727912 1.06174e+06
mphobs
 0 0 0 0 0 0 0 0 0 0 0 498337 0 5186 125008 0 168611 109162 213762 579715 649985 157893 87575 83554 0 0 0 0 0 0 0
mphpred
 493638 329781 154263 85872.2 88662.7 109503 170162 82218 72648.4 41671.3 23887.5 60920.7 66465.5 53244.7 30040.5 37598.3 157367 124464 339464 221511 232406 283057 275113 209092 311904 256122 204021 226503 341700 212353 114893
desembarqueobs
 494567 514787 250237 358949 120608 361735 552515 73892 212993 205616 52469 317467 293654 387597 252695 516296 358380 742168 942051 627588 828172 859565 418607 520667 417249 300574 415391 372974 316634 284311 391294
desembarquepred
 494562 514100 250484 358977 120612 361720 552460 73896.7 213044 205659 52471.1 317498 293651 387488 252639 516170 358389 741948 941607 627259 828220 859434 418577 520670 417204 300553 415358 372913 316587 284289 391282
Reclutas
 157777 89211 88505.1 119253 96433.2 205851 73177.7 28709.6 30268.9 41328.3 75574.4 118960 99110.8 69748.7 59764.1 329620 56373.9 552063 288076 242721 315962 453601 80723.1 244846 212207 88817.4 207213 240518 66553.4 45906.2 177071
log_desv_Rt
 0.272317 -0.29786 -0.305805 -0.00761925 -0.220015 0.538288 -0.495973 -1.43163 -1.37874 -1.06732 -0.463747 -0.0100799 -0.192627 -0.543966 -0.69846 1.00908 -0.756858 1.5248 0.874359 0.703049 0.966756 1.32835 -0.39784 0.711765 0.568697 -0.302282 0.544882 0.693929 -0.59086 -0.962266 0.387687
SSB
 1.56569e+06 1.04598e+06 489284 272365 281215 347315 539710 260774 230422 132171 75765.1 193225 210812 168879 95280.8 119252 499128 394767 1.07669e+06 702577 737133 897784 872587 663187 989281 812354 647103 718410 1.08379e+06 673530 364412
BT
 2.2952e+06 1.58607e+06 761988 730239 584897 1.34128e+06 930201 581992 522213 370981 356637 627408 666261 685922 532508 1.14697e+06 868072 2.76237e+06 2.46668e+06 1.56584e+06 2.48455e+06 2.29621e+06 1.499e+06 2.58452e+06 1.81828e+06 1.52828e+06 2.2313e+06 2.37199e+06 1.523e+06 1.06777e+06 1.557e+06
Ftot
 0.26507 0.493116 0.48739 0.761362 0.260538 0.420781 0.990701 0.182616 0.745481 1.11852 0.225829 0.840185 0.782182 1.38754 1.06126 0.779096 0.536697 0.468333 0.659511 0.629063 0.5028 0.624537 0.381835 0.341868 0.337468 0.273795 0.341262 0.278525 0.25289 0.404081 0.448145
BD_Bspro_t
 0.958689 0.729773 0.498003 0.394629 0.37766 0.480327 0.510445 0.300618 0.346859 0.272969 0.22449 0.508123 0.392166 0.299284 0.188134 0.22755 0.430412 0.364692 0.537245 0.40433 0.370999 0.415328 0.435583 0.406376 0.537814 0.548174 0.549188 0.603837 0.677076 0.573149 0.463078
BD_Bspro
 1.82284 1.21777 0.569644 0.317098 0.327402 0.404358 0.628352 0.303604 0.268267 0.153878 0.0882087 0.22496 0.245435 0.196615 0.11093 0.138838 0.581105 0.459603 1.25353 0.817968 0.8582 1.04524 1.0159 0.772108 1.15176 0.945775 0.753383 0.836402 1.26179 0.78415 0.424263
BD_Bo
 1.16202 0.776304 0.363136 0.202143 0.208712 0.25777 0.400561 0.193541 0.171014 0.0980943 0.0562312 0.143407 0.15646 0.125338 0.0707153 0.0885063 0.370442 0.292988 0.799098 0.521437 0.547084 0.666316 0.647615 0.492203 0.734223 0.602912 0.480266 0.533189 0.804362 0.499879 0.270459
BD_Brms
 5.98823 4.0005 1.87134 1.0417 1.07555 1.32836 2.0642 0.99737 0.881283 0.505506 0.289775 0.739017 0.80628 0.645902 0.364415 0.456097 1.90899 1.50984 4.11797 2.68711 2.81927 3.43371 3.33734 2.53645 3.78365 3.10697 2.47494 2.74767 4.1451 2.57601 1.39375
Sel_flota
 0.665893 0.974272 0.998612 0.999927 0.999996
 0.665893 0.974272 0.998612 0.999927 0.999996
 0.665893 0.974272 0.998612 0.999927 0.999996
 0.665893 0.974272 0.998612 0.999927 0.999996
 0.665893 0.974272 0.998612 0.999927 0.999996
 0.665893 0.974272 0.998612 0.999927 0.999996
 0.665893 0.974272 0.998612 0.999927 0.999996
 0.665893 0.974272 0.998612 0.999927 0.999996
 0.665893 0.974272 0.998612 0.999927 0.999996
 0.665893 0.974272 0.998612 0.999927 0.999996
 0.665893 0.974272 0.998612 0.999927 0.999996
 0.665893 0.974272 0.998612 0.999927 0.999996
 0.665893 0.974272 0.998612 0.999927 0.999996
 0.665893 0.974272 0.998612 0.999927 0.999996
 0.665893 0.974272 0.998612 0.999927 0.999996
 0.665893 0.974272 0.998612 0.999927 0.999996
 0.665893 0.974272 0.998612 0.999927 0.999996
 0.665893 0.974272 0.998612 0.999927 0.999996
 0.665893 0.974272 0.998612 0.999927 0.999996
 0.665893 0.974272 0.998612 0.999927 0.999996
 0.665893 0.974272 0.998612 0.999927 0.999996
 0.665893 0.974272 0.998612 0.999927 0.999996
 0.665893 0.974272 0.998612 0.999927 0.999996
 0.665893 0.974272 0.998612 0.999927 0.999996
 0.665893 0.974272 0.998612 0.999927 0.999996
 0.665893 0.974272 0.998612 0.999927 0.999996
 0.665893 0.974272 0.998612 0.999927 0.999996
 0.665893 0.974272 0.998612 0.999927 0.999996
 0.665893 0.974272 0.998612 0.999927 0.999996
 0.665893 0.974272 0.998612 0.999927 0.999996
 0.665893 0.974272 0.998612 0.999927 0.999996
Sel_reclas
 1 1 1 1 1
 1 1 1 1 1
 1 1 1 1 1
 1 1 1 1 1
 1 1 1 1 1
 1 1 1 1 1
 1 1 1 1 1
 1 1 1 1 1
 1 1 1 1 1
 1 1 1 1 1
 1 1 1 1 1
 1 1 1 1 1
 1 1 1 1 1
 1 1 1 1 1
 1 1 1 1 1
 1 1 1 1 1
 1 1 1 1 1
 1 1 1 1 1
 1 1 1 1 1
 1 1 1 1 1
 1 1 1 1 1
 1 1 1 1 1
 1 1 1 1 1
 1 1 1 1 1
 1 1 1 1 1
 1 1 1 1 1
 1 1 1 1 1
 1 1 1 1 1
 1 1 1 1 1
 1 1 1 1 1
 1 1 1 1 1
Sel_pelaces
 0.947771 1 1 1 1
 0.947771 1 1 1 1
 0.947771 1 1 1 1
 0.947771 1 1 1 1
 0.947771 1 1 1 1
 0.947771 1 1 1 1
 0.947771 1 1 1 1
 0.947771 1 1 1 1
 0.947771 1 1 1 1
 0.947771 1 1 1 1
 0.947771 1 1 1 1
 0.947771 1 1 1 1
 0.947771 1 1 1 1
 0.947771 1 1 1 1
 0.947771 1 1 1 1
 0.947771 1 1 1 1
 0.947771 1 1 1 1
 0.947771 1 1 1 1
 0.947771 1 1 1 1
 0.947771 1 1 1 1
 0.947771 1 1 1 1
 0.947771 1 1 1 1
 0.947771 1 1 1 1
 0.947771 1 1 1 1
 0.947771 1 1 1 1
 0.947771 1 1 1 1
 0.947771 1 1 1 1
 0.947771 1 1 1 1
 0.947771 1 1 1 1
 0.947771 1 1 1 1
 0.947771 1 1 1 1
pf_obs 
 0.8446 0.082 0.0669 0.0065 0
 0.8095 0.147 0.0364 0.0071 0
 0.9664 0.0169 0.016 0.0007 0
 0.9276 0.0648 0.0075 0.0001 0
 0.7033 0.2144 0.0806 0.0017 0
 0.9318 0.0425 0.0243 0.0014 0
 0.5671 0.3108 0.0964 0.0239 0.0018
 0.0768 0.2599 0.5324 0.112 0.0189
 0.490249 0.384438 0.106611 0.0170017 0.00170017
 0.7925 0.1577 0.0466 0.003 0.0002
 0.840416 0.127587 0.0312969 0.00059994 9.999e-05
 0.8084 0.0986 0.0794 0.0134 0.0002
 0.7335 0.1905 0.0724 0.0035 0.0001
 0.4001 0.4547 0.1325 0.0127 0
 0.49795 0.308269 0.164784 0.0264974 0.00249975
 0.9179 0.0499 0.0305 0.0017 0
 0.2467 0.6533 0.0926 0.0074 0
 0.9418 0.0223 0.034 0.0019 0
 0.707729 0.231977 0.0356964 0.0245975 0
 0.517169 0.277429 0.184464 0.0207286 0.00020938
 0.811772 0.124168 0.05621 0.00726502 0.000585176
 0.764997 0.148141 0.077277 0.00933861 0.000247198
 0.163321 0.427699 0.378323 0.0303852 0.000271297
 0.753843 0.0900009 0.118128 0.0371064 0.000921714
 0.721811 0.176058 0.0630433 0.0369309 0.00215725
 0.143369 0.312575 0.442814 0.0836902 0.0175525
 0.692698 0.0596174 0.167031 0.0765114 0.00414204
 0.394062 0.376323 0.152708 0.0712218 0.00568511
 0.125707 0.32114 0.495352 0.0537591 0.00404204
 0.23352 0.215282 0.420074 0.123614 0.00750983
 0.774587 0.0839891 0.0768558 0.0609784 0.00358967
pf_pred 
 0.508812 0.153433 0.313584 0.0241698 8.9243e-07
 0.449319 0.338041 0.0676896 0.134592 0.0103589
 0.605291 0.223115 0.106639 0.0207008 0.0442548
 0.728451 0.192831 0.0451089 0.0209005 0.012709
 0.678191 0.263265 0.0420051 0.00948508 0.00705345
 0.790663 0.159315 0.0411273 0.00638474 0.00251008
 0.454725 0.466544 0.0603496 0.0151174 0.00326417
 0.461218 0.319743 0.188473 0.0234414 0.00712473
 0.575382 0.238832 0.111443 0.0639808 0.0103615
 0.765951 0.162937 0.0406296 0.0182985 0.0121834
 0.862973 0.117268 0.0139318 0.00333263 0.00249458
 0.77169 0.206518 0.0187233 0.00216503 0.00090422
 0.716044 0.241862 0.0382085 0.00333853 0.000546175
 0.672837 0.264955 0.0532678 0.00811642 0.000823597
 0.782409 0.173833 0.0357512 0.0068587 0.0011482
 0.951571 0.0419196 0.00524294 0.00103521 0.000231337
 0.355707 0.625319 0.0165029 0.00199151 0.000480163
 0.927828 0.0337272 0.0373472 0.00095485 0.000142765
 0.576831 0.403483 0.00935054 0.0100409 0.000294609
 0.64325 0.24613 0.105642 0.00236684 0.00261141
 0.744548 0.190735 0.0451085 0.0187281 0.000880919
 0.767372 0.191372 0.0310503 0.00711737 0.00308879
 0.306686 0.584267 0.0902352 0.0141638 0.00464723
 0.754668 0.0996049 0.123371 0.018505 0.00385157
 0.635326 0.30153 0.0260765 0.0313879 0.00567915
 0.422802 0.419859 0.130752 0.0109898 0.0155978
 0.740593 0.13657 0.0900253 0.0272736 0.00553749
 0.695485 0.248269 0.0300175 0.01923 0.00699789
 0.331256 0.518761 0.122914 0.0144568 0.0126128
 0.405319 0.254518 0.26549 0.0612123 0.0134608
 0.836619 0.0845279 0.0343282 0.0347632 0.00976206
pobs_RECLAS
 0 0 0 0 0
 0 0 0 0 0
 0 0 0 0 0
 0 0 0 0 0
 0 0 0 0 0
 0 0 0 0 0
 0 0 0 0 0
 0 0 0 0 0
 0 0 0 0 0
 0 0 0 0 0
 0.991045 0.00858322 0.000360255 1.14367e-05 0
 0.934742 0.0480273 0.0164251 0.00080598 0
 0.827803 0.169806 0.00239088 0 0
 0.941827 0.0461693 0.0120037 0 0
 0.791401 0.0380133 0.147996 0.0225897 0
 0.846168 0.0940531 0.0597789 0 0
 0.134021 0.677848 0.182769 0.00536245 0
 0.80878 0.0450904 0.141981 0.00414843 0
 0.846168 0.0940531 0.0597789 0 0
 0.905697 0.0802665 0.012482 0.00150086 5.37128e-05
 0.989698 0.0102097 9.19794e-05 0 0
 0.975433 0.0193895 0.00387452 0.00125025 5.28907e-05
 0.303575 0.632131 0.0575291 0.00676475 0
 0.966965 0.00978017 0.0227588 0.000495775 0
 0.843318 0.132988 0.00938335 0.0141283 0.000182051
 0.564624 0.303363 0.111486 0.0197234 0.00080311
 0.826376 0.0876187 0.0782897 0.00655872 0.00115652
 0.89761 0.0855135 0.0140674 0.00269457 0.000114338
 0.34875 0.467042 0.161289 0.0227151 0.000203297
 0.318654 0.224769 0.449479 0.00709798 0
 0.937255 0.0296025 0.0250945 0.00804832 0
ppred_RECLAS
 0.608575 0.124418 0.247923 0.0190831 7.04561e-07
 0.551007 0.27849 0.0543279 0.107873 0.00830192
 0.697748 0.172827 0.0804762 0.0156004 0.0333485
 0.803103 0.140943 0.0320844 0.0148442 0.00902561
 0.757422 0.199369 0.0310148 0.00699393 0.00520057
 0.849385 0.115335 0.0290141 0.00449804 0.00176822
 0.561402 0.376813 0.0473771 0.0118498 0.00255842
 0.559864 0.263881 0.151688 0.0188411 0.00572612
 0.673941 0.18562 0.0842911 0.0483224 0.00782508
 0.835772 0.11536 0.02794 0.0125639 0.00836451
 0.903012 0.0833069 0.0096506 0.00230542 0.00172556
 0.836976 0.147851 0.0130391 0.00150552 0.000628731
 0.792672 0.177306 0.0272545 0.00237793 0.000388993
 0.764657 0.191708 0.0373732 0.00568517 0.000576841
 0.8474 0.122619 0.0245024 0.00469343 0.000785653
 0.967506 0.0282297 0.00343552 0.000677347 0.000151354
 0.451773 0.532491 0.0136885 0.00164958 0.00039769
 0.950935 0.0232474 0.0250815 0.000640365 9.57376e-05
 0.671888 0.313244 0.0070674 0.00757833 0.000222338
 0.731428 0.186821 0.0780769 0.00174677 0.00192712
 0.813761 0.139986 0.0322521 0.0133717 0.000628923
 0.832328 0.13859 0.0218953 0.00501173 0.00217482
 0.396869 0.510325 0.076815 0.0120408 0.00395036
 0.822067 0.07335 0.0885573 0.013265 0.00276074
 0.721316 0.231473 0.0195127 0.0234551 0.00424354
 0.521138 0.350745 0.106493 0.00893874 0.0126858
 0.81042 0.101033 0.0649182 0.0196405 0.00398741
 0.772026 0.186752 0.0220138 0.0140836 0.00512471
 0.423453 0.449786 0.103909 0.012205 0.0106475
 0.506371 0.214428 0.217977 0.0501885 0.0110359
 0.88513 0.0601961 0.0238206 0.0240891 0.0067641
pobs_PELACES
 0 0 0 0 0
 0 0 0 0 0
 0 0 0 0 0
 0 0 0 0 0
 0 0 0 0 0
 0 0 0 0 0
 0 0 0 0 0
 0 0 0 0 0
 0 0 0 0 0
 0 0 0 0 0
 0 0 0 0 0
 0 0 0 0 0
 0 0 0 0 0
 0 0 0 0 0
 0 0 0 0 0
 0 0 0 0 0
 0.505614 0.472636 0.0217494 0 0
 0 0 0 0 0
 0.443492 0.261883 0.143347 0.151278 0
 0.227955 0.32914 0.350689 0.0885471 0.00366901
 0.970185 0.0296113 0.000203453 0 0
 0.997202 0.00247181 0.000326279 0 0
 0.445219 0.490057 0.0546422 0.010081 0
 0.90214 0.0892962 0.00764917 0.000914606 0
 0 0 0 0 0
 0.581667 0.319106 0.0959925 0.00289975 0.000334073
 0.762889 0.0836404 0.116647 0.0363945 0.000428098
 0.88444 0.0763242 0.0277011 0.0115352 0
 0.521256 0.241999 0.230069 0.00667565 0
 0.616807 0.101726 0.260614 0.0208532 0
 0.833518 0.0704572 0.0857862 0.0102388 0
ppred_PELACES
 0.602554 0.126516 0.251568 0.0193614 7.14832e-07
 0.550536 0.279217 0.0542544 0.107704 0.00828881
 0.697256 0.173405 0.0804298 0.0155881 0.0333219
 0.807122 0.138311 0.0312934 0.0144735 0.00880005
 0.752473 0.203513 0.0315933 0.00712358 0.00529694
 0.848098 0.116413 0.0291866 0.00452395 0.00177839
 0.573259 0.367041 0.0457826 0.0114461 0.00247121
 0.551354 0.269142 0.154486 0.0191871 0.00583124
 0.679378 0.183006 0.0826076 0.047342 0.00766619
 0.844225 0.109721 0.0263365 0.0118371 0.00788044
 0.900316 0.0856443 0.0099034 0.00236558 0.00177057
 0.841361 0.143965 0.012611 0.00145557 0.000607855
 0.797053 0.173718 0.0265357 0.00231443 0.000378599
 0.780403 0.179253 0.0345577 0.00525373 0.000533048
 0.854506 0.117106 0.0232021 0.00444231 0.000743599
 0.968328 0.0275384 0.00333048 0.000656416 0.000146674
 0.452045 0.532293 0.0136246 0.00164149 0.000395735
 0.950748 0.0233823 0.0251323 0.000641532 9.59111e-05
 0.674905 0.31044 0.00696713 0.00746868 0.000219118
 0.733762 0.185483 0.077127 0.00172504 0.00190313
 0.81354 0.140295 0.032193 0.0133443 0.000627626
 0.833829 0.137471 0.0216098 0.00494503 0.00214585
 0.393449 0.513463 0.0770507 0.0120757 0.00396179
 0.819533 0.0745156 0.0897178 0.0134368 0.00279648
 0.717515 0.234741 0.0197346 0.0237184 0.00429113
 0.514849 0.355562 0.107718 0.00904052 0.0128301
 0.807699 0.102617 0.0657551 0.0198907 0.00403818
 0.767617 0.190443 0.0223987 0.0143281 0.00521365
 0.416764 0.455209 0.104948 0.0123257 0.0107527
 0.503705 0.215986 0.21885 0.0503807 0.011078
 0.884491 0.0606381 0.0239093 0.024174 0.00678789
pobs_pel_tallas
 0 0 0 0 0 0 0 0 0 0 0 0 0 0 0 0 0 0 0 0 0 0 0 0 0 0
 0 0 0 0 0 0 0 0 0 0 0 0 0 0 0 0 0 0 0 0 0 0 0 0 0 0
 0 0 0 0 0 0 0 0 0 0 0 0 0 0 0 0 0 0 0 0 0 0 0 0 0 0
 0 0 0 0 0 0 0 0 0 0 0 0 0 0 0 0 0 0 0 0 0 0 0 0 0 0
 0 0 0 0 0 0 0 0 0 0 0 0 0 0 0 0 0 0 0 0 0 0 0 0 0 0
 0 0 0 0 0 0 0 0 0 0 0 0 0 0 0 0 0 0 0 0 0 0 0 0 0 0
 0 0 0 0 0 0 0 0 0 0 0 0 0 0 0 0 0 0 0 0 0 0 0 0 0 0
 0 0 0 0 0 0 0 0 0 0 0 0 0 0 0 0 0 0 0 0 0 0 0 0 0 0
 0 0 0 0 0 0 0 0 0 0 0 0 0 0 0 0 0 0 0 0 0 0 0 0 0 0
 0 0 0 0 0 0 0 0 0 0 0 0 0 0 0 0 0 0 0 0 0 0 0 0 0 0
 0 0 0 0 0 0 0 0 0 0 0 0 0 0 0 0 0 0 0 0 0 0 0 0 0 0
 0 0 0 0 0 0 0 0 0 0 0 0 0 0 0 0 0 0 0 0 0 0 0 0 0 0
 0.00862536 0 0 0.000197151 0.00414017 0.0128641 0.00837892 0.0270097 0.101434 0.158115 0.152841 0.127902 0.109271 0.109419 0.0830992 0.0579132 0.0238553 0.00714673 0.00463305 0.00128148 0.00103504 0.000492878 0.000147863 0.000147863 4.92878e-05 0
 0 0 0 0 0 0 0 0 0 0 0 0 0 0 0 0 0 0 0 0 0 0 0 0 0 0
 0 0 0 0 0 0 0 0.0054083 0.00873648 0.0413646 0.0450493 0.0745869 0.0622846 0.0627006 0.0613931 0.0827291 0.12552 0.122667 0.0946155 0.0697135 0.0546179 0.0294188 0.0215738 0.0213955 0.0102223 0.00600262
 0 0 0 0 0.00359764 0.0251062 0.0480494 0.140153 0.205849 0.193036 0.1447 0.116669 0.0760912 0.0342217 0.00950174 0.001854 0.000860785 0 0 0 0.000165536 0 0.000143464 0 0 0
 0 0 0 0 0 0 0 0.000145254 0.000435761 0.0275982 0.070085 0.0708112 0.156366 0.174668 0.174014 0.160142 0.0824315 0.0480064 0.0283245 0.00493863 0.00203355 0 0 0 0 0
 0 0 0 0 0 0 0 0 0 0 0 0 0 0 0 0 0 0 0 0 0 0 0 0 0 0
 0 0 1.00437e-05 0.000401748 0.00122533 0.00171747 0.00176769 0.0269171 0.070346 0.194647 0.189555 0.159765 0.064822 0.0314167 0.0384472 0.0292271 0.0345202 0.0313363 0.0194345 0.0106764 0.0143323 0.0359363 0.0279516 0.0138201 0.00172751 0
 0 0.0021121 0.0136068 0.0755702 0.200478 0.177729 0.0527432 0.0373336 0.0318909 0.0142505 0.0149659 0.0166563 0.0217959 0.0798694 0.0677717 0.0528807 0.04013 0.0224614 0.0357745 0.0225083 0.00881397 0.00855152 0.00135912 0.000746735 0 0
 0 0 0 0 5.4009e-05 0.00500934 0.000945158 0.0243581 0.138947 0.33067 0.221406 0.137944 0.0707744 0.0437923 0.0131692 0.00525238 0.0047753 0.00276346 9.45158e-05 9.00151e-06 2.25038e-05 9.00151e-06 4.50075e-06 0 0 0
 0.000866109 0.00284123 0.00948549 0.0512746 0.133035 0.25785 0.225252 0.132002 0.0553304 0.0519788 0.0540692 0.017754 0.00435017 0.00159236 0.00146478 0.000404838 0.000125132 0.000115318 0.000107957 0.000100596 0 0 0 0 0 0
 0 0 0 0 0.00144013 0.00171154 0.00461396 0.0210425 0.0478622 0.0707936 0.0888783 0.103762 0.0637923 0.0337046 0.0602308 0.124433 0.169614 0.0934646 0.0462172 0.0250306 0.0313229 0.00938855 0.002487 0.000210481 0 0
 0 0.00764035 0.051015 0.0998891 0.058973 0.0496711 0.0374665 0.0718981 0.12319 0.153886 0.159021 0.0857701 0.0377988 0.023471 0.0147837 0.00900784 0.00315554 0.000888139 0.00291439 0.00214683 0.00393193 0.00274676 0.000635225 9.99891e-05 0 0
 0 0 0 0 0 0 0 0 0 0 0 0 0 0 0 0 0 0 0 0 0 0 0 0 0 0
 0 0 0 0 0 0 0 0 0 0 0 0 0 0 0 0 0 0 0 0 0 0 0 0 0 0
 0 0 0 0 0 0 0 0 0 0 0 0 0 0 0 0 0 0 0 0 0 0 0 0 0 0
 0 0 0 0 0 0 0 0 0 0 0 0 0 0 0 0 0 0 0 0 0 0 0 0 0 0
 0 0 0 0 0 0 0 0 0 0 0 0 0 0 0 0 0 0 0 0 0 0 0 0 0 0
 0 0 0 0 0 0 0 0 0 0 0 0 0 0 0 0 0 0 0 0 0 0 0 0 0 0
 0 0 0 0 0 0 0 0 0 0 0 0 0 0 0 0 0 0 0 0 0 0 0 0 0 0
ppred_pel_tallas
 1.09234e-16 4.96316e-05 0.000482437 0.00320596 0.0145738 0.0453447 0.0966122 0.141011 0.141023 0.0966737 0.0455524 0.0151784 0.00474104 0.00389153 0.00669377 0.0114291 0.0174851 0.0241193 0.0305293 0.0362198 0.041069 0.0449713 0.0474371 0.0476274 0.0448679 0.0392107
 1.13841e-16 4.5347e-05 0.000440789 0.0029292 0.0133157 0.0414303 0.0882726 0.128842 0.128869 0.0884044 0.0418731 0.0145955 0.0061451 0.00747297 0.0134374 0.0222449 0.0322959 0.041193 0.0465686 0.0474496 0.0448717 0.0411414 0.0383187 0.0370957 0.0367601 0.0359865
 1.09568e-16 5.74321e-05 0.00055826 0.00370984 0.0168644 0.0524714 0.111797 0.163174 0.163191 0.111879 0.0527477 0.0176635 0.00572044 0.00496344 0.00847115 0.0140394 0.0205174 0.0264395 0.0303539 0.031615 0.0307424 0.0289816 0.0274333 0.0264505 0.0256721 0.0244874
 1.0388e-16 6.64816e-05 0.000646225 0.00429439 0.0195217 0.0607393 0.129412 0.188883 0.188897 0.129477 0.0609585 0.0201551 0.00588561 0.00412391 0.00668334 0.0109762 0.0158834 0.0201441 0.0225245 0.0224715 0.0204355 0.0175429 0.0148839 0.0129757 0.0117164 0.0107026
 1.02575e-16 6.19802e-05 0.00060247 0.00400363 0.0181999 0.0566268 0.12065 0.176096 0.176116 0.120746 0.0569487 0.0191298 0.00633809 0.00569951 0.0097448 0.016019 0.0230867 0.0290679 0.0320895 0.0312889 0.0273206 0.0218998 0.0167625 0.0128558 0.0102242 0.00842073
 1.01627e-16 6.98567e-05 0.000679032 0.00451241 0.0205128 0.0638229 0.135982 0.198472 0.198483 0.136037 0.0640074 0.0210459 0.0058517 0.00360589 0.00563779 0.00923405 0.0133515 0.0169066 0.0188408 0.0186596 0.0167089 0.0139115 0.0111861 0.00901076 0.00738643 0.0060849
 1.02982e-16 4.72187e-05 0.000458983 0.0030501 0.0138653 0.0431404 0.0919165 0.134162 0.134198 0.0920893 0.0437206 0.015541 0.00725586 0.00963857 0.0174762 0.0288044 0.0414595 0.0520734 0.0572405 0.0553853 0.047695 0.037306 0.027427 0.0198611 0.0147742 0.0114136
 1.07438e-16 4.54143e-05 0.000441444 0.00293355 0.0133355 0.0414918 0.0884037 0.129033 0.129059 0.0885314 0.0419213 0.0145782 0.00606182 0.0072998 0.0131565 0.0219022 0.0320674 0.0414105 0.047638 0.0496353 0.0480167 0.0444815 0.0405572 0.0367869 0.0328669 0.0283441
 1.08476e-16 5.59595e-05 0.000543947 0.00361472 0.016432 0.0511261 0.10893 0.158991 0.159008 0.109017 0.0514177 0.0172755 0.00573722 0.00519482 0.00894067 0.0148298 0.0216853 0.0279714 0.0321643 0.0335854 0.0327705 0.0309972 0.0293643 0.0281719 0.02699 0.025185
 1.03309e-16 6.95377e-05 0.000675932 0.0044918 0.0204191 0.0635314 0.135361 0.197565 0.197576 0.135413 0.0637054 0.0209218 0.00575472 0.00343653 0.00532333 0.00871973 0.0126248 0.0160288 0.0179566 0.0179721 0.016432 0.0142238 0.0122016 0.010762 0.00981163 0.00902271
 1.00845e-16 7.41579e-05 0.000720841 0.00479024 0.0217757 0.0677525 0.144354 0.210691 0.210699 0.144394 0.0678878 0.0221667 0.00577136 0.0028621 0.00413926 0.00672164 0.00966627 0.0121362 0.0133332 0.0128916 0.0110926 0.00867423 0.00639101 0.0046662 0.00353522 0.00281272
 1.0065e-16 6.93018e-05 0.000673638 0.00447656 0.0203498 0.0633159 0.134902 0.196896 0.19691 0.134969 0.0635433 0.0210064 0.00612398 0.00426778 0.00688872 0.0112616 0.0161753 0.020254 0.022145 0.0212223 0.0179584 0.0136095 0.00947715 0.00631766 0.00423548 0.00295141
 1.01107e-16 6.56522e-05 0.000638163 0.00424082 0.0192782 0.0599816 0.127798 0.186528 0.186545 0.12788 0.0602563 0.0200717 0.00623278 0.00498676 0.00832471 0.0136589 0.0196696 0.024732 0.0272316 0.0264146 0.0228244 0.0179193 0.0131939 0.00949249 0.00690945 0.00512694
 1.01661e-16 6.42808e-05 0.000624832 0.00415223 0.0188754 0.0587286 0.125128 0.182632 0.182649 0.125213 0.0590123 0.0196952 0.00621048 0.00512014 0.00860782 0.0141445 0.0204056 0.025734 0.0284803 0.0278735 0.0244626 0.0197165 0.0151228 0.0114946 0.00888781 0.0069648
 1.01271e-16 7.03846e-05 0.000684163 0.00454651 0.0206678 0.0643051 0.137009 0.199971 0.199983 0.137065 0.0644905 0.0212034 0.0058915 0.00362194 0.00565453 0.00924909 0.0133455 0.0168414 0.018661 0.0183036 0.0161289 0.0130944 0.0101651 0.0078617 0.00620902 0.00497659
 1.00194e-16 7.97599e-05 0.000775295 0.00515211 0.0234207 0.0728706 0.155259 0.226605 0.226608 0.155272 0.0729141 0.0235464 0.0054676 0.00146385 0.00138697 0.00216538 0.00310841 0.00390192 0.0042852 0.0041393 0.00355309 0.00276232 0.00200897 0.00143014 0.00104035 0.000784758
 1.00761e-16 3.72345e-05 0.000361932 0.00240517 0.0109336 0.0340187 0.0724824 0.105801 0.105852 0.0727325 0.0348583 0.0133573 0.00848411 0.0136158 0.0251599 0.0414075 0.0593444 0.0739925 0.0803043 0.0759523 0.0627497 0.0455036 0.0292542 0.0170167 0.00930444 0.00507066
 1.00812e-16 7.83119e-05 0.000761219 0.00505857 0.0229955 0.0715476 0.15244 0.222491 0.222493 0.152451 0.0715853 0.0231048 0.0053344 0.00136865 0.00124738 0.00197829 0.002935 0.00388266 0.00463214 0.00508414 0.00526176 0.00525292 0.00511565 0.00483562 0.00436597 0.0036993
 1.01067e-16 5.55911e-05 0.000540366 0.00359092 0.0163238 0.0507896 0.108214 0.157947 0.157977 0.10836 0.0512793 0.0177374 0.00713649 0.00827101 0.01471 0.0241589 0.034629 0.0431965 0.0469264 0.0444749 0.0369123 0.0270475 0.01781 0.0109279 0.00665444 0.00432926
 1.02769e-16 6.0439e-05 0.000587489 0.00390407 0.0177474 0.0552187 0.11765 0.171717 0.171735 0.117738 0.0555136 0.0186001 0.00604833 0.00528044 0.00900821 0.0148873 0.0216489 0.0276545 0.0312536 0.0316468 0.0293022 0.025534 0.0216177 0.0181693 0.0151569 0.0123198
 1.0241e-16 6.70102e-05 0.000651363 0.00432854 0.0196769 0.0612223 0.130441 0.190385 0.190399 0.130507 0.0614446 0.0203193 0.00594217 0.0041776 0.00677485 0.0111229 0.0160843 0.0203707 0.0227152 0.0225346 0.0202621 0.0170227 0.013923 0.0115178 0.0097663 0.00834342
 1.01518e-16 6.86814e-05 0.000667608 0.00443649 0.0201676 0.0627491 0.133694 0.195133 0.195146 0.133759 0.0629665 0.0207958 0.00601342 0.00411066 0.00660942 0.0108226 0.0155945 0.019633 0.0216693 0.0211178 0.0184166 0.0147203 0.0111996 0.00849622 0.0066478 0.00536461
 1.04237e-16 3.2408e-05 0.000315017 0.0020934 0.00951633 0.0296091 0.0630871 0.0920879 0.0921374 0.063329 0.0304211 0.0118619 0.00798124 0.0131688 0.0244458 0.0403664 0.0581535 0.073141 0.0805793 0.0782585 0.0678036 0.0535371 0.0398725 0.0292757 0.0219716 0.0169545
 1.04429e-16 6.75039e-05 0.000656162 0.00436043 0.0198219 0.0616732 0.131402 0.191786 0.191793 0.131437 0.0617937 0.0201715 0.00524407 0.00260543 0.0038289 0.00637819 0.00954323 0.0127563 0.015465 0.0173841 0.0185893 0.019318 0.0196621 0.0194493 0.018403 0.0164105
 1.03735e-16 5.91008e-05 0.000574481 0.00381763 0.0173544 0.0539961 0.115045 0.167917 0.167939 0.115156 0.054367 0.0184255 0.00650569 0.00644065 0.0111949 0.0184015 0.0264771 0.0332515 0.036566 0.0354532 0.0307284 0.0244515 0.0186957 0.0145712 0.0120682 0.0105433
 1.06278e-16 4.24075e-05 0.000412216 0.00273932 0.0124526 0.0387448 0.0825512 0.120493 0.120527 0.0827191 0.0393089 0.0140831 0.0068365 0.0093706 0.0170976 0.0283071 0.0410253 0.0521149 0.0583836 0.0583295 0.0529761 0.0450621 0.0372825 0.0309925 0.0261342 0.0220134
 1.04602e-16 6.65291e-05 0.000646687 0.00429746 0.0195356 0.0607827 0.129504 0.189017 0.189027 0.129553 0.0609468 0.0200106 0.0054939 0.00327248 0.00509451 0.008425 0.012384 0.0161085 0.0187575 0.0199371 0.0198906 0.0192357 0.0184771 0.0177072 0.0166854 0.0151423
 1.03015e-16 6.32276e-05 0.000614595 0.0040842 0.0185662 0.0577664 0.123078 0.17964 0.179658 0.123168 0.0580675 0.0194358 0.00626691 0.00537918 0.00911143 0.014962 0.021547 0.0271005 0.0298734 0.0290748 0.0253474 0.0203331 0.0156842 0.0122857 0.0101387 0.00875363
 1.06201e-16 3.43284e-05 0.000333685 0.00221745 0.0100802 0.0313636 0.0668251 0.0975425 0.0975864 0.0670399 0.0320848 0.012164 0.00745089 0.0117683 0.0217798 0.0360278 0.0520719 0.0658466 0.0732099 0.0722252 0.0642677 0.0529986 0.0420843 0.0334658 0.0271867 0.0223445
 1.13298e-16 4.14896e-05 0.000403293 0.00268003 0.012183 0.037906 0.0807636 0.117881 0.117902 0.0808669 0.038254 0.0131921 0.00522786 0.006015 0.0108455 0.0182474 0.0271801 0.0360648 0.0432759 0.0480145 0.0506236 0.0520041 0.0526657 0.0522773 0.0500401 0.0454441
 1.04279e-16 7.28543e-05 0.00070817 0.00470604 0.021393 0.0665615 0.141817 0.206987 0.206993 0.141845 0.0666581 0.0216724 0.00540911 0.00224881 0.00301642 0.00491897 0.00719423 0.00929942 0.0107442 0.0113309 0.0112696 0.0110095 0.0109158 0.0110481 0.0111816 0.0110002
pSPR Fmed_Fpbrs
0.460853   0.244051 0.244051
Fs Fmed_Fpbrs
0.489077   1.005 1.005
SSBpbr Bo_Bmed_Bpbrs
1.34739e+06  553577  261462 261462
Ro
120165
SPR SPRFo_SPRFmed_SPRFpbrs
858930 395840 209623
Fref
1.005
Nvult_r0
 128737 9836.19 3926.88 3973.02 1115.63
CTP_r0
 29587.8 2989.41 1214.05 1229.43 345.244
YTP_r0
391282
Np
 148327 48334 3067.64 1207.32 1507.4
Nvult_p0
 120383 41654.9 2653.98 1044.73 1304.41
CTP_p0
 48263.7 20607.9 1329.38 523.647 653.832
YTP_p0
 763902
CBA_c0
503068
log_Ro
11.5166
likeval ReclasPelacesDesembMPH_pf_preclas_ppelaces_ptallas_desvR_qrecl_qpela
 11.853 16.8933 0.0188871 0.000829287 242.616 116.397 100.375 0 25.1719 1.276e-05 2.9135e-05 0.0795839 0 0 0
q_reclas_q_pelaces
1.65895 2.1553
M
1
N
 157777 33601.8 67173.2 5171.35 0.190932
 89211 48651.1 9547.99 18964.6 1459.54
 88505.1 23633 11070.1 2146.63 4588.87
 119253 23535.5 5407.53 2503.1 1521.98
 96433.2 26423.7 4123.64 930.054 691.578
 205851 29825.4 7541.53 1169.48 459.74
 73177.7 57223.1 7281.99 1822.53 393.507
 28709.6 13918.1 8018.45 996.086 302.729
 30268.9 9352.34 4285.65 2458.08 398.06
 41328.3 6778.2 1664.17 748.882 498.595
 75574.4 7219.12 838.594 200.36 149.966
 118960 23920.6 2131.26 246.216 102.827
 99110.8 25010.9 3881.3 338.814 55.4264
 69748.7 21658.3 4294.15 653.819 66.3423
 59764.1 10185.3 2061.74 395.203 66.1571
 329620 10845.2 1332.42 262.834 58.7323
 56373.9 72178.8 1867.63 225.143 54.28
 552063 14506.9 15740.8 402.009 60.1032
 288076 148681 3381.57 3627.61 106.432
 242721 68310.3 28767.9 643.872 710.368
 315962 58734.4 13615.1 5646.7 265.591
 453601 83163.6 13238.9 3031.57 1315.57
 80723.1 110095 16648.8 2610.37 856.426
 244846 23029.2 27919.6 4183.03 870.591
 212207 71735.3 6072.02 7300.46 1320.83
 88817.4 62355 18995.4 1594.71 2263.22
 207213 27228.5 17568.2 5316.32 1079.33
 240518 60733.9 7183.47 4596.54 1672.6
 66553.4 73503 17032.8 2000.99 1745.65
 45906.2 20689.1 21135.3 4867.62 1070.35
 177071 12903.8 5134.19 5193.58 1458.36
pred_Ctot
 16371.8 4936.95 10090.1 777.702 0.0287154
 16210.5 12195.8 2442.1 4855.78 373.728
 15919.2 5867.95 2804.61 544.434 1163.91
 31229.9 8266.98 1933.9 896.042 544.855
 9847.4 3822.63 609.918 137.724 102.417
 32530.1 6554.66 1692.09 262.686 103.272
 23554.6 24166.8 3126.09 783.075 169.083
 2098.69 1454.93 857.609 106.666 32.4197
 7792.68 3234.62 1509.32 866.523 140.331
 14560.3 3097.34 772.343 347.843 231.599
 6752.2 917.546 109.007 26.0756 19.5185
 33704.9 9020.02 817.772 94.5613 39.4934
 26525.4 8959.62 1415.41 123.673 20.2327
 28604.5 11264.1 2264.59 345.055 35.0138
 20255.7 4500.34 925.56 177.564 29.7257
 87937.5 3873.92 484.516 95.6668 21.3785
 11023.1 19378.1 511.411 61.7155 14.8799
 95893.4 3485.79 3859.92 98.6861 14.7551
 67061.9 46908.5 1087.09 1167.34 34.2509
 54317.2 20783.6 8920.64 199.86 220.512
 58392.8 14958.8 3537.73 1468.79 69.0879
 100896 25161.9 4082.56 935.806 406.12
 11695.6 22281.2 3441.15 540.142 177.224
 32100.6 4236.81 5247.72 787.13 163.831
 27495.6 13049.6 1128.54 1358.4 245.782
 9497.26 9431.14 2937.04 246.861 350.367
 27122.9 5001.65 3297.02 998.848 202.801
 26129.7 9327.58 1127.77 722.481 262.914
 6610.28 10352 2452.77 288.489 251.692
 6997.29 4393.91 4583.32 1056.75 232.383
 29587.8 2989.41 1214.05 1229.43 345.244
F
 0.176508 0.25825 0.264702 0.265051 0.265069
 0.328362 0.480429 0.492432 0.49308 0.493114
 0.324549 0.47485 0.486713 0.487354 0.487388
 0.506986 0.741774 0.760305 0.761306 0.761359
 0.173491 0.253835 0.260177 0.260519 0.260537
 0.280195 0.409955 0.420197 0.42075 0.420779
 0.659701 0.965212 0.989326 0.990628 0.990697
 0.121603 0.177918 0.182363 0.182603 0.182616
 0.496411 0.726301 0.744446 0.745426 0.745478
 0.744813 1.08974 1.11697 1.11844 1.11851
 0.150378 0.220019 0.225515 0.225812 0.225828
 0.559473 0.818568 0.839019 0.840123 0.840181
 0.520849 0.762058 0.781096 0.782125 0.782179
 0.92395 1.35184 1.38561 1.38743 1.38753
 0.706683 1.03395 1.05978 1.06118 1.06125
 0.518794 0.759051 0.778014 0.779039 0.779093
 0.357383 0.522888 0.535952 0.536657 0.536695
 0.31186 0.456284 0.467683 0.468299 0.468331
 0.439164 0.642543 0.658595 0.659462 0.659508
 0.418888 0.612878 0.628189 0.629017 0.62906
 0.334811 0.489864 0.502102 0.502763 0.502798
 0.415875 0.608469 0.623671 0.624492 0.624535
 0.254261 0.372011 0.381305 0.381807 0.381834
 0.227648 0.333073 0.341394 0.341843 0.341867
 0.224718 0.328786 0.337 0.337443 0.337467
 0.182318 0.266751 0.273415 0.273775 0.273794
 0.227244 0.332482 0.340788 0.341237 0.341261
 0.185468 0.271359 0.278139 0.278505 0.278524
 0.168398 0.246383 0.252539 0.252871 0.252889
 0.269074 0.393684 0.40352 0.404051 0.404079
 0.298416 0.436615 0.447523 0.448112 0.448143
YTP_r0W_actual
 251496 48727.3 35086.1 42784.2 13188.3
YTP_p0W_proyectada
 362943 332200 31080.8 15447.6 22230.3
CTP_r0_actual
 29587.8 2989.41 1214.05 1229.43 345.244
CTP_p0_proyectada
 48263.7 20607.9 1329.38 523.647 653.832
Wmedp
 7.52 16.12 23.38 29.5 34
Frms_r0
 0.298416 0.436615 0.447523 0.448112 0.448143
Zrms_r0
 1.29842 1.43661 1.44752 1.44811 1.44814
nmprior
 8.19 8.8 8.5 0
nm_flota  nm_reclas  nm_pelaces    nm_pelaL
inf 15.7873 18.9664 45.8544
cv_recla  cv_pelaces  cv_mph
0.311415 0.466046 0.888705
 ------------------------------------------------
Talla a la edad & desviaci?n 
 8 13.2811 15.8009 17.003 17.5766
 0.8 1.32811 1.58009 1.7003 1.75766
