years
 1991 1992 1993 1994 1995 1996 1997 1998 1999 2000 2001 2002 2003 2004 2005 2006 2007 2008 2009 2010 2011 2012 2013 2014 2015 2016 2017 2018 2019 2020 2021
reclasobs
 0 0 0 0 0 0 0 0 0 252601 567819 844713 477998 351125 339783 2.1784e+06 2.13404e+06 4.81314e+06 1.55562e+06 2.62356e+06 3.21686e+06 3.843e+06 1.13348e+06 3.07943e+06 1.97215e+06 2.03268e+06 2.025e+06 2.42433e+06 2.27542e+06 1.05018e+06 2.36338e+06
reclaspred
 1.12643e+06 1.68197e+06 845269 60104.6 74771.8 2.29547e+06 982085 350019 766779 228239 211880 916923 491259 400524 271682 1.89226e+06 1.12367e+06 7.72983e+06 4.59035e+06 1.47776e+06 3.53802e+06 3.58407e+06 1.93218e+06 4.80769e+06 2.73745e+06 1.18929e+06 2.30597e+06 3.84973e+06 2.71379e+06 936357 1.32364e+06
pelacesobs
 0 0 0 0 0 0 0 0 0 0 0 0 0 0 0 552880 188675 0 991730 2.46772e+06 1.41603e+06 1.21717e+06 2.29649e+06 1.80582e+06 0 1.4828e+06 1.56532e+06 1.57751e+06 1.42118e+06 867257 1.10002e+06
pelacespred
 283550 363180 178460 3872.89 8015.51 548373 191186 87690.2 175391 38989.8 47935.3 183017 90538.9 77875.2 50256 374285 219017 1.97446e+06 1.12607e+06 367198 822037 800881 435403 1.29605e+06 714732 303934 661389 1.07133e+06 633170 259323 326497
mphobs
 0 0 0 0 0 0 0 0 0 0 0 498337 0 5186 125008 0 168611 109162 213762 579715 649985 157893 87575 83554 0 0 0 0 0 0 0
mphpred
 903556 213413 489665 129160 1648.15 12166 687522 218152 90955.9 187015 30925.9 64254.4 250356 84439.5 51203 46444.7 611076 315897 2.549e+06 1.13107e+06 430669 954766 1.08867e+06 593443 1.44531e+06 762514 290413 615623 1.40991e+06 710956 206552
desembarqueobs
 494567 514787 250237 358949 120608 361735 552515 73892 212993 205616 52469 317467 293654 387597 252695 516296 358380 742168 942051 627588 828172 859565 418607 520667 417249 300574 415391 372974 316634 284311 391294
desembarquepred
 494281 514328 251313 356146 120365 361411 551568 73845.3 212724 205241 52424.9 317008 293014 386575 252165 515633 358020 741542 940156 625711 827122 858216 418112 520230 416673 300027 414917 372633 316292 283841 390817
Reclutas
 652.173 349762 971.862 1505.89 40689.8 356410 544.389 152.758 67061 697.468 33731.2 193763 30374.6 73519.5 43407.2 403008 1671.8 1.17967e+06 83117.7 10891.7 428792 558256 1665.82 384456 99160.5 6988.5 233706 337414 4582.22 1785.55 143855
log_desv_Rt
 -3.69025 2.59445 -3.29135 -2.85342 0.443171 2.61327 -3.8709 -5.1417 0.942796 -3.62311 0.255617 2.00383 0.1508 1.03474 0.507818 2.73615 -2.74891 3.81018 1.15745 -0.87481 2.79817 3.06201 -2.75249 2.68902 1.33393 -1.31854 2.19126 2.55851 -1.74062 -2.68308 1.706
SSB
 903556 213413 489665 129160 1648.15 12166 687522 218152 90955.9 187015 30925.9 64254.4 250356 84439.5 51203 46444.7 611076 315897 2.549e+06 1.13107e+06 430669 954766 1.08867e+06 593443 1.44531e+06 762514 290413 615623 1.40991e+06 710956 206552
BT
 1.1936e+06 1.28683e+06 625061 304245 104436 1.58313e+06 935058 272954 598127 275837 156948 683564 461246 588061 366030 1.26782e+06 789239 5.21772e+06 3.47516e+06 1.51607e+06 2.64065e+06 2.59352e+06 1.36553e+06 3.48641e+06 2.04828e+06 1.00154e+06 1.97116e+06 2.83475e+06 1.72395e+06 915399 1.14054e+06
Ftot
 0.731747 0.527911 0.510234 4.25823 2.11165 0.279869 0.912496 0.368082 0.481575 1.35738 0.431936 0.592358 0.963879 1.44614 1.40238 0.474021 0.544527 0.17225 0.358009 0.708526 0.408969 0.417773 0.377162 0.193627 0.268824 0.43689 0.318066 0.17351 0.206803 0.519664 0.510595
BD_Bspro_t
 0.889515 0.442114 0.489139 0.171841 0.00355524 0.0382044 0.570163 0.261609 0.182921 0.333257 0.111976 0.309253 0.422486 0.177852 0.113068 0.108882 0.474823 0.319802 0.720925 0.503429 0.271883 0.445446 0.489733 0.378622 0.617622 0.525229 0.377706 0.579733 0.727094 0.575876 0.347332
BD_Bspro
 4.84599 1.14458 2.62619 0.692718 0.00883941 0.0652494 3.68735 1.17 0.487819 1.003 0.165863 0.344612 1.34272 0.45287 0.274614 0.249094 3.27735 1.69423 13.6709 6.06622 2.30979 5.12065 5.83881 3.18278 7.75157 4.08955 1.55755 3.30174 7.56167 3.81303 1.10779
BD_Bo
 0.531898 0.12563 0.288252 0.076033 0.000970217 0.0071618 0.404725 0.12842 0.0535432 0.11009 0.0182052 0.0378247 0.147377 0.0497072 0.0301418 0.0273407 0.359724 0.18596 1.50053 0.665831 0.253523 0.562044 0.64087 0.349343 0.850815 0.448871 0.170958 0.3624 0.829972 0.41852 0.121591
BD_Brms
 4.28173 1.01131 2.3204 0.612059 0.00781017 0.0576518 3.258 1.03377 0.431018 0.886217 0.14655 0.304486 1.18638 0.400138 0.242639 0.22009 2.89574 1.49696 12.0791 5.35988 2.04084 4.52441 5.15895 2.81218 6.84899 3.61337 1.37619 2.91729 6.6812 3.36905 0.9788
Sel_flota
 0.990938 1 1 1 1
 0.990938 1 1 1 1
 0.990938 1 1 1 1
 0.990938 1 1 1 1
 0.990938 1 1 1 1
 0.990938 1 1 1 1
 0.990938 1 1 1 1
 0.990938 1 1 1 1
 0.990938 1 1 1 1
 0.990938 1 1 1 1
 0.990938 1 1 1 1
 0.990938 1 1 1 1
 0.990938 1 1 1 1
 0.990938 1 1 1 1
 0.990938 1 1 1 1
 0.990938 1 1 1 1
 0.990938 1 1 1 1
 0.990938 1 1 1 1
 0.990938 1 1 1 1
 0.990938 1 1 1 1
 0.990938 1 1 1 1
 0.990938 1 1 1 1
 0.990938 1 1 1 1
 0.990938 1 1 1 1
 0.990938 1 1 1 1
 0.990938 1 1 1 1
 0.990938 1 1 1 1
 0.990938 1 1 1 1
 0.990938 1 1 1 1
 0.990938 1 1 1 1
 0.990938 1 1 1 1
Sel_reclas
 1 1 1 1 1
 1 1 1 1 1
 1 1 1 1 1
 1 1 1 1 1
 1 1 1 1 1
 1 1 1 1 1
 1 1 1 1 1
 1 1 1 1 1
 1 1 1 1 1
 1 1 1 1 1
 1 1 1 1 1
 1 1 1 1 1
 1 1 1 1 1
 1 1 1 1 1
 1 1 1 1 1
 1 1 1 1 1
 1 1 1 1 1
 1 1 1 1 1
 1 1 1 1 1
 1 1 1 1 1
 1 1 1 1 1
 1 1 1 1 1
 1 1 1 1 1
 1 1 1 1 1
 1 1 1 1 1
 1 1 1 1 1
 1 1 1 1 1
 1 1 1 1 1
 1 1 1 1 1
 1 1 1 1 1
 1 1 1 1 1
Sel_pelaces
 1 1 1 1 1
 1 1 1 1 1
 1 1 1 1 1
 1 1 1 1 1
 1 1 1 1 1
 1 1 1 1 1
 1 1 1 1 1
 1 1 1 1 1
 1 1 1 1 1
 1 1 1 1 1
 1 1 1 1 1
 1 1 1 1 1
 1 1 1 1 1
 1 1 1 1 1
 1 1 1 1 1
 1 1 1 1 1
 1 1 1 1 1
 1 1 1 1 1
 1 1 1 1 1
 1 1 1 1 1
 1 1 1 1 1
 1 1 1 1 1
 1 1 1 1 1
 1 1 1 1 1
 1 1 1 1 1
 1 1 1 1 1
 1 1 1 1 1
 1 1 1 1 1
 1 1 1 1 1
 1 1 1 1 1
 1 1 1 1 1
pf_obs 
 0.8446 0.082 0.0669 0.0065 0
 0.8095 0.147 0.0364 0.0071 0
 0.9664 0.0169 0.016 0.0007 0
 0.9276 0.0648 0.0075 0.0001 0
 0.7033 0.2144 0.0806 0.0017 0
 0.9318 0.0425 0.0243 0.0014 0
 0.5671 0.3108 0.0964 0.0239 0.0018
 0.0768 0.2599 0.5324 0.112 0.0189
 0.490249 0.384438 0.106611 0.0170017 0.00170017
 0.7925 0.1577 0.0466 0.003 0.0002
 0.840416 0.127587 0.0312969 0.00059994 9.999e-05
 0.8084 0.0986 0.0794 0.0134 0.0002
 0.7335 0.1905 0.0724 0.0035 0.0001
 0.4001 0.4547 0.1325 0.0127 0
 0.49795 0.308269 0.164784 0.0264974 0.00249975
 0.9179 0.0499 0.0305 0.0017 0
 0.2467 0.6533 0.0926 0.0074 0
 0.9418 0.0223 0.034 0.0019 0
 0.707729 0.231977 0.0356964 0.0245975 0
 0.517169 0.277429 0.184464 0.0207286 0.00020938
 0.811772 0.124168 0.05621 0.00726502 0.000585176
 0.764997 0.148141 0.077277 0.00933861 0.000247198
 0.163321 0.427699 0.378323 0.0303852 0.000271297
 0.753843 0.0900009 0.118128 0.0371064 0.000921714
 0.721811 0.176058 0.0630433 0.0369309 0.00215725
 0.143369 0.312575 0.442814 0.0836902 0.0175525
 0.692698 0.0596174 0.167031 0.0765114 0.00414204
 0.394062 0.376323 0.152708 0.0712218 0.00568511
 0.125707 0.32114 0.495352 0.0537591 0.00404204
 0.23352 0.215282 0.420074 0.123614 0.00750983
 0.796117 0.104755 0.0508955 0.0450114 0.00322123
pf_pred 
 0.0139389 0.223781 0.303865 0.148023 0.310392
 0.976856 0.000326875 0.00517831 0.00703146 0.0106077
 0.0122107 0.965196 0.000319095 0.00505506 0.0172194
 0.0792907 0.0113763 0.888534 0.00029375 0.0205053
 0.997564 0.000200471 2.76202e-05 0.00215725 5.04974e-05
 0.994791 0.00519664 1.0206e-06 1.40615e-07 1.12397e-05
 0.0053878 0.989486 0.00511426 1.00442e-06 1.11999e-05
 0.0101147 0.00541066 0.9794 0.00506213 1.208e-05
 0.945785 0.000554443 0.000293303 0.0530918 0.000275065
 0.0411323 0.90746 0.000525733 0.000278116 0.0506035
 0.954435 0.00190582 0.0413182 2.39375e-05 0.00231672
 0.957832 0.0402674 7.94859e-05 0.00172325 9.76218e-05
 0.421974 0.553941 0.0229992 4.53993e-05 0.00104001
 0.878663 0.05164 0.066793 0.00277319 0.000130877
 0.854938 0.127739 0.00737278 0.00953622 0.000414622
 0.988529 0.00983235 0.00144319 8.32976e-05 0.000112424
 0.0173957 0.971463 0.00954965 0.0014017 0.000190095
 0.982887 0.000301279 0.0166212 0.000163389 2.72346e-05
 0.181388 0.80474 0.00024421 0.0134728 0.000154516
 0.0845313 0.167567 0.735229 0.000223116 0.0124502
 0.948282 0.00442487 0.00865655 0.0379822 0.000654708
 0.833265 0.158204 0.000729861 0.00142786 0.00637297
 0.0100628 0.826446 0.155126 0.000715662 0.00764907
 0.901946 0.000997697 0.0810275 0.0152091 0.000820106
 0.432033 0.512784 0.000561492 0.0456014 0.00902106
 0.0973581 0.392314 0.460744 0.00050451 0.0490792
 0.931872 0.00670221 0.0266973 0.0313541 0.00337422
 0.832596 0.156114 0.00111068 0.00442425 0.00575513
 0.0349901 0.80481 0.149396 0.00106289 0.00974136
 0.0436186 0.0337956 0.769428 0.142828 0.0103293
 0.94136 0.00258737 0.00198072 0.0450952 0.00897637
pobs_RECLAS
 0 0 0 0 0
 0 0 0 0 0
 0 0 0 0 0
 0 0 0 0 0
 0 0 0 0 0
 0 0 0 0 0
 0 0 0 0 0
 0 0 0 0 0
 0 0 0 0 0
 0 0 0 0 0
 0.991045 0.00858322 0.000360255 1.14367e-05 0
 0.934742 0.0480273 0.0164251 0.00080598 0
 0.827803 0.169806 0.00239088 0 0
 0.941827 0.0461693 0.0120037 0 0
 0.791401 0.0380133 0.147996 0.0225897 0
 0.846168 0.0940531 0.0597789 0 0
 0.134021 0.677848 0.182769 0.00536245 0
 0.80878 0.0450904 0.141981 0.00414843 0
 0.846168 0.0940531 0.0597789 0 0
 0.905697 0.0802665 0.012482 0.00150086 5.37128e-05
 0.989698 0.0102097 9.19794e-05 0 0
 0.975433 0.0193895 0.00387452 0.00125025 5.28907e-05
 0.303575 0.632131 0.0575291 0.00676475 0
 0.966965 0.00978017 0.0227588 0.000495775 0
 0.843318 0.132988 0.00938335 0.0141283 0.000182051
 0.564624 0.303363 0.111486 0.0197234 0.00080311
 0.826376 0.0876187 0.0782897 0.00655872 0.00115652
 0.89761 0.0855135 0.0140674 0.00269457 0.000114338
 0.34875 0.467042 0.161289 0.0227151 0.000203297
 0.318654 0.224769 0.449479 0.00709798 0
 0.937255 0.0296025 0.0250945 0.00804832 0
ppred_RECLAS
 0.0140772 0.22375 0.303823 0.148002 0.310348
 0.977074 0.000323795 0.00512952 0.00696522 0.0105078
 0.0123278 0.965081 0.000319057 0.00505446 0.0172173
 0.0808549 0.0113569 0.887024 0.000293251 0.0204704
 0.997597 0.000197808 2.72533e-05 0.0021286 4.98268e-05
 0.994839 0.00514845 1.01114e-06 1.39311e-07 1.11355e-05
 0.00544351 0.98943 0.00511397 1.00437e-06 1.11993e-05
 0.0102099 0.00541013 0.979306 0.00506164 1.20788e-05
 0.946277 0.000549418 0.000290646 0.0526107 0.000272573
 0.0415809 0.907036 0.000525487 0.000277986 0.0505798
 0.954849 0.00188852 0.0409431 2.37202e-05 0.00229569
 0.958226 0.0398917 7.87442e-05 0.00170717 9.67108e-05
 0.424524 0.551498 0.0228977 4.5199e-05 0.00103543
 0.879887 0.0511189 0.066119 0.00274521 0.000129556
 0.856349 0.126496 0.00730105 0.00944344 0.000410588
 0.988637 0.00973937 0.00142954 8.25098e-05 0.000111361
 0.0175626 0.971298 0.00954802 0.00140146 0.000190062
 0.983042 0.000298551 0.0164707 0.00016191 2.69881e-05
 0.182797 0.803356 0.00024379 0.0134496 0.00015425
 0.0853063 0.167425 0.734606 0.000222927 0.0124397
 0.948747 0.00438508 0.00857871 0.0376406 0.000648821
 0.834586 0.156951 0.00072408 0.00141655 0.00632249
 0.0101577 0.826367 0.155111 0.000715594 0.00764833
 0.902763 0.000989383 0.0803523 0.0150824 0.000813272
 0.434329 0.51071 0.000559222 0.045417 0.00898458
 0.0982015 0.391947 0.460314 0.000504039 0.0490333
 0.932467 0.00664367 0.0264642 0.0310803 0.00334475
 0.833882 0.154915 0.00110215 0.00439027 0.00571093
 0.0353051 0.804547 0.149347 0.00106254 0.00973819
 0.0440241 0.0337813 0.769102 0.142768 0.0103249
 0.941892 0.00256394 0.00196278 0.0446867 0.00889506
pobs_PELACES
 0 0 0 0 0
 0 0 0 0 0
 0 0 0 0 0
 0 0 0 0 0
 0 0 0 0 0
 0 0 0 0 0
 0 0 0 0 0
 0 0 0 0 0
 0 0 0 0 0
 0 0 0 0 0
 0 0 0 0 0
 0 0 0 0 0
 0 0 0 0 0
 0 0 0 0 0
 0 0 0 0 0
 0 0 0 0 0
 0.505614 0.472636 0.0217494 0 0
 0 0 0 0 0
 0.443492 0.261883 0.143347 0.151278 0
 0.227955 0.32914 0.350689 0.0885471 0.00366901
 0.970185 0.0296113 0.000203453 0 0
 0.997202 0.00247181 0.000326279 0 0
 0.445219 0.490057 0.0546422 0.010081 0
 0.90214 0.0892962 0.00764917 0.000914606 0
 0 0 0 0 0
 0.581667 0.319106 0.0959925 0.00289975 0.000334073
 0.762889 0.0836404 0.116647 0.0363945 0.000428098
 0.88444 0.0763242 0.0277011 0.0115352 0
 0.521256 0.241999 0.230069 0.00667565 0
 0.616807 0.101726 0.260614 0.0208532 0
 0.833518 0.0704572 0.0857862 0.0102388 0
ppred_PELACES
 0.0141076 0.223743 0.303814 0.147997 0.310339
 0.977109 0.000323296 0.00512162 0.00695448 0.0104916
 0.0123464 0.965063 0.000319051 0.00505436 0.017217
 0.0818063 0.0113452 0.886106 0.000292948 0.0204492
 0.997612 0.000196566 2.70822e-05 0.00211523 4.95139e-05
 0.994844 0.00514416 1.0103e-06 1.39195e-07 1.11262e-05
 0.00545831 0.989416 0.00511389 1.00435e-06 1.11991e-05
 0.0102211 0.00541007 0.979295 0.00506158 1.20787e-05
 0.94635 0.00054867 0.00029025 0.0525391 0.000272201
 0.041743 0.906882 0.000525398 0.000277939 0.0505712
 0.954905 0.00188619 0.0408926 2.36909e-05 0.00229286
 0.958297 0.039824 7.86107e-05 0.00170428 9.65468e-05
 0.425228 0.550823 0.0228697 4.51437e-05 0.00103416
 0.880344 0.0509247 0.0658678 0.00273478 0.000129064
 0.856864 0.126042 0.00727487 0.00940958 0.000409115
 0.988653 0.00972573 0.00142754 8.23943e-05 0.000111205
 0.0175907 0.97127 0.00954775 0.00140142 0.000190057
 0.98305 0.0002984 0.0164624 0.000161828 2.69744e-05
 0.182957 0.803198 0.000243742 0.013447 0.000154219
 0.0854718 0.167395 0.734473 0.000222887 0.0124374
 0.948806 0.00438 0.00856876 0.037597 0.000648068
 0.834758 0.156787 0.000723326 0.00141507 0.0063159
 0.0101691 0.826357 0.15511 0.000715585 0.00764825
 0.902813 0.000988866 0.0803104 0.0150745 0.000812847
 0.434527 0.510532 0.000559027 0.0454011 0.00898145
 0.0983173 0.391897 0.460255 0.000503974 0.049027
 0.932527 0.00663778 0.0264407 0.0310527 0.00334178
 0.833954 0.154848 0.00110167 0.00438837 0.00570846
 0.0353261 0.804529 0.149344 0.00106252 0.00973797
 0.0440895 0.033779 0.769049 0.142758 0.0103242
 0.941975 0.00256025 0.00195996 0.0446225 0.00888228
pobs_pel_tallas
 0 0 0 0 0 0 0 0 0 0 0 0 0 0 0 0 0 0 0 0 0 0 0 0 0 0
 0 0 0 0 0 0 0 0 0 0 0 0 0 0 0 0 0 0 0 0 0 0 0 0 0 0
 0 0 0 0 0 0 0 0 0 0 0 0 0 0 0 0 0 0 0 0 0 0 0 0 0 0
 0 0 0 0 0 0 0 0 0 0 0 0 0 0 0 0 0 0 0 0 0 0 0 0 0 0
 0 0 0 0 0 0 0 0 0 0 0 0 0 0 0 0 0 0 0 0 0 0 0 0 0 0
 0 0 0 0 0 0 0 0 0 0 0 0 0 0 0 0 0 0 0 0 0 0 0 0 0 0
 0 0 0 0 0 0 0 0 0 0 0 0 0 0 0 0 0 0 0 0 0 0 0 0 0 0
 0 0 0 0 0 0 0 0 0 0 0 0 0 0 0 0 0 0 0 0 0 0 0 0 0 0
 0 0 0 0 0 0 0 0 0 0 0 0 0 0 0 0 0 0 0 0 0 0 0 0 0 0
 0 0 0 0 0 0 0 0 0 0 0 0 0 0 0 0 0 0 0 0 0 0 0 0 0 0
 0 0 0 0 0 0 0 0 0 0 0 0 0 0 0 0 0 0 0 0 0 0 0 0 0 0
 0 0 0 0 0 0 0 0 0 0 0 0 0 0 0 0 0 0 0 0 0 0 0 0 0 0
 0.00862536 0 0 0.000197151 0.00414017 0.0128641 0.00837892 0.0270097 0.101434 0.158115 0.152841 0.127902 0.109271 0.109419 0.0830992 0.0579132 0.0238553 0.00714673 0.00463305 0.00128148 0.00103504 0.000492878 0.000147863 0.000147863 4.92878e-05 0
 0 0 0 0 0 0 0 0 0 0 0 0 0 0 0 0 0 0 0 0 0 0 0 0 0 0
 0 0 0 0 0 0 0 0.0054083 0.00873648 0.0413646 0.0450493 0.0745869 0.0622846 0.0627006 0.0613931 0.0827291 0.12552 0.122667 0.0946155 0.0697135 0.0546179 0.0294188 0.0215738 0.0213955 0.0102223 0.00600262
 0 0 0 0 0.00359764 0.0251062 0.0480494 0.140153 0.205849 0.193036 0.1447 0.116669 0.0760912 0.0342217 0.00950174 0.001854 0.000860785 0 0 0 0.000165536 0 0.000143464 0 0 0
 0 0 0 0 0 0 0 0.000145254 0.000435761 0.0275982 0.070085 0.0708112 0.156366 0.174668 0.174014 0.160142 0.0824315 0.0480064 0.0283245 0.00493863 0.00203355 0 0 0 0 0
 0 0 0 0 0 0 0 0 0 0 0 0 0 0 0 0 0 0 0 0 0 0 0 0 0 0
 0 0 1.00437e-05 0.000401748 0.00122533 0.00171747 0.00176769 0.0269171 0.070346 0.194647 0.189555 0.159765 0.064822 0.0314167 0.0384472 0.0292271 0.0345202 0.0313363 0.0194345 0.0106764 0.0143323 0.0359363 0.0279516 0.0138201 0.00172751 0
 0 0.0021121 0.0136068 0.0755702 0.200478 0.177729 0.0527432 0.0373336 0.0318909 0.0142505 0.0149659 0.0166563 0.0217959 0.0798694 0.0677717 0.0528807 0.04013 0.0224614 0.0357745 0.0225083 0.00881397 0.00855152 0.00135912 0.000746735 0 0
 0 0 0 0 5.4009e-05 0.00500934 0.000945158 0.0243581 0.138947 0.33067 0.221406 0.137944 0.0707744 0.0437923 0.0131692 0.00525238 0.0047753 0.00276346 9.45158e-05 9.00151e-06 2.25038e-05 9.00151e-06 4.50075e-06 0 0 0
 0.000866109 0.00284123 0.00948549 0.0512746 0.133035 0.25785 0.225252 0.132002 0.0553304 0.0519788 0.0540692 0.017754 0.00435017 0.00159236 0.00146478 0.000404838 0.000125132 0.000115318 0.000107957 0.000100596 0 0 0 0 0 0
 0 0 0 0 0.00144013 0.00171154 0.00461396 0.0210425 0.0478622 0.0707936 0.0888783 0.103762 0.0637923 0.0337046 0.0602308 0.124433 0.169614 0.0934646 0.0462172 0.0250306 0.0313229 0.00938855 0.002487 0.000210481 0 0
 0 0.00764035 0.051015 0.0998891 0.058973 0.0496711 0.0374665 0.0718981 0.12319 0.153886 0.159021 0.0857701 0.0377988 0.023471 0.0147837 0.00900784 0.00315554 0.000888139 0.00291439 0.00214683 0.00393193 0.00274676 0.000635225 9.99891e-05 0 0
 0 0 0 0 0 0 0 0 0 0 0 0 0 0 0 0 0 0 0 0 0 0 0 0 0 0
 0 0 0 0 0 0 0 0 0 0 0 0 0 0 0 0 0 0 0 0 0 0 0 0 0 0
 0 0 0 0 0 0 0 0 0 0 0 0 0 0 0 0 0 0 0 0 0 0 0 0 0 0
 0 0 0 0 0 0 0 0 0 0 0 0 0 0 0 0 0 0 0 0 0 0 0 0 0 0
 0 0 0 0 0 0 0 0 0 0 0 0 0 0 0 0 0 0 0 0 0 0 0 0 0 0
 0 0 0 0 0 0 0 0 0 0 0 0 0 0 0 0 0 0 0 0 0 0 0 0 0 0
 0 0 0 0 0 0 0 0 0 0 0 0 0 0 0 0 0 0 0 0 0 0 0 0 0 0
ppred_pel_tallas
 1.76185e-16 1.16207e-06 1.12958e-05 7.50655e-05 0.00034125 0.00106187 0.00226325 0.0033079 0.00333 0.00237148 0.00142688 0.0014027 0.00276705 0.00598122 0.0116198 0.019964 0.0305915 0.0424818 0.0547463 0.0674457 0.0816551 0.0984761 0.11767 0.136995 0.152768 0.161246
 1.02621e-16 8.04832e-05 0.000782325 0.00519883 0.0236331 0.0735314 0.156666 0.228659 0.228659 0.156667 0.0735321 0.0236355 0.00520556 0.000799352 0.000119953 9.04998e-05 0.000171049 0.000323777 0.0005788 0.000973407 0.00153419 0.00225811 0.00309626 0.00394998 0.00468587 0.00516828
 1.03677e-16 1.01716e-06 9.88721e-06 6.57085e-05 0.000298758 0.000930046 0.00198499 0.00291661 0.00300941 0.00243832 0.00245157 0.00469065 0.0110794 0.024018 0.0454943 0.0749422 0.107333 0.133669 0.1448 0.136547 0.112298 0.0809216 0.0517113 0.0302139 0.0173021 0.0108733
 1.29064e-16 6.73828e-06 6.54985e-05 0.000435261 0.00197863 0.00615628 0.0131167 0.0191447 0.0191471 0.0131294 0.00620277 0.00213033 0.000881519 0.00125586 0.00289904 0.00642367 0.0130611 0.0243223 0.0414343 0.0644595 0.0914057 0.117957 0.138372 0.147474 0.142806 0.125735
 1.00222e-16 8.21719e-05 0.000798741 0.00530791 0.024129 0.0750743 0.159954 0.233457 0.233457 0.159954 0.0750746 0.02413 0.00531036 0.000804267 9.32162e-05 2.56003e-05 3.28725e-05 5.04206e-05 7.54625e-05 0.000111476 0.000162659 0.000230912 0.000312545 0.000396732 0.000467344 0.000507996
 1.00004e-16 8.19439e-05 0.000796524 0.00529318 0.024062 0.074866 0.15951 0.232809 0.23281 0.159512 0.0748741 0.0240855 0.00535188 0.000924475 0.000324379 0.000405066 0.000572006 0.000711639 0.000770042 0.000724447 0.000592669 0.000421831 0.000261548 0.000141785 6.79202e-05 2.96559e-05
 1.00403e-16 4.49799e-07 4.3723e-06 2.90601e-05 0.000132162 0.000411714 0.000880717 0.00130538 0.00140052 0.0013455 0.00197167 0.00463499 0.011321 0.0246187 0.0466417 0.0768295 0.110023 0.136983 0.148294 0.139621 0.114376 0.081592 0.0507807 0.0276834 0.0133353 0.00578355
 1.28772e-16 8.41902e-07 8.18358e-06 5.43828e-05 0.000247218 0.000769195 0.00163892 0.00239245 0.00239449 0.00164956 0.000809284 0.000382199 0.000465445 0.00114395 0.00285412 0.00652587 0.0135936 0.0257813 0.0444845 0.0697621 0.099339 0.128339 0.150337 0.159614 0.153558 0.133856
 1.05324e-16 7.79496e-05 0.000757698 0.00503517 0.0228891 0.0712166 0.151735 0.221461 0.221461 0.151735 0.0712179 0.0228931 0.00504643 0.000786615 0.000146558 0.000157893 0.000320155 0.000636079 0.00119442 0.00210433 0.00345383 0.00525055 0.00736365 0.0095041 0.0112739 0.0122824
 1.08833e-16 3.4385e-06 3.34236e-05 0.000222116 0.00100976 0.0031422 0.00669802 0.00979424 0.00988145 0.00712405 0.00457213 0.00513733 0.0105734 0.0225989 0.0427679 0.0704612 0.100953 0.125817 0.136504 0.129155 0.107033 0.0785335 0.0523972 0.0337546 0.0232364 0.0185962
 1.01572e-16 7.86542e-05 0.000764547 0.00508068 0.0230961 0.0718604 0.153106 0.223463 0.223463 0.153107 0.0718647 0.0231093 0.0051169 0.000853604 0.000277013 0.000409488 0.00075879 0.00132074 0.00213653 0.00320592 0.00444506 0.00566971 0.00662803 0.00708479 0.00691934 0.00617995
 1.002e-16 7.89336e-05 0.000767263 0.00509873 0.0231781 0.0721157 0.15365 0.224258 0.224262 0.153669 0.0721785 0.0233594 0.00555335 0.00175836 0.00195731 0.00310076 0.00443557 0.00552889 0.00600016 0.00567845 0.00470437 0.00344252 0.00227217 0.00141548 0.000900977 0.00063641
 1.00981e-16 3.50256e-05 0.000340461 0.00226249 0.010285 0.0320007 0.0681827 0.0995258 0.0995788 0.0684417 0.0328698 0.012794 0.00855605 0.0140643 0.0260545 0.0429007 0.0615204 0.0767792 0.0834649 0.0791677 0.0657421 0.0481194 0.0314615 0.0188447 0.0107855 0.00622279
 1.02211e-16 7.25128e-05 0.00070485 0.00468397 0.0212927 0.0662494 0.141152 0.206016 0.206021 0.141176 0.0663319 0.0215319 0.00528879 0.00203951 0.00264915 0.00437359 0.00654546 0.00875349 0.0106103 0.0119035 0.0126592 0.0130128 0.0130139 0.0125589 0.011507 0.0098526
 1.01256e-16 7.05788e-05 0.000686051 0.00455905 0.0207248 0.0644826 0.137387 0.200523 0.200536 0.137447 0.0646816 0.0212994 0.00600079 0.00383119 0.00603748 0.00985336 0.0141507 0.0177209 0.0193883 0.0186216 0.0158564 0.0122115 0.00883088 0.00635399 0.00482174 0.00392406
 1.00071e-16 8.14341e-05 0.000791568 0.00526025 0.0239123 0.0744001 0.158517 0.231361 0.231362 0.158522 0.0744155 0.0239567 0.00537175 0.00103497 0.000543675 0.000769826 0.00110077 0.00138332 0.00152236 0.00147557 0.00127363 0.000998637 0.000734775 0.000529634 0.000388424 0.0002928
 1.00697e-16 1.44912e-06 1.40861e-05 9.36115e-05 0.000425602 0.00132471 0.00282588 0.00414403 0.00423744 0.00328218 0.00285621 0.0048464 0.0111802 0.0241821 0.0458005 0.0754518 0.108073 0.134602 0.145808 0.137437 0.112831 0.0808369 0.0507562 0.0281911 0.0141339 0.00666392
 1.00497e-16 8.09726e-05 0.000787082 0.00523044 0.0237768 0.0739785 0.157619 0.230049 0.23005 0.157619 0.0739795 0.02378 0.00523972 0.000811361 0.000138788 0.000131687 0.000252298 0.000463096 0.000780852 0.00120562 0.00170007 0.00218417 0.00255173 0.0027073 0.00260644 0.00227631
 1.01587e-16 1.50701e-05 0.000146487 0.000973458 0.00442525 0.013769 0.0293392 0.0428376 0.0429148 0.0297165 0.0150353 0.00808054 0.01014 0.020128 0.0378784 0.0623739 0.0893296 0.111244 0.120493 0.113585 0.0933206 0.0670562 0.042503 0.0242704 0.0131066 0.00731892
 1.23366e-16 7.04024e-06 6.84336e-05 0.000454766 0.00206731 0.00643227 0.0137053 0.0200068 0.020024 0.01379 0.00671986 0.0029119 0.00262722 0.00498393 0.00984773 0.0175818 0.0283694 0.0419802 0.0579191 0.0755352 0.0937123 0.110312 0.122099 0.125718 0.119331 0.103795
 1.04129e-16 7.81519e-05 0.000759664 0.00504824 0.0229486 0.0714015 0.152128 0.222036 0.222036 0.152131 0.0714089 0.0229705 0.0051048 0.000888146 0.00033753 0.000476687 0.00078446 0.00122324 0.00183024 0.00266767 0.00379379 0.00520936 0.00680398 0.00834384 0.00952341 0.0100661
 1.01272e-16 6.8758e-05 0.000668352 0.00444143 0.0201901 0.062819 0.133843 0.195351 0.195366 0.133917 0.0630663 0.0209038 0.00623124 0.00457024 0.00746373 0.0121901 0.0174608 0.021765 0.0236199 0.0223554 0.0185305 0.0135889 0.00903446 0.00575026 0.00384907 0.00295504
 1.06054e-16 8.37786e-07 8.14365e-06 5.41213e-05 0.000246077 0.000766063 0.00163512 0.00240321 0.00248291 0.00202456 0.00207383 0.00402395 0.0095393 0.0207215 0.0393594 0.0651181 0.0939163 0.118318 0.130696 0.127458 0.11112 0.0884824 0.066491 0.049032 0.0365179 0.0275122
 1.03968e-16 7.43635e-05 0.00072284 0.00480353 0.0218361 0.0679403 0.144754 0.211273 0.211273 0.144755 0.0679446 0.0218501 0.00484487 0.000833846 0.000346123 0.00061381 0.00124914 0.00234923 0.0040475 0.006379 0.00918513 0.0120734 0.0144848 0.0158701 0.0158999 0.0145961
 1.0622e-16 3.57915e-05 0.000347906 0.00231196 0.0105099 0.0327004 0.0696734 0.101701 0.10175 0.0699133 0.0335056 0.0128345 0.00814247 0.013061 0.0241374 0.0397378 0.056992 0.0711698 0.0775076 0.0738845 0.0621622 0.0470329 0.0333011 0.0236637 0.01826 0.0156645
 1.2173e-16 8.09835e-06 7.87188e-05 0.000523116 0.00237803 0.00739915 0.0157661 0.0230191 0.0230575 0.015954 0.008032 0.00421393 0.00516167 0.0103045 0.0197205 0.0333488 0.0498053 0.0663041 0.0798714 0.088936 0.0938949 0.0961118 0.0963257 0.0939788 0.0879541 0.0778528
 1.04445e-16 7.6811e-05 0.00074663 0.00496162 0.0225548 0.0701764 0.149518 0.218226 0.218227 0.149522 0.070188 0.0225889 0.00504985 0.000948112 0.000486039 0.000753168 0.00124893 0.00194218 0.00286727 0.00407012 0.00557077 0.00730524 0.00908358 0.0106085 0.0115616 0.0117181
 1.01478e-16 6.86917e-05 0.000667708 0.00443715 0.0201707 0.0627585 0.133714 0.195163 0.195178 0.133787 0.0630027 0.0208756 0.00620521 0.00452247 0.00737531 0.0120472 0.0172627 0.0215332 0.0233993 0.0222045 0.0185035 0.0137194 0.00932734 0.00618229 0.00437551 0.00351909
 1.0627e-16 2.90993e-06 2.82857e-05 0.000187972 0.000854541 0.00265921 0.0056686 0.00828974 0.00836733 0.00604774 0.00393239 0.00453248 0.00942216 0.0201933 0.0383188 0.0633915 0.0914225 0.11517 0.127211 0.124054 0.108158 0.0861571 0.0648231 0.0479402 0.0358972 0.0272695
 1.38266e-16 3.63161e-06 3.53005e-05 0.000234584 0.00106639 0.00331796 0.00706942 0.0103189 0.0103234 0.00709192 0.00339711 0.00131081 0.000907833 0.0017029 0.00375159 0.00771495 0.0146612 0.0258601 0.0424016 0.0645196 0.090783 0.117661 0.140039 0.152798 0.152809 0.140221
 1.06036e-16 7.75892e-05 0.000754195 0.00501189 0.0227833 0.0708874 0.151033 0.220437 0.220438 0.151034 0.0708919 0.0227966 0.00504644 0.000834063 0.000243321 0.000319351 0.000554904 0.000935867 0.00153402 0.00245264 0.00379126 0.00558282 0.0077247 0.00994703 0.0118535 0.0130349
pSPR Fmed_Fpbrs
0.364783   0.174225 0.174225
Fs Fmed_Fpbrs
0.52933   1.005 1.005
SSBpbr Bo_Bmed_Bpbrs
1.69874e+06  534734  211026 211026
Ro
26122.8
SPR SPRFo_SPRFmed_SPRFpbrs
186454 68015.3 32485
Fref
1.005
Nvult_r0
 111948 305.842 234.132 5330.51 1061.06
CTP_r0
 37611.7 103.377 79.1388 1801.76 358.647
YTP_r0
390817
Np
 118213 16064.3 4296.66 11.669 10.1359
Nvult_p0
 102149 13901 3718.07 10.0976 8.771
CTP_p0
 50969.4 13839.8 37.5865 28.7737 799.723
 50969.4 6967.85 1863.67 5.06141 4.39644
YTP_p0
 627399 534351
CBA_c0
599485
log_Ro
9.99056
likeval ReclasPelacesDesembMPH_pf_preclas_ppelaces_ptallas_desvR_qrecl_qpela
 26.1978 78.6475 0.741969 0.00178786 471.238 180.397 164.005 0 276.252 1.99753e-05 0 1.35731 0 0 0
q_reclas_q_pelaces
1.88387 1
M
1
N
 652.173 10400.4 14122.4 6879.45 14425.7
 349762 116.186 1840.61 2499.3 3770.47
 971.862 76258.3 25.2111 399.391 1360.47
 1505.89 215.638 16842.3 5.56808 388.68
 40689.8 8.14573 1.12229 87.6557 2.05186
 356410 1846.82 0.362708 0.0499727 3.99445
 544.389 99359.8 513.551 0.10086 1.12465
 152.758 81.08 14676.6 75.8573 0.181021
 67061 39.0214 20.6426 3736.58 19.3589
 697.468 15308.2 8.86876 4.69163 853.646
 33731.2 66.8449 1449.2 0.839586 81.257
 193763 8088.17 15.9657 346.135 19.6084
 30374.6 39632.3 1645.5 3.24814 74.4088
 73519.5 4299.34 5560.93 230.885 10.8963
 43407.2 6452.78 372.439 481.726 20.9448
 403008 3978.69 583.992 33.7066 45.4929
 1671.8 92687.3 911.132 133.736 18.1369
 1.17967e+06 358.548 19780.7 194.447 32.4116
 83117.7 365879 111.031 6125.46 70.2512
 10891.7 21445 94093.9 28.5542 1593.37
 428792 1985.54 3884.4 17043.5 293.783
 558256 105184 485.257 949.327 4237.14
 1665.82 135752 25481.1 117.555 1256.44
 384456 421.715 34249.4 6428.71 346.649
 99160.5 116741 127.83 10381.7 2053.75
 6988.5 27948.2 32823.1 35.941 3496.37
 233706 1667.52 6642.32 7800.93 839.508
 337414 62732.5 446.315 1777.83 2312.63
 4582.22 104520 19401.9 138.036 1265.1
 1785.55 1373.35 31267.2 5804.11 419.75
 143855 392.497 300.469 6840.81 1361.69
pred_Ctot
 225.291 3616.92 4911.3 2392.45 5016.79
 93936.6 31.433 497.957 676.161 1020.06
 253.953 20073.8 6.63641 105.133 358.122
 1210.8 173.72 13568.3 4.48568 313.123
 26282.7 5.28177 0.727704 56.8368 1.33045
 55810.3 291.545 0.0572584 0.00788887 0.630578
 220.003 40404.3 208.834 0.0410142 0.457334
 30.3977 16.2607 2943.4 15.2133 0.036304
 16718.7 9.8009 5.18473 938.506 4.86233
 361.71 7980.05 4.6232 2.4457 444.998
 7686.01 15.3475 332.733 0.192767 18.6564
 57009.2 2396.68 4.73092 102.566 5.81035
 12738.5 16722.3 694.298 1.37051 31.3959
 39501.7 2321.56 3002.79 124.673 5.88378
 22928.9 3425.88 197.734 255.756 11.1199
 99178.9 986.478 144.795 8.35723 11.2795
 460.264 25703.4 252.669 37.0867 5.02961
 118653 36.37 2006.49 19.7241 3.28773
 16149.9 71650.1 21.7433 1199.55 13.7573
 3673.7 7282.4 31952.8 9.69655 541.082
 93325.4 435.475 851.937 3738.03 64.4333
 123701 23485.9 108.35 211.97 946.087
 338.474 27798.4 5217.85 24.0721 257.285
 43098 47.6733 3871.77 726.742 39.1874
 14979.7 17779.5 19.4684 1581.12 312.784
 1607.63 6478.1 7608.06 8.33074 810.421
 40973.7 294.691 1173.86 1378.62 148.362
 34168.5 6406.67 45.5807 181.565 236.182
 545.751 12552.9 2330.17 16.5782 151.939
 473.52 366.883 8352.86 1550.53 112.134
 37611.7 103.377 79.1388 1801.76 358.647
F
 0.725116 0.731747 0.731747 0.731747 0.731747
 0.523127 0.527911 0.527911 0.527911 0.527911
 0.50561 0.510234 0.510234 0.510234 0.510234
 4.21964 4.25823 4.25823 4.25823 4.25823
 2.09252 2.11165 2.11165 2.11165 2.11165
 0.277333 0.279869 0.279869 0.279869 0.279869
 0.904227 0.912496 0.912496 0.912496 0.912496
 0.364747 0.368082 0.368082 0.368082 0.368082
 0.477212 0.481575 0.481575 0.481575 0.481575
 1.34508 1.35738 1.35738 1.35738 1.35738
 0.428022 0.431936 0.431936 0.431936 0.431936
 0.586991 0.592358 0.592358 0.592358 0.592358
 0.955144 0.963879 0.963879 0.963879 0.963879
 1.43304 1.44614 1.44614 1.44614 1.44614
 1.38967 1.40238 1.40238 1.40238 1.40238
 0.469726 0.474021 0.474021 0.474021 0.474021
 0.539592 0.544527 0.544527 0.544527 0.544527
 0.170689 0.17225 0.17225 0.17225 0.17225
 0.354765 0.358009 0.358009 0.358009 0.358009
 0.702105 0.708526 0.708526 0.708526 0.708526
 0.405263 0.408969 0.408969 0.408969 0.408969
 0.413988 0.417773 0.417773 0.417773 0.417773
 0.373744 0.377162 0.377162 0.377162 0.377162
 0.191873 0.193627 0.193627 0.193627 0.193627
 0.266388 0.268824 0.268824 0.268824 0.268824
 0.432931 0.43689 0.43689 0.43689 0.43689
 0.315184 0.318066 0.318066 0.318066 0.318066
 0.171938 0.17351 0.17351 0.17351 0.17351
 0.204929 0.206803 0.206803 0.206803 0.206803
 0.514955 0.519664 0.519664 0.519664 0.519664
 0.505968 0.510595 0.510595 0.510595 0.510595
YTP_r0W_actual
 312177 1457.62 2184.23 61620.2 13377.5
YTP_p0W_proyectada
 381761 216870 869.375 845.083 27054.6
 381761 109186 43106.7 148.653 148.731
CTP_r0_actual
 37611.7 103.377 79.1388 1801.76 358.647
CTP_p0_proyectada
 50969.4 13839.8 37.5865 28.7737 799.723
 50969.4 6967.85 1863.67 5.06141 4.39644
Wmedp
 7.49 15.67 23.13 29.37 33.83
Frms_r0
 0.505968 0.510595 0.510595 0.510595 0.510595
Zrms_r0
 1.50597 1.5106 1.5106 1.5106 1.5106
nmprior
 8.19 8.8 8.5 0
nm_flota  nm_reclas  nm_pelaces    nm_pelaL
inf 4.2982 2.47135 3.24201
cv_recla  cv_pelaces  cv_mph
0.462975 1.00558 1.30488
 ------------------------------------------------
Talla a la edad & desviaci?n 
 8 13.2811 15.8009 17.003 17.5766
 0.8 1.32811 1.58009 1.7003 1.75766
