    unsorted:	 2.375137407e-06 2.203218795e-06 6.091341409e-05 4.971651897e-05 9.370288436e-05 0.001099993085 4.297130395 13.58726921 55.26964988 69.14228548 165.0075622 231.2948865 257.6593614 321.8591346 780.7652554 501.1890225 616.6668733 828.9228057 852.5436754 926.7399560 975.0375405 1077.187372 1160.736683 1201.338767 1444.792340 1431.718734 1713.405586 1869.950780 2011.013120 2061.890418 2279.028675 2379.587909 2538.541588 2498.396540 2605.948953 2670.440000 2881.392400 3207.125107 3273.997368 3300.815973 3869.421148 4012.712025 4351.510480 8116.147392 39676.87536 394975.8451 391316.2736 403306.4553 379078.4928 366273.2320 420567.2376 441754.1168 448684.0496 455096.1214 342190.3772 158318.3928 282895.5102 503722.1196 584661.0983 599416.0521 644025.9584 656194.2866 683299.7824 913743.0816 985655.2343 1062642.059 1154792.234 1334253.479 1434098.364 1622065.063 1739024.326 2335582.807 2390010.141 2649708.177 2730907.565 2969161.217 3262625.727
      sorted:	 2.203218795e-06 2.375137407e-06 4.971651897e-05 6.091341409e-05 9.370288436e-05 0.001099993085 4.297130395 13.58726921 55.26964988 69.14228548 165.0075622 231.2948865 257.6593614 321.8591346 501.1890225 616.6668733 780.7652554 828.9228057 852.5436754 926.7399560 975.0375405 1077.187372 1160.736683 1201.338767 1431.718734 1444.792340 1713.405586 1869.950780 2011.013120 2061.890418 2279.028675 2379.587909 2498.396540 2538.541588 2605.948953 2670.440000 2881.392400 3207.125107 3273.997368 3300.815973 3869.421148 4012.712025 4351.510480 8116.147392 39676.87536 158318.3928 282895.5102 342190.3772 366273.2320 379078.4928 391316.2736 394975.8451 403306.4553 420567.2376 441754.1168 448684.0496 455096.1214 503722.1196 584661.0983 599416.0521 644025.9584 656194.2866 683299.7824 913743.0816 985655.2343 1062642.059 1154792.234 1334253.479 1434098.364 1622065.063 1739024.326 2335582.807 2390010.141 2649708.177 2730907.565 2969161.217 3262625.727
