years
 1991 1992 1993 1994 1995 1996 1997 1998 1999 2000 2001 2002 2003 2004 2005 2006 2007 2008 2009 2010 2011 2012 2013 2014 2015 2016 2017 2018 2019 2020 2021
reclasobs
 0 0 0 0 0 0 0 0 0 252601 567819 844713 477998 351125 339783 2.1784e+06 2.13404e+06 4.81314e+06 1.55562e+06 2.62356e+06 3.21686e+06 3.843e+06 1.13348e+06 3.07943e+06 1.97215e+06 2.03268e+06 2.025e+06 2.42433e+06 2.27542e+06 1.05018e+06 2.36338e+06
reclaspred
 1.87101e+06 864739 414888 74791.8 57579.2 447069 210457 29334.1 123352 131027 208701 377890 423683 249126 235934 583312 905770 1.47851e+06 1.8513e+06 1.22997e+06 2.03499e+06 1.83235e+06 1.50328e+06 1.99763e+06 1.73472e+06 1.21166e+06 1.28453e+06 1.65852e+06 1.81458e+06 781592 730898
pelacesobs
 0 0 0 0 0 0 0 0 0 0 0 0 0 0 0 552880 188675 0 991730 2.46772e+06 1.41603e+06 1.21717e+06 2.29649e+06 1.80582e+06 0 1.4828e+06 1.56532e+06 1.57751e+06 1.42118e+06 867257 1.10002e+06
pelacespred
 875591 412805 186655 14430 17082.7 188754 56126.8 8998.07 46818 48191.4 96076.1 142771 177814 100239 106104 224510 352486 634766 880301 574023 868181 846384 694053 1.00137e+06 878092 587047 707828 907641 817152 418167 364391
mphobs
 0 0 0 0 0 0 0 0 0 0 0 498337 0 5186 125008 0 168611 109162 213762 579715 649985 157893 87575 83554 0 0 0 0 0 0 0
mphpred
 2.00454e+06 957058 489327 164137 11937.5 54965.8 379915 45946.9 7790.49 101405 78788.2 233717 301133 257554 117368 182246 642042 753646 1.18743e+06 1.47891e+06 876944 1.6719e+06 1.36568e+06 1.0586e+06 1.73384e+06 1.20761e+06 713936 1.04997e+06 1.7481e+06 982584 387596
desembarqueobs
 494567 514787 250237 358949 120608 361735 552515 73892 212993 205616 52469 317467 293654 387597 252695 516296 358380 742168 942051 627588 828172 859565 418607 520667 417249 300574 415391 372974 316634 284311 391294
desembarquepred
 495216 514785 249840 358406 120420 362428 551534 74214.3 213059 205828 52443.6 317365 292991 386505 253565 517038 358764 741504 940774 629078 827358 857491 418892 521139 417612 300116 415319 373945 316812 285517 393055
Reclutas
 14922.1 143723 47360.9 8796.67 58367.9 243920 6016.23 2510.29 54241.8 47540.8 89237.1 143350 117201 56451.7 76097.6 363921 124979 478176 658809 43822.1 570188 452936 107796 382457 208565 49164.8 309072 357179 26717.1 19077.9 205728
log_desv_Rt
 -1.78374 0.481303 -0.628787 -2.31221 -0.419818 1.01026 -2.69212 -3.56618 -0.493133 -0.624996 0.00471163 0.478703 0.277302 -0.453199 -0.154568 1.41035 0.341564 1.68339 2.00385 -0.706445 1.85938 1.62917 0.193659 1.46003 0.853664 -0.591407 1.24699 1.39165 -1.20128 -1.53806 0.839972
SSB
 2.00454e+06 957058 489327 164137 11937.5 54965.8 379915 45946.9 7790.49 101405 78788.2 233717 301133 257554 117368 182246 642042 753646 1.18743e+06 1.47891e+06 876944 1.6719e+06 1.36568e+06 1.0586e+06 1.73384e+06 1.20761e+06 713936 1.04997e+06 1.7481e+06 982584 387596
BT
 2.48349e+06 1.64194e+06 702591 330297 164532 1.14593e+06 619491 96201.1 402194 361108 408374 753978 847911 727908 670500 1.33514e+06 1.31165e+06 2.91328e+06 3.94012e+06 1.98902e+06 3.88752e+06 3.23506e+06 2.22087e+06 4.04588e+06 2.69382e+06 1.76594e+06 3.01217e+06 3.48944e+06 2.18649e+06 1.31095e+06 1.7476e+06
Ftot
 0.248282 0.543423 0.547613 2.832 1.77597 0.74602 1.8961 1.8812 1.51669 1.32812 0.23778 0.757179 0.629477 1.30231 0.961834 0.807813 0.368748 0.465223 0.470953 0.468789 0.379929 0.432952 0.261496 0.246224 0.226692 0.23292 0.304071 0.213311 0.165122 0.339641 0.499063
BD_Bspro_t
 0.961054 0.718027 0.51483 0.266034 0.0307733 0.160889 0.413683 0.0722968 0.0201446 0.226777 0.22947 0.544576 0.472566 0.384499 0.223298 0.308566 0.499175 0.516944 0.578544 0.58425 0.417106 0.568709 0.557975 0.546106 0.68432 0.656902 0.595849 0.699062 0.775977 0.664639 0.49319
BD_Bspro
 3.16201 1.50968 0.771875 0.258913 0.0188304 0.0867041 0.599286 0.0724775 0.0122889 0.159958 0.124282 0.368671 0.475014 0.406271 0.185138 0.287479 1.01277 1.18882 1.87308 2.33286 1.38331 2.63728 2.15425 1.66986 2.735 1.90491 1.12618 1.65625 2.75749 1.54995 0.611403
BD_Bo
 1.15026 0.549183 0.280788 0.0941858 0.00685002 0.0315407 0.218005 0.0263654 0.00447037 0.0581886 0.0452106 0.134113 0.172798 0.147791 0.0673485 0.104577 0.36842 0.43246 0.681378 0.848635 0.503212 0.959375 0.783659 0.60745 0.994921 0.692956 0.409674 0.602499 1.0031 0.563831 0.222412
BD_Brms
 4.88728 2.33341 1.19303 0.400183 0.0291048 0.134012 0.926273 0.112023 0.018994 0.247235 0.192094 0.569827 0.734194 0.627943 0.286155 0.444336 1.56537 1.83747 2.89509 3.60574 2.13808 4.07626 3.32966 2.58097 4.22729 2.94428 1.74065 2.55994 4.26206 2.39564 0.945001
Sel_flota
 0.5 1 1 1 1
 0.5 1 1 1 1
 0.5 1 1 1 1
 0.5 1 1 1 1
 0.5 1 1 1 1
 0.5 1 1 1 1
 0.5 1 1 1 1
 0.5 1 1 1 1
 0.5 1 1 1 1
 0.5 1 1 1 1
 0.5 1 1 1 1
 0.5 1 1 1 1
 0.5 1 1 1 1
 0.5 1 1 1 1
 0.5 1 1 1 1
 0.5 1 1 1 1
 0.5 1 1 1 1
 0.5 1 1 1 1
 0.5 1 1 1 1
 0.5 1 1 1 1
 0.5 1 1 1 1
 0.5 1 1 1 1
 0.5 1 1 1 1
 0.5 1 1 1 1
 0.5 1 1 1 1
 0.5 1 1 1 1
 0.5 1 1 1 1
 0.5 1 1 1 1
 0.5 1 1 1 1
 0.5 1 1 1 1
 0.5 1 1 1 1
Sel_reclas
 0.5 1 1 1 1
 0.5 1 1 1 1
 0.5 1 1 1 1
 0.5 1 1 1 1
 0.5 1 1 1 1
 0.5 1 1 1 1
 0.5 1 1 1 1
 0.5 1 1 1 1
 0.5 1 1 1 1
 0.5 1 1 1 1
 0.5 1 1 1 1
 0.5 1 1 1 1
 0.5 1 1 1 1
 0.5 1 1 1 1
 0.5 1 1 1 1
 0.5 1 1 1 1
 0.5 1 1 1 1
 0.5 1 1 1 1
 0.5 1 1 1 1
 0.5 1 1 1 1
 0.5 1 1 1 1
 0.5 1 1 1 1
 0.5 1 1 1 1
 0.5 1 1 1 1
 0.5 1 1 1 1
 0.5 1 1 1 1
 0.5 1 1 1 1
 0.5 1 1 1 1
 0.5 1 1 1 1
 0.5 1 1 1 1
 0.5 1 1 1 1
Sel_pelaces
 0.5 1 1 1 1
 0.5 1 1 1 1
 0.5 1 1 1 1
 0.5 1 1 1 1
 0.5 1 1 1 1
 0.5 1 1 1 1
 0.5 1 1 1 1
 0.5 1 1 1 1
 0.5 1 1 1 1
 0.5 1 1 1 1
 0.5 1 1 1 1
 0.5 1 1 1 1
 0.5 1 1 1 1
 0.5 1 1 1 1
 0.5 1 1 1 1
 0.5 1 1 1 1
 0.5 1 1 1 1
 0.5 1 1 1 1
 0.5 1 1 1 1
 0.5 1 1 1 1
 0.5 1 1 1 1
 0.5 1 1 1 1
 0.5 1 1 1 1
 0.5 1 1 1 1
 0.5 1 1 1 1
 0.5 1 1 1 1
 0.5 1 1 1 1
 0.5 1 1 1 1
 0.5 1 1 1 1
 0.5 1 1 1 1
 0.5 1 1 1 1
pf_obs 
 0.8446 0.082 0.0669 0.0065 0
 0.8095 0.147 0.0364 0.0071 0
 0.9664 0.0169 0.016 0.0007 0
 0.9276 0.0648 0.0075 0.0001 0
 0.7033 0.2144 0.0806 0.0017 0
 0.9318 0.0425 0.0243 0.0014 0
 0.5671 0.3108 0.0964 0.0239 0.0018
 0.0768 0.2599 0.5324 0.112 0.0189
 0.490249 0.384438 0.106611 0.0170017 0.00170017
 0.7925 0.1577 0.0466 0.003 0.0002
 0.840416 0.127587 0.0312969 0.00059994 9.999e-05
 0.8084 0.0986 0.0794 0.0134 0.0002
 0.7335 0.1905 0.0724 0.0035 0.0001
 0.4001 0.4547 0.1325 0.0127 0
 0.49795 0.308269 0.164784 0.0264974 0.00249975
 0.9179 0.0499 0.0305 0.0017 0
 0.2467 0.6533 0.0926 0.0074 0
 0.9418 0.0223 0.034 0.0019 0
 0.707729 0.231977 0.0356964 0.0245975 0
 0.517169 0.277429 0.184464 0.0207286 0.00020938
 0.811772 0.124168 0.05621 0.00726502 0.000585176
 0.764997 0.148141 0.077277 0.00933861 0.000247198
 0.163321 0.427699 0.378323 0.0303852 0.000271297
 0.753843 0.0900009 0.118128 0.0371064 0.000921714
 0.721811 0.176058 0.0630433 0.0369309 0.00215725
 0.143369 0.312575 0.442814 0.0836902 0.0175525
 0.692698 0.0596174 0.167031 0.0765114 0.00414204
 0.394062 0.376323 0.152708 0.0712218 0.00568511
 0.125707 0.32114 0.495352 0.0537591 0.00404204
 0.23352 0.215282 0.420074 0.123614 0.00750983
 0.796117 0.104755 0.0508955 0.0450114 0.00322123
pf_pred 
 0.0482858 0.572337 0.24303 0.136343 3.84015e-06
 0.618553 0.0375754 0.206796 0.0878111 0.0492645
 0.341261 0.522398 0.0134306 0.0739151 0.048995
 0.212544 0.433658 0.280571 0.00721335 0.066013
 0.967448 0.0195651 0.00715181 0.00462713 0.00120764
 0.940232 0.0592227 0.000327891 0.000119857 9.77845e-05
 0.0602101 0.916712 0.0228677 0.000126609 8.40378e-05
 0.279556 0.14181 0.564425 0.0140798 0.000129696
 0.982989 0.0101401 0.00135243 0.00538289 0.000135515
 0.760704 0.238052 0.000741187 9.88561e-05 0.000403368
 0.825168 0.158687 0.0160611 5.00068e-05 3.38843e-05
 0.720589 0.254313 0.0227806 0.00230567 1.20431e-05
 0.613436 0.33527 0.046687 0.00418208 0.000425488
 0.471367 0.419766 0.0944216 0.0131484 0.00129762
 0.753873 0.180165 0.0523777 0.0117818 0.00180255
 0.916009 0.0749794 0.0065963 0.00191768 0.000497356
 0.420702 0.5594 0.017763 0.0015627 0.000572135
 0.809079 0.118145 0.0702757 0.00223151 0.000268193
 0.701488 0.270783 0.0171587 0.0102064 0.000363041
 0.0957326 0.76353 0.127665 0.00808972 0.00498311
 0.82551 0.034252 0.118412 0.0197989 0.0020274
 0.565022 0.397521 0.00735266 0.0254187 0.00468531
 0.240427 0.567904 0.175165 0.00323989 0.0132651
 0.701217 0.121409 0.132615 0.0409039 0.0038542
 0.422833 0.481791 0.0387558 0.0423328 0.0142875
 0.186754 0.496498 0.264406 0.0212691 0.0310732
 0.770922 0.0755686 0.0937195 0.0499097 0.00988019
 0.627057 0.328403 0.0146927 0.0182218 0.0116249
 0.0837941 0.716288 0.176043 0.00787612 0.0159995
 0.153771 0.136349 0.554983 0.136399 0.0184989
 0.845992 0.0442012 0.0176926 0.0720143 0.0200994
pobs_RECLAS
 0 0 0 0 0
 0 0 0 0 0
 0 0 0 0 0
 0 0 0 0 0
 0 0 0 0 0
 0 0 0 0 0
 0 0 0 0 0
 0 0 0 0 0
 0 0 0 0 0
 0 0 0 0 0
 0.991045 0.00858322 0.000360255 1.14367e-05 0
 0.934742 0.0480273 0.0164251 0.00080598 0
 0.827803 0.169806 0.00239088 0 0
 0.941827 0.0461693 0.0120037 0 0
 0.791401 0.0380133 0.147996 0.0225897 0
 0.846168 0.0940531 0.0597789 0 0
 0.134021 0.677848 0.182769 0.00536245 0
 0.80878 0.0450904 0.141981 0.00414843 0
 0.846168 0.0940531 0.0597789 0 0
 0.905697 0.0802665 0.012482 0.00150086 5.37128e-05
 0.989698 0.0102097 9.19794e-05 0 0
 0.975433 0.0193895 0.00387452 0.00125025 5.28907e-05
 0.303575 0.632131 0.0575291 0.00676475 0
 0.966965 0.00978017 0.0227588 0.000495775 0
 0.843318 0.132988 0.00938335 0.0141283 0.000182051
 0.564624 0.303363 0.111486 0.0197234 0.00080311
 0.826376 0.0876187 0.0782897 0.00655872 0.00115652
 0.89761 0.0855135 0.0140674 0.00269457 0.000114338
 0.34875 0.467042 0.161289 0.0227151 0.000203297
 0.318654 0.224769 0.449479 0.00709798 0
 0.937255 0.0296025 0.0250945 0.00804832 0
ppred_RECLAS
 0.0488399 0.572004 0.242889 0.136263 3.83791e-06
 0.625807 0.0368609 0.202863 0.0861413 0.0483277
 0.3483 0.516816 0.0132871 0.0731253 0.0484715
 0.270652 0.401657 0.259867 0.00668106 0.0611417
 0.972082 0.0167802 0.00613381 0.0039685 0.00103574
 0.942797 0.0566807 0.000313817 0.000114712 9.35874e-05
 0.070873 0.906311 0.0226082 0.000125172 8.30843e-05
 0.315563 0.134722 0.536216 0.0133761 0.000123214
 0.984966 0.00896146 0.00119524 0.00475723 0.000119764
 0.779052 0.2198 0.000684356 9.12763e-05 0.000372439
 0.826808 0.157198 0.0159104 4.95377e-05 3.35664e-05
 0.730057 0.245695 0.0220087 0.00222754 1.16351e-05
 0.622236 0.327638 0.0456242 0.00408688 0.000415802
 0.496518 0.399794 0.0899293 0.0125228 0.00123589
 0.765868 0.171385 0.049825 0.0112076 0.0017147
 0.919912 0.0714954 0.0062898 0.00182857 0.000474246
 0.425363 0.554899 0.0176201 0.00155013 0.000567531
 0.812969 0.115738 0.0688438 0.00218605 0.000262728
 0.706857 0.265913 0.0168501 0.0100228 0.000356512
 0.097974 0.761637 0.127349 0.00806967 0.00497076
 0.828344 0.0336957 0.116489 0.0194773 0.00199447
 0.570721 0.392313 0.00725633 0.0250857 0.00462393
 0.242759 0.56616 0.174627 0.00322994 0.0132244
 0.7037 0.1204 0.131513 0.0405641 0.00382217
 0.425472 0.479588 0.0385785 0.0421393 0.0142222
 0.188452 0.495461 0.263854 0.0212247 0.0310082
 0.773592 0.0746879 0.0926273 0.049328 0.00976504
 0.629413 0.326329 0.0145999 0.0181067 0.0115514
 0.0843774 0.715832 0.175931 0.00787111 0.0159893
 0.156036 0.135984 0.553497 0.136033 0.0184494
 0.849568 0.043175 0.0172818 0.0703422 0.0196328
pobs_PELACES
 0 0 0 0 0
 0 0 0 0 0
 0 0 0 0 0
 0 0 0 0 0
 0 0 0 0 0
 0 0 0 0 0
 0 0 0 0 0
 0 0 0 0 0
 0 0 0 0 0
 0 0 0 0 0
 0 0 0 0 0
 0 0 0 0 0
 0 0 0 0 0
 0 0 0 0 0
 0 0 0 0 0
 0 0 0 0 0
 0.505614 0.472636 0.0217494 0 0
 0 0 0 0 0
 0.443492 0.261883 0.143347 0.151278 0
 0.227955 0.32914 0.350689 0.0885471 0.00366901
 0.970185 0.0296113 0.000203453 0 0
 0.997202 0.00247181 0.000326279 0 0
 0.445219 0.490057 0.0546422 0.010081 0
 0.90214 0.0892962 0.00764917 0.000914606 0
 0 0 0 0 0
 0.581667 0.319106 0.0959925 0.00289975 0.000334073
 0.762889 0.0836404 0.116647 0.0363945 0.000428098
 0.88444 0.0763242 0.0277011 0.0115352 0
 0.521256 0.241999 0.230069 0.00667565 0
 0.616807 0.101726 0.260614 0.0208532 0
 0.833518 0.0704572 0.0857862 0.0102388 0
ppred_PELACES
 0.0507785 0.570838 0.242394 0.135986 3.83009e-06
 0.646556 0.0348169 0.191614 0.0813648 0.0456479
 0.369081 0.500337 0.0128634 0.0707936 0.0469259
 0.371909 0.345894 0.223789 0.00575352 0.0526533
 0.979024 0.0126074 0.00460848 0.00298163 0.000778175
 0.949085 0.0504503 0.000279322 0.000102103 8.33001e-05
 0.0944477 0.883315 0.0220346 0.000121996 8.09762e-05
 0.386075 0.120843 0.480974 0.011998 0.00011052
 0.988256 0.00700073 0.000933725 0.00371637 9.35599e-05
 0.814466 0.18457 0.000574668 7.66467e-05 0.000312745
 0.832354 0.152164 0.0154009 4.79513e-05 3.24915e-05
 0.75396 0.223939 0.0200598 0.0020303 1.06048e-05
 0.646322 0.306747 0.0427151 0.0038263 0.00038929
 0.55007 0.357271 0.0803641 0.0111908 0.00110443
 0.793119 0.151437 0.0440259 0.00990312 0.00151513
 0.929198 0.0632053 0.00556048 0.00161654 0.000419256
 0.440298 0.540477 0.0171622 0.00150984 0.000552781
 0.824362 0.108688 0.0646504 0.00205289 0.000246725
 0.722696 0.251546 0.0159396 0.00948126 0.000337249
 0.105026 0.755683 0.126353 0.00800658 0.0049319
 0.837075 0.0319818 0.110564 0.0184867 0.00189302
 0.588128 0.376405 0.0069621 0.0240685 0.00443643
 0.250779 0.560164 0.172777 0.00319574 0.0130843
 0.7121 0.116987 0.127785 0.039414 0.00371381
 0.43464 0.471935 0.0379629 0.0414668 0.0139952
 0.194401 0.491829 0.26192 0.0210691 0.030781
 0.782258 0.0718289 0.0890816 0.0474398 0.00939124
 0.637584 0.319134 0.014278 0.0177074 0.0112967
 0.0865063 0.714167 0.175522 0.00785281 0.0159521
 0.163559 0.134772 0.548563 0.134821 0.0182849
 0.859792 0.0402406 0.0161073 0.0655615 0.0182984
pobs_pel_tallas
 0 0 0 0 0 0 0 0 0 0 0 0 0 0 0 0 0 0 0 0 0 0 0 0 0 0
 0 0 0 0 0 0 0 0 0 0 0 0 0 0 0 0 0 0 0 0 0 0 0 0 0 0
 0 0 0 0 0 0 0 0 0 0 0 0 0 0 0 0 0 0 0 0 0 0 0 0 0 0
 0 0 0 0 0 0 0 0 0 0 0 0 0 0 0 0 0 0 0 0 0 0 0 0 0 0
 0 0 0 0 0 0 0 0 0 0 0 0 0 0 0 0 0 0 0 0 0 0 0 0 0 0
 0 0 0 0 0 0 0 0 0 0 0 0 0 0 0 0 0 0 0 0 0 0 0 0 0 0
 0 0 0 0 0 0 0 0 0 0 0 0 0 0 0 0 0 0 0 0 0 0 0 0 0 0
 0 0 0 0 0 0 0 0 0 0 0 0 0 0 0 0 0 0 0 0 0 0 0 0 0 0
 0 0 0 0 0 0 0 0 0 0 0 0 0 0 0 0 0 0 0 0 0 0 0 0 0 0
 0 0 0 0 0 0 0 0 0 0 0 0 0 0 0 0 0 0 0 0 0 0 0 0 0 0
 0 0 0 0 0 0 0 0 0 0 0 0 0 0 0 0 0 0 0 0 0 0 0 0 0 0
 0 0 0 0 0 0 0 0 0 0 0 0 0 0 0 0 0 0 0 0 0 0 0 0 0 0
 0.00862536 0 0 0.000197151 0.00414017 0.0128641 0.00837892 0.0270097 0.101434 0.158115 0.152841 0.127902 0.109271 0.109419 0.0830992 0.0579132 0.0238553 0.00714673 0.00463305 0.00128148 0.00103504 0.000492878 0.000147863 0.000147863 4.92878e-05 0
 0 0 0 0 0 0 0 0 0 0 0 0 0 0 0 0 0 0 0 0 0 0 0 0 0 0
 0 0 0 0 0 0 0 0.0054083 0.00873648 0.0413646 0.0450493 0.0745869 0.0622846 0.0627006 0.0613931 0.0827291 0.12552 0.122667 0.0946155 0.0697135 0.0546179 0.0294188 0.0215738 0.0213955 0.0102223 0.00600262
 0 0 0 0 0.00359764 0.0251062 0.0480494 0.140153 0.205849 0.193036 0.1447 0.116669 0.0760912 0.0342217 0.00950174 0.001854 0.000860785 0 0 0 0.000165536 0 0.000143464 0 0 0
 0 0 0 0 0 0 0 0.000145254 0.000435761 0.0275982 0.070085 0.0708112 0.156366 0.174668 0.174014 0.160142 0.0824315 0.0480064 0.0283245 0.00493863 0.00203355 0 0 0 0 0
 0 0 0 0 0 0 0 0 0 0 0 0 0 0 0 0 0 0 0 0 0 0 0 0 0 0
 0 0 1.00437e-05 0.000401748 0.00122533 0.00171747 0.00176769 0.0269171 0.070346 0.194647 0.189555 0.159765 0.064822 0.0314167 0.0384472 0.0292271 0.0345202 0.0313363 0.0194345 0.0106764 0.0143323 0.0359363 0.0279516 0.0138201 0.00172751 0
 0 0.0021121 0.0136068 0.0755702 0.200478 0.177729 0.0527432 0.0373336 0.0318909 0.0142505 0.0149659 0.0166563 0.0217959 0.0798694 0.0677717 0.0528807 0.04013 0.0224614 0.0357745 0.0225083 0.00881397 0.00855152 0.00135912 0.000746735 0 0
 0 0 0 0 5.4009e-05 0.00500934 0.000945158 0.0243581 0.138947 0.33067 0.221406 0.137944 0.0707744 0.0437923 0.0131692 0.00525238 0.0047753 0.00276346 9.45158e-05 9.00151e-06 2.25038e-05 9.00151e-06 4.50075e-06 0 0 0
 0.000866109 0.00284123 0.00948549 0.0512746 0.133035 0.25785 0.225252 0.132002 0.0553304 0.0519788 0.0540692 0.017754 0.00435017 0.00159236 0.00146478 0.000404838 0.000125132 0.000115318 0.000107957 0.000100596 0 0 0 0 0 0
 0 0 0 0 0.00144013 0.00171154 0.00461396 0.0210425 0.0478622 0.0707936 0.0888783 0.103762 0.0637923 0.0337046 0.0602308 0.124433 0.169614 0.0934646 0.0462172 0.0250306 0.0313229 0.00938855 0.002487 0.000210481 0 0
 0 0.00764035 0.051015 0.0998891 0.058973 0.0496711 0.0374665 0.0718981 0.12319 0.153886 0.159021 0.0857701 0.0377988 0.023471 0.0147837 0.00900784 0.00315554 0.000888139 0.00291439 0.00214683 0.00393193 0.00274676 0.000635225 9.99891e-05 0 0
 0 0 0 0 0 0 0 0 0 0 0 0 0 0 0 0 0 0 0 0 0 0 0 0 0 0
 0 0 0 0 0 0 0 0 0 0 0 0 0 0 0 0 0 0 0 0 0 0 0 0 0 0
 0 0 0 0 0 0 0 0 0 0 0 0 0 0 0 0 0 0 0 0 0 0 0 0 0 0
 0 0 0 0 0 0 0 0 0 0 0 0 0 0 0 0 0 0 0 0 0 0 0 0 0 0
 0 0 0 0 0 0 0 0 0 0 0 0 0 0 0 0 0 0 0 0 0 0 0 0 0 0
 0 0 0 0 0 0 0 0 0 0 0 0 0 0 0 0 0 0 0 0 0 0 0 0 0 0
 0 0 0 0 0 0 0 0 0 0 0 0 0 0 0 0 0 0 0 0 0 0 0 0 0 0
ppred_pel_tallas
 1.20779e-16 4.18268e-06 4.06572e-05 0.000270184 0.00122825 0.00382184 0.00814488 0.0118993 0.0119546 0.00841527 0.00473061 0.00385688 0.00688293 0.0145249 0.0276562 0.0460957 0.067306 0.086565 0.0990455 0.102551 0.0987104 0.0915404 0.0846004 0.0790536 0.0738418 0.0672593
 1.21424e-16 5.3256e-05 0.000517667 0.00344008 0.0156381 0.048656 0.103667 0.151305 0.151309 0.103685 0.0487178 0.0158211 0.00391568 0.00161013 0.00228879 0.00412487 0.00694571 0.010885 0.0161172 0.0227797 0.0307895 0.039591 0.0480455 0.0546471 0.0580197 0.0574298
 1.1554e-16 3.04008e-05 0.000295506 0.00196375 0.00892694 0.0277753 0.0591799 0.0863849 0.0864331 0.0594152 0.0285652 0.0112079 0.00768673 0.0127813 0.0237229 0.0391239 0.0562655 0.0706128 0.0776286 0.0753776 0.0657935 0.0534847 0.0430096 0.0366771 0.0341464 0.0335112
 1.16034e-16 3.06337e-05 0.000297771 0.00197879 0.00899533 0.027988 0.0596326 0.0870426 0.0870762 0.059797 0.0285408 0.0105955 0.00600887 0.00914003 0.0169546 0.0283233 0.0415987 0.0539906 0.0626305 0.066151 0.0653633 0.0624063 0.0591226 0.0560281 0.0525164 0.0477903
 1.00568e-16 8.06409e-05 0.000783859 0.00520902 0.0236794 0.0736755 0.156974 0.229108 0.229109 0.156979 0.0736956 0.0237374 0.00535484 0.00110312 0.000689745 0.00102005 0.00147928 0.00189823 0.00216558 0.00223425 0.00214385 0.00198828 0.00185108 0.00176003 0.00168885 0.00159182
 1.00046e-16 7.81749e-05 0.000759888 0.00504972 0.0229553 0.0714225 0.152173 0.222102 0.222107 0.152197 0.071502 0.0231849 0.00562552 0.00201503 0.00245658 0.00392346 0.00561135 0.00698691 0.00756572 0.00712687 0.00584463 0.00417976 0.00261679 0.00144756 0.000723515 0.00034362
 1.00888e-16 7.77972e-06 7.56217e-05 0.000502537 0.00228451 0.00710842 0.0151484 0.0221273 0.0222123 0.0155635 0.00850166 0.00630645 0.0105898 0.0220683 0.0416938 0.0687002 0.0984569 0.122741 0.133173 0.125883 0.103877 0.0751329 0.0480254 0.0275775 0.014666 0.00757706
 1.15133e-16 3.18005e-05 0.000309112 0.00205416 0.00933792 0.0290538 0.0619026 0.0903513 0.0903637 0.0619634 0.0292599 0.00994228 0.00360554 0.00380922 0.00701048 0.0124005 0.0198571 0.0291099 0.0397347 0.0512629 0.0630018 0.0736396 0.0811367 0.0833201 0.0789605 0.0685811
 1.00418e-16 8.14013e-05 0.00079125 0.00525813 0.0239027 0.0743702 0.158454 0.231268 0.231268 0.158457 0.0743813 0.0239348 0.0053387 0.000967399 0.0004168 0.000562661 0.000808921 0.00103178 0.00116809 0.00119506 0.00114105 0.00106589 0.00102144 0.00102232 0.00104485 0.00104857
 1.00125e-16 6.70865e-05 0.000652105 0.00433346 0.0196993 0.061292 0.13059 0.190603 0.190621 0.130676 0.061583 0.0205393 0.0064398 0.00524347 0.00876697 0.0143351 0.0205208 0.0255469 0.0276529 0.0260309 0.0213189 0.0152049 0.00946521 0.00517178 0.00251612 0.00112998
 1.00494e-16 6.856e-05 0.000666427 0.00442864 0.020132 0.0626381 0.133458 0.194789 0.194803 0.133529 0.0628785 0.0208261 0.00617046 0.00446686 0.00728038 0.0119117 0.0171148 0.0214404 0.0234582 0.0225022 0.0190631 0.0144567 0.0100492 0.00663776 0.00434256 0.00288855
 1.00842e-16 6.21027e-05 0.000603661 0.00401154 0.0182359 0.0567387 0.120889 0.176445 0.176467 0.120994 0.0570924 0.0192572 0.00657421 0.00619462 0.0106703 0.0175154 0.0251625 0.0315076 0.0344476 0.0330068 0.0279162 0.0211257 0.0146579 0.00969065 0.00639313 0.00434177
 1.01761e-16 5.32368e-05 0.00051748 0.00343884 0.0156325 0.0486386 0.103631 0.151258 0.151288 0.103775 0.0491236 0.0170332 0.00695468 0.00819177 0.0146255 0.0240874 0.0346749 0.0435607 0.0478909 0.0463332 0.0398558 0.0310537 0.0225943 0.0159948 0.0114366 0.00835559
 1.0372e-16 4.53086e-05 0.000440416 0.00292672 0.0133045 0.0413953 0.0881983 0.128735 0.12877 0.0883668 0.0419612 0.0149396 0.00703321 0.009412 0.0171046 0.0282588 0.0408261 0.0515917 0.0572911 0.0563907 0.0499587 0.0408655 0.0319982 0.024906 0.0196646 0.0156157
 1.02559e-16 6.53282e-05 0.000635013 0.00421989 0.019183 0.0596855 0.127167 0.185607 0.185621 0.127238 0.0599257 0.0198774 0.0059646 0.00444963 0.00732729 0.0120553 0.0174654 0.022184 0.0248506 0.024829 0.0225596 0.0192112 0.0159287 0.0132789 0.0112218 0.00944887
 1.0041e-16 7.65369e-05 0.000743966 0.00494391 0.0224743 0.069926 0.148985 0.217449 0.217455 0.149015 0.0700258 0.0227626 0.00566729 0.00232224 0.0030714 0.00494979 0.00710716 0.00890415 0.00974609 0.00936056 0.00795685 0.00608667 0.00431887 0.00297943 0.00210581 0.00156692
 1.00879e-16 3.62669e-05 0.000352527 0.00234267 0.0106495 0.0331347 0.070599 0.103052 0.103104 0.070853 0.0339874 0.0131108 0.00851625 0.0138135 0.025554 0.0420646 0.0603006 0.0752145 0.081686 0.0773522 0.0640466 0.0466335 0.0302091 0.017816 0.00996677 0.00560429
 1.02142e-16 6.79016e-05 0.000660028 0.00438612 0.0199387 0.0620366 0.132176 0.192917 0.192927 0.132228 0.0622101 0.0204406 0.00564958 0.00342999 0.00536303 0.00884801 0.0129458 0.0167058 0.0191881 0.0199258 0.0191469 0.0175222 0.015668 0.0138285 0.0119316 0.00985891
 1.01533e-16 5.95276e-05 0.000578629 0.0038452 0.0174797 0.054386 0.115876 0.16913 0.169154 0.115994 0.0547832 0.0186264 0.00672212 0.00685419 0.0119639 0.019648 0.0282129 0.0353013 0.0385558 0.0368959 0.0311706 0.0236048 0.0164954 0.0111632 0.00775922 0.00574009
 1.05477e-16 8.65098e-06 8.40907e-05 0.000558816 0.00254034 0.00790433 0.0168437 0.0245991 0.024672 0.0171997 0.0090998 0.00599354 0.00922782 0.0190118 0.0359648 0.0594654 0.085708 0.107866 0.118951 0.115689 0.100422 0.0794458 0.0591942 0.0432776 0.0320721 0.0242007
 1.05374e-16 6.89487e-05 0.000670206 0.00445376 0.0202461 0.0629933 0.134214 0.19589 0.195893 0.13423 0.0630474 0.0204047 0.00485991 0.00158412 0.00188469 0.00321578 0.00511398 0.00745132 0.010119 0.013028 0.0160644 0.0189693 0.0212744 0.0224121 0.0219736 0.0199384
 1.03462e-16 4.84434e-05 0.000470887 0.00312921 0.014225 0.0442593 0.0943005 0.137642 0.137678 0.0944774 0.0448531 0.0159393 0.00742927 0.00984768 0.0178269 0.0293181 0.0420535 0.0525249 0.0572074 0.0545128 0.0457775 0.0344233 0.0239735 0.0164365 0.0119831 0.00966229
 1.07664e-16 2.06564e-05 0.000200788 0.00133431 0.00606561 0.0188726 0.0402122 0.0587022 0.0587563 0.0404767 0.0197614 0.00863433 0.00778881 0.0143129 0.0268859 0.0445799 0.064597 0.0820148 0.0917789 0.0914837 0.082699 0.0697096 0.0567698 0.0460796 0.0376689 0.0305941
 1.08299e-16 5.86548e-05 0.000570145 0.00378882 0.0172234 0.0535885 0.114176 0.166646 0.166658 0.114233 0.0537774 0.0177713 0.00517313 0.00362218 0.00594357 0.00996553 0.0148958 0.0198807 0.0240698 0.0270515 0.0290039 0.0303652 0.0313194 0.0315735 0.0305937 0.0280509
 1.07744e-16 3.58008e-05 0.000347997 0.00231256 0.0105126 0.0327088 0.0696913 0.101726 0.101772 0.0699134 0.0334544 0.0126658 0.00771588 0.0121391 0.0224169 0.0369732 0.053195 0.0667802 0.073389 0.0710754 0.0614857 0.0487793 0.0371516 0.0288618 0.0239072 0.0209895
 1.15007e-16 1.60126e-05 0.000155648 0.00103434 0.00470199 0.0146299 0.0311723 0.0455069 0.0455546 0.0314056 0.015414 0.00697058 0.00674347 0.0126672 0.0239199 0.0398899 0.0583261 0.0751516 0.086157 0.0893208 0.08584 0.0789592 0.0716387 0.0650056 0.0585339 0.0512848
 1.08936e-16 6.44336e-05 0.000626318 0.0041621 0.0189203 0.0588681 0.125425 0.183063 0.18307 0.12546 0.0589847 0.0192587 0.00501839 0.00251889 0.00372784 0.00624372 0.00942172 0.0127724 0.0158426 0.0184456 0.0207217 0.0229011 0.0249671 0.0265274 0.0270055 0.0259836
 1.04182e-16 5.2517e-05 0.000510484 0.00339235 0.0154211 0.0479811 0.10223 0.149214 0.149245 0.10238 0.0484848 0.0168756 0.00704128 0.00846962 0.0151496 0.0249144 0.0357767 0.0447726 0.0489326 0.0469222 0.0398691 0.0306461 0.0221915 0.0161511 0.0126191 0.0107575
 1.08735e-16 7.12556e-06 6.9263e-05 0.00046028 0.00209241 0.00651064 0.0138741 0.0202642 0.0203331 0.0142111 0.00764229 0.0053624 0.00867366 0.0180164 0.0341423 0.0565629 0.0817797 0.103455 0.115088 0.113613 0.101141 0.0833605 0.0659798 0.052047 0.0416946 0.0336186
 1.3248e-16 1.34722e-05 0.000130954 0.000870238 0.00395599 0.0123086 0.0262253 0.0382795 0.0382934 0.0262934 0.0125399 0.00463506 0.00261705 0.00408449 0.00793435 0.0141763 0.0229521 0.034179 0.0476598 0.0631709 0.0801556 0.0971314 0.111432 0.119839 0.119914 0.111208
 1.10147e-16 7.08199e-05 0.000688395 0.00457463 0.0207956 0.0647028 0.137856 0.201206 0.20121 0.137876 0.0647674 0.0209826 0.00504664 0.00172745 0.00207105 0.00338679 0.00506098 0.00679584 0.00838028 0.00981922 0.0113671 0.0133494 0.0158798 0.0186811 0.021141 0.0225627
pSPR Fmed_Fpbrs
0.461795   0.285357 0.285357
Fs Fmed_Fpbrs
0.549689   1.005 1.005
SSBpbr Bo_Bmed_Bpbrs
1.74269e+06  717633  410155 410155
Ro
88817.6
SPR SPRFo_SPRFmed_SPRFpbrs
633946 292753 180901
Fref
1.005
Nvult_r0
 146759 4599.54 1841.08 7493.73 2091.53
CTP_r0
 29307.7 1531.26 612.924 2494.79 696.304
YTP_r0
393055
Np
 167929 37376.5 7940.89 178.11 80.893
Nvult_p0
 130553 32343.3 6871.57 154.125 69.9999
CTP_p0
 43662.3 25578.1 573.702 229.638 1143.45
 43662.3 16212 3444.35 77.2549 35.0872
YTP_p0
 786537 664197
CBA_c0
749835
log_Ro
11.2143
likeval ReclasPelacesDesembMPH_pf_preclas_ppelaces_ptallas_desvR_qrecl_qpela
 55.4968 51.932 0.64475 0.00224089 299.193 149.027 115.343 0 80.9798 0 0 0.145763 0 0 0
q_reclas_q_pelaces
1 1
M
1
N
 14922.1 92978.5 39481.2 22149.4 0.623847
 143723 4848.67 26684.6 11331 6357.01
 47360.9 40292.9 1035.91 5701.12 3779.02
 8796.67 13249.9 8572.53 220.396 2016.95
 58367.9 785.347 287.075 185.734 48.4746
 243920 8835.55 48.9186 17.8816 14.5886
 6016.23 61795.5 1541.51 8.53468 5.66499
 2510.29 857.624 3413.47 85.1502 0.784364
 54241.8 360.524 48.085 191.386 4.81815
 47540.8 9347.49 29.1038 3.88174 15.8389
 89237.1 9002.76 911.187 2.83702 1.92235
 143350 29148.6 2611.05 264.269 1.38035
 117201 36114.7 5029.03 450.486 45.8328
 56451.7 31473.6 7079.63 985.851 97.2944
 76097.6 10829 3148.21 708.155 108.344
 363921 17306.8 1522.56 442.64 114.8
 124979 89392 2838.53 249.719 91.427
 478176 38235.9 22743.6 722.194 86.7962
 658809 139403 8833.5 5254.37 186.898
 43822.1 191513 32021.7 2029.11 1249.9
 570188 12752.7 44087.1 7371.53 754.841
 452936 173470 3208.54 11092.2 2044.57
 107796 134193 41390.5 765.569 3134.47
 382457 34795.7 38007.3 11723 1104.61
 208565 124400 10006.9 10930.5 3689.08
 49164.8 68504.7 36481.7 2934.62 4287.35
 309072 16098.4 19965 10632.2 2104.77
 357179 97664.4 4369.49 5419 3457.14
 26717.1 118106 29027 1298.66 2638.09
 19077.9 9049.8 36835.4 9053.08 1227.81
 205728 5922.2 2370.5 9648.66 2692.97
pred_Ctot
 1112.43 13185.8 5599.04 3141.13 0.0884711
 22098.7 1342.43 7388.06 3137.18 1760.04
 7332.21 11224.1 288.565 1588.11 1052.69
 4695.38 9580.06 6198.18 159.352 1458.31
 23296.8 471.141 172.22 111.424 29.0807
 49478.4 3116.52 17.2548 6.3073 5.14578
 2510.52 38223.2 953.491 5.27907 3.50404
 1041.98 528.566 2103.77 52.4793 0.483415
 19362.1 199.731 26.6392 106.028 2.66927
 15379 4812.64 14.9844 1.99855 8.15478
 6384.82 1227.86 124.274 0.386933 0.262184
 29449 10393.3 930.998 94.2282 0.492179
 20522.4 11216.4 1561.91 139.911 14.2346
 17992 16022.4 3604.05 501.871 49.53
 19091.9 4562.7 1326.47 298.374 45.6497
 78982.6 6465.08 568.764 165.351 42.8844
 13503.5 17955.4 570.152 50.159 18.3642
 63931.4 9335.56 5553.01 176.329 21.1919
 89064.5 34380 2178.55 1295.85 46.0935
 5899.65 47053.5 7867.52 498.54 307.091
 63331.7 2627.75 9084.34 1518.93 155.538
 56721.5 39906.4 738.119 2551.73 470.349
 8441.04 19938.3 6149.78 113.748 465.719
 28287.3 4897.68 5349.73 1650.08 155.479
 14259 16247.3 1306.95 1427.58 481.812
 3449.22 9170 4883.42 392.827 573.902
 27899.7 2734.83 3391.71 1806.23 357.564
 23041 12067.1 539.878 669.552 427.151
 1347.39 11517.7 2830.72 126.646 257.267
 1909.78 1693.41 6892.69 1694.02 229.75
 29307.7 1531.26 612.924 2494.79 696.304
F
 0.124141 0.248282 0.248282 0.248282 0.248282
 0.271712 0.543423 0.543423 0.543423 0.543423
 0.273806 0.547613 0.547613 0.547613 0.547613
 1.416 2.832 2.832 2.832 2.832
 0.887984 1.77597 1.77597 1.77597 1.77597
 0.37301 0.74602 0.74602 0.74602 0.74602
 0.94805 1.8961 1.8961 1.8961 1.8961
 0.940598 1.8812 1.8812 1.8812 1.8812
 0.758344 1.51669 1.51669 1.51669 1.51669
 0.664058 1.32812 1.32812 1.32812 1.32812
 0.11889 0.23778 0.23778 0.23778 0.23778
 0.378589 0.757179 0.757179 0.757179 0.757179
 0.314739 0.629477 0.629477 0.629477 0.629477
 0.651157 1.30231 1.30231 1.30231 1.30231
 0.480917 0.961834 0.961834 0.961834 0.961834
 0.403907 0.807813 0.807813 0.807813 0.807813
 0.184374 0.368748 0.368748 0.368748 0.368748
 0.232612 0.465223 0.465223 0.465223 0.465223
 0.235476 0.470953 0.470953 0.470953 0.470953
 0.234394 0.468789 0.468789 0.468789 0.468789
 0.189964 0.379929 0.379929 0.379929 0.379929
 0.216476 0.432952 0.432952 0.432952 0.432952
 0.130748 0.261496 0.261496 0.261496 0.261496
 0.123112 0.246224 0.246224 0.246224 0.246224
 0.113346 0.226692 0.226692 0.226692 0.226692
 0.11646 0.23292 0.23292 0.23292 0.23292
 0.152036 0.304071 0.304071 0.304071 0.304071
 0.106655 0.213311 0.213311 0.213311 0.213311
 0.082561 0.165122 0.165122 0.165122 0.165122
 0.16982 0.339641 0.339641 0.339641 0.339641
 0.249531 0.499063 0.499063 0.499063 0.499063
YTP_r0W_actual
 243254 21590.8 16916.7 85321.7 25972.1
YTP_p0W_proyectada
 327031 400809 13269.7 6744.47 38683
 327031 254042 79667.9 2268.98 1187
CTP_r0_actual
 29307.7 1531.26 612.924 2494.79 696.304
CTP_p0_proyectada
 43662.3 25578.1 573.702 229.638 1143.45
 43662.3 16212 3444.35 77.2549 35.0872
Wmedp
 7.49 15.67 23.13 29.37 33.83
Frms_r0
 0.249531 0.499063 0.499063 0.499063 0.499063
Zrms_r0
 1.24953 1.49906 1.49906 1.49906 1.49906
nmprior
 8.19 8.8 8.5 0
nm_flota  nm_reclas  nm_pelaces    nm_pelaL
inf 6.36375 6.95786 12.4514
cv_recla  cv_pelaces  cv_mph
0.673843 0.817127 1.46088
 ------------------------------------------------
Talla a la edad & desviaci?n 
 8 13.2811 15.8009 17.003 17.5766
 0.8 1.32811 1.58009 1.7003 1.75766
