    unsorted:	 2.365724974e-06 2.307992922e-06 -9.746941702e-08 5.997503795e-05 5.621568302e-05 8.380517774e-05 0.001099993795 13.49330281 66.58605389 160.6414649 173.0411769 240.3686306 294.1576278 379.6790603 705.9907841 550.1617138 809.3180754 851.1979967 927.9980524 956.9373362 1070.334437 1198.224085 1270.189945 1355.881909 1549.543108 1600.641288 1953.154603 2062.957097 2135.312116 2482.477149 2467.769590 2525.885049 2279.342527 2632.615638 2640.797517 2866.688982 3195.660598 3286.843662 3402.123014 3892.584608 4007.695762 4278.864534 5734.113073 9474.249116 37322.30802 158342.2113 411232.3285 402038.3413 403860.2316 416079.0145 386471.6604 366613.2955 451576.7202 464072.1654 469020.0611 472773.3366 343793.3246 532612.6950 562598.8388 586126.4985 614051.9745 666842.7483 830625.0665 874880.9137 1005252.867 1073443.769 1319087.503 1341743.388 1526861.645 1654360.642 2236675.963 2349019.622 2680822.219 2787945.472 3104530.881 3168370.688 14388573.26
      sorted:	 -9.746941702e-08 2.307992922e-06 2.365724974e-06 5.621568302e-05 5.997503795e-05 8.380517774e-05 0.001099993795 13.49330281 66.58605389 160.6414649 173.0411769 240.3686306 294.1576278 379.6790603 550.1617138 705.9907841 809.3180754 851.1979967 927.9980524 956.9373362 1070.334437 1198.224085 1270.189945 1355.881909 1549.543108 1600.641288 1953.154603 2062.957097 2135.312116 2279.342527 2467.769590 2482.477149 2525.885049 2632.615638 2640.797517 2866.688982 3195.660598 3286.843662 3402.123014 3892.584608 4007.695762 4278.864534 5734.113073 9474.249116 37322.30802 158342.2113 343793.3246 366613.2955 386471.6604 402038.3413 403860.2316 411232.3285 416079.0145 451576.7202 464072.1654 469020.0611 472773.3366 532612.6950 562598.8388 586126.4985 614051.9745 666842.7483 830625.0665 874880.9137 1005252.867 1073443.769 1319087.503 1341743.388 1526861.645 1654360.642 2236675.963 2349019.622 2680822.219 2787945.472 3104530.881 3168370.688 14388573.26
