years
 1991 1992 1993 1994 1995 1996 1997 1998 1999 2000 2001 2002 2003 2004 2005 2006 2007 2008 2009 2010 2011 2012 2013 2014 2015 2016 2017 2018 2019 2020 2021
reclasobs
 0 0 0 0 0 0 0 0 0 252601 567819 844713 477998 351125 339783 2.1784e+06 2.13404e+06 4.81314e+06 1.55562e+06 2.62356e+06 3.21686e+06 3.843e+06 1.13348e+06 3.07943e+06 1.97215e+06 2.03268e+06 2.025e+06 2.42433e+06 2.27542e+06 1.05018e+06 2.36338e+06
reclaspred
 3.43551e+06 1.97467e+06 1.0099e+06 1.10173e+06 1.16314e+06 1.76555e+06 1.24032e+06 1.12022e+06 808535 589813 561883 669382 665715 550451 556685 1.21501e+06 1.27759e+06 2.55453e+06 2.13826e+06 1.61249e+06 2.87674e+06 2.3463e+06 1.93677e+06 2.97598e+06 2.23676e+06 1.98819e+06 2.29656e+06 2.34817e+06 1.97238e+06 1.33077e+06 1.99719e+06
pelacesobs
 0 0 0 0 0 0 0 0 0 0 0 0 0 0 0 552880 188675 0 991730 2.46772e+06 1.41603e+06 1.21717e+06 2.29649e+06 1.80582e+06 0 1.4828e+06 1.56532e+06 1.57751e+06 1.42118e+06 867257 1.10002e+06
pelacespred
 2.5466e+06 1.65207e+06 858978 672051 736499 1.09751e+06 847544 842454 627941 436735 396782 396115 428263 376275 371417 632778 753501 1.52746e+06 1.46205e+06 1.07034e+06 1.67474e+06 1.58022e+06 1.34589e+06 2.01544e+06 1.62934e+06 1.43251e+06 1.72461e+06 1.73708e+06 1.36228e+06 1.04642e+06 1.35205e+06
mphobs
 0 0 0 0 0 0 0 0 0 0 0 498337 0 5186 125008 0 168611 109162 213762 579715 649985 157893 87575 83554 0 0 0 0 0 0 0
mphpred
 514549 347090 178972 97922.7 122137 141437 185678 132224 112953 79872.4 52687.6 64921.2 68661 60427.1 45133.7 54887.9 140953 147413 251640 198146 212530 263316 251414 214401 296823 242756 201932 209563 279260 197910 130410
desembarqueobs
 494567 514787 250237 358949 120608 361735 552515 73892 212993 205616 52469 317467 293654 387597 252695 516296 358380 742168 942051 627588 828172 859565 418607 520667 417249 300574 415391 372974 316634 284311 391294
desembarquepred
 494573 512957 251246 358964 120611 361747 552570 73894.6 213030 205653 52470.9 317534 293711 387669 252707 516304 358409 742119 941982 627539 828260 859646 418629 520694 417261 300584 415403 372975 316642 284328 391301
Reclutas
 255691 149043 146910 320225 257380 400135 169469 82342.2 70911.1 88593.9 153409 191376 162915 115337 119179 568210 156671 846633 525000 388436 602762 801806 183827 532568 431471 204495 435819 473054 154854 122719 464686
log_desv_Rt
 0.0404553 -0.499282 -0.513698 0.265509 0.0470378 0.488286 -0.370844 -1.09263 -1.24209 -1.01945 -0.47041 -0.249276 -0.410285 -0.755652 -0.722884 0.838976 -0.449368 1.23775 0.759883 0.458613 0.898008 1.18335 -0.289519 0.774196 0.563687 -0.182972 0.573712 0.655695 -0.461032 -0.693618 0.637847
SSB
 5.0294e+06 3.39259e+06 1.74935e+06 957134 1.19382e+06 1.38246e+06 1.81488e+06 1.29241e+06 1.10404e+06 780704 514989 634565 671119 590638 441154 536496 1.37773e+06 1.44087e+06 2.45962e+06 1.93675e+06 2.07735e+06 2.57376e+06 2.45742e+06 2.09563e+06 2.90126e+06 2.37279e+06 1.97376e+06 2.04835e+06 2.72959e+06 1.93445e+06 1.27468e+06
BT
 6.59612e+06 4.51095e+06 2.33628e+06 2.152e+06 2.0585e+06 3.41575e+06 2.66076e+06 2.29207e+06 1.83911e+06 1.34561e+06 1.14688e+06 1.37253e+06 1.45689e+06 1.46762e+06 1.3397e+06 2.36147e+06 2.30286e+06 5.21146e+06 4.95281e+06 3.40771e+06 5.46044e+06 5.13352e+06 3.88097e+06 6.33668e+06 4.67419e+06 4.05203e+06 5.365e+06 5.3748e+06 3.71641e+06 2.91778e+06 4.35999e+06
Ftot
 0.0845723 0.151195 0.145493 0.197668 0.0625586 0.125189 0.259677 0.0395569 0.15695 0.206467 0.0576876 0.283859 0.263811 0.417394 0.277493 0.264919 0.166782 0.179933 0.262716 0.232468 0.174726 0.220921 0.127944 0.108187 0.111732 0.0904031 0.111287 0.0982833 0.0941923 0.126337 0.122262
BD_Bspro_t
 0.98656 0.898534 0.786286 0.719494 0.733338 0.791772 0.78605 0.681491 0.723572 0.694137 0.665692 0.781076 0.680978 0.606392 0.519598 0.56745 0.680442 0.677554 0.732496 0.653834 0.62788 0.673161 0.687753 0.68875 0.776652 0.782076 0.789725 0.813362 0.841947 0.795504 0.752686
BD_Bspro
 2.86957 1.93567 0.998104 0.546101 0.681144 0.788774 1.0355 0.737396 0.629921 0.445438 0.293831 0.362057 0.382913 0.336994 0.251704 0.306102 0.786077 0.822103 1.40336 1.10503 1.18525 1.46848 1.4021 1.19568 1.65534 1.35382 1.12615 1.16871 1.55739 1.10372 0.727281
BD_Bo
 2.01267 1.35765 0.700054 0.383026 0.477743 0.553233 0.726281 0.517197 0.441816 0.312422 0.206088 0.253941 0.268569 0.236362 0.176541 0.214695 0.551341 0.576609 0.984293 0.775051 0.831315 1.02997 0.98341 0.838632 1.16103 0.949543 0.789862 0.81971 1.09233 0.774129 0.510103
BD_Brms
 14.008 9.44914 4.87233 2.66584 3.32506 3.85047 5.05487 3.59966 3.07501 2.17444 1.43436 1.76741 1.86922 1.64506 1.22872 1.49426 3.8373 4.01316 6.85062 5.39431 5.7859 7.16851 6.84447 5.83683 8.08068 6.60876 5.49739 5.70513 7.60255 5.38789 3.55028
Sel_flota
 0.885608 1 1 1 1
 0.885608 1 1 1 1
 0.885608 1 1 1 1
 0.885608 1 1 1 1
 0.885608 1 1 1 1
 0.885608 1 1 1 1
 0.885608 1 1 1 1
 0.885608 1 1 1 1
 0.885608 1 1 1 1
 0.885608 1 1 1 1
 0.885608 1 1 1 1
 0.885608 1 1 1 1
 0.885608 1 1 1 1
 0.885608 1 1 1 1
 0.885608 1 1 1 1
 0.885608 1 1 1 1
 0.885608 1 1 1 1
 0.885608 1 1 1 1
 0.885608 1 1 1 1
 0.885608 1 1 1 1
 0.885608 1 1 1 1
 0.885608 1 1 1 1
 0.885608 1 1 1 1
 0.885608 1 1 1 1
 0.885608 1 1 1 1
 0.885608 1 1 1 1
 0.885608 1 1 1 1
 0.885608 1 1 1 1
 0.885608 1 1 1 1
 0.885608 1 1 1 1
 0.885608 1 1 1 1
Sel_reclas
 1 1 1 1 1
 1 1 1 1 1
 1 1 1 1 1
 1 1 1 1 1
 1 1 1 1 1
 1 1 1 1 1
 1 1 1 1 1
 1 1 1 1 1
 1 1 1 1 1
 1 1 1 1 1
 1 1 1 1 1
 1 1 1 1 1
 1 1 1 1 1
 1 1 1 1 1
 1 1 1 1 1
 1 1 1 1 1
 1 1 1 1 1
 1 1 1 1 1
 1 1 1 1 1
 1 1 1 1 1
 1 1 1 1 1
 1 1 1 1 1
 1 1 1 1 1
 1 1 1 1 1
 1 1 1 1 1
 1 1 1 1 1
 1 1 1 1 1
 1 1 1 1 1
 1 1 1 1 1
 1 1 1 1 1
 1 1 1 1 1
Sel_pelaces
 0.679962 0.914475 0.981756 0.996321 0.999267
 0.679962 0.914475 0.981756 0.996321 0.999267
 0.679962 0.914475 0.981756 0.996321 0.999267
 0.679962 0.914475 0.981756 0.996321 0.999267
 0.679962 0.914475 0.981756 0.996321 0.999267
 0.679962 0.914475 0.981756 0.996321 0.999267
 0.679962 0.914475 0.981756 0.996321 0.999267
 0.679962 0.914475 0.981756 0.996321 0.999267
 0.679962 0.914475 0.981756 0.996321 0.999267
 0.679962 0.914475 0.981756 0.996321 0.999267
 0.679962 0.914475 0.981756 0.996321 0.999267
 0.679962 0.914475 0.981756 0.996321 0.999267
 0.679962 0.914475 0.981756 0.996321 0.999267
 0.679962 0.914475 0.981756 0.996321 0.999267
 0.679962 0.914475 0.981756 0.996321 0.999267
 0.679962 0.914475 0.981756 0.996321 0.999267
 0.679962 0.914475 0.981756 0.996321 0.999267
 0.679962 0.914475 0.981756 0.996321 0.999267
 0.679962 0.914475 0.981756 0.996321 0.999267
 0.679962 0.914475 0.981756 0.996321 0.999267
 0.679962 0.914475 0.981756 0.996321 0.999267
 0.679962 0.914475 0.981756 0.996321 0.999267
 0.679962 0.914475 0.981756 0.996321 0.999267
 0.679962 0.914475 0.981756 0.996321 0.999267
 0.679962 0.914475 0.981756 0.996321 0.999267
 0.679962 0.914475 0.981756 0.996321 0.999267
 0.679962 0.914475 0.981756 0.996321 0.999267
 0.679962 0.914475 0.981756 0.996321 0.999267
 0.679962 0.914475 0.981756 0.996321 0.999267
 0.679962 0.914475 0.981756 0.996321 0.999267
 0.679962 0.914475 0.981756 0.996321 0.999267
pf_obs 
 0.8446 0.082 0.0669 0.0065 0
 0.8095 0.147 0.0364 0.0071 0
 0.9664 0.0169 0.016 0.0007 0
 0.9276 0.0648 0.0075 0.0001 0
 0.7033 0.2144 0.0806 0.0017 0
 0.9318 0.0425 0.0243 0.0014 0
 0.5671 0.3108 0.0964 0.0239 0.0018
 0.0768 0.2599 0.5324 0.112 0.0189
 0.490249 0.384438 0.106611 0.0170017 0.00170017
 0.7925 0.1577 0.0466 0.003 0.0002
 0.840416 0.127587 0.0312969 0.00059994 9.999e-05
 0.8084 0.0986 0.0794 0.0134 0.0002
 0.7335 0.1905 0.0724 0.0035 0.0001
 0.4001 0.4547 0.1325 0.0127 0
 0.49795 0.308269 0.164784 0.0264974 0.00249975
 0.9179 0.0499 0.0305 0.0017 0
 0.2467 0.6533 0.0926 0.0074 0
 0.9418 0.0223 0.034 0.0019 0
 0.707729 0.231977 0.0356964 0.0245975 0
 0.517169 0.277429 0.184464 0.0207286 0.00020938
 0.811772 0.124168 0.05621 0.00726502 0.000585176
 0.764997 0.148141 0.077277 0.00933861 0.000247198
 0.163321 0.427699 0.378323 0.0303852 0.000271297
 0.753843 0.0900009 0.118128 0.0371064 0.000921714
 0.721811 0.176058 0.0630433 0.0369309 0.00215725
 0.143369 0.312575 0.442814 0.0836902 0.0175525
 0.692698 0.0596174 0.167031 0.0765114 0.00414204
 0.394062 0.376323 0.152708 0.0712218 0.00568511
 0.125707 0.32114 0.495352 0.0537591 0.00404204
 0.23352 0.215282 0.420074 0.123614 0.00750983
 0.796117 0.104755 0.0508955 0.0450114 0.00322123
pf_pred 
 0.426715 0.10522 0.445084 0.0229808 7.45e-07
 0.410958 0.269825 0.0585885 0.247832 0.0127966
 0.547605 0.200492 0.11539 0.0250552 0.111457
 0.777437 0.129064 0.0414372 0.0238485 0.028214
 0.649038 0.28074 0.0407217 0.0130741 0.0164266
 0.729303 0.18329 0.0699182 0.0101417 0.00734714
 0.465053 0.403447 0.089039 0.0339651 0.0084958
 0.424359 0.287723 0.217143 0.0479224 0.0228532
 0.495944 0.229309 0.137327 0.10364 0.0337804
 0.648578 0.185883 0.0753082 0.0450999 0.0451306
 0.773074 0.154043 0.0385511 0.0156185 0.0187133
 0.717755 0.22419 0.0394094 0.00986264 0.00878319
 0.66533 0.249475 0.0676714 0.0118957 0.00562822
 0.604059 0.275445 0.089822 0.0243647 0.00630938
 0.699825 0.191958 0.0752837 0.0245499 0.00838376
 0.915402 0.0616306 0.0146876 0.00576029 0.0025199
 0.439111 0.519166 0.0303959 0.00724383 0.00408375
 0.877717 0.0577227 0.059758 0.00349869 0.00130385
 0.612296 0.345584 0.0198823 0.0205833 0.00165421
 0.594319 0.261608 0.128421 0.00738836 0.00826358
 0.743652 0.160724 0.0616641 0.0302704 0.00368935
 0.743664 0.196928 0.0372473 0.0142905 0.00787007
 0.341726 0.506099 0.116907 0.022112 0.0131557
 0.744712 0.0948581 0.123343 0.0284917 0.00859519
 0.623782 0.289092 0.0323737 0.0420951 0.0126572
 0.452573 0.357768 0.145737 0.0163202 0.0276017
 0.73017 0.130686 0.0909367 0.037043 0.011164
 0.686197 0.236865 0.0372634 0.0259294 0.0137456
 0.381103 0.441337 0.134025 0.0210848 0.0224493
 0.462008 0.221478 0.225707 0.0685426 0.022264
 0.835245 0.081462 0.0342899 0.0349446 0.0140589
pobs_RECLAS
 0 0 0 0 0
 0 0 0 0 0
 0 0 0 0 0
 0 0 0 0 0
 0 0 0 0 0
 0 0 0 0 0
 0 0 0 0 0
 0 0 0 0 0
 0 0 0 0 0
 0 0 0 0 0
 0.991045 0.00858322 0.000360255 1.14367e-05 0
 0.934742 0.0480273 0.0164251 0.00080598 0
 0.827803 0.169806 0.00239088 0 0
 0.941827 0.0461693 0.0120037 0 0
 0.791401 0.0380133 0.147996 0.0225897 0
 0.846168 0.0940531 0.0597789 0 0
 0.134021 0.677848 0.182769 0.00536245 0
 0.80878 0.0450904 0.141981 0.00414843 0
 0.846168 0.0940531 0.0597789 0 0
 0.905697 0.0802665 0.012482 0.00150086 5.37128e-05
 0.989698 0.0102097 9.19794e-05 0 0
 0.975433 0.0193895 0.00387452 0.00125025 5.28907e-05
 0.303575 0.632131 0.0575291 0.00676475 0
 0.966965 0.00978017 0.0227588 0.000495775 0
 0.843318 0.132988 0.00938335 0.0141283 0.000182051
 0.564624 0.303363 0.111486 0.0197234 0.00080311
 0.826376 0.0876187 0.0782897 0.00655872 0.00115652
 0.89761 0.0855135 0.0140674 0.00269457 0.000114338
 0.34875 0.467042 0.161289 0.0227151 0.000203297
 0.318654 0.224769 0.449479 0.00709798 0
 0.937255 0.0296025 0.0250945 0.00804832 0
ppred_RECLAS
 0.456874 0.0996843 0.421669 0.0217718 7.05807e-07
 0.441047 0.256042 0.0555957 0.235172 0.0121429
 0.577868 0.187081 0.107671 0.0233792 0.104001
 0.798099 0.117081 0.0375902 0.0216345 0.0255946
 0.67632 0.258916 0.0375561 0.0120578 0.0151496
 0.752852 0.167345 0.0638359 0.00925948 0.006708
 0.496117 0.380019 0.0838685 0.0319928 0.00800245
 0.454367 0.272724 0.205823 0.0454242 0.0216619
 0.526709 0.215314 0.128945 0.097314 0.0317186
 0.676246 0.171248 0.0693791 0.0415491 0.0415774
 0.79377 0.139995 0.0350352 0.0141941 0.0170066
 0.742342 0.20466 0.0359764 0.00900349 0.00801807
 0.692468 0.229245 0.0621841 0.0109311 0.00517184
 0.633964 0.254641 0.0830378 0.0225245 0.00583284
 0.725358 0.17563 0.06888 0.0224616 0.00767063
 0.924562 0.0549574 0.0130972 0.00513658 0.00224705
 0.469665 0.490885 0.0287401 0.00684923 0.00386129
 0.89036 0.0517545 0.0535793 0.00313694 0.00116904
 0.641413 0.319631 0.0183891 0.0190375 0.00152998
 0.623861 0.242558 0.119069 0.00685034 0.00766182
 0.766458 0.146425 0.0561783 0.0275774 0.00336114
 0.766574 0.179327 0.0339183 0.0130133 0.00716668
 0.369866 0.484464 0.111909 0.0211668 0.0125933
 0.767313 0.0864602 0.112423 0.0259693 0.00783425
 0.652097 0.267334 0.0299372 0.038927 0.0117046
 0.483036 0.337859 0.137627 0.015412 0.0260657
 0.753639 0.119319 0.0830273 0.0338211 0.010193
 0.711952 0.217424 0.0342051 0.0238013 0.0126174
 0.410372 0.420466 0.127687 0.0200876 0.0213877
 0.492635 0.20887 0.212858 0.0646405 0.0209966
 0.85145 0.0734494 0.0309172 0.0315075 0.0126761
pobs_PELACES
 0 0 0 0 0
 0 0 0 0 0
 0 0 0 0 0
 0 0 0 0 0
 0 0 0 0 0
 0 0 0 0 0
 0 0 0 0 0
 0 0 0 0 0
 0 0 0 0 0
 0 0 0 0 0
 0 0 0 0 0
 0 0 0 0 0
 0 0 0 0 0
 0 0 0 0 0
 0 0 0 0 0
 0 0 0 0 0
 0.505614 0.472636 0.0217494 0 0
 0 0 0 0 0
 0.443492 0.261883 0.143347 0.151278 0
 0.227955 0.32914 0.350689 0.0885471 0.00366901
 0.970185 0.0296113 0.000203453 0 0
 0.997202 0.00247181 0.000326279 0 0
 0.445219 0.490057 0.0546422 0.010081 0
 0.90214 0.0892962 0.00764917 0.000914606 0
 0 0 0 0 0
 0.581667 0.319106 0.0959925 0.00289975 0.000334073
 0.762889 0.0836404 0.116647 0.0363945 0.000428098
 0.88444 0.0763242 0.0277011 0.0115352 0
 0.521256 0.241999 0.230069 0.00667565 0
 0.616807 0.101726 0.260614 0.0208532 0
 0.833518 0.0704572 0.0857862 0.0102388 0
ppred_PELACES
 0.371686 0.108719 0.493723 0.0258704 8.41155e-07
 0.360444 0.279816 0.065228 0.280011 0.0145009
 0.494423 0.214092 0.132283 0.0291494 0.130053
 0.740998 0.145109 0.0500165 0.0292133 0.034663
 0.605129 0.310825 0.0484026 0.0157707 0.0198732
 0.689487 0.205147 0.0840134 0.012367 0.00898575
 0.420369 0.428827 0.101603 0.0393329 0.00986755
 0.373786 0.301285 0.244107 0.0546726 0.0261493
 0.443457 0.242363 0.155823 0.119343 0.0390138
 0.601002 0.203095 0.0883352 0.0536862 0.0538815
 0.736469 0.174306 0.0468315 0.0192547 0.0231382
 0.680577 0.249655 0.0471146 0.0119659 0.0106878
 0.623845 0.275005 0.0800848 0.0142866 0.00677945
 0.56102 0.298323 0.10444 0.0287502 0.00746704
 0.658674 0.212253 0.0893678 0.029575 0.0101297
 0.900096 0.0712398 0.0182267 0.00725435 0.00318287
 0.397161 0.554768 0.03487 0.00843337 0.00476842
 0.85398 0.0663082 0.0736966 0.00437878 0.00163665
 0.571072 0.37895 0.0234059 0.0245907 0.00198211
 0.547847 0.283963 0.149651 0.0087375 0.00980143
 0.704648 0.179855 0.074081 0.0369052 0.0045113
 0.707389 0.220707 0.0448163 0.0174495 0.00963823
 0.301105 0.527867 0.130907 0.0251273 0.0149939
 0.701293 0.105842 0.14775 0.0346361 0.0104797
 0.578567 0.317653 0.0381892 0.0503936 0.0151972
 0.404354 0.379073 0.165776 0.0188397 0.0319571
 0.686951 0.145658 0.108812 0.0449822 0.0135967
 0.64389 0.263478 0.0444999 0.0314242 0.0167078
 0.336868 0.462547 0.1508 0.0240758 0.0257097
 0.409489 0.232385 0.254245 0.0783546 0.0255264
 0.804235 0.0928743 0.04197 0.0434059 0.0175147
pobs_pel_tallas
 0 0 0 0 0 0 0 0 0 0 0 0 0 0 0 0 0 0 0 0 0 0 0 0 0 0
 0 0 0 0 0 0 0 0 0 0 0 0 0 0 0 0 0 0 0 0 0 0 0 0 0 0
 0 0 0 0 0 0 0 0 0 0 0 0 0 0 0 0 0 0 0 0 0 0 0 0 0 0
 0 0 0 0 0 0 0 0 0 0 0 0 0 0 0 0 0 0 0 0 0 0 0 0 0 0
 0 0 0 0 0 0 0 0 0 0 0 0 0 0 0 0 0 0 0 0 0 0 0 0 0 0
 0 0 0 0 0 0 0 0 0 0 0 0 0 0 0 0 0 0 0 0 0 0 0 0 0 0
 0 0 0 0 0 0 0 0 0 0 0 0 0 0 0 0 0 0 0 0 0 0 0 0 0 0
 0 0 0 0 0 0 0 0 0 0 0 0 0 0 0 0 0 0 0 0 0 0 0 0 0 0
 0 0 0 0 0 0 0 0 0 0 0 0 0 0 0 0 0 0 0 0 0 0 0 0 0 0
 0 0 0 0 0 0 0 0 0 0 0 0 0 0 0 0 0 0 0 0 0 0 0 0 0 0
 0 0 0 0 0 0 0 0 0 0 0 0 0 0 0 0 0 0 0 0 0 0 0 0 0 0
 0 0 0 0 0 0 0 0 0 0 0 0 0 0 0 0 0 0 0 0 0 0 0 0 0 0
 0.00862536 0 0 0.000197151 0.00414017 0.0128641 0.00837892 0.0270097 0.101434 0.158115 0.152841 0.127902 0.109271 0.109419 0.0830992 0.0579132 0.0238553 0.00714673 0.00463305 0.00128148 0.00103504 0.000492878 0.000147863 0.000147863 4.92878e-05 0
 0 0 0 0 0 0 0 0 0 0 0 0 0 0 0 0 0 0 0 0 0 0 0 0 0 0
 0 0 0 0 0 0 0 0.0054083 0.00873648 0.0413646 0.0450493 0.0745869 0.0622846 0.0627006 0.0613931 0.0827291 0.12552 0.122667 0.0946155 0.0697135 0.0546179 0.0294188 0.0215738 0.0213955 0.0102223 0.00600262
 0 0 0 0 0.00359764 0.0251062 0.0480494 0.140153 0.205849 0.193036 0.1447 0.116669 0.0760912 0.0342217 0.00950174 0.001854 0.000860785 0 0 0 0.000165536 0 0.000143464 0 0 0
 0 0 0 0 0 0 0 0.000145254 0.000435761 0.0275982 0.070085 0.0708112 0.156366 0.174668 0.174014 0.160142 0.0824315 0.0480064 0.0283245 0.00493863 0.00203355 0 0 0 0 0
 0 0 0 0 0 0 0 0 0 0 0 0 0 0 0 0 0 0 0 0 0 0 0 0 0 0
 0 0 1.00437e-05 0.000401748 0.00122533 0.00171747 0.00176769 0.0269171 0.070346 0.194647 0.189555 0.159765 0.064822 0.0314167 0.0384472 0.0292271 0.0345202 0.0313363 0.0194345 0.0106764 0.0143323 0.0359363 0.0279516 0.0138201 0.00172751 0
 0 0.0021121 0.0136068 0.0755702 0.200478 0.177729 0.0527432 0.0373336 0.0318909 0.0142505 0.0149659 0.0166563 0.0217959 0.0798694 0.0677717 0.0528807 0.04013 0.0224614 0.0357745 0.0225083 0.00881397 0.00855152 0.00135912 0.000746735 0 0
 0 0 0 0 5.4009e-05 0.00500934 0.000945158 0.0243581 0.138947 0.33067 0.221406 0.137944 0.0707744 0.0437923 0.0131692 0.00525238 0.0047753 0.00276346 9.45158e-05 9.00151e-06 2.25038e-05 9.00151e-06 4.50075e-06 0 0 0
 0.000866109 0.00284123 0.00948549 0.0512746 0.133035 0.25785 0.225252 0.132002 0.0553304 0.0519788 0.0540692 0.017754 0.00435017 0.00159236 0.00146478 0.000404838 0.000125132 0.000115318 0.000107957 0.000100596 0 0 0 0 0 0
 0 0 0 0 0.00144013 0.00171154 0.00461396 0.0210425 0.0478622 0.0707936 0.0888783 0.103762 0.0637923 0.0337046 0.0602308 0.124433 0.169614 0.0934646 0.0462172 0.0250306 0.0313229 0.00938855 0.002487 0.000210481 0 0
 0 0.00764035 0.051015 0.0998891 0.058973 0.0496711 0.0374665 0.0718981 0.12319 0.153886 0.159021 0.0857701 0.0377988 0.023471 0.0147837 0.00900784 0.00315554 0.000888139 0.00291439 0.00214683 0.00393193 0.00274676 0.000635225 9.99891e-05 0 0
 0 0 0 0 0 0 0 0 0 0 0 0 0 0 0 0 0 0 0 0 0 0 0 0 0 0
 0 0 0 0 0 0 0 0 0 0 0 0 0 0 0 0 0 0 0 0 0 0 0 0 0 0
 0 0 0 0 0 0 0 0 0 0 0 0 0 0 0 0 0 0 0 0 0 0 0 0 0 0
 0 0 0 0 0 0 0 0 0 0 0 0 0 0 0 0 0 0 0 0 0 0 0 0 0 0
 0 0 0 0 0 0 0 0 0 0 0 0 0 0 0 0 0 0 0 0 0 0 0 0 0 0
 0 0 0 0 0 0 0 0 0 0 0 0 0 0 0 0 0 0 0 0 0 0 0 0 0 0
 0 0 0 0 0 0 0 0 0 0 0 0 0 0 0 0 0 0 0 0 0 0 0 0 0 0
ppred_pel_tallas
 1.16871e-16 3.06153e-05 0.000297592 0.0019776 0.0089899 0.027971 0.0595955 0.0869837 0.086995 0.0596507 0.0281585 0.00954091 0.00339647 0.00351309 0.00648273 0.011567 0.0187453 0.0279028 0.0387752 0.0509769 0.0637659 0.0756559 0.0843707 0.0875162 0.0837125 0.0734282
 1.3249e-16 2.96893e-05 0.000288591 0.00191779 0.00871801 0.0271251 0.0577939 0.0843576 0.0843847 0.0579264 0.0275706 0.0100067 0.0051608 0.0073969 0.0136194 0.0227199 0.0333613 0.043407 0.0508321 0.0550401 0.0573411 0.0600151 0.0646149 0.0708028 0.0764991 0.0790706
 1.28805e-16 4.0725e-05 0.000395861 0.00263064 0.0119585 0.0372075 0.0792752 0.115709 0.11573 0.0793771 0.03755 0.0129505 0.00513052 0.00588625 0.0105673 0.0176724 0.0260991 0.0342282 0.0404853 0.044299 0.0464708 0.0485369 0.0516092 0.0556027 0.0593354 0.0612523
 1.10277e-16 6.10351e-05 0.000593283 0.00394257 0.0179224 0.0557632 0.11881 0.17341 0.173424 0.118879 0.055994 0.0185897 0.00562081 0.00426774 0.00707223 0.0116837 0.0170404 0.0219025 0.0250706 0.0260526 0.0253675 0.024158 0.0234178 0.0234332 0.023782 0.0237431
 1.06421e-16 4.98437e-05 0.000484499 0.00321966 0.0146361 0.0455386 0.097026 0.141619 0.141649 0.0971724 0.0460304 0.0160567 0.00678623 0.00827272 0.0148484 0.0244889 0.0353232 0.0445352 0.0492958 0.0483248 0.042659 0.0349392 0.0278028 0.022632 0.0193815 0.0172287
 1.05238e-16 5.67922e-05 0.00055204 0.0036685 0.0166765 0.0518869 0.110551 0.161357 0.161377 0.110648 0.0522131 0.0176199 0.00604097 0.00574533 0.00996143 0.0164872 0.0239994 0.0307125 0.0348309 0.0355081 0.0332991 0.0296773 0.026035 0.0229821 0.0203634 0.0177504
 1.08657e-16 3.46253e-05 0.000336571 0.00223663 0.0101674 0.0316349 0.067403 0.0983853 0.0984267 0.0676053 0.0323145 0.0121315 0.0071703 0.0111191 0.020549 0.0340135 0.0492235 0.0623889 0.0696628 0.0692788 0.0625709 0.0529758 0.0438584 0.0368793 0.0318651 0.0277681
 1.1703e-16 3.07883e-05 0.000299274 0.00198878 0.00904072 0.0281292 0.0599333 0.0874806 0.0875099 0.060077 0.0286126 0.0104411 0.00552016 0.00806213 0.0149323 0.0250531 0.0370626 0.0486607 0.0574804 0.0623942 0.0640256 0.0639573 0.0633436 0.0621333 0.0594218 0.0544097
 1.2313e-16 3.6527e-05 0.000355056 0.00235947 0.0107258 0.0333721 0.0711038 0.103783 0.103807 0.0712192 0.0337603 0.0118502 0.00519377 0.00658281 0.0119852 0.0200797 0.0296993 0.0390295 0.0462764 0.0507303 0.0531564 0.0550701 0.0574743 0.0600938 0.0616233 0.0606332
 1.17104e-16 4.95038e-05 0.000481194 0.0031977 0.0145363 0.045228 0.0963637 0.14065 0.140669 0.09646 0.0455516 0.0154728 0.00555459 0.00564724 0.00992378 0.0164974 0.0241714 0.0312953 0.0362519 0.0383936 0.0384377 0.0379023 0.0380241 0.0390097 0.0400886 0.0401423
 1.07243e-16 6.0662e-05 0.000589657 0.00391848 0.0178128 0.0554224 0.118084 0.172351 0.172367 0.118166 0.055699 0.0186122 0.00592719 0.00498228 0.00842581 0.0138948 0.0201581 0.0256724 0.0289175 0.0292262 0.0271805 0.0241851 0.021562 0.0198768 0.0188964 0.0180115
 1.04433e-16 5.60582e-05 0.000544906 0.00362109 0.016461 0.0512164 0.109123 0.159273 0.159297 0.10924 0.0516116 0.0176028 0.00648835 0.00680774 0.011961 0.0197136 0.0284606 0.0359356 0.0398672 0.0392141 0.0347757 0.0286216 0.022818 0.0184471 0.01549 0.0133526
 1.04962e-16 5.13853e-05 0.000499483 0.00331924 0.0150888 0.0469471 0.100027 0.145997 0.146024 0.100157 0.0473833 0.0163497 0.00648751 0.00742647 0.0132382 0.0218858 0.0317131 0.040279 0.0451173 0.0450739 0.0409525 0.034882 0.0289498 0.0241923 0.0205386 0.01742
 1.07238e-16 4.62106e-05 0.000449183 0.00298498 0.0135693 0.0422193 0.0899538 0.131296 0.131325 0.0900948 0.0426932 0.0149395 0.00642938 0.00798523 0.0144083 0.0238775 0.0346991 0.0442822 0.0500022 0.0506373 0.0470398 0.041432 0.0359282 0.031477 0.0278543 0.0243758
 1.07314e-16 5.42542e-05 0.00052737 0.00350456 0.0159312 0.0495681 0.105611 0.154146 0.154167 0.105711 0.0499058 0.0169081 0.00596169 0.00590797 0.0103223 0.0171088 0.024947 0.0320207 0.0365085 0.0375724 0.0358101 0.0327367 0.0297336 0.0273224 0.0252043 0.0228091
 1.01811e-16 7.41398e-05 0.000720665 0.00478907 0.0217704 0.0677359 0.144319 0.210639 0.210646 0.144352 0.0678489 0.0220969 0.00560932 0.00251378 0.00348704 0.00566724 0.00820384 0.0104175 0.011671 0.0116758 0.0106553 0.00917666 0.00778797 0.00674851 0.00601055 0.00538347
 1.02801e-16 3.27137e-05 0.000317989 0.00211315 0.00960611 0.0298885 0.0636825 0.0929577 0.0930111 0.0639434 0.0307643 0.0121348 0.00845698 0.0141552 0.0262784 0.0433034 0.0621701 0.0777457 0.0848201 0.0809932 0.0681282 0.0511394 0.0351261 0.0230596 0.0153417 0.0108298
 1.0286e-16 7.03412e-05 0.000683742 0.0045437 0.020655 0.0642655 0.136925 0.199847 0.199853 0.136956 0.0643724 0.0209652 0.00532708 0.00240974 0.00339473 0.00562154 0.00837146 0.0111091 0.0133177 0.014725 0.0153984 0.0155776 0.0154047 0.0148064 0.0136155 0.0117842
 1.03574e-16 4.70385e-05 0.000457231 0.00303846 0.0138124 0.0429758 0.0915658 0.133651 0.133687 0.091744 0.0435741 0.0155402 0.00737333 0.00991383 0.0179882 0.0296157 0.0425487 0.0532841 0.0582938 0.0559752 0.0476296 0.0366149 0.0263691 0.0188243 0.0141222 0.0113541
 1.06927e-16 4.51255e-05 0.000438636 0.00291489 0.0132507 0.041228 0.0878415 0.128213 0.128241 0.0879762 0.0416805 0.0145601 0.00620981 0.0076584 0.0138355 0.0230063 0.0336126 0.0432563 0.0494827 0.051099 0.0487748 0.0443761 0.0396317 0.035245 0.0309937 0.0264288
 1.06649e-16 5.80409e-05 0.000564178 0.00374916 0.0170432 0.0530277 0.112982 0.164904 0.164921 0.113067 0.0533139 0.017871 0.00583153 0.00512448 0.00876183 0.0145069 0.0211617 0.027186 0.0310484 0.0320545 0.0307241 0.0283423 0.0260606 0.0242779 0.0226823 0.0207363
 1.04731e-16 5.82667e-05 0.000566373 0.00376375 0.0171095 0.0532341 0.113422 0.165547 0.165568 0.113526 0.0535836 0.0181195 0.00630032 0.00610823 0.0105967 0.0174624 0.0252363 0.0319229 0.0355314 0.0351564 0.0315089 0.0264034 0.0216282 0.0180828 0.0156894 0.0138758
 1.0897e-16 2.48017e-05 0.000241082 0.00160207 0.00728283 0.0226599 0.0482811 0.0704784 0.0705293 0.0485302 0.0234965 0.00970052 0.00767528 0.0135137 0.0252755 0.0418602 0.0605657 0.0767233 0.0855688 0.0848856 0.0762709 0.0639296 0.0520244 0.042685 0.0358396 0.0303559
 1.09538e-16 5.77646e-05 0.000561492 0.00373131 0.016962 0.0527752 0.112443 0.164117 0.164127 0.112494 0.0529471 0.0174614 0.00499548 0.00335648 0.00546983 0.00922364 0.01392 0.018847 0.0232922 0.0268995 0.0297707 0.0321534 0.0340044 0.0348543 0.0340975 0.0314376
 1.08809e-16 4.76559e-05 0.000463232 0.00307834 0.0139937 0.0435398 0.0927673 0.135403 0.135434 0.092917 0.0440423 0.0154451 0.00672215 0.00841989 0.0151662 0.02502 0.0360993 0.0455484 0.0505148 0.0497501 0.0443842 0.0371653 0.0307759 0.0265213 0.0241594 0.0226219
 1.12179e-16 3.33062e-05 0.000323748 0.00215142 0.00978007 0.0304296 0.0648349 0.0946361 0.0946729 0.0650144 0.0310329 0.0115247 0.00653951 0.00993221 0.0183675 0.0305376 0.0445152 0.0570882 0.0649767 0.066644 0.0631226 0.0571099 0.0511187 0.0461893 0.0419383 0.0374863
 1.0999e-16 5.65832e-05 0.000550009 0.00365501 0.0166151 0.0516959 0.110144 0.160762 0.160776 0.110214 0.0519295 0.0172917 0.00536078 0.00429905 0.00725168 0.012097 0.0178892 0.023492 0.0277809 0.0302517 0.0312599 0.0316204 0.0319042 0.0320354 0.0314547 0.0296142
 1.07331e-16 5.30364e-05 0.000515533 0.0034259 0.0155737 0.0484556 0.103241 0.150688 0.150713 0.103365 0.0488727 0.0167787 0.00645209 0.00712605 0.0126209 0.0208177 0.0300754 0.0380282 0.0423155 0.0418904 0.0376529 0.031825 0.0265733 0.0229501 0.0207726 0.0192177
 1.11236e-16 2.77474e-05 0.000269715 0.00179235 0.0081478 0.0253511 0.0540148 0.0788456 0.0788903 0.0542334 0.0260854 0.0102706 0.00712776 0.0119395 0.0222572 0.0369258 0.0535989 0.0682619 0.0768176 0.0773593 0.0712365 0.0619752 0.0529793 0.0458536 0.0403438 0.0353949
 1.19575e-16 3.37291e-05 0.000327859 0.00217874 0.00990424 0.0308159 0.0656573 0.0958336 0.0958563 0.0657688 0.0311911 0.0109929 0.0049297 0.00639398 0.0117336 0.0198161 0.0296525 0.0396331 0.0481049 0.0542918 0.0585921 0.0619074 0.0645997 0.0660281 0.0650138 0.0607427
 1.08552e-16 6.62438e-05 0.000643913 0.00427903 0.0194519 0.060522 0.128949 0.188207 0.188216 0.128993 0.0606702 0.0198807 0.00535875 0.00301207 0.0045974 0.0075864 0.011143 0.0144977 0.0169339 0.0181791 0.0185707 0.0187833 0.019324 0.0201962 0.0209473 0.0209924
pSPR Fmed_Fpbrs
0.743729   0.193679 0.193679
Fs Fmed_Fpbrs
0.148253   1.005 1.005
SSBpbr Bo_Bmed_Bpbrs
2.49887e+06  1.73354e+06  359037 359037
Ro
245553
SPR SPRFo_SPRFmed_SPRFpbrs
1.75267e+06 1.30351e+06 339456
Fref
1.005
Nvult_r0
 311280 27225.8 11460.2 11679 4698.71
CTP_r0
 30411.3 2966.04 1248.5 1272.34 511.888
YTP_r0
391301
Np
 326728 49357.7 20657.7 1769.59 845.185
Nvult_p0
 277371 42711.2 17875.9 1531.3 731.372
CTP_p0
 130617 66539.5 5699.97 2399.3 3241.09
 130617 21408.8 8960.24 767.559 366.598
YTP_p0
 2.33295e+06 1.55599e+06
CBA_c0
2.09986e+06
log_Ro
12.2313
likeval ReclasPelacesDesembMPH_pf_preclas_ppelaces_ptallas_desvR_qrecl_qpela
 18.6366 18.2077 0.145629 0.000801696 241.36 121.223 100.172 0 20.2931 1.24763e-05 0 0.739095 0 0 0
q_reclas_q_pelaces
0.606213 1
M
1
N
 255691 56059.2 237133 12243.8 0.396923
 149043 87275.7 18950.6 80161.8 4139.09
 146910 47958.4 27601.7 5993.29 26660.9
 320225 47511.3 15254 8779.19 10386.2
 257380 98886 14343.5 4605.14 5785.99
 400135 89581.6 34172.1 4956.7 3590.87
 169469 131754 29077.4 11092 2774.47
 82342.2 49535.9 37384.5 8250.59 3934.54
 70911.1 29249.2 17516.5 13219.6 4308.8
 88593.9 22701.5 9197.22 5507.95 5511.69
 153409 27145.6 6793.49 2752.29 3297.66
 191376 53625.1 9426.52 2359.09 2100.89
 162915 54754 14852.3 2610.83 1235.27
 115337 47446.2 15472.1 4196.9 1086.81
 119179 29318.4 11498.3 3749.59 1280.48
 568210 34290.9 8172.07 3204.99 1402.06
 156671 165319 9679.03 2306.67 1300.4
 846633 49721.8 51474.9 3013.73 1123.12
 525000 265580 15279.5 15818.2 1271.25
 388436 153045 75128.6 4322.33 4834.35
 602762 116309 44623.8 21905.4 2669.83
 801806 189954 35928.3 13784.5 7591.39
 183827 242552 56028.6 10597.4 6304.98
 532568 60381.8 78513.7 18136.4 5471.26
 431471 178021 19935.5 25921.9 7794.23
 204495 143775 58566.8 6558.55 11092.2
 435819 69441.3 48320.1 19683.2 5932.08
 473054 145281 22855.6 15903.8 8430.88
 154854 159520 48443 7621.02 8114.24
 122719 52408.3 53408.9 16219.2 5268.32
 464686 40367 16991.8 17316.2 6966.65
pred_Ctot
 11735 2893.64 12240.2 631.993 0.0204882
 11936.8 7837.41 1701.77 7198.58 371.693
 11345.6 4153.9 2390.72 519.108 2309.23
 32974.4 5474.14 1757.53 1011.52 1196.68
 8808.41 3810.06 552.654 177.435 222.933
 26785.2 6731.7 2567.9 372.477 269.839
 22424.3 19453.8 4293.36 1637.76 409.658
 1797 1218.39 919.515 202.933 96.7746
 5883.2 2720.21 1629.06 1229.44 400.724
 9498.88 2722.39 1102.94 660.519 660.968
 4850.02 966.42 241.857 97.9854 117.401
 27445.6 8572.59 1506.94 377.128 335.852
 21868.2 8199.79 2224.24 390.99 184.99
 23215.3 10585.9 3452.05 936.388 242.483
 16746 4593.33 1801.45 587.451 200.614
 76561.5 5154.6 1228.42 481.774 210.757
 13763.8 16273.1 952.752 227.056 128.004
 79864.2 5252.24 5437.43 318.349 118.638
 70205.7 39624.6 2279.7 2360.08 189.671
 46459.2 20450.4 10038.9 577.564 645.982
 55317.5 11955.6 4586.97 2251.7 274.437
 91513.3 24233.4 4583.55 1758.55 968.469
 12563.8 18607 4298.16 812.961 483.678
 30999.4 3948.57 5134.28 1186 357.784
 25904.5 12005.4 1344.42 1748.13 525.631
 10011.1 7913.98 3223.76 361.01 610.561
 26065.5 4665.21 3246.25 1322.36 398.53
 25105 8665.86 1363.31 948.647 502.893
 7887.78 9134.45 2773.95 436.396 464.639
 8286.8 3972.55 4048.39 1229.41 399.339
 30411.3 2966.04 1248.5 1272.34 511.888
F
 0.0748979 0.0845723 0.0845723 0.0845723 0.0845723
 0.133899 0.151195 0.151195 0.151195 0.151195
 0.12885 0.145493 0.145493 0.145493 0.145493
 0.175056 0.197668 0.197668 0.197668 0.197668
 0.0554024 0.0625586 0.0625586 0.0625586 0.0625586
 0.110868 0.125189 0.125189 0.125189 0.125189
 0.229972 0.259677 0.259677 0.259677 0.259677
 0.0350319 0.0395569 0.0395569 0.0395569 0.0395569
 0.138996 0.15695 0.15695 0.15695 0.15695
 0.182848 0.206467 0.206467 0.206467 0.206467
 0.0510886 0.0576876 0.0576876 0.0576876 0.0576876
 0.251388 0.283859 0.283859 0.283859 0.283859
 0.233633 0.263811 0.263811 0.263811 0.263811
 0.369647 0.417394 0.417394 0.417394 0.417394
 0.24575 0.277493 0.277493 0.277493 0.277493
 0.234614 0.264919 0.264919 0.264919 0.264919
 0.147704 0.166782 0.166782 0.166782 0.166782
 0.15935 0.179933 0.179933 0.179933 0.179933
 0.232663 0.262716 0.262716 0.262716 0.262716
 0.205875 0.232468 0.232468 0.232468 0.232468
 0.154739 0.174726 0.174726 0.174726 0.174726
 0.19565 0.220921 0.220921 0.220921 0.220921
 0.113308 0.127944 0.127944 0.127944 0.127944
 0.095811 0.108187 0.108187 0.108187 0.108187
 0.0989509 0.111732 0.111732 0.111732 0.111732
 0.0800617 0.0904031 0.0904031 0.0904031 0.0904031
 0.0985568 0.111287 0.111287 0.111287 0.111287
 0.0870405 0.0982833 0.0982833 0.0982833 0.0982833
 0.0834174 0.0941923 0.0941923 0.0941923 0.0941923
 0.111885 0.126337 0.126337 0.126337 0.126337
 0.108276 0.122262 0.122262 0.122262 0.122262
YTP_r0W_actual
 252414 41821.1 34458.6 43513.9 19093.4
YTP_p0W_proyectada
 978318 1.04267e+06 131840 70467.4 109646
 978318 335476 207250 22543.2 12402
CTP_r0_actual
 30411.3 2966.04 1248.5 1272.34 511.888
CTP_p0_proyectada
 130617 66539.5 5699.97 2399.3 3241.09
 130617 21408.8 8960.24 767.559 366.598
Wmedp
 7.49 15.67 23.13 29.37 33.83
Frms_r0
 0.108276 0.122262 0.122262 0.122262 0.122262
Zrms_r0
 1.10828 1.12226 1.12226 1.12226 1.12226
nmprior
 8.19 8.8 8.5 0
nm_flota  nm_reclas  nm_pelaces    nm_pelaL
inf 11.2583 11.5369 24.0279
cv_recla  cv_pelaces  cv_mph
0.390488 0.483837 0.873796
 ------------------------------------------------
Talla a la edad & desviaci?n 
 8 13.2811 15.8009 17.003 17.5766
 0.8 1.32811 1.58009 1.7003 1.75766
