years
 1991 1992 1993 1994 1995 1996 1997 1998 1999 2000 2001 2002 2003 2004 2005 2006 2007 2008 2009 2010 2011 2012 2013 2014 2015 2016 2017 2018 2019 2020 2021
reclasobs
 0 0 0 0 0 0 0 0 0 252601 567819 844713 477998 351125 339783 2.1784e+06 2.13404e+06 4.81314e+06 1.55562e+06 2.62356e+06 3.21686e+06 3.843e+06 1.13348e+06 3.07943e+06 1.97215e+06 2.03268e+06 2.025e+06 2.42433e+06 2.27542e+06 1.05018e+06 2.36338e+06
reclaspred
 4.88672e+06 2.84064e+06 1.46234e+06 1.86569e+06 2.22908e+06 3.19858e+06 2.31441e+06 1.98844e+06 1.34819e+06 910961 737516 816928 788820 645532 673674 1.45896e+06 1.61012e+06 3.10414e+06 2.70065e+06 2.08197e+06 3.64948e+06 2.92692e+06 2.51288e+06 3.60886e+06 2.83721e+06 2.60846e+06 2.91955e+06 2.94244e+06 2.63742e+06 1.79331e+06 2.57811e+06
pelacesobs
 0 0 0 0 0 0 0 0 0 0 0 0 0 0 0 552880 188675 0 991730 2.46772e+06 1.41603e+06 1.21717e+06 2.29649e+06 1.80582e+06 0 1.4828e+06 1.56532e+06 1.57751e+06 1.42118e+06 867257 1.10002e+06
pelacespred
 2.32479e+06 1.51119e+06 791120 852208 1.00447e+06 1.52508e+06 1.10497e+06 1.06284e+06 738354 478937 402642 360050 373451 326855 353299 634586 675043 1.50308e+06 1.35292e+06 970437 1.6231e+06 1.44474e+06 1.20867e+06 1.92236e+06 1.4506e+06 1.31742e+06 1.69904e+06 1.70869e+06 1.21908e+06 939163 1.38218e+06
mphobs
 0 0 0 0 0 0 0 0 0 0 0 498337 0 5186 125008 0 168611 109162 213762 579715 649985 157893 87575 83554 0 0 0 0 0 0 0
mphpred
 4.37732e+06 2.97994e+06 1.55125e+06 865339 1.39427e+06 1.73309e+06 2.14934e+06 1.50943e+06 1.23393e+06 809407 493894 523320 502546 431311 318047 418181 1.09321e+06 1.13007e+06 1.95093e+06 1.5319e+06 1.69743e+06 2.08185e+06 1.94095e+06 1.6899e+06 2.2879e+06 1.90869e+06 1.63346e+06 1.69027e+06 2.23503e+06 1.59525e+06 1.10618e+06
desembarqueobs
 494567 514787 250237 358949 120608 361735 552515 73892 212993 205616 52469 317467 293654 387597 252695 516296 358380 742168 942051 627588 828172 859565 418607 520667 417249 300574 415391 372974 316634 284311 391294
desembarquepred
 494575 512620 251579 358960 120610 361753 552612 73894.9 213049 205678 52472 317582 293746 387714 252715 516315 358419 742129 942003 627552 828297 859690 418640 520710 417272 300587 415410 372978 316644 284333 391305
Reclutas
 248957 146077 138063 420044 325122 427002 177846 84599.3 64197.7 77022.3 120041 155513 138571 101645 106900 485511 133049 716422 466348 361325 515104 675326 171923 431538 376404 183631 371154 397775 143357 113466 385677
log_desv_Rt
 0.102716 -0.430434 -0.486858 0.625794 0.369635 0.642225 -0.233644 -0.976639 -1.2526 -1.07047 -0.626732 -0.367837 -0.483179 -0.793075 -0.742673 0.770637 -0.523848 1.1597 0.730368 0.475214 0.829804 1.10063 -0.267517 0.652791 0.516097 -0.201637 0.502052 0.571322 -0.449228 -0.683059 0.540435
SSB
 4.37732e+06 2.97994e+06 1.55125e+06 865339 1.39427e+06 1.73309e+06 2.14934e+06 1.50943e+06 1.23393e+06 809407 493894 523320 502546 431311 318047 418181 1.09321e+06 1.13007e+06 1.95093e+06 1.5319e+06 1.69743e+06 2.08185e+06 1.94095e+06 1.6899e+06 2.2879e+06 1.90869e+06 1.63346e+06 1.69027e+06 2.23503e+06 1.59525e+06 1.10618e+06
BT
 5.8134e+06 4.01668e+06 2.0889e+06 2.34658e+06 2.4623e+06 3.94699e+06 3.07592e+06 2.56807e+06 1.94481e+06 1.32882e+06 1.00588e+06 1.13178e+06 1.16288e+06 1.19138e+06 1.11007e+06 1.97267e+06 1.87138e+06 4.31022e+06 4.13412e+06 2.85422e+06 4.58333e+06 4.23835e+06 3.21184e+06 5.13262e+06 3.79819e+06 3.38055e+06 4.51837e+06 4.48704e+06 3.10079e+06 2.47292e+06 3.7184e+06
Ftot
 0.0954674 0.169375 0.16132 0.175739 0.0506296 0.104761 0.222113 0.0350275 0.147423 0.209435 0.0659731 0.351912 0.337411 0.53077 0.335859 0.315305 0.205982 0.216529 0.317201 0.275243 0.207904 0.267808 0.155309 0.132308 0.13673 0.107598 0.130755 0.116375 0.113088 0.148095 0.138515
BD_Bspro_t
 0.984841 0.886075 0.763607 0.697101 0.756096 0.818144 0.808643 0.713531 0.746938 0.704537 0.660018 0.74987 0.619961 0.532729 0.439952 0.505623 0.627382 0.620811 0.684086 0.598645 0.577313 0.622436 0.632772 0.638194 0.731438 0.740974 0.754099 0.781062 0.81265 0.761349 0.719534
BD_Bspro
 2.72592 1.85572 0.966019 0.538878 0.86826 1.07926 1.33847 0.93998 0.768411 0.504047 0.307566 0.325891 0.312954 0.268593 0.19806 0.260417 0.68078 0.703733 1.21492 0.953972 1.05705 1.29645 1.2087 1.05236 1.42476 1.18861 1.01722 1.05259 1.39183 0.993422 0.688858
BD_Bo
 1.92994 1.31384 0.683938 0.381524 0.614725 0.764113 0.947632 0.665502 0.544033 0.356864 0.217756 0.230729 0.22157 0.190163 0.140226 0.184374 0.48199 0.498241 0.860156 0.675409 0.748387 0.917879 0.855754 0.745067 1.00872 0.841535 0.720186 0.745233 0.985414 0.703339 0.487709
BD_Brms
 13.9774 9.5154 4.95337 2.76316 4.4521 5.53403 6.86315 4.81985 3.94012 2.58456 1.57708 1.67104 1.6047 1.37724 1.01557 1.33532 3.49077 3.60847 6.22962 4.8916 5.42014 6.64767 6.19774 5.39609 7.30561 6.09475 5.21589 5.3973 7.13679 5.09388 3.53219
Sel_flota
 0.915575 1 1 1 1
 0.915575 1 1 1 1
 0.915575 1 1 1 1
 0.915575 1 1 1 1
 0.915575 1 1 1 1
 0.915575 1 1 1 1
 0.915575 1 1 1 1
 0.915575 1 1 1 1
 0.915575 1 1 1 1
 0.915575 1 1 1 1
 0.915575 1 1 1 1
 0.915575 1 1 1 1
 0.915575 1 1 1 1
 0.915575 1 1 1 1
 0.915575 1 1 1 1
 0.915575 1 1 1 1
 0.915575 1 1 1 1
 0.915575 1 1 1 1
 0.915575 1 1 1 1
 0.915575 1 1 1 1
 0.915575 1 1 1 1
 0.915575 1 1 1 1
 0.915575 1 1 1 1
 0.915575 1 1 1 1
 0.915575 1 1 1 1
 0.915575 1 1 1 1
 0.915575 1 1 1 1
 0.915575 1 1 1 1
 0.915575 1 1 1 1
 0.915575 1 1 1 1
 0.915575 1 1 1 1
Sel_reclas
 0.861056 1 1 1 1
 0.861056 1 1 1 1
 0.861056 1 1 1 1
 0.861056 1 1 1 1
 0.861056 1 1 1 1
 0.861056 1 1 1 1
 0.861056 1 1 1 1
 0.861056 1 1 1 1
 0.861056 1 1 1 1
 0.861056 1 1 1 1
 0.861056 1 1 1 1
 0.861056 1 1 1 1
 0.861056 1 1 1 1
 0.861056 1 1 1 1
 0.861056 1 1 1 1
 0.861056 1 1 1 1
 0.861056 1 1 1 1
 0.861056 1 1 1 1
 0.861056 1 1 1 1
 0.861056 1 1 1 1
 0.861056 1 1 1 1
 0.861056 1 1 1 1
 0.861056 1 1 1 1
 0.861056 1 1 1 1
 0.861056 1 1 1 1
 0.861056 1 1 1 1
 0.861056 1 1 1 1
 0.861056 1 1 1 1
 0.861056 1 1 1 1
 0.861056 1 1 1 1
 0.861056 1 1 1 1
Sel_pelaces
 0.92307 1 1 1 1
 0.92307 1 1 1 1
 0.92307 1 1 1 1
 0.92307 1 1 1 1
 0.92307 1 1 1 1
 0.92307 1 1 1 1
 0.92307 1 1 1 1
 0.92307 1 1 1 1
 0.92307 1 1 1 1
 0.92307 1 1 1 1
 0.92307 1 1 1 1
 0.92307 1 1 1 1
 0.92307 1 1 1 1
 0.92307 1 1 1 1
 0.92307 1 1 1 1
 0.92307 1 1 1 1
 0.92307 1 1 1 1
 0.92307 1 1 1 1
 0.92307 1 1 1 1
 0.92307 1 1 1 1
 0.92307 1 1 1 1
 0.92307 1 1 1 1
 0.92307 1 1 1 1
 0.92307 1 1 1 1
 0.92307 1 1 1 1
 0.92307 1 1 1 1
 0.92307 1 1 1 1
 0.92307 1 1 1 1
 0.92307 1 1 1 1
 0.92307 1 1 1 1
 0.92307 1 1 1 1
pf_obs 
 0.8446 0.082 0.0669 0.0065 0
 0.8095 0.147 0.0364 0.0071 0
 0.9664 0.0169 0.016 0.0007 0
 0.9276 0.0648 0.0075 0.0001 0
 0.7033 0.2144 0.0806 0.0017 0
 0.9318 0.0425 0.0243 0.0014 0
 0.5671 0.3108 0.0964 0.0239 0.0018
 0.0768 0.2599 0.5324 0.112 0.0189
 0.490249 0.384438 0.106611 0.0170017 0.00170017
 0.7925 0.1577 0.0466 0.003 0.0002
 0.840416 0.127587 0.0312969 0.00059994 9.999e-05
 0.8084 0.0986 0.0794 0.0134 0.0002
 0.7335 0.1905 0.0724 0.0035 0.0001
 0.4001 0.4547 0.1325 0.0127 0
 0.49795 0.308269 0.164784 0.0264974 0.00249975
 0.9179 0.0499 0.0305 0.0017 0
 0.2467 0.6533 0.0926 0.0074 0
 0.9418 0.0223 0.034 0.0019 0
 0.707729 0.231977 0.0356964 0.0245975 0
 0.517169 0.277429 0.184464 0.0207286 0.00020938
 0.811772 0.124168 0.05621 0.00726502 0.000585176
 0.764997 0.148141 0.077277 0.00933861 0.000247198
 0.163321 0.427699 0.378323 0.0303852 0.000271297
 0.753843 0.0900009 0.118128 0.0371064 0.000921714
 0.721811 0.176058 0.0630433 0.0369309 0.00215725
 0.143369 0.312575 0.442814 0.0836902 0.0175525
 0.692698 0.0596174 0.167031 0.0765114 0.00414204
 0.394062 0.376323 0.152708 0.0712218 0.00568511
 0.125707 0.32114 0.495352 0.0537591 0.00404204
 0.23352 0.215282 0.420074 0.123614 0.00750983
 0.774587 0.0839891 0.0768558 0.0609784 0.00358967
pf_pred 
 0.462312 0.0964331 0.420885 0.0203689 7.34386e-07
 0.437636 0.273018 0.0518936 0.226491 0.0109615
 0.560413 0.202897 0.114909 0.0218412 0.09994
 0.837571 0.0948552 0.0311895 0.0176639 0.0187203
 0.658405 0.290473 0.0298541 0.00981636 0.0114513
 0.699833 0.203664 0.0820604 0.00843396 0.00600825
 0.452542 0.393669 0.104347 0.0420434 0.00739942
 0.409441 0.281857 0.221983 0.0588394 0.02788
 0.458133 0.233734 0.147063 0.115823 0.0452471
 0.623886 0.181264 0.0840485 0.0528824 0.0579191
 0.75284 0.159854 0.042076 0.0195098 0.0257199
 0.727242 0.209878 0.0406689 0.0107046 0.011507
 0.698304 0.22561 0.0585452 0.0113446 0.00619592
 0.645513 0.25525 0.07421 0.0192573 0.0057696
 0.74292 0.172654 0.0607914 0.0176741 0.00596051
 0.922156 0.0593589 0.0124148 0.00437124 0.00169946
 0.46001 0.501825 0.0291023 0.00608666 0.00297632
 0.887635 0.0544496 0.0538221 0.0031213 0.000972031
 0.641697 0.321452 0.0178575 0.0176517 0.00134246
 0.633865 0.243602 0.10993 0.00610691 0.00649563
 0.751337 0.163432 0.0567068 0.02559 0.00293367
 0.753937 0.1893 0.0373072 0.0129446 0.00651119
 0.385999 0.474214 0.107541 0.0211941 0.0110528
 0.747397 0.10331 0.115304 0.0261483 0.00784076
 0.653148 0.265298 0.0333541 0.0372264 0.0109735
 0.482251 0.349146 0.12896 0.0162132 0.0234297
 0.738186 0.132382 0.0872829 0.0322387 0.00991032
 0.695338 0.230349 0.0375755 0.0247745 0.0119636
 0.417283 0.416572 0.125618 0.0204914 0.0200348
 0.491554 0.22385 0.203452 0.0613515 0.0197928
 0.833819 0.0856584 0.0354511 0.0322206 0.0128508
pobs_RECLAS
 0 0 0 0 0
 0 0 0 0 0
 0 0 0 0 0
 0 0 0 0 0
 0 0 0 0 0
 0 0 0 0 0
 0 0 0 0 0
 0 0 0 0 0
 0 0 0 0 0
 0 0 0 0 0
 0.991045 0.00858322 0.000360255 1.14367e-05 0
 0.934742 0.0480273 0.0164251 0.00080598 0
 0.827803 0.169806 0.00239088 0 0
 0.941827 0.0461693 0.0120037 0 0
 0.791401 0.0380133 0.147996 0.0225897 0
 0.846168 0.0940531 0.0597789 0 0
 0.134021 0.677848 0.182769 0.00536245 0
 0.80878 0.0450904 0.141981 0.00414843 0
 0.846168 0.0940531 0.0597789 0 0
 0.905697 0.0802665 0.012482 0.00150086 5.37128e-05
 0.989698 0.0102097 9.19794e-05 0 0
 0.975433 0.0193895 0.00387452 0.00125025 5.28907e-05
 0.303575 0.632131 0.0575291 0.00676475 0
 0.966965 0.00978017 0.0227588 0.000495775 0
 0.843318 0.132988 0.00938335 0.0141283 0.000182051
 0.564624 0.303363 0.111486 0.0197234 0.00080311
 0.826376 0.0876187 0.0782897 0.00655872 0.00115652
 0.89761 0.0855135 0.0140674 0.00269457 0.000114338
 0.34875 0.467042 0.161289 0.0227151 0.000203297
 0.318654 0.224769 0.449479 0.00709798 0
 0.937255 0.0296025 0.0250945 0.00804832 0
ppred_RECLAS
 0.447269 0.0991311 0.43266 0.0209387 7.54933e-07
 0.42292 0.280162 0.0532516 0.232418 0.0112484
 0.545555 0.209755 0.118793 0.0225794 0.103318
 0.829245 0.0997174 0.0327882 0.0185694 0.0196799
 0.644551 0.302254 0.0310649 0.0102145 0.0119158
 0.686952 0.212404 0.0855819 0.0087959 0.00626609
 0.437836 0.404243 0.10715 0.0431727 0.00759819
 0.394743 0.288872 0.227508 0.0603038 0.0285738
 0.443222 0.240166 0.15111 0.11901 0.0464921
 0.609786 0.188059 0.0871995 0.054865 0.0600905
 0.741333 0.167297 0.0440349 0.0204181 0.0269173
 0.715551 0.218874 0.0424121 0.0111635 0.0120002
 0.685873 0.234906 0.0609575 0.011812 0.00645122
 0.632606 0.264544 0.0769121 0.0199585 0.00597968
 0.731618 0.180244 0.0634641 0.0184512 0.00622256
 0.917845 0.062646 0.0131022 0.0046133 0.00179357
 0.445221 0.515568 0.0298993 0.00625336 0.00305784
 0.881552 0.0573972 0.0567357 0.00329027 0.00102465
 0.628123 0.333629 0.018534 0.0183204 0.00139332
 0.620065 0.252784 0.114073 0.00633708 0.00674045
 0.740021 0.17087 0.0592874 0.0267546 0.00306718
 0.742812 0.197859 0.0389939 0.0135299 0.00680558
 0.371841 0.485148 0.11002 0.0216828 0.0113076
 0.735831 0.10804 0.120584 0.0273455 0.00819976
 0.639357 0.275846 0.0346802 0.0387064 0.0114098
 0.467147 0.359331 0.132722 0.0166862 0.0241132
 0.72635 0.138366 0.0912287 0.0336961 0.0103583
 0.682372 0.240152 0.0391746 0.0258289 0.0124728
 0.402643 0.427038 0.128774 0.0210062 0.0205382
 0.476513 0.230472 0.20947 0.0631663 0.0203783
 0.825293 0.0900532 0.03727 0.0338738 0.0135101
pobs_PELACES
 0 0 0 0 0
 0 0 0 0 0
 0 0 0 0 0
 0 0 0 0 0
 0 0 0 0 0
 0 0 0 0 0
 0 0 0 0 0
 0 0 0 0 0
 0 0 0 0 0
 0 0 0 0 0
 0 0 0 0 0
 0 0 0 0 0
 0 0 0 0 0
 0 0 0 0 0
 0 0 0 0 0
 0 0 0 0 0
 0.505614 0.472636 0.0217494 0 0
 0 0 0 0 0
 0.443492 0.261883 0.143347 0.151278 0
 0.227955 0.32914 0.350689 0.0885471 0.00366901
 0.970185 0.0296113 0.000203453 0 0
 0.997202 0.00247181 0.000326279 0 0
 0.445219 0.490057 0.0546422 0.010081 0
 0.90214 0.0892962 0.00764917 0.000914606 0
 0 0 0 0 0
 0.581667 0.319106 0.0959925 0.00289975 0.000334073
 0.762889 0.0836404 0.116647 0.0363945 0.000428098
 0.88444 0.0763242 0.0277011 0.0115352 0
 0.521256 0.241999 0.230069 0.00667565 0
 0.616807 0.101726 0.260614 0.0208532 0
 0.833518 0.0704572 0.0857862 0.0102388 0
ppred_PELACES
 0.46518 0.0959188 0.41864 0.0202602 7.3047e-07
 0.44114 0.271317 0.0515702 0.22508 0.0108932
 0.563841 0.201314 0.114013 0.0216709 0.0991606
 0.839529 0.0937119 0.0308135 0.017451 0.0184947
 0.660635 0.288577 0.0296592 0.00975229 0.0113766
 0.70232 0.201977 0.0813805 0.00836409 0.00595848
 0.456556 0.390782 0.103582 0.0417351 0.00734517
 0.41171 0.280774 0.22113 0.0586132 0.0277728
 0.461466 0.232297 0.146158 0.11511 0.0449688
 0.627566 0.17949 0.0832261 0.052365 0.0573524
 0.754784 0.158597 0.0417451 0.0193564 0.0255176
 0.731421 0.206662 0.0400457 0.0105406 0.0113307
 0.702627 0.222377 0.0577063 0.011182 0.00610714
 0.651978 0.250595 0.0728567 0.0189061 0.00566438
 0.746825 0.170032 0.0598682 0.0174057 0.00586999
 0.923561 0.058287 0.0121906 0.0042923 0.00166877
 0.463884 0.498224 0.0288935 0.006043 0.00295497
 0.889219 0.053682 0.0530634 0.0030773 0.000958328
 0.646241 0.317375 0.017631 0.0174278 0.00132544
 0.63808 0.240798 0.108665 0.00603661 0.00642086
 0.754251 0.161517 0.0560423 0.0252902 0.0028993
 0.757246 0.186754 0.0368055 0.0127705 0.00642362
 0.389252 0.471701 0.106971 0.0210818 0.0109942
 0.749818 0.10232 0.114199 0.0258977 0.0077656
 0.656093 0.263046 0.0330708 0.0369103 0.0108803
 0.485239 0.347131 0.128216 0.0161196 0.0232944
 0.740654 0.131134 0.0864601 0.0319348 0.0098169
 0.697934 0.228385 0.0372552 0.0245634 0.0118617
 0.420245 0.414455 0.12498 0.0203873 0.019933
 0.494914 0.222371 0.202107 0.060946 0.019662
 0.835625 0.0847274 0.0350658 0.0318704 0.0127111
pobs_pel_tallas
 0 0 0 0 0 0 0 0 0 0 0 0 0 0 0 0 0 0 0 0 0 0 0 0 0 0
 0 0 0 0 0 0 0 0 0 0 0 0 0 0 0 0 0 0 0 0 0 0 0 0 0 0
 0 0 0 0 0 0 0 0 0 0 0 0 0 0 0 0 0 0 0 0 0 0 0 0 0 0
 0 0 0 0 0 0 0 0 0 0 0 0 0 0 0 0 0 0 0 0 0 0 0 0 0 0
 0 0 0 0 0 0 0 0 0 0 0 0 0 0 0 0 0 0 0 0 0 0 0 0 0 0
 0 0 0 0 0 0 0 0 0 0 0 0 0 0 0 0 0 0 0 0 0 0 0 0 0 0
 0 0 0 0 0 0 0 0 0 0 0 0 0 0 0 0 0 0 0 0 0 0 0 0 0 0
 0 0 0 0 0 0 0 0 0 0 0 0 0 0 0 0 0 0 0 0 0 0 0 0 0 0
 0 0 0 0 0 0 0 0 0 0 0 0 0 0 0 0 0 0 0 0 0 0 0 0 0 0
 0 0 0 0 0 0 0 0 0 0 0 0 0 0 0 0 0 0 0 0 0 0 0 0 0 0
 0 0 0 0 0 0 0 0 0 0 0 0 0 0 0 0 0 0 0 0 0 0 0 0 0 0
 0 0 0 0 0 0 0 0 0 0 0 0 0 0 0 0 0 0 0 0 0 0 0 0 0 0
 0.00862536 0 0 0.000197151 0.00414017 0.0128641 0.00837892 0.0270097 0.101434 0.158115 0.152841 0.127902 0.109271 0.109419 0.0830992 0.0579132 0.0238553 0.00714673 0.00463305 0.00128148 0.00103504 0.000492878 0.000147863 0.000147863 4.92878e-05 0
 0 0 0 0 0 0 0 0 0 0 0 0 0 0 0 0 0 0 0 0 0 0 0 0 0 0
 0 0 0 0 0 0 0 0.0054083 0.00873648 0.0413646 0.0450493 0.0745869 0.0622846 0.0627006 0.0613931 0.0827291 0.12552 0.122667 0.0946155 0.0697135 0.0546179 0.0294188 0.0215738 0.0213955 0.0102223 0.00600262
 0 0 0 0 0.00359764 0.0251062 0.0480494 0.140153 0.205849 0.193036 0.1447 0.116669 0.0760912 0.0342217 0.00950174 0.001854 0.000860785 0 0 0 0.000165536 0 0.000143464 0 0 0
 0 0 0 0 0 0 0 0.000145254 0.000435761 0.0275982 0.070085 0.0708112 0.156366 0.174668 0.174014 0.160142 0.0824315 0.0480064 0.0283245 0.00493863 0.00203355 0 0 0 0 0
 0 0 0 0 0 0 0 0 0 0 0 0 0 0 0 0 0 0 0 0 0 0 0 0 0 0
 0 0 1.00437e-05 0.000401748 0.00122533 0.00171747 0.00176769 0.0269171 0.070346 0.194647 0.189555 0.159765 0.064822 0.0314167 0.0384472 0.0292271 0.0345202 0.0313363 0.0194345 0.0106764 0.0143323 0.0359363 0.0279516 0.0138201 0.00172751 0
 0 0.0021121 0.0136068 0.0755702 0.200478 0.177729 0.0527432 0.0373336 0.0318909 0.0142505 0.0149659 0.0166563 0.0217959 0.0798694 0.0677717 0.0528807 0.04013 0.0224614 0.0357745 0.0225083 0.00881397 0.00855152 0.00135912 0.000746735 0 0
 0 0 0 0 5.4009e-05 0.00500934 0.000945158 0.0243581 0.138947 0.33067 0.221406 0.137944 0.0707744 0.0437923 0.0131692 0.00525238 0.0047753 0.00276346 9.45158e-05 9.00151e-06 2.25038e-05 9.00151e-06 4.50075e-06 0 0 0
 0.000866109 0.00284123 0.00948549 0.0512746 0.133035 0.25785 0.225252 0.132002 0.0553304 0.0519788 0.0540692 0.017754 0.00435017 0.00159236 0.00146478 0.000404838 0.000125132 0.000115318 0.000107957 0.000100596 0 0 0 0 0 0
 0 0 0 0 0.00144013 0.00171154 0.00461396 0.0210425 0.0478622 0.0707936 0.0888783 0.103762 0.0637923 0.0337046 0.0602308 0.124433 0.169614 0.0934646 0.0462172 0.0250306 0.0313229 0.00938855 0.002487 0.000210481 0 0
 0 0.00764035 0.051015 0.0998891 0.058973 0.0496711 0.0374665 0.0718981 0.12319 0.153886 0.159021 0.0857701 0.0377988 0.023471 0.0147837 0.00900784 0.00315554 0.000888139 0.00291439 0.00214683 0.00393193 0.00274676 0.000635225 9.99891e-05 0 0
 0 0 0 0 0 0 0 0 0 0 0 0 0 0 0 0 0 0 0 0 0 0 0 0 0 0
 0 0 0 0 0 0 0 0 0 0 0 0 0 0 0 0 0 0 0 0 0 0 0 0 0 0
 0 0 0 0 0 0 0 0 0 0 0 0 0 0 0 0 0 0 0 0 0 0 0 0 0 0
 0 0 0 0 0 0 0 0 0 0 0 0 0 0 0 0 0 0 0 0 0 0 0 0 0 0
 0 0 0 0 0 0 0 0 0 0 0 0 0 0 0 0 0 0 0 0 0 0 0 0 0 0
 0 0 0 0 0 0 0 0 0 0 0 0 0 0 0 0 0 0 0 0 0 0 0 0 0 0
 0 0 0 0 0 0 0 0 0 0 0 0 0 0 0 0 0 0 0 0 0 0 0 0 0 0
ppred_pel_tallas
 1.14138e-16 3.83163e-05 0.000372448 0.00247505 0.0112512 0.0350067 0.0745859 0.108862 0.108872 0.0746345 0.0351716 0.0117354 0.00372058 0.00319132 0.00568381 0.0100951 0.0163014 0.0241583 0.0334022 0.0436862 0.0543915 0.0642917 0.0714972 0.0740089 0.0706733 0.0618927
 1.25974e-16 3.63362e-05 0.000353201 0.00234714 0.0106698 0.0331978 0.0707325 0.103242 0.103268 0.0708608 0.033629 0.0119167 0.005483 0.00721994 0.0131438 0.0218583 0.0319586 0.0412812 0.0477531 0.0506899 0.0513053 0.0518598 0.0540547 0.0578968 0.0617705 0.0634726
 1.22296e-16 4.64429e-05 0.000451442 0.00299999 0.0136375 0.0424315 0.0904055 0.131954 0.131973 0.0905012 0.0427531 0.0145686 0.00534519 0.005598 0.00990144 0.0165119 0.0243027 0.0316941 0.0371404 0.0400388 0.0411002 0.0417786 0.0432037 0.0454587 0.0476526 0.0485515
 1.05794e-16 6.91509e-05 0.000672171 0.00446682 0.0203055 0.063178 0.134608 0.196466 0.196475 0.134652 0.0633269 0.0207362 0.00554975 0.00304256 0.00459003 0.00753026 0.0109659 0.0140639 0.0160365 0.016554 0.0159428 0.0149413 0.0142047 0.0139465 0.0139336 0.0137427
 1.03833e-16 5.44157e-05 0.00052894 0.00351499 0.0159787 0.0497157 0.105926 0.154607 0.154635 0.106061 0.0501717 0.0172956 0.00681999 0.00774151 0.0137459 0.0226223 0.0325463 0.0408556 0.0448794 0.0434016 0.0373953 0.0293755 0.0219047 0.0164041 0.0129544 0.0108636
 1.04248e-16 5.78492e-05 0.000562315 0.00373678 0.0169869 0.0528526 0.112609 0.16436 0.164379 0.112704 0.0531737 0.0179154 0.0060716 0.00567243 0.00980147 0.0162128 0.0235833 0.0301432 0.0341105 0.0346371 0.0322592 0.0284284 0.0245342 0.0212149 0.0183686 0.0156246
 1.08518e-16 3.7606e-05 0.000365544 0.00242917 0.0110427 0.034358 0.0732048 0.106853 0.10689 0.0733893 0.0349778 0.0128338 0.0069295 0.0102041 0.018765 0.0310746 0.0450253 0.0571842 0.0640695 0.0640813 0.0584148 0.050144 0.0422477 0.0361474 0.0316223 0.0277085
 1.17032e-16 3.39121e-05 0.000329638 0.00219056 0.00995798 0.0309831 0.0660138 0.0963548 0.0963822 0.0661477 0.0314334 0.0112626 0.00548016 0.00756027 0.0139119 0.0233284 0.0345032 0.0452906 0.0534952 0.0580897 0.0596911 0.0598132 0.0595539 0.05885 0.0567954 0.0525473
 1.23432e-16 3.80104e-05 0.000369474 0.00245529 0.0111614 0.0347274 0.0739912 0.107997 0.10802 0.0741018 0.0350994 0.0122388 0.00517121 0.0063368 0.0114862 0.0192374 0.0284511 0.0373891 0.0443411 0.0486456 0.0510634 0.053077 0.0556664 0.0585595 0.0604591 0.0599169
 1.17405e-16 5.16919e-05 0.000502463 0.00333905 0.0151788 0.0472271 0.100623 0.146866 0.146883 0.100708 0.0475134 0.0160073 0.00542482 0.00507639 0.00880064 0.0146353 0.0214851 0.0279111 0.0325166 0.0347623 0.0353021 0.0354701 0.0363122 0.0379237 0.0395102 0.0399699
 1.07505e-16 6.21706e-05 0.00060432 0.00401592 0.0182558 0.0568006 0.12102 0.176636 0.176651 0.121095 0.0570523 0.0189831 0.00584371 0.00460146 0.00767477 0.0126472 0.018353 0.023388 0.0263782 0.0267304 0.0249905 0.0224491 0.0203099 0.0190689 0.0184734 0.0179144
 1.04184e-16 6.02463e-05 0.000585615 0.00389162 0.0176907 0.0550426 0.117275 0.17117 0.17119 0.117372 0.0553698 0.0186361 0.00626567 0.00577158 0.0099195 0.0163307 0.0235842 0.0297983 0.0330986 0.0326304 0.02906 0.0241001 0.0194524 0.0159954 0.0136899 0.0120193
 1.03878e-16 5.78745e-05 0.000562561 0.00373842 0.0169943 0.0528757 0.112658 0.164432 0.164454 0.112763 0.0532283 0.0180131 0.00629786 0.00615673 0.0107025 0.0176548 0.025551 0.0323916 0.0361711 0.0359566 0.0324153 0.0273055 0.0223625 0.0184657 0.0155752 0.0132157
 1.05022e-16 5.37026e-05 0.000522008 0.00346893 0.0157693 0.0490642 0.104537 0.15258 0.152605 0.104656 0.0494617 0.0169184 0.00635645 0.00683562 0.0120742 0.0199544 0.0289235 0.0367589 0.0412224 0.0412739 0.0376543 0.0323036 0.0271097 0.0229868 0.0198296 0.0170809
 1.04511e-16 6.1515e-05 0.000597948 0.00397357 0.0180633 0.0562017 0.119744 0.174774 0.17479 0.119825 0.0564718 0.0188443 0.00593704 0.0048941 0.00824983 0.013618 0.0197918 0.02527 0.0285599 0.0289707 0.026993 0.0238948 0.0208764 0.0184656 0.0165159 0.0146159
 1.0108e-16 7.60725e-05 0.000739452 0.00491392 0.022338 0.0695017 0.148081 0.21613 0.216135 0.148109 0.0695941 0.0226047 0.00558386 0.00220314 0.00285946 0.00461638 0.0066653 0.00843003 0.0093796 0.00927209 0.00829172 0.00691428 0.00561052 0.00462039 0.00393042 0.00340024
 1.02068e-16 3.82096e-05 0.000371411 0.00246816 0.0112199 0.0349096 0.0743804 0.10857 0.108618 0.0746147 0.035696 0.0134905 0.00816434 0.0127952 0.0236006 0.0388705 0.0557899 0.0697343 0.0760154 0.0724714 0.0607753 0.0453502 0.0307957 0.019807 0.0127713 0.00868123
 1.02016e-16 7.32438e-05 0.000711956 0.0047312 0.0215073 0.0669173 0.142575 0.208093 0.208098 0.1426 0.0670037 0.0217577 0.005363 0.00210236 0.00274658 0.00450974 0.00668662 0.00881781 0.0104729 0.011429 0.0117545 0.011676 0.0113533 0.0107694 0.00981216 0.00843789
 1.02563e-16 5.32301e-05 0.000517415 0.00343841 0.0156305 0.0486325 0.103618 0.15124 0.15127 0.103767 0.0491336 0.0170772 0.0070679 0.00843446 0.0150712 0.0247853 0.0355926 0.0445402 0.048663 0.0466112 0.0394733 0.0300706 0.0213036 0.0148205 0.0107712 0.00841743
 1.0489e-16 5.25578e-05 0.000510881 0.00339498 0.0154331 0.0480183 0.102309 0.149328 0.149351 0.102423 0.0484015 0.0165414 0.00618232 0.00661384 0.0116963 0.0193913 0.0282491 0.0361877 0.0410924 0.0419431 0.0393435 0.0349641 0.0303949 0.0263524 0.0227186 0.0191073
 1.04686e-16 6.21267e-05 0.000603894 0.00401309 0.0182429 0.0567606 0.120935 0.176511 0.176527 0.121011 0.0570172 0.0189849 0.00587861 0.0046861 0.00784389 0.0129456 0.0188236 0.024056 0.0272353 0.0277175 0.0259785 0.0232224 0.0205728 0.0184957 0.0168056 0.0150691
 1.03478e-16 6.23734e-05 0.000606292 0.00402902 0.0183154 0.056986 0.121415 0.177213 0.177231 0.121503 0.0572817 0.0191698 0.0061747 0.00529361 0.00897426 0.0147637 0.0213241 0.0269502 0.0299481 0.0295436 0.0263334 0.0218551 0.0176343 0.0144552 0.012281 0.0106556
 1.07183e-16 3.20623e-05 0.000311657 0.00207107 0.00941482 0.0292932 0.062414 0.0911047 0.0911502 0.0626365 0.0300405 0.0115741 0.00749424 0.012161 0.0225672 0.0373386 0.0539745 0.0682728 0.0759541 0.0750287 0.0669391 0.0554884 0.0444665 0.0358494 0.0296257 0.0247968
 1.07234e-16 6.17615e-05 0.000600344 0.0039895 0.0181357 0.0564269 0.120224 0.175472 0.175482 0.120273 0.0565921 0.018615 0.00520057 0.00327054 0.00521069 0.00872029 0.0130334 0.0173929 0.0210495 0.0236355 0.0252981 0.026416 0.027156 0.0272806 0.0263523 0.0241108
 1.06565e-16 5.40416e-05 0.000525303 0.00349083 0.0158688 0.0493739 0.105197 0.153544 0.153569 0.105321 0.0497899 0.0170707 0.00650821 0.00711397 0.0125728 0.0207168 0.029884 0.0376924 0.0417692 0.0410667 0.0365049 0.0303488 0.0248227 0.0210309 0.0188164 0.0173478
 1.09348e-16 3.99686e-05 0.000388509 0.00258178 0.0117364 0.0365165 0.0778036 0.113564 0.113597 0.0779678 0.0370681 0.0133313 0.00659128 0.0091619 0.0167629 0.0278081 0.0404273 0.0516211 0.0583386 0.059155 0.0550543 0.0486144 0.0422952 0.0372118 0.0331223 0.0292409
 1.07393e-16 6.10067e-05 0.000593007 0.00394074 0.017914 0.0557373 0.118755 0.173329 0.173341 0.118817 0.0559471 0.0185215 0.0054714 0.00395363 0.00650017 0.0107991 0.015904 0.0207489 0.0242841 0.0260311 0.0263171 0.0259283 0.0254768 0.0250161 0.0241533 0.0224592
 1.05605e-16 5.7488e-05 0.000558804 0.00371345 0.0168808 0.0525226 0.111906 0.163334 0.163356 0.112013 0.052884 0.0179251 0.00633572 0.00628632 0.0109445 0.0180288 0.026031 0.0328827 0.0365258 0.0360408 0.0322004 0.0269319 0.0221292 0.0187349 0.0166312 0.0151451
 1.09131e-16 3.46151e-05 0.000336471 0.00223597 0.0101644 0.0316255 0.067383 0.0983558 0.0983959 0.0675787 0.0322832 0.0120653 0.00701276 0.0107817 0.0199235 0.0330177 0.0478763 0.0608711 0.0683082 0.0684687 0.0625759 0.0538345 0.0453646 0.0386794 0.0336069 0.0292198
 1.15329e-16 4.07654e-05 0.000396254 0.00263325 0.0119704 0.0372444 0.079354 0.115824 0.115846 0.0794603 0.0376021 0.013007 0.00524943 0.00615413 0.0111139 0.0186715 0.0277463 0.0366934 0.0438357 0.048387 0.0507906 0.0521064 0.052989 0.0531576 0.0517292 0.0479976
 1.06381e-16 6.88294e-05 0.000669046 0.00444605 0.0202111 0.0628842 0.133982 0.195552 0.19556 0.134022 0.0630192 0.0206017 0.005429 0.00282343 0.00418622 0.00688138 0.0100751 0.0130393 0.0150949 0.0159695 0.0159576 0.0156842 0.0156533 0.0159392 0.0162171 0.0160336
pSPR Fmed_Fpbrs
0.716515   0.188075 0.188075
Fs Fmed_Fpbrs
0.165399   1.005 1.005
SSBpbr Bo_Bmed_Bpbrs
2.26811e+06  1.51173e+06  313170 313170
Ro
224655
SPR SPRFo_SPRFmed_SPRFpbrs
1.60582e+06 1.15059e+06 302014
Fref
1.005
Nvult_r0
 260694 24774.6 10253.4 9319.03 3716.78
CTP_r0
 29340.4 3014.15 1247.45 1133.78 452.194
YTP_r0
391305
Np
 281638 124983 11674.4 4831.64 5797.89
Nvult_p0
 240354 108153 10102.3 4181.01 5017.14
CTP_p0
 115180 54211.3 5063.76 2095.72 2514.83
YTP_p0
 2.00575e+06
CBA_c0
875640
log_Ro
12.1423
likeval ReclasPelacesDesembMPH_pf_preclas_ppelaces_ptallas_desvR_qrecl_qpela
 27.9209 17.6916 0.235184 0.0030712 243.467 123.326 98.3183 0 19.7987 0 0 1.18776 0 0 0
q_reclas_q_pelaces
1 1
M
1
N
 248957 47703.2 208202 10076 0.363284
 146077 83920.8 15951.1 69619.2 3369.37
 138063 46019.1 26062.5 4953.81 22667.4
 420044 43816.3 14407.3 8159.46 8647.45
 325122 131559 13521.3 4445.97 5186.46
 427002 114188 46008.5 4728.64 3368.63
 177846 142718 37829.3 15242.2 2682.54
 84599.3 53386.6 42045.8 11144.8 5280.74
 64197.7 30140.1 18963.8 14935.4 5834.61
 77022.3 20635 9568.07 6020.13 6593.51
 120041 23390.8 6156.79 2854.79 3763.48
 155513 41572.1 8055.61 2120.35 2279.28
 138571 41451.6 10756.6 2084.35 1138.38
 101645 37429.5 10882.1 2823.87 846.046
 106900 23000.8 8098.59 2354.54 794.055
 485511 28915.8 6047.65 2129.38 827.867
 133049 133823 7760.78 1623.14 793.703
 716422 40533.3 40066.2 2323.56 723.599
 466348 216160 12008.3 11869.9 902.741
 361325 128318 57905.9 3216.83 3421.59
 515104 103314 35847.3 16176.8 1854.53
 675326 156650 30872.6 10712 5388.17
 171923 194416 44088.9 8689.03 4531.36
 431538 54863.6 61233.1 13886.3 4163.89
 376404 140642 17681.9 19734.7 5817.36
 183631 122178 45127.3 5673.53 8198.81
 371154 61216.3 40361.6 14907.9 4582.75
 397775 121134 19760 13028.3 6291.38
 143357 131543 39667.3 6470.7 6326.51
 113466 47550.7 43217.6 13032.4 4204.43
 385677 36449 15085 13710.4 5468.22
pred_Ctot
 13265.9 2767.11 12077.1 584.478 0.021073
 13433.3 8380.31 1592.88 6952.16 336.465
 12128.8 4391.22 2486.93 472.7 2162.96
 39984.2 4528.22 1488.93 843.244 893.675
 9344.71 4122.66 423.717 139.323 162.528
 24881.1 7240.87 2917.49 299.852 213.611
 21033 18296.7 4849.78 1954.07 343.907
 1692.25 1164.94 917.474 243.188 115.23
 5180.7 2643.13 1663.03 1309.76 511.667
 8629.33 2507.16 1162.52 731.447 801.113
 4469.79 949.094 249.815 115.835 152.705
 27795.1 8021.49 1554.36 409.13 439.796
 23870.9 7712.29 2001.32 387.804 211.802
 25719.5 10170 2956.78 767.277 229.881
 18340.6 4262.33 1500.77 436.324 147.148
 78783.6 5071.28 1060.64 373.453 145.192
 14679.3 16013.6 928.678 194.23 94.9769
 82767.4 5077.15 5018.64 291.046 90.6369
 76076.9 38110 2117.11 2092.71 159.157
 51932.9 19958.5 9006.63 500.342 532.19
 57321 12468.6 4326.28 1952.31 223.816
 94698.7 23777.2 4686 1625.92 817.842
 14573.3 17903.8 4060.18 800.178 417.295
 31431.1 4344.62 4849.01 1099.64 329.736
 28284.8 11488.9 1444.41 1612.1 475.212
 10978 7948.01 2935.67 369.08 533.357
 26731.2 4793.8 3160.68 1167.43 358.872
 25635.5 8492.42 1385.32 913.379 441.072
 8989.11 8973.78 2706.07 441.426 431.589
 9196.02 4187.8 3806.19 1147.77 370.286
 29340.4 3014.15 1247.45 1133.78 452.194
F
 0.0874076 0.0954674 0.0954674 0.0954674 0.0954674
 0.155075 0.169375 0.169375 0.169375 0.169375
 0.147701 0.16132 0.16132 0.16132 0.16132
 0.160902 0.175739 0.175739 0.175739 0.175739
 0.0463552 0.0506296 0.0506296 0.0506296 0.0506296
 0.095917 0.104761 0.104761 0.104761 0.104761
 0.203361 0.222113 0.222113 0.222113 0.222113
 0.0320703 0.0350275 0.0350275 0.0350275 0.0350275
 0.134977 0.147423 0.147423 0.147423 0.147423
 0.191753 0.209435 0.209435 0.209435 0.209435
 0.0604034 0.0659731 0.0659731 0.0659731 0.0659731
 0.322202 0.351912 0.351912 0.351912 0.351912
 0.308925 0.337411 0.337411 0.337411 0.337411
 0.48596 0.53077 0.53077 0.53077 0.53077
 0.307504 0.335859 0.335859 0.335859 0.335859
 0.288686 0.315305 0.315305 0.315305 0.315305
 0.188592 0.205982 0.205982 0.205982 0.205982
 0.198248 0.216529 0.216529 0.216529 0.216529
 0.290421 0.317201 0.317201 0.317201 0.317201
 0.252005 0.275243 0.275243 0.275243 0.275243
 0.190352 0.207904 0.207904 0.207904 0.207904
 0.245199 0.267808 0.267808 0.267808 0.267808
 0.142197 0.155309 0.155309 0.155309 0.155309
 0.121138 0.132308 0.132308 0.132308 0.132308
 0.125187 0.13673 0.13673 0.13673 0.13673
 0.0985136 0.107598 0.107598 0.107598 0.107598
 0.119716 0.130755 0.130755 0.130755 0.130755
 0.10655 0.116375 0.116375 0.116375 0.116375
 0.103541 0.113088 0.113088 0.113088 0.113088
 0.135592 0.148095 0.148095 0.148095 0.148095
 0.126821 0.138515 0.138515 0.138515 0.138515
YTP_r0W_actual
 249394 49130.6 36051.4 39455.5 17273.8
YTP_p0W_proyectada
 866150 873886 118391 61823.7 85504.1
CTP_r0_actual
 29340.4 3014.15 1247.45 1133.78 452.194
CTP_p0_proyectada
 115180 54211.3 5063.76 2095.72 2514.83
Wmedp
 7.52 16.12 23.38 29.5 34
Frms_r0
 0.126821 0.138515 0.138515 0.138515 0.138515
Zrms_r0
 1.12682 1.13851 1.13851 1.13851 1.13851
nmprior
 8.19 8.8 8.5 0
nm_flota  nm_reclas  nm_pelaces    nm_pelaL
inf 10.2165 19.859 48.6792
cv_recla  cv_pelaces  cv_mph
0.477958 0.476931 1.71025
 ------------------------------------------------
Talla a la edad & desviaci?n 
 8 13.2811 15.8009 17.003 17.5766
 0.8 1.32811 1.58009 1.7003 1.75766
