    unsorted:	 2.155369382e-06 3.427407323e-06 4.901958894e-05 8.764007323e-05 0.001099987790 11.19194685 14.49306410 30.96569497 58.87741429 111.4741624 143.5000705 184.2332814 215.0822359 339.4231749 429.4100947 476.3061865 856.1000813 872.1050393 823.0538738 792.0729369 720.9397038 671.5924145 583.6259976 935.6427908 977.6564982 997.2680782 1037.797262 1114.627202 1239.356710 1465.547706 1537.360876 1576.786487 1774.479493 1821.129703 1876.633980 2100.165178 2183.570472 2324.056061 2772.003039 3027.127817 3274.956308 3532.385032 12626.40043 39638.38795 49735.11951 158145.3298 197085.4295 345302.8116 332073.3306 354212.3724 315973.4958 368488.9145 278569.9291 401799.7190 423723.3848 434866.5984 520145.7370 537740.0394 691922.0322 741645.5420 785877.9857 817407.2896 922756.8278 1169144.456 1295344.644 1400036.385 1461750.559 1513958.799 1616229.536 1872424.154 2090830.419 2158842.227 2717111.044 2814355.233 3104097.274 3365246.306 3532481.098
      sorted:	 2.155369382e-06 3.427407323e-06 4.901958894e-05 8.764007323e-05 0.001099987790 11.19194685 14.49306410 30.96569497 58.87741429 111.4741624 143.5000705 184.2332814 215.0822359 339.4231749 429.4100947 476.3061865 583.6259976 671.5924145 720.9397038 792.0729369 823.0538738 856.1000813 872.1050393 935.6427908 977.6564982 997.2680782 1037.797262 1114.627202 1239.356710 1465.547706 1537.360876 1576.786487 1774.479493 1821.129703 1876.633980 2100.165178 2183.570472 2324.056061 2772.003039 3027.127817 3274.956308 3532.385032 12626.40043 39638.38795 49735.11951 158145.3298 197085.4295 278569.9291 315973.4958 332073.3306 345302.8116 354212.3724 368488.9145 401799.7190 423723.3848 434866.5984 520145.7370 537740.0394 691922.0322 741645.5420 785877.9857 817407.2896 922756.8278 1169144.456 1295344.644 1400036.385 1461750.559 1513958.799 1616229.536 1872424.154 2090830.419 2158842.227 2717111.044 2814355.233 3104097.274 3365246.306 3532481.098
