years
 1991 1992 1993 1994 1995 1996 1997 1998 1999 2000 2001 2002 2003 2004 2005 2006 2007 2008 2009 2010 2011 2012 2013 2014 2015 2016 2017 2018 2019 2020 2021
reclasobs
 0 0 0 0 0 0 0 0 0 252601 567819 844713 477998 351125 339783 2.1784e+06 2.13404e+06 4.81314e+06 1.55562e+06 2.62356e+06 3.21686e+06 3.843e+06 1.13348e+06 3.07943e+06 1.97215e+06 2.03268e+06 2.025e+06 2.42433e+06 2.27542e+06 1.05018e+06 2.36338e+06
reclaspred
 2.94217e+06 1.60246e+06 801048 663333 585538 1.18584e+06 614918 496571 370222 272595 432039 610493 599142 436832 425667 1.45194e+06 1.3128e+06 3.21758e+06 2.63867e+06 1.89358e+06 3.39177e+06 2.75696e+06 2.06553e+06 3.237e+06 2.36545e+06 2.03584e+06 2.54613e+06 2.84601e+06 2.26523e+06 1.31888e+06 1.89135e+06
pelacesobs
 0 0 0 0 0 0 0 0 0 0 0 0 0 0 0 552880 188675 0 991730 2.46772e+06 1.41603e+06 1.21717e+06 2.29649e+06 1.80582e+06 0 1.4828e+06 1.56532e+06 1.57751e+06 1.42118e+06 867257 1.10002e+06
pelacespred
 1.14301e+06 680139 332514 220863 213856 451290 190748 217239 142213 97858.7 172793 204799 223440 166035 167923 496069 451826 1.29936e+06 1.08247e+06 717141 1.27106e+06 1.09397e+06 826126 1.43223e+06 1.00076e+06 861540 1.23292e+06 1.35339e+06 889710 590257 837285
mphobs
 0 0 0 0 0 0 0 0 0 0 0 498337 0 5186 125008 0 168611 109162 213762 579715 649985 157893 87575 83554 0 0 0 0 0 0 0
mphpred
 441576 290131 138980 74652.8 62082.1 66565 108380 51693.1 45127.6 29195.5 20257.8 50801 56585.2 45900.4 27531.1 35259.7 165604 144370 317830 234683 241658 306358 290120 225042 320834 256812 205260 232916 344529 223227 123217
desembarqueobs
 494567 514787 250237 358949 120608 361735 552515 73892 212993 205616 52469 317467 293654 387597 252695 516296 358380 742168 942051 627588 828172 859565 418607 520667 417249 300574 415391 372974 316634 284311 391294
desembarquepred
 494561 514185 250320 358980 120611 361701 552383 73894.6 213010 205626 52470.5 317485 293653 387507 252643 516179 358381 741988 941628 627315 828163 859448 418583 520664 417218 300550 415358 372930 316603 284293 391273
Reclutas
 163196 95237.4 93529.2 104618 85091 212809 71416.7 27531.4 33584.9 49565.6 91725.1 130637 106457 73777.2 68299.1 444900 73678.3 674413 379379 280103 431792 566714 99396.7 336946 269568 118140 293635 337914 82142.6 57922.3 255411
log_desv_Rt
 0.145747 -0.392832 -0.410931 -0.298891 -0.505484 0.411191 -0.680673 -1.63388 -1.43513 -1.04591 -0.430409 -0.0767837 -0.281465 -0.648155 -0.725308 1.14864 -0.649496 1.56464 0.98933 0.685954 1.11874 1.39065 -0.350085 0.870718 0.647615 -0.177334 0.733132 0.873588 -0.540748 -0.890103 0.593668
SSB
 2.20307e+06 1.44749e+06 693386 372451 309734 332100 540718 257903 225147 145659 101068 253452 282310 229002 137356 175914 826214 720280 1.58569e+06 1.17086e+06 1.20566e+06 1.52845e+06 1.44744e+06 1.12276e+06 1.60068e+06 1.28127e+06 1.02406e+06 1.16204e+06 1.71889e+06 1.1137e+06 614742
BT
 3.05849e+06 2.07558e+06 1.01126e+06 809424 591318 1.35277e+06 926909 567730 537717 421032 442984 735298 780561 784319 640655 1.55898e+06 1.32199e+06 3.65542e+06 3.39895e+06 2.22302e+06 3.60364e+06 3.32712e+06 2.27055e+06 3.79015e+06 2.69869e+06 2.25572e+06 3.27062e+06 3.498e+06 2.31503e+06 1.64364e+06 2.31325e+06
Ftot
 0.194845 0.362403 0.359796 0.657424 0.258168 0.419304 0.989372 0.185813 0.715068 0.932166 0.176517 0.668947 0.622219 1.09826 0.807985 0.527983 0.323657 0.32753 0.444848 0.413385 0.318364 0.400206 0.238463 0.218567 0.217803 0.179584 0.220716 0.180372 0.160196 0.249188 0.288304
BD_Bspro_t
 0.969443 0.789618 0.589677 0.480856 0.414194 0.48802 0.519398 0.300796 0.343654 0.293681 0.276516 0.571014 0.460939 0.366219 0.250453 0.303731 0.555008 0.508094 0.633538 0.530798 0.493458 0.549546 0.566161 0.544466 0.65897 0.662465 0.664586 0.714004 0.770547 0.691264 0.598411
BD_Bspro
 2.18808 1.43764 0.688667 0.369916 0.307626 0.32984 0.537038 0.256147 0.223614 0.144668 0.10038 0.251727 0.280389 0.227444 0.136421 0.174717 0.820592 0.715378 1.5749 1.16289 1.19745 1.51805 1.43759 1.11512 1.58978 1.27255 1.0171 1.15413 1.70719 1.10612 0.610558
BD_Bo
 1.32363 0.869672 0.416595 0.223773 0.186092 0.19953 0.32487 0.154951 0.135271 0.087514 0.060723 0.152277 0.169615 0.137587 0.0825251 0.105692 0.4964 0.432753 0.9527 0.703466 0.724373 0.918313 0.869641 0.674567 0.961705 0.7698 0.615271 0.698169 1.03273 0.669126 0.369344
BD_Brms
 6.93483 4.55642 2.18264 1.1724 0.974982 1.04539 1.70207 0.811826 0.708717 0.458507 0.318143 0.797816 0.888656 0.720854 0.432369 0.553744 2.60076 2.2673 4.99143 3.68563 3.79517 4.81127 4.55626 3.53422 5.03861 4.03317 3.22355 3.65788 5.41073 3.50571 1.93509
Sel_flota
 0.677728 0.975584 0.998685 0.999931 0.999996
 0.677728 0.975584 0.998685 0.999931 0.999996
 0.677728 0.975584 0.998685 0.999931 0.999996
 0.677728 0.975584 0.998685 0.999931 0.999996
 0.677728 0.975584 0.998685 0.999931 0.999996
 0.677728 0.975584 0.998685 0.999931 0.999996
 0.677728 0.975584 0.998685 0.999931 0.999996
 0.677728 0.975584 0.998685 0.999931 0.999996
 0.677728 0.975584 0.998685 0.999931 0.999996
 0.677728 0.975584 0.998685 0.999931 0.999996
 0.677728 0.975584 0.998685 0.999931 0.999996
 0.677728 0.975584 0.998685 0.999931 0.999996
 0.677728 0.975584 0.998685 0.999931 0.999996
 0.677728 0.975584 0.998685 0.999931 0.999996
 0.677728 0.975584 0.998685 0.999931 0.999996
 0.677728 0.975584 0.998685 0.999931 0.999996
 0.677728 0.975584 0.998685 0.999931 0.999996
 0.677728 0.975584 0.998685 0.999931 0.999996
 0.677728 0.975584 0.998685 0.999931 0.999996
 0.677728 0.975584 0.998685 0.999931 0.999996
 0.677728 0.975584 0.998685 0.999931 0.999996
 0.677728 0.975584 0.998685 0.999931 0.999996
 0.677728 0.975584 0.998685 0.999931 0.999996
 0.677728 0.975584 0.998685 0.999931 0.999996
 0.677728 0.975584 0.998685 0.999931 0.999996
 0.677728 0.975584 0.998685 0.999931 0.999996
 0.677728 0.975584 0.998685 0.999931 0.999996
 0.677728 0.975584 0.998685 0.999931 0.999996
 0.677728 0.975584 0.998685 0.999931 0.999996
 0.677728 0.975584 0.998685 0.999931 0.999996
 0.677728 0.975584 0.998685 0.999931 0.999996
Sel_reclas
 1 1 1 1 1
 1 1 1 1 1
 1 1 1 1 1
 1 1 1 1 1
 1 1 1 1 1
 1 1 1 1 1
 1 1 1 1 1
 1 1 1 1 1
 1 1 1 1 1
 1 1 1 1 1
 1 1 1 1 1
 1 1 1 1 1
 1 1 1 1 1
 1 1 1 1 1
 1 1 1 1 1
 1 1 1 1 1
 1 1 1 1 1
 1 1 1 1 1
 1 1 1 1 1
 1 1 1 1 1
 1 1 1 1 1
 1 1 1 1 1
 1 1 1 1 1
 1 1 1 1 1
 1 1 1 1 1
 1 1 1 1 1
 1 1 1 1 1
 1 1 1 1 1
 1 1 1 1 1
 1 1 1 1 1
 1 1 1 1 1
Sel_pelaces
 1 1 1 1 1
 1 1 1 1 1
 1 1 1 1 1
 1 1 1 1 1
 1 1 1 1 1
 1 1 1 1 1
 1 1 1 1 1
 1 1 1 1 1
 1 1 1 1 1
 1 1 1 1 1
 1 1 1 1 1
 1 1 1 1 1
 1 1 1 1 1
 1 1 1 1 1
 1 1 1 1 1
 1 1 1 1 1
 1 1 1 1 1
 1 1 1 1 1
 1 1 1 1 1
 1 1 1 1 1
 1 1 1 1 1
 1 1 1 1 1
 1 1 1 1 1
 1 1 1 1 1
 1 1 1 1 1
 1 1 1 1 1
 1 1 1 1 1
 1 1 1 1 1
 1 1 1 1 1
 1 1 1 1 1
 1 1 1 1 1
pf_obs 
 0.8446 0.082 0.0669 0.0065 0
 0.8095 0.147 0.0364 0.0071 0
 0.9664 0.0169 0.016 0.0007 0
 0.9276 0.0648 0.0075 0.0001 0
 0.7033 0.2144 0.0806 0.0017 0
 0.9318 0.0425 0.0243 0.0014 0
 0.5671 0.3108 0.0964 0.0239 0.0018
 0.0768 0.2599 0.5324 0.112 0.0189
 0.490249 0.384438 0.106611 0.0170017 0.00170017
 0.7925 0.1577 0.0466 0.003 0.0002
 0.840416 0.127587 0.0312969 0.00059994 9.999e-05
 0.8084 0.0986 0.0794 0.0134 0.0002
 0.7335 0.1905 0.0724 0.0035 0.0001
 0.4001 0.4547 0.1325 0.0127 0
 0.49795 0.308269 0.164784 0.0264974 0.00249975
 0.9179 0.0499 0.0305 0.0017 0
 0.2467 0.6533 0.0926 0.0074 0
 0.9418 0.0223 0.034 0.0019 0
 0.707729 0.231977 0.0356964 0.0245975 0
 0.517169 0.277429 0.184464 0.0207286 0.00020938
 0.811772 0.124168 0.05621 0.00726502 0.000585176
 0.764997 0.148141 0.077277 0.00933861 0.000247198
 0.163321 0.427699 0.378323 0.0303852 0.000271297
 0.753843 0.0900009 0.118128 0.0371064 0.000921714
 0.721811 0.176058 0.0630433 0.0369309 0.00215725
 0.143369 0.312575 0.442814 0.0836902 0.0175525
 0.692698 0.0596174 0.167031 0.0765114 0.00414204
 0.394062 0.376323 0.152708 0.0712218 0.00568511
 0.125707 0.32114 0.495352 0.0537591 0.00404204
 0.23352 0.215282 0.420074 0.123614 0.00750983
 0.796117 0.104755 0.0508955 0.0450114 0.00322123
pf_pred 
 0.441863 0.157961 0.37148 0.0286953 8.91938e-07
 0.415037 0.316267 0.0774219 0.177576 0.0136991
 0.562481 0.227426 0.115073 0.0274075 0.067612
 0.657925 0.226745 0.0607613 0.0299093 0.0246594
 0.651512 0.263425 0.0570025 0.0147959 0.0132647
 0.812905 0.13761 0.0376461 0.00793759 0.00390188
 0.448634 0.479715 0.0530998 0.014118 0.00443314
 0.458643 0.315064 0.197838 0.0210987 0.00735624
 0.611248 0.216098 0.10154 0.062183 0.00893165
 0.782841 0.156572 0.0341832 0.0155396 0.010864
 0.852352 0.126933 0.0150883 0.00317682 0.00244895
 0.744971 0.228048 0.0232766 0.00269883 0.00100491
 0.681645 0.262431 0.0501768 0.00495913 0.000787709
 0.63393 0.283369 0.0685505 0.0126984 0.00145189
 0.751828 0.187034 0.0477457 0.0111049 0.00228745
 0.949609 0.0420293 0.00635557 0.00156759 0.000438883
 0.310081 0.667243 0.019007 0.00278952 0.000879235
 0.899958 0.040223 0.0579035 0.00160573 0.000309489
 0.565488 0.404928 0.0120869 0.016937 0.000559396
 0.568519 0.287442 0.1345 0.00390124 0.00563856
 0.727989 0.181988 0.0605343 0.0275384 0.00195021
 0.72086 0.223699 0.0374254 0.0121194 0.00589537
 0.262763 0.58784 0.120395 0.0195874 0.00941412
 0.727145 0.094133 0.143246 0.0285973 0.00687914
 0.589583 0.327825 0.0289725 0.0429876 0.0106318
 0.399587 0.407616 0.154803 0.0133399 0.0246545
 0.728877 0.133898 0.0939054 0.0347916 0.0085275
 0.673466 0.261089 0.0327421 0.022389 0.0103141
 0.284252 0.537429 0.143299 0.0175318 0.0174874
 0.359359 0.234996 0.30645 0.0797352 0.0194594
 0.823297 0.0806938 0.0358015 0.0455002 0.0147075
pobs_RECLAS
 0 0 0 0 0
 0 0 0 0 0
 0 0 0 0 0
 0 0 0 0 0
 0 0 0 0 0
 0 0 0 0 0
 0 0 0 0 0
 0 0 0 0 0
 0 0 0 0 0
 0 0 0 0 0
 0.991045 0.00858322 0.000360255 1.14367e-05 0
 0.934742 0.0480273 0.0164251 0.00080598 0
 0.827803 0.169806 0.00239088 0 0
 0.941827 0.0461693 0.0120037 0 0
 0.791401 0.0380133 0.147996 0.0225897 0
 0.846168 0.0940531 0.0597789 0 0
 0.134021 0.677848 0.182769 0.00536245 0
 0.80878 0.0450904 0.141981 0.00414843 0
 0.846168 0.0940531 0.0597789 0 0
 0.905697 0.0802665 0.012482 0.00150086 5.37128e-05
 0.989698 0.0102097 9.19794e-05 0 0
 0.975433 0.0193895 0.00387452 0.00125025 5.28907e-05
 0.303575 0.632131 0.0575291 0.00676475 0
 0.966965 0.00978017 0.0227588 0.000495775 0
 0.843318 0.132988 0.00938335 0.0141283 0.000182051
 0.564624 0.303363 0.111486 0.0197234 0.00080311
 0.826376 0.0876187 0.0782897 0.00655872 0.00115652
 0.89761 0.0855135 0.0140674 0.00269457 0.000114338
 0.34875 0.467042 0.161289 0.0227151 0.000203297
 0.318654 0.224769 0.449479 0.00709798 0
 0.937255 0.0296025 0.0250945 0.00804832 0
ppred_RECLAS
 0.538245 0.132937 0.305267 0.0235507 7.31977e-07
 0.510998 0.267447 0.0638977 0.146366 0.0112907
 0.654458 0.181764 0.08976 0.0213508 0.0526671
 0.741024 0.173164 0.0452394 0.0222386 0.0183338
 0.731743 0.20398 0.0430919 0.0111709 0.0100142
 0.864526 0.100293 0.0267729 0.00563763 0.0027711
 0.550813 0.392188 0.0422574 0.0112191 0.0035226
 0.553208 0.262629 0.161031 0.0171516 0.00597965
 0.701724 0.167732 0.0768182 0.0469792 0.00674735
 0.844631 0.112869 0.0239938 0.010892 0.00761422
 0.893379 0.0919706 0.0106753 0.00224482 0.00173038
 0.812105 0.168468 0.0167633 0.001941 0.000722676
 0.759983 0.19873 0.0370495 0.00365678 0.000580803
 0.72486 0.214308 0.0504364 0.0093292 0.00106658
 0.819224 0.13712 0.0341035 0.00792095 0.00163147
 0.965205 0.0291415 0.00429836 0.00105877 0.000296408
 0.395384 0.585208 0.0162716 0.00238498 0.000751676
 0.929926 0.0285838 0.0401638 0.00111235 0.000214381
 0.655683 0.321423 0.00936124 0.0131004 0.00043265
 0.659621 0.228604 0.104381 0.00302367 0.00436989
 0.79682 0.137039 0.0444939 0.0202152 0.0014315
 0.790966 0.168339 0.0274834 0.00888832 0.00432333
 0.341732 0.52743 0.105465 0.0171366 0.00823565
 0.796813 0.0712113 0.105806 0.0210959 0.00507433
 0.676492 0.259682 0.0224081 0.0332055 0.00821195
 0.492445 0.347226 0.128767 0.0110822 0.0204805
 0.797669 0.101154 0.0692654 0.0256299 0.00628153
 0.749901 0.200946 0.0246072 0.016805 0.00774113
 0.366134 0.478777 0.124664 0.0152326 0.0151929
 0.452332 0.203994 0.259716 0.0674891 0.0164696
 0.872721 0.058911 0.0255149 0.0323852 0.0104675
pobs_PELACES
 0 0 0 0 0
 0 0 0 0 0
 0 0 0 0 0
 0 0 0 0 0
 0 0 0 0 0
 0 0 0 0 0
 0 0 0 0 0
 0 0 0 0 0
 0 0 0 0 0
 0 0 0 0 0
 0 0 0 0 0
 0 0 0 0 0
 0 0 0 0 0
 0 0 0 0 0
 0 0 0 0 0
 0 0 0 0 0
 0.505614 0.472636 0.0217494 0 0
 0 0 0 0 0
 0.443492 0.261883 0.143347 0.151278 0
 0.227955 0.32914 0.350689 0.0885471 0.00366901
 0.970185 0.0296113 0.000203453 0 0
 0.997202 0.00247181 0.000326279 0 0
 0.445219 0.490057 0.0546422 0.010081 0
 0.90214 0.0892962 0.00764917 0.000914606 0
 0 0 0 0 0
 0.581667 0.319106 0.0959925 0.00289975 0.000334073
 0.762889 0.0836404 0.116647 0.0363945 0.000428098
 0.88444 0.0763242 0.0277011 0.0115352 0
 0.521256 0.241999 0.230069 0.00667565 0
 0.616807 0.101726 0.260614 0.0208532 0
 0.833518 0.0704572 0.0857862 0.0102388 0
ppred_PELACES
 0.543264 0.131632 0.30182 0.0232829 7.23652e-07
 0.520219 0.262745 0.0626011 0.143375 0.0110599
 0.662709 0.177661 0.0874931 0.0208085 0.051329
 0.753547 0.165071 0.0429095 0.0210876 0.0173846
 0.736788 0.20024 0.0422187 0.0109433 0.00981014
 0.869376 0.0967831 0.0257536 0.00542206 0.00266511
 0.574973 0.371453 0.0397224 0.0105418 0.00330987
 0.557863 0.260046 0.159221 0.0169576 0.00591198
 0.716718 0.159688 0.0727368 0.0444701 0.00638689
 0.856523 0.104437 0.0220441 0.0100031 0.00699269
 0.895038 0.0905565 0.0104971 0.00220717 0.00170135
 0.82201 0.159672 0.0158072 0.00182979 0.00068126
 0.771105 0.189676 0.0351942 0.00347278 0.00055157
 0.746212 0.198045 0.0462204 0.00854551 0.000976964
 0.8309 0.128457 0.0317525 0.00737247 0.00151848
 0.966928 0.0277171 0.00407184 0.00100276 0.000280724
 0.403033 0.57785 0.0160274 0.00234888 0.000740293
 0.932088 0.0277426 0.0388846 0.00107678 0.000207524
 0.665538 0.312296 0.00906463 0.012683 0.000418861
 0.668914 0.222594 0.101317 0.00293441 0.00424085
 0.801967 0.133675 0.0432964 0.0196686 0.00139278
 0.797493 0.163181 0.0265601 0.00858832 0.00417738
 0.347107 0.523315 0.104452 0.0169703 0.0081557
 0.800444 0.0700154 0.103856 0.0207052 0.00498033
 0.681233 0.255963 0.0220506 0.0326728 0.00808016
 0.496966 0.344283 0.127501 0.0109724 0.0202776
 0.801284 0.0994321 0.0679716 0.0251489 0.00616361
 0.753262 0.1983 0.0242497 0.0165596 0.0076281
 0.369866 0.476101 0.123816 0.015128 0.0150886
 0.458706 0.201863 0.256515 0.0666506 0.0162649
 0.875969 0.0574781 0.0248396 0.0315244 0.0101892
pobs_pel_tallas
 0 0 0 0 0 0 0 0 0 0 0 0 0 0 0 0 0 0 0 0 0 0 0 0 0 0
 0 0 0 0 0 0 0 0 0 0 0 0 0 0 0 0 0 0 0 0 0 0 0 0 0 0
 0 0 0 0 0 0 0 0 0 0 0 0 0 0 0 0 0 0 0 0 0 0 0 0 0 0
 0 0 0 0 0 0 0 0 0 0 0 0 0 0 0 0 0 0 0 0 0 0 0 0 0 0
 0 0 0 0 0 0 0 0 0 0 0 0 0 0 0 0 0 0 0 0 0 0 0 0 0 0
 0 0 0 0 0 0 0 0 0 0 0 0 0 0 0 0 0 0 0 0 0 0 0 0 0 0
 0 0 0 0 0 0 0 0 0 0 0 0 0 0 0 0 0 0 0 0 0 0 0 0 0 0
 0 0 0 0 0 0 0 0 0 0 0 0 0 0 0 0 0 0 0 0 0 0 0 0 0 0
 0 0 0 0 0 0 0 0 0 0 0 0 0 0 0 0 0 0 0 0 0 0 0 0 0 0
 0 0 0 0 0 0 0 0 0 0 0 0 0 0 0 0 0 0 0 0 0 0 0 0 0 0
 0 0 0 0 0 0 0 0 0 0 0 0 0 0 0 0 0 0 0 0 0 0 0 0 0 0
 0 0 0 0 0 0 0 0 0 0 0 0 0 0 0 0 0 0 0 0 0 0 0 0 0 0
 0.00862536 0 0 0.000197151 0.00414017 0.0128641 0.00837892 0.0270097 0.101434 0.158115 0.152841 0.127902 0.109271 0.109419 0.0830992 0.0579132 0.0238553 0.00714673 0.00463305 0.00128148 0.00103504 0.000492878 0.000147863 0.000147863 4.92878e-05 0
 0 0 0 0 0 0 0 0 0 0 0 0 0 0 0 0 0 0 0 0 0 0 0 0 0 0
 0 0 0 0 0 0 0 0.0054083 0.00873648 0.0413646 0.0450493 0.0745869 0.0622846 0.0627006 0.0613931 0.0827291 0.12552 0.122667 0.0946155 0.0697135 0.0546179 0.0294188 0.0215738 0.0213955 0.0102223 0.00600262
 0 0 0 0 0.00359764 0.0251062 0.0480494 0.140153 0.205849 0.193036 0.1447 0.116669 0.0760912 0.0342217 0.00950174 0.001854 0.000860785 0 0 0 0.000165536 0 0.000143464 0 0 0
 0 0 0 0 0 0 0 0.000145254 0.000435761 0.0275982 0.070085 0.0708112 0.156366 0.174668 0.174014 0.160142 0.0824315 0.0480064 0.0283245 0.00493863 0.00203355 0 0 0 0 0
 0 0 0 0 0 0 0 0 0 0 0 0 0 0 0 0 0 0 0 0 0 0 0 0 0 0
 0 0 1.00437e-05 0.000401748 0.00122533 0.00171747 0.00176769 0.0269171 0.070346 0.194647 0.189555 0.159765 0.064822 0.0314167 0.0384472 0.0292271 0.0345202 0.0313363 0.0194345 0.0106764 0.0143323 0.0359363 0.0279516 0.0138201 0.00172751 0
 0 0.0021121 0.0136068 0.0755702 0.200478 0.177729 0.0527432 0.0373336 0.0318909 0.0142505 0.0149659 0.0166563 0.0217959 0.0798694 0.0677717 0.0528807 0.04013 0.0224614 0.0357745 0.0225083 0.00881397 0.00855152 0.00135912 0.000746735 0 0
 0 0 0 0 5.4009e-05 0.00500934 0.000945158 0.0243581 0.138947 0.33067 0.221406 0.137944 0.0707744 0.0437923 0.0131692 0.00525238 0.0047753 0.00276346 9.45158e-05 9.00151e-06 2.25038e-05 9.00151e-06 4.50075e-06 0 0 0
 0.000866109 0.00284123 0.00948549 0.0512746 0.133035 0.25785 0.225252 0.132002 0.0553304 0.0519788 0.0540692 0.017754 0.00435017 0.00159236 0.00146478 0.000404838 0.000125132 0.000115318 0.000107957 0.000100596 0 0 0 0 0 0
 0 0 0 0 0.00144013 0.00171154 0.00461396 0.0210425 0.0478622 0.0707936 0.0888783 0.103762 0.0637923 0.0337046 0.0602308 0.124433 0.169614 0.0934646 0.0462172 0.0250306 0.0313229 0.00938855 0.002487 0.000210481 0 0
 0 0.00764035 0.051015 0.0998891 0.058973 0.0496711 0.0374665 0.0718981 0.12319 0.153886 0.159021 0.0857701 0.0377988 0.023471 0.0147837 0.00900784 0.00315554 0.000888139 0.00291439 0.00214683 0.00393193 0.00274676 0.000635225 9.99891e-05 0 0
 0 0 0 0 0 0 0 0 0 0 0 0 0 0 0 0 0 0 0 0 0 0 0 0 0 0
 0 0 0 0 0 0 0 0 0 0 0 0 0 0 0 0 0 0 0 0 0 0 0 0 0 0
 0 0 0 0 0 0 0 0 0 0 0 0 0 0 0 0 0 0 0 0 0 0 0 0 0 0
 0 0 0 0 0 0 0 0 0 0 0 0 0 0 0 0 0 0 0 0 0 0 0 0 0 0
 0 0 0 0 0 0 0 0 0 0 0 0 0 0 0 0 0 0 0 0 0 0 0 0 0 0
 0 0 0 0 0 0 0 0 0 0 0 0 0 0 0 0 0 0 0 0 0 0 0 0 0 0
 0 0 0 0 0 0 0 0 0 0 0 0 0 0 0 0 0 0 0 0 0 0 0 0 0 0
ppred_pel_tallas
 1.11079e-16 4.4748e-05 0.000434966 0.00289051 0.0131398 0.0408829 0.0871059 0.127136 0.12715 0.0871703 0.0411004 0.0137734 0.00450222 0.00402371 0.0070662 0.0121467 0.018738 0.0261498 0.0336123 0.0406198 0.0469566 0.0523112 0.0559019 0.0566039 0.0535867 0.0469522
 1.18124e-16 4.28498e-05 0.000416515 0.00276789 0.0125825 0.0391488 0.0834116 0.121747 0.121772 0.0835359 0.0395662 0.0137893 0.00580227 0.00705813 0.0127105 0.0210949 0.0307573 0.0395215 0.0452602 0.0471548 0.0462299 0.0446067 0.0440398 0.0448714 0.0460628 0.0460485
 1.13344e-16 5.45865e-05 0.0005306 0.00352602 0.0160288 0.0498717 0.106257 0.155089 0.155107 0.106342 0.0501549 0.0168485 0.00558918 0.00505339 0.00870054 0.0144476 0.0211665 0.0273927 0.0316843 0.0334298 0.0332 0.0322777 0.0317436 0.03185 0.0320663 0.0315879
 1.06338e-16 6.20687e-05 0.00060333 0.00400934 0.0182259 0.0567076 0.120822 0.176347 0.176363 0.1209 0.0569694 0.0189827 0.00591114 0.0047618 0.00798027 0.0131499 0.0190704 0.0242728 0.0273128 0.0275541 0.0255448 0.0226141 0.0200164 0.0182942 0.0172381 0.0162874
 1.04028e-16 6.06883e-05 0.000589912 0.00392017 0.0178206 0.0554465 0.118135 0.172426 0.172445 0.11823 0.0557636 0.0187369 0.00622167 0.00561822 0.00962263 0.0158446 0.0228964 0.0289587 0.0322198 0.0318505 0.0284868 0.0237688 0.019321 0.0159741 0.0136834 0.011959
 1.01763e-16 7.16094e-05 0.000696069 0.00462562 0.0210274 0.0654241 0.139393 0.203451 0.20346 0.139439 0.0655776 0.0214709 0.00573982 0.00313158 0.0047065 0.00769213 0.0111317 0.0141197 0.0157825 0.0157153 0.0142077 0.012022 0.00990766 0.00824065 0.00699766 0.00596884
 1.02859e-16 4.73599e-05 0.000460355 0.00305922 0.0139068 0.0432694 0.0921914 0.134563 0.134599 0.0923662 0.0438564 0.0156019 0.00731312 0.00974337 0.0176679 0.0291083 0.0418679 0.0525256 0.0576248 0.0555703 0.0475793 0.0368606 0.0267078 0.0189873 0.0138873 0.0106348
 1.07363e-16 4.59505e-05 0.000446655 0.00296818 0.0134929 0.0419817 0.0894474 0.130556 0.130582 0.0895709 0.0423969 0.0146947 0.00599415 0.00708298 0.0127392 0.0212213 0.0311088 0.0402504 0.0464422 0.0486053 0.0473078 0.0441421 0.0405221 0.0369225 0.0330336 0.0284445
 1.07681e-16 5.90352e-05 0.000573843 0.00381339 0.0173351 0.0539361 0.114917 0.167728 0.167744 0.114993 0.0541905 0.0180713 0.00566596 0.00463364 0.00781581 0.0129512 0.0189453 0.0244551 0.0281565 0.0294636 0.0288466 0.0274168 0.0261206 0.0251995 0.0242547 0.022714
 1.0285e-16 7.05507e-05 0.000685778 0.00455723 0.0207165 0.0644569 0.137333 0.200443 0.200453 0.137382 0.0646223 0.0211946 0.00575812 0.00330992 0.0050621 0.00827809 0.0119691 0.0151629 0.0169234 0.0168314 0.0152302 0.0129789 0.0109134 0.00943759 0.00848341 0.00774724
 1.00836e-16 7.37231e-05 0.000716615 0.00476216 0.0216481 0.0673553 0.143508 0.209456 0.209464 0.14355 0.0674984 0.0220614 0.00579952 0.0029806 0.00437173 0.00710617 0.010219 0.0128286 0.0140904 0.0136167 0.0117039 0.00913189 0.00669908 0.00485499 0.00364033 0.00286282
 1.00796e-16 6.77079e-05 0.000658145 0.00437361 0.0198818 0.0618597 0.131799 0.192368 0.192383 0.131874 0.062112 0.0206102 0.00620143 0.00464633 0.00763613 0.0125014 0.0179651 0.0225125 0.0246466 0.023674 0.0201147 0.0153528 0.0108194 0.00734143 0.00502826 0.0035718
 1.01506e-16 6.3515e-05 0.000617388 0.00410276 0.0186506 0.058029 0.123638 0.180456 0.180475 0.123727 0.0583291 0.0195177 0.00628002 0.00537209 0.00909854 0.0149539 0.0215638 0.0271734 0.0300316 0.0293181 0.0256135 0.020479 0.015503 0.0115654 0.00874492 0.00669726
 1.02407e-16 6.14646e-05 0.000597457 0.00397032 0.0180485 0.0561557 0.119646 0.174631 0.17465 0.11974 0.0564694 0.0189551 0.00624749 0.00557308 0.00952435 0.0156829 0.0226658 0.0286685 0.0318867 0.031476 0.0280295 0.0231305 0.0183625 0.0145606 0.0117421 0.00952459
 1.01946e-16 6.84401e-05 0.000665263 0.0044209 0.0200968 0.0625287 0.133224 0.194447 0.19446 0.133285 0.0627322 0.0206851 0.00589878 0.00389506 0.00621288 0.0101902 0.0147368 0.0186659 0.0208128 0.0206359 0.0185208 0.0154874 0.0125464 0.0102161 0.00848376 0.0070831
 1.00273e-16 7.96446e-05 0.000774173 0.00514465 0.0233869 0.0727652 0.155034 0.226277 0.22628 0.155047 0.072809 0.0235135 0.00546249 0.00146805 0.00139757 0.00218474 0.00314018 0.00395013 0.00435415 0.00423359 0.00367709 0.0029186 0.00219601 0.00164082 0.00126232 0.00100287
 1.00972e-16 3.31974e-05 0.000322691 0.0021444 0.00974815 0.0303304 0.0646242 0.0943325 0.0943881 0.0648957 0.0312419 0.0123795 0.00874413 0.0147124 0.0273099 0.0449602 0.0644436 0.080365 0.0872488 0.0825702 0.0682966 0.0496407 0.0320645 0.01883 0.010485 0.0058882
 1.01273e-16 7.67749e-05 0.000746279 0.00495929 0.0225442 0.0701434 0.149448 0.218124 0.218127 0.149461 0.0701884 0.0226749 0.00528982 0.00147634 0.00148816 0.00240327 0.00360413 0.00484193 0.00590726 0.00668392 0.00717876 0.00745068 0.00750788 0.00727833 0.0066796 0.00571581
 1.01685e-16 5.48195e-05 0.000532865 0.00354108 0.0160973 0.0500847 0.106712 0.155755 0.155785 0.106859 0.0505774 0.0175197 0.00710907 0.00831333 0.0148065 0.024327 0.0348889 0.0435629 0.0474092 0.0450876 0.0376791 0.0279997 0.0189694 0.0122858 0.00815776 0.00588486
 1.03993e-16 5.50976e-05 0.000535568 0.00355904 0.0161789 0.0503387 0.107253 0.156543 0.156564 0.107358 0.0506929 0.0172033 0.00613562 0.00617699 0.010818 0.0179236 0.0261067 0.0334341 0.0379438 0.0386835 0.0362005 0.0320317 0.0276477 0.0237257 0.0201852 0.0167052
 1.03492e-16 6.6057e-05 0.000642097 0.00426696 0.019397 0.0603513 0.128585 0.187677 0.18769 0.128649 0.0605636 0.0200107 0.00580964 0.00401695 0.00649675 0.010692 0.0155287 0.0198101 0.0223618 0.0226457 0.0210582 0.0186095 0.0162531 0.0144029 0.0129294 0.0114867
 1.02377e-16 6.56885e-05 0.000638516 0.00424316 0.0192888 0.0600147 0.127868 0.186631 0.186647 0.127945 0.0602729 0.0200346 0.00611568 0.00472747 0.00783507 0.0128589 0.0185413 0.0233682 0.0258436 0.0252817 0.0222092 0.0179952 0.0140162 0.0110087 0.00898402 0.00756529
 1.06231e-16 2.85908e-05 0.000277913 0.00184683 0.00839546 0.0261217 0.0556568 0.0812434 0.0812939 0.0559036 0.0269502 0.0107891 0.00785753 0.0134068 0.0249848 0.0413168 0.0596482 0.0752841 0.0834378 0.081878 0.0722179 0.0587405 0.0457607 0.0356019 0.0283631 0.0229945
 1.05935e-16 6.59315e-05 0.000640878 0.00425886 0.0193601 0.0602366 0.128341 0.187319 0.187325 0.128375 0.0603505 0.0196911 0.00509699 0.00249508 0.00365956 0.0061345 0.00927243 0.0125864 0.0156049 0.0180837 0.0200673 0.021685 0.0228735 0.0233047 0.0225912 0.0205813
 1.05346e-16 5.61123e-05 0.000545432 0.00362459 0.0164769 0.0512658 0.109228 0.159427 0.159451 0.109349 0.0516703 0.0176451 0.00655668 0.00694501 0.0122071 0.0200863 0.0289216 0.0363671 0.0400886 0.0390533 0.0341687 0.0276849 0.0218416 0.017798 0.0154689 0.0140734
 1.083e-16 4.09345e-05 0.000397898 0.00264418 0.0120201 0.037399 0.0796839 0.116308 0.116341 0.0798467 0.0379461 0.0136017 0.00662028 0.00909776 0.0166222 0.0275683 0.0400669 0.0511333 0.057728 0.0584208 0.0541717 0.0475301 0.0409465 0.0355611 0.0311894 0.0271144
 1.05553e-16 6.60007e-05 0.00064155 0.00426333 0.0193805 0.0602999 0.128476 0.187516 0.187526 0.128523 0.0604591 0.0198414 0.00542482 0.00319225 0.00495499 0.00820509 0.0120917 0.0157949 0.018521 0.0199061 0.0201911 0.0199576 0.0196517 0.0192983 0.0185946 0.0172237
 1.03703e-16 6.20453e-05 0.000603102 0.00400783 0.018219 0.0566862 0.120777 0.176281 0.1763 0.12087 0.0569998 0.0191247 0.00628119 0.00556605 0.00948838 0.015591 0.0224631 0.0282752 0.0312144 0.0304655 0.0267039 0.0216386 0.0169797 0.0136276 0.0115544 0.0102202
 1.07766e-16 3.04655e-05 0.000296136 0.00196793 0.00894594 0.0278344 0.0593058 0.0865682 0.0866142 0.0595305 0.0285891 0.011127 0.00744698 0.0122712 0.0228149 0.037778 0.0546708 0.0692782 0.0772995 0.0767236 0.0689691 0.0578018 0.0469579 0.0383609 0.031978 0.0268395
 1.16891e-16 3.7783e-05 0.000367265 0.0024406 0.0110946 0.0345196 0.0735485 0.10735 0.10737 0.0736456 0.0348467 0.0120442 0.0048425 0.00567165 0.0102915 0.0174254 0.0262045 0.03528 0.0432552 0.0494421 0.054086 0.0577795 0.0606057 0.0618252 0.0603691 0.0556562
 1.05618e-16 7.21524e-05 0.000701347 0.0046607 0.0211869 0.0659202 0.14045 0.204992 0.204998 0.140477 0.0660119 0.0214522 0.00532891 0.00216701 0.00287679 0.00469891 0.00690176 0.00898761 0.010517 0.0113295 0.0116426 0.0118786 0.0123471 0.0130329 0.0136281 0.0137401
pSPR Fmed_Fpbrs
0.550603   0.240867 0.240867
Fs Fmed_Fpbrs
0.360065   1.005 1.005
SSBpbr Bo_Bmed_Bpbrs
1.66441e+06  833210  317682 317682
Ro
141063
SPR SPRFo_SPRFmed_SPRFpbrs
1.00685e+06 554375 242518
Fref
1.005
Nvult_r0
 178127 12999.7 5663.47 7190.74 2324.22
CTP_r0
 29115.6 2853.71 1266.11 1609.1 520.125
YTP_r0
391273
Np
 202105 37625 10665.6 673.867 329.645
Nvult_p0
 164480 32432.5 9227.42 583.118 285.255
CTP_p0
 66640.1 32980.4 2165.83 935.685 1514.91
 66640.1 16056.3 4622.18 292.276 142.983
YTP_p0
 1.14476e+06 871069
CBA_c0
1.06265e+06
log_Ro
11.677
likeval ReclasPelacesDesembMPH_pf_preclas_ppelaces_ptallas_desvR_qrecl_qpela
 10.9572 23.6021 0.0111706 0.0008573 240.439 117.181 99.3877 0 29.5205 8.92577e-07 0 0.0424515 0 0 0
q_reclas_q_pelaces
1.14325 1
M
1
N
 163196 41493.4 95496.8 7368.27 0.229014
 95237.4 52609.7 12622.1 28919.1 2230.85
 93529.2 27406 13590.1 3233.36 7975.98
 104618 26962 7097.56 3490.42 2877.61
 85091 24649.6 5222.92 1354.17 1213.96
 212809 26278.6 7049.07 1484.72 729.806
 71416.7 58922.5 6421.73 1705.99 535.667
 27531.4 13436.9 8256.55 879.516 306.632
 33584.9 8929.81 4123.62 2522.97 362.369
 49565.6 7609.93 1635.24 742.75 519.245
 91725.1 9694.34 1127.55 237.128 182.787
 130637 29939.1 3002.17 347.762 129.482
 106457 30540.6 5734.79 566.243 89.9376
 73777.2 25688.5 6122.87 1133.32 129.574
 68299.1 12893.6 3236.86 752.178 154.93
 444900 14531.3 2156.47 531.358 148.758
 73678.3 114436 3193.8 468.22 147.571
 674413 21766.2 30700.1 850.423 163.902
 379379 198714 5817.23 8143.06 268.934
 280103 103239 47364.8 1372.4 1983.46
 431792 77866.5 25374.8 11531 816.551
 566714 128019 20997.5 6792.45 3303.93
 99396.7 158955 31872.5 5179.59 2489.27
 336946 31109.3 46338.9 9240.49 2222.68
 269568 106889 9246.78 13704.2 3389.17
 118140 85559.2 31795 2736.72 5057.64
 293635 38480.9 26417 9776.3 2396.05
 337914 93014.1 11413.9 7795.79 3591.12
 82142.6 110008 28696.7 3506.79 3497.68
 57922.3 27109.6 34614.2 8996.16 2195.39
 255411 17997.3 7820.77 9928.45 3209.08
pred_Ctot
 12899.7 4611.5 10845 837.73 0.0260392
 13375.1 10192.1 2495.02 5722.59 441.471
 13049.9 5276.41 2669.76 635.868 1568.63
 24648.1 8494.64 2276.33 1120.51 923.825
 8757.91 3541.07 766.251 198.892 178.31
 34053.5 5764.64 1577.04 332.515 163.454
 23272.3 24884.6 2754.48 732.352 229.963
 2080.5 1429.2 897.435 95.7082 33.3695
 8478.94 2997.6 1408.51 862.573 123.896
 15436.7 3087.41 674.052 306.423 214.225
 6601.73 983.139 116.864 24.6054 18.9679
 31224.1 9558.23 975.597 113.117 42.1188
 23957 9223.38 1763.51 174.293 27.6847
 25979.7 11613 2809.33 520.405 59.5013
 19025 4732.88 1208.2 281.01 57.8838
 87087.1 3854.44 582.86 143.761 40.2493
 9338.57 20095 572.425 84.0107 26.4795
 86412.4 3862.14 5559.79 154.179 29.7166
 63967 45804.8 1367.25 1915.88 63.2779
 44259.4 22377.5 10470.9 303.713 438.964
 53911.2 13477.1 4482.87 2039.36 144.423
 86999.7 26998 4516.83 1462.68 711.505
 9500.72 21254.5 4353.12 708.221 340.386
 29681.4 3842.43 5847.17 1167.32 280.8
 23668.1 13160.1 1163.06 1725.68 426.802
 8643.26 8816.92 3348.46 288.548 533.29
 26104.9 4795.61 3363.25 1246.07 305.415
 24825.3 9624.26 1206.94 825.303 380.198
 5389.74 10190.3 2717.11 332.422 331.58
 5768.42 3772.15 4919.12 1279.91 312.362
 29115.6 2853.71 1266.11 1609.1 520.125
F
 0.132052 0.190088 0.194589 0.194832 0.194844
 0.245611 0.353555 0.361927 0.362378 0.362402
 0.243844 0.351011 0.359323 0.359771 0.359795
 0.445555 0.641372 0.656559 0.657378 0.657422
 0.174967 0.251864 0.257828 0.25815 0.258167
 0.284174 0.409066 0.418752 0.419275 0.419302
 0.670525 0.965215 0.98807 0.989303 0.989368
 0.125931 0.181276 0.185568 0.1858 0.185812
 0.484621 0.697608 0.714127 0.715018 0.715065
 0.631755 0.909406 0.93094 0.932102 0.932163
 0.119631 0.172208 0.176285 0.176505 0.176517
 0.453364 0.652614 0.668067 0.668901 0.668944
 0.421695 0.607027 0.6214 0.622176 0.622216
 0.74432 1.07144 1.09681 1.09818 1.09825
 0.547594 0.788257 0.806922 0.807929 0.807982
 0.357829 0.515092 0.527289 0.527947 0.527982
 0.219351 0.315754 0.323231 0.323634 0.323656
 0.221977 0.319533 0.3271 0.327508 0.327529
 0.301486 0.433986 0.444263 0.444817 0.444846
 0.280163 0.403292 0.412842 0.413357 0.413384
 0.215764 0.310591 0.317946 0.318342 0.318363
 0.271231 0.390435 0.39968 0.400178 0.400205
 0.161613 0.232641 0.23815 0.238447 0.238462
 0.148129 0.21323 0.218279 0.218552 0.218566
 0.147611 0.212485 0.217517 0.217788 0.217802
 0.121709 0.175199 0.179347 0.179571 0.179583
 0.149585 0.215326 0.220425 0.2207 0.220715
 0.122243 0.175968 0.180135 0.18036 0.180372
 0.108569 0.156285 0.159985 0.160185 0.160196
 0.168882 0.243104 0.24886 0.249171 0.249187
 0.195392 0.281265 0.287925 0.288284 0.288303
YTP_r0W_actual
 241660 40237.3 34944.6 55031.2 19400.7
YTP_p0W_proyectada
 499134 516802 50095.6 27481.1 51249.3
 499134 251602 106911 8584.14 4837.11
CTP_r0_actual
 29115.6 2853.71 1266.11 1609.1 520.125
CTP_p0_proyectada
 66640.1 32980.4 2165.83 935.685 1514.91
 66640.1 16056.3 4622.18 292.276 142.983
Wmedp
 7.49 15.67 23.13 29.37 33.83
Frms_r0
 0.195392 0.281265 0.287925 0.288284 0.288303
Zrms_r0
 1.19539 1.28126 1.28792 1.28828 1.2883
nmprior
 8.19 8.8 8.5 0
nm_flota  nm_reclas  nm_pelaces    nm_pelaL
inf 14.9486 15.0319 33.8937
cv_recla  cv_pelaces  cv_mph
0.299416 0.550868 0.903591
 ------------------------------------------------
Talla a la edad & desviaci?n 
 8 13.2811 15.8009 17.003 17.5766
 0.8 1.32811 1.58009 1.7003 1.75766
