    unsorted:	 1.020004211e-05 0.0001068746913 0.001099981861 14.28450079 5.474291531 18.03477218 30.27527053 55.88785715 392.5372615 396.1258810 387.4742166 418.7293755 450.1531610 314.5851531 306.4376839 500.3850805 540.4653879 214.7413587 169.1150679 119.1325488 86.42445059 604.5500247 592.7333274 670.2494487 735.3981664 769.5505163 813.1491496 859.5468816 910.4368166 949.4306567 1012.649780 1041.651626 1078.761859 1102.317363 1153.948176 1249.956658 1262.515485 1291.412153 1330.792104 1424.951777 1503.497645 1705.067222 2194.415850 8917.167081 40065.83867 154873.3769 165439.6917 263333.8996 265289.5897 246487.6758 286213.1831 290228.0811 296950.9422 316375.1667 322692.3466 336716.7114 416328.4906 695704.1293 725495.4175 907230.4595 1028717.791 1213434.579 1438830.098 1676100.723 1869626.391 1978792.679 2016063.262 2317177.891 2400228.316 2747709.566 2817783.978 3264670.069 3427702.118 4083417.572 4316402.875 9623574.902 17256941.50
      sorted:	 1.020004211e-05 0.0001068746913 0.001099981861 5.474291531 14.28450079 18.03477218 30.27527053 55.88785715 86.42445059 119.1325488 169.1150679 214.7413587 306.4376839 314.5851531 387.4742166 392.5372615 396.1258810 418.7293755 450.1531610 500.3850805 540.4653879 592.7333274 604.5500247 670.2494487 735.3981664 769.5505163 813.1491496 859.5468816 910.4368166 949.4306567 1012.649780 1041.651626 1078.761859 1102.317363 1153.948176 1249.956658 1262.515485 1291.412153 1330.792104 1424.951777 1503.497645 1705.067222 2194.415850 8917.167081 40065.83867 154873.3769 165439.6917 246487.6758 263333.8996 265289.5897 286213.1831 290228.0811 296950.9422 316375.1667 322692.3466 336716.7114 416328.4906 695704.1293 725495.4175 907230.4595 1028717.791 1213434.579 1438830.098 1676100.723 1869626.391 1978792.679 2016063.262 2317177.891 2400228.316 2747709.566 2817783.978 3264670.069 3427702.118 4083417.572 4316402.875 9623574.902 17256941.50
