years
 1991 1992 1993 1994 1995 1996 1997 1998 1999 2000 2001 2002 2003 2004 2005 2006 2007 2008 2009 2010 2011 2012 2013 2014 2015 2016 2017 2018 2019 2020 2021
reclasobs
 0 0 0 0 0 0 0 0 0 252601 567819 844713 477998 351125 339783 2.1784e+06 2.13404e+06 4.81314e+06 1.55562e+06 2.62356e+06 3.21686e+06 3.843e+06 1.13348e+06 3.07943e+06 1.97215e+06 2.03268e+06 2.025e+06 2.42433e+06 2.27542e+06 1.05018e+06 2.36338e+06
reclaspred
 3.20461e+06 1.76966e+06 897207 916753 925374 1.52997e+06 903735 787934 565694 397541 501849 666533 654687 493427 491360 1.33072e+06 1.22497e+06 3.00226e+06 2.41537e+06 1.77248e+06 3.09466e+06 2.51831e+06 1.95315e+06 3.05366e+06 2.28091e+06 2.01645e+06 2.41313e+06 2.59678e+06 2.09092e+06 1.28899e+06 1.89514e+06
pelacesobs
 0 0 0 0 0 0 0 0 0 0 0 0 0 0 0 552880 188675 0 991730 2.46772e+06 1.41603e+06 1.21717e+06 2.29649e+06 1.80582e+06 0 1.4828e+06 1.56532e+06 1.57751e+06 1.42118e+06 867257 1.10002e+06
pelacespred
 1.77768e+06 1.08081e+06 539891 454262 488823 838283 442606 499034 335665 220128 294874 324087 351720 273684 282365 642175 594297 1.70231e+06 1.39046e+06 937139 1.62589e+06 1.40001e+06 1.10101e+06 1.90473e+06 1.35745e+06 1.20337e+06 1.64645e+06 1.7456e+06 1.15767e+06 803544 1.16745e+06
mphobs
 0 0 0 0 0 0 0 0 0 0 0 498337 0 5186 125008 0 168611 109162 213762 579715 649985 157893 87575 83554 0 0 0 0 0 0 0
mphpred
 489124 327199 159694 88218.1 97389.5 114141 152671 87476.5 78432.4 51434.7 32842 60268.4 64623.8 53535.7 34020.4 43323.1 151139 137579 299493 215807 228895 281216 267733 217045 308106 254308 208331 223696 318002 211673 128318
desembarqueobs
 494567 514787 250237 358949 120608 361735 552515 73892 212993 205616 52469 317467 293654 387597 252695 516296 358380 742168 942051 627588 828172 859565 418607 520667 417249 300574 415391 372974 316634 284311 391294
desembarquepred
 494573 513678 250775 358984 120614 361748 552558 73897.1 213052 205670 52471.9 317535 293700 387607 252681 516242 358406 742040 941799 627409 828253 859566 418613 520694 417243 300574 415388 372951 316621 284317 391299
Reclutas
 179749 99651.2 100629 160198 129039 227060 91518.6 40080.5 38552.1 51721.5 96588.5 134611 112473 78524.6 74804.9 402598 81836.5 642071 359125 284523 400397 546889 110864 323929 277108 122625 274851 310611 91993.3 66126.5 246175
log_desv_Rt
 0.170895 -0.418988 -0.409224 0.0557465 -0.160553 0.404549 -0.504122 -1.32977 -1.36865 -1.07479 -0.450206 -0.118278 -0.297953 -0.657252 -0.705782 0.977275 -0.615941 1.44403 0.863007 0.630151 0.971793 1.28358 -0.31236 0.75986 0.603743 -0.21153 0.595563 0.717877 -0.498949 -0.829095 0.485378
SSB
 2.42493e+06 1.62216e+06 791715 437360 482829 565879 756897 433683 388845 254998 162821 298793 320386 265415 168663 214784 749303 682076 1.4848e+06 1.06991e+06 1.13479e+06 1.39419e+06 1.32734e+06 1.07605e+06 1.5275e+06 1.26079e+06 1.03285e+06 1.10902e+06 1.57656e+06 1.04941e+06 636163
BT
 3.35727e+06 2.29204e+06 1.13757e+06 1.04992e+06 903475 1.69514e+06 1.2257e+06 890813 767143 561958 533359 801368 848166 855312 720724 1.48152e+06 1.26287e+06 3.47557e+06 3.20299e+06 2.11108e+06 3.36513e+06 3.11478e+06 2.18496e+06 3.63968e+06 2.63121e+06 2.25698e+06 3.15131e+06 3.26591e+06 2.17643e+06 1.60555e+06 2.30537e+06
Ftot
 0.174219 0.319762 0.312834 0.472775 0.157304 0.297081 0.671908 0.111975 0.442717 0.602148 0.138147 0.577459 0.540598 0.925826 0.655169 0.522883 0.338073 0.326903 0.462841 0.424295 0.330059 0.41692 0.246462 0.21838 0.217879 0.175298 0.218384 0.1853 0.169981 0.250018 0.268124
BD_Bspro_t
 0.972595 0.807983 0.620792 0.525204 0.519833 0.606806 0.60122 0.419166 0.477351 0.423132 0.384067 0.619092 0.498513 0.404557 0.291602 0.345628 0.533157 0.497155 0.618663 0.509024 0.477386 0.525841 0.542671 0.530293 0.645804 0.655641 0.662307 0.70247 0.754351 0.678036 0.599922
BD_Bspro
 2.2391 1.49784 0.731041 0.403842 0.445827 0.522512 0.698892 0.400448 0.359046 0.235456 0.150343 0.275895 0.295833 0.245074 0.155738 0.198323 0.691879 0.629804 1.37101 0.987917 1.04783 1.28734 1.22562 0.993581 1.41044 1.16416 0.953693 1.02403 1.45574 0.968991 0.58741
BD_Bo
 1.48608 0.994113 0.48519 0.268029 0.295894 0.34679 0.463853 0.265776 0.238298 0.156272 0.0997822 0.183111 0.196344 0.162655 0.103363 0.131627 0.459198 0.417999 0.909937 0.655678 0.695441 0.854406 0.813442 0.659437 0.936105 0.772653 0.632964 0.679645 0.966172 0.643117 0.389863
BD_Brms
 8.373 5.60111 2.73369 1.51015 1.66715 1.95391 2.61347 1.49746 1.34264 0.880478 0.562201 1.0317 1.10625 0.916444 0.582374 0.741621 2.58725 2.35512 5.12684 3.69427 3.91831 4.81396 4.58316 3.71545 5.27427 4.35334 3.56629 3.82931 5.44368 3.6235 2.19659
Sel_flota
 0.73325 0.981213 0.998993 0.999947 0.999997
 0.73325 0.981213 0.998993 0.999947 0.999997
 0.73325 0.981213 0.998993 0.999947 0.999997
 0.73325 0.981213 0.998993 0.999947 0.999997
 0.73325 0.981213 0.998993 0.999947 0.999997
 0.73325 0.981213 0.998993 0.999947 0.999997
 0.73325 0.981213 0.998993 0.999947 0.999997
 0.73325 0.981213 0.998993 0.999947 0.999997
 0.73325 0.981213 0.998993 0.999947 0.999997
 0.73325 0.981213 0.998993 0.999947 0.999997
 0.73325 0.981213 0.998993 0.999947 0.999997
 0.73325 0.981213 0.998993 0.999947 0.999997
 0.73325 0.981213 0.998993 0.999947 0.999997
 0.73325 0.981213 0.998993 0.999947 0.999997
 0.73325 0.981213 0.998993 0.999947 0.999997
 0.73325 0.981213 0.998993 0.999947 0.999997
 0.73325 0.981213 0.998993 0.999947 0.999997
 0.73325 0.981213 0.998993 0.999947 0.999997
 0.73325 0.981213 0.998993 0.999947 0.999997
 0.73325 0.981213 0.998993 0.999947 0.999997
 0.73325 0.981213 0.998993 0.999947 0.999997
 0.73325 0.981213 0.998993 0.999947 0.999997
 0.73325 0.981213 0.998993 0.999947 0.999997
 0.73325 0.981213 0.998993 0.999947 0.999997
 0.73325 0.981213 0.998993 0.999947 0.999997
 0.73325 0.981213 0.998993 0.999947 0.999997
 0.73325 0.981213 0.998993 0.999947 0.999997
 0.73325 0.981213 0.998993 0.999947 0.999997
 0.73325 0.981213 0.998993 0.999947 0.999997
 0.73325 0.981213 0.998993 0.999947 0.999997
 0.73325 0.981213 0.998993 0.999947 0.999997
Sel_reclas
 1 1 1 1 1
 1 1 1 1 1
 1 1 1 1 1
 1 1 1 1 1
 1 1 1 1 1
 1 1 1 1 1
 1 1 1 1 1
 1 1 1 1 1
 1 1 1 1 1
 1 1 1 1 1
 1 1 1 1 1
 1 1 1 1 1
 1 1 1 1 1
 1 1 1 1 1
 1 1 1 1 1
 1 1 1 1 1
 1 1 1 1 1
 1 1 1 1 1
 1 1 1 1 1
 1 1 1 1 1
 1 1 1 1 1
 1 1 1 1 1
 1 1 1 1 1
 1 1 1 1 1
 1 1 1 1 1
 1 1 1 1 1
 1 1 1 1 1
 1 1 1 1 1
 1 1 1 1 1
 1 1 1 1 1
 1 1 1 1 1
Sel_pelaces
 0.997564 1 1 1 1
 0.997564 1 1 1 1
 0.997564 1 1 1 1
 0.997564 1 1 1 1
 0.997564 1 1 1 1
 0.997564 1 1 1 1
 0.997564 1 1 1 1
 0.997564 1 1 1 1
 0.997564 1 1 1 1
 0.997564 1 1 1 1
 0.997564 1 1 1 1
 0.997564 1 1 1 1
 0.997564 1 1 1 1
 0.997564 1 1 1 1
 0.997564 1 1 1 1
 0.997564 1 1 1 1
 0.997564 1 1 1 1
 0.997564 1 1 1 1
 0.997564 1 1 1 1
 0.997564 1 1 1 1
 0.997564 1 1 1 1
 0.997564 1 1 1 1
 0.997564 1 1 1 1
 0.997564 1 1 1 1
 0.997564 1 1 1 1
 0.997564 1 1 1 1
 0.997564 1 1 1 1
 0.997564 1 1 1 1
 0.997564 1 1 1 1
 0.997564 1 1 1 1
 0.997564 1 1 1 1
pf_obs 
 0.8446 0.082 0.0669 0.0065 0
 0.8095 0.147 0.0364 0.0071 0
 0.9664 0.0169 0.016 0.0007 0
 0.9276 0.0648 0.0075 0.0001 0
 0.7033 0.2144 0.0806 0.0017 0
 0.9318 0.0425 0.0243 0.0014 0
 0.5671 0.3108 0.0964 0.0239 0.0018
 0.0768 0.2599 0.5324 0.112 0.0189
 0.490249 0.384438 0.106611 0.0170017 0.00170017
 0.7925 0.1577 0.0466 0.003 0.0002
 0.840416 0.127587 0.0312969 0.00059994 9.999e-05
 0.8084 0.0986 0.0794 0.0134 0.0002
 0.7335 0.1905 0.0724 0.0035 0.0001
 0.4001 0.4547 0.1325 0.0127 0
 0.49795 0.308269 0.164784 0.0264974 0.00249975
 0.9179 0.0499 0.0305 0.0017 0
 0.2467 0.6533 0.0926 0.0074 0
 0.9418 0.0223 0.034 0.0019 0
 0.707729 0.231977 0.0356964 0.0245975 0
 0.517169 0.277429 0.184464 0.0207286 0.00020938
 0.811772 0.124168 0.05621 0.00726502 0.000585176
 0.764997 0.148141 0.077277 0.00933861 0.000247198
 0.163321 0.427699 0.378323 0.0303852 0.000271297
 0.753843 0.0900009 0.118128 0.0371064 0.000921714
 0.721811 0.176058 0.0630433 0.0369309 0.00215725
 0.143369 0.312575 0.442814 0.0836902 0.0175525
 0.692698 0.0596174 0.167031 0.0765114 0.00414204
 0.394062 0.376323 0.152708 0.0712218 0.00568511
 0.125707 0.32114 0.495352 0.0537591 0.00404204
 0.23352 0.215282 0.420074 0.123614 0.00750983
 0.774587 0.0839891 0.0768558 0.0609784 0.00358967
pf_pred 
 0.465111 0.132131 0.378577 0.0241802 8.30535e-07
 0.417966 0.316523 0.0665319 0.187044 0.0119351
 0.572377 0.21402 0.117295 0.0241528 0.0721552
 0.734932 0.172674 0.0467285 0.0250888 0.0205764
 0.652343 0.277444 0.046102 0.0122013 0.0119092
 0.7477 0.181007 0.0571133 0.00931379 0.00486595
 0.465685 0.429822 0.0754017 0.0233104 0.00578095
 0.452483 0.307241 0.194223 0.0332435 0.0128089
 0.538673 0.243358 0.123307 0.0765321 0.0181287
 0.713689 0.178893 0.057269 0.0283843 0.0217643
 0.824273 0.137785 0.0239234 0.00747863 0.0065403
 0.740751 0.223935 0.027802 0.00473795 0.00277358
 0.687179 0.251871 0.0528175 0.00640429 0.00172809
 0.634997 0.277451 0.070814 0.0145077 0.00223096
 0.74701 0.184223 0.0526229 0.0130608 0.00308262
 0.937877 0.0504892 0.0085285 0.00237706 0.000728263
 0.374456 0.597912 0.0225544 0.00372353 0.00135411
 0.90536 0.0429338 0.0494675 0.00182763 0.00041099
 0.584147 0.386967 0.013253 0.014957 0.000676117
 0.610408 0.259279 0.121452 0.00406802 0.0047929
 0.735275 0.182434 0.0551642 0.0252837 0.00184246
 0.745185 0.20251 0.0362808 0.0107455 0.0052781
 0.315542 0.550759 0.106732 0.0187121 0.00825462
 0.737831 0.101518 0.12977 0.0246571 0.00622318
 0.623585 0.299163 0.0302744 0.0379555 0.00902253
 0.426678 0.397498 0.14031 0.0139263 0.0215874
 0.726824 0.137348 0.0947238 0.0328084 0.00829545
 0.683036 0.248831 0.0345919 0.0233984 0.0101427
 0.343201 0.489526 0.131865 0.017986 0.0174217
 0.412931 0.243525 0.257292 0.0680101 0.0182428
 0.821411 0.0880525 0.0379971 0.039359 0.0131804
pobs_RECLAS
 0 0 0 0 0
 0 0 0 0 0
 0 0 0 0 0
 0 0 0 0 0
 0 0 0 0 0
 0 0 0 0 0
 0 0 0 0 0
 0 0 0 0 0
 0 0 0 0 0
 0 0 0 0 0
 0.991045 0.00858322 0.000360255 1.14367e-05 0
 0.934742 0.0480273 0.0164251 0.00080598 0
 0.827803 0.169806 0.00239088 0 0
 0.941827 0.0461693 0.0120037 0 0
 0.791401 0.0380133 0.147996 0.0225897 0
 0.846168 0.0940531 0.0597789 0 0
 0.134021 0.677848 0.182769 0.00536245 0
 0.80878 0.0450904 0.141981 0.00414843 0
 0.846168 0.0940531 0.0597789 0 0
 0.905697 0.0802665 0.012482 0.00150086 5.37128e-05
 0.989698 0.0102097 9.19794e-05 0 0
 0.975433 0.0193895 0.00387452 0.00125025 5.28907e-05
 0.303575 0.632131 0.0575291 0.00676475 0
 0.966965 0.00978017 0.0227588 0.000495775 0
 0.843318 0.132988 0.00938335 0.0141283 0.000182051
 0.564624 0.303363 0.111486 0.0197234 0.00080311
 0.826376 0.0876187 0.0782897 0.00655872 0.00115652
 0.89761 0.0855135 0.0140674 0.00269457 0.000114338
 0.34875 0.467042 0.161289 0.0227151 0.000203297
 0.318654 0.224769 0.449479 0.00709798 0
 0.937255 0.0296025 0.0250945 0.00804832 0
ppred_RECLAS
 0.542231 0.114647 0.322541 0.0205811 7.06877e-07
 0.494284 0.27744 0.057244 0.160774 0.0102583
 0.645724 0.178995 0.0962957 0.0198093 0.0591761
 0.791028 0.137052 0.0363923 0.0195196 0.016008
 0.716668 0.226954 0.0370312 0.00979115 0.00955626
 0.800664 0.143762 0.0445296 0.00725454 0.0037899
 0.544557 0.367787 0.0632706 0.0195397 0.00484556
 0.527759 0.267129 0.16583 0.0283564 0.0109254
 0.61482 0.205042 0.101951 0.0632135 0.014973
 0.773861 0.142345 0.0446965 0.0221303 0.0169679
 0.863418 0.107518 0.0183318 0.00572512 0.00500655
 0.795925 0.176741 0.0215244 0.00366438 0.002145
 0.749845 0.202167 0.0415907 0.00503788 0.00135931
 0.707346 0.223551 0.0559028 0.0114404 0.00175918
 0.802134 0.144852 0.040578 0.0100609 0.00237445
 0.95367 0.0377895 0.00626258 0.00174373 0.000534201
 0.447135 0.528878 0.0195825 0.0032297 0.00117446
 0.928781 0.0326379 0.0369125 0.00136243 0.000306361
 0.655974 0.320558 0.0107728 0.0121457 0.000549004
 0.680966 0.21366 0.0982163 0.00328647 0.00387188
 0.79038 0.145305 0.043128 0.0197475 0.00143896
 0.798934 0.160418 0.0282044 0.00834514 0.00409884
 0.383811 0.497617 0.0946753 0.0165821 0.00731462
 0.792914 0.0811015 0.101787 0.0193213 0.00487624
 0.69108 0.246468 0.0244886 0.0306718 0.00729073
 0.501397 0.347644 0.120492 0.0119477 0.0185194
 0.783187 0.11002 0.0744978 0.0257778 0.00651746
 0.744103 0.201696 0.0275316 0.0186046 0.00806431
 0.413588 0.43911 0.116146 0.0158266 0.0153292
 0.489112 0.214241 0.222224 0.0586831 0.0157402
 0.862177 0.0686086 0.0290654 0.0300776 0.0100718
pobs_PELACES
 0 0 0 0 0
 0 0 0 0 0
 0 0 0 0 0
 0 0 0 0 0
 0 0 0 0 0
 0 0 0 0 0
 0 0 0 0 0
 0 0 0 0 0
 0 0 0 0 0
 0 0 0 0 0
 0 0 0 0 0
 0 0 0 0 0
 0 0 0 0 0
 0 0 0 0 0
 0 0 0 0 0
 0 0 0 0 0
 0.505614 0.472636 0.0217494 0 0
 0 0 0 0 0
 0.443492 0.261883 0.143347 0.151278 0
 0.227955 0.32914 0.350689 0.0885471 0.00366901
 0.970185 0.0296113 0.000203453 0 0
 0.997202 0.00247181 0.000326279 0 0
 0.445219 0.490057 0.0546422 0.010081 0
 0.90214 0.0892962 0.00764917 0.000914606 0
 0 0 0 0 0
 0.581667 0.319106 0.0959925 0.00289975 0.000334073
 0.762889 0.0836404 0.116647 0.0363945 0.000428098
 0.88444 0.0763242 0.0277011 0.0115352 0
 0.521256 0.241999 0.230069 0.00667565 0
 0.616807 0.101726 0.260614 0.0208532 0
 0.833518 0.0704572 0.0857862 0.0102388 0
ppred_PELACES
 0.545353 0.113952 0.32026 0.0204344 7.01838e-07
 0.500436 0.274307 0.0564914 0.158644 0.0101223
 0.651215 0.176384 0.0947174 0.0194827 0.0582001
 0.797115 0.133191 0.0352689 0.0189142 0.0155114
 0.718819 0.225273 0.036723 0.00970918 0.00947623
 0.804208 0.141275 0.0436829 0.00711595 0.00371748
 0.557744 0.357413 0.0612439 0.0189098 0.00468931
 0.529506 0.266217 0.165156 0.0282401 0.0108805
 0.623082 0.200894 0.099629 0.0617653 0.0146299
 0.78218 0.137292 0.042958 0.0212655 0.0163047
 0.864481 0.106701 0.0181776 0.00567672 0.00496421
 0.80318 0.170536 0.0206985 0.00352313 0.0020623
 0.757715 0.195927 0.0401792 0.00486608 0.00131294
 0.722549 0.212212 0.0527798 0.0107981 0.00166039
 0.810291 0.139026 0.0387964 0.00961718 0.0022697
 0.955445 0.0363627 0.00600767 0.00167248 0.000512368
 0.4534 0.52293 0.0193239 0.00318671 0.00115882
 0.93044 0.0319109 0.0360212 0.00132939 0.000298931
 0.663968 0.313169 0.0104959 0.0118318 0.000534812
 0.688114 0.209045 0.0958558 0.00320705 0.0037783
 0.79452 0.142522 0.0422199 0.0193297 0.00140851
 0.804053 0.156412 0.0274329 0.0081158 0.00398617
 0.388079 0.494309 0.0939101 0.0164468 0.0072549
 0.795564 0.0801266 0.100435 0.0190633 0.00481111
 0.694413 0.243875 0.0242 0.0303082 0.00720427
 0.504452 0.345623 0.119668 0.0118654 0.0183918
 0.785903 0.108711 0.0735173 0.0254367 0.00643121
 0.746563 0.199804 0.0272437 0.018409 0.00797951
 0.416434 0.43709 0.115496 0.0157372 0.0152426
 0.493831 0.212445 0.220038 0.0581014 0.0155841
 0.864573 0.0674707 0.0285384 0.0295297 0.00988827
pobs_pel_tallas
 0 0 0 0 0 0 0 0 0 0 0 0 0 0 0 0 0 0 0 0 0 0 0 0 0 0
 0 0 0 0 0 0 0 0 0 0 0 0 0 0 0 0 0 0 0 0 0 0 0 0 0 0
 0 0 0 0 0 0 0 0 0 0 0 0 0 0 0 0 0 0 0 0 0 0 0 0 0 0
 0 0 0 0 0 0 0 0 0 0 0 0 0 0 0 0 0 0 0 0 0 0 0 0 0 0
 0 0 0 0 0 0 0 0 0 0 0 0 0 0 0 0 0 0 0 0 0 0 0 0 0 0
 0 0 0 0 0 0 0 0 0 0 0 0 0 0 0 0 0 0 0 0 0 0 0 0 0 0
 0 0 0 0 0 0 0 0 0 0 0 0 0 0 0 0 0 0 0 0 0 0 0 0 0 0
 0 0 0 0 0 0 0 0 0 0 0 0 0 0 0 0 0 0 0 0 0 0 0 0 0 0
 0 0 0 0 0 0 0 0 0 0 0 0 0 0 0 0 0 0 0 0 0 0 0 0 0 0
 0 0 0 0 0 0 0 0 0 0 0 0 0 0 0 0 0 0 0 0 0 0 0 0 0 0
 0 0 0 0 0 0 0 0 0 0 0 0 0 0 0 0 0 0 0 0 0 0 0 0 0 0
 0 0 0 0 0 0 0 0 0 0 0 0 0 0 0 0 0 0 0 0 0 0 0 0 0 0
 0.00862536 0 0 0.000197151 0.00414017 0.0128641 0.00837892 0.0270097 0.101434 0.158115 0.152841 0.127902 0.109271 0.109419 0.0830992 0.0579132 0.0238553 0.00714673 0.00463305 0.00128148 0.00103504 0.000492878 0.000147863 0.000147863 4.92878e-05 0
 0 0 0 0 0 0 0 0 0 0 0 0 0 0 0 0 0 0 0 0 0 0 0 0 0 0
 0 0 0 0 0 0 0 0.0054083 0.00873648 0.0413646 0.0450493 0.0745869 0.0622846 0.0627006 0.0613931 0.0827291 0.12552 0.122667 0.0946155 0.0697135 0.0546179 0.0294188 0.0215738 0.0213955 0.0102223 0.00600262
 0 0 0 0 0.00359764 0.0251062 0.0480494 0.140153 0.205849 0.193036 0.1447 0.116669 0.0760912 0.0342217 0.00950174 0.001854 0.000860785 0 0 0 0.000165536 0 0.000143464 0 0 0
 0 0 0 0 0 0 0 0.000145254 0.000435761 0.0275982 0.070085 0.0708112 0.156366 0.174668 0.174014 0.160142 0.0824315 0.0480064 0.0283245 0.00493863 0.00203355 0 0 0 0 0
 0 0 0 0 0 0 0 0 0 0 0 0 0 0 0 0 0 0 0 0 0 0 0 0 0 0
 0 0 1.00437e-05 0.000401748 0.00122533 0.00171747 0.00176769 0.0269171 0.070346 0.194647 0.189555 0.159765 0.064822 0.0314167 0.0384472 0.0292271 0.0345202 0.0313363 0.0194345 0.0106764 0.0143323 0.0359363 0.0279516 0.0138201 0.00172751 0
 0 0.0021121 0.0136068 0.0755702 0.200478 0.177729 0.0527432 0.0373336 0.0318909 0.0142505 0.0149659 0.0166563 0.0217959 0.0798694 0.0677717 0.0528807 0.04013 0.0224614 0.0357745 0.0225083 0.00881397 0.00855152 0.00135912 0.000746735 0 0
 0 0 0 0 5.4009e-05 0.00500934 0.000945158 0.0243581 0.138947 0.33067 0.221406 0.137944 0.0707744 0.0437923 0.0131692 0.00525238 0.0047753 0.00276346 9.45158e-05 9.00151e-06 2.25038e-05 9.00151e-06 4.50075e-06 0 0 0
 0.000866109 0.00284123 0.00948549 0.0512746 0.133035 0.25785 0.225252 0.132002 0.0553304 0.0519788 0.0540692 0.017754 0.00435017 0.00159236 0.00146478 0.000404838 0.000125132 0.000115318 0.000107957 0.000100596 0 0 0 0 0 0
 0 0 0 0 0.00144013 0.00171154 0.00461396 0.0210425 0.0478622 0.0707936 0.0888783 0.103762 0.0637923 0.0337046 0.0602308 0.124433 0.169614 0.0934646 0.0462172 0.0250306 0.0313229 0.00938855 0.002487 0.000210481 0 0
 0 0.00764035 0.051015 0.0998891 0.058973 0.0496711 0.0374665 0.0718981 0.12319 0.153886 0.159021 0.0857701 0.0377988 0.023471 0.0147837 0.00900784 0.00315554 0.000888139 0.00291439 0.00214683 0.00393193 0.00274676 0.000635225 9.99891e-05 0 0
 0 0 0 0 0 0 0 0 0 0 0 0 0 0 0 0 0 0 0 0 0 0 0 0 0 0
 0 0 0 0 0 0 0 0 0 0 0 0 0 0 0 0 0 0 0 0 0 0 0 0 0 0
 0 0 0 0 0 0 0 0 0 0 0 0 0 0 0 0 0 0 0 0 0 0 0 0 0 0
 0 0 0 0 0 0 0 0 0 0 0 0 0 0 0 0 0 0 0 0 0 0 0 0 0 0
 0 0 0 0 0 0 0 0 0 0 0 0 0 0 0 0 0 0 0 0 0 0 0 0 0 0
 0 0 0 0 0 0 0 0 0 0 0 0 0 0 0 0 0 0 0 0 0 0 0 0 0 0
 0 0 0 0 0 0 0 0 0 0 0 0 0 0 0 0 0 0 0 0 0 0 0 0 0 0
ppred_pel_tallas
 1.11321e-16 4.492e-05 0.000436639 0.00290162 0.0131903 0.0410401 0.0874407 0.127625 0.127636 0.087497 0.0412302 0.0137455 0.0043179 0.00360366 0.00627977 0.0108833 0.0170036 0.0241449 0.0317275 0.0393186 0.0465932 0.052985 0.0574274 0.0586004 0.0556274 0.0486994
 1.19324e-16 4.12203e-05 0.000400676 0.00266263 0.012104 0.0376601 0.0802397 0.117118 0.117144 0.0803693 0.0380956 0.0133631 0.00582814 0.0073278 0.0132493 0.0219842 0.0320321 0.0411182 0.0470228 0.0489067 0.0478712 0.0461738 0.0456817 0.046759 0.0482864 0.0485602
 1.14582e-16 5.36398e-05 0.000521398 0.00346487 0.0157508 0.0490067 0.104415 0.1524 0.152417 0.104498 0.0492883 0.0165656 0.00551629 0.00502061 0.00866089 0.0143996 0.0211358 0.027436 0.0318903 0.0339061 0.0340477 0.0335625 0.0334742 0.0339718 0.0344696 0.0341275
 1.05574e-16 6.56573e-05 0.000638213 0.00424115 0.0192796 0.0599862 0.127807 0.186541 0.186554 0.12787 0.0601975 0.0198905 0.00577613 0.00399499 0.00645853 0.0106212 0.0154098 0.019632 0.0221284 0.0223931 0.0208735 0.0186418 0.0167009 0.0154696 0.0147535 0.0140741
 1.03695e-16 5.92082e-05 0.000575525 0.00382457 0.0173859 0.0540942 0.115254 0.168222 0.168243 0.11536 0.0544507 0.0184156 0.00640962 0.00622045 0.0107852 0.0177504 0.0255986 0.0322656 0.0356907 0.0349312 0.0307196 0.0249523 0.0195347 0.0154836 0.0128065 0.0109665
 1.0264e-16 6.62416e-05 0.000643892 0.00427889 0.0194512 0.06052 0.128945 0.188202 0.188215 0.129012 0.0607442 0.0200993 0.00590739 0.00420499 0.00684725 0.0112616 0.0163251 0.0207563 0.0232896 0.0233322 0.0212913 0.0182481 0.0152588 0.0128414 0.0109531 0.00930563
 1.04549e-16 4.59407e-05 0.00044656 0.00296755 0.0134901 0.0419728 0.0894288 0.130531 0.130566 0.0895972 0.0425384 0.0151239 0.00706977 0.00940496 0.0170691 0.0281714 0.0406375 0.0512303 0.0566765 0.0554646 0.0487301 0.0394478 0.0306125 0.0238326 0.0191528 0.0157919
 1.09508e-16 4.36148e-05 0.000423951 0.0028173 0.0128071 0.0398477 0.0849007 0.12392 0.123946 0.0850272 0.040273 0.014038 0.00591712 0.00722389 0.0130548 0.0217666 0.0319436 0.0414094 0.0479396 0.0504639 0.0495885 0.0469426 0.0439313 0.040953 0.037572 0.0332483
 1.11597e-16 5.13225e-05 0.000498873 0.00331519 0.0150704 0.0468896 0.099904 0.145817 0.145836 0.0999993 0.0472101 0.0159977 0.00564959 0.00561733 0.00983902 0.0163625 0.0239905 0.0310811 0.0360038 0.0380493 0.0378162 0.0366741 0.0357448 0.0352324 0.0345272 0.0328225
 1.06167e-16 6.44271e-05 0.000626255 0.00416168 0.0189184 0.0588623 0.125413 0.183046 0.18306 0.125478 0.0590803 0.0195488 0.00574647 0.0040937 0.00667323 0.0109932 0.0159813 0.0204258 0.0231453 0.0236231 0.0223086 0.0202747 0.0185068 0.0173876 0.0166836 0.0158977
 1.01962e-16 7.12062e-05 0.000692149 0.00459958 0.020909 0.0650557 0.138609 0.202305 0.202316 0.138659 0.0652246 0.0213968 0.00582439 0.00336706 0.00515473 0.00841823 0.012142 0.0153174 0.0169694 0.016655 0.0147223 0.0120663 0.00958175 0.00773817 0.00652591 0.00567986
 1.01344e-16 6.61569e-05 0.000643069 0.00427342 0.0194263 0.0604427 0.12878 0.187962 0.187978 0.12886 0.0607122 0.0202048 0.00622719 0.00490719 0.00816157 0.0133803 0.0192499 0.0241677 0.0265461 0.0256512 0.0220353 0.01716 0.0125245 0.00897698 0.00660375 0.00505914
 1.0192e-16 6.2412e-05 0.000606667 0.00403152 0.0183267 0.0570213 0.121491 0.177323 0.177342 0.121583 0.0573315 0.0192229 0.00628204 0.00552245 0.0094067 0.0154738 0.0223336 0.0281852 0.0312293 0.0306232 0.0269616 0.0218393 0.0168687 0.0129269 0.0100706 0.00793502
 1.02942e-16 5.95155e-05 0.000578512 0.00384441 0.0174762 0.0543749 0.115852 0.169094 0.169115 0.115952 0.0547113 0.0184481 0.00628583 0.00591397 0.0102096 0.0168287 0.0243402 0.0308239 0.0343559 0.0340365 0.0304976 0.0254208 0.0204772 0.0165316 0.0135777 0.011194
 1.02504e-16 6.67426e-05 0.000648762 0.00431125 0.0195983 0.0609778 0.12992 0.189625 0.189638 0.129986 0.0611983 0.0202356 0.00591249 0.00414939 0.00673009 0.0110599 0.0160179 0.0203364 0.022766 0.0227256 0.0206264 0.0175514 0.0145607 0.0121786 0.0103631 0.00881634
 1.00438e-16 7.86987e-05 0.00076498 0.00508356 0.0231091 0.0719011 0.153193 0.22359 0.223594 0.15321 0.0719586 0.0232753 0.00550081 0.0016761 0.00180984 0.00286946 0.00413059 0.00520403 0.00575154 0.00561866 0.0049211 0.00396268 0.00305021 0.0023499 0.00186855 0.00152783
 1.01208e-16 3.73461e-05 0.000363017 0.00241238 0.0109664 0.0341207 0.0726996 0.106118 0.106168 0.0729454 0.0349457 0.0133482 0.0083867 0.0133904 0.0247355 0.0407204 0.0583893 0.0728646 0.0792004 0.0751157 0.0623826 0.0456949 0.029961 0.0180975 0.0105761 0.00636054
 1.01232e-16 7.66391e-05 0.000744959 0.00495052 0.0225043 0.0700193 0.149184 0.217739 0.217742 0.149199 0.0700708 0.0226536 0.00532762 0.00157586 0.00167712 0.00270961 0.00403095 0.00534874 0.00641029 0.00708167 0.00739153 0.00745153 0.00732833 0.00698928 0.0063614 0.00543281
 1.01661e-16 5.46903e-05 0.000531609 0.00353273 0.0160593 0.0499666 0.10646 0.155388 0.155418 0.106607 0.0504607 0.0174859 0.00711112 0.00833503 0.0148507 0.024402 0.0350011 0.0437121 0.0475876 0.0452821 0.0378752 0.0281837 0.019129 0.0124097 0.00823739 0.00591776
 1.03781e-16 5.66791e-05 0.000550941 0.0036612 0.0166433 0.0517835 0.110331 0.161036 0.161056 0.11043 0.0521162 0.0176055 0.00608123 0.00584979 0.0101666 0.016838 0.0245285 0.0314202 0.0356719 0.0363897 0.0340862 0.0302008 0.0261088 0.0224401 0.0191153 0.0158327
 1.03432e-16 6.54436e-05 0.000636135 0.00422734 0.0192169 0.059791 0.127392 0.185935 0.185948 0.127459 0.0600172 0.0198707 0.00587055 0.00422982 0.00690991 0.0113712 0.016496 0.0210028 0.0236309 0.0238027 0.0219472 0.0191612 0.0164912 0.0144109 0.0128055 0.0113121
 1.02321e-16 6.62288e-05 0.000643768 0.00427806 0.0194475 0.0605084 0.12892 0.188166 0.188181 0.128994 0.0607559 0.0201626 0.0060736 0.00456509 0.00751846 0.0123378 0.0177978 0.0224479 0.0248567 0.0243668 0.0214781 0.0174927 0.0137176 0.0108478 0.00888985 0.00748712
 1.05714e-16 3.19657e-05 0.000310718 0.00206483 0.00938645 0.029205 0.0622261 0.0908308 0.0908785 0.0624591 0.0299874 0.0116469 0.00774069 0.0127071 0.0235924 0.0389978 0.0562797 0.0709912 0.0786035 0.0770087 0.067741 0.0548694 0.0424998 0.0328537 0.0260369 0.0210504
 1.05645e-16 6.55296e-05 0.000636971 0.0042329 0.0192421 0.0598695 0.127559 0.186177 0.186185 0.127597 0.0599992 0.0196187 0.00518502 0.00273868 0.00412521 0.00689442 0.0103423 0.0138792 0.0169291 0.0191991 0.0207739 0.0218919 0.0226143 0.0227016 0.0217993 0.0197436
 1.0502e-16 5.71979e-05 0.000555984 0.00369471 0.0167956 0.0522576 0.111341 0.162511 0.162534 0.111456 0.0526431 0.0179091 0.00648936 0.00665627 0.0116419 0.0191555 0.0275924 0.0347188 0.0383127 0.0373875 0.0327978 0.0266703 0.0211202 0.0172392 0.014947 0.0135158
 1.07845e-16 4.15511e-05 0.000403892 0.002684 0.0122011 0.0379624 0.0808841 0.11806 0.118093 0.0810474 0.0385113 0.0137879 0.00667258 0.00912901 0.016665 0.0276229 0.0401103 0.0511146 0.0575703 0.0580385 0.0534989 0.0465492 0.0397024 0.0341531 0.0297443 0.0257526
 1.05789e-16 6.47338e-05 0.000629236 0.00418149 0.0190085 0.0591425 0.12601 0.183917 0.183928 0.126061 0.0593164 0.0195122 0.00545089 0.00341652 0.00540608 0.00896072 0.0131986 0.0172248 0.0201664 0.0216206 0.0218483 0.0214888 0.0210403 0.0205472 0.0196978 0.0181623
 1.04034e-16 6.14935e-05 0.000597738 0.00397218 0.018057 0.0561821 0.119703 0.174713 0.174733 0.119797 0.0564981 0.0189699 0.00626397 0.00560175 0.00956831 0.0157306 0.02268 0.0285816 0.0316166 0.0309682 0.0273137 0.0223618 0.0178127 0.0145465 0.0125129 0.0111576
 1.07603e-16 3.43012e-05 0.00033342 0.0022157 0.0100723 0.0313388 0.0667721 0.0974647 0.0975069 0.0669784 0.0320317 0.0120749 0.0072467 0.0113298 0.0209587 0.0346999 0.0502287 0.0636775 0.0711062 0.0706757 0.0636905 0.0536014 0.0438214 0.0360915 0.0303537 0.0256951
 1.14869e-16 4.06763e-05 0.000395388 0.00262749 0.0119442 0.037163 0.0791804 0.11557 0.115591 0.0792821 0.0375055 0.0129376 0.00513631 0.0059232 0.0106893 0.0180016 0.026854 0.0357187 0.0430275 0.0480237 0.0510591 0.053005 0.0543091 0.0545565 0.052854 0.048604
 1.05476e-16 7.12137e-05 0.000692223 0.00460007 0.0209112 0.0650626 0.138623 0.202326 0.202332 0.138655 0.0651702 0.0212224 0.00538341 0.00240958 0.00335482 0.00549301 0.00805062 0.010441 0.0121308 0.0129112 0.0130216 0.0129564 0.0131023 0.0134927 0.0138376 0.0137485
pSPR Fmed_Fpbrs
0.577846   0.227485 0.227485
Fs Fmed_Fpbrs
0.315658   1.005 1.005
SSBpbr Bo_Bmed_Bpbrs
1.63176e+06  861320  289614 289614
Ro
151512
SPR SPRFo_SPRFmed_SPRFpbrs
1.083e+06 625806 246366
Fref
1.005
Nvult_r0
 171776 14525 6179.63 6396.29 2141.88
CTP_r0
 28222.8 3025.39 1305.54 1352.33 452.865
YTP_r0
391299
Np
 198499 74398.9 5726.8 2420.33 3208.9
Nvult_p0
 163550 64189.4 4954.85 2094.39 2776.79
CTP_p0
 69389 31870.4 2482.35 1049.78 1391.86
YTP_p0
 1.17188e+06
CBA_c0
625474
log_Ro
11.7484
likeval ReclasPelacesDesembMPH_pf_preclas_ppelaces_ptallas_desvR_qrecl_qpela
 13.2216 17.1128 0.0486525 0.000817188 241.088 117.712 98.7808 0 23.7929 7.05975e-07 5.50064e-06 0.24768 0 0 0
q_reclas_q_pelaces
1.12644 1.39609
M
1
N
 179749 38835 109426 6982.95 0.239837
 99651.2 58195.9 12041.7 33825.1 2158.25
 100629 28997.5 15643.6 3218.57 9614.85
 160198 29431.2 7847.96 4210.33 3452.93
 129039 41668.7 6808.44 1800.3 1757.12
 227060 42299.2 13136.6 2140.45 1118.22
 91518.6 67180.3 11626.3 3591.67 890.697
 40080.5 20570.7 12782.7 2185.92 842.209
 38552.1 13582.5 6780.12 4204.83 995.983
 51721.5 10251.1 3236.16 1602.76 1228.9
 96588.5 12235.6 2088.72 652.362 570.485
 134611 32109.9 3930.62 669.346 391.817
 112473 32426.1 6702.98 812.141 219.133
 78524.6 27835.7 7018.31 1436.92 220.959
 74804.9 14651.6 4128.38 1023.91 241.654
 402598 17021.5 2834 789.289 241.805
 81836.5 100941 3748.74 618.371 224.868
 642071 23496 26650.7 983.821 221.228
 359125 185861 6271.84 7072.69 319.701
 284523 94094 43417.1 1453.09 1711.95
 400397 76684.7 22827.6 10454 761.766
 546889 115635 20406.3 6039.03 2966.19
 110864 148197 28257.4 4949.78 2183.44
 323929 34041.7 42807.3 8126.59 2050.96
 277108 101534 10107.8 12661.3 3009.62
 122625 86890.4 30162.9 2991.13 4636.39
 274851 39670.1 26913.9 9313.74 2354.83
 310611 86150.6 11779 7960.4 3450.52
 91993.3 99750.3 26424.2 3600.97 3487.82
 66126.5 29876.7 31058.8 8202.75 2200.18
 246175 20251.8 8599.95 8900.58 2980.47
pred_Ctot
 13768.9 3911.53 11207.2 715.819 0.0245868
 13419.5 10162.5 2136.11 6005.32 383.193
 13284.5 4967.26 2722.32 560.57 1674.67
 30512.2 7168.92 1940.03 1041.61 854.274
 8970.16 3815.05 633.935 167.776 163.76
 28597.7 6923.07 2184.45 356.23 186.111
 23417.2 21613.8 3791.62 1172.18 290.698
 2010.55 1365.19 863.003 147.713 56.9147
 6935.65 3133.34 1587.63 985.384 233.414
 12094.1 3031.51 970.477 480.999 368.816
 5930.68 991.37 172.13 53.8091 47.0578
 30396.6 9189.14 1140.85 194.421 113.813
 24025.9 8806.2 1846.66 223.914 60.4193
 25827.6 11284.9 2880.26 590.079 90.7413
 18751.1 4624.3 1320.92 327.848 77.3786
 83602.9 4500.64 760.236 211.893 64.9178
 11589.3 18505.1 698.05 115.242 41.909
 88210.2 4183.08 4819.68 178.068 40.0432
 67154.9 44486.7 1523.6 1719.49 77.728
 49318 20948.5 9812.69 328.676 387.243
 55487.9 13767.5 4162.99 1908.05 139.042
 93346.3 25367.6 4544.75 1346.05 661.167
 11758.2 20523.3 3977.22 697.281 307.597
 30696.1 4223.48 5398.84 1025.81 258.904
 26202.9 12570.8 1272.13 1594.88 379.125
 9448.41 8802.24 3107.04 308.385 478.034
 26045.8 4921.87 3394.43 1175.69 297.268
 25222.8 9188.71 1277.4 864.044 374.546
 6884.09 9819.15 2645.02 360.772 349.452
 7107.1 4191.39 4428.34 1170.54 313.983
 28222.8 3025.39 1305.54 1352.33 452.865
F
 0.127746 0.170946 0.174043 0.174209 0.174218
 0.234466 0.313755 0.319441 0.319745 0.319762
 0.229385 0.306956 0.312519 0.312817 0.312833
 0.346662 0.463893 0.472299 0.47275 0.472774
 0.115343 0.154349 0.157146 0.157296 0.157304
 0.217835 0.2915 0.296782 0.297065 0.29708
 0.492676 0.659284 0.671231 0.671872 0.671906
 0.0821053 0.109871 0.111862 0.111969 0.111974
 0.324622 0.434399 0.442271 0.442693 0.442716
 0.441525 0.590835 0.601541 0.602116 0.602146
 0.101296 0.135552 0.138008 0.13814 0.138147
 0.423422 0.566611 0.576878 0.577429 0.577458
 0.396393 0.530442 0.540054 0.540569 0.540597
 0.678862 0.908432 0.924894 0.925777 0.925823
 0.480403 0.64286 0.65451 0.655134 0.655167
 0.383404 0.513059 0.522356 0.522855 0.522881
 0.247892 0.331722 0.337733 0.338055 0.338072
 0.239701 0.320761 0.326574 0.326885 0.326902
 0.339378 0.454145 0.462375 0.462816 0.462839
 0.311114 0.416323 0.423868 0.424272 0.424294
 0.242016 0.323858 0.329727 0.330042 0.330058
 0.305706 0.409087 0.4165 0.416898 0.416919
 0.180718 0.241831 0.246213 0.246448 0.246461
 0.160127 0.214277 0.21816 0.218368 0.218379
 0.15976 0.213786 0.21766 0.217867 0.217878
 0.128538 0.172005 0.175122 0.175289 0.175298
 0.16013 0.214281 0.218164 0.218372 0.218383
 0.135871 0.181819 0.185113 0.18529 0.185299
 0.124638 0.166787 0.169809 0.169971 0.16998
 0.183326 0.245321 0.249766 0.250005 0.250017
 0.196602 0.263086 0.267854 0.268109 0.268123
YTP_r0W_actual
 239894 49313.9 37730.2 47061.2 17299.4
YTP_p0W_proyectada
 521805 513750 58037.4 30968.5 47323.1
CTP_r0_actual
 28222.8 3025.39 1305.54 1352.33 452.865
CTP_p0_proyectada
 69389 31870.4 2482.35 1049.78 1391.86
Wmedp
 7.52 16.12 23.38 29.5 34
Frms_r0
 0.196602 0.263086 0.267854 0.268109 0.268123
Zrms_r0
 1.1966 1.26309 1.26785 1.26811 1.26812
nmprior
 8.19 8.8 8.5 0
nm_flota  nm_reclas  nm_pelaces    nm_pelaL
inf 12.9774 19.9983 49.1238
cv_recla  cv_pelaces  cv_mph
0.328902 0.469064 0.882198
 ------------------------------------------------
Talla a la edad & desviaci?n 
 8 13.2811 15.8009 17.003 17.5766
 0.8 1.32811 1.58009 1.7003 1.75766
