years
 1991 1992 1993 1994 1995 1996 1997 1998 1999 2000 2001 2002 2003 2004 2005 2006 2007 2008 2009 2010 2011 2012 2013 2014 2015 2016 2017 2018 2019 2020 2021
reclasobs
 0 0 0 0 0 0 0 0 0 252601 567819 844713 477998 351125 339783 2.1784e+06 2.13404e+06 4.81314e+06 1.55562e+06 2.62356e+06 3.21686e+06 3.843e+06 1.13348e+06 3.07943e+06 1.97215e+06 2.03268e+06 2.025e+06 2.42433e+06 2.27542e+06 1.05018e+06 2.36338e+06
reclaspred
 2.00614e+06 998440 485439 23316.1 413046 894324 262364 24574.2 296647 291406 67763.2 385840 522449 239696 143903 773663 1.04154e+06 2.55323e+06 2.5698e+06 889236 1.82724e+06 1.88148e+06 1.15e+06 2.03612e+06 1.97973e+06 1.10779e+06 1.15123e+06 2.3316e+06 3.03269e+06 1.26913e+06 457598
pelacesobs
 0 0 0 0 0 0 0 0 0 0 0 0 0 0 0 552880 188675 0 991730 2.46772e+06 1.41603e+06 1.21717e+06 2.29649e+06 1.80582e+06 0 1.4828e+06 1.56532e+06 1.57751e+06 1.42118e+06 867257 1.10002e+06
pelacespred
 926470 482763 227254 2573.03 157761 331845 82720.3 7073.98 129968 114960 35945.6 155841 209728 95526.4 58054 304727 412485 1.23545e+06 1.20663e+06 430624 832748 854236 527289 1.05223e+06 1.01064e+06 560200 638806 1.26941e+06 1.3739e+06 738303 221754
mphobs
 0 0 0 0 0 0 0 0 0 0 0 498337 0 5186 125008 0 168611 109162 213762 579715 649985 157893 87575 83554 0 0 0 0 0 0 0
mphpred
 2.1137e+06 1.03931e+06 608471 117044 1868.58 665250 473676 55028.4 4719.38 342705 103192 30563.6 465311 264563 97288.2 95909.6 997478 606904 2.83714e+06 1.27168e+06 512957 1.78246e+06 1.28197e+06 653037 2.07147e+06 1.2497e+06 588530 981950 2.86206e+06 1.65796e+06 599347
desembarqueobs
 494567 514787 250237 358949 120608 361735 552515 73892 212993 205616 52469 317467 293654 387597 252695 516296 358380 742168 942051 627588 828172 859565 418607 520667 417249 300574 415391 372974 316634 284311 391294
desembarquepred
 494427 515723 250570 357414 120544 361230 550931 73687.4 212819 205384 52391.6 316777 293341 386097 252960 516648 358990 740451 940693 626621 827065 857135 417550 520190 417130 300366 414750 373075 316538 284426 390099
Reclutas
 623.53 184908 1267.77 3993 323015 81662.1 214.449 92.9908 107882 203.07 4732.12 296659 59605.5 51345.2 50312.4 538566 1020.52 1.22467e+06 72517.7 10297.9 708662 363822 4167.4 540900 147361 17744.1 304987 642741 5775.69 1785.93 37692.4
log_desv_Rt
 -3.73517 1.95705 -3.02555 -1.87826 2.51489 1.13978 -4.80249 -5.63806 1.41824 -4.85701 -1.70843 2.42978 0.824941 0.675765 0.655445 3.0261 -3.2425 3.84762 1.02102 -0.930865 3.30057 2.63386 -1.83552 3.03043 1.73008 -0.386753 2.45746 3.20294 -1.50915 -2.68287 0.366652
SSB
 2.1137e+06 1.03931e+06 608471 117044 1868.58 665250 473676 55028.4 4719.38 342705 103192 30563.6 465311 264563 97288.2 95909.6 997478 606904 2.83714e+06 1.27168e+06 512957 1.78246e+06 1.28197e+06 653037 2.07147e+06 1.2497e+06 588530 981950 2.86206e+06 1.65796e+06 599347
BT
 2.57557e+06 1.85224e+06 772134 314003 809828 1.18826e+06 719251 90921.8 782916 445895 151816 960132 825280 708271 481912 1.73999e+06 1.2364e+06 5.7653e+06 3.78402e+06 1.67906e+06 4.11659e+06 3.14718e+06 1.60911e+06 4.69105e+06 2.92206e+06 1.63389e+06 2.83347e+06 5.16573e+06 3.42977e+06 2.02119e+06 1.02773e+06
Ftot
 0.231546 0.475304 0.472362 4.91647 0.276646 0.374937 1.60569 2.07871 0.666623 0.632268 0.691023 0.757401 0.513641 1.34145 1.48627 0.62011 0.320847 0.274164 0.340263 0.632459 0.423369 0.421385 0.337417 0.241769 0.198787 0.254268 0.338263 0.152189 0.0993007 0.210987 0.758048
BD_Bspro_t
 0.963631 0.735321 0.564926 0.18998 0.00553701 0.690072 0.478881 0.0928577 0.0153635 0.523809 0.295691 0.189467 0.583829 0.376392 0.188305 0.199597 0.600058 0.471886 0.74545 0.53952 0.31348 0.594003 0.548704 0.438655 0.723108 0.665888 0.556595 0.69217 0.849042 0.766903 0.572762
BD_Bspro
 11.32 5.56602 3.25868 0.626829 0.0100072 3.56275 2.53678 0.294705 0.0252747 1.83536 0.552643 0.163684 2.49198 1.41687 0.521028 0.513645 5.34201 3.25028 15.1944 6.8105 2.74715 9.54597 6.86559 3.49735 11.0938 6.69276 3.15188 5.25884 15.3278 8.87924 3.20981
BD_Bo
 1.11927 0.550342 0.322203 0.061978 0.000989469 0.352269 0.250825 0.0291391 0.00249904 0.181472 0.0546428 0.0161843 0.246396 0.140094 0.0515169 0.0507869 0.528193 0.321373 1.50235 0.673391 0.271625 0.943862 0.678838 0.345802 1.0969 0.661749 0.311643 0.51997 1.51554 0.877939 0.317371
BD_Brms
 4.75126 2.33619 1.36774 0.263095 0.00420027 1.49537 1.06475 0.123695 0.0106084 0.770344 0.231958 0.068702 1.04594 0.594695 0.218688 0.215589 2.24217 1.36422 6.37744 2.85853 1.15304 4.00667 2.88165 1.46792 4.65632 2.80911 1.32292 2.20726 6.43344 3.72683 1.34723
Sel_flota
 0.5 1 1 1 1
 0.5 1 1 1 1
 0.5 1 1 1 1
 0.5 1 1 1 1
 0.5 1 1 1 1
 0.5 1 1 1 1
 0.5 1 1 1 1
 0.5 1 1 1 1
 0.5 1 1 1 1
 0.5 1 1 1 1
 0.5 1 1 1 1
 0.5 1 1 1 1
 0.5 1 1 1 1
 0.5 1 1 1 1
 0.5 1 1 1 1
 0.5 1 1 1 1
 0.5 1 1 1 1
 0.5 1 1 1 1
 0.5 1 1 1 1
 0.5 1 1 1 1
 0.5 1 1 1 1
 0.5 1 1 1 1
 0.5 1 1 1 1
 0.5 1 1 1 1
 0.5 1 1 1 1
 0.5 1 1 1 1
 0.5 1 1 1 1
 0.5 1 1 1 1
 0.5 1 1 1 1
 0.5 1 1 1 1
 0.5 1 1 1 1
Sel_reclas
 0.5 1 1 1 1
 0.5 1 1 1 1
 0.5 1 1 1 1
 0.5 1 1 1 1
 0.5 1 1 1 1
 0.5 1 1 1 1
 0.5 1 1 1 1
 0.5 1 1 1 1
 0.5 1 1 1 1
 0.5 1 1 1 1
 0.5 1 1 1 1
 0.5 1 1 1 1
 0.5 1 1 1 1
 0.5 1 1 1 1
 0.5 1 1 1 1
 0.5 1 1 1 1
 0.5 1 1 1 1
 0.5 1 1 1 1
 0.5 1 1 1 1
 0.5 1 1 1 1
 0.5 1 1 1 1
 0.5 1 1 1 1
 0.5 1 1 1 1
 0.5 1 1 1 1
 0.5 1 1 1 1
 0.5 1 1 1 1
 0.5 1 1 1 1
 0.5 1 1 1 1
 0.5 1 1 1 1
 0.5 1 1 1 1
 0.5 1 1 1 1
Sel_pelaces
 0.5 1 1 1 1
 0.5 1 1 1 1
 0.5 1 1 1 1
 0.5 1 1 1 1
 0.5 1 1 1 1
 0.5 1 1 1 1
 0.5 1 1 1 1
 0.5 1 1 1 1
 0.5 1 1 1 1
 0.5 1 1 1 1
 0.5 1 1 1 1
 0.5 1 1 1 1
 0.5 1 1 1 1
 0.5 1 1 1 1
 0.5 1 1 1 1
 0.5 1 1 1 1
 0.5 1 1 1 1
 0.5 1 1 1 1
 0.5 1 1 1 1
 0.5 1 1 1 1
 0.5 1 1 1 1
 0.5 1 1 1 1
 0.5 1 1 1 1
 0.5 1 1 1 1
 0.5 1 1 1 1
 0.5 1 1 1 1
 0.5 1 1 1 1
 0.5 1 1 1 1
 0.5 1 1 1 1
 0.5 1 1 1 1
 0.5 1 1 1 1
pf_obs 
 0.8446 0.082 0.0669 0.0065 0
 0.8095 0.147 0.0364 0.0071 0
 0.9664 0.0169 0.016 0.0007 0
 0.9276 0.0648 0.0075 0.0001 0
 0.7033 0.2144 0.0806 0.0017 0
 0.9318 0.0425 0.0243 0.0014 0
 0.5671 0.3108 0.0964 0.0239 0.0018
 0.0768 0.2599 0.5324 0.112 0.0189
 0.490249 0.384438 0.106611 0.0170017 0.00170017
 0.7925 0.1577 0.0466 0.003 0.0002
 0.840416 0.127587 0.0312969 0.00059994 9.999e-05
 0.8084 0.0986 0.0794 0.0134 0.0002
 0.7335 0.1905 0.0724 0.0035 0.0001
 0.4001 0.4547 0.1325 0.0127 0
 0.49795 0.308269 0.164784 0.0264974 0.00249975
 0.9179 0.0499 0.0305 0.0017 0
 0.2467 0.6533 0.0926 0.0074 0
 0.9418 0.0223 0.034 0.0019 0
 0.707729 0.231977 0.0356964 0.0245975 0
 0.517169 0.277429 0.184464 0.0207286 0.00020938
 0.811772 0.124168 0.05621 0.00726502 0.000585176
 0.764997 0.148141 0.077277 0.00933861 0.000247198
 0.163321 0.427699 0.378323 0.0303852 0.000271297
 0.753843 0.0900009 0.118128 0.0371064 0.000921714
 0.721811 0.176058 0.0630433 0.0369309 0.00215725
 0.143369 0.312575 0.442814 0.0836902 0.0175525
 0.692698 0.0596174 0.167031 0.0765114 0.00414204
 0.394062 0.376323 0.152708 0.0712218 0.00568511
 0.125707 0.32114 0.495352 0.0537591 0.00404204
 0.23352 0.215282 0.420074 0.123614 0.00750983
 0.774587 0.0839891 0.0768558 0.0609784 0.00358967
pf_pred 
 0.00189583 0.616682 0.295522 0.0806331 0.00526747
 0.668064 0.00134552 0.204256 0.0978823 0.0284518
 0.0105549 0.814411 0.000709512 0.107707 0.0666176
 0.178026 0.0197651 0.660298 0.000575249 0.141336
 0.999023 0.000735624 5.80673e-06 0.000193986 4.16917e-05
 0.298148 0.701536 0.000237772 1.87688e-06 7.61772e-05
 0.00272826 0.486231 0.510811 0.00017313 5.68336e-05
 0.0165302 0.00912904 0.475051 0.499065 0.000224676
 0.996949 0.00019705 2.64915e-05 0.00137855 0.00144889
 0.0040068 0.994755 7.99409e-05 1.07473e-05 0.00114706
 0.324194 0.00654776 0.668427 5.37163e-05 0.000777987
 0.986903 0.0071149 5.79581e-05 0.00591664 7.3619e-06
 0.30474 0.691639 0.00196726 1.60253e-05 0.00163798
 0.491065 0.257707 0.249919 0.000710857 0.000597664
 0.714847 0.213825 0.0361179 0.0350264 0.00018339
 0.968453 0.0281228 0.00256777 0.00043373 0.000422826
 0.00368052 0.983099 0.0117854 0.00107608 0.000358957
 0.942291 0.00046572 0.0564836 0.000677127 8.24493e-05
 0.0876429 0.887325 0.000202015 0.0245009 0.000329482
 0.0433363 0.167885 0.767137 0.000174652 0.0214671
 0.932614 0.00668738 0.010652 0.0486735 0.00137313
 0.475876 0.507983 0.00160175 0.00255136 0.0119871
 0.0136563 0.664374 0.312055 0.000983959 0.00893099
 0.867035 0.00395415 0.0868982 0.0408159 0.00129685
 0.288815 0.663824 0.00140844 0.0309525 0.0150003
 0.0809316 0.425365 0.460825 0.000977735 0.0319003
 0.819191 0.0288691 0.0703213 0.0761836 0.0054354
 0.76089 0.217436 0.00346054 0.00842943 0.00978369
 0.0115595 0.859352 0.117387 0.00186824 0.00983271
 0.0107237 0.0232636 0.839853 0.114724 0.0114355
 0.453212 0.0123367 0.012568 0.453727 0.0681569
pobs_RECLAS
 0 0 0 0 0
 0 0 0 0 0
 0 0 0 0 0
 0 0 0 0 0
 0 0 0 0 0
 0 0 0 0 0
 0 0 0 0 0
 0 0 0 0 0
 0 0 0 0 0
 0 0 0 0 0
 0.991045 0.00858322 0.000360255 1.14367e-05 0
 0.934742 0.0480273 0.0164251 0.00080598 0
 0.827803 0.169806 0.00239088 0 0
 0.941827 0.0461693 0.0120037 0 0
 0.791401 0.0380133 0.147996 0.0225897 0
 0.846168 0.0940531 0.0597789 0 0
 0.134021 0.677848 0.182769 0.00536245 0
 0.80878 0.0450904 0.141981 0.00414843 0
 0.846168 0.0940531 0.0597789 0 0
 0.905697 0.0802665 0.012482 0.00150086 5.37128e-05
 0.989698 0.0102097 9.19794e-05 0 0
 0.975433 0.0193895 0.00387452 0.00125025 5.28907e-05
 0.303575 0.632131 0.0575291 0.00676475 0
 0.966965 0.00978017 0.0227588 0.000495775 0
 0.843318 0.132988 0.00938335 0.0141283 0.000182051
 0.564624 0.303363 0.111486 0.0197234 0.00080311
 0.826376 0.0876187 0.0782897 0.00655872 0.00115652
 0.89761 0.0855135 0.0140674 0.00269457 0.000114338
 0.34875 0.467042 0.161289 0.0227151 0.000203297
 0.318654 0.224769 0.449479 0.00709798 0
 0.937255 0.0296025 0.0250945 0.00804832 0
ppred_RECLAS
 0.0019169 0.616668 0.295516 0.0806314 0.00526736
 0.67382 0.00132219 0.200714 0.0961851 0.0279585
 0.0108285 0.814186 0.000709316 0.107677 0.0665992
 0.308242 0.016634 0.555694 0.000484118 0.118946
 0.999036 0.000725703 5.72842e-06 0.00019137 4.11295e-05
 0.302241 0.697445 0.000236386 1.86594e-06 7.57329e-05
 0.003126 0.486037 0.510607 0.000173061 5.6811e-05
 0.020118 0.00909574 0.473318 0.497245 0.000223856
 0.997069 0.000189315 2.54516e-05 0.00132443 0.00139201
 0.00415922 0.994603 7.99286e-05 1.07456e-05 0.00114688
 0.333486 0.00645773 0.659236 5.29778e-05 0.00076729
 0.987504 0.00678866 5.53007e-05 0.00564535 7.02434e-06
 0.310861 0.685549 0.00194994 1.58842e-05 0.00162356
 0.517334 0.244405 0.23702 0.000674165 0.000566815
 0.739035 0.195687 0.0330541 0.0320553 0.000167834
 0.969551 0.0271441 0.00247841 0.000418636 0.000408111
 0.00374031 0.98304 0.0117847 0.00107601 0.000358935
 0.943018 0.000459852 0.0557721 0.000668597 8.14106e-05
 0.0890397 0.885966 0.000201706 0.0244634 0.000328977
 0.0449179 0.167608 0.765868 0.000174364 0.0214316
 0.93402 0.00654785 0.0104298 0.0476579 0.00134448
 0.481482 0.502551 0.00158462 0.00252407 0.0118589
 0.0138895 0.664217 0.311981 0.000983727 0.00892888
 0.86837 0.00391444 0.0860256 0.0404061 0.00128382
 0.290732 0.662034 0.00140464 0.0308691 0.0149598
 0.0818532 0.424938 0.460363 0.000976755 0.0318683
 0.821727 0.028464 0.0693346 0.0751147 0.00535914
 0.762147 0.216293 0.00344235 0.00838511 0.00973225
 0.0116094 0.859309 0.117381 0.00186815 0.00983222
 0.0108299 0.0232611 0.839763 0.114711 0.0114342
 0.465031 0.0120701 0.0122963 0.443919 0.0666836
pobs_PELACES
 0 0 0 0 0
 0 0 0 0 0
 0 0 0 0 0
 0 0 0 0 0
 0 0 0 0 0
 0 0 0 0 0
 0 0 0 0 0
 0 0 0 0 0
 0 0 0 0 0
 0 0 0 0 0
 0 0 0 0 0
 0 0 0 0 0
 0 0 0 0 0
 0 0 0 0 0
 0 0 0 0 0
 0 0 0 0 0
 0.505614 0.472636 0.0217494 0 0
 0 0 0 0 0
 0.443492 0.261883 0.143347 0.151278 0
 0.227955 0.32914 0.350689 0.0885471 0.00366901
 0.970185 0.0296113 0.000203453 0 0
 0.997202 0.00247181 0.000326279 0 0
 0.445219 0.490057 0.0546422 0.010081 0
 0.90214 0.0892962 0.00764917 0.000914606 0
 0 0 0 0 0
 0.581667 0.319106 0.0959925 0.00289975 0.000334073
 0.762889 0.0836404 0.116647 0.0363945 0.000428098
 0.88444 0.0763242 0.0277011 0.0115352 0
 0.521256 0.241999 0.230069 0.00667565 0
 0.616807 0.101726 0.260614 0.0208532 0
 0.833518 0.0704572 0.0857862 0.0102388 0
ppred_PELACES
 0.0019914 0.616622 0.295494 0.0806254 0.00526696
 0.690816 0.0012533 0.190256 0.0911731 0.0265016
 0.0116959 0.813472 0.000708694 0.107583 0.0665408
 0.500716 0.0120057 0.401078 0.000349418 0.0858506
 0.999079 0.000693352 5.47305e-06 0.000182839 3.92959e-05
 0.315445 0.684246 0.000231912 1.83063e-06 7.42998e-05
 0.00407042 0.485577 0.510123 0.000172897 5.67572e-05
 0.0281178 0.00902148 0.469453 0.493185 0.000222028
 0.997373 0.000169648 2.28076e-05 0.00118684 0.0012474
 0.00461445 0.994149 7.98921e-05 1.07407e-05 0.00114636
 0.359291 0.00620771 0.633713 5.09266e-05 0.000737583
 0.988955 0.00599996 4.88758e-05 0.00498947 6.20825e-06
 0.329302 0.667205 0.00189776 1.54592e-05 0.00158011
 0.572169 0.216639 0.210093 0.000597575 0.000502421
 0.783502 0.162343 0.0274219 0.0265932 0.000139236
 0.972431 0.0245769 0.00224401 0.000379043 0.000369513
 0.00394285 0.98284 0.0117823 0.00107579 0.000358862
 0.945401 0.000440624 0.05344 0.00064064 7.80065e-05
 0.0936999 0.881434 0.000200674 0.0243383 0.000327294
 0.0496136 0.166784 0.762103 0.000173506 0.0213263
 0.938197 0.00613336 0.00976955 0.0446411 0.00125937
 0.498855 0.485712 0.00153153 0.0024395 0.0114615
 0.0146731 0.663689 0.311733 0.000982945 0.00892179
 0.872863 0.00378082 0.0830891 0.0390268 0.00124
 0.297542 0.655678 0.00139115 0.0305727 0.0148162
 0.085062 0.423453 0.458754 0.000973341 0.031757
 0.829757 0.0271819 0.0662116 0.0717313 0.00511775
 0.766669 0.212181 0.0033769 0.00822569 0.00954721
 0.0117989 0.859144 0.117359 0.00186779 0.00983033
 0.0112093 0.0232521 0.839441 0.114667 0.0114298
 0.496244 0.0113658 0.0115789 0.418019 0.062793
pobs_pel_tallas
 0 0 0 0 0 0 0 0 0 0 0 0 0 0 0 0 0 0 0 0 0 0 0 0 0 0
 0 0 0 0 0 0 0 0 0 0 0 0 0 0 0 0 0 0 0 0 0 0 0 0 0 0
 0 0 0 0 0 0 0 0 0 0 0 0 0 0 0 0 0 0 0 0 0 0 0 0 0 0
 0 0 0 0 0 0 0 0 0 0 0 0 0 0 0 0 0 0 0 0 0 0 0 0 0 0
 0 0 0 0 0 0 0 0 0 0 0 0 0 0 0 0 0 0 0 0 0 0 0 0 0 0
 0 0 0 0 0 0 0 0 0 0 0 0 0 0 0 0 0 0 0 0 0 0 0 0 0 0
 0 0 0 0 0 0 0 0 0 0 0 0 0 0 0 0 0 0 0 0 0 0 0 0 0 0
 0 0 0 0 0 0 0 0 0 0 0 0 0 0 0 0 0 0 0 0 0 0 0 0 0 0
 0 0 0 0 0 0 0 0 0 0 0 0 0 0 0 0 0 0 0 0 0 0 0 0 0 0
 0 0 0 0 0 0 0 0 0 0 0 0 0 0 0 0 0 0 0 0 0 0 0 0 0 0
 0 0 0 0 0 0 0 0 0 0 0 0 0 0 0 0 0 0 0 0 0 0 0 0 0 0
 0 0 0 0 0 0 0 0 0 0 0 0 0 0 0 0 0 0 0 0 0 0 0 0 0 0
 0.00862536 0 0 0.000197151 0.00414017 0.0128641 0.00837892 0.0270097 0.101434 0.158115 0.152841 0.127902 0.109271 0.109419 0.0830992 0.0579132 0.0238553 0.00714673 0.00463305 0.00128148 0.00103504 0.000492878 0.000147863 0.000147863 4.92878e-05 0
 0 0 0 0 0 0 0 0 0 0 0 0 0 0 0 0 0 0 0 0 0 0 0 0 0 0
 0 0 0 0 0 0 0 0.0054083 0.00873648 0.0413646 0.0450493 0.0745869 0.0622846 0.0627006 0.0613931 0.0827291 0.12552 0.122667 0.0946155 0.0697135 0.0546179 0.0294188 0.0215738 0.0213955 0.0102223 0.00600262
 0 0 0 0 0.00359764 0.0251062 0.0480494 0.140153 0.205849 0.193036 0.1447 0.116669 0.0760912 0.0342217 0.00950174 0.001854 0.000860785 0 0 0 0.000165536 0 0.000143464 0 0 0
 0 0 0 0 0 0 0 0.000145254 0.000435761 0.0275982 0.070085 0.0708112 0.156366 0.174668 0.174014 0.160142 0.0824315 0.0480064 0.0283245 0.00493863 0.00203355 0 0 0 0 0
 0 0 0 0 0 0 0 0 0 0 0 0 0 0 0 0 0 0 0 0 0 0 0 0 0 0
 0 0 1.00437e-05 0.000401748 0.00122533 0.00171747 0.00176769 0.0269171 0.070346 0.194647 0.189555 0.159765 0.064822 0.0314167 0.0384472 0.0292271 0.0345202 0.0313363 0.0194345 0.0106764 0.0143323 0.0359363 0.0279516 0.0138201 0.00172751 0
 0 0.0021121 0.0136068 0.0755702 0.200478 0.177729 0.0527432 0.0373336 0.0318909 0.0142505 0.0149659 0.0166563 0.0217959 0.0798694 0.0677717 0.0528807 0.04013 0.0224614 0.0357745 0.0225083 0.00881397 0.00855152 0.00135912 0.000746735 0 0
 0 0 0 0 5.4009e-05 0.00500934 0.000945158 0.0243581 0.138947 0.33067 0.221406 0.137944 0.0707744 0.0437923 0.0131692 0.00525238 0.0047753 0.00276346 9.45158e-05 9.00151e-06 2.25038e-05 9.00151e-06 4.50075e-06 0 0 0
 0.000866109 0.00284123 0.00948549 0.0512746 0.133035 0.25785 0.225252 0.132002 0.0553304 0.0519788 0.0540692 0.017754 0.00435017 0.00159236 0.00146478 0.000404838 0.000125132 0.000115318 0.000107957 0.000100596 0 0 0 0 0 0
 0 0 0 0 0.00144013 0.00171154 0.00461396 0.0210425 0.0478622 0.0707936 0.0888783 0.103762 0.0637923 0.0337046 0.0602308 0.124433 0.169614 0.0934646 0.0462172 0.0250306 0.0313229 0.00938855 0.002487 0.000210481 0 0
 0 0.00764035 0.051015 0.0998891 0.058973 0.0496711 0.0374665 0.0718981 0.12319 0.153886 0.159021 0.0857701 0.0377988 0.023471 0.0147837 0.00900784 0.00315554 0.000888139 0.00291439 0.00214683 0.00393193 0.00274676 0.000635225 9.99891e-05 0 0
 0 0 0 0 0 0 0 0 0 0 0 0 0 0 0 0 0 0 0 0 0 0 0 0 0 0
 0 0 0 0 0 0 0 0 0 0 0 0 0 0 0 0 0 0 0 0 0 0 0 0 0 0
 0 0 0 0 0 0 0 0 0 0 0 0 0 0 0 0 0 0 0 0 0 0 0 0 0 0
 0 0 0 0 0 0 0 0 0 0 0 0 0 0 0 0 0 0 0 0 0 0 0 0 0 0
 0 0 0 0 0 0 0 0 0 0 0 0 0 0 0 0 0 0 0 0 0 0 0 0 0 0
 0 0 0 0 0 0 0 0 0 0 0 0 0 0 0 0 0 0 0 0 0 0 0 0 0 0
 0 0 0 0 0 0 0 0 0 0 0 0 0 0 0 0 0 0 0 0 0 0 0 0 0 0
ppred_pel_tallas
 1.17662e-16 1.64159e-07 1.59574e-06 1.06071e-05 4.82552e-05 0.00015046 0.000322778 0.000483628 0.000543403 0.000615016 0.00113271 0.00288974 0.00715984 0.0156639 0.029909 0.0498731 0.0728461 0.0937097 0.107184 0.110772 0.106058 0.0972155 0.0880376 0.079933 0.0721353 0.0633042
 1.19119e-16 5.69016e-05 0.000553104 0.00367557 0.0167086 0.0519867 0.110763 0.161662 0.161663 0.110766 0.0519956 0.0167387 0.00376757 0.000808914 0.000705553 0.00150674 0.00318429 0.00617297 0.0109509 0.0177794 0.0264313 0.0360156 0.0450549 0.05186 0.0550727 0.0541207
 1.22278e-16 9.63549e-07 9.36612e-06 6.2245e-05 0.000283005 0.000880952 0.00187985 0.00276011 0.00283838 0.00226224 0.00216452 0.0039888 0.00935853 0.0202849 0.0384571 0.0634524 0.0911442 0.114141 0.12501 0.120565 0.10396 0.0827712 0.0645631 0.0532788 0.0485375 0.0473455
 1.26141e-16 4.12433e-05 0.0004009 0.00266412 0.0121107 0.0376809 0.0802833 0.117176 0.117178 0.0802923 0.0377131 0.0122119 0.0029487 0.00112365 0.00171177 0.00354339 0.00692026 0.0125128 0.0209374 0.032367 0.0461145 0.0604302 0.072778 0.0806175 0.0823479 0.0778945
 1.00026e-16 8.22928e-05 0.000799915 0.00531572 0.0241645 0.0751847 0.160189 0.2338 0.233801 0.160189 0.0751858 0.0241677 0.00532365 0.000817225 0.000115147 6.00612e-05 7.84131e-05 9.82503e-05 0.000108406 0.000106068 9.40098e-05 7.86394e-05 6.61393e-05 5.93933e-05 5.74895e-05 5.73664e-05
 1.00195e-16 2.5983e-05 0.000252564 0.00167838 0.0076297 0.0237392 0.0505813 0.0738387 0.0739045 0.0509027 0.0248179 0.0107433 0.0094863 0.0172716 0.0322728 0.053114 0.0760449 0.0946491 0.102409 0.0963273 0.0787698 0.0560021 0.0346228 0.0186219 0.00872342 0.00357049
 1.14873e-16 3.35378e-07 3.26004e-06 2.16664e-05 9.85214e-05 0.000306791 0.000655401 0.000966518 0.00101399 0.000887697 0.00108871 0.00236552 0.00574425 0.0126015 0.0242354 0.0408657 0.060719 0.0801777 0.0953669 0.104196 0.107148 0.106101 0.102374 0.095815 0.0855947 0.0716522
 1.63047e-16 2.31603e-06 2.25127e-05 0.000149605 0.000680082 0.002116 0.00450842 0.00658052 0.00658229 0.00451748 0.00214913 0.000787758 0.000465671 0.000866335 0.00206406 0.00463341 0.00960604 0.0183948 0.0325213 0.0530243 0.0796407 0.110125 0.140207 0.164474 0.177981 0.177901
 1.00331e-16 8.21523e-05 0.00079855 0.00530664 0.0241232 0.0750563 0.159915 0.233401 0.233401 0.159916 0.0750566 0.0241241 0.00530877 0.000803342 9.17626e-05 2.31354e-05 2.91436e-05 4.54752e-05 6.98802e-05 0.000106714 0.000161554 0.000238212 0.000335088 0.000442658 0.000544031 0.000619123
 1.00452e-16 3.80293e-07 3.69668e-06 2.45704e-05 0.000111752 0.000348215 0.000745443 0.00110804 0.00120363 0.00121241 0.00191548 0.00463557 0.0113687 0.0247308 0.0468519 0.077167 0.110486 0.137518 0.148796 0.139967 0.114474 0.0814209 0.0503982 0.0272007 0.0128743 0.00543796
 1.1842e-16 2.95943e-05 0.000287668 0.00191165 0.00869009 0.0270381 0.0576076 0.0840803 0.0840819 0.0576158 0.0270683 0.00878968 0.00220828 0.00108916 0.00200133 0.00442944 0.00908418 0.0170292 0.0291352 0.0454232 0.0644269 0.0830166 0.0970694 0.102915 0.0988857 0.0860858
 1.00505e-16 8.1459e-05 0.00079181 0.00526186 0.0239196 0.0744229 0.158566 0.231432 0.231432 0.158569 0.0744324 0.0239471 0.0053308 0.000942512 0.000368323 0.000481974 0.000691868 0.000883503 0.00100418 0.00103794 0.00101361 0.000986229 0.00100062 0.00106396 0.00114482 0.00119454
 1.00495e-16 2.71243e-05 0.000263658 0.0017521 0.00796484 0.0247819 0.0528029 0.0770808 0.077145 0.0531163 0.0258338 0.0110011 0.00936624 0.0168608 0.0314759 0.0518037 0.0741779 0.0923454 0.0999561 0.0940897 0.0770543 0.0549532 0.0342097 0.0186997 0.00911519 0.0041225
 1.06264e-16 4.71288e-05 0.000458109 0.0030443 0.0138389 0.0430582 0.0917408 0.133903 0.133924 0.0918443 0.0434065 0.0148484 0.00559125 0.00606117 0.0108138 0.0181282 0.0268622 0.0353337 0.0417873 0.0452912 0.0461033 0.0451517 0.0431378 0.0400926 0.0356846 0.0298479
 1.03524e-16 6.45361e-05 0.000627314 0.00416872 0.0189504 0.0589619 0.125625 0.183357 0.183372 0.125702 0.0592189 0.019693 0.00603344 0.00470075 0.00780909 0.0128308 0.0185339 0.023434 0.0260713 0.0257925 0.0231391 0.0194616 0.0160772 0.0136255 0.0120051 0.0107452
 1.00172e-16 8.00978e-05 0.000778579 0.00517393 0.02352 0.0731793 0.155916 0.227565 0.227567 0.155928 0.0732181 0.0236321 0.00545523 0.00139233 0.00124475 0.00192849 0.00276427 0.00346328 0.00379124 0.00364202 0.0030969 0.00237038 0.00168372 0.00116394 0.000825953 0.000618929
 1.0076e-16 3.24972e-07 3.15894e-06 2.09969e-05 9.55067e-05 0.000297664 0.000637698 0.000950554 0.00104508 0.00109945 0.00184748 0.0045692 0.0112404 0.0244611 0.0463504 0.0763633 0.109387 0.136257 0.147635 0.139215 0.114375 0.0820563 0.0516583 0.0288387 0.0145979 0.00699676
 1.0162e-16 7.78714e-05 0.000756938 0.00503012 0.0228662 0.0711452 0.151582 0.221239 0.221239 0.151583 0.0711476 0.0228742 0.00505425 0.000822649 0.000240755 0.000373718 0.00076023 0.00143138 0.00245803 0.00384347 0.00546484 0.00705753 0.00827144 0.00879299 0.00847661 0.00741073
 1.02728e-16 7.71812e-06 7.5023e-05 0.000498558 0.00226642 0.00705214 0.0150285 0.0219523 0.022037 0.0154425 0.0084419 0.00627802 0.0105588 0.0220056 0.0415667 0.0684683 0.0980767 0.122179 0.132428 0.125013 0.103022 0.0745308 0.0479765 0.0283649 0.0164442 0.0102846
 1.25662e-16 4.08664e-06 3.97236e-05 0.000263978 0.00120002 0.00373379 0.00795587 0.0116154 0.0116326 0.00804053 0.00402135 0.00204508 0.00243978 0.00496973 0.00989349 0.0177176 0.0286954 0.042664 0.0591895 0.0776457 0.0968718 0.114601 0.127409 0.13175 0.125653 0.109949
 1.04974e-16 7.7278e-05 0.00075117 0.00499179 0.0226919 0.0706031 0.150427 0.219553 0.219554 0.15043 0.0706134 0.0227222 0.00506948 0.000926593 0.000428376 0.000635423 0.00103124 0.00157463 0.00230209 0.0032845 0.00459645 0.00625031 0.00812667 0.00995417 0.0113689 0.0120357
 1.02353e-16 4.10902e-05 0.000399411 0.00265423 0.0120658 0.0375413 0.0799875 0.116754 0.116801 0.0802157 0.0383072 0.0142764 0.00819801 0.0124844 0.0229426 0.0377329 0.0540467 0.0673291 0.0729782 0.0688967 0.0567938 0.0411313 0.0265774 0.0159079 0.00954094 0.00639697
 1.10774e-16 1.20874e-06 1.17494e-05 7.80823e-05 0.00035499 0.00110485 0.00235638 0.00345267 0.00351697 0.00267071 0.00216122 0.00341031 0.00776296 0.0168393 0.0321095 0.053469 0.077918 0.0998253 0.113345 0.115614 0.108219 0.0956867 0.0823585 0.070251 0.0591817 0.048301
 1.06523e-16 7.18966e-05 0.00069886 0.00464417 0.0211117 0.0656865 0.139952 0.204264 0.204265 0.139955 0.0656954 0.0211394 0.00472061 0.000889024 0.00050188 0.00089728 0.00171345 0.00306048 0.00509471 0.00789083 0.0113337 0.0150449 0.0184126 0.0207544 0.0215532 0.0206499
 1.05782e-16 2.45083e-05 0.000238229 0.00158312 0.00719667 0.0223918 0.0477105 0.0696481 0.0697112 0.0480186 0.0234258 0.0101815 0.00906911 0.0165591 0.0309596 0.0509855 0.0730802 0.0911538 0.0990444 0.0939771 0.0783043 0.0580526 0.0394589 0.0261256 0.018418 0.0146818
 1.18819e-16 7.00653e-06 6.8106e-05 0.000452591 0.00205744 0.00640167 0.013641 0.0199181 0.0199595 0.0138437 0.00708415 0.0040365 0.00544979 0.0110744 0.0211945 0.0357673 0.0532397 0.0705112 0.0842774 0.0927905 0.0965178 0.0970879 0.0955536 0.0916005 0.0842571 0.0732087
 1.09978e-16 6.8346e-05 0.000664348 0.00441482 0.0200692 0.0624426 0.133041 0.194177 0.19418 0.133054 0.0624881 0.0202024 0.00475553 0.00142927 0.00158438 0.00268041 0.00426113 0.0062375 0.00858586 0.0113551 0.014614 0.0182927 0.0220329 0.0251949 0.0270593 0.0271151
 1.02593e-16 6.31496e-05 0.000613836 0.00407916 0.0185433 0.0576951 0.122926 0.179419 0.179439 0.123026 0.0580299 0.0195096 0.00650281 0.00589868 0.0100826 0.016524 0.0236951 0.0295892 0.0322181 0.0306911 0.0257717 0.0194041 0.0135913 0.0094765 0.00715201 0.00605801
 1.05458e-16 9.72042e-07 9.44868e-06 6.27938e-05 0.000285502 0.000888748 0.00189663 0.00278554 0.00286833 0.00230117 0.00224701 0.00420838 0.00990887 0.0215004 0.0408066 0.0674332 0.0970725 0.121918 0.133979 0.129527 0.111285 0.0865497 0.0628275 0.0444041 0.0318035 0.0234293
 1.37665e-16 9.23303e-07 8.97483e-06 5.96411e-05 0.000271122 0.000843578 0.00179746 0.00262417 0.00262774 0.00181555 0.000908187 0.000474798 0.000635293 0.00147882 0.00341743 0.00727969 0.0142911 0.0259131 0.043389 0.0669471 0.0949111 0.1233 0.146504 0.159085 0.157918 0.143499
 1.52885e-16 4.08749e-05 0.000397319 0.00264032 0.0120025 0.0373443 0.0795661 0.116129 0.116131 0.0795724 0.0373661 0.0120682 0.00281645 0.000821273 0.000970836 0.00189529 0.00363892 0.0067018 0.0118738 0.020133 0.0323332 0.048664 0.0680882 0.0881063 0.105143 0.115556
pSPR Fmed_Fpbrs
0.501521   0.285572 0.285572
Fs Fmed_Fpbrs
0.481112   1.005 1.005
SSBpbr Bo_Bmed_Bpbrs
1.88847e+06  852685  444872 444872
Ro
26122.8
SPR SPRFo_SPRFmed_SPRFpbrs
186724 93645.8 53323.1
Fref
1.005
Nvult_r0
 28200.5 489.312 498.485 17996.2 2703.31
CTP_r0
 7750.9 210.985 214.94 7759.71 1165.63
YTP_r0
390099
Np
 165441 9491.86 101.917 103.827 4394.48
Nvult_p0
 128618 8213.68 88.1925 89.8458 3802.72
CTP_p0
 43015.4 4117.08 44.2062 45.0349 1906.1
YTP_p0
 457013
CBA_c0
410173
log_Ro
9.99056
likeval ReclasPelacesDesembMPH_pf_preclas_ppelaces_ptallas_desvR_qrecl_qpela
 77.5567 62.8155 0.553387 0.00270417 514.925 223.732 189.861 0 312.151 0 0 0.484337 0 0 0
q_reclas_q_pelaces
1 1
M
1
N
 623.53 106272 50927.2 13895.5 907.74
 184908 204.307 31014.7 14862.6 4320.18
 1267.77 53635.3 46.7269 7093.34 4387.29
 3993 368.275 12303 10.7184 2633.46
 323015 125.721 0.992389 33.1529 7.12525
 81662.1 103480 35.0724 0.276848 11.2365
 214.449 24906.3 26165.4 8.86826 2.9112
 92.9908 35.3474 1839.38 1932.37 0.869937
 107882 12.0993 1.62663 84.6455 88.9645
 203.07 28438.1 2.28536 0.307244 32.7921
 4732.12 54.4572 5559.25 0.446754 6.47046
 296659 1232.27 10.0381 1024.74 1.27505
 59605.5 74730.2 212.558 1.7315 176.98
 51345.2 16961.2 16448.6 46.7856 39.3357
 50312.4 9658.55 1631.45 1582.15 8.28379
 538566 8803.22 803.785 135.77 132.356
 1020.52 145308 1741.96 159.051 53.0559
 1.22467e+06 319.783 38784 464.944 56.6132
 72517.7 392818 89.4319 10846.5 145.861
 10297.9 22504.1 102830 23.4112 2877.55
 708662 2761.33 4398.4 20098.1 566.989
 363822 210965 665.207 1059.58 4978.23
 4167.4 108416 50922.7 160.567 1457.4
 540900 1295.09 28461.6 13368.4 424.754
 147361 176329 374.117 8221.78 3984.45
 17744.1 49081.9 53173.6 112.819 3680.91
 304987 5748.39 14002.3 15169.6 1082.29
 642741 94740.1 1507.81 3672.82 4262.89
 5775.69 219126 29932.6 476.383 2507.24
 1785.93 2021.84 72991.8 9970.66 993.858
 37692.4 591.229 602.312 21744.5 3266.37
pred_Ctot
 43.4987 14149.4 6780.57 1850.08 120.859
 25206.8 50.7682 7706.82 3693.21 1073.52
 171.854 13260.2 11.5522 1753.68 1084.66
 2749 305.205 10196 8.88274 2182.46
 26676.8 19.6432 0.155056 5.17999 1.11329
 8960.17 21083.1 7.14572 0.0564055 2.28934
 79.7576 14214.4 14933 5.06125 1.66147
 41.2263 22.7679 1184.78 1244.67 0.560342
 19860.1 3.92541 0.527734 27.4618 28.8631
 35.6966 8862.26 0.712192 0.0957475 10.2191
 898.719 18.1515 1852.99 0.148911 2.15671
 60959.4 439.476 3.57998 365.461 0.454733
 8714.01 19777.3 56.2535 0.458243 46.8378
 16735.5 8782.63 8517.23 24.2259 20.3683
 17696.2 5293.3 894.107 867.088 4.53987
 93073.7 2702.76 246.777 41.6839 40.6359
 96.8734 25875.7 310.199 28.3229 9.44793
 100285 49.565 6011.36 72.0644 8.7748
 7271.74 73621.3 16.7612 2032.84 27.3371
 1810.69 7014.65 32052.8 7.29738 896.947
 86948.9 623.474 993.103 4537.89 128.019
 44447.5 47446.4 149.606 238.301 1119.61
 414.631 20171.6 9474.59 29.8749 271.162
 39318 179.311 3940.63 1850.91 58.8091
 8885.15 20422 43.3294 952.227 461.47
 1353.05 7111.41 7704.25 16.3461 533.322
 30415.2 1071.86 2610.91 2828.57 201.807
 29955.4 8560.24 136.238 331.858 385.174
 177.564 13200.4 1803.18 28.6979 151.039
 114.006 247.32 8928.67 1219.65 121.573
 7750.9 210.985 214.94 7759.71 1165.63
F
 0.115773 0.231546 0.231546 0.231546 0.231546
 0.237652 0.475304 0.475304 0.475304 0.475304
 0.236181 0.472362 0.472362 0.472362 0.472362
 2.45824 4.91647 4.91647 4.91647 4.91647
 0.138323 0.276646 0.276646 0.276646 0.276646
 0.187469 0.374937 0.374937 0.374937 0.374937
 0.802846 1.60569 1.60569 1.60569 1.60569
 1.03936 2.07871 2.07871 2.07871 2.07871
 0.333311 0.666623 0.666623 0.666623 0.666623
 0.316134 0.632268 0.632268 0.632268 0.632268
 0.345512 0.691023 0.691023 0.691023 0.691023
 0.378701 0.757401 0.757401 0.757401 0.757401
 0.256821 0.513641 0.513641 0.513641 0.513641
 0.670727 1.34145 1.34145 1.34145 1.34145
 0.743134 1.48627 1.48627 1.48627 1.48627
 0.310055 0.62011 0.62011 0.62011 0.62011
 0.160423 0.320847 0.320847 0.320847 0.320847
 0.137082 0.274164 0.274164 0.274164 0.274164
 0.170132 0.340263 0.340263 0.340263 0.340263
 0.316229 0.632459 0.632459 0.632459 0.632459
 0.211685 0.423369 0.423369 0.423369 0.423369
 0.210693 0.421385 0.421385 0.421385 0.421385
 0.168709 0.337417 0.337417 0.337417 0.337417
 0.120884 0.241769 0.241769 0.241769 0.241769
 0.0993934 0.198787 0.198787 0.198787 0.198787
 0.127134 0.254268 0.254268 0.254268 0.254268
 0.169132 0.338263 0.338263 0.338263 0.338263
 0.0760947 0.152189 0.152189 0.152189 0.152189
 0.0496503 0.0993007 0.0993007 0.0993007 0.0993007
 0.105493 0.210987 0.210987 0.210987 0.210987
 0.379024 0.758048 0.758048 0.758048 0.758048
YTP_r0W_actual
 65882.7 3439.06 6211.78 270038 44527.1
YTP_p0W_proyectada
 323476 66367.4 1033.54 1328.53 64807.4
CTP_r0_actual
 7750.9 210.985 214.94 7759.71 1165.63
CTP_p0_proyectada
 43015.4 4117.08 44.2062 45.0349 1906.1
Wmedp
 7.52 16.12 23.38 29.5 34
Frms_r0
 0.379024 0.758048 0.758048 0.758048 0.758048
Zrms_r0
 1.37902 1.75805 1.75805 1.75805 1.75805
nmprior
 8.19 8.8 8.5 0
nm_flota  nm_reclas  nm_pelaces    nm_pelaL
inf 2.07301 1.91859 2.3328
cv_recla  cv_pelaces  cv_mph
0.796589 0.898681 1.6048
 ------------------------------------------------
Talla a la edad & desviaci?n 
 8 13.2811 15.8009 17.003 17.5766
 0.8 1.32811 1.58009 1.7003 1.75766
