years
 1991 1992 1993 1994 1995 1996 1997 1998 1999 2000 2001 2002 2003 2004 2005 2006 2007 2008 2009 2010 2011 2012 2013 2014 2015 2016 2017 2018 2019 2020 2021
reclasobs
 0 0 0 0 0 0 0 0 0 252601 567819 844713 477998 351125 339783 2.1784e+06 2.13404e+06 4.81314e+06 1.55562e+06 2.62356e+06 3.21686e+06 3.843e+06 1.13348e+06 3.07943e+06 1.97215e+06 2.03268e+06 2.025e+06 2.42433e+06 2.27542e+06 1.05018e+06 2.36338e+06
reclaspred
 3.28566e+06 1.85503e+06 940829 948987 951822 1.48066e+06 961651 857072 625739 459003 506891 641751 634965 504209 511894 1.28214e+06 1.26214e+06 2.78515e+06 2.30311e+06 1.72443e+06 3.04819e+06 2.47828e+06 1.98946e+06 3.04702e+06 2.29657e+06 2.03461e+06 2.39562e+06 2.52722e+06 2.08526e+06 1.33831e+06 1.91096e+06
pelacesobs
 0 0 0 0 0 0 0 0 0 0 0 0 0 0 0 552880 188675 0 991730 2.46772e+06 1.41603e+06 1.21717e+06 2.29649e+06 1.80582e+06 0 1.4828e+06 1.56532e+06 1.57751e+06 1.42118e+06 867257 1.10002e+06
pelacespred
 1.83977e+06 1.1602e+06 592071 487486 504682 811131 497572 535900 382690 267346 302482 320465 347460 293296 304520 630561 620758 1.56888e+06 1.34724e+06 938542 1.59258e+06 1.41489e+06 1.12834e+06 1.88481e+06 1.37428e+06 1.21175e+06 1.62218e+06 1.68924e+06 1.14824e+06 837816 1.19559e+06
mphobs
 0 0 0 0 0 0 0 0 0 0 0 498337 0 5186 125008 0 168611 109162 213762 579715 649985 157893 87575 83554 0 0 0 0 0 0 0
mphpred
 493884 331054 166649 90865.5 101359 114435 149993 97014.1 85249.4 59489 39562.4 59463 63882.6 54791.3 38320.6 48111.5 147708 143078 275707 210108 225260 277284 263860 219667 303549 250955 206993 219110 302884 208564 129529
desembarqueobs
 494567 514787 250237 358949 120608 361735 552515 73892 212993 205616 52469 317467 293654 387597 252695 516296 358380 742168 942051 627588 828172 859565 418607 520667 417249 300574 415391 372974 316634 284311 391294
desembarquepred
 494574 513369 250958 358975 120613 361750 552568 73895.9 213039 205659 52471.4 317535 293709 387647 252696 516271 358404 742086 941890 627480 828242 859596 418619 520691 417251 300577 415393 372962 316630 284321 391299
Reclutas
 211904 120372 119674 210973 168811 282684 118100 54796.8 50808.1 66750.2 122505 159067 133337 93615.7 94767.6 500540 111031 770304 445482 343274 509882 684663 146375 429085 362679 163366 363369 406208 121583 91052.6 346061
log_desv_Rt
 0.0918489 -0.473699 -0.479515 0.0874448 -0.135505 0.380045 -0.492753 -1.26065 -1.33623 -1.06333 -0.456136 -0.19496 -0.371408 -0.725087 -0.712858 0.951403 -0.554472 1.3825 0.834873 0.574244 0.969894 1.26464 -0.278116 0.797371 0.629232 -0.168292 0.631135 0.74258 -0.463687 -0.752847 0.582331
SSB
 3.63646e+06 2.43754e+06 1.22703e+06 669040 746304 842582 1.10439e+06 714312 627689 438016 291297 437824 470366 403427 282153 354244 1.08757e+06 1.05348e+06 2.03002e+06 1.54702e+06 1.65859e+06 2.04164e+06 1.94279e+06 1.6174e+06 2.23503e+06 1.84777e+06 1.52408e+06 1.6133e+06 2.23013e+06 1.53565e+06 953715
BT
 4.85635e+06 3.30788e+06 1.67949e+06 1.47843e+06 1.31223e+06 2.26496e+06 1.69695e+06 1.35717e+06 1.13492e+06 844191 775430 1.04057e+06 1.10565e+06 1.11144e+06 988452 1.94098e+06 1.77778e+06 4.44006e+06 4.15776e+06 2.82876e+06 4.51507e+06 4.2176e+06 3.08725e+06 5.03143e+06 3.69996e+06 3.18968e+06 4.33758e+06 4.44966e+06 3.03131e+06 2.29663e+06 3.26168e+06
Ftot
 0.116601 0.211222 0.205265 0.305175 0.101952 0.201315 0.437073 0.0690237 0.269899 0.352211 0.0875719 0.396718 0.369894 0.606409 0.409109 0.345765 0.22261 0.226111 0.325174 0.290835 0.221712 0.280719 0.164613 0.143142 0.145163 0.117348 0.144404 0.124042 0.117063 0.165541 0.173529
BD_Bspro_t
 0.981517 0.863883 0.719475 0.636227 0.631158 0.700467 0.691109 0.542806 0.597004 0.558467 0.527531 0.707063 0.595563 0.510057 0.407984 0.464967 0.624647 0.604679 0.691093 0.600249 0.572616 0.61962 0.63517 0.63046 0.728293 0.73654 0.743582 0.774521 0.812894 0.755116 0.69535
BD_Bspro
 2.63557 1.76664 0.889308 0.484896 0.540895 0.610673 0.800423 0.517708 0.454927 0.317458 0.211121 0.317319 0.340904 0.292389 0.204495 0.256743 0.788233 0.763525 1.47129 1.12123 1.20208 1.47971 1.40807 1.17224 1.61987 1.3392 1.1046 1.16926 1.61632 1.11298 0.691219
BD_Bo
 1.7737 1.18892 0.598491 0.326328 0.364014 0.410974 0.538673 0.348409 0.306159 0.213645 0.142082 0.213551 0.229423 0.196774 0.137622 0.172784 0.530469 0.513841 0.990154 0.754567 0.808984 0.995819 0.947608 0.788897 1.09015 0.901262 0.74338 0.786896 1.08776 0.749022 0.46518
BD_Brms
 11.4356 7.66539 3.85867 2.10395 2.34692 2.64969 3.473 2.24631 1.97391 1.37744 0.916048 1.37684 1.47917 1.26867 0.887294 1.114 3.42011 3.3129 6.38385 4.86495 5.21579 6.42038 6.10955 5.08629 7.02854 5.81074 4.79282 5.07338 7.01313 4.8292 2.99917
Sel_flota
 0.828586 1 1 1 1
 0.828586 1 1 1 1
 0.828586 1 1 1 1
 0.828586 1 1 1 1
 0.828586 1 1 1 1
 0.828586 1 1 1 1
 0.828586 1 1 1 1
 0.828586 1 1 1 1
 0.828586 1 1 1 1
 0.828586 1 1 1 1
 0.828586 1 1 1 1
 0.828586 1 1 1 1
 0.828586 1 1 1 1
 0.828586 1 1 1 1
 0.828586 1 1 1 1
 0.828586 1 1 1 1
 0.828586 1 1 1 1
 0.828586 1 1 1 1
 0.828586 1 1 1 1
 0.828586 1 1 1 1
 0.828586 1 1 1 1
 0.828586 1 1 1 1
 0.828586 1 1 1 1
 0.828586 1 1 1 1
 0.828586 1 1 1 1
 0.828586 1 1 1 1
 0.828586 1 1 1 1
 0.828586 1 1 1 1
 0.828586 1 1 1 1
 0.828586 1 1 1 1
 0.828586 1 1 1 1
Sel_reclas
 1 1 1 1 1
 1 1 1 1 1
 1 1 1 1 1
 1 1 1 1 1
 1 1 1 1 1
 1 1 1 1 1
 1 1 1 1 1
 1 1 1 1 1
 1 1 1 1 1
 1 1 1 1 1
 1 1 1 1 1
 1 1 1 1 1
 1 1 1 1 1
 1 1 1 1 1
 1 1 1 1 1
 1 1 1 1 1
 1 1 1 1 1
 1 1 1 1 1
 1 1 1 1 1
 1 1 1 1 1
 1 1 1 1 1
 1 1 1 1 1
 1 1 1 1 1
 1 1 1 1 1
 1 1 1 1 1
 1 1 1 1 1
 1 1 1 1 1
 1 1 1 1 1
 1 1 1 1 1
 1 1 1 1 1
 1 1 1 1 1
Sel_pelaces
 1 1 1 1 1
 1 1 1 1 1
 1 1 1 1 1
 1 1 1 1 1
 1 1 1 1 1
 1 1 1 1 1
 1 1 1 1 1
 1 1 1 1 1
 1 1 1 1 1
 1 1 1 1 1
 1 1 1 1 1
 1 1 1 1 1
 1 1 1 1 1
 1 1 1 1 1
 1 1 1 1 1
 1 1 1 1 1
 1 1 1 1 1
 1 1 1 1 1
 1 1 1 1 1
 1 1 1 1 1
 1 1 1 1 1
 1 1 1 1 1
 1 1 1 1 1
 1 1 1 1 1
 1 1 1 1 1
 1 1 1 1 1
 1 1 1 1 1
 1 1 1 1 1
 1 1 1 1 1
 1 1 1 1 1
 1 1 1 1 1
pf_obs 
 0.8446 0.082 0.0669 0.0065 0
 0.8095 0.147 0.0364 0.0071 0
 0.9664 0.0169 0.016 0.0007 0
 0.9276 0.0648 0.0075 0.0001 0
 0.7033 0.2144 0.0806 0.0017 0
 0.9318 0.0425 0.0243 0.0014 0
 0.5671 0.3108 0.0964 0.0239 0.0018
 0.0768 0.2599 0.5324 0.112 0.0189
 0.490249 0.384438 0.106611 0.0170017 0.00170017
 0.7925 0.1577 0.0466 0.003 0.0002
 0.840416 0.127587 0.0312969 0.00059994 9.999e-05
 0.8084 0.0986 0.0794 0.0134 0.0002
 0.7335 0.1905 0.0724 0.0035 0.0001
 0.4001 0.4547 0.1325 0.0127 0
 0.49795 0.308269 0.164784 0.0264974 0.00249975
 0.9179 0.0499 0.0305 0.0017 0
 0.2467 0.6533 0.0926 0.0074 0
 0.9418 0.0223 0.034 0.0019 0
 0.707729 0.231977 0.0356964 0.0245975 0
 0.517169 0.277429 0.184464 0.0207286 0.00020938
 0.811772 0.124168 0.05621 0.00726502 0.000585176
 0.764997 0.148141 0.077277 0.00933861 0.000247198
 0.163321 0.427699 0.378323 0.0303852 0.000271297
 0.753843 0.0900009 0.118128 0.0371064 0.000921714
 0.721811 0.176058 0.0630433 0.0369309 0.00215725
 0.143369 0.312575 0.442814 0.0836902 0.0175525
 0.692698 0.0596174 0.167031 0.0765114 0.00414204
 0.394062 0.376323 0.152708 0.0712218 0.00568511
 0.125707 0.32114 0.495352 0.0537591 0.00404204
 0.23352 0.215282 0.420074 0.123614 0.00750983
 0.796117 0.104755 0.0508955 0.0450114 0.00322123
pf_pred 
 0.439912 0.11821 0.417858 0.0240193 7.78548e-07
 0.411786 0.287978 0.0633664 0.223994 0.012876
 0.556272 0.205594 0.116586 0.0256535 0.0958952
 0.74472 0.154977 0.0464739 0.026354 0.0274757
 0.647017 0.276806 0.0462456 0.013868 0.016063
 0.741953 0.178282 0.0625508 0.0104503 0.00676359
 0.471608 0.412064 0.0803703 0.0281981 0.00776006
 0.444304 0.294536 0.203664 0.0397233 0.0177725
 0.526079 0.233556 0.127401 0.0880944 0.0248697
 0.687066 0.18131 0.0648663 0.0353834 0.0313738
 0.803275 0.144246 0.0304052 0.0108779 0.011195
 0.728879 0.22572 0.03329 0.00701708 0.00509411
 0.674812 0.250978 0.0617829 0.00911195 0.00331501
 0.617438 0.276381 0.08195 0.0201735 0.00405768
 0.723349 0.186785 0.0649231 0.0192504 0.005692
 0.929129 0.0543652 0.0111441 0.00387347 0.00148812
 0.389062 0.575829 0.0269316 0.00552057 0.00265604
 0.893634 0.046821 0.0561234 0.0026249 0.000796936
 0.594283 0.370057 0.0156971 0.0188158 0.00114719
 0.599723 0.258758 0.12908 0.0054753 0.00696329
 0.737743 0.170667 0.059208 0.0295355 0.00284615
 0.742027 0.2003 0.0375315 0.0130205 0.00712106
 0.324435 0.527851 0.114691 0.0214903 0.0115329
 0.739203 0.0967103 0.128209 0.027857 0.00802096
 0.627006 0.289566 0.0309373 0.0410136 0.0114773
 0.437104 0.378877 0.142859 0.0152632 0.0258967
 0.730805 0.131031 0.0929964 0.0350652 0.0101028
 0.687574 0.240185 0.0351631 0.0249563 0.0121212
 0.354475 0.470568 0.134503 0.0196912 0.0207632
 0.430107 0.228768 0.24867 0.0710775 0.021378
 0.826959 0.0832113 0.0360595 0.0391967 0.0145733
pobs_RECLAS
 0 0 0 0 0
 0 0 0 0 0
 0 0 0 0 0
 0 0 0 0 0
 0 0 0 0 0
 0 0 0 0 0
 0 0 0 0 0
 0 0 0 0 0
 0 0 0 0 0
 0 0 0 0 0
 0.991045 0.00858322 0.000360255 1.14367e-05 0
 0.934742 0.0480273 0.0164251 0.00080598 0
 0.827803 0.169806 0.00239088 0 0
 0.941827 0.0461693 0.0120037 0 0
 0.791401 0.0380133 0.147996 0.0225897 0
 0.846168 0.0940531 0.0597789 0 0
 0.134021 0.677848 0.182769 0.00536245 0
 0.80878 0.0450904 0.141981 0.00414843 0
 0.846168 0.0940531 0.0597789 0 0
 0.905697 0.0802665 0.012482 0.00150086 5.37128e-05
 0.989698 0.0102097 9.19794e-05 0 0
 0.975433 0.0193895 0.00387452 0.00125025 5.28907e-05
 0.303575 0.632131 0.0575291 0.00676475 0
 0.966965 0.00978017 0.0227588 0.000495775 0
 0.843318 0.132988 0.00938335 0.0141283 0.000182051
 0.564624 0.303363 0.111486 0.0197234 0.00080311
 0.826376 0.0876187 0.0782897 0.00655872 0.00115652
 0.89761 0.0855135 0.0140674 0.00269457 0.000114338
 0.34875 0.467042 0.161289 0.0227151 0.000203297
 0.318654 0.224769 0.449479 0.00709798 0
 0.937255 0.0296025 0.0250945 0.00804832 0
ppred_RECLAS
 0.487083 0.108254 0.382666 0.0219964 7.12978e-07
 0.458834 0.264944 0.058298 0.206078 0.0118461
 0.60288 0.183998 0.10434 0.0229589 0.0858224
 0.779733 0.133721 0.0400998 0.0227394 0.0237073
 0.689022 0.243867 0.0407424 0.0122177 0.0141515
 0.776868 0.15416 0.0540874 0.0090363 0.00584844
 0.52069 0.373787 0.0729046 0.0255788 0.00703923
 0.491338 0.269607 0.186426 0.0363611 0.0162682
 0.573741 0.210068 0.114588 0.0792348 0.0223685
 0.727295 0.158002 0.0565276 0.0308348 0.0273407
 0.831494 0.123555 0.0260438 0.00931755 0.00958918
 0.76575 0.195023 0.0287626 0.00606278 0.00440133
 0.716046 0.219154 0.0539488 0.00795654 0.00289466
 0.663666 0.242984 0.0720473 0.0177358 0.00356736
 0.76078 0.161514 0.0561391 0.0166458 0.00492188
 0.940908 0.0453299 0.00929196 0.00322971 0.0012408
 0.435491 0.532069 0.0248849 0.00510103 0.00245419
 0.91054 0.0393791 0.0472029 0.00220768 0.000670267
 0.640053 0.32831 0.0139262 0.0166931 0.00101777
 0.645077 0.229439 0.114454 0.00485491 0.0061743
 0.773122 0.147644 0.0512207 0.0255511 0.00246219
 0.777209 0.172983 0.0324129 0.0112447 0.00614989
 0.36754 0.494171 0.107373 0.0201191 0.0107971
 0.774191 0.0837359 0.111009 0.0241198 0.00694488
 0.670341 0.255923 0.027343 0.0362485 0.0101438
 0.484238 0.347152 0.130897 0.0139851 0.0237283
 0.766568 0.113623 0.0806417 0.0304068 0.00876064
 0.726864 0.20998 0.0307411 0.0218179 0.0105969
 0.399013 0.438101 0.125222 0.0183326 0.0193307
 0.477336 0.209809 0.228062 0.065187 0.0196063
 0.852591 0.0708854 0.0307181 0.0333906 0.0124146
pobs_PELACES
 0 0 0 0 0
 0 0 0 0 0
 0 0 0 0 0
 0 0 0 0 0
 0 0 0 0 0
 0 0 0 0 0
 0 0 0 0 0
 0 0 0 0 0
 0 0 0 0 0
 0 0 0 0 0
 0 0 0 0 0
 0 0 0 0 0
 0 0 0 0 0
 0 0 0 0 0
 0 0 0 0 0
 0 0 0 0 0
 0.505614 0.472636 0.0217494 0 0
 0 0 0 0 0
 0.443492 0.261883 0.143347 0.151278 0
 0.227955 0.32914 0.350689 0.0885471 0.00366901
 0.970185 0.0296113 0.000203453 0 0
 0.997202 0.00247181 0.000326279 0 0
 0.445219 0.490057 0.0546422 0.010081 0
 0.90214 0.0892962 0.00764917 0.000914606 0
 0 0 0 0 0
 0.581667 0.319106 0.0959925 0.00289975 0.000334073
 0.762889 0.0836404 0.116647 0.0363945 0.000428098
 0.88444 0.0763242 0.0277011 0.0115352 0
 0.521256 0.241999 0.230069 0.00667565 0
 0.616807 0.101726 0.260614 0.0208532 0
 0.833518 0.0704572 0.0857862 0.0102388 0
ppred_PELACES
 0.488731 0.107906 0.381436 0.0219257 7.10687e-07
 0.461802 0.263491 0.0579783 0.204947 0.0117811
 0.605657 0.182712 0.10361 0.0227983 0.0852224
 0.782683 0.13193 0.0395626 0.0224348 0.0233897
 0.690256 0.242899 0.0405807 0.0121692 0.0140953
 0.778836 0.1528 0.0536104 0.00895661 0.00579687
 0.526857 0.368978 0.0719666 0.0252497 0.00694866
 0.492314 0.269089 0.186068 0.0362914 0.016237
 0.57747 0.20823 0.113586 0.0785415 0.0221728
 0.731228 0.155723 0.0557122 0.03039 0.0269463
 0.832187 0.123047 0.0259367 0.00927924 0.00954974
 0.769752 0.191692 0.0282713 0.00595922 0.00432614
 0.720281 0.215885 0.0531442 0.00783788 0.00285149
 0.671279 0.237484 0.0704165 0.0173343 0.00348661
 0.764966 0.158687 0.0551567 0.0163545 0.00483575
 0.941986 0.0445029 0.00912243 0.00317079 0.00121816
 0.438589 0.529149 0.0247483 0.00507304 0.00244072
 0.911577 0.0389228 0.046656 0.0021821 0.000662502
 0.64428 0.324454 0.0137627 0.0164971 0.00100582
 0.648835 0.22701 0.113242 0.00480351 0.00610893
 0.775315 0.146217 0.0507258 0.0253042 0.0024384
 0.779947 0.170858 0.0320147 0.0111066 0.00607433
 0.369707 0.492478 0.107005 0.0200502 0.0107601
 0.775603 0.0832121 0.110314 0.0239689 0.00690145
 0.672153 0.254517 0.0271927 0.0360493 0.010088
 0.485896 0.346036 0.130476 0.0139401 0.023652
 0.768026 0.112913 0.0801379 0.0302168 0.0087059
 0.728255 0.208911 0.0305846 0.0217068 0.0105429
 0.400602 0.436943 0.124891 0.0182841 0.0192795
 0.479673 0.208871 0.227042 0.0648955 0.0195187
 0.853821 0.0702942 0.0304619 0.0331121 0.012311
pobs_pel_tallas
 0 0 0 0 0 0 0 0 0 0 0 0 0 0 0 0 0 0 0 0 0 0 0 0 0 0
 0 0 0 0 0 0 0 0 0 0 0 0 0 0 0 0 0 0 0 0 0 0 0 0 0 0
 0 0 0 0 0 0 0 0 0 0 0 0 0 0 0 0 0 0 0 0 0 0 0 0 0 0
 0 0 0 0 0 0 0 0 0 0 0 0 0 0 0 0 0 0 0 0 0 0 0 0 0 0
 0 0 0 0 0 0 0 0 0 0 0 0 0 0 0 0 0 0 0 0 0 0 0 0 0 0
 0 0 0 0 0 0 0 0 0 0 0 0 0 0 0 0 0 0 0 0 0 0 0 0 0 0
 0 0 0 0 0 0 0 0 0 0 0 0 0 0 0 0 0 0 0 0 0 0 0 0 0 0
 0 0 0 0 0 0 0 0 0 0 0 0 0 0 0 0 0 0 0 0 0 0 0 0 0 0
 0 0 0 0 0 0 0 0 0 0 0 0 0 0 0 0 0 0 0 0 0 0 0 0 0 0
 0 0 0 0 0 0 0 0 0 0 0 0 0 0 0 0 0 0 0 0 0 0 0 0 0 0
 0 0 0 0 0 0 0 0 0 0 0 0 0 0 0 0 0 0 0 0 0 0 0 0 0 0
 0 0 0 0 0 0 0 0 0 0 0 0 0 0 0 0 0 0 0 0 0 0 0 0 0 0
 0.00862536 0 0 0.000197151 0.00414017 0.0128641 0.00837892 0.0270097 0.101434 0.158115 0.152841 0.127902 0.109271 0.109419 0.0830992 0.0579132 0.0238553 0.00714673 0.00463305 0.00128148 0.00103504 0.000492878 0.000147863 0.000147863 4.92878e-05 0
 0 0 0 0 0 0 0 0 0 0 0 0 0 0 0 0 0 0 0 0 0 0 0 0 0 0
 0 0 0 0 0 0 0 0.0054083 0.00873648 0.0413646 0.0450493 0.0745869 0.0622846 0.0627006 0.0613931 0.0827291 0.12552 0.122667 0.0946155 0.0697135 0.0546179 0.0294188 0.0215738 0.0213955 0.0102223 0.00600262
 0 0 0 0 0.00359764 0.0251062 0.0480494 0.140153 0.205849 0.193036 0.1447 0.116669 0.0760912 0.0342217 0.00950174 0.001854 0.000860785 0 0 0 0.000165536 0 0.000143464 0 0 0
 0 0 0 0 0 0 0 0.000145254 0.000435761 0.0275982 0.070085 0.0708112 0.156366 0.174668 0.174014 0.160142 0.0824315 0.0480064 0.0283245 0.00493863 0.00203355 0 0 0 0 0
 0 0 0 0 0 0 0 0 0 0 0 0 0 0 0 0 0 0 0 0 0 0 0 0 0 0
 0 0 1.00437e-05 0.000401748 0.00122533 0.00171747 0.00176769 0.0269171 0.070346 0.194647 0.189555 0.159765 0.064822 0.0314167 0.0384472 0.0292271 0.0345202 0.0313363 0.0194345 0.0106764 0.0143323 0.0359363 0.0279516 0.0138201 0.00172751 0
 0 0.0021121 0.0136068 0.0755702 0.200478 0.177729 0.0527432 0.0373336 0.0318909 0.0142505 0.0149659 0.0166563 0.0217959 0.0798694 0.0677717 0.0528807 0.04013 0.0224614 0.0357745 0.0225083 0.00881397 0.00855152 0.00135912 0.000746735 0 0
 0 0 0 0 5.4009e-05 0.00500934 0.000945158 0.0243581 0.138947 0.33067 0.221406 0.137944 0.0707744 0.0437923 0.0131692 0.00525238 0.0047753 0.00276346 9.45158e-05 9.00151e-06 2.25038e-05 9.00151e-06 4.50075e-06 0 0 0
 0.000866109 0.00284123 0.00948549 0.0512746 0.133035 0.25785 0.225252 0.132002 0.0553304 0.0519788 0.0540692 0.017754 0.00435017 0.00159236 0.00146478 0.000404838 0.000125132 0.000115318 0.000107957 0.000100596 0 0 0 0 0 0
 0 0 0 0 0.00144013 0.00171154 0.00461396 0.0210425 0.0478622 0.0707936 0.0888783 0.103762 0.0637923 0.0337046 0.0602308 0.124433 0.169614 0.0934646 0.0462172 0.0250306 0.0313229 0.00938855 0.002487 0.000210481 0 0
 0 0.00764035 0.051015 0.0998891 0.058973 0.0496711 0.0374665 0.0718981 0.12319 0.153886 0.159021 0.0857701 0.0377988 0.023471 0.0147837 0.00900784 0.00315554 0.000888139 0.00291439 0.00214683 0.00393193 0.00274676 0.000635225 9.99891e-05 0 0
 0 0 0 0 0 0 0 0 0 0 0 0 0 0 0 0 0 0 0 0 0 0 0 0 0 0
 0 0 0 0 0 0 0 0 0 0 0 0 0 0 0 0 0 0 0 0 0 0 0 0 0 0
 0 0 0 0 0 0 0 0 0 0 0 0 0 0 0 0 0 0 0 0 0 0 0 0 0 0
 0 0 0 0 0 0 0 0 0 0 0 0 0 0 0 0 0 0 0 0 0 0 0 0 0 0
 0 0 0 0 0 0 0 0 0 0 0 0 0 0 0 0 0 0 0 0 0 0 0 0 0 0
 0 0 0 0 0 0 0 0 0 0 0 0 0 0 0 0 0 0 0 0 0 0 0 0 0 0
 0 0 0 0 0 0 0 0 0 0 0 0 0 0 0 0 0 0 0 0 0 0 0 0 0 0
ppred_pel_tallas
 1.13234e-16 4.02562e-05 0.000391304 0.00260036 0.0118208 0.0367791 0.0783621 0.114374 0.114385 0.078416 0.0369616 0.0123554 0.00396957 0.00347082 0.00615342 0.0107975 0.017149 0.0248847 0.0335755 0.0428228 0.0521391 0.0605953 0.0666586 0.0686082 0.0653887 0.0573005
 1.24288e-16 3.80381e-05 0.000369744 0.00245708 0.0111695 0.0347527 0.0740453 0.108077 0.108102 0.0741699 0.0351716 0.012381 0.00550409 0.00704281 0.012778 0.0212508 0.0310792 0.0401575 0.0464607 0.0492984 0.0498115 0.0501567 0.0519691 0.0552805 0.0585963 0.0598807
 1.19746e-16 4.98872e-05 0.000484921 0.00322247 0.0146489 0.0455783 0.09711 0.141739 0.141756 0.0971968 0.0458702 0.015494 0.00535104 0.00515612 0.00899474 0.0149877 0.0220587 0.0287673 0.0337078 0.0363293 0.0372697 0.0378394 0.0390549 0.0409888 0.042839 0.043505
 1.07384e-16 6.44686e-05 0.000626658 0.00416436 0.0189306 0.0589002 0.125493 0.183164 0.183177 0.125556 0.0591097 0.0195364 0.00568725 0.0039588 0.00641596 0.0105674 0.0153687 0.0196608 0.0223225 0.0228791 0.0217891 0.0201061 0.0187832 0.0181632 0.0179614 0.017614
 1.04839e-16 5.68555e-05 0.000552656 0.0036726 0.0166951 0.0519448 0.110675 0.161538 0.161561 0.110789 0.0523292 0.0178055 0.00646063 0.0066414 0.0116279 0.0191534 0.027635 0.034861 0.0386208 0.0379103 0.0335298 0.0275261 0.0219428 0.017849 0.0152127 0.0134095
 1.03466e-16 6.41517e-05 0.000623577 0.00414389 0.0188375 0.0586107 0.124877 0.182264 0.182279 0.124949 0.0588534 0.0195392 0.00590772 0.00448235 0.00741708 0.0122243 0.0177529 0.0226379 0.0255256 0.0257821 0.0238392 0.0208378 0.0178748 0.0154611 0.0135123 0.0117032
 1.0588e-16 4.33966e-05 0.000421831 0.00280321 0.012743 0.0396485 0.0844766 0.123303 0.123339 0.0846505 0.0402327 0.0144309 0.00704193 0.00968101 0.0176462 0.0291515 0.0421025 0.0531862 0.0590503 0.0581524 0.0516584 0.0425999 0.0339963 0.0274186 0.0228332 0.0193884
 1.11826e-16 4.05513e-05 0.000394173 0.00261942 0.0119075 0.0370489 0.0789375 0.115217 0.115243 0.0790655 0.0374794 0.0131542 0.0057605 0.00729009 0.0132515 0.022143 0.0325957 0.0424631 0.0495481 0.0527987 0.0528085 0.051138 0.0490613 0.0468104 0.0438023 0.0394216
 1.1496e-16 4.75655e-05 0.000462354 0.0030725 0.0139672 0.0434572 0.0925908 0.135143 0.135163 0.0926897 0.0437898 0.01493 0.00549756 0.00578356 0.010235 0.0170627 0.0250957 0.0326819 0.0381856 0.0409189 0.0415193 0.0413684 0.0415235 0.0420341 0.0420865 0.0406934
 1.09256e-16 6.02303e-05 0.00058546 0.00389059 0.0176861 0.055028 0.117244 0.171124 0.171139 0.117317 0.0552756 0.0184022 0.00569166 0.00452875 0.00758388 0.0125354 0.0182765 0.0234727 0.026821 0.0277683 0.0268395 0.0252319 0.0240012 0.0234796 0.0232821 0.0227364
 1.03327e-16 6.85462e-05 0.000666293 0.00442775 0.0201279 0.0626255 0.133431 0.194749 0.19476 0.133489 0.0628204 0.0206912 0.00584245 0.00375751 0.0059481 0.0097485 0.0140934 0.0178471 0.0199049 0.0197707 0.0178483 0.015152 0.0126737 0.0108989 0.00975804 0.00890023
 1.02195e-16 6.34035e-05 0.000616304 0.00409556 0.0186178 0.0579271 0.12342 0.18014 0.180158 0.123511 0.0582302 0.0194935 0.00629378 0.00541542 0.00917891 0.0150772 0.0217202 0.0273289 0.0301338 0.0293192 0.0255023 0.0203049 0.0153738 0.011616 0.00908731 0.00737547
 1.02858e-16 5.93286e-05 0.000576695 0.00383235 0.0174213 0.0542042 0.115489 0.168563 0.168584 0.11559 0.0545464 0.0184099 0.0063156 0.00600325 0.0103817 0.0171116 0.0247427 0.0313188 0.034878 0.0345009 0.0308295 0.0255792 0.0204615 0.0163731 0.0133255 0.0109018
 1.04422e-16 5.52924e-05 0.000537462 0.00357162 0.0162361 0.0505167 0.107632 0.157097 0.15712 0.107744 0.0508935 0.0173252 0.0063084 0.00652165 0.0114491 0.0189155 0.0274196 0.0348509 0.0390862 0.0391342 0.0356881 0.0305762 0.02558 0.021567 0.0184501 0.0157248
 1.04091e-16 6.30093e-05 0.000612472 0.0040701 0.0185021 0.0575669 0.122653 0.179019 0.179034 0.122728 0.057819 0.0192309 0.00590228 0.00462118 0.00770288 0.0127047 0.0184603 0.0235623 0.0266151 0.026973 0.025094 0.0221639 0.0193074 0.0170227 0.0151783 0.0133938
 1.00799e-16 7.75901e-05 0.000754204 0.00501195 0.0227836 0.0708882 0.151035 0.220441 0.220445 0.151056 0.0709587 0.0229872 0.00552338 0.00187152 0.00220214 0.00352459 0.00508596 0.0064302 0.00715014 0.00706068 0.00630256 0.0052399 0.00423361 0.00346874 0.00293665 0.00253112
 1.01772e-16 3.61261e-05 0.000351159 0.00233357 0.0106081 0.0330061 0.0703248 0.102652 0.102703 0.0705736 0.0338411 0.0130189 0.00838103 0.0135395 0.0250438 0.0412423 0.0591654 0.0738921 0.0804309 0.076481 0.0638293 0.047202 0.0315267 0.0197101 0.012194 0.00791384
 1.01688e-16 7.50854e-05 0.000729856 0.00485015 0.0220481 0.0685998 0.146159 0.213325 0.213328 0.146178 0.0686627 0.0222305 0.00531115 0.00174632 0.00203504 0.00332217 0.0049563 0.00660143 0.00795601 0.0088588 0.00934 0.00952272 0.00946886 0.00911871 0.00836993 0.00720608
 1.02305e-16 5.30686e-05 0.000515845 0.00342798 0.0155831 0.048485 0.103303 0.150781 0.150812 0.103456 0.048997 0.0170615 0.00713677 0.0086047 0.0153935 0.0253084 0.0363226 0.0454087 0.0495261 0.0472912 0.0398236 0.0300283 0.020902 0.0141629 0.0099878 0.0076271
 1.04842e-16 5.34437e-05 0.000519492 0.00345221 0.0156932 0.0488276 0.104033 0.151844 0.151866 0.104141 0.0491892 0.0167392 0.00608371 0.00628379 0.0110584 0.0183467 0.0267705 0.0343822 0.0392023 0.0402682 0.0381221 0.0342849 0.0301863 0.0264433 0.0229228 0.0192858
 1.04452e-16 6.38617e-05 0.000620758 0.00412516 0.0187524 0.0583457 0.124312 0.18144 0.181454 0.124381 0.058578 0.0194242 0.00581417 0.00431691 0.00711029 0.0117245 0.0170515 0.021801 0.0247024 0.0251776 0.0236608 0.0212419 0.0189318 0.0171401 0.0156815 0.0141478
 1.0311e-16 6.42432e-05 0.000624467 0.0041498 0.0188644 0.0586943 0.125055 0.182525 0.182541 0.125136 0.0589648 0.0196459 0.0061122 0.00491098 0.00821279 0.0134963 0.0194849 0.0246092 0.0273161 0.0268962 0.0238987 0.0197392 0.0158259 0.0128884 0.0109004 0.0094443
 1.07046e-16 3.04524e-05 0.000296008 0.00196708 0.0089421 0.0278224 0.0592804 0.0865314 0.086579 0.0595127 0.0286025 0.0111959 0.00762724 0.0126619 0.0235439 0.0389489 0.0562782 0.0711349 0.0790398 0.0779094 0.0692557 0.0570715 0.0453492 0.0361927 0.0296214 0.0246054
 1.06777e-16 6.38854e-05 0.000620989 0.00412669 0.0187593 0.0583673 0.124358 0.181506 0.181514 0.124398 0.0585023 0.0191512 0.00511811 0.00281127 0.00430008 0.00720806 0.0108464 0.0146245 0.017964 0.0205747 0.0225416 0.0240861 0.0252213 0.0256343 0.0248977 0.022804
 1.06173e-16 5.53644e-05 0.000538162 0.00357628 0.0162573 0.0505825 0.107772 0.157302 0.157326 0.107892 0.0509849 0.0174196 0.00649412 0.00690831 0.0121555 0.0200155 0.0288517 0.036348 0.0402014 0.0393975 0.0348372 0.0287354 0.0232752 0.0195526 0.0174288 0.0160922
 1.09255e-16 4.00226e-05 0.000389034 0.00258527 0.0117523 0.0365659 0.0779088 0.113717 0.113751 0.0780725 0.0371159 0.0133424 0.0065829 0.00913695 0.0167158 0.0277332 0.0403262 0.051507 0.0582353 0.0590871 0.0550349 0.0486356 0.0423292 0.0372221 0.0330794 0.0291343
 1.06846e-16 6.32613e-05 0.000614923 0.00408638 0.0185761 0.0577972 0.123143 0.179734 0.179745 0.123197 0.057978 0.0190999 0.00540665 0.00351522 0.00562508 0.00934071 0.0137835 0.0180414 0.0212236 0.0229248 0.0234185 0.0233536 0.0232128 0.0229929 0.0223187 0.0208082
 1.04898e-16 5.99854e-05 0.00058308 0.00387477 0.0176142 0.0548043 0.116767 0.170429 0.170449 0.116866 0.0551348 0.018569 0.00627211 0.00581837 0.0100087 0.0164682 0.0237604 0.0299794 0.0332352 0.0326842 0.0290392 0.0240803 0.0195649 0.0163807 0.0144369 0.01312
 1.08813e-16 3.29972e-05 0.000320744 0.00213146 0.00968934 0.0301473 0.0642337 0.0937598 0.093802 0.06444 0.0308404 0.0116925 0.00716459 0.0113245 0.0209794 0.0347573 0.0503619 0.0639526 0.0716159 0.0715288 0.0649873 0.0554013 0.0461136 0.038783 0.0332813 0.0286582
 1.16417e-16 3.95101e-05 0.000384052 0.00255216 0.0116018 0.0360975 0.0769103 0.112257 0.112278 0.0770104 0.0364347 0.0125799 0.00502353 0.0058327 0.0105455 0.0177867 0.0265949 0.0355025 0.0430049 0.0483849 0.0519866 0.0546208 0.0566371 0.057509 0.0562448 0.0521812
 1.06302e-16 7.03281e-05 0.000683614 0.00454286 0.0206512 0.0642535 0.136899 0.19981 0.199817 0.136932 0.0643656 0.0209756 0.00535958 0.0024746 0.00349614 0.00573456 0.00841491 0.0109356 0.01275 0.0136502 0.0138926 0.0139926 0.0143422 0.0149528 0.0154896 0.0155141
pSPR Fmed_Fpbrs
0.673082   0.205103 0.205103
Fs Fmed_Fpbrs
0.207932   1.005 1.005
SSBpbr Bo_Bmed_Bpbrs
2.05021e+06  1.27745e+06  317993 317993
Ro
193308
SPR SPRFo_SPRFmed_SPRFpbrs
1.37976e+06 928690 282992
Fref
1.005
Nvult_r0
 235802 20171.3 8741.21 9501.69 3532.72
CTP_r0
 29642.4 2982.72 1292.56 1405.01 522.381
YTP_r0
391299
Np
 264903 42378.2 14847.5 1216.22 598.017
Nvult_p0
 222524 36671.5 12848.1 1052.44 517.488
CTP_p0
 101107 47824.7 3917.5 1697.64 2416.05
 101107 18381.5 6440.09 527.532 259.389
YTP_p0
 1.72892e+06 1.21856e+06
CBA_c0
1.57581e+06
log_Ro
11.992
likeval ReclasPelacesDesembMPH_pf_preclas_ppelaces_ptallas_desvR_qrecl_qpela
 14.9301 17.2644 0.0809802 0.000812605 240.568 119.341 98.2044 0 23.1918 2.70262e-06 1.0282e-07 0.413177 0 0 0
q_reclas_q_pelaces
0.792188 0.955405
M
1
N
 211904 47568.5 168150 9665.57 0.313294
 120372 70776 15573.5 55050.6 3164.52
 119674 37172.5 21079.4 4638.29 17338.4
 210973 37139.8 11137.4 6315.66 6584.49
 168811 60271.9 10069.5 3019.62 3497.56
 282684 57071.4 20023.6 3345.32 2165.15
 118100 88016.3 17167 6023.08 1657.54
 54796.8 30246.4 20914.6 4079.26 1825.08
 50808.1 19038 10384.9 7180.9 2027.22
 66750.2 14945.7 5347.03 2916.71 2586.19
 122505 18340.6 3865.96 1383.1 1423.42
 159067 41912.7 6181.42 1302.96 945.895
 133337 42123.7 10369.5 1529.33 556.384
 93615.7 36103.4 10705.1 2635.25 530.051
 94767.6 20837.1 7242.59 2147.51 634.98
 500540 24839.7 5091.78 1769.81 679.931
 111031 138268 6466.79 1325.6 637.766
 770304 33966 40714.4 1904.21 578.133
 445482 234964 9966.7 11946.9 728.399
 343274 125176 62443.3 2648.72 3368.54
 509882 99240.5 34428.6 17174.5 1654.99
 684663 156096 29248.7 10147 5549.51
 146375 199602 43369.3 8126.37 4361.07
 429085 46982.4 62284.5 13533.1 3896.62
 362679 140197 14978.7 19857.3 5556.87
 163366 118302 44606.8 4765.81 8086.07
 363369 54530.5 38701.9 14593 4204.44
 406208 118601 17363.3 12323.2 5985.35
 121583 134839 38541.2 5642.43 5949.62
 91052.6 40593.2 44124.8 12612.2 3793.38
 346061 29203 12655.1 13756.1 5114.5
pred_Ctot
 12433.7 3341.08 11810.4 678.882 0.0220049
 12392.4 8666.47 1906.96 6740.91 387.493
 11996.9 4433.97 2514.37 553.259 2068.14
 30415.7 6329.55 1898.08 1076.34 1122.16
 8704.07 3723.76 622.124 186.56 216.089
 27829.8 6687.15 2346.2 391.977 253.694
 23357.4 20408.4 3980.52 1396.57 384.335
 1934.48 1282.4 886.747 172.954 77.3806
 6554.3 2909.83 1587.26 1097.55 309.846
 10936.1 2885.93 1032.48 563.202 499.381
 5452.21 979.068 206.375 73.8335 75.9858
 28931 8959.39 1321.36 278.525 202.198
 22809.9 8483.54 2088.38 308.001 112.054
 24339 10894.8 3230.42 795.227 159.951
 17703.2 4571.37 1588.92 471.133 139.306
 80676.2 4720.53 967.638 336.333 129.214
 12001.2 17762.3 830.745 170.29 81.9295
 84471.5 4425.8 5305.12 248.121 75.3311
 67984.2 42333.5 1795.7 2152.47 131.236
 47387.9 20446.1 10199.4 432.638 550.213
 54906.5 12701.9 4406.55 2198.18 211.824
 91534.2 24708.4 4629.77 1606.16 878.432
 11929.6 19409.3 4217.23 790.208 424.07
 30630.8 4007.44 5312.66 1154.33 332.369
 26237.8 12117.2 1294.61 1716.26 480.279
 9644.6 8359.83 3152.16 336.778 571.406
 26157 4689.85 3328.53 1255.05 361.6
 25291.6 8834.93 1293.43 917.989 445.864
 7161.13 9506.45 2717.23 397.803 419.46
 7460.3 3968.03 4313.25 1232.86 370.807
 29642.4 2982.72 1292.56 1405.01 522.381
F
 0.096614 0.116601 0.116601 0.116601 0.116601
 0.175016 0.211222 0.211222 0.211222 0.211222
 0.17008 0.205265 0.205265 0.205265 0.205265
 0.252863 0.305175 0.305175 0.305175 0.305175
 0.0844764 0.101952 0.101952 0.101952 0.101952
 0.166807 0.201315 0.201315 0.201315 0.201315
 0.362153 0.437073 0.437073 0.437073 0.437073
 0.0571921 0.0690237 0.0690237 0.0690237 0.0690237
 0.223634 0.269899 0.269899 0.269899 0.269899
 0.291837 0.352211 0.352211 0.352211 0.352211
 0.0725609 0.0875719 0.0875719 0.0875719 0.0875719
 0.328715 0.396718 0.396718 0.396718 0.396718
 0.306489 0.369894 0.369894 0.369894 0.369894
 0.502462 0.606409 0.606409 0.606409 0.606409
 0.338982 0.409109 0.409109 0.409109 0.409109
 0.286496 0.345765 0.345765 0.345765 0.345765
 0.184452 0.22261 0.22261 0.22261 0.22261
 0.187353 0.226111 0.226111 0.226111 0.226111
 0.269435 0.325174 0.325174 0.325174 0.325174
 0.240982 0.290835 0.290835 0.290835 0.290835
 0.183708 0.221712 0.221712 0.221712 0.221712
 0.2326 0.280719 0.280719 0.280719 0.280719
 0.136396 0.164613 0.164613 0.164613 0.164613
 0.118606 0.143142 0.143142 0.143142 0.143142
 0.12028 0.145163 0.145163 0.145163 0.145163
 0.0972327 0.117348 0.117348 0.117348 0.117348
 0.119651 0.144404 0.144404 0.144404 0.144404
 0.102779 0.124042 0.124042 0.124042 0.124042
 0.0969966 0.117063 0.117063 0.117063 0.117063
 0.137165 0.165541 0.165541 0.165541 0.165541
 0.143784 0.173529 0.173529 0.173529 0.173529
YTP_r0W_actual
 246032 42056.3 35674.5 48051.3 19484.8
YTP_p0W_proyectada
 757295 749414 90611.8 49859.8 81735.1
 757295 288038 148959 15493.6 8775.14
CTP_r0_actual
 29642.4 2982.72 1292.56 1405.01 522.381
CTP_p0_proyectada
 101107 47824.7 3917.5 1697.64 2416.05
 101107 18381.5 6440.09 527.532 259.389
Wmedp
 7.49 15.67 23.13 29.37 33.83
Frms_r0
 0.143784 0.173529 0.173529 0.173529 0.173529
Zrms_r0
 1.14378 1.17353 1.17353 1.17353 1.17353
nmprior
 8.19 8.8 8.5 0
nm_flota  nm_reclas  nm_pelaces    nm_pelaL
inf 12.0596 18.509 44.4219
cv_recla  cv_pelaces  cv_mph
0.349507 0.471138 0.879722
 ------------------------------------------------
Talla a la edad & desviaci?n 
 8 13.2811 15.8009 17.003 17.5766
 0.8 1.32811 1.58009 1.7003 1.75766
