years
 1991 1992 1993 1994 1995 1996 1997 1998 1999 2000 2001 2002 2003 2004 2005 2006 2007 2008 2009 2010 2011 2012 2013 2014 2015 2016 2017 2018 2019 2020 2021
reclasobs
 0 0 0 0 0 0 0 0 0 252601 567819 844713 477998 351125 339783 2.1784e+06 2.13404e+06 4.81314e+06 1.55562e+06 2.62356e+06 3.21686e+06 3.843e+06 1.13348e+06 3.07943e+06 1.97215e+06 2.03268e+06 2.025e+06 2.42433e+06 2.27542e+06 1.05018e+06 2.36338e+06
reclaspred
 3.31547e+06 1.87338e+06 951297 978701 993426 1.54301e+06 1.00916e+06 900282 654288 477113 517008 650029 642494 510644 517739 1.27322e+06 1.25148e+06 2.77137e+06 2.28633e+06 1.71249e+06 3.02026e+06 2.45638e+06 1.97496e+06 3.02744e+06 2.28512e+06 2.02786e+06 2.38072e+06 2.50507e+06 2.06698e+06 1.33111e+06 1.90522e+06
pelacesobs
 0 0 0 0 0 0 0 0 0 0 0 0 0 0 0 552880 188675 0 991730 2.46772e+06 1.41603e+06 1.21717e+06 2.29649e+06 1.80582e+06 0 1.4828e+06 1.56532e+06 1.57751e+06 1.42118e+06 867257 1.10002e+06
pelacespred
 1.92299e+06 1.21369e+06 620038 521290 545373 876832 544342 583809 416305 289190 320767 336812 364471 307905 319197 648179 636990 1.61572e+06 1.38306e+06 963190 1.63291e+06 1.44964e+06 1.15898e+06 1.93886e+06 1.41476e+06 1.24998e+06 1.6689e+06 1.73387e+06 1.17817e+06 861548 1.23377e+06
mphobs
 0 0 0 0 0 0 0 0 0 0 0 498337 0 5186 125008 0 168611 109162 213762 579715 649985 157893 87575 83554 0 0 0 0 0 0 0
mphpred
 3.62973e+06 2.43515e+06 1.2272e+06 670595 766557 874121 1.14474e+06 746806 654373 455051 300534 441140 471436 404335 283077 354502 1.06491e+06 1.03221e+06 1.99598e+06 1.51547e+06 1.62658e+06 1.99775e+06 1.90228e+06 1.58764e+06 2.19588e+06 1.81953e+06 1.50274e+06 1.58473e+06 2.18524e+06 1.50601e+06 938458
desembarqueobs
 494567 514787 250237 358949 120608 361735 552515 73892 212993 205616 52469 317467 293654 387597 252695 516296 358380 742168 942051 627588 828172 859565 418607 520667 417249 300574 415391 372974 316634 284311 391294
desembarquepred
 494574 513329 250995 358974 120613 361751 552573 73895.9 213040 205661 52471.5 317537 293711 387651 252697 516275 358405 742088 941900 627484 828248 859603 418621 520693 417252 300578 415395 372963 316631 284322 391300
Reclutas
 212621 120786 119977 218668 174981 288714 120944 56341.8 51486.9 67099.6 122156 158914 133520 93805.5 94766.9 491383 110425 761694 439460 340554 501685 676399 145806 423153 359633 161878 357354 398958 121053 90913 342362
log_desv_Rt
 0.0952257 -0.470268 -0.476988 0.123268 -0.0996083 0.401151 -0.468959 -1.23285 -1.32296 -1.05811 -0.458988 -0.195924 -0.370033 -0.723061 -0.712865 0.932939 -0.559946 1.37126 0.821263 0.56629 0.953688 1.2525 -0.282005 0.78345 0.6208 -0.177439 0.614442 0.72457 -0.468055 -0.754381 0.571583
SSB
 3.62973e+06 2.43515e+06 1.2272e+06 670595 766557 874121 1.14474e+06 746806 654373 455051 300534 441140 471436 404335 283077 354502 1.06491e+06 1.03221e+06 1.99598e+06 1.51547e+06 1.62658e+06 1.99775e+06 1.90228e+06 1.58764e+06 2.19588e+06 1.81953e+06 1.50274e+06 1.58473e+06 2.18524e+06 1.50601e+06 938458
BT
 4.85008e+06 3.30617e+06 1.68011e+06 1.50339e+06 1.35132e+06 2.32859e+06 1.75142e+06 1.40971e+06 1.17128e+06 865969 785135 1.04408e+06 1.10758e+06 1.1136e+06 989516 1.91414e+06 1.74857e+06 4.37946e+06 4.09541e+06 2.78399e+06 4.43722e+06 4.14498e+06 3.03656e+06 4.95361e+06 3.64528e+06 3.14748e+06 4.27103e+06 4.37115e+06 2.97696e+06 2.26096e+06 3.22104e+06
Ftot
 0.116677 0.211188 0.204994 0.299045 0.0986072 0.194729 0.420977 0.0662807 0.260339 0.341757 0.0864175 0.394881 0.368688 0.60382 0.40757 0.350264 0.226613 0.228961 0.330268 0.295422 0.22558 0.285588 0.167415 0.145216 0.147221 0.118819 0.146436 0.126108 0.11926 0.168048 0.175388
BD_Bspro_t
 0.981505 0.863772 0.719399 0.636851 0.636737 0.70705 0.698239 0.55357 0.607 0.568003 0.535639 0.709182 0.596643 0.510926 0.408888 0.465007 0.619905 0.600094 0.687477 0.595325 0.567721 0.614384 0.630067 0.625771 0.72454 0.733269 0.740557 0.771238 0.809732 0.751452 0.691759
BD_Bspro
 2.6307 1.76491 0.889429 0.486023 0.555573 0.633531 0.829665 0.541259 0.474266 0.329805 0.217816 0.319723 0.34168 0.293048 0.205164 0.25693 0.771811 0.748111 1.44661 1.09836 1.17889 1.44789 1.3787 1.15066 1.5915 1.31873 1.08913 1.14856 1.58378 1.0915 0.680161
BD_Bo
 1.78246 1.19584 0.602643 0.329311 0.376435 0.429257 0.56215 0.366736 0.321345 0.223463 0.147584 0.216632 0.231509 0.198558 0.139011 0.174086 0.52295 0.506892 0.98017 0.744205 0.79877 0.981039 0.934156 0.779645 1.07834 0.89352 0.737954 0.77822 1.07311 0.739562 0.460851
BD_Brms
 11.5417 7.74325 3.90222 2.13234 2.43748 2.77951 3.64001 2.37468 2.08076 1.44696 0.955631 1.40273 1.49906 1.2857 0.900121 1.12724 3.38619 3.28221 6.34677 4.81885 5.17217 6.35239 6.04882 5.04833 6.98241 5.78569 4.77838 5.03911 6.94857 4.78879 2.98409
Sel_flota
 0.831826 1 1 1 1
 0.831826 1 1 1 1
 0.831826 1 1 1 1
 0.831826 1 1 1 1
 0.831826 1 1 1 1
 0.831826 1 1 1 1
 0.831826 1 1 1 1
 0.831826 1 1 1 1
 0.831826 1 1 1 1
 0.831826 1 1 1 1
 0.831826 1 1 1 1
 0.831826 1 1 1 1
 0.831826 1 1 1 1
 0.831826 1 1 1 1
 0.831826 1 1 1 1
 0.831826 1 1 1 1
 0.831826 1 1 1 1
 0.831826 1 1 1 1
 0.831826 1 1 1 1
 0.831826 1 1 1 1
 0.831826 1 1 1 1
 0.831826 1 1 1 1
 0.831826 1 1 1 1
 0.831826 1 1 1 1
 0.831826 1 1 1 1
 0.831826 1 1 1 1
 0.831826 1 1 1 1
 0.831826 1 1 1 1
 0.831826 1 1 1 1
 0.831826 1 1 1 1
 0.831826 1 1 1 1
Sel_reclas
 1 1 1 1 1
 1 1 1 1 1
 1 1 1 1 1
 1 1 1 1 1
 1 1 1 1 1
 1 1 1 1 1
 1 1 1 1 1
 1 1 1 1 1
 1 1 1 1 1
 1 1 1 1 1
 1 1 1 1 1
 1 1 1 1 1
 1 1 1 1 1
 1 1 1 1 1
 1 1 1 1 1
 1 1 1 1 1
 1 1 1 1 1
 1 1 1 1 1
 1 1 1 1 1
 1 1 1 1 1
 1 1 1 1 1
 1 1 1 1 1
 1 1 1 1 1
 1 1 1 1 1
 1 1 1 1 1
 1 1 1 1 1
 1 1 1 1 1
 1 1 1 1 1
 1 1 1 1 1
 1 1 1 1 1
 1 1 1 1 1
Sel_pelaces
 1 1 1 1 1
 1 1 1 1 1
 1 1 1 1 1
 1 1 1 1 1
 1 1 1 1 1
 1 1 1 1 1
 1 1 1 1 1
 1 1 1 1 1
 1 1 1 1 1
 1 1 1 1 1
 1 1 1 1 1
 1 1 1 1 1
 1 1 1 1 1
 1 1 1 1 1
 1 1 1 1 1
 1 1 1 1 1
 1 1 1 1 1
 1 1 1 1 1
 1 1 1 1 1
 1 1 1 1 1
 1 1 1 1 1
 1 1 1 1 1
 1 1 1 1 1
 1 1 1 1 1
 1 1 1 1 1
 1 1 1 1 1
 1 1 1 1 1
 1 1 1 1 1
 1 1 1 1 1
 1 1 1 1 1
 1 1 1 1 1
pf_obs 
 0.8446 0.082 0.0669 0.0065 0
 0.8095 0.147 0.0364 0.0071 0
 0.9664 0.0169 0.016 0.0007 0
 0.9276 0.0648 0.0075 0.0001 0
 0.7033 0.2144 0.0806 0.0017 0
 0.9318 0.0425 0.0243 0.0014 0
 0.5671 0.3108 0.0964 0.0239 0.0018
 0.0768 0.2599 0.5324 0.112 0.0189
 0.490249 0.384438 0.106611 0.0170017 0.00170017
 0.7925 0.1577 0.0466 0.003 0.0002
 0.840416 0.127587 0.0312969 0.00059994 9.999e-05
 0.8084 0.0986 0.0794 0.0134 0.0002
 0.7335 0.1905 0.0724 0.0035 0.0001
 0.4001 0.4547 0.1325 0.0127 0
 0.49795 0.308269 0.164784 0.0264974 0.00249975
 0.9179 0.0499 0.0305 0.0017 0
 0.2467 0.6533 0.0926 0.0074 0
 0.9418 0.0223 0.034 0.0019 0
 0.707729 0.231977 0.0356964 0.0245975 0
 0.517169 0.277429 0.184464 0.0207286 0.00020938
 0.811772 0.124168 0.05621 0.00726502 0.000585176
 0.764997 0.148141 0.077277 0.00933861 0.000247198
 0.163321 0.427699 0.378323 0.0303852 0.000271297
 0.753843 0.0900009 0.118128 0.0371064 0.000921714
 0.721811 0.176058 0.0630433 0.0369309 0.00215725
 0.143369 0.312575 0.442814 0.0836902 0.0175525
 0.692698 0.0596174 0.167031 0.0765114 0.00414204
 0.394062 0.376323 0.152708 0.0712218 0.00568511
 0.125707 0.32114 0.495352 0.0537591 0.00404204
 0.23352 0.215282 0.420074 0.123614 0.00750983
 0.796117 0.104755 0.0508955 0.0450114 0.00322123
pf_pred 
 0.442298 0.116884 0.417082 0.0237347 7.77166e-07
 0.41347 0.287968 0.0625731 0.223282 0.0127066
 0.557452 0.205337 0.116463 0.0253065 0.0954409
 0.751697 0.150768 0.0452552 0.0256679 0.0266121
 0.648455 0.277559 0.0449238 0.0134845 0.0155776
 0.739368 0.180172 0.0635263 0.0102819 0.00665159
 0.47065 0.411127 0.0817259 0.0288154 0.00768102
 0.442029 0.294303 0.204781 0.0407075 0.0181788
 0.520957 0.234462 0.129005 0.0897642 0.0258123
 0.68203 0.182213 0.0664447 0.0365592 0.0327535
 0.800136 0.145406 0.0312072 0.0113798 0.011871
 0.728967 0.224735 0.0336828 0.00722903 0.00538598
 0.675785 0.249974 0.0615592 0.00922638 0.0034555
 0.618328 0.275714 0.0816954 0.0201185 0.00414463
 0.723456 0.186614 0.0649642 0.0192492 0.00571693
 0.928089 0.0551071 0.0113392 0.00394743 0.00151702
 0.393964 0.570554 0.0271906 0.00559492 0.00269623
 0.894709 0.0467802 0.0550849 0.00262515 0.00080048
 0.59553 0.369156 0.0156897 0.0184751 0.00114893
 0.603362 0.256513 0.127891 0.00543557 0.00679857
 0.738567 0.170795 0.0586173 0.0292251 0.00279569
 0.744302 0.198548 0.037336 0.0128138 0.00699979
 0.328574 0.525531 0.113287 0.0213031 0.0113052
 0.740363 0.0971839 0.127153 0.0274101 0.00788965
 0.629805 0.287525 0.0309438 0.0404863 0.0112396
 0.439055 0.378552 0.141663 0.0152459 0.0254852
 0.730791 0.131303 0.0930654 0.0348272 0.0100136
 0.688386 0.239337 0.0352522 0.0249862 0.0120388
 0.358976 0.467268 0.133454 0.0196566 0.0206451
 0.434589 0.229106 0.245146 0.0700149 0.0211438
 0.827617 0.0835107 0.0360114 0.0385326 0.0143285
pobs_RECLAS
 0 0 0 0 0
 0 0 0 0 0
 0 0 0 0 0
 0 0 0 0 0
 0 0 0 0 0
 0 0 0 0 0
 0 0 0 0 0
 0 0 0 0 0
 0 0 0 0 0
 0 0 0 0 0
 0.991045 0.00858322 0.000360255 1.14367e-05 0
 0.934742 0.0480273 0.0164251 0.00080598 0
 0.827803 0.169806 0.00239088 0 0
 0.941827 0.0461693 0.0120037 0 0
 0.791401 0.0380133 0.147996 0.0225897 0
 0.846168 0.0940531 0.0597789 0 0
 0.134021 0.677848 0.182769 0.00536245 0
 0.80878 0.0450904 0.141981 0.00414843 0
 0.846168 0.0940531 0.0597789 0 0
 0.905697 0.0802665 0.012482 0.00150086 5.37128e-05
 0.989698 0.0102097 9.19794e-05 0 0
 0.975433 0.0193895 0.00387452 0.00125025 5.28907e-05
 0.303575 0.632131 0.0575291 0.00676475 0
 0.966965 0.00978017 0.0227588 0.000495775 0
 0.843318 0.132988 0.00938335 0.0141283 0.000182051
 0.564624 0.303363 0.111486 0.0197234 0.00080311
 0.826376 0.0876187 0.0782897 0.00655872 0.00115652
 0.89761 0.0855135 0.0140674 0.00269457 0.000114338
 0.34875 0.467042 0.161289 0.0227151 0.000203297
 0.318654 0.224769 0.449479 0.00709798 0
 0.937255 0.0296025 0.0250945 0.00804832 0
ppred_RECLAS
 0.488518 0.107198 0.382516 0.0217676 7.12757e-07
 0.459575 0.265332 0.0576545 0.20573 0.0117078
 0.603075 0.184169 0.104457 0.0226976 0.0856017
 0.785332 0.130345 0.0391249 0.0221909 0.0230072
 0.689517 0.245139 0.0396764 0.0119094 0.0137581
 0.773812 0.156362 0.055131 0.00892311 0.00577254
 0.518622 0.373869 0.0743196 0.0262041 0.00698493
 0.488044 0.270032 0.187893 0.0373503 0.0166796
 0.567686 0.211591 0.116421 0.081008 0.0232944
 0.721791 0.159428 0.058136 0.0319875 0.0286578
 0.828148 0.125026 0.0268333 0.00978487 0.0102072
 0.765098 0.194776 0.0291927 0.00626536 0.00466799
 0.716124 0.218872 0.0539001 0.00807843 0.00302557
 0.663567 0.243034 0.0720121 0.0177339 0.00365337
 0.760133 0.161863 0.0563482 0.0166962 0.00495871
 0.939808 0.0461267 0.00949134 0.00330414 0.0012698
 0.439596 0.527594 0.0251433 0.00517365 0.00249322
 0.911145 0.0394779 0.0464862 0.00221537 0.000675526
 0.640347 0.328252 0.0139512 0.0164279 0.00102162
 0.647655 0.227868 0.113609 0.00482857 0.00603935
 0.773186 0.148178 0.0508551 0.0253551 0.00242548
 0.778596 0.171919 0.0323285 0.0110952 0.00606098
 0.371016 0.492311 0.106126 0.0199565 0.0105906
 0.774561 0.0843833 0.110405 0.0237998 0.00685047
 0.672124 0.254657 0.0274065 0.0358581 0.00995477
 0.48524 0.347384 0.129999 0.0139906 0.0233868
 0.765855 0.114201 0.0809439 0.030291 0.00870933
 0.72684 0.209802 0.030902 0.0219028 0.0105532
 0.402788 0.435332 0.124333 0.0183131 0.0192341
 0.480919 0.210333 0.225059 0.0642779 0.0194112
 0.852677 0.0713703 0.0307763 0.0329309 0.0122455
pobs_PELACES
 0 0 0 0 0
 0 0 0 0 0
 0 0 0 0 0
 0 0 0 0 0
 0 0 0 0 0
 0 0 0 0 0
 0 0 0 0 0
 0 0 0 0 0
 0 0 0 0 0
 0 0 0 0 0
 0 0 0 0 0
 0 0 0 0 0
 0 0 0 0 0
 0 0 0 0 0
 0 0 0 0 0
 0 0 0 0 0
 0.505614 0.472636 0.0217494 0 0
 0 0 0 0 0
 0.443492 0.261883 0.143347 0.151278 0
 0.227955 0.32914 0.350689 0.0885471 0.00366901
 0.970185 0.0296113 0.000203453 0 0
 0.997202 0.00247181 0.000326279 0 0
 0.445219 0.490057 0.0546422 0.010081 0
 0.90214 0.0892962 0.00764917 0.000914606 0
 0 0 0 0 0
 0.581667 0.319106 0.0959925 0.00289975 0.000334073
 0.762889 0.0836404 0.116647 0.0363945 0.000428098
 0.88444 0.0763242 0.0277011 0.0115352 0
 0.521256 0.241999 0.230069 0.00667565 0
 0.616807 0.101726 0.260614 0.0208532 0
 0.833518 0.0704572 0.0857862 0.0102388 0
ppred_PELACES
 0.490136 0.106858 0.381306 0.0216988 7.10502e-07
 0.462487 0.263902 0.0573438 0.204622 0.0116447
 0.605795 0.182907 0.103741 0.0225421 0.0850151
 0.788117 0.128654 0.0386174 0.021903 0.0227087
 0.690688 0.244215 0.0395269 0.0118645 0.0137062
 0.775698 0.155058 0.0546713 0.00884871 0.00572441
 0.524452 0.369342 0.0734195 0.0258867 0.00690034
 0.488964 0.269548 0.187556 0.0372833 0.0166497
 0.571228 0.209857 0.115467 0.0803442 0.0231035
 0.725584 0.157254 0.0573435 0.0315515 0.0282671
 0.82883 0.124531 0.0267269 0.00974606 0.0101667
 0.769014 0.191529 0.028706 0.00616092 0.00459018
 0.720265 0.21568 0.0531138 0.00796059 0.00298143
 0.671007 0.237659 0.0704197 0.0173417 0.00357258
 0.764233 0.159097 0.0553851 0.0164109 0.00487395
 0.940898 0.0452912 0.00931942 0.00324429 0.0012468
 0.442696 0.524675 0.0250042 0.00514503 0.00247942
 0.912168 0.0390232 0.0459508 0.00218985 0.000667746
 0.644558 0.324409 0.0137879 0.0162356 0.00100966
 0.651387 0.225454 0.112406 0.00477742 0.00597538
 0.775374 0.146749 0.0503645 0.0251105 0.00240208
 0.781316 0.169807 0.0319313 0.0109589 0.00598652
 0.373186 0.490612 0.10576 0.0198876 0.010554
 0.775965 0.0838578 0.109718 0.0236515 0.0068078
 0.673922 0.253261 0.0272562 0.0356615 0.00990018
 0.486887 0.346272 0.129583 0.0139459 0.023312
 0.767309 0.113492 0.0804412 0.0301029 0.00865524
 0.728227 0.208737 0.030745 0.0217916 0.0104996
 0.404381 0.43417 0.124001 0.0182643 0.0191828
 0.483248 0.209389 0.224049 0.0639895 0.0193241
 0.853896 0.07078 0.0305217 0.0326586 0.0121442
pobs_pel_tallas
 0 0 0 0 0 0 0 0 0 0 0 0 0 0 0 0 0 0 0 0 0 0 0 0 0 0
 0 0 0 0 0 0 0 0 0 0 0 0 0 0 0 0 0 0 0 0 0 0 0 0 0 0
 0 0 0 0 0 0 0 0 0 0 0 0 0 0 0 0 0 0 0 0 0 0 0 0 0 0
 0 0 0 0 0 0 0 0 0 0 0 0 0 0 0 0 0 0 0 0 0 0 0 0 0 0
 0 0 0 0 0 0 0 0 0 0 0 0 0 0 0 0 0 0 0 0 0 0 0 0 0 0
 0 0 0 0 0 0 0 0 0 0 0 0 0 0 0 0 0 0 0 0 0 0 0 0 0 0
 0 0 0 0 0 0 0 0 0 0 0 0 0 0 0 0 0 0 0 0 0 0 0 0 0 0
 0 0 0 0 0 0 0 0 0 0 0 0 0 0 0 0 0 0 0 0 0 0 0 0 0 0
 0 0 0 0 0 0 0 0 0 0 0 0 0 0 0 0 0 0 0 0 0 0 0 0 0 0
 0 0 0 0 0 0 0 0 0 0 0 0 0 0 0 0 0 0 0 0 0 0 0 0 0 0
 0 0 0 0 0 0 0 0 0 0 0 0 0 0 0 0 0 0 0 0 0 0 0 0 0 0
 0 0 0 0 0 0 0 0 0 0 0 0 0 0 0 0 0 0 0 0 0 0 0 0 0 0
 0.00862536 0 0 0.000197151 0.00414017 0.0128641 0.00837892 0.0270097 0.101434 0.158115 0.152841 0.127902 0.109271 0.109419 0.0830992 0.0579132 0.0238553 0.00714673 0.00463305 0.00128148 0.00103504 0.000492878 0.000147863 0.000147863 4.92878e-05 0
 0 0 0 0 0 0 0 0 0 0 0 0 0 0 0 0 0 0 0 0 0 0 0 0 0 0
 0 0 0 0 0 0 0 0.0054083 0.00873648 0.0413646 0.0450493 0.0745869 0.0622846 0.0627006 0.0613931 0.0827291 0.12552 0.122667 0.0946155 0.0697135 0.0546179 0.0294188 0.0215738 0.0213955 0.0102223 0.00600262
 0 0 0 0 0.00359764 0.0251062 0.0480494 0.140153 0.205849 0.193036 0.1447 0.116669 0.0760912 0.0342217 0.00950174 0.001854 0.000860785 0 0 0 0.000165536 0 0.000143464 0 0 0
 0 0 0 0 0 0 0 0.000145254 0.000435761 0.0275982 0.070085 0.0708112 0.156366 0.174668 0.174014 0.160142 0.0824315 0.0480064 0.0283245 0.00493863 0.00203355 0 0 0 0 0
 0 0 0 0 0 0 0 0 0 0 0 0 0 0 0 0 0 0 0 0 0 0 0 0 0 0
 0 0 1.00437e-05 0.000401748 0.00122533 0.00171747 0.00176769 0.0269171 0.070346 0.194647 0.189555 0.159765 0.064822 0.0314167 0.0384472 0.0292271 0.0345202 0.0313363 0.0194345 0.0106764 0.0143323 0.0359363 0.0279516 0.0138201 0.00172751 0
 0 0.0021121 0.0136068 0.0755702 0.200478 0.177729 0.0527432 0.0373336 0.0318909 0.0142505 0.0149659 0.0166563 0.0217959 0.0798694 0.0677717 0.0528807 0.04013 0.0224614 0.0357745 0.0225083 0.00881397 0.00855152 0.00135912 0.000746735 0 0
 0 0 0 0 5.4009e-05 0.00500934 0.000945158 0.0243581 0.138947 0.33067 0.221406 0.137944 0.0707744 0.0437923 0.0131692 0.00525238 0.0047753 0.00276346 9.45158e-05 9.00151e-06 2.25038e-05 9.00151e-06 4.50075e-06 0 0 0
 0.000866109 0.00284123 0.00948549 0.0512746 0.133035 0.25785 0.225252 0.132002 0.0553304 0.0519788 0.0540692 0.017754 0.00435017 0.00159236 0.00146478 0.000404838 0.000125132 0.000115318 0.000107957 0.000100596 0 0 0 0 0 0
 0 0 0 0 0.00144013 0.00171154 0.00461396 0.0210425 0.0478622 0.0707936 0.0888783 0.103762 0.0637923 0.0337046 0.0602308 0.124433 0.169614 0.0934646 0.0462172 0.0250306 0.0313229 0.00938855 0.002487 0.000210481 0 0
 0 0.00764035 0.051015 0.0998891 0.058973 0.0496711 0.0374665 0.0718981 0.12319 0.153886 0.159021 0.0857701 0.0377988 0.023471 0.0147837 0.00900784 0.00315554 0.000888139 0.00291439 0.00214683 0.00393193 0.00274676 0.000635225 9.99891e-05 0 0
 0 0 0 0 0 0 0 0 0 0 0 0 0 0 0 0 0 0 0 0 0 0 0 0 0 0
 0 0 0 0 0 0 0 0 0 0 0 0 0 0 0 0 0 0 0 0 0 0 0 0 0 0
 0 0 0 0 0 0 0 0 0 0 0 0 0 0 0 0 0 0 0 0 0 0 0 0 0 0
 0 0 0 0 0 0 0 0 0 0 0 0 0 0 0 0 0 0 0 0 0 0 0 0 0 0
 0 0 0 0 0 0 0 0 0 0 0 0 0 0 0 0 0 0 0 0 0 0 0 0 0 0
 0 0 0 0 0 0 0 0 0 0 0 0 0 0 0 0 0 0 0 0 0 0 0 0 0 0
 0 0 0 0 0 0 0 0 0 0 0 0 0 0 0 0 0 0 0 0 0 0 0 0 0 0
ppred_pel_tallas
 1.13208e-16 4.03719e-05 0.000392429 0.00260783 0.0118548 0.0368848 0.0785874 0.114703 0.114714 0.0786408 0.0370657 0.0123846 0.00396503 0.00344569 0.00610365 0.010715 0.0170297 0.0247341 0.0334082 0.0426575 0.0519909 0.0604704 0.0665544 0.0685181 0.065307 0.0572249
 1.24214e-16 3.80945e-05 0.000370292 0.00246072 0.0111861 0.0348043 0.0741551 0.108237 0.108262 0.07428 0.0352238 0.0123993 0.00551217 0.00705283 0.0127955 0.0212779 0.0311145 0.0401938 0.0464852 0.0492954 0.0497673 0.0500645 0.0518307 0.0551064 0.0584023 0.0596842
 1.19689e-16 4.98986e-05 0.000485032 0.00322321 0.0146523 0.0455887 0.0971322 0.141771 0.141789 0.0972191 0.0458809 0.0154982 0.00535401 0.0051611 0.00900397 0.0150028 0.0220802 0.0287933 0.0337343 0.0363501 0.0372782 0.0378297 0.0390229 0.0409325 0.0427598 0.0434079
 1.07187e-16 6.49161e-05 0.000631008 0.00419327 0.019062 0.059309 0.126365 0.184436 0.184448 0.126425 0.0595134 0.0196528 0.00567836 0.00388045 0.00625879 0.0103053 0.0149874 0.0191731 0.021769 0.0223118 0.0212483 0.0196057 0.0183132 0.0177049 0.0175036 0.0171601
 1.04713e-16 5.68911e-05 0.000553002 0.00367489 0.0167055 0.0519773 0.110744 0.161639 0.161662 0.110859 0.0523637 0.0178218 0.00647752 0.00667325 0.0116867 0.0192479 0.0277646 0.0350102 0.0387586 0.0379987 0.0335359 0.027434 0.0217568 0.0175903 0.0149113 0.0130968
 1.03474e-16 6.38932e-05 0.000621065 0.0041272 0.0187616 0.0583745 0.124374 0.18153 0.181545 0.124447 0.0586208 0.0194737 0.00591715 0.00453702 0.0075259 0.0124058 0.018017 0.0229756 0.0259073 0.0261682 0.024195 0.0211438 0.0181266 0.0156619 0.0136664 0.0118138
 1.05977e-16 4.31985e-05 0.000419905 0.00279042 0.0126848 0.0394675 0.0840909 0.122741 0.122776 0.0842651 0.0400523 0.0143746 0.00703385 0.00968979 0.0176675 0.02919 0.0421651 0.0532799 0.0591819 0.0583285 0.0518843 0.042877 0.0343181 0.027769 0.0231882 0.0197214
 1.12038e-16 4.02753e-05 0.000391491 0.00260159 0.0118265 0.0367967 0.0784003 0.114433 0.114459 0.0785285 0.0372281 0.0130755 0.00574855 0.00730067 0.0132778 0.0221903 0.0326724 0.0425778 0.0497097 0.0530174 0.0530951 0.0515009 0.0495009 0.0473146 0.044345 0.0399678
 1.15353e-16 4.70514e-05 0.000457356 0.00303929 0.0138162 0.0429874 0.09159 0.133683 0.133703 0.0916897 0.0433227 0.0147867 0.0054838 0.00582163 0.010318 0.0172056 0.0253132 0.0329806 0.0385644 0.0413756 0.0420583 0.0420013 0.0422604 0.042871 0.0429964 0.041628
 1.09643e-16 5.97654e-05 0.000580941 0.00386056 0.0175495 0.0546032 0.116338 0.169803 0.169818 0.116413 0.0548533 0.0182729 0.00567986 0.00456454 0.00766147 0.0126684 0.0184781 0.0237478 0.0271668 0.0281809 0.0273215 0.0257945 0.0246563 0.0242281 0.0241052 0.0235945
 1.03502e-16 6.82696e-05 0.000663605 0.00440989 0.0200467 0.0623729 0.132892 0.193963 0.193975 0.132951 0.0625702 0.0206168 0.00584187 0.00379276 0.00602049 0.00987029 0.014273 0.0180817 0.020181 0.0200706 0.0181598 0.0154739 0.0130124 0.0112604 0.0101406 0.00929133
 1.02273e-16 6.33427e-05 0.000615713 0.00409163 0.0186 0.0578715 0.123302 0.179967 0.179985 0.123392 0.0581745 0.019475 0.00628819 0.00541134 0.00917264 0.0150681 0.0217097 0.0273215 0.030137 0.0293422 0.0255537 0.0203901 0.0154935 0.0117651 0.00925634 0.00755226
 1.02891e-16 5.93273e-05 0.000576682 0.00383226 0.0174209 0.054203 0.115486 0.16856 0.16858 0.115588 0.0545448 0.0184086 0.00631317 0.00599814 0.010372 0.0170958 0.0247204 0.0312918 0.0348504 0.0344782 0.0308172 0.0255813 0.02048 0.0164077 0.0133741 0.0109605
 1.04437e-16 5.527e-05 0.000537244 0.00357018 0.0162295 0.0504962 0.107588 0.157033 0.157056 0.107701 0.0508732 0.0173194 0.00630896 0.00652582 0.0114574 0.0189293 0.0274395 0.034876 0.0391141 0.0391619 0.0357136 0.030599 0.0256014 0.0215889 0.0184742 0.0157513
 1.0411e-16 6.29489e-05 0.000611886 0.0040662 0.0184844 0.0575118 0.122535 0.178847 0.178863 0.122611 0.0577645 0.0192151 0.00590315 0.00463104 0.0077228 0.0127381 0.0185092 0.0236256 0.0266884 0.0270499 0.0251696 0.0222359 0.0193756 0.0170877 0.0152398 0.0134503
 1.00817e-16 7.75006e-05 0.000753333 0.00500616 0.0227573 0.0708064 0.150861 0.220187 0.220191 0.150882 0.0708781 0.0229645 0.00552666 0.00189048 0.0022398 0.00358719 0.00517662 0.00654523 0.00727884 0.0071891 0.00641923 0.00533962 0.0043173 0.00354027 0.00299948 0.00258669
 1.01792e-16 3.64644e-05 0.000354447 0.00235543 0.0107075 0.0333152 0.0709834 0.103613 0.103663 0.0712301 0.0341432 0.013098 0.00835194 0.0134318 0.0248341 0.0408968 0.058672 0.0732808 0.0797748 0.0758731 0.0633467 0.0468796 0.0313545 0.0196499 0.0122013 0.00795272
 1.01669e-16 7.51341e-05 0.00073033 0.0048533 0.0220624 0.0686444 0.146254 0.213463 0.213467 0.146273 0.0687074 0.0222452 0.0053152 0.00174858 0.00203796 0.0033256 0.00495817 0.00659744 0.0079399 0.00882382 0.00928145 0.00944038 0.00936812 0.00900957 0.0082643 0.00711429
 1.0228e-16 5.30914e-05 0.000516068 0.00342945 0.0155898 0.0485058 0.103348 0.150846 0.150877 0.103501 0.0490178 0.017068 0.00713771 0.00860376 0.0153913 0.0253045 0.0363167 0.0454003 0.0495151 0.0472768 0.0398044 0.0300026 0.020868 0.0141197 0.0099365 0.00757079
 1.04792e-16 5.3654e-05 0.000521536 0.00346579 0.015755 0.0490197 0.104443 0.152441 0.152463 0.104549 0.0493788 0.0167938 0.00607922 0.00624624 0.010983 0.0182205 0.0265859 0.0341443 0.0389296 0.0399855 0.0378504 0.0340349 0.0299594 0.0262372 0.0227367 0.019122
 1.04416e-16 6.38666e-05 0.000620806 0.00412547 0.0187538 0.0583502 0.124322 0.181454 0.181468 0.124391 0.0585833 0.019428 0.00582041 0.00432975 0.00713421 0.0117631 0.0171047 0.021863 0.0247613 0.0252186 0.0236714 0.0212163 0.0188722 0.0170549 0.0155825 0.0140468
 1.03078e-16 6.4356e-05 0.000625563 0.00415709 0.0188975 0.0587973 0.125275 0.182845 0.182862 0.125355 0.0590662 0.0196742 0.00610745 0.00488579 0.008163 0.0134138 0.0193661 0.0244596 0.0271507 0.0267342 0.0237555 0.0196206 0.0157285 0.0128043 0.0108226 0.00936946
 1.06958e-16 3.0739e-05 0.000298794 0.00198559 0.00902624 0.0280842 0.0598382 0.0873455 0.0873929 0.0600696 0.0288613 0.0112714 0.00762399 0.0126169 0.0234527 0.0387958 0.0560529 0.0708419 0.0786988 0.0775472 0.068895 0.0567236 0.0450163 0.0358747 0.0293222 0.0243333
 1.06712e-16 6.39152e-05 0.000621279 0.00412862 0.0187681 0.0583946 0.124416 0.181591 0.181599 0.124456 0.0585305 0.0191628 0.00512716 0.00282691 0.00432866 0.00725369 0.0109085 0.0146946 0.0180261 0.0206089 0.0225309 0.0240223 0.0251071 0.0254818 0.0247241 0.0226274
 1.06104e-16 5.55101e-05 0.000539578 0.00358568 0.0163 0.0507155 0.108056 0.157716 0.15774 0.108175 0.051116 0.0174567 0.00648917 0.00687841 0.0120962 0.0199174 0.0287104 0.0361705 0.0400054 0.039205 0.0346646 0.0285871 0.0231439 0.019426 0.0172973 0.0159533
 1.09172e-16 4.01043e-05 0.000389828 0.00259055 0.0117763 0.0366405 0.0780678 0.113949 0.113983 0.0782316 0.0371908 0.0133673 0.00659053 0.00914265 0.0167245 0.0277456 0.0403395 0.0515145 0.0582259 0.059048 0.0549552 0.0485106 0.0421623 0.0370243 0.0328666 0.0289231
 1.06835e-16 6.32022e-05 0.000614348 0.00408256 0.0185587 0.0577432 0.123028 0.179566 0.179577 0.123082 0.0579249 0.0190852 0.00540953 0.0035293 0.00565298 0.00938721 0.0138511 0.0181276 0.0213205 0.0230218 0.0235057 0.023425 0.0232661 0.0230284 0.0223374 0.020812
 1.04903e-16 5.99832e-05 0.000583058 0.00387462 0.0176135 0.0548022 0.116763 0.170423 0.170443 0.116861 0.0551325 0.0185676 0.00627004 0.00581419 0.0100009 0.0164558 0.0237434 0.02996 0.0332174 0.032673 0.0290385 0.0240916 0.0195867 0.0164094 0.0144677 0.0131487
 1.08768e-16 3.33085e-05 0.00032377 0.00215157 0.00978074 0.0304317 0.0648396 0.0946441 0.094686 0.0650446 0.0311204 0.0117712 0.00715273 0.0112577 0.0208466 0.0345364 0.0500416 0.0635455 0.0711596 0.0710725 0.0645726 0.0550486 0.0458227 0.0385429 0.0330813 0.0284924
 1.16207e-16 3.98045e-05 0.000386914 0.00257118 0.0116882 0.0363665 0.0774835 0.113094 0.113114 0.0775839 0.0367044 0.0126684 0.00504731 0.00584512 0.0105615 0.0178062 0.0266079 0.035487 0.0429275 0.0482075 0.0516778 0.0541687 0.0560568 0.0568418 0.0555484 0.0515155
 1.0623e-16 7.03343e-05 0.000683674 0.00454325 0.020653 0.0642591 0.136911 0.199827 0.199834 0.136945 0.064372 0.0209796 0.00536549 0.00248664 0.00351875 0.0057715 0.00846696 0.0109984 0.0128134 0.0137007 0.013917 0.0139817 0.0142919 0.0148649 0.0153705 0.0153742
pSPR Fmed_Fpbrs
0.672787   0.204436 0.204436
Fs Fmed_Fpbrs
0.2078   1.005 1.005
SSBpbr Bo_Bmed_Bpbrs
2.03636e+06  1.26822e+06  314487 314487
Ro
193308
SPR SPRFo_SPRFmed_SPRFpbrs
1.37976e+06 928284 282073
Fref
1.005
Nvult_r0
 233511 20104.4 8669.39 9276.34 3449.45
CTP_r0
 29730.1 2999.91 1293.62 1384.19 514.717
YTP_r0
391300
Np
 261736 41735.5 14657.8 1208.92 591.51
Nvult_p0
 220000 36115.4 12684 1046.13 511.857
CTP_p0
 100173 47213.8 3894.01 1679.17 2351.38
 100173 18102.7 6357.82 524.368 256.567
YTP_p0
 1.70907e+06 1.20511e+06
CBA_c0
1.55788e+06
log_Ro
11.992
likeval ReclasPelacesDesembMPH_pf_preclas_ppelaces_ptallas_desvR_qrecl_qpela
 15.3828 17.3088 0.0875402 0.00297234 240.629 119.37 98.1775 0 22.6885 2.47294e-06 0 0.44645 0 0 0
q_reclas_q_pelaces
0.800244 1
M
1
N
 212621 47116.2 168126 9567.48 0.313276
 120786 70984.1 15424.3 55038.8 3132.17
 119977 37275.8 21142.1 4594.01 17325.8
 218668 37217.5 11171.3 6336.17 6569.24
 174981 62727.5 10152.6 3047.45 3520.49
 288714 59302.6 20909.3 3384.23 2189.33
 120944 90328.7 17956 6331.04 1687.6
 56341.8 31347.9 21812.4 4335.98 1936.32
 51486.9 19615.2 10792.7 7509.72 2159.47
 67099.6 15252.9 5562.04 3060.34 2741.78
 122156 18576.5 3986.9 1453.84 1516.59
 158914 41821.6 6268.14 1345.27 1002.29
 133520 42093.3 10366 1553.64 581.874
 93805.5 36146 10710.3 2637.53 543.36
 94766.9 20883.3 7269.93 2154.12 639.763
 491383 24838.4 5110.93 1779.22 683.767
 110425 135080 6437.42 1324.61 638.338
 761694 33644.1 39616.7 1887.99 575.701
 439460 231618 9844.13 11591.7 720.869
 340554 122833 61241.3 2602.85 3255.53
 501685 97987 33629.4 16766.8 1603.92
 676399 152983 28767.8 9873.17 5393.41
 145806 196218 42298 7953.93 4221.02
 423153 46666.2 61057.1 13161.9 3788.48
 359633 137957 14847.1 19425.6 5392.85
 161878 117053 43803.7 4714.21 7880.31
 357354 53947.4 38237 14309.2 4114.19
 398958 116387 17142.7 12150.5 5854.34
 121053 132152 37743.4 5559.26 5838.83
 90913 40327.2 43150.6 12324 3721.72
 342362 29081.9 12540.7 13418.7 4989.8
pred_Ctot
 12530.4 3311.36 11816 672.409 0.0220173
 12478.2 8690.66 1888.41 6738.47 383.475
 12056.2 4440.9 2518.79 547.313 2064.13
 31063.5 6230.42 1870.15 1060.71 1099.73
 8769.11 3753.46 607.508 182.352 210.658
 27654.9 6739.07 2376.11 384.58 248.793
 23237.4 20298.6 4035.05 1422.7 379.235
 1919.08 1277.72 889.064 176.732 78.9236
 6449.92 2902.85 1597.2 1111.36 319.58
 10740.8 2869.55 1046.39 575.746 515.813
 5387.49 979.05 210.125 76.6228 79.9301
 28884.5 8904.85 1334.64 286.442 213.413
 22854.1 8453.76 2081.85 312.023 116.86
 24381 10871.5 3221.29 793.282 163.425
 17705.1 4566.99 1589.87 471.086 139.91
 80389.8 4773.3 982.187 341.92 131.402
 12177.9 17636.5 840.493 172.945 83.3436
 84804.4 4434.03 5221.18 248.823 75.873
 68238.9 42299.8 1797.81 2116.96 131.65
 47849.7 20342.8 10142.4 431.069 539.162
 55093.6 12740.5 4372.57 2180.06 208.545
 92174.8 24588.3 4623.71 1586.87 866.858
 12118.6 19382.9 4178.32 785.712 416.964
 30737.4 4034.74 5278.98 1137.97 327.551
 26465.9 12082.5 1300.33 1701.33 472.315
 9708.04 8370.24 3132.34 337.106 563.508
 26164.9 4701.1 3332.07 1246.94 358.521
 25330.7 8806.93 1297.18 919.422 442.996
 7285.53 9483.34 2708.49 398.936 418.999
 7583.16 3997.68 4277.56 1221.69 368.938
 29730.1 2999.91 1293.62 1384.19 514.717
F
 0.0970548 0.116677 0.116677 0.116677 0.116677
 0.175672 0.211188 0.211188 0.211188 0.211188
 0.170519 0.204994 0.204994 0.204994 0.204994
 0.248753 0.299045 0.299045 0.299045 0.299045
 0.082024 0.0986072 0.0986072 0.0986072 0.0986072
 0.16198 0.194729 0.194729 0.194729 0.194729
 0.35018 0.420977 0.420977 0.420977 0.420977
 0.055134 0.0662807 0.0662807 0.0662807 0.0662807
 0.216556 0.260339 0.260339 0.260339 0.260339
 0.284282 0.341757 0.341757 0.341757 0.341757
 0.0718843 0.0864175 0.0864175 0.0864175 0.0864175
 0.328472 0.394881 0.394881 0.394881 0.394881
 0.306684 0.368688 0.368688 0.368688 0.368688
 0.502273 0.60382 0.60382 0.60382 0.60382
 0.339027 0.40757 0.40757 0.40757 0.40757
 0.291359 0.350264 0.350264 0.350264 0.350264
 0.188502 0.226613 0.226613 0.226613 0.226613
 0.190455 0.228961 0.228961 0.228961 0.228961
 0.274726 0.330268 0.330268 0.330268 0.330268
 0.245739 0.295422 0.295422 0.295422 0.295422
 0.187643 0.22558 0.22558 0.22558 0.22558
 0.23756 0.285588 0.285588 0.285588 0.285588
 0.13926 0.167415 0.167415 0.167415 0.167415
 0.120795 0.145216 0.145216 0.145216 0.145216
 0.122462 0.147221 0.147221 0.147221 0.147221
 0.0988367 0.118819 0.118819 0.118819 0.118819
 0.121809 0.146436 0.146436 0.146436 0.146436
 0.1049 0.126108 0.126108 0.126108 0.126108
 0.0992032 0.11926 0.11926 0.11926 0.11926
 0.139787 0.168048 0.168048 0.168048 0.168048
 0.145892 0.175388 0.175388 0.175388 0.175388
YTP_r0W_actual
 246759 42298.7 35703.9 47339.2 19198.9
YTP_p0W_proyectada
 750299 739840 90068.4 49317.3 79547.3
 750299 283669 147056 15400.7 8679.66
CTP_r0_actual
 29730.1 2999.91 1293.62 1384.19 514.717
CTP_p0_proyectada
 100173 47213.8 3894.01 1679.17 2351.38
 100173 18102.7 6357.82 524.368 256.567
Wmedp
 7.49 15.67 23.13 29.37 33.83
Frms_r0
 0.145892 0.175388 0.175388 0.175388 0.175388
Zrms_r0
 1.14589 1.17539 1.17539 1.17539 1.17539
nmprior
 8.19 8.8 8.5 0
nm_flota  nm_reclas  nm_pelaces    nm_pelaL
inf 11.9655 18.9255 45.7258
cv_recla  cv_pelaces  cv_mph
0.354766 0.471743 1.6825
 ------------------------------------------------
Talla a la edad & desviaci?n 
 8 13.2811 15.8009 17.003 17.5766
 0.8 1.32811 1.58009 1.7003 1.75766
