years
 1991 1992 1993 1994 1995 1996 1997 1998 1999 2000 2001 2002 2003 2004 2005 2006 2007 2008 2009 2010 2011 2012 2013 2014 2015 2016 2017 2018 2019 2020 2021
reclasobs
 0 0 0 0 0 0 0 0 0 252601 567819 844713 477998 351125 339783 2.1784e+06 2.13404e+06 4.81314e+06 1.55562e+06 2.62356e+06 3.21686e+06 3.843e+06 1.13348e+06 3.07943e+06 1.97215e+06 2.03268e+06 2.025e+06 2.42433e+06 2.27542e+06 1.05018e+06 2.36338e+06
reclaspred
 4.13838e+06 1.33329e+06 940463 506928 47334.1 1.92232e+06 606374 123414 694796 185519 250482 752957 508738 439518 288180 1.92042e+06 1.12999e+06 6.61667e+06 4.44939e+06 1.56756e+06 3.76005e+06 3.56855e+06 1.93157e+06 4.06607e+06 2.55944e+06 1.38171e+06 2.46259e+06 3.83133e+06 2.70429e+06 947713 1.48719e+06
pelacesobs
 0 0 0 0 0 0 0 0 0 0 0 0 0 0 0 552880 188675 0 991730 2.46772e+06 1.41603e+06 1.21717e+06 2.29649e+06 1.80582e+06 0 1.4828e+06 1.56532e+06 1.57751e+06 1.42118e+06 867257 1.10002e+06
pelacespred
 982828 314860 177980 64356.2 4500.27 413270 90433.4 22853.2 138646 25547.5 50507.5 130822 88832.1 80004 48742 346084 199430 1.53342e+06 993320 338364 799974 721569 394525 991072 583923 305238 645712 977825 576431 234662 333482
mphobs
 0 0 0 0 0 0 0 0 0 0 0 498337 0 5186 125008 0 168611 109162 213762 579715 649985 157893 87575 83554 0 0 0 0 0 0 0
mphpred
 2.23535e+06 980796 213825 267054 59648.9 3325.62 466968 85144.9 19781.8 146428 19615.7 67499.5 167580 74565 48499.6 43119.7 560092 282096 1.94047e+06 1.00962e+06 422358 918806 989324 527841 1.08238e+06 688036 319819 595997 1.28173e+06 648252 187784
desembarqueobs
 494567 514787 250237 358949 120608 361735 552515 73892 212993 205616 52469 317467 293654 387597 252695 516296 358380 742168 942051 627588 828172 859565 418607 520667 417249 300574 415391 372974 316634 284311 391294
desembarquepred
 494502 514239 250155 358268 120421 361467 551605 73846.3 212785 205329 52443.8 317073 293181 386690 252248 515750 358165 741651 940458 626024 827415 858480 418257 520354 416851 300209 415032 372719 316398 283956 390954
Reclutas
 2543.54 1542.94 222521 5101.41 1732.42 288600 2037.88 557.317 67073.4 2648.46 39069.3 151009 56861.4 73987.2 42278.7 382478 5108.64 940664 196954 32974.2 413356 498487 5884.02 295300 143296 19829.4 221303 305879 11323.5 4461.97 146403
log_desv_Rt
 -2.66572 -3.16558 1.80575 -1.96976 -3.04976 2.06577 -2.88736 -4.1839 0.606513 -2.6253 0.0660633 1.41806 0.441343 0.704617 0.145009 2.3474 -1.96834 3.24731 1.68369 -0.10355 2.42504 2.6123 -1.82703 2.08872 1.36564 -0.612107 1.80026 2.12392 -1.17239 -2.10368 1.38709
SSB
 2.23535e+06 980796 213825 267054 59648.9 3325.62 466968 85144.9 19781.8 146428 19615.7 67499.5 167580 74565 48499.6 43119.7 560092 282096 1.94047e+06 1.00962e+06 422358 918806 989324 527841 1.08238e+06 688036 319819 595997 1.28173e+06 648252 187784
BT
 2.72767e+06 1.29235e+06 636605 396277 117503 1.27413e+06 698391 123432 509796 238734 162125 562859 461197 588004 362475 1.20484e+06 743568 4.20621e+06 3.17148e+06 1.42564e+06 2.57053e+06 2.42937e+06 1.27025e+06 2.78132e+06 1.74474e+06 984182 1.93145e+06 2.62592e+06 1.59378e+06 854308 1.15533e+06
Ftot
 0.231013 0.70272 0.698203 1.24866 3.01422 0.589618 1.51882 1.05542 0.91507 1.79364 0.613979 1.15438 1.26863 2.11459 2.12893 0.812412 0.612459 0.339995 0.453054 0.761779 0.597267 0.597425 0.422752 0.351342 0.360466 0.438538 0.470423 0.270621 0.233511 0.564599 0.730462
BD_Bspro_t
 0.963861 0.710535 0.353834 0.419684 0.112953 0.0106881 0.471846 0.126712 0.0492904 0.28296 0.0739568 0.305829 0.335025 0.160182 0.1054 0.0998975 0.45203 0.294162 0.667245 0.477687 0.262738 0.429859 0.470774 0.359188 0.558705 0.508771 0.395746 0.568194 0.710717 0.557211 0.322135
BD_Bspro
 8.55106 3.75192 0.817963 1.02159 0.22818 0.0127217 1.78633 0.325712 0.0756728 0.560141 0.0750377 0.258211 0.641059 0.28524 0.185529 0.164949 2.14257 1.07913 7.42304 3.8622 1.61568 3.51478 3.78454 2.01919 4.14053 2.632 1.22343 2.27992 4.90309 2.47981 0.718346
BD_Bo
 1.33977 0.587846 0.128157 0.160061 0.0357509 0.00199323 0.27988 0.051032 0.0118563 0.0877621 0.0117568 0.0404562 0.10044 0.044691 0.0290685 0.025844 0.335694 0.169076 1.16303 0.605124 0.253142 0.550691 0.592957 0.316364 0.648732 0.412378 0.191685 0.357214 0.768209 0.388534 0.112549
BD_Brms
 6.36155 2.79123 0.608522 0.760006 0.169754 0.00946432 1.32894 0.242312 0.0562966 0.416716 0.0558241 0.192096 0.476915 0.212203 0.138024 0.122714 1.59396 0.802813 5.52235 2.87327 1.20198 2.61481 2.8155 1.50217 3.08034 1.95807 0.910167 1.69614 3.64764 1.84485 0.534412
Sel_flota
 0.603474 0.966573 0.998183 0.999904 0.999995
 0.603474 0.966573 0.998183 0.999904 0.999995
 0.603474 0.966573 0.998183 0.999904 0.999995
 0.603474 0.966573 0.998183 0.999904 0.999995
 0.603474 0.966573 0.998183 0.999904 0.999995
 0.603474 0.966573 0.998183 0.999904 0.999995
 0.603474 0.966573 0.998183 0.999904 0.999995
 0.603474 0.966573 0.998183 0.999904 0.999995
 0.603474 0.966573 0.998183 0.999904 0.999995
 0.603474 0.966573 0.998183 0.999904 0.999995
 0.603474 0.966573 0.998183 0.999904 0.999995
 0.603474 0.966573 0.998183 0.999904 0.999995
 0.603474 0.966573 0.998183 0.999904 0.999995
 0.603474 0.966573 0.998183 0.999904 0.999995
 0.603474 0.966573 0.998183 0.999904 0.999995
 0.603474 0.966573 0.998183 0.999904 0.999995
 0.603474 0.966573 0.998183 0.999904 0.999995
 0.603474 0.966573 0.998183 0.999904 0.999995
 0.603474 0.966573 0.998183 0.999904 0.999995
 0.603474 0.966573 0.998183 0.999904 0.999995
 0.603474 0.966573 0.998183 0.999904 0.999995
 0.603474 0.966573 0.998183 0.999904 0.999995
 0.603474 0.966573 0.998183 0.999904 0.999995
 0.603474 0.966573 0.998183 0.999904 0.999995
 0.603474 0.966573 0.998183 0.999904 0.999995
 0.603474 0.966573 0.998183 0.999904 0.999995
 0.603474 0.966573 0.998183 0.999904 0.999995
 0.603474 0.966573 0.998183 0.999904 0.999995
 0.603474 0.966573 0.998183 0.999904 0.999995
 0.603474 0.966573 0.998183 0.999904 0.999995
 0.603474 0.966573 0.998183 0.999904 0.999995
Sel_reclas
 1 1 1 1 1
 1 1 1 1 1
 1 1 1 1 1
 1 1 1 1 1
 1 1 1 1 1
 1 1 1 1 1
 1 1 1 1 1
 1 1 1 1 1
 1 1 1 1 1
 1 1 1 1 1
 1 1 1 1 1
 1 1 1 1 1
 1 1 1 1 1
 1 1 1 1 1
 1 1 1 1 1
 1 1 1 1 1
 1 1 1 1 1
 1 1 1 1 1
 1 1 1 1 1
 1 1 1 1 1
 1 1 1 1 1
 1 1 1 1 1
 1 1 1 1 1
 1 1 1 1 1
 1 1 1 1 1
 1 1 1 1 1
 1 1 1 1 1
 1 1 1 1 1
 1 1 1 1 1
 1 1 1 1 1
 1 1 1 1 1
Sel_pelaces
 1 1 1 1 1
 1 1 1 1 1
 1 1 1 1 1
 1 1 1 1 1
 1 1 1 1 1
 1 1 1 1 1
 1 1 1 1 1
 1 1 1 1 1
 1 1 1 1 1
 1 1 1 1 1
 1 1 1 1 1
 1 1 1 1 1
 1 1 1 1 1
 1 1 1 1 1
 1 1 1 1 1
 1 1 1 1 1
 1 1 1 1 1
 1 1 1 1 1
 1 1 1 1 1
 1 1 1 1 1
 1 1 1 1 1
 1 1 1 1 1
 1 1 1 1 1
 1 1 1 1 1
 1 1 1 1 1
 1 1 1 1 1
 1 1 1 1 1
 1 1 1 1 1
 1 1 1 1 1
 1 1 1 1 1
 1 1 1 1 1
pf_obs 
 0.8446 0.082 0.0669 0.0065 0
 0.8095 0.147 0.0364 0.0071 0
 0.9664 0.0169 0.016 0.0007 0
 0.9276 0.0648 0.0075 0.0001 0
 0.7033 0.2144 0.0806 0.0017 0
 0.9318 0.0425 0.0243 0.0014 0
 0.5671 0.3108 0.0964 0.0239 0.0018
 0.0768 0.2599 0.5324 0.112 0.0189
 0.490249 0.384438 0.106611 0.0170017 0.00170017
 0.7925 0.1577 0.0466 0.003 0.0002
 0.840416 0.127587 0.0312969 0.00059994 9.999e-05
 0.8084 0.0986 0.0794 0.0134 0.0002
 0.7335 0.1905 0.0724 0.0035 0.0001
 0.4001 0.4547 0.1325 0.0127 0
 0.49795 0.308269 0.164784 0.0264974 0.00249975
 0.9179 0.0499 0.0305 0.0017 0
 0.2467 0.6533 0.0926 0.0074 0
 0.9418 0.0223 0.034 0.0019 0
 0.707729 0.231977 0.0356964 0.0245975 0
 0.517169 0.277429 0.184464 0.0207286 0.00020938
 0.811772 0.124168 0.05621 0.00726502 0.000585176
 0.764997 0.148141 0.077277 0.00933861 0.000247198
 0.163321 0.427699 0.378323 0.0303852 0.000271297
 0.753843 0.0900009 0.118128 0.0371064 0.000921714
 0.721811 0.176058 0.0630433 0.0369309 0.00215725
 0.143369 0.312575 0.442814 0.0836902 0.0175525
 0.692698 0.0596174 0.167031 0.0765114 0.00414204
 0.394062 0.376323 0.152708 0.0712218 0.00568511
 0.125707 0.32114 0.495352 0.0537591 0.00404204
 0.23352 0.215282 0.420074 0.123614 0.00750983
 0.774587 0.0839891 0.0768558 0.0609784 0.00358967
pf_pred 
 0.0117604 0.170845 0.733802 0.0835921 5.3466e-07
 0.0250736 0.0192494 0.17012 0.705357 0.0802003
 0.950884 0.00231115 0.000967685 0.00817583 0.0376614
 0.0632526 0.91228 0.00120473 0.000482151 0.0227806
 0.170612 0.104607 0.706948 0.000880815 0.016952
 0.998803 0.000527951 9.24092e-05 0.000562876 1.41147e-05
 0.0201008 0.979262 0.000288064 4.83016e-05 0.000300892
 0.0558561 0.0419944 0.9016 0.00024874 0.000300432
 0.979737 0.00224847 0.000842847 0.0171615 1.04225e-05
 0.124061 0.867155 0.00102132 0.000364122 0.0073985
 0.953831 0.0118564 0.033993 3.72984e-05 0.000282348
 0.914709 0.0831292 0.000573308 0.00157403 1.4765e-05
 0.589799 0.392491 0.0172862 0.000112785 0.000311623
 0.818744 0.13684 0.0426036 0.00176984 4.33103e-05
 0.802235 0.183051 0.0113215 0.00325446 0.000137907
 0.982669 0.015883 0.00134815 7.69958e-05 2.29712e-05
 0.0383792 0.952725 0.00818399 0.000662539 4.90012e-05
 0.96936 0.00204093 0.0283451 0.000233275 2.02347e-05
 0.313612 0.674138 0.000844859 0.0113042 0.000100898
 0.154557 0.373343 0.464014 0.000558856 0.0075281
 0.904383 0.02471 0.0321233 0.0381214 0.000662654
 0.75096 0.235541 0.00360331 0.00448864 0.00540692
 0.0250894 0.822301 0.144677 0.00212102 0.00581109
 0.830574 0.00718303 0.13767 0.0232978 0.00127456
 0.489784 0.456801 0.00234793 0.0433461 0.00772111
 0.161356 0.519353 0.287033 0.00142076 0.0308383
 0.868898 0.0329427 0.0616977 0.0327848 0.00367643
 0.749244 0.231166 0.00507382 0.00913163 0.00538487
 0.0598585 0.781964 0.146237 0.00309694 0.00884317
 0.0734534 0.0881829 0.701415 0.12663 0.0103189
 0.916851 0.0106047 0.00717397 0.0547121 0.0106581
pobs_RECLAS
 0 0 0 0 0
 0 0 0 0 0
 0 0 0 0 0
 0 0 0 0 0
 0 0 0 0 0
 0 0 0 0 0
 0 0 0 0 0
 0 0 0 0 0
 0 0 0 0 0
 0 0 0 0 0
 0.991045 0.00858322 0.000360255 1.14367e-05 0
 0.934742 0.0480273 0.0164251 0.00080598 0
 0.827803 0.169806 0.00239088 0 0
 0.941827 0.0461693 0.0120037 0 0
 0.791401 0.0380133 0.147996 0.0225897 0
 0.846168 0.0940531 0.0597789 0 0
 0.134021 0.677848 0.182769 0.00536245 0
 0.80878 0.0450904 0.141981 0.00414843 0
 0.846168 0.0940531 0.0597789 0 0
 0.905697 0.0802665 0.012482 0.00150086 5.37128e-05
 0.989698 0.0102097 9.19794e-05 0 0
 0.975433 0.0193895 0.00387452 0.00125025 5.28907e-05
 0.303575 0.632131 0.0575291 0.00676475 0
 0.966965 0.00978017 0.0227588 0.000495775 0
 0.843318 0.132988 0.00938335 0.0141283 0.000182051
 0.564624 0.303363 0.111486 0.0197234 0.00080311
 0.826376 0.0876187 0.0782897 0.00655872 0.00115652
 0.89761 0.0855135 0.0140674 0.00269457 0.000114338
 0.34875 0.467042 0.161289 0.0227151 0.000203297
 0.318654 0.224769 0.449479 0.00709798 0
 0.937255 0.0296025 0.0250945 0.00804832 0
ppred_RECLAS
 0.0193642 0.174221 0.724075 0.0823389 5.26595e-07
 0.0422182 0.0196039 0.167265 0.692215 0.0786982
 0.970717 0.00142743 0.000577028 0.00486604 0.0224129
 0.104063 0.873454 0.00110938 0.000443061 0.0209314
 0.310137 0.0914919 0.583695 0.000724984 0.0139506
 0.999285 0.000321573 5.43754e-05 0.000330595 8.28917e-06
 0.0348176 0.964581 0.000272279 4.55536e-05 0.00028374
 0.0940374 0.0417644 0.863673 0.000237797 0.000287184
 0.988213 0.00135315 0.000489053 0.0099383 6.03507e-06
 0.203659 0.788711 0.000889105 0.000316235 0.00642471
 0.972117 0.00734659 0.0203454 2.22823e-05 0.000168659
 0.948211 0.0505257 0.000335387 0.000918924 8.61891e-06
 0.712542 0.275503 0.0116683 7.59702e-05 0.000209882
 0.895016 0.080164 0.0238097 0.000986591 2.414e-05
 0.883826 0.107906 0.00636581 0.00182523 7.73333e-05
 0.989547 0.00960817 0.000786837 4.48515e-05 1.33798e-05
 0.0616152 0.929999 0.00771662 0.000623543 4.61125e-05
 0.981462 0.00127387 0.0171118 0.000140576 1.21927e-05
 0.427129 0.562997 0.00068209 0.00910982 8.13037e-05
 0.236277 0.343965 0.412582 0.000495966 0.00668027
 0.941025 0.0156463 0.0196491 0.0232749 0.000404542
 0.832347 0.15887 0.00234779 0.00291923 0.0035161
 0.0404236 0.813601 0.138402 0.00202536 0.00554848
 0.891502 0.0047505 0.0880586 0.0148754 0.000813716
 0.610028 0.350413 0.00174189 0.0321002 0.00571737
 0.241037 0.476062 0.254368 0.0012568 0.0272768
 0.91736 0.021308 0.038576 0.0204612 0.00229426
 0.828918 0.158134 0.003358 0.00603288 0.00355722
 0.0936946 0.757968 0.137159 0.00289958 0.00827885
 0.118306 0.0865865 0.665426 0.119911 0.00977044
 0.949647 0.00663249 0.00433103 0.0329679 0.00642162
pobs_PELACES
 0 0 0 0 0
 0 0 0 0 0
 0 0 0 0 0
 0 0 0 0 0
 0 0 0 0 0
 0 0 0 0 0
 0 0 0 0 0
 0 0 0 0 0
 0 0 0 0 0
 0 0 0 0 0
 0 0 0 0 0
 0 0 0 0 0
 0 0 0 0 0
 0 0 0 0 0
 0 0 0 0 0
 0 0 0 0 0
 0.505614 0.472636 0.0217494 0 0
 0 0 0 0 0
 0.443492 0.261883 0.143347 0.151278 0
 0.227955 0.32914 0.350689 0.0885471 0.00366901
 0.970185 0.0296113 0.000203453 0 0
 0.997202 0.00247181 0.000326279 0 0
 0.445219 0.490057 0.0546422 0.010081 0
 0.90214 0.0892962 0.00764917 0.000914606 0
 0 0 0 0 0
 0.581667 0.319106 0.0959925 0.00289975 0.000334073
 0.762889 0.0836404 0.116647 0.0363945 0.000428098
 0.88444 0.0763242 0.0277011 0.0115352 0
 0.521256 0.241999 0.230069 0.00667565 0
 0.616807 0.101726 0.260614 0.0208532 0
 0.833518 0.0704572 0.0857862 0.0102388 0
ppred_PELACES
 0.0199357 0.174467 0.723351 0.0822458 5.25996e-07
 0.046086 0.0196717 0.166618 0.689263 0.0783609
 0.973195 0.00131622 0.000528211 0.00445261 0.0205082
 0.118897 0.859286 0.00107726 0.000429929 0.0203102
 0.39866 0.0819551 0.506669 0.000628237 0.0120878
 0.999336 0.000299653 5.03583e-05 0.000306069 7.67408e-06
 0.0414793 0.957933 0.000266152 4.44901e-05 0.000277104
 0.106373 0.0416306 0.85148 0.000234299 0.000282951
 0.989517 0.00121423 0.000434674 0.00882866 5.36109e-06
 0.240767 0.752098 0.000832116 0.000295664 0.00600646
 0.974162 0.00683987 0.0188211 2.06058e-05 0.000155967
 0.954611 0.0442957 0.000290513 0.000795453 7.46057e-06
 0.742752 0.246685 0.0103104 6.70809e-05 0.000185317
 0.916948 0.0637461 0.0185204 0.000766497 1.87535e-05
 0.907698 0.0858685 0.00495448 0.00141885 6.01116e-05
 0.990514 0.00872546 0.00070852 4.03686e-05 1.20422e-05
 0.0660009 0.925705 0.00763208 0.000616497 4.55906e-05
 0.982246 0.001224 0.0163837 0.000134568 1.16714e-05
 0.440483 0.549921 0.000663106 0.00885399 7.90194e-05
 0.253968 0.337467 0.401584 0.000482536 0.00649923
 0.945118 0.0146291 0.0182575 0.0216192 0.000375757
 0.842145 0.149636 0.00219759 0.00273154 0.00328998
 0.0424622 0.812418 0.137593 0.00201303 0.00551464
 0.895837 0.00457681 0.0845287 0.0142763 0.000780933
 0.620347 0.341277 0.00169011 0.0311396 0.00554621
 0.251102 0.470554 0.250277 0.00123628 0.0268311
 0.921802 0.0202377 0.036459 0.0193331 0.00216774
 0.833498 0.153935 0.00325961 0.00585521 0.00345243
 0.0961325 0.756231 0.136512 0.00288552 0.00823864
 0.126136 0.0862785 0.659165 0.118745 0.00967525
 0.953977 0.00610436 0.0039559 0.0301 0.00586286
pobs_pel_tallas
 0 0 0 0 0 0 0 0 0 0 0 0 0 0 0 0 0 0 0 0 0 0 0 0 0 0
 0 0 0 0 0 0 0 0 0 0 0 0 0 0 0 0 0 0 0 0 0 0 0 0 0 0
 0 0 0 0 0 0 0 0 0 0 0 0 0 0 0 0 0 0 0 0 0 0 0 0 0 0
 0 0 0 0 0 0 0 0 0 0 0 0 0 0 0 0 0 0 0 0 0 0 0 0 0 0
 0 0 0 0 0 0 0 0 0 0 0 0 0 0 0 0 0 0 0 0 0 0 0 0 0 0
 0 0 0 0 0 0 0 0 0 0 0 0 0 0 0 0 0 0 0 0 0 0 0 0 0 0
 0 0 0 0 0 0 0 0 0 0 0 0 0 0 0 0 0 0 0 0 0 0 0 0 0 0
 0 0 0 0 0 0 0 0 0 0 0 0 0 0 0 0 0 0 0 0 0 0 0 0 0 0
 0 0 0 0 0 0 0 0 0 0 0 0 0 0 0 0 0 0 0 0 0 0 0 0 0 0
 0 0 0 0 0 0 0 0 0 0 0 0 0 0 0 0 0 0 0 0 0 0 0 0 0 0
 0 0 0 0 0 0 0 0 0 0 0 0 0 0 0 0 0 0 0 0 0 0 0 0 0 0
 0 0 0 0 0 0 0 0 0 0 0 0 0 0 0 0 0 0 0 0 0 0 0 0 0 0
 0.00862536 0 0 0.000197151 0.00414017 0.0128641 0.00837892 0.0270097 0.101434 0.158115 0.152841 0.127902 0.109271 0.109419 0.0830992 0.0579132 0.0238553 0.00714673 0.00463305 0.00128148 0.00103504 0.000492878 0.000147863 0.000147863 4.92878e-05 0
 0 0 0 0 0 0 0 0 0 0 0 0 0 0 0 0 0 0 0 0 0 0 0 0 0 0
 0 0 0 0 0 0 0 0.0054083 0.00873648 0.0413646 0.0450493 0.0745869 0.0622846 0.0627006 0.0613931 0.0827291 0.12552 0.122667 0.0946155 0.0697135 0.0546179 0.0294188 0.0215738 0.0213955 0.0102223 0.00600262
 0 0 0 0 0.00359764 0.0251062 0.0480494 0.140153 0.205849 0.193036 0.1447 0.116669 0.0760912 0.0342217 0.00950174 0.001854 0.000860785 0 0 0 0.000165536 0 0.000143464 0 0 0
 0 0 0 0 0 0 0 0.000145254 0.000435761 0.0275982 0.070085 0.0708112 0.156366 0.174668 0.174014 0.160142 0.0824315 0.0480064 0.0283245 0.00493863 0.00203355 0 0 0 0 0
 0 0 0 0 0 0 0 0 0 0 0 0 0 0 0 0 0 0 0 0 0 0 0 0 0 0
 0 0 1.00437e-05 0.000401748 0.00122533 0.00171747 0.00176769 0.0269171 0.070346 0.194647 0.189555 0.159765 0.064822 0.0314167 0.0384472 0.0292271 0.0345202 0.0313363 0.0194345 0.0106764 0.0143323 0.0359363 0.0279516 0.0138201 0.00172751 0
 0 0.0021121 0.0136068 0.0755702 0.200478 0.177729 0.0527432 0.0373336 0.0318909 0.0142505 0.0149659 0.0166563 0.0217959 0.0798694 0.0677717 0.0528807 0.04013 0.0224614 0.0357745 0.0225083 0.00881397 0.00855152 0.00135912 0.000746735 0 0
 0 0 0 0 5.4009e-05 0.00500934 0.000945158 0.0243581 0.138947 0.33067 0.221406 0.137944 0.0707744 0.0437923 0.0131692 0.00525238 0.0047753 0.00276346 9.45158e-05 9.00151e-06 2.25038e-05 9.00151e-06 4.50075e-06 0 0 0
 0.000866109 0.00284123 0.00948549 0.0512746 0.133035 0.25785 0.225252 0.132002 0.0553304 0.0519788 0.0540692 0.017754 0.00435017 0.00159236 0.00146478 0.000404838 0.000125132 0.000115318 0.000107957 0.000100596 0 0 0 0 0 0
 0 0 0 0 0.00144013 0.00171154 0.00461396 0.0210425 0.0478622 0.0707936 0.0888783 0.103762 0.0637923 0.0337046 0.0602308 0.124433 0.169614 0.0934646 0.0462172 0.0250306 0.0313229 0.00938855 0.002487 0.000210481 0 0
 0 0.00764035 0.051015 0.0998891 0.058973 0.0496711 0.0374665 0.0718981 0.12319 0.153886 0.159021 0.0857701 0.0377988 0.023471 0.0147837 0.00900784 0.00315554 0.000888139 0.00291439 0.00214683 0.00393193 0.00274676 0.000635225 9.99891e-05 0 0
 0 0 0 0 0 0 0 0 0 0 0 0 0 0 0 0 0 0 0 0 0 0 0 0 0 0
 0 0 0 0 0 0 0 0 0 0 0 0 0 0 0 0 0 0 0 0 0 0 0 0 0 0
 0 0 0 0 0 0 0 0 0 0 0 0 0 0 0 0 0 0 0 0 0 0 0 0 0 0
 0 0 0 0 0 0 0 0 0 0 0 0 0 0 0 0 0 0 0 0 0 0 0 0 0 0
 0 0 0 0 0 0 0 0 0 0 0 0 0 0 0 0 0 0 0 0 0 0 0 0 0 0
 0 0 0 0 0 0 0 0 0 0 0 0 0 0 0 0 0 0 0 0 0 0 0 0 0 0
 0 0 0 0 0 0 0 0 0 0 0 0 0 0 0 0 0 0 0 0 0 0 0 0 0 0
ppred_pel_tallas
 1.29168e-16 1.64212e-06 1.5962e-05 0.000106074 0.000482208 0.00150042 0.00319747 0.00467054 0.00468846 0.00328555 0.00179938 0.00135982 0.00236222 0.0051172 0.0102054 0.018213 0.0293653 0.0434451 0.0600058 0.0785099 0.0979955 0.116427 0.130503 0.13656 0.132257 0.117925
 1.87198e-16 3.79605e-06 3.6899e-05 0.000245207 0.00111468 0.00346818 0.00738941 0.0107856 0.010788 0.00740145 0.00351021 0.00124347 0.000597414 0.000905435 0.00195957 0.00407847 0.0079768 0.0147611 0.0259032 0.0429653 0.066949 0.0973873 0.131606 0.164704 0.190562 0.203657
 1.03933e-16 8.01608e-05 0.000779191 0.005178 0.0235384 0.0732368 0.156039 0.227743 0.227743 0.156039 0.073239 0.0235449 0.00519474 0.000817215 0.000157158 0.000146831 0.000240331 0.000389796 0.000621308 0.000984959 0.0015424 0.00234107 0.00337788 0.00456981 0.0057507 0.0067047
 1.03731e-16 9.79357e-06 9.5197e-05 0.000632622 0.00287586 0.0089483 0.0190684 0.0278482 0.0279308 0.019472 0.0103031 0.00678642 0.0104393 0.0214723 0.040518 0.0667317 0.0955749 0.119032 0.128955 0.121625 0.100066 0.0721764 0.0462374 0.0271899 0.0158074 0.0102052
 1.16751e-16 3.28371e-05 0.000319188 0.00212112 0.0096423 0.0300008 0.0639202 0.0932952 0.0933039 0.0639629 0.0301464 0.0100725 0.0032375 0.0028771 0.00524374 0.00953427 0.0158587 0.0243535 0.0350012 0.0475087 0.0609996 0.0736979 0.0830479 0.0865254 0.0828004 0.0724968
 1.00034e-16 8.2314e-05 0.000800121 0.00531709 0.0241707 0.075204 0.16023 0.233861 0.233861 0.16023 0.0752045 0.0241721 0.00532055 0.000807714 9.68166e-05 2.9995e-05 3.57508e-05 4.60047e-05 5.358e-05 5.75812e-05 5.94392e-05 6.16795e-05 6.60778e-05 7.23767e-05 7.84043e-05 8.13298e-05
 1.00304e-16 3.4168e-06 3.32126e-05 0.000220714 0.00100339 0.00312241 0.00665603 0.00973398 0.00982609 0.00710598 0.00463258 0.00536242 0.0111517 0.0238596 0.0451483 0.0743563 0.106461 0.132507 0.143372 0.134859 0.110282 0.078413 0.0484903 0.0260992 0.0122522 0.00504762
 1.24654e-16 8.76177e-06 8.51676e-05 0.000565969 0.00257281 0.00800501 0.0170557 0.0248944 0.0248997 0.0170823 0.00809805 0.0028581 0.00134437 0.00199001 0.00422667 0.00853272 0.0159038 0.0274823 0.0441218 0.0657037 0.0903715 0.114224 0.132041 0.139087 0.133161 0.115684
 1.009e-16 8.15052e-05 0.00079226 0.00526484 0.0239332 0.0744651 0.158656 0.231563 0.231563 0.158656 0.0744671 0.023939 0.00527968 0.000825414 0.000146914 0.000120781 0.000183704 0.000271643 0.000385186 0.000537486 0.000746201 0.00102087 0.0013478 0.00168281 0.00195947 0.00211097
 1.01263e-16 1.98318e-05 0.000192773 0.00128105 0.00582349 0.0181194 0.038608 0.0563647 0.056437 0.0389613 0.0193052 0.00924605 0.00986378 0.0189012 0.035469 0.0583922 0.0836136 0.104095 0.112685 0.106102 0.0869621 0.0621587 0.0389404 0.0216696 0.0111002 0.00568722
 1.00574e-16 8.02405e-05 0.000779966 0.00518315 0.0235618 0.0733096 0.156194 0.22797 0.22797 0.156197 0.073321 0.0235951 0.00526791 0.000969337 0.000452532 0.00065394 0.00101022 0.0014275 0.00186372 0.00229044 0.00268749 0.00302311 0.00323901 0.00326447 0.00305604 0.00263195
 1.00101e-16 7.863e-05 0.000764312 0.00507912 0.023089 0.0718383 0.153059 0.223395 0.2234 0.15308 0.0719082 0.0232906 0.00558475 0.00186657 0.00216754 0.00344717 0.00493064 0.00614263 0.00665849 0.00628557 0.00517777 0.00373932 0.00239357 0.0013928 0.000777138 0.000453351
 1.00399e-16 6.11796e-05 0.000594687 0.00395191 0.0179648 0.0558953 0.119092 0.173823 0.173847 0.119208 0.0562845 0.0190885 0.00677048 0.0067409 0.011714 0.0192163 0.0275522 0.0343856 0.0373794 0.0354536 0.029438 0.0215402 0.0140714 0.00840953 0.00478709 0.00273116
 1.00631e-16 7.55278e-05 0.000734157 0.00487873 0.022178 0.0690041 0.147021 0.214582 0.214588 0.147051 0.0691052 0.0224702 0.0056128 0.0023388 0.00312934 0.0050701 0.00733349 0.00929774 0.0103799 0.0103034 0.00924647 0.0076999 0.00615436 0.00486916 0.00385721 0.0030191
 1.00318e-16 7.47659e-05 0.000726751 0.00482952 0.0219543 0.068308 0.145538 0.212418 0.212427 0.145578 0.0684435 0.0223456 0.00581125 0.00286798 0.00413573 0.00670412 0.00961563 0.0120187 0.0131012 0.01249 0.010473 0.00781186 0.00529859 0.00339709 0.00217426 0.00145761
 1.00029e-16 8.15873e-05 0.000793058 0.00527015 0.0239573 0.0745401 0.158816 0.231796 0.231797 0.15882 0.0745539 0.0239971 0.00536997 0.00101082 0.000494702 0.000687506 0.000979566 0.00122547 0.00133831 0.00127979 0.0010785 0.000810809 0.000556108 0.000360894 0.000232165 0.000153474
 1.00527e-16 5.4366e-06 5.28457e-05 0.000351183 0.00159648 0.00496772 0.0105875 0.0154715 0.0155605 0.0110224 0.00642733 0.0058097 0.010917 0.0230853 0.0436514 0.0719017 0.102979 0.128242 0.138885 0.130855 0.107338 0.0767718 0.0480346 0.0264782 0.0130586 0.00594897
 1.00489e-16 8.09063e-05 0.000786438 0.00522616 0.0237574 0.0739179 0.15749 0.229861 0.229861 0.157491 0.0739204 0.0237648 0.00524597 0.000833648 0.000182104 0.000202961 0.000353938 0.000588717 0.000915068 0.00132889 0.00179616 0.00224568 0.00258078 0.00271207 0.00259662 0.00225992
 1.01062e-16 3.62821e-05 0.000352675 0.00234365 0.0106539 0.0331487 0.0706287 0.103096 0.103149 0.070887 0.0340157 0.0131566 0.00861978 0.0140337 0.0259609 0.0427093 0.0611656 0.0761734 0.0825112 0.0777879 0.0639193 0.0459387 0.0291239 0.0166296 0.00896981 0.00498931
 1.12824e-16 2.09191e-05 0.000203341 0.00135127 0.00614271 0.0191124 0.0407223 0.0594423 0.0594753 0.0408841 0.0196574 0.00772364 0.00534551 0.00900815 0.0169919 0.0287044 0.0428441 0.0569726 0.0684764 0.0759215 0.0795488 0.0804403 0.0791992 0.0754241 0.0683697 0.0580176
 1.02763e-16 7.78482e-05 0.000756712 0.00502862 0.0228594 0.071124 0.151537 0.221173 0.221175 0.151544 0.0711478 0.0229286 0.00520408 0.00114542 0.000833036 0.0012994 0.00197358 0.00271852 0.00345789 0.00417525 0.00491469 0.00572048 0.00655799 0.00728549 0.00770499 0.00765703
 1.00933e-16 6.93664e-05 0.000674266 0.00448074 0.0203688 0.0633749 0.135028 0.19708 0.197094 0.135098 0.0636109 0.0210501 0.00618942 0.00439964 0.00713077 0.011643 0.0166823 0.0208055 0.0225972 0.0214149 0.0177839 0.0130696 0.00869379 0.00549132 0.00357315 0.00259724
 1.05314e-16 3.49772e-06 3.39992e-05 0.00022594 0.00102714 0.00319623 0.00681281 0.00995991 0.0100382 0.00719556 0.00448146 0.00473961 0.00954582 0.0203827 0.0386587 0.0639272 0.0921347 0.115941 0.127825 0.124253 0.107729 0.0850106 0.0630219 0.0456694 0.033401 0.024786
 1.04005e-16 7.37889e-05 0.000717255 0.00476641 0.0216674 0.0674153 0.143636 0.20964 0.209641 0.143638 0.0674254 0.0216982 0.00485012 0.000921575 0.000525159 0.000916842 0.00169977 0.00294451 0.00475499 0.00714911 0.00996935 0.0128348 0.0151952 0.0165021 0.016425 0.0149924
 1.04198e-16 5.10972e-05 0.000496683 0.00330064 0.0150042 0.0466839 0.0994662 0.145181 0.145214 0.0996266 0.0472222 0.0165583 0.0071987 0.00899657 0.0161663 0.0265748 0.0381176 0.0476138 0.05188 0.0494992 0.0417129 0.0316503 0.0225124 0.0160915 0.012474 0.0107077
 1.12008e-16 2.0683e-05 0.000201046 0.00133603 0.00607341 0.0188969 0.0402634 0.0587752 0.0588209 0.0404866 0.0196469 0.00824325 0.00679617 0.0121652 0.0228733 0.0381206 0.055699 0.0716754 0.0819823 0.0846393 0.0807552 0.0734293 0.0655446 0.0582936 0.0513334 0.0439281
 1.03364e-16 7.59277e-05 0.000738044 0.00490456 0.0222954 0.0693693 0.147799 0.215717 0.215719 0.147809 0.0694026 0.0223922 0.00515039 0.00128449 0.0011427 0.00184554 0.00283254 0.0039475 0.00508626 0.00620841 0.00733534 0.00847429 0.00953033 0.0102952 0.0105345 0.0101109
 1.01305e-16 6.86542e-05 0.000667343 0.00443473 0.0201596 0.0627242 0.133641 0.195056 0.195071 0.133713 0.0629671 0.0208607 0.00619315 0.00450164 0.00733804 0.0119899 0.0171897 0.0214611 0.0233553 0.0222182 0.0185927 0.013879 0.0095252 0.00636738 0.00449366 0.00353085
 1.05817e-16 7.91846e-06 7.69703e-05 0.000511498 0.00232524 0.00723508 0.0154178 0.022518 0.0225909 0.0157742 0.00843172 0.00578199 0.00919008 0.0190278 0.0360144 0.0595649 0.0858892 0.108171 0.119428 0.11638 0.10135 0.0805895 0.0604858 0.0446107 0.0333313 0.025296
 1.3259e-16 1.03897e-05 0.000100991 0.000671123 0.00305084 0.00949233 0.0202248 0.0295206 0.0295299 0.020271 0.00965052 0.0035211 0.00190202 0.00295527 0.00592192 0.0110564 0.0189223 0.0300623 0.044859 0.0632559 0.0842208 0.105254 0.122532 0.132023 0.131123 0.119869
 1.04127e-16 7.85778e-05 0.000763804 0.00507575 0.0230736 0.0717906 0.152957 0.223246 0.223247 0.15296 0.0718006 0.0231028 0.00514993 0.000929221 0.000403576 0.000573255 0.000895328 0.00130301 0.00180509 0.00245188 0.00331914 0.0044557 0.00581718 0.00723208 0.00843163 0.00913684
pSPR Fmed_Fpbrs
0.366185   0.260604 0.260604
Fs Fmed_Fpbrs
0.700408   1.005 1.005
SSBpbr Bo_Bmed_Bpbrs
1.66846e+06  527542  351385 351385
Ro
36571.7
SPR SPRFo_SPRFmed_SPRFpbrs
261412 95725.2 68125.1
Fref
1.005
Nvult_r0
 111745 955.508 634.39 4833.35 941.502
CTP_r0
 34188.1 395.436 267.507 2040.14 397.425
YTP_r0
390954
Np
 121785 34658.8 211.999 136.847 1225.5
Nvult_p0
 97356.4 29832.2 183.399 118.417 1060.47
CTP_p0
 36754.5 14699.7 91.8447 59.3533 531.557
YTP_p0
 535325
CBA_c0
434265
log_Ro
10.327
likeval ReclasPelacesDesembMPH_pf_preclas_ppelaces_ptallas_desvR_qrecl_qpela
 21.4532 87.1731 0.239243 0.00160394 394.792 142.172 128.701 0 186.892 2.54676e-05 0 0.0208086 0 0 0
q_reclas_q_pelaces
2.04442 1
M
1
N
 2543.54 23864.6 99545.8 11322.2 0.0724114
 1542.94 813.951 7022.4 29079.2 3306.14
 222521 371.434 151.816 1281.03 5900.56
 5101.41 53714 69.5822 27.8195 1314.34
 1732.42 883.364 5910.62 7.36041 141.653
 288600 103.365 17.6419 107.315 2.69083
 2037.88 74382.6 21.5066 3.60287 22.4428
 557.317 299.794 6303.92 1.73725 2.09815
 67073.4 108.442 39.7636 808.695 0.491103
 2648.46 14204.6 16.4731 5.86818 119.229
 39069.3 330.075 923.011 1.01142 7.65586
 151009 9922.62 67.0786 183.971 1.72562
 56861.4 27679.6 1196.05 7.79577 21.5385
 73987.2 9728.2 2987.6 124.021 3.03485
 42278.7 7597.27 463.531 133.15 5.64195
 382478 4303.93 357.015 20.3649 6.07535
 5108.64 86176.7 722.003 58.3723 4.31689
 940664 1298.66 17538.8 144.125 12.5007
 196954 281859 343.936 4595.31 41.0133
 32974.2 55122.7 66920 80.4974 1084.27
 413356 7659.99 9710.88 11508.7 200.039
 498487 106046 1582.03 1968.09 2370.56
 5884.02 127874 21898.5 320.578 878.241
 295300 1677.19 31262.7 5282.7 288.979
 143296 87879.4 439.342 8098.85 1442.51
 19829.4 42409.9 22818 112.783 2447.82
 221303 5598.63 10211.4 5418.44 607.569
 305879 61291.7 1307.12 2348.87 1385
 11323.5 95571.8 17358.3 367.032 1047.96
 4461.97 3618.16 28055.2 5058.06 412.144
 146403 1167.51 771.237 5874.37 1144.27
pred_Ctot
 211.62 3074.25 13204.3 1504.18 0.00962085
 348.862 267.827 2366.96 9813.98 1115.87
 50041.5 121.627 50.9256 430.263 1981.98
 1812.59 26142.7 34.5232 13.8167 652.81
 1051.17 644.506 4355.64 5.42687 104.444
 56218.9 29.7164 5.20137 31.6822 0.794462
 831.212 40494.7 11.9121 1.99738 12.4426
 174.656 131.312 2819.21 0.777782 0.939417
 18808.7 43.1655 16.1807 329.463 0.200088
 1205.07 8423.09 9.92062 3.53689 71.8653
 7879.83 97.9487 280.824 0.308131 2.33254
 50638.8 4602.08 31.7386 87.1394 0.817399
 20437.7 13600.6 599.004 3.90822 10.7984
 37221.7 6221 1936.84 80.4602 1.96897
 21353.8 4872.43 301.356 86.6268 3.67078
 97477.2 1575.53 133.732 7.6377 2.27866
 1028.17 25523.3 219.247 17.7493 1.31273
 112160 236.146 3279.67 26.991 2.34125
 30451.8 65458.9 82.036 1097.64 9.7972
 7972.3 19257.7 23934.7 28.8268 388.313
 81419.1 2224.57 2891.97 3431.97 59.657
 98209.7 30803.7 471.237 587.019 707.111
 855.094 28025.6 4930.87 72.2882 198.053
 36285.2 313.804 6014.39 1017.81 55.6814
 18025 16811.2 86.4086 1595.22 284.152
 2978.01 9585.29 5297.54 26.2219 569.158
 35381 1341.41 2512.29 1334.98 149.702
 29524.2 9109.15 199.936 359.835 212.192
 951.713 12432.7 2325.08 49.2394 140.601
 837.232 1005.12 7994.82 1443.35 117.616
 34188.1 395.436 267.507 2040.14 397.425
F
 0.13941 0.223291 0.230593 0.230991 0.231011
 0.424074 0.679231 0.701444 0.702653 0.702717
 0.421347 0.674864 0.696934 0.698136 0.698199
 0.753535 1.20692 1.24639 1.24854 1.24865
 1.819 2.91346 3.00874 3.01393 3.0142
 0.355819 0.569909 0.588547 0.589561 0.589615
 0.916569 1.46805 1.51606 1.51867 1.51881
 0.636921 1.02014 1.05351 1.05532 1.05542
 0.552222 0.884483 0.913408 0.914983 0.915066
 1.08241 1.73368 1.79038 1.79346 1.79363
 0.370521 0.593456 0.612864 0.613921 0.613976
 0.696639 1.11579 1.15228 1.15427 1.15437
 0.765588 1.22623 1.26633 1.26851 1.26863
 1.2761 2.04391 2.11075 2.11439 2.11458
 1.28475 2.05777 2.12506 2.12873 2.12892
 0.49027 0.785256 0.810936 0.812334 0.812408
 0.369603 0.591986 0.611346 0.6124 0.612456
 0.205178 0.32863 0.339377 0.339962 0.339993
 0.273407 0.43791 0.452231 0.453011 0.453052
 0.459714 0.736315 0.760395 0.761706 0.761775
 0.360435 0.577302 0.596182 0.59721 0.597264
 0.360531 0.577455 0.59634 0.597368 0.597422
 0.25512 0.40862 0.421983 0.422711 0.422749
 0.212026 0.339598 0.350704 0.351309 0.351341
 0.217532 0.348417 0.359811 0.360431 0.360464
 0.264646 0.423879 0.437741 0.438496 0.438536
 0.283888 0.454698 0.469568 0.470378 0.47042
 0.163313 0.261575 0.270129 0.270595 0.270619
 0.140918 0.225706 0.233087 0.233489 0.23351
 0.340721 0.545726 0.563573 0.564545 0.564596
 0.440815 0.706045 0.729135 0.730392 0.730458
YTP_r0W_actual
 290599 6445.61 7730.95 70996.8 15181.7
YTP_p0W_proyectada
 276394 236960 2147.33 1750.92 18073
CTP_r0_actual
 34188.1 395.436 267.507 2040.14 397.425
CTP_p0_proyectada
 36754.5 14699.7 91.8447 59.3533 531.557
Wmedp
 7.52 16.12 23.38 29.5 34
Frms_r0
 0.440815 0.706045 0.729135 0.730392 0.730458
Zrms_r0
 1.44082 1.70604 1.72913 1.73039 1.73046
nmprior
 8.19 8.8 8.5 0
nm_flota  nm_reclas  nm_pelaces    nm_pelaL
inf 7.68851 4.95412 8.00676
cv_recla  cv_pelaces  cv_mph
0.418958 1.05868 1.23595
 ------------------------------------------------
Talla a la edad & desviaci?n 
 8 13.2811 15.8009 17.003 17.5766
 0.8 1.32811 1.58009 1.7003 1.75766
