years
 1991 1992 1993 1994 1995 1996 1997 1998 1999 2000 2001 2002 2003 2004 2005 2006 2007 2008 2009 2010 2011 2012 2013 2014 2015 2016 2017 2018 2019 2020 2021
reclasobs
 0 0 0 0 0 0 0 0 0 252601 567819 844713 477998 351125 339783 2.1784e+06 2.13404e+06 4.81314e+06 1.55562e+06 2.62356e+06 3.21686e+06 3.843e+06 1.13348e+06 3.07943e+06 1.97215e+06 2.03268e+06 2.025e+06 2.42433e+06 2.27542e+06 1.05018e+06 2.36338e+06
reclaspred
 3.12064e+06 2.30708e+06 723040 338465 4.60953e+06 4.53747e+06 1.15052e+06 128842 1.22713e+06 225794 270968 1.43431e+06 521929 705465 373511 2.23559e+06 676089 5.78667e+06 5.58163e+06 1.35197e+06 2.99316e+06 3.67057e+06 1.39138e+06 3.7269e+06 2.65438e+06 1.19263e+06 2.15831e+06 4.56864e+06 2.87988e+06 538054 1.37858e+06
pelacesobs
 0 0 0 0 0 0 0 0 0 0 0 0 0 0 0 552880 188675 0 991730 2.46772e+06 1.41603e+06 1.21717e+06 2.29649e+06 1.80582e+06 0 1.4828e+06 1.56532e+06 1.57751e+06 1.42118e+06 867257 1.10002e+06
pelacespred
 3.35178e+06 1.37018e+06 500096 81219.9 2.0341e+06 3.34151e+06 944405 107909 557227 102027 120613 591682 240970 283559 130339 847333 349871 2.89465e+06 3.46178e+06 932436 1.3595e+06 1.65067e+06 927314 2.1309e+06 1.68095e+06 862337 1.27651e+06 2.83417e+06 2.40168e+06 461956 616690
mphobs
 0 0 0 0 0 0 0 0 0 0 0 498337 0 5186 125008 0 168611 109162 213762 579715 649985 157893 87575 83554 0 0 0 0 0 0 0
mphpred
 1.08702e+06 318980 271893 40899.3 23145.3 1.0486e+06 565588 71543.7 7119.33 128143 8649.96 34606.2 159808 27292.8 32403.3 22339.7 267508 52327.4 800161 606036 127599 296991 467455 149675 470443 366959 112630 240279 802108 297515 30246.5
desembarqueobs
 494567 514787 250237 358949 120608 361735 552515 73892 212993 205616 52469 317467 293654 387597 252695 516296 358380 742168 942051 627588 828172 859565 418607 520667 417249 300574 415391 372974 316634 284311 391294
desembarquepred
 494426 514621 249561 358022 120571 361395 550999 73809.8 212736 205266 52422.3 316949 292914 386440 252064 515378 357864 741111 939716 624949 826707 857762 417943 520022 416459 299988 414653 372508 316105 283282 390718
Reclutas
 745.046 202961 1064.42 75320.6 437391 8671.76 592.088 164.849 64524.2 783.888 26142.2 164026 24710.5 79860 37633.5 269204 1717.34 507231 345175 14845.9 246946 428150 1750.51 183187 147122 6821.83 129904 225712 5701.29 1661.77 103074
log_desv_Rt
 -3.55712 2.05021 -3.20037 1.05895 2.81802 -1.10274 -3.78691 -5.06553 0.904234 -3.5063 0.000745943 1.83722 -0.0555777 1.11747 0.365087 2.33266 -2.72203 2.96616 2.58125 -0.565085 2.24636 2.79667 -2.7029 1.9477 1.72845 -1.34268 1.60399 2.15645 -1.52211 -2.75492 1.37264
SSB
 998869 293112 249844 37582.6 21268.4 963565 519722 65741.9 6541.99 117751 7948.5 31799.8 146848 25079.5 29775.6 20528 245814 48084 735272 556890 117251 272907 429547 137537 432292 337201 103496 220794 737062 273388 27793.7
BT
 1.28604e+06 1.00399e+06 353973 321581 1.11917e+06 1.22432e+06 775712 103142 473856 205500 102889 554811 332572 550304 310564 838037 381231 2.1446e+06 2.26234e+06 871421 1.38842e+06 1.46382e+06 602542 1.50473e+06 983369 498413 1.04296e+06 1.68014e+06 940189 424298 682513
Ftot
 0.57486 1.18017 1.19489 4.33711 0.188735 0.3136 1.49667 1.72238 1.1883 2.48922 1.25537 1.41686 2.0645 3.025 3.36761 1.52774 1.70592 0.883568 0.869234 1.55578 1.63522 1.3465 1.06701 0.882529 0.777851 0.937251 1.18622 0.523858 0.424592 1.63262 1.79918
BD_Bspro_t
 0.912736 0.469114 0.339988 0.0766131 0.043731 0.689115 0.466891 0.105997 0.0219926 0.274074 0.0353516 0.189404 0.295397 0.0631254 0.0689794 0.0517137 0.265186 0.0694243 0.444615 0.328112 0.0871333 0.180009 0.264898 0.119638 0.323455 0.320636 0.165019 0.323128 0.578067 0.335244 0.0693854
BD_Bspro
 5.34945 1.56977 1.33804 0.201274 0.113903 5.16038 2.78338 0.352082 0.0350357 0.630619 0.0425683 0.170304 0.786448 0.134313 0.159463 0.109938 1.31646 0.257514 3.93776 2.98243 0.62794 1.46156 2.30044 0.736581 2.31515 1.80588 0.554273 1.18246 3.94734 1.46413 0.148849
BD_Bo
 0.719739 0.211203 0.180026 0.0270803 0.015325 0.694301 0.374488 0.0473706 0.00471386 0.0848464 0.00572732 0.0229135 0.105812 0.0180711 0.0214549 0.0147916 0.177123 0.0346471 0.529804 0.401269 0.0844858 0.196644 0.309512 0.0991029 0.31149 0.242971 0.0745744 0.159094 0.531093 0.196991 0.0200269
BD_Brms
 3.04473 0.89346 0.76157 0.114559 0.0648298 2.93712 1.58421 0.200393 0.0199412 0.358928 0.0242285 0.0969317 0.447621 0.0764468 0.0907613 0.0625732 0.749287 0.146569 2.24124 1.6975 0.357403 0.83187 1.30934 0.419238 1.31771 1.02785 0.315474 0.67302 2.2467 0.833337 0.0847203
Sel_flota
 0.514795 0.952738 0.997396 0.999863 0.999993
 0.514795 0.952738 0.997396 0.999863 0.999993
 0.514795 0.952738 0.997396 0.999863 0.999993
 0.514795 0.952738 0.997396 0.999863 0.999993
 0.514795 0.952738 0.997396 0.999863 0.999993
 0.514795 0.952738 0.997396 0.999863 0.999993
 0.514795 0.952738 0.997396 0.999863 0.999993
 0.514795 0.952738 0.997396 0.999863 0.999993
 0.514795 0.952738 0.997396 0.999863 0.999993
 0.514795 0.952738 0.997396 0.999863 0.999993
 0.514795 0.952738 0.997396 0.999863 0.999993
 0.514795 0.952738 0.997396 0.999863 0.999993
 0.514795 0.952738 0.997396 0.999863 0.999993
 0.514795 0.952738 0.997396 0.999863 0.999993
 0.514795 0.952738 0.997396 0.999863 0.999993
 0.514795 0.952738 0.997396 0.999863 0.999993
 0.514795 0.952738 0.997396 0.999863 0.999993
 0.514795 0.952738 0.997396 0.999863 0.999993
 0.514795 0.952738 0.997396 0.999863 0.999993
 0.514795 0.952738 0.997396 0.999863 0.999993
 0.514795 0.952738 0.997396 0.999863 0.999993
 0.514795 0.952738 0.997396 0.999863 0.999993
 0.514795 0.952738 0.997396 0.999863 0.999993
 0.514795 0.952738 0.997396 0.999863 0.999993
 0.514795 0.952738 0.997396 0.999863 0.999993
 0.514795 0.952738 0.997396 0.999863 0.999993
 0.514795 0.952738 0.997396 0.999863 0.999993
 0.514795 0.952738 0.997396 0.999863 0.999993
 0.514795 0.952738 0.997396 0.999863 0.999993
 0.514795 0.952738 0.997396 0.999863 0.999993
 0.514795 0.952738 0.997396 0.999863 0.999993
Sel_reclas
 1 1 1 1 1
 1 1 1 1 1
 1 1 1 1 1
 1 1 1 1 1
 1 1 1 1 1
 1 1 1 1 1
 1 1 1 1 1
 1 1 1 1 1
 1 1 1 1 1
 1 1 1 1 1
 1 1 1 1 1
 1 1 1 1 1
 1 1 1 1 1
 1 1 1 1 1
 1 1 1 1 1
 1 1 1 1 1
 1 1 1 1 1
 1 1 1 1 1
 1 1 1 1 1
 1 1 1 1 1
 1 1 1 1 1
 1 1 1 1 1
 1 1 1 1 1
 1 1 1 1 1
 1 1 1 1 1
 1 1 1 1 1
 1 1 1 1 1
 1 1 1 1 1
 1 1 1 1 1
 1 1 1 1 1
 1 1 1 1 1
Sel_pelaces
 0.437302 0.796381 0.951652 0.990006 0.997998
 0.437302 0.796381 0.951652 0.990006 0.997998
 0.437302 0.796381 0.951652 0.990006 0.997998
 0.437302 0.796381 0.951652 0.990006 0.997998
 0.437302 0.796381 0.951652 0.990006 0.997998
 0.437302 0.796381 0.951652 0.990006 0.997998
 0.437302 0.796381 0.951652 0.990006 0.997998
 0.437302 0.796381 0.951652 0.990006 0.997998
 0.437302 0.796381 0.951652 0.990006 0.997998
 0.437302 0.796381 0.951652 0.990006 0.997998
 0.437302 0.796381 0.951652 0.990006 0.997998
 0.437302 0.796381 0.951652 0.990006 0.997998
 0.437302 0.796381 0.951652 0.990006 0.997998
 0.437302 0.796381 0.951652 0.990006 0.997998
 0.437302 0.796381 0.951652 0.990006 0.997998
 0.437302 0.796381 0.951652 0.990006 0.997998
 0.437302 0.796381 0.951652 0.990006 0.997998
 0.437302 0.796381 0.951652 0.990006 0.997998
 0.437302 0.796381 0.951652 0.990006 0.997998
 0.437302 0.796381 0.951652 0.990006 0.997998
 0.437302 0.796381 0.951652 0.990006 0.997998
 0.437302 0.796381 0.951652 0.990006 0.997998
 0.437302 0.796381 0.951652 0.990006 0.997998
 0.437302 0.796381 0.951652 0.990006 0.997998
 0.437302 0.796381 0.951652 0.990006 0.997998
 0.437302 0.796381 0.951652 0.990006 0.997998
 0.437302 0.796381 0.951652 0.990006 0.997998
 0.437302 0.796381 0.951652 0.990006 0.997998
 0.437302 0.796381 0.951652 0.990006 0.997998
 0.437302 0.796381 0.951652 0.990006 0.997998
 0.437302 0.796381 0.951652 0.990006 0.997998
pf_obs 
 0.8446 0.082 0.0669 0.0065 0
 0.8095 0.147 0.0364 0.0071 0
 0.9664 0.0169 0.016 0.0007 0
 0.9276 0.0648 0.0075 0.0001 0
 0.7033 0.2144 0.0806 0.0017 0
 0.9318 0.0425 0.0243 0.0014 0
 0.5671 0.3108 0.0964 0.0239 0.0018
 0.0768 0.2599 0.5324 0.112 0.0189
 0.490249 0.384438 0.106611 0.0170017 0.00170017
 0.7925 0.1577 0.0466 0.003 0.0002
 0.840416 0.127587 0.0312969 0.00059994 9.999e-05
 0.8084 0.0986 0.0794 0.0134 0.0002
 0.7335 0.1905 0.0724 0.0035 0.0001
 0.4001 0.4547 0.1325 0.0127 0
 0.49795 0.308269 0.164784 0.0264974 0.00249975
 0.9179 0.0499 0.0305 0.0017 0
 0.2467 0.6533 0.0926 0.0074 0
 0.9418 0.0223 0.034 0.0019 0
 0.707729 0.231977 0.0356964 0.0245975 0
 0.517169 0.277429 0.184464 0.0207286 0.00020938
 0.811772 0.124168 0.05621 0.00726502 0.000585176
 0.764997 0.148141 0.077277 0.00933861 0.000247198
 0.163321 0.427699 0.378323 0.0303852 0.000271297
 0.753843 0.0900009 0.118128 0.0371064 0.000921714
 0.721811 0.176058 0.0630433 0.0369309 0.00215725
 0.143369 0.312575 0.442814 0.0836902 0.0175525
 0.692698 0.0596174 0.167031 0.0765114 0.00414204
 0.394062 0.376323 0.152708 0.0712218 0.00568511
 0.125707 0.32114 0.495352 0.0537591 0.00404204
 0.23352 0.215282 0.420074 0.123614 0.00750983
 0.774587 0.0839891 0.0768558 0.0609784 0.00358967
pf_pred 
 0.00684096 0.260465 0.533479 0.199214 7.11087e-07
 0.905853 0.0014032 0.0254377 0.0490497 0.0182564
 0.016116 0.947765 0.000583959 0.00977762 0.0257572
 0.922829 0.00312896 0.0715394 4.0652e-05 0.00246242
 0.987883 0.0120094 5.26984e-06 9.85275e-05 3.40734e-06
 0.0325849 0.961104 0.00625837 2.61577e-06 5.04637e-05
 0.0090247 0.0613985 0.923823 0.00570526 4.82426e-05
 0.0295473 0.0261484 0.0636774 0.875203 0.00542377
 0.993521 0.00059269 0.000175329 0.000387036 0.00532381
 0.0431501 0.954587 0.000223472 6.10054e-05 0.00197796
 0.969667 0.00453629 0.0257432 5.30883e-06 4.80843e-05
 0.955531 0.0439715 7.97356e-05 0.000416831 8.6048e-07
 0.373906 0.615612 0.0103745 1.72296e-05 8.98238e-05
 0.929458 0.0473125 0.0228809 0.000344942 3.53677e-06
 0.825433 0.171975 0.00182127 0.00075911 1.14671e-05
 0.986235 0.0132476 0.000511044 4.6032e-06 1.93032e-06
 0.0254675 0.969751 0.00461674 0.00016251 2.06709e-06
 0.988585 0.000821064 0.0105471 4.55522e-05 1.61519e-06
 0.643421 0.3549 0.000128807 0.00154333 6.87572e-06
 0.0908816 0.732422 0.175922 5.95568e-05 0.00071406
 0.939301 0.0136245 0.0385878 0.00844936 3.69591e-05
 0.876454 0.121051 0.000602982 0.00155274 0.000339708
 0.0133063 0.936845 0.0489252 0.000223856 0.000699282
 0.906821 0.002954 0.085983 0.0041637 7.82261e-05
 0.669475 0.317191 0.000452214 0.0122788 0.000603475
 0.0881469 0.746335 0.159274 0.000212495 0.00603148
 0.910103 0.0167227 0.0606537 0.0120504 0.000470475
 0.832045 0.161948 0.00119193 0.00399409 0.000820944
 0.0454335 0.869132 0.082553 0.000573187 0.00230812
 0.0561812 0.0832787 0.78738 0.0707007 0.0024598
 0.97748 0.00359129 0.00182184 0.015659 0.00144739
pobs_RECLAS
 0 0 0 0 0
 0 0 0 0 0
 0 0 0 0 0
 0 0 0 0 0
 0 0 0 0 0
 0 0 0 0 0
 0 0 0 0 0
 0 0 0 0 0
 0 0 0 0 0
 0 0 0 0 0
 0.991045 0.00858322 0.000360255 1.14367e-05 0
 0.934742 0.0480273 0.0164251 0.00080598 0
 0.827803 0.169806 0.00239088 0 0
 0.941827 0.0461693 0.0120037 0 0
 0.791401 0.0380133 0.147996 0.0225897 0
 0.846168 0.0940531 0.0597789 0 0
 0.134021 0.677848 0.182769 0.00536245 0
 0.80878 0.0450904 0.141981 0.00414843 0
 0.846168 0.0940531 0.0597789 0 0
 0.905697 0.0802665 0.012482 0.00150086 5.37128e-05
 0.989698 0.0102097 9.19794e-05 0 0
 0.975433 0.0193895 0.00387452 0.00125025 5.28907e-05
 0.303575 0.632131 0.0575291 0.00676475 0
 0.966965 0.00978017 0.0227588 0.000495775 0
 0.843318 0.132988 0.00938335 0.0141283 0.000182051
 0.564624 0.303363 0.111486 0.0197234 0.00080311
 0.826376 0.0876187 0.0782897 0.00655872 0.00115652
 0.89761 0.0855135 0.0140674 0.00269457 0.000114338
 0.34875 0.467042 0.161289 0.0227151 0.000203297
 0.318654 0.224769 0.449479 0.00709798 0
 0.937255 0.0296025 0.0250945 0.00804832 0
ppred_RECLAS
 0.0134256 0.268344 0.523325 0.194905 6.9561e-07
 0.953091 0.000739357 0.0126911 0.024399 0.00907996
 0.0317768 0.934606 0.000545166 0.00910102 0.0239711
 0.976365 0.0010615 0.0218147 1.23236e-05 0.000746251
 0.993469 0.00647586 2.71222e-06 5.05817e-05 1.74901e-06
 0.0594588 0.934687 0.00580523 2.42019e-06 4.66842e-05
 0.0194226 0.0641639 0.910759 0.00560679 4.7402e-05
 0.0640186 0.0268473 0.0614965 0.842418 0.00521968
 0.996912 0.000297607 8.33525e-05 0.000183455 0.00252309
 0.0948398 0.903177 0.000196614 5.34606e-05 0.00173297
 0.985374 0.00229252 0.0123084 2.53064e-06 2.29174e-05
 0.977739 0.0220267 3.77171e-05 0.000196559 4.05699e-07
 0.567792 0.425428 0.00671108 1.11054e-05 5.78853e-05
 0.971391 0.0196977 0.00877784 0.000131739 1.35043e-06
 0.926122 0.0728733 0.000706741 0.000293153 4.42724e-06
 0.993304 0.0064579 0.000234922 2.10931e-06 8.84372e-07
 0.0521881 0.943436 0.00422565 0.000148251 1.88538e-06
 0.994379 0.000424117 0.00517403 2.2284e-05 7.90034e-07
 0.778304 0.220707 7.60843e-05 0.000909085 4.0495e-06
 0.173204 0.673609 0.152519 5.14685e-05 0.000616981
 0.971338 0.00674128 0.0179798 0.00392409 1.71618e-05
 0.935094 0.0636688 0.000299733 0.000769481 0.000168319
 0.0260344 0.927198 0.0459037 0.000209424 0.000654099
 0.952203 0.00159303 0.0440372 0.00212654 3.99468e-05
 0.796785 0.195426 0.000264854 0.00717179 0.000352427
 0.160233 0.693741 0.140533 0.000186964 0.005306
 0.954855 0.00878155 0.0301566 0.00597363 0.000233188
 0.904061 0.0926716 0.00064967 0.0021713 0.000446226
 0.0827569 0.838672 0.0759286 0.000525829 0.00211713
 0.116126 0.0823859 0.733551 0.0656526 0.00228378
 0.989857 0.00170841 0.000814342 0.00697571 0.000644665
pobs_PELACES
 0 0 0 0 0
 0 0 0 0 0
 0 0 0 0 0
 0 0 0 0 0
 0 0 0 0 0
 0 0 0 0 0
 0 0 0 0 0
 0 0 0 0 0
 0 0 0 0 0
 0 0 0 0 0
 0 0 0 0 0
 0 0 0 0 0
 0 0 0 0 0
 0 0 0 0 0
 0 0 0 0 0
 0 0 0 0 0
 0.505614 0.472636 0.0217494 0 0
 0 0 0 0 0
 0.443492 0.261883 0.143347 0.151278 0
 0.227955 0.32914 0.350689 0.0885471 0.00366901
 0.970185 0.0296113 0.000203453 0 0
 0.997202 0.00247181 0.000326279 0 0
 0.445219 0.490057 0.0546422 0.010081 0
 0.90214 0.0892962 0.00764917 0.000914606 0
 0 0 0 0 0
 0.581667 0.319106 0.0959925 0.00289975 0.000334073
 0.762889 0.0836404 0.116647 0.0363945 0.000428098
 0.88444 0.0763242 0.0277011 0.0115352 0
 0.521256 0.241999 0.230069 0.00667565 0
 0.616807 0.101726 0.260614 0.0208532 0
 0.833518 0.0704572 0.0857862 0.0102388 0
ppred_PELACES
 0.0070482 0.236099 0.545572 0.21128 7.60123e-07
 0.916438 0.00109166 0.0220059 0.0439697 0.0164943
 0.0208094 0.937818 0.000642286 0.0111436 0.0295865
 0.974361 0.00103074 0.0237453 1.39057e-05 0.000848692
 0.988462 0.0114181 5.69867e-06 0.000110544 3.85321e-06
 0.03501 0.957851 0.00707622 3.06818e-06 5.96606e-05
 0.011525 0.05585 0.926647 0.00592728 5.05129e-05
 0.038554 0.0229561 0.0612606 0.871784 0.00544484
 0.994305 0.000455261 0.000149723 0.000342483 0.00474801
 0.0761343 0.921438 0.000231065 6.52278e-05 0.00213126
 0.974812 0.00344491 0.0216964 4.63591e-06 4.23193e-05
 0.967248 0.0323352 6.47967e-05 0.000350887 7.30033e-07
 0.492315 0.498472 0.0091149 1.56648e-05 8.23021e-05
 0.965075 0.0230175 0.0117227 0.000182576 1.88641e-06
 0.917874 0.0808453 0.00089156 0.000383666 5.84012e-06
 0.990194 0.00940113 0.000399568 3.72759e-06 1.57538e-06
 0.0372198 0.957598 0.00499808 0.000182164 2.33521e-06
 0.989544 0.000676474 0.00973412 4.35822e-05 1.55753e-06
 0.685892 0.312395 0.000127051 0.00157812 7.08617e-06
 0.122564 0.693271 0.183325 6.42757e-05 0.000776675
 0.954111 0.00952086 0.0296216 0.00671654 2.96094e-05
 0.905415 0.0924156 0.000509675 0.00135969 0.000299808
 0.0166971 0.928184 0.0540551 0.00025633 0.000807027
 0.913574 0.00245011 0.0798895 0.00401044 7.59408e-05
 0.704875 0.281365 0.000450478 0.0126817 0.000628201
 0.104198 0.71749 0.171299 0.000236899 0.00677715
 0.923206 0.0130262 0.0525284 0.0108141 0.000425528
 0.847071 0.146598 0.00121865 0.00423526 0.0008774
 0.0492825 0.855402 0.0919652 0.000662326 0.00268819
 0.0733148 0.0748137 0.777082 0.0722556 0.00253358
 0.983435 0.0023833 0.00132201 0.0117636 0.00109584
pobs_pel_tallas
 0 0 0 0 0 0 0 0 0 0 0 0 0 0 0 0 0 0 0 0 0 0 0 0 0 0
 0 0 0 0 0 0 0 0 0 0 0 0 0 0 0 0 0 0 0 0 0 0 0 0 0 0
 0 0 0 0 0 0 0 0 0 0 0 0 0 0 0 0 0 0 0 0 0 0 0 0 0 0
 0 0 0 0 0 0 0 0 0 0 0 0 0 0 0 0 0 0 0 0 0 0 0 0 0 0
 0 0 0 0 0 0 0 0 0 0 0 0 0 0 0 0 0 0 0 0 0 0 0 0 0 0
 0 0 0 0 0 0 0 0 0 0 0 0 0 0 0 0 0 0 0 0 0 0 0 0 0 0
 0 0 0 0 0 0 0 0 0 0 0 0 0 0 0 0 0 0 0 0 0 0 0 0 0 0
 0 0 0 0 0 0 0 0 0 0 0 0 0 0 0 0 0 0 0 0 0 0 0 0 0 0
 0 0 0 0 0 0 0 0 0 0 0 0 0 0 0 0 0 0 0 0 0 0 0 0 0 0
 0 0 0 0 0 0 0 0 0 0 0 0 0 0 0 0 0 0 0 0 0 0 0 0 0 0
 0 0 0 0 0 0 0 0 0 0 0 0 0 0 0 0 0 0 0 0 0 0 0 0 0 0
 0 0 0 0 0 0 0 0 0 0 0 0 0 0 0 0 0 0 0 0 0 0 0 0 0 0
 0.00862536 0 0 0.000197151 0.00414017 0.0128641 0.00837892 0.0270097 0.101434 0.158115 0.152841 0.127902 0.109271 0.109419 0.0830992 0.0579132 0.0238553 0.00714673 0.00463305 0.00128148 0.00103504 0.000492878 0.000147863 0.000147863 4.92878e-05 0
 0 0 0 0 0 0 0 0 0 0 0 0 0 0 0 0 0 0 0 0 0 0 0 0 0 0
 0 0 0 0 0 0 0 0.0054083 0.00873648 0.0413646 0.0450493 0.0745869 0.0622846 0.0627006 0.0613931 0.0827291 0.12552 0.122667 0.0946155 0.0697135 0.0546179 0.0294188 0.0215738 0.0213955 0.0102223 0.00600262
 0 0 0 0 0.00359764 0.0251062 0.0480494 0.140153 0.205849 0.193036 0.1447 0.116669 0.0760912 0.0342217 0.00950174 0.001854 0.000860785 0 0 0 0.000165536 0 0.000143464 0 0 0
 0 0 0 0 0 0 0 0.000145254 0.000435761 0.0275982 0.070085 0.0708112 0.156366 0.174668 0.174014 0.160142 0.0824315 0.0480064 0.0283245 0.00493863 0.00203355 0 0 0 0 0
 0 0 0 0 0 0 0 0 0 0 0 0 0 0 0 0 0 0 0 0 0 0 0 0 0 0
 0 0 1.00437e-05 0.000401748 0.00122533 0.00171747 0.00176769 0.0269171 0.070346 0.194647 0.189555 0.159765 0.064822 0.0314167 0.0384472 0.0292271 0.0345202 0.0313363 0.0194345 0.0106764 0.0143323 0.0359363 0.0279516 0.0138201 0.00172751 0
 0 0.0021121 0.0136068 0.0755702 0.200478 0.177729 0.0527432 0.0373336 0.0318909 0.0142505 0.0149659 0.0166563 0.0217959 0.0798694 0.0677717 0.0528807 0.04013 0.0224614 0.0357745 0.0225083 0.00881397 0.00855152 0.00135912 0.000746735 0 0
 0 0 0 0 5.4009e-05 0.00500934 0.000945158 0.0243581 0.138947 0.33067 0.221406 0.137944 0.0707744 0.0437923 0.0131692 0.00525238 0.0047753 0.00276346 9.45158e-05 9.00151e-06 2.25038e-05 9.00151e-06 4.50075e-06 0 0 0
 0.000866109 0.00284123 0.00948549 0.0512746 0.133035 0.25785 0.225252 0.132002 0.0553304 0.0519788 0.0540692 0.017754 0.00435017 0.00159236 0.00146478 0.000404838 0.000125132 0.000115318 0.000107957 0.000100596 0 0 0 0 0 0
 0 0 0 0 0.00144013 0.00171154 0.00461396 0.0210425 0.0478622 0.0707936 0.0888783 0.103762 0.0637923 0.0337046 0.0602308 0.124433 0.169614 0.0934646 0.0462172 0.0250306 0.0313229 0.00938855 0.002487 0.000210481 0 0
 0 0.00764035 0.051015 0.0998891 0.058973 0.0496711 0.0374665 0.0718981 0.12319 0.153886 0.159021 0.0857701 0.0377988 0.023471 0.0147837 0.00900784 0.00315554 0.000888139 0.00291439 0.00214683 0.00393193 0.00274676 0.000635225 9.99891e-05 0 0
 0 0 0 0 0 0 0 0 0 0 0 0 0 0 0 0 0 0 0 0 0 0 0 0 0 0
 0 0 0 0 0 0 0 0 0 0 0 0 0 0 0 0 0 0 0 0 0 0 0 0 0 0
 0 0 0 0 0 0 0 0 0 0 0 0 0 0 0 0 0 0 0 0 0 0 0 0 0 0
 0 0 0 0 0 0 0 0 0 0 0 0 0 0 0 0 0 0 0 0 0 0 0 0 0 0
 0 0 0 0 0 0 0 0 0 0 0 0 0 0 0 0 0 0 0 0 0 0 0 0 0 0
 0 0 0 0 0 0 0 0 0 0 0 0 0 0 0 0 0 0 0 0 0 0 0 0 0 0
 0 0 0 0 0 0 0 0 0 0 0 0 0 0 0 0 0 0 0 0 0 0 0 0 0 0
ppred_pel_tallas
 1.36993e-16 5.80602e-07 5.64368e-06 3.75054e-05 0.000170508 0.000530641 0.00113146 0.00165633 0.00167995 0.00124727 0.000922034 0.00131217 0.0029456 0.00649499 0.0127407 0.0221547 0.0344848 0.0487879 0.0640097 0.0796026 0.0954475 0.110976 0.124325 0.132519 0.132777 0.12404
 1.07837e-16 7.54858e-05 0.000733749 0.00487602 0.0221657 0.0689657 0.146939 0.214461 0.214461 0.146939 0.0689685 0.0221746 0.0049013 0.000798661 0.000228313 0.000338528 0.000678198 0.001292 0.00230681 0.00384975 0.00598602 0.00864824 0.0115887 0.0143918 0.0165629 0.0176684
 1.06383e-16 1.71424e-06 1.66631e-05 0.000110736 0.000503447 0.00156689 0.00334177 0.00489631 0.0049865 0.00378233 0.00304558 0.00477177 0.0108149 0.0233513 0.0442228 0.072858 0.104378 0.130062 0.14105 0.133324 0.110219 0.0803742 0.0528026 0.0328185 0.021139 0.0155619
 1.00831e-16 8.02569e-05 0.000780125 0.00518421 0.0235666 0.0733246 0.156226 0.228016 0.228016 0.156226 0.073327 0.023574 0.00520447 0.000830152 0.000192162 0.000234576 0.000432021 0.000754526 0.00122372 0.00183856 0.0025489 0.0032463 0.00378391 0.00402626 0.00390632 0.00345654
 1.00015e-16 8.14183e-05 0.000791415 0.00525923 0.0239077 0.0743857 0.158487 0.231316 0.231317 0.158492 0.0744037 0.0239597 0.00538953 0.00107545 0.00061962 0.000892257 0.00126982 0.00158066 0.00171135 0.00161184 0.00132181 0.000945798 0.000593634 0.000331268 0.000169927 8.61327e-05
 1.0046e-16 2.88393e-06 2.80329e-05 0.000186293 0.000846917 0.00263557 0.00561876 0.00822006 0.00831217 0.00606873 0.00414583 0.00520633 0.0111187 0.0238593 0.0451618 0.074392 0.106542 0.132668 0.143659 0.135318 0.110943 0.0792699 0.0494914 0.0271534 0.0132523 0.00590076
 1.27359e-16 9.49312e-07 9.22765e-06 6.13213e-05 0.000278762 0.000867366 0.00184826 0.00269899 0.00270579 0.00188216 0.000985284 0.000637364 0.00102927 0.00234606 0.00509252 0.0101151 0.0185062 0.0314244 0.0497092 0.0731964 0.099911 0.125703 0.144981 0.15262 0.146196 0.127194
 1.90123e-16 3.17565e-06 3.08684e-05 0.000205132 0.0009325 0.00290137 0.00618177 0.00902301 0.00902562 0.00619475 0.00294627 0.00106831 0.000570294 0.000913017 0.00194438 0.00395695 0.00759778 0.0139168 0.0244173 0.0408598 0.0646227 0.0956771 0.131613 0.167383 0.196242 0.211774
 1.00843e-16 8.18995e-05 0.000796093 0.00529032 0.024049 0.0748254 0.159423 0.232683 0.232683 0.159424 0.0748261 0.0240512 0.00529585 0.000808472 0.000106344 4.88903e-05 6.96162e-05 0.000104556 0.000153241 0.000224962 0.000333313 0.000490469 0.000698748 0.00094344 0.00119135 0.00139735
 1.0061e-16 6.27128e-06 6.09591e-05 0.000405099 0.00184158 0.0057303 0.0122123 0.0178428 0.0179314 0.0126451 0.00718295 0.00603456 0.0109197 0.0229799 0.0434321 0.0715261 0.102411 0.127472 0.137937 0.129774 0.106175 0.0755818 0.0468801 0.0254369 0.0122142 0.00536589
 1.00635e-16 8.02939e-05 0.000780486 0.0051866 0.0235775 0.0733585 0.156298 0.228122 0.228122 0.1563 0.0733646 0.0235957 0.00523364 0.000888327 0.000300142 0.000408146 0.000670571 0.00103028 0.00148155 0.00201072 0.00257883 0.00310834 0.00348929 0.00361478 0.00343104 0.00296927
 1.00046e-16 7.9671e-05 0.00077443 0.00514636 0.0233946 0.0727893 0.155085 0.226352 0.226356 0.155101 0.0728403 0.0235418 0.00551539 0.00157885 0.00160397 0.00251656 0.00359629 0.00447784 0.00484919 0.00456915 0.00375002 0.00268759 0.00169247 0.000950952 0.000494491 0.000256495
 1.00406e-16 4.05514e-05 0.000394175 0.00261943 0.0119076 0.0370492 0.0789389 0.115224 0.115272 0.0791731 0.0378353 0.0141769 0.00831067 0.0128017 0.023556 0.0387507 0.0555172 0.0691802 0.0750037 0.0708041 0.0582848 0.041965 0.0265927 0.015022 0.00775679 0.00382389
 1.00363e-16 7.9492e-05 0.00077269 0.0051348 0.0233421 0.0726258 0.154737 0.225844 0.225846 0.154748 0.0726625 0.0234481 0.00540164 0.00135721 0.00119543 0.00186553 0.00271436 0.00348466 0.00396996 0.00407041 0.00383838 0.00342571 0.00297658 0.00255573 0.0021553 0.00174907
 1.00086e-16 7.56041e-05 0.000734898 0.00488366 0.0222004 0.0690737 0.147169 0.214799 0.214807 0.147207 0.0692012 0.0225684 0.00580652 0.00274673 0.00388823 0.0062868 0.00899841 0.011209 0.0121463 0.0114565 0.00941794 0.0067665 0.00427516 0.00240817 0.00124595 0.000626908
 1.00015e-16 8.1561e-05 0.000792802 0.00526845 0.0239496 0.0745161 0.158764 0.231721 0.231722 0.158769 0.0745309 0.0239924 0.00537586 0.00102704 0.000525665 0.000737937 0.00105035 0.00131058 0.00142476 0.00135149 0.00112234 0.00082141 0.000536735 0.000320793 0.000182458 0.000103758
 1.00408e-16 3.06595e-06 2.98022e-05 0.000198051 0.000900366 0.00280187 0.00597307 0.00873718 0.00882926 0.00642291 0.00431166 0.0052584 0.0111268 0.0238527 0.0451446 0.0743597 0.106487 0.132581 0.143531 0.135142 0.110714 0.0789915 0.049179 0.0268319 0.0129505 0.00564379
 1.00286e-16 8.15075e-05 0.000792281 0.00526499 0.0239339 0.0744672 0.15866 0.231569 0.231569 0.158661 0.0744685 0.023938 0.00527618 0.000819057 0.00013921 0.000118916 0.000204567 0.000342343 0.000535241 0.000780861 0.00105873 0.00132607 0.00152506 0.0016025 0.00153314 0.00133255
 1.00244e-16 5.64961e-05 0.000549162 0.00364938 0.0165896 0.0516164 0.109975 0.160519 0.160549 0.110122 0.0521089 0.0180111 0.00721427 0.00831976 0.0147802 0.0242559 0.0347266 0.0432293 0.0467888 0.0440393 0.0360639 0.0257229 0.0160249 0.00878256 0.00431487 0.0019909
 1.05606e-16 1.00956e-05 9.81324e-05 0.000652128 0.00296452 0.00922408 0.0196553 0.0287016 0.0287685 0.0199825 0.0103229 0.00613984 0.00862829 0.0175287 0.0331676 0.0549541 0.0794748 0.100573 0.111918 0.110485 0.0982444 0.0806246 0.0631026 0.048648 0.0375076 0.0286242
 1.01536e-16 7.85889e-05 0.000763912 0.00507646 0.0230769 0.0718007 0.152979 0.223278 0.223279 0.152984 0.0718167 0.0231237 0.00519628 0.00103287 0.000611109 0.000942703 0.00148318 0.00214312 0.00288315 0.00367775 0.00450131 0.00529252 0.00593055 0.00626066 0.00616414 0.00562479
 1.00226e-16 7.45779e-05 0.000724923 0.00481737 0.0218991 0.0681362 0.145172 0.211884 0.211893 0.145215 0.0682819 0.0223197 0.00587224 0.00302448 0.00443238 0.00718482 0.0102848 0.012812 0.0138856 0.0131039 0.0107884 0.00778353 0.00497392 0.00288723 0.00160789 0.000940888
 1.0196e-16 1.37551e-06 1.33706e-05 8.88565e-05 0.000403984 0.00125742 0.00268237 0.00393373 0.00402306 0.0031188 0.00272243 0.00463371 0.0106995 0.0231549 0.0438872 0.072383 0.10387 0.129771 0.141326 0.134475 0.112304 0.0830428 0.0552878 0.0341331 0.0204132 0.0123744
 1.02722e-16 7.52499e-05 0.000731456 0.00486078 0.0220964 0.0687501 0.146479 0.213791 0.213791 0.146481 0.0687566 0.0221167 0.00491757 0.000875107 0.000405585 0.000701043 0.00135008 0.00241932 0.00400573 0.00611286 0.00856818 0.0109926 0.0128723 0.0137322 0.0133338 0.0117836
 1.01464e-16 5.80596e-05 0.00056436 0.00375037 0.0170487 0.0530449 0.113019 0.16496 0.164987 0.113151 0.0534886 0.0183294 0.00696236 0.00756675 0.0133294 0.021873 0.0313381 0.0390664 0.0424003 0.0401349 0.0332648 0.0243667 0.016119 0.0100886 0.00647297 0.0046158
 1.06298e-16 8.58277e-06 8.34277e-05 0.00055441 0.00252031 0.00784198 0.0167107 0.0244043 0.0244736 0.0170492 0.00897864 0.00580458 0.00880299 0.0181052 0.0342786 0.0567671 0.0820269 0.103661 0.115101 0.113229 0.100143 0.0815637 0.0632815 0.0484577 0.0373564 0.0287968
 1.02676e-16 7.60432e-05 0.000739167 0.00491203 0.0223294 0.0694749 0.148024 0.216045 0.216047 0.14803 0.0694972 0.0223949 0.00508041 0.00111993 0.000837899 0.0013661 0.00219714 0.00325808 0.00451823 0.00594796 0.00748766 0.00899388 0.0102179 0.0108678 0.0107348 0.00980256
 1.00646e-16 6.97721e-05 0.00067821 0.00450694 0.0204879 0.0637456 0.135817 0.198232 0.198246 0.135886 0.0639768 0.0211553 0.00618063 0.00432704 0.00698544 0.0114011 0.0163313 0.0203587 0.0220942 0.020906 0.0173078 0.0126377 0.00829095 0.00508956 0.00314807 0.00213899
 1.03394e-16 4.05951e-06 3.946e-05 0.00026223 0.00119211 0.00370953 0.0079066 0.0115572 0.0116396 0.00830916 0.00506104 0.00509495 0.0100561 0.0214099 0.0405616 0.0669731 0.0962918 0.120688 0.132157 0.126964 0.107859 0.08222 0.0576879 0.0387035 0.025909 0.0177426
 1.30119e-16 6.03886e-06 5.86999e-05 0.000390082 0.00177326 0.00551732 0.0117555 0.0171593 0.0171677 0.0117972 0.00566084 0.00220322 0.00152745 0.00273378 0.00564913 0.0107956 0.018962 0.0309456 0.047313 0.0679521 0.0914198 0.114502 0.132606 0.14122 0.137817 0.123069
 1.01405e-16 8.10043e-05 0.00078739 0.00523248 0.0237861 0.0740074 0.157681 0.23014 0.23014 0.157682 0.0740113 0.0237975 0.00526131 0.000851547 0.000206729 0.000224441 0.000343044 0.000494596 0.000677181 0.000907583 0.00121295 0.00161126 0.00208669 0.00257718 0.00298601 0.00321432
pSPR Fmed_Fpbrs
0.240861   0.286388 0.286388
Fs Fmed_Fpbrs
1.18943   1.005 1.005
SSBpbr Bo_Bmed_Bpbrs
1.38782e+06  264881  328064 328064
Ro
26122.8
SPR SPRFo_SPRFmed_SPRFpbrs
186724 44974.4 53475.4
Fref
1.005
Nvult_r0
 88056.2 246.316 122.893 1055.36 97.5442
CTP_r0
 42341.4 155.563 78.9163 678.299 62.6966
YTP_r0
390718
Np
 88570.9 15017.9 17.4795 8.00381 72.5727
Nvult_p0
 69148.3 12897.2 15.1195 6.92586 62.8
CTP_p0
 23577.1 6308.59 7.56876 3.47133 31.4782
YTP_p0
 280344
CBA_c0
357606
log_Ro
9.99056
likeval ReclasPelacesDesembMPH_pf_preclas_ppelaces_ptallas_desvR_qrecl_qpela
 35.714 31.6858 0.631894 0.00101937 473.289 153.109 152.941 0 238.405 9.4732e-05 0.0002657 0.0820463 0 0 0
q_reclas_q_pelaces
3.97177 10.1659
M
1
N
 745.046 16889.2 33362.9 12434.3 0.0443795
 202961 203.876 3592.99 6917.69 2574.58
 1064.42 40669.1 24.3642 407.336 1072.96
 75320.6 211.678 4792.48 2.72191 164.87
 437391 2971.4 1.24974 23.3125 0.806109
 8671.76 146009 913.217 0.380866 7.34686
 592.088 2714.56 39840.7 245.719 2.07761
 164.849 100.804 239.954 3294.03 20.4123
 64524.2 24.987 7.18643 15.8402 217.87
 783.888 12875.3 2.96304 0.808146 26.201
 26142.2 80.0641 442.079 0.0910338 0.824467
 164026 5039.43 8.90654 46.4968 0.0959784
 24710.5 29097 480.657 0.797413 4.15695
 79860 3140.67 1497.37 22.5567 0.23127
 37633.5 6190.52 64.7256 26.9596 0.407238
 269204 2445.55 92.0497 0.828052 0.347213
 1717.34 45105.3 209.871 7.3785 0.0938468
 507231 262.522 3266.46 14.0836 0.499335
 345175 118405 41.6177 497.798 2.21755
 14845.9 81172.5 19028.9 6.43373 77.1324
 246946 2451.78 6782.34 1483.24 6.48753
 428150 39148.8 189.926 488.391 106.842
 1750.51 78751.9 3992.85 18.2404 56.9745
 183187 371.806 10482.6 506.753 9.51983
 147122 42784.9 59.0009 1599.17 78.5886
 6821.83 36264.1 7501.45 9.99142 283.572
 129904 1549.04 5462.32 1083.6 42.3029
 225712 25949 184.055 615.538 126.504
 5701.29 63407.3 5795.22 40.1547 161.678
 1661.77 1685.59 15565.4 1395.91 48.563
 103074 263.796 130.897 1123.77 103.866
pred_Ctot
 123.58 4705.22 9637.13 3598.73 0.0128456
 61335.9 95.0117 1722.4 3321.18 1236.15
 324.771 19099.5 11.768 197.04 519.062
 49968.9 169.426 3873.69 2.20121 133.334
 25803.6 313.687 0.137649 2.57355 0.0889999
 828.048 24423.6 159.038 0.0664721 1.28239
 213.798 1454.55 21885.6 135.159 1.14288
 65.7304 58.1694 141.656 1946.96 12.0656
 19603.3 11.6944 3.45944 7.63667 105.045
 395.324 8745.55 2.04736 0.558907 18.1213
 8284.17 38.7549 219.932 0.045355 0.410799
 56908 2618.78 4.74876 24.8249 0.0512471
 11113.2 18297.2 308.351 0.512098 2.66974
 44861.4 2283.59 1104.38 16.6491 0.170706
 22315.7 4649.37 49.2382 20.5226 0.310015
 98656.7 1325.21 51.1216 0.460475 0.193097
 680.237 25902 123.313 4.34063 0.0552119
 121565 100.965 1296.96 5.6015 0.198619
 81614.6 45017.3 16.3385 195.763 0.872149
 5511.96 44421.3 10669.7 3.61211 43.3077
 94974.6 1377.6 3901.69 854.331 3.73701
 143041 19756 98.4094 253.414 55.4418
 488.813 34415.4 1797.29 8.22345 25.6884
 43860.7 142.878 4158.78 201.388 3.7836
 31698.1 15018.3 21.4113 581.372 28.5732
 1716.08 14530 3100.81 4.13695 117.423
 39413 724.195 2626.68 521.855 20.3744
 34473.3 6709.85 49.384 165.484 34.0134
 720.302 13779.2 1308.79 9.08729 36.5929
 638.397 946.312 8947.14 803.386 27.9512
 42341.4 155.563 78.9163 678.299 62.6966
F
 0.295935 0.547691 0.573363 0.574781 0.574855
 0.607548 1.1244 1.1771 1.18001 1.18017
 0.615125 1.13842 1.19178 1.19473 1.19488
 2.23272 4.13213 4.32581 4.33651 4.33708
 0.0971598 0.179815 0.188244 0.188709 0.188734
 0.16144 0.298779 0.312784 0.313557 0.313598
 0.770479 1.42594 1.49278 1.49647 1.49666
 0.886674 1.64098 1.7179 1.72215 1.72237
 0.611731 1.13214 1.18521 1.18814 1.18829
 1.28144 2.37158 2.48274 2.48888 2.4892
 0.64626 1.19604 1.2521 1.2552 1.25536
 0.729391 1.34989 1.41317 1.41666 1.41685
 1.06279 1.96692 2.05912 2.06421 2.06448
 1.55726 2.88204 3.01713 3.02459 3.02498
 1.73362 3.20845 3.35884 3.36714 3.36758
 0.786471 1.45553 1.52376 1.52753 1.52773
 0.878198 1.62529 1.70148 1.70569 1.70591
 0.454856 0.841809 0.881267 0.883447 0.883562
 0.447477 0.828152 0.86697 0.869114 0.869227
 0.800909 1.48225 1.55173 1.55557 1.55577
 0.841802 1.55794 1.63096 1.63499 1.63521
 0.693172 1.28286 1.343 1.34632 1.34649
 0.549293 1.01659 1.06424 1.06687 1.06701
 0.454321 0.840819 0.880231 0.882408 0.882523
 0.400433 0.741088 0.775825 0.777744 0.777845
 0.482492 0.892955 0.93481 0.937122 0.937244
 0.61066 1.13016 1.18313 1.18606 1.18621
 0.269679 0.499099 0.522494 0.523786 0.523854
 0.218578 0.404525 0.423486 0.424534 0.424589
 0.840464 1.55546 1.62837 1.6324 1.63261
 0.926208 1.71415 1.79449 1.79893 1.79917
YTP_r0W_actual
 359902 2535.68 2280.68 23604.8 2395.01
YTP_p0W_proyectada
 177300 101694 176.958 102.404 1070.26
CTP_r0_actual
 42341.4 155.563 78.9163 678.299 62.6966
CTP_p0_proyectada
 23577.1 6308.59 7.56876 3.47133 31.4782
Wmedp
 7.52 16.12 23.38 29.5 34
Frms_r0
 0.926208 1.71415 1.79449 1.79893 1.79917
Zrms_r0
 1.92621 2.71415 2.79449 2.79893 2.79917
nmprior
 8.19 8.8 8.5 0
nm_flota  nm_reclas  nm_pelaces    nm_pelaL
inf 6.99203 2.58539 3.43783
cv_recla  cv_pelaces  cv_mph
0.54056 0.63827 0.985304
 ------------------------------------------------
Talla a la edad & desviaci?n 
 8 13.2811 15.8009 17.003 17.5766
 0.8 1.32811 1.58009 1.7003 1.75766
