years
 1991 1992 1993 1994 1995 1996 1997 1998 1999 2000 2001 2002 2003 2004 2005 2006 2007 2008 2009 2010 2011 2012 2013 2014 2015 2016 2017 2018 2019 2020 2021
reclasobs
 0 0 0 0 0 0 0 0 0 252601 567819 844713 477998 351125 339783 2.1784e+06 2.13404e+06 4.81314e+06 1.55562e+06 2.62356e+06 3.21686e+06 3.843e+06 1.13348e+06 3.07943e+06 1.97215e+06 2.03268e+06 2.025e+06 2.42433e+06 2.27542e+06 1.05018e+06 2.36338e+06
reclaspred
 2.65885e+06 1.00234e+06 541195 273499 44982.4 936750 304656 72970.1 381578 144975 242154 483883 419676 288086 220054 1.15562e+06 781450 3.54676e+06 2.52405e+06 1.09041e+06 2.32795e+06 2.19499e+06 1.29918e+06 2.55039e+06 1.67131e+06 1.01641e+06 1.60153e+06 2.30591e+06 1.69132e+06 685858 969586
pelacesobs
 0 0 0 0 0 0 0 0 0 0 0 0 0 0 0 552880 188675 0 991730 2.46772e+06 1.41603e+06 1.21717e+06 2.29649e+06 1.80582e+06 0 1.4828e+06 1.56532e+06 1.57751e+06 1.42118e+06 867257 1.10002e+06
pelacespred
 1.30656e+06 518991 242344 77675.8 12084.5 411804 93477.8 29066.4 159087 48792.4 107651 181879 169567 115819 87881 441187 298448 1.69021e+06 1.17895e+06 503553 1.0199e+06 954405 569681 1.28971e+06 808898 484782 879150 1.22689e+06 752777 362764 466476
mphobs
 0 0 0 0 0 0 0 0 0 0 0 498337 0 5186 125008 0 168611 109162 213762 579715 649985 157893 87575 83554 0 0 0 0 0 0 0
mphpred
 2.8568e+06 1.37868e+06 385299 292554 79465.4 10578.8 466342 91674.2 27021.5 183540 43593.6 155763 252685 167267 86007.5 86602.4 734016 440713 2.14716e+06 1.24343e+06 688908 1.20284e+06 1.2984e+06 774434 1.43456e+06 964325 528104 824209 1.60209e+06 878449 318981
desembarqueobs
 494567 514787 250237 358949 120608 361735 552515 73892 212993 205616 52469 317467 293654 387597 252695 516296 358380 742168 942051 627588 828172 859565 418607 520667 417249 300574 415391 372974 316634 284311 391294
desembarquepred
 494533 514847 249514 358701 120507 361524 551675 73854.4 212839 205400 52459.1 317217 293381 386979 252418 515955 358256 741825 940980 626602 827691 858871 418390 520486 417010 300376 415182 372822 316490 284107 391093
Reclutas
 7883.56 4861.68 195226 10450.6 3834.78 285843 5846.27 1466.88 72465.8 7643.24 68518.1 153951 82380.3 68055.5 49817.7 438332 12093.9 982444 251866 73607.4 450874 584955 15077.7 350802 181202 35653.8 263483 355201 21664.3 9646.08 170910
log_desv_Rt
 -1.98649 -2.46988 1.22289 -1.70461 -2.70715 1.60418 -2.28546 -3.66813 0.231849 -2.01744 0.175834 0.98537 0.360081 0.169059 -0.142894 2.03171 -1.55856 2.83878 1.47763 0.247481 2.05992 2.32027 -1.33805 1.80896 1.14835 -0.477408 1.52272 1.82142 -0.975599 -1.78471 1.08987
SSB
 2.8568e+06 1.37868e+06 385299 292554 79465.4 10578.8 466342 91674.2 27021.5 183540 43593.6 155763 252685 167267 86007.5 86602.4 734016 440713 2.14716e+06 1.24343e+06 688908 1.20284e+06 1.2984e+06 774434 1.43456e+06 964325 528104 824209 1.60209e+06 878449 318981
BT
 3.46717e+06 1.75869e+06 800490 442770 137179 1.27105e+06 704277 137764 556825 295401 293041 681424 652725 669993 455272 1.42524e+06 971870 4.56549e+06 3.60349e+06 1.78974e+06 3.06895e+06 2.96945e+06 1.67634e+06 3.46794e+06 2.25928e+06 1.39846e+06 2.46681e+06 3.19763e+06 1.99941e+06 1.14401e+06 1.46137e+06
Ftot
 0.176034 0.471207 0.478494 1.11511 1.9595 0.448058 1.4402 0.89392 0.629757 1.20069 0.247939 0.691538 0.695675 1.28885 1.15893 0.508492 0.427023 0.240422 0.365794 0.540588 0.383964 0.409212 0.303249 0.225259 0.249065 0.285478 0.286193 0.17936 0.178108 0.38714 0.441565
BD_Bspro_t
 0.972227 0.77803 0.487407 0.446522 0.153365 0.0344012 0.474886 0.135102 0.0655845 0.333641 0.147147 0.486745 0.435165 0.29539 0.172143 0.180331 0.520216 0.393481 0.691968 0.532464 0.363413 0.494871 0.535453 0.447466 0.62488 0.589641 0.513918 0.643018 0.753439 0.630915 0.442638
BD_Bspro
 6.95437 3.35615 0.937943 0.712171 0.193444 0.0257521 1.13523 0.223164 0.0657791 0.446796 0.106121 0.379178 0.615117 0.407181 0.20937 0.210818 1.78683 1.07284 5.22688 3.0269 1.67702 2.92811 3.16073 1.88522 3.49219 2.34748 1.28557 2.00639 3.9 2.13843 0.776502
BD_Bo
 1.59669 0.770559 0.215348 0.163511 0.044414 0.00591258 0.260643 0.0512376 0.0151026 0.102582 0.0243649 0.0870576 0.141228 0.093487 0.0480705 0.048403 0.410249 0.246319 1.20007 0.694963 0.385038 0.672282 0.72569 0.432839 0.801792 0.538971 0.295162 0.460658 0.895424 0.490974 0.178282
BD_Brms
 9.85965 4.75823 1.32978 1.00969 0.274258 0.0365104 1.60948 0.316394 0.0932592 0.633451 0.150454 0.537585 0.87209 0.577286 0.296837 0.29889 2.5333 1.52103 7.41049 4.29143 2.37762 4.15137 4.48117 2.6728 4.9511 3.32817 1.82264 2.84459 5.52928 3.03178 1.1009
Sel_flota
 0.796699 1 1 1 1
 0.796699 1 1 1 1
 0.796699 1 1 1 1
 0.796699 1 1 1 1
 0.796699 1 1 1 1
 0.796699 1 1 1 1
 0.796699 1 1 1 1
 0.796699 1 1 1 1
 0.796699 1 1 1 1
 0.796699 1 1 1 1
 0.796699 1 1 1 1
 0.796699 1 1 1 1
 0.796699 1 1 1 1
 0.796699 1 1 1 1
 0.796699 1 1 1 1
 0.796699 1 1 1 1
 0.796699 1 1 1 1
 0.796699 1 1 1 1
 0.796699 1 1 1 1
 0.796699 1 1 1 1
 0.796699 1 1 1 1
 0.796699 1 1 1 1
 0.796699 1 1 1 1
 0.796699 1 1 1 1
 0.796699 1 1 1 1
 0.796699 1 1 1 1
 0.796699 1 1 1 1
 0.796699 1 1 1 1
 0.796699 1 1 1 1
 0.796699 1 1 1 1
 0.796699 1 1 1 1
Sel_reclas
 1 1 1 1 1
 1 1 1 1 1
 1 1 1 1 1
 1 1 1 1 1
 1 1 1 1 1
 1 1 1 1 1
 1 1 1 1 1
 1 1 1 1 1
 1 1 1 1 1
 1 1 1 1 1
 1 1 1 1 1
 1 1 1 1 1
 1 1 1 1 1
 1 1 1 1 1
 1 1 1 1 1
 1 1 1 1 1
 1 1 1 1 1
 1 1 1 1 1
 1 1 1 1 1
 1 1 1 1 1
 1 1 1 1 1
 1 1 1 1 1
 1 1 1 1 1
 1 1 1 1 1
 1 1 1 1 1
 1 1 1 1 1
 1 1 1 1 1
 1 1 1 1 1
 1 1 1 1 1
 1 1 1 1 1
 1 1 1 1 1
Sel_pelaces
 1 1 1 1 1
 1 1 1 1 1
 1 1 1 1 1
 1 1 1 1 1
 1 1 1 1 1
 1 1 1 1 1
 1 1 1 1 1
 1 1 1 1 1
 1 1 1 1 1
 1 1 1 1 1
 1 1 1 1 1
 1 1 1 1 1
 1 1 1 1 1
 1 1 1 1 1
 1 1 1 1 1
 1 1 1 1 1
 1 1 1 1 1
 1 1 1 1 1
 1 1 1 1 1
 1 1 1 1 1
 1 1 1 1 1
 1 1 1 1 1
 1 1 1 1 1
 1 1 1 1 1
 1 1 1 1 1
 1 1 1 1 1
 1 1 1 1 1
 1 1 1 1 1
 1 1 1 1 1
 1 1 1 1 1
 1 1 1 1 1
pf_obs 
 0.8446 0.082 0.0669 0.0065 0
 0.8095 0.147 0.0364 0.0071 0
 0.9664 0.0169 0.016 0.0007 0
 0.9276 0.0648 0.0075 0.0001 0
 0.7033 0.2144 0.0806 0.0017 0
 0.9318 0.0425 0.0243 0.0014 0
 0.5671 0.3108 0.0964 0.0239 0.0018
 0.0768 0.2599 0.5324 0.112 0.0189
 0.490249 0.384438 0.106611 0.0170017 0.00170017
 0.7925 0.1577 0.0466 0.003 0.0002
 0.840416 0.127587 0.0312969 0.00059994 9.999e-05
 0.8084 0.0986 0.0794 0.0134 0.0002
 0.7335 0.1905 0.0724 0.0035 0.0001
 0.4001 0.4547 0.1325 0.0127 0
 0.49795 0.308269 0.164784 0.0264974 0.00249975
 0.9179 0.0499 0.0305 0.0017 0
 0.2467 0.6533 0.0926 0.0074 0
 0.9418 0.0223 0.034 0.0019 0
 0.707729 0.231977 0.0356964 0.0245975 0
 0.517169 0.277429 0.184464 0.0207286 0.00020938
 0.811772 0.124168 0.05621 0.00726502 0.000585176
 0.764997 0.148141 0.077277 0.00933861 0.000247198
 0.163321 0.427699 0.378323 0.0303852 0.000271297
 0.753843 0.0900009 0.118128 0.0371064 0.000921714
 0.721811 0.176058 0.0630433 0.0369309 0.00215725
 0.143369 0.312575 0.442814 0.0836902 0.0175525
 0.692698 0.0596174 0.167031 0.0765114 0.00414204
 0.394062 0.376323 0.152708 0.0712218 0.00568511
 0.125707 0.32114 0.495352 0.0537591 0.00404204
 0.23352 0.215282 0.420074 0.123614 0.00750983
 0.774587 0.0839891 0.0768558 0.0609784 0.00358967
pf_pred 
 0.035143 0.211319 0.671549 0.0819883 7.36048e-07
 0.0664112 0.0416537 0.195348 0.620795 0.0757925
 0.919149 0.00699448 0.00329522 0.0154539 0.0551069
 0.146836 0.800335 0.00457026 0.00215313 0.0461052
 0.303397 0.139632 0.522483 0.00298361 0.0315045
 0.99702 0.00125152 0.0003465 0.00129655 8.55829e-05
 0.0649252 0.932974 0.000882344 0.000244289 0.000974432
 0.149226 0.0817006 0.767346 0.000725704 0.00100237
 0.97844 0.00427644 0.00165972 0.0155883 3.51051e-05
 0.287331 0.701305 0.0022541 0.000874831 0.00823507
 0.950569 0.0184356 0.0305007 9.80338e-05 0.000396202
 0.857229 0.137254 0.00205764 0.00340425 5.51627e-05
 0.653875 0.308641 0.036036 0.000540234 0.00090827
 0.710306 0.209046 0.0719136 0.00839642 0.000337503
 0.790283 0.164767 0.0324365 0.0111584 0.00135519
 0.976884 0.0195733 0.00278342 0.000547954 0.000211394
 0.0834576 0.900613 0.0134877 0.00191802 0.000523257
 0.964436 0.00382541 0.0311874 0.000467066 8.45392e-05
 0.402314 0.581106 0.00178337 0.0145392 0.000257153
 0.292989 0.331727 0.364874 0.00111977 0.00929058
 0.882695 0.0419549 0.0353541 0.0388867 0.00110949
 0.781629 0.198345 0.00716222 0.00603539 0.00682785
 0.0613972 0.774708 0.148865 0.0053755 0.00965432
 0.836909 0.0128067 0.124042 0.0238356 0.0024065
 0.542688 0.397296 0.00471279 0.0456467 0.00965689
 0.243596 0.458069 0.259182 0.00307446 0.0360781
 0.858506 0.041752 0.0604028 0.0341768 0.00516282
 0.767605 0.206246 0.00771613 0.011163 0.0072703
 0.111192 0.719083 0.150627 0.00563531 0.0134623
 0.136774 0.11935 0.601827 0.126065 0.0159835
 0.903251 0.0167015 0.0110674 0.0558081 0.0131724
pobs_RECLAS
 0 0 0 0 0
 0 0 0 0 0
 0 0 0 0 0
 0 0 0 0 0
 0 0 0 0 0
 0 0 0 0 0
 0 0 0 0 0
 0 0 0 0 0
 0 0 0 0 0
 0 0 0 0 0
 0.991045 0.00858322 0.000360255 1.14367e-05 0
 0.934742 0.0480273 0.0164251 0.00080598 0
 0.827803 0.169806 0.00239088 0 0
 0.941827 0.0461693 0.0120037 0 0
 0.791401 0.0380133 0.147996 0.0225897 0
 0.846168 0.0940531 0.0597789 0 0
 0.134021 0.677848 0.182769 0.00536245 0
 0.80878 0.0450904 0.141981 0.00414843 0
 0.846168 0.0940531 0.0597789 0 0
 0.905697 0.0802665 0.012482 0.00150086 5.37128e-05
 0.989698 0.0102097 9.19794e-05 0 0
 0.975433 0.0193895 0.00387452 0.00125025 5.28907e-05
 0.303575 0.632131 0.0575291 0.00676475 0
 0.966965 0.00978017 0.0227588 0.000495775 0
 0.843318 0.132988 0.00938335 0.0141283 0.000182051
 0.564624 0.303363 0.111486 0.0197234 0.00080311
 0.826376 0.0876187 0.0782897 0.00655872 0.00115652
 0.89761 0.0855135 0.0140674 0.00269457 0.000114338
 0.34875 0.467042 0.161289 0.0227151 0.000203297
 0.318654 0.224769 0.449479 0.00709798 0
 0.937255 0.0296025 0.0250945 0.00804832 0
ppred_RECLAS
 0.0438602 0.20941 0.665482 0.0812476 7.29398e-07
 0.0828001 0.0409224 0.191919 0.609897 0.074462
 0.935193 0.00560653 0.00264133 0.0123873 0.0441718
 0.182895 0.766509 0.0043771 0.00206213 0.0441566
 0.372347 0.125811 0.470767 0.00268828 0.0283861
 0.997649 0.000987475 0.000273396 0.00102301 6.75268e-05
 0.0840521 0.91389 0.000864296 0.000239292 0.0009545
 0.1843 0.0783323 0.73571 0.000695786 0.000961041
 0.983018 0.00336844 0.00130732 0.0122785 2.76514e-05
 0.344887 0.644666 0.00207205 0.000804179 0.00756999
 0.96041 0.0147655 0.0244287 7.85174e-05 0.000317327
 0.884725 0.110821 0.00166137 0.00274864 4.45392e-05
 0.707185 0.261104 0.0304857 0.000457027 0.000768378
 0.762777 0.171183 0.0588882 0.00687562 0.000276373
 0.83082 0.132919 0.0261668 0.00900157 0.00109324
 0.981715 0.0154822 0.00220166 0.000433425 0.00016721
 0.103467 0.880952 0.0131933 0.00187615 0.000511834
 0.971593 0.00305551 0.0249106 0.000373064 6.75249e-05
 0.459948 0.525071 0.0016114 0.0131372 0.000232356
 0.345133 0.307262 0.337963 0.00103718 0.00860537
 0.904993 0.0339798 0.0286338 0.0314949 0.000898592
 0.819307 0.164122 0.00592643 0.00499402 0.00564975
 0.0763234 0.762388 0.146498 0.00529002 0.00950079
 0.86613 0.0105121 0.101818 0.0195649 0.00197532
 0.599525 0.347918 0.00412706 0.0399735 0.00845668
 0.289079 0.430525 0.243598 0.00288959 0.0339088
 0.884541 0.0340696 0.0492886 0.0278882 0.00421285
 0.80621 0.171985 0.00643435 0.0093086 0.00606258
 0.136117 0.698918 0.146403 0.00547728 0.0130848
 0.167078 0.11516 0.5807 0.12164 0.0154224
 0.922104 0.0134469 0.00891078 0.0449331 0.0106055
pobs_PELACES
 0 0 0 0 0
 0 0 0 0 0
 0 0 0 0 0
 0 0 0 0 0
 0 0 0 0 0
 0 0 0 0 0
 0 0 0 0 0
 0 0 0 0 0
 0 0 0 0 0
 0 0 0 0 0
 0 0 0 0 0
 0 0 0 0 0
 0 0 0 0 0
 0 0 0 0 0
 0 0 0 0 0
 0 0 0 0 0
 0.505614 0.472636 0.0217494 0 0
 0 0 0 0 0
 0.443492 0.261883 0.143347 0.151278 0
 0.227955 0.32914 0.350689 0.0885471 0.00366901
 0.970185 0.0296113 0.000203453 0 0
 0.997202 0.00247181 0.000326279 0 0
 0.445219 0.490057 0.0546422 0.010081 0
 0.90214 0.0892962 0.00764917 0.000914606 0
 0 0 0 0 0
 0.581667 0.319106 0.0959925 0.00289975 0.000334073
 0.762889 0.0836404 0.116647 0.0363945 0.000428098
 0.88444 0.0763242 0.0277011 0.0115352 0
 0.521256 0.241999 0.230069 0.00667565 0
 0.616807 0.101726 0.260614 0.0208532 0
 0.833518 0.0704572 0.0857862 0.0102388 0
ppred_PELACES
 0.0443581 0.209301 0.665135 0.0812053 7.29018e-07
 0.0852328 0.0408139 0.19141 0.608279 0.0742645
 0.937112 0.00544055 0.00256313 0.0120206 0.0428641
 0.194342 0.755771 0.00431578 0.00203324 0.043538
 0.403549 0.119557 0.447364 0.00255464 0.026975
 0.997718 0.0009583 0.000265319 0.000992783 6.55317e-05
 0.091796 0.906163 0.000856988 0.000237269 0.00094643
 0.193487 0.0774501 0.727424 0.000687949 0.000950217
 0.983709 0.00323136 0.00125411 0.0117788 2.65261e-05
 0.363308 0.62654 0.00201379 0.000781567 0.00735714
 0.961038 0.0145314 0.0240414 7.72726e-05 0.000312296
 0.889373 0.106352 0.00159438 0.00263782 4.27434e-05
 0.716756 0.25257 0.0294893 0.00044209 0.000743264
 0.778066 0.16015 0.0550928 0.00643248 0.00025856
 0.841469 0.124552 0.0245196 0.00843495 0.00102443
 0.982318 0.0149721 0.00212912 0.000419145 0.000161701
 0.106154 0.878311 0.0131537 0.00187053 0.0005103
 0.972035 0.00300799 0.0245232 0.000367262 6.64747e-05
 0.466049 0.519139 0.00159319 0.0129888 0.000229731
 0.353375 0.303394 0.33371 0.00102413 0.00849706
 0.907185 0.0331959 0.0279732 0.0307683 0.000877861
 0.823336 0.160463 0.00579429 0.00488268 0.00552379
 0.0777701 0.761194 0.146268 0.00528173 0.00948591
 0.867873 0.0103753 0.100492 0.0193102 0.00194961
 0.60353 0.344438 0.00408579 0.0395737 0.0083721
 0.293031 0.428132 0.242243 0.00287353 0.0337203
 0.886487 0.0334952 0.0484576 0.027418 0.00414183
 0.808083 0.170323 0.00637216 0.00921863 0.00600398
 0.137528 0.697776 0.146164 0.00546833 0.0130634
 0.170723 0.114656 0.578158 0.121108 0.0153549
 0.924205 0.0130842 0.00867039 0.0437209 0.0103194
pobs_pel_tallas
 0 0 0 0 0 0 0 0 0 0 0 0 0 0 0 0 0 0 0 0 0 0 0 0 0 0
 0 0 0 0 0 0 0 0 0 0 0 0 0 0 0 0 0 0 0 0 0 0 0 0 0 0
 0 0 0 0 0 0 0 0 0 0 0 0 0 0 0 0 0 0 0 0 0 0 0 0 0 0
 0 0 0 0 0 0 0 0 0 0 0 0 0 0 0 0 0 0 0 0 0 0 0 0 0 0
 0 0 0 0 0 0 0 0 0 0 0 0 0 0 0 0 0 0 0 0 0 0 0 0 0 0
 0 0 0 0 0 0 0 0 0 0 0 0 0 0 0 0 0 0 0 0 0 0 0 0 0 0
 0 0 0 0 0 0 0 0 0 0 0 0 0 0 0 0 0 0 0 0 0 0 0 0 0 0
 0 0 0 0 0 0 0 0 0 0 0 0 0 0 0 0 0 0 0 0 0 0 0 0 0 0
 0 0 0 0 0 0 0 0 0 0 0 0 0 0 0 0 0 0 0 0 0 0 0 0 0 0
 0 0 0 0 0 0 0 0 0 0 0 0 0 0 0 0 0 0 0 0 0 0 0 0 0 0
 0 0 0 0 0 0 0 0 0 0 0 0 0 0 0 0 0 0 0 0 0 0 0 0 0 0
 0 0 0 0 0 0 0 0 0 0 0 0 0 0 0 0 0 0 0 0 0 0 0 0 0 0
 0.00862536 0 0 0.000197151 0.00414017 0.0128641 0.00837892 0.0270097 0.101434 0.158115 0.152841 0.127902 0.109271 0.109419 0.0830992 0.0579132 0.0238553 0.00714673 0.00463305 0.00128148 0.00103504 0.000492878 0.000147863 0.000147863 4.92878e-05 0
 0 0 0 0 0 0 0 0 0 0 0 0 0 0 0 0 0 0 0 0 0 0 0 0 0 0
 0 0 0 0 0 0 0 0.0054083 0.00873648 0.0413646 0.0450493 0.0745869 0.0622846 0.0627006 0.0613931 0.0827291 0.12552 0.122667 0.0946155 0.0697135 0.0546179 0.0294188 0.0215738 0.0213955 0.0102223 0.00600262
 0 0 0 0 0.00359764 0.0251062 0.0480494 0.140153 0.205849 0.193036 0.1447 0.116669 0.0760912 0.0342217 0.00950174 0.001854 0.000860785 0 0 0 0.000165536 0 0.000143464 0 0 0
 0 0 0 0 0 0 0 0.000145254 0.000435761 0.0275982 0.070085 0.0708112 0.156366 0.174668 0.174014 0.160142 0.0824315 0.0480064 0.0283245 0.00493863 0.00203355 0 0 0 0 0
 0 0 0 0 0 0 0 0 0 0 0 0 0 0 0 0 0 0 0 0 0 0 0 0 0 0
 0 0 1.00437e-05 0.000401748 0.00122533 0.00171747 0.00176769 0.0269171 0.070346 0.194647 0.189555 0.159765 0.064822 0.0314167 0.0384472 0.0292271 0.0345202 0.0313363 0.0194345 0.0106764 0.0143323 0.0359363 0.0279516 0.0138201 0.00172751 0
 0 0.0021121 0.0136068 0.0755702 0.200478 0.177729 0.0527432 0.0373336 0.0318909 0.0142505 0.0149659 0.0166563 0.0217959 0.0798694 0.0677717 0.0528807 0.04013 0.0224614 0.0357745 0.0225083 0.00881397 0.00855152 0.00135912 0.000746735 0 0
 0 0 0 0 5.4009e-05 0.00500934 0.000945158 0.0243581 0.138947 0.33067 0.221406 0.137944 0.0707744 0.0437923 0.0131692 0.00525238 0.0047753 0.00276346 9.45158e-05 9.00151e-06 2.25038e-05 9.00151e-06 4.50075e-06 0 0 0
 0.000866109 0.00284123 0.00948549 0.0512746 0.133035 0.25785 0.225252 0.132002 0.0553304 0.0519788 0.0540692 0.017754 0.00435017 0.00159236 0.00146478 0.000404838 0.000125132 0.000115318 0.000107957 0.000100596 0 0 0 0 0 0
 0 0 0 0 0.00144013 0.00171154 0.00461396 0.0210425 0.0478622 0.0707936 0.0888783 0.103762 0.0637923 0.0337046 0.0602308 0.124433 0.169614 0.0934646 0.0462172 0.0250306 0.0313229 0.00938855 0.002487 0.000210481 0 0
 0 0.00764035 0.051015 0.0998891 0.058973 0.0496711 0.0374665 0.0718981 0.12319 0.153886 0.159021 0.0857701 0.0377988 0.023471 0.0147837 0.00900784 0.00315554 0.000888139 0.00291439 0.00214683 0.00393193 0.00274676 0.000635225 9.99891e-05 0 0
 0 0 0 0 0 0 0 0 0 0 0 0 0 0 0 0 0 0 0 0 0 0 0 0 0 0
 0 0 0 0 0 0 0 0 0 0 0 0 0 0 0 0 0 0 0 0 0 0 0 0 0 0
 0 0 0 0 0 0 0 0 0 0 0 0 0 0 0 0 0 0 0 0 0 0 0 0 0 0
 0 0 0 0 0 0 0 0 0 0 0 0 0 0 0 0 0 0 0 0 0 0 0 0 0 0
 0 0 0 0 0 0 0 0 0 0 0 0 0 0 0 0 0 0 0 0 0 0 0 0 0 0
 0 0 0 0 0 0 0 0 0 0 0 0 0 0 0 0 0 0 0 0 0 0 0 0 0 0
 0 0 0 0 0 0 0 0 0 0 0 0 0 0 0 0 0 0 0 0 0 0 0 0 0 0
ppred_pel_tallas
 1.27392e-16 3.65376e-06 3.55159e-05 0.000236017 0.00107291 0.00333834 0.00711346 0.0103867 0.0104079 0.00721742 0.00369033 0.00210245 0.00286881 0.00594343 0.011694 0.0205525 0.0324606 0.0467674 0.062607 0.0792829 0.0960887 0.111601 0.123241 0.127893 0.123418 0.109978
 1.79104e-16 7.02052e-06 6.8242e-05 0.000453492 0.00206151 0.00641415 0.0136662 0.0199471 0.0199516 0.0136882 0.00648967 0.00228697 0.00104802 0.00146424 0.00295832 0.00570277 0.0102498 0.0174393 0.0284202 0.0444835 0.0665024 0.0940659 0.124747 0.154083 0.176547 0.187254
 1.08535e-16 7.71886e-05 0.000750301 0.00498601 0.0226657 0.0705214 0.150253 0.219299 0.2193 0.150256 0.0705303 0.0226918 0.00505246 0.00089893 0.000370895 0.000523943 0.000833357 0.00125238 0.00182258 0.002643 0.00385282 0.00556865 0.00779346 0.0103459 0.0128572 0.0148535
 1.0789e-16 1.60078e-05 0.000155602 0.00103403 0.00470061 0.0146257 0.0311644 0.0455005 0.0455732 0.0315194 0.0158175 0.00814093 0.00966212 0.0189658 0.0356672 0.058751 0.0841957 0.10498 0.11399 0.108016 0.0897747 0.066246 0.0446844 0.0293283 0.0206705 0.0168202
 1.17762e-16 3.32399e-05 0.000323103 0.00214713 0.00976057 0.0303688 0.0647044 0.0944406 0.0944528 0.0647643 0.0305718 0.0103555 0.00367245 0.00375879 0.00686788 0.0121071 0.0193089 0.028169 0.0382536 0.0491381 0.0602561 0.0705017 0.0780677 0.0809395 0.0778724 0.0691647
 1.00119e-16 8.21807e-05 0.000798826 0.00530848 0.0241316 0.0750823 0.159971 0.233482 0.233482 0.159971 0.0750838 0.024136 0.0053196 0.000823225 0.000128868 8.39296e-05 0.0001153 0.000150205 0.000176896 0.00019319 0.000203562 0.000215641 0.00023438 0.000258143 0.00027934 0.000288637
 1.00441e-16 7.5613e-06 7.34986e-05 0.000488428 0.00222038 0.00690889 0.0147233 0.0215074 0.0215945 0.015149 0.00833747 0.00634392 0.0108289 0.022613 0.0427148 0.0703432 0.100719 0.125369 0.135665 0.127641 0.10443 0.0743309 0.0460763 0.0249434 0.0118827 0.00508871
 1.21242e-16 1.59373e-05 0.000154917 0.00102948 0.00467985 0.0145608 0.0310236 0.0452817 0.0452902 0.031066 0.0147063 0.00511419 0.00217249 0.00282427 0.00559394 0.0105431 0.0182461 0.0292818 0.0439824 0.0620655 0.0820925 0.101115 0.115078 0.120173 0.114557 0.0993516
 1.01223e-16 8.10268e-05 0.00078761 0.00523394 0.0237927 0.0740281 0.157725 0.230204 0.230204 0.157726 0.0740333 0.0238079 0.00527236 0.000872613 0.000246027 0.000288489 0.000433063 0.000602629 0.00078533 0.000991827 0.00124972 0.00158315 0.0019849 0.00240148 0.00274404 0.00292126
 1.01542e-16 2.99253e-05 0.000290885 0.00193303 0.00878733 0.027341 0.0582551 0.0850376 0.0850978 0.0585494 0.0283288 0.0116387 0.00908357 0.0158779 0.0295661 0.0486573 0.0696824 0.0867733 0.0939784 0.0885704 0.072732 0.0522042 0.0330151 0.0187807 0.0101064 0.00568269
 1.00759e-16 7.91594e-05 0.000769458 0.00511332 0.0232444 0.0723219 0.15409 0.224899 0.2249 0.154097 0.0723456 0.0233132 0.00528772 0.00115551 0.000827877 0.00128369 0.00193489 0.00262625 0.00325055 0.0037465 0.00410876 0.00435006 0.00445166 0.00435642 0.00401385 0.0034344
 1.00346e-16 7.32565e-05 0.000712079 0.00473202 0.0215111 0.066929 0.1426 0.20813 0.208141 0.14265 0.0670967 0.0219953 0.0059464 0.0033597 0.00509161 0.00827552 0.0118534 0.0147789 0.0160423 0.0151829 0.0125694 0.00916804 0.00598739 0.00362385 0.00216578 0.00138531
 1.01086e-16 5.90383e-05 0.000573873 0.00381359 0.017336 0.053939 0.114924 0.167739 0.167764 0.115042 0.0543381 0.0184887 0.00670621 0.00688624 0.0120406 0.0197938 0.0284637 0.0356968 0.0391296 0.0376599 0.0320948 0.0246003 0.017417 0.011841 0.00805423 0.0055984
 1.0232e-16 6.40883e-05 0.000622961 0.0041398 0.0188189 0.0585528 0.124753 0.182085 0.1821 0.124829 0.0588071 0.0195541 0.00598748 0.00466438 0.00776258 0.0127916 0.0185594 0.023626 0.0265556 0.0266645 0.0243884 0.0209178 0.0174173 0.0144629 0.0120291 0.00984626
 1.01759e-16 6.93107e-05 0.000673725 0.00447714 0.0203524 0.063324 0.134919 0.196921 0.196933 0.134978 0.0635213 0.0209222 0.00590796 0.00379922 0.00601117 0.00984371 0.0142106 0.0179488 0.0199214 0.0196042 0.017387 0.0142895 0.0113296 0.009041 0.0074209 0.00619451
 1.00135e-16 8.09122e-05 0.000786496 0.00522654 0.0237591 0.0739234 0.157502 0.229878 0.22988 0.157509 0.073947 0.0238275 0.00539819 0.00116121 0.00079255 0.00118213 0.00169489 0.00213077 0.00234648 0.00227757 0.00197192 0.00155625 0.00115986 0.000854822 0.000647203 0.000506566
 1.00879e-16 8.74398e-06 8.49947e-05 0.000564824 0.00256766 0.00798939 0.0170254 0.0248667 0.0249512 0.017438 0.00937447 0.00656588 0.010592 0.0219447 0.041437 0.0682608 0.0977931 0.121844 0.132072 0.124634 0.102542 0.0737757 0.0467143 0.0263929 0.0136904 0.00687038
 1.00757e-16 8.00652e-05 0.000778263 0.00517183 0.0235104 0.0731495 0.155853 0.227472 0.227472 0.155854 0.0731551 0.0235268 0.00521493 0.00087823 0.000287111 0.000392585 0.000661277 0.00104593 0.00154985 0.00216233 0.0028369 0.00347789 0.00395151 0.00412974 0.003948 0.00344048
 1.01521e-16 3.8388e-05 0.000373145 0.00247968 0.0112723 0.0350726 0.0747277 0.109078 0.109128 0.0749716 0.0358911 0.0136351 0.00840528 0.0132907 0.0245183 0.0403347 0.0577776 0.071984 0.0780346 0.0736823 0.0607416 0.0439597 0.0283005 0.0167109 0.00963736 0.0059556
 1.11249e-16 2.91071e-05 0.000282931 0.00188018 0.00854704 0.0265932 0.0566607 0.0827041 0.0827338 0.056806 0.0270823 0.00996534 0.0054616 0.00817148 0.015216 0.0256415 0.0381678 0.0505486 0.060399 0.0664352 0.0689454 0.0690449 0.0674547 0.0639623 0.057948 0.0493188
 1.04051e-16 7.47236e-05 0.00072634 0.00482679 0.0219419 0.0682693 0.145455 0.212297 0.2123 0.145471 0.0683228 0.0220969 0.00521845 0.00158945 0.00173817 0.0028202 0.00421145 0.00563398 0.00686695 0.0078338 0.00863626 0.00944129 0.0103059 0.0110877 0.0115108 0.0113241
 1.01633e-16 6.78171e-05 0.000659207 0.00438066 0.0199139 0.0619595 0.132012 0.192678 0.192694 0.132087 0.0622127 0.0206449 0.0062145 0.00465854 0.00765181 0.012513 0.0179507 0.0224334 0.0244559 0.0233381 0.0196432 0.014822 0.0103716 0.00714998 0.00523961 0.00424769
 1.06551e-16 6.40598e-06 6.22685e-05 0.000413799 0.00188112 0.00585325 0.0124737 0.0182211 0.0182945 0.0128324 0.00705804 0.00536163 0.00915278 0.0191474 0.0362751 0.0600173 0.0865854 0.10914 0.120673 0.117892 0.103118 0.0826045 0.0627147 0.0469756 0.0357078 0.0275383
 1.0517e-16 7.14855e-05 0.000694865 0.00461762 0.020991 0.0653109 0.139152 0.203096 0.203098 0.139158 0.0653307 0.0210501 0.00477371 0.00106133 0.000842989 0.00147795 0.00258362 0.00421492 0.00645546 0.00931221 0.0126214 0.0159773 0.0187674 0.0203523 0.0203203 0.0186692
 1.05592e-16 4.9712e-05 0.000483219 0.00321116 0.0145975 0.0454184 0.0967699 0.141245 0.141279 0.0969318 0.0459619 0.0161665 0.00714709 0.00906706 0.0163283 0.0268559 0.0385504 0.0482209 0.0526779 0.0505151 0.043 0.0332847 0.024563 0.0185764 0.0153268 0.0137725
 1.13095e-16 2.41366e-05 0.000234617 0.00155911 0.00708753 0.0220521 0.046986 0.0685861 0.0686276 0.0471891 0.0227351 0.00906359 0.00653286 0.0111371 0.020861 0.0347904 0.0509081 0.0656697 0.0754141 0.0783655 0.0755246 0.0696555 0.0632804 0.0573612 0.0514742 0.0448805
 1.04858e-16 7.30188e-05 0.000709769 0.00471666 0.0214413 0.0667117 0.142137 0.207453 0.207456 0.142153 0.0667663 0.0216 0.00511891 0.00160084 0.00180376 0.00296818 0.00451014 0.00618626 0.00780228 0.00928217 0.0106832 0.0120777 0.0133989 0.0143948 0.0147401 0.0142152
 1.02169e-16 6.65607e-05 0.000646994 0.0042995 0.0195449 0.0608116 0.129566 0.189109 0.189125 0.129646 0.0610804 0.020321 0.00624648 0.00489347 0.00812042 0.0132913 0.0190766 0.0238608 0.0260547 0.0249453 0.0211368 0.0161687 0.0116181 0.00837191 0.00648562 0.00551172
 1.07156e-16 1.13282e-05 0.000110114 0.000731748 0.00332646 0.0103502 0.0220547 0.0322036 0.0322709 0.0223837 0.0114551 0.00651845 0.00874725 0.0176184 0.033293 0.0550995 0.0795486 0.100394 0.111236 0.109069 0.0960051 0.0777237 0.0599761 0.045908 0.0357485 0.0282173
 1.31458e-16 1.40623e-05 0.00013669 0.000908356 0.00412926 0.0128477 0.0273739 0.0399555 0.0399675 0.0274328 0.0130481 0.0047197 0.00243474 0.00361571 0.00705297 0.0127673 0.0210327 0.0319867 0.0456362 0.0618124 0.0797898 0.0977463 0.112662 0.121111 0.12068 0.111138
 1.06385e-16 7.61255e-05 0.000739967 0.00491734 0.0223535 0.0695501 0.148184 0.216279 0.21628 0.14819 0.0695714 0.0224154 0.00507436 0.00108843 0.000755574 0.00117789 0.00181351 0.00256356 0.00341027 0.00441266 0.00569299 0.00734942 0.00933878 0.0114139 0.0131696 0.0141813
pSPR Fmed_Fpbrs
0.440236   0.211942 0.211942
Fs Fmed_Fpbrs
0.47294   1.005 1.005
SSBpbr Bo_Bmed_Bpbrs
1.7892e+06  698210  289746 289746
Ro
57470.1
SPR SPRFo_SPRFmed_SPRFpbrs
410792 180846 87064.2
Fref
1.005
Nvult_r0
 126683 1990.13 1318.78 6650.04 1569.61
CTP_r0
 32968.2 609.595 403.956 2036.97 480.785
YTP_r0
391093
Np
 148252 44227.4 616.654 408.633 2548
Nvult_p0
 123762 38271.7 533.615 353.606 2204.88
CTP_p0
 55031.6 19183.6 267.473 177.244 1105.19
YTP_p0
 772135
CBA_c0
505406
log_Ro
10.779
likeval ReclasPelacesDesembMPH_pf_preclas_ppelaces_ptallas_desvR_qrecl_qpela
 34.4467 47.7002 0.137441 0.00199646 334.181 130.74 117.548 0 128.32 0 0 0.149804 0 0 0
q_reclas_q_pelaces
1 1
M
1
N
 7883.56 38319.5 121775 14867.4 0.133471
 4861.68 2520.69 11821.6 37567.7 4586.62
 195226 1228.72 578.872 2714.8 9680.66
 10450.6 49054.9 280.125 131.972 2825.92
 3834.78 1581.31 5917.01 33.7887 356.782
 285843 296.112 81.9828 306.767 20.2491
 5846.27 73587.5 69.5941 19.2681 76.8575
 1466.88 682.767 6412.66 6.06467 8.37671
 72465.8 264.729 102.743 964.982 2.17315
 7643.24 16141.4 51.8809 20.1353 189.54
 68518.1 1080.3 1787.29 5.74461 23.2167
 153951 20688.2 310.148 513.123 8.31468
 82380.3 32644.9 3811.52 57.1405 96.0675
 68055.5 17411 5989.52 699.319 28.1099
 49817.7 8966.54 1765.18 607.236 73.749
 438332 7279.45 1035.18 203.788 78.6191
 12093.9 107540 1610.53 229.026 62.4808
 982444 3166.07 25812 386.564 69.9682
 251866 298419 915.824 7466.43 132.057
 73607.4 69232.3 76150 233.698 1938.97
 450874 17602.8 14833.4 16315.5 465.504
 584955 122154 4410.97 3716.99 4205.04
 15077.7 155325 29846.7 1077.76 1935.64
 350802 4356.27 42193.6 8107.78 818.582
 181202 107852 1279.36 12391.5 2621.51
 35653.8 54662.7 30929 366.885 4305.31
 263483 10448.1 15115.3 8552.44 1291.95
 355201 77167.6 2887.02 4176.66 2720.21
 21664.3 113272 23727.2 887.688 2120.62
 9646.08 6915.52 34871.9 7304.66 926.139
 170910 2606.78 1727.42 8710.6 2055.96
pred_Ctot
 659.614 3966.34 12604.6 1538.88 0.0138152
 991.596 621.938 2916.77 9269.19 1131.67
 40343.2 307 144.633 678.302 2418.74
 4172.57 22742.8 129.871 61.1845 1310.15
 2156.98 992.708 3714.57 21.2118 223.98
 55836.5 70.0893 19.4052 72.6113 4.79294
 2758.97 39646.4 37.4949 10.381 41.4082
 500.036 273.768 2571.28 2.43174 3.3588
 18818 82.247 31.9206 299.804 0.675162
 3208.66 7831.56 25.1718 9.76936 91.9621
 7889.53 153.012 253.15 0.813661 3.2884
 43091.9 6899.57 103.435 171.128 2.77296
 23168.1 10935.7 1276.83 19.1416 32.1818
 29935.5 8810.15 3030.76 353.863 14.2239
 20421.1 4257.61 838.166 288.336 35.0185
 95372.1 1910.92 271.743 53.4961 20.6382
 2266.3 24456.3 366.261 52.0842 14.2091
 109959 436.149 3555.79 53.2519 9.63863
 41213.6 59529.3 182.691 1489.42 26.3431
 16859.3 19088.4 20995.8 64.4343 534.604
 77001.7 3659.92 3084.11 3392.27 96.7861
 105630 26804.6 967.911 815.63 922.724
 2086.24 26324.1 5058.35 182.656 328.048
 36966.7 565.68 5479.01 1052.83 106.296
 20951.7 15338.5 181.948 1762.3 372.827
 4670.53 8782.66 4969.36 58.9474 691.735
 34593.9 1682.42 2433.96 1377.17 208.039
 30248.3 8127.34 304.063 439.889 286.494
 1832.76 11852.6 2482.78 92.8864 221.899
 1659.36 1447.96 7301.42 1529.44 193.914
 32968.2 609.595 403.956 2036.97 480.785
F
 0.140246 0.176034 0.176034 0.176034 0.176034
 0.37541 0.471207 0.471207 0.471207 0.471207
 0.381216 0.478494 0.478494 0.478494 0.478494
 0.888406 1.11511 1.11511 1.11511 1.11511
 1.56113 1.9595 1.9595 1.9595 1.9595
 0.356968 0.448058 0.448058 0.448058 0.448058
 1.14741 1.4402 1.4402 1.4402 1.4402
 0.712185 0.89392 0.89392 0.89392 0.89392
 0.501726 0.629757 0.629757 0.629757 0.629757
 0.956587 1.20069 1.20069 1.20069 1.20069
 0.197533 0.247939 0.247939 0.247939 0.247939
 0.550947 0.691538 0.691538 0.691538 0.691538
 0.554244 0.695675 0.695675 0.695675 0.695675
 1.02682 1.28885 1.28885 1.28885 1.28885
 0.923315 1.15893 1.15893 1.15893 1.15893
 0.405115 0.508492 0.508492 0.508492 0.508492
 0.340209 0.427023 0.427023 0.427023 0.427023
 0.191544 0.240422 0.240422 0.240422 0.240422
 0.291428 0.365794 0.365794 0.365794 0.365794
 0.430686 0.540588 0.540588 0.540588 0.540588
 0.305904 0.383964 0.383964 0.383964 0.383964
 0.326019 0.409212 0.409212 0.409212 0.409212
 0.241598 0.303249 0.303249 0.303249 0.303249
 0.179464 0.225259 0.225259 0.225259 0.225259
 0.19843 0.249065 0.249065 0.249065 0.249065
 0.22744 0.285478 0.285478 0.285478 0.285478
 0.228009 0.286193 0.286193 0.286193 0.286193
 0.142896 0.17936 0.17936 0.17936 0.17936
 0.141898 0.178108 0.178108 0.178108 0.178108
 0.308434 0.38714 0.38714 0.38714 0.38714
 0.351794 0.441565 0.441565 0.441565 0.441565
YTP_r0W_actual
 280230 9936.4 11674.3 70886.6 18366
YTP_p0W_proyectada
 413838 309239 6253.52 5228.7 37576.5
CTP_r0_actual
 32968.2 609.595 403.956 2036.97 480.785
CTP_p0_proyectada
 55031.6 19183.6 267.473 177.244 1105.19
Wmedp
 7.52 16.12 23.38 29.5 34
Frms_r0
 0.351794 0.441565 0.441565 0.441565 0.441565
Zrms_r0
 1.35179 1.44156 1.44156 1.44156 1.44156
nmprior
 8.19 8.8 8.5 0
nm_flota  nm_reclas  nm_pelaces    nm_pelaL
inf 8.08912 5.7986 9.82472
cv_recla  cv_pelaces  cv_mph
0.530883 0.783127 1.37891
 ------------------------------------------------
Talla a la edad & desviaci?n 
 8 13.2811 15.8009 17.003 17.5766
 0.8 1.32811 1.58009 1.7003 1.75766
