years
 1991 1992 1993 1994 1995 1996 1997 1998 1999 2000 2001 2002 2003 2004 2005 2006 2007 2008 2009 2010 2011 2012 2013 2014 2015 2016 2017 2018 2019 2020 2021
reclasobs
 0 0 0 0 0 0 0 0 0 252601 567819 844713 477998 351125 339783 2.1784e+06 2.13404e+06 4.81314e+06 1.55562e+06 2.62356e+06 3.21686e+06 3.843e+06 1.13348e+06 3.07943e+06 1.97215e+06 2.03268e+06 2.025e+06 2.42433e+06 2.27542e+06 1.05018e+06 2.36338e+06
reclaspred
 3.05247e+06 2.09908e+06 681263 755799 104377 3.4753e+06 1.21973e+06 223681 1.14109e+06 224914 273306 1.28766e+06 544177 687936 369441 2.09351e+06 719907 5.53879e+06 5.51737e+06 1.47958e+06 2.83813e+06 3.52426e+06 1.50595e+06 3.45254e+06 2.63378e+06 1.31519e+06 2.08906e+06 4.37571e+06 3.10796e+06 612261 1.29452e+06
pelacesobs
 0 0 0 0 0 0 0 0 0 0 0 0 0 0 0 552880 188675 0 991730 2.46772e+06 1.41603e+06 1.21717e+06 2.29649e+06 1.80582e+06 0 1.4828e+06 1.56532e+06 1.57751e+06 1.42118e+06 867257 1.10002e+06
pelacespred
 2.3607e+06 1.13627e+06 383220 285932 32385.2 2.01345e+06 669413 141481 607107 88298.5 137111 605816 245307 323813 150532 926147 333420 3.21593e+06 3.56043e+06 871064 1.43074e+06 1.73557e+06 881223 2.15839e+06 1.63746e+06 814489 1.36322e+06 3.02815e+06 2.27633e+06 391557 668248
mphobs
 0 0 0 0 0 0 0 0 0 0 0 498337 0 5186 125008 0 168611 109162 213762 579715 649985 157893 87575 83554 0 0 0 0 0 0 0
mphpred
 969273 261978 240942 44108.9 57325.1 4261.78 491156 83444.7 15728.9 121122 7578.17 36443 144910 28400.2 33656.2 23339.2 260662 51002.9 800434 592894 129675 286925 458982 147439 442270 361359 115928 239140 788622 295827 30768.3
desembarqueobs
 494567 514787 250237 358949 120608 361735 552515 73892 212993 205616 52469 317467 293654 387597 252695 516296 358380 742168 942051 627588 828172 859565 418607 520667 417249 300574 415391 372974 316634 284311 391294
desembarquepred
 494422 514547 249540 358255 120462 361425 551537 73841.1 212739 205267 52425.8 316959 292947 386473 252087 515397 357864 741145 939780 624974 826743 857802 417949 520028 416484 300015 414673 372513 316111 283289 390745
Reclutas
 939.429 204113 1335.03 110967 759.212 286385 753.402 211.187 62461.4 983.214 27665.2 156662 30460.7 80394.5 37807.1 267847 2037.8 514038 337831 18707.9 243452 428743 2189.8 177708 151415 8073.72 129934 225330 6371.96 2025.87 105028
log_desv_Rt
 -3.32529 2.05586 -2.97385 1.44643 -3.53828 2.39453 -3.54596 -4.81782 0.871742 -3.27973 0.0573681 1.79129 0.15363 1.12414 0.369691 2.32761 -2.55094 2.97949 2.55974 -0.333859 2.23211 2.79805 -2.479 1.91734 1.75721 -1.17419 1.60422 2.15476 -1.4109 -2.55681 1.39142
SSB
 907150 245187 225500 41281.8 53651 3988.63 459677 78096.5 14720.8 113359 7092.47 34107.3 135623 26580 31499.1 21843.3 243956 47734 749132 554894 121364 268536 429564 137989 413924 338199 108498 223813 738077 276867 28796.3
BT
 1.18136e+06 947528 327055 416866 101591 1.26534e+06 688562 113084 470726 202630 106953 536126 338756 556496 314918 836177 380386 2.1722e+06 2.25542e+06 877328 1.379e+06 1.46122e+06 604422 1.46741e+06 973190 505924 1.05062e+06 1.68214e+06 943323 428899 686165
Ftot
 0.643679 1.32484 1.34229 2.56086 3.02002 0.720629 1.58793 1.20815 1.22338 2.62299 1.23264 1.52471 2.12573 3.04336 3.35881 1.58555 1.72375 0.900586 0.883283 1.54717 1.68825 1.38851 1.06641 0.933647 0.805281 0.921281 1.20276 0.537717 0.424878 1.59643 1.86638
BD_Bspro_t
 0.902847 0.428626 0.315609 0.0850451 0.0926324 0.0104073 0.444438 0.113121 0.0364617 0.229164 0.0286344 0.189493 0.279772 0.0664437 0.0721458 0.0544111 0.263314 0.0689631 0.448304 0.327995 0.0899096 0.177999 0.265532 0.120017 0.31461 0.321615 0.170778 0.32546 0.578547 0.338686 0.072224
BD_Bspro
 4.86527 1.315 1.20941 0.221404 0.287743 0.021392 2.46536 0.418851 0.0789513 0.607974 0.0380386 0.182926 0.727377 0.142555 0.168937 0.117151 1.30839 0.256009 4.01778 2.97603 0.650906 1.44022 2.30386 0.740069 2.21997 1.81384 0.581902 1.20036 3.95849 1.4849 0.154442
BD_Bo
 0.662797 0.179143 0.164759 0.030162 0.0391994 0.00291424 0.335857 0.0570602 0.0107556 0.0828246 0.00518202 0.02492 0.0990909 0.0194203 0.0230144 0.0159596 0.178243 0.0348762 0.547344 0.405426 0.0886732 0.196202 0.313856 0.10082 0.302428 0.2471 0.0792727 0.163526 0.539266 0.202289 0.0210396
BD_Brms
 2.74101 0.74085 0.681363 0.124736 0.16211 0.0120519 1.38894 0.235974 0.0444799 0.342523 0.0214304 0.103057 0.409793 0.0803131 0.0951767 0.0660011 0.737129 0.144231 2.26355 1.67665 0.36671 0.811398 1.29796 0.416943 1.2507 1.02189 0.327834 0.676265 2.23015 0.836571 0.0870099
Sel_flota
 0.496679 0.949365 0.997201 0.999852 0.999992
 0.496679 0.949365 0.997201 0.999852 0.999992
 0.496679 0.949365 0.997201 0.999852 0.999992
 0.496679 0.949365 0.997201 0.999852 0.999992
 0.496679 0.949365 0.997201 0.999852 0.999992
 0.496679 0.949365 0.997201 0.999852 0.999992
 0.496679 0.949365 0.997201 0.999852 0.999992
 0.496679 0.949365 0.997201 0.999852 0.999992
 0.496679 0.949365 0.997201 0.999852 0.999992
 0.496679 0.949365 0.997201 0.999852 0.999992
 0.496679 0.949365 0.997201 0.999852 0.999992
 0.496679 0.949365 0.997201 0.999852 0.999992
 0.496679 0.949365 0.997201 0.999852 0.999992
 0.496679 0.949365 0.997201 0.999852 0.999992
 0.496679 0.949365 0.997201 0.999852 0.999992
 0.496679 0.949365 0.997201 0.999852 0.999992
 0.496679 0.949365 0.997201 0.999852 0.999992
 0.496679 0.949365 0.997201 0.999852 0.999992
 0.496679 0.949365 0.997201 0.999852 0.999992
 0.496679 0.949365 0.997201 0.999852 0.999992
 0.496679 0.949365 0.997201 0.999852 0.999992
 0.496679 0.949365 0.997201 0.999852 0.999992
 0.496679 0.949365 0.997201 0.999852 0.999992
 0.496679 0.949365 0.997201 0.999852 0.999992
 0.496679 0.949365 0.997201 0.999852 0.999992
 0.496679 0.949365 0.997201 0.999852 0.999992
 0.496679 0.949365 0.997201 0.999852 0.999992
 0.496679 0.949365 0.997201 0.999852 0.999992
 0.496679 0.949365 0.997201 0.999852 0.999992
 0.496679 0.949365 0.997201 0.999852 0.999992
 0.496679 0.949365 0.997201 0.999852 0.999992
Sel_reclas
 0.84043 0.963644 0.992559 0.998513 0.999704
 0.84043 0.963644 0.992559 0.998513 0.999704
 0.84043 0.963644 0.992559 0.998513 0.999704
 0.84043 0.963644 0.992559 0.998513 0.999704
 0.84043 0.963644 0.992559 0.998513 0.999704
 0.84043 0.963644 0.992559 0.998513 0.999704
 0.84043 0.963644 0.992559 0.998513 0.999704
 0.84043 0.963644 0.992559 0.998513 0.999704
 0.84043 0.963644 0.992559 0.998513 0.999704
 0.84043 0.963644 0.992559 0.998513 0.999704
 0.84043 0.963644 0.992559 0.998513 0.999704
 0.84043 0.963644 0.992559 0.998513 0.999704
 0.84043 0.963644 0.992559 0.998513 0.999704
 0.84043 0.963644 0.992559 0.998513 0.999704
 0.84043 0.963644 0.992559 0.998513 0.999704
 0.84043 0.963644 0.992559 0.998513 0.999704
 0.84043 0.963644 0.992559 0.998513 0.999704
 0.84043 0.963644 0.992559 0.998513 0.999704
 0.84043 0.963644 0.992559 0.998513 0.999704
 0.84043 0.963644 0.992559 0.998513 0.999704
 0.84043 0.963644 0.992559 0.998513 0.999704
 0.84043 0.963644 0.992559 0.998513 0.999704
 0.84043 0.963644 0.992559 0.998513 0.999704
 0.84043 0.963644 0.992559 0.998513 0.999704
 0.84043 0.963644 0.992559 0.998513 0.999704
 0.84043 0.963644 0.992559 0.998513 0.999704
 0.84043 0.963644 0.992559 0.998513 0.999704
 0.84043 0.963644 0.992559 0.998513 0.999704
 0.84043 0.963644 0.992559 0.998513 0.999704
 0.84043 0.963644 0.992559 0.998513 0.999704
 0.84043 0.963644 0.992559 0.998513 0.999704
Sel_pelaces
 0.630055 1 1 1 1
 0.630055 1 1 1 1
 0.630055 1 1 1 1
 0.630055 1 1 1 1
 0.630055 1 1 1 1
 0.630055 1 1 1 1
 0.630055 1 1 1 1
 0.630055 1 1 1 1
 0.630055 1 1 1 1
 0.630055 1 1 1 1
 0.630055 1 1 1 1
 0.630055 1 1 1 1
 0.630055 1 1 1 1
 0.630055 1 1 1 1
 0.630055 1 1 1 1
 0.630055 1 1 1 1
 0.630055 1 1 1 1
 0.630055 1 1 1 1
 0.630055 1 1 1 1
 0.630055 1 1 1 1
 0.630055 1 1 1 1
 0.630055 1 1 1 1
 0.630055 1 1 1 1
 0.630055 1 1 1 1
 0.630055 1 1 1 1
 0.630055 1 1 1 1
 0.630055 1 1 1 1
 0.630055 1 1 1 1
 0.630055 1 1 1 1
 0.630055 1 1 1 1
 0.630055 1 1 1 1
pf_obs 
 0.8446 0.082 0.0669 0.0065 0
 0.8095 0.147 0.0364 0.0071 0
 0.9664 0.0169 0.016 0.0007 0
 0.9276 0.0648 0.0075 0.0001 0
 0.7033 0.2144 0.0806 0.0017 0
 0.9318 0.0425 0.0243 0.0014 0
 0.5671 0.3108 0.0964 0.0239 0.0018
 0.0768 0.2599 0.5324 0.112 0.0189
 0.490249 0.384438 0.106611 0.0170017 0.00170017
 0.7925 0.1577 0.0466 0.003 0.0002
 0.840416 0.127587 0.0312969 0.00059994 9.999e-05
 0.8084 0.0986 0.0794 0.0134 0.0002
 0.7335 0.1905 0.0724 0.0035 0.0001
 0.4001 0.4547 0.1325 0.0127 0
 0.49795 0.308269 0.164784 0.0264974 0.00249975
 0.9179 0.0499 0.0305 0.0017 0
 0.2467 0.6533 0.0926 0.0074 0
 0.9418 0.0223 0.034 0.0019 0
 0.707729 0.231977 0.0356964 0.0245975 0
 0.517169 0.277429 0.184464 0.0207286 0.00020938
 0.811772 0.124168 0.05621 0.00726502 0.000585176
 0.764997 0.148141 0.077277 0.00933861 0.000247198
 0.163321 0.427699 0.378323 0.0303852 0.000271297
 0.753843 0.0900009 0.118128 0.0371064 0.000921714
 0.721811 0.176058 0.0630433 0.0369309 0.00215725
 0.143369 0.312575 0.442814 0.0836902 0.0175525
 0.692698 0.0596174 0.167031 0.0765114 0.00414204
 0.394062 0.376323 0.152708 0.0712218 0.00568511
 0.125707 0.32114 0.495352 0.0537591 0.00404204
 0.23352 0.215282 0.420074 0.123614 0.00750983
 0.796117 0.104755 0.0508955 0.0450114 0.00322123
pf_pred 
 0.00925922 0.255034 0.529276 0.206429 1.84782e-06
 0.918023 0.00175305 0.0217117 0.0421375 0.0163747
 0.0210686 0.950765 0.000660403 0.00747159 0.0200346
 0.948259 0.00294225 0.0475205 3.01161e-05 0.00124782
 0.0474249 0.942059 0.000681939 0.00957883 0.000255521
 0.998157 0.000367028 0.00146218 9.03886e-07 1.29219e-05
 0.00675072 0.99249 0.000159931 0.000594251 5.59658e-06
 0.0207788 0.0195345 0.959025 0.000139812 0.000521514
 0.981676 0.00105414 0.000374856 0.0168833 1.15853e-05
 0.0543421 0.939677 0.00037518 0.000122249 0.00548347
 0.97273 0.00543083 0.0217204 7.52847e-06 0.000111567
 0.948874 0.050631 0.000105728 0.00038752 2.11418e-06
 0.438042 0.551916 0.00995442 1.88415e-05 6.90624e-05
 0.920704 0.0587514 0.0202191 0.000322835 2.831e-06
 0.815728 0.181353 0.00224847 0.000659331 1.05263e-05
 0.984923 0.0145075 0.000561501 5.85511e-06 1.72773e-06
 0.0296375 0.965469 0.00472626 0.00016546 2.22205e-06
 0.988439 0.00100725 0.0105059 4.62991e-05 1.63318e-06
 0.6278 0.370507 0.000158 0.00152854 6.94518e-06
 0.110202 0.713355 0.1757 6.9506e-05 0.000672711
 0.933278 0.0181886 0.0396499 0.00884627 3.71576e-05
 0.875592 0.121807 0.000764657 0.00150216 0.000334636
 0.0161262 0.936408 0.0465628 0.000266445 0.00063676
 0.901022 0.00393707 0.090797 0.00416364 8.03939e-05
 0.679268 0.307706 0.000557576 0.0119142 0.000554573
 0.0987933 0.749309 0.146162 0.000246438 0.00548926
 0.902573 0.0205951 0.0646836 0.0116919 0.000456813
 0.825865 0.167662 0.00146364 0.00422028 0.000788935
 0.0490381 0.865443 0.0825346 0.00067655 0.00230746
 0.065022 0.0915249 0.771669 0.0692871 0.00249651
 0.975601 0.00456747 0.00212611 0.0162064 0.00149925
pobs_RECLAS
 0 0 0 0 0
 0 0 0 0 0
 0 0 0 0 0
 0 0 0 0 0
 0 0 0 0 0
 0 0 0 0 0
 0 0 0 0 0
 0 0 0 0 0
 0 0 0 0 0
 0 0 0 0 0
 0.991045 0.00858322 0.000360255 1.14367e-05 0
 0.934742 0.0480273 0.0164251 0.00080598 0
 0.827803 0.169806 0.00239088 0 0
 0.941827 0.0461693 0.0120037 0 0
 0.791401 0.0380133 0.147996 0.0225897 0
 0.846168 0.0940531 0.0597789 0 0
 0.134021 0.677848 0.182769 0.00536245 0
 0.80878 0.0450904 0.141981 0.00414843 0
 0.846168 0.0940531 0.0597789 0 0
 0.905697 0.0802665 0.012482 0.00150086 5.37128e-05
 0.989698 0.0102097 9.19794e-05 0 0
 0.975433 0.0193895 0.00387452 0.00125025 5.28907e-05
 0.303575 0.632131 0.0575291 0.00676475 0
 0.966965 0.00978017 0.0227588 0.000495775 0
 0.843318 0.132988 0.00938335 0.0141283 0.000182051
 0.564624 0.303363 0.111486 0.0197234 0.00080311
 0.826376 0.0876187 0.0782897 0.00655872 0.00115652
 0.89761 0.0855135 0.0140674 0.00269457 0.000114338
 0.34875 0.467042 0.161289 0.0227151 0.000203297
 0.318654 0.224769 0.449479 0.00709798 0
 0.937255 0.0296025 0.0250945 0.00804832 0
ppred_RECLAS
 0.0161333 0.257561 0.522058 0.204246 1.83018e-06
 0.954643 0.000997424 0.0119792 0.0233117 0.00906822
 0.0379389 0.935113 0.000629728 0.0071437 0.0191749
 0.976093 0.00142442 0.0218924 1.38971e-05 0.000576363
 0.101879 0.888749 0.000607084 0.00853735 0.000227953
 0.998957 0.000211743 0.000823335 5.10527e-07 7.30602e-06
 0.0126084 0.98666 0.000153646 0.000572331 5.39559e-06
 0.0379661 0.0197511 0.941631 0.000137659 0.000514005
 0.990043 0.000587448 0.000202824 0.00916038 6.29226e-06
 0.109778 0.884856 0.000335822 0.000109597 0.0049207
 0.985109 0.00303641 0.0117896 4.09766e-06 6.07868e-05
 0.971942 0.0277949 5.61383e-05 0.000206288 1.12658e-06
 0.609849 0.383462 0.00662999 1.25749e-05 4.61379e-05
 0.964198 0.0269221 0.00873903 0.000139694 1.22615e-06
 0.914165 0.0845592 0.000982831 0.000288432 4.60909e-06
 0.991926 0.00777884 0.000290962 3.04165e-06 8.98437e-07
 0.0550669 0.940335 0.00443995 0.00015581 2.09455e-06
 0.993548 0.000575607 0.00584983 2.58567e-05 9.13023e-07
 0.747667 0.251211 0.000104399 0.001013 4.60751e-06
 0.189089 0.654403 0.155848 6.18092e-05 0.000598823
 0.964615 0.00989467 0.0208153 0.00465537 1.95739e-05
 0.928336 0.0702081 0.000427053 0.000841171 0.000187578
 0.0284438 0.925902 0.0447821 0.000256992 0.0006148
 0.942739 0.00233563 0.0524662 0.00241302 4.66402e-05
 0.78726 0.204281 0.000361012 0.00773738 0.000360528
 0.16247 0.699394 0.132901 0.000224742 0.00501117
 0.944801 0.0119359 0.0364062 0.00659896 0.000258091
 0.890483 0.105524 0.000900487 0.00260466 0.000487421
 0.0808005 0.838161 0.0782003 0.000643072 0.00219557
 0.118831 0.0889475 0.724642 0.0652273 0.00235261
 0.987635 0.00238344 0.00106787 0.00815847 0.000755489
pobs_PELACES
 0 0 0 0 0
 0 0 0 0 0
 0 0 0 0 0
 0 0 0 0 0
 0 0 0 0 0
 0 0 0 0 0
 0 0 0 0 0
 0 0 0 0 0
 0 0 0 0 0
 0 0 0 0 0
 0 0 0 0 0
 0 0 0 0 0
 0 0 0 0 0
 0 0 0 0 0
 0 0 0 0 0
 0 0 0 0 0
 0.505614 0.472636 0.0217494 0 0
 0 0 0 0 0
 0.443492 0.261883 0.143347 0.151278 0
 0.227955 0.32914 0.350689 0.0885471 0.00366901
 0.970185 0.0296113 0.000203453 0 0
 0.997202 0.00247181 0.000326279 0 0
 0.445219 0.490057 0.0546422 0.010081 0
 0.90214 0.0892962 0.00764917 0.000914606 0
 0 0 0 0 0
 0.581667 0.319106 0.0959925 0.00289975 0.000334073
 0.762889 0.0836404 0.116647 0.0363945 0.000428098
 0.88444 0.0763242 0.0277011 0.0115352 0
 0.521256 0.241999 0.230069 0.00667565 0
 0.616807 0.101726 0.260614 0.0208532 0
 0.833518 0.0704572 0.0857862 0.0102388 0
ppred_PELACES
 0.0132676 0.266315 0.518777 0.201639 1.80462e-06
 0.951396 0.0011289 0.0128908 0.0249072 0.00967673
 0.0336952 0.940738 0.000602165 0.00678233 0.0181821
 0.978808 0.00134868 0.0193272 1.21682e-05 0.000504
 0.114087 0.877417 0.000554794 0.00773502 0.000206255
 0.998746 0.00026313 0.000982105 6.04963e-07 8.64687e-06
 0.0115599 0.987751 0.000145639 0.000538519 5.0704e-06
 0.0345764 0.0207873 0.943988 0.000137035 0.00051104
 0.989116 0.000676704 0.000222496 0.00997824 6.84549e-06
 0.116516 0.878565 0.000310591 0.000100527 0.00450756
 0.983534 0.0034906 0.0129047 4.4537e-06 6.59859e-05
 0.969177 0.0305502 5.84812e-05 0.000213331 1.16357e-06
 0.608294 0.385396 0.00625583 1.17725e-05 4.31384e-05
 0.968977 0.0237693 0.00713948 0.000113143 9.9178e-07
 0.92713 0.0718738 0.00076917 0.000223724 3.57026e-06
 0.991205 0.00849059 0.000300711 3.12049e-06 9.2056e-07
 0.0516649 0.943975 0.00421113 0.000146677 1.96928e-06
 0.992506 0.000695742 0.00676787 2.97127e-05 1.04789e-06
 0.709558 0.289213 0.000115075 0.00110908 5.03828e-06
 0.176571 0.671318 0.151474 5.96355e-05 0.000577033
 0.963514 0.0106312 0.0211421 0.00469333 1.97085e-05
 0.920181 0.078285 0.000452287 0.000884488 0.00019699
 0.024253 0.931888 0.0430281 0.000245225 0.000585923
 0.934517 0.00278761 0.0599057 0.00273652 5.28276e-05
 0.751297 0.239267 0.000405337 0.00862949 0.000401602
 0.139399 0.723845 0.131612 0.000221057 0.00492293
 0.938962 0.0137195 0.0398632 0.00717494 0.000280268
 0.86441 0.130848 0.00107489 0.00308914 0.000577381
 0.0635648 0.856585 0.0770725 0.000629785 0.0021476
 0.115012 0.0938816 0.724079 0.0646976 0.00233055
 0.987714 0.00249666 0.00105448 0.00799507 0.000739412
pobs_pel_tallas
 0 0 0 0 0 0 0 0 0 0 0 0 0 0 0 0 0 0 0 0 0 0 0 0 0 0
 0 0 0 0 0 0 0 0 0 0 0 0 0 0 0 0 0 0 0 0 0 0 0 0 0 0
 0 0 0 0 0 0 0 0 0 0 0 0 0 0 0 0 0 0 0 0 0 0 0 0 0 0
 0 0 0 0 0 0 0 0 0 0 0 0 0 0 0 0 0 0 0 0 0 0 0 0 0 0
 0 0 0 0 0 0 0 0 0 0 0 0 0 0 0 0 0 0 0 0 0 0 0 0 0 0
 0 0 0 0 0 0 0 0 0 0 0 0 0 0 0 0 0 0 0 0 0 0 0 0 0 0
 0 0 0 0 0 0 0 0 0 0 0 0 0 0 0 0 0 0 0 0 0 0 0 0 0 0
 0 0 0 0 0 0 0 0 0 0 0 0 0 0 0 0 0 0 0 0 0 0 0 0 0 0
 0 0 0 0 0 0 0 0 0 0 0 0 0 0 0 0 0 0 0 0 0 0 0 0 0 0
 0 0 0 0 0 0 0 0 0 0 0 0 0 0 0 0 0 0 0 0 0 0 0 0 0 0
 0 0 0 0 0 0 0 0 0 0 0 0 0 0 0 0 0 0 0 0 0 0 0 0 0 0
 0 0 0 0 0 0 0 0 0 0 0 0 0 0 0 0 0 0 0 0 0 0 0 0 0 0
 0.00862536 0 0 0.000197151 0.00414017 0.0128641 0.00837892 0.0270097 0.101434 0.158115 0.152841 0.127902 0.109271 0.109419 0.0830992 0.0579132 0.0238553 0.00714673 0.00463305 0.00128148 0.00103504 0.000492878 0.000147863 0.000147863 4.92878e-05 0
 0 0 0 0 0 0 0 0 0 0 0 0 0 0 0 0 0 0 0 0 0 0 0 0 0 0
 0 0 0 0 0 0 0 0.0054083 0.00873648 0.0413646 0.0450493 0.0745869 0.0622846 0.0627006 0.0613931 0.0827291 0.12552 0.122667 0.0946155 0.0697135 0.0546179 0.0294188 0.0215738 0.0213955 0.0102223 0.00600262
 0 0 0 0 0.00359764 0.0251062 0.0480494 0.140153 0.205849 0.193036 0.1447 0.116669 0.0760912 0.0342217 0.00950174 0.001854 0.000860785 0 0 0 0.000165536 0 0.000143464 0 0 0
 0 0 0 0 0 0 0 0.000145254 0.000435761 0.0275982 0.070085 0.0708112 0.156366 0.174668 0.174014 0.160142 0.0824315 0.0480064 0.0283245 0.00493863 0.00203355 0 0 0 0 0
 0 0 0 0 0 0 0 0 0 0 0 0 0 0 0 0 0 0 0 0 0 0 0 0 0 0
 0 0 1.00437e-05 0.000401748 0.00122533 0.00171747 0.00176769 0.0269171 0.070346 0.194647 0.189555 0.159765 0.064822 0.0314167 0.0384472 0.0292271 0.0345202 0.0313363 0.0194345 0.0106764 0.0143323 0.0359363 0.0279516 0.0138201 0.00172751 0
 0 0.0021121 0.0136068 0.0755702 0.200478 0.177729 0.0527432 0.0373336 0.0318909 0.0142505 0.0149659 0.0166563 0.0217959 0.0798694 0.0677717 0.0528807 0.04013 0.0224614 0.0357745 0.0225083 0.00881397 0.00855152 0.00135912 0.000746735 0 0
 0 0 0 0 5.4009e-05 0.00500934 0.000945158 0.0243581 0.138947 0.33067 0.221406 0.137944 0.0707744 0.0437923 0.0131692 0.00525238 0.0047753 0.00276346 9.45158e-05 9.00151e-06 2.25038e-05 9.00151e-06 4.50075e-06 0 0 0
 0.000866109 0.00284123 0.00948549 0.0512746 0.133035 0.25785 0.225252 0.132002 0.0553304 0.0519788 0.0540692 0.017754 0.00435017 0.00159236 0.00146478 0.000404838 0.000125132 0.000115318 0.000107957 0.000100596 0 0 0 0 0 0
 0 0 0 0 0.00144013 0.00171154 0.00461396 0.0210425 0.0478622 0.0707936 0.0888783 0.103762 0.0637923 0.0337046 0.0602308 0.124433 0.169614 0.0934646 0.0462172 0.0250306 0.0313229 0.00938855 0.002487 0.000210481 0 0
 0 0.00764035 0.051015 0.0998891 0.058973 0.0496711 0.0374665 0.0718981 0.12319 0.153886 0.159021 0.0857701 0.0377988 0.023471 0.0147837 0.00900784 0.00315554 0.000888139 0.00291439 0.00214683 0.00393193 0.00274676 0.000635225 9.99891e-05 0 0
 0 0 0 0 0 0 0 0 0 0 0 0 0 0 0 0 0 0 0 0 0 0 0 0 0 0
 0 0 0 0 0 0 0 0 0 0 0 0 0 0 0 0 0 0 0 0 0 0 0 0 0 0
 0 0 0 0 0 0 0 0 0 0 0 0 0 0 0 0 0 0 0 0 0 0 0 0 0 0
 0 0 0 0 0 0 0 0 0 0 0 0 0 0 0 0 0 0 0 0 0 0 0 0 0 0
 0 0 0 0 0 0 0 0 0 0 0 0 0 0 0 0 0 0 0 0 0 0 0 0 0 0
 0 0 0 0 0 0 0 0 0 0 0 0 0 0 0 0 0 0 0 0 0 0 0 0 0 0
 0 0 0 0 0 0 0 0 0 0 0 0 0 0 0 0 0 0 0 0 0 0 0 0 0 0
ppred_pel_tallas
 1.35261e-16 1.09289e-06 1.06233e-05 7.05969e-05 0.00032094 0.000998703 0.00212882 0.00311261 0.00313909 0.00225858 0.00143679 0.00159681 0.00331304 0.00722142 0.0140865 0.0243135 0.0374413 0.0521827 0.0671385 0.0816061 0.0956183 0.109018 0.120434 0.127277 0.126942 0.118334
 1.04508e-16 7.83653e-05 0.000761738 0.00506202 0.0230112 0.0715964 0.152544 0.222642 0.222642 0.152544 0.0715988 0.0230186 0.00508234 0.000811697 0.000190284 0.000236971 0.00044772 0.000815732 0.00140704 0.00229211 0.00350947 0.00502408 0.00669771 0.0082945 0.00953138 0.0101596
 1.04015e-16 2.77563e-06 2.69802e-05 0.000179297 0.000815114 0.00253661 0.00540786 0.00791189 0.00800235 0.00584977 0.00401982 0.00509641 0.0109158 0.023431 0.0443523 0.0730608 0.104645 0.130337 0.141223 0.133237 0.109687 0.0792194 0.050887 0.0300804 0.0176264 0.01145
 1.00645e-16 8.06231e-05 0.000783685 0.00520787 0.0236742 0.0736592 0.156939 0.229057 0.229057 0.15694 0.073662 0.0236825 0.00523017 0.00083705 0.000195638 0.000231328 0.000407745 0.000683305 0.00106953 0.00156284 0.00212376 0.00266832 0.00308192 0.00325784 0.00314328 0.00276526
 1.01051e-16 9.39739e-06 9.13461e-05 0.000607031 0.00275953 0.00858637 0.0182973 0.0267231 0.0268075 0.0187094 0.00996967 0.00675242 0.01062 0.0219176 0.0413667 0.0681246 0.0975543 0.121458 0.131495 0.123837 0.101532 0.0726122 0.0455187 0.0253231 0.0128941 0.00643421
 1.00031e-16 8.22653e-05 0.000799648 0.00531394 0.0241564 0.0751596 0.160135 0.233722 0.233722 0.160136 0.07516 0.0241577 0.0053173 0.000807197 9.72722e-05 3.23315e-05 4.2555e-05 6.15245e-05 8.32145e-05 0.000106314 0.000129439 0.000150075 0.000164275 0.000167804 0.000158295 0.000136885
 1.00312e-16 9.52379e-07 9.25756e-06 6.15244e-05 0.000279739 0.000870882 0.00185902 0.0027332 0.00282817 0.00232298 0.00242806 0.00477445 0.0113327 0.0245773 0.046551 0.0766705 0.109775 0.136632 0.147835 0.139058 0.113719 0.0808616 0.0500123 0.0269288 0.0126537 0.0052248
 1.27347e-16 2.84803e-06 2.76838e-05 0.000183969 0.000836297 0.00260205 0.00554406 0.00809242 0.00809588 0.00556163 0.00266521 0.00103715 0.00075749 0.00150856 0.00348359 0.00749037 0.0148127 0.0269596 0.0451198 0.0692728 0.0972731 0.124563 0.145113 0.153523 0.147326 0.128148
 1.01009e-16 8.14722e-05 0.000791938 0.00526271 0.0239235 0.0744349 0.158591 0.231469 0.231469 0.158592 0.0744361 0.0239269 0.00527144 0.000811833 0.000121904 8.00934e-05 0.000126725 0.000203945 0.000319293 0.000490698 0.000736347 0.00106201 0.00144725 0.00183967 0.00216415 0.00234607
 1.01007e-16 9.59744e-06 9.32906e-05 0.000619953 0.00281827 0.00876913 0.0186867 0.0272915 0.027376 0.0190994 0.0101542 0.00681622 0.0106455 0.0219464 0.0414164 0.0682022 0.0976555 0.121562 0.131561 0.123815 0.101374 0.0722893 0.0450336 0.0247157 0.0122361 0.00581273
 1.00386e-16 8.10124e-05 0.00078747 0.00523301 0.0237885 0.0740149 0.157697 0.230163 0.230163 0.157698 0.0740208 0.0238058 0.00527744 0.000887476 0.000279734 0.00035705 0.000559305 0.000812512 0.00109759 0.0014001 0.00170195 0.00197031 0.00215367 0.00219672 0.00206872 0.00178502
 1.00032e-16 7.98298e-05 0.000775974 0.00515662 0.0234413 0.0729345 0.155395 0.226804 0.226807 0.155409 0.0729826 0.0235803 0.00550527 0.00153595 0.00151988 0.0023777 0.00339718 0.00422935 0.00457893 0.00431225 0.00353523 0.00252734 0.00158236 0.000876967 0.000441774 0.000214727
 1.00288e-16 5.01044e-05 0.000487033 0.00323651 0.0147127 0.0457769 0.0975339 0.142361 0.142398 0.097715 0.0463847 0.0164671 0.00763643 0.0100791 0.018229 0.0299566 0.0429129 0.0534666 0.0579539 0.0546863 0.0449826 0.0323407 0.0204369 0.0114825 0.00586926 0.00284359
 1.00224e-16 7.98134e-05 0.000775814 0.00515556 0.0234364 0.0729194 0.155363 0.226757 0.226759 0.155374 0.0729571 0.0235454 0.00542934 0.00137433 0.00121898 0.00189524 0.00273689 0.00347101 0.00387711 0.00385154 0.00345995 0.00288409 0.00230584 0.00182149 0.00143658 0.00111579
 1.00064e-16 7.63665e-05 0.000742309 0.00493291 0.0224243 0.0697703 0.148653 0.216965 0.216972 0.148687 0.0698836 0.0227514 0.00575334 0.00253083 0.00346574 0.00558941 0.007999 0.00996334 0.0107949 0.010179 0.0083629 0.00600093 0.00378074 0.00211586 0.00107874 0.000526543
 1.00012e-16 8.16442e-05 0.000793611 0.00527382 0.023974 0.0745921 0.158926 0.231958 0.231959 0.15893 0.0746055 0.0240127 0.00537082 0.0010051 0.000482575 0.000666651 0.000947849 0.00118211 0.00128408 0.00121634 0.00100755 0.000733961 0.000475477 0.000279849 0.000155257 8.53656e-05
 1.00378e-16 4.25577e-06 4.13676e-05 0.000274907 0.00124974 0.0038889 0.00828907 0.0121172 0.0122079 0.0087325 0.0053772 0.0055457 0.011048 0.0235246 0.0445018 0.0732974 0.104962 0.130676 0.141457 0.133168 0.109065 0.0777714 0.0483657 0.0263284 0.0126478 0.00545883
 1.00199e-16 8.17514e-05 0.000794652 0.00528074 0.0240055 0.07469 0.159135 0.232262 0.232262 0.159135 0.0746913 0.0240094 0.0052911 0.000818875 0.000132492 0.000101937 0.000167362 0.000269196 0.000405859 0.000574615 0.000762005 0.000940358 0.00107164 0.00112018 0.00106867 0.0009275
 1.0019e-16 5.84454e-05 0.00056811 0.00377529 0.0171619 0.0533973 0.11377 0.166056 0.166084 0.113906 0.0538533 0.018478 0.0070756 0.00776196 0.0136892 0.0224556 0.0321479 0.0400176 0.0433093 0.0407576 0.0333649 0.0237792 0.0147865 0.00806722 0.00391917 0.00176091
 1.04647e-16 1.45441e-05 0.000141374 0.00093948 0.00427078 0.0132883 0.0283146 0.0413395 0.0414043 0.0286312 0.0143515 0.00734262 0.00865378 0.0169934 0.032053 0.0530519 0.0766127 0.096723 0.107212 0.105151 0.0925074 0.0746683 0.0571093 0.0428589 0.0322256 0.0241414
 1.01087e-16 7.93633e-05 0.00077144 0.00512649 0.0233043 0.0725083 0.154487 0.225478 0.225479 0.154492 0.0725257 0.0233552 0.00525577 0.00105878 0.00064013 0.000972001 0.00148446 0.00205912 0.00262972 0.00316098 0.0036477 0.00408125 0.00441264 0.00455436 0.00442652 0.00401069
 1.00156e-16 7.57941e-05 0.000736746 0.00489594 0.0222562 0.0692474 0.147539 0.215339 0.215347 0.147576 0.0693708 0.0226125 0.00578949 0.00268463 0.00376709 0.00608663 0.00871109 0.0108503 0.0117569 0.0110899 0.0091209 0.0065651 0.00417233 0.00239115 0.00129539 0.000722364
 1.01604e-16 1.99788e-06 1.94202e-05 0.000129059 0.000586737 0.00182604 0.00389388 0.00570203 0.0057917 0.00433196 0.00329653 0.00483207 0.0107781 0.0232418 0.044033 0.0726016 0.104135 0.13 0.141386 0.134214 0.11161 0.0818915 0.0537633 0.0324069 0.0186908 0.0108369
 1.02013e-16 7.6975e-05 0.000748224 0.00497221 0.022603 0.0703262 0.149837 0.218692 0.218692 0.149839 0.0703325 0.0226225 0.00502562 0.000879503 0.000369249 0.000600334 0.00111673 0.00194273 0.00314024 0.00470712 0.00651681 0.00829376 0.00966248 0.0102738 0.00995202 0.00877708
 1.01007e-16 6.18834e-05 0.000601528 0.00399737 0.0181715 0.0565383 0.120462 0.175822 0.175845 0.120574 0.0569156 0.0192605 0.00672857 0.00655559 0.0113458 0.0185968 0.0266387 0.0331982 0.0360104 0.0340456 0.0281458 0.0205016 0.0133961 0.00817388 0.00501983 0.00339304
 1.04839e-16 1.14823e-05 0.000111612 0.000741704 0.00337172 0.010491 0.0223549 0.0326422 0.032712 0.022696 0.0116364 0.00668041 0.00904856 0.0182506 0.034475 0.0570111 0.0822017 0.103515 0.114258 0.11128 0.0967902 0.0767627 0.0573108 0.0418714 0.0308315 0.0229441
 1.01921e-16 7.73411e-05 0.000751783 0.00499586 0.0227105 0.0706607 0.15055 0.219733 0.219734 0.150557 0.0706836 0.0227776 0.00516729 0.0011358 0.000835347 0.00133352 0.00208841 0.00299171 0.00398045 0.005013 0.00605558 0.00703431 0.00780006 0.00815945 0.00796615 0.0072082
 1.00473e-16 7.12004e-05 0.000692093 0.0045992 0.0209073 0.0650505 0.138597 0.20229 0.202302 0.138659 0.0652568 0.0215029 0.00609299 0.00394867 0.0062432 0.0101751 0.0145726 0.0181624 0.0197024 0.0186268 0.0153924 0.0111933 0.00727656 0.00438048 0.00261386 0.00169128
 1.0287e-16 5.23593e-06 5.08951e-05 0.00033822 0.00153755 0.00478433 0.0101966 0.0148995 0.014982 0.0105996 0.00613722 0.0054441 0.0101402 0.0214354 0.0405788 0.0669716 0.0962243 0.120468 0.131663 0.126067 0.106469 0.0803306 0.0554028 0.0362222 0.0234752 0.0155763
 1.27802e-16 9.47338e-06 9.20846e-05 0.000611935 0.00278177 0.00865519 0.0184412 0.0269175 0.0269277 0.0184914 0.008827 0.00329232 0.00194729 0.00318513 0.00640464 0.0119302 0.0203419 0.0321503 0.0476478 0.0666183 0.0877966 0.108409 0.124415 0.131768 0.128157 0.114182
 1.00959e-16 8.13567e-05 0.000790816 0.00525525 0.0238896 0.0743295 0.158367 0.231141 0.231141 0.158368 0.0743335 0.0239013 0.0052849 0.000856388 0.000208539 0.000223414 0.000332732 0.000461377 0.000598324 0.000751057 0.000940676 0.00118664 0.00148562 0.00179966 0.00206358 0.00220877
pSPR Fmed_Fpbrs
0.216885   0.291807 0.291807
Fs Fmed_Fpbrs
1.33437   1.005 1.005
SSBpbr Bo_Bmed_Bpbrs
1.36867e+06  228410  330954 330954
Ro
26122.8
SPR SPRFo_SPRFmed_SPRFpbrs
186454 40439.1 54408.7
Fref
1.005
Nvult_r0
 89737.1 316.163 144.624 1101.38 101.883
CTP_r0
 43168.6 202.102 94.0767 717.104 66.3389
YTP_r0
390745
Np
 89739.7 20040.4 2166.52 2.84847 1.34094
Nvult_p0
 69699.3 17200.9 1873.95 2.46484 1.16037
CTP_p0
 23207.1 6407.9 9.13253 3.80571 30.474
 23207.1 8398.48 937.999 1.2354 0.581628
YTP_p0
 275587 327177
CBA_c0
291064
log_Ro
9.99056
likeval ReclasPelacesDesembMPH_pf_preclas_ppelaces_ptallas_desvR_qrecl_qpela
 32.3646 34.9428 0.578623 0.000999419 440.161 150.003 146.414 0 234.246 0.00011035 0.00020819 0.0863779 0 0 0
q_reclas_q_pelaces
4.43076 7.78953
M
1
N
 939.429 15131.4 30238.8 11769.9 0.105346
 204113 251.029 3021.3 5854.72 2274.98
 1335.03 38886.7 26.2538 296.578 795.191
 110967 252.149 4000.14 2.53269 104.933
 759.212 11442.2 8.1566 114.479 3.05366
 286385 62.3212 239.358 0.147676 2.11094
 753.402 73656.9 11.5671 42.9205 0.404191
 211.187 125.953 6000.78 0.873431 3.2577
 62461.4 42.6353 14.7159 661.742 0.454048
 983.214 12514.9 4.90988 1.59836 71.6909
 27665.2 98.3019 381.649 0.132073 1.95707
 156662 5517.63 11.2214 41.0714 0.224055
 30460.7 27026.1 477.325 0.902467 3.30775
 80394.5 3898.66 1321.42 21.082 0.184864
 37807.1 6523.26 79.7686 23.374 0.373155
 267847 2622.81 98.9277 1.03016 0.30396
 2037.8 44831.4 214.162 7.48781 0.100551
 514038 318.452 3210.53 14.123 0.498134
 337831 120904 49.8236 481.125 2.18587
 18707.9 80145 19229.4 7.59643 73.5163
 243452 3191.53 6787 1512.25 6.35157
 428743 38721.7 236.391 463.699 103.29
 2189.8 79139.6 3812.16 21.7772 52.0393
 177708 474.33 10578.3 484.215 9.34862
 151415 41116.9 71.9184 1533.83 71.3887
 8073.72 37339.6 7042.15 11.8521 263.974
 129934 1879.55 5728.32 1033.77 40.3868
 225330 26302 220.729 635.104 118.713
 6371.96 63465.3 5807.53 47.4996 161.984
 2025.87 1898.15 15597.8 1398.59 50.3896
 105028 337.257 153.399 1167.86 108.031
pred_Ctot
 166.767 4593.38 9532.74 3717.97 0.0332809
 65573.4 125.219 1550.85 3009.84 1169.63
 433.159 19547.2 13.5775 153.612 411.9
 55718.5 172.883 2792.25 1.76958 73.3204
 418.132 8305.88 6.01247 84.4539 2.25286
 56071.1 20.6176 82.1376 0.0507754 0.72588
 276.663 40674.9 6.5544 24.354 0.229363
 63.2111 59.4259 2917.45 0.425323 1.5865
 18878 20.2715 7.20863 324.672 0.222789
 500.633 8656.88 3.45638 1.12623 50.5171
 8410.3 46.9554 187.797 0.0650918 0.964618
 55865.7 2980.94 6.22481 22.8155 0.124474
 13641.5 17187.8 310.001 0.586763 2.15074
 44458.8 2836.98 976.338 15.589 0.136703
 21998 4890.62 60.6352 17.7804 0.283867
 98252.5 1447.21 56.0133 0.584085 0.172352
 793.049 25834.3 126.466 4.42742 0.0594581
 121502 123.814 1291.41 5.69122 0.200755
 78576.6 46373.3 19.7756 191.314 0.869272
 6742.37 43644.3 10749.7 4.2525 41.1576
 93374.1 1819.76 3966.96 885.066 3.7176
 142694 19850.6 124.615 244.805 54.5351
 594 34492.1 1715.12 9.81436 23.4547
 43273.5 189.086 4360.72 199.968 3.86109
 32590.8 14763.5 26.7522 571.635 26.6081
 1944.55 14748.6 2876.9 4.85062 108.045
 38756 884.345 2777.48 502.045 19.6153
 34117.7 6926.37 60.4652 174.346 32.5921
 779.586 13758.4 1312.1 10.7555 36.6829
 746.787 1051.18 8862.73 795.772 28.6728
 43168.6 202.102 94.0767 717.104 66.3389
F
 0.319702 0.611087 0.641878 0.643584 0.643674
 0.65802 1.25776 1.32113 1.32465 1.32483
 0.666686 1.27432 1.33853 1.34209 1.34228
 1.27193 2.43119 2.55369 2.56048 2.56084
 1.49998 2.8671 3.01157 3.01957 3.02
 0.357921 0.684141 0.718612 0.720523 0.720624
 0.788692 1.50753 1.58349 1.5877 1.58792
 0.600063 1.14698 1.20477 1.20797 1.20814
 0.607626 1.16143 1.21995 1.2232 1.22337
 1.30278 2.49018 2.61565 2.6226 2.62297
 0.612226 1.17022 1.22919 1.23246 1.23263
 0.757291 1.44751 1.52044 1.52448 1.5247
 1.0558 2.01809 2.11978 2.12541 2.12571
 1.51157 2.88926 3.03484 3.04291 3.04333
 1.66825 3.18874 3.34941 3.35832 3.35879
 0.787509 1.50527 1.58111 1.58532 1.58554
 0.856151 1.63647 1.71893 1.7235 1.72374
 0.447302 0.854985 0.898065 0.900453 0.900579
 0.438708 0.838558 0.88081 0.883152 0.883276
 0.768446 1.46883 1.54284 1.54694 1.54716
 0.838519 1.60277 1.68353 1.688 1.68824
 0.689643 1.3182 1.38462 1.38831 1.3885
 0.529662 1.01241 1.06342 1.06625 1.0664
 0.463723 0.886372 0.931034 0.933509 0.93364
 0.399966 0.764506 0.803027 0.805162 0.805275
 0.457581 0.874632 0.918702 0.921145 0.921274
 0.597384 1.14186 1.19939 1.20258 1.20275
 0.267072 0.51049 0.536212 0.537637 0.537713
 0.211028 0.403365 0.423689 0.424816 0.424875
 0.792911 1.51559 1.59196 1.59619 1.59641
 0.926991 1.77188 1.86115 1.8661 1.86636
YTP_r0W_actual
 358299 2849.64 2596.52 24524.9 2474.44
YTP_p0W_proyectada
 173821 100412 211.235 111.774 1030.93
 173821 131604 21695.9 36.2838 19.6765
CTP_r0_actual
 43168.6 202.102 94.0767 717.104 66.3389
CTP_p0_proyectada
 23207.1 6407.9 9.13253 3.80571 30.474
 23207.1 8398.48 937.999 1.2354 0.581628
Wmedp
 7.49 15.67 23.13 29.37 33.83
Frms_r0
 0.926991 1.77188 1.86115 1.8661 1.86636
Zrms_r0
 1.92699 2.77188 2.86115 2.8661 2.86636
nmprior
 8.19 8.8 8.5 0
nm_flota  nm_reclas  nm_pelaces    nm_pelaL
inf 7.27546 2.7597 3.74214
cv_recla  cv_pelaces  cv_mph
0.514589 0.670272 0.975616
 ------------------------------------------------
Talla a la edad & desviaci?n 
 8 13.2811 15.8009 17.003 17.5766
 0.8 1.32811 1.58009 1.7003 1.75766
