years
 1991 1992 1993 1994 1995 1996 1997 1998 1999 2000 2001 2002 2003 2004 2005 2006 2007 2008 2009 2010 2011 2012 2013 2014 2015 2016 2017 2018 2019 2020 2021
reclasobs
 0 0 0 0 0 0 0 0 0 252601 567819 844713 477998 351125 339783 2.1784e+06 2.13404e+06 4.81314e+06 1.55562e+06 2.62356e+06 3.21686e+06 3.843e+06 1.13348e+06 3.07943e+06 1.97215e+06 2.03268e+06 2.025e+06 2.42433e+06 2.27542e+06 1.05018e+06 2.36338e+06
reclaspred
 3.00904e+06 1.65318e+06 830537 734503 678229 1.21111e+06 667069 562308 417881 307704 446469 614972 604809 450675 447720 1.40137e+06 1.30317e+06 3.0953e+06 2.54348e+06 1.85156e+06 3.30001e+06 2.67825e+06 2.05062e+06 3.18857e+06 2.35251e+06 2.04749e+06 2.51189e+06 2.76118e+06 2.22551e+06 1.33439e+06 1.92299e+06
pelacesobs
 0 0 0 0 0 0 0 0 0 0 0 0 0 0 0 552880 188675 0 991730 2.46772e+06 1.41603e+06 1.21717e+06 2.29649e+06 1.80582e+06 0 1.4828e+06 1.56532e+06 1.57751e+06 1.42118e+06 867257 1.10002e+06
pelacespred
 1.28999e+06 779453 385944 276384 275186 507084 237290 271477 182902 126212 198304 229176 249906 192038 197710 527521 493577 1.36669e+06 1.1475e+06 772488 1.35227e+06 1.17176e+06 901535 1.54448e+06 1.09301e+06 950507 1.33169e+06 1.43959e+06 957470 653520 922409
mphobs
 0 0 0 0 0 0 0 0 0 0 0 498337 0 5186 125008 0 168611 109162 213762 579715 649985 157893 87575 83554 0 0 0 0 0 0 0
mphpred
 2.46958e+06 1.63539e+06 792971 429519 394075 430585 619757 322660 288476 192199 131187 288398 318285 262057 163989 210730 877135 792350 1.67288e+06 1.24578e+06 1.30197e+06 1.63387e+06 1.5469e+06 1.22817e+06 1.73269e+06 1.40187e+06 1.13407e+06 1.25778e+06 1.82494e+06 1.20776e+06 710983
desembarqueobs
 494567 514787 250237 358949 120608 361735 552515 73892 212993 205616 52469 317467 293654 387597 252695 516296 358380 742168 942051 627588 828172 859565 418607 520667 417249 300574 415391 372974 316634 284311 391294
desembarquepred
 494567 513968 250500 358984 120613 361724 552462 73895.8 213027 205643 52471.1 317507 293676 387560 252663 516209 358390 742020 941712 627369 828195 859502 418597 520677 417232 300561 415372 372942 316613 284303 391284
Reclutas
 173822 98601 98710.8 125492 101859 214870 79754.8 32776.8 36388.6 51959 98415.8 135717 111402 77316.5 73889 455317 82838.4 691115 393055 294925 446881 589696 110812 355610 289973 128700 307749 351757 92689.7 64945 263468
log_desv_Rt
 0.137366 -0.429583 -0.42847 -0.188423 -0.397075 0.34937 -0.641708 -1.53094 -1.42641 -1.07021 -0.431463 -0.110094 -0.307516 -0.672758 -0.718101 1.10033 -0.603773 1.51764 0.953286 0.666055 1.08163 1.35894 -0.312834 0.853171 0.649122 -0.163183 0.708619 0.842277 -0.491407 -0.847125 0.553267
SSB
 2.46958e+06 1.63539e+06 792971 429519 394075 430585 619757 322660 288476 192199 131187 288398 318285 262057 163989 210730 877135 792350 1.67288e+06 1.24578e+06 1.30197e+06 1.63387e+06 1.5469e+06 1.22817e+06 1.73269e+06 1.40187e+06 1.13407e+06 1.25778e+06 1.82494e+06 1.20776e+06 710983
BT
 3.39643e+06 2.30538e+06 1.13649e+06 938543 732041 1.48042e+06 1.03771e+06 692477 632547 487405 502103 792347 842070 844966 709496 1.63273e+06 1.41813e+06 3.80906e+06 3.55027e+06 2.34931e+06 3.79025e+06 3.50707e+06 2.44434e+06 4.04787e+06 2.90983e+06 2.46004e+06 3.49719e+06 3.69606e+06 2.47056e+06 1.78726e+06 2.50187e+06
Ftot
 0.173289 0.320044 0.315848 0.543818 0.201194 0.360814 0.840779 0.148231 0.569583 0.741291 0.150278 0.594669 0.553503 0.95968 0.685731 0.481631 0.297371 0.301999 0.416359 0.381869 0.293472 0.370483 0.219057 0.198396 0.198239 0.161964 0.199786 0.165917 0.149007 0.225011 0.251274
BD_Bspro_t
 0.972755 0.809284 0.6223 0.520217 0.474071 0.549899 0.554937 0.35044 0.403175 0.355119 0.332365 0.605413 0.492983 0.399476 0.285405 0.342495 0.570652 0.532504 0.646552 0.546672 0.512752 0.566076 0.582265 0.566266 0.676396 0.681774 0.686045 0.729509 0.780994 0.708347 0.627922
BD_Bspro
 2.28032 1.51006 0.732201 0.396602 0.363874 0.397587 0.572262 0.297933 0.266369 0.17747 0.121134 0.266296 0.293893 0.241974 0.151422 0.19458 0.809915 0.731628 1.54468 1.15031 1.20219 1.50866 1.42835 1.13405 1.5999 1.29444 1.04716 1.16139 1.68509 1.1152 0.656496
BD_Bo
 1.42715 0.945081 0.458252 0.248216 0.227733 0.248832 0.358153 0.186463 0.166708 0.111071 0.0758123 0.166663 0.183934 0.151441 0.094768 0.121779 0.50689 0.457893 0.966746 0.719926 0.7524 0.944204 0.893943 0.709751 1.00131 0.810131 0.655371 0.726864 1.05462 0.697957 0.410872
BD_Brms
 7.76269 5.14056 2.49256 1.35011 1.2387 1.35347 1.94809 1.01422 0.906773 0.604144 0.412364 0.906526 1.00047 0.82373 0.51547 0.662391 2.75711 2.49061 5.2584 3.91588 4.09251 5.13579 4.86241 3.86053 5.4464 4.40653 3.56474 3.95362 5.73638 3.79638 2.23485
Sel_flota
 0.706763 0.97863 0.998852 0.99994 0.999997
 0.706763 0.97863 0.998852 0.99994 0.999997
 0.706763 0.97863 0.998852 0.99994 0.999997
 0.706763 0.97863 0.998852 0.99994 0.999997
 0.706763 0.97863 0.998852 0.99994 0.999997
 0.706763 0.97863 0.998852 0.99994 0.999997
 0.706763 0.97863 0.998852 0.99994 0.999997
 0.706763 0.97863 0.998852 0.99994 0.999997
 0.706763 0.97863 0.998852 0.99994 0.999997
 0.706763 0.97863 0.998852 0.99994 0.999997
 0.706763 0.97863 0.998852 0.99994 0.999997
 0.706763 0.97863 0.998852 0.99994 0.999997
 0.706763 0.97863 0.998852 0.99994 0.999997
 0.706763 0.97863 0.998852 0.99994 0.999997
 0.706763 0.97863 0.998852 0.99994 0.999997
 0.706763 0.97863 0.998852 0.99994 0.999997
 0.706763 0.97863 0.998852 0.99994 0.999997
 0.706763 0.97863 0.998852 0.99994 0.999997
 0.706763 0.97863 0.998852 0.99994 0.999997
 0.706763 0.97863 0.998852 0.99994 0.999997
 0.706763 0.97863 0.998852 0.99994 0.999997
 0.706763 0.97863 0.998852 0.99994 0.999997
 0.706763 0.97863 0.998852 0.99994 0.999997
 0.706763 0.97863 0.998852 0.99994 0.999997
 0.706763 0.97863 0.998852 0.99994 0.999997
 0.706763 0.97863 0.998852 0.99994 0.999997
 0.706763 0.97863 0.998852 0.99994 0.999997
 0.706763 0.97863 0.998852 0.99994 0.999997
 0.706763 0.97863 0.998852 0.99994 0.999997
 0.706763 0.97863 0.998852 0.99994 0.999997
 0.706763 0.97863 0.998852 0.99994 0.999997
Sel_reclas
 1 1 1 1 1
 1 1 1 1 1
 1 1 1 1 1
 1 1 1 1 1
 1 1 1 1 1
 1 1 1 1 1
 1 1 1 1 1
 1 1 1 1 1
 1 1 1 1 1
 1 1 1 1 1
 1 1 1 1 1
 1 1 1 1 1
 1 1 1 1 1
 1 1 1 1 1
 1 1 1 1 1
 1 1 1 1 1
 1 1 1 1 1
 1 1 1 1 1
 1 1 1 1 1
 1 1 1 1 1
 1 1 1 1 1
 1 1 1 1 1
 1 1 1 1 1
 1 1 1 1 1
 1 1 1 1 1
 1 1 1 1 1
 1 1 1 1 1
 1 1 1 1 1
 1 1 1 1 1
 1 1 1 1 1
 1 1 1 1 1
Sel_pelaces
 1 1 1 1 1
 1 1 1 1 1
 1 1 1 1 1
 1 1 1 1 1
 1 1 1 1 1
 1 1 1 1 1
 1 1 1 1 1
 1 1 1 1 1
 1 1 1 1 1
 1 1 1 1 1
 1 1 1 1 1
 1 1 1 1 1
 1 1 1 1 1
 1 1 1 1 1
 1 1 1 1 1
 1 1 1 1 1
 1 1 1 1 1
 1 1 1 1 1
 1 1 1 1 1
 1 1 1 1 1
 1 1 1 1 1
 1 1 1 1 1
 1 1 1 1 1
 1 1 1 1 1
 1 1 1 1 1
 1 1 1 1 1
 1 1 1 1 1
 1 1 1 1 1
 1 1 1 1 1
 1 1 1 1 1
 1 1 1 1 1
pf_obs 
 0.8446 0.082 0.0669 0.0065 0
 0.8095 0.147 0.0364 0.0071 0
 0.9664 0.0169 0.016 0.0007 0
 0.9276 0.0648 0.0075 0.0001 0
 0.7033 0.2144 0.0806 0.0017 0
 0.9318 0.0425 0.0243 0.0014 0
 0.5671 0.3108 0.0964 0.0239 0.0018
 0.0768 0.2599 0.5324 0.112 0.0189
 0.490249 0.384438 0.106611 0.0170017 0.00170017
 0.7925 0.1577 0.0466 0.003 0.0002
 0.840416 0.127587 0.0312969 0.00059994 9.999e-05
 0.8084 0.0986 0.0794 0.0134 0.0002
 0.7335 0.1905 0.0724 0.0035 0.0001
 0.4001 0.4547 0.1325 0.0127 0
 0.49795 0.308269 0.164784 0.0264974 0.00249975
 0.9179 0.0499 0.0305 0.0017 0
 0.2467 0.6533 0.0926 0.0074 0
 0.9418 0.0223 0.034 0.0019 0
 0.707729 0.231977 0.0356964 0.0245975 0
 0.517169 0.277429 0.184464 0.0207286 0.00020938
 0.811772 0.124168 0.05621 0.00726502 0.000585176
 0.764997 0.148141 0.077277 0.00933861 0.000247198
 0.163321 0.427699 0.378323 0.0303852 0.000271297
 0.753843 0.0900009 0.118128 0.0371064 0.000921714
 0.721811 0.176058 0.0630433 0.0369309 0.00215725
 0.143369 0.312575 0.442814 0.0836902 0.0175525
 0.692698 0.0596174 0.167031 0.0765114 0.00414204
 0.394062 0.376323 0.152708 0.0712218 0.00568511
 0.125707 0.32114 0.495352 0.0537591 0.00404204
 0.23352 0.215282 0.420074 0.123614 0.00750983
 0.774587 0.0839891 0.0768558 0.0609784 0.00358967
pf_pred 
 0.442163 0.145412 0.385339 0.0270859 8.66293e-07
 0.408356 0.313417 0.0736934 0.191116 0.0134187
 0.56048 0.219826 0.117712 0.0270367 0.0749455
 0.681902 0.206542 0.056466 0.0295352 0.0255552
 0.646121 0.270051 0.0549434 0.0146308 0.0142538
 0.781472 0.157483 0.0468301 0.00932101 0.00489432
 0.461643 0.451731 0.0628509 0.018244 0.00553072
 0.46078 0.310112 0.193187 0.0260741 0.00984688
 0.583691 0.227361 0.10966 0.0668685 0.0124191
 0.754575 0.167041 0.0433416 0.0203503 0.0146927
 0.840792 0.131692 0.0189044 0.0047649 0.00384646
 0.738215 0.230622 0.0258737 0.00363549 0.00165411
 0.677885 0.260887 0.0541135 0.00590854 0.00120616
 0.627023 0.283542 0.0728013 0.0147025 0.00193027
 0.743688 0.187634 0.0526153 0.0130798 0.00298312
 0.944092 0.045695 0.00753364 0.00205349 0.000625952
 0.332662 0.641672 0.021076 0.00338721 0.00120305
 0.89676 0.0429474 0.0580252 0.00186228 0.000405089
 0.572345 0.396188 0.0132686 0.0175152 0.00068356
 0.576694 0.280042 0.132968 0.00434459 0.005951
 0.72801 0.181001 0.0606884 0.0281265 0.0021749
 0.724732 0.21852 0.03806 0.0124698 0.00621839
 0.280144 0.570586 0.119091 0.0202497 0.00992998
 0.727435 0.0967682 0.139985 0.0285785 0.00723359
 0.598405 0.3179 0.0301387 0.0426565 0.0108999
 0.408734 0.400529 0.151691 0.0140707 0.0249741
 0.72607 0.134942 0.0948065 0.0351456 0.00903567
 0.675241 0.256546 0.0339815 0.0233584 0.0108725
 0.305685 0.516925 0.140775 0.0182514 0.018364
 0.373923 0.23871 0.289974 0.0773084 0.0200845
 0.815494 0.0849794 0.0384773 0.0457142 0.0153355
pobs_RECLAS
 0 0 0 0 0
 0 0 0 0 0
 0 0 0 0 0
 0 0 0 0 0
 0 0 0 0 0
 0 0 0 0 0
 0 0 0 0 0
 0 0 0 0 0
 0 0 0 0 0
 0 0 0 0 0
 0.991045 0.00858322 0.000360255 1.14367e-05 0
 0.934742 0.0480273 0.0164251 0.00080598 0
 0.827803 0.169806 0.00239088 0 0
 0.941827 0.0461693 0.0120037 0 0
 0.791401 0.0380133 0.147996 0.0225897 0
 0.846168 0.0940531 0.0597789 0 0
 0.134021 0.677848 0.182769 0.00536245 0
 0.80878 0.0450904 0.141981 0.00414843 0
 0.846168 0.0940531 0.0597789 0 0
 0.905697 0.0802665 0.012482 0.00150086 5.37128e-05
 0.989698 0.0102097 9.19794e-05 0 0
 0.975433 0.0193895 0.00387452 0.00125025 5.28907e-05
 0.303575 0.632131 0.0575291 0.00676475 0
 0.966965 0.00978017 0.0227588 0.000495775 0
 0.843318 0.132988 0.00938335 0.0141283 0.000182051
 0.564624 0.303363 0.111486 0.0197234 0.00080311
 0.826376 0.0876187 0.0782897 0.00655872 0.00115652
 0.89761 0.0855135 0.0140674 0.00269457 0.000114338
 0.34875 0.467042 0.161289 0.0227151 0.000203297
 0.318654 0.224769 0.449479 0.00709798 0
 0.937255 0.0296025 0.0250945 0.00804832 0
ppred_RECLAS
 0.528184 0.124895 0.32416 0.0227604 7.27908e-07
 0.493483 0.271092 0.0624081 0.161666 0.0113503
 0.642945 0.180516 0.0946408 0.0217131 0.0601852
 0.752714 0.16182 0.0432852 0.0226145 0.0195659
 0.718634 0.21579 0.0429977 0.0114371 0.0111418
 0.83425 0.120163 0.0349808 0.00695467 0.00365158
 0.551441 0.37778 0.0513711 0.0148935 0.00451473
 0.545074 0.263954 0.161058 0.0217138 0.00819973
 0.666398 0.184042 0.0868436 0.052894 0.0098231
 0.814887 0.126916 0.0321972 0.0150995 0.010901
 0.880478 0.0992232 0.0139511 0.00351254 0.00283534
 0.799678 0.176937 0.0194192 0.00272538 0.00123994
 0.74865 0.204418 0.0414844 0.00452434 0.000923534
 0.708451 0.222889 0.0559034 0.0112758 0.00148029
 0.805375 0.143333 0.0393061 0.00975961 0.00222575
 0.95972 0.0330523 0.00533278 0.00145192 0.000442551
 0.410551 0.567238 0.0182425 0.00292853 0.00104008
 0.92469 0.031716 0.0419562 0.00134505 0.000292561
 0.652685 0.322277 0.0105647 0.0139299 0.000543607
 0.657682 0.228098 0.106021 0.00346018 0.0047393
 0.790048 0.140715 0.046197 0.0213864 0.00165362
 0.787287 0.16961 0.0289192 0.0094642 0.0047193
 0.35247 0.515491 0.105367 0.0178963 0.00877542
 0.790141 0.0755214 0.106996 0.0218194 0.00552245
 0.675653 0.257898 0.0239458 0.0338539 0.00865008
 0.491767 0.346605 0.128571 0.0119129 0.0211431
 0.788533 0.105293 0.0724494 0.0268279 0.00689684
 0.743851 0.203248 0.0263683 0.0181052 0.00842686
 0.380865 0.463409 0.123611 0.0160084 0.0161063
 0.457358 0.209617 0.249365 0.066408 0.0172516
 0.861753 0.0644179 0.0285622 0.0338963 0.0113704
pobs_PELACES
 0 0 0 0 0
 0 0 0 0 0
 0 0 0 0 0
 0 0 0 0 0
 0 0 0 0 0
 0 0 0 0 0
 0 0 0 0 0
 0 0 0 0 0
 0 0 0 0 0
 0 0 0 0 0
 0 0 0 0 0
 0 0 0 0 0
 0 0 0 0 0
 0 0 0 0 0
 0 0 0 0 0
 0 0 0 0 0
 0.505614 0.472636 0.0217494 0 0
 0 0 0 0 0
 0.443492 0.261883 0.143347 0.151278 0
 0.227955 0.32914 0.350689 0.0885471 0.00366901
 0.970185 0.0296113 0.000203453 0 0
 0.997202 0.00247181 0.000326279 0 0
 0.445219 0.490057 0.0546422 0.010081 0
 0.90214 0.0892962 0.00764917 0.000914606 0
 0 0 0 0 0
 0.581667 0.319106 0.0959925 0.00289975 0.000334073
 0.762889 0.0836404 0.116647 0.0363945 0.000428098
 0.88444 0.0763242 0.0277011 0.0115352 0
 0.521256 0.241999 0.230069 0.00667565 0
 0.616807 0.101726 0.260614 0.0208532 0
 0.833518 0.0704572 0.0857862 0.0102388 0
ppred_PELACES
 0.532269 0.123919 0.321256 0.0225551 7.2134e-07
 0.500919 0.267388 0.0614241 0.159099 0.01117
 0.649667 0.177307 0.0927627 0.0212798 0.0589838
 0.761917 0.155999 0.0415769 0.0217178 0.0187899
 0.722333 0.21302 0.042389 0.0112744 0.0109832
 0.838769 0.116965 0.0339681 0.00675246 0.00354538
 0.570238 0.362274 0.0489869 0.014198 0.00430382
 0.548474 0.262092 0.159763 0.0215381 0.00813336
 0.67804 0.177929 0.0836404 0.0509326 0.00945874
 0.824939 0.120215 0.0303467 0.0142279 0.0102716
 0.881907 0.0980534 0.0137728 0.00346746 0.00279894
 0.808161 0.169524 0.0185319 0.0026003 0.00118302
 0.758006 0.196945 0.0398206 0.00434202 0.000886309
 0.726213 0.209629 0.0522418 0.0105336 0.00138283
 0.815022 0.136395 0.0372327 0.00924253 0.00210779
 0.96138 0.0317093 0.00509967 0.00138821 0.000423129
 0.41704 0.561036 0.0180072 0.00289046 0.00102655
 0.926635 0.0309332 0.0408382 0.00130906 0.000284733
 0.66115 0.314487 0.0102807 0.0135535 0.000528912
 0.665542 0.22305 0.103411 0.00337453 0.00462195
 0.794489 0.137829 0.045161 0.0209045 0.00161635
 0.792884 0.165232 0.0281031 0.00919589 0.00458548
 0.357037 0.512009 0.104503 0.017748 0.00870269
 0.793218 0.074478 0.105378 0.0214879 0.00543854
 0.679599 0.254831 0.0236298 0.0334048 0.00853529
 0.495486 0.344189 0.127537 0.0118164 0.0209717
 0.791619 0.103827 0.0713457 0.0264173 0.00679126
 0.746722 0.201018 0.0260501 0.0178856 0.00832465
 0.384082 0.461118 0.122877 0.0159126 0.0160098
 0.462604 0.207785 0.246814 0.0657233 0.0170736
 0.864525 0.0631846 0.0279684 0.0331887 0.0111329
pobs_pel_tallas
 0 0 0 0 0 0 0 0 0 0 0 0 0 0 0 0 0 0 0 0 0 0 0 0 0 0
 0 0 0 0 0 0 0 0 0 0 0 0 0 0 0 0 0 0 0 0 0 0 0 0 0 0
 0 0 0 0 0 0 0 0 0 0 0 0 0 0 0 0 0 0 0 0 0 0 0 0 0 0
 0 0 0 0 0 0 0 0 0 0 0 0 0 0 0 0 0 0 0 0 0 0 0 0 0 0
 0 0 0 0 0 0 0 0 0 0 0 0 0 0 0 0 0 0 0 0 0 0 0 0 0 0
 0 0 0 0 0 0 0 0 0 0 0 0 0 0 0 0 0 0 0 0 0 0 0 0 0 0
 0 0 0 0 0 0 0 0 0 0 0 0 0 0 0 0 0 0 0 0 0 0 0 0 0 0
 0 0 0 0 0 0 0 0 0 0 0 0 0 0 0 0 0 0 0 0 0 0 0 0 0 0
 0 0 0 0 0 0 0 0 0 0 0 0 0 0 0 0 0 0 0 0 0 0 0 0 0 0
 0 0 0 0 0 0 0 0 0 0 0 0 0 0 0 0 0 0 0 0 0 0 0 0 0 0
 0 0 0 0 0 0 0 0 0 0 0 0 0 0 0 0 0 0 0 0 0 0 0 0 0 0
 0 0 0 0 0 0 0 0 0 0 0 0 0 0 0 0 0 0 0 0 0 0 0 0 0 0
 0.00862536 0 0 0.000197151 0.00414017 0.0128641 0.00837892 0.0270097 0.101434 0.158115 0.152841 0.127902 0.109271 0.109419 0.0830992 0.0579132 0.0238553 0.00714673 0.00463305 0.00128148 0.00103504 0.000492878 0.000147863 0.000147863 4.92878e-05 0
 0 0 0 0 0 0 0 0 0 0 0 0 0 0 0 0 0 0 0 0 0 0 0 0 0 0
 0 0 0 0 0 0 0 0.0054083 0.00873648 0.0413646 0.0450493 0.0745869 0.0622846 0.0627006 0.0613931 0.0827291 0.12552 0.122667 0.0946155 0.0697135 0.0546179 0.0294188 0.0215738 0.0213955 0.0102223 0.00600262
 0 0 0 0 0.00359764 0.0251062 0.0480494 0.140153 0.205849 0.193036 0.1447 0.116669 0.0760912 0.0342217 0.00950174 0.001854 0.000860785 0 0 0 0.000165536 0 0.000143464 0 0 0
 0 0 0 0 0 0 0 0.000145254 0.000435761 0.0275982 0.070085 0.0708112 0.156366 0.174668 0.174014 0.160142 0.0824315 0.0480064 0.0283245 0.00493863 0.00203355 0 0 0 0 0
 0 0 0 0 0 0 0 0 0 0 0 0 0 0 0 0 0 0 0 0 0 0 0 0 0 0
 0 0 1.00437e-05 0.000401748 0.00122533 0.00171747 0.00176769 0.0269171 0.070346 0.194647 0.189555 0.159765 0.064822 0.0314167 0.0384472 0.0292271 0.0345202 0.0313363 0.0194345 0.0106764 0.0143323 0.0359363 0.0279516 0.0138201 0.00172751 0
 0 0.0021121 0.0136068 0.0755702 0.200478 0.177729 0.0527432 0.0373336 0.0318909 0.0142505 0.0149659 0.0166563 0.0217959 0.0798694 0.0677717 0.0528807 0.04013 0.0224614 0.0357745 0.0225083 0.00881397 0.00855152 0.00135912 0.000746735 0 0
 0 0 0 0 5.4009e-05 0.00500934 0.000945158 0.0243581 0.138947 0.33067 0.221406 0.137944 0.0707744 0.0437923 0.0131692 0.00525238 0.0047753 0.00276346 9.45158e-05 9.00151e-06 2.25038e-05 9.00151e-06 4.50075e-06 0 0 0
 0.000866109 0.00284123 0.00948549 0.0512746 0.133035 0.25785 0.225252 0.132002 0.0553304 0.0519788 0.0540692 0.017754 0.00435017 0.00159236 0.00146478 0.000404838 0.000125132 0.000115318 0.000107957 0.000100596 0 0 0 0 0 0
 0 0 0 0 0.00144013 0.00171154 0.00461396 0.0210425 0.0478622 0.0707936 0.0888783 0.103762 0.0637923 0.0337046 0.0602308 0.124433 0.169614 0.0934646 0.0462172 0.0250306 0.0313229 0.00938855 0.002487 0.000210481 0 0
 0 0.00764035 0.051015 0.0998891 0.058973 0.0496711 0.0374665 0.0718981 0.12319 0.153886 0.159021 0.0857701 0.0377988 0.023471 0.0147837 0.00900784 0.00315554 0.000888139 0.00291439 0.00214683 0.00393193 0.00274676 0.000635225 9.99891e-05 0 0
 0 0 0 0 0 0 0 0 0 0 0 0 0 0 0 0 0 0 0 0 0 0 0 0 0 0
 0 0 0 0 0 0 0 0 0 0 0 0 0 0 0 0 0 0 0 0 0 0 0 0 0 0
 0 0 0 0 0 0 0 0 0 0 0 0 0 0 0 0 0 0 0 0 0 0 0 0 0 0
 0 0 0 0 0 0 0 0 0 0 0 0 0 0 0 0 0 0 0 0 0 0 0 0 0 0
 0 0 0 0 0 0 0 0 0 0 0 0 0 0 0 0 0 0 0 0 0 0 0 0 0 0
 0 0 0 0 0 0 0 0 0 0 0 0 0 0 0 0 0 0 0 0 0 0 0 0 0 0
 0 0 0 0 0 0 0 0 0 0 0 0 0 0 0 0 0 0 0 0 0 0 0 0 0 0
ppred_pel_tallas
 1.11565e-16 4.38423e-05 0.000426163 0.002832 0.0128739 0.0400555 0.0853429 0.124563 0.124575 0.0854038 0.0402613 0.0134745 0.00436256 0.00384271 0.00675274 0.0116674 0.0181347 0.0255712 0.0333076 0.0408722 0.0479755 0.0541376 0.058376 0.0594114 0.0563593 0.0493767
 1.19687e-16 4.12601e-05 0.000401063 0.0026652 0.0121156 0.0376964 0.0803172 0.117231 0.117257 0.0804436 0.0381212 0.0133439 0.00575362 0.00716145 0.0129372 0.0214802 0.0313341 0.0402994 0.0462321 0.0483271 0.0476535 0.0463825 0.0462809 0.0476378 0.0493035 0.049584
 1.14839e-16 5.35122e-05 0.000520158 0.00345663 0.0157134 0.0488902 0.104166 0.152038 0.152055 0.104251 0.0491731 0.0165322 0.00551809 0.00504096 0.00870087 0.0144637 0.0212236 0.0275382 0.0319906 0.0339896 0.0341123 0.0336257 0.0335709 0.0341412 0.0347386 0.0344975
 1.06598e-16 6.27581e-05 0.000610031 0.00405387 0.0184283 0.0573374 0.122164 0.178305 0.17832 0.122238 0.0575849 0.0191438 0.0058518 0.0045419 0.00755106 0.0124406 0.0180521 0.0230007 0.0259301 0.0262481 0.0244792 0.0218788 0.019621 0.0181952 0.017372 0.0165895
 1.04268e-16 5.94977e-05 0.000578338 0.00384326 0.0174709 0.0543587 0.115818 0.169044 0.169064 0.115918 0.054696 0.0184455 0.00629075 0.005925 0.010225 0.0168399 0.0243243 0.0307427 0.0341645 0.0337079 0.0300561 0.0249676 0.0201882 0.0166167 0.0142113 0.0124445
 1.02288e-16 6.90883e-05 0.000671563 0.00446277 0.0202871 0.0631208 0.134486 0.196289 0.1963 0.134541 0.0633064 0.0208234 0.00581037 0.00361796 0.00567834 0.00931347 0.0134925 0.017141 0.0192092 0.0192092 0.0174856 0.0149459 0.0124765 0.0105131 0.00901641 0.00773357
 1.03659e-16 4.69698e-05 0.000456563 0.00303402 0.0137923 0.042913 0.091432 0.133455 0.13349 0.0916026 0.0434858 0.0154467 0.00718688 0.00952195 0.0172628 0.0284623 0.0409913 0.0515378 0.0567545 0.0550972 0.0477379 0.0377569 0.0282887 0.0210689 0.0162175 0.0129604
 1.08214e-16 4.51771e-05 0.000439137 0.00291822 0.0132658 0.0412751 0.0879419 0.128359 0.128385 0.0880663 0.0416936 0.0144772 0.00596827 0.00712858 0.012841 0.0213956 0.0313725 0.0406112 0.0469013 0.0491698 0.0480037 0.0450157 0.0416242 0.0382804 0.0346265 0.0301952
 1.09168e-16 5.58493e-05 0.000542875 0.0036076 0.0163996 0.0510254 0.108716 0.158677 0.158694 0.1088 0.051309 0.0172203 0.00567296 0.00506985 0.00870776 0.0144519 0.0211578 0.027346 0.0315522 0.0331318 0.0326109 0.031219 0.0299899 0.0291625 0.0282603 0.0266193
 1.04072e-16 6.79492e-05 0.00066049 0.00438919 0.0199526 0.0620801 0.132269 0.193052 0.193064 0.132325 0.0622707 0.0205036 0.00577363 0.00368728 0.00582998 0.00956712 0.0138633 0.0176248 0.0197912 0.019891 0.0183178 0.0160395 0.0139788 0.0125494 0.0116252 0.0108259
 1.01245e-16 7.26416e-05 0.000706102 0.0046923 0.0213305 0.0663672 0.141403 0.206383 0.206393 0.141449 0.0665222 0.0217784 0.00581655 0.00316044 0.00473417 0.0077124 0.0111051 0.0139702 0.0154008 0.0149818 0.0130325 0.0103872 0.00789162 0.00600966 0.00476469 0.00393639
 1.0104e-16 6.65672e-05 0.000647057 0.00429992 0.0195468 0.0608175 0.129579 0.189127 0.189144 0.129658 0.0610854 0.0203204 0.00624124 0.00488338 0.00810738 0.0132852 0.0191015 0.0239565 0.0262658 0.025296 0.0215971 0.0166308 0.0119033 0.00827712 0.00585595 0.00430686
 1.01785e-16 6.2436e-05 0.0006069 0.00403306 0.0183337 0.0570432 0.121537 0.177391 0.17741 0.12163 0.057355 0.0192345 0.00629501 0.00554743 0.00945315 0.015549 0.0224382 0.0283084 0.0313484 0.0307091 0.0269874 0.0217887 0.0167387 0.0127268 0.00981849 0.00765394
 1.02852e-16 5.98172e-05 0.000581445 0.00386391 0.0175648 0.0546506 0.11644 0.169951 0.169972 0.116539 0.0549829 0.0185249 0.00627561 0.00585197 0.0100863 0.016624 0.0240438 0.0304481 0.0339357 0.033617 0.0301151 0.0250902 0.0201927 0.0162777 0.0133414 0.0109709
 1.02393e-16 6.71323e-05 0.00065255 0.00433642 0.0197128 0.0613338 0.130679 0.190732 0.190745 0.130743 0.0615501 0.0203379 0.00590705 0.00408602 0.00660199 0.010845 0.0157025 0.0199275 0.0222925 0.0222265 0.0201344 0.0170824 0.0141168 0.0117582 0.00996969 0.00846007
 1.00367e-16 7.91876e-05 0.000769731 0.00511514 0.0232527 0.0723477 0.154145 0.224979 0.224982 0.154159 0.0723979 0.0233976 0.00547893 0.00156409 0.00158836 0.00250195 0.00359977 0.00453361 0.0050075 0.0048865 0.00427166 0.00342859 0.00262592 0.00200987 0.00158741 0.00129074
 1.01127e-16 3.43512e-05 0.000333906 0.00221892 0.0100869 0.0313845 0.06687 0.09761 0.0976639 0.0671336 0.0322696 0.012642 0.00862755 0.0143076 0.0265245 0.0436689 0.0626047 0.0780975 0.0848361 0.0803715 0.0666097 0.0486001 0.031628 0.018842 0.0107608 0.00627344
 1.01366e-16 7.63257e-05 0.000741913 0.00493027 0.0224123 0.069733 0.148574 0.216848 0.216851 0.148589 0.0697831 0.0225577 0.00529793 0.00155341 0.00164346 0.00266362 0.00398593 0.00533605 0.00647764 0.00728132 0.00776097 0.00799504 0.008009 0.00773651 0.00709113 0.0060717
 1.01826e-16 5.44581e-05 0.000529352 0.00351773 0.0159911 0.0497545 0.106008 0.154729 0.154759 0.106156 0.0502507 0.0174237 0.00711125 0.00836583 0.0149134 0.0245065 0.0351531 0.0439069 0.0478111 0.0455178 0.0381146 0.0284316 0.0193999 0.0127174 0.00858493 0.00629245
 1.04162e-16 5.48199e-05 0.000532869 0.0035411 0.0160974 0.0500849 0.106712 0.155754 0.155776 0.106818 0.05044 0.0171241 0.0061237 0.00618798 0.0108453 0.0179734 0.0261886 0.033558 0.0381202 0.0389226 0.0365111 0.0324167 0.0280996 0.0242237 0.0206977 0.0171971
 1.03709e-16 6.54411e-05 0.00063611 0.00422718 0.0192161 0.0597886 0.127386 0.185927 0.18594 0.127452 0.0600075 0.019849 0.00581804 0.00411656 0.00669791 0.0110288 0.0160217 0.0204468 0.0230955 0.0234148 0.0218137 0.0193317 0.0169466 0.0150784 0.013586 0.0121078
 1.02552e-16 6.53088e-05 0.000634825 0.00421864 0.0191773 0.0596679 0.127129 0.185552 0.185568 0.127207 0.0599293 0.0199327 0.00611519 0.00477661 0.0079361 0.0130295 0.0187939 0.0237005 0.0262379 0.0257137 0.02266 0.0184576 0.0144912 0.0114955 0.00947284 0.00803687
 1.064e-16 2.94088e-05 0.000285864 0.00189967 0.00863565 0.026869 0.057249 0.0835669 0.0836163 0.0574904 0.0276797 0.0109779 0.00778148 0.013134 0.0244538 0.040442 0.058398 0.0737337 0.0817726 0.0803357 0.0709996 0.0579446 0.0453742 0.0355397 0.0285184 0.0232725
 1.06136e-16 6.53363e-05 0.000635092 0.00422041 0.0191854 0.0596929 0.127182 0.185628 0.185635 0.127218 0.0598139 0.0195368 0.0051101 0.00260215 0.00387415 0.00649252 0.00979377 0.0132539 0.0163636 0.0188618 0.0208072 0.0223633 0.0234977 0.0238939 0.0231561 0.0211167
 1.05542e-16 5.59777e-05 0.000544123 0.00361589 0.0164373 0.0511428 0.108966 0.159044 0.159069 0.109086 0.0515456 0.0176007 0.00653572 0.00691744 0.0121586 0.0200103 0.0288217 0.0362617 0.0400115 0.0390459 0.0342671 0.0279077 0.0221844 0.0182349 0.0159603 0.0145751
 1.08503e-16 4.08126e-05 0.000396713 0.0026363 0.0119843 0.0372877 0.0794465 0.115961 0.115995 0.0796093 0.0378345 0.0135655 0.00661146 0.00909462 0.0166187 0.0275638 0.0400631 0.051135 0.0577435 0.0584623 0.0542539 0.0476683 0.0411524 0.035839 0.0315324 0.0275036
 1.05885e-16 6.52046e-05 0.000633812 0.0042119 0.0191467 0.0595726 0.126926 0.185254 0.185265 0.126975 0.0597388 0.019628 0.0054249 0.00329773 0.00517157 0.00857058 0.0126329 0.0165067 0.0193647 0.0208282 0.021149 0.0209331 0.0206436 0.0203024 0.0195888 0.0181683
 1.04006e-16 6.15065e-05 0.000597865 0.00397303 0.0180608 0.056194 0.119728 0.17475 0.17477 0.119823 0.0565119 0.0189791 0.00627821 0.00563075 0.0096221 0.0158168 0.0227977 0.028716 0.0317393 0.0310452 0.0273178 0.0222837 0.0176637 0.014354 0.0123105 0.0109752
 1.07969e-16 3.16364e-05 0.000307518 0.00204356 0.00928978 0.0289042 0.0615851 0.0898945 0.0899391 0.0618027 0.0296353 0.0114026 0.00735144 0.0119093 0.0221085 0.0366121 0.053 0.0671966 0.0750456 0.0746052 0.0672478 0.0566088 0.0462835 0.0381067 0.0320202 0.0270684
 1.16657e-16 3.81041e-05 0.000370386 0.00246134 0.0111889 0.034813 0.0741735 0.108263 0.108283 0.0742733 0.0351491 0.0121643 0.00492731 0.00581203 0.0105448 0.0178239 0.0267322 0.0358477 0.0437026 0.0495821 0.0537752 0.0569791 0.0594003 0.0603934 0.058923 0.0543785
 1.06036e-16 7.12098e-05 0.000692185 0.00459981 0.0209101 0.0650591 0.138615 0.202315 0.202321 0.138645 0.0651599 0.0212019 0.00533446 0.00230361 0.00315484 0.00516589 0.00758841 0.00988096 0.011559 0.0124431 0.0127682 0.0129949 0.0134629 0.01416 0.0147574 0.0148361
pSPR Fmed_Fpbrs
0.581643   0.233848 0.233848
Fs Fmed_Fpbrs
0.317121   1.005 1.005
SSBpbr Bo_Bmed_Bpbrs
1.73043e+06  919969  318135 318135
Ro
151512
SPR SPRFo_SPRFmed_SPRFpbrs
1.083e+06 629918 253256
Fref
1.005
Nvult_r0
 182315 14516.4 6466.01 7675.46 2574.74
CTP_r0
 27494.6 2865.11 1297.28 1541.27 517.043
YTP_r0
391284
Np
 214183 81153.3 5862.68 2592.85 3957.02
Nvult_p0
 175456 69988 5072.3 2243.68 3424.16
CTP_p0
 72868 34703.3 2541.02 1124.6 1716.35
YTP_p0
 1.25833e+06
CBA_c0
651397
log_Ro
11.7484
likeval ReclasPelacesDesembMPH_pf_preclas_ppelaces_ptallas_desvR_qrecl_qpela
 11.4768 20.5489 0.020517 0.00243196 240.846 117.622 98.9683 0 27.6347 1.09284e-07 0 0.100346 0 0 0
q_reclas_q_pelaces
1.04796 1
M
1
N
 173822 42081.8 109413 7683 0.245714
 98601 56574.4 13066.2 33853.5 2376.82
 98710.8 28930.2 15216.1 3491.57 9678.15
 125492 29048.5 7813 4083.14 3532.76
 101859 31434 6276.22 1669.62 1626.51
 214870 32505 9497.2 1888.54 991.597
 79754.8 61253.7 8400.49 2436.58 738.628
 32776.8 16195.4 9896.81 1334.39 503.906
 36388.6 10858.6 5153.42 3139.78 583.107
 51959 8950.37 2287.7 1073.29 774.874
 98415.8 11319.6 1594 401.361 323.981
 135717 32557 3594.74 504.665 229.608
 111402 32795.2 6692.79 730.143 149.043
 77316.5 27714.4 7018.9 1416.46 185.958
 73889 14434.8 3985.97 990.077 225.798
 455317 16741.9 2714.38 739.218 225.32
 82838.4 119175 3844.24 617.23 219.212
 691115 24698 32772.2 1050.79 228.56
 393055 205381 6761.04 8916.71 347.974
 294925 107736 50269.7 1640.98 2247.63
 446881 82833.2 27275.1 12628.7 976.474
 589696 133604 22865.5 7484.54 3732.19
 110812 166962 34203 5809.94 2848.92
 355610 34918.3 49570.1 10109.8 2558.79
 289973 113706 10578.8 14957.6 3821.87
 128700 92728.7 34453.6 3192.62 5666.3
 307749 42225 29112.7 10781.6 2771.71
 351757 98305.8 12775.1 8772.48 4083.08
 92689.7 115086 30744.5 3981.94 4006.29
 64945 30690.3 36593 9746.19 2531.89
 263468 20379.1 9058.86 10752.1 3606.78
pred_Ctot
 12793 4207.16 11148.9 783.669 0.0250643
 12852.1 9864.12 2319.34 6014.96 422.325
 12712.8 4986.1 2669.94 613.246 1699.92
 26114.2 7909.76 2162.43 1131.08 978.663
 8634.14 3608.7 734.211 195.512 190.475
 31213.9 6290.27 1870.51 372.305 195.492
 23691 23182.4 3225.44 936.262 283.831
 2078.49 1398.86 871.428 117.615 44.4174
 7875.26 3067.6 1479.55 902.202 167.561
 13971.7 3092.92 802.51 376.804 272.049
 6323.31 990.412 142.173 35.8352 28.928
 30456.4 9514.73 1067.47 149.989 68.2435
 23532.5 9056.62 1878.53 205.113 41.8715
 25413.5 11492.1 2950.66 595.896 78.2343
 18655.1 4706.72 1319.83 328.101 74.8304
 85364.5 4131.72 681.189 185.676 56.5983
 10097.3 19476.7 639.72 102.812 36.5161
 85439.5 4091.85 5528.39 177.43 38.5952
 64870.7 44904.7 1503.89 1985.2 77.4761
 45076 21888.9 10393.2 339.585 465.147
 53816.3 13380 4486.24 2079.18 160.774
 87721.1 26449.6 4606.76 1509.33 752.67
 10174.6 20723.3 4325.31 735.455 360.651
 29748.3 3957.31 5724.65 1168.71 295.816
 24239.3 12877 1220.82 1727.87 441.517
 8882.03 8703.73 3296.34 305.764 542.702
 25914.5 4816.27 3383.78 1254.4 322.496
 24840.2 9437.6 1250.08 859.287 399.97
 5907.21 9989.34 2720.41 352.699 354.876
 6114.83 3903.68 4742.01 1264.24 328.445
 27494.6 2865.11 1297.28 1541.27 517.043
F
 0.122474 0.169586 0.17309 0.173279 0.173289
 0.226195 0.313204 0.319676 0.320025 0.320043
 0.22323 0.309098 0.315485 0.315829 0.315847
 0.384351 0.532197 0.543194 0.543785 0.543816
 0.142196 0.196894 0.200963 0.201181 0.201193
 0.25501 0.353104 0.3604 0.360793 0.360813
 0.594232 0.822812 0.839814 0.840729 0.840777
 0.104764 0.145063 0.148061 0.148222 0.148231
 0.40256 0.557411 0.568929 0.569549 0.569581
 0.523917 0.72545 0.74044 0.741246 0.741289
 0.106211 0.147066 0.150105 0.150269 0.150277
 0.42029 0.581961 0.593986 0.594633 0.594667
 0.391196 0.541675 0.552868 0.55347 0.553502
 0.678266 0.939171 0.958578 0.959622 0.959677
 0.484649 0.671077 0.684944 0.685689 0.685729
 0.340399 0.471339 0.481078 0.481602 0.48163
 0.210171 0.291016 0.29703 0.297353 0.29737
 0.213441 0.295545 0.301652 0.30198 0.301998
 0.294267 0.407461 0.415881 0.416334 0.416357
 0.269891 0.373709 0.381431 0.381846 0.381868
 0.207415 0.287201 0.293136 0.293455 0.293471
 0.261844 0.362565 0.370057 0.37046 0.370482
 0.154821 0.214376 0.218805 0.219044 0.219056
 0.140219 0.194156 0.198168 0.198384 0.198395
 0.140108 0.194003 0.198011 0.198227 0.198238
 0.11447 0.158503 0.161778 0.161954 0.161963
 0.141201 0.195516 0.199556 0.199774 0.199785
 0.117264 0.162371 0.165726 0.165907 0.165916
 0.105312 0.145822 0.148836 0.148998 0.149006
 0.159029 0.220202 0.224752 0.224997 0.22501
 0.177591 0.245904 0.250985 0.251259 0.251273
YTP_r0W_actual
 233704 46701.3 37491.3 53636.2 19751
YTP_p0W_proyectada
 547968 559417 59409 33175.7 58355.8
CTP_r0_actual
 27494.6 2865.11 1297.28 1541.27 517.043
CTP_p0_proyectada
 72868 34703.3 2541.02 1124.6 1716.35
Wmedp
 7.52 16.12 23.38 29.5 34
Frms_r0
 0.177591 0.245904 0.250985 0.251259 0.251273
Zrms_r0
 1.17759 1.2459 1.25099 1.25126 1.25127
nmprior
 8.19 8.8 8.5 0
nm_flota  nm_reclas  nm_pelaces    nm_pelaL
inf 13.8872 16.342 37.783
cv_recla  cv_pelaces  cv_mph
0.306433 0.514004 1.52189
 ------------------------------------------------
Talla a la edad & desviaci?n 
 8 13.2811 15.8009 17.003 17.5766
 0.8 1.32811 1.58009 1.7003 1.75766
