years
 1991 1992 1993 1994 1995 1996 1997 1998 1999 2000 2001 2002 2003 2004 2005 2006 2007 2008 2009 2010 2011 2012 2013 2014 2015 2016 2017 2018 2019 2020 2021
reclasobs
 0 0 0 0 0 0 0 0 0 252601 567819 844713 477998 351125 339783 2.1784e+06 2.13404e+06 4.81314e+06 1.55562e+06 2.62356e+06 3.21686e+06 3.843e+06 1.13348e+06 3.07943e+06 1.97215e+06 2.03268e+06 2.025e+06 2.42433e+06 2.27542e+06 1.05018e+06 2.36338e+06
reclaspred
 5.31591e+06 1.65471e+06 963132 701918 199145 3.37229e+06 1.50734e+06 675993 327208 241046 399725 816629 737612 543090 398651 1.85646e+06 853947 4.54972e+06 2.55446e+06 2.038e+06 2.89817e+06 3.17823e+06 1.64342e+06 3.08771e+06 2.31752e+06 1.59282e+06 2.19421e+06 3.50756e+06 2.41942e+06 799157 1.34059e+06
pelacesobs
 0 0 0 0 0 0 0 0 0 0 0 0 0 0 0 552880 188675 0 991730 2.46772e+06 1.41603e+06 1.21717e+06 2.29649e+06 1.80582e+06 0 1.4828e+06 1.56532e+06 1.57751e+06 1.42118e+06 867257 1.10002e+06
pelacespred
 3.72613e+06 1.08419e+06 501455 274166 79281.1 2.17893e+06 779307 473458 147790 97867.4 236162 383297 382030 264586 189354 907722 376485 2.86679e+06 1.40435e+06 973909 1.55192e+06 1.67859e+06 892297 2.06938e+06 1.3806e+06 952882 1.57776e+06 2.55438e+06 1.46944e+06 479051 797258
mphobs
 0 0 0 0 0 0 0 0 0 0 0 498337 0 5186 125008 0 168611 109162 213762 579715 649985 157893 87575 83554 0 0 0 0 0 0 0
mphpred
 1.33117e+06 572833 118833 112185 50658.5 15832.7 441153 145085 62451.1 16673.5 13886.7 52323.6 75193.8 50343.1 25481.4 25845.3 210633 77139.7 519887 201634 256736 261448 367334 178415 345295 292211 166652 226317 530177 245055 60247.7
desembarqueobs
 494567 514787 250237 358949 120608 361735 552515 73892 212993 205616 52469 317467 293654 387597 252695 516296 358380 742168 942051 627588 828172 859565 418607 520667 417249 300574 415391 372974 316634 284311 391294
desembarquepred
 494501 514455 249955 358611 120528 361575 551921 73873.2 212773 205421 52455.9 317179 293325 386933 252383 515779 358053 741532 940417 626567 827588 858550 418195 520342 416827 300308 415046 372676 316287 283842 391044
Reclutas
 26900.4 17349 154541 57118.5 14041.3 310240 23061.1 6204.53 20227.7 45098.1 38903.6 112665 79351.3 67199.8 42895.7 268915 17226.3 476450 164197 227521 203061 434264 27193.7 168303 160823 37208.3 133997 200919 29612.4 15321.7 108370
log_desv_Rt
 -0.926175 -1.36478 0.822142 -0.173186 -1.57631 1.51903 -1.08017 -2.39304 -1.21126 -0.409475 -0.557227 0.506102 0.15557 -0.0106441 -0.459543 1.37608 -1.37188 1.94805 0.882752 1.20893 1.09519 1.85534 -0.915329 0.907452 0.861989 -0.601783 0.679503 1.08459 -0.830121 -1.48904 0.467241
SSB
 1.6966e+06 730082 151454 142981 64564.8 20178.9 562254 184913 79594.7 21250.6 17698.8 66687 95835.4 64162.9 32476.4 32940.1 268454 98315.4 662602 256985 327213 333219 468171 227392 440082 372426 212399 288443 675717 312326 76786.4
BT
 2.15209e+06 1.0427e+06 453169 391402 134467 1.39044e+06 842337 287425 273030 240290 158689 446196 448472 530098 340155 852433 453441 2.08128e+06 1.5426e+06 972553 1.44425e+06 1.54199e+06 761861 1.50712e+06 1.02084e+06 705586 1.20335e+06 1.60688e+06 936362 509420 768129
Ftot
 0.2968 0.919883 0.921704 1.55503 1.71376 0.437418 1.08522 0.357534 1.94633 2.5611 0.51658 1.3611 1.34628 2.21332 2.06578 1.06288 1.24091 0.644482 1.17425 1.08716 0.99607 0.979212 0.800305 0.636862 0.632659 0.624254 0.704673 0.411876 0.422711 1.06535 1.08307
BD_Bspro_t
 0.953747 0.645658 0.271795 0.273986 0.117643 0.0522583 0.50491 0.228206 0.153222 0.0606302 0.0651768 0.262868 0.220085 0.13805 0.0728142 0.0769825 0.283731 0.128821 0.408832 0.202333 0.206997 0.210433 0.281032 0.178957 0.327471 0.342288 0.277792 0.377128 0.556037 0.37217 0.161804
BD_Bspro
 3.49973 1.50601 0.312418 0.294939 0.133184 0.041625 1.15981 0.381437 0.164187 0.0438357 0.036509 0.137562 0.197689 0.132355 0.0669921 0.0679486 0.553766 0.202804 1.36681 0.530107 0.674973 0.687362 0.965741 0.469062 0.907799 0.768238 0.438136 0.594999 1.39386 0.644264 0.158395
BD_Bo
 1.18575 0.510254 0.105851 0.099929 0.0451243 0.0141031 0.392959 0.129235 0.0556287 0.0148521 0.0123697 0.0466075 0.0669793 0.0448434 0.0226977 0.0230218 0.187623 0.0687126 0.463092 0.179607 0.228689 0.232887 0.327205 0.158924 0.307573 0.260288 0.148446 0.201593 0.472258 0.218284 0.053666
BD_Brms
 6.66763 2.86922 0.595213 0.561914 0.25374 0.0793034 2.20966 0.726707 0.312808 0.0835151 0.0695564 0.26208 0.376634 0.25216 0.127632 0.129455 1.05503 0.38638 2.60403 1.00995 1.28595 1.30955 1.83992 0.89365 1.72953 1.46364 0.834731 1.13358 2.65557 1.22744 0.301771
Sel_flota
 0.731045 0.981005 0.998982 0.999946 0.999997
 0.731045 0.981005 0.998982 0.999946 0.999997
 0.731045 0.981005 0.998982 0.999946 0.999997
 0.731045 0.981005 0.998982 0.999946 0.999997
 0.731045 0.981005 0.998982 0.999946 0.999997
 0.731045 0.981005 0.998982 0.999946 0.999997
 0.731045 0.981005 0.998982 0.999946 0.999997
 0.731045 0.981005 0.998982 0.999946 0.999997
 0.731045 0.981005 0.998982 0.999946 0.999997
 0.731045 0.981005 0.998982 0.999946 0.999997
 0.731045 0.981005 0.998982 0.999946 0.999997
 0.731045 0.981005 0.998982 0.999946 0.999997
 0.731045 0.981005 0.998982 0.999946 0.999997
 0.731045 0.981005 0.998982 0.999946 0.999997
 0.731045 0.981005 0.998982 0.999946 0.999997
 0.731045 0.981005 0.998982 0.999946 0.999997
 0.731045 0.981005 0.998982 0.999946 0.999997
 0.731045 0.981005 0.998982 0.999946 0.999997
 0.731045 0.981005 0.998982 0.999946 0.999997
 0.731045 0.981005 0.998982 0.999946 0.999997
 0.731045 0.981005 0.998982 0.999946 0.999997
 0.731045 0.981005 0.998982 0.999946 0.999997
 0.731045 0.981005 0.998982 0.999946 0.999997
 0.731045 0.981005 0.998982 0.999946 0.999997
 0.731045 0.981005 0.998982 0.999946 0.999997
 0.731045 0.981005 0.998982 0.999946 0.999997
 0.731045 0.981005 0.998982 0.999946 0.999997
 0.731045 0.981005 0.998982 0.999946 0.999997
 0.731045 0.981005 0.998982 0.999946 0.999997
 0.731045 0.981005 0.998982 0.999946 0.999997
 0.731045 0.981005 0.998982 0.999946 0.999997
Sel_reclas
 0.957162 1 1 1 1
 0.957162 1 1 1 1
 0.957162 1 1 1 1
 0.957162 1 1 1 1
 0.957162 1 1 1 1
 0.957162 1 1 1 1
 0.957162 1 1 1 1
 0.957162 1 1 1 1
 0.957162 1 1 1 1
 0.957162 1 1 1 1
 0.957162 1 1 1 1
 0.957162 1 1 1 1
 0.957162 1 1 1 1
 0.957162 1 1 1 1
 0.957162 1 1 1 1
 0.957162 1 1 1 1
 0.957162 1 1 1 1
 0.957162 1 1 1 1
 0.957162 1 1 1 1
 0.957162 1 1 1 1
 0.957162 1 1 1 1
 0.957162 1 1 1 1
 0.957162 1 1 1 1
 0.957162 1 1 1 1
 0.957162 1 1 1 1
 0.957162 1 1 1 1
 0.957162 1 1 1 1
 0.957162 1 1 1 1
 0.957162 1 1 1 1
 0.957162 1 1 1 1
 0.957162 1 1 1 1
Sel_pelaces
 0.922985 1 1 1 1
 0.922985 1 1 1 1
 0.922985 1 1 1 1
 0.922985 1 1 1 1
 0.922985 1 1 1 1
 0.922985 1 1 1 1
 0.922985 1 1 1 1
 0.922985 1 1 1 1
 0.922985 1 1 1 1
 0.922985 1 1 1 1
 0.922985 1 1 1 1
 0.922985 1 1 1 1
 0.922985 1 1 1 1
 0.922985 1 1 1 1
 0.922985 1 1 1 1
 0.922985 1 1 1 1
 0.922985 1 1 1 1
 0.922985 1 1 1 1
 0.922985 1 1 1 1
 0.922985 1 1 1 1
 0.922985 1 1 1 1
 0.922985 1 1 1 1
 0.922985 1 1 1 1
 0.922985 1 1 1 1
 0.922985 1 1 1 1
 0.922985 1 1 1 1
 0.922985 1 1 1 1
 0.922985 1 1 1 1
 0.922985 1 1 1 1
 0.922985 1 1 1 1
 0.922985 1 1 1 1
pf_obs 
 0.8446 0.082 0.0669 0.0065 0
 0.8095 0.147 0.0364 0.0071 0
 0.9664 0.0169 0.016 0.0007 0
 0.9276 0.0648 0.0075 0.0001 0
 0.7033 0.2144 0.0806 0.0017 0
 0.9318 0.0425 0.0243 0.0014 0
 0.5671 0.3108 0.0964 0.0239 0.0018
 0.0768 0.2599 0.5324 0.112 0.0189
 0.490249 0.384438 0.106611 0.0170017 0.00170017
 0.7925 0.1577 0.0466 0.003 0.0002
 0.840416 0.127587 0.0312969 0.00059994 9.999e-05
 0.8084 0.0986 0.0794 0.0134 0.0002
 0.7335 0.1905 0.0724 0.0035 0.0001
 0.4001 0.4547 0.1325 0.0127 0
 0.49795 0.308269 0.164784 0.0264974 0.00249975
 0.9179 0.0499 0.0305 0.0017 0
 0.2467 0.6533 0.0926 0.0074 0
 0.9418 0.0223 0.034 0.0019 0
 0.707729 0.231977 0.0356964 0.0245975 0
 0.517169 0.277429 0.184464 0.0207286 0.00020938
 0.811772 0.124168 0.05621 0.00726502 0.000585176
 0.764997 0.148141 0.077277 0.00933861 0.000247198
 0.163321 0.427699 0.378323 0.0303852 0.000271297
 0.753843 0.0900009 0.118128 0.0371064 0.000921714
 0.721811 0.176058 0.0630433 0.0369309 0.00215725
 0.143369 0.312575 0.442814 0.0836902 0.0175525
 0.692698 0.0596174 0.167031 0.0765114 0.00414204
 0.394062 0.376323 0.152708 0.0712218 0.00568511
 0.125707 0.32114 0.495352 0.0537591 0.00404204
 0.23352 0.215282 0.420074 0.123614 0.00750983
 0.796117 0.104755 0.0508955 0.0450114 0.00322123
pf_pred 
 0.161419 0.185563 0.577315 0.0757023 8.64993e-07
 0.273219 0.155025 0.128586 0.391844 0.0513257
 0.934472 0.0243402 0.00899073 0.00724962 0.0249477
 0.614343 0.369166 0.00624017 0.00224036 0.00801045
 0.565764 0.318823 0.110656 0.00180247 0.00295485
 0.991339 0.00606456 0.00192621 0.000642991 2.7584e-05
 0.184657 0.810384 0.00349577 0.00108574 0.000377528
 0.247222 0.198083 0.551422 0.00230784 0.000964438
 0.760106 0.0765711 0.0436655 0.118953 0.000705069
 0.950377 0.0426517 0.00229316 0.00125287 0.00342542
 0.920977 0.0771274 0.00164097 8.37742e-05 0.000170416
 0.90043 0.0939667 0.00547185 0.000113729 1.75941e-05
 0.801928 0.185771 0.0116314 0.000654514 1.56793e-05
 0.824162 0.153189 0.0212863 0.00128796 7.40759e-05
 0.872702 0.114955 0.0108172 0.00143441 9.15529e-05
 0.983231 0.0155835 0.00107506 9.67753e-05 1.36194e-05
 0.236756 0.755099 0.00758527 0.000507718 5.20516e-05
 0.980165 0.0066474 0.0130511 0.000126922 9.35019e-06
 0.549586 0.444386 0.00205372 0.00393308 4.10124e-05
 0.828287 0.113772 0.05719 0.00025607 0.000494677
 0.794636 0.181794 0.0157763 0.00769243 0.000100811
 0.893595 0.0913031 0.0134135 0.00113048 0.000557564
 0.205967 0.73764 0.0485881 0.00693419 0.00087127
 0.870287 0.0364236 0.086827 0.00556882 0.000893327
 0.74839 0.228697 0.00654904 0.0152318 0.00113214
 0.390951 0.49529 0.103637 0.00289571 0.00722594
 0.856305 0.0696579 0.0604831 0.0123494 0.00120446
 0.826354 0.156129 0.00860375 0.00728322 0.0016299
 0.267881 0.637184 0.0855503 0.00461229 0.00477251
 0.348725 0.222557 0.374197 0.0491372 0.00538376
 0.940752 0.027421 0.0110949 0.0180996 0.00263286
pobs_RECLAS
 0 0 0 0 0
 0 0 0 0 0
 0 0 0 0 0
 0 0 0 0 0
 0 0 0 0 0
 0 0 0 0 0
 0 0 0 0 0
 0 0 0 0 0
 0 0 0 0 0
 0 0 0 0 0
 0.991045 0.00858322 0.000360255 1.14367e-05 0
 0.934742 0.0480273 0.0164251 0.00080598 0
 0.827803 0.169806 0.00239088 0 0
 0.941827 0.0461693 0.0120037 0 0
 0.791401 0.0380133 0.147996 0.0225897 0
 0.846168 0.0940531 0.0597789 0 0
 0.134021 0.677848 0.182769 0.00536245 0
 0.80878 0.0450904 0.141981 0.00414843 0
 0.846168 0.0940531 0.0597789 0 0
 0.905697 0.0802665 0.012482 0.00150086 5.37128e-05
 0.989698 0.0102097 9.19794e-05 0 0
 0.975433 0.0193895 0.00387452 0.00125025 5.28907e-05
 0.303575 0.632131 0.0575291 0.00676475 0
 0.966965 0.00978017 0.0227588 0.000495775 0
 0.843318 0.132988 0.00938335 0.0141283 0.000182051
 0.564624 0.303363 0.111486 0.0197234 0.00080311
 0.826376 0.0876187 0.0782897 0.00655872 0.00115652
 0.89761 0.0855135 0.0140674 0.00269457 0.000114338
 0.34875 0.467042 0.161289 0.0227151 0.000203297
 0.318654 0.224769 0.449479 0.00709798 0
 0.937255 0.0296025 0.0250945 0.00804832 0
ppred_RECLAS
 0.201782 0.179236 0.547288 0.0716936 8.19146e-07
 0.336572 0.14392 0.116936 0.35595 0.0466215
 0.95045 0.0186552 0.00674997 0.00543681 0.0187083
 0.687051 0.299875 0.00495106 0.00177532 0.00634725
 0.646012 0.261581 0.088603 0.00144138 0.00236273
 0.993363 0.0046741 0.00145654 0.000485716 2.08359e-05
 0.232625 0.762807 0.00322115 0.00099931 0.000347455
 0.30157 0.186349 0.509063 0.00212842 0.000889412
 0.820351 0.0583882 0.0324523 0.0882849 0.000523254
 0.966229 0.02915 0.00152163 0.000830033 0.00226916
 0.938283 0.0602649 0.00125771 6.41422e-05 0.000130473
 0.924884 0.0709779 0.00404098 8.38883e-05 1.29769e-05
 0.846347 0.14431 0.00883453 0.000496537 1.18941e-05
 0.871738 0.112132 0.0151617 0.000916045 5.26816e-05
 0.907551 0.0836976 0.00767083 0.00101575 6.48268e-05
 0.987421 0.0117076 0.000790712 7.10985e-05 1.00053e-05
 0.295226 0.697415 0.0068534 0.000458193 4.69715e-05
 0.984987 0.00509762 0.0098134 9.53356e-05 7.02285e-06
 0.621436 0.373609 0.00168956 0.00323195 3.36993e-05
 0.866715 0.0889444 0.0437667 0.000195745 0.000378118
 0.83784 0.143897 0.0122288 0.00595601 7.805e-05
 0.9181 0.070484 0.010141 0.000853723 0.000421041
 0.255248 0.69285 0.0447251 0.00637603 0.000801093
 0.899139 0.0287255 0.0671438 0.0043019 0.000690055
 0.796045 0.185723 0.00521501 0.0121164 0.00090053
 0.457568 0.44273 0.0908398 0.00253551 0.00632673
 0.887766 0.0549694 0.0467902 0.00954351 0.000930747
 0.86099 0.125231 0.00677117 0.00572612 0.00128137
 0.322789 0.590848 0.0778338 0.00419203 0.00433742
 0.42061 0.200787 0.330503 0.0433505 0.00474946
 0.955555 0.0208136 0.00824394 0.0134335 0.00195399
pobs_PELACES
 0 0 0 0 0
 0 0 0 0 0
 0 0 0 0 0
 0 0 0 0 0
 0 0 0 0 0
 0 0 0 0 0
 0 0 0 0 0
 0 0 0 0 0
 0 0 0 0 0
 0 0 0 0 0
 0 0 0 0 0
 0 0 0 0 0
 0 0 0 0 0
 0 0 0 0 0
 0 0 0 0 0
 0 0 0 0 0
 0.505614 0.472636 0.0217494 0 0
 0 0 0 0 0
 0.443492 0.261883 0.143347 0.151278 0
 0.227955 0.32914 0.350689 0.0885471 0.00366901
 0.970185 0.0296113 0.000203453 0 0
 0.997202 0.00247181 0.000326279 0 0
 0.445219 0.490057 0.0546422 0.010081 0
 0.90214 0.0892962 0.00764917 0.000914606 0
 0 0 0 0 0
 0.581667 0.319106 0.0959925 0.00289975 0.000334073
 0.762889 0.0836404 0.116647 0.0363945 0.000428098
 0.88444 0.0763242 0.0277011 0.0115352 0
 0.521256 0.241999 0.230069 0.00667565 0
 0.616807 0.101726 0.260614 0.0208532 0
 0.833518 0.0704572 0.0857862 0.0102388 0
ppred_PELACES
 0.200095 0.179861 0.548232 0.0718105 8.20477e-07
 0.346459 0.142408 0.115077 0.35019 0.0458663
 0.952446 0.0179674 0.00646562 0.00520626 0.0179147
 0.706548 0.281305 0.00460181 0.00164927 0.00589644
 0.670226 0.244334 0.0819241 0.001332 0.00218338
 0.993366 0.00467542 0.00145317 0.000484526 2.07847e-05
 0.242256 0.753263 0.00316044 0.000980135 0.000340782
 0.300452 0.186938 0.509589 0.00213038 0.000890225
 0.839026 0.0527433 0.0289783 0.0787852 0.000466935
 0.971553 0.0246076 0.00126514 0.00068956 0.00188506
 0.938648 0.0599126 0.00124653 6.35617e-05 0.000129291
 0.93002 0.0661545 0.00373608 7.75252e-05 1.19923e-05
 0.855871 0.135431 0.00822502 0.000462082 1.10685e-05
 0.887381 0.0986178 0.0131605 0.000794575 4.56942e-05
 0.918287 0.074064 0.00670524 0.000887309 5.66273e-05
 0.988047 0.011129 0.000746913 6.71376e-05 9.44772e-06
 0.309158 0.683682 0.00666917 0.0004457 4.56897e-05
 0.98527 0.00501413 0.00961584 9.33972e-05 6.87998e-06
 0.635583 0.359681 0.00161529 0.00308871 3.22051e-05
 0.872992 0.0849371 0.0415262 0.00018566 0.00035863
 0.844056 0.138475 0.0116986 0.005696 7.46414e-05
 0.921437 0.0676672 0.00967932 0.000814604 0.000401742
 0.26099 0.687737 0.0441848 0.0062974 0.000791202
 0.900838 0.0283181 0.0659419 0.00422404 0.000677559
 0.798658 0.183407 0.00513068 0.0119181 0.000885781
 0.461496 0.439824 0.08991 0.00250906 0.00626066
 0.890127 0.0539289 0.045713 0.00932171 0.000909105
 0.860734 0.125493 0.00676876 0.00572333 0.00128074
 0.322533 0.591261 0.0776932 0.00418389 0.00432896
 0.434234 0.196882 0.322033 0.0422253 0.00462609
 0.957894 0.0197879 0.00778749 0.0126853 0.00184513
pobs_pel_tallas
 0 0 0 0 0 0 0 0 0 0 0 0 0 0 0 0 0 0 0 0 0 0 0 0 0 0
 0 0 0 0 0 0 0 0 0 0 0 0 0 0 0 0 0 0 0 0 0 0 0 0 0 0
 0 0 0 0 0 0 0 0 0 0 0 0 0 0 0 0 0 0 0 0 0 0 0 0 0 0
 0 0 0 0 0 0 0 0 0 0 0 0 0 0 0 0 0 0 0 0 0 0 0 0 0 0
 0 0 0 0 0 0 0 0 0 0 0 0 0 0 0 0 0 0 0 0 0 0 0 0 0 0
 0 0 0 0 0 0 0 0 0 0 0 0 0 0 0 0 0 0 0 0 0 0 0 0 0 0
 0 0 0 0 0 0 0 0 0 0 0 0 0 0 0 0 0 0 0 0 0 0 0 0 0 0
 0 0 0 0 0 0 0 0 0 0 0 0 0 0 0 0 0 0 0 0 0 0 0 0 0 0
 0 0 0 0 0 0 0 0 0 0 0 0 0 0 0 0 0 0 0 0 0 0 0 0 0 0
 0 0 0 0 0 0 0 0 0 0 0 0 0 0 0 0 0 0 0 0 0 0 0 0 0 0
 0 0 0 0 0 0 0 0 0 0 0 0 0 0 0 0 0 0 0 0 0 0 0 0 0 0
 0 0 0 0 0 0 0 0 0 0 0 0 0 0 0 0 0 0 0 0 0 0 0 0 0 0
 0.00862536 0 0 0.000197151 0.00414017 0.0128641 0.00837892 0.0270097 0.101434 0.158115 0.152841 0.127902 0.109271 0.109419 0.0830992 0.0579132 0.0238553 0.00714673 0.00463305 0.00128148 0.00103504 0.000492878 0.000147863 0.000147863 4.92878e-05 0
 0 0 0 0 0 0 0 0 0 0 0 0 0 0 0 0 0 0 0 0 0 0 0 0 0 0
 0 0 0 0 0 0 0 0.0054083 0.00873648 0.0413646 0.0450493 0.0745869 0.0622846 0.0627006 0.0613931 0.0827291 0.12552 0.122667 0.0946155 0.0697135 0.0546179 0.0294188 0.0215738 0.0213955 0.0102223 0.00600262
 0 0 0 0 0.00359764 0.0251062 0.0480494 0.140153 0.205849 0.193036 0.1447 0.116669 0.0760912 0.0342217 0.00950174 0.001854 0.000860785 0 0 0 0.000165536 0 0.000143464 0 0 0
 0 0 0 0 0 0 0 0.000145254 0.000435761 0.0275982 0.070085 0.0708112 0.156366 0.174668 0.174014 0.160142 0.0824315 0.0480064 0.0283245 0.00493863 0.00203355 0 0 0 0 0
 0 0 0 0 0 0 0 0 0 0 0 0 0 0 0 0 0 0 0 0 0 0 0 0 0 0
 0 0 1.00437e-05 0.000401748 0.00122533 0.00171747 0.00176769 0.0269171 0.070346 0.194647 0.189555 0.159765 0.064822 0.0314167 0.0384472 0.0292271 0.0345202 0.0313363 0.0194345 0.0106764 0.0143323 0.0359363 0.0279516 0.0138201 0.00172751 0
 0 0.0021121 0.0136068 0.0755702 0.200478 0.177729 0.0527432 0.0373336 0.0318909 0.0142505 0.0149659 0.0166563 0.0217959 0.0798694 0.0677717 0.0528807 0.04013 0.0224614 0.0357745 0.0225083 0.00881397 0.00855152 0.00135912 0.000746735 0 0
 0 0 0 0 5.4009e-05 0.00500934 0.000945158 0.0243581 0.138947 0.33067 0.221406 0.137944 0.0707744 0.0437923 0.0131692 0.00525238 0.0047753 0.00276346 9.45158e-05 9.00151e-06 2.25038e-05 9.00151e-06 4.50075e-06 0 0 0
 0.000866109 0.00284123 0.00948549 0.0512746 0.133035 0.25785 0.225252 0.132002 0.0553304 0.0519788 0.0540692 0.017754 0.00435017 0.00159236 0.00146478 0.000404838 0.000125132 0.000115318 0.000107957 0.000100596 0 0 0 0 0 0
 0 0 0 0 0.00144013 0.00171154 0.00461396 0.0210425 0.0478622 0.0707936 0.0888783 0.103762 0.0637923 0.0337046 0.0602308 0.124433 0.169614 0.0934646 0.0462172 0.0250306 0.0313229 0.00938855 0.002487 0.000210481 0 0
 0 0.00764035 0.051015 0.0998891 0.058973 0.0496711 0.0374665 0.0718981 0.12319 0.153886 0.159021 0.0857701 0.0377988 0.023471 0.0147837 0.00900784 0.00315554 0.000888139 0.00291439 0.00214683 0.00393193 0.00274676 0.000635225 9.99891e-05 0 0
 0 0 0 0 0 0 0 0 0 0 0 0 0 0 0 0 0 0 0 0 0 0 0 0 0 0
 0 0 0 0 0 0 0 0 0 0 0 0 0 0 0 0 0 0 0 0 0 0 0 0 0 0
 0 0 0 0 0 0 0 0 0 0 0 0 0 0 0 0 0 0 0 0 0 0 0 0 0 0
 0 0 0 0 0 0 0 0 0 0 0 0 0 0 0 0 0 0 0 0 0 0 0 0 0 0
 0 0 0 0 0 0 0 0 0 0 0 0 0 0 0 0 0 0 0 0 0 0 0 0 0 0
 0 0 0 0 0 0 0 0 0 0 0 0 0 0 0 0 0 0 0 0 0 0 0 0 0 0
 0 0 0 0 0 0 0 0 0 0 0 0 0 0 0 0 0 0 0 0 0 0 0 0 0 0
ppred_pel_tallas
 1.23069e-16 1.64816e-05 0.000160207 0.00106463 0.00483968 0.0150582 0.0320837 0.0468308 0.046849 0.0321728 0.0153599 0.00572184 0.00331898 0.00521387 0.0100022 0.0175214 0.0275955 0.039615 0.0528045 0.0665679 0.0803566 0.0930646 0.102625 0.106487 0.102855 0.0918156
 1.46239e-16 2.85374e-05 0.000277394 0.00184338 0.00837975 0.0260726 0.0555509 0.0810811 0.0810952 0.0556195 0.0263037 0.00905124 0.00354444 0.00404418 0.00734591 0.012549 0.0191902 0.0266341 0.0344207 0.0427792 0.0526204 0.0647775 0.0789681 0.0932783 0.10462 0.109925
 1.03746e-16 7.84517e-05 0.000762579 0.0050676 0.0230366 0.0716754 0.152712 0.222888 0.22289 0.152721 0.071704 0.0231195 0.00527639 0.00122059 0.00095522 0.00147429 0.00216481 0.00283361 0.00335408 0.00369947 0.00396986 0.0043306 0.00489821 0.00565592 0.00645068 0.00706151
 1.01369e-16 5.81975e-05 0.0005657 0.00375928 0.0170891 0.0531708 0.113287 0.165351 0.165379 0.113419 0.0536145 0.0183699 0.00697132 0.00756858 0.0133315 0.0218784 0.0313497 0.0390862 0.0424251 0.0401507 0.0332429 0.0242655 0.0158972 0.00972485 0.00598391 0.00406046
 1.0293e-16 5.52057e-05 0.000536619 0.00356602 0.0162106 0.0504374 0.107463 0.156851 0.156874 0.107579 0.0508253 0.0173318 0.00638351 0.00669818 0.011789 0.0194844 0.0282517 0.0359149 0.0402702 0.0402605 0.0365461 0.0309567 0.0253048 0.0205229 0.01663 0.0132577
 1.00096e-16 8.18223e-05 0.000795341 0.00528532 0.0240263 0.0747548 0.159273 0.232464 0.232464 0.159275 0.0747622 0.0240478 0.00533924 0.000913255 0.000306404 0.000378718 0.000541516 0.000688993 0.000774744 0.00077921 0.000715989 0.000620657 0.000527483 0.000452512 0.000393086 0.000338752
 1.0044e-16 1.99545e-05 0.000193964 0.00128897 0.0058595 0.0182315 0.0388467 0.0567131 0.0567855 0.0392006 0.0194191 0.00928754 0.00988557 0.018933 0.0355279 0.0584912 0.0837591 0.104282 0.112892 0.106292 0.0870824 0.0621463 0.0387263 0.0211916 0.0103226 0.0046213
 1.15118e-16 2.47479e-05 0.000240558 0.0015986 0.00726699 0.0226104 0.0481746 0.0703161 0.0703349 0.0482666 0.0229215 0.00817507 0.0039135 0.00541115 0.0101866 0.0176891 0.0275359 0.038884 0.050705 0.0622236 0.0728945 0.0818677 0.0875777 0.0881218 0.0823346 0.0707249
 1.0883e-16 6.91095e-05 0.000671769 0.00446414 0.0202933 0.0631401 0.134527 0.196347 0.196352 0.134552 0.0632248 0.0205388 0.00508366 0.00203567 0.00269446 0.00444118 0.0066281 0.00886379 0.0108318 0.0124707 0.014025 0.0158384 0.0180269 0.020293 0.0220194 0.0225676
 1.00432e-16 8.00255e-05 0.000777876 0.00516926 0.0234987 0.0731132 0.155776 0.22736 0.227362 0.155787 0.0731521 0.0236109 0.00545067 0.00139173 0.00124451 0.00192738 0.00276104 0.00345671 0.00378151 0.0036332 0.00309976 0.00240369 0.00177216 0.00133172 0.00108773 0.000971887
 1.0008e-16 7.73152e-05 0.000751531 0.00499419 0.0227029 0.0706371 0.1505 0.21966 0.219666 0.150528 0.0707316 0.0229756 0.0056783 0.00224301 0.0029042 0.00466386 0.00667568 0.00832031 0.00902468 0.00852653 0.00703064 0.00507962 0.00324302 0.00186228 0.000996307 0.000526914
 1.00135e-16 7.66045e-05 0.000744623 0.00494828 0.0224942 0.0699878 0.149117 0.217641 0.217648 0.149148 0.0700922 0.0227956 0.0057045 0.00239388 0.0032042 0.00516367 0.00740201 0.00924647 0.0100681 0.00957715 0.00799395 0.00590551 0.00392512 0.00241638 0.0014389 0.000867467
 1.00321e-16 7.0497e-05 0.000685256 0.00455377 0.0207008 0.0644078 0.137228 0.200291 0.200304 0.137292 0.0646216 0.021318 0.00610212 0.00406227 0.00647504 0.0105692 0.0151621 0.0189471 0.0206431 0.0196579 0.0164417 0.0121933 0.0081636 0.00509198 0.00309678 0.00192054
 1.00493e-16 7.30925e-05 0.000710485 0.00472142 0.0214629 0.0667791 0.14228 0.207664 0.207674 0.142327 0.066935 0.0219132 0.0058515 0.00317701 0.00475612 0.00774337 0.0111381 0.0139848 0.015361 0.0148368 0.0127241 0.00985984 0.00710638 0.00495758 0.00347702 0.00248623
 1.00312e-16 7.56381e-05 0.000735229 0.00488586 0.0222104 0.0691048 0.147235 0.214896 0.214903 0.14727 0.0692218 0.0225482 0.00573346 0.00258448 0.00358451 0.00579774 0.00832438 0.010425 0.0114014 0.0109312 0.00925638 0.00702177 0.00489523 0.00326453 0.00218346 0.00151002
 1.00033e-16 8.13842e-05 0.000791083 0.00525702 0.0238977 0.0743545 0.15842 0.231219 0.23122 0.158425 0.0743721 0.0239484 0.00538429 0.00106867 0.000607893 0.000874345 0.00124731 0.00155916 0.00170024 0.00162173 0.00136053 0.0010148 0.000686793 0.000436668 0.000273685 0.000176524
 1.0042e-16 2.54651e-05 0.000247529 0.00164492 0.00747762 0.023266 0.0495731 0.0723672 0.072433 0.0498943 0.024344 0.0105894 0.00944873 0.0172593 0.032263 0.0531111 0.0760694 0.0947396 0.10262 0.0967161 0.0793784 0.0568344 0.0356338 0.0197231 0.00980583 0.00453453
 1.0029e-16 8.11554e-05 0.000788859 0.00524225 0.0238305 0.0741455 0.157975 0.230569 0.230569 0.157977 0.0741537 0.0238544 0.0053029 0.000923417 0.000343005 0.00045495 0.000685309 0.000939856 0.00118023 0.00138513 0.00154946 0.00167079 0.00173378 0.00171093 0.0015815 0.00135182
 1.00454e-16 5.23522e-05 0.000508882 0.0033817 0.0153727 0.0478305 0.101909 0.148747 0.148781 0.102078 0.0483976 0.0170097 0.00748683 0.00945753 0.0170096 0.0279382 0.0400086 0.0498236 0.0539632 0.0508576 0.0417526 0.0299341 0.0188532 0.0105814 0.00547224 0.00279229
 1.013e-16 7.19072e-05 0.000698964 0.00464486 0.0211149 0.0656962 0.139973 0.204297 0.204305 0.140013 0.0658315 0.0215061 0.0056289 0.00285406 0.00418503 0.00685713 0.00999138 0.012812 0.0145677 0.0148902 0.0139771 0.0123978 0.0106972 0.0091259 0.00766081 0.0062026
 1.00957e-16 6.95238e-05 0.000675796 0.0044909 0.020415 0.0635187 0.135334 0.197527 0.19754 0.135399 0.0637374 0.0210466 0.00607572 0.00413357 0.00663091 0.0108378 0.0155719 0.019512 0.0213632 0.0205314 0.0174777 0.013412 0.00957825 0.00668413 0.00480223 0.00363604
 1.00447e-16 7.58976e-05 0.000737751 0.00490262 0.0222866 0.0693419 0.14774 0.215633 0.215639 0.147772 0.0694489 0.0225956 0.0056783 0.00243098 0.0032913 0.00532005 0.00765362 0.00961784 0.0105801 0.010247 0.00883216 0.00690745 0.00505956 0.00362092 0.00262903 0.00195732
 1.02217e-16 2.14975e-05 0.000208964 0.00138864 0.0063126 0.0196412 0.0418501 0.0610953 0.0611615 0.0421735 0.0207269 0.00944725 0.00925267 0.0173616 0.0325546 0.053672 0.0770475 0.0963242 0.105029 0.100167 0.0840256 0.0626825 0.042464 0.0270864 0.0171099 0.0111956
 1.02449e-16 7.42009e-05 0.000721259 0.00479302 0.0217884 0.0677917 0.144438 0.210811 0.210814 0.144451 0.0678385 0.0219248 0.00514007 0.00149423 0.00158712 0.00262323 0.00404308 0.00564808 0.00726984 0.00879936 0.0101882 0.0113655 0.0121584 0.0123213 0.0116742 0.0102409
 1.01541e-16 6.57845e-05 0.000639448 0.00424936 0.019317 0.0601024 0.128055 0.186904 0.186922 0.128141 0.0603918 0.0201525 0.00634518 0.00520999 0.00873263 0.014298 0.020511 0.0256304 0.027937 0.0266544 0.0224268 0.0169104 0.01181 0.00809714 0.00585708 0.00463951
 1.04019e-16 3.80129e-05 0.000369499 0.00245546 0.0111622 0.0347299 0.0739973 0.10801 0.108052 0.0742046 0.0354262 0.0131738 0.00750682 0.0114025 0.0210086 0.0347143 0.0501012 0.0631997 0.0699664 0.0684997 0.0601298 0.0484439 0.0370843 0.0280582 0.0215355 0.0167296
 1.02422e-16 7.33186e-05 0.000712683 0.00473603 0.0215293 0.0669857 0.14272 0.208306 0.208311 0.142746 0.0670723 0.0217801 0.00536861 0.00210349 0.00274377 0.00449589 0.00664679 0.00872959 0.0103123 0.0111834 0.0114397 0.0113474 0.011101 0.0106937 0.00998635 0.00887604
 1.01019e-16 7.08976e-05 0.00068915 0.00457964 0.0208184 0.0647738 0.138008 0.201429 0.201441 0.138067 0.0649719 0.0213904 0.00601463 0.0038192 0.00600804 0.00980115 0.0140679 0.0175996 0.0192198 0.0183937 0.0155522 0.0118132 0.00832792 0.00575328 0.00415306 0.00323689
 1.03546e-16 2.65667e-05 0.000258238 0.00171609 0.00780112 0.0242725 0.0517172 0.0754947 0.0755517 0.0519956 0.0252071 0.0105005 0.00849118 0.0150455 0.0281019 0.0463928 0.0667708 0.083838 0.0920914 0.0889642 0.0763371 0.059242 0.0428587 0.0301456 0.0214654 0.0157143
 1.14361e-16 3.57673e-05 0.000347671 0.0023104 0.0105027 0.032678 0.0696248 0.101623 0.101643 0.06972 0.0329991 0.0114361 0.00467588 0.00558613 0.0102031 0.0173813 0.0263633 0.0359224 0.0447406 0.0520785 0.057941 0.0625224 0.0654885 0.0658581 0.062644 0.0556739
 1.01815e-16 7.89005e-05 0.000766941 0.00509659 0.0231684 0.0720854 0.153586 0.224163 0.224165 0.153595 0.0721169 0.0232597 0.00532644 0.00127098 0.00104307 0.00161833 0.0023697 0.00308192 0.00359992 0.00386833 0.00396271 0.00402934 0.00417522 0.00439463 0.0045805 0.00459747
pSPR Fmed_Fpbrs
0.25255   0.227837 0.227837
Fs Fmed_Fpbrs
0.919464   1.005 1.005
SSBpbr Bo_Bmed_Bpbrs
1.43082e+06  289813  254453 254453
Ro
67918.9
SPR SPRFo_SPRFmed_SPRFpbrs
484779 122431 110451
Fref
1.005
Nvult_r0
 90309 2257.99 905.64 1476.73 214.808
CTP_r0
 39907 1163.21 470.648 767.791 111.687
YTP_r0
391044
Np
 98035.9 17298.8 2479.04 44.333 19.712
Nvult_p0
 80737.2 14924.4 2144.87 38.3628 17.0576
CTP_p0
 34194.7 7735.94 142.558 55.9533 102.481
 34194.7 7409.25 1074.56 19.2287 8.55006
YTP_p0
 385748 397930
CBA_c0
389403
log_Ro
10.9461
likeval ReclasPelacesDesembMPH_pf_preclas_ppelaces_ptallas_desvR_qrecl_qpela
 14.006 20.0964 0.159991 0.000929947 283.149 117.107 111.548 0 54.9043 7.33985e-05 0.000130465 0.00612569 0 0 0
q_reclas_q_pelaces
3.367 5.07854
M
1
N
 26900.4 23735.3 72668.5 9520.78 0.108782
 17349 7965.87 6526.06 19874 2603.1
 154541 3257.83 1188.58 957.773 3295.82
 57118.5 28981.3 485.228 174.12 622.553
 14041.3 6741.85 2319.06 37.7572 61.895
 310240 1475.76 461.685 153.992 6.60591
 23061.1 82894.9 353.477 109.718 38.1494
 6204.53 3837.43 10516.7 43.9785 18.3777
 20227.7 1757.52 994.077 2706.87 16.0441
 45098.1 1793.55 95.8035 52.3244 143.055
 38903.6 2551.2 53.4906 2.72866 5.55051
 112665 9810.42 565.411 11.7453 1.81698
 79351.3 15323.6 949.519 53.4015 1.27923
 67199.8 10910.2 1504.84 91.0172 5.23468
 42895.7 4901.94 457.68 60.6654 3.87194
 268915 3485.43 237.66 21.3807 3.00887
 17226.3 45485 451.988 30.2364 3.09976
 476450 2558.12 4953.24 48.1349 3.54589
 164197 109423 500.091 957.161 9.98053
 227521 25601.1 12721.2 56.9247 109.964
 203061 37806.5 3241.8 1579.67 20.7012
 434264 36065.4 5234.82 440.904 217.452
 27193.7 78085.6 5077 724.059 90.9736
 168303 5572.97 13101.2 839.651 134.688
 160823 38868.8 1097.64 2551.01 189.602
 37208.3 37255.6 7687.15 214.627 535.558
 133997 8672.65 7429.1 1515.78 147.832
 200919 29449.3 1598.21 1351.82 302.509
 29612.4 54696.6 7232.74 389.625 403.143
 15321.7 7997.85 13291.4 1744.27 191.107
 108370 2586.87 1034.64 1686.83 245.368
pred_Ctot
 3375.83 3880.77 12073.7 1583.2 0.01809
 5665.84 3214.81 2666.54 8125.81 1064.36
 50545.1 1316.55 486.304 392.128 1349.41
 26800.9 16105 272.229 97.7364 349.458
 6987.91 3937.87 1366.74 22.2628 36.4961
 55084.1 336.98 107.031 35.7281 1.53272
 8504.24 37321.6 160.995 50.0028 17.3868
 921.479 738.323 2055.33 8.60208 3.59478
 10825.7 1090.56 621.902 1694.17 10.0419
 27733.9 1244.66 66.9191 36.5614 99.9607
 7975.1 667.876 14.2098 0.725433 1.4757
 48549.2 5066.48 295.03 6.13201 0.948638
 33947.9 7864.19 492.388 27.7074 0.663748
 38502.3 7156.51 994.428 60.1693 3.46059
 23710.1 3123.16 293.889 38.971 2.48736
 97696.5 1548.42 106.82 9.61585 1.35326
 6977.07 22252.3 223.534 14.9621 1.53393
 117543 797.169 1565.12 15.2208 1.12129
 64019.1 51764.8 239.23 458.149 4.77737
 84009.9 11539.4 5800.55 25.9722 50.1731
 70364 16097.6 1396.98 681.155 8.92665
 148597 15182.9 2230.54 187.988 92.7179
 7980.4 28580.7 1882.6 268.673 33.7583
 41117.9 1720.88 4102.26 263.106 42.2065
 39077 11941.3 341.956 795.323 59.1141
 8941.8 11328.2 2370.37 66.2305 165.271
 35546.1 2891.57 2510.71 512.636 49.9985
 33838.6 6393.39 352.318 298.243 66.7434
 5102.55 12137 1629.55 87.8542 90.906
 5575.69 3558.41 5982.95 785.643 86.0797
 39907 1163.21 470.648 767.791 111.687
F
 0.216974 0.291162 0.296498 0.296784 0.296799
 0.672476 0.90241 0.918947 0.919834 0.919881
 0.673807 0.904196 0.920766 0.921654 0.921701
 1.13679 1.52549 1.55344 1.55494 1.55502
 1.25283 1.68121 1.71201 1.71367 1.71375
 0.319772 0.429109 0.436973 0.437394 0.437417
 0.793346 1.06461 1.08412 1.08516 1.08522
 0.261374 0.350743 0.35717 0.357515 0.357533
 1.42286 1.90936 1.94435 1.94623 1.94633
 1.87228 2.51245 2.55849 2.56096 2.56109
 0.377643 0.506767 0.516054 0.516552 0.516578
 0.995024 1.33524 1.35971 1.36103 1.3611
 0.984189 1.3207 1.34491 1.34621 1.34627
 1.61804 2.17128 2.21107 2.21321 2.21332
 1.51018 2.02654 2.06368 2.06567 2.06578
 0.777012 1.04269 1.0618 1.06282 1.06288
 0.907162 1.21734 1.23965 1.24085 1.24091
 0.471145 0.63224 0.643826 0.644448 0.644481
 0.858433 1.15195 1.17306 1.17419 1.17425
 0.794761 1.06651 1.08605 1.0871 1.08715
 0.728172 0.977149 0.995056 0.996016 0.996067
 0.715848 0.960612 0.978215 0.979159 0.979209
 0.585059 0.785103 0.79949 0.800262 0.800303
 0.465575 0.624765 0.636214 0.636828 0.63686
 0.462502 0.620642 0.632015 0.632625 0.632657
 0.456358 0.612396 0.623618 0.624221 0.624252
 0.515148 0.691288 0.703956 0.704636 0.704671
 0.301099 0.404052 0.411456 0.411854 0.411875
 0.309021 0.414682 0.422281 0.422689 0.42271
 0.77882 1.04512 1.06427 1.0653 1.06535
 0.791775 1.0625 1.08197 1.08301 1.08307
YTP_r0W_actual
 331228 16401.2 12989.9 26258.4 4165.93
YTP_p0W_proyectada
 256119 121222 3297.37 1643.35 3466.95
 256119 116103 24854.7 564.747 289.248
CTP_r0_actual
 39907 1163.21 470.648 767.791 111.687
CTP_p0_proyectada
 34194.7 7735.94 142.558 55.9533 102.481
 34194.7 7409.25 1074.56 19.2287 8.55006
Wmedp
 7.49 15.67 23.13 29.37 33.83
Frms_r0
 0.791775 1.0625 1.08197 1.08301 1.08307
Zrms_r0
 1.79177 2.0625 2.08197 2.08301 2.08307
nmprior
 8.19 8.8 8.5 0
nm_flota  nm_reclas  nm_pelaces    nm_pelaL
inf 21.665 7.8596 14.5888
cv_recla  cv_pelaces  cv_mph
0.338518 0.508313 0.941097
 ------------------------------------------------
Talla a la edad & desviaci?n 
 8 13.2811 15.8009 17.003 17.5766
 0.8 1.32811 1.58009 1.7003 1.75766
