years
 1991 1992 1993 1994 1995 1996 1997 1998 1999 2000 2001 2002 2003 2004 2005 2006 2007 2008 2009 2010 2011 2012 2013 2014 2015 2016 2017 2018 2019 2020 2021
reclasobs
 0 0 0 0 0 0 0 0 0 252601 567819 844713 477998 351125 339783 2.1784e+06 2.13404e+06 4.81314e+06 1.55562e+06 2.62356e+06 3.21686e+06 3.843e+06 1.13348e+06 3.07943e+06 1.97215e+06 2.03268e+06 2.025e+06 2.42433e+06 2.27542e+06 1.05018e+06 2.36338e+06
reclaspred
 3.75646e+06 2.36417e+06 1.22912e+06 1.16828e+06 1.39864e+06 1.86739e+06 1.45228e+06 1.36787e+06 1.00675e+06 748347 601078 743908 767749 622691 699974 1.20717e+06 1.66807e+06 2.40071e+06 2.32176e+06 1.92662e+06 3.42108e+06 2.68021e+06 2.46694e+06 3.12754e+06 2.77682e+06 2.57807e+06 2.62072e+06 2.51656e+06 2.75646e+06 1.87887e+06 2.6255e+06
pelacesobs
 0 0 0 0 0 0 0 0 0 0 0 0 0 0 0 552880 188675 0 991730 2.46772e+06 1.41603e+06 1.21717e+06 2.29649e+06 1.80582e+06 0 1.4828e+06 1.56532e+06 1.57751e+06 1.42118e+06 867257 1.10002e+06
pelacespred
 1.68029e+06 1.20385e+06 654672 510614 628570 842678 668035 704763 542331 374593 324188 318690 350471 305460 362066 520786 703113 1.08194e+06 1.14098e+06 905278 1.42579e+06 1.33888e+06 1.17777e+06 1.591e+06 1.44539e+06 1.28472e+06 1.458e+06 1.44254e+06 1.27671e+06 979785 1.36003e+06
mphobs
 0 0 0 0 0 0 0 0 0 0 0 498337 0 5186 125008 0 168611 109162 213762 579715 649985 157893 87575 83554 0 0 0 0 0 0 0
mphpred
 3.30735e+06 2.5496e+06 1.35241e+06 808559 1.03591e+06 1.23881e+06 1.49056e+06 1.00859e+06 1.00663e+06 706289 468981 549845 589881 524757 407162 632386 1.27087e+06 1.37036e+06 1.91989e+06 1.68149e+06 1.93775e+06 2.47515e+06 2.11567e+06 1.87258e+06 2.64305e+06 2.11653e+06 1.88458e+06 1.94754e+06 2.4791e+06 1.78793e+06 1.33389e+06
desembarqueobs
 494567 514787 250237 358949 120608 361735 552515 73892 212993 205616 52469 317467 293654 387597 252695 516296 358380 742168 942051 627588 828172 859565 418607 520667 417249 300574 415391 372974 316634 284311 391294
desembarquepred
 494954 512172 251528 358959 120524 361629 552616 73915.2 213072 205559 52497.1 317605 294284 387905 252878 516704 358478 742318 943358 627554 828042 860332 419031 520670 417043 300347 415305 373074 316658 284129 391238
Reclutas
 249615 113666 144877 282785 240859 317224 135362 103905 63519.6 80028.5 131908 179689 153993 112677 154455 493055 164840 637034 548984 393097 591587 630598 197855 495909 375495 223463 414712 420176 156233 147749 580048
log_desv_Rt
 0.0598844 -0.72677 -0.484149 0.184651 0.0241763 0.299573 -0.55208 -0.816559 -1.30869 -1.07765 -0.577933 -0.268804 -0.42313 -0.735506 -0.42013 0.740585 -0.35506 0.996788 0.848034 0.514021 0.922773 0.986634 -0.172499 0.746358 0.468209 -0.0507875 0.56755 0.58064 -0.408689 -0.464519 0.903075
SSB
 3.30735e+06 2.5496e+06 1.35241e+06 808559 1.03591e+06 1.23881e+06 1.49056e+06 1.00859e+06 1.00663e+06 706289 468981 549845 589881 524757 407162 632386 1.27087e+06 1.37036e+06 1.91989e+06 1.68149e+06 1.93775e+06 2.47515e+06 2.11567e+06 1.87258e+06 2.64305e+06 2.11653e+06 1.88458e+06 1.94754e+06 2.4791e+06 1.78793e+06 1.33389e+06
BT
 4.55877e+06 3.42099e+06 1.86869e+06 1.8703e+06 1.83389e+06 2.8928e+06 2.20298e+06 2.15973e+06 1.67701e+06 1.22389e+06 1.01942e+06 1.24458e+06 1.33353e+06 1.38447e+06 1.53928e+06 2.27028e+06 2.21643e+06 4.29649e+06 4.42483e+06 3.1333e+06 5.25734e+06 4.62425e+06 3.55656e+06 5.8243e+06 4.22457e+06 3.86899e+06 5.12697e+06 4.94265e+06 3.42925e+06 2.87084e+06 5.19752e+06
Ftot
 0.125135 0.204207 0.19317 0.288411 0.082174 0.18329 0.353749 0.0516529 0.199823 0.25797 0.0833192 0.396776 0.357346 0.569942 0.338805 0.399656 0.202881 0.29055 0.378302 0.305034 0.228303 0.30065 0.160887 0.158022 0.142497 0.110835 0.15045 0.140865 0.109239 0.143445 0.141716
BD_Bspro_t
 0.980177 0.866626 0.735509 0.672396 0.709424 0.779434 0.756759 0.639741 0.720395 0.684105 0.652885 0.758352 0.658795 0.581783 0.505272 0.600886 0.669536 0.6736 0.691969 0.63119 0.619094 0.668964 0.667026 0.680557 0.771349 0.773615 0.79006 0.809307 0.834446 0.789197 0.762796
BD_Bspro
 1.96805 1.51715 0.804758 0.481137 0.616424 0.737158 0.886962 0.600168 0.598998 0.420281 0.279069 0.327188 0.351012 0.312259 0.242284 0.376304 0.756236 0.815438 1.14244 1.00058 1.15307 1.47285 1.25894 1.11429 1.57276 1.25945 1.12143 1.1589 1.4752 1.06392 0.793736
BD_Bo
 1.50133 1.15736 0.613909 0.367035 0.470238 0.56234 0.676618 0.457838 0.456945 0.320611 0.212888 0.249595 0.267769 0.238206 0.184826 0.287064 0.576894 0.622056 0.871507 0.763291 0.879616 1.12356 0.960379 0.850032 1.19978 0.960773 0.855479 0.884062 1.12536 0.811608 0.605501
BD_Brms
 6.3731 4.91297 2.60603 1.55806 1.99615 2.38712 2.87223 1.94351 1.93972 1.36099 0.903705 1.05952 1.13667 1.01118 0.784583 1.21858 2.4489 2.64061 3.69953 3.24015 3.73395 4.76949 4.07679 3.60837 5.09304 4.07846 3.63149 3.75282 4.77711 3.44526 2.57034
Sel_flota
 0.5 1 1 1 1
 0.5 1 1 1 1
 0.5 1 1 1 1
 0.5 1 1 1 1
 0.5 1 1 1 1
 0.5 1 1 1 1
 0.5 1 1 1 1
 0.5 1 1 1 1
 0.5 1 1 1 1
 0.5 1 1 1 1
 0.5 1 1 1 1
 0.5 1 1 1 1
 0.5 1 1 1 1
 0.5 1 1 1 1
 0.5 1 1 1 1
 0.5 1 1 1 1
 0.5 1 1 1 1
 0.5 1 1 1 1
 0.5 1 1 1 1
 0.5 1 1 1 1
 0.5 1 1 1 1
 0.5 1 1 1 1
 0.5 1 1 1 1
 0.5 1 1 1 1
 0.5 1 1 1 1
 0.5 1 1 1 1
 0.5 1 1 1 1
 0.5 1 1 1 1
 0.5 1 1 1 1
 0.5 1 1 1 1
 0.5 1 1 1 1
Sel_reclas
 0.5 1 1 1 1
 0.5 1 1 1 1
 0.5 1 1 1 1
 0.5 1 1 1 1
 0.5 1 1 1 1
 0.5 1 1 1 1
 0.5 1 1 1 1
 0.5 1 1 1 1
 0.5 1 1 1 1
 0.5 1 1 1 1
 0.5 1 1 1 1
 0.5 1 1 1 1
 0.5 1 1 1 1
 0.5 1 1 1 1
 0.5 1 1 1 1
 0.5 1 1 1 1
 0.5 1 1 1 1
 0.5 1 1 1 1
 0.5 1 1 1 1
 0.5 1 1 1 1
 0.5 1 1 1 1
 0.5 1 1 1 1
 0.5 1 1 1 1
 0.5 1 1 1 1
 0.5 1 1 1 1
 0.5 1 1 1 1
 0.5 1 1 1 1
 0.5 1 1 1 1
 0.5 1 1 1 1
 0.5 1 1 1 1
 0.5 1 1 1 1
Sel_pelaces
 0.5 1 1 1 1
 0.5 1 1 1 1
 0.5 1 1 1 1
 0.5 1 1 1 1
 0.5 1 1 1 1
 0.5 1 1 1 1
 0.5 1 1 1 1
 0.5 1 1 1 1
 0.5 1 1 1 1
 0.5 1 1 1 1
 0.5 1 1 1 1
 0.5 1 1 1 1
 0.5 1 1 1 1
 0.5 1 1 1 1
 0.5 1 1 1 1
 0.5 1 1 1 1
 0.5 1 1 1 1
 0.5 1 1 1 1
 0.5 1 1 1 1
 0.5 1 1 1 1
 0.5 1 1 1 1
 0.5 1 1 1 1
 0.5 1 1 1 1
 0.5 1 1 1 1
 0.5 1 1 1 1
 0.5 1 1 1 1
 0.5 1 1 1 1
 0.5 1 1 1 1
 0.5 1 1 1 1
 0.5 1 1 1 1
 0.5 1 1 1 1
pf_obs 
 0.8446 0.082 0.0669 0.0065 0
 0.8095 0.147 0.0364 0.0071 0
 0.9664 0.0169 0.016 0.0007 0
 0.9276 0.0648 0.0075 0.0001 0
 0.7033 0.2144 0.0806 0.0017 0
 0.9318 0.0425 0.0243 0.0014 0
 0.5671 0.3108 0.0964 0.0239 0.0018
 0.0768 0.2599 0.5324 0.112 0.0189
 0.490249 0.384438 0.106611 0.0170017 0.00170017
 0.7925 0.1577 0.0466 0.003 0.0002
 0.840416 0.127587 0.0312969 0.00059994 9.999e-05
 0.8084 0.0986 0.0794 0.0134 0.0002
 0.7335 0.1905 0.0724 0.0035 0.0001
 0.4001 0.4547 0.1325 0.0127 0
 0.49795 0.308269 0.164784 0.0264974 0.00249975
 0.9179 0.0499 0.0305 0.0017 0
 0.2467 0.6533 0.0926 0.0074 0
 0.9418 0.0223 0.034 0.0019 0
 0.707729 0.231977 0.0356964 0.0245975 0
 0.517169 0.277429 0.184464 0.0207286 0.00020938
 0.811772 0.124168 0.05621 0.00726502 0.000585176
 0.764997 0.148141 0.077277 0.00933861 0.000247198
 0.163321 0.427699 0.378323 0.0303852 0.000271297
 0.753843 0.0900009 0.118128 0.0371064 0.000921714
 0.721811 0.176058 0.0630433 0.0369309 0.00215725
 0.143369 0.312575 0.442814 0.0836902 0.0175525
 0.692698 0.0596174 0.167031 0.0765114 0.00414204
 0.394062 0.376323 0.152708 0.0712218 0.00568511
 0.125707 0.32114 0.495352 0.0537591 0.00404204
 0.23352 0.215282 0.420074 0.123614 0.00750983
 0.774587 0.0839891 0.0768558 0.0609784 0.00358967
pf_pred 
 0.319296 0.387402 0.292008 1.88029e-06 0.00129237
 0.253031 0.368446 0.215425 0.162379 0.000719704
 0.455096 0.228071 0.156279 0.091374 0.0691794
 0.664181 0.214537 0.0507632 0.0347839 0.0357353
 0.524732 0.385804 0.0571534 0.0135235 0.0187866
 0.573114 0.296021 0.106231 0.0157371 0.00889655
 0.335143 0.491491 0.120219 0.0431421 0.0100041
 0.399522 0.317445 0.209231 0.0511779 0.0226246
 0.337853 0.380495 0.148896 0.0981389 0.0346168
 0.508903 0.255315 0.135489 0.0530199 0.0472725
 0.641862 0.247549 0.0574938 0.0305104 0.0225846
 0.621326 0.297642 0.0560099 0.0130084 0.0120131
 0.545535 0.357775 0.0759997 0.0143015 0.00638898
 0.491282 0.370248 0.10901 0.0231562 0.00630414
 0.648813 0.244814 0.0774188 0.0227939 0.00616015
 0.817152 0.146936 0.0250343 0.00791673 0.0029608
 0.344727 0.596172 0.0474931 0.00809166 0.00351587
 0.764813 0.124119 0.10105 0.00805002 0.00196746
 0.56129 0.384516 0.0286004 0.0232848 0.0023083
 0.480995 0.384846 0.117586 0.0087461 0.00782644
 0.625734 0.250791 0.0915574 0.0279745 0.00394272
 0.574112 0.332878 0.0623246 0.0227531 0.00793181
 0.276684 0.540216 0.143113 0.0267949 0.0131922
 0.629279 0.165031 0.153622 0.0406972 0.0113712
 0.47232 0.411891 0.0515446 0.0479814 0.0162627
 0.366558 0.412506 0.172456 0.0215813 0.0268985
 0.599558 0.218068 0.118764 0.0496515 0.0139578
 0.53664 0.351182 0.0610886 0.03327 0.0178192
 0.281691 0.507947 0.159434 0.0277337 0.0231941
 0.384835 0.275283 0.240345 0.0754393 0.0240975
 0.769664 0.13042 0.0447122 0.0390375 0.016167
pobs_RECLAS
 0 0 0 0 0
 0 0 0 0 0
 0 0 0 0 0
 0 0 0 0 0
 0 0 0 0 0
 0 0 0 0 0
 0 0 0 0 0
 0 0 0 0 0
 0 0 0 0 0
 0 0 0 0 0
 0.991045 0.00858322 0.000360255 1.14367e-05 0
 0.934742 0.0480273 0.0164251 0.00080598 0
 0.827803 0.169806 0.00239088 0 0
 0.941827 0.0461693 0.0120037 0 0
 0.791401 0.0380133 0.147996 0.0225897 0
 0.846168 0.0940531 0.0597789 0 0
 0.134021 0.677848 0.182769 0.00536245 0
 0.80878 0.0450904 0.141981 0.00414843 0
 0.846168 0.0940531 0.0597789 0 0
 0.905697 0.0802665 0.012482 0.00150086 5.37128e-05
 0.989698 0.0102097 9.19794e-05 0 0
 0.975433 0.0193895 0.00387452 0.00125025 5.28907e-05
 0.303575 0.632131 0.0575291 0.00676475 0
 0.966965 0.00978017 0.0227588 0.000495775 0
 0.843318 0.132988 0.00938335 0.0141283 0.000182051
 0.564624 0.303363 0.111486 0.0197234 0.00080311
 0.826376 0.0876187 0.0782897 0.00655872 0.00115652
 0.89761 0.0855135 0.0140674 0.00269457 0.000114338
 0.34875 0.467042 0.161289 0.0227151 0.000203297
 0.318654 0.224769 0.449479 0.00709798 0
 0.937255 0.0296025 0.0250945 0.00804832 0
ppred_RECLAS
 0.320513 0.386709 0.291486 1.87693e-06 0.00129006
 0.25485 0.367549 0.2149 0.161983 0.000717951
 0.457334 0.227135 0.155637 0.0909988 0.0688953
 0.667356 0.212509 0.0502833 0.0344551 0.0353975
 0.525622 0.385082 0.0570464 0.0134982 0.0187514
 0.575194 0.294579 0.105713 0.0156605 0.00885322
 0.339204 0.48849 0.119485 0.0428786 0.00994305
 0.400049 0.317166 0.209047 0.051133 0.0226048
 0.339952 0.379289 0.148424 0.0978278 0.0345071
 0.512035 0.253687 0.134625 0.0526818 0.046971
 0.642694 0.246974 0.0573602 0.0304395 0.0225321
 0.626224 0.293792 0.0552855 0.0128402 0.0118578
 0.55009 0.354189 0.0752378 0.0141582 0.00632494
 0.499479 0.364282 0.107253 0.0227831 0.00620257
 0.652735 0.24208 0.0765543 0.0225394 0.00609136
 0.820277 0.144425 0.0246064 0.00778143 0.0029102
 0.346884 0.59421 0.0473368 0.00806504 0.0035043
 0.767392 0.122758 0.0999425 0.00796175 0.00194589
 0.566134 0.38027 0.0282846 0.0230276 0.00228281
 0.4848 0.382025 0.116724 0.00868199 0.00776906
 0.628282 0.249084 0.0909342 0.0277841 0.00391588
 0.577771 0.330019 0.0617892 0.0225576 0.00786368
 0.278159 0.539114 0.142821 0.0267403 0.0131653
 0.630961 0.164282 0.152925 0.0405126 0.0113196
 0.473926 0.410638 0.0513878 0.0478353 0.0162132
 0.367698 0.411764 0.172145 0.0215425 0.0268501
 0.601198 0.217175 0.118278 0.0494482 0.0139006
 0.538222 0.349984 0.0608801 0.0331565 0.0177584
 0.28267 0.507255 0.159217 0.027696 0.0231625
 0.386372 0.274595 0.239745 0.0752508 0.0240373
 0.770797 0.129778 0.0444922 0.0388454 0.0160875
pobs_PELACES
 0 0 0 0 0
 0 0 0 0 0
 0 0 0 0 0
 0 0 0 0 0
 0 0 0 0 0
 0 0 0 0 0
 0 0 0 0 0
 0 0 0 0 0
 0 0 0 0 0
 0 0 0 0 0
 0 0 0 0 0
 0 0 0 0 0
 0 0 0 0 0
 0 0 0 0 0
 0 0 0 0 0
 0 0 0 0 0
 0.505614 0.472636 0.0217494 0 0
 0 0 0 0 0
 0.443492 0.261883 0.143347 0.151278 0
 0.227955 0.32914 0.350689 0.0885471 0.00366901
 0.970185 0.0296113 0.000203453 0 0
 0.997202 0.00247181 0.000326279 0 0
 0.445219 0.490057 0.0546422 0.010081 0
 0.90214 0.0892962 0.00764917 0.000914606 0
 0 0 0 0 0
 0.581667 0.319106 0.0959925 0.00289975 0.000334073
 0.762889 0.0836404 0.116647 0.0363945 0.000428098
 0.88444 0.0763242 0.0277011 0.0115352 0
 0.521256 0.241999 0.230069 0.00667565 0
 0.616807 0.101726 0.260614 0.0208532 0
 0.833518 0.0704572 0.0857862 0.0102388 0
ppred_PELACES
 0.325026 0.38414 0.28955 1.86446e-06 0.00128149
 0.261301 0.364367 0.21304 0.160581 0.000711735
 0.465254 0.22382 0.153366 0.0896706 0.0678898
 0.677834 0.205814 0.0486993 0.0333697 0.0342824
 0.529002 0.382338 0.05664 0.013402 0.0186178
 0.582566 0.289467 0.103879 0.0153887 0.00869957
 0.352407 0.478729 0.117097 0.0420218 0.00974438
 0.402096 0.316084 0.208334 0.0509585 0.0225276
 0.347389 0.375015 0.146752 0.0967256 0.0341183
 0.522663 0.248162 0.131693 0.0515344 0.0459479
 0.645845 0.244796 0.0568544 0.0301711 0.0223334
 0.641417 0.281851 0.0530383 0.0123182 0.0113758
 0.564636 0.342738 0.0728054 0.0137004 0.00612046
 0.522973 0.347183 0.102219 0.0217137 0.00591142
 0.665296 0.233324 0.0737853 0.0217241 0.00587103
 0.829794 0.136777 0.0233034 0.00736937 0.00275609
 0.354506 0.587275 0.0467844 0.00797091 0.0034634
 0.775839 0.1183 0.0963129 0.00767261 0.00187522
 0.581398 0.366892 0.0272895 0.0222175 0.0022025
 0.497378 0.372698 0.113875 0.00847003 0.00757939
 0.637036 0.243218 0.0887926 0.0271298 0.00382365
 0.589823 0.320598 0.0600254 0.0219137 0.00763921
 0.283521 0.53511 0.14176 0.0265417 0.0130675
 0.637011 0.161589 0.150418 0.0398484 0.011134
 0.479791 0.406059 0.0508148 0.047302 0.0160325
 0.37196 0.408988 0.170985 0.0213973 0.0266691
 0.607135 0.213942 0.116517 0.0487121 0.0136937
 0.543993 0.345609 0.0601192 0.0327421 0.0175364
 0.286339 0.50466 0.158402 0.0275543 0.023044
 0.391999 0.272077 0.237546 0.0745608 0.0238169
 0.774902 0.127454 0.0436954 0.0381497 0.0157994
pobs_pel_tallas
 0 0 0 0 0 0 0 0 0 0 0 0 0 0 0 0 0 0 0 0 0 0 0 0 0 0
 0 0 0 0 0 0 0 0 0 0 0 0 0 0 0 0 0 0 0 0 0 0 0 0 0 0
 0 0 0 0 0 0 0 0 0 0 0 0 0 0 0 0 0 0 0 0 0 0 0 0 0 0
 0 0 0 0 0 0 0 0 0 0 0 0 0 0 0 0 0 0 0 0 0 0 0 0 0 0
 0 0 0 0 0 0 0 0 0 0 0 0 0 0 0 0 0 0 0 0 0 0 0 0 0 0
 0 0 0 0 0 0 0 0 0 0 0 0 0 0 0 0 0 0 0 0 0 0 0 0 0 0
 0 0 0 0 0 0 0 0 0 0 0 0 0 0 0 0 0 0 0 0 0 0 0 0 0 0
 0 0 0 0 0 0 0 0 0 0 0 0 0 0 0 0 0 0 0 0 0 0 0 0 0 0
 0 0 0 0 0 0 0 0 0 0 0 0 0 0 0 0 0 0 0 0 0 0 0 0 0 0
 0 0 0 0 0 0 0 0 0 0 0 0 0 0 0 0 0 0 0 0 0 0 0 0 0 0
 0 0 0 0 0 0 0 0 0 0 0 0 0 0 0 0 0 0 0 0 0 0 0 0 0 0
 0 0 0 0 0 0 0 0 0 0 0 0 0 0 0 0 0 0 0 0 0 0 0 0 0 0
 0.00862536 0 0 0.000197151 0.00414017 0.0128641 0.00837892 0.0270097 0.101434 0.158115 0.152841 0.127902 0.109271 0.109419 0.0830992 0.0579132 0.0238553 0.00714673 0.00463305 0.00128148 0.00103504 0.000492878 0.000147863 0.000147863 4.92878e-05 0
 0 0 0 0 0 0 0 0 0 0 0 0 0 0 0 0 0 0 0 0 0 0 0 0 0 0
 0 0 0 0 0 0 0 0.0054083 0.00873648 0.0413646 0.0450493 0.0745869 0.0622846 0.0627006 0.0613931 0.0827291 0.12552 0.122667 0.0946155 0.0697135 0.0546179 0.0294188 0.0215738 0.0213955 0.0102223 0.00600262
 0 0 0 0 0.00359764 0.0251062 0.0480494 0.140153 0.205849 0.193036 0.1447 0.116669 0.0760912 0.0342217 0.00950174 0.001854 0.000860785 0 0 0 0.000165536 0 0.000143464 0 0 0
 0 0 0 0 0 0 0 0.000145254 0.000435761 0.0275982 0.070085 0.0708112 0.156366 0.174668 0.174014 0.160142 0.0824315 0.0480064 0.0283245 0.00493863 0.00203355 0 0 0 0 0
 0 0 0 0 0 0 0 0 0 0 0 0 0 0 0 0 0 0 0 0 0 0 0 0 0 0
 0 0 1.00437e-05 0.000401748 0.00122533 0.00171747 0.00176769 0.0269171 0.070346 0.194647 0.189555 0.159765 0.064822 0.0314167 0.0384472 0.0292271 0.0345202 0.0313363 0.0194345 0.0106764 0.0143323 0.0359363 0.0279516 0.0138201 0.00172751 0
 0 0.0021121 0.0136068 0.0755702 0.200478 0.177729 0.0527432 0.0373336 0.0318909 0.0142505 0.0149659 0.0166563 0.0217959 0.0798694 0.0677717 0.0528807 0.04013 0.0224614 0.0357745 0.0225083 0.00881397 0.00855152 0.00135912 0.000746735 0 0
 0 0 0 0 5.4009e-05 0.00500934 0.000945158 0.0243581 0.138947 0.33067 0.221406 0.137944 0.0707744 0.0437923 0.0131692 0.00525238 0.0047753 0.00276346 9.45158e-05 9.00151e-06 2.25038e-05 9.00151e-06 4.50075e-06 0 0 0
 0.000866109 0.00284123 0.00948549 0.0512746 0.133035 0.25785 0.225252 0.132002 0.0553304 0.0519788 0.0540692 0.017754 0.00435017 0.00159236 0.00146478 0.000404838 0.000125132 0.000115318 0.000107957 0.000100596 0 0 0 0 0 0
 0 0 0 0 0.00144013 0.00171154 0.00461396 0.0210425 0.0478622 0.0707936 0.0888783 0.103762 0.0637923 0.0337046 0.0602308 0.124433 0.169614 0.0934646 0.0462172 0.0250306 0.0313229 0.00938855 0.002487 0.000210481 0 0
 0 0.00764035 0.051015 0.0998891 0.058973 0.0496711 0.0374665 0.0718981 0.12319 0.153886 0.159021 0.0857701 0.0377988 0.023471 0.0147837 0.00900784 0.00315554 0.000888139 0.00291439 0.00214683 0.00393193 0.00274676 0.000635225 9.99891e-05 0 0
 0 0 0 0 0 0 0 0 0 0 0 0 0 0 0 0 0 0 0 0 0 0 0 0 0 0
 0 0 0 0 0 0 0 0 0 0 0 0 0 0 0 0 0 0 0 0 0 0 0 0 0 0
 0 0 0 0 0 0 0 0 0 0 0 0 0 0 0 0 0 0 0 0 0 0 0 0 0 0
 0 0 0 0 0 0 0 0 0 0 0 0 0 0 0 0 0 0 0 0 0 0 0 0 0 0
 0 0 0 0 0 0 0 0 0 0 0 0 0 0 0 0 0 0 0 0 0 0 0 0 0 0
 0 0 0 0 0 0 0 0 0 0 0 0 0 0 0 0 0 0 0 0 0 0 0 0 0 0
 0 0 0 0 0 0 0 0 0 0 0 0 0 0 0 0 0 0 0 0 0 0 0 0 0 0
ppred_pel_tallas
 1.08672e-16 2.67721e-05 0.000260234 0.00172935 0.00786139 0.0244599 0.0521158 0.0760723 0.0761097 0.0522986 0.0250748 0.009642 0.00621593 0.0101105 0.0188976 0.0316225 0.0465286 0.0605281 0.0703883 0.07445 0.0733647 0.0691961 0.0637384 0.057536 0.0502255 0.0415469
 1.22466e-16 2.15231e-05 0.000209212 0.00139029 0.00632007 0.0196643 0.0418981 0.061159 0.0611944 0.0420714 0.0202468 0.00800657 0.00563889 0.00953511 0.0178855 0.0299394 0.0440931 0.0575208 0.0673643 0.0723837 0.073604 0.0733023 0.073177 0.0732208 0.0720437 0.06811
 1.24965e-16 3.83224e-05 0.000372508 0.00247545 0.011253 0.0350125 0.0745986 0.108883 0.108905 0.0747052 0.0353712 0.0122924 0.00509609 0.00613301 0.011097 0.0186019 0.0275543 0.0362987 0.0432071 0.047654 0.0503692 0.052762 0.055747 0.05903 0.0613297 0.0612123
 1.10607e-16 5.58324e-05 0.00054271 0.0036065 0.0163946 0.0510099 0.108683 0.15863 0.15865 0.10878 0.0513364 0.0173382 0.00597734 0.00572682 0.00992748 0.0163951 0.0237881 0.0303063 0.0341774 0.0346516 0.0324663 0.0293268 0.0268101 0.0255429 0.0251417 0.0247355
 1.06227e-16 4.35732e-05 0.000423548 0.00281462 0.0127949 0.0398099 0.0848205 0.123806 0.123843 0.0850006 0.0404146 0.0145417 0.00719987 0.009998 0.0182317 0.030084 0.0433642 0.054603 0.0602961 0.0588428 0.051501 0.0415222 0.0321857 0.0252596 0.0207785 0.0178212
 1.06088e-16 4.79853e-05 0.000466434 0.00309962 0.0140904 0.0438407 0.0934083 0.136338 0.136366 0.0935452 0.0443006 0.0154199 0.00644159 0.00777806 0.0139812 0.023161 0.0336468 0.0429117 0.048392 0.0488788 0.0451764 0.0394301 0.0337068 0.0289763 0.0250996 0.0214965
 1.09365e-16 2.90274e-05 0.000282157 0.00187503 0.00852365 0.0265205 0.0565064 0.0824825 0.0825287 0.0567324 0.0272793 0.0107166 0.00738389 0.0123224 0.0229383 0.0379882 0.054987 0.0697138 0.0778742 0.07749 0.0700353 0.059326 0.0490991 0.0412012 0.0354517 0.0307126
 1.15016e-16 3.31202e-05 0.00032194 0.00213941 0.00972546 0.0302597 0.0644726 0.094106 0.0941368 0.0646229 0.0307652 0.011189 0.00582637 0.00841469 0.0155325 0.0259669 0.038204 0.0497302 0.0579717 0.0617176 0.0617115 0.0598448 0.0576603 0.0554337 0.0524218 0.0477919
 1.19805e-16 2.8614e-05 0.000278139 0.00184833 0.00840226 0.0261428 0.0557012 0.0813052 0.0813415 0.0558788 0.0267396 0.0101285 0.0061907 0.00978875 0.0181842 0.0302663 0.044196 0.0568737 0.0651792 0.0677619 0.0658178 0.0621124 0.0590458 0.0573095 0.055965 0.0535135
 1.16808e-16 4.30511e-05 0.000418472 0.0027809 0.0126416 0.0393328 0.0838035 0.122319 0.122343 0.0839213 0.0397288 0.0137878 0.00566684 0.00674773 0.0121504 0.0202501 0.0297182 0.038555 0.044761 0.0474718 0.0474352 0.0463494 0.0456053 0.0454552 0.0451299 0.0435843
 1.08509e-16 5.31975e-05 0.000517098 0.0034363 0.0156209 0.0486027 0.103554 0.151145 0.151169 0.10367 0.0489907 0.0167425 0.00625391 0.00667616 0.0117751 0.0194493 0.0281747 0.0357866 0.0401278 0.040244 0.0369536 0.0322557 0.028058 0.0252213 0.0234835 0.0220399
 1.04764e-16 5.28327e-05 0.000513553 0.00341274 0.0155138 0.0482695 0.102844 0.15011 0.150137 0.102977 0.0487157 0.0168029 0.00664955 0.00758342 0.0134913 0.0222509 0.0321208 0.0405485 0.0449664 0.0441952 0.0391337 0.032118 0.0254849 0.0204655 0.0170526 0.0145898
 1.04599e-16 4.65084e-05 0.000452078 0.00300422 0.0136568 0.0424914 0.0905337 0.132143 0.132177 0.0906953 0.0430342 0.015225 0.00694269 0.00905605 0.0164053 0.0270955 0.0391391 0.0494511 0.0549076 0.0540547 0.0479446 0.0393621 0.0310973 0.0246298 0.0199882 0.0164667
 1.06217e-16 4.30766e-05 0.00041872 0.00278255 0.0126491 0.0393561 0.0838536 0.122394 0.122427 0.0840176 0.0399069 0.0142411 0.00678296 0.00916552 0.0166956 0.0276395 0.0400607 0.0508988 0.0570454 0.0570458 0.0519112 0.0443192 0.0368883 0.0309083 0.0262763 0.0222724
 1.05362e-16 5.47996e-05 0.000532671 0.00353979 0.0160914 0.0500664 0.106673 0.155696 0.155719 0.106783 0.0504368 0.0171621 0.00623084 0.00641849 0.0112662 0.0186257 0.0270307 0.0344247 0.0387409 0.0390213 0.0359501 0.0313051 0.0267941 0.023209 0.0204013 0.0178268
 1.01913e-16 6.83491e-05 0.000664377 0.00441502 0.0200701 0.0624455 0.133047 0.194189 0.194202 0.133112 0.0626619 0.0206953 0.0059849 0.00409269 0.00658311 0.010785 0.0155535 0.01961 0.0217005 0.021249 0.0186928 0.0151728 0.0118356 0.00929376 0.00755756 0.00631834
 1.02886e-16 2.92003e-05 0.000283837 0.0018862 0.00857444 0.0266786 0.0568436 0.0829767 0.0830332 0.0571198 0.027606 0.0112523 0.00860511 0.0149414 0.0278374 0.0458979 0.0659341 0.0825318 0.0901858 0.0863505 0.0729697 0.0551929 0.0383557 0.0255559 0.0172102 0.0121477
 1.03897e-16 6.39049e-05 0.000621178 0.00412795 0.0187651 0.0583851 0.124396 0.181562 0.181574 0.124452 0.0585748 0.0193145 0.00551298 0.00366441 0.00590115 0.0098045 0.0144656 0.0189136 0.0221768 0.0237642 0.023876 0.023115 0.0219669 0.0205108 0.0185484 0.0159429
 1.03483e-16 4.78891e-05 0.000465499 0.00309341 0.0140622 0.0437529 0.0932215 0.136067 0.136102 0.0933941 0.0443324 0.0157354 0.00729186 0.00962552 0.0174293 0.0286995 0.0412494 0.0516921 0.056616 0.054467 0.0464923 0.0359201 0.0260525 0.0187408 0.0141204 0.0113288
 1.05514e-16 4.09684e-05 0.000398228 0.00264636 0.01203 0.03743 0.0797499 0.116405 0.116441 0.079926 0.0380213 0.0137391 0.00694093 0.00978807 0.017917 0.0296674 0.0429918 0.0545984 0.0611313 0.0610004 0.0552605 0.0467662 0.0383389 0.0314172 0.0259834 0.0213708
 1.05993e-16 5.24719e-05 0.000510045 0.00338943 0.0154079 0.0479397 0.102142 0.149083 0.149107 0.102257 0.0483262 0.0165254 0.00619912 0.00665846 0.0117732 0.0194953 0.0283486 0.036218 0.0409712 0.0416149 0.0388358 0.0344235 0.0300685 0.0265093 0.0235407 0.0206037
 1.05305e-16 4.8583e-05 0.000472244 0.00313823 0.014266 0.0443869 0.0945721 0.138037 0.138068 0.0947232 0.0448944 0.0157323 0.00682037 0.00851509 0.0153374 0.0253164 0.036554 0.0461599 0.0512198 0.0503969 0.0447141 0.0368209 0.0293575 0.0236986 0.0198117 0.016938
 1.09101e-16 2.33533e-05 0.000227003 0.00150852 0.00685753 0.0213366 0.0454618 0.0663636 0.0664153 0.0457143 0.022185 0.00930941 0.00766825 0.0136909 0.0256443 0.0424902 0.061515 0.0780029 0.0871361 0.0866657 0.078186 0.06591 0.0539955 0.0445486 0.0374789 0.0316652
 1.10263e-16 5.24698e-05 0.000510025 0.0033893 0.0154073 0.0479378 0.102137 0.149075 0.149091 0.102214 0.0481977 0.0161608 0.00529106 0.00469589 0.00810323 0.0135784 0.0201779 0.0266851 0.031872 0.0351507 0.0368198 0.0376257 0.0380318 0.0378478 0.0364763 0.0334712
 1.09028e-16 3.95199e-05 0.000384147 0.00255279 0.0116047 0.0361066 0.0769304 0.11229 0.112329 0.0771216 0.0367488 0.0134597 0.00720965 0.0105518 0.0193558 0.0319548 0.046079 0.0580722 0.0642547 0.0629872 0.0556725 0.0458064 0.0368486 0.0305609 0.0267795 0.0242987
 1.11698e-16 3.0638e-05 0.000297812 0.00197907 0.00899658 0.0279919 0.0596412 0.0870563 0.0870959 0.0598348 0.0286425 0.0108779 0.00671032 0.0106555 0.0197878 0.0328902 0.0479042 0.0613476 0.0696591 0.071165 0.0669797 0.0600391 0.0531037 0.0473601 0.0424578 0.0374952
 1.1062e-16 5.00089e-05 0.000486105 0.00323034 0.0146847 0.0456895 0.0973471 0.142085 0.142106 0.0974487 0.046031 0.0156729 0.00571838 0.00594248 0.0104865 0.0174524 0.0255981 0.0331731 0.0384217 0.0405488 0.0401348 0.0385812 0.0370576 0.0358203 0.0343336 0.0318991
 1.08075e-16 4.4808e-05 0.00043555 0.00289439 0.0131575 0.040938 0.0872239 0.127313 0.127346 0.0873868 0.0414851 0.0147381 0.0068635 0.00910533 0.0165261 0.0272931 0.0394186 0.0498065 0.0553413 0.0546221 0.0488004 0.0407735 0.0333937 0.0280914 0.0247143 0.022287
 1.11364e-16 2.35855e-05 0.000229259 0.00152351 0.00692569 0.0215486 0.0459135 0.0670223 0.0670711 0.0461519 0.0223496 0.00924107 0.00734236 0.0129548 0.0242593 0.0402453 0.058388 0.0742981 0.0834906 0.0838763 0.0769313 0.0665247 0.0564074 0.0483747 0.0421876 0.0367194
 1.18433e-16 3.22885e-05 0.000313855 0.00208568 0.00948122 0.0294997 0.0628533 0.0917418 0.0917683 0.0629832 0.029937 0.0107485 0.00528317 0.0073488 0.0135547 0.022783 0.0338186 0.0446452 0.0531972 0.0585114 0.0611525 0.0624658 0.0633165 0.0634188 0.0617197 0.0573399
 1.07794e-16 6.38277e-05 0.000620428 0.00412296 0.0187424 0.0583146 0.124246 0.181343 0.181355 0.124306 0.0585173 0.0193286 0.00559729 0.00384864 0.00622414 0.010268 0.0149778 0.0192572 0.0220502 0.0229179 0.0223004 0.0211767 0.0203898 0.0201688 0.0201439 0.0197188
pSPR Fmed_Fpbrs
0.731112   0.285572 0.285572
Fs Fmed_Fpbrs
0.198208   1.005 1.005
SSBpbr Bo_Bmed_Bpbrs
2.20295e+06  1.50045e+06  518954 518954
Ro
235106
SPR SPRFo_SPRFmed_SPRFpbrs
1.68052e+06 1.22865e+06 479909
Fref
1.005
Nvult_r0
 381257 34439.4 11807 10308.5 4269.16
CTP_r0
 25227.5 4274.8 1465.54 1279.54 529.911
YTP_r0
391238
Np
 331125 198791 16152.5 5537.62 6378.42
Nvult_p0
 257426 172021 13977.4 4791.92 5519.5
CTP_p0
 86094.1 86225.2 7006.15 2401.94 2766.63
YTP_p0
 2.3661e+06
CBA_c0
983698
log_Ro
12.1878
likeval ReclasPelacesDesembMPH_pf_preclas_ppelaces_ptallas_desvR_qrecl_qpela
 26.6061 18.5303 0.33014 0.00338663 252.417 138.651 105.803 0 18.3078 0 0 1.55186 0 0 0
q_reclas_q_pelaces
1 1
M
1
N
 249615 155369 117111 0.754099 518.313
 113666 86258.8 50434.2 38015.3 168.494
 144877 37756.6 25871.6 15126.7 11452.5
 282785 48390.4 11450 7845.77 8060.36
 240859 90060.4 13341.6 3156.87 4385.46
 317224 85040.2 30517.7 4520.92 2555.78
 135362 106481 26045.2 9346.63 2167.38
 103905 41724.2 27500.8 6726.7 2973.73
 63519.6 37249.9 14576.7 9607.66 3388.94
 80028.5 21145.7 11221.4 4391.21 3915.19
 131908 25878.1 6010.25 3189.48 2360.93
 179689 46546.1 8758.98 2034.29 1878.65
 153993 54208.7 11515.2 2166.91 968.034
 112677 47381.5 13950.2 2963.35 806.756
 154455 31173.2 9858.06 2902.45 784.397
 493055 47966.5 8172.32 2584.38 966.538
 164840 148531 11832.5 2015.96 875.946
 637034 54791.4 44607.9 3553.62 868.52
 548984 202664 15074.2 12272.5 1216.62
 393097 167154 51072.5 3798.79 3399.34
 591587 124156 45326.1 13849 1951.87
 630598 194155 36351.5 13271 4626.32
 197855 199606 52879 9900.52 4874.42
 495909 67161 62518.2 16562.2 4627.63
 375495 168575 21095.7 19637.4 6655.86
 223463 128637 53779.1 6729.99 8388.11
 414712 77775.8 42358.2 17708.6 4978.15
 420176 141508 24615.6 13406.1 7180.23
 156233 144062 45218 7865.73 6578.21
 147749 54419.7 47512.9 14913.3 4763.75
 580048 50592 17344.6 15143.3 6271.46
pred_Ctot
 9618.97 11670.7 8796.89 0.0566446 38.9334
 7032.56 10240.3 5987.38 4513.05 20.003
 8498.37 4258.95 2918.32 1706.3 1291.84
 24289.2 7845.65 1856.42 1272.05 1306.85
 6149.46 4521.33 669.794 158.485 220.164
 17692.2 9138.26 3279.37 485.81 274.639
 14073 20638.2 5048.13 1811.58 420.085
 1678.12 1333.37 878.835 214.964 95.0307
 3849.06 4334.87 1696.33 1118.07 394.38
 6186.62 3103.81 1647.11 644.551 574.68
 3413.91 1316.65 305.795 162.277 120.122
 20772.8 9951.08 1872.58 434.911 401.636
 16161 10598.8 2251.43 423.67 189.268
 18075.4 13622.3 4010.72 851.969 231.944
 15426.2 5820.71 1840.72 541.95 146.464
 57379.4 10317.7 1757.88 555.903 207.904
 10135.3 17527.9 1396.33 237.901 103.369
 55098.7 8941.8 7279.88 579.94 141.74
 60735.3 41607.2 3094.76 2519.56 249.773
 35589.9 28475.7 8700.48 647.144 579.096
 40719.2 16320.1 5958.04 1820.43 256.57
 56322.2 32656.4 6114.24 2232.15 778.136
 9730.72 18998.9 5033.14 942.353 463.958
 23969.2 6286 5851.45 1550.15 433.128
 16418.4 14317.8 1791.75 1667.89 565.311
 7649.7 8608.58 3598.98 450.381 561.344
 19113.9 6952.01 3786.2 1582.89 444.974
 18167.9 11889.2 2068.14 1126.35 603.266
 5272.98 9508.26 2984.44 519.148 434.17
 6502.01 4651.06 4060.77 1274.59 407.141
 25227.5 4274.8 1465.54 1279.54 529.911
F
 0.0625676 0.125135 0.125135 0.125135 0.125135
 0.102103 0.204207 0.204207 0.204207 0.204207
 0.0965851 0.19317 0.19317 0.19317 0.19317
 0.144205 0.288411 0.288411 0.288411 0.288411
 0.041087 0.082174 0.082174 0.082174 0.082174
 0.0916452 0.18329 0.18329 0.18329 0.18329
 0.176874 0.353749 0.353749 0.353749 0.353749
 0.0258264 0.0516529 0.0516529 0.0516529 0.0516529
 0.0999113 0.199823 0.199823 0.199823 0.199823
 0.128985 0.25797 0.25797 0.25797 0.25797
 0.0416596 0.0833192 0.0833192 0.0833192 0.0833192
 0.198388 0.396776 0.396776 0.396776 0.396776
 0.178673 0.357346 0.357346 0.357346 0.357346
 0.284971 0.569942 0.569942 0.569942 0.569942
 0.169402 0.338805 0.338805 0.338805 0.338805
 0.199828 0.399656 0.399656 0.399656 0.399656
 0.101441 0.202881 0.202881 0.202881 0.202881
 0.145275 0.29055 0.29055 0.29055 0.29055
 0.189151 0.378302 0.378302 0.378302 0.378302
 0.152517 0.305034 0.305034 0.305034 0.305034
 0.114151 0.228303 0.228303 0.228303 0.228303
 0.150325 0.30065 0.30065 0.30065 0.30065
 0.0804434 0.160887 0.160887 0.160887 0.160887
 0.079011 0.158022 0.158022 0.158022 0.158022
 0.0712484 0.142497 0.142497 0.142497 0.142497
 0.0554174 0.110835 0.110835 0.110835 0.110835
 0.075225 0.15045 0.15045 0.15045 0.15045
 0.0704326 0.140865 0.140865 0.140865 0.140865
 0.0546197 0.109239 0.109239 0.109239 0.109239
 0.0717225 0.143445 0.143445 0.143445 0.143445
 0.0708578 0.141716 0.141716 0.141716 0.141716
YTP_r0W_actual
 214433 69679.3 42354.2 44528 20242.6
YTP_p0W_proyectada
 647427 1.38995e+06 163804 70857.1 94065.5
CTP_r0_actual
 25227.5 4274.8 1465.54 1279.54 529.911
CTP_p0_proyectada
 86094.1 86225.2 7006.15 2401.94 2766.63
Wmedp
 7.52 16.12 23.38 29.5 34
Frms_r0
 0.0708578 0.141716 0.141716 0.141716 0.141716
Zrms_r0
 1.07086 1.14172 1.14172 1.14172 1.14172
nmprior
 8.19 8.8 8.5 0
nm_flota  nm_reclas  nm_pelaces    nm_pelaL
inf 7.0732 7.55457 13.8571
cv_recla  cv_pelaces  cv_mph
0.466569 0.488105 1.79593
 ------------------------------------------------
Talla a la edad & desviaci?n 
 8 13.2811 15.8009 17.003 17.5766
 0.8 1.32811 1.58009 1.7003 1.75766
