years
 1991 1992 1993 1994 1995 1996 1997 1998 1999 2000 2001 2002 2003 2004 2005 2006 2007 2008 2009 2010 2011 2012 2013 2014 2015 2016 2017 2018 2019 2020 2021
reclasobs
 0 0 0 0 0 0 0 0 0 252601 567819 844713 477998 351125 339783 2.1784e+06 2.13404e+06 4.81314e+06 1.55562e+06 2.62356e+06 3.21686e+06 3.843e+06 1.13348e+06 3.07943e+06 1.97215e+06 2.03268e+06 2.025e+06 2.42433e+06 2.27542e+06 1.05018e+06 2.36338e+06
reclaspred
 2.24096e+06 1.0996e+06 532331 289870 94958.6 474744 316983 142148 108049 145779 280636 441433 414892 281616 448008 828537 1.25473e+06 1.86544e+06 1.81826e+06 1.38327e+06 2.33381e+06 2.06132e+06 1.79335e+06 1.92428e+06 1.62885e+06 1.44967e+06 1.54145e+06 1.83373e+06 2.0368e+06 981377 1.08321e+06
pelacesobs
 0 0 0 0 0 0 0 0 0 0 0 0 0 0 0 552880 188675 0 991730 2.46772e+06 1.41603e+06 1.21717e+06 2.29649e+06 1.80582e+06 0 1.4828e+06 1.56532e+06 1.57751e+06 1.42118e+06 867257 1.10002e+06
pelacespred
 1.08507e+06 536837 252829 94976.6 33731.4 207204 99162.8 63414.8 39172.8 58307.4 130518 169223 174462 120326 221830 341698 510536 801395 874814 634047 966926 973326 819972 951229 817266 688497 843362 1.01576e+06 923548 525498 556488
mphobs
 0 0 0 0 0 0 0 0 0 0 0 498337 0 5186 125008 0 168611 109162 213762 579715 649985 157893 87575 83554 0 0 0 0 0 0 0
mphpred
 2.34568e+06 1.27068e+06 582356 325316 119115 42851.5 455005 126432 68203.3 68892.8 111624 319166 321599 244108 160421 422827 850048 1.12487e+06 1.37004e+06 1.36061e+06 1.22691e+06 1.73667e+06 1.7032e+06 1.19988e+06 1.53197e+06 1.24921e+06 970202 1.19882e+06 1.92712e+06 1.1566e+06 535079
desembarqueobs
 494567 514787 250237 358949 120608 361735 552515 73892 212993 205616 52469 317467 293654 387597 252695 516296 358380 742168 942051 627588 828172 859565 418607 520667 417249 300574 415391 372974 316634 284311 391294
desembarquepred
 495023 515246 250199 358708 120497 361666 551985 73867.3 212727 205595 52425.6 317429 293808 387105 252723 517143 358615 742995 941622 627778 828688 859839 418457 520123 416730 300291 415114 372850 316649 283938 391339
Reclutas
 85427.8 94588.9 102867 29272.6 11786.5 270236 24748.8 9885.8 34712.4 72735.1 112564 123583 103627 75748.1 139600 377614 184083 460241 553602 219458 499037 620991 66699.4 306980 271783 105944 313590 381914 48906.8 33434.2 292874
log_desv_Rt
 -0.341193 -0.239325 -0.155424 -1.41221 -2.32191 0.810431 -1.58009 -2.49777 -1.24177 -0.502041 -0.0653464 0.0280448 -0.148065 -0.461451 0.14992 1.14501 0.426521 1.34288 1.52758 0.602294 1.42382 1.64245 -0.588668 0.937917 0.816138 -0.125951 0.959221 1.15633 -0.898949 -1.27929 0.890879
SSB
 2.34568e+06 1.27068e+06 582356 325316 119115 42851.5 455005 126432 68203.3 68892.8 111624 319166 321599 244108 160421 422827 850048 1.12487e+06 1.37004e+06 1.36061e+06 1.22691e+06 1.73667e+06 1.7032e+06 1.19988e+06 1.53197e+06 1.24921e+06 970202 1.19882e+06 1.92712e+06 1.1566e+06 535079
BT
 3.05093e+06 1.87214e+06 897092 542579 195534 1.24532e+06 732055 252093 354023 425732 528736 798847 822426 823281 1.14005e+06 1.67687e+06 1.79608e+06 3.28788e+06 3.78406e+06 2.30017e+06 3.96371e+06 3.72104e+06 2.41039e+06 3.67689e+06 2.62939e+06 2.14824e+06 3.34952e+06 3.81873e+06 2.46214e+06 1.58126e+06 2.44948e+06
Ftot
 0.208139 0.431882 0.433669 1.05324 1.07695 0.704437 1.39714 0.47774 1.64248 1.22959 0.177385 0.652196 0.642788 1.18139 0.524218 0.57525 0.268587 0.371514 0.478724 0.419854 0.332369 0.388086 0.219659 0.254681 0.240786 0.195614 0.253928 0.192622 0.14729 0.270984 0.339259
BD_Bspro_t
 0.967246 0.769465 0.554726 0.435491 0.219761 0.130447 0.478288 0.17795 0.142397 0.170117 0.294545 0.604864 0.485393 0.381391 0.288952 0.500192 0.575037 0.620553 0.616223 0.577126 0.506394 0.586056 0.610992 0.568675 0.656922 0.665713 0.660732 0.72418 0.792539 0.701477 0.57346
BD_Bspro
 2.73488 1.48151 0.678981 0.379292 0.138878 0.0499614 0.5305 0.147409 0.0795196 0.0803235 0.130145 0.372122 0.374959 0.284611 0.187038 0.492983 0.991089 1.31151 1.59735 1.58636 1.43048 2.02482 1.9858 1.39897 1.78615 1.45648 1.13118 1.39773 2.24687 1.34851 0.62386
BD_Bo
 1.34351 0.72779 0.333549 0.186327 0.0682238 0.0245435 0.260607 0.0724147 0.0390639 0.0394589 0.0639337 0.182805 0.184198 0.139815 0.0918821 0.242177 0.486871 0.644277 0.784698 0.779297 0.702721 0.994691 0.975522 0.687242 0.877447 0.715496 0.55569 0.686633 1.10377 0.662453 0.306471
BD_Brms
 5.70839 3.09228 1.4172 0.791679 0.289874 0.104282 1.10729 0.30768 0.165978 0.167655 0.271646 0.776712 0.782635 0.594055 0.390395 1.02898 2.06865 2.73745 3.33408 3.31113 2.98577 4.22631 4.14486 2.92 3.72816 3.04005 2.36106 2.91741 4.68978 2.81468 1.30215
Sel_flota
 0.5 1 1 1 1
 0.5 1 1 1 1
 0.5 1 1 1 1
 0.5 1 1 1 1
 0.5 1 1 1 1
 0.5 1 1 1 1
 0.5 1 1 1 1
 0.5 1 1 1 1
 0.5 1 1 1 1
 0.5 1 1 1 1
 0.5 1 1 1 1
 0.5 1 1 1 1
 0.5 1 1 1 1
 0.5 1 1 1 1
 0.5 1 1 1 1
 0.5 1 1 1 1
 0.5 1 1 1 1
 0.5 1 1 1 1
 0.5 1 1 1 1
 0.5 1 1 1 1
 0.5 1 1 1 1
 0.5 1 1 1 1
 0.5 1 1 1 1
 0.5 1 1 1 1
 0.5 1 1 1 1
 0.5 1 1 1 1
 0.5 1 1 1 1
 0.5 1 1 1 1
 0.5 1 1 1 1
 0.5 1 1 1 1
 0.5 1 1 1 1
Sel_reclas
 0.5 1 1 1 1
 0.5 1 1 1 1
 0.5 1 1 1 1
 0.5 1 1 1 1
 0.5 1 1 1 1
 0.5 1 1 1 1
 0.5 1 1 1 1
 0.5 1 1 1 1
 0.5 1 1 1 1
 0.5 1 1 1 1
 0.5 1 1 1 1
 0.5 1 1 1 1
 0.5 1 1 1 1
 0.5 1 1 1 1
 0.5 1 1 1 1
 0.5 1 1 1 1
 0.5 1 1 1 1
 0.5 1 1 1 1
 0.5 1 1 1 1
 0.5 1 1 1 1
 0.5 1 1 1 1
 0.5 1 1 1 1
 0.5 1 1 1 1
 0.5 1 1 1 1
 0.5 1 1 1 1
 0.5 1 1 1 1
 0.5 1 1 1 1
 0.5 1 1 1 1
 0.5 1 1 1 1
 0.5 1 1 1 1
 0.5 1 1 1 1
Sel_pelaces
 0.5 1 1 1 1
 0.5 1 1 1 1
 0.5 1 1 1 1
 0.5 1 1 1 1
 0.5 1 1 1 1
 0.5 1 1 1 1
 0.5 1 1 1 1
 0.5 1 1 1 1
 0.5 1 1 1 1
 0.5 1 1 1 1
 0.5 1 1 1 1
 0.5 1 1 1 1
 0.5 1 1 1 1
 0.5 1 1 1 1
 0.5 1 1 1 1
 0.5 1 1 1 1
 0.5 1 1 1 1
 0.5 1 1 1 1
 0.5 1 1 1 1
 0.5 1 1 1 1
 0.5 1 1 1 1
 0.5 1 1 1 1
 0.5 1 1 1 1
 0.5 1 1 1 1
 0.5 1 1 1 1
 0.5 1 1 1 1
 0.5 1 1 1 1
 0.5 1 1 1 1
 0.5 1 1 1 1
 0.5 1 1 1 1
 0.5 1 1 1 1
pf_obs 
 0.8446 0.082 0.0669 0.0065 0
 0.8095 0.147 0.0364 0.0071 0
 0.9664 0.0169 0.016 0.0007 0
 0.9276 0.0648 0.0075 0.0001 0
 0.7033 0.2144 0.0806 0.0017 0
 0.9318 0.0425 0.0243 0.0014 0
 0.5671 0.3108 0.0964 0.0239 0.0018
 0.0768 0.2599 0.5324 0.112 0.0189
 0.490249 0.384438 0.106611 0.0170017 0.00170017
 0.7925 0.1577 0.0466 0.003 0.0002
 0.840416 0.127587 0.0312969 0.00059994 9.999e-05
 0.8084 0.0986 0.0794 0.0134 0.0002
 0.7335 0.1905 0.0724 0.0035 0.0001
 0.4001 0.4547 0.1325 0.0127 0
 0.49795 0.308269 0.164784 0.0264974 0.00249975
 0.9179 0.0499 0.0305 0.0017 0
 0.2467 0.6533 0.0926 0.0074 0
 0.9418 0.0223 0.034 0.0019 0
 0.707729 0.231977 0.0356964 0.0245975 0
 0.517169 0.277429 0.184464 0.0207286 0.00020938
 0.811772 0.124168 0.05621 0.00726502 0.000585176
 0.764997 0.148141 0.077277 0.00933861 0.000247198
 0.163321 0.427699 0.378323 0.0303852 0.000271297
 0.753843 0.0900009 0.118128 0.0371064 0.000921714
 0.721811 0.176058 0.0630433 0.0369309 0.00215725
 0.143369 0.312575 0.442814 0.0836902 0.0175525
 0.692698 0.0596174 0.167031 0.0765114 0.00414204
 0.394062 0.376323 0.152708 0.0712218 0.00568511
 0.125707 0.32114 0.495352 0.0537591 0.00404204
 0.23352 0.215282 0.420074 0.123614 0.00750983
 0.796117 0.104755 0.0508955 0.0450114 0.00322123
pf_pred 
 0.200679 0.555226 0.0905123 0.049778 0.103804
 0.387594 0.213226 0.277279 0.0452018 0.076699
 0.541252 0.270979 0.0653766 0.085016 0.0373757
 0.297281 0.512374 0.112435 0.0271262 0.050783
 0.378639 0.337143 0.207233 0.0454751 0.0315109
 0.974739 0.0159839 0.00503384 0.00309417 0.00114947
 0.181834 0.80974 0.00533177 0.00167914 0.00141556
 0.331262 0.276432 0.388266 0.00255656 0.00148389
 0.809064 0.101966 0.0367771 0.0516558 0.000537551
 0.882537 0.109988 0.00399187 0.00143979 0.00204332
 0.794269 0.196947 0.00822495 0.000298514 0.000260469
 0.621767 0.336841 0.0396239 0.00165478 0.000112462
 0.588384 0.329686 0.0729636 0.00858297 0.000382805
 0.567214 0.336362 0.0772315 0.0170923 0.0021003
 0.798878 0.159607 0.0322659 0.0074085 0.00184106
 0.828188 0.155176 0.0132022 0.00266893 0.000765096
 0.461744 0.495221 0.0388684 0.00330688 0.000860154
 0.731197 0.174787 0.0864992 0.00678906 0.000727847
 0.64989 0.300702 0.0321273 0.0158993 0.00138167
 0.376193 0.506019 0.101166 0.0108086 0.00581385
 0.701912 0.172307 0.102031 0.0203985 0.00335167
 0.643968 0.298649 0.0331697 0.0196413 0.00457198
 0.129483 0.698744 0.144088 0.0160032 0.011682
 0.639166 0.0869711 0.219823 0.0453296 0.0087097
 0.532117 0.370863 0.0233846 0.0591055 0.0145299
 0.306166 0.492362 0.159694 0.0100694 0.0317076
 0.692929 0.148401 0.112596 0.0365198 0.00955382
 0.618522 0.316474 0.0314154 0.0238357 0.00975342
 0.132667 0.6717 0.162297 0.0161107 0.0172255
 0.203662 0.192832 0.467381 0.112929 0.0231959
 0.838808 0.0575089 0.0251068 0.0608532 0.0177235
pobs_RECLAS
 0 0 0 0 0
 0 0 0 0 0
 0 0 0 0 0
 0 0 0 0 0
 0 0 0 0 0
 0 0 0 0 0
 0 0 0 0 0
 0 0 0 0 0
 0 0 0 0 0
 0 0 0 0 0
 0.991045 0.00858322 0.000360255 1.14367e-05 0
 0.934742 0.0480273 0.0164251 0.00080598 0
 0.827803 0.169806 0.00239088 0 0
 0.941827 0.0461693 0.0120037 0 0
 0.791401 0.0380133 0.147996 0.0225897 0
 0.846168 0.0940531 0.0597789 0 0
 0.134021 0.677848 0.182769 0.00536245 0
 0.80878 0.0450904 0.141981 0.00414843 0
 0.846168 0.0940531 0.0597789 0 0
 0.905697 0.0802665 0.012482 0.00150086 5.37128e-05
 0.989698 0.0102097 9.19794e-05 0 0
 0.975433 0.0193895 0.00387452 0.00125025 5.28907e-05
 0.303575 0.632131 0.0575291 0.00676475 0
 0.966965 0.00978017 0.0227588 0.000495775 0
 0.843318 0.132988 0.00938335 0.0141283 0.000182051
 0.564624 0.303363 0.111486 0.0197234 0.00080311
 0.826376 0.0876187 0.0782897 0.00655872 0.00115652
 0.89761 0.0855135 0.0140674 0.00269457 0.000114338
 0.34875 0.467042 0.161289 0.0227151 0.000203297
 0.318654 0.224769 0.449479 0.00709798 0
 0.937255 0.0296025 0.0250945 0.00804832 0
ppred_RECLAS
 0.202257 0.55413 0.0903336 0.0496798 0.103599
 0.393104 0.211307 0.274785 0.0447951 0.0760089
 0.547024 0.26757 0.064554 0.0839464 0.0369054
 0.313094 0.500845 0.109905 0.0265158 0.0496403
 0.396902 0.327233 0.201142 0.0441385 0.0305847
 0.97578 0.0153247 0.00482623 0.00296656 0.00110206
 0.199007 0.792743 0.00521986 0.0016439 0.00138584
 0.337099 0.274019 0.384877 0.00253424 0.00147094
 0.829917 0.0908295 0.0327604 0.0460141 0.000478841
 0.89182 0.101296 0.00367641 0.00132601 0.00188184
 0.795606 0.195667 0.00817151 0.000296575 0.000258776
 0.630902 0.328706 0.0386669 0.00161482 0.000109746
 0.597627 0.322283 0.0713251 0.00839023 0.000374208
 0.588593 0.319746 0.0734162 0.0162479 0.00199654
 0.803573 0.155881 0.0315126 0.00723555 0.00179808
 0.832858 0.150958 0.0128433 0.00259638 0.000744298
 0.465009 0.492217 0.0386326 0.00328682 0.000854936
 0.734968 0.172335 0.0852857 0.00669382 0.000717636
 0.655851 0.295582 0.0315803 0.0156286 0.00135815
 0.381456 0.50175 0.100312 0.0107174 0.00576481
 0.705428 0.170274 0.100827 0.0201579 0.00331213
 0.648612 0.294753 0.032737 0.0193851 0.00451235
 0.130663 0.697797 0.143892 0.0159815 0.0116662
 0.64201 0.0862858 0.218091 0.0449724 0.00864108
 0.534999 0.368579 0.0232406 0.0587415 0.0144405
 0.308113 0.490981 0.159246 0.0100412 0.0316186
 0.695541 0.147139 0.111638 0.0362091 0.00947254
 0.620641 0.314716 0.0312409 0.0237033 0.00969924
 0.133437 0.671104 0.162153 0.0160964 0.0172102
 0.205822 0.192309 0.466113 0.112623 0.023133
 0.841131 0.0566801 0.024745 0.0599762 0.0174681
pobs_PELACES
 0 0 0 0 0
 0 0 0 0 0
 0 0 0 0 0
 0 0 0 0 0
 0 0 0 0 0
 0 0 0 0 0
 0 0 0 0 0
 0 0 0 0 0
 0 0 0 0 0
 0 0 0 0 0
 0 0 0 0 0
 0 0 0 0 0
 0 0 0 0 0
 0 0 0 0 0
 0 0 0 0 0
 0 0 0 0 0
 0.505614 0.472636 0.0217494 0 0
 0 0 0 0 0
 0.443492 0.261883 0.143347 0.151278 0
 0.227955 0.32914 0.350689 0.0885471 0.00366901
 0.970185 0.0296113 0.000203453 0 0
 0.997202 0.00247181 0.000326279 0 0
 0.445219 0.490057 0.0546422 0.010081 0
 0.90214 0.0892962 0.00764917 0.000914606 0
 0 0 0 0 0
 0.581667 0.319106 0.0959925 0.00289975 0.000334073
 0.762889 0.0836404 0.116647 0.0363945 0.000428098
 0.88444 0.0763242 0.0277011 0.0115352 0
 0.521256 0.241999 0.230069 0.00667565 0
 0.616807 0.101726 0.260614 0.0208532 0
 0.833518 0.0704572 0.0857862 0.0102388 0
ppred_PELACES
 0.207855 0.550241 0.0896997 0.0493312 0.102872
 0.410228 0.205345 0.267032 0.0435312 0.0738643
 0.564688 0.257136 0.0620368 0.0806729 0.0354663
 0.351623 0.472752 0.103741 0.0250285 0.0468559
 0.440115 0.303786 0.186729 0.0409759 0.0283932
 0.978381 0.0136794 0.00430809 0.00264807 0.000983746
 0.238307 0.753848 0.00496375 0.00156324 0.00131785
 0.354934 0.266647 0.374522 0.00246606 0.00143137
 0.864836 0.0721818 0.0260346 0.0365672 0.000380533
 0.909895 0.0843714 0.00306215 0.00110446 0.00156742
 0.800324 0.19115 0.00798287 0.000289728 0.000252803
 0.65559 0.306721 0.0360806 0.00150681 0.000102406
 0.622847 0.302083 0.0668547 0.00786436 0.000350754
 0.634851 0.283795 0.0651615 0.014421 0.00177206
 0.816868 0.14533 0.0293796 0.0067458 0.00167638
 0.845657 0.139398 0.0118598 0.00239757 0.000687304
 0.476049 0.482059 0.0378354 0.00321899 0.000837293
 0.746736 0.164683 0.081499 0.00639662 0.000685773
 0.673454 0.280463 0.029965 0.0148292 0.00128868
 0.39793 0.488387 0.0976405 0.010432 0.00561127
 0.716694 0.163762 0.0969711 0.0193869 0.00318545
 0.663064 0.282631 0.0313906 0.0185878 0.00432676
 0.134835 0.694448 0.143202 0.0159048 0.0116102
 0.651609 0.0839721 0.212243 0.0437665 0.00840937
 0.544867 0.360756 0.0227473 0.0574949 0.014134
 0.315036 0.486068 0.157653 0.00994073 0.0313023
 0.70434 0.142886 0.108412 0.0351627 0.00919878
 0.628095 0.308532 0.030627 0.0232376 0.00950867
 0.136272 0.668908 0.161622 0.0160437 0.0171539
 0.213227 0.190516 0.461767 0.111573 0.0229173
 0.848469 0.054062 0.023602 0.0572059 0.0166612
pobs_pel_tallas
 0 0 0 0 0 0 0 0 0 0 0 0 0 0 0 0 0 0 0 0 0 0 0 0 0 0
 0 0 0 0 0 0 0 0 0 0 0 0 0 0 0 0 0 0 0 0 0 0 0 0 0 0
 0 0 0 0 0 0 0 0 0 0 0 0 0 0 0 0 0 0 0 0 0 0 0 0 0 0
 0 0 0 0 0 0 0 0 0 0 0 0 0 0 0 0 0 0 0 0 0 0 0 0 0 0
 0 0 0 0 0 0 0 0 0 0 0 0 0 0 0 0 0 0 0 0 0 0 0 0 0 0
 0 0 0 0 0 0 0 0 0 0 0 0 0 0 0 0 0 0 0 0 0 0 0 0 0 0
 0 0 0 0 0 0 0 0 0 0 0 0 0 0 0 0 0 0 0 0 0 0 0 0 0 0
 0 0 0 0 0 0 0 0 0 0 0 0 0 0 0 0 0 0 0 0 0 0 0 0 0 0
 0 0 0 0 0 0 0 0 0 0 0 0 0 0 0 0 0 0 0 0 0 0 0 0 0 0
 0 0 0 0 0 0 0 0 0 0 0 0 0 0 0 0 0 0 0 0 0 0 0 0 0 0
 0 0 0 0 0 0 0 0 0 0 0 0 0 0 0 0 0 0 0 0 0 0 0 0 0 0
 0 0 0 0 0 0 0 0 0 0 0 0 0 0 0 0 0 0 0 0 0 0 0 0 0 0
 0.00862536 0 0 0.000197151 0.00414017 0.0128641 0.00837892 0.0270097 0.101434 0.158115 0.152841 0.127902 0.109271 0.109419 0.0830992 0.0579132 0.0238553 0.00714673 0.00463305 0.00128148 0.00103504 0.000492878 0.000147863 0.000147863 4.92878e-05 0
 0 0 0 0 0 0 0 0 0 0 0 0 0 0 0 0 0 0 0 0 0 0 0 0 0 0
 0 0 0 0 0 0 0 0.0054083 0.00873648 0.0413646 0.0450493 0.0745869 0.0622846 0.0627006 0.0613931 0.0827291 0.12552 0.122667 0.0946155 0.0697135 0.0546179 0.0294188 0.0215738 0.0213955 0.0102223 0.00600262
 0 0 0 0 0.00359764 0.0251062 0.0480494 0.140153 0.205849 0.193036 0.1447 0.116669 0.0760912 0.0342217 0.00950174 0.001854 0.000860785 0 0 0 0.000165536 0 0.000143464 0 0 0
 0 0 0 0 0 0 0 0.000145254 0.000435761 0.0275982 0.070085 0.0708112 0.156366 0.174668 0.174014 0.160142 0.0824315 0.0480064 0.0283245 0.00493863 0.00203355 0 0 0 0 0
 0 0 0 0 0 0 0 0 0 0 0 0 0 0 0 0 0 0 0 0 0 0 0 0 0 0
 0 0 1.00437e-05 0.000401748 0.00122533 0.00171747 0.00176769 0.0269171 0.070346 0.194647 0.189555 0.159765 0.064822 0.0314167 0.0384472 0.0292271 0.0345202 0.0313363 0.0194345 0.0106764 0.0143323 0.0359363 0.0279516 0.0138201 0.00172751 0
 0 0.0021121 0.0136068 0.0755702 0.200478 0.177729 0.0527432 0.0373336 0.0318909 0.0142505 0.0149659 0.0166563 0.0217959 0.0798694 0.0677717 0.0528807 0.04013 0.0224614 0.0357745 0.0225083 0.00881397 0.00855152 0.00135912 0.000746735 0 0
 0 0 0 0 5.4009e-05 0.00500934 0.000945158 0.0243581 0.138947 0.33067 0.221406 0.137944 0.0707744 0.0437923 0.0131692 0.00525238 0.0047753 0.00276346 9.45158e-05 9.00151e-06 2.25038e-05 9.00151e-06 4.50075e-06 0 0 0
 0.000866109 0.00284123 0.00948549 0.0512746 0.133035 0.25785 0.225252 0.132002 0.0553304 0.0519788 0.0540692 0.017754 0.00435017 0.00159236 0.00146478 0.000404838 0.000125132 0.000115318 0.000107957 0.000100596 0 0 0 0 0 0
 0 0 0 0 0.00144013 0.00171154 0.00461396 0.0210425 0.0478622 0.0707936 0.0888783 0.103762 0.0637923 0.0337046 0.0602308 0.124433 0.169614 0.0934646 0.0462172 0.0250306 0.0313229 0.00938855 0.002487 0.000210481 0 0
 0 0.00764035 0.051015 0.0998891 0.058973 0.0496711 0.0374665 0.0718981 0.12319 0.153886 0.159021 0.0857701 0.0377988 0.023471 0.0147837 0.00900784 0.00315554 0.000888139 0.00291439 0.00214683 0.00393193 0.00274676 0.000635225 9.99891e-05 0 0
 0 0 0 0 0 0 0 0 0 0 0 0 0 0 0 0 0 0 0 0 0 0 0 0 0 0
 0 0 0 0 0 0 0 0 0 0 0 0 0 0 0 0 0 0 0 0 0 0 0 0 0 0
 0 0 0 0 0 0 0 0 0 0 0 0 0 0 0 0 0 0 0 0 0 0 0 0 0 0
 0 0 0 0 0 0 0 0 0 0 0 0 0 0 0 0 0 0 0 0 0 0 0 0 0 0
 0 0 0 0 0 0 0 0 0 0 0 0 0 0 0 0 0 0 0 0 0 0 0 0 0 0
 0 0 0 0 0 0 0 0 0 0 0 0 0 0 0 0 0 0 0 0 0 0 0 0 0 0
 0 0 0 0 0 0 0 0 0 0 0 0 0 0 0 0 0 0 0 0 0 0 0 0 0 0
ppred_pel_tallas
 1.25086e-16 1.71209e-05 0.000166421 0.00110593 0.00502743 0.0156425 0.0333299 0.0486571 0.0487102 0.0335893 0.0165136 0.00754439 0.00742679 0.0139753 0.0262752 0.0435034 0.0629031 0.079653 0.0889082 0.0886021 0.0807648 0.0701764 0.0614221 0.0565988 0.0550167 0.0544701
 1.24624e-16 3.379e-05 0.000328451 0.00218267 0.00992211 0.0308715 0.0657757 0.0960058 0.096026 0.0658745 0.0312045 0.010889 0.00462903 0.00573339 0.0104892 0.0177883 0.0268021 0.036202 0.0446272 0.0514575 0.057031 0.0620235 0.0665389 0.0697471 0.0703569 0.0674601
 1.15949e-16 4.65127e-05 0.00045212 0.00300449 0.013658 0.0424953 0.0905416 0.132153 0.132178 0.0906631 0.0429034 0.0148379 0.00597017 0.00693998 0.0124104 0.0205595 0.0299008 0.0382496 0.0434551 0.0446462 0.0427872 0.0399916 0.0381226 0.0377637 0.0381866 0.0380827
 1.13554e-16 2.89629e-05 0.000281529 0.00187086 0.0085047 0.0264615 0.0563808 0.0822989 0.0823446 0.0566038 0.0272106 0.010669 0.00730719 0.012161 0.0226257 0.0374545 0.0541817 0.0686351 0.0765885 0.0761371 0.0688303 0.0585635 0.0491461 0.0424475 0.0382038 0.0350628
 1.14381e-16 3.62518e-05 0.00035238 0.00234169 0.010645 0.0331207 0.0705683 0.103003 0.103032 0.0707126 0.0336061 0.01205 0.00588003 0.00811536 0.0148938 0.0248653 0.0365217 0.0474157 0.0550501 0.0582586 0.0577911 0.0555453 0.053113 0.0508617 0.0481293 0.044091
 1.0056e-16 8.05879e-05 0.000783343 0.00520559 0.0236639 0.0736271 0.15687 0.228957 0.228958 0.156877 0.0736488 0.0237267 0.00536352 0.0011289 0.000739255 0.00110097 0.00159348 0.00203683 0.00230879 0.0023573 0.00222636 0.00202155 0.00183959 0.00171746 0.00163201 0.00153549
 1.00716e-16 1.96292e-05 0.000190803 0.00126796 0.00576399 0.0179343 0.0382136 0.055789 0.0558615 0.0385677 0.0191229 0.00919493 0.00987199 0.0189465 0.0355609 0.0585503 0.083854 0.104422 0.113087 0.106552 0.0874183 0.0625682 0.0392361 0.0217777 0.0109588 0.00527018
 1.11366e-16 2.92355e-05 0.00028418 0.00188847 0.00858475 0.0267105 0.0569105 0.083068 0.0830942 0.0570388 0.0271429 0.00984034 0.00506486 0.00729961 0.0135902 0.023037 0.0346089 0.0464711 0.0566393 0.063981 0.0685458 0.0708943 0.0711204 0.0685724 0.062519 0.0530643
 1.04502e-16 7.12354e-05 0.000692434 0.00460146 0.0209176 0.0650824 0.138665 0.202387 0.202394 0.138699 0.0651973 0.02125 0.00543782 0.0025248 0.00357119 0.00584518 0.00854482 0.0110341 0.0127284 0.0133911 0.0132719 0.0129037 0.0127178 0.0127802 0.0128206 0.0124691
 1.00487e-16 7.49468e-05 0.00072851 0.0048412 0.0220074 0.0684733 0.14589 0.212932 0.21294 0.14593 0.0686064 0.0223917 0.00580523 0.00283073 0.00406083 0.00657746 0.00942747 0.0117709 0.012809 0.0121779 0.010168 0.0075395 0.00508314 0.00326231 0.00213989 0.00153202
 1.00352e-16 6.59217e-05 0.000640782 0.00425822 0.0193573 0.0602278 0.128322 0.187294 0.187312 0.128412 0.0605294 0.020228 0.0064423 0.00540342 0.00909567 0.0148922 0.021351 0.0266478 0.0289708 0.027484 0.022831 0.0167227 0.0109494 0.00657727 0.00378397 0.00220029
 1.01289e-16 5.40001e-05 0.0005249 0.00348815 0.0158566 0.049336 0.105117 0.153427 0.153457 0.105261 0.0498207 0.0172564 0.00700109 0.00819105 0.0146055 0.024039 0.034572 0.0433614 0.0475391 0.0457668 0.0390236 0.0299371 0.0212241 0.0144541 0.00984527 0.00684139
 1.02855e-16 5.13031e-05 0.000498685 0.00331394 0.0150647 0.046872 0.0998668 0.145765 0.145794 0.100009 0.0473504 0.016447 0.00678553 0.00808276 0.014471 0.0238838 0.0344957 0.0435734 0.0483506 0.0475254 0.0419998 0.0342049 0.0265932 0.0204919 0.0159833 0.012526
 1.037e-16 5.22919e-05 0.000508296 0.0033778 0.015355 0.0477753 0.101791 0.148573 0.148601 0.101925 0.0482249 0.0166542 0.00664079 0.00763786 0.0136115 0.022469 0.032477 0.0410796 0.0456963 0.0451228 0.0402158 0.0332506 0.0264977 0.0211468 0.0172069 0.0141087
 1.01846e-16 6.72844e-05 0.000654028 0.00434625 0.0197574 0.0614727 0.130975 0.191164 0.191178 0.131043 0.0617029 0.0204223 0.00601577 0.00430092 0.0070002 0.011484 0.016578 0.0209337 0.0232216 0.0228248 0.0201923 0.0165107 0.0129707 0.0102059 0.00823139 0.00674641
 1.00735e-16 6.96557e-05 0.000677078 0.00449942 0.0204537 0.0636392 0.135591 0.197901 0.197915 0.135656 0.0638594 0.0210895 0.00609456 0.00415715 0.00667267 0.0109045 0.0156626 0.0196137 0.021449 0.0205649 0.0174215 0.0132372 0.00927206 0.00625467 0.00427903 0.00306599
 1.0168e-16 3.92116e-05 0.000381151 0.00253289 0.0115142 0.0358251 0.0763308 0.111417 0.111463 0.0765576 0.0365863 0.0137121 0.00804741 0.0124108 0.0228602 0.037663 0.0540914 0.0676816 0.0739034 0.0706556 0.0595246 0.0447362 0.0306825 0.019934 0.0128723 0.00857764
 1.03152e-16 6.15076e-05 0.000597876 0.0039731 0.0180611 0.056195 0.11973 0.174753 0.174769 0.119808 0.0564573 0.0188199 0.00588194 0.00477907 0.00804377 0.0133082 0.0194141 0.0249293 0.0284145 0.0291689 0.0275829 0.0247563 0.0217234 0.0189311 0.0162866 0.0135547
 1.02642e-16 5.54716e-05 0.000539203 0.0035832 0.0162887 0.0506804 0.107981 0.157607 0.157634 0.108113 0.0511236 0.0175687 0.00679565 0.00755002 0.0133645 0.0219918 0.0316412 0.0397218 0.0436332 0.0421825 0.0362973 0.0283985 0.0209559 0.0153445 0.0116627 0.00928657
 1.04939e-16 3.2777e-05 0.000318605 0.00211724 0.0096247 0.0299463 0.0638054 0.0931358 0.0931829 0.0640357 0.0307195 0.0118584 0.0077262 0.0125695 0.0233184 0.0385469 0.0556366 0.0701923 0.0777332 0.0761608 0.0669666 0.0541427 0.041729 0.0319288 0.0248877 0.019684
 1.05324e-16 5.90332e-05 0.000573824 0.00381326 0.0173345 0.0539343 0.114913 0.167723 0.167739 0.114991 0.0541957 0.0180912 0.00571845 0.00475202 0.00805046 0.0133627 0.0195874 0.0253507 0.0292734 0.0306929 0.0299876 0.0281766 0.0261498 0.024179 0.0220157 0.0193358
 1.03575e-16 5.46158e-05 0.000530885 0.00352792 0.0160374 0.0498985 0.106315 0.155176 0.155203 0.106448 0.0503452 0.0173276 0.00676612 0.00759865 0.0134741 0.0221805 0.0319288 0.0401192 0.0441449 0.0428186 0.0370856 0.0293854 0.0221895 0.0168473 0.0134075 0.0111901
 1.0787e-16 1.11063e-05 0.000107957 0.000717419 0.00326132 0.0101475 0.0216229 0.0315733 0.0316403 0.0219503 0.0112471 0.0064381 0.00869479 0.0175332 0.0331357 0.0548423 0.0791854 0.0999568 0.110802 0.108747 0.0959147 0.0779656 0.0606123 0.0469452 0.0371286 0.0298191
 1.11959e-16 5.36722e-05 0.000521713 0.00346697 0.0157603 0.0490363 0.104477 0.152489 0.152498 0.104519 0.0491759 0.0161677 0.00450529 0.00284084 0.00461221 0.0079433 0.0123812 0.017548 0.023048 0.0286402 0.0342091 0.0394743 0.0437328 0.0459667 0.0453219 0.0416106
 1.08907e-16 4.48801e-05 0.00043625 0.00289904 0.0131786 0.0410038 0.0873642 0.127518 0.127553 0.087534 0.0415738 0.0148246 0.0070298 0.00945108 0.017159 0.0282825 0.040716 0.0511833 0.0564103 0.0549715 0.0481909 0.0392877 0.0314441 0.0262712 0.0235666 0.0221061
 1.10968e-16 2.59492e-05 0.000252235 0.00167619 0.00761977 0.0237082 0.0505145 0.0737372 0.0737842 0.0507442 0.0244797 0.00985011 0.00728144 0.012511 0.0233735 0.0387723 0.056253 0.0715822 0.0804318 0.0807755 0.0740187 0.0638778 0.053974 0.0460703 0.0399894 0.0346968
 1.08249e-16 5.80156e-05 0.000563932 0.00374753 0.0170357 0.0530046 0.112932 0.164831 0.164845 0.113 0.0532336 0.0176993 0.00542037 0.00424009 0.00711145 0.0118536 0.0175144 0.0229638 0.0270775 0.0293326 0.030049 0.0300093 0.0297859 0.0293564 0.0282624 0.026072
 1.04903e-16 5.17354e-05 0.000502886 0.00334186 0.0151916 0.0472669 0.100708 0.146993 0.147023 0.100854 0.0477545 0.0165998 0.00687606 0.00821629 0.014696 0.0242022 0.0348361 0.0437684 0.0481619 0.0467374 0.0405522 0.0322967 0.0246851 0.0191808 0.0157936 0.0137103
 1.09347e-16 1.12247e-05 0.000109108 0.000725066 0.00329608 0.0102557 0.0218532 0.0319089 0.0319735 0.0221688 0.0113156 0.00635881 0.00841787 0.0169189 0.0319838 0.052982 0.0766093 0.0969353 0.107885 0.106612 0.0951201 0.0787539 0.0628574 0.0502467 0.0409734 0.0337277
 1.28442e-16 1.75632e-05 0.000170721 0.0011345 0.00515729 0.0160464 0.0341892 0.0499041 0.0499231 0.0342827 0.0163625 0.00607968 0.00348457 0.00541632 0.0103193 0.0179215 0.0278999 0.0394649 0.0517253 0.064168 0.0766067 0.0885131 0.0983908 0.103967 0.103237 0.0956179
 1.09252e-16 6.98873e-05 0.000679329 0.00451438 0.0205217 0.0638507 0.136041 0.198557 0.198562 0.136067 0.0639372 0.0207723 0.00514591 0.00206716 0.00273387 0.00448693 0.00665058 0.00879936 0.0105833 0.0119259 0.0130941 0.0144986 0.0163584 0.0184842 0.0203321 0.0212675
pSPR Fmed_Fpbrs
0.532696   0.285357 0.285357
Fs Fmed_Fpbrs
0.432029   1.005 1.005
SSBpbr Bo_Bmed_Bpbrs
1.74594e+06  842758  410919 410919
Ro
120165
SPR SPRFo_SPRFmed_SPRFpbrs
857691 456889 244748
Fref
1.005
Nvult_r0
 201942 7926.58 3460.53 8387.53 2442.87
CTP_r0
 29287.3 2007.95 876.616 2124.72 618.824
YTP_r0
391339
Np
 206921 46055 12245 379.018 187.751
Nvult_p0
 160866 39853.2 10596 327.979 162.468
CTP_p0
 53800.4 39441.7 1220.84 532.985 1630.35
 53800.4 19976.3 5311.23 164.399 81.4368
YTP_p0
 1.12006e+06 846426
CBA_c0
1.03797e+06
log_Ro
11.5166
likeval ReclasPelacesDesembMPH_pf_preclas_ppelaces_ptallas_desvR_qrecl_qpela
 32.0307 37.8769 0.0965205 0.00246966 265.015 135.026 110.075 0 51.6019 0 0 0.0144801 0 0 0
q_reclas_q_pelaces
1 1
M
1
N
 85427.8 123275 20096.1 11052 23047.3
 94588.9 28321 36828.7 6003.77 10187.3
 102867 28039.1 6764.72 8796.87 3867.38
 29272.6 30465.9 6685.42 1612.93 3019.57
 11786.5 6360.01 3909.34 857.864 594.435
 270236 2530.67 796.989 489.888 181.991
 24748.8 69900.8 460.266 144.952 122.198
 9885.8 4527.66 6359.39 41.8737 24.3046
 34712.4 2864.03 1033 1450.91 15.0988
 72735.1 5617.32 203.874 73.5332 104.357
 112564 14469.3 604.271 21.9313 19.1361
 123583 37895.3 4457.76 186.166 12.6522
 103627 32812.6 7261.82 854.234 38.0992
 75748.1 27643.9 6347.27 1404.73 172.613
 139600 15436.2 3120.56 716.505 178.057
 377614 39514.8 3361.88 679.631 194.828
 184083 104193 8177.82 695.76 180.974
 460241 59210.1 29302.2 2299.84 246.563
 553602 140610 15022.9 7434.61 646.079
 219458 160306 32049.1 3424.15 1841.82
 499037 65446.5 38753.8 7747.84 1273.05
 620991 155477 17268.1 10225.2 2380.17
 66699.4 188157 38799.6 4309.31 3145.72
 306980 21985.1 55568.4 11458.7 2201.7
 271783 99428.8 6269.44 15846.3 3895.5
 105944 88642.3 28750.5 1812.85 5708.47
 313590 35343.2 26815.9 8697.55 2275.34
 381914 101608 10086.3 7652.77 3131.46
 48906.8 127598 30830.4 3060.43 3272.2
 33434.2 16714.4 40511.9 9788.51 2010.59
 292874 10741.2 4689.32 11365.8 3310.3
pred_Ctot
 5382.89 14893 2427.84 1335.21 2784.38
 11818.7 6501.76 8454.92 1378.31 2338.74
 12901.6 6459.24 1558.36 2026.5 890.912
 7903.86 13622.6 2989.33 721.208 1350.17
 3239.6 2884.56 1773.06 389.081 269.604
 52182.2 855.691 269.484 165.645 61.5363
 8316.37 37034.3 243.854 76.7974 64.742
 1353.89 1129.79 1586.86 10.4488 6.06475
 13119.7 1653.47 596.374 837.644 8.71686
 22183.3 2764.63 100.339 36.1902 51.3604
 6083 1508.34 62.9918 2.28621 1.99483
 22321.1 12092.4 1422.47 59.4056 4.03731
 18480.9 10355.3 2291.75 269.587 12.0237
 22396.5 13281.3 3049.49 674.89 82.9305
 20785.3 4152.68 839.498 192.755 47.9011
 61075.8 11443.7 973.613 196.824 56.423
 14784.2 15856 1244.49 105.88 27.5405
 50072.3 11969.4 5923.46 464.914 49.8429
 75958.6 35145.8 3755.01 1858.29 161.489
 26721.5 35943.2 7185.92 767.751 412.966
 48958.4 12018.4 7116.67 1422.8 233.779
 70339.6 32621 3623.07 2145.39 499.39
 4424.96 23878.9 4924.06 546.894 399.223
 23444.2 3190.05 8062.98 1662.66 319.467
 19679.5 13715.8 864.841 2185.92 537.367
 6290.07 10115.4 3280.86 206.873 651.421
 23881.9 5114.68 3880.65 1258.66 329.274
 22341.7 11431.4 1134.76 860.972 352.304
 2208.19 11180.2 2701.37 268.157 286.712
 2707.83 2563.84 6214.16 1501.47 308.406
 29287.3 2007.95 876.616 2124.72 618.824
F
 0.10407 0.208139 0.208139 0.208139 0.208139
 0.215941 0.431882 0.431882 0.431882 0.431882
 0.216835 0.433669 0.433669 0.433669 0.433669
 0.52662 1.05324 1.05324 1.05324 1.05324
 0.538473 1.07695 1.07695 1.07695 1.07695
 0.352218 0.704437 0.704437 0.704437 0.704437
 0.698572 1.39714 1.39714 1.39714 1.39714
 0.23887 0.47774 0.47774 0.47774 0.47774
 0.821242 1.64248 1.64248 1.64248 1.64248
 0.614794 1.22959 1.22959 1.22959 1.22959
 0.0886925 0.177385 0.177385 0.177385 0.177385
 0.326098 0.652196 0.652196 0.652196 0.652196
 0.321394 0.642788 0.642788 0.642788 0.642788
 0.590697 1.18139 1.18139 1.18139 1.18139
 0.262109 0.524218 0.524218 0.524218 0.524218
 0.287625 0.57525 0.57525 0.57525 0.57525
 0.134293 0.268587 0.268587 0.268587 0.268587
 0.185757 0.371514 0.371514 0.371514 0.371514
 0.239362 0.478724 0.478724 0.478724 0.478724
 0.209927 0.419854 0.419854 0.419854 0.419854
 0.166185 0.332369 0.332369 0.332369 0.332369
 0.194043 0.388086 0.388086 0.388086 0.388086
 0.109829 0.219659 0.219659 0.219659 0.219659
 0.12734 0.254681 0.254681 0.254681 0.254681
 0.120393 0.240786 0.240786 0.240786 0.240786
 0.0978071 0.195614 0.195614 0.195614 0.195614
 0.126964 0.253928 0.253928 0.253928 0.253928
 0.0963109 0.192622 0.192622 0.192622 0.192622
 0.073645 0.14729 0.14729 0.14729 0.14729
 0.135492 0.270984 0.270984 0.270984 0.270984
 0.169629 0.339259 0.339259 0.339259 0.339259
YTP_r0W_actual
 243085 28312.1 24194.6 72665.3 23082.1
YTP_p0W_proyectada
 402965 618052 28238 15653.8 55154.6
 402965 313029 122849 4828.39 2755.01
CTP_r0_actual
 29287.3 2007.95 876.616 2124.72 618.824
CTP_p0_proyectada
 53800.4 39441.7 1220.84 532.985 1630.35
 53800.4 19976.3 5311.23 164.399 81.4368
Wmedp
 7.49 15.67 23.13 29.37 33.83
Frms_r0
 0.169629 0.339259 0.339259 0.339259 0.339259
Zrms_r0
 1.16963 1.33926 1.33926 1.33926 1.33926
nmprior
 8.19 8.8 8.5 0
nm_flota  nm_reclas  nm_pelaces    nm_pelaL
inf 6.59939 8.187 15.3837
cv_recla  cv_pelaces  cv_mph
0.511927 0.697846 1.53364
 ------------------------------------------------
Talla a la edad & desviaci?n 
 8 13.2811 15.8009 17.003 17.5766
 0.8 1.32811 1.58009 1.7003 1.75766
