years
 1991 1992 1993 1994 1995 1996 1997 1998 1999 2000 2001 2002 2003 2004 2005 2006 2007 2008 2009 2010 2011 2012 2013 2014 2015 2016 2017 2018 2019 2020 2021
reclasobs
 0 0 0 0 0 0 0 0 0 252601 567819 844713 477998 351125 339783 2.1784e+06 2.13404e+06 4.81314e+06 1.55562e+06 2.62356e+06 3.21686e+06 3.843e+06 1.13348e+06 3.07943e+06 1.97215e+06 2.03268e+06 2.025e+06 2.42433e+06 2.27542e+06 1.05018e+06 2.36338e+06
reclaspred
 2.38233e+06 1.29244e+06 633724 421304 301602 932932 438605 311250 243321 213767 380352 548247 533964 380807 358887 1.28761e+06 1.11315e+06 2.92974e+06 2.37093e+06 1.62394e+06 2.93736e+06 2.42498e+06 1.75365e+06 2.82621e+06 2.04397e+06 1.69225e+06 2.16445e+06 2.51093e+06 1.97117e+06 1.07836e+06 1.5344e+06
pelacesobs
 0 0 0 0 0 0 0 0 0 0 0 0 0 0 0 552880 188675 0 991730 2.46772e+06 1.41603e+06 1.21717e+06 2.29649e+06 1.80582e+06 0 1.4828e+06 1.56532e+06 1.57751e+06 1.42118e+06 867257 1.10002e+06
pelacespred
 1.05475e+06 619399 295421 150953 120805 404879 145664 151909 99059.8 85373.3 171935 210707 228150 165514 160819 502899 437838 1.36189e+06 1.11282e+06 708356 1.26244e+06 1.09632e+06 798322 1.43088e+06 988861 817593 1.1985e+06 1.36147e+06 885093 556498 773466
mphobs
 0 0 0 0 0 0 0 0 0 0 0 498337 0 5186 125008 0 168611 109162 213762 579715 649985 157893 87575 83554 0 0 0 0 0 0 0
mphpred
 2.06754e+06 1.32176e+06 631023 323392 195982 178753 473643 192684 150334 99677.7 89672.3 257501 292474 233253 135715 167450 840460 688492 1.67186e+06 1.20413e+06 1.17297e+06 1.51526e+06 1.45912e+06 1.08489e+06 1.59865e+06 1.25908e+06 963939 1.12895e+06 1.73942e+06 1.09545e+06 562363
desembarqueobs
 494567 514787 250237 358949 120608 361735 552515 73892 212993 205616 52469 317467 293654 387597 252695 516296 358380 742168 942051 627588 828172 859565 418607 520667 417249 300574 415391 372974 316634 284311 391294
desembarquepred
 494548 514601 249932 358969 120603 361648 552207 73890.3 212955 205579 52469.2 317442 293616 387431 252615 516143 358366 741951 941539 627239 828101 859360 418558 520639 417194 300534 415336 372914 316589 284273 391253
Reclutas
 145190 97973.8 84897.4 68826.9 53062.7 232266 57080.4 19539 31806.8 55961.2 94893.1 133031 105687 72294.2 65983.6 453410 61388.9 719564 368839 259093 435488 574436 83584.6 342653 260713 105477 292493 347101 70324.2 46817.6 241598
log_desv_Rt
 0.105801 -0.287544 -0.430801 -0.64065 -0.90077 0.575641 -0.827783 -1.89983 -1.41257 -0.847587 -0.319494 0.0183377 -0.211764 -0.591501 -0.682838 1.24455 -0.755015 1.7064 1.03811 0.684941 1.20422 1.48114 -0.446386 0.964475 0.691175 -0.213755 0.806196 0.977372 -0.619128 -1.02599 0.615029
SSB
 2.06754e+06 1.32176e+06 631023 323392 195982 178753 473643 192684 150334 99677.7 89672.3 257501 292474 233253 135715 167450 840460 688492 1.67186e+06 1.20413e+06 1.17297e+06 1.51526e+06 1.45912e+06 1.08489e+06 1.59865e+06 1.25908e+06 963939 1.12895e+06 1.73942e+06 1.09545e+06 562363
BT
 2.85774e+06 1.93638e+06 924874 649343 379151 1.24933e+06 817740 417358 435254 391071 440441 748009 790770 782446 624576 1.57434e+06 1.29061e+06 3.80164e+06 3.46604e+06 2.21075e+06 3.58423e+06 3.33219e+06 2.20596e+06 3.78696e+06 2.67302e+06 2.15542e+06 3.19234e+06 3.51603e+06 2.30447e+06 1.57041e+06 2.16841e+06
Ftot
 0.211484 0.397764 0.399835 0.876085 0.439625 0.51096 1.19078 0.261084 0.987363 1.11178 0.184637 0.671836 0.62504 1.131 0.867193 0.548385 0.333794 0.330598 0.439559 0.425785 0.331202 0.409074 0.245666 0.226859 0.223753 0.19023 0.235307 0.185727 0.161324 0.265566 0.322572
BD_Bspro_t
 0.966922 0.77449 0.567344 0.441197 0.312712 0.353327 0.485986 0.242526 0.257536 0.221959 0.250956 0.566209 0.464676 0.368121 0.248086 0.294384 0.558836 0.498268 0.644816 0.536742 0.487451 0.548708 0.569512 0.537591 0.659379 0.659618 0.653194 0.709289 0.772911 0.687733 0.578859
BD_Bspro
 2.21775 1.41778 0.676866 0.346886 0.21022 0.19174 0.508053 0.206682 0.161256 0.106919 0.0961869 0.276208 0.313722 0.250198 0.145574 0.179616 0.901518 0.73851 1.79332 1.29161 1.25818 1.62534 1.56512 1.16371 1.71479 1.35055 1.03397 1.21097 1.86579 1.17503 0.603219
BD_Bo
 1.23933 0.792291 0.37825 0.193849 0.117476 0.107149 0.283913 0.115499 0.0901137 0.0597491 0.0537516 0.154352 0.175316 0.139817 0.0813506 0.100374 0.503791 0.412698 1.00215 0.721781 0.703102 0.90828 0.874628 0.650309 0.958268 0.75472 0.577807 0.676718 1.04265 0.656636 0.337094
BD_Brms
 6.18532 3.95421 1.88779 0.96747 0.586305 0.534764 1.41697 0.576438 0.449744 0.298199 0.268266 0.770347 0.874974 0.697806 0.406009 0.50095 2.51434 2.05971 5.00158 3.6023 3.50908 4.53309 4.36514 3.2456 4.78257 3.76669 2.88375 3.3774 5.20371 3.27717 1.68238
Sel_flota
 0.640824 0.971346 0.99845 0.999918 0.999996
 0.640824 0.971346 0.99845 0.999918 0.999996
 0.640824 0.971346 0.99845 0.999918 0.999996
 0.640824 0.971346 0.99845 0.999918 0.999996
 0.640824 0.971346 0.99845 0.999918 0.999996
 0.640824 0.971346 0.99845 0.999918 0.999996
 0.640824 0.971346 0.99845 0.999918 0.999996
 0.640824 0.971346 0.99845 0.999918 0.999996
 0.640824 0.971346 0.99845 0.999918 0.999996
 0.640824 0.971346 0.99845 0.999918 0.999996
 0.640824 0.971346 0.99845 0.999918 0.999996
 0.640824 0.971346 0.99845 0.999918 0.999996
 0.640824 0.971346 0.99845 0.999918 0.999996
 0.640824 0.971346 0.99845 0.999918 0.999996
 0.640824 0.971346 0.99845 0.999918 0.999996
 0.640824 0.971346 0.99845 0.999918 0.999996
 0.640824 0.971346 0.99845 0.999918 0.999996
 0.640824 0.971346 0.99845 0.999918 0.999996
 0.640824 0.971346 0.99845 0.999918 0.999996
 0.640824 0.971346 0.99845 0.999918 0.999996
 0.640824 0.971346 0.99845 0.999918 0.999996
 0.640824 0.971346 0.99845 0.999918 0.999996
 0.640824 0.971346 0.99845 0.999918 0.999996
 0.640824 0.971346 0.99845 0.999918 0.999996
 0.640824 0.971346 0.99845 0.999918 0.999996
 0.640824 0.971346 0.99845 0.999918 0.999996
 0.640824 0.971346 0.99845 0.999918 0.999996
 0.640824 0.971346 0.99845 0.999918 0.999996
 0.640824 0.971346 0.99845 0.999918 0.999996
 0.640824 0.971346 0.99845 0.999918 0.999996
 0.640824 0.971346 0.99845 0.999918 0.999996
Sel_reclas
 1 1 1 1 1
 1 1 1 1 1
 1 1 1 1 1
 1 1 1 1 1
 1 1 1 1 1
 1 1 1 1 1
 1 1 1 1 1
 1 1 1 1 1
 1 1 1 1 1
 1 1 1 1 1
 1 1 1 1 1
 1 1 1 1 1
 1 1 1 1 1
 1 1 1 1 1
 1 1 1 1 1
 1 1 1 1 1
 1 1 1 1 1
 1 1 1 1 1
 1 1 1 1 1
 1 1 1 1 1
 1 1 1 1 1
 1 1 1 1 1
 1 1 1 1 1
 1 1 1 1 1
 1 1 1 1 1
 1 1 1 1 1
 1 1 1 1 1
 1 1 1 1 1
 1 1 1 1 1
 1 1 1 1 1
 1 1 1 1 1
Sel_pelaces
 1 1 1 1 1
 1 1 1 1 1
 1 1 1 1 1
 1 1 1 1 1
 1 1 1 1 1
 1 1 1 1 1
 1 1 1 1 1
 1 1 1 1 1
 1 1 1 1 1
 1 1 1 1 1
 1 1 1 1 1
 1 1 1 1 1
 1 1 1 1 1
 1 1 1 1 1
 1 1 1 1 1
 1 1 1 1 1
 1 1 1 1 1
 1 1 1 1 1
 1 1 1 1 1
 1 1 1 1 1
 1 1 1 1 1
 1 1 1 1 1
 1 1 1 1 1
 1 1 1 1 1
 1 1 1 1 1
 1 1 1 1 1
 1 1 1 1 1
 1 1 1 1 1
 1 1 1 1 1
 1 1 1 1 1
 1 1 1 1 1
pf_obs 
 0.8446 0.082 0.0669 0.0065 0
 0.8095 0.147 0.0364 0.0071 0
 0.9664 0.0169 0.016 0.0007 0
 0.9276 0.0648 0.0075 0.0001 0
 0.7033 0.2144 0.0806 0.0017 0
 0.9318 0.0425 0.0243 0.0014 0
 0.5671 0.3108 0.0964 0.0239 0.0018
 0.0768 0.2599 0.5324 0.112 0.0189
 0.490249 0.384438 0.106611 0.0170017 0.00170017
 0.7925 0.1577 0.0466 0.003 0.0002
 0.840416 0.127587 0.0312969 0.00059994 9.999e-05
 0.8084 0.0986 0.0794 0.0134 0.0002
 0.7335 0.1905 0.0724 0.0035 0.0001
 0.4001 0.4547 0.1325 0.0127 0
 0.49795 0.308269 0.164784 0.0264974 0.00249975
 0.9179 0.0499 0.0305 0.0017 0
 0.2467 0.6533 0.0926 0.0074 0
 0.9418 0.0223 0.034 0.0019 0
 0.707729 0.231977 0.0356964 0.0245975 0
 0.517169 0.277429 0.184464 0.0207286 0.00020938
 0.811772 0.124168 0.05621 0.00726502 0.000585176
 0.764997 0.148141 0.077277 0.00933861 0.000247198
 0.163321 0.427699 0.378323 0.0303852 0.000271297
 0.753843 0.0900009 0.118128 0.0371064 0.000921714
 0.721811 0.176058 0.0630433 0.0369309 0.00215725
 0.143369 0.312575 0.442814 0.0836902 0.0175525
 0.692698 0.0596174 0.167031 0.0765114 0.00414204
 0.394062 0.376323 0.152708 0.0712218 0.00568511
 0.125707 0.32114 0.495352 0.0537591 0.00404204
 0.23352 0.215282 0.420074 0.123614 0.00750983
 0.796117 0.104755 0.0508955 0.0450114 0.00322123
pf_pred 
 0.411507 0.187378 0.366866 0.0342477 9.3281e-07
 0.433388 0.296994 0.0876026 0.166496 0.0155185
 0.539578 0.255482 0.109161 0.0311571 0.0646217
 0.578375 0.277074 0.0814206 0.0336549 0.0294748
 0.646374 0.251961 0.0677805 0.0191051 0.0147793
 0.892722 0.080388 0.0193469 0.00503223 0.00251103
 0.39528 0.564081 0.0307225 0.00713802 0.00277773
 0.431301 0.316415 0.236079 0.0122582 0.00394604
 0.679425 0.175179 0.0820035 0.059327 0.00406534
 0.843719 0.124854 0.0175243 0.00784929 0.00605342
 0.852717 0.134157 0.010584 0.00141857 0.00112255
 0.734528 0.238752 0.0244025 0.0018694 0.000448103
 0.661766 0.279241 0.0532558 0.0052407 0.000496686
 0.616181 0.295285 0.073564 0.0135166 0.00145326
 0.738977 0.196997 0.049788 0.0118357 0.00240241
 0.950608 0.041279 0.00618556 0.00149969 0.000427908
 0.25903 0.718539 0.018856 0.00272695 0.000848157
 0.906422 0.0333385 0.0584715 0.00148648 0.000281352
 0.530561 0.44123 0.0102566 0.0174267 0.000525976
 0.53301 0.302141 0.155262 0.00348978 0.00609734
 0.729041 0.176275 0.0619796 0.0308054 0.00189866
 0.714508 0.23167 0.0354081 0.0120608 0.00635316
 0.219313 0.625864 0.126422 0.0186951 0.00970488
 0.730013 0.0823052 0.151363 0.0296656 0.00665322
 0.568444 0.349634 0.0255007 0.0455169 0.0109039
 0.365889 0.425931 0.169641 0.0120096 0.0265287
 0.73235 0.12634 0.095834 0.0370683 0.00840732
 0.673056 0.265297 0.0295686 0.0217663 0.0103119
 0.241271 0.576852 0.14841 0.0160658 0.0174017
 0.310436 0.226369 0.354598 0.0886393 0.0199571
 0.82696 0.0722468 0.0337801 0.051322 0.0156915
pobs_RECLAS
 0 0 0 0 0
 0 0 0 0 0
 0 0 0 0 0
 0 0 0 0 0
 0 0 0 0 0
 0 0 0 0 0
 0 0 0 0 0
 0 0 0 0 0
 0 0 0 0 0
 0 0 0 0 0
 0.991045 0.00858322 0.000360255 1.14367e-05 0
 0.934742 0.0480273 0.0164251 0.00080598 0
 0.827803 0.169806 0.00239088 0 0
 0.941827 0.0461693 0.0120037 0 0
 0.791401 0.0380133 0.147996 0.0225897 0
 0.846168 0.0940531 0.0597789 0 0
 0.134021 0.677848 0.182769 0.00536245 0
 0.80878 0.0450904 0.141981 0.00414843 0
 0.846168 0.0940531 0.0597789 0 0
 0.905697 0.0802665 0.012482 0.00150086 5.37128e-05
 0.989698 0.0102097 9.19794e-05 0 0
 0.975433 0.0193895 0.00387452 0.00125025 5.28907e-05
 0.303575 0.632131 0.0575291 0.00676475 0
 0.966965 0.00978017 0.0227588 0.000495775 0
 0.843318 0.132988 0.00938335 0.0141283 0.000182051
 0.564624 0.303363 0.111486 0.0197234 0.00080311
 0.826376 0.0876187 0.0782897 0.00655872 0.00115652
 0.89761 0.0855135 0.0140674 0.00269457 0.000114338
 0.34875 0.467042 0.161289 0.0227151 0.000203297
 0.318654 0.224769 0.449479 0.00709798 0
 0.937255 0.0296025 0.0250945 0.00804832 0
ppred_RECLAS
 0.520988 0.155467 0.295958 0.0275869 7.51328e-07
 0.543889 0.242459 0.069491 0.131871 0.0122902
 0.646055 0.198973 0.0826075 0.0235419 0.0488233
 0.686133 0.208495 0.0593972 0.0245109 0.0214646
 0.739497 0.187171 0.0489169 0.0137668 0.0106488
 0.928333 0.054099 0.0126453 0.00328399 0.00163854
 0.513358 0.454943 0.0239751 0.00556052 0.00216365
 0.540004 0.259147 0.187967 0.00974528 0.00313686
 0.77347 0.125604 0.0569646 0.0411424 0.002819
 0.896925 0.0828917 0.0112633 0.00503616 0.00388356
 0.898458 0.0927234 0.00711317 0.000951951 0.000753243
 0.812156 0.169442 0.0168077 0.00128552 0.00030812
 0.75347 0.204582 0.0378749 0.0037212 0.000352647
 0.721711 0.215705 0.0520168 0.0095409 0.00102571
 0.81801 0.138397 0.0339114 0.00804814 0.00163347
 0.967677 0.0271442 0.00394982 0.000956131 0.000272792
 0.34913 0.631709 0.0161117 0.00232652 0.000723554
 0.937973 0.0225057 0.0383636 0.000973807 0.000184302
 0.635529 0.343177 0.00775006 0.0131476 0.000396792
 0.639588 0.235557 0.117605 0.0026393 0.00461101
 0.806432 0.127199 0.0434679 0.0215718 0.00132945
 0.794673 0.16753 0.0248788 0.00846127 0.0044567
 0.301484 0.563125 0.110587 0.0163288 0.00847582
 0.80807 0.0596723 0.106696 0.0208799 0.00468245
 0.669078 0.269575 0.0191163 0.03407 0.00816109
 0.470323 0.359073 0.139061 0.00983002 0.0217123
 0.809238 0.0914096 0.0674124 0.0260357 0.00590459
 0.759344 0.19633 0.0212775 0.0156396 0.00740874
 0.327792 0.514502 0.128723 0.0139138 0.0150695
 0.412327 0.196647 0.299457 0.0747425 0.0168269
 0.881648 0.050264 0.0228424 0.0346516 0.0105937
pobs_PELACES
 0 0 0 0 0
 0 0 0 0 0
 0 0 0 0 0
 0 0 0 0 0
 0 0 0 0 0
 0 0 0 0 0
 0 0 0 0 0
 0 0 0 0 0
 0 0 0 0 0
 0 0 0 0 0
 0 0 0 0 0
 0 0 0 0 0
 0 0 0 0 0
 0 0 0 0 0
 0 0 0 0 0
 0 0 0 0 0
 0.505614 0.472636 0.0217494 0 0
 0 0 0 0 0
 0.443492 0.261883 0.143347 0.151278 0
 0.227955 0.32914 0.350689 0.0885471 0.00366901
 0.970185 0.0296113 0.000203453 0 0
 0.997202 0.00247181 0.000326279 0 0
 0.445219 0.490057 0.0546422 0.010081 0
 0.90214 0.0892962 0.00764917 0.000914606 0
 0 0 0 0 0
 0.581667 0.319106 0.0959925 0.00289975 0.000334073
 0.762889 0.0836404 0.116647 0.0363945 0.000428098
 0.88444 0.0763242 0.0277011 0.0115352 0
 0.521256 0.241999 0.230069 0.00667565 0
 0.616807 0.101726 0.260614 0.0208532 0
 0.833518 0.0704572 0.0857862 0.0102388 0
ppred_PELACES
 0.527061 0.153693 0.292028 0.0272177 7.4127e-07
 0.555056 0.236931 0.0676656 0.128382 0.0119649
 0.656325 0.19351 0.0800526 0.0228094 0.0473037
 0.706893 0.195228 0.0551835 0.0227624 0.019933
 0.748839 0.180661 0.0470304 0.0132331 0.0102358
 0.932026 0.05137 0.0119527 0.00310334 0.00154839
 0.545877 0.424839 0.0221515 0.0051346 0.00199786
 0.547322 0.255285 0.184734 0.00957644 0.0030825
 0.792444 0.115547 0.0519427 0.0374973 0.00256918
 0.907775 0.0743137 0.00999779 0.00446791 0.00344527
 0.900294 0.0910604 0.00697407 0.000933251 0.000738444
 0.823167 0.159605 0.015737 0.00120324 0.000288393
 0.766085 0.194299 0.0357706 0.0035134 0.000332948
 0.746232 0.197149 0.0470637 0.00862767 0.000927503
 0.831932 0.128049 0.0311335 0.00738577 0.001499
 0.96952 0.0256169 0.00370934 0.000897679 0.000256112
 0.357468 0.623671 0.0158592 0.0022897 0.000712097
 0.940144 0.0217588 0.0369811 0.000938563 0.00017763
 0.646614 0.332818 0.00748663 0.012698 0.000383219
 0.650524 0.228712 0.113753 0.00255234 0.00445903
 0.812167 0.123558 0.0420989 0.020889 0.00128736
 0.801966 0.16169 0.0239238 0.00813487 0.00428473
 0.307248 0.558718 0.109481 0.0161635 0.00838998
 0.812094 0.0585038 0.104394 0.0204273 0.00458092
 0.674543 0.265224 0.0187702 0.0334495 0.00801242
 0.475633 0.35567 0.137509 0.00971941 0.0214679
 0.813338 0.0895448 0.0658983 0.025448 0.00577128
 0.763084 0.19334 0.0209187 0.0153744 0.00728312
 0.331756 0.511643 0.127823 0.0138154 0.014963
 0.419753 0.194473 0.295444 0.0737314 0.0165991
 0.885445 0.0487352 0.0220839 0.0334957 0.0102403
pobs_pel_tallas
 0 0 0 0 0 0 0 0 0 0 0 0 0 0 0 0 0 0 0 0 0 0 0 0 0 0
 0 0 0 0 0 0 0 0 0 0 0 0 0 0 0 0 0 0 0 0 0 0 0 0 0 0
 0 0 0 0 0 0 0 0 0 0 0 0 0 0 0 0 0 0 0 0 0 0 0 0 0 0
 0 0 0 0 0 0 0 0 0 0 0 0 0 0 0 0 0 0 0 0 0 0 0 0 0 0
 0 0 0 0 0 0 0 0 0 0 0 0 0 0 0 0 0 0 0 0 0 0 0 0 0 0
 0 0 0 0 0 0 0 0 0 0 0 0 0 0 0 0 0 0 0 0 0 0 0 0 0 0
 0 0 0 0 0 0 0 0 0 0 0 0 0 0 0 0 0 0 0 0 0 0 0 0 0 0
 0 0 0 0 0 0 0 0 0 0 0 0 0 0 0 0 0 0 0 0 0 0 0 0 0 0
 0 0 0 0 0 0 0 0 0 0 0 0 0 0 0 0 0 0 0 0 0 0 0 0 0 0
 0 0 0 0 0 0 0 0 0 0 0 0 0 0 0 0 0 0 0 0 0 0 0 0 0 0
 0 0 0 0 0 0 0 0 0 0 0 0 0 0 0 0 0 0 0 0 0 0 0 0 0 0
 0 0 0 0 0 0 0 0 0 0 0 0 0 0 0 0 0 0 0 0 0 0 0 0 0 0
 0.00862536 0 0 0.000197151 0.00414017 0.0128641 0.00837892 0.0270097 0.101434 0.158115 0.152841 0.127902 0.109271 0.109419 0.0830992 0.0579132 0.0238553 0.00714673 0.00463305 0.00128148 0.00103504 0.000492878 0.000147863 0.000147863 4.92878e-05 0
 0 0 0 0 0 0 0 0 0 0 0 0 0 0 0 0 0 0 0 0 0 0 0 0 0 0
 0 0 0 0 0 0 0 0.0054083 0.00873648 0.0413646 0.0450493 0.0745869 0.0622846 0.0627006 0.0613931 0.0827291 0.12552 0.122667 0.0946155 0.0697135 0.0546179 0.0294188 0.0215738 0.0213955 0.0102223 0.00600262
 0 0 0 0 0.00359764 0.0251062 0.0480494 0.140153 0.205849 0.193036 0.1447 0.116669 0.0760912 0.0342217 0.00950174 0.001854 0.000860785 0 0 0 0.000165536 0 0.000143464 0 0 0
 0 0 0 0 0 0 0 0.000145254 0.000435761 0.0275982 0.070085 0.0708112 0.156366 0.174668 0.174014 0.160142 0.0824315 0.0480064 0.0283245 0.00493863 0.00203355 0 0 0 0 0
 0 0 0 0 0 0 0 0 0 0 0 0 0 0 0 0 0 0 0 0 0 0 0 0 0 0
 0 0 1.00437e-05 0.000401748 0.00122533 0.00171747 0.00176769 0.0269171 0.070346 0.194647 0.189555 0.159765 0.064822 0.0314167 0.0384472 0.0292271 0.0345202 0.0313363 0.0194345 0.0106764 0.0143323 0.0359363 0.0279516 0.0138201 0.00172751 0
 0 0.0021121 0.0136068 0.0755702 0.200478 0.177729 0.0527432 0.0373336 0.0318909 0.0142505 0.0149659 0.0166563 0.0217959 0.0798694 0.0677717 0.0528807 0.04013 0.0224614 0.0357745 0.0225083 0.00881397 0.00855152 0.00135912 0.000746735 0 0
 0 0 0 0 5.4009e-05 0.00500934 0.000945158 0.0243581 0.138947 0.33067 0.221406 0.137944 0.0707744 0.0437923 0.0131692 0.00525238 0.0047753 0.00276346 9.45158e-05 9.00151e-06 2.25038e-05 9.00151e-06 4.50075e-06 0 0 0
 0.000866109 0.00284123 0.00948549 0.0512746 0.133035 0.25785 0.225252 0.132002 0.0553304 0.0519788 0.0540692 0.017754 0.00435017 0.00159236 0.00146478 0.000404838 0.000125132 0.000115318 0.000107957 0.000100596 0 0 0 0 0 0
 0 0 0 0 0.00144013 0.00171154 0.00461396 0.0210425 0.0478622 0.0707936 0.0888783 0.103762 0.0637923 0.0337046 0.0602308 0.124433 0.169614 0.0934646 0.0462172 0.0250306 0.0313229 0.00938855 0.002487 0.000210481 0 0
 0 0.00764035 0.051015 0.0998891 0.058973 0.0496711 0.0374665 0.0718981 0.12319 0.153886 0.159021 0.0857701 0.0377988 0.023471 0.0147837 0.00900784 0.00315554 0.000888139 0.00291439 0.00214683 0.00393193 0.00274676 0.000635225 9.99891e-05 0 0
 0 0 0 0 0 0 0 0 0 0 0 0 0 0 0 0 0 0 0 0 0 0 0 0 0 0
 0 0 0 0 0 0 0 0 0 0 0 0 0 0 0 0 0 0 0 0 0 0 0 0 0 0
 0 0 0 0 0 0 0 0 0 0 0 0 0 0 0 0 0 0 0 0 0 0 0 0 0 0
 0 0 0 0 0 0 0 0 0 0 0 0 0 0 0 0 0 0 0 0 0 0 0 0 0 0
 0 0 0 0 0 0 0 0 0 0 0 0 0 0 0 0 0 0 0 0 0 0 0 0 0 0
 0 0 0 0 0 0 0 0 0 0 0 0 0 0 0 0 0 0 0 0 0 0 0 0 0 0
 0 0 0 0 0 0 0 0 0 0 0 0 0 0 0 0 0 0 0 0 0 0 0 0 0 0
ppred_pel_tallas
 1.11197e-16 4.34133e-05 0.000421993 0.00280429 0.0127479 0.0396636 0.084508 0.123345 0.12336 0.0845827 0.0399155 0.0134809 0.00466462 0.00455056 0.00808171 0.013806 0.021079 0.0289926 0.0365601 0.0431866 0.0487622 0.053227 0.0560667 0.0563207 0.053178 0.0466503
 1.16914e-16 4.57193e-05 0.000444408 0.00295325 0.013425 0.0417704 0.0889971 0.129899 0.129922 0.0891092 0.0421471 0.0145146 0.00569353 0.00644504 0.0114988 0.0190934 0.027886 0.0359296 0.0413235 0.0433332 0.0428594 0.0417624 0.0415524 0.0424714 0.0435472 0.043377
 1.12653e-16 5.40606e-05 0.000525489 0.00349206 0.0158744 0.0493912 0.105234 0.153596 0.153615 0.105326 0.0496993 0.0167654 0.00573338 0.00543477 0.00942684 0.0156303 0.0228262 0.0293871 0.0337064 0.0350975 0.0341969 0.0324627 0.0311726 0.0307163 0.0306104 0.0300265
 1.07299e-16 5.82259e-05 0.000565977 0.00376111 0.0170975 0.0531967 0.113342 0.16543 0.165449 0.113434 0.0535066 0.017993 0.00601169 0.00548794 0.00943268 0.0155735 0.0226005 0.0287929 0.032445 0.0327985 0.030486 0.0270562 0.0239688 0.0218533 0.0204709 0.0191881
 1.04463e-16 6.16809e-05 0.000599561 0.00398429 0.018112 0.0563533 0.120067 0.175246 0.175263 0.120153 0.0566398 0.0189399 0.00606433 0.00514655 0.00871574 0.0143603 0.0207968 0.0264005 0.0295581 0.0295323 0.026885 0.0230535 0.0194361 0.016707 0.0147682 0.0131565
 1.00932e-16 7.67697e-05 0.000746229 0.00495895 0.0225427 0.0701387 0.149438 0.21811 0.218115 0.149462 0.0702201 0.0227779 0.00554976 0.00203727 0.00253255 0.00407546 0.00588731 0.00745389 0.00830728 0.00823308 0.00738987 0.006191 0.00504511 0.00416012 0.0035256 0.00302429
 1.01601e-16 4.49632e-05 0.000437059 0.00290441 0.0132031 0.0410798 0.0875264 0.127756 0.127797 0.0877262 0.0417503 0.0151389 0.00776066 0.0110282 0.0201299 0.0331298 0.0475378 0.0593955 0.0647 0.0616063 0.0515457 0.0383012 0.0258114 0.0163908 0.0103796 0.00691915
 1.06879e-16 4.50822e-05 0.000438216 0.0029121 0.013238 0.0411884 0.0877572 0.128089 0.128114 0.0878787 0.0415969 0.0144208 0.00589198 0.0069796 0.0125743 0.0209917 0.0308728 0.0401449 0.0466684 0.0493651 0.0487075 0.0461104 0.0427923 0.0391004 0.0347268 0.0293947
 1.05724e-16 6.52726e-05 0.000634472 0.00421629 0.0191667 0.0596347 0.127058 0.185448 0.185459 0.127113 0.0598188 0.0196994 0.00555692 0.00357253 0.00567933 0.00937676 0.0137186 0.0177187 0.020423 0.021414 0.0210372 0.0200967 0.0192684 0.0187081 0.0181021 0.0170141
 1.01339e-16 7.47723e-05 0.000726813 0.00482993 0.0219562 0.0683138 0.14555 0.212436 0.212443 0.145585 0.0684313 0.0222956 0.00568208 0.00258723 0.00360864 0.00584928 0.00842383 0.0106055 0.0117108 0.0114319 0.0100182 0.0081068 0.00633681 0.00504811 0.00423718 0.00371097
 1.00444e-16 7.4156e-05 0.000720823 0.00479012 0.0217752 0.0677508 0.144351 0.210686 0.210694 0.144393 0.0678946 0.0221904 0.00583181 0.00299322 0.00438509 0.00711953 0.0102192 0.0127882 0.0139681 0.0133638 0.0112773 0.00850887 0.00588843 0.00389899 0.00260687 0.0018305
 1.00665e-16 6.78032e-05 0.000659071 0.00437976 0.0199098 0.0619467 0.131985 0.192639 0.192654 0.13206 0.0621989 0.0206378 0.00620672 0.00464528 0.0076322 0.0124939 0.0179525 0.0224921 0.0246145 0.0236244 0.0200398 0.0152437 0.0106687 0.00714626 0.00479326 0.00330968
 1.01491e-16 6.31014e-05 0.000613368 0.00407605 0.0185291 0.0576511 0.122832 0.179282 0.1793 0.122924 0.0579586 0.0194174 0.00630625 0.00548361 0.00931743 0.015316 0.0220847 0.0278264 0.0307466 0.0300044 0.0261947 0.0209176 0.0158022 0.0117525 0.00885166 0.00674887
 1.02431e-16 6.14662e-05 0.000597473 0.00397042 0.018049 0.0561571 0.119649 0.174636 0.174655 0.119742 0.0564695 0.0189516 0.00623768 0.0055517 0.00948443 0.0156187 0.0225777 0.0285667 0.0317912 0.031411 0.0280139 0.0231709 0.018451 0.0146787 0.0118681 0.00963974
 1.01926e-16 6.85252e-05 0.000666089 0.0044264 0.0201218 0.0626064 0.13339 0.194689 0.194701 0.13345 0.0628093 0.0207082 0.00589941 0.00388512 0.00619213 0.0101548 0.0146833 0.0185937 0.0207243 0.020535 0.0184116 0.0153732 0.0124307 0.0101037 0.00838061 0.00699492
 1.00248e-16 7.98581e-05 0.000776249 0.00515845 0.0234496 0.0729603 0.15545 0.226884 0.226886 0.155462 0.0730008 0.0235666 0.00545218 0.00141749 0.00129776 0.00201924 0.0029014 0.00364912 0.00402118 0.00390781 0.00339103 0.0026873 0.00201694 0.00150196 0.00115132 0.000911922
 1.00968e-16 2.94443e-05 0.000286209 0.00190196 0.00864608 0.0269015 0.0573187 0.0836709 0.0837308 0.0576118 0.0278852 0.0114859 0.00902448 0.0158154 0.0294651 0.0485153 0.0695331 0.0866977 0.0940968 0.0890047 0.0735475 0.0533584 0.0343426 0.0200308 0.0110203 0.00607964
 1.01198e-16 7.74384e-05 0.000752729 0.00500215 0.022739 0.0707496 0.15074 0.220009 0.220011 0.15075 0.0707851 0.0228422 0.00526371 0.00133197 0.00120166 0.00192668 0.00291317 0.00396405 0.00492376 0.00570182 0.00628854 0.00669756 0.00689225 0.00677768 0.0062713 0.00538703
 1.0164e-16 5.32608e-05 0.000517714 0.0034404 0.0156396 0.0486606 0.103678 0.151328 0.15136 0.103834 0.0491857 0.0171552 0.007242 0.008807 0.0157679 0.0259099 0.0371486 0.0463611 0.0504099 0.0478648 0.0398814 0.0294714 0.0197633 0.0125836 0.00816721 0.00577039
 1.04352e-16 5.35828e-05 0.000520844 0.00346119 0.0157341 0.0489547 0.104304 0.152239 0.152262 0.104412 0.049319 0.0167878 0.00611199 0.00632706 0.0111375 0.0184753 0.0269502 0.0345951 0.039408 0.0404102 0.038141 0.034131 0.0298288 0.0258759 0.0221671 0.0183923
 1.0356e-16 6.68971e-05 0.000650264 0.00432123 0.0196437 0.0611189 0.130221 0.190063 0.190075 0.130279 0.0613152 0.0202113 0.00574814 0.00377258 0.00601854 0.00990169 0.0143941 0.0183922 0.0208183 0.0211809 0.0198459 0.0177369 0.0157143 0.0141339 0.0128498 0.0115263
 1.02273e-16 6.60569e-05 0.000642097 0.00426696 0.019397 0.0603513 0.128585 0.187678 0.187693 0.128662 0.0606071 0.0201357 0.0061215 0.00469118 0.00775789 0.012726 0.0183389 0.0230908 0.0254953 0.0248725 0.0217495 0.017495 0.0134899 0.0104795 0.00848316 0.0071248
 1.06344e-16 2.53077e-05 0.000246 0.00163476 0.00743141 0.0231222 0.0492662 0.0719168 0.0719707 0.0495296 0.0240067 0.00998672 0.00805117 0.0142604 0.0266627 0.0440945 0.063646 0.0803024 0.0889463 0.0871904 0.0767579 0.0622311 0.0482351 0.0372743 0.0294766 0.0237348
 1.05852e-16 6.68911e-05 0.000650205 0.00432084 0.0196419 0.0611134 0.130209 0.190045 0.19005 0.130237 0.0612091 0.0199205 0.00502776 0.00221849 0.00311903 0.00524332 0.00799766 0.0110021 0.0138943 0.0164792 0.0187584 0.0207526 0.0222846 0.0229587 0.0223785 0.0204218
 1.0532e-16 5.55613e-05 0.000540076 0.00358899 0.0163151 0.0507623 0.108155 0.157861 0.157887 0.10828 0.0511814 0.0175251 0.00662566 0.00716686 0.0126349 0.0207862 0.0299109 0.0375721 0.0413438 0.0401539 0.0349508 0.0280859 0.0219079 0.0176451 0.0152252 0.013838
 1.08667e-16 3.91773e-05 0.000380818 0.00253067 0.0115041 0.0357936 0.0762634 0.111316 0.11135 0.0764317 0.0363589 0.0131386 0.00664022 0.00937397 0.0171832 0.0285133 0.0414626 0.052959 0.0598691 0.0607136 0.0564691 0.0497412 0.0430272 0.0374787 0.0328984 0.0285633
 1.05454e-16 6.69936e-05 0.000651201 0.00432746 0.019672 0.061207 0.130408 0.190337 0.190345 0.130451 0.0613505 0.0200877 0.0053754 0.00295388 0.00448459 0.00742492 0.0109656 0.0143748 0.0169495 0.0183688 0.0188439 0.0188754 0.0188271 0.0186779 0.0181201 0.0168542
 1.03428e-16 6.28542e-05 0.000610966 0.00406008 0.0184566 0.0574253 0.122351 0.178579 0.178598 0.122442 0.0577309 0.0193392 0.00627553 0.00544675 0.00924551 0.0151825 0.021861 0.0274893 0.030294 0.0294783 0.0257052 0.0206544 0.0160133 0.0126803 0.0106422 0.00937495
 1.07738e-16 2.73264e-05 0.000265623 0.00176516 0.00802419 0.0249665 0.0531956 0.0776509 0.0777003 0.053437 0.0257774 0.0103674 0.00765107 0.0131283 0.0244962 0.0405585 0.0586669 0.0742816 0.0827672 0.081954 0.0733716 0.061091 0.0491678 0.0397173 0.0327444 0.0272269
 1.18779e-16 3.45746e-05 0.000336077 0.00223335 0.0101525 0.0315883 0.0673029 0.0982346 0.0982538 0.0673969 0.031905 0.011073 0.00456546 0.00549846 0.0100489 0.0171088 0.025934 0.0353274 0.0440338 0.0514161 0.0576151 0.0629608 0.0671902 0.0692531 0.0679146 0.0626221
 1.05742e-16 7.29329e-05 0.000708934 0.00471112 0.0214161 0.0666333 0.14197 0.20721 0.207214 0.141993 0.0667112 0.0216414 0.00527877 0.0019549 0.00245984 0.00400731 0.00590336 0.00772907 0.00912788 0.00998175 0.0104878 0.0110024 0.0117638 0.012711 0.0135189 0.0137922
pSPR Fmed_Fpbrs
0.529458   0.250367 0.250367
Fs Fmed_Fpbrs
0.397431   1.005 1.005
SSBpbr Bo_Bmed_Bpbrs
1.66827e+06  799867  334266 334266
Ro
130614
SPR SPRFo_SPRFmed_SPRFpbrs
932271 493599 233410
Fref
1.005
Nvult_r0
 169317 10621.1 4863.41 7380.74 2256.5
CTP_r0
 29004.3 2533.94 1184.78 1800.04 550.353
YTP_r0
391253
Np
 194932 37660.9 10017.7 526.926 270.123
Nvult_p0
 157271 32441.3 8666.65 455.965 233.748
CTP_p0
 61609 30756.7 1692.9 766.718 1472.73
 61609 16025.3 4340.77 228.541 117.165
YTP_p0
 1.05491e+06 823646
CBA_c0
985529
log_Ro
11.6
likeval ReclasPelacesDesembMPH_pf_preclas_ppelaces_ptallas_desvR_qrecl_qpela
 13.4321 24.8664 0.0167631 0.00228077 242.048 117.1 100.181 0 34.8586 0 0 0.0370775 0 0 0
q_reclas_q_pelaces
1 1
M
1
N
 145190 44866.9 85657.3 7985.53 0.217488
 97973.8 46643 13440.6 25513.2 2377.84
 84897.4 27932.8 11659.9 3323.87 6893.46
 68826.9 24172.6 6968.68 2877.55 2520.01
 53062.7 14442.5 3797.1 1068.97 826.878
 232266 14728 3466.51 900.59 449.357
 57080.4 61586.9 3298.38 765.659 297.939
 19539 9790.18 7126.27 369.537 118.95
 31806.8 6080.6 2794.85 2020.02 138.414
 55961.2 6214.92 857.3 383.638 295.85
 94893.1 10096.7 776.494 103.932 82.2379
 133031 31013.8 3104.52 237.564 56.9419
 105687 31818.7 5940.81 583.952 55.3407
 72294.2 26048 6378.44 1170.9 125.885
 65983.6 12883.8 3194.23 758.567 153.965
 453410 13925 2041.38 494.355 141.047
 61388.9 117376 3007.22 434.348 135.085
 719564 18234.7 31222.8 792.74 150.035
 368839 214174 4865.66 8257.02 249.199
 259093 102379 51409.6 1154.1 2016.32
 435488 72554.1 24905.6 12362.9 761.925
 574436 129571 19348.6 6582.44 3467.14
 83584.6 162592 32036.4 4731.21 2455.87
 342653 26270.1 47116.2 9221.97 2068.1
 260713 108999 7752.94 13819.9 3310.44
 105477 83099 32265.6 2281.12 5038.52
 292493 34349.4 25412.8 9816.51 2226.29
 347101 92540.9 10054.5 7391.36 3501.45
 70324.2 113363 28424.3 3072.78 3328.05
 46817.6 23329.9 35655.2 8901.06 2003.93
 241598 14528 6631.16 10061.8 3076.13
pred_Ctot
 11761.6 5355.58 10485.7 978.859 0.0266613
 14226.9 9749.44 2875.73 5465.59 509.427
 12385.7 5864.41 2505.72 715.19 1483.35
 19554.2 9367.56 2752.74 1137.83 996.509
 8425.96 3284.5 883.569 249.049 192.658
 42101.2 3791.14 912.409 237.322 118.421
 20467.8 29208.4 1590.82 369.61 143.832
 1928.97 1415.15 1055.85 54.824 17.6485
 9917.54 2557.09 1197 865.994 59.3416
 19081.6 2823.7 396.331 177.52 136.904
 6758.52 1063.31 83.8874 11.2434 8.89718
 30460.7 9900.99 1011.96 77.5234 18.5827
 22775.9 9610.63 1832.9 180.369 17.0944
 24965 11963.7 2980.5 547.637 58.8799
 18595.8 4957.3 1252.88 297.838 60.455
 87381.3 3794.43 568.586 137.853 39.334
 7604.25 21093.9 553.549 80.0541 24.8991
 88351.6 3249.61 5699.39 144.892 27.4242
 58561 48701.1 1132.08 1923.48 58.055
 39987.1 22667 11647.9 261.808 457.43
 53560.8 12950.5 4553.49 2263.2 139.49
 85539 27734.9 4238.97 1443.89 760.584
 7795.67 22246.9 4493.78 664.532 344.968
 29656.5 3343.62 6149.05 1205.15 270.285
 22273.7 13699.9 999.211 1783.52 427.256
 7728.55 8996.79 3583.28 253.675 560.357
 26200.2 4519.88 3428.51 1326.13 300.776
 24860.3 9799.17 1092.16 803.97 380.885
 4403.1 10527.3 2708.43 293.195 317.574
 4695.92 3424.24 5363.95 1340.83 301.887
 29004.3 2533.94 1184.78 1800.04 550.353
F
 0.135524 0.205424 0.211156 0.211467 0.211483
 0.254897 0.386367 0.397148 0.397732 0.397763
 0.256224 0.388378 0.399215 0.399802 0.399833
 0.561417 0.850982 0.874727 0.876014 0.876082
 0.281723 0.427028 0.438944 0.439589 0.439623
 0.327436 0.496319 0.510168 0.510919 0.510958
 0.763082 1.15666 1.18894 1.19069 1.19078
 0.167309 0.253602 0.260679 0.261062 0.261082
 0.632726 0.959071 0.985832 0.987282 0.987359
 0.712453 1.07992 1.11005 1.11169 1.11177
 0.11832 0.179346 0.184351 0.184622 0.184636
 0.430529 0.652585 0.670795 0.671781 0.671833
 0.400541 0.60713 0.624071 0.624989 0.625037
 0.724773 1.09859 1.12925 1.13091 1.131
 0.555718 0.842344 0.865848 0.867122 0.867189
 0.351418 0.532672 0.547535 0.54834 0.548383
 0.213903 0.324229 0.333276 0.333766 0.333792
 0.211855 0.321125 0.330086 0.330571 0.330597
 0.28168 0.426964 0.438878 0.439524 0.439558
 0.272853 0.413585 0.425125 0.42575 0.425783
 0.212242 0.321712 0.330689 0.331175 0.331201
 0.262144 0.397352 0.40844 0.40904 0.409072
 0.157428 0.238626 0.245285 0.245645 0.245665
 0.145377 0.220359 0.226507 0.22684 0.226858
 0.143387 0.217342 0.223407 0.223735 0.223752
 0.121904 0.184779 0.189935 0.190214 0.190229
 0.150791 0.228565 0.234942 0.235288 0.235306
 0.119019 0.180406 0.18544 0.185712 0.185727
 0.103381 0.156702 0.161074 0.161311 0.161324
 0.170181 0.257956 0.265154 0.265544 0.265565
 0.206712 0.313329 0.322072 0.322546 0.322571
YTP_r0W_actual
 240735 35728.5 32700 61561.2 20528.2
YTP_p0W_proyectada
 461452 481958 39156.7 22518.5 49822.6
 461452 251117 100402 6712.26 3963.7
CTP_r0_actual
 29004.3 2533.94 1184.78 1800.04 550.353
CTP_p0_proyectada
 61609 30756.7 1692.9 766.718 1472.73
 61609 16025.3 4340.77 228.541 117.165
Wmedp
 7.49 15.67 23.13 29.37 33.83
Frms_r0
 0.206712 0.313329 0.322072 0.322546 0.322571
Zrms_r0
 1.20671 1.31333 1.32207 1.32255 1.32257
nmprior
 8.19 8.8 8.5 0
nm_flota  nm_reclas  nm_pelaces    nm_pelaL
inf 15.1557 12.222 25.8991
cv_recla  cv_pelaces  cv_mph
0.331511 0.565429 1.47382
 ------------------------------------------------
Talla a la edad & desviaci?n 
 8 13.2811 15.8009 17.003 17.5766
 0.8 1.32811 1.58009 1.7003 1.75766
