years
 1991 1992 1993 1994 1995 1996 1997 1998 1999 2000 2001 2002 2003 2004 2005 2006 2007 2008 2009 2010 2011 2012 2013 2014 2015 2016 2017 2018 2019 2020 2021
reclasobs
 0 0 0 0 0 0 0 0 0 252601 567819 844713 477998 351125 339783 2.1784e+06 2.13404e+06 4.81314e+06 1.55562e+06 2.62356e+06 3.21686e+06 3.843e+06 1.13348e+06 3.07943e+06 1.97215e+06 2.03268e+06 2.025e+06 2.42433e+06 2.27542e+06 1.05018e+06 2.36338e+06
reclaspred
 3.3064e+06 1.88588e+06 957470 956079 955197 1.45653e+06 984240 885513 650472 484469 508670 631976 630258 514228 525150 1.26285e+06 1.27569e+06 2.6891e+06 2.24863e+06 1.70198e+06 3.02257e+06 2.45887e+06 2.00243e+06 3.03792e+06 2.29806e+06 2.03554e+06 2.37943e+06 2.49846e+06 2.08851e+06 1.35491e+06 1.93539e+06
pelacesobs
 0 0 0 0 0 0 0 0 0 0 0 0 0 0 0 552880 188675 0 991730 2.46772e+06 1.41603e+06 1.21717e+06 2.29649e+06 1.80582e+06 0 1.4828e+06 1.56532e+06 1.57751e+06 1.42118e+06 867257 1.10002e+06
pelacespred
 1.85971e+06 1.19193e+06 614305 499184 507897 799606 521315 551056 402499 287651 305967 320566 348998 306700 317795 628280 632447 1.51413e+06 1.32888e+06 940380 1.57816e+06 1.42329e+06 1.14029e+06 1.8748e+06 1.38029e+06 1.21289e+06 1.60801e+06 1.66795e+06 1.14894e+06 850780 1.19471e+06
mphobs
 0 0 0 0 0 0 0 0 0 0 0 498337 0 5186 125008 0 168611 109162 213762 579715 649985 157893 87575 83554 0 0 0 0 0 0 0
mphpred
 492575 330757 168781 91550.6 102047 113361 148384 100868 87721.9 62606.5 42262 58963.2 63749.4 55748.7 40799.9 50687.5 146341 144817 265459 207145 223382 274898 261946 220114 300662 248673 205394 216184 296621 207706 134777
desembarqueobs
 494567 514787 250237 358949 120608 361735 552515 73892 212993 205616 52469 317467 293654 387597 252695 516296 358380 742168 942051 627588 828172 859565 418607 520667 417249 300574 415391 372974 316634 284311 391294
desembarquepred
 494574 513222 251039 358970 120612 361748 552563 73895.2 213031 205652 52471.1 317529 293707 387654 252699 516280 358401 742102 941924 627505 828232 859600 418619 520688 417252 300577 415394 372966 316632 284320 391298
Reclutas
 236855 137115 135032 247564 198009 327565 138104 65721.7 60246 78408.4 142498 179253 150851 106447 110492 575727 132371 870842 509917 389335 593063 791957 172714 509185 427648 193693 430368 481613 145863 106866 395831
log_desv_Rt
 0.0528839 -0.493748 -0.509055 0.0971061 -0.126253 0.37712 -0.486555 -1.22914 -1.31613 -1.05263 -0.455235 -0.225765 -0.398272 -0.746913 -0.709618 0.941068 -0.528956 1.3549 0.819684 0.549876 0.970737 1.25994 -0.262929 0.818246 0.643736 -0.148289 0.650077 0.762577 -0.431899 -0.742987 0.566422
SSB
 4.54526e+06 3.05208e+06 1.55743e+06 844787 941642 1.04604e+06 1.36922e+06 930765 809457 577704 389974 544085 588250 514424 376482 467721 1.35036e+06 1.3363e+06 2.44953e+06 1.91144e+06 2.06127e+06 2.53663e+06 2.41712e+06 2.03111e+06 2.77437e+06 2.29464e+06 1.89528e+06 1.99484e+06 2.73708e+06 1.91662e+06 1.24366e+06
BT
 5.98291e+06 4.07721e+06 2.09211e+06 1.79801e+06 1.61453e+06 2.70124e+06 2.05757e+06 1.71288e+06 1.41592e+06 1.06055e+06 961454 1.22795e+06 1.31238e+06 1.32223e+06 1.20504e+06 2.30084e+06 2.17309e+06 5.18565e+06 4.88687e+06 3.38064e+06 5.39496e+06 5.06632e+06 3.7779e+06 6.09348e+06 4.5144e+06 3.8959e+06 5.23516e+06 5.36453e+06 3.69865e+06 2.82085e+06 3.9455e+06
Ftot
 0.0936736 0.168604 0.163356 0.242345 0.081378 0.16286 0.346912 0.0535861 0.208649 0.268619 0.0688783 0.322161 0.29828 0.477488 0.316313 0.275987 0.177689 0.18469 0.267343 0.236048 0.17837 0.226098 0.131999 0.113875 0.116452 0.0943313 0.115506 0.099483 0.0947494 0.132077 0.135155
BD_Bspro_t
 0.985124 0.88839 0.765936 0.691521 0.685838 0.745616 0.736491 0.607334 0.656896 0.625673 0.59942 0.751076 0.648945 0.57116 0.47914 0.534103 0.674367 0.660374 0.73056 0.650049 0.625344 0.669784 0.684532 0.682431 0.769378 0.776602 0.783132 0.80953 0.842121 0.793676 0.744828
BD_Bspro
 2.8305 1.90064 0.96987 0.52608 0.586395 0.65141 0.85266 0.579621 0.504078 0.359757 0.242851 0.338822 0.366325 0.32035 0.234449 0.291267 0.840921 0.832165 1.52541 1.19032 1.28363 1.57965 1.50523 1.26484 1.7277 1.42896 1.18026 1.24226 1.70448 1.19355 0.774473
BD_Bo
 1.91162 1.28363 0.655017 0.355296 0.396031 0.43994 0.575857 0.391456 0.340437 0.242968 0.164013 0.228828 0.247403 0.216354 0.158339 0.196712 0.567929 0.562016 1.03021 0.803904 0.866918 1.06684 1.01658 0.854232 1.16683 0.96507 0.797106 0.838982 1.15115 0.806081 0.523052
BD_Brms
 3.47567 2.33387 1.19094 0.645993 0.720056 0.799891 1.04701 0.711738 0.618977 0.441759 0.298206 0.416052 0.449824 0.39337 0.287889 0.357658 1.0326 1.02185 1.87311 1.46164 1.57621 1.93972 1.84832 1.55315 2.12151 1.75467 1.44928 1.52542 2.093 1.4656 0.951004
Sel_flota
 0.868243 1 1 1 1
 0.868243 1 1 1 1
 0.868243 1 1 1 1
 0.868243 1 1 1 1
 0.868243 1 1 1 1
 0.868243 1 1 1 1
 0.868243 1 1 1 1
 0.868243 1 1 1 1
 0.868243 1 1 1 1
 0.868243 1 1 1 1
 0.868243 1 1 1 1
 0.868243 1 1 1 1
 0.868243 1 1 1 1
 0.868243 1 1 1 1
 0.868243 1 1 1 1
 0.868243 1 1 1 1
 0.868243 1 1 1 1
 0.868243 1 1 1 1
 0.868243 1 1 1 1
 0.868243 1 1 1 1
 0.868243 1 1 1 1
 0.868243 1 1 1 1
 0.868243 1 1 1 1
 0.868243 1 1 1 1
 0.868243 1 1 1 1
 0.868243 1 1 1 1
 0.868243 1 1 1 1
 0.868243 1 1 1 1
 0.868243 1 1 1 1
 0.868243 1 1 1 1
 0.868243 1 1 1 1
Sel_reclas
 1 1 1 1 1
 1 1 1 1 1
 1 1 1 1 1
 1 1 1 1 1
 1 1 1 1 1
 1 1 1 1 1
 1 1 1 1 1
 1 1 1 1 1
 1 1 1 1 1
 1 1 1 1 1
 1 1 1 1 1
 1 1 1 1 1
 1 1 1 1 1
 1 1 1 1 1
 1 1 1 1 1
 1 1 1 1 1
 1 1 1 1 1
 1 1 1 1 1
 1 1 1 1 1
 1 1 1 1 1
 1 1 1 1 1
 1 1 1 1 1
 1 1 1 1 1
 1 1 1 1 1
 1 1 1 1 1
 1 1 1 1 1
 1 1 1 1 1
 1 1 1 1 1
 1 1 1 1 1
 1 1 1 1 1
 1 1 1 1 1
Sel_pelaces
 1 1 1 1 1
 1 1 1 1 1
 1 1 1 1 1
 1 1 1 1 1
 1 1 1 1 1
 1 1 1 1 1
 1 1 1 1 1
 1 1 1 1 1
 1 1 1 1 1
 1 1 1 1 1
 1 1 1 1 1
 1 1 1 1 1
 1 1 1 1 1
 1 1 1 1 1
 1 1 1 1 1
 1 1 1 1 1
 1 1 1 1 1
 1 1 1 1 1
 1 1 1 1 1
 1 1 1 1 1
 1 1 1 1 1
 1 1 1 1 1
 1 1 1 1 1
 1 1 1 1 1
 1 1 1 1 1
 1 1 1 1 1
 1 1 1 1 1
 1 1 1 1 1
 1 1 1 1 1
 1 1 1 1 1
 1 1 1 1 1
pf_obs 
 0.8446 0.082 0.0669 0.0065 0
 0.8095 0.147 0.0364 0.0071 0
 0.9664 0.0169 0.016 0.0007 0
 0.9276 0.0648 0.0075 0.0001 0
 0.7033 0.2144 0.0806 0.0017 0
 0.9318 0.0425 0.0243 0.0014 0
 0.5671 0.3108 0.0964 0.0239 0.0018
 0.0768 0.2599 0.5324 0.112 0.0189
 0.490249 0.384438 0.106611 0.0170017 0.00170017
 0.7925 0.1577 0.0466 0.003 0.0002
 0.840416 0.127587 0.0312969 0.00059994 9.999e-05
 0.8084 0.0986 0.0794 0.0134 0.0002
 0.7335 0.1905 0.0724 0.0035 0.0001
 0.4001 0.4547 0.1325 0.0127 0
 0.49795 0.308269 0.164784 0.0264974 0.00249975
 0.9179 0.0499 0.0305 0.0017 0
 0.2467 0.6533 0.0926 0.0074 0
 0.9418 0.0223 0.034 0.0019 0
 0.707729 0.231977 0.0356964 0.0245975 0
 0.517169 0.277429 0.184464 0.0207286 0.00020938
 0.811772 0.124168 0.05621 0.00726502 0.000585176
 0.764997 0.148141 0.077277 0.00933861 0.000247198
 0.163321 0.427699 0.378323 0.0303852 0.000271297
 0.753843 0.0900009 0.118128 0.0371064 0.000921714
 0.721811 0.176058 0.0630433 0.0369309 0.00215725
 0.143369 0.312575 0.442814 0.0836902 0.0175525
 0.692698 0.0596174 0.167031 0.0765114 0.00414204
 0.394062 0.376323 0.152708 0.0712218 0.00568511
 0.125707 0.32114 0.495352 0.0537591 0.00404204
 0.23352 0.215282 0.420074 0.123614 0.00750983
 0.774587 0.0839891 0.0768558 0.0609784 0.00358967
pf_pred 
 0.426148 0.112728 0.437122 0.0240014 7.51493e-07
 0.409022 0.273511 0.0623636 0.241826 0.0132785
 0.548086 0.201924 0.115698 0.0263804 0.107911
 0.747415 0.147988 0.0467364 0.0267787 0.0310825
 0.645019 0.275638 0.0464866 0.0146811 0.0181757
 0.741335 0.175387 0.0646647 0.0109058 0.00770818
 0.473205 0.405505 0.0822403 0.0303218 0.00872823
 0.439675 0.288811 0.209 0.0423873 0.0201267
 0.521603 0.227599 0.12927 0.0935472 0.0279809
 0.676771 0.181248 0.0675481 0.0383654 0.0360678
 0.794519 0.146152 0.0332682 0.0123985 0.0136623
 0.72375 0.225814 0.0358739 0.00816589 0.00639679
 0.668542 0.250536 0.0661472 0.0105085 0.00426582
 0.608798 0.275422 0.0875138 0.0231056 0.00516076
 0.710418 0.188445 0.0712045 0.0226248 0.00730767
 0.924284 0.0562898 0.0126413 0.00477654 0.00200793
 0.394252 0.566339 0.0292977 0.00657951 0.00353117
 0.887658 0.0485162 0.0596734 0.003087 0.00106533
 0.597502 0.363166 0.0169861 0.0208924 0.00145378
 0.594054 0.258134 0.133368 0.00623792 0.00820634
 0.737908 0.165634 0.061336 0.0316899 0.00343214
 0.740628 0.198889 0.0382231 0.0141544 0.00810507
 0.32693 0.518268 0.118703 0.0228127 0.0132852
 0.739252 0.0941599 0.128274 0.0293796 0.0089344
 0.628146 0.285263 0.031269 0.0425976 0.0127235
 0.44059 0.37063 0.144821 0.0158745 0.0280851
 0.732231 0.127853 0.0926998 0.0362218 0.0109949
 0.690681 0.235283 0.0353502 0.0256307 0.013055
 0.361107 0.461012 0.135305 0.0203289 0.0222471
 0.428199 0.226465 0.249187 0.0731353 0.0230133
 0.821383 0.083173 0.0378013 0.0415941 0.016049
pobs_RECLAS
 0 0 0 0 0
 0 0 0 0 0
 0 0 0 0 0
 0 0 0 0 0
 0 0 0 0 0
 0 0 0 0 0
 0 0 0 0 0
 0 0 0 0 0
 0 0 0 0 0
 0 0 0 0 0
 0.991045 0.00858322 0.000360255 1.14367e-05 0
 0.934742 0.0480273 0.0164251 0.00080598 0
 0.827803 0.169806 0.00239088 0 0
 0.941827 0.0461693 0.0120037 0 0
 0.791401 0.0380133 0.147996 0.0225897 0
 0.846168 0.0940531 0.0597789 0 0
 0.134021 0.677848 0.182769 0.00536245 0
 0.80878 0.0450904 0.141981 0.00414843 0
 0.846168 0.0940531 0.0597789 0 0
 0.905697 0.0802665 0.012482 0.00150086 5.37128e-05
 0.989698 0.0102097 9.19794e-05 0 0
 0.975433 0.0193895 0.00387452 0.00125025 5.28907e-05
 0.303575 0.632131 0.0575291 0.00676475 0
 0.966965 0.00978017 0.0227588 0.000495775 0
 0.843318 0.132988 0.00938335 0.0141283 0.000182051
 0.564624 0.303363 0.111486 0.0197234 0.00080311
 0.826376 0.0876187 0.0782897 0.00655872 0.00115652
 0.89761 0.0855135 0.0140674 0.00269457 0.000114338
 0.34875 0.467042 0.161289 0.0227151 0.000203297
 0.318654 0.224769 0.449479 0.00709798 0
 0.937255 0.0296025 0.0250945 0.00804832 0
ppred_RECLAS
 0.461276 0.105827 0.410364 0.0225321 7.0549e-07
 0.444077 0.257287 0.0586643 0.227481 0.0124908
 0.583279 0.1862 0.106688 0.024326 0.0995079
 0.773703 0.132586 0.0418722 0.0239917 0.0278475
 0.676873 0.250903 0.0423151 0.0133636 0.0165446
 0.767851 0.157407 0.0580358 0.00978779 0.006918
 0.509724 0.377394 0.0765391 0.0282198 0.00812316
 0.474873 0.270668 0.195871 0.0397246 0.0188624
 0.557352 0.210591 0.11961 0.0865567 0.0258899
 0.70762 0.16395 0.0611014 0.0347038 0.0326255
 0.816746 0.130343 0.0296696 0.0110574 0.0121844
 0.751924 0.202783 0.0322152 0.00733307 0.0057444
 0.699929 0.226812 0.0598835 0.0095134 0.00386188
 0.643566 0.250944 0.0797361 0.0210521 0.0047021
 0.739443 0.169557 0.0640675 0.0203571 0.00657521
 0.933828 0.0491948 0.0110479 0.00417448 0.00175484
 0.428992 0.53386 0.0276174 0.00620217 0.00332866
 0.901202 0.0426673 0.0524794 0.00271485 0.000936899
 0.631795 0.332224 0.0155389 0.0191123 0.00132992
 0.628344 0.236329 0.122102 0.00571101 0.00751315
 0.764704 0.1487 0.0550652 0.0284501 0.00308125
 0.767358 0.178392 0.0342839 0.0126957 0.00726978
 0.359111 0.493489 0.113028 0.021722 0.01265
 0.765796 0.0845745 0.115215 0.0263888 0.00802488
 0.660819 0.260199 0.0285216 0.0388548 0.0116055
 0.475923 0.34722 0.135674 0.0148718 0.0263112
 0.759261 0.114947 0.0833422 0.0325654 0.00988504
 0.720261 0.212783 0.0319696 0.0231796 0.0118066
 0.394563 0.436871 0.128219 0.0192644 0.0210821
 0.463484 0.21249 0.23381 0.0686222 0.0215931
 0.841398 0.0738531 0.0335655 0.0369333 0.0142507
pobs_PELACES
 0 0 0 0 0
 0 0 0 0 0
 0 0 0 0 0
 0 0 0 0 0
 0 0 0 0 0
 0 0 0 0 0
 0 0 0 0 0
 0 0 0 0 0
 0 0 0 0 0
 0 0 0 0 0
 0 0 0 0 0
 0 0 0 0 0
 0 0 0 0 0
 0 0 0 0 0
 0 0 0 0 0
 0 0 0 0 0
 0.505614 0.472636 0.0217494 0 0
 0 0 0 0 0
 0.443492 0.261883 0.143347 0.151278 0
 0.227955 0.32914 0.350689 0.0885471 0.00366901
 0.970185 0.0296113 0.000203453 0 0
 0.997202 0.00247181 0.000326279 0 0
 0.445219 0.490057 0.0546422 0.010081 0
 0.90214 0.0892962 0.00764917 0.000914606 0
 0 0 0 0 0
 0.581667 0.319106 0.0959925 0.00289975 0.000334073
 0.762889 0.0836404 0.116647 0.0363945 0.000428098
 0.88444 0.0763242 0.0277011 0.0115352 0
 0.521256 0.241999 0.230069 0.00667565 0
 0.616807 0.101726 0.260614 0.0208532 0
 0.833518 0.0704572 0.0857862 0.0102388 0
ppred_PELACES
 0.462288 0.105628 0.409593 0.0224898 7.04164e-07
 0.445887 0.256449 0.0584733 0.22674 0.0124502
 0.585004 0.185429 0.106246 0.0242253 0.0990959
 0.775542 0.131508 0.0415318 0.0237967 0.0276211
 0.677647 0.250303 0.0422138 0.0133316 0.016505
 0.769111 0.156553 0.0577208 0.00973467 0.00688046
 0.513493 0.374492 0.0759507 0.0280029 0.00806072
 0.475454 0.270369 0.195655 0.0396807 0.0188415
 0.559589 0.209527 0.119005 0.0861192 0.0257591
 0.71003 0.162598 0.0605976 0.0344177 0.0323565
 0.817194 0.130024 0.0295971 0.0110304 0.0121547
 0.754528 0.200655 0.0318771 0.00725611 0.00568411
 0.702646 0.224758 0.0593414 0.00942727 0.00382691
 0.648314 0.247601 0.0786739 0.0207717 0.00463946
 0.742084 0.167838 0.0634181 0.0201508 0.00650857
 0.934566 0.0486464 0.0109247 0.00412795 0.00173528
 0.430886 0.532089 0.0275259 0.00618161 0.00331762
 0.901914 0.0423595 0.0521009 0.00269526 0.000930141
 0.634495 0.329788 0.0154249 0.0189722 0.00132017
 0.630738 0.234807 0.121316 0.00567422 0.00746476
 0.766096 0.14782 0.0547393 0.0282817 0.00306302
 0.769109 0.17705 0.0340259 0.0126002 0.00721509
 0.360433 0.492471 0.112795 0.0216772 0.0126239
 0.766683 0.0842542 0.114779 0.0262889 0.00799449
 0.661953 0.259329 0.0284262 0.0387249 0.0115667
 0.476946 0.346542 0.135409 0.0148428 0.0262598
 0.760177 0.114509 0.0830248 0.0324414 0.0098474
 0.721132 0.212121 0.0318701 0.0231075 0.0117698
 0.395548 0.43616 0.128011 0.019233 0.0210478
 0.464913 0.211924 0.233188 0.0684395 0.0215357
 0.84218 0.0734886 0.0333998 0.0367511 0.0141803
pobs_pel_tallas
 0 0 0 0 0 0 0 0 0 0 0 0 0 0 0 0 0 0 0 0 0 0 0 0 0 0
 0 0 0 0 0 0 0 0 0 0 0 0 0 0 0 0 0 0 0 0 0 0 0 0 0 0
 0 0 0 0 0 0 0 0 0 0 0 0 0 0 0 0 0 0 0 0 0 0 0 0 0 0
 0 0 0 0 0 0 0 0 0 0 0 0 0 0 0 0 0 0 0 0 0 0 0 0 0 0
 0 0 0 0 0 0 0 0 0 0 0 0 0 0 0 0 0 0 0 0 0 0 0 0 0 0
 0 0 0 0 0 0 0 0 0 0 0 0 0 0 0 0 0 0 0 0 0 0 0 0 0 0
 0 0 0 0 0 0 0 0 0 0 0 0 0 0 0 0 0 0 0 0 0 0 0 0 0 0
 0 0 0 0 0 0 0 0 0 0 0 0 0 0 0 0 0 0 0 0 0 0 0 0 0 0
 0 0 0 0 0 0 0 0 0 0 0 0 0 0 0 0 0 0 0 0 0 0 0 0 0 0
 0 0 0 0 0 0 0 0 0 0 0 0 0 0 0 0 0 0 0 0 0 0 0 0 0 0
 0 0 0 0 0 0 0 0 0 0 0 0 0 0 0 0 0 0 0 0 0 0 0 0 0 0
 0 0 0 0 0 0 0 0 0 0 0 0 0 0 0 0 0 0 0 0 0 0 0 0 0 0
 0.00862536 0 0 0.000197151 0.00414017 0.0128641 0.00837892 0.0270097 0.101434 0.158115 0.152841 0.127902 0.109271 0.109419 0.0830992 0.0579132 0.0238553 0.00714673 0.00463305 0.00128148 0.00103504 0.000492878 0.000147863 0.000147863 4.92878e-05 0
 0 0 0 0 0 0 0 0 0 0 0 0 0 0 0 0 0 0 0 0 0 0 0 0 0 0
 0 0 0 0 0 0 0 0.0054083 0.00873648 0.0413646 0.0450493 0.0745869 0.0622846 0.0627006 0.0613931 0.0827291 0.12552 0.122667 0.0946155 0.0697135 0.0546179 0.0294188 0.0215738 0.0213955 0.0102223 0.00600262
 0 0 0 0 0.00359764 0.0251062 0.0480494 0.140153 0.205849 0.193036 0.1447 0.116669 0.0760912 0.0342217 0.00950174 0.001854 0.000860785 0 0 0 0.000165536 0 0.000143464 0 0 0
 0 0 0 0 0 0 0 0.000145254 0.000435761 0.0275982 0.070085 0.0708112 0.156366 0.174668 0.174014 0.160142 0.0824315 0.0480064 0.0283245 0.00493863 0.00203355 0 0 0 0 0
 0 0 0 0 0 0 0 0 0 0 0 0 0 0 0 0 0 0 0 0 0 0 0 0 0 0
 0 0 1.00437e-05 0.000401748 0.00122533 0.00171747 0.00176769 0.0269171 0.070346 0.194647 0.189555 0.159765 0.064822 0.0314167 0.0384472 0.0292271 0.0345202 0.0313363 0.0194345 0.0106764 0.0143323 0.0359363 0.0279516 0.0138201 0.00172751 0
 0 0.0021121 0.0136068 0.0755702 0.200478 0.177729 0.0527432 0.0373336 0.0318909 0.0142505 0.0149659 0.0166563 0.0217959 0.0798694 0.0677717 0.0528807 0.04013 0.0224614 0.0357745 0.0225083 0.00881397 0.00855152 0.00135912 0.000746735 0 0
 0 0 0 0 5.4009e-05 0.00500934 0.000945158 0.0243581 0.138947 0.33067 0.221406 0.137944 0.0707744 0.0437923 0.0131692 0.00525238 0.0047753 0.00276346 9.45158e-05 9.00151e-06 2.25038e-05 9.00151e-06 4.50075e-06 0 0 0
 0.000866109 0.00284123 0.00948549 0.0512746 0.133035 0.25785 0.225252 0.132002 0.0553304 0.0519788 0.0540692 0.017754 0.00435017 0.00159236 0.00146478 0.000404838 0.000125132 0.000115318 0.000107957 0.000100596 0 0 0 0 0 0
 0 0 0 0 0.00144013 0.00171154 0.00461396 0.0210425 0.0478622 0.0707936 0.0888783 0.103762 0.0637923 0.0337046 0.0602308 0.124433 0.169614 0.0934646 0.0462172 0.0250306 0.0313229 0.00938855 0.002487 0.000210481 0 0
 0 0.00764035 0.051015 0.0998891 0.058973 0.0496711 0.0374665 0.0718981 0.12319 0.153886 0.159021 0.0857701 0.0377988 0.023471 0.0147837 0.00900784 0.00315554 0.000888139 0.00291439 0.00214683 0.00393193 0.00274676 0.000635225 9.99891e-05 0 0
 0 0 0 0 0 0 0 0 0 0 0 0 0 0 0 0 0 0 0 0 0 0 0 0 0 0
 0 0 0 0 0 0 0 0 0 0 0 0 0 0 0 0 0 0 0 0 0 0 0 0 0 0
 0 0 0 0 0 0 0 0 0 0 0 0 0 0 0 0 0 0 0 0 0 0 0 0 0 0
 0 0 0 0 0 0 0 0 0 0 0 0 0 0 0 0 0 0 0 0 0 0 0 0 0 0
 0 0 0 0 0 0 0 0 0 0 0 0 0 0 0 0 0 0 0 0 0 0 0 0 0 0
 0 0 0 0 0 0 0 0 0 0 0 0 0 0 0 0 0 0 0 0 0 0 0 0 0 0
 0 0 0 0 0 0 0 0 0 0 0 0 0 0 0 0 0 0 0 0 0 0 0 0 0 0
ppred_pel_tallas
 1.14103e-16 3.80781e-05 0.000370133 0.00245966 0.0111813 0.0347892 0.0741224 0.108186 0.108197 0.0741754 0.034969 0.0117087 0.00381297 0.00342191 0.00611895 0.010797 0.0172714 0.0252938 0.0344992 0.044502 0.0547419 0.0641272 0.0709159 0.0732061 0.0698618 0.0612334
 1.26599e-16 3.67272e-05 0.000357002 0.0023724 0.0107846 0.0335551 0.0714935 0.104352 0.104377 0.0716149 0.033963 0.0119647 0.0053413 0.00686173 0.0124639 0.0207527 0.0304107 0.0394294 0.0458932 0.0491904 0.0504737 0.0518356 0.0547842 0.0591851 0.0633665 0.0651405
 1.22313e-16 4.8186e-05 0.000468385 0.00311259 0.0141494 0.0440241 0.0937986 0.136906 0.136924 0.0938867 0.0443204 0.0150074 0.00527398 0.00521261 0.00913598 0.0152358 0.0224466 0.0293251 0.0344698 0.0373524 0.0386512 0.0397136 0.0415609 0.0442152 0.0467703 0.0479916
 1.08293e-16 6.38804e-05 0.000620941 0.00412637 0.0187579 0.0583628 0.124349 0.181493 0.181506 0.124411 0.0585718 0.0193621 0.0056455 0.0039457 0.00640386 0.0105552 0.0153679 0.0196974 0.0224389 0.0231323 0.0222427 0.0208178 0.01979 0.0194677 0.0195228 0.0193484
 1.05413e-16 5.58169e-05 0.00054256 0.00360551 0.0163901 0.0509959 0.108653 0.158587 0.158611 0.108771 0.051392 0.0175345 0.00647885 0.00681787 0.0119822 0.0197437 0.0284928 0.0359563 0.0398619 0.0391811 0.0347438 0.0286611 0.0230339 0.0189514 0.0163605 0.0145954
 1.03847e-16 6.33507e-05 0.000615791 0.00409215 0.0186023 0.0578788 0.123317 0.179989 0.180004 0.123392 0.0581276 0.0193216 0.0059004 0.0045725 0.00760518 0.0125441 0.0182316 0.0232778 0.0263026 0.0266601 0.0247894 0.021847 0.0189371 0.0165605 0.0146135 0.0127551
 1.0646e-16 4.22958e-05 0.000411131 0.00273211 0.0124198 0.0386428 0.0823339 0.120176 0.120212 0.0825105 0.0392359 0.0141334 0.00703548 0.00981251 0.0179183 0.0296114 0.042785 0.0540874 0.0601269 0.0593454 0.0529259 0.0439326 0.0354047 0.0289036 0.0243631 0.0208973
 1.12884e-16 3.91626e-05 0.000380674 0.00252972 0.0114997 0.0357801 0.0762343 0.111272 0.111298 0.076363 0.036213 0.0127535 0.00568927 0.0073196 0.0133398 0.0223122 0.0328895 0.0429388 0.0502758 0.0538566 0.0542687 0.0530412 0.0513884 0.0494672 0.046628 0.0422222
 1.16484e-16 4.60927e-05 0.000448037 0.00297737 0.0135347 0.0421115 0.0897238 0.130959 0.130979 0.0898234 0.0424465 0.0145043 0.00542005 0.00580981 0.0103168 0.0172172 0.0253598 0.0331049 0.0388327 0.0418743 0.0428803 0.0432239 0.0439198 0.0449404 0.0453789 0.0441674
 1.10718e-16 5.84843e-05 0.000568488 0.0037778 0.0171734 0.0534328 0.113845 0.166163 0.166179 0.113922 0.0536915 0.0179216 0.00565973 0.00468982 0.0079249 0.0131145 0.0191419 0.0246294 0.0282324 0.0293889 0.0286562 0.0272802 0.0263401 0.0261408 0.0262265 0.0258422
 1.04051e-16 6.73112e-05 0.000654289 0.00434798 0.0197653 0.0614972 0.131027 0.19124 0.191253 0.131088 0.0617033 0.0203608 0.0058439 0.00392371 0.00628802 0.0103197 0.014934 0.0189425 0.0211875 0.0211519 0.0192644 0.0165899 0.0141587 0.0124579 0.0113858 0.0105481
 1.02661e-16 6.21495e-05 0.000604115 0.00401456 0.0182496 0.0567814 0.12098 0.176577 0.176597 0.121074 0.0570988 0.0191666 0.00631654 0.00563046 0.00961132 0.0157997 0.0227747 0.028684 0.031683 0.0309228 0.0270486 0.0217486 0.0167291 0.0129169 0.0103491 0.0085808
 1.03364e-16 5.78761e-05 0.000562576 0.00373852 0.0169948 0.0528771 0.112661 0.164437 0.164458 0.112767 0.0532335 0.0180245 0.00632543 0.00621676 0.0108165 0.0178433 0.0258216 0.0327279 0.0365294 0.0362739 0.0326246 0.027349 0.022199 0.0180753 0.0149639 0.012421
 1.05202e-16 5.34008e-05 0.000519075 0.00344944 0.0156806 0.0487884 0.10395 0.151723 0.151747 0.104067 0.0491815 0.0168168 0.00630499 0.00676451 0.0119492 0.0197606 0.0286736 0.0365053 0.0410566 0.0413025 0.0379604 0.0329118 0.0279726 0.0239984 0.0208581 0.0180058
 1.04996e-16 6.11245e-05 0.000594152 0.00394835 0.0179486 0.055845 0.118984 0.173664 0.173681 0.119064 0.0561118 0.0187202 0.00588835 0.00484026 0.00815798 0.0134762 0.0196103 0.0250906 0.0284564 0.0290343 0.027305 0.0244999 0.0217676 0.0195854 0.0177702 0.0158954
 1.01036e-16 7.69789e-05 0.000748263 0.00497247 0.0226041 0.0703298 0.149845 0.218705 0.218709 0.149868 0.0704069 0.0228269 0.00553194 0.00197083 0.00240259 0.00386002 0.00557658 0.00706304 0.00787813 0.00782189 0.00704805 0.0059506 0.00491606 0.00413624 0.00359162 0.00315929
 1.02112e-16 3.54916e-05 0.000344991 0.00229259 0.0104218 0.0324264 0.0690897 0.100849 0.1009 0.0693399 0.0332662 0.0128464 0.00837474 0.0136097 0.0251905 0.0414911 0.0595371 0.0743876 0.0810308 0.0771576 0.0645625 0.0479863 0.0323639 0.020594 0.0131002 0.00880115
 1.01943e-16 7.42895e-05 0.00072212 0.00479874 0.0218144 0.0678727 0.14461 0.211064 0.211068 0.14463 0.0679412 0.0220131 0.00530096 0.00182981 0.00221117 0.00362416 0.00541365 0.00722297 0.00872727 0.00975234 0.010329 0.010585 0.010578 0.010233 0.00943128 0.00815314
 1.02656e-16 5.22626e-05 0.000508011 0.00337591 0.0153464 0.0477486 0.101735 0.148491 0.148523 0.10189 0.0482691 0.0168494 0.0071464 0.00873198 0.0156506 0.0257381 0.0369503 0.046217 0.0504546 0.0482619 0.0407782 0.0309497 0.021807 0.0150753 0.0109119 0.0085386
 1.05394e-16 5.19531e-05 0.000505002 0.00335592 0.0152555 0.0474658 0.101132 0.147609 0.147632 0.101243 0.0478399 0.0163379 0.00607942 0.00647195 0.0114471 0.0190056 0.0277524 0.0356855 0.0407669 0.0420052 0.0399557 0.0361725 0.0321049 0.0283593 0.0247742 0.020991
 1.04973e-16 6.31024e-05 0.000613377 0.00407611 0.0185294 0.0576519 0.122834 0.179283 0.179297 0.122904 0.057887 0.0192091 0.00578516 0.00435445 0.00719836 0.0118807 0.0172991 0.0221608 0.0251923 0.0258165 0.0244703 0.0222393 0.0201159 0.018477 0.0171022 0.0155596
 1.03512e-16 6.33505e-05 0.000615789 0.00409214 0.0186023 0.0578787 0.123317 0.179989 0.180006 0.123401 0.058159 0.0194122 0.00612612 0.00505899 0.0085108 0.0139939 0.0202106 0.0255409 0.0283805 0.0279989 0.0249672 0.0207498 0.0167974 0.0138523 0.0118709 0.0104057
 1.07692e-16 2.96885e-05 0.000288583 0.00191774 0.00871779 0.0271245 0.0577934 0.0843612 0.0844087 0.0580257 0.0279047 0.0109722 0.00758013 0.012661 0.0235603 0.0389902 0.0563679 0.0713121 0.0793583 0.0784311 0.0700361 0.0581406 0.0466944 0.0377528 0.0312957 0.026275
 1.07324e-16 6.31507e-05 0.000613847 0.00407923 0.0185436 0.0576961 0.122928 0.179419 0.179427 0.122968 0.0578328 0.0189408 0.00508441 0.00283545 0.00436267 0.00732286 0.0110361 0.0149147 0.0183834 0.021155 0.0233141 0.0250715 0.0264148 0.026995 0.0263493 0.0242496
 1.06728e-16 5.45242e-05 0.000529995 0.003522 0.0160105 0.0498149 0.106137 0.154915 0.15494 0.106259 0.0502249 0.0171951 0.00649553 0.00702211 0.0123876 0.0204041 0.0294205 0.0370838 0.0410545 0.0403061 0.0357614 0.0296761 0.0242647 0.0206247 0.0185894 0.017307
 1.09929e-16 3.92855e-05 0.000381869 0.00253766 0.0115358 0.0358925 0.0764739 0.111623 0.111656 0.0766379 0.0364434 0.0131288 0.00654304 0.00914811 0.016754 0.0278084 0.0404604 0.0517311 0.0585884 0.0596147 0.0557803 0.0496269 0.0435644 0.0386603 0.0346436 0.0307256
 1.07346e-16 6.26148e-05 0.000608639 0.00404462 0.0183862 0.0572065 0.121885 0.177897 0.177908 0.121939 0.05739 0.0189177 0.00538439 0.0035524 0.00570961 0.00948853 0.0140135 0.0183673 0.0216544 0.0234699 0.0240926 0.0241737 0.0241866 0.0241047 0.0235226 0.022034
 1.05284e-16 5.93987e-05 0.000577377 0.00383687 0.0174419 0.0542683 0.115625 0.168762 0.168783 0.115725 0.0546039 0.0184115 0.00627149 0.00589442 0.0101645 0.0167298 0.0241448 0.0304797 0.0338204 0.0333152 0.0296901 0.0247507 0.0202731 0.0171449 0.0152567 0.0139698
 1.09297e-16 3.25808e-05 0.000316697 0.00210457 0.00956709 0.029767 0.0634233 0.0925769 0.0926191 0.0636293 0.0304589 0.0115671 0.00713006 0.0113048 0.020952 0.0347202 0.0503265 0.0639466 0.071684 0.0717251 0.0653621 0.0559851 0.0469065 0.0397515 0.0343643 0.0297789
 1.17292e-16 3.82943e-05 0.000372234 0.00247363 0.0112448 0.0349868 0.0745437 0.108803 0.108824 0.0746454 0.035329 0.0122376 0.00498247 0.00590446 0.0107083 0.0180717 0.0270392 0.0361333 0.0438394 0.0494397 0.0532849 0.0561871 0.0584755 0.0595798 0.0584555 0.0544003
 1.07069e-16 6.93693e-05 0.000674294 0.00448092 0.0203696 0.0633775 0.135033 0.197086 0.197093 0.135068 0.0634948 0.020709 0.00533558 0.00254908 0.00365731 0.00601062 0.00883237 0.011504 0.0134627 0.0144987 0.0148833 0.01515 0.0156928 0.0164988 0.0171892 0.0172811
pSPR Fmed_Fpbrs
0.721639   0.6 0.325
Fs Fmed_Fpbrs
0.165775   0.267635 0.648428
SSBpbr Bo_Bmed_Bpbrs
2.3777e+06  1.59695e+06  1.30773e+06 653867
Ro
224655
SPR SPRFo_SPRFmed_SPRFpbrs
1.60582e+06 1.15882e+06 521890
Fref
0.267635
Nvult_r0
 266336 23788.9 10811.8 11896.7 4590.3
CTP_r0
 27971.5 2832.38 1287.29 1416.45 546.536
YTP_r0
391298
Np
 311698 129495 11265.5 5120.08 7444.35
Nvult_p0
 220807 93042.3 8094.33 3678.79 5348.79
CTP_p0
 41634.7 19644 1708.95 776.702 1129.29
YTP_p0
 731018
CBA_c0
493214
log_Ro
12.1423
likeval ReclasPelacesDesembMPH_pf_preclas_ppelaces_ptallas_desvR_qrecl_qpela
 15.8094 17.3344 0.0986998 0.000812111 241.446 120.3 98.1083 0 22.8931 9.5916e-06 3.38398e-06 0.502462 6.65659e-16 0 0
q_reclas_q_pelaces
0.64477 0.769731
M
1
N
 236855 54676.3 212017 11641.4 0.364496
 137115 80327.9 18315.7 71022.3 3899.79
 135032 43572.5 24965.9 5692.52 23285.8
 247564 43106.6 13613.6 7800.26 9053.87
 198009 73792.4 12445.2 3930.34 4865.89
 327565 67874.2 25025.1 4220.5 2983.05
 138104 104615 21216.9 7822.61 2251.76
 65721.7 37592.5 27204.2 5517.27 2619.76
 60246 23078.6 13108 9485.69 2837.26
 78408.4 18490.9 6891.27 3914.04 3679.64
 142498 22844.4 5200.01 1937.96 2135.49
 179253 49379.1 7844.61 1785.65 1398.8
 150851 49853.3 13162.4 2091.05 848.842
 106447 42833.2 13610 3593.35 802.593
 110492 25869.8 9774.97 3105.94 1003.2
 575727 30886.2 6936.26 2620.89 1101.75
 132371 166669 8622.05 1936.29 1039.19
 870842 41734.6 51332.3 2655.5 916.42
 509917 272900 12764.2 15699.5 1092.44
 389335 148730 76842.8 3594.12 4728.26
 593063 116687 43210.4 22325.2 2417.9
 791957 186874 35913.9 13299.3 7615.41
 172714 239415 54835.3 10538.4 6137.12
 509185 56657.7 77184.6 17678.3 5375.99
 427648 169684 18599.8 25338.5 7568.35
 193693 142194 55561.3 6090.32 10775
 430368 65652.4 47601.3 18599.9 5645.89
 481613 143216 21517.5 15601.3 7946.55
 145863 162514 47697.1 7166.27 7842.45
 106866 49422.2 54381.1 15960.6 5022.27
 395831 35054.5 15931.9 17530.5 6764.1
pred_Ctot
 11773.1 3114.3 12076.3 663.079 0.0207613
 11945 7987.53 1821.25 7062.21 387.781
 11418.5 4206.77 2410.37 549.592 2248.16
 30208 5981.16 1888.93 1082.31 1256.25
 8588 3669.94 618.939 195.469 241.997
 27620.1 6534.43 2409.23 406.319 287.186
 23266.6 19937.9 4043.6 1490.87 429.151
 1895.8 1245.3 901.174 182.767 86.783
 6404.11 2794.41 1587.14 1148.55 343.542
 10508.2 2814.23 1048.82 595.7 560.024
 5254.57 966.581 220.021 81.9982 90.3561
 28283.7 8824.64 1401.93 319.117 249.982
 22219.9 8326.91 2198.49 349.264 141.78
 23615.2 10683.6 3394.65 896.266 200.185
 17152.2 4549.77 1719.14 546.248 176.435
 79072.3 4815.58 1081.46 408.631 171.778
 12114.2 17401.9 900.23 202.169 108.502
 82632.8 4516.41 5555.05 287.372 99.1726
 68044.2 41357.8 1934.4 2379.25 165.559
 46374.3 20151 10411.2 486.958 640.62
 54470.4 12226.6 4527.66 2339.27 253.352
 90669.3 24348.5 4679.35 1732.82 992.241
 11933.2 18917.1 4332.76 832.681 484.918
 30546.7 3890.79 5300.4 1214 369.179
 26211.7 11903.7 1304.81 1777.54 530.933
 9692.99 8153.88 3186.07 349.239 617.874
 26172.8 4569.96 3313.46 1294.71 393.002
 25370.9 8642.71 1298.53 941.498 479.553
 7330.67 9358.81 2746.76 412.688 451.628
 7387.79 3907.23 4299.27 1261.81 397.052
 27971.5 2832.38 1287.29 1416.45 546.536
F
 0.0813315 0.0936736 0.0936736 0.0936736 0.0936736
 0.14639 0.168604 0.168604 0.168604 0.168604
 0.141833 0.163356 0.163356 0.163356 0.163356
 0.210415 0.242345 0.242345 0.242345 0.242345
 0.0706559 0.081378 0.081378 0.081378 0.081378
 0.141402 0.16286 0.16286 0.16286 0.16286
 0.301204 0.346912 0.346912 0.346912 0.346912
 0.0465258 0.0535861 0.0535861 0.0535861 0.0535861
 0.181158 0.208649 0.208649 0.208649 0.208649
 0.233227 0.268619 0.268619 0.268619 0.268619
 0.0598031 0.0688783 0.0688783 0.0688783 0.0688783
 0.279714 0.322161 0.322161 0.322161 0.322161
 0.25898 0.29828 0.29828 0.29828 0.29828
 0.414576 0.477488 0.477488 0.477488 0.477488
 0.274637 0.316313 0.316313 0.316313 0.316313
 0.239624 0.275987 0.275987 0.275987 0.275987
 0.154277 0.177689 0.177689 0.177689 0.177689
 0.160356 0.18469 0.18469 0.18469 0.18469
 0.232119 0.267343 0.267343 0.267343 0.267343
 0.204947 0.236048 0.236048 0.236048 0.236048
 0.154869 0.17837 0.17837 0.17837 0.17837
 0.196308 0.226098 0.226098 0.226098 0.226098
 0.114607 0.131999 0.131999 0.131999 0.131999
 0.0988714 0.113875 0.113875 0.113875 0.113875
 0.101109 0.116452 0.116452 0.116452 0.116452
 0.0819025 0.0943313 0.0943313 0.0943313 0.0943313
 0.100287 0.115506 0.115506 0.115506 0.115506
 0.0863755 0.099483 0.099483 0.099483 0.099483
 0.0822655 0.0947494 0.0947494 0.0947494 0.0947494
 0.114675 0.132077 0.132077 0.132077 0.132077
 0.117347 0.135155 0.135155 0.135155 0.135155
YTP_r0W_actual
 237758 46167.9 37202.7 49292.5 20877.7
YTP_p0W_proyectada
 313093 316661 39955.3 22912.7 38395.8
CTP_r0_actual
 27971.5 2832.38 1287.29 1416.45 546.536
CTP_p0_proyectada
 41634.7 19644 1708.95 776.702 1129.29
Wmedp
 7.52 16.12 23.38 29.5 34
Frms_r0
 0.117347 0.135155 0.135155 0.135155 0.135155
Zrms_r0
 1.11735 1.13515 1.13515 1.13515 1.13515
nmprior
 8.19 8.8 8.5 0
nm_flota  nm_reclas  nm_pelaces    nm_pelaL
inf 11.6992 17.8595 42.4063
cv_recla  cv_pelaces  cv_mph
0.359652 0.472092 0.879454
 ------------------------------------------------
Talla a la edad & desviaci?n 
 8 13.2811 15.8009 17.003 17.5766
 0.8 1.32811 1.58009 1.7003 1.75766
