years
 1991 1992 1993 1994 1995 1996 1997 1998 1999 2000 2001 2002 2003 2004 2005 2006 2007 2008 2009 2010 2011 2012 2013 2014 2015 2016 2017 2018 2019 2020 2021
reclasobs
 0 0 0 0 0 0 0 0 0 252601 567819 844713 477998 351125 339783 2.1784e+06 2.13404e+06 4.81314e+06 1.55562e+06 2.62356e+06 3.21686e+06 3.843e+06 1.13348e+06 3.07943e+06 1.97215e+06 2.03268e+06 2.025e+06 2.42433e+06 2.27542e+06 1.05018e+06 2.36338e+06
reclaspred
 4.13944e+06 1.33314e+06 940823 507146 47269.3 1.92414e+06 607147 123670 695321 185621 250566 753576 508913 439811 288310 1.92167e+06 1.13061e+06 6.62271e+06 4.45265e+06 1.56834e+06 3.76248e+06 3.57085e+06 1.93268e+06 4.06884e+06 2.56112e+06 1.38243e+06 2.46586e+06 3.82124e+06 2.69126e+06 940308 1.49279e+06
pelacesobs
 0 0 0 0 0 0 0 0 0 0 0 0 0 0 0 552880 188675 0 991730 2.46772e+06 1.41603e+06 1.21717e+06 2.29649e+06 1.80582e+06 0 1.4828e+06 1.56532e+06 1.57751e+06 1.42118e+06 867257 1.10002e+06
pelacespred
 982347 314541 177872 64326.5 4485.58 413364 90500.3 22892.5 138650 25540.6 50484.3 130835 88785.4 79997 48723 346047 199386 1.5337e+06 993306 338283 799908 721480 394448 991011 583868 305161 646132 974441 573136 232421 337190
mphobs
 0 0 0 0 0 0 0 0 0 0 0 498337 0 5186 125008 0 168611 109162 213762 579715 649985 157893 87575 83554 0 0 0 0 0 0 0
mphpred
 881937 386875 84295.7 105372 23520.8 1307.86 184377 33641.6 7822.93 57793.9 7739.37 26629.2 66148.9 29412.4 19138.7 17011.6 221043 111318 766066 398480 166643 362622 390442 208298 427193 271541 126202 235378 503878 253962 72276.4
desembarqueobs
 494567 514787 250237 358949 120608 361735 552515 73892 212993 205616 52469 317467 293654 387597 252695 516296 358380 742168 942051 627588 828172 859565 418607 520667 417249 300574 415391 372974 316634 284311 391294
desembarquepred
 494502 514236 250161 358264 120420 361467 551605 73846.3 212785 205328 52443.7 317073 293181 386689 252248 515750 358165 741651 940458 626023 827415 858479 418257 520354 416850 300208 415031 372718 316398 283958 390958
Reclutas
 2539.56 1540.38 222543 5107.88 1731.35 288652 2035.2 556.647 67068.2 2644.79 39056.7 151033 56824.1 73996.3 42273.3 382457 5103.06 940843 196812 32933.9 413369 498443 5876.75 295298 143280 19813.7 221459 304554 10807.7 4583.59 151706
log_desv_Rt
 -2.66728 -3.16725 1.80584 -1.96849 -3.05037 2.06595 -2.88868 -4.1851 0.606436 -2.62668 0.0657399 1.41822 0.440685 0.70474 0.144881 2.34734 -1.96943 3.2475 1.68298 -0.104773 2.42506 2.61221 -1.82827 2.08871 1.36553 -0.6129 1.80096 2.11957 -1.21901 -2.07679 1.42267
SSB
 2.23442e+06 980164 213567 266964 59590.9 3313.52 467127 85232.3 19819.7 146423 19608 67466.3 167591 74517.5 48488.7 43099.6 560023 282028 1.94086e+06 1.00957e+06 422197 918717 989202 527732 1.08231e+06 687961 319739 596340 1.2766e+06 643424 183115
BT
 2.72658e+06 1.29162e+06 636320 396188 117455 1.27434e+06 698551 123524 509810 238718 162072 562888 461080 587993 362430 1.20475e+06 743467 4.20686e+06 3.17144e+06 1.42548e+06 2.57039e+06 2.42916e+06 1.27008e+06 2.78118e+06 1.74462e+06 984005 1.93242e+06 2.61821e+06 1.58627e+06 849339 1.16692e+06
Ftot
 0.231121 0.703264 0.698613 1.24902 3.01783 0.589583 1.51819 1.05418 0.915126 1.79387 0.614289 1.15447 1.26903 2.11506 2.12965 0.812589 0.612566 0.339984 0.45304 0.761921 0.597399 0.59752 0.422819 0.351401 0.360506 0.438625 0.470242 0.271412 0.234693 0.569386 0.731542
BD_Bspro_t
 0.963844 0.710396 0.35358 0.41959 0.11284 0.0106485 0.471929 0.126822 0.0493777 0.282951 0.0739317 0.305741 0.335029 0.1601 0.10538 0.0998583 0.452001 0.294113 0.667284 0.47767 0.262672 0.429841 0.470748 0.359145 0.55869 0.508745 0.395698 0.568283 0.709893 0.555386 0.31943
BD_Bspro
 8.55987 3.75491 0.818154 1.02271 0.228287 0.0126938 1.78952 0.326517 0.0759275 0.560934 0.0751165 0.258457 0.642025 0.285469 0.185755 0.16511 2.14539 1.08042 7.43525 3.86755 1.6174 3.51952 3.78954 2.02169 4.14623 2.63551 1.22489 2.28452 4.89052 2.4649 0.701497
BD_Bo
 1.33884 0.587304 0.127967 0.159962 0.0357063 0.00198543 0.279898 0.0510704 0.0118758 0.0877353 0.0117489 0.0404251 0.100419 0.0446501 0.0290539 0.0258248 0.33556 0.168988 1.16294 0.604922 0.252976 0.550486 0.59272 0.316212 0.648511 0.41222 0.191584 0.357321 0.764923 0.385533 0.109721
BD_Brms
 6.36235 2.79094 0.608115 0.76016 0.169681 0.009435 1.33011 0.242693 0.0564352 0.416929 0.0558324 0.192105 0.477203 0.212183 0.138068 0.122723 1.59462 0.803053 5.52646 2.87467 1.20218 2.61598 2.81668 1.50268 3.0818 1.95892 0.910433 1.69803 3.63501 1.8321 0.521407
Sel_flota
 0.603395 0.966563 0.998183 0.999904 0.999995
 0.603395 0.966563 0.998183 0.999904 0.999995
 0.603395 0.966563 0.998183 0.999904 0.999995
 0.603395 0.966563 0.998183 0.999904 0.999995
 0.603395 0.966563 0.998183 0.999904 0.999995
 0.603395 0.966563 0.998183 0.999904 0.999995
 0.603395 0.966563 0.998183 0.999904 0.999995
 0.603395 0.966563 0.998183 0.999904 0.999995
 0.603395 0.966563 0.998183 0.999904 0.999995
 0.603395 0.966563 0.998183 0.999904 0.999995
 0.603395 0.966563 0.998183 0.999904 0.999995
 0.603395 0.966563 0.998183 0.999904 0.999995
 0.603395 0.966563 0.998183 0.999904 0.999995
 0.603395 0.966563 0.998183 0.999904 0.999995
 0.603395 0.966563 0.998183 0.999904 0.999995
 0.603395 0.966563 0.998183 0.999904 0.999995
 0.603395 0.966563 0.998183 0.999904 0.999995
 0.603395 0.966563 0.998183 0.999904 0.999995
 0.603395 0.966563 0.998183 0.999904 0.999995
 0.603395 0.966563 0.998183 0.999904 0.999995
 0.603395 0.966563 0.998183 0.999904 0.999995
 0.603395 0.966563 0.998183 0.999904 0.999995
 0.603395 0.966563 0.998183 0.999904 0.999995
 0.603395 0.966563 0.998183 0.999904 0.999995
 0.603395 0.966563 0.998183 0.999904 0.999995
 0.603395 0.966563 0.998183 0.999904 0.999995
 0.603395 0.966563 0.998183 0.999904 0.999995
 0.603395 0.966563 0.998183 0.999904 0.999995
 0.603395 0.966563 0.998183 0.999904 0.999995
 0.603395 0.966563 0.998183 0.999904 0.999995
 0.603395 0.966563 0.998183 0.999904 0.999995
Sel_reclas
 1 1 1 1 1
 1 1 1 1 1
 1 1 1 1 1
 1 1 1 1 1
 1 1 1 1 1
 1 1 1 1 1
 1 1 1 1 1
 1 1 1 1 1
 1 1 1 1 1
 1 1 1 1 1
 1 1 1 1 1
 1 1 1 1 1
 1 1 1 1 1
 1 1 1 1 1
 1 1 1 1 1
 1 1 1 1 1
 1 1 1 1 1
 1 1 1 1 1
 1 1 1 1 1
 1 1 1 1 1
 1 1 1 1 1
 1 1 1 1 1
 1 1 1 1 1
 1 1 1 1 1
 1 1 1 1 1
 1 1 1 1 1
 1 1 1 1 1
 1 1 1 1 1
 1 1 1 1 1
 1 1 1 1 1
 1 1 1 1 1
Sel_pelaces
 1 1 1 1 1
 1 1 1 1 1
 1 1 1 1 1
 1 1 1 1 1
 1 1 1 1 1
 1 1 1 1 1
 1 1 1 1 1
 1 1 1 1 1
 1 1 1 1 1
 1 1 1 1 1
 1 1 1 1 1
 1 1 1 1 1
 1 1 1 1 1
 1 1 1 1 1
 1 1 1 1 1
 1 1 1 1 1
 1 1 1 1 1
 1 1 1 1 1
 1 1 1 1 1
 1 1 1 1 1
 1 1 1 1 1
 1 1 1 1 1
 1 1 1 1 1
 1 1 1 1 1
 1 1 1 1 1
 1 1 1 1 1
 1 1 1 1 1
 1 1 1 1 1
 1 1 1 1 1
 1 1 1 1 1
 1 1 1 1 1
pf_obs 
 0.8446 0.082 0.0669 0.0065 0
 0.8095 0.147 0.0364 0.0071 0
 0.9664 0.0169 0.016 0.0007 0
 0.9276 0.0648 0.0075 0.0001 0
 0.7033 0.2144 0.0806 0.0017 0
 0.9318 0.0425 0.0243 0.0014 0
 0.5671 0.3108 0.0964 0.0239 0.0018
 0.0768 0.2599 0.5324 0.112 0.0189
 0.490249 0.384438 0.106611 0.0170017 0.00170017
 0.7925 0.1577 0.0466 0.003 0.0002
 0.840416 0.127587 0.0312969 0.00059994 9.999e-05
 0.8084 0.0986 0.0794 0.0134 0.0002
 0.7335 0.1905 0.0724 0.0035 0.0001
 0.4001 0.4547 0.1325 0.0127 0
 0.49795 0.308269 0.164784 0.0264974 0.00249975
 0.9179 0.0499 0.0305 0.0017 0
 0.2467 0.6533 0.0926 0.0074 0
 0.9418 0.0223 0.034 0.0019 0
 0.707729 0.231977 0.0356964 0.0245975 0
 0.517169 0.277429 0.184464 0.0207286 0.00020938
 0.811772 0.124168 0.05621 0.00726502 0.000585176
 0.764997 0.148141 0.077277 0.00933861 0.000247198
 0.163321 0.427699 0.378323 0.0303852 0.000271297
 0.753843 0.0900009 0.118128 0.0371064 0.000921714
 0.721811 0.176058 0.0630433 0.0369309 0.00215725
 0.143369 0.312575 0.442814 0.0836902 0.0175525
 0.692698 0.0596174 0.167031 0.0765114 0.00414204
 0.394062 0.376323 0.152708 0.0712218 0.00568511
 0.125707 0.32114 0.495352 0.0537591 0.00404204
 0.23352 0.215282 0.420074 0.123614 0.00750983
 0.796117 0.104755 0.0508955 0.0450114 0.00322123
pf_pred 
 0.0117472 0.170639 0.73399 0.0836239 4.92778e-07
 0.0250485 0.0192318 0.169922 0.705564 0.0802336
 0.950944 0.00230672 0.000965647 0.0081564 0.037627
 0.0633325 0.912239 0.00120199 0.000480954 0.0227452
 0.170581 0.10476 0.706857 0.000878717 0.0169234
 0.998807 0.000526567 9.219e-05 0.000560576 1.40345e-05
 0.0200673 0.979298 0.000287282 4.81819e-05 0.000299618
 0.0557381 0.0419313 0.901783 0.000248104 0.000299281
 0.979698 0.00224793 0.000843293 0.0172002 1.04099e-05
 0.123907 0.867292 0.00102111 0.000364319 0.00741522
 0.953837 0.0118447 0.0339982 3.72893e-05 0.000282953
 0.914751 0.0830883 0.000572333 0.00157312 1.47817e-05
 0.589588 0.392705 0.0172831 0.000112625 0.000311537
 0.818853 0.136737 0.0425982 0.00176827 4.32548e-05
 0.802224 0.183076 0.0113092 0.0032528 0.00013773
 0.982674 0.0158789 0.00134745 7.6857e-05 2.29425e-05
 0.0383393 0.952769 0.00818065 0.00066208 4.89107e-05
 0.96937 0.00203853 0.028338 0.000233106 2.02127e-05
 0.313388 0.674364 0.000844036 0.0113035 0.000100841
 0.154407 0.373218 0.464287 0.000558446 0.00752941
 0.904425 0.0246817 0.032101 0.0381295 0.000662478
 0.750934 0.235574 0.00359893 0.00448513 0.00540754
 0.0250592 0.822329 0.144685 0.00211821 0.00580877
 0.830588 0.00717499 0.137667 0.0232973 0.00127364
 0.489739 0.456853 0.00234521 0.0433425 0.0077202
 0.161247 0.519412 0.287085 0.00141919 0.0308372
 0.869001 0.0329009 0.0616587 0.0327658 0.00367333
 0.748282 0.232071 0.00508615 0.00915955 0.00540146
 0.0575066 0.783286 0.147201 0.00311265 0.00889367
 0.0759784 0.0846477 0.701712 0.127299 0.0103626
 0.920195 0.0105211 0.00659657 0.0524259 0.0102615
pobs_RECLAS
 0 0 0 0 0
 0 0 0 0 0
 0 0 0 0 0
 0 0 0 0 0
 0 0 0 0 0
 0 0 0 0 0
 0 0 0 0 0
 0 0 0 0 0
 0 0 0 0 0
 0 0 0 0 0
 0.991045 0.00858322 0.000360255 1.14367e-05 0
 0.934742 0.0480273 0.0164251 0.00080598 0
 0.827803 0.169806 0.00239088 0 0
 0.941827 0.0461693 0.0120037 0 0
 0.791401 0.0380133 0.147996 0.0225897 0
 0.846168 0.0940531 0.0597789 0 0
 0.134021 0.677848 0.182769 0.00536245 0
 0.80878 0.0450904 0.141981 0.00414843 0
 0.846168 0.0940531 0.0597789 0 0
 0.905697 0.0802665 0.012482 0.00150086 5.37128e-05
 0.989698 0.0102097 9.19794e-05 0 0
 0.975433 0.0193895 0.00387452 0.00125025 5.28907e-05
 0.303575 0.632131 0.0575291 0.00676475 0
 0.966965 0.00978017 0.0227588 0.000495775 0
 0.843318 0.132988 0.00938335 0.0141283 0.000182051
 0.564624 0.303363 0.111486 0.0197234 0.00080311
 0.826376 0.0876187 0.0782897 0.00655872 0.00115652
 0.89761 0.0855135 0.0140674 0.00269457 0.000114338
 0.34875 0.467042 0.161289 0.0227151 0.000203297
 0.318654 0.224769 0.449479 0.00709798 0
 0.937255 0.0296025 0.0250945 0.00804832 0
ppred_RECLAS
 0.0193454 0.174014 0.724269 0.0823711 4.8535e-07
 0.0421836 0.0195864 0.167073 0.692425 0.0787317
 0.970758 0.00142445 0.000575706 0.00485358 0.0223883
 0.104203 0.873351 0.00110676 0.000441922 0.020897
 0.310236 0.0916128 0.583504 0.000723111 0.0139243
 0.999288 0.00032069 5.42391e-05 0.000329199 8.24098e-06
 0.034763 0.964637 0.000271544 4.54413e-05 0.000282543
 0.0938504 0.0417053 0.863921 0.000237209 0.000286108
 0.988193 0.00135267 0.000489251 0.00995941 6.02701e-06
 0.203455 0.7889 0.000888974 0.000316427 0.00643963
 0.972125 0.00733829 0.0203454 2.22734e-05 0.000168995
 0.948245 0.0504933 0.000334762 0.000918243 8.62724e-06
 0.712398 0.275651 0.0116658 7.58608e-05 0.000209818
 0.895104 0.0800856 0.0238008 0.000985471 2.4103e-05
 0.883841 0.1079 0.00635749 0.00182391 7.72178e-05
 0.989551 0.00960436 0.000786306 4.47639e-05 1.3361e-05
 0.0615602 0.930057 0.00771352 0.000623114 4.60276e-05
 0.98147 0.00127222 0.0171052 0.000140455 1.21778e-05
 0.426904 0.563223 0.000681464 0.00910975 8.12625e-05
 0.236097 0.343875 0.41285 0.000495631 0.00668183
 0.941061 0.0156263 0.0196325 0.0232763 0.000404372
 0.832346 0.158877 0.00234468 0.00291663 0.00351611
 0.0403807 0.813641 0.13841 0.00202269 0.00554628
 0.891524 0.00474463 0.088045 0.0148732 0.000813024
 0.610015 0.350433 0.00173976 0.0320954 0.00571632
 0.240915 0.476133 0.25442 0.00125544 0.0272765
 0.917438 0.0212779 0.0385456 0.0204461 0.00229197
 0.828213 0.158798 0.00336705 0.00605293 0.00356913
 0.0901566 0.760329 0.138258 0.00291839 0.00833784
 0.122228 0.082985 0.66464 0.120351 0.00979605
 0.951744 0.00656948 0.0039759 0.0315384 0.00617248
pobs_PELACES
 0 0 0 0 0
 0 0 0 0 0
 0 0 0 0 0
 0 0 0 0 0
 0 0 0 0 0
 0 0 0 0 0
 0 0 0 0 0
 0 0 0 0 0
 0 0 0 0 0
 0 0 0 0 0
 0 0 0 0 0
 0 0 0 0 0
 0 0 0 0 0
 0 0 0 0 0
 0 0 0 0 0
 0 0 0 0 0
 0.505614 0.472636 0.0217494 0 0
 0 0 0 0 0
 0.443492 0.261883 0.143347 0.151278 0
 0.227955 0.32914 0.350689 0.0885471 0.00366901
 0.970185 0.0296113 0.000203453 0 0
 0.997202 0.00247181 0.000326279 0 0
 0.445219 0.490057 0.0546422 0.010081 0
 0.90214 0.0892962 0.00764917 0.000914606 0
 0 0 0 0 0
 0.581667 0.319106 0.0959925 0.00289975 0.000334073
 0.762889 0.0836404 0.116647 0.0363945 0.000428098
 0.88444 0.0763242 0.0277011 0.0115352 0
 0.521256 0.241999 0.230069 0.00667565 0
 0.616807 0.101726 0.260614 0.0208532 0
 0.833518 0.0704572 0.0857862 0.0102388 0
ppred_PELACES
 0.0199168 0.17426 0.723545 0.0822779 4.84798e-07
 0.0460523 0.0196544 0.166427 0.689472 0.0783943
 0.973235 0.00131338 0.000526963 0.00444088 0.0204842
 0.119062 0.859158 0.00107468 0.000428807 0.0202761
 0.398899 0.0820454 0.506367 0.000626444 0.0120618
 0.999339 0.000298828 5.02315e-05 0.000304773 7.62938e-06
 0.0414132 0.958001 0.000265437 4.43811e-05 0.000275938
 0.106151 0.041573 0.85176 0.00023373 0.000281903
 0.989499 0.00121377 0.000434838 0.00884716 5.35377e-06
 0.24055 0.752302 0.000832012 0.00029585 0.00602054
 0.974171 0.0068318 0.0188201 2.05964e-05 0.000156268
 0.954642 0.0442655 0.000289959 0.000794828 7.46745e-06
 0.742632 0.246808 0.0103078 6.69813e-05 0.000185252
 0.917028 0.0636764 0.018511 0.000765529 1.87224e-05
 0.907722 0.0858533 0.00494731 0.00141763 6.00133e-05
 0.990518 0.00872165 0.000708011 4.0288e-05 1.20248e-05
 0.0659439 0.925766 0.007629 0.000616072 4.55067e-05
 0.982254 0.0012224 0.0163772 0.000134451 1.16571e-05
 0.440258 0.550146 0.000662502 0.00885399 7.898e-05
 0.253787 0.337382 0.401848 0.000482214 0.00650079
 0.945153 0.0146099 0.0182415 0.0216197 0.000375587
 0.842147 0.149639 0.00219463 0.00272904 0.00328991
 0.042418 0.812459 0.1376 0.00201037 0.00551245
 0.895861 0.0045711 0.0845142 0.0142739 0.000780256
 0.620338 0.341295 0.00168802 0.0311346 0.00554515
 0.25098 0.470625 0.250329 0.00123494 0.0268308
 0.921876 0.0202092 0.0364304 0.019319 0.00216559
 0.832822 0.154572 0.00326816 0.00587425 0.00346375
 0.0925244 0.758657 0.137616 0.00290446 0.00829798
 0.130353 0.0826641 0.658148 0.119137 0.00969706
 0.955907 0.00604437 0.00363029 0.0287849 0.00563346
pobs_pel_tallas
 0 0 0 0 0 0 0 0 0 0 0 0 0 0 0 0 0 0 0 0 0 0 0 0 0 0
 0 0 0 0 0 0 0 0 0 0 0 0 0 0 0 0 0 0 0 0 0 0 0 0 0 0
 0 0 0 0 0 0 0 0 0 0 0 0 0 0 0 0 0 0 0 0 0 0 0 0 0 0
 0 0 0 0 0 0 0 0 0 0 0 0 0 0 0 0 0 0 0 0 0 0 0 0 0 0
 0 0 0 0 0 0 0 0 0 0 0 0 0 0 0 0 0 0 0 0 0 0 0 0 0 0
 0 0 0 0 0 0 0 0 0 0 0 0 0 0 0 0 0 0 0 0 0 0 0 0 0 0
 0 0 0 0 0 0 0 0 0 0 0 0 0 0 0 0 0 0 0 0 0 0 0 0 0 0
 0 0 0 0 0 0 0 0 0 0 0 0 0 0 0 0 0 0 0 0 0 0 0 0 0 0
 0 0 0 0 0 0 0 0 0 0 0 0 0 0 0 0 0 0 0 0 0 0 0 0 0 0
 0 0 0 0 0 0 0 0 0 0 0 0 0 0 0 0 0 0 0 0 0 0 0 0 0 0
 0 0 0 0 0 0 0 0 0 0 0 0 0 0 0 0 0 0 0 0 0 0 0 0 0 0
 0 0 0 0 0 0 0 0 0 0 0 0 0 0 0 0 0 0 0 0 0 0 0 0 0 0
 0.00862536 0 0 0.000197151 0.00414017 0.0128641 0.00837892 0.0270097 0.101434 0.158115 0.152841 0.127902 0.109271 0.109419 0.0830992 0.0579132 0.0238553 0.00714673 0.00463305 0.00128148 0.00103504 0.000492878 0.000147863 0.000147863 4.92878e-05 0
 0 0 0 0 0 0 0 0 0 0 0 0 0 0 0 0 0 0 0 0 0 0 0 0 0 0
 0 0 0 0 0 0 0 0.0054083 0.00873648 0.0413646 0.0450493 0.0745869 0.0622846 0.0627006 0.0613931 0.0827291 0.12552 0.122667 0.0946155 0.0697135 0.0546179 0.0294188 0.0215738 0.0213955 0.0102223 0.00600262
 0 0 0 0 0.00359764 0.0251062 0.0480494 0.140153 0.205849 0.193036 0.1447 0.116669 0.0760912 0.0342217 0.00950174 0.001854 0.000860785 0 0 0 0.000165536 0 0.000143464 0 0 0
 0 0 0 0 0 0 0 0.000145254 0.000435761 0.0275982 0.070085 0.0708112 0.156366 0.174668 0.174014 0.160142 0.0824315 0.0480064 0.0283245 0.00493863 0.00203355 0 0 0 0 0
 0 0 0 0 0 0 0 0 0 0 0 0 0 0 0 0 0 0 0 0 0 0 0 0 0 0
 0 0 1.00437e-05 0.000401748 0.00122533 0.00171747 0.00176769 0.0269171 0.070346 0.194647 0.189555 0.159765 0.064822 0.0314167 0.0384472 0.0292271 0.0345202 0.0313363 0.0194345 0.0106764 0.0143323 0.0359363 0.0279516 0.0138201 0.00172751 0
 0 0.0021121 0.0136068 0.0755702 0.200478 0.177729 0.0527432 0.0373336 0.0318909 0.0142505 0.0149659 0.0166563 0.0217959 0.0798694 0.0677717 0.0528807 0.04013 0.0224614 0.0357745 0.0225083 0.00881397 0.00855152 0.00135912 0.000746735 0 0
 0 0 0 0 5.4009e-05 0.00500934 0.000945158 0.0243581 0.138947 0.33067 0.221406 0.137944 0.0707744 0.0437923 0.0131692 0.00525238 0.0047753 0.00276346 9.45158e-05 9.00151e-06 2.25038e-05 9.00151e-06 4.50075e-06 0 0 0
 0.000866109 0.00284123 0.00948549 0.0512746 0.133035 0.25785 0.225252 0.132002 0.0553304 0.0519788 0.0540692 0.017754 0.00435017 0.00159236 0.00146478 0.000404838 0.000125132 0.000115318 0.000107957 0.000100596 0 0 0 0 0 0
 0 0 0 0 0.00144013 0.00171154 0.00461396 0.0210425 0.0478622 0.0707936 0.0888783 0.103762 0.0637923 0.0337046 0.0602308 0.124433 0.169614 0.0934646 0.0462172 0.0250306 0.0313229 0.00938855 0.002487 0.000210481 0 0
 0 0.00764035 0.051015 0.0998891 0.058973 0.0496711 0.0374665 0.0718981 0.12319 0.153886 0.159021 0.0857701 0.0377988 0.023471 0.0147837 0.00900784 0.00315554 0.000888139 0.00291439 0.00214683 0.00393193 0.00274676 0.000635225 9.99891e-05 0 0
 0 0 0 0 0 0 0 0 0 0 0 0 0 0 0 0 0 0 0 0 0 0 0 0 0 0
 0 0 0 0 0 0 0 0 0 0 0 0 0 0 0 0 0 0 0 0 0 0 0 0 0 0
 0 0 0 0 0 0 0 0 0 0 0 0 0 0 0 0 0 0 0 0 0 0 0 0 0 0
 0 0 0 0 0 0 0 0 0 0 0 0 0 0 0 0 0 0 0 0 0 0 0 0 0 0
 0 0 0 0 0 0 0 0 0 0 0 0 0 0 0 0 0 0 0 0 0 0 0 0 0 0
 0 0 0 0 0 0 0 0 0 0 0 0 0 0 0 0 0 0 0 0 0 0 0 0 0 0
 0 0 0 0 0 0 0 0 0 0 0 0 0 0 0 0 0 0 0 0 0 0 0 0 0 0
ppred_pel_tallas
 1.29176e-16 1.64056e-06 1.59469e-05 0.000105973 0.00048175 0.001499 0.00319443 0.0046661 0.004684 0.00328242 0.00179764 0.00135844 0.00235983 0.00511224 0.0101962 0.0181982 0.0293451 0.0434218 0.0599842 0.0784956 0.0979932 0.116439 0.130527 0.136591 0.132292 0.117958
 1.87219e-16 3.79327e-06 3.6872e-05 0.000245027 0.00111386 0.00346564 0.007384 0.0107777 0.0107801 0.00739603 0.00350764 0.00124256 0.00059699 0.000904846 0.00195843 0.0040764 0.00797346 0.0147563 0.0258969 0.0429583 0.0669428 0.0973842 0.131609 0.164716 0.190584 0.203689
 1.03928e-16 8.0164e-05 0.000779223 0.00517821 0.0235394 0.0732398 0.156045 0.227752 0.227753 0.156046 0.073242 0.0235459 0.00519491 0.000817167 0.000157003 0.000146548 0.000239866 0.000389076 0.000620222 0.00098333 0.00153997 0.0023375 0.00337286 0.00456315 0.00574246 0.00669524
 1.03725e-16 9.8072e-06 9.53295e-05 0.000633502 0.00287986 0.00896076 0.0190949 0.0278869 0.0279695 0.0194985 0.0103153 0.00678985 0.0104387 0.0214693 0.040512 0.0667217 0.0955606 0.119014 0.128935 0.121606 0.100049 0.0721626 0.046226 0.0271797 0.0157973 0.0101946
 1.16738e-16 3.28568e-05 0.00031938 0.00212239 0.00964809 0.0300188 0.0639586 0.0933513 0.09336 0.0640014 0.0301645 0.0100786 0.0032397 0.00287922 0.00524719 0.00953936 0.0158647 0.024358 0.0350008 0.0474993 0.0609782 0.0736636 0.0830028 0.086474 0.0827482 0.0724489
 1.00034e-16 8.23142e-05 0.000800123 0.0053171 0.0241708 0.0752042 0.160231 0.233861 0.233861 0.160231 0.0752047 0.0241721 0.00532056 0.000807695 9.67765e-05 2.99274e-05 3.56509e-05 4.58734e-05 5.34232e-05 5.74056e-05 5.92467e-05 6.14648e-05 6.58321e-05 7.20942e-05 7.80887e-05 8.09962e-05
 1.00304e-16 3.41135e-06 3.31596e-05 0.000220362 0.00100179 0.00311743 0.00664542 0.0097185 0.00981061 0.00709541 0.00462771 0.00536113 0.0111521 0.0238612 0.0451515 0.0743616 0.106469 0.132517 0.143382 0.134868 0.11029 0.0784184 0.0484935 0.0261007 0.0122526 0.00504753
 1.24662e-16 8.74355e-06 8.49904e-05 0.000564791 0.00256746 0.00798835 0.0170202 0.0248426 0.0248479 0.0170468 0.00808131 0.00285251 0.00134264 0.00198869 0.00422469 0.00852999 0.0159011 0.0274814 0.0441257 0.0657153 0.090393 0.114255 0.132081 0.139131 0.133204 0.115722
 1.00902e-16 8.15037e-05 0.000792245 0.00526475 0.0239328 0.0744637 0.158653 0.231559 0.231559 0.158653 0.0744657 0.0239386 0.00527958 0.000825393 0.000146906 0.000120784 0.000183745 0.000271777 0.00038551 0.000538136 0.000747344 0.00102267 0.00135035 0.00168613 0.00196342 0.00211527
 1.01265e-16 1.98139e-05 0.000192599 0.00127989 0.00581823 0.0181031 0.0385732 0.0563138 0.0563862 0.0389265 0.0192891 0.00924171 0.00986494 0.0189061 0.0354785 0.058408 0.0836363 0.104123 0.112716 0.106131 0.0869862 0.0621765 0.0389525 0.0216777 0.0111061 0.00569213
 1.00574e-16 8.02412e-05 0.000779973 0.00518319 0.0235621 0.0733103 0.156195 0.227972 0.227972 0.156199 0.0733217 0.0235953 0.00526787 0.000969142 0.00045215 0.000653307 0.00100931 0.00142636 0.00186247 0.00228924 0.00268647 0.00302234 0.00323848 0.00326414 0.00305584 0.00263185
 1.00101e-16 7.86326e-05 0.000764337 0.00507929 0.0230897 0.0718407 0.153064 0.223403 0.223407 0.153085 0.0719105 0.0232912 0.00558457 0.00186585 0.00216612 0.00344482 0.00492728 0.00613844 0.00665394 0.00628127 0.0051742 0.00373673 0.00239188 0.00139178 0.000776538 0.000452978
 1.00399e-16 6.11697e-05 0.000594591 0.00395127 0.0179619 0.0558863 0.119072 0.173795 0.173818 0.119189 0.0562757 0.0190861 0.00677124 0.00674386 0.0117198 0.0192259 0.0275658 0.0344026 0.0373977 0.0354708 0.0294519 0.0215499 0.0140772 0.00841241 0.00478821 0.0027314
 1.00631e-16 7.55344e-05 0.000734221 0.00487916 0.02218 0.0690101 0.147034 0.214601 0.214607 0.147064 0.0691111 0.0224718 0.00561243 0.00233712 0.00312604 0.00506463 0.00732561 0.00928785 0.010369 0.0102928 0.00923744 0.00769288 0.00614927 0.00486558 0.00385466 0.00301725
 1.00318e-16 7.47679e-05 0.00072677 0.00482964 0.0219549 0.0683098 0.145542 0.212424 0.212432 0.145582 0.0684453 0.0223461 0.0058112 0.00286761 0.004135 0.0067029 0.00961384 0.0120164 0.0130986 0.0124873 0.0104704 0.00780955 0.00529654 0.00339528 0.00217266 0.00145624
 1.00029e-16 8.15877e-05 0.000793061 0.00527017 0.0239574 0.0745405 0.158816 0.231797 0.231798 0.15882 0.0745542 0.0239972 0.00536995 0.00101073 0.000494522 0.000687207 0.000979136 0.00122493 0.00133772 0.00127921 0.001078 0.000810423 0.000555825 0.00036069 0.000232016 0.000153362
 1.00527e-16 5.4319e-06 5.28001e-05 0.00035088 0.0015951 0.00496343 0.0105784 0.0154582 0.0155472 0.0110133 0.00642314 0.0058086 0.0109174 0.0230868 0.0436542 0.0719064 0.102986 0.12825 0.138894 0.130864 0.107345 0.0767763 0.0480371 0.0264792 0.0130587 0.00594874
 1.00489e-16 8.0907e-05 0.000786445 0.0052262 0.0237576 0.0739186 0.157491 0.229863 0.229863 0.157492 0.073921 0.023765 0.005246 0.000833608 0.000182012 0.000202796 0.000353674 0.00058833 0.000914538 0.00132821 0.00179531 0.00224469 0.0025797 0.00271096 0.00259556 0.00225901
 1.01062e-16 3.62636e-05 0.000352495 0.00234246 0.0106485 0.0331317 0.0705926 0.103043 0.103096 0.0708511 0.0339991 0.0131522 0.00862115 0.0140391 0.0259716 0.0427268 0.0611907 0.0762046 0.0825449 0.0778196 0.0639452 0.0459571 0.0291352 0.0166356 0.00897257 0.00499037
 1.12832e-16 2.09042e-05 0.000203196 0.00135031 0.00613834 0.0190988 0.0406933 0.0594 0.059433 0.0408551 0.0196437 0.00771891 0.00534368 0.00900618 0.0169887 0.0286995 0.0428382 0.0569677 0.0684755 0.0759283 0.0795657 0.0804678 0.0792353 0.0754648 0.06841 0.0580532
 1.02762e-16 7.7851e-05 0.00075674 0.0050288 0.0228602 0.0711266 0.151543 0.221181 0.221183 0.15155 0.0711504 0.0229293 0.00520404 0.00114495 0.000832091 0.00129781 0.00197124 0.00271546 0.00345431 0.00417144 0.00491089 0.00571686 0.00655463 0.00728244 0.00770233 0.00765484
 1.00933e-16 6.93666e-05 0.000674268 0.00448075 0.0203688 0.0633751 0.135028 0.19708 0.197094 0.135098 0.0636111 0.0210501 0.00618947 0.00439973 0.00713093 0.0116433 0.0166826 0.0208059 0.0225976 0.0214151 0.0177839 0.0130693 0.00869317 0.00549048 0.00357219 0.00259626
 1.05313e-16 3.49408e-06 3.39638e-05 0.000225705 0.00102607 0.00319291 0.00680572 0.00994957 0.0100279 0.00718849 0.0044782 0.00473873 0.00954606 0.0203837 0.0386606 0.0639304 0.0921394 0.115947 0.127832 0.124259 0.107734 0.0850145 0.0630245 0.0456709 0.0334016 0.0247861
 1.04004e-16 7.37908e-05 0.000717273 0.00476653 0.021668 0.0674171 0.143639 0.209646 0.209646 0.143642 0.0674271 0.0216987 0.00485017 0.000921436 0.000524851 0.000916303 0.00169893 0.00294332 0.00475343 0.00714718 0.00996706 0.0128322 0.0151923 0.016499 0.016422 0.0149897
 1.04197e-16 5.10965e-05 0.000496676 0.00330059 0.015004 0.0466832 0.0994647 0.145179 0.145211 0.0996251 0.0472216 0.0165582 0.00719885 0.00899699 0.0161671 0.0265761 0.0381195 0.0476161 0.0518824 0.0495012 0.0417143 0.0316509 0.0225122 0.0160905 0.0124726 0.0107061
 1.12009e-16 2.0673e-05 0.000200949 0.00133538 0.00607047 0.0188877 0.040244 0.0587468 0.0587925 0.0404671 0.0196378 0.00824065 0.00679636 0.012167 0.0228768 0.0381265 0.0557076 0.0716867 0.0819953 0.084653 0.0807685 0.0734417 0.0655558 0.0583036 0.051342 0.0439351
 1.03361e-16 7.59337e-05 0.000738103 0.00490495 0.0222972 0.0693749 0.147811 0.215734 0.215736 0.14782 0.0694081 0.0223938 0.00515045 0.0012838 0.00114128 0.00184311 0.00282891 0.00394266 0.0050804 0.00620179 0.00732818 0.00846667 0.0095223 0.0102868 0.0105262 0.0101031
 1.0131e-16 6.85985e-05 0.000666802 0.00443113 0.0201433 0.0626734 0.133533 0.194898 0.194913 0.133605 0.0629172 0.0208473 0.00619682 0.00451696 0.00736804 0.0120394 0.0172608 0.0215497 0.0234516 0.0223095 0.0186687 0.013935 0.00956276 0.00639147 0.0045097 0.00354278
 1.05861e-16 7.62127e-06 7.40815e-05 0.000492301 0.00223798 0.00696357 0.0148393 0.0216737 0.0217469 0.0151968 0.00816406 0.00570588 0.00919896 0.0190864 0.0361314 0.0597602 0.0861736 0.108535 0.119841 0.116802 0.101744 0.0809384 0.060787 0.0448692 0.0335515 0.0254786
 1.32603e-16 1.07371e-05 0.000104368 0.000693563 0.00315284 0.00980971 0.0209009 0.0305074 0.0305164 0.0209455 0.00996217 0.00360656 0.00188289 0.00286782 0.00574957 0.0107704 0.0185091 0.0295407 0.0442814 0.0626912 0.0837287 0.104866 0.122252 0.131834 0.131007 0.119809
 1.03947e-16 7.87368e-05 0.00076535 0.00508602 0.0231203 0.0719358 0.153267 0.223698 0.223698 0.15327 0.0719457 0.0231491 0.00515927 0.000928529 0.000398885 0.00056359 0.000877256 0.00127096 0.00175076 0.00236389 0.00318393 0.00426031 0.00555358 0.00690174 0.00804822 0.0087253
pSPR Fmed_Fpbrs
0.365777   0.260432 0.260432
Fs Fmed_Fpbrs
0.700913   1.005 1.005
SSBpbr Bo_Bmed_Bpbrs
1.66892e+06  527007  351194 351194
Ro
36571.7
SPR SPRFo_SPRFmed_SPRFpbrs
261035 95480.6 67981.9
Fref
1.005
Nvult_r0
 115813 978.987 602.421 4782.94 936.13
CTP_r0
 35465.9 405.501 254.243 2020.58 395.495
YTP_r0
390958
Np
 122315 24537.1 4998.5 29.2657 19.8315
Nvult_p0
 97777.8 21120 4324.17 25.3244 17.161
CTP_p0
 36910.6 15223 93.9825 56.2885 525.239
 36910.6 10406.8 2165.51 12.6932 8.60187
YTP_p0
 536600 490287
CBA_c0
522706
log_Ro
10.327
likeval ReclasPelacesDesembMPH_pf_preclas_ppelaces_ptallas_desvR_qrecl_qpela
 21.4286 87.2524 0.239603 0.00112852 394.225 142.292 128.79 0 187.079 2.55204e-05 0 0.0220122 0 0 0
q_reclas_q_pelaces
2.04594 1
M
1
N
 2539.56 23822.7 99516.4 11320.2 0.0667023
 1540.38 812.641 7009.37 29067.5 3305.21
 222543 370.716 151.493 1277.96 5895.05
 5107.88 53708.9 69.4205 27.7489 1312.23
 1731.35 884.378 5908.08 7.34067 141.372
 288652 103.101 17.6011 106.882 2.6757
 2035.2 74401.1 21.4526 3.59466 22.3523
 556.647 299.55 6309.42 1.73397 2.09151
 67068.2 108.402 39.7793 810.405 0.490442
 2644.79 14204.1 16.4663 5.87018 119.474
 39056.7 329.618 922.784 1.01076 7.6692
 151033 9918.04 66.9661 183.869 1.72761
 56824.1 27685.1 1195.41 7.78201 21.525
 73996.3 9720.44 2987.07 123.905 3.03081
 42273.3 7597.32 462.963 133.064 5.63399
 382457 4302.23 356.777 20.3253 6.06687
 5103.06 86168.3 721.6 58.3231 4.30828
 940843 1297.22 17535.4 144.029 12.4878
 196812 281922 343.56 4594.47 40.9853
 32933.9 55085.6 66936.2 80.4104 1084.09
 413369 7650.43 9703.08 11509.9 199.963
 498443 106046 1579.86 1966.25 2370.46
 5876.75 127862 21896.6 320.108 877.766
 295298 1675.11 31257.7 5281.87 288.731
 143280 87878.3 438.773 8097.09 1442.15
 19813.7 42405.4 22816.9 112.633 2447.18
 221459 5594.09 10209.5 5417.71 607.328
 304554 61344 1306.29 2348.86 1385.03
 10807.7 95114.4 17359.9 366.511 1047.13
 4583.59 3450.94 27889.1 5052.55 411.266
 151706 1195.92 732.201 5811.76 1137.48
pred_Ctot
 211.357 3070.14 13206 1504.57 0.00886609
 348.47 267.549 2363.93 9815.67 1116.2
 50065.6 121.445 50.8396 429.421 1981
 1815.1 26144.6 34.4489 13.7841 651.874
 1051.05 645.487 4355.36 5.41429 104.275
 56219.8 29.6389 5.1891 31.5531 0.78996
 829.811 40495.4 11.8796 1.9924 12.3897
 174.272 131.103 2819.53 0.775727 0.935738
 18806.2 43.151 16.1878 330.173 0.199827
 1203.4 8423.26 9.91714 3.53832 72.0176
 7879.8 97.8508 280.864 0.308052 2.33752
 50644.8 4600.15 31.687 87.0953 0.818382
 20427 13605.8 598.794 3.90205 10.7936
 37228.2 6216.59 1936.68 80.3924 1.96653
 21353.7 4873.15 301.029 86.5834 3.66612
 97478.8 1575.15 133.663 7.62403 2.27583
 1027.08 25524.1 219.154 17.7367 1.31029
 112164 235.875 3278.94 26.9723 2.33877
 30425.5 65471.3 81.944 1097.41 9.79026
 7962.92 19247.2 23943.7 28.7995 388.298
 81427.8 2222.16 2890.14 3432.9 59.6447
 98203.4 30807.2 470.65 586.543 707.171
 854.06 28026.3 4931.09 72.1921 197.972
 36286.1 313.456 6014.29 1017.79 55.6417
 18022.7 16812.4 86.3049 1595.03 284.108
 2975.83 9585.78 5298.17 26.1912 569.102
 35389.9 1339.88 2511.03 1334.38 149.595
 29472.9 9140.71 200.331 360.772 212.75
 912.58 12430.1 2335.95 49.395 141.135
 866.265 965.108 8000.55 1451.4 118.148
 35465.9 405.501 254.243 2020.58 395.495
F
 0.139457 0.223393 0.230701 0.231099 0.23112
 0.424346 0.679749 0.701986 0.703197 0.70326
 0.42154 0.675254 0.697344 0.698547 0.69861
 0.753654 1.20726 1.24675 1.2489 1.24902
 1.82095 2.91692 3.01235 3.01754 3.01782
 0.355751 0.569869 0.588511 0.589526 0.58958
 0.91607 1.46743 1.51543 1.51805 1.51818
 0.636088 1.01893 1.05227 1.05408 1.05418
 0.552183 0.884526 0.913463 0.915038 0.915121
 1.08241 1.73389 1.79061 1.7937 1.79386
 0.370659 0.593749 0.613173 0.61423 0.614286
 0.696602 1.11587 1.15237 1.15436 1.15446
 0.765729 1.2266 1.26673 1.26891 1.26903
 1.27622 2.04434 2.11122 2.11486 2.11505
 1.28502 2.05844 2.12578 2.12945 2.12964
 0.490313 0.785418 0.811112 0.812511 0.812585
 0.36962 0.592084 0.611453 0.612507 0.612563
 0.205145 0.328616 0.339366 0.339951 0.339982
 0.273362 0.437892 0.452217 0.452997 0.453038
 0.459739 0.736444 0.760536 0.761848 0.761917
 0.360468 0.577423 0.596313 0.597342 0.597396
 0.360541 0.577541 0.596435 0.597463 0.597517
 0.255127 0.408681 0.422051 0.422779 0.422817
 0.212034 0.339651 0.350762 0.351367 0.351399
 0.217528 0.348452 0.359851 0.360472 0.360504
 0.264664 0.423959 0.437828 0.438583 0.438623
 0.283742 0.454519 0.469388 0.470197 0.47024
 0.163769 0.262337 0.270919 0.271386 0.271411
 0.141613 0.226846 0.234267 0.234671 0.234692
 0.343565 0.550348 0.568351 0.569332 0.569383
 0.441409 0.707081 0.730212 0.731472 0.731538
YTP_r0W_actual
 294367 5717.57 7017.12 69104 14752
YTP_p0W_proyectada
 276461 238544 2173.82 1653.19 17768.8
 276461 163074 50088.2 372.799 291.001
CTP_r0_actual
 35465.9 405.501 254.243 2020.58 395.495
CTP_p0_proyectada
 36910.6 15223 93.9825 56.2885 525.239
 36910.6 10406.8 2165.51 12.6932 8.60187
Wmedp
 7.49 15.67 23.13 29.37 33.83
Frms_r0
 0.441409 0.707081 0.730212 0.731472 0.731538
Zrms_r0
 1.44141 1.70708 1.73021 1.73147 1.73154
nmprior
 8.19 8.8 8.5 0
nm_flota  nm_reclas  nm_pelaces    nm_pelaL
inf 7.65669 4.92079 7.9368
cv_recla  cv_pelaces  cv_mph
0.418719 1.05916 1.03672
 ------------------------------------------------
Talla a la edad & desviaci?n 
 8 13.2811 15.8009 17.003 17.5766
 0.8 1.32811 1.58009 1.7003 1.75766
