years
 1991 1992 1993 1994 1995 1996 1997 1998 1999 2000 2001 2002 2003 2004 2005 2006 2007 2008 2009 2010 2011 2012 2013 2014 2015 2016 2017 2018 2019 2020 2021
reclasobs
 0 0 0 0 0 0 0 0 0 252601 567819 844713 477998 351125 339783 2.1784e+06 2.13404e+06 4.81314e+06 1.55562e+06 2.62356e+06 3.21686e+06 3.843e+06 1.13348e+06 3.07943e+06 1.97215e+06 2.03268e+06 2.025e+06 2.42433e+06 2.27542e+06 1.05018e+06 2.36338e+06
reclaspred
 3.19393e+06 1.75055e+06 886831 906652 916194 1.56966e+06 894218 769989 547352 375209 500821 678549 666291 493613 485777 1.35448e+06 1.20794e+06 3.09644e+06 2.46045e+06 1.79326e+06 3.11353e+06 2.53994e+06 1.93889e+06 3.05803e+06 2.2753e+06 2.00603e+06 2.41904e+06 2.62268e+06 2.08359e+06 1.26471e+06 1.85733e+06
pelacesobs
 0 0 0 0 0 0 0 0 0 0 0 0 0 0 0 552880 188675 0 991730 2.46772e+06 1.41603e+06 1.21717e+06 2.29649e+06 1.80582e+06 0 1.4828e+06 1.56532e+06 1.57751e+06 1.42118e+06 867257 1.10002e+06
pelacespred
 1.7603e+06 1.05633e+06 523047 439637 480563 853528 427609 486938 318497 201482 289760 324293 352948 266611 272265 641275 580284 1.74087e+06 1.39937e+06 932108 1.62449e+06 1.38783e+06 1.08551e+06 1.89461e+06 1.34441e+06 1.19177e+06 1.63983e+06 1.75086e+06 1.154e+06 784028 1.14675e+06
mphobs
 0 0 0 0 0 0 0 0 0 0 0 498337 0 5186 125008 0 168611 109162 213762 579715 649985 157893 87575 83554 0 0 0 0 0 0 0
mphpred
 490646 328486 158501 87819.1 96070.7 114358 156379 85375.3 76686.9 48673 30335.3 60736.3 65297.9 53518.7 32827 41800.8 153197 135112 310672 218486 230864 283239 270389 216160 310543 256066 208736 225820 324429 211850 121861
desembarqueobs
 494567 514787 250237 358949 120608 361735 552515 73892 212993 205616 52469 317467 293654 387597 252695 516296 358380 742168 942051 627588 828172 859565 418607 520667 417249 300574 415391 372974 316634 284311 391294
desembarquepred
 494571 513796 250701 358985 120614 361744 552543 73897.4 213054 205671 52471.9 317530 293691 387582 252672 516226 358404 742019 941756 627374 828249 859541 418608 520691 417236 300570 415383 372943 316615 284314 391296
Reclutas
 172624 95344.5 95989.9 147154 118801 216330 85129 36251.1 35520.5 47958.3 89689.9 128900 107645 75169.7 69664.6 377368 73663.2 610030 335893 269781 371852 513143 101128 296733 254916 111565 251885 285224 82673.1 60507.4 232677
log_desv_Rt
 0.20191 -0.391709 -0.384961 0.0422764 -0.171756 0.427601 -0.505036 -1.35874 -1.37909 -1.07887 -0.452847 -0.0901643 -0.27037 -0.629456 -0.705512 0.984015 -0.649702 1.4643 0.867587 0.648405 0.969292 1.29135 -0.332819 0.743627 0.591728 -0.234594 0.579769 0.704071 -0.534311 -0.84644 0.500445
SSB
 2.12249e+06 1.421e+06 685660 379897 415593 494702 676480 369326 331740 210555 131228 262739 282473 231517 142007 180826 662716 584483 1.34394e+06 945149 998696 1.22527e+06 1.16968e+06 935087 1.34338e+06 1.10772e+06 902971 976876 1.40345e+06 916442 527161
BT
 2.98493e+06 2.04366e+06 1.00536e+06 942160 798853 1.56371e+06 1.11672e+06 779601 678501 492853 471857 741002 784563 794325 654597 1.36503e+06 1.12847e+06 3.22794e+06 2.95311e+06 1.92467e+06 3.06556e+06 2.83179e+06 1.9506e+06 3.27825e+06 2.35317e+06 2.01108e+06 2.84039e+06 2.95341e+06 1.94569e+06 1.42237e+06 2.06978e+06
Ftot
 0.198002 0.364702 0.357752 0.543303 0.181105 0.332006 0.762783 0.130377 0.51938 0.722955 0.159973 0.647515 0.605962 1.05104 0.75874 0.59177 0.387334 0.365292 0.515651 0.477801 0.374361 0.471476 0.280825 0.249734 0.24823 0.19983 0.249178 0.210147 0.192347 0.28789 0.315489
BD_Bspro_t
 0.968929 0.786353 0.585024 0.486255 0.479682 0.572361 0.571999 0.380237 0.436881 0.376484 0.334256 0.587053 0.466081 0.371293 0.257203 0.308013 0.502049 0.458664 0.594014 0.477802 0.445196 0.493148 0.510514 0.494227 0.615057 0.62526 0.631124 0.675061 0.731875 0.64759 0.55882
BD_Bspro
 2.10804 1.41133 0.680994 0.377312 0.412765 0.491336 0.671876 0.366812 0.329483 0.209122 0.130335 0.260951 0.28055 0.229941 0.14104 0.179596 0.658206 0.580505 1.33479 0.938716 0.991899 1.21693 1.16172 0.928723 1.33424 1.10018 0.896826 0.970228 1.3939 0.910205 0.523573
BD_Bo
 1.38795 0.929227 0.448371 0.248424 0.271767 0.323498 0.442367 0.241511 0.216933 0.137687 0.0858132 0.171812 0.184716 0.151395 0.0928617 0.118247 0.433367 0.382208 0.878835 0.618057 0.653073 0.801232 0.764883 0.611477 0.878471 0.724364 0.590475 0.638804 0.917753 0.599285 0.344724
BD_Brms
 7.60688 5.09278 2.45737 1.36153 1.48946 1.77298 2.42447 1.32364 1.18894 0.754617 0.470313 0.941644 1.01237 0.829744 0.508944 0.648072 2.37514 2.09475 4.8166 3.38736 3.57927 4.39128 4.19206 3.3513 4.8146 3.96999 3.2362 3.50107 5.02989 3.28448 1.88932
Sel_flota
 0.711756 0.97913 0.998879 0.999941 0.999997
 0.711756 0.97913 0.998879 0.999941 0.999997
 0.711756 0.97913 0.998879 0.999941 0.999997
 0.711756 0.97913 0.998879 0.999941 0.999997
 0.711756 0.97913 0.998879 0.999941 0.999997
 0.711756 0.97913 0.998879 0.999941 0.999997
 0.711756 0.97913 0.998879 0.999941 0.999997
 0.711756 0.97913 0.998879 0.999941 0.999997
 0.711756 0.97913 0.998879 0.999941 0.999997
 0.711756 0.97913 0.998879 0.999941 0.999997
 0.711756 0.97913 0.998879 0.999941 0.999997
 0.711756 0.97913 0.998879 0.999941 0.999997
 0.711756 0.97913 0.998879 0.999941 0.999997
 0.711756 0.97913 0.998879 0.999941 0.999997
 0.711756 0.97913 0.998879 0.999941 0.999997
 0.711756 0.97913 0.998879 0.999941 0.999997
 0.711756 0.97913 0.998879 0.999941 0.999997
 0.711756 0.97913 0.998879 0.999941 0.999997
 0.711756 0.97913 0.998879 0.999941 0.999997
 0.711756 0.97913 0.998879 0.999941 0.999997
 0.711756 0.97913 0.998879 0.999941 0.999997
 0.711756 0.97913 0.998879 0.999941 0.999997
 0.711756 0.97913 0.998879 0.999941 0.999997
 0.711756 0.97913 0.998879 0.999941 0.999997
 0.711756 0.97913 0.998879 0.999941 0.999997
 0.711756 0.97913 0.998879 0.999941 0.999997
 0.711756 0.97913 0.998879 0.999941 0.999997
 0.711756 0.97913 0.998879 0.999941 0.999997
 0.711756 0.97913 0.998879 0.999941 0.999997
 0.711756 0.97913 0.998879 0.999941 0.999997
 0.711756 0.97913 0.998879 0.999941 0.999997
Sel_reclas
 1 1 1 1 1
 1 1 1 1 1
 1 1 1 1 1
 1 1 1 1 1
 1 1 1 1 1
 1 1 1 1 1
 1 1 1 1 1
 1 1 1 1 1
 1 1 1 1 1
 1 1 1 1 1
 1 1 1 1 1
 1 1 1 1 1
 1 1 1 1 1
 1 1 1 1 1
 1 1 1 1 1
 1 1 1 1 1
 1 1 1 1 1
 1 1 1 1 1
 1 1 1 1 1
 1 1 1 1 1
 1 1 1 1 1
 1 1 1 1 1
 1 1 1 1 1
 1 1 1 1 1
 1 1 1 1 1
 1 1 1 1 1
 1 1 1 1 1
 1 1 1 1 1
 1 1 1 1 1
 1 1 1 1 1
 1 1 1 1 1
Sel_pelaces
 0.981243 1 1 1 1
 0.981243 1 1 1 1
 0.981243 1 1 1 1
 0.981243 1 1 1 1
 0.981243 1 1 1 1
 0.981243 1 1 1 1
 0.981243 1 1 1 1
 0.981243 1 1 1 1
 0.981243 1 1 1 1
 0.981243 1 1 1 1
 0.981243 1 1 1 1
 0.981243 1 1 1 1
 0.981243 1 1 1 1
 0.981243 1 1 1 1
 0.981243 1 1 1 1
 0.981243 1 1 1 1
 0.981243 1 1 1 1
 0.981243 1 1 1 1
 0.981243 1 1 1 1
 0.981243 1 1 1 1
 0.981243 1 1 1 1
 0.981243 1 1 1 1
 0.981243 1 1 1 1
 0.981243 1 1 1 1
 0.981243 1 1 1 1
 0.981243 1 1 1 1
 0.981243 1 1 1 1
 0.981243 1 1 1 1
 0.981243 1 1 1 1
 0.981243 1 1 1 1
 0.981243 1 1 1 1
pf_obs 
 0.8446 0.082 0.0669 0.0065 0
 0.8095 0.147 0.0364 0.0071 0
 0.9664 0.0169 0.016 0.0007 0
 0.9276 0.0648 0.0075 0.0001 0
 0.7033 0.2144 0.0806 0.0017 0
 0.9318 0.0425 0.0243 0.0014 0
 0.5671 0.3108 0.0964 0.0239 0.0018
 0.0768 0.2599 0.5324 0.112 0.0189
 0.490249 0.384438 0.106611 0.0170017 0.00170017
 0.7925 0.1577 0.0466 0.003 0.0002
 0.840416 0.127587 0.0312969 0.00059994 9.999e-05
 0.8084 0.0986 0.0794 0.0134 0.0002
 0.7335 0.1905 0.0724 0.0035 0.0001
 0.4001 0.4547 0.1325 0.0127 0
 0.49795 0.308269 0.164784 0.0264974 0.00249975
 0.9179 0.0499 0.0305 0.0017 0
 0.2467 0.6533 0.0926 0.0074 0
 0.9418 0.0223 0.034 0.0019 0
 0.707729 0.231977 0.0356964 0.0245975 0
 0.517169 0.277429 0.184464 0.0207286 0.00020938
 0.811772 0.124168 0.05621 0.00726502 0.000585176
 0.764997 0.148141 0.077277 0.00933861 0.000247198
 0.163321 0.427699 0.378323 0.0303852 0.000271297
 0.753843 0.0900009 0.118128 0.0371064 0.000921714
 0.721811 0.176058 0.0630433 0.0369309 0.00215725
 0.143369 0.312575 0.442814 0.0836902 0.0175525
 0.692698 0.0596174 0.167031 0.0765114 0.00414204
 0.394062 0.376323 0.152708 0.0712218 0.00568511
 0.125707 0.32114 0.495352 0.0537591 0.00404204
 0.23352 0.215282 0.420074 0.123614 0.00750983
 0.796117 0.104755 0.0508955 0.0450114 0.00322123
pf_pred 
 0.478493 0.137698 0.359728 0.0240797 1.06155e-06
 0.424704 0.32525 0.0670699 0.171508 0.0114679
 0.580621 0.2168 0.115742 0.023314 0.0635241
 0.733915 0.177663 0.0462396 0.024114 0.0180686
 0.658273 0.27485 0.0450428 0.011426 0.0104089
 0.755572 0.178214 0.0534791 0.00858059 0.0041547
 0.464367 0.437347 0.0721128 0.021144 0.00502882
 0.456724 0.310916 0.190723 0.0305613 0.0110749
 0.547338 0.244259 0.12033 0.0723056 0.0157672
 0.727551 0.175382 0.0530076 0.0254543 0.018605
 0.834996 0.132733 0.0209855 0.00616719 0.00511825
 0.74843 0.220363 0.025208 0.0039025 0.00209625
 0.694784 0.249768 0.0487339 0.00542514 0.00128911
 0.644859 0.275072 0.065841 0.012507 0.00172064
 0.757361 0.181613 0.0476178 0.0110291 0.00237907
 0.941741 0.048282 0.00752154 0.00191627 0.000538746
 0.370226 0.60481 0.0207828 0.00315328 0.00102776
 0.91132 0.0406767 0.0461441 0.00154843 0.000311111
 0.582386 0.391428 0.0121649 0.0134792 0.000542507
 0.618279 0.256886 0.117196 0.0035508 0.00408724
 0.737235 0.185212 0.0526152 0.0234137 0.00152386
 0.749949 0.200663 0.0350571 0.00972665 0.00460424
 0.313822 0.559116 0.102469 0.0174638 0.00712937
 0.741124 0.101897 0.128442 0.0230189 0.005518
 0.625828 0.300516 0.0293831 0.0362323 0.00804048
 0.42553 0.403543 0.137888 0.0131895 0.0198497
 0.729201 0.138039 0.0938555 0.0313918 0.00751291
 0.684225 0.250349 0.033715 0.0224257 0.00928484
 0.338204 0.497973 0.13047 0.0171973 0.0161561
 0.416392 0.243489 0.257282 0.0659878 0.0168496
 0.829882 0.0860492 0.035541 0.0367196 0.0118084
pobs_RECLAS
 0 0 0 0 0
 0 0 0 0 0
 0 0 0 0 0
 0 0 0 0 0
 0 0 0 0 0
 0 0 0 0 0
 0 0 0 0 0
 0 0 0 0 0
 0 0 0 0 0
 0 0 0 0 0
 0.991045 0.00858322 0.000360255 1.14367e-05 0
 0.934742 0.0480273 0.0164251 0.00080598 0
 0.827803 0.169806 0.00239088 0 0
 0.941827 0.0461693 0.0120037 0 0
 0.791401 0.0380133 0.147996 0.0225897 0
 0.846168 0.0940531 0.0597789 0 0
 0.134021 0.677848 0.182769 0.00536245 0
 0.80878 0.0450904 0.141981 0.00414843 0
 0.846168 0.0940531 0.0597789 0 0
 0.905697 0.0802665 0.012482 0.00150086 5.37128e-05
 0.989698 0.0102097 9.19794e-05 0 0
 0.975433 0.0193895 0.00387452 0.00125025 5.28907e-05
 0.303575 0.632131 0.0575291 0.00676475 0
 0.966965 0.00978017 0.0227588 0.000495775 0
 0.843318 0.132988 0.00938335 0.0141283 0.000182051
 0.564624 0.303363 0.111486 0.0197234 0.00080311
 0.826376 0.0876187 0.0782897 0.00655872 0.00115652
 0.89761 0.0855135 0.0140674 0.00269457 0.000114338
 0.34875 0.467042 0.161289 0.0227151 0.000203297
 0.318654 0.224769 0.449479 0.00709798 0
 0.937255 0.0296025 0.0250945 0.00804832 0
ppred_RECLAS
 0.562883 0.117158 0.299904 0.0200534 8.84006e-07
 0.508773 0.280321 0.0566173 0.144619 0.00966945
 0.660282 0.177419 0.0927733 0.0186668 0.0508589
 0.795399 0.137599 0.0350578 0.018262 0.0136829
 0.727723 0.219871 0.0353084 0.00894696 0.00815008
 0.811888 0.137926 0.0405424 0.00649779 0.00314603
 0.551564 0.367644 0.0592966 0.0173658 0.00412996
 0.539226 0.265998 0.159906 0.0255956 0.00927488
 0.630622 0.201308 0.0970892 0.0582743 0.0127068
 0.791502 0.135286 0.0400026 0.0191869 0.0140232
 0.875267 0.100741 0.0156079 0.00458187 0.00380235
 0.807423 0.169142 0.0189344 0.00292789 0.00157264
 0.762256 0.195313 0.0372983 0.00414736 0.000985429
 0.72362 0.215195 0.0503239 0.00954753 0.00131341
 0.815978 0.138507 0.0355237 0.00821822 0.00177263
 0.957893 0.0350249 0.0053405 0.00135905 0.000382065
 0.450077 0.52856 0.0177883 0.00269596 0.000878652
 0.935254 0.0300328 0.0333695 0.00111852 0.000224721
 0.661238 0.31795 0.009674 0.0107071 0.000430912
 0.694772 0.206825 0.0923883 0.00279603 0.00321826
 0.796968 0.143998 0.0400656 0.0178094 0.00115904
 0.807787 0.154896 0.0264972 0.00734346 0.00347592
 0.388881 0.499858 0.0897455 0.0152787 0.00623697
 0.800562 0.0794877 0.0981645 0.0175735 0.00421242
 0.699295 0.242509 0.023231 0.0286151 0.00634973
 0.507495 0.348074 0.116538 0.0111352 0.0167572
 0.790212 0.108029 0.0719627 0.0240431 0.00575384
 0.750611 0.198569 0.0262023 0.0174097 0.00720766
 0.415213 0.442255 0.113539 0.0149494 0.0140435
 0.500298 0.211018 0.218433 0.0559626 0.0142889
 0.872456 0.0651925 0.0263767 0.0272215 0.00875342
pobs_PELACES
 0 0 0 0 0
 0 0 0 0 0
 0 0 0 0 0
 0 0 0 0 0
 0 0 0 0 0
 0 0 0 0 0
 0 0 0 0 0
 0 0 0 0 0
 0 0 0 0 0
 0 0 0 0 0
 0 0 0 0 0
 0 0 0 0 0
 0 0 0 0 0
 0 0 0 0 0
 0 0 0 0 0
 0 0 0 0 0
 0.505614 0.472636 0.0217494 0 0
 0 0 0 0 0
 0.443492 0.261883 0.143347 0.151278 0
 0.227955 0.32914 0.350689 0.0885471 0.00366901
 0.970185 0.0296113 0.000203453 0 0
 0.997202 0.00247181 0.000326279 0 0
 0.445219 0.490057 0.0546422 0.010081 0
 0.90214 0.0892962 0.00764917 0.000914606 0
 0 0 0 0 0
 0.581667 0.319106 0.0959925 0.00289975 0.000334073
 0.762889 0.0836404 0.116647 0.0363945 0.000428098
 0.88444 0.0763242 0.0277011 0.0115352 0
 0.521256 0.241999 0.230069 0.00667565 0
 0.616807 0.101726 0.260614 0.0208532 0
 0.833518 0.0704572 0.0857862 0.0102388 0
ppred_PELACES
 0.562756 0.117303 0.299889 0.020051 8.83896e-07
 0.512347 0.278576 0.0561314 0.14336 0.00958517
 0.663364 0.17601 0.0918221 0.0184731 0.0503308
 0.800268 0.134484 0.034143 0.0177821 0.0133232
 0.727183 0.220359 0.0353448 0.00895564 0.00815796
 0.813553 0.136785 0.04012 0.00642934 0.00311287
 0.563718 0.358004 0.0574554 0.0168221 0.0040006
 0.537469 0.267109 0.160437 0.0256795 0.00930526
 0.637228 0.198019 0.0951804 0.0571182 0.0124545
 0.799079 0.13059 0.0384326 0.0184292 0.0134692
 0.874763 0.101169 0.0156579 0.0045963 0.00381432
 0.813371 0.164002 0.0182817 0.00282633 0.00151807
 0.768583 0.19025 0.0361883 0.00402307 0.000955887
 0.738429 0.203976 0.0473746 0.00898468 0.00123596
 0.823258 0.133192 0.033992 0.00786179 0.00169573
 0.959241 0.0339262 0.00515305 0.00131108 0.000368575
 0.453876 0.52496 0.0176226 0.00267048 0.000870343
 0.936131 0.029664 0.0328813 0.00110202 0.000221403
 0.667209 0.312412 0.00947359 0.0104834 0.000421905
 0.699886 0.203564 0.0906492 0.00274294 0.00315712
 0.799355 0.142408 0.0395265 0.0175675 0.00114329
 0.811374 0.152098 0.0259387 0.00718746 0.00340205
 0.390351 0.498824 0.0893961 0.0152177 0.00621204
 0.801214 0.0793062 0.097781 0.0175033 0.00419558
 0.699987 0.242029 0.0231476 0.0285098 0.00632635
 0.507266 0.34837 0.116486 0.0111294 0.0167484
 0.790849 0.107786 0.0716849 0.0239482 0.0057311
 0.750591 0.198642 0.026176 0.0173909 0.00719988
 0.414812 0.442696 0.113509 0.0149446 0.0140389
 0.502189 0.21045 0.217437 0.0557018 0.0142222
 0.873558 0.0646963 0.0261221 0.0269558 0.00866795
pobs_pel_tallas
 0 0 0 0 0 0 0 0 0 0 0 0 0 0 0 0 0 0 0 0 0 0 0 0 0 0
 0 0 0 0 0 0 0 0 0 0 0 0 0 0 0 0 0 0 0 0 0 0 0 0 0 0
 0 0 0 0 0 0 0 0 0 0 0 0 0 0 0 0 0 0 0 0 0 0 0 0 0 0
 0 0 0 0 0 0 0 0 0 0 0 0 0 0 0 0 0 0 0 0 0 0 0 0 0 0
 0 0 0 0 0 0 0 0 0 0 0 0 0 0 0 0 0 0 0 0 0 0 0 0 0 0
 0 0 0 0 0 0 0 0 0 0 0 0 0 0 0 0 0 0 0 0 0 0 0 0 0 0
 0 0 0 0 0 0 0 0 0 0 0 0 0 0 0 0 0 0 0 0 0 0 0 0 0 0
 0 0 0 0 0 0 0 0 0 0 0 0 0 0 0 0 0 0 0 0 0 0 0 0 0 0
 0 0 0 0 0 0 0 0 0 0 0 0 0 0 0 0 0 0 0 0 0 0 0 0 0 0
 0 0 0 0 0 0 0 0 0 0 0 0 0 0 0 0 0 0 0 0 0 0 0 0 0 0
 0 0 0 0 0 0 0 0 0 0 0 0 0 0 0 0 0 0 0 0 0 0 0 0 0 0
 0 0 0 0 0 0 0 0 0 0 0 0 0 0 0 0 0 0 0 0 0 0 0 0 0 0
 0.00862536 0 0 0.000197151 0.00414017 0.0128641 0.00837892 0.0270097 0.101434 0.158115 0.152841 0.127902 0.109271 0.109419 0.0830992 0.0579132 0.0238553 0.00714673 0.00463305 0.00128148 0.00103504 0.000492878 0.000147863 0.000147863 4.92878e-05 0
 0 0 0 0 0 0 0 0 0 0 0 0 0 0 0 0 0 0 0 0 0 0 0 0 0 0
 0 0 0 0 0 0 0 0.0054083 0.00873648 0.0413646 0.0450493 0.0745869 0.0622846 0.0627006 0.0613931 0.0827291 0.12552 0.122667 0.0946155 0.0697135 0.0546179 0.0294188 0.0215738 0.0213955 0.0102223 0.00600262
 0 0 0 0 0.00359764 0.0251062 0.0480494 0.140153 0.205849 0.193036 0.1447 0.116669 0.0760912 0.0342217 0.00950174 0.001854 0.000860785 0 0 0 0.000165536 0 0.000143464 0 0 0
 0 0 0 0 0 0 0 0.000145254 0.000435761 0.0275982 0.070085 0.0708112 0.156366 0.174668 0.174014 0.160142 0.0824315 0.0480064 0.0283245 0.00493863 0.00203355 0 0 0 0 0
 0 0 0 0 0 0 0 0 0 0 0 0 0 0 0 0 0 0 0 0 0 0 0 0 0 0
 0 0 1.00437e-05 0.000401748 0.00122533 0.00171747 0.00176769 0.0269171 0.070346 0.194647 0.189555 0.159765 0.064822 0.0314167 0.0384472 0.0292271 0.0345202 0.0313363 0.0194345 0.0106764 0.0143323 0.0359363 0.0279516 0.0138201 0.00172751 0
 0 0.0021121 0.0136068 0.0755702 0.200478 0.177729 0.0527432 0.0373336 0.0318909 0.0142505 0.0149659 0.0166563 0.0217959 0.0798694 0.0677717 0.0528807 0.04013 0.0224614 0.0357745 0.0225083 0.00881397 0.00855152 0.00135912 0.000746735 0 0
 0 0 0 0 5.4009e-05 0.00500934 0.000945158 0.0243581 0.138947 0.33067 0.221406 0.137944 0.0707744 0.0437923 0.0131692 0.00525238 0.0047753 0.00276346 9.45158e-05 9.00151e-06 2.25038e-05 9.00151e-06 4.50075e-06 0 0 0
 0.000866109 0.00284123 0.00948549 0.0512746 0.133035 0.25785 0.225252 0.132002 0.0553304 0.0519788 0.0540692 0.017754 0.00435017 0.00159236 0.00146478 0.000404838 0.000125132 0.000115318 0.000107957 0.000100596 0 0 0 0 0 0
 0 0 0 0 0.00144013 0.00171154 0.00461396 0.0210425 0.0478622 0.0707936 0.0888783 0.103762 0.0637923 0.0337046 0.0602308 0.124433 0.169614 0.0934646 0.0462172 0.0250306 0.0313229 0.00938855 0.002487 0.000210481 0 0
 0 0.00764035 0.051015 0.0998891 0.058973 0.0496711 0.0374665 0.0718981 0.12319 0.153886 0.159021 0.0857701 0.0377988 0.023471 0.0147837 0.00900784 0.00315554 0.000888139 0.00291439 0.00214683 0.00393193 0.00274676 0.000635225 9.99891e-05 0 0
 0 0 0 0 0 0 0 0 0 0 0 0 0 0 0 0 0 0 0 0 0 0 0 0 0 0
 0 0 0 0 0 0 0 0 0 0 0 0 0 0 0 0 0 0 0 0 0 0 0 0 0 0
 0 0 0 0 0 0 0 0 0 0 0 0 0 0 0 0 0 0 0 0 0 0 0 0 0 0
 0 0 0 0 0 0 0 0 0 0 0 0 0 0 0 0 0 0 0 0 0 0 0 0 0 0
 0 0 0 0 0 0 0 0 0 0 0 0 0 0 0 0 0 0 0 0 0 0 0 0 0 0
 0 0 0 0 0 0 0 0 0 0 0 0 0 0 0 0 0 0 0 0 0 0 0 0 0 0
 0 0 0 0 0 0 0 0 0 0 0 0 0 0 0 0 0 0 0 0 0 0 0 0 0 0
ppred_pel_tallas
 1.10696e-16 4.63535e-05 0.000450573 0.00299421 0.0136113 0.0423498 0.0902311 0.131697 0.131709 0.0902887 0.0425445 0.0141794 0.00444144 0.00368004 0.00638486 0.0110159 0.0171044 0.0240848 0.0313147 0.0383444 0.0449077 0.0505715 0.0544368 0.0553245 0.0524181 0.0458685
 1.17691e-16 4.22014e-05 0.000410213 0.00272601 0.0123921 0.0385565 0.0821496 0.119905 0.119932 0.0822812 0.0389986 0.0136702 0.00593865 0.00743873 0.0134381 0.0222814 0.0324262 0.0415355 0.0473191 0.0488853 0.047325 0.0449341 0.0436629 0.0439882 0.0449149 0.0448476
 1.13065e-16 5.46405e-05 0.000531125 0.00352951 0.0160447 0.049921 0.106363 0.155243 0.15526 0.106446 0.0502018 0.0168572 0.0055751 0.00501644 0.00863193 0.0143403 0.0210259 0.0272431 0.0315662 0.0333839 0.0332449 0.032393 0.0318705 0.0319108 0.031994 0.0313526
 1.05058e-16 6.59171e-05 0.000640737 0.00425793 0.0193559 0.0602235 0.128313 0.187279 0.187292 0.128377 0.0604368 0.0199724 0.00580704 0.00402783 0.00651478 0.0107094 0.0155262 0.0197545 0.0222154 0.0223896 0.0207246 0.0183057 0.016159 0.0147303 0.013852 0.0130691
 1.03356e-16 5.98972e-05 0.000582222 0.00386907 0.0175882 0.0547236 0.116595 0.170179 0.1702 0.116699 0.0550723 0.0185953 0.00639741 0.00610307 0.0105494 0.0173572 0.0250263 0.0315334 0.0348585 0.0340759 0.0298999 0.0241862 0.018804 0.0147575 0.0120672 0.0102203
 1.02365e-16 6.70113e-05 0.000651374 0.00432861 0.0196772 0.0612233 0.130443 0.190388 0.190402 0.130508 0.0614403 0.0203044 0.0059045 0.00409684 0.00662611 0.0108888 0.0157736 0.0200328 0.0224356 0.0224062 0.0203417 0.0172991 0.0143165 0.0119122 0.0100571 0.00847597
 1.04114e-16 4.64328e-05 0.000451344 0.00299934 0.0136346 0.0424224 0.0903867 0.131929 0.131964 0.0905554 0.0429888 0.0152706 0.00710671 0.00941986 0.0170854 0.0281885 0.0406406 0.0511885 0.0565424 0.0551822 0.048249 0.0387407 0.0296883 0.0227393 0.0179692 0.0146104
 1.08849e-16 4.42707e-05 0.000430327 0.00285967 0.0129997 0.040447 0.0861775 0.125784 0.12581 0.0863044 0.0408735 0.0142341 0.00596766 0.00724663 0.0130822 0.0217992 0.0319628 0.0413742 0.047786 0.0501148 0.0489729 0.046018 0.042702 0.0394748 0.0359435 0.031591
 1.10634e-16 5.24876e-05 0.000510199 0.00339045 0.0154125 0.0479541 0.102172 0.149127 0.149146 0.102266 0.0482699 0.0163261 0.00568991 0.00555092 0.00968816 0.0160994 0.0235828 0.0305056 0.0352461 0.0370924 0.0366305 0.0352218 0.0340017 0.0332158 0.0323122 0.0305355
 1.05271e-16 6.58191e-05 0.000639785 0.0042516 0.0193272 0.060134 0.128122 0.187001 0.187014 0.128184 0.0603413 0.0199264 0.00575788 0.00393463 0.00634314 0.0104354 0.0151539 0.0193332 0.0218393 0.0221718 0.0207562 0.018621 0.0167245 0.0154609 0.0146413 0.0138198
 1.01585e-16 7.20531e-05 0.000700381 0.00465428 0.0211577 0.0658295 0.140257 0.204711 0.204721 0.140305 0.0659895 0.02162 0.00581492 0.00323463 0.00488679 0.00796955 0.011485 0.0144684 0.0159897 0.015625 0.0137046 0.0110834 0.00862201 0.0067821 0.00557032 0.00474619
 1.0111e-16 6.69964e-05 0.000651228 0.00432764 0.0196728 0.0612096 0.130414 0.190347 0.190362 0.130491 0.0614688 0.0204213 0.00620591 0.00475008 0.00784728 0.012856 0.0184867 0.0231911 0.0254382 0.0245196 0.0209682 0.0161971 0.0116601 0.00818684 0.00587194 0.00438833
 1.01659e-16 6.33072e-05 0.000615368 0.00408934 0.0185896 0.0578391 0.123233 0.179866 0.179884 0.123323 0.0581402 0.0194595 0.00627357 0.00538559 0.00912867 0.0150063 0.0216448 0.0272869 0.0301793 0.0295014 0.0258353 0.0207432 0.0158112 0.0119124 0.00911656 0.00707261
 1.0253e-16 6.08235e-05 0.000591226 0.0039289 0.0178602 0.0555699 0.118398 0.17281 0.17283 0.118495 0.0558931 0.018794 0.00627422 0.00571571 0.00980674 0.0161516 0.0233431 0.0295247 0.0328387 0.0324161 0.0288693 0.0238306 0.018932 0.0150331 0.0121496 0.00988379
 1.02091e-16 6.78107e-05 0.000659144 0.00438025 0.019912 0.0619536 0.131999 0.192659 0.192672 0.132062 0.0621647 0.0205221 0.00591302 0.00400918 0.00644184 0.0105729 0.0152957 0.0193844 0.021634 0.0214836 0.0193311 0.0162289 0.0132174 0.0108263 0.00903691 0.00757248
 1.00352e-16 7.90114e-05 0.000768019 0.00510376 0.0232009 0.0721868 0.153802 0.224479 0.224482 0.153818 0.0722404 0.0233559 0.00549286 0.00161754 0.00169271 0.00267411 0.00384629 0.0048404 0.0053392 0.00519777 0.00452442 0.0036047 0.00272848 0.00205517 0.00159491 0.00127662
 1.01058e-16 3.73853e-05 0.000363398 0.00241491 0.0109779 0.0341565 0.0727759 0.106229 0.10628 0.0730226 0.0349847 0.0133687 0.00841173 0.0134393 0.0248262 0.0408659 0.0585889 0.0730945 0.0794134 0.075254 0.0623975 0.0455647 0.0296961 0.0177335 0.0101612 0.00594229
 1.01105e-16 7.71079e-05 0.000749516 0.0049808 0.022642 0.0704477 0.150096 0.219071 0.219073 0.150111 0.0704955 0.0227807 0.00533112 0.00152125 0.00156316 0.00251512 0.00373832 0.00495491 0.00592843 0.00653389 0.006799 0.00683046 0.00669458 0.00636544 0.00577816 0.00492212
 1.01477e-16 5.49572e-05 0.000534204 0.00354997 0.0161377 0.0502105 0.10698 0.156146 0.156176 0.107127 0.0507034 0.0175606 0.00711923 0.00831735 0.0148115 0.024334 0.0348966 0.0435663 0.047399 0.0450491 0.0375936 0.0278472 0.0187342 0.0119624 0.00775639 0.00543236
 1.03478e-16 5.76487e-05 0.000560366 0.00372383 0.016928 0.0526694 0.112219 0.16379 0.16381 0.112315 0.0529933 0.0178646 0.00607939 0.00571736 0.00989479 0.0163785 0.0238464 0.0305201 0.0346012 0.0352169 0.0328709 0.0289774 0.0248944 0.0212548 0.0179944 0.0148223
 1.03133e-16 6.58418e-05 0.000640006 0.00425306 0.0193338 0.0601548 0.128167 0.187066 0.18708 0.128234 0.0603807 0.0199868 0.00589384 0.00422757 0.00689629 0.0113417 0.0164383 0.020898 0.0234534 0.0235228 0.0215377 0.0186066 0.0157974 0.0136095 0.0119498 0.0104663
 1.02085e-16 6.68319e-05 0.000649629 0.00431702 0.0196245 0.0610593 0.130094 0.189879 0.189894 0.130166 0.0613 0.0203198 0.00606267 0.00446176 0.00731075 0.011991 0.0172922 0.0217991 0.0241164 0.0236023 0.0207422 0.0168053 0.013069 0.0102188 0.00827141 0.00688819
 1.05285e-16 3.21528e-05 0.000312536 0.00207692 0.00944139 0.0293759 0.0625903 0.0913624 0.0914105 0.0628254 0.0301653 0.0117218 0.00780252 0.0128161 0.0237919 0.0393162 0.0567124 0.0714801 0.0790371 0.07725 0.0676751 0.0544432 0.0417366 0.0318398 0.0248912 0.019893
 1.05308e-16 6.59949e-05 0.000641494 0.00426296 0.0193788 0.0602946 0.128464 0.187499 0.187507 0.128502 0.060423 0.0197512 0.0052046 0.00271954 0.00407844 0.00681026 0.0102065 0.0136773 0.0166464 0.0188201 0.0202818 0.0212749 0.0218741 0.0218611 0.0209034 0.0188507
 1.0466e-16 5.7657e-05 0.000560447 0.00372437 0.0169305 0.052677 0.112235 0.163815 0.163838 0.112349 0.0530596 0.0180353 0.00649737 0.0066131 0.0115508 0.0190009 0.0273619 0.0344115 0.037939 0.03696 0.03232 0.0261324 0.020506 0.0165408 0.0141765 0.0127079
 1.07402e-16 4.17829e-05 0.000406145 0.00269898 0.0122692 0.0381741 0.0813353 0.118718 0.118752 0.0814999 0.0387272 0.0138681 0.00671762 0.00919587 0.0167849 0.0278128 0.0403648 0.0513939 0.0577999 0.0581261 0.053364 0.0461493 0.0390446 0.0332882 0.0287504 0.0247168
 1.05468e-16 6.51412e-05 0.000633196 0.00420781 0.0191281 0.0595147 0.126803 0.185074 0.185085 0.126854 0.0596871 0.0196274 0.00546582 0.00339506 0.00535651 0.00887358 0.0130621 0.0170295 0.0199049 0.0212847 0.0214269 0.02097 0.0204192 0.0198346 0.018924 0.0173736
 1.03769e-16 6.18253e-05 0.000600963 0.00399361 0.0181544 0.0564852 0.120348 0.175656 0.175675 0.120442 0.0567994 0.0190619 0.00627162 0.00557455 0.00950983 0.0156307 0.0225293 0.0283773 0.0313622 0.0306682 0.0269677 0.0219624 0.017351 0.0140211 0.0119368 0.0105586
 1.07264e-16 3.41676e-05 0.000332121 0.00220706 0.010033 0.0312167 0.066512 0.0970851 0.0971279 0.0667209 0.0319184 0.0120609 0.00730118 0.0114655 0.0212163 0.0351194 0.0508177 0.0643852 0.0718221 0.0712602 0.0640236 0.0536223 0.0435386 0.0355658 0.0296709 0.0249429
 1.14322e-16 4.13647e-05 0.00040208 0.00267196 0.0121464 0.0377919 0.0805205 0.117526 0.117547 0.0806213 0.0381312 0.0131303 0.00515679 0.00587669 0.0105865 0.0178239 0.0265819 0.0353414 0.0425427 0.0474293 0.0503452 0.0521536 0.0533064 0.0534096 0.0516017 0.0473142
 1.04941e-16 7.19538e-05 0.000699417 0.00464787 0.0211285 0.0657388 0.140064 0.204428 0.204435 0.140094 0.0658419 0.0214268 0.00539839 0.00234437 0.00321577 0.00525582 0.00769397 0.00995988 0.0115362 0.0122178 0.0122328 0.0120602 0.0120824 0.0123487 0.0125997 0.012478
pSPR Fmed_Fpbrs
0.543213   0.23246 0.23246
Fs Fmed_Fpbrs
0.360443   1.005 1.005
SSBpbr Bo_Bmed_Bpbrs
1.52923e+06  754234  279022 279022
Ro
141063
SPR SPRFo_SPRFmed_SPRFpbrs
1.00685e+06 546935 234053
Fref
1.005
Nvult_r0
 164295 13236.6 5384.56 5558.63 1787.48
CTP_r0
 30127.5 3123.88 1290.26 1333.05 428.683
YTP_r0
391296
Np
 182778 32883.1 9403.41 660.393 301.908
Nvult_p0
 149895 28361.2 8135.72 571.459 261.253
CTP_p0
 62508.8 29251.5 2123.21 856.967 1121.6
 62508.8 14066.4 4075.72 286.433 130.952
YTP_p0
 1.03878e+06 795726
CBA_c0
965867
log_Ro
11.677
likeval ReclasPelacesDesembMPH_pf_preclas_ppelaces_ptallas_desvR_qrecl_qpela
 12.7397 17.0368 0.0384768 0.000819989 240.607 117.25 99.1451 0 24.1276 2.77345e-06 1.05332e-05 0.194121 0 0 0
q_reclas_q_pelaces
1.26616 1.58682
M
1
N
 172624 36893.5 94625.8 6327.93 0.278953
 95344.5 55157.1 11180.4 28564.1 1909.85
 95989.9 27056.2 14197.9 2857.29 7784.93
 147154 27374.5 7012.06 3653.71 2737.61
 118801 36773.7 5915.92 1499.21 1365.69
 216330 38418.7 11330 1816.2 879.354
 85129 62834.1 10211 2991.64 711.493
 36251.1 18196.9 10953.2 1753.37 635.358
 35520.5 12154.2 5892.01 3537.44 771.353
 47958.3 9028.97 2688.9 1290.2 942.993
 89689.9 10546.2 1636.52 480.459 398.72
 128900 29444.2 3317.23 513.132 275.619
 107645 29909.3 5745.95 639.122 151.86
 75169.7 25726.9 6079.07 1153.97 158.752
 69664.6 13087.6 3381.88 782.695 168.827
 377368 14934.2 2290.47 583.064 163.917
 73663.2 91106 3077.86 466.569 152.063
 610030 20569.6 22937.5 768.999 154.5
 335893 173038 5291.74 5858.48 235.779
 269781 85607.6 38421.6 1163.08 1338.74
 371852 70635.5 19726.1 8770.16 570.77
 513143 104799 18011 4992.83 2363.31
 101128 134960 24298.3 4137.27 1688.9
 296733 30462.8 37713.4 6752.39 1618.58
 254916 91385.1 8775.68 10811 2398.99
 111565 78590.7 26364.9 2519.43 3791.46
 251885 35601.3 23774 7944.08 1901.14
 285224 77604 10261.5 6818.88 2823.05
 82673.1 90351 23239.6 3060.23 2874.8
 60507.4 26522.4 27532.6 7054.93 1801.34
 232677 18135.3 7360.36 7597.37 2443.06
pred_Ctot
 14509.7 4175.49 10908.3 730.183 0.0321902
 14073.1 10777.6 2222.45 5683.14 380.004
 13925.8 5199.78 2775.98 559.169 1523.58
 30781.1 7451.34 1939.33 1011.36 757.815
 9178.35 3832.25 628.036 159.313 145.132
 29339.2 6920.12 2076.62 333.188 161.329
 23551.8 22181.5 3657.43 1072.38 255.052
 2046.23 1392.98 854.485 136.922 49.6181
 7150.02 3190.82 1571.91 944.547 205.971
 12710.6 3063.98 926.062 444.696 325.037
 6158.46 978.961 154.777 45.4857 37.7493
 31229.5 9195.04 1051.85 162.839 87.4695
 24684.5 8873.83 1731.44 192.746 45.8
 26567.8 11332.8 2712.61 515.279 70.8894
 19192 4602.21 1206.67 279.485 60.2872
 84838.5 4349.57 677.592 172.631 48.534
 11474 18744.2 644.097 97.7261 31.8522
 90172.6 4024.85 4565.84 153.213 30.7836
 67196.7 45163.6 1403.6 1555.26 62.5954
 50538 20997.9 9579.6 290.242 334.091
 56186.4 14115.4 4009.92 1784.41 116.137
 95022.1 25424.9 4441.91 1232.41 583.379
 11771.6 20972.7 3843.64 655.073 267.425
 30991.7 4261.06 5371.08 962.584 230.747
 26475.3 12713.2 1243.04 1532.79 340.149
 9459.03 8970.28 3065.09 293.186 441.236
 26253.4 4969.81 3379.07 1130.2 270.487
 25355.4 9277.21 1249.38 831.03 344.069
 6761.56 9955.75 2608.42 343.818 323.001
 7205.84 4213.68 4452.36 1141.95 291.589
 30127.5 3123.88 1290.26 1333.05 428.683
F
 0.140929 0.19387 0.19778 0.19799 0.198001
 0.259579 0.35709 0.364293 0.36468 0.364701
 0.254632 0.350286 0.357351 0.357731 0.357751
 0.386699 0.531964 0.542694 0.543271 0.543301
 0.128903 0.177326 0.180902 0.181094 0.181105
 0.236307 0.325077 0.331634 0.331986 0.332005
 0.542916 0.746864 0.761928 0.762738 0.762781
 0.0927966 0.127656 0.130231 0.130369 0.130377
 0.369672 0.508541 0.518798 0.519349 0.519378
 0.514568 0.707867 0.722145 0.722912 0.722953
 0.113862 0.156634 0.159793 0.159963 0.159972
 0.460873 0.634001 0.646789 0.647476 0.647513
 0.431297 0.593316 0.605283 0.605926 0.60596
 0.748086 1.02911 1.04986 1.05098 1.05104
 0.540038 0.742905 0.757889 0.758695 0.758737
 0.421196 0.57942 0.591107 0.591735 0.591768
 0.275687 0.379251 0.3869 0.387311 0.387333
 0.259999 0.357668 0.364882 0.36527 0.365291
 0.367018 0.504889 0.515073 0.51562 0.515649
 0.340078 0.467829 0.477265 0.477772 0.477799
 0.266454 0.366548 0.373942 0.374339 0.37436
 0.335576 0.461637 0.470948 0.471448 0.471475
 0.199879 0.274965 0.280511 0.280809 0.280824
 0.17775 0.244522 0.249454 0.249719 0.249733
 0.176679 0.24305 0.247952 0.248216 0.248229
 0.14223 0.195659 0.199606 0.199818 0.199829
 0.177354 0.243978 0.248899 0.249164 0.249178
 0.149573 0.205761 0.209912 0.210135 0.210146
 0.136904 0.188332 0.192131 0.192335 0.192346
 0.204908 0.281882 0.287568 0.287873 0.287889
 0.224551 0.308905 0.315135 0.31547 0.315488
YTP_r0W_actual
 250058 44046.7 35611.1 45590.2 15989.9
YTP_p0W_proyectada
 468191 458371 49109.8 25169.1 37943.6
 468191 220421 94271.4 8412.55 4430.1
CTP_r0_actual
 30127.5 3123.88 1290.26 1333.05 428.683
CTP_p0_proyectada
 62508.8 29251.5 2123.21 856.967 1121.6
 62508.8 14066.4 4075.72 286.433 130.952
Wmedp
 7.49 15.67 23.13 29.37 33.83
Frms_r0
 0.224551 0.308905 0.315135 0.31547 0.315488
Zrms_r0
 1.22455 1.3089 1.31514 1.31547 1.31549
nmprior
 8.19 8.8 8.5 0
nm_flota  nm_reclas  nm_pelaces    nm_pelaL
inf 13.602 19.7501 48.3326
cv_recla  cv_pelaces  cv_mph
0.322853 0.468021 0.883709
 ------------------------------------------------
Talla a la edad & desviaci?n 
 8 13.2811 15.8009 17.003 17.5766
 0.8 1.32811 1.58009 1.7003 1.75766
