    unsorted:	 2.354132697e-06 2.277108088e-06 1.550168598e-06 6.018672691e-05 5.345703805e-05 8.718608065e-05 0.001099994142 934.0956627 892.9613550 854.3869176 805.4181682 1063.497534 1173.973563 1207.775962 1274.067764 665.5042797 534.1723841 1499.647500 1533.832647 355.6468882 281.1729584 237.9162909 169.6353325 153.7657068 13.53520638 65.22064058 2017.239225 2046.466024 1935.987790 2187.756624 2393.955919 2451.706470 2528.582954 2610.528139 2640.632852 2852.195618 3203.826102 3274.487260 3315.435533 3870.976728 4001.092143 4315.548252 5745.513479 9225.976753 38575.15164 411091.6134 405939.5093 400076.3436 395174.0418 379523.4984 361986.5657 455004.8912 449045.4547 466021.4312 468385.7542 327656.1027 158330.0239 544276.6413 576768.1202 592458.2745 629064.7854 672172.6737 848303.9433 899419.1738 1035508.199 1092274.051 1360763.601 1382535.715 1556236.829 1685193.608 2287686.757 2359658.922 2692675.597 2624255.266 2958733.583 3132443.136 4021270.266
      sorted:	 1.550168598e-06 2.277108088e-06 2.354132697e-06 5.345703805e-05 6.018672691e-05 8.718608065e-05 0.001099994142 13.53520638 65.22064058 153.7657068 169.6353325 237.9162909 281.1729584 355.6468882 534.1723841 665.5042797 805.4181682 854.3869176 892.9613550 934.0956627 1063.497534 1173.973563 1207.775962 1274.067764 1499.647500 1533.832647 1935.987790 2017.239225 2046.466024 2187.756624 2393.955919 2451.706470 2528.582954 2610.528139 2640.632852 2852.195618 3203.826102 3274.487260 3315.435533 3870.976728 4001.092143 4315.548252 5745.513479 9225.976753 38575.15164 158330.0239 327656.1027 361986.5657 379523.4984 395174.0418 400076.3436 405939.5093 411091.6134 449045.4547 455004.8912 466021.4312 468385.7542 544276.6413 576768.1202 592458.2745 629064.7854 672172.6737 848303.9433 899419.1738 1035508.199 1092274.051 1360763.601 1382535.715 1556236.829 1685193.608 2287686.757 2359658.922 2624255.266 2692675.597 2958733.583 3132443.136 4021270.266
