    unsorted:	 2.358450486e-06 2.286040254e-06 6.795904877e-06 5.950949869e-05 5.404860998e-05 8.523239045e-05 0.001099993911 13.51103186 65.90923113 170.6955606 156.1989475 239.0718601 288.4238197 369.4041403 688.5681349 542.7633934 808.5232151 853.9546704 920.8115445 939.2271056 1071.528678 1197.491709 1238.599112 1321.237608 1529.390136 1573.653629 2054.424479 2090.887013 1949.394529 2238.697613 2474.051368 2441.074935 2526.883568 2626.484544 2641.700619 2862.183683 3205.428067 3284.121916 3370.936272 3886.682873 4013.472874 4299.640083 5561.027625 8990.838745 37893.73865 158337.5952 409109.3604 413860.7037 401895.0711 399286.7041 382424.2138 365114.2694 450309.8534 459616.8430 469240.7095 467409.5507 336307.9945 536836.4404 568460.8225 587992.8515 619713.4343 668776.6900 832556.8822 885138.3751 1017144.973 1077161.896 1317034.823 1357256.293 1532822.062 1664726.997 2258251.979 2352046.550 2573306.615 2693179.583 3032344.609 3108570.869 3734924.235
      sorted:	 2.286040254e-06 2.358450486e-06 6.795904877e-06 5.404860998e-05 5.950949869e-05 8.523239045e-05 0.001099993911 13.51103186 65.90923113 156.1989475 170.6955606 239.0718601 288.4238197 369.4041403 542.7633934 688.5681349 808.5232151 853.9546704 920.8115445 939.2271056 1071.528678 1197.491709 1238.599112 1321.237608 1529.390136 1573.653629 1949.394529 2054.424479 2090.887013 2238.697613 2441.074935 2474.051368 2526.883568 2626.484544 2641.700619 2862.183683 3205.428067 3284.121916 3370.936272 3886.682873 4013.472874 4299.640083 5561.027625 8990.838745 37893.73865 158337.5952 336307.9945 365114.2694 382424.2138 399286.7041 401895.0711 409109.3604 413860.7037 450309.8534 459616.8430 467409.5507 469240.7095 536836.4404 568460.8225 587992.8515 619713.4343 668776.6900 832556.8822 885138.3751 1017144.973 1077161.896 1317034.823 1357256.293 1532822.062 1664726.997 2258251.979 2352046.550 2573306.615 2693179.583 3032344.609 3108570.869 3734924.235
