years
 1991 1992 1993 1994 1995 1996 1997 1998 1999 2000 2001 2002 2003 2004 2005 2006 2007 2008 2009 2010 2011 2012 2013 2014 2015 2016 2017 2018 2019 2020 2021
reclasobs
 0 0 0 0 0 0 0 0 0 252601 567819 844713 477998 351125 339783 2.1784e+06 2.13404e+06 4.81314e+06 1.55562e+06 2.62356e+06 3.21686e+06 3.843e+06 1.13348e+06 3.07943e+06 1.97215e+06 2.03268e+06 2.025e+06 2.42433e+06 2.27542e+06 1.05018e+06 2.36338e+06
reclaspred
 3.35546e+06 1.90468e+06 969265 1.01845e+06 1.04793e+06 1.61414e+06 1.07943e+06 967219 700969 510738 530896 656646 649810 522178 529719 1.25247e+06 1.24888e+06 2.70911e+06 2.24383e+06 1.68395e+06 2.97358e+06 2.41986e+06 1.9598e+06 3.00534e+06 2.2697e+06 2.01664e+06 2.35408e+06 2.46222e+06 2.04394e+06 1.32735e+06 1.93591e+06
pelacesobs
 0 0 0 0 0 0 0 0 0 0 0 0 0 0 0 552880 188675 0 991730 2.46772e+06 1.41603e+06 1.21717e+06 2.29649e+06 1.80582e+06 0 1.4828e+06 1.56532e+06 1.57751e+06 1.42118e+06 867257 1.10002e+06
pelacespred
 2.06962e+06 1.31506e+06 674995 568299 603372 952461 625101 656076 472412 328465 344219 356766 385510 329669 338902 654758 669973 1.61791e+06 1.42016e+06 995899 1.66246e+06 1.49434e+06 1.21159e+06 1.98339e+06 1.47848e+06 1.30449e+06 1.7041e+06 1.76199e+06 1.23376e+06 905969 1.27243e+06
mphobs
 0 0 0 0 0 0 0 0 0 0 0 498337 0 5186 125008 0 168611 109162 213762 579715 649985 157893 87575 83554 0 0 0 0 0 0 0
mphpred
 505820 339857 172344 94280.2 111071 127480 166774 111858 97309 67982.4 44818.5 62180.8 66135.1 57110.6 40719.2 50630 144487 142464 268592 205690 220866 271291 258562 217206 300399 248673 205823 215747 295400 205464 133217
desembarqueobs
 494567 514787 250237 358949 120608 361735 552515 73892 212993 205616 52469 317467 293654 387597 252695 516296 358380 742168 942051 627588 828172 859565 418607 520667 417249 300574 415391 372974 316634 284311 391294
desembarquepred
 494574 513223 251070 358972 120612 361751 552576 73895.6 213038 205660 52471.4 317538 293713 387659 252701 516284 358407 742097 941925 627500 828253 859617 418624 520694 417255 300580 415398 372967 316634 284324 391301
Reclutas
 221670 126649 125626 241916 193748 312714 131732 62230.3 55688.4 71613.3 128456 165397 139558 98281.9 99998.1 503258 118870 778279 455607 349864 519449 699920 153588 443636 374732 170196 371620 413445 129181 95559.5 349190
log_desv_Rt
 0.0842541 -0.475517 -0.483624 0.171657 -0.050375 0.428354 -0.436167 -1.18609 -1.29716 -1.04565 -0.461349 -0.208587 -0.378457 -0.729094 -0.711784 0.904169 -0.538901 1.34015 0.804697 0.54061 0.935833 1.23403 -0.282658 0.778069 0.609277 -0.179983 0.600937 0.70759 -0.455722 -0.757185 0.538681
SSB
 3.92114e+06 2.63459e+06 1.33602e+06 730864 861028 988230 1.29284e+06 867128 754344 527003 347435 482029 512683 442725 315657 392486 1.12007e+06 1.10439e+06 2.08214e+06 1.59452e+06 1.71217e+06 2.10306e+06 2.00438e+06 1.68379e+06 2.32871e+06 1.92772e+06 1.59555e+06 1.67248e+06 2.28996e+06 1.59277e+06 1.0327e+06
BT
 5.21379e+06 3.557e+06 1.81693e+06 1.64535e+06 1.50903e+06 2.56829e+06 1.95226e+06 1.60576e+06 1.31898e+06 970994 862442 1.11242e+06 1.17961e+06 1.18674e+06 1.06306e+06 1.99534e+06 1.84735e+06 4.53285e+06 4.25535e+06 2.90176e+06 4.62446e+06 4.32698e+06 3.19575e+06 5.21368e+06 3.84329e+06 3.32423e+06 4.47836e+06 4.5639e+06 3.12397e+06 2.38523e+06 3.40833e+06
Ftot
 0.108108 0.195041 0.188834 0.269059 0.0874135 0.173532 0.370285 0.0576624 0.227328 0.29886 0.0781016 0.365018 0.340591 0.552516 0.37092 0.330067 0.212995 0.217504 0.314738 0.28067 0.213785 0.270636 0.158146 0.136247 0.138604 0.111844 0.137947 0.119428 0.113241 0.157997 0.160173
BD_Bspro_t
 0.982852 0.872846 0.736556 0.658011 0.663472 0.731355 0.723271 0.589914 0.640694 0.604066 0.572055 0.728207 0.617684 0.534288 0.435697 0.490125 0.632313 0.61661 0.697002 0.607728 0.580466 0.626607 0.642172 0.639468 0.736078 0.744355 0.751831 0.780569 0.8169 0.761727 0.707781
BD_Bspro
 2.69226 1.80891 0.917311 0.501812 0.591183 0.67852 0.887665 0.595371 0.517933 0.361841 0.238549 0.330961 0.352009 0.303975 0.216731 0.269482 0.769039 0.758274 1.4296 1.0948 1.17557 1.44396 1.37621 1.15609 1.59889 1.32358 1.09551 1.14833 1.57229 1.0936 0.709056
BD_Bo
 1.8434 1.23857 0.628086 0.343592 0.404785 0.464585 0.607787 0.407652 0.35463 0.247753 0.163335 0.22661 0.241021 0.208133 0.148396 0.184515 0.526563 0.519192 0.978849 0.74961 0.804919 0.988687 0.942297 0.791581 1.09477 0.906257 0.750096 0.786262 1.07655 0.748789 0.485493
BD_Brms
 12.1523 8.16503 4.14055 2.26507 2.66847 3.06269 4.00673 2.68738 2.33784 1.63327 1.07676 1.49389 1.58889 1.37208 0.978276 1.21638 3.47128 3.42269 6.45289 4.94167 5.30629 6.51774 6.21193 5.21836 7.21705 5.97434 4.94488 5.1833 7.09697 4.93626 3.20053
Sel_flota
 0.846026 1 1 1 1
 0.846026 1 1 1 1
 0.846026 1 1 1 1
 0.846026 1 1 1 1
 0.846026 1 1 1 1
 0.846026 1 1 1 1
 0.846026 1 1 1 1
 0.846026 1 1 1 1
 0.846026 1 1 1 1
 0.846026 1 1 1 1
 0.846026 1 1 1 1
 0.846026 1 1 1 1
 0.846026 1 1 1 1
 0.846026 1 1 1 1
 0.846026 1 1 1 1
 0.846026 1 1 1 1
 0.846026 1 1 1 1
 0.846026 1 1 1 1
 0.846026 1 1 1 1
 0.846026 1 1 1 1
 0.846026 1 1 1 1
 0.846026 1 1 1 1
 0.846026 1 1 1 1
 0.846026 1 1 1 1
 0.846026 1 1 1 1
 0.846026 1 1 1 1
 0.846026 1 1 1 1
 0.846026 1 1 1 1
 0.846026 1 1 1 1
 0.846026 1 1 1 1
 0.846026 1 1 1 1
Sel_reclas
 1 1 1 1 1
 1 1 1 1 1
 1 1 1 1 1
 1 1 1 1 1
 1 1 1 1 1
 1 1 1 1 1
 1 1 1 1 1
 1 1 1 1 1
 1 1 1 1 1
 1 1 1 1 1
 1 1 1 1 1
 1 1 1 1 1
 1 1 1 1 1
 1 1 1 1 1
 1 1 1 1 1
 1 1 1 1 1
 1 1 1 1 1
 1 1 1 1 1
 1 1 1 1 1
 1 1 1 1 1
 1 1 1 1 1
 1 1 1 1 1
 1 1 1 1 1
 1 1 1 1 1
 1 1 1 1 1
 1 1 1 1 1
 1 1 1 1 1
 1 1 1 1 1
 1 1 1 1 1
 1 1 1 1 1
 1 1 1 1 1
Sel_pelaces
 0.945652 1 1 1 1
 0.945652 1 1 1 1
 0.945652 1 1 1 1
 0.945652 1 1 1 1
 0.945652 1 1 1 1
 0.945652 1 1 1 1
 0.945652 1 1 1 1
 0.945652 1 1 1 1
 0.945652 1 1 1 1
 0.945652 1 1 1 1
 0.945652 1 1 1 1
 0.945652 1 1 1 1
 0.945652 1 1 1 1
 0.945652 1 1 1 1
 0.945652 1 1 1 1
 0.945652 1 1 1 1
 0.945652 1 1 1 1
 0.945652 1 1 1 1
 0.945652 1 1 1 1
 0.945652 1 1 1 1
 0.945652 1 1 1 1
 0.945652 1 1 1 1
 0.945652 1 1 1 1
 0.945652 1 1 1 1
 0.945652 1 1 1 1
 0.945652 1 1 1 1
 0.945652 1 1 1 1
 0.945652 1 1 1 1
 0.945652 1 1 1 1
 0.945652 1 1 1 1
 0.945652 1 1 1 1
pf_obs 
 0.8446 0.082 0.0669 0.0065 0
 0.8095 0.147 0.0364 0.0071 0
 0.9664 0.0169 0.016 0.0007 0
 0.9276 0.0648 0.0075 0.0001 0
 0.7033 0.2144 0.0806 0.0017 0
 0.9318 0.0425 0.0243 0.0014 0
 0.5671 0.3108 0.0964 0.0239 0.0018
 0.0768 0.2599 0.5324 0.112 0.0189
 0.490249 0.384438 0.106611 0.0170017 0.00170017
 0.7925 0.1577 0.0466 0.003 0.0002
 0.840416 0.127587 0.0312969 0.00059994 9.999e-05
 0.8084 0.0986 0.0794 0.0134 0.0002
 0.7335 0.1905 0.0724 0.0035 0.0001
 0.4001 0.4547 0.1325 0.0127 0
 0.49795 0.308269 0.164784 0.0264974 0.00249975
 0.9179 0.0499 0.0305 0.0017 0
 0.2467 0.6533 0.0926 0.0074 0
 0.9418 0.0223 0.034 0.0019 0
 0.707729 0.231977 0.0356964 0.0245975 0
 0.517169 0.277429 0.184464 0.0207286 0.00020938
 0.811772 0.124168 0.05621 0.00726502 0.000585176
 0.764997 0.148141 0.077277 0.00933861 0.000247198
 0.163321 0.427699 0.378323 0.0303852 0.000271297
 0.753843 0.0900009 0.118128 0.0371064 0.000921714
 0.721811 0.176058 0.0630433 0.0369309 0.00215725
 0.143369 0.312575 0.442814 0.0836902 0.0175525
 0.692698 0.0596174 0.167031 0.0765114 0.00414204
 0.394062 0.376323 0.152708 0.0712218 0.00568511
 0.125707 0.32114 0.495352 0.0537591 0.00404204
 0.23352 0.215282 0.420074 0.123614 0.00750983
 0.774587 0.0839891 0.0768558 0.0609784 0.00358967
pf_pred 
 0.438795 0.113344 0.424407 0.0234544 7.67233e-07
 0.412984 0.283381 0.0613235 0.229621 0.0126902
 0.555168 0.203938 0.116291 0.0251653 0.0994371
 0.7602 0.143917 0.043959 0.0250665 0.0268581
 0.648529 0.278877 0.0435672 0.0133075 0.0157189
 0.735242 0.181978 0.0656823 0.0102611 0.00683641
 0.468829 0.40864 0.08422 0.0303979 0.00791277
 0.436459 0.292621 0.208424 0.0429558 0.0195401
 0.512244 0.233746 0.131896 0.0939448 0.0281693
 0.671126 0.183843 0.0695028 0.0392183 0.0363098
 0.791852 0.148335 0.0334356 0.0126405 0.0137363
 0.725942 0.224487 0.0353269 0.0079629 0.0062818
 0.673349 0.249607 0.063108 0.00993113 0.00400448
 0.61486 0.275578 0.0837206 0.021167 0.00467413
 0.717616 0.187923 0.0675893 0.0205336 0.0063379
 0.924407 0.0572004 0.0122398 0.00440223 0.0017502
 0.405462 0.55716 0.0282833 0.0060521 0.00304213
 0.891833 0.0488015 0.0556337 0.00282415 0.000908078
 0.599811 0.363617 0.0165 0.01881 0.00126188
 0.602312 0.256878 0.127942 0.00580569 0.00706249
 0.739656 0.168589 0.0592673 0.029519 0.00296897
 0.745031 0.197347 0.037314 0.0131177 0.00719061
 0.333203 0.519975 0.113641 0.021487 0.0116944
 0.741593 0.0968266 0.126002 0.0275378 0.00804062
 0.630051 0.286525 0.0312595 0.0406784 0.0114861
 0.442438 0.374071 0.142114 0.0155044 0.0258731
 0.730378 0.131178 0.0928824 0.0352871 0.0102741
 0.688876 0.237788 0.0356802 0.0252638 0.0123925
 0.367503 0.459006 0.132597 0.0198962 0.0209982
 0.436483 0.23084 0.241425 0.0697426 0.0215094
 0.823701 0.0848983 0.0374417 0.0391586 0.0148009
pobs_RECLAS
 0 0 0 0 0
 0 0 0 0 0
 0 0 0 0 0
 0 0 0 0 0
 0 0 0 0 0
 0 0 0 0 0
 0 0 0 0 0
 0 0 0 0 0
 0 0 0 0 0
 0 0 0 0 0
 0.991045 0.00858322 0.000360255 1.14367e-05 0
 0.934742 0.0480273 0.0164251 0.00080598 0
 0.827803 0.169806 0.00239088 0 0
 0.941827 0.0461693 0.0120037 0 0
 0.791401 0.0380133 0.147996 0.0225897 0
 0.846168 0.0940531 0.0597789 0 0
 0.134021 0.677848 0.182769 0.00536245 0
 0.80878 0.0450904 0.141981 0.00414843 0
 0.846168 0.0940531 0.0597789 0 0
 0.905697 0.0802665 0.012482 0.00150086 5.37128e-05
 0.989698 0.0102097 9.19794e-05 0 0
 0.975433 0.0193895 0.00387452 0.00125025 5.28907e-05
 0.303575 0.632131 0.0575291 0.00676475 0
 0.966965 0.00978017 0.0227588 0.000495775 0
 0.843318 0.132988 0.00938335 0.0141283 0.000182051
 0.564624 0.303363 0.111486 0.0197234 0.00080311
 0.826376 0.0876187 0.0782897 0.00655872 0.00115652
 0.89761 0.0855135 0.0140674 0.00269457 0.000114338
 0.34875 0.467042 0.161289 0.0227151 0.000203297
 0.318654 0.224769 0.449479 0.00709798 0
 0.937255 0.0296025 0.0250945 0.00804832 0
ppred_RECLAS
 0.480671 0.104886 0.392738 0.0217042 7.09983e-07
 0.454736 0.263225 0.0569618 0.213289 0.0117876
 0.596659 0.184917 0.105444 0.0228181 0.0901624
 0.790043 0.126006 0.0384883 0.0219471 0.0235156
 0.68589 0.249233 0.038936 0.0118929 0.014048
 0.76694 0.160191 0.0578184 0.00903259 0.00601791
 0.512135 0.375324 0.0773536 0.0279196 0.00726765
 0.47812 0.270989 0.193016 0.0397802 0.0180955
 0.554689 0.213405 0.120418 0.0857695 0.025718
 0.707909 0.163281 0.0617292 0.0348319 0.0322486
 0.818228 0.129539 0.0291988 0.0110388 0.0119957
 0.759039 0.197376 0.0310606 0.00700125 0.00552317
 0.71016 0.221478 0.0559962 0.00881196 0.00355321
 0.655953 0.246175 0.0747879 0.0189086 0.00417542
 0.751397 0.165443 0.0595038 0.0180772 0.00557971
 0.935618 0.0487174 0.0104246 0.00374936 0.00149064
 0.447109 0.518131 0.026302 0.00562815 0.00282903
 0.907214 0.0418621 0.0477228 0.00242257 0.000778954
 0.640366 0.326768 0.0148279 0.0169038 0.001134
 0.642615 0.230845 0.114976 0.00521732 0.00634676
 0.771111 0.14822 0.0521065 0.0259525 0.00261025
 0.776211 0.173213 0.0327509 0.0115135 0.00631127
 0.371858 0.489831 0.107053 0.0202414 0.0110165
 0.772661 0.0851853 0.110853 0.024227 0.00707391
 0.668544 0.256712 0.028007 0.0364459 0.010291
 0.484376 0.345934 0.131424 0.0143382 0.023927
 0.762367 0.115615 0.0818625 0.0311005 0.00905516
 0.72387 0.211042 0.0316669 0.0224222 0.0109986
 0.407534 0.429955 0.124205 0.018637 0.0196692
 0.478521 0.213619 0.223415 0.0645398 0.0199048
 0.846984 0.0736861 0.0324969 0.0339871 0.0128462
pobs_PELACES
 0 0 0 0 0
 0 0 0 0 0
 0 0 0 0 0
 0 0 0 0 0
 0 0 0 0 0
 0 0 0 0 0
 0 0 0 0 0
 0 0 0 0 0
 0 0 0 0 0
 0 0 0 0 0
 0 0 0 0 0
 0 0 0 0 0
 0 0 0 0 0
 0 0 0 0 0
 0 0 0 0 0
 0 0 0 0 0
 0.505614 0.472636 0.0217494 0 0
 0 0 0 0 0
 0.443492 0.261883 0.143347 0.151278 0
 0.227955 0.32914 0.350689 0.0885471 0.00366901
 0.970185 0.0296113 0.000203453 0 0
 0.997202 0.00247181 0.000326279 0 0
 0.445219 0.490057 0.0546422 0.010081 0
 0.90214 0.0892962 0.00764917 0.000914606 0
 0 0 0 0 0
 0.581667 0.319106 0.0959925 0.00289975 0.000334073
 0.762889 0.0836404 0.116647 0.0363945 0.000428098
 0.88444 0.0763242 0.0277011 0.0115352 0
 0.521256 0.241999 0.230069 0.00667565 0
 0.616807 0.101726 0.260614 0.0208532 0
 0.833518 0.0704572 0.0857862 0.0102388 0
ppred_PELACES
 0.468108 0.107423 0.402239 0.0222293 7.27158e-07
 0.443364 0.268716 0.0581498 0.217738 0.0120334
 0.585472 0.190045 0.108369 0.0234509 0.0926631
 0.782955 0.13026 0.0397875 0.0226879 0.0243094
 0.674703 0.258109 0.0403227 0.0123165 0.0145483
 0.758423 0.166045 0.0599315 0.0093627 0.00623784
 0.502871 0.382451 0.0788225 0.0284498 0.00740565
 0.464926 0.27784 0.197895 0.0407859 0.018553
 0.543715 0.218665 0.123386 0.0878833 0.0263518
 0.699424 0.168024 0.0635224 0.0358437 0.0331855
 0.810379 0.135132 0.0304596 0.0115154 0.0125137
 0.752144 0.203024 0.0319492 0.00720156 0.00568119
 0.702156 0.227595 0.0575425 0.0090553 0.00365133
 0.649651 0.250684 0.0761578 0.0192549 0.0042519
 0.744415 0.170089 0.0611749 0.0185849 0.00573641
 0.933222 0.0505307 0.0108126 0.00388892 0.00154612
 0.435999 0.528543 0.0268306 0.00574125 0.00288587
 0.90337 0.043596 0.0496994 0.00252291 0.000811217
 0.63113 0.33516 0.0152087 0.0173379 0.00116313
 0.633001 0.237055 0.118069 0.00535767 0.00651749
 0.763068 0.153428 0.0539374 0.0268644 0.00270197
 0.768808 0.178943 0.0338343 0.0118944 0.00652006
 0.360753 0.498491 0.108946 0.0205993 0.0112112
 0.763947 0.0884506 0.115102 0.0251556 0.00734506
 0.657634 0.265162 0.0289288 0.0376455 0.0106297
 0.471852 0.354337 0.134617 0.0146865 0.0245082
 0.7534 0.119977 0.0849515 0.032274 0.00939685
 0.713803 0.218736 0.0328214 0.0232396 0.0113996
 0.39549 0.438696 0.12673 0.0190159 0.020069
 0.466595 0.218505 0.228525 0.0660159 0.02036
 0.840693 0.0767153 0.0338328 0.0353843 0.0133743
pobs_pel_tallas
 0 0 0 0 0 0 0 0 0 0 0 0 0 0 0 0 0 0 0 0 0 0 0 0 0 0
 0 0 0 0 0 0 0 0 0 0 0 0 0 0 0 0 0 0 0 0 0 0 0 0 0 0
 0 0 0 0 0 0 0 0 0 0 0 0 0 0 0 0 0 0 0 0 0 0 0 0 0 0
 0 0 0 0 0 0 0 0 0 0 0 0 0 0 0 0 0 0 0 0 0 0 0 0 0 0
 0 0 0 0 0 0 0 0 0 0 0 0 0 0 0 0 0 0 0 0 0 0 0 0 0 0
 0 0 0 0 0 0 0 0 0 0 0 0 0 0 0 0 0 0 0 0 0 0 0 0 0 0
 0 0 0 0 0 0 0 0 0 0 0 0 0 0 0 0 0 0 0 0 0 0 0 0 0 0
 0 0 0 0 0 0 0 0 0 0 0 0 0 0 0 0 0 0 0 0 0 0 0 0 0 0
 0 0 0 0 0 0 0 0 0 0 0 0 0 0 0 0 0 0 0 0 0 0 0 0 0 0
 0 0 0 0 0 0 0 0 0 0 0 0 0 0 0 0 0 0 0 0 0 0 0 0 0 0
 0 0 0 0 0 0 0 0 0 0 0 0 0 0 0 0 0 0 0 0 0 0 0 0 0 0
 0 0 0 0 0 0 0 0 0 0 0 0 0 0 0 0 0 0 0 0 0 0 0 0 0 0
 0.00862536 0 0 0.000197151 0.00414017 0.0128641 0.00837892 0.0270097 0.101434 0.158115 0.152841 0.127902 0.109271 0.109419 0.0830992 0.0579132 0.0238553 0.00714673 0.00463305 0.00128148 0.00103504 0.000492878 0.000147863 0.000147863 4.92878e-05 0
 0 0 0 0 0 0 0 0 0 0 0 0 0 0 0 0 0 0 0 0 0 0 0 0 0 0
 0 0 0 0 0 0 0 0.0054083 0.00873648 0.0413646 0.0450493 0.0745869 0.0622846 0.0627006 0.0613931 0.0827291 0.12552 0.122667 0.0946155 0.0697135 0.0546179 0.0294188 0.0215738 0.0213955 0.0102223 0.00600262
 0 0 0 0 0.00359764 0.0251062 0.0480494 0.140153 0.205849 0.193036 0.1447 0.116669 0.0760912 0.0342217 0.00950174 0.001854 0.000860785 0 0 0 0.000165536 0 0.000143464 0 0 0
 0 0 0 0 0 0 0 0.000145254 0.000435761 0.0275982 0.070085 0.0708112 0.156366 0.174668 0.174014 0.160142 0.0824315 0.0480064 0.0283245 0.00493863 0.00203355 0 0 0 0 0
 0 0 0 0 0 0 0 0 0 0 0 0 0 0 0 0 0 0 0 0 0 0 0 0 0 0
 0 0 1.00437e-05 0.000401748 0.00122533 0.00171747 0.00176769 0.0269171 0.070346 0.194647 0.189555 0.159765 0.064822 0.0314167 0.0384472 0.0292271 0.0345202 0.0313363 0.0194345 0.0106764 0.0143323 0.0359363 0.0279516 0.0138201 0.00172751 0
 0 0.0021121 0.0136068 0.0755702 0.200478 0.177729 0.0527432 0.0373336 0.0318909 0.0142505 0.0149659 0.0166563 0.0217959 0.0798694 0.0677717 0.0528807 0.04013 0.0224614 0.0357745 0.0225083 0.00881397 0.00855152 0.00135912 0.000746735 0 0
 0 0 0 0 5.4009e-05 0.00500934 0.000945158 0.0243581 0.138947 0.33067 0.221406 0.137944 0.0707744 0.0437923 0.0131692 0.00525238 0.0047753 0.00276346 9.45158e-05 9.00151e-06 2.25038e-05 9.00151e-06 4.50075e-06 0 0 0
 0.000866109 0.00284123 0.00948549 0.0512746 0.133035 0.25785 0.225252 0.132002 0.0553304 0.0519788 0.0540692 0.017754 0.00435017 0.00159236 0.00146478 0.000404838 0.000125132 0.000115318 0.000107957 0.000100596 0 0 0 0 0 0
 0 0 0 0 0.00144013 0.00171154 0.00461396 0.0210425 0.0478622 0.0707936 0.0888783 0.103762 0.0637923 0.0337046 0.0602308 0.124433 0.169614 0.0934646 0.0462172 0.0250306 0.0313229 0.00938855 0.002487 0.000210481 0 0
 0 0.00764035 0.051015 0.0998891 0.058973 0.0496711 0.0374665 0.0718981 0.12319 0.153886 0.159021 0.0857701 0.0377988 0.023471 0.0147837 0.00900784 0.00315554 0.000888139 0.00291439 0.00214683 0.00393193 0.00274676 0.000635225 9.99891e-05 0 0
 0 0 0 0 0 0 0 0 0 0 0 0 0 0 0 0 0 0 0 0 0 0 0 0 0 0
 0 0 0 0 0 0 0 0 0 0 0 0 0 0 0 0 0 0 0 0 0 0 0 0 0 0
 0 0 0 0 0 0 0 0 0 0 0 0 0 0 0 0 0 0 0 0 0 0 0 0 0 0
 0 0 0 0 0 0 0 0 0 0 0 0 0 0 0 0 0 0 0 0 0 0 0 0 0 0
 0 0 0 0 0 0 0 0 0 0 0 0 0 0 0 0 0 0 0 0 0 0 0 0 0 0
 0 0 0 0 0 0 0 0 0 0 0 0 0 0 0 0 0 0 0 0 0 0 0 0 0 0
 0 0 0 0 0 0 0 0 0 0 0 0 0 0 0 0 0 0 0 0 0 0 0 0 0 0
ppred_pel_tallas
 1.13865e-16 3.85574e-05 0.000374792 0.00249063 0.011322 0.0352271 0.0750554 0.109548 0.109559 0.0751093 0.0354096 0.0118567 0.00386178 0.00346363 0.00618434 0.0108901 0.0173723 0.0253518 0.0344352 0.044228 0.054193 0.0632918 0.069849 0.0720175 0.0686847 0.0601861
 1.2562e-16 3.65193e-05 0.000354981 0.00235897 0.0107236 0.0333651 0.0710889 0.103762 0.103788 0.0712161 0.0337924 0.0119592 0.00546687 0.00716185 0.0130335 0.0216838 0.0317248 0.0410204 0.0475206 0.0505397 0.0512579 0.0518802 0.0540581 0.0577818 0.0614638 0.0629614
 1.21209e-16 4.82246e-05 0.00046876 0.00311508 0.0141607 0.0440593 0.0938736 0.137015 0.137034 0.0939639 0.0443629 0.0150398 0.00532948 0.00532867 0.00935544 0.0155974 0.0229635 0.0299634 0.0351424 0.0379359 0.0390158 0.0397493 0.0411905 0.0434001 0.0455185 0.0463685
 1.07571e-16 6.4491e-05 0.000626876 0.00416581 0.0189372 0.0589207 0.125537 0.183228 0.18324 0.125599 0.0591276 0.0195354 0.00566979 0.00391794 0.00633853 0.0104409 0.0151902 0.0194448 0.0221017 0.0226961 0.0216829 0.020101 0.0188854 0.0183633 0.01824 0.0179454
 1.04927e-16 5.55745e-05 0.000540204 0.00358984 0.0163189 0.0507744 0.108181 0.157899 0.157924 0.108303 0.0511827 0.0174985 0.00655139 0.00700713 0.0123431 0.0203332 0.0293242 0.0369632 0.0408954 0.0400518 0.0352869 0.0287892 0.0227502 0.0183271 0.0155005 0.0136105
 1.03767e-16 6.24703e-05 0.000607234 0.00403528 0.0183438 0.0570745 0.121604 0.177488 0.177504 0.121682 0.0573383 0.0191065 0.00595256 0.00480208 0.00805687 0.013293 0.0193119 0.0246386 0.027804 0.0281187 0.0260471 0.0228204 0.0196206 0.0169951 0.0148513 0.0128419
 1.06479e-16 4.14209e-05 0.000402626 0.00267559 0.0121629 0.0378434 0.0806308 0.117691 0.117728 0.0808111 0.0384491 0.013913 0.00707081 0.0100049 0.0183001 0.030247 0.0437076 0.0552615 0.0614452 0.0606654 0.0541251 0.0449457 0.0362231 0.0295478 0.0248555 0.021252
 1.13012e-16 3.82954e-05 0.000372245 0.0024737 0.0112451 0.0349878 0.0745462 0.108808 0.108835 0.0746785 0.0354326 0.0125331 0.00571939 0.00749955 0.0136977 0.0229078 0.0337538 0.0440388 0.0515122 0.0550993 0.0554092 0.0540276 0.0522235 0.050179 0.0472399 0.0427413
 1.1689e-16 4.47851e-05 0.000435327 0.0028929 0.0131507 0.0409169 0.0871786 0.127244 0.127265 0.0872825 0.0412664 0.0141625 0.00544161 0.00602944 0.0107594 0.017958 0.0264437 0.0345033 0.0404407 0.0435525 0.0445148 0.0447639 0.0453689 0.0463186 0.046687 0.0453779
 1.11087e-16 5.76107e-05 0.000559996 0.00372137 0.0169168 0.0526346 0.112144 0.163681 0.163697 0.112224 0.052902 0.0176901 0.00566644 0.00481983 0.00818906 0.0135579 0.0197932 0.0254755 0.0292168 0.0304365 0.029708 0.0283141 0.0273631 0.0271643 0.0272436 0.0268227
 1.04187e-16 6.67499e-05 0.000648833 0.00431172 0.0196005 0.0609844 0.129934 0.189645 0.189659 0.129998 0.0611986 0.0202193 0.0058663 0.00404638 0.00653103 0.010723 0.0155166 0.0196788 0.0220058 0.0219603 0.0199882 0.0171977 0.0146612 0.0128869 0.0117702 0.0109015
 1.02658e-16 6.19532e-05 0.000602207 0.00400188 0.018192 0.0566021 0.120597 0.17602 0.176039 0.120693 0.0569232 0.0191197 0.00633091 0.00568751 0.00972289 0.0159839 0.0230386 0.0290129 0.0320395 0.031259 0.0273247 0.0219461 0.0168519 0.0129825 0.0103781 0.00858932
 1.03245e-16 5.78357e-05 0.000562184 0.00373591 0.0169829 0.0528403 0.112583 0.164322 0.164344 0.11269 0.053201 0.0180254 0.0063545 0.00628494 0.010945 0.0180512 0.0261106 0.0330691 0.0368634 0.0365275 0.0327376 0.0272957 0.0219942 0.0177632 0.0146006 0.0120579
 1.04913e-16 5.3511e-05 0.000520146 0.00345655 0.015713 0.0488891 0.104164 0.152036 0.15206 0.104283 0.0492869 0.0168629 0.00634622 0.0068392 0.0120865 0.0199807 0.0289743 0.0368489 0.0413686 0.0414907 0.0379458 0.0326554 0.0274857 0.0233345 0.0200945 0.0172239
 1.04644e-16 6.13165e-05 0.000596018 0.00396075 0.018005 0.0560203 0.119358 0.17421 0.174226 0.119438 0.0562906 0.0187865 0.00592544 0.00489524 0.00825668 0.0136328 0.0198207 0.0253227 0.0286492 0.0291116 0.0271992 0.0241738 0.0212245 0.0188658 0.0169398 0.0150298
 1.00977e-16 7.68682e-05 0.000747187 0.00496532 0.0225716 0.0702287 0.14963 0.21839 0.218395 0.149654 0.0703088 0.0228029 0.00554621 0.00201641 0.0024907 0.00400483 0.00578274 0.00731694 0.0081473 0.00806467 0.00722867 0.00605078 0.00493703 0.0040928 0.00350387 0.00304683
 1.01974e-16 3.59128e-05 0.000349085 0.0023198 0.0105455 0.0328112 0.0699096 0.102046 0.102097 0.0701581 0.0336454 0.0129538 0.00836117 0.0135247 0.0250213 0.0412101 0.0591303 0.0738716 0.0804535 0.0765803 0.0640342 0.0475262 0.0319627 0.0202296 0.0127544 0.00846896
 1.01836e-16 7.44094e-05 0.000723286 0.00480649 0.0218496 0.0679823 0.144844 0.211404 0.211409 0.144864 0.0680526 0.0220537 0.00532194 0.00185921 0.002263 0.00370469 0.00551806 0.00733008 0.00880009 0.00974765 0.0102129 0.0103468 0.0102352 0.00982572 0.00900931 0.00776185
 1.02461e-16 5.19854e-05 0.000505317 0.00335801 0.015265 0.0474954 0.101195 0.147704 0.147736 0.101353 0.0480244 0.0167924 0.00718957 0.0088622 0.0159016 0.0261502 0.0375361 0.0469363 0.0512125 0.0489362 0.0412626 0.0311877 0.0217998 0.014866 0.0105632 0.00811566
 1.05109e-16 5.21395e-05 0.000506814 0.00336796 0.0153103 0.0476361 0.101495 0.148139 0.148162 0.101607 0.0480136 0.0164025 0.00611587 0.0065261 0.0115439 0.019158 0.0279546 0.0359034 0.0409379 0.042054 0.0398193 0.0358231 0.0315587 0.0276693 0.0240127 0.0202311
 1.04748e-16 6.2853e-05 0.000610953 0.00406 0.0184562 0.0574241 0.122349 0.178575 0.178589 0.122421 0.0576679 0.0191612 0.0058326 0.00449022 0.00745897 0.0123076 0.0179037 0.0228985 0.0259609 0.0264852 0.0249262 0.0224245 0.0200352 0.0181817 0.0166645 0.0150531
 1.03319e-16 6.33257e-05 0.000615549 0.00409054 0.018595 0.057856 0.123269 0.179918 0.179936 0.123353 0.0581393 0.0194135 0.00614595 0.00510532 0.00859859 0.0141373 0.0204128 0.0257855 0.0286302 0.0282049 0.0250851 0.020752 0.0166777 0.0136227 0.0115556 0.0100364
 1.07235e-16 2.97148e-05 0.000288839 0.00191944 0.00872551 0.0271486 0.0578447 0.084436 0.0844842 0.0580798 0.0279381 0.0110069 0.00764898 0.0128065 0.0238323 0.0394295 0.0569763 0.0720252 0.0800444 0.0789262 0.0702009 0.0579076 0.0460825 0.0368487 0.0302198 0.0251495
 1.07111e-16 6.29253e-05 0.000611656 0.00406467 0.0184774 0.0574901 0.122489 0.178778 0.178787 0.122532 0.0576335 0.0188937 0.00511771 0.00293753 0.00455984 0.00764741 0.0114991 0.0154868 0.0189924 0.0217064 0.0237239 0.025291 0.0264367 0.0268428 0.026063 0.0238752
 1.06477e-16 5.41685e-05 0.000526537 0.00349903 0.0159061 0.0494899 0.105444 0.153904 0.15393 0.105569 0.0499092 0.0171172 0.00653913 0.00716377 0.0126621 0.0208565 0.0300671 0.0378853 0.0419131 0.0410942 0.0363662 0.0300339 0.0243675 0.0205045 0.0182972 0.0168995
 1.09596e-16 3.88659e-05 0.00037779 0.00251055 0.0114126 0.0355091 0.0756571 0.110431 0.110465 0.0758247 0.0360722 0.013041 0.00660449 0.00933676 0.0171178 0.0284059 0.0413098 0.0527748 0.0596902 0.0605996 0.0564978 0.0499985 0.0435925 0.0384037 0.034184 0.0301443
 1.0731e-16 6.20566e-05 0.000603212 0.00400856 0.0182223 0.0566965 0.120798 0.176311 0.176323 0.120855 0.0568887 0.0187789 0.00541138 0.00368483 0.00597152 0.00992402 0.0146445 0.0191678 0.0225482 0.0243556 0.0248817 0.0248173 0.0246762 0.0244549 0.0237528 0.0221614
 1.05263e-16 5.87951e-05 0.000571509 0.00379788 0.0172646 0.0537168 0.11445 0.167048 0.167069 0.114553 0.0540629 0.0182645 0.00630832 0.00605404 0.0104781 0.017249 0.024892 0.0314177 0.0348499 0.0343074 0.0305363 0.0253972 0.0207235 0.0174362 0.0154317 0.0140622
 1.09073e-16 3.25761e-05 0.000316651 0.00210426 0.00956568 0.0297626 0.0634139 0.0925634 0.0926058 0.0636211 0.0304585 0.011577 0.00715815 0.0113662 0.0210674 0.0349073 0.0505871 0.0642553 0.0719872 0.0719554 0.065461 0.055922 0.0466844 0.0393997 0.0339263 0.0293011
 1.16717e-16 3.84328e-05 0.000373581 0.00248258 0.0112854 0.0351133 0.0748134 0.109197 0.109218 0.0749181 0.0354657 0.0123076 0.00506456 0.00606383 0.0110037 0.018547 0.0276932 0.0368907 0.0445486 0.049912 0.0533588 0.0557822 0.0576121 0.0583607 0.0570286 0.0529205
 1.06808e-16 6.92468e-05 0.000673104 0.00447301 0.0203337 0.0632656 0.134794 0.196738 0.196745 0.134831 0.063388 0.0206878 0.00536447 0.00262806 0.00380892 0.00625991 0.00918751 0.0119412 0.0139243 0.014908 0.0151696 0.0152685 0.0156303 0.0162685 0.0168222 0.01682
pSPR Fmed_Fpbrs
0.690734   0.201692 0.201692
Fs Fmed_Fpbrs
0.191711   1.005 1.005
SSBpbr Bo_Bmed_Bpbrs
2.12713e+06  1.36292e+06  322667 322667
Ro
203758
SPR SPRFo_SPRFmed_SPRFpbrs
1.45645e+06 1.00602e+06 293754
Fref
1.005
Nvult_r0
 237010 21116 9312.53 9739.57 3681.29
CTP_r0
 28284.5 2915.26 1285.68 1344.64 508.237
YTP_r0
391301
Np
 271989 112180 9639.86 4251.35 5839.92
Nvult_p0
 229233 97073.8 8341.75 3678.86 5053.52
CTP_p0
 105341 48658 4181.28 1844.02 2533.06
YTP_p0
 1.81481e+06
CBA_c0
818353
log_Ro
12.0447
likeval ReclasPelacesDesembMPH_pf_preclas_ppelaces_ptallas_desvR_qrecl_qpela
 16.314 17.5069 0.103087 0.00080542 241.455 119.792 98.3314 0 21.8857 4.03605e-06 0 0.525033 0 0 0
q_reclas_q_pelaces
0.752253 1
M
1
N
 221670 48774.3 182632 10092.9 0.330158
 126649 74420.2 16104.5 60301.9 3332.63
 125626 39504.3 22526.4 4874.69 19261.7
 241916 39391.6 12032.1 6860.99 7351.35
 193748 70878.1 11072.8 3382.16 3995.03
 312714 66195 23892.1 3732.5 2486.76
 131732 99332.8 20472.3 7389.17 1923.45
 62230.3 35427.8 25234 5200.68 2365.73
 55688.4 21803.2 12302.9 8762.92 2627.56
 71613.3 16902.3 6389.98 3605.67 3338.26
 128456 20459.3 4611.66 1743.46 1894.6
 165397 44234.7 6961.09 1569.07 1237.82
 139558 44680.3 11296.5 1777.7 716.813
 98281.9 38487.3 11692.4 2956.19 652.79
 99998.1 22655.4 8148.33 2475.46 764.074
 503258 26878.9 5751.6 2068.64 822.431
 118870 140030 7108.39 1521.06 764.572
 778279 36519.1 41631.7 2113.36 679.532
 455607 238191 10808.5 12321.7 826.607
 349864 128426 63964.8 2902.56 3530.9
 519449 101503 35683.4 17772.7 1787.54
 699920 159477 30153.7 10600.5 5810.78
 153588 204793 44757.7 8462.72 4605.87
 443636 49426.2 64319 14057 4104.43
 374732 145436 15866.9 20647.8 5830.2
 170196 122603 46578.1 5081.62 8479.99
 371620 56958.8 40330.4 15322 4461.12
 413445 121652 18253.9 12924.9 6340
 129181 137481 39715.3 5959.3 6289.35
 95559.5 43181.3 45161.5 13046.2 4023.59
 349190 30755.8 13563.9 14185.9 5361.86
pred_Ctot
 12339.2 3187.29 11934.6 659.551 0.021575
 12343 8469.5 1832.79 6862.75 379.275
 11879 4363.69 2488.29 538.463 2127.66
 31714.5 6004 1833.9 1045.74 1120.48
 8783.51 3777.04 590.062 180.233 212.892
 27316.6 6761.09 2440.31 381.234 253.995
 22972.6 20023.3 4126.77 1489.5 387.725
 1880.46 1260.74 897.981 185.072 84.1872
 6256.33 2854.88 1610.92 1147.4 344.048
 10323.7 2827.99 1069.14 603.281 558.54
 5220.08 977.86 220.416 83.3292 90.5531
 28483 8807.97 1386.08 312.432 246.473
 22608.6 8380.92 2118.94 333.452 134.456
 24090.3 10797.2 3280.18 829.324 183.133
 17464.8 4573.54 1644.94 499.732 154.247
 79288.7 4906.22 1049.84 377.59 150.119
 12573.9 17278.2 877.099 187.683 94.34
 83938.2 4593.14 5236.17 265.805 85.4672
 68800.6 41708.3 1892.61 2157.58 144.743
 47657.7 20325.4 10123.4 459.374 558.818
 55135.1 12566.9 4417.87 2200.39 221.311
 92245.6 24434.4 4620.01 1624.16 890.301
 12291.8 19181.9 4192.22 792.657 431.407
 30820.5 4024.09 5236.6 1144.46 334.166
 26462.3 12034.1 1312.91 1708.5 482.42
 9788.63 8276.05 3144.16 343.025 572.425
 26124.2 4691.99 3322.22 1262.15 367.485
 25324.5 8741.57 1311.68 928.748 455.575
 7518.82 9390.92 2712.84 407.062 429.607
 7640.94 4041.01 4226.32 1220.89 376.537
 28284.5 2915.26 1285.68 1344.64 508.237
F
 0.0914619 0.108108 0.108108 0.108108 0.108108
 0.165009 0.195041 0.195041 0.195041 0.195041
 0.159759 0.188834 0.188834 0.188834 0.188834
 0.227631 0.269059 0.269059 0.269059 0.269059
 0.0739541 0.0874135 0.0874135 0.0874135 0.0874135
 0.146813 0.173532 0.173532 0.173532 0.173532
 0.31327 0.370285 0.370285 0.370285 0.370285
 0.0487839 0.0576624 0.0576624 0.0576624 0.0576624
 0.192326 0.227328 0.227328 0.227328 0.227328
 0.252843 0.29886 0.29886 0.29886 0.29886
 0.066076 0.0781016 0.0781016 0.0781016 0.0781016
 0.308814 0.365018 0.365018 0.365018 0.365018
 0.288149 0.340591 0.340591 0.340591 0.340591
 0.467443 0.552516 0.552516 0.552516 0.552516
 0.313808 0.37092 0.37092 0.37092 0.37092
 0.279245 0.330067 0.330067 0.330067 0.330067
 0.1802 0.212995 0.212995 0.212995 0.212995
 0.184014 0.217504 0.217504 0.217504 0.217504
 0.266276 0.314738 0.314738 0.314738 0.314738
 0.237454 0.28067 0.28067 0.28067 0.28067
 0.180868 0.213785 0.213785 0.213785 0.213785
 0.228965 0.270636 0.270636 0.270636 0.270636
 0.133796 0.158146 0.158146 0.158146 0.158146
 0.115269 0.136247 0.136247 0.136247 0.136247
 0.117263 0.138604 0.138604 0.138604 0.138604
 0.0946231 0.111844 0.111844 0.111844 0.111844
 0.116707 0.137947 0.137947 0.137947 0.137947
 0.101039 0.119428 0.119428 0.119428 0.119428
 0.0958049 0.113241 0.113241 0.113241 0.113241
 0.13367 0.157997 0.157997 0.157997 0.157997
 0.135511 0.160173 0.160173 0.160173 0.160173
YTP_r0W_actual
 240418 47518.8 37156.3 46793.5 19414.6
YTP_p0W_proyectada
 792161 784366 97758.3 54398.6 86124
CTP_r0_actual
 28284.5 2915.26 1285.68 1344.64 508.237
CTP_p0_proyectada
 105341 48658 4181.28 1844.02 2533.06
Wmedp
 7.52 16.12 23.38 29.5 34
Frms_r0
 0.135511 0.160173 0.160173 0.160173 0.160173
Zrms_r0
 1.13551 1.16017 1.16017 1.16017 1.16017
nmprior
 8.19 8.8 8.5 0
nm_flota  nm_reclas  nm_pelaces    nm_pelaL
inf 11.6882 17.5967 41.5969
cv_recla  cv_pelaces  cv_mph
0.365346 0.474435 0.875824
 ------------------------------------------------
Talla a la edad & desviaci?n 
 8 13.2811 15.8009 17.003 17.5766
 0.8 1.32811 1.58009 1.7003 1.75766
