years
 1991 1992 1993 1994 1995 1996 1997 1998 1999 2000 2001 2002 2003 2004 2005 2006 2007 2008 2009 2010 2011 2012 2013 2014 2015 2016 2017 2018 2019 2020 2021
reclasobs
 0 0 0 0 0 0 0 0 0 252601 567819 844713 477998 351125 339783 2.1784e+06 2.13404e+06 4.81314e+06 1.55562e+06 2.62356e+06 3.21686e+06 3.843e+06 1.13348e+06 3.07943e+06 1.97215e+06 2.03268e+06 2.025e+06 2.42433e+06 2.27542e+06 1.05018e+06 2.36338e+06
reclaspred
 2.92713e+06 1.81473e+06 914942 732036 748200 1.00132e+06 701938 652665 513277 410341 407050 553315 553939 449986 535455 1.054e+06 1.58663e+06 2.375e+06 2.27975e+06 1.76045e+06 2.97978e+06 2.41843e+06 2.23376e+06 2.75424e+06 2.40403e+06 2.20314e+06 2.27212e+06 2.27305e+06 2.49482e+06 1.60651e+06 2.09591e+06
pelacesobs
 0 0 0 0 0 0 0 0 0 0 0 0 0 0 0 552880 188675 0 991730 2.46772e+06 1.41603e+06 1.21717e+06 2.29649e+06 1.80582e+06 0 1.4828e+06 1.56532e+06 1.57751e+06 1.42118e+06 867257 1.10002e+06
pelacespred
 1.28212e+06 898116 472297 306119 332187 436067 283666 323984 256801 189098 207366 223906 243969 211118 269951 444552 658896 1.06035e+06 1.11998e+06 831131 1.24122e+06 1.18491e+06 1.05209e+06 1.39058e+06 1.24277e+06 1.08965e+06 1.25841e+06 1.29157e+06 1.14871e+06 839688 1.07992e+06
mphobs
 0 0 0 0 0 0 0 0 0 0 0 498337 0 5186 125008 0 168611 109162 213762 579715 649985 157893 87575 83554 0 0 0 0 0 0 0
mphpred
 2.56229e+06 1.96907e+06 1.01708e+06 576559 569466 631439 764663 453127 469279 371852 254490 410652 417008 363741 287206 481293 1.15483e+06 1.35472e+06 1.88082e+06 1.64806e+06 1.66468e+06 2.16494e+06 1.94354e+06 1.66041e+06 2.2982e+06 1.81979e+06 1.59009e+06 1.70433e+06 2.26678e+06 1.57759e+06 1.10406e+06
desembarqueobs
 494567 514787 250237 358949 120608 361735 552515 73892 212993 205616 52469 317467 293654 387597 252695 516296 358380 742168 942051 627588 828172 859565 418607 520667 417249 300574 415391 372974 316634 284311 391294
desembarquepred
 494543 513253 250941 359060 120626 361774 552481 73885.3 213019 205565 52462.9 317399 293634 387655 252700 516323 358423 741965 941834 627289 828439 859552 418565 520821 417468 300718 415535 372957 316675 284344 391320
Reclutas
 212882 96165.8 109318 157746 135189 213978 93490.3 55837.1 53368.8 61055.6 120542 140358 129851 100664 131850 486099 179163 620240 546883 304755 549163 627682 163497 437164 332267 190321 381428 399221 126657 118538 460353
log_desv_Rt
 0.0964518 -0.698211 -0.570023 -0.203301 -0.357614 0.101587 -0.726427 -1.24185 -1.28706 -1.1525 -0.47229 -0.320087 -0.397894 -0.652501 -0.382616 0.922127 -0.0759878 1.16582 1.03995 0.455225 1.04411 1.17775 -0.16749 0.816025 0.541654 -0.0155721 0.679638 0.72523 -0.422805 -0.489053 0.867709
SSB
 2.56229e+06 1.96907e+06 1.01708e+06 576559 569466 631439 764663 453127 469279 371852 254490 410652 417008 363741 287206 481293 1.15483e+06 1.35472e+06 1.88082e+06 1.64806e+06 1.66468e+06 2.16494e+06 1.94354e+06 1.66041e+06 2.2982e+06 1.81979e+06 1.59009e+06 1.70433e+06 2.26678e+06 1.57759e+06 1.10406e+06
BT
 3.59575e+06 2.6897e+06 1.41864e+06 1.21649e+06 1.02279e+06 1.72367e+06 1.24745e+06 1.06028e+06 970035 744586 726463 959376 1.03557e+06 1.11729e+06 1.245e+06 2.06586e+06 2.13679e+06 4.20919e+06 4.37066e+06 2.86257e+06 4.72791e+06 4.24843e+06 3.18019e+06 5.15278e+06 3.69922e+06 3.32223e+06 4.55032e+06 4.52569e+06 3.09188e+06 2.48245e+06 4.18706e+06
Ftot
 0.159976 0.265047 0.257339 0.45313 0.152879 0.337891 0.704259 0.107759 0.385914 0.461802 0.122684 0.526582 0.48855 0.773811 0.439638 0.456091 0.213135 0.293457 0.384468 0.332606 0.261583 0.332087 0.177211 0.179211 0.164461 0.129657 0.173358 0.155758 0.120577 0.167529 0.17713
BD_Bspro_t
 0.974729 0.833301 0.673936 0.58565 0.573905 0.649223 0.61527 0.442758 0.539174 0.524338 0.498615 0.691253 0.570834 0.489781 0.417662 0.534768 0.645256 0.664869 0.684928 0.624128 0.583413 0.640082 0.64767 0.652073 0.744125 0.745179 0.760594 0.787979 0.82089 0.766585 0.726869
BD_Bspro
 1.85438 1.42505 0.736082 0.417267 0.412134 0.456985 0.553401 0.327937 0.339626 0.269116 0.184179 0.297196 0.301796 0.263246 0.207857 0.348321 0.835773 0.980438 1.36118 1.19273 1.20476 1.56681 1.40658 1.20167 1.66325 1.31701 1.15078 1.23346 1.64051 1.14173 0.79903
BD_Bo
 1.3132 1.00917 0.521266 0.295493 0.291858 0.323619 0.391898 0.232233 0.24051 0.190578 0.130429 0.210463 0.213721 0.186421 0.147196 0.246668 0.591863 0.69431 0.963939 0.844649 0.853166 1.10956 0.996085 0.850979 1.17785 0.93266 0.814937 0.873489 1.16175 0.808534 0.565843
BD_Brms
 5.57452 4.2839 2.21276 1.25436 1.23893 1.37376 1.6636 0.985822 1.02096 0.808999 0.553668 0.893413 0.907241 0.791354 0.624845 1.0471 2.51245 2.94733 4.0919 3.58552 3.62167 4.71004 4.22836 3.61239 4.99997 3.95912 3.45939 3.70794 4.93161 3.43221 2.40199
Sel_flota
 0.5 1 1 1 1
 0.5 1 1 1 1
 0.5 1 1 1 1
 0.5 1 1 1 1
 0.5 1 1 1 1
 0.5 1 1 1 1
 0.5 1 1 1 1
 0.5 1 1 1 1
 0.5 1 1 1 1
 0.5 1 1 1 1
 0.5 1 1 1 1
 0.5 1 1 1 1
 0.5 1 1 1 1
 0.5 1 1 1 1
 0.5 1 1 1 1
 0.5 1 1 1 1
 0.5 1 1 1 1
 0.5 1 1 1 1
 0.5 1 1 1 1
 0.5 1 1 1 1
 0.5 1 1 1 1
 0.5 1 1 1 1
 0.5 1 1 1 1
 0.5 1 1 1 1
 0.5 1 1 1 1
 0.5 1 1 1 1
 0.5 1 1 1 1
 0.5 1 1 1 1
 0.5 1 1 1 1
 0.5 1 1 1 1
 0.5 1 1 1 1
Sel_reclas
 0.5 1 1 1 1
 0.5 1 1 1 1
 0.5 1 1 1 1
 0.5 1 1 1 1
 0.5 1 1 1 1
 0.5 1 1 1 1
 0.5 1 1 1 1
 0.5 1 1 1 1
 0.5 1 1 1 1
 0.5 1 1 1 1
 0.5 1 1 1 1
 0.5 1 1 1 1
 0.5 1 1 1 1
 0.5 1 1 1 1
 0.5 1 1 1 1
 0.5 1 1 1 1
 0.5 1 1 1 1
 0.5 1 1 1 1
 0.5 1 1 1 1
 0.5 1 1 1 1
 0.5 1 1 1 1
 0.5 1 1 1 1
 0.5 1 1 1 1
 0.5 1 1 1 1
 0.5 1 1 1 1
 0.5 1 1 1 1
 0.5 1 1 1 1
 0.5 1 1 1 1
 0.5 1 1 1 1
 0.5 1 1 1 1
 0.5 1 1 1 1
Sel_pelaces
 0.5 1 1 1 1
 0.5 1 1 1 1
 0.5 1 1 1 1
 0.5 1 1 1 1
 0.5 1 1 1 1
 0.5 1 1 1 1
 0.5 1 1 1 1
 0.5 1 1 1 1
 0.5 1 1 1 1
 0.5 1 1 1 1
 0.5 1 1 1 1
 0.5 1 1 1 1
 0.5 1 1 1 1
 0.5 1 1 1 1
 0.5 1 1 1 1
 0.5 1 1 1 1
 0.5 1 1 1 1
 0.5 1 1 1 1
 0.5 1 1 1 1
 0.5 1 1 1 1
 0.5 1 1 1 1
 0.5 1 1 1 1
 0.5 1 1 1 1
 0.5 1 1 1 1
 0.5 1 1 1 1
 0.5 1 1 1 1
 0.5 1 1 1 1
 0.5 1 1 1 1
 0.5 1 1 1 1
 0.5 1 1 1 1
 0.5 1 1 1 1
pf_obs 
 0.8446 0.082 0.0669 0.0065 0
 0.8095 0.147 0.0364 0.0071 0
 0.9664 0.0169 0.016 0.0007 0
 0.9276 0.0648 0.0075 0.0001 0
 0.7033 0.2144 0.0806 0.0017 0
 0.9318 0.0425 0.0243 0.0014 0
 0.5671 0.3108 0.0964 0.0239 0.0018
 0.0768 0.2599 0.5324 0.112 0.0189
 0.490249 0.384438 0.106611 0.0170017 0.00170017
 0.7925 0.1577 0.0466 0.003 0.0002
 0.840416 0.127587 0.0312969 0.00059994 9.999e-05
 0.8084 0.0986 0.0794 0.0134 0.0002
 0.7335 0.1905 0.0724 0.0035 0.0001
 0.4001 0.4547 0.1325 0.0127 0
 0.49795 0.308269 0.164784 0.0264974 0.00249975
 0.9179 0.0499 0.0305 0.0017 0
 0.2467 0.6533 0.0926 0.0074 0
 0.9418 0.0223 0.034 0.0019 0
 0.707729 0.231977 0.0356964 0.0245975 0
 0.517169 0.277429 0.184464 0.0207286 0.00020938
 0.811772 0.124168 0.05621 0.00726502 0.000585176
 0.764997 0.148141 0.077277 0.00933861 0.000247198
 0.163321 0.427699 0.378323 0.0303852 0.000271297
 0.753843 0.0900009 0.118128 0.0371064 0.000921714
 0.721811 0.176058 0.0630433 0.0369309 0.00215725
 0.143369 0.312575 0.442814 0.0836902 0.0175525
 0.692698 0.0596174 0.167031 0.0765114 0.00414204
 0.394062 0.376323 0.152708 0.0712218 0.00568511
 0.125707 0.32114 0.495352 0.0537591 0.00404204
 0.23352 0.215282 0.420074 0.123614 0.00750983
 0.774587 0.0839891 0.0768558 0.0609784 0.00358967
pf_pred 
 0.328579 0.436734 0.225293 0.00197681 0.00741703
 0.262154 0.373688 0.236871 0.122192 0.00509492
 0.446811 0.240503 0.158362 0.100382 0.0539418
 0.607737 0.249331 0.0621407 0.0409173 0.0398737
 0.54056 0.358611 0.0640895 0.015973 0.020767
 0.638504 0.257073 0.0815055 0.0145663 0.00835031
 0.390068 0.485725 0.088328 0.0280045 0.00787394
 0.420297 0.356103 0.178067 0.032381 0.013153
 0.470067 0.317683 0.130382 0.0651963 0.0166716
 0.578868 0.280453 0.0843339 0.0346117 0.0217331
 0.724827 0.209091 0.0440073 0.0132332 0.00884134
 0.611654 0.328249 0.0456644 0.00961096 0.00482097
 0.586216 0.325771 0.0743928 0.0103492 0.00327078
 0.543784 0.34985 0.0837424 0.0191233 0.00350113
 0.682507 0.238862 0.0602987 0.0144335 0.00389946
 0.850106 0.124548 0.0190693 0.00481389 0.00146359
 0.378965 0.576775 0.036776 0.00563071 0.00185359
 0.758335 0.136605 0.0975723 0.00622134 0.00126611
 0.566485 0.378309 0.0312059 0.0222893 0.00171043
 0.422498 0.43076 0.128055 0.010563 0.00812376
 0.653232 0.214269 0.0988317 0.0293804 0.0042874
 0.60299 0.318762 0.0483499 0.0223014 0.00759716
 0.250305 0.577616 0.138163 0.0209567 0.0129592
 0.629788 0.152918 0.167418 0.0400456 0.00983025
 0.477466 0.408639 0.0470451 0.0515059 0.0153442
 0.363306 0.418545 0.1706 0.0196405 0.0279088
 0.620255 0.206004 0.114213 0.0465532 0.0129753
 0.553716 0.345741 0.0545421 0.0302392 0.0157609
 0.256521 0.536863 0.160067 0.0252513 0.0212966
 0.368234 0.263391 0.266003 0.0793094 0.0230633
 0.766142 0.128753 0.0438198 0.0442544 0.0170316
pobs_RECLAS
 0 0 0 0 0
 0 0 0 0 0
 0 0 0 0 0
 0 0 0 0 0
 0 0 0 0 0
 0 0 0 0 0
 0 0 0 0 0
 0 0 0 0 0
 0 0 0 0 0
 0 0 0 0 0
 0.991045 0.00858322 0.000360255 1.14367e-05 0
 0.934742 0.0480273 0.0164251 0.00080598 0
 0.827803 0.169806 0.00239088 0 0
 0.941827 0.0461693 0.0120037 0 0
 0.791401 0.0380133 0.147996 0.0225897 0
 0.846168 0.0940531 0.0597789 0 0
 0.134021 0.677848 0.182769 0.00536245 0
 0.80878 0.0450904 0.141981 0.00414843 0
 0.846168 0.0940531 0.0597789 0 0
 0.905697 0.0802665 0.012482 0.00150086 5.37128e-05
 0.989698 0.0102097 9.19794e-05 0 0
 0.975433 0.0193895 0.00387452 0.00125025 5.28907e-05
 0.303575 0.632131 0.0575291 0.00676475 0
 0.966965 0.00978017 0.0227588 0.000495775 0
 0.843318 0.132988 0.00938335 0.0141283 0.000182051
 0.564624 0.303363 0.111486 0.0197234 0.00080311
 0.826376 0.0876187 0.0782897 0.00655872 0.00115652
 0.89761 0.0855135 0.0140674 0.00269457 0.000114338
 0.34875 0.467042 0.161289 0.0227151 0.000203297
 0.318654 0.224769 0.449479 0.00709798 0
 0.937255 0.0296025 0.0250945 0.00804832 0
ppred_RECLAS
 0.330194 0.435683 0.224751 0.00197206 0.00739918
 0.264663 0.372418 0.236066 0.121776 0.0050776
 0.449902 0.23916 0.157477 0.0998207 0.0536404
 0.613578 0.245619 0.0612154 0.040308 0.03928
 0.542287 0.357262 0.0638486 0.015913 0.0206889
 0.642465 0.254257 0.0806125 0.0144068 0.00825882
 0.400387 0.477508 0.0868337 0.0275307 0.00774074
 0.421457 0.35539 0.17771 0.0323162 0.0131267
 0.475097 0.314668 0.129144 0.0645776 0.0165134
 0.584987 0.276379 0.0831085 0.0341089 0.0214173
 0.725917 0.208263 0.0438329 0.0131808 0.00880631
 0.618673 0.322316 0.0448391 0.00943725 0.00473383
 0.592745 0.320631 0.0732189 0.0101859 0.00321917
 0.555893 0.340564 0.0815196 0.0186157 0.0034082
 0.687612 0.23502 0.059329 0.0142014 0.00383675
 0.853234 0.121948 0.0186713 0.00471342 0.00143305
 0.381339 0.57457 0.0366354 0.00560918 0.00184651
 0.760994 0.135102 0.096499 0.00615291 0.00125218
 0.571411 0.37401 0.0308513 0.022036 0.00169099
 0.426622 0.427684 0.127141 0.0104876 0.00806575
 0.656111 0.21249 0.0980111 0.0291365 0.0042518
 0.607016 0.315529 0.0478595 0.0220753 0.00752012
 0.251845 0.57643 0.137879 0.0209136 0.0129326
 0.63172 0.15212 0.166544 0.0398367 0.00977896
 0.479348 0.407167 0.0468757 0.0513204 0.015289
 0.364651 0.417661 0.170239 0.019599 0.0278498
 0.622136 0.204983 0.113647 0.0463226 0.012911
 0.555471 0.344382 0.0543277 0.0301204 0.015699
 0.257547 0.536123 0.159846 0.0252164 0.0212672
 0.370026 0.262643 0.265248 0.0790844 0.0229979
 0.767605 0.127947 0.0435456 0.0439774 0.016925
pobs_PELACES
 0 0 0 0 0
 0 0 0 0 0
 0 0 0 0 0
 0 0 0 0 0
 0 0 0 0 0
 0 0 0 0 0
 0 0 0 0 0
 0 0 0 0 0
 0 0 0 0 0
 0 0 0 0 0
 0 0 0 0 0
 0 0 0 0 0
 0 0 0 0 0
 0 0 0 0 0
 0 0 0 0 0
 0 0 0 0 0
 0.505614 0.472636 0.0217494 0 0
 0 0 0 0 0
 0.443492 0.261883 0.143347 0.151278 0
 0.227955 0.32914 0.350689 0.0885471 0.00366901
 0.970185 0.0296113 0.000203453 0 0
 0.997202 0.00247181 0.000326279 0 0
 0.445219 0.490057 0.0546422 0.010081 0
 0.90214 0.0892962 0.00764917 0.000914606 0
 0 0 0 0 0
 0.581667 0.319106 0.0959925 0.00289975 0.000334073
 0.762889 0.0836404 0.116647 0.0363945 0.000428098
 0.88444 0.0763242 0.0277011 0.0115352 0
 0.521256 0.241999 0.230069 0.00667565 0
 0.616807 0.101726 0.260614 0.0208532 0
 0.833518 0.0704572 0.0857862 0.0102388 0
ppred_PELACES
 0.336058 0.431869 0.222783 0.00195479 0.0073344
 0.273261 0.368063 0.233305 0.120352 0.00501823
 0.460432 0.234582 0.154463 0.09791 0.0526136
 0.631148 0.234451 0.0584321 0.0384753 0.037494
 0.548541 0.352381 0.0629761 0.0156955 0.0204062
 0.655167 0.245224 0.0777486 0.0138949 0.00796541
 0.428579 0.455057 0.082751 0.0262363 0.00737679
 0.425799 0.352723 0.176377 0.0320737 0.0130282
 0.490996 0.305137 0.125232 0.0626215 0.0160132
 0.603358 0.264144 0.0794296 0.032599 0.0204692
 0.729926 0.205216 0.0431918 0.012988 0.00867749
 0.63895 0.305178 0.0424549 0.00893545 0.00448213
 0.61205 0.305433 0.0697482 0.00970304 0.00306658
 0.587148 0.316595 0.0757824 0.0173056 0.00316833
 0.702978 0.22346 0.0564107 0.0135029 0.00364803
 0.86241 0.114324 0.017504 0.00441874 0.00134346
 0.38967 0.566833 0.0361421 0.00553365 0.00182164
 0.769689 0.130187 0.0929883 0.00592906 0.00120663
 0.586872 0.360519 0.0297384 0.0212411 0.00162999
 0.440097 0.417633 0.124153 0.0102411 0.00787619
 0.665783 0.206513 0.0952545 0.028317 0.00413222
 0.620008 0.305098 0.0462774 0.0213455 0.00727151
 0.257394 0.572154 0.136857 0.0207585 0.0128366
 0.638572 0.14929 0.163445 0.0390955 0.00959701
 0.486123 0.401868 0.0462656 0.0506525 0.01509
 0.369622 0.414393 0.168907 0.0194457 0.027632
 0.628837 0.201348 0.111632 0.0455012 0.012682
 0.561807 0.339473 0.0535533 0.029691 0.0154752
 0.26137 0.533362 0.159023 0.0250866 0.0211577
 0.376493 0.259948 0.262525 0.0782726 0.0227618
 0.772778 0.125099 0.0425763 0.0429985 0.0165482
pobs_pel_tallas
 0 0 0 0 0 0 0 0 0 0 0 0 0 0 0 0 0 0 0 0 0 0 0 0 0 0
 0 0 0 0 0 0 0 0 0 0 0 0 0 0 0 0 0 0 0 0 0 0 0 0 0 0
 0 0 0 0 0 0 0 0 0 0 0 0 0 0 0 0 0 0 0 0 0 0 0 0 0 0
 0 0 0 0 0 0 0 0 0 0 0 0 0 0 0 0 0 0 0 0 0 0 0 0 0 0
 0 0 0 0 0 0 0 0 0 0 0 0 0 0 0 0 0 0 0 0 0 0 0 0 0 0
 0 0 0 0 0 0 0 0 0 0 0 0 0 0 0 0 0 0 0 0 0 0 0 0 0 0
 0 0 0 0 0 0 0 0 0 0 0 0 0 0 0 0 0 0 0 0 0 0 0 0 0 0
 0 0 0 0 0 0 0 0 0 0 0 0 0 0 0 0 0 0 0 0 0 0 0 0 0 0
 0 0 0 0 0 0 0 0 0 0 0 0 0 0 0 0 0 0 0 0 0 0 0 0 0 0
 0 0 0 0 0 0 0 0 0 0 0 0 0 0 0 0 0 0 0 0 0 0 0 0 0 0
 0 0 0 0 0 0 0 0 0 0 0 0 0 0 0 0 0 0 0 0 0 0 0 0 0 0
 0 0 0 0 0 0 0 0 0 0 0 0 0 0 0 0 0 0 0 0 0 0 0 0 0 0
 0.00862536 0 0 0.000197151 0.00414017 0.0128641 0.00837892 0.0270097 0.101434 0.158115 0.152841 0.127902 0.109271 0.109419 0.0830992 0.0579132 0.0238553 0.00714673 0.00463305 0.00128148 0.00103504 0.000492878 0.000147863 0.000147863 4.92878e-05 0
 0 0 0 0 0 0 0 0 0 0 0 0 0 0 0 0 0 0 0 0 0 0 0 0 0 0
 0 0 0 0 0 0 0 0.0054083 0.00873648 0.0413646 0.0450493 0.0745869 0.0622846 0.0627006 0.0613931 0.0827291 0.12552 0.122667 0.0946155 0.0697135 0.0546179 0.0294188 0.0215738 0.0213955 0.0102223 0.00600262
 0 0 0 0 0.00359764 0.0251062 0.0480494 0.140153 0.205849 0.193036 0.1447 0.116669 0.0760912 0.0342217 0.00950174 0.001854 0.000860785 0 0 0 0.000165536 0 0.000143464 0 0 0
 0 0 0 0 0 0 0 0.000145254 0.000435761 0.0275982 0.070085 0.0708112 0.156366 0.174668 0.174014 0.160142 0.0824315 0.0480064 0.0283245 0.00493863 0.00203355 0 0 0 0 0
 0 0 0 0 0 0 0 0 0 0 0 0 0 0 0 0 0 0 0 0 0 0 0 0 0 0
 0 0 1.00437e-05 0.000401748 0.00122533 0.00171747 0.00176769 0.0269171 0.070346 0.194647 0.189555 0.159765 0.064822 0.0314167 0.0384472 0.0292271 0.0345202 0.0313363 0.0194345 0.0106764 0.0143323 0.0359363 0.0279516 0.0138201 0.00172751 0
 0 0.0021121 0.0136068 0.0755702 0.200478 0.177729 0.0527432 0.0373336 0.0318909 0.0142505 0.0149659 0.0166563 0.0217959 0.0798694 0.0677717 0.0528807 0.04013 0.0224614 0.0357745 0.0225083 0.00881397 0.00855152 0.00135912 0.000746735 0 0
 0 0 0 0 5.4009e-05 0.00500934 0.000945158 0.0243581 0.138947 0.33067 0.221406 0.137944 0.0707744 0.0437923 0.0131692 0.00525238 0.0047753 0.00276346 9.45158e-05 9.00151e-06 2.25038e-05 9.00151e-06 4.50075e-06 0 0 0
 0.000866109 0.00284123 0.00948549 0.0512746 0.133035 0.25785 0.225252 0.132002 0.0553304 0.0519788 0.0540692 0.017754 0.00435017 0.00159236 0.00146478 0.000404838 0.000125132 0.000115318 0.000107957 0.000100596 0 0 0 0 0 0
 0 0 0 0 0.00144013 0.00171154 0.00461396 0.0210425 0.0478622 0.0707936 0.0888783 0.103762 0.0637923 0.0337046 0.0602308 0.124433 0.169614 0.0934646 0.0462172 0.0250306 0.0313229 0.00938855 0.002487 0.000210481 0 0
 0 0.00764035 0.051015 0.0998891 0.058973 0.0496711 0.0374665 0.0718981 0.12319 0.153886 0.159021 0.0857701 0.0377988 0.023471 0.0147837 0.00900784 0.00315554 0.000888139 0.00291439 0.00214683 0.00393193 0.00274676 0.000635225 9.99891e-05 0 0
 0 0 0 0 0 0 0 0 0 0 0 0 0 0 0 0 0 0 0 0 0 0 0 0 0 0
 0 0 0 0 0 0 0 0 0 0 0 0 0 0 0 0 0 0 0 0 0 0 0 0 0 0
 0 0 0 0 0 0 0 0 0 0 0 0 0 0 0 0 0 0 0 0 0 0 0 0 0 0
 0 0 0 0 0 0 0 0 0 0 0 0 0 0 0 0 0 0 0 0 0 0 0 0 0 0
 0 0 0 0 0 0 0 0 0 0 0 0 0 0 0 0 0 0 0 0 0 0 0 0 0 0
 0 0 0 0 0 0 0 0 0 0 0 0 0 0 0 0 0 0 0 0 0 0 0 0 0 0
 0 0 0 0 0 0 0 0 0 0 0 0 0 0 0 0 0 0 0 0 0 0 0 0 0 0
ppred_pel_tallas
 1.07977e-16 2.76808e-05 0.000269067 0.00178805 0.00812822 0.0252901 0.0538849 0.0786553 0.0786972 0.0540896 0.0259782 0.0101187 0.00679598 0.0112399 0.0209755 0.0349235 0.0509774 0.0654907 0.0746921 0.0767261 0.0725846 0.0651155 0.0570088 0.0494482 0.0422429 0.034852
 1.19746e-16 2.25082e-05 0.000218788 0.00145392 0.00660935 0.0205643 0.0438158 0.063958 0.0639938 0.0439909 0.021153 0.0083139 0.00574842 0.00964662 0.0180844 0.0302757 0.0445913 0.0581582 0.0680451 0.072922 0.0737237 0.0726645 0.0714474 0.0701766 0.0676882 0.0627336
 1.23241e-16 3.79252e-05 0.000368646 0.00244979 0.0111364 0.0346495 0.0738254 0.107755 0.107778 0.0739371 0.0350253 0.0122248 0.00519356 0.0063977 0.0116058 0.0194411 0.0287561 0.0377917 0.0448088 0.0491175 0.0514578 0.0533043 0.0556478 0.0582523 0.0598815 0.0591563
 1.1195e-16 5.19868e-05 0.000505331 0.0033581 0.0152655 0.0474966 0.101197 0.147705 0.147728 0.101308 0.0478686 0.0163406 0.00605982 0.00641363 0.0113046 0.0186928 0.0271343 0.0345921 0.0390506 0.0396532 0.03723 0.0337059 0.0308566 0.0293808 0.0288407 0.0282596
 1.06935e-16 4.51827e-05 0.000439192 0.00291859 0.0132675 0.0412803 0.0879532 0.128377 0.128411 0.0881193 0.041838 0.0148788 0.00696455 0.00927596 0.016841 0.0278053 0.0401356 0.0506579 0.0561695 0.0552104 0.0489281 0.0402716 0.0321831 0.026201 0.0222825 0.0195445
 1.05048e-16 5.39653e-05 0.000524562 0.0034859 0.0158464 0.0493042 0.105049 0.153327 0.15335 0.105165 0.0496934 0.0169715 0.00631354 0.00670854 0.0118314 0.0195606 0.0283745 0.0361047 0.0405663 0.0407375 0.0373266 0.0322039 0.0271857 0.0231469 0.0199866 0.0171833
 1.06384e-16 3.53016e-05 0.000343144 0.00228031 0.010366 0.0322527 0.0687195 0.100307 0.100351 0.0689339 0.032973 0.0124469 0.00750522 0.0117547 0.0217242 0.035902 0.0518176 0.0653808 0.0724389 0.0710758 0.0627327 0.0511761 0.0401819 0.0317536 0.0259101 0.0216371
 1.10602e-16 3.50725e-05 0.000340918 0.00226552 0.0102987 0.0320434 0.0682731 0.0996538 0.099688 0.0684403 0.0326054 0.0119247 0.00635691 0.00930536 0.0171568 0.028561 0.041731 0.0537164 0.0614966 0.063636 0.0610255 0.0560341 0.0508176 0.0461855 0.0417214 0.0366867
 1.12682e-16 4.04427e-05 0.000393118 0.00261241 0.0118756 0.0369497 0.0787263 0.11491 0.114939 0.0788708 0.0374353 0.0132802 0.00614559 0.00813096 0.0148099 0.0246159 0.0359228 0.0461717 0.0527816 0.0545932 0.0525105 0.0487316 0.0452124 0.0426066 0.0403321 0.0374023
 1.09093e-16 4.96978e-05 0.000483081 0.00321024 0.0145933 0.0454053 0.0967418 0.141203 0.141228 0.0968667 0.0458247 0.0158055 0.00625679 0.0071468 0.0127443 0.0210939 0.0306296 0.0390507 0.0440502 0.0445919 0.0415073 0.0368557 0.0325765 0.0295037 0.02733 0.0252509
 1.0407e-16 6.01231e-05 0.000584418 0.00388366 0.0176546 0.0549301 0.117035 0.17082 0.17084 0.117132 0.0552551 0.0185938 0.00624242 0.0057379 0.00986026 0.0162397 0.0234687 0.0296852 0.0330335 0.0326644 0.0292294 0.0244072 0.0198588 0.0164306 0.0140722 0.0122809
 1.02958e-16 5.26295e-05 0.000511577 0.00339961 0.0154542 0.0480838 0.102449 0.149533 0.149562 0.102592 0.0485664 0.016848 0.00689815 0.00814872 0.0145564 0.0239798 0.0345348 0.04342 0.0478125 0.0464069 0.040185 0.0317369 0.023703 0.0175525 0.0134006 0.010612
 1.03583e-16 5.04138e-05 0.00049004 0.00325649 0.0148035 0.0460595 0.0981357 0.143238 0.143268 0.0982797 0.0465433 0.0162016 0.00676765 0.00816135 0.0146384 0.024169 0.0349237 0.0441493 0.0490596 0.0483486 0.0429327 0.0352642 0.0278042 0.0218637 0.0174898 0.0141019
 1.0454e-16 4.83627e-05 0.000470103 0.003124 0.0142013 0.0441856 0.0941431 0.137411 0.137442 0.0942925 0.0446872 0.015651 0.0067654 0.0084274 0.0151845 0.0250886 0.0362813 0.0459277 0.0511586 0.050636 0.0453132 0.0377153 0.0303517 0.0245211 0.0202085 0.0167649
 1.03657e-16 5.79034e-05 0.000562842 0.00374028 0.0170028 0.0529021 0.112714 0.164515 0.164536 0.11282 0.0532564 0.0180264 0.0063117 0.00618287 0.0107508 0.0177324 0.0256576 0.032515 0.036287 0.0360351 0.0324313 0.0272456 0.0222265 0.0182624 0.0153159 0.0129123
 1.01205e-16 7.10356e-05 0.000690491 0.00458856 0.0208589 0.0648999 0.138276 0.201821 0.201832 0.13833 0.0650807 0.0213813 0.00589981 0.00355336 0.00550928 0.00899849 0.0129627 0.0163154 0.0179997 0.0175281 0.0152656 0.0121738 0.00922868 0.00696624 0.0054196 0.00434864
 1.02052e-16 3.20967e-05 0.000311991 0.0020733 0.00942493 0.0293248 0.0624815 0.091205 0.0912596 0.0627481 0.0302196 0.0120085 0.00855483 0.0144492 0.026846 0.044238 0.0635044 0.0793954 0.0865776 0.0825852 0.0693082 0.0517593 0.0351535 0.0225498 0.0144005 0.00958873
 1.03516e-16 6.33983e-05 0.000616254 0.00409522 0.0186163 0.0579223 0.12341 0.180123 0.180136 0.123472 0.0581306 0.0192194 0.00561451 0.00395114 0.00645031 0.010702 0.015732 0.0204498 0.0237614 0.0251181 0.0247645 0.0234277 0.0217344 0.0198643 0.0176579 0.0149675
 1.03357e-16 4.83399e-05 0.000469881 0.00312253 0.0141946 0.0441648 0.0940991 0.137348 0.137382 0.0942687 0.0447343 0.0158391 0.00724901 0.0094735 0.0171348 0.0282173 0.040567 0.0508587 0.0557422 0.0536883 0.0459133 0.0355735 0.025896 0.0186878 0.014082 0.0112454
 1.0605e-16 3.62503e-05 0.000352366 0.0023416 0.0106446 0.0331195 0.0705661 0.103002 0.103042 0.0707633 0.033782 0.0125594 0.00715275 0.0108709 0.0200587 0.0332228 0.048131 0.0610964 0.0683544 0.0681231 0.0615923 0.051977 0.0424597 0.0346704 0.0285966 0.0234852
 1.06341e-16 5.48397e-05 0.000533061 0.00354238 0.0161032 0.050103 0.106751 0.15581 0.15583 0.106848 0.0504319 0.0170545 0.00593567 0.00577553 0.010064 0.0166895 0.0243619 0.0313206 0.0357952 0.0369567 0.0353526 0.0324043 0.0294026 0.0268266 0.0244042 0.0216493
 1.04785e-16 5.10693e-05 0.000496412 0.00329883 0.014996 0.0466584 0.0994116 0.1451 0.14513 0.0995554 0.047141 0.0163903 0.00679912 0.00813947 0.0145724 0.0240263 0.0346455 0.0436566 0.0482712 0.047217 0.0414939 0.033678 0.0263519 0.0208849 0.0172705 0.0147641
 1.0835e-16 2.12013e-05 0.000206085 0.00136951 0.00622561 0.0193705 0.0412729 0.0602506 0.0603058 0.0415428 0.0202771 0.00884534 0.00794965 0.0145847 0.0273702 0.0453227 0.0655381 0.0829393 0.0923376 0.0913085 0.081576 0.0677163 0.0542913 0.043685 0.0359039 0.0297894
 1.103e-16 5.25984e-05 0.000511275 0.0033976 0.015445 0.0480553 0.102387 0.14944 0.149455 0.102459 0.0482962 0.016144 0.00516351 0.00440407 0.00755692 0.0127014 0.0189751 0.0252974 0.0305722 0.0342618 0.0365864 0.0381112 0.0390972 0.0392149 0.0378354 0.0345789
 1.09072e-16 4.00414e-05 0.000389217 0.00258649 0.0117578 0.0365831 0.0779456 0.113772 0.113811 0.0781349 0.0372186 0.0135933 0.00719416 0.0104488 0.019149 0.0316069 0.0455662 0.0574048 0.0634808 0.0621779 0.0548982 0.0451204 0.0362856 0.0301418 0.0265138 0.0241797
 1.11607e-16 3.04453e-05 0.00029594 0.00196662 0.00894002 0.0278159 0.0592662 0.0865092 0.0865493 0.0594624 0.0284749 0.0108457 0.00675868 0.0107855 0.0200358 0.0332941 0.048471 0.0620286 0.0703493 0.0717334 0.0673181 0.0601009 0.0529132 0.046993 0.0420094 0.0370523
 1.09983e-16 5.17965e-05 0.00050348 0.0033458 0.0152096 0.0473227 0.100827 0.147164 0.147183 0.100922 0.0476441 0.0161398 0.00568805 0.00564054 0.00987881 0.0164367 0.0241151 0.0312656 0.0362375 0.0382815 0.0379381 0.0365159 0.0351035 0.0339333 0.0324995 0.0301531
 1.07229e-16 4.62754e-05 0.000449813 0.00298917 0.0135883 0.0422786 0.0900802 0.131481 0.131514 0.0902401 0.0428158 0.0151402 0.00688553 0.00895906 0.0162175 0.0267672 0.0386285 0.0487434 0.0540364 0.0531214 0.0471343 0.0389449 0.0313979 0.0259491 0.0224936 0.0200972
 1.10822e-16 2.15288e-05 0.000209268 0.00139066 0.00632177 0.0196697 0.0419102 0.06118 0.0612315 0.0421621 0.0205159 0.00876773 0.00753691 0.0136483 0.0256086 0.0424694 0.061568 0.0782444 0.0877337 0.0878113 0.0800425 0.0685524 0.0573711 0.048477 0.041691 0.035865
 1.19344e-16 3.10113e-05 0.000301441 0.00200318 0.00910618 0.0283328 0.0603671 0.0881128 0.0881382 0.0604915 0.0287518 0.0103212 0.00507144 0.00706107 0.0130504 0.0220031 0.032816 0.0436359 0.0525548 0.0586699 0.0624486 0.0649978 0.0668915 0.0676098 0.0659998 0.0612327
 1.08374e-16 6.36527e-05 0.000618727 0.00411166 0.018691 0.0581548 0.123905 0.180846 0.180858 0.123965 0.0583538 0.0192665 0.00555921 0.00378872 0.00611424 0.0100891 0.0147271 0.0189591 0.0217603 0.0227139 0.0222643 0.0213765 0.0208654 0.020924 0.0211417 0.0208822
pSPR Fmed_Fpbrs
0.66885   0.285572 0.285572
Fs Fmed_Fpbrs
0.26042   1.005 1.005
SSBpbr Bo_Bmed_Bpbrs
1.95118e+06  1.20749e+06  459644 459644
Ro
193308
SPR SPRFo_SPRFmed_SPRFpbrs
1.38175e+06 924184 394590
Fref
1.005
Nvult_r0
 305353 27745.2 9442.85 9536.49 3670.17
CTP_r0
 24843.3 4174.99 1420.92 1435.01 552.273
YTP_r0
391320
Np
 286969 155001 12358.4 4206.08 5556.8
Nvult_p0
 223098 134128 10694.2 3639.69 4808.52
CTP_p0
 74613.3 67231.3 5360.45 1824.38 2410.25
YTP_p0
 1.90596e+06
CBA_c0
845711
log_Ro
11.992
likeval ReclasPelacesDesembMPH_pf_preclas_ppelaces_ptallas_desvR_qrecl_qpela
 17.7454 20.7524 0.0916674 0.00304729 250.444 136.561 104.518 0 22.5548 0 0 0.451828 0 0 0
q_reclas_q_pelaces
1 1
M
1
N
 212882 146177 75406.6 661.649 2482.51
 96165.8 72294.5 45825.5 23639.5 985.674
 109318 30986.5 20403.4 12933.2 6949.86
 157746 35360.4 8812.85 5802.92 5654.92
 135189 46266.5 8268.57 2060.77 2679.27
 213978 46073.2 14607.6 2610.61 1496.56
 93490.3 66481.7 12089.5 3833 1077.71
 55837.1 24184.9 12093.5 2199.17 893.294
 53368.8 19463.9 7988.23 3994.46 1021.44
 61055.6 16188 4867.82 1997.82 1254.45
 120542 17830 3752.67 1128.45 753.935
 140358 41706.3 5801.98 1221.14 612.537
 129851 39682.4 9061.82 1260.64 398.416
 100664 37416.6 8956.3 2045.25 374.447
 131850 25150.5 6349.05 1519.75 410.587
 486099 38933.3 5961.01 1504.81 457.516
 179163 142361 9077.13 1389.78 457.508
 620240 59247.9 42318.8 2698.3 549.133
 546883 197034 16252.9 11608.9 890.84
 304755 166002 49348.6 4070.66 3130.65
 549163 94936.3 43789.5 13017.6 1899.63
 627682 177258 26886.5 12401.4 4224.64
 163497 195584 46782.9 7096.04 4388.05
 437164 55047.1 60266.7 14415.5 3538.67
 332267 147040 16928.2 18533.3 5521.3
 190321 112585 45889.8 5283.13 7507.22
 381428 65620.2 36381.2 14829 4133.13
 399221 128669 20298.1 11253.7 5865.5
 126657 135861 40507.4 6390.22 5389.43
 118538 43868.2 44303.3 13209.1 3841.24
 460353 40103.6 13648.9 13784.3 5304.96
pred_Ctot
 10412.4 13839.8 7139.38 62.6439 235.041
 7627.05 10872 6891.48 3555.02 148.231
 8431.26 4538.27 2988.27 1894.19 1017.87
 20591.9 8448.04 2105.5 1386.39 1351.03
 6328.2 4198.17 750.28 186.992 243.114
 21317.3 8582.75 2721.17 486.317 278.786
 18048.9 22475.1 4087.04 1295.8 364.337
 1859.58 1575.55 787.845 143.268 58.1947
 6013.89 4064.34 1668.06 834.101 213.291
 8108.55 3928.48 1181.32 484.828 304.428
 4556.42 1314.39 276.64 83.187 55.5786
 20982.5 11260.4 1566.5 329.7 165.381
 18146.7 10084.5 2302.88 320.365 101.249
 21065.9 13553 3244.13 740.827 135.632
 16744.3 5860.11 1479.34 354.104 95.6674
 63831.4 9351.83 1431.84 361.458 109.896
 11548.4 17576.3 1120.69 171.587 56.4854
 54150.8 9754.6 6967.38 444.25 90.4096
 61412.6 41012.4 3383.02 2416.38 185.427
 29918.1 30503.2 9067.89 747.99 575.263
 43015.9 14109.8 6508.16 1934.73 282.33
 61530.3 32527.1 4933.72 2275.68 775.23
 8827.13 20369.9 4872.4 739.047 457.012
 23858.8 5793.13 6342.44 1517.08 372.408
 16691.9 14285.8 1644.67 1800.61 536.426
 7591.99 8746.33 3565.02 410.428 583.21
 20161.3 6696.13 3712.47 1513.21 421.759
 19028.2 11881.3 1874.32 1039.16 541.618
 4707.39 9851.91 2937.37 463.383 390.812
 6062.22 4336.19 4379.19 1305.67 379.69
 24843.3 4174.99 1420.92 1435.01 552.273
F
 0.0799882 0.159976 0.159976 0.159976 0.159976
 0.132524 0.265047 0.265047 0.265047 0.265047
 0.12867 0.257339 0.257339 0.257339 0.257339
 0.226565 0.45313 0.45313 0.45313 0.45313
 0.0764393 0.152879 0.152879 0.152879 0.152879
 0.168946 0.337891 0.337891 0.337891 0.337891
 0.35213 0.704259 0.704259 0.704259 0.704259
 0.0538794 0.107759 0.107759 0.107759 0.107759
 0.192957 0.385914 0.385914 0.385914 0.385914
 0.230901 0.461802 0.461802 0.461802 0.461802
 0.0613421 0.122684 0.122684 0.122684 0.122684
 0.263291 0.526582 0.526582 0.526582 0.526582
 0.244275 0.48855 0.48855 0.48855 0.48855
 0.386905 0.773811 0.773811 0.773811 0.773811
 0.219819 0.439638 0.439638 0.439638 0.439638
 0.228046 0.456091 0.456091 0.456091 0.456091
 0.106567 0.213135 0.213135 0.213135 0.213135
 0.146728 0.293457 0.293457 0.293457 0.293457
 0.192234 0.384468 0.384468 0.384468 0.384468
 0.166303 0.332606 0.332606 0.332606 0.332606
 0.130792 0.261583 0.261583 0.261583 0.261583
 0.166043 0.332087 0.332087 0.332087 0.332087
 0.0886055 0.177211 0.177211 0.177211 0.177211
 0.0896054 0.179211 0.179211 0.179211 0.179211
 0.0822303 0.164461 0.164461 0.164461 0.164461
 0.0648285 0.129657 0.129657 0.129657 0.129657
 0.086679 0.173358 0.173358 0.173358 0.173358
 0.077879 0.155758 0.155758 0.155758 0.155758
 0.0602886 0.120577 0.120577 0.120577 0.120577
 0.0837647 0.167529 0.167529 0.167529 0.167529
 0.0885648 0.17713 0.17713 0.17713 0.17713
YTP_r0W_actual
 211168 68052.3 41064.6 49938.4 21096.8
YTP_p0W_proyectada
 561092 1.08377e+06 125327 53819.3 81948.7
CTP_r0_actual
 24843.3 4174.99 1420.92 1435.01 552.273
CTP_p0_proyectada
 74613.3 67231.3 5360.45 1824.38 2410.25
Wmedp
 7.52 16.12 23.38 29.5 34
Frms_r0
 0.0885648 0.17713 0.17713 0.17713 0.17713
Zrms_r0
 1.08856 1.17713 1.17713 1.17713 1.17713
nmprior
 8.19 8.8 8.5 0
nm_flota  nm_reclas  nm_pelaces    nm_pelaL
inf 7.26275 7.9044 14.697
cv_recla  cv_pelaces  cv_mph
0.381038 0.516543 1.70358
 ------------------------------------------------
Talla a la edad & desviaci?n 
 8 13.2811 15.8009 17.003 17.5766
 0.8 1.32811 1.58009 1.7003 1.75766
