years
 1991 1992 1993 1994 1995 1996 1997 1998 1999 2000 2001 2002 2003 2004 2005 2006 2007 2008 2009 2010 2011 2012 2013 2014 2015 2016 2017 2018 2019 2020 2021
reclasobs
 0 0 0 0 0 0 0 0 0 252601 567819 844713 477998 351125 339783 2.1784e+06 2.13404e+06 4.81314e+06 1.55562e+06 2.62356e+06 3.21686e+06 3.843e+06 1.13348e+06 3.07943e+06 1.97215e+06 2.03268e+06 2.025e+06 2.42433e+06 2.27542e+06 1.05018e+06 2.36338e+06
reclaspred
 3.5219e+06 2.0337e+06 1.04361e+06 1.19999e+06 1.30449e+06 1.97828e+06 1.41186e+06 1.27282e+06 909827 655875 596267 694493 689236 573939 577185 1.18373e+06 1.24415e+06 2.48462e+06 2.08152e+06 1.57897e+06 2.80018e+06 2.2888e+06 1.90502e+06 2.92872e+06 2.21048e+06 1.97108e+06 2.25733e+06 2.29515e+06 1.93316e+06 1.31632e+06 1.97544e+06
pelacesobs
 0 0 0 0 0 0 0 0 0 0 0 0 0 0 0 552880 188675 0 991730 2.46772e+06 1.41603e+06 1.21717e+06 2.29649e+06 1.80582e+06 0 1.4828e+06 1.56532e+06 1.57751e+06 1.42118e+06 867257 1.10002e+06
pelacespred
 2.76592e+06 1.79949e+06 939982 791717 903335 1.35877e+06 1.06885e+06 1.0404e+06 769667 534026 467783 459431 491476 435792 429365 693948 816583 1.6416e+06 1.57702e+06 1.14143e+06 1.79104e+06 1.69422e+06 1.44519e+06 2.17423e+06 1.76574e+06 1.54455e+06 1.85993e+06 1.87994e+06 1.46194e+06 1.10315e+06 1.46854e+06
mphobs
 0 0 0 0 0 0 0 0 0 0 0 498337 0 5186 125008 0 168611 109162 213762 579715 649985 157893 87575 83554 0 0 0 0 0 0 0
mphpred
 5.29918e+06 3.58355e+06 1.85926e+06 1.02085e+06 1.35929e+06 1.60887e+06 2.11536e+06 1.53356e+06 1.29598e+06 910110 593008 688857 719470 635024 479198 576192 1.37242e+06 1.44135e+06 2.4576e+06 1.93757e+06 2.09226e+06 2.57113e+06 2.46519e+06 2.12098e+06 2.93607e+06 2.41375e+06 2.01294e+06 2.06832e+06 2.74012e+06 1.95172e+06 1.29879e+06
desembarqueobs
 494567 514787 250237 358949 120608 361735 552515 73892 212993 205616 52469 317467 293654 387597 252695 516296 358380 742168 942051 627588 828172 859565 418607 520667 417249 300574 415391 372974 316634 284311 391294
desembarquepred
 494572 512819 251356 358961 120610 361746 552570 73894.1 213028 205652 52470.7 317535 293713 387674 252709 516314 358411 742126 942009 627552 828269 859660 418631 520695 417262 300585 415405 372976 316643 284329 391302
Reclutas
 266533 156767 153030 370297 297660 449029 189724 92602.6 77407.7 94722.8 159633 198407 169990 120687 124122 555849 159745 845442 526274 393811 598292 807924 189439 537611 440348 208197 436279 473398 159109 126641 470860
log_desv_Rt
 0.0403137 -0.490424 -0.51455 0.36912 0.150766 0.561904 -0.299616 -1.01687 -1.1961 -0.99423 -0.472305 -0.254863 -0.409443 -0.751985 -0.723916 0.775311 -0.471604 1.19467 0.720637 0.430687 0.848894 1.14928 -0.301119 0.741951 0.542381 -0.206698 0.533097 0.614752 -0.475597 -0.703831 0.609376
SSB
 5.29918e+06 3.58355e+06 1.85926e+06 1.02085e+06 1.35929e+06 1.60887e+06 2.11536e+06 1.53356e+06 1.29598e+06 910110 593008 688857 719470 635024 479198 576192 1.37242e+06 1.44135e+06 2.4576e+06 1.93757e+06 2.09226e+06 2.57113e+06 2.46519e+06 2.12098e+06 2.93607e+06 2.41375e+06 2.01294e+06 2.06832e+06 2.74012e+06 1.95172e+06 1.29879e+06
BT
 6.93853e+06 4.75703e+06 2.47498e+06 2.38003e+06 2.35313e+06 3.89658e+06 3.06534e+06 2.67058e+06 2.11138e+06 1.52544e+06 1.26046e+06 1.45833e+06 1.54118e+06 1.5531e+06 1.41761e+06 2.37244e+06 2.3088e+06 5.20652e+06 4.95402e+06 3.42204e+06 5.45582e+06 5.14439e+06 3.91802e+06 6.40227e+06 4.7393e+06 4.12202e+06 5.41407e+06 5.40011e+06 3.74126e+06 2.95673e+06 4.42561e+06
Ftot
 0.0800884 0.142627 0.136758 0.175588 0.0539633 0.107706 0.221769 0.0336771 0.134964 0.179766 0.0522265 0.264101 0.246125 0.386736 0.257411 0.260086 0.165784 0.177679 0.260582 0.229358 0.17297 0.218455 0.126082 0.105738 0.109369 0.0882463 0.108947 0.0967011 0.0933123 0.12382 0.118677
BD_Bspro_t
 0.987268 0.903464 0.79628 0.733072 0.756912 0.813815 0.80971 0.716779 0.754428 0.725993 0.696953 0.795796 0.697101 0.624377 0.540562 0.584361 0.68035 0.678761 0.73274 0.654067 0.629208 0.672751 0.687999 0.690603 0.778257 0.78443 0.792345 0.814564 0.842356 0.796832 0.755769
BD_Bspro
 2.9001 1.96118 1.01752 0.558684 0.743904 0.88049 1.15768 0.839275 0.709253 0.498078 0.324537 0.376992 0.393746 0.347531 0.262252 0.315334 0.751088 0.788809 1.34498 1.06038 1.14503 1.40711 1.34913 1.16076 1.60683 1.32098 1.10163 1.13193 1.49959 1.06812 0.710793
BD_Bo
 2.05949 1.39272 0.72259 0.396747 0.52828 0.625277 0.82212 0.596008 0.503673 0.353708 0.230469 0.26772 0.279617 0.246798 0.186237 0.223933 0.533382 0.56017 0.95513 0.753025 0.813142 0.999254 0.958081 0.824306 1.14108 0.938086 0.782316 0.803839 1.06493 0.758523 0.504767
BD_Brms
 14.7065 9.94525 5.15992 2.83311 3.77238 4.46501 5.87065 4.25601 3.59666 2.52578 1.64574 1.91175 1.99671 1.76235 1.32989 1.59907 3.80881 4.00009 6.82045 5.37724 5.80653 7.13554 6.84152 5.88626 8.14831 6.69874 5.58641 5.7401 7.60452 5.41651 3.60447
Sel_flota
 0.904488 1 1 1 1
 0.904488 1 1 1 1
 0.904488 1 1 1 1
 0.904488 1 1 1 1
 0.904488 1 1 1 1
 0.904488 1 1 1 1
 0.904488 1 1 1 1
 0.904488 1 1 1 1
 0.904488 1 1 1 1
 0.904488 1 1 1 1
 0.904488 1 1 1 1
 0.904488 1 1 1 1
 0.904488 1 1 1 1
 0.904488 1 1 1 1
 0.904488 1 1 1 1
 0.904488 1 1 1 1
 0.904488 1 1 1 1
 0.904488 1 1 1 1
 0.904488 1 1 1 1
 0.904488 1 1 1 1
 0.904488 1 1 1 1
 0.904488 1 1 1 1
 0.904488 1 1 1 1
 0.904488 1 1 1 1
 0.904488 1 1 1 1
 0.904488 1 1 1 1
 0.904488 1 1 1 1
 0.904488 1 1 1 1
 0.904488 1 1 1 1
 0.904488 1 1 1 1
 0.904488 1 1 1 1
Sel_reclas
 1 1 1 1 1
 1 1 1 1 1
 1 1 1 1 1
 1 1 1 1 1
 1 1 1 1 1
 1 1 1 1 1
 1 1 1 1 1
 1 1 1 1 1
 1 1 1 1 1
 1 1 1 1 1
 1 1 1 1 1
 1 1 1 1 1
 1 1 1 1 1
 1 1 1 1 1
 1 1 1 1 1
 1 1 1 1 1
 1 1 1 1 1
 1 1 1 1 1
 1 1 1 1 1
 1 1 1 1 1
 1 1 1 1 1
 1 1 1 1 1
 1 1 1 1 1
 1 1 1 1 1
 1 1 1 1 1
 1 1 1 1 1
 1 1 1 1 1
 1 1 1 1 1
 1 1 1 1 1
 1 1 1 1 1
 1 1 1 1 1
Sel_pelaces
 0.746051 1 1 1 1
 0.746051 1 1 1 1
 0.746051 1 1 1 1
 0.746051 1 1 1 1
 0.746051 1 1 1 1
 0.746051 1 1 1 1
 0.746051 1 1 1 1
 0.746051 1 1 1 1
 0.746051 1 1 1 1
 0.746051 1 1 1 1
 0.746051 1 1 1 1
 0.746051 1 1 1 1
 0.746051 1 1 1 1
 0.746051 1 1 1 1
 0.746051 1 1 1 1
 0.746051 1 1 1 1
 0.746051 1 1 1 1
 0.746051 1 1 1 1
 0.746051 1 1 1 1
 0.746051 1 1 1 1
 0.746051 1 1 1 1
 0.746051 1 1 1 1
 0.746051 1 1 1 1
 0.746051 1 1 1 1
 0.746051 1 1 1 1
 0.746051 1 1 1 1
 0.746051 1 1 1 1
 0.746051 1 1 1 1
 0.746051 1 1 1 1
 0.746051 1 1 1 1
 0.746051 1 1 1 1
pf_obs 
 0.8446 0.082 0.0669 0.0065 0
 0.8095 0.147 0.0364 0.0071 0
 0.9664 0.0169 0.016 0.0007 0
 0.9276 0.0648 0.0075 0.0001 0
 0.7033 0.2144 0.0806 0.0017 0
 0.9318 0.0425 0.0243 0.0014 0
 0.5671 0.3108 0.0964 0.0239 0.0018
 0.0768 0.2599 0.5324 0.112 0.0189
 0.490249 0.384438 0.106611 0.0170017 0.00170017
 0.7925 0.1577 0.0466 0.003 0.0002
 0.840416 0.127587 0.0312969 0.00059994 9.999e-05
 0.8084 0.0986 0.0794 0.0134 0.0002
 0.7335 0.1905 0.0724 0.0035 0.0001
 0.4001 0.4547 0.1325 0.0127 0
 0.49795 0.308269 0.164784 0.0264974 0.00249975
 0.9179 0.0499 0.0305 0.0017 0
 0.2467 0.6533 0.0926 0.0074 0
 0.9418 0.0223 0.034 0.0019 0
 0.707729 0.231977 0.0356964 0.0245975 0
 0.517169 0.277429 0.184464 0.0207286 0.00020938
 0.811772 0.124168 0.05621 0.00726502 0.000585176
 0.764997 0.148141 0.077277 0.00933861 0.000247198
 0.163321 0.427699 0.378323 0.0303852 0.000271297
 0.753843 0.0900009 0.118128 0.0371064 0.000921714
 0.721811 0.176058 0.0630433 0.0369309 0.00215725
 0.143369 0.312575 0.442814 0.0836902 0.0175525
 0.692698 0.0596174 0.167031 0.0765114 0.00414204
 0.394062 0.376323 0.152708 0.0712218 0.00568511
 0.125707 0.32114 0.495352 0.0537591 0.00404204
 0.23352 0.215282 0.420074 0.123614 0.00750983
 0.796117 0.104755 0.0508955 0.0450114 0.00322123
pf_pred 
 0.429931 0.101472 0.446212 0.0223845 7.37358e-07
 0.416094 0.266146 0.0565612 0.248721 0.0124777
 0.548563 0.199833 0.114682 0.024372 0.11255
 0.795871 0.117409 0.0383873 0.0220299 0.0263022
 0.653725 0.281597 0.0372011 0.012163 0.015314
 0.725781 0.185577 0.0720855 0.00952305 0.00703379
 0.462966 0.40087 0.0921487 0.0357942 0.00822133
 0.419046 0.285344 0.220658 0.0507231 0.0242283
 0.486118 0.228229 0.140302 0.108497 0.0368532
 0.637204 0.186157 0.0784505 0.0482269 0.0499619
 0.763915 0.156375 0.0409006 0.0172364 0.0215731
 0.716768 0.221497 0.0408907 0.0106951 0.0101484
 0.666345 0.246781 0.0679381 0.0125421 0.00639316
 0.604653 0.273303 0.0902675 0.0248504 0.00692612
 0.696566 0.192265 0.0768507 0.0253825 0.00893528
 0.909992 0.0648364 0.0159493 0.00637511 0.00284682
 0.452617 0.503046 0.0319377 0.00785645 0.00454262
 0.879595 0.0577863 0.0575463 0.00365353 0.0014184
 0.617886 0.340392 0.0200234 0.0199402 0.00175746
 0.602337 0.256384 0.125853 0.00740325 0.00802228
 0.744337 0.160859 0.0611225 0.0300037 0.00367747
 0.749625 0.191472 0.0370608 0.0140822 0.0077599
 0.352202 0.498939 0.113838 0.0220343 0.0129861
 0.747557 0.0951968 0.121112 0.0276331 0.00850083
 0.630606 0.28336 0.0324438 0.0412759 0.0123147
 0.457577 0.355321 0.143525 0.0164331 0.0271442
 0.730556 0.130362 0.0911077 0.0368011 0.0111736
 0.689388 0.233271 0.0374191 0.0261516 0.0137707
 0.391772 0.432805 0.131743 0.021133 0.0225467
 0.471643 0.220436 0.219111 0.0666961 0.0221132
 0.836609 0.0814432 0.0341893 0.0339839 0.0137742
pobs_RECLAS
 0 0 0 0 0
 0 0 0 0 0
 0 0 0 0 0
 0 0 0 0 0
 0 0 0 0 0
 0 0 0 0 0
 0 0 0 0 0
 0 0 0 0 0
 0 0 0 0 0
 0 0 0 0 0
 0.991045 0.00858322 0.000360255 1.14367e-05 0
 0.934742 0.0480273 0.0164251 0.00080598 0
 0.827803 0.169806 0.00239088 0 0
 0.941827 0.0461693 0.0120037 0 0
 0.791401 0.0380133 0.147996 0.0225897 0
 0.846168 0.0940531 0.0597789 0 0
 0.134021 0.677848 0.182769 0.00536245 0
 0.80878 0.0450904 0.141981 0.00414843 0
 0.846168 0.0940531 0.0597789 0 0
 0.905697 0.0802665 0.012482 0.00150086 5.37128e-05
 0.989698 0.0102097 9.19794e-05 0 0
 0.975433 0.0193895 0.00387452 0.00125025 5.28907e-05
 0.303575 0.632131 0.0575291 0.00676475 0
 0.966965 0.00978017 0.0227588 0.000495775 0
 0.843318 0.132988 0.00938335 0.0141283 0.000182051
 0.564624 0.303363 0.111486 0.0197234 0.00080311
 0.826376 0.0876187 0.0782897 0.00655872 0.00115652
 0.89761 0.0855135 0.0140674 0.00269457 0.000114338
 0.34875 0.467042 0.161289 0.0227151 0.000203297
 0.318654 0.224769 0.449479 0.00709798 0
 0.937255 0.0296025 0.0250945 0.00804832 0
ppred_RECLAS
 0.454855 0.0970357 0.426703 0.0214058 7.0512e-07
 0.440981 0.254803 0.0541504 0.23812 0.0119458
 0.573577 0.188761 0.108327 0.0230216 0.106314
 0.81194 0.108167 0.0353654 0.0202957 0.0242316
 0.676183 0.263334 0.0347884 0.0113742 0.0143208
 0.745477 0.172248 0.0669078 0.00883905 0.00652858
 0.488518 0.381796 0.0877642 0.0340911 0.00783016
 0.443732 0.27322 0.211282 0.0485678 0.0231988
 0.511506 0.216954 0.133371 0.103136 0.0350325
 0.660444 0.174232 0.0734251 0.0451375 0.0467614
 0.781611 0.144654 0.0378349 0.0159445 0.0199561
 0.737195 0.205523 0.0379417 0.00992383 0.00941647
 0.688785 0.230184 0.0633689 0.0116985 0.00596319
 0.629334 0.256241 0.0846321 0.023299 0.00649372
 0.71786 0.178773 0.0714575 0.0236012 0.00830823
 0.918073 0.0590157 0.0145174 0.00580279 0.00259124
 0.477959 0.479757 0.0304591 0.00749272 0.00433232
 0.889987 0.0527991 0.0525797 0.00333822 0.00129598
 0.641872 0.319026 0.0187665 0.0186886 0.00164715
 0.626626 0.240724 0.118166 0.00695106 0.00753228
 0.763251 0.148959 0.0566005 0.0277839 0.00340541
 0.768356 0.177147 0.0342883 0.0130287 0.00717937
 0.375689 0.480849 0.109711 0.0212354 0.0125153
 0.76619 0.0881704 0.112173 0.0255935 0.00787338
 0.653882 0.265505 0.0303995 0.0386751 0.0115387
 0.482765 0.338821 0.13686 0.01567 0.0258837
 0.750029 0.12094 0.084523 0.0341414 0.0103661
 0.710635 0.217314 0.0348595 0.0243627 0.0128287
 0.416128 0.415474 0.126468 0.0202868 0.0216438
 0.496979 0.209866 0.208605 0.0634979 0.0210528
 0.850004 0.0747667 0.0313866 0.031198 0.012645
pobs_PELACES
 0 0 0 0 0
 0 0 0 0 0
 0 0 0 0 0
 0 0 0 0 0
 0 0 0 0 0
 0 0 0 0 0
 0 0 0 0 0
 0 0 0 0 0
 0 0 0 0 0
 0 0 0 0 0
 0 0 0 0 0
 0 0 0 0 0
 0 0 0 0 0
 0 0 0 0 0
 0 0 0 0 0
 0 0 0 0 0
 0.505614 0.472636 0.0217494 0 0
 0 0 0 0 0
 0.443492 0.261883 0.143347 0.151278 0
 0.227955 0.32914 0.350689 0.0885471 0.00366901
 0.970185 0.0296113 0.000203453 0 0
 0.997202 0.00247181 0.000326279 0 0
 0.445219 0.490057 0.0546422 0.010081 0
 0.90214 0.0892962 0.00764917 0.000914606 0
 0 0 0 0 0
 0.581667 0.319106 0.0959925 0.00289975 0.000334073
 0.762889 0.0836404 0.116647 0.0363945 0.000428098
 0.88444 0.0763242 0.0277011 0.0115352 0
 0.521256 0.241999 0.230069 0.00667565 0
 0.616807 0.101726 0.260614 0.0208532 0
 0.833518 0.0704572 0.0857862 0.0102388 0
ppred_PELACES
 0.384259 0.109602 0.481961 0.0241779 7.96433e-07
 0.371533 0.286457 0.0608776 0.267702 0.0134299
 0.501952 0.220466 0.126523 0.0268885 0.124171
 0.764091 0.135689 0.0443637 0.0254597 0.0303971
 0.609455 0.317598 0.0419571 0.013718 0.0172718
 0.686771 0.211977 0.0823402 0.0108778 0.0080344
 0.417777 0.434601 0.0999026 0.0388061 0.00891312
 0.373336 0.307795 0.23802 0.054714 0.0261346
 0.439628 0.248877 0.152995 0.118312 0.0401873
 0.593386 0.208641 0.0879258 0.0540517 0.0559962
 0.727854 0.18026 0.0471479 0.0198692 0.0248683
 0.678481 0.251439 0.0464182 0.0121409 0.0115202
 0.624629 0.277636 0.0764323 0.0141102 0.00719249
 0.561829 0.302907 0.100045 0.0275421 0.00767634
 0.656791 0.217468 0.0869246 0.0287097 0.0101066
 0.893945 0.0763963 0.0187929 0.00751175 0.00335438
 0.407103 0.544874 0.0345933 0.00850971 0.00492034
 0.858544 0.0678898 0.0676077 0.00429232 0.00166639
 0.574137 0.379365 0.0223159 0.0222232 0.00195868
 0.55775 0.28513 0.139964 0.00823331 0.00892175
 0.70746 0.184062 0.0699388 0.0343314 0.00420792
 0.713609 0.219015 0.042392 0.0161079 0.00887616
 0.310695 0.530908 0.121133 0.0234462 0.0138182
 0.710393 0.109212 0.138942 0.0317012 0.00975231
 0.5858 0.31773 0.036379 0.0462824 0.0138084
 0.411166 0.385723 0.155805 0.0178392 0.0294667
 0.691948 0.149041 0.104162 0.0420742 0.0127747
 0.647612 0.264645 0.0424519 0.0296689 0.0156228
 0.347803 0.464093 0.141267 0.0226607 0.0241766
 0.425278 0.23978 0.238339 0.0725489 0.0240537
 0.809291 0.0950603 0.0399057 0.0396659 0.0160772
pobs_pel_tallas
 0 0 0 0 0 0 0 0 0 0 0 0 0 0 0 0 0 0 0 0 0 0 0 0 0 0
 0 0 0 0 0 0 0 0 0 0 0 0 0 0 0 0 0 0 0 0 0 0 0 0 0 0
 0 0 0 0 0 0 0 0 0 0 0 0 0 0 0 0 0 0 0 0 0 0 0 0 0 0
 0 0 0 0 0 0 0 0 0 0 0 0 0 0 0 0 0 0 0 0 0 0 0 0 0 0
 0 0 0 0 0 0 0 0 0 0 0 0 0 0 0 0 0 0 0 0 0 0 0 0 0 0
 0 0 0 0 0 0 0 0 0 0 0 0 0 0 0 0 0 0 0 0 0 0 0 0 0 0
 0 0 0 0 0 0 0 0 0 0 0 0 0 0 0 0 0 0 0 0 0 0 0 0 0 0
 0 0 0 0 0 0 0 0 0 0 0 0 0 0 0 0 0 0 0 0 0 0 0 0 0 0
 0 0 0 0 0 0 0 0 0 0 0 0 0 0 0 0 0 0 0 0 0 0 0 0 0 0
 0 0 0 0 0 0 0 0 0 0 0 0 0 0 0 0 0 0 0 0 0 0 0 0 0 0
 0 0 0 0 0 0 0 0 0 0 0 0 0 0 0 0 0 0 0 0 0 0 0 0 0 0
 0 0 0 0 0 0 0 0 0 0 0 0 0 0 0 0 0 0 0 0 0 0 0 0 0 0
 0.00862536 0 0 0.000197151 0.00414017 0.0128641 0.00837892 0.0270097 0.101434 0.158115 0.152841 0.127902 0.109271 0.109419 0.0830992 0.0579132 0.0238553 0.00714673 0.00463305 0.00128148 0.00103504 0.000492878 0.000147863 0.000147863 4.92878e-05 0
 0 0 0 0 0 0 0 0 0 0 0 0 0 0 0 0 0 0 0 0 0 0 0 0 0 0
 0 0 0 0 0 0 0 0.0054083 0.00873648 0.0413646 0.0450493 0.0745869 0.0622846 0.0627006 0.0613931 0.0827291 0.12552 0.122667 0.0946155 0.0697135 0.0546179 0.0294188 0.0215738 0.0213955 0.0102223 0.00600262
 0 0 0 0 0.00359764 0.0251062 0.0480494 0.140153 0.205849 0.193036 0.1447 0.116669 0.0760912 0.0342217 0.00950174 0.001854 0.000860785 0 0 0 0.000165536 0 0.000143464 0 0 0
 0 0 0 0 0 0 0 0.000145254 0.000435761 0.0275982 0.070085 0.0708112 0.156366 0.174668 0.174014 0.160142 0.0824315 0.0480064 0.0283245 0.00493863 0.00203355 0 0 0 0 0
 0 0 0 0 0 0 0 0 0 0 0 0 0 0 0 0 0 0 0 0 0 0 0 0 0 0
 0 0 1.00437e-05 0.000401748 0.00122533 0.00171747 0.00176769 0.0269171 0.070346 0.194647 0.189555 0.159765 0.064822 0.0314167 0.0384472 0.0292271 0.0345202 0.0313363 0.0194345 0.0106764 0.0143323 0.0359363 0.0279516 0.0138201 0.00172751 0
 0 0.0021121 0.0136068 0.0755702 0.200478 0.177729 0.0527432 0.0373336 0.0318909 0.0142505 0.0149659 0.0166563 0.0217959 0.0798694 0.0677717 0.0528807 0.04013 0.0224614 0.0357745 0.0225083 0.00881397 0.00855152 0.00135912 0.000746735 0 0
 0 0 0 0 5.4009e-05 0.00500934 0.000945158 0.0243581 0.138947 0.33067 0.221406 0.137944 0.0707744 0.0437923 0.0131692 0.00525238 0.0047753 0.00276346 9.45158e-05 9.00151e-06 2.25038e-05 9.00151e-06 4.50075e-06 0 0 0
 0.000866109 0.00284123 0.00948549 0.0512746 0.133035 0.25785 0.225252 0.132002 0.0553304 0.0519788 0.0540692 0.017754 0.00435017 0.00159236 0.00146478 0.000404838 0.000125132 0.000115318 0.000107957 0.000100596 0 0 0 0 0 0
 0 0 0 0 0.00144013 0.00171154 0.00461396 0.0210425 0.0478622 0.0707936 0.0888783 0.103762 0.0637923 0.0337046 0.0602308 0.124433 0.169614 0.0934646 0.0462172 0.0250306 0.0313229 0.00938855 0.002487 0.000210481 0 0
 0 0.00764035 0.051015 0.0998891 0.058973 0.0496711 0.0374665 0.0718981 0.12319 0.153886 0.159021 0.0857701 0.0377988 0.023471 0.0147837 0.00900784 0.00315554 0.000888139 0.00291439 0.00214683 0.00393193 0.00274676 0.000635225 9.99891e-05 0 0
 0 0 0 0 0 0 0 0 0 0 0 0 0 0 0 0 0 0 0 0 0 0 0 0 0 0
 0 0 0 0 0 0 0 0 0 0 0 0 0 0 0 0 0 0 0 0 0 0 0 0 0 0
 0 0 0 0 0 0 0 0 0 0 0 0 0 0 0 0 0 0 0 0 0 0 0 0 0 0
 0 0 0 0 0 0 0 0 0 0 0 0 0 0 0 0 0 0 0 0 0 0 0 0 0 0
 0 0 0 0 0 0 0 0 0 0 0 0 0 0 0 0 0 0 0 0 0 0 0 0 0 0
 0 0 0 0 0 0 0 0 0 0 0 0 0 0 0 0 0 0 0 0 0 0 0 0 0 0
 0 0 0 0 0 0 0 0 0 0 0 0 0 0 0 0 0 0 0 0 0 0 0 0 0 0
ppred_pel_tallas
 1.16362e-16 3.16509e-05 0.000307658 0.0020445 0.00929399 0.0289171 0.0616114 0.089926 0.0899373 0.0616669 0.0291056 0.00984765 0.00346908 0.00353262 0.00649283 0.0115589 0.0186794 0.0277071 0.0383487 0.0502102 0.0625778 0.0740321 0.0823875 0.085333 0.0815336 0.0714475
 1.3095e-16 3.06027e-05 0.000297469 0.00197679 0.00898622 0.0279596 0.0595719 0.0869528 0.0869805 0.0597075 0.0284153 0.0103043 0.00529283 0.00756284 0.0139114 0.0231817 0.0339787 0.0440779 0.0513596 0.0551699 0.0568289 0.0586967 0.0624502 0.0678872 0.0730461 0.075373
 1.27418e-16 4.13452e-05 0.00040189 0.0026707 0.0121406 0.0377741 0.0804825 0.117471 0.117493 0.0805873 0.0381265 0.0131608 0.00524074 0.0060433 0.0108484 0.0181191 0.0267015 0.0348969 0.0410474 0.0445353 0.0461791 0.0475916 0.0499901 0.0533911 0.0566896 0.0583763
 1.09013e-16 6.29372e-05 0.000611772 0.00406544 0.0184809 0.057501 0.122513 0.178813 0.178826 0.122577 0.0577167 0.0191045 0.00563359 0.00404435 0.00661012 0.0109042 0.0158869 0.0203853 0.0232669 0.0240633 0.023257 0.021925 0.021017 0.0208314 0.0210067 0.0208959
 1.05591e-16 5.02001e-05 0.000487963 0.00324269 0.0147408 0.0458643 0.0977198 0.142631 0.142662 0.0978694 0.0463665 0.0161914 0.00688391 0.00843703 0.015148 0.0249669 0.0359723 0.0452673 0.0499407 0.0486718 0.0425263 0.0342343 0.0265466 0.0209419 0.0174312 0.0152054
 1.04881e-16 5.65685e-05 0.000549865 0.00365405 0.0166108 0.0516825 0.110116 0.160721 0.160742 0.110216 0.0520194 0.0175851 0.00610367 0.00591075 0.010277 0.0170027 0.0247261 0.0315921 0.0357332 0.0362677 0.0337732 0.0297922 0.0257979 0.0224608 0.0196549 0.0169545
 1.08395e-16 3.44118e-05 0.000334495 0.00222284 0.0101047 0.0314398 0.0669874 0.0977788 0.0978208 0.0671924 0.0321285 0.0120948 0.00722169 0.0112586 0.0208156 0.0344487 0.0498371 0.0631318 0.0704259 0.0699244 0.0629818 0.0530947 0.0436963 0.0364965 0.0313426 0.027185
 1.16858e-16 3.07513e-05 0.000298913 0.00198639 0.00902984 0.0280953 0.0598612 0.0873755 0.0874055 0.0600079 0.0285888 0.0104592 0.00558989 0.00821749 0.015223 0.0255206 0.0377057 0.0494063 0.0581845 0.062884 0.064165 0.0637007 0.062748 0.0613292 0.0585623 0.0536242
 1.23145e-16 3.62116e-05 0.00035199 0.0023391 0.0106332 0.033084 0.0704898 0.102887 0.102911 0.0706082 0.0334823 0.0117869 0.00524669 0.0067388 0.0122841 0.0205671 0.0303846 0.039856 0.0471216 0.0514433 0.0536166 0.0552331 0.0573795 0.0598374 0.0613161 0.0603651
 1.17488e-16 4.88764e-05 0.000475096 0.00315718 0.0143521 0.0446549 0.0951426 0.138868 0.138888 0.0952415 0.0449873 0.0153138 0.00557735 0.00577911 0.0101847 0.0169287 0.0247907 0.0320709 0.0371029 0.0392204 0.0391666 0.0385167 0.0385621 0.0395358 0.0406581 0.040777
 1.07608e-16 5.99524e-05 0.000582759 0.00387264 0.0176045 0.0547741 0.116703 0.170335 0.170352 0.116788 0.0550601 0.018431 0.00594956 0.00512426 0.00870786 0.0143623 0.0208324 0.0265229 0.0298614 0.0301598 0.0280256 0.0249193 0.0222167 0.0205077 0.0195486 0.0186993
 1.04571e-16 5.58857e-05 0.000543229 0.00360995 0.0164103 0.0510587 0.108787 0.158783 0.158807 0.108905 0.0514567 0.0175602 0.00649737 0.00684991 0.0120436 0.0198492 0.0286531 0.0361724 0.0401193 0.039447 0.034965 0.0287642 0.0229323 0.0185623 0.0156325 0.013535
 1.04909e-16 5.14499e-05 0.000500112 0.00332342 0.0151078 0.0470061 0.100152 0.146181 0.146208 0.100284 0.0474464 0.0163803 0.00652041 0.00748883 0.0133527 0.0220675 0.0319576 0.040551 0.0453511 0.0451929 0.0408983 0.0346396 0.028554 0.0237143 0.0200608 0.0170106
 1.07026e-16 4.62772e-05 0.000449831 0.00298929 0.0135889 0.0422802 0.0900835 0.131486 0.131515 0.0902267 0.0427612 0.0149794 0.00648433 0.00809512 0.0146119 0.0242038 0.0351452 0.044793 0.0504708 0.0509339 0.0470596 0.0411346 0.0353495 0.0307111 0.0270199 0.0235814
 1.07154e-16 5.4099e-05 0.000525862 0.00349454 0.0158857 0.0494263 0.105309 0.153706 0.153727 0.105412 0.0497722 0.016886 0.00601022 0.00603343 0.0105607 0.0174965 0.0254899 0.0326705 0.0371619 0.0381011 0.0361085 0.0327587 0.029502 0.0269095 0.024701 0.0222983
 1.01883e-16 7.36331e-05 0.00071574 0.00475634 0.0216216 0.067273 0.143332 0.209199 0.209207 0.143369 0.0673941 0.0219717 0.00563566 0.00263779 0.00373133 0.00607171 0.00878617 0.0111491 0.0124758 0.0124561 0.0113309 0.00971174 0.00819233 0.00705671 0.00625804 0.00559309
 1.02824e-16 3.35326e-05 0.000325949 0.00216605 0.00984657 0.0306366 0.0652765 0.0952839 0.0953364 0.0655327 0.0314968 0.0123302 0.00839691 0.0139168 0.0258124 0.0425342 0.0610678 0.0763721 0.0833311 0.0795885 0.0669745 0.0503144 0.0346139 0.022787 0.0152244 0.0108006
 1.02681e-16 7.07171e-05 0.000687396 0.00456799 0.0207654 0.0646089 0.137656 0.200915 0.200922 0.137689 0.0647182 0.0210821 0.00536724 0.0024465 0.00345346 0.00570629 0.00846628 0.0111718 0.0132822 0.0145174 0.0149646 0.0149089 0.0145478 0.0138533 0.0126763 0.0109556
 1.03302e-16 4.7291e-05 0.000459685 0.00305477 0.0138866 0.0432065 0.0920573 0.134368 0.134404 0.0922357 0.0438054 0.015616 0.00739377 0.00992483 0.0180032 0.0296363 0.042569 0.0532888 0.0582578 0.0558664 0.0474159 0.0362733 0.0258939 0.0182316 0.0134496 0.010654
 1.06448e-16 4.59412e-05 0.000446565 0.00296758 0.0134902 0.0419732 0.0894294 0.130531 0.130558 0.0895645 0.0424273 0.0148038 0.00627227 0.00768518 0.0138648 0.0230345 0.0336088 0.043159 0.0492026 0.0505381 0.0478585 0.0430879 0.0380315 0.0334615 0.029192 0.024766
 1.06221e-16 5.82726e-05 0.00056643 0.00376413 0.0171112 0.0532394 0.113433 0.165562 0.16558 0.11352 0.0535321 0.0179577 0.00589277 0.00522635 0.00894713 0.014802 0.0215609 0.027633 0.0314355 0.0322489 0.0306124 0.0278699 0.0252473 0.0232072 0.0214746 0.0195181
 1.04397e-16 5.87791e-05 0.000571354 0.00379685 0.0172599 0.0537021 0.114419 0.167002 0.167023 0.114522 0.0540489 0.0182619 0.00631307 0.00606814 0.0105096 0.0173123 0.0250072 0.0316075 0.0351309 0.0346748 0.0309459 0.025754 0.0208904 0.0172688 0.0148309 0.0130202
 1.08322e-16 2.55916e-05 0.00024876 0.0016531 0.00751478 0.0233815 0.0498187 0.0727226 0.0727739 0.0500692 0.0242226 0.00994514 0.0077573 0.0135864 0.0253918 0.0420304 0.0607623 0.0768685 0.0855363 0.0845289 0.0754713 0.062643 0.0503052 0.040675 0.0337302 0.0283375
 1.08868e-16 5.85141e-05 0.000568778 0.00377973 0.0171821 0.05346 0.113903 0.166246 0.166257 0.113955 0.0536369 0.0176958 0.0050789 0.00343764 0.00560336 0.00942348 0.0141614 0.0190524 0.0233325 0.0266223 0.0290491 0.0309344 0.0323331 0.0328654 0.0319791 0.0293838
 1.0811e-16 4.82517e-05 0.000469023 0.00311683 0.0141687 0.0440841 0.093927 0.137096 0.137126 0.0940767 0.0445866 0.0156201 0.00676041 0.00842435 0.0151617 0.0250045 0.0360596 0.0454598 0.0503392 0.0494372 0.0438779 0.0364164 0.0297587 0.0252479 0.0226867 0.0210462
 1.11371e-16 3.38673e-05 0.000329202 0.00218767 0.00994484 0.0309423 0.0659272 0.0962305 0.0962678 0.0661097 0.0315557 0.0117185 0.00664786 0.0100922 0.018653 0.0309865 0.0451094 0.0577252 0.0654699 0.0667693 0.0626942 0.0560487 0.0494781 0.0441329 0.0396867 0.0352586
 1.09426e-16 5.69949e-05 0.00055401 0.00368159 0.016736 0.052072 0.110945 0.161931 0.161946 0.111016 0.0523107 0.0174273 0.00542399 0.00438148 0.00739647 0.0123236 0.0181869 0.0238049 0.0280073 0.0302667 0.0309545 0.0309381 0.0308595 0.030708 0.0299676 0.028104
 1.06912e-16 5.3343e-05 0.000518513 0.0034457 0.0156637 0.0487356 0.103837 0.151559 0.151584 0.103962 0.0491545 0.0168738 0.00648426 0.00715528 0.0126689 0.0208906 0.030166 0.0381111 0.0423461 0.0418126 0.0374138 0.0313906 0.025939 0.0221431 0.0198469 0.0182438
 1.1056e-16 2.86482e-05 0.00027847 0.00185054 0.0084123 0.026174 0.0557682 0.0814047 0.0814495 0.0559874 0.0269105 0.010541 0.00719998 0.0119763 0.0223038 0.0369816 0.0536327 0.0682067 0.0765723 0.0768089 0.0702876 0.0605936 0.0512124 0.043826 0.0382273 0.0333655
 1.18286e-16 3.50296e-05 0.000340501 0.00226275 0.0102861 0.0320041 0.068189 0.0995288 0.0995522 0.0683038 0.0323905 0.0114065 0.0050918 0.00657242 0.012036 0.0202774 0.0302309 0.0401788 0.0483608 0.0539516 0.0573994 0.0597503 0.0615576 0.0623531 0.0610608 0.0568799
 1.07875e-16 6.66602e-05 0.000647961 0.00430593 0.0195741 0.0609025 0.129759 0.18939 0.189399 0.129805 0.061054 0.0200126 0.00540943 0.00306708 0.00469168 0.00773373 0.0113359 0.0146979 0.0170696 0.0181579 0.0183027 0.0182061 0.0184197 0.0189966 0.0195295 0.0194658
pSPR Fmed_Fpbrs
0.754046   0.190039 0.190039
Fs Fmed_Fpbrs
0.139656   1.005 1.005
SSBpbr Bo_Bmed_Bpbrs
2.57305e+06  1.81155e+06  360328 360328
Ro
256002
SPR SPRFo_SPRFmed_SPRFpbrs
1.82724e+06 1.37783e+06 347248
Fref
1.005
Nvult_r0
 315271 28044.1 11772.7 11702 4743
CTP_r0
 30561.2 2975.11 1248.93 1241.42 503.169
YTP_r0
391302
Np
 330690 49017.2 20951.7 1832.5 872.864
Nvult_p0
 281673 42416.5 18130.3 1585.74 755.324
CTP_p0
 134124 67486.6 5902.61 2477.88 3267.67
 134124 21261.2 9087.77 794.847 378.604
YTP_p0
 2.38195e+06 1.5841e+06
CBA_c0
2.1426e+06
log_Ro
12.2729
likeval ReclasPelacesDesembMPH_pf_preclas_ppelaces_ptallas_desvR_qrecl_qpela
 20.826 20.1424 0.174134 0.0037125 241.66 121.548 99.9697 0 19.1665 1.38614e-05 0 0.882825 0 0 0
q_reclas_q_pelaces
0.590032 1
M
1
N
 266533 57078.3 250995 12591.3 0.414765
 156767 91200.4 19381.8 85229.3 4275.72
 153030 50691.4 29091.1 6182.41 28550.3
 370297 49746.4 16264.7 9334.09 11144.2
 297660 116220 15353.6 5019.9 6320.38
 449029 104287 40509 5351.55 3952.69
 189724 149855 34447.5 13380.8 3073.34
 92602.6 57110.1 44163.6 10152 4849.16
 77407.7 33044.6 20313.9 15708.8 5335.85
 94722.8 25204.3 10621.6 6529.57 6764.48
 159633 29617.3 7746.55 3264.57 4085.93
 198407 56016.2 10341.2 2704.78 2566.5
 169990 57480.5 15824.2 2921.31 1489.1
 120687 50055.1 16532.4 4551.31 1268.51
 124122 31293.2 12508.3 4131.27 1454.31
 555849 36177.7 8899.46 3557.22 1588.48
 159745 161621 10261.1 2524.15 1459.47
 845442 50583.8 50373.6 3198.15 1241.61
 526274 264847 15579.4 15514.7 1367.42
 393811 152953 75081.1 4416.6 4785.9
 598292 117733 44735.6 21959.7 2691.55
 807924 188223 36432.1 13843.3 7628.25
 189439 243929 55655.1 10772.5 6348.84
 537611 62179.5 79106.6 18049 5552.47
 440348 179737 20579.3 26181.6 7811.31
 208197 146737 59271.5 6786.39 11209.8
 436279 70715.8 49422 19963 6061.22
 473398 145437 23329.6 16304.6 8585.55
 159109 159568 48571.6 7791.4 8312.6
 126641 53795.4 53472.1 16276.6 5396.53
 470860 41652.5 17485.4 17380.3 7044.53
pred_Ctot
 11843 2795.19 12291.5 616.611 0.0203115
 12120.6 7752.74 1647.6 7245.14 363.469
 11369.5 4141.72 2376.88 505.132 2332.69
 34821.5 5136.98 1679.55 963.869 1150.79
 8999.15 3876.45 512.109 167.435 210.812
 26558 6790.69 2637.77 348.47 257.382
 22156.3 19184.6 4409.99 1713.01 393.451
 1760.54 1198.82 927.052 213.103 101.79
 5679.33 2666.41 1639.15 1267.57 430.557
 9105.4 2660.1 1121.03 689.143 713.935
 4673.9 956.757 250.244 105.459 131.992
 27173.1 8397.09 1550.19 405.459 384.73
 21838.1 8087.76 2226.53 411.041 209.523
 23166.2 10471.1 3458.44 952.099 265.362
 16608.8 4584.34 1832.41 605.216 213.051
 75078.2 5349.28 1315.88 525.974 234.874
 14234.3 15820.2 1004.4 247.076 142.86
 80387.4 5281.17 5259.23 333.902 129.63
 71206.6 39227.6 2307.54 2297.95 202.534
 47432.9 20189.8 9910.71 582.992 631.739
 55475.9 11988.9 4555.49 2236.19 274.084
 93053.2 23767.9 4600.47 1748.06 963.259
 13027 18454.4 4210.56 814.987 480.319
 31239.1 3978.1 5061.05 1154.74 355.234
 26430.2 11876.3 1359.8 1729.97 516.139
 10162.3 7891.32 3187.54 364.963 602.845
 26089.2 4655.41 3253.58 1314.22 399.026
 25241.4 8541.02 1370.07 957.519 504.202
 8196.64 9055.13 2756.32 442.144 471.721
 8559.53 4000.55 3976.51 1210.42 401.318
 30561.2 2975.11 1248.93 1241.42 503.169
F
 0.072439 0.0800884 0.0800884 0.0800884 0.0800884
 0.129005 0.142627 0.142627 0.142627 0.142627
 0.123696 0.136758 0.136758 0.136758 0.136758
 0.158817 0.175588 0.175588 0.175588 0.175588
 0.0488092 0.0539633 0.0539633 0.0539633 0.0539633
 0.0974188 0.107706 0.107706 0.107706 0.107706
 0.200587 0.221769 0.221769 0.221769 0.221769
 0.0304605 0.0336771 0.0336771 0.0336771 0.0336771
 0.122073 0.134964 0.134964 0.134964 0.134964
 0.162596 0.179766 0.179766 0.179766 0.179766
 0.0472382 0.0522265 0.0522265 0.0522265 0.0522265
 0.238877 0.264101 0.264101 0.264101 0.264101
 0.222617 0.246125 0.246125 0.246125 0.246125
 0.349798 0.386736 0.386736 0.386736 0.386736
 0.232825 0.257411 0.257411 0.257411 0.257411
 0.235244 0.260086 0.260086 0.260086 0.260086
 0.149949 0.165784 0.165784 0.165784 0.165784
 0.160708 0.177679 0.177679 0.177679 0.177679
 0.235694 0.260582 0.260582 0.260582 0.260582
 0.207452 0.229358 0.229358 0.229358 0.229358
 0.15645 0.17297 0.17297 0.17297 0.17297
 0.19759 0.218455 0.218455 0.218455 0.218455
 0.114039 0.126082 0.126082 0.126082 0.126082
 0.0956391 0.105738 0.105738 0.105738 0.105738
 0.0989227 0.109369 0.109369 0.109369 0.109369
 0.0798177 0.0882463 0.0882463 0.0882463 0.0882463
 0.0985416 0.108947 0.108947 0.108947 0.108947
 0.087465 0.0967011 0.0967011 0.0967011 0.0967011
 0.0843999 0.0933123 0.0933123 0.0933123 0.0933123
 0.111994 0.12382 0.12382 0.12382 0.12382
 0.107342 0.118677 0.118677 0.118677 0.118677
YTP_r0W_actual
 253658 41949 34470.5 42456.7 18768.2
YTP_p0W_proyectada
 1.00459e+06 1.05752e+06 136527 72775.2 110545
 1.00459e+06 333162 210200 23344.6 12808.2
CTP_r0_actual
 30561.2 2975.11 1248.93 1241.42 503.169
CTP_p0_proyectada
 134124 67486.6 5902.61 2477.88 3267.67
 134124 21261.2 9087.77 794.847 378.604
Wmedp
 7.49 15.67 23.13 29.37 33.83
Frms_r0
 0.107342 0.118677 0.118677 0.118677 0.118677
Zrms_r0
 1.10734 1.11868 1.11868 1.11868 1.11868
nmprior
 8.19 8.8 8.5 0
nm_flota  nm_reclas  nm_pelaces    nm_pelaL
inf 11.0775 12.0145 25.329
cv_recla  cv_pelaces  cv_mph
0.412789 0.508895 1.88035
 ------------------------------------------------
Talla a la edad & desviaci?n 
 8 13.2811 15.8009 17.003 17.5766
 0.8 1.32811 1.58009 1.7003 1.75766
