years
 1991 1992 1993 1994 1995 1996 1997 1998 1999 2000 2001 2002 2003 2004 2005 2006 2007 2008 2009 2010 2011 2012 2013 2014 2015 2016 2017 2018 2019 2020 2021
reclasobs
 0 0 0 0 0 0 0 0 0 252601 567819 844713 477998 351125 339783 2.1784e+06 2.13404e+06 4.81314e+06 1.55562e+06 2.62356e+06 3.21686e+06 3.843e+06 1.13348e+06 3.07943e+06 1.97215e+06 2.03268e+06 2.025e+06 2.42433e+06 2.27542e+06 1.05018e+06 2.36338e+06
reclaspred
 3.32529e+06 1.91089e+06 970898 962147 958550 1.44467e+06 1.00232e+06 906849 668172 501849 510398 626758 629501 523603 536160 1.25238e+06 1.28554e+06 2.62714e+06 2.21306e+06 1.68863e+06 3.00765e+06 2.44872e+06 2.01296e+06 3.03402e+06 2.30075e+06 2.0371e+06 2.37072e+06 2.47546e+06 2.08166e+06 1.36642e+06 1.91754e+06
pelacesobs
 0 0 0 0 0 0 0 0 0 0 0 0 0 0 0 552880 188675 0 991730 2.46772e+06 1.41603e+06 1.21717e+06 2.29649e+06 1.80582e+06 0 1.4828e+06 1.56532e+06 1.57751e+06 1.42118e+06 867257 1.10002e+06
pelacespred
 1.87351e+06 1.21466e+06 630318 507559 510224 793845 538651 561975 416053 301263 308375 321296 351309 317442 327909 627844 640321 1.47826e+06 1.31666e+06 942055 1.56856e+06 1.42983e+06 1.14833e+06 1.86781e+06 1.38405e+06 1.21311e+06 1.59864e+06 1.64999e+06 1.14369e+06 858861 1.20144e+06
mphobs
 0 0 0 0 0 0 0 0 0 0 0 498337 0 5186 125008 0 168611 109162 213762 579715 649985 157893 87575 83554 0 0 0 0 0 0 0
mphpred
 491315 330556 170319 92024.3 102449 112590 147551 103614 89391.9 64625 43989.2 58588.1 63745.8 56557.8 42677.2 52573.3 145486 145760 258606 205022 222028 273120 260619 220215 298484 246949 204085 214122 291506 205668 131696
desembarqueobs
 494567 514787 250237 358949 120608 361735 552515 73892 212993 205616 52469 317467 293654 387597 252695 516296 358380 742168 942051 627588 828172 859565 418607 520667 417249 300574 415391 372974 316634 284311 391294
desembarquepred
 494573 513117 251096 358966 120611 361746 552558 73894.6 213026 205647 52470.8 317523 293703 387653 252701 516285 358398 742113 941945 627521 828224 859599 418618 520685 417252 300577 415393 372967 316633 284319 391297
Reclutas
 262221 154231 150122 283401 226608 372827 157779 76292.9 69431.4 89773.4 162088 199659 168666 119528 125978 649277 152792 969677 572397 434794 674175 897672 198160 587248 491052 223068 495982 552975 166351 125492 477260
log_desv_Rt
 0.0240014 -0.506732 -0.533736 0.101677 -0.121962 0.37593 -0.483988 -1.21061 -1.30485 -1.0479 -0.457046 -0.248574 -0.417266 -0.761631 -0.709078 0.930675 -0.516107 1.33178 0.804649 0.529687 0.968305 1.25462 -0.256111 0.830263 0.651366 -0.13771 0.661354 0.770128 -0.431083 -0.712939 0.622876
SSB
 5.43149e+06 3.6543e+06 1.88288e+06 1.01733e+06 1.13258e+06 1.24469e+06 1.63118e+06 1.14545e+06 988228 714430 486301 647692 704711 625247 471797 581198 1.60835e+06 1.61138e+06 2.85889e+06 2.26652e+06 2.45453e+06 3.01935e+06 2.88115e+06 2.43448e+06 3.29975e+06 2.73002e+06 2.25616e+06 2.36712e+06 3.22261e+06 2.27367e+06 1.4559e+06
BT
 7.08383e+06 4.83321e+06 2.49837e+06 2.11143e+06 1.91012e+06 3.13338e+06 2.41463e+06 2.06319e+06 1.69164e+06 1.27209e+06 1.1432e+06 1.41275e+06 1.51849e+06 1.53434e+06 1.42096e+06 2.65536e+06 2.55916e+06 5.91452e+06 5.59715e+06 3.91979e+06 6.25357e+06 5.8965e+06 4.45196e+06 7.12865e+06 5.30808e+06 4.58291e+06 6.11102e+06 6.24354e+06 4.32967e+06 3.3306e+06 4.65102e+06
Ftot
 0.0785246 0.140622 0.135957 0.201135 0.0678504 0.136634 0.287768 0.0438324 0.170303 0.217691 0.0568294 0.271378 0.249688 0.392696 0.25712 0.229324 0.14823 0.156261 0.227464 0.19904 0.149429 0.189505 0.110465 0.0946042 0.0974442 0.0790766 0.0963073 0.0832565 0.0802274 0.110323 0.113175
BD_Bspro_t
 0.987515 0.905131 0.798709 0.731536 0.725526 0.778171 0.769828 0.655388 0.70048 0.674101 0.651151 0.782867 0.689373 0.618584 0.535489 0.587391 0.711826 0.701367 0.760411 0.687903 0.665611 0.707378 0.721295 0.720603 0.798897 0.805323 0.811328 0.834514 0.862598 0.820259 0.776656
BD_Bspro
 2.97251 1.9999 1.03045 0.556756 0.619829 0.681183 0.8927 0.626875 0.54083 0.390988 0.266139 0.354464 0.385669 0.34218 0.258201 0.318074 0.880205 0.881864 1.56459 1.2404 1.34329 1.6524 1.57677 1.33232 1.80586 1.49407 1.23474 1.29546 1.76364 1.24431 0.796776
BD_Bo
 2.01281 1.35421 0.697761 0.377003 0.419712 0.461258 0.604484 0.424483 0.366219 0.264754 0.180214 0.240022 0.261152 0.231705 0.174839 0.215381 0.596024 0.597147 1.05945 0.839928 0.909601 1.11891 1.0677 0.902171 1.22282 1.0117 0.836092 0.87721 1.19424 0.842578 0.539531
BD_Brms
 14.3288 9.64038 4.96722 2.68381 2.98785 3.2836 4.3032 3.02181 2.60704 1.88473 1.28291 1.70867 1.85909 1.64946 1.24464 1.53325 4.24297 4.25097 7.542 5.97928 6.47526 7.96531 7.60072 6.42237 8.70504 7.20205 5.95196 6.24468 8.50153 5.99814 3.84081
Sel_flota
 0.902218 1 1 1 1
 0.902218 1 1 1 1
 0.902218 1 1 1 1
 0.902218 1 1 1 1
 0.902218 1 1 1 1
 0.902218 1 1 1 1
 0.902218 1 1 1 1
 0.902218 1 1 1 1
 0.902218 1 1 1 1
 0.902218 1 1 1 1
 0.902218 1 1 1 1
 0.902218 1 1 1 1
 0.902218 1 1 1 1
 0.902218 1 1 1 1
 0.902218 1 1 1 1
 0.902218 1 1 1 1
 0.902218 1 1 1 1
 0.902218 1 1 1 1
 0.902218 1 1 1 1
 0.902218 1 1 1 1
 0.902218 1 1 1 1
 0.902218 1 1 1 1
 0.902218 1 1 1 1
 0.902218 1 1 1 1
 0.902218 1 1 1 1
 0.902218 1 1 1 1
 0.902218 1 1 1 1
 0.902218 1 1 1 1
 0.902218 1 1 1 1
 0.902218 1 1 1 1
 0.902218 1 1 1 1
Sel_reclas
 1 1 1 1 1
 1 1 1 1 1
 1 1 1 1 1
 1 1 1 1 1
 1 1 1 1 1
 1 1 1 1 1
 1 1 1 1 1
 1 1 1 1 1
 1 1 1 1 1
 1 1 1 1 1
 1 1 1 1 1
 1 1 1 1 1
 1 1 1 1 1
 1 1 1 1 1
 1 1 1 1 1
 1 1 1 1 1
 1 1 1 1 1
 1 1 1 1 1
 1 1 1 1 1
 1 1 1 1 1
 1 1 1 1 1
 1 1 1 1 1
 1 1 1 1 1
 1 1 1 1 1
 1 1 1 1 1
 1 1 1 1 1
 1 1 1 1 1
 1 1 1 1 1
 1 1 1 1 1
 1 1 1 1 1
 1 1 1 1 1
Sel_pelaces
 1 1 1 1 1
 1 1 1 1 1
 1 1 1 1 1
 1 1 1 1 1
 1 1 1 1 1
 1 1 1 1 1
 1 1 1 1 1
 1 1 1 1 1
 1 1 1 1 1
 1 1 1 1 1
 1 1 1 1 1
 1 1 1 1 1
 1 1 1 1 1
 1 1 1 1 1
 1 1 1 1 1
 1 1 1 1 1
 1 1 1 1 1
 1 1 1 1 1
 1 1 1 1 1
 1 1 1 1 1
 1 1 1 1 1
 1 1 1 1 1
 1 1 1 1 1
 1 1 1 1 1
 1 1 1 1 1
 1 1 1 1 1
 1 1 1 1 1
 1 1 1 1 1
 1 1 1 1 1
 1 1 1 1 1
 1 1 1 1 1
pf_obs 
 0.8446 0.082 0.0669 0.0065 0
 0.8095 0.147 0.0364 0.0071 0
 0.9664 0.0169 0.016 0.0007 0
 0.9276 0.0648 0.0075 0.0001 0
 0.7033 0.2144 0.0806 0.0017 0
 0.9318 0.0425 0.0243 0.0014 0
 0.5671 0.3108 0.0964 0.0239 0.0018
 0.0768 0.2599 0.5324 0.112 0.0189
 0.490249 0.384438 0.106611 0.0170017 0.00170017
 0.7925 0.1577 0.0466 0.003 0.0002
 0.840416 0.127587 0.0312969 0.00059994 9.999e-05
 0.8084 0.0986 0.0794 0.0134 0.0002
 0.7335 0.1905 0.0724 0.0035 0.0001
 0.4001 0.4547 0.1325 0.0127 0
 0.49795 0.308269 0.164784 0.0264974 0.00249975
 0.9179 0.0499 0.0305 0.0017 0
 0.2467 0.6533 0.0926 0.0074 0
 0.9418 0.0223 0.034 0.0019 0
 0.707729 0.231977 0.0356964 0.0245975 0
 0.517169 0.277429 0.184464 0.0207286 0.00020938
 0.811772 0.124168 0.05621 0.00726502 0.000585176
 0.764997 0.148141 0.077277 0.00933861 0.000247198
 0.163321 0.427699 0.378323 0.0303852 0.000271297
 0.753843 0.0900009 0.118128 0.0371064 0.000921714
 0.721811 0.176058 0.0630433 0.0369309 0.00215725
 0.143369 0.312575 0.442814 0.0836902 0.0175525
 0.692698 0.0596174 0.167031 0.0765114 0.00414204
 0.394062 0.376323 0.152708 0.0712218 0.00568511
 0.125707 0.32114 0.495352 0.0537591 0.00404204
 0.23352 0.215282 0.420074 0.123614 0.00750983
 0.796117 0.104755 0.0508955 0.0450114 0.00322123
pf_pred 
 0.418247 0.10902 0.448823 0.0239088 7.32468e-07
 0.409075 0.262718 0.0615057 0.253212 0.013489
 0.543057 0.199302 0.114544 0.0268162 0.11628
 0.750571 0.142271 0.0467386 0.0268619 0.0335577
 0.64523 0.273674 0.0462561 0.015196 0.0196441
 0.74271 0.172199 0.06564 0.0110944 0.00835631
 0.475401 0.400432 0.0831025 0.0316776 0.00938685
 0.437673 0.284172 0.212318 0.044063 0.0217734
 0.520182 0.222521 0.130025 0.0971476 0.0301238
 0.671553 0.180069 0.0688122 0.0402087 0.0393572
 0.790015 0.146262 0.0349358 0.0133505 0.0154368
 0.721733 0.224585 0.0373915 0.00893125 0.00735941
 0.665653 0.249078 0.0688193 0.0114578 0.00499193
 0.60438 0.273488 0.0909848 0.0251388 0.00600888
 0.702353 0.188756 0.0752752 0.0250428 0.00857312
 0.921159 0.0572719 0.0136784 0.00545489 0.00243601
 0.398838 0.558603 0.0309163 0.00738381 0.00425963
 0.88404 0.0493813 0.0618654 0.00342399 0.00128951
 0.600843 0.357259 0.0178421 0.0223527 0.00170305
 0.591597 0.256626 0.135846 0.00678439 0.00914712
 0.739141 0.161458 0.0624599 0.0330635 0.00387755
 0.741039 0.196829 0.0384565 0.0148768 0.00879871
 0.329677 0.510986 0.121108 0.023662 0.0145674
 0.740623 0.0918864 0.127678 0.0302606 0.0095522
 0.630463 0.281177 0.0313024 0.0434952 0.0135628
 0.444373 0.36414 0.1457 0.0162203 0.0295664
 0.734691 0.12497 0.0919735 0.0368007 0.0115647
 0.693271 0.231668 0.0353564 0.0260211 0.0136835
 0.363482 0.455545 0.136686 0.0208606 0.0234261
 0.437111 0.218796 0.246261 0.0738907 0.0239408
 0.827705 0.0799717 0.0358865 0.0403911 0.0160461
pobs_RECLAS
 0 0 0 0 0
 0 0 0 0 0
 0 0 0 0 0
 0 0 0 0 0
 0 0 0 0 0
 0 0 0 0 0
 0 0 0 0 0
 0 0 0 0 0
 0 0 0 0 0
 0 0 0 0 0
 0.991045 0.00858322 0.000360255 1.14367e-05 0
 0.934742 0.0480273 0.0164251 0.00080598 0
 0.827803 0.169806 0.00239088 0 0
 0.941827 0.0461693 0.0120037 0 0
 0.791401 0.0380133 0.147996 0.0225897 0
 0.846168 0.0940531 0.0597789 0 0
 0.134021 0.677848 0.182769 0.00536245 0
 0.80878 0.0450904 0.141981 0.00414843 0
 0.846168 0.0940531 0.0597789 0 0
 0.905697 0.0802665 0.012482 0.00150086 5.37128e-05
 0.989698 0.0102097 9.19794e-05 0 0
 0.975433 0.0193895 0.00387452 0.00125025 5.28907e-05
 0.303575 0.632131 0.0575291 0.00676475 0
 0.966965 0.00978017 0.0227588 0.000495775 0
 0.843318 0.132988 0.00938335 0.0141283 0.000182051
 0.564624 0.303363 0.111486 0.0197234 0.00080311
 0.826376 0.0876187 0.0782897 0.00655872 0.00115652
 0.89761 0.0855135 0.0140674 0.00269457 0.000114338
 0.34875 0.467042 0.161289 0.0227151 0.000203297
 0.318654 0.224769 0.449479 0.00709798 0
 0.937255 0.0296025 0.0250945 0.00804832 0
ppred_RECLAS
 0.443641 0.104261 0.429232 0.0228652 7.00496e-07
 0.434475 0.251426 0.058862 0.242328 0.0129092
 0.568756 0.188093 0.108102 0.025308 0.10974
 0.769673 0.131375 0.0431592 0.0248047 0.0309877
 0.668546 0.255688 0.0432162 0.0141973 0.018353
 0.762101 0.159221 0.060693 0.0102583 0.00772652
 0.501834 0.380256 0.0789154 0.0300815 0.00891389
 0.46323 0.271257 0.202669 0.0420604 0.0207838
 0.54618 0.210464 0.12298 0.0918838 0.0284916
 0.69428 0.167609 0.0640506 0.0374264 0.0366338
 0.806651 0.134674 0.032168 0.0122928 0.0142139
 0.742439 0.207873 0.0346091 0.00826666 0.00681179
 0.688678 0.231925 0.0640801 0.0106688 0.00464817
 0.629695 0.255988 0.0851627 0.0235302 0.00562437
 0.723916 0.175082 0.0698219 0.0232285 0.00795204
 0.928463 0.0519659 0.0124111 0.00494951 0.00221032
 0.424076 0.535151 0.0296183 0.00707382 0.0040808
 0.894314 0.045006 0.056384 0.00312061 0.00117526
 0.625762 0.334955 0.0167282 0.0209573 0.00159673
 0.61665 0.240883 0.127513 0.0063682 0.00858599
 0.758737 0.149329 0.0577677 0.0305797 0.00358626
 0.760615 0.18195 0.0355494 0.0137522 0.00813356
 0.353024 0.493189 0.116889 0.0228379 0.01406
 0.760046 0.0850056 0.118117 0.0279945 0.0088369
 0.65429 0.263047 0.0292841 0.0406907 0.0126883
 0.470073 0.347297 0.138961 0.0154701 0.0281989
 0.754414 0.11568 0.0851362 0.0340649 0.010705
 0.714854 0.215367 0.0328686 0.0241901 0.0127207
 0.387771 0.438162 0.131471 0.0200646 0.0225322
 0.462814 0.208806 0.235016 0.0705167 0.0228476
 0.842021 0.0733265 0.0329045 0.0370348 0.0147127
pobs_PELACES
 0 0 0 0 0
 0 0 0 0 0
 0 0 0 0 0
 0 0 0 0 0
 0 0 0 0 0
 0 0 0 0 0
 0 0 0 0 0
 0 0 0 0 0
 0 0 0 0 0
 0 0 0 0 0
 0 0 0 0 0
 0 0 0 0 0
 0 0 0 0 0
 0 0 0 0 0
 0 0 0 0 0
 0 0 0 0 0
 0.505614 0.472636 0.0217494 0 0
 0 0 0 0 0
 0.443492 0.261883 0.143347 0.151278 0
 0.227955 0.32914 0.350689 0.0885471 0.00366901
 0.970185 0.0296113 0.000203453 0 0
 0.997202 0.00247181 0.000326279 0 0
 0.445219 0.490057 0.0546422 0.010081 0
 0.90214 0.0892962 0.00764917 0.000914606 0
 0 0 0 0 0
 0.581667 0.319106 0.0959925 0.00289975 0.000334073
 0.762889 0.0836404 0.116647 0.0363945 0.000428098
 0.88444 0.0763242 0.0277011 0.0115352 0
 0.521256 0.241999 0.230069 0.00667565 0
 0.616807 0.101726 0.260614 0.0208532 0
 0.833518 0.0704572 0.0857862 0.0102388 0
ppred_PELACES
 0.444266 0.104144 0.428749 0.0228395 6.99708e-07
 0.43559 0.25093 0.0587459 0.24185 0.0128837
 0.569832 0.187624 0.107832 0.0252449 0.109467
 0.770822 0.13072 0.042944 0.024681 0.0308332
 0.669031 0.255314 0.043153 0.0141765 0.0183262
 0.7629 0.158686 0.0604893 0.0102239 0.00770059
 0.504155 0.378484 0.0785476 0.0299414 0.00887236
 0.463581 0.27108 0.202536 0.0420328 0.0207702
 0.547542 0.209833 0.122611 0.0916081 0.0284061
 0.695769 0.166792 0.0637387 0.0372441 0.0364554
 0.806937 0.134475 0.0321205 0.0122746 0.0141929
 0.74411 0.206525 0.0343846 0.00821303 0.0067676
 0.690402 0.23064 0.0637251 0.0106097 0.00462241
 0.632645 0.253948 0.0844843 0.0233427 0.00557957
 0.725571 0.174032 0.0694033 0.0230893 0.00790437
 0.928953 0.05161 0.0123261 0.00491561 0.00219518
 0.425245 0.534065 0.0295582 0.00705947 0.00407252
 0.89479 0.0448035 0.0561302 0.00310657 0.00116997
 0.62748 0.333418 0.0166515 0.0208611 0.0015894
 0.618167 0.239929 0.127008 0.00634299 0.00855201
 0.759619 0.148784 0.0575567 0.030468 0.00357316
 0.761727 0.181105 0.0353843 0.0136883 0.00809579
 0.353839 0.492568 0.116742 0.0228091 0.0140423
 0.760603 0.0848085 0.117843 0.0279296 0.00881641
 0.655001 0.262506 0.0292238 0.040607 0.0126622
 0.470708 0.346881 0.138795 0.0154515 0.028165
 0.75499 0.115409 0.0849367 0.0339851 0.0106799
 0.715401 0.214954 0.0328055 0.0241437 0.0126963
 0.388386 0.437722 0.131339 0.0200445 0.0225095
 0.463699 0.208462 0.234629 0.0704005 0.0228099
 0.842507 0.0731013 0.0328034 0.0369211 0.0146675
pobs_pel_tallas
 0 0 0 0 0 0 0 0 0 0 0 0 0 0 0 0 0 0 0 0 0 0 0 0 0 0
 0 0 0 0 0 0 0 0 0 0 0 0 0 0 0 0 0 0 0 0 0 0 0 0 0 0
 0 0 0 0 0 0 0 0 0 0 0 0 0 0 0 0 0 0 0 0 0 0 0 0 0 0
 0 0 0 0 0 0 0 0 0 0 0 0 0 0 0 0 0 0 0 0 0 0 0 0 0 0
 0 0 0 0 0 0 0 0 0 0 0 0 0 0 0 0 0 0 0 0 0 0 0 0 0 0
 0 0 0 0 0 0 0 0 0 0 0 0 0 0 0 0 0 0 0 0 0 0 0 0 0 0
 0 0 0 0 0 0 0 0 0 0 0 0 0 0 0 0 0 0 0 0 0 0 0 0 0 0
 0 0 0 0 0 0 0 0 0 0 0 0 0 0 0 0 0 0 0 0 0 0 0 0 0 0
 0 0 0 0 0 0 0 0 0 0 0 0 0 0 0 0 0 0 0 0 0 0 0 0 0 0
 0 0 0 0 0 0 0 0 0 0 0 0 0 0 0 0 0 0 0 0 0 0 0 0 0 0
 0 0 0 0 0 0 0 0 0 0 0 0 0 0 0 0 0 0 0 0 0 0 0 0 0 0
 0 0 0 0 0 0 0 0 0 0 0 0 0 0 0 0 0 0 0 0 0 0 0 0 0 0
 0.00862536 0 0 0.000197151 0.00414017 0.0128641 0.00837892 0.0270097 0.101434 0.158115 0.152841 0.127902 0.109271 0.109419 0.0830992 0.0579132 0.0238553 0.00714673 0.00463305 0.00128148 0.00103504 0.000492878 0.000147863 0.000147863 4.92878e-05 0
 0 0 0 0 0 0 0 0 0 0 0 0 0 0 0 0 0 0 0 0 0 0 0 0 0 0
 0 0 0 0 0 0 0 0.0054083 0.00873648 0.0413646 0.0450493 0.0745869 0.0622846 0.0627006 0.0613931 0.0827291 0.12552 0.122667 0.0946155 0.0697135 0.0546179 0.0294188 0.0215738 0.0213955 0.0102223 0.00600262
 0 0 0 0 0.00359764 0.0251062 0.0480494 0.140153 0.205849 0.193036 0.1447 0.116669 0.0760912 0.0342217 0.00950174 0.001854 0.000860785 0 0 0 0.000165536 0 0.000143464 0 0 0
 0 0 0 0 0 0 0 0.000145254 0.000435761 0.0275982 0.070085 0.0708112 0.156366 0.174668 0.174014 0.160142 0.0824315 0.0480064 0.0283245 0.00493863 0.00203355 0 0 0 0 0
 0 0 0 0 0 0 0 0 0 0 0 0 0 0 0 0 0 0 0 0 0 0 0 0 0 0
 0 0 1.00437e-05 0.000401748 0.00122533 0.00171747 0.00176769 0.0269171 0.070346 0.194647 0.189555 0.159765 0.064822 0.0314167 0.0384472 0.0292271 0.0345202 0.0313363 0.0194345 0.0106764 0.0143323 0.0359363 0.0279516 0.0138201 0.00172751 0
 0 0.0021121 0.0136068 0.0755702 0.200478 0.177729 0.0527432 0.0373336 0.0318909 0.0142505 0.0149659 0.0166563 0.0217959 0.0798694 0.0677717 0.0528807 0.04013 0.0224614 0.0357745 0.0225083 0.00881397 0.00855152 0.00135912 0.000746735 0 0
 0 0 0 0 5.4009e-05 0.00500934 0.000945158 0.0243581 0.138947 0.33067 0.221406 0.137944 0.0707744 0.0437923 0.0131692 0.00525238 0.0047753 0.00276346 9.45158e-05 9.00151e-06 2.25038e-05 9.00151e-06 4.50075e-06 0 0 0
 0.000866109 0.00284123 0.00948549 0.0512746 0.133035 0.25785 0.225252 0.132002 0.0553304 0.0519788 0.0540692 0.017754 0.00435017 0.00159236 0.00146478 0.000404838 0.000125132 0.000115318 0.000107957 0.000100596 0 0 0 0 0 0
 0 0 0 0 0.00144013 0.00171154 0.00461396 0.0210425 0.0478622 0.0707936 0.0888783 0.103762 0.0637923 0.0337046 0.0602308 0.124433 0.169614 0.0934646 0.0462172 0.0250306 0.0313229 0.00938855 0.002487 0.000210481 0 0
 0 0.00764035 0.051015 0.0998891 0.058973 0.0496711 0.0374665 0.0718981 0.12319 0.153886 0.159021 0.0857701 0.0377988 0.023471 0.0147837 0.00900784 0.00315554 0.000888139 0.00291439 0.00214683 0.00393193 0.00274676 0.000635225 9.99891e-05 0 0
 0 0 0 0 0 0 0 0 0 0 0 0 0 0 0 0 0 0 0 0 0 0 0 0 0 0
 0 0 0 0 0 0 0 0 0 0 0 0 0 0 0 0 0 0 0 0 0 0 0 0 0 0
 0 0 0 0 0 0 0 0 0 0 0 0 0 0 0 0 0 0 0 0 0 0 0 0 0 0
 0 0 0 0 0 0 0 0 0 0 0 0 0 0 0 0 0 0 0 0 0 0 0 0 0 0
 0 0 0 0 0 0 0 0 0 0 0 0 0 0 0 0 0 0 0 0 0 0 0 0 0 0
 0 0 0 0 0 0 0 0 0 0 0 0 0 0 0 0 0 0 0 0 0 0 0 0 0 0
 0 0 0 0 0 0 0 0 0 0 0 0 0 0 0 0 0 0 0 0 0 0 0 0 0 0
ppred_pel_tallas
 1.14691e-16 3.65937e-05 0.000355703 0.00236377 0.0107454 0.0334329 0.0712328 0.103969 0.103979 0.0712853 0.0336111 0.0112682 0.00370701 0.00339022 0.00609855 0.0108017 0.0173619 0.0255809 0.0351366 0.0456524 0.0565181 0.0665321 0.0738109 0.07633 0.0728986 0.0639016
 1.28194e-16 3.5879e-05 0.000348757 0.00231761 0.0105355 0.0327801 0.0698424 0.101942 0.101966 0.0699613 0.0331795 0.011691 0.00522507 0.00672087 0.0122159 0.0203575 0.0298755 0.0388346 0.045401 0.0490203 0.0508511 0.052936 0.0566893 0.0618583 0.0666478 0.0687662
 1.24217e-16 4.69364e-05 0.000456238 0.00303186 0.0137824 0.0428823 0.091366 0.133355 0.133373 0.0914552 0.0431823 0.0146508 0.00521953 0.00525874 0.00924826 0.0154315 0.0227495 0.0297545 0.0350459 0.0381116 0.0396612 0.0410735 0.0433773 0.046561 0.0496413 0.0512834
 1.08966e-16 6.34916e-05 0.000617161 0.00410125 0.0186437 0.0580075 0.123592 0.180388 0.180401 0.123654 0.0582153 0.0192446 0.00561215 0.00392457 0.00637236 0.0105087 0.0153135 0.0196568 0.0224505 0.0232472 0.0225153 0.0212944 0.0204975 0.0204051 0.0206575 0.0206167
 1.05834e-16 5.51072e-05 0.000535662 0.00355966 0.0161817 0.0503475 0.107272 0.156571 0.156596 0.107392 0.0507515 0.0173491 0.0064907 0.00693712 0.0122217 0.0201426 0.029072 0.0366954 0.0406985 0.0400373 0.0355623 0.0294294 0.0237794 0.0197149 0.0171675 0.0154409
 1.04115e-16 6.28391e-05 0.000610818 0.0040591 0.0184521 0.0574114 0.122322 0.178535 0.178551 0.122397 0.0576636 0.0191814 0.00589277 0.00462369 0.00771332 0.012729 0.0185103 0.0236545 0.0267675 0.0271972 0.0253863 0.0224987 0.0196393 0.0173002 0.0153635 0.0134781
 1.06868e-16 4.15267e-05 0.000403654 0.00268242 0.0121939 0.03794 0.0808366 0.117991 0.118028 0.0810151 0.0385395 0.013926 0.00703249 0.00990764 0.0181144 0.0299423 0.0432749 0.0547319 0.0608924 0.0601868 0.0538114 0.0448551 0.0363738 0.0299236 0.0254158 0.0219399
 1.13645e-16 3.81846e-05 0.000371168 0.00246654 0.0112126 0.0348866 0.0743306 0.108493 0.10852 0.0744597 0.0353209 0.0124704 0.00563698 0.0073358 0.0133934 0.0224174 0.0330771 0.0432512 0.0507664 0.0545854 0.0552909 0.0543874 0.0530448 0.0513647 0.0486502 0.0442289
 1.17587e-16 4.51004e-05 0.000438392 0.00291327 0.0132433 0.0412049 0.0877923 0.12814 0.12816 0.087892 0.0415405 0.014215 0.00536138 0.00581346 0.0103454 0.017278 0.0254765 0.0333157 0.039193 0.0424561 0.0437635 0.0444786 0.0455809 0.0469853 0.0477171 0.0466505
 1.11787e-16 5.73096e-05 0.00055707 0.00370193 0.0168284 0.0523596 0.111558 0.162826 0.162842 0.111637 0.052625 0.0175962 0.00563333 0.00478744 0.00813398 0.0134707 0.0196763 0.0253488 0.0291203 0.0304261 0.0298453 0.0286542 0.0279443 0.0279986 0.0283094 0.0280621
 1.04595e-16 6.64664e-05 0.000646077 0.00429341 0.0195172 0.0607254 0.129382 0.18884 0.188853 0.129446 0.0609385 0.0201333 0.00584124 0.00402948 0.00650561 0.010686 0.0154746 0.0196503 0.0220224 0.022062 0.0202142 0.0175759 0.0152003 0.0135728 0.0125669 0.011757
 1.03015e-16 6.12914e-05 0.000595774 0.00395913 0.0179976 0.0559975 0.119309 0.17414 0.174159 0.119407 0.0563243 0.0189416 0.00632913 0.00577112 0.009895 0.0162742 0.0234682 0.0295777 0.0327092 0.0319928 0.0280926 0.0227399 0.0176785 0.0138462 0.0112656 0.00946784
 1.03745e-16 5.68676e-05 0.000552773 0.00367337 0.0166986 0.0519558 0.110698 0.161572 0.161594 0.110807 0.0523215 0.0177557 0.00632911 0.0063582 0.0111057 0.0183305 0.0265415 0.0336714 0.0376412 0.0374778 0.0338582 0.0285832 0.0234297 0.0192978 0.0161544 0.0135359
 1.05789e-16 5.21102e-05 0.00050653 0.00336607 0.0153017 0.0476093 0.101438 0.148056 0.148081 0.101558 0.0480126 0.0164675 0.00629641 0.00691666 0.0122649 0.0202959 0.0294713 0.0375652 0.0423327 0.0427292 0.0394867 0.0345178 0.0296545 0.0257386 0.0226047 0.0196774
 1.05701e-16 5.97643e-05 0.000580931 0.00386049 0.0175492 0.0546023 0.116337 0.1698 0.169817 0.116419 0.0548791 0.0183497 0.00587365 0.00498828 0.0084674 0.014002 0.0203966 0.0261408 0.0297319 0.0304788 0.0288781 0.0261906 0.0235774 0.0214966 0.0197246 0.0177992
 1.01234e-16 7.65166e-05 0.000743769 0.00494261 0.0224684 0.0699075 0.148945 0.217391 0.217396 0.14897 0.0699893 0.0227048 0.00553649 0.00204178 0.00254635 0.00410095 0.00592975 0.00752027 0.0084073 0.00838075 0.00760372 0.0064912 0.00544702 0.00466632 0.00412011 0.00367223
 1.02387e-16 3.5027e-05 0.000340475 0.00226258 0.0102854 0.0320019 0.0681853 0.0995292 0.0995806 0.0684364 0.0328449 0.0127192 0.00836812 0.0136568 0.0252895 0.0416599 0.0597902 0.0747273 0.0814465 0.0776337 0.0650887 0.0485618 0.0329912 0.0212681 0.0138012 0.00949584
 1.02141e-16 7.37027e-05 0.000716416 0.00476084 0.0216421 0.0673365 0.143468 0.209396 0.209401 0.143489 0.067409 0.0218524 0.00529243 0.00188917 0.00233688 0.00384005 0.00574137 0.00766983 0.00928446 0.010402 0.0110536 0.0113695 0.0114035 0.011068 0.0102318 0.00887219
 1.02927e-16 5.16847e-05 0.000502394 0.00333859 0.0151767 0.0472207 0.10061 0.14685 0.146882 0.100767 0.047747 0.0166964 0.00715113 0.0088185 0.015826 0.0260318 0.03738 0.0467722 0.0510959 0.0489388 0.0414534 0.0316138 0.0224728 0.0157581 0.0116118 0.00923427
 1.0581e-16 5.09177e-05 0.000494938 0.00328904 0.0149515 0.0465198 0.0991162 0.144668 0.144691 0.09923 0.0469022 0.0160579 0.00607314 0.00659547 0.0117036 0.0194414 0.0284037 0.036554 0.0418169 0.043183 0.0412156 0.0374891 0.0334629 0.0297332 0.0261165 0.0222399
 1.0536e-16 6.25688e-05 0.000608191 0.00404164 0.0183727 0.0571645 0.121796 0.177767 0.177782 0.121866 0.0574011 0.0190572 0.00576292 0.00437682 0.0072527 0.0119782 0.0174557 0.0223925 0.0255151 0.0262481 0.0250298 0.0229418 0.0209614 0.0194411 0.0181343 0.0165916
 1.03811e-16 6.27425e-05 0.000609879 0.00405286 0.0184237 0.0573232 0.122134 0.178261 0.178279 0.122219 0.05761 0.0192523 0.00613374 0.00515577 0.00870616 0.0143204 0.0206872 0.0261541 0.0290836 0.0287319 0.0256849 0.0214389 0.0174721 0.0145337 0.0125669 0.0111028
 1.08159e-16 2.91453e-05 0.000283303 0.00188265 0.00855828 0.0266282 0.056736 0.0828179 0.0828654 0.0569684 0.0274088 0.0108137 0.00754774 0.0126627 0.0235764 0.0390264 0.0564409 0.0714483 0.0795934 0.0788062 0.0705889 0.0588925 0.0476387 0.0388496 0.0324772 0.0274593
 1.07716e-16 6.26499e-05 0.000608979 0.00404688 0.0183965 0.0572385 0.121953 0.177996 0.178004 0.121994 0.0573762 0.0187966 0.00505967 0.00284811 0.00439811 0.00738935 0.0111488 0.0150926 0.0186492 0.0215344 0.0238325 0.0257454 0.0272415 0.0279458 0.0273703 0.0252716
 1.07126e-16 5.39516e-05 0.000524429 0.00348502 0.0158424 0.0492917 0.105022 0.153288 0.153314 0.105146 0.0497069 0.0170415 0.00649531 0.00709709 0.0125409 0.0206608 0.0297966 0.0375712 0.041621 0.0409125 0.0363833 0.0303163 0.0249466 0.0213717 0.0194049 0.0181661
 1.1041e-16 3.87717e-05 0.000376875 0.00250447 0.011385 0.035423 0.0754737 0.110163 0.110197 0.0756379 0.0359746 0.0129799 0.00651508 0.00915548 0.0167798 0.0278594 0.0405519 0.0518844 0.058831 0.0599785 0.0562962 0.0503153 0.044425 0.0396658 0.0357414 0.0318467
 1.07697e-16 6.21875e-05 0.000604485 0.00401701 0.0182608 0.0568161 0.121053 0.176683 0.176694 0.121108 0.0570011 0.0187966 0.00536792 0.00357315 0.00575829 0.00957448 0.0141489 0.0185626 0.0219187 0.0238137 0.0245294 0.0247174 0.0248431 0.024863 0.0243505 0.0228822
 1.05572e-16 5.89267e-05 0.000572788 0.00380638 0.0173033 0.053837 0.114706 0.167421 0.167442 0.114807 0.0541772 0.018286 0.00627381 0.0059617 0.0103013 0.0169588 0.02448 0.0309129 0.0343215 0.0338458 0.0302237 0.0252836 0.0208202 0.0177235 0.0158708 0.0146038
 1.09722e-16 3.19909e-05 0.000310963 0.00206646 0.00939386 0.029228 0.0622749 0.0909009 0.0909433 0.0624817 0.0299226 0.0114014 0.00711111 0.0113417 0.0210352 0.0348656 0.0505527 0.0642664 0.0721045 0.0722518 0.0660029 0.0567484 0.0477914 0.040738 0.0354097 0.0308244
 1.17745e-16 3.81943e-05 0.000371262 0.00246717 0.0112154 0.0348954 0.0743491 0.108519 0.108539 0.0744491 0.0352322 0.0121927 0.00493727 0.00581961 0.010551 0.0178176 0.026687 0.0357209 0.0434454 0.0491651 0.0532217 0.0563908 0.0589537 0.0602967 0.0593449 0.0553795
 1.07151e-16 6.93962e-05 0.000674555 0.00448266 0.0203775 0.0634021 0.135085 0.197162 0.197169 0.13512 0.0635187 0.0207151 0.00533272 0.00253923 0.00363788 0.00597782 0.0087838 0.0114405 0.0133891 0.0144229 0.0148147 0.0150985 0.0156679 0.0165088 0.0172394 0.0173707
pSPR Fmed_Fpbrs
0.756487   0.190473 0.190473
Fs Fmed_Fpbrs
0.138147   1.005 1.005
SSBpbr Bo_Bmed_Bpbrs
2.69846e+06  1.90643e+06  379062 379062
Ro
256002
SPR SPRFo_SPRFmed_SPRFpbrs
1.82724e+06 1.38229e+06 348041
Fref
1.005
Nvult_r0
 318728 28062.9 12592.9 14173.7 5630.73
CTP_r0
 29529.6 2853.12 1280.31 1441.02 572.469
YTP_r0
391297
Np
 361740 53742.1 21347.9 1848.8 941.346
Nvult_p0
 307998 46505.2 18473.2 1599.84 814.584
CTP_p0
 146466 68762.8 5955.09 2672.28 3995.8
 146466 23310.6 9259.61 801.914 408.308
YTP_p0
 2.52595e+06 1.71385e+06
CBA_c0
2.28232e+06
log_Ro
12.2729
likeval ReclasPelacesDesembMPH_pf_preclas_ppelaces_ptallas_desvR_qrecl_qpela
 16.5064 17.4038 0.112343 0.000812558 241.011 121.04 98.0716 0 22.7688 1.82109e-05 9.36561e-06 0.570836 0 0 0
q_reclas_q_pelaces
0.546232 0.647011
M
1
N
 262221 61862.3 254680 13566.8 0.415631
 154231 89867.8 21039.2 86615.8 4614.16
 150122 49977.9 28723.6 6724.54 29158.9
 283401 48851.6 16048.6 9223.56 11522.7
 226608 86955.2 14697.1 4828.27 6241.57
 372827 78414.4 29890.6 5052.08 3805.22
 157779 121248 25163 9591.81 2842.29
 76292.9 44771.3 33450.7 6942.11 3430.39
 69431.4 26978.3 15764.1 11778.1 3652.19
 89773.4 21904.4 8370.63 4891.17 4787.59
 162088 27136.6 6481.8 2476.98 2864.07
 199659 56648.5 9431.5 2252.79 1856.31
 168666 57499.1 15886.8 2645.02 1152.38
 119528 49533.4 16478.9 4553.06 1088.31
 125978 30853.7 12304.3 4093.43 1401.34
 649277 36749.6 8777.01 3500.23 1563.11
 152792 194214 10748.9 2567.19 1480.98
 969677 49172.9 61604.2 3409.53 1284.07
 572397 309817 15472.8 19384.4 1476.89
 434794 171505 90787.1 4534.06 6113.09
 674175 133659 51705.9 27370.8 3209.94
 897672 216734 42345.6 16381.3 9688.52
 198160 278336 65967.9 12888.8 7934.93
 587248 65983.9 91685.7 21730.2 6859.46
 491052 198362 22083 30684.6 9568.16
 223068 165444 66198 7369.59 13433.3
 495982 76411.3 56236 22501.3 7071.09
 552975 167277 25529.2 18788.6 9880.21
 166351 188707 56621.7 8641.42 9704.15
 125492 56924.1 64069.6 19224.1 6228.66
 477260 41792.2 18753.8 21107.9 8385.48
pred_Ctot
 11402.7 2972.23 12236.3 651.828 0.0199693
 11737.6 7538.21 1764.79 7265.42 387.041
 11064.8 4060.81 2333.85 546.384 2369.23
 30173.1 5719.31 1878.9 1079.85 1349.03
 8548.51 3625.84 612.837 201.328 260.26
 27609.4 6401.31 2440.1 412.423 310.637
 23292.7 19619.5 4071.68 1552.07 459.917
 1876.02 1218.07 910.073 188.87 93.3285
 6329.96 2707.8 1582.24 1182.16 366.568
 10282.6 2757.16 1053.63 615.662 602.624
 5142.47 952.067 227.409 86.9028 100.484
 27960.8 8700.67 1448.59 346.007 285.112
 21903.1 8195.83 2264.48 377.017 164.258
 23198.2 10497.4 3492.31 964.913 230.642
 16801.4 4515.36 1800.71 599.064 205.083
 78011.9 4850.29 1158.41 461.968 206.303
 12222.9 17119.1 947.472 226.287 130.542
 81533.1 4554.34 5705.72 315.787 118.929
 68263 40588.9 2027.08 2539.54 193.487
 45844.4 19886.6 10527.1 525.74 708.834
 54344.6 11871.1 4592.3 2430.96 285.093
 90429.5 24019.2 4692.88 1815.43 1073.71
 11979.2 18567.3 4400.58 859.787 529.323
 30582.5 3794.26 5272.19 1249.55 394.439
 26312.8 11735.1 1306.43 1815.3 566.053
 9766.32 8002.97 3202.17 356.486 649.802
 26277.9 4469.84 3289.65 1316.26 413.638
 25450.4 8504.67 1297.95 955.249 502.329
 7386.01 9256.72 2777.48 423.89 476.021
 7576.94 3792.64 4268.71 1280.83 414.992
 29529.6 2853.12 1280.31 1441.02 572.469
F
 0.0708463 0.0785246 0.0785246 0.0785246 0.0785246
 0.126872 0.140622 0.140622 0.140622 0.140622
 0.122662 0.135957 0.135957 0.135957 0.135957
 0.181468 0.201135 0.201135 0.201135 0.201135
 0.0612158 0.0678504 0.0678504 0.0678504 0.0678504
 0.123273 0.136634 0.136634 0.136634 0.136634
 0.259629 0.287768 0.287768 0.287768 0.287768
 0.0395464 0.0438324 0.0438324 0.0438324 0.0438324
 0.153651 0.170303 0.170303 0.170303 0.170303
 0.196404 0.217691 0.217691 0.217691 0.217691
 0.0512725 0.0568294 0.0568294 0.0568294 0.0568294
 0.244842 0.271378 0.271378 0.271378 0.271378
 0.225273 0.249688 0.249688 0.249688 0.249688
 0.354298 0.392696 0.392696 0.392696 0.392696
 0.231978 0.25712 0.25712 0.25712 0.25712
 0.2069 0.229324 0.229324 0.229324 0.229324
 0.133736 0.14823 0.14823 0.14823 0.14823
 0.140981 0.156261 0.156261 0.156261 0.156261
 0.205222 0.227464 0.227464 0.227464 0.227464
 0.179578 0.19904 0.19904 0.19904 0.19904
 0.134818 0.149429 0.149429 0.149429 0.149429
 0.170975 0.189505 0.189505 0.189505 0.189505
 0.0996631 0.110465 0.110465 0.110465 0.110465
 0.0853536 0.0946042 0.0946042 0.0946042 0.0946042
 0.0879159 0.0974442 0.0974442 0.0974442 0.0974442
 0.0713443 0.0790766 0.0790766 0.0790766 0.0790766
 0.0868902 0.0963073 0.0963073 0.0963073 0.0963073
 0.0751155 0.0832565 0.0832565 0.0832565 0.0832565
 0.0723826 0.0802274 0.0802274 0.0802274 0.0802274
 0.0995351 0.110323 0.110323 0.110323 0.110323
 0.102109 0.113175 0.113175 0.113175 0.113175
YTP_r0W_actual
 245096 40228.9 35336.4 49282.8 21353.1
YTP_p0W_proyectada
 1.09703e+06 1.07751e+06 137741 78484.9 135178
 1.09703e+06 365277 214175 23552.2 13813
CTP_r0_actual
 29529.6 2853.12 1280.31 1441.02 572.469
CTP_p0_proyectada
 146466 68762.8 5955.09 2672.28 3995.8
 146466 23310.6 9259.61 801.914 408.308
Wmedp
 7.49 15.67 23.13 29.37 33.83
Frms_r0
 0.102109 0.113175 0.113175 0.113175 0.113175
Zrms_r0
 1.10211 1.11318 1.11318 1.11318 1.11318
nmprior
 8.19 8.8 8.5 0
nm_flota  nm_reclas  nm_pelaces    nm_pelaL
inf 11.5886 17.3038 40.6989
cv_recla  cv_pelaces  cv_mph
0.367495 0.473035 0.879696
 ------------------------------------------------
Talla a la edad & desviaci?n 
 8 13.2811 15.8009 17.003 17.5766
 0.8 1.32811 1.58009 1.7003 1.75766
