years
 1991 1992 1993 1994 1995 1996 1997 1998 1999 2000 2001 2002 2003 2004 2005 2006 2007 2008 2009 2010 2011 2012 2013 2014 2015 2016 2017 2018 2019 2020 2021
reclasobs
 0 0 0 0 0 0 0 0 0 252601 567819 844713 477998 351125 339783 2.1784e+06 2.13404e+06 4.81314e+06 1.55562e+06 2.62356e+06 3.21686e+06 3.843e+06 1.13348e+06 3.07943e+06 1.97215e+06 2.03268e+06 2.025e+06 2.42433e+06 2.27542e+06 1.05018e+06 2.36338e+06
reclaspred
 1.96979e+06 1.06274e+06 497223 230935 64509.1 978063 404030 189728 95388.8 177751 329141 501931 478583 325820 278595 1.21592e+06 928020 3.0212e+06 2.35735e+06 1.37836e+06 2.61726e+06 2.26693e+06 1.48571e+06 2.58215e+06 1.79864e+06 1.33372e+06 1.85267e+06 2.37066e+06 1.7954e+06 842972 1.20829e+06
pelacesobs
 0 0 0 0 0 0 0 0 0 0 0 0 0 0 0 552880 188675 0 991730 2.46772e+06 1.41603e+06 1.21717e+06 2.29649e+06 1.80582e+06 0 1.4828e+06 1.56532e+06 1.57751e+06 1.42118e+06 867257 1.10002e+06
pelacespred
 905971 499343 219726 69099.5 18218.6 430997 133327 88091.4 28616.5 68049.3 146167 189730 200567 136380 118239 468725 359610 1.41753e+06 1.09853e+06 606251 1.13094e+06 1.00198e+06 662245 1.30353e+06 863869 637119 1.0206e+06 1.2714e+06 801475 439483 597503
mphobs
 0 0 0 0 0 0 0 0 0 0 0 498337 0 5186 125008 0 168611 109162 213762 579715 649985 157893 87575 83554 0 0 0 0 0 0 0
mphpred
 1.9726e+06 1.01827e+06 498022 230130 67960.3 22694.7 509680 160385 69909.4 24404.9 72219.5 219309 260946 197879 104849 118771 784436 544803 1.75812e+06 1.17915e+06 949803 1.34322e+06 1.35371e+06 898011 1.44886e+06 1.07978e+06 731200 957637 1.64449e+06 963020 409890
desembarqueobs
 494567 514787 250237 358949 120608 361735 552515 73892 212993 205616 52469 317467 293654 387597 252695 516296 358380 742168 942051 627588 828172 859565 418607 520667 417249 300574 415391 372974 316634 284311 391294
desembarquepred
 494519 514958 249563 358755 120544 361574 551951 73875.8 212797 205498 52464.8 317327 293504 387199 252520 516034 358318 741846 941254 626977 827912 859107 418479 520559 417113 300471 415259 372860 316542 284203 391179
Reclutas
 52792 129344 70554.2 36691.6 15614.9 291988 26248.8 7593.29 20758.8 70188 83713 131866 98306.5 67711.7 56523.9 446405 32615.3 795085 328378 184662 429608 565318 45115.5 332857 220744 71144.8 273586 346080 42845.1 24464 205174
log_desv_Rt
 -0.631445 0.264674 -0.341424 -0.995258 -1.84958 1.07891 -1.33019 -2.57054 -1.56483 -0.346627 -0.17041 0.283985 -0.00971469 -0.382546 -0.56314 1.50342 -1.11302 2.08064 1.19636 0.62072 1.46507 1.73958 -0.788579 1.20991 0.799201 -0.333087 1.01381 1.24887 -0.840214 -1.4006 0.726054
SSB
 1.9726e+06 1.01827e+06 498022 230130 67960.3 22694.7 509680 160385 69909.4 24404.9 72219.5 219309 260946 197879 104849 118771 784436 544803 1.75812e+06 1.17915e+06 949803 1.34322e+06 1.35371e+06 898011 1.44886e+06 1.07978e+06 731200 957637 1.64449e+06 963020 409890
BT
 2.53379e+06 1.67018e+06 746610 453577 143936 1.31386e+06 792257 271209 267602 352348 380758 698839 725960 713846 526109 1.49283e+06 1.11168e+06 3.93547e+06 3.42573e+06 1.99399e+06 3.29077e+06 3.10575e+06 1.89086e+06 3.49526e+06 2.388e+06 1.7427e+06 2.78638e+06 3.30663e+06 2.11207e+06 1.31119e+06 1.76688e+06
Ftot
 0.245944 0.505037 0.513299 1.45479 1.741 0.566605 1.23553 0.40156 2.29887 1.56047 0.225591 0.769403 0.718422 1.35868 1.15674 0.625275 0.390829 0.347781 0.445194 0.49283 0.391967 0.45554 0.284087 0.262161 0.25741 0.239552 0.291854 0.208454 0.176093 0.331301 0.432868
BD_Bspro_t
 0.961686 0.73063 0.518094 0.355899 0.136529 0.0709641 0.501734 0.210118 0.138919 0.0702601 0.214696 0.514507 0.427813 0.326076 0.20257 0.230302 0.53961 0.442078 0.653065 0.52742 0.43647 0.520506 0.551629 0.491207 0.63592 0.624545 0.592624 0.676343 0.762348 0.657743 0.504594
BD_Bspro
 2.78409 1.43718 0.7029 0.324802 0.0959181 0.0320309 0.719355 0.226365 0.098669 0.0344447 0.10193 0.309529 0.368296 0.279283 0.147982 0.167632 1.10714 0.768927 2.48139 1.66423 1.34054 1.8958 1.91061 1.26744 2.0449 1.52399 1.03201 1.35159 2.321 1.35919 0.578512
BD_Bo
 1.17787 0.608028 0.297377 0.137414 0.0405802 0.0135514 0.304338 0.0957685 0.041744 0.0145725 0.0431234 0.130953 0.155815 0.118156 0.0626068 0.0709203 0.468399 0.325311 1.0498 0.704088 0.567142 0.802057 0.808322 0.536216 0.865139 0.644755 0.436611 0.57182 0.981948 0.575035 0.244752
BD_Brms
 5.55397 2.86702 1.40221 0.647946 0.191347 0.0638983 1.43504 0.451575 0.196834 0.0687135 0.203339 0.617478 0.734712 0.55714 0.295208 0.334409 2.20863 1.53393 4.9501 3.31997 2.67423 3.78192 3.81146 2.52841 4.07937 3.0402 2.05874 2.69629 4.63015 2.71145 1.15407
Sel_flota
 0.597436 0.965751 0.998137 0.999902 0.999995
 0.597436 0.965751 0.998137 0.999902 0.999995
 0.597436 0.965751 0.998137 0.999902 0.999995
 0.597436 0.965751 0.998137 0.999902 0.999995
 0.597436 0.965751 0.998137 0.999902 0.999995
 0.597436 0.965751 0.998137 0.999902 0.999995
 0.597436 0.965751 0.998137 0.999902 0.999995
 0.597436 0.965751 0.998137 0.999902 0.999995
 0.597436 0.965751 0.998137 0.999902 0.999995
 0.597436 0.965751 0.998137 0.999902 0.999995
 0.597436 0.965751 0.998137 0.999902 0.999995
 0.597436 0.965751 0.998137 0.999902 0.999995
 0.597436 0.965751 0.998137 0.999902 0.999995
 0.597436 0.965751 0.998137 0.999902 0.999995
 0.597436 0.965751 0.998137 0.999902 0.999995
 0.597436 0.965751 0.998137 0.999902 0.999995
 0.597436 0.965751 0.998137 0.999902 0.999995
 0.597436 0.965751 0.998137 0.999902 0.999995
 0.597436 0.965751 0.998137 0.999902 0.999995
 0.597436 0.965751 0.998137 0.999902 0.999995
 0.597436 0.965751 0.998137 0.999902 0.999995
 0.597436 0.965751 0.998137 0.999902 0.999995
 0.597436 0.965751 0.998137 0.999902 0.999995
 0.597436 0.965751 0.998137 0.999902 0.999995
 0.597436 0.965751 0.998137 0.999902 0.999995
 0.597436 0.965751 0.998137 0.999902 0.999995
 0.597436 0.965751 0.998137 0.999902 0.999995
 0.597436 0.965751 0.998137 0.999902 0.999995
 0.597436 0.965751 0.998137 0.999902 0.999995
 0.597436 0.965751 0.998137 0.999902 0.999995
 0.597436 0.965751 0.998137 0.999902 0.999995
Sel_reclas
 1 1 1 1 1
 1 1 1 1 1
 1 1 1 1 1
 1 1 1 1 1
 1 1 1 1 1
 1 1 1 1 1
 1 1 1 1 1
 1 1 1 1 1
 1 1 1 1 1
 1 1 1 1 1
 1 1 1 1 1
 1 1 1 1 1
 1 1 1 1 1
 1 1 1 1 1
 1 1 1 1 1
 1 1 1 1 1
 1 1 1 1 1
 1 1 1 1 1
 1 1 1 1 1
 1 1 1 1 1
 1 1 1 1 1
 1 1 1 1 1
 1 1 1 1 1
 1 1 1 1 1
 1 1 1 1 1
 1 1 1 1 1
 1 1 1 1 1
 1 1 1 1 1
 1 1 1 1 1
 1 1 1 1 1
 1 1 1 1 1
Sel_pelaces
 1 1 1 1 1
 1 1 1 1 1
 1 1 1 1 1
 1 1 1 1 1
 1 1 1 1 1
 1 1 1 1 1
 1 1 1 1 1
 1 1 1 1 1
 1 1 1 1 1
 1 1 1 1 1
 1 1 1 1 1
 1 1 1 1 1
 1 1 1 1 1
 1 1 1 1 1
 1 1 1 1 1
 1 1 1 1 1
 1 1 1 1 1
 1 1 1 1 1
 1 1 1 1 1
 1 1 1 1 1
 1 1 1 1 1
 1 1 1 1 1
 1 1 1 1 1
 1 1 1 1 1
 1 1 1 1 1
 1 1 1 1 1
 1 1 1 1 1
 1 1 1 1 1
 1 1 1 1 1
 1 1 1 1 1
 1 1 1 1 1
pf_obs 
 0.8446 0.082 0.0669 0.0065 0
 0.8095 0.147 0.0364 0.0071 0
 0.9664 0.0169 0.016 0.0007 0
 0.9276 0.0648 0.0075 0.0001 0
 0.7033 0.2144 0.0806 0.0017 0
 0.9318 0.0425 0.0243 0.0014 0
 0.5671 0.3108 0.0964 0.0239 0.0018
 0.0768 0.2599 0.5324 0.112 0.0189
 0.490249 0.384438 0.106611 0.0170017 0.00170017
 0.7925 0.1577 0.0466 0.003 0.0002
 0.840416 0.127587 0.0312969 0.00059994 9.999e-05
 0.8084 0.0986 0.0794 0.0134 0.0002
 0.7335 0.1905 0.0724 0.0035 0.0001
 0.4001 0.4547 0.1325 0.0127 0
 0.49795 0.308269 0.164784 0.0264974 0.00249975
 0.9179 0.0499 0.0305 0.0017 0
 0.2467 0.6533 0.0926 0.0074 0
 0.9418 0.0223 0.034 0.0019 0
 0.707729 0.231977 0.0356964 0.0245975 0
 0.517169 0.277429 0.184464 0.0207286 0.00020938
 0.811772 0.124168 0.05621 0.00726502 0.000585176
 0.764997 0.148141 0.077277 0.00933861 0.000247198
 0.163321 0.427699 0.378323 0.0303852 0.000271297
 0.753843 0.0900009 0.118128 0.0371064 0.000921714
 0.721811 0.176058 0.0630433 0.0369309 0.00215725
 0.143369 0.312575 0.442814 0.0836902 0.0175525
 0.692698 0.0596174 0.167031 0.0765114 0.00414204
 0.394062 0.376323 0.152708 0.0712218 0.00568511
 0.125707 0.32114 0.495352 0.0537591 0.00404204
 0.23352 0.215282 0.420074 0.123614 0.00750983
 0.796117 0.104755 0.0508955 0.0450114 0.00322123
pf_pred 
 0.2006 0.265372 0.470702 0.0633252 1.02022e-06
 0.605517 0.118064 0.0940168 0.16081 0.0215925
 0.495553 0.371354 0.0410492 0.0313531 0.060691
 0.476036 0.334889 0.140788 0.0149173 0.0333701
 0.5871 0.280245 0.0867657 0.0342014 0.0116881
 0.986873 0.0102378 0.00200597 0.000578385 0.000304709
 0.197706 0.796471 0.00458456 0.000860136 0.00037776
 0.270019 0.250321 0.476378 0.00258668 0.000696204
 0.749052 0.100022 0.0531329 0.0971255 0.000667862
 0.960686 0.0354205 0.00163618 0.000797027 0.00146008
 0.838127 0.15907 0.00254218 0.000109895 0.000151038
 0.751049 0.222995 0.0255224 0.00039343 4.03017e-05
 0.651041 0.296979 0.0467874 0.00510599 8.65484e-05
 0.621434 0.294737 0.0718342 0.0107999 0.00119557
 0.742495 0.202334 0.0435357 0.0099751 0.00166014
 0.961297 0.0332254 0.00435625 0.000885772 0.000236001
 0.156009 0.825765 0.0157438 0.0019749 0.00050733
 0.929155 0.0170568 0.0526706 0.000965596 0.000151916
 0.466219 0.511485 0.00552624 0.0164224 0.00034771
 0.444068 0.335443 0.211643 0.00219605 0.0066497
 0.765673 0.137735 0.0592366 0.0358597 0.00149531
 0.717547 0.240307 0.0251812 0.0104125 0.00655231
 0.130415 0.709859 0.13672 0.0137577 0.00924812
 0.754841 0.0493898 0.160891 0.0298634 0.00501492
 0.532476 0.392974 0.0154659 0.048575 0.0105094
 0.300355 0.458583 0.203833 0.0077353 0.0294928
 0.765187 0.0982336 0.0906373 0.0388592 0.00708292
 0.688943 0.26372 0.0202398 0.0179949 0.00910291
 0.159724 0.659737 0.153903 0.011401 0.0152346
 0.210519 0.188008 0.475771 0.107187 0.0185149
 0.853045 0.0466203 0.0246009 0.0599321 0.0158019
pobs_RECLAS
 0 0 0 0 0
 0 0 0 0 0
 0 0 0 0 0
 0 0 0 0 0
 0 0 0 0 0
 0 0 0 0 0
 0 0 0 0 0
 0 0 0 0 0
 0 0 0 0 0
 0 0 0 0 0
 0.991045 0.00858322 0.000360255 1.14367e-05 0
 0.934742 0.0480273 0.0164251 0.00080598 0
 0.827803 0.169806 0.00239088 0 0
 0.941827 0.0461693 0.0120037 0 0
 0.791401 0.0380133 0.147996 0.0225897 0
 0.846168 0.0940531 0.0597789 0 0
 0.134021 0.677848 0.182769 0.00536245 0
 0.80878 0.0450904 0.141981 0.00414843 0
 0.846168 0.0940531 0.0597789 0 0
 0.905697 0.0802665 0.012482 0.00150086 5.37128e-05
 0.989698 0.0102097 9.19794e-05 0 0
 0.975433 0.0193895 0.00387452 0.00125025 5.28907e-05
 0.303575 0.632131 0.0575291 0.00676475 0
 0.966965 0.00978017 0.0227588 0.000495775 0
 0.843318 0.132988 0.00938335 0.0141283 0.000182051
 0.564624 0.303363 0.111486 0.0197234 0.00080311
 0.826376 0.0876187 0.0782897 0.00655872 0.00115652
 0.89761 0.0855135 0.0140674 0.00269457 0.000114338
 0.34875 0.467042 0.161289 0.0227151 0.000203297
 0.318654 0.224769 0.449479 0.00709798 0
 0.937255 0.0296025 0.0250945 0.00804832 0
ppred_RECLAS
 0.295065 0.239359 0.410455 0.0551201 8.87942e-07
 0.722107 0.0852947 0.0655889 0.111976 0.0150339
 0.620886 0.281741 0.0300725 0.0229261 0.0443742
 0.619675 0.24677 0.0995056 0.0105196 0.0235295
 0.723564 0.190327 0.0563681 0.0221662 0.00757419
 0.992094 0.00621427 0.0011754 0.000338266 0.00017819
 0.299422 0.695693 0.00384813 0.000720424 0.000316365
 0.383193 0.216327 0.397744 0.00215572 0.000580155
 0.855711 0.0593213 0.0299654 0.054627 0.000375577
 0.977665 0.0202096 0.000894556 0.000434762 0.000796347
 0.894084 0.104142 0.00160918 6.94372e-05 9.54241e-05
 0.835415 0.147978 0.0163302 0.00025124 2.57335e-05
 0.758103 0.206965 0.0314488 0.00342541 5.8056e-05
 0.743693 0.201349 0.0471089 0.00706704 0.000782243
 0.833605 0.131842 0.0272777 0.00623684 0.00103787
 0.976459 0.0203106 0.00256984 0.000521538 0.000138942
 0.232901 0.751086 0.0138357 0.00173236 0.00044498
 0.95661 0.0107208 0.0319921 0.000585428 9.20956e-05
 0.590079 0.393381 0.00410544 0.0121775 0.000257808
 0.571904 0.261878 0.159562 0.00165256 0.0050035
 0.844738 0.0925788 0.0384693 0.023245 0.000969199
 0.807865 0.16432 0.0166313 0.00686435 0.00431912
 0.197746 0.658966 0.122683 0.0123227 0.00828272
 0.837742 0.0335898 0.105779 0.0195984 0.00329081
 0.651391 0.29465 0.0112105 0.0351459 0.00760325
 0.414543 0.388217 0.166827 0.00631952 0.0240925
 0.844526 0.0663545 0.0591785 0.0253256 0.00461569
 0.783795 0.184259 0.0136734 0.012135 0.00613802
 0.237428 0.603035 0.136037 0.0100595 0.0134407
 0.309411 0.168822 0.412882 0.0928488 0.0160366
 0.907262 0.0301483 0.0153679 0.0373694 0.00985197
pobs_PELACES
 0 0 0 0 0
 0 0 0 0 0
 0 0 0 0 0
 0 0 0 0 0
 0 0 0 0 0
 0 0 0 0 0
 0 0 0 0 0
 0 0 0 0 0
 0 0 0 0 0
 0 0 0 0 0
 0 0 0 0 0
 0 0 0 0 0
 0 0 0 0 0
 0 0 0 0 0
 0 0 0 0 0
 0 0 0 0 0
 0.505614 0.472636 0.0217494 0 0
 0 0 0 0 0
 0.443492 0.261883 0.143347 0.151278 0
 0.227955 0.32914 0.350689 0.0885471 0.00366901
 0.970185 0.0296113 0.000203453 0 0
 0.997202 0.00247181 0.000326279 0 0
 0.445219 0.490057 0.0546422 0.010081 0
 0.90214 0.0892962 0.00764917 0.000914606 0
 0 0 0 0 0
 0.581667 0.319106 0.0959925 0.00289975 0.000334073
 0.762889 0.0836404 0.116647 0.0363945 0.000428098
 0.88444 0.0763242 0.0277011 0.0115352 0
 0.521256 0.241999 0.230069 0.00667565 0
 0.616807 0.101726 0.260614 0.0208532 0
 0.833518 0.0704572 0.0857862 0.0102388 0
ppred_PELACES
 0.301689 0.237524 0.40624 0.0545462 8.78691e-07
 0.73501 0.0816498 0.0624482 0.106582 0.0143095
 0.635795 0.271057 0.0287738 0.0219294 0.0424446
 0.661615 0.220771 0.0876484 0.00925822 0.0207073
 0.764891 0.162826 0.0473342 0.0185948 0.00635352
 0.992626 0.00580383 0.00109114 0.000313913 0.000165359
 0.33186 0.663543 0.00362215 0.00067763 0.000297561
 0.395459 0.212617 0.389248 0.00210918 0.000567623
 0.888393 0.0465737 0.0229551 0.0417913 0.000287307
 0.981481 0.0167834 0.00073061 0.00035476 0.000649778
 0.896656 0.101617 0.00156638 6.75815e-05 9.28733e-05
 0.84798 0.136794 0.0149724 0.000230246 2.35827e-05
 0.773948 0.193623 0.0291965 0.00317875 5.38743e-05
 0.774433 0.177754 0.040989 0.0061441 0.000680055
 0.852529 0.11715 0.0239403 0.00547006 0.000910243
 0.978164 0.0188571 0.00237004 0.000480814 0.00012809
 0.241511 0.742721 0.0136246 0.00170553 0.000438085
 0.958442 0.0102968 0.0306127 0.000560073 8.81059e-05
 0.603148 0.380914 0.00395647 0.0117326 0.000248386
 0.586998 0.253162 0.153441 0.00158871 0.0048101
 0.851103 0.0889367 0.0368015 0.0222321 0.000926956
 0.816421 0.157116 0.0158249 0.00652978 0.00410855
 0.203369 0.654704 0.12152 0.0122039 0.00820278
 0.842325 0.0327143 0.102734 0.0190313 0.00319556
 0.658561 0.288717 0.0109546 0.0343385 0.00742853
 0.421839 0.383713 0.16447 0.00622936 0.0237486
 0.84936 0.0644086 0.0572641 0.0245022 0.00446557
 0.788114 0.180639 0.013375 0.0118687 0.00600328
 0.241397 0.600134 0.135128 0.00999121 0.0133494
 0.318667 0.16701 0.407007 0.09151 0.0158052
 0.911857 0.028748 0.0145865 0.0354603 0.00934853
pobs_pel_tallas
 0 0 0 0 0 0 0 0 0 0 0 0 0 0 0 0 0 0 0 0 0 0 0 0 0 0
 0 0 0 0 0 0 0 0 0 0 0 0 0 0 0 0 0 0 0 0 0 0 0 0 0 0
 0 0 0 0 0 0 0 0 0 0 0 0 0 0 0 0 0 0 0 0 0 0 0 0 0 0
 0 0 0 0 0 0 0 0 0 0 0 0 0 0 0 0 0 0 0 0 0 0 0 0 0 0
 0 0 0 0 0 0 0 0 0 0 0 0 0 0 0 0 0 0 0 0 0 0 0 0 0 0
 0 0 0 0 0 0 0 0 0 0 0 0 0 0 0 0 0 0 0 0 0 0 0 0 0 0
 0 0 0 0 0 0 0 0 0 0 0 0 0 0 0 0 0 0 0 0 0 0 0 0 0 0
 0 0 0 0 0 0 0 0 0 0 0 0 0 0 0 0 0 0 0 0 0 0 0 0 0 0
 0 0 0 0 0 0 0 0 0 0 0 0 0 0 0 0 0 0 0 0 0 0 0 0 0 0
 0 0 0 0 0 0 0 0 0 0 0 0 0 0 0 0 0 0 0 0 0 0 0 0 0 0
 0 0 0 0 0 0 0 0 0 0 0 0 0 0 0 0 0 0 0 0 0 0 0 0 0 0
 0 0 0 0 0 0 0 0 0 0 0 0 0 0 0 0 0 0 0 0 0 0 0 0 0 0
 0.00862536 0 0 0.000197151 0.00414017 0.0128641 0.00837892 0.0270097 0.101434 0.158115 0.152841 0.127902 0.109271 0.109419 0.0830992 0.0579132 0.0238553 0.00714673 0.00463305 0.00128148 0.00103504 0.000492878 0.000147863 0.000147863 4.92878e-05 0
 0 0 0 0 0 0 0 0 0 0 0 0 0 0 0 0 0 0 0 0 0 0 0 0 0 0
 0 0 0 0 0 0 0 0.0054083 0.00873648 0.0413646 0.0450493 0.0745869 0.0622846 0.0627006 0.0613931 0.0827291 0.12552 0.122667 0.0946155 0.0697135 0.0546179 0.0294188 0.0215738 0.0213955 0.0102223 0.00600262
 0 0 0 0 0.00359764 0.0251062 0.0480494 0.140153 0.205849 0.193036 0.1447 0.116669 0.0760912 0.0342217 0.00950174 0.001854 0.000860785 0 0 0 0.000165536 0 0.000143464 0 0 0
 0 0 0 0 0 0 0 0.000145254 0.000435761 0.0275982 0.070085 0.0708112 0.156366 0.174668 0.174014 0.160142 0.0824315 0.0480064 0.0283245 0.00493863 0.00203355 0 0 0 0 0
 0 0 0 0 0 0 0 0 0 0 0 0 0 0 0 0 0 0 0 0 0 0 0 0 0 0
 0 0 1.00437e-05 0.000401748 0.00122533 0.00171747 0.00176769 0.0269171 0.070346 0.194647 0.189555 0.159765 0.064822 0.0314167 0.0384472 0.0292271 0.0345202 0.0313363 0.0194345 0.0106764 0.0143323 0.0359363 0.0279516 0.0138201 0.00172751 0
 0 0.0021121 0.0136068 0.0755702 0.200478 0.177729 0.0527432 0.0373336 0.0318909 0.0142505 0.0149659 0.0166563 0.0217959 0.0798694 0.0677717 0.0528807 0.04013 0.0224614 0.0357745 0.0225083 0.00881397 0.00855152 0.00135912 0.000746735 0 0
 0 0 0 0 5.4009e-05 0.00500934 0.000945158 0.0243581 0.138947 0.33067 0.221406 0.137944 0.0707744 0.0437923 0.0131692 0.00525238 0.0047753 0.00276346 9.45158e-05 9.00151e-06 2.25038e-05 9.00151e-06 4.50075e-06 0 0 0
 0.000866109 0.00284123 0.00948549 0.0512746 0.133035 0.25785 0.225252 0.132002 0.0553304 0.0519788 0.0540692 0.017754 0.00435017 0.00159236 0.00146478 0.000404838 0.000125132 0.000115318 0.000107957 0.000100596 0 0 0 0 0 0
 0 0 0 0 0.00144013 0.00171154 0.00461396 0.0210425 0.0478622 0.0707936 0.0888783 0.103762 0.0637923 0.0337046 0.0602308 0.124433 0.169614 0.0934646 0.0462172 0.0250306 0.0313229 0.00938855 0.002487 0.000210481 0 0
 0 0.00764035 0.051015 0.0998891 0.058973 0.0496711 0.0374665 0.0718981 0.12319 0.153886 0.159021 0.0857701 0.0377988 0.023471 0.0147837 0.00900784 0.00315554 0.000888139 0.00291439 0.00214683 0.00393193 0.00274676 0.000635225 9.99891e-05 0 0
 0 0 0 0 0 0 0 0 0 0 0 0 0 0 0 0 0 0 0 0 0 0 0 0 0 0
 0 0 0 0 0 0 0 0 0 0 0 0 0 0 0 0 0 0 0 0 0 0 0 0 0 0
 0 0 0 0 0 0 0 0 0 0 0 0 0 0 0 0 0 0 0 0 0 0 0 0 0 0
 0 0 0 0 0 0 0 0 0 0 0 0 0 0 0 0 0 0 0 0 0 0 0 0 0 0
 0 0 0 0 0 0 0 0 0 0 0 0 0 0 0 0 0 0 0 0 0 0 0 0 0 0
 0 0 0 0 0 0 0 0 0 0 0 0 0 0 0 0 0 0 0 0 0 0 0 0 0 0
 0 0 0 0 0 0 0 0 0 0 0 0 0 0 0 0 0 0 0 0 0 0 0 0 0 0
ppred_pel_tallas
 1.17255e-16 2.48498e-05 0.000241548 0.00160518 0.00729691 0.0227035 0.0483731 0.0706069 0.0706304 0.0484881 0.0230915 0.00842499 0.00446532 0.00657956 0.0123382 0.0210785 0.0320399 0.0437877 0.0547566 0.0640505 0.071626 0.0776181 0.0814976 0.0819745 0.07782 0.0688805
 1.14934e-16 6.05418e-05 0.000588488 0.00391071 0.0177775 0.0553125 0.117849 0.172006 0.172014 0.117889 0.0554441 0.0181593 0.00487534 0.00271578 0.00416573 0.00696754 0.0104622 0.0141068 0.0174342 0.0203489 0.0231971 0.0264458 0.0301976 0.0339321 0.0366754 0.0374634
 1.10282e-16 5.23696e-05 0.000509052 0.00338283 0.0153779 0.0478464 0.101943 0.148794 0.14882 0.10207 0.048275 0.0166158 0.00649042 0.0072937 0.0129408 0.0213221 0.0307454 0.038761 0.0429387 0.0422354 0.0376631 0.0316386 0.026529 0.0234956 0.0223104 0.0219497
 1.07019e-16 5.44964e-05 0.000529725 0.00352021 0.0160024 0.0497894 0.106082 0.154835 0.154856 0.106187 0.0501404 0.0170174 0.0060726 0.00611644 0.0107083 0.0177313 0.0258061 0.0330181 0.037442 0.0381834 0.0358668 0.0321117 0.0284446 0.0255264 0.0231566 0.0208013
 1.04348e-16 6.30031e-05 0.000612413 0.0040697 0.0185003 0.0575613 0.122641 0.179001 0.179017 0.122718 0.0578197 0.0192471 0.00594662 0.00471697 0.00787973 0.0129838 0.0188323 0.0239696 0.026956 0.027135 0.0250051 0.0218321 0.0188265 0.0165394 0.0148374 0.0132883
 1.00093e-16 8.17613e-05 0.000794749 0.00528138 0.0240084 0.0746991 0.159154 0.23229 0.232291 0.159157 0.0747083 0.024035 0.00534804 0.000940335 0.000358497 0.000463885 0.000661759 0.000835088 0.000926119 0.000910289 0.000806032 0.000661332 0.000524163 0.000419764 0.000347977 0.000295452
 1.00393e-16 2.7335e-05 0.000265706 0.00176571 0.00802671 0.0249744 0.053213 0.0776793 0.0777431 0.0535247 0.0260206 0.0110465 0.00933867 0.0167735 0.031308 0.0515299 0.0737929 0.0918806 0.0994793 0.0936836 0.0767824 0.0548348 0.0342155 0.0187695 0.0091835 0.00414066
 1.11595e-16 3.25735e-05 0.000316626 0.00210409 0.0095649 0.0297601 0.0634077 0.0925499 0.0925709 0.0635108 0.0301078 0.0105763 0.00466912 0.00600298 0.0110856 0.0189333 0.028795 0.0393635 0.0491885 0.0573723 0.0637404 0.0682831 0.0704766 0.0692727 0.0638523 0.0544629
 1.04915e-16 7.31757e-05 0.000711294 0.0047268 0.0214873 0.0668551 0.142442 0.207899 0.207904 0.142464 0.0669296 0.021703 0.00527033 0.00190505 0.00236227 0.00384905 0.00568315 0.00746766 0.00886663 0.00976646 0.0103436 0.0109123 0.0116638 0.012504 0.0131051 0.0131046
 1.00172e-16 8.08433e-05 0.000785826 0.00522209 0.0237389 0.0738604 0.157367 0.229683 0.229684 0.157375 0.0738869 0.0238153 0.00541393 0.00120423 0.000874321 0.00131451 0.0018789 0.00234846 0.0025613 0.00244591 0.00206083 0.0015573 0.00109144 0.000752957 0.000550823 0.000444697
 1.00094e-16 7.38564e-05 0.000717911 0.00477077 0.0216872 0.0674771 0.143767 0.209835 0.209845 0.143815 0.0676373 0.0221498 0.00593087 0.003247 0.00486695 0.00790262 0.0113145 0.0140966 0.0152795 0.014418 0.0118604 0.00852961 0.00539519 0.00304017 0.001567 0.000775676
 1.00495e-16 6.9847e-05 0.000678938 0.00451178 0.0205099 0.063814 0.135963 0.198445 0.198458 0.136027 0.0640301 0.0211341 0.00607807 0.00409669 0.00655634 0.0107165 0.0154019 0.0193054 0.0211426 0.0203154 0.0172624 0.0131609 0.00923118 0.00618224 0.0041178 0.00279126
 1.01221e-16 6.37491e-05 0.000619664 0.00411789 0.0187193 0.0582429 0.124093 0.181122 0.18114 0.124184 0.0585491 0.0196038 0.00633799 0.00546625 0.00926842 0.0152217 0.02192 0.0275597 0.0303418 0.0294266 0.0254208 0.0199508 0.0146836 0.0105602 0.00768482 0.00570125
 1.0196e-16 6.37891e-05 0.000620052 0.00412047 0.0187311 0.0582793 0.124171 0.181235 0.181252 0.124255 0.0585609 0.0195447 0.006164 0.00508492 0.00855452 0.0140702 0.020329 0.0257012 0.0285629 0.0281525 0.0250005 0.0205301 0.0161697 0.0126806 0.0100926 0.00807453
 1.01424e-16 7.02217e-05 0.00068258 0.00453599 0.0206199 0.0641563 0.136692 0.199509 0.19952 0.136748 0.0643418 0.0211559 0.00588186 0.00362254 0.00565933 0.00925946 0.0133657 0.0168784 0.0187244 0.0184056 0.0162823 0.0133088 0.0104431 0.00819587 0.006581 0.00536026
 1.00144e-16 8.05701e-05 0.00078317 0.00520444 0.0236586 0.0736108 0.156836 0.228907 0.228908 0.156844 0.0736406 0.0237447 0.00542051 0.00125477 0.000975964 0.00148524 0.00213002 0.00267468 0.00293937 0.00284269 0.00244541 0.00190856 0.00139716 0.00100431 0.000739309 0.000564287
 1.00829e-16 1.98931e-05 0.000193368 0.001285 0.00584147 0.0181754 0.0387272 0.0565385 0.0566099 0.0390762 0.0193467 0.00922275 0.00976511 0.0186811 0.0350594 0.0577397 0.08273 0.103099 0.111797 0.105574 0.0869719 0.0627246 0.0399022 0.0227468 0.011994 0.00617906
 1.00958e-16 7.89456e-05 0.00076738 0.00509951 0.0231816 0.0721266 0.153673 0.224291 0.224292 0.153679 0.0721439 0.0232319 0.00522796 0.00105491 0.000645782 0.000996582 0.00155293 0.0022116 0.00291589 0.00362407 0.00430093 0.00488697 0.00527802 0.00535186 0.00503401 0.00435339
 1.01431e-16 4.96806e-05 0.000482913 0.00320913 0.0145883 0.0453897 0.0967089 0.141157 0.141194 0.0968879 0.0459904 0.0163224 0.0075582 0.00996457 0.0180208 0.0296187 0.0424418 0.0529125 0.0574284 0.0543458 0.0449932 0.0328401 0.0215048 0.0131208 0.00799122 0.00527917
 1.05467e-16 4.83503e-05 0.000469982 0.0031232 0.0141976 0.0441742 0.0941187 0.137374 0.137399 0.0942389 0.0445783 0.015367 0.00606706 0.00692463 0.0123891 0.0206182 0.0301893 0.0389817 0.0448178 0.0466136 0.0448989 0.0412291 0.0370293 0.0328557 0.0285296 0.0237667
 1.03472e-16 7.01042e-05 0.000681438 0.0045284 0.0205854 0.064049 0.136463 0.199174 0.199183 0.136506 0.0641905 0.0209949 0.00555847 0.00293755 0.00437703 0.00718395 0.0104818 0.0134799 0.0154242 0.0159764 0.0153965 0.0143171 0.0132964 0.0125125 0.0117893 0.0108434
 1.01848e-16 6.72476e-05 0.00065367 0.00434387 0.0197466 0.0614391 0.130903 0.19106 0.191075 0.130977 0.0616874 0.0204636 0.00614316 0.00458022 0.00752068 0.0123171 0.017715 0.0222334 0.0244143 0.0235934 0.020298 0.0158952 0.0117793 0.00872566 0.00678339 0.00558448
 1.06287e-16 1.67514e-05 0.00016283 0.00108206 0.00491894 0.015305 0.0326112 0.0476102 0.0476734 0.0329198 0.0163411 0.00791227 0.00859767 0.0165758 0.0312063 0.0516108 0.0744528 0.0938431 0.103761 0.10139 0.0887516 0.0712446 0.0543511 0.0410874 0.0316825 0.0248911
 1.05423e-16 6.93812e-05 0.00067441 0.00448169 0.0203731 0.0633884 0.135056 0.197119 0.197122 0.135072 0.0634434 0.0205341 0.00489353 0.00159892 0.00189997 0.00322674 0.00509848 0.00736799 0.00991113 0.0126394 0.0154636 0.0181737 0.0203585 0.0214935 0.0211788 0.019363
 1.05091e-16 5.42449e-05 0.000527279 0.00350396 0.0159285 0.0495596 0.105593 0.154122 0.15415 0.105729 0.0500154 0.0172446 0.00680597 0.00773057 0.0137205 0.022562 0.0324207 0.0406273 0.0445216 0.0429284 0.0368958 0.0290285 0.0219514 0.0170722 0.0143613 0.0129467
 1.09489e-16 3.47464e-05 0.000337747 0.00224445 0.010203 0.0317454 0.0676384 0.098728 0.0987651 0.06782 0.0323558 0.0119681 0.0066834 0.0100553 0.0185701 0.0308532 0.0449264 0.0575054 0.0652267 0.0664882 0.0622999 0.0553927 0.0483653 0.0423872 0.0372318 0.0321736
 1.04882e-16 6.99606e-05 0.000680042 0.00451912 0.0205433 0.0639178 0.136184 0.198766 0.198772 0.136215 0.0640214 0.0208436 0.005277 0.00234822 0.00327871 0.0054167 0.00804912 0.0106585 0.0127644 0.0141505 0.0149563 0.0154936 0.0159427 0.016196 0.0159573 0.0149801
 1.02639e-16 6.4916e-05 0.000631006 0.00419326 0.019062 0.0593089 0.126365 0.184436 0.184454 0.12645 0.0595942 0.0198859 0.0062607 0.00514197 0.00862561 0.014141 0.0203286 0.0254942 0.0279654 0.0269902 0.0231964 0.018183 0.0135734 0.0102594 0.00826892 0.00712681
 1.07315e-16 1.98837e-05 0.000193277 0.00128439 0.0058387 0.0181667 0.0387082 0.0565078 0.0565658 0.0389912 0.0191173 0.00858526 0.00818222 0.0152631 0.0286745 0.0474622 0.0685742 0.0866561 0.0962311 0.0947305 0.0839626 0.0687687 0.0540198 0.0423307 0.0338201 0.0273457
 1.2364e-16 2.62483e-05 0.000255142 0.00169551 0.00770756 0.0239812 0.051095 0.0745782 0.0745949 0.051177 0.0242583 0.00851615 0.0037556 0.00485327 0.00905567 0.0157064 0.0244428 0.0345553 0.0452462 0.0560429 0.0667559 0.0769024 0.0851726 0.0896086 0.0885238 0.0814932
 1.05567e-16 7.51084e-05 0.000730081 0.00485164 0.0220549 0.0686209 0.146204 0.21339 0.213393 0.146218 0.068667 0.0221885 0.00518869 0.00147167 0.00150135 0.00241227 0.00358954 0.00478744 0.00583077 0.00669068 0.00751374 0.00850944 0.00976782 0.011147 0.0123114 0.0128855
pSPR Fmed_Fpbrs
0.465942   0.262077 0.262077
Fs Fmed_Fpbrs
0.507741   1.005 1.005
SSBpbr Bo_Bmed_Bpbrs
1.67472e+06  696586  355169 355169
Ro
99266.2
SPR SPRFo_SPRFmed_SPRFpbrs
708524 330131 185688
Fref
1.005
Nvult_r0
 146895 5595.44 2885.08 7019.88 1850.76
CTP_r0
 30182.9 1649.55 870.445 2120.55 559.111
YTP_r0
391179
Np
 169148 34136 8122.75 241.256 138.319
Nvult_p0
 135012 29378.3 7026.89 208.765 119.692
CTP_p0
 50652 24703.9 774.698 392.593 1182.07
 50652 14469.8 3518.93 104.638 59.9953
YTP_p0
 835932 692621
CBA_c0
792939
log_Ro
11.3256
likeval ReclasPelacesDesembMPH_pf_preclas_ppelaces_ptallas_desvR_qrecl_qpela
 20.8254 34.838 0.0791496 0.00208611 258.385 118.925 104.51 0 57.1042 0 0 0.147012 0 0 0
q_reclas_q_pelaces
1 1
M
1
N
 52792 44809.4 77146.4 10362.3 0.16693
 129344 16767.2 12999.3 22202.8 2981.02
 70554.2 35189.6 3787.42 2888.68 5591.28
 36691.6 19100.6 7885.56 834.721 1867.18
 15614.9 5659.88 1724.18 679.06 232.054
 291988 2030.11 387.526 111.581 58.7795
 26248.8 76569.9 432.095 80.9825 35.5645
 7593.29 4615.71 8541.92 46.3126 12.464
 20758.8 2197.58 1152.18 2104.7 14.472
 70188 1933.91 87.7927 42.7268 78.2678
 83713 10164.4 157.633 6.80334 9.34959
 131866 26913.2 3007.26 46.298 4.74229
 98306.5 30634.3 4709.43 513.277 8.69964
 67711.7 23544.2 5631.1 845.763 93.6224
 56523.9 11062.2 2332.01 533.739 88.8244
 446405 10418.5 1331.64 270.399 72.0388
 32615.3 113031 2095.36 262.449 67.4149
 795085 9499.95 28509 521.851 82.0954
 328378 237620 2497.82 7411.91 156.92
 184662 92590.8 56867.6 589.225 1784.05
 429608 50607 21162.7 12791.9 533.368
 565318 125048 12750.2 5264.59 3312.61
 45115.5 158417 29629.2 2976.82 2000.9
 332857 14006.2 44295.1 8208.76 1378.37
 220744 104699 4000.1 12543.5 2713.62
 71144.8 69631.7 30038.9 1138.13 4339.06
 273586 22682.7 20325.4 8700.57 1585.73
 346080 84542.3 6294.92 5587.67 2826.34
 42845.1 112408 25430.2 1880.76 2512.95
 24464 14187.9 34885.5 7847.33 1355.39
 205174 7383.67 3790.25 9220.11 2430.81
pred_Ctot
 4615.21 6105.4 10829.4 1456.92 0.0234721
 21824.1 4255.28 3388.57 5795.94 778.24
 12075.7 9049.25 1000.3 764.019 1478.93
 14429.6 10151.2 4267.56 452.175 1011.52
 6926.06 3306.07 1023.58 403.477 137.886
 54479.5 565.171 110.738 31.9292 16.8212
 9187.05 37010.5 213.036 39.9689 17.5538
 1044 967.844 1841.87 10.0012 2.69181
 10893.4 1454.6 772.706 1412.48 9.71263
 28960 1067.76 49.3228 24.0265 44.0143
 6746.05 1280.35 20.4619 0.884544 1.2157
 31879.4 9465.34 1083.34 16.6997 1.71066
 22452.1 10241.7 1613.53 176.088 2.98475
 25381.3 12038 2933.93 441.103 48.8309
 18841.5 5134.42 1104.76 253.127 42.1277
 90666.2 3133.71 410.866 83.5429 22.2588
 4375.63 23160.5 441.571 55.3907 14.2293
 95902.1 1760.5 5436.37 99.6634 15.6799
 49537.6 54347.3 587.186 1744.94 36.9456
 30492.3 23033.5 14532.6 150.794 456.607
 57787.9 10395.3 4470.78 2706.45 112.856
 87049.5 29152.9 3054.86 1263.2 794.896
 4513.88 24569.4 4732.11 476.178 320.093
 30896 2021.55 6585.32 1222.32 205.263
 20141.5 14864.7 585.017 1837.41 397.532
 6067.4 9263.72 4117.58 156.259 595.777
 28068.4 3603.38 3324.74 1425.42 259.814
 25878.2 9905.92 760.251 675.928 341.926
 2727.88 11267.4 2628.46 194.715 260.188
 2822.14 2520.36 6378.01 1436.91 248.203
 30182.9 1649.55 870.445 2120.55 559.111
F
 0.146936 0.237521 0.245486 0.24592 0.245943
 0.301727 0.48774 0.504096 0.504987 0.505034
 0.306663 0.495718 0.512342 0.513248 0.513296
 0.869144 1.40496 1.45208 1.45465 1.45478
 1.04014 1.68138 1.73776 1.74083 1.741
 0.33851 0.547199 0.565549 0.566549 0.566602
 0.738153 1.19322 1.23323 1.23541 1.23553
 0.239907 0.387807 0.400812 0.401521 0.401558
 1.37343 2.22014 2.29459 2.29864 2.29886
 0.932283 1.50703 1.55757 1.56032 1.56046
 0.134776 0.217865 0.225171 0.225569 0.22559
 0.459669 0.743051 0.76797 0.769327 0.769399
 0.429211 0.693817 0.717084 0.718352 0.718418
 0.811727 1.31215 1.35615 1.35855 1.35868
 0.691078 1.11712 1.15458 1.15663 1.15673
 0.373562 0.603859 0.62411 0.625213 0.625272
 0.233495 0.377443 0.3901 0.39079 0.390827
 0.207777 0.33587 0.347133 0.347747 0.347779
 0.265975 0.429946 0.444364 0.44515 0.445191
 0.294434 0.47595 0.491911 0.492781 0.492827
 0.234175 0.378542 0.391236 0.391928 0.391965
 0.272156 0.439938 0.454691 0.455495 0.455538
 0.169724 0.274358 0.283558 0.284059 0.284086
 0.156624 0.253182 0.261672 0.262135 0.262159
 0.153786 0.248594 0.25693 0.257384 0.257408
 0.143117 0.231347 0.239105 0.239528 0.23955
 0.174364 0.281859 0.291311 0.291826 0.291853
 0.124538 0.201314 0.208065 0.208433 0.208453
 0.105204 0.170062 0.175765 0.176076 0.176092
 0.197931 0.319954 0.330684 0.331268 0.331299
 0.258611 0.418042 0.432061 0.432825 0.432865
YTP_r0W_actual
 250518 23258.6 24024.3 72522.9 20854.8
YTP_p0W_proyectada
 379383 387110 17918.8 11530.5 39989.5
 379383 226742 81392.9 3073.21 2029.64
CTP_r0_actual
 30182.9 1649.55 870.445 2120.55 559.111
CTP_p0_proyectada
 50652 24703.9 774.698 392.593 1182.07
 50652 14469.8 3518.93 104.638 59.9953
Wmedp
 7.49 15.67 23.13 29.37 33.83
Frms_r0
 0.258611 0.418042 0.432061 0.432825 0.432865
Zrms_r0
 1.25861 1.41804 1.43206 1.43283 1.43287
nmprior
 8.19 8.8 8.5 0
nm_flota  nm_reclas  nm_pelaces    nm_pelaL
inf 12.8269 7.97421 14.866
cv_recla  cv_pelaces  cv_mph
0.412782 0.669266 1.40953
 ------------------------------------------------
Talla a la edad & desviaci?n 
 8 13.2811 15.8009 17.003 17.5766
 0.8 1.32811 1.58009 1.7003 1.75766
