years
 1991 1992 1993 1994 1995 1996 1997 1998 1999 2000 2001 2002 2003 2004 2005 2006 2007 2008 2009 2010 2011 2012 2013 2014 2015 2016 2017 2018 2019 2020 2021
reclasobs
 0 0 0 0 0 0 0 0 0 252601 567819 844713 477998 351125 339783 2.1784e+06 2.13404e+06 4.81314e+06 1.55562e+06 2.62356e+06 3.21686e+06 3.843e+06 1.13348e+06 3.07943e+06 1.97215e+06 2.03268e+06 2.025e+06 2.42433e+06 2.27542e+06 1.05018e+06 2.36338e+06
reclaspred
 3.22821e+06 1.70788e+06 861235 817706 787608 1.87692e+06 935694 737463 501659 295425 495971 737015 727292 512860 465221 1.4876e+06 1.09844e+06 3.57976e+06 2.63642e+06 1.88484e+06 3.16109e+06 2.67209e+06 1.85334e+06 3.07114e+06 2.23982e+06 1.90795e+06 2.40153e+06 2.80118e+06 2.10133e+06 1.1205e+06 1.707e+06
pelacesobs
 0 0 0 0 0 0 0 0 0 0 0 0 0 0 0 552880 188675 0 991730 2.46772e+06 1.41603e+06 1.21717e+06 2.29649e+06 1.80582e+06 0 1.4828e+06 1.56532e+06 1.57751e+06 1.42118e+06 867257 1.10002e+06
pelacespred
 1.76103e+06 988492 469013 361249 402806 1.01867e+06 418099 471369 270318 137163 275147 334884 371008 254246 237500 667931 509725 1.99186e+06 1.45162e+06 920665 1.62849e+06 1.37568e+06 1.01741e+06 1.88433e+06 1.29599e+06 1.12474e+06 1.61093e+06 1.84989e+06 1.18179e+06 683013 999497
mphobs
 0 0 0 0 0 0 0 0 0 0 0 498337 0 5186 125008 0 168611 109162 213762 579715 649985 157893 87575 83554 0 0 0 0 0 0 0
mphpred
 510827 334804 152857 85182.7 80633.5 100160 187949 84528.6 71975.2 38385.5 20481.1 60882.1 67541.3 53341.8 28720.7 35000.1 161682 115723 363471 222776 233902 282054 281363 203507 313770 256725 198995 226437 357501 212640 105694
desembarqueobs
 494567 514787 250237 358949 120608 361735 552515 73892 212993 205616 52469 317467 293654 387597 252695 516296 358380 742168 942051 627588 828172 859565 418607 520667 417249 300574 415391 372974 316634 284311 391294
desembarquepred
 494550 514298 250320 358958 120608 361691 552372 73894.9 213021 205636 52469.8 317461 293611 387402 252607 516117 358365 741886 941462 627152 828165 859313 418542 520639 417166 300531 415326 372881 316556 284257 391261
Reclutas
 145834 88345.5 86655.3 102727 81175.6 211893 67193 24744.7 28283.2 38700.5 67689.3 114868 95097 67849.4 54860.2 307539 46803.4 526477 262012 231237 287758 430665 69305.8 220494 192153 76620.4 185575 220677 57611.4 38467.8 154317
log_desv_Rt
 0.284575 -0.216639 -0.235956 -0.0658178 -0.30128 0.658188 -0.490325 -1.48928 -1.35563 -1.04204 -0.482966 0.0458882 -0.142997 -0.480604 -0.693107 1.03071 -0.851938 1.56831 0.870494 0.74555 0.964225 1.36744 -0.459367 0.697975 0.560397 -0.359031 0.525566 0.698804 -0.644174 -1.04807 0.341113
SSB
 1.33474e+06 874805 399398 222573 210687 261706 491089 220864 188063 100297 53515 159078 176478 139376 75043.9 91451.5 422456 302371 949710 582089 611159 736976 735171 531741 819845 670794 519952 591655 934112 555604 276167
BT
 1.9956e+06 1.38269e+06 652674 621613 463800 1.26314e+06 860287 498359 458156 321540 302486 573384 609411 637939 475212 1.0461e+06 740986 2.54465e+06 2.224e+06 1.3915e+06 2.19787e+06 2.04639e+06 1.2805e+06 2.25341e+06 1.56301e+06 1.28918e+06 1.93166e+06 2.09881e+06 1.32112e+06 894549 1.31106e+06
Ftot
 0.31045 0.58593 0.58232 0.943255 0.341414 0.47224 1.10935 0.21708 0.901436 1.43041 0.275459 0.972112 0.90178 1.60752 1.28193 0.897563 0.655712 0.533723 0.75867 0.73682 0.597674 0.72972 0.458476 0.409518 0.404065 0.332205 0.411515 0.324937 0.29636 0.501322 0.562153
BD_Bspro_t
 0.95183 0.693074 0.446111 0.34186 0.30877 0.409183 0.483002 0.265036 0.299581 0.220346 0.169667 0.458375 0.349459 0.259768 0.154106 0.184797 0.389194 0.306299 0.504279 0.359791 0.327868 0.367951 0.392158 0.351875 0.488471 0.498357 0.493229 0.556086 0.642482 0.5241 0.396058
BD_Bspro
 1.70195 1.11548 0.509279 0.283807 0.26865 0.333706 0.626196 0.281627 0.239803 0.12789 0.0682379 0.202843 0.22503 0.177721 0.0956898 0.116611 0.538681 0.385559 1.21099 0.742232 0.7793 0.93973 0.937429 0.678032 1.0454 0.855341 0.662999 0.754429 1.1911 0.70846 0.352145
BD_Bo
 1.04748 0.686531 0.31344 0.174671 0.165343 0.205382 0.385398 0.17333 0.147589 0.0787113 0.0419976 0.124842 0.138497 0.10938 0.0588931 0.0717695 0.331536 0.237295 0.745316 0.456813 0.479627 0.578365 0.576949 0.4173 0.6434 0.526427 0.408049 0.46432 0.733074 0.436028 0.216731
BD_Brms
 5.28623 3.46467 1.58182 0.881502 0.834425 1.03649 1.94496 0.874732 0.744826 0.397227 0.211946 0.63003 0.698942 0.552001 0.297212 0.362194 1.67314 1.19754 3.76133 2.30537 2.4205 2.9188 2.91165 2.10596 3.247 2.65668 2.05927 2.34325 3.69955 2.20047 1.09376
Sel_flota
 0.649998 0.972441 0.998511 0.999922 0.999996
 0.649998 0.972441 0.998511 0.999922 0.999996
 0.649998 0.972441 0.998511 0.999922 0.999996
 0.649998 0.972441 0.998511 0.999922 0.999996
 0.649998 0.972441 0.998511 0.999922 0.999996
 0.649998 0.972441 0.998511 0.999922 0.999996
 0.649998 0.972441 0.998511 0.999922 0.999996
 0.649998 0.972441 0.998511 0.999922 0.999996
 0.649998 0.972441 0.998511 0.999922 0.999996
 0.649998 0.972441 0.998511 0.999922 0.999996
 0.649998 0.972441 0.998511 0.999922 0.999996
 0.649998 0.972441 0.998511 0.999922 0.999996
 0.649998 0.972441 0.998511 0.999922 0.999996
 0.649998 0.972441 0.998511 0.999922 0.999996
 0.649998 0.972441 0.998511 0.999922 0.999996
 0.649998 0.972441 0.998511 0.999922 0.999996
 0.649998 0.972441 0.998511 0.999922 0.999996
 0.649998 0.972441 0.998511 0.999922 0.999996
 0.649998 0.972441 0.998511 0.999922 0.999996
 0.649998 0.972441 0.998511 0.999922 0.999996
 0.649998 0.972441 0.998511 0.999922 0.999996
 0.649998 0.972441 0.998511 0.999922 0.999996
 0.649998 0.972441 0.998511 0.999922 0.999996
 0.649998 0.972441 0.998511 0.999922 0.999996
 0.649998 0.972441 0.998511 0.999922 0.999996
 0.649998 0.972441 0.998511 0.999922 0.999996
 0.649998 0.972441 0.998511 0.999922 0.999996
 0.649998 0.972441 0.998511 0.999922 0.999996
 0.649998 0.972441 0.998511 0.999922 0.999996
 0.649998 0.972441 0.998511 0.999922 0.999996
 0.649998 0.972441 0.998511 0.999922 0.999996
Sel_reclas
 0.99999 1 1 1 1
 0.99999 1 1 1 1
 0.99999 1 1 1 1
 0.99999 1 1 1 1
 0.99999 1 1 1 1
 0.99999 1 1 1 1
 0.99999 1 1 1 1
 0.99999 1 1 1 1
 0.99999 1 1 1 1
 0.99999 1 1 1 1
 0.99999 1 1 1 1
 0.99999 1 1 1 1
 0.99999 1 1 1 1
 0.99999 1 1 1 1
 0.99999 1 1 1 1
 0.99999 1 1 1 1
 0.99999 1 1 1 1
 0.99999 1 1 1 1
 0.99999 1 1 1 1
 0.99999 1 1 1 1
 0.99999 1 1 1 1
 0.99999 1 1 1 1
 0.99999 1 1 1 1
 0.99999 1 1 1 1
 0.99999 1 1 1 1
 0.99999 1 1 1 1
 0.99999 1 1 1 1
 0.99999 1 1 1 1
 0.99999 1 1 1 1
 0.99999 1 1 1 1
 0.99999 1 1 1 1
Sel_pelaces
 0.928264 1 1 1 1
 0.928264 1 1 1 1
 0.928264 1 1 1 1
 0.928264 1 1 1 1
 0.928264 1 1 1 1
 0.928264 1 1 1 1
 0.928264 1 1 1 1
 0.928264 1 1 1 1
 0.928264 1 1 1 1
 0.928264 1 1 1 1
 0.928264 1 1 1 1
 0.928264 1 1 1 1
 0.928264 1 1 1 1
 0.928264 1 1 1 1
 0.928264 1 1 1 1
 0.928264 1 1 1 1
 0.928264 1 1 1 1
 0.928264 1 1 1 1
 0.928264 1 1 1 1
 0.928264 1 1 1 1
 0.928264 1 1 1 1
 0.928264 1 1 1 1
 0.928264 1 1 1 1
 0.928264 1 1 1 1
 0.928264 1 1 1 1
 0.928264 1 1 1 1
 0.928264 1 1 1 1
 0.928264 1 1 1 1
 0.928264 1 1 1 1
 0.928264 1 1 1 1
 0.928264 1 1 1 1
pf_obs 
 0.8446 0.082 0.0669 0.0065 0
 0.8095 0.147 0.0364 0.0071 0
 0.9664 0.0169 0.016 0.0007 0
 0.9276 0.0648 0.0075 0.0001 0
 0.7033 0.2144 0.0806 0.0017 0
 0.9318 0.0425 0.0243 0.0014 0
 0.5671 0.3108 0.0964 0.0239 0.0018
 0.0768 0.2599 0.5324 0.112 0.0189
 0.490249 0.384438 0.106611 0.0170017 0.00170017
 0.7925 0.1577 0.0466 0.003 0.0002
 0.840416 0.127587 0.0312969 0.00059994 9.999e-05
 0.8084 0.0986 0.0794 0.0134 0.0002
 0.7335 0.1905 0.0724 0.0035 0.0001
 0.4001 0.4547 0.1325 0.0127 0
 0.49795 0.308269 0.164784 0.0264974 0.00249975
 0.9179 0.0499 0.0305 0.0017 0
 0.2467 0.6533 0.0926 0.0074 0
 0.9418 0.0223 0.034 0.0019 0
 0.707729 0.231977 0.0356964 0.0245975 0
 0.517169 0.277429 0.184464 0.0207286 0.00020938
 0.811772 0.124168 0.05621 0.00726502 0.000585176
 0.764997 0.148141 0.077277 0.00933861 0.000247198
 0.163321 0.427699 0.378323 0.0303852 0.000271297
 0.753843 0.0900009 0.118128 0.0371064 0.000921714
 0.721811 0.176058 0.0630433 0.0369309 0.00215725
 0.143369 0.312575 0.442814 0.0836902 0.0175525
 0.692698 0.0596174 0.167031 0.0765114 0.00414204
 0.394062 0.376323 0.152708 0.0712218 0.00568511
 0.125707 0.32114 0.495352 0.0537591 0.00404204
 0.23352 0.215282 0.420074 0.123614 0.00750983
 0.774587 0.0839891 0.0768558 0.0609784 0.00358967
pf_pred 
 0.518877 0.164569 0.291375 0.0251778 9.98003e-07
 0.477462 0.329873 0.0672251 0.115477 0.00996266
 0.628562 0.224326 0.0941015 0.018519 0.0344909
 0.721708 0.205677 0.0444735 0.0180141 0.0101281
 0.695065 0.251027 0.0402752 0.00835674 0.0052761
 0.83085 0.132262 0.0305326 0.00475056 0.00160533
 0.441039 0.496783 0.0489698 0.0109358 0.00227237
 0.456619 0.322558 0.197221 0.0185977 0.00500412
 0.600485 0.225982 0.104224 0.0619116 0.00739751
 0.791925 0.152071 0.0322522 0.0142784 0.00947421
 0.880693 0.105545 0.0101961 0.00205557 0.00150964
 0.791485 0.191811 0.0148282 0.00139034 0.000485359
 0.732847 0.233083 0.031445 0.00233079 0.000294159
 0.695818 0.252608 0.0452291 0.00585678 0.000487828
 0.799347 0.166231 0.0288487 0.00489016 0.000683951
 0.958426 0.0368218 0.00396931 0.000656561 0.000126531
 0.34377 0.640544 0.0139572 0.00144475 0.000284405
 0.939816 0.0281035 0.0313401 0.00065866 8.14423e-05
 0.57424 0.409956 0.00751426 0.00809881 0.000190904
 0.666914 0.232497 0.0969929 0.00171144 0.0018842
 0.752732 0.191636 0.0392704 0.0157782 0.000583707
 0.785263 0.179375 0.0276244 0.00546512 0.00227274
 0.300189 0.60318 0.0812151 0.0120483 0.00336795
 0.77003 0.0938914 0.117816 0.0153538 0.0029093
 0.647316 0.297654 0.0228949 0.0278291 0.00430651
 0.422698 0.429992 0.124952 0.00931126 0.0130471
 0.754853 0.131212 0.0855239 0.0241052 0.00430602
 0.710045 0.241244 0.0264622 0.016708 0.00554092
 0.325557 0.534859 0.116735 0.0124219 0.010427
 0.402157 0.256846 0.272102 0.0576332 0.0112622
 0.850554 0.0785946 0.0310275 0.0317894 0.00803442
pobs_RECLAS
 0 0 0 0 0
 0 0 0 0 0
 0 0 0 0 0
 0 0 0 0 0
 0 0 0 0 0
 0 0 0 0 0
 0 0 0 0 0
 0 0 0 0 0
 0 0 0 0 0
 0 0 0 0 0
 0.991045 0.00858322 0.000360255 1.14367e-05 0
 0.934742 0.0480273 0.0164251 0.00080598 0
 0.827803 0.169806 0.00239088 0 0
 0.941827 0.0461693 0.0120037 0 0
 0.791401 0.0380133 0.147996 0.0225897 0
 0.846168 0.0940531 0.0597789 0 0
 0.134021 0.677848 0.182769 0.00536245 0
 0.80878 0.0450904 0.141981 0.00414843 0
 0.846168 0.0940531 0.0597789 0 0
 0.905697 0.0802665 0.012482 0.00150086 5.37128e-05
 0.989698 0.0102097 9.19794e-05 0 0
 0.975433 0.0193895 0.00387452 0.00125025 5.28907e-05
 0.303575 0.632131 0.0575291 0.00676475 0
 0.966965 0.00978017 0.0227588 0.000495775 0
 0.843318 0.132988 0.00938335 0.0141283 0.000182051
 0.564624 0.303363 0.111486 0.0197234 0.00080311
 0.826376 0.0876187 0.0782897 0.00655872 0.00115652
 0.89761 0.0855135 0.0140674 0.00269457 0.000114338
 0.34875 0.467042 0.161289 0.0227151 0.000203297
 0.318654 0.224769 0.449479 0.00709798 0
 0.937255 0.0296025 0.0250945 0.00804832 0
ppred_RECLAS
 0.623989 0.130946 0.225598 0.0194656 7.71522e-07
 0.585592 0.264434 0.0523811 0.0898422 0.00775042
 0.72362 0.168824 0.0688383 0.0135267 0.025191
 0.803181 0.146624 0.0307618 0.0124401 0.00699362
 0.776087 0.185226 0.0289143 0.00599068 0.00378198
 0.882631 0.0923324 0.0207283 0.00322031 0.00108813
 0.555474 0.396446 0.03788 0.00844514 0.00175468
 0.561322 0.263273 0.156682 0.0147536 0.00396949
 0.703382 0.170004 0.0760932 0.0451288 0.00539176
 0.861239 0.102335 0.020993 0.00927727 0.00615519
 0.917875 0.0728807 0.00685168 0.00137932 0.00101292
 0.856132 0.132662 0.00994907 0.000931343 0.000325098
 0.810877 0.16563 0.0216856 0.00160482 0.000202521
 0.790467 0.175023 0.0302715 0.00391264 0.000325863
 0.864871 0.112566 0.0189148 0.00320072 0.000447622
 0.97298 0.0240131 0.00251224 0.000414883 7.99482e-05
 0.445952 0.541172 0.0114583 0.00118427 0.000233108
 0.960301 0.0188167 0.0204011 0.000428117 5.29318e-05
 0.67583 0.31248 0.00556275 0.00598613 0.000141093
 0.756974 0.171119 0.0693404 0.00122161 0.00134482
 0.824264 0.137076 0.0273023 0.010953 0.000405168
 0.849946 0.125944 0.0188404 0.00372154 0.00154752
 0.395717 0.522842 0.0684643 0.0101416 0.00283474
 0.8378 0.0673172 0.0821652 0.010692 0.00202581
 0.736624 0.22326 0.0167044 0.0202745 0.00313721
 0.527257 0.354577 0.100253 0.00745986 0.0104521
 0.8256 0.094561 0.0599524 0.0168728 0.00301384
 0.788155 0.177079 0.0188996 0.0119156 0.0039513
 0.423053 0.460125 0.0977231 0.0103837 0.00871542
 0.510187 0.213841 0.220282 0.0465874 0.00910299
 0.898142 0.0543074 0.0208416 0.0213211 0.00538825
pobs_PELACES
 0 0 0 0 0
 0 0 0 0 0
 0 0 0 0 0
 0 0 0 0 0
 0 0 0 0 0
 0 0 0 0 0
 0 0 0 0 0
 0 0 0 0 0
 0 0 0 0 0
 0 0 0 0 0
 0 0 0 0 0
 0 0 0 0 0
 0 0 0 0 0
 0 0 0 0 0
 0 0 0 0 0
 0 0 0 0 0
 0.505614 0.472636 0.0217494 0 0
 0 0 0 0 0
 0.443492 0.261883 0.143347 0.151278 0
 0.227955 0.32914 0.350689 0.0885471 0.00366901
 0.970185 0.0296113 0.000203453 0 0
 0.997202 0.00247181 0.000326279 0 0
 0.445219 0.490057 0.0546422 0.010081 0
 0.90214 0.0892962 0.00764917 0.000914606 0
 0 0 0 0 0
 0.581667 0.319106 0.0959925 0.00289975 0.000334073
 0.762889 0.0836404 0.116647 0.0363945 0.000428098
 0.88444 0.0763242 0.0277011 0.0115352 0
 0.521256 0.241999 0.230069 0.00667565 0
 0.616807 0.101726 0.260614 0.0208532 0
 0.833518 0.0704572 0.0857862 0.0102388 0
ppred_PELACES
 0.614642 0.134436 0.230993 0.0199282 7.89851e-07
 0.583115 0.266517 0.0525282 0.0900699 0.00776995
 0.721519 0.170446 0.0691522 0.0135847 0.0252986
 0.807576 0.143652 0.0298947 0.0120841 0.00679333
 0.769487 0.190784 0.0296945 0.00615134 0.00388337
 0.880195 0.0943312 0.0210912 0.00327596 0.00110693
 0.566471 0.387041 0.0366301 0.00816226 0.00169586
 0.548831 0.270973 0.160964 0.0151552 0.00407752
 0.708543 0.16761 0.0744424 0.0441312 0.00527246
 0.870646 0.095712 0.0193942 0.00856501 0.00568243
 0.914431 0.0759583 0.0071241 0.00143397 0.00105305
 0.859747 0.129413 0.00962458 0.00090056 0.000314345
 0.814302 0.162787 0.0211487 0.00156443 0.00019742
 0.806377 0.162102 0.0276517 0.00357134 0.000297427
 0.872158 0.106693 0.0177313 0.00299866 0.00041935
 0.973551 0.0235261 0.00244235 0.000403173 7.76901e-05
 0.444834 0.542336 0.0114183 0.00117978 0.000232221
 0.959717 0.0191399 0.0206565 0.000433368 5.35803e-05
 0.677261 0.311175 0.00550349 0.00592027 0.000139538
 0.758048 0.170682 0.0687264 0.00121038 0.00133243
 0.822856 0.138332 0.0274113 0.0109937 0.000406666
 0.850486 0.125619 0.0186742 0.00368745 0.00153332
 0.389729 0.528306 0.0689075 0.010205 0.00285245
 0.833851 0.0690994 0.0840438 0.0109344 0.00207171
 0.730588 0.228501 0.0170373 0.0206746 0.00319909
 0.517687 0.362016 0.102065 0.00759345 0.0106392
 0.821385 0.0970056 0.061285 0.0172446 0.00308021
 0.781504 0.182724 0.0194476 0.0122593 0.00406524
 0.412745 0.468589 0.0992674 0.0105464 0.00885186
 0.505531 0.216404 0.221963 0.0469321 0.00917022
 0.897012 0.0550375 0.0210199 0.0214979 0.00543285
pobs_pel_tallas
 0 0 0 0 0 0 0 0 0 0 0 0 0 0 0 0 0 0 0 0 0 0 0 0 0 0
 0 0 0 0 0 0 0 0 0 0 0 0 0 0 0 0 0 0 0 0 0 0 0 0 0 0
 0 0 0 0 0 0 0 0 0 0 0 0 0 0 0 0 0 0 0 0 0 0 0 0 0 0
 0 0 0 0 0 0 0 0 0 0 0 0 0 0 0 0 0 0 0 0 0 0 0 0 0 0
 0 0 0 0 0 0 0 0 0 0 0 0 0 0 0 0 0 0 0 0 0 0 0 0 0 0
 0 0 0 0 0 0 0 0 0 0 0 0 0 0 0 0 0 0 0 0 0 0 0 0 0 0
 0 0 0 0 0 0 0 0 0 0 0 0 0 0 0 0 0 0 0 0 0 0 0 0 0 0
 0 0 0 0 0 0 0 0 0 0 0 0 0 0 0 0 0 0 0 0 0 0 0 0 0 0
 0 0 0 0 0 0 0 0 0 0 0 0 0 0 0 0 0 0 0 0 0 0 0 0 0 0
 0 0 0 0 0 0 0 0 0 0 0 0 0 0 0 0 0 0 0 0 0 0 0 0 0 0
 0 0 0 0 0 0 0 0 0 0 0 0 0 0 0 0 0 0 0 0 0 0 0 0 0 0
 0 0 0 0 0 0 0 0 0 0 0 0 0 0 0 0 0 0 0 0 0 0 0 0 0 0
 0.00862536 0 0 0.000197151 0.00414017 0.0128641 0.00837892 0.0270097 0.101434 0.158115 0.152841 0.127902 0.109271 0.109419 0.0830992 0.0579132 0.0238553 0.00714673 0.00463305 0.00128148 0.00103504 0.000492878 0.000147863 0.000147863 4.92878e-05 0
 0 0 0 0 0 0 0 0 0 0 0 0 0 0 0 0 0 0 0 0 0 0 0 0 0 0
 0 0 0 0 0 0 0 0.0054083 0.00873648 0.0413646 0.0450493 0.0745869 0.0622846 0.0627006 0.0613931 0.0827291 0.12552 0.122667 0.0946155 0.0697135 0.0546179 0.0294188 0.0215738 0.0213955 0.0102223 0.00600262
 0 0 0 0 0.00359764 0.0251062 0.0480494 0.140153 0.205849 0.193036 0.1447 0.116669 0.0760912 0.0342217 0.00950174 0.001854 0.000860785 0 0 0 0.000165536 0 0.000143464 0 0 0
 0 0 0 0 0 0 0 0.000145254 0.000435761 0.0275982 0.070085 0.0708112 0.156366 0.174668 0.174014 0.160142 0.0824315 0.0480064 0.0283245 0.00493863 0.00203355 0 0 0 0 0
 0 0 0 0 0 0 0 0 0 0 0 0 0 0 0 0 0 0 0 0 0 0 0 0 0 0
 0 0 1.00437e-05 0.000401748 0.00122533 0.00171747 0.00176769 0.0269171 0.070346 0.194647 0.189555 0.159765 0.064822 0.0314167 0.0384472 0.0292271 0.0345202 0.0313363 0.0194345 0.0106764 0.0143323 0.0359363 0.0279516 0.0138201 0.00172751 0
 0 0.0021121 0.0136068 0.0755702 0.200478 0.177729 0.0527432 0.0373336 0.0318909 0.0142505 0.0149659 0.0166563 0.0217959 0.0798694 0.0677717 0.0528807 0.04013 0.0224614 0.0357745 0.0225083 0.00881397 0.00855152 0.00135912 0.000746735 0 0
 0 0 0 0 5.4009e-05 0.00500934 0.000945158 0.0243581 0.138947 0.33067 0.221406 0.137944 0.0707744 0.0437923 0.0131692 0.00525238 0.0047753 0.00276346 9.45158e-05 9.00151e-06 2.25038e-05 9.00151e-06 4.50075e-06 0 0 0
 0.000866109 0.00284123 0.00948549 0.0512746 0.133035 0.25785 0.225252 0.132002 0.0553304 0.0519788 0.0540692 0.017754 0.00435017 0.00159236 0.00146478 0.000404838 0.000125132 0.000115318 0.000107957 0.000100596 0 0 0 0 0 0
 0 0 0 0 0.00144013 0.00171154 0.00461396 0.0210425 0.0478622 0.0707936 0.0888783 0.103762 0.0637923 0.0337046 0.0602308 0.124433 0.169614 0.0934646 0.0462172 0.0250306 0.0313229 0.00938855 0.002487 0.000210481 0 0
 0 0.00764035 0.051015 0.0998891 0.058973 0.0496711 0.0374665 0.0718981 0.12319 0.153886 0.159021 0.0857701 0.0377988 0.023471 0.0147837 0.00900784 0.00315554 0.000888139 0.00291439 0.00214683 0.00393193 0.00274676 0.000635225 9.99891e-05 0 0
 0 0 0 0 0 0 0 0 0 0 0 0 0 0 0 0 0 0 0 0 0 0 0 0 0 0
 0 0 0 0 0 0 0 0 0 0 0 0 0 0 0 0 0 0 0 0 0 0 0 0 0 0
 0 0 0 0 0 0 0 0 0 0 0 0 0 0 0 0 0 0 0 0 0 0 0 0 0 0
 0 0 0 0 0 0 0 0 0 0 0 0 0 0 0 0 0 0 0 0 0 0 0 0 0 0
 0 0 0 0 0 0 0 0 0 0 0 0 0 0 0 0 0 0 0 0 0 0 0 0 0 0
 0 0 0 0 0 0 0 0 0 0 0 0 0 0 0 0 0 0 0 0 0 0 0 0 0 0
 0 0 0 0 0 0 0 0 0 0 0 0 0 0 0 0 0 0 0 0 0 0 0 0 0 0
ppred_pel_tallas
 1.087e-16 5.06273e-05 0.000492115 0.00327028 0.0148662 0.0462544 0.0985504 0.14384 0.143853 0.0986155 0.0464739 0.0155045 0.00488845 0.00407734 0.00701393 0.011917 0.0180955 0.0246958 0.0308109 0.0359104 0.0399493 0.0429979 0.0447776 0.0446125 0.0418866 0.0365957
 1.11932e-16 4.80305e-05 0.000466874 0.00310254 0.0141037 0.043882 0.0934962 0.136466 0.136492 0.0936221 0.0443046 0.015325 0.00617123 0.00717631 0.0128227 0.0212118 0.0307747 0.0392037 0.0442158 0.0448548 0.0420864 0.0381075 0.0349117 0.0332262 0.032466 0.0314624
 1.07683e-16 5.94306e-05 0.000577686 0.00383893 0.0174512 0.0542973 0.115687 0.168852 0.168868 0.115768 0.0545685 0.0182354 0.00581113 0.00489583 0.00829831 0.0137251 0.0200041 0.0256639 0.0292471 0.0300979 0.0287287 0.0264 0.0242637 0.0227571 0.0216128 0.0202916
 1.03261e-16 6.6519e-05 0.000646589 0.00429681 0.0195327 0.0607735 0.129485 0.18899 0.189004 0.129553 0.061001 0.0201902 0.00594814 0.00425465 0.00692845 0.0113745 0.0164404 0.0208075 0.0231815 0.0229759 0.0206541 0.0173945 0.0143544 0.0121095 0.0105983 0.00943975
 1.0218e-16 6.33817e-05 0.000616092 0.00409415 0.0186114 0.0579072 0.123378 0.180078 0.180096 0.123468 0.0582089 0.0194832 0.00628252 0.00539406 0.00913981 0.0150154 0.0216377 0.0272384 0.0300586 0.0292859 0.0255303 0.0203972 0.0155151 0.0117773 0.0092365 0.00748727
 1.01149e-16 7.25005e-05 0.000704731 0.00468318 0.0212891 0.0662383 0.141128 0.205982 0.205991 0.141172 0.0663877 0.0217208 0.00576746 0.00307362 0.00457702 0.00746643 0.0107821 0.0136279 0.01514 0.0149158 0.0132403 0.0108734 0.00857746 0.00675798 0.00542756 0.00440259
 1.02262e-16 4.66595e-05 0.000453547 0.00301398 0.0137011 0.0426296 0.0908282 0.132574 0.132611 0.0910103 0.043241 0.0154667 0.00744435 0.0101202 0.0183909 0.030292 0.0435426 0.0545663 0.0597462 0.0574099 0.048828 0.0373642 0.0264893 0.0181967 0.0127278 0.00930472
 1.06925e-16 4.52065e-05 0.000439424 0.00292013 0.0132745 0.041302 0.0879992 0.128443 0.128469 0.0881279 0.0417345 0.0145261 0.00607113 0.00734848 0.0132557 0.0220741 0.0323316 0.0417741 0.0480897 0.050144 0.0485311 0.0449313 0.0408571 0.0368522 0.0326394 0.0278188
 1.0751e-16 5.83618e-05 0.000567298 0.00376989 0.0171374 0.0533209 0.113606 0.165815 0.165831 0.113686 0.0535879 0.0179098 0.00571338 0.0048256 0.00819219 0.0135745 0.0198431 0.0255828 0.0293942 0.0306534 0.0298508 0.0281596 0.0265922 0.0254316 0.0242929 0.0226032
 1.02405e-16 7.1714e-05 0.000697086 0.00463238 0.0210581 0.0655197 0.139597 0.203748 0.203757 0.139642 0.0656713 0.0214962 0.00573255 0.00310087 0.00464326 0.00757977 0.0109532 0.0138639 0.0154501 0.0153245 0.0138009 0.0116692 0.00970255 0.00828123 0.00735429 0.00665291
 1.00548e-16 7.53205e-05 0.000732142 0.00486534 0.0221171 0.0688146 0.146617 0.213994 0.214001 0.146653 0.0689346 0.0224636 0.00573482 0.00262926 0.00367549 0.00594976 0.00854625 0.0107106 0.0117299 0.0112768 0.0096025 0.00736872 0.00525743 0.00365896 0.00261742 0.00197495
 1.00455e-16 7.08163e-05 0.000688359 0.00457439 0.0207945 0.0646995 0.13785 0.201198 0.201211 0.137911 0.0649039 0.0213845 0.00605464 0.00391731 0.00619598 0.0101121 0.014515 0.0181572 0.0198185 0.0189347 0.0159333 0.0119517 0.00817221 0.00528768 0.00340108 0.00226346
 1.00843e-16 6.7073e-05 0.000651974 0.00433259 0.0196954 0.0612796 0.130563 0.190564 0.19058 0.13064 0.061537 0.0204385 0.00619783 0.00472295 0.00779603 0.0127752 0.0183793 0.0230735 0.0253377 0.0244638 0.0209682 0.0162358 0.0116932 0.00815724 0.00573167 0.00411792
 1.01248e-16 6.64203e-05 0.000645629 0.00429043 0.0195037 0.0606833 0.129293 0.18871 0.188725 0.129369 0.0609397 0.0202445 0.00615035 0.00470679 0.00778197 0.0127667 0.0183993 0.0231663 0.0255679 0.0249035 0.0216757 0.0172307 0.0129404 0.00956819 0.00718428 0.00548728
 1.00911e-16 7.18385e-05 0.000698296 0.00464042 0.0210947 0.0656335 0.139839 0.204102 0.204112 0.13989 0.0658023 0.0215823 0.00586449 0.00337102 0.00514945 0.0084035 0.0121078 0.0152441 0.0168243 0.0163892 0.0142723 0.0113623 0.00856369 0.00637744 0.00484461 0.00375923
 1.00131e-16 8.01901e-05 0.000779476 0.00517989 0.023547 0.0732636 0.156096 0.227827 0.227829 0.156107 0.0733008 0.0236544 0.00544926 0.00136725 0.00119572 0.00184784 0.00264931 0.00332115 0.00363893 0.00350053 0.00298244 0.002288 0.00162698 0.00111988 0.000781667 0.000566361
 1.00626e-16 3.66405e-05 0.000356159 0.0023668 0.0107592 0.0334761 0.0713262 0.104114 0.104166 0.071581 0.0343314 0.0132283 0.0085595 0.0138574 0.0256263 0.042172 0.0604285 0.0753193 0.081697 0.0771885 0.0636459 0.045979 0.0293405 0.0168203 0.00895273 0.00467192
 1.00654e-16 7.90506e-05 0.0007684 0.00510629 0.0232124 0.0722225 0.153878 0.22459 0.224591 0.153887 0.0722534 0.0233019 0.00533209 0.00126568 0.00103614 0.00162071 0.00240312 0.00317921 0.00379315 0.00416338 0.0043084 0.0042997 0.00418446 0.00395103 0.0035617 0.00301145
 1.00856e-16 5.57852e-05 0.000542252 0.00360346 0.0163808 0.0509669 0.108592 0.158499 0.158529 0.108738 0.0514577 0.0177976 0.00715675 0.00828925 0.0147397 0.0242037 0.0346836 0.0432442 0.0469379 0.0444144 0.0367472 0.026759 0.0173999 0.0104199 0.00608883 0.00375452
 1.02374e-16 6.24395e-05 0.000606934 0.00403329 0.0183348 0.0570463 0.121544 0.1774 0.177417 0.121625 0.0573176 0.0191192 0.00600559 0.00492294 0.00828977 0.0136846 0.0198886 0.0253835 0.0286456 0.0289373 0.0266928 0.023132 0.0194446 0.0162138 0.0134216 0.0108309
 1.01998e-16 6.77776e-05 0.000658822 0.00437811 0.0199022 0.0619233 0.131935 0.192565 0.192579 0.132 0.0621424 0.0205351 0.00596741 0.00413066 0.00666847 0.0109357 0.0157908 0.0199511 0.0221564 0.0218265 0.0193947 0.0159913 0.0127417 0.0102307 0.00844727 0.00708103
 1.01201e-16 7.00534e-05 0.000680944 0.00452511 0.0205705 0.0640026 0.136365 0.199031 0.199043 0.136424 0.0642012 0.0211444 0.00596561 0.00382577 0.00604321 0.00988118 0.0142305 0.0179013 0.0197297 0.0191779 0.0166462 0.0131943 0.00990116 0.00736533 0.00563309 0.0044477
 1.0363e-16 3.21016e-05 0.000312039 0.00207361 0.00942636 0.0293292 0.0624908 0.0912178 0.0912687 0.0627395 0.0301643 0.0118385 0.00812768 0.013526 0.0251214 0.0414625 0.0596826 0.0749587 0.0823826 0.0796723 0.0685173 0.0534151 0.0389807 0.0278281 0.0202404 0.0151919
 1.03891e-16 6.86832e-05 0.000667625 0.0044366 0.0201682 0.0627507 0.133697 0.195136 0.195143 0.13373 0.0628624 0.0204924 0.00525616 0.00247555 0.00355746 0.00591648 0.00885177 0.0118309 0.014339 0.0161069 0.0171993 0.0178307 0.0180849 0.0178071 0.0167535 0.0148369
 1.03165e-16 6.01776e-05 0.000584948 0.00388718 0.0176706 0.0549799 0.117141 0.170976 0.170998 0.117249 0.0553408 0.0187129 0.00650274 0.00629213 0.0108918 0.0178929 0.0257298 0.0322799 0.0354324 0.0342381 0.0294893 0.0232001 0.0174093 0.0132265 0.0106722 0.00914304
 1.056e-16 4.26412e-05 0.000414488 0.00275442 0.0125212 0.0389583 0.0830061 0.121157 0.121192 0.0831771 0.0395324 0.0141804 0.00692298 0.00952685 0.0173848 0.0287671 0.0416538 0.0528325 0.0590349 0.0587223 0.052946 0.0445281 0.036267 0.0296033 0.0245259 0.0203479
 1.04045e-16 6.76564e-05 0.000657644 0.00437028 0.0198667 0.0618126 0.131699 0.19222 0.192229 0.131745 0.0619676 0.0203155 0.0055008 0.00313839 0.00481678 0.00795505 0.0116854 0.0151837 0.0176493 0.0187049 0.0185779 0.0178553 0.0170241 0.0161874 0.0151367 0.0136339
 1.02526e-16 6.43715e-05 0.000625714 0.00415809 0.0189021 0.0588115 0.125305 0.18289 0.182907 0.125391 0.0591003 0.0197361 0.00625141 0.00519451 0.00873877 0.0143388 0.0206364 0.0259276 0.0285266 0.0276691 0.0239717 0.0190184 0.0144118 0.0110239 0.00887869 0.0075218
 1.05541e-16 3.39974e-05 0.000330467 0.00219607 0.00998304 0.0310612 0.0661808 0.0966023 0.0966475 0.0664018 0.0318032 0.0121269 0.00757989 0.0120912 0.0223926 0.0370249 0.0534689 0.06752 0.0748939 0.0735867 0.0650256 0.0530195 0.0414058 0.0322525 0.025658 0.0207132
 1.1272e-16 4.16399e-05 0.000404755 0.00268974 0.0122272 0.0380434 0.0810563 0.118308 0.11833 0.0811599 0.0383921 0.0132384 0.00524303 0.00602873 0.0108699 0.0182897 0.027245 0.0361521 0.0433764 0.0481056 0.0506667 0.0519448 0.0524419 0.0518363 0.0493596 0.0445488
 1.03697e-16 7.38857e-05 0.000718195 0.00477266 0.0216958 0.0675038 0.143824 0.209917 0.209922 0.14385 0.0675914 0.0219493 0.00541047 0.0021156 0.00274307 0.0044591 0.00651631 0.00841326 0.00970135 0.0101985 0.0100946 0.0097993 0.00964958 0.00970842 0.00978161 0.00959065
pSPR Fmed_Fpbrs
0.410467   0.248152 0.248152
Fs Fmed_Fpbrs
0.582735   1.005 1.005
SSBpbr Bo_Bmed_Bpbrs
1.27424e+06  459321  252493 252493
Ro
109716
SPR SPRFo_SPRFmed_SPRFpbrs
784242 321905 194611
Fref
1.005
Nvult_r0
 114923 8040.48 3120.64 3194.37 807.304
CTP_r0
 30754.9 2841.87 1121.91 1149.46 290.514
YTP_r0
391261
Np
 132203 39393.8 2175.59 828.835 1025.29
Nvult_p0
 106896 33940.1 1882.19 717.215 887.222
CTP_p0
 42237.7 16775.2 942.74 359.488 444.716
YTP_p0
 635811
CBA_c0
464626
log_Ro
11.4256
likeval ReclasPelacesDesembMPH_pf_preclas_ppelaces_ptallas_desvR_qrecl_qpela
 11.6801 16.9038 0.0151348 0.000837645 244.378 116.114 101.502 0 26.3299 2.23057e-05 4.53948e-05 0.0304021 0 0 0
q_reclas_q_pelaces
1.95278 2.60792
M
1
N
 145834 32174.2 55655.4 4803.24 0.19038
 88345.5 43845.8 8751.89 15017.1 1295.51
 86655.3 22206.9 9123.89 1793.58 3340.28
 102727 21833.2 4637.29 1876.57 1055.01
 81175.6 20470.1 3209.68 665.165 419.931
 211893 23919.6 5403.02 839.681 283.731
 67193 57347.4 5559.29 1240.39 257.73
 24744.7 12019.1 7173.2 675.551 181.76
 28283.2 7905.11 3580.13 2124.63 253.848
 38700.5 5791.18 1210.36 535.424 355.257
 67689.3 5618.65 530.122 106.74 78.3864
 114868 20819.3 1581.26 148.125 51.707
 95097 22464 2975.94 220.372 27.8108
 67849.4 19467.4 3438.33 444.913 37.0566
 54860.2 8779.41 1500.1 254.072 35.5337
 307539 8771.75 928.494 153.433 29.5677
 46803.4 63129.5 1348.12 139.399 27.4396
 526477 11243 12274.8 257.683 31.8602
 262012 136905 2461.4 2650.16 62.4658
 231237 58865.5 24083.5 424.515 467.342
 287758 52694.6 10577.6 4245.27 157.042
 430665 71781.9 10840.7 2142.47 890.922
 69305.8 98594.4 12988 1924.52 537.945
 220494 18925.7 23223.7 3022.94 572.763
 192153 62158.3 4675.27 5676.11 878.314
 76620.4 54361.2 15436.8 1148.92 1609.79
 185575 22712.9 14477.6 4075.71 728.018
 220677 52246.7 5599.95 3531.42 1171.05
 57611.4 65725.7 14013.1 1489.3 1250.03
 38467.8 17480.5 18125.1 3834.64 749.287
 154317 10216.1 3949.47 4041.93 1021.5
pred_Ctot
 17124.7 5431.35 9616.39 830.955 0.0329376
 18241.7 12603 2568.37 4411.86 380.628
 17798.7 6352.13 2664.62 524.392 976.661
 31264.4 8909.9 1926.59 780.371 438.75
 10398.5 3755.49 602.538 125.021 78.9332
 36297.1 5778.06 1333.87 207.536 70.1314
 23116.1 26037.8 2566.64 573.175 119.101
 2082.27 1470.93 899.367 84.8091 22.8198
 8309.8 3127.25 1442.31 856.764 102.37
 15938.9 3060.69 649.131 287.378 190.685
 7117.59 852.996 82.4029 16.6127 12.2006
 35779.4 8670.92 670.317 62.851 21.9409
 27948.5 8889.05 1199.21 88.889 11.2183
 30183.2 10957.6 1961.95 254.056 21.161
 20948.2 4356.34 756.026 128.154 17.924
 90053.4 3459.77 372.956 61.6903 11.8888
 10626.9 19801.1 431.457 44.6615 8.79177
 100340 3000.48 3346.04 70.3222 8.69523
 67092.5 47898.1 877.945 946.242 22.3047
 57818.6 20156.5 8408.87 148.375 163.352
 60428.2 15384.2 3152.57 1266.65 46.8591
 106834 24403.7 3758.26 743.52 309.202
 11566.7 23241.4 3129.33 464.236 129.772
 33286.3 4058.67 5092.85 663.705 125.761
 28662 13179.6 1013.74 1232.22 190.685
 9573.22 9738.4 2829.89 210.88 295.489
 28137 4890.92 3187.89 898.517 160.506
 27020.1 9180.31 1006.99 635.808 210.854
 6481.92 10649.2 2324.22 247.324 207.604
 6943.45 4434.58 4697.99 995.068 194.447
 30754.9 2841.87 1121.91 1149.46 290.514
F
 0.201791 0.301894 0.309987 0.310425 0.310448
 0.380853 0.569782 0.585057 0.585884 0.585927
 0.378507 0.566272 0.581453 0.582275 0.582318
 0.613114 0.91726 0.94185 0.943181 0.943251
 0.221918 0.332005 0.340905 0.341387 0.341412
 0.306955 0.459225 0.471537 0.472203 0.472238
 0.721075 1.07878 1.1077 1.10926 1.10934
 0.141101 0.211097 0.216756 0.217063 0.217079
 0.585932 0.876593 0.900094 0.901366 0.901433
 0.92976 1.39098 1.42827 1.43029 1.4304
 0.179048 0.267868 0.275049 0.275437 0.275458
 0.631871 0.945321 0.970664 0.972036 0.972108
 0.586155 0.876928 0.900437 0.901709 0.901776
 1.04488 1.56321 1.60512 1.60739 1.60751
 0.833251 1.2466 1.28002 1.28183 1.28192
 0.583414 0.872826 0.896226 0.897492 0.897559
 0.426211 0.637641 0.654735 0.65566 0.655709
 0.346919 0.519014 0.532928 0.533681 0.533721
 0.493133 0.737761 0.75754 0.75861 0.758666
 0.478932 0.716514 0.735723 0.736763 0.736817
 0.388487 0.581202 0.596784 0.597627 0.597671
 0.474316 0.70961 0.728633 0.729663 0.729717
 0.298008 0.445841 0.457793 0.45844 0.458474
 0.266186 0.398232 0.408908 0.409486 0.409516
 0.262641 0.392929 0.403463 0.404033 0.404063
 0.215932 0.323049 0.33171 0.332179 0.332203
 0.267484 0.400174 0.410902 0.411483 0.411513
 0.211208 0.315982 0.324453 0.324912 0.324936
 0.192633 0.288193 0.295919 0.296337 0.296359
 0.325858 0.487506 0.500575 0.501282 0.50132
 0.365398 0.546661 0.561316 0.562109 0.562151
YTP_r0W_actual
 261417 46322.6 32423.3 40001.2 11097.6
YTP_p0W_proyectada
 317628 270417 22041.3 10604.9 15120.3
CTP_r0_actual
 30754.9 2841.87 1121.91 1149.46 290.514
CTP_p0_proyectada
 42237.7 16775.2 942.74 359.488 444.716
Wmedp
 7.52 16.12 23.38 29.5 34
Frms_r0
 0.365398 0.546661 0.561316 0.562109 0.562151
Zrms_r0
 1.3654 1.54666 1.56132 1.56211 1.56215
nmprior
 8.19 8.8 8.5 0
nm_flota  nm_reclas  nm_pelaces    nm_pelaL
inf 17.9569 17.4517 41.1518
cv_recla  cv_pelaces  cv_mph
0.309135 0.466192 0.893172
 ------------------------------------------------
Talla a la edad & desviaci?n 
 8 13.2811 15.8009 17.003 17.5766
 0.8 1.32811 1.58009 1.7003 1.75766
