years
 1991 1992 1993 1994 1995 1996 1997 1998 1999 2000 2001 2002 2003 2004 2005 2006 2007 2008 2009 2010 2011 2012 2013 2014 2015 2016 2017 2018 2019 2020 2021
reclasobs
 0 0 0 0 0 0 0 0 0 252601 567819 844713 477998 351125 339783 2.1784e+06 2.13404e+06 4.81314e+06 1.55562e+06 2.62356e+06 3.21686e+06 3.843e+06 1.13348e+06 3.07943e+06 1.97215e+06 2.03268e+06 2.025e+06 2.42433e+06 2.27542e+06 1.05018e+06 2.36338e+06
reclaspred
 3.41193e+06 1.95556e+06 998936 1.07741e+06 1.12913e+06 1.71765e+06 1.19455e+06 1.07784e+06 779354 569207 552952 664534 660366 542894 549915 1.22327e+06 1.27327e+06 2.58787e+06 2.16324e+06 1.62823e+06 2.90047e+06 2.36372e+06 1.94261e+06 2.98459e+06 2.24468e+06 1.99447e+06 2.30951e+06 2.37509e+06 1.99223e+06 1.32892e+06 2.0001e+06
pelacesobs
 0 0 0 0 0 0 0 0 0 0 0 0 0 0 0 552880 188675 0 991730 2.46772e+06 1.41603e+06 1.21717e+06 2.29649e+06 1.80582e+06 0 1.4828e+06 1.56532e+06 1.57751e+06 1.42118e+06 867257 1.10002e+06
pelacespred
 2.42742e+06 1.56747e+06 812608 642043 697821 1.0489e+06 784980 788371 584152 406533 380100 383313 414721 362293 360721 631937 733037 1.5342e+06 1.44699e+06 1.04981e+06 1.66346e+06 1.55448e+06 1.31179e+06 1.99718e+06 1.58965e+06 1.3984e+06 1.70963e+06 1.73263e+06 1.33274e+06 1.01246e+06 1.32615e+06
mphobs
 0 0 0 0 0 0 0 0 0 0 0 498337 0 5186 125008 0 168611 109162 213762 579715 649985 157893 87575 83554 0 0 0 0 0 0 0
mphpred
 511765 344853 177154 96910.8 118943 137228 179922 126599 108632 76731.1 50680.7 64091.5 67912 59543.7 44069.7 53888.1 141815 146621 255295 200074 214408 265362 253141 215099 297835 244058 202764 210942 283010 200047 134006
desembarqueobs
 494567 514787 250237 358949 120608 361735 552515 73892 212993 205616 52469 317467 293654 387597 252695 516296 358380 742168 942051 627588 828172 859565 418607 520667 417249 300574 415391 372974 316634 284311 391294
desembarquepred
 494573 513019 251203 358966 120611 361748 552572 73894.8 213032 205654 52471 317535 293712 387667 252706 516300 358409 742115 941970 627531 828258 859641 418628 520694 417260 300583 415402 372974 316640 284327 391301
Reclutas
 247185 143315 141727 298853 240053 376497 159434 77089.2 67017.8 84334.6 147354 184953 157117 111106 114601 554158 147876 831732 510030 379062 584561 778392 176617 512534 418237 196543 421368 460420 149839 114591 423099
log_desv_Rt
 0.050104 -0.494991 -0.506133 0.239918 0.020825 0.470876 -0.388402 -1.11507 -1.25508 -1.02524 -0.467199 -0.239932 -0.403042 -0.749548 -0.71858 0.857415 -0.463663 1.26348 0.774435 0.477665 0.910826 1.1972 -0.286052 0.779332 0.576014 -0.179156 0.583472 0.672105 -0.450474 -0.718665 0.58757
SSB
 4.76215e+06 3.20898e+06 1.64848e+06 901788 1.1068e+06 1.27696e+06 1.67424e+06 1.17805e+06 1.01086e+06 714009 471601 596394 631944 554075 410084 501447 1.31963e+06 1.36436e+06 2.37561e+06 1.86176e+06 1.99514e+06 2.46929e+06 2.35556e+06 2.00157e+06 2.77146e+06 2.27104e+06 1.88679e+06 1.96289e+06 2.6335e+06 1.8615e+06 1.24698e+06
BT
 6.2621e+06 4.27903e+06 2.20959e+06 2.0213e+06 1.91313e+06 3.18795e+06 2.4701e+06 2.10897e+06 1.70169e+06 1.24806e+06 1.07467e+06 1.30772e+06 1.38828e+06 1.39813e+06 1.27241e+06 2.27769e+06 2.19902e+06 5.05994e+06 4.79935e+06 3.29453e+06 5.27499e+06 4.95268e+06 3.72487e+06 6.08223e+06 4.48485e+06 3.88501e+06 5.1633e+06 5.19615e+06 3.58868e+06 2.79284e+06 4.11693e+06
Ftot
 0.0893004 0.159988 0.154181 0.212471 0.0677257 0.135468 0.282474 0.0431991 0.171028 0.224626 0.061832 0.300691 0.279605 0.444706 0.296046 0.277978 0.175604 0.187476 0.272927 0.242035 0.18238 0.230706 0.133853 0.113687 0.117 0.0946455 0.116589 0.102442 0.0977682 0.132639 0.128435
BD_Bspro_t
 0.985814 0.893311 0.776002 0.706597 0.718198 0.778658 0.772266 0.661245 0.705537 0.674704 0.645592 0.769832 0.667307 0.590694 0.501219 0.550893 0.670677 0.665407 0.72532 0.64465 0.618174 0.663871 0.678615 0.678826 0.768653 0.77454 0.782144 0.806842 0.837103 0.789073 0.745062
BD_Bspro
 2.83374 1.90952 0.980936 0.536613 0.658609 0.75986 0.996264 0.701004 0.601516 0.424874 0.280628 0.354887 0.376042 0.329705 0.244022 0.298388 0.785255 0.811869 1.41362 1.10785 1.18722 1.46936 1.40169 1.19105 1.64917 1.35139 1.12274 1.16803 1.56708 1.1077 0.742019
BD_Bo
 1.97561 1.33127 0.683884 0.374113 0.459166 0.529755 0.69457 0.488723 0.419362 0.296212 0.195647 0.247418 0.262167 0.229862 0.170126 0.208029 0.54746 0.566015 0.985537 0.772363 0.827698 1.0244 0.977223 0.830367 1.14976 0.942158 0.782749 0.81432 1.09253 0.772258 0.517317
BD_Brms
 13.5429 9.12593 4.68807 2.56457 3.14761 3.63151 4.76132 3.35023 2.87475 2.03055 1.34117 1.69607 1.79717 1.57572 1.16623 1.42605 3.75287 3.88007 6.75592 5.2946 5.67392 7.02234 6.69893 5.69222 7.88167 6.45855 5.3658 5.58222 7.48935 5.29388 3.54624
Sel_flota
 0.87513 1 1 1 1
 0.87513 1 1 1 1
 0.87513 1 1 1 1
 0.87513 1 1 1 1
 0.87513 1 1 1 1
 0.87513 1 1 1 1
 0.87513 1 1 1 1
 0.87513 1 1 1 1
 0.87513 1 1 1 1
 0.87513 1 1 1 1
 0.87513 1 1 1 1
 0.87513 1 1 1 1
 0.87513 1 1 1 1
 0.87513 1 1 1 1
 0.87513 1 1 1 1
 0.87513 1 1 1 1
 0.87513 1 1 1 1
 0.87513 1 1 1 1
 0.87513 1 1 1 1
 0.87513 1 1 1 1
 0.87513 1 1 1 1
 0.87513 1 1 1 1
 0.87513 1 1 1 1
 0.87513 1 1 1 1
 0.87513 1 1 1 1
 0.87513 1 1 1 1
 0.87513 1 1 1 1
 0.87513 1 1 1 1
 0.87513 1 1 1 1
 0.87513 1 1 1 1
 0.87513 1 1 1 1
Sel_reclas
 1 1 1 1 1
 1 1 1 1 1
 1 1 1 1 1
 1 1 1 1 1
 1 1 1 1 1
 1 1 1 1 1
 1 1 1 1 1
 1 1 1 1 1
 1 1 1 1 1
 1 1 1 1 1
 1 1 1 1 1
 1 1 1 1 1
 1 1 1 1 1
 1 1 1 1 1
 1 1 1 1 1
 1 1 1 1 1
 1 1 1 1 1
 1 1 1 1 1
 1 1 1 1 1
 1 1 1 1 1
 1 1 1 1 1
 1 1 1 1 1
 1 1 1 1 1
 1 1 1 1 1
 1 1 1 1 1
 1 1 1 1 1
 1 1 1 1 1
 1 1 1 1 1
 1 1 1 1 1
 1 1 1 1 1
 1 1 1 1 1
Sel_pelaces
 0.724233 0.929661 0.985189 0.997022 0.999407
 0.724233 0.929661 0.985189 0.997022 0.999407
 0.724233 0.929661 0.985189 0.997022 0.999407
 0.724233 0.929661 0.985189 0.997022 0.999407
 0.724233 0.929661 0.985189 0.997022 0.999407
 0.724233 0.929661 0.985189 0.997022 0.999407
 0.724233 0.929661 0.985189 0.997022 0.999407
 0.724233 0.929661 0.985189 0.997022 0.999407
 0.724233 0.929661 0.985189 0.997022 0.999407
 0.724233 0.929661 0.985189 0.997022 0.999407
 0.724233 0.929661 0.985189 0.997022 0.999407
 0.724233 0.929661 0.985189 0.997022 0.999407
 0.724233 0.929661 0.985189 0.997022 0.999407
 0.724233 0.929661 0.985189 0.997022 0.999407
 0.724233 0.929661 0.985189 0.997022 0.999407
 0.724233 0.929661 0.985189 0.997022 0.999407
 0.724233 0.929661 0.985189 0.997022 0.999407
 0.724233 0.929661 0.985189 0.997022 0.999407
 0.724233 0.929661 0.985189 0.997022 0.999407
 0.724233 0.929661 0.985189 0.997022 0.999407
 0.724233 0.929661 0.985189 0.997022 0.999407
 0.724233 0.929661 0.985189 0.997022 0.999407
 0.724233 0.929661 0.985189 0.997022 0.999407
 0.724233 0.929661 0.985189 0.997022 0.999407
 0.724233 0.929661 0.985189 0.997022 0.999407
 0.724233 0.929661 0.985189 0.997022 0.999407
 0.724233 0.929661 0.985189 0.997022 0.999407
 0.724233 0.929661 0.985189 0.997022 0.999407
 0.724233 0.929661 0.985189 0.997022 0.999407
 0.724233 0.929661 0.985189 0.997022 0.999407
 0.724233 0.929661 0.985189 0.997022 0.999407
pf_obs 
 0.8446 0.082 0.0669 0.0065 0
 0.8095 0.147 0.0364 0.0071 0
 0.9664 0.0169 0.016 0.0007 0
 0.9276 0.0648 0.0075 0.0001 0
 0.7033 0.2144 0.0806 0.0017 0
 0.9318 0.0425 0.0243 0.0014 0
 0.5671 0.3108 0.0964 0.0239 0.0018
 0.0768 0.2599 0.5324 0.112 0.0189
 0.490249 0.384438 0.106611 0.0170017 0.00170017
 0.7925 0.1577 0.0466 0.003 0.0002
 0.840416 0.127587 0.0312969 0.00059994 9.999e-05
 0.8084 0.0986 0.0794 0.0134 0.0002
 0.7335 0.1905 0.0724 0.0035 0.0001
 0.4001 0.4547 0.1325 0.0127 0
 0.49795 0.308269 0.164784 0.0264974 0.00249975
 0.9179 0.0499 0.0305 0.0017 0
 0.2467 0.6533 0.0926 0.0074 0
 0.9418 0.0223 0.034 0.0019 0
 0.707729 0.231977 0.0356964 0.0245975 0
 0.517169 0.277429 0.184464 0.0207286 0.00020938
 0.811772 0.124168 0.05621 0.00726502 0.000585176
 0.764997 0.148141 0.077277 0.00933861 0.000247198
 0.163321 0.427699 0.378323 0.0303852 0.000271297
 0.753843 0.0900009 0.118128 0.0371064 0.000921714
 0.721811 0.176058 0.0630433 0.0369309 0.00215725
 0.143369 0.312575 0.442814 0.0836902 0.0175525
 0.692698 0.0596174 0.167031 0.0765114 0.00414204
 0.394062 0.376323 0.152708 0.0712218 0.00568511
 0.125707 0.32114 0.495352 0.0537591 0.00404204
 0.23352 0.215282 0.420074 0.123614 0.00750983
 0.774587 0.0839891 0.0768558 0.0609784 0.00358967
pf_pred 
 0.428348 0.107046 0.441471 0.0231341 7.51097e-07
 0.410368 0.272944 0.059302 0.244569 0.0128164
 0.548765 0.201211 0.115737 0.025146 0.10914
 0.77223 0.133088 0.0422198 0.0242849 0.028177
 0.648071 0.280632 0.0416596 0.0132158 0.0164218
 0.730197 0.183181 0.0690735 0.0102539 0.00729487
 0.465598 0.404809 0.0879863 0.0331777 0.00842911
 0.426685 0.289067 0.215317 0.0467997 0.0221306
 0.499338 0.23049 0.136222 0.101467 0.0324831
 0.653257 0.185784 0.074101 0.0437943 0.0430641
 0.776989 0.153085 0.0374662 0.0149436 0.0175164
 0.719036 0.224763 0.0385789 0.00944184 0.00818021
 0.666441 0.24999 0.0668529 0.0114748 0.00524145
 0.605711 0.27594 0.0886978 0.0237198 0.00593102
 0.703244 0.191386 0.0737423 0.0237036 0.00792389
 0.917373 0.0607046 0.0141386 0.0054477 0.00233648
 0.431271 0.527974 0.029942 0.00697374 0.00383948
 0.88043 0.0558973 0.05911 0.00335219 0.00121061
 0.609302 0.349711 0.0191611 0.0202624 0.00156409
 0.594522 0.26164 0.128749 0.0070543 0.00803557
 0.742595 0.162284 0.0613778 0.030203 0.00353992
 0.74314 0.197697 0.0372999 0.0141073 0.00775559
 0.3389 0.509594 0.116609 0.0220009 0.0128956
 0.7437 0.0952669 0.124129 0.0284041 0.0085002
 0.62413 0.289336 0.0321647 0.0419092 0.0124599
 0.449756 0.361408 0.145362 0.0161595 0.0273149
 0.729829 0.130945 0.0914452 0.0367801 0.0110001
 0.686542 0.237255 0.0369337 0.0257925 0.0134766
 0.378644 0.444919 0.133545 0.020789 0.0221036
 0.451302 0.226193 0.230928 0.0693144 0.0222627
 0.82862 0.0834528 0.0362467 0.0370056 0.014675
pobs_RECLAS
 0 0 0 0 0
 0 0 0 0 0
 0 0 0 0 0
 0 0 0 0 0
 0 0 0 0 0
 0 0 0 0 0
 0 0 0 0 0
 0 0 0 0 0
 0 0 0 0 0
 0 0 0 0 0
 0.991045 0.00858322 0.000360255 1.14367e-05 0
 0.934742 0.0480273 0.0164251 0.00080598 0
 0.827803 0.169806 0.00239088 0 0
 0.941827 0.0461693 0.0120037 0 0
 0.791401 0.0380133 0.147996 0.0225897 0
 0.846168 0.0940531 0.0597789 0 0
 0.134021 0.677848 0.182769 0.00536245 0
 0.80878 0.0450904 0.141981 0.00414843 0
 0.846168 0.0940531 0.0597789 0 0
 0.905697 0.0802665 0.012482 0.00150086 5.37128e-05
 0.989698 0.0102097 9.19794e-05 0 0
 0.975433 0.0193895 0.00387452 0.00125025 5.28907e-05
 0.303575 0.632131 0.0575291 0.00676475 0
 0.966965 0.00978017 0.0227588 0.000495775 0
 0.843318 0.132988 0.00938335 0.0141283 0.000182051
 0.564624 0.303363 0.111486 0.0197234 0.00080311
 0.826376 0.0876187 0.0782897 0.00655872 0.00115652
 0.89761 0.0855135 0.0140674 0.00269457 0.000114338
 0.34875 0.467042 0.161289 0.0227151 0.000203297
 0.318654 0.224769 0.449479 0.00709798 0
 0.937255 0.0296025 0.0250945 0.00804832 0
ppred_RECLAS
 0.46152 0.100834 0.415853 0.0217917 7.07511e-07
 0.443446 0.257632 0.0559752 0.230849 0.0120974
 0.581969 0.186405 0.107221 0.0232956 0.101109
 0.795259 0.119632 0.0379512 0.0218296 0.0253282
 0.67802 0.25675 0.0381144 0.0120911 0.0150243
 0.755942 0.165701 0.0624823 0.00927547 0.00659877
 0.499794 0.378905 0.082356 0.0310546 0.00788973
 0.459701 0.272421 0.202918 0.0441047 0.0208561
 0.53314 0.214929 0.127025 0.0946167 0.03029
 0.683419 0.169623 0.0676551 0.0399847 0.039318
 0.799353 0.137734 0.033709 0.013445 0.0157598
 0.745921 0.203256 0.0348874 0.00853838 0.00739747
 0.696163 0.227714 0.060896 0.0104523 0.00477441
 0.638544 0.252962 0.0813119 0.0217446 0.00543714
 0.73106 0.173446 0.0668301 0.0214818 0.00718115
 0.927177 0.0535018 0.012461 0.00480131 0.00205925
 0.464757 0.496887 0.028179 0.00656312 0.00361341
 0.893987 0.0495594 0.0524078 0.00297211 0.00107334
 0.641352 0.321023 0.0175893 0.0186002 0.00143578
 0.626935 0.240725 0.118457 0.0064904 0.00739323
 0.767644 0.146491 0.0554049 0.0272638 0.00319543
 0.768273 0.178353 0.0336502 0.0127269 0.00699672
 0.369751 0.485813 0.111168 0.0209742 0.0122938
 0.768517 0.0860425 0.11211 0.0256538 0.00767715
 0.655166 0.265446 0.0295089 0.0384488 0.0114311
 0.4832 0.339441 0.136526 0.0151773 0.0256547
 0.755554 0.118477 0.082738 0.033278 0.00995269
 0.714743 0.21591 0.0336109 0.0234721 0.0122642
 0.410757 0.421924 0.126643 0.0197146 0.0209612
 0.484877 0.212352 0.216798 0.065073 0.0209005
 0.846931 0.0745365 0.032374 0.0330518 0.0131071
pobs_PELACES
 0 0 0 0 0
 0 0 0 0 0
 0 0 0 0 0
 0 0 0 0 0
 0 0 0 0 0
 0 0 0 0 0
 0 0 0 0 0
 0 0 0 0 0
 0 0 0 0 0
 0 0 0 0 0
 0 0 0 0 0
 0 0 0 0 0
 0 0 0 0 0
 0 0 0 0 0
 0 0 0 0 0
 0 0 0 0 0
 0.505614 0.472636 0.0217494 0 0
 0 0 0 0 0
 0.443492 0.261883 0.143347 0.151278 0
 0.227955 0.32914 0.350689 0.0885471 0.00366901
 0.970185 0.0296113 0.000203453 0 0
 0.997202 0.00247181 0.000326279 0 0
 0.445219 0.490057 0.0546422 0.010081 0
 0.90214 0.0892962 0.00764917 0.000914606 0
 0 0 0 0 0
 0.581667 0.319106 0.0959925 0.00289975 0.000334073
 0.762889 0.0836404 0.116647 0.0363945 0.000428098
 0.88444 0.0763242 0.0277011 0.0115352 0
 0.521256 0.241999 0.230069 0.00667565 0
 0.616807 0.101726 0.260614 0.0208532 0
 0.833518 0.0704572 0.0857862 0.0102388 0
ppred_PELACES
 0.389802 0.10892 0.476032 0.0252448 8.21585e-07
 0.375826 0.278439 0.0641092 0.26757 0.0140553
 0.51267 0.209451 0.127673 0.0280724 0.122133
 0.748057 0.143192 0.0481383 0.0280219 0.0325906
 0.618826 0.299965 0.0471894 0.0151498 0.01887
 0.704029 0.196993 0.0787184 0.0118261 0.00843345
 0.436769 0.420129 0.0967701 0.0369281 0.0094044
 0.391684 0.297423 0.234773 0.0516415 0.0244785
 0.463793 0.238321 0.149263 0.112517 0.0361065
 0.622065 0.196363 0.0829985 0.049642 0.0489311
 0.752972 0.166119 0.0430845 0.0173909 0.0204337
 0.695702 0.240348 0.0437179 0.0108281 0.00940367
 0.640005 0.265647 0.0752832 0.013077 0.0059876
 0.579061 0.28912 0.0984851 0.0266535 0.00668052
 0.677022 0.203687 0.0831697 0.0270551 0.00906588
 0.907952 0.0664876 0.0164104 0.006399 0.00275105
 0.404149 0.550652 0.0330933 0.00780028 0.00430481
 0.865104 0.0610878 0.0684572 0.00392891 0.00142228
 0.583173 0.370509 0.0215132 0.0230229 0.00178143
 0.564114 0.275284 0.143554 0.00795996 0.0090889
 0.716947 0.17431 0.0698638 0.0347918 0.0040875
 0.719822 0.212475 0.0424824 0.0162604 0.00896065
 0.311786 0.522958 0.126815 0.0242138 0.0142266
 0.714276 0.102173 0.141079 0.0326706 0.00980037
 0.594206 0.307549 0.0362315 0.0477751 0.0142378
 0.417163 0.37471 0.159714 0.0179682 0.0304449
 0.700768 0.140379 0.103889 0.0422869 0.0126773
 0.658575 0.254298 0.0419511 0.0296483 0.0155283
 0.348807 0.45807 0.145704 0.0229543 0.0244642
 0.415468 0.232292 0.25132 0.0763412 0.0245783
 0.807244 0.0907139 0.0417539 0.04314 0.0171486
pobs_pel_tallas
 0 0 0 0 0 0 0 0 0 0 0 0 0 0 0 0 0 0 0 0 0 0 0 0 0 0
 0 0 0 0 0 0 0 0 0 0 0 0 0 0 0 0 0 0 0 0 0 0 0 0 0 0
 0 0 0 0 0 0 0 0 0 0 0 0 0 0 0 0 0 0 0 0 0 0 0 0 0 0
 0 0 0 0 0 0 0 0 0 0 0 0 0 0 0 0 0 0 0 0 0 0 0 0 0 0
 0 0 0 0 0 0 0 0 0 0 0 0 0 0 0 0 0 0 0 0 0 0 0 0 0 0
 0 0 0 0 0 0 0 0 0 0 0 0 0 0 0 0 0 0 0 0 0 0 0 0 0 0
 0 0 0 0 0 0 0 0 0 0 0 0 0 0 0 0 0 0 0 0 0 0 0 0 0 0
 0 0 0 0 0 0 0 0 0 0 0 0 0 0 0 0 0 0 0 0 0 0 0 0 0 0
 0 0 0 0 0 0 0 0 0 0 0 0 0 0 0 0 0 0 0 0 0 0 0 0 0 0
 0 0 0 0 0 0 0 0 0 0 0 0 0 0 0 0 0 0 0 0 0 0 0 0 0 0
 0 0 0 0 0 0 0 0 0 0 0 0 0 0 0 0 0 0 0 0 0 0 0 0 0 0
 0 0 0 0 0 0 0 0 0 0 0 0 0 0 0 0 0 0 0 0 0 0 0 0 0 0
 0.00862536 0 0 0.000197151 0.00414017 0.0128641 0.00837892 0.0270097 0.101434 0.158115 0.152841 0.127902 0.109271 0.109419 0.0830992 0.0579132 0.0238553 0.00714673 0.00463305 0.00128148 0.00103504 0.000492878 0.000147863 0.000147863 4.92878e-05 0
 0 0 0 0 0 0 0 0 0 0 0 0 0 0 0 0 0 0 0 0 0 0 0 0 0 0
 0 0 0 0 0 0 0 0.0054083 0.00873648 0.0413646 0.0450493 0.0745869 0.0622846 0.0627006 0.0613931 0.0827291 0.12552 0.122667 0.0946155 0.0697135 0.0546179 0.0294188 0.0215738 0.0213955 0.0102223 0.00600262
 0 0 0 0 0.00359764 0.0251062 0.0480494 0.140153 0.205849 0.193036 0.1447 0.116669 0.0760912 0.0342217 0.00950174 0.001854 0.000860785 0 0 0 0.000165536 0 0.000143464 0 0 0
 0 0 0 0 0 0 0 0.000145254 0.000435761 0.0275982 0.070085 0.0708112 0.156366 0.174668 0.174014 0.160142 0.0824315 0.0480064 0.0283245 0.00493863 0.00203355 0 0 0 0 0
 0 0 0 0 0 0 0 0 0 0 0 0 0 0 0 0 0 0 0 0 0 0 0 0 0 0
 0 0 1.00437e-05 0.000401748 0.00122533 0.00171747 0.00176769 0.0269171 0.070346 0.194647 0.189555 0.159765 0.064822 0.0314167 0.0384472 0.0292271 0.0345202 0.0313363 0.0194345 0.0106764 0.0143323 0.0359363 0.0279516 0.0138201 0.00172751 0
 0 0.0021121 0.0136068 0.0755702 0.200478 0.177729 0.0527432 0.0373336 0.0318909 0.0142505 0.0149659 0.0166563 0.0217959 0.0798694 0.0677717 0.0528807 0.04013 0.0224614 0.0357745 0.0225083 0.00881397 0.00855152 0.00135912 0.000746735 0 0
 0 0 0 0 5.4009e-05 0.00500934 0.000945158 0.0243581 0.138947 0.33067 0.221406 0.137944 0.0707744 0.0437923 0.0131692 0.00525238 0.0047753 0.00276346 9.45158e-05 9.00151e-06 2.25038e-05 9.00151e-06 4.50075e-06 0 0 0
 0.000866109 0.00284123 0.00948549 0.0512746 0.133035 0.25785 0.225252 0.132002 0.0553304 0.0519788 0.0540692 0.017754 0.00435017 0.00159236 0.00146478 0.000404838 0.000125132 0.000115318 0.000107957 0.000100596 0 0 0 0 0 0
 0 0 0 0 0.00144013 0.00171154 0.00461396 0.0210425 0.0478622 0.0707936 0.0888783 0.103762 0.0637923 0.0337046 0.0602308 0.124433 0.169614 0.0934646 0.0462172 0.0250306 0.0313229 0.00938855 0.002487 0.000210481 0 0
 0 0.00764035 0.051015 0.0998891 0.058973 0.0496711 0.0374665 0.0718981 0.12319 0.153886 0.159021 0.0857701 0.0377988 0.023471 0.0147837 0.00900784 0.00315554 0.000888139 0.00291439 0.00214683 0.00393193 0.00274676 0.000635225 9.99891e-05 0 0
 0 0 0 0 0 0 0 0 0 0 0 0 0 0 0 0 0 0 0 0 0 0 0 0 0 0
 0 0 0 0 0 0 0 0 0 0 0 0 0 0 0 0 0 0 0 0 0 0 0 0 0 0
 0 0 0 0 0 0 0 0 0 0 0 0 0 0 0 0 0 0 0 0 0 0 0 0 0 0
 0 0 0 0 0 0 0 0 0 0 0 0 0 0 0 0 0 0 0 0 0 0 0 0 0 0
 0 0 0 0 0 0 0 0 0 0 0 0 0 0 0 0 0 0 0 0 0 0 0 0 0 0
 0 0 0 0 0 0 0 0 0 0 0 0 0 0 0 0 0 0 0 0 0 0 0 0 0 0
 0 0 0 0 0 0 0 0 0 0 0 0 0 0 0 0 0 0 0 0 0 0 0 0 0 0
ppred_pel_tallas
 1.16297e-16 3.21075e-05 0.000312096 0.00207399 0.00942806 0.0293343 0.0625002 0.0912232 0.0912344 0.0625553 0.0295215 0.00997798 0.00348879 0.00351436 0.00644633 0.0114713 0.0185304 0.0274728 0.0380052 0.0497384 0.0619717 0.0733095 0.0815962 0.0845454 0.0808288 0.0708879
 1.31134e-16 3.09564e-05 0.000300907 0.00199963 0.00909007 0.0282827 0.0602603 0.0879573 0.0879843 0.0603922 0.0287259 0.010372 0.00522535 0.00737021 0.0135426 0.02258 0.0331318 0.0430544 0.0503101 0.0542814 0.0562546 0.0585011 0.0625994 0.0682805 0.0735628 0.0759096
 1.27222e-16 4.2228e-05 0.000410471 0.00272773 0.0123999 0.0385807 0.082201 0.119979 0.119999 0.0823006 0.0389158 0.0133701 0.00517249 0.00577908 0.0103332 0.0172712 0.0254919 0.0334005 0.0394443 0.0430519 0.0449978 0.0467845 0.0495126 0.0531272 0.0565129 0.0581937
 1.09752e-16 6.16165e-05 0.000598934 0.00398013 0.0180931 0.0562944 0.119942 0.175061 0.175075 0.120009 0.0565221 0.0187514 0.0056356 0.0042231 0.00697553 0.0115181 0.0167901 0.0215621 0.0246441 0.0255456 0.0247757 0.0234655 0.0226056 0.022495 0.0227368 0.0226376
 1.06152e-16 5.09719e-05 0.000495465 0.00329254 0.0149674 0.0465694 0.0992221 0.144824 0.144853 0.0993635 0.047044 0.0163384 0.00673464 0.00801199 0.0143336 0.0236359 0.034094 0.0429884 0.0475886 0.0466583 0.0411962 0.0337477 0.0268552 0.0218511 0.018693 0.016591
 1.04936e-16 5.799e-05 0.000563683 0.00374587 0.0170282 0.0529812 0.112883 0.16476 0.164779 0.112976 0.0532944 0.0179339 0.00602333 0.00554852 0.00956365 0.0158197 0.0230188 0.02944 0.0333555 0.0339519 0.0317659 0.028222 0.0246702 0.0217084 0.0191944 0.0167153
 1.08195e-16 3.59761e-05 0.000349701 0.00232389 0.0105641 0.032869 0.0700324 0.102223 0.102263 0.0702306 0.0335348 0.0124879 0.00715633 0.0109102 0.0201255 0.0333028 0.0481798 0.061034 0.0680889 0.06761 0.0609072 0.051361 0.0422905 0.0353482 0.0303856 0.0263855
 1.16173e-16 3.22625e-05 0.000313603 0.00208401 0.00947361 0.0294761 0.0628029 0.0916688 0.0916978 0.0629447 0.029953 0.0108553 0.00556762 0.00796972 0.0147238 0.0246869 0.0364898 0.0478446 0.0563989 0.0610312 0.0623643 0.0619895 0.061093 0.0596777 0.056893 0.0519678
 1.21763e-16 3.82021e-05 0.000371338 0.00246767 0.0112177 0.0349025 0.0743643 0.108542 0.108565 0.0744777 0.035284 0.0123227 0.00525272 0.00648944 0.0117721 0.0197075 0.029121 0.0382106 0.0451937 0.0493567 0.0514478 0.0529726 0.0549557 0.0571835 0.058434 0.0573498
 1.15705e-16 5.12387e-05 0.000498059 0.00330978 0.0150458 0.0468131 0.0997409 0.145579 0.145598 0.099834 0.0471259 0.0159508 0.00558729 0.00548922 0.00958847 0.015927 0.0233173 0.03015 0.0348483 0.036774 0.0366146 0.0358441 0.0356799 0.0363581 0.0371778 0.0370977
 1.06488e-16 6.20213e-05 0.000602869 0.00400628 0.018212 0.0566643 0.12073 0.176212 0.176228 0.120808 0.0569278 0.0189735 0.00591992 0.00478705 0.00802861 0.0132287 0.019181 0.0244054 0.0274461 0.0276614 0.0256041 0.0226176 0.0199744 0.0182331 0.0171931 0.0162924
 1.04001e-16 5.73041e-05 0.000557017 0.00370157 0.0168268 0.0523546 0.111548 0.162812 0.162835 0.111661 0.0527351 0.0179259 0.00646124 0.00658434 0.0115131 0.0189661 0.0273717 0.0345404 0.0382802 0.037585 0.0332248 0.0271988 0.0215087 0.0172124 0.0143071 0.0122308
 1.04566e-16 5.27164e-05 0.000512422 0.00340523 0.0154797 0.0481632 0.102618 0.149779 0.149805 0.102743 0.0485845 0.0166974 0.00646485 0.00720129 0.0127845 0.0211262 0.0306013 0.0388439 0.0434662 0.0433506 0.0392755 0.0333068 0.0274765 0.0228036 0.0192341 0.0162254
 1.0672e-16 4.76966e-05 0.000463628 0.00308097 0.0140057 0.0435769 0.0928463 0.135518 0.135546 0.092983 0.0440361 0.0153332 0.006418 0.00776397 0.0139583 0.0231209 0.0335849 0.0428297 0.0483046 0.0488211 0.0452085 0.039633 0.034165 0.0297481 0.0261851 0.0228218
 1.067e-16 5.57655e-05 0.00054206 0.00360218 0.016375 0.0509488 0.108553 0.15844 0.15846 0.108649 0.0512729 0.0173121 0.00595906 0.00570238 0.00990113 0.0163988 0.0238974 0.0306437 0.0348823 0.0358045 0.0339864 0.0308933 0.0278716 0.0254463 0.0233517 0.0210517
 1.01598e-16 7.47868e-05 0.000726954 0.00483087 0.0219604 0.0683271 0.145578 0.212477 0.212484 0.14561 0.0684325 0.022265 0.00559614 0.0023997 0.00325803 0.0052848 0.00764615 0.00970182 0.0108547 0.0108343 0.00984928 0.00843152 0.00709757 0.00609562 0.0053869 0.00479713
 1.02607e-16 3.32894e-05 0.000323585 0.00215034 0.00977515 0.0304144 0.064803 0.094593 0.094646 0.065062 0.0312836 0.0122849 0.00844649 0.0140563 0.0260796 0.0429711 0.0616847 0.0771212 0.084105 0.0802516 0.0674119 0.0504705 0.0345006 0.0224645 0.0147722 0.0102949
 1.02626e-16 7.12575e-05 0.000692648 0.00460289 0.0209241 0.0651026 0.138708 0.20245 0.202456 0.138737 0.0652011 0.0212099 0.00532478 0.00228329 0.00313529 0.0051826 0.00771908 0.0102471 0.0122908 0.0135988 0.0142315 0.0144069 0.0142523 0.0136978 0.0125891 0.010885
 1.03326e-16 4.80353e-05 0.00046692 0.00310285 0.0141051 0.0438865 0.0935061 0.136482 0.136518 0.0936803 0.0444714 0.0157942 0.00734058 0.00971117 0.017585 0.0289454 0.0415774 0.0520505 0.0569108 0.0545888 0.0463579 0.0355079 0.0254118 0.0179727 0.0133417 0.0106365
 1.0655e-16 4.64654e-05 0.00045166 0.00300144 0.0136441 0.0424521 0.0904496 0.132019 0.132046 0.0905802 0.0428908 0.0149133 0.00619503 0.00744898 0.0134107 0.0222922 0.0325613 0.0418869 0.0478856 0.0493988 0.0470772 0.0427368 0.0380649 0.0337563 0.0296062 0.0251838
 1.06242e-16 5.9054e-05 0.000574026 0.00381461 0.0173407 0.0539533 0.114954 0.167782 0.167799 0.115036 0.0542306 0.0181427 0.00583198 0.00499143 0.00848845 0.0140454 0.020478 0.0262862 0.0299806 0.0308851 0.0295058 0.0270974 0.0247912 0.0229912 0.0214095 0.0195315
 1.04428e-16 5.92908e-05 0.000576328 0.0038299 0.0174102 0.0541697 0.115415 0.168456 0.168476 0.115515 0.0545062 0.0183824 0.00627155 0.0059106 0.0102024 0.0168057 0.0242826 0.0307074 0.0341606 0.0337689 0.0302164 0.0252529 0.0206056 0.0171482 0.0148138 0.0130571
 1.0863e-16 2.56815e-05 0.000249633 0.0016589 0.00754117 0.0234636 0.0499937 0.0729778 0.0730283 0.0502404 0.0242924 0.00993603 0.00767451 0.0133956 0.0250331 0.0414508 0.0599591 0.0759248 0.0846216 0.0838503 0.0751973 0.0628417 0.0509283 0.0415893 0.0347706 0.0293555
 1.09033e-16 5.8834e-05 0.000571888 0.0038004 0.0172761 0.0537523 0.114525 0.167155 0.167165 0.114574 0.0539182 0.0177579 0.00502011 0.00326816 0.00527846 0.00889256 0.0134123 0.018144 0.0223953 0.0258201 0.0285181 0.0307358 0.0324434 0.0332022 0.0324394 0.0298747
 1.08325e-16 4.8944e-05 0.000475754 0.00316155 0.014372 0.0447167 0.0952747 0.139062 0.139092 0.0954196 0.0452031 0.0157771 0.00668907 0.00817822 0.0146837 0.0242171 0.0349349 0.0440667 0.0488467 0.0480632 0.0428087 0.0357469 0.0294827 0.025291 0.0229504 0.0214367
 1.11659e-16 3.43612e-05 0.000334003 0.00221957 0.0100899 0.0313935 0.0668885 0.0976334 0.0976697 0.0670659 0.0319897 0.0118139 0.00655556 0.00982727 0.0181454 0.0301576 0.0439411 0.0563101 0.0640132 0.0655272 0.0618782 0.0557516 0.0496604 0.0446642 0.0404074 0.0360283
 1.09421e-16 5.77214e-05 0.000561072 0.00372852 0.0169493 0.0527357 0.11236 0.163995 0.164009 0.112426 0.0529608 0.0176012 0.005372 0.00417286 0.00698839 0.0116499 0.0172214 0.0226013 0.0267018 0.0290335 0.0299388 0.0302066 0.030397 0.0304493 0.0298381 0.0280451
 1.06877e-16 5.4246e-05 0.00052729 0.00350403 0.0159288 0.0495606 0.105595 0.154124 0.154149 0.105715 0.0499632 0.0170918 0.00642433 0.00690616 0.0121807 0.0200842 0.0290091 0.0366662 0.0407735 0.0403175 0.0361666 0.0304692 0.0253249 0.0217607 0.0196118 0.0180922
 1.10764e-16 2.87309e-05 0.000279274 0.00185588 0.00843658 0.0262496 0.0559291 0.0816395 0.0816838 0.0561456 0.0269767 0.0105384 0.00713822 0.011832 0.0220322 0.0365428 0.0530245 0.067492 0.0758788 0.0762925 0.0700738 0.0607313 0.051662 0.0444847 0.0389699 0.0340821
 1.19128e-16 3.42216e-05 0.000332646 0.00221055 0.0100489 0.0312658 0.066616 0.0972328 0.0972555 0.0667274 0.0316408 0.0111367 0.00495917 0.00639274 0.0117199 0.0197854 0.0295907 0.0395178 0.0479047 0.0539692 0.0581106 0.0612422 0.0637499 0.0650232 0.0639122 0.0596211
 1.08457e-16 6.64916e-05 0.000646322 0.00429504 0.0195246 0.0607484 0.129431 0.18891 0.188919 0.129474 0.0608932 0.0199436 0.00534998 0.00296039 0.00449487 0.00741637 0.0108976 0.014188 0.01659 0.0178391 0.0182646 0.0185215 0.0190985 0.0199898 0.0207458 0.0207906
pSPR Fmed_Fpbrs
0.732841   0.195878 0.195878
Fs Fmed_Fpbrs
0.156965   1.005 1.005
SSBpbr Bo_Bmed_Bpbrs
2.41047e+06  1.64597e+06  351633 351633
Ro
235106
SPR SPRFo_SPRFmed_SPRFpbrs
1.68052e+06 1.23155e+06 329176
Fref
1.005
Nvult_r0
 283996 25391.5 11028.5 11259.4 4465.03
CTP_r0
 28695.2 2889.98 1255.23 1281.51 508.195
YTP_r0
391301
Np
 312014 139102 12144.3 5274.73 7127.47
Nvult_p0
 264380 120371 10508.9 4564.43 6167.68
CTP_p0
 123715 60335.3 5267.57 2287.91 3091.53
YTP_p0
 2.19871e+06
CBA_c0
933523
log_Ro
12.1878
likeval ReclasPelacesDesembMPH_pf_preclas_ppelaces_ptallas_desvR_qrecl_qpela
 17.9967 17.9197 0.134732 0.000802573 241.882 120.902 99.6818 0 20.6495 1.02881e-05 0 0.684307 0 0 0
q_reclas_q_pelaces
0.634755 1
M
1
N
 247185 54307.7 223972 11736.6 0.381054
 143315 84098.5 18271.9 75355.7 3948.94
 141727 45834.3 26364 5728.06 24861.2
 298853 45557.4 14452.3 8313 9645.27
 240053 91287.4 13551.6 4298.99 5341.89
 376497 83228.6 31383.7 4658.89 3314.43
 159434 123021 26739 10082.7 2561.6
 77089.2 45806.8 34120 7416.07 3506.9
 67017.8 27307.4 16138.9 12021.4 3848.44
 84334.6 21227.3 8466.61 5003.84 4920.41
 147354 25488.2 6238 2488.06 2916.41
 184953 51353 8814.36 2157.24 1868.98
 157117 52298 13985.7 2400.54 1096.52
 111106 45254.5 14546.5 3890.07 972.694
 114601 27696.6 10671.7 3430.3 1146.72
 554158 32536.9 7578.12 2919.9 1252.32
 147876 159842 9064.79 2111.26 1162.38
 831732 46651.1 49332.3 2797.69 1010.35
 510030 259678 14228.1 15045.9 1161.42
 379062 147765 72712.7 3984.03 4538.21
 584561 112831 42673.9 20999.1 2461.19
 778392 183324 34588 13081.6 7191.72
 176617 234003 53546.4 10102.7 5921.57
 512534 57791.6 75300 17230.7 5156.46
 418237 170695 18975.6 24724.4 7350.75
 196543 138887 55861.5 6209.97 10496.9
 421368 66556.6 46479.6 18694.5 5591.1
 460420 139977 21790.3 15217.2 7950.98
 149839 154855 46480.5 7235.66 7693.19
 114591 50602.5 51661.9 15506.6 4980.49
 423099 37535.7 16303.2 16644.5 6600.57
pred_Ctot
 11821.3 2954.2 12183.5 638.443 0.0207284
 11972.1 7962.88 1730.08 7135.06 373.906
 11433.3 4192.15 2411.34 523.907 2273.88
 32543.7 5608.66 1779.25 1023.43 1187.45
 8774.72 3799.68 564.061 178.938 222.347
 26865.1 6739.52 2541.32 377.258 268.39
 22521.6 19581.1 4256.01 1604.85 407.727
 1813.43 1228.55 915.111 198.902 94.0562
 5961.3 2751.68 1626.27 1211.36 387.796
 9667.45 2749.39 1096.61 648.106 637.3
 4928.03 970.94 237.629 94.7796 111.097
 27635.3 8638.5 1482.73 362.886 314.397
 21990.9 8249.04 2205.98 378.64 172.955
 23367.1 10645.2 3421.77 915.06 228.806
 16886.2 4595.53 1770.69 569.168 190.267
 77154.9 5105.51 1189.12 458.175 196.508
 13483.7 16507.1 936.137 218.034 120.041
 80626.5 5118.87 5413.07 306.981 110.863
 69843.8 40087.1 2196.42 2322.66 179.29
 46534.5 20479.1 10077.4 552.154 628.96
 55225.7 12068.8 4564.57 2246.15 263.258
 91447.8 24327.8 4589.97 1735.98 954.371
 12459.6 18735.2 4287.13 808.86 474.103
 30932.4 3962.4 5162.83 1181.4 353.545
 25946.1 12028.2 1337.14 1742.23 517.978
 9942.83 7989.72 3213.54 357.241 603.856
 26052.3 4674.27 3264.26 1312.92 392.664
 25140.2 8687.96 1352.46 944.486 493.495
 7821.46 9190.47 2758.57 429.428 456.582
 8014.06 4016.66 4100.75 1230.86 395.334
 28695.2 2889.98 1255.23 1281.51 508.195
F
 0.0781495 0.0893004 0.0893004 0.0893004 0.0893004
 0.140011 0.159988 0.159988 0.159988 0.159988
 0.134928 0.154181 0.154181 0.154181 0.154181
 0.18594 0.212471 0.212471 0.212471 0.212471
 0.0592688 0.0677257 0.0677257 0.0677257 0.0677257
 0.118552 0.135468 0.135468 0.135468 0.135468
 0.247201 0.282474 0.282474 0.282474 0.282474
 0.0378048 0.0431991 0.0431991 0.0431991 0.0431991
 0.149672 0.171028 0.171028 0.171028 0.171028
 0.196577 0.224626 0.224626 0.224626 0.224626
 0.0541111 0.061832 0.061832 0.061832 0.061832
 0.263144 0.300691 0.300691 0.300691 0.300691
 0.244691 0.279605 0.279605 0.279605 0.279605
 0.389175 0.444706 0.444706 0.444706 0.444706
 0.259079 0.296046 0.296046 0.296046 0.296046
 0.243267 0.277978 0.277978 0.277978 0.277978
 0.153676 0.175604 0.175604 0.175604 0.175604
 0.164066 0.187476 0.187476 0.187476 0.187476
 0.238847 0.272927 0.272927 0.272927 0.272927
 0.211812 0.242035 0.242035 0.242035 0.242035
 0.159607 0.18238 0.18238 0.18238 0.18238
 0.201897 0.230706 0.230706 0.230706 0.230706
 0.117139 0.133853 0.133853 0.133853 0.133853
 0.099491 0.113687 0.113687 0.113687 0.113687
 0.10239 0.117 0.117 0.117 0.117
 0.0828271 0.0946455 0.0946455 0.0946455 0.0946455
 0.10203 0.116589 0.116589 0.116589 0.116589
 0.0896504 0.102442 0.102442 0.102442 0.102442
 0.0855599 0.0977682 0.0977682 0.0977682 0.0977682
 0.116076 0.132639 0.132639 0.132639 0.132639
 0.112397 0.128435 0.128435 0.128435 0.128435
YTP_r0W_actual
 243909 47106.6 36276.1 44596.4 19413.1
YTP_p0W_proyectada
 930340 972606 123156 67493.3 105112
CTP_r0_actual
 28695.2 2889.98 1255.23 1281.51 508.195
CTP_p0_proyectada
 123715 60335.3 5267.57 2287.91 3091.53
Wmedp
 7.52 16.12 23.38 29.5 34
Frms_r0
 0.112397 0.128435 0.128435 0.128435 0.128435
Zrms_r0
 1.1124 1.12843 1.12843 1.12843 1.12843
nmprior
 8.19 8.8 8.5 0
nm_flota  nm_reclas  nm_pelaces    nm_pelaL
inf 11.3148 12.4112 26.4215
cv_recla  cv_pelaces  cv_mph
0.383726 0.479995 0.874274
 ------------------------------------------------
Talla a la edad & desviaci?n 
 8 13.2811 15.8009 17.003 17.5766
 0.8 1.32811 1.58009 1.7003 1.75766
