    unsorted:	 2.363667883e-06 2.283474230e-06 6.045840443e-05 5.352881776e-05 2.109068979e-05 8.326302369e-05 0.001099994056 13.48628786 66.89486875 172.2905464 158.8462025 240.3925878 295.8909516 383.4327826 713.0839143 809.1513546 849.2804914 927.9724434 966.8161178 552.6852693 1068.677283 1197.744530 1278.610539 1369.090007 1556.889118 1610.144172 1948.920112 2064.549350 2152.295932 2525.939907 2490.481466 2470.166087 2291.097539 2632.064756 2641.556384 2866.539666 3186.505777 3286.486570 3413.109014 3889.185600 4004.017106 4268.469752 5471.152538 8898.936291 37052.48989 402581.6062 403988.4181 411889.5035 416923.7002 386513.3033 367006.1712 451566.0212 464964.5777 469041.1012 474342.8163 345225.4152 158344.0803 528314.7630 558653.7373 585409.8486 611921.2202 665550.0553 819725.5966 870446.7814 999050.8970 1064544.182 1315672.899 1332226.349 1514629.927 1645145.592 2224621.912 2347114.303 2637870.018 2709296.027 3118839.242 3136499.200 4130286.957
      sorted:	 2.283474230e-06 2.363667883e-06 2.109068979e-05 5.352881776e-05 6.045840443e-05 8.326302369e-05 0.001099994056 13.48628786 66.89486875 158.8462025 172.2905464 240.3925878 295.8909516 383.4327826 552.6852693 713.0839143 809.1513546 849.2804914 927.9724434 966.8161178 1068.677283 1197.744530 1278.610539 1369.090007 1556.889118 1610.144172 1948.920112 2064.549350 2152.295932 2291.097539 2470.166087 2490.481466 2525.939907 2632.064756 2641.556384 2866.539666 3186.505777 3286.486570 3413.109014 3889.185600 4004.017106 4268.469752 5471.152538 8898.936291 37052.48989 158344.0803 345225.4152 367006.1712 386513.3033 402581.6062 403988.4181 411889.5035 416923.7002 451566.0212 464964.5777 469041.1012 474342.8163 528314.7630 558653.7373 585409.8486 611921.2202 665550.0553 819725.5966 870446.7814 999050.8970 1064544.182 1315672.899 1332226.349 1514629.927 1645145.592 2224621.912 2347114.303 2637870.018 2709296.027 3118839.242 3136499.200 4130286.957
