years
 1991 1992 1993 1994 1995 1996 1997 1998 1999 2000 2001 2002 2003 2004 2005 2006 2007 2008 2009 2010 2011 2012 2013 2014 2015 2016 2017 2018 2019 2020 2021
reclasobs
 0 0 0 0 0 0 0 0 0 252601 567819 844713 477998 351125 339783 2.1784e+06 2.13404e+06 4.81314e+06 1.55562e+06 2.62356e+06 3.21686e+06 3.843e+06 1.13348e+06 3.07943e+06 1.97215e+06 2.03268e+06 2.025e+06 2.42433e+06 2.27542e+06 1.05018e+06 2.36338e+06
reclaspred
 4.70082e+06 1.70393e+06 944134 670094 280098 2.87792e+06 1.29438e+06 680142 448078 245090 433090 798267 749311 539004 413427 1.75517e+06 900841 4.2939e+06 2.62072e+06 1.99974e+06 2.99575e+06 3.03335e+06 1.69184e+06 3.09213e+06 2.27089e+06 1.66661e+06 2.25515e+06 3.28534e+06 2.29985e+06 872475 1.41135e+06
pelacesobs
 0 0 0 0 0 0 0 0 0 0 0 0 0 0 0 552880 188675 0 991730 2.46772e+06 1.41603e+06 1.21717e+06 2.29649e+06 1.80582e+06 0 1.4828e+06 1.56532e+06 1.57751e+06 1.42118e+06 867257 1.10002e+06
pelacespred
 3.11059e+06 1.07683e+06 490534 259301 123191 1.75036e+06 628515 462732 223827 99334.5 249017 364673 382673 258102 195988 822245 400716 2.5802e+06 1.43421e+06 945364 1.57739e+06 1.56126e+06 920488 2.00255e+06 1.33034e+06 993165 1.57652e+06 2.30233e+06 1.36548e+06 524125 818385
mphobs
 0 0 0 0 0 0 0 0 0 0 0 498337 0 5186 125008 0 168611 109162 213762 579715 649985 157893 87575 83554 0 0 0 0 0 0 0
mphpred
 1.07706e+06 503278 133270 104228 50915.2 27390.4 349797 120839 66924.3 28352.9 14284.8 56305.4 72962.3 52070.3 26044.8 27526.2 195615 85084.1 476775 211706 249944 270666 340663 185231 338467 279349 176026 228153 475544 234402 72326.1
desembarqueobs
 494567 514787 250237 358949 120608 361735 552515 73892 212993 205616 52469 317467 293654 387597 252695 516296 358380 742168 942051 627588 828172 859565 418607 520667 417249 300574 415391 372974 316634 284311 391294
desembarquepred
 494510 514568 249915 358753 120560 361593 552015 73879.8 212856 205473 52460.6 317253 293403 387049 252445 515870 358153 741624 940720 626710 827765 858738 418298 520428 416921 300378 415126 372725 316361 283979 391108
Reclutas
 51004.9 37755.7 138308 58310.5 22908.8 283768 36199.1 10227.6 25298.8 39415.8 44497.3 111003 82978.8 66806.7 44465.3 270894 22802.1 476819 186848 223786 218403 423952 36378.9 175039 160983 44984.4 141146 197363 35960.3 19770.5 110610
log_desv_Rt
 -0.429493 -0.730277 0.568067 -0.295633 -1.22989 1.28674 -0.77238 -2.03633 -1.13066 -0.687248 -0.565985 0.348142 0.057171 -0.159612 -0.566707 1.24031 -1.23456 1.80572 0.868878 1.04927 1.02493 1.68821 -0.767426 0.803593 0.719885 -0.555099 0.588381 0.923631 -0.778998 -1.37723 0.344596
SSB
 1.55616e+06 727148 192552 150590 73563.4 39574.2 505394 174591 96693.7 40964.9 20639 81351.3 105418 75232.4 37630.1 39770.5 282629 122931 688856 305877 361125 391065 492198 267627 489024 403610 254326 329641 687077 338670 104498
BT
 2.04113e+06 1.08548e+06 479906 405040 162383 1.29862e+06 806099 311184 324585 246710 181727 461112 474091 543748 357471 867745 488531 2.1144e+06 1.64902e+06 1.02612e+06 1.55868e+06 1.59262e+06 833193 1.60504e+06 1.08096e+06 787006 1.30393e+06 1.63604e+06 967867 556968 828483
Ftot
 0.308964 0.839513 0.843555 1.48952 1.23046 0.466874 1.14196 0.332153 1.42081 2.28934 0.439986 1.2714 1.2241 2.06568 1.86918 1.03335 1.09288 0.625571 1.05926 1.00983 0.888367 0.932268 0.715543 0.582892 0.585248 0.548662 0.628437 0.399763 0.402933 0.915025 0.947383
BD_Bspro_t
 0.951768 0.648689 0.308125 0.273238 0.132355 0.0971183 0.479727 0.217534 0.179001 0.105194 0.0738179 0.303335 0.239286 0.158556 0.0834322 0.0910989 0.295489 0.155048 0.419912 0.230328 0.223123 0.23688 0.29298 0.205935 0.352847 0.363277 0.316442 0.408882 0.56185 0.393662 0.202729
BD_Bspro
 2.77803 1.29809 0.343739 0.268831 0.131324 0.070647 0.902219 0.311676 0.172616 0.0731296 0.0368444 0.145227 0.188189 0.134303 0.0671765 0.0709974 0.504542 0.219454 1.22973 0.546045 0.644673 0.698121 0.878661 0.477761 0.872996 0.720516 0.454017 0.588468 1.22656 0.604585 0.186548
BD_Bo
 1.15779 0.541002 0.14326 0.11204 0.0547316 0.0294434 0.376016 0.129896 0.0719407 0.0304781 0.0153556 0.0605258 0.0784313 0.0559733 0.027997 0.0295894 0.210277 0.0914616 0.512512 0.227574 0.268679 0.290954 0.366198 0.199116 0.363837 0.300288 0.18922 0.245255 0.511189 0.251972 0.0777473
BD_Brms
 6.58205 3.07559 0.81443 0.636947 0.311149 0.167386 2.13765 0.738461 0.408982 0.173268 0.0872963 0.344089 0.445881 0.318208 0.159163 0.168216 1.19542 0.519959 2.91363 1.29376 1.52744 1.65407 2.08183 1.13197 2.06841 1.70714 1.07571 1.39427 2.90611 1.43246 0.441993
Sel_flota
 0.73323 1 1 1 1
 0.73323 1 1 1 1
 0.73323 1 1 1 1
 0.73323 1 1 1 1
 0.73323 1 1 1 1
 0.73323 1 1 1 1
 0.73323 1 1 1 1
 0.73323 1 1 1 1
 0.73323 1 1 1 1
 0.73323 1 1 1 1
 0.73323 1 1 1 1
 0.73323 1 1 1 1
 0.73323 1 1 1 1
 0.73323 1 1 1 1
 0.73323 1 1 1 1
 0.73323 1 1 1 1
 0.73323 1 1 1 1
 0.73323 1 1 1 1
 0.73323 1 1 1 1
 0.73323 1 1 1 1
 0.73323 1 1 1 1
 0.73323 1 1 1 1
 0.73323 1 1 1 1
 0.73323 1 1 1 1
 0.73323 1 1 1 1
 0.73323 1 1 1 1
 0.73323 1 1 1 1
 0.73323 1 1 1 1
 0.73323 1 1 1 1
 0.73323 1 1 1 1
 0.73323 1 1 1 1
Sel_reclas
 0.967328 1 1 1 1
 0.967328 1 1 1 1
 0.967328 1 1 1 1
 0.967328 1 1 1 1
 0.967328 1 1 1 1
 0.967328 1 1 1 1
 0.967328 1 1 1 1
 0.967328 1 1 1 1
 0.967328 1 1 1 1
 0.967328 1 1 1 1
 0.967328 1 1 1 1
 0.967328 1 1 1 1
 0.967328 1 1 1 1
 0.967328 1 1 1 1
 0.967328 1 1 1 1
 0.967328 1 1 1 1
 0.967328 1 1 1 1
 0.967328 1 1 1 1
 0.967328 1 1 1 1
 0.967328 1 1 1 1
 0.967328 1 1 1 1
 0.967328 1 1 1 1
 0.967328 1 1 1 1
 0.967328 1 1 1 1
 0.967328 1 1 1 1
 0.967328 1 1 1 1
 0.967328 1 1 1 1
 0.967328 1 1 1 1
 0.967328 1 1 1 1
 0.967328 1 1 1 1
 0.967328 1 1 1 1
Sel_pelaces
 0.908012 1 1 1 1
 0.908012 1 1 1 1
 0.908012 1 1 1 1
 0.908012 1 1 1 1
 0.908012 1 1 1 1
 0.908012 1 1 1 1
 0.908012 1 1 1 1
 0.908012 1 1 1 1
 0.908012 1 1 1 1
 0.908012 1 1 1 1
 0.908012 1 1 1 1
 0.908012 1 1 1 1
 0.908012 1 1 1 1
 0.908012 1 1 1 1
 0.908012 1 1 1 1
 0.908012 1 1 1 1
 0.908012 1 1 1 1
 0.908012 1 1 1 1
 0.908012 1 1 1 1
 0.908012 1 1 1 1
 0.908012 1 1 1 1
 0.908012 1 1 1 1
 0.908012 1 1 1 1
 0.908012 1 1 1 1
 0.908012 1 1 1 1
 0.908012 1 1 1 1
 0.908012 1 1 1 1
 0.908012 1 1 1 1
 0.908012 1 1 1 1
 0.908012 1 1 1 1
 0.908012 1 1 1 1
pf_obs 
 0.8446 0.082 0.0669 0.0065 0
 0.8095 0.147 0.0364 0.0071 0
 0.9664 0.0169 0.016 0.0007 0
 0.9276 0.0648 0.0075 0.0001 0
 0.7033 0.2144 0.0806 0.0017 0
 0.9318 0.0425 0.0243 0.0014 0
 0.5671 0.3108 0.0964 0.0239 0.0018
 0.0768 0.2599 0.5324 0.112 0.0189
 0.490249 0.384438 0.106611 0.0170017 0.00170017
 0.7925 0.1577 0.0466 0.003 0.0002
 0.840416 0.127587 0.0312969 0.00059994 9.999e-05
 0.8084 0.0986 0.0794 0.0134 0.0002
 0.7335 0.1905 0.0724 0.0035 0.0001
 0.4001 0.4547 0.1325 0.0127 0
 0.49795 0.308269 0.164784 0.0264974 0.00249975
 0.9179 0.0499 0.0305 0.0017 0
 0.2467 0.6533 0.0926 0.0074 0
 0.9418 0.0223 0.034 0.0019 0
 0.707729 0.231977 0.0356964 0.0245975 0
 0.517169 0.277429 0.184464 0.0207286 0.00020938
 0.811772 0.124168 0.05621 0.00726502 0.000585176
 0.764997 0.148141 0.077277 0.00933861 0.000247198
 0.163321 0.427699 0.378323 0.0303852 0.000271297
 0.753843 0.0900009 0.118128 0.0371064 0.000921714
 0.721811 0.176058 0.0630433 0.0369309 0.00215725
 0.143369 0.312575 0.442814 0.0836902 0.0175525
 0.692698 0.0596174 0.167031 0.0765114 0.00414204
 0.394062 0.376323 0.152708 0.0712218 0.00568511
 0.125707 0.32114 0.495352 0.0537591 0.00404204
 0.23352 0.215282 0.420074 0.123614 0.00750983
 0.774587 0.0839891 0.0768558 0.0609784 0.00358967
pf_pred 
 0.277473 0.195005 0.467885 0.0596361 9.43738e-07
 0.416082 0.207303 0.101646 0.243884 0.0310856
 0.885692 0.0604122 0.0191342 0.00938198 0.0253798
 0.621162 0.350132 0.0151708 0.00480502 0.00872947
 0.660343 0.253126 0.0799745 0.00346521 0.00309144
 0.979995 0.0153459 0.0034719 0.00109694 8.99316e-05
 0.281711 0.708465 0.00753614 0.001705 0.000582854
 0.347399 0.257843 0.38936 0.00414172 0.00125736
 0.755449 0.10607 0.0547139 0.0826217 0.00114568
 0.89828 0.0859134 0.00685584 0.00353644 0.00541431
 0.922941 0.0731418 0.00330847 0.000264014 0.000344687
 0.879233 0.114257 0.00617927 0.000279511 5.14251e-05
 0.796479 0.188372 0.0143322 0.00077512 4.15122e-05
 0.800811 0.173057 0.0241869 0.00184025 0.000104855
 0.861998 0.122828 0.0131834 0.00184255 0.000148177
 0.979852 0.018605 0.00137336 0.000147407 2.22588e-05
 0.281145 0.709906 0.00826395 0.000610018 7.53616e-05
 0.974866 0.00985699 0.0150869 0.000175625 1.45656e-05
 0.572813 0.420031 0.0028062 0.0042951 5.41456e-05
 0.796844 0.139629 0.0624625 0.000417308 0.000646774
 0.793345 0.178613 0.0192739 0.00862208 0.000146882
 0.874483 0.107823 0.0152932 0.00165027 0.000750819
 0.250205 0.688081 0.0530136 0.00751928 0.00118055
 0.853588 0.0496561 0.0887925 0.00684106 0.00112266
 0.727984 0.244137 0.0094551 0.0169071 0.00151638
 0.420086 0.46443 0.103648 0.00401414 0.00782165
 0.838057 0.0841455 0.0623051 0.0139048 0.00158782
 0.803346 0.174398 0.0115642 0.00856267 0.00212916
 0.302955 0.59668 0.0890055 0.0059019 0.00545667
 0.383786 0.238833 0.323043 0.0481877 0.00614954
 0.922444 0.0386517 0.0150786 0.0203951 0.00343054
pobs_RECLAS
 0 0 0 0 0
 0 0 0 0 0
 0 0 0 0 0
 0 0 0 0 0
 0 0 0 0 0
 0 0 0 0 0
 0 0 0 0 0
 0 0 0 0 0
 0 0 0 0 0
 0 0 0 0 0
 0.991045 0.00858322 0.000360255 1.14367e-05 0
 0.934742 0.0480273 0.0164251 0.00080598 0
 0.827803 0.169806 0.00239088 0 0
 0.941827 0.0461693 0.0120037 0 0
 0.791401 0.0380133 0.147996 0.0225897 0
 0.846168 0.0940531 0.0597789 0 0
 0.134021 0.677848 0.182769 0.00536245 0
 0.80878 0.0450904 0.141981 0.00414843 0
 0.846168 0.0940531 0.0597789 0 0
 0.905697 0.0802665 0.012482 0.00150086 5.37128e-05
 0.989698 0.0102097 9.19794e-05 0 0
 0.975433 0.0193895 0.00387452 0.00125025 5.28907e-05
 0.303575 0.632131 0.0575291 0.00676475 0
 0.966965 0.00978017 0.0227588 0.000495775 0
 0.843318 0.132988 0.00938335 0.0141283 0.000182051
 0.564624 0.303363 0.111486 0.0197234 0.00080311
 0.826376 0.0876187 0.0782897 0.00655872 0.00115652
 0.89761 0.0855135 0.0140674 0.00269457 0.000114338
 0.34875 0.467042 0.161289 0.0227151 0.000203297
 0.318654 0.224769 0.449479 0.00709798 0
 0.937255 0.0296025 0.0250945 0.00804832 0
ppred_RECLAS
 0.338167 0.178624 0.428581 0.0546264 8.64461e-07
 0.492235 0.180267 0.0883894 0.212077 0.0270315
 0.91337 0.0457843 0.0145011 0.00711027 0.0192345
 0.698778 0.278398 0.0120627 0.00382058 0.00694099
 0.730026 0.201195 0.0635672 0.0027543 0.00245721
 0.984973 0.0115273 0.00260796 0.00082398 6.75534e-05
 0.351725 0.639408 0.00680156 0.0015388 0.000526041
 0.4148 0.231212 0.349146 0.00371396 0.0011275
 0.813085 0.0810712 0.0418188 0.0631493 0.000875664
 0.930115 0.0590257 0.00471022 0.00242966 0.00371983
 0.941209 0.0558027 0.00252416 0.000201426 0.000262975
 0.910332 0.0848346 0.00458805 0.000207534 3.81826e-05
 0.844745 0.143699 0.0109333 0.000591296 3.16674e-05
 0.855998 0.12511 0.0174857 0.00133039 7.58042e-05
 0.900889 0.0882128 0.0094681 0.00132329 0.000106419
 0.985262 0.013609 0.00100457 0.000107823 1.62815e-05
 0.350427 0.641486 0.00746748 0.000551225 6.80983e-05
 0.981216 0.0073666 0.0112751 0.000131253 1.08856e-05
 0.64863 0.345484 0.00230816 0.00353281 4.45359e-05
 0.843377 0.107647 0.0481555 0.000321724 0.00049863
 0.839637 0.138602 0.0149563 0.00669065 0.000113979
 0.904981 0.081624 0.0115773 0.00124929 0.000568385
 0.310939 0.632346 0.0487194 0.00691021 0.00108493
 0.886844 0.0383771 0.0686239 0.00528716 0.000867654
 0.782518 0.195192 0.00755954 0.0135176 0.00121238
 0.493009 0.406029 0.0906144 0.00350937 0.0068381
 0.874537 0.0651904 0.0482699 0.0107725 0.00123014
 0.845016 0.137444 0.00911379 0.00674827 0.001678
 0.367153 0.541727 0.0808082 0.00535834 0.00495412
 0.459643 0.209433 0.283276 0.0422557 0.00539253
 0.942105 0.0288532 0.0112561 0.0152248 0.00256088
pobs_PELACES
 0 0 0 0 0
 0 0 0 0 0
 0 0 0 0 0
 0 0 0 0 0
 0 0 0 0 0
 0 0 0 0 0
 0 0 0 0 0
 0 0 0 0 0
 0 0 0 0 0
 0 0 0 0 0
 0 0 0 0 0
 0 0 0 0 0
 0 0 0 0 0
 0 0 0 0 0
 0 0 0 0 0
 0 0 0 0 0
 0.505614 0.472636 0.0217494 0 0
 0 0 0 0 0
 0.443492 0.261883 0.143347 0.151278 0
 0.227955 0.32914 0.350689 0.0885471 0.00366901
 0.970185 0.0296113 0.000203453 0 0
 0.997202 0.00247181 0.000326279 0 0
 0.445219 0.490057 0.0546422 0.010081 0
 0.90214 0.0892962 0.00764917 0.000914606 0
 0 0 0 0 0
 0.581667 0.319106 0.0959925 0.00289975 0.000334073
 0.762889 0.0836404 0.116647 0.0363945 0.000428098
 0.88444 0.0763242 0.0277011 0.0115352 0
 0.521256 0.241999 0.230069 0.00667565 0
 0.616807 0.101726 0.260614 0.0208532 0
 0.833518 0.0704572 0.0857862 0.0102388 0
ppred_PELACES
 0.33014 0.180791 0.43378 0.055289 8.74946e-07
 0.494891 0.179324 0.0879271 0.210968 0.0268901
 0.914235 0.0453271 0.0143563 0.00703928 0.0190424
 0.712864 0.265379 0.0114986 0.00364192 0.00661642
 0.738811 0.194649 0.0614988 0.00266467 0.00237726
 0.984641 0.0117818 0.00266555 0.000842175 6.90451e-05
 0.360266 0.630985 0.00671196 0.00151853 0.000519111
 0.406562 0.234467 0.354061 0.00376625 0.00114337
 0.822296 0.0770761 0.0397581 0.0600373 0.000832512
 0.938584 0.051872 0.00413935 0.0021352 0.003269
 0.939836 0.0571059 0.00258311 0.00020613 0.000269117
 0.914224 0.0811519 0.00438888 0.000198525 3.65252e-05
 0.85049 0.138382 0.0105287 0.000569417 3.04956e-05
 0.870006 0.11294 0.0157848 0.00120098 6.84302e-05
 0.909572 0.080485 0.00863866 0.00120736 9.70959e-05
 0.985659 0.0132426 0.000977529 0.000104921 1.58433e-05
 0.35796 0.634047 0.00738089 0.000544833 6.73087e-05
 0.981064 0.00742616 0.0113663 0.000132314 1.09736e-05
 0.65543 0.338798 0.00226349 0.00346444 4.3674e-05
 0.846732 0.105342 0.0471241 0.000314833 0.000487951
 0.841637 0.136873 0.0147698 0.00660722 0.000112558
 0.906585 0.0802464 0.0113819 0.00122821 0.000558792
 0.310877 0.632403 0.0487238 0.00691083 0.00108502
 0.885638 0.0387862 0.0693555 0.00534353 0.000876904
 0.78051 0.196994 0.00762933 0.0136424 0.00122357
 0.489265 0.409027 0.0912834 0.00353529 0.00688859
 0.873661 0.0656453 0.0486068 0.0108477 0.00123872
 0.841302 0.140737 0.0093322 0.00690999 0.00171821
 0.360716 0.547237 0.0816302 0.00541284 0.00500451
 0.463936 0.207769 0.281026 0.04192 0.00534968
 0.943193 0.0283111 0.0110446 0.0149388 0.00251276
pobs_pel_tallas
 0 0 0 0 0 0 0 0 0 0 0 0 0 0 0 0 0 0 0 0 0 0 0 0 0 0
 0 0 0 0 0 0 0 0 0 0 0 0 0 0 0 0 0 0 0 0 0 0 0 0 0 0
 0 0 0 0 0 0 0 0 0 0 0 0 0 0 0 0 0 0 0 0 0 0 0 0 0 0
 0 0 0 0 0 0 0 0 0 0 0 0 0 0 0 0 0 0 0 0 0 0 0 0 0 0
 0 0 0 0 0 0 0 0 0 0 0 0 0 0 0 0 0 0 0 0 0 0 0 0 0 0
 0 0 0 0 0 0 0 0 0 0 0 0 0 0 0 0 0 0 0 0 0 0 0 0 0 0
 0 0 0 0 0 0 0 0 0 0 0 0 0 0 0 0 0 0 0 0 0 0 0 0 0 0
 0 0 0 0 0 0 0 0 0 0 0 0 0 0 0 0 0 0 0 0 0 0 0 0 0 0
 0 0 0 0 0 0 0 0 0 0 0 0 0 0 0 0 0 0 0 0 0 0 0 0 0 0
 0 0 0 0 0 0 0 0 0 0 0 0 0 0 0 0 0 0 0 0 0 0 0 0 0 0
 0 0 0 0 0 0 0 0 0 0 0 0 0 0 0 0 0 0 0 0 0 0 0 0 0 0
 0 0 0 0 0 0 0 0 0 0 0 0 0 0 0 0 0 0 0 0 0 0 0 0 0 0
 0.00862536 0 0 0.000197151 0.00414017 0.0128641 0.00837892 0.0270097 0.101434 0.158115 0.152841 0.127902 0.109271 0.109419 0.0830992 0.0579132 0.0238553 0.00714673 0.00463305 0.00128148 0.00103504 0.000492878 0.000147863 0.000147863 4.92878e-05 0
 0 0 0 0 0 0 0 0 0 0 0 0 0 0 0 0 0 0 0 0 0 0 0 0 0 0
 0 0 0 0 0 0 0 0.0054083 0.00873648 0.0413646 0.0450493 0.0745869 0.0622846 0.0627006 0.0613931 0.0827291 0.12552 0.122667 0.0946155 0.0697135 0.0546179 0.0294188 0.0215738 0.0213955 0.0102223 0.00600262
 0 0 0 0 0.00359764 0.0251062 0.0480494 0.140153 0.205849 0.193036 0.1447 0.116669 0.0760912 0.0342217 0.00950174 0.001854 0.000860785 0 0 0 0.000165536 0 0.000143464 0 0 0
 0 0 0 0 0 0 0 0.000145254 0.000435761 0.0275982 0.070085 0.0708112 0.156366 0.174668 0.174014 0.160142 0.0824315 0.0480064 0.0283245 0.00493863 0.00203355 0 0 0 0 0
 0 0 0 0 0 0 0 0 0 0 0 0 0 0 0 0 0 0 0 0 0 0 0 0 0 0
 0 0 1.00437e-05 0.000401748 0.00122533 0.00171747 0.00176769 0.0269171 0.070346 0.194647 0.189555 0.159765 0.064822 0.0314167 0.0384472 0.0292271 0.0345202 0.0313363 0.0194345 0.0106764 0.0143323 0.0359363 0.0279516 0.0138201 0.00172751 0
 0 0.0021121 0.0136068 0.0755702 0.200478 0.177729 0.0527432 0.0373336 0.0318909 0.0142505 0.0149659 0.0166563 0.0217959 0.0798694 0.0677717 0.0528807 0.04013 0.0224614 0.0357745 0.0225083 0.00881397 0.00855152 0.00135912 0.000746735 0 0
 0 0 0 0 5.4009e-05 0.00500934 0.000945158 0.0243581 0.138947 0.33067 0.221406 0.137944 0.0707744 0.0437923 0.0131692 0.00525238 0.0047753 0.00276346 9.45158e-05 9.00151e-06 2.25038e-05 9.00151e-06 4.50075e-06 0 0 0
 0.000866109 0.00284123 0.00948549 0.0512746 0.133035 0.25785 0.225252 0.132002 0.0553304 0.0519788 0.0540692 0.017754 0.00435017 0.00159236 0.00146478 0.000404838 0.000125132 0.000115318 0.000107957 0.000100596 0 0 0 0 0 0
 0 0 0 0 0.00144013 0.00171154 0.00461396 0.0210425 0.0478622 0.0707936 0.0888783 0.103762 0.0637923 0.0337046 0.0602308 0.124433 0.169614 0.0934646 0.0462172 0.0250306 0.0313229 0.00938855 0.002487 0.000210481 0 0
 0 0.00764035 0.051015 0.0998891 0.058973 0.0496711 0.0374665 0.0718981 0.12319 0.153886 0.159021 0.0857701 0.0377988 0.023471 0.0147837 0.00900784 0.00315554 0.000888139 0.00291439 0.00214683 0.00393193 0.00274676 0.000635225 9.99891e-05 0 0
 0 0 0 0 0 0 0 0 0 0 0 0 0 0 0 0 0 0 0 0 0 0 0 0 0 0
 0 0 0 0 0 0 0 0 0 0 0 0 0 0 0 0 0 0 0 0 0 0 0 0 0 0
 0 0 0 0 0 0 0 0 0 0 0 0 0 0 0 0 0 0 0 0 0 0 0 0 0 0
 0 0 0 0 0 0 0 0 0 0 0 0 0 0 0 0 0 0 0 0 0 0 0 0 0 0
 0 0 0 0 0 0 0 0 0 0 0 0 0 0 0 0 0 0 0 0 0 0 0 0 0 0
 0 0 0 0 0 0 0 0 0 0 0 0 0 0 0 0 0 0 0 0 0 0 0 0 0 0
 0 0 0 0 0 0 0 0 0 0 0 0 0 0 0 0 0 0 0 0 0 0 0 0 0 0
ppred_pel_tallas
 1.1811e-16 2.71932e-05 0.000264328 0.00175655 0.00798504 0.0248445 0.0529345 0.0772633 0.0772814 0.0530232 0.0251439 0.00885808 0.0039792 0.00521958 0.0097404 0.016848 0.0261033 0.0366509 0.0475071 0.0580285 0.0679115 0.0766333 0.0829335 0.0850266 0.081545 0.0724912
 1.28291e-16 4.07636e-05 0.000396236 0.00263313 0.0119698 0.0372427 0.0793502 0.115818 0.115835 0.0794356 0.03753 0.0128021 0.00473178 0.00501072 0.00890578 0.0149364 0.0221994 0.0294516 0.0355499 0.0402221 0.0442949 0.0490318 0.0550423 0.0616125 0.0669367 0.069021
 1.04355e-16 7.53043e-05 0.000731985 0.0048643 0.0221124 0.0687999 0.146586 0.213947 0.213951 0.146607 0.0688719 0.0223208 0.00538832 0.00187927 0.00226436 0.00365205 0.00532229 0.00684653 0.0078547 0.00820717 0.00808597 0.00786948 0.00788134 0.00820466 0.00867353 0.00900319
 1.01885e-16 5.87177e-05 0.000570757 0.00379288 0.0172419 0.0536461 0.1143 0.166829 0.166855 0.114424 0.0540649 0.018451 0.00682588 0.00718527 0.0126017 0.0206903 0.0296832 0.0370855 0.040401 0.0384904 0.0322671 0.024116 0.0165114 0.0108938 0.00744395 0.00557065
 1.02495e-16 6.08549e-05 0.000591531 0.00393093 0.0178695 0.0555986 0.118459 0.172899 0.172918 0.118551 0.0559075 0.0187622 0.00617432 0.00549685 0.00940016 0.0155041 0.0224667 0.0285369 0.0319566 0.0318883 0.028871 0.0243825 0.0198875 0.0161401 0.0131491 0.010597
 1.00177e-16 8.11036e-05 0.000788356 0.0052389 0.0238153 0.0740982 0.157874 0.230422 0.230423 0.15788 0.0741169 0.0238692 0.00537437 0.00108437 0.000644105 0.000938602 0.0013492 0.00170695 0.00190034 0.00187963 0.00168087 0.00139871 0.00112707 0.000914223 0.000758856 0.000635503
 1.00596e-16 2.96747e-05 0.000288449 0.00191685 0.00871375 0.027112 0.0577673 0.0843258 0.0843864 0.0580637 0.028107 0.0115858 0.00911948 0.0159899 0.029785 0.0490242 0.0702204 0.0874665 0.0947653 0.0893565 0.0734111 0.0526748 0.0331859 0.0185759 0.00948129 0.00464696
 1.10849e-16 3.3488e-05 0.000325515 0.00216316 0.00983345 0.0305956 0.0651881 0.0951487 0.0951718 0.0653011 0.0309767 0.0109403 0.00496518 0.00652 0.0120246 0.0204145 0.0307672 0.0415098 0.0509362 0.0580552 0.0628549 0.0657036 0.0665165 0.0645674 0.059137 0.0503498
 1.07329e-16 6.77314e-05 0.000658374 0.00437513 0.0198887 0.0618811 0.131845 0.192433 0.19244 0.131881 0.0620044 0.0202456 0.00527442 0.00263323 0.00385361 0.00635893 0.00938544 0.0123105 0.0145675 0.0159503 0.0167326 0.0174258 0.0183577 0.0194119 0.0201073 0.0199113
 1.00901e-16 7.731e-05 0.00075148 0.00499385 0.0227013 0.0706323 0.15049 0.219645 0.21965 0.150514 0.0707142 0.0229379 0.00558761 0.00204705 0.00253612 0.00406608 0.00584043 0.00732626 0.00804045 0.00776769 0.00668936 0.00526583 0.00396452 0.00304201 0.00250514 0.00221375
 1.00156e-16 7.7413e-05 0.000752482 0.00500051 0.0227316 0.0707265 0.15069 0.219938 0.219944 0.150717 0.0708166 0.0229917 0.00565309 0.00217558 0.00277575 0.00445481 0.0063826 0.00796869 0.0086692 0.00823487 0.00685821 0.00504969 0.00334257 0.0020529 0.00123113 0.000764694
 1.00174e-16 7.53034e-05 0.000731976 0.00486424 0.0221121 0.0687991 0.146584 0.213945 0.213953 0.146622 0.0689272 0.0224819 0.00579184 0.00275496 0.00391151 0.00633201 0.009078 0.011339 0.0123444 0.0117392 0.0097944 0.00723102 0.00480241 0.00295512 0.00176186 0.00106772
 1.00402e-16 7.00537e-05 0.000680947 0.00452514 0.0205706 0.0640029 0.136365 0.199032 0.199045 0.136431 0.0642214 0.0212015 0.00610799 0.00413374 0.00661985 0.0108127 0.0155211 0.0194152 0.0211896 0.0202397 0.0170206 0.0127465 0.00868137 0.00556771 0.00351996 0.00227792
 1.00617e-16 7.16613e-05 0.000696573 0.00462897 0.0210426 0.0654715 0.139494 0.203599 0.203609 0.139548 0.0656501 0.0215584 0.00592345 0.00352212 0.00543692 0.00887213 0.0127665 0.0160372 0.0176298 0.0170532 0.014663 0.0114144 0.00828942 0.0058479 0.00415846 0.00301566
 1.00408e-16 7.49202e-05 0.000728251 0.00483949 0.0219996 0.068449 0.145838 0.212857 0.212864 0.145876 0.0685762 0.0223669 0.00576108 0.00273928 0.00389179 0.00630882 0.00906524 0.0113661 0.0124556 0.0119841 0.010212 0.00783323 0.00556396 0.00381627 0.00264299 0.00189009
 1.00045e-16 8.11874e-05 0.000789171 0.00524432 0.0238399 0.0741748 0.158037 0.23066 0.230662 0.158044 0.0741957 0.0239003 0.00539579 0.00111958 0.000707947 0.00103991 0.00148545 0.00185783 0.00202769 0.00193706 0.00162967 0.00122191 0.000834811 0.000539266 0.000345851 0.000229125
 1.00442e-16 2.94848e-05 0.000286603 0.00190458 0.00865798 0.0269385 0.0573976 0.0837862 0.0838472 0.0576955 0.0279383 0.011544 0.00914228 0.0160646 0.0299299 0.0492635 0.0705635 0.0878937 0.0952263 0.0897844 0.0737455 0.0528789 0.0332505 0.0185128 0.00931372 0.00440458
 1.00346e-16 8.0809e-05 0.000785492 0.00521987 0.0237288 0.073829 0.157301 0.229585 0.229586 0.157304 0.0738411 0.0237638 0.00530867 0.000981841 0.000460999 0.000653126 0.000976742 0.00131857 0.00161994 0.00184922 0.0020056 0.00209996 0.00212855 0.0020675 0.00189369 0.00161146
 1.00507e-16 5.3987e-05 0.000524773 0.0034873 0.0158528 0.0493241 0.105091 0.153391 0.153423 0.105251 0.0498583 0.0173948 0.00735441 0.00895479 0.0160291 0.0263223 0.0376983 0.0469558 0.0508749 0.0479785 0.039439 0.0283482 0.0179502 0.0101888 0.00539096 0.00286284
 1.01502e-16 6.97442e-05 0.000677938 0.00450514 0.0204797 0.06372 0.135763 0.198152 0.198162 0.135813 0.0638876 0.0209644 0.00572402 0.00334631 0.00515945 0.00847603 0.0123341 0.0157793 0.0178749 0.0181641 0.0169025 0.0148185 0.0126165 0.0106322 0.00884769 0.00713099
 1.01143e-16 6.93245e-05 0.000673859 0.00447803 0.0203565 0.0633367 0.134946 0.19696 0.196974 0.13501 0.063553 0.0209812 0.00604576 0.0040952 0.00656413 0.0107345 0.0154391 0.0193787 0.0212797 0.0205575 0.017662 0.013773 0.0100965 0.00730762 0.00546217 0.00426517
 1.00567e-16 7.46742e-05 0.00072586 0.00482359 0.0219274 0.0682242 0.145359 0.212158 0.212165 0.145397 0.0683511 0.0222938 0.00574347 0.00273384 0.00388781 0.006308 0.00907661 0.0114066 0.0125493 0.0121574 0.0104853 0.00821155 0.00603207 0.00433991 0.00317728 0.00239125
 1.02445e-16 2.56067e-05 0.000248906 0.00165407 0.00751921 0.0233954 0.0498486 0.0727682 0.0728291 0.050146 0.024394 0.0104026 0.00888838 0.0160302 0.0299636 0.0494073 0.0709622 0.0887949 0.0969676 0.0927295 0.078168 0.058832 0.0404822 0.0264816 0.0173129 0.0117481
 1.02696e-16 7.29488e-05 0.000709089 0.00471214 0.0214207 0.0666478 0.142 0.207255 0.207258 0.142019 0.0667113 0.0216052 0.00517998 0.00174627 0.00208922 0.00345947 0.00525768 0.00719624 0.0090146 0.010561 0.0118174 0.0127923 0.0133881 0.0133938 0.0126217 0.0110707
 1.01846e-16 6.42896e-05 0.000624918 0.0041528 0.018878 0.0587367 0.125145 0.182657 0.182676 0.125238 0.0590476 0.0197757 0.00640473 0.00553651 0.00937961 0.0153721 0.0220635 0.027594 0.0301225 0.0288177 0.0243686 0.0185441 0.013159 0.00923891 0.00686186 0.00553927
 1.0426e-16 4.03002e-05 0.000391733 0.0026032 0.0118338 0.0368196 0.0784495 0.114508 0.114547 0.0786424 0.0374674 0.0137055 0.00730377 0.0106606 0.0195643 0.0323356 0.0467038 0.0589903 0.0654496 0.0643188 0.0568215 0.0462571 0.0359594 0.02774 0.0217211 0.0171663
 1.02718e-16 7.19624e-05 0.0006995 0.00464842 0.0211311 0.0657466 0.14008 0.204453 0.204459 0.140112 0.0658517 0.0214356 0.00541588 0.00238517 0.00330361 0.00542678 0.0079956 0.0104423 0.0122311 0.0131034 0.0131929 0.0128593 0.0123872 0.0118118 0.0109849 0.00977156
 1.0129e-16 6.9297e-05 0.000673591 0.00447625 0.0203484 0.0633115 0.134892 0.196882 0.196896 0.134959 0.0635337 0.0209901 0.00608624 0.00418585 0.00673282 0.0110033 0.0158031 0.0197892 0.0216465 0.0207773 0.0176622 0.0135467 0.00970898 0.00687216 0.00509761 0.00405666
 1.03886e-16 2.97118e-05 0.000288809 0.00191924 0.00872462 0.0271458 0.057839 0.0844288 0.0844815 0.0580967 0.0280112 0.0112242 0.00819353 0.0139856 0.0260421 0.0430039 0.0619385 0.0778669 0.0857141 0.0831107 0.0717794 0.0563307 0.0414904 0.0299283 0.0219364 0.0164901
 1.13273e-16 3.82138e-05 0.000371452 0.00246843 0.0112211 0.0349132 0.0743871 0.108574 0.108595 0.0744871 0.0352502 0.0121995 0.00494355 0.00583887 0.0106101 0.0179716 0.027031 0.0363842 0.0445499 0.0507389 0.0550915 0.0581093 0.0598343 0.0595883 0.056501 0.0503019
 1.0225e-16 7.76895e-05 0.00075517 0.00501837 0.0228128 0.0709791 0.151228 0.220723 0.220726 0.151242 0.0710242 0.0229433 0.00534689 0.00147528 0.00145428 0.00230557 0.00337305 0.00437233 0.00507733 0.00540187 0.00544869 0.00542713 0.00549911 0.00567512 0.00582723 0.00578645
pSPR Fmed_Fpbrs
0.276476   0.225902 0.225902
Fs Fmed_Fpbrs
0.839987   1.005 1.005
SSBpbr Bo_Bmed_Bpbrs
1.34408e+06  304401  236425 236425
Ro
78367.9
SPR SPRFo_SPRFmed_SPRFpbrs
560168 154873 126543
Fref
1.005
Nvult_r0
 90295 3187.89 1243.64 1682.14 282.942
CTP_r0
 37012.6 1550.88 605.019 818.343 137.649
YTP_r0
391108
Np
 101545 20315 530.403 206.918 319.798
Nvult_p0
 83666.7 17579.4 458.979 179.054 276.734
CTP_p0
 35496.5 8811.62 230.062 89.7503 138.712
YTP_p0
 421719
CBA_c0
400291
log_Ro
11.0892
likeval ReclasPelacesDesembMPH_pf_preclas_ppelaces_ptallas_desvR_qrecl_qpela
 12.9779 18.6002 0.100675 0.000898038 267.75 116.186 107.864 0 41.0331 6.28251e-05 0.000112561 0.0182879 0 0 0
q_reclas_q_pelaces
3.07462 4.52406
M
1
N
 51004.9 27157.6 65160.6 8305.28 0.131431
 37755.7 14960 7335.27 17599.9 2243.29
 138308 7505.09 2377.07 1165.54 3152.97
 58310.5 27411.5 1187.71 376.18 683.421
 22908.8 7196.71 2273.78 98.5206 87.8939
 283768 3418.88 773.497 244.385 20.0357
 36199.1 74130.7 788.548 178.403 60.9873
 10227.6 5764.49 8704.77 92.595 28.1104
 25298.8 2949.23 1521.3 2297.26 31.8552
 39415.8 3283.72 262.039 135.167 206.942
 44497.3 2706.23 122.412 9.76844 12.7533
 111003 11855.8 641.19 29.0033 5.33611
 82978.8 16076 1223.14 66.1502 3.54272
 66806.7 12441.6 1738.87 132.301 7.53834
 44465.3 5404.23 580.049 81.0693 6.51958
 270894 4154.39 306.664 32.915 4.97025
 22802.1 46714 543.794 40.1411 4.95903
 476819 3764.15 5761.32 67.067 5.56227
 186848 110880 740.783 1133.82 14.2934
 223786 31614.3 14142.5 94.4855 146.44
 218403 39261.8 4236.69 1895.27 32.2868
 423952 41886.5 5941.04 641.09 291.675
 36378.9 78732.4 6065.97 860.378 135.082
 175039 7919.52 14161.3 1091.06 179.05
 160983 41997.7 1626.51 2908.45 260.856
 44984.4 38558.6 8605.2 333.268 649.381
 141146 11067.6 8194.94 1828.88 208.844
 197363 32753.4 2171.86 1608.14 399.875
 35960.3 54159.2 8078.81 535.701 495.289
 19770.5 9845.1 13316.4 1986.38 253.494
 110610 3718.29 1450.56 1962.01 330.018
pred_Ctot
 6657.46 4678.8 11226.1 1430.86 0.0226433
 11526 5742.57 2815.73 6755.92 861.114
 42379.2 2890.64 915.545 448.915 1214.39
 26682.6 15040.3 651.678 206.404 374.983
 9243.97 3543.44 1119.54 48.5085 43.2763
 53462.6 837.177 189.405 59.8422 4.90612
 13869.9 34881 371.039 83.9449 28.6966
 1425.45 1057.98 1597.62 16.9943 5.1592
 11232.8 1577.15 813.54 1228.5 17.0351
 23004.9 2200.23 175.577 90.5677 138.66
 7961.9 630.97 28.541 2.27756 2.9735
 45798.7 5951.57 321.874 14.5595 2.6787
 33364.3 7890.88 600.374 32.4696 1.73894
 36984.3 7992.38 1117.04 84.9894 4.84259
 23305.9 3320.9 356.441 49.8172 4.00629
 96637.3 1834.91 135.447 14.5379 2.19526
 8469.14 21385.1 248.942 18.3761 2.27018
 115070 1163.49 1780.8 20.7302 1.71928
 67860.7 49760.7 332.448 508.837 6.41458
 78502.2 13755.8 6153.58 41.1117 63.7178
 69625.9 15675.5 1691.52 756.695 12.8907
 140167 17282.4 2451.29 264.515 120.346
 9793.29 26932.2 2075.01 294.312 46.2081
 39835.5 2317.37 4143.8 319.261 52.3925
 36760.4 12328 477.446 853.743 76.5715
 9730.17 10757.3 2400.72 92.9767 181.168
 34191.2 3432.98 2541.94 567.289 64.7801
 32460.8 7046.91 467.276 345.992 86.0333
 5955.91 11730.4 1749.79 116.028 107.275
 6445.4 4011.03 5425.28 809.277 103.277
 37012.6 1550.88 605.019 818.343 137.649
F
 0.226541 0.308964 0.308964 0.308964 0.308964
 0.615556 0.839513 0.839513 0.839513 0.839513
 0.61852 0.843555 0.843555 0.843555 0.843555
 1.09216 1.48952 1.48952 1.48952 1.48952
 0.902208 1.23046 1.23046 1.23046 1.23046
 0.342326 0.466874 0.466874 0.466874 0.466874
 0.837318 1.14196 1.14196 1.14196 1.14196
 0.243544 0.332153 0.332153 0.332153 0.332153
 1.04178 1.42081 1.42081 1.42081 1.42081
 1.67861 2.28934 2.28934 2.28934 2.28934
 0.322611 0.439986 0.439986 0.439986 0.439986
 0.932227 1.2714 1.2714 1.2714 1.2714
 0.897544 1.2241 1.2241 1.2241 1.2241
 1.51462 2.06568 2.06568 2.06568 2.06568
 1.37054 1.86918 1.86918 1.86918 1.86918
 0.757684 1.03335 1.03335 1.03335 1.03335
 0.801331 1.09288 1.09288 1.09288 1.09288
 0.458687 0.625571 0.625571 0.625571 0.625571
 0.776682 1.05926 1.05926 1.05926 1.05926
 0.740436 1.00983 1.00983 1.00983 1.00983
 0.651377 0.888367 0.888367 0.888367 0.888367
 0.683567 0.932268 0.932268 0.932268 0.932268
 0.524657 0.715543 0.715543 0.715543 0.715543
 0.427394 0.582892 0.582892 0.582892 0.582892
 0.429121 0.585248 0.585248 0.585248 0.585248
 0.402295 0.548662 0.548662 0.548662 0.548662
 0.460788 0.628437 0.628437 0.628437 0.628437
 0.293118 0.399763 0.399763 0.399763 0.399763
 0.295442 0.402933 0.402933 0.402933 0.402933
 0.670924 0.915025 0.915025 0.915025 0.915025
 0.694649 0.947383 0.947383 0.947383 0.947383
YTP_r0W_actual
 314607 25279.3 17485.1 28478.3 5258.18
YTP_p0W_proyectada
 266933 142043 5378.84 2647.63 4716.21
CTP_r0_actual
 37012.6 1550.88 605.019 818.343 137.649
CTP_p0_proyectada
 35496.5 8811.62 230.062 89.7503 138.712
Wmedp
 7.52 16.12 23.38 29.5 34
Frms_r0
 0.694649 0.947383 0.947383 0.947383 0.947383
Zrms_r0
 1.69465 1.94738 1.94738 1.94738 1.94738
nmprior
 8.19 8.8 8.5 0
nm_flota  nm_reclas  nm_pelaces    nm_pelaL
inf 26.1158 9.94206 19.8025
cv_recla  cv_pelaces  cv_mph
0.325857 0.489025 0.92481
 ------------------------------------------------
Talla a la edad & desviaci?n 
 8 13.2811 15.8009 17.003 17.5766
 0.8 1.32811 1.58009 1.7003 1.75766
