years
 1991 1992 1993 1994 1995 1996 1997 1998 1999 2000 2001 2002 2003 2004 2005 2006 2007 2008 2009 2010 2011 2012 2013 2014 2015 2016 2017 2018 2019 2020 2021
reclasobs
 0 0 0 0 0 0 0 0 0 252601 567819 844713 477998 351125 339783 2.1784e+06 2.13404e+06 4.81314e+06 1.55562e+06 2.62356e+06 3.21686e+06 3.843e+06 1.13348e+06 3.07943e+06 1.97215e+06 2.03268e+06 2.025e+06 2.42433e+06 2.27542e+06 1.05018e+06 2.36338e+06
reclaspred
 4.14915e+06 1.42802e+06 878779 477323 71650.2 1.80402e+06 592316 150420 616851 187729 295338 658633 558739 416284 304508 1.87163e+06 1.18358e+06 4.99613e+06 3.91158e+06 1.78906e+06 3.75932e+06 3.47723e+06 1.98479e+06 3.78942e+06 2.47734e+06 1.5653e+06 2.54363e+06 3.68131e+06 2.64032e+06 1.01742e+06 1.57517e+06
pelacesobs
 0 0 0 0 0 0 0 0 0 0 0 0 0 0 0 552880 188675 0 991730 2.46772e+06 1.41603e+06 1.21717e+06 2.29649e+06 1.80582e+06 0 1.4828e+06 1.56532e+06 1.57751e+06 1.42118e+06 867257 1.10002e+06
pelacespred
 1.04051e+06 362729 183746 66164.5 8825.52 410132 94058.7 31482.7 129334 28581.5 64461.4 118915 108413 79400.2 56481 359215 224430 1.20268e+06 919657 395020 832592 755644 435731 973896 596640 370638 708738 1.00014e+06 597808 266318 383554
mphobs
 0 0 0 0 0 0 0 0 0 0 0 498337 0 5186 125008 0 168611 109162 213762 579715 649985 157893 87575 83554 0 0 0 0 0 0 0
mphpred
 847408 386720 93803.6 91054.4 24451.4 2931.66 168859 34039.6 10370.7 49177.6 8522.06 32071.4 55616.2 34605.9 18603.9 18760.4 212522 117422 539568 348703 205776 350446 372841 212294 385715 262304 148010 238836 472340 248958 81648.3
desembarqueobs
 494567 514787 250237 358949 120608 361735 552515 73892 212993 205616 52469 317467 293654 387597 252695 516296 358380 742168 942051 627588 828172 859565 418607 520667 417249 300574 415391 372974 316634 284311 391294
desembarquepred
 494517 514501 249842 358556 120486 361520 551717 73856.8 212821 205373 52453.4 317151 293304 386868 252353 515862 358210 741679 940674 626423 827600 858700 418327 520427 416947 300314 415123 372772 316444 284042 391049
Reclutas
 9286.21 5768.18 199530 15778.1 4827.93 285607 6993.85 1809.25 62623.4 8760.99 46855.7 133118 76506.3 68992.9 44963.2 389263 12569.7 742365 303665 98403.7 389608 511890 16708.6 280516 162391 38711.2 226842 302646 20735.4 9984.07 161063
log_desv_Rt
 -1.82273 -2.29891 1.2447 -1.29264 -2.47685 1.60335 -2.10623 -3.45835 0.0858736 -1.88096 -0.204192 0.839973 0.286108 0.18274 -0.24542 1.91299 -1.51998 2.55858 1.66466 0.537813 1.91388 2.18684 -1.23534 1.58537 1.03874 -0.395136 1.37299 1.6613 -1.01942 -1.75027 1.03053
SSB
 2.33322e+06 1.06478e+06 258276 250706 67323.8 8071.94 464929 93723.3 28554.4 135404 23464.4 88304.3 153132 95282.7 51223.3 51654.1 585151 323307 1.48563e+06 960108 566577 964906 1.02657e+06 584522 1.06202e+06 722219 407525 657602 1.30052e+06 685473 224808
BT
 2.85738e+06 1.39843e+06 654543 407834 126107 1.26696e+06 705191 142999 489273 247967 193544 535555 511485 584839 380479 1.2354e+06 800589 3.44631e+06 3.00716e+06 1.51782e+06 2.62927e+06 2.51262e+06 1.36636e+06 2.74193e+06 1.77005e+06 1.13127e+06 2.07378e+06 2.67794e+06 1.64329e+06 920827 1.27239e+06
Ftot
 0.218346 0.6288 0.631631 1.26718 2.3058 0.52144 1.47489 0.860561 0.851689 1.73858 0.444314 1.08918 1.08763 1.87356 1.75973 0.696651 0.556107 0.372351 0.494149 0.667153 0.503106 0.541843 0.390947 0.322815 0.343357 0.372609 0.386937 0.241596 0.225042 0.50486 0.590743
BD_Bspro_t
 0.965775 0.728457 0.39289 0.404889 0.128389 0.0251448 0.469209 0.136665 0.0683421 0.268138 0.0859314 0.35285 0.319748 0.194369 0.110197 0.116023 0.462529 0.320818 0.611777 0.469134 0.315543 0.435799 0.474454 0.378442 0.552994 0.519442 0.448 0.58874 0.712561 0.571147 0.362746
BD_Bspro
 5.68802 2.59576 0.629634 0.61118 0.164124 0.0196781 1.13342 0.228482 0.069611 0.330092 0.0572023 0.215272 0.37331 0.232284 0.124874 0.125924 1.4265 0.788169 3.62172 2.34059 1.38122 2.35228 2.50261 1.42497 2.58902 1.76065 0.993478 1.60313 3.17046 1.67107 0.548044
BD_Bo
 1.41701 0.64666 0.156855 0.152258 0.0408869 0.00490223 0.282359 0.0569198 0.0173416 0.082233 0.0142503 0.0536287 0.0929995 0.0578668 0.0311088 0.0313704 0.355372 0.19635 0.902247 0.58309 0.344092 0.586004 0.623452 0.35499 0.64498 0.438616 0.247497 0.399373 0.78983 0.416299 0.136529
BD_Brms
 7.5054 3.42514 0.830807 0.806458 0.216564 0.0259654 1.49556 0.301484 0.0918523 0.43556 0.0754789 0.284053 0.492587 0.306501 0.164773 0.166158 1.88228 1.04 4.77889 3.08843 1.82254 3.10386 3.30221 1.88026 3.41624 2.3232 1.3109 2.11534 4.18346 2.20499 0.723149
Sel_flota
 0.685979 0.976474 0.998734 0.999933 0.999996
 0.685979 0.976474 0.998734 0.999933 0.999996
 0.685979 0.976474 0.998734 0.999933 0.999996
 0.685979 0.976474 0.998734 0.999933 0.999996
 0.685979 0.976474 0.998734 0.999933 0.999996
 0.685979 0.976474 0.998734 0.999933 0.999996
 0.685979 0.976474 0.998734 0.999933 0.999996
 0.685979 0.976474 0.998734 0.999933 0.999996
 0.685979 0.976474 0.998734 0.999933 0.999996
 0.685979 0.976474 0.998734 0.999933 0.999996
 0.685979 0.976474 0.998734 0.999933 0.999996
 0.685979 0.976474 0.998734 0.999933 0.999996
 0.685979 0.976474 0.998734 0.999933 0.999996
 0.685979 0.976474 0.998734 0.999933 0.999996
 0.685979 0.976474 0.998734 0.999933 0.999996
 0.685979 0.976474 0.998734 0.999933 0.999996
 0.685979 0.976474 0.998734 0.999933 0.999996
 0.685979 0.976474 0.998734 0.999933 0.999996
 0.685979 0.976474 0.998734 0.999933 0.999996
 0.685979 0.976474 0.998734 0.999933 0.999996
 0.685979 0.976474 0.998734 0.999933 0.999996
 0.685979 0.976474 0.998734 0.999933 0.999996
 0.685979 0.976474 0.998734 0.999933 0.999996
 0.685979 0.976474 0.998734 0.999933 0.999996
 0.685979 0.976474 0.998734 0.999933 0.999996
 0.685979 0.976474 0.998734 0.999933 0.999996
 0.685979 0.976474 0.998734 0.999933 0.999996
 0.685979 0.976474 0.998734 0.999933 0.999996
 0.685979 0.976474 0.998734 0.999933 0.999996
 0.685979 0.976474 0.998734 0.999933 0.999996
 0.685979 0.976474 0.998734 0.999933 0.999996
Sel_reclas
 1 1 1 1 1
 1 1 1 1 1
 1 1 1 1 1
 1 1 1 1 1
 1 1 1 1 1
 1 1 1 1 1
 1 1 1 1 1
 1 1 1 1 1
 1 1 1 1 1
 1 1 1 1 1
 1 1 1 1 1
 1 1 1 1 1
 1 1 1 1 1
 1 1 1 1 1
 1 1 1 1 1
 1 1 1 1 1
 1 1 1 1 1
 1 1 1 1 1
 1 1 1 1 1
 1 1 1 1 1
 1 1 1 1 1
 1 1 1 1 1
 1 1 1 1 1
 1 1 1 1 1
 1 1 1 1 1
 1 1 1 1 1
 1 1 1 1 1
 1 1 1 1 1
 1 1 1 1 1
 1 1 1 1 1
 1 1 1 1 1
Sel_pelaces
 1 1 1 1 1
 1 1 1 1 1
 1 1 1 1 1
 1 1 1 1 1
 1 1 1 1 1
 1 1 1 1 1
 1 1 1 1 1
 1 1 1 1 1
 1 1 1 1 1
 1 1 1 1 1
 1 1 1 1 1
 1 1 1 1 1
 1 1 1 1 1
 1 1 1 1 1
 1 1 1 1 1
 1 1 1 1 1
 1 1 1 1 1
 1 1 1 1 1
 1 1 1 1 1
 1 1 1 1 1
 1 1 1 1 1
 1 1 1 1 1
 1 1 1 1 1
 1 1 1 1 1
 1 1 1 1 1
 1 1 1 1 1
 1 1 1 1 1
 1 1 1 1 1
 1 1 1 1 1
 1 1 1 1 1
 1 1 1 1 1
pf_obs 
 0.8446 0.082 0.0669 0.0065 0
 0.8095 0.147 0.0364 0.0071 0
 0.9664 0.0169 0.016 0.0007 0
 0.9276 0.0648 0.0075 0.0001 0
 0.7033 0.2144 0.0806 0.0017 0
 0.9318 0.0425 0.0243 0.0014 0
 0.5671 0.3108 0.0964 0.0239 0.0018
 0.0768 0.2599 0.5324 0.112 0.0189
 0.490249 0.384438 0.106611 0.0170017 0.00170017
 0.7925 0.1577 0.0466 0.003 0.0002
 0.840416 0.127587 0.0312969 0.00059994 9.999e-05
 0.8084 0.0986 0.0794 0.0134 0.0002
 0.7335 0.1905 0.0724 0.0035 0.0001
 0.4001 0.4547 0.1325 0.0127 0
 0.49795 0.308269 0.164784 0.0264974 0.00249975
 0.9179 0.0499 0.0305 0.0017 0
 0.2467 0.6533 0.0926 0.0074 0
 0.9418 0.0223 0.034 0.0019 0
 0.707729 0.231977 0.0356964 0.0245975 0
 0.517169 0.277429 0.184464 0.0207286 0.00020938
 0.811772 0.124168 0.05621 0.00726502 0.000585176
 0.764997 0.148141 0.077277 0.00933861 0.000247198
 0.163321 0.427699 0.378323 0.0303852 0.000271297
 0.753843 0.0900009 0.118128 0.0371064 0.000921714
 0.721811 0.176058 0.0630433 0.0369309 0.00215725
 0.143369 0.312575 0.442814 0.0836902 0.0175525
 0.692698 0.0596174 0.167031 0.0765114 0.00414204
 0.394062 0.376323 0.152708 0.0712218 0.00568511
 0.125707 0.32114 0.495352 0.0537591 0.00404204
 0.23352 0.215282 0.420074 0.123614 0.00750983
 0.796117 0.104755 0.0508955 0.0450114 0.00322123
pf_pred 
 0.044184 0.188142 0.688078 0.079595 6.89218e-07
 0.0864616 0.0585681 0.171651 0.612553 0.0707665
 0.935257 0.00858216 0.00370895 0.0105444 0.0419071
 0.20199 0.765292 0.00446 0.00186923 0.0263891
 0.345857 0.20491 0.431561 0.00241387 0.0152589
 0.996909 0.00171189 0.000449719 0.000892661 3.64336e-05
 0.0713386 0.926824 0.00103109 0.0002631 0.000542703
 0.157387 0.105771 0.735449 0.000782769 0.000610237
 0.969087 0.00742464 0.00303742 0.0204122 3.85904e-05
 0.355331 0.632746 0.00294215 0.00116317 0.00781728
 0.948605 0.0268014 0.0241609 0.000106999 0.000325705
 0.888154 0.108041 0.00201051 0.00176261 3.15183e-05
 0.706906 0.273161 0.0192797 0.000345454 0.000307651
 0.775985 0.180789 0.0403891 0.00274435 9.27718e-05
 0.822535 0.155772 0.0176786 0.00375088 0.00026275
 0.981758 0.0164659 0.00156817 0.000169424 3.83629e-05
 0.0946595 0.894896 0.00945623 0.000872721 0.000115442
 0.959914 0.00556953 0.0341293 0.000350246 3.65427e-05
 0.509214 0.477721 0.00185742 0.0110829 0.000125424
 0.364266 0.389982 0.239397 0.000904687 0.00545092
 0.857936 0.0678675 0.0460585 0.0274119 0.000726482
 0.772761 0.20534 0.0106206 0.00700498 0.004273
 0.0735489 0.77817 0.134373 0.00675112 0.00715763
 0.822533 0.0189039 0.133754 0.0224853 0.002324
 0.556702 0.387937 0.00603589 0.0416167 0.00770851
 0.28142 0.468089 0.219952 0.00333384 0.0272057
 0.848486 0.0561856 0.0626746 0.0286777 0.00397589
 0.753566 0.22051 0.0097787 0.0106204 0.00552532
 0.114653 0.723162 0.14551 0.00629545 0.0103806
 0.152911 0.134679 0.584518 0.114758 0.0131339
 0.91116 0.0195985 0.0112785 0.0475708 0.0103925
pobs_RECLAS
 0 0 0 0 0
 0 0 0 0 0
 0 0 0 0 0
 0 0 0 0 0
 0 0 0 0 0
 0 0 0 0 0
 0 0 0 0 0
 0 0 0 0 0
 0 0 0 0 0
 0 0 0 0 0
 0.991045 0.00858322 0.000360255 1.14367e-05 0
 0.934742 0.0480273 0.0164251 0.00080598 0
 0.827803 0.169806 0.00239088 0 0
 0.941827 0.0461693 0.0120037 0 0
 0.791401 0.0380133 0.147996 0.0225897 0
 0.846168 0.0940531 0.0597789 0 0
 0.134021 0.677848 0.182769 0.00536245 0
 0.80878 0.0450904 0.141981 0.00414843 0
 0.846168 0.0940531 0.0597789 0 0
 0.905697 0.0802665 0.012482 0.00150086 5.37128e-05
 0.989698 0.0102097 9.19794e-05 0 0
 0.975433 0.0193895 0.00387452 0.00125025 5.28907e-05
 0.303575 0.632131 0.0575291 0.00676475 0
 0.966965 0.00978017 0.0227588 0.000495775 0
 0.843318 0.132988 0.00938335 0.0141283 0.000182051
 0.564624 0.303363 0.111486 0.0197234 0.00080311
 0.826376 0.0876187 0.0782897 0.00655872 0.00115652
 0.89761 0.0855135 0.0140674 0.00269457 0.000114338
 0.34875 0.467042 0.161289 0.0227151 0.000203297
 0.318654 0.224769 0.449479 0.00709798 0
 0.937255 0.0296025 0.0250945 0.00804832 0
ppred_RECLAS
 0.0631832 0.187855 0.671392 0.0775696 6.71636e-07
 0.123635 0.0575351 0.164566 0.58651 0.0677532
 0.95556 0.0060231 0.00254035 0.0072127 0.0286639
 0.276737 0.694416 0.00393743 0.0016478 0.0232613
 0.47075 0.169755 0.345379 0.00192825 0.0121879
 0.997888 0.00118291 0.000303399 0.000601458 2.45466e-05
 0.105308 0.892973 0.000965353 0.000245949 0.000507284
 0.219517 0.100164 0.679035 0.00072175 0.000562626
 0.979203 0.00509613 0.00203275 0.0136422 2.57894e-05
 0.463029 0.527344 0.00237867 0.000938874 0.0063093
 0.964226 0.0188667 0.0166098 7.34658e-05 0.000223614
 0.92226 0.0751639 0.00136218 0.00119254 2.13228e-05
 0.782894 0.202701 0.0139332 0.000249302 0.000222004
 0.846376 0.124725 0.0270049 0.00183185 6.19197e-05
 0.87932 0.106324 0.0117039 0.00247916 0.000173651
 0.987466 0.0113408 0.00105379 0.000113702 2.57439e-05
 0.131743 0.858477 0.00885559 0.000816238 0.000107963
 0.972363 0.00391814 0.0234531 0.000240383 2.50786e-05
 0.600358 0.389258 0.00147779 0.00880653 9.96557e-05
 0.457544 0.335909 0.201212 0.000759392 0.00457518
 0.898505 0.0491041 0.032538 0.0193405 0.000512535
 0.831712 0.152429 0.00769677 0.00507001 0.00309247
 0.102995 0.756264 0.127555 0.00640057 0.00678552
 0.87184 0.0139409 0.0963666 0.0161799 0.00167219
 0.644355 0.312174 0.00474491 0.0326748 0.00605184
 0.362468 0.4187 0.192183 0.00290931 0.0237398
 0.891185 0.0409612 0.0446306 0.0203958 0.0028275
 0.814597 0.166311 0.00720693 0.00781766 0.00406691
 0.157036 0.691443 0.135959 0.00587503 0.0096867
 0.210518 0.128088 0.542786 0.106429 0.0121799
 0.938267 0.013889 0.00780169 0.0328637 0.00717901
pobs_PELACES
 0 0 0 0 0
 0 0 0 0 0
 0 0 0 0 0
 0 0 0 0 0
 0 0 0 0 0
 0 0 0 0 0
 0 0 0 0 0
 0 0 0 0 0
 0 0 0 0 0
 0 0 0 0 0
 0 0 0 0 0
 0 0 0 0 0
 0 0 0 0 0
 0 0 0 0 0
 0 0 0 0 0
 0 0 0 0 0
 0.505614 0.472636 0.0217494 0 0
 0 0 0 0 0
 0.443492 0.261883 0.143347 0.151278 0
 0.227955 0.32914 0.350689 0.0885471 0.00366901
 0.970185 0.0296113 0.000203453 0 0
 0.997202 0.00247181 0.000326279 0 0
 0.445219 0.490057 0.0546422 0.010081 0
 0.90214 0.0892962 0.00764917 0.000914606 0
 0 0 0 0 0
 0.581667 0.319106 0.0959925 0.00289975 0.000334073
 0.762889 0.0836404 0.116647 0.0363945 0.000428098
 0.88444 0.0763242 0.0277011 0.0115352 0
 0.521256 0.241999 0.230069 0.00667565 0
 0.616807 0.101726 0.260614 0.0208532 0
 0.833518 0.0704572 0.0857862 0.0102388 0
ppred_PELACES
 0.0645113 0.187831 0.670229 0.0774286 6.70412e-07
 0.130827 0.0573204 0.163197 0.581484 0.0671717
 0.958231 0.00568507 0.00238668 0.00677469 0.0269229
 0.301779 0.670633 0.00376735 0.00157583 0.0222447
 0.528819 0.152878 0.305816 0.00170581 0.0107814
 0.997994 0.00112535 0.000287533 0.000569888 2.32579e-05
 0.119394 0.878933 0.000939936 0.000239333 0.000493624
 0.234966 0.0987236 0.665053 0.000706647 0.000550844
 0.980895 0.00470471 0.00186491 0.0125116 2.36517e-05
 0.504687 0.486548 0.0021668 0.000854661 0.00574317
 0.965718 0.0181079 0.0158899 7.02691e-05 0.000213882
 0.929441 0.068239 0.00122682 0.00107358 1.91954e-05
 0.800178 0.186663 0.0127286 0.000227652 0.00020272
 0.868601 0.106957 0.0228413 0.00154827 5.2332e-05
 0.89625 0.0915483 0.00994801 0.00210576 0.000147491
 0.988272 0.0106168 0.000981486 0.000105871 2.39705e-05
 0.137967 0.852362 0.00875667 0.000806943 0.000106733
 0.973367 0.00378465 0.0225922 0.000231525 2.41543e-05
 0.611691 0.378257 0.00143082 0.00852497 9.64685e-05
 0.47392 0.326377 0.194546 0.000734041 0.00442238
 0.90299 0.0470256 0.0310458 0.0184498 0.000488927
 0.83891 0.145966 0.00734114 0.00483471 0.00294892
 0.106553 0.753605 0.126742 0.00635879 0.00674117
 0.875491 0.0135727 0.0935991 0.0157133 0.00162395
 0.651935 0.305619 0.00463358 0.0319038 0.005909
 0.370982 0.413499 0.189277 0.00286489 0.0233771
 0.8949 0.0396342 0.0430621 0.0196761 0.00272769
 0.818098 0.163202 0.00705965 0.00765717 0.0039834
 0.159953 0.689256 0.135305 0.00584625 0.00963921
 0.21921 0.127075 0.536502 0.105176 0.0120363
 0.94166 0.0131718 0.00736678 0.0310244 0.00677714
pobs_pel_tallas
 0 0 0 0 0 0 0 0 0 0 0 0 0 0 0 0 0 0 0 0 0 0 0 0 0 0
 0 0 0 0 0 0 0 0 0 0 0 0 0 0 0 0 0 0 0 0 0 0 0 0 0 0
 0 0 0 0 0 0 0 0 0 0 0 0 0 0 0 0 0 0 0 0 0 0 0 0 0 0
 0 0 0 0 0 0 0 0 0 0 0 0 0 0 0 0 0 0 0 0 0 0 0 0 0 0
 0 0 0 0 0 0 0 0 0 0 0 0 0 0 0 0 0 0 0 0 0 0 0 0 0 0
 0 0 0 0 0 0 0 0 0 0 0 0 0 0 0 0 0 0 0 0 0 0 0 0 0 0
 0 0 0 0 0 0 0 0 0 0 0 0 0 0 0 0 0 0 0 0 0 0 0 0 0 0
 0 0 0 0 0 0 0 0 0 0 0 0 0 0 0 0 0 0 0 0 0 0 0 0 0 0
 0 0 0 0 0 0 0 0 0 0 0 0 0 0 0 0 0 0 0 0 0 0 0 0 0 0
 0 0 0 0 0 0 0 0 0 0 0 0 0 0 0 0 0 0 0 0 0 0 0 0 0 0
 0 0 0 0 0 0 0 0 0 0 0 0 0 0 0 0 0 0 0 0 0 0 0 0 0 0
 0 0 0 0 0 0 0 0 0 0 0 0 0 0 0 0 0 0 0 0 0 0 0 0 0 0
 0.00862536 0 0 0.000197151 0.00414017 0.0128641 0.00837892 0.0270097 0.101434 0.158115 0.152841 0.127902 0.109271 0.109419 0.0830992 0.0579132 0.0238553 0.00714673 0.00463305 0.00128148 0.00103504 0.000492878 0.000147863 0.000147863 4.92878e-05 0
 0 0 0 0 0 0 0 0 0 0 0 0 0 0 0 0 0 0 0 0 0 0 0 0 0 0
 0 0 0 0 0 0 0 0.0054083 0.00873648 0.0413646 0.0450493 0.0745869 0.0622846 0.0627006 0.0613931 0.0827291 0.12552 0.122667 0.0946155 0.0697135 0.0546179 0.0294188 0.0215738 0.0213955 0.0102223 0.00600262
 0 0 0 0 0.00359764 0.0251062 0.0480494 0.140153 0.205849 0.193036 0.1447 0.116669 0.0760912 0.0342217 0.00950174 0.001854 0.000860785 0 0 0 0.000165536 0 0.000143464 0 0 0
 0 0 0 0 0 0 0 0.000145254 0.000435761 0.0275982 0.070085 0.0708112 0.156366 0.174668 0.174014 0.160142 0.0824315 0.0480064 0.0283245 0.00493863 0.00203355 0 0 0 0 0
 0 0 0 0 0 0 0 0 0 0 0 0 0 0 0 0 0 0 0 0 0 0 0 0 0 0
 0 0 1.00437e-05 0.000401748 0.00122533 0.00171747 0.00176769 0.0269171 0.070346 0.194647 0.189555 0.159765 0.064822 0.0314167 0.0384472 0.0292271 0.0345202 0.0313363 0.0194345 0.0106764 0.0143323 0.0359363 0.0279516 0.0138201 0.00172751 0
 0 0.0021121 0.0136068 0.0755702 0.200478 0.177729 0.0527432 0.0373336 0.0318909 0.0142505 0.0149659 0.0166563 0.0217959 0.0798694 0.0677717 0.0528807 0.04013 0.0224614 0.0357745 0.0225083 0.00881397 0.00855152 0.00135912 0.000746735 0 0
 0 0 0 0 5.4009e-05 0.00500934 0.000945158 0.0243581 0.138947 0.33067 0.221406 0.137944 0.0707744 0.0437923 0.0131692 0.00525238 0.0047753 0.00276346 9.45158e-05 9.00151e-06 2.25038e-05 9.00151e-06 4.50075e-06 0 0 0
 0.000866109 0.00284123 0.00948549 0.0512746 0.133035 0.25785 0.225252 0.132002 0.0553304 0.0519788 0.0540692 0.017754 0.00435017 0.00159236 0.00146478 0.000404838 0.000125132 0.000115318 0.000107957 0.000100596 0 0 0 0 0 0
 0 0 0 0 0.00144013 0.00171154 0.00461396 0.0210425 0.0478622 0.0707936 0.0888783 0.103762 0.0637923 0.0337046 0.0602308 0.124433 0.169614 0.0934646 0.0462172 0.0250306 0.0313229 0.00938855 0.002487 0.000210481 0 0
 0 0.00764035 0.051015 0.0998891 0.058973 0.0496711 0.0374665 0.0718981 0.12319 0.153886 0.159021 0.0857701 0.0377988 0.023471 0.0147837 0.00900784 0.00315554 0.000888139 0.00291439 0.00214683 0.00393193 0.00274676 0.000635225 9.99891e-05 0 0
 0 0 0 0 0 0 0 0 0 0 0 0 0 0 0 0 0 0 0 0 0 0 0 0 0 0
 0 0 0 0 0 0 0 0 0 0 0 0 0 0 0 0 0 0 0 0 0 0 0 0 0 0
 0 0 0 0 0 0 0 0 0 0 0 0 0 0 0 0 0 0 0 0 0 0 0 0 0 0
 0 0 0 0 0 0 0 0 0 0 0 0 0 0 0 0 0 0 0 0 0 0 0 0 0 0
 0 0 0 0 0 0 0 0 0 0 0 0 0 0 0 0 0 0 0 0 0 0 0 0 0 0
 0 0 0 0 0 0 0 0 0 0 0 0 0 0 0 0 0 0 0 0 0 0 0 0 0 0
 0 0 0 0 0 0 0 0 0 0 0 0 0 0 0 0 0 0 0 0 0 0 0 0 0 0
ppred_pel_tallas
 1.27155e-16 5.31375e-06 5.16516e-05 0.000343244 0.00156035 0.00485492 0.0103446 0.0151023 0.0151214 0.0104385 0.0051732 0.00249265 0.00273251 0.00542968 0.0106943 0.01891 0.0301237 0.043888 0.0595419 0.0764751 0.0938891 0.110138 0.122411 0.12746 0.123136 0.109683
 1.74407e-16 1.0776e-05 0.000104747 0.000696081 0.00316429 0.0098453 0.0209767 0.0306173 0.0306233 0.0210061 0.00994569 0.00346082 0.00146604 0.00187368 0.00364042 0.00674453 0.0115584 0.0186708 0.0289701 0.0435999 0.0634955 0.0885239 0.116673 0.143909 0.165047 0.175377
 1.05306e-16 7.89282e-05 0.00076721 0.00509838 0.0231765 0.0721107 0.153639 0.224241 0.224242 0.153642 0.0721199 0.0232033 0.0051662 0.000917544 0.000371721 0.000510504 0.000782099 0.00111199 0.00150254 0.00200435 0.00270958 0.00370828 0.00502104 0.00654691 0.00806051 0.00926677
 1.04203e-16 2.48573e-05 0.000241622 0.00160567 0.00729916 0.0227107 0.04839 0.0706402 0.0707047 0.0487051 0.0237682 0.0103516 0.00926085 0.0169299 0.0316515 0.0521113 0.074657 0.0930323 0.100895 0.0953607 0.0787983 0.0573715 0.0375193 0.0230547 0.014523 0.0103927
 1.1086e-16 4.35582e-05 0.000423401 0.00281365 0.0127904 0.0397959 0.08479 0.123757 0.123772 0.0848643 0.0400468 0.0135207 0.0046678 0.00454035 0.00806491 0.0137903 0.0210819 0.0290417 0.0366816 0.0433819 0.0489823 0.0533645 0.0559797 0.0558897 0.0523687 0.0455476
 1.0007e-16 8.22034e-05 0.000799047 0.00530995 0.0241382 0.075103 0.160015 0.233547 0.233547 0.160016 0.0751048 0.0241434 0.00532294 0.000827496 0.000136464 9.61144e-05 0.000131978 0.00016914 0.000193432 0.000200952 0.0001959 0.000187218 0.000182405 0.000183133 0.00018539 0.000183045
 1.0036e-16 9.83452e-06 9.55951e-05 0.000635267 0.00288789 0.00898574 0.0191482 0.0279651 0.0280496 0.019561 0.0103714 0.00688752 0.010665 0.0219579 0.0414338 0.0682297 0.0976925 0.121601 0.131587 0.123801 0.101282 0.0720765 0.0446554 0.0241376 0.0114471 0.00483687
 1.19382e-16 1.93538e-05 0.000188126 0.00125017 0.00568308 0.0176822 0.0376742 0.0549888 0.0549993 0.0377261 0.0178593 0.00620719 0.00261369 0.00332286 0.0064345 0.0118059 0.0197832 0.0306307 0.0443855 0.0606666 0.0782547 0.0947093 0.106591 0.110584 0.105032 0.0909077
 1.01314e-16 8.0795e-05 0.000785357 0.00521897 0.0237247 0.0738163 0.157273 0.229545 0.229546 0.157276 0.0738239 0.0237466 0.00527448 0.000907837 0.000317429 0.000408132 0.000608421 0.000829659 0.00104822 0.00126991 0.00152718 0.00185462 0.00225336 0.00267086 0.00301274 0.00318046
 1.01245e-16 4.15705e-05 0.00040408 0.00268526 0.0122068 0.0379802 0.0809225 0.118119 0.118165 0.0811511 0.0387473 0.0144212 0.00823835 0.0125091 0.0229801 0.0377911 0.0541222 0.0674033 0.0730127 0.0688333 0.056559 0.0406452 0.0257683 0.0147316 0.00800158 0.00456017
 1.00507e-16 7.95449e-05 0.000773205 0.00513822 0.0233576 0.0726742 0.15484 0.225994 0.225996 0.154849 0.0727032 0.0234418 0.00535052 0.00123987 0.000975164 0.00151044 0.00222407 0.00291223 0.00342149 0.00367404 0.00369583 0.00357315 0.0033756 0.00311488 0.00276644 0.00232013
 1.00164e-16 7.65569e-05 0.00074416 0.00494521 0.0224802 0.0699443 0.149024 0.217506 0.217513 0.149056 0.0700519 0.0227909 0.00572441 0.00244299 0.00329653 0.00531189 0.00760527 0.00948127 0.0102893 0.00973234 0.00804554 0.00584771 0.00378624 0.00224605 0.001288 0.000770901
 1.00473e-16 6.59096e-05 0.000640665 0.00425745 0.0193537 0.0602168 0.128299 0.18726 0.187278 0.128387 0.0605114 0.0202046 0.006392 0.00529651 0.00889668 0.0145732 0.0209147 0.0261471 0.0285083 0.027182 0.0227849 0.0169627 0.0114315 0.00720386 0.00444103 0.00279203
 1.00851e-16 7.15455e-05 0.000695448 0.0046215 0.0210087 0.0653658 0.139269 0.20327 0.20328 0.13932 0.0655352 0.021498 0.00585025 0.00337949 0.00517382 0.00845235 0.0121967 0.0153932 0.0170555 0.0167197 0.0147048 0.0118757 0.00910928 0.00688729 0.00525096 0.00401679
 1.00547e-16 7.3823e-05 0.000717586 0.00476861 0.0216774 0.0674465 0.143702 0.20974 0.209748 0.143745 0.0675912 0.0220952 0.005817 0.00300539 0.00441627 0.00717752 0.0103166 0.0129395 0.014189 0.0136689 0.0116766 0.00900067 0.00645325 0.00449814 0.00318933 0.00234612
 1.00046e-16 8.14026e-05 0.000791263 0.00525822 0.0239031 0.0743714 0.158456 0.231272 0.231273 0.158461 0.0743882 0.0239515 0.00537973 0.00105636 0.000584432 0.000836147 0.00119373 0.00149481 0.00163505 0.00156802 0.00132837 0.00100844 0.000703888 0.000470258 0.000315262 0.000218596
 1.0057e-16 1.13644e-05 0.000110466 0.000734088 0.00333711 0.0103834 0.022126 0.0323107 0.0323927 0.0225264 0.0117274 0.00721672 0.0104635 0.0213199 0.0402041 0.0662168 0.0948447 0.118128 0.127965 0.12062 0.0990259 0.0709431 0.0445339 0.0247146 0.0123588 0.00578495
 1.00681e-16 8.0175e-05 0.000779329 0.00517892 0.0235426 0.0732498 0.156066 0.227784 0.227784 0.156068 0.0732565 0.0235624 0.00523017 0.000896597 0.000318578 0.000440525 0.000721228 0.00110237 0.0015767 0.00212959 0.00272145 0.00327336 0.00367211 0.00380637 0.00361878 0.00313994
 1.0101e-16 5.03842e-05 0.000489753 0.00325458 0.0147949 0.0460325 0.0980785 0.143156 0.143193 0.0982562 0.046629 0.0165165 0.00757212 0.0099018 0.0178869 0.02939 0.042097 0.0524458 0.0568492 0.0536679 0.0442214 0.0319673 0.0205229 0.0120391 0.00684831 0.00413918
 1.0652e-16 3.90363e-05 0.000379446 0.00252156 0.0114627 0.0356647 0.0759886 0.110914 0.110946 0.0761436 0.0361855 0.0129698 0.00631541 0.00869678 0.0159381 0.026554 0.0388648 0.0501453 0.0575796 0.0597632 0.0573801 0.0524486 0.046831 0.0412763 0.0355841 0.0294075
 1.02842e-16 7.43781e-05 0.000722982 0.00480447 0.0218404 0.0679536 0.144783 0.211315 0.21132 0.144805 0.0680289 0.0220584 0.00535387 0.00192964 0.00238771 0.003887 0.00572821 0.00749328 0.00881062 0.00951633 0.00973161 0.00973307 0.00972226 0.0096888 0.00945855 0.00885284
 1.01234e-16 6.90999e-05 0.000671676 0.00446352 0.0202905 0.0631314 0.134509 0.196322 0.196336 0.134577 0.0633618 0.0209557 0.00613234 0.00431155 0.00697268 0.011394 0.0163516 0.0204486 0.0223155 0.0213299 0.0179948 0.0136158 0.00953983 0.00653981 0.00469561 0.00366906
 1.05629e-16 8.77675e-06 8.53133e-05 0.00056694 0.00257727 0.00801924 0.0170885 0.0249564 0.0250291 0.0174436 0.00921144 0.00602104 0.00921232 0.0189616 0.0358676 0.0593055 0.08548 0.107584 0.11865 0.115413 0.10021 0.0793177 0.0591517 0.0433118 0.0321716 0.0243548
 1.04556e-16 7.2113e-05 0.000700964 0.00465815 0.0211753 0.0658842 0.140373 0.204879 0.204881 0.140381 0.0659087 0.0212481 0.00484792 0.00113885 0.000973014 0.00167548 0.00282924 0.00444129 0.0065474 0.00913166 0.0120508 0.0149624 0.0173392 0.0186219 0.0184493 0.0168301
 1.04412e-16 5.3699e-05 0.000521974 0.0034687 0.0157682 0.049061 0.104531 0.152572 0.152601 0.104674 0.0495432 0.0171604 0.00696101 0.00813824 0.014497 0.0238276 0.0341987 0.0427674 0.0466961 0.0447266 0.0379725 0.0292221 0.0213113 0.0158015 0.0127259 0.011199
 1.09812e-16 3.05574e-05 0.000297029 0.00197386 0.00897292 0.0279183 0.0594843 0.0868275 0.0868676 0.0596802 0.0285764 0.0108763 0.0067612 0.0107797 0.0200324 0.033312 0.0485476 0.0622201 0.0707122 0.0722848 0.0679867 0.0606953 0.0531419 0.0465444 0.0406701 0.0348066
 1.03688e-16 7.37117e-05 0.000716504 0.00476142 0.0216447 0.0673448 0.143485 0.209422 0.209426 0.143504 0.0674089 0.0218305 0.005231 0.00175232 0.00207261 0.00339345 0.00507897 0.00680641 0.00829829 0.00943169 0.0102815 0.0110006 0.0116364 0.0120518 0.0120092 0.0113373
 1.01688e-16 6.73857e-05 0.000655013 0.00435279 0.0197872 0.0615653 0.131172 0.191453 0.191468 0.131249 0.0618229 0.0205309 0.00621851 0.00472429 0.00778527 0.0127371 0.0182804 0.0228626 0.0249568 0.0238735 0.0201831 0.0153525 0.0108897 0.00765092 0.00570707 0.00465538
 1.06299e-16 1.31753e-05 0.000128068 0.000851062 0.00386885 0.0120378 0.0256502 0.0374512 0.0375176 0.0259751 0.0131288 0.0070208 0.00876533 0.0174129 0.0328632 0.0543671 0.078449 0.0989176 0.109434 0.107022 0.0937817 0.0753625 0.0575047 0.0433763 0.0332451 0.0258558
 1.281e-16 1.80561e-05 0.000175512 0.00116634 0.00530201 0.0164966 0.0351482 0.0513025 0.0513156 0.0352125 0.016715 0.00594377 0.00281793 0.00391582 0.00751759 0.0134353 0.0217737 0.032451 0.0452595 0.0599315 0.075848 0.0915031 0.104312 0.111264 0.110209 0.100965
 1.04475e-16 7.75633e-05 0.000753943 0.00501021 0.0227757 0.0708637 0.150983 0.220364 0.220365 0.150989 0.070885 0.0228375 0.00516639 0.00109904 0.000745844 0.00114606 0.00173329 0.00238383 0.00304749 0.0037479 0.00458105 0.00564508 0.00693886 0.00830427 0.00945817 0.0100987
pSPR Fmed_Fpbrs
0.377657   0.238798 0.238798
Fs Fmed_Fpbrs
0.628748   1.005 1.005
SSBpbr Bo_Bmed_Bpbrs
1.64659e+06  539516  310873 310873
Ro
57470.1
SPR SPRFo_SPRFmed_SPRFpbrs
410200 154915 97955
Fref
1.005
Nvult_r0
 121553 2061.03 1169.32 4928.24 1076.6
CTP_r0
 35053.1 753.972 433.895 1830.09 399.807
YTP_r0
391049
Np
 131767 24328 5447.76 72.3742 45.7707
Nvult_p0
 107439 20973.6 4713.23 62.6276 39.6072
CTP_p0
 43843.6 16871 232.632 129.919 658.58
 43843.6 10388.1 2361 31.3909 19.8529
YTP_p0
 624233 547374
CBA_c0
601175
log_Ro
10.779
likeval ReclasPelacesDesembMPH_pf_preclas_ppelaces_ptallas_desvR_qrecl_qpela
 16.3168 73.5736 0.151931 0.00104293 320.456 124.502 113.911 0 111.81 2.15913e-05 0 0.0209421 0 0 0
q_reclas_q_pelaces
1.93179 1
M
1
N
 9286.21 28499.2 102104 11798.2 0.102155
 5768.18 2941 8471.15 30202.3 3489.02
 199530 1378.52 585.518 1663.07 6609.31
 15778.1 47592.7 273.69 114.625 1618.18
 4827.93 2433.57 5079.99 28.4008 179.526
 285607 365.2 94.2138 186.828 7.6249
 6993.85 73473.2 80.7432 20.5896 42.4693
 1809.25 935.465 6402.77 6.80905 5.30801
 62623.4 368.832 148.521 997.264 1.8853
 8760.99 12844.3 59.0681 23.3388 156.847
 46855.7 977.927 865.213 3.82789 11.6514
 133118 12708.6 233.125 204.226 3.65173
 76506.3 23198.4 1614.02 28.8981 25.7347
 68992.9 13346.9 2950.7 200.383 6.77367
 44963.2 7020.12 788.044 167.103 11.7052
 389263 4946.63 463.221 50.0014 11.3214
 12569.7 88798.2 921.681 84.9817 11.2407
 742365 3157.59 18979.2 194.571 20.2993
 303665 211540 807.525 4813.68 54.473
 98403.7 79594.8 48033.2 181.354 1092.64
 389608 22906.6 15263.9 9075.55 240.512
 511890 101496 5155.97 3397.44 2072.32
 16708.6 129855 21997.4 1104.06 1170.48
 280516 4700.85 32611.5 5476.54 566.004
 162391 82697.4 1261.78 8690.76 1609.67
 38711.2 47203.6 21756.4 329.427 2688.14
 226842 11029 12068.8 5516.66 764.789
 302646 63996 2780.67 3016.75 1569.39
 20735.4 94333.2 18595.3 803.645 1325.05
 9984.07 6536.92 27857 5463.84 625.299
 161063 2597.81 1468.85 6189.56 1352.12
pred_Ctot
 826.586 3519.73 12872.4 1489.05 0.0128938
 1322.85 896.081 2626.22 9371.95 1082.71
 45931 421.475 182.149 517.839 2058.08
 6205.59 23511.5 137.021 57.4269 810.734
 2734.15 1619.9 3411.67 19.0827 120.628
 55888.5 95.9715 25.212 50.0442 2.04253
 3046.87 39584.7 44.0378 11.237 23.1789
 534.682 359.33 2498.49 2.65925 2.07312
 18357.7 140.647 57.5386 386.674 0.731029
 4233.42 7538.55 35.0528 13.8581 93.1351
 7976.51 225.364 203.161 0.899723 2.73875
 47006.2 5718.16 106.408 93.2877 1.66813
 26987.5 10428.5 736.04 13.1884 11.7452
 34853.9 8120.27 1814.1 123.264 4.16691
 21886.1 4144.8 470.394 99.8034 6.99125
 97157.9 1629.52 155.191 16.7667 3.79651
 2599.03 24570.9 259.636 23.962 3.16965
 108000 626.628 3839.88 39.4062 4.11142
 56725.7 53217.4 206.913 1234.62 13.972
 23703.5 25376.9 15578 58.8697 354.702
 73921.4 5847.6 3968.49 2361.86 62.5951
 103521 27508 1422.77 938.408 572.424
 2539.28 26866.3 4639.22 233.083 247.117
 35864.1 824.246 5831.96 980.402 101.331
 21958.6 15301.8 238.081 1641.53 304.055
 5635.25 9373.17 4404.39 66.758 544.777
 34157.7 2261.88 2523.11 1154.49 160.058
 29615.5 8666.15 384.308 417.388 217.148
 1898.75 11976.2 2409.77 104.259 171.912
 1900.02 1673.47 7263.03 1425.94 163.198
 35053.1 753.972 433.895 1830.09 399.807
F
 0.149781 0.21321 0.21807 0.218332 0.218346
 0.431344 0.614007 0.628004 0.628758 0.628798
 0.433286 0.616771 0.630831 0.631589 0.631629
 0.869261 1.23737 1.26558 1.2671 1.26718
 1.58173 2.25155 2.30288 2.30564 2.30579
 0.357697 0.509172 0.520779 0.521405 0.521438
 1.01174 1.44019 1.47302 1.47479 1.47488
 0.590327 0.840315 0.859471 0.860504 0.860558
 0.584241 0.831652 0.850611 0.851632 0.851686
 1.19263 1.69768 1.73638 1.73846 1.73857
 0.30479 0.433861 0.443751 0.444284 0.444312
 0.747154 1.06356 1.0878 1.08911 1.08918
 0.746092 1.06204 1.08625 1.08756 1.08763
 1.28522 1.82948 1.87119 1.87344 1.87355
 1.20714 1.71833 1.7575 1.75961 1.75972
 0.477888 0.680262 0.695769 0.696605 0.696649
 0.381478 0.543024 0.555403 0.55607 0.556105
 0.255425 0.363591 0.37188 0.372326 0.37235
 0.338976 0.482523 0.493523 0.494116 0.494147
 0.457653 0.651457 0.666308 0.667109 0.667151
 0.34512 0.49127 0.502469 0.503073 0.503104
 0.371693 0.529095 0.541156 0.541807 0.541841
 0.268182 0.38175 0.390452 0.390921 0.390946
 0.221445 0.315221 0.322406 0.322794 0.322814
 0.235535 0.335279 0.342922 0.343334 0.343355
 0.255602 0.363843 0.372137 0.372584 0.372608
 0.265431 0.377834 0.386447 0.386911 0.386936
 0.16573 0.235913 0.24129 0.24158 0.241596
 0.154374 0.219748 0.224757 0.225027 0.225041
 0.346324 0.492983 0.504221 0.504827 0.504859
 0.405238 0.576845 0.589995 0.590704 0.590741
YTP_r0W_actual
 290941 10631 11975.5 62589.1 14912.8
YTP_p0W_proyectada
 328388 264368 5380.77 3815.72 22279.8
 328388 162782 54609.9 921.949 671.625
CTP_r0_actual
 35053.1 753.972 433.895 1830.09 399.807
CTP_p0_proyectada
 43843.6 16871 232.632 129.919 658.58
 43843.6 10388.1 2361 31.3909 19.8529
Wmedp
 7.49 15.67 23.13 29.37 33.83
Frms_r0
 0.405238 0.576845 0.589995 0.590704 0.590741
Zrms_r0
 1.40524 1.57685 1.59 1.5907 1.59074
nmprior
 8.19 8.8 8.5 0
nm_flota  nm_reclas  nm_pelaces    nm_pelaL
inf 11.3165 5.80641 9.84193
cv_recla  cv_pelaces  cv_mph
0.365378 0.972598 0.99663
 ------------------------------------------------
Talla a la edad & desviaci?n 
 8 13.2811 15.8009 17.003 17.5766
 0.8 1.32811 1.58009 1.7003 1.75766
