years
 1991 1992 1993 1994 1995 1996 1997 1998 1999 2000 2001 2002 2003 2004 2005 2006 2007 2008 2009 2010 2011 2012 2013 2014 2015 2016 2017 2018 2019 2020 2021
reclasobs
 0 0 0 0 0 0 0 0 0 252601 567819 844713 477998 351125 339783 2.1784e+06 2.13404e+06 4.81314e+06 1.55562e+06 2.62356e+06 3.21686e+06 3.843e+06 1.13348e+06 3.07943e+06 1.97215e+06 2.03268e+06 2.025e+06 2.42433e+06 2.27542e+06 1.05018e+06 2.36338e+06
reclaspred
 2.67232e+06 1.10538e+06 567926 307737 92592.9 1.02033e+06 422653 179414 73008.6 174698 311059 491616 454377 313143 259281 1.19833e+06 887274 3.0456e+06 2.36256e+06 1.31698e+06 2.54003e+06 2.26306e+06 1.44193e+06 2.57376e+06 1.77051e+06 1.25367e+06 1.79263e+06 2.36494e+06 1.77816e+06 808266 1.13626e+06
pelacesobs
 0 0 0 0 0 0 0 0 0 0 0 0 0 0 0 552880 188675 0 991730 2.46772e+06 1.41603e+06 1.21717e+06 2.29649e+06 1.80582e+06 0 1.4828e+06 1.56532e+06 1.57751e+06 1.42118e+06 867257 1.10002e+06
pelacespred
 1.28727e+06 564833 260874 94038 31557.1 452797 142969 83155.8 19478.9 66514.3 137989 184930 188357 128753 108111 461075 343021 1.43175e+06 1.10118e+06 585840 1.09665e+06 1.0016e+06 642150 1.29946e+06 854148 600140 986959 1.26757e+06 794229 423423 554753
mphobs
 0 0 0 0 0 0 0 0 0 0 0 498337 0 5186 125008 0 168611 109162 213762 579715 649985 157893 87575 83554 0 0 0 0 0 0 0
mphpred
 2.75783e+06 1.41456e+06 456220 302095 108495 34957.6 540748 167139 65207.9 15471.4 70619.7 209185 254488 188107 99945.9 109341 769265 518641 1.78408e+06 1.18e+06 897187 1.30445e+06 1.34506e+06 871531 1.44514e+06 1.05194e+06 682450 927889 1.63963e+06 948570 399180
desembarqueobs
 494567 514787 250237 358949 120608 361735 552515 73892 212993 205616 52469 317467 293654 387597 252695 516296 358380 742168 942051 627588 828172 859565 418607 520667 417249 300574 415391 372974 316634 284311 391294
desembarquepred
 494541 515114 249326 358921 120569 361586 551895 73873.5 212761 205494 52465.2 317306 293481 387176 252511 516045 358304 741870 941207 626933 827869 859074 418462 520551 417095 300457 415254 372864 316533 284183 391171
Reclutas
 35752.6 24554.7 168968 23818.1 11018.5 300326 22122 5616.16 18622 72853.8 78914.8 133920 94458.4 68767.4 54445.4 444613 27745.9 813304 324412 166902 431724 583602 38201.3 337544 213927 62898.1 272161 350664 39195.9 20591.4 187932
log_desv_Rt
 -0.909963 -1.28568 0.643122 -1.31614 -2.08701 1.21828 -1.39001 -2.76094 -1.56224 -0.19813 -0.118216 0.410658 0.061575 -0.255856 -0.489387 1.61062 -1.1635 2.21452 1.29543 0.630819 1.5812 1.88263 -0.843715 1.33511 0.879052 -0.345069 1.11981 1.37324 -0.818013 -1.46171 0.749493
SSB
 2.75783e+06 1.41456e+06 456220 302095 108495 34957.6 540748 167139 65207.9 15471.4 70619.7 209185 254488 188107 99945.9 109341 769265 518641 1.78408e+06 1.18e+06 897187 1.30445e+06 1.34506e+06 871531 1.44514e+06 1.05194e+06 682450 927889 1.63963e+06 948570 399180
BT
 3.41469e+06 1.85021e+06 845032 491353 180180 1.36518e+06 815915 261114 244624 349878 361593 687852 699486 699794 502084 1.47238e+06 1.07342e+06 3.97014e+06 3.43058e+06 1.94219e+06 3.22758e+06 3.08873e+06 1.84479e+06 3.48942e+06 2.36005e+06 1.6592e+06 2.71141e+06 3.29325e+06 2.09487e+06 1.27499e+06 1.66222e+06
Ftot
 0.1762 0.432719 0.442785 1.02239 1.13336 0.401291 1.11409 0.393462 2.29906 1.21038 0.187084 0.657193 0.644775 1.17866 0.984622 0.47915 0.382132 0.270864 0.395075 0.464417 0.342285 0.391442 0.276936 0.21826 0.235669 0.235212 0.249636 0.171259 0.170307 0.333068 0.370408
BD_Bspro_t
 0.972202 0.783743 0.517583 0.446633 0.200211 0.102319 0.515478 0.217221 0.131718 0.0467115 0.211587 0.505478 0.419869 0.314918 0.19422 0.215903 0.532919 0.430126 0.65539 0.524676 0.420484 0.51046 0.542255 0.47542 0.628297 0.611097 0.571543 0.667014 0.75797 0.650003 0.494095
BD_Bspro
 4.34399 2.22814 0.718613 0.475844 0.170895 0.0550633 0.851757 0.263268 0.102712 0.0243697 0.111236 0.329497 0.400855 0.296296 0.157429 0.172228 1.2117 0.816935 2.81019 1.85868 1.4132 2.0547 2.11867 1.37279 2.2763 1.65697 1.07496 1.46156 2.58266 1.49414 0.628767
BD_Bo
 1.56283 0.801613 0.258534 0.171193 0.0614825 0.01981 0.306434 0.0947152 0.0369524 0.00876744 0.0400192 0.118542 0.144215 0.106598 0.056638 0.061962 0.435932 0.293907 1.01101 0.668691 0.508424 0.739214 0.762229 0.493885 0.818938 0.596122 0.386735 0.525822 0.929159 0.537542 0.22621
BD_Brms
 9.89549 5.07564 1.63698 1.08396 0.389294 0.125433 1.94028 0.599716 0.233975 0.0555135 0.253393 0.750585 0.913136 0.674954 0.358619 0.39233 2.76023 1.86095 6.40153 4.23401 3.21923 4.68055 4.82627 3.12717 5.18534 3.77452 2.44873 3.32939 5.88323 3.4036 1.43231
Sel_flota
 0.8157 1 1 1 1
 0.8157 1 1 1 1
 0.8157 1 1 1 1
 0.8157 1 1 1 1
 0.8157 1 1 1 1
 0.8157 1 1 1 1
 0.8157 1 1 1 1
 0.8157 1 1 1 1
 0.8157 1 1 1 1
 0.8157 1 1 1 1
 0.8157 1 1 1 1
 0.8157 1 1 1 1
 0.8157 1 1 1 1
 0.8157 1 1 1 1
 0.8157 1 1 1 1
 0.8157 1 1 1 1
 0.8157 1 1 1 1
 0.8157 1 1 1 1
 0.8157 1 1 1 1
 0.8157 1 1 1 1
 0.8157 1 1 1 1
 0.8157 1 1 1 1
 0.8157 1 1 1 1
 0.8157 1 1 1 1
 0.8157 1 1 1 1
 0.8157 1 1 1 1
 0.8157 1 1 1 1
 0.8157 1 1 1 1
 0.8157 1 1 1 1
 0.8157 1 1 1 1
 0.8157 1 1 1 1
Sel_reclas
 1 1 1 1 1
 1 1 1 1 1
 1 1 1 1 1
 1 1 1 1 1
 1 1 1 1 1
 1 1 1 1 1
 1 1 1 1 1
 1 1 1 1 1
 1 1 1 1 1
 1 1 1 1 1
 1 1 1 1 1
 1 1 1 1 1
 1 1 1 1 1
 1 1 1 1 1
 1 1 1 1 1
 1 1 1 1 1
 1 1 1 1 1
 1 1 1 1 1
 1 1 1 1 1
 1 1 1 1 1
 1 1 1 1 1
 1 1 1 1 1
 1 1 1 1 1
 1 1 1 1 1
 1 1 1 1 1
 1 1 1 1 1
 1 1 1 1 1
 1 1 1 1 1
 1 1 1 1 1
 1 1 1 1 1
 1 1 1 1 1
Sel_pelaces
 1 1 1 1 1
 1 1 1 1 1
 1 1 1 1 1
 1 1 1 1 1
 1 1 1 1 1
 1 1 1 1 1
 1 1 1 1 1
 1 1 1 1 1
 1 1 1 1 1
 1 1 1 1 1
 1 1 1 1 1
 1 1 1 1 1
 1 1 1 1 1
 1 1 1 1 1
 1 1 1 1 1
 1 1 1 1 1
 1 1 1 1 1
 1 1 1 1 1
 1 1 1 1 1
 1 1 1 1 1
 1 1 1 1 1
 1 1 1 1 1
 1 1 1 1 1
 1 1 1 1 1
 1 1 1 1 1
 1 1 1 1 1
 1 1 1 1 1
 1 1 1 1 1
 1 1 1 1 1
 1 1 1 1 1
 1 1 1 1 1
pf_obs 
 0.8446 0.082 0.0669 0.0065 0
 0.8095 0.147 0.0364 0.0071 0
 0.9664 0.0169 0.016 0.0007 0
 0.9276 0.0648 0.0075 0.0001 0
 0.7033 0.2144 0.0806 0.0017 0
 0.9318 0.0425 0.0243 0.0014 0
 0.5671 0.3108 0.0964 0.0239 0.0018
 0.0768 0.2599 0.5324 0.112 0.0189
 0.490249 0.384438 0.106611 0.0170017 0.00170017
 0.7925 0.1577 0.0466 0.003 0.0002
 0.840416 0.127587 0.0312969 0.00059994 9.999e-05
 0.8084 0.0986 0.0794 0.0134 0.0002
 0.7335 0.1905 0.0724 0.0035 0.0001
 0.4001 0.4547 0.1325 0.0127 0
 0.49795 0.308269 0.164784 0.0264974 0.00249975
 0.9179 0.0499 0.0305 0.0017 0
 0.2467 0.6533 0.0926 0.0074 0
 0.9418 0.0223 0.034 0.0019 0
 0.707729 0.231977 0.0356964 0.0245975 0
 0.517169 0.277429 0.184464 0.0207286 0.00020938
 0.811772 0.124168 0.05621 0.00726502 0.000585176
 0.764997 0.148141 0.077277 0.00933861 0.000247198
 0.163321 0.427699 0.378323 0.0303852 0.000271297
 0.753843 0.0900009 0.118128 0.0371064 0.000921714
 0.721811 0.176058 0.0630433 0.0369309 0.00215725
 0.143369 0.312575 0.442814 0.0836902 0.0175525
 0.692698 0.0596174 0.167031 0.0765114 0.00414204
 0.394062 0.376323 0.152708 0.0712218 0.00568511
 0.125707 0.32114 0.495352 0.0537591 0.00404204
 0.23352 0.215282 0.420074 0.123614 0.00750983
 0.774587 0.0839891 0.0768558 0.0609784 0.00358967
pf_pred 
 0.144244 0.2361 0.549567 0.0700883 7.49167e-07
 0.239862 0.132272 0.173226 0.403216 0.0514242
 0.866209 0.038648 0.0165558 0.0216818 0.056905
 0.299577 0.625467 0.0216525 0.00927537 0.0440281
 0.485596 0.191455 0.288388 0.00998344 0.024577
 0.988942 0.00630761 0.00176788 0.00266295 0.000319128
 0.194194 0.798842 0.00397266 0.00111345 0.00187817
 0.266362 0.185383 0.543517 0.00270292 0.00203544
 0.783422 0.0687659 0.0373506 0.109507 0.000954677
 0.981244 0.0160861 0.000847556 0.000460355 0.00136146
 0.865775 0.132444 0.00152751 8.0482e-05 0.000172996
 0.803144 0.175155 0.0214125 0.000246954 4.09802e-05
 0.702164 0.251275 0.0414277 0.00506448 6.81022e-05
 0.689947 0.234683 0.0635874 0.0104836 0.00129884
 0.787867 0.16101 0.0386956 0.0104846 0.00194275
 0.972214 0.0232472 0.00344464 0.000827852 0.000265869
 0.170614 0.81147 0.0149899 0.00222112 0.000705238
 0.949672 0.0104876 0.0389798 0.000720056 0.000140571
 0.521351 0.459378 0.00401578 0.0149256 0.000329539
 0.486683 0.299073 0.205618 0.00179747 0.00682823
 0.825428 0.0961167 0.0457101 0.0314266 0.00131834
 0.777555 0.19077 0.0174402 0.00829399 0.00594149
 0.142828 0.700694 0.134195 0.0122681 0.0100138
 0.812825 0.0325674 0.126384 0.0242047 0.00401898
 0.590812 0.345781 0.0110326 0.042814 0.00956111
 0.341473 0.424736 0.197563 0.00630353 0.0299248
 0.823775 0.0695781 0.068785 0.031995 0.0058671
 0.752012 0.212001 0.0142085 0.0140466 0.0077318
 0.18591 0.644062 0.145354 0.00974176 0.0149319
 0.233319 0.17015 0.471942 0.106509 0.0180798
 0.883896 0.0324082 0.0185748 0.0515204 0.013601
pobs_RECLAS
 0 0 0 0 0
 0 0 0 0 0
 0 0 0 0 0
 0 0 0 0 0
 0 0 0 0 0
 0 0 0 0 0
 0 0 0 0 0
 0 0 0 0 0
 0 0 0 0 0
 0 0 0 0 0
 0.991045 0.00858322 0.000360255 1.14367e-05 0
 0.934742 0.0480273 0.0164251 0.00080598 0
 0.827803 0.169806 0.00239088 0 0
 0.941827 0.0461693 0.0120037 0 0
 0.791401 0.0380133 0.147996 0.0225897 0
 0.846168 0.0940531 0.0597789 0 0
 0.134021 0.677848 0.182769 0.00536245 0
 0.80878 0.0450904 0.141981 0.00414843 0
 0.846168 0.0940531 0.0597789 0 0
 0.905697 0.0802665 0.012482 0.00150086 5.37128e-05
 0.989698 0.0102097 9.19794e-05 0 0
 0.975433 0.0193895 0.00387452 0.00125025 5.28907e-05
 0.303575 0.632131 0.0575291 0.00676475 0
 0.966965 0.00978017 0.0227588 0.000495775 0
 0.843318 0.132988 0.00938335 0.0141283 0.000182051
 0.564624 0.303363 0.111486 0.0197234 0.00080311
 0.826376 0.0876187 0.0782897 0.00655872 0.00115652
 0.89761 0.0855135 0.0140674 0.00269457 0.000114338
 0.34875 0.467042 0.161289 0.0227151 0.000203297
 0.318654 0.224769 0.449479 0.00709798 0
 0.937255 0.0296025 0.0250945 0.00804832 0
ppred_RECLAS
 0.171689 0.228528 0.531942 0.0678405 7.2514e-07
 0.280747 0.125158 0.163909 0.381528 0.0486582
 0.889023 0.032058 0.0137328 0.0179848 0.0472019
 0.350452 0.580037 0.0200797 0.00860166 0.0408302
 0.544676 0.169466 0.255267 0.00883683 0.0217543
 0.991035 0.0051141 0.00143337 0.00215908 0.000258744
 0.233799 0.759579 0.00377741 0.00105872 0.00178586
 0.309707 0.17443 0.511405 0.00254323 0.00191518
 0.829806 0.0540383 0.0293513 0.0860538 0.000750215
 0.985189 0.0127031 0.000669307 0.000363538 0.00107513
 0.888063 0.110452 0.00127387 6.71182e-05 0.00014427
 0.835517 0.146351 0.0178913 0.000206343 3.42411e-05
 0.745815 0.214449 0.0353561 0.00432224 5.81213e-05
 0.738583 0.19787 0.0536128 0.00883912 0.0010951
 0.823884 0.133673 0.0321258 0.00870448 0.0016129
 0.977445 0.018871 0.0027962 0.000672012 0.000215821
 0.202636 0.780139 0.0144111 0.00213536 0.000678009
 0.958763 0.00859312 0.0319384 0.000589983 0.000115178
 0.573749 0.40909 0.00357617 0.0132917 0.000293464
 0.539975 0.268023 0.184271 0.00161086 0.00611933
 0.853707 0.0805469 0.0383055 0.0263358 0.00110479
 0.812005 0.161225 0.0147392 0.00700949 0.00502133
 0.170357 0.678191 0.129885 0.0118741 0.00969222
 0.842388 0.0274236 0.106422 0.0203817 0.00338421
 0.63999 0.304223 0.00970666 0.0376684 0.00841201
 0.389658 0.393657 0.183107 0.00584229 0.0277351
 0.852007 0.0584312 0.0577652 0.0268691 0.00492714
 0.788524 0.180787 0.0121165 0.0119784 0.00659341
 0.219233 0.617699 0.139404 0.00934301 0.0143207
 0.272996 0.161345 0.447518 0.100997 0.0171441
 0.903866 0.0268338 0.0153798 0.0426585 0.0112615
pobs_PELACES
 0 0 0 0 0
 0 0 0 0 0
 0 0 0 0 0
 0 0 0 0 0
 0 0 0 0 0
 0 0 0 0 0
 0 0 0 0 0
 0 0 0 0 0
 0 0 0 0 0
 0 0 0 0 0
 0 0 0 0 0
 0 0 0 0 0
 0 0 0 0 0
 0 0 0 0 0
 0 0 0 0 0
 0 0 0 0 0
 0.505614 0.472636 0.0217494 0 0
 0 0 0 0 0
 0.443492 0.261883 0.143347 0.151278 0
 0.227955 0.32914 0.350689 0.0885471 0.00366901
 0.970185 0.0296113 0.000203453 0 0
 0.997202 0.00247181 0.000326279 0 0
 0.445219 0.490057 0.0546422 0.010081 0
 0.90214 0.0892962 0.00764917 0.000914606 0
 0 0 0 0 0
 0.581667 0.319106 0.0959925 0.00289975 0.000334073
 0.762889 0.0836404 0.116647 0.0363945 0.000428098
 0.88444 0.0763242 0.0277011 0.0115352 0
 0.521256 0.241999 0.230069 0.00667565 0
 0.616807 0.101726 0.260614 0.0208532 0
 0.833518 0.0704572 0.0857862 0.0102388 0
ppred_PELACES
 0.173219 0.228106 0.530959 0.0677152 7.23801e-07
 0.286092 0.124228 0.162691 0.378693 0.0482966
 0.891652 0.0312985 0.0134075 0.0175587 0.0460836
 0.364735 0.567282 0.0196382 0.00841252 0.0399323
 0.561712 0.163126 0.245716 0.00850621 0.0209404
 0.991249 0.00499188 0.00139911 0.00210747 0.00025256
 0.246156 0.747329 0.00371649 0.00104165 0.00175706
 0.314846 0.173132 0.507597 0.0025243 0.00190093
 0.848654 0.048054 0.0261009 0.076524 0.000667135
 0.986226 0.011814 0.00062246 0.000338093 0.000999883
 0.889189 0.109341 0.00126105 6.6443e-05 0.000142819
 0.840936 0.141529 0.0173017 0.000199544 3.31129e-05
 0.753177 0.208238 0.0343321 0.00419705 5.64379e-05
 0.752186 0.187574 0.0508231 0.0083792 0.00103812
 0.832405 0.127205 0.0305714 0.00828331 0.00153486
 0.978079 0.0183409 0.00271765 0.000653135 0.000209758
 0.206417 0.77644 0.0143428 0.00212524 0.000674794
 0.95941 0.00845842 0.0314377 0.000580734 0.000113372
 0.579615 0.40346 0.00352696 0.0131088 0.000289426
 0.546983 0.26394 0.181464 0.00158632 0.00602611
 0.856288 0.0791259 0.0376298 0.0258712 0.0010853
 0.815612 0.158131 0.0144564 0.006875 0.00492498
 0.172751 0.676234 0.129511 0.0118399 0.00966425
 0.844143 0.0271184 0.105238 0.0201548 0.00334654
 0.643286 0.301438 0.0096178 0.0373236 0.008335
 0.393066 0.391459 0.182085 0.00580968 0.0275803
 0.853912 0.0576794 0.0570219 0.0265234 0.00486375
 0.790256 0.179307 0.0120173 0.0118803 0.00653942
 0.221011 0.616292 0.139087 0.00932173 0.014288
 0.277035 0.160448 0.445032 0.100436 0.0170489
 0.905806 0.0262923 0.0150695 0.0417978 0.0110343
pobs_pel_tallas
 0 0 0 0 0 0 0 0 0 0 0 0 0 0 0 0 0 0 0 0 0 0 0 0 0 0
 0 0 0 0 0 0 0 0 0 0 0 0 0 0 0 0 0 0 0 0 0 0 0 0 0 0
 0 0 0 0 0 0 0 0 0 0 0 0 0 0 0 0 0 0 0 0 0 0 0 0 0 0
 0 0 0 0 0 0 0 0 0 0 0 0 0 0 0 0 0 0 0 0 0 0 0 0 0 0
 0 0 0 0 0 0 0 0 0 0 0 0 0 0 0 0 0 0 0 0 0 0 0 0 0 0
 0 0 0 0 0 0 0 0 0 0 0 0 0 0 0 0 0 0 0 0 0 0 0 0 0 0
 0 0 0 0 0 0 0 0 0 0 0 0 0 0 0 0 0 0 0 0 0 0 0 0 0 0
 0 0 0 0 0 0 0 0 0 0 0 0 0 0 0 0 0 0 0 0 0 0 0 0 0 0
 0 0 0 0 0 0 0 0 0 0 0 0 0 0 0 0 0 0 0 0 0 0 0 0 0 0
 0 0 0 0 0 0 0 0 0 0 0 0 0 0 0 0 0 0 0 0 0 0 0 0 0 0
 0 0 0 0 0 0 0 0 0 0 0 0 0 0 0 0 0 0 0 0 0 0 0 0 0 0
 0 0 0 0 0 0 0 0 0 0 0 0 0 0 0 0 0 0 0 0 0 0 0 0 0 0
 0.00862536 0 0 0.000197151 0.00414017 0.0128641 0.00837892 0.0270097 0.101434 0.158115 0.152841 0.127902 0.109271 0.109419 0.0830992 0.0579132 0.0238553 0.00714673 0.00463305 0.00128148 0.00103504 0.000492878 0.000147863 0.000147863 4.92878e-05 0
 0 0 0 0 0 0 0 0 0 0 0 0 0 0 0 0 0 0 0 0 0 0 0 0 0 0
 0 0 0 0 0 0 0 0.0054083 0.00873648 0.0413646 0.0450493 0.0745869 0.0622846 0.0627006 0.0613931 0.0827291 0.12552 0.122667 0.0946155 0.0697135 0.0546179 0.0294188 0.0215738 0.0213955 0.0102223 0.00600262
 0 0 0 0 0.00359764 0.0251062 0.0480494 0.140153 0.205849 0.193036 0.1447 0.116669 0.0760912 0.0342217 0.00950174 0.001854 0.000860785 0 0 0 0.000165536 0 0.000143464 0 0 0
 0 0 0 0 0 0 0 0.000145254 0.000435761 0.0275982 0.070085 0.0708112 0.156366 0.174668 0.174014 0.160142 0.0824315 0.0480064 0.0283245 0.00493863 0.00203355 0 0 0 0 0
 0 0 0 0 0 0 0 0 0 0 0 0 0 0 0 0 0 0 0 0 0 0 0 0 0 0
 0 0 1.00437e-05 0.000401748 0.00122533 0.00171747 0.00176769 0.0269171 0.070346 0.194647 0.189555 0.159765 0.064822 0.0314167 0.0384472 0.0292271 0.0345202 0.0313363 0.0194345 0.0106764 0.0143323 0.0359363 0.0279516 0.0138201 0.00172751 0
 0 0.0021121 0.0136068 0.0755702 0.200478 0.177729 0.0527432 0.0373336 0.0318909 0.0142505 0.0149659 0.0166563 0.0217959 0.0798694 0.0677717 0.0528807 0.04013 0.0224614 0.0357745 0.0225083 0.00881397 0.00855152 0.00135912 0.000746735 0 0
 0 0 0 0 5.4009e-05 0.00500934 0.000945158 0.0243581 0.138947 0.33067 0.221406 0.137944 0.0707744 0.0437923 0.0131692 0.00525238 0.0047753 0.00276346 9.45158e-05 9.00151e-06 2.25038e-05 9.00151e-06 4.50075e-06 0 0 0
 0.000866109 0.00284123 0.00948549 0.0512746 0.133035 0.25785 0.225252 0.132002 0.0553304 0.0519788 0.0540692 0.017754 0.00435017 0.00159236 0.00146478 0.000404838 0.000125132 0.000115318 0.000107957 0.000100596 0 0 0 0 0 0
 0 0 0 0 0.00144013 0.00171154 0.00461396 0.0210425 0.0478622 0.0707936 0.0888783 0.103762 0.0637923 0.0337046 0.0602308 0.124433 0.169614 0.0934646 0.0462172 0.0250306 0.0313229 0.00938855 0.002487 0.000210481 0 0
 0 0.00764035 0.051015 0.0998891 0.058973 0.0496711 0.0374665 0.0718981 0.12319 0.153886 0.159021 0.0857701 0.0377988 0.023471 0.0147837 0.00900784 0.00315554 0.000888139 0.00291439 0.00214683 0.00393193 0.00274676 0.000635225 9.99891e-05 0 0
 0 0 0 0 0 0 0 0 0 0 0 0 0 0 0 0 0 0 0 0 0 0 0 0 0 0
 0 0 0 0 0 0 0 0 0 0 0 0 0 0 0 0 0 0 0 0 0 0 0 0 0 0
 0 0 0 0 0 0 0 0 0 0 0 0 0 0 0 0 0 0 0 0 0 0 0 0 0 0
 0 0 0 0 0 0 0 0 0 0 0 0 0 0 0 0 0 0 0 0 0 0 0 0 0 0
 0 0 0 0 0 0 0 0 0 0 0 0 0 0 0 0 0 0 0 0 0 0 0 0 0 0
 0 0 0 0 0 0 0 0 0 0 0 0 0 0 0 0 0 0 0 0 0 0 0 0 0 0
 0 0 0 0 0 0 0 0 0 0 0 0 0 0 0 0 0 0 0 0 0 0 0 0 0 0
ppred_pel_tallas
 1.22172e-16 1.42678e-05 0.000138688 0.000921634 0.00418963 0.0130356 0.0277746 0.0405426 0.0405654 0.0278863 0.0134128 0.00528926 0.00371996 0.00637352 0.0122246 0.0211501 0.0327085 0.0458045 0.0591705 0.071989 0.0839122 0.0943625 0.101863 0.104267 0.0999083 0.0887756
 1.50878e-16 2.35651e-05 0.000229061 0.00152219 0.00691966 0.0215297 0.0458717 0.0669537 0.0669661 0.0459322 0.0217339 0.00751462 0.00303554 0.00360079 0.00663421 0.0114955 0.017946 0.0256504 0.0344491 0.0447205 0.0572532 0.0724808 0.0895585 0.106023 0.118411 0.123544
 1.09955e-16 7.34442e-05 0.000713904 0.00474414 0.0215662 0.0671004 0.142965 0.208662 0.208665 0.142979 0.0671505 0.0217113 0.0051102 0.00151887 0.00162046 0.00261378 0.00388762 0.00518681 0.00633851 0.00734831 0.00843645 0.00990809 0.0119297 0.0143671 0.0167876 0.0186162
 1.08314e-16 3.00428e-05 0.000292027 0.00194063 0.00882183 0.0274483 0.0584835 0.0853698 0.0854244 0.0587502 0.0283435 0.0114063 0.00842375 0.0144309 0.0268423 0.0442254 0.063471 0.079341 0.0865429 0.0827008 0.0698441 0.0531434 0.0379176 0.0271919 0.0211945 0.01842
 1.1153e-16 4.62675e-05 0.000449736 0.00298866 0.013586 0.0422712 0.0900639 0.131454 0.13147 0.0901426 0.0425364 0.0143565 0.00493952 0.00476389 0.00840175 0.014239 0.0214902 0.0290706 0.0358357 0.0411541 0.0450787 0.0479063 0.0495661 0.049462 0.0469205 0.0418057
 1.00296e-16 8.16479e-05 0.000793646 0.00527406 0.0239751 0.0745955 0.158934 0.231968 0.231969 0.158936 0.0746034 0.023998 0.00533173 0.000919876 0.000322406 0.000406559 0.000584559 0.000750069 0.000857014 0.000888403 0.000862295 0.000817974 0.000788961 0.000783802 0.000786583 0.000772105
 1.00701e-16 2.02757e-05 0.000197087 0.00130971 0.00595381 0.0185249 0.0394719 0.0576255 0.0576974 0.039823 0.0197032 0.00935495 0.00983889 0.0187893 0.0352508 0.0580361 0.0831119 0.103486 0.112052 0.105539 0.0865322 0.0618587 0.0387004 0.0213838 0.0106721 0.00506676
 1.15268e-16 2.59335e-05 0.000252082 0.00167518 0.00761512 0.0236936 0.0504823 0.073684 0.0737015 0.0505678 0.0239829 0.00846018 0.00383192 0.00507752 0.00953265 0.0166073 0.0259804 0.0369349 0.0485736 0.0601846 0.0711826 0.0806031 0.0867595 0.087675 0.0821653 0.0707511
 1.08553e-16 6.99025e-05 0.000679477 0.00451537 0.0205262 0.0638647 0.136071 0.1986 0.198605 0.136094 0.0639418 0.02075 0.00508016 0.0019232 0.00246494 0.00405497 0.00605857 0.00811953 0.00995791 0.0115282 0.0130625 0.0148759 0.0170642 0.0193312 0.0210779 0.0216847
 1.00225e-16 8.12341e-05 0.000789624 0.00524733 0.0238536 0.0742174 0.158128 0.230793 0.230794 0.158134 0.0742361 0.0239075 0.00538245 0.00108437 0.000640391 0.000928565 0.00132624 0.00166069 0.00181773 0.00174835 0.00149502 0.00116465 0.000866178 0.000659947 0.000547825 0.000496155
 1.00096e-16 7.32413e-05 0.000711932 0.00473104 0.0215066 0.0669151 0.14257 0.208087 0.208098 0.142621 0.0670875 0.0220043 0.00597917 0.00343283 0.00522956 0.00850028 0.012169 0.0151576 0.0164226 0.0154852 0.0127212 0.00912575 0.00574517 0.00320906 0.00162858 0.000787399
 1.00562e-16 6.92668e-05 0.000673298 0.0044743 0.0203395 0.063284 0.134834 0.196797 0.19681 0.1349 0.0635076 0.0209855 0.00609546 0.00421119 0.00678505 0.0110984 0.0159588 0.0200195 0.0219544 0.0211447 0.0180399 0.0138491 0.00982271 0.00668411 0.00453599 0.00312663
 1.01475e-16 6.20382e-05 0.000603034 0.00400737 0.0182169 0.0566798 0.120763 0.176261 0.176281 0.120861 0.0570092 0.0191685 0.00639616 0.00581865 0.00996987 0.01639 0.0236171 0.0297229 0.0327787 0.0318833 0.0276836 0.0219142 0.0163464 0.0119709 0.00888615 0.00670855
 1.02531e-16 6.19566e-05 0.00060224 0.0040021 0.018193 0.0566052 0.120604 0.176029 0.176047 0.120692 0.0569026 0.0190525 0.00616141 0.00532209 0.00904347 0.0148985 0.0215625 0.0273363 0.030522 0.0303211 0.0272795 0.0228617 0.0185202 0.0150028 0.0123044 0.0100724
 1.02006e-16 6.85641e-05 0.000666468 0.00442891 0.0201332 0.0626419 0.133466 0.1948 0.194812 0.133526 0.0628435 0.0207157 0.00589218 0.00386419 0.00615164 0.0100877 0.0145866 0.0184723 0.0205922 0.0204119 0.018317 0.015322 0.0124309 0.0101567 0.0084813 0.00713206
 1.00185e-16 8.0563e-05 0.000783101 0.00520398 0.0236566 0.0736043 0.156822 0.228887 0.228888 0.156831 0.0736334 0.0237403 0.00541431 0.00124228 0.000952726 0.00144779 0.00207834 0.00261453 0.0028824 0.00280337 0.0024361 0.00193531 0.0014583 0.00109194 0.000842209 0.000670903
 1.0094e-16 1.70025e-05 0.00016527 0.00109828 0.00499268 0.0155345 0.0331006 0.048327 0.0484016 0.0334654 0.016759 0.00852749 0.00996346 0.0194925 0.0366479 0.0603623 0.0864895 0.107787 0.116887 0.110393 0.0909633 0.065637 0.0418038 0.0238954 0.0126765 0.0066115
 1.00987e-16 7.90253e-05 0.000768154 0.00510465 0.023205 0.0721994 0.153829 0.224517 0.224518 0.153833 0.0722138 0.0232471 0.00521243 0.00101081 0.000561442 0.000859107 0.00135973 0.00197877 0.00267829 0.0034248 0.00417488 0.00484809 0.00531703 0.00544374 0.0051493 0.00446737
 1.01569e-16 4.77422e-05 0.000464071 0.00308392 0.0140191 0.0436187 0.0929357 0.135651 0.135689 0.0931253 0.044255 0.0158557 0.00769023 0.0105065 0.0190813 0.0313688 0.0449484 0.0560347 0.0608126 0.0575425 0.0476343 0.0347665 0.0227739 0.0139165 0.00851176 0.00566679
 1.06484e-16 4.50543e-05 0.000437944 0.00291029 0.0132298 0.0411629 0.0877029 0.12801 0.128036 0.0878284 0.0415849 0.0144514 0.0059872 0.0071895 0.0129686 0.0216306 0.0317621 0.0411961 0.0476958 0.0501348 0.0490173 0.0458586 0.0420028 0.0379016 0.033306 0.0279493
 1.03885e-16 7.05313e-05 0.000685589 0.00455598 0.0207108 0.0644392 0.137295 0.200387 0.200395 0.137332 0.0645653 0.0210759 0.00547475 0.00269959 0.00392028 0.00643529 0.00942056 0.0121833 0.0140711 0.0147967 0.0145907 0.0139922 0.0134498 0.0130592 0.0126031 0.011791
 1.01981e-16 6.71809e-05 0.000653023 0.00433957 0.019727 0.0613782 0.130773 0.190871 0.190886 0.130848 0.0616281 0.0204485 0.00615004 0.00460368 0.00756554 0.0123892 0.017814 0.0223485 0.0245249 0.023677 0.0203413 0.0159029 0.0117737 0.00873877 0.00684394 0.00570702
 1.06734e-16 1.42294e-05 0.000138315 0.000919156 0.00417839 0.0130009 0.0277021 0.0404458 0.040511 0.0280209 0.0140712 0.0072706 0.00868332 0.0170951 0.03224 0.0533327 0.0769541 0.0970316 0.107353 0.105011 0.092084 0.0741326 0.056794 0.0431608 0.033457 0.0263987
 1.05632e-16 6.95309e-05 0.000675865 0.00449136 0.0204171 0.0635251 0.135347 0.197544 0.197546 0.135361 0.0635714 0.0205529 0.00484035 0.0014641 0.001644 0.00281048 0.00451567 0.00667071 0.00921078 0.0120748 0.0151506 0.0181645 0.0206321 0.0219749 0.021771 0.0199748
 1.05509e-16 5.29866e-05 0.000515049 0.00342268 0.015559 0.0484101 0.103144 0.150548 0.150577 0.103286 0.0488859 0.016933 0.0068697 0.00803437 0.014318 0.0235483 0.033834 0.0423905 0.0464416 0.0447647 0.0384621 0.0302638 0.0229182 0.0178961 0.0151565 0.0137696
 1.10605e-16 3.23764e-05 0.00031471 0.00209136 0.00950704 0.0295801 0.063025 0.0919948 0.0920327 0.0632104 0.0302033 0.0113094 0.00662515 0.0102435 0.018981 0.0315681 0.0460307 0.0590493 0.0672185 0.068911 0.0651314 0.0585998 0.0518741 0.0460569 0.0408615 0.0355477
 1.05144e-16 7.03356e-05 0.000683687 0.00454334 0.0206534 0.0642603 0.136914 0.199831 0.199836 0.136941 0.0643533 0.0209231 0.00522456 0.00218489 0.00296312 0.00489756 0.00730914 0.00974561 0.0117947 0.0132747 0.0143069 0.0151432 0.0158957 0.0164065 0.016355 0.0154894
 1.02691e-16 6.50924e-05 0.000632721 0.00420466 0.0191138 0.0594701 0.126708 0.184938 0.184955 0.126792 0.0597533 0.0199315 0.00625644 0.00510926 0.00855968 0.0140299 0.0201643 0.0252793 0.0277139 0.0267232 0.022935 0.0179437 0.0133691 0.010101 0.00816625 0.00708503
 1.07525e-16 1.82045e-05 0.000176955 0.00117593 0.00534563 0.0166326 0.0354396 0.0517377 0.0517971 0.0357303 0.0176088 0.00816617 0.00825954 0.0156527 0.0294448 0.0487408 0.070422 0.0889918 0.0988255 0.0972846 0.0862254 0.0706189 0.0554674 0.0434577 0.0347141 0.0280661
 1.25842e-16 2.2819e-05 0.000221809 0.001474 0.0067006 0.0208482 0.0444198 0.0648353 0.0648515 0.044499 0.0211163 0.00748388 0.00347366 0.00469831 0.00885147 0.0154535 0.0242643 0.0347202 0.0461607 0.0581666 0.0704539 0.0822914 0.0920321 0.0974046 0.0965397 0.0890164
 1.06501e-16 7.46101e-05 0.000725236 0.00481945 0.0219085 0.0681656 0.145234 0.211974 0.211976 0.145247 0.0682079 0.0220312 0.00512932 0.00140832 0.00139228 0.00223981 0.00335906 0.00453867 0.00564221 0.00666885 0.00777012 0.00913413 0.0108078 0.0125919 0.0140884 0.0148658
pSPR Fmed_Fpbrs
0.462391   0.207933 0.207933
Fs Fmed_Fpbrs
0.435562   1.005 1.005
SSBpbr Bo_Bmed_Bpbrs
1.76464e+06  727724  278696 278696
Ro
88817.6
SPR SPRFo_SPRFmed_SPRFpbrs
634862 293554 132009
Fref
1.005
Nvult_r0
 136824 4306.63 2468.35 6846.4 1807.4
CTP_r0
 31747.8 1164.04 667.171 1850.51 488.522
YTP_r0
391171
Np
 163910 51107.8 1466.36 840.445 2923.23
Nvult_p0
 137346 44225.6 1268.9 727.271 2529.59
CTP_p0
 61872.1 22167.9 636.032 364.542 1267.95
YTP_p0
 891360
CBA_c0
541228
log_Ro
11.2143
likeval ReclasPelacesDesembMPH_pf_preclas_ppelaces_ptallas_desvR_qrecl_qpela
 23.4395 37.2476 0.115084 0.00204808 272.631 120.179 106.245 0 69.2482 0 0 0.313387 0 0 0
q_reclas_q_pelaces
1 1
M
1
N
 35752.6 48367.7 112585 14358.4 0.153475
 24554.7 11391.8 14918.9 34726.6 4428.86
 168968 6346.68 2718.76 3560.54 9344.81
 23818.1 43316.2 1499.52 642.358 3049.13
 11018.5 3805.63 5732.41 198.445 488.526
 300326 1608.18 450.735 678.941 81.3642
 22122 79641.6 396.06 111.007 187.247
 5616.16 3279.88 9616.13 47.8213 36.0119
 18622 1498.86 814.113 2386.86 20.8086
 72853.8 1050.22 55.3347 30.0554 88.8865
 78914.8 9985.64 115.166 6.06795 13.043
 133920 24922.3 3046.72 35.1384 5.83095
 94458.4 28822.9 4752.03 580.928 7.81177
 68767.4 20536.8 5564.44 917.407 113.66
 54445.4 9672.62 2324.63 629.858 116.71
 444613 8971.4 1329.33 319.479 102.603
 27745.9 110649 2043.97 302.863 96.1635
 813304 7473.65 27777.6 513.123 100.173
 324412 239885 2097.02 7794.09 172.084
 166902 86466 59447.1 519.673 1974.13
 431724 42038.2 19992 13744.9 576.6
 583602 120131 10982.4 5222.88 3741.47
 38201.3 156010 29878.6 2731.5 2229.58
 337544 11211.9 43509.7 8332.87 1383.6
 213927 103924 3315.85 12867.8 2873.59
 62898.1 64936 30204.6 963.719 4575.07
 272161 19099.3 18881.6 8782.68 1610.53
 350664 81676.5 5474.04 5411.65 2978.79
 39195.9 112183 25317.8 1696.82 2600.84
 20591.4 12549.1 34807.2 7855.4 1333.44
 187932 5772.99 3308.8 9177.52 2422.79
pred_Ctot
 3061.3 5010.78 11663.5 1487.49 0.0158997
 4750.18 2619.49 3430.54 7985.22 1018.4
 33340.7 1487.57 637.239 834.541 2190.29
 9100.33 19000 657.742 281.76 1337.45
 4520.54 1782.3 2684.68 92.9384 228.793
 54422.9 347.117 97.2889 146.546 17.5621
 8970.75 36902.3 183.516 51.4354 86.7618
 1000.37 696.24 2041.28 10.1513 7.64448
 11460.6 1005.96 546.396 1601.96 13.9658
 31233.3 512.027 26.978 14.6533 43.3358
 7148.58 1093.57 12.6124 0.664529 1.4284
 36677.7 7998.93 977.857 11.2778 1.87147
 25478.4 9117.65 1503.22 183.767 2.47112
 28966.3 9852.8 2669.62 440.139 54.5299
 20254.9 4139.32 994.806 269.542 49.9451
 93847.7 2244.05 332.51 79.9124 25.6643
 4817.37 22912.3 423.248 62.7145 19.9128
 103767 1145.94 4259.16 78.6775 15.3596
 57992.3 51098.8 446.694 1660.25 36.6562
 34305.5 21081.2 14493.7 126.701 481.311
 68009.1 7919.29 3766.16 2589.31 108.622
 103486 25389.9 2321.15 1103.86 790.766
 4973.35 24398.5 4672.74 427.182 348.686
 35306.6 1414.63 5489.72 1051.38 174.572
 24023.3 14060 448.603 1740.88 388.769
 7050.6 8769.79 4079.22 130.153 617.876
 32225.9 2721.88 2690.85 1251.64 229.519
 29231.3 8240.65 552.297 546.001 300.541
 3250.23 11260 2541.19 170.313 261.05
 3165.82 2308.71 6403.6 1445.18 245.318
 31747.8 1164.04 667.171 1850.51 488.522
F
 0.143727 0.1762 0.1762 0.1762 0.1762
 0.352969 0.432719 0.432719 0.432719 0.432719
 0.361179 0.442785 0.442785 0.442785 0.442785
 0.833964 1.02239 1.02239 1.02239 1.02239
 0.924478 1.13336 1.13336 1.13336 1.13336
 0.327333 0.401291 0.401291 0.401291 0.401291
 0.908766 1.11409 1.11409 1.11409 1.11409
 0.320947 0.393462 0.393462 0.393462 0.393462
 1.87534 2.29906 2.29906 2.29906 2.29906
 0.987307 1.21038 1.21038 1.21038 1.21038
 0.152604 0.187084 0.187084 0.187084 0.187084
 0.536072 0.657193 0.657193 0.657193 0.657193
 0.525943 0.644775 0.644775 0.644775 0.644775
 0.96143 1.17866 1.17866 1.17866 1.17866
 0.803156 0.984622 0.984622 0.984622 0.984622
 0.390842 0.47915 0.47915 0.47915 0.47915
 0.311705 0.382132 0.382132 0.382132 0.382132
 0.220944 0.270864 0.270864 0.270864 0.270864
 0.322262 0.395075 0.395075 0.395075 0.395075
 0.378825 0.464417 0.464417 0.464417 0.464417
 0.279202 0.342285 0.342285 0.342285 0.342285
 0.319299 0.391442 0.391442 0.391442 0.391442
 0.225896 0.276936 0.276936 0.276936 0.276936
 0.178034 0.21826 0.21826 0.21826 0.21826
 0.192235 0.235669 0.235669 0.235669 0.235669
 0.191863 0.235212 0.235212 0.235212 0.235212
 0.203628 0.249636 0.249636 0.249636 0.249636
 0.139696 0.171259 0.171259 0.171259 0.171259
 0.138919 0.170307 0.170307 0.170307 0.170307
 0.271684 0.333068 0.333068 0.333068 0.333068
 0.302142 0.370408 0.370408 0.370408 0.370408
YTP_r0W_actual
 269857 18973.9 19281.2 64397.9 18661.5
YTP_p0W_proyectada
 465279 357347 14870.4 10754 43110.3
CTP_r0_actual
 31747.8 1164.04 667.171 1850.51 488.522
CTP_p0_proyectada
 61872.1 22167.9 636.032 364.542 1267.95
Wmedp
 7.52 16.12 23.38 29.5 34
Frms_r0
 0.302142 0.370408 0.370408 0.370408 0.370408
Zrms_r0
 1.30214 1.37041 1.37041 1.37041 1.37041
nmprior
 8.19 8.8 8.5 0
nm_flota  nm_reclas  nm_pelaces    nm_pelaL
inf 11.3802 7.37163 13.4225
cv_recla  cv_pelaces  cv_mph
0.437924 0.692024 1.39662
 ------------------------------------------------
Talla a la edad & desviaci?n 
 8 13.2811 15.8009 17.003 17.5766
 0.8 1.32811 1.58009 1.7003 1.75766
