years
 1991 1992 1993 1994 1995 1996 1997 1998 1999 2000 2001 2002 2003 2004 2005 2006 2007 2008 2009 2010 2011 2012 2013 2014 2015 2016 2017 2018 2019 2020 2021
reclasobs
 0 0 0 0 0 0 0 0 0 252601 567819 844713 477998 351125 339783 2.1784e+06 2.13404e+06 4.81314e+06 1.55562e+06 2.62356e+06 3.21686e+06 3.843e+06 1.13348e+06 3.07943e+06 1.97215e+06 2.03268e+06 2.025e+06 2.42433e+06 2.27542e+06 1.05018e+06 2.36338e+06
reclaspred
 3.28948e+06 1.8753e+06 952709 953949 954411 1.45491e+06 982754 885289 650648 484887 509044 632225 630459 514405 525688 1.26344e+06 1.27657e+06 2.69037e+06 2.24967e+06 1.70325e+06 3.02441e+06 2.45954e+06 2.0035e+06 3.03916e+06 2.29922e+06 2.03753e+06 2.38178e+06 2.49616e+06 2.08349e+06 1.3566e+06 1.91857e+06
pelacesobs
 0 0 0 0 0 0 0 0 0 0 0 0 0 0 0 552880 188675 0 991730 2.46772e+06 1.41603e+06 1.21717e+06 2.29649e+06 1.80582e+06 0 1.4828e+06 1.56532e+06 1.57751e+06 1.42118e+06 867257 1.10002e+06
pelacespred
 1.8487e+06 1.18388e+06 610153 497202 506917 798015 519881 550533 402270 287618 305987 320427 348827 306542 317875 628114 632398 1.51377e+06 1.32842e+06 940141 1.57805e+06 1.42242e+06 1.14006e+06 1.87438e+06 1.37995e+06 1.21319e+06 1.60858e+06 1.66547e+06 1.14558e+06 851114 1.20125e+06
mphobs
 0 0 0 0 0 0 0 0 0 0 0 498337 0 5186 125008 0 168611 109162 213762 579715 649985 157893 87575 83554 0 0 0 0 0 0 0
mphpred
 490085 328789 167691 91105.2 101819 113250 148108 100668 87658.8 62609.3 42286.1 58978.3 63734.2 55720.7 40785 50704.7 146340 144853 265441 207127 223468 274929 261915 220146 300668 248728 205525 216305 296178 207009 131080
desembarqueobs
 494567 514787 250237 358949 120608 361735 552515 73892 212993 205616 52469 317467 293654 387597 252695 516296 358380 742168 942051 627588 828172 859565 418607 520667 417249 300574 415391 372974 316634 284311 391294
desembarquepred
 494574 513219 251041 358971 120612 361748 552564 73895.2 213032 205653 52471.1 317530 293707 387654 252700 516281 358401 742102 941924 627505 828233 859601 418619 520688 417253 300577 415394 372966 316633 284320 391298
Reclutas
 234917 136554 134982 247011 197685 326388 137826 65722.1 60220.1 78340.3 142276 178940 150642 106333 110438 574846 132325 869386 509326 389096 592065 790410 172623 508302 427124 193625 429875 479647 144307 108680 412678
log_desv_Rt
 0.0446671 -0.497841 -0.50942 0.0948667 -0.127892 0.373522 -0.488575 -1.22913 -1.31656 -1.0535 -0.456794 -0.227513 -0.399661 -0.747993 -0.710112 0.939538 -0.529303 1.35322 0.818523 0.54926 0.969051 1.25799 -0.263457 0.816512 0.64251 -0.148641 0.648929 0.758486 -0.44262 -0.726161 0.608103
SSB
 4.51409e+06 3.02842e+06 1.54457e+06 839155 937842 1.04312e+06 1.3642e+06 927238 807411 576684 389490 543239 587045 513234 375663 467033 1.34791e+06 1.33421e+06 2.44493e+06 1.90781e+06 2.05833e+06 2.53233e+06 2.41245e+06 2.02773e+06 2.7694e+06 2.291e+06 1.89306e+06 1.99235e+06 2.72805e+06 1.90672e+06 1.20736e+06
BT
 5.94186e+06 4.04799e+06 2.077e+06 1.78982e+06 1.60929e+06 2.69282e+06 2.05115e+06 1.70877e+06 1.41343e+06 1.05914e+06 960141 1.22612e+06 1.31028e+06 1.32031e+06 1.20382e+06 2.29755e+06 2.17009e+06 5.17757e+06 4.87965e+06 3.37602e+06 5.38695e+06 5.05789e+06 3.77209e+06 6.08345e+06 4.50727e+06 3.89133e+06 5.22939e+06 5.34967e+06 3.6835e+06 2.81808e+06 3.96581e+06
Ftot
 0.0946346 0.170473 0.165154 0.245336 0.0822983 0.164887 0.350681 0.0540732 0.210361 0.270904 0.0696428 0.325825 0.301476 0.482669 0.319948 0.27978 0.17961 0.186923 0.270373 0.238271 0.180172 0.228642 0.133193 0.115082 0.117625 0.0951406 0.116674 0.100814 0.0958409 0.132892 0.138312
BD_Bspro_t
 0.984991 0.887622 0.76463 0.69038 0.685229 0.745252 0.735892 0.606685 0.656626 0.62551 0.599361 0.750899 0.648617 0.570701 0.478741 0.533815 0.674065 0.660088 0.730264 0.649715 0.62515 0.669557 0.684348 0.682325 0.769258 0.776512 0.783082 0.809416 0.841781 0.79302 0.742776
BD_Bspro
 2.81515 1.88863 0.96325 0.523327 0.584872 0.65053 0.850761 0.578259 0.50353 0.359641 0.2429 0.338783 0.366102 0.320071 0.234277 0.291258 0.840606 0.832064 1.52475 1.18978 1.28365 1.57925 1.50449 1.26456 1.7271 1.42875 1.18058 1.2425 1.70131 1.1891 0.752951
BD_Bo
 1.9046 1.27776 0.651691 0.354059 0.395698 0.440119 0.575586 0.391224 0.340666 0.243316 0.164335 0.229205 0.247688 0.216546 0.158501 0.197052 0.568716 0.562937 1.03157 0.804949 0.868457 1.06845 1.01787 0.855545 1.16848 0.966626 0.798726 0.840621 1.15103 0.804492 0.509413
BD_Brms
 12.6845 8.50978 4.34021 2.35801 2.63531 2.93115 3.83336 2.60552 2.2688 1.62047 1.09446 1.52649 1.64958 1.44218 1.05561 1.31235 3.7876 3.74911 6.8702 5.3609 5.78385 7.11578 6.77894 5.69786 7.78195 6.43765 5.31945 5.59847 7.66575 5.35785 3.39265
Sel_flota
 0.856147 0.991234 0.999535 0.999976 0.999999
 0.856147 0.991234 0.999535 0.999976 0.999999
 0.856147 0.991234 0.999535 0.999976 0.999999
 0.856147 0.991234 0.999535 0.999976 0.999999
 0.856147 0.991234 0.999535 0.999976 0.999999
 0.856147 0.991234 0.999535 0.999976 0.999999
 0.856147 0.991234 0.999535 0.999976 0.999999
 0.856147 0.991234 0.999535 0.999976 0.999999
 0.856147 0.991234 0.999535 0.999976 0.999999
 0.856147 0.991234 0.999535 0.999976 0.999999
 0.856147 0.991234 0.999535 0.999976 0.999999
 0.856147 0.991234 0.999535 0.999976 0.999999
 0.856147 0.991234 0.999535 0.999976 0.999999
 0.856147 0.991234 0.999535 0.999976 0.999999
 0.856147 0.991234 0.999535 0.999976 0.999999
 0.856147 0.991234 0.999535 0.999976 0.999999
 0.856147 0.991234 0.999535 0.999976 0.999999
 0.856147 0.991234 0.999535 0.999976 0.999999
 0.856147 0.991234 0.999535 0.999976 0.999999
 0.856147 0.991234 0.999535 0.999976 0.999999
 0.856147 0.991234 0.999535 0.999976 0.999999
 0.856147 0.991234 0.999535 0.999976 0.999999
 0.856147 0.991234 0.999535 0.999976 0.999999
 0.856147 0.991234 0.999535 0.999976 0.999999
 0.856147 0.991234 0.999535 0.999976 0.999999
 0.856147 0.991234 0.999535 0.999976 0.999999
 0.856147 0.991234 0.999535 0.999976 0.999999
 0.856147 0.991234 0.999535 0.999976 0.999999
 0.856147 0.991234 0.999535 0.999976 0.999999
 0.856147 0.991234 0.999535 0.999976 0.999999
 0.856147 0.991234 0.999535 0.999976 0.999999
Sel_reclas
 1 1 1 1 1
 1 1 1 1 1
 1 1 1 1 1
 1 1 1 1 1
 1 1 1 1 1
 1 1 1 1 1
 1 1 1 1 1
 1 1 1 1 1
 1 1 1 1 1
 1 1 1 1 1
 1 1 1 1 1
 1 1 1 1 1
 1 1 1 1 1
 1 1 1 1 1
 1 1 1 1 1
 1 1 1 1 1
 1 1 1 1 1
 1 1 1 1 1
 1 1 1 1 1
 1 1 1 1 1
 1 1 1 1 1
 1 1 1 1 1
 1 1 1 1 1
 1 1 1 1 1
 1 1 1 1 1
 1 1 1 1 1
 1 1 1 1 1
 1 1 1 1 1
 1 1 1 1 1
 1 1 1 1 1
 1 1 1 1 1
Sel_pelaces
 1 1 1 1 1
 1 1 1 1 1
 1 1 1 1 1
 1 1 1 1 1
 1 1 1 1 1
 1 1 1 1 1
 1 1 1 1 1
 1 1 1 1 1
 1 1 1 1 1
 1 1 1 1 1
 1 1 1 1 1
 1 1 1 1 1
 1 1 1 1 1
 1 1 1 1 1
 1 1 1 1 1
 1 1 1 1 1
 1 1 1 1 1
 1 1 1 1 1
 1 1 1 1 1
 1 1 1 1 1
 1 1 1 1 1
 1 1 1 1 1
 1 1 1 1 1
 1 1 1 1 1
 1 1 1 1 1
 1 1 1 1 1
 1 1 1 1 1
 1 1 1 1 1
 1 1 1 1 1
 1 1 1 1 1
 1 1 1 1 1
pf_obs 
 0.8446 0.082 0.0669 0.0065 0
 0.8095 0.147 0.0364 0.0071 0
 0.9664 0.0169 0.016 0.0007 0
 0.9276 0.0648 0.0075 0.0001 0
 0.7033 0.2144 0.0806 0.0017 0
 0.9318 0.0425 0.0243 0.0014 0
 0.5671 0.3108 0.0964 0.0239 0.0018
 0.0768 0.2599 0.5324 0.112 0.0189
 0.490249 0.384438 0.106611 0.0170017 0.00170017
 0.7925 0.1577 0.0466 0.003 0.0002
 0.840416 0.127587 0.0312969 0.00059994 9.999e-05
 0.8084 0.0986 0.0794 0.0134 0.0002
 0.7335 0.1905 0.0724 0.0035 0.0001
 0.4001 0.4547 0.1325 0.0127 0
 0.49795 0.308269 0.164784 0.0264974 0.00249975
 0.9179 0.0499 0.0305 0.0017 0
 0.2467 0.6533 0.0926 0.0074 0
 0.9418 0.0223 0.034 0.0019 0
 0.707729 0.231977 0.0356964 0.0245975 0
 0.517169 0.277429 0.184464 0.0207286 0.00020938
 0.811772 0.124168 0.05621 0.00726502 0.000585176
 0.764997 0.148141 0.077277 0.00933861 0.000247198
 0.163321 0.427699 0.378323 0.0303852 0.000271297
 0.753843 0.0900009 0.118128 0.0371064 0.000921714
 0.721811 0.176058 0.0630433 0.0369309 0.00215725
 0.143369 0.312575 0.442814 0.0836902 0.0175525
 0.692698 0.0596174 0.167031 0.0765114 0.00414204
 0.394062 0.376323 0.152708 0.0712218 0.00568511
 0.125707 0.32114 0.495352 0.0537591 0.00404204
 0.23352 0.215282 0.420074 0.123614 0.00750983
 0.796117 0.104755 0.0508955 0.0450114 0.00322123
pf_pred 
 0.422908 0.112811 0.440178 0.0241013 7.61939e-07
 0.407619 0.272868 0.0628832 0.243313 0.0133168
 0.54728 0.201954 0.11608 0.0265174 0.108169
 0.746073 0.148767 0.0471451 0.0268621 0.0311526
 0.643638 0.276381 0.0470407 0.0147718 0.0181685
 0.73958 0.17621 0.0654349 0.0110448 0.00773063
 0.471954 0.40574 0.0829939 0.0305504 0.00876175
 0.438116 0.28896 0.210187 0.0425794 0.0201583
 0.519626 0.227991 0.130316 0.0940167 0.0280502
 0.674946 0.18189 0.0682766 0.0386764 0.0362108
 0.793063 0.146919 0.0337248 0.0125426 0.0137501
 0.72245 0.226532 0.0363107 0.00826614 0.00644157
 0.6671 0.251264 0.0667488 0.010597 0.0042901
 0.607283 0.276088 0.0882349 0.0232183 0.00517577
 0.709032 0.18909 0.071847 0.0227232 0.00730826
 0.923752 0.056619 0.0127997 0.00481716 0.0020125
 0.393242 0.567032 0.0295707 0.00662291 0.00353206
 0.886668 0.0487872 0.060354 0.00311982 0.00107088
 0.596261 0.364053 0.0171706 0.0210539 0.00146119
 0.592368 0.258662 0.134453 0.00628281 0.00823432
 0.736176 0.16639 0.0620331 0.0319522 0.00344823
 0.739201 0.199634 0.038704 0.0143026 0.00815825
 0.325659 0.518378 0.119643 0.0229866 0.0133332
 0.737181 0.0945351 0.129622 0.0296617 0.00900014
 0.626599 0.285941 0.0316322 0.0430061 0.0128215
 0.438875 0.370882 0.145982 0.0160127 0.0282479
 0.730329 0.12832 0.0936966 0.0365718 0.0110832
 0.688501 0.236509 0.0358447 0.0259519 0.0131934
 0.357724 0.462083 0.137097 0.0206042 0.0224912
 0.43149 0.223165 0.249049 0.0732738 0.0230225
 0.825426 0.0820022 0.0365307 0.0404195 0.0156213
pobs_RECLAS
 0 0 0 0 0
 0 0 0 0 0
 0 0 0 0 0
 0 0 0 0 0
 0 0 0 0 0
 0 0 0 0 0
 0 0 0 0 0
 0 0 0 0 0
 0 0 0 0 0
 0 0 0 0 0
 0.991045 0.00858322 0.000360255 1.14367e-05 0
 0.934742 0.0480273 0.0164251 0.00080598 0
 0.827803 0.169806 0.00239088 0 0
 0.941827 0.0461693 0.0120037 0 0
 0.791401 0.0380133 0.147996 0.0225897 0
 0.846168 0.0940531 0.0597789 0 0
 0.134021 0.677848 0.182769 0.00536245 0
 0.80878 0.0450904 0.141981 0.00414843 0
 0.846168 0.0940531 0.0597789 0 0
 0.905697 0.0802665 0.012482 0.00150086 5.37128e-05
 0.989698 0.0102097 9.19794e-05 0 0
 0.975433 0.0193895 0.00387452 0.00125025 5.28907e-05
 0.303575 0.632131 0.0575291 0.00676475 0
 0.966965 0.00978017 0.0227588 0.000495775 0
 0.843318 0.132988 0.00938335 0.0141283 0.000182051
 0.564624 0.303363 0.111486 0.0197234 0.00080311
 0.826376 0.0876187 0.0782897 0.00655872 0.00115652
 0.89761 0.0855135 0.0140674 0.00269457 0.000114338
 0.34875 0.467042 0.161289 0.0227151 0.000203297
 0.318654 0.224769 0.449479 0.00709798 0
 0.937255 0.0296025 0.0250945 0.00804832 0
ppred_RECLAS
 0.460974 0.106087 0.410474 0.0224649 7.10188e-07
 0.445127 0.256809 0.058683 0.22696 0.0124215
 0.584946 0.186046 0.106035 0.0242118 0.0987615
 0.774033 0.132869 0.0417484 0.0237764 0.0275735
 0.677127 0.25089 0.0423449 0.0132913 0.0163472
 0.767661 0.157644 0.0580469 0.00979339 0.00685457
 0.510328 0.37702 0.0764544 0.0281303 0.00806748
 0.475628 0.270779 0.195319 0.03955 0.0187237
 0.557838 0.210818 0.119479 0.0861595 0.0257054
 0.707803 0.164139 0.0610874 0.0345883 0.0323825
 0.816573 0.130552 0.0297173 0.0110473 0.0121105
 0.752018 0.202724 0.0322154 0.00733049 0.00571231
 0.700138 0.226809 0.0597361 0.00947935 0.00383754
 0.643973 0.250957 0.0794991 0.0209098 0.00466105
 0.739774 0.16963 0.0638995 0.0202004 0.00649672
 0.93383 0.0492458 0.0110378 0.00415217 0.00173464
 0.429393 0.533548 0.0275895 0.0061764 0.00329386
 0.901225 0.042727 0.0524102 0.00270798 0.00092949
 0.632043 0.332075 0.0155287 0.019032 0.00132084
 0.628689 0.236353 0.121812 0.00568956 0.00745663
 0.764623 0.148923 0.0550519 0.0283436 0.00305872
 0.767349 0.17845 0.034303 0.0126706 0.00722716
 0.359449 0.493374 0.112915 0.0216842 0.0125775
 0.765798 0.0847023 0.115165 0.0263418 0.0079926
 0.660974 0.260146 0.0285372 0.0387809 0.0115615
 0.476218 0.347198 0.135516 0.014858 0.0262103
 0.759276 0.115061 0.0833101 0.0325033 0.00984997
 0.71969 0.213271 0.032052 0.0231956 0.0117919
 0.392883 0.437831 0.128814 0.0193506 0.0211224
 0.469432 0.209356 0.231674 0.0681316 0.0214063
 0.846368 0.072499 0.0320255 0.035419 0.0136884
pobs_PELACES
 0 0 0 0 0
 0 0 0 0 0
 0 0 0 0 0
 0 0 0 0 0
 0 0 0 0 0
 0 0 0 0 0
 0 0 0 0 0
 0 0 0 0 0
 0 0 0 0 0
 0 0 0 0 0
 0 0 0 0 0
 0 0 0 0 0
 0 0 0 0 0
 0 0 0 0 0
 0 0 0 0 0
 0 0 0 0 0
 0.505614 0.472636 0.0217494 0 0
 0 0 0 0 0
 0.443492 0.261883 0.143347 0.151278 0
 0.227955 0.32914 0.350689 0.0885471 0.00366901
 0.970185 0.0296113 0.000203453 0 0
 0.997202 0.00247181 0.000326279 0 0
 0.445219 0.490057 0.0546422 0.010081 0
 0.90214 0.0892962 0.00764917 0.000914606 0
 0 0 0 0 0
 0.581667 0.319106 0.0959925 0.00289975 0.000334073
 0.762889 0.0836404 0.116647 0.0363945 0.000428098
 0.88444 0.0763242 0.0277011 0.0115352 0
 0.521256 0.241999 0.230069 0.00667565 0
 0.616807 0.101726 0.260614 0.0208532 0
 0.833518 0.0704572 0.0857862 0.0102388 0
ppred_PELACES
 0.462074 0.105892 0.409615 0.0224176 7.08692e-07
 0.447069 0.255977 0.0584655 0.226113 0.0123751
 0.586795 0.185265 0.105542 0.0240987 0.0982999
 0.77599 0.131756 0.0413709 0.0235606 0.0273231
 0.677939 0.250271 0.042231 0.0132554 0.016303
 0.768996 0.156761 0.0576959 0.00973394 0.00681294
 0.51429 0.374053 0.0757801 0.0278807 0.00799589
 0.476247 0.270479 0.195074 0.0395 0.0187
 0.560226 0.209744 0.118802 0.0856687 0.0255589
 0.710363 0.162755 0.0605275 0.0342699 0.0320844
 0.817046 0.130223 0.0296367 0.0110172 0.0120775
 0.754747 0.200526 0.0318377 0.0072442 0.00564505
 0.702994 0.224694 0.0591303 0.0093828 0.00379844
 0.648981 0.247525 0.0783083 0.0205951 0.00459089
 0.742569 0.167859 0.0631772 0.0199712 0.00642298
 0.934608 0.048676 0.0109017 0.00410081 0.00171318
 0.431364 0.531722 0.0274816 0.00615208 0.00328088
 0.90199 0.0424085 0.0519928 0.00268634 0.00092206
 0.634859 0.329558 0.0153996 0.0188731 0.0013098
 0.63122 0.234798 0.120931 0.00564823 0.00740245
 0.766099 0.148016 0.0546899 0.0281564 0.00303852
 0.76919 0.177064 0.0340153 0.0125639 0.0071663
 0.360837 0.492347 0.112639 0.0216308 0.0125464
 0.766754 0.084374 0.114682 0.026231 0.00795898
 0.662165 0.259252 0.0284299 0.0386345 0.0115179
 0.477298 0.346513 0.135213 0.0148246 0.0261514
 0.760256 0.114612 0.0829584 0.0323655 0.00980821
 0.720609 0.212586 0.0319402 0.0231144 0.0117506
 0.39392 0.437115 0.12857 0.0193137 0.021082
 0.470964 0.208798 0.230973 0.0679241 0.0213411
 0.847195 0.0721237 0.0318477 0.0352216 0.0136121
pobs_pel_tallas
 0 0 0 0 0 0 0 0 0 0 0 0 0 0 0 0 0 0 0 0 0 0 0 0 0 0
 0 0 0 0 0 0 0 0 0 0 0 0 0 0 0 0 0 0 0 0 0 0 0 0 0 0
 0 0 0 0 0 0 0 0 0 0 0 0 0 0 0 0 0 0 0 0 0 0 0 0 0 0
 0 0 0 0 0 0 0 0 0 0 0 0 0 0 0 0 0 0 0 0 0 0 0 0 0 0
 0 0 0 0 0 0 0 0 0 0 0 0 0 0 0 0 0 0 0 0 0 0 0 0 0 0
 0 0 0 0 0 0 0 0 0 0 0 0 0 0 0 0 0 0 0 0 0 0 0 0 0 0
 0 0 0 0 0 0 0 0 0 0 0 0 0 0 0 0 0 0 0 0 0 0 0 0 0 0
 0 0 0 0 0 0 0 0 0 0 0 0 0 0 0 0 0 0 0 0 0 0 0 0 0 0
 0 0 0 0 0 0 0 0 0 0 0 0 0 0 0 0 0 0 0 0 0 0 0 0 0 0
 0 0 0 0 0 0 0 0 0 0 0 0 0 0 0 0 0 0 0 0 0 0 0 0 0 0
 0 0 0 0 0 0 0 0 0 0 0 0 0 0 0 0 0 0 0 0 0 0 0 0 0 0
 0 0 0 0 0 0 0 0 0 0 0 0 0 0 0 0 0 0 0 0 0 0 0 0 0 0
 0.00862536 0 0 0.000197151 0.00414017 0.0128641 0.00837892 0.0270097 0.101434 0.158115 0.152841 0.127902 0.109271 0.109419 0.0830992 0.0579132 0.0238553 0.00714673 0.00463305 0.00128148 0.00103504 0.000492878 0.000147863 0.000147863 4.92878e-05 0
 0 0 0 0 0 0 0 0 0 0 0 0 0 0 0 0 0 0 0 0 0 0 0 0 0 0
 0 0 0 0 0 0 0 0.0054083 0.00873648 0.0413646 0.0450493 0.0745869 0.0622846 0.0627006 0.0613931 0.0827291 0.12552 0.122667 0.0946155 0.0697135 0.0546179 0.0294188 0.0215738 0.0213955 0.0102223 0.00600262
 0 0 0 0 0.00359764 0.0251062 0.0480494 0.140153 0.205849 0.193036 0.1447 0.116669 0.0760912 0.0342217 0.00950174 0.001854 0.000860785 0 0 0 0.000165536 0 0.000143464 0 0 0
 0 0 0 0 0 0 0 0.000145254 0.000435761 0.0275982 0.070085 0.0708112 0.156366 0.174668 0.174014 0.160142 0.0824315 0.0480064 0.0283245 0.00493863 0.00203355 0 0 0 0 0
 0 0 0 0 0 0 0 0 0 0 0 0 0 0 0 0 0 0 0 0 0 0 0 0 0 0
 0 0 1.00437e-05 0.000401748 0.00122533 0.00171747 0.00176769 0.0269171 0.070346 0.194647 0.189555 0.159765 0.064822 0.0314167 0.0384472 0.0292271 0.0345202 0.0313363 0.0194345 0.0106764 0.0143323 0.0359363 0.0279516 0.0138201 0.00172751 0
 0 0.0021121 0.0136068 0.0755702 0.200478 0.177729 0.0527432 0.0373336 0.0318909 0.0142505 0.0149659 0.0166563 0.0217959 0.0798694 0.0677717 0.0528807 0.04013 0.0224614 0.0357745 0.0225083 0.00881397 0.00855152 0.00135912 0.000746735 0 0
 0 0 0 0 5.4009e-05 0.00500934 0.000945158 0.0243581 0.138947 0.33067 0.221406 0.137944 0.0707744 0.0437923 0.0131692 0.00525238 0.0047753 0.00276346 9.45158e-05 9.00151e-06 2.25038e-05 9.00151e-06 4.50075e-06 0 0 0
 0.000866109 0.00284123 0.00948549 0.0512746 0.133035 0.25785 0.225252 0.132002 0.0553304 0.0519788 0.0540692 0.017754 0.00435017 0.00159236 0.00146478 0.000404838 0.000125132 0.000115318 0.000107957 0.000100596 0 0 0 0 0 0
 0 0 0 0 0.00144013 0.00171154 0.00461396 0.0210425 0.0478622 0.0707936 0.0888783 0.103762 0.0637923 0.0337046 0.0602308 0.124433 0.169614 0.0934646 0.0462172 0.0250306 0.0313229 0.00938855 0.002487 0.000210481 0 0
 0 0.00764035 0.051015 0.0998891 0.058973 0.0496711 0.0374665 0.0718981 0.12319 0.153886 0.159021 0.0857701 0.0377988 0.023471 0.0147837 0.00900784 0.00315554 0.000888139 0.00291439 0.00214683 0.00393193 0.00274676 0.000635225 9.99891e-05 0 0
 0 0 0 0 0 0 0 0 0 0 0 0 0 0 0 0 0 0 0 0 0 0 0 0 0 0
 0 0 0 0 0 0 0 0 0 0 0 0 0 0 0 0 0 0 0 0 0 0 0 0 0 0
 0 0 0 0 0 0 0 0 0 0 0 0 0 0 0 0 0 0 0 0 0 0 0 0 0 0
 0 0 0 0 0 0 0 0 0 0 0 0 0 0 0 0 0 0 0 0 0 0 0 0 0 0
 0 0 0 0 0 0 0 0 0 0 0 0 0 0 0 0 0 0 0 0 0 0 0 0 0 0
 0 0 0 0 0 0 0 0 0 0 0 0 0 0 0 0 0 0 0 0 0 0 0 0 0 0
 0 0 0 0 0 0 0 0 0 0 0 0 0 0 0 0 0 0 0 0 0 0 0 0 0 0
ppred_pel_tallas
 1.14096e-16 3.80605e-05 0.000369961 0.00245852 0.0111761 0.034773 0.074088 0.108136 0.108147 0.0741412 0.0349533 0.0117047 0.00381485 0.0034283 0.00613138 0.0108175 0.0173007 0.0253302 0.0345382 0.044538 0.0547699 0.0641446 0.0709227 0.073204 0.0698532 0.061221
 1.26523e-16 3.68246e-05 0.000357948 0.00237869 0.0108132 0.033644 0.071683 0.104629 0.104653 0.0718042 0.0340512 0.0119911 0.00534214 0.00685074 0.0124411 0.0207146 0.0303549 0.0393568 0.045808 0.0490974 0.0503748 0.0517283 0.054663 0.0590456 0.0632089 0.0649713
 1.22146e-16 4.83335e-05 0.000469819 0.00312212 0.0141927 0.0441588 0.0940857 0.137325 0.137343 0.0941738 0.0444549 0.0150499 0.00528133 0.00520908 0.00912604 0.0152174 0.0224159 0.0292774 0.0343993 0.037252 0.0385126 0.0395291 0.0413262 0.0439324 0.046449 0.0476489
 1.08215e-16 6.39173e-05 0.000621299 0.00412875 0.0187687 0.0583965 0.12442 0.181598 0.18161 0.124483 0.0586058 0.019374 0.00565061 0.00395194 0.00641481 0.0105725 0.0153912 0.0197229 0.0224595 0.0231383 0.0222247 0.0207689 0.0197074 0.0193531 0.0193823 0.0191919
 1.05372e-16 5.5841e-05 0.000542795 0.00360706 0.0163972 0.0510179 0.1087 0.158656 0.15868 0.108818 0.051414 0.0175414 0.00648003 0.00681728 0.0119806 0.019741 0.0284885 0.0359502 0.0398533 0.0391692 0.0347267 0.0286363 0.0229986 0.0189037 0.0163002 0.0145248
 1.03835e-16 6.33412e-05 0.000615699 0.00409154 0.0185995 0.0578702 0.123299 0.179962 0.179977 0.123373 0.0581193 0.0193197 0.00590215 0.00457755 0.00761488 0.0125601 0.0182542 0.0233055 0.0263316 0.0266857 0.0248073 0.0218551 0.0189351 0.01655 0.0145966 0.0127342
 1.06432e-16 4.23615e-05 0.000411769 0.00273635 0.0124391 0.0387027 0.0824616 0.120363 0.120399 0.082638 0.0392951 0.0141506 0.00703464 0.009802 0.017897 0.0295759 0.0427331 0.0540206 0.0600501 0.0592651 0.0528471 0.0438571 0.0353314 0.0288307 0.0242902 0.020826
 1.12825e-16 3.92279e-05 0.000381309 0.00253393 0.0115189 0.0358398 0.0763614 0.111457 0.111483 0.0764901 0.0362728 0.0127731 0.00569451 0.00732231 0.0133433 0.0223165 0.0328927 0.0429363 0.0502606 0.0538204 0.0542043 0.052945 0.0512624 0.0493186 0.0464682 0.0420637
 1.16399e-16 4.61452e-05 0.000448547 0.00298076 0.0135501 0.0421595 0.089826 0.131108 0.131128 0.0899257 0.0424947 0.0145207 0.0054258 0.00581535 0.0103261 0.0172316 0.0253784 0.0331236 0.0388437 0.0418677 0.0428458 0.0431542 0.0438119 0.0447971 0.0452083 0.043982
 1.10655e-16 5.85117e-05 0.000568755 0.00377958 0.0171814 0.0534578 0.113898 0.166241 0.166257 0.113975 0.0537168 0.0179303 0.00566324 0.00469384 0.0079319 0.0131256 0.0191568 0.0246458 0.0282456 0.0293926 0.0286439 0.0272465 0.0262822 0.0260588 0.0261238 0.0257251
 1.04038e-16 6.7299e-05 0.000654171 0.00434719 0.0197617 0.0614861 0.131003 0.191206 0.191218 0.131065 0.0616925 0.0203581 0.00584538 0.00392855 0.00629742 0.0103352 0.0149563 0.0189703 0.0212175 0.0211799 0.0192864 0.0166035 0.0141631 0.0124536 0.011374 0.0105304
 1.02652e-16 6.21675e-05 0.000604291 0.00401573 0.0182549 0.0567979 0.121015 0.176629 0.176648 0.121109 0.0571151 0.0191713 0.00631622 0.00562737 0.00960513 0.0157894 0.0227596 0.0286648 0.0316611 0.0309002 0.027027 0.0217284 0.0167099 0.0128979 0.0103299 0.00856138
 1.03348e-16 5.79048e-05 0.000562855 0.00374037 0.0170032 0.0529033 0.112717 0.164518 0.16454 0.112823 0.0532596 0.0180326 0.00632646 0.00621521 0.0108129 0.0178369 0.0258113 0.0327129 0.036509 0.0362475 0.0325917 0.0273095 0.0221538 0.0180263 0.0149142 0.012374
 1.05166e-16 5.34558e-05 0.000519609 0.00345299 0.0156968 0.0488387 0.104057 0.151879 0.151903 0.104174 0.0492316 0.0168326 0.00630751 0.00676271 0.0119445 0.019752 0.0286592 0.0364832 0.0410245 0.0412579 0.0379011 0.0328366 0.0278823 0.0238969 0.0207516 0.0179018
 1.04956e-16 6.11645e-05 0.000594541 0.00395093 0.0179604 0.0558815 0.119062 0.173778 0.173794 0.119141 0.0561483 0.018732 0.00589106 0.00484086 0.00815819 0.0134759 0.0196084 0.0250848 0.0284438 0.029011 0.0272674 0.0244455 0.0216962 0.0194996 0.0176752 0.0157979
 1.01029e-16 7.69825e-05 0.000748297 0.0049727 0.0226052 0.0703331 0.149852 0.218715 0.218719 0.149875 0.0704102 0.022828 0.00553249 0.00197157 0.00240389 0.00386208 0.00557936 0.0070661 0.00788063 0.00782277 0.00704627 0.0059455 0.00490747 0.00412453 0.00357757 0.00314401
 1.02102e-16 3.5531e-05 0.000345374 0.00229513 0.0104334 0.0324623 0.0691663 0.100961 0.101012 0.0694163 0.0333015 0.0128562 0.00837307 0.0136009 0.025173 0.0414622 0.0594954 0.074335 0.0809727 0.0771006 0.064512 0.0479445 0.0323298 0.0205651 0.0130739 0.0087764
 1.01937e-16 7.42958e-05 0.000722181 0.00479915 0.0218162 0.0678784 0.144622 0.211081 0.211086 0.144643 0.067947 0.0220152 0.00530189 0.00183098 0.00221318 0.00362726 0.00541759 0.00722683 0.00872948 0.00975107 0.0103228 0.0105733 0.0105617 0.0102138 0.00941133 0.00813448
 1.02644e-16 5.22926e-05 0.000508303 0.00337785 0.0153552 0.047776 0.101793 0.148577 0.148608 0.101948 0.0482962 0.0168571 0.0071457 0.00872651 0.0156397 0.02572 0.036924 0.0461835 0.0504169 0.0482238 0.0407424 0.030917 0.0217766 0.0150454 0.0108816 0.00850821
 1.0537e-16 5.19928e-05 0.000505389 0.00335849 0.0152672 0.0475021 0.101209 0.147722 0.147745 0.10132 0.0478762 0.0163495 0.00608173 0.00647168 0.0114457 0.0190024 0.0277459 0.0356736 0.0407468 0.041974 0.0399111 0.0361139 0.0320342 0.028281 0.0246944 0.0209159
 1.04955e-16 6.31026e-05 0.000613379 0.00407612 0.0185295 0.0576521 0.122834 0.179284 0.179298 0.122905 0.0578875 0.01921 0.00578738 0.00435925 0.00720739 0.0118954 0.0173196 0.0221852 0.0252166 0.0258353 0.0244787 0.0222346 0.0200979 0.0184476 0.0170648 0.0155182
 1.035e-16 6.33572e-05 0.000615855 0.00409257 0.0186042 0.0578848 0.12333 0.180008 0.180025 0.123414 0.0581652 0.0194143 0.0061267 0.00505937 0.00851139 0.0139948 0.0202117 0.0255419 0.0283807 0.0279973 0.0249629 0.0207419 0.0167853 0.0138358 0.0118505 0.0103826
 1.07669e-16 2.97217e-05 0.000288906 0.00191988 0.00872754 0.0271549 0.0578581 0.0844555 0.084503 0.0580903 0.0279349 0.0109814 0.0075808 0.012658 0.0235541 0.0389794 0.0563516 0.07129 0.0793308 0.0783988 0.0699993 0.0580991 0.0466482 0.0377022 0.0312423 0.0262214
 1.07309e-16 6.31565e-05 0.000613904 0.00407961 0.0185453 0.0577014 0.122939 0.179435 0.179443 0.12298 0.0578383 0.018943 0.00508611 0.00283837 0.004368 0.0073314 0.0110477 0.0149279 0.0183953 0.0211618 0.0233127 0.0250601 0.0263936 0.0269659 0.0263154 0.024214
 1.06711e-16 5.45417e-05 0.000530165 0.00352313 0.0160157 0.0498308 0.106171 0.154965 0.15499 0.106293 0.0502408 0.0171998 0.00649577 0.00702034 0.0123839 0.0203979 0.0294114 0.037072 0.0410405 0.0402907 0.0357447 0.0296574 0.0242427 0.0205984 0.0185586 0.0172728
 1.09903e-16 3.93145e-05 0.000382151 0.00253953 0.0115443 0.0359189 0.0765303 0.111705 0.111739 0.0766943 0.0364698 0.0131372 0.0065445 0.00914744 0.016752 0.0278048 0.0404541 0.0517211 0.0585734 0.059593 0.0557506 0.0495881 0.0435167 0.0386052 0.034584 0.0306651
 1.0733e-16 6.26213e-05 0.000608702 0.00404504 0.0183882 0.0572124 0.121898 0.177915 0.177927 0.121952 0.0573961 0.0189201 0.00538595 0.00355492 0.00571421 0.00949589 0.0140235 0.0183787 0.0216646 0.0234757 0.0240909 0.0241628 0.0241662 0.0240762 0.0234885 0.0219973
 1.05283e-16 5.93556e-05 0.000576958 0.00383409 0.0174292 0.0542289 0.115541 0.16864 0.168661 0.115641 0.0545653 0.018401 0.00627404 0.00590564 0.0101865 0.0167663 0.0241974 0.0305458 0.033893 0.0333853 0.0297501 0.0247969 0.0203058 0.0171667 0.0152705 0.013978
 1.09327e-16 3.24467e-05 0.000315394 0.00209591 0.00952771 0.0296445 0.0631622 0.092196 0.0922382 0.0633687 0.0303379 0.0115321 0.0071325 0.0113278 0.0209984 0.034798 0.0504405 0.064094 0.0718539 0.0719028 0.0655349 0.0561466 0.0470554 0.0398883 0.0344883 0.0298875
 1.17143e-16 3.87927e-05 0.000377079 0.00250582 0.0113911 0.0354421 0.0755139 0.110219 0.11024 0.0756141 0.0357793 0.0123695 0.00497815 0.00582911 0.0105551 0.017814 0.0266593 0.0356376 0.0432594 0.0488188 0.0526598 0.0555764 0.0578837 0.0590095 0.0579171 0.0539118
 1.06774e-16 6.97823e-05 0.000678309 0.0045076 0.0204909 0.0637549 0.135837 0.198259 0.198266 0.135871 0.0638699 0.0208239 0.00534596 0.00251703 0.00358779 0.00589117 0.00865092 0.0112555 0.013149 0.0141229 0.0144436 0.0146388 0.0151033 0.0158357 0.0164751 0.0165547
pSPR Fmed_Fpbrs
0.721159   0.200152 0.200152
Fs Fmed_Fpbrs
0.167605   1.005 1.005
SSBpbr Bo_Bmed_Bpbrs
2.3701e+06  1.59071e+06  355875 355875
Ro
224655
SPR SPRFo_SPRFmed_SPRFpbrs
1.6035e+06 1.15638e+06 320944
Fref
1.005
Nvult_r0
 277816 24236.6 10718.2 11854.6 4581.46
CTP_r0
 29414.6 2922.2 1301.79 1440.38 556.675
YTP_r0
391298
Np
 313705 48814.4 18321.3 1541.87 772.034
Nvult_p0
 264891 42182.9 15853 1334.24 668.072
CTP_p0
 122509 58159.2 4962.62 2191.55 3200.2
 122509 21051.2 7944.4 668.773 334.869
YTP_p0
 2.11636e+06 1.46219e+06
CBA_c0
1.92011e+06
log_Ro
12.1423
likeval ReclasPelacesDesembMPH_pf_preclas_ppelaces_ptallas_desvR_qrecl_qpela
 15.839 17.3457 0.0992111 0.000811959 240.718 120.292 98.1028 0 22.9147 9.49992e-06 3.34386e-06 0.504982 0 0 0
q_reclas_q_pelaces
0.646127 0.77093
M
1
N
 234917 54409.6 210606 11526.5 0.364391
 136554 79695.3 18223.9 70484.7 3857.62
 134982 43413.6 24760.1 5653.88 23062.6
 247011 43109.7 13559.2 7722.63 8955.95
 197685 73654.7 12435.6 3903.39 4800.85
 326388 67776.4 24973.4 4213.54 2949.14
 137826 104263 21174 7791.24 2234.46
 65722.1 37553.1 27094 5486.3 2597.31
 60220.1 23084 13094 9442.91 2817.27
 78340.3 18502.5 6893.8 3903.57 3654.65
 142276 22854 5203.74 1934.49 2120.68
 178940 49310.9 7846.72 1785.62 1391.46
 150642 49804.1 13133.6 2084.28 843.784
 106333 42811 13589 3574.56 796.817
 110438 25876.5 9760.64 3085.83 992.447
 574846 30893 6932.3 2607.93 1089.51
 132325 166429 8612.39 1928.11 1028.26
 869386 41741.2 51240.7 2647.66 908.788
 509326 272531 12758.6 15637.9 1085.28
 389096 148652 76688.4 3582.13 4694.68
 592065 116726 43182.1 22233.3 2399.33
 790410 186674 35917.9 13267.8 7567.8
 172623 239080 54747 10513.9 6098.38
 508302 56660.3 77074.7 17629.8 5349.23
 427124 169449 18597 25273.2 7534.58
 193625 142077 55476.3 6082.59 10730
 429875 65658.7 47563.4 18557.2 5623.69
 479647 143109 21516.5 15571.5 7916.05
 144307 161861 47640 7156.72 7811.99
 108680 48905.5 54148.9 15924.8 5003.42
 412678 35681.3 15770.8 17442.5 6741
pred_Ctot
 11633.7 3103.29 12108.7 662.997 0.0209599
 11862.6 7941.02 1830.03 7080.93 387.547
 11381.2 4199.81 2413.99 551.453 2249.47
 30091.8 6000.32 1901.53 1083.44 1256.5
 8550.78 3671.74 624.939 196.245 241.37
 27477.8 6546.75 2431.12 410.35 287.218
 23153.7 19905.3 4071.63 1498.78 429.845
 1886.57 1244.29 905.088 183.352 86.8039
 6366.7 2793.45 1596.69 1151.94 343.684
 10446.3 2815.15 1056.73 598.603 560.442
 5231.1 969.091 222.451 82.7319 90.6964
 28166 8831.75 1415.64 322.27 251.136
 22122.1 8332.3 2213.49 351.413 142.266
 23525.6 10695.4 3418.15 899.457 200.505
 17104 4561.42 1733.17 548.152 176.297
 78924.4 4837.47 1093.6 411.573 171.946
 12072.8 17408.3 907.843 203.328 108.437
 82339.7 4530.59 5604.72 289.72 99.4462
 67795.2 41393 1952.31 2393.84 166.138
 46148.1 20150.9 10474.5 489.459 641.49
 54176.3 12244.9 4565.11 2351.41 253.76
 90255.9 24375.2 4725.73 1746.34 996.117
 11870 18894.4 4360.89 837.839 485.981
 30391.9 3897.41 5343.93 1222.87 371.05
 26079.2 11900.9 1316.54 1789.92 533.632
 9638.34 8145.13 3205.99 351.663 620.366
 26043.6 4575.9 3341.24 1304.16 395.228
 25249.2 8673.42 1314.52 951.726 483.837
 7234.47 9344.97 2772.6 416.69 454.852
 7456.99 3856.72 4304.04 1266.31 397.872
 29414.6 2922.2 1301.79 1440.38 556.675
F
 0.0810211 0.093805 0.0945906 0.0946323 0.0946345
 0.14595 0.168979 0.170394 0.170469 0.170473
 0.141396 0.163706 0.165077 0.16515 0.165153
 0.210044 0.243186 0.245222 0.24533 0.245336
 0.0704595 0.0815769 0.08226 0.0822963 0.0822982
 0.141167 0.163441 0.16481 0.164883 0.164886
 0.300235 0.347607 0.350518 0.350672 0.350681
 0.0462946 0.0535992 0.054048 0.0540718 0.0540731
 0.1801 0.208517 0.210263 0.210356 0.210361
 0.231933 0.268529 0.270778 0.270897 0.270903
 0.0596245 0.0690323 0.0696104 0.0696411 0.0696427
 0.278954 0.322969 0.325673 0.325817 0.325824
 0.258108 0.298834 0.301336 0.301469 0.301476
 0.413235 0.478438 0.482444 0.482657 0.482668
 0.273923 0.317144 0.3198 0.319941 0.319948
 0.239533 0.277328 0.27965 0.279774 0.27978
 0.153772 0.178035 0.179526 0.179605 0.179609
 0.160034 0.185285 0.186836 0.186919 0.186923
 0.231479 0.268003 0.270247 0.270366 0.270373
 0.203995 0.236183 0.238161 0.238266 0.238271
 0.154254 0.178593 0.180089 0.180168 0.180172
 0.195752 0.226638 0.228536 0.228637 0.228642
 0.114033 0.132026 0.133131 0.13319 0.133193
 0.0985271 0.114073 0.115028 0.115079 0.115082
 0.100704 0.116594 0.11757 0.117622 0.117625
 0.0814543 0.0943066 0.0950963 0.0951382 0.0951404
 0.0998903 0.115651 0.11662 0.116671 0.116674
 0.0863113 0.0999299 0.100767 0.100811 0.100813
 0.0820539 0.0950008 0.0957963 0.0958385 0.0958408
 0.113776 0.131728 0.132831 0.132889 0.132892
 0.118415 0.1371 0.138248 0.138309 0.138312
YTP_r0W_actual
 244141 41203 35929.5 49260.9 20764
YTP_p0W_proyectada
 917593 911355 114785 64365.9 108263
 917593 329872 183754 19641.9 11328.6
CTP_r0_actual
 29414.6 2922.2 1301.79 1440.38 556.675
CTP_p0_proyectada
 122509 58159.2 4962.62 2191.55 3200.2
 122509 21051.2 7944.4 668.773 334.869
Wmedp
 7.49 15.67 23.13 29.37 33.83
Frms_r0
 0.118415 0.1371 0.138248 0.138309 0.138312
Zrms_r0
 1.11842 1.1371 1.13825 1.13831 1.13831
nmprior
 8.19 8.8 8.5 0
nm_flota  nm_reclas  nm_pelaces    nm_pelaL
inf 11.7462 17.8407 42.3482
cv_recla  cv_pelaces  cv_mph
0.359988 0.472245 0.879372
 ------------------------------------------------
Talla a la edad & desviaci?n 
 8 13.2811 15.8009 17.003 17.5766
 0.8 1.32811 1.58009 1.7003 1.75766
