years
 1991 1992 1993 1994 1995 1996 1997 1998 1999 2000 2001 2002 2003 2004 2005 2006 2007 2008 2009 2010 2011 2012 2013 2014 2015 2016 2017 2018 2019 2020 2021
reclasobs
 0 0 0 0 0 0 0 0 0 252601 567819 844713 477998 351125 339783 2.1784e+06 2.13404e+06 4.81314e+06 1.55562e+06 2.62356e+06 3.21686e+06 3.843e+06 1.13348e+06 3.07943e+06 1.97215e+06 2.03268e+06 2.025e+06 2.42433e+06 2.27542e+06 1.05018e+06 2.36338e+06
reclaspred
 3.19269e+06 1.71589e+06 866940 865776 865719 1.72456e+06 900080 741556 512131 322345 498440 712988 702306 502210 473454 1.42779e+06 1.14871e+06 3.37149e+06 2.57228e+06 1.8477e+06 3.15003e+06 2.60878e+06 1.89133e+06 3.06442e+06 2.25339e+06 1.95679e+06 2.41612e+06 2.71413e+06 2.08336e+06 1.18342e+06 1.77254e+06
pelacesobs
 0 0 0 0 0 0 0 0 0 0 0 0 0 0 0 552880 188675 0 991730 2.46772e+06 1.41603e+06 1.21717e+06 2.29649e+06 1.80582e+06 0 1.4828e+06 1.56532e+06 1.57751e+06 1.42118e+06 867257 1.10002e+06
pelacespred
 1.73896e+06 1.00677e+06 486418 397604 447540 931216 409313 470507 283782 158685 279714 329142 362260 256182 250240 651099 539990 1.875e+06 1.42983e+06 923235 1.6268e+06 1.37108e+06 1.04483e+06 1.88142e+06 1.31265e+06 1.15517e+06 1.62311e+06 1.79424e+06 1.16168e+06 725501 1.06634e+06
mphobs
 0 0 0 0 0 0 0 0 0 0 0 498337 0 5186 125008 0 168611 109162 213762 579715 649985 157893 87575 83554 0 0 0 0 0 0 0
mphpred
 500091 334061 156228 86961 89860.9 111050 172780 83450.8 73700.1 42217 24151.2 61686.7 67301.1 53902.4 30388.4 38026 159378 125890 343946 224262 235314 286574 278616 211623 315834 259351 206551 229403 345289 213738 112214
desembarqueobs
 494567 514787 250237 358949 120608 361735 552515 73892 212993 205616 52469 317467 293654 387597 252695 516296 358380 742168 942051 627588 828172 859565 418607 520667 417249 300574 415391 372974 316634 284311 391294
desembarquepred
 494562 514103 250483 358977 120612 361719 552458 73896.8 213044 205659 52471.2 317498 293651 387486 252638 516168 358387 741947 941603 627258 828217 859430 418577 520669 417203 300553 415357 372912 316586 284290 391283
Reclutas
 157639 89231.6 88432.3 119245 96352.2 205898 73173 28667.8 30230.5 41261.2 75408.9 118867 99026.1 69716.2 59671.2 329156 56226.6 551334 287683 242519 315439 453163 80548.3 244372 211861 88625.6 206853 239386 65574.7 46439.7 184333
log_desv_Rt
 0.271442 -0.29763 -0.306627 -0.00768542 -0.220854 0.538514 -0.496039 -1.43309 -1.38001 -1.06894 -0.46594 -0.0108611 -0.193482 -0.544432 -0.700014 1.00767 -0.759475 1.52348 0.872994 0.702216 0.9651 1.32739 -0.400008 0.709825 0.567064 -0.304444 0.543146 0.689212 -0.605674 -0.95071 0.427878
SSB
 1.56119e+06 1.04287e+06 487714 271475 280528 346676 539386 260517 230077 131793 75395.4 192574 210101 168273 94866.5 118710 497547 393005 1.07373e+06 700101 734603 894629 869784 660646 985973 809644 644813 716150 1.07793e+06 667248 350309
BT
 2.28953e+06 1.58244e+06 759998 729091 583872 1.34067e+06 929766 581298 521516 370225 355614 626300 665045 684913 531351 1.14487e+06 865611 2.75719e+06 2.46165e+06 1.56226e+06 2.47893e+06 2.29123e+06 1.4948e+06 2.57804e+06 1.81338e+06 1.52392e+06 2.22606e+06 2.36233e+06 1.51326e+06 1.06287e+06 1.56633e+06
Ftot
 0.265669 0.494298 0.488579 0.762261 0.260827 0.420572 0.990777 0.182718 0.746151 1.12095 0.226207 0.841359 0.783398 1.38949 1.06304 0.779578 0.538238 0.46875 0.660689 0.630226 0.503766 0.62555 0.382868 0.342487 0.338244 0.274495 0.341837 0.279407 0.254559 0.406672 0.455345
BD_Bspro_t
 0.958596 0.729185 0.497127 0.393714 0.37692 0.479696 0.510195 0.300337 0.346433 0.272351 0.22362 0.507291 0.39135 0.298525 0.187462 0.226759 0.429616 0.363657 0.536537 0.403467 0.370162 0.414435 0.434704 0.405349 0.536894 0.547256 0.548236 0.60301 0.675829 0.57093 0.457859
BD_Bspro
 1.82022 1.21591 0.568636 0.316519 0.327074 0.404197 0.628881 0.303742 0.268252 0.153661 0.0879051 0.224526 0.244961 0.196193 0.110607 0.138406 0.580101 0.458213 1.25189 0.816263 0.856489 1.04307 1.0141 0.770261 1.14957 0.943981 0.751801 0.834974 1.25678 0.777959 0.408432
BD_Bo
 1.16003 0.774902 0.362393 0.201718 0.208445 0.257596 0.400788 0.193576 0.170958 0.0979284 0.0560222 0.143091 0.156115 0.125034 0.0704901 0.0882066 0.3697 0.29202 0.797831 0.520207 0.545843 0.664749 0.646289 0.490889 0.732622 0.601602 0.479125 0.532132 0.800947 0.495795 0.260295
BD_Brms
 5.994 4.00399 1.87252 1.0423 1.07706 1.33102 2.07091 1.00022 0.883355 0.506005 0.289472 0.739365 0.806658 0.646064 0.364229 0.455772 1.91027 1.5089 4.12247 2.68796 2.82042 3.43482 3.33944 2.53647 3.78553 3.10854 2.47568 2.74958 4.13857 2.56182 1.34497
Sel_flota
 0.667213 0.97442 0.99862 0.999927 0.999996
 0.667213 0.97442 0.99862 0.999927 0.999996
 0.667213 0.97442 0.99862 0.999927 0.999996
 0.667213 0.97442 0.99862 0.999927 0.999996
 0.667213 0.97442 0.99862 0.999927 0.999996
 0.667213 0.97442 0.99862 0.999927 0.999996
 0.667213 0.97442 0.99862 0.999927 0.999996
 0.667213 0.97442 0.99862 0.999927 0.999996
 0.667213 0.97442 0.99862 0.999927 0.999996
 0.667213 0.97442 0.99862 0.999927 0.999996
 0.667213 0.97442 0.99862 0.999927 0.999996
 0.667213 0.97442 0.99862 0.999927 0.999996
 0.667213 0.97442 0.99862 0.999927 0.999996
 0.667213 0.97442 0.99862 0.999927 0.999996
 0.667213 0.97442 0.99862 0.999927 0.999996
 0.667213 0.97442 0.99862 0.999927 0.999996
 0.667213 0.97442 0.99862 0.999927 0.999996
 0.667213 0.97442 0.99862 0.999927 0.999996
 0.667213 0.97442 0.99862 0.999927 0.999996
 0.667213 0.97442 0.99862 0.999927 0.999996
 0.667213 0.97442 0.99862 0.999927 0.999996
 0.667213 0.97442 0.99862 0.999927 0.999996
 0.667213 0.97442 0.99862 0.999927 0.999996
 0.667213 0.97442 0.99862 0.999927 0.999996
 0.667213 0.97442 0.99862 0.999927 0.999996
 0.667213 0.97442 0.99862 0.999927 0.999996
 0.667213 0.97442 0.99862 0.999927 0.999996
 0.667213 0.97442 0.99862 0.999927 0.999996
 0.667213 0.97442 0.99862 0.999927 0.999996
 0.667213 0.97442 0.99862 0.999927 0.999996
 0.667213 0.97442 0.99862 0.999927 0.999996
Sel_reclas
 1 1 1 1 1
 1 1 1 1 1
 1 1 1 1 1
 1 1 1 1 1
 1 1 1 1 1
 1 1 1 1 1
 1 1 1 1 1
 1 1 1 1 1
 1 1 1 1 1
 1 1 1 1 1
 1 1 1 1 1
 1 1 1 1 1
 1 1 1 1 1
 1 1 1 1 1
 1 1 1 1 1
 1 1 1 1 1
 1 1 1 1 1
 1 1 1 1 1
 1 1 1 1 1
 1 1 1 1 1
 1 1 1 1 1
 1 1 1 1 1
 1 1 1 1 1
 1 1 1 1 1
 1 1 1 1 1
 1 1 1 1 1
 1 1 1 1 1
 1 1 1 1 1
 1 1 1 1 1
 1 1 1 1 1
 1 1 1 1 1
Sel_pelaces
 0.946293 1 1 1 1
 0.946293 1 1 1 1
 0.946293 1 1 1 1
 0.946293 1 1 1 1
 0.946293 1 1 1 1
 0.946293 1 1 1 1
 0.946293 1 1 1 1
 0.946293 1 1 1 1
 0.946293 1 1 1 1
 0.946293 1 1 1 1
 0.946293 1 1 1 1
 0.946293 1 1 1 1
 0.946293 1 1 1 1
 0.946293 1 1 1 1
 0.946293 1 1 1 1
 0.946293 1 1 1 1
 0.946293 1 1 1 1
 0.946293 1 1 1 1
 0.946293 1 1 1 1
 0.946293 1 1 1 1
 0.946293 1 1 1 1
 0.946293 1 1 1 1
 0.946293 1 1 1 1
 0.946293 1 1 1 1
 0.946293 1 1 1 1
 0.946293 1 1 1 1
 0.946293 1 1 1 1
 0.946293 1 1 1 1
 0.946293 1 1 1 1
 0.946293 1 1 1 1
 0.946293 1 1 1 1
pf_obs 
 0.8446 0.082 0.0669 0.0065 0
 0.8095 0.147 0.0364 0.0071 0
 0.9664 0.0169 0.016 0.0007 0
 0.9276 0.0648 0.0075 0.0001 0
 0.7033 0.2144 0.0806 0.0017 0
 0.9318 0.0425 0.0243 0.0014 0
 0.5671 0.3108 0.0964 0.0239 0.0018
 0.0768 0.2599 0.5324 0.112 0.0189
 0.490249 0.384438 0.106611 0.0170017 0.00170017
 0.7925 0.1577 0.0466 0.003 0.0002
 0.840416 0.127587 0.0312969 0.00059994 9.999e-05
 0.8084 0.0986 0.0794 0.0134 0.0002
 0.7335 0.1905 0.0724 0.0035 0.0001
 0.4001 0.4547 0.1325 0.0127 0
 0.49795 0.308269 0.164784 0.0264974 0.00249975
 0.9179 0.0499 0.0305 0.0017 0
 0.2467 0.6533 0.0926 0.0074 0
 0.9418 0.0223 0.034 0.0019 0
 0.707729 0.231977 0.0356964 0.0245975 0
 0.517169 0.277429 0.184464 0.0207286 0.00020938
 0.811772 0.124168 0.05621 0.00726502 0.000585176
 0.764997 0.148141 0.077277 0.00933861 0.000247198
 0.163321 0.427699 0.378323 0.0303852 0.000271297
 0.753843 0.0900009 0.118128 0.0371064 0.000921714
 0.721811 0.176058 0.0630433 0.0369309 0.00215725
 0.143369 0.312575 0.442814 0.0836902 0.0175525
 0.692698 0.0596174 0.167031 0.0765114 0.00414204
 0.394062 0.376323 0.152708 0.0712218 0.00568511
 0.125707 0.32114 0.495352 0.0537591 0.00404204
 0.23352 0.215282 0.420074 0.123614 0.00750983
 0.796117 0.104755 0.0508955 0.0450114 0.00322123
pf_pred 
 0.509687 0.153397 0.312777 0.0241384 9.5313e-07
 0.45036 0.337612 0.0675915 0.134102 0.0103346
 0.606038 0.222917 0.106356 0.0206455 0.0440443
 0.729265 0.19232 0.0449762 0.0208056 0.0126331
 0.678831 0.262837 0.0418652 0.00945251 0.00701421
 0.791236 0.158919 0.040995 0.00635432 0.00249561
 0.455153 0.466268 0.0602452 0.0150828 0.00325077
 0.461573 0.319438 0.188459 0.0234183 0.00711151
 0.575836 0.23853 0.111313 0.0639722 0.0103486
 0.766406 0.162604 0.0405491 0.0182677 0.0121737
 0.863489 0.116835 0.0138713 0.00331903 0.00248605
 0.772354 0.205967 0.0186268 0.0021528 0.000899612
 0.716789 0.241287 0.0380624 0.00331812 0.00054266
 0.673704 0.264332 0.0530698 0.00807605 0.000817589
 0.783071 0.173358 0.0356068 0.00682325 0.00114059
 0.951778 0.0417504 0.00521415 0.00102838 0.000229505
 0.356156 0.624925 0.0164579 0.00198359 0.000477611
 0.928148 0.033581 0.0371811 0.000948765 0.000141641
 0.577474 0.402921 0.00931207 0.0100002 0.000292792
 0.644182 0.245538 0.105329 0.0023538 0.00259706
 0.74512 0.190408 0.0449441 0.0186526 0.000875142
 0.768057 0.190845 0.0309459 0.0070809 0.00307144
 0.307188 0.584016 0.0900422 0.0141274 0.00462644
 0.755314 0.0993757 0.12305 0.0184282 0.00383214
 0.636069 0.300999 0.0259956 0.0312861 0.0056511
 0.423435 0.419557 0.130508 0.0109563 0.015544
 0.741238 0.136282 0.0897937 0.0271762 0.00550994
 0.695469 0.248349 0.0299922 0.019208 0.00698129
 0.329565 0.51986 0.123428 0.0145025 0.0126448
 0.411231 0.250661 0.263773 0.0609497 0.0133856
 0.842593 0.0823419 0.0325067 0.0332131 0.0093451
pobs_RECLAS
 0 0 0 0 0
 0 0 0 0 0
 0 0 0 0 0
 0 0 0 0 0
 0 0 0 0 0
 0 0 0 0 0
 0 0 0 0 0
 0 0 0 0 0
 0 0 0 0 0
 0 0 0 0 0
 0.991045 0.00858322 0.000360255 1.14367e-05 0
 0.934742 0.0480273 0.0164251 0.00080598 0
 0.827803 0.169806 0.00239088 0 0
 0.941827 0.0461693 0.0120037 0 0
 0.791401 0.0380133 0.147996 0.0225897 0
 0.846168 0.0940531 0.0597789 0 0
 0.134021 0.677848 0.182769 0.00536245 0
 0.80878 0.0450904 0.141981 0.00414843 0
 0.846168 0.0940531 0.0597789 0 0
 0.905697 0.0802665 0.012482 0.00150086 5.37128e-05
 0.989698 0.0102097 9.19794e-05 0 0
 0.975433 0.0193895 0.00387452 0.00125025 5.28907e-05
 0.303575 0.632131 0.0575291 0.00676475 0
 0.966965 0.00978017 0.0227588 0.000495775 0
 0.843318 0.132988 0.00938335 0.0141283 0.000182051
 0.564624 0.303363 0.111486 0.0197234 0.00080311
 0.826376 0.0876187 0.0782897 0.00655872 0.00115652
 0.89761 0.0855135 0.0140674 0.00269457 0.000114338
 0.34875 0.467042 0.161289 0.0227151 0.000203297
 0.318654 0.224769 0.449479 0.00709798 0
 0.937255 0.0296025 0.0250945 0.00804832 0
ppred_RECLAS
 0.608945 0.124479 0.2475 0.0190751 7.53145e-07
 0.551576 0.278291 0.0542873 0.107557 0.0082883
 0.698003 0.172841 0.0803524 0.0155762 0.0332273
 0.803448 0.140738 0.0320333 0.0147969 0.00898395
 0.757615 0.199276 0.0309519 0.00697908 0.00517844
 0.849581 0.115209 0.0289656 0.00448358 0.00176076
 0.561334 0.376934 0.0473461 0.0118356 0.00255069
 0.559747 0.263858 0.151831 0.0188418 0.00572135
 0.673919 0.185584 0.0842965 0.0483758 0.00782504
 0.835861 0.11528 0.0279269 0.0125618 0.00837057
 0.903231 0.0831226 0.0096244 0.00229978 0.00172248
 0.837231 0.147652 0.0129912 0.00149925 0.00062646
 0.792962 0.177097 0.027187 0.00236661 0.000387017
 0.765013 0.191468 0.0372814 0.00566411 0.000573365
 0.847655 0.122447 0.0244398 0.00467619 0.000781621
 0.967586 0.0281657 0.00342327 0.00067419 0.000150448
 0.451804 0.532494 0.0136619 0.00164431 0.000395889
 0.951067 0.0231851 0.0250153 0.000637444 9.51569e-05
 0.672057 0.313119 0.00704639 0.00755634 0.000221223
 0.731852 0.186556 0.077934 0.00173914 0.00191873
 0.81393 0.139926 0.0321807 0.013337 0.000625702
 0.8326 0.138388 0.0218533 0.00499331 0.00216576
 0.396987 0.51036 0.0767 0.0120176 0.00393525
 0.822295 0.0732739 0.0884521 0.0132287 0.00275072
 0.721584 0.231306 0.0194753 0.0234071 0.00422764
 0.521316 0.350731 0.106382 0.00891887 0.0126526
 0.810642 0.100946 0.0648416 0.0195978 0.00397315
 0.771685 0.187076 0.0220295 0.0140895 0.00512055
 0.421144 0.451392 0.104509 0.0122631 0.0106915
 0.512038 0.210845 0.216256 0.0499018 0.0109585
 0.889389 0.058596 0.0225428 0.023001 0.00647126
pobs_PELACES
 0 0 0 0 0
 0 0 0 0 0
 0 0 0 0 0
 0 0 0 0 0
 0 0 0 0 0
 0 0 0 0 0
 0 0 0 0 0
 0 0 0 0 0
 0 0 0 0 0
 0 0 0 0 0
 0 0 0 0 0
 0 0 0 0 0
 0 0 0 0 0
 0 0 0 0 0
 0 0 0 0 0
 0 0 0 0 0
 0.505614 0.472636 0.0217494 0 0
 0 0 0 0 0
 0.443492 0.261883 0.143347 0.151278 0
 0.227955 0.32914 0.350689 0.0885471 0.00366901
 0.970185 0.0296113 0.000203453 0 0
 0.997202 0.00247181 0.000326279 0 0
 0.445219 0.490057 0.0546422 0.010081 0
 0.90214 0.0892962 0.00764917 0.000914606 0
 0 0 0 0 0
 0.581667 0.319106 0.0959925 0.00289975 0.000334073
 0.762889 0.0836404 0.116647 0.0363945 0.000428098
 0.88444 0.0763242 0.0277011 0.0115352 0
 0.521256 0.241999 0.230069 0.00667565 0
 0.616807 0.101726 0.260614 0.0208532 0
 0.833518 0.0704572 0.0857862 0.0102388 0
ppred_PELACES
 0.60254 0.126702 0.251385 0.0193723 7.64875e-07
 0.5507 0.279267 0.0542632 0.107487 0.00828275
 0.697166 0.173615 0.0803982 0.0155818 0.0332388
 0.807186 0.138306 0.0312887 0.0144482 0.00877207
 0.752365 0.203669 0.0315684 0.00711729 0.00528096
 0.84807 0.116458 0.0291815 0.00451618 0.00177355
 0.572716 0.367566 0.0458056 0.0114456 0.00246658
 0.550835 0.269358 0.15477 0.0192049 0.0058316
 0.678966 0.183191 0.0827151 0.0474529 0.00767564
 0.84408 0.109806 0.0263636 0.0118529 0.00789799
 0.900396 0.0855793 0.00989097 0.00236325 0.00177001
 0.841374 0.143984 0.0125836 0.00145169 0.000606575
 0.797057 0.173752 0.0265072 0.00230665 0.000377205
 0.780415 0.179287 0.0345245 0.00524212 0.00053063
 0.854528 0.117119 0.0231787 0.00443286 0.000740931
 0.968351 0.0275242 0.00332454 0.000654525 0.000146057
 0.451677 0.532683 0.0136082 0.00163746 0.000394235
 0.950801 0.0233574 0.025107 0.000639651 9.54853e-05
 0.674701 0.310671 0.0069545 0.00745567 0.000218272
 0.733853 0.185448 0.0770822 0.00171966 0.00189721
 0.813457 0.140424 0.0321655 0.0133278 0.000625264
 0.833863 0.137464 0.0215992 0.00493392 0.00213997
 0.393184 0.513822 0.0769846 0.0120602 0.00394917
 0.819522 0.0745379 0.0897322 0.0134182 0.0027901
 0.717459 0.234844 0.0197198 0.0236975 0.00428007
 0.514628 0.355841 0.107696 0.00902793 0.0128072
 0.807668 0.102663 0.0657652 0.0198741 0.00402911
 0.766989 0.191003 0.0224418 0.0143514 0.00521572
 0.414104 0.457088 0.105613 0.0123913 0.0108032
 0.509012 0.212549 0.217297 0.0501331 0.0110092
 0.888671 0.0590804 0.0226466 0.0231024 0.00649973
pobs_pel_tallas
 0 0 0 0 0 0 0 0 0 0 0 0 0 0 0 0 0 0 0 0 0 0 0 0 0 0
 0 0 0 0 0 0 0 0 0 0 0 0 0 0 0 0 0 0 0 0 0 0 0 0 0 0
 0 0 0 0 0 0 0 0 0 0 0 0 0 0 0 0 0 0 0 0 0 0 0 0 0 0
 0 0 0 0 0 0 0 0 0 0 0 0 0 0 0 0 0 0 0 0 0 0 0 0 0 0
 0 0 0 0 0 0 0 0 0 0 0 0 0 0 0 0 0 0 0 0 0 0 0 0 0 0
 0 0 0 0 0 0 0 0 0 0 0 0 0 0 0 0 0 0 0 0 0 0 0 0 0 0
 0 0 0 0 0 0 0 0 0 0 0 0 0 0 0 0 0 0 0 0 0 0 0 0 0 0
 0 0 0 0 0 0 0 0 0 0 0 0 0 0 0 0 0 0 0 0 0 0 0 0 0 0
 0 0 0 0 0 0 0 0 0 0 0 0 0 0 0 0 0 0 0 0 0 0 0 0 0 0
 0 0 0 0 0 0 0 0 0 0 0 0 0 0 0 0 0 0 0 0 0 0 0 0 0 0
 0 0 0 0 0 0 0 0 0 0 0 0 0 0 0 0 0 0 0 0 0 0 0 0 0 0
 0 0 0 0 0 0 0 0 0 0 0 0 0 0 0 0 0 0 0 0 0 0 0 0 0 0
 0.00862536 0 0 0.000197151 0.00414017 0.0128641 0.00837892 0.0270097 0.101434 0.158115 0.152841 0.127902 0.109271 0.109419 0.0830992 0.0579132 0.0238553 0.00714673 0.00463305 0.00128148 0.00103504 0.000492878 0.000147863 0.000147863 4.92878e-05 0
 0 0 0 0 0 0 0 0 0 0 0 0 0 0 0 0 0 0 0 0 0 0 0 0 0 0
 0 0 0 0 0 0 0 0.0054083 0.00873648 0.0413646 0.0450493 0.0745869 0.0622846 0.0627006 0.0613931 0.0827291 0.12552 0.122667 0.0946155 0.0697135 0.0546179 0.0294188 0.0215738 0.0213955 0.0102223 0.00600262
 0 0 0 0 0.00359764 0.0251062 0.0480494 0.140153 0.205849 0.193036 0.1447 0.116669 0.0760912 0.0342217 0.00950174 0.001854 0.000860785 0 0 0 0.000165536 0 0.000143464 0 0 0
 0 0 0 0 0 0 0 0.000145254 0.000435761 0.0275982 0.070085 0.0708112 0.156366 0.174668 0.174014 0.160142 0.0824315 0.0480064 0.0283245 0.00493863 0.00203355 0 0 0 0 0
 0 0 0 0 0 0 0 0 0 0 0 0 0 0 0 0 0 0 0 0 0 0 0 0 0 0
 0 0 1.00437e-05 0.000401748 0.00122533 0.00171747 0.00176769 0.0269171 0.070346 0.194647 0.189555 0.159765 0.064822 0.0314167 0.0384472 0.0292271 0.0345202 0.0313363 0.0194345 0.0106764 0.0143323 0.0359363 0.0279516 0.0138201 0.00172751 0
 0 0.0021121 0.0136068 0.0755702 0.200478 0.177729 0.0527432 0.0373336 0.0318909 0.0142505 0.0149659 0.0166563 0.0217959 0.0798694 0.0677717 0.0528807 0.04013 0.0224614 0.0357745 0.0225083 0.00881397 0.00855152 0.00135912 0.000746735 0 0
 0 0 0 0 5.4009e-05 0.00500934 0.000945158 0.0243581 0.138947 0.33067 0.221406 0.137944 0.0707744 0.0437923 0.0131692 0.00525238 0.0047753 0.00276346 9.45158e-05 9.00151e-06 2.25038e-05 9.00151e-06 4.50075e-06 0 0 0
 0.000866109 0.00284123 0.00948549 0.0512746 0.133035 0.25785 0.225252 0.132002 0.0553304 0.0519788 0.0540692 0.017754 0.00435017 0.00159236 0.00146478 0.000404838 0.000125132 0.000115318 0.000107957 0.000100596 0 0 0 0 0 0
 0 0 0 0 0.00144013 0.00171154 0.00461396 0.0210425 0.0478622 0.0707936 0.0888783 0.103762 0.0637923 0.0337046 0.0602308 0.124433 0.169614 0.0934646 0.0462172 0.0250306 0.0313229 0.00938855 0.002487 0.000210481 0 0
 0 0.00764035 0.051015 0.0998891 0.058973 0.0496711 0.0374665 0.0718981 0.12319 0.153886 0.159021 0.0857701 0.0377988 0.023471 0.0147837 0.00900784 0.00315554 0.000888139 0.00291439 0.00214683 0.00393193 0.00274676 0.000635225 9.99891e-05 0 0
 0 0 0 0 0 0 0 0 0 0 0 0 0 0 0 0 0 0 0 0 0 0 0 0 0 0
 0 0 0 0 0 0 0 0 0 0 0 0 0 0 0 0 0 0 0 0 0 0 0 0 0 0
 0 0 0 0 0 0 0 0 0 0 0 0 0 0 0 0 0 0 0 0 0 0 0 0 0 0
 0 0 0 0 0 0 0 0 0 0 0 0 0 0 0 0 0 0 0 0 0 0 0 0 0 0
 0 0 0 0 0 0 0 0 0 0 0 0 0 0 0 0 0 0 0 0 0 0 0 0 0 0
 0 0 0 0 0 0 0 0 0 0 0 0 0 0 0 0 0 0 0 0 0 0 0 0 0 0
 0 0 0 0 0 0 0 0 0 0 0 0 0 0 0 0 0 0 0 0 0 0 0 0 0 0
ppred_pel_tallas
 1.0923e-16 4.96305e-05 0.000482426 0.00320589 0.0145735 0.0453437 0.09661 0.141008 0.14102 0.0966716 0.0455517 0.0151789 0.00474302 0.00389594 0.00670202 0.0114424 0.0175033 0.0241404 0.0305491 0.0362334 0.0410726 0.0449637 0.0474201 0.0476048 0.0448442 0.0391895
 1.13819e-16 4.53605e-05 0.00044092 0.00293007 0.0133197 0.0414427 0.088299 0.128881 0.128908 0.0884308 0.0418855 0.0145997 0.00614653 0.00747431 0.0134397 0.0222485 0.0323006 0.0411979 0.046572 0.0474489 0.0448642 0.0411249 0.0382918 0.0370585 0.0367145 0.0359359
 1.09553e-16 5.74247e-05 0.000558188 0.00370936 0.0168622 0.0524647 0.111782 0.163153 0.16317 0.111864 0.0527412 0.0176623 0.00572236 0.00496857 0.00848095 0.0140554 0.0205402 0.0264672 0.0303827 0.0316398 0.0307588 0.0289871 0.0274277 0.0264352 0.0256495 0.0244601
 1.03872e-16 6.64868e-05 0.000646276 0.00429473 0.0195232 0.0607441 0.129422 0.188898 0.188912 0.129487 0.0609633 0.0201566 0.00588588 0.0041238 0.00668302 0.0109756 0.0158825 0.0201427 0.0225225 0.0224685 0.0204313 0.0175369 0.0148758 0.0129652 0.0117037 0.0106884
 1.02571e-16 6.19713e-05 0.000602383 0.00400305 0.0181973 0.0566186 0.120633 0.176071 0.176091 0.120729 0.0569408 0.0191279 0.00633928 0.00570326 0.00975204 0.0160309 0.0231035 0.0290886 0.0321113 0.0313083 0.0273348 0.0219073 0.0167637 0.012852 0.0102173 0.00841234
 1.01626e-16 6.98545e-05 0.00067901 0.00451226 0.0205121 0.0638208 0.135977 0.198465 0.198477 0.136032 0.0640054 0.0210455 0.00585206 0.00360698 0.00563989 0.0092375 0.0133564 0.0169126 0.0188471 0.0186652 0.0167128 0.0139134 0.0111859 0.00900892 0.00738345 0.00608133
 1.02982e-16 4.71739e-05 0.000458547 0.00304721 0.0138522 0.0430995 0.0918294 0.134035 0.134071 0.0920024 0.0436805 0.0155303 0.00725897 0.00965123 0.0175009 0.0288453 0.0415182 0.0521467 0.0573201 0.0554607 0.0477576 0.0373515 0.0274565 0.0198781 0.0147833 0.011418
 1.07449e-16 4.53716e-05 0.000441028 0.00293079 0.013323 0.0414528 0.0883206 0.128912 0.128938 0.0884484 0.0418826 0.0145667 0.00606163 0.00730506 0.0131674 0.0219208 0.0320953 0.0414479 0.0476833 0.0496864 0.0480712 0.0445379 0.0406139 0.036842 0.0329177 0.0283879
 1.08492e-16 5.59255e-05 0.000543616 0.00361252 0.016422 0.0510951 0.108864 0.158894 0.158912 0.108951 0.0513869 0.0172664 0.00573718 0.00519923 0.00894973 0.0148451 0.0217078 0.0280009 0.0321992 0.0336235 0.0328102 0.031038 0.0294066 0.0282158 0.0270348 0.0252288
 1.03315e-16 6.95257e-05 0.000675815 0.00449103 0.0204156 0.0635205 0.135337 0.197531 0.197542 0.135389 0.0636946 0.0209187 0.00575493 0.00343857 0.00532743 0.00872656 0.0126347 0.0160416 0.0179712 0.0179871 0.0164464 0.0142374 0.0122145 0.0107746 0.00982432 0.00903528
 1.00844e-16 7.41645e-05 0.000720905 0.00479067 0.0217777 0.0677585 0.144367 0.21071 0.210718 0.144407 0.0678938 0.0221683 0.00577104 0.00286054 0.00413617 0.00671652 0.00965887 0.0121269 0.0133229 0.0128815 0.0110837 0.00866702 0.00638543 0.00466191 0.00353184 0.00281001
 1.00649e-16 6.93029e-05 0.000673649 0.00447664 0.0203501 0.0633169 0.134904 0.196899 0.196913 0.134972 0.0635443 0.0210068 0.00612426 0.00426823 0.00688954 0.0112629 0.016177 0.0202559 0.0221465 0.0212229 0.0179575 0.013607 0.00947323 0.00631281 0.00423034 0.00294655
 1.01105e-16 6.56525e-05 0.000638166 0.00424084 0.0192782 0.0599819 0.127798 0.186529 0.186546 0.12788 0.0602567 0.0200719 0.00623318 0.00498758 0.00832623 0.0136613 0.019673 0.0247359 0.0272352 0.026417 0.0228249 0.0179175 0.01319 0.00948716 0.00690347 0.00512107
 1.01658e-16 6.42818e-05 0.000624842 0.0041523 0.0188757 0.0587295 0.12513 0.182635 0.182652 0.125215 0.0590133 0.0196956 0.00621093 0.00512097 0.00860936 0.014147 0.020409 0.0257379 0.0284837 0.0278756 0.0244623 0.0197137 0.0151176 0.0114877 0.00888007 0.00695713
 1.01269e-16 7.03864e-05 0.000684181 0.00454662 0.0206683 0.0643068 0.137013 0.199977 0.199988 0.137068 0.0644922 0.021204 0.00589176 0.00362226 0.0056551 0.00924996 0.0133466 0.0168426 0.0186617 0.0183034 0.0161274 0.0130913 0.0101605 0.00785612 0.00620294 0.00497058
 1.00194e-16 7.97618e-05 0.000775313 0.00515223 0.0234213 0.0728723 0.155262 0.22661 0.226613 0.155275 0.0729158 0.0235469 0.00546755 0.00146351 0.00138628 0.00216424 0.00310674 0.00389978 0.00428277 0.00413679 0.00355071 0.00276015 0.00200701 0.00142834 0.0010387 0.000783274
 1.0076e-16 3.72042e-05 0.000361638 0.00240321 0.0109247 0.033991 0.0724234 0.105715 0.105766 0.0726737 0.0348312 0.0133502 0.0084866 0.0136252 0.0251782 0.0414376 0.0593875 0.074046 0.0803618 0.0760058 0.0627926 0.0455328 0.0292706 0.0170236 0.00930563 0.0050691
 1.00811e-16 7.83162e-05 0.000761261 0.00505885 0.0229968 0.0715516 0.152448 0.222503 0.222505 0.152459 0.0715892 0.0231059 0.00533438 0.00136804 0.00124614 0.0019762 0.00293188 0.00387854 0.00462723 0.00507876 0.0052562 0.00524737 0.00511021 0.00483043 0.00436121 0.00369519
 1.01065e-16 5.55743e-05 0.000540202 0.00358983 0.0163189 0.0507742 0.108181 0.1579 0.157929 0.108327 0.0512643 0.0177335 0.00713803 0.00827658 0.0147209 0.0241768 0.0346544 0.043228 0.0469602 0.044506 0.0369368 0.0270634 0.0178178 0.0109297 0.00665245 0.0043255
 1.02766e-16 6.04466e-05 0.000587562 0.00390456 0.0177496 0.0552256 0.117665 0.171739 0.171757 0.117752 0.0555204 0.0186022 0.0060484 0.00527959 0.00900644 0.0148843 0.0216444 0.0276484 0.0312461 0.0316383 0.029293 0.0255242 0.0216076 0.018159 0.0151469 0.0123107
 1.02407e-16 6.70034e-05 0.000651297 0.0043281 0.0196749 0.0612161 0.130428 0.190366 0.19038 0.130494 0.0614386 0.0203179 0.00594319 0.00418071 0.00678082 0.0111326 0.0160982 0.0203877 0.0227328 0.0225501 0.020273 0.0170278 0.0139228 0.0115135 0.00975963 0.00833592
 1.01516e-16 6.86842e-05 0.000667635 0.00443667 0.0201685 0.0627517 0.1337 0.195141 0.195154 0.133764 0.0629691 0.0207966 0.00601352 0.0041105 0.00660906 0.010822 0.0155935 0.0196316 0.0216675 0.0211155 0.0184137 0.0147168 0.0111954 0.0084913 0.00664236 0.00535897
 1.04231e-16 3.23862e-05 0.000314805 0.00209199 0.00950992 0.0295892 0.0630447 0.0920259 0.0920754 0.0632867 0.0304018 0.0118571 0.0079839 0.0131775 0.0244625 0.0403937 0.0581924 0.0731887 0.0806296 0.0783034 0.0678366 0.0535553 0.0398768 0.0292698 0.0219597 0.0169403
 1.04427e-16 6.75029e-05 0.000656152 0.00436036 0.0198216 0.0616724 0.1314 0.191783 0.191791 0.131436 0.0617929 0.0201713 0.00524427 0.00260598 0.00382998 0.00637996 0.00954579 0.0127595 0.0154685 0.0173873 0.0185918 0.0193193 0.019662 0.0194478 0.0184001 0.0164065
 1.03731e-16 5.90962e-05 0.000574436 0.00381733 0.017353 0.0539919 0.115036 0.167903 0.167926 0.115147 0.0543629 0.0184246 0.00650656 0.00644315 0.0111997 0.0184094 0.0264882 0.0332651 0.0365802 0.0354656 0.0307369 0.024455 0.0186944 0.0145659 0.0120602 0.0105339
 1.06272e-16 4.23893e-05 0.000412039 0.00273815 0.0124472 0.0387282 0.0825158 0.120441 0.120476 0.0826838 0.0392928 0.014079 0.0068385 0.00937733 0.0171107 0.0283285 0.0410559 0.0521526 0.0584238 0.058366 0.053004 0.0450788 0.0372884 0.03099 0.0261263 0.0220026
 1.046e-16 6.65266e-05 0.000646662 0.0042973 0.0195349 0.0607804 0.129499 0.18901 0.18902 0.129548 0.0609445 0.0200101 0.00549427 0.00327362 0.00509671 0.00842863 0.0123892 0.0161149 0.0187644 0.0199435 0.0198955 0.0192384 0.0184776 0.0177055 0.0166819 0.0151376
 1.03019e-16 6.31759e-05 0.000614092 0.00408086 0.018551 0.0577191 0.122977 0.179493 0.179511 0.123067 0.0580211 0.0194232 0.00626997 0.00539265 0.00913788 0.0150058 0.0216099 0.0271792 0.0299596 0.0291576 0.0254177 0.0203869 0.0157225 0.0123124 0.0101579 0.00876829
 1.06236e-16 3.41093e-05 0.000331555 0.0022033 0.0100159 0.0311635 0.0663987 0.0969201 0.0969642 0.0666143 0.0318876 0.0121083 0.00745842 0.0118136 0.02187 0.036178 0.0522899 0.0661244 0.0735228 0.0725404 0.0645575 0.0532495 0.0422962 0.0336452 0.0273395 0.0224732
 1.13216e-16 4.19267e-05 0.000407543 0.00270826 0.0123114 0.0383054 0.0816145 0.119123 0.119144 0.0817162 0.0386479 0.0133046 0.0052163 0.00593209 0.0106796 0.0179704 0.0267761 0.0355466 0.0426862 0.0474101 0.0500527 0.0514908 0.0522121 0.0518759 0.0496864 0.0451399
 1.04086e-16 7.31986e-05 0.000711517 0.00472828 0.0214941 0.0668761 0.142487 0.207965 0.207971 0.142515 0.0669702 0.0217662 0.00541301 0.00221177 0.00293902 0.00478766 0.0069983 0.00903845 0.0104282 0.0109738 0.0108804 0.0105887 0.0104597 0.0105584 0.0106716 0.0104944
pSPR Fmed_Fpbrs
0.459592   0.243532 0.243532
Fs Fmed_Fpbrs
0.490261   1.005 1.005
SSBpbr Bo_Bmed_Bpbrs
1.34581e+06  551234  260458 260458
Ro
120165
SPR SPRFo_SPRFmed_SPRFpbrs
857691 394188 208876
Fref
1.005
Nvult_r0
 134287 9949.87 3862.05 3942.44 1109.22
CTP_r0
 31291.4 3057.93 1207.2 1233.44 347.05
YTP_r0
391283
Np
 149010 28035.4 6914.62 414.578 179.742
Nvult_p0
 120975 24161.8 5982.21 358.747 155.538
CTP_p0
 48558.7 21339.8 1332.33 510.187 641.851
 48558.7 11954.5 2996.5 179.814 77.9626
YTP_p0
 765614 628260
CBA_c0
724408
log_Ro
11.5166
likeval ReclasPelacesDesembMPH_pf_preclas_ppelaces_ptallas_desvR_qrecl_qpela
 11.8702 16.8996 0.0188682 0.000829437 241.926 116.402 100.397 0 25.2038 1.29426e-05 2.94037e-05 0.0790563 0 0 0
q_reclas_q_pelaces
1.66495 2.16292
M
1
N
 157639 33566.4 66954.3 5161.14 0.20378
 89231.6 48572.1 9531.99 18891.4 1455.79
 88432.3 23604.4 11038.6 2140.5 4566.2
 119245 23482.4 5394.35 2493.01 1513.67
 96352.2 26379.5 4110.27 926.948 687.797
 205898 29784.4 7526.52 1165.35 457.655
 73173 57212.2 7273.01 1819.28 392.088
 28667.8 13898.3 8015.16 994.774 302.068
 30230.5 9335.85 4279.01 2456.82 397.414
 41261.2 6759.91 1659.96 747.217 497.928
 75408.9 7185.1 834.211 199.367 149.322
 118867 23855.1 2120.37 244.837 102.308
 99026.1 24944.1 3865.76 336.684 55.0601
 69716.2 21599.9 4277.11 650.406 65.8422
 59671.2 10148.7 2051.85 392.862 65.669
 329156 10800.4 1325.12 261.106 58.2684
 56226.6 71979.9 1858.82 223.8 53.884
 551334 14443.9 15672.6 399.495 59.6372
 287683 148351 3365.28 3610.38 105.701
 242519 68104.2 28668.4 640.013 706.118
 315439 58591.3 13557.4 5620.61 263.693
 453163 82917.4 13193.3 3015.79 1308.07
 80548.3 109824 16581.6 2598.72 850.98
 244372 22951.9 27821.3 4161.84 865.404
 211861 71534.4 6047.68 7270.23 1313.12
 88625.6 62193.4 18926.9 1587.08 2251.51
 206853 27147.2 17510 5293.45 1073.17
 239386 60578.1 7157.65 4578.68 1664.05
 65574.7 73087.2 16973.8 1992.04 1736.77
 46439.7 20355.4 20980.8 4842.66 1063.47
 184333 13024.3 5038.34 5142.27 1446.79
pred_Ctot
 16422 4942.41 10077.6 777.735 0.0307096
 16276.1 12201.3 2442.77 4846.47 373.493
 15967.6 5873.29 2802.21 543.957 1160.46
 31307.7 8256.37 1930.85 893.193 542.345
 9867.42 3820.57 608.547 137.401 101.958
 32580.3 6543.74 1688.03 261.649 102.761
 23589.8 24165.9 3122.41 781.718 168.482
 2100.69 1453.81 857.705 106.58 32.3656
 7800.99 3231.42 1507.99 866.647 140.195
 14580.8 3093.52 771.443 347.542 231.603
 6760.56 914.742 108.603 25.9859 19.4642
 33768.5 9005.19 814.394 94.1238 39.3325
 26578 8946.75 1411.33 123.033 20.1214
 28656.9 11243.7 2257.39 343.525 34.7772
 20279.2 4489.46 922.11 176.702 29.538
 87997.3 3860.07 482.079 95.0801 21.2191
 11040.2 19371.6 510.168 61.4878 14.8051
 96008.2 3473.64 3846.04 98.1409 14.6514
 67180.4 46873.8 1083.32 1163.37 34.0619
 54446.3 20752.9 8902.45 198.944 219.504
 58494 14947.5 3528.23 1464.28 68.7011
 101103 25121.9 4073.56 932.096 404.31
 11719.5 22280.7 3435.18 538.971 176.502
 32149 4229.8 5237.48 784.372 163.11
 27557.8 13040.8 1126.26 1355.48 244.835
 9516.62 9429.46 2933.14 246.24 349.349
 27166.2 4994.68 3290.91 996.002 201.938
 26130.7 9331.16 1126.89 721.698 262.306
 6565.23 10356.1 2458.8 288.903 251.896
 7131.72 4347.07 4574.45 1057.01 232.139
 31291.4 3057.93 1207.2 1233.44 347.05
F
 0.177258 0.258873 0.265302 0.265649 0.265668
 0.329802 0.481654 0.493616 0.494262 0.494296
 0.325986 0.476081 0.487904 0.488543 0.488577
 0.508591 0.742763 0.76121 0.762206 0.762258
 0.174027 0.254155 0.260467 0.260808 0.260826
 0.280611 0.409814 0.419991 0.420541 0.42057
 0.661059 0.965433 0.98941 0.990705 0.990773
 0.121912 0.178044 0.182466 0.182705 0.182717
 0.497842 0.727065 0.745122 0.746097 0.746148
 0.747914 1.09228 1.11941 1.12087 1.12095
 0.150928 0.22042 0.225894 0.22619 0.226206
 0.561366 0.819838 0.840199 0.841298 0.841356
 0.522694 0.763359 0.782318 0.783342 0.783395
 0.927088 1.35395 1.38758 1.38939 1.38949
 0.709271 1.03584 1.06157 1.06296 1.06303
 0.520145 0.759637 0.778502 0.779521 0.779575
 0.35912 0.52447 0.537495 0.538199 0.538236
 0.312756 0.45676 0.468103 0.468716 0.468748
 0.440821 0.643789 0.659778 0.660641 0.660687
 0.420495 0.614105 0.629356 0.63018 0.630223
 0.33612 0.49088 0.503071 0.50373 0.503764
 0.417375 0.609548 0.624687 0.625504 0.625547
 0.255455 0.373074 0.38234 0.38284 0.382866
 0.228512 0.333727 0.342015 0.342462 0.342486
 0.225681 0.329591 0.337777 0.338219 0.338242
 0.183147 0.267473 0.274116 0.274475 0.274494
 0.228078 0.333092 0.341365 0.341812 0.341835
 0.186424 0.272259 0.279021 0.279386 0.279406
 0.169845 0.248048 0.254208 0.254541 0.254558
 0.271337 0.396269 0.406111 0.406642 0.40667
 0.303812 0.443697 0.454716 0.455311 0.455343
YTP_r0W_actual
 259719 43116.9 33318.8 42183.6 12944.9
YTP_p0W_proyectada
 363705 334394 30816.7 14984.2 21713.8
 363705 187327 69309 5281.15 2637.48
CTP_r0_actual
 31291.4 3057.93 1207.2 1233.44 347.05
CTP_p0_proyectada
 48558.7 21339.8 1332.33 510.187 641.851
 48558.7 11954.5 2996.5 179.814 77.9626
Wmedp
 7.49 15.67 23.13 29.37 33.83
Frms_r0
 0.303812 0.443697 0.454716 0.455311 0.455343
Zrms_r0
 1.30381 1.4437 1.45472 1.45531 1.45534
nmprior
 8.19 8.8 8.5 0
nm_flota  nm_reclas  nm_pelaces    nm_pelaL
inf 15.9091 18.7993 45.3299
cv_recla  cv_pelaces  cv_mph
0.311641 0.466133 0.888785
 ------------------------------------------------
Talla a la edad & desviaci?n 
 8 13.2811 15.8009 17.003 17.5766
 0.8 1.32811 1.58009 1.7003 1.75766
