    unsorted:	 6.502847687e-06 0.001099982005 8.569087302 14.34152196 14.24880760 5.072351172 31.89058655 28.44329998 71.15351267 90.60930828 141.1370750 168.3716666 214.1369261 244.6516231 281.8911957 324.1665472 358.3582322 602.8269699 603.4641092 595.2671959 610.6667841 577.9508474 623.2649280 550.6037478 535.7788502 408.5905336 446.3371565 497.1667048 672.8954417 698.8896915 724.7219199 773.9175110 777.6273967 837.3146326 858.6999776 965.5825285 1123.531902 1145.053049 1183.998168 1320.705920 1440.196842 1565.664669 2016.494677 8147.678505 37866.74415 233549.2757 229968.5346 239152.3147 243464.1162 217768.7158 213292.9205 262691.1222 271193.5462 150195.1835 300705.8564 316956.8085 481295.9573 561354.0678 1018380.510 1174424.219 1194073.280 1309776.359 1361217.207 1584588.369 1695068.894 1871797.261 2120684.045 2248168.659 2609714.323 2954984.073 3149341.848 3387596.476 3473308.685 4279761.125 4661944.543 5017855.692 8158481.343
      sorted:	 6.502847687e-06 0.001099982005 5.072351172 8.569087302 14.24880760 14.34152196 28.44329998 31.89058655 71.15351267 90.60930828 141.1370750 168.3716666 214.1369261 244.6516231 281.8911957 324.1665472 358.3582322 408.5905336 446.3371565 497.1667048 535.7788502 550.6037478 577.9508474 595.2671959 602.8269699 603.4641092 610.6667841 623.2649280 672.8954417 698.8896915 724.7219199 773.9175110 777.6273967 837.3146326 858.6999776 965.5825285 1123.531902 1145.053049 1183.998168 1320.705920 1440.196842 1565.664669 2016.494677 8147.678505 37866.74415 150195.1835 213292.9205 217768.7158 229968.5346 233549.2757 239152.3147 243464.1162 262691.1222 271193.5462 300705.8564 316956.8085 481295.9573 561354.0678 1018380.510 1174424.219 1194073.280 1309776.359 1361217.207 1584588.369 1695068.894 1871797.261 2120684.045 2248168.659 2609714.323 2954984.073 3149341.848 3387596.476 3473308.685 4279761.125 4661944.543 5017855.692 8158481.343
