years
 1991 1992 1993 1994 1995 1996 1997 1998 1999 2000 2001 2002 2003 2004 2005 2006 2007 2008 2009 2010 2011 2012 2013 2014 2015 2016 2017 2018 2019 2020 2021
reclasobs
 0 0 0 0 0 0 0 0 0 252601 567819 844713 477998 351125 339783 2.1784e+06 2.13404e+06 4.81314e+06 1.55562e+06 2.62356e+06 3.21686e+06 3.843e+06 1.13348e+06 3.07943e+06 1.97215e+06 2.03268e+06 2.025e+06 2.42433e+06 2.27542e+06 1.05018e+06 2.36338e+06
reclaspred
 3.80102e+06 2.14545e+06 1.09265e+06 1.19242e+06 1.24578e+06 1.90774e+06 1.23314e+06 1.08591e+06 766992 535444 562380 700275 686320 537206 549438 1.45533e+06 1.43049e+06 3.15949e+06 2.61659e+06 1.97404e+06 3.48993e+06 2.82145e+06 2.26214e+06 3.44472e+06 2.58873e+06 2.31884e+06 2.74704e+06 2.88778e+06 2.37754e+06 1.53906e+06 2.2214e+06
pelacesobs
 0 0 0 0 0 0 0 0 0 0 0 0 0 0 0 552880 188675 0 991730 2.46772e+06 1.41603e+06 1.21717e+06 2.29649e+06 1.80582e+06 0 1.4828e+06 1.56532e+06 1.57751e+06 1.42118e+06 867257 1.10002e+06
pelacespred
 1.75029e+06 1.10081e+06 561793 503893 543656 864769 531822 563569 389453 257225 278478 285006 305757 251189 264897 584752 576239 1.4634e+06 1.25398e+06 875233 1.50301e+06 1.31853e+06 1.05623e+06 1.75774e+06 1.27382e+06 1.1382e+06 1.53461e+06 1.59303e+06 1.07944e+06 790793 1.14539e+06
mphobs
 0 0 0 0 0 0 0 0 0 0 0 498337 0 5186 125008 0 168611 109162 213762 579715 649985 157893 87575 83554 0 0 0 0 0 0 0
mphpred
 3.30243e+06 2.22264e+06 1.11835e+06 615840 753287 882616 1.12866e+06 725155 628888 419711 264235 377537 392829 332043 225336 290545 963491 936824 1.79647e+06 1.36772e+06 1.48463e+06 1.83156e+06 1.72886e+06 1.44375e+06 1.98366e+06 1.63951e+06 1.36887e+06 1.45473e+06 2.00554e+06 1.38018e+06 863425
desembarqueobs
 494567 514787 250237 358949 120608 361735 552515 73892 212993 205616 52469 317467 293654 387597 252695 516296 358380 742168 942051 627588 828172 859565 418607 520667 417249 300574 415391 372974 316634 284311 391294
desembarquepred
 494576 513269 251072 358975 120613 361756 552600 73896.6 213053 205675 52472 317552 293719 387656 252697 516268 358407 742083 941876 627475 828255 859608 418623 520697 417255 300578 415395 372962 316631 284323 391300
Reclutas
 207135 116853 115257 226530 179464 279816 117275 54083.4 47058.6 59946 106622 144678 122757 86711.7 86361.4 467937 105252 703633 422930 329118 475109 633195 139502 388896 332919 154371 335511 371434 115791 87799.2 323533
log_desv_Rt
 0.124654 -0.447795 -0.461547 0.214163 -0.01874 0.425417 -0.444195 -1.21819 -1.35732 -1.11527 -0.539427 -0.234207 -0.398506 -0.746126 -0.750173 0.939619 -0.55236 1.34754 0.838491 0.587702 0.954829 1.24206 -0.270635 0.754596 0.599183 -0.169358 0.606941 0.708656 -0.456932 -0.733662 0.570586
SSB
 3.30243e+06 2.22264e+06 1.11835e+06 615840 753287 882616 1.12866e+06 725155 628888 419711 264235 377537 392829 332043 225336 290545 963491 936824 1.79647e+06 1.36772e+06 1.48463e+06 1.83156e+06 1.72886e+06 1.44375e+06 1.98366e+06 1.63951e+06 1.36887e+06 1.45473e+06 2.00554e+06 1.38018e+06 863425
BT
 4.45231e+06 3.04507e+06 1.54448e+06 1.46149e+06 1.34669e+06 2.30004e+06 1.72376e+06 1.36335e+06 1.11023e+06 793069 688222 925136 972635 982993 864149 1.76637e+06 1.60793e+06 4.0293e+06 3.79831e+06 2.57814e+06 4.13966e+06 3.84181e+06 2.80049e+06 4.5381e+06 3.32131e+06 2.89066e+06 3.96274e+06 4.04781e+06 2.7502e+06 2.09765e+06 3.01776e+06
Ftot
 0.127302 0.230286 0.223028 0.308369 0.098467 0.19654 0.430042 0.0686631 0.276664 0.378823 0.0992477 0.456783 0.430763 0.712521 0.479675 0.383979 0.247786 0.250906 0.360813 0.320634 0.244121 0.310444 0.182763 0.159515 0.162421 0.13005 0.158771 0.136797 0.129581 0.181736 0.18817
BD_Bspro_t
 0.979838 0.852585 0.699275 0.615243 0.629543 0.704957 0.693151 0.546146 0.597934 0.548815 0.504906 0.677597 0.553385 0.462208 0.355397 0.416639 0.595122 0.574451 0.663875 0.570197 0.544455 0.592607 0.606589 0.602352 0.703298 0.712081 0.721794 0.755453 0.795881 0.734476 0.673215
BD_Bspro
 2.53026 1.70294 0.856856 0.471844 0.577153 0.676242 0.864759 0.555599 0.481841 0.321574 0.202451 0.289261 0.300977 0.254404 0.172648 0.222609 0.738207 0.717775 1.37642 1.04792 1.1375 1.40331 1.32461 1.10617 1.51984 1.25616 1.0488 1.11459 1.5366 1.05746 0.661539
BD_Bo
 1.71295 1.15287 0.58008 0.319432 0.390725 0.457807 0.585431 0.376133 0.3262 0.217702 0.137057 0.195826 0.203758 0.172229 0.11688 0.150704 0.499756 0.485924 0.931819 0.709427 0.77007 0.950021 0.896746 0.748863 1.02891 0.850403 0.710023 0.754561 1.04026 0.715888 0.447853
BD_Brms
 11.0699 7.45037 3.74874 2.06431 2.52504 2.95856 3.78332 2.43074 2.10805 1.40689 0.885723 1.26552 1.31677 1.11302 0.755332 0.973915 3.22965 3.14026 6.02184 4.58464 4.97654 6.13946 5.79518 4.83949 6.64931 5.49569 4.58849 4.87632 6.72263 4.62639 2.89423
Sel_flota
 0.830348 1 1 1 1
 0.830348 1 1 1 1
 0.830348 1 1 1 1
 0.830348 1 1 1 1
 0.830348 1 1 1 1
 0.830348 1 1 1 1
 0.830348 1 1 1 1
 0.830348 1 1 1 1
 0.830348 1 1 1 1
 0.830348 1 1 1 1
 0.830348 1 1 1 1
 0.830348 1 1 1 1
 0.830348 1 1 1 1
 0.830348 1 1 1 1
 0.830348 1 1 1 1
 0.830348 1 1 1 1
 0.830348 1 1 1 1
 0.830348 1 1 1 1
 0.830348 1 1 1 1
 0.830348 1 1 1 1
 0.830348 1 1 1 1
 0.830348 1 1 1 1
 0.830348 1 1 1 1
 0.830348 1 1 1 1
 0.830348 1 1 1 1
 0.830348 1 1 1 1
 0.830348 1 1 1 1
 0.830348 1 1 1 1
 0.830348 1 1 1 1
 0.830348 1 1 1 1
 0.830348 1 1 1 1
Sel_reclas
 1 1 1 1 1
 1 1 1 1 1
 1 1 1 1 1
 1 1 1 1 1
 1 1 1 1 1
 1 1 1 1 1
 1 1 1 1 1
 1 1 1 1 1
 1 1 1 1 1
 1 1 1 1 1
 1 1 1 1 1
 1 1 1 1 1
 1 1 1 1 1
 1 1 1 1 1
 1 1 1 1 1
 1 1 1 1 1
 1 1 1 1 1
 1 1 1 1 1
 1 1 1 1 1
 1 1 1 1 1
 1 1 1 1 1
 1 1 1 1 1
 1 1 1 1 1
 1 1 1 1 1
 1 1 1 1 1
 1 1 1 1 1
 1 1 1 1 1
 1 1 1 1 1
 1 1 1 1 1
 1 1 1 1 1
 1 1 1 1 1
Sel_pelaces
 1 1 1 1 1
 1 1 1 1 1
 1 1 1 1 1
 1 1 1 1 1
 1 1 1 1 1
 1 1 1 1 1
 1 1 1 1 1
 1 1 1 1 1
 1 1 1 1 1
 1 1 1 1 1
 1 1 1 1 1
 1 1 1 1 1
 1 1 1 1 1
 1 1 1 1 1
 1 1 1 1 1
 1 1 1 1 1
 1 1 1 1 1
 1 1 1 1 1
 1 1 1 1 1
 1 1 1 1 1
 1 1 1 1 1
 1 1 1 1 1
 1 1 1 1 1
 1 1 1 1 1
 1 1 1 1 1
 1 1 1 1 1
 1 1 1 1 1
 1 1 1 1 1
 1 1 1 1 1
 1 1 1 1 1
 1 1 1 1 1
pf_obs 
 0.8446 0.082 0.0669 0.0065 0
 0.8095 0.147 0.0364 0.0071 0
 0.9664 0.0169 0.016 0.0007 0
 0.9276 0.0648 0.0075 0.0001 0
 0.7033 0.2144 0.0806 0.0017 0
 0.9318 0.0425 0.0243 0.0014 0
 0.5671 0.3108 0.0964 0.0239 0.0018
 0.0768 0.2599 0.5324 0.112 0.0189
 0.490249 0.384438 0.106611 0.0170017 0.00170017
 0.7925 0.1577 0.0466 0.003 0.0002
 0.840416 0.127587 0.0312969 0.00059994 9.999e-05
 0.8084 0.0986 0.0794 0.0134 0.0002
 0.7335 0.1905 0.0724 0.0035 0.0001
 0.4001 0.4547 0.1325 0.0127 0
 0.49795 0.308269 0.164784 0.0264974 0.00249975
 0.9179 0.0499 0.0305 0.0017 0
 0.2467 0.6533 0.0926 0.0074 0
 0.9418 0.0223 0.034 0.0019 0
 0.707729 0.231977 0.0356964 0.0245975 0
 0.517169 0.277429 0.184464 0.0207286 0.00020938
 0.811772 0.124168 0.05621 0.00726502 0.000585176
 0.764997 0.148141 0.077277 0.00933861 0.000247198
 0.163321 0.427699 0.378323 0.0303852 0.000271297
 0.753843 0.0900009 0.118128 0.0371064 0.000921714
 0.721811 0.176058 0.0630433 0.0369309 0.00215725
 0.143369 0.312575 0.442814 0.0836902 0.0175525
 0.692698 0.0596174 0.167031 0.0765114 0.00414204
 0.394062 0.376323 0.152708 0.0712218 0.00568511
 0.125707 0.32114 0.495352 0.0537591 0.00404204
 0.23352 0.215282 0.420074 0.123614 0.00750983
 0.796117 0.104755 0.0508955 0.0450114 0.00322123
pf_pred 
 0.458033 0.115075 0.404157 0.0227343 7.80942e-07
 0.421888 0.293451 0.0604415 0.212278 0.0119413
 0.564478 0.20626 0.116374 0.0239693 0.0889189
 0.77019 0.141307 0.0419144 0.0236486 0.0229402
 0.652252 0.28043 0.0413929 0.012278 0.0136473
 0.729082 0.188352 0.0665833 0.00982803 0.00615549
 0.467963 0.408481 0.0859 0.0303661 0.00728948
 0.43996 0.294327 0.204006 0.0429007 0.0188062
 0.508232 0.239913 0.132362 0.0917433 0.0277501
 0.675635 0.182118 0.0693965 0.0382865 0.0345643
 0.800097 0.144507 0.0311023 0.0118516 0.0124415
 0.739771 0.215883 0.0320566 0.00689955 0.00538905
 0.692471 0.240537 0.0555759 0.00825248 0.00316351
 0.637983 0.267642 0.0738163 0.0170552 0.00350335
 0.744731 0.177699 0.0573484 0.0158168 0.00440514
 0.936318 0.0501153 0.00944378 0.00304778 0.0010747
 0.402494 0.566745 0.0242078 0.00456175 0.00199133
 0.895427 0.0474907 0.0541436 0.00231268 0.000626044
 0.609942 0.356371 0.0152985 0.0174417 0.000946672
 0.615671 0.25425 0.118845 0.00510184 0.00613225
 0.742219 0.171675 0.0569626 0.0266261 0.0025169
 0.745924 0.198293 0.0371501 0.0123266 0.00630649
 0.338402 0.519318 0.111042 0.0208036 0.0104343
 0.740582 0.100019 0.12512 0.0267535 0.0075262
 0.634277 0.284337 0.0313781 0.039253 0.0107543
 0.451028 0.373194 0.136661 0.0150813 0.024035
 0.734466 0.132929 0.0901458 0.0330107 0.00944861
 0.689603 0.239608 0.0354379 0.0240322 0.0113193
 0.367548 0.462099 0.131502 0.0194491 0.0194017
 0.444645 0.230404 0.237425 0.0675651 0.0199613
 0.829194 0.084631 0.0357518 0.0368412 0.0135815
pobs_RECLAS
 0 0 0 0 0
 0 0 0 0 0
 0 0 0 0 0
 0 0 0 0 0
 0 0 0 0 0
 0 0 0 0 0
 0 0 0 0 0
 0 0 0 0 0
 0 0 0 0 0
 0 0 0 0 0
 0.991045 0.00858322 0.000360255 1.14367e-05 0
 0.934742 0.0480273 0.0164251 0.00080598 0
 0.827803 0.169806 0.00239088 0 0
 0.941827 0.0461693 0.0120037 0 0
 0.791401 0.0380133 0.147996 0.0225897 0
 0.846168 0.0940531 0.0597789 0 0
 0.134021 0.677848 0.182769 0.00536245 0
 0.80878 0.0450904 0.141981 0.00414843 0
 0.846168 0.0940531 0.0597789 0 0
 0.905697 0.0802665 0.012482 0.00150086 5.37128e-05
 0.989698 0.0102097 9.19794e-05 0 0
 0.975433 0.0193895 0.00387452 0.00125025 5.28907e-05
 0.303575 0.632131 0.0575291 0.00676475 0
 0.966965 0.00978017 0.0227588 0.000495775 0
 0.843318 0.132988 0.00938335 0.0141283 0.000182051
 0.564624 0.303363 0.111486 0.0197234 0.00080311
 0.826376 0.0876187 0.0782897 0.00655872 0.00115652
 0.89761 0.0855135 0.0140674 0.00269457 0.000114338
 0.34875 0.467042 0.161289 0.0227151 0.000203297
 0.318654 0.224769 0.449479 0.00709798 0
 0.937255 0.0296025 0.0250945 0.00804832 0
ppred_RECLAS
 0.504903 0.105123 0.369205 0.0207682 7.13404e-07
 0.468724 0.269677 0.0555448 0.19508 0.0109738
 0.610395 0.184513 0.104105 0.0214422 0.0795441
 0.802301 0.121562 0.0360578 0.0203442 0.0197348
 0.693461 0.247198 0.0364877 0.010823 0.01203
 0.764783 0.163531 0.057809 0.0085329 0.00534433
 0.516443 0.37126 0.0780726 0.0275991 0.00662524
 0.486403 0.269919 0.187088 0.039343 0.0172466
 0.555673 0.216769 0.119593 0.0828928 0.025073
 0.716405 0.159227 0.060674 0.0334742 0.0302199
 0.828398 0.124049 0.0266991 0.0101738 0.0106802
 0.775487 0.186254 0.027657 0.00595262 0.00464943
 0.732204 0.209459 0.0483954 0.00718625 0.00275478
 0.683188 0.234221 0.0645989 0.0149255 0.00306589
 0.780066 0.153101 0.04941 0.0136274 0.00379536
 0.946904 0.041785 0.00787399 0.00254116 0.000896055
 0.448934 0.522696 0.0223263 0.0042072 0.00183656
 0.911942 0.0399905 0.0455928 0.00194744 0.000527174
 0.654657 0.315518 0.0135448 0.0154422 0.000838149
 0.659896 0.224994 0.105169 0.00451477 0.00542661
 0.776878 0.148593 0.0493039 0.0230462 0.0021785
 0.780466 0.171334 0.0320994 0.0106507 0.00544909
 0.381883 0.485188 0.103744 0.0194364 0.00974855
 0.775117 0.0867035 0.108463 0.0231919 0.00652426
 0.6768 0.251278 0.0277298 0.034689 0.00950391
 0.497852 0.341363 0.125005 0.0137949 0.021985
 0.76956 0.115361 0.0782318 0.0286479 0.00819985
 0.728357 0.209692 0.0310133 0.0210316 0.00990606
 0.412211 0.429466 0.122215 0.0180756 0.0180315
 0.491628 0.210912 0.217338 0.0618491 0.0182726
 0.854319 0.072182 0.0304929 0.031422 0.0115837
pobs_PELACES
 0 0 0 0 0
 0 0 0 0 0
 0 0 0 0 0
 0 0 0 0 0
 0 0 0 0 0
 0 0 0 0 0
 0 0 0 0 0
 0 0 0 0 0
 0 0 0 0 0
 0 0 0 0 0
 0 0 0 0 0
 0 0 0 0 0
 0 0 0 0 0
 0 0 0 0 0
 0 0 0 0 0
 0 0 0 0 0
 0.505614 0.472636 0.0217494 0 0
 0 0 0 0 0
 0.443492 0.261883 0.143347 0.151278 0
 0.227955 0.32914 0.350689 0.0885471 0.00366901
 0.970185 0.0296113 0.000203453 0 0
 0.997202 0.00247181 0.000326279 0 0
 0.445219 0.490057 0.0546422 0.010081 0
 0.90214 0.0892962 0.00764917 0.000914606 0
 0 0 0 0 0
 0.581667 0.319106 0.0959925 0.00289975 0.000334073
 0.762889 0.0836404 0.116647 0.0363945 0.000428098
 0.88444 0.0763242 0.0277011 0.0115352 0
 0.521256 0.241999 0.230069 0.00667565 0
 0.616807 0.101726 0.260614 0.0208532 0
 0.833518 0.0704572 0.0857862 0.0102388 0
ppred_PELACES
 0.506685 0.104745 0.367876 0.0206934 7.10837e-07
 0.471936 0.268047 0.055209 0.193901 0.0109075
 0.613361 0.183109 0.103312 0.021279 0.0789387
 0.805025 0.119887 0.0355609 0.0200639 0.0194629
 0.694632 0.246254 0.0363484 0.0107817 0.0119841
 0.766757 0.162159 0.057324 0.0084613 0.00529949
 0.522453 0.366646 0.0771023 0.0272561 0.0065429
 0.487363 0.269414 0.186738 0.0392694 0.0172144
 0.559494 0.214905 0.118564 0.08218 0.0248574
 0.720694 0.156819 0.0597564 0.032968 0.0297628
 0.829186 0.123479 0.0265764 0.010127 0.0106311
 0.779908 0.182587 0.0271123 0.0058354 0.00455787
 0.736906 0.205781 0.0475456 0.00706006 0.00270641
 0.691759 0.227885 0.0628513 0.0145218 0.00298295
 0.784639 0.149918 0.0483827 0.0133441 0.00371645
 0.947974 0.0409425 0.00771525 0.00248993 0.000877989
 0.452368 0.519439 0.0221872 0.00418098 0.00182511
 0.913064 0.0394812 0.0450121 0.00192264 0.000520459
 0.659209 0.311359 0.0133662 0.0152387 0.0008271
 0.663913 0.222336 0.103927 0.00446144 0.00536251
 0.779238 0.147021 0.0487824 0.0228024 0.00215546
 0.78343 0.169022 0.0316661 0.010507 0.00537554
 0.384302 0.483289 0.103338 0.0193603 0.00971041
 0.77667 0.0861048 0.107714 0.0230317 0.00647921
 0.678786 0.249734 0.0275594 0.0344759 0.00944551
 0.499672 0.340126 0.124552 0.0137449 0.0219053
 0.771132 0.114574 0.0776979 0.0284524 0.00814389
 0.72987 0.208524 0.0308406 0.0209145 0.0098509
 0.41397 0.428181 0.12185 0.0180215 0.0179776
 0.494171 0.209857 0.216251 0.0615397 0.0181812
 0.855626 0.0715348 0.0302194 0.0311402 0.0114798
pobs_pel_tallas
 0 0 0 0 0 0 0 0 0 0 0 0 0 0 0 0 0 0 0 0 0 0 0 0 0 0
 0 0 0 0 0 0 0 0 0 0 0 0 0 0 0 0 0 0 0 0 0 0 0 0 0 0
 0 0 0 0 0 0 0 0 0 0 0 0 0 0 0 0 0 0 0 0 0 0 0 0 0 0
 0 0 0 0 0 0 0 0 0 0 0 0 0 0 0 0 0 0 0 0 0 0 0 0 0 0
 0 0 0 0 0 0 0 0 0 0 0 0 0 0 0 0 0 0 0 0 0 0 0 0 0 0
 0 0 0 0 0 0 0 0 0 0 0 0 0 0 0 0 0 0 0 0 0 0 0 0 0 0
 0 0 0 0 0 0 0 0 0 0 0 0 0 0 0 0 0 0 0 0 0 0 0 0 0 0
 0 0 0 0 0 0 0 0 0 0 0 0 0 0 0 0 0 0 0 0 0 0 0 0 0 0
 0 0 0 0 0 0 0 0 0 0 0 0 0 0 0 0 0 0 0 0 0 0 0 0 0 0
 0 0 0 0 0 0 0 0 0 0 0 0 0 0 0 0 0 0 0 0 0 0 0 0 0 0
 0 0 0 0 0 0 0 0 0 0 0 0 0 0 0 0 0 0 0 0 0 0 0 0 0 0
 0 0 0 0 0 0 0 0 0 0 0 0 0 0 0 0 0 0 0 0 0 0 0 0 0 0
 0.00862536 0 0 0.000197151 0.00414017 0.0128641 0.00837892 0.0270097 0.101434 0.158115 0.152841 0.127902 0.109271 0.109419 0.0830992 0.0579132 0.0238553 0.00714673 0.00463305 0.00128148 0.00103504 0.000492878 0.000147863 0.000147863 4.92878e-05 0
 0 0 0 0 0 0 0 0 0 0 0 0 0 0 0 0 0 0 0 0 0 0 0 0 0 0
 0 0 0 0 0 0 0 0.0054083 0.00873648 0.0413646 0.0450493 0.0745869 0.0622846 0.0627006 0.0613931 0.0827291 0.12552 0.122667 0.0946155 0.0697135 0.0546179 0.0294188 0.0215738 0.0213955 0.0102223 0.00600262
 0 0 0 0 0.00359764 0.0251062 0.0480494 0.140153 0.205849 0.193036 0.1447 0.116669 0.0760912 0.0342217 0.00950174 0.001854 0.000860785 0 0 0 0.000165536 0 0.000143464 0 0 0
 0 0 0 0 0 0 0 0.000145254 0.000435761 0.0275982 0.070085 0.0708112 0.156366 0.174668 0.174014 0.160142 0.0824315 0.0480064 0.0283245 0.00493863 0.00203355 0 0 0 0 0
 0 0 0 0 0 0 0 0 0 0 0 0 0 0 0 0 0 0 0 0 0 0 0 0 0 0
 0 0 1.00437e-05 0.000401748 0.00122533 0.00171747 0.00176769 0.0269171 0.070346 0.194647 0.189555 0.159765 0.064822 0.0314167 0.0384472 0.0292271 0.0345202 0.0313363 0.0194345 0.0106764 0.0143323 0.0359363 0.0279516 0.0138201 0.00172751 0
 0 0.0021121 0.0136068 0.0755702 0.200478 0.177729 0.0527432 0.0373336 0.0318909 0.0142505 0.0149659 0.0166563 0.0217959 0.0798694 0.0677717 0.0528807 0.04013 0.0224614 0.0357745 0.0225083 0.00881397 0.00855152 0.00135912 0.000746735 0 0
 0 0 0 0 5.4009e-05 0.00500934 0.000945158 0.0243581 0.138947 0.33067 0.221406 0.137944 0.0707744 0.0437923 0.0131692 0.00525238 0.0047753 0.00276346 9.45158e-05 9.00151e-06 2.25038e-05 9.00151e-06 4.50075e-06 0 0 0
 0.000866109 0.00284123 0.00948549 0.0512746 0.133035 0.25785 0.225252 0.132002 0.0553304 0.0519788 0.0540692 0.017754 0.00435017 0.00159236 0.00146478 0.000404838 0.000125132 0.000115318 0.000107957 0.000100596 0 0 0 0 0 0
 0 0 0 0 0.00144013 0.00171154 0.00461396 0.0210425 0.0478622 0.0707936 0.0888783 0.103762 0.0637923 0.0337046 0.0602308 0.124433 0.169614 0.0934646 0.0462172 0.0250306 0.0313229 0.00938855 0.002487 0.000210481 0 0
 0 0.00764035 0.051015 0.0998891 0.058973 0.0496711 0.0374665 0.0718981 0.12319 0.153886 0.159021 0.0857701 0.0377988 0.023471 0.0147837 0.00900784 0.00315554 0.000888139 0.00291439 0.00214683 0.00393193 0.00274676 0.000635225 9.99891e-05 0 0
 0 0 0 0 0 0 0 0 0 0 0 0 0 0 0 0 0 0 0 0 0 0 0 0 0 0
 0 0 0 0 0 0 0 0 0 0 0 0 0 0 0 0 0 0 0 0 0 0 0 0 0 0
 0 0 0 0 0 0 0 0 0 0 0 0 0 0 0 0 0 0 0 0 0 0 0 0 0 0
 0 0 0 0 0 0 0 0 0 0 0 0 0 0 0 0 0 0 0 0 0 0 0 0 0 0
 0 0 0 0 0 0 0 0 0 0 0 0 0 0 0 0 0 0 0 0 0 0 0 0 0 0
 0 0 0 0 0 0 0 0 0 0 0 0 0 0 0 0 0 0 0 0 0 0 0 0 0 0
 0 0 0 0 0 0 0 0 0 0 0 0 0 0 0 0 0 0 0 0 0 0 0 0 0 0
ppred_pel_tallas
 1.12719e-16 4.1735e-05 0.000405679 0.00269588 0.0122551 0.0381302 0.0812408 0.118575 0.118586 0.081293 0.0383073 0.0127737 0.00402408 0.00339237 0.00596902 0.0104653 0.0166121 0.0240887 0.0324735 0.0413782 0.0503343 0.0584519 0.0642605 0.0661065 0.0629765 0.0551621
 1.22954e-16 3.88728e-05 0.000377858 0.002511 0.0114146 0.0355153 0.0756701 0.110448 0.110474 0.0757969 0.0359412 0.0126462 0.00560793 0.00715812 0.012977 0.0215634 0.0314926 0.0405949 0.0467758 0.0492995 0.0493087 0.0490137 0.0501397 0.0528251 0.0556763 0.0567327
 1.18521e-16 5.05217e-05 0.000491089 0.00326346 0.0148352 0.046158 0.0983452 0.143541 0.143559 0.0984322 0.0464505 0.015682 0.00539597 0.00517037 0.00900902 0.0150055 0.0220716 0.0287535 0.033628 0.0361247 0.0368656 0.0371547 0.0380182 0.0395606 0.041033 0.0414005
 1.06363e-16 6.63089e-05 0.000644546 0.00428323 0.019471 0.0605815 0.129076 0.188392 0.188404 0.129132 0.0607719 0.0200214 0.00566684 0.00367173 0.00583587 0.00959793 0.0139534 0.0178399 0.0202339 0.0206992 0.0196483 0.0180373 0.016736 0.0160652 0.0157813 0.0153896
 1.04222e-16 5.72159e-05 0.000556159 0.00369587 0.0168009 0.052274 0.111376 0.162562 0.162586 0.111492 0.0526636 0.0179261 0.00652045 0.0067233 0.0117731 0.019382 0.0279385 0.0351875 0.038874 0.0379714 0.0332938 0.0269361 0.0210059 0.0166307 0.0138173 0.0119562
 1.03442e-16 6.31568e-05 0.000613906 0.00407962 0.0185454 0.0577017 0.12294 0.179438 0.179454 0.123017 0.0579592 0.01929 0.00595149 0.004709 0.00786631 0.0129721 0.0188381 0.0240183 0.0270735 0.027327 0.0252322 0.0219959 0.0187823 0.0161392 0.0139895 0.012004
 1.0616e-16 4.30338e-05 0.000418304 0.00277978 0.0126365 0.039317 0.0837704 0.122273 0.122308 0.0839433 0.0398978 0.0143144 0.00699388 0.00962522 0.0175509 0.029006 0.0419198 0.0530127 0.0589655 0.0582495 0.052013 0.0432396 0.0348871 0.0284733 0.023936 0.0204259
 1.1231e-16 4.01435e-05 0.00039021 0.00259308 0.0117878 0.0366763 0.0781437 0.114059 0.114085 0.0782719 0.0371074 0.0130361 0.00573844 0.00729591 0.0132711 0.0221797 0.0326582 0.0425634 0.0497033 0.0530331 0.0531532 0.0516257 0.0497159 0.0476343 0.0447675 0.0404703
 1.15925e-16 4.60848e-05 0.000447961 0.00297686 0.0135324 0.0421044 0.0897086 0.130937 0.130958 0.0898107 0.0424477 0.0145263 0.00548033 0.00594176 0.0105655 0.0176226 0.0259296 0.0337896 0.0395221 0.0424243 0.0431575 0.0431446 0.0434651 0.04415 0.0443347 0.0429771
 1.10108e-16 5.93626e-05 0.000577026 0.00383454 0.0174313 0.0542352 0.115554 0.168658 0.168673 0.115629 0.0544848 0.018153 0.00564995 0.00455292 0.00764881 0.0126545 0.0184733 0.0237748 0.027261 0.0283863 0.027681 0.0263376 0.0253887 0.0251266 0.0251193 0.0246552
 1.03614e-16 6.8299e-05 0.000663891 0.00441179 0.0200554 0.0623997 0.13295 0.194046 0.194058 0.133008 0.0625954 0.0206207 0.00583178 0.00376692 0.0059711 0.00978912 0.0141574 0.0179398 0.0200319 0.01994 0.0180718 0.0154448 0.0130481 0.0113584 0.0102913 0.00948045
 1.02186e-16 6.424e-05 0.000624436 0.0041496 0.0188635 0.0586913 0.125049 0.182516 0.182534 0.125135 0.0589801 0.0196976 0.00624351 0.00519591 0.00874761 0.0143634 0.0206931 0.0260403 0.0287206 0.0279582 0.0243421 0.0194168 0.0147494 0.0112004 0.00881844 0.00720621
 1.02591e-16 6.06981e-05 0.000590007 0.0039208 0.0178234 0.0554554 0.118154 0.172454 0.172474 0.118251 0.0557814 0.0187654 0.00628668 0.00575928 0.00989135 0.0162908 0.0235414 0.0297693 0.0330985 0.0326516 0.0290472 0.023936 0.018971 0.0150275 0.0121277 0.00987176
 1.03834e-16 5.69793e-05 0.000553859 0.00368059 0.0167314 0.0520578 0.110916 0.161889 0.161911 0.111023 0.0524192 0.0177759 0.00630486 0.0062907 0.0109759 0.0181171 0.0262375 0.0332972 0.037247 0.0371301 0.0336184 0.0284891 0.0234884 0.019489 0.0164382 0.013862
 1.03402e-16 6.46297e-05 0.000628224 0.00417477 0.0189779 0.0590474 0.125807 0.183622 0.183637 0.125878 0.0592854 0.019666 0.00590414 0.00441085 0.00727034 0.0119744 0.0173779 0.0221369 0.0249219 0.0251158 0.0231549 0.0201763 0.0172725 0.0149503 0.0131167 0.0114286
 1.00632e-16 7.80834e-05 0.000758998 0.00504381 0.0229284 0.0713389 0.151995 0.221842 0.221846 0.152015 0.0714037 0.0231157 0.00551403 0.00178607 0.00203041 0.00323768 0.00466728 0.00589226 0.00653542 0.00642494 0.00569059 0.00467028 0.00370163 0.00296195 0.00244986 0.00207173
 1.01502e-16 3.72611e-05 0.000362191 0.00240689 0.0109414 0.034043 0.0725341 0.105876 0.105926 0.0727783 0.0348626 0.0133077 0.00834251 0.013306 0.0245796 0.0404701 0.0580461 0.0724699 0.078836 0.0748826 0.062366 0.0459353 0.0304436 0.0187628 0.0113416 0.00714246
 1.01591e-16 7.52078e-05 0.000731047 0.00485806 0.0220841 0.0687117 0.146398 0.213673 0.213676 0.146417 0.0687754 0.0222688 0.00532482 0.00175963 0.00205685 0.00335457 0.00499488 0.00663298 0.00795889 0.0088079 0.00921525 0.00931714 0.00919239 0.008796 0.00803345 0.00688743
 1.02134e-16 5.42983e-05 0.000527798 0.00350741 0.0159442 0.0496084 0.105697 0.154274 0.154304 0.105844 0.0500998 0.0173629 0.0070665 0.00829014 0.0147755 0.0242867 0.0348554 0.0435727 0.0475198 0.045367 0.0381873 0.0287673 0.0199832 0.0134865 0.00945186 0.0071659
 1.04411e-16 5.46857e-05 0.000531564 0.00353243 0.0160579 0.0499623 0.106451 0.155373 0.155394 0.106556 0.0503162 0.0170816 0.0061072 0.00616987 0.0108141 0.0179244 0.0261236 0.0334891 0.03807 0.0389212 0.0365881 0.0325943 0.0283868 0.0246141 0.0211699 0.0177171
 1.04097e-16 6.41849e-05 0.0006239 0.00414603 0.0188473 0.058641 0.124941 0.182358 0.182373 0.125011 0.0588745 0.0195224 0.00584329 0.00433731 0.00714122 0.0117693 0.0171021 0.0218344 0.0246799 0.0250509 0.0233841 0.020786 0.0182944 0.0163495 0.0147929 0.0132322
 1.02921e-16 6.45301e-05 0.000627256 0.00416834 0.0189487 0.0589564 0.125613 0.18334 0.183356 0.125693 0.059224 0.0197217 0.00610957 0.00486745 0.00812481 0.0133495 0.0192711 0.0243351 0.0270028 0.0265702 0.0235782 0.0194261 0.015508 0.0125504 0.0105351 0.00905814
 1.06691e-16 3.16545e-05 0.000307693 0.00204473 0.00929508 0.0289207 0.0616203 0.0899465 0.0899931 0.0618483 0.0296861 0.0115066 0.00759862 0.0124409 0.0231013 0.0382103 0.0552019 0.0697557 0.0774716 0.0763019 0.067732 0.0556869 0.0440965 0.0350394 0.0285469 0.0236154
 1.06537e-16 6.39733e-05 0.000621843 0.00413237 0.0187851 0.0584476 0.124529 0.181756 0.181764 0.124571 0.058587 0.0191898 0.00515576 0.00288108 0.00442865 0.00741394 0.0111276 0.0149454 0.0182553 0.0207513 0.0225318 0.0238571 0.0247876 0.0250491 0.0242337 0.0221344
 1.05916e-16 5.59107e-05 0.000543472 0.00361156 0.0164177 0.0510816 0.108836 0.158854 0.158878 0.108953 0.0514765 0.0175583 0.00647478 0.00679447 0.0119301 0.0196425 0.0283153 0.0356747 0.0394595 0.0386716 0.0341903 0.0281836 0.0227902 0.0190864 0.0169437 0.0155776
 1.08767e-16 4.11574e-05 0.000400065 0.00265857 0.0120855 0.0376027 0.0801177 0.116941 0.116974 0.0802785 0.0381431 0.013648 0.00658654 0.00899458 0.0164217 0.027235 0.0395844 0.0505238 0.0570569 0.057781 0.0536573 0.0472151 0.0408772 0.0357564 0.0316401 0.0277796
 1.06504e-16 6.35172e-05 0.000617409 0.0041029 0.0186512 0.0580309 0.123641 0.180461 0.180472 0.123696 0.0582143 0.0191822 0.00544105 0.00355591 0.00569544 0.00945007 0.0139254 0.0181862 0.0213183 0.0229037 0.0232231 0.0229518 0.0226092 0.0222274 0.0214562 0.0199243
 1.04708e-16 6.01185e-05 0.000584373 0.00388336 0.0176532 0.0549258 0.117026 0.170807 0.170827 0.117124 0.0552558 0.0186063 0.00627627 0.00580996 0.00999029 0.0164373 0.0237148 0.0299191 0.0331618 0.0325976 0.0289344 0.0239461 0.0193867 0.0161467 0.0141447 0.0127805
 1.08476e-16 3.40983e-05 0.000331447 0.00220259 0.0100127 0.0311533 0.066377 0.0968878 0.0969292 0.0665792 0.0318325 0.0119756 0.00713456 0.0111139 0.0205587 0.0340562 0.0493425 0.062651 0.0701444 0.0700342 0.0635898 0.0541535 0.0450046 0.0377739 0.0323424 0.0277851
 1.15543e-16 4.07043e-05 0.00039566 0.0026293 0.0119524 0.0371886 0.0792349 0.11565 0.115671 0.0793354 0.0375269 0.0129337 0.00510769 0.00585664 0.0105613 0.0177875 0.0265411 0.0353188 0.0425823 0.0475991 0.0507332 0.0528562 0.0544069 0.0549503 0.0535581 0.0495825
 1.05957e-16 7.04768e-05 0.000685059 0.00455246 0.0206948 0.0643893 0.137189 0.200232 0.200239 0.137222 0.0645034 0.0210248 0.00538302 0.00250595 0.00355213 0.00582424 0.00853738 0.0110744 0.0128713 0.0137087 0.0138426 0.0137994 0.0139895 0.0144466 0.0148581 0.0148042
pSPR Fmed_Fpbrs
0.651171   0.20474 0.20474
Fs Fmed_Fpbrs
0.226379   1.005 1.005
SSBpbr Bo_Bmed_Bpbrs
1.92792e+06  1.15901e+06  298327 298327
Ro
182859
SPR SPRFo_SPRFmed_SPRFpbrs
1.30518e+06 849894 267222
Fref
1.005
Nvult_r0
 221728 19310 8157.4 8405.95 3098.85
CTP_r0
 29962.7 3058.12 1291.88 1331.25 490.764
YTP_r0
391300
Np
 245908 39269.9 13709 1139.94 546.409
Nvult_p0
 206638 33981.8 11863 986.438 472.83
CTP_p0
 93998.1 44157.6 3671.83 1551.14 2085.56
 93998.1 17033.3 5946.27 494.449 237.004
YTP_p0
 1.59704e+06 1.13103e+06
CBA_c0
1.45724e+06
log_Ro
11.9365
likeval ReclasPelacesDesembMPH_pf_preclas_ppelaces_ptallas_desvR_qrecl_qpela
 16.403 17.4964 0.101382 0.00271786 240.945 119.071 98.3086 0 22.9557 0 0 0.515186 0 0 0
q_reclas_q_pelaces
1 1
M
1
N
 207135 43594.5 153109 8612.56 0.295849
 116853 68556.9 14120.5 49593 2789.76
 115257 35506 20032.9 4126.14 15306.7
 226530 35232.8 10450.7 5896.44 5719.82
 179464 64510.2 9522.02 2824.42 3139.41
 279816 60837.9 21506.5 3174.47 1988.23
 117275 87438.5 18387.5 6500.09 1560.37
 54083.4 30187.7 20923.9 4400.12 1928.86
 47058.6 18793.5 10368.5 7186.69 2173.8
 59946 13758.6 5242.76 2892.46 2611.26
 106622 16101.1 3465.45 1320.52 1386.25
 144678 36121.1 5363.63 1154.42 901.683
 122757 36423.7 8415.66 1249.64 479.039
 86711.7 31580.1 8709.86 2012.41 413.374
 86361.4 17653.8 5697.37 1571.35 437.636
 467937 21332.8 4019.97 1297.36 457.469
 105252 125148 5345.56 1007.32 439.724
 703633 31519.5 35935 1534.92 415.504
 422930 210170 9022.31 10286.2 558.3
 329118 115308 53898.5 2313.79 2781.1
 475109 92775.1 30783.2 14389.1 1360.16
 633195 142713 26737.2 8871.55 4538.84
 139502 180008 38489.8 7211.04 3616.78
 388896 44093.9 55160 11794.5 3317.98
 332919 125318 13829.5 17300.3 4739.84
 154371 107022 39190.6 4324.89 6892.57
 335511 50976.8 34569.8 12659.2 3623.43
 371434 108183 16000.2 10850.5 5110.66
 115791 121971 34709.9 5133.57 5121.06
 87799.2 38251.6 39417.1 11217.1 3313.97
 323533 27775.3 11733.5 12091 4457.36
pred_Ctot
 13248 3328.39 11689.7 657.559 0.0225877
 13058.1 9082.76 1870.76 6570.33 369.601
 12504.2 4569.02 2577.9 530.964 1969.71
 33028.7 6059.76 1797.45 1014.14 983.764
 8966.01 3854.87 568.997 168.776 187.599
 26990.6 6972.77 2464.91 363.833 227.876
 22914.9 20002.2 4206.29 1486.95 356.946
 1903.5 1273.41 882.637 185.611 81.3653
 6220.82 2936.57 1620.12 1122.95 339.665
 10491.5 2827.99 1077.61 594.525 536.726
 5367.62 969.455 208.656 79.509 83.4667
 29768.6 8687.21 1289.97 277.64 216.857
 24020.7 8343.86 1927.84 286.266 109.737
 25670.1 10768.9 2970.09 686.237 140.962
 18523.1 4419.75 1426.38 393.399 109.565
 82871.1 4435.58 835.845 269.751 95.1185
 12581.6 17716 756.717 142.596 62.2473
 85081.9 4512.48 5144.63 219.747 59.4856
 70916.9 41434.7 1778.73 2027.91 110.068
 49693.2 20521.6 9592.43 411.79 494.958
 56022.3 12957.9 4299.51 2009.73 189.974
 92879.1 24690.6 4625.76 1534.85 785.255
 12571.1 19291.8 4125.03 772.821 387.618
 30828.3 4163.49 5208.39 1113.67 313.294
 26845.3 12034.3 1328.05 1661.35 455.167
 10077 8338.02 3053.32 336.95 536.997
 26479.1 4792.39 3249.95 1190.11 340.643
 25445.8 8841.36 1307.63 886.77 417.676
 7532.53 9470.26 2695 398.589 397.618
 7870.18 4078.14 4202.4 1195.9 353.314
 29962.7 3058.12 1291.88 1331.25 490.764
F
 0.105705 0.127302 0.127302 0.127302 0.127302
 0.191218 0.230286 0.230286 0.230286 0.230286
 0.185191 0.223028 0.223028 0.223028 0.223028
 0.256054 0.308369 0.308369 0.308369 0.308369
 0.0817619 0.098467 0.098467 0.098467 0.098467
 0.163197 0.19654 0.19654 0.19654 0.19654
 0.357084 0.430042 0.430042 0.430042 0.430042
 0.0570142 0.0686631 0.0686631 0.0686631 0.0686631
 0.229728 0.276664 0.276664 0.276664 0.276664
 0.314555 0.378823 0.378823 0.378823 0.378823
 0.0824101 0.0992477 0.0992477 0.0992477 0.0992477
 0.379289 0.456783 0.456783 0.456783 0.456783
 0.357683 0.430763 0.430763 0.430763 0.430763
 0.591641 0.712521 0.712521 0.712521 0.712521
 0.398297 0.479675 0.479675 0.479675 0.479675
 0.318836 0.383979 0.383979 0.383979 0.383979
 0.205748 0.247786 0.247786 0.247786 0.247786
 0.20834 0.250906 0.250906 0.250906 0.250906
 0.299601 0.360813 0.360813 0.360813 0.360813
 0.266238 0.320634 0.320634 0.320634 0.320634
 0.202705 0.244121 0.244121 0.244121 0.244121
 0.257777 0.310444 0.310444 0.310444 0.310444
 0.151757 0.182763 0.182763 0.182763 0.182763
 0.132453 0.159515 0.159515 0.159515 0.159515
 0.134866 0.162421 0.162421 0.162421 0.162421
 0.107987 0.13005 0.13005 0.13005 0.13005
 0.131835 0.158771 0.158771 0.158771 0.158771
 0.113589 0.136797 0.136797 0.136797 0.136797
 0.107598 0.129581 0.129581 0.129581 0.129581
 0.150904 0.181736 0.181736 0.181736 0.181736
 0.156247 0.18817 0.18817 0.18817 0.18817
YTP_r0W_actual
 248691 43119.5 35656 45528.7 18305.5
YTP_p0W_proyectada
 704046 691950 84929.3 45557 70554.6
 704046 266912 137537 14522 8017.86
CTP_r0_actual
 29962.7 3058.12 1291.88 1331.25 490.764
CTP_p0_proyectada
 93998.1 44157.6 3671.83 1551.14 2085.56
 93998.1 17033.3 5946.27 494.449 237.004
Wmedp
 7.49 15.67 23.13 29.37 33.83
Frms_r0
 0.156247 0.18817 0.18817 0.18817 0.18817
Zrms_r0
 1.15625 1.18817 1.18817 1.18817 1.18817
nmprior
 8.19 8.8 8.5 0
nm_flota  nm_reclas  nm_pelaces    nm_pelaL
inf 12.1383 19.8837 48.7579
cv_recla  cv_pelaces  cv_mph
0.366342 0.474293 1.60886
 ------------------------------------------------
Talla a la edad & desviaci?n 
 8 13.2811 15.8009 17.003 17.5766
 0.8 1.32811 1.58009 1.7003 1.75766
