years
 1991 1992 1993 1994 1995 1996 1997 1998 1999 2000 2001 2002 2003 2004 2005 2006 2007 2008 2009 2010 2011 2012 2013 2014 2015 2016 2017 2018 2019 2020 2021
reclasobs
 0 0 0 0 0 0 0 0 0 252601 567819 844713 477998 351125 339783 2.1784e+06 2.13404e+06 4.81314e+06 1.55562e+06 2.62356e+06 3.21686e+06 3.843e+06 1.13348e+06 3.07943e+06 1.97215e+06 2.03268e+06 2.025e+06 2.42433e+06 2.27542e+06 1.05018e+06 2.36338e+06
reclaspred
 3.29961e+06 1.87632e+06 952329 953821 954030 1.46258e+06 977200 876932 643171 477120 508066 634537 631186 510894 520990 1.26793e+06 1.27171e+06 2.71613e+06 2.26405e+06 1.70811e+06 3.02952e+06 2.46391e+06 1.99842e+06 3.04015e+06 2.29735e+06 2.03514e+06 2.38372e+06 2.50738e+06 2.08924e+06 1.35015e+06 1.93408e+06
pelacesobs
 0 0 0 0 0 0 0 0 0 0 0 0 0 0 0 552880 188675 0 991730 2.46772e+06 1.41603e+06 1.21717e+06 2.29649e+06 1.80582e+06 0 1.4828e+06 1.56532e+06 1.57751e+06 1.42118e+06 867257 1.10002e+06
pelacespred
 1.85392e+06 1.18259e+06 607750 495738 506935 802486 514226 546544 396756 281828 304950 320416 348329 302550 313781 628733 629103 1.52961e+06 1.33411e+06 939771 1.58226e+06 1.42071e+06 1.13686e+06 1.87769e+06 1.37861e+06 1.21265e+06 1.61204e+06 1.6747e+06 1.14978e+06 847209 1.19366e+06
mphobs
 0 0 0 0 0 0 0 0 0 0 0 498337 0 5186 125008 0 168611 109162 213762 579715 649985 157893 87575 83554 0 0 0 0 0 0 0
mphpred
 493019 330844 168153 91353.4 101860 113675 148789 99728.7 87006.6 61723.9 41502.8 59113.1 63772.6 55445.3 40052 49922.2 146722 144361 268386 208019 223938 275615 262501 220023 301531 249362 205895 217041 298582 208220 134427
desembarqueobs
 494567 514787 250237 358949 120608 361735 552515 73892 212993 205616 52469 317467 293654 387597 252695 516296 358380 742168 942051 627588 828172 859565 418607 520667 417249 300574 415391 372974 316634 284311 391294
desembarquepred
 494574 513265 251015 358972 120612 361748 552565 73895.4 213034 205654 52471.2 317531 293708 387653 252699 516278 358402 742098 941915 627498 828235 859600 418619 520689 417252 300577 415394 372965 316632 284320 391299
Reclutas
 228484 131481 129950 235472 188359 312528 131477 62129 57134.2 74563.3 135897 172496 144972 102134 105286 550910 125391 837585 488726 374070 565640 756413 164065 482780 406219 183725 408244 457063 138311 101209 374821
log_desv_Rt
 0.0645224 -0.488086 -0.499794 0.0946453 -0.128596 0.37775 -0.488114 -1.23773 -1.32154 -1.0553 -0.45505 -0.216574 -0.390403 -0.740661 -0.71026 0.944627 -0.535506 1.36358 0.824858 0.557497 0.971014 1.26164 -0.266684 0.812617 0.639948 -0.153507 0.64492 0.757877 -0.437439 -0.749758 0.559505
SSB
 4.24561e+06 2.84904e+06 1.44804e+06 786685 877165 978905 1.28129e+06 858809 749253 531533 357400 509050 549175 477465 344906 429902 1.26349e+06 1.24316e+06 2.3112e+06 1.79135e+06 1.92843e+06 2.37344e+06 2.26051e+06 1.89471e+06 2.59662e+06 2.14737e+06 1.77306e+06 1.86904e+06 2.57122e+06 1.79308e+06 1.15761e+06
BT
 5.61114e+06 3.82274e+06 1.95553e+06 1.69238e+06 1.51472e+06 2.5563e+06 1.93778e+06 1.595e+06 1.32295e+06 989080 900055 1.16588e+06 1.24359e+06 1.25179e+06 1.13296e+06 2.18169e+06 2.04269e+06 4.9396e+06 4.64662e+06 3.19856e+06 5.1048e+06 4.78612e+06 3.5501e+06 5.74338e+06 4.24594e+06 3.66331e+06 4.93919e+06 5.06481e+06 3.48146e+06 2.6483e+06 3.71432e+06
Ftot
 0.100185 0.18068 0.17521 0.260151 0.0872128 0.17396 0.372499 0.0578946 0.225667 0.291549 0.0741359 0.343635 0.31889 0.514139 0.342342 0.29595 0.190406 0.196658 0.284072 0.251762 0.190743 0.241716 0.14126 0.122183 0.124615 0.100876 0.123738 0.106457 0.101029 0.141497 0.145319
BD_Bspro_t
 0.984098 0.88133 0.752368 0.675204 0.669686 0.732315 0.722998 0.588034 0.639164 0.605861 0.578246 0.738103 0.632894 0.55259 0.457314 0.51314 0.659456 0.643835 0.718711 0.63507 0.609451 0.654779 0.669802 0.667013 0.7573 0.764835 0.771545 0.799267 0.833632 0.782563 0.731032
BD_Bspro
 2.77284 1.86073 0.945729 0.513791 0.572884 0.639331 0.836819 0.560895 0.489344 0.347149 0.233421 0.332465 0.358671 0.311836 0.225261 0.280773 0.825194 0.81192 1.50946 1.16994 1.25947 1.55011 1.47636 1.23745 1.69588 1.40246 1.158 1.22069 1.67929 1.17107 0.756047
BD_Bo
 1.87076 1.25538 0.638056 0.34664 0.386508 0.431338 0.564578 0.37842 0.330146 0.234211 0.157482 0.224305 0.241985 0.210387 0.151977 0.189429 0.556735 0.547779 1.01839 0.789328 0.84973 1.04582 0.996058 0.834874 1.14416 0.946202 0.781269 0.823563 1.13297 0.790089 0.510083
BD_Brms
 12.4931 8.38356 4.26099 2.31489 2.58113 2.88051 3.7703 2.52712 2.20474 1.56408 1.05168 1.49792 1.61599 1.40498 1.01492 1.26503 3.71792 3.65811 6.8009 5.2712 5.67457 6.98406 6.65176 5.57536 7.64079 6.31881 5.21738 5.49982 7.56605 5.27628 3.40638
Sel_flota
 0.855683 1 1 1 1
 0.855683 1 1 1 1
 0.855683 1 1 1 1
 0.855683 1 1 1 1
 0.855683 1 1 1 1
 0.855683 1 1 1 1
 0.855683 1 1 1 1
 0.855683 1 1 1 1
 0.855683 1 1 1 1
 0.855683 1 1 1 1
 0.855683 1 1 1 1
 0.855683 1 1 1 1
 0.855683 1 1 1 1
 0.855683 1 1 1 1
 0.855683 1 1 1 1
 0.855683 1 1 1 1
 0.855683 1 1 1 1
 0.855683 1 1 1 1
 0.855683 1 1 1 1
 0.855683 1 1 1 1
 0.855683 1 1 1 1
 0.855683 1 1 1 1
 0.855683 1 1 1 1
 0.855683 1 1 1 1
 0.855683 1 1 1 1
 0.855683 1 1 1 1
 0.855683 1 1 1 1
 0.855683 1 1 1 1
 0.855683 1 1 1 1
 0.855683 1 1 1 1
 0.855683 1 1 1 1
Sel_reclas
 1 1 1 1 1
 1 1 1 1 1
 1 1 1 1 1
 1 1 1 1 1
 1 1 1 1 1
 1 1 1 1 1
 1 1 1 1 1
 1 1 1 1 1
 1 1 1 1 1
 1 1 1 1 1
 1 1 1 1 1
 1 1 1 1 1
 1 1 1 1 1
 1 1 1 1 1
 1 1 1 1 1
 1 1 1 1 1
 1 1 1 1 1
 1 1 1 1 1
 1 1 1 1 1
 1 1 1 1 1
 1 1 1 1 1
 1 1 1 1 1
 1 1 1 1 1
 1 1 1 1 1
 1 1 1 1 1
 1 1 1 1 1
 1 1 1 1 1
 1 1 1 1 1
 1 1 1 1 1
 1 1 1 1 1
 1 1 1 1 1
Sel_pelaces
 1 1 1 1 1
 1 1 1 1 1
 1 1 1 1 1
 1 1 1 1 1
 1 1 1 1 1
 1 1 1 1 1
 1 1 1 1 1
 1 1 1 1 1
 1 1 1 1 1
 1 1 1 1 1
 1 1 1 1 1
 1 1 1 1 1
 1 1 1 1 1
 1 1 1 1 1
 1 1 1 1 1
 1 1 1 1 1
 1 1 1 1 1
 1 1 1 1 1
 1 1 1 1 1
 1 1 1 1 1
 1 1 1 1 1
 1 1 1 1 1
 1 1 1 1 1
 1 1 1 1 1
 1 1 1 1 1
 1 1 1 1 1
 1 1 1 1 1
 1 1 1 1 1
 1 1 1 1 1
 1 1 1 1 1
 1 1 1 1 1
pf_obs 
 0.8446 0.082 0.0669 0.0065 0
 0.8095 0.147 0.0364 0.0071 0
 0.9664 0.0169 0.016 0.0007 0
 0.9276 0.0648 0.0075 0.0001 0
 0.7033 0.2144 0.0806 0.0017 0
 0.9318 0.0425 0.0243 0.0014 0
 0.5671 0.3108 0.0964 0.0239 0.0018
 0.0768 0.2599 0.5324 0.112 0.0189
 0.490249 0.384438 0.106611 0.0170017 0.00170017
 0.7925 0.1577 0.0466 0.003 0.0002
 0.840416 0.127587 0.0312969 0.00059994 9.999e-05
 0.8084 0.0986 0.0794 0.0134 0.0002
 0.7335 0.1905 0.0724 0.0035 0.0001
 0.4001 0.4547 0.1325 0.0127 0
 0.49795 0.308269 0.164784 0.0264974 0.00249975
 0.9179 0.0499 0.0305 0.0017 0
 0.2467 0.6533 0.0926 0.0074 0
 0.9418 0.0223 0.034 0.0019 0
 0.707729 0.231977 0.0356964 0.0245975 0
 0.517169 0.277429 0.184464 0.0207286 0.00020938
 0.811772 0.124168 0.05621 0.00726502 0.000585176
 0.764997 0.148141 0.077277 0.00933861 0.000247198
 0.163321 0.427699 0.378323 0.0303852 0.000271297
 0.753843 0.0900009 0.118128 0.0371064 0.000921714
 0.721811 0.176058 0.0630433 0.0369309 0.00215725
 0.143369 0.312575 0.442814 0.0836902 0.0175525
 0.692698 0.0596174 0.167031 0.0765114 0.00414204
 0.394062 0.376323 0.152708 0.0712218 0.00568511
 0.125707 0.32114 0.495352 0.0537591 0.00404204
 0.23352 0.215282 0.420074 0.123614 0.00750983
 0.774587 0.0839891 0.0768558 0.0609784 0.00358967
pf_pred 
 0.42986 0.114302 0.431816 0.024021 7.594e-07
 0.409486 0.27785 0.0626831 0.236807 0.0131735
 0.550341 0.203009 0.116054 0.0261819 0.104413
 0.746405 0.150171 0.046693 0.026693 0.0300375
 0.645319 0.27618 0.0464858 0.0144539 0.017561
 0.741195 0.176438 0.0641369 0.0107953 0.00743477
 0.472565 0.407489 0.0817722 0.0297249 0.00844892
 0.440822 0.29059 0.207507 0.0416412 0.0194394
 0.522616 0.229498 0.12882 0.0919888 0.0270773
 0.679433 0.181466 0.0668715 0.0375358 0.0346937
 0.796795 0.145812 0.0324889 0.0119724 0.0129316
 0.724977 0.226011 0.035169 0.00783613 0.0060067
 0.670116 0.250866 0.0649366 0.0101046 0.00397727
 0.61104 0.275924 0.0859606 0.0222509 0.00482524
 0.714031 0.188107 0.0694219 0.0216275 0.00681232
 0.925655 0.0557901 0.0122051 0.00450433 0.00184528
 0.392582 0.569289 0.0286128 0.00625955 0.0032565
 0.889303 0.048078 0.0586883 0.00294971 0.000981013
 0.596378 0.36536 0.0166181 0.0202855 0.00135864
 0.595441 0.258506 0.132207 0.00601331 0.00783201
 0.737668 0.167215 0.0607783 0.0310836 0.00325522
 0.740793 0.19949 0.0380648 0.0138356 0.00781689
 0.326037 0.521155 0.117604 0.0224401 0.0127646
 0.739006 0.0949902 0.128366 0.0289669 0.00867125
 0.627553 0.286704 0.031207 0.0421717 0.0123652
 0.439347 0.373154 0.144333 0.0157103 0.0274552
 0.731564 0.128894 0.0928752 0.0359235 0.0107436
 0.689704 0.236744 0.0353174 0.0254481 0.0127869
 0.359564 0.463581 0.134933 0.0201293 0.0217923
 0.426999 0.228191 0.249591 0.0726478 0.0225705
 0.821247 0.0837466 0.0378354 0.0413837 0.0157878
pobs_RECLAS
 0 0 0 0 0
 0 0 0 0 0
 0 0 0 0 0
 0 0 0 0 0
 0 0 0 0 0
 0 0 0 0 0
 0 0 0 0 0
 0 0 0 0 0
 0 0 0 0 0
 0 0 0 0 0
 0.991045 0.00858322 0.000360255 1.14367e-05 0
 0.934742 0.0480273 0.0164251 0.00080598 0
 0.827803 0.169806 0.00239088 0 0
 0.941827 0.0461693 0.0120037 0 0
 0.791401 0.0380133 0.147996 0.0225897 0
 0.846168 0.0940531 0.0597789 0 0
 0.134021 0.677848 0.182769 0.00536245 0
 0.80878 0.0450904 0.141981 0.00414843 0
 0.846168 0.0940531 0.0597789 0 0
 0.905697 0.0802665 0.012482 0.00150086 5.37128e-05
 0.989698 0.0102097 9.19794e-05 0 0
 0.975433 0.0193895 0.00387452 0.00125025 5.28907e-05
 0.303575 0.632131 0.0575291 0.00676475 0
 0.966965 0.00978017 0.0227588 0.000495775 0
 0.843318 0.132988 0.00938335 0.0141283 0.000182051
 0.564624 0.303363 0.111486 0.0197234 0.00080311
 0.826376 0.0876187 0.0782897 0.00655872 0.00115652
 0.89761 0.0855135 0.0140674 0.00269457 0.000114338
 0.34875 0.467042 0.161289 0.0227151 0.000203297
 0.318654 0.224769 0.449479 0.00709798 0
 0.937255 0.0296025 0.0250945 0.00804832 0
ppred_RECLAS
 0.468722 0.106511 0.402382 0.0223837 7.07638e-07
 0.448247 0.259612 0.0585686 0.221263 0.0123088
 0.589114 0.185504 0.106047 0.0239243 0.0954103
 0.77542 0.132989 0.0413506 0.0236389 0.0266008
 0.680375 0.248883 0.0418913 0.0130253 0.0158253
 0.770373 0.156546 0.0569059 0.00957822 0.00659655
 0.512961 0.376279 0.0755092 0.0274482 0.00780181
 0.479698 0.270387 0.193081 0.0387461 0.0180879
 0.562075 0.210529 0.118172 0.0843854 0.0248392
 0.713278 0.162307 0.0598112 0.0335727 0.0310307
 0.821005 0.12844 0.0286181 0.010546 0.0113909
 0.75592 0.200583 0.0312121 0.00695449 0.00533088
 0.704621 0.224626 0.0581444 0.00904771 0.00356126
 0.64939 0.248719 0.0774853 0.0200571 0.00434949
 0.745769 0.16723 0.0617172 0.0192272 0.00605626
 0.93596 0.0480573 0.0105134 0.00388001 0.00158951
 0.430948 0.533331 0.0268055 0.00586418 0.0030508
 0.903978 0.0417043 0.0509079 0.00255866 0.000850959
 0.634242 0.331085 0.0150591 0.0183825 0.00123119
 0.633208 0.234374 0.119865 0.00545195 0.00710087
 0.767166 0.148412 0.053944 0.0275884 0.00288918
 0.770197 0.17686 0.0337469 0.0122661 0.00693016
 0.361599 0.493656 0.111398 0.021256 0.0120911
 0.768216 0.0843589 0.113999 0.0257249 0.00770076
 0.663566 0.258981 0.0281895 0.038094 0.0111696
 0.47835 0.347195 0.134293 0.0146174 0.0255452
 0.761342 0.114596 0.0825723 0.0319384 0.00955176
 0.722314 0.211863 0.0316057 0.0227737 0.0114431
 0.396493 0.43685 0.127153 0.0189686 0.0205357
 0.465962 0.212675 0.23262 0.067708 0.0210358
 0.84325 0.0734378 0.033178 0.0362895 0.0138444
pobs_PELACES
 0 0 0 0 0
 0 0 0 0 0
 0 0 0 0 0
 0 0 0 0 0
 0 0 0 0 0
 0 0 0 0 0
 0 0 0 0 0
 0 0 0 0 0
 0 0 0 0 0
 0 0 0 0 0
 0 0 0 0 0
 0 0 0 0 0
 0 0 0 0 0
 0 0 0 0 0
 0 0 0 0 0
 0 0 0 0 0
 0.505614 0.472636 0.0217494 0 0
 0 0 0 0 0
 0.443492 0.261883 0.143347 0.151278 0
 0.227955 0.32914 0.350689 0.0885471 0.00366901
 0.970185 0.0296113 0.000203453 0 0
 0.997202 0.00247181 0.000326279 0 0
 0.445219 0.490057 0.0546422 0.010081 0
 0.90214 0.0892962 0.00764917 0.000914606 0
 0 0 0 0 0
 0.581667 0.319106 0.0959925 0.00289975 0.000334073
 0.762889 0.0836404 0.116647 0.0363945 0.000428098
 0.88444 0.0763242 0.0277011 0.0115352 0
 0.521256 0.241999 0.230069 0.00667565 0
 0.616807 0.101726 0.260614 0.0208532 0
 0.833518 0.0704572 0.0857862 0.0102388 0
ppred_PELACES
 0.469911 0.106273 0.401482 0.0223336 7.06055e-07
 0.450376 0.25861 0.0583426 0.220409 0.0122613
 0.591132 0.184593 0.105526 0.0238068 0.0949416
 0.77757 0.131716 0.0409547 0.0234126 0.0263461
 0.681277 0.248181 0.041773 0.0129885 0.0157807
 0.771836 0.155549 0.0565435 0.00951722 0.00655454
 0.517392 0.372856 0.0748222 0.0271985 0.00773083
 0.480386 0.27003 0.192825 0.0386948 0.018064
 0.564718 0.209258 0.117459 0.083876 0.0246892
 0.71611 0.160704 0.0592206 0.0332412 0.0307243
 0.821523 0.128068 0.0285353 0.0105154 0.0113579
 0.758927 0.198112 0.0308276 0.00686881 0.00526521
 0.707772 0.22223 0.0575242 0.00895119 0.00352326
 0.654944 0.244778 0.0762577 0.0197393 0.00428059
 0.748848 0.165205 0.0609698 0.0189944 0.00598292
 0.936799 0.0474272 0.0103755 0.00382914 0.00156867
 0.433173 0.531246 0.0267007 0.00584125 0.00303888
 0.904788 0.0413525 0.0504785 0.00253708 0.000843782
 0.637375 0.32825 0.0149301 0.018225 0.00122065
 0.635989 0.232597 0.118956 0.00541062 0.00704704
 0.768785 0.147381 0.053569 0.0273966 0.0028691
 0.772228 0.175297 0.0334486 0.0121577 0.00686891
 0.363154 0.492454 0.111127 0.0212042 0.0120616
 0.769251 0.0839824 0.11349 0.0256101 0.00766639
 0.664889 0.257962 0.0280785 0.0379441 0.0111256
 0.479548 0.346397 0.133984 0.0145838 0.0254865
 0.762411 0.114082 0.0822024 0.0317954 0.00950897
 0.72333 0.211088 0.0314901 0.0226903 0.0114012
 0.397645 0.436016 0.12691 0.0189324 0.0204965
 0.467639 0.212007 0.231889 0.0674953 0.0209697
 0.844163 0.0730102 0.0329849 0.0360783 0.0137638
pobs_pel_tallas
 0 0 0 0 0 0 0 0 0 0 0 0 0 0 0 0 0 0 0 0 0 0 0 0 0 0
 0 0 0 0 0 0 0 0 0 0 0 0 0 0 0 0 0 0 0 0 0 0 0 0 0 0
 0 0 0 0 0 0 0 0 0 0 0 0 0 0 0 0 0 0 0 0 0 0 0 0 0 0
 0 0 0 0 0 0 0 0 0 0 0 0 0 0 0 0 0 0 0 0 0 0 0 0 0 0
 0 0 0 0 0 0 0 0 0 0 0 0 0 0 0 0 0 0 0 0 0 0 0 0 0 0
 0 0 0 0 0 0 0 0 0 0 0 0 0 0 0 0 0 0 0 0 0 0 0 0 0 0
 0 0 0 0 0 0 0 0 0 0 0 0 0 0 0 0 0 0 0 0 0 0 0 0 0 0
 0 0 0 0 0 0 0 0 0 0 0 0 0 0 0 0 0 0 0 0 0 0 0 0 0 0
 0 0 0 0 0 0 0 0 0 0 0 0 0 0 0 0 0 0 0 0 0 0 0 0 0 0
 0 0 0 0 0 0 0 0 0 0 0 0 0 0 0 0 0 0 0 0 0 0 0 0 0 0
 0 0 0 0 0 0 0 0 0 0 0 0 0 0 0 0 0 0 0 0 0 0 0 0 0 0
 0 0 0 0 0 0 0 0 0 0 0 0 0 0 0 0 0 0 0 0 0 0 0 0 0 0
 0.00862536 0 0 0.000197151 0.00414017 0.0128641 0.00837892 0.0270097 0.101434 0.158115 0.152841 0.127902 0.109271 0.109419 0.0830992 0.0579132 0.0238553 0.00714673 0.00463305 0.00128148 0.00103504 0.000492878 0.000147863 0.000147863 4.92878e-05 0
 0 0 0 0 0 0 0 0 0 0 0 0 0 0 0 0 0 0 0 0 0 0 0 0 0 0
 0 0 0 0 0 0 0 0.0054083 0.00873648 0.0413646 0.0450493 0.0745869 0.0622846 0.0627006 0.0613931 0.0827291 0.12552 0.122667 0.0946155 0.0697135 0.0546179 0.0294188 0.0215738 0.0213955 0.0102223 0.00600262
 0 0 0 0 0.00359764 0.0251062 0.0480494 0.140153 0.205849 0.193036 0.1447 0.116669 0.0760912 0.0342217 0.00950174 0.001854 0.000860785 0 0 0 0.000165536 0 0.000143464 0 0 0
 0 0 0 0 0 0 0 0.000145254 0.000435761 0.0275982 0.070085 0.0708112 0.156366 0.174668 0.174014 0.160142 0.0824315 0.0480064 0.0283245 0.00493863 0.00203355 0 0 0 0 0
 0 0 0 0 0 0 0 0 0 0 0 0 0 0 0 0 0 0 0 0 0 0 0 0 0 0
 0 0 1.00437e-05 0.000401748 0.00122533 0.00171747 0.00176769 0.0269171 0.070346 0.194647 0.189555 0.159765 0.064822 0.0314167 0.0384472 0.0292271 0.0345202 0.0313363 0.0194345 0.0106764 0.0143323 0.0359363 0.0279516 0.0138201 0.00172751 0
 0 0.0021121 0.0136068 0.0755702 0.200478 0.177729 0.0527432 0.0373336 0.0318909 0.0142505 0.0149659 0.0166563 0.0217959 0.0798694 0.0677717 0.0528807 0.04013 0.0224614 0.0357745 0.0225083 0.00881397 0.00855152 0.00135912 0.000746735 0 0
 0 0 0 0 5.4009e-05 0.00500934 0.000945158 0.0243581 0.138947 0.33067 0.221406 0.137944 0.0707744 0.0437923 0.0131692 0.00525238 0.0047753 0.00276346 9.45158e-05 9.00151e-06 2.25038e-05 9.00151e-06 4.50075e-06 0 0 0
 0.000866109 0.00284123 0.00948549 0.0512746 0.133035 0.25785 0.225252 0.132002 0.0553304 0.0519788 0.0540692 0.017754 0.00435017 0.00159236 0.00146478 0.000404838 0.000125132 0.000115318 0.000107957 0.000100596 0 0 0 0 0 0
 0 0 0 0 0.00144013 0.00171154 0.00461396 0.0210425 0.0478622 0.0707936 0.0888783 0.103762 0.0637923 0.0337046 0.0602308 0.124433 0.169614 0.0934646 0.0462172 0.0250306 0.0313229 0.00938855 0.002487 0.000210481 0 0
 0 0.00764035 0.051015 0.0998891 0.058973 0.0496711 0.0374665 0.0718981 0.12319 0.153886 0.159021 0.0857701 0.0377988 0.023471 0.0147837 0.00900784 0.00315554 0.000888139 0.00291439 0.00214683 0.00393193 0.00274676 0.000635225 9.99891e-05 0 0
 0 0 0 0 0 0 0 0 0 0 0 0 0 0 0 0 0 0 0 0 0 0 0 0 0 0
 0 0 0 0 0 0 0 0 0 0 0 0 0 0 0 0 0 0 0 0 0 0 0 0 0 0
 0 0 0 0 0 0 0 0 0 0 0 0 0 0 0 0 0 0 0 0 0 0 0 0 0 0
 0 0 0 0 0 0 0 0 0 0 0 0 0 0 0 0 0 0 0 0 0 0 0 0 0 0
 0 0 0 0 0 0 0 0 0 0 0 0 0 0 0 0 0 0 0 0 0 0 0 0 0 0
 0 0 0 0 0 0 0 0 0 0 0 0 0 0 0 0 0 0 0 0 0 0 0 0 0 0
 0 0 0 0 0 0 0 0 0 0 0 0 0 0 0 0 0 0 0 0 0 0 0 0 0 0
ppred_pel_tallas
 1.13853e-16 3.87059e-05 0.000376235 0.00250022 0.0113656 0.0353628 0.0753445 0.10997 0.109981 0.0753978 0.0355434 0.011895 0.00385798 0.00343571 0.00612834 0.0107963 0.0172349 0.0251745 0.0342315 0.0440169 0.0539912 0.0631095 0.0696899 0.0718825 0.0685745 0.0601019
 1.25929e-16 3.7097e-05 0.000360596 0.00239629 0.0108932 0.0338929 0.0722133 0.105403 0.105428 0.0723357 0.0343042 0.0120829 0.0053892 0.00691712 0.0125606 0.0209065 0.030618 0.0396573 0.0460761 0.0492392 0.0502963 0.0513596 0.053975 0.0580571 0.0619855 0.0636164
 1.21547e-16 4.86908e-05 0.000473292 0.00314519 0.0142976 0.0444852 0.0947811 0.13834 0.138358 0.0948688 0.0447802 0.0151516 0.00529653 0.00519518 0.00909283 0.0151603 0.022329 0.0291569 0.0342416 0.0370482 0.0382425 0.0391605 0.0408212 0.0432614 0.0456055 0.0466595
 1.08023e-16 6.40475e-05 0.000622564 0.00413716 0.0188069 0.0585154 0.124674 0.181968 0.18198 0.124736 0.0587247 0.019412 0.00565835 0.00395159 0.00641139 0.0105653 0.0153775 0.0196983 0.0224173 0.0230696 0.0221186 0.0206146 0.0194969 0.0190841 0.0190614 0.0188345
 1.05243e-16 5.61159e-05 0.000545467 0.00362482 0.0164779 0.0512691 0.109235 0.159437 0.159461 0.109352 0.0516618 0.0176126 0.00647372 0.00676732 0.0118807 0.0195746 0.0282471 0.0356428 0.0395067 0.0388175 0.0343963 0.0283355 0.0227197 0.0186321 0.0160259 0.0142477
 1.03736e-16 6.35751e-05 0.000617973 0.00410665 0.0186682 0.0580839 0.123754 0.180626 0.180641 0.123828 0.058331 0.0193828 0.00590298 0.00454839 0.00755463 0.012458 0.0181023 0.0231043 0.0260905 0.0264183 0.0245249 0.021563 0.0186352 0.0162457 0.0142965 0.0124512
 1.06291e-16 4.2617e-05 0.000414252 0.00275286 0.0125141 0.0389362 0.082959 0.121089 0.121125 0.0831349 0.0395267 0.0142201 0.00703706 0.00977349 0.0178377 0.0294753 0.0425833 0.0538215 0.0598101 0.0589956 0.052556 0.0435454 0.0349967 0.0284739 0.0239202 0.0204598
 1.12572e-16 3.95688e-05 0.000384623 0.00255596 0.011619 0.0361513 0.0770251 0.112426 0.112452 0.0771536 0.0365835 0.0128709 0.0057105 0.00731182 0.0133156 0.0222652 0.0328071 0.0428038 0.050067 0.0535501 0.0538426 0.0524833 0.0507043 0.0486851 0.0457955 0.0413967
 1.16033e-16 4.65151e-05 0.000452144 0.00300466 0.0136587 0.0424975 0.0905462 0.132159 0.132179 0.0906457 0.0428319 0.0146269 0.00544345 0.00580482 0.0102981 0.0171807 0.0252951 0.032997 0.0386607 0.0416115 0.042496 0.0426909 0.043224 0.0440911 0.0444128 0.0431452
 1.10284e-16 5.8985e-05 0.000573356 0.00381015 0.0173204 0.0538903 0.11482 0.167586 0.167601 0.114896 0.0541459 0.0180598 0.00566978 0.00464557 0.00783079 0.0129545 0.0189023 0.0243083 0.0278387 0.0289337 0.0281411 0.0266934 0.0256637 0.0253654 0.0253638 0.0249282
 1.03833e-16 6.76678e-05 0.000657755 0.00437102 0.01987 0.0618231 0.131721 0.192253 0.192266 0.131781 0.062026 0.0204565 0.00584414 0.00387716 0.00619258 0.0101592 0.0146975 0.0186338 0.0208248 0.0207593 0.0188588 0.0161742 0.0137251 0.011999 0.0109036 0.0100576
 1.02521e-16 6.25118e-05 0.000607637 0.00403796 0.018356 0.0571125 0.121685 0.177607 0.177626 0.121778 0.0574259 0.0192612 0.00631049 0.00556946 0.00948852 0.0155944 0.0224749 0.0282984 0.0312413 0.0304641 0.0266042 0.0213307 0.0163336 0.012534 0.00997519 0.00822159
 1.03211e-16 5.82983e-05 0.00056668 0.00376579 0.0171187 0.0532629 0.113483 0.165636 0.165658 0.113588 0.0536152 0.0181368 0.00632313 0.00615592 0.0106924 0.0176343 0.0255132 0.0323245 0.0360556 0.0357634 0.0321051 0.0268335 0.0216896 0.0175732 0.0144782 0.0119688
 1.04968e-16 5.39469e-05 0.000524383 0.00348471 0.015841 0.0492874 0.105013 0.153274 0.153298 0.105129 0.0496759 0.0169641 0.00630708 0.00669679 0.0118093 0.019524 0.0283218 0.0360398 0.0404998 0.0406858 0.0373085 0.0322352 0.027273 0.0232821 0.0201447 0.0173271
 1.0472e-16 6.16816e-05 0.000599567 0.00398434 0.0181122 0.056354 0.120069 0.175247 0.175263 0.120147 0.0566165 0.0188715 0.00589328 0.00477727 0.00802679 0.0132536 0.019278 0.024648 0.0279215 0.0284325 0.0266553 0.0238085 0.0210344 0.0188171 0.0169895 0.015139
 1.00962e-16 7.71629e-05 0.000750051 0.00498435 0.0226582 0.070498 0.150204 0.219227 0.219232 0.150226 0.0705731 0.0228753 0.00552968 0.00194163 0.00234354 0.00376115 0.00543184 0.00687607 0.00766251 0.00759551 0.00682496 0.00573612 0.00470815 0.00393113 0.00338899 0.00296398
 1.02007e-16 3.568e-05 0.000346823 0.00230476 0.0104771 0.0325985 0.0694565 0.101385 0.101436 0.0697063 0.033437 0.0128977 0.00837695 0.0135896 0.0251483 0.0414195 0.0594299 0.0742443 0.0808566 0.0769598 0.0643465 0.0477531 0.0321128 0.020327 0.0128248 0.00853017
 1.01865e-16 7.45262e-05 0.000724421 0.00481403 0.0218839 0.068089 0.145071 0.211736 0.21174 0.145091 0.0681558 0.0220778 0.00530417 0.00180535 0.00215948 0.00353548 0.00527922 0.00704002 0.0084998 0.0094881 0.0100356 0.0102688 0.0102468 0.00989931 0.00911262 0.00786801
 1.0255e-16 5.24998e-05 0.000510316 0.00339123 0.0154161 0.0479653 0.102196 0.149165 0.149197 0.102351 0.0484834 0.016912 0.00714392 0.00869529 0.0155764 0.025614 0.0367689 0.045983 0.0501853 0.0479793 0.0404988 0.0306779 0.0215379 0.0148022 0.0106339 0.0082635
 1.05228e-16 5.23856e-05 0.000509207 0.00338386 0.0153825 0.0478609 0.101974 0.148838 0.148861 0.102084 0.0482315 0.0164546 0.00608125 0.00641863 0.0113368 0.0188184 0.0274729 0.0353138 0.0403194 0.0415063 0.0394261 0.0356237 0.0315436 0.0277957 0.0242271 0.0204851
 1.04817e-16 6.33238e-05 0.00061553 0.00409041 0.0185944 0.0578543 0.123265 0.179912 0.179926 0.123335 0.0580886 0.0192719 0.00579394 0.0043442 0.00717399 0.0118373 0.0172299 0.0220595 0.0250531 0.0256332 0.0242358 0.0219481 0.0197682 0.0180828 0.016682 0.0151409
 1.03392e-16 6.36074e-05 0.000618287 0.00410873 0.0186777 0.0581134 0.123817 0.180719 0.180736 0.1239 0.058391 0.0194796 0.00612244 0.00501711 0.00842639 0.0138529 0.0200049 0.0252766 0.0280781 0.0276847 0.0246614 0.0204588 0.0165155 0.0135705 0.0115854 0.0101215
 1.07501e-16 2.99126e-05 0.000290761 0.00193221 0.00878359 0.0273292 0.0582296 0.0849978 0.0850453 0.0584619 0.0281094 0.0110377 0.00759374 0.0126608 0.0235547 0.0389768 0.0563398 0.0712582 0.0792633 0.0782772 0.0698075 0.0578285 0.0463021 0.0372976 0.0308064 0.025786
 1.07163e-16 6.33622e-05 0.000615903 0.00409289 0.0186057 0.0578893 0.12334 0.180019 0.180028 0.12338 0.0580256 0.0190015 0.00509443 0.00282919 0.00434595 0.00729194 0.0109845 0.0148347 0.0182663 0.0209908 0.0230932 0.0247875 0.0260688 0.0265991 0.0259258 0.0238269
 1.06565e-16 5.47661e-05 0.000532346 0.00353763 0.0160816 0.0500358 0.106608 0.155602 0.155627 0.106729 0.0504438 0.0172598 0.00649533 0.00698982 0.0123217 0.0202936 0.0292588 0.0368745 0.0408116 0.0400468 0.0354968 0.0294055 0.0239785 0.0203132 0.0182509 0.0169517
 1.09731e-16 3.94998e-05 0.000383953 0.0025515 0.0115988 0.0360883 0.0768911 0.112232 0.112265 0.077055 0.0366389 0.0131909 0.00655466 0.00914492 0.016743 0.0277868 0.0404217 0.0516664 0.0584863 0.059462 0.0555643 0.0493392 0.0432054 0.0382417 0.0341876 0.0302609
 1.072e-16 6.27988e-05 0.000610427 0.0040565 0.0184403 0.0573746 0.122243 0.17842 0.178431 0.122297 0.0575574 0.0189697 0.00539103 0.00354249 0.00568683 0.00944854 0.013951 0.018278 0.0215354 0.0233177 0.0239023 0.0239401 0.0239072 0.0237842 0.0231744 0.0216785
 1.05168e-16 5.95798e-05 0.000579137 0.00384857 0.017495 0.0544337 0.115977 0.169277 0.169297 0.116077 0.0547677 0.0184599 0.00627121 0.00586993 0.0101145 0.016646 0.0240219 0.0303202 0.0336348 0.0331166 0.0294876 0.0245449 0.0200584 0.0169151 0.0150113 0.0137158
 1.09142e-16 3.27536e-05 0.000318376 0.00211572 0.0096178 0.0299248 0.0637595 0.0930676 0.0931098 0.0639654 0.0306165 0.011617 0.00713913 0.0113016 0.020942 0.0347009 0.0502927 0.0638915 0.0715989 0.0716001 0.0651874 0.0557542 0.0466194 0.0394174 0.0340007 0.029409
 1.17064e-16 3.85189e-05 0.000374417 0.00248813 0.0113107 0.0351919 0.0749809 0.109441 0.109462 0.0750825 0.0355342 0.0123038 0.00499734 0.005907 0.010708 0.0180674 0.0270248 0.0360976 0.0437658 0.0493077 0.0530747 0.0558847 0.058079 0.0591022 0.057924 0.0538518
 1.06918e-16 6.95326e-05 0.000675882 0.00449147 0.0204176 0.0635267 0.135351 0.19755 0.197557 0.135385 0.0636432 0.0207547 0.00534043 0.00253808 0.00363309 0.00596899 0.00876913 0.0114172 0.0133524 0.0143646 0.0147223 0.0149559 0.0154592 0.0162241 0.0168801 0.016953
pSPR Fmed_Fpbrs
0.707376   0.199744 0.199744
Fs Fmed_Fpbrs
0.177711   1.005 1.005
SSBpbr Bo_Bmed_Bpbrs
2.26946e+06  1.49189e+06  339837 339837
Ro
214207
SPR SPRFo_SPRFmed_SPRFpbrs
1.53114e+06 1.08309e+06 305835
Fref
1.005
Nvult_r0
 253055 22493 10162 11115 4240.34
CTP_r0
 27986.7 2853.94 1289.36 1410.28 538.019
YTP_r0
391299
Np
 295656 121766 10493.9 4740.96 6835.23
Nvult_p0
 249629 105369 9080.76 4102.54 5914.8
CTP_p0
 115417 52815.9 4551.7 2056.39 2964.77
YTP_p0
 1.98721e+06
CBA_c0
870073
log_Ro
12.0947
likeval ReclasPelacesDesembMPH_pf_preclas_ppelaces_ptallas_desvR_qrecl_qpela
 15.5391 17.3106 0.093329 0.000812121 241.372 120.008 98.1299 0 22.9664 7.02931e-06 1.88788e-06 0.475461 0 0 0
q_reclas_q_pelaces
0.68681 0.822441
M
1
N
 228484 52296.8 197569 10990.3 0.347449
 131481 77149.1 17404.9 65752.9 3657.81
 129950 41440.3 23690.2 5344.51 21313.9
 235472 41150.1 12794.9 7314.44 8230.91
 188359 69337.3 11670.6 3628.77 4408.84
 312528 64310.5 23377.4 3934.81 2709.92
 131477 99071.3 19881 7226.9 2054.15
 62129 35166.3 25111.9 5039.28 2352.5
 57134.2 21751.3 12209.3 8718.49 2566.32
 74563.3 17327.6 6385.35 3584.17 3312.79
 135897 21374 4762.42 1754.98 1895.59
 172496 46920.7 7301.2 1626.81 1247.01
 144972 47291.4 12241.4 1904.85 749.766
 102134 40596.1 12647.2 3273.74 709.93
 105286 24199.8 8931.05 2782.36 876.397
 550910 28897.3 6321.79 2333.09 955.788
 125391 157328 7907.4 1729.88 899.961
 837585 39193.5 47843.1 2404.62 799.729
 488726 260407 11844.4 14458.3 968.363
 374070 140995 72108.7 3279.8 4271.76
 565640 110943 40324.8 20623.1 2159.75
 756413 176751 33726.1 12258.5 6925.89
 164065 226276 51061.3 9743.06 5542.15
 482780 53484.3 72276.3 16309.8 4882.35
 406219 159974 17412.8 23530.9 6899.5
 183725 134325 51956 5655.28 9883.1
 408244 61999.1 44673.7 17279.5 5167.75
 457063 135096 20153.6 14521.7 7296.75
 138311 153504 44680 6665.36 7216
 101209 46667.9 51044.5 14857.4 4615.95
 374821 32986.9 14903 16300.6 6218.63
pred_Ctot
 11949.1 3177.33 12003.5 667.727 0.0211095
 12056.6 8180.84 1845.6 6972.39 387.872
 11577.5 4270.69 2441.42 550.786 2196.54
 30249 6085.88 1892.29 1081.77 1217.31
 8614.43 3686.76 620.543 192.946 234.424
 27657.1 6583.65 2393.21 402.818 277.422
 23278.3 20072.7 4028.06 1464.24 416.19
 1905.87 1256.36 897.149 180.034 84.0454
 6442.58 2829.15 1588.03 1134 333.796
 10619.9 2836.42 1045.24 586.705 542.282
 5307.66 971.292 216.417 79.7511 86.1409
 28449.9 8869.24 1380.12 307.509 235.718
 22375.4 8376.49 2168.26 337.397 132.802
 23810.9 10752.2 3349.7 867.072 188.03
 17307.2 4559.49 1682.7 524.225 165.122
 79530.2 4793.36 1048.63 387.002 158.542
 12076.4 17512.2 880.172 192.553 100.175
 83135.7 4494.53 5486.42 275.751 91.7092
 67996.6 41656.8 1894.72 2312.87 154.907
 46637.8 20247.5 10355.1 470.991 613.441
 54566.6 12369.2 4495.87 2299.31 240.794
 90857.2 24467.1 4668.6 1696.91 958.73
 11924.8 19061.3 4301.37 820.749 466.867
 30554.8 3927.45 5307.38 1197.66 358.52
 26198.8 11969.2 1302.81 1760.56 516.216
 9672.24 8214.99 3177.51 345.863 604.427
 26152.1 4607.74 3320.13 1284.2 384.064
 25343.7 8699.32 1297.76 935.109 469.865
 7292.04 9401.54 2736.48 408.228 441.952
 7368.01 3937.51 4306.78 1253.56 389.461
 27986.7 2853.94 1289.36 1410.28 538.019
F
 0.0857268 0.100185 0.100185 0.100185 0.100185
 0.154605 0.18068 0.18068 0.18068 0.18068
 0.149924 0.17521 0.17521 0.17521 0.17521
 0.222607 0.260151 0.260151 0.260151 0.260151
 0.0746265 0.0872128 0.0872128 0.0872128 0.0872128
 0.148854 0.17396 0.17396 0.17396 0.17396
 0.318741 0.372499 0.372499 0.372499 0.372499
 0.0495394 0.0578946 0.0578946 0.0578946 0.0578946
 0.1931 0.225667 0.225667 0.225667 0.225667
 0.249473 0.291549 0.291549 0.291549 0.291549
 0.0634369 0.0741359 0.0741359 0.0741359 0.0741359
 0.294043 0.343635 0.343635 0.343635 0.343635
 0.272869 0.31889 0.31889 0.31889 0.31889
 0.43994 0.514139 0.514139 0.514139 0.514139
 0.292936 0.342342 0.342342 0.342342 0.342342
 0.253239 0.29595 0.29595 0.29595 0.29595
 0.162927 0.190406 0.190406 0.190406 0.190406
 0.168277 0.196658 0.196658 0.196658 0.196658
 0.243076 0.284072 0.284072 0.284072 0.284072
 0.215428 0.251762 0.251762 0.251762 0.251762
 0.163215 0.190743 0.190743 0.190743 0.190743
 0.206832 0.241716 0.241716 0.241716 0.241716
 0.120873 0.14126 0.14126 0.14126 0.14126
 0.10455 0.122183 0.122183 0.122183 0.122183
 0.106631 0.124615 0.124615 0.124615 0.124615
 0.0863182 0.100876 0.100876 0.100876 0.100876
 0.105881 0.123738 0.123738 0.123738 0.123738
 0.0910938 0.106457 0.106457 0.106457 0.106457
 0.0864486 0.101029 0.101029 0.101029 0.101029
 0.121077 0.141497 0.141497 0.141497 0.141497
 0.124347 0.145319 0.145319 0.145319 0.145319
YTP_r0W_actual
 237887 46519.2 37262.6 49077.9 20552.3
YTP_p0W_proyectada
 867935 851393 106419 60663.4 100802
CTP_r0_actual
 27986.7 2853.94 1289.36 1410.28 538.019
CTP_p0_proyectada
 115417 52815.9 4551.7 2056.39 2964.77
Wmedp
 7.52 16.12 23.38 29.5 34
Frms_r0
 0.124347 0.145319 0.145319 0.145319 0.145319
Zrms_r0
 1.12435 1.14532 1.14532 1.14532 1.14532
nmprior
 8.19 8.8 8.5 0
nm_flota  nm_reclas  nm_pelaces    nm_pelaL
inf 11.7791 18.0737 43.0686
cv_recla  cv_pelaces  cv_mph
0.356564 0.471768 0.879459
 ------------------------------------------------
Talla a la edad & desviaci?n 
 8 13.2811 15.8009 17.003 17.5766
 0.8 1.32811 1.58009 1.7003 1.75766
