years
 1991 1992 1993 1994 1995 1996 1997 1998 1999 2000 2001 2002 2003 2004 2005 2006 2007 2008 2009 2010 2011 2012 2013 2014 2015 2016 2017 2018 2019 2020 2021
reclasobs
 0 0 0 0 0 0 0 0 0 252601 567819 844713 477998 351125 339783 2.1784e+06 2.13404e+06 4.81314e+06 1.55562e+06 2.62356e+06 3.21686e+06 3.843e+06 1.13348e+06 3.07943e+06 1.97215e+06 2.03268e+06 2.025e+06 2.42433e+06 2.27542e+06 1.05018e+06 2.36338e+06
reclaspred
 5.58657e+06 1.58069e+06 1.02019e+06 752801 155656 3.31982e+06 1.18613e+06 371822 926489 234780 373701 869781 746448 571037 401723 2.00706e+06 820937 5.02277e+06 2.50311e+06 2.14675e+06 2.87259e+06 3.38419e+06 1.6125e+06 3.16869e+06 2.41269e+06 1.54912e+06 2.19746e+06 3.83262e+06 2.57542e+06 756211 1.3312e+06
pelacesobs
 0 0 0 0 0 0 0 0 0 0 0 0 0 0 0 552880 188675 0 991730 2.46772e+06 1.41603e+06 1.21717e+06 2.29649e+06 1.80582e+06 0 1.4828e+06 1.56532e+06 1.57751e+06 1.42118e+06 867257 1.10002e+06
pelacespred
 4.03928e+06 1.04558e+06 539654 306355 56881.8 2.28015e+06 572744 245705 567707 92390.9 231847 433380 402446 295042 198217 1.04946e+06 360512 3.40375e+06 1.39596e+06 1.05967e+06 1.60087e+06 1.87248e+06 875608 2.24673e+06 1.47706e+06 935298 1.66102e+06 2.95633e+06 1.59815e+06 456170 819019
mphobs
 0 0 0 0 0 0 0 0 0 0 0 498337 0 5186 125008 0 168611 109162 213762 579715 649985 157893 87575 83554 0 0 0 0 0 0 0
mphpred
 1.50829e+06 615396 108911 125198 53139 10266.1 417698 96797.5 35962.6 82770.8 11171.4 47745.1 80854.5 49825.6 26123.4 25337.7 229337 72472.4 582775 193698 272278 257780 400719 176119 358599 313211 161643 228949 599001 266065 55916.3
desembarqueobs
 494567 514787 250237 358949 120608 361735 552515 73892 212993 205616 52469 317467 293654 387597 252695 516296 358380 742168 942051 627588 828172 859565 418607 520667 417249 300574 415391 372974 316634 284311 391294
desembarquepred
 494497 514370 249991 358484 120498 361536 551795 73863.4 212816 205368 52450 317114 293253 386822 252324 515693 357976 741448 940156 626432 827431 858374 418115 520265 416746 300247 414966 372632 316230 283710 390973
Reclutas
 14567.9 8991.06 166545 55035 8629.14 287661 11707.7 3074.06 52145.7 13200.4 35774.6 116743 75722.9 67900.2 41828.6 269377 12442.1 488361 137580 234442 189946 443470 19341.5 164522 162360 30446.3 129472 207402 25166.3 10977 101393
log_desv_Rt
 -1.37244 -1.85503 1.064 -0.0432953 -1.89612 1.61052 -1.59102 -2.92826 -0.0972226 -1.47101 -0.474026 0.708706 0.275816 0.166774 -0.317684 1.54485 -1.53018 2.13979 0.872942 1.40594 1.19548 2.04336 -1.08901 1.05178 1.03855 -0.635301 0.812197 1.28339 -0.82576 -1.65546 0.567743
SSB
 1.72809e+06 705077 124782 143443 60882.8 11762.2 478567 110903 41203.4 94832.7 12799.4 54702.9 92637.2 57086.5 29930.3 29030.1 262758 83033.6 667701 221925 311956 295346 459114 201784 410856 358854 185199 262313 686292 304838 64064.9
BT
 2.16177e+06 997313 438327 386707 121696 1.28069e+06 728461 173375 432168 221052 141826 442744 432465 525453 330759 848861 431957 2.11083e+06 1.46661e+06 946836 1.3669e+06 1.5176e+06 715338 1.44963e+06 990858 651882 1.14011e+06 1.61535e+06 936236 485179 720323
Ftot
 0.298483 1.0028 1.00233 1.59508 2.13944 0.516128 1.39205 0.668712 1.00145 2.38658 0.638208 1.47419 1.48406 2.40188 2.31951 1.14165 1.35306 0.678857 1.28315 1.18003 1.11674 1.05308 0.862155 0.708443 0.678643 0.687203 0.80035 0.433191 0.424297 1.17546 1.24713
BD_Bspro_t
 0.953509 0.635015 0.241871 0.279073 0.110772 0.031389 0.461289 0.153272 0.0924687 0.202721 0.0489378 0.251687 0.223055 0.12755 0.0678302 0.0688471 0.278459 0.111783 0.40768 0.181159 0.20011 0.192769 0.277078 0.161693 0.312093 0.333044 0.251454 0.355989 0.559482 0.364916 0.138624
BD_Bspro
 4.20672 1.71638 0.30376 0.349186 0.148208 0.028633 1.16499 0.269975 0.100302 0.230853 0.0311578 0.133164 0.225509 0.138967 0.0728601 0.0706687 0.639636 0.20213 1.6254 0.540236 0.759402 0.718967 1.11763 0.491207 1.00016 0.873566 0.450833 0.638555 1.67066 0.742075 0.155954
BD_Bo
 1.19509 0.487609 0.0862954 0.0992005 0.0421047 0.00813438 0.330963 0.0766975 0.028495 0.0655834 0.00885166 0.0378308 0.0640651 0.0394793 0.0206989 0.0200763 0.181715 0.0574235 0.461762 0.153476 0.215739 0.204252 0.317509 0.139548 0.284135 0.248172 0.128078 0.181408 0.474619 0.210817 0.0443053
BD_Brms
 6.29551 2.56863 0.454588 0.52257 0.221799 0.0428503 1.74345 0.404028 0.150106 0.345481 0.0466288 0.199286 0.337483 0.207969 0.109038 0.105758 0.95724 0.302496 2.43247 0.808484 1.13647 1.07596 1.67258 0.73511 1.49677 1.30732 0.674689 0.955622 2.5002 1.11054 0.233392
Sel_flota
 0.682561 0.976107 0.998713 0.999932 0.999996
 0.682561 0.976107 0.998713 0.999932 0.999996
 0.682561 0.976107 0.998713 0.999932 0.999996
 0.682561 0.976107 0.998713 0.999932 0.999996
 0.682561 0.976107 0.998713 0.999932 0.999996
 0.682561 0.976107 0.998713 0.999932 0.999996
 0.682561 0.976107 0.998713 0.999932 0.999996
 0.682561 0.976107 0.998713 0.999932 0.999996
 0.682561 0.976107 0.998713 0.999932 0.999996
 0.682561 0.976107 0.998713 0.999932 0.999996
 0.682561 0.976107 0.998713 0.999932 0.999996
 0.682561 0.976107 0.998713 0.999932 0.999996
 0.682561 0.976107 0.998713 0.999932 0.999996
 0.682561 0.976107 0.998713 0.999932 0.999996
 0.682561 0.976107 0.998713 0.999932 0.999996
 0.682561 0.976107 0.998713 0.999932 0.999996
 0.682561 0.976107 0.998713 0.999932 0.999996
 0.682561 0.976107 0.998713 0.999932 0.999996
 0.682561 0.976107 0.998713 0.999932 0.999996
 0.682561 0.976107 0.998713 0.999932 0.999996
 0.682561 0.976107 0.998713 0.999932 0.999996
 0.682561 0.976107 0.998713 0.999932 0.999996
 0.682561 0.976107 0.998713 0.999932 0.999996
 0.682561 0.976107 0.998713 0.999932 0.999996
 0.682561 0.976107 0.998713 0.999932 0.999996
 0.682561 0.976107 0.998713 0.999932 0.999996
 0.682561 0.976107 0.998713 0.999932 0.999996
 0.682561 0.976107 0.998713 0.999932 0.999996
 0.682561 0.976107 0.998713 0.999932 0.999996
 0.682561 0.976107 0.998713 0.999932 0.999996
 0.682561 0.976107 0.998713 0.999932 0.999996
Sel_reclas
 0.981988 1 1 1 1
 0.981988 1 1 1 1
 0.981988 1 1 1 1
 0.981988 1 1 1 1
 0.981988 1 1 1 1
 0.981988 1 1 1 1
 0.981988 1 1 1 1
 0.981988 1 1 1 1
 0.981988 1 1 1 1
 0.981988 1 1 1 1
 0.981988 1 1 1 1
 0.981988 1 1 1 1
 0.981988 1 1 1 1
 0.981988 1 1 1 1
 0.981988 1 1 1 1
 0.981988 1 1 1 1
 0.981988 1 1 1 1
 0.981988 1 1 1 1
 0.981988 1 1 1 1
 0.981988 1 1 1 1
 0.981988 1 1 1 1
 0.981988 1 1 1 1
 0.981988 1 1 1 1
 0.981988 1 1 1 1
 0.981988 1 1 1 1
 0.981988 1 1 1 1
 0.981988 1 1 1 1
 0.981988 1 1 1 1
 0.981988 1 1 1 1
 0.981988 1 1 1 1
 0.981988 1 1 1 1
Sel_pelaces
 0.999894 1 1 1 1
 0.999894 1 1 1 1
 0.999894 1 1 1 1
 0.999894 1 1 1 1
 0.999894 1 1 1 1
 0.999894 1 1 1 1
 0.999894 1 1 1 1
 0.999894 1 1 1 1
 0.999894 1 1 1 1
 0.999894 1 1 1 1
 0.999894 1 1 1 1
 0.999894 1 1 1 1
 0.999894 1 1 1 1
 0.999894 1 1 1 1
 0.999894 1 1 1 1
 0.999894 1 1 1 1
 0.999894 1 1 1 1
 0.999894 1 1 1 1
 0.999894 1 1 1 1
 0.999894 1 1 1 1
 0.999894 1 1 1 1
 0.999894 1 1 1 1
 0.999894 1 1 1 1
 0.999894 1 1 1 1
 0.999894 1 1 1 1
 0.999894 1 1 1 1
 0.999894 1 1 1 1
 0.999894 1 1 1 1
 0.999894 1 1 1 1
 0.999894 1 1 1 1
 0.999894 1 1 1 1
pf_obs 
 0.8446 0.082 0.0669 0.0065 0
 0.8095 0.147 0.0364 0.0071 0
 0.9664 0.0169 0.016 0.0007 0
 0.9276 0.0648 0.0075 0.0001 0
 0.7033 0.2144 0.0806 0.0017 0
 0.9318 0.0425 0.0243 0.0014 0
 0.5671 0.3108 0.0964 0.0239 0.0018
 0.0768 0.2599 0.5324 0.112 0.0189
 0.490249 0.384438 0.106611 0.0170017 0.00170017
 0.7925 0.1577 0.0466 0.003 0.0002
 0.840416 0.127587 0.0312969 0.00059994 9.999e-05
 0.8084 0.0986 0.0794 0.0134 0.0002
 0.7335 0.1905 0.0724 0.0035 0.0001
 0.4001 0.4547 0.1325 0.0127 0
 0.49795 0.308269 0.164784 0.0264974 0.00249975
 0.9179 0.0499 0.0305 0.0017 0
 0.2467 0.6533 0.0926 0.0074 0
 0.9418 0.0223 0.034 0.0019 0
 0.707729 0.231977 0.0356964 0.0245975 0
 0.517169 0.277429 0.184464 0.0207286 0.00020938
 0.811772 0.124168 0.05621 0.00726502 0.000585176
 0.764997 0.148141 0.077277 0.00933861 0.000247198
 0.163321 0.427699 0.378323 0.0303852 0.000271297
 0.753843 0.0900009 0.118128 0.0371064 0.000921714
 0.721811 0.176058 0.0630433 0.0369309 0.00215725
 0.143369 0.312575 0.442814 0.0836902 0.0175525
 0.692698 0.0596174 0.167031 0.0765114 0.00414204
 0.394062 0.376323 0.152708 0.0712218 0.00568511
 0.125707 0.32114 0.495352 0.0537591 0.00404204
 0.23352 0.215282 0.420074 0.123614 0.00750983
 0.774587 0.0839891 0.0768558 0.0609784 0.00358967
pf_pred 
 0.0893047 0.176224 0.647635 0.0868355 8.5793e-07
 0.171322 0.10729 0.142581 0.510459 0.0683478
 0.953887 0.0123075 0.00452582 0.00579629 0.0234831
 0.584863 0.404025 0.00305142 0.00108119 0.00698018
 0.438373 0.411644 0.146156 0.00105274 0.00277377
 0.994578 0.00343767 0.00147599 0.000495027 1.29191e-05
 0.111616 0.885304 0.00197458 0.000823189 0.000282845
 0.207348 0.149234 0.641283 0.00136955 0.000765321
 0.944185 0.0167114 0.00755328 0.0314463 0.000104506
 0.529175 0.455529 0.00470571 0.00204908 0.00854214
 0.953258 0.0338167 0.0125307 0.000121689 0.00027294
 0.914716 0.0827492 0.00184957 0.000664215 2.08818e-05
 0.787577 0.202443 0.00969654 0.00020717 7.65518e-05
 0.833729 0.145637 0.0197049 0.000901842 2.63228e-05
 0.871114 0.118881 0.00882975 0.00112224 5.26836e-05
 0.98436 0.0146966 0.000874599 6.1136e-05 8.10847e-06
 0.178091 0.814559 0.00692308 0.000396091 3.12931e-05
 0.982907 0.00485514 0.0121326 9.88023e-05 6.08536e-06
 0.488992 0.50563 0.00156278 0.00378267 3.26456e-05
 0.847453 0.0967002 0.0552833 0.000163886 0.00039921
 0.778329 0.201461 0.0129977 0.00713979 7.2562e-05
 0.901198 0.0849777 0.0126086 0.000782466 0.000433282
 0.149215 0.800035 0.0438771 0.00626917 0.000603242
 0.876236 0.0278415 0.0903853 0.00478859 0.000748636
 0.751147 0.229139 0.00454656 0.014293 0.000874111
 0.335937 0.549926 0.105367 0.00202545 0.00674535
 0.863224 0.0612845 0.0628565 0.0116657 0.000969334
 0.834534 0.151034 0.00658727 0.00653371 0.001311
 0.223538 0.686853 0.0819961 0.00347782 0.00413547
 0.275822 0.221059 0.446487 0.0518274 0.00480472
 0.947796 0.0213579 0.00968055 0.0187875 0.00237788
pobs_RECLAS
 0 0 0 0 0
 0 0 0 0 0
 0 0 0 0 0
 0 0 0 0 0
 0 0 0 0 0
 0 0 0 0 0
 0 0 0 0 0
 0 0 0 0 0
 0 0 0 0 0
 0 0 0 0 0
 0.991045 0.00858322 0.000360255 1.14367e-05 0
 0.934742 0.0480273 0.0164251 0.00080598 0
 0.827803 0.169806 0.00239088 0 0
 0.941827 0.0461693 0.0120037 0 0
 0.791401 0.0380133 0.147996 0.0225897 0
 0.846168 0.0940531 0.0597789 0 0
 0.134021 0.677848 0.182769 0.00536245 0
 0.80878 0.0450904 0.141981 0.00414843 0
 0.846168 0.0940531 0.0597789 0 0
 0.905697 0.0802665 0.012482 0.00150086 5.37128e-05
 0.989698 0.0102097 9.19794e-05 0 0
 0.975433 0.0193895 0.00387452 0.00125025 5.28907e-05
 0.303575 0.632131 0.0575291 0.00676475 0
 0.966965 0.00978017 0.0227588 0.000495775 0
 0.843318 0.132988 0.00938335 0.0141283 0.000182051
 0.564624 0.303363 0.111486 0.0197234 0.00080311
 0.826376 0.0876187 0.0782897 0.00655872 0.00115652
 0.89761 0.0855135 0.0140674 0.00269457 0.000114338
 0.34875 0.467042 0.161289 0.0227151 0.000203297
 0.318654 0.224769 0.449479 0.00709798 0
 0.937255 0.0296025 0.0250945 0.00804832 0
ppred_RECLAS
 0.124051 0.172771 0.620134 0.0830436 8.20412e-07
 0.23682 0.101205 0.130988 0.46829 0.062697
 0.968684 0.00852921 0.00305462 0.00390659 0.015826
 0.68276 0.309001 0.00226502 0.000801268 0.00517256
 0.557247 0.327424 0.112391 0.000808067 0.00212891
 0.996234 0.00240962 0.00100974 0.000338214 8.82603e-06
 0.158894 0.838273 0.00181696 0.00075632 0.000259848
 0.277516 0.138794 0.581756 0.00124077 0.000693311
 0.961931 0.0116192 0.00511474 0.021264 7.06617e-05
 0.647947 0.341019 0.0033991 0.00147729 0.00615786
 0.967219 0.023878 0.00863145 8.37115e-05 0.000187746
 0.941982 0.0563421 0.00122319 0.000438589 1.37873e-05
 0.848927 0.14417 0.00670684 0.00014307 5.2862e-05
 0.891888 0.0951128 0.0124154 0.000567131 1.65516e-05
 0.916762 0.0769849 0.00552016 0.000700276 3.28712e-05
 0.989382 0.00999374 0.000578798 4.04003e-05 5.35788e-06
 0.245252 0.748186 0.0061811 0.000353104 2.78947e-05
 0.988274 0.00339053 0.00826398 6.72085e-05 4.13917e-06
 0.588166 0.407622 0.00122513 0.00296096 2.5552e-05
 0.892634 0.0687398 0.0382373 0.000113188 0.000275694
 0.838565 0.147081 0.00923627 0.00506627 5.14848e-05
 0.930829 0.0597134 0.00862669 0.000534594 0.000296003
 0.203398 0.75023 0.0400999 0.00572161 0.000550514
 0.912348 0.0201047 0.0636529 0.00336781 0.000526477
 0.813249 0.172307 0.0033347 0.0104694 0.000640224
 0.422558 0.480237 0.0897449 0.00172286 0.00573722
 0.902659 0.0442341 0.0442282 0.00819725 0.000681085
 0.878014 0.111584 0.00475113 0.00470648 0.000944299
 0.291265 0.62867 0.0732711 0.00310378 0.00369045
 0.365094 0.197532 0.388206 0.0449965 0.00417113
 0.964891 0.0146087 0.00644023 0.0124803 0.00157947
pobs_PELACES
 0 0 0 0 0
 0 0 0 0 0
 0 0 0 0 0
 0 0 0 0 0
 0 0 0 0 0
 0 0 0 0 0
 0 0 0 0 0
 0 0 0 0 0
 0 0 0 0 0
 0 0 0 0 0
 0 0 0 0 0
 0 0 0 0 0
 0 0 0 0 0
 0 0 0 0 0
 0 0 0 0 0
 0 0 0 0 0
 0.505614 0.472636 0.0217494 0 0
 0 0 0 0 0
 0.443492 0.261883 0.143347 0.151278 0
 0.227955 0.32914 0.350689 0.0885471 0.00366901
 0.970185 0.0296113 0.000203453 0 0
 0.997202 0.00247181 0.000326279 0 0
 0.445219 0.490057 0.0546422 0.010081 0
 0.90214 0.0892962 0.00764917 0.000914606 0
 0 0 0 0 0
 0.581667 0.319106 0.0959925 0.00289975 0.000334073
 0.762889 0.0836404 0.116647 0.0363945 0.000428098
 0.88444 0.0763242 0.0277011 0.0115352 0
 0.521256 0.241999 0.230069 0.00667565 0
 0.616807 0.101726 0.260614 0.0208532 0
 0.833518 0.0704572 0.0857862 0.0102388 0
ppred_PELACES
 0.12945 0.172015 0.616048 0.0824865 8.14904e-07
 0.259568 0.0988552 0.126993 0.453825 0.060759
 0.97215 0.00762858 0.00271172 0.00346665 0.0140435
 0.718977 0.273813 0.00198334 0.000701173 0.00452624
 0.612885 0.287467 0.097113 0.000697619 0.00183784
 0.996485 0.00225163 0.00093991 0.000314759 8.21385e-06
 0.180417 0.816852 0.00175224 0.000728971 0.000250444
 0.295267 0.135931 0.566918 0.0012088 0.000675437
 0.966106 0.010401 0.00454444 0.0188854 6.27562e-05
 0.702631 0.288214 0.00282208 0.00122533 0.00510734
 0.969698 0.022101 0.00795116 7.7094e-05 0.000172902
 0.950189 0.0483875 0.00103901 0.000372327 1.1704e-05
 0.86859 0.125469 0.0057726 0.000123068 4.54699e-05
 0.913967 0.0758514 0.00972532 0.000443819 1.29521e-05
 0.933591 0.0615 0.00433418 0.000549312 2.57836e-05
 0.990656 0.00879853 0.000505254 3.52508e-05 4.67484e-06
 0.273911 0.719839 0.00588719 0.000336131 2.65531e-05
 0.989245 0.00312095 0.00756849 6.15355e-05 3.78973e-06
 0.622191 0.373983 0.00111332 0.00268934 2.32074e-05
 0.90495 0.0610474 0.0336607 9.95936e-05 0.000242575
 0.855028 0.132182 0.00823177 0.00451325 4.58638e-05
 0.938235 0.0533779 0.00765108 0.000473934 0.00026241
 0.220419 0.734476 0.0390062 0.00556363 0.000535303
 0.919341 0.0185764 0.0585042 0.00309451 0.000483747
 0.825703 0.160881 0.00309785 0.00972311 0.00059458
 0.443548 0.463181 0.086115 0.00165272 0.00550356
 0.911008 0.040573 0.0403261 0.00747163 0.000620785
 0.884329 0.105838 0.00449194 0.00444894 0.00089262
 0.303704 0.617857 0.0717833 0.00304023 0.00361486
 0.397638 0.188548 0.367315 0.0425548 0.00394469
 0.969471 0.0127748 0.00557959 0.0108071 0.00136768
pobs_pel_tallas
 0 0 0 0 0 0 0 0 0 0 0 0 0 0 0 0 0 0 0 0 0 0 0 0 0 0
 0 0 0 0 0 0 0 0 0 0 0 0 0 0 0 0 0 0 0 0 0 0 0 0 0 0
 0 0 0 0 0 0 0 0 0 0 0 0 0 0 0 0 0 0 0 0 0 0 0 0 0 0
 0 0 0 0 0 0 0 0 0 0 0 0 0 0 0 0 0 0 0 0 0 0 0 0 0 0
 0 0 0 0 0 0 0 0 0 0 0 0 0 0 0 0 0 0 0 0 0 0 0 0 0 0
 0 0 0 0 0 0 0 0 0 0 0 0 0 0 0 0 0 0 0 0 0 0 0 0 0 0
 0 0 0 0 0 0 0 0 0 0 0 0 0 0 0 0 0 0 0 0 0 0 0 0 0 0
 0 0 0 0 0 0 0 0 0 0 0 0 0 0 0 0 0 0 0 0 0 0 0 0 0 0
 0 0 0 0 0 0 0 0 0 0 0 0 0 0 0 0 0 0 0 0 0 0 0 0 0 0
 0 0 0 0 0 0 0 0 0 0 0 0 0 0 0 0 0 0 0 0 0 0 0 0 0 0
 0 0 0 0 0 0 0 0 0 0 0 0 0 0 0 0 0 0 0 0 0 0 0 0 0 0
 0 0 0 0 0 0 0 0 0 0 0 0 0 0 0 0 0 0 0 0 0 0 0 0 0 0
 0.00862536 0 0 0.000197151 0.00414017 0.0128641 0.00837892 0.0270097 0.101434 0.158115 0.152841 0.127902 0.109271 0.109419 0.0830992 0.0579132 0.0238553 0.00714673 0.00463305 0.00128148 0.00103504 0.000492878 0.000147863 0.000147863 4.92878e-05 0
 0 0 0 0 0 0 0 0 0 0 0 0 0 0 0 0 0 0 0 0 0 0 0 0 0 0
 0 0 0 0 0 0 0 0.0054083 0.00873648 0.0413646 0.0450493 0.0745869 0.0622846 0.0627006 0.0613931 0.0827291 0.12552 0.122667 0.0946155 0.0697135 0.0546179 0.0294188 0.0215738 0.0213955 0.0102223 0.00600262
 0 0 0 0 0.00359764 0.0251062 0.0480494 0.140153 0.205849 0.193036 0.1447 0.116669 0.0760912 0.0342217 0.00950174 0.001854 0.000860785 0 0 0 0.000165536 0 0.000143464 0 0 0
 0 0 0 0 0 0 0 0.000145254 0.000435761 0.0275982 0.070085 0.0708112 0.156366 0.174668 0.174014 0.160142 0.0824315 0.0480064 0.0283245 0.00493863 0.00203355 0 0 0 0 0
 0 0 0 0 0 0 0 0 0 0 0 0 0 0 0 0 0 0 0 0 0 0 0 0 0 0
 0 0 1.00437e-05 0.000401748 0.00122533 0.00171747 0.00176769 0.0269171 0.070346 0.194647 0.189555 0.159765 0.064822 0.0314167 0.0384472 0.0292271 0.0345202 0.0313363 0.0194345 0.0106764 0.0143323 0.0359363 0.0279516 0.0138201 0.00172751 0
 0 0.0021121 0.0136068 0.0755702 0.200478 0.177729 0.0527432 0.0373336 0.0318909 0.0142505 0.0149659 0.0166563 0.0217959 0.0798694 0.0677717 0.0528807 0.04013 0.0224614 0.0357745 0.0225083 0.00881397 0.00855152 0.00135912 0.000746735 0 0
 0 0 0 0 5.4009e-05 0.00500934 0.000945158 0.0243581 0.138947 0.33067 0.221406 0.137944 0.0707744 0.0437923 0.0131692 0.00525238 0.0047753 0.00276346 9.45158e-05 9.00151e-06 2.25038e-05 9.00151e-06 4.50075e-06 0 0 0
 0.000866109 0.00284123 0.00948549 0.0512746 0.133035 0.25785 0.225252 0.132002 0.0553304 0.0519788 0.0540692 0.017754 0.00435017 0.00159236 0.00146478 0.000404838 0.000125132 0.000115318 0.000107957 0.000100596 0 0 0 0 0 0
 0 0 0 0 0.00144013 0.00171154 0.00461396 0.0210425 0.0478622 0.0707936 0.0888783 0.103762 0.0637923 0.0337046 0.0602308 0.124433 0.169614 0.0934646 0.0462172 0.0250306 0.0313229 0.00938855 0.002487 0.000210481 0 0
 0 0.00764035 0.051015 0.0998891 0.058973 0.0496711 0.0374665 0.0718981 0.12319 0.153886 0.159021 0.0857701 0.0377988 0.023471 0.0147837 0.00900784 0.00315554 0.000888139 0.00291439 0.00214683 0.00393193 0.00274676 0.000635225 9.99891e-05 0 0
 0 0 0 0 0 0 0 0 0 0 0 0 0 0 0 0 0 0 0 0 0 0 0 0 0 0
 0 0 0 0 0 0 0 0 0 0 0 0 0 0 0 0 0 0 0 0 0 0 0 0 0 0
 0 0 0 0 0 0 0 0 0 0 0 0 0 0 0 0 0 0 0 0 0 0 0 0 0 0
 0 0 0 0 0 0 0 0 0 0 0 0 0 0 0 0 0 0 0 0 0 0 0 0 0 0
 0 0 0 0 0 0 0 0 0 0 0 0 0 0 0 0 0 0 0 0 0 0 0 0 0 0
 0 0 0 0 0 0 0 0 0 0 0 0 0 0 0 0 0 0 0 0 0 0 0 0 0 0
 0 0 0 0 0 0 0 0 0 0 0 0 0 0 0 0 0 0 0 0 0 0 0 0 0 0
ppred_pel_tallas
 1.26095e-16 1.06626e-05 0.000103645 0.000688755 0.00313099 0.00974177 0.0207565 0.0302984 0.0303159 0.0208426 0.0100334 0.00398537 0.00287872 0.00503442 0.00981482 0.017356 0.0276732 0.0403715 0.05487 0.0706346 0.0869476 0.102291 0.114047 0.119163 0.115578 0.103434
 1.59485e-16 2.13803e-05 0.000207824 0.00138106 0.00627812 0.0195336 0.0416188 0.0607459 0.0607558 0.0416672 0.0196973 0.00675591 0.00259985 0.0029355 0.00540768 0.00947389 0.0150568 0.0221078 0.0308174 0.04186 0.0561743 0.0741694 0.0947988 0.115207 0.131352 0.139376
 1.02805e-16 8.00747e-05 0.000778354 0.00517244 0.0235132 0.0731582 0.155871 0.227499 0.227499 0.155875 0.0731704 0.0235485 0.00526154 0.000974233 0.000456391 0.000639964 0.00094541 0.00126174 0.00154545 0.00180235 0.00209309 0.00249995 0.00306915 0.00376703 0.00447761 0.00504083
 1.00964e-16 5.92212e-05 0.000575651 0.00382541 0.0173898 0.0541061 0.11528 0.16826 0.168286 0.115408 0.0545379 0.018636 0.00695086 0.00738902 0.0129711 0.0212769 0.0304735 0.0379633 0.0411471 0.0388365 0.0319868 0.0231037 0.0148135 0.00868401 0.00496566 0.00307387
 1.03257e-16 5.04826e-05 0.000490709 0.00326093 0.0148237 0.0461223 0.0982695 0.143433 0.143461 0.0984053 0.0465786 0.0161428 0.00657593 0.00774034 0.0138565 0.0229248 0.033242 0.0422591 0.0473823 0.0473645 0.0429777 0.0363693 0.0296694 0.0239778 0.0193264 0.0152958
 1.00061e-16 8.20792e-05 0.000797839 0.00530192 0.0241018 0.0749895 0.159773 0.233194 0.233194 0.159774 0.0749931 0.0241121 0.00532798 0.000854893 0.000190935 0.000187045 0.000264499 0.000338781 0.00038546 0.000395173 0.000374029 0.000337955 0.000301664 0.000271033 0.000243551 0.000214022
 1.00375e-16 1.48608e-05 0.000144453 0.000959943 0.00436381 0.0135779 0.028932 0.0422435 0.042322 0.0293157 0.0148657 0.00808105 0.0102816 0.0204635 0.0385156 0.0634171 0.0908057 0.113038 0.122339 0.115131 0.0942381 0.0671319 0.0416787 0.0226284 0.0108351 0.00467472
 1.16631e-16 2.43207e-05 0.000236406 0.001571 0.00714156 0.0222201 0.0473428 0.0691012 0.0691151 0.0474114 0.0224527 0.00782396 0.00332419 0.00419655 0.0079334 0.0140846 0.0226214 0.03328 0.0455999 0.0590311 0.0727149 0.0850455 0.0935893 0.0958167 0.0903656 0.0779563
 1.02039e-16 7.95769e-05 0.000773516 0.00514028 0.023367 0.0727034 0.154902 0.226085 0.226086 0.154907 0.0727201 0.0234154 0.00526235 0.00104223 0.000596853 0.000879981 0.00130791 0.00175301 0.00215336 0.00250357 0.00286005 0.00329659 0.00383528 0.00440589 0.00486473 0.00505933
 1.01143e-16 5.78749e-05 0.000562564 0.00373844 0.0169944 0.0528761 0.112659 0.164435 0.164463 0.112795 0.0533306 0.0183063 0.0070286 0.00773523 0.0136513 0.0224017 0.0320895 0.0399864 0.0433592 0.0409592 0.0337916 0.0244911 0.0158157 0.00940789 0.00552335 0.00354146
 1.00273e-16 7.98727e-05 0.000776391 0.00515939 0.0234539 0.0729737 0.155478 0.226925 0.226928 0.155489 0.0730088 0.0235553 0.00541443 0.00133426 0.00114263 0.00177095 0.00256261 0.00326182 0.00366539 0.00367736 0.00335605 0.00286419 0.00236228 0.0019318 0.00157355 0.00125571
 1.00082e-16 7.82659e-05 0.000760772 0.0050556 0.022982 0.0715056 0.15235 0.222361 0.222366 0.152373 0.0715819 0.0232023 0.00560815 0.00196545 0.00236165 0.00376855 0.00539325 0.00672329 0.00729539 0.00689813 0.00569712 0.0041303 0.00265661 0.00155014 0.000856577 0.000478958
 1.00219e-16 7.15446e-05 0.000695439 0.00462144 0.0210084 0.065365 0.139267 0.203267 0.203279 0.139326 0.065563 0.02158 0.00605522 0.00382209 0.00599988 0.00978008 0.014021 0.0175033 0.0190366 0.0180716 0.0150291 0.0110292 0.0072437 0.00437005 0.00252477 0.001468
 1.00347e-16 7.52822e-05 0.00073177 0.00486287 0.0221059 0.0687797 0.146543 0.213885 0.213892 0.146578 0.0688996 0.0224522 0.0057319 0.00262843 0.00367601 0.00595427 0.00856072 0.0107443 0.0117933 0.0113768 0.009735 0.00751374 0.00537935 0.00371495 0.00257192 0.0018137
 1.00201e-16 7.68986e-05 0.000747482 0.00496728 0.0225805 0.0702565 0.149689 0.218477 0.218483 0.149718 0.0703536 0.0228609 0.00567065 0.00228172 0.00298711 0.00480713 0.006895 0.00862298 0.00940819 0.0089824 0.00754917 0.00564999 0.00384806 0.0024737 0.00157638 0.00103756
 1.00022e-16 8.1599e-05 0.000793172 0.00527091 0.0239608 0.0745509 0.158839 0.23183 0.23183 0.158843 0.0745647 0.0240009 0.00537149 0.00101254 0.000497611 0.000691893 0.000984947 0.00123028 0.00133999 0.00127538 0.00106578 0.00078922 0.000527152 0.000327738 0.000198678 0.00012312
 1.00393e-16 2.25619e-05 0.000219309 0.00145739 0.00662513 0.0206136 0.0439221 0.06412 0.0641893 0.0442602 0.0217486 0.00990137 0.00967349 0.0181295 0.0339619 0.0559123 0.0800767 0.0997195 0.107994 0.101746 0.0834528 0.0596777 0.0373241 0.0205548 0.0101146 0.00458393
 1.00227e-16 8.14828e-05 0.000792042 0.0052634 0.0239266 0.0744447 0.158612 0.231499 0.2315 0.158614 0.0744498 0.0239417 0.00530171 0.000877412 0.000248663 0.000295212 0.000447643 0.000625417 0.000805116 0.000973509 0.00112371 0.00124622 0.00132105 0.00132181 0.0012314 0.00105654
 1.00402e-16 5.12492e-05 0.00049816 0.00331045 0.0150488 0.0468227 0.0997621 0.145613 0.145649 0.0999378 0.0474124 0.0167508 0.00757856 0.0098019 0.0176808 0.0290443 0.0415894 0.0517848 0.0560727 0.0528199 0.0433221 0.0309987 0.0194431 0.0108153 0.00548844 0.0027029
 1.01039e-16 7.45395e-05 0.000724551 0.00481489 0.0218878 0.0681011 0.145097 0.211774 0.21178 0.145126 0.0681985 0.0221694 0.00552351 0.00227738 0.00304086 0.00495372 0.00723154 0.00930528 0.0106391 0.0109684 0.0104261 0.00940239 0.00826364 0.00716795 0.00608907 0.00496274
 1.00732e-16 7.04275e-05 0.000684581 0.00454928 0.0206804 0.0643444 0.137093 0.200094 0.200107 0.137155 0.0645531 0.0212829 0.00606094 0.00398194 0.0063251 0.0103253 0.0148208 0.0185405 0.0202421 0.0193562 0.0163283 0.012328 0.00856442 0.00573541 0.00392511 0.00285234
 1.00327e-16 7.72812e-05 0.0007512 0.00499199 0.0226929 0.070606 0.150434 0.219563 0.219569 0.150459 0.0706904 0.0229366 0.00560386 0.00208683 0.00261357 0.00419752 0.00603669 0.00758508 0.00834226 0.00807623 0.00695511 0.00542974 0.00396329 0.00281898 0.00202798 0.0014922
 1.01962e-16 1.81557e-05 0.00017648 0.00117278 0.00533132 0.0165881 0.0353453 0.0516023 0.051673 0.0356906 0.0177473 0.00867804 0.00956822 0.0184861 0.0347395 0.0572656 0.0821688 0.102647 0.111774 0.106346 0.0888241 0.0657382 0.0439021 0.0273397 0.0166816 0.0104947
 1.02086e-16 7.57249e-05 0.000736073 0.00489147 0.0222359 0.0691841 0.147404 0.215141 0.215143 0.147413 0.0692153 0.0223271 0.00512459 0.0012588 0.00110885 0.00181833 0.00285591 0.00409768 0.00545462 0.00685702 0.00823792 0.0094742 0.010351 0.0106162 0.0101089 0.00886888
 1.01207e-16 6.80121e-05 0.000661102 0.00439326 0.0199711 0.0621376 0.132391 0.193232 0.193248 0.132467 0.0623914 0.0207038 0.00623109 0.00466863 0.00766603 0.0125322 0.0179692 0.0224378 0.0244254 0.0232491 0.0194754 0.014564 0.0100213 0.00671232 0.00472224 0.0036606
 1.03701e-16 3.65345e-05 0.000355129 0.00235996 0.0107281 0.0333792 0.0711196 0.10381 0.103855 0.0713378 0.0341122 0.0128455 0.00767637 0.0119649 0.0220968 0.0365008 0.0526401 0.0663191 0.0732637 0.0714661 0.062343 0.0497129 0.037471 0.0277897 0.0208852 0.0159308
 1.02029e-16 7.50386e-05 0.000729402 0.00484713 0.0220344 0.0685571 0.146068 0.213192 0.213196 0.146088 0.0686224 0.0222237 0.0053252 0.00178195 0.00210019 0.00342164 0.00508133 0.00672336 0.00803099 0.00884634 0.00922879 0.00934867 0.0093121 0.00907691 0.00851961 0.0075706
 1.00754e-16 7.2841e-05 0.000708041 0.00470518 0.0213891 0.0665494 0.141791 0.20695 0.20696 0.141841 0.0667164 0.0218713 0.00591494 0.00334648 0.00507648 0.0082584 0.011846 0.0148068 0.0161447 0.0154075 0.0129604 0.0097519 0.00676189 0.00455421 0.00318993 0.00242642
 1.03147e-16 2.50159e-05 0.000243163 0.00161591 0.00734572 0.0228556 0.0486984 0.0710892 0.0711487 0.0489892 0.023832 0.0101654 0.00869223 0.0156855 0.0293368 0.0484171 0.0696404 0.0873488 0.095774 0.0922282 0.0786944 0.0604763 0.0430523 0.0295789 0.0204758 0.0145908
 1.15584e-16 3.2753e-05 0.000318371 0.00211569 0.00961761 0.0299241 0.0637571 0.0930592 0.0930779 0.0638487 0.0302335 0.0105182 0.0044022 0.00539575 0.00992723 0.0170159 0.0260362 0.0359233 0.0455047 0.0540799 0.0615175 0.0677065 0.0719323 0.0729011 0.0694993 0.0616552
 1.0148e-16 7.9854e-05 0.00077621 0.00515819 0.0234484 0.0729566 0.155442 0.226872 0.226873 0.155448 0.072977 0.0235074 0.00530702 0.00110295 0.000705941 0.00105583 0.00155048 0.00203244 0.00240583 0.00264082 0.00278959 0.00294432 0.00316374 0.00342596 0.00363951 0.00369714
pSPR Fmed_Fpbrs
0.240779   0.239832 0.239832
Fs Fmed_Fpbrs
1.00154   1.005 1.005
SSBpbr Bo_Bmed_Bpbrs
1.44599e+06  275863  274495 274495
Ro
57470.1
SPR SPRFo_SPRFmed_SPRFpbrs
410792 98909.9 98521.2
Fref
1.005
Nvult_r0
 85470.3 1613.14 723.695 1403.75 177.663
CTP_r0
 39301.1 885.624 401.412 779.038 98.6005
YTP_r0
390973
Np
 95316.6 15923 197.137 85.6913 183.472
Nvult_p0
 77657.9 13726.7 170.556 74.1513 158.765
CTP_p0
 31596.7 6797.48 85.4359 37.1668 79.5806
YTP_p0
 352983
CBA_c0
379576
log_Ro
10.779
likeval ReclasPelacesDesembMPH_pf_preclas_ppelaces_ptallas_desvR_qrecl_qpela
 15.3872 22.0191 0.224619 0.000970361 306.87 118.903 116.202 0 75.4649 8.06232e-05 0.000142915 0.00217874 0 0 0
q_reclas_q_pelaces
3.56929 5.47829
M
1
N
 14567.9 20816.1 74968.8 10041.1 0.0991997
 8991.06 4371.42 5722.33 20470.3 2740.75
 166545 1668.23 604.261 773.268 3132.69
 55035 30910.9 230.703 81.6925 527.39
 8629.14 6815.7 2396.81 17.255 45.4626
 287661 737.011 310.648 104.085 2.71624
 11707.7 74402.9 163.826 68.2514 23.4501
 3074.06 1665.44 7033.65 15.0075 8.38598
 52145.7 716.458 318.974 1326.91 4.40956
 13200.4 9684.14 99.1658 43.1614 179.925
 35774.6 952.435 346.78 3.36453 7.54604
 116743 8513.24 187.929 67.4444 2.12026
 75722.9 15701.3 742.786 15.8595 5.86007
 67900.2 10116 1356.82 62.0695 1.81163
 41828.6 4848.2 356.872 45.3361 2.12825
 269377 3159.38 185.355 12.9469 1.71708
 12442.1 45461.6 381.367 21.8041 1.72256
 488361 1817.64 4464.4 36.3227 2.23705
 137580 113035 344.695 833.728 7.19506
 234442 21081.1 11884.1 35.204 85.7501
 189946 38542.5 2451.11 1345.39 13.6727
 443470 32606 4766.94 295.596 163.676
 19341.5 79506.2 4291.23 612.612 58.9451
 164522 3950.26 12607.3 667.33 104.324
 162360 37318.5 727.795 2285.87 139.789
 30446.3 37584.9 7078.5 135.945 452.714
 129472 7006.97 7069.7 1310.94 108.925
 207402 27582.3 1180.19 1169.41 234.631
 25166.3 56768.3 6648.11 281.688 334.937
 10977 6930.25 13802.1 1600.93 148.41
 101393 1810.27 809.386 1569.68 198.662
pred_Ctot
 1725.76 3405.43 12515.2 1678.05 0.016579
 2975.57 1863.43 2476.39 8865.78 1187.08
 55098.6 710.91 261.421 334.806 1356.43
 25134 17362.6 131.132 46.4633 299.967
 4684.33 4398.71 1561.79 11.2492 29.6397
 55556.5 192.026 82.4479 27.6519 0.721652
 4892.81 38808.3 86.5582 36.0855 12.3988
 738.857 531.776 2285.13 4.88019 2.72712
 17240.2 305.138 137.918 574.188 1.90821
 7589.17 6532.97 67.4871 29.387 122.507
 8272.05 293.45 108.737 1.05597 2.36848
 50677.4 4584.5 102.47 36.7991 1.1569
 33014.7 8486.27 406.472 8.68442 3.209
 39163.5 6841.16 925.614 42.363 1.23648
 23699.8 3234.31 240.225 30.532 1.43332
 98066.7 1464.14 87.1318 6.09066 0.807805
 5101.09 23331.5 198.299 11.3453 0.896334
 118844 587.037 1466.96 11.9462 0.735784
 54393.6 56244.4 173.838 420.77 3.63137
 87394.5 9972.31 5701.14 16.9009 41.169
 68056 17615.5 1136.5 624.294 6.34472
 152208 14352.3 2129.54 132.155 73.1794
 5701.91 30571.5 1676.66 239.562 23.0515
 41461.2 1317.39 4276.8 226.584 35.4235
 39500.5 12049.7 239.09 751.627 45.9668
 7483.97 12251.2 2347.35 45.1229 150.272
 35996.4 2555.56 2621.11 486.458 40.4212
 34375.1 6221.23 271.335 269.129 54.0012
 4095.28 12583.4 1502.19 63.7147 75.7631
 4080.66 3270.47 6605.58 766.763 71.0837
 39301.1 885.624 401.412 779.038 98.6005
F
 0.203733 0.291352 0.298099 0.298463 0.298482
 0.684469 0.978836 1.00151 1.00273 1.00279
 0.684154 0.978386 1.00104 1.00227 1.00233
 1.08874 1.55697 1.59303 1.59497 1.59508
 1.4603 2.08832 2.13669 2.13929 2.13943
 0.352288 0.503796 0.515463 0.516093 0.516126
 0.950158 1.35879 1.39026 1.39195 1.39204
 0.456437 0.652735 0.667852 0.668667 0.66871
 0.683552 0.977525 1.00016 1.00138 1.00145
 1.62898 2.32955 2.38351 2.38641 2.38657
 0.435616 0.62296 0.637387 0.638165 0.638206
 1.00623 1.43897 1.4723 1.47409 1.47419
 1.01296 1.4486 1.48215 1.48396 1.48406
 1.63943 2.3445 2.39879 2.40172 2.40187
 1.5832 2.26409 2.31652 2.31935 2.3195
 0.779244 1.11437 1.14018 1.14157 1.14164
 0.923546 1.32073 1.35132 1.35297 1.35305
 0.463361 0.662637 0.677983 0.678811 0.678854
 0.875828 1.25249 1.2815 1.28306 1.28314
 0.805444 1.15184 1.17851 1.17995 1.18003
 0.762242 1.09006 1.1153 1.11666 1.11673
 0.718794 1.02792 1.05173 1.05301 1.05308
 0.588473 0.841556 0.861046 0.862096 0.862152
 0.483555 0.691516 0.707531 0.708395 0.70844
 0.463215 0.662428 0.677769 0.678597 0.67864
 0.469058 0.670784 0.686319 0.687156 0.6872
 0.546288 0.781228 0.79932 0.800296 0.800347
 0.295679 0.422841 0.432633 0.433161 0.433189
 0.289609 0.414159 0.423751 0.424268 0.424295
 0.802323 1.14738 1.17395 1.17538 1.17546
 0.851242 1.21733 1.24553 1.24705 1.24713
YTP_r0W_actual
 334060 14435.7 11600.8 27110.5 3766.54
YTP_p0W_proyectada
 237607 109575 1997.49 1096.42 2705.74
CTP_r0_actual
 39301.1 885.624 401.412 779.038 98.6005
CTP_p0_proyectada
 31596.7 6797.48 85.4359 37.1668 79.5806
Wmedp
 7.52 16.12 23.38 29.5 34
Frms_r0
 0.851242 1.21733 1.24553 1.24705 1.24713
Zrms_r0
 1.85124 2.21733 2.24553 2.24705 2.24713
nmprior
 8.19 8.8 8.5 0
nm_flota  nm_reclas  nm_pelaces    nm_pelaL
inf 23.1928 6.58593 11.5932
cv_recla  cv_pelaces  cv_mph
0.354817 0.532074 0.961329
 ------------------------------------------------
Talla a la edad & desviaci?n 
 8 13.2811 15.8009 17.003 17.5766
 0.8 1.32811 1.58009 1.7003 1.75766
