years
 1991 1992 1993 1994 1995 1996 1997 1998 1999 2000 2001 2002 2003 2004 2005 2006 2007 2008 2009 2010 2011 2012 2013 2014 2015 2016 2017 2018 2019 2020 2021
reclasobs
 0 0 0 0 0 0 0 0 0 252601 567819 844713 477998 351125 339783 2.1784e+06 2.13404e+06 4.81314e+06 1.55562e+06 2.62356e+06 3.21686e+06 3.843e+06 1.13348e+06 3.07943e+06 1.97215e+06 2.03268e+06 2.025e+06 2.42433e+06 2.27542e+06 1.05018e+06 2.36338e+06
reclaspred
 3.50393e+06 1.96128e+06 994158 1.00955e+06 1.01352e+06 1.59548e+06 988916 867155 622593 442077 514404 665254 654311 505492 513562 1.42391e+06 1.37914e+06 3.10873e+06 2.56855e+06 1.91853e+06 3.39843e+06 2.75065e+06 2.17736e+06 3.3357e+06 2.49442e+06 2.21572e+06 2.64871e+06 2.82282e+06 2.31262e+06 1.4607e+06 2.12178e+06
pelacesobs
 0 0 0 0 0 0 0 0 0 0 0 0 0 0 0 552880 188675 0 991730 2.46772e+06 1.41603e+06 1.21717e+06 2.29649e+06 1.80582e+06 0 1.4828e+06 1.56532e+06 1.57751e+06 1.42118e+06 867257 1.10002e+06
pelacespred
 1.60316e+06 996704 504212 419510 440290 716216 409637 447076 307788 205809 249425 267214 289170 233544 245079 569281 553448 1.4399e+06 1.22675e+06 847902 1.46265e+06 1.27929e+06 1.01327e+06 1.69997e+06 1.2243e+06 1.08529e+06 1.47772e+06 1.55319e+06 1.04808e+06 750740 1.0752e+06
mphobs
 0 0 0 0 0 0 0 0 0 0 0 498337 0 5186 125008 0 168611 109162 213762 579715 649985 157893 87575 83554 0 0 0 0 0 0 0
mphpred
 3.03578e+06 2.03492e+06 1.01217e+06 554400 616936 705236 917157 558882 493369 330600 212625 347431 370418 311528 207051 266919 940915 897046 1.76662e+06 1.33664e+06 1.43547e+06 1.77847e+06 1.68038e+06 1.38381e+06 1.91561e+06 1.57411e+06 1.30233e+06 1.3995e+06 1.95967e+06 1.3357e+06 836777
desembarqueobs
 494567 514787 250237 358949 120608 361735 552515 73892 212993 205616 52469 317467 293654 387597 252695 516296 358380 742168 942051 627588 828172 859565 418607 520667 417249 300574 415391 372974 316634 284311 391294
desembarquepred
 494574 513492 250891 358980 120613 361752 552575 73896.7 213049 205669 52471.8 317540 293708 387631 252688 516252 358403 742066 941833 627448 828239 859580 418616 520692 417249 300574 415389 372957 316626 284318 391297
Reclutas
 196737 110015 109788 186479 148705 249901 102997 46325.4 43043.2 56779.3 104790 142437 119457 83861.8 82724.1 465328 98707.5 701935 414614 319469 467586 621671 131039 380138 320875 146808 327847 367096 109604 79698.4 296258
log_desv_Rt
 0.131993 -0.449257 -0.451323 0.078442 -0.147912 0.37119 -0.515179 -1.31418 -1.38767 -1.1107 -0.497913 -0.190976 -0.366921 -0.720705 -0.734364 0.992868 -0.557713 1.40397 0.877472 0.616785 0.997709 1.28254 -0.274381 0.79066 0.621178 -0.160752 0.642671 0.755748 -0.453 -0.771626 0.541357
SSB
 3.03578e+06 2.03492e+06 1.01217e+06 554400 616936 705236 917157 558882 493369 330600 212625 347431 370418 311528 207051 266919 940915 897046 1.76662e+06 1.33664e+06 1.43547e+06 1.77847e+06 1.68038e+06 1.38381e+06 1.91561e+06 1.57411e+06 1.30233e+06 1.3995e+06 1.95967e+06 1.3357e+06 836777
BT
 4.11477e+06 2.80564e+06 1.41121e+06 1.26806e+06 1.11008e+06 1.95961e+06 1.44047e+06 1.0959e+06 921811 673435 620801 882546 933760 941875 818583 1.73026e+06 1.5556e+06 3.97579e+06 3.73474e+06 2.51747e+06 4.04603e+06 3.75236e+06 2.7015e+06 4.40533e+06 3.20866e+06 2.76917e+06 3.83219e+06 3.95644e+06 2.67825e+06 2.007e+06 2.85093e+06
Ftot
 0.138948 0.252865 0.246354 0.367344 0.122566 0.240335 0.536021 0.0872485 0.345693 0.464996 0.112139 0.490386 0.459848 0.770487 0.526514 0.40645 0.259046 0.262547 0.37307 0.334903 0.255585 0.324221 0.191217 0.168649 0.170641 0.137526 0.168455 0.143408 0.133736 0.192456 0.2014
BD_Bspro_t
 0.978014 0.841016 0.677827 0.588072 0.583198 0.659736 0.648359 0.481885 0.537711 0.488192 0.44919 0.656052 0.536151 0.444774 0.335748 0.396396 0.588884 0.563683 0.659771 0.564419 0.536388 0.585872 0.600497 0.593078 0.696527 0.704432 0.71265 0.748766 0.792331 0.72818 0.66303
BD_Bspro
 2.46336 1.65122 0.821317 0.449864 0.500608 0.572258 0.74422 0.453501 0.400341 0.268263 0.172533 0.28192 0.300573 0.252787 0.16801 0.216589 0.763498 0.727901 1.43351 1.0846 1.1648 1.44313 1.36353 1.12288 1.5544 1.2773 1.05677 1.13561 1.59016 1.08384 0.678996
BD_Bo
 1.63146 1.09359 0.543952 0.297942 0.331549 0.379002 0.492892 0.30035 0.265143 0.177669 0.114267 0.186713 0.199067 0.167419 0.111272 0.143446 0.505659 0.482084 0.949406 0.718325 0.771442 0.955774 0.903056 0.743677 1.02947 0.845944 0.699889 0.752109 1.05315 0.717822 0.449694
BD_Brms
 10.0742 6.75287 3.35888 1.83978 2.0473 2.34032 3.04358 1.85465 1.63724 1.0971 0.705596 1.15295 1.22923 1.0338 0.687097 0.88577 3.12242 2.97684 5.86254 4.43562 4.76362 5.90186 5.57633 4.59217 6.35694 5.22367 4.32178 4.64424 6.50317 4.43252 2.77684
Sel_flota
 0.796688 1 1 1 1
 0.796688 1 1 1 1
 0.796688 1 1 1 1
 0.796688 1 1 1 1
 0.796688 1 1 1 1
 0.796688 1 1 1 1
 0.796688 1 1 1 1
 0.796688 1 1 1 1
 0.796688 1 1 1 1
 0.796688 1 1 1 1
 0.796688 1 1 1 1
 0.796688 1 1 1 1
 0.796688 1 1 1 1
 0.796688 1 1 1 1
 0.796688 1 1 1 1
 0.796688 1 1 1 1
 0.796688 1 1 1 1
 0.796688 1 1 1 1
 0.796688 1 1 1 1
 0.796688 1 1 1 1
 0.796688 1 1 1 1
 0.796688 1 1 1 1
 0.796688 1 1 1 1
 0.796688 1 1 1 1
 0.796688 1 1 1 1
 0.796688 1 1 1 1
 0.796688 1 1 1 1
 0.796688 1 1 1 1
 0.796688 1 1 1 1
 0.796688 1 1 1 1
 0.796688 1 1 1 1
Sel_reclas
 1 1 1 1 1
 1 1 1 1 1
 1 1 1 1 1
 1 1 1 1 1
 1 1 1 1 1
 1 1 1 1 1
 1 1 1 1 1
 1 1 1 1 1
 1 1 1 1 1
 1 1 1 1 1
 1 1 1 1 1
 1 1 1 1 1
 1 1 1 1 1
 1 1 1 1 1
 1 1 1 1 1
 1 1 1 1 1
 1 1 1 1 1
 1 1 1 1 1
 1 1 1 1 1
 1 1 1 1 1
 1 1 1 1 1
 1 1 1 1 1
 1 1 1 1 1
 1 1 1 1 1
 1 1 1 1 1
 1 1 1 1 1
 1 1 1 1 1
 1 1 1 1 1
 1 1 1 1 1
 1 1 1 1 1
 1 1 1 1 1
Sel_pelaces
 1 1 1 1 1
 1 1 1 1 1
 1 1 1 1 1
 1 1 1 1 1
 1 1 1 1 1
 1 1 1 1 1
 1 1 1 1 1
 1 1 1 1 1
 1 1 1 1 1
 1 1 1 1 1
 1 1 1 1 1
 1 1 1 1 1
 1 1 1 1 1
 1 1 1 1 1
 1 1 1 1 1
 1 1 1 1 1
 1 1 1 1 1
 1 1 1 1 1
 1 1 1 1 1
 1 1 1 1 1
 1 1 1 1 1
 1 1 1 1 1
 1 1 1 1 1
 1 1 1 1 1
 1 1 1 1 1
 1 1 1 1 1
 1 1 1 1 1
 1 1 1 1 1
 1 1 1 1 1
 1 1 1 1 1
 1 1 1 1 1
pf_obs 
 0.8446 0.082 0.0669 0.0065 0
 0.8095 0.147 0.0364 0.0071 0
 0.9664 0.0169 0.016 0.0007 0
 0.9276 0.0648 0.0075 0.0001 0
 0.7033 0.2144 0.0806 0.0017 0
 0.9318 0.0425 0.0243 0.0014 0
 0.5671 0.3108 0.0964 0.0239 0.0018
 0.0768 0.2599 0.5324 0.112 0.0189
 0.490249 0.384438 0.106611 0.0170017 0.00170017
 0.7925 0.1577 0.0466 0.003 0.0002
 0.840416 0.127587 0.0312969 0.00059994 9.999e-05
 0.8084 0.0986 0.0794 0.0134 0.0002
 0.7335 0.1905 0.0724 0.0035 0.0001
 0.4001 0.4547 0.1325 0.0127 0
 0.49795 0.308269 0.164784 0.0264974 0.00249975
 0.9179 0.0499 0.0305 0.0017 0
 0.2467 0.6533 0.0926 0.0074 0
 0.9418 0.0223 0.034 0.0019 0
 0.707729 0.231977 0.0356964 0.0245975 0
 0.517169 0.277429 0.184464 0.0207286 0.00020938
 0.811772 0.124168 0.05621 0.00726502 0.000585176
 0.764997 0.148141 0.077277 0.00933861 0.000247198
 0.163321 0.427699 0.378323 0.0303852 0.000271297
 0.753843 0.0900009 0.118128 0.0371064 0.000921714
 0.721811 0.176058 0.0630433 0.0369309 0.00215725
 0.143369 0.312575 0.442814 0.0836902 0.0175525
 0.692698 0.0596174 0.167031 0.0765114 0.00414204
 0.394062 0.376323 0.152708 0.0712218 0.00568511
 0.125707 0.32114 0.495352 0.0537591 0.00404204
 0.23352 0.215282 0.420074 0.123614 0.00750983
 0.774587 0.0839891 0.0768558 0.0609784 0.00358967
pf_pred 
 0.454313 0.123112 0.398686 0.0238882 7.96041e-07
 0.415688 0.301028 0.0639114 0.206971 0.0124016
 0.563895 0.209077 0.116961 0.0248321 0.085235
 0.742563 0.161107 0.0461822 0.0258351 0.0243123
 0.649075 0.277643 0.0458611 0.0131463 0.0142751
 0.741787 0.181274 0.0608726 0.010055 0.00601209
 0.470242 0.417354 0.0789111 0.0264988 0.00699423
 0.449881 0.299147 0.19772 0.0373839 0.0158672
 0.530309 0.23914 0.125371 0.0828633 0.0223172
 0.699521 0.179263 0.0617162 0.0323551 0.0271445
 0.815398 0.139543 0.026882 0.00925487 0.00892248
 0.739521 0.221128 0.0297461 0.00573037 0.00387482
 0.687688 0.247102 0.0553581 0.00744676 0.00240461
 0.633815 0.272941 0.0737751 0.0165278 0.00294124
 0.743717 0.180899 0.0561888 0.0151877 0.00400798
 0.938365 0.0490351 0.00889341 0.00276237 0.000943704
 0.381884 0.58882 0.0233077 0.00422728 0.0017616
 0.895803 0.0463225 0.0551318 0.00218233 0.000560746
 0.598487 0.368447 0.0147002 0.0174958 0.000870499
 0.604377 0.261934 0.122679 0.0048946 0.00611528
 0.737975 0.174632 0.0578617 0.0270999 0.0024321
 0.739795 0.204212 0.0373174 0.0123646 0.00631077
 0.321122 0.534859 0.113028 0.0206545 0.0103365
 0.737123 0.0993593 0.128828 0.0272244 0.00746463
 0.623884 0.29421 0.0309578 0.0401396 0.0108082
 0.438449 0.381879 0.140545 0.0147887 0.024338
 0.731971 0.133772 0.0913007 0.033602 0.00935451
 0.685779 0.244368 0.0348634 0.0237946 0.0111952
 0.350401 0.478071 0.133396 0.0190313 0.0191003
 0.420427 0.236233 0.25268 0.0705051 0.0201541
 0.821505 0.0861065 0.0376576 0.0402795 0.0144519
pobs_RECLAS
 0 0 0 0 0
 0 0 0 0 0
 0 0 0 0 0
 0 0 0 0 0
 0 0 0 0 0
 0 0 0 0 0
 0 0 0 0 0
 0 0 0 0 0
 0 0 0 0 0
 0 0 0 0 0
 0.991045 0.00858322 0.000360255 1.14367e-05 0
 0.934742 0.0480273 0.0164251 0.00080598 0
 0.827803 0.169806 0.00239088 0 0
 0.941827 0.0461693 0.0120037 0 0
 0.791401 0.0380133 0.147996 0.0225897 0
 0.846168 0.0940531 0.0597789 0 0
 0.134021 0.677848 0.182769 0.00536245 0
 0.80878 0.0450904 0.141981 0.00414843 0
 0.846168 0.0940531 0.0597789 0 0
 0.905697 0.0802665 0.012482 0.00150086 5.37128e-05
 0.989698 0.0102097 9.19794e-05 0 0
 0.975433 0.0193895 0.00387452 0.00125025 5.28907e-05
 0.303575 0.632131 0.0575291 0.00676475 0
 0.966965 0.00978017 0.0227588 0.000495775 0
 0.843318 0.132988 0.00938335 0.0141283 0.000182051
 0.564624 0.303363 0.111486 0.0197234 0.00080311
 0.826376 0.0876187 0.0782897 0.00655872 0.00115652
 0.89761 0.0855135 0.0140674 0.00269457 0.000114338
 0.34875 0.467042 0.161289 0.0227151 0.000203297
 0.318654 0.224769 0.449479 0.00709798 0
 0.937255 0.0296025 0.0250945 0.00804832 0
ppred_RECLAS
 0.511655 0.110175 0.356791 0.021378 7.12391e-07
 0.473007 0.271498 0.0576419 0.186668 0.011185
 0.61993 0.182213 0.101933 0.0216414 0.0742831
 0.784937 0.134589 0.0385807 0.0215827 0.0203106
 0.699418 0.237813 0.039282 0.0112604 0.0122272
 0.783707 0.151844 0.0509901 0.00842256 0.00503604
 0.53024 0.370086 0.069974 0.0234976 0.0062021
 0.506926 0.268127 0.177217 0.0335074 0.0142219
 0.588106 0.209713 0.109943 0.0726667 0.019571
 0.747085 0.150887 0.051947 0.0272336 0.0228478
 0.84746 0.115307 0.0222131 0.00764747 0.0073728
 0.782849 0.184346 0.0247981 0.00477719 0.00323028
 0.73639 0.20857 0.0467257 0.00628553 0.00202964
 0.689335 0.231558 0.0625896 0.0140219 0.0024953
 0.786735 0.150534 0.0467572 0.0126384 0.00333522
 0.950703 0.0392199 0.00711325 0.00220944 0.000754806
 0.438072 0.535295 0.021189 0.00384301 0.00160147
 0.915606 0.0375186 0.0446538 0.00176757 0.000454173
 0.653544 0.317924 0.0126844 0.0150967 0.000751132
 0.658858 0.225863 0.105785 0.00422057 0.00527314
 0.780393 0.146361 0.0484947 0.0227129 0.00203838
 0.782296 0.170857 0.0312221 0.010345 0.00527998
 0.37341 0.493663 0.104322 0.0190637 0.00954036
 0.779298 0.0834184 0.10816 0.0228566 0.00626703
 0.676257 0.253243 0.026647 0.0345503 0.00930321
 0.4956 0.343014 0.126242 0.0132836 0.021861
 0.774719 0.112436 0.076739 0.0282428 0.00786255
 0.733106 0.207562 0.0296124 0.0202107 0.00950905
 0.40432 0.43839 0.122323 0.0174516 0.0175149
 0.477518 0.212963 0.22779 0.06356 0.0181688
 0.852935 0.0709446 0.0310268 0.0331869 0.0119071
pobs_PELACES
 0 0 0 0 0
 0 0 0 0 0
 0 0 0 0 0
 0 0 0 0 0
 0 0 0 0 0
 0 0 0 0 0
 0 0 0 0 0
 0 0 0 0 0
 0 0 0 0 0
 0 0 0 0 0
 0 0 0 0 0
 0 0 0 0 0
 0 0 0 0 0
 0 0 0 0 0
 0 0 0 0 0
 0 0 0 0 0
 0.505614 0.472636 0.0217494 0 0
 0 0 0 0 0
 0.443492 0.261883 0.143347 0.151278 0
 0.227955 0.32914 0.350689 0.0885471 0.00366901
 0.970185 0.0296113 0.000203453 0 0
 0.997202 0.00247181 0.000326279 0 0
 0.445219 0.490057 0.0546422 0.010081 0
 0.90214 0.0892962 0.00764917 0.000914606 0
 0 0 0 0 0
 0.581667 0.319106 0.0959925 0.00289975 0.000334073
 0.762889 0.0836404 0.116647 0.0363945 0.000428098
 0.88444 0.0763242 0.0277011 0.0115352 0
 0.521256 0.241999 0.230069 0.00667565 0
 0.616807 0.101726 0.260614 0.0208532 0
 0.833518 0.0704572 0.0857862 0.0102388 0
ppred_PELACES
 0.513984 0.109649 0.35509 0.021276 7.08994e-07
 0.477238 0.269319 0.0571792 0.185169 0.0110952
 0.623817 0.180349 0.100891 0.0214201 0.0735235
 0.789068 0.132004 0.0378396 0.0211681 0.0199204
 0.701144 0.236447 0.0390564 0.0111957 0.012157
 0.786428 0.149934 0.0503486 0.00831661 0.00497269
 0.539187 0.363038 0.0686413 0.0230501 0.00608397
 0.508389 0.267331 0.176692 0.033408 0.0141797
 0.593712 0.206859 0.108447 0.0716776 0.0193046
 0.752934 0.147398 0.0507456 0.0266037 0.0223193
 0.84843 0.114574 0.0220718 0.00759883 0.00732592
 0.78839 0.179642 0.0241653 0.00465529 0.00314786
 0.742335 0.203866 0.0456719 0.00614377 0.00198386
 0.700296 0.223389 0.0603813 0.0135272 0.00240726
 0.792602 0.146393 0.0454709 0.0122907 0.00324347
 0.951965 0.0382155 0.00693108 0.00215286 0.000735476
 0.442355 0.531215 0.0210275 0.00381372 0.00158926
 0.916957 0.0369179 0.0439388 0.00173926 0.000446902
 0.65919 0.312743 0.0124777 0.0148507 0.000738892
 0.66389 0.222532 0.104224 0.00415831 0.00519536
 0.783317 0.144412 0.0478489 0.0224104 0.00201123
 0.785978 0.167967 0.030694 0.01017 0.00519068
 0.376417 0.491295 0.103822 0.0189722 0.00949458
 0.781238 0.0826851 0.107209 0.0226557 0.00621194
 0.678758 0.251286 0.0264412 0.0342834 0.00923133
 0.497906 0.341445 0.125664 0.0132228 0.0217611
 0.776686 0.111455 0.0760691 0.0279963 0.00779392
 0.734984 0.206101 0.029404 0.0200685 0.00944213
 0.406483 0.436798 0.121879 0.0173882 0.0174513
 0.480741 0.211649 0.226385 0.063168 0.0180568
 0.854622 0.0701308 0.0306709 0.0328063 0.0117706
pobs_pel_tallas
 0 0 0 0 0 0 0 0 0 0 0 0 0 0 0 0 0 0 0 0 0 0 0 0 0 0
 0 0 0 0 0 0 0 0 0 0 0 0 0 0 0 0 0 0 0 0 0 0 0 0 0 0
 0 0 0 0 0 0 0 0 0 0 0 0 0 0 0 0 0 0 0 0 0 0 0 0 0 0
 0 0 0 0 0 0 0 0 0 0 0 0 0 0 0 0 0 0 0 0 0 0 0 0 0 0
 0 0 0 0 0 0 0 0 0 0 0 0 0 0 0 0 0 0 0 0 0 0 0 0 0 0
 0 0 0 0 0 0 0 0 0 0 0 0 0 0 0 0 0 0 0 0 0 0 0 0 0 0
 0 0 0 0 0 0 0 0 0 0 0 0 0 0 0 0 0 0 0 0 0 0 0 0 0 0
 0 0 0 0 0 0 0 0 0 0 0 0 0 0 0 0 0 0 0 0 0 0 0 0 0 0
 0 0 0 0 0 0 0 0 0 0 0 0 0 0 0 0 0 0 0 0 0 0 0 0 0 0
 0 0 0 0 0 0 0 0 0 0 0 0 0 0 0 0 0 0 0 0 0 0 0 0 0 0
 0 0 0 0 0 0 0 0 0 0 0 0 0 0 0 0 0 0 0 0 0 0 0 0 0 0
 0 0 0 0 0 0 0 0 0 0 0 0 0 0 0 0 0 0 0 0 0 0 0 0 0 0
 0.00862536 0 0 0.000197151 0.00414017 0.0128641 0.00837892 0.0270097 0.101434 0.158115 0.152841 0.127902 0.109271 0.109419 0.0830992 0.0579132 0.0238553 0.00714673 0.00463305 0.00128148 0.00103504 0.000492878 0.000147863 0.000147863 4.92878e-05 0
 0 0 0 0 0 0 0 0 0 0 0 0 0 0 0 0 0 0 0 0 0 0 0 0 0 0
 0 0 0 0 0 0 0 0.0054083 0.00873648 0.0413646 0.0450493 0.0745869 0.0622846 0.0627006 0.0613931 0.0827291 0.12552 0.122667 0.0946155 0.0697135 0.0546179 0.0294188 0.0215738 0.0213955 0.0102223 0.00600262
 0 0 0 0 0.00359764 0.0251062 0.0480494 0.140153 0.205849 0.193036 0.1447 0.116669 0.0760912 0.0342217 0.00950174 0.001854 0.000860785 0 0 0 0.000165536 0 0.000143464 0 0 0
 0 0 0 0 0 0 0 0.000145254 0.000435761 0.0275982 0.070085 0.0708112 0.156366 0.174668 0.174014 0.160142 0.0824315 0.0480064 0.0283245 0.00493863 0.00203355 0 0 0 0 0
 0 0 0 0 0 0 0 0 0 0 0 0 0 0 0 0 0 0 0 0 0 0 0 0 0 0
 0 0 1.00437e-05 0.000401748 0.00122533 0.00171747 0.00176769 0.0269171 0.070346 0.194647 0.189555 0.159765 0.064822 0.0314167 0.0384472 0.0292271 0.0345202 0.0313363 0.0194345 0.0106764 0.0143323 0.0359363 0.0279516 0.0138201 0.00172751 0
 0 0.0021121 0.0136068 0.0755702 0.200478 0.177729 0.0527432 0.0373336 0.0318909 0.0142505 0.0149659 0.0166563 0.0217959 0.0798694 0.0677717 0.0528807 0.04013 0.0224614 0.0357745 0.0225083 0.00881397 0.00855152 0.00135912 0.000746735 0 0
 0 0 0 0 5.4009e-05 0.00500934 0.000945158 0.0243581 0.138947 0.33067 0.221406 0.137944 0.0707744 0.0437923 0.0131692 0.00525238 0.0047753 0.00276346 9.45158e-05 9.00151e-06 2.25038e-05 9.00151e-06 4.50075e-06 0 0 0
 0.000866109 0.00284123 0.00948549 0.0512746 0.133035 0.25785 0.225252 0.132002 0.0553304 0.0519788 0.0540692 0.017754 0.00435017 0.00159236 0.00146478 0.000404838 0.000125132 0.000115318 0.000107957 0.000100596 0 0 0 0 0 0
 0 0 0 0 0.00144013 0.00171154 0.00461396 0.0210425 0.0478622 0.0707936 0.0888783 0.103762 0.0637923 0.0337046 0.0602308 0.124433 0.169614 0.0934646 0.0462172 0.0250306 0.0313229 0.00938855 0.002487 0.000210481 0 0
 0 0.00764035 0.051015 0.0998891 0.058973 0.0496711 0.0374665 0.0718981 0.12319 0.153886 0.159021 0.0857701 0.0377988 0.023471 0.0147837 0.00900784 0.00315554 0.000888139 0.00291439 0.00214683 0.00393193 0.00274676 0.000635225 9.99891e-05 0 0
 0 0 0 0 0 0 0 0 0 0 0 0 0 0 0 0 0 0 0 0 0 0 0 0 0 0
 0 0 0 0 0 0 0 0 0 0 0 0 0 0 0 0 0 0 0 0 0 0 0 0 0 0
 0 0 0 0 0 0 0 0 0 0 0 0 0 0 0 0 0 0 0 0 0 0 0 0 0 0
 0 0 0 0 0 0 0 0 0 0 0 0 0 0 0 0 0 0 0 0 0 0 0 0 0 0
 0 0 0 0 0 0 0 0 0 0 0 0 0 0 0 0 0 0 0 0 0 0 0 0 0 0
 0 0 0 0 0 0 0 0 0 0 0 0 0 0 0 0 0 0 0 0 0 0 0 0 0 0
 0 0 0 0 0 0 0 0 0 0 0 0 0 0 0 0 0 0 0 0 0 0 0 0 0 0
ppred_pel_tallas
 1.12409e-16 4.23362e-05 0.000411523 0.00273472 0.0124316 0.0386795 0.0824111 0.120284 0.120295 0.0824656 0.0388639 0.0129711 0.00411438 0.00350732 0.00616736 0.0107677 0.0169907 0.024447 0.0326508 0.0411923 0.0496512 0.0572467 0.0626386 0.0642735 0.0611724 0.0535902
 1.22167e-16 3.93095e-05 0.000382102 0.0025392 0.0115429 0.0359143 0.0765202 0.111689 0.111715 0.0766475 0.0363422 0.0127802 0.00565056 0.00719357 0.0130357 0.0216568 0.0316184 0.0407309 0.0468746 0.0492902 0.0491064 0.0485348 0.0493224 0.0516509 0.0541875 0.0550355
 1.17549e-16 5.1383e-05 0.000499461 0.00331909 0.0150881 0.0469449 0.100022 0.145988 0.146006 0.100107 0.0472329 0.0159219 0.00541897 0.00510674 0.00887087 0.0147695 0.0217163 0.0282725 0.0330288 0.0354148 0.0360353 0.0361712 0.0368382 0.0381543 0.0394084 0.0396135
 1.0662e-16 6.49945e-05 0.00063177 0.00419833 0.019085 0.0593806 0.126517 0.184658 0.184671 0.12658 0.0595902 0.0196909 0.00572114 0.00396305 0.00641271 0.0105554 0.0153369 0.0195888 0.0221785 0.02262 0.0213655 0.0194715 0.0179067 0.0170419 0.016629 0.0161411
 1.04368e-16 5.77523e-05 0.000561373 0.00373052 0.0169584 0.0527641 0.11242 0.164086 0.164108 0.112532 0.0531382 0.0180393 0.0064442 0.00648749 0.011319 0.0186387 0.026887 0.0339057 0.0375381 0.0368021 0.0324725 0.0265414 0.0210026 0.0169079 0.0142421 0.0124156
 1.03167e-16 6.47771e-05 0.000629656 0.00418429 0.0190212 0.059182 0.126094 0.184041 0.184055 0.126165 0.0594201 0.0197094 0.00591414 0.00441348 0.00727308 0.0119792 0.0173854 0.0221456 0.0249258 0.0251013 0.0230985 0.0200469 0.017039 0.0145939 0.0126433 0.0108736
 1.05415e-16 4.44122e-05 0.000431702 0.00286882 0.0130412 0.0405763 0.0864535 0.126189 0.126224 0.0866246 0.0411511 0.0147017 0.00703831 0.00953897 0.0173563 0.0286642 0.041385 0.0522504 0.0579546 0.0569739 0.0504561 0.0413932 0.0327748 0.0261717 0.0215748 0.0181621
 1.10918e-16 4.18754e-05 0.000407044 0.00270495 0.0122963 0.0382586 0.0815149 0.118979 0.119005 0.0816421 0.038686 0.0135339 0.00582225 0.00724849 0.0131419 0.0219396 0.0322556 0.0419357 0.0487768 0.0517232 0.0513746 0.0493185 0.0468816 0.0443626 0.0412361 0.0369134
 1.13638e-16 4.89033e-05 0.000475358 0.00315892 0.01436 0.0446794 0.095195 0.138944 0.138964 0.0952932 0.0450097 0.0153158 0.0055657 0.00575478 0.0101512 0.0169066 0.024833 0.0322686 0.0375656 0.0400207 0.0402604 0.0396738 0.0393566 0.0394268 0.0391533 0.0376183
 1.07948e-16 6.20182e-05 0.000602839 0.00400608 0.0182111 0.0566614 0.120724 0.176203 0.176217 0.120793 0.0568957 0.0188886 0.00570977 0.00433212 0.00717487 0.0118446 0.0172525 0.0221215 0.0252057 0.0259696 0.0249033 0.0231441 0.0217098 0.0209484 0.0205377 0.0198817
 1.02669e-16 6.98841e-05 0.000679298 0.00451417 0.0205208 0.0638478 0.136035 0.198549 0.19856 0.136089 0.0640293 0.021045 0.00583053 0.00355495 0.00553744 0.0090605 0.0130854 0.0165428 0.0183965 0.0181782 0.0162634 0.0136042 0.0111403 0.00934665 0.00818195 0.00733728
 1.01743e-16 6.49387e-05 0.000631227 0.00419473 0.0190686 0.0593297 0.126409 0.184501 0.184518 0.126493 0.0596137 0.019889 0.0062538 0.00512587 0.00860008 0.0141122 0.0203166 0.0255353 0.0281029 0.0272509 0.0235594 0.0185581 0.0138083 0.0101812 0.00774826 0.00613391
 1.02323e-16 6.11452e-05 0.000594353 0.00394968 0.0179547 0.0558639 0.119025 0.173724 0.173744 0.119121 0.0561868 0.0188877 0.00629291 0.00571368 0.00979547 0.0161276 0.023297 0.0294417 0.0326985 0.0321945 0.028543 0.0233849 0.0183697 0.0143797 0.0114514 0.00919878
 1.03564e-16 5.76825e-05 0.000560694 0.00372601 0.0169379 0.0527003 0.112284 0.163887 0.163908 0.11239 0.0530545 0.0179616 0.00629796 0.00618279 0.0107571 0.01775 0.0256984 0.0325977 0.0364348 0.0362691 0.0327597 0.027654 0.0226736 0.0186867 0.0156534 0.0131169
 1.03132e-16 6.52856e-05 0.000634599 0.00421714 0.0191705 0.0596466 0.127084 0.185486 0.1855 0.127153 0.059879 0.0198422 0.00590512 0.0043262 0.0070961 0.0116799 0.016941 0.0215606 0.0242357 0.0243613 0.0223652 0.0193661 0.0164444 0.0141106 0.0122865 0.0106431
 1.00551e-16 7.84121e-05 0.000762194 0.00506504 0.023025 0.0716392 0.152635 0.222776 0.22278 0.152653 0.0716997 0.0231997 0.00550383 0.00172052 0.00189981 0.00302027 0.00435176 0.0054905 0.00608327 0.00596906 0.00526918 0.0043002 0.00337949 0.00267532 0.00218897 0.00183455
 1.01395e-16 3.64363e-05 0.000354174 0.00235361 0.0106992 0.0332895 0.0709287 0.103533 0.103584 0.0711784 0.0341276 0.013119 0.00842315 0.0135896 0.0251302 0.0413758 0.0593369 0.0740636 0.0805355 0.0764378 0.0635692 0.0466918 0.030781 0.018787 0.0111782 0.00689653
 1.01528e-16 7.55285e-05 0.000734164 0.00487878 0.0221782 0.0690047 0.147022 0.214584 0.214587 0.14704 0.0690644 0.0223512 0.00531588 0.00169783 0.00193334 0.00314848 0.00469468 0.00624861 0.00752262 0.0083626 0.00879697 0.0089437 0.00886445 0.00850677 0.0077781 0.00666633
 1.02055e-16 5.42966e-05 0.000527783 0.0035073 0.0159437 0.049607 0.105694 0.15427 0.1543 0.105841 0.0501005 0.0173687 0.00708183 0.00832353 0.014838 0.0243877 0.0349953 0.0437368 0.047678 0.0454822 0.0382281 0.0287195 0.0198528 0.0132951 0.00922847 0.00693876
 1.04361e-16 5.46838e-05 0.000531546 0.00353231 0.0160574 0.0499606 0.106447 0.155367 0.155389 0.106553 0.0503148 0.0170819 0.00610938 0.0061749 0.0108238 0.0179406 0.0261473 0.0335193 0.0381037 0.0389532 0.0366126 0.0326052 0.0283789 0.0245836 0.0211159 0.0176426
 1.04006e-16 6.45208e-05 0.000627166 0.00416774 0.0189459 0.0589479 0.125595 0.183313 0.183327 0.125664 0.0591773 0.0196091 0.00583484 0.0042746 0.00701575 0.0115601 0.0167974 0.0214445 0.0242376 0.024599 0.0229577 0.0204006 0.0179477 0.0160318 0.0144982 0.0129622
 1.02828e-16 6.474e-05 0.000629296 0.00418189 0.0190103 0.0591482 0.126022 0.183936 0.183952 0.126101 0.0594141 0.0197784 0.0061107 0.00484214 0.00807239 0.0132606 0.0191389 0.0241595 0.0267919 0.0263353 0.0233283 0.0191648 0.0152363 0.0122712 0.0102565 0.00879259
 1.06632e-16 3.1005e-05 0.00030138 0.00200278 0.00910437 0.0283273 0.0603561 0.0881015 0.0881489 0.0605878 0.0291054 0.0113523 0.00764813 0.012634 0.0234788 0.0388335 0.0560953 0.0708697 0.0786797 0.0774417 0.068666 0.0563484 0.0444937 0.0352271 0.0285917 0.0235733
 1.06439e-16 6.43496e-05 0.000625501 0.00415667 0.0188956 0.0587914 0.125262 0.182825 0.182833 0.125301 0.0589254 0.0192847 0.00514082 0.00279902 0.0042661 0.00714427 0.0107382 0.0144536 0.0177093 0.0202124 0.0220498 0.0234523 0.0244517 0.0247596 0.0239705 0.0218884
 1.05828e-16 5.59085e-05 0.00054345 0.00361142 0.016417 0.0510795 0.108831 0.158847 0.158872 0.10895 0.0514768 0.0175645 0.00649191 0.00683183 0.012 0.0197554 0.0284714 0.0358573 0.0396348 0.038798 0.0342333 0.0281282 0.0226441 0.0188749 0.0166992 0.0153311
 1.08723e-16 4.1012e-05 0.000398651 0.00264918 0.0120428 0.0374698 0.0798346 0.116528 0.116561 0.079996 0.0380123 0.0136114 0.00659254 0.00902694 0.0164862 0.0273431 0.0397428 0.0507282 0.0572908 0.0580209 0.0538803 0.0474045 0.0410231 0.0358534 0.0316861 0.0277769
 1.06351e-16 6.39746e-05 0.000621856 0.00413245 0.0187855 0.0584488 0.124532 0.18176 0.181771 0.124585 0.0586272 0.0193022 0.00543437 0.00348094 0.00554408 0.00919652 0.013554 0.017706 0.0207644 0.0223228 0.0226535 0.0224107 0.0220955 0.0217351 0.020986 0.0194865
 1.04512e-16 6.05397e-05 0.000588468 0.00391058 0.0177769 0.0553107 0.117846 0.172004 0.172024 0.117943 0.0556368 0.0187188 0.00627522 0.00575201 0.00987185 0.0162381 0.0234211 0.0295356 0.0327115 0.0321116 0.0284363 0.0234437 0.0188761 0.0156243 0.013617 0.012266
 1.08326e-16 3.34816e-05 0.000325453 0.00216275 0.00983157 0.0305899 0.0651766 0.095136 0.0951782 0.0653828 0.0312826 0.0118337 0.00719297 0.011322 0.0209635 0.0347232 0.0502958 0.0638332 0.0714141 0.0712098 0.064517 0.0547558 0.04529 0.0378056 0.0322009 0.0275432
 1.15978e-16 3.9598e-05 0.000384907 0.00255784 0.0116276 0.0361779 0.0770816 0.112507 0.112528 0.077183 0.0365194 0.0126182 0.00506045 0.00590126 0.0106728 0.0179928 0.026882 0.0358414 0.0433335 0.0486218 0.0520551 0.0544701 0.0562522 0.0569088 0.0554753 0.0513076
 1.06186e-16 7.03941e-05 0.000684255 0.00454712 0.0206705 0.0643138 0.137028 0.199997 0.200004 0.137061 0.0644256 0.0209942 0.00536199 0.00247121 0.00348855 0.00572186 0.00839632 0.0109113 0.0127204 0.0136146 0.0138475 0.0139309 0.0142546 0.0148313 0.0153311 0.0153233
pSPR Fmed_Fpbrs
0.631072   0.211945 0.211945
Fs Fmed_Fpbrs
0.249183   1.005 1.005
SSBpbr Bo_Bmed_Bpbrs
1.86077e+06  1.08124e+06  301341 301341
Ro
172410
SPR SPRFo_SPRFmed_SPRFpbrs
1.23237e+06 777717 261195
Fref
1.005
Nvult_r0
 203428 17586.7 7691.32 8226.82 2951.7
CTP_r0
 28127.5 2948.2 1289.36 1379.13 494.817
YTP_r0
391297
Np
 235455 92830.8 7564.92 3308.42 4603.13
Nvult_p0
 196561 80330.2 6546.22 2862.91 3983.27
CTP_p0
 87401.1 40265.3 3281.27 1435.03 1996.6
YTP_p0
 1.49327e+06
CBA_c0
721888
log_Ro
11.8776
likeval ReclasPelacesDesembMPH_pf_preclas_ppelaces_ptallas_desvR_qrecl_qpela
 13.9997 17.9837 0.0678486 0.0026404 241.254 118.57 98.4525 0 24.2596 0 0 0.345578 0 0 0
q_reclas_q_pelaces
1 1
M
1
N
 196737 42966.1 139142 8336.99 0.277819
 110015 64791.2 13755.8 44547 2669.23
 109788 33087.7 18509.9 3929.84 13489
 186479 33191.2 9514.43 5322.54 5008.81
 148705 51195.8 8456.55 2424.11 2632.25
 249901 49616.1 16661.3 2752.13 1645.56
 102997 75913.4 14353.3 4819.92 1272.2
 46325.4 24721 16339.3 3089.35 1311.24
 43043.2 15897.8 8334.52 5508.67 1483.63
 56779.3 12022.7 4139.14 2169.97 1820.51
 104790 14421.4 2778.19 956.468 922.116
 142437 35255.5 4742.56 913.622 617.782
 119457 35453.2 7942.56 1068.43 345.003
 83861.8 30465.6 8234.77 1844.83 328.301
 82724.1 16698.7 5186.77 1401.97 369.976
 465328 20006.2 3628.5 1127.04 385.03
 98707.5 123832 4901.76 889.024 370.475
 701935 29541.1 35159.1 1391.73 357.603
 414614 209489 8358.14 9947.65 494.943
 319469 113310 53069.5 2117.35 2645.4
 467586 90003.3 29821.3 13967 1253.48
 621671 140325 25642.8 8496.37 4336.47
 131039 176639 37327.9 6821.24 3413.66
 380138 41394.7 53672 11342.1 3109.89
 320875 122263 12864.9 16680.5 4491.5
 146808 103039 37922.1 3990.29 6566.89
 327847 48402.8 33035.4 12158.2 3384.75
 367096 105461 15045.9 10268.9 4831.49
 109604 120466 33613.6 4795.58 4812.98
 79698.4 36246 38769.5 10817.8 3092.31
 296258 25151.6 10999.7 11765.6 4221.38
pred_Ctot
 13150.4 3563.55 11540.2 691.459 0.0230419
 12898.8 9340.93 1983.18 6422.34 384.822
 12567 4659.49 2606.6 553.409 1899.55
 30628.1 6645.1 1904.85 1065.61 1002.8
 8814.97 3770.62 622.832 178.538 193.867
 27960.2 6832.74 2294.47 379.001 226.613
 23423.9 20789.4 3930.76 1319.97 348.4
 1977.56 1314.97 869.124 164.33 69.7479
 6698.51 3020.66 1583.6 1046.68 281.897
 11450 2934.24 1010.19 529.6 444.311
 5702.74 975.939 188.008 64.7268 62.4021
 30054.8 8986.85 1208.91 232.888 157.476
 23860.8 8573.74 1920.77 258.381 83.433
 25546.1 11000.9 2973.52 666.157 118.547
 18533.8 4508.08 1400.25 378.484 99.8808
 83532.2 4365.04 791.681 245.903 84.0074
 11832.5 18244.3 722.18 130.981 54.5825
 85185.7 4405 5242.72 207.527 53.3237
 69035 42500.1 1695.65 2018.13 100.411
 48329.4 20945.8 9810.1 391.4 489.012
 55364 13101.1 4340.87 2033.08 182.46
 91355.7 25217.8 4608.25 1526.88 779.304
 11851 19739 4171.3 762.256 381.468
 30544.3 4117.16 5338.27 1128.1 309.313
 26070.1 12294.1 1293.63 1677.31 451.641
 9717.08 8463.34 3114.82 327.752 539.388
 26314.1 4809.05 3282.22 1207.98 336.291
 25288.4 9011.17 1285.6 877.437 412.83
 7063.45 9637.03 2689.01 383.635 385.027
 7251.65 4074.62 4358.3 1216.09 347.624
 28127.5 2948.2 1289.36 1379.13 494.817
F
 0.110698 0.138948 0.138948 0.138948 0.138948
 0.201455 0.252865 0.252865 0.252865 0.252865
 0.196267 0.246354 0.246354 0.246354 0.246354
 0.292659 0.367344 0.367344 0.367344 0.367344
 0.0976472 0.122566 0.122566 0.122566 0.122566
 0.191472 0.240335 0.240335 0.240335 0.240335
 0.427041 0.536021 0.536021 0.536021 0.536021
 0.0695098 0.0872485 0.0872485 0.0872485 0.0872485
 0.275409 0.345693 0.345693 0.345693 0.345693
 0.370456 0.464996 0.464996 0.464996 0.464996
 0.0893397 0.112139 0.112139 0.112139 0.112139
 0.390684 0.490386 0.490386 0.490386 0.490386
 0.366355 0.459848 0.459848 0.459848 0.459848
 0.613838 0.770487 0.770487 0.770487 0.770487
 0.419467 0.526514 0.526514 0.526514 0.526514
 0.323814 0.40645 0.40645 0.40645 0.40645
 0.206379 0.259046 0.259046 0.259046 0.259046
 0.209168 0.262547 0.262547 0.262547 0.262547
 0.297221 0.37307 0.37307 0.37307 0.37307
 0.266813 0.334903 0.334903 0.334903 0.334903
 0.203621 0.255585 0.255585 0.255585 0.255585
 0.258303 0.324221 0.324221 0.324221 0.324221
 0.15234 0.191217 0.191217 0.191217 0.191217
 0.13436 0.168649 0.168649 0.168649 0.168649
 0.135947 0.170641 0.170641 0.170641 0.170641
 0.109565 0.137526 0.137526 0.137526 0.137526
 0.134206 0.168455 0.168455 0.168455 0.168455
 0.114251 0.143408 0.143408 0.143408 0.143408
 0.106546 0.133736 0.133736 0.133736 0.133736
 0.153328 0.192456 0.192456 0.192456 0.192456
 0.160453 0.2014 0.2014 0.2014 0.2014
YTP_r0W_actual
 239083 48055.6 37262.4 47993.6 18902
YTP_p0W_proyectada
 657256 649076 76716.2 42333.2 67884.5
CTP_r0_actual
 28127.5 2948.2 1289.36 1379.13 494.817
CTP_p0_proyectada
 87401.1 40265.3 3281.27 1435.03 1996.6
Wmedp
 7.52 16.12 23.38 29.5 34
Frms_r0
 0.160453 0.2014 0.2014 0.2014 0.2014
Zrms_r0
 1.16045 1.2014 1.2014 1.2014 1.2014
nmprior
 8.19 8.8 8.5 0
nm_flota  nm_reclas  nm_pelaces    nm_pelaL
inf 12.5371 18.8451 45.4735
cv_recla  cv_pelaces  cv_mph
0.338442 0.480852 1.58577
 ------------------------------------------------
Talla a la edad & desviaci?n 
 8 13.2811 15.8009 17.003 17.5766
 0.8 1.32811 1.58009 1.7003 1.75766
