years
 1991 1992 1993 1994 1995 1996 1997 1998 1999 2000 2001 2002 2003 2004 2005 2006 2007 2008 2009 2010 2011 2012 2013 2014 2015 2016 2017 2018 2019 2020 2021
reclasobs
 0 0 0 0 0 0 0 0 0 252601 567819 844713 477998 351125 339783 2.1784e+06 2.13404e+06 4.81314e+06 1.55562e+06 2.62356e+06 3.21686e+06 3.843e+06 1.13348e+06 3.07943e+06 1.97215e+06 2.03268e+06 2.025e+06 2.42433e+06 2.27542e+06 1.05018e+06 2.36338e+06
reclaspred
 1.12644e+06 1.68196e+06 845267 60104.8 74771.4 2.29545e+06 982076 350014 766775 228238 211881 916923 491261 400527 271681 1.89226e+06 1.12367e+06 7.72983e+06 4.59035e+06 1.47776e+06 3.53802e+06 3.58407e+06 1.93218e+06 4.80768e+06 2.73744e+06 1.18928e+06 2.30597e+06 3.84972e+06 2.71379e+06 936354 1.32363e+06
pelacesobs
 0 0 0 0 0 0 0 0 0 0 0 0 0 0 0 552880 188675 0 991730 2.46772e+06 1.41603e+06 1.21717e+06 2.29649e+06 1.80582e+06 0 1.4828e+06 1.56532e+06 1.57751e+06 1.42118e+06 867257 1.10002e+06
pelacespred
 283553 363181 178460 3872.92 8015.48 548370 191184 87689.1 175391 38989.7 47935.8 183018 90539.6 77876.3 50256.1 374287 219018 1.97446e+06 1.12607e+06 367200 822040 800884 435406 1.29605e+06 714732 303934 661390 1.07133e+06 633170 259324 326497
mphobs
 0 0 0 0 0 0 0 0 0 0 0 498337 0 5186 125008 0 168611 109162 213762 579715 649985 157893 87575 83554 0 0 0 0 0 0 0
mphpred
 325970 76992.1 176652 46596.1 594.591 4389 248030 78699.9 32812.9 67467.4 11156.8 23180.8 90319 30462.8 18472.3 16755.4 220453 113964 919582 408048 155370 344444 392751 214092 521412 275085 104769 222093 508639 256485 74515.9
desembarqueobs
 494567 514787 250237 358949 120608 361735 552515 73892 212993 205616 52469 317467 293654 387597 252695 516296 358380 742168 942051 627588 828172 859565 418607 520667 417249 300574 415391 372974 316634 284311 391294
desembarquepred
 494281 514328 251313 356146 120365 361411 551568 73845.3 212724 205241 52424.9 317008 293014 386575 252165 515633 358020 741542 940156 625711 827122 858216 418112 520230 416673 300027 414917 372633 316292 283841 390817
Reclutas
 652.173 349762 971.86 1505.88 40689.8 356408 544.388 152.758 67061.1 697.467 33731.6 193763 30374.7 73519.7 43407 403009 1671.8 1.17967e+06 83117.6 10891.6 428793 558258 1665.82 384456 99160.4 6988.5 233706 337414 4582.22 1785.55 143855
log_desv_Rt
 -3.69025 2.59445 -3.29135 -2.85343 0.443171 2.61327 -3.8709 -5.14171 0.942798 -3.62311 0.255627 2.00383 0.150805 1.03475 0.507814 2.73615 -2.74891 3.81019 1.15745 -0.874811 2.79817 3.06201 -2.75249 2.68902 1.33393 -1.31854 2.19126 2.55851 -1.74062 -2.68308 1.706
SSB
 903562 213416 489666 129161 1648.16 12166 687519 218150 90954.6 187014 30925.9 64255.2 250357 84440.4 51203.8 46444.7 611079 315899 2.54901e+06 1.13108e+06 430672 954770 1.08868e+06 593446 1.44531e+06 762514 290412 615623 1.40991e+06 710956 206552
BT
 1.19361e+06 1.28683e+06 625062 304245 104436 1.58313e+06 935054 272952 598126 275837 156949 683565 461248 588064 366030 1.26783e+06 789242 5.21773e+06 3.47517e+06 1.51607e+06 2.64066e+06 2.59353e+06 1.36554e+06 3.48641e+06 2.04828e+06 1.00154e+06 1.97117e+06 2.83475e+06 1.72395e+06 915399 1.14054e+06
Ftot
 0.731739 0.52791 0.510233 4.25822 2.11166 0.27987 0.912501 0.368087 0.481576 1.35738 0.431932 0.592357 0.963874 1.44613 1.40238 0.47402 0.544524 0.17225 0.358008 0.708523 0.408968 0.417772 0.37716 0.193627 0.268824 0.43689 0.318066 0.17351 0.206803 0.519664 0.510595
BD_Bspro_t
 0.889516 0.442117 0.489139 0.171842 0.00355528 0.0382043 0.570162 0.261607 0.182919 0.333257 0.111976 0.309256 0.422487 0.177854 0.11307 0.108882 0.474824 0.319803 0.720925 0.503429 0.271884 0.445447 0.489734 0.378623 0.617622 0.525229 0.377706 0.579733 0.727094 0.575876 0.347332
BD_Bspro
 4.84603 1.1446 2.6262 0.69272 0.00883948 0.0652491 3.68733 1.16999 0.487812 1.003 0.165863 0.344616 1.34273 0.452875 0.274619 0.249094 3.27737 1.69424 13.671 6.06624 2.3098 5.12067 5.83883 3.1828 7.75157 4.08955 1.55755 3.30174 7.56167 3.81303 1.10779
BD_Bo
 0.531901 0.125632 0.288252 0.0760331 0.000970225 0.00716176 0.404723 0.128419 0.0535424 0.11009 0.0182052 0.0378252 0.147378 0.0497077 0.0301422 0.0273407 0.359725 0.185961 1.50053 0.665833 0.253524 0.562046 0.640872 0.349345 0.850815 0.44887 0.170958 0.3624 0.829972 0.418519 0.121591
BD_Brms
 4.28176 1.01132 2.3204 0.612059 0.00781021 0.0576515 3.25798 1.03376 0.431011 0.886213 0.14655 0.304489 1.18638 0.400142 0.242642 0.22009 2.89575 1.49697 12.0791 5.35989 2.04085 4.52442 5.15896 2.81219 6.84898 3.61336 1.37619 2.91729 6.68119 3.36904 0.978799
Sel_flota
 0.990938 1 1 1 1
 0.990938 1 1 1 1
 0.990938 1 1 1 1
 0.990938 1 1 1 1
 0.990938 1 1 1 1
 0.990938 1 1 1 1
 0.990938 1 1 1 1
 0.990938 1 1 1 1
 0.990938 1 1 1 1
 0.990938 1 1 1 1
 0.990938 1 1 1 1
 0.990938 1 1 1 1
 0.990938 1 1 1 1
 0.990938 1 1 1 1
 0.990938 1 1 1 1
 0.990938 1 1 1 1
 0.990938 1 1 1 1
 0.990938 1 1 1 1
 0.990938 1 1 1 1
 0.990938 1 1 1 1
 0.990938 1 1 1 1
 0.990938 1 1 1 1
 0.990938 1 1 1 1
 0.990938 1 1 1 1
 0.990938 1 1 1 1
 0.990938 1 1 1 1
 0.990938 1 1 1 1
 0.990938 1 1 1 1
 0.990938 1 1 1 1
 0.990938 1 1 1 1
 0.990938 1 1 1 1
Sel_reclas
 1 1 1 1 1
 1 1 1 1 1
 1 1 1 1 1
 1 1 1 1 1
 1 1 1 1 1
 1 1 1 1 1
 1 1 1 1 1
 1 1 1 1 1
 1 1 1 1 1
 1 1 1 1 1
 1 1 1 1 1
 1 1 1 1 1
 1 1 1 1 1
 1 1 1 1 1
 1 1 1 1 1
 1 1 1 1 1
 1 1 1 1 1
 1 1 1 1 1
 1 1 1 1 1
 1 1 1 1 1
 1 1 1 1 1
 1 1 1 1 1
 1 1 1 1 1
 1 1 1 1 1
 1 1 1 1 1
 1 1 1 1 1
 1 1 1 1 1
 1 1 1 1 1
 1 1 1 1 1
 1 1 1 1 1
 1 1 1 1 1
Sel_pelaces
 1 1 1 1 1
 1 1 1 1 1
 1 1 1 1 1
 1 1 1 1 1
 1 1 1 1 1
 1 1 1 1 1
 1 1 1 1 1
 1 1 1 1 1
 1 1 1 1 1
 1 1 1 1 1
 1 1 1 1 1
 1 1 1 1 1
 1 1 1 1 1
 1 1 1 1 1
 1 1 1 1 1
 1 1 1 1 1
 1 1 1 1 1
 1 1 1 1 1
 1 1 1 1 1
 1 1 1 1 1
 1 1 1 1 1
 1 1 1 1 1
 1 1 1 1 1
 1 1 1 1 1
 1 1 1 1 1
 1 1 1 1 1
 1 1 1 1 1
 1 1 1 1 1
 1 1 1 1 1
 1 1 1 1 1
 1 1 1 1 1
pf_obs 
 0.8446 0.082 0.0669 0.0065 0
 0.8095 0.147 0.0364 0.0071 0
 0.9664 0.0169 0.016 0.0007 0
 0.9276 0.0648 0.0075 0.0001 0
 0.7033 0.2144 0.0806 0.0017 0
 0.9318 0.0425 0.0243 0.0014 0
 0.5671 0.3108 0.0964 0.0239 0.0018
 0.0768 0.2599 0.5324 0.112 0.0189
 0.490249 0.384438 0.106611 0.0170017 0.00170017
 0.7925 0.1577 0.0466 0.003 0.0002
 0.840416 0.127587 0.0312969 0.00059994 9.999e-05
 0.8084 0.0986 0.0794 0.0134 0.0002
 0.7335 0.1905 0.0724 0.0035 0.0001
 0.4001 0.4547 0.1325 0.0127 0
 0.49795 0.308269 0.164784 0.0264974 0.00249975
 0.9179 0.0499 0.0305 0.0017 0
 0.2467 0.6533 0.0926 0.0074 0
 0.9418 0.0223 0.034 0.0019 0
 0.707729 0.231977 0.0356964 0.0245975 0
 0.517169 0.277429 0.184464 0.0207286 0.00020938
 0.811772 0.124168 0.05621 0.00726502 0.000585176
 0.764997 0.148141 0.077277 0.00933861 0.000247198
 0.163321 0.427699 0.378323 0.0303852 0.000271297
 0.753843 0.0900009 0.118128 0.0371064 0.000921714
 0.721811 0.176058 0.0630433 0.0369309 0.00215725
 0.143369 0.312575 0.442814 0.0836902 0.0175525
 0.692698 0.0596174 0.167031 0.0765114 0.00414204
 0.394062 0.376323 0.152708 0.0712218 0.00568511
 0.125707 0.32114 0.495352 0.0537591 0.00404204
 0.23352 0.215282 0.420074 0.123614 0.00750983
 0.796117 0.104755 0.0508955 0.0450114 0.00322123
pf_pred 
 0.0139388 0.223782 0.303867 0.148023 0.310389
 0.976855 0.000326877 0.00517841 0.00703162 0.0106079
 0.0122107 0.965195 0.000319097 0.00505516 0.0172196
 0.0792903 0.0113762 0.888534 0.000293753 0.0205056
 0.997564 0.000200472 2.76204e-05 0.00215727 5.04987e-05
 0.994791 0.00519664 1.02061e-06 1.40616e-07 1.12398e-05
 0.00538781 0.989486 0.00511425 1.00443e-06 1.12e-05
 0.0101148 0.00541068 0.9794 0.00506212 1.208e-05
 0.945786 0.00055444 0.0002933 0.053091 0.000275061
 0.0411322 0.907461 0.00052573 0.000278113 0.0506027
 0.954436 0.0019058 0.0413178 2.39371e-05 0.00231666
 0.957832 0.040268 7.9486e-05 0.00172326 9.76204e-05
 0.421974 0.553941 0.0229995 4.53993e-05 0.00104001
 0.878662 0.0516404 0.0667933 0.00277324 0.000130877
 0.854935 0.127741 0.00737294 0.0095364 0.000414635
 0.988529 0.00983231 0.00144321 8.32992e-05 0.000112426
 0.0173957 0.971463 0.0095496 0.00140171 0.000190098
 0.982887 0.000301279 0.0166213 0.000163389 2.72351e-05
 0.181387 0.804741 0.000244211 0.0134729 0.000154516
 0.0845309 0.167566 0.735229 0.000223116 0.0124503
 0.948281 0.00442488 0.00865656 0.0379824 0.000654714
 0.833265 0.158204 0.000729862 0.00142786 0.006373
 0.0100628 0.826446 0.155126 0.000715663 0.0076491
 0.901945 0.000997698 0.081028 0.0152092 0.000820114
 0.432032 0.512783 0.000561493 0.0456017 0.00902112
 0.0973579 0.392314 0.460744 0.000504511 0.0490795
 0.931872 0.00670221 0.0266973 0.0313541 0.00337424
 0.832596 0.156114 0.00111068 0.00442425 0.00575513
 0.0349901 0.80481 0.149396 0.00106289 0.00974136
 0.0436185 0.0337956 0.769428 0.142828 0.0103293
 0.94136 0.00258737 0.00198072 0.0450952 0.00897638
pobs_RECLAS
 0 0 0 0 0
 0 0 0 0 0
 0 0 0 0 0
 0 0 0 0 0
 0 0 0 0 0
 0 0 0 0 0
 0 0 0 0 0
 0 0 0 0 0
 0 0 0 0 0
 0 0 0 0 0
 0.991045 0.00858322 0.000360255 1.14367e-05 0
 0.934742 0.0480273 0.0164251 0.00080598 0
 0.827803 0.169806 0.00239088 0 0
 0.941827 0.0461693 0.0120037 0 0
 0.791401 0.0380133 0.147996 0.0225897 0
 0.846168 0.0940531 0.0597789 0 0
 0.134021 0.677848 0.182769 0.00536245 0
 0.80878 0.0450904 0.141981 0.00414843 0
 0.846168 0.0940531 0.0597789 0 0
 0.905697 0.0802665 0.012482 0.00150086 5.37128e-05
 0.989698 0.0102097 9.19794e-05 0 0
 0.975433 0.0193895 0.00387452 0.00125025 5.28907e-05
 0.303575 0.632131 0.0575291 0.00676475 0
 0.966965 0.00978017 0.0227588 0.000495775 0
 0.843318 0.132988 0.00938335 0.0141283 0.000182051
 0.564624 0.303363 0.111486 0.0197234 0.00080311
 0.826376 0.0876187 0.0782897 0.00655872 0.00115652
 0.89761 0.0855135 0.0140674 0.00269457 0.000114338
 0.34875 0.467042 0.161289 0.0227151 0.000203297
 0.318654 0.224769 0.449479 0.00709798 0
 0.937255 0.0296025 0.0250945 0.00804832 0
ppred_RECLAS
 0.0140771 0.223751 0.303825 0.148002 0.310345
 0.977073 0.000323798 0.00512962 0.00696537 0.0105079
 0.0123278 0.965081 0.000319059 0.00505456 0.0172176
 0.0808547 0.0113569 0.887024 0.000293254 0.0204708
 0.997596 0.000197809 2.72535e-05 0.00212862 4.9828e-05
 0.994839 0.00514844 1.01114e-06 1.39312e-07 1.11356e-05
 0.00544353 0.98943 0.00511396 1.00437e-06 1.11994e-05
 0.01021 0.00541015 0.979306 0.00506163 1.20789e-05
 0.946277 0.000549415 0.000290642 0.0526099 0.000272568
 0.0415809 0.907037 0.000525484 0.000277982 0.050579
 0.95485 0.0018885 0.0409426 2.37197e-05 0.00229563
 0.958225 0.0398922 7.87443e-05 0.00170718 9.67094e-05
 0.424524 0.551497 0.022898 4.5199e-05 0.00103543
 0.879887 0.0511192 0.0661192 0.00274525 0.000129557
 0.856347 0.126498 0.0073012 0.00944361 0.0004106
 0.988637 0.00973932 0.00142956 8.25114e-05 0.000111363
 0.0175625 0.971298 0.00954798 0.00140147 0.000190066
 0.983042 0.000298551 0.0164708 0.00016191 2.69885e-05
 0.182796 0.803356 0.00024379 0.0134497 0.00015425
 0.085306 0.167424 0.734607 0.000222927 0.0124397
 0.948747 0.00438508 0.00857871 0.0376408 0.000648826
 0.834586 0.156951 0.000724081 0.00141655 0.00632252
 0.0101577 0.826367 0.155112 0.000715594 0.00764836
 0.902762 0.000989384 0.0803528 0.0150825 0.00081328
 0.434329 0.51071 0.000559223 0.0454173 0.00898464
 0.0982014 0.391947 0.460314 0.000504039 0.0490336
 0.932467 0.00664367 0.0264641 0.0310802 0.00334476
 0.833882 0.154915 0.00110215 0.00439026 0.00571093
 0.035305 0.804547 0.149347 0.00106254 0.00973818
 0.044024 0.0337813 0.769102 0.142768 0.0103249
 0.941892 0.00256393 0.00196278 0.0446867 0.00889506
pobs_PELACES
 0 0 0 0 0
 0 0 0 0 0
 0 0 0 0 0
 0 0 0 0 0
 0 0 0 0 0
 0 0 0 0 0
 0 0 0 0 0
 0 0 0 0 0
 0 0 0 0 0
 0 0 0 0 0
 0 0 0 0 0
 0 0 0 0 0
 0 0 0 0 0
 0 0 0 0 0
 0 0 0 0 0
 0 0 0 0 0
 0.505614 0.472636 0.0217494 0 0
 0 0 0 0 0
 0.443492 0.261883 0.143347 0.151278 0
 0.227955 0.32914 0.350689 0.0885471 0.00366901
 0.970185 0.0296113 0.000203453 0 0
 0.997202 0.00247181 0.000326279 0 0
 0.445219 0.490057 0.0546422 0.010081 0
 0.90214 0.0892962 0.00764917 0.000914606 0
 0 0 0 0 0
 0.581667 0.319106 0.0959925 0.00289975 0.000334073
 0.762889 0.0836404 0.116647 0.0363945 0.000428098
 0.88444 0.0763242 0.0277011 0.0115352 0
 0.521256 0.241999 0.230069 0.00667565 0
 0.616807 0.101726 0.260614 0.0208532 0
 0.833518 0.0704572 0.0857862 0.0102388 0
ppred_PELACES
 0.0141075 0.223744 0.303815 0.147998 0.310336
 0.977109 0.000323299 0.00512172 0.00695463 0.0104917
 0.0123464 0.965063 0.000319053 0.00505446 0.0172173
 0.0818061 0.0113452 0.886106 0.00029295 0.0204496
 0.997612 0.000196567 2.70824e-05 0.00211525 4.95151e-05
 0.994844 0.00514416 1.0103e-06 1.39196e-07 1.11263e-05
 0.00545833 0.989416 0.00511389 1.00436e-06 1.11992e-05
 0.0102212 0.00541009 0.979295 0.00506158 1.20787e-05
 0.946351 0.000548667 0.000290246 0.0525383 0.000272197
 0.041743 0.906883 0.000525395 0.000277935 0.0505705
 0.954905 0.00188617 0.0408921 2.36905e-05 0.0022928
 0.958296 0.0398245 7.86107e-05 0.00170428 9.65454e-05
 0.425229 0.550822 0.02287 4.51437e-05 0.00103416
 0.880343 0.050925 0.065868 0.00273482 0.000129064
 0.856862 0.126044 0.00727502 0.00940975 0.000409128
 0.988653 0.00972568 0.00142756 8.23958e-05 0.000111207
 0.0175906 0.97127 0.0095477 0.00140143 0.00019006
 0.98305 0.0002984 0.0164624 0.000161828 2.69749e-05
 0.182956 0.803199 0.000243743 0.013447 0.00015422
 0.0854715 0.167394 0.734474 0.000222887 0.0124375
 0.948806 0.00437999 0.00856876 0.0375971 0.000648073
 0.834758 0.156788 0.000723326 0.00141507 0.00631593
 0.010169 0.826357 0.15511 0.000715586 0.00764827
 0.902813 0.000988867 0.0803108 0.0150746 0.000812855
 0.434527 0.510531 0.000559027 0.0454014 0.0089815
 0.0983172 0.391897 0.460255 0.000503975 0.0490273
 0.932527 0.00663778 0.0264407 0.0310527 0.0033418
 0.833954 0.154848 0.00110167 0.00438836 0.00570846
 0.0353261 0.804529 0.149344 0.00106252 0.00973797
 0.0440895 0.033779 0.769049 0.142758 0.0103242
 0.941975 0.00256025 0.00195995 0.0446225 0.00888228
pobs_pel_tallas
 0 0 0 0 0 0 0 0 0 0 0 0 0 0 0 0 0 0 0 0 0 0 0 0 0 0
 0 0 0 0 0 0 0 0 0 0 0 0 0 0 0 0 0 0 0 0 0 0 0 0 0 0
 0 0 0 0 0 0 0 0 0 0 0 0 0 0 0 0 0 0 0 0 0 0 0 0 0 0
 0 0 0 0 0 0 0 0 0 0 0 0 0 0 0 0 0 0 0 0 0 0 0 0 0 0
 0 0 0 0 0 0 0 0 0 0 0 0 0 0 0 0 0 0 0 0 0 0 0 0 0 0
 0 0 0 0 0 0 0 0 0 0 0 0 0 0 0 0 0 0 0 0 0 0 0 0 0 0
 0 0 0 0 0 0 0 0 0 0 0 0 0 0 0 0 0 0 0 0 0 0 0 0 0 0
 0 0 0 0 0 0 0 0 0 0 0 0 0 0 0 0 0 0 0 0 0 0 0 0 0 0
 0 0 0 0 0 0 0 0 0 0 0 0 0 0 0 0 0 0 0 0 0 0 0 0 0 0
 0 0 0 0 0 0 0 0 0 0 0 0 0 0 0 0 0 0 0 0 0 0 0 0 0 0
 0 0 0 0 0 0 0 0 0 0 0 0 0 0 0 0 0 0 0 0 0 0 0 0 0 0
 0 0 0 0 0 0 0 0 0 0 0 0 0 0 0 0 0 0 0 0 0 0 0 0 0 0
 0.00862536 0 0 0.000197151 0.00414017 0.0128641 0.00837892 0.0270097 0.101434 0.158115 0.152841 0.127902 0.109271 0.109419 0.0830992 0.0579132 0.0238553 0.00714673 0.00463305 0.00128148 0.00103504 0.000492878 0.000147863 0.000147863 4.92878e-05 0
 0 0 0 0 0 0 0 0 0 0 0 0 0 0 0 0 0 0 0 0 0 0 0 0 0 0
 0 0 0 0 0 0 0 0.0054083 0.00873648 0.0413646 0.0450493 0.0745869 0.0622846 0.0627006 0.0613931 0.0827291 0.12552 0.122667 0.0946155 0.0697135 0.0546179 0.0294188 0.0215738 0.0213955 0.0102223 0.00600262
 0 0 0 0 0.00359764 0.0251062 0.0480494 0.140153 0.205849 0.193036 0.1447 0.116669 0.0760912 0.0342217 0.00950174 0.001854 0.000860785 0 0 0 0.000165536 0 0.000143464 0 0 0
 0 0 0 0 0 0 0 0.000145254 0.000435761 0.0275982 0.070085 0.0708112 0.156366 0.174668 0.174014 0.160142 0.0824315 0.0480064 0.0283245 0.00493863 0.00203355 0 0 0 0 0
 0 0 0 0 0 0 0 0 0 0 0 0 0 0 0 0 0 0 0 0 0 0 0 0 0 0
 0 0 1.00437e-05 0.000401748 0.00122533 0.00171747 0.00176769 0.0269171 0.070346 0.194647 0.189555 0.159765 0.064822 0.0314167 0.0384472 0.0292271 0.0345202 0.0313363 0.0194345 0.0106764 0.0143323 0.0359363 0.0279516 0.0138201 0.00172751 0
 0 0.0021121 0.0136068 0.0755702 0.200478 0.177729 0.0527432 0.0373336 0.0318909 0.0142505 0.0149659 0.0166563 0.0217959 0.0798694 0.0677717 0.0528807 0.04013 0.0224614 0.0357745 0.0225083 0.00881397 0.00855152 0.00135912 0.000746735 0 0
 0 0 0 0 5.4009e-05 0.00500934 0.000945158 0.0243581 0.138947 0.33067 0.221406 0.137944 0.0707744 0.0437923 0.0131692 0.00525238 0.0047753 0.00276346 9.45158e-05 9.00151e-06 2.25038e-05 9.00151e-06 4.50075e-06 0 0 0
 0.000866109 0.00284123 0.00948549 0.0512746 0.133035 0.25785 0.225252 0.132002 0.0553304 0.0519788 0.0540692 0.017754 0.00435017 0.00159236 0.00146478 0.000404838 0.000125132 0.000115318 0.000107957 0.000100596 0 0 0 0 0 0
 0 0 0 0 0.00144013 0.00171154 0.00461396 0.0210425 0.0478622 0.0707936 0.0888783 0.103762 0.0637923 0.0337046 0.0602308 0.124433 0.169614 0.0934646 0.0462172 0.0250306 0.0313229 0.00938855 0.002487 0.000210481 0 0
 0 0.00764035 0.051015 0.0998891 0.058973 0.0496711 0.0374665 0.0718981 0.12319 0.153886 0.159021 0.0857701 0.0377988 0.023471 0.0147837 0.00900784 0.00315554 0.000888139 0.00291439 0.00214683 0.00393193 0.00274676 0.000635225 9.99891e-05 0 0
 0 0 0 0 0 0 0 0 0 0 0 0 0 0 0 0 0 0 0 0 0 0 0 0 0 0
 0 0 0 0 0 0 0 0 0 0 0 0 0 0 0 0 0 0 0 0 0 0 0 0 0 0
 0 0 0 0 0 0 0 0 0 0 0 0 0 0 0 0 0 0 0 0 0 0 0 0 0 0
 0 0 0 0 0 0 0 0 0 0 0 0 0 0 0 0 0 0 0 0 0 0 0 0 0 0
 0 0 0 0 0 0 0 0 0 0 0 0 0 0 0 0 0 0 0 0 0 0 0 0 0 0
 0 0 0 0 0 0 0 0 0 0 0 0 0 0 0 0 0 0 0 0 0 0 0 0 0 0
 0 0 0 0 0 0 0 0 0 0 0 0 0 0 0 0 0 0 0 0 0 0 0 0 0 0
ppred_pel_tallas
 1.76185e-16 1.16206e-06 1.12957e-05 7.50648e-05 0.000341247 0.00106187 0.00226323 0.00330787 0.00332997 0.00237146 0.00142688 0.0014027 0.00276706 0.00598124 0.0116198 0.0199641 0.0305916 0.042482 0.0547465 0.0674459 0.0816553 0.0984762 0.11767 0.136995 0.152767 0.161245
 1.02621e-16 8.04831e-05 0.000782325 0.00519882 0.0236331 0.0735313 0.156666 0.228659 0.228659 0.156667 0.0735321 0.0236355 0.00520555 0.000799352 0.000119954 9.05011e-05 0.000171052 0.000323783 0.00057881 0.000973423 0.00153421 0.00225815 0.00309632 0.00395004 0.00468594 0.00516836
 1.03677e-16 1.01715e-06 9.8872e-06 6.57084e-05 0.000298758 0.000930045 0.00198499 0.0029166 0.0030094 0.00243832 0.00245157 0.00469065 0.0110794 0.024018 0.0454943 0.0749422 0.107333 0.133669 0.1448 0.136547 0.112298 0.0809216 0.0517113 0.030214 0.0173022 0.0108734
 1.29064e-16 6.73827e-06 6.54984e-05 0.00043526 0.00197863 0.00615626 0.0131166 0.0191446 0.0191471 0.0131293 0.00620276 0.00213032 0.000881518 0.00125586 0.00289904 0.00642367 0.0130611 0.0243223 0.0414343 0.0644595 0.0914057 0.117957 0.138372 0.147474 0.142806 0.125735
 1.00222e-16 8.21719e-05 0.000798741 0.00530791 0.024129 0.0750743 0.159954 0.233457 0.233457 0.159954 0.0750746 0.02413 0.00531036 0.000804267 9.32163e-05 2.56005e-05 3.28727e-05 5.04209e-05 7.54631e-05 0.000111477 0.000162661 0.000230914 0.000312548 0.000396735 0.000467348 0.000508
 1.00004e-16 8.19439e-05 0.000796524 0.00529318 0.024062 0.074866 0.15951 0.232809 0.23281 0.159512 0.0748741 0.0240855 0.00535188 0.000924475 0.000324378 0.000405066 0.000572005 0.000711638 0.000770042 0.000724446 0.000592668 0.000421831 0.000261547 0.000141785 6.79202e-05 2.96558e-05
 1.00403e-16 4.49801e-07 4.37232e-06 2.90602e-05 0.000132162 0.000411716 0.00088072 0.00130538 0.00140053 0.0013455 0.00197168 0.00463499 0.011321 0.0246187 0.0466417 0.0768295 0.110023 0.136983 0.148294 0.139621 0.114376 0.081592 0.0507807 0.0276834 0.0133353 0.00578355
 1.28772e-16 8.41909e-07 8.18365e-06 5.43833e-05 0.00024722 0.000769202 0.00163894 0.00239248 0.00239451 0.00164958 0.00080929 0.000382201 0.000465445 0.00114395 0.00285412 0.00652587 0.0135936 0.0257813 0.0444845 0.0697621 0.099339 0.128339 0.150337 0.159614 0.153558 0.133856
 1.05324e-16 7.79496e-05 0.000757698 0.00503517 0.0228892 0.0712167 0.151735 0.221461 0.221461 0.151735 0.0712179 0.0228932 0.00504644 0.000786616 0.000146557 0.000157891 0.00032015 0.000636071 0.00119441 0.0021043 0.00345378 0.00525048 0.00736354 0.00950396 0.0112737 0.0122823
 1.08833e-16 3.4385e-06 3.34236e-05 0.000222116 0.00100976 0.0031422 0.00669802 0.00979424 0.00988145 0.00712405 0.00457213 0.00513734 0.0105734 0.022599 0.042768 0.0704613 0.100953 0.125817 0.136504 0.129155 0.107033 0.0785335 0.0523972 0.0337545 0.0232362 0.018596
 1.01572e-16 7.86543e-05 0.000764548 0.00508069 0.0230961 0.0718604 0.153106 0.223463 0.223463 0.153107 0.0718647 0.0231093 0.0051169 0.000853604 0.000277011 0.000409483 0.000758781 0.00132072 0.0021365 0.00320588 0.004445 0.00566965 0.00662795 0.00708471 0.00691926 0.00617987
 1.002e-16 7.89336e-05 0.000767263 0.00509873 0.0231781 0.0721156 0.15365 0.224258 0.224262 0.153669 0.0721784 0.0233594 0.00555335 0.00175837 0.00195734 0.0031008 0.00443563 0.00552897 0.00600024 0.00567852 0.00470443 0.00344256 0.0022722 0.0014155 0.000900984 0.000636412
 1.00981e-16 3.50256e-05 0.000340462 0.00226249 0.010285 0.0320007 0.0681828 0.0995259 0.0995789 0.0684417 0.0328698 0.012794 0.00855604 0.0140642 0.0260544 0.0429006 0.0615203 0.0767791 0.0834648 0.0791676 0.065742 0.0481193 0.0314615 0.0188448 0.0107855 0.00622282
 1.02211e-16 7.25127e-05 0.000704849 0.00468397 0.0212927 0.0662494 0.141152 0.206016 0.206021 0.141176 0.0663318 0.0215319 0.00528879 0.00203952 0.00264916 0.00437361 0.00654549 0.00875354 0.0106104 0.0119036 0.0126593 0.0130129 0.0130139 0.0125589 0.011507 0.00985264
 1.01256e-16 7.05786e-05 0.000686049 0.00455904 0.0207247 0.0644824 0.137387 0.200523 0.200535 0.137446 0.0646814 0.0212994 0.0060008 0.00383124 0.00603757 0.00985351 0.0141509 0.0177212 0.0193886 0.0186219 0.0158566 0.0122117 0.00883102 0.0063541 0.00482182 0.00392413
 1.00071e-16 8.14341e-05 0.000791568 0.00526025 0.0239123 0.0744001 0.158517 0.231361 0.231362 0.158522 0.0744155 0.0239567 0.00537175 0.00103497 0.000543673 0.000769822 0.00110076 0.00138331 0.00152235 0.00147556 0.00127362 0.000998635 0.000734776 0.000529636 0.000388427 0.000292803
 1.00697e-16 1.44912e-06 1.4086e-05 9.36111e-05 0.0004256 0.0013247 0.00282587 0.00414402 0.00423742 0.00328217 0.00285621 0.0048464 0.0111802 0.0241821 0.0458005 0.0754519 0.108073 0.134602 0.145808 0.137437 0.112831 0.0808369 0.0507562 0.0281911 0.0141339 0.00666392
 1.00497e-16 8.09726e-05 0.000787082 0.00523044 0.0237768 0.0739785 0.157619 0.230049 0.23005 0.157619 0.0739795 0.02378 0.00523972 0.000811361 0.000138788 0.000131688 0.000252299 0.000463098 0.000780855 0.00120563 0.00170008 0.00218418 0.00255174 0.00270731 0.00260645 0.00227632
 1.01587e-16 1.507e-05 0.000146486 0.000973455 0.00442523 0.013769 0.0293391 0.0428374 0.0429147 0.0297164 0.0150353 0.00808053 0.01014 0.020128 0.0378784 0.062374 0.0893297 0.111244 0.120493 0.113585 0.0933207 0.0670563 0.0425031 0.0242704 0.0131066 0.00731894
 1.23366e-16 7.04021e-06 6.84334e-05 0.000454765 0.00206731 0.00643225 0.0137052 0.0200068 0.020024 0.0137899 0.00671984 0.00291189 0.00262721 0.00498392 0.00984771 0.0175817 0.0283694 0.0419802 0.0579191 0.0755351 0.0937124 0.110312 0.122099 0.125718 0.119331 0.103795
 1.04129e-16 7.81519e-05 0.000759664 0.00504824 0.0229485 0.0714015 0.152128 0.222036 0.222036 0.152131 0.0714089 0.0229705 0.0051048 0.000888146 0.00033753 0.000476688 0.000784461 0.00122324 0.00183024 0.00266767 0.0037938 0.00520937 0.00680401 0.00834387 0.00952344 0.0100661
 1.01272e-16 6.8758e-05 0.000668352 0.00444143 0.0201901 0.062819 0.133843 0.195351 0.195366 0.133917 0.0630663 0.0209038 0.00623124 0.00457024 0.00746373 0.0121902 0.0174608 0.021765 0.0236199 0.0223554 0.0185305 0.0135889 0.00903447 0.00575026 0.00384908 0.00295505
 1.06054e-16 8.37782e-07 8.14362e-06 5.41211e-05 0.000246075 0.00076606 0.00163512 0.0024032 0.0024829 0.00202456 0.00207383 0.00402395 0.0095393 0.0207215 0.0393594 0.0651181 0.0939163 0.118318 0.130696 0.127458 0.11112 0.0884824 0.066491 0.049032 0.0365179 0.0275122
 1.03968e-16 7.43635e-05 0.00072284 0.00480352 0.0218361 0.0679403 0.144754 0.211273 0.211273 0.144755 0.0679445 0.0218501 0.00484486 0.000833846 0.000346124 0.000613813 0.00124914 0.00234925 0.00404752 0.00637904 0.00918518 0.0120735 0.0144849 0.0158702 0.0159 0.0145962
 1.0622e-16 3.57915e-05 0.000347906 0.00231196 0.0105099 0.0327004 0.0696734 0.101701 0.10175 0.0699133 0.0335056 0.0128345 0.00814247 0.013061 0.0241374 0.0397377 0.056992 0.0711698 0.0775076 0.0738844 0.0621622 0.0470329 0.0333011 0.0236637 0.0182601 0.0156646
 1.2173e-16 8.09834e-06 7.87188e-05 0.000523116 0.00237803 0.00739915 0.0157661 0.0230191 0.0230575 0.015954 0.008032 0.00421393 0.00516166 0.0103045 0.0197205 0.0333488 0.0498053 0.0663041 0.0798713 0.088936 0.0938949 0.0961118 0.0963257 0.0939789 0.0879542 0.0778529
 1.04445e-16 7.6811e-05 0.00074663 0.00496162 0.0225548 0.0701764 0.149518 0.218226 0.218227 0.149522 0.070188 0.0225889 0.00504985 0.000948112 0.000486039 0.000753167 0.00124893 0.00194218 0.00286727 0.00407012 0.00557076 0.00730524 0.00908358 0.0106085 0.0115616 0.0117181
 1.01478e-16 6.86917e-05 0.000667708 0.00443715 0.0201707 0.0627585 0.133714 0.195163 0.195178 0.133787 0.0630027 0.0208756 0.00620521 0.00452247 0.00737531 0.0120472 0.0172627 0.0215332 0.0233993 0.0222045 0.0185035 0.0137194 0.00932734 0.00618229 0.00437551 0.00351909
 1.0627e-16 2.90993e-06 2.82856e-05 0.000187972 0.00085454 0.00265921 0.00566859 0.00828974 0.00836733 0.00604773 0.00393239 0.00453248 0.00942216 0.0201933 0.0383188 0.0633915 0.0914225 0.11517 0.127211 0.124054 0.108158 0.0861571 0.0648231 0.0479402 0.0358972 0.0272695
 1.38266e-16 3.6316e-06 3.53005e-05 0.000234584 0.00106639 0.00331795 0.00706941 0.0103189 0.0103234 0.00709192 0.0033971 0.00131081 0.000907833 0.0017029 0.00375159 0.00771495 0.0146612 0.0258601 0.0424016 0.0645196 0.090783 0.117661 0.140039 0.152798 0.152809 0.140221
 1.06036e-16 7.75892e-05 0.000754195 0.00501189 0.0227833 0.0708874 0.151033 0.220437 0.220438 0.151034 0.0708919 0.0227966 0.00504644 0.000834062 0.000243321 0.000319351 0.000554904 0.000935867 0.00153402 0.00245264 0.00379125 0.00558281 0.0077247 0.00994703 0.0118535 0.0130349
pSPR Fmed_Fpbrs
0.364783   0.174225 0.174225
Fs Fmed_Fpbrs
0.52933   1.005 1.005
SSBpbr Bo_Bmed_Bpbrs
1.69874e+06  534735  211026 211026
Ro
26122.8
SPR SPRFo_SPRFmed_SPRFpbrs
186454 68015.4 32485
Fref
1.005
Nvult_r0
 111948 305.842 234.132 5330.51 1061.06
CTP_r0
 37611.7 103.377 79.1388 1801.76 358.648
YTP_r0
390817
Np
 118213 16064.3 4296.66 11.669 10.1359
Nvult_p0
 102149 13901 3718.07 10.0976 8.77099
CTP_p0
 50969.3 13839.8 37.5864 28.7736 799.723
 50969.3 6967.86 1863.67 5.0614 4.39643
YTP_p0
 627399 534351
CBA_c0
599485
log_Ro
9.99056
likeval ReclasPelacesDesembMPH_pf_preclas_ppelaces_ptallas_desvR_qrecl_qpela
 26.1977 78.6472 0.741964 0.00121616 471.238 180.397 164.005 0 276.252 1.99752e-05 0 1.35729 0 0 0
q_reclas_q_pelaces
1.88387 1
M
1
N
 652.173 10400.5 14122.5 6879.54 14425.7
 349762 116.187 1840.64 2499.36 3770.51
 971.86 76258.3 25.2113 399.399 1360.49
 1505.88 215.638 16842.3 5.56812 388.686
 40689.8 8.14578 1.1223 87.6565 2.05192
 356408 1846.81 0.362709 0.0499729 3.99446
 544.388 99359.4 513.548 0.10086 1.12465
 152.758 81.0795 14676.4 75.8564 0.181021
 67061.1 39.0212 20.6423 3736.52 19.3587
 697.467 15308.3 8.8687 4.69157 853.633
 33731.6 66.8448 1449.2 0.839579 81.2556
 193763 8088.28 15.9657 346.136 19.6082
 30374.7 39632.4 1645.53 3.24815 74.409
 73519.7 4299.39 5560.97 230.89 10.8964
 43407 6452.87 372.447 481.735 20.9454
 403009 3978.68 584.001 33.7073 45.4938
 1671.8 92687.6 911.13 133.738 18.1373
 1.17967e+06 358.549 19780.8 194.447 32.4122
 83117.6 365880 111.032 6125.5 70.2515
 10891.6 21445 94094.2 28.5543 1593.38
 428793 1985.55 3884.4 17043.6 293.786
 558258 105184 485.258 949.33 4237.17
 1665.82 135753 25481.2 117.555 1256.45
 384456 421.715 34249.6 6428.75 346.652
 99160.4 116741 127.83 10381.7 2053.76
 6988.5 27948.2 32823.1 35.941 3496.39
 233706 1667.52 6642.32 7800.92 839.513
 337414 62732.5 446.315 1777.83 2312.63
 4582.22 104520 19401.9 138.036 1265.1
 1785.55 1373.35 31267.2 5804.11 419.75
 143855 392.497 300.469 6840.82 1361.69
pred_Ctot
 225.289 3616.94 4911.33 2392.46 5016.74
 93936.3 31.4332 497.966 676.174 1020.07
 253.952 20073.7 6.63645 105.135 358.127
 1210.79 173.72 13568.3 4.48572 313.128
 26282.7 5.28181 0.727711 56.8373 1.33048
 55810.3 291.545 0.0572588 0.00788892 0.630583
 220.004 40404.3 208.834 0.0410144 0.457337
 30.398 16.2608 2943.4 15.2132 0.0363042
 16718.7 9.80087 5.18469 938.494 4.86227
 361.71 7980.06 4.62318 2.44567 444.992
 7686.02 15.3473 332.73 0.192764 18.656
 57009.1 2396.71 4.73092 102.567 5.81027
 12738.5 16722.3 694.306 1.37051 31.3958
 39501.7 2321.58 3002.8 124.675 5.8838
 22928.8 3425.93 197.738 255.761 11.1203
 99178.9 986.474 144.797 8.35739 11.2797
 460.262 25703.4 252.668 37.0871 5.02969
 118653 36.3701 2006.5 19.7241 3.28779
 16149.8 71650.1 21.7433 1199.56 13.7573
 3673.69 7282.37 31952.8 9.69656 541.085
 93325.3 435.475 851.937 3738.04 64.4338
 123701 23485.9 108.35 211.97 946.092
 338.473 27798.4 5217.85 24.0721 257.286
 43097.9 47.6733 3871.79 726.746 39.1878
 14979.7 17779.5 19.4684 1581.13 312.786
 1607.63 6478.09 7608.05 8.33075 810.426
 40973.7 294.691 1173.86 1378.62 148.363
 34168.5 6406.68 45.5807 181.565 236.182
 545.75 12552.9 2330.17 16.5782 151.939
 473.52 366.883 8352.86 1550.53 112.134
 37611.7 103.377 79.1388 1801.76 358.648
F
 0.725108 0.731739 0.731739 0.731739 0.731739
 0.523126 0.52791 0.52791 0.52791 0.52791
 0.50561 0.510233 0.510233 0.510233 0.510233
 4.21963 4.25822 4.25822 4.25822 4.25822
 2.09252 2.11166 2.11166 2.11166 2.11166
 0.277334 0.27987 0.27987 0.27987 0.27987
 0.904232 0.912501 0.912501 0.912501 0.912501
 0.364751 0.368087 0.368087 0.368087 0.368087
 0.477212 0.481576 0.481576 0.481576 0.481576
 1.34508 1.35738 1.35738 1.35738 1.35738
 0.428018 0.431932 0.431932 0.431932 0.431932
 0.586989 0.592357 0.592357 0.592357 0.592357
 0.955139 0.963874 0.963874 0.963874 0.963874
 1.43303 1.44613 1.44613 1.44613 1.44613
 1.38967 1.40238 1.40238 1.40238 1.40238
 0.469725 0.47402 0.47402 0.47402 0.47402
 0.539589 0.544524 0.544524 0.544524 0.544524
 0.170689 0.17225 0.17225 0.17225 0.17225
 0.354764 0.358008 0.358008 0.358008 0.358008
 0.702102 0.708523 0.708523 0.708523 0.708523
 0.405262 0.408968 0.408968 0.408968 0.408968
 0.413986 0.417772 0.417772 0.417772 0.417772
 0.373742 0.37716 0.37716 0.37716 0.37716
 0.191873 0.193627 0.193627 0.193627 0.193627
 0.266388 0.268824 0.268824 0.268824 0.268824
 0.432931 0.43689 0.43689 0.43689 0.43689
 0.315184 0.318066 0.318066 0.318066 0.318066
 0.171938 0.17351 0.17351 0.17351 0.17351
 0.204929 0.206803 0.206803 0.206803 0.206803
 0.514955 0.519664 0.519664 0.519664 0.519664
 0.505968 0.510595 0.510595 0.510595 0.510595
YTP_r0W_actual
 312177 1457.62 2184.23 61620.3 13377.6
YTP_p0W_proyectada
 381760 216870 869.375 845.082 27054.6
 381760 109186 43106.7 148.653 148.731
CTP_r0_actual
 37611.7 103.377 79.1388 1801.76 358.648
CTP_p0_proyectada
 50969.3 13839.8 37.5864 28.7736 799.723
 50969.3 6967.86 1863.67 5.0614 4.39643
Wmedp
 7.49 15.67 23.13 29.37 33.83
Frms_r0
 0.505968 0.510595 0.510595 0.510595 0.510595
Zrms_r0
 1.50597 1.5106 1.5106 1.5106 1.5106
nmprior
 8.19 8.8 8.5 0
nm_flota  nm_reclas  nm_pelaces    nm_pelaL
inf 4.29821 2.47135 3.24201
cv_recla  cv_pelaces  cv_mph
0.462974 1.00557 1.07622
 ------------------------------------------------
Talla a la edad & desviaci?n 
 8 13.2811 15.8009 17.003 17.5766
 0.8 1.32811 1.58009 1.7003 1.75766
