years
 1991 1992 1993 1994 1995 1996 1997 1998 1999 2000 2001 2002 2003 2004 2005 2006 2007 2008 2009 2010 2011 2012 2013 2014 2015 2016 2017 2018 2019 2020 2021
reclasobs
 0 0 0 0 0 0 0 0 0 252601 567819 844713 477998 351125 339783 2.1784e+06 2.13404e+06 4.81314e+06 1.55562e+06 2.62356e+06 3.21686e+06 3.843e+06 1.13348e+06 3.07943e+06 1.97215e+06 2.03268e+06 2.025e+06 2.42433e+06 2.27542e+06 1.05018e+06 2.36338e+06
reclaspred
 5.24133e+06 1.84455e+06 988791 737465 321249 3.00295e+06 1.51357e+06 796943 518245 254180 449918 816653 781440 566569 434942 1.69946e+06 938783 4.03651e+06 2.95826e+06 1.9933e+06 3.15633e+06 3.0197e+06 1.70189e+06 3.22748e+06 2.31026e+06 1.67345e+06 2.25749e+06 3.12313e+06 2.32853e+06 853012 1.56322e+06
pelacesobs
 0 0 0 0 0 0 0 0 0 0 0 0 0 0 0 552880 188675 0 991730 2.46772e+06 1.41603e+06 1.21717e+06 2.29649e+06 1.80582e+06 0 1.4828e+06 1.56532e+06 1.57751e+06 1.42118e+06 867257 1.10002e+06
pelacespred
 5.03451e+06 1.64836e+06 591896 301764 163057 1.57639e+06 884686 688790 288177 96090.8 234921 345122 379616 246135 184157 678120 463231 2.10189e+06 1.68819e+06 991619 1.60818e+06 1.52255e+06 1.06717e+06 1.99245e+06 1.52137e+06 1.14816e+06 1.51958e+06 2.10241e+06 1.68473e+06 634081 844357
mphobs
 0 0 0 0 0 0 0 0 0 0 0 498337 0 5186 125008 0 168611 109162 213762 579715 649985 157893 87575 83554 0 0 0 0 0 0 0
mphpred
 1.11581e+06 511750 131131 109166 55009.4 31136.3 384594 132488 74788.9 33291.7 14780.4 59883.5 73997.1 53268.5 27533.2 29435.1 190347 80741 456707 237141 240655 284902 330489 167047 362161 266179 164147 229256 450636 211823 61876.9
desembarqueobs
 494567 514787 250237 358949 120608 361735 552515 73892 212993 205616 52469 317467 293654 387597 252695 516296 358380 742168 942051 627588 828172 859565 418607 520667 417249 300574 415391 372974 316634 284311 391294
desembarquepred
 494507 514551 249926 358756 120561 361591 552022 73880.1 212860 205473 52460.5 317254 293403 387046 252445 515875 358229 741587 940755 626615 827808 858758 418317 520435 416927 300378 415128 372736 316380 283980 391109
Reclutas
 52025.1 39652.8 138586 59574.2 23811.5 281276 36350.5 10632.9 26304.4 37187 43916.7 107420 82815.1 67297.7 44471.7 256251 25648.2 437114 223088 199907 225498 394437 34571.9 179607 139205 44431.6 137674 175774 36294.2 22012.5 122508
log_desv_Rt
 -0.409689 -0.681254 0.570074 -0.274191 -1.19124 1.27792 -0.768207 -1.99746 -1.09168 -0.745455 -0.57912 0.315335 0.0551959 -0.152289 -0.566562 1.18474 -1.11694 1.71878 1.04615 0.936436 1.0569 1.61605 -0.818373 0.829356 0.574531 -0.567463 0.563474 0.807782 -0.769758 -1.2698 0.446764
SSB
 1.44645e+06 663390 169987 141514 71309.6 40362.5 498556 171746 96950.2 43156.6 19160 77628 95923.7 69052.9 35691.8 38157.2 246750 104666 592038 307410 311965 369323 428419 216545 469475 345053 212786 297189 584167 274589 80212.1
BT
 1.91531e+06 1.01748e+06 453143 398273 161892 1.28893e+06 799686 311601 332263 242381 177977 446976 462420 539560 355631 822880 458060 1.9305e+06 1.65561e+06 972481 1.53262e+06 1.49925e+06 751148 1.57464e+06 1.00209e+06 715371 1.22995e+06 1.46609e+06 848670 492104 857392
Ftot
 0.333494 0.923657 0.927811 1.57297 1.25935 0.500766 1.16706 0.337074 1.42343 2.45735 0.47734 1.4002 1.33804 2.21958 1.99896 1.1851 1.23635 0.742818 1.11298 1.13711 0.971793 1.05563 0.837341 0.638816 0.6602 0.642737 0.715597 0.475079 0.476108 1.09998 0.978975
BD_Bspro_t
 0.94804 0.627031 0.282066 0.258776 0.127591 0.0977713 0.474813 0.214773 0.179601 0.109449 0.069199 0.294361 0.223889 0.148199 0.0795903 0.0876042 0.268656 0.135402 0.386984 0.229178 0.198006 0.224757 0.264715 0.17495 0.343286 0.329576 0.282252 0.38482 0.522395 0.345367 0.166447
BD_Bspro
 2.58589 1.18598 0.303895 0.252992 0.127484 0.0721583 0.891296 0.307041 0.173323 0.0771535 0.0342535 0.13878 0.171488 0.12345 0.0638082 0.0682158 0.441128 0.187117 1.05842 0.549573 0.557717 0.66026 0.765909 0.38713 0.839307 0.616871 0.38041 0.531301 1.04435 0.490899 0.1434
BD_Bo
 1.10515 0.506861 0.129878 0.108123 0.0544838 0.0308388 0.380919 0.131222 0.0740743 0.0329736 0.0146392 0.0593114 0.0732901 0.0527595 0.0272702 0.0291539 0.188528 0.0799696 0.452344 0.234875 0.238355 0.28218 0.327332 0.16545 0.3587 0.263636 0.162578 0.227066 0.44633 0.209799 0.0612857
BD_Brms
 2.00937 0.921565 0.236142 0.196587 0.0990614 0.0560705 0.692581 0.238586 0.134681 0.059952 0.0266166 0.107839 0.133255 0.0959264 0.0495821 0.053007 0.342778 0.145399 0.822443 0.427045 0.433374 0.513054 0.595149 0.300819 0.652182 0.479339 0.295597 0.412847 0.811509 0.381452 0.111428
Sel_flota
 0.686198 1 1 1 1
 0.686198 1 1 1 1
 0.686198 1 1 1 1
 0.686198 1 1 1 1
 0.686198 1 1 1 1
 0.686198 1 1 1 1
 0.686198 1 1 1 1
 0.686198 1 1 1 1
 0.686198 1 1 1 1
 0.686198 1 1 1 1
 0.686198 1 1 1 1
 0.686198 1 1 1 1
 0.686198 1 1 1 1
 0.686198 1 1 1 1
 0.686198 1 1 1 1
 0.686198 1 1 1 1
 0.686198 1 1 1 1
 0.686198 1 1 1 1
 0.686198 1 1 1 1
 0.686198 1 1 1 1
 0.686198 1 1 1 1
 0.686198 1 1 1 1
 0.686198 1 1 1 1
 0.686198 1 1 1 1
 0.686198 1 1 1 1
 0.686198 1 1 1 1
 0.686198 1 1 1 1
 0.686198 1 1 1 1
 0.686198 1 1 1 1
 0.686198 1 1 1 1
 0.686198 1 1 1 1
Sel_reclas
 0.831653 1 1 1 1
 0.831653 1 1 1 1
 0.831653 1 1 1 1
 0.831653 1 1 1 1
 0.831653 1 1 1 1
 0.831653 1 1 1 1
 0.831653 1 1 1 1
 0.831653 1 1 1 1
 0.831653 1 1 1 1
 0.831653 1 1 1 1
 0.831653 1 1 1 1
 0.831653 1 1 1 1
 0.831653 1 1 1 1
 0.831653 1 1 1 1
 0.831653 1 1 1 1
 0.831653 1 1 1 1
 0.831653 1 1 1 1
 0.831653 1 1 1 1
 0.831653 1 1 1 1
 0.831653 1 1 1 1
 0.831653 1 1 1 1
 0.831653 1 1 1 1
 0.831653 1 1 1 1
 0.831653 1 1 1 1
 0.831653 1 1 1 1
 0.831653 1 1 1 1
 0.831653 1 1 1 1
 0.831653 1 1 1 1
 0.831653 1 1 1 1
 0.831653 1 1 1 1
 0.831653 1 1 1 1
Sel_pelaces
 0.407693 0.775987 0.94575 0.98873 0.99774
 0.407693 0.775987 0.94575 0.98873 0.99774
 0.407693 0.775987 0.94575 0.98873 0.99774
 0.407693 0.775987 0.94575 0.98873 0.99774
 0.407693 0.775987 0.94575 0.98873 0.99774
 0.407693 0.775987 0.94575 0.98873 0.99774
 0.407693 0.775987 0.94575 0.98873 0.99774
 0.407693 0.775987 0.94575 0.98873 0.99774
 0.407693 0.775987 0.94575 0.98873 0.99774
 0.407693 0.775987 0.94575 0.98873 0.99774
 0.407693 0.775987 0.94575 0.98873 0.99774
 0.407693 0.775987 0.94575 0.98873 0.99774
 0.407693 0.775987 0.94575 0.98873 0.99774
 0.407693 0.775987 0.94575 0.98873 0.99774
 0.407693 0.775987 0.94575 0.98873 0.99774
 0.407693 0.775987 0.94575 0.98873 0.99774
 0.407693 0.775987 0.94575 0.98873 0.99774
 0.407693 0.775987 0.94575 0.98873 0.99774
 0.407693 0.775987 0.94575 0.98873 0.99774
 0.407693 0.775987 0.94575 0.98873 0.99774
 0.407693 0.775987 0.94575 0.98873 0.99774
 0.407693 0.775987 0.94575 0.98873 0.99774
 0.407693 0.775987 0.94575 0.98873 0.99774
 0.407693 0.775987 0.94575 0.98873 0.99774
 0.407693 0.775987 0.94575 0.98873 0.99774
 0.407693 0.775987 0.94575 0.98873 0.99774
 0.407693 0.775987 0.94575 0.98873 0.99774
 0.407693 0.775987 0.94575 0.98873 0.99774
 0.407693 0.775987 0.94575 0.98873 0.99774
 0.407693 0.775987 0.94575 0.98873 0.99774
 0.407693 0.775987 0.94575 0.98873 0.99774
pf_obs 
 0.8446 0.082 0.0669 0.0065 0
 0.8095 0.147 0.0364 0.0071 0
 0.9664 0.0169 0.016 0.0007 0
 0.9276 0.0648 0.0075 0.0001 0
 0.7033 0.2144 0.0806 0.0017 0
 0.9318 0.0425 0.0243 0.0014 0
 0.5671 0.3108 0.0964 0.0239 0.0018
 0.0768 0.2599 0.5324 0.112 0.0189
 0.490249 0.384438 0.106611 0.0170017 0.00170017
 0.7925 0.1577 0.0466 0.003 0.0002
 0.840416 0.127587 0.0312969 0.00059994 9.999e-05
 0.8084 0.0986 0.0794 0.0134 0.0002
 0.7335 0.1905 0.0724 0.0035 0.0001
 0.4001 0.4547 0.1325 0.0127 0
 0.49795 0.308269 0.164784 0.0264974 0.00249975
 0.9179 0.0499 0.0305 0.0017 0
 0.2467 0.6533 0.0926 0.0074 0
 0.9418 0.0223 0.034 0.0019 0
 0.707729 0.231977 0.0356964 0.0245975 0
 0.517169 0.277429 0.184464 0.0207286 0.00020938
 0.811772 0.124168 0.05621 0.00726502 0.000585176
 0.764997 0.148141 0.077277 0.00933861 0.000247198
 0.163321 0.427699 0.378323 0.0303852 0.000271297
 0.753843 0.0900009 0.118128 0.0371064 0.000921714
 0.721811 0.176058 0.0630433 0.0369309 0.00215725
 0.143369 0.312575 0.442814 0.0836902 0.0175525
 0.692698 0.0596174 0.167031 0.0765114 0.00414204
 0.394062 0.376323 0.152708 0.0712218 0.00568511
 0.125707 0.32114 0.495352 0.0537591 0.00404204
 0.23352 0.215282 0.420074 0.123614 0.00750983
 0.796117 0.104755 0.0508955 0.0450114 0.00322123
pf_pred 
 0.283608 0.195046 0.461691 0.0596537 1.00306e-06
 0.430174 0.216897 0.0960891 0.227451 0.0293888
 0.886011 0.0649557 0.0186637 0.00826835 0.0221008
 0.623387 0.350909 0.0146471 0.00420854 0.00684803
 0.659275 0.26278 0.0726257 0.00303142 0.00228831
 0.977595 0.0175984 0.00370732 0.00102461 7.50512e-05
 0.275469 0.714331 0.00801151 0.00168772 0.000500609
 0.343713 0.271225 0.379641 0.00425783 0.00116302
 0.75144 0.111506 0.0566405 0.0792813 0.00113205
 0.881287 0.101614 0.00767085 0.00389647 0.00553188
 0.922893 0.0732299 0.00331849 0.000250513 0.000307909
 0.874355 0.119401 0.00593066 0.000268754 4.52248e-05
 0.801191 0.185197 0.0129361 0.000642541 3.40172e-05
 0.804381 0.173301 0.02079 0.0014522 7.59498e-05
 0.86095 0.126217 0.0113682 0.00136378 0.000100243
 0.97823 0.020319 0.00131716 0.000118635 1.52781e-05
 0.321957 0.670027 0.00748157 0.000484985 4.93072e-05
 0.974491 0.0120387 0.0133115 0.000148637 1.06148e-05
 0.637976 0.356495 0.00260939 0.00288527 3.45179e-05
 0.756014 0.186239 0.0568651 0.000416228 0.000465741
 0.813236 0.158895 0.0212723 0.00649516 0.000100739
 0.863417 0.120923 0.0133226 0.00178358 0.000553034
 0.254483 0.685498 0.0531381 0.00585443 0.00102679
 0.872982 0.047026 0.0735519 0.00570157 0.000738336
 0.690025 0.284874 0.00929311 0.0145351 0.00127263
 0.44292 0.438359 0.109108 0.0035593 0.00605441
 0.847222 0.086754 0.0519536 0.0129313 0.0011394
 0.788245 0.191208 0.0116677 0.00698732 0.00189239
 0.326111 0.576841 0.0876312 0.00534734 0.0040696
 0.435401 0.246134 0.272602 0.0414126 0.00445023
 0.935064 0.0379602 0.01176 0.0130246 0.00219127
pobs_RECLAS
 0 0 0 0 0
 0 0 0 0 0
 0 0 0 0 0
 0 0 0 0 0
 0 0 0 0 0
 0 0 0 0 0
 0 0 0 0 0
 0 0 0 0 0
 0 0 0 0 0
 0 0 0 0 0
 0.991045 0.00858322 0.000360255 1.14367e-05 0
 0.934742 0.0480273 0.0164251 0.00080598 0
 0.827803 0.169806 0.00239088 0 0
 0.941827 0.0461693 0.0120037 0 0
 0.791401 0.0380133 0.147996 0.0225897 0
 0.846168 0.0940531 0.0597789 0 0
 0.134021 0.677848 0.182769 0.00536245 0
 0.80878 0.0450904 0.141981 0.00414843 0
 0.846168 0.0940531 0.0597789 0 0
 0.905697 0.0802665 0.012482 0.00150086 5.37128e-05
 0.989698 0.0102097 9.19794e-05 0 0
 0.975433 0.0193895 0.00387452 0.00125025 5.28907e-05
 0.303575 0.632131 0.0575291 0.00676475 0
 0.966965 0.00978017 0.0227588 0.000495775 0
 0.843318 0.132988 0.00938335 0.0141283 0.000182051
 0.564624 0.303363 0.111486 0.0197234 0.00080311
 0.826376 0.0876187 0.0782897 0.00655872 0.00115652
 0.89761 0.0855135 0.0140674 0.00269457 0.000114338
 0.34875 0.467042 0.161289 0.0227151 0.000203297
 0.318654 0.224769 0.449479 0.00709798 0
 0.937255 0.0296025 0.0250945 0.00804832 0
ppred_RECLAS
 0.326621 0.183336 0.433971 0.056072 9.42836e-07
 0.48799 0.19489 0.0863396 0.204373 0.0264069
 0.907542 0.0526868 0.0151385 0.00670662 0.0179264
 0.686577 0.292032 0.0121895 0.00350241 0.00569902
 0.714187 0.220429 0.0609211 0.00254286 0.00191952
 0.981766 0.014322 0.0030171 0.00083385 6.10783e-05
 0.327854 0.662684 0.00743227 0.0015657 0.000464415
 0.390902 0.251723 0.352344 0.00395168 0.00107939
 0.798102 0.0905731 0.0460074 0.0643978 0.000919528
 0.914406 0.0732649 0.00553076 0.0028094 0.00398854
 0.936525 0.0602836 0.00273182 0.000206225 0.000253474
 0.900821 0.0942497 0.0046814 0.000212143 3.56985e-05
 0.839613 0.149405 0.0104361 0.000518363 2.7443e-05
 0.852388 0.130771 0.0156879 0.00109582 5.73109e-05
 0.894851 0.0954457 0.00859663 0.00103129 7.58041e-05
 0.98297 0.0158947 0.00103036 9.28026e-05 1.19514e-05
 0.379724 0.612943 0.00684416 0.000443666 4.51064e-05
 0.979475 0.0096862 0.0107103 0.000119592 8.54059e-06
 0.692533 0.302771 0.00221615 0.00245046 2.9316e-05
 0.79867 0.153679 0.0469233 0.000343459 0.000384315
 0.846483 0.130609 0.0174855 0.00533892 8.28058e-05
 0.889487 0.0978428 0.0107797 0.00144315 0.000447477
 0.300075 0.643577 0.0498885 0.00549641 0.000964
 0.895161 0.0388148 0.060709 0.00470601 0.000609415
 0.734647 0.243865 0.00795534 0.0124427 0.00108943
 0.496967 0.39583 0.0985223 0.00321398 0.00546702
 0.873693 0.0717227 0.0429519 0.0106908 0.000941986
 0.82105 0.161586 0.0098601 0.00590483 0.00159922
 0.373629 0.536166 0.081452 0.00497027 0.00378264
 0.496167 0.219643 0.243263 0.0369555 0.00397127
 0.948033 0.030379 0.00941135 0.0104234 0.00175364
pobs_PELACES
 0 0 0 0 0
 0 0 0 0 0
 0 0 0 0 0
 0 0 0 0 0
 0 0 0 0 0
 0 0 0 0 0
 0 0 0 0 0
 0 0 0 0 0
 0 0 0 0 0
 0 0 0 0 0
 0 0 0 0 0
 0 0 0 0 0
 0 0 0 0 0
 0 0 0 0 0
 0 0 0 0 0
 0 0 0 0 0
 0.505614 0.472636 0.0217494 0 0
 0 0 0 0 0
 0.443492 0.261883 0.143347 0.151278 0
 0.227955 0.32914 0.350689 0.0885471 0.00366901
 0.970185 0.0296113 0.000203453 0 0
 0.997202 0.00247181 0.000326279 0 0
 0.445219 0.490057 0.0546422 0.010081 0
 0.90214 0.0892962 0.00764917 0.000914606 0
 0 0 0 0 0
 0.581667 0.319106 0.0959925 0.00289975 0.000334073
 0.762889 0.0836404 0.116647 0.0363945 0.000428098
 0.88444 0.0763242 0.0277011 0.0115352 0
 0.521256 0.241999 0.230069 0.00667565 0
 0.616807 0.101726 0.260614 0.0208532 0
 0.833518 0.0704572 0.0857862 0.0102388 0
ppred_PELACES
 0.214171 0.183835 0.530353 0.0716395 1.21558e-06
 0.363312 0.208729 0.1127 0.278895 0.0363641
 0.860015 0.0717924 0.025141 0.0116441 0.0314074
 0.615654 0.352208 0.0179175 0.0053822 0.00883758
 0.631162 0.27066 0.0911686 0.00397834 0.00303048
 0.971533 0.0213008 0.00546895 0.00158017 0.0001168
 0.257389 0.729782 0.00997539 0.00219694 0.000657591
 0.271093 0.266856 0.455242 0.00533776 0.00147129
 0.717642 0.111249 0.0688726 0.100784 0.0014522
 0.8936 0.0878716 0.00808462 0.00429328 0.00615078
 0.906387 0.0879002 0.00485472 0.000383138 0.000475211
 0.867742 0.124315 0.00752562 0.00035653 6.0542e-05
 0.789111 0.193514 0.0164743 0.000855468 4.57026e-05
 0.817416 0.157747 0.023064 0.00168426 8.88891e-05
 0.866276 0.118912 0.0130533 0.0016371 0.00012143
 0.975972 0.0220961 0.00174572 0.000164379 2.13621e-05
 0.304788 0.685191 0.00932467 0.000631933 6.48325e-05
 0.966863 0.0140146 0.0188865 0.000220472 1.58884e-05
 0.614005 0.378665 0.00337802 0.00390492 4.71421e-05
 0.728254 0.197175 0.0733753 0.000561484 0.000634001
 0.788284 0.174099 0.0284069 0.00906776 0.000141921
 0.84681 0.13218 0.0177486 0.00248411 0.000777266
 0.224873 0.700026 0.0661357 0.00761757 0.0013482
 0.834774 0.053629 0.10223 0.00828474 0.00108263
 0.647265 0.317633 0.0126286 0.0206497 0.00182448
 0.389014 0.458885 0.139204 0.00474747 0.0081491
 0.810577 0.0978078 0.0713874 0.0185759 0.00165167
 0.748385 0.22195 0.0165065 0.0103344 0.00282438
 0.27718 0.599337 0.110967 0.00707907 0.00543663
 0.381982 0.238851 0.322409 0.0512049 0.00555267
 0.92032 0.0421818 0.0159267 0.018441 0.0031308
pobs_pel_tallas
 0 0 0 0 0 0 0 0 0 0 0 0 0 0 0 0 0 0 0 0 0 0 0 0 0 0
 0 0 0 0 0 0 0 0 0 0 0 0 0 0 0 0 0 0 0 0 0 0 0 0 0 0
 0 0 0 0 0 0 0 0 0 0 0 0 0 0 0 0 0 0 0 0 0 0 0 0 0 0
 0 0 0 0 0 0 0 0 0 0 0 0 0 0 0 0 0 0 0 0 0 0 0 0 0 0
 0 0 0 0 0 0 0 0 0 0 0 0 0 0 0 0 0 0 0 0 0 0 0 0 0 0
 0 0 0 0 0 0 0 0 0 0 0 0 0 0 0 0 0 0 0 0 0 0 0 0 0 0
 0 0 0 0 0 0 0 0 0 0 0 0 0 0 0 0 0 0 0 0 0 0 0 0 0 0
 0 0 0 0 0 0 0 0 0 0 0 0 0 0 0 0 0 0 0 0 0 0 0 0 0 0
 0 0 0 0 0 0 0 0 0 0 0 0 0 0 0 0 0 0 0 0 0 0 0 0 0 0
 0 0 0 0 0 0 0 0 0 0 0 0 0 0 0 0 0 0 0 0 0 0 0 0 0 0
 0 0 0 0 0 0 0 0 0 0 0 0 0 0 0 0 0 0 0 0 0 0 0 0 0 0
 0 0 0 0 0 0 0 0 0 0 0 0 0 0 0 0 0 0 0 0 0 0 0 0 0 0
 0.00862536 0 0 0.000197151 0.00414017 0.0128641 0.00837892 0.0270097 0.101434 0.158115 0.152841 0.127902 0.109271 0.109419 0.0830992 0.0579132 0.0238553 0.00714673 0.00463305 0.00128148 0.00103504 0.000492878 0.000147863 0.000147863 4.92878e-05 0
 0 0 0 0 0 0 0 0 0 0 0 0 0 0 0 0 0 0 0 0 0 0 0 0 0 0
 0 0 0 0 0 0 0 0.0054083 0.00873648 0.0413646 0.0450493 0.0745869 0.0622846 0.0627006 0.0613931 0.0827291 0.12552 0.122667 0.0946155 0.0697135 0.0546179 0.0294188 0.0215738 0.0213955 0.0102223 0.00600262
 0 0 0 0 0.00359764 0.0251062 0.0480494 0.140153 0.205849 0.193036 0.1447 0.116669 0.0760912 0.0342217 0.00950174 0.001854 0.000860785 0 0 0 0.000165536 0 0.000143464 0 0 0
 0 0 0 0 0 0 0 0.000145254 0.000435761 0.0275982 0.070085 0.0708112 0.156366 0.174668 0.174014 0.160142 0.0824315 0.0480064 0.0283245 0.00493863 0.00203355 0 0 0 0 0
 0 0 0 0 0 0 0 0 0 0 0 0 0 0 0 0 0 0 0 0 0 0 0 0 0 0
 0 0 1.00437e-05 0.000401748 0.00122533 0.00171747 0.00176769 0.0269171 0.070346 0.194647 0.189555 0.159765 0.064822 0.0314167 0.0384472 0.0292271 0.0345202 0.0313363 0.0194345 0.0106764 0.0143323 0.0359363 0.0279516 0.0138201 0.00172751 0
 0 0.0021121 0.0136068 0.0755702 0.200478 0.177729 0.0527432 0.0373336 0.0318909 0.0142505 0.0149659 0.0166563 0.0217959 0.0798694 0.0677717 0.0528807 0.04013 0.0224614 0.0357745 0.0225083 0.00881397 0.00855152 0.00135912 0.000746735 0 0
 0 0 0 0 5.4009e-05 0.00500934 0.000945158 0.0243581 0.138947 0.33067 0.221406 0.137944 0.0707744 0.0437923 0.0131692 0.00525238 0.0047753 0.00276346 9.45158e-05 9.00151e-06 2.25038e-05 9.00151e-06 4.50075e-06 0 0 0
 0.000866109 0.00284123 0.00948549 0.0512746 0.133035 0.25785 0.225252 0.132002 0.0553304 0.0519788 0.0540692 0.017754 0.00435017 0.00159236 0.00146478 0.000404838 0.000125132 0.000115318 0.000107957 0.000100596 0 0 0 0 0 0
 0 0 0 0 0.00144013 0.00171154 0.00461396 0.0210425 0.0478622 0.0707936 0.0888783 0.103762 0.0637923 0.0337046 0.0602308 0.124433 0.169614 0.0934646 0.0462172 0.0250306 0.0313229 0.00938855 0.002487 0.000210481 0 0
 0 0.00764035 0.051015 0.0998891 0.058973 0.0496711 0.0374665 0.0718981 0.12319 0.153886 0.159021 0.0857701 0.0377988 0.023471 0.0147837 0.00900784 0.00315554 0.000888139 0.00291439 0.00214683 0.00393193 0.00274676 0.000635225 9.99891e-05 0 0
 0 0 0 0 0 0 0 0 0 0 0 0 0 0 0 0 0 0 0 0 0 0 0 0 0 0
 0 0 0 0 0 0 0 0 0 0 0 0 0 0 0 0 0 0 0 0 0 0 0 0 0 0
 0 0 0 0 0 0 0 0 0 0 0 0 0 0 0 0 0 0 0 0 0 0 0 0 0 0
 0 0 0 0 0 0 0 0 0 0 0 0 0 0 0 0 0 0 0 0 0 0 0 0 0 0
 0 0 0 0 0 0 0 0 0 0 0 0 0 0 0 0 0 0 0 0 0 0 0 0 0 0
 0 0 0 0 0 0 0 0 0 0 0 0 0 0 0 0 0 0 0 0 0 0 0 0 0 0
 0 0 0 0 0 0 0 0 0 0 0 0 0 0 0 0 0 0 0 0 0 0 0 0 0 0
ppred_pel_tallas
 1.22537e-16 1.7641e-05 0.000171477 0.00113953 0.00518013 0.0161174 0.0343405 0.0501249 0.0501434 0.0344314 0.0164248 0.00607835 0.00343284 0.00530569 0.0101432 0.0177183 0.0277996 0.0397068 0.0526002 0.0658646 0.0790067 0.091047 0.100075 0.103669 0.100087 0.0893747
 1.37429e-16 2.99256e-05 0.000290887 0.00193305 0.00878738 0.0273409 0.0582534 0.0850268 0.0850472 0.058353 0.0276759 0.00975824 0.00438289 0.00568294 0.0104051 0.0175237 0.026154 0.034931 0.0426109 0.0489598 0.0549828 0.0621102 0.0708975 0.080254 0.0877666 0.0908421
 1.07227e-16 7.08383e-05 0.000688574 0.00457582 0.020801 0.0647197 0.137892 0.201259 0.201266 0.137926 0.0648339 0.0211313 0.00540678 0.00250853 0.00354539 0.00579856 0.00846783 0.0109195 0.0125768 0.0132228 0.0131441 0.0129303 0.0130768 0.0136946 0.0145028 0.01504
 1.02643e-16 5.07107e-05 0.000492926 0.00327567 0.0148907 0.0463308 0.0987139 0.144083 0.144117 0.0988795 0.0468867 0.0164957 0.00730203 0.0092745 0.0167051 0.0274757 0.0394331 0.0492933 0.0537503 0.0512932 0.0431293 0.0324105 0.0224019 0.0149964 0.0104225 0.0078956
 1.03612e-16 5.1988e-05 0.000505342 0.00335818 0.0152658 0.0474977 0.1012 0.14771 0.147736 0.101328 0.0479274 0.0165078 0.00647966 0.00733203 0.0130534 0.0215917 0.0313153 0.0398259 0.0446891 0.0447406 0.0407167 0.0346431 0.0285187 0.0233582 0.0191588 0.0154892
 1.00342e-16 8.00239e-05 0.000777861 0.00516916 0.0234982 0.0731118 0.155772 0.227355 0.227357 0.155783 0.0731456 0.0235958 0.00541432 0.00131371 0.00109966 0.00169641 0.0024479 0.00310317 0.00346569 0.00344588 0.00310745 0.00261828 0.0021437 0.00176693 0.00148348 0.00124811
 1.00807e-16 2.12009e-05 0.00020608 0.00136948 0.0062255 0.0193702 0.0412729 0.0602537 0.0603239 0.0416158 0.020521 0.0095475 0.0097007 0.0183684 0.0344417 0.056714 0.0812468 0.101223 0.109712 0.103521 0.0851588 0.0612582 0.0387876 0.0219317 0.0114169 0.00579189
 1.1399e-16 2.23296e-05 0.000217052 0.00144239 0.0065569 0.0204011 0.0434676 0.0634478 0.0634741 0.0435967 0.0208365 0.00782261 0.00465019 0.00732091 0.0138093 0.0235612 0.0357151 0.0485895 0.0603224 0.0697924 0.0768651 0.0816972 0.0838443 0.0821683 0.0757036 0.0646754
 1.1237e-16 5.91112e-05 0.000574582 0.0038183 0.0173575 0.0540055 0.115065 0.167943 0.167954 0.115118 0.0541839 0.0178743 0.00512174 0.00344081 0.00556533 0.00927633 0.0137678 0.0182115 0.0218356 0.024374 0.0262185 0.0280509 0.0302324 0.032449 0.0338683 0.0336353
 1.01728e-16 7.36046e-05 0.000715463 0.00475451 0.0216133 0.067247 0.143277 0.209119 0.209128 0.143319 0.0673859 0.0220143 0.00576081 0.00291156 0.00424253 0.0068928 0.00991297 0.0124496 0.0136916 0.0132774 0.0115142 0.00917778 0.00705111 0.00555693 0.00469497 0.00421926
 1.00282e-16 7.46579e-05 0.000725701 0.00482254 0.0219226 0.0682093 0.145327 0.212111 0.21212 0.145369 0.068348 0.0223231 0.00582735 0.00291713 0.00423048 0.00685961 0.0098364 0.0122893 0.0133854 0.0127415 0.0106521 0.00789862 0.00529593 0.00332483 0.00205974 0.00132796
 1.00296e-16 7.14748e-05 0.00069476 0.00461693 0.0209879 0.0653012 0.139132 0.203069 0.203081 0.13919 0.0654974 0.0215544 0.00603819 0.00379457 0.00595026 0.00970192 0.0139172 0.017391 0.018947 0.0180416 0.0150881 0.011187 0.00748693 0.00466699 0.00283602 0.0017577
 1.00619e-16 6.4998e-05 0.000631804 0.00419856 0.0190861 0.0593839 0.126524 0.18467 0.184689 0.126615 0.0596895 0.0199685 0.00641267 0.00546203 0.00922898 0.0151293 0.0217282 0.0271957 0.0297109 0.0284288 0.0239815 0.0180586 0.0124157 0.00808054 0.0052081 0.00343717
 1.0089e-16 6.73295e-05 0.000654467 0.00434916 0.0197707 0.061514 0.131063 0.191293 0.191308 0.131137 0.0617634 0.0204911 0.00615756 0.00460204 0.00756385 0.012396 0.0178447 0.0224256 0.0246694 0.0238903 0.0205826 0.0160752 0.0117333 0.00833263 0.00596643 0.00434958
 1.00592e-16 7.1354e-05 0.000693587 0.00460913 0.0209524 0.0651909 0.138896 0.202726 0.202737 0.138952 0.0653788 0.021495 0.00597082 0.00366502 0.0057112 0.00931964 0.0133963 0.0167985 0.018412 0.01772 0.0151064 0.0115947 0.00824162 0.00565515 0.00391381 0.00279182
 1.00077e-16 8.03896e-05 0.000781415 0.00519278 0.0236056 0.0734459 0.156484 0.228394 0.228396 0.156495 0.0734807 0.0237064 0.00544555 0.00133283 0.00112647 0.00173196 0.00247983 0.00310267 0.00338811 0.00323959 0.00272977 0.00205227 0.00140829 0.000915546 0.000591481 0.000393979
 1.00519e-16 2.51051e-05 0.000244031 0.00162167 0.00737194 0.0229372 0.0488725 0.0713447 0.0714106 0.0491944 0.0240177 0.0104909 0.00944366 0.0172961 0.032341 0.0532451 0.0762732 0.0950181 0.102968 0.0971227 0.0798317 0.0573231 0.0361432 0.0202307 0.0102822 0.00495034
 1.00574e-16 7.96392e-05 0.000774121 0.00514431 0.0233853 0.0727603 0.155024 0.226262 0.226263 0.15503 0.072783 0.0234512 0.00531098 0.00114204 0.000790315 0.00121143 0.00180895 0.00242265 0.0029424 0.00330844 0.00352525 0.00362621 0.00362129 0.00348057 0.00316742 0.00268576
 1.00594e-16 5.05749e-05 0.000491606 0.0032669 0.0148509 0.0462067 0.0984497 0.143698 0.143734 0.0986276 0.0468038 0.0165744 0.00758935 0.00991446 0.0179078 0.0294243 0.0421456 0.052503 0.0568998 0.0536849 0.0441671 0.0317973 0.020196 0.0115307 0.00616391 0.00332175
 1.02332e-16 5.99853e-05 0.000583079 0.00387477 0.0176141 0.0548042 0.116767 0.170429 0.170448 0.11686 0.0551174 0.0185196 0.00615093 0.00556247 0.0095473 0.0157675 0.022889 0.0291547 0.0327931 0.032948 0.0301314 0.0257813 0.0213138 0.0174451 0.0141828 0.0112561
 1.01798e-16 6.49299e-05 0.000631142 0.00419416 0.0190661 0.0593217 0.126392 0.184476 0.184493 0.126474 0.0595971 0.0198617 0.00619176 0.00499301 0.00835217 0.0137136 0.0197687 0.0249015 0.0275091 0.0268498 0.0234744 0.0188353 0.0144012 0.0109711 0.00858559 0.00688159
 1.00927e-16 6.97507e-05 0.000678001 0.00450556 0.0204816 0.063726 0.135775 0.198171 0.198184 0.135838 0.063935 0.0210852 0.00602044 0.00398458 0.00634829 0.0103812 0.0149391 0.018767 0.0206339 0.0199685 0.0171926 0.0134289 0.00982887 0.00704372 0.00514308 0.00387113
 1.0308e-16 1.85226e-05 0.000180047 0.00119648 0.00543905 0.0169233 0.0360593 0.0526437 0.0527111 0.0363887 0.018029 0.00863213 0.0092087 0.0176613 0.0331902 0.0547657 0.078712 0.0986017 0.107881 0.103505 0.087758 0.0667195 0.0466863 0.0313093 0.0210901 0.0146898
 1.03978e-16 6.87592e-05 0.000668364 0.00444152 0.0201905 0.0628201 0.133845 0.195352 0.195357 0.133871 0.062908 0.0204463 0.00509071 0.00210915 0.00287405 0.00482217 0.00735737 0.0101201 0.0127628 0.0150778 0.0170265 0.0185883 0.0195847 0.0196818 0.018598 0.0163373
 1.02826e-16 5.33144e-05 0.000518235 0.00344385 0.0156553 0.0487096 0.103782 0.151479 0.15151 0.103931 0.0492109 0.0171027 0.00707483 0.00843758 0.015073 0.0247814 0.0355722 0.0444856 0.0485537 0.046433 0.0392312 0.0297985 0.0210623 0.0146824 0.0107947 0.00862335
 1.0599e-16 3.20427e-05 0.000311466 0.00206981 0.00940906 0.0292753 0.0623758 0.0910486 0.0910929 0.0625925 0.0300033 0.0115131 0.00735655 0.0118699 0.0220342 0.0365073 0.052889 0.0671306 0.075087 0.0747859 0.0675159 0.0567942 0.046116 0.0372934 0.0303576 0.0245384
 1.04228e-16 6.67662e-05 0.000648991 0.00431277 0.0196053 0.0609993 0.129966 0.189691 0.1897 0.130012 0.0611559 0.0200589 0.00545609 0.00316014 0.00488082 0.00808101 0.0119102 0.015556 0.0182251 0.0195369 0.0196967 0.0192452 0.0186072 0.0178285 0.0166741 0.014925
 1.02048e-16 6.16435e-05 0.000599197 0.00398187 0.018101 0.0563191 0.119995 0.17514 0.175162 0.120099 0.0566697 0.0191132 0.00652151 0.00613989 0.0105747 0.0173595 0.0249435 0.0312491 0.0342072 0.0328745 0.028004 0.0215511 0.0155213 0.0110472 0.00822438 0.00654082
 1.04986e-16 2.2831e-05 0.000221926 0.00147478 0.00670416 0.0208595 0.0444454 0.0648815 0.0649393 0.0447279 0.0218079 0.00944417 0.00835421 0.0152451 0.0285697 0.0472339 0.0681264 0.0858421 0.0948574 0.0925811 0.0808511 0.0646082 0.048883 0.0364672 0.0276154 0.0212357
 1.1544e-16 3.14634e-05 0.000305835 0.00203238 0.00923894 0.0287459 0.061247 0.0893968 0.0894202 0.061362 0.0291332 0.0103636 0.0048778 0.00659127 0.0121853 0.0206606 0.0310788 0.0418379 0.0512392 0.0583806 0.0634284 0.0669616 0.0690253 0.0688287 0.0653543 0.0582729
 1.0285e-16 7.58055e-05 0.000736857 0.00489667 0.0222596 0.0692578 0.147561 0.215371 0.215375 0.147581 0.0693249 0.0224539 0.00538556 0.00180805 0.00212209 0.00342043 0.00499808 0.00645657 0.00745258 0.00784834 0.00779036 0.00759183 0.00750726 0.00757832 0.00764852 0.00749871
pSPR Fmed_Fpbrs
0.25998   0.6 0.325
Fs Fmed_Fpbrs
0.924093   0.298594 0.740303
SSBpbr Bo_Bmed_Bpbrs
1.30882e+06  274826  719852 359926
Ro
78367.9
SPR SPRFo_SPRFmed_SPRFpbrs
559360 145422 181792
Fref
0.298594
Nvult_r0
 99487.3 3280.71 1016.36 1125.65 189.38
CTP_r0
 39977.2 1622.93 502.779 556.847 93.6842
YTP_r0
391109
Np
 96842.7 29026.1 6282.79 143.594 56.6259
Nvult_p0
 67816.7 21104.4 4568.12 104.405 41.1718
CTP_p0
 11532.3 3848.73 87.9632 27.2508 34.3527
 11532.3 4852.67 1050.38 24.0065 9.46689
YTP_p0
 150684 187739
CBA_c0
161801
log_Ro
11.0892
likeval ReclasPelacesDesembMPH_pf_preclas_ppelaces_ptallas_desvR_qrecl_qpela
 13.4539 16.5096 0.0992527 0.000863257 267.484 117.062 107.315 0 38.7269 8.65538e-05 0.000235001 0.0163481 1.90499e-15 0 0
q_reclas_q_pelaces
3.73719 8.8548
M
1
N
 52025.1 25590.7 60575.5 7826.77 0.131605
 39652.8 15224.1 6744.56 15964.9 2062.82
 138586 7739.59 2223.82 985.19 2633.35
 59574.2 26972.7 1125.85 323.491 526.375
 23811.5 7447.32 2058.25 85.912 64.8521
 281276 3691.42 777.641 214.92 15.7426
 36350.5 73384.4 823.036 173.382 51.4284
 10632.9 6003.69 8403.53 94.249 25.7439
 26304.4 3103.89 1576.65 2206.88 31.5117
 37187 3643.65 275.059 139.719 198.361
 43916.7 2533.83 114.823 8.66802 10.654
 107420 11643.5 578.333 26.2078 4.41013
 82815.1 15118.7 1056.06 52.4545 2.77703
 67297.7 12163.6 1459.2 101.927 5.33074
 44471.7 5398.13 486.2 58.3268 4.28726
 256251 4150.24 269.036 24.2316 3.1206
 25648.2 41802.1 466.764 30.2575 3.07621
 437114 4039.37 4466.44 49.8726 3.56163
 223088 96590 706.997 781.746 9.3524
 199907 38238.4 11675.5 85.4596 95.6255
 225498 33702.3 4511.94 1377.65 21.3671
 394437 42583.5 4691.59 628.093 194.753
 34571.9 70322.5 5451.23 600.583 105.335
 179607 7159.65 11198.2 868.055 112.411
 139205 42624 1390.47 2174.8 190.416
 44431.6 32554.6 8102.86 264.33 449.629
 137674 10516.1 6297.68 1567.5 138.115
 175774 30995.7 1891.38 1132.68 306.765
 36294.2 46674.5 7090.59 432.674 329.288
 22012.5 9630.67 10666.3 1620.38 174.128
 122508 3806.85 1179.36 1306.18 219.753
pred_Ctot
 6853.31 4713.25 11156.7 1441.52 0.0242387
 12380.2 6242.19 2765.4 6545.94 845.795
 43417.5 3183.04 914.585 405.177 1083.01
 27058.3 15231.3 635.76 182.673 297.241
 9327 3717.64 1027.46 42.8865 32.3736
 53167.1 957.103 201.625 55.7241 4.08171
 13495.3 34995.1 392.485 82.6815 24.5249
 1414.33 1116.05 1562.16 17.5203 4.78564
 11197.1 1661.54 843.995 1181.36 16.8685
 21752.9 2508.15 189.34 96.177 136.544
 7962.85 631.838 28.6324 2.16146 2.65668
 45228.6 6176.36 306.781 13.9021 2.33939
 33818.6 7817.23 546.041 27.1219 1.43588
 37366.2 8050.4 965.764 67.4595 3.52812
 23320.3 3418.8 307.926 36.9402 2.71526
 96178.8 1997.75 129.502 11.6641 1.50213
 9918.15 20640.7 230.476 14.9404 1.51895
 114970 1420.31 1570.48 17.5361 1.25233
 80043.4 44727.4 327.386 361.999 4.33077
 72846.2 17945.2 5479.27 40.1059 44.8767
 73177.3 14297.8 1914.14 584.453 9.06477
 136153 19068.6 2100.86 281.255 87.2087
 10003 26945 2088.71 230.122 40.3604
 41747.1 2248.84 3517.34 272.656 35.3081
 33251.6 13727.8 447.826 700.43 61.3267
 10380.2 10273.3 2557.03 83.415 141.89
 35132.2 3597.47 2154.39 536.228 47.2482
 31739.2 7699.11 469.807 281.349 76.1983
 6565.95 11614.2 1764.38 107.664 81.9378
 7830.91 4426.85 4902.9 744.826 80.0398
 39977.2 1622.93 502.779 556.847 93.6842
F
 0.228843 0.333494 0.333494 0.333494 0.333494
 0.633811 0.923657 0.923657 0.923657 0.923657
 0.636662 0.927811 0.927811 0.927811 0.927811
 1.07937 1.57297 1.57297 1.57297 1.57297
 0.86416 1.25935 1.25935 1.25935 1.25935
 0.343625 0.500766 0.500766 0.500766 0.500766
 0.800834 1.16706 1.16706 1.16706 1.16706
 0.231299 0.337074 0.337074 0.337074 0.337074
 0.976752 1.42343 1.42343 1.42343 1.42343
 1.68623 2.45735 2.45735 2.45735 2.45735
 0.32755 0.47734 0.47734 0.47734 0.47734
 0.960817 1.4002 1.4002 1.4002 1.4002
 0.918163 1.33804 1.33804 1.33804 1.33804
 1.52307 2.21958 2.21958 2.21958 2.21958
 1.37169 1.99896 1.99896 1.99896 1.99896
 0.813212 1.1851 1.1851 1.1851 1.1851
 0.848383 1.23635 1.23635 1.23635 1.23635
 0.50972 0.742818 0.742818 0.742818 0.742818
 0.763727 1.11298 1.11298 1.11298 1.11298
 0.780286 1.13711 1.13711 1.13711 1.13711
 0.666843 0.971793 0.971793 0.971793 0.971793
 0.724369 1.05563 1.05563 1.05563 1.05563
 0.574582 0.837341 0.837341 0.837341 0.837341
 0.438354 0.638816 0.638816 0.638816 0.638816
 0.453028 0.6602 0.6602 0.6602 0.6602
 0.441045 0.642737 0.642737 0.642737 0.642737
 0.491042 0.715597 0.715597 0.715597 0.715597
 0.325998 0.475079 0.475079 0.475079 0.475079
 0.326704 0.476108 0.476108 0.476108 0.476108
 0.754807 1.09998 1.09998 1.09998 1.09998
 0.671771 0.978975 0.978975 0.978975 0.978975
YTP_r0W_actual
 331810 22883.3 13876.7 19044.2 3494.42
YTP_p0W_proyectada
 86377.3 60309.6 2034.59 800.357 1162.15
 86377.3 76041.3 24295.2 705.071 320.265
CTP_r0_actual
 39977.2 1622.93 502.779 556.847 93.6842
CTP_p0_proyectada
 11532.3 3848.73 87.9632 27.2508 34.3527
 11532.3 4852.67 1050.38 24.0065 9.46689
Wmedp
 7.49 15.67 23.13 29.37 33.83
Frms_r0
 0.671771 0.978975 0.978975 0.978975 0.978975
Zrms_r0
 1.67177 1.97897 1.97897 1.97897 1.97897
nmprior
 8.19 8.8 8.5 0
nm_flota  nm_reclas  nm_pelaces    nm_pelaL
inf 22.3807 7.57812 13.9133
cv_recla  cv_pelaces  cv_mph
0.33178 0.460724 0.906724
 ------------------------------------------------
Talla a la edad & desviaci?n 
 8 13.2811 15.8009 17.003 17.5766
 0.8 1.32811 1.58009 1.7003 1.75766
