years
 1991 1992 1993 1994 1995 1996 1997 1998 1999 2000 2001 2002 2003 2004 2005 2006 2007 2008 2009 2010 2011 2012 2013 2014 2015 2016 2017 2018 2019 2020 2021
reclasobs
 0 0 0 0 0 0 0 0 0 252601 567819 844713 477998 351125 339783 2.1784e+06 2.13404e+06 4.81314e+06 1.55562e+06 2.62356e+06 3.21686e+06 3.843e+06 1.13348e+06 3.07943e+06 1.97215e+06 2.03268e+06 2.025e+06 2.42433e+06 2.27542e+06 1.05018e+06 2.36338e+06
reclaspred
 3.19128e+06 1.7492e+06 886270 905265 914487 1.56561e+06 892159 768586 546632 375117 500479 677870 665687 493359 485710 1.35316e+06 1.20772e+06 3.09288e+06 2.45822e+06 1.79169e+06 3.11121e+06 2.53776e+06 1.93803e+06 3.05598e+06 2.27378e+06 2.00471e+06 2.41667e+06 2.62498e+06 2.09029e+06 1.26527e+06 1.8723e+06
pelacesobs
 0 0 0 0 0 0 0 0 0 0 0 0 0 0 0 552880 188675 0 991730 2.46772e+06 1.41603e+06 1.21717e+06 2.29649e+06 1.80582e+06 0 1.4828e+06 1.56532e+06 1.57751e+06 1.42118e+06 867257 1.10002e+06
pelacespred
 1.76044e+06 1.05659e+06 523325 439666 480237 852600 427030 486596 318490 201781 290059 324536 353228 267054 272837 642045 580875 1.74213e+06 1.40018e+06 932705 1.62588e+06 1.38884e+06 1.08622e+06 1.89644e+06 1.34508e+06 1.19233e+06 1.64078e+06 1.75507e+06 1.15852e+06 785279 1.1423e+06
mphobs
 0 0 0 0 0 0 0 0 0 0 0 498337 0 5186 125008 0 168611 109162 213762 579715 649985 157893 87575 83554 0 0 0 0 0 0 0
mphpred
 487055 326067 157355 87190.2 95294.8 113366 154936 84632.6 76041.8 48314.2 30149.8 60297.2 64833.8 53151.2 32630.7 41552.6 152100 134243 308316 216940 229216 281227 268450 214677 308320 254215 207230 224132 322703 211363 125015
desembarqueobs
 494567 514787 250237 358949 120608 361735 552515 73892 212993 205616 52469 317467 293654 387597 252695 516296 358380 742168 942051 627588 828172 859565 418607 520667 417249 300574 415391 372974 316634 284311 391294
desembarquepred
 494571 513794 250702 358985 120614 361744 552543 73897.4 213053 205671 52471.9 317530 293692 387583 252673 516226 358404 742018 941755 627376 828251 859541 418607 520691 417237 300571 415383 372944 316615 284313 391297
Reclutas
 172757 95363.8 96117 147178 118879 216380 85169.1 36304.7 35577.3 48045.6 89868 129030 107753 75238.5 69787.9 377948 73833.3 610885 336365 270049 372479 513814 101321 297330 255339 111779 252316 286561 83779.9 59713.4 223555
log_desv_Rt
 0.20268 -0.391506 -0.383638 0.0424414 -0.171099 0.42783 -0.504566 -1.35726 -1.3775 -1.07705 -0.450863 -0.0891591 -0.269362 -0.628542 -0.703744 0.985551 -0.647395 1.4657 0.868991 0.649398 0.970976 1.29266 -0.330906 0.745636 0.593388 -0.232683 0.581479 0.708747 -0.521012 -0.859648 0.460453
SSB
 2.12862e+06 1.42504e+06 687705 381055 416476 495453 677131 369878 332332 211152 131767 263522 283349 232291 142609 181601 664736 586696 1.34746e+06 948114 1.00176e+06 1.22907e+06 1.17323e+06 938222 1.34748e+06 1.11102e+06 905676 979545 1.41034e+06 923739 546364
BT
 2.99249e+06 2.04849e+06 1.00799e+06 943665 800100 1.56486e+06 1.11762e+06 780752 679617 493957 473122 742367 786058 795734 656174 1.36774e+06 1.13155e+06 3.23415e+06 2.95908e+06 1.92897e+06 3.07231e+06 2.83807e+06 1.95578e+06 3.28629e+06 2.35921e+06 2.01626e+06 2.8466e+06 2.96482e+06 1.95703e+06 1.42721e+06 2.05964e+06
Ftot
 0.197542 0.363833 0.356892 0.542666 0.180933 0.33203 0.762346 0.130249 0.518697 0.721325 0.159711 0.646559 0.60497 1.04921 0.757262 0.591213 0.38632 0.364903 0.514761 0.476939 0.373684 0.470675 0.280124 0.249294 0.247696 0.199384 0.248802 0.209516 0.191215 0.286584 0.310397
BD_Bspro_t
 0.969 0.786833 0.585815 0.487141 0.480365 0.572888 0.572328 0.380659 0.437402 0.377202 0.335197 0.58778 0.46687 0.372088 0.258023 0.308916 0.502831 0.459617 0.594672 0.478605 0.445993 0.493966 0.511349 0.495155 0.615849 0.62603 0.631884 0.675723 0.73288 0.649319 0.563137
BD_Bspro
 2.11109 1.4133 0.68204 0.377916 0.413045 0.491371 0.671553 0.366831 0.329595 0.209413 0.130681 0.261352 0.281015 0.230378 0.141434 0.180105 0.65926 0.581863 1.33636 0.940303 0.993512 1.21895 1.16357 0.930493 1.33638 1.10187 0.898215 0.971476 1.39872 0.916129 0.541863
BD_Bo
 1.38973 0.930376 0.448987 0.248782 0.271908 0.32347 0.442084 0.241485 0.216972 0.137856 0.0860274 0.172048 0.184992 0.151658 0.0931061 0.118563 0.433991 0.38304 0.879727 0.619002 0.654029 0.802433 0.765976 0.612544 0.879739 0.725358 0.591295 0.639523 0.920777 0.603088 0.356709
BD_Brms
 7.59668 5.08571 2.4543 1.35992 1.48633 1.76818 2.41656 1.32003 1.18604 0.753564 0.470251 0.940464 1.01122 0.829007 0.508945 0.648102 2.37232 2.09381 4.80885 3.38365 3.57512 4.38633 4.18705 3.34835 4.80891 3.96502 3.23219 3.49582 5.03324 3.29666 1.94988
Sel_flota
 0.710497 0.979005 0.998873 0.999941 0.999997
 0.710497 0.979005 0.998873 0.999941 0.999997
 0.710497 0.979005 0.998873 0.999941 0.999997
 0.710497 0.979005 0.998873 0.999941 0.999997
 0.710497 0.979005 0.998873 0.999941 0.999997
 0.710497 0.979005 0.998873 0.999941 0.999997
 0.710497 0.979005 0.998873 0.999941 0.999997
 0.710497 0.979005 0.998873 0.999941 0.999997
 0.710497 0.979005 0.998873 0.999941 0.999997
 0.710497 0.979005 0.998873 0.999941 0.999997
 0.710497 0.979005 0.998873 0.999941 0.999997
 0.710497 0.979005 0.998873 0.999941 0.999997
 0.710497 0.979005 0.998873 0.999941 0.999997
 0.710497 0.979005 0.998873 0.999941 0.999997
 0.710497 0.979005 0.998873 0.999941 0.999997
 0.710497 0.979005 0.998873 0.999941 0.999997
 0.710497 0.979005 0.998873 0.999941 0.999997
 0.710497 0.979005 0.998873 0.999941 0.999997
 0.710497 0.979005 0.998873 0.999941 0.999997
 0.710497 0.979005 0.998873 0.999941 0.999997
 0.710497 0.979005 0.998873 0.999941 0.999997
 0.710497 0.979005 0.998873 0.999941 0.999997
 0.710497 0.979005 0.998873 0.999941 0.999997
 0.710497 0.979005 0.998873 0.999941 0.999997
 0.710497 0.979005 0.998873 0.999941 0.999997
 0.710497 0.979005 0.998873 0.999941 0.999997
 0.710497 0.979005 0.998873 0.999941 0.999997
 0.710497 0.979005 0.998873 0.999941 0.999997
 0.710497 0.979005 0.998873 0.999941 0.999997
 0.710497 0.979005 0.998873 0.999941 0.999997
 0.710497 0.979005 0.998873 0.999941 0.999997
Sel_reclas
 1 1 1 1 1
 1 1 1 1 1
 1 1 1 1 1
 1 1 1 1 1
 1 1 1 1 1
 1 1 1 1 1
 1 1 1 1 1
 1 1 1 1 1
 1 1 1 1 1
 1 1 1 1 1
 1 1 1 1 1
 1 1 1 1 1
 1 1 1 1 1
 1 1 1 1 1
 1 1 1 1 1
 1 1 1 1 1
 1 1 1 1 1
 1 1 1 1 1
 1 1 1 1 1
 1 1 1 1 1
 1 1 1 1 1
 1 1 1 1 1
 1 1 1 1 1
 1 1 1 1 1
 1 1 1 1 1
 1 1 1 1 1
 1 1 1 1 1
 1 1 1 1 1
 1 1 1 1 1
 1 1 1 1 1
 1 1 1 1 1
Sel_pelaces
 0.982945 1 1 1 1
 0.982945 1 1 1 1
 0.982945 1 1 1 1
 0.982945 1 1 1 1
 0.982945 1 1 1 1
 0.982945 1 1 1 1
 0.982945 1 1 1 1
 0.982945 1 1 1 1
 0.982945 1 1 1 1
 0.982945 1 1 1 1
 0.982945 1 1 1 1
 0.982945 1 1 1 1
 0.982945 1 1 1 1
 0.982945 1 1 1 1
 0.982945 1 1 1 1
 0.982945 1 1 1 1
 0.982945 1 1 1 1
 0.982945 1 1 1 1
 0.982945 1 1 1 1
 0.982945 1 1 1 1
 0.982945 1 1 1 1
 0.982945 1 1 1 1
 0.982945 1 1 1 1
 0.982945 1 1 1 1
 0.982945 1 1 1 1
 0.982945 1 1 1 1
 0.982945 1 1 1 1
 0.982945 1 1 1 1
 0.982945 1 1 1 1
 0.982945 1 1 1 1
 0.982945 1 1 1 1
pf_obs 
 0.8446 0.082 0.0669 0.0065 0
 0.8095 0.147 0.0364 0.0071 0
 0.9664 0.0169 0.016 0.0007 0
 0.9276 0.0648 0.0075 0.0001 0
 0.7033 0.2144 0.0806 0.0017 0
 0.9318 0.0425 0.0243 0.0014 0
 0.5671 0.3108 0.0964 0.0239 0.0018
 0.0768 0.2599 0.5324 0.112 0.0189
 0.490249 0.384438 0.106611 0.0170017 0.00170017
 0.7925 0.1577 0.0466 0.003 0.0002
 0.840416 0.127587 0.0312969 0.00059994 9.999e-05
 0.8084 0.0986 0.0794 0.0134 0.0002
 0.7335 0.1905 0.0724 0.0035 0.0001
 0.4001 0.4547 0.1325 0.0127 0
 0.49795 0.308269 0.164784 0.0264974 0.00249975
 0.9179 0.0499 0.0305 0.0017 0
 0.2467 0.6533 0.0926 0.0074 0
 0.9418 0.0223 0.034 0.0019 0
 0.707729 0.231977 0.0356964 0.0245975 0
 0.517169 0.277429 0.184464 0.0207286 0.00020938
 0.811772 0.124168 0.05621 0.00726502 0.000585176
 0.764997 0.148141 0.077277 0.00933861 0.000247198
 0.163321 0.427699 0.378323 0.0303852 0.000271297
 0.753843 0.0900009 0.118128 0.0371064 0.000921714
 0.721811 0.176058 0.0630433 0.0369309 0.00215725
 0.143369 0.312575 0.442814 0.0836902 0.0175525
 0.692698 0.0596174 0.167031 0.0765114 0.00414204
 0.394062 0.376323 0.152708 0.0712218 0.00568511
 0.125707 0.32114 0.495352 0.0537591 0.00404204
 0.23352 0.215282 0.420074 0.123614 0.00750983
 0.774587 0.0839891 0.0768558 0.0609784 0.00358967
pf_pred 
 0.477633 0.137683 0.360565 0.024119 9.15121e-07
 0.423856 0.32548 0.0671243 0.172044 0.0114956
 0.580042 0.216913 0.115927 0.0233506 0.0637676
 0.733152 0.178133 0.0463564 0.0241978 0.0181607
 0.657682 0.275214 0.0451877 0.0114597 0.0104566
 0.755105 0.178508 0.053599 0.008615 0.00417346
 0.463959 0.437624 0.0721936 0.0211772 0.00504639
 0.456303 0.311207 0.190812 0.0305853 0.0110926
 0.546934 0.244473 0.120466 0.072344 0.0157839
 0.727093 0.175691 0.0530921 0.0254976 0.0186272
 0.834499 0.133119 0.0210603 0.0061872 0.00513426
 0.747854 0.220814 0.0253074 0.00391995 0.00210483
 0.694109 0.250265 0.0488793 0.0054508 0.00129571
 0.644122 0.275559 0.0660342 0.0125542 0.00173027
 0.756712 0.182043 0.0477763 0.0110767 0.00239186
 0.941524 0.0484484 0.00755811 0.00192715 0.000542435
 0.369755 0.605212 0.0208346 0.00316513 0.00103271
 0.911009 0.0408107 0.0463105 0.00155665 0.000313236
 0.581812 0.391915 0.0122033 0.0135241 0.000545372
 0.617476 0.257376 0.117477 0.00356561 0.00410528
 0.736741 0.18547 0.0527672 0.0234897 0.00153169
 0.749386 0.201082 0.035144 0.009764 0.00462405
 0.313311 0.559402 0.102636 0.0174967 0.00715352
 0.74059 0.102061 0.128718 0.0230914 0.00553912
 0.625179 0.300974 0.0294486 0.036328 0.00807076
 0.424949 0.403814 0.138112 0.0132186 0.0199056
 0.728667 0.138261 0.0940483 0.0314823 0.00754164
 0.684347 0.2502 0.0337187 0.0224353 0.00929814
 0.339721 0.497096 0.129936 0.017137 0.0161092
 0.410477 0.247142 0.259136 0.066301 0.0169443
 0.823947 0.0880434 0.0373868 0.0383256 0.0122968
pobs_RECLAS
 0 0 0 0 0
 0 0 0 0 0
 0 0 0 0 0
 0 0 0 0 0
 0 0 0 0 0
 0 0 0 0 0
 0 0 0 0 0
 0 0 0 0 0
 0 0 0 0 0
 0 0 0 0 0
 0.991045 0.00858322 0.000360255 1.14367e-05 0
 0.934742 0.0480273 0.0164251 0.00080598 0
 0.827803 0.169806 0.00239088 0 0
 0.941827 0.0461693 0.0120037 0 0
 0.791401 0.0380133 0.147996 0.0225897 0
 0.846168 0.0940531 0.0597789 0 0
 0.134021 0.677848 0.182769 0.00536245 0
 0.80878 0.0450904 0.141981 0.00414843 0
 0.846168 0.0940531 0.0597789 0 0
 0.905697 0.0802665 0.012482 0.00150086 5.37128e-05
 0.989698 0.0102097 9.19794e-05 0 0
 0.975433 0.0193895 0.00387452 0.00125025 5.28907e-05
 0.303575 0.632131 0.0575291 0.00676475 0
 0.966965 0.00978017 0.0227588 0.000495775 0
 0.843318 0.132988 0.00938335 0.0141283 0.000182051
 0.564624 0.303363 0.111486 0.0197234 0.00080311
 0.826376 0.0876187 0.0782897 0.00655872 0.00115652
 0.89761 0.0855135 0.0140674 0.00269457 0.000114338
 0.34875 0.467042 0.161289 0.0227151 0.000203297
 0.318654 0.224769 0.449479 0.00709798 0
 0.937255 0.0296025 0.0250945 0.00804832 0
ppred_RECLAS
 0.562465 0.117076 0.300387 0.0200717 7.61514e-07
 0.508335 0.280375 0.056627 0.144977 0.00968653
 0.660135 0.177356 0.0928287 0.0186773 0.0510024
 0.795045 0.137812 0.0351036 0.018303 0.0137358
 0.727538 0.21994 0.0353817 0.00896312 0.0081781
 0.811764 0.137986 0.040579 0.00651506 0.00315598
 0.551592 0.367583 0.0593079 0.0173768 0.00414051
 0.539228 0.266053 0.159844 0.0255937 0.00928171
 0.630647 0.201303 0.0970988 0.058245 0.0127071
 0.791402 0.135367 0.0400148 0.0191947 0.0140217
 0.875057 0.100903 0.0156413 0.00459019 0.00380881
 0.807213 0.169289 0.0189842 0.00293713 0.00157701
 0.761988 0.195495 0.0373653 0.00416201 0.000989294
 0.723324 0.215368 0.0504161 0.00957301 0.0013193
 0.815706 0.138675 0.0355963 0.00824311 0.00177987
 0.957803 0.0350909 0.00535742 0.00136445 0.000384031
 0.449987 0.528606 0.0178202 0.00270417 0.000882259
 0.935127 0.0300876 0.0334366 0.00112267 0.000225894
 0.661086 0.318055 0.00969446 0.0107316 0.000432734
 0.694413 0.207036 0.0925166 0.00280485 0.00322918
 0.796831 0.144032 0.0401297 0.0178441 0.00116349
 0.807584 0.155039 0.0265286 0.00736208 0.00348634
 0.388715 0.49989 0.0898413 0.0152987 0.00625449
 0.800395 0.0795246 0.0982509 0.0176064 0.00422316
 0.699066 0.242649 0.023258 0.0286599 0.00636681
 0.507324 0.348092 0.116641 0.0111514 0.0167918
 0.790049 0.10808 0.0720202 0.0240821 0.00576857
 0.75103 0.1982 0.0261688 0.0173929 0.00720793
 0.41726 0.440952 0.112927 0.0148774 0.0139843
 0.494615 0.214452 0.220256 0.0562914 0.0143853
 0.867963 0.066737 0.0277575 0.0284231 0.00911902
pobs_PELACES
 0 0 0 0 0
 0 0 0 0 0
 0 0 0 0 0
 0 0 0 0 0
 0 0 0 0 0
 0 0 0 0 0
 0 0 0 0 0
 0 0 0 0 0
 0 0 0 0 0
 0 0 0 0 0
 0 0 0 0 0
 0 0 0 0 0
 0 0 0 0 0
 0 0 0 0 0
 0 0 0 0 0
 0 0 0 0 0
 0.505614 0.472636 0.0217494 0 0
 0 0 0 0 0
 0.443492 0.261883 0.143347 0.151278 0
 0.227955 0.32914 0.350689 0.0885471 0.00366901
 0.970185 0.0296113 0.000203453 0 0
 0.997202 0.00247181 0.000326279 0 0
 0.445219 0.490057 0.0546422 0.010081 0
 0.90214 0.0892962 0.00764917 0.000914606 0
 0 0 0 0 0
 0.581667 0.319106 0.0959925 0.00289975 0.000334073
 0.762889 0.0836404 0.116647 0.0363945 0.000428098
 0.88444 0.0763242 0.0277011 0.0115352 0
 0.521256 0.241999 0.230069 0.00667565 0
 0.616807 0.101726 0.260614 0.0208532 0
 0.833518 0.0704572 0.0857862 0.0102388 0
ppred_PELACES
 0.562773 0.117105 0.300072 0.0200492 7.6066e-07
 0.512358 0.278377 0.0560895 0.143583 0.00959329
 0.663619 0.175739 0.0917675 0.0184615 0.0504127
 0.800223 0.134492 0.0341361 0.0177951 0.0133545
 0.727352 0.220141 0.0353721 0.00896011 0.00817533
 0.813713 0.136638 0.040095 0.00643662 0.00311796
 0.564234 0.357546 0.0574008 0.0168135 0.00400624
 0.537911 0.266911 0.160222 0.0256531 0.00930323
 0.637685 0.197779 0.0950753 0.0570208 0.0124399
 0.799281 0.130475 0.0383869 0.0184091 0.0134477
 0.874746 0.101175 0.0156671 0.0045975 0.00381487
 0.813454 0.163894 0.0183015 0.00283086 0.00151993
 0.768654 0.190156 0.0362009 0.00403145 0.000958249
 0.738523 0.203849 0.0473924 0.00899555 0.00123969
 0.82327 0.133149 0.0340085 0.00787331 0.00169999
 0.959228 0.0339282 0.00515986 0.00131386 0.000369788
 0.45423 0.524581 0.0176398 0.00267642 0.000873201
 0.936116 0.0296672 0.0328905 0.00110419 0.000222175
 0.667469 0.312132 0.00948185 0.0104943 0.000423163
 0.699917 0.203513 0.0906583 0.00274805 0.00316376
 0.799511 0.142235 0.0395322 0.0175761 0.00114601
 0.811456 0.152011 0.0259304 0.00719488 0.00340714
 0.390608 0.498511 0.0894291 0.015227 0.00622514
 0.801333 0.0792297 0.0977266 0.0175109 0.00420023
 0.700132 0.241869 0.0231456 0.0285188 0.00633545
 0.507537 0.348076 0.116484 0.0111356 0.0167678
 0.790984 0.107685 0.0716401 0.0239529 0.00573759
 0.751339 0.198011 0.026108 0.0173512 0.00719062
 0.417272 0.441079 0.112818 0.0148621 0.0139698
 0.496937 0.2137 0.219073 0.0559833 0.0143065
 0.869257 0.0661516 0.027458 0.0281134 0.0090196
pobs_pel_tallas
 0 0 0 0 0 0 0 0 0 0 0 0 0 0 0 0 0 0 0 0 0 0 0 0 0 0
 0 0 0 0 0 0 0 0 0 0 0 0 0 0 0 0 0 0 0 0 0 0 0 0 0 0
 0 0 0 0 0 0 0 0 0 0 0 0 0 0 0 0 0 0 0 0 0 0 0 0 0 0
 0 0 0 0 0 0 0 0 0 0 0 0 0 0 0 0 0 0 0 0 0 0 0 0 0 0
 0 0 0 0 0 0 0 0 0 0 0 0 0 0 0 0 0 0 0 0 0 0 0 0 0 0
 0 0 0 0 0 0 0 0 0 0 0 0 0 0 0 0 0 0 0 0 0 0 0 0 0 0
 0 0 0 0 0 0 0 0 0 0 0 0 0 0 0 0 0 0 0 0 0 0 0 0 0 0
 0 0 0 0 0 0 0 0 0 0 0 0 0 0 0 0 0 0 0 0 0 0 0 0 0 0
 0 0 0 0 0 0 0 0 0 0 0 0 0 0 0 0 0 0 0 0 0 0 0 0 0 0
 0 0 0 0 0 0 0 0 0 0 0 0 0 0 0 0 0 0 0 0 0 0 0 0 0 0
 0 0 0 0 0 0 0 0 0 0 0 0 0 0 0 0 0 0 0 0 0 0 0 0 0 0
 0 0 0 0 0 0 0 0 0 0 0 0 0 0 0 0 0 0 0 0 0 0 0 0 0 0
 0.00862536 0 0 0.000197151 0.00414017 0.0128641 0.00837892 0.0270097 0.101434 0.158115 0.152841 0.127902 0.109271 0.109419 0.0830992 0.0579132 0.0238553 0.00714673 0.00463305 0.00128148 0.00103504 0.000492878 0.000147863 0.000147863 4.92878e-05 0
 0 0 0 0 0 0 0 0 0 0 0 0 0 0 0 0 0 0 0 0 0 0 0 0 0 0
 0 0 0 0 0 0 0 0.0054083 0.00873648 0.0413646 0.0450493 0.0745869 0.0622846 0.0627006 0.0613931 0.0827291 0.12552 0.122667 0.0946155 0.0697135 0.0546179 0.0294188 0.0215738 0.0213955 0.0102223 0.00600262
 0 0 0 0 0.00359764 0.0251062 0.0480494 0.140153 0.205849 0.193036 0.1447 0.116669 0.0760912 0.0342217 0.00950174 0.001854 0.000860785 0 0 0 0.000165536 0 0.000143464 0 0 0
 0 0 0 0 0 0 0 0.000145254 0.000435761 0.0275982 0.070085 0.0708112 0.156366 0.174668 0.174014 0.160142 0.0824315 0.0480064 0.0283245 0.00493863 0.00203355 0 0 0 0 0
 0 0 0 0 0 0 0 0 0 0 0 0 0 0 0 0 0 0 0 0 0 0 0 0 0 0
 0 0 1.00437e-05 0.000401748 0.00122533 0.00171747 0.00176769 0.0269171 0.070346 0.194647 0.189555 0.159765 0.064822 0.0314167 0.0384472 0.0292271 0.0345202 0.0313363 0.0194345 0.0106764 0.0143323 0.0359363 0.0279516 0.0138201 0.00172751 0
 0 0.0021121 0.0136068 0.0755702 0.200478 0.177729 0.0527432 0.0373336 0.0318909 0.0142505 0.0149659 0.0166563 0.0217959 0.0798694 0.0677717 0.0528807 0.04013 0.0224614 0.0357745 0.0225083 0.00881397 0.00855152 0.00135912 0.000746735 0 0
 0 0 0 0 5.4009e-05 0.00500934 0.000945158 0.0243581 0.138947 0.33067 0.221406 0.137944 0.0707744 0.0437923 0.0131692 0.00525238 0.0047753 0.00276346 9.45158e-05 9.00151e-06 2.25038e-05 9.00151e-06 4.50075e-06 0 0 0
 0.000866109 0.00284123 0.00948549 0.0512746 0.133035 0.25785 0.225252 0.132002 0.0553304 0.0519788 0.0540692 0.017754 0.00435017 0.00159236 0.00146478 0.000404838 0.000125132 0.000115318 0.000107957 0.000100596 0 0 0 0 0 0
 0 0 0 0 0.00144013 0.00171154 0.00461396 0.0210425 0.0478622 0.0707936 0.0888783 0.103762 0.0637923 0.0337046 0.0602308 0.124433 0.169614 0.0934646 0.0462172 0.0250306 0.0313229 0.00938855 0.002487 0.000210481 0 0
 0 0.00764035 0.051015 0.0998891 0.058973 0.0496711 0.0374665 0.0718981 0.12319 0.153886 0.159021 0.0857701 0.0377988 0.023471 0.0147837 0.00900784 0.00315554 0.000888139 0.00291439 0.00214683 0.00393193 0.00274676 0.000635225 9.99891e-05 0 0
 0 0 0 0 0 0 0 0 0 0 0 0 0 0 0 0 0 0 0 0 0 0 0 0 0 0
 0 0 0 0 0 0 0 0 0 0 0 0 0 0 0 0 0 0 0 0 0 0 0 0 0 0
 0 0 0 0 0 0 0 0 0 0 0 0 0 0 0 0 0 0 0 0 0 0 0 0 0 0
 0 0 0 0 0 0 0 0 0 0 0 0 0 0 0 0 0 0 0 0 0 0 0 0 0 0
 0 0 0 0 0 0 0 0 0 0 0 0 0 0 0 0 0 0 0 0 0 0 0 0 0 0
 0 0 0 0 0 0 0 0 0 0 0 0 0 0 0 0 0 0 0 0 0 0 0 0 0 0
 0 0 0 0 0 0 0 0 0 0 0 0 0 0 0 0 0 0 0 0 0 0 0 0 0 0
ppred_pel_tallas
 1.10701e-16 4.63549e-05 0.000450586 0.00299431 0.0136117 0.0423511 0.0902338 0.131701 0.131713 0.0902914 0.0425455 0.0141789 0.00443933 0.0036753 0.00637599 0.0110017 0.0170848 0.024062 0.0312931 0.0383293 0.0449031 0.0505789 0.0544545 0.0553484 0.0524437 0.0458919
 1.17713e-16 4.22023e-05 0.000410222 0.00272607 0.0123923 0.0385573 0.0821513 0.119908 0.119935 0.0822828 0.0389991 0.0136695 0.00593644 0.00743379 0.0134288 0.0222661 0.0324046 0.0415092 0.0472921 0.048863 0.0473124 0.0449349 0.0436782 0.0440173 0.044955 0.0448948
 1.13076e-16 5.46614e-05 0.000531329 0.00353087 0.0160508 0.0499401 0.106403 0.155302 0.155319 0.106487 0.0502205 0.0168622 0.00557335 0.00500988 0.00861909 0.0143191 0.0209953 0.0272048 0.0315243 0.0333439 0.0332118 0.0323695 0.0318574 0.0319071 0.0319984 0.0313635
 1.05065e-16 6.59133e-05 0.000640701 0.00425768 0.0193548 0.0602201 0.128306 0.187269 0.187282 0.128369 0.0604334 0.0199714 0.00580689 0.004028 0.00651517 0.01071 0.0155271 0.0197558 0.022217 0.0223917 0.0207273 0.0183094 0.0161642 0.0147373 0.013861 0.0130798
 1.0336e-16 5.9911e-05 0.000582357 0.00386997 0.0175923 0.0547363 0.116622 0.170218 0.170239 0.116726 0.0550846 0.0185984 0.00639584 0.00609783 0.0105392 0.0173405 0.0250026 0.0315042 0.0348275 0.0340478 0.0298787 0.0241738 0.0188 0.0147599 0.0120736 0.0102287
 1.02366e-16 6.70245e-05 0.000651502 0.00432946 0.0196811 0.0612353 0.130469 0.190426 0.190439 0.130533 0.061452 0.0203076 0.00590366 0.00409329 0.00661914 0.0108772 0.015757 0.0200119 0.0224127 0.0223842 0.020323 0.017285 0.0143069 0.0119064 0.0100541 0.0084749
 1.04113e-16 4.64753e-05 0.000451756 0.00300208 0.013647 0.0424612 0.0904693 0.13205 0.132084 0.0906378 0.0430269 0.015281 0.00710421 0.00940882 0.0170638 0.0281526 0.040589 0.0511238 0.0564714 0.0551138 0.0481906 0.0386958 0.0296564 0.0227175 0.0179544 0.0146002
 1.08839e-16 4.43071e-05 0.000430681 0.00286203 0.0130104 0.0404802 0.0862484 0.125887 0.125913 0.0863751 0.0409064 0.0142438 0.00596767 0.00724182 0.0130723 0.0217824 0.0319378 0.041341 0.0477462 0.0500707 0.0489266 0.0459711 0.0426552 0.0394295 0.0359014 0.0315542
 1.10618e-16 5.25253e-05 0.000510565 0.00339288 0.0154236 0.0479886 0.102245 0.149234 0.149253 0.102339 0.0483039 0.016336 0.00568956 0.00554517 0.00967651 0.0160799 0.0235541 0.0304686 0.0352032 0.0370471 0.0365853 0.0351777 0.0339582 0.0331722 0.0322687 0.0304934
 1.05264e-16 6.58358e-05 0.000639947 0.00425267 0.019332 0.0601492 0.128155 0.187048 0.187061 0.128216 0.0603564 0.0199308 0.00575763 0.00393188 0.0063376 0.0104261 0.0151403 0.0193158 0.0218193 0.0221511 0.020736 0.0186019 0.0167062 0.0154429 0.0146235 0.0138025
 1.01585e-16 7.20517e-05 0.000700368 0.00465419 0.0211573 0.0658282 0.140254 0.204707 0.204717 0.140302 0.0659883 0.0216196 0.0058149 0.00323478 0.0048871 0.00797007 0.0114858 0.0144695 0.0159911 0.0156266 0.0137063 0.0110852 0.00862394 0.00678406 0.0055722 0.00474789
 1.01112e-16 6.70031e-05 0.000651294 0.00432808 0.0196748 0.0612158 0.130427 0.190366 0.190382 0.130504 0.0614748 0.0204228 0.00620512 0.00474748 0.00784224 0.0128477 0.0184749 0.0231767 0.0254229 0.0245059 0.0209581 0.0161914 0.0116585 0.00818825 0.00587504 0.00439202
 1.0166e-16 6.3313e-05 0.000615425 0.00408972 0.0185913 0.0578445 0.123244 0.179883 0.179901 0.123334 0.0581454 0.0194608 0.00627288 0.00538331 0.00912426 0.014999 0.0216345 0.0272743 0.0301659 0.0294894 0.0258263 0.0207381 0.0158098 0.0119137 0.00911965 0.00707642
 1.02532e-16 6.08312e-05 0.000591301 0.00392941 0.0178625 0.055577 0.118413 0.172832 0.172852 0.11851 0.0559 0.0187957 0.00627328 0.00571266 0.00980083 0.0161419 0.0233293 0.0295078 0.0328208 0.0324 0.0288573 0.0238239 0.0189303 0.0150351 0.0121539 0.00988908
 1.02093e-16 6.78117e-05 0.000659153 0.00438031 0.0199122 0.0619545 0.132001 0.192662 0.192675 0.132064 0.0621655 0.0205222 0.00591259 0.00400812 0.00643983 0.0105697 0.0152911 0.0193789 0.0216285 0.0214791 0.0193286 0.016229 0.0132199 0.0108306 0.00904235 0.00757831
 1.00353e-16 7.90104e-05 0.000768009 0.00510369 0.0232006 0.0721858 0.1538 0.224476 0.224479 0.153816 0.0722395 0.0233556 0.00549282 0.00161759 0.00169282 0.00267432 0.00384662 0.00484089 0.00533988 0.00519867 0.00452558 0.00360613 0.00273016 0.00205704 0.00159686 0.00127853
 1.0106e-16 3.74144e-05 0.000363681 0.00241679 0.0109864 0.0341831 0.0728326 0.106312 0.106362 0.0730791 0.0350107 0.0133756 0.00840929 0.0134302 0.0248084 0.0408366 0.058547 0.0730425 0.0793576 0.0752021 0.0623561 0.0455367 0.0296807 0.0177275 0.010161 0.00594481
 1.01106e-16 7.71066e-05 0.000749504 0.00498072 0.0226416 0.0704465 0.150094 0.219067 0.21907 0.150108 0.0704943 0.0227804 0.00533108 0.00152133 0.00156333 0.00251543 0.00373881 0.00495561 0.00592938 0.0065351 0.00680048 0.00683221 0.00669655 0.00636755 0.00578028 0.0049241
 1.01478e-16 5.49786e-05 0.000534412 0.00355135 0.016144 0.05023 0.107021 0.156207 0.156237 0.107168 0.0507225 0.0175657 0.00711742 0.0083106 0.0147983 0.0243124 0.0348656 0.0435279 0.0473577 0.0450107 0.037563 0.0278266 0.018723 0.0119583 0.00775673 0.00543489
 1.0348e-16 5.76513e-05 0.000560391 0.003724 0.0169288 0.0526717 0.112223 0.163798 0.163817 0.11232 0.0529955 0.0178652 0.00607897 0.00571611 0.0098924 0.0163746 0.0238408 0.0305133 0.0345941 0.0352107 0.0328666 0.0289754 0.0248947 0.0212569 0.0179978 0.0148263
 1.03134e-16 6.58547e-05 0.000640131 0.00425389 0.0193376 0.0601665 0.128192 0.187102 0.187116 0.128259 0.0603921 0.0199898 0.0058927 0.0042234 0.00688818 0.0113284 0.0164192 0.0208744 0.023428 0.0234993 0.021519 0.0185942 0.0157911 0.0136077 0.0119509 0.0104689
 1.02086e-16 6.68386e-05 0.000649695 0.00431745 0.0196265 0.0610655 0.130107 0.189898 0.189913 0.130179 0.061306 0.0203214 0.00606212 0.00445968 0.00730669 0.0119843 0.0172825 0.0217871 0.0241034 0.0235901 0.0207322 0.0167984 0.0130651 0.0102173 0.00827178 0.00688974
 1.05289e-16 3.21739e-05 0.000312742 0.00207828 0.00944761 0.0293953 0.0626315 0.0914226 0.0914707 0.0628664 0.0301842 0.0117266 0.00780033 0.0128086 0.0237773 0.0392922 0.0566782 0.0714379 0.0789922 0.0772091 0.0676437 0.0544239 0.0417288 0.0318407 0.0248974 0.0199015
 1.05308e-16 6.60047e-05 0.000641589 0.00426359 0.0193817 0.0603036 0.128483 0.187527 0.187535 0.128521 0.0604318 0.0197537 0.00520434 0.00271768 0.00407471 0.00680401 0.0101973 0.0136654 0.0166328 0.0188059 0.0202682 0.0212627 0.0218636 0.0218524 0.0208966 0.018846
 1.04662e-16 5.7669e-05 0.000560563 0.00372514 0.016934 0.0526879 0.112258 0.163849 0.163872 0.112372 0.0530702 0.0180381 0.00649631 0.00660922 0.0115432 0.0189884 0.0273441 0.0343894 0.0379152 0.0369379 0.0323023 0.0261206 0.0205 0.0165393 0.0141781 0.0127113
 1.07405e-16 4.18052e-05 0.000406362 0.00270042 0.0122757 0.0381945 0.0813787 0.118782 0.118815 0.0815432 0.0387472 0.0138733 0.0067157 0.00918877 0.016771 0.0277899 0.0403321 0.0513533 0.0577562 0.0580853 0.0533312 0.0461272 0.0390327 0.0332844 0.0287521 0.0247217
 1.05469e-16 6.51524e-05 0.000633304 0.00420853 0.0191314 0.0595249 0.126824 0.185106 0.185117 0.126876 0.0596971 0.0196302 0.00546537 0.0033926 0.00535163 0.00886544 0.0130502 0.0170144 0.0198879 0.0212677 0.0214113 0.0209568 0.0204087 0.0198265 0.0189183 0.0173699
 1.03762e-16 6.18868e-05 0.000601562 0.00399759 0.0181725 0.0565414 0.120468 0.175831 0.17585 0.120561 0.0568546 0.0190771 0.00626838 0.00555938 0.00947997 0.0155812 0.0224581 0.0282879 0.0312638 0.0305729 0.0268853 0.0218974 0.0173021 0.0139843 0.0119077 0.0105344
 1.07224e-16 3.43702e-05 0.000334091 0.00222015 0.0100925 0.0314018 0.0669064 0.0976608 0.0977034 0.0671146 0.0321009 0.0121129 0.00729557 0.0114265 0.0211384 0.0349894 0.0506283 0.0641426 0.0715466 0.0709789 0.0637592 0.0533862 0.0433312 0.0353829 0.0295094 0.0248029
 1.14413e-16 4.09321e-05 0.000397874 0.00264402 0.0120193 0.0373967 0.0796784 0.116297 0.116318 0.0797807 0.0377411 0.0130182 0.00516655 0.0059551 0.0107438 0.018087 0.0269664 0.0358363 0.043109 0.0480149 0.0509059 0.0526669 0.0537699 0.053828 0.0519767 0.0476407
 1.05156e-16 7.15996e-05 0.000695974 0.00462499 0.0210245 0.0654152 0.139374 0.203422 0.203428 0.139406 0.0655206 0.0213296 0.00539272 0.00237887 0.00328863 0.00537989 0.0078801 0.0102099 0.0118428 0.0125707 0.0126264 0.0124961 0.0125644 0.0128741 0.0131526 0.0130304
pSPR Fmed_Fpbrs
0.544364   0.232939 0.232939
Fs Fmed_Fpbrs
0.35958   1.005 1.005
SSBpbr Bo_Bmed_Bpbrs
1.53168e+06  757208  280205 280205
Ro
141063
SPR SPRFo_SPRFmed_SPRFpbrs
1.00831e+06 548885 234874
Fref
1.005
Nvult_r0
 157590 13055.4 5459.31 5591.83 1794.06
CTP_r0
 28474.7 3042.68 1292.05 1324.49 424.963
YTP_r0
391297
Np
 181863 65964.8 4864.97 2017.22 2622.28
Nvult_p0
 149103 56892.6 4209.11 1745.57 2269.16
CTP_p0
 62114.5 28215.4 2108.61 874.934 1137.41
YTP_p0
 1.03572e+06
CBA_c0
584622
log_Ro
11.677
likeval ReclasPelacesDesembMPH_pf_preclas_ppelaces_ptallas_desvR_qrecl_qpela
 12.7235 17.0337 0.0385606 0.000819936 241.289 117.25 99.1336 0 24.0944 2.69403e-06 1.03928e-05 0.194574 0 0 0
q_reclas_q_pelaces
1.26186 1.58193
M
1
N
 172757 36925.4 94927.1 6343.64 0.240678
 95363.8 55231.4 11195.4 28668.2 1915.46
 96117 27090.9 14229.8 2863.6 7819.76
 147178 27439.8 7027.26 3665.07 2750.56
 118879 36821.6 5934.14 1503.42 1371.75
 216380 38457.5 11347 1822.11 882.661
 85169.1 62873.7 10221.5 2996.05 713.909
 36304.7 18228.6 10965.9 1755.95 636.807
 35577.3 12175.3 5903.11 3541.98 772.751
 48045.6 9053.7 2695.54 1293.52 944.937
 89868 10587.3 1643.77 482.434 400.312
 129030 29514.1 3331.07 515.542 276.81
 107753 29984.1 5765.45 642.405 152.7
 75238.5 25790.7 6100.67 1159.04 159.738
 69787.9 13134 3396.81 786.924 169.918
 377948 14990.7 2302.15 586.506 165.077
 73833.3 91350.2 3091.41 469.21 153.086
 610885 20642.1 23022.9 773.169 155.573
 336365 173408 5312.64 5882.6 237.21
 270049 85837.8 38539.9 1168.72 1345.55
 372479 70791.5 19797.1 8804.76 574.104
 513814 105075 18063.6 5014.19 2374.52
 101321 135294 24383 4152.69 1697.74
 297330 30547.1 37833.9 6780.69 1626.46
 255339 91626.3 8804.05 10850.3 2410.42
 111779 78775.8 26449.1 2528.93 3808.07
 252316 35689.6 23841 7973.03 1909.85
 286561 77782 10291.1 6840.68 2834.92
 83779.9 90839.2 23307.9 3071 2886.66
 59713.4 26905.6 27712.7 7083.68 1810.26
 223555 17920.4 7476.53 7657.08 2456.65
pred_Ctot
 14464.9 4169.65 10919.5 730.432 0.027714
 14023.6 10768.8 2220.86 5692.2 380.342
 13891.9 5195.05 2776.44 559.245 1527.23
 30709.2 7461.36 1941.71 1013.56 760.689
 9160.72 3833.39 629.41 159.62 145.648
 29300.8 6926.76 2079.84 334.294 161.946
 23519 22184.1 3659.64 1073.52 255.812
 2043.84 1393.94 854.67 136.995 49.685
 7142.54 3192.63 1573.19 944.758 206.126
 12692.5 3066.94 926.8 445.098 325.165
 6150.66 981.149 155.224 45.6026 37.8419
 31177.4 9205.54 1055.04 163.419 87.7486
 24639.2 8883.8 1735.1 193.49 45.9946
 26523.9 11347.1 2719.17 516.961 71.2494
 19169.1 4611.53 1210.28 280.597 60.5908
 84776.1 4362.36 680.542 173.523 48.8416
 11455.6 18750.4 645.489 98.0605 31.995
 90069.8 4034.88 4578.63 153.903 30.969
 67089.6 45192.3 1407.18 1559.49 62.8876
 50431.6 21020.9 9594.84 291.218 335.294
 56101 14123.1 4018.09 1788.68 116.635
 94859.7 25453.7 4448.65 1235.96 585.328
 11747.9 20975.3 3848.44 656.055 268.228
 30952.3 4265.56 5379.65 965.084 231.503
 26422.8 12720.5 1244.63 1535.38 341.106
 9441.43 8971.85 3068.55 293.687 442.258
 26218.3 4974.78 3383.96 1132.77 271.357
 25360.2 9271.78 1249.53 831.395 344.565
 6802.61 9953.92 2601.86 343.154 322.573
 7070.16 4256.83 4463.43 1141.99 291.852
 28474.7 3042.68 1292.05 1324.49 424.963
F
 0.140353 0.193395 0.19732 0.197531 0.197542
 0.258503 0.356195 0.363423 0.363812 0.363832
 0.253571 0.349399 0.35649 0.356871 0.356891
 0.385563 0.531273 0.542054 0.542634 0.542664
 0.128552 0.177134 0.180729 0.180922 0.180932
 0.235907 0.325059 0.331656 0.332011 0.332029
 0.541645 0.74634 0.761487 0.762301 0.762344
 0.0925416 0.127514 0.130102 0.130241 0.130249
 0.368533 0.507807 0.518112 0.518666 0.518695
 0.512499 0.70618 0.720511 0.721282 0.721322
 0.113474 0.156357 0.159531 0.159701 0.15971
 0.459378 0.632984 0.64583 0.64652 0.646557
 0.429829 0.592268 0.604288 0.604934 0.604968
 0.745458 1.02718 1.04802 1.04914 1.0492
 0.538033 0.741364 0.756409 0.757217 0.75726
 0.420055 0.578801 0.590547 0.591178 0.591211
 0.27448 0.378209 0.385885 0.386297 0.386319
 0.259263 0.357242 0.364492 0.364881 0.364902
 0.365736 0.503953 0.51418 0.51473 0.514759
 0.338864 0.466925 0.476401 0.47691 0.476937
 0.265501 0.365838 0.373262 0.373661 0.373682
 0.334413 0.460793 0.470144 0.470647 0.470673
 0.199027 0.274243 0.279808 0.280107 0.280123
 0.177123 0.24406 0.249013 0.249279 0.249293
 0.175987 0.242496 0.247417 0.247681 0.247695
 0.141662 0.195198 0.199159 0.199372 0.199383
 0.176773 0.243578 0.248521 0.248787 0.248801
 0.148861 0.205117 0.20928 0.209504 0.209516
 0.135858 0.1872 0.190999 0.191203 0.191214
 0.203617 0.280567 0.28626 0.286567 0.286583
 0.220536 0.30388 0.310047 0.310379 0.310396
YTP_r0W_actual
 242035 49595.7 37340.2 46092.3 16233.6
YTP_p0W_proyectada
 467101 454833 49299.4 25810.5 38671.8
CTP_r0_actual
 28474.7 3042.68 1292.05 1324.49 424.963
CTP_p0_proyectada
 62114.5 28215.4 2108.61 874.934 1137.41
Wmedp
 7.52 16.12 23.38 29.5 34
Frms_r0
 0.220536 0.30388 0.310047 0.310379 0.310396
Zrms_r0
 1.22054 1.30388 1.31005 1.31038 1.3104
nmprior
 8.19 8.8 8.5 0
nm_flota  nm_reclas  nm_pelaces    nm_pelaL
inf 13.5228 19.9173 48.8652
cv_recla  cv_pelaces  cv_mph
0.322648 0.46798 0.88368
 ------------------------------------------------
Talla a la edad & desviaci?n 
 8 13.2811 15.8009 17.003 17.5766
 0.8 1.32811 1.58009 1.7003 1.75766
