years
 1991 1992 1993 1994 1995 1996 1997 1998 1999 2000 2001 2002 2003 2004 2005 2006 2007 2008 2009 2010 2011 2012 2013 2014 2015 2016 2017 2018 2019 2020 2021
reclasobs
 0 0 0 0 0 0 0 0 0 252601 567819 844713 477998 351125 339783 2.1784e+06 2.13404e+06 4.81314e+06 1.55562e+06 2.62356e+06 3.21686e+06 3.843e+06 1.13348e+06 3.07943e+06 1.97215e+06 2.03268e+06 2.025e+06 2.42433e+06 2.27542e+06 1.05018e+06 2.36338e+06
reclaspred
 2.10878e+06 1.11801e+06 542109 283725 155800 479426 290527 141979 92130.5 133583 288120 449574 410187 294568 406886 767765 1.16428e+06 1.92459e+06 2.00239e+06 1.48496e+06 2.38061e+06 1.92472e+06 1.67546e+06 2.0931e+06 1.91878e+06 1.65456e+06 1.64901e+06 1.82839e+06 1.96642e+06 990013 1.16704e+06
pelacesobs
 0 0 0 0 0 0 0 0 0 0 0 0 0 0 0 552880 188675 0 991730 2.46772e+06 1.41603e+06 1.21717e+06 2.29649e+06 1.80582e+06 0 1.4828e+06 1.56532e+06 1.57751e+06 1.42118e+06 867257 1.10002e+06
pelacespred
 972108 537358 257876 97186.8 59696.8 204865 88338.4 62667.2 31722.4 53122.7 133184 172199 172671 128020 199226 312037 469576 839462 964744 691994 982456 912215 770264 1.04633e+06 965980 790569 910057 1.01757e+06 894077 524141 600070
mphobs
 0 0 0 0 0 0 0 0 0 0 0 498337 0 5186 125008 0 168611 109162 213762 579715 649985 157893 87575 83554 0 0 0 0 0 0 0
mphpred
 2.09176e+06 1.24058e+06 619127 297879 145069 100468 419454 119122 67288.7 53109.5 105018 335187 319807 242081 172179 366096 797305 1.03186e+06 1.53313e+06 1.4884e+06 1.30367e+06 1.71729e+06 1.51847e+06 1.17891e+06 1.77333e+06 1.49298e+06 1.06588e+06 1.27683e+06 1.8612e+06 1.12858e+06 559987
desembarqueobs
 494567 514787 250237 358949 120608 361735 552515 73892 212993 205616 52469 317467 293654 387597 252695 516296 358380 742168 942051 627588 828172 859565 418607 520667 417249 300574 415391 372974 316634 284311 391294
desembarquepred
 494396 514415 250022 358287 120477 361676 552600 73936.4 213053 205542 52464.3 317548 293529 387006 253001 516491 358584 743024 941264 627544 828368 860094 418297 520934 417216 300101 415207 373122 316644 284453 391264
Reclutas
 102315 112655 67122 53739.6 32043.4 240025 32759.7 11097.9 30292.4 74541.1 120139 116882 102754 81932.3 121046 372040 168224 552070 562887 212356 478087 537236 105453 372885 312421 89936.4 326419 355537 55681.4 43912.2 315479
log_desv_Rt
 -0.244191 -0.147916 -0.665733 -0.888094 -1.40515 0.608499 -1.38305 -2.46549 -1.46135 -0.560894 -0.083592 -0.111078 -0.239907 -0.466352 -0.0760703 1.04676 0.25305 1.44143 1.46083 0.48602 1.29755 1.41419 -0.213975 1.04903 0.872108 -0.373142 0.915936 1.00138 -0.852598 -1.09005 0.881847
SSB
 2.09176e+06 1.24058e+06 619127 297879 145069 100468 419454 119122 67288.7 53109.5 105018 335187 319807 242081 172179 366096 797305 1.03186e+06 1.53313e+06 1.4884e+06 1.30367e+06 1.71729e+06 1.51847e+06 1.17891e+06 1.77333e+06 1.49298e+06 1.06588e+06 1.27683e+06 1.8612e+06 1.12858e+06 559987
BT
 2.78848e+06 1.88487e+06 885116 582030 270364 1.18787e+06 711269 254136 324609 412607 547187 798149 817112 856950 1.03253e+06 1.59042e+06 1.66963e+06 3.54636e+06 4.01179e+06 2.43304e+06 3.95435e+06 3.49654e+06 2.38798e+06 4.12125e+06 3.02528e+06 2.34041e+06 3.55159e+06 3.74976e+06 2.40513e+06 1.59787e+06 2.61558e+06
Ftot
 0.220679 0.424597 0.425357 1.07902 0.694746 0.694702 1.50341 0.479006 1.86991 1.33551 0.172989 0.640799 0.649125 1.13721 0.57494 0.618472 0.288895 0.360879 0.435923 0.391889 0.325761 0.414503 0.234827 0.235001 0.205267 0.171583 0.237676 0.193258 0.152493 0.269229 0.315377
BD_Bspro_t
 0.965307 0.764153 0.563477 0.412416 0.257199 0.248571 0.454019 0.169431 0.140001 0.137953 0.281398 0.612058 0.482515 0.381585 0.302647 0.465766 0.558312 0.601159 0.638825 0.595478 0.518954 0.582455 0.58742 0.570462 0.690761 0.702407 0.679652 0.735091 0.787902 0.698546 0.584864
BD_Bspro
 2.24373 1.3307 0.664106 0.31952 0.155608 0.107767 0.449927 0.127776 0.0721771 0.0569679 0.112648 0.359538 0.343041 0.259668 0.184688 0.392692 0.855229 1.10682 1.64451 1.59653 1.39838 1.84205 1.62878 1.26456 1.90216 1.60145 1.14331 1.36959 1.99641 1.21057 0.600669
BD_Bo
 1.19624 0.709465 0.354068 0.170352 0.0829623 0.0574561 0.239879 0.0681236 0.0384812 0.0303724 0.0600583 0.191688 0.182892 0.138442 0.0984663 0.209364 0.455965 0.590103 0.876771 0.851192 0.745544 0.98209 0.868387 0.6742 1.01414 0.853811 0.609556 0.730199 1.06439 0.645418 0.320247
BD_Brms
 5.08268 3.01442 1.50439 0.723803 0.352496 0.244124 1.01921 0.289448 0.163502 0.129048 0.25518 0.814455 0.777085 0.588222 0.41837 0.889559 1.93734 2.50727 3.72528 3.6166 3.16772 4.17277 3.68966 2.86459 4.30893 3.62773 2.58992 3.10252 4.52244 2.74229 1.36069
Sel_flota
 0.5 1 1 1 1
 0.5 1 1 1 1
 0.5 1 1 1 1
 0.5 1 1 1 1
 0.5 1 1 1 1
 0.5 1 1 1 1
 0.5 1 1 1 1
 0.5 1 1 1 1
 0.5 1 1 1 1
 0.5 1 1 1 1
 0.5 1 1 1 1
 0.5 1 1 1 1
 0.5 1 1 1 1
 0.5 1 1 1 1
 0.5 1 1 1 1
 0.5 1 1 1 1
 0.5 1 1 1 1
 0.5 1 1 1 1
 0.5 1 1 1 1
 0.5 1 1 1 1
 0.5 1 1 1 1
 0.5 1 1 1 1
 0.5 1 1 1 1
 0.5 1 1 1 1
 0.5 1 1 1 1
 0.5 1 1 1 1
 0.5 1 1 1 1
 0.5 1 1 1 1
 0.5 1 1 1 1
 0.5 1 1 1 1
 0.5 1 1 1 1
Sel_reclas
 0.5 1 1 1 1
 0.5 1 1 1 1
 0.5 1 1 1 1
 0.5 1 1 1 1
 0.5 1 1 1 1
 0.5 1 1 1 1
 0.5 1 1 1 1
 0.5 1 1 1 1
 0.5 1 1 1 1
 0.5 1 1 1 1
 0.5 1 1 1 1
 0.5 1 1 1 1
 0.5 1 1 1 1
 0.5 1 1 1 1
 0.5 1 1 1 1
 0.5 1 1 1 1
 0.5 1 1 1 1
 0.5 1 1 1 1
 0.5 1 1 1 1
 0.5 1 1 1 1
 0.5 1 1 1 1
 0.5 1 1 1 1
 0.5 1 1 1 1
 0.5 1 1 1 1
 0.5 1 1 1 1
 0.5 1 1 1 1
 0.5 1 1 1 1
 0.5 1 1 1 1
 0.5 1 1 1 1
 0.5 1 1 1 1
 0.5 1 1 1 1
Sel_pelaces
 0.5 1 1 1 1
 0.5 1 1 1 1
 0.5 1 1 1 1
 0.5 1 1 1 1
 0.5 1 1 1 1
 0.5 1 1 1 1
 0.5 1 1 1 1
 0.5 1 1 1 1
 0.5 1 1 1 1
 0.5 1 1 1 1
 0.5 1 1 1 1
 0.5 1 1 1 1
 0.5 1 1 1 1
 0.5 1 1 1 1
 0.5 1 1 1 1
 0.5 1 1 1 1
 0.5 1 1 1 1
 0.5 1 1 1 1
 0.5 1 1 1 1
 0.5 1 1 1 1
 0.5 1 1 1 1
 0.5 1 1 1 1
 0.5 1 1 1 1
 0.5 1 1 1 1
 0.5 1 1 1 1
 0.5 1 1 1 1
 0.5 1 1 1 1
 0.5 1 1 1 1
 0.5 1 1 1 1
 0.5 1 1 1 1
 0.5 1 1 1 1
pf_obs 
 0.8446 0.082 0.0669 0.0065 0
 0.8095 0.147 0.0364 0.0071 0
 0.9664 0.0169 0.016 0.0007 0
 0.9276 0.0648 0.0075 0.0001 0
 0.7033 0.2144 0.0806 0.0017 0
 0.9318 0.0425 0.0243 0.0014 0
 0.5671 0.3108 0.0964 0.0239 0.0018
 0.0768 0.2599 0.5324 0.112 0.0189
 0.490249 0.384438 0.106611 0.0170017 0.00170017
 0.7925 0.1577 0.0466 0.003 0.0002
 0.840416 0.127587 0.0312969 0.00059994 9.999e-05
 0.8084 0.0986 0.0794 0.0134 0.0002
 0.7335 0.1905 0.0724 0.0035 0.0001
 0.4001 0.4547 0.1325 0.0127 0
 0.49795 0.308269 0.164784 0.0264974 0.00249975
 0.9179 0.0499 0.0305 0.0017 0
 0.2467 0.6533 0.0926 0.0074 0
 0.9418 0.0223 0.034 0.0019 0
 0.707729 0.231977 0.0356964 0.0245975 0
 0.517169 0.277429 0.184464 0.0207286 0.00020938
 0.811772 0.124168 0.05621 0.00726502 0.000585176
 0.764997 0.148141 0.077277 0.00933861 0.000247198
 0.163321 0.427699 0.378323 0.0303852 0.000271297
 0.753843 0.0900009 0.118128 0.0371064 0.000921714
 0.721811 0.176058 0.0630433 0.0369309 0.00215725
 0.143369 0.312575 0.442814 0.0836902 0.0175525
 0.692698 0.0596174 0.167031 0.0765114 0.00414204
 0.394062 0.376323 0.152708 0.0712218 0.00568511
 0.125707 0.32114 0.495352 0.0537591 0.00404204
 0.23352 0.215282 0.420074 0.123614 0.00750983
 0.796117 0.104755 0.0508955 0.0450114 0.00322123
pf_pred 
 0.239142 0.531804 0.121447 0.0664853 0.0411221
 0.421839 0.232219 0.241797 0.0552187 0.0489262
 0.404539 0.371593 0.0899168 0.0936256 0.0403257
 0.497727 0.304988 0.123114 0.0297908 0.0443801
 0.538812 0.339943 0.0736223 0.029719 0.0179044
 0.924345 0.0562572 0.0142978 0.00309652 0.00200302
 0.246401 0.729545 0.0178865 0.00454587 0.00162136
 0.357376 0.333368 0.299386 0.00734014 0.00253087
 0.781122 0.12318 0.0496443 0.0445837 0.00146996
 0.908903 0.0848205 0.00353225 0.00142357 0.00132061
 0.810823 0.183253 0.00551629 0.000229719 0.000178468
 0.59455 0.364997 0.0391867 0.0011796 8.72863e-05
 0.59275 0.318257 0.0801141 0.00860119 0.000278072
 0.588703 0.321086 0.0704975 0.0177462 0.00196686
 0.76127 0.192226 0.0363047 0.00797103 0.00222892
 0.847083 0.13516 0.0142977 0.00270034 0.000758671
 0.452245 0.509746 0.0335951 0.00355382 0.000859765
 0.780667 0.141014 0.0728849 0.00480352 0.000631066
 0.616234 0.340824 0.0276079 0.0142695 0.00106399
 0.351198 0.509758 0.123486 0.0100028 0.00555557
 0.685726 0.172635 0.111284 0.026958 0.00339651
 0.61756 0.316647 0.0361412 0.0232974 0.00635473
 0.212814 0.618332 0.139805 0.015957 0.0130919
 0.675347 0.11916 0.161414 0.0364958 0.00758315
 0.521707 0.390728 0.0321398 0.0435365 0.0118889
 0.238788 0.531841 0.187378 0.015413 0.0265799
 0.691571 0.122637 0.129808 0.0457339 0.0102493
 0.589446 0.339935 0.0280797 0.0297215 0.0128182
 0.153992 0.636648 0.173348 0.0143191 0.0216929
 0.251936 0.206312 0.407686 0.111006 0.0230608
 0.833903 0.0700881 0.0264788 0.0523238 0.0172066
pobs_RECLAS
 0 0 0 0 0
 0 0 0 0 0
 0 0 0 0 0
 0 0 0 0 0
 0 0 0 0 0
 0 0 0 0 0
 0 0 0 0 0
 0 0 0 0 0
 0 0 0 0 0
 0 0 0 0 0
 0.991045 0.00858322 0.000360255 1.14367e-05 0
 0.934742 0.0480273 0.0164251 0.00080598 0
 0.827803 0.169806 0.00239088 0 0
 0.941827 0.0461693 0.0120037 0 0
 0.791401 0.0380133 0.147996 0.0225897 0
 0.846168 0.0940531 0.0597789 0 0
 0.134021 0.677848 0.182769 0.00536245 0
 0.80878 0.0450904 0.141981 0.00414843 0
 0.846168 0.0940531 0.0597789 0 0
 0.905697 0.0802665 0.012482 0.00150086 5.37128e-05
 0.989698 0.0102097 9.19794e-05 0 0
 0.975433 0.0193895 0.00387452 0.00125025 5.28907e-05
 0.303575 0.632131 0.0575291 0.00676475 0
 0.966965 0.00978017 0.0227588 0.000495775 0
 0.843318 0.132988 0.00938335 0.0141283 0.000182051
 0.564624 0.303363 0.111486 0.0197234 0.00080311
 0.826376 0.0876187 0.0782897 0.00655872 0.00115652
 0.89761 0.0855135 0.0140674 0.00269457 0.000114338
 0.34875 0.467042 0.161289 0.0227151 0.000203297
 0.318654 0.224769 0.449479 0.00709798 0
 0.937255 0.0296025 0.0250945 0.00804832 0
ppred_RECLAS
 0.241054 0.530467 0.121142 0.0663182 0.0410187
 0.427378 0.229994 0.23948 0.0546897 0.0484575
 0.410025 0.368169 0.0890886 0.0927631 0.0399542
 0.517007 0.293281 0.118388 0.0286473 0.0426765
 0.54933 0.33219 0.0719433 0.0290413 0.0174961
 0.927258 0.0540916 0.0137475 0.00297732 0.00192592
 0.270137 0.706567 0.0173231 0.00440269 0.00157029
 0.363444 0.33022 0.296559 0.00727083 0.00250697
 0.808936 0.107527 0.0433357 0.0389183 0.00128317
 0.917189 0.0771055 0.00321096 0.00129409 0.00120049
 0.812043 0.182071 0.0054807 0.000228237 0.000177316
 0.603711 0.35675 0.0383013 0.00115295 8.53141e-05
 0.602079 0.310966 0.0782788 0.00840415 0.000271702
 0.608656 0.305509 0.0670774 0.0168852 0.00187144
 0.767244 0.187415 0.0353962 0.00777156 0.00217314
 0.851742 0.131042 0.0138621 0.00261806 0.000735555
 0.455788 0.506449 0.0333778 0.00353083 0.000854203
 0.783836 0.138976 0.0718316 0.0047341 0.000621946
 0.621757 0.335919 0.0272105 0.0140641 0.00104868
 0.355896 0.506066 0.122592 0.00993033 0.00551534
 0.689264 0.170692 0.110032 0.0266546 0.00335828
 0.622746 0.312353 0.0356511 0.0229815 0.00626857
 0.214705 0.616847 0.139469 0.0159186 0.0130605
 0.677811 0.118256 0.160189 0.0362188 0.0075256
 0.524116 0.38876 0.0319779 0.0433172 0.0118291
 0.240227 0.530835 0.187024 0.0153839 0.0265297
 0.693999 0.121672 0.128786 0.0453739 0.0101687
 0.591628 0.338128 0.0279305 0.0295635 0.0127501
 0.154898 0.635966 0.173162 0.0143038 0.0216697
 0.254426 0.205625 0.406329 0.110636 0.022984
 0.836086 0.0691667 0.0261308 0.051636 0.0169804
pobs_PELACES
 0 0 0 0 0
 0 0 0 0 0
 0 0 0 0 0
 0 0 0 0 0
 0 0 0 0 0
 0 0 0 0 0
 0 0 0 0 0
 0 0 0 0 0
 0 0 0 0 0
 0 0 0 0 0
 0 0 0 0 0
 0 0 0 0 0
 0 0 0 0 0
 0 0 0 0 0
 0 0 0 0 0
 0 0 0 0 0
 0.505614 0.472636 0.0217494 0 0
 0 0 0 0 0
 0.443492 0.261883 0.143347 0.151278 0
 0.227955 0.32914 0.350689 0.0885471 0.00366901
 0.970185 0.0296113 0.000203453 0 0
 0.997202 0.00247181 0.000326279 0 0
 0.445219 0.490057 0.0546422 0.010081 0
 0.90214 0.0892962 0.00764917 0.000914606 0
 0 0 0 0 0
 0.581667 0.319106 0.0959925 0.00289975 0.000334073
 0.762889 0.0836404 0.116647 0.0363945 0.000428098
 0.88444 0.0763242 0.0277011 0.0115352 0
 0.521256 0.241999 0.230069 0.00667565 0
 0.616807 0.101726 0.260614 0.0208532 0
 0.833518 0.0704572 0.0857862 0.0102388 0
ppred_PELACES
 0.247779 0.525767 0.120068 0.0657306 0.0406553
 0.444604 0.223075 0.232276 0.0530445 0.0469998
 0.427103 0.357512 0.0865096 0.0900778 0.0387976
 0.561215 0.266437 0.107552 0.0260252 0.0387704
 0.577519 0.311412 0.0674433 0.0272248 0.0164017
 0.934621 0.0486165 0.0123559 0.00267596 0.00173098
 0.321723 0.656627 0.0160987 0.00409152 0.0014593
 0.381919 0.320636 0.287952 0.00705981 0.00243421
 0.85216 0.0832011 0.0335319 0.0301138 0.000992878
 0.93246 0.0628863 0.00261882 0.00105544 0.000979108
 0.816361 0.177888 0.0053548 0.000222994 0.000173243
 0.628709 0.334246 0.0358852 0.00108022 7.99324e-05
 0.627438 0.291149 0.0732902 0.00786857 0.000254387
 0.652333 0.271413 0.0595912 0.0150007 0.00166257
 0.783754 0.174122 0.0328854 0.0072203 0.00201899
 0.864172 0.120056 0.0127 0.00239857 0.000673889
 0.467635 0.495424 0.0326512 0.00345397 0.000835609
 0.793755 0.132599 0.0685356 0.00451688 0.000593408
 0.638519 0.321033 0.0260047 0.0134409 0.00100221
 0.370853 0.494315 0.119745 0.00969974 0.00538726
 0.700658 0.164433 0.105997 0.0256772 0.00323514
 0.638673 0.299165 0.0341459 0.0220112 0.00600391
 0.22131 0.611659 0.138296 0.0157848 0.0129506
 0.68622 0.11517 0.156008 0.0352735 0.00732918
 0.532556 0.381865 0.0314108 0.042549 0.0116193
 0.245432 0.527199 0.185742 0.0152785 0.0263479
 0.702263 0.118386 0.125308 0.0441485 0.00989404
 0.599309 0.331768 0.0274051 0.0290075 0.0125103
 0.158221 0.633466 0.172482 0.0142475 0.0215845
 0.262944 0.203276 0.401686 0.109372 0.0227214
 0.843094 0.0662098 0.0250137 0.0494285 0.0162545
pobs_pel_tallas
 0 0 0 0 0 0 0 0 0 0 0 0 0 0 0 0 0 0 0 0 0 0 0 0 0 0
 0 0 0 0 0 0 0 0 0 0 0 0 0 0 0 0 0 0 0 0 0 0 0 0 0 0
 0 0 0 0 0 0 0 0 0 0 0 0 0 0 0 0 0 0 0 0 0 0 0 0 0 0
 0 0 0 0 0 0 0 0 0 0 0 0 0 0 0 0 0 0 0 0 0 0 0 0 0 0
 0 0 0 0 0 0 0 0 0 0 0 0 0 0 0 0 0 0 0 0 0 0 0 0 0 0
 0 0 0 0 0 0 0 0 0 0 0 0 0 0 0 0 0 0 0 0 0 0 0 0 0 0
 0 0 0 0 0 0 0 0 0 0 0 0 0 0 0 0 0 0 0 0 0 0 0 0 0 0
 0 0 0 0 0 0 0 0 0 0 0 0 0 0 0 0 0 0 0 0 0 0 0 0 0 0
 0 0 0 0 0 0 0 0 0 0 0 0 0 0 0 0 0 0 0 0 0 0 0 0 0 0
 0 0 0 0 0 0 0 0 0 0 0 0 0 0 0 0 0 0 0 0 0 0 0 0 0 0
 0 0 0 0 0 0 0 0 0 0 0 0 0 0 0 0 0 0 0 0 0 0 0 0 0 0
 0 0 0 0 0 0 0 0 0 0 0 0 0 0 0 0 0 0 0 0 0 0 0 0 0 0
 0.00862536 0 0 0.000197151 0.00414017 0.0128641 0.00837892 0.0270097 0.101434 0.158115 0.152841 0.127902 0.109271 0.109419 0.0830992 0.0579132 0.0238553 0.00714673 0.00463305 0.00128148 0.00103504 0.000492878 0.000147863 0.000147863 4.92878e-05 0
 0 0 0 0 0 0 0 0 0 0 0 0 0 0 0 0 0 0 0 0 0 0 0 0 0 0
 0 0 0 0 0 0 0 0.0054083 0.00873648 0.0413646 0.0450493 0.0745869 0.0622846 0.0627006 0.0613931 0.0827291 0.12552 0.122667 0.0946155 0.0697135 0.0546179 0.0294188 0.0215738 0.0213955 0.0102223 0.00600262
 0 0 0 0 0.00359764 0.0251062 0.0480494 0.140153 0.205849 0.193036 0.1447 0.116669 0.0760912 0.0342217 0.00950174 0.001854 0.000860785 0 0 0 0.000165536 0 0.000143464 0 0 0
 0 0 0 0 0 0 0 0.000145254 0.000435761 0.0275982 0.070085 0.0708112 0.156366 0.174668 0.174014 0.160142 0.0824315 0.0480064 0.0283245 0.00493863 0.00203355 0 0 0 0 0
 0 0 0 0 0 0 0 0 0 0 0 0 0 0 0 0 0 0 0 0 0 0 0 0 0 0
 0 0 1.00437e-05 0.000401748 0.00122533 0.00171747 0.00176769 0.0269171 0.070346 0.194647 0.189555 0.159765 0.064822 0.0314167 0.0384472 0.0292271 0.0345202 0.0313363 0.0194345 0.0106764 0.0143323 0.0359363 0.0279516 0.0138201 0.00172751 0
 0 0.0021121 0.0136068 0.0755702 0.200478 0.177729 0.0527432 0.0373336 0.0318909 0.0142505 0.0149659 0.0166563 0.0217959 0.0798694 0.0677717 0.0528807 0.04013 0.0224614 0.0357745 0.0225083 0.00881397 0.00855152 0.00135912 0.000746735 0 0
 0 0 0 0 5.4009e-05 0.00500934 0.000945158 0.0243581 0.138947 0.33067 0.221406 0.137944 0.0707744 0.0437923 0.0131692 0.00525238 0.0047753 0.00276346 9.45158e-05 9.00151e-06 2.25038e-05 9.00151e-06 4.50075e-06 0 0 0
 0.000866109 0.00284123 0.00948549 0.0512746 0.133035 0.25785 0.225252 0.132002 0.0553304 0.0519788 0.0540692 0.017754 0.00435017 0.00159236 0.00146478 0.000404838 0.000125132 0.000115318 0.000107957 0.000100596 0 0 0 0 0 0
 0 0 0 0 0.00144013 0.00171154 0.00461396 0.0210425 0.0478622 0.0707936 0.0888783 0.103762 0.0637923 0.0337046 0.0602308 0.124433 0.169614 0.0934646 0.0462172 0.0250306 0.0313229 0.00938855 0.002487 0.000210481 0 0
 0 0.00764035 0.051015 0.0998891 0.058973 0.0496711 0.0374665 0.0718981 0.12319 0.153886 0.159021 0.0857701 0.0377988 0.023471 0.0147837 0.00900784 0.00315554 0.000888139 0.00291439 0.00214683 0.00393193 0.00274676 0.000635225 9.99891e-05 0 0
 0 0 0 0 0 0 0 0 0 0 0 0 0 0 0 0 0 0 0 0 0 0 0 0 0 0
 0 0 0 0 0 0 0 0 0 0 0 0 0 0 0 0 0 0 0 0 0 0 0 0 0 0
 0 0 0 0 0 0 0 0 0 0 0 0 0 0 0 0 0 0 0 0 0 0 0 0 0 0
 0 0 0 0 0 0 0 0 0 0 0 0 0 0 0 0 0 0 0 0 0 0 0 0 0 0
 0 0 0 0 0 0 0 0 0 0 0 0 0 0 0 0 0 0 0 0 0 0 0 0 0 0
 0 0 0 0 0 0 0 0 0 0 0 0 0 0 0 0 0 0 0 0 0 0 0 0 0 0
 0 0 0 0 0 0 0 0 0 0 0 0 0 0 0 0 0 0 0 0 0 0 0 0 0 0
ppred_pel_tallas
 1.17072e-16 2.04093e-05 0.000198386 0.00131835 0.00599304 0.0186468 0.0397309 0.0579991 0.0580499 0.0399791 0.0194802 0.0084015 0.00736889 0.0134236 0.0251883 0.0417459 0.0604668 0.0767667 0.0860042 0.0861155 0.0788464 0.068487 0.0591466 0.052703 0.048639 0.0452804
 1.20034e-16 3.66215e-05 0.000355974 0.00236557 0.0107536 0.0334585 0.0712876 0.104051 0.104073 0.0713944 0.0338182 0.011797 0.00500129 0.00616457 0.0112299 0.018933 0.0282729 0.0376742 0.0455291 0.051096 0.0548046 0.0576194 0.0600214 0.0615174 0.0610284 0.0577167
 1.18188e-16 3.518e-05 0.000341962 0.00227246 0.0103303 0.0321416 0.0684823 0.0999592 0.0999937 0.0686512 0.0327088 0.01197 0.00639328 0.00935463 0.0172033 0.0285257 0.0414358 0.05288 0.0598113 0.0609479 0.0575677 0.052587 0.0486516 0.0467252 0.0460293 0.0450005
 1.12343e-16 4.62266e-05 0.000449339 0.00298601 0.013574 0.0422339 0.0899848 0.131341 0.131367 0.0901109 0.0426578 0.0147999 0.00606913 0.00720004 0.0129271 0.021457 0.0312833 0.040148 0.0457824 0.0471699 0.0451187 0.0416007 0.038408 0.0362034 0.0345392 0.0325431
 1.07532e-16 4.75695e-05 0.000462393 0.00307276 0.0139684 0.0434609 0.0925991 0.135157 0.135188 0.092746 0.0439543 0.015394 0.00665368 0.00828731 0.0149317 0.0246717 0.0356849 0.0451972 0.0504174 0.0500806 0.045191 0.0382933 0.0318758 0.0271605 0.0239885 0.0215161
 1.00931e-16 7.69835e-05 0.000748307 0.00497276 0.0226055 0.070334 0.149854 0.218718 0.218722 0.149877 0.0704111 0.0228282 0.00553226 0.00197118 0.00240382 0.00386362 0.00558516 0.00708016 0.00790699 0.00786288 0.00709567 0.00599179 0.00493173 0.00410678 0.00350459 0.0030156
 1.0129e-16 2.65001e-05 0.00025759 0.00171178 0.00778154 0.0242116 0.0515877 0.075307 0.0753702 0.0518963 0.0252473 0.0107714 0.00921065 0.0166073 0.0310176 0.0510792 0.0732098 0.0912864 0.0990881 0.0937503 0.0775173 0.0563245 0.0363887 0.0214192 0.0120293 0.00690263
 1.09512e-16 3.14582e-05 0.000305785 0.00203205 0.00923742 0.0287412 0.0612373 0.0893842 0.0894155 0.0613903 0.029256 0.0107291 0.00579414 0.00857715 0.0159115 0.0266996 0.0394879 0.0517858 0.0609782 0.0657012 0.066405 0.0645823 0.0614074 0.0570209 0.0509357 0.0429527
 1.04178e-16 7.01913e-05 0.000682285 0.00453402 0.020611 0.0641286 0.136633 0.199421 0.19943 0.136672 0.064261 0.0209942 0.00549822 0.00279465 0.00410447 0.00673465 0.00983941 0.0126863 0.0145857 0.0152411 0.0149135 0.0142 0.0136049 0.0132484 0.0128969 0.012214
 1.00364e-16 7.68055e-05 0.000746577 0.00496127 0.0225532 0.0701714 0.149508 0.218212 0.218218 0.149537 0.0702707 0.0228397 0.00567994 0.00231385 0.00304867 0.00490632 0.00703183 0.00878314 0.0095642 0.00910383 0.00761761 0.00567014 0.00384799 0.00249387 0.00165325 0.00118963
 1.00252e-16 6.72426e-05 0.000653622 0.00434355 0.0197451 0.0614346 0.130893 0.191046 0.191064 0.130977 0.0617152 0.0205552 0.00637534 0.00508369 0.00846495 0.0138463 0.0198418 0.0247451 0.0268666 0.0254278 0.0210324 0.0152828 0.00985904 0.00576571 0.00317448 0.00173895
 1.01243e-16 5.1786e-05 0.000503378 0.00334513 0.0152065 0.0473132 0.100807 0.147137 0.14717 0.100964 0.0478413 0.0167315 0.00717204 0.00885381 0.0158996 0.0261732 0.0376261 0.0471589 0.0516403 0.0496104 0.0421432 0.0321194 0.0225234 0.0150892 0.0100679 0.00685153
 1.03022e-16 5.16813e-05 0.000502361 0.00333836 0.0151757 0.0472175 0.100603 0.146839 0.146867 0.10074 0.0476789 0.0165091 0.00668747 0.00782102 0.013973 0.023075 0.0333654 0.0422245 0.0469992 0.0464359 0.0413833 0.03414 0.0270105 0.0212207 0.0168251 0.0133162
 1.03575e-16 5.37318e-05 0.000522293 0.00347082 0.0157779 0.0490909 0.104594 0.152664 0.15269 0.104722 0.0495208 0.01702 0.00659058 0.00733835 0.0130151 0.0214744 0.0310297 0.0392302 0.043606 0.0430076 0.0382626 0.0315608 0.0250885 0.019993 0.0162811 0.0133949
 1.0206e-16 6.45568e-05 0.000627515 0.00417006 0.0189565 0.0589808 0.125665 0.183416 0.183433 0.125747 0.0592564 0.0197528 0.00616943 0.0049943 0.00836415 0.0137418 0.0198275 0.025013 0.0277013 0.0271516 0.0239057 0.0193971 0.0150696 0.0117008 0.00932122 0.00757269
 1.00752e-16 7.11807e-05 0.000691902 0.00459793 0.0209015 0.0650325 0.138559 0.202233 0.202245 0.138616 0.0652222 0.0214493 0.00597265 0.00369173 0.00576487 0.00940847 0.0135242 0.0169596 0.0185916 0.0179011 0.0152794 0.0117634 0.00842117 0.00586352 0.00416183 0.0030769
 1.01557e-16 3.85186e-05 0.000374414 0.00248812 0.0113106 0.0351919 0.0749818 0.109448 0.109496 0.0752148 0.035974 0.0135688 0.00815333 0.0127312 0.0234758 0.0386685 0.0555092 0.0694005 0.0756777 0.0721815 0.0605567 0.0451778 0.0305994 0.0194991 0.0122844 0.00799809
 1.02566e-16 6.53806e-05 0.000635523 0.00422327 0.0191984 0.0597334 0.127269 0.185755 0.185768 0.127332 0.0599447 0.0198096 0.00576121 0.00400493 0.00649975 0.0107334 0.0156675 0.0201405 0.0229958 0.023668 0.0224637 0.0202538 0.0178535 0.0156088 0.0134421 0.0111733
 1.02351e-16 5.2594e-05 0.000511233 0.00339732 0.0154438 0.0480514 0.10238 0.149433 0.149464 0.102531 0.0485585 0.0169079 0.00707115 0.00852663 0.0152618 0.0251128 0.0360897 0.0452157 0.0494951 0.0475534 0.040465 0.0310415 0.0221737 0.0155051 0.0111998 0.00855911
 1.05467e-16 3.05468e-05 0.000296926 0.00197318 0.00896981 0.0279087 0.0594641 0.0867996 0.0868473 0.0596973 0.0286919 0.011233 0.00765758 0.0127176 0.0236534 0.0391427 0.0565839 0.0715668 0.0795851 0.078514 0.0698115 0.0574127 0.0452703 0.0354979 0.0281961 0.022478
 1.06224e-16 5.77123e-05 0.000560984 0.00372794 0.0169467 0.0527274 0.112342 0.16397 0.163986 0.11242 0.0529903 0.0177076 0.00564458 0.00476688 0.00810969 0.0134838 0.0198121 0.02574 0.0299072 0.0316623 0.031375 0.0300259 0.0284355 0.0267922 0.0247764 0.0220321
 1.04286e-16 5.26067e-05 0.000511356 0.00339814 0.0154475 0.048063 0.102404 0.149468 0.149497 0.102545 0.0485359 0.0168134 0.00682641 0.00799444 0.0142621 0.0234901 0.0338247 0.0425245 0.0468385 0.0455183 0.0395696 0.0315729 0.0241321 0.0186529 0.0151578 0.0128986
 1.07922e-16 1.82291e-05 0.000177194 0.00117752 0.00535286 0.016655 0.0354875 0.0518074 0.0518664 0.035776 0.0176239 0.00815237 0.0082085 0.0155385 0.0292288 0.0483877 0.0699236 0.0883888 0.0982115 0.096784 0.0859558 0.0706572 0.0558348 0.0441213 0.0355982 0.0290669
 1.0931e-16 5.6523e-05 0.000549424 0.00365112 0.0165974 0.0516409 0.110027 0.16059 0.160601 0.110082 0.0518278 0.0171402 0.00502455 0.0035845 0.00592902 0.00999619 0.015059 0.0203319 0.0250215 0.0287258 0.0315525 0.0337875 0.0354215 0.0359974 0.0349134 0.0318923
 1.07238e-16 4.3866e-05 0.000426393 0.00283354 0.0128809 0.0400773 0.0853904 0.124637 0.124674 0.0855701 0.0406807 0.0146234 0.00720672 0.00997041 0.0181626 0.0299409 0.0430962 0.0541491 0.0596053 0.0579099 0.0504089 0.0404657 0.0314471 0.0251267 0.0214308 0.0192412
 1.11486e-16 2.02161e-05 0.000196507 0.00130586 0.00593629 0.0184703 0.0393548 0.0574501 0.0575011 0.039604 0.0193076 0.00835702 0.00739067 0.0135076 0.0253823 0.0421438 0.0612059 0.078008 0.0878736 0.0885981 0.0816596 0.0710012 0.0604421 0.0518066 0.044879 0.0385975
 1.09749e-16 5.78445e-05 0.000562269 0.00373648 0.0169855 0.0528482 0.112599 0.164344 0.164356 0.112656 0.0530393 0.0175397 0.00513665 0.00364896 0.00600892 0.0100764 0.0150611 0.0201052 0.0243605 0.0274333 0.0295354 0.031142 0.0324546 0.0331576 0.0326497 0.0305051
 1.05902e-16 4.93643e-05 0.000479839 0.0031887 0.0144954 0.0451007 0.096093 0.140257 0.140289 0.0962491 0.0456249 0.0160092 0.0069876 0.00877005 0.0157863 0.0260013 0.0374132 0.0469822 0.0516612 0.0500879 0.0434244 0.0345961 0.0265478 0.020856 0.0175009 0.0155484
 1.10221e-16 1.30326e-05 0.000126681 0.000841844 0.00382694 0.0119074 0.0253721 0.0370442 0.0371054 0.0256712 0.0129118 0.00672963 0.00813417 0.0160663 0.0303449 0.0503008 0.0728198 0.0923231 0.103093 0.102447 0.0922459 0.0774653 0.0630397 0.051511 0.0428496 0.0358093
 1.26458e-16 2.16584e-05 0.000210527 0.00139903 0.00635979 0.0197878 0.0421607 0.061539 0.0615592 0.0422597 0.0201221 0.00733342 0.00387309 0.0057115 0.0107637 0.0185335 0.0285111 0.0396728 0.050913 0.0616531 0.0718883 0.0815086 0.0895431 0.0941568 0.0935362 0.0869821
 1.08447e-16 6.94445e-05 0.000675025 0.00448578 0.0203917 0.0634462 0.135179 0.197299 0.197306 0.135211 0.0635519 0.0206975 0.00525568 0.00236416 0.00330326 0.00542212 0.00798035 0.0104311 0.0122958 0.0134273 0.0141175 0.01488 0.0160615 0.0175795 0.0189605 0.0196093
pSPR Fmed_Fpbrs
0.53743   0.285357 0.285357
Fs Fmed_Fpbrs
0.424996   1.005 1.005
SSBpbr Bo_Bmed_Bpbrs
1.74861e+06  852324  411547 411547
Ro
130614
SPR SPRFo_SPRFmed_SPRFpbrs
932271 501030 266030
Fref
1.005
Nvult_r0
 216352 10330.4 3902.77 7712.11 2536.11
CTP_r0
 29469.3 2476.84 935.735 1849.07 608.063
YTP_r0
391264
Np
 214198 47674.7 13348.5 510.278 218.74
Nvult_p0
 166523 41254.8 11551 441.564 189.284
CTP_p0
 55692.5 42996.3 1643.64 620.956 1556.35
 55692.5 20678.8 5789.89 221.332 94.8781
YTP_p0
 1.19979e+06 884804
CBA_c0
1.1053e+06
log_Ro
11.6
likeval ReclasPelacesDesembMPH_pf_preclas_ppelaces_ptallas_desvR_qrecl_qpela
 31.0633 34.4529 0.0874146 0.00242933 254.772 136.049 107.876 0 42.0441 0 0 0.00160042 0 0 0
q_reclas_q_pelaces
1 1
M
1
N
 102315 118963 27167.3 14872.6 9198.88
 112655 33707.3 35097.6 8015.17 7101.79
 67122 33516.2 8110.16 8444.67 3637.22
 53739.6 19962.1 8058.06 1949.87 2904.76
 32043.4 11526.4 2496.3 1007.68 607.083
 240025 8328.8 2116.78 458.436 296.545
 32759.7 62389.2 1529.62 388.754 138.655
 11097.9 5683.07 5103.76 125.131 43.1448
 30292.4 3213.14 1294.97 1162.96 38.3439
 74541.1 4375.16 182.198 73.4298 68.119
 120139 14063.7 423.346 17.6297 13.6964
 116882 40534.7 4351.88 131 9.69358
 102754 31210.9 7856.64 843.503 27.27
 81932.3 27324.3 5999.3 1510.19 167.378
 121046 17069.4 3223.8 707.816 197.925
 372040 33405 3533.7 667.392 187.506
 168224 100461 6620.91 700.385 169.442
 552070 53562.4 27684.4 1824.56 239.703
 562887 169565 13735.3 7099.26 529.349
 212356 166520 40338.7 3267.56 1814.81
 478087 64220.4 41397.9 10028.4 1263.51
 537236 149443 17057 10995.3 2999.14
 105453 160643 36321.5 4145.64 3401.3
 372885 34496.4 46728.7 10565.4 2195.29
 312421 121969 10032.8 13590.3 3711.25
 89936.4 103722 36543.5 3005.93 5183.76
 326419 30365.6 32141.1 11323.9 2537.79
 355537 106628 8807.78 9322.77 4020.7
 55681.4 118747 32332.9 2670.8 4046.16
 43912.2 18980.3 37506.2 10212.3 2121.54
 315479 14119.8 5334.37 10541 3466.4
pred_Ctot
 6817.83 15161.5 3462.39 1895.46 1172.37
 13858.8 7629.16 7943.84 1814.12 1607.39
 8270.86 7597.26 1838.36 1914.19 824.464
 14793.3 9064.8 3659.18 885.437 1319.06
 6113.99 3857.39 835.406 337.227 203.165
 45795 2787.16 708.36 153.412 99.236
 11619.3 34402.5 843.459 214.366 76.4569
 1523.53 1421.18 1276.31 31.2917 10.7893
 12523 1974.83 795.901 714.771 23.5666
 24214.6 2259.76 94.1047 37.9263 35.1832
 6337.23 1432.27 43.1142 1.79544 1.39487
 20788.4 12762.1 1370.16 41.2447 3.05197
 18482.8 9923.73 2498.08 268.198 8.6707
 23512.2 12823.9 2815.6 708.765 78.5544
 19568.8 4941.27 933.231 204.9 57.2955
 64145.9 10235.1 1082.7 204.485 57.4508
 14472.1 16312.2 1075.06 113.724 27.5129
 58468.9 10561.4 5458.8 359.765 47.2644
 70932.3 39230.9 3177.83 1642.5 122.472
 24270.7 35228.5 8533.91 691.274 383.936
 46032.1 11588.8 7470.4 1809.67 228.005
 64650.5 33148.8 3783.51 2438.94 665.258
 7455.89 21663.1 4898.04 559.049 458.673
 26382.7 4655.05 6305.71 1425.72 296.239
 19425.8 14548.8 1196.73 1621.08 442.685
 4706.86 10483.4 3693.5 303.814 523.929
 23345.2 4139.85 4381.9 1543.83 345.985
 20864.6 12032.7 993.935 1052.05 453.725
 2600.09 10749.5 2926.9 241.771 366.275
 3534.68 2894.57 5719.86 1557.42 323.544
 29469.3 2476.84 935.735 1849.07 608.063
F
 0.110339 0.220679 0.220679 0.220679 0.220679
 0.212299 0.424597 0.424597 0.424597 0.424597
 0.212678 0.425357 0.425357 0.425357 0.425357
 0.539511 1.07902 1.07902 1.07902 1.07902
 0.347373 0.694746 0.694746 0.694746 0.694746
 0.347351 0.694702 0.694702 0.694702 0.694702
 0.751707 1.50341 1.50341 1.50341 1.50341
 0.239503 0.479006 0.479006 0.479006 0.479006
 0.934955 1.86991 1.86991 1.86991 1.86991
 0.667754 1.33551 1.33551 1.33551 1.33551
 0.0864944 0.172989 0.172989 0.172989 0.172989
 0.3204 0.640799 0.640799 0.640799 0.640799
 0.324562 0.649125 0.649125 0.649125 0.649125
 0.568607 1.13721 1.13721 1.13721 1.13721
 0.28747 0.57494 0.57494 0.57494 0.57494
 0.309236 0.618472 0.618472 0.618472 0.618472
 0.144447 0.288895 0.288895 0.288895 0.288895
 0.18044 0.360879 0.360879 0.360879 0.360879
 0.217962 0.435923 0.435923 0.435923 0.435923
 0.195944 0.391889 0.391889 0.391889 0.391889
 0.162881 0.325761 0.325761 0.325761 0.325761
 0.207251 0.414503 0.414503 0.414503 0.414503
 0.117414 0.234827 0.234827 0.234827 0.234827
 0.1175 0.235001 0.235001 0.235001 0.235001
 0.102634 0.205267 0.205267 0.205267 0.205267
 0.0857915 0.171583 0.171583 0.171583 0.171583
 0.118838 0.237676 0.237676 0.237676 0.237676
 0.096629 0.193258 0.193258 0.193258 0.193258
 0.0762464 0.152493 0.152493 0.152493 0.152493
 0.134615 0.269229 0.269229 0.269229 0.269229
 0.157689 0.315377 0.315377 0.315377 0.315377
YTP_r0W_actual
 244595 34923.5 25826.3 63238.2 22680.7
YTP_p0W_proyectada
 417137 673752 38017.3 18237.5 52651.4
 417137 324037 133920 6500.54 3209.73
CTP_r0_actual
 29469.3 2476.84 935.735 1849.07 608.063
CTP_p0_proyectada
 55692.5 42996.3 1643.64 620.956 1556.35
 55692.5 20678.8 5789.89 221.332 94.8781
Wmedp
 7.49 15.67 23.13 29.37 33.83
Frms_r0
 0.157689 0.315377 0.315377 0.315377 0.315377
Zrms_r0
 1.15769 1.31538 1.31538 1.31538 1.31538
nmprior
 8.19 8.8 8.5 0
nm_flota  nm_reclas  nm_pelaces    nm_pelaL
inf 7.1346 9.06572 17.564
cv_recla  cv_pelaces  cv_mph
0.504137 0.665557 1.52107
 ------------------------------------------------
Talla a la edad & desviaci?n 
 8 13.2811 15.8009 17.003 17.5766
 0.8 1.32811 1.58009 1.7003 1.75766
