    unsorted:	 2.385268962e-06 2.196068463e-06 6.119420782e-05 4.890651017e-05 9.346431758e-05 -2.037545456e-05 0.001099993356 13.59333052 64.50157754 167.9675072 146.8310435 235.2320200 264.4988882 325.7604987 780.7502564 830.0910930 857.5445604 928.4301889 616.9130688 517.5746213 1046.417740 1117.843047 1165.622615 1187.856075 1430.120493 1441.739012 1836.489509 1909.609282 1997.503621 2063.765688 2288.124856 2373.869584 2525.747041 2564.805923 2619.609829 2818.400952 3174.832022 3167.896709 3246.584738 3816.390666 3985.903279 4331.151751 6029.229904 9493.083814 39772.86837 158316.0806 398212.3738 394056.5927 404755.2751 384574.8958 372844.9900 351422.5957 441843.2894 447367.7706 460604.4630 464462.5238 307145.1301 555741.3848 591093.8687 608250.2944 652625.1962 678689.6105 878985.2946 930819.2955 1071354.698 1128027.084 1369801.161 1428099.740 1596515.559 1723763.003 2327854.209 2386242.945 2584771.838 2706801.093 2817940.107 3144133.237 3926003.283
      sorted:	 -2.037545456e-05 2.196068463e-06 2.385268962e-06 4.890651017e-05 6.119420782e-05 9.346431758e-05 0.001099993356 13.59333052 64.50157754 146.8310435 167.9675072 235.2320200 264.4988882 325.7604987 517.5746213 616.9130688 780.7502564 830.0910930 857.5445604 928.4301889 1046.417740 1117.843047 1165.622615 1187.856075 1430.120493 1441.739012 1836.489509 1909.609282 1997.503621 2063.765688 2288.124856 2373.869584 2525.747041 2564.805923 2619.609829 2818.400952 3167.896709 3174.832022 3246.584738 3816.390666 3985.903279 4331.151751 6029.229904 9493.083814 39772.86837 158316.0806 307145.1301 351422.5957 372844.9900 384574.8958 394056.5927 398212.3738 404755.2751 441843.2894 447367.7706 460604.4630 464462.5238 555741.3848 591093.8687 608250.2944 652625.1962 678689.6105 878985.2946 930819.2955 1071354.698 1128027.084 1369801.161 1428099.740 1596515.559 1723763.003 2327854.209 2386242.945 2584771.838 2706801.093 2817940.107 3144133.237 3926003.283
