    unsorted:	 2.351319210e-06 2.279882639e-06 6.006111346e-05 5.276931246e-05 1.656330398e-05 8.968463172e-05 0.001099992818 13.56939219 64.67469095 168.6559722 150.6380155 236.3756573 271.4063121 337.6595657 523.9122080 635.5673522 794.8849208 844.6625013 862.8963234 931.0540647 1057.369837 1194.315864 1154.304008 1216.781553 1463.005459 1478.224075 1893.116149 1947.040825 2020.059985 2115.922672 2332.129123 2412.700681 2530.736547 2586.863957 2632.185488 2835.238894 3239.143721 3264.467891 3192.691819 3845.114390 4009.986766 4332.659015 5959.514399 9460.487456 39325.26661 158323.0502 400917.5849 396353.5117 407289.2378 388517.4243 375098.7520 355963.5134 449130.5790 444825.4450 461488.1150 464067.2175 315398.4506 552225.0387 585114.7855 600554.1183 641959.6369 675422.9073 868255.8838 917767.4522 1055809.544 1113365.078 1325471.411 1409712.687 1578992.129 1708540.571 2317752.291 2373807.894 2629571.366 2703722.441 2884791.272 3154192.152 4307141.004
      sorted:	 2.279882639e-06 2.351319210e-06 1.656330398e-05 5.276931246e-05 6.006111346e-05 8.968463172e-05 0.001099992818 13.56939219 64.67469095 150.6380155 168.6559722 236.3756573 271.4063121 337.6595657 523.9122080 635.5673522 794.8849208 844.6625013 862.8963234 931.0540647 1057.369837 1154.304008 1194.315864 1216.781553 1463.005459 1478.224075 1893.116149 1947.040825 2020.059985 2115.922672 2332.129123 2412.700681 2530.736547 2586.863957 2632.185488 2835.238894 3192.691819 3239.143721 3264.467891 3845.114390 4009.986766 4332.659015 5959.514399 9460.487456 39325.26661 158323.0502 315398.4506 355963.5134 375098.7520 388517.4243 396353.5117 400917.5849 407289.2378 444825.4450 449130.5790 461488.1150 464067.2175 552225.0387 585114.7855 600554.1183 641959.6369 675422.9073 868255.8838 917767.4522 1055809.544 1113365.078 1325471.411 1409712.687 1578992.129 1708540.571 2317752.291 2373807.894 2629571.366 2703722.441 2884791.272 3154192.152 4307141.004
