years
 1991 1992 1993 1994 1995 1996 1997 1998 1999 2000 2001 2002 2003 2004 2005 2006 2007 2008 2009 2010 2011 2012 2013 2014 2015 2016 2017 2018 2019 2020 2021
reclasobs
 0 0 0 0 0 0 0 0 0 252601 567819 844713 477998 351125 339783 2.1784e+06 2.13404e+06 4.81314e+06 1.55562e+06 2.62356e+06 3.21686e+06 3.843e+06 1.13348e+06 3.07943e+06 1.97215e+06 2.03268e+06 2.025e+06 2.42433e+06 2.27542e+06 1.05018e+06 2.36338e+06
reclaspred
 4.20586e+06 1.45482e+06 882160 476969 71568.1 1.80727e+06 595505 152219 617389 187802 295464 658013 558475 416582 304221 1.87076e+06 1.18291e+06 4.99922e+06 3.90926e+06 1.78726e+06 3.76366e+06 3.4773e+06 1.98375e+06 3.79277e+06 2.47844e+06 1.56443e+06 2.5449e+06 3.68298e+06 2.6416e+06 1.01811e+06 1.57408e+06
pelacesobs
 0 0 0 0 0 0 0 0 0 0 0 0 0 0 0 552880 188675 0 991730 2.46772e+06 1.41603e+06 1.21717e+06 2.29649e+06 1.80582e+06 0 1.4828e+06 1.56532e+06 1.57751e+06 1.42118e+06 867257 1.10002e+06
pelacespred
 1.05775e+06 371513 185927 66423.1 8825.25 411256 94845.7 31974.3 129600 28637.2 64553.3 118882 108455 79538.7 56458.4 359284 224466 1.20435e+06 919866 395116 834368 756574 436048 975548 597570 370953 709691 1.00136e+06 598623 266830 383640
mphobs
 0 0 0 0 0 0 0 0 0 0 0 498337 0 5186 125008 0 168611 109162 213762 579715 649985 157893 87575 83554 0 0 0 0 0 0 0
mphpred
 2.36737e+06 1.08274e+06 264981 250463 67301.2 8046.97 466771 94769.8 29116.6 135626 23521.2 88383.4 153083 95425.9 51313 51624.5 585283 323620 1.48756e+06 960259 566367 966948 1.02714e+06 584715 1.06381e+06 723045 407648 658439 1.30204e+06 686457 225384
desembarqueobs
 494567 514787 250237 358949 120608 361735 552515 73892 212993 205616 52469 317467 293654 387597 252695 516296 358380 742168 942051 627588 828172 859565 418607 520667 417249 300574 415391 372974 316634 284311 391294
desembarquepred
 494516 514491 249863 358538 120483 361519 551719 73856.5 212820 205373 52453.3 317151 293304 386868 252353 515861 358210 741678 940675 626422 827597 858698 418327 520425 416946 300313 415122 372771 316443 284041 391048
Reclutas
 9209.44 5727.26 198056 16241.4 4845.38 286204 6967.08 1804.14 62619.1 8732.69 46894.7 133052 76548.6 69047.1 44942.1 389330 12544.2 743283 303099 98352.9 390740 511674 16665.5 281112 162358 38624.1 227190 302933 20728.2 9969.76 161014
log_desv_Rt
 -1.83104 -2.30603 1.23729 -1.2637 -2.47324 1.60544 -2.11007 -3.46118 0.0858048 -1.88419 -0.203361 0.839473 0.286661 0.183524 -0.245889 1.91316 -1.52201 2.55981 1.6628 0.537298 1.91678 2.18642 -1.23792 1.58749 1.03854 -0.397388 1.37452 1.66225 -1.01977 -1.75171 1.03023
SSB
 2.36737e+06 1.08274e+06 264981 250463 67301.2 8046.97 466771 94769.8 29116.6 135626 23521.2 88383.4 153083 95425.9 51313 51624.5 585283 323620 1.48756e+06 960259 566367 966948 1.02714e+06 584715 1.06381e+06 723045 407648 658439 1.30204e+06 686457 225384
BT
 2.89723e+06 1.41905e+06 660242 408893 126026 1.26954e+06 707085 144123 489901 248130 193725 535473 511556 585190 380453 1.23556e+06 800643 3.45008e+06 3.00747e+06 1.51757e+06 2.63397e+06 2.5144e+06 1.36671e+06 2.74595e+06 1.772e+06 1.13157e+06 2.07599e+06 2.68065e+06 1.64501e+06 921801 1.27244e+06
Ftot
 0.214486 0.61698 0.619358 1.24213 2.28905 0.509399 1.4335 0.846535 0.833533 1.69768 0.435333 1.06625 1.06494 1.83481 1.72376 0.681989 0.543289 0.365049 0.483255 0.6582 0.494373 0.530355 0.383873 0.317656 0.336266 0.367051 0.380107 0.236403 0.220475 0.502088 0.580953
BD_Bspro_t
 0.966264 0.731916 0.39891 0.405192 0.128595 0.0251003 0.470284 0.137951 0.0695735 0.268421 0.0861306 0.353039 0.319713 0.194657 0.110348 0.115945 0.462558 0.321114 0.611977 0.469159 0.31547 0.436105 0.474394 0.378444 0.553215 0.519573 0.448016 0.588875 0.712683 0.571429 0.36339
BD_Bspro
 5.77125 2.63955 0.64598 0.610589 0.164069 0.0196172 1.13791 0.231033 0.0709816 0.330635 0.0573409 0.215464 0.373191 0.232633 0.125093 0.125852 1.42682 0.788933 3.62643 2.34095 1.38071 2.35726 2.504 1.42544 2.59339 1.76267 0.99378 1.60517 3.17417 1.67347 0.549449
BD_Bo
 1.43117 0.654561 0.160192 0.151415 0.0406864 0.00486472 0.282183 0.0572922 0.0176022 0.0819917 0.0142196 0.0534314 0.0925448 0.0576888 0.0310208 0.0312091 0.353828 0.195642 0.899292 0.580516 0.342392 0.58456 0.620949 0.353484 0.643116 0.437111 0.24644 0.398053 0.787138 0.414991 0.136254
BD_Brms
 7.81016 3.57206 0.874196 0.826301 0.222033 0.0265477 1.53992 0.312654 0.0960583 0.447444 0.0775987 0.291585 0.505034 0.314819 0.169286 0.170314 1.9309 1.06765 4.9076 3.16798 1.86849 3.19005 3.38863 1.92903 3.5096 2.38539 1.34487 2.17225 4.29556 2.26468 0.743561
Sel_flota
 0.700649 1 1 1 1
 0.700649 1 1 1 1
 0.700649 1 1 1 1
 0.700649 1 1 1 1
 0.700649 1 1 1 1
 0.700649 1 1 1 1
 0.700649 1 1 1 1
 0.700649 1 1 1 1
 0.700649 1 1 1 1
 0.700649 1 1 1 1
 0.700649 1 1 1 1
 0.700649 1 1 1 1
 0.700649 1 1 1 1
 0.700649 1 1 1 1
 0.700649 1 1 1 1
 0.700649 1 1 1 1
 0.700649 1 1 1 1
 0.700649 1 1 1 1
 0.700649 1 1 1 1
 0.700649 1 1 1 1
 0.700649 1 1 1 1
 0.700649 1 1 1 1
 0.700649 1 1 1 1
 0.700649 1 1 1 1
 0.700649 1 1 1 1
 0.700649 1 1 1 1
 0.700649 1 1 1 1
 0.700649 1 1 1 1
 0.700649 1 1 1 1
 0.700649 1 1 1 1
 0.700649 1 1 1 1
Sel_reclas
 1 1 1 1 1
 1 1 1 1 1
 1 1 1 1 1
 1 1 1 1 1
 1 1 1 1 1
 1 1 1 1 1
 1 1 1 1 1
 1 1 1 1 1
 1 1 1 1 1
 1 1 1 1 1
 1 1 1 1 1
 1 1 1 1 1
 1 1 1 1 1
 1 1 1 1 1
 1 1 1 1 1
 1 1 1 1 1
 1 1 1 1 1
 1 1 1 1 1
 1 1 1 1 1
 1 1 1 1 1
 1 1 1 1 1
 1 1 1 1 1
 1 1 1 1 1
 1 1 1 1 1
 1 1 1 1 1
 1 1 1 1 1
 1 1 1 1 1
 1 1 1 1 1
 1 1 1 1 1
 1 1 1 1 1
 1 1 1 1 1
Sel_pelaces
 1 1 1 1 1
 1 1 1 1 1
 1 1 1 1 1
 1 1 1 1 1
 1 1 1 1 1
 1 1 1 1 1
 1 1 1 1 1
 1 1 1 1 1
 1 1 1 1 1
 1 1 1 1 1
 1 1 1 1 1
 1 1 1 1 1
 1 1 1 1 1
 1 1 1 1 1
 1 1 1 1 1
 1 1 1 1 1
 1 1 1 1 1
 1 1 1 1 1
 1 1 1 1 1
 1 1 1 1 1
 1 1 1 1 1
 1 1 1 1 1
 1 1 1 1 1
 1 1 1 1 1
 1 1 1 1 1
 1 1 1 1 1
 1 1 1 1 1
 1 1 1 1 1
 1 1 1 1 1
 1 1 1 1 1
 1 1 1 1 1
pf_obs 
 0.8446 0.082 0.0669 0.0065 0
 0.8095 0.147 0.0364 0.0071 0
 0.9664 0.0169 0.016 0.0007 0
 0.9276 0.0648 0.0075 0.0001 0
 0.7033 0.2144 0.0806 0.0017 0
 0.9318 0.0425 0.0243 0.0014 0
 0.5671 0.3108 0.0964 0.0239 0.0018
 0.0768 0.2599 0.5324 0.112 0.0189
 0.490249 0.384438 0.106611 0.0170017 0.00170017
 0.7925 0.1577 0.0466 0.003 0.0002
 0.840416 0.127587 0.0312969 0.00059994 9.999e-05
 0.8084 0.0986 0.0794 0.0134 0.0002
 0.7335 0.1905 0.0724 0.0035 0.0001
 0.4001 0.4547 0.1325 0.0127 0
 0.49795 0.308269 0.164784 0.0264974 0.00249975
 0.9179 0.0499 0.0305 0.0017 0
 0.2467 0.6533 0.0926 0.0074 0
 0.9418 0.0223 0.034 0.0019 0
 0.707729 0.231977 0.0356964 0.0245975 0
 0.517169 0.277429 0.184464 0.0207286 0.00020938
 0.811772 0.124168 0.05621 0.00726502 0.000585176
 0.764997 0.148141 0.077277 0.00933861 0.000247198
 0.163321 0.427699 0.378323 0.0303852 0.000271297
 0.753843 0.0900009 0.118128 0.0371064 0.000921714
 0.721811 0.176058 0.0630433 0.0369309 0.00215725
 0.143369 0.312575 0.442814 0.0836902 0.0175525
 0.692698 0.0596174 0.167031 0.0765114 0.00414204
 0.394062 0.376323 0.152708 0.0712218 0.00568511
 0.125707 0.32114 0.495352 0.0537591 0.00404204
 0.23352 0.215282 0.420074 0.123614 0.00750983
 0.796117 0.104755 0.0508955 0.0450114 0.00322123
pf_pred 
 0.0440388 0.185478 0.689798 0.0806852 6.81922e-07
 0.0862419 0.0584325 0.165952 0.617181 0.072192
 0.934588 0.00858715 0.00363382 0.0103203 0.0428711
 0.207636 0.759193 0.00435467 0.00184277 0.0269741
 0.347747 0.21097 0.422809 0.0024252 0.0160487
 0.996966 0.00168091 0.000437513 0.000876826 3.83114e-05
 0.0707516 0.927448 0.000997451 0.00025962 0.000543041
 0.157469 0.106659 0.734447 0.000789882 0.000635628
 0.969005 0.00739689 0.00298733 0.0205705 3.99259e-05
 0.354124 0.633757 0.00289227 0.00116808 0.00805891
 0.948945 0.0268446 0.0237563 0.000108416 0.000345872
 0.887914 0.108316 0.00198263 0.00175454 3.35518e-05
 0.706969 0.273381 0.0189885 0.00034757 0.000313465
 0.77625 0.181017 0.0398669 0.00276907 9.63978e-05
 0.822379 0.156078 0.0174283 0.00383836 0.000275886
 0.981772 0.0164784 0.00153709 0.000171637 4.05179e-05
 0.0942948 0.895455 0.00926622 0.000864346 0.0001193
 0.960515 0.00557176 0.033529 0.00034696 3.68312e-05
 0.508066 0.479021 0.00182211 0.0109648 0.000125509
 0.365481 0.391496 0.236644 0.000900151 0.00547882
 0.859573 0.06766 0.0448969 0.0271384 0.000731542
 0.772363 0.206097 0.0103782 0.00688664 0.00427492
 0.0734396 0.780435 0.132299 0.00666203 0.00716487
 0.825261 0.0189033 0.131259 0.022251 0.00232551
 0.556407 0.389087 0.0058964 0.040943 0.00766601
 0.281868 0.470715 0.217017 0.00328877 0.0271121
 0.850171 0.056115 0.0614269 0.0283201 0.00396723
 0.753561 0.220975 0.00953699 0.0104398 0.00548737
 0.114653 0.725906 0.142966 0.00617024 0.0103045
 0.154447 0.136347 0.581486 0.114523 0.0131971
 0.912184 0.019527 0.0110117 0.0469621 0.0103149
pobs_RECLAS
 0 0 0 0 0
 0 0 0 0 0
 0 0 0 0 0
 0 0 0 0 0
 0 0 0 0 0
 0 0 0 0 0
 0 0 0 0 0
 0 0 0 0 0
 0 0 0 0 0
 0 0 0 0 0
 0.991045 0.00858322 0.000360255 1.14367e-05 0
 0.934742 0.0480273 0.0164251 0.00080598 0
 0.827803 0.169806 0.00239088 0 0
 0.941827 0.0461693 0.0120037 0 0
 0.791401 0.0380133 0.147996 0.0225897 0
 0.846168 0.0940531 0.0597789 0 0
 0.134021 0.677848 0.182769 0.00536245 0
 0.80878 0.0450904 0.141981 0.00414843 0
 0.846168 0.0940531 0.0597789 0 0
 0.905697 0.0802665 0.012482 0.00150086 5.37128e-05
 0.989698 0.0102097 9.19794e-05 0 0
 0.975433 0.0193895 0.00387452 0.00125025 5.28907e-05
 0.303575 0.632131 0.0575291 0.00676475 0
 0.966965 0.00978017 0.0227588 0.000495775 0
 0.843318 0.132988 0.00938335 0.0141283 0.000182051
 0.564624 0.303363 0.111486 0.0197234 0.00080311
 0.826376 0.0876187 0.0782897 0.00655872 0.00115652
 0.89761 0.0855135 0.0140674 0.00269457 0.000114338
 0.34875 0.467042 0.161289 0.0227151 0.000203297
 0.318654 0.224769 0.449479 0.00709798 0
 0.937255 0.0296025 0.0250945 0.00804832 0
ppred_RECLAS
 0.0620525 0.181983 0.676799 0.0791648 6.69072e-07
 0.121099 0.0562034 0.159622 0.593638 0.069438
 0.954255 0.00600521 0.00254123 0.00721726 0.0299808
 0.284167 0.685865 0.00393407 0.00166478 0.0243688
 0.468705 0.171847 0.3444 0.00197546 0.0130725
 0.99791 0.00115826 0.000301476 0.000604191 2.63991e-05
 0.104708 0.893558 0.000961003 0.000250133 0.000523198
 0.216395 0.0991995 0.68308 0.000734638 0.000591172
 0.978796 0.00506046 0.00204373 0.014073 2.73147e-05
 0.462366 0.527546 0.00240755 0.000972322 0.00670833
 0.964175 0.0188367 0.0166696 7.60748e-05 0.000242696
 0.922243 0.075141 0.0013754 0.00121716 2.32756e-05
 0.783171 0.202289 0.0140506 0.000257185 0.000231949
 0.846278 0.124364 0.0273896 0.00190242 6.62278e-05
 0.879198 0.10615 0.0118531 0.00261051 0.000187633
 0.987482 0.0113167 0.00105561 0.000117874 2.78261e-05
 0.131541 0.85863 0.00888515 0.000828801 0.000114394
 0.972318 0.00390622 0.0235064 0.000243245 2.58214e-05
 0.599765 0.38973 0.00148246 0.00892094 0.000102114
 0.457284 0.334854 0.202406 0.000769916 0.00468613
 0.898845 0.0487384 0.0323411 0.019549 0.000526961
 0.831459 0.152593 0.00768397 0.00509882 0.00316512
 0.10276 0.755738 0.128112 0.00645121 0.00693814
 0.871911 0.0138567 0.0962173 0.0163107 0.00170467
 0.644017 0.312242 0.00473186 0.0328567 0.00615196
 0.361748 0.418355 0.192877 0.00292295 0.0240963
 0.89128 0.0407185 0.0445729 0.0205498 0.00287872
 0.814627 0.166218 0.00717378 0.00785286 0.00412763
 0.156839 0.691318 0.136154 0.00587624 0.00981355
 0.20964 0.127447 0.54353 0.107047 0.0123357
 0.938036 0.0137785 0.00777002 0.0331371 0.00727837
pobs_PELACES
 0 0 0 0 0
 0 0 0 0 0
 0 0 0 0 0
 0 0 0 0 0
 0 0 0 0 0
 0 0 0 0 0
 0 0 0 0 0
 0 0 0 0 0
 0 0 0 0 0
 0 0 0 0 0
 0 0 0 0 0
 0 0 0 0 0
 0 0 0 0 0
 0 0 0 0 0
 0 0 0 0 0
 0 0 0 0 0
 0.505614 0.472636 0.0217494 0 0
 0 0 0 0 0
 0.443492 0.261883 0.143347 0.151278 0
 0.227955 0.32914 0.350689 0.0885471 0.00366901
 0.970185 0.0296113 0.000203453 0 0
 0.997202 0.00247181 0.000326279 0 0
 0.445219 0.490057 0.0546422 0.010081 0
 0.90214 0.0892962 0.00764917 0.000914606 0
 0 0 0 0 0
 0.581667 0.319106 0.0959925 0.00289975 0.000334073
 0.762889 0.0836404 0.116647 0.0363945 0.000428098
 0.88444 0.0763242 0.0277011 0.0115352 0
 0.521256 0.241999 0.230069 0.00667565 0
 0.616807 0.101726 0.260614 0.0208532 0
 0.833518 0.0704572 0.0857862 0.0102388 0
ppred_PELACES
 0.0632972 0.181741 0.675901 0.0790598 6.68184e-07
 0.127738 0.0557789 0.158416 0.589154 0.0689136
 0.956853 0.00566418 0.00239691 0.0068074 0.0282782
 0.309773 0.661331 0.00379334 0.00160523 0.0234971
 0.525174 0.153582 0.307795 0.00176549 0.0116831
 0.998012 0.00110153 0.00028671 0.000574598 2.51061e-05
 0.118745 0.879548 0.000945935 0.000246211 0.000514995
 0.230911 0.0973618 0.670426 0.000721029 0.000580221
 0.980439 0.00466829 0.00188535 0.0129824 2.51979e-05
 0.504221 0.486476 0.00222012 0.000896626 0.00618608
 0.965631 0.0180711 0.015992 7.29826e-05 0.000232831
 0.929468 0.0681588 0.00124759 0.00110406 2.11128e-05
 0.800503 0.186119 0.0129275 0.000236627 0.000213408
 0.868408 0.10646 0.0234465 0.00162855 5.66936e-05
 0.896148 0.0912561 0.01019 0.00224422 0.000161305
 0.988288 0.010588 0.000987643 0.000110284 2.60344e-05
 0.137795 0.852448 0.00882118 0.000822833 0.000113571
 0.973273 0.00377157 0.022696 0.00023486 2.49313e-05
 0.611168 0.378626 0.00144022 0.00866678 9.92046e-05
 0.47346 0.324873 0.196374 0.000746968 0.00454646
 0.903199 0.0466402 0.0309489 0.0187074 0.000504275
 0.838674 0.146061 0.00735503 0.00488055 0.00302963
 0.10631 0.752748 0.127605 0.00642569 0.00691069
 0.875375 0.013482 0.0936153 0.0158696 0.00165857
 0.651596 0.305595 0.00463112 0.0321572 0.00602099
 0.370161 0.412841 0.190335 0.00288442 0.0237787
 0.894866 0.0393756 0.043103 0.0198721 0.00278378
 0.818128 0.163079 0.0070383 0.00770456 0.00404968
 0.15974 0.688938 0.135685 0.00585601 0.00977977
 0.217976 0.126103 0.537797 0.105918 0.0122056
 0.941289 0.0130552 0.00736209 0.0313974 0.00689626
pobs_pel_tallas
 0 0 0 0 0 0 0 0 0 0 0 0 0 0 0 0 0 0 0 0 0 0 0 0 0 0
 0 0 0 0 0 0 0 0 0 0 0 0 0 0 0 0 0 0 0 0 0 0 0 0 0 0
 0 0 0 0 0 0 0 0 0 0 0 0 0 0 0 0 0 0 0 0 0 0 0 0 0 0
 0 0 0 0 0 0 0 0 0 0 0 0 0 0 0 0 0 0 0 0 0 0 0 0 0 0
 0 0 0 0 0 0 0 0 0 0 0 0 0 0 0 0 0 0 0 0 0 0 0 0 0 0
 0 0 0 0 0 0 0 0 0 0 0 0 0 0 0 0 0 0 0 0 0 0 0 0 0 0
 0 0 0 0 0 0 0 0 0 0 0 0 0 0 0 0 0 0 0 0 0 0 0 0 0 0
 0 0 0 0 0 0 0 0 0 0 0 0 0 0 0 0 0 0 0 0 0 0 0 0 0 0
 0 0 0 0 0 0 0 0 0 0 0 0 0 0 0 0 0 0 0 0 0 0 0 0 0 0
 0 0 0 0 0 0 0 0 0 0 0 0 0 0 0 0 0 0 0 0 0 0 0 0 0 0
 0 0 0 0 0 0 0 0 0 0 0 0 0 0 0 0 0 0 0 0 0 0 0 0 0 0
 0 0 0 0 0 0 0 0 0 0 0 0 0 0 0 0 0 0 0 0 0 0 0 0 0 0
 0.00862536 0 0 0.000197151 0.00414017 0.0128641 0.00837892 0.0270097 0.101434 0.158115 0.152841 0.127902 0.109271 0.109419 0.0830992 0.0579132 0.0238553 0.00714673 0.00463305 0.00128148 0.00103504 0.000492878 0.000147863 0.000147863 4.92878e-05 0
 0 0 0 0 0 0 0 0 0 0 0 0 0 0 0 0 0 0 0 0 0 0 0 0 0 0
 0 0 0 0 0 0 0 0.0054083 0.00873648 0.0413646 0.0450493 0.0745869 0.0622846 0.0627006 0.0613931 0.0827291 0.12552 0.122667 0.0946155 0.0697135 0.0546179 0.0294188 0.0215738 0.0213955 0.0102223 0.00600262
 0 0 0 0 0.00359764 0.0251062 0.0480494 0.140153 0.205849 0.193036 0.1447 0.116669 0.0760912 0.0342217 0.00950174 0.001854 0.000860785 0 0 0 0.000165536 0 0.000143464 0 0 0
 0 0 0 0 0 0 0 0.000145254 0.000435761 0.0275982 0.070085 0.0708112 0.156366 0.174668 0.174014 0.160142 0.0824315 0.0480064 0.0283245 0.00493863 0.00203355 0 0 0 0 0
 0 0 0 0 0 0 0 0 0 0 0 0 0 0 0 0 0 0 0 0 0 0 0 0 0 0
 0 0 1.00437e-05 0.000401748 0.00122533 0.00171747 0.00176769 0.0269171 0.070346 0.194647 0.189555 0.159765 0.064822 0.0314167 0.0384472 0.0292271 0.0345202 0.0313363 0.0194345 0.0106764 0.0143323 0.0359363 0.0279516 0.0138201 0.00172751 0
 0 0.0021121 0.0136068 0.0755702 0.200478 0.177729 0.0527432 0.0373336 0.0318909 0.0142505 0.0149659 0.0166563 0.0217959 0.0798694 0.0677717 0.0528807 0.04013 0.0224614 0.0357745 0.0225083 0.00881397 0.00855152 0.00135912 0.000746735 0 0
 0 0 0 0 5.4009e-05 0.00500934 0.000945158 0.0243581 0.138947 0.33067 0.221406 0.137944 0.0707744 0.0437923 0.0131692 0.00525238 0.0047753 0.00276346 9.45158e-05 9.00151e-06 2.25038e-05 9.00151e-06 4.50075e-06 0 0 0
 0.000866109 0.00284123 0.00948549 0.0512746 0.133035 0.25785 0.225252 0.132002 0.0553304 0.0519788 0.0540692 0.017754 0.00435017 0.00159236 0.00146478 0.000404838 0.000125132 0.000115318 0.000107957 0.000100596 0 0 0 0 0 0
 0 0 0 0 0.00144013 0.00171154 0.00461396 0.0210425 0.0478622 0.0707936 0.0888783 0.103762 0.0637923 0.0337046 0.0602308 0.124433 0.169614 0.0934646 0.0462172 0.0250306 0.0313229 0.00938855 0.002487 0.000210481 0 0
 0 0.00764035 0.051015 0.0998891 0.058973 0.0496711 0.0374665 0.0718981 0.12319 0.153886 0.159021 0.0857701 0.0377988 0.023471 0.0147837 0.00900784 0.00315554 0.000888139 0.00291439 0.00214683 0.00393193 0.00274676 0.000635225 9.99891e-05 0 0
 0 0 0 0 0 0 0 0 0 0 0 0 0 0 0 0 0 0 0 0 0 0 0 0 0 0
 0 0 0 0 0 0 0 0 0 0 0 0 0 0 0 0 0 0 0 0 0 0 0 0 0 0
 0 0 0 0 0 0 0 0 0 0 0 0 0 0 0 0 0 0 0 0 0 0 0 0 0 0
 0 0 0 0 0 0 0 0 0 0 0 0 0 0 0 0 0 0 0 0 0 0 0 0 0 0
 0 0 0 0 0 0 0 0 0 0 0 0 0 0 0 0 0 0 0 0 0 0 0 0 0 0
 0 0 0 0 0 0 0 0 0 0 0 0 0 0 0 0 0 0 0 0 0 0 0 0 0 0
 0 0 0 0 0 0 0 0 0 0 0 0 0 0 0 0 0 0 0 0 0 0 0 0 0 0
ppred_pel_tallas
 1.27481e-16 5.21374e-06 5.06795e-05 0.000336784 0.00153098 0.00476355 0.0101499 0.014818 0.0148365 0.010241 0.00507243 0.00243626 0.00265874 0.00528351 0.0104236 0.018476 0.02953 0.0432076 0.058917 0.0760787 0.0938622 0.110537 0.123194 0.128505 0.124288 0.110798
 1.75332e-16 1.05216e-05 0.000102274 0.000679645 0.00308957 0.00961284 0.0204814 0.0298944 0.0299002 0.0205101 0.00971071 0.00337879 0.00143112 0.00183046 0.00356181 0.00661308 0.0113664 0.0184286 0.0287128 0.0433892 0.063416 0.0886738 0.117147 0.144775 0.166312 0.176973
 1.05539e-16 7.88147e-05 0.000766107 0.00509105 0.0231432 0.072007 0.153419 0.223919 0.22392 0.153421 0.0720162 0.0231699 0.00515871 0.000916171 0.000371339 0.000510765 0.000784384 0.00111946 0.00152091 0.00204257 0.00277995 0.00382534 0.00519893 0.00679523 0.0083798 0.0096454
 1.04416e-16 2.55158e-05 0.000248022 0.0016482 0.00749251 0.0233123 0.0496717 0.0725107 0.0725743 0.0499824 0.0243551 0.0105027 0.00919732 0.0167052 0.0312145 0.0513912 0.0736277 0.0917557 0.0995237 0.0940906 0.0777967 0.0567225 0.037217 0.0230348 0.0147028 0.0106969
 1.11076e-16 4.32579e-05 0.000420482 0.00279425 0.0127023 0.0395216 0.0842055 0.122904 0.122919 0.0842802 0.0397737 0.013436 0.0046572 0.00455714 0.00810354 0.0138586 0.0211895 0.0291968 0.0368898 0.0436484 0.0493124 0.0537615 0.0564405 0.0564005 0.0529052 0.0460792
 1.00071e-16 8.22049e-05 0.000799061 0.00531004 0.0241387 0.0751044 0.160018 0.233551 0.233551 0.160018 0.0751061 0.0241437 0.00532277 0.000826919 0.000135346 9.42723e-05 0.000129349 0.000165887 0.000189957 0.000197774 0.000193471 0.000185779 0.000181962 0.000183525 0.000186385 0.000184406
 1.00364e-16 9.78106e-06 9.50754e-05 0.000631814 0.00287219 0.00893689 0.0190441 0.0278132 0.0278977 0.0194573 0.0103235 0.00687462 0.0106686 0.0219726 0.0414627 0.0682775 0.097761 0.121686 0.13168 0.123888 0.101355 0.07213 0.0446911 0.0241603 0.0114622 0.00484827
 1.19543e-16 1.90199e-05 0.00018488 0.00122859 0.00558501 0.0173771 0.0370241 0.05404 0.0540504 0.0370754 0.0175522 0.00610354 0.0025785 0.00329124 0.00638424 0.0117337 0.0197032 0.0305797 0.0444215 0.0608538 0.0786402 0.0953007 0.107348 0.111425 0.105861 0.0916398
 1.01362e-16 8.07574e-05 0.000784991 0.00521654 0.0237136 0.0737819 0.1572 0.229438 0.229439 0.157202 0.0737895 0.0237355 0.00527169 0.00090672 0.000316105 0.000406397 0.000606928 0.00083009 0.00105352 0.00128418 0.00155512 0.00190054 0.00231986 0.00275764 0.00311582 0.00329249
 1.01326e-16 4.15321e-05 0.000403707 0.00268278 0.0121955 0.0379451 0.0808478 0.11801 0.118056 0.0810763 0.0387121 0.0144096 0.00823509 0.0125071 0.0229771 0.0377865 0.0541165 0.0673983 0.0730118 0.0688413 0.0565815 0.0406876 0.0258351 0.0148247 0.00811951 0.00469758
 1.00513e-16 7.95378e-05 0.000773135 0.00513776 0.0233555 0.0726676 0.154826 0.225974 0.225975 0.154835 0.0726966 0.0234395 0.00534968 0.00123899 0.0009737 0.00150824 0.0022214 0.0029099 0.00342085 0.00367668 0.003703 0.00358529 0.00339211 0.00313428 0.0027868 0.00233958
 1.00168e-16 7.65591e-05 0.000744182 0.00494535 0.0224808 0.0699463 0.149028 0.217512 0.217519 0.14906 0.0700538 0.0227912 0.00572365 0.00244104 0.00329284 0.00530587 0.00759679 0.00947104 0.0102788 0.00972373 0.00804044 0.005847 0.00378981 0.00225302 0.00129714 0.000780885
 1.00481e-16 6.59364e-05 0.000640926 0.00425918 0.0193616 0.0602413 0.128351 0.187336 0.187354 0.128439 0.0605351 0.02021 0.00638759 0.00528345 0.00887162 0.0145323 0.020857 0.0260771 0.0284361 0.0271201 0.0227434 0.0169459 0.011437 0.00722479 0.00446944 0.00282115
 1.00877e-16 7.15296e-05 0.000695294 0.00462047 0.021004 0.0653513 0.139238 0.203224 0.203235 0.139288 0.0655199 0.0214911 0.00584378 0.00336762 0.00515206 0.00841773 0.0121499 0.0153408 0.0170098 0.0166954 0.0147138 0.011922 0.00918813 0.00698694 0.00535691 0.00411599
 1.0057e-16 7.38146e-05 0.000717504 0.00476807 0.0216749 0.0674388 0.143686 0.209716 0.209724 0.143729 0.067583 0.0220914 0.00581322 0.00299833 0.00440326 0.00715665 0.010288 0.0129069 0.0141591 0.0136505 0.0116768 0.00902298 0.00649628 0.0045566 0.00325587 0.00241323
 1.00047e-16 8.1404e-05 0.000791276 0.0052583 0.0239035 0.0743726 0.158459 0.231275 0.231276 0.158464 0.0743894 0.0239518 0.00537949 0.00105567 0.000583097 0.000833963 0.00119063 0.00149104 0.00163114 0.00156462 0.00132606 0.00100749 0.000704245 0.000471631 0.000317267 0.000220867
 1.00575e-16 1.13501e-05 0.000110327 0.000733168 0.00333293 0.0103704 0.0220983 0.0322703 0.0323523 0.0224988 0.0117146 0.00721294 0.0104635 0.021322 0.0402083 0.0662239 0.0948552 0.118142 0.127981 0.120638 0.0990436 0.0709606 0.0445512 0.0247314 0.0123748 0.00579968
 1.00684e-16 8.01672e-05 0.000779253 0.00517841 0.0235403 0.0732427 0.156051 0.227761 0.227762 0.156053 0.0732493 0.02356 0.00522956 0.000896303 0.000318232 0.000440163 0.000721167 0.00110325 0.00157944 0.00213519 0.00273063 0.00328618 0.00368784 0.00382356 0.00363566 0.00315492
 1.01025e-16 5.03412e-05 0.000489334 0.0032518 0.0147822 0.0459932 0.0979947 0.143034 0.14307 0.0981726 0.0465902 0.0165055 0.00757356 0.0099106 0.0179044 0.029419 0.0421388 0.0524985 0.0569078 0.0537259 0.044274 0.0320128 0.0205629 0.0120765 0.0068852 0.00417593
 1.06595e-16 3.89983e-05 0.000379078 0.00251911 0.0114515 0.0356301 0.0759148 0.110806 0.110838 0.076069 0.0361486 0.012952 0.00629646 0.00866091 0.0158722 0.0264489 0.0387223 0.049985 0.0574381 0.059684 0.0573978 0.0525751 0.0470513 0.0415558 0.0358806 0.0296841
 1.02867e-16 7.43953e-05 0.000723149 0.00480558 0.0218455 0.0679694 0.144816 0.211364 0.211369 0.144838 0.0680441 0.0220617 0.00535058 0.0019202 0.00236952 0.00385703 0.0056854 0.00744032 0.00875424 0.00946553 0.00969473 0.00971547 0.00972555 0.00971144 0.00949682 0.00890157
 1.01252e-16 6.90805e-05 0.000671487 0.00446227 0.0202848 0.0631137 0.134471 0.196267 0.196281 0.13454 0.0633443 0.0209505 0.00613218 0.00431377 0.00697726 0.0114017 0.0163629 0.0204632 0.0223326 0.0213484 0.0180142 0.0136367 0.00956338 0.00656722 0.00472723 0.00370407
 1.05689e-16 8.75675e-06 8.51188e-05 0.000565648 0.0025714 0.00800096 0.0170496 0.0248996 0.0249722 0.0174042 0.00919185 0.00601137 0.00920158 0.018941 0.0358297 0.0592447 0.0853971 0.10749 0.118564 0.115361 0.100211 0.0793807 0.0592709 0.0434705 0.0323482 0.0245291
 1.04578e-16 7.21034e-05 0.000700871 0.00465754 0.0211725 0.0658754 0.140355 0.204852 0.204853 0.140362 0.0658998 0.0212448 0.00484629 0.00113656 0.000968913 0.0016689 0.00282023 0.00443104 0.00653832 0.00912698 0.0120538 0.0149753 0.0173631 0.0186562 0.0184918 0.0168775
 1.04456e-16 5.36711e-05 0.000521703 0.0034669 0.01576 0.0490355 0.104476 0.152492 0.152522 0.10462 0.0495177 0.0171521 0.00695896 0.00813746 0.0144961 0.0238263 0.0341975 0.0427674 0.0466993 0.0447359 0.0379913 0.0292541 0.021359 0.0158657 0.0128047 0.0112878
 1.09912e-16 3.04898e-05 0.000296371 0.00196949 0.00895306 0.0278565 0.0593527 0.0866354 0.0866754 0.0595482 0.0285136 0.0108535 0.00674972 0.0107639 0.0200044 0.033268 0.0484898 0.0621591 0.0706672 0.0722789 0.0680391 0.0608149 0.053324 0.0467729 0.0409227 0.0350606
 1.03719e-16 7.37089e-05 0.000716477 0.00476124 0.0216439 0.0673422 0.14348 0.209414 0.209418 0.143499 0.0674059 0.0218285 0.0052279 0.00174596 0.00206072 0.00337411 0.00505191 0.00677415 0.00826635 0.00940725 0.0102713 0.0110087 0.0116638 0.0120964 0.0120668 0.0114022
 1.01703e-16 6.73882e-05 0.000655037 0.00435295 0.0197879 0.0615676 0.131177 0.19146 0.191475 0.131253 0.061825 0.020531 0.00621727 0.00472127 0.0077795 0.0127277 0.0182669 0.022846 0.0249395 0.0238584 0.0201733 0.01535 0.0108953 0.00766442 0.00572747 0.00468091
 1.06334e-16 1.31578e-05 0.000127898 0.000849931 0.0038637 0.0120218 0.0256161 0.0374014 0.0374679 0.0259409 0.0131123 0.00701425 0.00876071 0.0174053 0.0328493 0.054345 0.0784191 0.0988844 0.109406 0.107008 0.0937911 0.0753988 0.057566 0.043456 0.0333346 0.0259463
 1.2824e-16 1.79545e-05 0.000174524 0.00115977 0.00527216 0.0164037 0.0349503 0.0510137 0.0510267 0.0350142 0.0166207 0.00590967 0.00280081 0.00389221 0.00747577 0.0133696 0.0216869 0.0323585 0.0451896 0.0599188 0.0759222 0.0916789 0.104585 0.11161 0.110595 0.101354
 1.04532e-16 7.75327e-05 0.000753646 0.00500824 0.0227667 0.0708358 0.150923 0.220277 0.220278 0.150929 0.0708569 0.022828 0.00516313 0.00109597 0.000740659 0.0011379 0.00172245 0.00237234 0.00303939 0.00374879 0.00459705 0.0056815 0.00699897 0.00838825 0.00956253 0.0102164
pSPR Fmed_Fpbrs
0.377608   0.233245 0.233245
Fs Fmed_Fpbrs
0.616828   1.005 1.005
SSBpbr Bo_Bmed_Bpbrs
1.65415e+06  541911  303114 303114
Ro
57470.1
SPR SPRFo_SPRFmed_SPRFpbrs
410200 154895 95676.9
Fref
1.005
Nvult_r0
 121587 2049.05 1155.51 4927.93 1082.39
CTP_r0
 35174 752.965 424.614 1810.87 397.746
YTP_r0
391048
Np
 131831 23983.6 5309.24 71.491 45.7443
Nvult_p0
 107847 20753.9 4594.29 61.864 39.5843
CTP_p0
 44562.3 17101.4 230.277 129.858 667.775
 44562.3 10402.8 2302.88 31.0091 19.8415
YTP_p0
 633481 551632
CBA_c0
608927
log_Ro
10.779
likeval ReclasPelacesDesembMPH_pf_preclas_ppelaces_ptallas_desvR_qrecl_qpela
 16.3303 73.4518 0.151792 0.00160824 320.662 124.527 113.927 0 111.88 2.15493e-05 0 0.0168159 0 0 0
q_reclas_q_pelaces
1.93056 1
M
1
N
 9209.44 27889.9 103723 12132.5 0.102539
 5727.26 2915.23 8279.46 30791.6 3601.7
 198056 1367.45 578.666 1643.45 6826.97
 16241.4 47209.7 270.791 114.591 1677.36
 4845.38 2502.45 5015.2 28.7668 190.363
 286204 358.511 93.3144 187.012 8.17118
 6967.08 73684.5 79.2462 20.6265 43.1439
 1804.14 938.773 6464.32 6.95224 5.59455
 62619.1 366.764 148.122 1019.96 1.97967
 8732.69 12846.3 58.6264 23.677 163.355
 46894.7 977.846 865.348 3.94917 12.5988
 133052 12716.3 232.763 205.984 3.93901
 76548.6 23188.8 1610.64 29.4816 26.5887
 69047.1 13353.5 2940.95 204.272 7.11118
 44942.1 7023.26 784.243 172.72 12.4144
 389330 4941.28 460.919 51.4679 12.1499
 12544.2 88818.4 919.097 85.7327 11.8332
 743283 3153.79 18978.5 196.39 20.8476
 303099 211729 805.377 4846.49 55.4756
 98352.9 79477 48040.8 182.738 1112.25
 390740 22814.5 15138.9 9150.9 246.671
 511674 101663 5119.33 3397.01 2108.71
 16665.5 129813 22005.8 1108.12 1191.76
 281112 4685.08 32531.9 5514.78 576.365
 162358 82780.2 1254.49 8710.81 1630.98
 38624.1 47190.8 21756.7 329.711 2718.08
 227190 10986.9 12026.9 5544.86 776.752
 302933 64037.3 2763.77 3025.39 1590.21
 20728.2 94431.6 18598.2 802.674 1340.5
 9969.76 6534 27865.8 5488.13 632.428
 161014 2579.95 1454.89 6204.73 1362.83
pred_Ctot
 822.312 3463.32 12880.2 1506.59 0.0127331
 1315.86 891.549 2532.06 9416.8 1101.49
 45650.3 419.442 177.495 504.099 2094.05
 6393.08 23375.5 134.08 56.7387 830.532
 2763.69 1676.67 3360.23 19.274 127.545
 55899.2 94.2476 24.5311 49.163 2.14809
 3020.73 39597.3 42.5861 11.0844 23.1851
 535.14 362.47 2495.94 2.68433 2.16011
 18350.8 140.081 56.5735 389.56 0.75611
 4212.97 7539.74 34.409 13.8965 95.876
 7988.35 225.982 199.984 0.912661 2.9116
 46978.8 5730.9 104.9 92.8312 1.7752
 27003.9 10442.3 725.3 13.276 11.9733
 34886.6 8135.37 1791.72 124.449 4.33235
 21882.5 4153.05 463.745 102.134 7.34098
 97165.8 1630.86 152.125 16.9869 4.01005
 2589 24586 254.417 23.7318 3.27556
 108265 628.025 3779.25 39.1079 4.15146
 56564.4 53330.7 202.86 1220.74 13.9733
 23841.1 25538.1 15436.8 58.7188 357.395
 74370.5 5853.96 3884.49 2348.03 63.2932
 103454 27605.7 1390.11 922.43 572.604
 2539.3 26984.8 4574.45 230.351 247.737
 36106 827.036 5742.72 973.501 101.743
 21960 15356.3 232.716 1615.92 302.558
 5653.61 9441.45 4352.86 65.9651 543.806
 34312.8 2264.8 2479.18 1143 160.117
 29627.8 8688.06 374.966 410.461 215.747
 1899.26 12024.9 2368.28 102.212 170.698
 1923.12 1697.74 7240.43 1425.99 164.325
 35174 752.965 424.614 1810.87 397.746
F
 0.150279 0.214486 0.214486 0.214486 0.214486
 0.432287 0.61698 0.61698 0.61698 0.61698
 0.433953 0.619358 0.619358 0.619358 0.619358
 0.870294 1.24213 1.24213 1.24213 1.24213
 1.60382 2.28905 2.28905 2.28905 2.28905
 0.35691 0.509399 0.509399 0.509399 0.509399
 1.00438 1.4335 1.4335 1.4335 1.4335
 0.593124 0.846535 0.846535 0.846535 0.846535
 0.584014 0.833533 0.833533 0.833533 0.833533
 1.18948 1.69768 1.69768 1.69768 1.69768
 0.305016 0.435333 0.435333 0.435333 0.435333
 0.747069 1.06625 1.06625 1.06625 1.06625
 0.746147 1.06494 1.06494 1.06494 1.06494
 1.28556 1.83481 1.83481 1.83481 1.83481
 1.20775 1.72376 1.72376 1.72376 1.72376
 0.477835 0.681989 0.681989 0.681989 0.681989
 0.380655 0.543289 0.543289 0.543289 0.543289
 0.255771 0.365049 0.365049 0.365049 0.365049
 0.338592 0.483255 0.483255 0.483255 0.483255
 0.461167 0.6582 0.6582 0.6582 0.6582
 0.346382 0.494373 0.494373 0.494373 0.494373
 0.371593 0.530355 0.530355 0.530355 0.530355
 0.26896 0.383873 0.383873 0.383873 0.383873
 0.222566 0.317656 0.317656 0.317656 0.317656
 0.235605 0.336266 0.336266 0.336266 0.336266
 0.257174 0.367051 0.367051 0.367051 0.367051
 0.266321 0.380107 0.380107 0.380107 0.380107
 0.165635 0.236403 0.236403 0.236403 0.236403
 0.154475 0.220475 0.220475 0.220475 0.220475
 0.351787 0.502088 0.502088 0.502088 0.502088
 0.407044 0.580953 0.580953 0.580953 0.580953
YTP_r0W_actual
 291944 10616.8 11719.3 61931.7 14835.9
YTP_p0W_proyectada
 333772 267978 5326.3 3813.94 22590.8
 333772 163013 53265.5 910.738 671.239
CTP_r0_actual
 35174 752.965 424.614 1810.87 397.746
CTP_p0_proyectada
 44562.3 17101.4 230.277 129.858 667.775
 44562.3 10402.8 2302.88 31.0091 19.8415
Wmedp
 7.49 15.67 23.13 29.37 33.83
Frms_r0
 0.407044 0.580953 0.580953 0.580953 0.580953
Zrms_r0
 1.40704 1.58095 1.58095 1.58095 1.58095
nmprior
 8.19 8.8 8.5 0
nm_flota  nm_reclas  nm_pelaces    nm_pelaL
inf 11.3081 5.81281 9.85602
cv_recla  cv_pelaces  cv_mph
0.365529 0.971792 1.2376
 ------------------------------------------------
Talla a la edad & desviaci?n 
 8 13.2811 15.8009 17.003 17.5766
 0.8 1.32811 1.58009 1.7003 1.75766
