years
 1991 1992 1993 1994 1995 1996 1997 1998 1999 2000 2001 2002 2003 2004 2005 2006 2007 2008 2009 2010 2011 2012 2013 2014 2015 2016 2017 2018 2019 2020 2021
reclasobs
 0 0 0 0 0 0 0 0 0 252601 567819 844713 477998 351125 339783 2.1784e+06 2.13404e+06 4.81314e+06 1.55562e+06 2.62356e+06 3.21686e+06 3.843e+06 1.13348e+06 3.07943e+06 1.97215e+06 2.03268e+06 2.025e+06 2.42433e+06 2.27542e+06 1.05018e+06 2.36338e+06
reclaspred
 2.18512e+06 1.18771e+06 571321 321080 180157 910248 400168 249127 186806 194677 361512 529252 512528 358856 328419 1.26025e+06 1.04776e+06 2.92437e+06 2.34476e+06 1.54554e+06 2.82647e+06 2.36042e+06 1.65585e+06 2.72406e+06 1.94823e+06 1.56653e+06 2.05233e+06 2.45288e+06 1.90296e+06 992227 1.41296e+06
pelacesobs
 0 0 0 0 0 0 0 0 0 0 0 0 0 0 0 552880 188675 0 991730 2.46772e+06 1.41603e+06 1.21717e+06 2.29649e+06 1.80582e+06 0 1.4828e+06 1.56532e+06 1.57751e+06 1.42118e+06 867257 1.10002e+06
pelacespred
 967600 561474 260677 107473 66954.7 395943 129318 119151 70540.4 76088.6 162062 202022 217493 153831 144541 489788 410019 1.36246e+06 1.0967e+06 673820 1.21573e+06 1.05902e+06 748713 1.37728e+06 939461 753876 1.13426e+06 1.32489e+06 852574 513342 707848
mphobs
 0 0 0 0 0 0 0 0 0 0 0 498337 0 5186 125008 0 168611 109162 213762 579715 649985 157893 87575 83554 0 0 0 0 0 0 0
mphpred
 1.94306e+06 1.18975e+06 572482 279051 128592 94930.1 459892 166176 111789 68297.2 80302.6 243614 279450 219355 123334 148614 819468 637287 1.67577e+06 1.18385e+06 1.10229e+06 1.45403e+06 1.41577e+06 1.01628e+06 1.53551e+06 1.1907e+06 882471 1.06693e+06 1.69945e+06 1.04547e+06 506320
desembarqueobs
 494567 514787 250237 358949 120608 361735 552515 73892 212993 205616 52469 317467 293654 387597 252695 516296 358380 742168 942051 627588 828172 859565 418607 520667 417249 300574 415391 372974 316634 284311 391294
desembarquepred
 494538 514818 249720 358948 120593 361617 552108 73886.5 212913 205549 52468.1 317408 293582 387360 252588 516109 358353 741916 941449 627165 828049 859284 418536 520616 417171 300517 415314 372898 316576 284254 391233
Reclutas
 123058 105747 76479.4 50959.8 34771.1 252095 46179 14705.7 28687.7 60342.2 91504.6 131677 103080 70349 62471.4 450765 51471.6 735420 356176 238842 430802 567937 70749.4 336775 246602 94340.8 285112 345247 60864.5 38782.2 227796
log_desv_Rt
 0.0237948 -0.127816 -0.451843 -0.857828 -1.24008 0.74094 -0.95634 -2.10063 -1.43239 -0.688833 -0.272475 0.091488 -0.153355 -0.535396 -0.654156 1.32208 -0.847835 1.81158 1.08656 0.686939 1.27678 1.55315 -0.529721 1.03055 0.718911 -0.241951 0.864018 1.0554 -0.680215 -1.1309 0.639585
SSB
 1.94306e+06 1.18975e+06 572482 279051 128592 94930.1 459892 166176 111789 68297.2 80302.6 243614 279450 219355 123334 148614 819468 637287 1.67577e+06 1.18385e+06 1.10229e+06 1.45403e+06 1.41577e+06 1.01628e+06 1.53551e+06 1.1907e+06 882471 1.06693e+06 1.69945e+06 1.04547e+06 506320
BT
 2.66045e+06 1.80363e+06 843156 548282 256073 1.23093e+06 778720 342011 367617 369599 417491 727569 765765 754879 586989 1.54324e+06 1.22693e+06 3.80488e+06 3.42662e+06 2.13599e+06 3.47825e+06 3.24448e+06 2.09124e+06 3.66399e+06 2.56044e+06 2.00947e+06 3.04546e+06 3.43143e+06 2.22972e+06 1.47425e+06 2.01868e+06
Ftot
 0.230077 0.438921 0.444182 1.10962 0.724282 0.563043 1.2826 0.323678 1.29747 1.29158 0.200554 0.711056 0.662124 1.21922 0.96845 0.581089 0.353408 0.343042 0.448542 0.449186 0.351832 0.428151 0.259512 0.241222 0.236871 0.206159 0.254715 0.195237 0.167145 0.287164 0.359587
BD_Bspro_t
 0.964101 0.756511 0.544279 0.401162 0.230969 0.232551 0.477221 0.215833 0.204574 0.165397 0.230342 0.547087 0.45009 0.352219 0.230523 0.270974 0.551902 0.479446 0.644438 0.531518 0.472289 0.538987 0.562529 0.521898 0.650311 0.647406 0.634367 0.698223 0.768769 0.677289 0.554402
BD_Bspro
 2.26546 1.38715 0.667469 0.325352 0.149928 0.110681 0.536198 0.193749 0.130337 0.0796292 0.0936264 0.284035 0.325816 0.25575 0.143797 0.173272 0.955435 0.743026 1.95382 1.38028 1.28519 1.69528 1.65068 1.1849 1.79028 1.38826 1.02889 1.24396 1.98143 1.21893 0.590329
BD_Bo
 1.17269 0.718045 0.345509 0.168415 0.077609 0.057293 0.277558 0.100292 0.067468 0.0412194 0.0484649 0.147028 0.168656 0.132387 0.0744354 0.0896925 0.494573 0.384621 1.01138 0.71449 0.665265 0.877546 0.85446 0.613354 0.926722 0.71862 0.532597 0.643926 1.02567 0.63097 0.305578
BD_Brms
 5.67743 3.47631 1.67273 0.815359 0.375733 0.277376 1.34376 0.485551 0.326636 0.199558 0.234636 0.711817 0.816523 0.640932 0.360368 0.434233 2.3944 1.86209 4.89643 3.4591 3.22079 4.24851 4.13674 2.96946 4.48659 3.4791 2.57849 3.11747 4.96562 3.05475 1.47941
Sel_flota
 0.617621 0.968443 0.998288 0.99991 0.999995
 0.617621 0.968443 0.998288 0.99991 0.999995
 0.617621 0.968443 0.998288 0.99991 0.999995
 0.617621 0.968443 0.998288 0.99991 0.999995
 0.617621 0.968443 0.998288 0.99991 0.999995
 0.617621 0.968443 0.998288 0.99991 0.999995
 0.617621 0.968443 0.998288 0.99991 0.999995
 0.617621 0.968443 0.998288 0.99991 0.999995
 0.617621 0.968443 0.998288 0.99991 0.999995
 0.617621 0.968443 0.998288 0.99991 0.999995
 0.617621 0.968443 0.998288 0.99991 0.999995
 0.617621 0.968443 0.998288 0.99991 0.999995
 0.617621 0.968443 0.998288 0.99991 0.999995
 0.617621 0.968443 0.998288 0.99991 0.999995
 0.617621 0.968443 0.998288 0.99991 0.999995
 0.617621 0.968443 0.998288 0.99991 0.999995
 0.617621 0.968443 0.998288 0.99991 0.999995
 0.617621 0.968443 0.998288 0.99991 0.999995
 0.617621 0.968443 0.998288 0.99991 0.999995
 0.617621 0.968443 0.998288 0.99991 0.999995
 0.617621 0.968443 0.998288 0.99991 0.999995
 0.617621 0.968443 0.998288 0.99991 0.999995
 0.617621 0.968443 0.998288 0.99991 0.999995
 0.617621 0.968443 0.998288 0.99991 0.999995
 0.617621 0.968443 0.998288 0.99991 0.999995
 0.617621 0.968443 0.998288 0.99991 0.999995
 0.617621 0.968443 0.998288 0.99991 0.999995
 0.617621 0.968443 0.998288 0.99991 0.999995
 0.617621 0.968443 0.998288 0.99991 0.999995
 0.617621 0.968443 0.998288 0.99991 0.999995
 0.617621 0.968443 0.998288 0.99991 0.999995
Sel_reclas
 1 1 1 1 1
 1 1 1 1 1
 1 1 1 1 1
 1 1 1 1 1
 1 1 1 1 1
 1 1 1 1 1
 1 1 1 1 1
 1 1 1 1 1
 1 1 1 1 1
 1 1 1 1 1
 1 1 1 1 1
 1 1 1 1 1
 1 1 1 1 1
 1 1 1 1 1
 1 1 1 1 1
 1 1 1 1 1
 1 1 1 1 1
 1 1 1 1 1
 1 1 1 1 1
 1 1 1 1 1
 1 1 1 1 1
 1 1 1 1 1
 1 1 1 1 1
 1 1 1 1 1
 1 1 1 1 1
 1 1 1 1 1
 1 1 1 1 1
 1 1 1 1 1
 1 1 1 1 1
 1 1 1 1 1
 1 1 1 1 1
Sel_pelaces
 1 1 1 1 1
 1 1 1 1 1
 1 1 1 1 1
 1 1 1 1 1
 1 1 1 1 1
 1 1 1 1 1
 1 1 1 1 1
 1 1 1 1 1
 1 1 1 1 1
 1 1 1 1 1
 1 1 1 1 1
 1 1 1 1 1
 1 1 1 1 1
 1 1 1 1 1
 1 1 1 1 1
 1 1 1 1 1
 1 1 1 1 1
 1 1 1 1 1
 1 1 1 1 1
 1 1 1 1 1
 1 1 1 1 1
 1 1 1 1 1
 1 1 1 1 1
 1 1 1 1 1
 1 1 1 1 1
 1 1 1 1 1
 1 1 1 1 1
 1 1 1 1 1
 1 1 1 1 1
 1 1 1 1 1
 1 1 1 1 1
pf_obs 
 0.8446 0.082 0.0669 0.0065 0
 0.8095 0.147 0.0364 0.0071 0
 0.9664 0.0169 0.016 0.0007 0
 0.9276 0.0648 0.0075 0.0001 0
 0.7033 0.2144 0.0806 0.0017 0
 0.9318 0.0425 0.0243 0.0014 0
 0.5671 0.3108 0.0964 0.0239 0.0018
 0.0768 0.2599 0.5324 0.112 0.0189
 0.490249 0.384438 0.106611 0.0170017 0.00170017
 0.7925 0.1577 0.0466 0.003 0.0002
 0.840416 0.127587 0.0312969 0.00059994 9.999e-05
 0.8084 0.0986 0.0794 0.0134 0.0002
 0.7335 0.1905 0.0724 0.0035 0.0001
 0.4001 0.4547 0.1325 0.0127 0
 0.49795 0.308269 0.164784 0.0264974 0.00249975
 0.9179 0.0499 0.0305 0.0017 0
 0.2467 0.6533 0.0926 0.0074 0
 0.9418 0.0223 0.034 0.0019 0
 0.707729 0.231977 0.0356964 0.0245975 0
 0.517169 0.277429 0.184464 0.0207286 0.00020938
 0.811772 0.124168 0.05621 0.00726502 0.000585176
 0.764997 0.148141 0.077277 0.00933861 0.000247198
 0.163321 0.427699 0.378323 0.0303852 0.000271297
 0.753843 0.0900009 0.118128 0.0371064 0.000921714
 0.721811 0.176058 0.0630433 0.0369309 0.00215725
 0.143369 0.312575 0.442814 0.0836902 0.0175525
 0.692698 0.0596174 0.167031 0.0765114 0.00414204
 0.394062 0.376323 0.152708 0.0712218 0.00568511
 0.125707 0.32114 0.495352 0.0537591 0.00404204
 0.23352 0.215282 0.420074 0.123614 0.00750983
 0.796117 0.104755 0.0508955 0.0450114 0.00322123
pf_pred 
 0.376381 0.211305 0.372481 0.0398326 9.48611e-07
 0.475644 0.260812 0.0912741 0.155653 0.0166162
 0.51523 0.29486 0.0962825 0.032469 0.061159
 0.529605 0.303869 0.102811 0.032336 0.0313791
 0.641576 0.248552 0.0722771 0.0232359 0.0143593
 0.941936 0.0444185 0.00958817 0.0026713 0.00138622
 0.336311 0.641182 0.0173799 0.00360489 0.00152219
 0.394242 0.309119 0.287105 0.00736772 0.00216697
 0.715801 0.148351 0.0705222 0.0632299 0.00209583
 0.888892 0.0936865 0.00934121 0.00420063 0.00387945
 0.849951 0.141514 0.00725951 0.000685181 0.000590879
 0.736317 0.237501 0.0247384 0.0012282 0.000215502
 0.65715 0.285915 0.051495 0.00514007 0.000299276
 0.615243 0.29797 0.0728738 0.0125869 0.00132654
 0.739091 0.200079 0.0476752 0.0110507 0.00210373
 0.95409 0.0387932 0.00551845 0.00125337 0.000344927
 0.224617 0.754552 0.0177099 0.00242097 0.000699663
 0.912596 0.0282382 0.0576308 0.00130563 0.000229621
 0.510782 0.462886 0.00871166 0.0171639 0.000456366
 0.509831 0.312617 0.168338 0.00305232 0.00616128
 0.734774 0.169559 0.0618341 0.0320802 0.0017522
 0.712343 0.236488 0.0331361 0.0116637 0.00636964
 0.190504 0.652841 0.129637 0.017509 0.00950962
 0.734611 0.0732955 0.155924 0.0299408 0.00622875
 0.555364 0.364521 0.0226675 0.0466462 0.0108011
 0.345639 0.437236 0.179094 0.0107741 0.0272565
 0.73924 0.119845 0.0951796 0.0377366 0.00799885
 0.675166 0.267276 0.0269404 0.0206923 0.00992502
 0.21344 0.60444 0.150723 0.0147092 0.0166873
 0.277805 0.217865 0.390421 0.0943005 0.0196088
 0.832905 0.0651678 0.0314953 0.0545466 0.0158851
pobs_RECLAS
 0 0 0 0 0
 0 0 0 0 0
 0 0 0 0 0
 0 0 0 0 0
 0 0 0 0 0
 0 0 0 0 0
 0 0 0 0 0
 0 0 0 0 0
 0 0 0 0 0
 0 0 0 0 0
 0.991045 0.00858322 0.000360255 1.14367e-05 0
 0.934742 0.0480273 0.0164251 0.00080598 0
 0.827803 0.169806 0.00239088 0 0
 0.941827 0.0461693 0.0120037 0 0
 0.791401 0.0380133 0.147996 0.0225897 0
 0.846168 0.0940531 0.0597789 0 0
 0.134021 0.677848 0.182769 0.00536245 0
 0.80878 0.0450904 0.141981 0.00414843 0
 0.846168 0.0940531 0.0597789 0 0
 0.905697 0.0802665 0.012482 0.00150086 5.37128e-05
 0.989698 0.0102097 9.19794e-05 0 0
 0.975433 0.0193895 0.00387452 0.00125025 5.28907e-05
 0.303575 0.632131 0.0575291 0.00676475 0
 0.966965 0.00978017 0.0227588 0.000495775 0
 0.843318 0.132988 0.00938335 0.0141283 0.000182051
 0.564624 0.303363 0.111486 0.0197234 0.00080311
 0.826376 0.0876187 0.0782897 0.00655872 0.00115652
 0.89761 0.0855135 0.0140674 0.00269457 0.000114338
 0.34875 0.467042 0.161289 0.0227151 0.000203297
 0.318654 0.224769 0.449479 0.00709798 0
 0.937255 0.0296025 0.0250945 0.00804832 0
ppred_RECLAS
 0.493292 0.17525 0.299484 0.0319732 7.61375e-07
 0.595212 0.204678 0.0693829 0.11812 0.0126083
 0.63193 0.22674 0.0717152 0.0241431 0.045472
 0.654478 0.226071 0.073803 0.023168 0.0224801
 0.74542 0.178364 0.0501685 0.0160996 0.0099483
 0.963275 0.0283103 0.00591597 0.00164535 0.000853747
 0.460631 0.521729 0.0136281 0.00282108 0.00119109
 0.511788 0.252969 0.227694 0.00583332 0.00171552
 0.812094 0.0998707 0.0457455 0.0409335 0.00135665
 0.931297 0.0582714 0.00559855 0.00251259 0.00232023
 0.899567 0.0948852 0.00471925 0.000444684 0.000383449
 0.819245 0.163339 0.0164576 0.000815627 0.000143098
 0.75663 0.204059 0.0355609 0.00354331 0.000206287
 0.729747 0.211016 0.049756 0.00857711 0.000903851
 0.824447 0.135718 0.0312336 0.00722621 0.00137552
 0.971053 0.0245836 0.00338515 0.000767507 0.000211198
 0.315307 0.666859 0.0151663 0.00206976 0.000598111
 0.944234 0.018403 0.0363952 0.000823148 0.000144755
 0.625265 0.355187 0.00647481 0.012735 0.000338577
 0.626657 0.240856 0.125623 0.00227392 0.00458962
 0.816538 0.118639 0.0419234 0.0217137 0.00118588
 0.798763 0.166384 0.0225833 0.00793569 0.00433334
 0.272498 0.590249 0.113614 0.0153193 0.00831964
 0.817394 0.0515863 0.106383 0.020394 0.0042423
 0.665067 0.276164 0.0166479 0.0342019 0.00791885
 0.457273 0.366385 0.145498 0.0087386 0.022105
 0.82018 0.0840613 0.0647145 0.0256151 0.00542905
 0.767362 0.192485 0.0188111 0.0144245 0.00691806
 0.301123 0.540897 0.130784 0.0127423 0.0144546
 0.383782 0.190026 0.330057 0.0795873 0.0165479
 0.889844 0.0438215 0.0205214 0.0354811 0.0103319
pobs_PELACES
 0 0 0 0 0
 0 0 0 0 0
 0 0 0 0 0
 0 0 0 0 0
 0 0 0 0 0
 0 0 0 0 0
 0 0 0 0 0
 0 0 0 0 0
 0 0 0 0 0
 0 0 0 0 0
 0 0 0 0 0
 0 0 0 0 0
 0 0 0 0 0
 0 0 0 0 0
 0 0 0 0 0
 0 0 0 0 0
 0.505614 0.472636 0.0217494 0 0
 0 0 0 0 0
 0.443492 0.261883 0.143347 0.151278 0
 0.227955 0.32914 0.350689 0.0885471 0.00366901
 0.970185 0.0296113 0.000203453 0 0
 0.997202 0.00247181 0.000326279 0 0
 0.445219 0.490057 0.0546422 0.010081 0
 0.90214 0.0892962 0.00764917 0.000914606 0
 0 0 0 0 0
 0.581667 0.319106 0.0959925 0.00289975 0.000334073
 0.762889 0.0836404 0.116647 0.0363945 0.000428098
 0.88444 0.0763242 0.0277011 0.0115352 0
 0.521256 0.241999 0.230069 0.00667565 0
 0.616807 0.101726 0.260614 0.0208532 0
 0.833518 0.0704572 0.0857862 0.0102388 0
ppred_PELACES
 0.500323 0.173076 0.295099 0.0315012 7.5013e-07
 0.60792 0.198691 0.0670628 0.114143 0.0121837
 0.644203 0.219558 0.0691405 0.0232707 0.0438285
 0.683757 0.207711 0.0670724 0.0210426 0.0204172
 0.761397 0.167533 0.0467872 0.0150087 0.00927402
 0.965555 0.0265866 0.00552504 0.00153616 0.000797078
 0.497775 0.486001 0.0125355 0.00259313 0.00109481
 0.52153 0.248303 0.222783 0.00570651 0.00167821
 0.834796 0.0883439 0.0399519 0.0357245 0.00118396
 0.94038 0.0506677 0.00480647 0.00215562 0.00199052
 0.901656 0.0929227 0.00461252 0.000434581 0.000374734
 0.831211 0.152629 0.0152712 0.00075654 0.000132729
 0.770653 0.192504 0.0333292 0.00331977 0.000193269
 0.757153 0.190119 0.0442935 0.00763049 0.000804069
 0.840382 0.123668 0.0281904 0.00651875 0.00124082
 0.972908 0.0230281 0.00315286 0.000714618 0.000196642
 0.324226 0.658232 0.0149181 0.0020355 0.000588205
 0.946404 0.0177271 0.0349402 0.000790097 0.000138941
 0.637406 0.343761 0.0062389 0.0122681 0.000326159
 0.639104 0.233192 0.121089 0.00219132 0.00442286
 0.822743 0.11477 0.0404157 0.0209288 0.00114301
 0.806729 0.159917 0.0216142 0.0075934 0.00414638
 0.278593 0.585589 0.112429 0.0151575 0.00823168
 0.821778 0.0504346 0.103761 0.0198888 0.00413719
 0.671242 0.271188 0.0163098 0.0335031 0.00775702
 0.463368 0.362512 0.143668 0.00862773 0.0218245
 0.824685 0.0820669 0.0630208 0.0249414 0.00528621
 0.771433 0.189181 0.0184527 0.0141482 0.00678551
 0.30529 0.537873 0.129839 0.0126491 0.0143488
 0.392146 0.187818 0.325301 0.0784284 0.0163068
 0.894069 0.0422342 0.0197082 0.0340685 0.00992049
pobs_pel_tallas
 0 0 0 0 0 0 0 0 0 0 0 0 0 0 0 0 0 0 0 0 0 0 0 0 0 0
 0 0 0 0 0 0 0 0 0 0 0 0 0 0 0 0 0 0 0 0 0 0 0 0 0 0
 0 0 0 0 0 0 0 0 0 0 0 0 0 0 0 0 0 0 0 0 0 0 0 0 0 0
 0 0 0 0 0 0 0 0 0 0 0 0 0 0 0 0 0 0 0 0 0 0 0 0 0 0
 0 0 0 0 0 0 0 0 0 0 0 0 0 0 0 0 0 0 0 0 0 0 0 0 0 0
 0 0 0 0 0 0 0 0 0 0 0 0 0 0 0 0 0 0 0 0 0 0 0 0 0 0
 0 0 0 0 0 0 0 0 0 0 0 0 0 0 0 0 0 0 0 0 0 0 0 0 0 0
 0 0 0 0 0 0 0 0 0 0 0 0 0 0 0 0 0 0 0 0 0 0 0 0 0 0
 0 0 0 0 0 0 0 0 0 0 0 0 0 0 0 0 0 0 0 0 0 0 0 0 0 0
 0 0 0 0 0 0 0 0 0 0 0 0 0 0 0 0 0 0 0 0 0 0 0 0 0 0
 0 0 0 0 0 0 0 0 0 0 0 0 0 0 0 0 0 0 0 0 0 0 0 0 0 0
 0 0 0 0 0 0 0 0 0 0 0 0 0 0 0 0 0 0 0 0 0 0 0 0 0 0
 0.00862536 0 0 0.000197151 0.00414017 0.0128641 0.00837892 0.0270097 0.101434 0.158115 0.152841 0.127902 0.109271 0.109419 0.0830992 0.0579132 0.0238553 0.00714673 0.00463305 0.00128148 0.00103504 0.000492878 0.000147863 0.000147863 4.92878e-05 0
 0 0 0 0 0 0 0 0 0 0 0 0 0 0 0 0 0 0 0 0 0 0 0 0 0 0
 0 0 0 0 0 0 0 0.0054083 0.00873648 0.0413646 0.0450493 0.0745869 0.0622846 0.0627006 0.0613931 0.0827291 0.12552 0.122667 0.0946155 0.0697135 0.0546179 0.0294188 0.0215738 0.0213955 0.0102223 0.00600262
 0 0 0 0 0.00359764 0.0251062 0.0480494 0.140153 0.205849 0.193036 0.1447 0.116669 0.0760912 0.0342217 0.00950174 0.001854 0.000860785 0 0 0 0.000165536 0 0.000143464 0 0 0
 0 0 0 0 0 0 0 0.000145254 0.000435761 0.0275982 0.070085 0.0708112 0.156366 0.174668 0.174014 0.160142 0.0824315 0.0480064 0.0283245 0.00493863 0.00203355 0 0 0 0 0
 0 0 0 0 0 0 0 0 0 0 0 0 0 0 0 0 0 0 0 0 0 0 0 0 0 0
 0 0 1.00437e-05 0.000401748 0.00122533 0.00171747 0.00176769 0.0269171 0.070346 0.194647 0.189555 0.159765 0.064822 0.0314167 0.0384472 0.0292271 0.0345202 0.0313363 0.0194345 0.0106764 0.0143323 0.0359363 0.0279516 0.0138201 0.00172751 0
 0 0.0021121 0.0136068 0.0755702 0.200478 0.177729 0.0527432 0.0373336 0.0318909 0.0142505 0.0149659 0.0166563 0.0217959 0.0798694 0.0677717 0.0528807 0.04013 0.0224614 0.0357745 0.0225083 0.00881397 0.00855152 0.00135912 0.000746735 0 0
 0 0 0 0 5.4009e-05 0.00500934 0.000945158 0.0243581 0.138947 0.33067 0.221406 0.137944 0.0707744 0.0437923 0.0131692 0.00525238 0.0047753 0.00276346 9.45158e-05 9.00151e-06 2.25038e-05 9.00151e-06 4.50075e-06 0 0 0
 0.000866109 0.00284123 0.00948549 0.0512746 0.133035 0.25785 0.225252 0.132002 0.0553304 0.0519788 0.0540692 0.017754 0.00435017 0.00159236 0.00146478 0.000404838 0.000125132 0.000115318 0.000107957 0.000100596 0 0 0 0 0 0
 0 0 0 0 0.00144013 0.00171154 0.00461396 0.0210425 0.0478622 0.0707936 0.0888783 0.103762 0.0637923 0.0337046 0.0602308 0.124433 0.169614 0.0934646 0.0462172 0.0250306 0.0313229 0.00938855 0.002487 0.000210481 0 0
 0 0.00764035 0.051015 0.0998891 0.058973 0.0496711 0.0374665 0.0718981 0.12319 0.153886 0.159021 0.0857701 0.0377988 0.023471 0.0147837 0.00900784 0.00315554 0.000888139 0.00291439 0.00214683 0.00393193 0.00274676 0.000635225 9.99891e-05 0 0
 0 0 0 0 0 0 0 0 0 0 0 0 0 0 0 0 0 0 0 0 0 0 0 0 0 0
 0 0 0 0 0 0 0 0 0 0 0 0 0 0 0 0 0 0 0 0 0 0 0 0 0 0
 0 0 0 0 0 0 0 0 0 0 0 0 0 0 0 0 0 0 0 0 0 0 0 0 0 0
 0 0 0 0 0 0 0 0 0 0 0 0 0 0 0 0 0 0 0 0 0 0 0 0 0 0
 0 0 0 0 0 0 0 0 0 0 0 0 0 0 0 0 0 0 0 0 0 0 0 0 0 0
 0 0 0 0 0 0 0 0 0 0 0 0 0 0 0 0 0 0 0 0 0 0 0 0 0 0
 0 0 0 0 0 0 0 0 0 0 0 0 0 0 0 0 0 0 0 0 0 0 0 0 0 0
ppred_pel_tallas
 1.1172e-16 4.1211e-05 0.000400586 0.00266203 0.0121012 0.0376515 0.0802212 0.117089 0.117106 0.080305 0.0379341 0.0129229 0.00474503 0.00501561 0.00900451 0.0153383 0.0232945 0.0317969 0.0396867 0.0462935 0.0515742 0.0556313 0.0581062 0.0581099 0.0548113 0.0481579
 1.15495e-16 5.00736e-05 0.000486733 0.00323452 0.0147036 0.0457486 0.097473 0.142269 0.142288 0.0975671 0.0460649 0.0156187 0.00553691 0.0055316 0.00968819 0.0160929 0.0235601 0.0304772 0.0352804 0.0373729 0.0375021 0.0371802 0.0375891 0.0388289 0.0399946 0.0398611
 1.11803e-16 5.30622e-05 0.000515783 0.00342756 0.0155812 0.048479 0.103291 0.15076 0.150781 0.103394 0.0488278 0.0165894 0.00596208 0.00606134 0.0106232 0.0175806 0.0255676 0.0326915 0.0370764 0.0379141 0.0359489 0.0329258 0.030445 0.02912 0.0285427 0.027841
 1.07555e-16 5.63202e-05 0.000547452 0.00363801 0.0165379 0.0514556 0.109632 0.160016 0.160036 0.109731 0.0517855 0.0174915 0.00603514 0.00579164 0.0100494 0.0166134 0.0241384 0.0308083 0.0348135 0.0353395 0.0330325 0.0294963 0.0262371 0.0238958 0.0222252 0.0205967
 1.04468e-16 6.27153e-05 0.000609615 0.00405111 0.0184157 0.0572983 0.122081 0.178184 0.1782 0.12216 0.0575641 0.0191839 0.00598137 0.00483017 0.0080984 0.0133422 0.0193402 0.0245902 0.0276052 0.0277072 0.0254135 0.022041 0.0188581 0.0164575 0.0147204 0.0132048
 1.00456e-16 7.95315e-05 0.000773075 0.00513735 0.0233537 0.0726619 0.154814 0.225956 0.225959 0.154827 0.072704 0.0234753 0.00544288 0.00144056 0.00134871 0.00210779 0.00303801 0.00384015 0.0042685 0.0042118 0.00375353 0.00311094 0.00250006 0.00203276 0.00170594 0.0014583
 1.00932e-16 4.10012e-05 0.000398546 0.00264848 0.0120396 0.0374601 0.0798144 0.116501 0.116548 0.0800427 0.0382267 0.0142527 0.00819893 0.0125003 0.0229803 0.0378107 0.0541923 0.0675768 0.0733586 0.0694165 0.0574096 0.0417277 0.0269693 0.0158786 0.00891093 0.0050962
 1.07349e-16 4.29578e-05 0.000417565 0.00277487 0.0126142 0.0392474 0.0836217 0.122053 0.122078 0.0837402 0.0396461 0.0137693 0.00568819 0.00682279 0.0123401 0.0206766 0.0305775 0.040099 0.0472145 0.0508679 0.0514081 0.0499919 0.0475291 0.0441295 0.0394158 0.0332336
 1.04959e-16 6.8761e-05 0.000668382 0.00444163 0.020191 0.0628218 0.133849 0.195358 0.195367 0.133891 0.0629626 0.0205985 0.00546733 0.00291684 0.00436697 0.00718544 0.0105237 0.0136216 0.0157607 0.016635 0.0165177 0.0160214 0.0156433 0.0154646 0.0151968 0.0144615
 1.00705e-16 7.74578e-05 0.000752918 0.0050034 0.0227447 0.0707674 0.150778 0.220065 0.22007 0.150801 0.0708474 0.0229759 0.00558359 0.002019 0.00248067 0.00397515 0.00571146 0.00716771 0.00787113 0.00760885 0.00655339 0.00514835 0.00384516 0.00289329 0.00230467 0.00195384
 1.00264e-16 7.42682e-05 0.000721913 0.00479737 0.0218081 0.0678533 0.144569 0.211004 0.211013 0.144613 0.0679999 0.0222315 0.0058594 0.00303802 0.00446613 0.00724789 0.0103913 0.0129777 0.0141258 0.0134305 0.0112039 0.00827448 0.00550708 0.00341323 0.00207356 0.00130548
 1.00579e-16 6.84658e-05 0.000665512 0.00442256 0.0201043 0.0625521 0.133274 0.194521 0.194536 0.133346 0.0627932 0.0208006 0.0061697 0.00447757 0.00730243 0.0119485 0.0171684 0.0215095 0.0235381 0.0225883 0.0191538 0.0145557 0.0101635 0.00677391 0.00450177 0.0030648
 1.01377e-16 6.34777e-05 0.000617026 0.00410036 0.0186396 0.0579949 0.123565 0.180351 0.180369 0.123656 0.0582995 0.0195195 0.00630919 0.00544007 0.00922656 0.015161 0.0218516 0.0275129 0.0303633 0.029569 0.0257234 0.0204225 0.0152946 0.011249 0.00837578 0.00632599
 1.02229e-16 6.23657e-05 0.000606217 0.00402853 0.0183131 0.056979 0.1214 0.177191 0.17721 0.12149 0.0572802 0.0191834 0.00621448 0.00538244 0.0091458 0.0150536 0.0217544 0.0275122 0.0305932 0.0301852 0.0268566 0.0221274 0.0175197 0.0138391 0.0111077 0.00896377
 1.01709e-16 6.92212e-05 0.000672854 0.00447135 0.0203261 0.0632422 0.134745 0.196666 0.196678 0.134803 0.0634381 0.0208922 0.00589323 0.00377962 0.00597775 0.00979434 0.0141525 0.0179017 0.0199158 0.0196711 0.0175432 0.0145253 0.0116078 0.0093073 0.00762366 0.00630253
 1.00202e-16 8.01371e-05 0.000778961 0.00517647 0.0235315 0.0732152 0.155993 0.227677 0.227679 0.156004 0.0732516 0.0236367 0.00544044 0.00135518 0.00117439 0.0018144 0.00260526 0.0032745 0.00360429 0.00349564 0.00302247 0.00238022 0.00176837 0.00129827 0.000979382 0.000764616
 1.00903e-16 2.67062e-05 0.000259594 0.0017251 0.00784207 0.0243999 0.051989 0.0758927 0.075956 0.0522983 0.0254381 0.010839 0.00924162 0.0166473 0.0310883 0.0511911 0.0733598 0.0914505 0.0992198 0.0937898 0.0774077 0.0560274 0.0358946 0.0207489 0.0112293 0.0060372
 1.01116e-16 7.7954e-05 0.000757741 0.00503545 0.0228904 0.0712207 0.151743 0.221474 0.221476 0.151752 0.0712497 0.0229751 0.00525026 0.00123458 0.00100663 0.00160073 0.00243725 0.0033525 0.00422594 0.00498419 0.00560808 0.0060845 0.0063518 0.00630439 0.00586219 0.00504492
 1.01554e-16 5.25023e-05 0.000510342 0.0033914 0.0154168 0.0479677 0.102201 0.149173 0.149206 0.102363 0.0485099 0.0169821 0.00731739 0.0090704 0.0162792 0.0267505 0.0383459 0.0478379 0.0519823 0.0492994 0.040985 0.0301572 0.0200593 0.0125916 0.00800727 0.00554253
 1.04523e-16 5.26422e-05 0.000511701 0.00340043 0.0154579 0.0480954 0.102473 0.149567 0.14959 0.102584 0.0484669 0.0165328 0.00610494 0.00643674 0.0113669 0.0188678 0.0275434 0.0353979 0.0403968 0.0415415 0.0393688 0.0354134 0.0311196 0.0271143 0.0232806 0.0193156
 1.03489e-16 6.77683e-05 0.000658732 0.0043775 0.0198995 0.0619148 0.131916 0.192538 0.192549 0.131971 0.0620972 0.0204269 0.00570353 0.00356072 0.00560075 0.00920901 0.0133948 0.0171331 0.0194269 0.019823 0.0186605 0.0167908 0.0150006 0.0136042 0.0124518 0.0112229
 1.02128e-16 6.64492e-05 0.00064591 0.0042923 0.0195122 0.0607097 0.129349 0.188792 0.188807 0.129424 0.0609626 0.0202426 0.00612572 0.00464836 0.00766812 0.0125728 0.0181082 0.02278 0.0251139 0.0244361 0.0212718 0.0169848 0.0129556 0.00993595 0.00795448 0.0066397
 1.06308e-16 2.29474e-05 0.000223057 0.0014823 0.00673834 0.0209658 0.0446719 0.0652118 0.0652683 0.0449479 0.0218927 0.00941622 0.00820627 0.0149085 0.0279336 0.0461961 0.0666659 0.0840826 0.0930754 0.0911369 0.0800742 0.0647006 0.0498835 0.038273 0.030026 0.0239962
 1.05702e-16 6.76888e-05 0.000657959 0.00437237 0.0198762 0.0618421 0.131761 0.192311 0.192316 0.131786 0.0619252 0.020118 0.00498691 0.00202467 0.00273724 0.00461143 0.00708851 0.00986098 0.0126407 0.0152656 0.0177091 0.0199201 0.0216493 0.0224619 0.0219615 0.0200488
 1.05213e-16 5.52893e-05 0.000537432 0.00357143 0.0162352 0.0505139 0.107626 0.157089 0.157115 0.107754 0.0509422 0.0174721 0.00667526 0.00731002 0.0129091 0.0212336 0.0305406 0.0383329 0.0421241 0.0408151 0.0353802 0.0282374 0.0218088 0.0173726 0.0148706 0.0134782
 1.08798e-16 3.81671e-05 0.000370997 0.00246541 0.0112074 0.0348706 0.0742969 0.108446 0.108481 0.0744684 0.0354469 0.0128738 0.00665515 0.00954035 0.0175202 0.0290808 0.0423003 0.0540536 0.0611496 0.0620781 0.057824 0.0510251 0.044207 0.0385299 0.0337936 0.0292772
 1.05236e-16 6.79282e-05 0.000660286 0.00438784 0.0199465 0.0620609 0.132228 0.192992 0.193 0.132267 0.0621925 0.0203278 0.00534935 0.00277381 0.00412485 0.00682498 0.0100925 0.0132583 0.0156845 0.0170808 0.017637 0.017799 0.0178784 0.017832 0.0173586 0.0161763
 1.03149e-16 6.35419e-05 0.00061765 0.0041045 0.0186585 0.0580536 0.12369 0.180533 0.180551 0.123779 0.0583525 0.0195219 0.00627148 0.00534704 0.00904245 0.0148412 0.0213586 0.0268347 0.0295289 0.0286586 0.0248751 0.0198314 0.0151942 0.0118603 0.00983109 0.00859981
 1.07582e-16 2.51465e-05 0.000244433 0.00162434 0.00738406 0.0229748 0.0489522 0.0714581 0.07151 0.049206 0.0238271 0.00984681 0.00781014 0.0137612 0.0257343 0.0426038 0.061601 0.0779445 0.0867488 0.0857255 0.0764869 0.0633327 0.0505614 0.0404377 0.0330018 0.0271972
 1.20061e-16 3.23006e-05 0.000313973 0.00208646 0.00948478 0.0295108 0.0628765 0.0917739 0.0917925 0.0629676 0.029818 0.0103785 0.00435369 0.0053426 0.0098157 0.0167872 0.0256116 0.0352157 0.0444597 0.0527475 0.0601334 0.0667361 0.0720192 0.0746945 0.0734077 0.0676401
 1.05676e-16 7.36433e-05 0.000715839 0.004757 0.0216246 0.0672823 0.143352 0.209228 0.209232 0.143372 0.0673498 0.0218201 0.00524966 0.00179779 0.00214819 0.00348873 0.00515119 0.00677298 0.00805645 0.00891235 0.00952105 0.0101907 0.0111112 0.0121953 0.013115 0.0134824
pSPR Fmed_Fpbrs
0.504404   0.256554 0.256554
Fs Fmed_Fpbrs
0.439968   1.005 1.005
SSBpbr Bo_Bmed_Bpbrs
1.65692e+06  752912  342243 342243
Ro
120165
SPR SPRFo_SPRFmed_SPRFpbrs
857691 432623 220044
Fref
1.005
Nvult_r0
 160684 8845.5 4180.19 7231.02 2105.7
CTP_r0
 29200.9 2284.72 1104.2 1912.35 556.919
YTP_r0
391233
Np
 185535 36691.1 9328.51 418.568 220.859
Nvult_p0
 148844 31591.1 8070.17 362.199 191.118
CTP_p0
 57005.1 28500.5 1344.4 626.877 1361.83
 57005.1 15581.7 4041.69 181.543 95.7969
YTP_p0
 969150 773190
CBA_c0
910362
log_Ro
11.5166
likeval ReclasPelacesDesembMPH_pf_preclas_ppelaces_ptallas_desvR_qrecl_qpela
 15.4449 27.815 0.0368699 0.00220465 245.056 117.206 101.144 0 40.4034 0 0 0.0965515 0 0 0
q_reclas_q_pelaces
1 1
M
1
N
 123058 45519 78054.6 8334.75 0.198476
 105747 39273.9 13400.8 22822 2436.11
 76479.4 29664.8 9445.04 3180.83 5991.03
 50959.8 21384.9 7097.88 2230.15 2164.03
 34771.1 9447.16 2686.08 862.498 532.973
 252095 8178.07 1723.38 479.525 248.824
 46179 65500.5 1744 361.392 152.593
 14705.7 7693.41 6958.28 178.311 52.4404
 28687.7 4429.66 2068.66 1853 61.4171
 60342.2 4735.67 463.844 208.388 192.445
 91504.6 9997.38 498.724 47.0013 40.5293
 131677 29740.9 3028.59 150.181 26.3494
 103080 31224.1 5495.37 547.857 31.8964
 70349 25193.1 6049.4 1043.85 110.006
 62471.4 12188 2845.73 658.905 125.429
 450765 12636.3 1755.17 398.132 109.559
 51471.6 115822 2648.05 361.486 104.462
 735420 15222.2 30259.1 684.559 120.385
 356176 218891 4017.02 7903.79 210.136
 238842 99324.8 52153.2 944.374 1906.14
 430802 66578.2 23650.5 12253 669.2
 567937 127530 17420.5 6123.63 3343.91
 70749.4 160385 30991.4 4179.66 2269.92
 336775 22172.7 45890.3 8799.03 1830.37
 246602 106744 6457.57 13269.2 3072.28
 94340.8 78373 31219.3 1875.34 4743.87
 285112 30556.7 23613.7 9348.64 1981.44
 345247 89618.8 8783.79 6736.54 3230.91
 60864.5 112582 27289.2 2659.15 3016.51
 38782.2 20194.6 35226.8 8496.3 1766.59
 227796 11948.5 5625.53 9729.24 2833.16
pred_Ctot
 10424.5 5852.43 10316.5 1103.23 0.0262733
 16226.1 8897.34 3113.72 5309.95 566.845
 11860.6 6787.69 2216.43 747.439 1407.88
 16880.8 9685.62 3277.03 1030.69 1000.19
 8219.21 3184.19 925.939 297.674 183.957
 48145.2 2270.37 490.081 136.538 70.8541
 17011.2 32432.1 879.104 182.341 76.9948
 1712.03 1342.37 1246.77 31.9949 9.41021
 10655.3 2208.33 1049.78 941.232 31.1983
 22339.8 2354.55 234.765 105.571 97.4991
 6807.26 1133.38 58.1415 5.48761 4.73235
 30653.4 9887.32 1029.88 51.1308 8.97149
 22606.6 9835.77 1771.48 176.824 10.2954
 24983.3 12099.8 2959.21 511.12 53.8671
 18651.8 5049.23 1203.14 278.877 53.0901
 88460.7 3596.8 511.656 116.209 31.9807
 6494.62 21817.3 512.066 70.0003 20.2302
 90304.3 2794.26 5702.75 129.196 22.7218
 55719.2 50494.5 950.322 1872.35 49.7832
 37411.7 22940 12352.7 223.981 452.118
 54136.8 12492.8 4555.82 2363.61 129.099
 85232.5 28296 3964.76 1395.58 762.134
 6710.34 22995.7 4566.34 616.738 334.968
 29827.1 2975.99 6330.9 1215.67 252.904
 21470.3 14092.3 876.321 1803.33 417.567
 7204.2 9113.36 3732.87 224.567 568.11
 26574 4308.17 3421.49 1356.54 287.54
 25036.4 9911.08 999 767.309 368.038
 3805.58 10777 2687.35 262.261 297.53
 4042.26 3170.09 5680.89 1372.14 285.322
 29200.9 2284.72 1104.2 1912.35 556.919
F
 0.1421 0.222816 0.229683 0.230056 0.230076
 0.271086 0.42507 0.438169 0.438881 0.438919
 0.274336 0.430165 0.443422 0.444142 0.44418
 0.685323 1.0746 1.10772 1.10952 1.10961
 0.447332 0.701426 0.723042 0.724217 0.724279
 0.347747 0.545275 0.562079 0.562992 0.56304
 0.792161 1.24213 1.2804 1.28248 1.28259
 0.19991 0.313464 0.323124 0.323649 0.323677
 0.801347 1.25653 1.29525 1.29736 1.29747
 0.797709 1.25083 1.28937 1.29147 1.29158
 0.123866 0.194225 0.200211 0.200536 0.200553
 0.439163 0.688618 0.709839 0.710992 0.711053
 0.408942 0.64123 0.660991 0.662065 0.662121
 0.753017 1.18075 1.21713 1.21911 1.21922
 0.598135 0.937889 0.966792 0.968362 0.968445
 0.358893 0.562752 0.580094 0.581036 0.581086
 0.218272 0.342256 0.352803 0.353376 0.353406
 0.21187 0.332217 0.342455 0.343011 0.34304
 0.277029 0.434387 0.447774 0.448501 0.44854
 0.277426 0.435011 0.448417 0.449145 0.449184
 0.217299 0.34073 0.35123 0.3518 0.351831
 0.264435 0.41464 0.427418 0.428112 0.428149
 0.16028 0.251323 0.259068 0.259489 0.259511
 0.148984 0.23361 0.240809 0.2412 0.241221
 0.146296 0.229396 0.236465 0.236849 0.23687
 0.127328 0.199653 0.205806 0.20614 0.206158
 0.157317 0.246677 0.254279 0.254692 0.254714
 0.120582 0.189076 0.194902 0.195219 0.195236
 0.103232 0.161871 0.166859 0.16713 0.167144
 0.177358 0.278102 0.286672 0.287138 0.287162
 0.222089 0.34824 0.358972 0.359555 0.359586
YTP_r0W_actual
 242367 32214.6 30475.8 65402.4 20773.1
YTP_p0W_proyectada
 426968 446604 31096.1 18411.4 46070.8
 426968 244165 93484.3 5331.91 3240.81
CTP_r0_actual
 29200.9 2284.72 1104.2 1912.35 556.919
CTP_p0_proyectada
 57005.1 28500.5 1344.4 626.877 1361.83
 57005.1 15581.7 4041.69 181.543 95.7969
Wmedp
 7.49 15.67 23.13 29.37 33.83
Frms_r0
 0.222089 0.34824 0.358972 0.359555 0.359586
Zrms_r0
 1.22209 1.34824 1.35897 1.35956 1.35959
nmprior
 8.19 8.8 8.5 0
nm_flota  nm_reclas  nm_pelaces    nm_pelaL
inf 15.1369 10.6452 21.642
cv_recla  cv_pelaces  cv_mph
0.355482 0.598015 1.44902
 ------------------------------------------------
Talla a la edad & desviaci?n 
 8 13.2811 15.8009 17.003 17.5766
 0.8 1.32811 1.58009 1.7003 1.75766
