years
 1991 1992 1993 1994 1995 1996 1997 1998 1999 2000 2001 2002 2003 2004 2005 2006 2007 2008 2009 2010 2011 2012 2013 2014 2015 2016 2017 2018 2019 2020 2021
reclasobs
 0 0 0 0 0 0 0 0 0 252601 567819 844713 477998 351125 339783 2.1784e+06 2.13404e+06 4.81314e+06 1.55562e+06 2.62356e+06 3.21686e+06 3.843e+06 1.13348e+06 3.07943e+06 1.97215e+06 2.03268e+06 2.025e+06 2.42433e+06 2.27542e+06 1.05018e+06 2.36338e+06
reclaspred
 2.78055e+06 1.48299e+06 718744 405270 216559 1.34213e+06 587514 357701 260178 213356 395749 610055 594745 414211 363960 1.62414e+06 1.29217e+06 3.67395e+06 2.97543e+06 1.97147e+06 3.62926e+06 3.0121e+06 2.0534e+06 3.36794e+06 2.36597e+06 1.90499e+06 2.58563e+06 3.15423e+06 2.41619e+06 1.22023e+06 1.76808e+06
pelacesobs
 0 0 0 0 0 0 0 0 0 0 0 0 0 0 0 552880 188675 0 991730 2.46772e+06 1.41603e+06 1.21717e+06 2.29649e+06 1.80582e+06 0 1.4828e+06 1.56532e+06 1.57751e+06 1.42118e+06 867257 1.10002e+06
pelacespred
 829450 463654 212518 86732.2 51767.2 397609 129197 116058 65842.3 52258 118124 151412 164824 113339 101875 420223 336179 1.15013e+06 927435 565008 1.05236e+06 897571 620574 1.14658e+06 761347 613830 962196 1.14763e+06 728532 421422 585393
mphobs
 0 0 0 0 0 0 0 0 0 0 0 498337 0 5186 125008 0 168611 109162 213762 579715 649985 157893 87575 83554 0 0 0 0 0 0 0
mphpred
 449368 263817 124141 61509.1 27252.3 19633.6 122129 43642.6 28386.1 15775 13804.1 45361.5 53256.8 41197.3 22006.4 26409.9 183945 136055 367612 260822 245293 328089 316148 220397 333260 254093 188650 237299 388039 233718 110826
desembarqueobs
 494567 514787 250237 358949 120608 361735 552515 73892 212993 205616 52469 317467 293654 387597 252695 516296 358380 742168 942051 627588 828172 859565 418607 520667 417249 300574 415391 372974 316634 284311 391294
desembarquepred
 494529 514781 249752 358912 120586 361609 552092 73885.4 212904 205533 52466.6 317371 293537 387261 252547 516057 358333 741851 941272 627064 828000 859190 418506 520592 417143 300489 415285 372873 316553 284225 391208
Reclutas
 107364 103989 79166.9 50772.1 31978.9 258902 44151.2 13988.6 27740 49494.2 72068 121744 95617.2 67686.9 54852.5 416608 44470.7 651600 340265 228672 395838 515740 62500.9 292669 213696 85004.9 256420 311137 54642.4 33490 194058
log_desv_Rt
 -0.0216711 -0.0536118 -0.326337 -0.770547 -1.23282 0.858556 -0.910275 -2.05965 -1.37502 -0.796039 -0.420284 0.104022 -0.137542 -0.483001 -0.693247 1.33425 -0.903065 1.78154 1.13183 0.734394 1.28311 1.54771 -0.562714 0.981149 0.666662 -0.255185 0.848923 1.04234 -0.697085 -1.18665 0.570264
SSB
 1.70473e+06 1.00082e+06 470943 233342 103385 74482.1 463311 165563 107686 59844.2 52367.3 172084 202036 156287 83483.6 100189 697815 516140 1.39458e+06 989456 930546 1.24464e+06 1.19934e+06 836101 1.26426e+06 963930 715666 900221 1.47207e+06 886635 420429
BT
 2.34434e+06 1.57711e+06 727238 493075 219453 1.23485e+06 778291 334824 356723 313802 316383 610617 643849 660643 487395 1.38048e+06 1.05633e+06 3.31769e+06 3.03522e+06 1.87847e+06 3.10408e+06 2.86804e+06 1.7957e+06 3.13468e+06 2.15034e+06 1.68689e+06 2.65028e+06 3.02353e+06 1.94444e+06 1.2628e+06 1.73108e+06
Ftot
 0.26541 0.520041 0.52576 1.29027 0.888324 0.576744 1.2845 0.331177 1.37246 1.66697 0.275683 0.926158 0.855232 1.56336 1.29373 0.678363 0.420308 0.407856 0.526976 0.525102 0.408424 0.497314 0.307878 0.290354 0.288412 0.251579 0.302615 0.226627 0.193689 0.342385 0.425981
BD_Bspro_t
 0.958716 0.723718 0.49614 0.355875 0.190781 0.187934 0.474685 0.213786 0.197489 0.146988 0.165138 0.466222 0.373616 0.279171 0.168097 0.200639 0.510082 0.425348 0.60077 0.486328 0.42895 0.498154 0.519159 0.471193 0.603572 0.597067 0.584109 0.660789 0.741306 0.638949 0.504279
BD_Bspro
 2.17373 1.27616 0.600507 0.297538 0.131828 0.0949734 0.590776 0.211112 0.137312 0.0763084 0.0667745 0.219427 0.257619 0.199284 0.106451 0.127753 0.889796 0.658139 1.77825 1.26167 1.18656 1.58706 1.5293 1.06613 1.61208 1.22912 0.912558 1.14789 1.87706 1.13056 0.536096
BD_Bo
 1.09502 0.64287 0.302507 0.149885 0.0664084 0.0478431 0.297605 0.106348 0.0691711 0.0384405 0.0336378 0.110537 0.129776 0.10039 0.0536251 0.0643557 0.448237 0.331539 0.895796 0.63557 0.59773 0.799487 0.77039 0.537063 0.812087 0.619174 0.459703 0.57825 0.945574 0.569524 0.27006
BD_Brms
 5.22193 3.06572 1.44259 0.714774 0.316688 0.228154 1.41922 0.507154 0.329863 0.183315 0.160412 0.527129 0.618877 0.478738 0.255727 0.306899 2.13755 1.58104 4.27187 3.03091 2.85045 3.81259 3.67384 2.56115 3.87268 2.95272 2.19223 2.75756 4.50925 2.71595 1.28786
Sel_flota
 0.606781 0.967018 0.998208 0.999906 0.999995
 0.606781 0.967018 0.998208 0.999906 0.999995
 0.606781 0.967018 0.998208 0.999906 0.999995
 0.606781 0.967018 0.998208 0.999906 0.999995
 0.606781 0.967018 0.998208 0.999906 0.999995
 0.606781 0.967018 0.998208 0.999906 0.999995
 0.606781 0.967018 0.998208 0.999906 0.999995
 0.606781 0.967018 0.998208 0.999906 0.999995
 0.606781 0.967018 0.998208 0.999906 0.999995
 0.606781 0.967018 0.998208 0.999906 0.999995
 0.606781 0.967018 0.998208 0.999906 0.999995
 0.606781 0.967018 0.998208 0.999906 0.999995
 0.606781 0.967018 0.998208 0.999906 0.999995
 0.606781 0.967018 0.998208 0.999906 0.999995
 0.606781 0.967018 0.998208 0.999906 0.999995
 0.606781 0.967018 0.998208 0.999906 0.999995
 0.606781 0.967018 0.998208 0.999906 0.999995
 0.606781 0.967018 0.998208 0.999906 0.999995
 0.606781 0.967018 0.998208 0.999906 0.999995
 0.606781 0.967018 0.998208 0.999906 0.999995
 0.606781 0.967018 0.998208 0.999906 0.999995
 0.606781 0.967018 0.998208 0.999906 0.999995
 0.606781 0.967018 0.998208 0.999906 0.999995
 0.606781 0.967018 0.998208 0.999906 0.999995
 0.606781 0.967018 0.998208 0.999906 0.999995
 0.606781 0.967018 0.998208 0.999906 0.999995
 0.606781 0.967018 0.998208 0.999906 0.999995
 0.606781 0.967018 0.998208 0.999906 0.999995
 0.606781 0.967018 0.998208 0.999906 0.999995
 0.606781 0.967018 0.998208 0.999906 0.999995
 0.606781 0.967018 0.998208 0.999906 0.999995
Sel_reclas
 1 1 1 1 1
 1 1 1 1 1
 1 1 1 1 1
 1 1 1 1 1
 1 1 1 1 1
 1 1 1 1 1
 1 1 1 1 1
 1 1 1 1 1
 1 1 1 1 1
 1 1 1 1 1
 1 1 1 1 1
 1 1 1 1 1
 1 1 1 1 1
 1 1 1 1 1
 1 1 1 1 1
 1 1 1 1 1
 1 1 1 1 1
 1 1 1 1 1
 1 1 1 1 1
 1 1 1 1 1
 1 1 1 1 1
 1 1 1 1 1
 1 1 1 1 1
 1 1 1 1 1
 1 1 1 1 1
 1 1 1 1 1
 1 1 1 1 1
 1 1 1 1 1
 1 1 1 1 1
 1 1 1 1 1
 1 1 1 1 1
Sel_pelaces
 1 1 1 1 1
 1 1 1 1 1
 1 1 1 1 1
 1 1 1 1 1
 1 1 1 1 1
 1 1 1 1 1
 1 1 1 1 1
 1 1 1 1 1
 1 1 1 1 1
 1 1 1 1 1
 1 1 1 1 1
 1 1 1 1 1
 1 1 1 1 1
 1 1 1 1 1
 1 1 1 1 1
 1 1 1 1 1
 1 1 1 1 1
 1 1 1 1 1
 1 1 1 1 1
 1 1 1 1 1
 1 1 1 1 1
 1 1 1 1 1
 1 1 1 1 1
 1 1 1 1 1
 1 1 1 1 1
 1 1 1 1 1
 1 1 1 1 1
 1 1 1 1 1
 1 1 1 1 1
 1 1 1 1 1
 1 1 1 1 1
pf_obs 
 0.8446 0.082 0.0669 0.0065 0
 0.8095 0.147 0.0364 0.0071 0
 0.9664 0.0169 0.016 0.0007 0
 0.9276 0.0648 0.0075 0.0001 0
 0.7033 0.2144 0.0806 0.0017 0
 0.9318 0.0425 0.0243 0.0014 0
 0.5671 0.3108 0.0964 0.0239 0.0018
 0.0768 0.2599 0.5324 0.112 0.0189
 0.490249 0.384438 0.106611 0.0170017 0.00170017
 0.7925 0.1577 0.0466 0.003 0.0002
 0.840416 0.127587 0.0312969 0.00059994 9.999e-05
 0.8084 0.0986 0.0794 0.0134 0.0002
 0.7335 0.1905 0.0724 0.0035 0.0001
 0.4001 0.4547 0.1325 0.0127 0
 0.49795 0.308269 0.164784 0.0264974 0.00249975
 0.9179 0.0499 0.0305 0.0017 0
 0.2467 0.6533 0.0926 0.0074 0
 0.9418 0.0223 0.034 0.0019 0
 0.707729 0.231977 0.0356964 0.0245975 0
 0.517169 0.277429 0.184464 0.0207286 0.00020938
 0.811772 0.124168 0.05621 0.00726502 0.000585176
 0.764997 0.148141 0.077277 0.00933861 0.000247198
 0.163321 0.427699 0.378323 0.0303852 0.000271297
 0.753843 0.0900009 0.118128 0.0371064 0.000921714
 0.721811 0.176058 0.0630433 0.0369309 0.00215725
 0.143369 0.312575 0.442814 0.0836902 0.0175525
 0.692698 0.0596174 0.167031 0.0765114 0.00414204
 0.394062 0.376323 0.152708 0.0712218 0.00568511
 0.125707 0.32114 0.495352 0.0537591 0.00404204
 0.23352 0.215282 0.420074 0.123614 0.00750983
 0.774587 0.0839891 0.0768558 0.0609784 0.00358967
pf_pred 
 0.371404 0.213969 0.37256 0.0420659 9.8589e-07
 0.509913 0.244403 0.0856015 0.143869 0.0162139
 0.554285 0.289398 0.0795911 0.0267712 0.0499553
 0.548772 0.310974 0.0924004 0.0243926 0.0234611
 0.656576 0.248563 0.0665575 0.0186672 0.00963675
 0.95276 0.0371684 0.00738774 0.00188483 0.000799407
 0.320051 0.661663 0.0145166 0.00276668 0.00100293
 0.380711 0.30816 0.30322 0.00628217 0.00162622
 0.714866 0.14626 0.0703926 0.066744 0.00173727
 0.878224 0.103374 0.0097221 0.00440663 0.00427308
 0.870308 0.122466 0.00619596 0.000545214 0.000484962
 0.779112 0.202677 0.0172309 0.000841128 0.000139576
 0.696493 0.26473 0.0357223 0.00289077 0.000164089
 0.665372 0.272636 0.0543992 0.006996 0.000596723
 0.774685 0.185041 0.0331997 0.00621067 0.000863818
 0.964801 0.0309801 0.00350047 0.000592837 0.000125931
 0.222312 0.762375 0.0135481 0.00146534 0.00030017
 0.917931 0.0268641 0.0541579 0.000926211 0.000120448
 0.538657 0.438826 0.00756151 0.0146729 0.000282983
 0.532638 0.313736 0.146422 0.00242264 0.00478126
 0.741864 0.172442 0.0582878 0.0261236 0.00128237
 0.717394 0.235051 0.0321748 0.0104682 0.00491184
 0.192411 0.65858 0.12477 0.0164115 0.00782785
 0.74053 0.0737652 0.152445 0.0278583 0.00540145
 0.561952 0.362922 0.0219134 0.0436979 0.00951539
 0.363164 0.43323 0.169745 0.00989032 0.0239707
 0.752411 0.120185 0.0876427 0.0331594 0.00660182
 0.682546 0.265565 0.0256617 0.0180532 0.00817433
 0.215837 0.610422 0.146172 0.0136469 0.0139216
 0.276461 0.223899 0.391855 0.0907082 0.0170758
 0.836455 0.0647424 0.0313664 0.0529111 0.0145248
pobs_RECLAS
 0 0 0 0 0
 0 0 0 0 0
 0 0 0 0 0
 0 0 0 0 0
 0 0 0 0 0
 0 0 0 0 0
 0 0 0 0 0
 0 0 0 0 0
 0 0 0 0 0
 0 0 0 0 0
 0.991045 0.00858322 0.000360255 1.14367e-05 0
 0.934742 0.0480273 0.0164251 0.00080598 0
 0.827803 0.169806 0.00239088 0 0
 0.941827 0.0461693 0.0120037 0 0
 0.791401 0.0380133 0.147996 0.0225897 0
 0.846168 0.0940531 0.0597789 0 0
 0.134021 0.677848 0.182769 0.00536245 0
 0.80878 0.0450904 0.141981 0.00414843 0
 0.846168 0.0940531 0.0597789 0 0
 0.905697 0.0802665 0.012482 0.00150086 5.37128e-05
 0.989698 0.0102097 9.19794e-05 0 0
 0.975433 0.0193895 0.00387452 0.00125025 5.28907e-05
 0.303575 0.632131 0.0575291 0.00676475 0
 0.966965 0.00978017 0.0227588 0.000495775 0
 0.843318 0.132988 0.00938335 0.0141283 0.000182051
 0.564624 0.303363 0.111486 0.0197234 0.00080311
 0.826376 0.0876187 0.0782897 0.00655872 0.00115652
 0.89761 0.0855135 0.0140674 0.00269457 0.000114338
 0.34875 0.467042 0.161289 0.0227151 0.000203297
 0.318654 0.224769 0.449479 0.00709798 0
 0.937255 0.0296025 0.0250945 0.00804832 0
ppred_RECLAS
 0.492688 0.176437 0.297358 0.0335163 7.85442e-07
 0.632824 0.186311 0.0630917 0.105846 0.0119276
 0.672093 0.215481 0.0572959 0.0192372 0.0358933
 0.678537 0.224242 0.064096 0.0168853 0.0162387
 0.762657 0.173498 0.044822 0.0125469 0.00647657
 0.970737 0.0231914 0.00445551 0.00113466 0.000481194
 0.446768 0.538911 0.0113744 0.0021633 0.000784116
 0.502031 0.251887 0.239838 0.00496028 0.00128391
 0.815286 0.0966165 0.0447017 0.0422949 0.00110077
 0.927881 0.061614 0.00555611 0.00251266 0.00243622
 0.915396 0.0800347 0.00391923 0.000344271 0.000306197
 0.855115 0.133331 0.0109336 0.000532691 8.83849e-05
 0.792861 0.181489 0.0236328 0.00190879 0.000108338
 0.778634 0.181721 0.0347992 0.00446545 0.000380836
 0.855865 0.119189 0.0205709 0.00384019 0.000534059
 0.978356 0.0191285 0.00208794 0.000352956 7.49683e-05
 0.316645 0.670333 0.0115229 0.00124409 0.000254824
 0.948756 0.0171509 0.0334476 0.000571007 7.42488e-05
 0.655731 0.328016 0.00546455 0.0105846 0.000204117
 0.652341 0.23596 0.10647 0.00175843 0.00347006
 0.824705 0.118407 0.0387167 0.0173213 0.000850199
 0.805874 0.162378 0.0214926 0.00698009 0.00327486
 0.278652 0.591801 0.108505 0.0142471 0.00679486
 0.824731 0.0510131 0.102034 0.0186134 0.00360864
 0.675077 0.270747 0.0158222 0.0314962 0.00685778
 0.480912 0.356814 0.135328 0.00787126 0.0190755
 0.832789 0.0825589 0.0582654 0.022006 0.00438084
 0.776391 0.188067 0.0175928 0.0123552 0.00559382
 0.307815 0.542681 0.125817 0.0117261 0.0119611
 0.386877 0.194119 0.328741 0.0759642 0.014299
 0.894298 0.0427192 0.0200194 0.0337101 0.00925297
pobs_PELACES
 0 0 0 0 0
 0 0 0 0 0
 0 0 0 0 0
 0 0 0 0 0
 0 0 0 0 0
 0 0 0 0 0
 0 0 0 0 0
 0 0 0 0 0
 0 0 0 0 0
 0 0 0 0 0
 0 0 0 0 0
 0 0 0 0 0
 0 0 0 0 0
 0 0 0 0 0
 0 0 0 0 0
 0 0 0 0 0
 0.505614 0.472636 0.0217494 0 0
 0 0 0 0 0
 0.443492 0.261883 0.143347 0.151278 0
 0.227955 0.32914 0.350689 0.0885471 0.00366901
 0.970185 0.0296113 0.000203453 0 0
 0.997202 0.00247181 0.000326279 0 0
 0.445219 0.490057 0.0546422 0.010081 0
 0.90214 0.0892962 0.00764917 0.000914606 0
 0 0 0 0 0
 0.581667 0.319106 0.0959925 0.00289975 0.000334073
 0.762889 0.0836404 0.116647 0.0363945 0.000428098
 0.88444 0.0763242 0.0277011 0.0115352 0
 0.521256 0.241999 0.230069 0.00667565 0
 0.616807 0.101726 0.260614 0.0208532 0
 0.833518 0.0704572 0.0857862 0.0102388 0
ppred_PELACES
 0.501023 0.173849 0.292198 0.0329297 7.7169e-07
 0.647689 0.179256 0.0603786 0.101265 0.0114112
 0.686126 0.206652 0.0546518 0.018344 0.0342263
 0.711877 0.201806 0.056922 0.0149846 0.0144102
 0.781665 0.160001 0.040959 0.0114599 0.00591529
 0.972656 0.0216974 0.00414382 0.00105494 0.000447379
 0.484831 0.502006 0.0104563 0.00198726 0.00072028
 0.512292 0.247112 0.234491 0.0048488 0.00125504
 0.839536 0.0845129 0.0385533 0.0364494 0.000948596
 0.940212 0.0512095 0.00453931 0.00205091 0.00198843
 0.917911 0.0776671 0.00379251 0.000333088 0.000296249
 0.868316 0.121274 0.00985053 0.000479676 7.95864e-05
 0.809231 0.167329 0.021598 0.00174361 9.89601e-05
 0.809452 0.156873 0.0295614 0.00379002 0.000323216
 0.874074 0.104373 0.0177755 0.00331593 0.000461132
 0.980015 0.0176764 0.00191601 0.00032377 6.87678e-05
 0.327572 0.659669 0.0112907 0.00121872 0.000249625
 0.951193 0.0163812 0.0318126 0.00054297 7.06023e-05
 0.669791 0.314703 0.00521441 0.0100971 0.000194713
 0.666746 0.226576 0.101685 0.00167891 0.00331308
 0.831808 0.113766 0.0370434 0.0165689 0.000813258
 0.815084 0.154806 0.0203857 0.00661876 0.00310529
 0.286185 0.585957 0.107093 0.0140594 0.00670526
 0.829966 0.0495952 0.0989021 0.0180392 0.00349727
 0.682663 0.264561 0.0154149 0.0306804 0.00668011
 0.488585 0.351826 0.133091 0.00774007 0.0187574
 0.837956 0.0801359 0.0563795 0.0212901 0.00423829
 0.781098 0.184178 0.0171889 0.01207 0.00546465
 0.312836 0.538979 0.124709 0.0116217 0.0118545
 0.397158 0.19133 0.322877 0.0745948 0.0140411
 0.899236 0.040834 0.0190522 0.0320738 0.00880373
pobs_pel_tallas
 0 0 0 0 0 0 0 0 0 0 0 0 0 0 0 0 0 0 0 0 0 0 0 0 0 0
 0 0 0 0 0 0 0 0 0 0 0 0 0 0 0 0 0 0 0 0 0 0 0 0 0 0
 0 0 0 0 0 0 0 0 0 0 0 0 0 0 0 0 0 0 0 0 0 0 0 0 0 0
 0 0 0 0 0 0 0 0 0 0 0 0 0 0 0 0 0 0 0 0 0 0 0 0 0 0
 0 0 0 0 0 0 0 0 0 0 0 0 0 0 0 0 0 0 0 0 0 0 0 0 0 0
 0 0 0 0 0 0 0 0 0 0 0 0 0 0 0 0 0 0 0 0 0 0 0 0 0 0
 0 0 0 0 0 0 0 0 0 0 0 0 0 0 0 0 0 0 0 0 0 0 0 0 0 0
 0 0 0 0 0 0 0 0 0 0 0 0 0 0 0 0 0 0 0 0 0 0 0 0 0 0
 0 0 0 0 0 0 0 0 0 0 0 0 0 0 0 0 0 0 0 0 0 0 0 0 0 0
 0 0 0 0 0 0 0 0 0 0 0 0 0 0 0 0 0 0 0 0 0 0 0 0 0 0
 0 0 0 0 0 0 0 0 0 0 0 0 0 0 0 0 0 0 0 0 0 0 0 0 0 0
 0 0 0 0 0 0 0 0 0 0 0 0 0 0 0 0 0 0 0 0 0 0 0 0 0 0
 0.00862536 0 0 0.000197151 0.00414017 0.0128641 0.00837892 0.0270097 0.101434 0.158115 0.152841 0.127902 0.109271 0.109419 0.0830992 0.0579132 0.0238553 0.00714673 0.00463305 0.00128148 0.00103504 0.000492878 0.000147863 0.000147863 4.92878e-05 0
 0 0 0 0 0 0 0 0 0 0 0 0 0 0 0 0 0 0 0 0 0 0 0 0 0 0
 0 0 0 0 0 0 0 0.0054083 0.00873648 0.0413646 0.0450493 0.0745869 0.0622846 0.0627006 0.0613931 0.0827291 0.12552 0.122667 0.0946155 0.0697135 0.0546179 0.0294188 0.0215738 0.0213955 0.0102223 0.00600262
 0 0 0 0 0.00359764 0.0251062 0.0480494 0.140153 0.205849 0.193036 0.1447 0.116669 0.0760912 0.0342217 0.00950174 0.001854 0.000860785 0 0 0 0.000165536 0 0.000143464 0 0 0
 0 0 0 0 0 0 0 0.000145254 0.000435761 0.0275982 0.070085 0.0708112 0.156366 0.174668 0.174014 0.160142 0.0824315 0.0480064 0.0283245 0.00493863 0.00203355 0 0 0 0 0
 0 0 0 0 0 0 0 0 0 0 0 0 0 0 0 0 0 0 0 0 0 0 0 0 0 0
 0 0 1.00437e-05 0.000401748 0.00122533 0.00171747 0.00176769 0.0269171 0.070346 0.194647 0.189555 0.159765 0.064822 0.0314167 0.0384472 0.0292271 0.0345202 0.0313363 0.0194345 0.0106764 0.0143323 0.0359363 0.0279516 0.0138201 0.00172751 0
 0 0.0021121 0.0136068 0.0755702 0.200478 0.177729 0.0527432 0.0373336 0.0318909 0.0142505 0.0149659 0.0166563 0.0217959 0.0798694 0.0677717 0.0528807 0.04013 0.0224614 0.0357745 0.0225083 0.00881397 0.00855152 0.00135912 0.000746735 0 0
 0 0 0 0 5.4009e-05 0.00500934 0.000945158 0.0243581 0.138947 0.33067 0.221406 0.137944 0.0707744 0.0437923 0.0131692 0.00525238 0.0047753 0.00276346 9.45158e-05 9.00151e-06 2.25038e-05 9.00151e-06 4.50075e-06 0 0 0
 0.000866109 0.00284123 0.00948549 0.0512746 0.133035 0.25785 0.225252 0.132002 0.0553304 0.0519788 0.0540692 0.017754 0.00435017 0.00159236 0.00146478 0.000404838 0.000125132 0.000115318 0.000107957 0.000100596 0 0 0 0 0 0
 0 0 0 0 0.00144013 0.00171154 0.00461396 0.0210425 0.0478622 0.0707936 0.0888783 0.103762 0.0637923 0.0337046 0.0602308 0.124433 0.169614 0.0934646 0.0462172 0.0250306 0.0313229 0.00938855 0.002487 0.000210481 0 0
 0 0.00764035 0.051015 0.0998891 0.058973 0.0496711 0.0374665 0.0718981 0.12319 0.153886 0.159021 0.0857701 0.0377988 0.023471 0.0147837 0.00900784 0.00315554 0.000888139 0.00291439 0.00214683 0.00393193 0.00274676 0.000635225 9.99891e-05 0 0
 0 0 0 0 0 0 0 0 0 0 0 0 0 0 0 0 0 0 0 0 0 0 0 0 0 0
 0 0 0 0 0 0 0 0 0 0 0 0 0 0 0 0 0 0 0 0 0 0 0 0 0 0
 0 0 0 0 0 0 0 0 0 0 0 0 0 0 0 0 0 0 0 0 0 0 0 0 0 0
 0 0 0 0 0 0 0 0 0 0 0 0 0 0 0 0 0 0 0 0 0 0 0 0 0 0
 0 0 0 0 0 0 0 0 0 0 0 0 0 0 0 0 0 0 0 0 0 0 0 0 0 0
 0 0 0 0 0 0 0 0 0 0 0 0 0 0 0 0 0 0 0 0 0 0 0 0 0 0
 0 0 0 0 0 0 0 0 0 0 0 0 0 0 0 0 0 0 0 0 0 0 0 0 0 0
ppred_pel_tallas
 1.1178e-16 4.12686e-05 0.000401146 0.00266575 0.0121181 0.0377041 0.0803333 0.117252 0.11727 0.0804174 0.0379879 0.012943 0.00475667 0.00503284 0.00903446 0.0153832 0.0233489 0.0318448 0.0397031 0.0462529 0.0514627 0.0554571 0.0579001 0.0579166 0.054673 0.0480997
 1.13875e-16 5.33493e-05 0.000518575 0.00344611 0.0156655 0.0487414 0.103849 0.151575 0.151592 0.103934 0.0490268 0.016491 0.00552313 0.00506945 0.00874725 0.0145156 0.021247 0.027478 0.0317946 0.0336556 0.0337338 0.0333948 0.0337102 0.0347791 0.0357955 0.0356629
 1.09262e-16 5.65153e-05 0.000549349 0.00365062 0.0165952 0.0516339 0.110012 0.16057 0.16059 0.11011 0.0519618 0.0175428 0.00603173 0.00575609 0.0099714 0.0164663 0.0238871 0.030416 0.0342535 0.0346144 0.0322005 0.0286935 0.0256778 0.0238328 0.0228744 0.0220514
 1.05636e-16 5.86364e-05 0.000569967 0.00378763 0.017218 0.0535718 0.114141 0.166596 0.166616 0.114236 0.0538919 0.0181434 0.00611287 0.00565419 0.00973883 0.0160719 0.0232994 0.0296259 0.0332617 0.0333909 0.0306383 0.0265932 0.0227876 0.0199391 0.0179055 0.0161496
 1.03374e-16 6.43847e-05 0.000625842 0.00415894 0.018906 0.0588236 0.12533 0.182927 0.182942 0.125406 0.0590772 0.0196391 0.00600067 0.00465152 0.00772519 0.0127098 0.0183981 0.0233383 0.0260943 0.0260054 0.0235623 0.020036 0.01667 0.0140767 0.0121934 0.0106385
 1.00307e-16 8.01164e-05 0.00077876 0.00517514 0.0235254 0.0731963 0.155953 0.227618 0.22762 0.155963 0.0732307 0.0236247 0.00542432 0.00132303 0.00111468 0.0017183 0.00247294 0.0031211 0.00346011 0.00339818 0.00300348 0.00245476 0.00193125 0.00152811 0.00124657 0.00103922
 1.00752e-16 3.9935e-05 0.000388182 0.00257961 0.0117266 0.0364859 0.0777389 0.113472 0.113521 0.0779748 0.0372777 0.0140121 0.00831187 0.0128856 0.0237273 0.0390382 0.0559393 0.0697284 0.0756429 0.0714892 0.0589846 0.0426754 0.0273295 0.0158013 0.0085755 0.00465437
 1.07529e-16 4.21969e-05 0.000410169 0.00272572 0.0123907 0.0385523 0.0821406 0.119892 0.119916 0.0822586 0.0389495 0.0135417 0.00562953 0.00679742 0.0123134 0.0206548 0.0305948 0.040221 0.0475331 0.0514782 0.0523712 0.051298 0.0490823 0.0457642 0.0409437 0.0344994
 1.04951e-16 6.91515e-05 0.000672177 0.00446685 0.0203057 0.0631785 0.134609 0.196467 0.196475 0.134649 0.0633133 0.0206956 0.00544839 0.00282409 0.00418358 0.00688058 0.0100822 0.0130619 0.0151368 0.0160183 0.0159704 0.0155773 0.0153065 0.0152219 0.0150306 0.014356
 1.00687e-16 7.7444e-05 0.000752783 0.00500251 0.0227407 0.0707548 0.150751 0.220026 0.220031 0.150775 0.0708357 0.0229743 0.00558877 0.00203204 0.0025054 0.00401532 0.00576762 0.00723472 0.0079381 0.00766229 0.00658211 0.00514747 0.00381706 0.00284565 0.00224723 0.00189562
 1.00213e-16 7.56071e-05 0.000734928 0.00488386 0.0222013 0.0690766 0.147175 0.214808 0.214816 0.147212 0.0691991 0.0225552 0.0057715 0.00267071 0.00374624 0.00605845 0.00868431 0.010845 0.0118031 0.0112195 0.00935537 0.00690347 0.00458706 0.00283429 0.00171307 0.00107104
 1.00377e-16 7.15221e-05 0.00069522 0.00461998 0.0210018 0.0653444 0.139224 0.203203 0.203215 0.139281 0.0655359 0.0215547 0.00600738 0.0037218 0.00581326 0.00948062 0.0136106 0.0170311 0.0185982 0.0177822 0.0149805 0.0112543 0.00770728 0.00498629 0.00318985 0.0020907
 1.00858e-16 6.66553e-05 0.000647913 0.00430561 0.0195727 0.060898 0.12975 0.189378 0.189394 0.129829 0.0611625 0.0203366 0.00622284 0.00483234 0.00801093 0.0131308 0.0188905 0.0237143 0.0260396 0.0251385 0.0215423 0.0166749 0.0120034 0.00836774 0.0058746 0.00421675
 1.01329e-16 6.66735e-05 0.00064809 0.00430679 0.019578 0.0609147 0.129786 0.189429 0.189444 0.12986 0.0611629 0.0202953 0.00610775 0.00458121 0.00754105 0.0123733 0.0178447 0.0224943 0.0248753 0.0243108 0.0212811 0.017075 0.0130009 0.00977917 0.00746761 0.00577675
 1.00951e-16 7.19964e-05 0.00069983 0.00465062 0.021141 0.0657777 0.140147 0.20455 0.20456 0.140196 0.0659428 0.0216181 0.00584827 0.003315 0.00504068 0.00822444 0.0118523 0.014928 0.0164864 0.0160791 0.0140321 0.0112129 0.00850235 0.0063858 0.00489906 0.00383815
 1.00105e-16 8.07225e-05 0.000784652 0.00521429 0.0237034 0.0737501 0.157132 0.22934 0.229341 0.157141 0.073778 0.0237841 0.00541671 0.00122637 0.000919117 0.00139038 0.00199184 0.00249771 0.00273831 0.00263691 0.00225086 0.00173254 0.00123898 0.000860108 0.000606718 0.000444164
 1.00659e-16 2.69818e-05 0.000262273 0.0017429 0.00792301 0.0246518 0.0525255 0.0766759 0.0767393 0.0528355 0.0256921 0.0109261 0.00927443 0.0166817 0.0311458 0.0512779 0.0734664 0.0915456 0.0992513 0.0936963 0.0771391 0.0555645 0.0352579 0.0199942 0.0104318 0.00527172
 1.00989e-16 7.83485e-05 0.000761575 0.00506093 0.0230063 0.0715811 0.152511 0.222595 0.222596 0.152519 0.0716079 0.0230844 0.00525924 0.00120166 0.000935078 0.00147622 0.00224485 0.00308347 0.00387919 0.00456361 0.00511969 0.00553757 0.00576391 0.0057051 0.0052902 0.00453847
 1.01277e-16 5.51698e-05 0.00053627 0.00356371 0.0162001 0.0504047 0.107394 0.156751 0.156781 0.107542 0.0509011 0.017633 0.00715754 0.00837191 0.014908 0.0244843 0.0350922 0.0437689 0.0475409 0.0450511 0.037393 0.0274236 0.018118 0.0112255 0.00698836 0.00471576
 1.03722e-16 5.49191e-05 0.000533833 0.00354751 0.0161265 0.0501756 0.106905 0.156036 0.156058 0.107012 0.0505361 0.017169 0.0061695 0.00627418 0.011005 0.0182312 0.0265452 0.0339745 0.0385161 0.0391953 0.0365682 0.0322042 0.0276134 0.0235037 0.0198134 0.0162317
 1.02898e-16 6.8515e-05 0.00066599 0.00442574 0.0201188 0.062597 0.13337 0.19466 0.194671 0.133424 0.0627777 0.0206411 0.00573869 0.00353829 0.00554165 0.00910085 0.0132166 0.0168602 0.0190309 0.0192694 0.0179115 0.0158153 0.0137913 0.0121927 0.0109126 0.00966138
 1.01818e-16 6.71374e-05 0.0006526 0.00433676 0.0197143 0.0613385 0.130689 0.190747 0.190762 0.130762 0.0615833 0.0204212 0.00611127 0.00452621 0.0074234 0.0121651 0.0175159 0.022024 0.0242584 0.0235632 0.0204445 0.0162238 0.0122425 0.00923865 0.00725261 0.00593728
 1.05785e-16 2.35728e-05 0.000229136 0.00152269 0.00692197 0.0215371 0.0458892 0.0669885 0.067045 0.0461654 0.0224645 0.00960088 0.00824878 0.0149177 0.0279358 0.0461873 0.066626 0.0839749 0.0928472 0.0907278 0.079432 0.0638004 0.048742 0.0369508 0.0286167 0.0226046
 1.05268e-16 6.83632e-05 0.000664515 0.00441594 0.0200742 0.0624583 0.133074 0.194227 0.194232 0.133098 0.0625399 0.0203116 0.00501896 0.00200475 0.00268369 0.00451145 0.0069199 0.00959693 0.0122507 0.0147172 0.0169736 0.0189843 0.0205286 0.0212077 0.0206549 0.0187834
 1.0472e-16 5.62301e-05 0.000546577 0.0036322 0.0165115 0.0513734 0.109457 0.159762 0.159787 0.109582 0.0517912 0.017718 0.00665977 0.00715244 0.0125926 0.0207065 0.0297752 0.0373561 0.0410175 0.039681 0.0342925 0.0272117 0.0208102 0.0163514 0.0138007 0.0123754
 1.07882e-16 4.02442e-05 0.000391188 0.00259958 0.0118174 0.0367683 0.0783401 0.114347 0.114381 0.0785065 0.0373274 0.0134338 0.00666337 0.00928319 0.0169885 0.0281799 0.0409587 0.0522744 0.0590153 0.0597084 0.0553173 0.0484296 0.04154 0.0358223 0.0311196 0.0267472
 1.045e-16 6.90214e-05 0.000670912 0.00445845 0.0202675 0.0630596 0.134356 0.196097 0.196105 0.134394 0.063188 0.0206391 0.00539516 0.00272841 0.00401393 0.00662499 0.00976894 0.012776 0.0150082 0.0161732 0.016461 0.0163311 0.0161299 0.0158649 0.0152845 0.0141354
 1.02679e-16 6.43381e-05 0.000625389 0.00415593 0.0188923 0.0587809 0.12524 0.182795 0.182812 0.125326 0.059072 0.0197327 0.0062651 0.00522824 0.00880183 0.0144391 0.0207717 0.0260792 0.0286608 0.0277484 0.0239721 0.0189429 0.0142931 0.0109131 0.00882649 0.00756128
 1.06909e-16 2.5768e-05 0.000250474 0.00166449 0.00756656 0.0235427 0.0501621 0.0732239 0.0732759 0.0504163 0.0243965 0.0100337 0.00786085 0.0137888 0.0257714 0.0426523 0.0616431 0.0779379 0.0866272 0.0854095 0.0759051 0.062445 0.0493748 0.0390093 0.0314269 0.0255896
 1.19224e-16 3.27134e-05 0.000317986 0.00211313 0.00960599 0.0298879 0.06368 0.0929468 0.0929657 0.0637727 0.0302005 0.0105153 0.00441909 0.00543001 0.00997103 0.017034 0.025944 0.0355831 0.0447635 0.0528601 0.0599332 0.0661416 0.0710085 0.0733084 0.0717407 0.065824
 1.05267e-16 7.40689e-05 0.000719976 0.00478449 0.0217496 0.0676712 0.144181 0.210437 0.210441 0.1442 0.0677364 0.0219386 0.00526069 0.00176567 0.00207875 0.00337045 0.00497369 0.00653362 0.00775935 0.00856099 0.00910951 0.0097014 0.0105225 0.0114956 0.0123153 0.0126198
pSPR Fmed_Fpbrs
0.455761   0.259696 0.259696
Fs Fmed_Fpbrs
0.521264   1.005 1.005
SSBpbr Bo_Bmed_Bpbrs
1.5568e+06  631690  326455 326455
Ro
109716
SPR SPRFo_SPRFmed_SPRFpbrs
784242 357427 203665
Fref
1.005
Nvult_r0
 138929 7570.15 3586.42 6042.63 1658.67
CTP_r0
 28534.5 2208.59 1070.02 1804.99 495.491
YTP_r0
391208
Np
 164064 55129.3 2438.94 1135.39 2370.35
Nvult_p0
 131264 47455.4 2109.92 982.481 2051.16
CTP_p0
 49724.1 23389 1056.64 492.443 1028.14
YTP_p0
 825144
CBA_c0
521389
log_Ro
11.4256
likeval ReclasPelacesDesembMPH_pf_preclas_ppelaces_ptallas_desvR_qrecl_qpela
 10.9407 39.8178 0.0440401 0.000905858 246.847 116.598 101.878 0 40.1708 7.37851e-06 0 0.0792861 0 0 0
q_reclas_q_pelaces
1.46949 1
M
1
N
 107364 40330.8 68253.6 7694.84 0.180328
 103989 33621.9 11478.3 19265.1 2171
 79166.9 27902.9 7480.43 2512.68 4688.35
 50772.1 21169 6173.79 1628.19 1565.94
 31978.9 8537.24 2236.3 626.477 323.393
 258902 6862.41 1330.31 338.948 143.747
 44151.2 67120.7 1445.33 275.189 99.7514
 13988.6 7449.96 7130.33 147.509 38.1816
 27740 4209.27 1989.64 1884.71 49.0545
 49494.2 4437.51 410.697 185.994 180.349
 72068 6621.82 325.662 28.6133 25.4492
 121744 22428.5 1865.97 90.9828 15.0966
 95617.2 25532.2 3369.35 272.336 15.4577
 67686.9 20934.8 4107.92 527.831 45.0192
 54852.5 9643.4 1698.28 317.383 44.1414
 416608 9204 1015.33 171.736 36.478
 44470.7 101548 1757.07 189.772 38.8713
 651600 12677.1 24880.5 424.898 55.2511
 340265 187158 3143.67 6091.89 117.481
 228672 90918.7 41361.8 683.424 1348.69
 395838 61170.6 20129.4 9008.75 442.194
 515740 113656 15160.8 4925.82 2311.11
 62500.9 140308 25848.9 3394.96 1619.17
 292669 19074.8 38325.7 6993.24 1355.81
 213696 90275.2 5299.38 10551.7 2297.49
 85004.9 65993.3 25127.5 1461.84 3542.7
 256420 26844.4 19034.9 7191.03 1431.57
 311137 78507.7 7370.03 5176.86 2343.85
 54642.4 99755.3 23197.5 2162.36 2205.71
 33490 17872.9 30429.7 7033.62 1323.98
 194058 10009.1 4721.81 7953.79 2183.25
pred_Ctot
 10228.6 5892.75 10260.4 1158.51 0.0271516
 18250.1 8747.32 3063.73 5149.16 580.305
 14027.5 7323.91 2014.25 677.51 1264.24
 18546.2 10509.6 3122.74 824.366 792.885
 8796.69 3330.2 891.726 250.1 129.111
 49716.7 1939.52 385.505 98.3535 41.7145
 16075.7 33234.5 729.149 138.967 50.3758
 1636.34 1324.51 1303.27 27.0015 6.98967
 10588.2 2166.31 1042.61 988.573 25.7315
 21558.6 2537.63 238.658 108.174 104.895
 7113.68 1001 50.6442 4.45644 3.96396
 34615.4 9004.78 765.556 37.3707 6.20124
 25514.9 9697.96 1308.63 105.899 6.01113
 28256.5 11578.1 2310.19 297.101 25.3412
 20075.3 4795.17 860.34 160.944 22.3851
 91869.5 2949.96 333.319 56.4506 11.9913
 6460.75 22155.9 393.729 42.5851 8.72345
 92137.7 2696.5 5436.12 92.9687 12.09
 60413 49216.4 848.061 1645.63 31.738
 40473.8 23840 11126.3 184.091 363.316
 56042.6 13026.8 4403.23 1973.45 96.8739
 87028.7 28514.6 3903.2 1269.92 595.866
 6835.63 23396.8 4432.59 583.04 278.094
 30316.8 3019.9 6240.99 1140.5 221.132
 21998.7 14207.3 857.841 1710.64 372.498
 7702.59 9188.68 3600.23 209.771 508.412
 27600.5 4408.72 3214.97 1216.38 242.173
 25553.7 9942.43 960.743 675.889 306.037
 3866.94 10936.3 2618.82 244.497 249.419
 4039.08 3271.15 5724.98 1325.24 249.477
 28534.5 2208.59 1070.02 1804.99 495.491
F
 0.161046 0.256656 0.264934 0.265385 0.265408
 0.315551 0.502888 0.519109 0.519991 0.520038
 0.319021 0.50842 0.524818 0.525711 0.525758
 0.78291 1.24771 1.28796 1.29015 1.29026
 0.539018 0.859025 0.886733 0.88824 0.88832
 0.349958 0.557722 0.575711 0.57669 0.576742
 0.779411 1.24214 1.2822 1.28438 1.2845
 0.200952 0.320254 0.330583 0.331146 0.331175
 0.83278 1.32719 1.37 1.37233 1.37245
 1.01149 1.61199 1.66398 1.66681 1.66696
 0.167279 0.26659 0.275189 0.275656 0.275681
 0.561975 0.895611 0.924498 0.926071 0.926153
 0.518938 0.827024 0.853699 0.855151 0.855227
 0.94862 1.5118 1.56056 1.56322 1.56336
 0.78501 1.25106 1.29141 1.29361 1.29372
 0.411618 0.655989 0.677148 0.678299 0.67836
 0.255035 0.406445 0.419555 0.420268 0.420306
 0.247479 0.394404 0.407125 0.407817 0.407854
 0.319759 0.509595 0.526031 0.526926 0.526973
 0.318622 0.507783 0.524161 0.525053 0.5251
 0.247824 0.394953 0.407692 0.408386 0.408422
 0.30176 0.480911 0.496422 0.497267 0.497311
 0.186814 0.297723 0.307326 0.307848 0.307876
 0.176181 0.280777 0.289834 0.290327 0.290353
 0.175003 0.2789 0.287895 0.288385 0.288411
 0.152653 0.243281 0.251128 0.251555 0.251578
 0.183621 0.292634 0.302073 0.302587 0.302614
 0.137513 0.219152 0.226221 0.226605 0.226626
 0.117527 0.187301 0.193342 0.193671 0.193688
 0.207752 0.331092 0.341771 0.342352 0.342383
 0.258477 0.411931 0.425217 0.425941 0.425979
YTP_r0W_actual
 242543 36000.1 30923.5 62813.5 18927.8
YTP_p0W_proyectada
 373925 377031 24704.3 14527.1 34956.6
CTP_r0_actual
 28534.5 2208.59 1070.02 1804.99 495.491
CTP_p0_proyectada
 49724.1 23389 1056.64 492.443 1028.14
Wmedp
 7.52 16.12 23.38 29.5 34
Frms_r0
 0.258477 0.411931 0.425217 0.425941 0.425979
Zrms_r0
 1.25848 1.41193 1.42522 1.42594 1.42598
nmprior
 8.19 8.8 8.5 0
nm_flota  nm_reclas  nm_pelaces    nm_pelaL
inf 17.1534 10.6335 21.6113
cv_recla  cv_pelaces  cv_mph
0.29919 0.715502 0.928828
 ------------------------------------------------
Talla a la edad & desviaci?n 
 8 13.2811 15.8009 17.003 17.5766
 0.8 1.32811 1.58009 1.7003 1.75766
