years
 1991 1992 1993 1994 1995 1996 1997 1998 1999 2000 2001 2002 2003 2004 2005 2006 2007 2008 2009 2010 2011 2012 2013 2014 2015 2016 2017 2018 2019 2020 2021
reclasobs
 0 0 0 0 0 0 0 0 0 252601 567819 844713 477998 351125 339783 2.1784e+06 2.13404e+06 4.81314e+06 1.55562e+06 2.62356e+06 3.21686e+06 3.843e+06 1.13348e+06 3.07943e+06 1.97215e+06 2.03268e+06 2.025e+06 2.42433e+06 2.27542e+06 1.05018e+06 2.36338e+06
reclaspred
 3.52115e+06 2.03329e+06 1.04355e+06 1.20057e+06 1.30563e+06 1.9798e+06 1.41343e+06 1.27445e+06 911002 656761 596659 694671 689438 574238 577421 1.18262e+06 1.24308e+06 2.48197e+06 2.07912e+06 1.57739e+06 2.79712e+06 2.28623e+06 1.90335e+06 2.92579e+06 2.20842e+06 1.96929e+06 2.25423e+06 2.29507e+06 1.93612e+06 1.31329e+06 1.99462e+06
pelacesobs
 0 0 0 0 0 0 0 0 0 0 0 0 0 0 0 552880 188675 0 991730 2.46772e+06 1.41603e+06 1.21717e+06 2.29649e+06 1.80582e+06 0 1.4828e+06 1.56532e+06 1.57751e+06 1.42118e+06 867257 1.10002e+06
pelacespred
 2.77209e+06 1.80365e+06 942271 794272 906407 1.36364e+06 1.0729e+06 1.04443e+06 772735 536244 469483 460913 493044 437350 430867 695524 818004 1.64465e+06 1.57948e+06 1.14326e+06 1.79406e+06 1.69688e+06 1.44752e+06 2.17822e+06 1.76854e+06 1.54709e+06 1.86261e+06 1.88466e+06 1.46714e+06 1.10442e+06 1.46995e+06
mphobs
 0 0 0 0 0 0 0 0 0 0 0 498337 0 5186 125008 0 168611 109162 213762 579715 649985 157893 87575 83554 0 0 0 0 0 0 0
mphpred
 529897 358354 185930 102106 136052 161068 211772 153596 129794 91162.5 59403.3 68938.2 71994.4 63552.8 47975.3 57667.9 137138 144039 245550 193583 209070 256881 246302 211956 293366 241197 201145 206577 274103 195617 133565
desembarqueobs
 494567 514787 250237 358949 120608 361735 552515 73892 212993 205616 52469 317467 293654 387597 252695 516296 358380 742168 942051 627588 828172 859565 418607 520667 417249 300574 415391 372974 316634 284311 391294
desembarquepred
 494572 512816 251358 358961 120610 361746 552570 73894.1 213028 205652 52470.7 317535 293713 387674 252709 516314 358411 742126 942009 627552 828269 859660 418631 520695 417262 300585 415405 372977 316642 284329 391302
Reclutas
 266908 156897 153371 371303 298556 450150 190219 92884.5 77617.5 94950.8 159950 198720 170282 120897 124345 556148 159955 846196 526573 394205 598731 808592 189721 538152 440864 208417 436444 474829 160709 124573 452506
log_desv_Rt
 0.0417209 -0.489593 -0.512325 0.371834 0.153774 0.564396 -0.297008 -1.01383 -1.19339 -0.991826 -0.470326 -0.25329 -0.407731 -0.750243 -0.722123 0.77585 -0.470295 1.19557 0.721206 0.431685 0.849627 1.15011 -0.299632 0.742955 0.543553 -0.205645 0.533475 0.61777 -0.465587 -0.72029 0.569616
SSB
 5.31033e+06 3.59122e+06 1.86329e+06 1.02325e+06 1.36344e+06 1.61414e+06 2.12226e+06 1.53925e+06 1.30072e+06 913580 595307 690861 721487 636890 480782 577916 1.37432e+06 1.44348e+06 2.46077e+06 1.93999e+06 2.09518e+06 2.57432e+06 2.4683e+06 2.12411e+06 2.93995e+06 2.41715e+06 2.01576e+06 2.0702e+06 2.74691e+06 1.96036e+06 1.33851e+06
BT
 6.95253e+06 4.76643e+06 2.48026e+06 2.38598e+06 2.36024e+06 3.90771e+06 3.07475e+06 2.67988e+06 2.11847e+06 1.53056e+06 1.26427e+06 1.46169e+06 1.54471e+06 1.55666e+06 1.42099e+06 2.37544e+06 2.31191e+06 5.21217e+06 4.95893e+06 3.42598e+06 5.46146e+06 5.14988e+06 3.92312e+06 6.40986e+06 4.74533e+06 4.12734e+06 5.41857e+06 5.41118e+06 3.75397e+06 2.95694e+06 4.40602e+06
Ftot
 0.0799409 0.142358 0.136491 0.175242 0.0538218 0.107455 0.221099 0.0335707 0.134544 0.179195 0.0521104 0.263609 0.245651 0.385951 0.256952 0.260014 0.165627 0.17763 0.260444 0.229201 0.172884 0.218351 0.125953 0.105692 0.109274 0.0881635 0.108932 0.096572 0.0929894 0.123818 0.117177
BD_Bspro_t
 0.987291 0.903651 0.796655 0.733594 0.757517 0.814334 0.810229 0.717562 0.755151 0.726791 0.697813 0.796293 0.69773 0.625096 0.541406 0.585079 0.680683 0.679132 0.733016 0.654377 0.629564 0.673054 0.688314 0.690963 0.778516 0.784698 0.792596 0.814731 0.842708 0.797478 0.75778
BD_Bspro
 2.90201 1.96254 1.01826 0.55919 0.745095 0.882098 1.15978 0.841176 0.710823 0.499256 0.325325 0.377544 0.394281 0.34805 0.262739 0.315821 0.751044 0.788836 1.34477 1.06017 1.14498 1.40682 1.34888 1.16079 1.60663 1.32093 1.10158 1.13133 1.50114 1.0713 0.731475
BD_Bo
 2.05996 1.39309 0.722798 0.396935 0.528898 0.626148 0.823258 0.5971 0.50457 0.354391 0.230929 0.267995 0.279876 0.247059 0.186503 0.224182 0.533121 0.559947 0.954568 0.75255 0.812752 0.998617 0.957491 0.823973 1.14045 0.937648 0.781944 0.803064 1.06557 0.760454 0.51923
BD_Brms
 14.6686 9.91994 5.14691 2.8265 3.76618 4.45868 5.86227 4.25184 3.59295 2.52356 1.6444 1.90835 1.99295 1.75927 1.32805 1.59636 3.79626 3.98728 6.79731 5.35877 5.78746 7.11097 6.81812 5.86736 8.12094 6.67682 5.56808 5.71847 7.58771 5.41505 3.69734
Sel_flota
 0.903178 1 1 1 1
 0.903178 1 1 1 1
 0.903178 1 1 1 1
 0.903178 1 1 1 1
 0.903178 1 1 1 1
 0.903178 1 1 1 1
 0.903178 1 1 1 1
 0.903178 1 1 1 1
 0.903178 1 1 1 1
 0.903178 1 1 1 1
 0.903178 1 1 1 1
 0.903178 1 1 1 1
 0.903178 1 1 1 1
 0.903178 1 1 1 1
 0.903178 1 1 1 1
 0.903178 1 1 1 1
 0.903178 1 1 1 1
 0.903178 1 1 1 1
 0.903178 1 1 1 1
 0.903178 1 1 1 1
 0.903178 1 1 1 1
 0.903178 1 1 1 1
 0.903178 1 1 1 1
 0.903178 1 1 1 1
 0.903178 1 1 1 1
 0.903178 1 1 1 1
 0.903178 1 1 1 1
 0.903178 1 1 1 1
 0.903178 1 1 1 1
 0.903178 1 1 1 1
 0.903178 1 1 1 1
Sel_reclas
 1 1 1 1 1
 1 1 1 1 1
 1 1 1 1 1
 1 1 1 1 1
 1 1 1 1 1
 1 1 1 1 1
 1 1 1 1 1
 1 1 1 1 1
 1 1 1 1 1
 1 1 1 1 1
 1 1 1 1 1
 1 1 1 1 1
 1 1 1 1 1
 1 1 1 1 1
 1 1 1 1 1
 1 1 1 1 1
 1 1 1 1 1
 1 1 1 1 1
 1 1 1 1 1
 1 1 1 1 1
 1 1 1 1 1
 1 1 1 1 1
 1 1 1 1 1
 1 1 1 1 1
 1 1 1 1 1
 1 1 1 1 1
 1 1 1 1 1
 1 1 1 1 1
 1 1 1 1 1
 1 1 1 1 1
 1 1 1 1 1
Sel_pelaces
 0.746772 1 1 1 1
 0.746772 1 1 1 1
 0.746772 1 1 1 1
 0.746772 1 1 1 1
 0.746772 1 1 1 1
 0.746772 1 1 1 1
 0.746772 1 1 1 1
 0.746772 1 1 1 1
 0.746772 1 1 1 1
 0.746772 1 1 1 1
 0.746772 1 1 1 1
 0.746772 1 1 1 1
 0.746772 1 1 1 1
 0.746772 1 1 1 1
 0.746772 1 1 1 1
 0.746772 1 1 1 1
 0.746772 1 1 1 1
 0.746772 1 1 1 1
 0.746772 1 1 1 1
 0.746772 1 1 1 1
 0.746772 1 1 1 1
 0.746772 1 1 1 1
 0.746772 1 1 1 1
 0.746772 1 1 1 1
 0.746772 1 1 1 1
 0.746772 1 1 1 1
 0.746772 1 1 1 1
 0.746772 1 1 1 1
 0.746772 1 1 1 1
 0.746772 1 1 1 1
 0.746772 1 1 1 1
pf_obs 
 0.8446 0.082 0.0669 0.0065 0
 0.8095 0.147 0.0364 0.0071 0
 0.9664 0.0169 0.016 0.0007 0
 0.9276 0.0648 0.0075 0.0001 0
 0.7033 0.2144 0.0806 0.0017 0
 0.9318 0.0425 0.0243 0.0014 0
 0.5671 0.3108 0.0964 0.0239 0.0018
 0.0768 0.2599 0.5324 0.112 0.0189
 0.490249 0.384438 0.106611 0.0170017 0.00170017
 0.7925 0.1577 0.0466 0.003 0.0002
 0.840416 0.127587 0.0312969 0.00059994 9.999e-05
 0.8084 0.0986 0.0794 0.0134 0.0002
 0.7335 0.1905 0.0724 0.0035 0.0001
 0.4001 0.4547 0.1325 0.0127 0
 0.49795 0.308269 0.164784 0.0264974 0.00249975
 0.9179 0.0499 0.0305 0.0017 0
 0.2467 0.6533 0.0926 0.0074 0
 0.9418 0.0223 0.034 0.0019 0
 0.707729 0.231977 0.0356964 0.0245975 0
 0.517169 0.277429 0.184464 0.0207286 0.00020938
 0.811772 0.124168 0.05621 0.00726502 0.000585176
 0.764997 0.148141 0.077277 0.00933861 0.000247198
 0.163321 0.427699 0.378323 0.0303852 0.000271297
 0.753843 0.0900009 0.118128 0.0371064 0.000921714
 0.721811 0.176058 0.0630433 0.0369309 0.00215725
 0.143369 0.312575 0.442814 0.0836902 0.0175525
 0.692698 0.0596174 0.167031 0.0765114 0.00414204
 0.394062 0.376323 0.152708 0.0712218 0.00568511
 0.125707 0.32114 0.495352 0.0537591 0.00404204
 0.23352 0.215282 0.420074 0.123614 0.00750983
 0.774587 0.0839891 0.0768558 0.0609784 0.00358967
pf_pred 
 0.429453 0.101423 0.446729 0.0223936 7.3644e-07
 0.4155 0.266352 0.0565556 0.249105 0.0124875
 0.548335 0.199835 0.114757 0.0243669 0.112707
 0.795702 0.117537 0.0383862 0.0220437 0.0263304
 0.653368 0.281915 0.0372333 0.0121599 0.0153239
 0.725353 0.185861 0.0722094 0.00953691 0.00703968
 0.462526 0.401134 0.0922646 0.0358461 0.00822892
 0.418561 0.285556 0.220828 0.0507923 0.0242636
 0.48558 0.228402 0.140469 0.108628 0.0369211
 0.636617 0.186401 0.07858 0.0483272 0.0500751
 0.763385 0.156674 0.0410065 0.0172869 0.0216476
 0.716316 0.221781 0.0409888 0.0107281 0.010186
 0.665868 0.247096 0.0680439 0.0125756 0.00641659
 0.604135 0.273616 0.0904048 0.0248952 0.00694868
 0.696003 0.19259 0.0770028 0.0254423 0.0089617
 0.909696 0.065031 0.0160111 0.00640168 0.0028602
 0.452329 0.50323 0.0320029 0.00787935 0.00455793
 0.879392 0.0578963 0.0576231 0.00366454 0.00142415
 0.617425 0.340791 0.0200578 0.0199632 0.00176295
 0.601982 0.256585 0.125986 0.00741512 0.00803187
 0.743953 0.161109 0.0612022 0.030051 0.00368451
 0.749315 0.191689 0.0371211 0.0141016 0.00777297
 0.351948 0.499131 0.113875 0.0220521 0.0129948
 0.7472 0.0953569 0.121263 0.0276657 0.0085146
 0.630258 0.283602 0.032492 0.0413194 0.0123281
 0.457145 0.355608 0.143623 0.0164548 0.0271684
 0.730088 0.130573 0.091277 0.036865 0.0111971
 0.689574 0.233082 0.0374159 0.0261556 0.0137723
 0.393209 0.43208 0.131181 0.0210581 0.0224719
 0.465695 0.223896 0.221034 0.0671068 0.0222681
 0.831604 0.0829978 0.0357855 0.0353279 0.0142848
pobs_RECLAS
 0 0 0 0 0
 0 0 0 0 0
 0 0 0 0 0
 0 0 0 0 0
 0 0 0 0 0
 0 0 0 0 0
 0 0 0 0 0
 0 0 0 0 0
 0 0 0 0 0
 0 0 0 0 0
 0.991045 0.00858322 0.000360255 1.14367e-05 0
 0.934742 0.0480273 0.0164251 0.00080598 0
 0.827803 0.169806 0.00239088 0 0
 0.941827 0.0461693 0.0120037 0 0
 0.791401 0.0380133 0.147996 0.0225897 0
 0.846168 0.0940531 0.0597789 0 0
 0.134021 0.677848 0.182769 0.00536245 0
 0.80878 0.0450904 0.141981 0.00414843 0
 0.846168 0.0940531 0.0597789 0 0
 0.905697 0.0802665 0.012482 0.00150086 5.37128e-05
 0.989698 0.0102097 9.19794e-05 0 0
 0.975433 0.0193895 0.00387452 0.00125025 5.28907e-05
 0.303575 0.632131 0.0575291 0.00676475 0
 0.966965 0.00978017 0.0227588 0.000495775 0
 0.843318 0.132988 0.00938335 0.0141283 0.000182051
 0.564624 0.303363 0.111486 0.0197234 0.00080311
 0.826376 0.0876187 0.0782897 0.00655872 0.00115652
 0.89761 0.0855135 0.0140674 0.00269457 0.000114338
 0.34875 0.467042 0.161289 0.0227151 0.000203297
 0.318654 0.224769 0.449479 0.00709798 0
 0.937255 0.0296025 0.0250945 0.00804832 0
ppred_RECLAS
 0.454733 0.0969296 0.426936 0.0214014 7.0381e-07
 0.44074 0.25485 0.0541134 0.238348 0.0119483
 0.573709 0.188608 0.10831 0.022998 0.106375
 0.812006 0.108158 0.0353229 0.0202846 0.0242292
 0.676156 0.263381 0.0347856 0.0113605 0.0143165
 0.745347 0.172331 0.0669529 0.00884266 0.00652722
 0.488444 0.381791 0.0878154 0.0341175 0.00783211
 0.443598 0.273259 0.211319 0.0486052 0.0232188
 0.511332 0.216968 0.133437 0.10319 0.0350728
 0.660203 0.174302 0.0734795 0.0451904 0.0468248
 0.781358 0.144773 0.0378917 0.0159738 0.0200033
 0.73705 0.205571 0.037993 0.00994401 0.00944154
 0.688642 0.230254 0.0634061 0.0117185 0.00597925
 0.629178 0.256307 0.0846857 0.0233203 0.0065091
 0.71762 0.178895 0.0715271 0.0236331 0.00832443
 0.917912 0.059114 0.0145543 0.00581921 0.00259996
 0.478036 0.47961 0.0305008 0.00750952 0.004344
 0.889943 0.0528314 0.0525821 0.00334396 0.00129956
 0.641763 0.319111 0.0187818 0.0186932 0.00165079
 0.626625 0.240699 0.118186 0.00695602 0.00753458
 0.763153 0.149028 0.056613 0.0277976 0.00340823
 0.768325 0.177153 0.0343061 0.0130322 0.00718354
 0.375771 0.480782 0.109689 0.0212415 0.0125171
 0.766112 0.0882229 0.112191 0.025596 0.0078776
 0.653874 0.265488 0.0304167 0.0386802 0.0115407
 0.482695 0.338871 0.136864 0.0156803 0.0258897
 0.749858 0.121009 0.0845913 0.0341648 0.010377
 0.711114 0.216909 0.0348197 0.0243407 0.0128167
 0.417947 0.414465 0.125833 0.0201996 0.0215558
 0.491374 0.213136 0.210411 0.0638815 0.0211979
 0.845522 0.0761379 0.0328278 0.032408 0.0131042
pobs_PELACES
 0 0 0 0 0
 0 0 0 0 0
 0 0 0 0 0
 0 0 0 0 0
 0 0 0 0 0
 0 0 0 0 0
 0 0 0 0 0
 0 0 0 0 0
 0 0 0 0 0
 0 0 0 0 0
 0 0 0 0 0
 0 0 0 0 0
 0 0 0 0 0
 0 0 0 0 0
 0 0 0 0 0
 0 0 0 0 0
 0.505614 0.472636 0.0217494 0 0
 0 0 0 0 0
 0.443492 0.261883 0.143347 0.151278 0
 0.227955 0.32914 0.350689 0.0885471 0.00366901
 0.970185 0.0296113 0.000203453 0 0
 0.997202 0.00247181 0.000326279 0 0
 0.445219 0.490057 0.0546422 0.010081 0
 0.90214 0.0892962 0.00764917 0.000914606 0
 0 0 0 0 0
 0.581667 0.319106 0.0959925 0.00289975 0.000334073
 0.762889 0.0836404 0.116647 0.0363945 0.000428098
 0.88444 0.0763242 0.0277011 0.0115352 0
 0.521256 0.241999 0.230069 0.00667565 0
 0.616807 0.101726 0.260614 0.0208532 0
 0.833518 0.0704572 0.0857862 0.0102388 0
ppred_PELACES
 0.384378 0.109436 0.482022 0.0241628 7.94621e-07
 0.371542 0.286383 0.0608089 0.267839 0.0134266
 0.502341 0.220184 0.126443 0.0268482 0.124184
 0.764354 0.135573 0.0442764 0.0254262 0.0303707
 0.609661 0.317462 0.0419281 0.0136932 0.0172561
 0.686839 0.211924 0.0823354 0.0108743 0.00802686
 0.417958 0.434397 0.0999153 0.0388185 0.00891128
 0.373438 0.307716 0.237965 0.0547341 0.0261466
 0.439705 0.24877 0.152995 0.118315 0.0402136
 0.593374 0.208583 0.087931 0.0540782 0.056034
 0.727757 0.180265 0.0471812 0.0198899 0.0249073
 0.678551 0.251305 0.0464455 0.0121563 0.011542
 0.62472 0.277525 0.0764234 0.0141243 0.00720679
 0.561937 0.302783 0.100042 0.0275489 0.00768938
 0.656763 0.21745 0.0869423 0.0287264 0.0101185
 0.893845 0.076446 0.0188216 0.00752538 0.00336226
 0.407426 0.54449 0.0346268 0.00852538 0.00493164
 0.858616 0.0678697 0.0675494 0.0042958 0.00166948
 0.574284 0.37922 0.0223196 0.0222143 0.00196174
 0.558011 0.284931 0.139904 0.0082343 0.00891919
 0.707562 0.184007 0.0699007 0.0343221 0.00420818
 0.713789 0.218855 0.0423817 0.0161 0.00887453
 0.310987 0.530679 0.121072 0.0234459 0.0138161
 0.710512 0.109196 0.138862 0.0316807 0.00975029
 0.586038 0.31752 0.036378 0.0462611 0.0138025
 0.411341 0.385613 0.155742 0.0178432 0.0294608
 0.691969 0.149013 0.104168 0.0420713 0.0127785
 0.648372 0.264018 0.042382 0.0296272 0.0156003
 0.349729 0.463041 0.140581 0.022567 0.0240821
 0.420056 0.243021 0.239914 0.0728389 0.0241702
 0.804026 0.09659 0.0416459 0.0411134 0.0166242
pobs_pel_tallas
 0 0 0 0 0 0 0 0 0 0 0 0 0 0 0 0 0 0 0 0 0 0 0 0 0 0
 0 0 0 0 0 0 0 0 0 0 0 0 0 0 0 0 0 0 0 0 0 0 0 0 0 0
 0 0 0 0 0 0 0 0 0 0 0 0 0 0 0 0 0 0 0 0 0 0 0 0 0 0
 0 0 0 0 0 0 0 0 0 0 0 0 0 0 0 0 0 0 0 0 0 0 0 0 0 0
 0 0 0 0 0 0 0 0 0 0 0 0 0 0 0 0 0 0 0 0 0 0 0 0 0 0
 0 0 0 0 0 0 0 0 0 0 0 0 0 0 0 0 0 0 0 0 0 0 0 0 0 0
 0 0 0 0 0 0 0 0 0 0 0 0 0 0 0 0 0 0 0 0 0 0 0 0 0 0
 0 0 0 0 0 0 0 0 0 0 0 0 0 0 0 0 0 0 0 0 0 0 0 0 0 0
 0 0 0 0 0 0 0 0 0 0 0 0 0 0 0 0 0 0 0 0 0 0 0 0 0 0
 0 0 0 0 0 0 0 0 0 0 0 0 0 0 0 0 0 0 0 0 0 0 0 0 0 0
 0 0 0 0 0 0 0 0 0 0 0 0 0 0 0 0 0 0 0 0 0 0 0 0 0 0
 0 0 0 0 0 0 0 0 0 0 0 0 0 0 0 0 0 0 0 0 0 0 0 0 0 0
 0.00862536 0 0 0.000197151 0.00414017 0.0128641 0.00837892 0.0270097 0.101434 0.158115 0.152841 0.127902 0.109271 0.109419 0.0830992 0.0579132 0.0238553 0.00714673 0.00463305 0.00128148 0.00103504 0.000492878 0.000147863 0.000147863 4.92878e-05 0
 0 0 0 0 0 0 0 0 0 0 0 0 0 0 0 0 0 0 0 0 0 0 0 0 0 0
 0 0 0 0 0 0 0 0.0054083 0.00873648 0.0413646 0.0450493 0.0745869 0.0622846 0.0627006 0.0613931 0.0827291 0.12552 0.122667 0.0946155 0.0697135 0.0546179 0.0294188 0.0215738 0.0213955 0.0102223 0.00600262
 0 0 0 0 0.00359764 0.0251062 0.0480494 0.140153 0.205849 0.193036 0.1447 0.116669 0.0760912 0.0342217 0.00950174 0.001854 0.000860785 0 0 0 0.000165536 0 0.000143464 0 0 0
 0 0 0 0 0 0 0 0.000145254 0.000435761 0.0275982 0.070085 0.0708112 0.156366 0.174668 0.174014 0.160142 0.0824315 0.0480064 0.0283245 0.00493863 0.00203355 0 0 0 0 0
 0 0 0 0 0 0 0 0 0 0 0 0 0 0 0 0 0 0 0 0 0 0 0 0 0 0
 0 0 1.00437e-05 0.000401748 0.00122533 0.00171747 0.00176769 0.0269171 0.070346 0.194647 0.189555 0.159765 0.064822 0.0314167 0.0384472 0.0292271 0.0345202 0.0313363 0.0194345 0.0106764 0.0143323 0.0359363 0.0279516 0.0138201 0.00172751 0
 0 0.0021121 0.0136068 0.0755702 0.200478 0.177729 0.0527432 0.0373336 0.0318909 0.0142505 0.0149659 0.0166563 0.0217959 0.0798694 0.0677717 0.0528807 0.04013 0.0224614 0.0357745 0.0225083 0.00881397 0.00855152 0.00135912 0.000746735 0 0
 0 0 0 0 5.4009e-05 0.00500934 0.000945158 0.0243581 0.138947 0.33067 0.221406 0.137944 0.0707744 0.0437923 0.0131692 0.00525238 0.0047753 0.00276346 9.45158e-05 9.00151e-06 2.25038e-05 9.00151e-06 4.50075e-06 0 0 0
 0.000866109 0.00284123 0.00948549 0.0512746 0.133035 0.25785 0.225252 0.132002 0.0553304 0.0519788 0.0540692 0.017754 0.00435017 0.00159236 0.00146478 0.000404838 0.000125132 0.000115318 0.000107957 0.000100596 0 0 0 0 0 0
 0 0 0 0 0.00144013 0.00171154 0.00461396 0.0210425 0.0478622 0.0707936 0.0888783 0.103762 0.0637923 0.0337046 0.0602308 0.124433 0.169614 0.0934646 0.0462172 0.0250306 0.0313229 0.00938855 0.002487 0.000210481 0 0
 0 0.00764035 0.051015 0.0998891 0.058973 0.0496711 0.0374665 0.0718981 0.12319 0.153886 0.159021 0.0857701 0.0377988 0.023471 0.0147837 0.00900784 0.00315554 0.000888139 0.00291439 0.00214683 0.00393193 0.00274676 0.000635225 9.99891e-05 0 0
 0 0 0 0 0 0 0 0 0 0 0 0 0 0 0 0 0 0 0 0 0 0 0 0 0 0
 0 0 0 0 0 0 0 0 0 0 0 0 0 0 0 0 0 0 0 0 0 0 0 0 0 0
 0 0 0 0 0 0 0 0 0 0 0 0 0 0 0 0 0 0 0 0 0 0 0 0 0 0
 0 0 0 0 0 0 0 0 0 0 0 0 0 0 0 0 0 0 0 0 0 0 0 0 0 0
 0 0 0 0 0 0 0 0 0 0 0 0 0 0 0 0 0 0 0 0 0 0 0 0 0 0
 0 0 0 0 0 0 0 0 0 0 0 0 0 0 0 0 0 0 0 0 0 0 0 0 0 0
 0 0 0 0 0 0 0 0 0 0 0 0 0 0 0 0 0 0 0 0 0 0 0 0 0 0
ppred_pel_tallas
 1.16362e-16 3.16607e-05 0.000307753 0.00204513 0.00929687 0.0289261 0.0616305 0.0899538 0.0899651 0.0616859 0.0291143 0.00984978 0.00346785 0.00352865 0.00648519 0.0115464 0.0186618 0.0276856 0.0383263 0.0501907 0.0625639 0.0740251 0.0823864 0.0853358 0.0815379 0.0714515
 1.30961e-16 3.06035e-05 0.000297477 0.00197684 0.00898645 0.0279603 0.0595735 0.086955 0.0869827 0.059709 0.0284159 0.0103042 0.00529202 0.00756097 0.0139078 0.0231758 0.0339702 0.0440673 0.0513483 0.0551597 0.056822 0.0586948 0.0624544 0.0678979 0.0730627 0.0753941
 1.27414e-16 4.13772e-05 0.000402201 0.00267277 0.01215 0.0378034 0.0805449 0.117562 0.117584 0.0806496 0.0381553 0.013169 0.00523955 0.00603649 0.0108349 0.0180966 0.0266689 0.0348555 0.041001 0.0444888 0.0461367 0.0475553 0.0499598 0.0533657 0.056668 0.0583583
 1.09002e-16 6.29588e-05 0.000611982 0.00406684 0.0184873 0.0575208 0.122555 0.178875 0.178888 0.122619 0.0577363 0.0191104 0.00563363 0.00404158 0.00660442 0.0108946 0.0158726 0.0203665 0.0232446 0.0240388 0.0232314 0.0218986 0.0209898 0.0208034 0.0209785 0.0208686
 1.05585e-16 5.0217e-05 0.000488127 0.00324378 0.0147458 0.0458797 0.0977527 0.142679 0.14271 0.0979023 0.0463817 0.0161957 0.00688344 0.00843378 0.0151415 0.0249561 0.0359566 0.0452474 0.0499184 0.0486493 0.0425054 0.0342157 0.0265299 0.0209263 0.0174161 0.0151907
 1.0488e-16 5.65741e-05 0.00054992 0.00365442 0.0166125 0.0516876 0.110127 0.160737 0.160758 0.110227 0.0520245 0.0175865 0.00610343 0.00590948 0.0102745 0.0169985 0.0247201 0.0315846 0.0357249 0.0362596 0.033766 0.0297863 0.0257931 0.0224567 0.019651 0.0169507
 1.08396e-16 3.44267e-05 0.00033464 0.0022238 0.0101091 0.0314534 0.0670163 0.0978211 0.097863 0.0672213 0.0321418 0.0120983 0.00722033 0.0112537 0.020806 0.034433 0.0498147 0.0631041 0.0703962 0.069897 0.0629604 0.0530808 0.0436895 0.0364949 0.0313443 0.0271881
 1.1686e-16 3.07597e-05 0.000298995 0.00198693 0.00903231 0.028103 0.0598776 0.0873993 0.0874293 0.0600242 0.0285963 0.0104613 0.00558952 0.00821556 0.0152191 0.0255141 0.0376963 0.0493942 0.0581708 0.0628701 0.0641523 0.06369 0.0627399 0.0613238 0.0585598 0.0536243
 1.2315e-16 3.6218e-05 0.000352052 0.00233951 0.0106351 0.0330898 0.0705023 0.102905 0.102929 0.0706206 0.033488 0.0117883 0.00524589 0.0067362 0.0122791 0.0205589 0.0303728 0.0398415 0.047106 0.0514291 0.0536059 0.0552268 0.0573779 0.0598398 0.0613215 0.0603725
 1.17497e-16 4.88755e-05 0.000475087 0.00315712 0.0143518 0.044654 0.0951408 0.138865 0.138885 0.0952396 0.0449863 0.0153133 0.00557663 0.00577768 0.010182 0.0169243 0.0247846 0.0320636 0.0370956 0.0392147 0.0391642 0.0385184 0.0385684 0.0395466 0.0406724 0.0407938
 1.07618e-16 5.99444e-05 0.000582681 0.00387212 0.0176021 0.0547668 0.116687 0.170312 0.170329 0.116772 0.0550527 0.0184287 0.00594911 0.00512435 0.00870821 0.014363 0.0208336 0.0265249 0.0298646 0.0301648 0.0280328 0.0249293 0.0222298 0.0205238 0.0195672 0.0187192
 1.04577e-16 5.58914e-05 0.000543284 0.00361032 0.016412 0.0510639 0.108798 0.158799 0.158823 0.108916 0.0514617 0.0175613 0.00649623 0.00684668 0.0120374 0.019839 0.0286388 0.0361549 0.0401012 0.0394313 0.0349544 0.0287602 0.0229346 0.0185697 0.0156433 0.0135476
 1.04913e-16 5.14574e-05 0.000500184 0.0033239 0.01511 0.0470129 0.100167 0.146202 0.146229 0.100298 0.0474531 0.016382 0.00651963 0.00748616 0.0133475 0.0220589 0.0319453 0.0405357 0.0453347 0.0451776 0.0408863 0.034632 0.0285508 0.0237149 0.0200643 0.017016
 1.07029e-16 4.62861e-05 0.000449917 0.00298986 0.0135915 0.0422883 0.0901008 0.131511 0.13154 0.090244 0.0427691 0.0149814 0.00648349 0.00809211 0.0146061 0.0241941 0.0351314 0.0447759 0.0504523 0.0509168 0.0470461 0.0411257 0.0353452 0.0307107 0.0270222 0.0235855
 1.07158e-16 5.40968e-05 0.00052584 0.00349439 0.015885 0.0494243 0.105304 0.153699 0.15372 0.105407 0.0497701 0.0168852 0.00600987 0.00603297 0.0105599 0.0174952 0.0254882 0.0326686 0.0371604 0.0381007 0.0361098 0.0327621 0.0295075 0.0269169 0.0247098 0.0223077
 1.01887e-16 7.36248e-05 0.000715659 0.00475581 0.0216192 0.0672655 0.143316 0.209176 0.209183 0.143353 0.0673867 0.0219695 0.00563571 0.00263898 0.00373376 0.00607579 0.00879217 0.011157 0.012485 0.0124659 0.0113407 0.00972154 0.00820211 0.00706654 0.00626784 0.00560253
 1.02829e-16 3.35592e-05 0.000326208 0.00216777 0.00985439 0.030661 0.0653283 0.0953596 0.095412 0.0655844 0.0315205 0.0123363 0.00839426 0.0139076 0.0257944 0.0425047 0.0610257 0.0763201 0.0832756 0.0795378 0.0669353 0.0502899 0.0346032 0.0227868 0.0152306 0.0108099
 1.02681e-16 7.0723e-05 0.000687453 0.00456837 0.0207671 0.0646143 0.137668 0.200932 0.200938 0.1377 0.0647235 0.0210837 0.00536737 0.002446 0.00345237 0.00570438 0.0084633 0.0111676 0.0132767 0.0145107 0.0149568 0.0149003 0.0145387 0.0138445 0.0126684 0.0109493
 1.03301e-16 4.73031e-05 0.000459803 0.00305555 0.0138901 0.0432175 0.0920809 0.134402 0.134439 0.0922592 0.0438163 0.0156189 0.0073929 0.00992134 0.0179964 0.0296251 0.0425529 0.0532688 0.0582361 0.055846 0.0473992 0.0362613 0.0258863 0.0182272 0.0134472 0.0106525
 1.06446e-16 4.59627e-05 0.000446774 0.00296897 0.0134965 0.0419928 0.0894712 0.130592 0.130619 0.0896062 0.0424466 0.0148092 0.00627136 0.00768037 0.0138553 0.0230186 0.0335859 0.0431299 0.0491701 0.0505058 0.0478295 0.0430637 0.0380121 0.0334461 0.0291798 0.0247564
 1.06219e-16 5.8281e-05 0.000566512 0.00376467 0.0171137 0.053247 0.113449 0.165586 0.165604 0.113536 0.0535397 0.0179599 0.00589267 0.00522504 0.00894446 0.0147975 0.0215543 0.0276244 0.0314254 0.0322382 0.0306017 0.0278596 0.0252374 0.0231979 0.0214661 0.0195105
 1.04396e-16 5.87939e-05 0.000571498 0.0037978 0.0172643 0.0537157 0.114448 0.167044 0.167065 0.114551 0.0540623 0.0182655 0.0063122 0.00606428 0.0105021 0.0172998 0.0249892 0.0315849 0.0351062 0.0346512 0.0309258 0.0257387 0.0208794 0.0172611 0.0148252 0.0130157
 1.08319e-16 2.56157e-05 0.000248994 0.00165465 0.00752185 0.0234035 0.0498656 0.072791 0.0728423 0.0501159 0.0242443 0.00995116 0.00775621 0.0135808 0.0253808 0.0420122 0.0607359 0.0768352 0.0854992 0.0844923 0.0754387 0.0626162 0.0502841 0.0406586 0.0337173 0.0283275
 1.08863e-16 5.85239e-05 0.000568873 0.00378036 0.017185 0.053469 0.113922 0.166274 0.166285 0.113974 0.0536459 0.0176986 0.00507932 0.00343725 0.00560239 0.0094217 0.0141584 0.019048 0.0233261 0.0266135 0.0290378 0.0309205 0.032317 0.0328479 0.0319615 0.0293675
 1.08107e-16 4.82712e-05 0.000469214 0.00311809 0.0141744 0.044102 0.0939651 0.137151 0.137182 0.0941147 0.0446042 0.0156249 0.00675928 0.00841933 0.0151519 0.0249882 0.0360362 0.0454306 0.0503073 0.0494067 0.043852 0.0363966 0.0297443 0.0252372 0.022678 0.0210384
 1.11368e-16 3.38817e-05 0.000329342 0.00218859 0.00994906 0.0309554 0.0659552 0.0962713 0.0963086 0.0661376 0.0315686 0.0117223 0.00664751 0.0100895 0.0186477 0.0309776 0.0450964 0.0577085 0.0654507 0.0667495 0.0626753 0.0560314 0.0494628 0.0441194 0.039675 0.0352489
 1.09426e-16 5.69966e-05 0.000554027 0.00368171 0.0167365 0.0520736 0.110949 0.161936 0.161951 0.11102 0.0523122 0.0174277 0.00542379 0.00438081 0.00739517 0.0123215 0.0181839 0.0238011 0.0280034 0.0302631 0.0309519 0.0309365 0.030859 0.0307083 0.0299684 0.028105
 1.06902e-16 5.34056e-05 0.000519122 0.00344975 0.0156821 0.0487928 0.103959 0.151737 0.151762 0.104084 0.0492107 0.0168893 0.00648112 0.00714022 0.0126392 0.0208414 0.0300952 0.0380221 0.0422481 0.0417173 0.0373309 0.0313243 0.0258881 0.0221033 0.019814 0.0182153
 1.10514e-16 2.88068e-05 0.000280012 0.00186078 0.00845888 0.0263189 0.0560769 0.0818553 0.0819001 0.0562957 0.0270537 0.0105827 0.00719796 0.011951 0.0222524 0.0368954 0.053506 0.068042 0.076381 0.0766064 0.0700868 0.0604013 0.0510296 0.0436528 0.0380657 0.0332198
 1.18381e-16 3.45995e-05 0.000336319 0.00223496 0.0101598 0.0316111 0.0673517 0.0983068 0.0983305 0.067468 0.0320026 0.0112951 0.0051016 0.00665056 0.0121927 0.0205395 0.0306137 0.0406711 0.0489236 0.0545328 0.0579551 0.0602584 0.0620165 0.0627686 0.0614353 0.0572088
 1.08163e-16 6.62266e-05 0.000643746 0.00427792 0.0194468 0.0605063 0.128915 0.188158 0.188167 0.128961 0.0606603 0.0198924 0.00539966 0.00310319 0.00476937 0.00786694 0.0115377 0.014973 0.0174144 0.0185663 0.0187739 0.0187455 0.0190321 0.0196761 0.0202527 0.0201938
pSPR Fmed_Fpbrs
0.75468   0.190433 0.190433
Fs Fmed_Fpbrs
0.139388   1.005 1.005
SSBpbr Bo_Bmed_Bpbrs
2.57788e+06  1.81658e+06  362021 362021
Ro
256002
SPR SPRFo_SPRFmed_SPRFpbrs
1.82988e+06 1.38098e+06 348471
Fref
1.005
Nvult_r0
 302756 27570.7 11887.5 11735.5 4745.23
CTP_r0
 28974.7 2891.8 1246.83 1230.89 497.711
YTP_r0
391302
Np
 328335 149750 13408.5 5781.23 7574.76
Nvult_p0
 279602 129585 11602.9 5002.73 6554.74
CTP_p0
 133037 64954 5815.92 2507.6 3285.54
YTP_p0
 2.36915e+06
CBA_c0
984658
log_Ro
12.2729
likeval ReclasPelacesDesembMPH_pf_preclas_ppelaces_ptallas_desvR_qrecl_qpela
 20.8418 20.1924 0.174709 0.00079553 242.348 121.551 99.9879 0 19.1023 1.39803e-05 0 0.885699 0 0 0
q_reclas_q_pelaces
0.588702 1
M
1
N
 266908 57114.1 251565 12610.4 0.414708
 156897 91350.6 19396.8 85435.2 4282.83
 153371 50755.3 29146.9 6188.87 28626
 371303 49878.2 16289.6 9354.49 11173.6
 298556 116599 15399.6 5029.32 6337.93
 450150 104621 40646.9 5368.35 3962.65
 190219 150284 34566.8 13429.7 3082.95
 92884.5 57310.6 44319.7 10193.9 4869.67
 77617.5 33149.8 20387.3 15766.1 5358.65
 94950.8 25286.6 10659.9 6555.93 6793.05
 159950 29710.9 7776.3 3278.21 4105.16
 198720 56136.9 10375 2715.49 2578.27
 170282 57616.5 15866.1 2932.32 1496.19
 120897 50178.5 16579.4 4565.53 1274.32
 124345 31385.9 12548.9 4146.26 1460.46
 556148 36269.9 8929.92 3570.42 1595.23
 159955 161773 10288 2532.97 1465.24
 846196 50668.2 50429.1 3207.04 1246.35
 526573 265156 15606.2 15532.6 1371.68
 394205 153111 75179.2 4424.8 4792.83
 598731 117903 44789 21991.9 2696.4
 808592 188419 36487.7 13861 7640.36
 189721 244224 55718.7 10790.1 6358.32
 538152 62289.6 79212.3 18072 5561.96
 440864 179950 20616.7 26217.8 7822.4
 208417 146943 59347.3 6799.36 11226.4
 436444 70803.8 49495.4 19990.2 6071.7
 474829 145514 23359 16329.1 8598.12
 160709 160089 48603.8 7802.22 8326.04
 124573 54359.1 53664 16292.6 5406.4
 452506 40979.2 17668.7 17442.8 7052.98
pred_Ctot
 11821.9 2791.96 12297.5 616.446 0.0202725
 12092.4 7751.67 1645.94 7249.72 363.425
 11357.9 4139.28 2377.03 504.724 2334.55
 34804.5 5141.16 1679.04 964.207 1151.71
 8990.28 3879.11 512.326 167.319 210.855
 26527.7 6797.33 2640.86 348.786 257.456
 22122.9 19186.5 4413.08 1714.54 393.595
 1757.88 1199.28 927.433 213.318 101.902
 5670.09 2667.04 1640.25 1268.45 431.126
 9087.91 2660.94 1121.75 689.887 714.838
 4666.32 957.694 250.659 105.669 132.325
 27134.3 8401.13 1552.67 406.384 385.85
 21808.3 8092.8 2228.55 411.873 210.154
 23136.9 10478.8 3462.29 953.426 266.118
 16589.9 4590.56 1835.43 606.44 213.61
 75001.2 5361.57 1320.06 527.796 235.813
 14220.9 15821.2 1006.15 247.721 143.298
 80329.7 5288.65 5263.69 334.744 130.092
 71119.3 39254.7 2310.4 2299.5 203.068
 47387.4 20198.1 9917.5 583.711 632.261
 55415.4 12000.7 4558.81 2238.43 274.451
 92965.4 23782.3 4605.5 1749.54 964.371
 13015.6 18458.7 4211.28 815.524 480.568
 31213.8 3983.47 5065.7 1155.72 355.692
 26402.5 11880.6 1361.14 1730.94 516.445
 10149.6 7895.23 3188.73 365.329 603.195
 26059.2 4660.56 3257.97 1315.83 399.662
 25249.8 8534.64 1370.04 957.726 504.293
 8239.9 9054.46 2748.97 441.284 470.911
 8408.04 4042.41 3990.72 1211.6 402.046
 28974.7 2891.8 1246.83 1230.89 497.711
F
 0.0722008 0.0799409 0.0799409 0.0799409 0.0799409
 0.128574 0.142358 0.142358 0.142358 0.142358
 0.123275 0.136491 0.136491 0.136491 0.136491
 0.158275 0.175242 0.175242 0.175242 0.175242
 0.0486106 0.0538218 0.0538218 0.0538218 0.0538218
 0.0970512 0.107455 0.107455 0.107455 0.107455
 0.199692 0.221099 0.221099 0.221099 0.221099
 0.0303203 0.0335707 0.0335707 0.0335707 0.0335707
 0.121517 0.134544 0.134544 0.134544 0.134544
 0.161845 0.179195 0.179195 0.179195 0.179195
 0.047065 0.0521104 0.0521104 0.0521104 0.0521104
 0.238086 0.263609 0.263609 0.263609 0.263609
 0.221866 0.245651 0.245651 0.245651 0.245651
 0.348582 0.385951 0.385951 0.385951 0.385951
 0.232073 0.256952 0.256952 0.256952 0.256952
 0.234838 0.260014 0.260014 0.260014 0.260014
 0.149591 0.165627 0.165627 0.165627 0.165627
 0.160432 0.17763 0.17763 0.17763 0.17763
 0.235227 0.260444 0.260444 0.260444 0.260444
 0.20701 0.229201 0.229201 0.229201 0.229201
 0.156145 0.172884 0.172884 0.172884 0.172884
 0.19721 0.218351 0.218351 0.218351 0.218351
 0.113758 0.125953 0.125953 0.125953 0.125953
 0.0954588 0.105692 0.105692 0.105692 0.105692
 0.098694 0.109274 0.109274 0.109274 0.109274
 0.0796273 0.0881635 0.0881635 0.0881635 0.0881635
 0.0983848 0.108932 0.108932 0.108932 0.108932
 0.0872217 0.096572 0.096572 0.096572 0.096572
 0.083986 0.0929894 0.0929894 0.0929894 0.0929894
 0.11183 0.123818 0.123818 0.123818 0.123818
 0.105832 0.117177 0.117177 0.117177 0.117177
YTP_r0W_actual
 246285 47136.4 36033.5 42835.1 19012.6
YTP_p0W_proyectada
 1.00044e+06 1.04706e+06 135976 73974.3 111708
CTP_r0_actual
 28974.7 2891.8 1246.83 1230.89 497.711
CTP_p0_proyectada
 133037 64954 5815.92 2507.6 3285.54
Wmedp
 7.52 16.12 23.38 29.5 34
Frms_r0
 0.105832 0.117177 0.117177 0.117177 0.117177
Zrms_r0
 1.10583 1.11718 1.11718 1.11718 1.11718
nmprior
 8.19 8.8 8.5 0
nm_flota  nm_reclas  nm_pelaces    nm_pelaL
inf 11.0363 11.9626 25.1867
cv_recla  cv_pelaces  cv_mph
0.412946 0.509526 0.870429
 ------------------------------------------------
Talla a la edad & desviaci?n 
 8 13.2811 15.8009 17.003 17.5766
 0.8 1.32811 1.58009 1.7003 1.75766
