years
 1991 1992 1993 1994 1995 1996 1997 1998 1999 2000 2001 2002 2003 2004 2005 2006 2007 2008 2009 2010 2011 2012 2013 2014 2015 2016 2017 2018 2019 2020 2021
reclasobs
 0 0 0 0 0 0 0 0 0 252601 567819 844713 477998 351125 339783 2.1784e+06 2.13404e+06 4.81314e+06 1.55562e+06 2.62356e+06 3.21686e+06 3.843e+06 1.13348e+06 3.07943e+06 1.97215e+06 2.03268e+06 2.025e+06 2.42433e+06 2.27542e+06 1.05018e+06 2.36338e+06
reclaspred
 4.03393e+06 1.53066e+06 834667 459470 113691 1.89419e+06 813065 351124 126946 206020 345240 622253 567668 405672 318932 1.78353e+06 1.22654e+06 4.22641e+06 3.39371e+06 1.93122e+06 3.75098e+06 3.32258e+06 2.01731e+06 3.60351e+06 2.4224e+06 1.70516e+06 2.57744e+06 3.48969e+06 2.55639e+06 1.09179e+06 1.63531e+06
pelacesobs
 0 0 0 0 0 0 0 0 0 0 0 0 0 0 0 552880 188675 0 991730 2.46772e+06 1.41603e+06 1.21717e+06 2.29649e+06 1.80582e+06 0 1.4828e+06 1.56532e+06 1.57751e+06 1.42118e+06 867257 1.10002e+06
pelacespred
 1.09408e+06 428418 201033 73361.9 18871.7 476794 159490 92903.9 19142.6 38858 83300.3 123319 123722 85696.6 67439.9 376555 258049 1.09985e+06 867652 457710 899536 803414 492977 1.01195e+06 640537 447712 788202 1.04203e+06 634916 312602 442496
mphobs
 0 0 0 0 0 0 0 0 0 0 0 498337 0 5186 125008 0 168611 109162 213762 579715 649985 157893 87575 83554 0 0 0 0 0 0 0
mphpred
 783219 379388 107463 81077.3 26640.5 6771.69 189217 61717.5 23705.5 4466.32 12332.6 39151.2 52342 36906.4 19204.9 20821.6 201668 124557 437431 298523 232935 343978 351401 215915 361214 257033 165216 239827 439072 242874 91597.7
desembarqueobs
 494567 514787 250237 358949 120608 361735 552515 73892 212993 205616 52469 317467 293654 387597 252695 516296 358380 742168 942051 627588 828172 859565 418607 520667 417249 300574 415391 372974 316634 284311 391294
desembarquepred
 494528 514763 249626 358781 120542 361580 551896 73872.2 212739 205452 52460.8 317236 293401 387037 252441 515957 358257 741748 940904 626750 827765 858899 418396 520494 417029 300394 415196 372818 316487 284120 391122
Reclutas
 26659.2 17718.2 173178 26308.6 10173.6 316790 19886.3 5201.95 16835.6 58605.9 54078.5 123147 84944.1 67910.9 47692.2 397822 22762.5 666840 321202 169594 383208 516804 32127 280145 179802 55997.7 236169 303651 32015.6 17250.2 172377
log_desv_Rt
 -1.07828 -1.48682 0.792904 -1.09152 -2.04162 1.39683 -1.37138 -2.71238 -1.53792 -0.29058 -0.370978 0.451961 0.0805786 -0.143218 -0.496647 1.62459 -1.2363 2.14113 1.41065 0.771994 1.58716 1.88625 -0.891719 1.27389 0.83044 -0.336104 1.10313 1.35446 -0.895191 -1.51359 0.788268
SSB
 2.39987e+06 1.16249e+06 329280 248430 81629.6 20749.3 579784 189110 72636.6 13685.3 37788.5 119964 160382 113086 58846 63799.8 617934 381658 1.34034e+06 914708 713741 1.05399e+06 1.07673e+06 661588 1.1068e+06 787581 506241 734857 1.34537e+06 744195 280666
BT
 2.97469e+06 1.54009e+06 699241 434781 148208 1.41985e+06 855107 283377 245736 285067 235881 545508 549590 599685 406257 1.27584e+06 877158 3.20844e+06 2.89179e+06 1.63396e+06 2.77383e+06 2.62821e+06 1.50011e+06 2.82967e+06 1.86807e+06 1.3071e+06 2.25474e+06 2.77488e+06 1.72865e+06 1.02065e+06 1.40685e+06
Ftot
 0.206116 0.545884 0.552919 1.19963 1.55095 0.40455 1.03876 0.357826 2.36874 1.77669 0.310739 0.944813 0.927163 1.61536 1.42344 0.596864 0.486324 0.359469 0.497941 0.570726 0.422161 0.482819 0.349649 0.285186 0.308794 0.309215 0.318809 0.212895 0.20943 0.434058 0.474657
BD_Bspro_t
 0.967559 0.747324 0.442226 0.39911 0.154361 0.0612455 0.528593 0.237127 0.142791 0.0416856 0.128568 0.37942 0.315692 0.217398 0.123989 0.138545 0.476641 0.355872 0.589395 0.46154 0.36393 0.45439 0.483844 0.405563 0.562994 0.540071 0.497117 0.612815 0.718875 0.591649 0.412006
BD_Bspro
 4.29039 2.07825 0.588673 0.444133 0.145934 0.0370946 1.03651 0.338082 0.129856 0.024466 0.0675567 0.214466 0.286724 0.202169 0.105202 0.114059 1.10472 0.682312 2.3962 1.63527 1.27599 1.88427 1.92494 1.18276 1.97869 1.408 0.905035 1.31374 2.40519 1.33044 0.501763
BD_Bo
 1.44714 0.70099 0.198559 0.149805 0.0492233 0.012512 0.349614 0.114035 0.0438004 0.00825235 0.0227868 0.0723391 0.0967116 0.0681915 0.0354846 0.0384718 0.372619 0.230143 0.808235 0.551576 0.430391 0.635563 0.649279 0.398942 0.667409 0.474917 0.305267 0.443124 0.811266 0.448755 0.169244
BD_Brms
 8.6826 4.20581 1.19132 0.898806 0.295331 0.0750695 2.09762 0.684187 0.262794 0.0495126 0.136717 0.434022 0.580252 0.409137 0.212901 0.230824 2.23565 1.38082 4.84927 3.30936 2.58227 3.81326 3.89556 2.39358 4.00434 2.84942 1.83155 2.65867 4.86745 2.69245 1.01543
Sel_flota
 0.773988 1 1 1 1
 0.773988 1 1 1 1
 0.773988 1 1 1 1
 0.773988 1 1 1 1
 0.773988 1 1 1 1
 0.773988 1 1 1 1
 0.773988 1 1 1 1
 0.773988 1 1 1 1
 0.773988 1 1 1 1
 0.773988 1 1 1 1
 0.773988 1 1 1 1
 0.773988 1 1 1 1
 0.773988 1 1 1 1
 0.773988 1 1 1 1
 0.773988 1 1 1 1
 0.773988 1 1 1 1
 0.773988 1 1 1 1
 0.773988 1 1 1 1
 0.773988 1 1 1 1
 0.773988 1 1 1 1
 0.773988 1 1 1 1
 0.773988 1 1 1 1
 0.773988 1 1 1 1
 0.773988 1 1 1 1
 0.773988 1 1 1 1
 0.773988 1 1 1 1
 0.773988 1 1 1 1
 0.773988 1 1 1 1
 0.773988 1 1 1 1
 0.773988 1 1 1 1
 0.773988 1 1 1 1
Sel_reclas
 1 1 1 1 1
 1 1 1 1 1
 1 1 1 1 1
 1 1 1 1 1
 1 1 1 1 1
 1 1 1 1 1
 1 1 1 1 1
 1 1 1 1 1
 1 1 1 1 1
 1 1 1 1 1
 1 1 1 1 1
 1 1 1 1 1
 1 1 1 1 1
 1 1 1 1 1
 1 1 1 1 1
 1 1 1 1 1
 1 1 1 1 1
 1 1 1 1 1
 1 1 1 1 1
 1 1 1 1 1
 1 1 1 1 1
 1 1 1 1 1
 1 1 1 1 1
 1 1 1 1 1
 1 1 1 1 1
 1 1 1 1 1
 1 1 1 1 1
 1 1 1 1 1
 1 1 1 1 1
 1 1 1 1 1
 1 1 1 1 1
Sel_pelaces
 1 1 1 1 1
 1 1 1 1 1
 1 1 1 1 1
 1 1 1 1 1
 1 1 1 1 1
 1 1 1 1 1
 1 1 1 1 1
 1 1 1 1 1
 1 1 1 1 1
 1 1 1 1 1
 1 1 1 1 1
 1 1 1 1 1
 1 1 1 1 1
 1 1 1 1 1
 1 1 1 1 1
 1 1 1 1 1
 1 1 1 1 1
 1 1 1 1 1
 1 1 1 1 1
 1 1 1 1 1
 1 1 1 1 1
 1 1 1 1 1
 1 1 1 1 1
 1 1 1 1 1
 1 1 1 1 1
 1 1 1 1 1
 1 1 1 1 1
 1 1 1 1 1
 1 1 1 1 1
 1 1 1 1 1
 1 1 1 1 1
pf_obs 
 0.8446 0.082 0.0669 0.0065 0
 0.8095 0.147 0.0364 0.0071 0
 0.9664 0.0169 0.016 0.0007 0
 0.9276 0.0648 0.0075 0.0001 0
 0.7033 0.2144 0.0806 0.0017 0
 0.9318 0.0425 0.0243 0.0014 0
 0.5671 0.3108 0.0964 0.0239 0.0018
 0.0768 0.2599 0.5324 0.112 0.0189
 0.490249 0.384438 0.106611 0.0170017 0.00170017
 0.7925 0.1577 0.0466 0.003 0.0002
 0.840416 0.127587 0.0312969 0.00059994 9.999e-05
 0.8084 0.0986 0.0794 0.0134 0.0002
 0.7335 0.1905 0.0724 0.0035 0.0001
 0.4001 0.4547 0.1325 0.0127 0
 0.49795 0.308269 0.164784 0.0264974 0.00249975
 0.9179 0.0499 0.0305 0.0017 0
 0.2467 0.6533 0.0926 0.0074 0
 0.9418 0.0223 0.034 0.0019 0
 0.707729 0.231977 0.0356964 0.0245975 0
 0.517169 0.277429 0.184464 0.0207286 0.00020938
 0.811772 0.124168 0.05621 0.00726502 0.000585176
 0.764997 0.148141 0.077277 0.00933861 0.000247198
 0.163321 0.427699 0.378323 0.0303852 0.000271297
 0.753843 0.0900009 0.118128 0.0371064 0.000921714
 0.721811 0.176058 0.0630433 0.0369309 0.00215725
 0.143369 0.312575 0.442814 0.0836902 0.0175525
 0.692698 0.0596174 0.167031 0.0765114 0.00414204
 0.394062 0.376323 0.152708 0.0712218 0.00568511
 0.125707 0.32114 0.495352 0.0537591 0.00404204
 0.23352 0.215282 0.420074 0.123614 0.00750983
 0.796117 0.104755 0.0508955 0.0450114 0.00322123
pf_pred 
 0.123305 0.207242 0.597058 0.0723937 7.90884e-07
 0.212979 0.123896 0.156756 0.45161 0.0547585
 0.900151 0.0273582 0.0114119 0.0144385 0.0466406
 0.332438 0.618425 0.0134634 0.00561594 0.030058
 0.500316 0.217323 0.261577 0.00569464 0.0150891
 0.992916 0.00440316 0.00116578 0.00140316 0.000111489
 0.163205 0.832448 0.00270224 0.000715444 0.00092955
 0.223677 0.176198 0.597007 0.00193797 0.00117974
 0.745281 0.0715971 0.0415623 0.140824 0.000735417
 0.977737 0.0188755 0.000952268 0.000552795 0.0018828
 0.886264 0.112239 0.00126917 6.40292e-05 0.000163766
 0.857182 0.130403 0.0122517 0.000138538 2.48654e-05
 0.744938 0.229298 0.0235243 0.00221016 2.94775e-05
 0.758469 0.19612 0.0408245 0.0041883 0.000398749
 0.82777 0.144497 0.0225188 0.00468755 0.000526694
 0.980077 0.0176366 0.00191826 0.000298947 6.92214e-05
 0.164213 0.823869 0.0105503 0.00114751 0.00022024
 0.951934 0.0102668 0.0372599 0.000477142 6.18573e-05
 0.574006 0.410715 0.00326354 0.011844 0.000171334
 0.527545 0.307602 0.15894 0.00126293 0.00464972
 0.823935 0.10737 0.0447257 0.02311 0.000859706
 0.780168 0.190162 0.0180936 0.00753704 0.0040393
 0.140042 0.714292 0.126006 0.0119893 0.00767078
 0.81689 0.0331088 0.124592 0.0219791 0.00342927
 0.597345 0.345067 0.0104129 0.039185 0.00799105
 0.36317 0.424493 0.181968 0.00549114 0.0248778
 0.834447 0.0719431 0.0623978 0.0267481 0.00446404
 0.754752 0.213813 0.0136602 0.0118477 0.00592638
 0.176446 0.66182 0.141004 0.00900852 0.0117216
 0.234843 0.169583 0.478611 0.101971 0.0149915
 0.900841 0.0293817 0.0154649 0.0436461 0.0106662
pobs_RECLAS
 0 0 0 0 0
 0 0 0 0 0
 0 0 0 0 0
 0 0 0 0 0
 0 0 0 0 0
 0 0 0 0 0
 0 0 0 0 0
 0 0 0 0 0
 0 0 0 0 0
 0 0 0 0 0
 0.991045 0.00858322 0.000360255 1.14367e-05 0
 0.934742 0.0480273 0.0164251 0.00080598 0
 0.827803 0.169806 0.00239088 0 0
 0.941827 0.0461693 0.0120037 0 0
 0.791401 0.0380133 0.147996 0.0225897 0
 0.846168 0.0940531 0.0597789 0 0
 0.134021 0.677848 0.182769 0.00536245 0
 0.80878 0.0450904 0.141981 0.00414843 0
 0.846168 0.0940531 0.0597789 0 0
 0.905697 0.0802665 0.012482 0.00150086 5.37128e-05
 0.989698 0.0102097 9.19794e-05 0 0
 0.975433 0.0193895 0.00387452 0.00125025 5.28907e-05
 0.303575 0.632131 0.0575291 0.00676475 0
 0.966965 0.00978017 0.0227588 0.000495775 0
 0.843318 0.132988 0.00938335 0.0141283 0.000182051
 0.564624 0.303363 0.111486 0.0197234 0.00080311
 0.826376 0.0876187 0.0782897 0.00655872 0.00115652
 0.89761 0.0855135 0.0140674 0.00269457 0.000114338
 0.34875 0.467042 0.161289 0.0227151 0.000203297
 0.318654 0.224769 0.449479 0.00709798 0
 0.937255 0.0296025 0.0250945 0.00804832 0
ppred_RECLAS
 0.154359 0.199901 0.575909 0.0698293 7.62869e-07
 0.261897 0.116195 0.147013 0.42354 0.051355
 0.922017 0.021367 0.00891273 0.0112766 0.0364266
 0.401946 0.554033 0.0120615 0.0050312 0.0269282
 0.579587 0.182847 0.22008 0.00479123 0.0126953
 0.994563 0.00337951 0.000894758 0.00107696 8.55701e-05
 0.207031 0.788849 0.00256071 0.000677974 0.000880866
 0.272984 0.165007 0.559089 0.00181488 0.00110481
 0.809996 0.0534067 0.0310028 0.105046 0.000548573
 0.983959 0.0136003 0.000686132 0.000398302 0.0013566
 0.910243 0.0885757 0.00100159 5.053e-05 0.000129239
 0.888873 0.101467 0.00953308 0.000107797 1.93479e-05
 0.795464 0.183876 0.0188643 0.00177234 2.36382e-05
 0.812767 0.152031 0.0316469 0.00324675 0.000309107
 0.867855 0.110866 0.0172777 0.00359655 0.00040411
 0.984761 0.0134905 0.00146731 0.00022867 5.29486e-05
 0.204512 0.784144 0.0100416 0.00109218 0.00020962
 0.962702 0.00796677 0.0289129 0.000370252 4.79999e-05
 0.638183 0.34884 0.00277188 0.0100597 0.000145522
 0.59438 0.264088 0.136456 0.00108428 0.00399196
 0.859366 0.0857628 0.0357251 0.0184593 0.000686699
 0.822796 0.153287 0.014585 0.0060755 0.00325602
 0.175035 0.685226 0.120879 0.0115014 0.00735864
 0.852982 0.026583 0.100035 0.017647 0.00275336
 0.658772 0.292424 0.00882434 0.033207 0.00677196
 0.425997 0.382615 0.164016 0.00494941 0.0224235
 0.867746 0.0574725 0.0498471 0.021368 0.00356615
 0.799789 0.174549 0.0111516 0.00967204 0.00483807
 0.217576 0.628767 0.133962 0.00855861 0.0111362
 0.286185 0.158204 0.446497 0.0951286 0.0139856
 0.922378 0.0230002 0.012106 0.0341665 0.00834955
pobs_PELACES
 0 0 0 0 0
 0 0 0 0 0
 0 0 0 0 0
 0 0 0 0 0
 0 0 0 0 0
 0 0 0 0 0
 0 0 0 0 0
 0 0 0 0 0
 0 0 0 0 0
 0 0 0 0 0
 0 0 0 0 0
 0 0 0 0 0
 0 0 0 0 0
 0 0 0 0 0
 0 0 0 0 0
 0 0 0 0 0
 0.505614 0.472636 0.0217494 0 0
 0 0 0 0 0
 0.443492 0.261883 0.143347 0.151278 0
 0.227955 0.32914 0.350689 0.0885471 0.00366901
 0.970185 0.0296113 0.000203453 0 0
 0.997202 0.00247181 0.000326279 0 0
 0.445219 0.490057 0.0546422 0.010081 0
 0.90214 0.0892962 0.00764917 0.000914606 0
 0 0 0 0 0
 0.581667 0.319106 0.0959925 0.00289975 0.000334073
 0.762889 0.0836404 0.116647 0.0363945 0.000428098
 0.88444 0.0763242 0.0277011 0.0115352 0
 0.521256 0.241999 0.230069 0.00667565 0
 0.616807 0.101726 0.260614 0.0208532 0
 0.833518 0.0704572 0.0857862 0.0102388 0
ppred_PELACES
 0.156377 0.199425 0.574535 0.0696627 7.6105e-07
 0.269843 0.114945 0.14543 0.41898 0.0508021
 0.924931 0.0205685 0.00857969 0.0108552 0.0350655
 0.42363 0.533945 0.0116242 0.00484878 0.0259519
 0.607485 0.170713 0.205475 0.00447329 0.0118529
 0.994724 0.00327959 0.000868304 0.00104512 8.30402e-05
 0.220039 0.775909 0.00251871 0.000666852 0.000866416
 0.278313 0.163798 0.554991 0.00180158 0.00109671
 0.835711 0.0461787 0.0268069 0.090829 0.00047433
 0.985922 0.0119361 0.000602176 0.000349565 0.00119061
 0.912118 0.0867248 0.000980659 4.94741e-05 0.000126539
 0.895645 0.0952837 0.00895211 0.000101228 1.81688e-05
 0.806486 0.173967 0.0178478 0.00167684 2.23645e-05
 0.830415 0.137701 0.028664 0.00294072 0.000279972
 0.879562 0.101044 0.015747 0.00327792 0.000368308
 0.985414 0.0129117 0.00140436 0.000218859 5.06768e-05
 0.210477 0.778265 0.00996628 0.00108399 0.000208049
 0.963653 0.00776368 0.0281758 0.000360813 4.67762e-05
 0.646714 0.340615 0.00270653 0.00982247 0.000142091
 0.6046 0.257434 0.133017 0.00105696 0.00389138
 0.863129 0.0834683 0.0347693 0.0179655 0.000668327
 0.827986 0.148798 0.0141579 0.00589757 0.00316066
 0.178833 0.682071 0.120323 0.0114485 0.00732477
 0.855629 0.0261044 0.0982338 0.0173292 0.00270378
 0.66393 0.288004 0.00869095 0.0327051 0.00666959
 0.431645 0.37885 0.162402 0.00490071 0.0222028
 0.870451 0.056297 0.0488276 0.0209309 0.00349321
 0.80232 0.172343 0.0110107 0.00954979 0.00477692
 0.220247 0.62662 0.133505 0.00852939 0.0110982
 0.292844 0.156729 0.442331 0.0942411 0.0138551
 0.924875 0.0222603 0.0117166 0.0330674 0.00808095
pobs_pel_tallas
 0 0 0 0 0 0 0 0 0 0 0 0 0 0 0 0 0 0 0 0 0 0 0 0 0 0
 0 0 0 0 0 0 0 0 0 0 0 0 0 0 0 0 0 0 0 0 0 0 0 0 0 0
 0 0 0 0 0 0 0 0 0 0 0 0 0 0 0 0 0 0 0 0 0 0 0 0 0 0
 0 0 0 0 0 0 0 0 0 0 0 0 0 0 0 0 0 0 0 0 0 0 0 0 0 0
 0 0 0 0 0 0 0 0 0 0 0 0 0 0 0 0 0 0 0 0 0 0 0 0 0 0
 0 0 0 0 0 0 0 0 0 0 0 0 0 0 0 0 0 0 0 0 0 0 0 0 0 0
 0 0 0 0 0 0 0 0 0 0 0 0 0 0 0 0 0 0 0 0 0 0 0 0 0 0
 0 0 0 0 0 0 0 0 0 0 0 0 0 0 0 0 0 0 0 0 0 0 0 0 0 0
 0 0 0 0 0 0 0 0 0 0 0 0 0 0 0 0 0 0 0 0 0 0 0 0 0 0
 0 0 0 0 0 0 0 0 0 0 0 0 0 0 0 0 0 0 0 0 0 0 0 0 0 0
 0 0 0 0 0 0 0 0 0 0 0 0 0 0 0 0 0 0 0 0 0 0 0 0 0 0
 0 0 0 0 0 0 0 0 0 0 0 0 0 0 0 0 0 0 0 0 0 0 0 0 0 0
 0.00862536 0 0 0.000197151 0.00414017 0.0128641 0.00837892 0.0270097 0.101434 0.158115 0.152841 0.127902 0.109271 0.109419 0.0830992 0.0579132 0.0238553 0.00714673 0.00463305 0.00128148 0.00103504 0.000492878 0.000147863 0.000147863 4.92878e-05 0
 0 0 0 0 0 0 0 0 0 0 0 0 0 0 0 0 0 0 0 0 0 0 0 0 0 0
 0 0 0 0 0 0 0 0.0054083 0.00873648 0.0413646 0.0450493 0.0745869 0.0622846 0.0627006 0.0613931 0.0827291 0.12552 0.122667 0.0946155 0.0697135 0.0546179 0.0294188 0.0215738 0.0213955 0.0102223 0.00600262
 0 0 0 0 0.00359764 0.0251062 0.0480494 0.140153 0.205849 0.193036 0.1447 0.116669 0.0760912 0.0342217 0.00950174 0.001854 0.000860785 0 0 0 0.000165536 0 0.000143464 0 0 0
 0 0 0 0 0 0 0 0.000145254 0.000435761 0.0275982 0.070085 0.0708112 0.156366 0.174668 0.174014 0.160142 0.0824315 0.0480064 0.0283245 0.00493863 0.00203355 0 0 0 0 0
 0 0 0 0 0 0 0 0 0 0 0 0 0 0 0 0 0 0 0 0 0 0 0 0 0 0
 0 0 1.00437e-05 0.000401748 0.00122533 0.00171747 0.00176769 0.0269171 0.070346 0.194647 0.189555 0.159765 0.064822 0.0314167 0.0384472 0.0292271 0.0345202 0.0313363 0.0194345 0.0106764 0.0143323 0.0359363 0.0279516 0.0138201 0.00172751 0
 0 0.0021121 0.0136068 0.0755702 0.200478 0.177729 0.0527432 0.0373336 0.0318909 0.0142505 0.0149659 0.0166563 0.0217959 0.0798694 0.0677717 0.0528807 0.04013 0.0224614 0.0357745 0.0225083 0.00881397 0.00855152 0.00135912 0.000746735 0 0
 0 0 0 0 5.4009e-05 0.00500934 0.000945158 0.0243581 0.138947 0.33067 0.221406 0.137944 0.0707744 0.0437923 0.0131692 0.00525238 0.0047753 0.00276346 9.45158e-05 9.00151e-06 2.25038e-05 9.00151e-06 4.50075e-06 0 0 0
 0.000866109 0.00284123 0.00948549 0.0512746 0.133035 0.25785 0.225252 0.132002 0.0553304 0.0519788 0.0540692 0.017754 0.00435017 0.00159236 0.00146478 0.000404838 0.000125132 0.000115318 0.000107957 0.000100596 0 0 0 0 0 0
 0 0 0 0 0.00144013 0.00171154 0.00461396 0.0210425 0.0478622 0.0707936 0.0888783 0.103762 0.0637923 0.0337046 0.0602308 0.124433 0.169614 0.0934646 0.0462172 0.0250306 0.0313229 0.00938855 0.002487 0.000210481 0 0
 0 0.00764035 0.051015 0.0998891 0.058973 0.0496711 0.0374665 0.0718981 0.12319 0.153886 0.159021 0.0857701 0.0377988 0.023471 0.0147837 0.00900784 0.00315554 0.000888139 0.00291439 0.00214683 0.00393193 0.00274676 0.000635225 9.99891e-05 0 0
 0 0 0 0 0 0 0 0 0 0 0 0 0 0 0 0 0 0 0 0 0 0 0 0 0 0
 0 0 0 0 0 0 0 0 0 0 0 0 0 0 0 0 0 0 0 0 0 0 0 0 0 0
 0 0 0 0 0 0 0 0 0 0 0 0 0 0 0 0 0 0 0 0 0 0 0 0 0 0
 0 0 0 0 0 0 0 0 0 0 0 0 0 0 0 0 0 0 0 0 0 0 0 0 0 0
 0 0 0 0 0 0 0 0 0 0 0 0 0 0 0 0 0 0 0 0 0 0 0 0 0 0
 0 0 0 0 0 0 0 0 0 0 0 0 0 0 0 0 0 0 0 0 0 0 0 0 0 0
 0 0 0 0 0 0 0 0 0 0 0 0 0 0 0 0 0 0 0 0 0 0 0 0 0 0
ppred_pel_tallas
 1.23618e-16 1.28806e-05 0.000125204 0.000832025 0.00378228 0.0117682 0.0250741 0.0366006 0.0366206 0.0251726 0.0121016 0.00475635 0.00331878 0.0056917 0.0109886 0.019199 0.0301075 0.0429693 0.0568576 0.0710879 0.0851139 0.0978763 0.107329 0.110892 0.10674 0.0949818
 1.54842e-16 2.22266e-05 0.000216051 0.00143573 0.00652665 0.0203069 0.0432664 0.0631509 0.0631624 0.0433224 0.0204962 0.00707859 0.00284089 0.00335114 0.00618298 0.0107532 0.0168887 0.0243665 0.0331695 0.0438064 0.0571464 0.0736325 0.092341 0.110626 0.124739 0.131171
 1.07276e-16 7.61854e-05 0.000740549 0.00492121 0.0223711 0.0696048 0.1483 0.216449 0.216451 0.14831 0.0696377 0.0224665 0.00516189 0.00126993 0.00109402 0.00172303 0.00256377 0.00342997 0.00421275 0.00492511 0.00572312 0.00681722 0.00831991 0.0101333 0.0119481 0.0133486
 1.05351e-16 3.4894e-05 0.000339182 0.00225398 0.0102463 0.0318804 0.0679264 0.0991513 0.0992027 0.0681773 0.0327226 0.0126778 0.00835275 0.0136373 0.0252452 0.0415628 0.0595983 0.0743875 0.0809132 0.0769055 0.0642569 0.0478467 0.0327352 0.0218625 0.0155597 0.0125235
 1.08428e-16 5.00378e-05 0.000486385 0.0032322 0.0146931 0.0457159 0.0974031 0.142166 0.142183 0.097485 0.0459917 0.0154934 0.00525444 0.00494548 0.00864884 0.0145577 0.0217521 0.0289859 0.0349603 0.0389784 0.0411847 0.042131 0.0420959 0.040813 0.037812 0.0329806
 1.00145e-16 8.19341e-05 0.000796429 0.00529255 0.0240592 0.074857 0.159491 0.232781 0.232782 0.159492 0.0748622 0.0240742 0.00533038 0.000879197 0.000239663 0.000267972 0.000381562 0.000487334 0.00055246 0.00056478 0.000535513 0.000490547 0.000453114 0.00043125 0.00041773 0.000399147
 1.00485e-16 1.81245e-05 0.000176176 0.00117076 0.00532214 0.0165596 0.0352847 0.0515146 0.0515892 0.0356491 0.0177829 0.00885317 0.0100255 0.0194778 0.0365916 0.0602449 0.0862675 0.107399 0.116254 0.109438 0.0896311 0.0639287 0.0397966 0.0217399 0.0105638 0.00472169
 1.16424e-16 2.29243e-05 0.000222832 0.0014808 0.0067315 0.0209443 0.0446246 0.0651344 0.065151 0.0447062 0.0212204 0.00753939 0.0035478 0.00486416 0.00921436 0.0161751 0.0255646 0.0368395 0.0492583 0.0621501 0.0747829 0.0858668 0.093314 0.0948229 0.089085 0.0767362
 1.09975e-16 6.88364e-05 0.000669115 0.0044465 0.0202132 0.0628906 0.133995 0.195571 0.195576 0.134017 0.062965 0.0204288 0.00499146 0.00187094 0.00238867 0.0039428 0.00592811 0.00802674 0.010004 0.0118525 0.0138192 0.016199 0.0190284 0.021918 0.0241581 0.0250306
 1.00258e-16 8.12091e-05 0.000789381 0.00524571 0.0238463 0.0741945 0.158079 0.230722 0.230723 0.158085 0.0742134 0.0239007 0.00538223 0.00108718 0.000646172 0.00093819 0.00134021 0.00167857 0.00183821 0.00177008 0.00151758 0.0011892 0.000895168 0.000695996 0.000592418 0.000548728
 1.00077e-16 7.513e-05 0.00073029 0.00485304 0.0220612 0.0686406 0.146246 0.213453 0.213461 0.146287 0.0687774 0.022456 0.005843 0.00288838 0.00416486 0.00674316 0.00965176 0.0120219 0.013025 0.0122811 0.0100884 0.00723643 0.0045551 0.00254392 0.00129103 0.000624754
 1.00297e-16 7.37731e-05 0.000717101 0.00476539 0.0216628 0.0674009 0.143605 0.209598 0.209607 0.14365 0.0675514 0.0220974 0.00585585 0.0030962 0.00458796 0.00745698 0.0107084 0.0134089 0.0146599 0.0140447 0.011872 0.00896944 0.00619675 0.00405684 0.00262623 0.00173097
 1.00732e-16 6.64292e-05 0.000645715 0.00429101 0.0195063 0.0606914 0.12931 0.188735 0.188752 0.129392 0.0609663 0.0203 0.00628264 0.0049914 0.00831353 0.0136224 0.0195781 0.0245356 0.0268637 0.0258047 0.0219213 0.016717 0.0117479 0.00791513 0.0053433 0.00370654
 1.01205e-16 6.84002e-05 0.000664874 0.00441832 0.0200851 0.0624922 0.133147 0.194334 0.194347 0.133212 0.0627102 0.020715 0.0060001 0.00411996 0.00663616 0.0108778 0.0156978 0.0198103 0.0219478 0.0215156 0.0189282 0.0153033 0.0117723 0.00895396 0.0068947 0.00534814
 1.00872e-16 7.24484e-05 0.000704224 0.00467982 0.0212738 0.0661907 0.141027 0.205835 0.205844 0.141074 0.0663505 0.0217354 0.00583875 0.00323451 0.00487882 0.00795328 0.011455 0.0144148 0.0158958 0.0154639 0.013438 0.0106652 0.00800767 0.0059437 0.00451182 0.00351214
 1.00075e-16 8.11673e-05 0.000788975 0.00524302 0.023834 0.0741564 0.157998 0.230603 0.230604 0.158004 0.0741768 0.0238929 0.00539087 0.00111162 0.000693571 0.00101716 0.00145499 0.00182439 0.00200005 0.00192581 0.00164352 0.00126447 0.000903369 0.000625969 0.00044028 0.000321127
 1.00631e-16 1.73368e-05 0.00016852 0.00111988 0.00509086 0.01584 0.0337515 0.0492769 0.0493518 0.0341171 0.0170672 0.00863344 0.0100042 0.0195363 0.0367216 0.0604741 0.0866279 0.107914 0.116937 0.11029 0.0906433 0.0650756 0.0410252 0.022967 0.0116902 0.0056596
 1.0086e-16 7.93748e-05 0.000771551 0.00512723 0.0233076 0.0725187 0.154509 0.22551 0.225511 0.154513 0.0725319 0.0233462 0.00522589 0.000993528 0.000520201 0.000784366 0.00123806 0.00179668 0.00242362 0.00308753 0.00374976 0.00433976 0.00474554 0.00484556 0.00457084 0.00395285
 1.01175e-16 5.32691e-05 0.000517794 0.00344093 0.015642 0.0486682 0.103694 0.151351 0.151384 0.103854 0.0492053 0.0171925 0.00732951 0.00899527 0.0161203 0.0264791 0.0379371 0.0472857 0.0513005 0.04851 0.0401028 0.0291853 0.0190003 0.0114642 0.00685596 0.00443133
 1.04669e-16 4.98001e-05 0.000484075 0.00321685 0.0146234 0.0454988 0.0969409 0.141493 0.141518 0.097063 0.045909 0.0158098 0.00620209 0.00702384 0.0125369 0.0208205 0.0303882 0.0390395 0.0445237 0.0457332 0.0432575 0.0387921 0.0339395 0.0294061 0.0250813 0.0206483
 1.0294e-16 7.10948e-05 0.000691067 0.00459238 0.0208763 0.064954 0.138392 0.201988 0.201996 0.138431 0.0650868 0.0212605 0.00555892 0.00280784 0.00411141 0.00673784 0.00982568 0.0126251 0.0144226 0.0148941 0.0142779 0.0131659 0.0120878 0.0112261 0.0104381 0.00948141
 1.01574e-16 6.82001e-05 0.00066293 0.0044054 0.0200263 0.0623094 0.132757 0.193766 0.19378 0.132827 0.0625445 0.0207052 0.00610908 0.00438055 0.00712427 0.0116587 0.0167625 0.0210269 0.023068 0.0222541 0.0190843 0.0148562 0.0108965 0.00794815 0.00606675 0.00491089
 1.06035e-16 1.47304e-05 0.000143185 0.000951515 0.00432549 0.0134586 0.0286773 0.0418691 0.0419349 0.0289987 0.0145378 0.00744318 0.00877885 0.0172352 0.0324898 0.0537248 0.0774718 0.0975836 0.107774 0.105104 0.0916874 0.0731792 0.0553351 0.0413449 0.0314811 0.0244552
 1.05038e-16 7.0477e-05 0.000685062 0.00455248 0.0206949 0.0643895 0.137189 0.200232 0.200234 0.137202 0.064434 0.0208253 0.0048871 0.00144001 0.00157604 0.00268162 0.00429452 0.00631756 0.00867887 0.0113139 0.0141171 0.0168396 0.0190403 0.0201936 0.0199204 0.0181912
 1.04734e-16 5.46871e-05 0.000531578 0.00353253 0.0160584 0.0499637 0.106454 0.155378 0.155406 0.106589 0.0504183 0.0173709 0.0068254 0.00771422 0.0136796 0.0224883 0.0323011 0.0404483 0.0442686 0.0425848 0.0364431 0.0284518 0.0212476 0.0162591 0.0134789 0.0120511
 1.09033e-16 3.55541e-05 0.000345599 0.00229663 0.0104402 0.0324834 0.0692107 0.101023 0.101059 0.06939 0.033086 0.0121829 0.00667914 0.00993945 0.0183344 0.0304582 0.0443472 0.0567549 0.064356 0.0655631 0.0613683 0.0544654 0.0474233 0.0414074 0.0362113 0.031139
 1.04114e-16 7.16979e-05 0.000696929 0.00463134 0.0210534 0.065505 0.139566 0.203701 0.203707 0.139592 0.0655955 0.0213157 0.00529327 0.00215356 0.00287251 0.00472611 0.00701558 0.00927688 0.0110861 0.012252 0.0128977 0.0133009 0.0136288 0.0137982 0.0135599 0.0127034
 1.02128e-16 6.60861e-05 0.00064238 0.00426884 0.0194055 0.060378 0.128642 0.187761 0.187777 0.128723 0.0606501 0.0201914 0.00624049 0.00494372 0.0082271 0.013476 0.0193602 0.0242532 0.0265519 0.0255326 0.0217934 0.0168664 0.0123169 0.00901844 0.00702189 0.00589233
 1.06747e-16 1.81416e-05 0.000176343 0.00117186 0.00532716 0.0165751 0.0353172 0.0515592 0.0516196 0.0356127 0.0175674 0.00819398 0.00837109 0.0159025 0.0299144 0.0495019 0.0714819 0.0902467 0.100058 0.0982237 0.0866386 0.070391 0.0546216 0.0421244 0.0330759 0.0263093
 1.24601e-16 2.41212e-05 0.000234467 0.00155811 0.00708297 0.0220378 0.0469545 0.0685348 0.0685505 0.047032 0.0222999 0.00784879 0.00351361 0.00461338 0.00866382 0.0151312 0.023775 0.0340489 0.0453068 0.0571252 0.0691956 0.08076 0.0901692 0.09519 0.0940237 0.0863256
 1.05028e-16 7.61807e-05 0.000740504 0.00492091 0.0223697 0.0696005 0.148291 0.216436 0.216438 0.148302 0.0696363 0.0224734 0.00518261 0.0013169 0.00118656 0.00188436 0.00281494 0.00378267 0.00466328 0.00544818 0.00626118 0.00726428 0.00851006 0.0098527 0.0109834 0.0115635
pSPR Fmed_Fpbrs
0.398537   0.216672 0.216672
Fs Fmed_Fpbrs
0.547422   1.005 1.005
SSBpbr Bo_Bmed_Bpbrs
1.65835e+06  577998  276401 276401
Ro
78367.9
SPR SPRFo_SPRFmed_SPRFpbrs
559360 222926 121198
Fref
1.005
Nvult_r0
 128460 3497.29 1840.78 5195.18 1269.59
CTP_r0
 34513.8 1125.7 592.502 1672.21 408.651
YTP_r0
391122
Np
 142466 24076.7 5913.89 139.766 83.4711
Nvult_p0
 118389 20834.6 5117.52 120.945 72.2308
CTP_p0
 51798.3 19049 450.194 236.957 821.807
 51798.3 10443.3 2565.14 60.6232 36.2055
YTP_p0
 731641 613952
CBA_c0
696334
log_Ro
11.0892
likeval ReclasPelacesDesembMPH_pf_preclas_ppelaces_ptallas_desvR_qrecl_qpela
 12.8857 59.8883 0.108623 0.000966255 277.577 118.675 107.369 0 70.8563 1.62379e-05 0 0.107727 0 0 0
q_reclas_q_pelaces
1.77006 1
M
1
N
 26659.2 35338.3 101808 12344.3 0.134859
 17718.2 8361.21 10578.8 30477.1 3695.41
 173178 4272.01 1781.97 2254.59 7282.96
 26308.6 41527.9 904.082 377.117 2018.43
 10173.6 3824.38 4603.14 100.212 265.532
 316790 1126.8 298.332 359.08 28.5309
 19886.3 85210.4 276.605 73.2337 95.1499
 5201.95 3274.11 11093.6 36.0113 21.922
 16835.6 1450.75 842.166 2853.49 14.9016
 58605.9 990.167 49.9538 28.9983 98.7672
 54078.5 5450.45 61.6321 3.10933 7.95266
 123147 15641.5 1469.55 16.6173 2.98254
 84944.1 21804.2 2236.95 210.167 2.80305
 67910.9 15247 3173.83 325.612 31
 47692.2 7155.82 1115.18 232.138 26.0831
 397822 5830.15 634.122 98.8233 22.8826
 22762.5 92207.2 1180.78 128.429 24.6492
 666840 5747.17 20857.5 267.097 34.6267
 321202 185736 1475.86 5356.15 77.4817
 169594 80372.2 41528.7 329.987 1214.91
 383208 40111.9 16708.9 8633.57 321.174
 516804 101680 9674.68 4030.06 2159.82
 32127 130839 23081 2196.12 1405.08
 280145 9016.64 33930.7 5985.63 933.905
 179802 82646.9 2493.99 9385.2 1913.94
 55997.7 52083.7 22326.7 673.742 3052.41
 236169 16215.7 14064.3 6028.93 1006.18
 303651 67883.5 4336.96 3761.54 1881.57
 32015.6 94736.7 20184.2 1289.53 1677.89
 17250.2 10015.4 28266.3 6022.29 885.382
 172377 4535.2 2387.08 6736.99 1646.37
pred_Ctot
 2517.48 4231.2 12189.9 1478.04 0.0161472
 3993.73 2323.27 2939.45 8468.46 1026.82
 39455 1199.15 500.199 632.863 2044.33
 10825.3 20138 438.413 182.874 978.787
 4935.39 2143.8 2580.34 56.1751 148.847
 55220.9 244.881 64.8346 78.0367 6.20045
 7403.59 37762.9 122.583 32.4552 42.1678
 813.582 640.888 2171.5 7.04899 4.29109
 10253 984.975 571.781 1937.35 10.1173
 30775.5 594.131 29.9738 17.3999 59.2634
 7452.12 943.759 10.6717 0.538388 1.37702
 42806.1 6512.09 611.826 6.91834 1.24173
 29119.2 8963.12 919.552 86.3939 1.15226
 33756.1 8728.41 1816.92 186.403 17.7465
 21944.1 3830.61 596.972 124.267 13.9626
 96570.9 1737.81 189.014 29.4565 6.82066
 4653.22 23345.5 298.958 32.5164 6.24082
 104719 1129.41 4098.85 52.4889 6.80472
 66995.5 47936.9 380.906 1382.38 19.9974
 39672.2 23132.2 11952.5 94.9746 349.666
 69333.8 9035.13 3763.65 1944.7 72.3439
 104997 25592.5 2435.09 1014.35 543.618
 4922.16 25105.8 4428.85 421.398 269.611
 35711.3 1447.39 5446.7 960.839 149.915
 24636.7 14231.8 429.466 1616.13 329.58
 7682.34 8979.55 3849.26 116.157 526.255
 33306.6 2871.58 2490.58 1067.64 178.181
 29554.5 8372.49 534.903 463.933 232.065
 3068.72 11510.3 2452.33 156.675 203.861
 3197.48 2308.94 6516.46 1388.37 204.114
 34513.8 1125.7 592.502 1672.21 408.651
F
 0.159531 0.206116 0.206116 0.206116 0.206116
 0.422508 0.545884 0.545884 0.545884 0.545884
 0.427952 0.552919 0.552919 0.552919 0.552919
 0.928498 1.19963 1.19963 1.19963 1.19963
 1.20041 1.55095 1.55095 1.55095 1.55095
 0.313117 0.40455 0.40455 0.40455 0.40455
 0.803984 1.03876 1.03876 1.03876 1.03876
 0.276953 0.357826 0.357826 0.357826 0.357826
 1.83337 2.36874 2.36874 2.36874 2.36874
 1.37514 1.77669 1.77669 1.77669 1.77669
 0.240508 0.310739 0.310739 0.310739 0.310739
 0.731274 0.944813 0.944813 0.944813 0.944813
 0.717613 0.927163 0.927163 0.927163 0.927163
 1.25027 1.61536 1.61536 1.61536 1.61536
 1.10173 1.42344 1.42344 1.42344 1.42344
 0.461965 0.596864 0.596864 0.596864 0.596864
 0.376408 0.486324 0.486324 0.486324 0.486324
 0.278224 0.359469 0.359469 0.359469 0.359469
 0.3854 0.497941 0.497941 0.497941 0.497941
 0.441735 0.570726 0.570726 0.570726 0.570726
 0.326747 0.422161 0.422161 0.422161 0.422161
 0.373696 0.482819 0.482819 0.482819 0.482819
 0.270624 0.349649 0.349649 0.349649 0.349649
 0.22073 0.285186 0.285186 0.285186 0.285186
 0.239003 0.308794 0.308794 0.308794 0.308794
 0.239328 0.309215 0.309215 0.309215 0.309215
 0.246754 0.318809 0.318809 0.318809 0.318809
 0.164778 0.212895 0.212895 0.212895 0.212895
 0.162097 0.20943 0.20943 0.20943 0.20943
 0.335956 0.434058 0.434058 0.434058 0.434058
 0.367379 0.474657 0.474657 0.474657 0.474657
YTP_r0W_actual
 286464 15872.3 16353.1 57189.4 15242.7
YTP_p0W_proyectada
 387969 298498 10413 6959.42 27801.7
 387969 163646 59331.8 1780.5 1224.83
CTP_r0_actual
 34513.8 1125.7 592.502 1672.21 408.651
CTP_p0_proyectada
 51798.3 19049 450.194 236.957 821.807
 51798.3 10443.3 2565.14 60.6232 36.2055
Wmedp
 7.49 15.67 23.13 29.37 33.83
Frms_r0
 0.367379 0.474657 0.474657 0.474657 0.474657
Zrms_r0
 1.36738 1.47466 1.47466 1.47466 1.47466
nmprior
 8.19 8.8 8.5 0
nm_flota  nm_reclas  nm_pelaces    nm_pelaL
inf 13.7819 6.99938 12.5481
cv_recla  cv_pelaces  cv_mph
0.324697 0.877492 0.959293
 ------------------------------------------------
Talla a la edad & desviaci?n 
 8 13.2811 15.8009 17.003 17.5766
 0.8 1.32811 1.58009 1.7003 1.75766
