years
 1991 1992 1993 1994 1995 1996 1997 1998 1999 2000 2001 2002 2003 2004 2005 2006 2007 2008 2009 2010 2011 2012 2013 2014 2015 2016 2017 2018 2019 2020 2021
reclasobs
 0 0 0 0 0 0 0 0 0 252601 567819 844713 477998 351125 339783 2.1784e+06 2.13404e+06 4.81314e+06 1.55562e+06 2.62356e+06 3.21686e+06 3.843e+06 1.13348e+06 3.07943e+06 1.97215e+06 2.03268e+06 2.025e+06 2.42433e+06 2.27542e+06 1.05018e+06 2.36338e+06
reclaspred
 3.18601e+06 1.73101e+06 876044 890808 898925 1.62791e+06 889520 752737 528266 349729 499580 693444 681611 496042 479927 1.38496e+06 1.18365e+06 3.21433e+06 2.51188e+06 1.81732e+06 3.13189e+06 2.56739e+06 1.91872e+06 3.0605e+06 2.26561e+06 1.98719e+06 2.42e+06 2.66017e+06 2.08255e+06 1.2311e+06 1.82372e+06
pelacesobs
 0 0 0 0 0 0 0 0 0 0 0 0 0 0 0 552880 188675 0 991730 2.46772e+06 1.41603e+06 1.21717e+06 2.29649e+06 1.80582e+06 0 1.4828e+06 1.56532e+06 1.57751e+06 1.42118e+06 867257 1.10002e+06
pelacespred
 1.74487e+06 1.03088e+06 505027 421616 468379 880824 414722 476311 300575 180816 284695 325861 356333 260692 261845 643738 562963 1.79599e+06 1.41252e+06 927577 1.62539e+06 1.37754e+06 1.06737e+06 1.88677e+06 1.32965e+06 1.17664e+06 1.6326e+06 1.76652e+06 1.15606e+06 759279 1.11276e+06
mphobs
 0 0 0 0 0 0 0 0 0 0 0 498337 0 5186 125008 0 168611 109162 213762 579715 649985 157893 87575 83554 0 0 0 0 0 0 0
mphpred
 489518 327956 156078 86713 93110.2 112865 161019 83038 74367.6 45182.7 27209.2 60758.8 65671.6 53231.3 31378.8 39776.2 154643 130471 322477 219709 231242 282993 271714 212895 310712 255792 206773 226041 330768 211248 117180
desembarqueobs
 494567 514787 250237 358949 120608 361735 552515 73892 212993 205616 52469 317467 293654 387597 252695 516296 358380 742168 942051 627588 828172 859565 418607 520667 417249 300574 415391 372974 316634 284311 391294
desembarquepred
 494568 513934 250607 358983 120614 361736 552513 73897.2 213052 205669 52471.7 317519 293676 387544 252659 516202 358400 741987 941694 627327 828240 859499 418597 520685 417225 300564 415374 372932 316605 284306 391293
Reclutas
 165643 91739.9 91853.6 133694 108200 208605 79031 32470.9 32721.8 44455.3 82748.1 123661 103207 72222.9 64665.4 352947 65224.8 579897 312361 255741 343764 481662 91159.1 270292 233214 100343 229298 261748 74276.2 53667.1 208648
log_desv_Rt
 0.237588 -0.353288 -0.352049 0.0233119 -0.188265 0.468198 -0.502404 -1.3919 -1.3842 -1.07776 -0.456443 -0.0546983 -0.235507 -0.592488 -0.703018 0.994074 -0.694405 1.49061 0.871914 0.671921 0.96771 1.305 -0.359638 0.72726 0.579713 -0.263647 0.562779 0.695136 -0.564454 -0.889444 0.468405
SSB
 1.83327e+06 1.22821e+06 584521 324744 348702 422686 603022 310981 278510 169211 101900 227545 245943 199354 117515 148964 579147 488621 1.20769e+06 822821 866011 1.05982e+06 1.01758e+06 797302 1.16363e+06 957952 774373 846535 1.23874e+06 791135 438845
BT
 2.6284e+06 1.80713e+06 879648 835957 693699 1.44401e+06 1.01704e+06 675914 596110 428558 412806 682975 724009 737804 591927 1.25324e+06 996818 2.98966e+06 2.70795e+06 1.74285e+06 2.77219e+06 2.55816e+06 1.72172e+06 2.92582e+06 2.08163e+06 1.76812e+06 2.53347e+06 2.65465e+06 1.7276e+06 1.24257e+06 1.81925e+06
Ftot
 0.227798 0.42125 0.414597 0.635674 0.213342 0.373221 0.870243 0.15368 0.618644 0.888996 0.188394 0.733588 0.685238 1.20314 0.890789 0.676335 0.451283 0.411954 0.580069 0.544578 0.430461 0.539448 0.324693 0.289854 0.287022 0.231567 0.288909 0.240787 0.219561 0.337458 0.373769
BD_Bspro_t
 0.964362 0.760533 0.544165 0.442722 0.433029 0.531382 0.541162 0.339998 0.393003 0.325835 0.280345 0.550342 0.430705 0.33619 0.222526 0.268574 0.467855 0.414849 0.566938 0.443129 0.409838 0.456544 0.47487 0.453223 0.579401 0.589819 0.594031 0.642643 0.706245 0.612875 0.51358
BD_Bspro
 1.96645 1.31744 0.626985 0.348337 0.374035 0.453393 0.646831 0.333574 0.298744 0.181504 0.109303 0.244076 0.263811 0.213836 0.126052 0.159786 0.621221 0.524119 1.29543 0.882598 0.928926 1.13682 1.09151 0.855225 1.24817 1.02755 0.83063 0.908035 1.32874 0.84861 0.470727
BD_Bo
 1.27866 0.856647 0.407689 0.226501 0.243211 0.294813 0.420593 0.216902 0.194254 0.118021 0.0710726 0.158707 0.171539 0.139044 0.0819639 0.103899 0.403941 0.340801 0.842336 0.573897 0.604022 0.739201 0.709738 0.556099 0.811603 0.668148 0.540106 0.590438 0.863992 0.551797 0.306084
BD_Brms
 6.79657 4.55341 2.16703 1.20394 1.29276 1.56705 2.23562 1.15292 1.03254 0.627327 0.377779 0.843589 0.911798 0.739075 0.43567 0.552261 2.1471 1.81149 4.47735 3.05049 3.21061 3.92914 3.77253 2.95588 4.31399 3.55147 2.87088 3.13841 4.59246 2.93302 1.62696
Sel_flota
 0.68865 0.976757 0.998749 0.999934 0.999997
 0.68865 0.976757 0.998749 0.999934 0.999997
 0.68865 0.976757 0.998749 0.999934 0.999997
 0.68865 0.976757 0.998749 0.999934 0.999997
 0.68865 0.976757 0.998749 0.999934 0.999997
 0.68865 0.976757 0.998749 0.999934 0.999997
 0.68865 0.976757 0.998749 0.999934 0.999997
 0.68865 0.976757 0.998749 0.999934 0.999997
 0.68865 0.976757 0.998749 0.999934 0.999997
 0.68865 0.976757 0.998749 0.999934 0.999997
 0.68865 0.976757 0.998749 0.999934 0.999997
 0.68865 0.976757 0.998749 0.999934 0.999997
 0.68865 0.976757 0.998749 0.999934 0.999997
 0.68865 0.976757 0.998749 0.999934 0.999997
 0.68865 0.976757 0.998749 0.999934 0.999997
 0.68865 0.976757 0.998749 0.999934 0.999997
 0.68865 0.976757 0.998749 0.999934 0.999997
 0.68865 0.976757 0.998749 0.999934 0.999997
 0.68865 0.976757 0.998749 0.999934 0.999997
 0.68865 0.976757 0.998749 0.999934 0.999997
 0.68865 0.976757 0.998749 0.999934 0.999997
 0.68865 0.976757 0.998749 0.999934 0.999997
 0.68865 0.976757 0.998749 0.999934 0.999997
 0.68865 0.976757 0.998749 0.999934 0.999997
 0.68865 0.976757 0.998749 0.999934 0.999997
 0.68865 0.976757 0.998749 0.999934 0.999997
 0.68865 0.976757 0.998749 0.999934 0.999997
 0.68865 0.976757 0.998749 0.999934 0.999997
 0.68865 0.976757 0.998749 0.999934 0.999997
 0.68865 0.976757 0.998749 0.999934 0.999997
 0.68865 0.976757 0.998749 0.999934 0.999997
Sel_reclas
 1 1 1 1 1
 1 1 1 1 1
 1 1 1 1 1
 1 1 1 1 1
 1 1 1 1 1
 1 1 1 1 1
 1 1 1 1 1
 1 1 1 1 1
 1 1 1 1 1
 1 1 1 1 1
 1 1 1 1 1
 1 1 1 1 1
 1 1 1 1 1
 1 1 1 1 1
 1 1 1 1 1
 1 1 1 1 1
 1 1 1 1 1
 1 1 1 1 1
 1 1 1 1 1
 1 1 1 1 1
 1 1 1 1 1
 1 1 1 1 1
 1 1 1 1 1
 1 1 1 1 1
 1 1 1 1 1
 1 1 1 1 1
 1 1 1 1 1
 1 1 1 1 1
 1 1 1 1 1
 1 1 1 1 1
 1 1 1 1 1
Sel_pelaces
 0.964736 1 1 1 1
 0.964736 1 1 1 1
 0.964736 1 1 1 1
 0.964736 1 1 1 1
 0.964736 1 1 1 1
 0.964736 1 1 1 1
 0.964736 1 1 1 1
 0.964736 1 1 1 1
 0.964736 1 1 1 1
 0.964736 1 1 1 1
 0.964736 1 1 1 1
 0.964736 1 1 1 1
 0.964736 1 1 1 1
 0.964736 1 1 1 1
 0.964736 1 1 1 1
 0.964736 1 1 1 1
 0.964736 1 1 1 1
 0.964736 1 1 1 1
 0.964736 1 1 1 1
 0.964736 1 1 1 1
 0.964736 1 1 1 1
 0.964736 1 1 1 1
 0.964736 1 1 1 1
 0.964736 1 1 1 1
 0.964736 1 1 1 1
 0.964736 1 1 1 1
 0.964736 1 1 1 1
 0.964736 1 1 1 1
 0.964736 1 1 1 1
 0.964736 1 1 1 1
 0.964736 1 1 1 1
pf_obs 
 0.8446 0.082 0.0669 0.0065 0
 0.8095 0.147 0.0364 0.0071 0
 0.9664 0.0169 0.016 0.0007 0
 0.9276 0.0648 0.0075 0.0001 0
 0.7033 0.2144 0.0806 0.0017 0
 0.9318 0.0425 0.0243 0.0014 0
 0.5671 0.3108 0.0964 0.0239 0.0018
 0.0768 0.2599 0.5324 0.112 0.0189
 0.490249 0.384438 0.106611 0.0170017 0.00170017
 0.7925 0.1577 0.0466 0.003 0.0002
 0.840416 0.127587 0.0312969 0.00059994 9.999e-05
 0.8084 0.0986 0.0794 0.0134 0.0002
 0.7335 0.1905 0.0724 0.0035 0.0001
 0.4001 0.4547 0.1325 0.0127 0
 0.49795 0.308269 0.164784 0.0264974 0.00249975
 0.9179 0.0499 0.0305 0.0017 0
 0.2467 0.6533 0.0926 0.0074 0
 0.9418 0.0223 0.034 0.0019 0
 0.707729 0.231977 0.0356964 0.0245975 0
 0.517169 0.277429 0.184464 0.0207286 0.00020938
 0.811772 0.124168 0.05621 0.00726502 0.000585176
 0.764997 0.148141 0.077277 0.00933861 0.000247198
 0.163321 0.427699 0.378323 0.0303852 0.000271297
 0.753843 0.0900009 0.118128 0.0371064 0.000921714
 0.721811 0.176058 0.0630433 0.0369309 0.00215725
 0.143369 0.312575 0.442814 0.0836902 0.0175525
 0.692698 0.0596174 0.167031 0.0765114 0.00414204
 0.394062 0.376323 0.152708 0.0712218 0.00568511
 0.125707 0.32114 0.495352 0.0537591 0.00404204
 0.23352 0.215282 0.420074 0.123614 0.00750983
 0.796117 0.104755 0.0508955 0.0450114 0.00322123
pf_pred 
 0.493574 0.144668 0.337766 0.0239906 8.85843e-07
 0.434213 0.333494 0.0675189 0.15386 0.0109145
 0.591036 0.219934 0.112698 0.0222098 0.0541228
 0.732043 0.184081 0.0456813 0.0227853 0.0154099
 0.666466 0.270556 0.043678 0.0105189 0.00878067
 0.768478 0.172121 0.0484058 0.00762876 0.0033664
 0.46132 0.448621 0.0674087 0.0184625 0.00418766
 0.460177 0.315216 0.188107 0.0273325 0.00916745
 0.55902 0.243405 0.116498 0.0679156 0.0131616
 0.744794 0.170284 0.0475168 0.0220701 0.015335
 0.847853 0.126049 0.0176135 0.00475142 0.00373338
 0.758328 0.215008 0.022182 0.00302652 0.00145604
 0.704114 0.246704 0.0439081 0.00438879 0.000885363
 0.657039 0.27132 0.0600403 0.0103587 0.00124218
 0.768996 0.178349 0.0419958 0.00893635 0.00172303
 0.946208 0.0455317 0.00642731 0.00146274 0.000370591
 0.364238 0.613685 0.0187754 0.00257024 0.000731922
 0.918638 0.0377191 0.0421669 0.00125523 0.000220438
 0.579929 0.39694 0.0108787 0.0118387 0.000413707
 0.62859 0.25301 0.112063 0.00298254 0.00335391
 0.740071 0.188115 0.0493682 0.0212466 0.00119946
 0.756795 0.197415 0.0333904 0.00852819 0.00387185
 0.311067 0.569942 0.0971105 0.0159617 0.0059184
 0.746226 0.101566 0.126476 0.0210061 0.00472637
 0.629318 0.301588 0.0280734 0.0340932 0.00692718
 0.424154 0.410932 0.134815 0.0122394 0.0178599
 0.733264 0.138088 0.0924463 0.0296017 0.00660016
 0.687799 0.250581 0.0322914 0.0210838 0.00824525
 0.334222 0.507528 0.127637 0.0160522 0.0145604
 0.413844 0.24722 0.259862 0.0637942 0.0152802
 0.834467 0.0850858 0.0344425 0.0352829 0.0107215
pobs_RECLAS
 0 0 0 0 0
 0 0 0 0 0
 0 0 0 0 0
 0 0 0 0 0
 0 0 0 0 0
 0 0 0 0 0
 0 0 0 0 0
 0 0 0 0 0
 0 0 0 0 0
 0 0 0 0 0
 0.991045 0.00858322 0.000360255 1.14367e-05 0
 0.934742 0.0480273 0.0164251 0.00080598 0
 0.827803 0.169806 0.00239088 0 0
 0.941827 0.0461693 0.0120037 0 0
 0.791401 0.0380133 0.147996 0.0225897 0
 0.846168 0.0940531 0.0597789 0 0
 0.134021 0.677848 0.182769 0.00536245 0
 0.80878 0.0450904 0.141981 0.00414843 0
 0.846168 0.0940531 0.0597789 0 0
 0.905697 0.0802665 0.012482 0.00150086 5.37128e-05
 0.989698 0.0102097 9.19794e-05 0 0
 0.975433 0.0193895 0.00387452 0.00125025 5.28907e-05
 0.303575 0.632131 0.0575291 0.00676475 0
 0.966965 0.00978017 0.0227588 0.000495775 0
 0.843318 0.132988 0.00938335 0.0141283 0.000182051
 0.564624 0.303363 0.111486 0.0197234 0.00080311
 0.826376 0.0876187 0.0782897 0.00655872 0.00115652
 0.89761 0.0855135 0.0140674 0.00269457 0.000114338
 0.34875 0.467042 0.161289 0.0227151 0.000203297
 0.318654 0.224769 0.449479 0.00709798 0
 0.937255 0.0296025 0.0250945 0.00804832 0
ppred_RECLAS
 0.58575 0.120277 0.274498 0.0194732 7.18995e-07
 0.526963 0.281589 0.055696 0.126761 0.00899154
 0.677367 0.175415 0.0878152 0.0172846 0.042118
 0.799737 0.138634 0.0335846 0.0167301 0.011314
 0.741153 0.210881 0.0332792 0.00800484 0.00668165
 0.827301 0.129156 0.0354909 0.00558646 0.00246502
 0.557997 0.369657 0.0541685 0.0148163 0.0033604
 0.550667 0.264859 0.154527 0.0224262 0.00752137
 0.65006 0.195276 0.0912443 0.0531254 0.0102946
 0.812209 0.126371 0.0343871 0.0159503 0.011082
 0.888588 0.0926633 0.0126582 0.00341055 0.00267963
 0.820972 0.159705 0.0160782 0.00219085 0.00105393
 0.776489 0.18711 0.0325028 0.00324458 0.000654493
 0.742592 0.204777 0.0441191 0.00760096 0.000911413
 0.831092 0.131158 0.0301163 0.00639988 0.00123388
 0.962492 0.0318667 0.00439061 0.000997936 0.000252813
 0.452086 0.529316 0.0158193 0.00216286 0.000615875
 0.942613 0.0269377 0.0294207 0.000874712 0.000153604
 0.666691 0.315376 0.00843942 0.00917254 0.000320515
 0.711273 0.198172 0.0857149 0.0022784 0.00256192
 0.804706 0.14226 0.0364723 0.0156771 0.00088498
 0.818664 0.147856 0.0244218 0.00622966 0.00282812
 0.393648 0.503624 0.0838572 0.0137664 0.00510409
 0.810049 0.0770799 0.0938084 0.0155615 0.0035011
 0.709198 0.237633 0.0216188 0.0262225 0.00532764
 0.51419 0.348953 0.111904 0.010147 0.0148058
 0.799039 0.105204 0.0688346 0.0220142 0.0049081
 0.75964 0.193803 0.0244118 0.0159197 0.00622531
 0.418695 0.44554 0.109529 0.0137581 0.0124787
 0.506238 0.211069 0.216803 0.0531583 0.0127319
 0.879755 0.0625247 0.02473 0.0253022 0.00768811
pobs_PELACES
 0 0 0 0 0
 0 0 0 0 0
 0 0 0 0 0
 0 0 0 0 0
 0 0 0 0 0
 0 0 0 0 0
 0 0 0 0 0
 0 0 0 0 0
 0 0 0 0 0
 0 0 0 0 0
 0 0 0 0 0
 0 0 0 0 0
 0 0 0 0 0
 0 0 0 0 0
 0 0 0 0 0
 0 0 0 0 0
 0.505614 0.472636 0.0217494 0 0
 0 0 0 0 0
 0.443492 0.261883 0.143347 0.151278 0
 0.227955 0.32914 0.350689 0.0885471 0.00366901
 0.970185 0.0296113 0.000203453 0 0
 0.997202 0.00247181 0.000326279 0 0
 0.445219 0.490057 0.0546422 0.010081 0
 0.90214 0.0892962 0.00764917 0.000914606 0
 0 0 0 0 0
 0.581667 0.319106 0.0959925 0.00289975 0.000334073
 0.762889 0.0836404 0.116647 0.0363945 0.000428098
 0.88444 0.0763242 0.0277011 0.0115352 0
 0.521256 0.241999 0.230069 0.00667565 0
 0.616807 0.101726 0.260614 0.0208532 0
 0.833518 0.0704572 0.0857862 0.0102388 0
ppred_PELACES
 0.582576 0.121342 0.27647 0.0196113 7.24091e-07
 0.528317 0.281144 0.0554382 0.126153 0.00894836
 0.678441 0.175077 0.0873824 0.0171966 0.0419032
 0.803867 0.135973 0.0327882 0.0163293 0.0110428
 0.738202 0.213347 0.0336163 0.00808525 0.00674875
 0.82734 0.129216 0.0354113 0.00557312 0.00245912
 0.569772 0.360186 0.0524483 0.0143409 0.00325252
 0.545508 0.268023 0.156199 0.0226675 0.00760227
 0.655712 0.192511 0.0895495 0.052126 0.0101009
 0.819832 0.121504 0.0328499 0.015232 0.0105827
 0.886819 0.0941573 0.0128447 0.00346055 0.00271891
 0.825976 0.155331 0.0155548 0.00211892 0.00101931
 0.781663 0.182927 0.0316186 0.00315547 0.000636508
 0.757637 0.193154 0.0412532 0.00710388 0.000851788
 0.838029 0.125955 0.0287351 0.00610426 0.00117686
 0.96353 0.0310078 0.00425135 0.000966027 0.000244726
 0.45385 0.527671 0.0157186 0.00214871 0.00061184
 0.942875 0.0268573 0.0292454 0.000869359 0.000152662
 0.671006 0.311366 0.0082971 0.00901581 0.000315034
 0.714775 0.196011 0.0844459 0.00224419 0.00252343
 0.805629 0.141709 0.0362178 0.0155651 0.000878649
 0.821045 0.146022 0.0240246 0.00612704 0.0027815
 0.392544 0.504744 0.083846 0.0137628 0.00510272
 0.808957 0.0776208 0.0942683 0.015636 0.00351784
 0.7075 0.239114 0.0217083 0.0263282 0.00534907
 0.510841 0.351527 0.11254 0.0102038 0.0148885
 0.797846 0.105936 0.0691686 0.0221186 0.00493133
 0.757321 0.195741 0.0246128 0.0160493 0.00627596
 0.415134 0.448438 0.110065 0.0138244 0.0125387
 0.505639 0.211625 0.216843 0.053161 0.0127324
 0.879858 0.0625548 0.0246749 0.0252421 0.0076698
pobs_pel_tallas
 0 0 0 0 0 0 0 0 0 0 0 0 0 0 0 0 0 0 0 0 0 0 0 0 0 0
 0 0 0 0 0 0 0 0 0 0 0 0 0 0 0 0 0 0 0 0 0 0 0 0 0 0
 0 0 0 0 0 0 0 0 0 0 0 0 0 0 0 0 0 0 0 0 0 0 0 0 0 0
 0 0 0 0 0 0 0 0 0 0 0 0 0 0 0 0 0 0 0 0 0 0 0 0 0 0
 0 0 0 0 0 0 0 0 0 0 0 0 0 0 0 0 0 0 0 0 0 0 0 0 0 0
 0 0 0 0 0 0 0 0 0 0 0 0 0 0 0 0 0 0 0 0 0 0 0 0 0 0
 0 0 0 0 0 0 0 0 0 0 0 0 0 0 0 0 0 0 0 0 0 0 0 0 0 0
 0 0 0 0 0 0 0 0 0 0 0 0 0 0 0 0 0 0 0 0 0 0 0 0 0 0
 0 0 0 0 0 0 0 0 0 0 0 0 0 0 0 0 0 0 0 0 0 0 0 0 0 0
 0 0 0 0 0 0 0 0 0 0 0 0 0 0 0 0 0 0 0 0 0 0 0 0 0 0
 0 0 0 0 0 0 0 0 0 0 0 0 0 0 0 0 0 0 0 0 0 0 0 0 0 0
 0 0 0 0 0 0 0 0 0 0 0 0 0 0 0 0 0 0 0 0 0 0 0 0 0 0
 0.00862536 0 0 0.000197151 0.00414017 0.0128641 0.00837892 0.0270097 0.101434 0.158115 0.152841 0.127902 0.109271 0.109419 0.0830992 0.0579132 0.0238553 0.00714673 0.00463305 0.00128148 0.00103504 0.000492878 0.000147863 0.000147863 4.92878e-05 0
 0 0 0 0 0 0 0 0 0 0 0 0 0 0 0 0 0 0 0 0 0 0 0 0 0 0
 0 0 0 0 0 0 0 0.0054083 0.00873648 0.0413646 0.0450493 0.0745869 0.0622846 0.0627006 0.0613931 0.0827291 0.12552 0.122667 0.0946155 0.0697135 0.0546179 0.0294188 0.0215738 0.0213955 0.0102223 0.00600262
 0 0 0 0 0.00359764 0.0251062 0.0480494 0.140153 0.205849 0.193036 0.1447 0.116669 0.0760912 0.0342217 0.00950174 0.001854 0.000860785 0 0 0 0.000165536 0 0.000143464 0 0 0
 0 0 0 0 0 0 0 0.000145254 0.000435761 0.0275982 0.070085 0.0708112 0.156366 0.174668 0.174014 0.160142 0.0824315 0.0480064 0.0283245 0.00493863 0.00203355 0 0 0 0 0
 0 0 0 0 0 0 0 0 0 0 0 0 0 0 0 0 0 0 0 0 0 0 0 0 0 0
 0 0 1.00437e-05 0.000401748 0.00122533 0.00171747 0.00176769 0.0269171 0.070346 0.194647 0.189555 0.159765 0.064822 0.0314167 0.0384472 0.0292271 0.0345202 0.0313363 0.0194345 0.0106764 0.0143323 0.0359363 0.0279516 0.0138201 0.00172751 0
 0 0.0021121 0.0136068 0.0755702 0.200478 0.177729 0.0527432 0.0373336 0.0318909 0.0142505 0.0149659 0.0166563 0.0217959 0.0798694 0.0677717 0.0528807 0.04013 0.0224614 0.0357745 0.0225083 0.00881397 0.00855152 0.00135912 0.000746735 0 0
 0 0 0 0 5.4009e-05 0.00500934 0.000945158 0.0243581 0.138947 0.33067 0.221406 0.137944 0.0707744 0.0437923 0.0131692 0.00525238 0.0047753 0.00276346 9.45158e-05 9.00151e-06 2.25038e-05 9.00151e-06 4.50075e-06 0 0 0
 0.000866109 0.00284123 0.00948549 0.0512746 0.133035 0.25785 0.225252 0.132002 0.0553304 0.0519788 0.0540692 0.017754 0.00435017 0.00159236 0.00146478 0.000404838 0.000125132 0.000115318 0.000107957 0.000100596 0 0 0 0 0 0
 0 0 0 0 0.00144013 0.00171154 0.00461396 0.0210425 0.0478622 0.0707936 0.0888783 0.103762 0.0637923 0.0337046 0.0602308 0.124433 0.169614 0.0934646 0.0462172 0.0250306 0.0313229 0.00938855 0.002487 0.000210481 0 0
 0 0.00764035 0.051015 0.0998891 0.058973 0.0496711 0.0374665 0.0718981 0.12319 0.153886 0.159021 0.0857701 0.0377988 0.023471 0.0147837 0.00900784 0.00315554 0.000888139 0.00291439 0.00214683 0.00393193 0.00274676 0.000635225 9.99891e-05 0 0
 0 0 0 0 0 0 0 0 0 0 0 0 0 0 0 0 0 0 0 0 0 0 0 0 0 0
 0 0 0 0 0 0 0 0 0 0 0 0 0 0 0 0 0 0 0 0 0 0 0 0 0 0
 0 0 0 0 0 0 0 0 0 0 0 0 0 0 0 0 0 0 0 0 0 0 0 0 0 0
 0 0 0 0 0 0 0 0 0 0 0 0 0 0 0 0 0 0 0 0 0 0 0 0 0 0
 0 0 0 0 0 0 0 0 0 0 0 0 0 0 0 0 0 0 0 0 0 0 0 0 0 0
 0 0 0 0 0 0 0 0 0 0 0 0 0 0 0 0 0 0 0 0 0 0 0 0 0 0
 0 0 0 0 0 0 0 0 0 0 0 0 0 0 0 0 0 0 0 0 0 0 0 0 0 0
ppred_pel_tallas
 1.09977e-16 4.79861e-05 0.000466442 0.00309967 0.0140907 0.0438413 0.093409 0.136336 0.136348 0.0934684 0.0440417 0.0146745 0.00458459 0.00377232 0.00651441 0.0111828 0.017241 0.0240414 0.0308679 0.0372506 0.0429914 0.0478121 0.0510083 0.0515637 0.0487311 0.0426152
 1.15838e-16 4.35168e-05 0.000422999 0.00281098 0.0127783 0.0397582 0.0847101 0.123643 0.12367 0.0848429 0.0402042 0.0140675 0.00605104 0.00750967 0.0135446 0.0224404 0.0326171 0.0416879 0.0473042 0.0485249 0.0464217 0.0433153 0.041229 0.0407557 0.0410387 0.0406087
 1.11383e-16 5.58823e-05 0.000543196 0.00360973 0.0164093 0.0510556 0.10878 0.158771 0.158788 0.108863 0.0513347 0.017217 0.00564251 0.00499898 0.00857229 0.0142268 0.0208304 0.0269268 0.0310758 0.0326483 0.0321769 0.0309037 0.029895 0.0294375 0.0290862 0.0281515
 1.04488e-16 6.62135e-05 0.000643619 0.00427707 0.019443 0.0604943 0.12889 0.188122 0.188135 0.128954 0.0607099 0.020066 0.00584244 0.00406557 0.00657938 0.0108106 0.0156594 0.0198943 0.0223134 0.0223828 0.02055 0.0179168 0.0155361 0.0138855 0.0128282 0.0119347
 1.02978e-16 6.08048e-05 0.000591044 0.0039277 0.0178548 0.0555529 0.118362 0.172757 0.172778 0.118463 0.0558904 0.0188297 0.00637527 0.00593526 0.0102139 0.0167987 0.0242156 0.0305003 0.0336931 0.0328938 0.0287915 0.0231839 0.0178861 0.0138808 0.0112011 0.00936412
 1.02031e-16 6.81469e-05 0.000662413 0.00440196 0.0200107 0.0622608 0.132654 0.193614 0.193627 0.132715 0.0624657 0.0206029 0.0058897 0.00391448 0.00625711 0.0102695 0.014864 0.0188522 0.0210659 0.0209586 0.0189095 0.0159286 0.0130142 0.0106749 0.00889648 0.00742259
 1.03595e-16 4.69315e-05 0.000456191 0.00303155 0.013781 0.042878 0.0913574 0.133346 0.133381 0.091527 0.0434476 0.0154264 0.00716177 0.00947304 0.0171732 0.0283207 0.0408025 0.0513313 0.0565833 0.0550216 0.0478005 0.0379618 0.0285968 0.021411 0.0165189 0.0131648
 1.08136e-16 4.49328e-05 0.000436763 0.00290245 0.0131941 0.0410519 0.0874664 0.127665 0.127691 0.0875937 0.0414797 0.0144321 0.00601899 0.00727033 0.0131115 0.0218355 0.0319883 0.0413487 0.0476459 0.0497819 0.0483728 0.045103 0.0414685 0.0379716 0.0342649 0.0298595
 1.09571e-16 5.40102e-05 0.000524998 0.0034888 0.0158596 0.0493452 0.105136 0.153453 0.153471 0.105227 0.049652 0.0167473 0.00572282 0.00542116 0.00941008 0.0156237 0.0228645 0.0295309 0.0340319 0.0356635 0.0349918 0.0333515 0.0318748 0.0308428 0.0297656 0.0279463
 1.04298e-16 6.75285e-05 0.000656401 0.00436202 0.0198291 0.0616957 0.13145 0.191857 0.191869 0.131507 0.0618885 0.0203863 0.00576217 0.00371815 0.00589789 0.00968518 0.0140455 0.0178797 0.0201211 0.0202955 0.0187976 0.0165952 0.0146041 0.0132246 0.0123158 0.011489
 1.01202e-16 7.30461e-05 0.000710034 0.00471843 0.0214493 0.0667367 0.14219 0.207532 0.207541 0.142234 0.0668856 0.0218793 0.00579789 0.00306651 0.00454846 0.00740412 0.0106596 0.013407 0.0147751 0.0143656 0.0124864 0.00994033 0.00754202 0.00573815 0.00455104 0.0037672
 1.00874e-16 6.80345e-05 0.00066132 0.0043947 0.0199777 0.0621581 0.132435 0.193296 0.193311 0.132508 0.0624035 0.0206863 0.00617296 0.00454143 0.00743165 0.012164 0.0174819 0.0219112 0.023997 0.0230661 0.0196257 0.0150218 0.0106446 0.00729467 0.00507297 0.00367448
 1.01384e-16 6.43845e-05 0.000625841 0.00415893 0.0189059 0.0588234 0.12533 0.182927 0.182944 0.125416 0.0591128 0.019742 0.00625788 0.00520895 0.00877167 0.0144073 0.0207652 0.026146 0.0288572 0.0281073 0.0244617 0.0194379 0.0145836 0.0107617 0.00805501 0.00612791
 1.02097e-16 6.24056e-05 0.000606605 0.0040311 0.0183248 0.0570154 0.121478 0.177305 0.177323 0.121569 0.0573213 0.0192086 0.00625056 0.00545509 0.00928044 0.0152693 0.0220491 0.0278493 0.0309019 0.0303802 0.0268693 0.0219326 0.0171427 0.0133435 0.0105721 0.00845862
 1.01673e-16 6.90273e-05 0.00067097 0.00445883 0.0202692 0.0630651 0.134367 0.196116 0.196128 0.134427 0.0632647 0.0208458 0.00590696 0.00383504 0.0060864 0.00997427 0.0144116 0.0182271 0.0202726 0.0200136 0.0178314 0.0147373 0.011741 0.00937206 0.0076347 0.00627464
 1.0027e-16 7.93647e-05 0.000771453 0.00512658 0.0233047 0.0725095 0.154489 0.225482 0.225485 0.154504 0.0725586 0.0234463 0.00548202 0.00154735 0.0015528 0.00244114 0.00350797 0.00440923 0.00485329 0.00470694 0.00406963 0.00320447 0.00238002 0.00174622 0.00131589 0.00102578
 1.00908e-16 3.73831e-05 0.000363377 0.00241477 0.0109772 0.0341545 0.0727717 0.106223 0.106274 0.0730197 0.0349869 0.0133802 0.00844178 0.0135046 0.0249483 0.0410631 0.0588616 0.0734135 0.0797196 0.0754744 0.0624717 0.0454658 0.0294376 0.0173594 0.0097291 0.00550696
 1.00964e-16 7.76634e-05 0.000754916 0.00501668 0.0228051 0.0709552 0.151178 0.220649 0.220651 0.15119 0.0709985 0.0229306 0.00533365 0.00145305 0.00142159 0.00227411 0.00337692 0.00447102 0.00534076 0.00587255 0.00609234 0.00609932 0.0059573 0.00564673 0.00511155 0.00434255
 1.01277e-16 5.527e-05 0.000537244 0.00357018 0.0162295 0.0504962 0.107589 0.157035 0.157065 0.107735 0.0509874 0.0176476 0.00712693 0.00829273 0.0147582 0.0242424 0.0347573 0.0433755 0.0471579 0.0447603 0.037256 0.0274559 0.0182855 0.0114621 0.00722379 0.00489861
 1.0314e-16 5.88751e-05 0.000572287 0.00380305 0.0172881 0.0537899 0.114606 0.167274 0.167293 0.114699 0.0541016 0.0181897 0.00607013 0.00553483 0.00952293 0.0157519 0.0229204 0.0293073 0.0331749 0.0336806 0.0313141 0.0274503 0.0234169 0.0198433 0.0166819 0.0136548
 1.02792e-16 6.63587e-05 0.00064503 0.00428645 0.0194856 0.060627 0.129173 0.188534 0.188548 0.12924 0.0608517 0.0201349 0.00591787 0.00421122 0.00685338 0.0112625 0.0163063 0.0206941 0.0231559 0.0231081 0.0209836 0.0179006 0.0149471 0.0126496 0.0109399 0.00947863
 1.01816e-16 6.76284e-05 0.000657372 0.00436847 0.0198584 0.0617871 0.131644 0.192142 0.192156 0.131713 0.0620181 0.0205258 0.00604398 0.00431602 0.007019 0.0115045 0.0165845 0.0208943 0.0230906 0.0225544 0.0197513 0.0159032 0.0122444 0.00944384 0.0075289 0.00618282
 1.04793e-16 3.23335e-05 0.000314293 0.00208859 0.00949445 0.029541 0.062942 0.0918759 0.0919246 0.0631798 0.0303396 0.0118011 0.00787957 0.0129589 0.0240547 0.0397368 0.0572863 0.0721342 0.0796292 0.077606 0.0676491 0.0539694 0.0408469 0.0306442 0.0235389 0.018532
 1.04904e-16 6.66327e-05 0.000647694 0.00430415 0.0195661 0.0608773 0.129706 0.189311 0.189319 0.129743 0.0610029 0.0199304 0.0052251 0.00267959 0.00398853 0.00665292 0.00996151 0.0133301 0.0161888 0.0182454 0.0195811 0.0204401 0.0209088 0.020792 0.0197832 0.0177489
 1.04234e-16 5.82759e-05 0.000566462 0.00376434 0.0171122 0.0532424 0.113439 0.165573 0.165596 0.113552 0.0536203 0.0182035 0.00650331 0.00654436 0.011408 0.01876 0.0270053 0.0339417 0.0373786 0.0363374 0.0316507 0.0254107 0.0197132 0.0156645 0.0132279 0.0117261
 1.06881e-16 4.20774e-05 0.000409007 0.002718 0.0123556 0.0384432 0.0819085 0.119555 0.119589 0.0820746 0.0390011 0.0139684 0.00677107 0.00927264 0.0169218 0.0280289 0.0406529 0.0517068 0.0580495 0.0582041 0.0531762 0.0456467 0.0382372 0.0322382 0.0275529 0.0234767
 1.05076e-16 6.57175e-05 0.000638798 0.00424503 0.0192973 0.0600412 0.127924 0.186712 0.186722 0.127975 0.0602106 0.0197879 0.00548082 0.00335141 0.00526137 0.00870954 0.0128117 0.0166844 0.0194659 0.0207547 0.0208034 0.0202447 0.0195871 0.0189074 0.0179368 0.0163814
 1.03432e-16 6.23795e-05 0.000606351 0.00402942 0.0183172 0.0569916 0.121427 0.177231 0.17725 0.12152 0.0573011 0.0192112 0.00627359 0.00550565 0.00936803 0.0153919 0.0221768 0.0279155 0.0308167 0.0300724 0.0263439 0.0213126 0.0166629 0.0132849 0.0111598 0.00976917
 1.068e-16 3.41941e-05 0.000332379 0.00220878 0.0100408 0.0312409 0.0665636 0.0971606 0.0972039 0.0667752 0.0319516 0.0120944 0.00736701 0.0116045 0.0214762 0.0355395 0.0514001 0.0650691 0.0724824 0.0717404 0.0641899 0.0534078 0.0429575 0.0346966 0.0286255 0.0238372
 1.13798e-16 4.16488e-05 0.000404842 0.00269032 0.0122298 0.0380516 0.0810736 0.118334 0.118354 0.0811749 0.0383926 0.0132189 0.00518802 0.0059071 0.0106378 0.0179043 0.0266876 0.0354514 0.0426167 0.0474132 0.0501823 0.051798 0.0527342 0.0526256 0.0506426 0.0462449
 1.04558e-16 7.24728e-05 0.000704461 0.00468139 0.0212809 0.0662129 0.141074 0.205903 0.205909 0.141104 0.0663126 0.0215692 0.00540675 0.00229401 0.00310968 0.00507582 0.00742535 0.00960161 0.0111006 0.0117206 0.0116805 0.0114449 0.0113894 0.0115721 0.0117543 0.0116017
pSPR Fmed_Fpbrs
0.504378   0.238133 0.238133
Fs Fmed_Fpbrs
0.41696   1.005 1.005
SSBpbr Bo_Bmed_Bpbrs
1.43374e+06  651461  269734 269734
Ro
130614
SPR SPRFo_SPRFmed_SPRFpbrs
932271 470217 222005
Fref
1.005
Nvult_r0
 149310 11652.9 4640.98 4750.12 1443.36
CTP_r0
 30564.6 3116.49 1261.55 1292.33 392.703
YTP_r0
391293
Np
 165885 30545 8179.34 538.798 240.526
Nvult_p0
 135340 26334.6 7076.52 466.238 208.137
CTP_p0
 55356.2 25342.4 1731.9 682.727 875.197
 55356.2 13045.3 3544.87 233.693 104.328
YTP_p0
 901452 711424
CBA_c0
844444
log_Ro
11.6
likeval ReclasPelacesDesembMPH_pf_preclas_ppelaces_ptallas_desvR_qrecl_qpela
 12.2591 16.9584 0.0281015 0.000823839 241.042 116.8 99.6499 0 24.5503 6.60447e-06 1.80938e-05 0.137071 0 0 0
q_reclas_q_pelaces
1.43932 1.83156
M
1
N
 165643 35147.5 80415.3 5705.52 0.210662
 91739.9 52089.3 10350.7 23563.3 1671.45
 91853.6 25250.9 12698.7 2500.09 6092.14
 133694 25398.3 6195.99 3087.69 2088.13
 108200 31747 5021.78 1208.07 1008.38
 208605 34365.8 9482.2 1492.88 658.741
 79031 59348.3 8780.35 2402.87 544.994
 32470.9 15967.4 9331.62 1354.4 454.246
 32721.8 10745.8 5055.32 2944.45 570.586
 44455.3 7861.79 2160.3 1002.57 696.588
 82748.1 8866.48 1213.71 327.052 256.963
 123661 26737.4 2713.56 369.917 177.956
 103207 27449.9 4804.37 479.79 96.7847
 72222.9 23685.2 5170.92 891.496 106.901
 64665.4 11602.4 2690.34 572.015 110.286
 352947 12881.4 1788.05 406.567 103
 65224.8 81496.6 2447.75 334.753 95.3222
 579897 17585.3 19293.5 573.757 100.756
 312361 160639 4326.18 4703.6 164.36
 255741 77068.4 33534.4 891.671 1002.65
 343764 64660 16656.1 7161.19 404.258
 481662 94021 15622.1 3986.25 1809.69
 91159.1 122211 20421.9 3353.2 1243.26
 270292 26816.2 32740.3 5432.08 1222.15
 233214 81442.5 7432.7 9017.03 1832.01
 100343 70407.5 22636.1 2052.85 2995.38
 229298 31473 20658.3 6607.92 1473.26
 261748 69135.4 8731.48 5694.88 2226.98
 74276.2 81578.3 20103.1 2525.53 2290.68
 53667.1 23490.4 24218.2 5939.29 1422.53
 208648 15649.1 6215.06 6360.26 1932.6
pred_Ctot
 15397.9 4513.19 10537.2 748.429 0.0276354
 14950.9 11482.9 2324.81 5297.71 375.808
 14759.7 5492.33 2814.35 554.636 1351.59
 31040.1 7805.42 1936.98 966.144 653.413
 9457.97 3839.52 619.845 149.275 124.608
 30518 6835.3 1922.3 302.955 133.688
 23631.4 22980.9 3453.05 945.755 214.516
 2079.16 1424.2 849.902 123.493 41.4202
 7426.99 3233.81 1547.76 902.308 174.861
 13514.2 3089.79 862.188 400.459 278.251
 6432.19 956.264 133.624 36.0464 28.3231
 32291.4 9155.55 944.565 128.877 62.0017
 25494.8 8932.76 1589.84 158.911 32.0575
 27468.2 11342.8 2510.05 433.056 51.9307
 19688.6 4566.27 1075.22 228.798 44.1147
 86256 4150.65 585.912 133.343 33.783
 11295 19030.3 582.225 79.7029 22.6969
 92654.7 3804.39 4252.99 126.603 22.2336
 67162 45969.8 1259.87 1371.05 47.9117
 52115.4 20976.7 9290.98 247.277 278.067
 57104.9 14515.2 3809.32 1639.42 92.5522
 97363.1 25397.7 4295.73 1097.17 498.121
 11758 21543.1 3670.66 603.331 223.708
 31423.6 4276.93 5325.88 884.567 199.027
 26869.1 12876.5 1198.61 1455.63 295.76
 9472.13 9176.85 3010.65 273.327 398.844
 26577.7 5005.11 3350.79 1072.94 239.228
 25626.1 9336.15 1203.11 785.541 307.202
 6670.29 10129.1 2547.34 320.365 290.591
 7169.02 4282.59 4501.58 1105.11 264.7
 30564.6 3116.49 1261.55 1292.33 392.703
F
 0.156873 0.222503 0.227513 0.227783 0.227797
 0.290094 0.411459 0.420723 0.421222 0.421249
 0.285512 0.404961 0.414078 0.41457 0.414595
 0.437757 0.6209 0.634879 0.635633 0.635672
 0.146918 0.208383 0.213075 0.213327 0.213341
 0.257018 0.364546 0.372754 0.373196 0.373219
 0.599292 0.850016 0.869154 0.870185 0.87024
 0.105832 0.150108 0.153488 0.15367 0.153679
 0.426029 0.604265 0.61787 0.618603 0.618642
 0.612207 0.868333 0.887884 0.888937 0.888993
 0.129737 0.184015 0.188158 0.188382 0.188393
 0.505185 0.716538 0.732671 0.73354 0.733586
 0.471889 0.669311 0.684381 0.685193 0.685236
 0.828545 1.17518 1.20164 1.20307 1.20314
 0.613441 0.870084 0.889674 0.89073 0.890786
 0.465758 0.660615 0.675489 0.676291 0.676333
 0.310776 0.440794 0.450719 0.451253 0.451282
 0.283692 0.402379 0.411438 0.411926 0.411952
 0.399464 0.566587 0.579344 0.580031 0.580067
 0.375023 0.53192 0.543896 0.544542 0.544576
 0.296437 0.420456 0.429922 0.430432 0.430459
 0.371491 0.52691 0.538773 0.539412 0.539446
 0.223599 0.317146 0.324287 0.324671 0.324692
 0.199608 0.283117 0.289491 0.289835 0.289853
 0.197657 0.280351 0.286663 0.287003 0.287021
 0.159468 0.226184 0.231277 0.231551 0.231566
 0.198957 0.282194 0.288548 0.28889 0.288908
 0.165818 0.235191 0.240486 0.240771 0.240786
 0.1512 0.214458 0.219286 0.219546 0.21956
 0.23239 0.329615 0.337036 0.337436 0.337457
 0.257396 0.365082 0.373302 0.373745 0.373768
YTP_r0W_actual
 253686 43942.6 34818.7 44197.7 14647.8
YTP_p0W_proyectada
 414618 397116 40058.8 20051.7 29607.9
 414618 204420 81992.9 6863.56 3529.41
CTP_r0_actual
 30564.6 3116.49 1261.55 1292.33 392.703
CTP_p0_proyectada
 55356.2 25342.4 1731.9 682.727 875.197
 55356.2 13045.3 3544.87 233.693 104.328
Wmedp
 7.49 15.67 23.13 29.37 33.83
Frms_r0
 0.257396 0.365082 0.373302 0.373745 0.373768
Zrms_r0
 1.2574 1.36508 1.3733 1.37374 1.37377
nmprior
 8.19 8.8 8.5 0
nm_flota  nm_reclas  nm_pelaces    nm_pelaL
inf 14.4669 19.4846 47.4897
cv_recla  cv_pelaces  cv_mph
0.316704 0.466943 0.885781
 ------------------------------------------------
Talla a la edad & desviaci?n 
 8 13.2811 15.8009 17.003 17.5766
 0.8 1.32811 1.58009 1.7003 1.75766
