years
 1991 1992 1993 1994 1995 1996 1997 1998 1999 2000 2001 2002 2003 2004 2005 2006 2007 2008 2009 2010 2011 2012 2013 2014 2015 2016 2017 2018 2019 2020 2021
reclasobs
 0 0 0 0 0 0 0 0 0 252601 567819 844713 477998 351125 339783 2.1784e+06 2.13404e+06 4.81314e+06 1.55562e+06 2.62356e+06 3.21686e+06 3.843e+06 1.13348e+06 3.07943e+06 1.97215e+06 2.03268e+06 2.025e+06 2.42433e+06 2.27542e+06 1.05018e+06 2.36338e+06
reclaspred
 2.43481e+06 1.01572e+06 467630 276505 48924 608244 518664 193953 382870 372364 108956 296408 455990 221482 236172 679132 823495 1.55689e+06 2.22681e+06 1.43076e+06 1.92427e+06 1.67384e+06 1.41333e+06 1.66241e+06 1.35574e+06 878837 1.4697e+06 1.60343e+06 1.39515e+06 533590 979035
pelacesobs
 0 0 0 0 0 0 0 0 0 0 0 0 0 0 0 552880 188675 0 991730 2.46772e+06 1.41603e+06 1.21717e+06 2.29649e+06 1.80582e+06 0 1.4828e+06 1.56532e+06 1.57751e+06 1.42118e+06 867257 1.10002e+06
pelacespred
 1.19659e+06 512992 221643 83862.8 14068.5 274364 189773 90986.3 174777 156901 61845.5 115922 187931 83162 106895 267340 320426 718358 1.05557e+06 689283 793468 767472 628090 818911 675802 413994 826248 883910 635571 273184 495567
mphobs
 0 0 0 0 0 0 0 0 0 0 0 498337 0 5186 125008 0 168611 109162 213762 579715 649985 157893 87575 83554 0 0 0 0 0 0 0
mphpred
 2.65691e+06 1.25477e+06 495819 316637 89318.6 12660.3 679293 222528 96418.5 412553 155122 50594.8 320900 272716 89576 195361 773064 493051 1.55359e+06 1.71568e+06 1.03052e+06 1.38491e+06 1.375e+06 906279 1.38834e+06 908265 495991 1.38346e+06 1.41563e+06 715582 243943
desembarqueobs
 494567 514787 250237 358949 120608 361735 552515 73892 212993 205616 52469 317467 293654 387597 252695 516296 358380 742168 942051 627588 828172 859565 418607 520667 417249 300574 415391 372974 316634 284311 391294
desembarquepred
 495227 516158 248249 358397 120292 361569 551849 73848.3 213030 205471 52377.6 316985 293468 386912 252786 515325 358614 741466 940736 625902 827319 859988 418640 520891 417171 300266 414837 372860 316489 283919 391339
Reclutas
 2088.71 83060.8 135799 13718.1 1936.71 354302 4630.77 636.766 110528 7845.18 4436.87 226598 115829 38784.5 84565.7 418043 24186.5 714575 649154 39104.3 431208 562554 44158.6 315480 166318 33637.6 455912 221049 12938.8 10173 350230
log_desv_Rt
 -3.31472 0.368308 0.859913 -1.43255 -3.39027 1.81889 -2.51854 -4.50262 0.654005 -1.99137 -2.56131 1.37191 0.700847 -0.393243 0.386264 1.98432 -0.865468 2.52042 2.4244 -0.385031 2.01533 2.28122 -0.263477 1.70283 1.06264 -0.53562 2.07103 1.34712 -1.49103 -1.73153 1.80733
SSB
 2.65691e+06 1.25477e+06 495819 316637 89318.6 12660.3 679293 222528 96418.5 412553 155122 50594.8 320900 272716 89576 195361 773064 493051 1.55359e+06 1.71568e+06 1.03052e+06 1.38491e+06 1.375e+06 906279 1.38834e+06 908265 495991 1.38346e+06 1.41563e+06 715582 243943
BT
 3.22011e+06 1.82748e+06 846381 485022 144918 1.57517e+06 935245 282245 918737 560057 210909 771796 865441 646391 689213 1.51046e+06 1.06667e+06 3.55104e+06 4.34348e+06 2.25333e+06 3.40222e+06 3.1598e+06 1.91197e+06 3.38632e+06 2.17178e+06 1.32342e+06 3.75322e+06 3.05204e+06 1.75782e+06 957577 2.44042e+06
Ftot
 0.191839 0.466527 0.488013 1.09171 1.81236 0.555566 0.917491 0.353245 0.518449 0.503538 0.442105 0.969894 0.587723 1.42588 0.962667 0.697628 0.402248 0.444838 0.393409 0.403821 0.400219 0.47455 0.277238 0.294627 0.288112 0.318563 0.266757 0.219478 0.213535 0.486564 0.375813
BD_Bspro_t
 0.969772 0.766334 0.530637 0.443622 0.173632 0.0440635 0.582822 0.27374 0.196318 0.533367 0.372554 0.262902 0.501402 0.381983 0.176239 0.320937 0.539374 0.424637 0.636207 0.614141 0.449821 0.526891 0.561774 0.502685 0.63098 0.589099 0.515206 0.746161 0.735778 0.588844 0.392822
BD_Bspro
 6.4771 3.05893 1.20873 0.77191 0.217744 0.0308638 1.65601 0.542486 0.235053 1.00574 0.378162 0.123342 0.782301 0.664838 0.218372 0.476258 1.8846 1.20198 3.78741 4.18254 2.51224 3.37619 3.35202 2.20936 3.38454 2.2142 1.20915 3.37265 3.45108 1.74447 0.594693
BD_Bo
 1.62378 0.766857 0.303022 0.193514 0.0545874 0.00773739 0.415152 0.135999 0.0589265 0.252133 0.0948033 0.0309212 0.196119 0.166671 0.0547447 0.119395 0.472461 0.30133 0.949484 1.04854 0.629805 0.846393 0.840334 0.553875 0.848488 0.555089 0.303127 0.845506 0.865169 0.43733 0.149087
BD_Brms
 6.89921 3.25828 1.2875 0.822215 0.231935 0.0328751 1.76393 0.57784 0.250371 1.07128 0.402807 0.13138 0.833283 0.708165 0.232603 0.507295 2.00742 1.28031 4.03423 4.45511 2.67596 3.59621 3.57047 2.35334 3.60511 2.3585 1.28795 3.59244 3.67599 1.85816 0.633449
Sel_flota
 0.5 1 1 1 1
 0.5 1 1 1 1
 0.5 1 1 1 1
 0.5 1 1 1 1
 0.5 1 1 1 1
 0.5 1 1 1 1
 0.5 1 1 1 1
 0.5 1 1 1 1
 0.5 1 1 1 1
 0.5 1 1 1 1
 0.5 1 1 1 1
 0.5 1 1 1 1
 0.5 1 1 1 1
 0.5 1 1 1 1
 0.5 1 1 1 1
 0.5 1 1 1 1
 0.5 1 1 1 1
 0.5 1 1 1 1
 0.5 1 1 1 1
 0.5 1 1 1 1
 0.5 1 1 1 1
 0.5 1 1 1 1
 0.5 1 1 1 1
 0.5 1 1 1 1
 0.5 1 1 1 1
 0.5 1 1 1 1
 0.5 1 1 1 1
 0.5 1 1 1 1
 0.5 1 1 1 1
 0.5 1 1 1 1
 0.5 1 1 1 1
Sel_reclas
 0.5 1 1 1 1
 0.5 1 1 1 1
 0.5 1 1 1 1
 0.5 1 1 1 1
 0.5 1 1 1 1
 0.5 1 1 1 1
 0.5 1 1 1 1
 0.5 1 1 1 1
 0.5 1 1 1 1
 0.5 1 1 1 1
 0.5 1 1 1 1
 0.5 1 1 1 1
 0.5 1 1 1 1
 0.5 1 1 1 1
 0.5 1 1 1 1
 0.5 1 1 1 1
 0.5 1 1 1 1
 0.5 1 1 1 1
 0.5 1 1 1 1
 0.5 1 1 1 1
 0.5 1 1 1 1
 0.5 1 1 1 1
 0.5 1 1 1 1
 0.5 1 1 1 1
 0.5 1 1 1 1
 0.5 1 1 1 1
 0.5 1 1 1 1
 0.5 1 1 1 1
 0.5 1 1 1 1
 0.5 1 1 1 1
 0.5 1 1 1 1
Sel_pelaces
 0.5 1 1 1 1
 0.5 1 1 1 1
 0.5 1 1 1 1
 0.5 1 1 1 1
 0.5 1 1 1 1
 0.5 1 1 1 1
 0.5 1 1 1 1
 0.5 1 1 1 1
 0.5 1 1 1 1
 0.5 1 1 1 1
 0.5 1 1 1 1
 0.5 1 1 1 1
 0.5 1 1 1 1
 0.5 1 1 1 1
 0.5 1 1 1 1
 0.5 1 1 1 1
 0.5 1 1 1 1
 0.5 1 1 1 1
 0.5 1 1 1 1
 0.5 1 1 1 1
 0.5 1 1 1 1
 0.5 1 1 1 1
 0.5 1 1 1 1
 0.5 1 1 1 1
 0.5 1 1 1 1
 0.5 1 1 1 1
 0.5 1 1 1 1
 0.5 1 1 1 1
 0.5 1 1 1 1
 0.5 1 1 1 1
 0.5 1 1 1 1
pf_obs 
 0.8446 0.082 0.0669 0.0065 0
 0.8095 0.147 0.0364 0.0071 0
 0.9664 0.0169 0.016 0.0007 0
 0.9276 0.0648 0.0075 0.0001 0
 0.7033 0.2144 0.0806 0.0017 0
 0.9318 0.0425 0.0243 0.0014 0
 0.5671 0.3108 0.0964 0.0239 0.0018
 0.0768 0.2599 0.5324 0.112 0.0189
 0.490249 0.384438 0.106611 0.0170017 0.00170017
 0.7925 0.1577 0.0466 0.003 0.0002
 0.840416 0.127587 0.0312969 0.00059994 9.999e-05
 0.8084 0.0986 0.0794 0.0134 0.0002
 0.7335 0.1905 0.0724 0.0035 0.0001
 0.4001 0.4547 0.1325 0.0127 0
 0.49795 0.308269 0.164784 0.0264974 0.00249975
 0.9179 0.0499 0.0305 0.0017 0
 0.2467 0.6533 0.0926 0.0074 0
 0.9418 0.0223 0.034 0.0019 0
 0.707729 0.231977 0.0356964 0.0245975 0
 0.517169 0.277429 0.184464 0.0207286 0.00020938
 0.811772 0.124168 0.05621 0.00726502 0.000585176
 0.764997 0.148141 0.077277 0.00933861 0.000247198
 0.163321 0.427699 0.378323 0.0303852 0.000271297
 0.753843 0.0900009 0.118128 0.0371064 0.000921714
 0.721811 0.176058 0.0630433 0.0369309 0.00215725
 0.143369 0.312575 0.442814 0.0836902 0.0175525
 0.692698 0.0596174 0.167031 0.0765114 0.00414204
 0.394062 0.376323 0.152708 0.0712218 0.00568511
 0.125707 0.32114 0.495352 0.0537591 0.00404204
 0.23352 0.215282 0.420074 0.123614 0.00750983
 0.796117 0.104755 0.0508955 0.0450114 0.00322123
pf_pred 
 0.00555366 0.606648 0.194799 0.159695 0.033305
 0.432301 0.00663371 0.34227 0.109905 0.10889
 0.662833 0.214807 0.0014298 0.0737712 0.0471582
 0.148648 0.698321 0.0974953 0.000648947 0.0548866
 0.127999 0.289196 0.478045 0.0667417 0.0380176
 0.995872 0.00145394 0.00088689 0.00146604 0.00032127
 0.0269413 0.971361 0.000597847 0.000364681 0.000734927
 0.0214067 0.067492 0.909512 0.00055978 0.00102959
 0.935252 0.0030047 0.00425837 0.0573851 0.000100281
 0.118101 0.856599 0.0011741 0.00166397 0.0224626
 0.204245 0.189417 0.588943 0.000807235 0.0165879
 0.974486 0.00943866 0.00382647 0.0118974 0.000351404
 0.555764 0.440007 0.00156449 0.000634251 0.00203028
 0.368307 0.473718 0.156471 0.000556351 0.000947537
 0.82425 0.114473 0.0459533 0.0151786 0.000145885
 0.920009 0.0741707 0.00379085 0.00152178 0.00050748
 0.104409 0.865313 0.0280752 0.00143492 0.000768118
 0.917817 0.0171317 0.0628519 0.00203924 0.000160017
 0.615996 0.369551 0.00301276 0.011053 0.000386758
 0.0779493 0.722202 0.192327 0.00156794 0.00595367
 0.76099 0.0383416 0.157175 0.0418567 0.00163695
 0.67595 0.284474 0.00634879 0.0260257 0.00720189
 0.105896 0.74051 0.134836 0.00300922 0.0157493
 0.707755 0.0598171 0.1925 0.0350514 0.0048764
 0.425223 0.483407 0.0187018 0.0601851 0.0124834
 0.172764 0.510643 0.266265 0.0103011 0.0400265
 0.877711 0.0385081 0.0517171 0.0269669 0.0050971
 0.425174 0.540085 0.0109399 0.0146924 0.00910914
 0.0537147 0.579382 0.344728 0.00698275 0.0151922
 0.123629 0.0945725 0.478671 0.284806 0.0183204
 0.940665 0.0146316 0.00482414 0.024417 0.0154625
pobs_RECLAS
 0 0 0 0 0
 0 0 0 0 0
 0 0 0 0 0
 0 0 0 0 0
 0 0 0 0 0
 0 0 0 0 0
 0 0 0 0 0
 0 0 0 0 0
 0 0 0 0 0
 0 0 0 0 0
 0.991045 0.00858322 0.000360255 1.14367e-05 0
 0.934742 0.0480273 0.0164251 0.00080598 0
 0.827803 0.169806 0.00239088 0 0
 0.941827 0.0461693 0.0120037 0 0
 0.791401 0.0380133 0.147996 0.0225897 0
 0.846168 0.0940531 0.0597789 0 0
 0.134021 0.677848 0.182769 0.00536245 0
 0.80878 0.0450904 0.141981 0.00414843 0
 0.846168 0.0940531 0.0597789 0 0
 0.905697 0.0802665 0.012482 0.00150086 5.37128e-05
 0.989698 0.0102097 9.19794e-05 0 0
 0.975433 0.0193895 0.00387452 0.00125025 5.28907e-05
 0.303575 0.632131 0.0575291 0.00676475 0
 0.966965 0.00978017 0.0227588 0.000495775 0
 0.843318 0.132988 0.00938335 0.0141283 0.000182051
 0.564624 0.303363 0.111486 0.0197234 0.00080311
 0.826376 0.0876187 0.0782897 0.00655872 0.00115652
 0.89761 0.0855135 0.0140674 0.00269457 0.000114338
 0.34875 0.467042 0.161289 0.0227151 0.000203297
 0.318654 0.224769 0.449479 0.00709798 0
 0.937255 0.0296025 0.0250945 0.00804832 0
ppred_RECLAS
 0.0056033 0.606617 0.194789 0.159687 0.0333033
 0.438563 0.00656054 0.338494 0.108693 0.107689
 0.668828 0.210988 0.00140438 0.0724596 0.0463197
 0.158848 0.689954 0.0963272 0.000641171 0.0542289
 0.147341 0.282781 0.467442 0.0652614 0.0371743
 0.996 0.0014087 0.000859294 0.00142043 0.000311274
 0.0286046 0.969701 0.000596825 0.000364058 0.000733671
 0.02179 0.0674656 0.909156 0.000559561 0.00102919
 0.93699 0.00292403 0.00414404 0.0558444 9.75882e-05
 0.121051 0.853733 0.00117017 0.00165841 0.0223875
 0.208145 0.188489 0.586056 0.000803278 0.0165066
 0.976089 0.00884582 0.00358613 0.0111501 0.000329333
 0.564169 0.431682 0.00153489 0.000622252 0.00199187
 0.395393 0.453405 0.149762 0.000532495 0.000906907
 0.833583 0.108393 0.0435128 0.0143725 0.000138138
 0.923091 0.071313 0.00364479 0.00146314 0.000487928
 0.10641 0.86338 0.0280125 0.00143171 0.000766402
 0.91961 0.0167579 0.0614806 0.00199475 0.000156526
 0.62087 0.364861 0.00297452 0.0109127 0.000381849
 0.0794957 0.72099 0.192005 0.00156531 0.00594368
 0.764805 0.0377296 0.154666 0.0411886 0.00161082
 0.681623 0.279494 0.00623765 0.0255701 0.00707581
 0.107192 0.739436 0.13464 0.00300486 0.0157265
 0.710772 0.0591997 0.190513 0.0346896 0.00482607
 0.428709 0.480475 0.0185884 0.0598201 0.0124077
 0.175068 0.509221 0.265524 0.0102724 0.039915
 0.879102 0.0380699 0.0511286 0.02666 0.0050391
 0.427722 0.537691 0.0108914 0.0146273 0.00906877
 0.0542302 0.579066 0.344541 0.00697895 0.0151839
 0.126567 0.0942555 0.477067 0.283852 0.018259
 0.941746 0.014365 0.00473623 0.023972 0.0151807
pobs_PELACES
 0 0 0 0 0
 0 0 0 0 0
 0 0 0 0 0
 0 0 0 0 0
 0 0 0 0 0
 0 0 0 0 0
 0 0 0 0 0
 0 0 0 0 0
 0 0 0 0 0
 0 0 0 0 0
 0 0 0 0 0
 0 0 0 0 0
 0 0 0 0 0
 0 0 0 0 0
 0 0 0 0 0
 0 0 0 0 0
 0.505614 0.472636 0.0217494 0 0
 0 0 0 0 0
 0.443492 0.261883 0.143347 0.151278 0
 0.227955 0.32914 0.350689 0.0885471 0.00366901
 0.970185 0.0296113 0.000203453 0 0
 0.997202 0.00247181 0.000326279 0 0
 0.445219 0.490057 0.0546422 0.010081 0
 0.90214 0.0892962 0.00764917 0.000914606 0
 0 0 0 0 0
 0.581667 0.319106 0.0959925 0.00289975 0.000334073
 0.762889 0.0836404 0.116647 0.0363945 0.000428098
 0.88444 0.0763242 0.0277011 0.0115352 0
 0.521256 0.241999 0.230069 0.00667565 0
 0.616807 0.101726 0.260614 0.0208532 0
 0.833518 0.0704572 0.0857862 0.0102388 0
ppred_PELACES
 0.00578246 0.606508 0.194754 0.159658 0.0332973
 0.457597 0.00633812 0.327019 0.105008 0.104038
 0.686415 0.199784 0.0013298 0.0686116 0.0438599
 0.184419 0.66898 0.0933989 0.00062168 0.0525804
 0.188992 0.268968 0.444608 0.0620734 0.0353584
 0.996349 0.00128576 0.000784302 0.00129646 0.000284108
 0.0331251 0.965188 0.000594048 0.000362364 0.000730257
 0.0230676 0.0673775 0.907968 0.00055883 0.00102785
 0.941856 0.00269823 0.00382403 0.0515321 9.00524e-05
 0.130173 0.844873 0.00115803 0.0016412 0.0221552
 0.220425 0.185566 0.576968 0.000790822 0.0162506
 0.979552 0.00756442 0.00306664 0.00953491 0.000281625
 0.587847 0.408229 0.0014515 0.000588445 0.00188366
 0.452784 0.410367 0.135546 0.000481949 0.000820821
 0.854467 0.0947907 0.0380523 0.0125688 0.000120802
 0.930875 0.0640951 0.00327588 0.00131505 0.000438542
 0.112887 0.857121 0.0278094 0.00142133 0.000760846
 0.924872 0.0156611 0.0574566 0.00186419 0.000146281
 0.636026 0.350276 0.00285561 0.0104765 0.000366585
 0.0845101 0.717063 0.190959 0.00155679 0.00591131
 0.776475 0.0358575 0.146992 0.0391449 0.00153089
 0.698368 0.264793 0.00590957 0.0242252 0.00670365
 0.11165 0.735744 0.133968 0.00298986 0.015648
 0.720662 0.0571753 0.183998 0.0335034 0.00466104
 0.440389 0.470651 0.0182083 0.058597 0.012154
 0.182789 0.504455 0.263038 0.0101763 0.0395414
 0.883703 0.0366212 0.0491831 0.0256456 0.00484735
 0.436608 0.529341 0.0107222 0.0144002 0.00892794
 0.056066 0.577942 0.343872 0.0069654 0.0151545
 0.135711 0.0932687 0.472072 0.28088 0.0180678
 0.945056 0.0135487 0.0044671 0.0226099 0.0143181
pobs_pel_tallas
 0 0 0 0 0 0 0 0 0 0 0 0 0 0 0 0 0 0 0 0 0 0 0 0 0 0
 0 0 0 0 0 0 0 0 0 0 0 0 0 0 0 0 0 0 0 0 0 0 0 0 0 0
 0 0 0 0 0 0 0 0 0 0 0 0 0 0 0 0 0 0 0 0 0 0 0 0 0 0
 0 0 0 0 0 0 0 0 0 0 0 0 0 0 0 0 0 0 0 0 0 0 0 0 0 0
 0 0 0 0 0 0 0 0 0 0 0 0 0 0 0 0 0 0 0 0 0 0 0 0 0 0
 0 0 0 0 0 0 0 0 0 0 0 0 0 0 0 0 0 0 0 0 0 0 0 0 0 0
 0 0 0 0 0 0 0 0 0 0 0 0 0 0 0 0 0 0 0 0 0 0 0 0 0 0
 0 0 0 0 0 0 0 0 0 0 0 0 0 0 0 0 0 0 0 0 0 0 0 0 0 0
 0 0 0 0 0 0 0 0 0 0 0 0 0 0 0 0 0 0 0 0 0 0 0 0 0 0
 0 0 0 0 0 0 0 0 0 0 0 0 0 0 0 0 0 0 0 0 0 0 0 0 0 0
 0 0 0 0 0 0 0 0 0 0 0 0 0 0 0 0 0 0 0 0 0 0 0 0 0 0
 0 0 0 0 0 0 0 0 0 0 0 0 0 0 0 0 0 0 0 0 0 0 0 0 0 0
 0.00862536 0 0 0.000197151 0.00414017 0.0128641 0.00837892 0.0270097 0.101434 0.158115 0.152841 0.127902 0.109271 0.109419 0.0830992 0.0579132 0.0238553 0.00714673 0.00463305 0.00128148 0.00103504 0.000492878 0.000147863 0.000147863 4.92878e-05 0
 0 0 0 0 0 0 0 0 0 0 0 0 0 0 0 0 0 0 0 0 0 0 0 0 0 0
 0 0 0 0 0 0 0 0.0054083 0.00873648 0.0413646 0.0450493 0.0745869 0.0622846 0.0627006 0.0613931 0.0827291 0.12552 0.122667 0.0946155 0.0697135 0.0546179 0.0294188 0.0215738 0.0213955 0.0102223 0.00600262
 0 0 0 0 0.00359764 0.0251062 0.0480494 0.140153 0.205849 0.193036 0.1447 0.116669 0.0760912 0.0342217 0.00950174 0.001854 0.000860785 0 0 0 0.000165536 0 0.000143464 0 0 0
 0 0 0 0 0 0 0 0.000145254 0.000435761 0.0275982 0.070085 0.0708112 0.156366 0.174668 0.174014 0.160142 0.0824315 0.0480064 0.0283245 0.00493863 0.00203355 0 0 0 0 0
 0 0 0 0 0 0 0 0 0 0 0 0 0 0 0 0 0 0 0 0 0 0 0 0 0 0
 0 0 1.00437e-05 0.000401748 0.00122533 0.00171747 0.00176769 0.0269171 0.070346 0.194647 0.189555 0.159765 0.064822 0.0314167 0.0384472 0.0292271 0.0345202 0.0313363 0.0194345 0.0106764 0.0143323 0.0359363 0.0279516 0.0138201 0.00172751 0
 0 0.0021121 0.0136068 0.0755702 0.200478 0.177729 0.0527432 0.0373336 0.0318909 0.0142505 0.0149659 0.0166563 0.0217959 0.0798694 0.0677717 0.0528807 0.04013 0.0224614 0.0357745 0.0225083 0.00881397 0.00855152 0.00135912 0.000746735 0 0
 0 0 0 0 5.4009e-05 0.00500934 0.000945158 0.0243581 0.138947 0.33067 0.221406 0.137944 0.0707744 0.0437923 0.0131692 0.00525238 0.0047753 0.00276346 9.45158e-05 9.00151e-06 2.25038e-05 9.00151e-06 4.50075e-06 0 0 0
 0.000866109 0.00284123 0.00948549 0.0512746 0.133035 0.25785 0.225252 0.132002 0.0553304 0.0519788 0.0540692 0.017754 0.00435017 0.00159236 0.00146478 0.000404838 0.000125132 0.000115318 0.000107957 0.000100596 0 0 0 0 0 0
 0 0 0 0 0.00144013 0.00171154 0.00461396 0.0210425 0.0478622 0.0707936 0.0888783 0.103762 0.0637923 0.0337046 0.0602308 0.124433 0.169614 0.0934646 0.0462172 0.0250306 0.0313229 0.00938855 0.002487 0.000210481 0 0
 0 0.00764035 0.051015 0.0998891 0.058973 0.0496711 0.0374665 0.0718981 0.12319 0.153886 0.159021 0.0857701 0.0377988 0.023471 0.0147837 0.00900784 0.00315554 0.000888139 0.00291439 0.00214683 0.00393193 0.00274676 0.000635225 9.99891e-05 0 0
 0 0 0 0 0 0 0 0 0 0 0 0 0 0 0 0 0 0 0 0 0 0 0 0 0 0
 0 0 0 0 0 0 0 0 0 0 0 0 0 0 0 0 0 0 0 0 0 0 0 0 0 0
 0 0 0 0 0 0 0 0 0 0 0 0 0 0 0 0 0 0 0 0 0 0 0 0 0 0
 0 0 0 0 0 0 0 0 0 0 0 0 0 0 0 0 0 0 0 0 0 0 0 0 0 0
 0 0 0 0 0 0 0 0 0 0 0 0 0 0 0 0 0 0 0 0 0 0 0 0 0 0
 0 0 0 0 0 0 0 0 0 0 0 0 0 0 0 0 0 0 0 0 0 0 0 0 0 0
 0 0 0 0 0 0 0 0 0 0 0 0 0 0 0 0 0 0 0 0 0 0 0 0 0 0
ppred_pel_tallas
 1.27422e-16 4.76421e-07 4.63104e-06 3.07777e-05 0.000139947 0.000435742 0.000930561 0.00137048 0.00142916 0.0012174 0.00139954 0.00292673 0.00703759 0.0153398 0.0292424 0.0486593 0.0708596 0.0907713 0.103258 0.106088 0.101248 0.0933848 0.0866532 0.0824703 0.0795474 0.0755548
 1.37576e-16 3.76917e-05 0.000366376 0.0024347 0.0110678 0.034436 0.0733696 0.107085 0.107087 0.0733756 0.0344578 0.0111381 0.00263895 0.000905374 0.00133719 0.00288033 0.00587395 0.0110678 0.0192494 0.0308735 0.0456245 0.0621139 0.0779717 0.0904242 0.0971531 0.0970306
 1.14393e-16 5.65391e-05 0.000549581 0.00365216 0.0166022 0.0516557 0.110059 0.160638 0.160657 0.110153 0.0519714 0.0175141 0.0059411 0.00554698 0.00955125 0.0157168 0.0226916 0.0287023 0.032046 0.0320922 0.0297507 0.0269295 0.0253699 0.0257163 0.0273762 0.0290617
 1.11827e-16 1.51905e-05 0.000147657 0.000981236 0.0044606 0.0138789 0.0295729 0.043176 0.0432405 0.0298879 0.0149368 0.00751611 0.00865106 0.0168912 0.0318155 0.0525776 0.075752 0.0952983 0.105071 0.102267 0.0891122 0.0713603 0.054844 0.0427544 0.0352103 0.0305811
 1.25108e-16 1.55671e-05 0.000151318 0.00100556 0.00457115 0.0142227 0.0303039 0.044235 0.0442616 0.0304341 0.0146616 0.00584741 0.00424079 0.00731873 0.0139356 0.0238187 0.0361913 0.049449 0.0618571 0.0724812 0.0813965 0.0888988 0.094488 0.0966831 0.0939022 0.0856292
 1.00202e-16 8.2068e-05 0.00079773 0.0053012 0.0240985 0.0749793 0.159751 0.233162 0.233162 0.159752 0.0749813 0.0241044 0.00531628 0.000830927 0.00014591 0.000113475 0.000160728 0.000213493 0.000258604 0.000293621 0.000323974 0.000358102 0.000399908 0.000444284 0.000478919 0.000490576
 1.00424e-16 2.72867e-06 2.65237e-05 0.000176264 0.000801328 0.00249373 0.00531658 0.00777915 0.00787196 0.00576994 0.00401535 0.00519342 0.0111902 0.0240339 0.0454909 0.0749227 0.107275 0.133526 0.144486 0.135928 0.111193 0.0791184 0.0490086 0.0264867 0.0125666 0.00532659
 1.2645e-16 1.90007e-06 1.84693e-05 0.000122735 0.000557942 0.00173601 0.00369903 0.00540047 0.00540835 0.00373818 0.00187146 0.000966763 0.00121513 0.00262158 0.00558344 0.0108839 0.0195171 0.0324932 0.050506 0.0733305 0.099069 0.123773 0.142098 0.149123 0.142519 0.123747
 1.05295e-16 7.75794e-05 0.000754099 0.00501126 0.0227804 0.0708784 0.151014 0.220409 0.22041 0.151015 0.0708832 0.0227946 0.00504821 0.000839773 0.000255959 0.00034441 0.000600381 0.00101167 0.0016496 0.0026116 0.00398273 0.00577213 0.00784894 0.00992213 0.0115954 0.0124893
 1.04164e-16 1.07223e-05 0.000104225 0.000692615 0.00314858 0.00979682 0.0208762 0.0304864 0.0305677 0.0212731 0.0111289 0.00699363 0.0103351 0.0211236 0.0398418 0.0656184 0.093986 0.117066 0.126854 0.119702 0.0985871 0.0712822 0.045924 0.027357 0.016318 0.0109259
 1.19527e-16 1.81561e-05 0.000176484 0.0011728 0.00533139 0.016588 0.0353432 0.0515884 0.0516071 0.0354352 0.0168992 0.00624101 0.00349676 0.00538396 0.0103003 0.0180187 0.028318 0.0405094 0.0537001 0.067158 0.0802105 0.0916846 0.0995592 0.10149 0.0960439 0.0837255
 1.01095e-16 8.06844e-05 0.000784281 0.00521183 0.0236922 0.0737152 0.157058 0.229231 0.229232 0.157062 0.0737273 0.0237272 0.00530014 0.000978314 0.000453025 0.000631808 0.000928557 0.00122651 0.00147147 0.00165107 0.00180062 0.00197511 0.00220292 0.00245678 0.00266296 0.00273905
 1.00525e-16 4.84203e-05 0.000470662 0.00312772 0.0142182 0.0442382 0.0942557 0.137577 0.137616 0.0944474 0.0448819 0.016076 0.00778664 0.0106263 0.0192921 0.0317025 0.0453955 0.0565216 0.0611969 0.0576378 0.0472589 0.0337949 0.0211724 0.0117552 0.0059557 0.00294591
 1.04204e-16 3.72953e-05 0.000362524 0.0024091 0.0109514 0.0340742 0.0726002 0.10597 0.10601 0.0727941 0.0347255 0.0128341 0.00714011 0.010708 0.0197363 0.0327007 0.0474047 0.060229 0.0674645 0.0673256 0.0609164 0.0513145 0.0415824 0.0333165 0.0265859 0.0208063
 1.02404e-16 7.03814e-05 0.000684132 0.0045463 0.0206668 0.0643022 0.137003 0.199962 0.199971 0.137048 0.0644529 0.0211028 0.00564267 0.00308424 0.00464841 0.00762529 0.0110996 0.0142144 0.0161423 0.0164973 0.0155387 0.0139444 0.0123454 0.0110026 0.00982062 0.00858528
 1.00318e-16 7.6675e-05 0.000745308 0.00495284 0.0225149 0.0700522 0.149254 0.217842 0.217848 0.149284 0.0701533 0.0228069 0.00568553 0.0023433 0.00310719 0.00500405 0.00717439 0.00896592 0.00977161 0.00931437 0.00781148 0.00583434 0.0039762 0.0025832 0.00170192 0.00119748
 1.01293e-16 9.29857e-06 9.03855e-05 0.000600647 0.00273051 0.00849606 0.0181048 0.0264418 0.0265242 0.0185076 0.0098482 0.00663394 0.0103912 0.0214379 0.0404776 0.0667067 0.0956309 0.119284 0.129547 0.122671 0.101561 0.0739263 0.0478487 0.028155 0.0156649 0.00871099
 1.01874e-16 7.61805e-05 0.000740501 0.00492089 0.0223697 0.0696003 0.148291 0.216435 0.216437 0.148299 0.0696269 0.0224474 0.00512025 0.00118924 0.000967999 0.0015826 0.00251103 0.0036524 0.00494102 0.00631652 0.00770143 0.00895054 0.00983091 0.0100873 0.00957013 0.00833502
 1.01285e-16 5.23887e-05 0.000509236 0.00338406 0.0153835 0.0478638 0.10198 0.14885 0.148884 0.102145 0.0484162 0.016978 0.00738301 0.00922738 0.0165757 0.0272315 0.0390166 0.0486342 0.0527699 0.0499117 0.0412827 0.0300779 0.0196302 0.0119074 0.00719201 0.0047139
 1.06851e-16 6.96113e-06 6.76648e-05 0.000449659 0.00204413 0.00636042 0.0135541 0.0197971 0.0198664 0.0138925 0.00749704 0.00532869 0.00870045 0.0180991 0.0343096 0.0568578 0.0822435 0.104111 0.115926 0.114575 0.102108 0.0841428 0.0663304 0.0517112 0.0404925 0.0315272
 1.08436e-16 6.39572e-05 0.000621687 0.00413133 0.0187804 0.0584329 0.124498 0.181709 0.181712 0.124516 0.0584945 0.0189613 0.00459658 0.001675 0.00217513 0.00378486 0.00612586 0.00913057 0.0127449 0.0169085 0.021468 0.0260178 0.0298335 0.0320445 0.0319968 0.0295776
 1.03803e-16 5.75237e-05 0.000559151 0.00371576 0.0168913 0.0525553 0.111975 0.163437 0.163462 0.1121 0.0529731 0.0180977 0.006742 0.00715924 0.0125745 0.0206522 0.0296439 0.0370783 0.0404951 0.0388008 0.0329541 0.025364 0.0184835 0.0136687 0.0109586 0.00960067
 1.07003e-16 9.19658e-06 8.93941e-05 0.000594059 0.00270055 0.00840279 0.0179057 0.0261487 0.0262197 0.0182524 0.00956708 0.00606391 0.00903838 0.0185294 0.0350472 0.0579688 0.0836028 0.105327 0.116362 0.113536 0.099124 0.0792177 0.060022 0.044981 0.0343982 0.0268918
 1.09474e-16 5.936e-05 0.000577 0.00383437 0.0174305 0.0542328 0.115549 0.168648 0.168654 0.115577 0.0543291 0.0177124 0.0045557 0.00219724 0.00327023 0.00566205 0.00896762 0.0129865 0.0175109 0.0223851 0.0274409 0.0322871 0.0361751 0.0381637 0.0375465 0.0342477
 1.0858e-16 3.62744e-05 0.0003526 0.00234315 0.0106517 0.0331415 0.0706132 0.103072 0.103117 0.0708345 0.0338846 0.0127972 0.00772628 0.0120961 0.0223173 0.0367833 0.0528677 0.0662651 0.0726475 0.0701051 0.0603499 0.0476267 0.036205 0.0283633 0.0240323 0.0217714
 1.15432e-16 1.50562e-05 0.000146352 0.00097256 0.00442115 0.0137561 0.0293106 0.0427899 0.0428389 0.0295498 0.0145601 0.00674715 0.00682562 0.0129715 0.0245125 0.0408659 0.0597192 0.0768753 0.0880007 0.0910154 0.0871616 0.0798091 0.0720601 0.065142 0.0585645 0.051369
 1.04821e-16 7.27894e-05 0.000707539 0.00470185 0.0213739 0.0665022 0.14169 0.206802 0.206805 0.141708 0.0665617 0.0215469 0.0051399 0.00167672 0.00195171 0.00321261 0.00486081 0.00662364 0.00827601 0.00972611 0.0110391 0.0123137 0.0135126 0.0144059 0.014678 0.0141116
 1.034e-16 3.59629e-05 0.000349573 0.00232304 0.0105602 0.032857 0.0700072 0.102188 0.102239 0.070256 0.033692 0.0129707 0.00836892 0.0135321 0.0250262 0.0411974 0.0590668 0.0737054 0.0801276 0.0760651 0.0633699 0.0468532 0.0315129 0.0202674 0.0134832 0.00994464
 1.13335e-16 4.6182e-06 4.48906e-05 0.000298317 0.00135614 0.00421975 0.0089927 0.0131369 0.013193 0.00926704 0.00514206 0.00402516 0.0070171 0.0147753 0.0281649 0.0470341 0.0688632 0.0888925 0.102161 0.106211 0.102282 0.0939656 0.0845485 0.075307 0.0657979 0.0552992
 1.44873e-16 1.11784e-05 0.000108658 0.000722071 0.00328244 0.0102129 0.0217601 0.0317615 0.0317713 0.0218083 0.0103774 0.00376812 0.00198162 0.00299329 0.00588975 0.0107776 0.0180328 0.028017 0.0410874 0.0575053 0.0769891 0.0980706 0.117815 0.132403 0.138457 0.134396
 1.04823e-16 7.7843e-05 0.000756662 0.00502828 0.0228579 0.0711193 0.151527 0.221159 0.22116 0.151534 0.071141 0.0229209 0.00518736 0.00110707 0.000753187 0.00114984 0.00172006 0.00232804 0.00291272 0.0034952 0.00418457 0.00511031 0.00631523 0.00768355 0.00895487 0.00981682
pSPR Fmed_Fpbrs
0.505496   0.285357 0.285357
Fs Fmed_Fpbrs
0.474299   1.005 1.005
SSBpbr Bo_Bmed_Bpbrs
1.63625e+06  745306  385103 385103
Ro
57470.1
SPR SPRFo_SPRFmed_SPRFpbrs
410200 207354 117053
Fref
1.005
Nvult_r0
 243459 2192.96 723.034 3659.58 2317.49
CTP_r0
 38511.1 599.022 197.502 999.639 633.038
YTP_r0
391339
Np
 178608 39753.4 14377.8 99.8227 37.3442
Nvult_p0
 138855 34400.2 12441.7 86.3805 32.3154
CTP_p0
 46439 46311.7 321.535 106.012 672.129
 46439 17243 6236.35 43.298 16.198
YTP_p0
 1.10682e+06 764092
CBA_c0
1.004e+06
log_Ro
10.779
likeval ReclasPelacesDesembMPH_pf_preclas_ppelaces_ptallas_desvR_qrecl_qpela
 68.5002 57.1261 0.569338 0.00244708 361.12 170.033 130.031 0 158.711 0 0 1.08548 0 0 0
q_reclas_q_pelaces
1 1
M
1
N
 2088.71 118617 38088.9 31225 6512.1
 83060.8 698.114 36019.6 11566.2 11459.3
 135799 24199 161.073 8310.63 5312.56
 13718.1 39141 5464.63 36.3736 3076.4
 1936.71 2923.73 4832.97 674.749 384.352
 354302 287.887 175.609 290.284 63.6131
 4630.77 98727.9 60.7644 37.0657 74.697
 636.766 1076.78 14510.6 8.93086 16.4264
 110528 196.327 278.241 3749.54 6.55232
 7845.18 31376.1 43.0056 60.9491 822.777
 4436.87 2243.71 6976.22 9.56197 196.489
 226598 1308.52 530.479 1649.38 48.7166
 115829 51327.8 182.502 73.9868 236.837
 38784.5 31761.3 10490.9 37.3016 63.5294
 84565.7 6994.2 2807.71 927.4 8.9135
 418043 19224.7 982.569 394.437 131.536
 24186.5 108502 3520.37 179.925 96.3148
 714575 7276.66 26696.2 866.164 67.967
 649154 210454 1715.72 6294.55 220.253
 39104.3 196167 52240.6 425.89 1617.15
 431208 11755.5 48189.6 12833.2 501.887
 562554 129863 2898.24 11880.8 3287.68
 44158.6 163238 29723.3 663.354 3471.79
 315480 14142.3 45511.9 8287.04 1152.91
 166318 100161 3874.98 12470.3 2586.55
 33637.6 52976.4 27623.5 1068.69 4152.53
 455912 10552.5 14172.2 7389.83 1396.78
 221049 146778 2973.1 3992.94 2475.57
 12938.8 72867.8 43355.9 878.208 1910.7
 10173 4277.91 21652.3 12883 828.709
 350230 2934.25 967.443 4896.64 3100.88
pred_Ctot
 121.711 13295 4269.12 3499.79 729.896
 11133.3 170.842 8814.68 2830.46 2804.32
 18959.1 6144.17 40.8967 2110.09 1348.87
 3811.58 17906.1 2499.95 16.6401 1407.38
 783.835 1770.96 2927.42 408.709 232.81
 55560.4 81.1163 49.4802 81.7915 17.9239
 1117.66 40296.7 24.8016 15.1287 30.4883
 66.1142 208.448 2809.01 1.72887 3.17988
 16294.3 52.3489 74.1907 999.783 1.74712
 1126.63 8171.56 11.2004 15.8735 214.283
 566.34 525.224 1633.05 2.23834 45.9957
 57239 554.405 224.758 698.825 20.6407
 19093.3 15116.5 53.7483 21.7897 69.7506
 13231.4 17018.3 5621.22 19.9869 34.0402
 21231.4 2948.64 1183.69 390.977 3.75778
 80049.8 6453.58 329.841 132.409 44.1557
 2831.5 23466.8 761.385 38.9142 20.8309
 91724.6 1712.11 6281.28 203.797 15.9918
 74458.3 44669.4 364.166 1336.03 46.7493
 4594.36 42566.9 11335.9 92.4152 350.912
 50247 2531.64 10378 2763.73 108.085
 76577.6 32227.7 719.247 2948.42 815.894
 3654.27 25553.7 4652.96 103.843 543.483
 27646.6 2336.6 7519.52 1369.19 190.484
 14271.7 16224.5 627.685 2019.98 418.979
 3171.82 9375.04 4888.43 189.121 734.858
 36379.5 1596.09 2143.58 1117.73 211.265
 14653.3 18613.6 377.033 506.363 313.939
 835.501 9011.95 5362.05 108.613 236.306
 1416.45 1083.54 5484.26 3263.1 209.902
 38511.1 599.022 197.502 999.639 633.038
F
 0.0959197 0.191839 0.191839 0.191839 0.191839
 0.233264 0.466527 0.466527 0.466527 0.466527
 0.244007 0.488013 0.488013 0.488013 0.488013
 0.545855 1.09171 1.09171 1.09171 1.09171
 0.906178 1.81236 1.81236 1.81236 1.81236
 0.277783 0.555566 0.555566 0.555566 0.555566
 0.458745 0.917491 0.917491 0.917491 0.917491
 0.176622 0.353245 0.353245 0.353245 0.353245
 0.259224 0.518449 0.518449 0.518449 0.518449
 0.251769 0.503538 0.503538 0.503538 0.503538
 0.221053 0.442105 0.442105 0.442105 0.442105
 0.484947 0.969894 0.969894 0.969894 0.969894
 0.293862 0.587723 0.587723 0.587723 0.587723
 0.71294 1.42588 1.42588 1.42588 1.42588
 0.481333 0.962667 0.962667 0.962667 0.962667
 0.348814 0.697628 0.697628 0.697628 0.697628
 0.201124 0.402248 0.402248 0.402248 0.402248
 0.222419 0.444838 0.444838 0.444838 0.444838
 0.196705 0.393409 0.393409 0.393409 0.393409
 0.20191 0.403821 0.403821 0.403821 0.403821
 0.200109 0.400219 0.400219 0.400219 0.400219
 0.237275 0.47455 0.47455 0.47455 0.47455
 0.138619 0.277238 0.277238 0.277238 0.277238
 0.147314 0.294627 0.294627 0.294627 0.294627
 0.144056 0.288112 0.288112 0.288112 0.288112
 0.159281 0.318563 0.318563 0.318563 0.318563
 0.133378 0.266757 0.266757 0.266757 0.266757
 0.109739 0.219478 0.219478 0.219478 0.219478
 0.106768 0.213535 0.213535 0.213535 0.213535
 0.243282 0.486564 0.486564 0.486564 0.486564
 0.187906 0.375813 0.375813 0.375813 0.375813
YTP_r0W_actual
 319642 8446.21 5451.05 34187.7 23612.3
YTP_p0W_proyectada
 347828 725704 7437.1 3113.58 22738.1
 347828 270198 144247 1271.66 547.978
CTP_r0_actual
 38511.1 599.022 197.502 999.639 633.038
CTP_p0_proyectada
 46439 46311.7 321.535 106.012 672.129
 46439 17243 6236.35 43.298 16.198
Wmedp
 7.49 15.67 23.13 29.37 33.83
Frms_r0
 0.187906 0.375813 0.375813 0.375813 0.375813
Zrms_r0
 1.18791 1.37581 1.37581 1.37581 1.37581
nmprior
 8.19 8.8 8.5 0
nm_flota  nm_reclas  nm_pelaces    nm_pelaL
inf 4.65103 2.98638 4.14657
cv_recla  cv_pelaces  cv_mph
0.748636 0.857017 1.52661
 ------------------------------------------------
Talla a la edad & desviaci?n 
 8 13.2811 15.8009 17.003 17.5766
 0.8 1.32811 1.58009 1.7003 1.75766
