years
 1991 1992 1993 1994 1995 1996 1997 1998 1999 2000 2001 2002 2003 2004 2005 2006 2007 2008 2009 2010 2011 2012 2013 2014 2015 2016 2017 2018 2019 2020 2021
reclasobs
 0 0 0 0 0 0 0 0 0 252601 567819 844713 477998 351125 339783 2.1784e+06 2.13404e+06 4.81314e+06 1.55562e+06 2.62356e+06 3.21686e+06 3.843e+06 1.13348e+06 3.07943e+06 1.97215e+06 2.03268e+06 2.025e+06 2.42433e+06 2.27542e+06 1.05018e+06 2.36338e+06
reclaspred
 1.88106e+06 970697 455960 135561 120683 514292 256571 44460.9 200086 147156 258524 370362 385693 235434 212603 727410 1.22207e+06 2.03446e+06 2.1219e+06 1.20105e+06 1.95503e+06 2.04855e+06 1.64871e+06 1.7241e+06 1.44723e+06 1.0933e+06 1.3495e+06 1.83516e+06 2.0381e+06 906747 720066
pelacesobs
 0 0 0 0 0 0 0 0 0 0 0 0 0 0 0 552880 188675 0 991730 2.46772e+06 1.41603e+06 1.21717e+06 2.29649e+06 1.80582e+06 0 1.4828e+06 1.56532e+06 1.57751e+06 1.42118e+06 867257 1.10002e+06
pelacespred
 808449 455189 211815 37162 42201.3 214764 74882.5 15222.3 83363.7 49988.7 118992 135573 166385 92169.1 93437.2 287198 487854 905127 1.02281e+06 572351 844471 943071 745713 851581 721360 511532 746301 1.0074e+06 923298 491136 356497
mphobs
 0 0 0 0 0 0 0 0 0 0 0 498337 0 5186 125008 0 168611 109162 213762 579715 649985 157893 87575 83554 0 0 0 0 0 0 0
mphpred
 1.84304e+06 1.025e+06 556878 194232 49648.2 123568 429608 67594.7 13444.2 192445 51028 324861 226011 255632 105697 164356 884114 1.02099e+06 1.70473e+06 1.50735e+06 811285 1.65671e+06 1.69456e+06 1.00543e+06 1.40362e+06 1.05595e+06 648647 1.16152e+06 1.9467e+06 1.12966e+06 460731
desembarqueobs
 494567 514787 250237 358949 120608 361735 552515 73892 212993 205616 52469 317467 293654 387597 252695 516296 358380 742168 942051 627588 828172 859565 418607 520667 417249 300574 415391 372974 316634 284311 391294
desembarquepred
 494629 515220 249158 358489 120469 361668 552612 73884.7 212795 205279 52465.7 317426 293543 388421 253151 516065 358519 742679 942003 627055 825646 858637 418307 520239 417450 300833 415020 373134 316827 284374 391304
Reclutas
 19135.2 148654 27695.5 34751.4 75333.4 237111 5690.48 988.317 75970.2 7954.96 136353 73000.6 146806 51266.2 70899.8 467541 140011 631317 530996 25524.4 579639 625995 6468.2 305437 224058 48513.3 354554 388657 33725.8 17019.2 171529
log_desv_Rt
 -1.40989 0.640209 -1.04014 -0.813195 -0.0394916 1.10711 -2.62262 -4.37317 -0.0310736 -2.28762 0.553835 -0.0709467 0.627696 -0.424383 -0.100147 1.78607 0.580303 2.08639 1.91334 -1.12178 2.00099 2.07793 -2.49452 1.36033 1.05049 -0.479577 1.50945 1.60128 -0.843151 -1.52707 0.78334
SSB
 1.84304e+06 1.025e+06 556878 194232 49648.2 123568 429608 67594.7 13444.2 192445 51028 324861 226011 255632 105697 164356 884114 1.02099e+06 1.70473e+06 1.50735e+06 811285 1.65671e+06 1.69456e+06 1.00543e+06 1.40362e+06 1.05595e+06 648647 1.16152e+06 1.9467e+06 1.12966e+06 460731
BT
 2.29583e+06 1.73148e+06 752146 419581 255601 1.20415e+06 670245 107515 565408 307829 538995 657096 868838 696428 621917 1.61682e+06 1.65828e+06 3.85393e+06 4.10159e+06 1.97834e+06 3.8543e+06 3.63432e+06 2.09883e+06 3.43385e+06 2.34743e+06 1.58251e+06 3.24374e+06 3.8154e+06 2.44012e+06 1.47268e+06 1.64946e+06
Ftot
 0.246712 0.487281 0.499131 1.95923 0.898245 0.648254 1.6403 1.34208 0.968995 1.16317 0.192868 0.763951 0.692313 1.36905 1.05686 0.655373 0.275282 0.341994 0.412204 0.477797 0.39443 0.389932 0.238227 0.283833 0.270684 0.258154 0.28975 0.192632 0.147267 0.292957 0.502975
BD_Bspro_t
 0.961295 0.726229 0.537491 0.30562 0.112292 0.288071 0.44644 0.103456 0.0348496 0.349437 0.169863 0.634769 0.424814 0.396707 0.207455 0.290654 0.574229 0.587987 0.655318 0.589644 0.407383 0.575696 0.609225 0.526031 0.634975 0.626391 0.573809 0.717686 0.792346 0.693113 0.527787
BD_Bspro
 3.29016 1.82981 0.994127 0.346738 0.0886308 0.22059 0.766927 0.120669 0.0240002 0.343549 0.0910941 0.579935 0.40347 0.456349 0.188688 0.293404 1.5783 1.82265 3.04324 2.6909 1.44829 2.95753 3.02509 1.79488 2.50571 1.88506 1.15795 2.07352 3.4752 2.01664 0.822486
BD_Bo
 1.07311 0.596807 0.324242 0.113091 0.0289076 0.0719471 0.250139 0.039357 0.00782785 0.112051 0.029711 0.18915 0.131595 0.148842 0.0615421 0.0956959 0.514775 0.594471 0.992576 0.877656 0.47237 0.964621 0.986657 0.585413 0.817257 0.614828 0.377674 0.676294 1.13346 0.657742 0.26826
BD_Brms
 4.55533 2.53343 1.3764 0.48007 0.122712 0.305414 1.06183 0.16707 0.0332291 0.475655 0.126123 0.802939 0.558618 0.63183 0.261245 0.406227 2.18521 2.52352 4.21346 3.72563 2.0052 4.0948 4.18834 2.48507 3.46924 2.60993 1.60322 2.87085 4.81153 2.7921 1.13876
Sel_flota
 0.5 1 1 1 1
 0.5 1 1 1 1
 0.5 1 1 1 1
 0.5 1 1 1 1
 0.5 1 1 1 1
 0.5 1 1 1 1
 0.5 1 1 1 1
 0.5 1 1 1 1
 0.5 1 1 1 1
 0.5 1 1 1 1
 0.5 1 1 1 1
 0.5 1 1 1 1
 0.5 1 1 1 1
 0.5 1 1 1 1
 0.5 1 1 1 1
 0.5 1 1 1 1
 0.5 1 1 1 1
 0.5 1 1 1 1
 0.5 1 1 1 1
 0.5 1 1 1 1
 0.5 1 1 1 1
 0.5 1 1 1 1
 0.5 1 1 1 1
 0.5 1 1 1 1
 0.5 1 1 1 1
 0.5 1 1 1 1
 0.5 1 1 1 1
 0.5 1 1 1 1
 0.5 1 1 1 1
 0.5 1 1 1 1
 0.5 1 1 1 1
Sel_reclas
 0.5 1 1 1 1
 0.5 1 1 1 1
 0.5 1 1 1 1
 0.5 1 1 1 1
 0.5 1 1 1 1
 0.5 1 1 1 1
 0.5 1 1 1 1
 0.5 1 1 1 1
 0.5 1 1 1 1
 0.5 1 1 1 1
 0.5 1 1 1 1
 0.5 1 1 1 1
 0.5 1 1 1 1
 0.5 1 1 1 1
 0.5 1 1 1 1
 0.5 1 1 1 1
 0.5 1 1 1 1
 0.5 1 1 1 1
 0.5 1 1 1 1
 0.5 1 1 1 1
 0.5 1 1 1 1
 0.5 1 1 1 1
 0.5 1 1 1 1
 0.5 1 1 1 1
 0.5 1 1 1 1
 0.5 1 1 1 1
 0.5 1 1 1 1
 0.5 1 1 1 1
 0.5 1 1 1 1
 0.5 1 1 1 1
 0.5 1 1 1 1
Sel_pelaces
 0.5 1 1 1 1
 0.5 1 1 1 1
 0.5 1 1 1 1
 0.5 1 1 1 1
 0.5 1 1 1 1
 0.5 1 1 1 1
 0.5 1 1 1 1
 0.5 1 1 1 1
 0.5 1 1 1 1
 0.5 1 1 1 1
 0.5 1 1 1 1
 0.5 1 1 1 1
 0.5 1 1 1 1
 0.5 1 1 1 1
 0.5 1 1 1 1
 0.5 1 1 1 1
 0.5 1 1 1 1
 0.5 1 1 1 1
 0.5 1 1 1 1
 0.5 1 1 1 1
 0.5 1 1 1 1
 0.5 1 1 1 1
 0.5 1 1 1 1
 0.5 1 1 1 1
 0.5 1 1 1 1
 0.5 1 1 1 1
 0.5 1 1 1 1
 0.5 1 1 1 1
 0.5 1 1 1 1
 0.5 1 1 1 1
 0.5 1 1 1 1
pf_obs 
 0.8446 0.082 0.0669 0.0065 0
 0.8095 0.147 0.0364 0.0071 0
 0.9664 0.0169 0.016 0.0007 0
 0.9276 0.0648 0.0075 0.0001 0
 0.7033 0.2144 0.0806 0.0017 0
 0.9318 0.0425 0.0243 0.0014 0
 0.5671 0.3108 0.0964 0.0239 0.0018
 0.0768 0.2599 0.5324 0.112 0.0189
 0.490249 0.384438 0.106611 0.0170017 0.00170017
 0.7925 0.1577 0.0466 0.003 0.0002
 0.840416 0.127587 0.0312969 0.00059994 9.999e-05
 0.8084 0.0986 0.0794 0.0134 0.0002
 0.7335 0.1905 0.0724 0.0035 0.0001
 0.4001 0.4547 0.1325 0.0127 0
 0.49795 0.308269 0.164784 0.0264974 0.00249975
 0.9179 0.0499 0.0305 0.0017 0
 0.2467 0.6533 0.0926 0.0074 0
 0.9418 0.0223 0.034 0.0019 0
 0.707729 0.231977 0.0356964 0.0245975 0
 0.517169 0.277429 0.184464 0.0207286 0.00020938
 0.811772 0.124168 0.05621 0.00726502 0.000585176
 0.764997 0.148141 0.077277 0.00933861 0.000247198
 0.163321 0.427699 0.378323 0.0303852 0.000271297
 0.753843 0.0900009 0.118128 0.0371064 0.000921714
 0.721811 0.176058 0.0630433 0.0369309 0.00215725
 0.143369 0.312575 0.442814 0.0836902 0.0175525
 0.692698 0.0596174 0.167031 0.0765114 0.00414204
 0.394062 0.376323 0.152708 0.0712218 0.00568511
 0.125707 0.32114 0.495352 0.0537591 0.00404204
 0.23352 0.215282 0.420074 0.123614 0.00750983
 0.774587 0.0839891 0.0768558 0.0609784 0.00358967
pf_pred 
 0.0520049 0.730809 0.203279 0.00615875 0.00774837
 0.581108 0.0442434 0.288816 0.0803359 0.0054961
 0.213612 0.600012 0.019685 0.128502 0.0381889
 0.53546 0.18003 0.217081 0.00712192 0.0603077
 0.883392 0.0954777 0.00818876 0.00987404 0.00306708
 0.878409 0.115838 0.0047103 0.000403984 0.000638437
 0.052921 0.896329 0.0483493 0.00196602 0.000435094
 0.0987724 0.146353 0.714424 0.0385371 0.00191382
 0.984103 0.0040387 0.00192568 0.00940025 0.000532245
 0.219931 0.775469 0.00116864 0.000557214 0.00287406
 0.951337 0.0219499 0.0265551 4.00188e-05 0.0001175
 0.474405 0.513199 0.00559117 0.00676424 4.0124e-05
 0.760673 0.166644 0.0709683 0.000773182 0.00094095
 0.429359 0.506407 0.0447264 0.0190475 0.000460064
 0.759832 0.168715 0.0634094 0.00560039 0.00244263
 0.939311 0.0545481 0.00431413 0.00162141 0.000205664
 0.367735 0.616023 0.014599 0.00115461 0.000488988
 0.807749 0.107299 0.0827695 0.00196153 0.000220836
 0.570527 0.387834 0.0232394 0.0179267 0.00047267
 0.0620488 0.70407 0.211206 0.0126557 0.0100199
 0.849035 0.0200392 0.098279 0.0294815 0.00316521
 0.641553 0.332233 0.00347972 0.0170657 0.00566896
 0.0141432 0.789768 0.181748 0.00190358 0.012437
 0.695782 0.00909085 0.236426 0.0544082 0.004293
 0.502588 0.41423 0.00248568 0.064645 0.0160504
 0.195945 0.55209 0.209829 0.00125912 0.0408764
 0.805103 0.0672169 0.0876694 0.0333199 0.00669093
 0.617155 0.344601 0.0131894 0.0172026 0.00785098
 0.0938043 0.70088 0.184806 0.00707335 0.013436
 0.122186 0.156065 0.558223 0.147191 0.0163349
 0.803001 0.0459178 0.0268606 0.0960765 0.0281446
pobs_RECLAS
 0 0 0 0 0
 0 0 0 0 0
 0 0 0 0 0
 0 0 0 0 0
 0 0 0 0 0
 0 0 0 0 0
 0 0 0 0 0
 0 0 0 0 0
 0 0 0 0 0
 0 0 0 0 0
 0.991045 0.00858322 0.000360255 1.14367e-05 0
 0.934742 0.0480273 0.0164251 0.00080598 0
 0.827803 0.169806 0.00239088 0 0
 0.941827 0.0461693 0.0120037 0 0
 0.791401 0.0380133 0.147996 0.0225897 0
 0.846168 0.0940531 0.0597789 0 0
 0.134021 0.677848 0.182769 0.00536245 0
 0.80878 0.0450904 0.141981 0.00414843 0
 0.846168 0.0940531 0.0597789 0 0
 0.905697 0.0802665 0.012482 0.00150086 5.37128e-05
 0.989698 0.0102097 9.19794e-05 0 0
 0.975433 0.0193895 0.00387452 0.00125025 5.28907e-05
 0.303575 0.632131 0.0575291 0.00676475 0
 0.966965 0.00978017 0.0227588 0.000495775 0
 0.843318 0.132988 0.00938335 0.0141283 0.000182051
 0.564624 0.303363 0.111486 0.0197234 0.00080311
 0.826376 0.0876187 0.0782897 0.00655872 0.00115652
 0.89761 0.0855135 0.0140674 0.00269457 0.000114338
 0.34875 0.467042 0.161289 0.0227151 0.000203297
 0.318654 0.224769 0.449479 0.00709798 0
 0.937255 0.0296025 0.0250945 0.00804832 0
ppred_RECLAS
 0.0525949 0.730354 0.203152 0.00615491 0.00774355
 0.58764 0.0435535 0.284313 0.0790832 0.00541041
 0.218304 0.596432 0.0195676 0.127735 0.037961
 0.580603 0.162535 0.195985 0.00642983 0.0544471
 0.889418 0.0905439 0.00776561 0.0093638 0.00290858
 0.882485 0.111955 0.00455241 0.000390443 0.000617036
 0.0604403 0.889212 0.0479654 0.00195041 0.000431639
 0.108538 0.144767 0.706682 0.0381195 0.00189308
 0.98511 0.003783 0.00180376 0.00880511 0.000498548
 0.234995 0.760494 0.00114607 0.000546453 0.00281856
 0.951753 0.0217626 0.0263286 3.96774e-05 0.000116498
 0.48641 0.501478 0.00546347 0.00660975 3.92076e-05
 0.768272 0.161353 0.0687149 0.000748632 0.000911073
 0.456057 0.482715 0.0426339 0.0181564 0.00043854
 0.773241 0.159296 0.0598693 0.00528773 0.00230626
 0.941512 0.0525699 0.00415768 0.00156261 0.000198205
 0.370882 0.612956 0.0145263 0.00114886 0.000486554
 0.810444 0.105795 0.0816092 0.00193403 0.00021774
 0.575876 0.383004 0.02295 0.0177034 0.000466783
 0.0635936 0.70291 0.210858 0.0126348 0.0100034
 0.851672 0.0196892 0.0965625 0.0289666 0.00310993
 0.646238 0.32789 0.00343423 0.0168426 0.00559486
 0.0143035 0.78964 0.181718 0.00190327 0.012435
 0.698738 0.00900252 0.234128 0.0538795 0.00425129
 0.505901 0.411472 0.00246912 0.0642145 0.0159436
 0.197929 0.550728 0.209311 0.00125602 0.0407756
 0.807344 0.066444 0.0866613 0.0329368 0.00661399
 0.619278 0.342691 0.0131163 0.0171073 0.00780747
 0.0943734 0.70044 0.18469 0.0070689 0.0134276
 0.123754 0.155786 0.557226 0.146928 0.0163057
 0.80739 0.0448947 0.0262621 0.0939359 0.0275176
pobs_PELACES
 0 0 0 0 0
 0 0 0 0 0
 0 0 0 0 0
 0 0 0 0 0
 0 0 0 0 0
 0 0 0 0 0
 0 0 0 0 0
 0 0 0 0 0
 0 0 0 0 0
 0 0 0 0 0
 0 0 0 0 0
 0 0 0 0 0
 0 0 0 0 0
 0 0 0 0 0
 0 0 0 0 0
 0 0 0 0 0
 0.505614 0.472636 0.0217494 0 0
 0 0 0 0 0
 0.443492 0.261883 0.143347 0.151278 0
 0.227955 0.32914 0.350689 0.0885471 0.00366901
 0.970185 0.0296113 0.000203453 0 0
 0.997202 0.00247181 0.000326279 0 0
 0.445219 0.490057 0.0546422 0.010081 0
 0.90214 0.0892962 0.00764917 0.000914606 0
 0 0 0 0 0
 0.581667 0.319106 0.0959925 0.00289975 0.000334073
 0.762889 0.0836404 0.116647 0.0363945 0.000428098
 0.88444 0.0763242 0.0277011 0.0115352 0
 0.521256 0.241999 0.230069 0.00667565 0
 0.616807 0.101726 0.260614 0.0208532 0
 0.833518 0.0704572 0.0857862 0.0102388 0
ppred_PELACES
 0.0546607 0.728762 0.202709 0.00614149 0.00772667
 0.606976 0.0415112 0.270981 0.0753749 0.0051567
 0.232684 0.585461 0.0192076 0.125386 0.0372627
 0.656678 0.133053 0.160435 0.00526352 0.0445709
 0.903176 0.0792791 0.00679947 0.00819882 0.00254672
 0.893132 0.101812 0.00413996 0.000355069 0.000561133
 0.0777652 0.872816 0.047081 0.00191445 0.00042368
 0.131894 0.140974 0.688168 0.0371208 0.00184349
 0.987282 0.00323115 0.00154063 0.00752063 0.000425821
 0.27123 0.724473 0.00109179 0.000520571 0.00268506
 0.953193 0.0211129 0.0255425 3.84928e-05 0.00011302
 0.517912 0.470719 0.00512836 0.00620433 3.68027e-05
 0.787984 0.147628 0.0628699 0.000684952 0.000833575
 0.512414 0.432701 0.0382167 0.0162752 0.000393104
 0.802356 0.138843 0.0521824 0.00460881 0.00201015
 0.94719 0.0474663 0.00375404 0.00141091 0.000178963
 0.381541 0.602571 0.0142802 0.0011294 0.00047831
 0.818962 0.101041 0.0779422 0.00184713 0.000207956
 0.592396 0.368085 0.022056 0.0170139 0.000448601
 0.0684529 0.699263 0.209764 0.0125692 0.00995147
 0.859706 0.0186227 0.0913318 0.0273976 0.00294147
 0.660805 0.314389 0.00329282 0.0161491 0.00536449
 0.0148685 0.789187 0.181614 0.00190218 0.0124278
 0.708504 0.00871069 0.226539 0.052133 0.00411348
 0.51706 0.402179 0.00241336 0.0627642 0.0155835
 0.204778 0.546025 0.207524 0.00124529 0.0404274
 0.814671 0.063917 0.0833654 0.0316841 0.00636245
 0.626743 0.335972 0.0128591 0.0167718 0.00765438
 0.0964708 0.698818 0.184262 0.00705253 0.0133965
 0.129091 0.154837 0.553832 0.146033 0.0162064
 0.819968 0.0419629 0.0245471 0.0878016 0.0257206
pobs_pel_tallas
 0 0 0 0 0 0 0 0 0 0 0 0 0 0 0 0 0 0 0 0 0 0 0 0 0 0
 0 0 0 0 0 0 0 0 0 0 0 0 0 0 0 0 0 0 0 0 0 0 0 0 0 0
 0 0 0 0 0 0 0 0 0 0 0 0 0 0 0 0 0 0 0 0 0 0 0 0 0 0
 0 0 0 0 0 0 0 0 0 0 0 0 0 0 0 0 0 0 0 0 0 0 0 0 0 0
 0 0 0 0 0 0 0 0 0 0 0 0 0 0 0 0 0 0 0 0 0 0 0 0 0 0
 0 0 0 0 0 0 0 0 0 0 0 0 0 0 0 0 0 0 0 0 0 0 0 0 0 0
 0 0 0 0 0 0 0 0 0 0 0 0 0 0 0 0 0 0 0 0 0 0 0 0 0 0
 0 0 0 0 0 0 0 0 0 0 0 0 0 0 0 0 0 0 0 0 0 0 0 0 0 0
 0 0 0 0 0 0 0 0 0 0 0 0 0 0 0 0 0 0 0 0 0 0 0 0 0 0
 0 0 0 0 0 0 0 0 0 0 0 0 0 0 0 0 0 0 0 0 0 0 0 0 0 0
 0 0 0 0 0 0 0 0 0 0 0 0 0 0 0 0 0 0 0 0 0 0 0 0 0 0
 0 0 0 0 0 0 0 0 0 0 0 0 0 0 0 0 0 0 0 0 0 0 0 0 0 0
 0.00862536 0 0 0.000197151 0.00414017 0.0128641 0.00837892 0.0270097 0.101434 0.158115 0.152841 0.127902 0.109271 0.109419 0.0830992 0.0579132 0.0238553 0.00714673 0.00463305 0.00128148 0.00103504 0.000492878 0.000147863 0.000147863 4.92878e-05 0
 0 0 0 0 0 0 0 0 0 0 0 0 0 0 0 0 0 0 0 0 0 0 0 0 0 0
 0 0 0 0 0 0 0 0.0054083 0.00873648 0.0413646 0.0450493 0.0745869 0.0622846 0.0627006 0.0613931 0.0827291 0.12552 0.122667 0.0946155 0.0697135 0.0546179 0.0294188 0.0215738 0.0213955 0.0102223 0.00600262
 0 0 0 0 0.00359764 0.0251062 0.0480494 0.140153 0.205849 0.193036 0.1447 0.116669 0.0760912 0.0342217 0.00950174 0.001854 0.000860785 0 0 0 0.000165536 0 0.000143464 0 0 0
 0 0 0 0 0 0 0 0.000145254 0.000435761 0.0275982 0.070085 0.0708112 0.156366 0.174668 0.174014 0.160142 0.0824315 0.0480064 0.0283245 0.00493863 0.00203355 0 0 0 0 0
 0 0 0 0 0 0 0 0 0 0 0 0 0 0 0 0 0 0 0 0 0 0 0 0 0 0
 0 0 1.00437e-05 0.000401748 0.00122533 0.00171747 0.00176769 0.0269171 0.070346 0.194647 0.189555 0.159765 0.064822 0.0314167 0.0384472 0.0292271 0.0345202 0.0313363 0.0194345 0.0106764 0.0143323 0.0359363 0.0279516 0.0138201 0.00172751 0
 0 0.0021121 0.0136068 0.0755702 0.200478 0.177729 0.0527432 0.0373336 0.0318909 0.0142505 0.0149659 0.0166563 0.0217959 0.0798694 0.0677717 0.0528807 0.04013 0.0224614 0.0357745 0.0225083 0.00881397 0.00855152 0.00135912 0.000746735 0 0
 0 0 0 0 5.4009e-05 0.00500934 0.000945158 0.0243581 0.138947 0.33067 0.221406 0.137944 0.0707744 0.0437923 0.0131692 0.00525238 0.0047753 0.00276346 9.45158e-05 9.00151e-06 2.25038e-05 9.00151e-06 4.50075e-06 0 0 0
 0.000866109 0.00284123 0.00948549 0.0512746 0.133035 0.25785 0.225252 0.132002 0.0553304 0.0519788 0.0540692 0.017754 0.00435017 0.00159236 0.00146478 0.000404838 0.000125132 0.000115318 0.000107957 0.000100596 0 0 0 0 0 0
 0 0 0 0 0.00144013 0.00171154 0.00461396 0.0210425 0.0478622 0.0707936 0.0888783 0.103762 0.0637923 0.0337046 0.0602308 0.124433 0.169614 0.0934646 0.0462172 0.0250306 0.0313229 0.00938855 0.002487 0.000210481 0 0
 0 0.00764035 0.051015 0.0998891 0.058973 0.0496711 0.0374665 0.0718981 0.12319 0.153886 0.159021 0.0857701 0.0377988 0.023471 0.0147837 0.00900784 0.00315554 0.000888139 0.00291439 0.00214683 0.00393193 0.00274676 0.000635225 9.99891e-05 0 0
 0 0 0 0 0 0 0 0 0 0 0 0 0 0 0 0 0 0 0 0 0 0 0 0 0 0
 0 0 0 0 0 0 0 0 0 0 0 0 0 0 0 0 0 0 0 0 0 0 0 0 0 0
 0 0 0 0 0 0 0 0 0 0 0 0 0 0 0 0 0 0 0 0 0 0 0 0 0 0
 0 0 0 0 0 0 0 0 0 0 0 0 0 0 0 0 0 0 0 0 0 0 0 0 0 0
 0 0 0 0 0 0 0 0 0 0 0 0 0 0 0 0 0 0 0 0 0 0 0 0 0 0
 0 0 0 0 0 0 0 0 0 0 0 0 0 0 0 0 0 0 0 0 0 0 0 0 0 0
 0 0 0 0 0 0 0 0 0 0 0 0 0 0 0 0 0 0 0 0 0 0 0 0 0 0
ppred_pel_tallas
 1.0796e-16 4.50248e-06 4.37658e-05 0.000290842 0.00132217 0.00411414 0.00876821 0.0128122 0.0128826 0.00911221 0.00526962 0.00466145 0.00867984 0.0183798 0.0348942 0.0578506 0.0837272 0.106091 0.118322 0.117274 0.105021 0.0872303 0.0695785 0.0550742 0.0438598 0.0347359
 1.16263e-16 4.99958e-05 0.000485977 0.00322949 0.0146808 0.0456774 0.0973207 0.142043 0.142048 0.0973426 0.0457522 0.0149024 0.00380699 0.0018174 0.0027867 0.00507342 0.00858282 0.0134812 0.0199171 0.0278993 0.0370711 0.046464 0.054497 0.0593969 0.0598927 0.0557807
 1.19585e-16 1.9166e-05 0.0001863 0.00123803 0.00562795 0.0175109 0.037311 0.0544683 0.0545247 0.0375864 0.0184356 0.0082983 0.00793917 0.0148097 0.0277788 0.0458692 0.0660429 0.0830515 0.0916427 0.0896021 0.0792086 0.0658039 0.0545869 0.0480544 0.0455903 0.0448133
 1.12735e-16 5.40897e-05 0.000525771 0.00349393 0.0158829 0.0494177 0.10529 0.153677 0.15369 0.105354 0.0496329 0.0165073 0.00507224 0.00400796 0.00677538 0.0113985 0.0170783 0.0228717 0.0278284 0.0314894 0.0340575 0.0360265 0.0376055 0.0384666 0.0380008 0.0357956
 1.0147e-16 7.43934e-05 0.000723131 0.00480546 0.0218449 0.0679677 0.144813 0.21136 0.211367 0.14485 0.068093 0.0222067 0.00571342 0.00270469 0.00383632 0.00622123 0.00894848 0.0112433 0.0123758 0.012022 0.0104598 0.00838646 0.00650064 0.00517206 0.00438858 0.00392205
 1.00277e-16 7.35661e-05 0.000715089 0.00475202 0.021602 0.0672118 0.143202 0.20901 0.20902 0.14325 0.0673725 0.0220658 0.00591532 0.00325182 0.00488313 0.00793496 0.0113731 0.0141956 0.0154362 0.0146508 0.0121839 0.00894799 0.00589701 0.00359696 0.00213853 0.00131962
 1.01846e-16 6.4056e-06 6.22648e-05 0.000413776 0.00188102 0.00585299 0.0124735 0.0182231 0.0183071 0.0128839 0.0072305 0.00585805 0.0103903 0.0218199 0.0412656 0.0680452 0.0976316 0.121949 0.132758 0.126243 0.105317 0.0777369 0.0516062 0.0317294 0.0188904 0.0114244
 1.2393e-16 1.08639e-05 0.000105601 0.000701759 0.0031901 0.00992567 0.0211482 0.0308695 0.0308841 0.0212202 0.0101704 0.00391011 0.00255909 0.00432537 0.00850799 0.0153049 0.0249649 0.0374553 0.0525153 0.0696603 0.0878258 0.104847 0.117447 0.122214 0.117196 0.103041
 1.00872e-16 8.13211e-05 0.00079047 0.00525295 0.0238792 0.0742969 0.158297 0.23104 0.23104 0.158299 0.0743021 0.0238942 0.00529109 0.000874618 0.000243874 0.000282069 0.000417501 0.000568139 0.000715269 0.000861475 0.0010277 0.00123707 0.00149136 0.00175763 0.00197581 0.00208297
 1.00724e-16 2.2341e-05 0.000217162 0.00144312 0.00656027 0.0204118 0.0434921 0.0634926 0.0635623 0.0438324 0.021554 0.00985711 0.00971056 0.0182382 0.0341688 0.0562459 0.0805375 0.100259 0.108518 0.102145 0.0836527 0.059675 0.0371914 0.0204106 0.0100762 0.00472623
 1.00766e-16 7.85133e-05 0.000763177 0.00507158 0.0230547 0.0717316 0.152832 0.223063 0.223065 0.152842 0.0717657 0.0231536 0.0053216 0.00131441 0.00114124 0.0018035 0.00268536 0.00357303 0.00429845 0.00477109 0.00500427 0.00506306 0.00498243 0.00473567 0.0042769 0.00360823
 1.00897e-16 4.26598e-05 0.000414669 0.00275562 0.0125267 0.0389754 0.0830429 0.121213 0.121258 0.083264 0.0397177 0.0146694 0.00812932 0.0121296 0.0222445 0.0365845 0.05241 0.0653043 0.0708014 0.0668518 0.0550824 0.0397786 0.0254311 0.0147217 0.00808873 0.00456182
 1.02062e-16 6.49052e-05 0.000630902 0.00419256 0.0190588 0.0592991 0.126343 0.184405 0.184419 0.126413 0.0595338 0.0197377 0.00589963 0.00436728 0.0071896 0.0118571 0.0172449 0.0220363 0.0249165 0.0252464 0.0233922 0.020391 0.0172502 0.014457 0.011992 0.00966131
 1.02913e-16 4.22069e-05 0.000410266 0.00272637 0.0123937 0.0385616 0.0821611 0.119925 0.119967 0.0823647 0.0392451 0.0143674 0.007679 0.0112163 0.0205483 0.0338606 0.0486731 0.060998 0.0667995 0.0642192 0.0546919 0.0419899 0.0299931 0.0209114 0.0149775 0.0112776
 1.02344e-16 6.6089e-05 0.000642409 0.00426903 0.0194064 0.0603806 0.128648 0.187768 0.187781 0.128713 0.0606012 0.0200442 0.00587248 0.00415069 0.00675217 0.0111184 0.0161498 0.0205982 0.0232258 0.0234423 0.0216179 0.0187655 0.0158682 0.0133993 0.0113208 0.00939806
 1.00293e-16 7.80188e-05 0.00075837 0.00503964 0.0229095 0.0712799 0.151869 0.221659 0.221663 0.151892 0.0713548 0.0231259 0.00558275 0.00194323 0.00232609 0.00371627 0.00533238 0.00667722 0.00730248 0.00700357 0.00593866 0.00452396 0.00318894 0.00218022 0.00152643 0.00112812
 1.00761e-16 3.14271e-05 0.000305483 0.00203005 0.00922833 0.0287131 0.0611784 0.0893038 0.0893617 0.0614615 0.0296635 0.0119719 0.00891111 0.0153078 0.0284674 0.0468651 0.067161 0.0837251 0.0908412 0.085873 0.0708748 0.0512938 0.0328454 0.0189533 0.0102071 0.00542478
 1.02496e-16 6.74568e-05 0.000655704 0.00435739 0.019808 0.0616302 0.13131 0.191653 0.191663 0.131358 0.0617921 0.0202767 0.0055383 0.00324896 0.00503721 0.00833666 0.0122708 0.0159847 0.0186301 0.0197744 0.0195872 0.0186025 0.0172755 0.0157294 0.0138507 0.0115618
 1.02513e-16 4.8795e-05 0.000474305 0.00315192 0.0143282 0.0445805 0.0949849 0.138641 0.138676 0.095158 0.0451617 0.0160061 0.00736155 0.00965689 0.0174676 0.0287466 0.0412819 0.0516565 0.0564269 0.0540185 0.0456821 0.0346795 0.0243721 0.016683 0.0118133 0.00894249
 1.09177e-16 5.63852e-06 5.48085e-05 0.000364225 0.00165576 0.00515204 0.0109795 0.016039 0.0161066 0.0113097 0.0062613 0.00486181 0.00841984 0.0176665 0.03353 0.0556209 0.0805805 0.102274 0.114389 0.113927 0.102859 0.0865522 0.0703354 0.0569613 0.0464597 0.0376352
 1.05886e-16 7.08129e-05 0.000688326 0.00457417 0.0207935 0.0646964 0.137843 0.201186 0.201188 0.137852 0.0647289 0.0208894 0.00482192 0.00125304 0.00121364 0.0020789 0.00342114 0.00521393 0.00746563 0.0101658 0.0132164 0.0163357 0.0190306 0.0207156 0.0209445 0.0196141
 1.02703e-16 5.44297e-05 0.000529076 0.0035159 0.0159828 0.0497285 0.105953 0.154648 0.154678 0.106101 0.0502244 0.0174143 0.00710631 0.00835753 0.0148947 0.024467 0.0350776 0.0437771 0.0476122 0.0452516 0.0378152 0.0281763 0.0193044 0.0129086 0.00915709 0.00726575
 1.07737e-16 1.22486e-06 1.19061e-05 7.91242e-05 0.000359734 0.00111967 0.0023884 0.0035019 0.00357807 0.00276061 0.00236973 0.00397156 0.00914997 0.0198289 0.0376815 0.0624066 0.0901574 0.1139 0.126409 0.124272 0.109827 0.0894094 0.0694287 0.053378 0.0415207 0.0324901
 1.12465e-16 5.83585e-05 0.000567266 0.00376968 0.0171364 0.0533178 0.113599 0.165802 0.165803 0.113605 0.0533392 0.0172031 0.00395485 0.00103071 0.00111253 0.00220245 0.00423339 0.00755956 0.012531 0.0192456 0.0272967 0.0356356 0.0427177 0.0469696 0.0473844 0.0439254
 1.09105e-16 4.25897e-05 0.000413987 0.00275109 0.0125061 0.0389112 0.082906 0.121012 0.12105 0.083095 0.0395459 0.0143384 0.00734783 0.0104401 0.0190599 0.0313836 0.0450802 0.0564597 0.0618362 0.0596154 0.0513249 0.0406686 0.0313487 0.0253034 0.0223786 0.0211804
 1.13095e-16 1.68674e-05 0.000163957 0.00108956 0.004953 0.0154109 0.0328365 0.0479369 0.0479897 0.0330947 0.0162786 0.00746168 0.00739641 0.013964 0.0263196 0.04373 0.0635635 0.0811218 0.0915789 0.0926518 0.0858442 0.0751873 0.0645731 0.0558427 0.0487577 0.0422366
 1.06677e-16 6.71034e-05 0.000652269 0.00433456 0.0197043 0.0613073 0.130622 0.190648 0.190654 0.130653 0.061411 0.0200055 0.00509689 0.00233723 0.00332848 0.00555799 0.0083809 0.0113452 0.0140303 0.0162433 0.0180773 0.0197122 0.0211328 0.0220307 0.0219741 0.0206938
 1.03435e-16 5.1624e-05 0.000501804 0.00333467 0.0151589 0.0471652 0.100492 0.146677 0.14671 0.10065 0.0476954 0.0166898 0.00717495 0.00887742 0.015936 0.0262059 0.0376131 0.0470294 0.0513151 0.0490516 0.0414175 0.0314401 0.0222322 0.0155624 0.0115771 0.00944151
 1.08471e-16 7.94632e-06 7.72411e-05 0.000513297 0.00233342 0.00726049 0.0154717 0.0225956 0.0226631 0.0158015 0.00836821 0.00553448 0.00855442 0.0176509 0.0334411 0.055421 0.0801776 0.101529 0.113125 0.111962 0.100071 0.0829484 0.0661008 0.0524474 0.042104 0.0338411
 1.3341e-16 1.06331e-05 0.000103358 0.000686849 0.00312232 0.00971479 0.020699 0.030214 0.0302298 0.0207766 0.00997791 0.00389358 0.00266543 0.00456419 0.00889899 0.0157867 0.0252994 0.0371914 0.0510996 0.0667318 0.0836016 0.100381 0.114534 0.122871 0.122893 0.114054
 1.13878e-16 6.75397e-05 0.00065651 0.00436274 0.0198324 0.0617059 0.131471 0.191887 0.191891 0.131491 0.0617736 0.020029 0.00485988 0.0017546 0.00219264 0.00362798 0.00549535 0.00753592 0.00958864 0.0117154 0.0142118 0.0173918 0.0212727 0.0253927 0.0289033 0.0308898
pSPR Fmed_Fpbrs
0.495422   0.285572 0.285572
Fs Fmed_Fpbrs
0.491176   1.005 1.005
SSBpbr Bo_Bmed_Bpbrs
1.71748e+06  765002  404590 404590
Ro
78367.9
SPR SPRFo_SPRFmed_SPRFpbrs
560168 277519 159969
Fref
1.005
Nvult_r0
 122458 4204.83 2459.71 8798.03 2577.29
CTP_r0
 24608.1 1407.16 823.149 2944.29 862.499
YTP_r0
391304
Np
 176865 49071 1203.09 703.771 3077.3
Nvult_p0
 137500 42463 1041.08 609.001 2662.91
CTP_p0
 45985.8 21284.5 521.837 305.26 1334.78
YTP_p0
 755507
CBA_c0
500565
log_Ro
11.0892
likeval ReclasPelacesDesembMPH_pf_preclas_ppelaces_ptallas_desvR_qrecl_qpela
 45.9346 51.6204 0.247688 0.00244564 313.23 160.066 124.067 0 106.288 0 0 0.321543 0 0 0
q_reclas_q_pelaces
1 1
M
1
N
 19135.2 141312 39306.7 1190.88 1498.25
 148654 6222.51 40619.9 11298.7 772.987
 27695.5 42861.9 1406.2 9179.54 2728.03
 34751.4 7938.35 9572.09 314.039 2659.25
 75333.4 4799.94 411.673 496.397 154.191
 237111 17686.5 719.182 61.6815 97.4785
 5690.48 63079.9 3402.62 138.36 30.6201
 988.317 921.865 4500.1 242.742 12.055
 75970.2 185.854 88.6167 432.584 24.4931
 7954.96 17216.1 25.9447 12.3706 63.8066
 136353 1635.93 1979.16 2.9826 8.75732
 73000.6 45550.2 496.258 600.377 3.5613
 146806 18329.1 7805.78 85.042 103.495
 51266.2 38204.6 3374.27 1436.99 34.7083
 70899.8 9511.56 3574.8 315.73 137.707
 467541 15376.5 1216.1 457.057 57.9743
 140011 123940 2937.23 232.301 98.3816
 631317 44883.8 34623 820.521 92.3769
 530996 195745 11729.2 9047.82 238.562
 25524.4 158960 47684.5 2857.3 2262.22
 579639 7394.49 36265.1 10878.7 1167.97
 625995 175071 1833.64 8992.8 2987.27
 6468.2 189498 43608.8 456.746 2984.14
 305437 2112.31 54935 12642.1 997.506
 224058 97497.6 585.055 15215.5 3777.8
 48513.3 71992.5 27361.7 164.19 5330.28
 354554 15685.9 20458.7 7775.6 1561.41
 388657 112842 4318.95 5633.1 2570.85
 33725.8 129850 34238.6 1310.46 2489.25
 17019.2 11526.3 41227.9 10870.9 1206.42
 171529 5407.92 3163.48 11315.3 3314.71
pred_Ctot
 1417.94 19925.9 5542.51 167.922 211.264
 20725.7 1577.98 10300.9 2865.24 196.023
 3945.94 11083.7 363.632 2373.76 705.446
 14821.5 4983.22 6008.79 197.135 1669.32
 17866.3 1931.01 165.615 199.699 62.0306
 42600.3 5617.8 228.436 19.5921 30.9623
 2148.71 36393 1963.09 79.8249 17.6658
 322.245 477.475 2330.81 125.727 6.24383
 19175.7 78.6959 37.5227 183.168 10.371
 2323.66 8193.14 12.3471 5.88718 30.3656
 7986.35 184.266 222.927 0.335952 0.986401
 15111.1 16346.8 178.094 215.46 1.27806
 27926.2 6117.93 2605.43 28.3854 34.5446
 16967.4 20012.2 1767.5 752.719 18.1808
 19196.2 4262.38 1601.96 141.487 61.71
 84804.1 4924.78 389.494 146.386 18.568
 11509.2 19280 456.912 36.1365 15.3041
 63605.2 8449.11 6517.58 154.458 17.3894
 63574.6 43216.8 2589.6 1997.6 52.6702
 3496.01 39669.3 11899.9 713.056 564.549
 66643.7 1572.95 7714.26 2314.11 248.448
 71217.2 36880.3 386.275 1894.42 629.298
 463.622 25889.1 5957.8 62.4004 407.692
 25842.6 337.651 8781.28 2020.82 159.45
 18127.4 14940.5 89.6538 2331.63 578.91
 3752.86 10574 4018.77 24.1155 782.889
 30586.8 2553.65 3330.66 1265.86 254.196
 22737.3 12695.9 485.926 633.782 289.247
 1522.52 11375.9 2999.57 114.807 218.078
 1483.51 1894.84 6777.57 1787.09 198.327
 24608.1 1407.16 823.149 2944.29 862.499
F
 0.123356 0.246712 0.246712 0.246712 0.246712
 0.24364 0.487281 0.487281 0.487281 0.487281
 0.249566 0.499131 0.499131 0.499131 0.499131
 0.979616 1.95923 1.95923 1.95923 1.95923
 0.449122 0.898245 0.898245 0.898245 0.898245
 0.324127 0.648254 0.648254 0.648254 0.648254
 0.820151 1.6403 1.6403 1.6403 1.6403
 0.671039 1.34208 1.34208 1.34208 1.34208
 0.484498 0.968995 0.968995 0.968995 0.968995
 0.581586 1.16317 1.16317 1.16317 1.16317
 0.0964339 0.192868 0.192868 0.192868 0.192868
 0.381976 0.763951 0.763951 0.763951 0.763951
 0.346156 0.692313 0.692313 0.692313 0.692313
 0.684523 1.36905 1.36905 1.36905 1.36905
 0.528428 1.05686 1.05686 1.05686 1.05686
 0.327687 0.655373 0.655373 0.655373 0.655373
 0.137641 0.275282 0.275282 0.275282 0.275282
 0.170997 0.341994 0.341994 0.341994 0.341994
 0.206102 0.412204 0.412204 0.412204 0.412204
 0.238899 0.477797 0.477797 0.477797 0.477797
 0.197215 0.39443 0.39443 0.39443 0.39443
 0.194966 0.389932 0.389932 0.389932 0.389932
 0.119114 0.238227 0.238227 0.238227 0.238227
 0.141917 0.283833 0.283833 0.283833 0.283833
 0.135342 0.270684 0.270684 0.270684 0.270684
 0.129077 0.258154 0.258154 0.258154 0.258154
 0.144875 0.28975 0.28975 0.28975 0.28975
 0.0963161 0.192632 0.192632 0.192632 0.192632
 0.0736337 0.147267 0.147267 0.147267 0.147267
 0.146479 0.292957 0.292957 0.292957 0.292957
 0.251488 0.502975 0.502975 0.502975 0.502975
YTP_r0W_actual
 209169 22936.7 23789 102461 32947.5
YTP_p0W_proyectada
 345813 343106 12200.5 9005.16 45382.4
CTP_r0_actual
 24608.1 1407.16 823.149 2944.29 862.499
CTP_p0_proyectada
 45985.8 21284.5 521.837 305.26 1334.78
Wmedp
 7.52 16.12 23.38 29.5 34
Frms_r0
 0.251488 0.502975 0.502975 0.502975 0.502975
Zrms_r0
 1.25149 1.50298 1.50298 1.50298 1.50298
nmprior
 8.19 8.8 8.5 0
nm_flota  nm_reclas  nm_pelaces    nm_pelaL
inf 6.3635 5.21682 8.56303
cv_recla  cv_pelaces  cv_mph
0.613049 0.814672 1.52617
 ------------------------------------------------
Talla a la edad & desviaci?n 
 8 13.2811 15.8009 17.003 17.5766
 0.8 1.32811 1.58009 1.7003 1.75766
