years
 1991 1992 1993 1994 1995 1996 1997 1998 1999 2000 2001 2002 2003 2004 2005 2006 2007 2008 2009 2010 2011 2012 2013 2014 2015 2016 2017 2018 2019 2020 2021
reclasobs
 0 0 0 0 0 0 0 0 0 252601 567819 844713 477998 351125 339783 2.1784e+06 2.13404e+06 4.81314e+06 1.55562e+06 2.62356e+06 3.21686e+06 3.843e+06 1.13348e+06 3.07943e+06 1.97215e+06 2.03268e+06 2.025e+06 2.42433e+06 2.27542e+06 1.05018e+06 2.36338e+06
reclaspred
 4.14664e+06 1.42762e+06 878614 477196 71759.7 1.80181e+06 591372 150125 616130 187619 295303 658193 558551 416081 304402 1.87023e+06 1.18295e+06 4.9914e+06 3.90794e+06 1.78824e+06 3.75693e+06 3.47455e+06 1.98359e+06 3.78649e+06 2.47548e+06 1.56449e+06 2.54052e+06 3.69007e+06 2.65351e+06 1.02536e+06 1.56938e+06
pelacesobs
 0 0 0 0 0 0 0 0 0 0 0 0 0 0 0 552880 188675 0 991730 2.46772e+06 1.41603e+06 1.21717e+06 2.29649e+06 1.80582e+06 0 1.4828e+06 1.56532e+06 1.57751e+06 1.42118e+06 867257 1.10002e+06
pelacespred
 1.04081e+06 362986 183908 66218.9 8858.59 409993 93969.4 31442 129293 28596.2 64516.9 118952 108494 79448.4 56525 359288 224529 1.20264e+06 919650 395190 832832 755783 435887 974045 596748 370799 708492 1.00352e+06 601418 268835 379114
mphobs
 0 0 0 0 0 0 0 0 0 0 0 498337 0 5186 125008 0 168611 109162 213762 579715 649985 157893 87575 83554 0 0 0 0 0 0 0
mphpred
 847244 386726 93850.9 91107.5 24475.4 2942.25 168704 33986.4 10350.4 49143.3 8524.94 32087.2 55613.7 34619.7 18609.6 18768.4 212483 117429 539310 348566 205819 350406 372757 212282 385615 262252 148014 238669 474000 250835 83941.5
desembarqueobs
 494567 514787 250237 358949 120608 361735 552515 73892 212993 205616 52469 317467 293654 387597 252695 516296 358380 742168 942051 627588 828172 859565 418607 520667 417249 300574 415391 372974 316634 284311 391294
desembarquepred
 494517 514504 249837 358559 120487 361520 551717 73856.8 212821 205373 52453.5 317152 293304 386868 252354 515863 358210 741679 940675 626425 827601 858701 418328 520427 416947 300314 415123 372773 316444 284041 391046
Reclutas
 9311.57 5785.75 199595 15717.2 4830.62 285526 7006.6 1812.41 62617.6 8782.39 46885.9 133109 76535.7 68989.6 44970.6 389301 12587.2 742290 303685 98536.7 389617 511880 16735.3 280525 162410 38742.3 226723 303936 21498.8 9826.86 154924
log_desv_Rt
 -1.82001 -2.29587 1.24502 -1.29651 -2.47629 1.60307 -2.10441 -3.4566 0.0857813 -1.87852 -0.203547 0.839903 0.286492 0.18269 -0.245256 1.91309 -1.51858 2.55848 1.66473 0.539165 1.9139 2.18683 -1.23375 1.5854 1.03886 -0.394333 1.37246 1.66555 -0.983268 -1.76615 0.991671
SSB
 2.33375e+06 1.06524e+06 258514 250957 67417.9 8104.47 464699 93616.1 28510.3 135366 23482.1 88384.8 153189 95360.7 51260.4 51697.9 585288 323461 1.48554e+06 960130 566931 965200 1.02677e+06 584733 1.06218e+06 722377 407708 657419 1.30564e+06 690929 231218
BT
 2.85805e+06 1.399e+06 654942 407960 126208 1.26665e+06 704975 142903 489177 248003 193672 535641 511672 584942 380585 1.23557e+06 800816 3.4462e+06 3.00715e+06 1.51818e+06 2.62976e+06 2.51299e+06 1.36672e+06 2.74226e+06 1.77031e+06 1.13164e+06 2.07321e+06 2.68564e+06 1.6515e+06 926385 1.25867e+06
Ftot
 0.218286 0.62845 0.631381 1.26643 2.30219 0.521913 1.47581 0.861496 0.852416 1.73857 0.444209 1.08939 1.08745 1.87366 1.75976 0.696948 0.555965 0.372553 0.494274 0.667025 0.503145 0.541937 0.390864 0.322896 0.343367 0.372524 0.387196 0.241003 0.223856 0.500535 0.590193
BD_Bspro_t
 0.965785 0.728547 0.393084 0.405118 0.128561 0.0252482 0.469103 0.136538 0.0682473 0.268092 0.0859863 0.353009 0.319824 0.19449 0.110267 0.116108 0.46259 0.320918 0.611765 0.469153 0.315676 0.435875 0.474519 0.378543 0.55305 0.519516 0.448114 0.588727 0.71338 0.573051 0.365988
BD_Bspro
 5.68109 2.59315 0.629306 0.610911 0.164117 0.0197289 1.13123 0.227892 0.0694033 0.329525 0.057163 0.215157 0.372911 0.232139 0.124784 0.125849 1.42478 0.787408 3.61628 2.33726 1.38009 2.34961 2.49948 1.42343 2.5857 1.7585 0.992492 1.60037 3.17835 1.68194 0.56286
BD_Bo
 1.41764 0.647086 0.157035 0.152445 0.0409533 0.00492309 0.282283 0.0568674 0.0173187 0.0822287 0.0142643 0.0536897 0.0930551 0.0579272 0.0311383 0.0314041 0.355535 0.196488 0.902396 0.583234 0.344384 0.586314 0.623713 0.355198 0.645228 0.43881 0.247664 0.399352 0.793116 0.419707 0.140455
BD_Brms
 7.49738 3.42219 0.830499 0.806223 0.216586 0.0260364 1.49289 0.30075 0.091592 0.434876 0.0754384 0.283944 0.492133 0.306355 0.164679 0.166084 1.88029 1.03915 4.77243 3.0845 1.82132 3.10079 3.29858 1.87851 3.41236 2.3207 1.3098 2.11202 4.19449 2.21967 0.74281
Sel_flota
 0.685545 0.976427 0.998731 0.999933 0.999996
 0.685545 0.976427 0.998731 0.999933 0.999996
 0.685545 0.976427 0.998731 0.999933 0.999996
 0.685545 0.976427 0.998731 0.999933 0.999996
 0.685545 0.976427 0.998731 0.999933 0.999996
 0.685545 0.976427 0.998731 0.999933 0.999996
 0.685545 0.976427 0.998731 0.999933 0.999996
 0.685545 0.976427 0.998731 0.999933 0.999996
 0.685545 0.976427 0.998731 0.999933 0.999996
 0.685545 0.976427 0.998731 0.999933 0.999996
 0.685545 0.976427 0.998731 0.999933 0.999996
 0.685545 0.976427 0.998731 0.999933 0.999996
 0.685545 0.976427 0.998731 0.999933 0.999996
 0.685545 0.976427 0.998731 0.999933 0.999996
 0.685545 0.976427 0.998731 0.999933 0.999996
 0.685545 0.976427 0.998731 0.999933 0.999996
 0.685545 0.976427 0.998731 0.999933 0.999996
 0.685545 0.976427 0.998731 0.999933 0.999996
 0.685545 0.976427 0.998731 0.999933 0.999996
 0.685545 0.976427 0.998731 0.999933 0.999996
 0.685545 0.976427 0.998731 0.999933 0.999996
 0.685545 0.976427 0.998731 0.999933 0.999996
 0.685545 0.976427 0.998731 0.999933 0.999996
 0.685545 0.976427 0.998731 0.999933 0.999996
 0.685545 0.976427 0.998731 0.999933 0.999996
 0.685545 0.976427 0.998731 0.999933 0.999996
 0.685545 0.976427 0.998731 0.999933 0.999996
 0.685545 0.976427 0.998731 0.999933 0.999996
 0.685545 0.976427 0.998731 0.999933 0.999996
 0.685545 0.976427 0.998731 0.999933 0.999996
 0.685545 0.976427 0.998731 0.999933 0.999996
Sel_reclas
 1 1 1 1 1
 1 1 1 1 1
 1 1 1 1 1
 1 1 1 1 1
 1 1 1 1 1
 1 1 1 1 1
 1 1 1 1 1
 1 1 1 1 1
 1 1 1 1 1
 1 1 1 1 1
 1 1 1 1 1
 1 1 1 1 1
 1 1 1 1 1
 1 1 1 1 1
 1 1 1 1 1
 1 1 1 1 1
 1 1 1 1 1
 1 1 1 1 1
 1 1 1 1 1
 1 1 1 1 1
 1 1 1 1 1
 1 1 1 1 1
 1 1 1 1 1
 1 1 1 1 1
 1 1 1 1 1
 1 1 1 1 1
 1 1 1 1 1
 1 1 1 1 1
 1 1 1 1 1
 1 1 1 1 1
 1 1 1 1 1
Sel_pelaces
 1 1 1 1 1
 1 1 1 1 1
 1 1 1 1 1
 1 1 1 1 1
 1 1 1 1 1
 1 1 1 1 1
 1 1 1 1 1
 1 1 1 1 1
 1 1 1 1 1
 1 1 1 1 1
 1 1 1 1 1
 1 1 1 1 1
 1 1 1 1 1
 1 1 1 1 1
 1 1 1 1 1
 1 1 1 1 1
 1 1 1 1 1
 1 1 1 1 1
 1 1 1 1 1
 1 1 1 1 1
 1 1 1 1 1
 1 1 1 1 1
 1 1 1 1 1
 1 1 1 1 1
 1 1 1 1 1
 1 1 1 1 1
 1 1 1 1 1
 1 1 1 1 1
 1 1 1 1 1
 1 1 1 1 1
 1 1 1 1 1
pf_obs 
 0.8446 0.082 0.0669 0.0065 0
 0.8095 0.147 0.0364 0.0071 0
 0.9664 0.0169 0.016 0.0007 0
 0.9276 0.0648 0.0075 0.0001 0
 0.7033 0.2144 0.0806 0.0017 0
 0.9318 0.0425 0.0243 0.0014 0
 0.5671 0.3108 0.0964 0.0239 0.0018
 0.0768 0.2599 0.5324 0.112 0.0189
 0.490249 0.384438 0.106611 0.0170017 0.00170017
 0.7925 0.1577 0.0466 0.003 0.0002
 0.840416 0.127587 0.0312969 0.00059994 9.999e-05
 0.8084 0.0986 0.0794 0.0134 0.0002
 0.7335 0.1905 0.0724 0.0035 0.0001
 0.4001 0.4547 0.1325 0.0127 0
 0.49795 0.308269 0.164784 0.0264974 0.00249975
 0.9179 0.0499 0.0305 0.0017 0
 0.2467 0.6533 0.0926 0.0074 0
 0.9418 0.0223 0.034 0.0019 0
 0.707729 0.231977 0.0356964 0.0245975 0
 0.517169 0.277429 0.184464 0.0207286 0.00020938
 0.811772 0.124168 0.05621 0.00726502 0.000585176
 0.764997 0.148141 0.077277 0.00933861 0.000247198
 0.163321 0.427699 0.378323 0.0303852 0.000271297
 0.753843 0.0900009 0.118128 0.0371064 0.000921714
 0.721811 0.176058 0.0630433 0.0369309 0.00215725
 0.143369 0.312575 0.442814 0.0836902 0.0175525
 0.692698 0.0596174 0.167031 0.0765114 0.00414204
 0.394062 0.376323 0.152708 0.0712218 0.00568511
 0.125707 0.32114 0.495352 0.0537591 0.00404204
 0.23352 0.215282 0.420074 0.123614 0.00750983
 0.774587 0.0839891 0.0768558 0.0609784 0.00358967
pf_pred 
 0.0442581 0.188363 0.687814 0.0795642 6.88353e-07
 0.0866099 0.0586889 0.171817 0.612163 0.0707209
 0.935165 0.00861354 0.00372145 0.0105678 0.0419326
 0.201163 0.766059 0.00447829 0.00187625 0.0264238
 0.345817 0.204301 0.432171 0.0024246 0.0152866
 0.996895 0.00172006 0.000450436 0.000897976 3.66783e-05
 0.071463 0.926693 0.00103507 0.000263264 0.000545419
 0.157676 0.106014 0.734913 0.000785252 0.000611991
 0.969101 0.00743936 0.00304193 0.0203792 3.86732e-05
 0.355864 0.63224 0.00294289 0.0011628 0.00779055
 0.948532 0.026882 0.0241538 0.00010707 0.000324855
 0.888013 0.108175 0.00201791 0.00176319 3.14808e-05
 0.706832 0.27322 0.019294 0.000346527 0.000307565
 0.775762 0.180984 0.0404134 0.00274725 9.2941e-05
 0.822403 0.155885 0.0176966 0.00375251 0.000262989
 0.981736 0.0164864 0.00156992 0.000169646 3.83918e-05
 0.0947176 0.894834 0.00946024 0.00087292 0.000115478
 0.959868 0.00558231 0.0341619 0.000350735 3.65868e-05
 0.509122 0.477804 0.00186084 0.0110879 0.000125532
 0.364447 0.389919 0.239278 0.000905694 0.0054494
 0.857761 0.0680038 0.0460891 0.0274192 0.000726976
 0.772621 0.205453 0.0106427 0.00700975 0.00427425
 0.0736096 0.778106 0.134367 0.00676078 0.00715676
 0.822393 0.0189445 0.133837 0.0224987 0.00232696
 0.556564 0.388045 0.00604772 0.0416323 0.00771173
 0.281426 0.468097 0.219933 0.00333899 0.0272048
 0.848277 0.0562867 0.0627483 0.0287071 0.00398082
 0.754321 0.219812 0.00976111 0.0105941 0.00551091
 0.117894 0.721116 0.144424 0.00625678 0.0103093
 0.149428 0.138899 0.584395 0.114197 0.0130812
 0.907183 0.0200415 0.0121739 0.0497771 0.0108246
pobs_RECLAS
 0 0 0 0 0
 0 0 0 0 0
 0 0 0 0 0
 0 0 0 0 0
 0 0 0 0 0
 0 0 0 0 0
 0 0 0 0 0
 0 0 0 0 0
 0 0 0 0 0
 0 0 0 0 0
 0.991045 0.00858322 0.000360255 1.14367e-05 0
 0.934742 0.0480273 0.0164251 0.00080598 0
 0.827803 0.169806 0.00239088 0 0
 0.941827 0.0461693 0.0120037 0 0
 0.791401 0.0380133 0.147996 0.0225897 0
 0.846168 0.0940531 0.0597789 0 0
 0.134021 0.677848 0.182769 0.00536245 0
 0.80878 0.0450904 0.141981 0.00414843 0
 0.846168 0.0940531 0.0597789 0 0
 0.905697 0.0802665 0.012482 0.00150086 5.37128e-05
 0.989698 0.0102097 9.19794e-05 0 0
 0.975433 0.0193895 0.00387452 0.00125025 5.28907e-05
 0.303575 0.632131 0.0575291 0.00676475 0
 0.966965 0.00978017 0.0227588 0.000495775 0
 0.843318 0.132988 0.00938335 0.0141283 0.000182051
 0.564624 0.303363 0.111486 0.0197234 0.00080311
 0.826376 0.0876187 0.0782897 0.00655872 0.00115652
 0.89761 0.0855135 0.0140674 0.00269457 0.000114338
 0.34875 0.467042 0.161289 0.0227151 0.000203297
 0.318654 0.224769 0.449479 0.00709798 0
 0.937255 0.0296025 0.0250945 0.00804832 0
ppred_RECLAS
 0.0633241 0.188067 0.671075 0.0775325 6.70733e-07
 0.123908 0.0576476 0.1647 0.586045 0.067699
 0.955522 0.00604184 0.00254741 0.00722443 0.0286644
 0.275832 0.695264 0.00395425 0.00165426 0.0232957
 0.470825 0.169227 0.345804 0.00193647 0.0122078
 0.997879 0.00118782 0.000303679 0.000604631 2.46948e-05
 0.105555 0.89272 0.000968886 0.000246051 0.000509717
 0.220013 0.100368 0.678331 0.000723813 0.000564068
 0.979227 0.00510289 0.00203432 0.0136104 2.58263e-05
 0.463781 0.52662 0.00237776 0.000937971 0.00628372
 0.964196 0.018913 0.016595 7.34702e-05 0.000222896
 0.922205 0.075215 0.00136636 0.00119219 2.12844e-05
 0.782942 0.20265 0.0139363 0.000249946 0.000221827
 0.846304 0.124795 0.0270056 0.00183272 6.19964e-05
 0.879298 0.106341 0.0117085 0.00247868 0.000173699
 0.987458 0.0113479 0.00105427 0.000113775 2.57461e-05
 0.13189 0.858328 0.008858 0.000816299 0.000107981
 0.972349 0.00392487 0.023461 0.000240568 2.50931e-05
 0.600417 0.389196 0.00147995 0.00880711 9.97037e-05
 0.457894 0.33574 0.201034 0.000759938 0.0045721
 0.898431 0.0491787 0.0325422 0.0193353 0.000512609
 0.831687 0.152442 0.00770887 0.00507087 0.00309179
 0.103134 0.756141 0.127533 0.00640889 0.00678381
 0.871805 0.0139643 0.0963759 0.0161812 0.00167345
 0.644365 0.312156 0.0047524 0.0326745 0.00605205
 0.362616 0.41862 0.192118 0.00291305 0.0237328
 0.891089 0.0410156 0.0446598 0.020406 0.00282953
 0.8153 0.165666 0.00718849 0.00779234 0.00405321
 0.161331 0.68849 0.134743 0.00583022 0.00960584
 0.206098 0.132286 0.543414 0.106054 0.0121475
 0.935462 0.0142143 0.00842735 0.0344135 0.00748308
pobs_PELACES
 0 0 0 0 0
 0 0 0 0 0
 0 0 0 0 0
 0 0 0 0 0
 0 0 0 0 0
 0 0 0 0 0
 0 0 0 0 0
 0 0 0 0 0
 0 0 0 0 0
 0 0 0 0 0
 0 0 0 0 0
 0 0 0 0 0
 0 0 0 0 0
 0 0 0 0 0
 0 0 0 0 0
 0 0 0 0 0
 0.505614 0.472636 0.0217494 0 0
 0 0 0 0 0
 0.443492 0.261883 0.143347 0.151278 0
 0.227955 0.32914 0.350689 0.0885471 0.00366901
 0.970185 0.0296113 0.000203453 0 0
 0.997202 0.00247181 0.000326279 0 0
 0.445219 0.490057 0.0546422 0.010081 0
 0.90214 0.0892962 0.00764917 0.000914606 0
 0 0 0 0 0
 0.581667 0.319106 0.0959925 0.00289975 0.000334073
 0.762889 0.0836404 0.116647 0.0363945 0.000428098
 0.88444 0.0763242 0.0277011 0.0115352 0
 0.521256 0.241999 0.230069 0.00667565 0
 0.616807 0.101726 0.260614 0.0208532 0
 0.833518 0.0704572 0.0857862 0.0102388 0
ppred_PELACES
 0.0646564 0.188043 0.669909 0.0773911 6.69506e-07
 0.131119 0.0574314 0.163325 0.581008 0.0671162
 0.958197 0.00570246 0.00239317 0.0067853 0.0269217
 0.300845 0.67151 0.00378371 0.00158213 0.0222793
 0.528887 0.152404 0.306197 0.0017131 0.0107992
 0.997986 0.00112989 0.000287763 0.000572824 2.33954e-05
 0.119699 0.878622 0.000943283 0.000239409 0.000495942
 0.235525 0.098917 0.664297 0.000708596 0.0005522
 0.98092 0.0047101 0.00186599 0.01248 2.36809e-05
 0.505498 0.485765 0.0021654 0.000853613 0.00571837
 0.96569 0.0181516 0.0158749 7.02698e-05 0.000213184
 0.929402 0.0682756 0.00123039 0.00107309 1.91577e-05
 0.800242 0.186597 0.01273 0.000228213 0.000202534
 0.868567 0.106995 0.0228366 0.00154864 5.23847e-05
 0.896253 0.0915446 0.00994965 0.00210487 0.000147498
 0.988266 0.0106222 0.0009818 0.000105925 2.39694e-05
 0.138127 0.852201 0.00875885 0.000806984 0.000106747
 0.973355 0.00379091 0.0225982 0.000231687 2.41666e-05
 0.611767 0.378178 0.00143283 0.00852503 9.65094e-05
 0.474291 0.326194 0.194361 0.00073452 0.00441912
 0.902925 0.0470944 0.0310478 0.0184436 0.000488965
 0.838896 0.145969 0.00735215 0.00483518 0.00294805
 0.106699 0.753476 0.126718 0.00636697 0.00673939
 0.875462 0.0135949 0.0936038 0.0157138 0.0016251
 0.651955 0.305593 0.00464073 0.0319024 0.005909
 0.371142 0.413412 0.189208 0.00286851 0.0233697
 0.894814 0.0396843 0.0430873 0.0196845 0.00272945
 0.818786 0.16257 0.00704163 0.00763241 0.00397001
 0.1643 0.686255 0.134085 0.00580122 0.00955802
 0.214593 0.131277 0.537285 0.104837 0.012008
 0.939002 0.0134822 0.00795867 0.032492 0.00706518
pobs_pel_tallas
 0 0 0 0 0 0 0 0 0 0 0 0 0 0 0 0 0 0 0 0 0 0 0 0 0 0
 0 0 0 0 0 0 0 0 0 0 0 0 0 0 0 0 0 0 0 0 0 0 0 0 0 0
 0 0 0 0 0 0 0 0 0 0 0 0 0 0 0 0 0 0 0 0 0 0 0 0 0 0
 0 0 0 0 0 0 0 0 0 0 0 0 0 0 0 0 0 0 0 0 0 0 0 0 0 0
 0 0 0 0 0 0 0 0 0 0 0 0 0 0 0 0 0 0 0 0 0 0 0 0 0 0
 0 0 0 0 0 0 0 0 0 0 0 0 0 0 0 0 0 0 0 0 0 0 0 0 0 0
 0 0 0 0 0 0 0 0 0 0 0 0 0 0 0 0 0 0 0 0 0 0 0 0 0 0
 0 0 0 0 0 0 0 0 0 0 0 0 0 0 0 0 0 0 0 0 0 0 0 0 0 0
 0 0 0 0 0 0 0 0 0 0 0 0 0 0 0 0 0 0 0 0 0 0 0 0 0 0
 0 0 0 0 0 0 0 0 0 0 0 0 0 0 0 0 0 0 0 0 0 0 0 0 0 0
 0 0 0 0 0 0 0 0 0 0 0 0 0 0 0 0 0 0 0 0 0 0 0 0 0 0
 0 0 0 0 0 0 0 0 0 0 0 0 0 0 0 0 0 0 0 0 0 0 0 0 0 0
 0.00862536 0 0 0.000197151 0.00414017 0.0128641 0.00837892 0.0270097 0.101434 0.158115 0.152841 0.127902 0.109271 0.109419 0.0830992 0.0579132 0.0238553 0.00714673 0.00463305 0.00128148 0.00103504 0.000492878 0.000147863 0.000147863 4.92878e-05 0
 0 0 0 0 0 0 0 0 0 0 0 0 0 0 0 0 0 0 0 0 0 0 0 0 0 0
 0 0 0 0 0 0 0 0.0054083 0.00873648 0.0413646 0.0450493 0.0745869 0.0622846 0.0627006 0.0613931 0.0827291 0.12552 0.122667 0.0946155 0.0697135 0.0546179 0.0294188 0.0215738 0.0213955 0.0102223 0.00600262
 0 0 0 0 0.00359764 0.0251062 0.0480494 0.140153 0.205849 0.193036 0.1447 0.116669 0.0760912 0.0342217 0.00950174 0.001854 0.000860785 0 0 0 0.000165536 0 0.000143464 0 0 0
 0 0 0 0 0 0 0 0.000145254 0.000435761 0.0275982 0.070085 0.0708112 0.156366 0.174668 0.174014 0.160142 0.0824315 0.0480064 0.0283245 0.00493863 0.00203355 0 0 0 0 0
 0 0 0 0 0 0 0 0 0 0 0 0 0 0 0 0 0 0 0 0 0 0 0 0 0 0
 0 0 1.00437e-05 0.000401748 0.00122533 0.00171747 0.00176769 0.0269171 0.070346 0.194647 0.189555 0.159765 0.064822 0.0314167 0.0384472 0.0292271 0.0345202 0.0313363 0.0194345 0.0106764 0.0143323 0.0359363 0.0279516 0.0138201 0.00172751 0
 0 0.0021121 0.0136068 0.0755702 0.200478 0.177729 0.0527432 0.0373336 0.0318909 0.0142505 0.0149659 0.0166563 0.0217959 0.0798694 0.0677717 0.0528807 0.04013 0.0224614 0.0357745 0.0225083 0.00881397 0.00855152 0.00135912 0.000746735 0 0
 0 0 0 0 5.4009e-05 0.00500934 0.000945158 0.0243581 0.138947 0.33067 0.221406 0.137944 0.0707744 0.0437923 0.0131692 0.00525238 0.0047753 0.00276346 9.45158e-05 9.00151e-06 2.25038e-05 9.00151e-06 4.50075e-06 0 0 0
 0.000866109 0.00284123 0.00948549 0.0512746 0.133035 0.25785 0.225252 0.132002 0.0553304 0.0519788 0.0540692 0.017754 0.00435017 0.00159236 0.00146478 0.000404838 0.000125132 0.000115318 0.000107957 0.000100596 0 0 0 0 0 0
 0 0 0 0 0.00144013 0.00171154 0.00461396 0.0210425 0.0478622 0.0707936 0.0888783 0.103762 0.0637923 0.0337046 0.0602308 0.124433 0.169614 0.0934646 0.0462172 0.0250306 0.0313229 0.00938855 0.002487 0.000210481 0 0
 0 0.00764035 0.051015 0.0998891 0.058973 0.0496711 0.0374665 0.0718981 0.12319 0.153886 0.159021 0.0857701 0.0377988 0.023471 0.0147837 0.00900784 0.00315554 0.000888139 0.00291439 0.00214683 0.00393193 0.00274676 0.000635225 9.99891e-05 0 0
 0 0 0 0 0 0 0 0 0 0 0 0 0 0 0 0 0 0 0 0 0 0 0 0 0 0
 0 0 0 0 0 0 0 0 0 0 0 0 0 0 0 0 0 0 0 0 0 0 0 0 0 0
 0 0 0 0 0 0 0 0 0 0 0 0 0 0 0 0 0 0 0 0 0 0 0 0 0 0
 0 0 0 0 0 0 0 0 0 0 0 0 0 0 0 0 0 0 0 0 0 0 0 0 0 0
 0 0 0 0 0 0 0 0 0 0 0 0 0 0 0 0 0 0 0 0 0 0 0 0 0 0
 0 0 0 0 0 0 0 0 0 0 0 0 0 0 0 0 0 0 0 0 0 0 0 0 0 0
 0 0 0 0 0 0 0 0 0 0 0 0 0 0 0 0 0 0 0 0 0 0 0 0 0 0
ppred_pel_tallas
 1.27142e-16 5.3257e-06 5.17677e-05 0.000344016 0.00156386 0.00486584 0.0103679 0.0151362 0.0151554 0.0104619 0.00518444 0.00249709 0.00273558 0.00543473 0.0107034 0.0189244 0.0301429 0.0439088 0.0595586 0.0764811 0.093879 0.11011 0.122368 0.127407 0.123081 0.109632
 1.74353e-16 1.08001e-05 0.000104981 0.000697636 0.00317135 0.00986729 0.0210235 0.0306857 0.0306917 0.021053 0.00996786 0.00346839 0.00146886 0.00187666 0.00364561 0.0067529 0.01157 0.0186841 0.0289817 0.0436048 0.063488 0.0884984 0.116625 0.143838 0.164954 0.17527
 1.05308e-16 7.89254e-05 0.000767183 0.0050982 0.0231757 0.0721082 0.153634 0.224234 0.224234 0.153637 0.0721174 0.0232025 0.00516622 0.000917959 0.000372563 0.000511914 0.000784165 0.00111467 0.00150564 0.00200762 0.00271284 0.00371148 0.00502422 0.00655012 0.00806373 0.00926987
 1.0421e-16 2.47803e-05 0.000240874 0.00160069 0.00727656 0.0226404 0.0482402 0.0704216 0.0704862 0.0485557 0.0236993 0.010333 0.0092659 0.016951 0.0316928 0.0521795 0.0747548 0.0931543 0.101028 0.0954865 0.078903 0.0574489 0.0375714 0.0230885 0.0145459 0.0104103
 1.10875e-16 4.35637e-05 0.000423455 0.00281401 0.0127921 0.039801 0.0848008 0.123772 0.123788 0.0848749 0.0400512 0.0135203 0.0046629 0.00452903 0.00804364 0.013756 0.0210344 0.0289862 0.0366281 0.0433428 0.0489675 0.0533775 0.0560171 0.0559429 0.0524275 0.0456032
 1.00071e-16 8.22028e-05 0.00079904 0.0053099 0.0241381 0.0751024 0.160014 0.233545 0.233545 0.160014 0.0751042 0.0241432 0.00532295 0.000827604 0.000136681 9.64746e-05 0.000132501 0.000169806 0.000194186 0.000201723 0.00019664 0.000187918 0.000183093 0.000183843 0.000186139 0.000183817
 1.0036e-16 9.85962e-06 9.58391e-05 0.000636889 0.00289526 0.00900867 0.019197 0.0280364 0.0281208 0.0196097 0.0103938 0.00689347 0.0106631 0.0219504 0.0414192 0.0682057 0.0976581 0.121558 0.131541 0.123757 0.101247 0.0720517 0.0446405 0.0241301 0.0114442 0.00483638
 1.1936e-16 1.93999e-05 0.000188574 0.00125314 0.0056966 0.0177243 0.0377639 0.0551197 0.0551302 0.0378158 0.0179016 0.00622151 0.00261861 0.00332735 0.00644165 0.0118162 0.0197947 0.0306382 0.0443809 0.0606408 0.0782012 0.0946271 0.106486 0.110468 0.104918 0.0908072
 1.01311e-16 8.07971e-05 0.000785377 0.0052191 0.0237253 0.0738182 0.157277 0.229551 0.229552 0.15728 0.0738258 0.0237473 0.00527468 0.000907983 0.000317663 0.000408494 0.000608883 0.000830102 0.00104842 0.00126955 0.0015259 0.00185212 0.00224944 0.00266554 0.00300627 0.00317333
 1.01241e-16 4.16373e-05 0.00040473 0.00268957 0.0122264 0.0380412 0.0810526 0.118308 0.118355 0.0812808 0.0388071 0.0144372 0.00823372 0.0124903 0.0229432 0.0377302 0.054035 0.0672946 0.072895 0.0687221 0.0564673 0.0405787 0.0257252 0.0147055 0.00798551 0.00454894
 1.00506e-16 7.95426e-05 0.000773183 0.00513807 0.0233569 0.0726721 0.154836 0.225987 0.225989 0.154844 0.0727012 0.0234413 0.00535087 0.00124092 0.000977176 0.00151373 0.00222872 0.00291788 0.00342734 0.00367911 0.00369931 0.00357471 0.00337543 0.00311352 0.00276451 0.00231814
 1.00164e-16 7.65536e-05 0.000744128 0.00494499 0.0224792 0.0699413 0.149018 0.217497 0.217503 0.14905 0.070049 0.0227901 0.00572462 0.00244387 0.00329826 0.00531476 0.00760938 0.00948642 0.0102949 0.00973772 0.00805008 0.00585112 0.00378856 0.00224752 0.00128891 0.000771451
 1.00473e-16 6.59149e-05 0.000640717 0.00425779 0.0193553 0.0602216 0.128309 0.187275 0.187293 0.128397 0.0605162 0.0202058 0.00639159 0.00529493 0.00889358 0.0145681 0.0209074 0.026138 0.0284985 0.0271728 0.0227774 0.0169575 0.0114285 0.00720235 0.00444048 0.00279195
 1.00851e-16 7.15427e-05 0.000695421 0.00462132 0.0210078 0.0653633 0.139264 0.203262 0.203272 0.139314 0.0655327 0.0214973 0.00585051 0.00338041 0.00517561 0.0084553 0.0122009 0.0153984 0.017061 0.0167247 0.0147088 0.0118782 0.00911055 0.00688764 0.00525079 0.00401644
 1.00547e-16 7.38232e-05 0.000717588 0.00476862 0.0216775 0.0674467 0.143703 0.20974 0.209749 0.143746 0.0675914 0.0220952 0.00581697 0.0030053 0.0044161 0.00717724 0.0103162 0.0129391 0.0141885 0.0136685 0.0116763 0.0090005 0.0064532 0.00449815 0.00318936 0.00234612
 1.00046e-16 8.14022e-05 0.000791258 0.00525819 0.023903 0.074371 0.158455 0.23127 0.231271 0.15846 0.0743878 0.0239514 0.00537976 0.0010565 0.000584688 0.000836571 0.00119433 0.00149557 0.00163587 0.0015688 0.00132903 0.00100893 0.000704218 0.000470466 0.000315391 0.000218679
 1.0057e-16 1.13775e-05 0.000110593 0.000734935 0.00334096 0.0103954 0.0221515 0.032348 0.03243 0.0225519 0.0117392 0.00721984 0.0104625 0.021316 0.0401965 0.0662042 0.0948268 0.118106 0.12794 0.120598 0.0990076 0.0709302 0.0445261 0.0247106 0.0123571 0.00578443
 1.00681e-16 8.0174e-05 0.00077932 0.00517885 0.0235423 0.0732489 0.156064 0.227781 0.227781 0.156066 0.0732556 0.0235621 0.00523018 0.000896749 0.000318888 0.000441048 0.000722004 0.00110339 0.00157791 0.00213089 0.00272278 0.00327466 0.00367335 0.00380754 0.00361982 0.00314082
 1.0101e-16 5.03905e-05 0.000489814 0.00325499 0.0147967 0.0460383 0.0980908 0.143174 0.14321 0.0982685 0.0466346 0.016518 0.00757163 0.00989991 0.0178832 0.0293839 0.0420883 0.0524349 0.0568375 0.053657 0.0442126 0.0319611 0.0205192 0.0120374 0.00684765 0.00413907
 1.06514e-16 3.90668e-05 0.000379743 0.00252353 0.0114716 0.0356926 0.0760481 0.111001 0.111033 0.0762029 0.0362131 0.0129779 0.00631523 0.00869235 0.0159291 0.0265387 0.038842 0.0501153 0.0575441 0.0597244 0.0573403 0.0524094 0.0467932 0.0412409 0.0355523 0.0293806
 1.02841e-16 7.43728e-05 0.00072293 0.00480412 0.0218388 0.0679488 0.144772 0.2113 0.211305 0.144795 0.0680242 0.0220572 0.00535431 0.0019313 0.00239094 0.00389234 0.00573586 0.00750279 0.00882088 0.00952593 0.00973934 0.00973836 0.0097252 0.0096899 0.00945843 0.00885205
 1.01234e-16 6.90988e-05 0.000671665 0.00446345 0.0202902 0.0631304 0.134507 0.196319 0.196333 0.134575 0.0633608 0.0209554 0.0061323 0.00431163 0.00697285 0.0113943 0.0163521 0.0204493 0.0223165 0.0213311 0.0179963 0.0136174 0.00954161 0.00654161 0.00469726 0.00367044
 1.05629e-16 8.78884e-06 8.54307e-05 0.000567721 0.00258082 0.00803028 0.017112 0.0249908 0.0250634 0.017467 0.00922228 0.006024 0.00921162 0.0189585 0.0358615 0.0592953 0.0854654 0.107566 0.11863 0.115394 0.100193 0.0793046 0.0591424 0.0433056 0.0321676 0.0243523
 1.04556e-16 7.21107e-05 0.000700942 0.004658 0.0211746 0.0658821 0.140369 0.204873 0.204874 0.140376 0.0659066 0.0212475 0.00484803 0.00113938 0.00097407 0.00167723 0.00283177 0.00444449 0.00655096 0.00913517 0.0120539 0.0149649 0.0173413 0.0186235 0.0184507 0.0168313
 1.04412e-16 5.37007e-05 0.00052199 0.00346881 0.0157687 0.0490625 0.104534 0.152577 0.152606 0.104678 0.0495447 0.0171608 0.00696083 0.00813761 0.0144958 0.0238256 0.0341958 0.0427639 0.0466924 0.0447234 0.0379701 0.0292208 0.0213108 0.0158017 0.0127264 0.0111995
 1.09809e-16 3.05705e-05 0.000297156 0.00197471 0.00897677 0.0279303 0.0595099 0.0868648 0.0869049 0.0597057 0.0285882 0.0108797 0.00676103 0.0107776 0.0200282 0.0333048 0.048537 0.0622063 0.0706961 0.0722677 0.0679696 0.060679 0.0531266 0.0465303 0.0406573 0.0347956
 1.0369e-16 7.37047e-05 0.000716436 0.00476097 0.0216427 0.0673384 0.143472 0.209402 0.209406 0.143491 0.0674025 0.0218287 0.00523113 0.00175352 0.00207504 0.00339752 0.00508492 0.00681409 0.00830712 0.00944089 0.0102905 0.0110089 0.0116442 0.012059 0.012016 0.0113434
 1.01683e-16 6.74423e-05 0.000655564 0.00435645 0.0198038 0.0616171 0.131282 0.191614 0.191629 0.131359 0.0618737 0.0205446 0.00621495 0.0047091 0.00775547 0.0126879 0.0182097 0.0227743 0.0248607 0.0237819 0.0201063 0.015295 0.0108499 0.00762404 0.00568793 0.0046403
 1.06245e-16 1.35333e-05 0.000131549 0.000874192 0.00397399 0.0123649 0.0263472 0.0384684 0.0385346 0.0266707 0.0134512 0.00711215 0.00875377 0.0173405 0.0327188 0.0541264 0.0780988 0.0984703 0.108929 0.10651 0.0933067 0.0749471 0.0571505 0.0430748 0.032989 0.0256426
 1.28085e-16 1.76757e-05 0.000171815 0.00114177 0.00519032 0.0161491 0.0344078 0.0502221 0.0502356 0.0344742 0.0163742 0.00585128 0.00284156 0.00401733 0.00771702 0.0137656 0.0222493 0.0330484 0.0459157 0.0605643 0.0763872 0.091913 0.104594 0.111439 0.110306 0.101007
 1.04688e-16 7.73443e-05 0.000751815 0.00499607 0.0227114 0.0706637 0.150556 0.219742 0.219743 0.150563 0.0706855 0.0227747 0.00515616 0.00110571 0.00076313 0.00117721 0.00178364 0.00245932 0.00315519 0.00389734 0.00478456 0.00591546 0.00728427 0.00872223 0.00993204 0.0105989
pSPR Fmed_Fpbrs
0.378124   0.239085 0.239085
Fs Fmed_Fpbrs
0.628427   1.005 1.005
SSBpbr Bo_Bmed_Bpbrs
1.64622e+06  540164  311275 311275
Ro
57470.1
SPR SPRFo_SPRFmed_SPRFpbrs
410792 155331 98214.4
Fref
1.005
Nvult_r0
 116896 2034.75 1218.47 4978.33 1082.55
CTP_r0
 33672.5 743.895 451.867 1847.61 401.783
YTP_r0
391046
Np
 131152 38028.3 530.306 312.345 1534.98
Nvult_p0
 106927 32784.7 458.804 270.282 1328.28
CTP_p0
 43618 16237.7 229.828 135.473 665.796
YTP_p0
 621766
CBA_c0
460262
log_Ro
10.779
likeval ReclasPelacesDesembMPH_pf_preclas_ppelaces_ptallas_desvR_qrecl_qpela
 16.3416 73.4901 0.151945 0.00104272 321.047 124.424 113.832 0 111.622 2.15311e-05 0 0.0219931 0 0 0
q_reclas_q_pelaces
1.93002 1
M
1
N
 9311.57 28546.7 102110 11798.9 0.102072
 5785.75 2949.43 8485.85 30206.2 3489.44
 199595 1383.43 587.416 1666.54 6612.46
 15717.2 47629.3 274.74 115.025 1619.88
 4830.62 2426.77 5087.92 28.5313 179.879
 285526 366.676 94.2921 187.797 7.67026
 7006.6 73445 81.034 20.597 42.6706
 1812.41 937.177 6394.98 6.8273 5.32067
 62617.6 369.378 148.663 995.123 1.88834
 8782.39 12841.4 59.1158 23.3442 156.398
 46885.9 981.059 865.095 3.83102 11.6228
 133109 12720.2 233.9 204.219 3.64609
 76535.7 23204.4 1615.24 28.9881 25.7278
 68989.6 13359.9 2952.11 200.57 6.78518
 44970.6 7024.99 788.803 167.166 11.7152
 389301 4951.13 463.569 50.0485 11.3257
 12587.2 88815.6 922.283 85.0204 11.2468
 742290 3163.07 18986 194.726 20.3117
 303685 211524 808.781 4814.45 54.5044
 98536.7 79610.3 48024.7 181.614 1092.69
 389617 22946.2 15269.3 9075.12 240.6
 511880 101518 5164.82 3398.5 2072.16
 16735.3 129874 22000.7 1105.86 1170.56
 280525 4709.42 32619.7 5477.81 566.518
 162410 82707 1264 8692.25 1610.02
 38742.3 47216 21759.1 330.003 2688.59
 226723 11040.3 12073.2 5517.8 765.114
 303936 63961.9 2782.87 3017.07 1569.35
 21498.8 94783.7 18596.4 804.756 1325.92
 9826.86 6783.77 28022.8 5470.63 626.623
 154924 2565.06 1530.81 6253.36 1359.79
pred_Ctot
 828.134 3524.54 12870 1488.76 0.0128801
 1325.56 898.231 2629.65 9369.14 1082.38
 45906.5 422.832 182.683 518.763 2058.44
 6176.4 23520.6 137.499 57.6074 811.303
 2732.56 1614.33 3414.91 19.1586 120.791
 55885.7 96.4262 25.2513 50.3403 2.05618
 3052.41 39582 44.2113 11.2448 23.2966
 535.806 360.25 2497.34 2.6684 2.07963
 18359.1 140.935 57.6278 386.074 0.732645
 4242.12 7536.69 35.0811 13.8613 92.8682
 7975.56 226.032 203.093 0.900283 2.73148
 46987.8 5723.9 106.775 93.2962 1.66576
 26982.2 10429.8 736.519 13.2281 11.7408
 34840.4 8128.23 1815.02 123.383 4.1741
 21881.5 4147.6 470.849 99.8422 6.99728
 97150.9 1631.47 155.356 16.7878 3.79919
 2600.69 24569.7 259.753 23.968 3.17073
 107980 627.982 3843.04 39.4558 4.11582
 56710.7 53222.2 207.277 1235.07 13.983
 23719.4 25377.2 15573 58.9454 354.664
 73887.7 5857.87 3970.13 2361.9 62.6219
 103479 27516.7 1425.41 938.832 572.46
 2541.41 26864.5 4639.07 233.419 247.091
 35852.7 825.896 5834.69 980.845 101.445
 21949.3 15303.4 238.505 1641.86 304.129
 5635.41 9373.41 4404.05 66.8617 544.762
 34140.9 2265.39 2525.45 1155.38 160.217
 29656.1 8641.9 383.757 416.506 216.661
 1957.77 11975 2398.34 103.902 171.199
 1855.21 1724.49 7255.51 1417.81 162.408
 33672.5 743.895 451.867 1847.61 401.783
F
 0.149645 0.21314 0.218009 0.218271 0.218285
 0.430831 0.613636 0.627652 0.628408 0.628448
 0.43284 0.616498 0.63058 0.631339 0.631379
 0.868196 1.23658 1.26483 1.26635 1.26643
 1.57825 2.24792 2.29927 2.30203 2.30218
 0.357795 0.50961 0.521251 0.521878 0.521911
 1.01173 1.44102 1.47394 1.47571 1.47581
 0.590594 0.841188 0.860403 0.861439 0.861493
 0.58437 0.832322 0.851334 0.852359 0.852413
 1.19187 1.69759 1.73637 1.73846 1.73857
 0.304525 0.433738 0.443645 0.444179 0.444208
 0.746826 1.06371 1.08801 1.08932 1.08939
 0.745499 1.06182 1.08607 1.08738 1.08745
 1.28448 1.8295 1.87129 1.87354 1.87366
 1.20639 1.71827 1.75752 1.75964 1.75975
 0.477789 0.680519 0.696064 0.696902 0.696946
 0.381139 0.54286 0.55526 0.555928 0.555963
 0.255402 0.363771 0.37208 0.372528 0.372552
 0.338847 0.482623 0.493647 0.494241 0.494272
 0.457275 0.651301 0.666178 0.66698 0.667022
 0.344929 0.491285 0.502507 0.503112 0.503144
 0.371522 0.529162 0.541249 0.541901 0.541935
 0.267955 0.38165 0.390368 0.390838 0.390863
 0.22136 0.315285 0.322486 0.322875 0.322895
 0.235394 0.335273 0.342931 0.343344 0.343366
 0.255382 0.363743 0.372051 0.372499 0.372523
 0.26544 0.378068 0.386704 0.38717 0.387194
 0.165219 0.235322 0.240698 0.240987 0.241003
 0.153463 0.218579 0.223572 0.223841 0.223855
 0.343139 0.488736 0.4999 0.500501 0.500533
 0.404604 0.576281 0.589444 0.590154 0.590191
YTP_r0W_actual
 286216 12125.5 13059 64296.8 15348.1
YTP_p0W_proyectada
 328007 261752 5373.39 3996.46 22637.1
CTP_r0_actual
 33672.5 743.895 451.867 1847.61 401.783
CTP_p0_proyectada
 43618 16237.7 229.828 135.473 665.796
Wmedp
 7.52 16.12 23.38 29.5 34
Frms_r0
 0.404604 0.576281 0.589444 0.590154 0.590191
Zrms_r0
 1.4046 1.57628 1.58944 1.59015 1.59019
nmprior
 8.19 8.8 8.5 0
nm_flota  nm_reclas  nm_pelaces    nm_pelaL
inf 11.3453 5.84832 9.93438
cv_recla  cv_pelaces  cv_mph
0.365656 0.972046 0.996526
 ------------------------------------------------
Talla a la edad & desviaci?n 
 8 13.2811 15.8009 17.003 17.5766
 0.8 1.32811 1.58009 1.7003 1.75766
