years
 1991 1992 1993 1994 1995 1996 1997 1998 1999 2000 2001 2002 2003 2004 2005 2006 2007 2008 2009 2010 2011 2012 2013 2014 2015 2016 2017 2018 2019 2020 2021
reclasobs
 0 0 0 0 0 0 0 0 0 252601 567819 844713 477998 351125 339783 2.1784e+06 2.13404e+06 4.81314e+06 1.55562e+06 2.62356e+06 3.21686e+06 3.843e+06 1.13348e+06 3.07943e+06 1.97215e+06 2.03268e+06 2.025e+06 2.42433e+06 2.27542e+06 1.05018e+06 2.36338e+06
reclaspred
 4.71684e+06 1.70737e+06 947992 673220 281101 2.90303e+06 1.30029e+06 683124 450252 246317 435332 802524 752664 541797 415585 1.76729e+06 902083 4.32096e+06 2.6281e+06 2.00957e+06 3.00762e+06 3.05003e+06 1.69472e+06 3.10804e+06 2.27976e+06 1.67054e+06 2.26704e+06 3.29861e+06 2.29136e+06 866808 1.41712e+06
pelacesobs
 0 0 0 0 0 0 0 0 0 0 0 0 0 0 0 552880 188675 0 991730 2.46772e+06 1.41603e+06 1.21717e+06 2.29649e+06 1.80582e+06 0 1.4828e+06 1.56532e+06 1.57751e+06 1.42118e+06 867257 1.10002e+06
pelacespred
 3.11998e+06 1.07768e+06 489073 258859 122958 1.74438e+06 630614 463216 223089 98761.5 247498 362856 380749 256551 194669 817795 399930 2.56559e+06 1.42931e+06 941664 1.56932e+06 1.55524e+06 919106 1.99248e+06 1.32741e+06 990958 1.56951e+06 2.28899e+06 1.35808e+06 518243 820509
mphobs
 0 0 0 0 0 0 0 0 0 0 0 498337 0 5186 125008 0 168611 109162 213762 579715 649985 157893 87575 83554 0 0 0 0 0 0 0
mphpred
 1.07754e+06 503088 132884 103936 50853.3 27324.6 350036 120953 66927.8 28274.3 14230.4 56129.7 72756.6 51899.8 25950.3 27420 195198 84746.6 475637 210929 249274 269749 339931 184648 337579 278719 175505 227630 473566 231785 69122.3
desembarqueobs
 494567 514787 250237 358949 120608 361735 552515 73892 212993 205616 52469 317467 293654 387597 252695 516296 358380 742168 942051 627588 828172 859565 418607 520667 417249 300574 415391 372974 316634 284311 391294
desembarquepred
 494509 514567 249917 358752 120560 361593 552014 73879.8 212855 205473 52460.6 317253 293402 387049 252445 515869 358152 741623 940717 626710 827764 858737 418297 520426 416920 300377 415126 372724 316360 283980 391110
Reclutas
 50828.2 37538.6 138307 58461.7 22887.7 283949 36170.4 10208.1 25262.9 39421.5 44413.8 110968 82933.9 66803.9 44438.5 270734 22778.9 476336 186712 223794 218152 423966 36337.8 174851 160959 44917.6 141049 196822 35184.7 20005.4 114663
log_desv_Rt
 -0.432962 -0.736046 0.568061 -0.293043 -1.23081 1.28738 -0.773175 -2.03823 -1.13208 -0.687104 -0.567864 0.347825 0.0566293 -0.159654 -0.567308 1.23972 -1.23558 1.80471 0.868153 1.04931 1.02378 1.68824 -0.768555 0.802517 0.719735 -0.556585 0.587689 0.920887 -0.800804 -1.36541 0.380584
SSB
 1.55724e+06 727058 192042 150208 73492.6 39489.2 505869 174800 96723.4 40861.7 20565.6 81118.1 105147 75005.1 37503.1 39627 282098 122475 687386 304833 360247 389839 491265 266851 487866 402802 253638 328968 684392 334974 99894.8
BT
 2.042e+06 1.08484e+06 479248 404936 162238 1.2993e+06 806540 311251 324363 246561 181343 460667 473544 543357 357092 867055 487820 2.11183e+06 1.64668e+06 1.02472e+06 1.55633e+06 1.59097e+06 831878 1.6027e+06 1.07944e+06 785635 1.30237e+06 1.63188e+06 962514 553757 835960
Ftot
 0.308828 0.840234 0.844239 1.48943 1.23097 0.465611 1.14061 0.331869 1.42047 2.28931 0.440208 1.27135 1.2247 2.06561 1.86932 1.03227 1.09486 0.625265 1.06062 1.0101 0.889151 0.932115 0.71672 0.583035 0.58564 0.549457 0.62847 0.40025 0.405379 0.924059 0.951974
BD_Bspro_t
 0.951788 0.648632 0.307662 0.272839 0.132217 0.0968791 0.479889 0.217702 0.179024 0.104969 0.0735784 0.302768 0.238824 0.158164 0.0831778 0.0908076 0.295094 0.154567 0.419401 0.229743 0.222693 0.236309 0.292525 0.205403 0.352249 0.362732 0.315792 0.408326 0.560797 0.391106 0.198508
BD_Bspro
 2.78397 1.2998 0.343325 0.268534 0.131387 0.0705971 0.90437 0.3125 0.172918 0.0730508 0.0367663 0.145019 0.187977 0.134091 0.0670464 0.0708435 0.504323 0.218955 1.22888 0.544966 0.644035 0.696936 0.878261 0.477065 0.872186 0.720111 0.453443 0.588115 1.22353 0.598852 0.178588
BD_Bo
 1.15713 0.540248 0.142699 0.111613 0.0546095 0.0293429 0.375891 0.129887 0.0718713 0.0303627 0.0152815 0.0602756 0.0781307 0.0557333 0.0278671 0.0294453 0.209616 0.0910062 0.510769 0.226509 0.267686 0.289674 0.365039 0.198287 0.362514 0.299306 0.188468 0.244443 0.508545 0.248906 0.0742279
BD_Brms
 6.59887 3.08093 0.813785 0.636509 0.311427 0.167337 2.14363 0.74072 0.409869 0.173153 0.0871475 0.34374 0.445564 0.317836 0.158921 0.167921 1.1954 0.518991 2.91282 1.29174 1.52656 1.65195 2.08175 1.13079 2.06735 1.70689 1.0748 1.39401 2.90013 1.41946 0.423308
Sel_flota
 0.734902 1 1 1 1
 0.734902 1 1 1 1
 0.734902 1 1 1 1
 0.734902 1 1 1 1
 0.734902 1 1 1 1
 0.734902 1 1 1 1
 0.734902 1 1 1 1
 0.734902 1 1 1 1
 0.734902 1 1 1 1
 0.734902 1 1 1 1
 0.734902 1 1 1 1
 0.734902 1 1 1 1
 0.734902 1 1 1 1
 0.734902 1 1 1 1
 0.734902 1 1 1 1
 0.734902 1 1 1 1
 0.734902 1 1 1 1
 0.734902 1 1 1 1
 0.734902 1 1 1 1
 0.734902 1 1 1 1
 0.734902 1 1 1 1
 0.734902 1 1 1 1
 0.734902 1 1 1 1
 0.734902 1 1 1 1
 0.734902 1 1 1 1
 0.734902 1 1 1 1
 0.734902 1 1 1 1
 0.734902 1 1 1 1
 0.734902 1 1 1 1
 0.734902 1 1 1 1
 0.734902 1 1 1 1
Sel_reclas
 0.972796 1 1 1 1
 0.972796 1 1 1 1
 0.972796 1 1 1 1
 0.972796 1 1 1 1
 0.972796 1 1 1 1
 0.972796 1 1 1 1
 0.972796 1 1 1 1
 0.972796 1 1 1 1
 0.972796 1 1 1 1
 0.972796 1 1 1 1
 0.972796 1 1 1 1
 0.972796 1 1 1 1
 0.972796 1 1 1 1
 0.972796 1 1 1 1
 0.972796 1 1 1 1
 0.972796 1 1 1 1
 0.972796 1 1 1 1
 0.972796 1 1 1 1
 0.972796 1 1 1 1
 0.972796 1 1 1 1
 0.972796 1 1 1 1
 0.972796 1 1 1 1
 0.972796 1 1 1 1
 0.972796 1 1 1 1
 0.972796 1 1 1 1
 0.972796 1 1 1 1
 0.972796 1 1 1 1
 0.972796 1 1 1 1
 0.972796 1 1 1 1
 0.972796 1 1 1 1
 0.972796 1 1 1 1
Sel_pelaces
 0.9014 1 1 1 1
 0.9014 1 1 1 1
 0.9014 1 1 1 1
 0.9014 1 1 1 1
 0.9014 1 1 1 1
 0.9014 1 1 1 1
 0.9014 1 1 1 1
 0.9014 1 1 1 1
 0.9014 1 1 1 1
 0.9014 1 1 1 1
 0.9014 1 1 1 1
 0.9014 1 1 1 1
 0.9014 1 1 1 1
 0.9014 1 1 1 1
 0.9014 1 1 1 1
 0.9014 1 1 1 1
 0.9014 1 1 1 1
 0.9014 1 1 1 1
 0.9014 1 1 1 1
 0.9014 1 1 1 1
 0.9014 1 1 1 1
 0.9014 1 1 1 1
 0.9014 1 1 1 1
 0.9014 1 1 1 1
 0.9014 1 1 1 1
 0.9014 1 1 1 1
 0.9014 1 1 1 1
 0.9014 1 1 1 1
 0.9014 1 1 1 1
 0.9014 1 1 1 1
 0.9014 1 1 1 1
pf_obs 
 0.8446 0.082 0.0669 0.0065 0
 0.8095 0.147 0.0364 0.0071 0
 0.9664 0.0169 0.016 0.0007 0
 0.9276 0.0648 0.0075 0.0001 0
 0.7033 0.2144 0.0806 0.0017 0
 0.9318 0.0425 0.0243 0.0014 0
 0.5671 0.3108 0.0964 0.0239 0.0018
 0.0768 0.2599 0.5324 0.112 0.0189
 0.490249 0.384438 0.106611 0.0170017 0.00170017
 0.7925 0.1577 0.0466 0.003 0.0002
 0.840416 0.127587 0.0312969 0.00059994 9.999e-05
 0.8084 0.0986 0.0794 0.0134 0.0002
 0.7335 0.1905 0.0724 0.0035 0.0001
 0.4001 0.4547 0.1325 0.0127 0
 0.49795 0.308269 0.164784 0.0264974 0.00249975
 0.9179 0.0499 0.0305 0.0017 0
 0.2467 0.6533 0.0926 0.0074 0
 0.9418 0.0223 0.034 0.0019 0
 0.707729 0.231977 0.0356964 0.0245975 0
 0.517169 0.277429 0.184464 0.0207286 0.00020938
 0.811772 0.124168 0.05621 0.00726502 0.000585176
 0.764997 0.148141 0.077277 0.00933861 0.000247198
 0.163321 0.427699 0.378323 0.0303852 0.000271297
 0.753843 0.0900009 0.118128 0.0371064 0.000921714
 0.721811 0.176058 0.0630433 0.0369309 0.00215725
 0.143369 0.312575 0.442814 0.0836902 0.0175525
 0.692698 0.0596174 0.167031 0.0765114 0.00414204
 0.394062 0.376323 0.152708 0.0712218 0.00568511
 0.125707 0.32114 0.495352 0.0537591 0.00404204
 0.23352 0.215282 0.420074 0.123614 0.00750983
 0.796117 0.104755 0.0508955 0.0450114 0.00322123
pf_pred 
 0.277138 0.194882 0.468054 0.0599243 9.09212e-07
 0.415395 0.206974 0.101809 0.244516 0.0313055
 0.886373 0.0598865 0.0190265 0.00935894 0.0253554
 0.622625 0.348878 0.015019 0.00477169 0.00870608
 0.660588 0.25309 0.0798037 0.00343552 0.00308296
 0.980099 0.015258 0.00346239 0.00109175 8.91758e-05
 0.281701 0.708498 0.0075148 0.00170528 0.000581626
 0.347291 0.25729 0.390023 0.00413685 0.00125893
 0.755542 0.105841 0.0546409 0.0828296 0.00114591
 0.898672 0.0855371 0.00683692 0.00352958 0.00542449
 0.923208 0.072886 0.00329735 0.000263555 0.000345169
 0.879663 0.113857 0.00615083 0.000278263 5.13701e-05
 0.797045 0.187854 0.0142882 0.000771883 4.13665e-05
 0.801479 0.172476 0.0241063 0.00183353 0.00010436
 0.862482 0.12239 0.0131428 0.00183692 0.000147669
 0.979946 0.0185177 0.00136726 0.000146823 2.21705e-05
 0.281608 0.709459 0.00824872 0.000609048 7.52781e-05
 0.97498 0.0098076 0.0150232 0.000174672 1.4491e-05
 0.573518 0.41935 0.0027956 0.00428228 5.39197e-05
 0.797674 0.139047 0.0622209 0.000414795 0.000643381
 0.793794 0.178268 0.0191998 0.00859157 0.000146115
 0.875019 0.107357 0.015236 0.00164095 0.000746781
 0.250645 0.687768 0.0529025 0.00750783 0.0011766
 0.854052 0.0494834 0.0885365 0.00681015 0.00111795
 0.728782 0.243443 0.00941713 0.0168493 0.00150879
 0.420615 0.464119 0.103461 0.00400221 0.00780205
 0.838588 0.0838481 0.0621331 0.0138507 0.00158027
 0.803535 0.17425 0.0115399 0.00855132 0.00212375
 0.29959 0.59944 0.0895529 0.00593076 0.00548627
 0.390264 0.233685 0.32184 0.048081 0.00612982
 0.925756 0.0374786 0.0140905 0.0194059 0.00326874
pobs_RECLAS
 0 0 0 0 0
 0 0 0 0 0
 0 0 0 0 0
 0 0 0 0 0
 0 0 0 0 0
 0 0 0 0 0
 0 0 0 0 0
 0 0 0 0 0
 0 0 0 0 0
 0 0 0 0 0
 0.991045 0.00858322 0.000360255 1.14367e-05 0
 0.934742 0.0480273 0.0164251 0.00080598 0
 0.827803 0.169806 0.00239088 0 0
 0.941827 0.0461693 0.0120037 0 0
 0.791401 0.0380133 0.147996 0.0225897 0
 0.846168 0.0940531 0.0597789 0 0
 0.134021 0.677848 0.182769 0.00536245 0
 0.80878 0.0450904 0.141981 0.00414843 0
 0.846168 0.0940531 0.0597789 0 0
 0.905697 0.0802665 0.012482 0.00150086 5.37128e-05
 0.989698 0.0102097 9.19794e-05 0 0
 0.975433 0.0193895 0.00387452 0.00125025 5.28907e-05
 0.303575 0.632131 0.0575291 0.00676475 0
 0.966965 0.00978017 0.0227588 0.000495775 0
 0.843318 0.132988 0.00938335 0.0141283 0.000182051
 0.564624 0.303363 0.111486 0.0197234 0.00080311
 0.826376 0.0876187 0.0782897 0.00655872 0.00115652
 0.89761 0.0855135 0.0140674 0.00269457 0.000114338
 0.34875 0.467042 0.161289 0.0227151 0.000203297
 0.318654 0.224769 0.449479 0.00709798 0
 0.937255 0.0296025 0.0250945 0.00804832 0
ppred_RECLAS
 0.338533 0.17833 0.428301 0.0548347 8.3199e-07
 0.492332 0.179736 0.0884101 0.212337 0.0271856
 0.914154 0.0452445 0.0143746 0.00707071 0.0191561
 0.700704 0.276695 0.0119116 0.00378442 0.00690479
 0.730848 0.200699 0.063284 0.00272435 0.00244477
 0.985099 0.0114246 0.0025925 0.000817461 6.67714e-05
 0.352399 0.638764 0.00677516 0.00153744 0.00052438
 0.415484 0.230409 0.349275 0.00370465 0.0011274
 0.813611 0.0806996 0.0416614 0.0631542 0.000873707
 0.930561 0.0586178 0.00468528 0.00241879 0.00371735
 0.941598 0.0554318 0.00250773 0.000200441 0.00026251
 0.910908 0.0842938 0.00455376 0.000206012 3.80318e-05
 0.845607 0.142905 0.0108694 0.000587192 3.14686e-05
 0.856845 0.124374 0.0173832 0.00132217 7.52549e-05
 0.901502 0.0876632 0.00941366 0.00131571 0.000105769
 0.985376 0.013504 0.000997073 0.00010707 1.61678e-05
 0.351682 0.640257 0.00744412 0.00054964 6.79353e-05
 0.981361 0.00730632 0.0111918 0.000130124 1.07953e-05
 0.650012 0.344135 0.00229418 0.00351421 4.42487e-05
 0.844467 0.106889 0.0478307 0.000318863 0.000494583
 0.840437 0.137945 0.014857 0.00664821 0.000113065
 0.90567 0.0810288 0.0114995 0.00123852 0.000563638
 0.312143 0.631325 0.0485609 0.00689168 0.00108004
 0.887542 0.0381286 0.0682204 0.00524745 0.000861418
 0.783757 0.194098 0.00750831 0.013434 0.00120296
 0.494373 0.405035 0.0902903 0.00349271 0.00680881
 0.87532 0.064767 0.0479936 0.0106987 0.00122065
 0.845605 0.136937 0.00906882 0.00672017 0.00166898
 0.364227 0.544121 0.0812885 0.00538344 0.00497997
 0.467336 0.204147 0.281159 0.0420035 0.005355
 0.944805 0.0278627 0.0104753 0.0144269 0.00243008
pobs_PELACES
 0 0 0 0 0
 0 0 0 0 0
 0 0 0 0 0
 0 0 0 0 0
 0 0 0 0 0
 0 0 0 0 0
 0 0 0 0 0
 0 0 0 0 0
 0 0 0 0 0
 0 0 0 0 0
 0 0 0 0 0
 0 0 0 0 0
 0 0 0 0 0
 0 0 0 0 0
 0 0 0 0 0
 0 0 0 0 0
 0.505614 0.472636 0.0217494 0 0
 0 0 0 0 0
 0.443492 0.261883 0.143347 0.151278 0
 0.227955 0.32914 0.350689 0.0885471 0.00366901
 0.970185 0.0296113 0.000203453 0 0
 0.997202 0.00247181 0.000326279 0 0
 0.445219 0.490057 0.0546422 0.010081 0
 0.90214 0.0892962 0.00764917 0.000914606 0
 0 0 0 0 0
 0.581667 0.319106 0.0959925 0.00289975 0.000334073
 0.762889 0.0836404 0.116647 0.0363945 0.000428098
 0.88444 0.0763242 0.0277011 0.0115352 0
 0.521256 0.241999 0.230069 0.00667565 0
 0.616807 0.101726 0.260614 0.0208532 0
 0.833518 0.0704572 0.0857862 0.0102388 0
ppred_PELACES
 0.327603 0.181277 0.435378 0.0557408 8.45738e-07
 0.491652 0.179976 0.0885285 0.212621 0.027222
 0.913968 0.0453426 0.0144058 0.00708604 0.0191977
 0.71192 0.266326 0.0114652 0.00364261 0.00664604
 0.736992 0.196118 0.0618394 0.00266216 0.00238896
 0.984569 0.011831 0.00268472 0.00084654 6.91466e-05
 0.357794 0.633443 0.00671872 0.00152463 0.000520012
 0.40407 0.234908 0.356095 0.00377698 0.00114941
 0.820787 0.0775927 0.0400575 0.0607228 0.00084007
 0.938161 0.0522021 0.00417248 0.00215406 0.00331049
 0.939489 0.0574334 0.00259828 0.000207679 0.00027199
 0.913708 0.0816451 0.00441067 0.000199538 3.68367e-05
 0.8496 0.139209 0.0105883 0.000572005 3.06547e-05
 0.869189 0.113649 0.0158843 0.00120816 6.87658e-05
 0.908987 0.0810012 0.00869827 0.00121572 9.7731e-05
 0.985577 0.0133179 0.000983334 0.000105595 1.5945e-05
 0.356153 0.635841 0.00739278 0.000545849 6.74667e-05
 0.980963 0.00746227 0.0114307 0.000132902 1.10257e-05
 0.65377 0.34044 0.00226955 0.00347648 4.37735e-05
 0.846055 0.105797 0.0473424 0.000315608 0.000489533
 0.840646 0.137764 0.0148375 0.0066395 0.000112917
 0.906123 0.0806394 0.0114442 0.00123256 0.000560929
 0.309246 0.633983 0.0487654 0.0069207 0.00108459
 0.885 0.0389905 0.0697625 0.00536606 0.000880889
 0.779491 0.197927 0.00765642 0.013699 0.00122669
 0.487336 0.410672 0.0915469 0.00354132 0.00690357
 0.872983 0.0659811 0.0488933 0.0108993 0.00124353
 0.840148 0.141777 0.00938937 0.0069577 0.00172797
 0.354841 0.552154 0.0824885 0.00546291 0.00505349
 0.468484 0.203707 0.280553 0.0419129 0.00534345
 0.945172 0.0276775 0.0104056 0.0143311 0.00241393
pobs_pel_tallas
 0 0 0 0 0 0 0 0 0 0 0 0 0 0 0 0 0 0 0 0 0 0 0 0 0 0
 0 0 0 0 0 0 0 0 0 0 0 0 0 0 0 0 0 0 0 0 0 0 0 0 0 0
 0 0 0 0 0 0 0 0 0 0 0 0 0 0 0 0 0 0 0 0 0 0 0 0 0 0
 0 0 0 0 0 0 0 0 0 0 0 0 0 0 0 0 0 0 0 0 0 0 0 0 0 0
 0 0 0 0 0 0 0 0 0 0 0 0 0 0 0 0 0 0 0 0 0 0 0 0 0 0
 0 0 0 0 0 0 0 0 0 0 0 0 0 0 0 0 0 0 0 0 0 0 0 0 0 0
 0 0 0 0 0 0 0 0 0 0 0 0 0 0 0 0 0 0 0 0 0 0 0 0 0 0
 0 0 0 0 0 0 0 0 0 0 0 0 0 0 0 0 0 0 0 0 0 0 0 0 0 0
 0 0 0 0 0 0 0 0 0 0 0 0 0 0 0 0 0 0 0 0 0 0 0 0 0 0
 0 0 0 0 0 0 0 0 0 0 0 0 0 0 0 0 0 0 0 0 0 0 0 0 0 0
 0 0 0 0 0 0 0 0 0 0 0 0 0 0 0 0 0 0 0 0 0 0 0 0 0 0
 0 0 0 0 0 0 0 0 0 0 0 0 0 0 0 0 0 0 0 0 0 0 0 0 0 0
 0.00862536 0 0 0.000197151 0.00414017 0.0128641 0.00837892 0.0270097 0.101434 0.158115 0.152841 0.127902 0.109271 0.109419 0.0830992 0.0579132 0.0238553 0.00714673 0.00463305 0.00128148 0.00103504 0.000492878 0.000147863 0.000147863 4.92878e-05 0
 0 0 0 0 0 0 0 0 0 0 0 0 0 0 0 0 0 0 0 0 0 0 0 0 0 0
 0 0 0 0 0 0 0 0.0054083 0.00873648 0.0413646 0.0450493 0.0745869 0.0622846 0.0627006 0.0613931 0.0827291 0.12552 0.122667 0.0946155 0.0697135 0.0546179 0.0294188 0.0215738 0.0213955 0.0102223 0.00600262
 0 0 0 0 0.00359764 0.0251062 0.0480494 0.140153 0.205849 0.193036 0.1447 0.116669 0.0760912 0.0342217 0.00950174 0.001854 0.000860785 0 0 0 0.000165536 0 0.000143464 0 0 0
 0 0 0 0 0 0 0 0.000145254 0.000435761 0.0275982 0.070085 0.0708112 0.156366 0.174668 0.174014 0.160142 0.0824315 0.0480064 0.0283245 0.00493863 0.00203355 0 0 0 0 0
 0 0 0 0 0 0 0 0 0 0 0 0 0 0 0 0 0 0 0 0 0 0 0 0 0 0
 0 0 1.00437e-05 0.000401748 0.00122533 0.00171747 0.00176769 0.0269171 0.070346 0.194647 0.189555 0.159765 0.064822 0.0314167 0.0384472 0.0292271 0.0345202 0.0313363 0.0194345 0.0106764 0.0143323 0.0359363 0.0279516 0.0138201 0.00172751 0
 0 0.0021121 0.0136068 0.0755702 0.200478 0.177729 0.0527432 0.0373336 0.0318909 0.0142505 0.0149659 0.0166563 0.0217959 0.0798694 0.0677717 0.0528807 0.04013 0.0224614 0.0357745 0.0225083 0.00881397 0.00855152 0.00135912 0.000746735 0 0
 0 0 0 0 5.4009e-05 0.00500934 0.000945158 0.0243581 0.138947 0.33067 0.221406 0.137944 0.0707744 0.0437923 0.0131692 0.00525238 0.0047753 0.00276346 9.45158e-05 9.00151e-06 2.25038e-05 9.00151e-06 4.50075e-06 0 0 0
 0.000866109 0.00284123 0.00948549 0.0512746 0.133035 0.25785 0.225252 0.132002 0.0553304 0.0519788 0.0540692 0.017754 0.00435017 0.00159236 0.00146478 0.000404838 0.000125132 0.000115318 0.000107957 0.000100596 0 0 0 0 0 0
 0 0 0 0 0.00144013 0.00171154 0.00461396 0.0210425 0.0478622 0.0707936 0.0888783 0.103762 0.0637923 0.0337046 0.0602308 0.124433 0.169614 0.0934646 0.0462172 0.0250306 0.0313229 0.00938855 0.002487 0.000210481 0 0
 0 0.00764035 0.051015 0.0998891 0.058973 0.0496711 0.0374665 0.0718981 0.12319 0.153886 0.159021 0.0857701 0.0377988 0.023471 0.0147837 0.00900784 0.00315554 0.000888139 0.00291439 0.00214683 0.00393193 0.00274676 0.000635225 9.99891e-05 0 0
 0 0 0 0 0 0 0 0 0 0 0 0 0 0 0 0 0 0 0 0 0 0 0 0 0 0
 0 0 0 0 0 0 0 0 0 0 0 0 0 0 0 0 0 0 0 0 0 0 0 0 0 0
 0 0 0 0 0 0 0 0 0 0 0 0 0 0 0 0 0 0 0 0 0 0 0 0 0 0
 0 0 0 0 0 0 0 0 0 0 0 0 0 0 0 0 0 0 0 0 0 0 0 0 0 0
 0 0 0 0 0 0 0 0 0 0 0 0 0 0 0 0 0 0 0 0 0 0 0 0 0 0
 0 0 0 0 0 0 0 0 0 0 0 0 0 0 0 0 0 0 0 0 0 0 0 0 0 0
 0 0 0 0 0 0 0 0 0 0 0 0 0 0 0 0 0 0 0 0 0 0 0 0 0 0
ppred_pel_tallas
 1.18201e-16 2.69843e-05 0.000262297 0.00174306 0.00792369 0.0246536 0.0525278 0.0766697 0.0766878 0.0526167 0.0249539 0.00879914 0.00397186 0.0052314 0.00976771 0.0168967 0.0261807 0.0367636 0.0476604 0.0582264 0.0681568 0.0769252 0.0832643 0.0853793 0.0818959 0.0728149
 1.28531e-16 4.04968e-05 0.000393643 0.0026159 0.0118915 0.036999 0.0788308 0.11506 0.115077 0.0789165 0.0372873 0.0127268 0.00472238 0.0050255 0.00893933 0.0149945 0.0222889 0.0295769 0.0357137 0.0404287 0.0445528 0.0493533 0.0554377 0.0620823 0.067466 0.0695793
 1.04387e-16 7.52823e-05 0.000731771 0.00486288 0.0221059 0.0687798 0.146543 0.213884 0.213889 0.146564 0.0688519 0.0223144 0.00538711 0.00187953 0.00226531 0.00365385 0.00532538 0.00685153 0.00786251 0.00821909 0.00810367 0.00789483 0.00791591 0.00824909 0.00872696 0.00906314
 1.0189e-16 5.864e-05 0.000570001 0.00378786 0.0172191 0.0535751 0.114148 0.166608 0.166634 0.114274 0.0539954 0.0184325 0.00683165 0.00720803 0.0126462 0.0207636 0.0297881 0.0372158 0.0405417 0.0386222 0.0323743 0.0241916 0.016558 0.0109195 0.00745769 0.00557924
 1.02507e-16 6.07051e-05 0.000590075 0.00392126 0.0178255 0.0554618 0.118168 0.172473 0.172492 0.118261 0.055773 0.018725 0.00618153 0.00553228 0.00947015 0.0156202 0.0226345 0.0287488 0.0321918 0.0321192 0.0290747 0.0245477 0.0200148 0.0162367 0.0132229 0.0106533
 1.00178e-16 8.10976e-05 0.000788298 0.00523852 0.0238135 0.0740927 0.157862 0.230405 0.230406 0.157868 0.0741115 0.0238677 0.00537456 0.00108556 0.00064647 0.000942546 0.00135494 0.00171428 0.00190864 0.00188807 0.00168874 0.00140566 0.00113309 0.00091946 0.000763413 0.000639391
 1.00597e-16 2.94711e-05 0.00028647 0.0019037 0.00865396 0.026926 0.057371 0.0837474 0.0838083 0.0576686 0.0279249 0.0115372 0.00913438 0.0160491 0.0299007 0.049215 0.0704937 0.0878067 0.0951336 0.0897032 0.0736951 0.0528774 0.0333121 0.018645 0.00951499 0.00466217
 1.1091e-16 3.32828e-05 0.000323521 0.00214991 0.00977319 0.0304081 0.0647886 0.0945657 0.0945889 0.0649019 0.03079 0.0108823 0.00495768 0.00653105 0.0120506 0.0204614 0.0308432 0.0416228 0.051093 0.0582607 0.0631109 0.0660058 0.0668512 0.0649117 0.0594628 0.0506317
 1.07408e-16 6.76072e-05 0.000657166 0.0043671 0.0198522 0.0617676 0.131603 0.192079 0.192087 0.13164 0.0618917 0.0202115 0.00527246 0.00264537 0.00387917 0.00640229 0.00945015 0.0123968 0.0146725 0.0160703 0.0168662 0.0175748 0.0185251 0.0195983 0.0203078 0.0201153
 1.00911e-16 7.72751e-05 0.000751141 0.0049916 0.0226911 0.0706004 0.150422 0.219546 0.219551 0.150446 0.0706829 0.0229292 0.00558914 0.00205497 0.00255176 0.004092 0.00587778 0.00737326 0.00809234 0.0078184 0.00673402 0.00530248 0.00399415 0.00306709 0.00252801 0.00223563
 1.00157e-16 7.73844e-05 0.000752204 0.00499866 0.0227232 0.0707003 0.150635 0.219857 0.219862 0.150662 0.070791 0.0229848 0.00565499 0.00218347 0.0027912 0.00448032 0.00641921 0.00801441 0.00871896 0.00828217 0.00689766 0.00507884 0.00336201 0.00206504 0.00123863 0.000769575
 1.00175e-16 7.52609e-05 0.000731563 0.00486149 0.0220996 0.0687602 0.146501 0.213825 0.213832 0.14654 0.0688891 0.0224717 0.00579472 0.00276684 0.00393477 0.00637043 0.0091331 0.0114077 0.0124192 0.0118102 0.00985342 0.00727431 0.00483083 0.00297227 0.00177178 0.00107353
 1.00404e-16 6.99804e-05 0.000680235 0.0045204 0.0205491 0.0639359 0.136223 0.198824 0.198837 0.136288 0.0641557 0.0211838 0.00611272 0.00415368 0.00665895 0.0108774 0.0156139 0.0195313 0.0213162 0.0203605 0.017122 0.0128222 0.00873266 0.00560031 0.0035403 0.00229089
 1.00621e-16 7.1594e-05 0.000695919 0.00462463 0.0210229 0.0654101 0.139364 0.203407 0.203418 0.139417 0.0655898 0.0215419 0.00592724 0.00353922 0.00547056 0.00892783 0.0128467 0.0161379 0.0177406 0.0171603 0.0147551 0.0114861 0.0083415 0.00588462 0.00418454 0.00303455
 1.00411e-16 7.48721e-05 0.000727783 0.00483638 0.0219855 0.068405 0.145744 0.21272 0.212728 0.145782 0.068533 0.0223551 0.00576389 0.00275172 0.00391623 0.00634927 0.00912343 0.0114391 0.0125357 0.0120613 0.010278 0.00788408 0.00560037 0.00384154 0.00266073 0.00190293
 1.00046e-16 8.11807e-05 0.000789105 0.00524388 0.0238379 0.0741686 0.158024 0.230641 0.230642 0.15803 0.0741897 0.0238986 0.00539621 0.00112139 0.000711504 0.00104579 0.0014939 0.0018684 0.00203922 0.00194809 0.00163896 0.0012289 0.000839606 0.000542388 0.000347875 0.000230482
 1.00443e-16 2.9336e-05 0.000285156 0.00189497 0.00861428 0.0268026 0.057108 0.0833635 0.0834247 0.0574067 0.0278052 0.0115085 0.00915314 0.0161077 0.0300143 0.0494027 0.0707629 0.0881421 0.0954952 0.0900377 0.0739531 0.0530272 0.0333431 0.0185636 0.00933854 0.00441569
 1.00348e-16 8.08006e-05 0.000785411 0.00521933 0.0237263 0.0738214 0.157284 0.229561 0.229562 0.157288 0.0738335 0.0237616 0.00530857 0.000982725 0.000462864 0.00065633 0.00098161 0.00132521 0.00162822 0.00185885 0.00201627 0.00211135 0.00214028 0.00207902 0.0019043 0.00162052
 1.00509e-16 5.38502e-05 0.000523443 0.00347847 0.0158126 0.0491991 0.104825 0.153002 0.153035 0.104985 0.0497359 0.0173621 0.00736431 0.00899432 0.0161064 0.0264498 0.0378809 0.0471832 0.0511212 0.0482105 0.0396294 0.0284845 0.0180357 0.0102366 0.00541529 0.00287492
 1.01508e-16 6.96885e-05 0.000677397 0.00450154 0.0204634 0.0636691 0.135654 0.197993 0.198004 0.135704 0.0638375 0.0209501 0.0057257 0.00335733 0.00518145 0.00851276 0.0123877 0.015848 0.0179529 0.0182437 0.016977 0.0148844 0.0126731 0.0106803 0.00888796 0.00716351
 1.01149e-16 6.92429e-05 0.000673066 0.00447276 0.0203325 0.0632621 0.134787 0.196728 0.196742 0.134852 0.0634798 0.0209613 0.00605068 0.00411664 0.00660624 0.0108041 0.0155392 0.019504 0.0214167 0.0206889 0.0177734 0.0138579 0.0101563 0.00734858 0.00549093 0.00428649
 1.0057e-16 7.46362e-05 0.00072549 0.00482114 0.0219162 0.0681895 0.145285 0.21205 0.212057 0.145323 0.068317 0.0222845 0.00574552 0.00274331 0.00390646 0.0063389 0.00912114 0.0114626 0.012611 0.0122173 0.0105371 0.0082524 0.00606231 0.00436182 0.00319338 0.0024033
 1.02447e-16 2.54723e-05 0.0002476 0.00164539 0.00747975 0.0232726 0.049587 0.0723865 0.0724475 0.0498852 0.0242737 0.0103703 0.00889775 0.0160682 0.0300381 0.0495302 0.0711384 0.0890146 0.0972061 0.0929552 0.0783547 0.0589676 0.0405697 0.0265329 0.0173414 0.011764
 1.02711e-16 7.28963e-05 0.000708578 0.00470875 0.0214053 0.0665998 0.141898 0.207105 0.207109 0.141917 0.0666636 0.0215907 0.00517906 0.00175126 0.00209989 0.0034779 0.00528588 0.00723513 0.00906381 0.0106193 0.0118835 0.0128644 0.0134641 0.0134699 0.0126933 0.0111332
 1.01854e-16 6.42057e-05 0.000624102 0.00414738 0.0188534 0.05866 0.124982 0.182419 0.182438 0.125075 0.0589724 0.0197553 0.00640996 0.00555893 0.00942359 0.0154447 0.0221677 0.0277243 0.0302645 0.0289531 0.0244824 0.0186297 0.0132184 0.00927929 0.00689064 0.0055617
 1.04271e-16 4.01413e-05 0.000390188 0.00259294 0.0117871 0.0366744 0.0781402 0.114056 0.114096 0.0783338 0.0373248 0.0136664 0.00731237 0.0107002 0.0196424 0.0324649 0.0468902 0.0592247 0.0657078 0.0645694 0.0570383 0.0464278 0.0360854 0.0278311 0.0217876 0.0172159
 1.02732e-16 7.19065e-05 0.000698956 0.00464481 0.0211146 0.0656955 0.139971 0.204294 0.2043 0.140003 0.0658012 0.0214207 0.00541621 0.00239329 0.00332018 0.00545473 0.00803697 0.0104967 0.0122953 0.0131729 0.0132639 0.0129295 0.0124556 0.0118774 0.0110458 0.00982535
 1.01298e-16 6.92019e-05 0.000672667 0.00447011 0.0203205 0.0632246 0.134707 0.196612 0.196626 0.134774 0.0634485 0.0209669 0.00609199 0.00421085 0.00678191 0.0110844 0.0159196 0.019935 0.0218057 0.0209297 0.0177911 0.0136446 0.00977806 0.0069199 0.00513206 0.00408346
 1.03925e-16 2.92279e-05 0.000284106 0.00188799 0.00858254 0.0267038 0.0568971 0.0830542 0.0831074 0.0571572 0.0275769 0.0111046 0.0082187 0.0141041 0.0262756 0.043391 0.0624967 0.0785698 0.0864899 0.0838664 0.0724372 0.0568536 0.0418829 0.0302184 0.0221541 0.0166566
 1.13256e-16 3.85885e-05 0.000375094 0.00249263 0.0113311 0.0352555 0.0751163 0.109639 0.109659 0.0752144 0.035586 0.0122909 0.00492123 0.00574099 0.0104178 0.0176533 0.0265733 0.0358102 0.0439208 0.0501335 0.0545757 0.0577143 0.0595551 0.0593991 0.056373 0.0502136
 1.02154e-16 7.78526e-05 0.000756755 0.0050289 0.0228607 0.071128 0.151546 0.221186 0.221189 0.151559 0.0711721 0.0229882 0.0053499 0.00146026 0.00142236 0.00225105 0.00329092 0.00426131 0.00493993 0.00524182 0.00526779 0.00522435 0.0052731 0.00542822 0.00556801 0.00552896
pSPR Fmed_Fpbrs
0.275657   0.225352 0.225352
Fs Fmed_Fpbrs
0.840695   1.005 1.005
SSBpbr Bo_Bmed_Bpbrs
1.34579e+06  303687  235986 235986
Ro
78367.9
SPR SPRFo_SPRFmed_SPRFpbrs
559360 154192 126053
Fref
1.005
Nvult_r0
 93707.9 3201.97 1203.81 1657.94 279.264
CTP_r0
 38572.9 1561.6 587.098 808.574 136.196
YTP_r0
391110
Np
 101943 17918.6 2821.85 71.3568 30.4399
Nvult_p0
 84024.4 15505.6 2441.86 61.7478 26.3408
CTP_p0
 35695 9089.34 229.844 86.4124 135.909
 35695 7772.16 1223.97 30.9509 13.2033
YTP_p0
 422237 418811
CBA_c0
421210
log_Ro
11.0892
likeval ReclasPelacesDesembMPH_pf_preclas_ppelaces_ptallas_desvR_qrecl_qpela
 12.9828 18.6244 0.100861 0.000898315 267.04 116.217 107.914 0 41.0971 6.3124e-05 0.000112998 0.0179952 0 0 0
q_reclas_q_pelaces
3.08283 4.53731
M
1
N
 50828.2 27134.9 65170.7 8343.7 0.126596
 37538.6 14902 7330.13 17605 2253.97
 138307 7447.51 2366.14 1163.88 3153.21
 58461.7 27358.9 1177.79 374.195 682.729
 22887.7 7197.87 2269.62 97.706 87.6793
 283949 3407.42 773.223 243.811 19.9148
 36170.4 74189.1 786.9 178.566 60.904
 10208.1 5754.61 8723.36 92.5258 28.1575
 25262.9 2942.59 1519.12 2302.82 31.8584
 39421.5 3272.08 261.535 135.019 207.505
 44413.8 2696.34 121.982 9.74994 12.7691
 110968 11822.9 638.704 28.8949 5.33429
 82933.9 16037.4 1219.81 65.8971 3.53153
 66803.9 12403.9 1733.64 131.861 7.50522
 44438.5 5385.67 578.337 80.8319 6.49802
 270734 4138.54 305.571 32.8136 4.9549
 22778.9 46642.9 542.306 40.0414 4.9491
 476336 3747.99 5741.15 66.7511 5.53777
 186712 110677 737.828 1130.2 14.2307
 223794 31504.1 14097.5 93.9809 145.772
 218152 39189.1 4220.75 1888.71 32.1208
 423966 41752.2 5925.41 638.178 290.429
 36337.8 78621.1 6047.46 858.245 134.501
 174851 7894.3 14124.6 1086.45 178.351
 160959 41907.2 1621.1 2900.51 259.729
 44917.6 38504 8583.3 332.029 647.269
 141049 11034.6 8176.83 1822.78 207.967
 196822 32695.6 2165.31 1604.54 398.492
 35184.7 53955.4 8060.61 533.825 493.817
 20005.4 9608.97 13233.9 1977.06 252.054
 114663 3731.87 1403.04 1932.32 325.48
pred_Ctot
 6645.5 4673.09 11223.5 1436.93 0.021802
 11487.5 5723.75 2815.45 6761.95 865.735
 42479.9 2870.09 911.855 448.532 1215.17
 26789.4 15011 646.217 205.309 374.592
 9252.5 3544.89 1117.77 48.1194 43.1813
 53476.8 832.516 188.917 59.5689 4.86567
 13869.6 34883.1 369.993 83.96 28.6365
 1424.55 1055.38 1599.84 16.969 5.16401
 11231.6 1573.4 812.271 1231.31 17.0346
 23034.1 2192.42 175.239 90.4676 139.036
 7966.3 628.928 28.4526 2.2742 2.97844
 45853.4 5934.92 320.619 14.5048 2.67772
 33409.6 7874.24 598.916 32.3549 1.73395
 37026.7 7968.06 1113.66 84.7054 4.82123
 23322.7 3309.61 355.4 49.6729 3.99317
 96666.3 1826.67 134.873 14.4832 2.18699
 8485.22 21376.9 248.545 18.3514 2.26823
 115123 1158.06 1773.91 20.6248 1.71106
 67985.5 49710.3 331.394 507.627 6.39171
 78652 13710.2 6135.08 40.8995 63.4384
 69713.1 15656 1686.18 754.534 12.8322
 140394 17225.1 2444.56 263.284 119.818
 9813.03 26926.9 2071.19 293.94 46.0651
 39876.6 2310.43 4133.87 317.973 52.1982
 36845.4 12307.9 476.106 851.858 76.2805
 9746.33 10754.4 2397.37 92.7376 180.786
 34233.2 3422.89 2536.42 565.419 64.5106
 32472.1 7041.71 466.347 345.572 85.824
 5870.47 11746.1 1754.79 116.213 107.504
 6581.67 3941.03 5427.73 810.871 103.377
 38572.9 1561.6 587.098 808.574 136.196
F
 0.226958 0.308828 0.308828 0.308828 0.308828
 0.617489 0.840234 0.840234 0.840234 0.840234
 0.620433 0.844239 0.844239 0.844239 0.844239
 1.09459 1.48943 1.48943 1.48943 1.48943
 0.904644 1.23097 1.23097 1.23097 1.23097
 0.342178 0.465611 0.465611 0.465611 0.465611
 0.838239 1.14061 1.14061 1.14061 1.14061
 0.243891 0.331869 0.331869 0.331869 0.331869
 1.04391 1.42047 1.42047 1.42047 1.42047
 1.68242 2.28931 2.28931 2.28931 2.28931
 0.32351 0.440208 0.440208 0.440208 0.440208
 0.934316 1.27135 1.27135 1.27135 1.27135
 0.900034 1.2247 1.2247 1.2247 1.2247
 1.51802 2.06561 2.06561 2.06561 2.06561
 1.37376 1.86932 1.86932 1.86932 1.86932
 0.758616 1.03227 1.03227 1.03227 1.03227
 0.804615 1.09486 1.09486 1.09486 1.09486
 0.459509 0.625265 0.625265 0.625265 0.625265
 0.77945 1.06062 1.06062 1.06062 1.06062
 0.742328 1.0101 1.0101 1.0101 1.0101
 0.653438 0.889151 0.889151 0.889151 0.889151
 0.685013 0.932115 0.932115 0.932115 0.932115
 0.526719 0.71672 0.71672 0.71672 0.71672
 0.428473 0.583035 0.583035 0.583035 0.583035
 0.430388 0.58564 0.58564 0.58564 0.58564
 0.403797 0.549457 0.549457 0.549457 0.549457
 0.461864 0.62847 0.62847 0.62847 0.62847
 0.294145 0.40025 0.40025 0.40025 0.40025
 0.297914 0.405379 0.405379 0.405379 0.405379
 0.679092 0.924059 0.924059 0.924059 0.924059
 0.699607 0.951974 0.951974 0.951974 0.951974
YTP_r0W_actual
 320155 22018.5 16203.9 27653.2 5080.12
YTP_p0W_proyectada
 267355 142430 5316.3 2537.93 4597.81
 267355 121790 28310.5 909.028 446.666
CTP_r0_actual
 38572.9 1561.6 587.098 808.574 136.196
CTP_p0_proyectada
 35695 9089.34 229.844 86.4124 135.909
 35695 7772.16 1223.97 30.9509 13.2033
Wmedp
 7.49 15.67 23.13 29.37 33.83
Frms_r0
 0.699607 0.951974 0.951974 0.951974 0.951974
Zrms_r0
 1.69961 1.95197 1.95197 1.95197 1.95197
nmprior
 8.19 8.8 8.5 0
nm_flota  nm_reclas  nm_pelaces    nm_pelaL
inf 25.6388 9.83212 19.5183
cv_recla  cv_pelaces  cv_mph
0.325919 0.489343 0.924953
 ------------------------------------------------
Talla a la edad & desviaci?n 
 8 13.2811 15.8009 17.003 17.5766
 0.8 1.32811 1.58009 1.7003 1.75766
