years
 1991 1992 1993 1994 1995 1996 1997 1998 1999 2000 2001 2002 2003 2004 2005 2006 2007 2008 2009 2010 2011 2012 2013 2014 2015 2016 2017 2018 2019 2020 2021
reclasobs
 0 0 0 0 0 0 0 0 0 252601 567819 844713 477998 351125 339783 2.1784e+06 2.13404e+06 4.81314e+06 1.55562e+06 2.62356e+06 3.21686e+06 3.843e+06 1.13348e+06 3.07943e+06 1.97215e+06 2.03268e+06 2.025e+06 2.42433e+06 2.27542e+06 1.05018e+06 2.36338e+06
reclaspred
 3.3619e+06 1.91418e+06 974840 1.02459e+06 1.05553e+06 1.61776e+06 1.09511e+06 984031 714044 522195 533443 655077 649506 526006 533894 1.24701e+06 1.26708e+06 2.67368e+06 2.22577e+06 1.66877e+06 2.96272e+06 2.41115e+06 1.96069e+06 3.01157e+06 2.26735e+06 2.01267e+06 2.34728e+06 2.43591e+06 2.02611e+06 1.3325e+06 1.94991e+06
pelacesobs
 0 0 0 0 0 0 0 0 0 0 0 0 0 0 0 552880 188675 0 991730 2.46772e+06 1.41603e+06 1.21717e+06 2.29649e+06 1.80582e+06 0 1.4828e+06 1.56532e+06 1.57751e+06 1.42118e+06 867257 1.10002e+06
pelacespred
 2.16912e+06 1.38582e+06 713385 575094 613492 944250 653590 673982 491772 342233 344428 355164 384663 330830 335570 629795 685408 1.54963e+06 1.40891e+06 1.00255e+06 1.63498e+06 1.49482e+06 1.23375e+06 1.95167e+06 1.49883e+06 1.32032e+06 1.67459e+06 1.71457e+06 1.25453e+06 937204 1.2723e+06
mphobs
 0 0 0 0 0 0 0 0 0 0 0 498337 0 5186 125008 0 168611 109162 213762 579715 649985 157893 87575 83554 0 0 0 0 0 0 0
mphpred
 505026 339529 172887 94490.5 111727 127886 167363 113966 98802.7 69445.8 45953 62181.3 66194.4 57475.4 41521.2 51398.6 144092 144965 264157 204543 218886 270338 257475 216864 300396 247153 204755 214549 290961 203083 129836
desembarqueobs
 494567 514787 250237 358949 120608 361735 552515 73892 212993 205616 52469 317467 293654 387597 252695 516296 358380 742168 942051 627588 828172 859565 418607 520667 417249 300574 415391 372974 316634 284311 391294
desembarquepred
 494574 513169 251101 358970 120612 361750 552574 73895.3 213036 205658 52471.3 317537 293712 387662 252702 516289 358408 742103 941938 627510 828253 859625 418625 520694 417257 300581 415399 372969 316637 284325 391301
Reclutas
 229392 131688 130560 255663 204920 329039 138910 66141 58890.5 75406.5 134566 171573 144958 102195 104656 524601 129621 798200 477519 359318 545623 728778 161235 469748 389408 179651 391022 430245 134878 103823 392709
log_desv_Rt
 0.068486 -0.486506 -0.495109 0.176917 -0.0443268 0.429231 -0.433117 -1.17516 -1.29126 -1.04405 -0.464887 -0.221938 -0.390502 -0.740057 -0.71627 0.895694 -0.502328 1.31541 0.80166 0.517262 0.934983 1.22442 -0.284084 0.785251 0.597684 -0.17593 0.601819 0.697411 -0.462571 -0.724262 0.606123
SSB
 4.19311e+06 2.81903e+06 1.43544e+06 784532 927641 1.0618e+06 1.38957e+06 946232 820335 576592 381536 516276 549596 477204 344740 426750 1.19636e+06 1.20361e+06 2.19323e+06 1.69827e+06 1.81736e+06 2.24455e+06 2.13775e+06 1.80057e+06 2.49411e+06 2.05205e+06 1.70003e+06 1.78135e+06 2.41578e+06 1.68615e+06 1.078e+06
BT
 5.55158e+06 3.78798e+06 1.9416e+06 1.75086e+06 1.61514e+06 2.72652e+06 2.08387e+06 1.735e+06 1.41945e+06 1.04631e+06 923946 1.17187e+06 1.24408e+06 1.25187e+06 1.12864e+06 2.1e+06 1.98039e+06 4.73226e+06 4.46608e+06 3.04947e+06 4.87589e+06 4.5653e+06 3.39121e+06 5.53858e+06 4.0787e+06 3.52684e+06 4.73477e+06 4.796e+06 3.28866e+06 2.53481e+06 3.6911e+06
Ftot
 0.101262 0.182316 0.176315 0.250466 0.0812757 0.161932 0.343106 0.0530924 0.209202 0.274149 0.0725298 0.342622 0.31913 0.514294 0.343942 0.309217 0.197204 0.205444 0.297504 0.265141 0.200851 0.254232 0.148305 0.127086 0.12994 0.105071 0.12934 0.112742 0.107273 0.14786 0.149075
BD_Bspro_t
 0.983929 0.88022 0.750572 0.674863 0.680618 0.745678 0.737851 0.610871 0.659989 0.625588 0.595005 0.741996 0.634343 0.553215 0.457573 0.511016 0.647822 0.636538 0.70832 0.622856 0.595355 0.641933 0.657001 0.655154 0.749347 0.756295 0.763791 0.791251 0.824869 0.772116 0.720419
BD_Bspro
 2.74251 1.84379 0.938852 0.513124 0.606725 0.694475 0.908853 0.618884 0.536541 0.377121 0.249544 0.337671 0.359464 0.312116 0.225478 0.279117 0.78248 0.78722 1.43449 1.11076 1.18865 1.46805 1.3982 1.17767 1.63128 1.34215 1.11191 1.16509 1.58004 1.10283 0.705068
BD_Bo
 1.88716 1.26874 0.646038 0.353088 0.417496 0.477878 0.625395 0.425863 0.369202 0.259502 0.171715 0.232357 0.247353 0.214772 0.155155 0.192064 0.538436 0.541698 0.987091 0.76433 0.817926 1.01019 0.962123 0.810369 1.12251 0.923553 0.765119 0.801717 1.08725 0.758872 0.485168
BD_Brms
 12.6059 8.47495 4.31542 2.35857 2.7888 3.19214 4.17753 2.84469 2.46621 1.73343 1.14703 1.5521 1.65227 1.43464 1.03641 1.28296 3.59666 3.61845 6.5936 5.10559 5.46361 6.74789 6.42682 5.41312 7.49816 6.16917 5.11086 5.35533 7.26265 5.06914 3.24084
Sel_flota
 0.855126 1 1 1 1
 0.855126 1 1 1 1
 0.855126 1 1 1 1
 0.855126 1 1 1 1
 0.855126 1 1 1 1
 0.855126 1 1 1 1
 0.855126 1 1 1 1
 0.855126 1 1 1 1
 0.855126 1 1 1 1
 0.855126 1 1 1 1
 0.855126 1 1 1 1
 0.855126 1 1 1 1
 0.855126 1 1 1 1
 0.855126 1 1 1 1
 0.855126 1 1 1 1
 0.855126 1 1 1 1
 0.855126 1 1 1 1
 0.855126 1 1 1 1
 0.855126 1 1 1 1
 0.855126 1 1 1 1
 0.855126 1 1 1 1
 0.855126 1 1 1 1
 0.855126 1 1 1 1
 0.855126 1 1 1 1
 0.855126 1 1 1 1
 0.855126 1 1 1 1
 0.855126 1 1 1 1
 0.855126 1 1 1 1
 0.855126 1 1 1 1
 0.855126 1 1 1 1
 0.855126 1 1 1 1
Sel_reclas
 1 1 1 1 1
 1 1 1 1 1
 1 1 1 1 1
 1 1 1 1 1
 1 1 1 1 1
 1 1 1 1 1
 1 1 1 1 1
 1 1 1 1 1
 1 1 1 1 1
 1 1 1 1 1
 1 1 1 1 1
 1 1 1 1 1
 1 1 1 1 1
 1 1 1 1 1
 1 1 1 1 1
 1 1 1 1 1
 1 1 1 1 1
 1 1 1 1 1
 1 1 1 1 1
 1 1 1 1 1
 1 1 1 1 1
 1 1 1 1 1
 1 1 1 1 1
 1 1 1 1 1
 1 1 1 1 1
 1 1 1 1 1
 1 1 1 1 1
 1 1 1 1 1
 1 1 1 1 1
 1 1 1 1 1
 1 1 1 1 1
Sel_pelaces
 0.829517 0.960765 0.991951 0.99839 0.99968
 0.829517 0.960765 0.991951 0.99839 0.99968
 0.829517 0.960765 0.991951 0.99839 0.99968
 0.829517 0.960765 0.991951 0.99839 0.99968
 0.829517 0.960765 0.991951 0.99839 0.99968
 0.829517 0.960765 0.991951 0.99839 0.99968
 0.829517 0.960765 0.991951 0.99839 0.99968
 0.829517 0.960765 0.991951 0.99839 0.99968
 0.829517 0.960765 0.991951 0.99839 0.99968
 0.829517 0.960765 0.991951 0.99839 0.99968
 0.829517 0.960765 0.991951 0.99839 0.99968
 0.829517 0.960765 0.991951 0.99839 0.99968
 0.829517 0.960765 0.991951 0.99839 0.99968
 0.829517 0.960765 0.991951 0.99839 0.99968
 0.829517 0.960765 0.991951 0.99839 0.99968
 0.829517 0.960765 0.991951 0.99839 0.99968
 0.829517 0.960765 0.991951 0.99839 0.99968
 0.829517 0.960765 0.991951 0.99839 0.99968
 0.829517 0.960765 0.991951 0.99839 0.99968
 0.829517 0.960765 0.991951 0.99839 0.99968
 0.829517 0.960765 0.991951 0.99839 0.99968
 0.829517 0.960765 0.991951 0.99839 0.99968
 0.829517 0.960765 0.991951 0.99839 0.99968
 0.829517 0.960765 0.991951 0.99839 0.99968
 0.829517 0.960765 0.991951 0.99839 0.99968
 0.829517 0.960765 0.991951 0.99839 0.99968
 0.829517 0.960765 0.991951 0.99839 0.99968
 0.829517 0.960765 0.991951 0.99839 0.99968
 0.829517 0.960765 0.991951 0.99839 0.99968
 0.829517 0.960765 0.991951 0.99839 0.99968
 0.829517 0.960765 0.991951 0.99839 0.99968
pf_obs 
 0.8446 0.082 0.0669 0.0065 0
 0.8095 0.147 0.0364 0.0071 0
 0.9664 0.0169 0.016 0.0007 0
 0.9276 0.0648 0.0075 0.0001 0
 0.7033 0.2144 0.0806 0.0017 0
 0.9318 0.0425 0.0243 0.0014 0
 0.5671 0.3108 0.0964 0.0239 0.0018
 0.0768 0.2599 0.5324 0.112 0.0189
 0.490249 0.384438 0.106611 0.0170017 0.00170017
 0.7925 0.1577 0.0466 0.003 0.0002
 0.840416 0.127587 0.0312969 0.00059994 9.999e-05
 0.8084 0.0986 0.0794 0.0134 0.0002
 0.7335 0.1905 0.0724 0.0035 0.0001
 0.4001 0.4547 0.1325 0.0127 0
 0.49795 0.308269 0.164784 0.0264974 0.00249975
 0.9179 0.0499 0.0305 0.0017 0
 0.2467 0.6533 0.0926 0.0074 0
 0.9418 0.0223 0.034 0.0019 0
 0.707729 0.231977 0.0356964 0.0245975 0
 0.517169 0.277429 0.184464 0.0207286 0.00020938
 0.811772 0.124168 0.05621 0.00726502 0.000585176
 0.764997 0.148141 0.077277 0.00933861 0.000247198
 0.163321 0.427699 0.378323 0.0303852 0.000271297
 0.753843 0.0900009 0.118128 0.0371064 0.000921714
 0.721811 0.176058 0.0630433 0.0369309 0.00215725
 0.143369 0.312575 0.442814 0.0836902 0.0175525
 0.692698 0.0596174 0.167031 0.0765114 0.00414204
 0.394062 0.376323 0.152708 0.0712218 0.00568511
 0.125707 0.32114 0.495352 0.0537591 0.00404204
 0.23352 0.215282 0.420074 0.123614 0.00750983
 0.796117 0.104755 0.0508955 0.0450114 0.00322123
pf_pred 
 0.4341 0.111577 0.430871 0.0234509 7.64112e-07
 0.411297 0.279648 0.0609358 0.235312 0.0128077
 0.552425 0.202993 0.116182 0.0253163 0.103083
 0.76144 0.141799 0.0438848 0.0251173 0.0277586
 0.647592 0.279214 0.0435059 0.0134644 0.016223
 0.734229 0.181769 0.0665549 0.0103703 0.00707645
 0.468235 0.407405 0.0850542 0.0311426 0.00816374
 0.433931 0.291443 0.210401 0.0439255 0.0202995
 0.509515 0.232401 0.132876 0.0959266 0.0292816
 0.666625 0.184346 0.070613 0.040373 0.0380433
 0.787932 0.149603 0.0345414 0.013231 0.0146931
 0.723521 0.22501 0.0363081 0.0083831 0.00677708
 0.670569 0.250123 0.0645439 0.0104149 0.00434868
 0.611282 0.275978 0.0855986 0.0220886 0.00505249
 0.712677 0.189118 0.0697224 0.0216254 0.00685684
 0.922639 0.057971 0.0127629 0.00470531 0.00192216
 0.414344 0.547452 0.0286284 0.00630282 0.00327291
 0.88683 0.051717 0.0574445 0.003004 0.00100479
 0.603644 0.35798 0.0175374 0.0194796 0.00135939
 0.596874 0.260575 0.128749 0.0063074 0.00749483
 0.741198 0.165436 0.0603504 0.0298189 0.00319667
 0.743091 0.198624 0.037258 0.0135916 0.00743545
 0.333395 0.517078 0.115604 0.021685 0.0122382
 0.74237 0.0958395 0.125499 0.0280579 0.00823342
 0.625955 0.289162 0.0315768 0.0413488 0.0119571
 0.444784 0.368834 0.144087 0.0157344 0.0265618
 0.73048 0.130968 0.0920408 0.0359561 0.0105548
 0.686714 0.238779 0.0362052 0.025444 0.0128576
 0.368096 0.455797 0.134225 0.0203521 0.0215305
 0.446283 0.225585 0.236684 0.0696999 0.0217487
 0.83096 0.0825555 0.0352339 0.0369675 0.0142833
pobs_RECLAS
 0 0 0 0 0
 0 0 0 0 0
 0 0 0 0 0
 0 0 0 0 0
 0 0 0 0 0
 0 0 0 0 0
 0 0 0 0 0
 0 0 0 0 0
 0 0 0 0 0
 0 0 0 0 0
 0.991045 0.00858322 0.000360255 1.14367e-05 0
 0.934742 0.0480273 0.0164251 0.00080598 0
 0.827803 0.169806 0.00239088 0 0
 0.941827 0.0461693 0.0120037 0 0
 0.791401 0.0380133 0.147996 0.0225897 0
 0.846168 0.0940531 0.0597789 0 0
 0.134021 0.677848 0.182769 0.00536245 0
 0.80878 0.0450904 0.141981 0.00414843 0
 0.846168 0.0940531 0.0597789 0 0
 0.905697 0.0802665 0.012482 0.00150086 5.37128e-05
 0.989698 0.0102097 9.19794e-05 0 0
 0.975433 0.0193895 0.00387452 0.00125025 5.28907e-05
 0.303575 0.632131 0.0575291 0.00676475 0
 0.966965 0.00978017 0.0227588 0.000495775 0
 0.843318 0.132988 0.00938335 0.0141283 0.000182051
 0.564624 0.303363 0.111486 0.0197234 0.00080311
 0.826376 0.0876187 0.0782897 0.00655872 0.00115652
 0.89761 0.0855135 0.0140674 0.00269457 0.000114338
 0.34875 0.467042 0.161289 0.0227151 0.000203297
 0.318654 0.224769 0.449479 0.00709798 0
 0.937255 0.0296025 0.0250945 0.00804832 0
ppred_RECLAS
 0.473195 0.103869 0.401104 0.0218309 7.11324e-07
 0.450269 0.261135 0.0569018 0.219734 0.0119598
 0.591314 0.185355 0.106087 0.0231166 0.0941266
 0.789304 0.125237 0.0387591 0.0221836 0.0245164
 0.682658 0.251432 0.0391769 0.0121247 0.0146088
 0.764028 0.161389 0.0590925 0.00920753 0.00628301
 0.508645 0.376445 0.0785907 0.028776 0.00754336
 0.472861 0.2714 0.195931 0.0409047 0.0189034
 0.549219 0.213589 0.122119 0.0881614 0.0269113
 0.701303 0.16517 0.0632677 0.0361733 0.034086
 0.813046 0.131886 0.0304508 0.0116641 0.0129531
 0.754693 0.199641 0.0322145 0.00743793 0.00601299
 0.705188 0.223839 0.0577613 0.00932048 0.00389169
 0.649778 0.248647 0.0771214 0.0199011 0.00455212
 0.744645 0.168077 0.061965 0.0192193 0.00609394
 0.933388 0.0499161 0.0109895 0.00405152 0.00165508
 0.453441 0.510905 0.0267172 0.00588206 0.00305442
 0.901868 0.0448449 0.0498113 0.00260483 0.000871273
 0.641445 0.323839 0.0158649 0.0176218 0.00122975
 0.634797 0.236062 0.116637 0.00571404 0.00678978
 0.770568 0.146662 0.0535016 0.0264349 0.00283389
 0.772468 0.175912 0.0329976 0.0120374 0.00658521
 0.369499 0.489073 0.109343 0.0205105 0.0115754
 0.771449 0.085022 0.111334 0.024891 0.00730411
 0.662204 0.261139 0.0285167 0.0373417 0.0107983
 0.484031 0.342762 0.133901 0.0146222 0.0246842
 0.760474 0.116393 0.0817979 0.0319547 0.00938021
 0.719661 0.213667 0.0323976 0.0227681 0.0115054
 0.405526 0.428798 0.126275 0.0191466 0.0202552
 0.485702 0.209525 0.219835 0.064738 0.0202004
 0.852073 0.072244 0.0308331 0.0323502 0.0124993
pobs_PELACES
 0 0 0 0 0
 0 0 0 0 0
 0 0 0 0 0
 0 0 0 0 0
 0 0 0 0 0
 0 0 0 0 0
 0 0 0 0 0
 0 0 0 0 0
 0 0 0 0 0
 0 0 0 0 0
 0 0 0 0 0
 0 0 0 0 0
 0 0 0 0 0
 0 0 0 0 0
 0 0 0 0 0
 0 0 0 0 0
 0.505614 0.472636 0.0217494 0 0
 0 0 0 0 0
 0.443492 0.261883 0.143347 0.151278 0
 0.227955 0.32914 0.350689 0.0885471 0.00366901
 0.970185 0.0296113 0.000203453 0 0
 0.997202 0.00247181 0.000326279 0 0
 0.445219 0.490057 0.0546422 0.010081 0
 0.90214 0.0892962 0.00764917 0.000914606 0
 0 0 0 0 0
 0.581667 0.319106 0.0959925 0.00289975 0.000334073
 0.762889 0.0836404 0.116647 0.0363945 0.000428098
 0.88444 0.0763242 0.0277011 0.0115352 0
 0.521256 0.241999 0.230069 0.00667565 0
 0.616807 0.101726 0.260614 0.0208532 0
 0.833518 0.0704572 0.0857862 0.0102388 0
ppred_PELACES
 0.43159 0.109196 0.435363 0.0238493 7.78095e-07
 0.411576 0.274063 0.0616572 0.239643 0.0130603
 0.552597 0.198942 0.11756 0.0257827 0.105118
 0.763348 0.138613 0.0442912 0.0255144 0.0282339
 0.649234 0.275881 0.0443818 0.0138247 0.0166786
 0.735959 0.178668 0.0675429 0.0105925 0.00723745
 0.47403 0.399724 0.0861595 0.0317522 0.00833427
 0.433046 0.287145 0.214026 0.0449725 0.0208101
 0.510483 0.227647 0.134382 0.0976439 0.0298444
 0.66899 0.180113 0.0712309 0.0409907 0.0386753
 0.78852 0.147632 0.0351929 0.013568 0.0150869
 0.72847 0.219568 0.03658 0.0085007 0.00688104
 0.675331 0.244519 0.065146 0.0105803 0.00442344
 0.619143 0.267746 0.0857409 0.0222689 0.00510032
 0.716687 0.184305 0.0701538 0.0219004 0.00695302
 0.92408 0.0563976 0.0128195 0.00475687 0.00194573
 0.419101 0.541795 0.0292523 0.00648197 0.00337029
 0.887292 0.0506014 0.0580298 0.00305431 0.00102293
 0.609565 0.351402 0.017774 0.0198706 0.00138847
 0.600363 0.255324 0.130249 0.00642233 0.00764126
 0.743022 0.162229 0.0611015 0.030386 0.00326167
 0.746428 0.194498 0.0376682 0.0138304 0.00757589
 0.335864 0.511254 0.118012 0.0222804 0.0125905
 0.741649 0.094097 0.127217 0.0286266 0.00841115
 0.628113 0.28511 0.0321448 0.0423659 0.0122671
 0.44592 0.363904 0.146775 0.016132 0.0272683
 0.730437 0.128686 0.0933727 0.0367133 0.010791
 0.688417 0.235458 0.0368605 0.0260726 0.0131923
 0.369644 0.450384 0.136937 0.020898 0.0221366
 0.445909 0.221225 0.239644 0.0710298 0.0221922
 0.830984 0.0810241 0.0357028 0.0377027 0.0145862
pobs_pel_tallas
 0 0 0 0 0 0 0 0 0 0 0 0 0 0 0 0 0 0 0 0 0 0 0 0 0 0
 0 0 0 0 0 0 0 0 0 0 0 0 0 0 0 0 0 0 0 0 0 0 0 0 0 0
 0 0 0 0 0 0 0 0 0 0 0 0 0 0 0 0 0 0 0 0 0 0 0 0 0 0
 0 0 0 0 0 0 0 0 0 0 0 0 0 0 0 0 0 0 0 0 0 0 0 0 0 0
 0 0 0 0 0 0 0 0 0 0 0 0 0 0 0 0 0 0 0 0 0 0 0 0 0 0
 0 0 0 0 0 0 0 0 0 0 0 0 0 0 0 0 0 0 0 0 0 0 0 0 0 0
 0 0 0 0 0 0 0 0 0 0 0 0 0 0 0 0 0 0 0 0 0 0 0 0 0 0
 0 0 0 0 0 0 0 0 0 0 0 0 0 0 0 0 0 0 0 0 0 0 0 0 0 0
 0 0 0 0 0 0 0 0 0 0 0 0 0 0 0 0 0 0 0 0 0 0 0 0 0 0
 0 0 0 0 0 0 0 0 0 0 0 0 0 0 0 0 0 0 0 0 0 0 0 0 0 0
 0 0 0 0 0 0 0 0 0 0 0 0 0 0 0 0 0 0 0 0 0 0 0 0 0 0
 0 0 0 0 0 0 0 0 0 0 0 0 0 0 0 0 0 0 0 0 0 0 0 0 0 0
 0.00862536 0 0 0.000197151 0.00414017 0.0128641 0.00837892 0.0270097 0.101434 0.158115 0.152841 0.127902 0.109271 0.109419 0.0830992 0.0579132 0.0238553 0.00714673 0.00463305 0.00128148 0.00103504 0.000492878 0.000147863 0.000147863 4.92878e-05 0
 0 0 0 0 0 0 0 0 0 0 0 0 0 0 0 0 0 0 0 0 0 0 0 0 0 0
 0 0 0 0 0 0 0 0.0054083 0.00873648 0.0413646 0.0450493 0.0745869 0.0622846 0.0627006 0.0613931 0.0827291 0.12552 0.122667 0.0946155 0.0697135 0.0546179 0.0294188 0.0215738 0.0213955 0.0102223 0.00600262
 0 0 0 0 0.00359764 0.0251062 0.0480494 0.140153 0.205849 0.193036 0.1447 0.116669 0.0760912 0.0342217 0.00950174 0.001854 0.000860785 0 0 0 0.000165536 0 0.000143464 0 0 0
 0 0 0 0 0 0 0 0.000145254 0.000435761 0.0275982 0.070085 0.0708112 0.156366 0.174668 0.174014 0.160142 0.0824315 0.0480064 0.0283245 0.00493863 0.00203355 0 0 0 0 0
 0 0 0 0 0 0 0 0 0 0 0 0 0 0 0 0 0 0 0 0 0 0 0 0 0 0
 0 0 1.00437e-05 0.000401748 0.00122533 0.00171747 0.00176769 0.0269171 0.070346 0.194647 0.189555 0.159765 0.064822 0.0314167 0.0384472 0.0292271 0.0345202 0.0313363 0.0194345 0.0106764 0.0143323 0.0359363 0.0279516 0.0138201 0.00172751 0
 0 0.0021121 0.0136068 0.0755702 0.200478 0.177729 0.0527432 0.0373336 0.0318909 0.0142505 0.0149659 0.0166563 0.0217959 0.0798694 0.0677717 0.0528807 0.04013 0.0224614 0.0357745 0.0225083 0.00881397 0.00855152 0.00135912 0.000746735 0 0
 0 0 0 0 5.4009e-05 0.00500934 0.000945158 0.0243581 0.138947 0.33067 0.221406 0.137944 0.0707744 0.0437923 0.0131692 0.00525238 0.0047753 0.00276346 9.45158e-05 9.00151e-06 2.25038e-05 9.00151e-06 4.50075e-06 0 0 0
 0.000866109 0.00284123 0.00948549 0.0512746 0.133035 0.25785 0.225252 0.132002 0.0553304 0.0519788 0.0540692 0.017754 0.00435017 0.00159236 0.00146478 0.000404838 0.000125132 0.000115318 0.000107957 0.000100596 0 0 0 0 0 0
 0 0 0 0 0.00144013 0.00171154 0.00461396 0.0210425 0.0478622 0.0707936 0.0888783 0.103762 0.0637923 0.0337046 0.0602308 0.124433 0.169614 0.0934646 0.0462172 0.0250306 0.0313229 0.00938855 0.002487 0.000210481 0 0
 0 0.00764035 0.051015 0.0998891 0.058973 0.0496711 0.0374665 0.0718981 0.12319 0.153886 0.159021 0.0857701 0.0377988 0.023471 0.0147837 0.00900784 0.00315554 0.000888139 0.00291439 0.00214683 0.00393193 0.00274676 0.000635225 9.99891e-05 0 0
 0 0 0 0 0 0 0 0 0 0 0 0 0 0 0 0 0 0 0 0 0 0 0 0 0 0
 0 0 0 0 0 0 0 0 0 0 0 0 0 0 0 0 0 0 0 0 0 0 0 0 0 0
 0 0 0 0 0 0 0 0 0 0 0 0 0 0 0 0 0 0 0 0 0 0 0 0 0 0
 0 0 0 0 0 0 0 0 0 0 0 0 0 0 0 0 0 0 0 0 0 0 0 0 0 0
 0 0 0 0 0 0 0 0 0 0 0 0 0 0 0 0 0 0 0 0 0 0 0 0 0 0
 0 0 0 0 0 0 0 0 0 0 0 0 0 0 0 0 0 0 0 0 0 0 0 0 0 0
 0 0 0 0 0 0 0 0 0 0 0 0 0 0 0 0 0 0 0 0 0 0 0 0 0 0
ppred_pel_tallas
 1.14984e-16 3.55496e-05 0.000345554 0.00229633 0.0104388 0.032479 0.0692004 0.101002 0.101014 0.0692553 0.0326654 0.0109853 0.00369966 0.00351276 0.00635391 0.011237 0.0180157 0.0264589 0.036208 0.0468666 0.0578283 0.0679047 0.0752145 0.0777186 0.0742065 0.0650573
 1.28093e-16 3.3901e-05 0.00032953 0.00218984 0.00995473 0.030973 0.0659923 0.0963232 0.0963497 0.066122 0.031409 0.0112157 0.0053621 0.00727938 0.0133101 0.0221668 0.0324747 0.0420866 0.048949 0.0524019 0.0536741 0.0550055 0.05802 0.0625944 0.0669658 0.0688167
 1.23819e-16 4.55167e-05 0.000442439 0.00294016 0.0133656 0.0415853 0.0886027 0.129322 0.129342 0.0886973 0.0419034 0.0142865 0.00526026 0.00553579 0.0098043 0.0163659 0.0241249 0.0315424 0.0371183 0.0402828 0.0417518 0.0429509 0.0449526 0.0477648 0.050415 0.0515974
 1.08651e-16 6.2876e-05 0.000611177 0.00406149 0.0184629 0.0574451 0.122393 0.178639 0.178653 0.122459 0.0576654 0.0190998 0.00566286 0.00411607 0.00674667 0.0111281 0.0162043 0.0207729 0.02367 0.0244093 0.0234785 0.0219777 0.0208854 0.0205235 0.0205477 0.0203236
 1.05561e-16 5.34766e-05 0.000519811 0.00345433 0.0157029 0.0488577 0.104097 0.151939 0.151966 0.104227 0.0492942 0.0169639 0.00662037 0.0074337 0.0131915 0.0217437 0.031367 0.039556 0.043799 0.0429574 0.0379455 0.0310981 0.0247474 0.0201157 0.0171666 0.0151822
 1.04282e-16 6.062e-05 0.000589248 0.00391576 0.0178005 0.055384 0.118002 0.172231 0.172249 0.118087 0.055668 0.0186215 0.00597996 0.00510634 0.00867152 0.0143238 0.0208246 0.0265988 0.0300723 0.0305059 0.0283942 0.0250477 0.0217168 0.018968 0.0166865 0.0144953
 1.07184e-16 3.90453e-05 0.000379534 0.00252214 0.0114653 0.035673 0.0760065 0.110942 0.11098 0.0761951 0.0363062 0.0132949 0.00711743 0.01042 0.0191343 0.0316412 0.0457433 0.0578791 0.0644394 0.0637647 0.0571082 0.0477147 0.0387896 0.0319604 0.0271308 0.0233528
 1.14282e-16 3.56695e-05 0.00034672 0.00230408 0.010474 0.0325887 0.0694348 0.101348 0.101376 0.0695715 0.0330487 0.0118063 0.0056622 0.0077235 0.0141808 0.0237418 0.0350289 0.0457975 0.0537436 0.057767 0.0584835 0.0574875 0.0560202 0.0541938 0.0512756 0.0465595
 1.1878e-16 4.20478e-05 0.00040872 0.00271609 0.012347 0.0384161 0.0818504 0.119468 0.11949 0.0819586 0.0387802 0.0134012 0.00537231 0.00624084 0.0112186 0.018748 0.0276458 0.0361536 0.0425301 0.0460617 0.0474548 0.0481793 0.0492937 0.05071 0.0513869 0.0501267
 1.12758e-16 5.51039e-05 0.000535629 0.00355945 0.0161807 0.0503444 0.107265 0.15656 0.156577 0.10735 0.0506311 0.0170101 0.00564598 0.00510639 0.00878343 0.0145616 0.021281 0.0274376 0.0315585 0.0330341 0.0324838 0.0312724 0.0305608 0.0306384 0.0309495 0.0306187
 1.04968e-16 6.49494e-05 0.000631331 0.00419542 0.0190718 0.0593394 0.126429 0.18453 0.184545 0.126499 0.0595734 0.0197481 0.00589465 0.00434565 0.00713376 0.0117301 0.0169865 0.0215685 0.0241685 0.0242048 0.0221654 0.0192538 0.0166265 0.0148178 0.0136917 0.0127843
 1.03129e-16 6.00032e-05 0.000583252 0.00387592 0.0176194 0.0548205 0.116802 0.17048 0.170501 0.116905 0.0551679 0.018623 0.00639557 0.00608536 0.0105145 0.017301 0.0249486 0.0314416 0.0347665 0.0339972 0.0298384 0.0241301 0.0187267 0.0146273 0.0118597 0.00992986
 1.03753e-16 5.56262e-05 0.000540706 0.00359318 0.0163341 0.0508216 0.108282 0.158045 0.158069 0.108397 0.0512093 0.0174545 0.00640779 0.00669275 0.0117621 0.0194162 0.028102 0.0356256 0.0397778 0.0395243 0.0355861 0.0298836 0.0243183 0.0198638 0.0164995 0.0137387
 1.0564e-16 5.09981e-05 0.000495719 0.00329423 0.0149751 0.0465933 0.0992729 0.144897 0.144923 0.0993994 0.0470183 0.0162038 0.00638234 0.00724993 0.0129163 0.0213718 0.0310146 0.039491 0.0444239 0.0447048 0.0411078 0.0356643 0.030334 0.0260392 0.022637 0.0195391
 1.05445e-16 5.90326e-05 0.000573818 0.00381322 0.0173344 0.0539338 0.114912 0.167722 0.167739 0.114999 0.0542268 0.0181817 0.00594371 0.00523695 0.00895139 0.0148004 0.0215394 0.0275616 0.0312636 0.0319048 0.0300111 0.0269318 0.0239255 0.0215149 0.0195007 0.0174188
 1.01191e-16 7.61153e-05 0.000739868 0.00491668 0.0223505 0.0695408 0.148164 0.216251 0.216257 0.148191 0.0696302 0.0226088 0.00556534 0.00215738 0.00277263 0.00447495 0.00646678 0.0081916 0.00913866 0.00907603 0.00818131 0.0069104 0.00571046 0.00480333 0.00416659 0.00365886
 1.02204e-16 3.45209e-05 0.000335555 0.00222989 0.0101368 0.0315395 0.0672002 0.0980916 0.0981438 0.067455 0.0323947 0.0126057 0.00842343 0.0138436 0.0256517 0.0422558 0.0606401 0.0757775 0.0825671 0.0786579 0.0658746 0.0490385 0.0331658 0.0212001 0.0135677 0.00916883
 1.02168e-16 7.3085e-05 0.000710413 0.00472094 0.0214607 0.0667723 0.142266 0.207642 0.207647 0.14229 0.066854 0.0216976 0.00531936 0.00202927 0.00261441 0.00430156 0.00641013 0.00851863 0.0102333 0.0113453 0.0119008 0.0120734 0.0119602 0.0114974 0.010556 0.00910709
 1.02831e-16 5.02091e-05 0.00048805 0.00324327 0.0147434 0.0458725 0.0977375 0.142658 0.142692 0.0979027 0.0464272 0.0163451 0.00726132 0.00925229 0.0166742 0.0274322 0.039388 0.0492764 0.0538134 0.0515054 0.0435624 0.0331169 0.0233904 0.0162151 0.0117579 0.0091946
 1.05762e-16 4.94512e-05 0.000480683 0.00319431 0.0145209 0.04518 0.0962616 0.140502 0.140527 0.0963827 0.0455868 0.0156977 0.00615518 0.00696729 0.0124359 0.0206553 0.0301549 0.0387602 0.0442529 0.0455542 0.0432711 0.0391009 0.03463 0.0305277 0.0266239 0.022528
 1.05405e-16 6.12017e-05 0.000594903 0.00395334 0.0179713 0.0559155 0.119134 0.173884 0.173899 0.119211 0.0561735 0.0187173 0.00582928 0.00470149 0.00789416 0.0130432 0.0189955 0.0243396 0.0276786 0.0283775 0.026912 0.0244684 0.0221304 0.0203098 0.0187675 0.0170369
 1.03806e-16 6.14823e-05 0.00059763 0.00397146 0.0180537 0.0561719 0.119681 0.174682 0.1747 0.119772 0.0564798 0.0189435 0.00620596 0.00547892 0.00934198 0.0153737 0.0222049 0.0280626 0.0311847 0.0307678 0.0274379 0.0228016 0.0184506 0.0151998 0.0130029 0.0113721
 1.07902e-16 2.76647e-05 0.000268911 0.00178701 0.00812353 0.0252756 0.0538541 0.078612 0.0786613 0.0540953 0.0260856 0.0104641 0.00766565 0.013114 0.0244578 0.0404816 0.0585272 0.0740493 0.0824134 0.0814634 0.0727585 0.0604118 0.0485184 0.0392092 0.0324661 0.0272088
 1.0799e-16 6.10886e-05 0.000593803 0.00394603 0.0179381 0.0558121 0.118914 0.17356 0.17357 0.118959 0.0559648 0.0183815 0.0050682 0.00307366 0.00485947 0.00816945 0.0123072 0.0166209 0.0204647 0.0235152 0.0258668 0.0277587 0.0291852 0.0297681 0.0290019 0.0266399
 1.07326e-16 5.17369e-05 0.000502901 0.00334195 0.0151921 0.0472683 0.100711 0.146996 0.147024 0.100845 0.0477191 0.0164944 0.00661135 0.00764119 0.0136128 0.0224364 0.0323546 0.0407878 0.0451644 0.0443548 0.0393698 0.0326841 0.0267269 0.0227022 0.0204289 0.0189775
 1.10562e-16 3.67299e-05 0.000357028 0.00237258 0.0107854 0.0335576 0.0714994 0.104363 0.104398 0.0716716 0.0341363 0.0124587 0.0065803 0.00956724 0.0176013 0.0292306 0.0425498 0.0544433 0.0617344 0.0629353 0.0590544 0.0527369 0.0464821 0.041382 0.0371379 0.0329282
 1.08236e-16 6.01651e-05 0.000584826 0.00388638 0.0176669 0.0549684 0.117116 0.170937 0.17095 0.117178 0.0551746 0.0182642 0.00539206 0.00389315 0.00640658 0.0106632 0.0157498 0.0206438 0.0243396 0.0263823 0.0270845 0.0271774 0.0271917 0.0270968 0.0264366 0.0247552
 1.05972e-16 5.6704e-05 0.000551184 0.00366281 0.0166506 0.0518064 0.11038 0.161107 0.16113 0.110491 0.052179 0.0177271 0.00636585 0.00645485 0.0112779 0.01858 0.0268232 0.0338762 0.037618 0.0371044 0.0331391 0.0277189 0.0228045 0.0193698 0.0172853 0.0158405
 1.09909e-16 3.04472e-05 0.000295958 0.00196675 0.00894057 0.0278177 0.0592701 0.0865155 0.0865591 0.0594828 0.0285323 0.0110064 0.00715794 0.0116476 0.0216457 0.0358845 0.0520369 0.066167 0.0742608 0.0744491 0.0680578 0.0585645 0.0493555 0.0420743 0.0365371 0.0317437
 1.17852e-16 3.6729e-05 0.000357019 0.00237251 0.0107851 0.0335566 0.0714967 0.104356 0.104378 0.0716028 0.0339137 0.0118211 0.00499006 0.00612801 0.0111646 0.0188399 0.0281729 0.0376163 0.0455824 0.05132 0.0552027 0.0580967 0.0603718 0.0614577 0.060279 0.0561017
 1.07301e-16 6.84471e-05 0.00066533 0.00442135 0.0200988 0.062535 0.133238 0.194466 0.194474 0.133276 0.0626642 0.0204728 0.00536293 0.00273023 0.00401857 0.00661226 0.00970619 0.0126179 0.0147188 0.0157691 0.0160634 0.0161934 0.016608 0.0173186 0.0179384 0.0179629
pSPR Fmed_Fpbrs
0.705488   0.199704 0.199704
Fs Fmed_Fpbrs
0.179122   1.005 1.005
SSBpbr Bo_Bmed_Bpbrs
2.22191e+06  1.45644e+06  332630 332630
Ro
214207
SPR SPRFo_SPRFmed_SPRFpbrs
1.52893e+06 1.07864e+06 305334
Fref
1.005
Nvult_r0
 265530 22990.6 9812.18 10295 3977.71
CTP_r0
 30022.2 2982.69 1272.98 1335.62 516.048
YTP_r0
391301
Np
 288819 44988.2 17125.9 1436.44 695.615
Nvult_p0
 243831 38930.1 14819.7 1243.01 601.943
CTP_p0
 112697 55163.4 4626.86 1974.7 2728.5
 112697 19513.6 7428.32 623.055 301.722
YTP_p0
 1.96583e+06 1.3502e+06
CBA_c0
1.78114e+06
log_Ro
12.0947
likeval ReclasPelacesDesembMPH_pf_preclas_ppelaces_ptallas_desvR_qrecl_qpela
 16.6251 17.4352 0.110403 0.000805695 240.881 120.185 98.7937 0 21.6904 5.98344e-06 0 0.561829 0 0 0
q_reclas_q_pelaces
0.707071 1
M
1
N
 229392 50723.5 195876 10660.9 0.347369
 131688 77388.5 16863.1 65119.1 3544.35
 130560 41452 23724.8 5169.68 21050
 255663 41308.3 12784.3 7317.05 8086.5
 204920 75920.1 11829.5 3661.07 4411.14
 329039 70324.3 25749.3 4012.13 2737.79
 138910 105394 22003.1 8056.46 2111.92
 66141 38108.2 27511.3 5743.56 2654.29
 58890.5 23251.9 13294.3 9597.53 2929.65
 75406.5 18115.8 6939.2 3967.49 3738.55
 134566 21943.3 5066.43 1940.68 2155.14
 171573 46527.1 7507.72 1733.44 1401.35
 144958 47088.2 12151 1960.72 818.682
 102195 40591 12589.9 3248.79 743.121
 104656 24218.1 8928.53 2769.31 878.075
 524601 28690.4 6316.46 2328.7 951.294
 129621 148149 7747.3 1705.64 885.701
 798200 40285.1 44746.6 2339.98 782.684
 477519 246332 12067.8 13404.2 935.421
 359318 136210 67300.9 3297.07 3917.78
 545623 105370 38438.5 18992.3 2036.03
 728778 169047 31709.8 11567.6 6328.22
 161235 215717 48228.2 9046.66 5105.59
 469748 52250.1 68419.9 15296.7 4488.72
 389408 155015 16927.8 22166.4 6410.01
 179651 128190 50078 5468.56 9231.68
 391022 60410.7 42454.9 16585.2 4868.54
 430245 128787 19527.6 13723.4 6934.85
 134878 143731 42326.8 6417.86 6789.47
 103823 45269.9 47497.3 13987.3 4364.48
 392709 33657.8 14364.8 15071.6 5823.28
pred_Ctot
 12113.3 3113.5 12023.2 654.385 0.0213221
 12170.7 8275.08 1803.15 6963.12 378.993
 11693.6 4296.93 2459.33 535.891 2182.05
 31706.5 5904.54 1827.37 1045.89 1155.87
 8746.61 3771.17 587.606 181.855 219.114
 27201.9 6734.24 2465.74 384.201 262.17
 22866.3 19895.6 4153.63 1520.85 398.677
 1862.63 1251.01 903.138 188.549 87.1346
 6187.47 2822.24 1613.62 1164.92 355.591
 10153.2 2807.74 1075.49 614.914 579.431
 5141.5 976.206 225.394 86.3362 95.8771
 28207.6 8772.38 1415.53 326.828 264.215
 22375.2 8346 2153.67 347.521 145.105
 23818.4 10753.4 3335.32 860.674 196.868
 17264.7 4581.39 1689.03 523.876 166.107
 78724.9 4946.43 1089 401.485 164.01
 12891.2 17032.5 890.696 196.095 101.828
 82465.1 4809.09 5341.69 279.338 93.4339
 69220.3 41049.9 2011.03 2233.75 155.883
 46935.6 20490.5 10124.2 495.986 589.361
 55197.8 12320.2 4494.36 2220.64 238.059
 91621 24489.8 4593.81 1675.8 916.77
 12265.8 19023.6 4253.13 797.803 450.25
 30850.7 3982.8 5215.36 1166 342.157
 26122.8 12067.5 1317.78 1725.6 499.002
 9830.32 8151.73 3184.51 347.751 587.052
 26115.2 4682.21 3290.52 1285.46 377.342
 25193.6 8760.12 1328.27 933.467 471.709
 7529.26 9323.16 2745.53 416.295 440.4
 7875.76 3980.99 4176.87 1230.03 383.808
 30022.2 2982.69 1272.98 1335.62 516.048
F
 0.0865919 0.101262 0.101262 0.101262 0.101262
 0.155903 0.182316 0.182316 0.182316 0.182316
 0.150772 0.176315 0.176315 0.176315 0.176315
 0.21418 0.250466 0.250466 0.250466 0.250466
 0.069501 0.0812757 0.0812757 0.0812757 0.0812757
 0.138472 0.161932 0.161932 0.161932 0.161932
 0.293399 0.343106 0.343106 0.343106 0.343106
 0.0454008 0.0530924 0.0530924 0.0530924 0.0530924
 0.178895 0.209202 0.209202 0.209202 0.209202
 0.234432 0.274149 0.274149 0.274149 0.274149
 0.0620222 0.0725298 0.0725298 0.0725298 0.0725298
 0.292985 0.342622 0.342622 0.342622 0.342622
 0.272897 0.31913 0.31913 0.31913 0.31913
 0.439787 0.514294 0.514294 0.514294 0.514294
 0.294114 0.343942 0.343942 0.343942 0.343942
 0.264419 0.309217 0.309217 0.309217 0.309217
 0.168634 0.197204 0.197204 0.197204 0.197204
 0.175681 0.205444 0.205444 0.205444 0.205444
 0.254404 0.297504 0.297504 0.297504 0.297504
 0.226729 0.265141 0.265141 0.265141 0.265141
 0.171753 0.200851 0.200851 0.200851 0.200851
 0.2174 0.254232 0.254232 0.254232 0.254232
 0.126819 0.148305 0.148305 0.148305 0.148305
 0.108674 0.127086 0.127086 0.127086 0.127086
 0.111116 0.12994 0.12994 0.12994 0.12994
 0.0898487 0.105071 0.105071 0.105071 0.105071
 0.110602 0.12934 0.12934 0.12934 0.12934
 0.0964089 0.112742 0.112742 0.112742 0.112742
 0.0917316 0.107273 0.107273 0.107273 0.107273
 0.126439 0.14786 0.14786 0.14786 0.14786
 0.127478 0.149075 0.149075 0.149075 0.149075
YTP_r0W_actual
 249184 42055.9 35134.3 45678.2 19248.6
YTP_p0W_proyectada
 844101 864411 107019 57997 92305.2
 844101 305778 171817 18299.1 10207.3
CTP_r0_actual
 30022.2 2982.69 1272.98 1335.62 516.048
CTP_p0_proyectada
 112697 55163.4 4626.86 1974.7 2728.5
 112697 19513.6 7428.32 623.055 301.722
Wmedp
 7.49 15.67 23.13 29.37 33.83
Frms_r0
 0.127478 0.149075 0.149075 0.149075 0.149075
Zrms_r0
 1.12748 1.14908 1.14908 1.14908 1.14908
nmprior
 8.19 8.8 8.5 0
nm_flota  nm_reclas  nm_pelaces    nm_pelaL
inf 11.6281 14.9099 33.5363
cv_recla  cv_pelaces  cv_mph
0.368814 0.473463 0.875973
 ------------------------------------------------
Talla a la edad & desviaci?n 
 8 13.2811 15.8009 17.003 17.5766
 0.8 1.32811 1.58009 1.7003 1.75766
