years
 1991 1992 1993 1994 1995 1996 1997 1998 1999 2000 2001 2002 2003 2004 2005 2006 2007 2008 2009 2010 2011 2012 2013 2014 2015 2016 2017 2018 2019 2020 2021
reclasobs
 0 0 0 0 0 0 0 0 0 252601 567819 844713 477998 351125 339783 2.1784e+06 2.13404e+06 4.81314e+06 1.55562e+06 2.62356e+06 3.21686e+06 3.843e+06 1.13348e+06 3.07943e+06 1.97215e+06 2.03268e+06 2.025e+06 2.42433e+06 2.27542e+06 1.05018e+06 2.36338e+06
reclaspred
 5.40517e+06 3.18603e+06 1.63973e+06 1.98775e+06 2.50321e+06 3.51081e+06 2.6939e+06 2.29508e+06 1.56166e+06 1.05237e+06 786374 839820 816212 692953 729322 1.36359e+06 1.64612e+06 2.86152e+06 2.57056e+06 2.02339e+06 3.51583e+06 2.78994e+06 2.52858e+06 3.47856e+06 2.82728e+06 2.63827e+06 2.82471e+06 2.74258e+06 2.66818e+06 1.89752e+06 2.63738e+06
pelacesobs
 0 0 0 0 0 0 0 0 0 0 0 0 0 0 0 552880 188675 0 991730 2.46772e+06 1.41603e+06 1.21717e+06 2.29649e+06 1.80582e+06 0 1.4828e+06 1.56532e+06 1.57751e+06 1.42118e+06 867257 1.10002e+06
pelacespred
 2.70455e+06 1.77885e+06 941139 995606 1.2344e+06 1.80746e+06 1.40831e+06 1.293e+06 909554 594715 470184 410245 424773 390712 428028 668284 769853 1.50236e+06 1.42786e+06 1.04223e+06 1.67532e+06 1.53012e+06 1.32117e+06 1.99673e+06 1.5896e+06 1.43937e+06 1.77265e+06 1.75473e+06 1.33825e+06 1.05482e+06 1.54422e+06
mphobs
 0 0 0 0 0 0 0 0 0 0 0 498337 0 5186 125008 0 168611 109162 213762 579715 649985 157893 87575 83554 0 0 0 0 0 0 0
mphpred
 5.13831e+06 3.51171e+06 1.84949e+06 1.03558e+06 1.79184e+06 2.24233e+06 2.73457e+06 1.94753e+06 1.56208e+06 1.02792e+06 633461 635602 604866 532065 420390 564152 1.25493e+06 1.34899e+06 2.14136e+06 1.72122e+06 1.90673e+06 2.33403e+06 2.162e+06 1.92296e+06 2.60246e+06 2.16336e+06 1.86942e+06 1.91476e+06 2.47135e+06 1.79697e+06 1.30544e+06
desembarqueobs
 494567 514787 250237 358949 120608 361735 552515 73892 212993 205616 52469 317467 293654 387597 252695 516296 358380 742168 942051 627588 828172 859565 418607 520667 417249 300574 415391 372974 316634 284311 391294
desembarquepred
 494572 512370 251755 358955 120608 361749 552603 73894 213043 205674 52471.6 317587 293751 387727 252719 516336 358421 742148 942063 627586 828313 859730 418647 520715 417280 300592 415417 372988 316652 284336 391304
Reclutas
 276846 164013 155384 534423 408256 507542 209192 100313 75300.7 90961.6 136147 169572 156235 119091 130626 511447 161128 738156 511768 384675 556437 719012 197473 478950 411000 208137 407720 426799 163886 137630 471895
log_desv_Rt
 0.078278 -0.445238 -0.499283 0.736003 0.46671 0.684394 -0.201934 -0.936889 -1.22369 -1.03475 -0.631447 -0.411907 -0.493823 -0.7653 -0.672847 0.69206 -0.462984 1.05897 0.692687 0.407215 0.776368 1.03269 -0.25958 0.626411 0.473407 -0.206987 0.465396 0.511129 -0.446017 -0.620617 0.611573
SSB
 5.13831e+06 3.51171e+06 1.84949e+06 1.03558e+06 1.79184e+06 2.24233e+06 2.73457e+06 1.94753e+06 1.56208e+06 1.02792e+06 633461 635602 604866 532065 420390 564152 1.25493e+06 1.34899e+06 2.14136e+06 1.72122e+06 1.90673e+06 2.33403e+06 2.162e+06 1.92296e+06 2.60246e+06 2.16336e+06 1.86942e+06 1.91476e+06 2.47135e+06 1.79697e+06 1.30544e+06
BT
 6.77351e+06 4.69248e+06 2.46677e+06 2.89937e+06 3.13665e+06 4.89975e+06 3.84407e+06 3.22852e+06 2.41006e+06 1.64811e+06 1.22634e+06 1.30805e+06 1.35208e+06 1.41877e+06 1.38938e+06 2.2261e+06 2.17524e+06 4.65992e+06 4.52428e+06 3.14e+06 5.03182e+06 4.64453e+06 3.6007e+06 5.74752e+06 4.26441e+06 3.82621e+06 5.04794e+06 4.93115e+06 3.43927e+06 2.82667e+06 4.48554e+06
Ftot
 0.081576 0.143657 0.136017 0.139356 0.0392959 0.0829943 0.175006 0.0277346 0.117453 0.166173 0.0540275 0.298536 0.283541 0.426701 0.25874 0.274416 0.175471 0.195964 0.286414 0.247227 0.186329 0.241682 0.137541 0.116512 0.120794 0.0944629 0.115412 0.104812 0.101445 0.127677 0.112559
BD_Bspro_t
 0.987033 0.90173 0.794399 0.736012 0.799557 0.852535 0.842825 0.763114 0.790369 0.753476 0.714836 0.785375 0.6641 0.586244 0.509987 0.577737 0.660686 0.663016 0.705946 0.627575 0.606532 0.649556 0.658204 0.668386 0.756443 0.76467 0.77846 0.801626 0.827822 0.782742 0.751509
BD_Bspro
 2.808 1.91909 1.01072 0.565926 0.97921 1.22539 1.49439 1.06429 0.853649 0.561742 0.346176 0.347346 0.330549 0.290765 0.229736 0.308299 0.6858 0.737199 1.17021 0.940619 1.04199 1.27551 1.1815 1.05086 1.4222 1.18224 1.02161 1.04639 1.35055 0.982015 0.713401
BD_Bo
 2.02525 1.38413 0.728973 0.40817 0.706249 0.883808 1.07782 0.767613 0.615689 0.405153 0.249677 0.250521 0.238406 0.209712 0.165696 0.222359 0.494629 0.5317 0.84401 0.678416 0.751532 0.919951 0.852149 0.75793 1.02575 0.852684 0.736827 0.7547 0.974078 0.708272 0.514536
BD_Brms
 14.9298 10.2036 5.37387 3.00897 5.20636 6.51529 7.94554 5.65871 4.53876 2.98672 1.84058 1.8468 1.75749 1.54597 1.22148 1.63919 3.64632 3.91961 6.22191 5.00117 5.54017 6.78173 6.2819 5.58733 7.56168 6.28584 5.43177 5.56352 7.18074 5.22126 3.79308
Sel_flota
 0.928483 1 1 1 1
 0.928483 1 1 1 1
 0.928483 1 1 1 1
 0.928483 1 1 1 1
 0.928483 1 1 1 1
 0.928483 1 1 1 1
 0.928483 1 1 1 1
 0.928483 1 1 1 1
 0.928483 1 1 1 1
 0.928483 1 1 1 1
 0.928483 1 1 1 1
 0.928483 1 1 1 1
 0.928483 1 1 1 1
 0.928483 1 1 1 1
 0.928483 1 1 1 1
 0.928483 1 1 1 1
 0.928483 1 1 1 1
 0.928483 1 1 1 1
 0.928483 1 1 1 1
 0.928483 1 1 1 1
 0.928483 1 1 1 1
 0.928483 1 1 1 1
 0.928483 1 1 1 1
 0.928483 1 1 1 1
 0.928483 1 1 1 1
 0.928483 1 1 1 1
 0.928483 1 1 1 1
 0.928483 1 1 1 1
 0.928483 1 1 1 1
 0.928483 1 1 1 1
 0.928483 1 1 1 1
Sel_reclas
 0.659432 0.906929 0.980016 0.995965 0.999196
 0.659432 0.906929 0.980016 0.995965 0.999196
 0.659432 0.906929 0.980016 0.995965 0.999196
 0.659432 0.906929 0.980016 0.995965 0.999196
 0.659432 0.906929 0.980016 0.995965 0.999196
 0.659432 0.906929 0.980016 0.995965 0.999196
 0.659432 0.906929 0.980016 0.995965 0.999196
 0.659432 0.906929 0.980016 0.995965 0.999196
 0.659432 0.906929 0.980016 0.995965 0.999196
 0.659432 0.906929 0.980016 0.995965 0.999196
 0.659432 0.906929 0.980016 0.995965 0.999196
 0.659432 0.906929 0.980016 0.995965 0.999196
 0.659432 0.906929 0.980016 0.995965 0.999196
 0.659432 0.906929 0.980016 0.995965 0.999196
 0.659432 0.906929 0.980016 0.995965 0.999196
 0.659432 0.906929 0.980016 0.995965 0.999196
 0.659432 0.906929 0.980016 0.995965 0.999196
 0.659432 0.906929 0.980016 0.995965 0.999196
 0.659432 0.906929 0.980016 0.995965 0.999196
 0.659432 0.906929 0.980016 0.995965 0.999196
 0.659432 0.906929 0.980016 0.995965 0.999196
 0.659432 0.906929 0.980016 0.995965 0.999196
 0.659432 0.906929 0.980016 0.995965 0.999196
 0.659432 0.906929 0.980016 0.995965 0.999196
 0.659432 0.906929 0.980016 0.995965 0.999196
 0.659432 0.906929 0.980016 0.995965 0.999196
 0.659432 0.906929 0.980016 0.995965 0.999196
 0.659432 0.906929 0.980016 0.995965 0.999196
 0.659432 0.906929 0.980016 0.995965 0.999196
 0.659432 0.906929 0.980016 0.995965 0.999196
 0.659432 0.906929 0.980016 0.995965 0.999196
Sel_pelaces
 0.790526 1 1 1 1
 0.790526 1 1 1 1
 0.790526 1 1 1 1
 0.790526 1 1 1 1
 0.790526 1 1 1 1
 0.790526 1 1 1 1
 0.790526 1 1 1 1
 0.790526 1 1 1 1
 0.790526 1 1 1 1
 0.790526 1 1 1 1
 0.790526 1 1 1 1
 0.790526 1 1 1 1
 0.790526 1 1 1 1
 0.790526 1 1 1 1
 0.790526 1 1 1 1
 0.790526 1 1 1 1
 0.790526 1 1 1 1
 0.790526 1 1 1 1
 0.790526 1 1 1 1
 0.790526 1 1 1 1
 0.790526 1 1 1 1
 0.790526 1 1 1 1
 0.790526 1 1 1 1
 0.790526 1 1 1 1
 0.790526 1 1 1 1
 0.790526 1 1 1 1
 0.790526 1 1 1 1
 0.790526 1 1 1 1
 0.790526 1 1 1 1
 0.790526 1 1 1 1
 0.790526 1 1 1 1
pf_obs 
 0.8446 0.082 0.0669 0.0065 0
 0.8095 0.147 0.0364 0.0071 0
 0.9664 0.0169 0.016 0.0007 0
 0.9276 0.0648 0.0075 0.0001 0
 0.7033 0.2144 0.0806 0.0017 0
 0.9318 0.0425 0.0243 0.0014 0
 0.5671 0.3108 0.0964 0.0239 0.0018
 0.0768 0.2599 0.5324 0.112 0.0189
 0.490249 0.384438 0.106611 0.0170017 0.00170017
 0.7925 0.1577 0.0466 0.003 0.0002
 0.840416 0.127587 0.0312969 0.00059994 9.999e-05
 0.8084 0.0986 0.0794 0.0134 0.0002
 0.7335 0.1905 0.0724 0.0035 0.0001
 0.4001 0.4547 0.1325 0.0127 0
 0.49795 0.308269 0.164784 0.0264974 0.00249975
 0.9179 0.0499 0.0305 0.0017 0
 0.2467 0.6533 0.0926 0.0074 0
 0.9418 0.0223 0.034 0.0019 0
 0.707729 0.231977 0.0356964 0.0245975 0
 0.517169 0.277429 0.184464 0.0207286 0.00020938
 0.811772 0.124168 0.05621 0.00726502 0.000585176
 0.764997 0.148141 0.077277 0.00933861 0.000247198
 0.163321 0.427699 0.378323 0.0303852 0.000271297
 0.753843 0.0900009 0.118128 0.0371064 0.000921714
 0.721811 0.176058 0.0630433 0.0369309 0.00215725
 0.143369 0.312575 0.442814 0.0836902 0.0175525
 0.692698 0.0596174 0.167031 0.0765114 0.00414204
 0.394062 0.376323 0.152708 0.0712218 0.00568511
 0.125707 0.32114 0.495352 0.0537591 0.00404204
 0.23352 0.215282 0.420074 0.123614 0.00750983
 0.774587 0.0839891 0.0768558 0.0609784 0.00358967
pf_pred 
 0.454414 0.0909809 0.434552 0.0200523 7.29541e-07
 0.434151 0.268054 0.0496597 0.23719 0.0109454
 0.554626 0.202187 0.115203 0.0213425 0.106642
 0.85028 0.0859816 0.0289354 0.0164869 0.0183162
 0.653953 0.297667 0.0277833 0.00934993 0.011246
 0.686389 0.210405 0.088777 0.00828616 0.00614257
 0.442507 0.391843 0.111136 0.0468922 0.00762127
 0.397367 0.278859 0.22757 0.0645444 0.0316596
 0.447696 0.229508 0.149369 0.121896 0.051531
 0.614892 0.179977 0.0852413 0.055477 0.0644125
 0.73676 0.16688 0.0450329 0.0213286 0.029998
 0.714639 0.214398 0.0449873 0.0121399 0.0138365
 0.693647 0.224271 0.0616702 0.0129403 0.00747194
 0.643197 0.253937 0.0753044 0.0207073 0.00685392
 0.733545 0.176988 0.0636742 0.0188824 0.00691091
 0.904729 0.0714429 0.0158276 0.00569424 0.00230664
 0.484601 0.469987 0.0340536 0.00754433 0.00381366
 0.873598 0.0638347 0.0570542 0.00413395 0.00137881
 0.651245 0.307755 0.0207057 0.0185064 0.00178815
 0.625695 0.251024 0.108788 0.00731924 0.00717388
 0.748739 0.162149 0.0597622 0.0258995 0.00345043
 0.748887 0.191819 0.0382647 0.014103 0.00692617
 0.399713 0.458893 0.108008 0.0215458 0.0118409
 0.745198 0.106778 0.113158 0.0266336 0.00823281
 0.647935 0.267545 0.0354193 0.0375358 0.0115656
 0.488397 0.340629 0.129928 0.0172007 0.0238452
 0.733386 0.135424 0.0873473 0.0333173 0.0105254
 0.688294 0.233331 0.0398098 0.025677 0.0128882
 0.430272 0.401606 0.125849 0.0214718 0.0208006
 0.51243 0.219214 0.189166 0.059278 0.0199113
 0.838791 0.0858098 0.0338999 0.0292531 0.012246
pobs_RECLAS
 0 0 0 0 0
 0 0 0 0 0
 0 0 0 0 0
 0 0 0 0 0
 0 0 0 0 0
 0 0 0 0 0
 0 0 0 0 0
 0 0 0 0 0
 0 0 0 0 0
 0 0 0 0 0
 0.991045 0.00858322 0.000360255 1.14367e-05 0
 0.934742 0.0480273 0.0164251 0.00080598 0
 0.827803 0.169806 0.00239088 0 0
 0.941827 0.0461693 0.0120037 0 0
 0.791401 0.0380133 0.147996 0.0225897 0
 0.846168 0.0940531 0.0597789 0 0
 0.134021 0.677848 0.182769 0.00536245 0
 0.80878 0.0450904 0.141981 0.00414843 0
 0.846168 0.0940531 0.0597789 0 0
 0.905697 0.0802665 0.012482 0.00150086 5.37128e-05
 0.989698 0.0102097 9.19794e-05 0 0
 0.975433 0.0193895 0.00387452 0.00125025 5.28907e-05
 0.303575 0.632131 0.0575291 0.00676475 0
 0.966965 0.00978017 0.0227588 0.000495775 0
 0.843318 0.132988 0.00938335 0.0141283 0.000182051
 0.564624 0.303363 0.111486 0.0197234 0.00080311
 0.826376 0.0876187 0.0782897 0.00655872 0.00115652
 0.89761 0.0855135 0.0140674 0.00269457 0.000114338
 0.34875 0.467042 0.161289 0.0227151 0.000203297
 0.318654 0.224769 0.449479 0.00709798 0
 0.937255 0.0296025 0.0250945 0.00804832 0
ppred_RECLAS
 0.379325 0.0969312 0.500282 0.023461 8.56328e-07
 0.364141 0.286823 0.057419 0.278714 0.0129033
 0.481781 0.224073 0.137962 0.0259748 0.130209
 0.810789 0.104599 0.0380375 0.0220258 0.024549
 0.593841 0.345087 0.0348049 0.0119035 0.0143638
 0.625346 0.244656 0.111548 0.0105809 0.00786913
 0.377618 0.426486 0.13071 0.0560483 0.00913895
 0.33048 0.296103 0.261116 0.0752639 0.0370374
 0.376296 0.246144 0.173106 0.143566 0.0608888
 0.544068 0.203124 0.103957 0.0687585 0.0800924
 0.67967 0.196522 0.0573052 0.0275827 0.0389202
 0.657954 0.2515 0.0570252 0.0156387 0.0178822
 0.634656 0.261481 0.0776966 0.0165685 0.00959793
 0.580275 0.29153 0.0934195 0.0261066 0.00866908
 0.677353 0.208302 0.0809791 0.024405 0.00896112
 0.87942 0.0884992 0.0211863 0.00774616 0.00314802
 0.422532 0.52266 0.040922 0.00921349 0.00467254
 0.83891 0.0781715 0.0754986 0.00555939 0.00186025
 0.591868 0.356403 0.0259112 0.0235358 0.00228148
 0.56074 0.286759 0.13429 0.00918204 0.00902888
 0.693913 0.19165 0.0763276 0.0336169 0.0044931
 0.696258 0.227338 0.0490047 0.0183553 0.00904376
 0.338482 0.495771 0.126091 0.0255624 0.0140939
 0.685955 0.125416 0.143621 0.0343537 0.0106536
 0.585307 0.308378 0.0441151 0.0475121 0.014687
 0.421063 0.374776 0.154473 0.0207829 0.0289047
 0.674001 0.158809 0.110685 0.0429062 0.0135986
 0.628553 0.271909 0.0501305 0.03286 0.0165471
 0.365986 0.43593 0.147614 0.025595 0.0248753
 0.440241 0.240292 0.224064 0.0713565 0.0240462
 0.796392 0.103961 0.0443805 0.0389203 0.0163458
pobs_PELACES
 0 0 0 0 0
 0 0 0 0 0
 0 0 0 0 0
 0 0 0 0 0
 0 0 0 0 0
 0 0 0 0 0
 0 0 0 0 0
 0 0 0 0 0
 0 0 0 0 0
 0 0 0 0 0
 0 0 0 0 0
 0 0 0 0 0
 0 0 0 0 0
 0 0 0 0 0
 0 0 0 0 0
 0 0 0 0 0
 0.505614 0.472636 0.0217494 0 0
 0 0 0 0 0
 0.443492 0.261883 0.143347 0.151278 0
 0.227955 0.32914 0.350689 0.0885471 0.00366901
 0.970185 0.0296113 0.000203453 0 0
 0.997202 0.00247181 0.000326279 0 0
 0.445219 0.490057 0.0546422 0.010081 0
 0.90214 0.0892962 0.00764917 0.000914606 0
 0 0 0 0 0
 0.581667 0.319106 0.0959925 0.00289975 0.000334073
 0.762889 0.0836404 0.116647 0.0363945 0.000428098
 0.88444 0.0763242 0.0277011 0.0115352 0
 0.521256 0.241999 0.230069 0.00667565 0
 0.616807 0.101726 0.260614 0.0208532 0
 0.833518 0.0704572 0.0857862 0.0102388 0
ppred_PELACES
 0.415502 0.0974698 0.465545 0.0214824 7.81573e-07
 0.396172 0.286046 0.0529929 0.25311 0.0116801
 0.515653 0.219879 0.125284 0.02321 0.115974
 0.829227 0.0980722 0.0330043 0.0188053 0.0208918
 0.616986 0.329466 0.0307513 0.0103488 0.0124473
 0.651337 0.233922 0.0986996 0.0092123 0.00682912
 0.404554 0.418519 0.118702 0.0500845 0.00814011
 0.359743 0.296269 0.241778 0.0685741 0.0336362
 0.409193 0.245507 0.159782 0.130394 0.0551234
 0.577401 0.197498 0.0935396 0.0608777 0.0706832
 0.704735 0.187182 0.0505114 0.0239233 0.0336475
 0.682751 0.238356 0.0500144 0.0134964 0.0153827
 0.660418 0.248596 0.0683592 0.0143439 0.00828239
 0.608726 0.27847 0.0825797 0.0227078 0.00751608
 0.702621 0.197528 0.0710638 0.0210738 0.00771295
 0.890762 0.0819166 0.018148 0.00652903 0.0026448
 0.44593 0.505251 0.0366088 0.0081104 0.00409981
 0.855485 0.0729822 0.0652301 0.00472635 0.00157639
 0.615986 0.338869 0.0227991 0.0203774 0.00196893
 0.589175 0.275516 0.119402 0.00803337 0.00787383
 0.718438 0.181704 0.0669695 0.029023 0.00386655
 0.718951 0.214686 0.0428263 0.0157842 0.00775184
 0.36277 0.487134 0.114655 0.0228717 0.0125696
 0.714189 0.119772 0.126929 0.0298749 0.00923473
 0.611295 0.295388 0.0391054 0.0414422 0.0127692
 0.449066 0.366816 0.139916 0.0185231 0.0256783
 0.701508 0.151616 0.097791 0.0373009 0.0117838
 0.653498 0.259378 0.0442538 0.0285434 0.0143269
 0.392086 0.428524 0.134284 0.022911 0.0221947
 0.473208 0.236849 0.204383 0.0640466 0.021513
 0.816347 0.0977565 0.0386196 0.0333258 0.013951
pobs_pel_tallas
 0 0 0 0 0 0 0 0 0 0 0 0 0 0 0 0 0 0 0 0 0 0 0 0 0 0
 0 0 0 0 0 0 0 0 0 0 0 0 0 0 0 0 0 0 0 0 0 0 0 0 0 0
 0 0 0 0 0 0 0 0 0 0 0 0 0 0 0 0 0 0 0 0 0 0 0 0 0 0
 0 0 0 0 0 0 0 0 0 0 0 0 0 0 0 0 0 0 0 0 0 0 0 0 0 0
 0 0 0 0 0 0 0 0 0 0 0 0 0 0 0 0 0 0 0 0 0 0 0 0 0 0
 0 0 0 0 0 0 0 0 0 0 0 0 0 0 0 0 0 0 0 0 0 0 0 0 0 0
 0 0 0 0 0 0 0 0 0 0 0 0 0 0 0 0 0 0 0 0 0 0 0 0 0 0
 0 0 0 0 0 0 0 0 0 0 0 0 0 0 0 0 0 0 0 0 0 0 0 0 0 0
 0 0 0 0 0 0 0 0 0 0 0 0 0 0 0 0 0 0 0 0 0 0 0 0 0 0
 0 0 0 0 0 0 0 0 0 0 0 0 0 0 0 0 0 0 0 0 0 0 0 0 0 0
 0 0 0 0 0 0 0 0 0 0 0 0 0 0 0 0 0 0 0 0 0 0 0 0 0 0
 0 0 0 0 0 0 0 0 0 0 0 0 0 0 0 0 0 0 0 0 0 0 0 0 0 0
 0.00862536 0 0 0.000197151 0.00414017 0.0128641 0.00837892 0.0270097 0.101434 0.158115 0.152841 0.127902 0.109271 0.109419 0.0830992 0.0579132 0.0238553 0.00714673 0.00463305 0.00128148 0.00103504 0.000492878 0.000147863 0.000147863 4.92878e-05 0
 0 0 0 0 0 0 0 0 0 0 0 0 0 0 0 0 0 0 0 0 0 0 0 0 0 0
 0 0 0 0 0 0 0 0.0054083 0.00873648 0.0413646 0.0450493 0.0745869 0.0622846 0.0627006 0.0613931 0.0827291 0.12552 0.122667 0.0946155 0.0697135 0.0546179 0.0294188 0.0215738 0.0213955 0.0102223 0.00600262
 0 0 0 0 0.00359764 0.0251062 0.0480494 0.140153 0.205849 0.193036 0.1447 0.116669 0.0760912 0.0342217 0.00950174 0.001854 0.000860785 0 0 0 0.000165536 0 0.000143464 0 0 0
 0 0 0 0 0 0 0 0.000145254 0.000435761 0.0275982 0.070085 0.0708112 0.156366 0.174668 0.174014 0.160142 0.0824315 0.0480064 0.0283245 0.00493863 0.00203355 0 0 0 0 0
 0 0 0 0 0 0 0 0 0 0 0 0 0 0 0 0 0 0 0 0 0 0 0 0 0 0
 0 0 1.00437e-05 0.000401748 0.00122533 0.00171747 0.00176769 0.0269171 0.070346 0.194647 0.189555 0.159765 0.064822 0.0314167 0.0384472 0.0292271 0.0345202 0.0313363 0.0194345 0.0106764 0.0143323 0.0359363 0.0279516 0.0138201 0.00172751 0
 0 0.0021121 0.0136068 0.0755702 0.200478 0.177729 0.0527432 0.0373336 0.0318909 0.0142505 0.0149659 0.0166563 0.0217959 0.0798694 0.0677717 0.0528807 0.04013 0.0224614 0.0357745 0.0225083 0.00881397 0.00855152 0.00135912 0.000746735 0 0
 0 0 0 0 5.4009e-05 0.00500934 0.000945158 0.0243581 0.138947 0.33067 0.221406 0.137944 0.0707744 0.0437923 0.0131692 0.00525238 0.0047753 0.00276346 9.45158e-05 9.00151e-06 2.25038e-05 9.00151e-06 4.50075e-06 0 0 0
 0.000866109 0.00284123 0.00948549 0.0512746 0.133035 0.25785 0.225252 0.132002 0.0553304 0.0519788 0.0540692 0.017754 0.00435017 0.00159236 0.00146478 0.000404838 0.000125132 0.000115318 0.000107957 0.000100596 0 0 0 0 0 0
 0 0 0 0 0.00144013 0.00171154 0.00461396 0.0210425 0.0478622 0.0707936 0.0888783 0.103762 0.0637923 0.0337046 0.0602308 0.124433 0.169614 0.0934646 0.0462172 0.0250306 0.0313229 0.00938855 0.002487 0.000210481 0 0
 0 0.00764035 0.051015 0.0998891 0.058973 0.0496711 0.0374665 0.0718981 0.12319 0.153886 0.159021 0.0857701 0.0377988 0.023471 0.0147837 0.00900784 0.00315554 0.000888139 0.00291439 0.00214683 0.00393193 0.00274676 0.000635225 9.99891e-05 0 0
 0 0 0 0 0 0 0 0 0 0 0 0 0 0 0 0 0 0 0 0 0 0 0 0 0 0
 0 0 0 0 0 0 0 0 0 0 0 0 0 0 0 0 0 0 0 0 0 0 0 0 0 0
 0 0 0 0 0 0 0 0 0 0 0 0 0 0 0 0 0 0 0 0 0 0 0 0 0 0
 0 0 0 0 0 0 0 0 0 0 0 0 0 0 0 0 0 0 0 0 0 0 0 0 0 0
 0 0 0 0 0 0 0 0 0 0 0 0 0 0 0 0 0 0 0 0 0 0 0 0 0 0
 0 0 0 0 0 0 0 0 0 0 0 0 0 0 0 0 0 0 0 0 0 0 0 0 0 0
 0 0 0 0 0 0 0 0 0 0 0 0 0 0 0 0 0 0 0 0 0 0 0 0 0 0
ppred_pel_tallas
 1.15615e-16 3.42244e-05 0.000332673 0.00221073 0.0100497 0.0312683 0.0666208 0.097237 0.0972471 0.0666704 0.0314371 0.0105462 0.00349078 0.00323836 0.00587803 0.0105097 0.0171008 0.025582 0.0357466 0.0472467 0.0593605 0.0706402 0.0788984 0.0818639 0.0782525 0.0685373
 1.28963e-16 3.26322e-05 0.000317196 0.00210788 0.00958215 0.0298138 0.0635224 0.0927186 0.0927463 0.0636577 0.0302684 0.010897 0.00541496 0.00755983 0.0138607 0.0230686 0.0337524 0.0436542 0.0506167 0.0539521 0.0549696 0.0560608 0.0589881 0.0636787 0.0683127 0.0704464
 1.25626e-16 4.24737e-05 0.00041286 0.0027436 0.012472 0.0388052 0.0826793 0.120677 0.120699 0.0827838 0.0391565 0.0134892 0.00530571 0.00603597 0.0108117 0.0180478 0.026576 0.0346866 0.0407047 0.0439886 0.0453314 0.0463313 0.0482179 0.0510571 0.0538271 0.0551173
 1.06399e-16 6.83023e-05 0.000663923 0.004412 0.0200563 0.0624027 0.132956 0.194055 0.194065 0.133002 0.0625586 0.0205072 0.00554573 0.00314579 0.00480272 0.00788817 0.0114937 0.0147544 0.0168507 0.0174425 0.0168742 0.0159176 0.015252 0.0150886 0.0151676 0.0150295
 1.04116e-16 5.08204e-05 0.000493992 0.00328275 0.0149229 0.046431 0.0989273 0.144394 0.144426 0.0990824 0.0469515 0.0164261 0.00705484 0.00872505 0.0156732 0.0258053 0.0371112 0.0465531 0.0510757 0.0492873 0.0423036 0.0330107 0.0243565 0.017988 0.0140149 0.011652
 1.04988e-16 5.36498e-05 0.000521495 0.00346552 0.0157538 0.0490159 0.104434 0.15243 0.152453 0.104545 0.049388 0.0168297 0.00617116 0.00644423 0.0113497 0.0188027 0.0273696 0.0350186 0.0396924 0.0404078 0.0377743 0.0334507 0.0290183 0.0251928 0.0218487 0.0185688
 1.09933e-16 3.33227e-05 0.000323908 0.00215249 0.00978491 0.0304447 0.0648672 0.094684 0.0947244 0.0650648 0.0311087 0.0117042 0.00697553 0.0108703 0.020115 0.0333395 0.048351 0.0614997 0.0690792 0.0693884 0.0636989 0.0552644 0.0472102 0.0409828 0.0362829 0.0320496
 1.19623e-16 2.96316e-05 0.00028803 0.00191406 0.00870107 0.0270724 0.0576817 0.0841942 0.084223 0.057823 0.0275479 0.0100789 0.00538908 0.00792896 0.0147033 0.0246873 0.0365654 0.0481071 0.0570283 0.06227 0.0644848 0.0652364 0.0656099 0.0654389 0.0636664 0.0593302
 1.27079e-16 3.37047e-05 0.000327622 0.00217717 0.00989709 0.0307937 0.06561 0.0957648 0.0957887 0.065727 0.0311871 0.0110368 0.00505066 0.00664351 0.0121577 0.0203918 0.0302059 0.0397972 0.0473954 0.0523375 0.0554482 0.0582824 0.0618181 0.065665 0.0683233 0.0681398
 1.20817e-16 4.75598e-05 0.000462298 0.00307214 0.0139655 0.0434519 0.0925797 0.135127 0.135146 0.0926734 0.0437671 0.0148776 0.00536859 0.00549934 0.00968579 0.0161317 0.0237066 0.0308502 0.0360481 0.0387311 0.0396383 0.0402421 0.0416714 0.0439785 0.0462107 0.0470678
 1.09599e-16 5.80482e-05 0.000564249 0.00374963 0.0170453 0.0530343 0.112996 0.164925 0.164943 0.113084 0.0533314 0.0179039 0.00590759 0.005284 0.00904861 0.0149401 0.0216938 0.0276718 0.0312633 0.0317787 0.0298697 0.02706 0.0247592 0.0235285 0.0230355 0.0225245
 1.05461e-16 5.62373e-05 0.000546647 0.00363266 0.0165136 0.05138 0.109471 0.159781 0.159804 0.109584 0.0517575 0.0176044 0.00637241 0.00653262 0.0114399 0.0188638 0.0272656 0.0344965 0.0384076 0.0380214 0.0341055 0.0286203 0.0234995 0.0197197 0.0172006 0.0153226
 1.04877e-16 5.43978e-05 0.000528766 0.00351384 0.0159734 0.0496994 0.105891 0.154555 0.15458 0.106008 0.0500936 0.0171129 0.00637667 0.00678721 0.0119664 0.0197653 0.0286281 0.0363387 0.0406673 0.0405787 0.0368162 0.0313289 0.0260264 0.0218549 0.0187361 0.0161192
 1.06004e-16 5.014e-05 0.000487379 0.00323881 0.0147232 0.0458093 0.0976026 0.14246 0.142486 0.0977342 0.0462512 0.0160004 0.00644833 0.00750563 0.013414 0.0221885 0.0321744 0.0409156 0.0459335 0.0460787 0.0421764 0.0363768 0.0307625 0.0263271 0.0229285 0.0199268
 1.0552e-16 5.7874e-05 0.000562556 0.00373839 0.0169942 0.0528753 0.112657 0.16443 0.164449 0.11275 0.0531892 0.0179017 0.00602004 0.00555539 0.00957548 0.0158316 0.0230193 0.0294105 0.033277 0.0338203 0.0316106 0.0281148 0.0247152 0.0220087 0.0198087 0.017626
 1.01648e-16 7.33709e-05 0.000713191 0.0047394 0.0215447 0.0670334 0.142822 0.208455 0.208463 0.142861 0.0671632 0.0219197 0.00568136 0.00277148 0.00398838 0.00649323 0.00938411 0.0118808 0.0132421 0.0131299 0.0118022 0.00992331 0.00814669 0.00680004 0.00585606 0.00511296
 1.02693e-16 3.67307e-05 0.000357036 0.00237263 0.0107857 0.0335585 0.0715017 0.104369 0.104418 0.0717393 0.0343562 0.0130892 0.008152 0.0129642 0.0239529 0.0394696 0.0566866 0.070933 0.0774706 0.0741143 0.0625497 0.0472276 0.0327592 0.0218204 0.0147629 0.0105535
 1.02642e-16 7.04652e-05 0.000684947 0.00455171 0.0206914 0.0643787 0.137166 0.200199 0.200206 0.137201 0.0644959 0.021031 0.00540826 0.00256839 0.0036872 0.00608752 0.00900254 0.0118194 0.0139462 0.015081 0.0153348 0.015051 0.0144909 0.0136681 0.0124423 0.0107357
 1.03122e-16 5.0738e-05 0.000493191 0.00327743 0.0148987 0.0463557 0.0987669 0.14416 0.144193 0.0989263 0.0468908 0.0164439 0.00715434 0.00895107 0.016098 0.0264925 0.038066 0.0476805 0.0521807 0.0501305 0.0426871 0.032844 0.0236675 0.0168826 0.012622 0.0100866
 1.05655e-16 4.85296e-05 0.000471725 0.00313478 0.0142503 0.044338 0.0944678 0.137884 0.137911 0.0945982 0.0447763 0.0155178 0.00632236 0.00744998 0.0133592 0.0221586 0.0322638 0.041295 0.0468291 0.0477022 0.0446195 0.0395186 0.0342482 0.0296489 0.0255871 0.021599
 1.05545e-16 5.91768e-05 0.000575219 0.00382254 0.0173767 0.0540655 0.115193 0.168131 0.168149 0.115279 0.0543543 0.0182119 0.00592269 0.00517189 0.00882464 0.0145892 0.0212328 0.027173 0.0308347 0.0314965 0.0296869 0.0267421 0.0238984 0.0216525 0.0197768 0.0177813
 1.04186e-16 5.92191e-05 0.000575631 0.00382527 0.0173891 0.0541042 0.115275 0.168252 0.168273 0.115377 0.0544442 0.0183714 0.00629217 0.00596491 0.0103064 0.0169769 0.0245268 0.0310083 0.0344788 0.0340512 0.030413 0.02533 0.0205498 0.0169635 0.0145169 0.012675
 1.07855e-16 2.9881e-05 0.000290454 0.00193017 0.00877431 0.0273004 0.0581681 0.0849079 0.0849549 0.0583979 0.0280723 0.0110047 0.00753243 0.0125323 0.0233149 0.0385899 0.055805 0.0706335 0.0786665 0.0778544 0.0696821 0.0580584 0.0468665 0.038113 0.0317588 0.0267613
 1.08253e-16 5.88268e-05 0.000571817 0.00379993 0.0172739 0.0537457 0.114511 0.167135 0.167147 0.114569 0.0539388 0.0178342 0.00521513 0.00369048 0.00606783 0.010164 0.0151654 0.0201839 0.0243326 0.0271802 0.0289145 0.030013 0.0307163 0.0307883 0.0297366 0.0272468
 1.07522e-16 5.03516e-05 0.000489436 0.00325247 0.0147853 0.0460027 0.0980146 0.143061 0.14309 0.0981538 0.04647 0.0161352 0.00664158 0.00789031 0.0141138 0.0232762 0.0335862 0.042381 0.0470006 0.04627 0.041219 0.0343822 0.0282445 0.0240325 0.0215614 0.0198963
 1.10335e-16 3.69891e-05 0.000359547 0.00238932 0.0108615 0.0337944 0.0720039 0.105099 0.105135 0.0721774 0.0343774 0.0125474 0.00662796 0.00963559 0.0177217 0.0294167 0.0427891 0.0546847 0.0618909 0.0629082 0.0587709 0.0521829 0.0457106 0.0404948 0.0362503 0.032134
 1.08596e-16 5.77824e-05 0.000561665 0.00373246 0.0169672 0.0527915 0.112478 0.164169 0.164183 0.11255 0.053034 0.0176694 0.00550147 0.00444514 0.00749743 0.0124728 0.0183624 0.0239413 0.0279948 0.0299711 0.0302556 0.0297688 0.0292321 0.0287164 0.0277674 0.0258786
 1.06631e-16 5.38278e-05 0.000523226 0.00347702 0.015806 0.0491786 0.104781 0.152936 0.152961 0.104903 0.0495892 0.0169923 0.00645594 0.00703029 0.0124244 0.020489 0.029595 0.0374074 0.0415951 0.0411175 0.0368504 0.0309748 0.025627 0.0218599 0.0195241 0.0178466
 1.10039e-16 3.22957e-05 0.000313926 0.00208615 0.00948336 0.0295065 0.0628682 0.0917666 0.0918081 0.0630707 0.0301866 0.0114494 0.00702714 0.0111197 0.0206119 0.0341755 0.0495823 0.0630972 0.0709142 0.0712641 0.0654069 0.0566335 0.0481317 0.0414218 0.0362882 0.031754
 1.16023e-16 3.89776e-05 0.000378876 0.00251776 0.0114454 0.035611 0.0758739 0.110745 0.110768 0.075987 0.0359916 0.0125483 0.00530035 0.00650038 0.0118038 0.0198181 0.0294064 0.0387998 0.046196 0.0507562 0.0529781 0.0540464 0.0547321 0.054803 0.0533501 0.0496033
 1.06843e-16 6.72415e-05 0.000653611 0.00434347 0.0197448 0.0614335 0.130891 0.191041 0.191051 0.130937 0.0615892 0.0201951 0.00547658 0.00313631 0.00480983 0.00791929 0.0115811 0.0149562 0.0172518 0.0181443 0.0179705 0.0174592 0.0172129 0.0173493 0.0175289 0.0172572
pSPR Fmed_Fpbrs
0.751174   0.185651 0.185651
Fs Fmed_Fpbrs
0.139965   1.005 1.005
SSBpbr Bo_Bmed_Bpbrs
2.53712e+06  1.77896e+06  344164 344164
Ro
256002
SPR SPRFo_SPRFmed_SPRFpbrs
1.82988e+06 1.37456e+06 339720
Fref
1.005
Nvult_r0
 315522 30188.4 11926.2 10291.4 4308.23
CTP_r0
 29854.8 3054.2 1206.59 1041.2 435.87
YTP_r0
391304
Np
 318152 156374 14782.8 5840.06 6696.13
Nvult_p0
 272117 135316 12792.1 5053.64 5794.42
CTP_p0
 131352 67826.9 6412.01 2533.12 2904.44
YTP_p0
 2.40453e+06
CBA_c0
995270
log_Ro
12.2729
likeval ReclasPelacesDesembMPH_pf_preclas_ppelaces_ptallas_desvR_qrecl_qpela
 32.3966 19.2784 0.297065 0.00341738 244.384 129.04 99.1681 0 18.4877 0 0 1.49656 0 0 0
q_reclas_q_pelaces
1 1
M
1
N
 276846 51588.7 246403 11370.2 0.41367
 164013 94417 17491.7 83545.7 3855.33
 155384 52802.8 30086.1 5573.76 27850.5
 534423 50380.9 16954.7 9660.51 10732.4
 408256 172742 16123.2 5425.94 6526.23
 507542 144808 61099.4 5702.82 4227.53
 209192 172867 49029.1 20687 3362.22
 100313 65415.6 53384.2 15141 7426.82
 75300.7 35964.9 23406.8 19101.7 8075.16
 90961.6 24839.5 11764.6 7656.64 8889.88
 136147 28678.5 7738.93 3665.33 5155.19
 169572 47635.3 9995.36 2697.26 3074.23
 156235 47280.2 13001.2 2728.05 1575.22
 119091 44172.3 13099.2 3602.03 1192.24
 130626 29479.7 10605.8 3145.12 1151.1
 511447 37792.2 8372.57 3012.16 1220.18
 161128 145832 10566.5 2340.92 1183.34
 738156 50364.1 45014.4 3261.59 1087.85
 511768 226378 15230.7 13612.9 1315.32
 384675 144307 62539.1 4207.63 4124.07
 556437 112489 41459.4 17967.5 2393.7
 719012 172182 34347.4 12659.2 6217.1
 197473 211343 49742.9 9922.88 5453.32
 478950 63937.1 67757.8 15947.9 4929.71
 411000 158130 20934.3 22185.2 6835.74
 208137 135157 51553.6 6825 9461.43
 407720 70139.8 45239.6 17256 5451.39
 426799 134750 22990.4 14828.7 7443.03
 163886 142451 44639.1 7616.12 7378.01
 137630 54870.6 47349.3 14837.6 4983.91
 471895 44971.2 17766.3 15331 6417.9
pred_Ctot
 12844.7 2571.71 12283.3 566.806 0.0206215
 13087.9 8080.73 1497.04 7150.3 329.96
 11773.9 4292.14 2445.59 453.07 2263.86
 41436.3 4190.1 1410.1 803.45 892.594
 9273.7 4221.21 393.994 132.591 159.479
 23944.5 7339.93 3096.96 289.061 214.282
 20096.7 17795.8 5047.31 2129.63 346.124
 1615.44 1133.66 925.151 262.395 128.707
 4961.85 2543.65 1655.47 1350.99 571.122
 8325.1 2436.74 1154.09 751.109 872.09
 4227.99 957.665 258.427 122.397 172.148
 26540.8 7962.45 1670.77 450.859 513.87
 23353.8 7550.77 2076.32 435.676 251.566
 25428.2 10039.2 2977.09 818.642 270.963
 17982 4338.66 1560.9 462.882 169.413
 74239.7 5862.42 1298.77 467.255 189.277
 15517.7 15049.8 1090.45 241.582 122.12
 78783.2 5756.77 5145.29 372.81 124.344
 77191.7 36478 2454.24 2193.55 211.948
 50814.9 20386.5 8835.04 594.421 582.616
 56672.6 12273.1 4523.45 1960.35 261.166
 93041.6 23831.6 4754.01 1752.16 860.506
 15122.1 17361 4086.19 815.127 447.97
 31318.2 4487.51 4755.67 1119.32 345.998
 27817.4 11486.3 1520.64 1611.5 496.538
 11127.4 7760.75 2960.22 391.893 543.278
 26419.7 4878.54 3146.62 1200.23 379.168
 25217.7 8548.74 1458.55 940.751 472.196
 9384.2 8759.01 2744.77 468.299 453.659
 9820.17 4201.01 3625.16 1136 381.578
 29854.8 3054.2 1206.59 1041.2 435.87
F
 0.0757419 0.081576 0.081576 0.081576 0.081576
 0.133383 0.143657 0.143657 0.143657 0.143657
 0.12629 0.136017 0.136017 0.136017 0.136017
 0.129389 0.139356 0.139356 0.139356 0.139356
 0.0364856 0.0392959 0.0392959 0.0392959 0.0392959
 0.0770587 0.0829943 0.0829943 0.0829943 0.0829943
 0.16249 0.175006 0.175006 0.175006 0.175006
 0.0257511 0.0277346 0.0277346 0.0277346 0.0277346
 0.109053 0.117453 0.117453 0.117453 0.117453
 0.154289 0.166173 0.166173 0.166173 0.166173
 0.0501636 0.0540275 0.0540275 0.0540275 0.0540275
 0.277185 0.298536 0.298536 0.298536 0.298536
 0.263263 0.283541 0.283541 0.283541 0.283541
 0.396184 0.426701 0.426701 0.426701 0.426701
 0.240235 0.25874 0.25874 0.25874 0.25874
 0.25479 0.274416 0.274416 0.274416 0.274416
 0.162922 0.175471 0.175471 0.175471 0.175471
 0.18195 0.195964 0.195964 0.195964 0.195964
 0.265931 0.286414 0.286414 0.286414 0.286414
 0.229546 0.247227 0.247227 0.247227 0.247227
 0.173003 0.186329 0.186329 0.186329 0.186329
 0.224398 0.241682 0.241682 0.241682 0.241682
 0.127705 0.137541 0.137541 0.137541 0.137541
 0.10818 0.116512 0.116512 0.116512 0.116512
 0.112155 0.120794 0.120794 0.120794 0.120794
 0.0877072 0.0944629 0.0944629 0.0944629 0.0944629
 0.107158 0.115412 0.115412 0.115412 0.115412
 0.0973164 0.104812 0.104812 0.104812 0.104812
 0.0941899 0.101445 0.101445 0.101445 0.101445
 0.118546 0.127677 0.127677 0.127677 0.127677
 0.104509 0.112559 0.112559 0.112559 0.112559
YTP_r0W_actual
 253766 49783.5 34870.4 36233.7 16650.2
YTP_p0W_proyectada
 987765 1.09337e+06 149913 74727.1 98750.9
CTP_r0_actual
 29854.8 3054.2 1206.59 1041.2 435.87
CTP_p0_proyectada
 131352 67826.9 6412.01 2533.12 2904.44
Wmedp
 7.52 16.12 23.38 29.5 34
Frms_r0
 0.104509 0.112559 0.112559 0.112559 0.112559
Zrms_r0
 1.10451 1.11256 1.11256 1.11256 1.11256
nmprior
 8.19 8.8 8.5 0
nm_flota  nm_reclas  nm_pelaces    nm_pelaL
inf 9.74253 15.2086 34.4124
cv_recla  cv_pelaces  cv_mph
0.514843 0.497861 1.80407
 ------------------------------------------------
Talla a la edad & desviaci?n 
 8 13.2811 15.8009 17.003 17.5766
 0.8 1.32811 1.58009 1.7003 1.75766
