years
 1991 1992 1993 1994 1995 1996 1997 1998 1999 2000 2001 2002 2003 2004 2005 2006 2007 2008 2009 2010 2011 2012 2013 2014 2015 2016 2017 2018 2019 2020 2021
reclasobs
 0 0 0 0 0 0 0 0 0 252601 567819 844713 477998 351125 339783 2.1784e+06 2.13404e+06 4.81314e+06 1.55562e+06 2.62356e+06 3.21686e+06 3.843e+06 1.13348e+06 3.07943e+06 1.97215e+06 2.03268e+06 2.025e+06 2.42433e+06 2.27542e+06 1.05018e+06 2.36338e+06
reclaspred
 2.64652e+06 1.60336e+06 792169 593349 538490 859327 658905 552621 358382 279700 355821 515701 514241 393821 518831 951972 1.46557e+06 2.18417e+06 2.0208e+06 1.63789e+06 2.62558e+06 2.20676e+06 2.21497e+06 2.67851e+06 2.27021e+06 1.96131e+06 1.98327e+06 2.03729e+06 2.22456e+06 1.30333e+06 1.68871e+06
pelacesobs
 0 0 0 0 0 0 0 0 0 0 0 0 0 0 0 552880 188675 0 991730 2.46772e+06 1.41603e+06 1.21717e+06 2.29649e+06 1.80582e+06 0 1.4828e+06 1.56532e+06 1.57751e+06 1.42118e+06 867257 1.10002e+06
pelacespred
 1.14721e+06 782599 402021 238035 236570 374280 258952 266416 171260 125035 174223 204393 224078 179894 260601 399147 604114 952051 986637 758243 1.06637e+06 1.06229e+06 1.01713e+06 1.34265e+06 1.17635e+06 971366 1.09551e+06 1.14799e+06 1.01791e+06 681997 866913
mphobs
 0 0 0 0 0 0 0 0 0 0 0 498337 0 5186 125008 0 168611 109162 213762 579715 649985 157893 87575 83554 0 0 0 0 0 0 0
mphpred
 2.31844e+06 1.7613e+06 874715 503903 417744 443219 717841 419405 366733 221947 191599 377600 385463 331222 241840 477635 999358 1.32256e+06 1.62553e+06 1.47983e+06 1.57585e+06 1.78151e+06 1.94023e+06 1.61725e+06 2.21365e+06 1.67734e+06 1.37201e+06 1.49034e+06 2.04479e+06 1.36643e+06 830971
desembarqueobs
 494567 514787 250237 358949 120608 361735 552515 73892 212993 205616 52469 317467 293654 387597 252695 516296 358380 742168 942051 627588 828172 859565 418607 520667 417249 300574 415391 372974 316634 284311 391294
desembarquepred
 495344 513969 250386 358755 120562 361787 552586 73908.9 213033 205671 52476.7 317709 294068 386745 252799 516371 358981 742813 942164 627689 827700 858680 418579 520391 416970 300727 415839 373183 316761 284405 391311
Reclutas
 192264 80803.6 112871 111515 102188 245357 86984.9 36038 32627.2 70428.7 118030 134479 124830 89333.8 139933 423134 204409 517589 539922 319410 428432 741315 132014 420187 295989 156514 347048 373002 100438 74251.7 404971
log_desv_Rt
 0.108994 -0.757854 -0.423627 -0.43572 -0.523064 0.352838 -0.68414 -1.5653 -1.66473 -0.895274 -0.378935 -0.248467 -0.322925 -0.657495 -0.208711 0.897813 0.170249 1.09931 1.14155 0.616602 0.910258 1.45855 -0.266966 0.890825 0.540449 -0.0967264 0.699589 0.77171 -0.54033 -0.842414 0.853941
SSB
 2.31844e+06 1.7613e+06 874715 503903 417744 443219 717841 419405 366733 221947 191599 377600 385463 331222 241840 477635 999358 1.32256e+06 1.62553e+06 1.47983e+06 1.57585e+06 1.78151e+06 1.94023e+06 1.61725e+06 2.21365e+06 1.67734e+06 1.37201e+06 1.49034e+06 2.04479e+06 1.36643e+06 830971
BT
 3.26028e+06 2.40264e+06 1.25679e+06 991661 762552 1.63343e+06 1.17541e+06 837438 704381 606719 643051 901815 978842 1.00973e+06 1.24274e+06 1.87687e+06 2.05497e+06 3.75532e+06 4.04191e+06 2.70111e+06 4.03816e+06 4.06897e+06 3.01618e+06 4.97992e+06 3.49976e+06 2.9538e+06 4.05664e+06 4.11083e+06 2.75333e+06 2.02103e+06 3.5208e+06
Ftot
 0.176957 0.29936 0.295544 0.552271 0.211282 0.392839 0.74638 0.127068 0.543501 0.666976 0.140265 0.563554 0.525292 0.872495 0.45401 0.502797 0.230885 0.318598 0.432316 0.357086 0.295577 0.363117 0.178654 0.184051 0.173793 0.145443 0.198403 0.173681 0.135083 0.205772 0.219295
BD_Bspro_t
 0.972084 0.816383 0.639486 0.548404 0.497174 0.572435 0.599497 0.418614 0.467213 0.396959 0.428094 0.665717 0.545085 0.461891 0.377549 0.530733 0.613867 0.658661 0.654571 0.600644 0.568933 0.597187 0.644594 0.638233 0.731689 0.726813 0.733398 0.765535 0.805037 0.738848 0.669886
BD_Bspro
 1.88128 1.42919 0.709781 0.408888 0.338975 0.359647 0.582487 0.340323 0.297583 0.180097 0.155471 0.306401 0.312781 0.268767 0.196239 0.387573 0.810921 1.07318 1.31902 1.20079 1.27871 1.44559 1.57439 1.3123 1.79625 1.36106 1.11331 1.20933 1.65923 1.10878 0.674285
BD_Bo
 1.26187 0.958632 0.476086 0.274262 0.227368 0.241233 0.390703 0.228271 0.199604 0.1208 0.104282 0.205518 0.209798 0.180276 0.131628 0.259965 0.543926 0.719836 0.884735 0.805433 0.857698 0.969632 1.05602 0.880227 1.20483 0.912932 0.746753 0.811158 1.11293 0.743714 0.452277
BD_Brms
 5.35662 4.06937 2.02097 1.16424 0.965171 1.02403 1.65853 0.969008 0.847313 0.512795 0.442676 0.872421 0.890587 0.765267 0.558756 1.10355 2.30895 3.05569 3.75568 3.41905 3.64091 4.11607 4.48279 3.73654 5.11449 3.87538 3.16995 3.44335 4.72436 3.15705 1.91991
Sel_flota
 0.5 1 1 1 1
 0.5 1 1 1 1
 0.5 1 1 1 1
 0.5 1 1 1 1
 0.5 1 1 1 1
 0.5 1 1 1 1
 0.5 1 1 1 1
 0.5 1 1 1 1
 0.5 1 1 1 1
 0.5 1 1 1 1
 0.5 1 1 1 1
 0.5 1 1 1 1
 0.5 1 1 1 1
 0.5 1 1 1 1
 0.5 1 1 1 1
 0.5 1 1 1 1
 0.5 1 1 1 1
 0.5 1 1 1 1
 0.5 1 1 1 1
 0.5 1 1 1 1
 0.5 1 1 1 1
 0.5 1 1 1 1
 0.5 1 1 1 1
 0.5 1 1 1 1
 0.5 1 1 1 1
 0.5 1 1 1 1
 0.5 1 1 1 1
 0.5 1 1 1 1
 0.5 1 1 1 1
 0.5 1 1 1 1
 0.5 1 1 1 1
Sel_reclas
 0.5 1 1 1 1
 0.5 1 1 1 1
 0.5 1 1 1 1
 0.5 1 1 1 1
 0.5 1 1 1 1
 0.5 1 1 1 1
 0.5 1 1 1 1
 0.5 1 1 1 1
 0.5 1 1 1 1
 0.5 1 1 1 1
 0.5 1 1 1 1
 0.5 1 1 1 1
 0.5 1 1 1 1
 0.5 1 1 1 1
 0.5 1 1 1 1
 0.5 1 1 1 1
 0.5 1 1 1 1
 0.5 1 1 1 1
 0.5 1 1 1 1
 0.5 1 1 1 1
 0.5 1 1 1 1
 0.5 1 1 1 1
 0.5 1 1 1 1
 0.5 1 1 1 1
 0.5 1 1 1 1
 0.5 1 1 1 1
 0.5 1 1 1 1
 0.5 1 1 1 1
 0.5 1 1 1 1
 0.5 1 1 1 1
 0.5 1 1 1 1
Sel_pelaces
 0.5 1 1 1 1
 0.5 1 1 1 1
 0.5 1 1 1 1
 0.5 1 1 1 1
 0.5 1 1 1 1
 0.5 1 1 1 1
 0.5 1 1 1 1
 0.5 1 1 1 1
 0.5 1 1 1 1
 0.5 1 1 1 1
 0.5 1 1 1 1
 0.5 1 1 1 1
 0.5 1 1 1 1
 0.5 1 1 1 1
 0.5 1 1 1 1
 0.5 1 1 1 1
 0.5 1 1 1 1
 0.5 1 1 1 1
 0.5 1 1 1 1
 0.5 1 1 1 1
 0.5 1 1 1 1
 0.5 1 1 1 1
 0.5 1 1 1 1
 0.5 1 1 1 1
 0.5 1 1 1 1
 0.5 1 1 1 1
 0.5 1 1 1 1
 0.5 1 1 1 1
 0.5 1 1 1 1
 0.5 1 1 1 1
 0.5 1 1 1 1
pf_obs 
 0.8446 0.082 0.0669 0.0065 0
 0.8095 0.147 0.0364 0.0071 0
 0.9664 0.0169 0.016 0.0007 0
 0.9276 0.0648 0.0075 0.0001 0
 0.7033 0.2144 0.0806 0.0017 0
 0.9318 0.0425 0.0243 0.0014 0
 0.5671 0.3108 0.0964 0.0239 0.0018
 0.0768 0.2599 0.5324 0.112 0.0189
 0.490249 0.384438 0.106611 0.0170017 0.00170017
 0.7925 0.1577 0.0466 0.003 0.0002
 0.840416 0.127587 0.0312969 0.00059994 9.999e-05
 0.8084 0.0986 0.0794 0.0134 0.0002
 0.7335 0.1905 0.0724 0.0035 0.0001
 0.4001 0.4547 0.1325 0.0127 0
 0.49795 0.308269 0.164784 0.0264974 0.00249975
 0.9179 0.0499 0.0305 0.0017 0
 0.2467 0.6533 0.0926 0.0074 0
 0.9418 0.0223 0.034 0.0019 0
 0.707729 0.231977 0.0356964 0.0245975 0
 0.517169 0.277429 0.184464 0.0207286 0.00020938
 0.811772 0.124168 0.05621 0.00726502 0.000585176
 0.764997 0.148141 0.077277 0.00933861 0.000247198
 0.163321 0.427699 0.378323 0.0303852 0.000271297
 0.753843 0.0900009 0.118128 0.0371064 0.000921714
 0.721811 0.176058 0.0630433 0.0369309 0.00215725
 0.143369 0.312575 0.442814 0.0836902 0.0175525
 0.692698 0.0596174 0.167031 0.0765114 0.00414204
 0.394062 0.376323 0.152708 0.0712218 0.00568511
 0.125707 0.32114 0.495352 0.0537591 0.00404204
 0.23352 0.215282 0.420074 0.123614 0.00750983
 0.774587 0.0839891 0.0768558 0.0609784 0.00358967
pf_pred 
 0.319243 0.48151 0.185567 2.49746e-06 0.0136766
 0.247761 0.373922 0.26759 0.103125 0.00760189
 0.494901 0.211536 0.145924 0.104428 0.0432116
 0.541367 0.312622 0.0611493 0.0421826 0.0426784
 0.557945 0.325634 0.0793571 0.0155223 0.0215414
 0.740716 0.188978 0.05179 0.0126213 0.00589476
 0.368608 0.546465 0.0618991 0.0169637 0.00606487
 0.333407 0.397185 0.233171 0.0264117 0.00982604
 0.425934 0.292455 0.167796 0.098506 0.0153091
 0.735611 0.168358 0.0489224 0.0280692 0.0190392
 0.74059 0.226339 0.0210593 0.00611951 0.00589261
 0.61318 0.331172 0.0485541 0.00451763 0.00257684
 0.594033 0.320858 0.0728658 0.0106831 0.00156095
 0.534984 0.360219 0.0828265 0.0188097 0.00316068
 0.730204 0.202869 0.051844 0.0119207 0.00316205
 0.830463 0.146039 0.0176694 0.00451548 0.00131367
 0.448548 0.507067 0.0382336 0.00462593 0.0015261
 0.723408 0.175741 0.0927338 0.00699227 0.0011251
 0.606616 0.335158 0.0369957 0.0195217 0.00170881
 0.454799 0.424493 0.102842 0.011352 0.0065145
 0.600522 0.259702 0.10883 0.0263662 0.00458054
 0.691941 0.236166 0.0467376 0.0195856 0.00556936
 0.200588 0.666448 0.101934 0.0201728 0.0108574
 0.629531 0.128193 0.20198 0.0308929 0.00940426
 0.459626 0.422623 0.0407451 0.0641977 0.0128082
 0.34135 0.422658 0.184568 0.0177942 0.03363
 0.636841 0.188731 0.111931 0.0488784 0.0136185
 0.568443 0.340126 0.0475165 0.0281806 0.0157347
 0.231733 0.564667 0.160465 0.0224174 0.0207184
 0.301807 0.269271 0.315253 0.0895872 0.0240826
 0.804436 0.0936563 0.0393025 0.046014 0.0165911
pobs_RECLAS
 0 0 0 0 0
 0 0 0 0 0
 0 0 0 0 0
 0 0 0 0 0
 0 0 0 0 0
 0 0 0 0 0
 0 0 0 0 0
 0 0 0 0 0
 0 0 0 0 0
 0 0 0 0 0
 0.991045 0.00858322 0.000360255 1.14367e-05 0
 0.934742 0.0480273 0.0164251 0.00080598 0
 0.827803 0.169806 0.00239088 0 0
 0.941827 0.0461693 0.0120037 0 0
 0.791401 0.0380133 0.147996 0.0225897 0
 0.846168 0.0940531 0.0597789 0 0
 0.134021 0.677848 0.182769 0.00536245 0
 0.80878 0.0450904 0.141981 0.00414843 0
 0.846168 0.0940531 0.0597789 0 0
 0.905697 0.0802665 0.012482 0.00150086 5.37128e-05
 0.989698 0.0102097 9.19794e-05 0 0
 0.975433 0.0193895 0.00387452 0.00125025 5.28907e-05
 0.303575 0.632131 0.0575291 0.00676475 0
 0.966965 0.00978017 0.0227588 0.000495775 0
 0.843318 0.132988 0.00938335 0.0141283 0.000182051
 0.564624 0.303363 0.111486 0.0197234 0.00080311
 0.826376 0.0876187 0.0782897 0.00655872 0.00115652
 0.89761 0.0855135 0.0140674 0.00269457 0.000114338
 0.34875 0.467042 0.161289 0.0227151 0.000203297
 0.318654 0.224769 0.449479 0.00709798 0
 0.937255 0.0296025 0.0250945 0.00804832 0
ppred_RECLAS
 0.321023 0.480251 0.185082 2.49093e-06 0.0136408
 0.250549 0.372536 0.266598 0.102743 0.00757371
 0.498571 0.209999 0.144863 0.103669 0.0428976
 0.549177 0.307299 0.060108 0.0414643 0.0419517
 0.560405 0.323822 0.0789157 0.015436 0.0214216
 0.744656 0.186106 0.051003 0.0124295 0.00580518
 0.379524 0.537017 0.060829 0.0166704 0.00596001
 0.334672 0.396431 0.232728 0.0263616 0.00980739
 0.433497 0.288602 0.165585 0.0972083 0.0151074
 0.743354 0.163428 0.0474897 0.0272472 0.0184816
 0.741804 0.225279 0.0209607 0.00609086 0.00586502
 0.620817 0.324633 0.0475954 0.00442843 0.00252596
 0.60114 0.31524 0.0715901 0.010496 0.00153362
 0.549263 0.349158 0.0802832 0.0182321 0.00306363
 0.735028 0.199242 0.050917 0.0117075 0.00310551
 0.834364 0.142678 0.0172628 0.00441156 0.00128343
 0.451279 0.504555 0.0380443 0.00460302 0.00151854
 0.726606 0.173709 0.0916617 0.00691143 0.00111209
 0.612134 0.330457 0.0364768 0.0192479 0.00168484
 0.459358 0.420943 0.101982 0.0112571 0.00646002
 0.604039 0.257416 0.107871 0.026134 0.00454021
 0.695923 0.233114 0.0461334 0.0193325 0.00549737
 0.201917 0.66534 0.101764 0.0201393 0.0108393
 0.631521 0.127504 0.200894 0.0307269 0.00935374
 0.461618 0.421065 0.040595 0.0639611 0.012761
 0.342833 0.421706 0.184152 0.0177542 0.0335543
 0.638988 0.187616 0.111269 0.0485895 0.013538
 0.570406 0.338578 0.0473003 0.0280524 0.0156631
 0.232816 0.563871 0.160238 0.0223857 0.0206892
 0.303851 0.268482 0.31433 0.0893248 0.0240121
 0.806068 0.0928747 0.0389745 0.04563 0.0164527
pobs_PELACES
 0 0 0 0 0
 0 0 0 0 0
 0 0 0 0 0
 0 0 0 0 0
 0 0 0 0 0
 0 0 0 0 0
 0 0 0 0 0
 0 0 0 0 0
 0 0 0 0 0
 0 0 0 0 0
 0 0 0 0 0
 0 0 0 0 0
 0 0 0 0 0
 0 0 0 0 0
 0 0 0 0 0
 0 0 0 0 0
 0.505614 0.472636 0.0217494 0 0
 0 0 0 0 0
 0.443492 0.261883 0.143347 0.151278 0
 0.227955 0.32914 0.350689 0.0885471 0.00366901
 0.970185 0.0296113 0.000203453 0 0
 0.997202 0.00247181 0.000326279 0 0
 0.445219 0.490057 0.0546422 0.010081 0
 0.90214 0.0892962 0.00764917 0.000914606 0
 0 0 0 0 0
 0.581667 0.319106 0.0959925 0.00289975 0.000334073
 0.762889 0.0836404 0.116647 0.0363945 0.000428098
 0.88444 0.0763242 0.0277011 0.0115352 0
 0.521256 0.241999 0.230069 0.00667565 0
 0.616807 0.101726 0.260614 0.0208532 0
 0.833518 0.0704572 0.0857862 0.0102388 0
ppred_PELACES
 0.327421 0.475726 0.183338 2.46746e-06 0.0135123
 0.259938 0.367869 0.263258 0.101456 0.00747883
 0.510761 0.204894 0.141342 0.101149 0.0418548
 0.571622 0.292 0.0571154 0.0393999 0.0398631
 0.568974 0.31751 0.0773773 0.0151351 0.021004
 0.756785 0.177266 0.0485805 0.0118391 0.00552945
 0.408924 0.511571 0.0579467 0.0158805 0.00567761
 0.339356 0.39364 0.23109 0.026176 0.00973834
 0.455637 0.277323 0.159114 0.0934092 0.014517
 0.763781 0.15042 0.0437098 0.0250785 0.0170106
 0.746212 0.221433 0.0206028 0.00598688 0.00576489
 0.642448 0.306114 0.0448803 0.0041758 0.00238186
 0.621729 0.298968 0.0678947 0.00995425 0.00145446
 0.584592 0.321791 0.0739905 0.016803 0.0028235
 0.749359 0.188466 0.0481632 0.0110743 0.00293755
 0.845514 0.133074 0.0161007 0.0041146 0.00119704
 0.460729 0.495866 0.0373891 0.00452375 0.00149239
 0.736923 0.167153 0.0882025 0.00665061 0.00107012
 0.628928 0.316148 0.0348973 0.0184144 0.00161189
 0.474022 0.409526 0.099216 0.0109518 0.00628481
 0.615642 0.249872 0.10471 0.0253682 0.00440716
 0.708451 0.223509 0.0442328 0.018536 0.00527088
 0.206709 0.661345 0.101153 0.0200183 0.0107742
 0.638559 0.125069 0.197057 0.03014 0.00917507
 0.468752 0.415486 0.040057 0.0631136 0.0125919
 0.34826 0.418224 0.182632 0.0176075 0.0332772
 0.646505 0.183709 0.108952 0.0475778 0.0132561
 0.577414 0.333055 0.0465287 0.0275948 0.0154076
 0.236821 0.560927 0.159402 0.0222689 0.0205812
 0.31108 0.265694 0.311066 0.0883972 0.0237628
 0.811662 0.0901958 0.0378503 0.0443139 0.0159781
pobs_pel_tallas
 0 0 0 0 0 0 0 0 0 0 0 0 0 0 0 0 0 0 0 0 0 0 0 0 0 0
 0 0 0 0 0 0 0 0 0 0 0 0 0 0 0 0 0 0 0 0 0 0 0 0 0 0
 0 0 0 0 0 0 0 0 0 0 0 0 0 0 0 0 0 0 0 0 0 0 0 0 0 0
 0 0 0 0 0 0 0 0 0 0 0 0 0 0 0 0 0 0 0 0 0 0 0 0 0 0
 0 0 0 0 0 0 0 0 0 0 0 0 0 0 0 0 0 0 0 0 0 0 0 0 0 0
 0 0 0 0 0 0 0 0 0 0 0 0 0 0 0 0 0 0 0 0 0 0 0 0 0 0
 0 0 0 0 0 0 0 0 0 0 0 0 0 0 0 0 0 0 0 0 0 0 0 0 0 0
 0 0 0 0 0 0 0 0 0 0 0 0 0 0 0 0 0 0 0 0 0 0 0 0 0 0
 0 0 0 0 0 0 0 0 0 0 0 0 0 0 0 0 0 0 0 0 0 0 0 0 0 0
 0 0 0 0 0 0 0 0 0 0 0 0 0 0 0 0 0 0 0 0 0 0 0 0 0 0
 0 0 0 0 0 0 0 0 0 0 0 0 0 0 0 0 0 0 0 0 0 0 0 0 0 0
 0 0 0 0 0 0 0 0 0 0 0 0 0 0 0 0 0 0 0 0 0 0 0 0 0 0
 0.00862536 0 0 0.000197151 0.00414017 0.0128641 0.00837892 0.0270097 0.101434 0.158115 0.152841 0.127902 0.109271 0.109419 0.0830992 0.0579132 0.0238553 0.00714673 0.00463305 0.00128148 0.00103504 0.000492878 0.000147863 0.000147863 4.92878e-05 0
 0 0 0 0 0 0 0 0 0 0 0 0 0 0 0 0 0 0 0 0 0 0 0 0 0 0
 0 0 0 0 0 0 0 0.0054083 0.00873648 0.0413646 0.0450493 0.0745869 0.0622846 0.0627006 0.0613931 0.0827291 0.12552 0.122667 0.0946155 0.0697135 0.0546179 0.0294188 0.0215738 0.0213955 0.0102223 0.00600262
 0 0 0 0 0.00359764 0.0251062 0.0480494 0.140153 0.205849 0.193036 0.1447 0.116669 0.0760912 0.0342217 0.00950174 0.001854 0.000860785 0 0 0 0.000165536 0 0.000143464 0 0 0
 0 0 0 0 0 0 0 0.000145254 0.000435761 0.0275982 0.070085 0.0708112 0.156366 0.174668 0.174014 0.160142 0.0824315 0.0480064 0.0283245 0.00493863 0.00203355 0 0 0 0 0
 0 0 0 0 0 0 0 0 0 0 0 0 0 0 0 0 0 0 0 0 0 0 0 0 0 0
 0 0 1.00437e-05 0.000401748 0.00122533 0.00171747 0.00176769 0.0269171 0.070346 0.194647 0.189555 0.159765 0.064822 0.0314167 0.0384472 0.0292271 0.0345202 0.0313363 0.0194345 0.0106764 0.0143323 0.0359363 0.0279516 0.0138201 0.00172751 0
 0 0.0021121 0.0136068 0.0755702 0.200478 0.177729 0.0527432 0.0373336 0.0318909 0.0142505 0.0149659 0.0166563 0.0217959 0.0798694 0.0677717 0.0528807 0.04013 0.0224614 0.0357745 0.0225083 0.00881397 0.00855152 0.00135912 0.000746735 0 0
 0 0 0 0 5.4009e-05 0.00500934 0.000945158 0.0243581 0.138947 0.33067 0.221406 0.137944 0.0707744 0.0437923 0.0131692 0.00525238 0.0047753 0.00276346 9.45158e-05 9.00151e-06 2.25038e-05 9.00151e-06 4.50075e-06 0 0 0
 0.000866109 0.00284123 0.00948549 0.0512746 0.133035 0.25785 0.225252 0.132002 0.0553304 0.0519788 0.0540692 0.017754 0.00435017 0.00159236 0.00146478 0.000404838 0.000125132 0.000115318 0.000107957 0.000100596 0 0 0 0 0 0
 0 0 0 0 0.00144013 0.00171154 0.00461396 0.0210425 0.0478622 0.0707936 0.0888783 0.103762 0.0637923 0.0337046 0.0602308 0.124433 0.169614 0.0934646 0.0462172 0.0250306 0.0313229 0.00938855 0.002487 0.000210481 0 0
 0 0.00764035 0.051015 0.0998891 0.058973 0.0496711 0.0374665 0.0718981 0.12319 0.153886 0.159021 0.0857701 0.0377988 0.023471 0.0147837 0.00900784 0.00315554 0.000888139 0.00291439 0.00214683 0.00393193 0.00274676 0.000635225 9.99891e-05 0 0
 0 0 0 0 0 0 0 0 0 0 0 0 0 0 0 0 0 0 0 0 0 0 0 0 0 0
 0 0 0 0 0 0 0 0 0 0 0 0 0 0 0 0 0 0 0 0 0 0 0 0 0 0
 0 0 0 0 0 0 0 0 0 0 0 0 0 0 0 0 0 0 0 0 0 0 0 0 0 0
 0 0 0 0 0 0 0 0 0 0 0 0 0 0 0 0 0 0 0 0 0 0 0 0 0 0
 0 0 0 0 0 0 0 0 0 0 0 0 0 0 0 0 0 0 0 0 0 0 0 0 0 0
 0 0 0 0 0 0 0 0 0 0 0 0 0 0 0 0 0 0 0 0 0 0 0 0 0 0
 0 0 0 0 0 0 0 0 0 0 0 0 0 0 0 0 0 0 0 0 0 0 0 0 0 0
ppred_pel_tallas
 1.077e-16 2.69693e-05 0.000262151 0.00174209 0.00791931 0.0246402 0.0525002 0.0766352 0.0766812 0.0527252 0.0253961 0.0101049 0.00723658 0.0122841 0.0229386 0.0380861 0.0553391 0.0705747 0.0795525 0.0802319 0.0738616 0.0639006 0.0537272 0.0450031 0.0376626 0.0309678
 1.19132e-16 2.14108e-05 0.000208121 0.00138304 0.00628712 0.0195617 0.0416797 0.0608402 0.060876 0.0418549 0.020151 0.00799366 0.00568436 0.00965675 0.0181396 0.0304114 0.0448827 0.058715 0.0689917 0.0743515 0.0756333 0.0749023 0.0737098 0.0720807 0.0688985 0.0630856
 1.21359e-16 4.20707e-05 0.000408943 0.00271757 0.0123537 0.038437 0.0818948 0.119532 0.119552 0.0819925 0.0387655 0.0133054 0.00511762 0.00568528 0.0101734 0.017048 0.0252646 0.0333072 0.0396881 0.0438289 0.0463763 0.0485793 0.0512214 0.053985 0.0556822 0.0550409
 1.12421e-16 4.70838e-05 0.000457671 0.00304139 0.0138257 0.0430171 0.0916535 0.133777 0.133805 0.0917913 0.0434798 0.0151626 0.00639953 0.00779667 0.0140102 0.0231561 0.0335244 0.0425452 0.0476591 0.0477645 0.0439011 0.0385318 0.0339938 0.0313167 0.030105 0.0292377
 1.07387e-16 4.68657e-05 0.000455551 0.0030273 0.0137617 0.0428179 0.0912291 0.133158 0.133189 0.091379 0.0433211 0.015216 0.00668047 0.00843963 0.0152373 0.025188 0.0364502 0.0462004 0.051589 0.05131 0.0463571 0.0392884 0.0326163 0.0275925 0.0241001 0.0213492
 1.03571e-16 6.23354e-05 0.000605922 0.00402657 0.0183042 0.0569512 0.121341 0.177105 0.177122 0.121425 0.0572324 0.0191167 0.00606803 0.00506886 0.00855711 0.0140975 0.0204183 0.025922 0.0290193 0.0289743 0.0263193 0.0224443 0.0187081 0.0157784 0.0135903 0.0117422
 1.04357e-16 3.36826e-05 0.000327407 0.00217574 0.00989062 0.0307736 0.0655683 0.0957092 0.0957585 0.0658091 0.0315821 0.0122255 0.00803563 0.013116 0.0243112 0.0401107 0.0577142 0.0724442 0.0795514 0.0768443 0.065997 0.0514143 0.0376075 0.0271171 0.0201763 0.0157061
 1.11043e-16 2.79524e-05 0.000271707 0.00180559 0.00820799 0.0255383 0.0544135 0.079426 0.0794643 0.0546003 0.0261666 0.0100261 0.00638264 0.0103075 0.0192166 0.0320606 0.0469637 0.060686 0.0698817 0.0729199 0.0706866 0.0656437 0.0599959 0.0545143 0.0487475 0.0420451
 1.16487e-16 3.75303e-05 0.000364808 0.00242428 0.0110204 0.0342888 0.0730569 0.106634 0.106661 0.0731886 0.0347319 0.0123031 0.00565493 0.00745393 0.0136098 0.0227289 0.0334246 0.0435008 0.050746 0.054187 0.0545987 0.0537532 0.0530362 0.0525757 0.0514487 0.0485698
 1.06694e-16 6.29117e-05 0.000611524 0.00406379 0.0184734 0.0574777 0.122463 0.178741 0.178756 0.122534 0.0577166 0.0191638 0.00579904 0.00440746 0.00729575 0.0120254 0.0174709 0.0223058 0.0252334 0.0256891 0.0241741 0.0218791 0.0199016 0.0186731 0.0179388 0.0171425
 1.02228e-16 6.14646e-05 0.000597457 0.00397032 0.0180485 0.0561557 0.119646 0.174632 0.174653 0.119751 0.0565055 0.0190587 0.00650526 0.00612874 0.010559 0.0173398 0.0249286 0.0312576 0.0342656 0.0330092 0.0282302 0.0218638 0.0158945 0.0114428 0.00860671 0.0068886
 1.02196e-16 5.29177e-05 0.000514379 0.00341823 0.0155388 0.0483471 0.10301 0.150352 0.150381 0.103154 0.0488312 0.0169369 0.00692775 0.00817557 0.0146024 0.024055 0.0346412 0.0435464 0.0479297 0.0464672 0.0401251 0.0314858 0.0231949 0.0167456 0.0122971 0.00927019
 1.03281e-16 5.1211e-05 0.00049779 0.00330799 0.0150377 0.0467879 0.0996876 0.145503 0.145532 0.0998286 0.0472615 0.016406 0.00674465 0.00800622 0.014329 0.0236541 0.0341768 0.0431989 0.0479907 0.0472714 0.0419356 0.034383 0.0270239 0.0211459 0.0168029 0.013436
 1.04381e-16 4.81522e-05 0.000468056 0.0031104 0.0141394 0.0439932 0.0937334 0.136813 0.136844 0.0938852 0.044503 0.0156126 0.00681038 0.00855254 0.0154238 0.0254792 0.0368314 0.0465928 0.0518407 0.0512122 0.0456812 0.0378288 0.0302275 0.0242207 0.0198096 0.0163385
 1.03046e-16 6.17237e-05 0.000599977 0.00398706 0.0181246 0.0563924 0.120151 0.175367 0.175385 0.12024 0.0566912 0.018988 0.00615596 0.00534039 0.00908132 0.0149592 0.0216455 0.0274338 0.0306219 0.0304173 0.0273843 0.0230127 0.0187742 0.0154165 0.0129101 0.010859
 1.01114e-16 6.96439e-05 0.000676964 0.00449866 0.0204503 0.0636284 0.135568 0.197868 0.19788 0.13563 0.0638388 0.0210578 0.00602333 0.00400463 0.00638745 0.0104442 0.0150259 0.0188687 0.0207346 0.0200528 0.0172554 0.0134827 0.00990145 0.00716745 0.00534058 0.0041446
 1.01912e-16 3.79497e-05 0.000368885 0.00245137 0.0111436 0.0346722 0.0738745 0.107832 0.10788 0.0741077 0.0354551 0.0134044 0.00812344 0.012742 0.0235097 0.0387353 0.0556283 0.0695983 0.0759868 0.0726362 0.0611854 0.0459904 0.0315759 0.0205864 0.0134053 0.00906905
 1.03437e-16 6.06994e-05 0.00059002 0.00392089 0.0178238 0.0554566 0.118157 0.172457 0.172473 0.118236 0.055723 0.0185946 0.00586035 0.00483964 0.00817753 0.0135426 0.0197798 0.0254474 0.0290935 0.0300084 0.0285767 0.0258877 0.0229548 0.0201974 0.0175034 0.0146392
 1.03208e-16 5.18041e-05 0.000503554 0.00334629 0.0152118 0.0473297 0.100842 0.147188 0.147219 0.100991 0.0478293 0.0166549 0.00696804 0.00840804 0.0150586 0.0247998 0.0356906 0.0448233 0.0492724 0.0476975 0.0411445 0.0323372 0.0240479 0.0178102 0.0137181 0.0110566
 1.0513e-16 3.90446e-05 0.000379528 0.0025221 0.0114651 0.0356724 0.0760053 0.11094 0.11098 0.0761985 0.0363213 0.0133402 0.00723184 0.0106709 0.0196132 0.032438 0.0468982 0.059335 0.0660226 0.065211 0.0581174 0.0480052 0.0381418 0.0302564 0.0243987 0.019796
 1.06376e-16 5.07097e-05 0.000492916 0.0032756 0.0148904 0.0463298 0.0987114 0.144077 0.144101 0.0988297 0.0467273 0.01604 0.00616676 0.00682268 0.0121261 0.0201079 0.0292922 0.0375301 0.0426472 0.0436197 0.0411186 0.0369152 0.0326637 0.0290561 0.025862 0.0225453
 1.04085e-16 5.83542e-05 0.000567224 0.0037694 0.0171352 0.053314 0.113592 0.165795 0.165817 0.113697 0.0536679 0.0181578 0.0063376 0.00617775 0.0107261 0.0176729 0.0255314 0.0322756 0.0358818 0.0354248 0.0316175 0.026295 0.0212738 0.0174809 0.0148627 0.0128712
 1.06919e-16 1.70265e-05 0.000165504 0.00109983 0.00499972 0.0155563 0.0331467 0.048392 0.0484557 0.0334583 0.0166024 0.00802123 0.00868482 0.0167255 0.0314731 0.0520189 0.0749671 0.0943426 0.10405 0.101266 0.0880996 0.0701202 0.0529877 0.0398252 0.0308468 0.0246776
 1.10294e-16 5.25973e-05 0.000511265 0.00339753 0.0154447 0.0480543 0.102385 0.149437 0.149449 0.102446 0.048258 0.016037 0.00489817 0.00383331 0.00649716 0.0110116 0.0166837 0.0227076 0.0282499 0.0328614 0.0365838 0.0395902 0.0417089 0.0423233 0.0407606 0.0368184
 1.09723e-16 3.86106e-05 0.000375308 0.00249406 0.0113377 0.0352759 0.0751604 0.109707 0.109747 0.0753561 0.0359327 0.0132348 0.00725593 0.0107704 0.0197815 0.0326474 0.0470496 0.0592426 0.0654647 0.0640601 0.056507 0.0464362 0.0374293 0.0312892 0.0277936 0.0256126
 1.12775e-16 2.86858e-05 0.000278836 0.00185297 0.00842334 0.0262084 0.0558412 0.0815103 0.0815508 0.0560392 0.0268738 0.010348 0.00669376 0.0108782 0.0202522 0.0336802 0.0490875 0.0629299 0.0715796 0.0733302 0.0693109 0.0624955 0.0556662 0.0499958 0.0450989 0.0400456
 1.10206e-16 5.32518e-05 0.000517626 0.00343981 0.0156369 0.0486522 0.103659 0.151298 0.151316 0.103747 0.0489458 0.0164866 0.00558004 0.00521391 0.00904382 0.015056 0.0221312 0.0287834 0.0335305 0.0357061 0.0358008 0.0349763 0.0341636 0.0334942 0.0324318 0.0303369
 1.06803e-16 4.75609e-05 0.000462309 0.00307221 0.0139658 0.043453 0.0925825 0.135134 0.135166 0.0927394 0.0439799 0.0154876 0.00689262 0.00880413 0.015896 0.0262209 0.0378118 0.047654 0.0527186 0.0516427 0.0455528 0.0372951 0.0297039 0.0242507 0.0208582 0.0186088
 1.1046e-16 1.95067e-05 0.000189613 0.00126004 0.00572801 0.0178223 0.0379742 0.0554358 0.05549 0.0382391 0.0187119 0.00829936 0.00772067 0.0143138 0.0269041 0.0446046 0.0646209 0.0820331 0.0918083 0.0915938 0.0830435 0.0705317 0.058359 0.04868 0.0413684 0.0352483
 1.21931e-16 2.56233e-05 0.000249068 0.00165515 0.00752407 0.0234103 0.0498791 0.0728054 0.0728315 0.0500067 0.02384 0.00877095 0.00480727 0.00720423 0.0134529 0.0227729 0.0341496 0.0457823 0.0558005 0.0633035 0.0686835 0.0728585 0.0761114 0.0776135 0.0760073 0.0704549
 1.08264e-16 6.68555e-05 0.00064986 0.00431855 0.0196315 0.0610809 0.13014 0.189944 0.189953 0.130182 0.0612247 0.0200477 0.00536623 0.00294719 0.00446084 0.00735277 0.0107903 0.0140206 0.0163456 0.0175027 0.0178274 0.0179876 0.0184898 0.0193452 0.0201125 0.0202117
pSPR Fmed_Fpbrs
0.636206   0.285572 0.285572
Fs Fmed_Fpbrs
0.296607   1.005 1.005
SSBpbr Bo_Bmed_Bpbrs
1.83731e+06  1.07704e+06  432819 432819
Ro
172410
SPR SPRFo_SPRFmed_SPRFpbrs
1.23237e+06 784044 351932
Fref
1.005
Nvult_r0
 271462 17363.9 7286.71 8531.03 3076.01
CTP_r0
 26824 3122.97 1310.54 1534.34 553.232
YTP_r0
391311
Np
 250317 133509 7281.08 3055.48 4634.11
Nvult_p0
 194603 115531 6300.61 2644.03 4010.08
CTP_p0
 65083.5 57909.3 3158.16 1325.31 2010.04
YTP_p0
 1.6042e+06
CBA_c0
755178
log_Ro
11.8776
likeval ReclasPelacesDesembMPH_pf_preclas_ppelaces_ptallas_desvR_qrecl_qpela
 19.1129 24.0896 0.106684 0.00286044 250.517 135.337 105.655 0 26.7986 0 0 0.0982154 0 0 0
q_reclas_q_pelaces
1 1
M
1
N
 192264 150318 57930.7 0.77966 4269.58
 80803.6 64740.7 46330.5 17855.1 1316.19
 112871 25593.6 17655.2 12634.6 5228.14
 111515 35818.9 7006.21 4833.09 4889.91
 102188 31125.2 7585.24 1483.68 2059.01
 245357 33824 9269.57 2259 1055.07
 86984.9 74165.1 8400.83 2302.28 823.112
 36038 22033.1 12934.7 1465.14 545.081
 32627.2 12441.5 7138.32 4190.61 651.275
 70428.7 9146.73 2657.91 1524.97 1034.38
 118030 18561.9 1727.06 501.859 483.25
 134479 40480 5934.89 552.201 314.973
 124830 37323.8 8476.13 1242.71 181.578
 89333.8 35314.9 8120.07 1844.04 309.865
 139933 21245.2 5429.29 1248.38 331.141
 423134 41024.1 4963.55 1268.45 369.025
 204409 121060 9128.14 1104.43 364.351
 517589 66999.2 35353.7 2665.73 428.932
 539922 162371 17923 9457.48 827.853
 319410 160015 38766.9 4279.2 2455.68
 428432 98291.1 41189.4 9978.97 1733.62
 741315 135958 26906.2 11275.2 3206.21
 132014 227436 34786.4 6884.28 3705.24
 420187 44415.2 69980.2 10703.5 3258.31
 295989 140988 13592.7 21416.5 4272.83
 156514 99825.8 43592.4 4202.75 7942.94
 347048 53539.9 31752.9 13866 3863.34
 373002 115615 16151.7 9579.08 5348.51
 100438 125806 35751.1 4994.53 4616.01
 74251.7 34536 40433.6 11490.2 3088.78
 404971 24645 10342.2 12108.3 4365.85
pred_Ctot
 10365.9 15634.7 6025.4 0.0810928 444.081
 7187.94 10848 7763.19 2991.83 220.542
 9920.24 4240.21 2925.03 2093.24 866.171
 17395 10045 1964.82 1355.39 1371.32
 6531.95 3812.25 929.047 181.723 252.189
 28105 7170.38 1965.07 478.888 223.665
 17651.9 26169.1 2964.22 812.356 290.434
 1409.62 1679.27 985.827 111.667 41.5437
 5017.37 3445.03 1976.58 1160.37 180.337
 12971.2 2968.69 862.659 494.95 335.722
 5082.35 1553.26 144.521 41.9956 40.4384
 21357.9 11535.2 1691.21 157.355 89.7548
 18620.2 10057.4 2284.01 334.865 48.9287
 20681.3 13925.3 3201.89 727.14 122.185
 18298.9 5083.9 1299.21 298.732 79.2408
 60684.7 10671.6 1291.16 329.962 95.9942
 14221.2 16076.6 1212.2 146.665 48.385
 48810.4 11857.7 6257.02 471.789 75.9138
 67524.2 37307.4 4118.1 2173.01 190.213
 33498.4 31266.2 7574.88 836.137 479.829
 37658.8 16286 6824.72 1653.43 287.246
 78962.8 26950.8 5333.59 2235.07 635.563
 7183.3 23866.3 3650.36 722.411 388.814
 23528.2 4791.1 7548.82 1154.6 351.477
 15683.1 14420.5 1390.28 2190.52 437.033
 6980.79 8643.57 3774.51 363.901 687.751
 20886.5 6189.84 3671.01 1603.07 446.647
 19751.4 11818.2 1651.04 979.18 546.728
 4169.53 10160 2887.21 403.352 372.783
 4627.71 4128.82 4833.89 1373.67 369.268
 26824 3122.97 1310.54 1534.34 553.232
F
 0.0884783 0.176957 0.176957 0.176957 0.176957
 0.14968 0.29936 0.29936 0.29936 0.29936
 0.147772 0.295544 0.295544 0.295544 0.295544
 0.276136 0.552271 0.552271 0.552271 0.552271
 0.105641 0.211282 0.211282 0.211282 0.211282
 0.196419 0.392839 0.392839 0.392839 0.392839
 0.37319 0.74638 0.74638 0.74638 0.74638
 0.0635339 0.127068 0.127068 0.127068 0.127068
 0.27175 0.543501 0.543501 0.543501 0.543501
 0.333488 0.666976 0.666976 0.666976 0.666976
 0.0701325 0.140265 0.140265 0.140265 0.140265
 0.281777 0.563554 0.563554 0.563554 0.563554
 0.262646 0.525292 0.525292 0.525292 0.525292
 0.436248 0.872495 0.872495 0.872495 0.872495
 0.227005 0.45401 0.45401 0.45401 0.45401
 0.251399 0.502797 0.502797 0.502797 0.502797
 0.115443 0.230885 0.230885 0.230885 0.230885
 0.159299 0.318598 0.318598 0.318598 0.318598
 0.216158 0.432316 0.432316 0.432316 0.432316
 0.178543 0.357086 0.357086 0.357086 0.357086
 0.147788 0.295577 0.295577 0.295577 0.295577
 0.181558 0.363117 0.363117 0.363117 0.363117
 0.0893271 0.178654 0.178654 0.178654 0.178654
 0.0920253 0.184051 0.184051 0.184051 0.184051
 0.0868964 0.173793 0.173793 0.173793 0.173793
 0.0727213 0.145443 0.145443 0.145443 0.145443
 0.0992013 0.198403 0.198403 0.198403 0.198403
 0.0868406 0.173681 0.173681 0.173681 0.173681
 0.0675414 0.135083 0.135083 0.135083 0.135083
 0.102886 0.205772 0.205772 0.205772 0.205772
 0.109647 0.219295 0.219295 0.219295 0.219295
YTP_r0W_actual
 228004 50904.4 37874.7 53395 21133.5
YTP_p0W_proyectada
 489428 933498 73837.8 39096.7 68341.3
CTP_r0_actual
 26824 3122.97 1310.54 1534.34 553.232
CTP_p0_proyectada
 65083.5 57909.3 3158.16 1325.31 2010.04
Wmedp
 7.52 16.12 23.38 29.5 34
Frms_r0
 0.109647 0.219295 0.219295 0.219295 0.219295
Zrms_r0
 1.10965 1.21929 1.21929 1.21929 1.21929
nmprior
 8.19 8.8 8.5 0
nm_flota  nm_reclas  nm_pelaces    nm_pelaL
inf 7.03094 8.69516 16.6365
cv_recla  cv_pelaces  cv_mph
0.395447 0.556528 1.65052
 ------------------------------------------------
Talla a la edad & desviaci?n 
 8 13.2811 15.8009 17.003 17.5766
 0.8 1.32811 1.58009 1.7003 1.75766
