years
 1991 1992 1993 1994 1995 1996 1997 1998 1999 2000 2001 2002 2003 2004 2005 2006 2007 2008 2009 2010 2011 2012 2013 2014 2015 2016 2017 2018 2019 2020 2021
reclasobs
 0 0 0 0 0 0 0 0 0 252601 567819 844713 477998 351125 339783 2.1784e+06 2.13404e+06 4.81314e+06 1.55562e+06 2.62356e+06 3.21686e+06 3.843e+06 1.13348e+06 3.07943e+06 1.97215e+06 2.03268e+06 2.025e+06 2.42433e+06 2.27542e+06 1.05018e+06 2.36338e+06
reclaspred
 4.02871e+06 1.52928e+06 834343 459395 113895 1.88867e+06 809452 349203 127157 205921 345229 621914 567516 405511 318859 1.78198e+06 1.22585e+06 4.22312e+06 3.39071e+06 1.93e+06 3.74828e+06 3.31953e+06 2.01598e+06 3.60048e+06 2.42043e+06 1.70417e+06 2.57441e+06 3.49722e+06 2.56918e+06 1.09974e+06 1.6304e+06
pelacesobs
 0 0 0 0 0 0 0 0 0 0 0 0 0 0 0 552880 188675 0 991730 2.46772e+06 1.41603e+06 1.21717e+06 2.29649e+06 1.80582e+06 0 1.4828e+06 1.56532e+06 1.57751e+06 1.42118e+06 867257 1.10002e+06
pelacespred
 1.09381e+06 428490 201176 73455.7 18949.8 475871 158803 92459.5 19212.4 38893 83401.8 123414 123861 85788.3 67523.6 376683 258221 1.10029e+06 867925 457961 899966 803638 493250 1.0123e+06 640771 447987 788174 1.04555e+06 638882 315396 437352
mphobs
 0 0 0 0 0 0 0 0 0 0 0 498337 0 5186 125008 0 168611 109162 213762 579715 649985 157893 87575 83554 0 0 0 0 0 0 0
mphpred
 2.39916e+06 1.1624e+06 329461 248735 81786.3 20842.3 578311 188196 72280.4 13761.6 37827.9 120108 160518 113216 58914 63883 618170 381932 1.34089e+06 915017 714206 1.0545e+06 1.07708e+06 661957 1.10719e+06 787912 506558 734876 1.35068e+06 750269 289324
desembarqueobs
 494567 514787 250237 358949 120608 361735 552515 73892 212993 205616 52469 317467 293654 387597 252695 516296 358380 742168 942051 627588 828172 859565 418607 520667 417249 300574 415391 372974 316634 284311 391294
desembarquepred
 494528 514766 249622 358784 120542 361579 551896 73872.2 212739 205453 52460.9 317237 293401 387038 252441 515957 358257 741748 940905 626750 827766 858900 418397 520494 417030 300394 415196 372818 316487 284118 391119
Reclutas
 26751.5 17801.4 173244 26250.9 10183.8 316281 19899.9 5207.43 16935 58593.6 54131.8 123150 84976 67907.9 47706.2 397885 22791.8 666998 321174 169678 383268 516768 32171.5 280186 179833 56035.5 236097 304954 32973.1 17065.7 165283
log_desv_Rt
 -1.07482 -1.48214 0.793286 -1.09371 -2.04061 1.39522 -1.3707 -2.71133 -1.53203 -0.29079 -0.369994 0.45199 0.0809546 -0.143263 -0.496353 1.62475 -1.23501 2.14137 1.41057 0.772487 1.58732 1.88618 -0.890334 1.27404 0.830612 -0.335429 1.10283 1.35875 -0.865723 -1.52434 0.746246
SSB
 2.39916e+06 1.1624e+06 329461 248735 81786.3 20842.3 578311 188196 72280.4 13761.6 37827.9 120108 160518 113216 58914 63883 618170 381932 1.34089e+06 915017 714206 1.0545e+06 1.07708e+06 661957 1.10719e+06 787912 506558 734876 1.35068e+06 750269 289324
BT
 2.97406e+06 1.5402e+06 699578 434988 148407 1.41774e+06 853502 282353 245822 285135 236116 545726 549900 599880 406458 1.27614e+06 877554 3.20945e+06 2.89242e+06 1.63458e+06 2.77474e+06 2.62882e+06 1.50074e+06 2.83044e+06 1.86865e+06 1.30772e+06 2.25466e+06 2.78292e+06 1.73767e+06 1.02685e+06 1.39106e+06
Ftot
 0.206159 0.545812 0.55291 1.19879 1.54781 0.405826 1.04187 0.359449 2.36777 1.77799 0.310773 0.945194 0.927169 1.61593 1.42397 0.597537 0.486137 0.359776 0.498077 0.570732 0.422339 0.483063 0.349537 0.285371 0.308826 0.309148 0.319123 0.212466 0.208263 0.430462 0.474387
BD_Bspro_t
 0.967553 0.747315 0.442314 0.399354 0.154621 0.0615129 0.527962 0.236287 0.142258 0.0418915 0.128638 0.379623 0.315867 0.217587 0.124114 0.138699 0.476743 0.356034 0.589488 0.461636 0.364094 0.454526 0.483969 0.405744 0.56312 0.540218 0.497299 0.612882 0.719704 0.593562 0.415608
BD_Bspro
 4.28292 2.07509 0.588147 0.444036 0.146003 0.0372072 1.03239 0.335963 0.129033 0.0245669 0.0675295 0.214415 0.286554 0.202111 0.105172 0.114043 1.10354 0.681817 2.39372 1.63347 1.27498 1.88247 1.92277 1.18171 1.97653 1.40656 0.904297 1.31188 2.41121 1.33936 0.516495
BD_Bo
 1.44691 0.701034 0.198695 0.15001 0.0493246 0.0125698 0.348774 0.113499 0.0435917 0.00829951 0.0228136 0.0724363 0.0968072 0.0682796 0.0355305 0.0385273 0.372813 0.23034 0.808678 0.551839 0.430731 0.635958 0.649575 0.399221 0.667737 0.475183 0.305501 0.443197 0.814586 0.452481 0.174489
BD_Brms
 8.65946 4.19554 1.18915 0.897778 0.295197 0.0752277 2.08734 0.679269 0.260887 0.0496709 0.136535 0.433516 0.579371 0.40864 0.212643 0.230578 2.23121 1.37854 4.83977 3.30264 2.57784 3.80608 3.88757 2.38925 3.99627 2.84387 1.82836 2.65244 4.87513 2.708 1.04428
Sel_flota
 0.772819 1 1 1 1
 0.772819 1 1 1 1
 0.772819 1 1 1 1
 0.772819 1 1 1 1
 0.772819 1 1 1 1
 0.772819 1 1 1 1
 0.772819 1 1 1 1
 0.772819 1 1 1 1
 0.772819 1 1 1 1
 0.772819 1 1 1 1
 0.772819 1 1 1 1
 0.772819 1 1 1 1
 0.772819 1 1 1 1
 0.772819 1 1 1 1
 0.772819 1 1 1 1
 0.772819 1 1 1 1
 0.772819 1 1 1 1
 0.772819 1 1 1 1
 0.772819 1 1 1 1
 0.772819 1 1 1 1
 0.772819 1 1 1 1
 0.772819 1 1 1 1
 0.772819 1 1 1 1
 0.772819 1 1 1 1
 0.772819 1 1 1 1
 0.772819 1 1 1 1
 0.772819 1 1 1 1
 0.772819 1 1 1 1
 0.772819 1 1 1 1
 0.772819 1 1 1 1
 0.772819 1 1 1 1
Sel_reclas
 1 1 1 1 1
 1 1 1 1 1
 1 1 1 1 1
 1 1 1 1 1
 1 1 1 1 1
 1 1 1 1 1
 1 1 1 1 1
 1 1 1 1 1
 1 1 1 1 1
 1 1 1 1 1
 1 1 1 1 1
 1 1 1 1 1
 1 1 1 1 1
 1 1 1 1 1
 1 1 1 1 1
 1 1 1 1 1
 1 1 1 1 1
 1 1 1 1 1
 1 1 1 1 1
 1 1 1 1 1
 1 1 1 1 1
 1 1 1 1 1
 1 1 1 1 1
 1 1 1 1 1
 1 1 1 1 1
 1 1 1 1 1
 1 1 1 1 1
 1 1 1 1 1
 1 1 1 1 1
 1 1 1 1 1
 1 1 1 1 1
Sel_pelaces
 1 1 1 1 1
 1 1 1 1 1
 1 1 1 1 1
 1 1 1 1 1
 1 1 1 1 1
 1 1 1 1 1
 1 1 1 1 1
 1 1 1 1 1
 1 1 1 1 1
 1 1 1 1 1
 1 1 1 1 1
 1 1 1 1 1
 1 1 1 1 1
 1 1 1 1 1
 1 1 1 1 1
 1 1 1 1 1
 1 1 1 1 1
 1 1 1 1 1
 1 1 1 1 1
 1 1 1 1 1
 1 1 1 1 1
 1 1 1 1 1
 1 1 1 1 1
 1 1 1 1 1
 1 1 1 1 1
 1 1 1 1 1
 1 1 1 1 1
 1 1 1 1 1
 1 1 1 1 1
 1 1 1 1 1
 1 1 1 1 1
pf_obs 
 0.8446 0.082 0.0669 0.0065 0
 0.8095 0.147 0.0364 0.0071 0
 0.9664 0.0169 0.016 0.0007 0
 0.9276 0.0648 0.0075 0.0001 0
 0.7033 0.2144 0.0806 0.0017 0
 0.9318 0.0425 0.0243 0.0014 0
 0.5671 0.3108 0.0964 0.0239 0.0018
 0.0768 0.2599 0.5324 0.112 0.0189
 0.490249 0.384438 0.106611 0.0170017 0.00170017
 0.7925 0.1577 0.0466 0.003 0.0002
 0.840416 0.127587 0.0312969 0.00059994 9.999e-05
 0.8084 0.0986 0.0794 0.0134 0.0002
 0.7335 0.1905 0.0724 0.0035 0.0001
 0.4001 0.4547 0.1325 0.0127 0
 0.49795 0.308269 0.164784 0.0264974 0.00249975
 0.9179 0.0499 0.0305 0.0017 0
 0.2467 0.6533 0.0926 0.0074 0
 0.9418 0.0223 0.034 0.0019 0
 0.707729 0.231977 0.0356964 0.0245975 0
 0.517169 0.277429 0.184464 0.0207286 0.00020938
 0.811772 0.124168 0.05621 0.00726502 0.000585176
 0.764997 0.148141 0.077277 0.00933861 0.000247198
 0.163321 0.427699 0.378323 0.0303852 0.000271297
 0.753843 0.0900009 0.118128 0.0371064 0.000921714
 0.721811 0.176058 0.0630433 0.0369309 0.00215725
 0.143369 0.312575 0.442814 0.0836902 0.0175525
 0.692698 0.0596174 0.167031 0.0765114 0.00414204
 0.394062 0.376323 0.152708 0.0712218 0.00568511
 0.125707 0.32114 0.495352 0.0537591 0.00404204
 0.23352 0.215282 0.420074 0.123614 0.00750983
 0.774587 0.0839891 0.0768558 0.0609784 0.00358967
pf_pred 
 0.123536 0.20747 0.596628 0.0723653 7.93154e-07
 0.213474 0.124215 0.156777 0.45085 0.0546844
 0.899903 0.0275225 0.0114615 0.0144661 0.0466466
 0.33147 0.619283 0.0135409 0.005639 0.030067
 0.500039 0.217188 0.261942 0.00572747 0.0151028
 0.992862 0.00443859 0.00117252 0.00141413 0.000112455
 0.163465 0.832165 0.00271782 0.000717955 0.000934754
 0.224369 0.176681 0.59582 0.00194593 0.00118332
 0.747028 0.0714119 0.0413576 0.13947 0.000732494
 0.977551 0.0190694 0.00095417 0.000552599 0.00187331
 0.886132 0.112362 0.00127979 6.40368e-05 0.000162809
 0.856895 0.13067 0.0122707 0.000139762 2.47731e-05
 0.744637 0.229567 0.0235543 0.00221189 2.96589e-05
 0.758056 0.196477 0.0408735 0.00419376 0.000399099
 0.827494 0.144743 0.0225455 0.00469018 0.000527024
 0.980028 0.0176813 0.00192182 0.000299347 6.92714e-05
 0.164163 0.823913 0.0105565 0.00114741 0.000220082
 0.951846 0.0102975 0.0373163 0.00047812 6.1936e-05
 0.57357 0.411134 0.00327102 0.0118536 0.00017155
 0.527267 0.307795 0.159022 0.00126519 0.00465121
 0.823647 0.107579 0.0447785 0.0231348 0.000860729
 0.779845 0.190437 0.0181282 0.00754563 0.00404348
 0.140009 0.714321 0.126007 0.011995 0.00766821
 0.816607 0.0332 0.124753 0.0220066 0.00343408
 0.596972 0.345378 0.0104365 0.0392163 0.00799733
 0.362905 0.424696 0.182017 0.00550011 0.0248819
 0.834114 0.072111 0.0625114 0.0267913 0.00447196
 0.755294 0.213324 0.0136418 0.0118258 0.00591432
 0.179957 0.659583 0.139882 0.00894529 0.0116326
 0.2307 0.173906 0.478892 0.101561 0.0149406
 0.89616 0.0302965 0.016625 0.0457809 0.0111373
pobs_RECLAS
 0 0 0 0 0
 0 0 0 0 0
 0 0 0 0 0
 0 0 0 0 0
 0 0 0 0 0
 0 0 0 0 0
 0 0 0 0 0
 0 0 0 0 0
 0 0 0 0 0
 0 0 0 0 0
 0.991045 0.00858322 0.000360255 1.14367e-05 0
 0.934742 0.0480273 0.0164251 0.00080598 0
 0.827803 0.169806 0.00239088 0 0
 0.941827 0.0461693 0.0120037 0 0
 0.791401 0.0380133 0.147996 0.0225897 0
 0.846168 0.0940531 0.0597789 0 0
 0.134021 0.677848 0.182769 0.00536245 0
 0.80878 0.0450904 0.141981 0.00414843 0
 0.846168 0.0940531 0.0597789 0 0
 0.905697 0.0802665 0.012482 0.00150086 5.37128e-05
 0.989698 0.0102097 9.19794e-05 0 0
 0.975433 0.0193895 0.00387452 0.00125025 5.28907e-05
 0.303575 0.632131 0.0575291 0.00676475 0
 0.966965 0.00978017 0.0227588 0.000495775 0
 0.843318 0.132988 0.00938335 0.0141283 0.000182051
 0.564624 0.303363 0.111486 0.0197234 0.00080311
 0.826376 0.0876187 0.0782897 0.00655872 0.00115652
 0.89761 0.0855135 0.0140674 0.00269457 0.000114338
 0.34875 0.467042 0.161289 0.0227151 0.000203297
 0.318654 0.224769 0.449479 0.00709798 0
 0.937255 0.0296025 0.0250945 0.00804832 0
ppred_RECLAS
 0.154839 0.20006 0.57532 0.0697808 7.64826e-07
 0.262773 0.116429 0.14695 0.422591 0.0512568
 0.921933 0.0214651 0.00893899 0.0112823 0.0363802
 0.401301 0.554596 0.0121265 0.00504998 0.0269264
 0.579713 0.182577 0.220199 0.00481474 0.012696
 0.99453 0.00340133 0.000898516 0.00108366 8.61756e-05
 0.207645 0.788215 0.00257428 0.000680037 0.000885386
 0.274094 0.165354 0.557623 0.00182117 0.00110746
 0.81172 0.0531499 0.0307813 0.103803 0.000545175
 0.983855 0.013714 0.000686205 0.000397409 0.00134722
 0.910262 0.0885504 0.00100858 5.04664e-05 0.000128307
 0.888807 0.101531 0.00953432 0.000108595 1.92488e-05
 0.795476 0.183864 0.018865 0.00177154 2.37543e-05
 0.812709 0.152095 0.0316406 0.00324642 0.000308946
 0.867842 0.110889 0.0172723 0.00359319 0.000403758
 0.984747 0.0135033 0.00146771 0.000228614 5.29031e-05
 0.204708 0.783946 0.0100444 0.00109175 0.000209406
 0.962689 0.00797874 0.0289137 0.00037046 4.79896e-05
 0.638136 0.348883 0.00277575 0.0100589 0.000145576
 0.594494 0.264024 0.136408 0.00108527 0.00398977
 0.859316 0.0858204 0.0357216 0.0184555 0.000686637
 0.822753 0.153321 0.014595 0.006075 0.00325541
 0.175219 0.685074 0.120848 0.0115039 0.00735425
 0.852938 0.0266229 0.100038 0.0176469 0.00275377
 0.658772 0.292418 0.00883616 0.0332029 0.00677102
 0.426094 0.382573 0.163964 0.00495459 0.0224141
 0.867649 0.0575335 0.0498744 0.0213753 0.00356794
 0.800502 0.173914 0.0111216 0.00964108 0.0048217
 0.221946 0.625811 0.132719 0.00848726 0.011037
 0.281762 0.162363 0.447105 0.0948202 0.013949
 0.918738 0.023709 0.0130102 0.0358267 0.0087157
pobs_PELACES
 0 0 0 0 0
 0 0 0 0 0
 0 0 0 0 0
 0 0 0 0 0
 0 0 0 0 0
 0 0 0 0 0
 0 0 0 0 0
 0 0 0 0 0
 0 0 0 0 0
 0 0 0 0 0
 0 0 0 0 0
 0 0 0 0 0
 0 0 0 0 0
 0 0 0 0 0
 0 0 0 0 0
 0 0 0 0 0
 0.505614 0.472636 0.0217494 0 0
 0 0 0 0 0
 0.443492 0.261883 0.143347 0.151278 0
 0.227955 0.32914 0.350689 0.0885471 0.00366901
 0.970185 0.0296113 0.000203453 0 0
 0.997202 0.00247181 0.000326279 0 0
 0.445219 0.490057 0.0546422 0.010081 0
 0.90214 0.0892962 0.00764917 0.000914606 0
 0 0 0 0 0
 0.581667 0.319106 0.0959925 0.00289975 0.000334073
 0.762889 0.0836404 0.116647 0.0363945 0.000428098
 0.88444 0.0763242 0.0277011 0.0115352 0
 0.521256 0.241999 0.230069 0.00667565 0
 0.616807 0.101726 0.260614 0.0208532 0
 0.833518 0.0704572 0.0857862 0.0102388 0
ppred_PELACES
 0.156872 0.199578 0.573935 0.0696129 7.62986e-07
 0.270776 0.115165 0.145355 0.418003 0.0507003
 0.924865 0.020659 0.0086033 0.0108586 0.035014
 0.423072 0.534429 0.0116855 0.00486634 0.0259473
 0.607696 0.170421 0.205538 0.00449418 0.0118507
 0.994693 0.00329995 0.000871734 0.00105136 8.3607e-05
 0.22079 0.775139 0.00253157 0.000668756 0.000870698
 0.279488 0.164126 0.553479 0.00180764 0.00109923
 0.837363 0.0459111 0.026589 0.0896658 0.000470924
 0.985841 0.0120268 0.000601784 0.000348518 0.00118147
 0.912147 0.0866903 0.000987398 4.94063e-05 0.000125612
 0.89562 0.09531 0.00895017 0.000101942 1.80694e-05
 0.806553 0.173906 0.0178433 0.00167559 2.24677e-05
 0.830455 0.137684 0.0286426 0.00293882 0.000279673
 0.879612 0.101013 0.015734 0.00327316 0.000367797
 0.985406 0.0129204 0.00140435 0.000218745 5.06193e-05
 0.210706 0.778034 0.00996866 0.00108352 0.000207827
 0.963646 0.00777413 0.0281722 0.00036096 4.67589e-05
 0.646714 0.340614 0.00270995 0.00982044 0.000142125
 0.604765 0.257336 0.132952 0.00105778 0.0038887
 0.8631 0.0835118 0.0347607 0.0179591 0.000668167
 0.827973 0.148806 0.0141652 0.0058961 0.00315955
 0.179039 0.681902 0.120289 0.0114506 0.0073202
 0.855601 0.0261407 0.0982267 0.0173273 0.0027039
 0.663957 0.287974 0.00870188 0.0326983 0.00666813
 0.431772 0.378789 0.162342 0.00490558 0.0221923
 0.870372 0.0563496 0.0488482 0.0209355 0.00349452
 0.803033 0.171707 0.0109805 0.00951874 0.00476052
 0.224654 0.623633 0.132257 0.00845772 0.0109986
 0.288339 0.160877 0.443011 0.093952 0.0138212
 0.921354 0.0229458 0.0125914 0.0346733 0.00843513
pobs_pel_tallas
 0 0 0 0 0 0 0 0 0 0 0 0 0 0 0 0 0 0 0 0 0 0 0 0 0 0
 0 0 0 0 0 0 0 0 0 0 0 0 0 0 0 0 0 0 0 0 0 0 0 0 0 0
 0 0 0 0 0 0 0 0 0 0 0 0 0 0 0 0 0 0 0 0 0 0 0 0 0 0
 0 0 0 0 0 0 0 0 0 0 0 0 0 0 0 0 0 0 0 0 0 0 0 0 0 0
 0 0 0 0 0 0 0 0 0 0 0 0 0 0 0 0 0 0 0 0 0 0 0 0 0 0
 0 0 0 0 0 0 0 0 0 0 0 0 0 0 0 0 0 0 0 0 0 0 0 0 0 0
 0 0 0 0 0 0 0 0 0 0 0 0 0 0 0 0 0 0 0 0 0 0 0 0 0 0
 0 0 0 0 0 0 0 0 0 0 0 0 0 0 0 0 0 0 0 0 0 0 0 0 0 0
 0 0 0 0 0 0 0 0 0 0 0 0 0 0 0 0 0 0 0 0 0 0 0 0 0 0
 0 0 0 0 0 0 0 0 0 0 0 0 0 0 0 0 0 0 0 0 0 0 0 0 0 0
 0 0 0 0 0 0 0 0 0 0 0 0 0 0 0 0 0 0 0 0 0 0 0 0 0 0
 0 0 0 0 0 0 0 0 0 0 0 0 0 0 0 0 0 0 0 0 0 0 0 0 0 0
 0.00862536 0 0 0.000197151 0.00414017 0.0128641 0.00837892 0.0270097 0.101434 0.158115 0.152841 0.127902 0.109271 0.109419 0.0830992 0.0579132 0.0238553 0.00714673 0.00463305 0.00128148 0.00103504 0.000492878 0.000147863 0.000147863 4.92878e-05 0
 0 0 0 0 0 0 0 0 0 0 0 0 0 0 0 0 0 0 0 0 0 0 0 0 0 0
 0 0 0 0 0 0 0 0.0054083 0.00873648 0.0413646 0.0450493 0.0745869 0.0622846 0.0627006 0.0613931 0.0827291 0.12552 0.122667 0.0946155 0.0697135 0.0546179 0.0294188 0.0215738 0.0213955 0.0102223 0.00600262
 0 0 0 0 0.00359764 0.0251062 0.0480494 0.140153 0.205849 0.193036 0.1447 0.116669 0.0760912 0.0342217 0.00950174 0.001854 0.000860785 0 0 0 0.000165536 0 0.000143464 0 0 0
 0 0 0 0 0 0 0 0.000145254 0.000435761 0.0275982 0.070085 0.0708112 0.156366 0.174668 0.174014 0.160142 0.0824315 0.0480064 0.0283245 0.00493863 0.00203355 0 0 0 0 0
 0 0 0 0 0 0 0 0 0 0 0 0 0 0 0 0 0 0 0 0 0 0 0 0 0 0
 0 0 1.00437e-05 0.000401748 0.00122533 0.00171747 0.00176769 0.0269171 0.070346 0.194647 0.189555 0.159765 0.064822 0.0314167 0.0384472 0.0292271 0.0345202 0.0313363 0.0194345 0.0106764 0.0143323 0.0359363 0.0279516 0.0138201 0.00172751 0
 0 0.0021121 0.0136068 0.0755702 0.200478 0.177729 0.0527432 0.0373336 0.0318909 0.0142505 0.0149659 0.0166563 0.0217959 0.0798694 0.0677717 0.0528807 0.04013 0.0224614 0.0357745 0.0225083 0.00881397 0.00855152 0.00135912 0.000746735 0 0
 0 0 0 0 5.4009e-05 0.00500934 0.000945158 0.0243581 0.138947 0.33067 0.221406 0.137944 0.0707744 0.0437923 0.0131692 0.00525238 0.0047753 0.00276346 9.45158e-05 9.00151e-06 2.25038e-05 9.00151e-06 4.50075e-06 0 0 0
 0.000866109 0.00284123 0.00948549 0.0512746 0.133035 0.25785 0.225252 0.132002 0.0553304 0.0519788 0.0540692 0.017754 0.00435017 0.00159236 0.00146478 0.000404838 0.000125132 0.000115318 0.000107957 0.000100596 0 0 0 0 0 0
 0 0 0 0 0.00144013 0.00171154 0.00461396 0.0210425 0.0478622 0.0707936 0.0888783 0.103762 0.0637923 0.0337046 0.0602308 0.124433 0.169614 0.0934646 0.0462172 0.0250306 0.0313229 0.00938855 0.002487 0.000210481 0 0
 0 0.00764035 0.051015 0.0998891 0.058973 0.0496711 0.0374665 0.0718981 0.12319 0.153886 0.159021 0.0857701 0.0377988 0.023471 0.0147837 0.00900784 0.00315554 0.000888139 0.00291439 0.00214683 0.00393193 0.00274676 0.000635225 9.99891e-05 0 0
 0 0 0 0 0 0 0 0 0 0 0 0 0 0 0 0 0 0 0 0 0 0 0 0 0 0
 0 0 0 0 0 0 0 0 0 0 0 0 0 0 0 0 0 0 0 0 0 0 0 0 0 0
 0 0 0 0 0 0 0 0 0 0 0 0 0 0 0 0 0 0 0 0 0 0 0 0 0 0
 0 0 0 0 0 0 0 0 0 0 0 0 0 0 0 0 0 0 0 0 0 0 0 0 0 0
 0 0 0 0 0 0 0 0 0 0 0 0 0 0 0 0 0 0 0 0 0 0 0 0 0 0
 0 0 0 0 0 0 0 0 0 0 0 0 0 0 0 0 0 0 0 0 0 0 0 0 0 0
 0 0 0 0 0 0 0 0 0 0 0 0 0 0 0 0 0 0 0 0 0 0 0 0 0 0
ppred_pel_tallas
 1.23595e-16 1.29214e-05 0.000125601 0.000834662 0.00379427 0.0118055 0.0251536 0.0367166 0.0367367 0.0252522 0.0121391 0.00476897 0.00332295 0.0056953 0.0109942 0.0192071 0.0301164 0.0429748 0.0568529 0.0710655 0.0850681 0.097806 0.107238 0.11079 0.106638 0.0948898
 1.54724e-16 2.23035e-05 0.000216798 0.0014407 0.00654922 0.0203771 0.043416 0.0633694 0.0633808 0.0434722 0.0205668 0.00710213 0.00284826 0.003357 0.00619243 0.0107677 0.0169072 0.0243841 0.0331773 0.043792 0.0570967 0.0735365 0.0921927 0.110427 0.1245 0.130908
 1.07268e-16 7.61799e-05 0.000740496 0.00492086 0.0223695 0.0695998 0.14829 0.216434 0.216436 0.1483 0.0696329 0.0224653 0.00516257 0.00127215 0.00109832 0.00173014 0.00257399 0.00344275 0.00422664 0.00493815 0.00573348 0.00682369 0.008322 0.010131 0.0119419 0.0133391
 1.05353e-16 3.4848e-05 0.000338735 0.00225102 0.0102328 0.0318384 0.0678369 0.0990208 0.0990722 0.0680881 0.0326814 0.0126666 0.00835533 0.013649 0.0252681 0.0416008 0.059653 0.0744562 0.0809886 0.0769784 0.0643196 0.0478956 0.0327708 0.0218879 0.0155781 0.0125371
 1.08432e-16 5.00551e-05 0.000486554 0.00323332 0.0146982 0.0457317 0.0974368 0.142215 0.142232 0.0975186 0.0460071 0.0154972 0.00525225 0.00493846 0.00863528 0.0145354 0.0217206 0.0289474 0.0349198 0.0389424 0.0411586 0.0421172 0.0420933 0.0408186 0.037822 0.0329919
 1.00146e-16 8.19316e-05 0.000796404 0.00529239 0.0240584 0.0748547 0.159486 0.232774 0.232775 0.159487 0.0748599 0.0240736 0.00533045 0.000879684 0.000240634 0.000269587 0.000383902 0.000490306 0.000555797 0.00056814 0.000538627 0.000493318 0.0004556 0.000433575 0.000419979 0.000401317
 1.00486e-16 1.81863e-05 0.000176778 0.00117475 0.00534031 0.0166161 0.0354051 0.0516904 0.0517649 0.0357692 0.0178382 0.00886783 0.0100208 0.0194592 0.0365554 0.0601852 0.0861821 0.107292 0.11614 0.10933 0.0895441 0.0638679 0.0397604 0.0217222 0.0105574 0.00472108
 1.16382e-16 2.30211e-05 0.000223773 0.00148705 0.00675994 0.0210328 0.0448131 0.0654096 0.0654262 0.0448948 0.0213093 0.00756914 0.00355726 0.00487172 0.0092259 0.0161911 0.0255811 0.0368463 0.0492402 0.0620903 0.0746692 0.0856977 0.0931011 0.0945885 0.0888557 0.0765351
 1.09852e-16 6.89725e-05 0.000670437 0.00445529 0.0202531 0.063015 0.13426 0.195958 0.195962 0.134282 0.0630889 0.0204675 0.00499701 0.00186506 0.00237469 0.00391829 0.00588984 0.00797194 0.00992997 0.0117552 0.0136922 0.0160345 0.0188206 0.0216668 0.023873 0.0247294
 1.00256e-16 8.12025e-05 0.000789317 0.00524529 0.0238443 0.0741885 0.158067 0.230703 0.230704 0.158072 0.0742075 0.0238991 0.00538283 0.00108937 0.000650433 0.000945213 0.00135025 0.00169102 0.0018516 0.00178251 0.00152744 0.0011957 0.000898382 0.000696581 0.000591188 0.000546407
 1.00077e-16 7.51324e-05 0.000730314 0.00485319 0.0220619 0.0686428 0.146251 0.213459 0.213468 0.146292 0.0687795 0.0224565 0.00584276 0.00288755 0.00416326 0.00674052 0.00964801 0.0120173 0.0130201 0.0122767 0.0100851 0.0072344 0.00455425 0.00254389 0.00129142 0.000625221
 1.00297e-16 7.3771e-05 0.000717081 0.00476525 0.0216622 0.0673991 0.143601 0.209592 0.209601 0.143646 0.0675496 0.0220969 0.00585602 0.00309684 0.0045892 0.00745901 0.0107113 0.0134125 0.0146638 0.0140483 0.0118749 0.0089714 0.00619787 0.00405735 0.00262639 0.00173098
 1.00732e-16 6.64347e-05 0.000645769 0.00429136 0.0195079 0.0606965 0.129321 0.188751 0.188768 0.129403 0.0609712 0.0203013 0.00628229 0.00498991 0.00831062 0.0136176 0.0195711 0.0245269 0.0268542 0.0257956 0.0219136 0.0167113 0.0117439 0.00791253 0.00534158 0.00370535
 1.01204e-16 6.84035e-05 0.000664907 0.00441854 0.020086 0.0624952 0.133153 0.194344 0.194357 0.133218 0.0627132 0.0207159 0.00600012 0.00411955 0.0066353 0.0108764 0.0156956 0.0198074 0.0219442 0.0215116 0.018924 0.0152989 0.0117679 0.00894964 0.00689068 0.00534463
 1.00871e-16 7.24525e-05 0.000704264 0.00468009 0.021275 0.0661945 0.141035 0.205846 0.205856 0.141082 0.0663542 0.0217365 0.00583865 0.00323374 0.00487729 0.00795073 0.0114513 0.01441 0.0158904 0.0154584 0.0134328 0.0106604 0.00800335 0.00593978 0.00450825 0.00350897
 1.00075e-16 8.11666e-05 0.000788968 0.00524297 0.0238338 0.0741557 0.157997 0.230601 0.230602 0.158003 0.0741762 0.0238927 0.00539093 0.00111183 0.000693978 0.00101783 0.00145595 0.00182559 0.00200134 0.00192702 0.00164451 0.00126516 0.000903782 0.000626173 0.000440352 0.000321129
 1.00631e-16 1.73557e-05 0.000168704 0.0011211 0.0050964 0.0158572 0.0337882 0.0493305 0.0494053 0.0341537 0.0170841 0.00863793 0.0100028 0.0195308 0.0367107 0.0604562 0.0866023 0.107882 0.116903 0.110257 0.0906169 0.065057 0.0410138 0.022961 0.0116875 0.00565856
 1.0086e-16 7.93742e-05 0.000771546 0.00512719 0.0233075 0.0725182 0.154508 0.225509 0.22551 0.154512 0.0725314 0.023346 0.00522598 0.000993778 0.000520684 0.000785155 0.00123917 0.00179804 0.00242502 0.00308875 0.00375061 0.00434016 0.00474554 0.00484528 0.00457044 0.00395244
 1.01175e-16 5.3269e-05 0.000517794 0.00344092 0.015642 0.0486681 0.103694 0.151351 0.151384 0.103854 0.0492053 0.0171925 0.0073295 0.00899524 0.0161203 0.0264791 0.037937 0.0472856 0.0513005 0.04851 0.0401029 0.0291855 0.0190005 0.0114644 0.00685605 0.00443132
 1.04667e-16 4.98138e-05 0.000484208 0.00321773 0.0146274 0.0455113 0.0969675 0.141532 0.141557 0.0970895 0.0459213 0.0158134 0.00620182 0.00702145 0.0125321 0.0208125 0.0303764 0.0390242 0.044506 0.0457147 0.0432395 0.0387754 0.0339244 0.0293925 0.0250695 0.0206385
 1.02939e-16 7.10924e-05 0.000691044 0.00459223 0.0208756 0.0649518 0.138387 0.201982 0.20199 0.138427 0.0650847 0.0212601 0.00555926 0.00280889 0.00411343 0.00674115 0.00983038 0.0126308 0.0144286 0.0148994 0.0142816 0.0131677 0.0120877 0.0112247 0.0104359 0.00947894
 1.01573e-16 6.81991e-05 0.000662919 0.00440533 0.020026 0.0623084 0.132755 0.193763 0.193777 0.132825 0.0625435 0.0207049 0.0061091 0.00438076 0.00712468 0.0116594 0.0167635 0.0210282 0.0230695 0.0222557 0.0190858 0.0148576 0.0108977 0.0079491 0.00606743 0.00491128
 1.06033e-16 1.47473e-05 0.000143349 0.00095261 0.00433047 0.013474 0.0287103 0.0419173 0.0419831 0.0290316 0.014553 0.00744738 0.008778 0.0172312 0.0324817 0.0537114 0.0774525 0.0975593 0.107747 0.105078 0.0916644 0.0731608 0.0553211 0.0413344 0.031473 0.024449
 1.05037e-16 7.04748e-05 0.00068504 0.00455233 0.0206942 0.0643875 0.137184 0.200225 0.200228 0.137197 0.064432 0.0208248 0.00488737 0.00144088 0.00157773 0.00268439 0.00429846 0.00632239 0.00868396 0.0113184 0.0141204 0.0168414 0.0190409 0.0201932 0.0199194 0.01819
 1.04733e-16 5.46893e-05 0.0005316 0.00353267 0.016059 0.0499657 0.106458 0.155385 0.155412 0.106594 0.0504203 0.0173714 0.00682521 0.00771351 0.0136783 0.022486 0.0322979 0.0404444 0.0442645 0.0425811 0.0364403 0.02845 0.0212467 0.0162586 0.0134784 0.0120505
 1.0903e-16 3.55645e-05 0.0003457 0.0022973 0.0104432 0.0324929 0.0692309 0.101052 0.101089 0.0694102 0.0330954 0.0121856 0.00667909 0.00993797 0.0183314 0.0304531 0.0443396 0.0567449 0.0643442 0.0655502 0.0613551 0.0544523 0.0474105 0.0413951 0.0361999 0.0311289
 1.04116e-16 7.16914e-05 0.000696866 0.00463092 0.0210515 0.065499 0.139553 0.203683 0.203688 0.13958 0.0655896 0.021314 0.00529346 0.00215483 0.00287504 0.00473034 0.00702174 0.00928475 0.011095 0.0122611 0.0129062 0.0133084 0.0136354 0.013804 0.013565 0.0127079
 1.02122e-16 6.61448e-05 0.000642951 0.00427264 0.0194228 0.0604316 0.128757 0.187927 0.187944 0.128837 0.0607028 0.0202057 0.00623702 0.00492844 0.00819709 0.0134264 0.0192889 0.0241641 0.0264545 0.0254394 0.0217144 0.0168061 0.0122738 0.00898783 0.00699878 0.00587331
 1.06686e-16 1.85046e-05 0.000179871 0.00119531 0.00543374 0.0169067 0.0360237 0.0525903 0.0526505 0.0363178 0.0178942 0.00828682 0.00835998 0.0158304 0.0297706 0.049262 0.0711327 0.0898001 0.0995527 0.0977099 0.0861598 0.0699689 0.0542578 0.0418108 0.0328059 0.0260812
 1.24587e-16 2.37501e-05 0.000230859 0.00153414 0.006974 0.0216988 0.0462322 0.0674806 0.0674968 0.0463116 0.0219675 0.00775877 0.00353719 0.00471356 0.00886049 0.0154567 0.0242435 0.0346367 0.0459513 0.0577449 0.0697211 0.0811566 0.0904383 0.095355 0.0941129 0.0863629
 1.05275e-16 7.58907e-05 0.000737685 0.00490218 0.0222846 0.0693356 0.147727 0.215612 0.215615 0.147738 0.0693725 0.0223915 0.00517218 0.00133254 0.00122234 0.00194675 0.0029116 0.00391919 0.00484359 0.00567748 0.00654849 0.00762128 0.00894513 0.0103632 0.0115506 0.012154
pSPR Fmed_Fpbrs
0.399014   0.21709 0.21709
Fs Fmed_Fpbrs
0.547371   1.005 1.005
SSBpbr Bo_Bmed_Bpbrs
1.65812e+06  578708  277056 277056
Ro
78367.9
SPR SPRFo_SPRFmed_SPRFpbrs
560168 223515 121607
Fref
1.005
Nvult_r0
 123141 3470.99 1904.69 5245 1275.97
CTP_r0
 33034.5 1116.8 612.837 1687.59 410.547
YTP_r0
391119
Np
 141749 42142 1030.47 565.465 1913.6
Nvult_p0
 117765 36467.2 891.707 489.32 1655.91
CTP_p0
 51481.4 18279.1 446.965 245.27 830.022
YTP_p0
 727705
CBA_c0
492095
log_Ro
11.0892
likeval ReclasPelacesDesembMPH_pf_preclas_ppelaces_ptallas_desvR_qrecl_qpela
 12.9107 59.8028 0.108828 0.0016565 278.179 118.633 107.306 0 70.68 1.61722e-05 0 0.109528 0 0 0
q_reclas_q_pelaces
1.76802 1
M
1
N
 26751.5 35383.2 101753 12341.7 0.13527
 17801.4 8391.9 10591.8 30459.2 3694.45
 173244 4295.04 1788.64 2257.52 7279.47
 26250.9 41570.9 908.965 378.532 2018.33
 10183.8 3823.84 4611.78 100.838 265.902
 316281 1132.73 299.228 360.886 28.6986
 19899.9 85029.9 277.704 73.36 95.5124
 5207.43 3272.44 11035.6 36.0419 21.9172
 16935 1451.06 840.371 2833.97 14.884
 58593.6 999.527 50.0131 28.9647 98.1902
 54131.8 5455.15 62.1339 3.10898 7.90437
 123150 15662.2 1470.77 16.752 2.96933
 84976 21822.5 2239.06 210.261 2.81935
 67907.9 15269.2 3176.47 325.917 31.0159
 47706.2 7165.88 1116.17 232.2 26.0917
 397885 5839.17 634.675 98.8583 22.8766
 22791.8 92238.4 1181.81 128.455 24.6385
 666998 5758.66 20868.5 267.38 34.6365
 321174 185814 1478.35 5357.31 77.533
 169678 80403.7 41540.5 330.5 1215.01
 383268 40158.3 16715.4 8635.98 321.301
 516768 101732 9684.15 4030.9 2160.04
 32171.5 130879 23087.3 2197.74 1404.98
 280186 9033.6 33944.8 5987.92 934.402
 179833 82674.6 2498.23 9387.37 1914.35
 56035.5 52110.2 22333.5 674.863 3053.01
 236097 16233.4 14072.4 6031.16 1006.71
 304954 67871.5 4340.32 3762.52 1881.71
 32973.1 95198.3 20189.3 1291.08 1678.95
 17065.7 10326.8 28437.2 6030.85 887.196
 165283 4501.46 2470.15 6802.14 1654.79
pred_Ctot
 2523.12 4237.4 12185.7 1478 0.0161995
 4006.96 2331.55 2942.75 8462.59 1026.44
 39419.8 1205.61 502.066 633.68 2043.33
 10785.4 20150.3 440.594 183.482 978.323
 4929.8 2141.22 2582.44 56.4661 148.896
 55211.5 246.823 65.2022 78.6377 6.25347
 7416.5 37755.8 123.309 32.5741 42.4104
 816.627 643.059 2168.58 7.0825 4.30688
 10304.3 985.033 570.473 1923.8 10.1038
 30755.5 599.957 30.0199 17.3858 58.9378
 7450.01 944.663 10.7597 0.538379 1.36879
 42772.5 6522.47 612.498 6.97632 1.23657
 29097.8 8970.67 920.42 86.4329 1.15897
 33731.4 8742.69 1818.76 186.611 17.7588
 21934.8 3836.78 597.626 124.325 13.9701
 96555.8 1742.02 189.345 29.4928 6.82486
 4651.67 23346.1 299.125 32.5127 6.23616
 104683 1132.5 4104.02 52.5832 6.81166
 66919.3 47967.7 381.635 1382.98 20.0151
 39642.4 23141.4 11956 95.123 349.699
 69278.9 9048.76 3766.43 1945.92 72.3979
 104899 25616.2 2438.47 1014.98 543.899
 4920.93 25106.5 4428.82 421.591 269.517
 35688.4 1450.95 5452.1 961.76 150.081
 24609.6 14237.9 430.234 1616.65 329.682
 7675.53 8982.41 3849.7 116.329 526.258
 33280.6 2877.18 2494.16 1068.95 178.428
 29583.8 8355.59 534.331 463.2 231.656
 3139.59 11507.3 2440.42 156.062 202.947
 3136.36 2364.26 6510.54 1380.73 203.118
 33034.5 1116.8 612.837 1687.59 410.547
F
 0.159323 0.206159 0.206159 0.206159 0.206159
 0.421814 0.545812 0.545812 0.545812 0.545812
 0.4273 0.55291 0.55291 0.55291 0.55291
 0.926445 1.19879 1.19879 1.19879 1.19879
 1.19617 1.54781 1.54781 1.54781 1.54781
 0.31363 0.405826 0.405826 0.405826 0.405826
 0.80518 1.04187 1.04187 1.04187 1.04187
 0.277789 0.359449 0.359449 0.359449 0.359449
 1.82986 2.36777 2.36777 2.36777 2.36777
 1.37406 1.77799 1.77799 1.77799 1.77799
 0.240171 0.310773 0.310773 0.310773 0.310773
 0.730464 0.945194 0.945194 0.945194 0.945194
 0.716534 0.927169 0.927169 0.927169 0.927169
 1.24882 1.61593 1.61593 1.61593 1.61593
 1.10047 1.42397 1.42397 1.42397 1.42397
 0.461788 0.597537 0.597537 0.597537 0.597537
 0.375696 0.486137 0.486137 0.486137 0.486137
 0.278042 0.359776 0.359776 0.359776 0.359776
 0.384923 0.498077 0.498077 0.498077 0.498077
 0.441073 0.570732 0.570732 0.570732 0.570732
 0.326391 0.422339 0.422339 0.422339 0.422339
 0.37332 0.483063 0.483063 0.483063 0.483063
 0.270129 0.349537 0.349537 0.349537 0.349537
 0.22054 0.285371 0.285371 0.285371 0.285371
 0.238667 0.308826 0.308826 0.308826 0.308826
 0.238915 0.309148 0.309148 0.309148 0.309148
 0.246624 0.319123 0.319123 0.319123 0.319123
 0.164198 0.212466 0.212466 0.212466 0.212466
 0.160949 0.208263 0.208263 0.208263 0.208263
 0.332669 0.430462 0.430462 0.430462 0.430462
 0.366615 0.474387 0.474387 0.474387 0.474387
YTP_r0W_actual
 280793 18203.8 17711 58728.1 15682.9
YTP_p0W_proyectada
 387140 294658 10450.1 7235.46 28220.7
CTP_r0_actual
 33034.5 1116.8 612.837 1687.59 410.547
CTP_p0_proyectada
 51481.4 18279.1 446.965 245.27 830.022
Wmedp
 7.52 16.12 23.38 29.5 34
Frms_r0
 0.366615 0.474387 0.474387 0.474387 0.474387
Zrms_r0
 1.36662 1.47439 1.47439 1.47439 1.47439
nmprior
 8.19 8.8 8.5 0
nm_flota  nm_reclas  nm_pelaces    nm_pelaL
inf 13.7758 7.05719 12.683
cv_recla  cv_pelaces  cv_mph
0.325012 0.876865 1.25603
 ------------------------------------------------
Talla a la edad & desviaci?n 
 8 13.2811 15.8009 17.003 17.5766
 0.8 1.32811 1.58009 1.7003 1.75766
