    unsorted:	 2.373157748e-06 2.258187462e-06 5.985244912e-05 5.104416929e-05 -8.058003461e-06 8.339839236e-05 0.001099993451 13.48635528 66.88329804 172.6332390 159.5778581 240.5139312 295.9095767 383.2493818 712.9220785 809.2964804 848.8328684 552.7250106 927.8218820 966.5671720 1059.124635 1186.505098 1278.919094 1367.878577 1554.722639 1608.902422 1947.242914 2062.101066 2150.073073 2522.726411 2468.464980 2487.840113 2292.130096 2631.136899 2640.785408 2865.726575 3182.257180 3283.317044 3407.750184 3884.014493 3991.154174 4264.884099 5577.600579 9120.870867 37071.98459 402835.5618 404565.7243 412071.0487 417133.8677 387409.9584 367186.6236 452127.4454 466235.8703 471040.1662 475024.2479 345635.8888 158342.4568 529100.8252 559230.4234 586171.2386 612665.7556 666328.4981 823287.1278 871109.7765 1001084.669 1067014.894 1332503.171 1359689.936 1521344.811 1648024.854 2226773.401 2347296.371 2670183.982 2756597.035 3122530.297 3156193.171 5777798.285
      sorted:	 -8.058003461e-06 2.258187462e-06 2.373157748e-06 5.104416929e-05 5.985244912e-05 8.339839236e-05 0.001099993451 13.48635528 66.88329804 159.5778581 172.6332390 240.5139312 295.9095767 383.2493818 552.7250106 712.9220785 809.2964804 848.8328684 927.8218820 966.5671720 1059.124635 1186.505098 1278.919094 1367.878577 1554.722639 1608.902422 1947.242914 2062.101066 2150.073073 2292.130096 2468.464980 2487.840113 2522.726411 2631.136899 2640.785408 2865.726575 3182.257180 3283.317044 3407.750184 3884.014493 3991.154174 4264.884099 5577.600579 9120.870867 37071.98459 158342.4568 345635.8888 367186.6236 387409.9584 402835.5618 404565.7243 412071.0487 417133.8677 452127.4454 466235.8703 471040.1662 475024.2479 529100.8252 559230.4234 586171.2386 612665.7556 666328.4981 823287.1278 871109.7765 1001084.669 1067014.894 1332503.171 1359689.936 1521344.811 1648024.854 2226773.401 2347296.371 2670183.982 2756597.035 3122530.297 3156193.171 5777798.285
