years
 1991 1992 1993 1994 1995 1996 1997 1998 1999 2000 2001 2002 2003 2004 2005 2006 2007 2008 2009 2010 2011 2012 2013 2014 2015 2016 2017 2018 2019 2020 2021
reclasobs
 0 0 0 0 0 0 0 0 0 252601 567819 844713 477998 351125 339783 2.1784e+06 2.13404e+06 4.81314e+06 1.55562e+06 2.62356e+06 3.21686e+06 3.843e+06 1.13348e+06 3.07943e+06 1.97215e+06 2.03268e+06 2.025e+06 2.42433e+06 2.27542e+06 1.05018e+06 2.36338e+06
reclaspred
 3.2219e+06 1.79068e+06 908163 927029 934881 1.51054e+06 919393 808275 583996 416989 503561 658372 647307 495265 496961 1.31473e+06 1.23822e+06 2.9333e+06 2.38158e+06 1.75814e+06 3.08211e+06 2.50562e+06 1.9659e+06 3.05332e+06 2.28759e+06 2.02529e+06 2.41081e+06 2.57249e+06 2.08525e+06 1.30669e+06 1.89339e+06
pelacesobs
 0 0 0 0 0 0 0 0 0 0 0 0 0 0 0 552880 188675 0 991730 2.46772e+06 1.41603e+06 1.21717e+06 2.29649e+06 1.80582e+06 0 1.4828e+06 1.56532e+06 1.57751e+06 1.42118e+06 867257 1.10002e+06
pelacespred
 1.79207e+06 1.10139e+06 553830 464454 494282 827285 457964 509860 350086 234917 297356 322564 349521 278624 288768 638228 603101 1.65989e+06 1.37715e+06 937602 1.61659e+06 1.40424e+06 1.11004e+06 1.90007e+06 1.3635e+06 1.20766e+06 1.64134e+06 1.72658e+06 1.15197e+06 815382 1.18414e+06
mphobs
 0 0 0 0 0 0 0 0 0 0 0 498337 0 5186 125008 0 168611 109162 213762 579715 649985 157893 87575 83554 0 0 0 0 0 0 0
mphpred
 489982 327667 161425 88900 98793.2 114469 151429 90215.4 80541.8 54013.4 35011.6 60077.8 64344.9 53813.2 35207.4 44732.5 150050 139633 291893 214206 227965 280284 266578 218191 307004 253588 208383 222630 312924 210328 126388
desembarqueobs
 494567 514787 250237 358949 120608 361735 552515 73892 212993 205616 52469 317467 293654 387597 252695 516296 358380 742168 942051 627588 828172 859565 418607 520667 417249 300574 415391 372974 316634 284311 391294
desembarquepred
 494574 513583 250835 358982 120614 361750 552566 73896.9 213049 205668 52471.8 317537 293705 387624 252687 516253 358406 742056 941831 627434 828252 859580 418616 520694 417247 300576 415391 372955 316625 284320 391299
Reclutas
 186809 104330 105178 172942 138966 239383 97972.3 43780.6 41543.8 55379.9 102991 140303 117298 81979.3 79693.2 426624 89337.6 672915 380824 298847 427401 580038 119890 349821 298299 132948 296794 333349 98740.3 73311.7 279294
log_desv_Rt
 0.142734 -0.439791 -0.431701 0.0656006 -0.153125 0.390708 -0.50267 -1.30816 -1.36061 -1.07314 -0.452711 -0.143552 -0.322636 -0.680888 -0.70917 0.968549 -0.594932 1.42426 0.854982 0.612577 0.970369 1.27574 -0.300779 0.770068 0.610741 -0.197398 0.605682 0.721834 -0.494862 -0.792635 0.544912
SSB
 2.71681e+06 1.81682e+06 895053 492925 547780 634698 839632 500219 446581 299489 194129 333114 356774 298379 195215 248029 831982 774226 1.61846e+06 1.18771e+06 1.264e+06 1.5541e+06 1.4781e+06 1.20981e+06 1.70225e+06 1.40607e+06 1.15542e+06 1.23442e+06 1.73507e+06 1.16621e+06 700784
BT
 3.71689e+06 2.5338e+06 1.26633e+06 1.15442e+06 1.00458e+06 1.83043e+06 1.33784e+06 1.00336e+06 856242 630620 592720 859453 909801 915609 784902 1.59327e+06 1.39008e+06 3.71128e+06 3.4388e+06 2.28789e+06 3.64885e+06 3.38517e+06 2.4076e+06 3.98303e+06 2.89534e+06 2.48928e+06 3.4464e+06 3.554e+06 2.38248e+06 1.77721e+06 2.55805e+06
Ftot
 0.15596 0.285335 0.278554 0.418647 0.139244 0.267729 0.597716 0.097736 0.384624 0.515356 0.121595 0.521778 0.488333 0.826281 0.575715 0.467709 0.301086 0.295968 0.420884 0.382539 0.295798 0.374255 0.220371 0.19428 0.194712 0.156719 0.194681 0.166275 0.153773 0.222606 0.239582
BD_Bspro_t
 0.97542 0.825131 0.650129 0.557678 0.553094 0.635133 0.627169 0.454353 0.512551 0.46325 0.426577 0.645407 0.526172 0.433729 0.322815 0.378701 0.559429 0.528856 0.639422 0.53524 0.50464 0.553094 0.569542 0.559911 0.670636 0.680096 0.68715 0.724413 0.771761 0.700839 0.626994
BD_Bspro
 2.35015 1.57163 0.774257 0.4264 0.473852 0.549039 0.726315 0.43271 0.386311 0.25907 0.16793 0.288157 0.308624 0.25811 0.168869 0.214555 0.719699 0.669737 1.40004 1.02742 1.09341 1.34436 1.27862 1.04653 1.47252 1.21631 0.999487 1.06782 1.50091 1.00882 0.606206
BD_Bo
 1.5692 1.04937 0.516971 0.284707 0.316391 0.366593 0.484961 0.28892 0.25794 0.172981 0.112127 0.192402 0.206068 0.17234 0.112754 0.143258 0.480542 0.447183 0.934803 0.686008 0.730071 0.897626 0.853731 0.698769 0.983198 0.812131 0.667357 0.712984 1.00216 0.673588 0.404764
BD_Brms
 2.85308 1.90795 0.939948 0.51765 0.575256 0.666533 0.881746 0.525309 0.468981 0.314511 0.203867 0.349823 0.374669 0.313345 0.205007 0.26047 0.873714 0.81306 1.69964 1.24729 1.3274 1.63205 1.55224 1.27049 1.78763 1.4766 1.21338 1.29633 1.8221 1.22471 0.735934
Sel_flota
 0.756187 0.983314 0.999108 0.999953 0.999998
 0.756187 0.983314 0.999108 0.999953 0.999998
 0.756187 0.983314 0.999108 0.999953 0.999998
 0.756187 0.983314 0.999108 0.999953 0.999998
 0.756187 0.983314 0.999108 0.999953 0.999998
 0.756187 0.983314 0.999108 0.999953 0.999998
 0.756187 0.983314 0.999108 0.999953 0.999998
 0.756187 0.983314 0.999108 0.999953 0.999998
 0.756187 0.983314 0.999108 0.999953 0.999998
 0.756187 0.983314 0.999108 0.999953 0.999998
 0.756187 0.983314 0.999108 0.999953 0.999998
 0.756187 0.983314 0.999108 0.999953 0.999998
 0.756187 0.983314 0.999108 0.999953 0.999998
 0.756187 0.983314 0.999108 0.999953 0.999998
 0.756187 0.983314 0.999108 0.999953 0.999998
 0.756187 0.983314 0.999108 0.999953 0.999998
 0.756187 0.983314 0.999108 0.999953 0.999998
 0.756187 0.983314 0.999108 0.999953 0.999998
 0.756187 0.983314 0.999108 0.999953 0.999998
 0.756187 0.983314 0.999108 0.999953 0.999998
 0.756187 0.983314 0.999108 0.999953 0.999998
 0.756187 0.983314 0.999108 0.999953 0.999998
 0.756187 0.983314 0.999108 0.999953 0.999998
 0.756187 0.983314 0.999108 0.999953 0.999998
 0.756187 0.983314 0.999108 0.999953 0.999998
 0.756187 0.983314 0.999108 0.999953 0.999998
 0.756187 0.983314 0.999108 0.999953 0.999998
 0.756187 0.983314 0.999108 0.999953 0.999998
 0.756187 0.983314 0.999108 0.999953 0.999998
 0.756187 0.983314 0.999108 0.999953 0.999998
 0.756187 0.983314 0.999108 0.999953 0.999998
Sel_reclas
 1 1 1 1 1
 1 1 1 1 1
 1 1 1 1 1
 1 1 1 1 1
 1 1 1 1 1
 1 1 1 1 1
 1 1 1 1 1
 1 1 1 1 1
 1 1 1 1 1
 1 1 1 1 1
 1 1 1 1 1
 1 1 1 1 1
 1 1 1 1 1
 1 1 1 1 1
 1 1 1 1 1
 1 1 1 1 1
 1 1 1 1 1
 1 1 1 1 1
 1 1 1 1 1
 1 1 1 1 1
 1 1 1 1 1
 1 1 1 1 1
 1 1 1 1 1
 1 1 1 1 1
 1 1 1 1 1
 1 1 1 1 1
 1 1 1 1 1
 1 1 1 1 1
 1 1 1 1 1
 1 1 1 1 1
 1 1 1 1 1
Sel_pelaces
 1 1 1 1 1
 1 1 1 1 1
 1 1 1 1 1
 1 1 1 1 1
 1 1 1 1 1
 1 1 1 1 1
 1 1 1 1 1
 1 1 1 1 1
 1 1 1 1 1
 1 1 1 1 1
 1 1 1 1 1
 1 1 1 1 1
 1 1 1 1 1
 1 1 1 1 1
 1 1 1 1 1
 1 1 1 1 1
 1 1 1 1 1
 1 1 1 1 1
 1 1 1 1 1
 1 1 1 1 1
 1 1 1 1 1
 1 1 1 1 1
 1 1 1 1 1
 1 1 1 1 1
 1 1 1 1 1
 1 1 1 1 1
 1 1 1 1 1
 1 1 1 1 1
 1 1 1 1 1
 1 1 1 1 1
 1 1 1 1 1
pf_obs 
 0.8446 0.082 0.0669 0.0065 0
 0.8095 0.147 0.0364 0.0071 0
 0.9664 0.0169 0.016 0.0007 0
 0.9276 0.0648 0.0075 0.0001 0
 0.7033 0.2144 0.0806 0.0017 0
 0.9318 0.0425 0.0243 0.0014 0
 0.5671 0.3108 0.0964 0.0239 0.0018
 0.0768 0.2599 0.5324 0.112 0.0189
 0.490249 0.384438 0.106611 0.0170017 0.00170017
 0.7925 0.1577 0.0466 0.003 0.0002
 0.840416 0.127587 0.0312969 0.00059994 9.999e-05
 0.8084 0.0986 0.0794 0.0134 0.0002
 0.7335 0.1905 0.0724 0.0035 0.0001
 0.4001 0.4547 0.1325 0.0127 0
 0.49795 0.308269 0.164784 0.0264974 0.00249975
 0.9179 0.0499 0.0305 0.0017 0
 0.2467 0.6533 0.0926 0.0074 0
 0.9418 0.0223 0.034 0.0019 0
 0.707729 0.231977 0.0356964 0.0245975 0
 0.517169 0.277429 0.184464 0.0207286 0.00020938
 0.811772 0.124168 0.05621 0.00726502 0.000585176
 0.764997 0.148141 0.077277 0.00933861 0.000247198
 0.163321 0.427699 0.378323 0.0303852 0.000271297
 0.753843 0.0900009 0.118128 0.0371064 0.000921714
 0.721811 0.176058 0.0630433 0.0369309 0.00215725
 0.143369 0.312575 0.442814 0.0836902 0.0175525
 0.692698 0.0596174 0.167031 0.0765114 0.00414204
 0.394062 0.376323 0.152708 0.0712218 0.00568511
 0.125707 0.32114 0.495352 0.0537591 0.00404204
 0.23352 0.215282 0.420074 0.123614 0.00750983
 0.796117 0.104755 0.0508955 0.0450114 0.00322123
pf_pred 
 0.455713 0.127669 0.39243 0.0241871 8.33518e-07
 0.414935 0.307822 0.0658657 0.199116 0.0122619
 0.566931 0.211405 0.117654 0.0247281 0.0792821
 0.737434 0.167473 0.046856 0.0256148 0.022622
 0.649462 0.278109 0.0465267 0.0127699 0.0131324
 0.743823 0.181454 0.0594885 0.00978953 0.00544511
 0.467261 0.423748 0.0776041 0.0249925 0.00639423
 0.449443 0.303393 0.197452 0.0354078 0.0143043
 0.533105 0.241206 0.125278 0.0802288 0.0201815
 0.703766 0.18053 0.0603359 0.0307486 0.0246198
 0.816663 0.14067 0.0262116 0.00858523 0.00786974
 0.736075 0.225312 0.0297418 0.00545179 0.00341944
 0.682511 0.252201 0.0559025 0.0072305 0.00215429
 0.628664 0.277833 0.0745833 0.0162028 0.00271714
 0.739418 0.18537 0.0566105 0.0148414 0.00376011
 0.935052 0.0518897 0.00934583 0.00279503 0.000917376
 0.378817 0.591293 0.0239765 0.00423393 0.00168003
 0.901203 0.0443783 0.051845 0.00206464 0.00050876
 0.586864 0.382095 0.0140826 0.0161577 0.000801232
 0.606022 0.259726 0.124349 0.00449548 0.00540808
 0.73508 0.179257 0.0568357 0.0267024 0.00212446
 0.743104 0.202563 0.0369822 0.0115161 0.00583526
 0.317944 0.543405 0.109765 0.0196673 0.00921812
 0.73689 0.100457 0.130046 0.0258196 0.00678825
 0.623623 0.296694 0.0307467 0.0391325 0.00980318
 0.429095 0.391788 0.141718 0.0144391 0.02296
 0.726722 0.13587 0.0947934 0.0337235 0.00889143
 0.682774 0.24717 0.0351331 0.0240988 0.0108239
 0.344812 0.484137 0.133778 0.0187004 0.0185716
 0.421117 0.236672 0.253975 0.0690233 0.0192132
 0.825938 0.085749 0.0364805 0.0384771 0.0133554
pobs_RECLAS
 0 0 0 0 0
 0 0 0 0 0
 0 0 0 0 0
 0 0 0 0 0
 0 0 0 0 0
 0 0 0 0 0
 0 0 0 0 0
 0 0 0 0 0
 0 0 0 0 0
 0 0 0 0 0
 0.991045 0.00858322 0.000360255 1.14367e-05 0
 0.934742 0.0480273 0.0164251 0.00080598 0
 0.827803 0.169806 0.00239088 0 0
 0.941827 0.0461693 0.0120037 0 0
 0.791401 0.0380133 0.147996 0.0225897 0
 0.846168 0.0940531 0.0597789 0 0
 0.134021 0.677848 0.182769 0.00536245 0
 0.80878 0.0450904 0.141981 0.00414843 0
 0.846168 0.0940531 0.0597789 0 0
 0.905697 0.0802665 0.012482 0.00150086 5.37128e-05
 0.989698 0.0102097 9.19794e-05 0 0
 0.975433 0.0193895 0.00387452 0.00125025 5.28907e-05
 0.303575 0.632131 0.0575291 0.00676475 0
 0.966965 0.00978017 0.0227588 0.000495775 0
 0.843318 0.132988 0.00938335 0.0141283 0.000182051
 0.564624 0.303363 0.111486 0.0197234 0.00080311
 0.826376 0.0876187 0.0782897 0.00655872 0.00115652
 0.89761 0.0855135 0.0140674 0.00269457 0.000114338
 0.34875 0.467042 0.161289 0.0227151 0.000203297
 0.318654 0.224769 0.449479 0.00709798 0
 0.937255 0.0296025 0.0250945 0.00804832 0
ppred_RECLAS
 0.525153 0.11277 0.341073 0.0210037 7.23782e-07
 0.483422 0.273986 0.057672 0.174194 0.0107267
 0.633425 0.180486 0.0988135 0.0207502 0.0665254
 0.787844 0.136158 0.0374642 0.0204625 0.0180708
 0.707978 0.232468 0.0382684 0.0104943 0.0107917
 0.792402 0.147752 0.0476531 0.00783505 0.0043578
 0.537827 0.368921 0.0664153 0.0213696 0.00546708
 0.51723 0.267976 0.171622 0.0307496 0.0124219
 0.601778 0.20742 0.105955 0.0677944 0.0170528
 0.759207 0.147737 0.0485473 0.0247186 0.0197908
 0.853565 0.112785 0.0206797 0.00676755 0.00620326
 0.78662 0.182616 0.0237009 0.00434057 0.00272233
 0.739657 0.207525 0.0452309 0.00584498 0.0017414
 0.694081 0.229921 0.0606318 0.0131595 0.00220668
 0.790231 0.149965 0.0450228 0.0117928 0.00298759
 0.950033 0.0400574 0.0070945 0.00211984 0.000695734
 0.4442 0.529476 0.0211198 0.00372623 0.00147851
 0.923382 0.0347284 0.0399106 0.00158798 0.000391287
 0.651467 0.322759 0.0116988 0.0134107 0.000664982
 0.670022 0.218767 0.103014 0.00372089 0.00447604
 0.785064 0.14622 0.0456055 0.0214075 0.00170312
 0.792074 0.164532 0.0295446 0.00919193 0.0046574
 0.379325 0.496149 0.0986014 0.0176517 0.00827305
 0.78698 0.0821586 0.104645 0.0207586 0.00545742
 0.684674 0.249447 0.0254342 0.0323431 0.00810199
 0.496374 0.347385 0.123641 0.0125866 0.0200133
 0.777848 0.111367 0.0764473 0.0271733 0.0071641
 0.738147 0.204771 0.0286391 0.0196275 0.00881522
 0.408104 0.439229 0.119423 0.0166794 0.0165638
 0.489774 0.210641 0.22239 0.0603872 0.0168085
 0.86219 0.0684696 0.0286579 0.0302002 0.010482
pobs_PELACES
 0 0 0 0 0
 0 0 0 0 0
 0 0 0 0 0
 0 0 0 0 0
 0 0 0 0 0
 0 0 0 0 0
 0 0 0 0 0
 0 0 0 0 0
 0 0 0 0 0
 0 0 0 0 0
 0 0 0 0 0
 0 0 0 0 0
 0 0 0 0 0
 0 0 0 0 0
 0 0 0 0 0
 0 0 0 0 0
 0.505614 0.472636 0.0217494 0 0
 0 0 0 0 0
 0.443492 0.261883 0.143347 0.151278 0
 0.227955 0.32914 0.350689 0.0885471 0.00366901
 0.970185 0.0296113 0.000203453 0 0
 0.997202 0.00247181 0.000326279 0 0
 0.445219 0.490057 0.0546422 0.010081 0
 0.90214 0.0892962 0.00764917 0.000914606 0
 0 0 0 0 0
 0.581667 0.319106 0.0959925 0.00289975 0.000334073
 0.762889 0.0836404 0.116647 0.0363945 0.000428098
 0.88444 0.0763242 0.0277011 0.0115352 0
 0.521256 0.241999 0.230069 0.00667565 0
 0.616807 0.101726 0.260614 0.0208532 0
 0.833518 0.0704572 0.0857862 0.0102388 0
ppred_PELACES
 0.528222 0.112111 0.338804 0.0208631 7.18934e-07
 0.488946 0.271253 0.0570119 0.172186 0.010603
 0.638434 0.178154 0.0973956 0.0204509 0.0655654
 0.793173 0.132845 0.0364728 0.0199187 0.0175905
 0.710162 0.230764 0.0379603 0.0104094 0.0107044
 0.79575 0.145429 0.0468383 0.00770051 0.00428295
 0.5491 0.360152 0.064635 0.0207933 0.0053196
 0.519116 0.26699 0.170904 0.03062 0.0123696
 0.608899 0.203911 0.103954 0.0665069 0.0167289
 0.766388 0.143483 0.0470232 0.0239392 0.0191665
 0.854719 0.111913 0.0205068 0.00671074 0.00615118
 0.793176 0.177075 0.0229195 0.00419684 0.00263217
 0.746742 0.201983 0.0439111 0.00567365 0.00169034
 0.707295 0.220228 0.0578261 0.0125476 0.00210405
 0.797435 0.144941 0.0433841 0.0113617 0.00287836
 0.951693 0.0387451 0.00684537 0.00204513 0.000671211
 0.449797 0.524183 0.0208759 0.00368289 0.00146131
 0.924995 0.0340259 0.0390429 0.00155333 0.000382747
 0.658632 0.316176 0.0114351 0.0131069 0.000649911
 0.676478 0.214632 0.100866 0.0036429 0.0043822
 0.788865 0.143706 0.0447524 0.0210054 0.00167112
 0.796723 0.16092 0.0288397 0.00897168 0.00454578
 0.383276 0.493105 0.097884 0.0175222 0.00821232
 0.789516 0.0812318 0.10336 0.0205026 0.00539009
 0.687863 0.246978 0.0251569 0.0319888 0.0080132
 0.499375 0.345403 0.122836 0.012504 0.0198819
 0.780447 0.110121 0.075515 0.0268404 0.00707633
 0.740586 0.202903 0.0283533 0.0194307 0.00872682
 0.410942 0.437215 0.11878 0.0165889 0.0164739
 0.494116 0.208992 0.220394 0.0598414 0.0166565
 0.864386 0.0674224 0.0281844 0.0296992 0.0103081
pobs_pel_tallas
 0 0 0 0 0 0 0 0 0 0 0 0 0 0 0 0 0 0 0 0 0 0 0 0 0 0
 0 0 0 0 0 0 0 0 0 0 0 0 0 0 0 0 0 0 0 0 0 0 0 0 0 0
 0 0 0 0 0 0 0 0 0 0 0 0 0 0 0 0 0 0 0 0 0 0 0 0 0 0
 0 0 0 0 0 0 0 0 0 0 0 0 0 0 0 0 0 0 0 0 0 0 0 0 0 0
 0 0 0 0 0 0 0 0 0 0 0 0 0 0 0 0 0 0 0 0 0 0 0 0 0 0
 0 0 0 0 0 0 0 0 0 0 0 0 0 0 0 0 0 0 0 0 0 0 0 0 0 0
 0 0 0 0 0 0 0 0 0 0 0 0 0 0 0 0 0 0 0 0 0 0 0 0 0 0
 0 0 0 0 0 0 0 0 0 0 0 0 0 0 0 0 0 0 0 0 0 0 0 0 0 0
 0 0 0 0 0 0 0 0 0 0 0 0 0 0 0 0 0 0 0 0 0 0 0 0 0 0
 0 0 0 0 0 0 0 0 0 0 0 0 0 0 0 0 0 0 0 0 0 0 0 0 0 0
 0 0 0 0 0 0 0 0 0 0 0 0 0 0 0 0 0 0 0 0 0 0 0 0 0 0
 0 0 0 0 0 0 0 0 0 0 0 0 0 0 0 0 0 0 0 0 0 0 0 0 0 0
 0.00862536 0 0 0.000197151 0.00414017 0.0128641 0.00837892 0.0270097 0.101434 0.158115 0.152841 0.127902 0.109271 0.109419 0.0830992 0.0579132 0.0238553 0.00714673 0.00463305 0.00128148 0.00103504 0.000492878 0.000147863 0.000147863 4.92878e-05 0
 0 0 0 0 0 0 0 0 0 0 0 0 0 0 0 0 0 0 0 0 0 0 0 0 0 0
 0 0 0 0 0 0 0 0.0054083 0.00873648 0.0413646 0.0450493 0.0745869 0.0622846 0.0627006 0.0613931 0.0827291 0.12552 0.122667 0.0946155 0.0697135 0.0546179 0.0294188 0.0215738 0.0213955 0.0102223 0.00600262
 0 0 0 0 0.00359764 0.0251062 0.0480494 0.140153 0.205849 0.193036 0.1447 0.116669 0.0760912 0.0342217 0.00950174 0.001854 0.000860785 0 0 0 0.000165536 0 0.000143464 0 0 0
 0 0 0 0 0 0 0 0.000145254 0.000435761 0.0275982 0.070085 0.0708112 0.156366 0.174668 0.174014 0.160142 0.0824315 0.0480064 0.0283245 0.00493863 0.00203355 0 0 0 0 0
 0 0 0 0 0 0 0 0 0 0 0 0 0 0 0 0 0 0 0 0 0 0 0 0 0 0
 0 0 1.00437e-05 0.000401748 0.00122533 0.00171747 0.00176769 0.0269171 0.070346 0.194647 0.189555 0.159765 0.064822 0.0314167 0.0384472 0.0292271 0.0345202 0.0313363 0.0194345 0.0106764 0.0143323 0.0359363 0.0279516 0.0138201 0.00172751 0
 0 0.0021121 0.0136068 0.0755702 0.200478 0.177729 0.0527432 0.0373336 0.0318909 0.0142505 0.0149659 0.0166563 0.0217959 0.0798694 0.0677717 0.0528807 0.04013 0.0224614 0.0357745 0.0225083 0.00881397 0.00855152 0.00135912 0.000746735 0 0
 0 0 0 0 5.4009e-05 0.00500934 0.000945158 0.0243581 0.138947 0.33067 0.221406 0.137944 0.0707744 0.0437923 0.0131692 0.00525238 0.0047753 0.00276346 9.45158e-05 9.00151e-06 2.25038e-05 9.00151e-06 4.50075e-06 0 0 0
 0.000866109 0.00284123 0.00948549 0.0512746 0.133035 0.25785 0.225252 0.132002 0.0553304 0.0519788 0.0540692 0.017754 0.00435017 0.00159236 0.00146478 0.000404838 0.000125132 0.000115318 0.000107957 0.000100596 0 0 0 0 0 0
 0 0 0 0 0.00144013 0.00171154 0.00461396 0.0210425 0.0478622 0.0707936 0.0888783 0.103762 0.0637923 0.0337046 0.0602308 0.124433 0.169614 0.0934646 0.0462172 0.0250306 0.0313229 0.00938855 0.002487 0.000210481 0 0
 0 0.00764035 0.051015 0.0998891 0.058973 0.0496711 0.0374665 0.0718981 0.12319 0.153886 0.159021 0.0857701 0.0377988 0.023471 0.0147837 0.00900784 0.00315554 0.000888139 0.00291439 0.00214683 0.00393193 0.00274676 0.000635225 9.99891e-05 0 0
 0 0 0 0 0 0 0 0 0 0 0 0 0 0 0 0 0 0 0 0 0 0 0 0 0 0
 0 0 0 0 0 0 0 0 0 0 0 0 0 0 0 0 0 0 0 0 0 0 0 0 0 0
 0 0 0 0 0 0 0 0 0 0 0 0 0 0 0 0 0 0 0 0 0 0 0 0 0 0
 0 0 0 0 0 0 0 0 0 0 0 0 0 0 0 0 0 0 0 0 0 0 0 0 0 0
 0 0 0 0 0 0 0 0 0 0 0 0 0 0 0 0 0 0 0 0 0 0 0 0 0 0
 0 0 0 0 0 0 0 0 0 0 0 0 0 0 0 0 0 0 0 0 0 0 0 0 0 0
 0 0 0 0 0 0 0 0 0 0 0 0 0 0 0 0 0 0 0 0 0 0 0 0 0 0
ppred_pel_tallas
 1.11899e-16 4.35089e-05 0.000422922 0.00281047 0.012776 0.0397509 0.0846939 0.123616 0.123627 0.0847494 0.0399387 0.0133249 0.00421238 0.00356319 0.00624104 0.0108566 0.0170466 0.0243677 0.0322859 0.0403787 0.0482718 0.0552889 0.060222 0.0616296 0.0585813 0.0513012
 1.20777e-16 4.02739e-05 0.000391477 0.0026015 0.0118261 0.0367954 0.0783975 0.114429 0.114455 0.0785257 0.0372262 0.0130718 0.00573363 0.00724711 0.0131168 0.0217788 0.0317668 0.0408545 0.0468786 0.0490426 0.0484597 0.0473584 0.0475386 0.0492673 0.0513154 0.051882
 1.16003e-16 5.2587e-05 0.000511164 0.00339687 0.0154417 0.0480449 0.102365 0.149409 0.149426 0.10245 0.0483293 0.0162649 0.00546992 0.00505865 0.00875471 0.0145651 0.021396 0.0278123 0.0324051 0.0345932 0.0349608 0.0347713 0.0350453 0.0359383 0.0368046 0.0367331
 1.06061e-16 6.53327e-05 0.000635057 0.00422018 0.0191843 0.0596896 0.127175 0.185619 0.185632 0.127238 0.0599004 0.0197938 0.00575185 0.0039851 0.00644691 0.0106066 0.0153988 0.0196404 0.0221824 0.0225273 0.0211255 0.0190437 0.0172709 0.016205 0.0156269 0.0150353
 1.0401e-16 5.84952e-05 0.000568594 0.00377851 0.0171766 0.0534428 0.113866 0.166196 0.166218 0.113975 0.0538079 0.0182314 0.00642679 0.00635176 0.0110477 0.0181873 0.0262325 0.0330729 0.0366006 0.0358532 0.0315836 0.0257345 0.0202543 0.0161769 0.0134992 0.0116595
 1.02886e-16 6.55449e-05 0.000637119 0.00423388 0.0192466 0.0598835 0.127589 0.186222 0.186236 0.127657 0.0601143 0.0199139 0.00591098 0.00430501 0.00705139 0.0116055 0.0168331 0.0214215 0.0240722 0.0241771 0.0221526 0.0191033 0.0161028 0.0136703 0.0117507 0.010044
 1.04943e-16 4.52287e-05 0.000439639 0.00292156 0.013281 0.0413223 0.0880428 0.128508 0.128543 0.0882126 0.0418923 0.0149278 0.00705645 0.00947028 0.0172083 0.0284097 0.0409979 0.05172 0.057286 0.0561783 0.0495385 0.0403506 0.0316087 0.0249051 0.02026 0.0168735
 1.10165e-16 4.2759e-05 0.000415633 0.00276203 0.0125558 0.0390658 0.0832349 0.121489 0.121515 0.0833618 0.0394925 0.013791 0.00587302 0.00724159 0.0131083 0.0218692 0.0321219 0.0416986 0.048383 0.0511101 0.0504831 0.0481121 0.0453656 0.0425953 0.0393235 0.0349882
 1.12553e-16 5.01543e-05 0.000487518 0.00323973 0.0147273 0.0458223 0.09763 0.142498 0.142518 0.0977268 0.0461477 0.015669 0.00561065 0.00568712 0.00999628 0.016636 0.0244127 0.0316735 0.0367781 0.0390189 0.0390079 0.0381248 0.0374796 0.0372362 0.0367274 0.0350945
 1.07039e-16 6.31264e-05 0.000613611 0.00407766 0.0185365 0.0576739 0.122881 0.179351 0.179365 0.122949 0.0579019 0.0191956 0.00573495 0.00424044 0.006978 0.0115081 0.0167453 0.0214345 0.0243514 0.0249646 0.023747 0.021813 0.0201741 0.0192016 0.0186193 0.0178801
 1.02335e-16 7.04021e-05 0.000684333 0.00454764 0.0206729 0.0643211 0.137043 0.200021 0.200032 0.137096 0.0644983 0.0211847 0.00583292 0.00349175 0.00540712 0.00884089 0.0127609 0.0161171 0.0178924 0.017626 0.015683 0.0129969 0.0104946 0.00865302 0.00744645 0.00658544
 1.01574e-16 6.53329e-05 0.000635059 0.00422019 0.0191844 0.0596899 0.127176 0.185621 0.185638 0.12726 0.0599698 0.0199929 0.00624947 0.00506438 0.00847561 0.0139037 0.0200111 0.02514 0.0276461 0.0267698 0.0230832 0.0180978 0.0133594 0.00973601 0.00730613 0.00570509
 1.02174e-16 6.15082e-05 0.000597881 0.00397313 0.0180613 0.0561955 0.119731 0.174755 0.174775 0.119826 0.0565154 0.0189855 0.00629419 0.00566841 0.00970193 0.0159692 0.0230612 0.0291293 0.0323242 0.0317795 0.0281044 0.0229311 0.0179037 0.0139071 0.0109863 0.00876164
 1.0334e-16 5.8259e-05 0.000566298 0.00376325 0.0171072 0.053227 0.113406 0.165524 0.165546 0.11351 0.0535761 0.0181162 0.00629811 0.00610684 0.010601 0.0174864 0.0253076 0.0320828 0.0358231 0.0355986 0.0320613 0.0269416 0.0219502 0.017958 0.0149381 0.012445
 1.02916e-16 6.56837e-05 0.000638469 0.00424285 0.0192874 0.0600103 0.127859 0.186617 0.186631 0.127927 0.0602403 0.0199522 0.00591342 0.00429151 0.00702164 0.0115519 0.0167464 0.0212942 0.0239008 0.0239645 0.0219105 0.0188542 0.0158779 0.0135022 0.0116623 0.0100382
 1.00527e-16 7.83897e-05 0.000761976 0.0050636 0.0230184 0.0716188 0.152591 0.222712 0.222716 0.15261 0.0716801 0.0231955 0.00550838 0.00173334 0.0019244 0.00306055 0.00440875 0.00555998 0.0061555 0.00603163 0.00531135 0.00431641 0.00337011 0.00264511 0.00214471 0.00178318
 1.01354e-16 3.70493e-05 0.000360132 0.00239321 0.0108792 0.0338495 0.0721218 0.105274 0.105325 0.0723682 0.0346766 0.0132669 0.00838244 0.0134204 0.0247989 0.0408287 0.0585524 0.0730848 0.0794718 0.0754288 0.0627299 0.0460733 0.0303682 0.0185254 0.0110084 0.00677464
 1.01357e-16 7.61906e-05 0.0007406 0.00492155 0.0223726 0.0696096 0.148311 0.216465 0.216468 0.148327 0.0696645 0.0225319 0.00532389 0.00162727 0.00178456 0.00289311 0.00430735 0.00572129 0.00686716 0.00760261 0.0079571 0.00804662 0.00793771 0.0075909 0.00692528 0.00592772
 1.01836e-16 5.42508e-05 0.000527337 0.00350434 0.0159302 0.049565 0.105605 0.154139 0.15417 0.105753 0.050064 0.0173706 0.0071175 0.00840688 0.0149955 0.024644 0.0353542 0.0441661 0.0481076 0.0458231 0.0384027 0.0286864 0.019615 0.0128918 0.00871889 0.0063871
 1.04073e-16 5.57206e-05 0.000541624 0.00359928 0.0163618 0.0509078 0.108465 0.158313 0.158333 0.108567 0.0512495 0.01735 0.00608492 0.00598478 0.0104428 0.0173044 0.0252198 0.0323297 0.0367491 0.0375622 0.0352914 0.0314031 0.0272925 0.0235884 0.020197 0.0168058
 1.03718e-16 6.49778e-05 0.000631607 0.00419725 0.0190801 0.0593654 0.126485 0.184611 0.184625 0.126553 0.0595936 0.0197397 0.00585505 0.00425786 0.00697344 0.0114827 0.0166701 0.0212507 0.0239597 0.0242187 0.0224583 0.0197737 0.0172022 0.0151995 0.0136309 0.0121209
 1.02543e-16 6.5625e-05 0.000637899 0.00423906 0.0192702 0.0599567 0.127745 0.18645 0.186466 0.127821 0.0602114 0.020006 0.00608665 0.00467312 0.00773498 0.0126989 0.0183233 0.0231203 0.0256202 0.0251489 0.0222215 0.0181755 0.0143496 0.0114506 0.00947612 0.00805173
 1.06098e-16 3.15701e-05 0.000306872 0.00203928 0.00927028 0.0288435 0.061456 0.0897067 0.0897543 0.0616884 0.0296242 0.0115258 0.00770297 0.0126779 0.0235472 0.0389325 0.0562068 0.0709442 0.078637 0.0771871 0.0681195 0.0554739 0.0433157 0.0338272 0.0270883 0.0220927
 1.05972e-16 6.50314e-05 0.000632128 0.00420071 0.0190958 0.0594143 0.126589 0.184762 0.18477 0.126628 0.0595459 0.0194778 0.00516666 0.00276482 0.00418598 0.00700208 0.0105127 0.0141259 0.0172633 0.0196317 0.0213164 0.0225526 0.023389 0.0235656 0.0227072 0.0206367
 1.05354e-16 5.66584e-05 0.00055074 0.00365986 0.0166372 0.0517647 0.110291 0.160978 0.161002 0.110407 0.0521551 0.0177649 0.00649046 0.0067298 0.0117919 0.0194067 0.0279607 0.0351959 0.0388669 0.0379789 0.0333997 0.0272814 0.0217582 0.0179229 0.0156779 0.0142713
 1.08252e-16 4.11329e-05 0.000399827 0.00265699 0.0120783 0.0375803 0.08007 0.116871 0.116905 0.0802333 0.0381289 0.0136645 0.00664434 0.00912316 0.0166639 0.0276288 0.0401358 0.0511825 0.0577141 0.0582976 0.0539092 0.0471315 0.0404527 0.0350396 0.0307121 0.026735
 1.06097e-16 6.42844e-05 0.000624868 0.00415247 0.0188765 0.0587319 0.125135 0.18264 0.182651 0.125187 0.0589082 0.019387 0.00543882 0.00344975 0.00547878 0.00908623 0.0133905 0.0174901 0.0205052 0.0220314 0.0223338 0.0220558 0.0216924 0.0212748 0.0204727 0.0189412
 1.04296e-16 6.10011e-05 0.000592953 0.00394038 0.0179124 0.0557323 0.118744 0.173315 0.173334 0.11884 0.0560532 0.0188396 0.00626806 0.00567558 0.00971797 0.0159811 0.0230464 0.0290546 0.0321622 0.0315428 0.0278853 0.0229227 0.0183749 0.015126 0.0131133 0.0117644
 1.07992e-16 3.38488e-05 0.000329023 0.00218647 0.00993942 0.0309255 0.0658915 0.0961794 0.0962217 0.0660979 0.0316187 0.011943 0.00722022 0.0113324 0.0209742 0.0347334 0.0502941 0.0637963 0.0713073 0.0709921 0.0641524 0.054226 0.0446033 0.0369982 0.0313298 0.0266738
 1.15234e-16 4.06997e-05 0.000395616 0.00262901 0.0119511 0.0371844 0.0792261 0.115637 0.115658 0.0793262 0.0375215 0.0129289 0.00509877 0.00583858 0.0105294 0.0177407 0.0264868 0.0352761 0.0425789 0.0476598 0.0508634 0.0530296 0.054566 0.0550224 0.0534813 0.0493299
 1.05554e-16 7.11983e-05 0.000692073 0.00459907 0.0209067 0.0650486 0.138593 0.202282 0.202289 0.138625 0.065156 0.0212177 0.00538178 0.00240799 0.00335194 0.00548795 0.00804272 0.0104301 0.0121177 0.0128982 0.0130128 0.0129584 0.0131228 0.0135392 0.0139143 0.013854
pSPR Fmed_Fpbrs
0.605868   0.6 0.325
Fs Fmed_Fpbrs
0.281415   0.287399 0.705334
SSBpbr Bo_Bmed_Bpbrs
1.73134e+06  962396  952237 476118
Ro
161961
SPR SPRFo_SPRFmed_SPRFpbrs
1.15602e+06 700392 375705
Fref
0.287399
Nvult_r0
 193573 16166.8 6789.92 7156.65 2483.98
CTP_r0
 29690.5 3082.47 1311.39 1383.16 480.093
YTP_r0
391299
Np
 216105 63971.5 23771.7 1828.8 974.616
Nvult_p0
 152134 46231.3 17209.3 1324.07 705.634
CTP_p0
 27160.1 13649.6 1069.89 447.291 607.788
 27160.1 10186.4 3839.14 295.574 157.525
YTP_p0
 475764 465859
CBA_c0
472793
log_Ro
11.8151
likeval ReclasPelacesDesembMPH_pf_preclas_ppelaces_ptallas_desvR_qrecl_qpela
 13.7183 17.1679 0.0579644 0.000815258 240.344 118.157 98.5535 0 23.6013 2.09166e-08 2.51826e-06 0.295799 7.58155e-16 0 0
q_reclas_q_pelaces
1.02071 1.25329
M
1
N
 186809 40831.7 123648 7614.91 0.262409
 104330 61078.1 12885.5 38924.3 2396.93
 105178 30932.2 16972.2 3564.49 11427.8
 172942 31343.7 8652.86 4726.92 4174.47
 138966 46357.4 7639.66 2095.13 2154.53
 239383 46013.5 14871.7 2445.46 1360.16
 97972.3 71924 13009.4 4186.94 1071.18
 43780.6 22935.8 14700.3 2633.97 1064.05
 41543.8 14958.6 7664.46 4904.82 1233.76
 55379.9 11426.1 3770.01 1919.98 1537.23
 102991 13797.8 2532.34 828.765 759.664
 140303 34560 4503.91 825.025 517.448
 117298 34786.9 7611.23 983.767 293.098
 81979.3 29828 7917.35 1718.97 288.256
 79693.2 16145.5 4869.32 1275.72 323.197
 426624 18969.6 3372.1 1007.78 330.759
 89337.6 110192 4405.84 777.434 308.476
 672915 26173.5 30149.4 1199.75 295.627
 380824 197910 7197.38 8252.06 409.189
 298847 101908 48132.2 1738.82 2091.73
 427401 82323.8 25736.6 12082.4 961.25
 580038 125719 22641.8 7045.44 3569.84
 119890 160788 32009.6 5730.93 2685.99
 349821 37335.1 47626.6 9448.55 2484.02
 298299 111109 11346.3 14429.7 3614.66
 132948 94713.6 33752.3 3436.17 5463.7
 296794 43442.9 29867 10617.1 2799.16
 333349 94237.8 13197.3 9045.3 4062.49
 98740.3 108143 29439 4111.92 4083.43
 73311.7 32337 34200.7 9287.65 2585.19
 279294 22791.5 9557.45 10072.8 3496.13
pred_Ctot
 13263.9 3715.91 11422 703.985 0.0242602
 13026.3 9663.6 2067.76 6250.94 384.944
 12846.4 4790.33 2665.98 560.328 1796.5
 30437.7 6912.45 1933.99 1057.26 933.727
 8855 3791.85 634.363 174.109 179.053
 28194.5 6878.01 2254.91 371.071 206.396
 23357.9 21182.8 3879.35 1249.35 319.641
 1983.54 1338.97 871.423 156.266 63.1298
 6785.97 3070.35 1594.69 1021.24 256.893
 11660.6 2991.17 999.696 509.469 407.921
 5762.3 992.558 184.947 60.5766 55.5281
 29853.5 9138.11 1206.26 221.112 138.684
 23589.3 8716.71 1932.13 249.904 74.4577
 25316.3 11188.3 3003.46 652.486 109.419
 18417.8 4617.28 1410.08 369.676 93.6585
 82674.3 4587.92 826.328 247.127 81.1114
 11714 18284.4 741.416 130.924 51.9512
 86867.8 4277.67 4997.39 199.012 49.0399
 67338.2 43842.5 1615.88 1853.98 91.9353
 48580.9 20820.5 9968.28 360.373 433.531
 55145.2 13447.8 4263.78 2003.19 159.376
 92478.4 25208.7 4602.4 1433.16 726.192
 11792.1 20154.1 4071.04 729.432 341.887
 30577.6 4168.5 5396.3 1071.4 281.682
 26128.5 12430.9 1288.22 1639.57 410.732
 9483.28 8658.77 3132.07 319.115 507.431
 25992.8 4859.69 3390.49 1206.19 318.021
 25153.5 9105.82 1294.31 887.805 398.754
 6917.14 9712.08 2683.67 375.141 372.558
 7278.88 4090.8 4389.88 1193.05 332.094
 29690.5 3082.47 1311.39 1383.16 480.093
F
 0.117935 0.153358 0.155821 0.155953 0.15596
 0.215767 0.280574 0.285081 0.285322 0.285335
 0.210639 0.273906 0.278306 0.278541 0.278554
 0.316575 0.411661 0.418273 0.418627 0.418646
 0.105294 0.13692 0.13912 0.139237 0.139244
 0.202454 0.263262 0.26749 0.267717 0.267729
 0.451985 0.587742 0.597182 0.597687 0.597714
 0.0739067 0.0961052 0.0976488 0.0977314 0.0977358
 0.290847 0.378206 0.38428 0.384605 0.384623
 0.389705 0.506756 0.514896 0.515332 0.515354
 0.0919482 0.119566 0.121486 0.121589 0.121594
 0.394562 0.513071 0.521312 0.521753 0.521776
 0.369271 0.480184 0.487897 0.48831 0.488331
 0.624823 0.812493 0.825543 0.826242 0.826279
 0.435349 0.566109 0.575202 0.575688 0.575714
 0.353675 0.459904 0.467291 0.467687 0.467708
 0.227677 0.296062 0.300817 0.301072 0.301085
 0.223807 0.291029 0.295704 0.295954 0.295967
 0.318267 0.413861 0.420508 0.420864 0.420883
 0.289271 0.376156 0.382198 0.382521 0.382538
 0.223678 0.290862 0.295534 0.295784 0.295797
 0.283006 0.36801 0.373921 0.374237 0.374254
 0.166642 0.216694 0.220175 0.220361 0.220371
 0.146912 0.191038 0.194107 0.194271 0.19428
 0.147239 0.191463 0.194538 0.194703 0.194711
 0.118509 0.154104 0.156579 0.156712 0.156719
 0.147215 0.191433 0.194507 0.194672 0.194681
 0.125735 0.1635 0.166126 0.166267 0.166274
 0.116281 0.151207 0.153636 0.153766 0.153773
 0.168332 0.218891 0.222407 0.222595 0.222605
 0.181169 0.235584 0.239368 0.239571 0.239581
YTP_r0W_actual
 246431 43462.8 36194.3 47304 17907.5
YTP_p0W_proyectada
 203429 213890 24746.6 13136.9 20561.5
 203429 159621 88799.2 8681.02 5329.08
CTP_r0_actual
 29690.5 3082.47 1311.39 1383.16 480.093
CTP_p0_proyectada
 27160.1 13649.6 1069.89 447.291 607.788
 27160.1 10186.4 3839.14 295.574 157.525
Wmedp
 7.49 15.67 23.13 29.37 33.83
Frms_r0
 0.181169 0.235584 0.239368 0.239571 0.239581
Zrms_r0
 1.18117 1.23558 1.23937 1.23957 1.23958
nmprior
 8.19 8.8 8.5 0
nm_flota  nm_reclas  nm_pelaces    nm_pelaL
inf 12.6712 19.5489 47.6936
cv_recla  cv_pelaces  cv_mph
0.335023 0.469819 0.881156
 ------------------------------------------------
Talla a la edad & desviaci?n 
 8 13.2811 15.8009 17.003 17.5766
 0.8 1.32811 1.58009 1.7003 1.75766
