    unsorted:	 2.362639163e-06 2.280014428e-06 4.512698698e-06 5.979989364e-05 5.362712966e-05 8.620516246e-05 0.001099993151 13.52213537 65.54834112 169.7686174 153.4261376 238.3704774 284.7880342 362.7553376 677.7302818 538.3651161 807.4743771 854.3652742 908.8176380 935.5738737 1064.623338 1178.809963 1221.939825 1298.158301 1514.225780 1554.730705 2041.633369 2063.397369 1942.030832 2213.455192 2418.407703 2463.689252 2526.631183 2618.626492 2641.305796 2856.931327 3202.763123 3278.055557 3343.383870 3876.651866 4000.882085 4306.216846 5508.365341 8897.347688 38229.56833 158333.2465 407786.9069 412602.1008 401158.8996 397416.0615 380751.4600 363808.8630 467990.7125 468500.3309 457617.9329 449830.7729 331712.1463 539304.8476 590190.3299 572312.1316 624289.2806 670552.1234 835030.2835 891970.4788 1026347.134 1080678.660 1357926.366 1368922.830 1539314.417 1671380.383 2271271.326 2330429.008 2394520.323 2692082.019 2953400.527 3071747.955 3406851.372
      sorted:	 2.280014428e-06 2.362639163e-06 4.512698698e-06 5.362712966e-05 5.979989364e-05 8.620516246e-05 0.001099993151 13.52213537 65.54834112 153.4261376 169.7686174 238.3704774 284.7880342 362.7553376 538.3651161 677.7302818 807.4743771 854.3652742 908.8176380 935.5738737 1064.623338 1178.809963 1221.939825 1298.158301 1514.225780 1554.730705 1942.030832 2041.633369 2063.397369 2213.455192 2418.407703 2463.689252 2526.631183 2618.626492 2641.305796 2856.931327 3202.763123 3278.055557 3343.383870 3876.651866 4000.882085 4306.216846 5508.365341 8897.347688 38229.56833 158333.2465 331712.1463 363808.8630 380751.4600 397416.0615 401158.8996 407786.9069 412602.1008 449830.7729 457617.9329 467990.7125 468500.3309 539304.8476 572312.1316 590190.3299 624289.2806 670552.1234 835030.2835 891970.4788 1026347.134 1080678.660 1357926.366 1368922.830 1539314.417 1671380.383 2271271.326 2330429.008 2394520.323 2692082.019 2953400.527 3071747.955 3406851.372
