years
 1991 1992 1993 1994 1995 1996 1997 1998 1999 2000 2001 2002 2003 2004 2005 2006 2007 2008 2009 2010 2011 2012 2013 2014 2015 2016 2017 2018 2019 2020 2021
reclasobs
 0 0 0 0 0 0 0 0 0 252601 567819 844713 477998 351125 339783 2.1784e+06 2.13404e+06 4.81314e+06 1.55562e+06 2.62356e+06 3.21686e+06 3.843e+06 1.13348e+06 3.07943e+06 1.97215e+06 2.03268e+06 2.025e+06 2.42433e+06 2.27542e+06 1.05018e+06 2.36338e+06
reclaspred
 3.28334e+06 1.85376e+06 940257 947686 950162 1.47755e+06 959822 855686 624944 458684 506540 641254 634567 504050 511818 1.28116e+06 1.26162e+06 2.78255e+06 2.30118e+06 1.72315e+06 3.04611e+06 2.47648e+06 1.98839e+06 3.04499e+06 2.295e+06 2.03309e+06 2.39315e+06 2.52896e+06 2.09056e+06 1.33762e+06 1.92885e+06
pelacesobs
 0 0 0 0 0 0 0 0 0 0 0 0 0 0 0 552880 188675 0 991730 2.46772e+06 1.41603e+06 1.21717e+06 2.29649e+06 1.80582e+06 0 1.4828e+06 1.56532e+06 1.57751e+06 1.42118e+06 867257 1.10002e+06
pelacespred
 1.83978e+06 1.16031e+06 592215 487195 504154 809935 496969 535332 382455 267363 302467 320478 347523 293497 304746 630584 620969 1.56846e+06 1.34717e+06 938626 1.59256e+06 1.41501e+06 1.12852e+06 1.88476e+06 1.37431e+06 1.21165e+06 1.62152e+06 1.69139e+06 1.15175e+06 838005 1.19002e+06
mphobs
 0 0 0 0 0 0 0 0 0 0 0 498337 0 5186 125008 0 168611 109162 213762 579715 649985 157893 87575 83554 0 0 0 0 0 0 0
mphpred
 493766 330975 166616 90851.2 101260 114266 149741 96884.3 85147.6 59453.3 39563.5 59450.6 63882.3 54803.9 38351.3 48146.8 147694 143103 275599 210078 225237 277253 263827 219662 303496 250894 206929 218988 303313 209343 133391
desembarqueobs
 494567 514787 250237 358949 120608 361735 552515 73892 212993 205616 52469 317467 293654 387597 252695 516296 358380 742168 942051 627588 828172 859565 418607 520667 417249 300574 415391 372974 316634 284311 391294
desembarquepred
 494574 513368 250958 358975 120613 361750 552568 73895.9 213039 205659 52471.4 317535 293709 387647 252696 516271 358404 742086 941891 627480 828241 859597 418619 520691 417251 300577 415393 372963 316630 284320 391299
Reclutas
 212141 120443 119878 211037 168907 282848 118185 54869.7 50893 66871.9 122743 159275 133517 93741.6 94943.6 501331 111249 771440 446113 343725 510744 685693 146629 429909 363278 163640 363912 408008 123090 89760.8 332472
log_desv_Rt
 0.0929661 -0.473109 -0.477814 0.0877467 -0.134938 0.380625 -0.492035 -1.25932 -1.33456 -1.06151 -0.454193 -0.193652 -0.370058 -0.723742 -0.711001 0.952981 -0.552512 1.38397 0.836287 0.575558 0.971585 1.26615 -0.276379 0.799288 0.630883 -0.166614 0.632628 0.747003 -0.451369 -0.767136 0.54227
SSB
 3.64534e+06 2.4435e+06 1.23008e+06 670730 747573 843593 1.1055e+06 715271 628622 438928 292086 438908 471626 404603 283137 355455 1.09039e+06 1.05649e+06 2.03467e+06 1.55095e+06 1.66286e+06 2.04689e+06 1.94777e+06 1.62171e+06 2.24063e+06 1.85228e+06 1.5277e+06 1.61673e+06 2.23928e+06 1.54553e+06 984789
BT
 4.86737e+06 3.31511e+06 1.68341e+06 1.48067e+06 1.31397e+06 2.2669e+06 1.6985e+06 1.35898e+06 1.13664e+06 845817 777196 1.04252e+06 1.10786e+06 1.11366e+06 990820 1.94482e+06 1.782e+06 4.44833e+06 4.16564e+06 2.83466e+06 4.52438e+06 4.22644e+06 3.0944e+06 5.04245e+06 3.70825e+06 3.19664e+06 4.34562e+06 4.46483e+06 3.04651e+06 2.30206e+06 3.24904e+06
Ftot
 0.116357 0.21077 0.204825 0.304856 0.10187 0.201279 0.436746 0.0689576 0.269575 0.351593 0.0874429 0.396111 0.369256 0.605276 0.408337 0.345393 0.222124 0.225861 0.324658 0.290343 0.221347 0.280266 0.164261 0.142924 0.144892 0.117129 0.144228 0.123705 0.116463 0.165073 0.170985
BD_Bspro_t
 0.981555 0.864171 0.720014 0.636886 0.631659 0.700827 0.69139 0.543198 0.597427 0.559026 0.528237 0.707582 0.596221 0.5108 0.408838 0.465813 0.625273 0.605386 0.691603 0.60088 0.573281 0.620261 0.635819 0.631145 0.728834 0.73706 0.744075 0.774935 0.813545 0.756229 0.698249
BD_Bspro
 2.6382 1.76841 0.890232 0.48542 0.541033 0.610524 0.800072 0.517655 0.454946 0.317661 0.211389 0.317646 0.341325 0.292819 0.204912 0.25725 0.789134 0.764602 1.47253 1.12245 1.20345 1.48137 1.40964 1.17366 1.62159 1.34053 1.10563 1.17006 1.62061 1.11853 0.712711
BD_Bo
 1.77449 1.18946 0.598782 0.3265 0.363906 0.410647 0.538139 0.348182 0.306002 0.213663 0.142183 0.213653 0.229579 0.196954 0.137826 0.173029 0.530781 0.514281 0.990445 0.754977 0.809453 0.996389 0.94814 0.789419 1.0907 0.901661 0.74366 0.786998 1.09004 0.752336 0.479378
BD_Brms
 3.22634 2.16265 1.08869 0.593636 0.661647 0.74663 0.978435 0.633058 0.556368 0.388478 0.258514 0.388459 0.417417 0.358098 0.250594 0.314599 0.965057 0.935056 1.80081 1.37269 1.47173 1.81162 1.72389 1.43531 1.98309 1.63938 1.35211 1.43091 1.98189 1.36788 0.871597
Sel_flota
 0.827368 1 1 1 1
 0.827368 1 1 1 1
 0.827368 1 1 1 1
 0.827368 1 1 1 1
 0.827368 1 1 1 1
 0.827368 1 1 1 1
 0.827368 1 1 1 1
 0.827368 1 1 1 1
 0.827368 1 1 1 1
 0.827368 1 1 1 1
 0.827368 1 1 1 1
 0.827368 1 1 1 1
 0.827368 1 1 1 1
 0.827368 1 1 1 1
 0.827368 1 1 1 1
 0.827368 1 1 1 1
 0.827368 1 1 1 1
 0.827368 1 1 1 1
 0.827368 1 1 1 1
 0.827368 1 1 1 1
 0.827368 1 1 1 1
 0.827368 1 1 1 1
 0.827368 1 1 1 1
 0.827368 1 1 1 1
 0.827368 1 1 1 1
 0.827368 1 1 1 1
 0.827368 1 1 1 1
 0.827368 1 1 1 1
 0.827368 1 1 1 1
 0.827368 1 1 1 1
 0.827368 1 1 1 1
Sel_reclas
 1 1 1 1 1
 1 1 1 1 1
 1 1 1 1 1
 1 1 1 1 1
 1 1 1 1 1
 1 1 1 1 1
 1 1 1 1 1
 1 1 1 1 1
 1 1 1 1 1
 1 1 1 1 1
 1 1 1 1 1
 1 1 1 1 1
 1 1 1 1 1
 1 1 1 1 1
 1 1 1 1 1
 1 1 1 1 1
 1 1 1 1 1
 1 1 1 1 1
 1 1 1 1 1
 1 1 1 1 1
 1 1 1 1 1
 1 1 1 1 1
 1 1 1 1 1
 1 1 1 1 1
 1 1 1 1 1
 1 1 1 1 1
 1 1 1 1 1
 1 1 1 1 1
 1 1 1 1 1
 1 1 1 1 1
 1 1 1 1 1
Sel_pelaces
 1 1 1 1 1
 1 1 1 1 1
 1 1 1 1 1
 1 1 1 1 1
 1 1 1 1 1
 1 1 1 1 1
 1 1 1 1 1
 1 1 1 1 1
 1 1 1 1 1
 1 1 1 1 1
 1 1 1 1 1
 1 1 1 1 1
 1 1 1 1 1
 1 1 1 1 1
 1 1 1 1 1
 1 1 1 1 1
 1 1 1 1 1
 1 1 1 1 1
 1 1 1 1 1
 1 1 1 1 1
 1 1 1 1 1
 1 1 1 1 1
 1 1 1 1 1
 1 1 1 1 1
 1 1 1 1 1
 1 1 1 1 1
 1 1 1 1 1
 1 1 1 1 1
 1 1 1 1 1
 1 1 1 1 1
 1 1 1 1 1
pf_obs 
 0.8446 0.082 0.0669 0.0065 0
 0.8095 0.147 0.0364 0.0071 0
 0.9664 0.0169 0.016 0.0007 0
 0.9276 0.0648 0.0075 0.0001 0
 0.7033 0.2144 0.0806 0.0017 0
 0.9318 0.0425 0.0243 0.0014 0
 0.5671 0.3108 0.0964 0.0239 0.0018
 0.0768 0.2599 0.5324 0.112 0.0189
 0.490249 0.384438 0.106611 0.0170017 0.00170017
 0.7925 0.1577 0.0466 0.003 0.0002
 0.840416 0.127587 0.0312969 0.00059994 9.999e-05
 0.8084 0.0986 0.0794 0.0134 0.0002
 0.7335 0.1905 0.0724 0.0035 0.0001
 0.4001 0.4547 0.1325 0.0127 0
 0.49795 0.308269 0.164784 0.0264974 0.00249975
 0.9179 0.0499 0.0305 0.0017 0
 0.2467 0.6533 0.0926 0.0074 0
 0.9418 0.0223 0.034 0.0019 0
 0.707729 0.231977 0.0356964 0.0245975 0
 0.517169 0.277429 0.184464 0.0207286 0.00020938
 0.811772 0.124168 0.05621 0.00726502 0.000585176
 0.764997 0.148141 0.077277 0.00933861 0.000247198
 0.163321 0.427699 0.378323 0.0303852 0.000271297
 0.753843 0.0900009 0.118128 0.0371064 0.000921714
 0.721811 0.176058 0.0630433 0.0369309 0.00215725
 0.143369 0.312575 0.442814 0.0836902 0.0175525
 0.692698 0.0596174 0.167031 0.0765114 0.00414204
 0.394062 0.376323 0.152708 0.0712218 0.00568511
 0.125707 0.32114 0.495352 0.0537591 0.00404204
 0.23352 0.215282 0.420074 0.123614 0.00750983
 0.774587 0.0839891 0.0768558 0.0609784 0.00358967
pf_pred 
 0.43928 0.118208 0.418466 0.0240449 7.77679e-07
 0.411108 0.288157 0.0633994 0.224439 0.0128966
 0.555883 0.205639 0.116692 0.0256743 0.0961114
 0.744081 0.155365 0.0465597 0.0264209 0.0275741
 0.646523 0.277092 0.046372 0.0138968 0.016116
 0.741618 0.178479 0.0626361 0.0104823 0.00678433
 0.471246 0.412333 0.0804181 0.0282222 0.0077799
 0.443936 0.294774 0.203759 0.0397395 0.0177909
 0.525793 0.2337 0.127495 0.0881293 0.0248829
 0.686727 0.181544 0.0649192 0.0354165 0.0313935
 0.802922 0.144509 0.0304642 0.0108938 0.0112111
 0.728426 0.22607 0.033366 0.00703397 0.00510388
 0.674282 0.251353 0.0619043 0.00913657 0.00332369
 0.61686 0.276742 0.0821064 0.0202215 0.00407023
 0.722809 0.187111 0.0650649 0.0193041 0.00571124
 0.928933 0.0545031 0.0111812 0.0038881 0.00149485
 0.388631 0.576193 0.0269771 0.00553433 0.00266438
 0.89338 0.0469266 0.0562589 0.00263402 0.000800514
 0.593804 0.370459 0.0157287 0.0188567 0.00115118
 0.599147 0.259101 0.129281 0.00548893 0.00698225
 0.737348 0.170878 0.05932 0.0295983 0.00285522
 0.741601 0.20061 0.0375963 0.0130515 0.00714037
 0.32399 0.52813 0.114808 0.0215161 0.0115557
 0.738812 0.0968262 0.128407 0.0279139 0.00804091
 0.626504 0.289925 0.030981 0.0410857 0.0115043
 0.436612 0.379133 0.143026 0.0152837 0.0259439
 0.73038 0.131206 0.093146 0.0351389 0.0101288
 0.687797 0.23998 0.0351459 0.0249508 0.0121258
 0.356011 0.469775 0.133913 0.019612 0.0206894
 0.424291 0.232237 0.250554 0.0714227 0.0214948
 0.821231 0.0849745 0.0378361 0.0408204 0.0151381
pobs_RECLAS
 0 0 0 0 0
 0 0 0 0 0
 0 0 0 0 0
 0 0 0 0 0
 0 0 0 0 0
 0 0 0 0 0
 0 0 0 0 0
 0 0 0 0 0
 0 0 0 0 0
 0 0 0 0 0
 0.991045 0.00858322 0.000360255 1.14367e-05 0
 0.934742 0.0480273 0.0164251 0.00080598 0
 0.827803 0.169806 0.00239088 0 0
 0.941827 0.0461693 0.0120037 0 0
 0.791401 0.0380133 0.147996 0.0225897 0
 0.846168 0.0940531 0.0597789 0 0
 0.134021 0.677848 0.182769 0.00536245 0
 0.80878 0.0450904 0.141981 0.00414843 0
 0.846168 0.0940531 0.0597789 0 0
 0.905697 0.0802665 0.012482 0.00150086 5.37128e-05
 0.989698 0.0102097 9.19794e-05 0 0
 0.975433 0.0193895 0.00387452 0.00125025 5.28907e-05
 0.303575 0.632131 0.0575291 0.00676475 0
 0.966965 0.00978017 0.0227588 0.000495775 0
 0.843318 0.132988 0.00938335 0.0141283 0.000182051
 0.564624 0.303363 0.111486 0.0197234 0.00080311
 0.826376 0.0876187 0.0782897 0.00655872 0.00115652
 0.89761 0.0855135 0.0140674 0.00269457 0.000114338
 0.34875 0.467042 0.161289 0.0227151 0.000203297
 0.318654 0.224769 0.449479 0.00709798 0
 0.937255 0.0296025 0.0250945 0.00804832 0
ppred_RECLAS
 0.486812 0.108188 0.382993 0.0220066 7.11756e-07
 0.458509 0.264963 0.0582963 0.206373 0.0118585
 0.602859 0.183888 0.104349 0.0229586 0.0859452
 0.779414 0.133915 0.0401316 0.0227732 0.0237671
 0.688876 0.243892 0.0408159 0.0122317 0.014185
 0.776824 0.15416 0.0541016 0.00905404 0.00585993
 0.520708 0.373762 0.0728954 0.0255822 0.00705214
 0.491335 0.269647 0.186391 0.0363521 0.0162744
 0.573827 0.210028 0.11458 0.0792025 0.0223624
 0.727279 0.158044 0.0565155 0.0308319 0.0273297
 0.831388 0.123636 0.0260639 0.00932032 0.00959178
 0.765611 0.195116 0.0287975 0.00607087 0.00440505
 0.715861 0.219267 0.054002 0.00797025 0.0028994
 0.663461 0.243082 0.0721199 0.017762 0.00357518
 0.760563 0.161626 0.056203 0.0166748 0.00493336
 0.940826 0.0453821 0.00931009 0.00323744 0.00124469
 0.43541 0.532105 0.024913 0.00511087 0.00246051
 0.910444 0.039416 0.0472547 0.00221245 0.000672392
 0.639942 0.32838 0.0139422 0.0167148 0.00102042
 0.64487 0.229546 0.114535 0.00486283 0.00618582
 0.773026 0.147667 0.0512622 0.0255778 0.00246738
 0.777083 0.173064 0.0324338 0.0112593 0.00615989
 0.367413 0.494206 0.107433 0.0201341 0.0108134
 0.774096 0.0837459 0.11106 0.024143 0.00695466
 0.670195 0.25601 0.027357 0.0362796 0.0101586
 0.484108 0.347171 0.130969 0.0139952 0.0237567
 0.766447 0.113655 0.0806859 0.0304384 0.00877391
 0.727363 0.209567 0.0306918 0.0217887 0.010589
 0.400976 0.436973 0.124563 0.0182427 0.0192448
 0.471779 0.213081 0.229887 0.0655313 0.0197218
 0.847742 0.0723731 0.0322252 0.0347669 0.0128932
pobs_PELACES
 0 0 0 0 0
 0 0 0 0 0
 0 0 0 0 0
 0 0 0 0 0
 0 0 0 0 0
 0 0 0 0 0
 0 0 0 0 0
 0 0 0 0 0
 0 0 0 0 0
 0 0 0 0 0
 0 0 0 0 0
 0 0 0 0 0
 0 0 0 0 0
 0 0 0 0 0
 0 0 0 0 0
 0 0 0 0 0
 0.505614 0.472636 0.0217494 0 0
 0 0 0 0 0
 0.443492 0.261883 0.143347 0.151278 0
 0.227955 0.32914 0.350689 0.0885471 0.00366901
 0.970185 0.0296113 0.000203453 0 0
 0.997202 0.00247181 0.000326279 0 0
 0.445219 0.490057 0.0546422 0.010081 0
 0.90214 0.0892962 0.00764917 0.000914606 0
 0 0 0 0 0
 0.581667 0.319106 0.0959925 0.00289975 0.000334073
 0.762889 0.0836404 0.116647 0.0363945 0.000428098
 0.88444 0.0763242 0.0277011 0.0115352 0
 0.521256 0.241999 0.230069 0.00667565 0
 0.616807 0.101726 0.260614 0.0208532 0
 0.833518 0.0704572 0.0857862 0.0102388 0
ppred_PELACES
 0.488468 0.107839 0.381757 0.0219356 7.09459e-07
 0.461491 0.263504 0.0579752 0.205237 0.0117932
 0.60565 0.182596 0.103616 0.0227973 0.0853414
 0.782385 0.132111 0.039591 0.0224664 0.023447
 0.690118 0.242918 0.0406529 0.0121829 0.0141284
 0.778806 0.152792 0.0536213 0.00897365 0.0058079
 0.526914 0.368922 0.0719516 0.025251 0.00696082
 0.492317 0.269127 0.186031 0.036282 0.016243
 0.577578 0.208179 0.113572 0.0785053 0.0221656
 0.731234 0.155752 0.055696 0.0303848 0.0269334
 0.832085 0.123125 0.0259562 0.00928178 0.00955212
 0.769636 0.191765 0.028303 0.00596661 0.0043294
 0.720121 0.21598 0.0531925 0.00785078 0.00285594
 0.671116 0.237553 0.0704794 0.017358 0.00349385
 0.764773 0.158784 0.0552146 0.0163816 0.00484661
 0.941912 0.0445492 0.00913923 0.00317802 0.00122185
 0.438523 0.529171 0.0247756 0.00508269 0.00244694
 0.911488 0.0389567 0.0467041 0.00218667 0.000664557
 0.644193 0.324504 0.0137776 0.0165175 0.00100837
 0.648649 0.227104 0.113316 0.00481109 0.00612
 0.77523 0.146232 0.0507643 0.0253294 0.00244341
 0.779837 0.170926 0.0320332 0.0111202 0.0060838
 0.369591 0.492504 0.107064 0.0200648 0.0107762
 0.775517 0.0832193 0.110362 0.0239911 0.00691093
 0.672017 0.254596 0.0272059 0.0360792 0.0101024
 0.485775 0.346049 0.130546 0.01395 0.02368
 0.767915 0.112941 0.0801789 0.0302472 0.00871878
 0.728759 0.208495 0.0305347 0.0216772 0.0105349
 0.402571 0.43581 0.124231 0.0181941 0.0191936
 0.474123 0.212135 0.228867 0.0652405 0.0196342
 0.848995 0.0717775 0.03196 0.0344807 0.0127871
pobs_pel_tallas
 0 0 0 0 0 0 0 0 0 0 0 0 0 0 0 0 0 0 0 0 0 0 0 0 0 0
 0 0 0 0 0 0 0 0 0 0 0 0 0 0 0 0 0 0 0 0 0 0 0 0 0 0
 0 0 0 0 0 0 0 0 0 0 0 0 0 0 0 0 0 0 0 0 0 0 0 0 0 0
 0 0 0 0 0 0 0 0 0 0 0 0 0 0 0 0 0 0 0 0 0 0 0 0 0 0
 0 0 0 0 0 0 0 0 0 0 0 0 0 0 0 0 0 0 0 0 0 0 0 0 0 0
 0 0 0 0 0 0 0 0 0 0 0 0 0 0 0 0 0 0 0 0 0 0 0 0 0 0
 0 0 0 0 0 0 0 0 0 0 0 0 0 0 0 0 0 0 0 0 0 0 0 0 0 0
 0 0 0 0 0 0 0 0 0 0 0 0 0 0 0 0 0 0 0 0 0 0 0 0 0 0
 0 0 0 0 0 0 0 0 0 0 0 0 0 0 0 0 0 0 0 0 0 0 0 0 0 0
 0 0 0 0 0 0 0 0 0 0 0 0 0 0 0 0 0 0 0 0 0 0 0 0 0 0
 0 0 0 0 0 0 0 0 0 0 0 0 0 0 0 0 0 0 0 0 0 0 0 0 0 0
 0 0 0 0 0 0 0 0 0 0 0 0 0 0 0 0 0 0 0 0 0 0 0 0 0 0
 0.00862536 0 0 0.000197151 0.00414017 0.0128641 0.00837892 0.0270097 0.101434 0.158115 0.152841 0.127902 0.109271 0.109419 0.0830992 0.0579132 0.0238553 0.00714673 0.00463305 0.00128148 0.00103504 0.000492878 0.000147863 0.000147863 4.92878e-05 0
 0 0 0 0 0 0 0 0 0 0 0 0 0 0 0 0 0 0 0 0 0 0 0 0 0 0
 0 0 0 0 0 0 0 0.0054083 0.00873648 0.0413646 0.0450493 0.0745869 0.0622846 0.0627006 0.0613931 0.0827291 0.12552 0.122667 0.0946155 0.0697135 0.0546179 0.0294188 0.0215738 0.0213955 0.0102223 0.00600262
 0 0 0 0 0.00359764 0.0251062 0.0480494 0.140153 0.205849 0.193036 0.1447 0.116669 0.0760912 0.0342217 0.00950174 0.001854 0.000860785 0 0 0 0.000165536 0 0.000143464 0 0 0
 0 0 0 0 0 0 0 0.000145254 0.000435761 0.0275982 0.070085 0.0708112 0.156366 0.174668 0.174014 0.160142 0.0824315 0.0480064 0.0283245 0.00493863 0.00203355 0 0 0 0 0
 0 0 0 0 0 0 0 0 0 0 0 0 0 0 0 0 0 0 0 0 0 0 0 0 0 0
 0 0 1.00437e-05 0.000401748 0.00122533 0.00171747 0.00176769 0.0269171 0.070346 0.194647 0.189555 0.159765 0.064822 0.0314167 0.0384472 0.0292271 0.0345202 0.0313363 0.0194345 0.0106764 0.0143323 0.0359363 0.0279516 0.0138201 0.00172751 0
 0 0.0021121 0.0136068 0.0755702 0.200478 0.177729 0.0527432 0.0373336 0.0318909 0.0142505 0.0149659 0.0166563 0.0217959 0.0798694 0.0677717 0.0528807 0.04013 0.0224614 0.0357745 0.0225083 0.00881397 0.00855152 0.00135912 0.000746735 0 0
 0 0 0 0 5.4009e-05 0.00500934 0.000945158 0.0243581 0.138947 0.33067 0.221406 0.137944 0.0707744 0.0437923 0.0131692 0.00525238 0.0047753 0.00276346 9.45158e-05 9.00151e-06 2.25038e-05 9.00151e-06 4.50075e-06 0 0 0
 0.000866109 0.00284123 0.00948549 0.0512746 0.133035 0.25785 0.225252 0.132002 0.0553304 0.0519788 0.0540692 0.017754 0.00435017 0.00159236 0.00146478 0.000404838 0.000125132 0.000115318 0.000107957 0.000100596 0 0 0 0 0 0
 0 0 0 0 0.00144013 0.00171154 0.00461396 0.0210425 0.0478622 0.0707936 0.0888783 0.103762 0.0637923 0.0337046 0.0602308 0.124433 0.169614 0.0934646 0.0462172 0.0250306 0.0313229 0.00938855 0.002487 0.000210481 0 0
 0 0.00764035 0.051015 0.0998891 0.058973 0.0496711 0.0374665 0.0718981 0.12319 0.153886 0.159021 0.0857701 0.0377988 0.023471 0.0147837 0.00900784 0.00315554 0.000888139 0.00291439 0.00214683 0.00393193 0.00274676 0.000635225 9.99891e-05 0 0
 0 0 0 0 0 0 0 0 0 0 0 0 0 0 0 0 0 0 0 0 0 0 0 0 0 0
 0 0 0 0 0 0 0 0 0 0 0 0 0 0 0 0 0 0 0 0 0 0 0 0 0 0
 0 0 0 0 0 0 0 0 0 0 0 0 0 0 0 0 0 0 0 0 0 0 0 0 0 0
 0 0 0 0 0 0 0 0 0 0 0 0 0 0 0 0 0 0 0 0 0 0 0 0 0 0
 0 0 0 0 0 0 0 0 0 0 0 0 0 0 0 0 0 0 0 0 0 0 0 0 0 0
 0 0 0 0 0 0 0 0 0 0 0 0 0 0 0 0 0 0 0 0 0 0 0 0 0 0
 0 0 0 0 0 0 0 0 0 0 0 0 0 0 0 0 0 0 0 0 0 0 0 0 0 0
ppred_pel_tallas
 1.13245e-16 4.02345e-05 0.000391094 0.00259896 0.0118145 0.0367593 0.07832 0.114313 0.114324 0.0783738 0.0369418 0.0123488 0.00396752 0.00346927 0.00615109 0.0107943 0.0171458 0.0248837 0.0335799 0.0428362 0.0521642 0.0606324 0.0667055 0.06866 0.0654399 0.0573458
 1.24319e-16 3.80125e-05 0.000369495 0.00245542 0.011162 0.0347293 0.0739954 0.108004 0.108029 0.0741201 0.0351482 0.0123735 0.00550261 0.00704297 0.0127788 0.0212524 0.031082 0.0401623 0.0464687 0.0493114 0.0498317 0.0501867 0.0520108 0.0553342 0.0586602 0.0599506
 1.19766e-16 4.98866e-05 0.000484916 0.00322243 0.0146487 0.0455777 0.0971088 0.141737 0.141755 0.0971956 0.0458695 0.0154933 0.00534968 0.00515325 0.00898933 0.0149789 0.0220462 0.0287522 0.0336924 0.0363167 0.0372629 0.0378405 0.039065 0.0410076 0.0428655 0.0435374
 1.07398e-16 6.4444e-05 0.000626419 0.00416278 0.0189234 0.0588777 0.125446 0.183094 0.183107 0.125508 0.0590875 0.01953 0.00568774 0.00396311 0.00642459 0.0105818 0.0153895 0.0196872 0.0223524 0.0229095 0.0218177 0.0201325 0.0188083 0.0181885 0.0179879 0.0176417
 1.04849e-16 5.68442e-05 0.000552546 0.00367186 0.0166918 0.0519344 0.110653 0.161506 0.161529 0.110767 0.0523188 0.0178023 0.00646014 0.00664185 0.011629 0.0191554 0.0276383 0.0348659 0.0386276 0.0379196 0.0335418 0.0275412 0.0219608 0.0178696 0.0152346 0.0134316
 1.0347e-16 6.41492e-05 0.000623553 0.00414373 0.0188368 0.0586084 0.124872 0.182257 0.182272 0.124944 0.0588511 0.0195385 0.00590747 0.00448212 0.00741672 0.0122238 0.0177522 0.0226373 0.0255253 0.0257826 0.023841 0.0208411 0.0178798 0.0154676 0.01352 0.0117116
 1.05881e-16 4.34013e-05 0.000421876 0.00280352 0.0127444 0.0396528 0.0844857 0.123317 0.123352 0.0846596 0.0402369 0.0144321 0.00704159 0.00967966 0.0176435 0.0291471 0.0420962 0.0531782 0.0590416 0.0581439 0.0516512 0.0425946 0.0339929 0.027417 0.0228332 0.0193896
 1.11825e-16 4.05516e-05 0.000394176 0.00261944 0.0119076 0.0370491 0.078938 0.115218 0.115244 0.079066 0.0374797 0.0131545 0.00576093 0.00729098 0.0132532 0.0221456 0.0325993 0.0424672 0.0495519 0.0528012 0.0528087 0.0511358 0.0490569 0.0468048 0.0437963 0.0394162
 1.14955e-16 4.75744e-05 0.00046244 0.00307308 0.0139698 0.0434653 0.0926081 0.135168 0.135189 0.092707 0.0437978 0.0149324 0.00549755 0.00578237 0.0102326 0.0170586 0.0250898 0.0326742 0.0381765 0.0409092 0.0415094 0.0413583 0.0415129 0.0420228 0.0420743 0.0406809
 1.09253e-16 6.02308e-05 0.000585465 0.00389062 0.0176862 0.0550284 0.117244 0.171125 0.17114 0.117318 0.0552761 0.0184025 0.00569201 0.00452945 0.00758518 0.0125375 0.0182794 0.0234761 0.0268242 0.0277707 0.0268402 0.0252306 0.0239978 0.0234745 0.0232759 0.0227296
 1.03328e-16 6.85378e-05 0.000666212 0.00442721 0.0201255 0.0626179 0.133414 0.194725 0.194737 0.133473 0.0628129 0.0206891 0.0058428 0.00375937 0.00595179 0.00975463 0.0141023 0.0178583 0.0199174 0.0197831 0.0178594 0.0151613 0.0126812 0.010905 0.00976313 0.0089045
 1.02197e-16 6.33939e-05 0.000616211 0.00409494 0.018615 0.0579184 0.123402 0.180112 0.180131 0.123492 0.0582216 0.0194911 0.00629402 0.00541719 0.00918246 0.0150831 0.0217289 0.02734 0.0301464 0.0293321 0.0255146 0.020316 0.0153838 0.0116251 0.00909549 0.00738274
 1.02861e-16 5.93154e-05 0.000576567 0.00383149 0.0174174 0.0541922 0.115463 0.168526 0.168547 0.115565 0.0545344 0.0184065 0.00631584 0.00600553 0.0103863 0.0171193 0.0247539 0.0313333 0.0348947 0.0345183 0.0308463 0.0255948 0.020476 0.0163866 0.013338 0.010913
 1.04427e-16 5.5279e-05 0.000537332 0.00357076 0.0162322 0.0505044 0.107606 0.157059 0.157082 0.107718 0.0508813 0.0173216 0.00630835 0.00652331 0.0114525 0.0189213 0.0274282 0.0348624 0.0390999 0.0391494 0.0357043 0.030593 0.0255973 0.0215845 0.0184675 0.0157411
 1.04098e-16 6.29934e-05 0.000612318 0.00406907 0.0184974 0.0575524 0.122622 0.178974 0.178989 0.122697 0.0578046 0.0192267 0.00590239 0.0046235 0.00770761 0.0127126 0.018472 0.0235775 0.0266329 0.026992 0.0251132 0.0221829 0.0193263 0.0170415 0.0151968 0.0134114
 1.00801e-16 7.7584e-05 0.000754144 0.00501155 0.0227818 0.0708827 0.151023 0.220424 0.220428 0.151044 0.0709532 0.0229857 0.00552352 0.00187263 0.00220437 0.00352831 0.00509138 0.00643714 0.00715803 0.00706876 0.00631023 0.0052469 0.00423998 0.00347466 0.00294223 0.00253631
 1.01775e-16 3.61207e-05 0.000351106 0.00233323 0.0106065 0.0330012 0.0703143 0.102636 0.102687 0.0705631 0.0338362 0.0130175 0.00838095 0.01354 0.025045 0.0412442 0.0591683 0.073896 0.0804358 0.0764866 0.0638356 0.0472088 0.0315341 0.019718 0.012202 0.00792158
 1.0169e-16 7.50781e-05 0.000729786 0.00484968 0.022046 0.0685932 0.146145 0.213304 0.213308 0.146164 0.0686561 0.0222285 0.00531109 0.00174715 0.00203676 0.00332511 0.00496073 0.0066074 0.00796334 0.00886717 0.00934912 0.00953236 0.00947879 0.00912858 0.00837927 0.00721437
 1.02308e-16 5.30614e-05 0.000515775 0.00342751 0.015581 0.0484784 0.103289 0.150761 0.150792 0.103442 0.0489905 0.0170596 0.00713687 0.00860589 0.0153959 0.0253124 0.0363284 0.0454161 0.0495347 0.0473 0.0398322 0.0300365 0.0209099 0.0141708 0.00999567 0.00763481
 1.04847e-16 5.34284e-05 0.000519343 0.00345122 0.0156888 0.0488137 0.104003 0.151801 0.151823 0.104111 0.0491754 0.0167352 0.00608381 0.00628605 0.011063 0.0183545 0.0267819 0.0343972 0.0392199 0.0402871 0.0381413 0.0343038 0.0302047 0.0264611 0.0229396 0.019301
 1.04457e-16 6.38547e-05 0.000620691 0.00412471 0.0187503 0.0583393 0.124299 0.18142 0.181435 0.124368 0.0585717 0.0194222 0.00581392 0.00431728 0.00711113 0.011726 0.0170538 0.0218044 0.024707 0.0251836 0.0236683 0.021251 0.0189426 0.0171521 0.0156942 0.0141603
 1.03113e-16 6.42342e-05 0.000624379 0.00414922 0.0188618 0.058686 0.125037 0.182499 0.182516 0.125118 0.0589566 0.0196436 0.0061124 0.00491261 0.00821606 0.0135017 0.0194929 0.0246194 0.0273275 0.0269079 0.0239098 0.0197493 0.0158353 0.0128973 0.0109092 0.00945291
 1.07052e-16 3.04428e-05 0.000295915 0.00196646 0.00893928 0.0278137 0.0592618 0.0865042 0.0865517 0.059494 0.0285938 0.0111932 0.00762695 0.0126625 0.0235453 0.0389514 0.0562821 0.0711404 0.079047 0.0779184 0.0692664 0.0570841 0.0453636 0.0362084 0.0296377 0.0246213
 1.06782e-16 6.38783e-05 0.00062092 0.00412623 0.0187573 0.0583608 0.124344 0.181486 0.181494 0.124384 0.0584958 0.0191491 0.00511776 0.00281144 0.00430056 0.00720897 0.010848 0.014627 0.0179678 0.0205802 0.0225491 0.0240959 0.0252332 0.0256479 0.0249121 0.0228182
 1.06179e-16 5.53532e-05 0.000538053 0.00357555 0.0162539 0.0505722 0.10775 0.15727 0.157294 0.10787 0.0509748 0.0174167 0.0064943 0.00691019 0.0121593 0.0200218 0.0288608 0.0363597 0.0402147 0.0394111 0.0348502 0.0287477 0.0232872 0.0195648 0.0174415 0.0161052
 1.09263e-16 4.00127e-05 0.000388938 0.00258463 0.0117494 0.0365568 0.0778895 0.113689 0.113722 0.0780531 0.0371068 0.0133395 0.00658244 0.00913727 0.0167166 0.0277348 0.0403287 0.051511 0.058241 0.0590951 0.0550455 0.0486491 0.0423454 0.0372404 0.0330989 0.0291537
 1.06852e-16 6.32521e-05 0.000614833 0.00408578 0.0185734 0.0577888 0.123125 0.179707 0.179718 0.123179 0.0579697 0.0190973 0.00540638 0.00351586 0.0056265 0.00934317 0.0137873 0.0180466 0.0212303 0.0229331 0.0234283 0.0233652 0.0232263 0.0230081 0.0223348 0.0208244
 1.04892e-16 6.00269e-05 0.000583483 0.00387745 0.0176263 0.0548422 0.116848 0.170547 0.170567 0.116946 0.0551721 0.0185793 0.00627002 0.00580836 0.00998894 0.0164356 0.0237133 0.0299202 0.03317 0.0326208 0.028984 0.0240362 0.0195311 0.0163546 0.0144157 0.0131021
 1.0877e-16 3.31593e-05 0.000322321 0.00214194 0.00973695 0.0302955 0.0645493 0.0942204 0.0942626 0.0647551 0.0309868 0.0117349 0.00716189 0.0112972 0.0209243 0.034665 0.0502266 0.0637775 0.0714139 0.0713171 0.0647805 0.0552067 0.0459323 0.038614 0.0331254 0.0285187
 1.16525e-16 3.90529e-05 0.000379608 0.00252263 0.0114675 0.0356799 0.0760205 0.110958 0.110979 0.0761222 0.0360222 0.0124607 0.00503194 0.00591144 0.0107041 0.0180522 0.0269839 0.036005 0.0435835 0.0489891 0.0525735 0.0551687 0.0571427 0.0579753 0.0566699 0.0525566
 1.06563e-16 6.99306e-05 0.00067975 0.00451718 0.0205344 0.0638903 0.136125 0.19868 0.198687 0.136159 0.0640048 0.0208658 0.00535151 0.00250962 0.00357093 0.00586242 0.00860773 0.0111968 0.0130743 0.0140301 0.0143255 0.014483 0.0148954 0.0155651 0.0161415 0.0161715
pSPR Fmed_Fpbrs
0.673924   0.6 0.325
Fs Fmed_Fpbrs
0.207486   0.274006 0.666854
SSBpbr Bo_Bmed_Bpbrs
2.0543e+06  1.28173e+06  1.12987e+06 564933
Ro
193308
SPR SPRFo_SPRFmed_SPRFpbrs
1.38175e+06 931196 449069
Fref
0.274006
Nvult_r0
 226297 19874.2 8849.25 9547.21 3540.56
CTP_r0
 28046 2901.98 1292.15 1394.07 516.986
YTP_r0
391299
Np
 263452 106175 8931.53 3976.89 5620.9
Nvult_p0
 186192 76476.8 6433.3 2864.52 4048.68
CTP_p0
 34409.7 16448.2 1383.64 616.084 870.767
YTP_p0
 604036
CBA_c0
455120
log_Ro
11.992
likeval ReclasPelacesDesembMPH_pf_preclas_ppelaces_ptallas_desvR_qrecl_qpela
 14.9098 17.2562 0.0810049 0.000812609 241.239 119.349 98.2111 0 23.1522 2.77281e-06 1.14247e-07 0.413287 7.11847e-16 0 0
q_reclas_q_pelaces
0.78981 0.95305
M
1
N
 212141 47621.5 168584 9686.76 0.313297
 120443 70879.5 15594.7 55206.2 3172.23
 119878 37217.9 21119.8 4646.7 17394.9
 211037 37225.9 11155.9 6330.55 6606.85
 168907 60328.4 10096.1 3025.6 3508.77
 282848 57114.8 20044.1 3354.42 2171.04
 118185 88091.6 17180.7 6029.44 1662.11
 54869.7 30292.5 20939.4 4083.84 1828.28
 50893 19066 10401.4 7189.88 2030.02
 66871.9 14979.6 5356.61 2922.29 2590.34
 122743 18391.4 3877.13 1386.44 1426.82
 159275 42003.1 6199.32 1306.89 948.286
 133517 42220.4 10398.2 1534.69 558.287
 93741.6 36187.6 10736.5 2644.22 532.236
 94943.6 20900.2 7267.7 2156.25 637.942
 501331 24914.2 5111.13 1777.31 683.319
 111249 138587 6488.59 1331.13 640.841
 771440 34055.6 40828.3 1911.56 580.949
 446113 235424 9995.48 11983.3 731.565
 343725 125457 62597.9 2657.74 3380.8
 510744 99446.7 34522.7 17225.5 1661.66
 685693 156450 29320.1 10178.4 5568.54
 146629 200046 43487.3 8149.93 4377.08
 429909 47087.2 62445 13574.7 3910.35
 363278 140516 15015.4 19912.8 5575.72
 163640 118545 44720.4 4778.78 8111.94
 363912 54639.7 38789.9 14633.3 4218.07
 408008 118817 17401.1 12353.4 6003.6
 123090 135495 38624.2 5656.63 5967.37
 89760.8 41122.6 44366.1 12646.9 3806.12
 332472 28805.7 12826.1 13837.8 5131.7
pred_Ctot
 12405 3338.13 11817.2 679.013 0.0219612
 12358.1 8662.13 1905.81 6746.72 387.676
 11976.9 4430.65 2514.23 553.172 2070.79
 30356.2 6338.39 1899.49 1077.89 1124.94
 8689.83 3724.35 623.279 186.785 216.613
 27803 6691.12 2348.2 392.978 254.342
 23329.7 20413.1 3981.21 1397.18 385.155
 1932.46 1283.16 886.969 172.987 77.444
 6549.32 2910.99 1588.08 1097.75 309.943
 10924.8 2888.1 1032.77 563.425 499.424
 5447.23 980.383 206.677 73.9064 76.059
 28893.2 8967.1 1323.47 279.004 202.446
 22776.6 8490.46 2091.06 308.624 112.271
 24305.9 10904.4 3235.21 796.78 160.378
 17684.5 4577.91 1591.9 472.3 139.733
 80621.4 4730.28 970.412 337.446 129.737
 11984.1 17767.9 831.886 170.661 82.1606
 84394.5 4432.99 5314.58 248.827 75.6217
 67894.7 42357.7 1798.39 2156.04 131.624
 47314.7 20461.2 10209.3 433.461 551.389
 54840.7 12709.2 4411.96 2201.4 212.359
 91415.6 24728.8 4634.42 1608.83 880.178
 11909.6 19413.6 4220.25 790.915 424.776
 30602.1 4010.61 5318.7 1156.21 333.06
 26197.8 12123.5 1295.5 1718.04 481.062
 9629.87 8362.12 3154.58 337.095 572.215
 26129.1 4693.86 3332.27 1257.08 362.356
 25302 8828.18 1292.92 917.868 446.072
 7204.03 9506.08 2709.79 396.858 418.659
 7324.65 4009.18 4325.39 1232.99 371.071
 28046 2901.98 1292.15 1394.07 516.986
F
 0.0962698 0.116357 0.116357 0.116357 0.116357
 0.174384 0.21077 0.21077 0.21077 0.21077
 0.169465 0.204825 0.204825 0.204825 0.204825
 0.252228 0.304856 0.304856 0.304856 0.304856
 0.0842837 0.10187 0.10187 0.10187 0.10187
 0.166532 0.201279 0.201279 0.201279 0.201279
 0.36135 0.436746 0.436746 0.436746 0.436746
 0.0570533 0.0689576 0.0689576 0.0689576 0.0689576
 0.223038 0.269575 0.269575 0.269575 0.269575
 0.290896 0.351593 0.351593 0.351593 0.351593
 0.0723475 0.0874429 0.0874429 0.0874429 0.0874429
 0.32773 0.396111 0.396111 0.396111 0.396111
 0.30551 0.369256 0.369256 0.369256 0.369256
 0.500786 0.605276 0.605276 0.605276 0.605276
 0.337845 0.408337 0.408337 0.408337 0.408337
 0.285768 0.345393 0.345393 0.345393 0.345393
 0.183778 0.222124 0.222124 0.222124 0.222124
 0.18687 0.225861 0.225861 0.225861 0.225861
 0.268612 0.324658 0.324658 0.324658 0.324658
 0.24022 0.290343 0.290343 0.290343 0.290343
 0.183136 0.221347 0.221347 0.221347 0.221347
 0.231883 0.280266 0.280266 0.280266 0.280266
 0.135904 0.164261 0.164261 0.164261 0.164261
 0.118251 0.142924 0.142924 0.142924 0.142924
 0.119879 0.144892 0.144892 0.144892 0.144892
 0.0969087 0.117129 0.117129 0.117129 0.117129
 0.119329 0.144228 0.144228 0.144228 0.144228
 0.10235 0.123705 0.123705 0.123705 0.123705
 0.0963577 0.116463 0.116463 0.116463 0.116463
 0.136576 0.165073 0.165073 0.165073 0.165073
 0.141467 0.170985 0.170985 0.170985 0.170985
YTP_r0W_actual
 238391 47302.4 37343.1 48513.5 19748.9
YTP_p0W_proyectada
 258761 265145 32349.5 18174.5 29606.1
CTP_r0_actual
 28046 2901.98 1292.15 1394.07 516.986
CTP_p0_proyectada
 34409.7 16448.2 1383.64 616.084 870.767
Wmedp
 7.52 16.12 23.38 29.5 34
Frms_r0
 0.141467 0.170985 0.170985 0.170985 0.170985
Zrms_r0
 1.14147 1.17098 1.17098 1.17098 1.17098
nmprior
 8.19 8.8 8.5 0
nm_flota  nm_reclas  nm_pelaces    nm_pelaL
inf 12.0001 18.5758 44.6306
cv_recla  cv_pelaces  cv_mph
0.34927 0.471025 0.879723
 ------------------------------------------------
Talla a la edad & desviaci?n 
 8 13.2811 15.8009 17.003 17.5766
 0.8 1.32811 1.58009 1.7003 1.75766
