    unsorted:	 2.282375721e-06 5.378381328e-05 0.0001026432398 0.001099990708 11.46291282 11.81788640 15.43250430 14.10064113 63.77069227 92.73036919 161.8627766 192.9640793 209.3426152 219.7137568 392.3877906 474.3282289 514.5718655 686.6901230 805.3623209 756.8657590 857.3558706 864.7004045 917.7681326 984.1444654 1031.921855 1048.610444 1159.983938 1173.288088 1284.651052 1538.177861 1613.525605 2048.315994 2027.892964 2094.146033 1905.839402 2136.990613 2370.775940 2539.211799 2707.176412 3132.297467 3275.696123 3614.618972 3970.728152 11183.60614 41195.83708 158232.2258 206437.4351 352750.5801 339324.7190 325372.1187 366475.1738 381818.5607 392055.3337 399109.6549 289555.0151 444243.3762 484627.5349 515222.6398 664785.1164 721026.5130 743847.1527 771201.3358 827885.1387 1086917.312 1215491.425 1321940.664 1392149.685 1525944.155 1567119.336 1852823.988 1995207.793 2102454.316 2625371.602 2665953.313 2870573.738 3100090.151 3416126.524
      sorted:	 2.282375721e-06 5.378381328e-05 0.0001026432398 0.001099990708 11.46291282 11.81788640 14.10064113 15.43250430 63.77069227 92.73036919 161.8627766 192.9640793 209.3426152 219.7137568 392.3877906 474.3282289 514.5718655 686.6901230 756.8657590 805.3623209 857.3558706 864.7004045 917.7681326 984.1444654 1031.921855 1048.610444 1159.983938 1173.288088 1284.651052 1538.177861 1613.525605 1905.839402 2027.892964 2048.315994 2094.146033 2136.990613 2370.775940 2539.211799 2707.176412 3132.297467 3275.696123 3614.618972 3970.728152 11183.60614 41195.83708 158232.2258 206437.4351 289555.0151 325372.1187 339324.7190 352750.5801 366475.1738 381818.5607 392055.3337 399109.6549 444243.3762 484627.5349 515222.6398 664785.1164 721026.5130 743847.1527 771201.3358 827885.1387 1086917.312 1215491.425 1321940.664 1392149.685 1525944.155 1567119.336 1852823.988 1995207.793 2102454.316 2625371.602 2665953.313 2870573.738 3100090.151 3416126.524
