years
 1991 1992 1993 1994 1995 1996 1997 1998 1999 2000 2001 2002 2003 2004 2005 2006 2007 2008 2009 2010 2011 2012 2013 2014 2015 2016 2017 2018 2019 2020 2021
reclasobs
 0 0 0 0 0 0 0 0 0 252601 567819 844713 477998 351125 339783 2.1784e+06 2.13404e+06 4.81314e+06 1.55562e+06 2.62356e+06 3.21686e+06 3.843e+06 1.13348e+06 3.07943e+06 1.97215e+06 2.03268e+06 2.025e+06 2.42433e+06 2.27542e+06 1.05018e+06 2.36338e+06
reclaspred
 3.73506e+06 1.70543e+06 892835 661871 407462 2.49286e+06 1.15247e+06 724821 491173 255652 466862 788766 762628 539731 435832 1.67284e+06 959640 4.12142e+06 2.68813e+06 1.97769e+06 3.09778e+06 2.90944e+06 1.74709e+06 3.10466e+06 2.24883e+06 1.75142e+06 2.32531e+06 3.10403e+06 2.19112e+06 940213 1.50111e+06
pelacesobs
 0 0 0 0 0 0 0 0 0 0 0 0 0 0 0 552880 188675 0 991730 2.46772e+06 1.41603e+06 1.21717e+06 2.29649e+06 1.80582e+06 0 1.4828e+06 1.56532e+06 1.57751e+06 1.42118e+06 867257 1.10002e+06
pelacespred
 2.24074e+06 1.0021e+06 459317 259711 191302 1.42461e+06 533025 479822 251391 105467 259969 352895 384487 256605 207638 752297 431193 2.36336e+06 1.46352e+06 928057 1.60124e+06 1.46379e+06 949143 1.94067e+06 1.29576e+06 1.03401e+06 1.5783e+06 2.09232e+06 1.2724e+06 563971 865363
mphobs
 0 0 0 0 0 0 0 0 0 0 0 498337 0 5186 125008 0 168611 109162 213762 579715 649985 157893 87575 83554 0 0 0 0 0 0 0
mphpred
 716157 379778 142232 88414 52227 44948.5 270713 102989 69397.8 32192.1 14989.9 57202.4 69149 51674.1 26048.7 28795.3 176348 91014.2 426683 213003 236369 268309 306304 185049 318768 260254 178369 220852 412761 214818 76306.7
desembarqueobs
 494567 514787 250237 358949 120608 361735 552515 73892 212993 205616 52469 317467 293654 387597 252695 516296 358380 742168 942051 627588 828172 859565 418607 520667 417249 300574 415391 372974 316634 284311 391294
desembarquepred
 494515 514618 249947 358846 120583 361615 552121 73885.8 212918 205530 52464.2 317324 293474 387156 252500 515950 358241 741704 940985 626839 827923 858922 418391 520505 417010 300438 415199 372773 316433 284097 391168
Reclutas
 87442.3 76620.4 105936 67102.9 36723.3 260725 48759.2 15133.6 26354.1 37053.9 51270 110911 86889.3 66571.2 46812.3 277337 28782.3 489618 208085 221796 236492 416774 45731.8 184804 165056 53447.9 151288 198171 40736.5 24815 124573
log_desv_Rt
 -0.0156061 -0.147722 0.176248 -0.280357 -0.883174 1.07688 -0.599691 -1.76967 -1.21496 -0.87421 -0.549479 0.222143 -0.0219493 -0.288312 -0.640439 1.13865 -1.12682 1.70704 0.851363 0.915175 0.97933 1.54596 -0.663791 0.73271 0.6197 -0.507877 0.5326 0.802543 -0.779461 -1.27513 0.338308
SSB
 1.26141e+06 668928 250523 155729 91990.9 79170.7 476825 181401 122235 56702.1 26402.8 100754 121797 91017 45881.3 50719.1 310613 160309 751546 375177 416333 472590 539513 325939 561467 458402 314172 389001 727023 378373 134404
BT
 1.77696e+06 1.11308e+06 503231 437992 215338 1.24803e+06 801520 363757 364553 259826 212431 487355 510359 566078 384715 902356 542590 2.2155e+06 1.79902e+06 1.11181e+06 1.71498e+06 1.68326e+06 934300 1.74838e+06 1.18084e+06 901736 1.44822e+06 1.71508e+06 1.02888e+06 625259 941019
Ftot
 0.358154 0.79602 0.800085 1.45979 0.856555 0.519964 1.19844 0.293522 1.24677 2.13671 0.399602 1.24003 1.1628 2.02123 1.7726 1.06861 0.977479 0.635843 0.988037 0.968859 0.825047 0.925876 0.650306 0.556174 0.554304 0.489647 0.583187 0.404879 0.388059 0.792621 0.871482
BD_Bspro_t
 0.944601 0.634407 0.346875 0.265159 0.159682 0.175715 0.46781 0.224204 0.213977 0.137108 0.091936 0.349567 0.268158 0.185691 0.0999242 0.11278 0.316665 0.191978 0.44238 0.267007 0.248794 0.272188 0.315702 0.243415 0.388477 0.397462 0.36631 0.450323 0.578447 0.423567 0.248224
BD_Bspro
 1.98978 1.05518 0.39518 0.245651 0.145108 0.124886 0.752154 0.286146 0.192816 0.0894431 0.0416483 0.158932 0.192125 0.143572 0.0723741 0.0800054 0.489968 0.252875 1.1855 0.591812 0.656732 0.745473 0.85104 0.514142 0.88567 0.723093 0.495582 0.613618 1.14682 0.596854 0.212012
BD_Bo
 1.00671 0.533856 0.199936 0.124284 0.0734158 0.0631843 0.380543 0.144772 0.0975529 0.0452526 0.0210714 0.0804097 0.0972031 0.0726385 0.0366168 0.0404778 0.247893 0.127939 0.599791 0.29942 0.332265 0.377163 0.430573 0.260124 0.448094 0.36584 0.250734 0.310453 0.58022 0.301971 0.107265
BD_Brms
 5.21198 2.76391 1.03512 0.64345 0.380092 0.327122 1.97017 0.749522 0.505057 0.234285 0.109092 0.416302 0.503246 0.376069 0.189575 0.209564 1.28341 0.662374 3.10527 1.55017 1.72022 1.95267 2.22919 1.34673 2.3199 1.89405 1.29811 1.60729 3.00395 1.56338 0.555337
Sel_flota
 0.668705 0.974587 0.99863 0.999928 0.999996
 0.668705 0.974587 0.99863 0.999928 0.999996
 0.668705 0.974587 0.99863 0.999928 0.999996
 0.668705 0.974587 0.99863 0.999928 0.999996
 0.668705 0.974587 0.99863 0.999928 0.999996
 0.668705 0.974587 0.99863 0.999928 0.999996
 0.668705 0.974587 0.99863 0.999928 0.999996
 0.668705 0.974587 0.99863 0.999928 0.999996
 0.668705 0.974587 0.99863 0.999928 0.999996
 0.668705 0.974587 0.99863 0.999928 0.999996
 0.668705 0.974587 0.99863 0.999928 0.999996
 0.668705 0.974587 0.99863 0.999928 0.999996
 0.668705 0.974587 0.99863 0.999928 0.999996
 0.668705 0.974587 0.99863 0.999928 0.999996
 0.668705 0.974587 0.99863 0.999928 0.999996
 0.668705 0.974587 0.99863 0.999928 0.999996
 0.668705 0.974587 0.99863 0.999928 0.999996
 0.668705 0.974587 0.99863 0.999928 0.999996
 0.668705 0.974587 0.99863 0.999928 0.999996
 0.668705 0.974587 0.99863 0.999928 0.999996
 0.668705 0.974587 0.99863 0.999928 0.999996
 0.668705 0.974587 0.99863 0.999928 0.999996
 0.668705 0.974587 0.99863 0.999928 0.999996
 0.668705 0.974587 0.99863 0.999928 0.999996
 0.668705 0.974587 0.99863 0.999928 0.999996
 0.668705 0.974587 0.99863 0.999928 0.999996
 0.668705 0.974587 0.99863 0.999928 0.999996
 0.668705 0.974587 0.99863 0.999928 0.999996
 0.668705 0.974587 0.99863 0.999928 0.999996
 0.668705 0.974587 0.99863 0.999928 0.999996
 0.668705 0.974587 0.99863 0.999928 0.999996
Sel_reclas
 0.987748 1 1 1 1
 0.987748 1 1 1 1
 0.987748 1 1 1 1
 0.987748 1 1 1 1
 0.987748 1 1 1 1
 0.987748 1 1 1 1
 0.987748 1 1 1 1
 0.987748 1 1 1 1
 0.987748 1 1 1 1
 0.987748 1 1 1 1
 0.987748 1 1 1 1
 0.987748 1 1 1 1
 0.987748 1 1 1 1
 0.987748 1 1 1 1
 0.987748 1 1 1 1
 0.987748 1 1 1 1
 0.987748 1 1 1 1
 0.987748 1 1 1 1
 0.987748 1 1 1 1
 0.987748 1 1 1 1
 0.987748 1 1 1 1
 0.987748 1 1 1 1
 0.987748 1 1 1 1
 0.987748 1 1 1 1
 0.987748 1 1 1 1
 0.987748 1 1 1 1
 0.987748 1 1 1 1
 0.987748 1 1 1 1
 0.987748 1 1 1 1
 0.987748 1 1 1 1
 0.987748 1 1 1 1
Sel_pelaces
 0.900222 1 1 1 1
 0.900222 1 1 1 1
 0.900222 1 1 1 1
 0.900222 1 1 1 1
 0.900222 1 1 1 1
 0.900222 1 1 1 1
 0.900222 1 1 1 1
 0.900222 1 1 1 1
 0.900222 1 1 1 1
 0.900222 1 1 1 1
 0.900222 1 1 1 1
 0.900222 1 1 1 1
 0.900222 1 1 1 1
 0.900222 1 1 1 1
 0.900222 1 1 1 1
 0.900222 1 1 1 1
 0.900222 1 1 1 1
 0.900222 1 1 1 1
 0.900222 1 1 1 1
 0.900222 1 1 1 1
 0.900222 1 1 1 1
 0.900222 1 1 1 1
 0.900222 1 1 1 1
 0.900222 1 1 1 1
 0.900222 1 1 1 1
 0.900222 1 1 1 1
 0.900222 1 1 1 1
 0.900222 1 1 1 1
 0.900222 1 1 1 1
 0.900222 1 1 1 1
 0.900222 1 1 1 1
pf_obs 
 0.8446 0.082 0.0669 0.0065 0
 0.8095 0.147 0.0364 0.0071 0
 0.9664 0.0169 0.016 0.0007 0
 0.9276 0.0648 0.0075 0.0001 0
 0.7033 0.2144 0.0806 0.0017 0
 0.9318 0.0425 0.0243 0.0014 0
 0.5671 0.3108 0.0964 0.0239 0.0018
 0.0768 0.2599 0.5324 0.112 0.0189
 0.490249 0.384438 0.106611 0.0170017 0.00170017
 0.7925 0.1577 0.0466 0.003 0.0002
 0.840416 0.127587 0.0312969 0.00059994 9.999e-05
 0.8084 0.0986 0.0794 0.0134 0.0002
 0.7335 0.1905 0.0724 0.0035 0.0001
 0.4001 0.4547 0.1325 0.0127 0
 0.49795 0.308269 0.164784 0.0264974 0.00249975
 0.9179 0.0499 0.0305 0.0017 0
 0.2467 0.6533 0.0926 0.0074 0
 0.9418 0.0223 0.034 0.0019 0
 0.707729 0.231977 0.0356964 0.0245975 0
 0.517169 0.277429 0.184464 0.0207286 0.00020938
 0.811772 0.124168 0.05621 0.00726502 0.000585176
 0.764997 0.148141 0.077277 0.00933861 0.000247198
 0.163321 0.427699 0.378323 0.0303852 0.000271297
 0.753843 0.0900009 0.118128 0.0371064 0.000921714
 0.721811 0.176058 0.0630433 0.0369309 0.00215725
 0.143369 0.312575 0.442814 0.0836902 0.0175525
 0.692698 0.0596174 0.167031 0.0765114 0.00414204
 0.394062 0.376323 0.152708 0.0712218 0.00568511
 0.125707 0.32114 0.495352 0.0537591 0.00404204
 0.23352 0.215282 0.420074 0.123614 0.00750983
 0.796117 0.104755 0.0508955 0.0450114 0.00322123
pf_pred 
 0.415741 0.197383 0.34539 0.0414849 1.43663e-06
 0.544363 0.239674 0.0743603 0.126439 0.0151639
 0.763 0.158798 0.0418561 0.0125305 0.0238158
 0.664014 0.284056 0.0352161 0.00895402 0.00775981
 0.702893 0.23581 0.052204 0.00617164 0.00292145
 0.952367 0.0381514 0.00758248 0.00161826 0.000281312
 0.352031 0.628249 0.015893 0.00306119 0.000765596
 0.399073 0.298436 0.293661 0.00711977 0.00171038
 0.694628 0.154266 0.0760973 0.072822 0.00218641
 0.855967 0.116917 0.0140042 0.00661086 0.00650087
 0.913245 0.0808141 0.00487805 0.000549976 0.000513209
 0.849733 0.14159 0.0080989 0.000474658 0.000103286
 0.775618 0.204777 0.0185195 0.00101412 7.21977e-05
 0.763774 0.203916 0.0295951 0.0025653 0.000150132
 0.840674 0.13997 0.0168398 0.00230475 0.000210799
 0.97382 0.0240081 0.00192004 0.000218951 3.26127e-05
 0.302437 0.687174 0.00955938 0.000734184 9.59828e-05
 0.965727 0.0147106 0.019282 0.00025804 2.23622e-05
 0.56939 0.421539 0.00396728 0.00503061 7.3026e-05
 0.749042 0.17502 0.0744003 0.000673389 0.000864457
 0.777803 0.186541 0.0251555 0.0102879 0.000212195
 0.843922 0.13353 0.0190395 0.00247611 0.00103153
 0.270081 0.659203 0.0608298 0.0083512 0.00153537
 0.823412 0.066265 0.0999531 0.0089222 0.00144751
 0.694826 0.269488 0.0136589 0.0199603 0.00206727
 0.42086 0.453933 0.110983 0.00545004 0.00877427
 0.807226 0.102966 0.070857 0.0168012 0.0021497
 0.767487 0.202615 0.0162098 0.0108031 0.00288433
 0.305696 0.580479 0.0995671 0.00773618 0.00652202
 0.394781 0.245154 0.302469 0.0503909 0.00720455
 0.902259 0.0514792 0.0191418 0.022789 0.00433108
pobs_RECLAS
 0 0 0 0 0
 0 0 0 0 0
 0 0 0 0 0
 0 0 0 0 0
 0 0 0 0 0
 0 0 0 0 0
 0 0 0 0 0
 0 0 0 0 0
 0 0 0 0 0
 0 0 0 0 0
 0.991045 0.00858322 0.000360255 1.14367e-05 0
 0.934742 0.0480273 0.0164251 0.00080598 0
 0.827803 0.169806 0.00239088 0 0
 0.941827 0.0461693 0.0120037 0 0
 0.791401 0.0380133 0.147996 0.0225897 0
 0.846168 0.0940531 0.0597789 0 0
 0.134021 0.677848 0.182769 0.00536245 0
 0.80878 0.0450904 0.141981 0.00414843 0
 0.846168 0.0940531 0.0597789 0 0
 0.905697 0.0802665 0.012482 0.00150086 5.37128e-05
 0.989698 0.0102097 9.19794e-05 0 0
 0.975433 0.0193895 0.00387452 0.00125025 5.28907e-05
 0.303575 0.632131 0.0575291 0.00676475 0
 0.966965 0.00978017 0.0227588 0.000495775 0
 0.843318 0.132988 0.00938335 0.0141283 0.000182051
 0.564624 0.303363 0.111486 0.0197234 0.00080311
 0.826376 0.0876187 0.0782897 0.00655872 0.00115652
 0.89761 0.0855135 0.0140674 0.00269457 0.000114338
 0.34875 0.467042 0.161289 0.0227151 0.000203297
 0.318654 0.224769 0.449479 0.00709798 0
 0.937255 0.0296025 0.0250945 0.00804832 0
ppred_RECLAS
 0.513083 0.167282 0.285401 0.0342334 1.18542e-06
 0.642807 0.190384 0.0574901 0.0976127 0.0117058
 0.82849 0.115966 0.0297493 0.00889319 0.0169013
 0.755145 0.208005 0.0250033 0.00634681 0.00549985
 0.780159 0.17547 0.037797 0.0044619 0.00211195
 0.967176 0.0264259 0.00511785 0.00109075 0.000189598
 0.453155 0.530672 0.0130378 0.00250732 0.000627022
 0.494162 0.254392 0.244115 0.00591061 0.00141981
 0.779263 0.113183 0.0542071 0.0517921 0.00155487
 0.907811 0.0753468 0.00870644 0.00410208 0.00403342
 0.938954 0.0569642 0.00335203 0.000377412 0.000352156
 0.896448 0.0977369 0.00542808 0.000317626 6.91099e-05
 0.840467 0.145959 0.0128226 0.000701069 4.99067e-05
 0.840996 0.137907 0.0193266 0.00167209 9.78479e-05
 0.894043 0.0934567 0.0108778 0.00148614 0.000135914
 0.982558 0.0160325 0.00124618 0.000141892 2.11331e-05
 0.39453 0.596698 0.00807165 0.000618996 8.09175e-05
 0.976833 0.0100935 0.0128859 0.000172203 1.49223e-05
 0.665434 0.327714 0.00299895 0.00379706 5.51149e-05
 0.818819 0.127421 0.0526735 0.00047603 0.000611051
 0.839615 0.13524 0.0177478 0.00724778 0.000149479
 0.890473 0.0940789 0.0130476 0.00169434 0.000705796
 0.353695 0.585178 0.0525911 0.00720996 0.00132545
 0.874375 0.0479142 0.070416 0.00627688 0.00101827
 0.770317 0.203456 0.0100472 0.014662 0.00151842
 0.516894 0.380768 0.0907262 0.00444916 0.00716238
 0.861748 0.0747531 0.0501148 0.0118664 0.00151818
 0.828524 0.149924 0.0116927 0.00778205 0.00207759
 0.391945 0.510484 0.0853641 0.00662364 0.00558369
 0.496291 0.207357 0.249005 0.041424 0.00592208
 0.933179 0.0356649 0.0129025 0.0153384 0.00291485
pobs_PELACES
 0 0 0 0 0
 0 0 0 0 0
 0 0 0 0 0
 0 0 0 0 0
 0 0 0 0 0
 0 0 0 0 0
 0 0 0 0 0
 0 0 0 0 0
 0 0 0 0 0
 0 0 0 0 0
 0 0 0 0 0
 0 0 0 0 0
 0 0 0 0 0
 0 0 0 0 0
 0 0 0 0 0
 0 0 0 0 0
 0.505614 0.472636 0.0217494 0 0
 0 0 0 0 0
 0.443492 0.261883 0.143347 0.151278 0
 0.227955 0.32914 0.350689 0.0885471 0.00366901
 0.970185 0.0296113 0.000203453 0 0
 0.997202 0.00247181 0.000326279 0 0
 0.445219 0.490057 0.0546422 0.010081 0
 0.90214 0.0892962 0.00764917 0.000914606 0
 0 0 0 0 0
 0.581667 0.319106 0.0959925 0.00289975 0.000334073
 0.762889 0.0836404 0.116647 0.0363945 0.000428098
 0.88444 0.0763242 0.0277011 0.0115352 0
 0.521256 0.241999 0.230069 0.00667565 0
 0.616807 0.101726 0.260614 0.0208532 0
 0.833518 0.0704572 0.0857862 0.0102388 0
ppred_PELACES
 0.499396 0.172306 0.29314 0.0351562 1.21737e-06
 0.640649 0.192119 0.0576488 0.0978488 0.0117339
 0.827076 0.117168 0.0298676 0.00892548 0.0169624
 0.765411 0.199636 0.023721 0.00601755 0.00521436
 0.77931 0.176391 0.0377381 0.0044533 0.00210784
 0.965899 0.0274763 0.00529937 0.00112918 0.000196276
 0.460219 0.523966 0.0127512 0.00245094 0.000612907
 0.478676 0.262485 0.251295 0.00608369 0.00146137
 0.78573 0.110411 0.0523588 0.0499994 0.00150101
 0.917832 0.0673689 0.00765372 0.00360279 0.00354231
 0.935891 0.0598358 0.00350986 0.000395115 0.000368671
 0.899466 0.0949409 0.00522118 0.000305357 6.64385e-05
 0.84384 0.142985 0.012446 0.00068014 4.84156e-05
 0.855576 0.125528 0.0173119 0.00149649 8.75679e-05
 0.902078 0.0865136 0.00992906 0.00135549 0.00012396
 0.982826 0.0157968 0.0012175 0.000138562 2.06367e-05
 0.395963 0.595353 0.00799123 0.000612573 8.0076e-05
 0.976243 0.0103801 0.0131851 0.000176153 1.52644e-05
 0.667016 0.326219 0.00296196 0.00374863 5.44108e-05
 0.819898 0.126951 0.0520773 0.000470447 0.000603871
 0.838472 0.136346 0.0177761 0.00725679 0.000149662
 0.890641 0.0940332 0.0129458 0.00168045 0.000699998
 0.347626 0.590963 0.0528377 0.00724174 0.00133127
 0.870603 0.0494881 0.072409 0.006453 0.00104683
 0.763828 0.209311 0.010291 0.0150143 0.00155487
 0.506267 0.389466 0.0924389 0.00453219 0.00729598
 0.857919 0.0769884 0.0513751 0.0121618 0.00155595
 0.821082 0.156495 0.012166 0.00809566 0.0021613
 0.379361 0.521307 0.086906 0.00674217 0.00568355
 0.494029 0.209066 0.249484 0.0414895 0.00593134
 0.933086 0.0358335 0.0128741 0.015299 0.00290731
pobs_pel_tallas
 0 0 0 0 0 0 0 0 0 0 0 0 0 0 0 0 0 0 0 0 0 0 0 0 0 0
 0 0 0 0 0 0 0 0 0 0 0 0 0 0 0 0 0 0 0 0 0 0 0 0 0 0
 0 0 0 0 0 0 0 0 0 0 0 0 0 0 0 0 0 0 0 0 0 0 0 0 0 0
 0 0 0 0 0 0 0 0 0 0 0 0 0 0 0 0 0 0 0 0 0 0 0 0 0 0
 0 0 0 0 0 0 0 0 0 0 0 0 0 0 0 0 0 0 0 0 0 0 0 0 0 0
 0 0 0 0 0 0 0 0 0 0 0 0 0 0 0 0 0 0 0 0 0 0 0 0 0 0
 0 0 0 0 0 0 0 0 0 0 0 0 0 0 0 0 0 0 0 0 0 0 0 0 0 0
 0 0 0 0 0 0 0 0 0 0 0 0 0 0 0 0 0 0 0 0 0 0 0 0 0 0
 0 0 0 0 0 0 0 0 0 0 0 0 0 0 0 0 0 0 0 0 0 0 0 0 0 0
 0 0 0 0 0 0 0 0 0 0 0 0 0 0 0 0 0 0 0 0 0 0 0 0 0 0
 0 0 0 0 0 0 0 0 0 0 0 0 0 0 0 0 0 0 0 0 0 0 0 0 0 0
 0 0 0 0 0 0 0 0 0 0 0 0 0 0 0 0 0 0 0 0 0 0 0 0 0 0
 0.00862536 0 0 0.000197151 0.00414017 0.0128641 0.00837892 0.0270097 0.101434 0.158115 0.152841 0.127902 0.109271 0.109419 0.0830992 0.0579132 0.0238553 0.00714673 0.00463305 0.00128148 0.00103504 0.000492878 0.000147863 0.000147863 4.92878e-05 0
 0 0 0 0 0 0 0 0 0 0 0 0 0 0 0 0 0 0 0 0 0 0 0 0 0 0
 0 0 0 0 0 0 0 0.0054083 0.00873648 0.0413646 0.0450493 0.0745869 0.0622846 0.0627006 0.0613931 0.0827291 0.12552 0.122667 0.0946155 0.0697135 0.0546179 0.0294188 0.0215738 0.0213955 0.0102223 0.00600262
 0 0 0 0 0.00359764 0.0251062 0.0480494 0.140153 0.205849 0.193036 0.1447 0.116669 0.0760912 0.0342217 0.00950174 0.001854 0.000860785 0 0 0 0.000165536 0 0.000143464 0 0 0
 0 0 0 0 0 0 0 0.000145254 0.000435761 0.0275982 0.070085 0.0708112 0.156366 0.174668 0.174014 0.160142 0.0824315 0.0480064 0.0283245 0.00493863 0.00203355 0 0 0 0 0
 0 0 0 0 0 0 0 0 0 0 0 0 0 0 0 0 0 0 0 0 0 0 0 0 0 0
 0 0 1.00437e-05 0.000401748 0.00122533 0.00171747 0.00176769 0.0269171 0.070346 0.194647 0.189555 0.159765 0.064822 0.0314167 0.0384472 0.0292271 0.0345202 0.0313363 0.0194345 0.0106764 0.0143323 0.0359363 0.0279516 0.0138201 0.00172751 0
 0 0.0021121 0.0136068 0.0755702 0.200478 0.177729 0.0527432 0.0373336 0.0318909 0.0142505 0.0149659 0.0166563 0.0217959 0.0798694 0.0677717 0.0528807 0.04013 0.0224614 0.0357745 0.0225083 0.00881397 0.00855152 0.00135912 0.000746735 0 0
 0 0 0 0 5.4009e-05 0.00500934 0.000945158 0.0243581 0.138947 0.33067 0.221406 0.137944 0.0707744 0.0437923 0.0131692 0.00525238 0.0047753 0.00276346 9.45158e-05 9.00151e-06 2.25038e-05 9.00151e-06 4.50075e-06 0 0 0
 0.000866109 0.00284123 0.00948549 0.0512746 0.133035 0.25785 0.225252 0.132002 0.0553304 0.0519788 0.0540692 0.017754 0.00435017 0.00159236 0.00146478 0.000404838 0.000125132 0.000115318 0.000107957 0.000100596 0 0 0 0 0 0
 0 0 0 0 0.00144013 0.00171154 0.00461396 0.0210425 0.0478622 0.0707936 0.0888783 0.103762 0.0637923 0.0337046 0.0602308 0.124433 0.169614 0.0934646 0.0462172 0.0250306 0.0313229 0.00938855 0.002487 0.000210481 0 0
 0 0.00764035 0.051015 0.0998891 0.058973 0.0496711 0.0374665 0.0718981 0.12319 0.153886 0.159021 0.0857701 0.0377988 0.023471 0.0147837 0.00900784 0.00315554 0.000888139 0.00291439 0.00214683 0.00393193 0.00274676 0.000635225 9.99891e-05 0 0
 0 0 0 0 0 0 0 0 0 0 0 0 0 0 0 0 0 0 0 0 0 0 0 0 0 0
 0 0 0 0 0 0 0 0 0 0 0 0 0 0 0 0 0 0 0 0 0 0 0 0 0 0
 0 0 0 0 0 0 0 0 0 0 0 0 0 0 0 0 0 0 0 0 0 0 0 0 0 0
 0 0 0 0 0 0 0 0 0 0 0 0 0 0 0 0 0 0 0 0 0 0 0 0 0 0
 0 0 0 0 0 0 0 0 0 0 0 0 0 0 0 0 0 0 0 0 0 0 0 0 0 0
 0 0 0 0 0 0 0 0 0 0 0 0 0 0 0 0 0 0 0 0 0 0 0 0 0 0
 0 0 0 0 0 0 0 0 0 0 0 0 0 0 0 0 0 0 0 0 0 0 0 0 0 0
ppred_pel_tallas
 1.1203e-16 4.11346e-05 0.000399843 0.0026571 0.0120788 0.0375817 0.0800725 0.116872 0.116889 0.0801559 0.0378631 0.0128968 0.00473096 0.00499477 0.0089659 0.0152738 0.0232007 0.0316788 0.0395606 0.0461867 0.0515218 0.0556715 0.0582735 0.0584254 0.0552731 0.0487351
 1.13512e-16 5.27695e-05 0.000512938 0.00340865 0.0154953 0.0482116 0.102721 0.149928 0.149946 0.102812 0.0485171 0.0163789 0.00563118 0.00538005 0.00934307 0.0154904 0.0226249 0.0291541 0.0335317 0.0351537 0.0347387 0.0337845 0.0335132 0.0341329 0.0348821 0.0346563
 1.04658e-16 6.81252e-05 0.000662201 0.00440056 0.0200043 0.0622409 0.132611 0.193552 0.193564 0.132667 0.0624267 0.0205414 0.00574994 0.00361236 0.00568437 0.00932551 0.013514 0.0171838 0.0193039 0.0194204 0.0179251 0.0157727 0.0138728 0.0126327 0.0119212 0.011343
 1.02222e-16 6.3046e-05 0.000612829 0.00407247 0.0185129 0.0576005 0.122725 0.179124 0.179143 0.122819 0.057916 0.0194242 0.00635977 0.00560506 0.00954136 0.0156668 0.0225459 0.0283186 0.0311347 0.0301455 0.0260087 0.0204432 0.0152026 0.0112635 0.00869599 0.00705579
 1.01938e-16 6.41908e-05 0.000623957 0.00414641 0.018849 0.0586463 0.124953 0.182376 0.182393 0.125036 0.0589257 0.0196561 0.00617316 0.00505137 0.00848143 0.0139426 0.0201308 0.0254223 0.0282005 0.0277093 0.0244827 0.0199505 0.0155536 0.0120692 0.00953789 0.00762519
 1.00307e-16 7.95598e-05 0.00077335 0.00513918 0.023362 0.0726878 0.154869 0.226037 0.226039 0.154882 0.0727313 0.0234876 0.00545471 0.00146251 0.00138946 0.00217383 0.00313002 0.00394886 0.0043741 0.00428832 0.00377643 0.00306386 0.00237776 0.0018406 0.00145778 0.00117415
 1.00852e-16 3.79078e-05 0.000368477 0.00244866 0.0111313 0.0346338 0.0737929 0.107713 0.107764 0.0740391 0.0354603 0.0135171 0.00843236 0.0134146 0.0247666 0.0407576 0.058412 0.0728285 0.0790394 0.0747559 0.0617664 0.0448064 0.0288396 0.0168326 0.00928476 0.00515622
 1.08177e-16 3.94279e-05 0.000383253 0.00254686 0.0115777 0.0360225 0.0767507 0.112025 0.112051 0.0768761 0.0364444 0.0128005 0.00563219 0.00717039 0.0130807 0.0219551 0.0325322 0.0427903 0.05061 0.0548754 0.0559178 0.0548797 0.0526189 0.0491597 0.0440633 0.0371968
 1.06808e-16 6.47196e-05 0.000629097 0.00418057 0.0190043 0.0591294 0.125982 0.183877 0.183887 0.126034 0.0593056 0.019514 0.00546384 0.00344319 0.00544725 0.00900484 0.0132104 0.0171422 0.0199174 0.0211649 0.0212295 0.020865 0.0206629 0.0206811 0.0205121 0.0196476
 1.01199e-16 7.56006e-05 0.000734865 0.00488344 0.0221994 0.0690706 0.147162 0.214789 0.214796 0.147194 0.0691771 0.022507 0.00565543 0.00241993 0.00327533 0.00529405 0.00761713 0.00957673 0.0105506 0.0102596 0.00893339 0.00715729 0.00552122 0.00434269 0.00362289 0.00318389
 1.00219e-16 7.70881e-05 0.000749324 0.00497952 0.0226362 0.0704296 0.150058 0.219015 0.219021 0.150086 0.070524 0.0229089 0.0056636 0.00224134 0.00290673 0.00467296 0.00669948 0.00837261 0.00912439 0.00869429 0.00728263 0.00542043 0.00366067 0.00232857 0.00147294 0.000975189
 1.00217e-16 7.40879e-05 0.00072016 0.00478572 0.0217552 0.0676885 0.144218 0.210492 0.210501 0.144263 0.0678384 0.0221878 0.00587097 0.00308699 0.00456243 0.00740766 0.010622 0.0132688 0.0144476 0.0137435 0.0114732 0.00848009 0.00564474 0.00348854 0.00209566 0.00128426
 1.00473e-16 6.9506e-05 0.000675623 0.00448976 0.0204098 0.0635025 0.135299 0.197476 0.19749 0.135367 0.0637283 0.0210618 0.00612584 0.00424491 0.00684144 0.0111822 0.0160587 0.0201022 0.0219665 0.0210272 0.017751 0.0133848 0.00922402 0.00602607 0.00390431 0.00259183
 1.00697e-16 7.04727e-05 0.00068502 0.0045522 0.0206936 0.0643856 0.137181 0.200222 0.200234 0.13724 0.0645841 0.0212668 0.00599089 0.00382531 0.00603326 0.00985927 0.0141871 0.0178205 0.0195881 0.0189441 0.0162849 0.0126732 0.00920173 0.00649306 0.00462279 0.0033609
 1.00466e-16 7.4303e-05 0.000722251 0.00479961 0.0218184 0.0678851 0.144637 0.211103 0.211111 0.144677 0.0680218 0.0222132 0.00579048 0.00288459 0.00417883 0.00678508 0.00975309 0.0122346 0.0134187 0.0129297 0.0110463 0.00851096 0.00608931 0.00422009 0.00295783 0.00213751
 1.00057e-16 8.09541e-05 0.000786903 0.00522925 0.0237714 0.0739616 0.157583 0.229998 0.229999 0.157591 0.0739866 0.0238434 0.00540995 0.00118109 0.000828749 0.00123972 0.00177266 0.00221763 0.00242137 0.00231484 0.0019501 0.00146574 0.00100574 0.000654311 0.000423807 0.000283862
 1.00458e-16 3.26151e-05 0.00031703 0.00210678 0.00957715 0.0297984 0.0634907 0.0926786 0.0927358 0.0637704 0.0307372 0.0122872 0.00890317 0.0151332 0.0281112 0.0462642 0.0662718 0.082558 0.0894644 0.084384 0.0693588 0.0498011 0.0313992 0.0175758 0.00893574 0.00430746
 1.00404e-16 8.04119e-05 0.000781632 0.00519422 0.0236122 0.0734662 0.156528 0.228457 0.228458 0.156533 0.073483 0.0236609 0.00531738 0.00105332 0.000604665 0.000893794 0.00132932 0.00177403 0.0021439 0.00239457 0.0025313 0.00258283 0.00256184 0.00245077 0.00222449 0.00188435
 1.00555e-16 5.49413e-05 0.000534049 0.00354895 0.016133 0.0501959 0.106949 0.156102 0.156133 0.107102 0.0507103 0.0176179 0.00727279 0.00865199 0.0154393 0.0253509 0.036311 0.0452367 0.0490296 0.0462681 0.0380803 0.0274389 0.0174616 0.0100132 0.0054031 0.00296151
 1.01685e-16 6.75339e-05 0.000656454 0.00436237 0.0198307 0.0617007 0.13146 0.191873 0.191885 0.13152 0.0619025 0.0204142 0.00582961 0.00386742 0.00618891 0.0101845 0.0148023 0.0188971 0.0213341 0.021563 0.0199028 0.0172554 0.0145002 0.0120691 0.00995203 0.00798072
 1.01302e-16 6.90638e-05 0.000671325 0.00446119 0.0202799 0.0630985 0.134438 0.19622 0.196233 0.134503 0.0633141 0.0209026 0.00602403 0.0040828 0.0065475 0.0107136 0.0154235 0.0193895 0.0213486 0.0207203 0.0179467 0.0141877 0.0106228 0.0079028 0.00606985 0.00483022
 1.00685e-16 7.33609e-05 0.000713094 0.00473876 0.0215417 0.0670244 0.142803 0.208427 0.208436 0.142847 0.067173 0.0219711 0.00581657 0.00306574 0.00454079 0.00738887 0.0106321 0.0133592 0.0146936 0.0142291 0.012265 0.00959883 0.00704778 0.00507331 0.00372382 0.00281723
 1.02628e-16 2.86337e-05 0.000278329 0.0018496 0.00840804 0.0261608 0.0557406 0.0813669 0.0814238 0.0560186 0.0270943 0.0111033 0.00861255 0.0150332 0.028025 0.0462175 0.0664138 0.0831732 0.0909597 0.0872055 0.0738462 0.0560309 0.0390927 0.026126 0.0175549 0.0122361
 1.02927e-16 7.17104e-05 0.000697051 0.00463215 0.0210571 0.0655164 0.13959 0.203736 0.203741 0.139614 0.0655968 0.0212906 0.0052233 0.00200387 0.00260139 0.00431155 0.00649334 0.00876723 0.0107777 0.0123289 0.0134352 0.0141878 0.0145696 0.0144072 0.0135072 0.0118427
 1.0212e-16 6.29156e-05 0.000611562 0.00406404 0.0184746 0.0574813 0.122471 0.178754 0.178774 0.122569 0.0578118 0.0194286 0.00645761 0.00583267 0.009967 0.0163478 0.0234752 0.0293823 0.0321178 0.0308002 0.0261579 0.02006 0.0144191 0.0103085 0.00779959 0.00637122
 1.04457e-16 4.17006e-05 0.000405345 0.00269366 0.012245 0.038099 0.0811753 0.118486 0.118523 0.081359 0.038716 0.0140279 0.00717155 0.0101892 0.0186479 0.0308271 0.0445514 0.0563275 0.0626005 0.0616964 0.0547709 0.0449395 0.0353368 0.027647 0.0219583 0.0175642
 1.02986e-16 7.06656e-05 0.000686895 0.00456466 0.0207503 0.0645619 0.137556 0.200769 0.200776 0.137593 0.064685 0.0211068 0.00546268 0.00265795 0.00384541 0.00632746 0.0093002 0.012098 0.014084 0.0149537 0.0148765 0.0143027 0.0136046 0.0128593 0.0119114 0.0105957
 1.01569e-16 6.76315e-05 0.000657402 0.00436867 0.0198593 0.0617899 0.13165 0.192151 0.192166 0.131724 0.0620371 0.0205731 0.00615961 0.00456488 0.00748241 0.0122469 0.0175989 0.0220566 0.024162 0.0232522 0.0198586 0.0153576 0.0111578 0.00804956 0.00609182 0.00491699
 1.0428e-16 3.12476e-05 0.000303737 0.00201844 0.00917559 0.0285489 0.0608284 0.0887913 0.0888416 0.061074 0.0293736 0.0115578 0.0079989 0.0133615 0.024837 0.0410278 0.0591354 0.0744338 0.0821064 0.0799019 0.0694451 0.0550837 0.041255 0.0304374 0.0228671 0.0175645
 1.12418e-16 4.06926e-05 0.000395546 0.00262854 0.011949 0.0371779 0.0792121 0.115617 0.115637 0.0793125 0.0375158 0.0129297 0.00510722 0.00586301 0.0105901 0.017876 0.0267573 0.0357588 0.0433406 0.0487058 0.0520741 0.0541189 0.0551038 0.0545431 0.0516505 0.046095
 1.02408e-16 7.68571e-05 0.000747078 0.0049646 0.0225683 0.0702185 0.149608 0.218358 0.218362 0.149625 0.0702755 0.0227333 0.00537966 0.00165633 0.00181328 0.00290203 0.00423626 0.00546609 0.0062979 0.00661433 0.00654143 0.00634895 0.00625838 0.00631019 0.00637434 0.00626402
pSPR Fmed_Fpbrs
0.309925   0.243152 0.243152
Fs Fmed_Fpbrs
0.796537   1.005 1.005
SSBpbr Bo_Bmed_Bpbrs
1.25301e+06  325689  242022 242022
Ro
88817.6
SPR SPRFo_SPRFmed_SPRFpbrs
633946 196476 154146
Fref
1.005
Nvult_r0
 98985 4527.76 1661.66 1976.9 375.698
CTP_r0
 36445.7 2079.44 773.209 920.534 174.949
YTP_r0
391168
Np
 108298 20345.1 3534.84 114.002 46.2482
Nvult_p0
 87953.1 17534.5 3058.18 98.6496 40.0204
CTP_p0
 35351.1 10912.2 366.373 131.273 179.979
 35351.1 8676.3 1531.86 49.446 20.06
YTP_p0
 454193 438300
CBA_c0
449425
log_Ro
11.2143
likeval ReclasPelacesDesembMPH_pf_preclas_ppelaces_ptallas_desvR_qrecl_qpela
 12.3624 17.6981 0.0591166 0.000872535 254.145 116.094 105.521 0 33.2431 4.98334e-05 9.1181e-05 0.0201775 0 0 0
q_reclas_q_pelaces
2.71918 3.89042
M
1
N
 87442.3 29745.2 50967.7 6114.91 0.211748
 76620.4 25317.1 7718.48 13112 1572.45
 105936 16552.9 4287.44 1282.34 2437.13
 67102.9 22824 2792.14 709.426 614.786
 36723.3 9300.39 2024.08 239.073 113.164
 260725 7618.88 1484.78 316.553 55.0253
 48759.2 67746 1688.56 324.983 81.2741
 15133.6 8048.57 7750.72 187.699 45.0882
 26354.1 4575.15 2224.28 2126.9 63.8554
 37053.9 4211.85 499.349 235.597 231.671
 51270 3265.95 193.108 21.7481 20.293
 110911 14438.4 813.916 47.6649 10.3715
 86889.3 17805.6 1586.25 86.7932 6.17876
 66571.2 14688.5 2109.11 182.715 10.6929
 46812.3 6338.65 753.672 103.086 9.42822
 277337 5263.51 414.414 47.2184 7.03286
 28782.3 49931.2 683.412 52.4426 6.85572
 489618 5507.53 7085.2 94.7232 8.20845
 208085 117735 1090.28 1381.32 20.0507
 221796 39537.2 16535.4 149.531 191.95
 236492 42686.3 5657.63 2311.68 47.6779
 416774 50109.1 7027.27 913.099 380.375
 45731.8 82550.2 7477.18 1025.51 188.53
 184804 10890.9 16113 1436.83 233.095
 165056 46870 2330.05 3401.5 352.269
 53447.9 41914 10045.9 492.8 793.336
 151288 14172.1 9567.92 2266.38 289.967
 198171 37682.8 2953.26 1966.05 524.889
 40736.5 55611.1 9342.88 725.124 611.283
 24815 11560.9 14015.8 2332.84 333.518
 124573 5373.19 1964.32 2336.49 444.033
pred_Ctot
 12004 5699.18 9972.69 1197.82 0.0414809
 20866.7 9187.24 2850.4 4846.71 581.269
 28968 6028.92 1589.11 475.733 904.189
 28552.8 12214.5 1514.3 385.025 333.674
 10599.4 3555.93 787.216 93.0659 44.0543
 49788 1994.48 396.398 84.5995 14.7065
 18111.2 32321.9 817.658 157.491 39.3881
 1732.38 1295.51 1274.79 30.907 7.42478
 10067.2 2235.78 1102.88 1055.41 31.6876
 19876.7 2714.98 325.196 153.513 150.959
 7766.62 687.278 41.485 4.67723 4.36455
 42206.2 7032.78 402.272 23.5762 5.13021
 31583 8338.48 754.113 41.2949 2.93988
 34619.2 9242.78 1341.44 116.276 6.80496
 22536.3 3752.24 451.432 61.7845 5.65099
 94775.4 2336.55 186.865 21.3091 3.17398
 9199.95 20903.4 290.791 22.3334 2.91974
 110947 1690.02 2215.21 29.6449 2.56908
 67056.2 49644.1 467.22 592.448 8.60016
 70418.9 16454 6994.52 63.3066 81.2692
 66268.6 15893.3 2143.24 876.524 18.079
 127803 20221.7 2883.33 374.979 156.214
 10559.2 25772.5 2378.23 326.502 60.0274
 37392.8 3009.23 4539.07 405.175 65.7345
 33301 12915.8 654.633 956.64 99.078
 9687.92 10449.2 2554.76 125.456 201.978
 31873.7 4065.66 2797.82 663.403 84.8819
 30373.7 8018.61 641.512 427.537 114.149
 6011.11 11414.4 1957.86 152.122 128.247
 6735 4182.35 5160.15 859.673 122.91
 36445.7 2079.44 773.209 920.534 174.949
F
 0.239499 0.349052 0.357663 0.358128 0.358152
 0.532302 0.775791 0.794929 0.795962 0.796017
 0.535021 0.779753 0.798989 0.800027 0.800082
 0.976171 1.4227 1.45779 1.45969 1.45979
 0.572782 0.834787 0.855381 0.856493 0.856551
 0.347702 0.506751 0.519252 0.519927 0.519962
 0.801399 1.16798 1.19679 1.19835 1.19843
 0.196279 0.286062 0.293119 0.2935 0.29352
 0.833723 1.21509 1.24506 1.24668 1.24677
 1.42883 2.08241 2.13378 2.13655 2.1367
 0.267216 0.389447 0.399055 0.399573 0.399601
 0.829213 1.20852 1.23833 1.23994 1.24002
 0.777568 1.13325 1.1612 1.16271 1.16279
 1.35161 1.96987 2.01846 2.02108 2.02122
 1.18535 1.72756 1.77017 1.77247 1.7726
 0.714585 1.04146 1.06715 1.06853 1.06861
 0.653645 0.952639 0.97614 0.977409 0.977475
 0.425191 0.619684 0.634971 0.635797 0.63584
 0.660705 0.962929 0.986683 0.987966 0.988033
 0.64788 0.944238 0.967531 0.968789 0.968855
 0.551713 0.80408 0.823916 0.824987 0.825044
 0.619137 0.902347 0.924607 0.925809 0.925872
 0.434862 0.63378 0.649414 0.650259 0.650303
 0.371916 0.54204 0.555412 0.556134 0.556172
 0.370665 0.540217 0.553544 0.554264 0.554302
 0.327429 0.477204 0.488976 0.489611 0.489645
 0.38998 0.568367 0.582388 0.583145 0.583185
 0.270745 0.39459 0.404324 0.40485 0.404878
 0.259497 0.378198 0.387528 0.388031 0.388058
 0.530029 0.772478 0.791534 0.792564 0.792618
 0.582764 0.849335 0.870288 0.871419 0.871479
YTP_r0W_actual
 302499 29320.1 21340.6 31482.3 6525.59
YTP_p0W_proyectada
 264779 170995 8474.21 3855.49 6088.69
 264779 135958 35431.8 1452.23 678.631
CTP_r0_actual
 36445.7 2079.44 773.209 920.534 174.949
CTP_p0_proyectada
 35351.1 10912.2 366.373 131.273 179.979
 35351.1 8676.3 1531.86 49.446 20.06
Wmedp
 7.49 15.67 23.13 29.37 33.83
Frms_r0
 0.582764 0.849335 0.870288 0.871419 0.871479
Zrms_r0
 1.58276 1.84934 1.87029 1.87142 1.87148
nmprior
 8.19 8.8 8.5 0
nm_flota  nm_reclas  nm_pelaces    nm_pelaL
inf 21.5923 12.0872 25.5285
cv_recla  cv_pelaces  cv_mph
0.318037 0.477019 0.911584
 ------------------------------------------------
Talla a la edad & desviaci?n 
 8 13.2811 15.8009 17.003 17.5766
 0.8 1.32811 1.58009 1.7003 1.75766
