years
 1991 1992 1993 1994 1995 1996 1997 1998 1999 2000 2001 2002 2003 2004 2005 2006 2007 2008 2009 2010 2011 2012 2013 2014 2015 2016 2017 2018 2019 2020 2021
reclasobs
 0 0 0 0 0 0 0 0 0 252601 567819 844713 477998 351125 339783 2.1784e+06 2.13404e+06 4.81314e+06 1.55562e+06 2.62356e+06 3.21686e+06 3.843e+06 1.13348e+06 3.07943e+06 1.97215e+06 2.03268e+06 2.025e+06 2.42433e+06 2.27542e+06 1.05018e+06 2.36338e+06
reclaspred
 3.42716e+06 1.96047e+06 1.0013e+06 1.09266e+06 1.1514e+06 1.75714e+06 1.21425e+06 1.09297e+06 787659 571906 557423 670903 665074 543791 550673 1.22027e+06 1.24692e+06 2.60657e+06 2.17218e+06 1.63677e+06 2.89675e+06 2.36112e+06 1.93568e+06 2.97184e+06 2.24438e+06 1.99755e+06 2.31139e+06 2.38729e+06 1.99613e+06 1.32196e+06 1.96154e+06
pelacesobs
 0 0 0 0 0 0 0 0 0 0 0 0 0 0 0 552880 188675 0 991730 2.46772e+06 1.41603e+06 1.21717e+06 2.29649e+06 1.80582e+06 0 1.4828e+06 1.56532e+06 1.57751e+06 1.42118e+06 867257 1.10002e+06
pelacespred
 2.3509e+06 1.51023e+06 781276 657082 718554 1.1052e+06 792409 802204 585897 407342 390942 395951 426352 371221 374929 666963 730948 1.6195e+06 1.48495e+06 1.05555e+06 1.71297e+06 1.57563e+06 1.30841e+06 2.05965e+06 1.59653e+06 1.40377e+06 1.76546e+06 1.80683e+06 1.33022e+06 987864 1.35137e+06
mphobs
 0 0 0 0 0 0 0 0 0 0 0 498337 0 5186 125008 0 168611 109162 213762 579715 649985 157893 87575 83554 0 0 0 0 0 0 0
mphpred
 4.48093e+06 3.01885e+06 1.54688e+06 847602 1.05246e+06 1.22324e+06 1.60254e+06 1.11856e+06 960582 674061 442443 563239 594296 518734 380352 466467 1.22475e+06 1.24339e+06 2.2406e+06 1.74038e+06 1.87172e+06 2.30014e+06 2.19703e+06 1.86555e+06 2.58128e+06 2.13068e+06 1.76972e+06 1.83803e+06 2.47977e+06 1.74502e+06 1.15833e+06
desembarqueobs
 494567 514787 250237 358949 120608 361735 552515 73892 212993 205616 52469 317467 293654 387597 252695 516296 358380 742168 942051 627588 828172 859565 418607 520667 417249 300574 415391 372974 316634 284311 391294
desembarquepred
 494574 513043 251197 358967 120611 361749 552576 73895 213034 205657 52471.1 317538 293714 387668 252705 516298 358410 742111 941965 627524 828261 859638 418628 520695 417259 300583 415401 372972 316638 284326 391302
Reclutas
 239451 138465 136615 290148 232780 363793 153907 74031.4 64145.2 80661.8 140816 178368 151574 107173 109931 525499 135521 807310 485820 367704 552796 744706 168322 482748 402347 185975 398715 438879 142122 107326 390633
log_desv_Rt
 0.0637859 -0.483946 -0.4974 0.255827 0.035528 0.482019 -0.378214 -1.11008 -1.25342 -1.0243 -0.467111 -0.230715 -0.393489 -0.740121 -0.714713 0.849784 -0.505439 1.27914 0.771273 0.492713 0.900424 1.19843 -0.288687 0.764931 0.58275 -0.18895 0.573683 0.669659 -0.457876 -0.738697 0.553203
SSB
 4.48093e+06 3.01885e+06 1.54688e+06 847602 1.05246e+06 1.22324e+06 1.60254e+06 1.11856e+06 960582 674061 442443 563239 594296 518734 380352 466467 1.22475e+06 1.24339e+06 2.2406e+06 1.74038e+06 1.87172e+06 2.30014e+06 2.19703e+06 1.86555e+06 2.58128e+06 2.13068e+06 1.76972e+06 1.83803e+06 2.47977e+06 1.74502e+06 1.15833e+06
BT
 5.91338e+06 4.04181e+06 2.08205e+06 1.93033e+06 1.8311e+06 3.06897e+06 2.37187e+06 2.0107e+06 1.62208e+06 1.1847e+06 1.01753e+06 1.24833e+06 1.32235e+06 1.33174e+06 1.20597e+06 2.15055e+06 2.03743e+06 4.81627e+06 4.5515e+06 3.12076e+06 4.97464e+06 4.66943e+06 3.49638e+06 5.7081e+06 4.2168e+06 3.65683e+06 4.86961e+06 4.91585e+06 3.38517e+06 2.62073e+06 3.81193e+06
Ftot
 0.0946926 0.16987 0.163755 0.223434 0.0708123 0.141194 0.295717 0.0454029 0.180242 0.238042 0.0654483 0.317285 0.295787 0.472527 0.315217 0.297134 0.19075 0.198832 0.289363 0.256628 0.194572 0.246144 0.143075 0.121763 0.12475 0.100667 0.124216 0.108739 0.103881 0.141932 0.139589
BD_Bspro_t
 0.984963 0.887314 0.764424 0.692746 0.706961 0.770247 0.76392 0.649344 0.694609 0.6618 0.63082 0.759462 0.65349 0.574571 0.482371 0.53281 0.653826 0.644875 0.713149 0.628796 0.602366 0.647515 0.662907 0.662711 0.755473 0.762804 0.770537 0.79621 0.828581 0.777964 0.730645
BD_Bspro
 2.79044 1.87995 0.963299 0.527833 0.655405 0.761755 0.997959 0.696567 0.598189 0.419763 0.275525 0.35075 0.37009 0.323034 0.236859 0.290486 0.762696 0.774305 1.3953 1.0838 1.16559 1.43238 1.36817 1.16174 1.60746 1.32685 1.10207 1.14461 1.54424 1.08669 0.721333
BD_Bo
 1.94389 1.30962 0.671057 0.367701 0.456571 0.530657 0.695202 0.485245 0.416713 0.292417 0.191937 0.244341 0.257813 0.225033 0.165002 0.20236 0.531312 0.5394 0.972002 0.755001 0.811977 0.997832 0.953102 0.809299 1.11979 0.924317 0.767727 0.79736 1.07576 0.757012 0.502498
BD_Brms
 13.265 8.93681 4.57928 2.50919 3.11563 3.62119 4.74405 3.31131 2.84364 1.99545 1.30978 1.66738 1.75931 1.53562 1.12597 1.3809 3.62567 3.68086 6.63292 5.15212 5.54092 6.80919 6.50395 5.52264 7.64146 6.30752 5.23896 5.44117 7.34094 5.16584 3.42904
Sel_flota
 0.871761 1 1 1 1
 0.871761 1 1 1 1
 0.871761 1 1 1 1
 0.871761 1 1 1 1
 0.871761 1 1 1 1
 0.871761 1 1 1 1
 0.871761 1 1 1 1
 0.871761 1 1 1 1
 0.871761 1 1 1 1
 0.871761 1 1 1 1
 0.871761 1 1 1 1
 0.871761 1 1 1 1
 0.871761 1 1 1 1
 0.871761 1 1 1 1
 0.871761 1 1 1 1
 0.871761 1 1 1 1
 0.871761 1 1 1 1
 0.871761 1 1 1 1
 0.871761 1 1 1 1
 0.871761 1 1 1 1
 0.871761 1 1 1 1
 0.871761 1 1 1 1
 0.871761 1 1 1 1
 0.871761 1 1 1 1
 0.871761 1 1 1 1
 0.871761 1 1 1 1
 0.871761 1 1 1 1
 0.871761 1 1 1 1
 0.871761 1 1 1 1
 0.871761 1 1 1 1
 0.871761 1 1 1 1
Sel_reclas
 1 1 1 1 1
 1 1 1 1 1
 1 1 1 1 1
 1 1 1 1 1
 1 1 1 1 1
 1 1 1 1 1
 1 1 1 1 1
 1 1 1 1 1
 1 1 1 1 1
 1 1 1 1 1
 1 1 1 1 1
 1 1 1 1 1
 1 1 1 1 1
 1 1 1 1 1
 1 1 1 1 1
 1 1 1 1 1
 1 1 1 1 1
 1 1 1 1 1
 1 1 1 1 1
 1 1 1 1 1
 1 1 1 1 1
 1 1 1 1 1
 1 1 1 1 1
 1 1 1 1 1
 1 1 1 1 1
 1 1 1 1 1
 1 1 1 1 1
 1 1 1 1 1
 1 1 1 1 1
 1 1 1 1 1
 1 1 1 1 1
Sel_pelaces
 0.850142 1 1 1 1
 0.850142 1 1 1 1
 0.850142 1 1 1 1
 0.850142 1 1 1 1
 0.850142 1 1 1 1
 0.850142 1 1 1 1
 0.850142 1 1 1 1
 0.850142 1 1 1 1
 0.850142 1 1 1 1
 0.850142 1 1 1 1
 0.850142 1 1 1 1
 0.850142 1 1 1 1
 0.850142 1 1 1 1
 0.850142 1 1 1 1
 0.850142 1 1 1 1
 0.850142 1 1 1 1
 0.850142 1 1 1 1
 0.850142 1 1 1 1
 0.850142 1 1 1 1
 0.850142 1 1 1 1
 0.850142 1 1 1 1
 0.850142 1 1 1 1
 0.850142 1 1 1 1
 0.850142 1 1 1 1
 0.850142 1 1 1 1
 0.850142 1 1 1 1
 0.850142 1 1 1 1
 0.850142 1 1 1 1
 0.850142 1 1 1 1
 0.850142 1 1 1 1
 0.850142 1 1 1 1
pf_obs 
 0.8446 0.082 0.0669 0.0065 0
 0.8095 0.147 0.0364 0.0071 0
 0.9664 0.0169 0.016 0.0007 0
 0.9276 0.0648 0.0075 0.0001 0
 0.7033 0.2144 0.0806 0.0017 0
 0.9318 0.0425 0.0243 0.0014 0
 0.5671 0.3108 0.0964 0.0239 0.0018
 0.0768 0.2599 0.5324 0.112 0.0189
 0.490249 0.384438 0.106611 0.0170017 0.00170017
 0.7925 0.1577 0.0466 0.003 0.0002
 0.840416 0.127587 0.0312969 0.00059994 9.999e-05
 0.8084 0.0986 0.0794 0.0134 0.0002
 0.7335 0.1905 0.0724 0.0035 0.0001
 0.4001 0.4547 0.1325 0.0127 0
 0.49795 0.308269 0.164784 0.0264974 0.00249975
 0.9179 0.0499 0.0305 0.0017 0
 0.2467 0.6533 0.0926 0.0074 0
 0.9418 0.0223 0.034 0.0019 0
 0.707729 0.231977 0.0356964 0.0245975 0
 0.517169 0.277429 0.184464 0.0207286 0.00020938
 0.811772 0.124168 0.05621 0.00726502 0.000585176
 0.764997 0.148141 0.077277 0.00933861 0.000247198
 0.163321 0.427699 0.378323 0.0303852 0.000271297
 0.753843 0.0900009 0.118128 0.0371064 0.000921714
 0.721811 0.176058 0.0630433 0.0369309 0.00215725
 0.143369 0.312575 0.442814 0.0836902 0.0175525
 0.692698 0.0596174 0.167031 0.0765114 0.00414204
 0.394062 0.376323 0.152708 0.0712218 0.00568511
 0.125707 0.32114 0.495352 0.0537591 0.00404204
 0.23352 0.215282 0.420074 0.123614 0.00750983
 0.774587 0.0839891 0.0768558 0.0609784 0.00358967
pf_pred 
 0.433972 0.107754 0.435294 0.0229785 7.5211e-07
 0.413574 0.275456 0.059199 0.239147 0.0126246
 0.551892 0.201832 0.115681 0.0248613 0.105734
 0.775595 0.132076 0.0415854 0.0238348 0.0269079
 0.650104 0.280379 0.0409154 0.0128826 0.0157194
 0.730143 0.183989 0.0688076 0.010041 0.00701918
 0.466041 0.404895 0.0879966 0.0329086 0.00815939
 0.427987 0.289451 0.214264 0.0465664 0.0217325
 0.499427 0.231622 0.136095 0.100743 0.032113
 0.65468 0.185474 0.0739627 0.0434585 0.0424243
 0.778741 0.152436 0.0369652 0.0147408 0.0171165
 0.721509 0.223423 0.0379387 0.00919998 0.00792873
 0.669896 0.248516 0.0654552 0.0111147 0.00501811
 0.609851 0.274781 0.0868534 0.0228759 0.00563824
 0.708077 0.189898 0.0718562 0.0227125 0.00745653
 0.918078 0.0606507 0.0138373 0.00523596 0.00219833
 0.426335 0.533136 0.0300055 0.00684569 0.00367794
 0.886517 0.0526351 0.0565494 0.00318267 0.00111624
 0.607942 0.353234 0.018007 0.0193462 0.0014707
 0.601447 0.257172 0.12738 0.00649353 0.00750679
 0.74183 0.164821 0.060235 0.029835 0.00327916
 0.746775 0.194953 0.0372025 0.0135959 0.00747436
 0.341417 0.510505 0.114002 0.0217548 0.0123212
 0.744194 0.0960443 0.123841 0.027655 0.0082663
 0.63025 0.285102 0.0317817 0.0409796 0.0118866
 0.448988 0.365726 0.142868 0.0159261 0.0264918
 0.730294 0.130815 0.0921873 0.0360122 0.0106921
 0.6891 0.235721 0.036464 0.0256968 0.0130186
 0.37898 0.446749 0.13213 0.0204395 0.0217015
 0.449484 0.227736 0.232201 0.0686758 0.0219031
 0.827041 0.0841133 0.0367532 0.0374739 0.0146181
pobs_RECLAS
 0 0 0 0 0
 0 0 0 0 0
 0 0 0 0 0
 0 0 0 0 0
 0 0 0 0 0
 0 0 0 0 0
 0 0 0 0 0
 0 0 0 0 0
 0 0 0 0 0
 0 0 0 0 0
 0.991045 0.00858322 0.000360255 1.14367e-05 0
 0.934742 0.0480273 0.0164251 0.00080598 0
 0.827803 0.169806 0.00239088 0 0
 0.941827 0.0461693 0.0120037 0 0
 0.791401 0.0380133 0.147996 0.0225897 0
 0.846168 0.0940531 0.0597789 0 0
 0.134021 0.677848 0.182769 0.00536245 0
 0.80878 0.0450904 0.141981 0.00414843 0
 0.846168 0.0940531 0.0597789 0 0
 0.905697 0.0802665 0.012482 0.00150086 5.37128e-05
 0.989698 0.0102097 9.19794e-05 0 0
 0.975433 0.0193895 0.00387452 0.00125025 5.28907e-05
 0.303575 0.632131 0.0575291 0.00676475 0
 0.966965 0.00978017 0.0227588 0.000495775 0
 0.843318 0.132988 0.00938335 0.0141283 0.000182051
 0.564624 0.303363 0.111486 0.0197234 0.00080311
 0.826376 0.0876187 0.0782897 0.00655872 0.00115652
 0.89761 0.0855135 0.0140674 0.00269457 0.000114338
 0.34875 0.467042 0.161289 0.0227151 0.000203297
 0.318654 0.224769 0.449479 0.00709798 0
 0.937255 0.0296025 0.0250945 0.00804832 0
ppred_RECLAS
 0.468207 0.101237 0.408966 0.0215887 7.0662e-07
 0.447714 0.259419 0.0557526 0.225224 0.0118896
 0.586019 0.186461 0.106871 0.0229679 0.0976816
 0.799029 0.118284 0.0372427 0.0213458 0.0240979
 0.680817 0.255768 0.037324 0.0117518 0.0143396
 0.756624 0.165934 0.0620555 0.00905569 0.00633038
 0.501281 0.378173 0.082189 0.0307367 0.00762089
 0.46199 0.272244 0.201527 0.0437982 0.0204406
 0.534234 0.215516 0.126632 0.0937381 0.02988
 0.68567 0.168829 0.0673252 0.0395585 0.0386171
 0.801598 0.136689 0.0331465 0.013218 0.0153483
 0.749036 0.201339 0.0341887 0.00829061 0.00714503
 0.700334 0.225601 0.0594199 0.0100899 0.00455541
 0.643587 0.251021 0.0793432 0.0208978 0.0051507
 0.73644 0.171448 0.0648747 0.0205057 0.00673206
 0.928089 0.0532387 0.0121463 0.00459608 0.00192967
 0.460773 0.501131 0.0282043 0.00643474 0.00345715
 0.899831 0.0464598 0.0499149 0.00280927 0.000985276
 0.641007 0.323443 0.0164884 0.0177146 0.00134667
 0.634613 0.235772 0.11678 0.00595317 0.00688211
 0.76766 0.14833 0.0542085 0.02685 0.00295108
 0.772394 0.175228 0.0334386 0.0122204 0.00671815
 0.373309 0.485784 0.108481 0.0207013 0.0117245
 0.769686 0.0864729 0.111499 0.024899 0.00744251
 0.661948 0.260661 0.0290571 0.0374665 0.0108676
 0.483415 0.342876 0.133942 0.0149311 0.0248366
 0.756724 0.117995 0.083153 0.032483 0.00964432
 0.717969 0.213832 0.0330781 0.0233107 0.0118097
 0.412062 0.42295 0.125092 0.0193507 0.0205454
 0.484047 0.213438 0.217623 0.0643641 0.020528
 0.846017 0.0748853 0.032721 0.0333627 0.0130144
pobs_PELACES
 0 0 0 0 0
 0 0 0 0 0
 0 0 0 0 0
 0 0 0 0 0
 0 0 0 0 0
 0 0 0 0 0
 0 0 0 0 0
 0 0 0 0 0
 0 0 0 0 0
 0 0 0 0 0
 0 0 0 0 0
 0 0 0 0 0
 0 0 0 0 0
 0 0 0 0 0
 0 0 0 0 0
 0 0 0 0 0
 0.505614 0.472636 0.0217494 0 0
 0 0 0 0 0
 0.443492 0.261883 0.143347 0.151278 0
 0.227955 0.32914 0.350689 0.0885471 0.00366901
 0.970185 0.0296113 0.000203453 0 0
 0.997202 0.00247181 0.000326279 0 0
 0.445219 0.490057 0.0546422 0.010081 0
 0.90214 0.0892962 0.00764917 0.000914606 0
 0 0 0 0 0
 0.581667 0.319106 0.0959925 0.00289975 0.000334073
 0.762889 0.0836404 0.116647 0.0363945 0.000428098
 0.88444 0.0763242 0.0277011 0.0115352 0
 0.521256 0.241999 0.230069 0.00667565 0
 0.616807 0.101726 0.260614 0.0208532 0
 0.833518 0.0704572 0.0857862 0.0102388 0
ppred_PELACES
 0.42906 0.108689 0.439072 0.0231779 7.58637e-07
 0.409732 0.27726 0.0595869 0.240713 0.0127073
 0.54788 0.203639 0.116716 0.0250839 0.106681
 0.773353 0.133396 0.0420009 0.024073 0.0271767
 0.645238 0.284278 0.0414844 0.0130617 0.015938
 0.726688 0.186345 0.0696885 0.0101696 0.00710904
 0.463884 0.40653 0.0883519 0.0330415 0.00819234
 0.42244 0.292257 0.216341 0.0470179 0.0219433
 0.495607 0.23339 0.137133 0.101512 0.0323581
 0.651962 0.186934 0.074545 0.0438006 0.0427583
 0.774995 0.155017 0.0375911 0.0149904 0.0174064
 0.720019 0.224619 0.0381417 0.00924922 0.00797117
 0.667978 0.24996 0.0658357 0.0111793 0.00504728
 0.610309 0.274459 0.0867514 0.022849 0.00563161
 0.706518 0.190912 0.0722398 0.0228337 0.00749634
 0.91743 0.0611305 0.0139468 0.00527738 0.00221572
 0.422746 0.536472 0.0301933 0.00688853 0.00370095
 0.885077 0.053303 0.057267 0.00322306 0.0011304
 0.605786 0.355177 0.0181061 0.0194526 0.00147879
 0.598823 0.258865 0.128219 0.00653628 0.00755621
 0.739048 0.166597 0.0608841 0.0301565 0.00331449
 0.744587 0.196637 0.0375239 0.0137134 0.00753894
 0.337524 0.513523 0.114676 0.0218834 0.012394
 0.740648 0.0973754 0.125557 0.0280383 0.00838086
 0.625958 0.288412 0.0321506 0.0414553 0.0120246
 0.44412 0.368957 0.14413 0.0160668 0.0267259
 0.726653 0.13258 0.0934315 0.0364982 0.0108364
 0.68496 0.23886 0.0369496 0.026039 0.013192
 0.374396 0.450046 0.133106 0.0205904 0.0218616
 0.445177 0.229517 0.234018 0.0692132 0.0220745
 0.824516 0.0853414 0.0372898 0.038021 0.0148316
pobs_pel_tallas
 0 0 0 0 0 0 0 0 0 0 0 0 0 0 0 0 0 0 0 0 0 0 0 0 0 0
 0 0 0 0 0 0 0 0 0 0 0 0 0 0 0 0 0 0 0 0 0 0 0 0 0 0
 0 0 0 0 0 0 0 0 0 0 0 0 0 0 0 0 0 0 0 0 0 0 0 0 0 0
 0 0 0 0 0 0 0 0 0 0 0 0 0 0 0 0 0 0 0 0 0 0 0 0 0 0
 0 0 0 0 0 0 0 0 0 0 0 0 0 0 0 0 0 0 0 0 0 0 0 0 0 0
 0 0 0 0 0 0 0 0 0 0 0 0 0 0 0 0 0 0 0 0 0 0 0 0 0 0
 0 0 0 0 0 0 0 0 0 0 0 0 0 0 0 0 0 0 0 0 0 0 0 0 0 0
 0 0 0 0 0 0 0 0 0 0 0 0 0 0 0 0 0 0 0 0 0 0 0 0 0 0
 0 0 0 0 0 0 0 0 0 0 0 0 0 0 0 0 0 0 0 0 0 0 0 0 0 0
 0 0 0 0 0 0 0 0 0 0 0 0 0 0 0 0 0 0 0 0 0 0 0 0 0 0
 0 0 0 0 0 0 0 0 0 0 0 0 0 0 0 0 0 0 0 0 0 0 0 0 0 0
 0 0 0 0 0 0 0 0 0 0 0 0 0 0 0 0 0 0 0 0 0 0 0 0 0 0
 0.00862536 0 0 0.000197151 0.00414017 0.0128641 0.00837892 0.0270097 0.101434 0.158115 0.152841 0.127902 0.109271 0.109419 0.0830992 0.0579132 0.0238553 0.00714673 0.00463305 0.00128148 0.00103504 0.000492878 0.000147863 0.000147863 4.92878e-05 0
 0 0 0 0 0 0 0 0 0 0 0 0 0 0 0 0 0 0 0 0 0 0 0 0 0 0
 0 0 0 0 0 0 0 0.0054083 0.00873648 0.0413646 0.0450493 0.0745869 0.0622846 0.0627006 0.0613931 0.0827291 0.12552 0.122667 0.0946155 0.0697135 0.0546179 0.0294188 0.0215738 0.0213955 0.0102223 0.00600262
 0 0 0 0 0.00359764 0.0251062 0.0480494 0.140153 0.205849 0.193036 0.1447 0.116669 0.0760912 0.0342217 0.00950174 0.001854 0.000860785 0 0 0 0.000165536 0 0.000143464 0 0 0
 0 0 0 0 0 0 0 0.000145254 0.000435761 0.0275982 0.070085 0.0708112 0.156366 0.174668 0.174014 0.160142 0.0824315 0.0480064 0.0283245 0.00493863 0.00203355 0 0 0 0 0
 0 0 0 0 0 0 0 0 0 0 0 0 0 0 0 0 0 0 0 0 0 0 0 0 0 0
 0 0 1.00437e-05 0.000401748 0.00122533 0.00171747 0.00176769 0.0269171 0.070346 0.194647 0.189555 0.159765 0.064822 0.0314167 0.0384472 0.0292271 0.0345202 0.0313363 0.0194345 0.0106764 0.0143323 0.0359363 0.0279516 0.0138201 0.00172751 0
 0 0.0021121 0.0136068 0.0755702 0.200478 0.177729 0.0527432 0.0373336 0.0318909 0.0142505 0.0149659 0.0166563 0.0217959 0.0798694 0.0677717 0.0528807 0.04013 0.0224614 0.0357745 0.0225083 0.00881397 0.00855152 0.00135912 0.000746735 0 0
 0 0 0 0 5.4009e-05 0.00500934 0.000945158 0.0243581 0.138947 0.33067 0.221406 0.137944 0.0707744 0.0437923 0.0131692 0.00525238 0.0047753 0.00276346 9.45158e-05 9.00151e-06 2.25038e-05 9.00151e-06 4.50075e-06 0 0 0
 0.000866109 0.00284123 0.00948549 0.0512746 0.133035 0.25785 0.225252 0.132002 0.0553304 0.0519788 0.0540692 0.017754 0.00435017 0.00159236 0.00146478 0.000404838 0.000125132 0.000115318 0.000107957 0.000100596 0 0 0 0 0 0
 0 0 0 0 0.00144013 0.00171154 0.00461396 0.0210425 0.0478622 0.0707936 0.0888783 0.103762 0.0637923 0.0337046 0.0602308 0.124433 0.169614 0.0934646 0.0462172 0.0250306 0.0313229 0.00938855 0.002487 0.000210481 0 0
 0 0.00764035 0.051015 0.0998891 0.058973 0.0496711 0.0374665 0.0718981 0.12319 0.153886 0.159021 0.0857701 0.0377988 0.023471 0.0147837 0.00900784 0.00315554 0.000888139 0.00291439 0.00214683 0.00393193 0.00274676 0.000635225 9.99891e-05 0 0
 0 0 0 0 0 0 0 0 0 0 0 0 0 0 0 0 0 0 0 0 0 0 0 0 0 0
 0 0 0 0 0 0 0 0 0 0 0 0 0 0 0 0 0 0 0 0 0 0 0 0 0 0
 0 0 0 0 0 0 0 0 0 0 0 0 0 0 0 0 0 0 0 0 0 0 0 0 0 0
 0 0 0 0 0 0 0 0 0 0 0 0 0 0 0 0 0 0 0 0 0 0 0 0 0 0
 0 0 0 0 0 0 0 0 0 0 0 0 0 0 0 0 0 0 0 0 0 0 0 0 0 0
 0 0 0 0 0 0 0 0 0 0 0 0 0 0 0 0 0 0 0 0 0 0 0 0 0 0
 0 0 0 0 0 0 0 0 0 0 0 0 0 0 0 0 0 0 0 0 0 0 0 0 0 0
ppred_pel_tallas
 1.15024e-16 3.53411e-05 0.000343528 0.00228287 0.0103776 0.0322886 0.0687947 0.10041 0.100421 0.0688494 0.0324743 0.0109222 0.00368167 0.00350172 0.0063391 0.0112193 0.0180053 0.0264764 0.0362831 0.0470303 0.0580998 0.06828 0.0756618 0.0781853 0.0746347 0.0654016
 1.28082e-16 3.37491e-05 0.000328054 0.00218003 0.00991013 0.0308342 0.0656966 0.0958917 0.0959185 0.0658278 0.0312752 0.0111854 0.00538812 0.00735557 0.0134559 0.0224038 0.0328067 0.0424847 0.0493524 0.052737 0.0538841 0.0550728 0.0579686 0.0624744 0.0668304 0.0687042
 1.2399e-16 4.51282e-05 0.000438662 0.00291507 0.0132515 0.0412304 0.0878464 0.128219 0.128238 0.0879432 0.0415558 0.0141937 0.00528848 0.00564803 0.0100232 0.0167258 0.0246372 0.0321745 0.0377926 0.0409032 0.0422433 0.0432885 0.045164 0.0479091 0.0505534 0.0517717
 1.0826e-16 6.37001e-05 0.000619188 0.00411472 0.0187049 0.058198 0.123998 0.180981 0.180994 0.124061 0.05841 0.0193178 0.00565556 0.0039914 0.00649391 0.0107046 0.0155839 0.0199702 0.0227415 0.0234287 0.0225019 0.0210229 0.0199385 0.0195651 0.0195764 0.0193644
 1.05277e-16 5.31475e-05 0.000516612 0.00343307 0.0156063 0.048557 0.103457 0.151004 0.151031 0.103591 0.0490067 0.0169051 0.00669378 0.00763605 0.0135783 0.0223748 0.0322557 0.0406302 0.0448997 0.0438853 0.0385341 0.0312709 0.02453 0.0196062 0.01649 0.0144541
 1.04282e-16 5.98564e-05 0.000581825 0.00386643 0.0175763 0.0546864 0.116516 0.170062 0.17008 0.116604 0.0549825 0.0184324 0.00601894 0.0052919 0.00903782 0.014932 0.0217037 0.02771 0.0313059 0.0317173 0.0294596 0.0259025 0.0223571 0.0194253 0.0169984 0.0146925
 1.07354e-16 3.82096e-05 0.000371411 0.00246816 0.0112199 0.0349095 0.0743799 0.108568 0.108607 0.0745717 0.0355536 0.0130808 0.007142 0.0105838 0.0194609 0.0321855 0.0465344 0.0588888 0.0655801 0.0649215 0.0581865 0.0486708 0.0396279 0.0327054 0.0277995 0.0239446
 1.14747e-16 3.47959e-05 0.000338229 0.00224765 0.0102175 0.0317906 0.0677343 0.0988661 0.0988946 0.0678735 0.0322588 0.0115734 0.00566519 0.00784531 0.0144291 0.0241586 0.0356413 0.0465933 0.0546714 0.0587598 0.059493 0.0585026 0.0570587 0.0552749 0.0523951 0.0476822
 1.19674e-16 4.08225e-05 0.000396809 0.00263694 0.0119872 0.0372966 0.0794652 0.115987 0.116009 0.0795762 0.0376699 0.013068 0.00536017 0.0063761 0.0114996 0.019222 0.0283472 0.0370768 0.0436303 0.0472832 0.0487677 0.0495977 0.0508584 0.0524507 0.0532863 0.0521105
 1.13828e-16 5.37013e-05 0.000521995 0.00346884 0.0157689 0.0490629 0.104534 0.152575 0.152593 0.104623 0.0493605 0.0166298 0.00563488 0.0052673 0.00911652 0.0151227 0.0221096 0.0285245 0.0328467 0.0344522 0.0339907 0.0328808 0.0323199 0.0325897 0.0330854 0.0328673
 1.05574e-16 6.38353e-05 0.000620502 0.00412345 0.0187446 0.0583216 0.124261 0.181366 0.18138 0.124334 0.0585674 0.019455 0.00590807 0.00452175 0.00748929 0.0123241 0.0178533 0.0226828 0.0254448 0.025534 0.023466 0.0205046 0.0178578 0.016074 0.0149929 0.0141093
 1.03435e-16 5.9307e-05 0.000576485 0.00383095 0.017415 0.0541845 0.115447 0.168502 0.168524 0.115552 0.0545399 0.0184417 0.00640893 0.00620622 0.0107571 0.0177056 0.0255377 0.0321958 0.0356239 0.0348779 0.0306803 0.0249115 0.0194626 0.0153452 0.0125759 0.0106381
 1.0394e-16 5.50205e-05 0.000534819 0.00355406 0.0161563 0.0502682 0.107103 0.156325 0.156349 0.107221 0.0506645 0.0173015 0.00643108 0.00682317 0.0120205 0.0198448 0.0287206 0.0364065 0.0406446 0.0403794 0.0363517 0.0305296 0.0248607 0.0203414 0.0169461 0.014169
 1.05819e-16 5.02704e-05 0.000488647 0.00324723 0.0147615 0.0459285 0.0978565 0.14283 0.142857 0.0979862 0.0463642 0.0160208 0.00641237 0.00741109 0.0132353 0.0219009 0.0317784 0.0404551 0.0454934 0.045758 0.042046 0.0364463 0.0309752 0.0265833 0.0231244 0.0199898
 1.05693e-16 5.8195e-05 0.000565676 0.00375912 0.0170884 0.0531685 0.113282 0.165342 0.16536 0.113372 0.053472 0.017966 0.00596585 0.00539561 0.00926842 0.0153287 0.0223075 0.0285423 0.0323726 0.0330324 0.0310684 0.0278808 0.0247757 0.0222956 0.020232 0.0180997
 1.01323e-16 7.55675e-05 0.000734543 0.00488129 0.0221897 0.0690403 0.147098 0.214695 0.214701 0.147127 0.0691372 0.0224696 0.00558443 0.00227112 0.00299867 0.00485071 0.00701106 0.0088824 0.00991202 0.00984902 0.00888628 0.0075179 0.0062279 0.00525545 0.00457452 0.00403009
 1.02326e-16 3.48211e-05 0.000338474 0.00224928 0.0102249 0.0318138 0.0677846 0.0989445 0.0989961 0.0680369 0.0326606 0.0126697 0.00838247 0.0137152 0.0254041 0.0418498 0.060064 0.0750719 0.0818258 0.0779998 0.0653995 0.0487932 0.0331387 0.0213395 0.013809 0.00945328
 1.02181e-16 7.29026e-05 0.000708639 0.00470916 0.0214071 0.0666056 0.14191 0.207124 0.207129 0.141936 0.0666915 0.0216563 0.00533815 0.00209398 0.00273971 0.00450698 0.00670142 0.00887538 0.0106088 0.0116815 0.0121514 0.0122207 0.0120174 0.0114965 0.010532 0.00908605
 1.02815e-16 4.98978e-05 0.000485025 0.00322316 0.014652 0.0455881 0.0971316 0.141774 0.141808 0.0972987 0.0461488 0.0162709 0.00728437 0.00934338 0.0168523 0.0277265 0.0398102 0.0498033 0.0543857 0.0520467 0.0440081 0.0334355 0.0235856 0.0163127 0.0117893 0.00918684
 1.05701e-16 4.93243e-05 0.00047945 0.00318612 0.0144836 0.0450641 0.0960148 0.140142 0.140167 0.0961374 0.0454764 0.0156763 0.00618669 0.00705209 0.0125973 0.0209177 0.0305219 0.0391989 0.0446936 0.0459119 0.0434775 0.0391304 0.0345042 0.0303003 0.0263574 0.0222744
 1.05385e-16 6.08745e-05 0.000591721 0.0039322 0.0178752 0.0556165 0.118497 0.172954 0.17297 0.118576 0.0558813 0.018641 0.00585788 0.00480667 0.00809892 0.0133805 0.0194771 0.0249361 0.0283185 0.0289698 0.0273809 0.0247793 0.022293 0.0203615 0.0187523 0.0169912
 1.03785e-16 6.13307e-05 0.000596156 0.00396167 0.0180092 0.0560333 0.119386 0.174251 0.17427 0.119478 0.0563446 0.0189087 0.00622051 0.00553047 0.00944216 0.0155386 0.0224401 0.0283534 0.0314954 0.0310533 0.0276603 0.0229432 0.0185158 0.015207 0.0129742 0.0113264
 1.07733e-16 2.78015e-05 0.000270241 0.00179585 0.00816369 0.0254005 0.0541204 0.0790007 0.0790502 0.0543626 0.026214 0.0105142 0.00769914 0.0131682 0.0245556 0.0406359 0.0587326 0.0742724 0.0825933 0.0815275 0.0726491 0.0601079 0.0480443 0.0386246 0.0318462 0.026623
 1.07879e-16 6.10063e-05 0.000593003 0.00394071 0.0179139 0.0557369 0.118754 0.173326 0.173336 0.1188 0.0558947 0.0183721 0.00509964 0.00315253 0.00500901 0.00841234 0.0126467 0.0170256 0.0208688 0.0238368 0.0260383 0.0277507 0.0290126 0.0294777 0.0286532 0.0262875
 1.07194e-16 5.15594e-05 0.000501175 0.00333049 0.0151399 0.0471061 0.100366 0.146492 0.14652 0.100501 0.0475622 0.0164573 0.00663748 0.0077213 0.0137675 0.0226906 0.0327165 0.0412334 0.0456362 0.0447783 0.0396799 0.0328453 0.026738 0.0225868 0.0202225 0.0187182
 1.10388e-16 3.65817e-05 0.000355587 0.002363 0.0107419 0.0334222 0.0712108 0.103942 0.103977 0.0713853 0.0340087 0.0124379 0.00662741 0.00968867 0.0178319 0.0296055 0.0430743 0.0550701 0.0623634 0.0634425 0.059338 0.052754 0.0462558 0.0409826 0.0366519 0.0324328
 1.08225e-16 5.98535e-05 0.000581797 0.00386625 0.0175754 0.0546837 0.11651 0.170052 0.170065 0.116573 0.054896 0.0181904 0.00541637 0.00398698 0.00658978 0.0109654 0.0161824 0.021182 0.0249212 0.0269276 0.0275272 0.0274863 0.0273736 0.0271817 0.0264599 0.0247458
 1.05972e-16 5.64193e-05 0.000548416 0.00364441 0.016567 0.0515462 0.109825 0.160298 0.160321 0.109938 0.0519242 0.017659 0.00638631 0.00653678 0.0114381 0.0188445 0.0272023 0.0343487 0.0381304 0.0375883 0.0335374 0.0280054 0.0229854 0.0194705 0.017335 0.0158622
 1.09721e-16 3.08386e-05 0.000299762 0.00199203 0.00905549 0.0281752 0.0600319 0.0876275 0.087671 0.0602445 0.0288893 0.0111193 0.00717796 0.0116389 0.0216196 0.0358335 0.0519463 0.0660173 0.0740292 0.0741127 0.0676002 0.0579852 0.0486765 0.0413409 0.0358082 0.0310768
 1.17489e-16 3.66687e-05 0.000356433 0.00236862 0.0107674 0.0335016 0.0713795 0.104185 0.104208 0.0714894 0.0338716 0.0118405 0.00507861 0.0063274 0.0115389 0.0194446 0.0290108 0.0385999 0.0465334 0.0520193 0.0554699 0.0578552 0.0596668 0.060426 0.0590956 0.0549294
 1.07421e-16 6.79143e-05 0.000660151 0.00438694 0.0199424 0.0620482 0.132201 0.192952 0.192961 0.132241 0.0621843 0.0203362 0.00537838 0.00283419 0.00422607 0.00695818 0.0102093 0.0132607 0.0154458 0.0165075 0.0167526 0.0168048 0.0171435 0.0177933 0.018364 0.0183408
pSPR Fmed_Fpbrs
0.719998   0.196542 0.196542
Fs Fmed_Fpbrs
0.166681   1.005 1.005
SSBpbr Bo_Bmed_Bpbrs
2.30514e+06  1.54444e+06  337800 337800
Ro
224655
SPR SPRFo_SPRFmed_SPRFpbrs
1.60582e+06 1.15618e+06 315610
Fref
1.005
Nvult_r0
 263392 23725.4 10366.8 10570.1 4123.26
CTP_r0
 28574.5 2906.14 1269.84 1294.74 505.061
YTP_r0
391302
Np
 295142 127241 11162.4 4877.38 6564.14
Nvult_p0
 249932 110106 9659.24 4220.59 5680.21
CTP_p0
 116714 55190.5 4841.66 2115.56 2847.19
YTP_p0
 2.03977e+06
CBA_c0
885843
log_Ro
12.1423
likeval ReclasPelacesDesembMPH_pf_preclas_ppelaces_ptallas_desvR_qrecl_qpela
 18.1393 18.2764 0.132385 0.00336835 241.796 120.552 98.883 0 20.6198 7.6512e-06 0 0.672781 0 0 0
q_reclas_q_pelaces
0.675728 1
M
1
N
 239451 52090 210428 11108.2 0.363582
 138465 81109.6 17431.5 70418.2 3717.38
 136615 43927.1 25177 5410.87 23012.2
 290148 43571.8 13718.9 7863.06 8876.85
 232780 87848.3 12819.6 4036.36 4925.19
 363793 80508.4 30108.2 4393.66 3071.39
 153907 118332 25717.4 9617.7 2384.62
 74031.4 43752.8 32387.7 7038.89 3285.05
 64145.2 26177.7 15381.3 11385.9 3629.38
 80661.8 20166.5 8041.92 4725.21 4612.77
 140816 24113 5847.29 2331.76 2707.56
 178368 48930.4 8308.68 2014.82 1736.42
 151574 49762.1 13106.6 2225.58 1004.81
 107173 43087 13619 3587.04 884.101
 109931 26115.1 9881.79 3123.46 1025.43
 525499 30724.4 7009.71 2652.43 1113.63
 135521 149205 8397.42 1915.85 1029.32
 807310 42217.6 45357.2 2552.76 895.312
 485820 249728 12730.6 13677.3 1039.75
 367704 138876 68786.7 3506.58 4053.76
 552796 108154 39525.8 19577.5 2151.76
 744706 171635 32752.8 11969.7 6580.36
 168322 221055 49364.1 9420.08 5335.23
 482748 54661 70480.6 15739.1 4704.54
 402347 159708 17803.4 22955.9 6658.6
 185975 132763 51862.6 5781.36 9616.82
 398715 62668.4 44163.4 17252 5122.19
 438879 131626 20361.4 14349 7269.54
 142122 146853 43433.1 6718.75 7133.57
 107326 47757.2 48693.6 14401.6 4593.18
 390633 34887.8 15244.2 15543.1 6063.18
pred_Ctot
 12074.3 2998.01 12111.1 639.324 0.0209257
 12194 8121.64 1745.45 7051.09 372.228
 11623.1 4250.68 2436.29 523.591 2226.81
 32980.3 5616.22 1768.32 1013.52 1144.19
 8853.4 3818.32 557.204 175.44 214.073
 26901.8 6779.01 2535.19 369.957 258.619
 22577 19614.8 4262.93 1594.23 395.275
 1821.96 1232.2 912.13 198.235 92.5164
 5971.92 2769.63 1627.36 1204.64 383.992
 9718.13 2753.19 1097.91 645.101 629.75
 4959.59 970.824 235.421 93.8803 109.01
 27864.7 8628.61 1465.19 355.303 306.208
 22239.5 8250.32 2173.01 368.99 166.593
 23648.6 10655.4 3367.97 887.073 218.638
 17073.7 4578.97 1732.66 547.661 179.798
 77417.8 5114.43 1166.85 441.527 185.376
 13303.1 16635.6 936.273 213.609 114.764
 82370.3 4890.57 5254.26 295.716 103.715
 69888.6 40607.5 2070.08 2224.02 169.071
 47450.5 20289.3 10049.5 512.299 592.239
 55276.7 12281.4 4488.34 2223.12 244.343
 92513 24151.4 4608.77 1684.31 925.949
 12604.4 18846.9 4208.72 803.144 454.875
 30999.6 4000.76 5158.62 1151.98 344.335
 26442.2 11961.5 1333.4 1719.3 498.702
 9948.13 8103.31 3165.49 352.871 586.973
 26096.4 4674.56 3294.23 1286.86 382.074
 25285.5 8649.4 1337.99 942.904 477.698
 7836 9237.24 2732.01 422.619 448.712
 7975.91 4041.07 4120.31 1218.62 388.661
 28574.5 2906.14 1269.84 1294.74 505.061
F
 0.0825493 0.0946926 0.0946926 0.0946926 0.0946926
 0.148086 0.16987 0.16987 0.16987 0.16987
 0.142755 0.163755 0.163755 0.163755 0.163755
 0.194781 0.223434 0.223434 0.223434 0.223434
 0.0617314 0.0708123 0.0708123 0.0708123 0.0708123
 0.123087 0.141194 0.141194 0.141194 0.141194
 0.257794 0.295717 0.295717 0.295717 0.295717
 0.0395805 0.0454029 0.0454029 0.0454029 0.0454029
 0.157128 0.180242 0.180242 0.180242 0.180242
 0.207516 0.238042 0.238042 0.238042 0.238042
 0.0570553 0.0654483 0.0654483 0.0654483 0.0654483
 0.276596 0.317285 0.317285 0.317285 0.317285
 0.257856 0.295787 0.295787 0.295787 0.295787
 0.41193 0.472527 0.472527 0.472527 0.472527
 0.274794 0.315217 0.315217 0.315217 0.315217
 0.259029 0.297134 0.297134 0.297134 0.297134
 0.166288 0.19075 0.19075 0.19075 0.19075
 0.173334 0.198832 0.198832 0.198832 0.198832
 0.252255 0.289363 0.289363 0.289363 0.289363
 0.223718 0.256628 0.256628 0.256628 0.256628
 0.169621 0.194572 0.194572 0.194572 0.194572
 0.214578 0.246144 0.246144 0.246144 0.246144
 0.124727 0.143075 0.143075 0.143075 0.143075
 0.106148 0.121763 0.121763 0.121763 0.121763
 0.108752 0.12475 0.12475 0.12475 0.12475
 0.0877578 0.100667 0.100667 0.100667 0.100667
 0.108287 0.124216 0.124216 0.124216 0.124216
 0.0947941 0.108739 0.108739 0.108739 0.108739
 0.0905591 0.103881 0.103881 0.103881 0.103881
 0.123731 0.141932 0.141932 0.141932 0.141932
 0.121688 0.139589 0.139589 0.139589 0.139589
YTP_r0W_actual
 242884 47370.1 36698.2 45056.8 19293.3
YTP_p0W_proyectada
 877691 889670 113198 62409 96804.4
CTP_r0_actual
 28574.5 2906.14 1269.84 1294.74 505.061
CTP_p0_proyectada
 116714 55190.5 4841.66 2115.56 2847.19
Wmedp
 7.52 16.12 23.38 29.5 34
Frms_r0
 0.121688 0.139589 0.139589 0.139589 0.139589
Zrms_r0
 1.12169 1.13959 1.13959 1.13959 1.13959
nmprior
 8.19 8.8 8.5 0
nm_flota  nm_reclas  nm_pelaces    nm_pelaL
inf 11.3644 14.8004 33.2165
cv_recla  cv_pelaces  cv_mph
0.385244 0.48475 1.79108
 ------------------------------------------------
Talla a la edad & desviaci?n 
 8 13.2811 15.8009 17.003 17.5766
 0.8 1.32811 1.58009 1.7003 1.75766
