years
 1991 1992 1993 1994 1995 1996 1997 1998 1999 2000 2001 2002 2003 2004 2005 2006 2007 2008 2009 2010 2011 2012 2013 2014 2015 2016 2017 2018 2019 2020 2021
reclasobs
 0 0 0 0 0 0 0 0 0 252601 567819 844713 477998 351125 339783 2.1784e+06 2.13404e+06 4.81314e+06 1.55562e+06 2.62356e+06 3.21686e+06 3.843e+06 1.13348e+06 3.07943e+06 1.97215e+06 2.03268e+06 2.025e+06 2.42433e+06 2.27542e+06 1.05018e+06 2.36338e+06
reclaspred
 3.11583e+06 1.72712e+06 869560 803195 761771 1.27454e+06 742984 640660 473166 347510 462340 621859 612591 465475 466858 1.36094e+06 1.29019e+06 2.99672e+06 2.4657e+06 1.8122e+06 3.21948e+06 2.61457e+06 2.03323e+06 3.14646e+06 2.33837e+06 2.04844e+06 2.47821e+06 2.68732e+06 2.18283e+06 1.33804e+06 1.9286e+06
pelacesobs
 0 0 0 0 0 0 0 0 0 0 0 0 0 0 0 552880 188675 0 991730 2.46772e+06 1.41603e+06 1.21717e+06 2.29649e+06 1.80582e+06 0 1.4828e+06 1.56532e+06 1.57751e+06 1.42118e+06 867257 1.10002e+06
pelacespred
 1.45831e+06 894126 447090 335832 338255 582288 299509 336997 231820 160173 225715 254444 277089 219219 227177 558121 531633 1.43182e+06 1.20966e+06 823753 1.42743e+06 1.24672e+06 971189 1.65038e+06 1.17969e+06 1.03149e+06 1.42279e+06 1.5191e+06 1.01761e+06 709705 1.004e+06
mphobs
 0 0 0 0 0 0 0 0 0 0 0 498337 0 5186 125008 0 168611 109162 213762 579715 649985 157893 87575 83554 0 0 0 0 0 0 0
mphpred
 2.77611e+06 1.84859e+06 907205 492148 482441 531867 726477 408203 365294 247589 166733 324211 354991 296152 191936 245543 925608 857201 1.75748e+06 1.31701e+06 1.38903e+06 1.73163e+06 1.6418e+06 1.3252e+06 1.85704e+06 1.51404e+06 1.23369e+06 1.34618e+06 1.92202e+06 1.28949e+06 779996
desembarqueobs
 494567 514787 250237 358949 120608 361735 552515 73892 212993 205616 52469 317467 293654 387597 252695 516296 358380 742168 942051 627588 828172 859565 418607 520667 417249 300574 415391 372974 316634 284311 391294
desembarquepred
 494571 513784 250648 358983 120613 361737 552512 73896.2 213036 205653 52471.4 317520 293690 387595 252676 516231 358396 742044 941776 627409 828213 859538 418606 520683 417239 300567 415380 372949 316619 284310 391291
Reclutas
 185093 103779 103939 146931 118304 226809 88987.2 38173.4 39600.1 55016.4 104530 141253 116633 81184.3 79160.3 465131 90582.3 709048 405719 307692 461785 613274 120606 373766 308886 137832 321204 364512 100853 71637.3 280657
log_desv_Rt
 0.133506 -0.445093 -0.443551 -0.0973946 -0.314096 0.336753 -0.598862 -1.44522 -1.40852 -1.07972 -0.43788 -0.1368 -0.328327 -0.690633 -0.71588 1.05497 -0.581095 1.47657 0.918307 0.641746 1.04775 1.33146 -0.294822 0.836274 0.645619 -0.16132 0.684721 0.811206 -0.473693 -0.815739 0.54978
SSB
 2.77611e+06 1.84859e+06 907205 492148 482441 531867 726477 408203 365294 247589 166733 324211 354991 296152 191936 245543 925608 857201 1.75748e+06 1.31701e+06 1.38903e+06 1.73163e+06 1.6418e+06 1.3252e+06 1.85704e+06 1.51404e+06 1.23369e+06 1.34618e+06 1.92202e+06 1.28949e+06 779996
BT
 3.78261e+06 2.56971e+06 1.27881e+06 1.07616e+06 876641 1.65295e+06 1.18337e+06 843074 745842 566687 565515 851461 905185 908307 777487 1.70408e+06 1.50568e+06 3.9581e+06 3.69408e+06 2.46525e+06 3.96418e+06 3.67824e+06 2.60443e+06 4.2913e+06 3.1075e+06 2.64572e+06 3.70625e+06 3.87824e+06 2.60841e+06 1.9147e+06 2.68844e+06
Ftot
 0.152737 0.280031 0.275 0.45018 0.160537 0.301428 0.689747 0.116719 0.450569 0.5861 0.126372 0.521541 0.486623 0.829232 0.579295 0.430415 0.270692 0.273911 0.383461 0.349766 0.267902 0.338158 0.200052 0.178453 0.179122 0.145975 0.179563 0.150503 0.137982 0.204953 0.221532
BD_Bspro_t
 0.975858 0.827621 0.653462 0.556399 0.524294 0.599128 0.594467 0.405102 0.461503 0.415293 0.387938 0.635589 0.52205 0.430345 0.318586 0.37701 0.584394 0.552655 0.658151 0.560516 0.528624 0.579969 0.595843 0.583776 0.690603 0.697196 0.70272 0.742071 0.789387 0.721415 0.648391
BD_Bspro
 2.39798 1.5968 0.783638 0.425114 0.41673 0.459423 0.627526 0.352603 0.315539 0.213865 0.144023 0.280051 0.306639 0.255814 0.165793 0.212098 0.799534 0.740444 1.5181 1.13763 1.19983 1.49577 1.41818 1.1447 1.6041 1.30782 1.06565 1.16282 1.66022 1.11386 0.673755
BD_Bo
 1.53779 1.02401 0.502535 0.272619 0.267243 0.294621 0.402423 0.226119 0.20235 0.137149 0.0923597 0.179593 0.196643 0.16405 0.106321 0.136016 0.512729 0.474836 0.973532 0.729542 0.769435 0.959214 0.909455 0.734081 1.02869 0.838684 0.683389 0.7457 1.06468 0.714299 0.432069
BD_Brms
 9.03927 6.01919 2.95395 1.60248 1.57087 1.73181 2.36548 1.32915 1.18943 0.806172 0.542898 1.05566 1.15589 0.964297 0.624961 0.799511 3.01387 2.79113 5.72251 4.28831 4.5228 5.63834 5.34585 4.31499 6.04671 4.92985 4.01702 4.38329 6.25827 4.19871 2.53974
Sel_flota
 0.759012 1 1 1 1
 0.759012 1 1 1 1
 0.759012 1 1 1 1
 0.759012 1 1 1 1
 0.759012 1 1 1 1
 0.759012 1 1 1 1
 0.759012 1 1 1 1
 0.759012 1 1 1 1
 0.759012 1 1 1 1
 0.759012 1 1 1 1
 0.759012 1 1 1 1
 0.759012 1 1 1 1
 0.759012 1 1 1 1
 0.759012 1 1 1 1
 0.759012 1 1 1 1
 0.759012 1 1 1 1
 0.759012 1 1 1 1
 0.759012 1 1 1 1
 0.759012 1 1 1 1
 0.759012 1 1 1 1
 0.759012 1 1 1 1
 0.759012 1 1 1 1
 0.759012 1 1 1 1
 0.759012 1 1 1 1
 0.759012 1 1 1 1
 0.759012 1 1 1 1
 0.759012 1 1 1 1
 0.759012 1 1 1 1
 0.759012 1 1 1 1
 0.759012 1 1 1 1
 0.759012 1 1 1 1
Sel_reclas
 1 1 1 1 1
 1 1 1 1 1
 1 1 1 1 1
 1 1 1 1 1
 1 1 1 1 1
 1 1 1 1 1
 1 1 1 1 1
 1 1 1 1 1
 1 1 1 1 1
 1 1 1 1 1
 1 1 1 1 1
 1 1 1 1 1
 1 1 1 1 1
 1 1 1 1 1
 1 1 1 1 1
 1 1 1 1 1
 1 1 1 1 1
 1 1 1 1 1
 1 1 1 1 1
 1 1 1 1 1
 1 1 1 1 1
 1 1 1 1 1
 1 1 1 1 1
 1 1 1 1 1
 1 1 1 1 1
 1 1 1 1 1
 1 1 1 1 1
 1 1 1 1 1
 1 1 1 1 1
 1 1 1 1 1
 1 1 1 1 1
Sel_pelaces
 1 1 1 1 1
 1 1 1 1 1
 1 1 1 1 1
 1 1 1 1 1
 1 1 1 1 1
 1 1 1 1 1
 1 1 1 1 1
 1 1 1 1 1
 1 1 1 1 1
 1 1 1 1 1
 1 1 1 1 1
 1 1 1 1 1
 1 1 1 1 1
 1 1 1 1 1
 1 1 1 1 1
 1 1 1 1 1
 1 1 1 1 1
 1 1 1 1 1
 1 1 1 1 1
 1 1 1 1 1
 1 1 1 1 1
 1 1 1 1 1
 1 1 1 1 1
 1 1 1 1 1
 1 1 1 1 1
 1 1 1 1 1
 1 1 1 1 1
 1 1 1 1 1
 1 1 1 1 1
 1 1 1 1 1
 1 1 1 1 1
pf_obs 
 0.8446 0.082 0.0669 0.0065 0
 0.8095 0.147 0.0364 0.0071 0
 0.9664 0.0169 0.016 0.0007 0
 0.9276 0.0648 0.0075 0.0001 0
 0.7033 0.2144 0.0806 0.0017 0
 0.9318 0.0425 0.0243 0.0014 0
 0.5671 0.3108 0.0964 0.0239 0.0018
 0.0768 0.2599 0.5324 0.112 0.0189
 0.490249 0.384438 0.106611 0.0170017 0.00170017
 0.7925 0.1577 0.0466 0.003 0.0002
 0.840416 0.127587 0.0312969 0.00059994 9.999e-05
 0.8084 0.0986 0.0794 0.0134 0.0002
 0.7335 0.1905 0.0724 0.0035 0.0001
 0.4001 0.4547 0.1325 0.0127 0
 0.49795 0.308269 0.164784 0.0264974 0.00249975
 0.9179 0.0499 0.0305 0.0017 0
 0.2467 0.6533 0.0926 0.0074 0
 0.9418 0.0223 0.034 0.0019 0
 0.707729 0.231977 0.0356964 0.0245975 0
 0.517169 0.277429 0.184464 0.0207286 0.00020938
 0.811772 0.124168 0.05621 0.00726502 0.000585176
 0.764997 0.148141 0.077277 0.00933861 0.000247198
 0.163321 0.427699 0.378323 0.0303852 0.000271297
 0.753843 0.0900009 0.118128 0.0371064 0.000921714
 0.721811 0.176058 0.0630433 0.0369309 0.00215725
 0.143369 0.312575 0.442814 0.0836902 0.0175525
 0.692698 0.0596174 0.167031 0.0765114 0.00414204
 0.394062 0.376323 0.152708 0.0712218 0.00568511
 0.125707 0.32114 0.495352 0.0537591 0.00404204
 0.23352 0.215282 0.420074 0.123614 0.00750983
 0.774587 0.0839891 0.0768558 0.0609784 0.00358967
pf_pred 
 0.447182 0.135104 0.391948 0.0257642 8.23543e-07
 0.410278 0.307457 0.0689835 0.200127 0.0131555
 0.561716 0.214047 0.116908 0.0262304 0.0810986
 0.704883 0.18808 0.0522744 0.0285511 0.0262118
 0.646726 0.272306 0.0516017 0.014342 0.0150247
 0.76596 0.166552 0.0520201 0.00985776 0.0056101
 0.469717 0.433953 0.0685523 0.0214113 0.00636651
 0.460314 0.304583 0.192395 0.030393 0.0123154
 0.565339 0.231789 0.114495 0.0723225 0.0160544
 0.73357 0.172335 0.0501779 0.0247859 0.0191319
 0.831779 0.134309 0.0219356 0.00638687 0.00559005
 0.736705 0.228799 0.0275414 0.00449813 0.00245599
 0.679129 0.256489 0.0559469 0.00673453 0.00170045
 0.626177 0.2803 0.0747583 0.0163067 0.00245852
 0.739925 0.18591 0.0556109 0.0148319 0.00372298
 0.940267 0.047993 0.0083922 0.00251035 0.000837591
 0.353585 0.618428 0.0224866 0.00393206 0.00156864
 0.897157 0.0440576 0.0562404 0.00204495 0.000500239
 0.581709 0.386011 0.0138286 0.0176524 0.00079887
 0.588053 0.271741 0.129386 0.00463516 0.00618465
 0.733526 0.177032 0.0590006 0.0280924 0.0023492
 0.732672 0.211285 0.0372321 0.0124086 0.00640228
 0.297373 0.556046 0.115851 0.020415 0.0103143
 0.734142 0.0969365 0.133681 0.0278523 0.00738776
 0.610445 0.307238 0.0300145 0.0413917 0.0109114
 0.420905 0.393381 0.14647 0.0143088 0.0249345
 0.729916 0.133523 0.0927662 0.0345402 0.00925427
 0.681328 0.25019 0.0338558 0.0235216 0.0111044
 0.324966 0.500968 0.13666 0.0184929 0.0189135
 0.394697 0.237752 0.272773 0.0744104 0.0203675
 0.819152 0.0848959 0.0376884 0.0432399 0.0150242
pobs_RECLAS
 0 0 0 0 0
 0 0 0 0 0
 0 0 0 0 0
 0 0 0 0 0
 0 0 0 0 0
 0 0 0 0 0
 0 0 0 0 0
 0 0 0 0 0
 0 0 0 0 0
 0 0 0 0 0
 0.991045 0.00858322 0.000360255 1.14367e-05 0
 0.934742 0.0480273 0.0164251 0.00080598 0
 0.827803 0.169806 0.00239088 0 0
 0.941827 0.0461693 0.0120037 0 0
 0.791401 0.0380133 0.147996 0.0225897 0
 0.846168 0.0940531 0.0597789 0 0
 0.134021 0.677848 0.182769 0.00536245 0
 0.80878 0.0450904 0.141981 0.00414843 0
 0.846168 0.0940531 0.0597789 0 0
 0.905697 0.0802665 0.012482 0.00150086 5.37128e-05
 0.989698 0.0102097 9.19794e-05 0 0
 0.975433 0.0193895 0.00387452 0.00125025 5.28907e-05
 0.303575 0.632131 0.0575291 0.00676475 0
 0.966965 0.00978017 0.0227588 0.000495775 0
 0.843318 0.132988 0.00938335 0.0141283 0.000182051
 0.564624 0.303363 0.111486 0.0197234 0.00080311
 0.826376 0.0876187 0.0782897 0.00655872 0.00115652
 0.89761 0.0855135 0.0140674 0.00269457 0.000114338
 0.34875 0.467042 0.161289 0.0227151 0.000203297
 0.318654 0.224769 0.449479 0.00709798 0
 0.937255 0.0296025 0.0250945 0.00804832 0
ppred_RECLAS
 0.516764 0.118099 0.342615 0.0225214 7.19885e-07
 0.479949 0.271133 0.0608336 0.176483 0.0116013
 0.629613 0.180888 0.0987969 0.0221669 0.0685353
 0.761082 0.152264 0.0423197 0.023114 0.0212202
 0.707654 0.225342 0.0427021 0.0118685 0.0124335
 0.81288 0.133162 0.0415911 0.00788147 0.00448538
 0.543839 0.373296 0.0589702 0.0184185 0.00547661
 0.529763 0.265388 0.167637 0.0264819 0.0107306
 0.63433 0.194999 0.0963217 0.0608432 0.0135062
 0.786799 0.137905 0.040153 0.019834 0.0153096
 0.867242 0.105995 0.0173113 0.00504044 0.0044116
 0.789084 0.183283 0.0220624 0.00360329 0.00196741
 0.738659 0.208903 0.0455672 0.00548509 0.00138497
 0.694033 0.22942 0.0611883 0.0133467 0.00201226
 0.792201 0.148541 0.044433 0.0118506 0.00297465
 0.954504 0.0365541 0.00639195 0.00191202 0.000637954
 0.420428 0.554479 0.0201613 0.00352547 0.00140643
 0.920446 0.0340807 0.0435047 0.00158187 0.00038696
 0.649202 0.323727 0.0115973 0.0148041 0.000669969
 0.654887 0.227654 0.108395 0.00388315 0.00518125
 0.78496 0.142862 0.0476125 0.0226701 0.00189577
 0.784575 0.170263 0.0300033 0.00999941 0.00515923
 0.359052 0.507235 0.105682 0.0186229 0.00940891
 0.785083 0.0783627 0.108067 0.0225156 0.00597221
 0.674584 0.256652 0.0250726 0.0345767 0.00911483
 0.489981 0.346458 0.128999 0.012602 0.0219603
 0.78143 0.108056 0.0750726 0.0279522 0.00748918
 0.738651 0.205186 0.0277658 0.0192905 0.00910692
 0.388823 0.453577 0.123732 0.0167435 0.0171243
 0.463285 0.210812 0.241865 0.0659788 0.0180596
 0.857116 0.0670742 0.0297767 0.0341628 0.0118702
pobs_PELACES
 0 0 0 0 0
 0 0 0 0 0
 0 0 0 0 0
 0 0 0 0 0
 0 0 0 0 0
 0 0 0 0 0
 0 0 0 0 0
 0 0 0 0 0
 0 0 0 0 0
 0 0 0 0 0
 0 0 0 0 0
 0 0 0 0 0
 0 0 0 0 0
 0 0 0 0 0
 0 0 0 0 0
 0 0 0 0 0
 0.505614 0.472636 0.0217494 0 0
 0 0 0 0 0
 0.443492 0.261883 0.143347 0.151278 0
 0.227955 0.32914 0.350689 0.0885471 0.00366901
 0.970185 0.0296113 0.000203453 0 0
 0.997202 0.00247181 0.000326279 0 0
 0.445219 0.490057 0.0546422 0.010081 0
 0.90214 0.0892962 0.00764917 0.000914606 0
 0 0 0 0 0
 0.581667 0.319106 0.0959925 0.00289975 0.000334073
 0.762889 0.0836404 0.116647 0.0363945 0.000428098
 0.88444 0.0763242 0.0277011 0.0115352 0
 0.521256 0.241999 0.230069 0.00667565 0
 0.616807 0.101726 0.260614 0.0208532 0
 0.833518 0.0704572 0.0857862 0.0102388 0
ppred_PELACES
 0.519797 0.117358 0.340465 0.02238 7.15367e-07
 0.48551 0.268234 0.0601831 0.174596 0.0114772
 0.634698 0.178405 0.0974404 0.0218625 0.0675943
 0.767531 0.148154 0.0411774 0.0224901 0.0206474
 0.710288 0.223312 0.0423173 0.0117616 0.0123214
 0.816499 0.130586 0.0407868 0.00772904 0.00439863
 0.557411 0.362189 0.0572157 0.0178705 0.00531367
 0.532074 0.264083 0.166813 0.0263517 0.0106779
 0.642601 0.190588 0.0941431 0.0594671 0.0132007
 0.794513 0.132915 0.0387002 0.0191163 0.0147556
 0.868395 0.105074 0.017161 0.00499667 0.00437329
 0.795904 0.177356 0.021349 0.00348677 0.00190379
 0.746061 0.202987 0.0442767 0.00532975 0.00134575
 0.707854 0.219056 0.0584242 0.0127438 0.00192135
 0.799682 0.143193 0.0428332 0.011424 0.00286755
 0.955968 0.0353782 0.00618633 0.00185051 0.000617432
 0.425682 0.549452 0.0199785 0.0034935 0.00139368
 0.922026 0.0334036 0.0426404 0.00155044 0.000379272
 0.656115 0.317347 0.0113687 0.0145124 0.000656766
 0.661146 0.223525 0.106429 0.00381272 0.00508728
 0.788534 0.140487 0.0468211 0.0222933 0.00186425
 0.789086 0.166698 0.0293751 0.00979005 0.00505121
 0.362721 0.504331 0.105076 0.0185163 0.00935504
 0.787467 0.0774932 0.106868 0.0222657 0.00590594
 0.677703 0.254192 0.0248323 0.0342452 0.00902746
 0.492882 0.344487 0.128265 0.0125304 0.0218354
 0.783859 0.106855 0.0742383 0.0276416 0.00740594
 0.740955 0.203377 0.027521 0.0191204 0.00902664
 0.391434 0.451639 0.123204 0.016672 0.0170512
 0.467341 0.209219 0.240037 0.0654803 0.0179232
 0.85926 0.0660677 0.0293298 0.0336502 0.0116921
pobs_pel_tallas
 0 0 0 0 0 0 0 0 0 0 0 0 0 0 0 0 0 0 0 0 0 0 0 0 0 0
 0 0 0 0 0 0 0 0 0 0 0 0 0 0 0 0 0 0 0 0 0 0 0 0 0 0
 0 0 0 0 0 0 0 0 0 0 0 0 0 0 0 0 0 0 0 0 0 0 0 0 0 0
 0 0 0 0 0 0 0 0 0 0 0 0 0 0 0 0 0 0 0 0 0 0 0 0 0 0
 0 0 0 0 0 0 0 0 0 0 0 0 0 0 0 0 0 0 0 0 0 0 0 0 0 0
 0 0 0 0 0 0 0 0 0 0 0 0 0 0 0 0 0 0 0 0 0 0 0 0 0 0
 0 0 0 0 0 0 0 0 0 0 0 0 0 0 0 0 0 0 0 0 0 0 0 0 0 0
 0 0 0 0 0 0 0 0 0 0 0 0 0 0 0 0 0 0 0 0 0 0 0 0 0 0
 0 0 0 0 0 0 0 0 0 0 0 0 0 0 0 0 0 0 0 0 0 0 0 0 0 0
 0 0 0 0 0 0 0 0 0 0 0 0 0 0 0 0 0 0 0 0 0 0 0 0 0 0
 0 0 0 0 0 0 0 0 0 0 0 0 0 0 0 0 0 0 0 0 0 0 0 0 0 0
 0 0 0 0 0 0 0 0 0 0 0 0 0 0 0 0 0 0 0 0 0 0 0 0 0 0
 0.00862536 0 0 0.000197151 0.00414017 0.0128641 0.00837892 0.0270097 0.101434 0.158115 0.152841 0.127902 0.109271 0.109419 0.0830992 0.0579132 0.0238553 0.00714673 0.00463305 0.00128148 0.00103504 0.000492878 0.000147863 0.000147863 4.92878e-05 0
 0 0 0 0 0 0 0 0 0 0 0 0 0 0 0 0 0 0 0 0 0 0 0 0 0 0
 0 0 0 0 0 0 0 0.0054083 0.00873648 0.0413646 0.0450493 0.0745869 0.0622846 0.0627006 0.0613931 0.0827291 0.12552 0.122667 0.0946155 0.0697135 0.0546179 0.0294188 0.0215738 0.0213955 0.0102223 0.00600262
 0 0 0 0 0.00359764 0.0251062 0.0480494 0.140153 0.205849 0.193036 0.1447 0.116669 0.0760912 0.0342217 0.00950174 0.001854 0.000860785 0 0 0 0.000165536 0 0.000143464 0 0 0
 0 0 0 0 0 0 0 0.000145254 0.000435761 0.0275982 0.070085 0.0708112 0.156366 0.174668 0.174014 0.160142 0.0824315 0.0480064 0.0283245 0.00493863 0.00203355 0 0 0 0 0
 0 0 0 0 0 0 0 0 0 0 0 0 0 0 0 0 0 0 0 0 0 0 0 0 0 0
 0 0 1.00437e-05 0.000401748 0.00122533 0.00171747 0.00176769 0.0269171 0.070346 0.194647 0.189555 0.159765 0.064822 0.0314167 0.0384472 0.0292271 0.0345202 0.0313363 0.0194345 0.0106764 0.0143323 0.0359363 0.0279516 0.0138201 0.00172751 0
 0 0.0021121 0.0136068 0.0755702 0.200478 0.177729 0.0527432 0.0373336 0.0318909 0.0142505 0.0149659 0.0166563 0.0217959 0.0798694 0.0677717 0.0528807 0.04013 0.0224614 0.0357745 0.0225083 0.00881397 0.00855152 0.00135912 0.000746735 0 0
 0 0 0 0 5.4009e-05 0.00500934 0.000945158 0.0243581 0.138947 0.33067 0.221406 0.137944 0.0707744 0.0437923 0.0131692 0.00525238 0.0047753 0.00276346 9.45158e-05 9.00151e-06 2.25038e-05 9.00151e-06 4.50075e-06 0 0 0
 0.000866109 0.00284123 0.00948549 0.0512746 0.133035 0.25785 0.225252 0.132002 0.0553304 0.0519788 0.0540692 0.017754 0.00435017 0.00159236 0.00146478 0.000404838 0.000125132 0.000115318 0.000107957 0.000100596 0 0 0 0 0 0
 0 0 0 0 0.00144013 0.00171154 0.00461396 0.0210425 0.0478622 0.0707936 0.0888783 0.103762 0.0637923 0.0337046 0.0602308 0.124433 0.169614 0.0934646 0.0462172 0.0250306 0.0313229 0.00938855 0.002487 0.000210481 0 0
 0 0.00764035 0.051015 0.0998891 0.058973 0.0496711 0.0374665 0.0718981 0.12319 0.153886 0.159021 0.0857701 0.0377988 0.023471 0.0147837 0.00900784 0.00315554 0.000888139 0.00291439 0.00214683 0.00393193 0.00274676 0.000635225 9.99891e-05 0 0
 0 0 0 0 0 0 0 0 0 0 0 0 0 0 0 0 0 0 0 0 0 0 0 0 0 0
 0 0 0 0 0 0 0 0 0 0 0 0 0 0 0 0 0 0 0 0 0 0 0 0 0 0
 0 0 0 0 0 0 0 0 0 0 0 0 0 0 0 0 0 0 0 0 0 0 0 0 0 0
 0 0 0 0 0 0 0 0 0 0 0 0 0 0 0 0 0 0 0 0 0 0 0 0 0 0
 0 0 0 0 0 0 0 0 0 0 0 0 0 0 0 0 0 0 0 0 0 0 0 0 0 0
 0 0 0 0 0 0 0 0 0 0 0 0 0 0 0 0 0 0 0 0 0 0 0 0 0 0
 0 0 0 0 0 0 0 0 0 0 0 0 0 0 0 0 0 0 0 0 0 0 0 0 0 0
ppred_pel_tallas
 1.121e-16 4.2815e-05 0.000416177 0.00276564 0.0125722 0.0391169 0.0833431 0.121644 0.121656 0.0834011 0.039313 0.0131452 0.00422816 0.00368909 0.00649325 0.0112773 0.0176591 0.0251518 0.0331767 0.0412917 0.0491392 0.0560827 0.06095 0.0623121 0.0592284 0.0519044
 1.21258e-16 3.99909e-05 0.000388725 0.00258322 0.011743 0.0365368 0.0778465 0.113625 0.113651 0.0779734 0.036963 0.0129754 0.0056823 0.00717333 0.012985 0.0215702 0.0314876 0.0405494 0.0466312 0.0489574 0.0486293 0.0478337 0.048314 0.0502854 0.0524832 0.0530926
 1.16489e-16 5.22793e-05 0.000508173 0.00337699 0.0153513 0.0477637 0.101766 0.148535 0.148552 0.101851 0.0480486 0.0161758 0.00545316 0.00506269 0.00876845 0.0145904 0.0214377 0.0278775 0.0325045 0.034744 0.0351883 0.0351069 0.0355185 0.0365661 0.0375802 0.0376209
 1.06976e-16 6.32206e-05 0.000614527 0.00408375 0.0185641 0.05776 0.123064 0.179619 0.179633 0.123134 0.0579951 0.0192439 0.00579219 0.00435139 0.00718227 0.0118332 0.0171846 0.0219268 0.0247822 0.0251989 0.0236809 0.0214174 0.0195072 0.0183865 0.0178007 0.0171807
 1.04543e-16 5.85055e-05 0.000568695 0.00377918 0.0171796 0.0534522 0.113886 0.166225 0.166247 0.113992 0.0538058 0.0182011 0.00634419 0.00617162 0.0107099 0.0176409 0.0254737 0.0321791 0.0357317 0.0352087 0.0313331 0.0259605 0.0209353 0.0172098 0.0147411 0.0129657
 1.0273e-16 6.7254e-05 0.000653733 0.00434428 0.0197485 0.0614449 0.130915 0.191078 0.19109 0.130977 0.0616522 0.0203476 0.00584987 0.00394631 0.00633769 0.0104162 0.015104 0.0192153 0.0215842 0.0216673 0.0198443 0.0171146 0.0144485 0.0123134 0.0106534 0.00918618
 1.04436e-16 4.59133e-05 0.000446293 0.00296578 0.013482 0.0419478 0.0893754 0.130453 0.130488 0.089546 0.0425207 0.0151372 0.007121 0.00951919 0.017283 0.0285157 0.0411119 0.0517818 0.0571997 0.0558324 0.0488409 0.0392652 0.0301756 0.0232354 0.0185089 0.0152005
 1.09332e-16 4.38263e-05 0.000426007 0.00283097 0.0128692 0.040041 0.0853125 0.124521 0.124547 0.085438 0.0404629 0.0140906 0.00590684 0.00717399 0.0129573 0.0216072 0.0317186 0.0411353 0.0476515 0.0502022 0.0493786 0.0467815 0.0437894 0.0407896 0.0373552 0.0329692
 1.10964e-16 5.29302e-05 0.000514501 0.00341904 0.0155425 0.0483585 0.103033 0.150384 0.150403 0.103124 0.0486625 0.0164222 0.0056336 0.00537014 0.00933791 0.015522 0.022757 0.0294814 0.0341481 0.0360846 0.0358592 0.034772 0.0338876 0.033399 0.0327267 0.0311042
 1.05566e-16 6.5443e-05 0.000636129 0.0042273 0.0192167 0.0597904 0.12739 0.185932 0.185945 0.127453 0.0600014 0.0198267 0.00576034 0.00398949 0.00645422 0.0106206 0.0154232 0.0196781 0.0222327 0.0225812 0.0211606 0.0190217 0.0171418 0.0159193 0.0151535 0.0143781
 1.01764e-16 7.15285e-05 0.000695283 0.0046204 0.0210037 0.0653503 0.139236 0.203221 0.203231 0.139286 0.0655165 0.0214839 0.0058262 0.00332842 0.00507489 0.00828355 0.0119427 0.0150551 0.0166578 0.0163118 0.0143593 0.0116847 0.00917522 0.0073026 0.00606704 0.00521509
 1.01334e-16 6.55576e-05 0.000637243 0.00423471 0.0192504 0.0598951 0.127614 0.186259 0.186276 0.127697 0.0601754 0.0200599 0.00626653 0.00507163 0.008484 0.0139134 0.0200158 0.0251262 0.0275926 0.0266509 0.0228751 0.0177855 0.0129431 0.00923269 0.00674732 0.00513066
 1.02092e-16 6.14521e-05 0.000597336 0.00396951 0.0180448 0.0561442 0.119622 0.174596 0.174615 0.119718 0.0564657 0.0189737 0.00630211 0.00569305 0.00974972 0.0160483 0.0231749 0.0292715 0.0324784 0.0319234 0.028217 0.0229981 0.0179187 0.0138707 0.0109038 0.00864269
 1.03346e-16 5.83051e-05 0.000566746 0.00376623 0.0171207 0.0532691 0.113496 0.165655 0.165677 0.1136 0.0536164 0.0181245 0.00628795 0.00607879 0.0105475 0.0173993 0.0251857 0.0319368 0.0356758 0.035478 0.0319897 0.0269274 0.021986 0.0180256 0.015016 0.0125155
 1.02904e-16 6.58688e-05 0.000640268 0.00425481 0.0193417 0.0601794 0.128219 0.187142 0.187156 0.128287 0.0604067 0.0199985 0.00590524 0.00424928 0.00693802 0.0114129 0.0165451 0.021039 0.0236158 0.0236818 0.0216574 0.0186447 0.0157128 0.0133748 0.0115651 0.00996607
 1.00478e-16 7.87418e-05 0.000765398 0.00508634 0.0231218 0.0719404 0.153277 0.223713 0.223716 0.153293 0.0719964 0.0232835 0.00549244 0.00165228 0.00176415 0.00279466 0.00402474 0.00507504 0.00561745 0.00550246 0.0048425 0.00393169 0.0030657 0.00240265 0.0019458 0.00161686
 1.01304e-16 3.5063e-05 0.000340825 0.0022649 0.010296 0.0320348 0.0682556 0.0996321 0.0996849 0.0685138 0.0329017 0.0127986 0.00854213 0.0140286 0.0259852 0.0427838 0.0613475 0.0765545 0.0832084 0.0789131 0.065532 0.0479991 0.0314735 0.01902 0.0111331 0.00672071
 1.01459e-16 7.59461e-05 0.000738223 0.00490575 0.0223008 0.0693862 0.147835 0.21577 0.215773 0.147851 0.0694402 0.0224577 0.00530227 0.00161309 0.00176452 0.00286718 0.00428581 0.00572694 0.00693398 0.00776759 0.00824658 0.00846316 0.00845411 0.00815535 0.00747587 0.00641021
 1.01976e-16 5.40434e-05 0.000525321 0.00349094 0.0158693 0.0493756 0.105201 0.15355 0.153581 0.10535 0.0498764 0.0173151 0.00711758 0.00843434 0.0150515 0.0247374 0.0354904 0.0443412 0.0483094 0.046037 0.0386207 0.0289118 0.0198591 0.0131654 0.00902351 0.00671147
 1.04372e-16 5.44578e-05 0.000529349 0.00351771 0.015991 0.0497541 0.106007 0.154725 0.154747 0.106113 0.05011 0.0170203 0.00610687 0.00619955 0.0108759 0.0180305 0.0262849 0.0337086 0.0383416 0.0392316 0.0369208 0.0329303 0.0287037 0.0248864 0.0213733 0.0178367
 1.03939e-16 6.49506e-05 0.000631343 0.00419549 0.0190721 0.0593405 0.126432 0.184534 0.184547 0.126498 0.0595637 0.0197173 0.00581742 0.00418004 0.00682831 0.0112486 0.0163466 0.0208731 0.0235998 0.0239656 0.0223877 0.019922 0.0175576 0.0157117 0.0142299 0.0127355
 1.02728e-16 6.4996e-05 0.000631784 0.00419843 0.0190855 0.059382 0.12652 0.184663 0.184679 0.126599 0.0596458 0.0198477 0.00611224 0.00481159 0.00800897 0.013153 0.0189781 0.0239454 0.0265333 0.0260455 0.0230183 0.0188405 0.0149008 0.0119305 0.00992246 0.00848137
 1.06602e-16 2.9877e-05 0.000290415 0.00192991 0.00877313 0.0272967 0.0581603 0.0848969 0.0849456 0.0583981 0.0280953 0.0110805 0.00772442 0.0129484 0.0240949 0.039852 0.057558 0.072699 0.0806748 0.0793433 0.0702561 0.0575215 0.045263 0.0356777 0.0288233 0.0236667
 1.06337e-16 6.48627e-05 0.000630488 0.00418982 0.0190463 0.0592602 0.12626 0.184282 0.18429 0.126298 0.059386 0.0194117 0.00511454 0.00267436 0.00402057 0.00673799 0.0101538 0.0137205 0.0169044 0.019434 0.0213775 0.0229193 0.0240444 0.0244392 0.0236986 0.0216417
 1.05744e-16 5.58216e-05 0.000542606 0.00360581 0.0163915 0.0510001 0.108662 0.158601 0.158625 0.108782 0.051402 0.0175521 0.00651887 0.00690157 0.0121325 0.0199705 0.0287722 0.0362163 0.0399942 0.0390866 0.0343931 0.0281357 0.0225143 0.0186502 0.0164308 0.0150636
 1.08742e-16 4.05981e-05 0.000394628 0.00262245 0.0119213 0.0370917 0.079029 0.115352 0.115385 0.079192 0.0376391 0.013504 0.00660138 0.00910105 0.0166355 0.027594 0.0401122 0.0512085 0.0578484 0.0586076 0.0544513 0.0479301 0.0414872 0.0362464 0.0319993 0.0280047
 1.06196e-16 6.45655e-05 0.000627599 0.00417062 0.018959 0.0589886 0.125682 0.183439 0.183449 0.125733 0.0591597 0.0194545 0.00541935 0.00337024 0.00532258 0.0088269 0.0130156 0.0170166 0.0199813 0.021522 0.0218977 0.0217288 0.0214853 0.0211814 0.0204784 0.0190269
 1.04292e-16 6.10315e-05 0.000593248 0.00394234 0.0179213 0.05576 0.118803 0.173401 0.173421 0.118899 0.0560817 0.0188506 0.00627512 0.00568678 0.00973802 0.0160124 0.0230875 0.0290978 0.0321941 0.0315478 0.0278518 0.0228481 0.0182673 0.015002 0.0129927 0.011664
 1.08229e-16 3.2242e-05 0.000313404 0.00208268 0.00946759 0.0294574 0.0627638 0.0916147 0.0916583 0.062977 0.0301736 0.0115373 0.00728263 0.0116801 0.0216644 0.0358813 0.0519579 0.0659093 0.0736731 0.073353 0.0662917 0.0560381 0.046092 0.0382235 0.0323511 0.0275239
 1.16581e-16 3.84943e-05 0.000374178 0.00248655 0.0113035 0.0351695 0.074933 0.109371 0.109392 0.0750334 0.0355076 0.0122847 0.00496648 0.00584465 0.010595 0.0178936 0.0268034 0.0358768 0.0436234 0.0493231 0.0532875 0.0562626 0.0585139 0.0594429 0.0580297 0.0536433
 1.06217e-16 7.07761e-05 0.000687969 0.0045718 0.0207827 0.0646628 0.137771 0.201082 0.201089 0.137803 0.0647682 0.0210878 0.0053399 0.00237272 0.00329453 0.00539979 0.00793086 0.0103233 0.0120691 0.0129783 0.0132949 0.0135002 0.0139513 0.0146408 0.0152322 0.0152948
pSPR Fmed_Fpbrs
0.608457   0.220123 0.220123
Fs Fmed_Fpbrs
0.276884   1.005 1.005
SSBpbr Bo_Bmed_Bpbrs
1.80526e+06  1.00816e+06  307116 307116
Ro
161961
SPR SPRFo_SPRFmed_SPRFpbrs
1.15768e+06 704401 254833
Fref
1.005
Nvult_r0
 193389 15907.8 7062.06 8102.32 2815.24
CTP_r0
 27836.9 2884.98 1280.75 1469.4 510.56
YTP_r0
391291
Np
 226512 87268.5 6649.37 2951.9 4385.05
Nvult_p0
 187651 75516.9 5753.96 2554.39 3794.55
CTP_p0
 81200.8 37852.6 2884.16 1280.38 1902.01
YTP_p0
 1.39069e+06
CBA_c0
691109
log_Ro
11.8151
likeval ReclasPelacesDesembMPH_pf_preclas_ppelaces_ptallas_desvR_qrecl_qpela
 12.224 18.7126 0.0342984 0.00257653 240.993 118.067 98.6612 0 26.1717 4.41435e-08 0 0.174326 0 0 0
q_reclas_q_pelaces
0.970666 1
M
1
N
 185093 43086.2 124996 8216.49 0.262636
 103779 60638.6 13605.4 39470.3 2594.61
 103939 30867.8 16859.3 3782.69 11695.3
 146931 31033.8 8625.43 4711.01 4325.02
 118304 38408.1 7278.29 2022.91 2119.2
 226809 38528.9 12033.9 2280.42 1297.8
 88987.2 66375 10485.4 3274.95 973.785
 38173.4 19394 12250.6 1935.25 784.173
 39600.1 12852.6 6348.68 4010.25 890.207
 55016.4 10348.5 3013.13 1488.36 1148.85
 104530 12971.8 2118.58 616.855 539.896
 141253 34937.4 4205.54 686.858 375.027
 116633 34977.3 7629.44 918.384 231.889
 81184.3 29656.3 7909.59 1725.28 260.117
 79160.3 15916 4760.93 1269.78 318.73
 465131 18761 3280.61 981.325 327.424
 90582.3 123425 4487.83 784.754 313.066
 709048 27134.4 34637.6 1259.45 308.089
 405719 211880 7590.45 9689.36 438.497
 307692 111565 53120.4 1903 2539.15
 461785 86801.5 28929 13774.2 1151.85
 613274 138623 24427.8 8141.23 4200.5
 120606 174538 36364.8 6408.1 3237.59
 373766 38118.1 52567.2 10952.3 2905.07
 308886 120083 11731 16177.8 4264.66
 137832 99188.1 36931.3 3607.86 6287.05
 321204 45387.5 31533.3 11741 3145.73
 364512 103109 13952.7 9693.74 4576.36
 100853 119621 32631.7 4415.72 4516.17
 71637.3 33412.6 38334.3 10457.3 2862.36
 280657 22557.2 10014 11489 3991.99
pred_Ctot
 12929.1 3906.19 11332.2 744.905 0.0238106
 12780.5 9577.55 2148.9 6234.12 409.806
 12589.6 4797.38 2620.21 587.893 1817.64
 27637.7 7374.43 2049.63 1119.46 1027.74
 8664.78 3648.34 691.355 192.153 201.3
 29871.1 6495.26 2028.7 384.436 218.784
 23914.2 22093.3 3490.12 1090.09 324.13
 2060.64 1363.5 861.275 136.057 55.1312
 7454.38 3056.3 1509.69 953.621 211.688
 12945.1 3041.16 885.478 437.391 337.616
 6090.98 983.519 160.63 46.7699 40.935
 30139.2 9360.38 1126.74 184.022 100.477
 23459.9 8860.19 1932.64 232.638 58.7405
 25211.6 11285.6 3009.97 656.553 98.9869
 18446.3 4634.73 1386.38 369.76 92.8141
 84143.4 4294.84 751.008 224.648 74.955
 10814.1 18914 687.73 120.258 47.9753
 85571.4 4202.25 5364.25 195.049 47.7132
 66313.4 44004.3 1576.42 2012.33 91.0691
 46339.4 21413.6 10195.8 365.258 487.36
 54608 13179.3 4392.36 2091.36 174.888
 89609 25841.1 4553.65 1517.63 783.026
 10874.1 20333 4236.34 746.516 377.165
 30262 3995.8 5510.46 1148.09 304.53
 25097.5 12631.6 1234 1701.76 448.604
 9220.91 8617.93 3208.76 313.468 546.249
 26159 4785.27 3324.6 1237.87 331.659
 25106.7 9219.45 1247.58 866.763 409.194
 6393.42 9856.1 2688.67 363.831 372.107
 6607.15 3979.91 4566.16 1245.61 340.948
 27836.9 2884.98 1280.75 1469.4 510.56
F
 0.115929 0.152737 0.152737 0.152737 0.152737
 0.212547 0.280031 0.280031 0.280031 0.280031
 0.208728 0.275 0.275 0.275 0.275
 0.341692 0.45018 0.45018 0.45018 0.45018
 0.12185 0.160537 0.160537 0.160537 0.160537
 0.228788 0.301428 0.301428 0.301428 0.301428
 0.523526 0.689747 0.689747 0.689747 0.689747
 0.0885911 0.116719 0.116719 0.116719 0.116719
 0.341988 0.450569 0.450569 0.450569 0.450569
 0.444857 0.5861 0.5861 0.5861 0.5861
 0.0959182 0.126372 0.126372 0.126372 0.126372
 0.395856 0.521541 0.521541 0.521541 0.521541
 0.369353 0.486623 0.486623 0.486623 0.486623
 0.629397 0.829232 0.829232 0.829232 0.829232
 0.439692 0.579295 0.579295 0.579295 0.579295
 0.32669 0.430415 0.430415 0.430415 0.430415
 0.205458 0.270692 0.270692 0.270692 0.270692
 0.207901 0.273911 0.273911 0.273911 0.273911
 0.291051 0.383461 0.383461 0.383461 0.383461
 0.265477 0.349766 0.349766 0.349766 0.349766
 0.203341 0.267902 0.267902 0.267902 0.267902
 0.256666 0.338158 0.338158 0.338158 0.338158
 0.151842 0.200052 0.200052 0.200052 0.200052
 0.135448 0.178453 0.178453 0.178453 0.178453
 0.135956 0.179122 0.179122 0.179122 0.179122
 0.110797 0.145975 0.145975 0.145975 0.145975
 0.136291 0.179563 0.179563 0.179563 0.179563
 0.114233 0.150503 0.150503 0.150503 0.150503
 0.10473 0.137982 0.137982 0.137982 0.137982
 0.155562 0.204953 0.204953 0.204953 0.204953
 0.168146 0.221532 0.221532 0.221532 0.221532
YTP_r0W_actual
 236613 47025.2 37013.6 51135.3 19503.4
YTP_p0W_proyectada
 610630 610184 67431.6 37771.2 64668.3
CTP_r0_actual
 27836.9 2884.98 1280.75 1469.4 510.56
CTP_p0_proyectada
 81200.8 37852.6 2884.16 1280.38 1902.01
Wmedp
 7.52 16.12 23.38 29.5 34
Frms_r0
 0.168146 0.221532 0.221532 0.221532 0.221532
Zrms_r0
 1.16815 1.22153 1.22153 1.22153 1.22153
nmprior
 8.19 8.8 8.5 0
nm_flota  nm_reclas  nm_pelaces    nm_pelaL
inf 13.1918 17.2152 40.4282
cv_recla  cv_pelaces  cv_mph
0.31625 0.4905 1.56647
 ------------------------------------------------
Talla a la edad & desviaci?n 
 8 13.2811 15.8009 17.003 17.5766
 0.8 1.32811 1.58009 1.7003 1.75766
