years
 1991 1992 1993 1994 1995 1996 1997 1998 1999 2000 2001 2002 2003 2004 2005 2006 2007 2008 2009 2010 2011 2012 2013 2014 2015 2016 2017 2018 2019 2020 2021
reclasobs
 0 0 0 0 0 0 0 0 0 252601 567819 844713 477998 351125 339783 2.1784e+06 2.13404e+06 4.81314e+06 1.55562e+06 2.62356e+06 3.21686e+06 3.843e+06 1.13348e+06 3.07943e+06 1.97215e+06 2.03268e+06 2.025e+06 2.42433e+06 2.27542e+06 1.05018e+06 2.36338e+06
reclaspred
 3.37507e+06 1.92181e+06 979369 1.03855e+06 1.07567e+06 1.64792e+06 1.11863e+06 1.00541e+06 728184 531308 538386 659009 653314 529723 537642 1.2385e+06 1.25903e+06 2.65683e+06 2.21423e+06 1.66121e+06 2.94563e+06 2.39905e+06 1.95335e+06 3.00378e+06 2.26192e+06 2.00866e+06 2.33873e+06 2.4281e+06 2.02305e+06 1.32796e+06 1.96791e+06
pelacesobs
 0 0 0 0 0 0 0 0 0 0 0 0 0 0 0 552880 188675 0 991730 2.46772e+06 1.41603e+06 1.21717e+06 2.29649e+06 1.80582e+06 0 1.4828e+06 1.56532e+06 1.57751e+06 1.42118e+06 867257 1.10002e+06
pelacespred
 2.19376e+06 1.40065e+06 721485 597323 638118 991791 679561 703258 511375 355934 358362 367905 397906 343591 350176 652167 695669 1.59768e+06 1.43759e+06 1.01741e+06 1.67532e+06 1.52334e+06 1.25049e+06 2.01077e+06 1.52395e+06 1.34325e+06 1.72077e+06 1.76412e+06 1.26932e+06 945127 1.3107e+06
mphobs
 0 0 0 0 0 0 0 0 0 0 0 498337 0 5186 125008 0 168611 109162 213762 579715 649985 157893 87575 83554 0 0 0 0 0 0 0
mphpred
 504738 339260 172823 94552.7 113032 129946 170028 116171 100576 70591.7 46591.8 62408.7 66297.1 57593.4 41673.2 51536.9 142128 143294 260992 202334 216723 267258 254863 214997 298161 245374 203353 212662 288604 201937 132670
desembarqueobs
 494567 514787 250237 358949 120608 361735 552515 73892 212993 205616 52469 317467 293654 387597 252695 516296 358380 742168 942051 627588 828172 859565 418607 520667 417249 300574 415391 372974 316634 284311 391294
desembarquepred
 494583 513153 251115 358926 120603 361676 552526 73888.3 213009 205636 52460.4 317489 293679 387615 252653 516139 358398 741953 941849 627468 828138 859510 418618 520577 417225 300558 415309 372883 316632 284309 391194
Reclutas
 229961 131998 130924 260236 208701 332985 140674 67084.9 59371.9 75764.8 134662 171791 145346 102544 104980 518607 129786 792213 476411 358204 541536 726021 161184 468086 388096 179167 388493 428414 136045 102156 375947
log_desv_Rt
 0.0709658 -0.484155 -0.492325 0.194644 -0.0260416 0.441154 -0.4205 -1.16099 -1.28312 -1.03931 -0.464174 -0.220664 -0.387827 -0.736655 -0.713175 0.884202 -0.50106 1.30789 0.799335 0.514158 0.927465 1.22063 -0.284401 0.781706 0.594307 -0.178629 0.595329 0.693145 -0.45396 -0.740448 0.562504
SSB
 4.20147e+06 2.82402e+06 1.43859e+06 787063 940882 1.08168e+06 1.41532e+06 967018 837201 587610 387833 519493 551861 479411 346890 428996 1.18309e+06 1.19279e+06 2.17251e+06 1.68424e+06 1.80402e+06 2.22467e+06 2.1215e+06 1.78965e+06 2.48191e+06 2.04251e+06 1.69273e+06 1.77021e+06 2.40236e+06 1.68093e+06 1.10436e+06
BT
 5.56277e+06 3.79473e+06 1.94587e+06 1.76771e+06 1.6401e+06 2.76726e+06 2.1186e+06 1.76819e+06 1.44279e+06 1.06095e+06 931715 1.1764e+06 1.24826e+06 1.25663e+06 1.13336e+06 2.085e+06 1.96539e+06 4.69499e+06 4.43741e+06 3.02986e+06 4.84024e+06 4.5349e+06 3.37178e+06 5.51373e+06 4.06068e+06 3.51271e+06 4.7088e+06 4.77154e+06 3.27632e+06 2.52062e+06 3.65781e+06
Ftot
 0.101087 0.181981 0.175893 0.247809 0.0799375 0.159273 0.336757 0.0520629 0.20554 0.269984 0.0719665 0.341255 0.317943 0.511847 0.342237 0.311711 0.198935 0.207128 0.299685 0.266905 0.202391 0.256037 0.149194 0.127668 0.130522 0.1055 0.130045 0.113327 0.107686 0.148608 0.147592
BD_Bspro_t
 0.983956 0.880421 0.750988 0.67569 0.683523 0.748828 0.741245 0.615993 0.664636 0.630156 0.599158 0.743448 0.635583 0.554547 0.459214 0.512219 0.645508 0.634704 0.706509 0.620979 0.593524 0.639875 0.655234 0.653672 0.748354 0.755378 0.762949 0.790229 0.824105 0.771512 0.721485
BD_Bspro
 2.74402 1.84439 0.939556 0.514037 0.614498 0.706452 0.924361 0.631568 0.546783 0.383773 0.253297 0.339286 0.360425 0.313107 0.226557 0.280181 0.772683 0.779022 1.41889 1.09999 1.17822 1.45295 1.38557 1.16884 1.62095 1.33398 1.10553 1.15614 1.569 1.09783 0.721264
BD_Bo
 1.89298 1.27237 0.648159 0.354612 0.423916 0.487351 0.637676 0.435691 0.377202 0.264748 0.174739 0.234059 0.248642 0.215999 0.156292 0.193285 0.533041 0.537414 0.978828 0.758838 0.812803 1.00233 0.955843 0.80633 1.11823 0.920256 0.76266 0.79757 1.08239 0.757348 0.497569
BD_Brms
 12.6308 8.48982 4.32482 2.36614 2.82856 3.25183 4.25487 2.90713 2.51687 1.76652 1.16594 1.56175 1.65905 1.44125 1.04285 1.28969 3.5567 3.58587 6.53119 5.06332 5.4234 6.688 6.37783 5.38021 7.46133 6.14038 5.08882 5.32176 7.22218 5.05338 3.32001
Sel_flota
 0.855055 1 1 1 1
 0.855055 1 1 1 1
 0.855055 1 1 1 1
 0.855055 1 1 1 1
 0.855055 1 1 1 1
 0.855055 1 1 1 1
 0.855055 1 1 1 1
 0.855055 1 1 1 1
 0.855055 1 1 1 1
 0.855055 1 1 1 1
 0.855055 1 1 1 1
 0.855055 1 1 1 1
 0.855055 1 1 1 1
 0.855055 1 1 1 1
 0.855055 1 1 1 1
 0.855055 1 1 1 1
 0.855055 1 1 1 1
 0.855055 1 1 1 1
 0.855055 1 1 1 1
 0.855055 1 1 1 1
 0.855055 1 1 1 1
 0.855055 1 1 1 1
 0.855055 1 1 1 1
 0.855055 1 1 1 1
 0.855055 1 1 1 1
 0.855055 1 1 1 1
 0.855055 1 1 1 1
 0.855055 1 1 1 1
 0.855055 1 1 1 1
 0.855055 1 1 1 1
 0.855055 1 1 1 1
Sel_reclas
 1 1 1 1 1
 1 1 1 1 1
 1 1 1 1 1
 1 1 1 1 1
 1 1 1 1 1
 1 1 1 1 1
 1 1 1 1 1
 1 1 1 1 1
 1 1 1 1 1
 1 1 1 1 1
 1 1 1 1 1
 1 1 1 1 1
 1 1 1 1 1
 1 1 1 1 1
 1 1 1 1 1
 1 1 1 1 1
 1 1 1 1 1
 1 1 1 1 1
 1 1 1 1 1
 1 1 1 1 1
 1 1 1 1 1
 1 1 1 1 1
 1 1 1 1 1
 1 1 1 1 1
 1 1 1 1 1
 1 1 1 1 1
 1 1 1 1 1
 1 1 1 1 1
 1 1 1 1 1
 1 1 1 1 1
 1 1 1 1 1
Sel_pelaces
 0.877087 0.975985 0.995698 0.999242 0.999867
 0.877087 0.975985 0.995698 0.999242 0.999867
 0.877087 0.975985 0.995698 0.999242 0.999867
 0.877087 0.975985 0.995698 0.999242 0.999867
 0.877087 0.975985 0.995698 0.999242 0.999867
 0.877087 0.975985 0.995698 0.999242 0.999867
 0.877087 0.975985 0.995698 0.999242 0.999867
 0.877087 0.975985 0.995698 0.999242 0.999867
 0.877087 0.975985 0.995698 0.999242 0.999867
 0.877087 0.975985 0.995698 0.999242 0.999867
 0.877087 0.975985 0.995698 0.999242 0.999867
 0.877087 0.975985 0.995698 0.999242 0.999867
 0.877087 0.975985 0.995698 0.999242 0.999867
 0.877087 0.975985 0.995698 0.999242 0.999867
 0.877087 0.975985 0.995698 0.999242 0.999867
 0.877087 0.975985 0.995698 0.999242 0.999867
 0.877087 0.975985 0.995698 0.999242 0.999867
 0.877087 0.975985 0.995698 0.999242 0.999867
 0.877087 0.975985 0.995698 0.999242 0.999867
 0.877087 0.975985 0.995698 0.999242 0.999867
 0.877087 0.975985 0.995698 0.999242 0.999867
 0.877087 0.975985 0.995698 0.999242 0.999867
 0.877087 0.975985 0.995698 0.999242 0.999867
 0.877087 0.975985 0.995698 0.999242 0.999867
 0.877087 0.975985 0.995698 0.999242 0.999867
 0.877087 0.975985 0.995698 0.999242 0.999867
 0.877087 0.975985 0.995698 0.999242 0.999867
 0.877087 0.975985 0.995698 0.999242 0.999867
 0.877087 0.975985 0.995698 0.999242 0.999867
 0.877087 0.975985 0.995698 0.999242 0.999867
 0.877087 0.975985 0.995698 0.999242 0.999867
pf_obs 
 0.8446 0.082 0.0669 0.0065 0
 0.8095 0.147 0.0364 0.0071 0
 0.9664 0.0169 0.016 0.0007 0
 0.9276 0.0648 0.0075 0.0001 0
 0.7033 0.2144 0.0806 0.0017 0
 0.9318 0.0425 0.0243 0.0014 0
 0.5671 0.3108 0.0964 0.0239 0.0018
 0.0768 0.2599 0.5324 0.112 0.0189
 0.490249 0.384438 0.106611 0.0170017 0.00170017
 0.7925 0.1577 0.0466 0.003 0.0002
 0.840416 0.127587 0.0312969 0.00059994 9.999e-05
 0.8084 0.0986 0.0794 0.0134 0.0002
 0.7335 0.1905 0.0724 0.0035 0.0001
 0.4001 0.4547 0.1325 0.0127 0
 0.49795 0.308269 0.164784 0.0264974 0.00249975
 0.9179 0.0499 0.0305 0.0017 0
 0.2467 0.6533 0.0926 0.0074 0
 0.9418 0.0223 0.034 0.0019 0
 0.707729 0.231977 0.0356964 0.0245975 0
 0.517169 0.277429 0.184464 0.0207286 0.00020938
 0.811772 0.124168 0.05621 0.00726502 0.000585176
 0.764997 0.148141 0.077277 0.00933861 0.000247198
 0.163321 0.427699 0.378323 0.0303852 0.000271297
 0.753843 0.0900009 0.118128 0.0371064 0.000921714
 0.721811 0.176058 0.0630433 0.0369309 0.00215725
 0.143369 0.312575 0.442814 0.0836902 0.0175525
 0.692698 0.0596174 0.167031 0.0765114 0.00414204
 0.394062 0.376323 0.152708 0.0712218 0.00568511
 0.125707 0.32114 0.495352 0.0537591 0.00404204
 0.23352 0.215282 0.420074 0.123614 0.00750983
 0.774587 0.0839891 0.0768558 0.0609784 0.00358967
pf_pred 
 0.434472 0.111132 0.430352 0.0240221 2.10569e-05
 0.411406 0.279829 0.0606755 0.234962 0.013127
 0.552501 0.203015 0.116232 0.0252027 0.103049
 0.764063 0.140261 0.0434051 0.0248507 0.0274204
 0.647837 0.279849 0.0429898 0.0133036 0.016021
 0.73278 0.182821 0.0670685 0.0103029 0.00702794
 0.467294 0.407402 0.0857271 0.0314493 0.00812669
 0.43243 0.291612 0.211047 0.0444093 0.0205016
 0.506911 0.232884 0.133691 0.0967556 0.0297587
 0.664036 0.184892 0.0713504 0.04096 0.0387612
 0.786047 0.150402 0.0349745 0.0134967 0.0150802
 0.723087 0.224892 0.036569 0.00850374 0.00694823
 0.670468 0.250068 0.064536 0.010494 0.00443417
 0.61113 0.276049 0.0856152 0.0220951 0.00511093
 0.712091 0.189455 0.0698905 0.0216762 0.00688806
 0.921435 0.0588297 0.0129864 0.00479074 0.00195798
 0.4177 0.543728 0.0288832 0.00637585 0.00331337
 0.886859 0.0520984 0.0569989 0.00302782 0.00101572
 0.605252 0.356546 0.0175911 0.0192458 0.00136531
 0.597731 0.260666 0.127899 0.00631026 0.00739358
 0.740902 0.165853 0.0604216 0.0296467 0.00317651
 0.743998 0.197864 0.0372153 0.0135578 0.00736511
 0.334751 0.516606 0.114886 0.0216084 0.0121485
 0.742639 0.0961164 0.125216 0.0278465 0.00818211
 0.62618 0.289089 0.0316442 0.0412247 0.0118616
 0.445149 0.368727 0.143937 0.0157556 0.0264316
 0.729959 0.13133 0.0921808 0.0359839 0.0105467
 0.687183 0.23828 0.0362497 0.0254438 0.0128434
 0.371348 0.453743 0.133232 0.0202687 0.0214079
 0.442291 0.229109 0.237174 0.0696412 0.0217846
 0.825959 0.0843017 0.0368654 0.0381631 0.0147111
pobs_RECLAS
 0 0 0 0 0
 0 0 0 0 0
 0 0 0 0 0
 0 0 0 0 0
 0 0 0 0 0
 0 0 0 0 0
 0 0 0 0 0
 0 0 0 0 0
 0 0 0 0 0
 0 0 0 0 0
 0.991045 0.00858322 0.000360255 1.14367e-05 0
 0.934742 0.0480273 0.0164251 0.00080598 0
 0.827803 0.169806 0.00239088 0 0
 0.941827 0.0461693 0.0120037 0 0
 0.791401 0.0380133 0.147996 0.0225897 0
 0.846168 0.0940531 0.0597789 0 0
 0.134021 0.677848 0.182769 0.00536245 0
 0.80878 0.0450904 0.141981 0.00414843 0
 0.846168 0.0940531 0.0597789 0 0
 0.905697 0.0802665 0.012482 0.00150086 5.37128e-05
 0.989698 0.0102097 9.19794e-05 0 0
 0.975433 0.0193895 0.00387452 0.00125025 5.28907e-05
 0.303575 0.632131 0.0575291 0.00676475 0
 0.966965 0.00978017 0.0227588 0.000495775 0
 0.843318 0.132988 0.00938335 0.0141283 0.000182051
 0.564624 0.303363 0.111486 0.0197234 0.00080311
 0.826376 0.0876187 0.0782897 0.00655872 0.00115652
 0.89761 0.0855135 0.0140674 0.00269457 0.000114338
 0.34875 0.467042 0.161289 0.0227151 0.000203297
 0.318654 0.224769 0.449479 0.00709798 0
 0.937255 0.0296025 0.0250945 0.00804832 0
ppred_RECLAS
 0.473593 0.103445 0.400583 0.0223603 1.96003e-05
 0.4504 0.261291 0.0566558 0.219396 0.0122573
 0.591408 0.185365 0.106127 0.0230115 0.0940892
 0.79171 0.123825 0.0383188 0.0219386 0.0242072
 0.682905 0.251982 0.038709 0.0119789 0.0144257
 0.762697 0.162353 0.0595597 0.00914946 0.00624111
 0.507692 0.376507 0.079226 0.0290644 0.0075104
 0.471355 0.271613 0.196573 0.0413636 0.0190956
 0.546645 0.214117 0.122918 0.0889589 0.0273607
 0.698865 0.165725 0.0639537 0.0367138 0.0347429
 0.811342 0.13262 0.0308394 0.011901 0.0132972
 0.754303 0.19954 0.0324467 0.00754514 0.00616498
 0.705106 0.223783 0.0577525 0.00939097 0.00396809
 0.64964 0.248711 0.0771367 0.019907 0.00460479
 0.74411 0.168384 0.0621176 0.0192655 0.00612201
 0.932348 0.0506585 0.0111827 0.00412532 0.00168602
 0.456894 0.50713 0.0269391 0.00594669 0.00309034
 0.901904 0.0451708 0.0494197 0.00262521 0.000880657
 0.643019 0.322434 0.0159081 0.0174045 0.00123469
 0.635649 0.236095 0.115844 0.00571545 0.00669665
 0.770315 0.147026 0.0535625 0.0262813 0.00281592
 0.773324 0.175198 0.0329521 0.0120047 0.00652141
 0.370942 0.488501 0.108636 0.0204329 0.0114876
 0.771713 0.0852581 0.111071 0.0247007 0.00725778
 0.662439 0.261049 0.0285748 0.0372261 0.0107111
 0.484423 0.342628 0.133749 0.0146403 0.0245607
 0.760009 0.116715 0.081923 0.0319796 0.00937305
 0.720119 0.213192 0.032433 0.0227648 0.0114911
 0.408917 0.426627 0.12527 0.0190574 0.0201286
 0.481688 0.212925 0.22042 0.0647217 0.0202457
 0.84759 0.0738238 0.0322834 0.0334198 0.0128827
pobs_PELACES
 0 0 0 0 0
 0 0 0 0 0
 0 0 0 0 0
 0 0 0 0 0
 0 0 0 0 0
 0 0 0 0 0
 0 0 0 0 0
 0 0 0 0 0
 0 0 0 0 0
 0 0 0 0 0
 0 0 0 0 0
 0 0 0 0 0
 0 0 0 0 0
 0 0 0 0 0
 0 0 0 0 0
 0 0 0 0 0
 0.505614 0.472636 0.0217494 0 0
 0 0 0 0 0
 0.443492 0.261883 0.143347 0.151278 0
 0.227955 0.32914 0.350689 0.0885471 0.00366901
 0.970185 0.0296113 0.000203453 0 0
 0.997202 0.00247181 0.000326279 0 0
 0.445219 0.490057 0.0546422 0.010081 0
 0.90214 0.0892962 0.00764917 0.000914606 0
 0 0 0 0 0
 0.581667 0.319106 0.0959925 0.00289975 0.000334073
 0.762889 0.0836404 0.116647 0.0363945 0.000428098
 0.88444 0.0763242 0.0277011 0.0115352 0
 0.521256 0.241999 0.230069 0.00667565 0
 0.616807 0.101726 0.260614 0.0208532 0
 0.833518 0.0704572 0.0857862 0.0102388 0
ppred_PELACES
 0.444237 0.107453 0.424509 0.0237802 2.0858e-05
 0.423296 0.270888 0.0599232 0.232875 0.0130185
 0.564443 0.195212 0.114022 0.0248114 0.101512
 0.774037 0.133124 0.0420286 0.0241482 0.026662
 0.659185 0.269623 0.0422556 0.0131229 0.0158133
 0.743013 0.174661 0.0653693 0.0100777 0.00687856
 0.483761 0.392833 0.084331 0.0310473 0.00802781
 0.442934 0.283309 0.209179 0.0441729 0.0204052
 0.519628 0.224269 0.131346 0.095397 0.0293592
 0.676559 0.176235 0.0693832 0.0399725 0.0378503
 0.793942 0.143912 0.0341413 0.0132221 0.0147826
 0.736367 0.213251 0.0353765 0.00825572 0.0067498
 0.684616 0.238131 0.0626966 0.0102312 0.00432582
 0.629249 0.261585 0.0827681 0.0214363 0.00496165
 0.725063 0.17961 0.0675972 0.0210396 0.00668994
 0.925945 0.0551549 0.0124212 0.00459852 0.00188059
 0.43252 0.529148 0.0286764 0.00635274 0.00330342
 0.891934 0.0492185 0.0549357 0.00292861 0.000983051
 0.621011 0.341579 0.0171931 0.0188773 0.00134
 0.611884 0.249686 0.124987 0.00618849 0.00725544
 0.751237 0.158015 0.0587287 0.0289187 0.00310044
 0.755412 0.188119 0.0360971 0.0131973 0.00717373
 0.346926 0.504774 0.114523 0.0216167 0.0121608
 0.751042 0.0917682 0.121967 0.0272203 0.00800312
 0.638414 0.278206 0.031068 0.0406181 0.0116944
 0.457309 0.35811 0.142616 0.0156665 0.0262986
 0.73907 0.125515 0.0898787 0.03521 0.0103263
 0.69812 0.22874 0.0355013 0.0250072 0.0126309
 0.383197 0.442588 0.132582 0.0202415 0.0213926
 0.453768 0.221619 0.234054 0.0689698 0.0215881
 0.832652 0.0801324 0.03575 0.0371401 0.0143257
pobs_pel_tallas
 0 0 0 0 0 0 0 0 0 0 0 0 0 0 0 0 0 0 0 0 0 0 0 0 0 0
 0 0 0 0 0 0 0 0 0 0 0 0 0 0 0 0 0 0 0 0 0 0 0 0 0 0
 0 0 0 0 0 0 0 0 0 0 0 0 0 0 0 0 0 0 0 0 0 0 0 0 0 0
 0 0 0 0 0 0 0 0 0 0 0 0 0 0 0 0 0 0 0 0 0 0 0 0 0 0
 0 0 0 0 0 0 0 0 0 0 0 0 0 0 0 0 0 0 0 0 0 0 0 0 0 0
 0 0 0 0 0 0 0 0 0 0 0 0 0 0 0 0 0 0 0 0 0 0 0 0 0 0
 0 0 0 0 0 0 0 0 0 0 0 0 0 0 0 0 0 0 0 0 0 0 0 0 0 0
 0 0 0 0 0 0 0 0 0 0 0 0 0 0 0 0 0 0 0 0 0 0 0 0 0 0
 0 0 0 0 0 0 0 0 0 0 0 0 0 0 0 0 0 0 0 0 0 0 0 0 0 0
 0 0 0 0 0 0 0 0 0 0 0 0 0 0 0 0 0 0 0 0 0 0 0 0 0 0
 0 0 0 0 0 0 0 0 0 0 0 0 0 0 0 0 0 0 0 0 0 0 0 0 0 0
 0 0 0 0 0 0 0 0 0 0 0 0 0 0 0 0 0 0 0 0 0 0 0 0 0 0
 0.00862536 0 0 0.000197151 0.00414017 0.0128641 0.00837892 0.0270097 0.101434 0.158115 0.152841 0.127902 0.109271 0.109419 0.0830992 0.0579132 0.0238553 0.00714673 0.00463305 0.00128148 0.00103504 0.000492878 0.000147863 0.000147863 4.92878e-05 0
 0 0 0 0 0 0 0 0 0 0 0 0 0 0 0 0 0 0 0 0 0 0 0 0 0 0
 0 0 0 0 0 0 0 0.0054083 0.00873648 0.0413646 0.0450493 0.0745869 0.0622846 0.0627006 0.0613931 0.0827291 0.12552 0.122667 0.0946155 0.0697135 0.0546179 0.0294188 0.0215738 0.0213955 0.0102223 0.00600262
 0 0 0 0 0.00359764 0.0251062 0.0480494 0.140153 0.205849 0.193036 0.1447 0.116669 0.0760912 0.0342217 0.00950174 0.001854 0.000860785 0 0 0 0.000165536 0 0.000143464 0 0 0
 0 0 0 0 0 0 0 0.000145254 0.000435761 0.0275982 0.070085 0.0708112 0.156366 0.174668 0.174014 0.160142 0.0824315 0.0480064 0.0283245 0.00493863 0.00203355 0 0 0 0 0
 0 0 0 0 0 0 0 0 0 0 0 0 0 0 0 0 0 0 0 0 0 0 0 0 0 0
 0 0 1.00437e-05 0.000401748 0.00122533 0.00171747 0.00176769 0.0269171 0.070346 0.194647 0.189555 0.159765 0.064822 0.0314167 0.0384472 0.0292271 0.0345202 0.0313363 0.0194345 0.0106764 0.0143323 0.0359363 0.0279516 0.0138201 0.00172751 0
 0 0.0021121 0.0136068 0.0755702 0.200478 0.177729 0.0527432 0.0373336 0.0318909 0.0142505 0.0149659 0.0166563 0.0217959 0.0798694 0.0677717 0.0528807 0.04013 0.0224614 0.0357745 0.0225083 0.00881397 0.00855152 0.00135912 0.000746735 0 0
 0 0 0 0 5.4009e-05 0.00500934 0.000945158 0.0243581 0.138947 0.33067 0.221406 0.137944 0.0707744 0.0437923 0.0131692 0.00525238 0.0047753 0.00276346 9.45158e-05 9.00151e-06 2.25038e-05 9.00151e-06 4.50075e-06 0 0 0
 0.000866109 0.00284123 0.00948549 0.0512746 0.133035 0.25785 0.225252 0.132002 0.0553304 0.0519788 0.0540692 0.017754 0.00435017 0.00159236 0.00146478 0.000404838 0.000125132 0.000115318 0.000107957 0.000100596 0 0 0 0 0 0
 0 0 0 0 0.00144013 0.00171154 0.00461396 0.0210425 0.0478622 0.0707936 0.0888783 0.103762 0.0637923 0.0337046 0.0602308 0.124433 0.169614 0.0934646 0.0462172 0.0250306 0.0313229 0.00938855 0.002487 0.000210481 0 0
 0 0.00764035 0.051015 0.0998891 0.058973 0.0496711 0.0374665 0.0718981 0.12319 0.153886 0.159021 0.0857701 0.0377988 0.023471 0.0147837 0.00900784 0.00315554 0.000888139 0.00291439 0.00214683 0.00393193 0.00274676 0.000635225 9.99891e-05 0 0
 0 0 0 0 0 0 0 0 0 0 0 0 0 0 0 0 0 0 0 0 0 0 0 0 0 0
 0 0 0 0 0 0 0 0 0 0 0 0 0 0 0 0 0 0 0 0 0 0 0 0 0 0
 0 0 0 0 0 0 0 0 0 0 0 0 0 0 0 0 0 0 0 0 0 0 0 0 0 0
 0 0 0 0 0 0 0 0 0 0 0 0 0 0 0 0 0 0 0 0 0 0 0 0 0 0
 0 0 0 0 0 0 0 0 0 0 0 0 0 0 0 0 0 0 0 0 0 0 0 0 0 0
 0 0 0 0 0 0 0 0 0 0 0 0 0 0 0 0 0 0 0 0 0 0 0 0 0 0
 0 0 0 0 0 0 0 0 0 0 0 0 0 0 0 0 0 0 0 0 0 0 0 0 0 0
ppred_pel_tallas
 1.14667e-16 3.65912e-05 0.00035568 0.00236362 0.0107447 0.0334307 0.0712281 0.103962 0.103973 0.0712821 0.033614 0.0112821 0.00374318 0.00346843 0.00624399 0.011034 0.017678 0.0259403 0.035463 0.0458565 0.0565338 0.066345 0.0734639 0.0759051 0.0724851 0.0635676
 1.27356e-16 3.48664e-05 0.000338914 0.0022522 0.0102382 0.031855 0.0678713 0.0990657 0.0990919 0.0679995 0.0322858 0.0114843 0.00538698 0.00720609 0.0131515 0.0218956 0.032066 0.0415319 0.0482549 0.0515745 0.0527011 0.0538539 0.0566548 0.0610098 0.0652085 0.0669867
 1.23008e-16 4.64924e-05 0.000451923 0.00300319 0.0136521 0.0424768 0.0905019 0.132094 0.132113 0.0905947 0.0427888 0.0145555 0.00527917 0.00544799 0.00961756 0.0160478 0.0236473 0.0309001 0.0363283 0.0393679 0.0407198 0.0417864 0.0436304 0.0462749 0.0487834 0.0498902
 1.08181e-16 6.37564e-05 0.000619735 0.00411836 0.0187215 0.0582495 0.124107 0.181141 0.181154 0.12417 0.058461 0.0193331 0.00565609 0.00398514 0.00648103 0.0106832 0.0155527 0.0199304 0.0226958 0.0233804 0.0224517 0.0209682 0.0198737 0.019484 0.0194751 0.0192437
 1.05281e-16 5.42963e-05 0.000527779 0.00350728 0.0159436 0.0496066 0.105693 0.154268 0.154294 0.10582 0.0500332 0.0171759 0.00660104 0.00728349 0.0128908 0.0212422 0.0306372 0.0386225 0.0427403 0.0418755 0.0369225 0.030168 0.0238996 0.019322 0.0164087 0.0144634
 1.04106e-16 6.12011e-05 0.000594896 0.0039533 0.0179711 0.0559149 0.119133 0.173882 0.173899 0.119216 0.0561925 0.0187736 0.00597092 0.0050099 0.00847692 0.0139978 0.0203468 0.0259811 0.0293598 0.0297592 0.0276634 0.0243565 0.0210658 0.0183514 0.0161057 0.0139631
 1.07007e-16 3.98468e-05 0.000387325 0.00257391 0.0117007 0.0364053 0.0775668 0.113219 0.113257 0.0777521 0.0370276 0.0134987 0.00708984 0.0102543 0.0188047 0.0310931 0.0449488 0.0568697 0.0633075 0.0626306 0.0560708 0.0468183 0.038026 0.0312967 0.0265388 0.0228228
 1.13992e-16 3.64839e-05 0.000354637 0.00235669 0.0107132 0.0333328 0.0710201 0.103662 0.103689 0.071155 0.0337866 0.0120275 0.00566922 0.00763077 0.0139871 0.0234118 0.0345333 0.045132 0.0529312 0.0568444 0.0574833 0.0564307 0.054925 0.0530898 0.0502098 0.0455876
 1.18384e-16 4.28011e-05 0.000416042 0.00276475 0.0125682 0.0391043 0.0833166 0.121608 0.121629 0.0834233 0.0394629 0.0136066 0.00538111 0.00616034 0.0110501 0.0184618 0.0272179 0.035582 0.0418354 0.0452735 0.046593 0.0472472 0.0482877 0.0496387 0.0502831 0.0490455
 1.12462e-16 5.57273e-05 0.000541689 0.00359972 0.0163638 0.0509139 0.108478 0.158331 0.158348 0.108562 0.0511945 0.0171753 0.0056412 0.00501369 0.00859521 0.0142461 0.0208181 0.0268375 0.0308624 0.0322959 0.0317446 0.0305456 0.0298372 0.029905 0.0302072 0.0298876
 1.0485e-16 6.53959e-05 0.000635672 0.00422426 0.0192029 0.0597474 0.127299 0.185799 0.185813 0.127367 0.0599756 0.0198622 0.00588062 0.00425624 0.00695568 0.0114338 0.0165566 0.0210213 0.0235532 0.0235854 0.0215939 0.0187532 0.0161915 0.0144305 0.0133376 0.0124596
 1.03046e-16 6.06536e-05 0.000589575 0.00391793 0.0178104 0.0554148 0.118068 0.172328 0.172348 0.118168 0.0557522 0.0187851 0.00636504 0.00593324 0.010214 0.0168025 0.024229 0.0305336 0.0337605 0.0330104 0.0289681 0.0234217 0.0181733 0.0141938 0.0115102 0.00964181
 1.03629e-16 5.6391e-05 0.00054814 0.00364259 0.0165587 0.0515203 0.10977 0.160218 0.160241 0.109883 0.0518978 0.0176497 0.00638338 0.00653866 0.011455 0.0189043 0.0273575 0.034675 0.038704 0.0384368 0.0345775 0.029 0.0235612 0.019214 0.0159407 0.0132665
 1.05445e-16 5.18304e-05 0.00050381 0.003348 0.0152195 0.0473537 0.100893 0.147262 0.147287 0.101017 0.047769 0.0164198 0.00636465 0.00710148 0.0126182 0.0208732 0.0302861 0.0385532 0.0433502 0.043593 0.0400399 0.0346804 0.0294366 0.0252171 0.0218876 0.0188741
 1.05239e-16 5.97225e-05 0.000580524 0.00385779 0.017537 0.0545641 0.116255 0.169681 0.169699 0.11634 0.0548496 0.0183626 0.00593369 0.00512398 0.00872322 0.014418 0.0209788 0.0268361 0.0304253 0.0310239 0.0291456 0.0261088 0.0231458 0.0207728 0.0188002 0.0167773
 1.01153e-16 7.62689e-05 0.00074136 0.0049266 0.0223956 0.0696811 0.148463 0.216687 0.216693 0.148489 0.0697685 0.0226482 0.00556092 0.0021275 0.00271301 0.00437562 0.00632243 0.00800743 0.0089307 0.00886523 0.00798485 0.00673594 0.00555672 0.00466519 0.00404027 0.00354407
 1.02159e-16 3.56262e-05 0.000346299 0.00230128 0.0104613 0.0325493 0.0693517 0.101231 0.101282 0.0696005 0.0333845 0.0128726 0.00835029 0.0135391 0.0250551 0.0412703 0.0592262 0.0740117 0.0806452 0.0768305 0.0643497 0.0479109 0.0324125 0.0207286 0.0132751 0.00897763
 1.02059e-16 7.34674e-05 0.00071413 0.00474564 0.021573 0.0671217 0.14301 0.208728 0.208733 0.143034 0.067201 0.0218033 0.00532716 0.00199539 0.00254131 0.00417468 0.00621474 0.00824682 0.0098855 0.0109273 0.0114207 0.0115421 0.011396 0.0109293 0.0100211 0.00864088
 1.02704e-16 5.11519e-05 0.000497215 0.00330417 0.0150203 0.0467339 0.0995726 0.145336 0.145369 0.0997333 0.0472731 0.0165771 0.00720983 0.00901624 0.0162098 0.0266641 0.0382837 0.0478921 0.0522961 0.0500428 0.0423078 0.0321365 0.022662 0.0156682 0.0113209 0.00882218
 1.0552e-16 5.04001e-05 0.000489907 0.00325561 0.0147995 0.0460469 0.0981088 0.143198 0.143222 0.0982271 0.0464447 0.0159501 0.00615023 0.00683077 0.0121568 0.020184 0.0294563 0.0378409 0.0431643 0.0443708 0.0420588 0.0378997 0.0334609 0.0294121 0.0255952 0.0216268
 1.05161e-16 6.18785e-05 0.000601481 0.00399705 0.01817 0.0565338 0.120452 0.175806 0.175821 0.120527 0.056785 0.0188965 0.00582391 0.00460038 0.00768869 0.0126982 0.0184881 0.0236796 0.0269093 0.0275571 0.0260868 0.0236577 0.0213323 0.0195202 0.0179961 0.0163101
 1.03628e-16 6.22224e-05 0.000604823 0.00401927 0.018271 0.056848 0.121121 0.176784 0.176802 0.12121 0.0571458 0.0191316 0.00618034 0.00532562 0.00903727 0.0148671 0.0214709 0.0271308 0.030141 0.029724 0.0264851 0.0219796 0.0177499 0.0145875 0.0124508 0.0108701
 1.0766e-16 2.85759e-05 0.000277768 0.00184587 0.00839108 0.026108 0.0556277 0.0812005 0.0812492 0.0558658 0.0269077 0.0107017 0.00764924 0.0129578 0.0241434 0.0399551 0.0577563 0.073054 0.0812682 0.0802685 0.0715979 0.0593267 0.0475123 0.0382732 0.0316014 0.0264319
 1.07628e-16 6.18623e-05 0.000601324 0.00399601 0.0181653 0.056519 0.12042 0.175758 0.175767 0.120464 0.0566678 0.0185975 0.00508958 0.00301743 0.00473527 0.00795266 0.0119708 0.0161472 0.0198472 0.0227533 0.0249608 0.0267131 0.0280205 0.0285307 0.027763 0.0254798
 1.07021e-16 5.25853e-05 0.000511148 0.00339676 0.0154412 0.0480435 0.102363 0.149407 0.149434 0.102494 0.0484834 0.016712 0.00658681 0.00747603 0.0132838 0.0218896 0.0315628 0.039783 0.0440383 0.0432244 0.0383263 0.0317599 0.0258993 0.021926 0.0196711 0.0182351
 1.10229e-16 3.7668e-05 0.000366146 0.00243317 0.0110609 0.0344147 0.0733254 0.107028 0.107062 0.0734948 0.0349841 0.0127073 0.0065732 0.0094277 0.0173173 0.0287528 0.0418455 0.0535239 0.060658 0.0617818 0.0578902 0.0515946 0.045367 0.0402954 0.0360957 0.0319627
 1.07905e-16 6.08763e-05 0.000591739 0.00393231 0.0178757 0.0556181 0.118501 0.172958 0.17297 0.118561 0.0558192 0.0184581 0.0054004 0.0038171 0.00624713 0.0103916 0.0153423 0.0200968 0.0236712 0.0256197 0.0262488 0.0262771 0.0262316 0.0260935 0.0254267 0.0237908
 1.05729e-16 5.75033e-05 0.000558953 0.00371444 0.0168853 0.0525366 0.111936 0.163378 0.1634 0.112043 0.0528986 0.0179311 0.00634022 0.00629376 0.0109574 0.0180473 0.0260518 0.0328972 0.0365216 0.0360067 0.0321328 0.026841 0.022039 0.0186769 0.0166335 0.0152219
 1.0959e-16 3.15635e-05 0.000306809 0.00203885 0.00926836 0.0288375 0.061443 0.0896868 0.0897296 0.061652 0.0295398 0.0112981 0.00713943 0.0114597 0.021267 0.03525 0.0511073 0.0649652 0.0728754 0.0729992 0.0666429 0.0572332 0.0481117 0.0409077 0.0354504 0.0307587
 1.17381e-16 3.73764e-05 0.000363311 0.00241433 0.0109752 0.0341481 0.072757 0.106195 0.106217 0.0728631 0.0345056 0.0120123 0.00503417 0.00613772 0.011167 0.0188307 0.0281308 0.0375023 0.0453407 0.0508869 0.0545242 0.0571491 0.0591775 0.0600874 0.0588379 0.0547046
 1.07202e-16 6.85844e-05 0.000666665 0.00443023 0.0201392 0.0626605 0.133505 0.194856 0.194864 0.133543 0.0627883 0.0205091 0.00536157 0.00270923 0.00397623 0.00654186 0.00960416 0.012488 0.0145718 0.015618 0.0159163 0.0160495 0.0164592 0.017155 0.0177552 0.0177634
pSPR Fmed_Fpbrs
0.706102   0.19987 0.19987
Fs Fmed_Fpbrs
0.178752   1.005 1.005
SSBpbr Bo_Bmed_Bpbrs
2.2195e+06  1.45622e+06  332636 332636
Ro
214207
SPR SPRFo_SPRFmed_SPRFpbrs
1.53114e+06 1.08114e+06 306028
Fref
1.005
Nvult_r0
 254041 22591.7 9879.42 10227.2 3942.37
CTP_r0
 28467.3 2905.53 1270.6 1315.32 507.03
YTP_r0
391194
Np
 285474 121906 10504.8 4593.8 6264.9
Nvult_p0
 241004 105490 9090.26 3975.2 5421.27
CTP_p0
 111385 52876.5 4556.46 1992.56 2717.4
YTP_p0
 1.94769e+06
CBA_c0
858142
log_Ro
12.0947
likeval ReclasPelacesDesembMPH_pf_preclas_ppelaces_ptallas_desvR_qrecl_qpela
 16.9288 17.7476 0.114894 0.000804381 241.597 120.197 98.483 0 21.4051 5.91061e-06 0 0.580554 0 0 0
q_reclas_q_pelaces
0.708569 1
M
1
N
 229961 50598.6 195940 10937.3 9.58725
 131998 77592.9 16824.5 65152 3639.94
 130924 41562 23795.5 5159.59 21096.5
 260236 41439 12823.7 7341.93 8101.13
 208701 77455.1 11898.5 3682.11 4434.22
 332985 71704.4 26305 4040.93 2756.44
 140674 106902 22494.7 8252.27 2132.43
 67084.9 38803 28082.7 5909.27 2728.02
 59371.9 23604.6 13550.7 9806.95 3016.28
 75764.8 18321.5 7070.3 4058.84 3840.95
 134662 22126.6 5145.33 1985.59 2218.54
 171791 46583 7574.72 1761.42 1439.22
 145346 47204.5 12182.2 1980.92 837.024
 102544 40742 12635.9 3261.01 754.322
 104980 24352.5 8983.71 2786.26 885.39
 518607 28822 6362.34 2347.09 959.256
 129786 146148 7763.45 1713.75 890.593
 792213 40277.2 44065.7 2340.8 785.25
 476411 244136 12045.1 13178.1 934.86
 358204 135644 66555.7 3283.7 3847.43
 541536 104887 38211.2 18748.9 2008.86
 726021 167562 31515.9 11481.5 6237.18
 161184 214574 47718.4 8975.11 5045.93
 468086 52194.3 67996.6 15121.6 4443.16
 388096 154391 16899.9 22016.5 6334.81
 179167 127695 49847.4 5456.38 9153.63
 388493 60226.2 42273 16501.8 4836.58
 428414 127878 19454.2 13655 6892.68
 136045 143049 42003.4 6390.01 6749.17
 102156 45645.6 47252.4 13874.7 4340.17
 375947 33096.5 14473.2 14982.7 5775.52
pred_Ctot
 12122.1 3100.68 12007.2 670.235 0.587505
 12177.4 8282.8 1795.96 6954.77 388.552
 11698.9 4298.74 2461.15 533.654 2182
 31957.9 5866.6 1815.47 1039.41 1146.89
 8764.78 3786.15 581.622 179.988 216.753
 27099.1 6760.95 2480.28 381.016 259.902
 22775.3 19856.2 4178.21 1532.79 396.083
 1853.1 1249.65 904.403 190.308 87.8558
 6136.11 2819.03 1618.32 1171.22 360.227
 10060.1 2801.1 1080.95 620.539 587.227
 5105.81 976.945 227.178 87.6687 97.954
 28141.9 8752.57 1423.23 330.958 270.418
 22359.1 8339.37 2152.18 349.959 147.873
 23803.3 10752 3334.68 860.595 199.069
 17241 4587.03 1692.17 524.82 166.772
 78380.8 5004.28 1104.68 407.519 166.553
 13012.1 16938.1 899.76 198.618 103.217
 82463.1 4844.28 5299.94 281.536 94.4447
 69509.1 40946.9 2020.23 2210.25 156.797
 47069.5 20526.6 10071.7 496.913 582.221
 55170.7 12350.1 4499.25 2207.62 236.537
 91858.7 24429.5 4594.83 1673.93 909.343
 12330.7 19029.4 4231.89 795.955 447.496
 30873.5 3995.82 5205.59 1157.66 340.153
 26143.7 12069.8 1321.18 1721.18 495.237
 9841.58 8152.01 3182.23 348.332 584.363
 26079.3 4692.03 3293.35 1285.6 376.802
 25209.3 8741.32 1329.82 933.407 471.16
 7621.9 9313.06 2734.59 416.014 439.397
 7785.85 4033.11 4175.08 1225.93 383.484
 28467.3 2905.53 1270.6 1315.32 507.03
F
 0.0864348 0.101087 0.101087 0.101087 0.101087
 0.155604 0.181981 0.181981 0.181981 0.181981
 0.150398 0.175893 0.175893 0.175893 0.175893
 0.21189 0.247809 0.247809 0.247809 0.247809
 0.068351 0.0799375 0.0799375 0.0799375 0.0799375
 0.136187 0.159273 0.159273 0.159273 0.159273
 0.287946 0.336757 0.336757 0.336757 0.336757
 0.0445166 0.0520629 0.0520629 0.0520629 0.0520629
 0.175748 0.20554 0.20554 0.20554 0.20554
 0.230851 0.269984 0.269984 0.269984 0.269984
 0.0615353 0.0719665 0.0719665 0.0719665 0.0719665
 0.291792 0.341255 0.341255 0.341255 0.341255
 0.271859 0.317943 0.317943 0.317943 0.317943
 0.437657 0.511847 0.511847 0.511847 0.511847
 0.292632 0.342237 0.342237 0.342237 0.342237
 0.26653 0.311711 0.311711 0.311711 0.311711
 0.1701 0.198935 0.198935 0.198935 0.198935
 0.177106 0.207128 0.207128 0.207128 0.207128
 0.256247 0.299685 0.299685 0.299685 0.299685
 0.228218 0.266905 0.266905 0.266905 0.266905
 0.173056 0.202391 0.202391 0.202391 0.202391
 0.218926 0.256037 0.256037 0.256037 0.256037
 0.127569 0.149194 0.149194 0.149194 0.149194
 0.109163 0.127668 0.127668 0.127668 0.127668
 0.111603 0.130522 0.130522 0.130522 0.130522
 0.090208 0.1055 0.1055 0.1055 0.1055
 0.111196 0.130045 0.130045 0.130045 0.130045
 0.096901 0.113327 0.113327 0.113327 0.113327
 0.0920771 0.107686 0.107686 0.107686 0.107686
 0.127068 0.148608 0.148608 0.148608 0.148608
 0.1262 0.147592 0.147592 0.147592 0.147592
YTP_r0W_actual
 241972 47360.1 36720.2 45773.2 19368.5
YTP_p0W_proyectada
 837616 852369 106530 58780.4 92391.4
CTP_r0_actual
 28467.3 2905.53 1270.6 1315.32 507.03
CTP_p0_proyectada
 111385 52876.5 4556.46 1992.56 2717.4
Wmedp
 7.52 16.12 23.38 29.5 34
Frms_r0
 0.1262 0.147592 0.147592 0.147592 0.147592
Zrms_r0
 1.1262 1.14759 1.14759 1.14759 1.14759
nmprior
 8.19 8.8 8.5 0
nm_flota  nm_reclas  nm_pelaces    nm_pelaL
inf 11.5551 16.2745 37.5803
cv_recla  cv_pelaces  cv_mph
0.372167 0.477685 0.875258
 ------------------------------------------------
Talla a la edad & desviaci?n 
 8 13.2811 15.8009 17.003 17.5766
 0.8 1.32811 1.58009 1.7003 1.75766
