years
 1991 1992 1993 1994 1995 1996 1997 1998 1999 2000 2001 2002 2003 2004 2005 2006 2007 2008 2009 2010 2011 2012 2013 2014 2015 2016 2017 2018 2019 2020 2021
reclasobs
 0 0 0 0 0 0 0 0 0 252601 567819 844713 477998 351125 339783 2.1784e+06 2.13404e+06 4.81314e+06 1.55562e+06 2.62356e+06 3.21686e+06 3.843e+06 1.13348e+06 3.07943e+06 1.97215e+06 2.03268e+06 2.025e+06 2.42433e+06 2.27542e+06 1.05018e+06 2.36338e+06
reclaspred
 2.89294e+06 2.09819e+06 759537 774962 151671 3.51883e+06 1.36466e+06 314994 1.08365e+06 235031 344583 950064 740803 628981 402885 2.03131e+06 779165 5.11388e+06 2.54098e+06 2.27723e+06 2.90948e+06 3.41342e+06 1.56457e+06 3.41109e+06 2.53794e+06 1.45267e+06 2.15307e+06 3.94215e+06 2.91115e+06 664256 1.39471e+06
pelacesobs
 0 0 0 0 0 0 0 0 0 0 0 0 0 0 0 552880 188675 0 991730 2.46772e+06 1.41603e+06 1.21717e+06 2.29649e+06 1.80582e+06 0 1.4828e+06 1.56532e+06 1.57751e+06 1.42118e+06 867257 1.10002e+06
pelacespred
 2.84307e+06 1.25728e+06 467541 305012 57873 2.00619e+06 807041 273112 582744 96003.4 181860 413393 359436 284328 166470 879927 377339 2.90959e+06 1.45644e+06 1.03659e+06 1.49013e+06 1.69846e+06 974734 2.18629e+06 1.66406e+06 997078 1.45751e+06 2.75278e+06 2.24807e+06 504763 738034
mphobs
 0 0 0 0 0 0 0 0 0 0 0 498337 0 5186 125008 0 168611 109162 213762 579715 649985 157893 87575 83554 0 0 0 0 0 0 0
mphpred
 891273 238704 236920 52746.6 61107 8284.87 496325 96227.6 25491.6 108902 8837.38 46157.3 94995.4 48073.4 30082.1 26246.7 245759 56442.8 641844 183548 306585 262523 426183 147893 425933 326855 134189 240533 673848 268341 37690.4
desembarqueobs
 494567 514787 250237 358949 120608 361735 552515 73892 212993 205616 52469 317467 293654 387597 252695 516296 358380 742168 942051 627588 828172 859565 418607 520667 417249 300574 415391 372974 316634 284311 391294
desembarquepred
 494415 514511 249679 358413 120490 361489 551695 73851.9 212786 205323 52440.8 317027 293144 386657 252230 515563 357957 741281 939846 626163 827274 858110 418052 520166 416622 300137 414836 372575 316170 283486 390883
Reclutas
 5648.13 210449 9256.94 107783 3882.15 286971 4423.53 1209.28 58277.7 5187.94 32574 121519 67895.5 70973.5 40281.2 260508 7619.91 477561 121914 242754 174391 428476 9583.72 174558 141173 21308.3 127972 199162 20044.1 7252.94 108058
log_desv_Rt
 -2.11927 1.49865 -1.62522 0.829527 -2.49421 1.80879 -2.36366 -3.66057 0.214625 -2.20426 -0.367081 0.949476 0.367375 0.411712 -0.154709 1.71204 -1.81983 2.3181 0.952718 1.64145 1.3107 2.20964 -1.59053 1.31166 1.09939 -0.791497 1.00122 1.44352 -0.852662 -1.86919 0.832078
SSB
 839615 224869 223188 49689.4 57565.2 7804.68 467558 90650.2 24014.1 102590 8325.16 43482 89489.5 45287 28338.6 24725.4 231514 53171.3 604643 172909 288815 247307 401482 139321 401246 307911 126411 226591 634792 252788 35505.9
BT
 1.1143e+06 931591 334314 417061 109368 1.27278e+06 703721 134781 453232 205605 125238 443736 404623 529783 322127 817899 384539 2.02941e+06 1.35398e+06 909420 1.27441e+06 1.42827e+06 606038 1.44389e+06 928772 543393 1.05803e+06 1.52406e+06 862029 416138 712302
Ftot
 0.692495 1.23013 1.2422 2.20153 2.43046 0.614982 1.45237 0.934478 1.10535 2.59181 0.870405 1.70467 1.78943 2.75997 2.82301 1.41266 1.64168 0.842798 1.50605 1.40318 1.33887 1.29575 1.04808 0.841993 0.780384 0.873611 1.03338 0.526064 0.460514 1.55746 1.52077
BD_Bspro_t
 0.895119 0.414868 0.310146 0.097065 0.0968839 0.0196575 0.447749 0.128329 0.057191 0.212416 0.0331772 0.219524 0.216767 0.105132 0.0644537 0.0595448 0.252482 0.0757161 0.381262 0.148575 0.188035 0.167629 0.251708 0.118846 0.306132 0.30121 0.191443 0.325881 0.54118 0.320528 0.0854055
BD_Bspro
 2.5017 0.670014 0.665005 0.148053 0.17152 0.0232547 1.39313 0.270099 0.0715519 0.305675 0.0248055 0.129558 0.266641 0.134936 0.0844369 0.0736713 0.689815 0.158428 1.80158 0.515196 0.860547 0.736872 1.19625 0.415117 1.19554 0.917443 0.376652 0.675146 1.89141 0.753202 0.105793
BD_Bo
 0.643582 0.172366 0.171078 0.0380879 0.0441249 0.00598244 0.358393 0.0694852 0.0184073 0.0786374 0.0063814 0.0333298 0.0685954 0.0347134 0.0217221 0.0189525 0.17746 0.0407569 0.463471 0.132538 0.221382 0.189566 0.307744 0.106792 0.307563 0.236019 0.0968966 0.173687 0.486581 0.193767 0.027216
BD_Brms
 1.17015 0.313393 0.31105 0.0692507 0.080227 0.0108772 0.651623 0.126337 0.0334678 0.142977 0.0116025 0.0605997 0.124719 0.0631153 0.0394947 0.0344591 0.322655 0.0741034 0.842674 0.240979 0.402514 0.344665 0.559534 0.194167 0.559206 0.429126 0.176176 0.315794 0.884692 0.352304 0.0494836
Sel_flota
 0.576863 1 1 1 1
 0.576863 1 1 1 1
 0.576863 1 1 1 1
 0.576863 1 1 1 1
 0.576863 1 1 1 1
 0.576863 1 1 1 1
 0.576863 1 1 1 1
 0.576863 1 1 1 1
 0.576863 1 1 1 1
 0.576863 1 1 1 1
 0.576863 1 1 1 1
 0.576863 1 1 1 1
 0.576863 1 1 1 1
 0.576863 1 1 1 1
 0.576863 1 1 1 1
 0.576863 1 1 1 1
 0.576863 1 1 1 1
 0.576863 1 1 1 1
 0.576863 1 1 1 1
 0.576863 1 1 1 1
 0.576863 1 1 1 1
 0.576863 1 1 1 1
 0.576863 1 1 1 1
 0.576863 1 1 1 1
 0.576863 1 1 1 1
 0.576863 1 1 1 1
 0.576863 1 1 1 1
 0.576863 1 1 1 1
 0.576863 1 1 1 1
 0.576863 1 1 1 1
 0.576863 1 1 1 1
Sel_reclas
 0.826687 1 1 1 1
 0.826687 1 1 1 1
 0.826687 1 1 1 1
 0.826687 1 1 1 1
 0.826687 1 1 1 1
 0.826687 1 1 1 1
 0.826687 1 1 1 1
 0.826687 1 1 1 1
 0.826687 1 1 1 1
 0.826687 1 1 1 1
 0.826687 1 1 1 1
 0.826687 1 1 1 1
 0.826687 1 1 1 1
 0.826687 1 1 1 1
 0.826687 1 1 1 1
 0.826687 1 1 1 1
 0.826687 1 1 1 1
 0.826687 1 1 1 1
 0.826687 1 1 1 1
 0.826687 1 1 1 1
 0.826687 1 1 1 1
 0.826687 1 1 1 1
 0.826687 1 1 1 1
 0.826687 1 1 1 1
 0.826687 1 1 1 1
 0.826687 1 1 1 1
 0.826687 1 1 1 1
 0.826687 1 1 1 1
 0.826687 1 1 1 1
 0.826687 1 1 1 1
 0.826687 1 1 1 1
Sel_pelaces
 0.437934 0.796796 0.95177 0.990031 0.998003
 0.437934 0.796796 0.95177 0.990031 0.998003
 0.437934 0.796796 0.95177 0.990031 0.998003
 0.437934 0.796796 0.95177 0.990031 0.998003
 0.437934 0.796796 0.95177 0.990031 0.998003
 0.437934 0.796796 0.95177 0.990031 0.998003
 0.437934 0.796796 0.95177 0.990031 0.998003
 0.437934 0.796796 0.95177 0.990031 0.998003
 0.437934 0.796796 0.95177 0.990031 0.998003
 0.437934 0.796796 0.95177 0.990031 0.998003
 0.437934 0.796796 0.95177 0.990031 0.998003
 0.437934 0.796796 0.95177 0.990031 0.998003
 0.437934 0.796796 0.95177 0.990031 0.998003
 0.437934 0.796796 0.95177 0.990031 0.998003
 0.437934 0.796796 0.95177 0.990031 0.998003
 0.437934 0.796796 0.95177 0.990031 0.998003
 0.437934 0.796796 0.95177 0.990031 0.998003
 0.437934 0.796796 0.95177 0.990031 0.998003
 0.437934 0.796796 0.95177 0.990031 0.998003
 0.437934 0.796796 0.95177 0.990031 0.998003
 0.437934 0.796796 0.95177 0.990031 0.998003
 0.437934 0.796796 0.95177 0.990031 0.998003
 0.437934 0.796796 0.95177 0.990031 0.998003
 0.437934 0.796796 0.95177 0.990031 0.998003
 0.437934 0.796796 0.95177 0.990031 0.998003
 0.437934 0.796796 0.95177 0.990031 0.998003
 0.437934 0.796796 0.95177 0.990031 0.998003
 0.437934 0.796796 0.95177 0.990031 0.998003
 0.437934 0.796796 0.95177 0.990031 0.998003
 0.437934 0.796796 0.95177 0.990031 0.998003
 0.437934 0.796796 0.95177 0.990031 0.998003
pf_obs 
 0.8446 0.082 0.0669 0.0065 0
 0.8095 0.147 0.0364 0.0071 0
 0.9664 0.0169 0.016 0.0007 0
 0.9276 0.0648 0.0075 0.0001 0
 0.7033 0.2144 0.0806 0.0017 0
 0.9318 0.0425 0.0243 0.0014 0
 0.5671 0.3108 0.0964 0.0239 0.0018
 0.0768 0.2599 0.5324 0.112 0.0189
 0.490249 0.384438 0.106611 0.0170017 0.00170017
 0.7925 0.1577 0.0466 0.003 0.0002
 0.840416 0.127587 0.0312969 0.00059994 9.999e-05
 0.8084 0.0986 0.0794 0.0134 0.0002
 0.7335 0.1905 0.0724 0.0035 0.0001
 0.4001 0.4547 0.1325 0.0127 0
 0.49795 0.308269 0.164784 0.0264974 0.00249975
 0.9179 0.0499 0.0305 0.0017 0
 0.2467 0.6533 0.0926 0.0074 0
 0.9418 0.0223 0.034 0.0019 0
 0.707729 0.231977 0.0356964 0.0245975 0
 0.517169 0.277429 0.184464 0.0207286 0.00020938
 0.811772 0.124168 0.05621 0.00726502 0.000585176
 0.764997 0.148141 0.077277 0.00933861 0.000247198
 0.163321 0.427699 0.378323 0.0303852 0.000271297
 0.753843 0.0900009 0.118128 0.0371064 0.000921714
 0.721811 0.176058 0.0630433 0.0369309 0.00215725
 0.143369 0.312575 0.442814 0.0836902 0.0175525
 0.692698 0.0596174 0.167031 0.0765114 0.00414204
 0.394062 0.376323 0.152708 0.0712218 0.00568511
 0.125707 0.32114 0.495352 0.0537591 0.00404204
 0.23352 0.215282 0.420074 0.123614 0.00750983
 0.796117 0.104755 0.0508955 0.0450114 0.00322123
pf_pred 
 0.0648488 0.236918 0.48948 0.208751 2.32109e-06
 0.929347 0.00891108 0.0156422 0.0323174 0.0137827
 0.140184 0.833804 0.00328081 0.00575903 0.0169728
 0.933552 0.0189435 0.0460669 0.000181262 0.00125591
 0.209058 0.774428 0.00470791 0.0114487 0.000357172
 0.996078 0.00191534 0.00196448 1.19425e-05 2.99478e-05
 0.0405188 0.95763 0.000904115 0.00092731 1.97738e-05
 0.101954 0.0891729 0.807312 0.000762198 0.000798421
 0.968627 0.00633996 0.00248571 0.0225039 4.35025e-05
 0.261355 0.728589 0.00203223 0.000796775 0.00722742
 0.966536 0.0192374 0.014033 3.91418e-05 0.00015455
 0.923027 0.075775 0.000688784 0.000502444 6.93503e-06
 0.743019 0.249624 0.00724262 6.58345e-05 4.86868e-05
 0.849639 0.134382 0.0155219 0.000450354 7.12106e-06
 0.85254 0.141296 0.00550918 0.000636342 1.87549e-05
 0.983778 0.0155728 0.000622074 2.42549e-05 2.88415e-06
 0.114211 0.88016 0.00540387 0.000215863 9.4174e-06
 0.987023 0.00341742 0.009499 5.83205e-05 2.43131e-06
 0.44412 0.552536 0.000880689 0.00244795 1.56561e-05
 0.860672 0.0946899 0.044369 7.07199e-05 0.000197829
 0.74269 0.242067 0.01036 0.00485441 2.93819e-05
 0.898429 0.0892932 0.0115503 0.00049433 0.000233031
 0.076594 0.883246 0.0353056 0.00456686 0.000287592
 0.905404 0.0151932 0.0759494 0.0030359 0.000417429
 0.689718 0.29604 0.00228744 0.0114347 0.000519921
 0.259796 0.611316 0.122972 0.00095018 0.00496583
 0.887905 0.0487368 0.0523258 0.0105259 0.000506383
 0.820635 0.17002 0.00406325 0.00436247 0.000919772
 0.172038 0.745929 0.0777589 0.00185834 0.00241585
 0.209594 0.228111 0.506584 0.0528085 0.00290273
 0.967318 0.0136328 0.00549771 0.0122092 0.0013427
pobs_RECLAS
 0 0 0 0 0
 0 0 0 0 0
 0 0 0 0 0
 0 0 0 0 0
 0 0 0 0 0
 0 0 0 0 0
 0 0 0 0 0
 0 0 0 0 0
 0 0 0 0 0
 0 0 0 0 0
 0.991045 0.00858322 0.000360255 1.14367e-05 0
 0.934742 0.0480273 0.0164251 0.00080598 0
 0.827803 0.169806 0.00239088 0 0
 0.941827 0.0461693 0.0120037 0 0
 0.791401 0.0380133 0.147996 0.0225897 0
 0.846168 0.0940531 0.0597789 0 0
 0.134021 0.677848 0.182769 0.00536245 0
 0.80878 0.0450904 0.141981 0.00414843 0
 0.846168 0.0940531 0.0597789 0 0
 0.905697 0.0802665 0.012482 0.00150086 5.37128e-05
 0.989698 0.0102097 9.19794e-05 0 0
 0.975433 0.0193895 0.00387452 0.00125025 5.28907e-05
 0.303575 0.632131 0.0575291 0.00676475 0
 0.966965 0.00978017 0.0227588 0.000495775 0
 0.843318 0.132988 0.00938335 0.0141283 0.000182051
 0.564624 0.303363 0.111486 0.0197234 0.00080311
 0.826376 0.0876187 0.0782897 0.00655872 0.00115652
 0.89761 0.0855135 0.0140674 0.00269457 0.000114338
 0.34875 0.467042 0.161289 0.0227151 0.000203297
 0.318654 0.224769 0.449479 0.00709798 0
 0.937255 0.0296025 0.0250945 0.00804832 0
ppred_RECLAS
 0.0934253 0.229678 0.474523 0.202372 2.25016e-06
 0.953329 0.00588636 0.0103327 0.0213478 0.00910439
 0.202217 0.773647 0.00304411 0.00534353 0.0157482
 0.960525 0.0112538 0.027367 0.000107683 0.000746101
 0.32061 0.665205 0.00404392 0.00983404 0.000306798
 0.997344 0.00129729 0.00133057 8.0888e-06 2.02841e-05
 0.062816 0.935376 0.000883105 0.00090576 1.93143e-05
 0.14662 0.0847377 0.76716 0.000724289 0.000758711
 0.979341 0.0041749 0.00163685 0.014819 2.86466e-05
 0.392471 0.599258 0.00167149 0.00065534 0.00594449
 0.977522 0.0129217 0.00942589 2.62913e-05 0.000103811
 0.951353 0.0478896 0.00043531 0.000317543 4.38292e-06
 0.826421 0.16861 0.00489207 4.44682e-05 3.28857e-05
 0.913555 0.0772583 0.00892377 0.000258916 4.09401e-06
 0.916057 0.0804344 0.00313616 0.000362245 1.06764e-05
 0.989676 0.00991049 0.000395885 1.54357e-05 1.83546e-06
 0.17274 0.822003 0.00504681 0.0002016 8.79514e-06
 0.991325 0.00228442 0.00634973 3.89851e-05 1.62524e-06
 0.56047 0.436886 0.000696353 0.00193557 1.23792e-05
 0.907025 0.0631876 0.0296079 4.71922e-05 0.000132014
 0.819144 0.170142 0.00728177 0.00341203 2.06517e-05
 0.932533 0.059312 0.00767214 0.000328354 0.000154788
 0.11247 0.84893 0.0339339 0.00438943 0.000276418
 0.93498 0.010443 0.0522035 0.00208671 0.000286918
 0.768744 0.220641 0.00170484 0.00852236 0.000387501
 0.345806 0.540282 0.108683 0.00083977 0.00438881
 0.923583 0.0332246 0.0356712 0.00717562 0.000345208
 0.870556 0.1227 0.00293237 0.00314831 0.000663782
 0.233267 0.690766 0.0720085 0.00172091 0.00223719
 0.298509 0.20245 0.449597 0.0468679 0.0025762
 0.979301 0.00863406 0.00348187 0.00773246 0.000850372
pobs_PELACES
 0 0 0 0 0
 0 0 0 0 0
 0 0 0 0 0
 0 0 0 0 0
 0 0 0 0 0
 0 0 0 0 0
 0 0 0 0 0
 0 0 0 0 0
 0 0 0 0 0
 0 0 0 0 0
 0 0 0 0 0
 0 0 0 0 0
 0 0 0 0 0
 0 0 0 0 0
 0 0 0 0 0
 0 0 0 0 0
 0.505614 0.472636 0.0217494 0 0
 0 0 0 0 0
 0.443492 0.261883 0.143347 0.151278 0
 0.227955 0.32914 0.350689 0.0885471 0.00366901
 0.970185 0.0296113 0.000203453 0 0
 0.997202 0.00247181 0.000326279 0 0
 0.445219 0.490057 0.0546422 0.010081 0
 0.90214 0.0892962 0.00764917 0.000914606 0
 0 0 0 0 0
 0.581667 0.319106 0.0959925 0.00289975 0.000334073
 0.762889 0.0836404 0.116647 0.0363945 0.000428098
 0.88444 0.0763242 0.0277011 0.0115352 0
 0.521256 0.241999 0.230069 0.00667565 0
 0.616807 0.101726 0.260614 0.0208532 0
 0.833518 0.0704572 0.0857862 0.0102388 0
ppred_PELACES
 0.0612876 0.205737 0.507733 0.22524 2.5246e-06
 0.930563 0.00727834 0.015261 0.0327974 0.0141
 0.165956 0.802909 0.00377371 0.00689054 0.020471
 0.950723 0.0123202 0.0357874 0.000146476 0.00102306
 0.304796 0.67745 0.00491936 0.0124439 0.000391343
 0.995972 0.00178823 0.00219084 1.3854e-05 3.5021e-05
 0.0517353 0.946035 0.00106689 0.00113825 2.44673e-05
 0.0996983 0.0760646 0.822576 0.000807829 0.000853035
 0.968664 0.00532272 0.00249276 0.0234751 4.57452e-05
 0.38072 0.60886 0.00202858 0.000827317 0.00756489
 0.967894 0.0170418 0.0148493 4.30836e-05 0.000171484
 0.942664 0.0562549 0.000610805 0.000463472 6.44864e-06
 0.801638 0.191612 0.00664076 6.27902e-05 4.68094e-05
 0.910064 0.078739 0.0108637 0.000327873 5.22611e-06
 0.914324 0.081415 0.00379181 0.000455582 1.35355e-05
 0.987184 0.0122071 0.000582467 2.36235e-05 2.83169e-06
 0.148483 0.845051 0.00619742 0.000257515 1.1325e-05
 0.986797 0.00304059 0.0100954 6.44737e-05 2.70947e-06
 0.510944 0.485442 0.000924238 0.00267227 1.72284e-05
 0.881324 0.0759164 0.0424909 7.0449e-05 0.000198658
 0.78193 0.202631 0.010359 0.00504905 3.08061e-05
 0.914932 0.0730415 0.0112857 0.000502424 0.000238754
 0.0881621 0.864646 0.0412843 0.0055549 0.000352629
 0.902246 0.0134762 0.0804685 0.00334584 0.000463751
 0.709151 0.274536 0.00253385 0.0131757 0.000603907
 0.277382 0.576991 0.138642 0.00111432 0.00587056
 0.89279 0.0418163 0.0536277 0.0112214 0.000544193
 0.826296 0.162765 0.00464645 0.00518916 0.00110288
 0.174623 0.729343 0.0908174 0.00225767 0.00295862
 0.235461 0.193246 0.512626 0.0555866 0.00308004
 0.971679 0.0104202 0.00501949 0.0115953 0.00128545
pobs_pel_tallas
 0 0 0 0 0 0 0 0 0 0 0 0 0 0 0 0 0 0 0 0 0 0 0 0 0 0
 0 0 0 0 0 0 0 0 0 0 0 0 0 0 0 0 0 0 0 0 0 0 0 0 0 0
 0 0 0 0 0 0 0 0 0 0 0 0 0 0 0 0 0 0 0 0 0 0 0 0 0 0
 0 0 0 0 0 0 0 0 0 0 0 0 0 0 0 0 0 0 0 0 0 0 0 0 0 0
 0 0 0 0 0 0 0 0 0 0 0 0 0 0 0 0 0 0 0 0 0 0 0 0 0 0
 0 0 0 0 0 0 0 0 0 0 0 0 0 0 0 0 0 0 0 0 0 0 0 0 0 0
 0 0 0 0 0 0 0 0 0 0 0 0 0 0 0 0 0 0 0 0 0 0 0 0 0 0
 0 0 0 0 0 0 0 0 0 0 0 0 0 0 0 0 0 0 0 0 0 0 0 0 0 0
 0 0 0 0 0 0 0 0 0 0 0 0 0 0 0 0 0 0 0 0 0 0 0 0 0 0
 0 0 0 0 0 0 0 0 0 0 0 0 0 0 0 0 0 0 0 0 0 0 0 0 0 0
 0 0 0 0 0 0 0 0 0 0 0 0 0 0 0 0 0 0 0 0 0 0 0 0 0 0
 0 0 0 0 0 0 0 0 0 0 0 0 0 0 0 0 0 0 0 0 0 0 0 0 0 0
 0.00862536 0 0 0.000197151 0.00414017 0.0128641 0.00837892 0.0270097 0.101434 0.158115 0.152841 0.127902 0.109271 0.109419 0.0830992 0.0579132 0.0238553 0.00714673 0.00463305 0.00128148 0.00103504 0.000492878 0.000147863 0.000147863 4.92878e-05 0
 0 0 0 0 0 0 0 0 0 0 0 0 0 0 0 0 0 0 0 0 0 0 0 0 0 0
 0 0 0 0 0 0 0 0.0054083 0.00873648 0.0413646 0.0450493 0.0745869 0.0622846 0.0627006 0.0613931 0.0827291 0.12552 0.122667 0.0946155 0.0697135 0.0546179 0.0294188 0.0215738 0.0213955 0.0102223 0.00600262
 0 0 0 0 0.00359764 0.0251062 0.0480494 0.140153 0.205849 0.193036 0.1447 0.116669 0.0760912 0.0342217 0.00950174 0.001854 0.000860785 0 0 0 0.000165536 0 0.000143464 0 0 0
 0 0 0 0 0 0 0 0.000145254 0.000435761 0.0275982 0.070085 0.0708112 0.156366 0.174668 0.174014 0.160142 0.0824315 0.0480064 0.0283245 0.00493863 0.00203355 0 0 0 0 0
 0 0 0 0 0 0 0 0 0 0 0 0 0 0 0 0 0 0 0 0 0 0 0 0 0 0
 0 0 1.00437e-05 0.000401748 0.00122533 0.00171747 0.00176769 0.0269171 0.070346 0.194647 0.189555 0.159765 0.064822 0.0314167 0.0384472 0.0292271 0.0345202 0.0313363 0.0194345 0.0106764 0.0143323 0.0359363 0.0279516 0.0138201 0.00172751 0
 0 0.0021121 0.0136068 0.0755702 0.200478 0.177729 0.0527432 0.0373336 0.0318909 0.0142505 0.0149659 0.0166563 0.0217959 0.0798694 0.0677717 0.0528807 0.04013 0.0224614 0.0357745 0.0225083 0.00881397 0.00855152 0.00135912 0.000746735 0 0
 0 0 0 0 5.4009e-05 0.00500934 0.000945158 0.0243581 0.138947 0.33067 0.221406 0.137944 0.0707744 0.0437923 0.0131692 0.00525238 0.0047753 0.00276346 9.45158e-05 9.00151e-06 2.25038e-05 9.00151e-06 4.50075e-06 0 0 0
 0.000866109 0.00284123 0.00948549 0.0512746 0.133035 0.25785 0.225252 0.132002 0.0553304 0.0519788 0.0540692 0.017754 0.00435017 0.00159236 0.00146478 0.000404838 0.000125132 0.000115318 0.000107957 0.000100596 0 0 0 0 0 0
 0 0 0 0 0.00144013 0.00171154 0.00461396 0.0210425 0.0478622 0.0707936 0.0888783 0.103762 0.0637923 0.0337046 0.0602308 0.124433 0.169614 0.0934646 0.0462172 0.0250306 0.0313229 0.00938855 0.002487 0.000210481 0 0
 0 0.00764035 0.051015 0.0998891 0.058973 0.0496711 0.0374665 0.0718981 0.12319 0.153886 0.159021 0.0857701 0.0377988 0.023471 0.0147837 0.00900784 0.00315554 0.000888139 0.00291439 0.00214683 0.00393193 0.00274676 0.000635225 9.99891e-05 0 0
 0 0 0 0 0 0 0 0 0 0 0 0 0 0 0 0 0 0 0 0 0 0 0 0 0 0
 0 0 0 0 0 0 0 0 0 0 0 0 0 0 0 0 0 0 0 0 0 0 0 0 0 0
 0 0 0 0 0 0 0 0 0 0 0 0 0 0 0 0 0 0 0 0 0 0 0 0 0 0
 0 0 0 0 0 0 0 0 0 0 0 0 0 0 0 0 0 0 0 0 0 0 0 0 0 0
 0 0 0 0 0 0 0 0 0 0 0 0 0 0 0 0 0 0 0 0 0 0 0 0 0 0
 0 0 0 0 0 0 0 0 0 0 0 0 0 0 0 0 0 0 0 0 0 0 0 0 0 0
 0 0 0 0 0 0 0 0 0 0 0 0 0 0 0 0 0 0 0 0 0 0 0 0 0 0
ppred_pel_tallas
 1.37294e-16 5.04822e-06 4.90705e-05 0.000326092 0.00148238 0.00461234 0.00982784 0.0143483 0.014369 0.00992911 0.00495476 0.00248201 0.00287555 0.00574858 0.0112252 0.0195914 0.0306771 0.0437695 0.0580737 0.0732016 0.0890412 0.104937 0.118948 0.128064 0.129469 0.121992
 1.06118e-16 7.66493e-05 0.000745058 0.00495117 0.0225073 0.0700286 0.149203 0.217767 0.217768 0.149207 0.0700409 0.0225433 0.00504348 0.000953381 0.000493095 0.000750829 0.00121475 0.00184131 0.00266369 0.00375232 0.00518538 0.00698091 0.009024 0.0110437 0.0126691 0.0135462
 1.0447e-16 1.36697e-05 0.000132874 0.000883001 0.00401404 0.0124896 0.0266132 0.038859 0.0389362 0.0269904 0.0137556 0.00766856 0.010048 0.0201124 0.0378774 0.0623863 0.0893772 0.111371 0.120775 0.11413 0.0942686 0.0685623 0.0447126 0.0272802 0.0169219 0.0118205
 1.01224e-16 7.83098e-05 0.000761199 0.00505844 0.0229949 0.0715457 0.152436 0.222485 0.222486 0.152442 0.0715663 0.023055 0.00521184 0.00110438 0.000754338 0.00118617 0.00184729 0.00262586 0.00345433 0.00428376 0.00507541 0.00576396 0.00623165 0.00633719 0.0059917 0.00522405
 1.0163e-16 2.51058e-05 0.000244037 0.00162172 0.00737212 0.0229378 0.0488737 0.0713463 0.0714114 0.049192 0.024006 0.0104557 0.00935492 0.0171024 0.0319741 0.0526415 0.0754128 0.0939612 0.101865 0.0961825 0.0792676 0.0573011 0.0367533 0.0214774 0.0120823 0.00713809
 1.00072e-16 8.20369e-05 0.000797428 0.00529919 0.0240893 0.0749509 0.159691 0.233073 0.233074 0.159692 0.0749538 0.0240977 0.00532038 0.000844152 0.000172142 0.000158278 0.000228196 0.000303633 0.000365896 0.00040717 0.000428593 0.000435584 0.000430896 0.000411971 0.000374605 0.000318722
 1.00391e-16 4.26157e-06 4.1424e-05 0.000275282 0.00125145 0.0038942 0.00830037 0.0121337 0.0122247 0.00874475 0.00538565 0.00555645 0.0110708 0.023573 0.0445913 0.0734398 0.105154 0.130892 0.141646 0.133275 0.10905 0.0776299 0.04813 0.0260565 0.0124004 0.00527925
 1.23983e-16 8.21203e-06 7.98239e-05 0.000530458 0.00241139 0.00750278 0.0159858 0.0233335 0.0233421 0.0160283 0.00764918 0.00285014 0.00169157 0.00281187 0.00577305 0.0110274 0.0193524 0.0315179 0.0480095 0.0685578 0.091496 0.113384 0.129525 0.135546 0.129352 0.112235
 1.02436e-16 7.97875e-05 0.000775563 0.00515389 0.0234288 0.0728958 0.155312 0.226683 0.226683 0.155315 0.0729045 0.023454 0.0052177 0.000917175 0.000355953 0.000482435 0.00073853 0.00104626 0.00139754 0.00181876 0.00236106 0.00306234 0.0038975 0.00475345 0.00545201 0.00581345
 1.01578e-16 3.13595e-05 0.000304826 0.00202568 0.00920846 0.0286513 0.0610467 0.0891117 0.0891703 0.0613327 0.0296112 0.0119794 0.00897449 0.0154522 0.0287345 0.0472855 0.0677187 0.0843302 0.0913373 0.0860907 0.0707125 0.0507821 0.0321567 0.0183484 0.00994206 0.00566106
 1.00467e-16 7.97242e-05 0.000774947 0.0051498 0.0234102 0.0728379 0.155189 0.226503 0.226505 0.155197 0.0728653 0.0234895 0.00534956 0.00121402 0.000922301 0.00142111 0.00209154 0.00273764 0.00321444 0.00344861 0.00346468 0.00334434 0.00315384 0.00290504 0.00257548 0.00215583
 1.0008e-16 7.7646e-05 0.000754747 0.00501556 0.0228 0.0709393 0.151144 0.2206 0.220606 0.15117 0.071028 0.0230561 0.00565774 0.0021547 0.00273073 0.00437668 0.00626232 0.00780148 0.00845552 0.0079787 0.00656501 0.00472656 0.00300079 0.0017097 0.000907773 0.000481081
 1.00255e-16 6.60299e-05 0.000641834 0.00426521 0.019389 0.0603266 0.128533 0.187601 0.18762 0.128623 0.0606289 0.0202617 0.00645404 0.00541449 0.0091137 0.0149189 0.0213828 0.0266735 0.0289723 0.02744 0.0227242 0.0165462 0.0107104 0.00629523 0.00348546 0.00191211
 1.00368e-16 7.49608e-05 0.000728646 0.00484211 0.0220115 0.068486 0.145917 0.212972 0.212979 0.145954 0.0686105 0.022371 0.00574449 0.00269826 0.0038147 0.00618523 0.00889612 0.0111715 0.0122736 0.0118586 0.0101739 0.00788602 0.0056819 0.00395554 0.00275928 0.00195379
 1.00179e-16 7.53117e-05 0.000732056 0.00486477 0.0221146 0.0688066 0.1466 0.213969 0.213977 0.146638 0.0689351 0.0224855 0.00579518 0.00276104 0.00392253 0.00634922 0.00910051 0.0113626 0.0123622 0.0117434 0.00977988 0.00719809 0.00475721 0.00290745 0.00172159 0.00104145
 1.00023e-16 8.1313e-05 0.000790392 0.00525243 0.0238768 0.0742896 0.158282 0.231017 0.231018 0.158288 0.0743088 0.0239324 0.00539193 0.00109461 0.000658154 0.000956898 0.00136471 0.00170358 0.00185325 0.00176007 0.00146496 0.00107676 0.000709336 0.000430343 0.000250991 0.000147911
 1.00423e-16 1.22305e-05 0.000118885 0.000790038 0.00359145 0.0111748 0.023812 0.0347714 0.0348527 0.024209 0.0125072 0.00743749 0.010435 0.0211437 0.0398531 0.0656321 0.0939953 0.117045 0.126744 0.119388 0.0978874 0.0699503 0.043686 0.0239866 0.0117292 0.00524743
 1.003e-16 8.12812e-05 0.000790082 0.00525037 0.0238674 0.0742604 0.15822 0.230926 0.230927 0.158221 0.0742655 0.0238824 0.00528867 0.000876034 0.00025137 0.000304694 0.000472183 0.000678781 0.000905558 0.00113982 0.00136847 0.00156858 0.00170266 0.0017291 0.00162402 0.00139879
 1.00422e-16 4.20859e-05 0.00040909 0.00271855 0.0123582 0.038451 0.0819257 0.119583 0.119629 0.0821538 0.0392164 0.0145673 0.00825843 0.0124849 0.0229239 0.0376939 0.0539734 0.0671964 0.0727438 0.0684939 0.0561283 0.0400884 0.0250436 0.0138056 0.00686629 0.00324482
 1.01287e-16 7.25935e-05 0.000705634 0.00468919 0.0213164 0.0663232 0.141309 0.206246 0.206253 0.141345 0.0664442 0.0216666 0.00557061 0.00263729 0.00376298 0.00616255 0.0090006 0.0115865 0.0132558 0.0136793 0.0130203 0.0117607 0.0103522 0.00898818 0.00763548 0.00621657
 1.00863e-16 6.44066e-05 0.000626055 0.00416035 0.0189124 0.0588435 0.125373 0.18299 0.183009 0.125468 0.0591634 0.0198357 0.00647671 0.00567799 0.00964519 0.0158075 0.0226807 0.0283447 0.0308905 0.0294415 0.0246828 0.0184182 0.0125211 0.00808499 0.00525918 0.00362269
 1.00436e-16 7.53617e-05 0.000732543 0.004868 0.0221292 0.0688523 0.146697 0.214111 0.214118 0.146732 0.0689679 0.0224629 0.00570555 0.00256096 0.00354796 0.00574631 0.00827012 0.0103977 0.0114469 0.0110997 0.00958376 0.00751168 0.00551224 0.00394202 0.00284342 0.00208579
 1.0203e-16 7.26198e-06 7.05891e-05 0.000469093 0.00213248 0.00663539 0.0141405 0.0206559 0.0207391 0.014547 0.00799986 0.00607179 0.0103507 0.0216202 0.0408689 0.0673824 0.0966643 0.120709 0.131353 0.124823 0.104023 0.0766651 0.050803 0.0312073 0.0186417 0.0114208
 1.0274e-16 7.43168e-05 0.000722386 0.00480051 0.0218224 0.0678976 0.144663 0.21114 0.211142 0.14467 0.0679215 0.0218929 0.00498328 0.00114075 0.000925465 0.00155956 0.00258111 0.00395499 0.00567351 0.00769141 0.00987281 0.0119374 0.0134755 0.0140754 0.0135114 0.0118706
 1.01567e-16 5.84119e-05 0.000567784 0.00377313 0.0171521 0.0533667 0.113704 0.16596 0.165987 0.113833 0.0537997 0.018402 0.00690797 0.00740257 0.0130138 0.0213569 0.030609 0.0381799 0.0414809 0.0393381 0.0327185 0.0241254 0.0161568 0.0103246 0.00681002 0.00497064
 1.05254e-16 2.28477e-05 0.000222088 0.00147586 0.00670907 0.0208747 0.0444778 0.0649283 0.064984 0.04475 0.0217888 0.00935034 0.00810962 0.0147161 0.0275854 0.04566 0.065982 0.0833978 0.0926266 0.0911658 0.0807023 0.0658332 0.0512062 0.0393524 0.030472 0.0236066
 1.02776e-16 7.3538e-05 0.000714815 0.0047502 0.0215937 0.0671861 0.143147 0.208928 0.208932 0.143167 0.0672538 0.0217904 0.00524754 0.00181292 0.00219547 0.00360842 0.00541353 0.0072734 0.00888587 0.0100964 0.0109433 0.0115416 0.0119119 0.0119212 0.0113844 0.0102262
 1.00883e-16 6.8061e-05 0.000661577 0.00439641 0.0199855 0.0621823 0.132486 0.193371 0.193387 0.132563 0.062439 0.0207268 0.0062559 0.00471634 0.00775559 0.0126795 0.0181788 0.022694 0.0246894 0.0234653 0.0195851 0.0145184 0.00979128 0.00629406 0.00414075 0.00296884
 1.03535e-16 1.43836e-05 0.000139814 0.000929116 0.00422367 0.0131418 0.0280025 0.0408853 0.0409555 0.0283459 0.0142945 0.00755282 0.00928426 0.0183742 0.0346296 0.0571858 0.0822762 0.103242 0.113279 0.109209 0.093353 0.0719392 0.0513974 0.0354298 0.024534 0.0173821
 1.20939e-16 1.93947e-05 0.000188523 0.0012528 0.00569507 0.0177196 0.0377542 0.0551074 0.0551267 0.0378493 0.0180412 0.00663372 0.00364586 0.00553467 0.0105302 0.0183097 0.0285428 0.0404102 0.0529314 0.0654219 0.077444 0.0881981 0.0960226 0.0987324 0.0947438 0.0841446
 1.01529e-16 8.0036e-05 0.000777978 0.00516994 0.0235018 0.0731228 0.155796 0.227389 0.22739 0.155801 0.0731395 0.0235501 0.00529178 0.00104579 0.000594267 0.00087111 0.00128495 0.00170015 0.00204376 0.00229767 0.00250835 0.00274913 0.00305771 0.00339765 0.00367106 0.00376925
pSPR Fmed_Fpbrs
0.209525   0.6 0.325
Fs Fmed_Fpbrs
1.23621   0.321398 0.811965
SSBpbr Bo_Bmed_Bpbrs
1.3046e+06  208116  717529 358765
Ro
47021
SPR SPRFo_SPRFmed_SPRFpbrs
335618 70320.4 109076
Fref
0.321398
Nvult_r0
 91524.9 999.153 402.93 894.818 98.407
CTP_r0
 42770.8 602.785 243.086 539.84 59.3685
YTP_r0
390883
Np
 89281.6 27286.5 4410.55 23.3023 11.904
Nvult_p0
 61995.1 20007.5 3233.98 17.0861 8.72844
CTP_p0
 9696.31 2948.64 15.5786 6.28241 15.0735
 9696.31 4866.34 786.587 4.15579 2.12298
YTP_p0
 119885 167268
CBA_c0
134100
log_Ro
10.5784
likeval ReclasPelacesDesembMPH_pf_preclas_ppelaces_ptallas_desvR_qrecl_qpela
 17.8754 20.0891 0.351274 0.000970494 342.603 123.945 126.594 0 112.11 0.000113425 0.000284535 0.0477209 1.04433e-15 0 0
q_reclas_q_pelaces
4.52295 11.0213
M
1
N
 5648.13 13290.1 27457.9 11710.1 0.130204
 210449 1393.54 2446.18 5053.9 2155.38
 9256.94 38077.7 149.827 263 775.104
 107783 1663.28 4044.78 15.9152 110.272
 3882.15 11135.5 67.695 164.621 5.13578
 286971 351.461 360.478 2.19142 5.49537
 4423.53 74041.3 69.9037 71.697 1.52886
 1209.28 704.068 6374.17 6.01797 6.30397
 58277.7 259.489 101.738 921.065 1.78052
 5187.94 11331.5 31.6065 12.3919 112.405
 32574 427.936 312.164 0.87071 3.43797
 121519 7252.95 65.9284 48.0924 0.6638
 67895.5 16721.8 485.168 4.41011 3.26142
 70973.5 8896.98 1027.65 29.8165 0.471462
 40281.2 5313.13 207.161 23.9282 0.705236
 260508 2907.8 116.155 4.52893 0.538535
 7619.91 42424.3 260.47 10.4048 0.453925
 477561 1087.35 3022.38 18.5563 0.773591
 121914 108041 172.207 478.665 3.06135
 242754 18812.6 8815.04 14.0503 39.3038
 174391 39749.8 1701.22 797.144 4.82482
 428476 29635 3833.35 164.06 77.3393
 9583.72 74646.6 2983.82 385.963 24.3055
 174558 1926.05 9628.13 384.862 52.9176
 141173 39509.4 305.281 1526.07 69.3885
 21308.3 33109.2 6660.24 51.4622 268.952
 127972 4735.77 5084.51 1022.8 49.2054
 199162 25937.7 619.878 665.526 140.318
 20044.1 54090.1 5638.59 134.755 175.182
 7252.94 5653.53 12555.2 1308.81 71.9417
 108058 1086.51 438.156 973.048 107.01
pred_Ctot
 1214.46 4436.87 9166.74 3909.38 0.0434683
 71546.7 686.029 1204.23 2487.99 1061.08
 3169.95 18854.6 74.1883 130.228 383.801
 54071.3 1097.2 2668.19 10.4987 72.7422
 2060.82 7634.04 46.4089 112.858 3.52088
 55758.3 107.217 109.967 0.668514 1.67641
 1695.61 40074.5 37.8351 38.8057 0.827488
 332.669 290.965 2634.2 2.487 2.60519
 18279.2 119.643 46.9083 424.676 0.820944
 2852.28 7951.4 22.1786 8.69555 78.8759
 8463.99 168.463 122.888 0.342766 1.3534
 51959 4265.52 38.773 28.2836 0.390387
 29967.5 10067.8 292.11 2.65524 1.96364
 40329.7 6378.68 736.774 21.3769 0.338014
 23154.8 3837.58 149.628 17.2829 0.50938
 97921.7 1550.07 61.919 2.41424 0.287078
 3177.41 24486.5 150.338 6.00542 0.261996
 120882 418.537 1163.36 7.14262 0.297767
 47931 59631.6 95.047 264.191 1.68966
 90812.5 9991.06 4681.53 7.4619 20.8736
 63081 20560.1 879.937 412.314 2.49558
 151349 15042.3 1945.75 83.2745 39.2562
 2885.33 33272.3 1329.98 172.036 10.8337
 44150.4 740.868 3703.53 148.04 20.3552
 33546 14398.6 111.255 556.152 25.2875
 5553.23 13067.1 2628.57 20.3104 106.146
 38107.8 2091.72 2245.76 451.757 21.7334
 33774.9 6997.5 167.231 179.546 37.8551
 3020.49 13096.4 1365.22 32.627 42.4153
 2918.28 3176.09 7053.4 735.277 40.4161
 42770.8 602.785 243.086 539.84 59.3685
F
 0.399474 0.692495 0.692495 0.692495 0.692495
 0.709615 1.23013 1.23013 1.23013 1.23013
 0.716581 1.2422 1.2422 1.2422 1.2422
 1.26998 2.20153 2.20153 2.20153 2.20153
 1.40204 2.43046 2.43046 2.43046 2.43046
 0.35476 0.614982 0.614982 0.614982 0.614982
 0.837817 1.45237 1.45237 1.45237 1.45237
 0.539066 0.934478 0.934478 0.934478 0.934478
 0.637636 1.10535 1.10535 1.10535 1.10535
 1.49512 2.59181 2.59181 2.59181 2.59181
 0.502105 0.870405 0.870405 0.870405 0.870405
 0.98336 1.70467 1.70467 1.70467 1.70467
 1.03226 1.78943 1.78943 1.78943 1.78943
 1.59213 2.75997 2.75997 2.75997 2.75997
 1.62849 2.82301 2.82301 2.82301 2.82301
 0.814913 1.41266 1.41266 1.41266 1.41266
 0.947023 1.64168 1.64168 1.64168 1.64168
 0.486179 0.842798 0.842798 0.842798 0.842798
 0.868786 1.50605 1.50605 1.50605 1.50605
 0.809442 1.40318 1.40318 1.40318 1.40318
 0.772343 1.33887 1.33887 1.33887 1.33887
 0.747471 1.29575 1.29575 1.29575 1.29575
 0.604596 1.04808 1.04808 1.04808 1.04808
 0.485715 0.841993 0.841993 0.841993 0.841993
 0.450175 0.780384 0.780384 0.780384 0.780384
 0.503954 0.873611 0.873611 0.873611 0.873611
 0.596116 1.03338 1.03338 1.03338 1.03338
 0.303467 0.526064 0.526064 0.526064 0.526064
 0.265653 0.460514 0.460514 0.460514 0.460514
 0.89844 1.55746 1.55746 1.55746 1.55746
 0.877276 1.52077 1.52077 1.52077 1.52077
YTP_r0W_actual
 354997 8499.27 6709.17 18462.5 2214.45
YTP_p0W_proyectada
 72625.4 46205.2 360.334 184.514 509.938
 72625.4 76255.5 18193.7 122.055 71.8204
CTP_r0_actual
 42770.8 602.785 243.086 539.84 59.3685
CTP_p0_proyectada
 9696.31 2948.64 15.5786 6.28241 15.0735
 9696.31 4866.34 786.587 4.15579 2.12298
Wmedp
 7.49 15.67 23.13 29.37 33.83
Frms_r0
 0.877276 1.52077 1.52077 1.52077 1.52077
Zrms_r0
 1.87728 2.52077 2.52077 2.52077 2.52077
nmprior
 8.19 8.8 8.5 0
nm_flota  nm_reclas  nm_pelaces    nm_pelaL
inf 23.0153 3.43995 4.98332
cv_recla  cv_pelaces  cv_mph
0.382431 0.508221 0.961395
 ------------------------------------------------
Talla a la edad & desviaci?n 
 8 13.2811 15.8009 17.003 17.5766
 0.8 1.32811 1.58009 1.7003 1.75766
