years
 1991 1992 1993 1994 1995 1996 1997 1998 1999 2000 2001 2002 2003 2004 2005 2006 2007 2008 2009 2010 2011 2012 2013 2014 2015 2016 2017 2018 2019 2020 2021
reclasobs
 0 0 0 0 0 0 0 0 0 252601 567819 844713 477998 351125 339783 2.1784e+06 2.13404e+06 4.81314e+06 1.55562e+06 2.62356e+06 3.21686e+06 3.843e+06 1.13348e+06 3.07943e+06 1.97215e+06 2.03268e+06 2.025e+06 2.42433e+06 2.27542e+06 1.05018e+06 2.36338e+06
reclaspred
 1.97712e+06 852384 415514 423194 176883 469338 207794 14622 27128.7 106273 259207 317910 275287 187858 211805 756205 1.21413e+06 1.54074e+06 1.74024e+06 1.11882e+06 1.99688e+06 2.01099e+06 1.61797e+06 1.90234e+06 1.52499e+06 974713 1.0916e+06 1.63536e+06 1.92657e+06 846149 673189
pelacesobs
 0 0 0 0 0 0 0 0 0 0 0 0 0 0 0 552880 188675 0 991730 2.46772e+06 1.41603e+06 1.21717e+06 2.29649e+06 1.80582e+06 0 1.4828e+06 1.56532e+06 1.57751e+06 1.42118e+06 867257 1.10002e+06
pelacespred
 791975 390164 186566 131519 73553.8 202798 55427.9 3268.5 5857.22 42104.9 118426 112462 112010 72717.4 93764.7 299865 485621 664154 830161 516179 864090 927317 744110 949021 773993 472859 595625 886915 862610 453136 334706
mphobs
 0 0 0 0 0 0 0 0 0 0 0 498337 0 5186 125008 0 168611 109162 213762 579715 649985 157893 87575 83554 0 0 0 0 0 0 0
mphpred
 1.80676e+06 1.09355e+06 331285 413052 187697 99212.6 386178 35705.1 1343.11 9157.72 90680.4 291330 176190 160955 91434.7 170189 923777 948965 1.12796e+06 1.37821e+06 769253 1.73489e+06 1.57091e+06 1.06471e+06 1.59758e+06 992935 563677 905261 1.81535e+06 1.07529e+06 405809
desembarqueobs
 494567 514787 250237 358949 120608 361735 552515 73892 212993 205616 52469 317467 293654 387597 252695 516296 358380 742168 942051 627588 828172 859565 418607 520667 417249 300574 415391 372974 316634 284311 391294
desembarquepred
 493844 514621 249809 358617 120370 361863 552108 73668.2 212823 205299 52524.3 318275 294579 387377 251733 516306 359203 740946 941780 626687 826830 858439 418180 521210 417666 301272 415263 373037 316313 283509 390831
Reclutas
 4040.06 4828.15 250841 7188.06 23569.5 239638 1955.84 1185.56 28671.6 82761.8 110187 63437.3 112067 67100.8 75131.1 482532 116851 409154 636837 32159.8 615968 533511 60607 348012 156479 46756.1 284018 393292 41664.6 7214.76 178257
log_desv_Rt
 -2.82206 -2.64385 1.30651 -2.24589 -1.05836 1.26081 -3.5475 -4.0481 -0.862408 0.197652 0.483866 -0.0682629 0.500778 -0.0121186 0.100919 1.96073 0.542583 1.79578 2.2382 -0.747596 2.20488 2.06116 -0.113904 1.63392 0.834605 -0.37337 1.43072 1.75624 -0.488662 -2.24219 0.964912
SSB
 1.80676e+06 1.09355e+06 331285 413052 187697 99212.6 386178 35705.1 1343.11 9157.72 90680.4 291330 176190 160955 91434.7 170189 923777 948965 1.12796e+06 1.37821e+06 769253 1.73489e+06 1.57091e+06 1.06471e+06 1.59758e+06 992935 563677 905261 1.81535e+06 1.07529e+06 405809
BT
 2.21104e+06 1.4148e+06 826096 568722 301972 1.18483e+06 620345 78037.1 209901 386470 495395 590194 677722 669763 630475 1.66856e+06 1.61235e+06 2.8735e+06 3.79031e+06 1.8419e+06 3.97865e+06 3.50303e+06 2.22559e+06 3.80785e+06 2.39164e+06 1.50093e+06 2.66005e+06 3.53808e+06 2.30897e+06 1.36187e+06 1.60627e+06
Ftot
 0.234602 0.547569 0.553263 0.749053 0.615205 0.709669 1.91091 2.93481 4.92411 1.67162 0.192293 0.879504 0.94896 1.67736 1.05828 0.631693 0.277412 0.445867 0.500415 0.51076 0.38712 0.396508 0.242769 0.258284 0.257102 0.28914 0.356623 0.215898 0.155431 0.312257 0.536509
BD_Bspro_t
 0.963159 0.725195 0.423141 0.488598 0.289056 0.231972 0.419227 0.0589441 0.00375765 0.0297864 0.254713 0.559863 0.341984 0.291678 0.186786 0.297683 0.583338 0.565322 0.568223 0.569801 0.391238 0.579856 0.588222 0.542478 0.663827 0.613255 0.543814 0.671092 0.781933 0.682009 0.499829
BD_Bspro
 3.72697 2.25577 0.683372 0.852041 0.387179 0.204655 0.796606 0.0736523 0.00277055 0.0188905 0.187055 0.600954 0.363443 0.332016 0.188611 0.351065 1.90556 1.95752 2.32675 2.84297 1.58681 3.57871 3.24047 2.19628 3.29547 2.04822 1.16275 1.86737 3.7447 2.21811 0.837099
BD_Bo
 1.03811 0.628322 0.190347 0.237328 0.107845 0.0570047 0.221887 0.0205151 0.00077171 0.00526176 0.0521023 0.16739 0.101233 0.0924799 0.0525357 0.0977856 0.530775 0.545248 0.648092 0.791881 0.44199 0.996815 0.9026 0.611752 0.917921 0.570512 0.323872 0.520136 1.04305 0.617833 0.233166
BD_Brms
 4.41079 2.66966 0.808758 1.00837 0.458219 0.242205 0.942768 0.087166 0.00327889 0.0223565 0.221376 0.711217 0.430127 0.392935 0.223217 0.415478 2.25519 2.31668 2.75366 3.3646 1.87796 4.23533 3.83503 2.59925 3.90013 2.42403 1.37609 2.20999 4.43178 2.62509 0.990691
Sel_flota
 0.5 1 1 1 1
 0.5 1 1 1 1
 0.5 1 1 1 1
 0.5 1 1 1 1
 0.5 1 1 1 1
 0.5 1 1 1 1
 0.5 1 1 1 1
 0.5 1 1 1 1
 0.5 1 1 1 1
 0.5 1 1 1 1
 0.5 1 1 1 1
 0.5 1 1 1 1
 0.5 1 1 1 1
 0.5 1 1 1 1
 0.5 1 1 1 1
 0.5 1 1 1 1
 0.5 1 1 1 1
 0.5 1 1 1 1
 0.5 1 1 1 1
 0.5 1 1 1 1
 0.5 1 1 1 1
 0.5 1 1 1 1
 0.5 1 1 1 1
 0.5 1 1 1 1
 0.5 1 1 1 1
 0.5 1 1 1 1
 0.5 1 1 1 1
 0.5 1 1 1 1
 0.5 1 1 1 1
 0.5 1 1 1 1
 0.5 1 1 1 1
Sel_reclas
 0.5 1 1 1 1
 0.5 1 1 1 1
 0.5 1 1 1 1
 0.5 1 1 1 1
 0.5 1 1 1 1
 0.5 1 1 1 1
 0.5 1 1 1 1
 0.5 1 1 1 1
 0.5 1 1 1 1
 0.5 1 1 1 1
 0.5 1 1 1 1
 0.5 1 1 1 1
 0.5 1 1 1 1
 0.5 1 1 1 1
 0.5 1 1 1 1
 0.5 1 1 1 1
 0.5 1 1 1 1
 0.5 1 1 1 1
 0.5 1 1 1 1
 0.5 1 1 1 1
 0.5 1 1 1 1
 0.5 1 1 1 1
 0.5 1 1 1 1
 0.5 1 1 1 1
 0.5 1 1 1 1
 0.5 1 1 1 1
 0.5 1 1 1 1
 0.5 1 1 1 1
 0.5 1 1 1 1
 0.5 1 1 1 1
 0.5 1 1 1 1
Sel_pelaces
 0.5 1 1 1 1
 0.5 1 1 1 1
 0.5 1 1 1 1
 0.5 1 1 1 1
 0.5 1 1 1 1
 0.5 1 1 1 1
 0.5 1 1 1 1
 0.5 1 1 1 1
 0.5 1 1 1 1
 0.5 1 1 1 1
 0.5 1 1 1 1
 0.5 1 1 1 1
 0.5 1 1 1 1
 0.5 1 1 1 1
 0.5 1 1 1 1
 0.5 1 1 1 1
 0.5 1 1 1 1
 0.5 1 1 1 1
 0.5 1 1 1 1
 0.5 1 1 1 1
 0.5 1 1 1 1
 0.5 1 1 1 1
 0.5 1 1 1 1
 0.5 1 1 1 1
 0.5 1 1 1 1
 0.5 1 1 1 1
 0.5 1 1 1 1
 0.5 1 1 1 1
 0.5 1 1 1 1
 0.5 1 1 1 1
 0.5 1 1 1 1
pf_obs 
 0.8446 0.082 0.0669 0.0065 0
 0.8095 0.147 0.0364 0.0071 0
 0.9664 0.0169 0.016 0.0007 0
 0.9276 0.0648 0.0075 0.0001 0
 0.7033 0.2144 0.0806 0.0017 0
 0.9318 0.0425 0.0243 0.0014 0
 0.5671 0.3108 0.0964 0.0239 0.0018
 0.0768 0.2599 0.5324 0.112 0.0189
 0.490249 0.384438 0.106611 0.0170017 0.00170017
 0.7925 0.1577 0.0466 0.003 0.0002
 0.840416 0.127587 0.0312969 0.00059994 9.999e-05
 0.8084 0.0986 0.0794 0.0134 0.0002
 0.7335 0.1905 0.0724 0.0035 0.0001
 0.4001 0.4547 0.1325 0.0127 0
 0.49795 0.308269 0.164784 0.0264974 0.00249975
 0.9179 0.0499 0.0305 0.0017 0
 0.2467 0.6533 0.0926 0.0074 0
 0.9418 0.0223 0.034 0.0019 0
 0.707729 0.231977 0.0356964 0.0245975 0
 0.517169 0.277429 0.184464 0.0207286 0.00020938
 0.811772 0.124168 0.05621 0.00726502 0.000585176
 0.764997 0.148141 0.077277 0.00933861 0.000247198
 0.163321 0.427699 0.378323 0.0303852 0.000271297
 0.753843 0.0900009 0.118128 0.0371064 0.000921714
 0.721811 0.176058 0.0630433 0.0369309 0.00215725
 0.143369 0.312575 0.442814 0.0836902 0.0175525
 0.692698 0.0596174 0.167031 0.0765114 0.00414204
 0.394062 0.376323 0.152708 0.0712218 0.00568511
 0.125707 0.32114 0.495352 0.0537591 0.00404204
 0.23352 0.215282 0.420074 0.123614 0.00750983
 0.796117 0.104755 0.0508955 0.0450114 0.00322123
pf_pred 
 0.00896785 0.984611 0.004504 0.00134333 0.000574272
 0.0372123 0.0183301 0.938338 0.00429233 0.00182749
 0.896436 0.00867711 0.00180651 0.0924772 0.000603134
 0.0533483 0.902657 0.0036861 0.000767421 0.0395413
 0.476153 0.0653138 0.437224 0.00178545 0.0195245
 0.936582 0.0435888 0.00247227 0.0165499 0.000806629
 0.0203889 0.953725 0.0177923 0.00100914 0.00708466
 0.191188 0.0599634 0.729061 0.013601 0.00618719
 0.99277 0.00418943 0.000225443 0.00274103 7.43973e-05
 0.983722 0.0162691 4.86402e-06 2.61744e-07 3.26877e-06
 0.812033 0.187085 0.000881297 2.63484e-07 1.91248e-07
 0.477226 0.471256 0.0512764 0.000241546 1.24633e-07
 0.757932 0.1711 0.0639741 0.0069609 3.28074e-05
 0.606022 0.352366 0.0294119 0.0109971 0.00120221
 0.782196 0.183836 0.0303799 0.0025358 0.00105178
 0.938299 0.0561362 0.00469699 0.000776202 9.16621e-05
 0.317255 0.664767 0.0163567 0.00136859 0.000252874
 0.749855 0.12568 0.121187 0.00298183 0.000295593
 0.717791 0.24633 0.0180264 0.017382 0.000470084
 0.0768829 0.789861 0.116314 0.00851187 0.00842956
 0.855351 0.0235771 0.103595 0.0152552 0.00222196
 0.589633 0.38166 0.00467913 0.0205594 0.00346853
 0.131251 0.663856 0.19056 0.00233626 0.011997
 0.69474 0.0748475 0.17607 0.0505409 0.00380151
 0.378323 0.516606 0.0257627 0.0606037 0.0187048
 0.217477 0.444384 0.280989 0.0140126 0.0431369
 0.794427 0.077579 0.0726861 0.0459601 0.00934772
 0.677979 0.288498 0.0126507 0.0118528 0.009019
 0.119266 0.720308 0.143725 0.0063024 0.010398
 0.0564387 0.208452 0.601209 0.119961 0.0139391
 0.834902 0.0191723 0.032238 0.0929797 0.0207083
pobs_RECLAS
 0 0 0 0 0
 0 0 0 0 0
 0 0 0 0 0
 0 0 0 0 0
 0 0 0 0 0
 0 0 0 0 0
 0 0 0 0 0
 0 0 0 0 0
 0 0 0 0 0
 0 0 0 0 0
 0.991045 0.00858322 0.000360255 1.14367e-05 0
 0.934742 0.0480273 0.0164251 0.00080598 0
 0.827803 0.169806 0.00239088 0 0
 0.941827 0.0461693 0.0120037 0 0
 0.791401 0.0380133 0.147996 0.0225897 0
 0.846168 0.0940531 0.0597789 0 0
 0.134021 0.677848 0.182769 0.00536245 0
 0.80878 0.0450904 0.141981 0.00414843 0
 0.846168 0.0940531 0.0597789 0 0
 0.905697 0.0802665 0.012482 0.00150086 5.37128e-05
 0.989698 0.0102097 9.19794e-05 0 0
 0.975433 0.0193895 0.00387452 0.00125025 5.28907e-05
 0.303575 0.632131 0.0575291 0.00676475 0
 0.966965 0.00978017 0.0227588 0.000495775 0
 0.843318 0.132988 0.00938335 0.0141283 0.000182051
 0.564624 0.303363 0.111486 0.0197234 0.00080311
 0.826376 0.0876187 0.0782897 0.00655872 0.00115652
 0.89761 0.0855135 0.0140674 0.00269457 0.000114338
 0.34875 0.467042 0.161289 0.0227151 0.000203297
 0.318654 0.224769 0.449479 0.00709798 0
 0.937255 0.0296025 0.0250945 0.00804832 0
ppred_RECLAS
 0.00906828 0.984511 0.00450355 0.0013432 0.000574214
 0.0383448 0.0183085 0.937234 0.00428728 0.00182534
 0.899331 0.00843459 0.00175602 0.0898926 0.000586278
 0.0557644 0.900353 0.0036767 0.000765462 0.0394404
 0.485184 0.0641878 0.429686 0.00175467 0.0191879
 0.939124 0.041842 0.0023732 0.0158867 0.000774304
 0.024229 0.949986 0.0177225 0.00100519 0.00705689
 0.248537 0.0557117 0.677366 0.0126366 0.00574848
 0.996478 0.0020406 0.000109809 0.00133511 3.62376e-05
 0.985886 0.0141069 4.21759e-06 2.26958e-07 2.83435e-06
 0.813399 0.185726 0.000874893 2.61569e-07 1.89858e-07
 0.49175 0.458163 0.0498518 0.000234835 1.2117e-07
 0.769576 0.16287 0.060897 0.00662608 3.12294e-05
 0.640182 0.321815 0.0268617 0.0100436 0.00109797
 0.794716 0.173269 0.0286336 0.00239003 0.000991322
 0.940431 0.0541961 0.00453466 0.000749376 8.84943e-05
 0.320215 0.661885 0.0162858 0.00136265 0.000251778
 0.754345 0.123424 0.119012 0.00292832 0.000290288
 0.72339 0.241444 0.0176688 0.0170372 0.00046076
 0.0789323 0.788108 0.116056 0.00849297 0.00841085
 0.857839 0.0231716 0.101813 0.0149928 0.00218374
 0.594669 0.376976 0.00462171 0.0203071 0.00342597
 0.132589 0.662833 0.190266 0.00233266 0.0119785
 0.697395 0.0741964 0.174539 0.0501013 0.00376845
 0.381264 0.514162 0.0256408 0.060317 0.0186163
 0.219922 0.442996 0.280111 0.0139689 0.0430022
 0.797407 0.0764544 0.0716325 0.0452939 0.00921222
 0.680208 0.286502 0.0125632 0.0117708 0.0089566
 0.120012 0.719698 0.143604 0.00629706 0.0103892
 0.0572786 0.208266 0.600674 0.119854 0.0139267
 0.839044 0.0186913 0.0314292 0.0906468 0.0201887
pobs_PELACES
 0 0 0 0 0
 0 0 0 0 0
 0 0 0 0 0
 0 0 0 0 0
 0 0 0 0 0
 0 0 0 0 0
 0 0 0 0 0
 0 0 0 0 0
 0 0 0 0 0
 0 0 0 0 0
 0 0 0 0 0
 0 0 0 0 0
 0 0 0 0 0
 0 0 0 0 0
 0 0 0 0 0
 0 0 0 0 0
 0.505614 0.472636 0.0217494 0 0
 0 0 0 0 0
 0.443492 0.261883 0.143347 0.151278 0
 0.227955 0.32914 0.350689 0.0885471 0.00366901
 0.970185 0.0296113 0.000203453 0 0
 0.997202 0.00247181 0.000326279 0 0
 0.445219 0.490057 0.0546422 0.010081 0
 0.90214 0.0892962 0.00764917 0.000914606 0
 0 0 0 0 0
 0.581667 0.319106 0.0959925 0.00289975 0.000334073
 0.762889 0.0836404 0.116647 0.0363945 0.000428098
 0.88444 0.0763242 0.0277011 0.0115352 0
 0.521256 0.241999 0.230069 0.00667565 0
 0.616807 0.101726 0.260614 0.0208532 0
 0.833518 0.0704572 0.0857862 0.0102388 0
ppred_PELACES
 0.00942282 0.984159 0.00450194 0.00134272 0.000574009
 0.0418189 0.0182424 0.933848 0.00427179 0.00181874
 0.907299 0.00776693 0.00161702 0.0827769 0.000539869
 0.062641 0.893796 0.00364992 0.000759887 0.0391531
 0.510555 0.0610245 0.40851 0.0016682 0.0182423
 0.945484 0.0374705 0.00212526 0.0142269 0.000693408
 0.0329144 0.94153 0.0175648 0.00099624 0.00699407
 0.349285 0.0482425 0.586553 0.0109425 0.00497779
 0.998434 0.000907308 4.88243e-05 0.000593627 1.61123e-05
 0.989251 0.010743 3.21187e-06 1.72838e-07 2.15848e-06
 0.818167 0.18098 0.000852538 2.54886e-07 1.85007e-07
 0.528 0.425486 0.0462963 0.000218086 1.12528e-07
 0.796165 0.144076 0.0538699 0.00586148 2.76257e-05
 0.701179 0.26726 0.0223081 0.00834097 0.000911842
 0.821744 0.150456 0.0248636 0.00207536 0.000860804
 0.946009 0.0491213 0.00411005 0.000679207 8.02079e-05
 0.33026 0.652104 0.0160451 0.00134252 0.000248057
 0.767721 0.116704 0.112532 0.00276886 0.000274481
 0.739603 0.227291 0.0166332 0.0160386 0.000433752
 0.0852808 0.782676 0.115256 0.00843443 0.00835287
 0.865452 0.0219307 0.0963604 0.0141899 0.0020668
 0.610336 0.362405 0.00444307 0.0195222 0.00329354
 0.137264 0.659261 0.189241 0.00232009 0.011914
 0.706312 0.07201 0.169395 0.0486249 0.0036574
 0.39132 0.505805 0.025224 0.0593367 0.0183137
 0.228216 0.438286 0.277133 0.0138203 0.042545
 0.806747 0.0729297 0.0683301 0.0432058 0.00878752
 0.687906 0.279605 0.0122607 0.0114875 0.00874098
 0.122747 0.717461 0.143157 0.00627749 0.0103569
 0.060125 0.207638 0.59886 0.119493 0.0138847
 0.850643 0.0173443 0.0291642 0.0841143 0.0187338
pobs_pel_tallas
 0 0 0 0 0 0 0 0 0 0 0 0 0 0 0 0 0 0 0 0 0 0 0 0 0 0
 0 0 0 0 0 0 0 0 0 0 0 0 0 0 0 0 0 0 0 0 0 0 0 0 0 0
 0 0 0 0 0 0 0 0 0 0 0 0 0 0 0 0 0 0 0 0 0 0 0 0 0 0
 0 0 0 0 0 0 0 0 0 0 0 0 0 0 0 0 0 0 0 0 0 0 0 0 0 0
 0 0 0 0 0 0 0 0 0 0 0 0 0 0 0 0 0 0 0 0 0 0 0 0 0 0
 0 0 0 0 0 0 0 0 0 0 0 0 0 0 0 0 0 0 0 0 0 0 0 0 0 0
 0 0 0 0 0 0 0 0 0 0 0 0 0 0 0 0 0 0 0 0 0 0 0 0 0 0
 0 0 0 0 0 0 0 0 0 0 0 0 0 0 0 0 0 0 0 0 0 0 0 0 0 0
 0 0 0 0 0 0 0 0 0 0 0 0 0 0 0 0 0 0 0 0 0 0 0 0 0 0
 0 0 0 0 0 0 0 0 0 0 0 0 0 0 0 0 0 0 0 0 0 0 0 0 0 0
 0 0 0 0 0 0 0 0 0 0 0 0 0 0 0 0 0 0 0 0 0 0 0 0 0 0
 0 0 0 0 0 0 0 0 0 0 0 0 0 0 0 0 0 0 0 0 0 0 0 0 0 0
 0.00862536 0 0 0.000197151 0.00414017 0.0128641 0.00837892 0.0270097 0.101434 0.158115 0.152841 0.127902 0.109271 0.109419 0.0830992 0.0579132 0.0238553 0.00714673 0.00463305 0.00128148 0.00103504 0.000492878 0.000147863 0.000147863 4.92878e-05 0
 0 0 0 0 0 0 0 0 0 0 0 0 0 0 0 0 0 0 0 0 0 0 0 0 0 0
 0 0 0 0 0 0 0 0.0054083 0.00873648 0.0413646 0.0450493 0.0745869 0.0622846 0.0627006 0.0613931 0.0827291 0.12552 0.122667 0.0946155 0.0697135 0.0546179 0.0294188 0.0215738 0.0213955 0.0102223 0.00600262
 0 0 0 0 0.00359764 0.0251062 0.0480494 0.140153 0.205849 0.193036 0.1447 0.116669 0.0760912 0.0342217 0.00950174 0.001854 0.000860785 0 0 0 0.000165536 0 0.000143464 0 0 0
 0 0 0 0 0 0 0 0.000145254 0.000435761 0.0275982 0.070085 0.0708112 0.156366 0.174668 0.174014 0.160142 0.0824315 0.0480064 0.0283245 0.00493863 0.00203355 0 0 0 0 0
 0 0 0 0 0 0 0 0 0 0 0 0 0 0 0 0 0 0 0 0 0 0 0 0 0 0
 0 0 1.00437e-05 0.000401748 0.00122533 0.00171747 0.00176769 0.0269171 0.070346 0.194647 0.189555 0.159765 0.064822 0.0314167 0.0384472 0.0292271 0.0345202 0.0313363 0.0194345 0.0106764 0.0143323 0.0359363 0.0279516 0.0138201 0.00172751 0
 0 0.0021121 0.0136068 0.0755702 0.200478 0.177729 0.0527432 0.0373336 0.0318909 0.0142505 0.0149659 0.0166563 0.0217959 0.0798694 0.0677717 0.0528807 0.04013 0.0224614 0.0357745 0.0225083 0.00881397 0.00855152 0.00135912 0.000746735 0 0
 0 0 0 0 5.4009e-05 0.00500934 0.000945158 0.0243581 0.138947 0.33067 0.221406 0.137944 0.0707744 0.0437923 0.0131692 0.00525238 0.0047753 0.00276346 9.45158e-05 9.00151e-06 2.25038e-05 9.00151e-06 4.50075e-06 0 0 0
 0.000866109 0.00284123 0.00948549 0.0512746 0.133035 0.25785 0.225252 0.132002 0.0553304 0.0519788 0.0540692 0.017754 0.00435017 0.00159236 0.00146478 0.000404838 0.000125132 0.000115318 0.000107957 0.000100596 0 0 0 0 0 0
 0 0 0 0 0.00144013 0.00171154 0.00461396 0.0210425 0.0478622 0.0707936 0.0888783 0.103762 0.0637923 0.0337046 0.0602308 0.124433 0.169614 0.0934646 0.0462172 0.0250306 0.0313229 0.00938855 0.002487 0.000210481 0 0
 0 0.00764035 0.051015 0.0998891 0.058973 0.0496711 0.0374665 0.0718981 0.12319 0.153886 0.159021 0.0857701 0.0377988 0.023471 0.0147837 0.00900784 0.00315554 0.000888139 0.00291439 0.00214683 0.00393193 0.00274676 0.000635225 9.99891e-05 0 0
 0 0 0 0 0 0 0 0 0 0 0 0 0 0 0 0 0 0 0 0 0 0 0 0 0 0
 0 0 0 0 0 0 0 0 0 0 0 0 0 0 0 0 0 0 0 0 0 0 0 0 0 0
 0 0 0 0 0 0 0 0 0 0 0 0 0 0 0 0 0 0 0 0 0 0 0 0 0 0
 0 0 0 0 0 0 0 0 0 0 0 0 0 0 0 0 0 0 0 0 0 0 0 0 0 0
 0 0 0 0 0 0 0 0 0 0 0 0 0 0 0 0 0 0 0 0 0 0 0 0 0 0
 0 0 0 0 0 0 0 0 0 0 0 0 0 0 0 0 0 0 0 0 0 0 0 0 0 0
 0 0 0 0 0 0 0 0 0 0 0 0 0 0 0 0 0 0 0 0 0 0 0 0 0 0
ppred_pel_tallas
 1.00614e-16 7.76349e-07 7.54649e-06 5.01537e-05 0.000228049 0.000710054 0.00151634 0.00223299 0.00232762 0.00197865 0.00226172 0.00470693 0.011282 0.024491 0.046394 0.0764212 0.109439 0.136258 0.147517 0.138906 0.113824 0.0812612 0.0506788 0.0277818 0.0135876 0.00613787
 1.2769e-16 3.44458e-06 3.34825e-05 0.000222503 0.00101147 0.00314707 0.00670528 0.0097872 0.0097904 0.00672158 0.00320593 0.00119973 0.000763828 0.0014421 0.00334133 0.00723993 0.0144198 0.0264017 0.0443936 0.0683972 0.0962921 0.123551 0.144175 0.152784 0.146894 0.128076
 1.08442e-16 7.4733e-05 0.000726432 0.00482739 0.0219446 0.0682779 0.145473 0.212323 0.212324 0.145477 0.0682908 0.0219825 0.00492433 0.000944877 0.000511244 0.000788513 0.00128705 0.00198727 0.00296808 0.00437167 0.00635818 0.0089972 0.0121415 0.0153689 0.0180558 0.0195742
 1.07036e-16 5.15984e-06 5.01556e-05 0.000333306 0.00151521 0.00471485 0.0100487 0.0146843 0.0147703 0.0104686 0.00612419 0.00558342 0.0105358 0.0222916 0.042156 0.0694512 0.0995057 0.12401 0.134523 0.127221 0.105285 0.0769544 0.0508227 0.031958 0.0210391 0.0159485
 1.15059e-16 4.20537e-05 0.000408777 0.00271647 0.0123487 0.0384214 0.081861 0.11948 0.119486 0.0818931 0.0385308 0.0126727 0.00355948 0.00234722 0.00401036 0.00730944 0.0122575 0.0190098 0.0276159 0.0378833 0.0491111 0.0598367 0.0679475 0.0713462 0.0688915 0.0610128
 1.01616e-16 7.78783e-05 0.000757004 0.00503056 0.0228682 0.0711515 0.151596 0.221259 0.221263 0.151614 0.0712107 0.0230394 0.00546025 0.00169532 0.00186103 0.00295719 0.00426361 0.00539116 0.00600905 0.00598468 0.00546772 0.00479289 0.00427121 0.00402827 0.00398645 0.00396414
 1.02032e-16 2.71131e-06 2.6355e-05 0.000175143 0.000796229 0.00247785 0.00528267 0.00772919 0.00781975 0.00572507 0.00396276 0.0050827 0.0109255 0.0234639 0.0444245 0.0732015 0.104894 0.130738 0.141808 0.133996 0.110538 0.0799813 0.051288 0.0298213 0.0164801 0.00935951
 1.18879e-16 2.87701e-05 0.000279656 0.00185841 0.00844807 0.0262851 0.0560034 0.0817398 0.0817453 0.056031 0.0263802 0.008734 0.00261914 0.00208233 0.00386727 0.00742637 0.0131973 0.0217851 0.0336184 0.0485631 0.0654378 0.0817435 0.0940459 0.0991224 0.095365 0.0835928
 1.00065e-16 8.22397e-05 0.000799399 0.00531229 0.0241489 0.0751362 0.160086 0.23365 0.23365 0.160086 0.0751376 0.024153 0.00532271 0.000822187 0.000125608 7.77461e-05 0.000104678 0.00013309 0.000150569 0.000154186 0.000147969 0.000140052 0.000137346 0.000141537 0.000148879 0.000153136
 1.00004e-16 8.14833e-05 0.000792047 0.00526343 0.0239268 0.0744451 0.158613 0.231501 0.231502 0.158618 0.0744621 0.0239757 0.00538602 0.00105926 0.000587774 0.000839616 0.00119422 0.00148605 0.00160788 0.00151239 0.00123674 0.000879304 0.000543678 0.000292506 0.000137154 5.63044e-05
 1.00072e-16 6.73913e-05 0.000655068 0.00435316 0.0197888 0.0615705 0.131183 0.191469 0.191487 0.131268 0.0618558 0.0206125 0.0064186 0.00515735 0.00859861 0.0140576 0.0201242 0.0250543 0.0271217 0.0255332 0.0209128 0.0149136 0.00927575 0.00505001 0.00242593 0.00104619
 1.01467e-16 4.34907e-05 0.000422746 0.00280929 0.0127707 0.0397345 0.0846601 0.123572 0.123613 0.0848603 0.0404068 0.014712 0.00768096 0.0110529 0.0202179 0.0333175 0.0478992 0.0600349 0.0657385 0.0631489 0.05363 0.0408453 0.0285928 0.0190828 0.0126428 0.00850952
 1.02184e-16 6.55791e-05 0.000637452 0.00423609 0.0192567 0.0599147 0.127655 0.186319 0.186333 0.127723 0.0601436 0.0199185 0.00589986 0.00427763 0.00700277 0.011535 0.0167534 0.0213639 0.0240804 0.0242878 0.0223676 0.0193686 0.0163102 0.0136854 0.0114608 0.00940273
 1.01703e-16 5.77553e-05 0.000561402 0.00373071 0.0169593 0.0527668 0.112426 0.164095 0.16412 0.112552 0.0531889 0.0181782 0.00678915 0.00723409 0.012719 0.0209057 0.0300399 0.0376295 0.0411757 0.0395284 0.0335758 0.0256554 0.0181766 0.0125192 0.00883913 0.00657626
 1.0111e-16 6.7686e-05 0.000657932 0.00437219 0.0198754 0.0618397 0.131757 0.192306 0.19232 0.131827 0.0620777 0.0205629 0.00609812 0.00442625 0.00722609 0.0118432 0.0170627 0.0214727 0.0236782 0.0230278 0.019989 0.0158164 0.0117918 0.00863355 0.00641434 0.00485703
 1.00213e-16 7.79215e-05 0.000757425 0.00503336 0.0228809 0.071191 0.15168 0.221383 0.221387 0.151703 0.0712686 0.0231049 0.0055954 0.00198359 0.00240431 0.00384531 0.00551717 0.00690684 0.00754926 0.00723085 0.0061132 0.00462567 0.00321321 0.00213437 0.00142473 0.000988478
 1.00807e-16 2.72032e-05 0.000264425 0.0017572 0.00798801 0.024854 0.0529564 0.0773046 0.0773673 0.0532628 0.0258826 0.0109572 0.00920412 0.0165006 0.0308023 0.0507207 0.0726893 0.090622 0.0983334 0.0929703 0.0767541 0.0555763 0.0356178 0.0205805 0.0111019 0.00590509
 1.03602e-16 6.32362e-05 0.000614678 0.00408475 0.0185687 0.0577742 0.123094 0.179662 0.179674 0.12315 0.0579618 0.0191125 0.0054568 0.00363309 0.00586352 0.00976936 0.0144741 0.0190435 0.0225332 0.0244463 0.0249272 0.0244793 0.0234785 0.0219316 0.0196436 0.0165594
 1.02221e-16 6.09202e-05 0.000592166 0.00393515 0.0178886 0.0556583 0.118587 0.173085 0.173107 0.118694 0.0560173 0.0189252 0.00653618 0.00626706 0.0108294 0.0177834 0.0255587 0.0320337 0.0350952 0.033783 0.0288719 0.0223615 0.0162935 0.0118068 0.00897476 0.00725408
 1.05786e-16 7.02463e-06 6.8282e-05 0.000453762 0.00206278 0.00641848 0.013678 0.0199793 0.0200547 0.0140466 0.00765617 0.00563762 0.00942705 0.0196568 0.0372079 0.0614967 0.0885737 0.111345 0.122557 0.118823 0.102617 0.0805402 0.0593611 0.0428992 0.031563 0.0238688
 1.0456e-16 7.12862e-05 0.000692927 0.00460474 0.0209325 0.0651288 0.138764 0.20253 0.202533 0.138775 0.0651666 0.0210436 0.00489075 0.00134115 0.00137239 0.0023388 0.00378868 0.00565499 0.00789592 0.0104569 0.0132158 0.0158934 0.0180288 0.0191023 0.018763 0.0170152
 1.02737e-16 5.02727e-05 0.000488668 0.00324737 0.0147621 0.0459306 0.0978613 0.142839 0.142874 0.0980316 0.0465022 0.0164123 0.0073863 0.00951318 0.0171581 0.028205 0.0404386 0.0504683 0.0548882 0.0521592 0.0435648 0.032409 0.022108 0.0146323 0.0101857 0.00788451
 1.07879e-16 1.13064e-05 0.000109902 0.000730342 0.00332007 0.0103303 0.0220122 0.0321408 0.0322044 0.0223234 0.0113758 0.00634154 0.00832135 0.0167032 0.0315889 0.0523702 0.0758199 0.0961239 0.107305 0.106521 0.0956412 0.0797723 0.0640184 0.0510697 0.0410323 0.0328117
 1.10403e-16 5.8178e-05 0.000565511 0.00375802 0.0170834 0.0531529 0.113248 0.16529 0.165298 0.113283 0.0532723 0.0174316 0.00464478 0.00254394 0.00394102 0.00675222 0.0104928 0.0148172 0.0193814 0.0239934 0.0285928 0.0329969 0.0366581 0.0387268 0.0384432 0.0355736
 1.09908e-16 3.22326e-05 0.000313313 0.00208208 0.00946484 0.0294489 0.0627458 0.0915895 0.0916382 0.0629837 0.0302476 0.0117713 0.00786924 0.0129396 0.0239921 0.0395648 0.0568905 0.0713585 0.0783284 0.0757523 0.065464 0.0520063 0.0399393 0.0316826 0.0271403 0.0247543
 1.16696e-16 1.8798e-05 0.000182723 0.00121426 0.00551988 0.0171746 0.0365939 0.0534188 0.0534614 0.0368021 0.0178748 0.00754652 0.0063178 0.011378 0.0214396 0.0358292 0.0525795 0.0681423 0.0788466 0.0829178 0.0813496 0.0768407 0.0717524 0.0668146 0.0613829 0.0546012
 1.07811e-16 6.64507e-05 0.000645924 0.00429239 0.0195126 0.060711 0.129351 0.188794 0.188801 0.129386 0.0608285 0.0198535 0.00515342 0.00254339 0.0037231 0.00619068 0.00924686 0.0123466 0.0149867 0.0169639 0.0184626 0.019826 0.0211958 0.0223329 0.022752 0.0220332
 1.03057e-16 5.6662e-05 0.000550775 0.00366009 0.0166383 0.051768 0.110298 0.160989 0.161016 0.11043 0.0522093 0.0179124 0.00685653 0.00752247 0.0132793 0.0218179 0.0313189 0.03917 0.0427592 0.0409061 0.0345898 0.026326 0.0187012 0.0131844 0.00989673 0.00814342
 1.06697e-16 1.01107e-05 9.82793e-05 0.000653104 0.00296896 0.0092379 0.0196849 0.0287452 0.0288144 0.0200231 0.0103737 0.00625016 0.00889209 0.0180929 0.0342108 0.0566068 0.0816917 0.103029 0.114024 0.111581 0.0978808 0.0787937 0.0602788 0.0456181 0.0350808 0.0273602
 1.31668e-16 4.95246e-06 4.81397e-05 0.000319906 0.00145426 0.00452486 0.00964145 0.0140764 0.0140973 0.00974418 0.00487245 0.00247006 0.00291443 0.00586026 0.0114786 0.0201074 0.0316276 0.0453481 0.0604163 0.0762504 0.0923916 0.107763 0.120107 0.126436 0.1244 0.113646
 1.12452e-16 7.00664e-05 0.00068107 0.00452595 0.0205743 0.0640143 0.136389 0.199065 0.199066 0.136398 0.0640433 0.0206592 0.0047431 0.00116932 0.00104086 0.00172939 0.00278051 0.00415959 0.00592805 0.00823236 0.0112485 0.0150288 0.0193324 0.0235685 0.0269235 0.0286286
pSPR Fmed_Fpbrs
0.461824   0.285357 0.285357
Fs Fmed_Fpbrs
0.549636   1.005 1.005
SSBpbr Bo_Bmed_Bpbrs
1.74043e+06  716752  409622 409622
Ro
67918.9
SPR SPRFo_SPRFmed_SPRFpbrs
484779 223883 138335
Fref
1.005
Nvult_r0
 128109 1782.05 2996.49 8642.36 1924.81
CTP_r0
 27097 622.244 1046.3 3017.69 672.095
YTP_r0
390831
Np
 158240 35220 6752.9 65.7754 125.494
Nvult_p0
 123020 30477.2 5843.55 56.9181 108.595
CTP_p0
 41143.2 21751.5 211.867 356.251 1248.53
 41143.2 15276.6 2929.06 28.53 54.4329
YTP_p0
 706609 617976
CBA_c0
680019
log_Ro
10.9461
likeval ReclasPelacesDesembMPH_pf_preclas_ppelaces_ptallas_desvR_qrecl_qpela
 58.4031 57.8183 0.443436 0.00219282 357.391 152.426 120.112 0 127.165 0 0 0.0574485 0 0 0
q_reclas_q_pelaces
1 1
M
1
N
 4040.06 232555 1063.8 317.281 135.637
 4828.15 1321.75 67661.9 309.512 131.777
 250841 1350.78 281.222 14396 93.8907
 7188.06 69978.6 285.766 59.4944 3065.44
 23569.5 1818.29 12172 49.7057 543.547
 239638 6374.79 361.566 2420.39 117.968
 1955.84 61824.1 1153.36 65.4165 459.255
 1185.56 276.751 3364.86 62.7734 28.5559
 28671.6 100.54 5.41031 65.7808 1.78543
 82761.8 899.29 0.268863 0.0144681 0.180684
 110187 13199.2 62.1771 0.0185893 0.0134929
 63437.3 36819.7 4006.28 18.8723 0.00973771
 112067 15033.8 5621.11 611.622 2.88264
 67100.8 25651.8 2141.14 800.571 87.5191
 75131.1 10670.8 1763.41 147.191 61.0511
 482532 16282.6 1362.38 225.141 26.587
 116851 129438 3184.84 266.48 49.2375
 409154 37419.5 36081.8 887.799 88.0087
 636837 120441 8813.86 8498.78 229.844
 32159.8 182419 26862.8 1965.82 1946.81
 615968 9164.51 40267.5 5929.76 863.683
 533511 186725 2289.24 10058.6 1696.96
 60607 160971 46206.8 566.493 2909.02
 348012 19747.5 46453.7 13334.5 1002.98
 156479 112516 5611.07 13199.4 4073.88
 46756.1 50621.1 32008.3 1596.22 4913.86
 284018 14885.3 13946.5 8818.51 1793.58
 393292 87420.1 3833.4 3591.63 2732.92
 41664.6 129879 25915.1 1136.39 1874.87
 7214.76 14181.5 40901.7 8161.24 948.311
 178257 2270.5 3817.82 11011.2 2452.4
pred_Ctot
 285.384 31333.3 143.331 42.749 18.2751
 747.42 368.166 18846.8 86.2128 36.7056
 39190.9 379.35 78.978 4042.97 26.3681
 1463.14 24756.4 101.096 21.0474 1084.46
 4044.91 554.841 3714.21 15.1674 165.861
 46569.8 2167.37 122.929 822.912 40.1081
 820.417 38376.4 715.934 40.6064 285.076
 645.276 202.382 2460.65 45.9047 20.8823
 19750.4 83.3456 4.48502 54.5307 1.48008
 31670.5 523.777 0.156595 0.00842674 0.105237
 6435.3 1482.64 6.98421 0.00208809 0.00151563
 14784.2 14599.2 1588.51 7.48296 0.00386106
 27807.8 6277.5 2347.15 255.389 1.20367
 25739.5 14966 1249.21 467.077 51.0613
 20363.8 4786.01 790.914 66.0172 27.3822
 84754.2 5070.64 424.267 70.1124 8.27961
 9675.53 20273.9 498.841 41.7387 7.71207
 52630.7 8821.21 8505.88 209.288 20.747
 90943.9 31209.9 2283.94 2202.3 59.5595
 4677.91 48058.8 7077.09 517.901 512.893
 69610.5 1918.76 8430.77 1241.51 180.828
 61637.6 39897 489.135 2149.19 362.585
 4422.85 22370.5 6421.44 78.7267 404.272
 26934.2 2901.74 6826.01 1959.41 147.38
 12058 16465.4 821.115 1931.58 596.164
 4025.59 8225.73 5201.21 259.38 798.482
 29750.7 2905.28 2722.04 1721.17 350.065
 25664.7 10921 478.888 448.685 341.411
 1981.85 11969.4 2388.29 104.727 172.785
 667.694 2466.08 7112.56 1419.19 164.906
 27097 622.244 1046.3 3017.69 672.095
F
 0.117301 0.234602 0.234602 0.234602 0.234602
 0.273784 0.547569 0.547569 0.547569 0.547569
 0.276631 0.553263 0.553263 0.553263 0.553263
 0.374527 0.749053 0.749053 0.749053 0.749053
 0.307602 0.615205 0.615205 0.615205 0.615205
 0.354835 0.709669 0.709669 0.709669 0.709669
 0.955453 1.91091 1.91091 1.91091 1.91091
 1.46741 2.93481 2.93481 2.93481 2.93481
 2.46206 4.92411 4.92411 4.92411 4.92411
 0.835809 1.67162 1.67162 1.67162 1.67162
 0.0961467 0.192293 0.192293 0.192293 0.192293
 0.439752 0.879504 0.879504 0.879504 0.879504
 0.47448 0.94896 0.94896 0.94896 0.94896
 0.838681 1.67736 1.67736 1.67736 1.67736
 0.52914 1.05828 1.05828 1.05828 1.05828
 0.315846 0.631693 0.631693 0.631693 0.631693
 0.138706 0.277412 0.277412 0.277412 0.277412
 0.222933 0.445867 0.445867 0.445867 0.445867
 0.250208 0.500415 0.500415 0.500415 0.500415
 0.25538 0.51076 0.51076 0.51076 0.51076
 0.19356 0.38712 0.38712 0.38712 0.38712
 0.198254 0.396508 0.396508 0.396508 0.396508
 0.121385 0.242769 0.242769 0.242769 0.242769
 0.129142 0.258284 0.258284 0.258284 0.258284
 0.128551 0.257102 0.257102 0.257102 0.257102
 0.14457 0.28914 0.28914 0.28914 0.28914
 0.178311 0.356623 0.356623 0.356623 0.356623
 0.107949 0.215898 0.215898 0.215898 0.215898
 0.0777156 0.155431 0.155431 0.155431 0.155431
 0.156129 0.312257 0.312257 0.312257 0.312257
 0.268255 0.536509 0.536509 0.536509 0.536509
YTP_r0W_actual
 224905 8773.64 28877.8 103205 25069.1
YTP_p0W_proyectada
 308162 340846 4900.47 10463.1 42237.8
 308162 239385 67749.2 837.927 1841.47
CTP_r0_actual
 27097 622.244 1046.3 3017.69 672.095
CTP_p0_proyectada
 41143.2 21751.5 211.867 356.251 1248.53
 41143.2 15276.6 2929.06 28.53 54.4329
Wmedp
 7.49 15.67 23.13 29.37 33.83
Frms_r0
 0.268255 0.536509 0.536509 0.536509 0.536509
Zrms_r0
 1.26825 1.53651 1.53651 1.53651 1.53651
nmprior
 8.19 8.8 8.5 0
nm_flota  nm_reclas  nm_pelaces    nm_pelaL
inf 6.52486 4.86597 7.82204
cv_recla  cv_pelaces  cv_mph
0.691262 0.862194 1.44513
 ------------------------------------------------
Talla a la edad & desviaci?n 
 8 13.2811 15.8009 17.003 17.5766
 0.8 1.32811 1.58009 1.7003 1.75766
