years
 1991 1992 1993 1994 1995 1996 1997 1998 1999 2000 2001 2002 2003 2004 2005 2006 2007 2008 2009 2010 2011 2012 2013 2014 2015 2016 2017 2018 2019 2020 2021
reclasobs
 0 0 0 0 0 0 0 0 0 252601 567819 844713 477998 351125 339783 2.1784e+06 2.13404e+06 4.81314e+06 1.55562e+06 2.62356e+06 3.21686e+06 3.843e+06 1.13348e+06 3.07943e+06 1.97215e+06 2.03268e+06 2.025e+06 2.42433e+06 2.27542e+06 1.05018e+06 2.36338e+06
reclaspred
 4.0289e+06 1.8382e+06 932495 706468 471112 2.53509e+06 1.30372e+06 841495 543384 262025 475512 791987 781433 555397 453327 1.57734e+06 1.00551e+06 3.84053e+06 2.94348e+06 1.94915e+06 3.19227e+06 2.84238e+06 1.75778e+06 3.14509e+06 2.25092e+06 1.76083e+06 2.29241e+06 2.89894e+06 2.20435e+06 941750 1.62604e+06
pelacesobs
 0 0 0 0 0 0 0 0 0 0 0 0 0 0 0 552880 188675 0 991730 2.46772e+06 1.41603e+06 1.21717e+06 2.29649e+06 1.80582e+06 0 1.4828e+06 1.56532e+06 1.57751e+06 1.42118e+06 867257 1.10002e+06
pelacespred
 3.16311e+06 1.33868e+06 563271 293079 246812 1.34023e+06 709536 653888 309639 106247 252206 343916 388249 250612 203242 639062 500879 2.01703e+06 1.69136e+06 990101 1.64149e+06 1.45633e+06 1.08752e+06 1.93881e+06 1.46829e+06 1.18284e+06 1.55121e+06 1.95601e+06 1.53112e+06 674574 904423
mphobs
 0 0 0 0 0 0 0 0 0 0 0 498337 0 5186 125008 0 168611 109162 213762 579715 649985 157893 87575 83554 0 0 0 0 0 0 0
mphpred
 722047 384088 146983 91111 57684.4 54312 299015 114393 79068.3 36310.8 15964.6 62286.6 71668.4 54193.3 28202 31977.6 175653 92346.9 422339 239424 233002 286113 303344 175247 340423 254341 173446 225675 398881 200940 71545.9
desembarqueobs
 494567 514787 250237 358949 120608 361735 552515 73892 212993 205616 52469 317467 293654 387597 252695 516296 358380 742168 942051 627588 828172 859565 418607 520667 417249 300574 415391 372974 316634 284311 391294
desembarquepred
 494513 514590 249980 358849 120585 361616 552137 73886.6 212927 205538 52464.5 317334 293481 387162 252504 515962 358314 741682 941031 626777 827974 858966 418416 520520 417027 300447 415209 372791 316459 284112 391170
Reclutas
 91300 81217.5 101660 70246.3 39812.2 256290 49437.7 15965.3 26376 35595.7 51038.1 107082 86913.8 67053.7 47251.5 262474 32592.7 453469 240049 198012 243143 387181 44284.2 186929 145056 52920.6 147070 177366 40938.4 26691 133643
log_desv_Rt
 0.0275659 -0.0894539 0.13505 -0.234577 -0.80241 1.05973 -0.585871 -1.71617 -1.21413 -0.914361 -0.554013 0.187013 -0.0216681 -0.28109 -0.6311 1.08357 -1.0025 1.63034 0.99426 0.801741 1.00707 1.47231 -0.695956 0.744145 0.490538 -0.517792 0.504321 0.691631 -0.774516 -1.20226 0.408589
SSB
 1.13417e+06 603312 230876 143114 90608.6 85311.4 469682 179684 124198 57035.7 25076.7 97837.7 112574 85125 44298.7 50229.2 275909 145055 663395 376079 365992 449416 476482 275272 534724 399510 272444 354482 626549 315630 112382
BT
 1.63684e+06 1.0488e+06 473877 432292 221067 1.23695e+06 796230 369447 368330 255978 210108 473838 499945 562706 386246 858762 516807 2.05067e+06 1.80403e+06 1.05774e+06 1.68629e+06 1.5889e+06 854358 1.70209e+06 1.09774e+06 829809 1.36973e+06 1.54793e+06 912107 560273 967307
Ftot
 0.397422 0.874326 0.877959 1.56122 0.853856 0.558342 1.23452 0.296226 1.27885 2.29279 0.431576 1.36163 1.26838 2.17448 1.87942 1.22738 1.08547 0.744817 1.04635 1.08402 0.905931 1.0464 0.749568 0.617355 0.624 0.564963 0.663098 0.479016 0.454665 0.933157 0.901474
BD_Bspro_t
 0.938803 0.610313 0.326338 0.246226 0.156356 0.184611 0.462542 0.222752 0.216799 0.137515 0.0881741 0.342967 0.254265 0.176509 0.0969648 0.111505 0.292471 0.177063 0.414599 0.265633 0.225 0.260598 0.289624 0.215496 0.377139 0.36688 0.336633 0.427933 0.542721 0.380669 0.217189
BD_Bspro
 1.78906 0.951677 0.364188 0.225751 0.142928 0.134572 0.740887 0.283437 0.195912 0.0899692 0.0395565 0.154331 0.177577 0.134278 0.0698777 0.0792327 0.435225 0.228813 1.04645 0.593234 0.577323 0.708918 0.751612 0.43422 0.843485 0.630196 0.429758 0.559167 0.988331 0.497882 0.177273
BD_Bo
 0.940067 0.500063 0.191364 0.118622 0.075102 0.0707114 0.389302 0.148933 0.102943 0.0472747 0.0207851 0.0810939 0.0933085 0.0705569 0.0367175 0.0416331 0.22869 0.120231 0.549863 0.311717 0.303357 0.372504 0.394938 0.228163 0.443213 0.331139 0.225818 0.293817 0.519323 0.261614 0.093149
BD_Brms
 4.56536 2.42852 0.929344 0.576077 0.364727 0.343404 1.89061 0.723283 0.499934 0.229586 0.100941 0.393826 0.453145 0.342654 0.178316 0.202188 1.11062 0.583892 2.67037 1.51383 1.47323 1.80903 1.91798 1.10805 2.15243 1.60815 1.09667 1.4269 2.52205 1.27051 0.452371
Sel_flota
 0.619994 0.968749 0.998305 0.999911 0.999995
 0.619994 0.968749 0.998305 0.999911 0.999995
 0.619994 0.968749 0.998305 0.999911 0.999995
 0.619994 0.968749 0.998305 0.999911 0.999995
 0.619994 0.968749 0.998305 0.999911 0.999995
 0.619994 0.968749 0.998305 0.999911 0.999995
 0.619994 0.968749 0.998305 0.999911 0.999995
 0.619994 0.968749 0.998305 0.999911 0.999995
 0.619994 0.968749 0.998305 0.999911 0.999995
 0.619994 0.968749 0.998305 0.999911 0.999995
 0.619994 0.968749 0.998305 0.999911 0.999995
 0.619994 0.968749 0.998305 0.999911 0.999995
 0.619994 0.968749 0.998305 0.999911 0.999995
 0.619994 0.968749 0.998305 0.999911 0.999995
 0.619994 0.968749 0.998305 0.999911 0.999995
 0.619994 0.968749 0.998305 0.999911 0.999995
 0.619994 0.968749 0.998305 0.999911 0.999995
 0.619994 0.968749 0.998305 0.999911 0.999995
 0.619994 0.968749 0.998305 0.999911 0.999995
 0.619994 0.968749 0.998305 0.999911 0.999995
 0.619994 0.968749 0.998305 0.999911 0.999995
 0.619994 0.968749 0.998305 0.999911 0.999995
 0.619994 0.968749 0.998305 0.999911 0.999995
 0.619994 0.968749 0.998305 0.999911 0.999995
 0.619994 0.968749 0.998305 0.999911 0.999995
 0.619994 0.968749 0.998305 0.999911 0.999995
 0.619994 0.968749 0.998305 0.999911 0.999995
 0.619994 0.968749 0.998305 0.999911 0.999995
 0.619994 0.968749 0.998305 0.999911 0.999995
 0.619994 0.968749 0.998305 0.999911 0.999995
 0.619994 0.968749 0.998305 0.999911 0.999995
Sel_reclas
 0.801801 0.953182 0.990334 0.998064 0.999615
 0.801801 0.953182 0.990334 0.998064 0.999615
 0.801801 0.953182 0.990334 0.998064 0.999615
 0.801801 0.953182 0.990334 0.998064 0.999615
 0.801801 0.953182 0.990334 0.998064 0.999615
 0.801801 0.953182 0.990334 0.998064 0.999615
 0.801801 0.953182 0.990334 0.998064 0.999615
 0.801801 0.953182 0.990334 0.998064 0.999615
 0.801801 0.953182 0.990334 0.998064 0.999615
 0.801801 0.953182 0.990334 0.998064 0.999615
 0.801801 0.953182 0.990334 0.998064 0.999615
 0.801801 0.953182 0.990334 0.998064 0.999615
 0.801801 0.953182 0.990334 0.998064 0.999615
 0.801801 0.953182 0.990334 0.998064 0.999615
 0.801801 0.953182 0.990334 0.998064 0.999615
 0.801801 0.953182 0.990334 0.998064 0.999615
 0.801801 0.953182 0.990334 0.998064 0.999615
 0.801801 0.953182 0.990334 0.998064 0.999615
 0.801801 0.953182 0.990334 0.998064 0.999615
 0.801801 0.953182 0.990334 0.998064 0.999615
 0.801801 0.953182 0.990334 0.998064 0.999615
 0.801801 0.953182 0.990334 0.998064 0.999615
 0.801801 0.953182 0.990334 0.998064 0.999615
 0.801801 0.953182 0.990334 0.998064 0.999615
 0.801801 0.953182 0.990334 0.998064 0.999615
 0.801801 0.953182 0.990334 0.998064 0.999615
 0.801801 0.953182 0.990334 0.998064 0.999615
 0.801801 0.953182 0.990334 0.998064 0.999615
 0.801801 0.953182 0.990334 0.998064 0.999615
 0.801801 0.953182 0.990334 0.998064 0.999615
 0.801801 0.953182 0.990334 0.998064 0.999615
Sel_pelaces
 0.445097 0.801459 0.953086 0.990314 0.99806
 0.445097 0.801459 0.953086 0.990314 0.99806
 0.445097 0.801459 0.953086 0.990314 0.99806
 0.445097 0.801459 0.953086 0.990314 0.99806
 0.445097 0.801459 0.953086 0.990314 0.99806
 0.445097 0.801459 0.953086 0.990314 0.99806
 0.445097 0.801459 0.953086 0.990314 0.99806
 0.445097 0.801459 0.953086 0.990314 0.99806
 0.445097 0.801459 0.953086 0.990314 0.99806
 0.445097 0.801459 0.953086 0.990314 0.99806
 0.445097 0.801459 0.953086 0.990314 0.99806
 0.445097 0.801459 0.953086 0.990314 0.99806
 0.445097 0.801459 0.953086 0.990314 0.99806
 0.445097 0.801459 0.953086 0.990314 0.99806
 0.445097 0.801459 0.953086 0.990314 0.99806
 0.445097 0.801459 0.953086 0.990314 0.99806
 0.445097 0.801459 0.953086 0.990314 0.99806
 0.445097 0.801459 0.953086 0.990314 0.99806
 0.445097 0.801459 0.953086 0.990314 0.99806
 0.445097 0.801459 0.953086 0.990314 0.99806
 0.445097 0.801459 0.953086 0.990314 0.99806
 0.445097 0.801459 0.953086 0.990314 0.99806
 0.445097 0.801459 0.953086 0.990314 0.99806
 0.445097 0.801459 0.953086 0.990314 0.99806
 0.445097 0.801459 0.953086 0.990314 0.99806
 0.445097 0.801459 0.953086 0.990314 0.99806
 0.445097 0.801459 0.953086 0.990314 0.99806
 0.445097 0.801459 0.953086 0.990314 0.99806
 0.445097 0.801459 0.953086 0.990314 0.99806
 0.445097 0.801459 0.953086 0.990314 0.99806
 0.445097 0.801459 0.953086 0.990314 0.99806
pf_obs 
 0.8446 0.082 0.0669 0.0065 0
 0.8095 0.147 0.0364 0.0071 0
 0.9664 0.0169 0.016 0.0007 0
 0.9276 0.0648 0.0075 0.0001 0
 0.7033 0.2144 0.0806 0.0017 0
 0.9318 0.0425 0.0243 0.0014 0
 0.5671 0.3108 0.0964 0.0239 0.0018
 0.0768 0.2599 0.5324 0.112 0.0189
 0.490249 0.384438 0.106611 0.0170017 0.00170017
 0.7925 0.1577 0.0466 0.003 0.0002
 0.840416 0.127587 0.0312969 0.00059994 9.999e-05
 0.8084 0.0986 0.0794 0.0134 0.0002
 0.7335 0.1905 0.0724 0.0035 0.0001
 0.4001 0.4547 0.1325 0.0127 0
 0.49795 0.308269 0.164784 0.0264974 0.00249975
 0.9179 0.0499 0.0305 0.0017 0
 0.2467 0.6533 0.0926 0.0074 0
 0.9418 0.0223 0.034 0.0019 0
 0.707729 0.231977 0.0356964 0.0245975 0
 0.517169 0.277429 0.184464 0.0207286 0.00020938
 0.811772 0.124168 0.05621 0.00726502 0.000585176
 0.764997 0.148141 0.077277 0.00933861 0.000247198
 0.163321 0.427699 0.378323 0.0303852 0.000271297
 0.753843 0.0900009 0.118128 0.0371064 0.000921714
 0.721811 0.176058 0.0630433 0.0369309 0.00215725
 0.143369 0.312575 0.442814 0.0836902 0.0175525
 0.692698 0.0596174 0.167031 0.0765114 0.00414204
 0.394062 0.376323 0.152708 0.0712218 0.00568511
 0.125707 0.32114 0.495352 0.0537591 0.00404204
 0.23352 0.215282 0.420074 0.123614 0.00750983
 0.796117 0.104755 0.0508955 0.0450114 0.00322123
pf_pred 
 0.43412 0.19582 0.330472 0.0395879 1.05105e-06
 0.556343 0.251377 0.0681275 0.110894 0.0132588
 0.746643 0.178316 0.0433863 0.0112337 0.0204213
 0.677406 0.273577 0.034975 0.00812721 0.0059145
 0.704559 0.243389 0.0445485 0.00535903 0.00214432
 0.943553 0.0460492 0.00863359 0.0015106 0.000253807
 0.34729 0.631048 0.0177998 0.00320829 0.000654267
 0.394731 0.313601 0.282477 0.00755555 0.00163483
 0.676561 0.168152 0.0817925 0.0711829 0.00231162
 0.842455 0.128622 0.0154426 0.00711037 0.00637009
 0.911175 0.0831181 0.00472626 0.000524665 0.000456014
 0.841129 0.150194 0.00813917 0.000446004 9.23558e-05
 0.778195 0.203568 0.0172934 0.000885719 5.84054e-05
 0.764419 0.207101 0.026254 0.00211175 0.000114949
 0.838328 0.144827 0.014942 0.00175553 0.00014828
 0.970828 0.0270243 0.00193716 0.000186618 2.36893e-05
 0.342462 0.647977 0.0088914 0.000604238 6.54092e-05
 0.963451 0.0184339 0.0178643 0.000233153 1.75121e-05
 0.6198 0.372528 0.00395201 0.00366849 5.13556e-05
 0.704511 0.224537 0.0695896 0.000702667 0.00065963
 0.794715 0.169367 0.0276177 0.00814086 0.000158926
 0.829506 0.149984 0.0170587 0.00265555 0.000796065
 0.275102 0.655623 0.0612992 0.00663695 0.0013393
 0.837621 0.0660344 0.0874908 0.0078363 0.00101729
 0.659821 0.306882 0.0138674 0.0176478 0.00178197
 0.437822 0.434431 0.115706 0.00502156 0.00702044
 0.811631 0.108382 0.0623596 0.0159692 0.00165837
 0.749362 0.221893 0.0168306 0.00929368 0.00262127
 0.324387 0.564286 0.0989858 0.00723189 0.00510928
 0.431607 0.255169 0.263207 0.0444827 0.0055346
 0.911965 0.0523622 0.0164329 0.0161739 0.00306573
pobs_RECLAS
 0 0 0 0 0
 0 0 0 0 0
 0 0 0 0 0
 0 0 0 0 0
 0 0 0 0 0
 0 0 0 0 0
 0 0 0 0 0
 0 0 0 0 0
 0 0 0 0 0
 0 0 0 0 0
 0.991045 0.00858322 0.000360255 1.14367e-05 0
 0.934742 0.0480273 0.0164251 0.00080598 0
 0.827803 0.169806 0.00239088 0 0
 0.941827 0.0461693 0.0120037 0 0
 0.791401 0.0380133 0.147996 0.0225897 0
 0.846168 0.0940531 0.0597789 0 0
 0.134021 0.677848 0.182769 0.00536245 0
 0.80878 0.0450904 0.141981 0.00414843 0
 0.846168 0.0940531 0.0597789 0 0
 0.905697 0.0802665 0.012482 0.00150086 5.37128e-05
 0.989698 0.0102097 9.19794e-05 0 0
 0.975433 0.0193895 0.00387452 0.00125025 5.28907e-05
 0.303575 0.632131 0.0575291 0.00676475 0
 0.966965 0.00978017 0.0227588 0.000495775 0
 0.843318 0.132988 0.00938335 0.0141283 0.000182051
 0.564624 0.303363 0.111486 0.0197234 0.00080311
 0.826376 0.0876187 0.0782897 0.00655872 0.00115652
 0.89761 0.0855135 0.0140674 0.00269457 0.000114338
 0.34875 0.467042 0.161289 0.0227151 0.000203297
 0.318654 0.224769 0.449479 0.00709798 0
 0.937255 0.0296025 0.0250945 0.00804832 0
ppred_RECLAS
 0.504535 0.170611 0.289912 0.0349415 9.29052e-07
 0.631155 0.208232 0.0566829 0.0928167 0.0111136
 0.801123 0.13967 0.0341321 0.00889039 0.016185
 0.751945 0.210327 0.0268712 0.00627971 0.00457659
 0.765181 0.193262 0.0355337 0.00430017 0.00172314
 0.957345 0.0347516 0.00655553 0.00115398 0.000194171
 0.427771 0.553182 0.0156338 0.00283436 0.000578849
 0.46323 0.27711 0.251428 0.00676634 0.00146621
 0.7464 0.131566 0.0640994 0.0561098 0.00182478
 0.892598 0.0877616 0.010457 0.00484043 0.00434265
 0.931965 0.0636319 0.00364263 0.00040684 0.000354124
 0.882555 0.111022 0.00602225 0.000331913 6.88301e-05
 0.831709 0.154428 0.0131411 0.000676975 4.47053e-05
 0.832726 0.147157 0.0185363 0.001499 8.17117e-05
 0.885259 0.102816 0.0105706 0.00124882 0.000105632
 0.979048 0.0194063 0.00139387 0.000135064 1.717e-05
 0.419833 0.571702 0.00786845 0.000537877 5.83102e-05
 0.972767 0.0136999 0.0133452 0.000175222 1.31801e-05
 0.693111 0.300659 0.00320006 0.00298807 4.18911e-05
 0.767981 0.176174 0.054766 0.000556253 0.000522943
 0.84146 0.130673 0.0213976 0.00634502 0.000124048
 0.870765 0.113629 0.0129662 0.00203042 0.000609551
 0.340124 0.59648 0.0560562 0.00610581 0.00123392
 0.873909 0.0510823 0.0680768 0.00613438 0.000797511
 0.723338 0.249351 0.0113333 0.0145102 0.0014673
 0.511197 0.377148 0.101064 0.00441274 0.00617831
 0.85313 0.0842544 0.0487497 0.0125594 0.00130618
 0.799975 0.176897 0.0135053 0.00750293 0.00211929
 0.390765 0.508227 0.0897439 0.00659668 0.00466733
 0.510068 0.219339 0.227161 0.0386196 0.00481211
 0.934075 0.0390915 0.0123201 0.0121983 0.00231553
pobs_PELACES
 0 0 0 0 0
 0 0 0 0 0
 0 0 0 0 0
 0 0 0 0 0
 0 0 0 0 0
 0 0 0 0 0
 0 0 0 0 0
 0 0 0 0 0
 0 0 0 0 0
 0 0 0 0 0
 0 0 0 0 0
 0 0 0 0 0
 0 0 0 0 0
 0 0 0 0 0
 0 0 0 0 0
 0 0 0 0 0
 0.505614 0.472636 0.0217494 0 0
 0 0 0 0 0
 0.443492 0.261883 0.143347 0.151278 0
 0.227955 0.32914 0.350689 0.0885471 0.00366901
 0.970185 0.0296113 0.000203453 0 0
 0.997202 0.00247181 0.000326279 0 0
 0.445219 0.490057 0.0546422 0.010081 0
 0.90214 0.0892962 0.00764917 0.000914606 0
 0 0 0 0 0
 0.581667 0.319106 0.0959925 0.00289975 0.000334073
 0.762889 0.0836404 0.116647 0.0363945 0.000428098
 0.88444 0.0763242 0.0277011 0.0115352 0
 0.521256 0.241999 0.230069 0.00667565 0
 0.616807 0.101726 0.260614 0.0208532 0
 0.833518 0.0704572 0.0857862 0.0102388 0
ppred_PELACES
 0.391385 0.191502 0.371017 0.0460939 1.23324e-06
 0.538959 0.243548 0.0752367 0.12696 0.0152967
 0.737896 0.17613 0.048845 0.0131111 0.0240177
 0.70114 0.248198 0.0357455 0.00860556 0.00631062
 0.698428 0.242184 0.0505435 0.00630345 0.00254164
 0.938983 0.0484144 0.0103965 0.00188631 0.000319376
 0.361554 0.614389 0.0196361 0.00366796 0.000753755
 0.355469 0.311294 0.322345 0.00894247 0.00194987
 0.677706 0.156174 0.08601 0.0775717 0.00253845
 0.874528 0.100032 0.0133406 0.006359 0.0057404
 0.903985 0.0889577 0.00580416 0.00066821 0.000585261
 0.852102 0.13881 0.00850445 0.000482906 0.000100765
 0.788803 0.19171 0.0184426 0.000978893 6.50454e-05
 0.806187 0.168015 0.0237149 0.00197498 0.000108326
 0.861896 0.122131 0.0141106 0.00171703 0.000146138
 0.972361 0.0253476 0.00205903 0.000205571 2.62958e-05
 0.35076 0.63851 0.00995252 0.000701038 7.64715e-05
 0.960092 0.018798 0.0208069 0.000281556 2.13106e-05
 0.626422 0.364885 0.0044 0.00423359 5.97223e-05
 0.705771 0.216467 0.0762102 0.000797608 0.000754514
 0.79141 0.167722 0.0311586 0.0095214 0.000187308
 0.831503 0.145702 0.0188367 0.00303948 0.000918167
 0.267945 0.652917 0.0697196 0.00782648 0.00159151
 0.81925 0.0675589 0.102433 0.00951336 0.00124452
 0.646155 0.314004 0.016236 0.0214249 0.00218005
 0.416465 0.436095 0.13302 0.00598637 0.00843388
 0.795837 0.1103 0.0725757 0.0192708 0.00201667
 0.7327 0.232245 0.0201997 0.0115671 0.00328768
 0.303535 0.56747 0.114185 0.00865144 0.00615937
 0.415337 0.242977 0.285413 0.0500033 0.00626938
 0.907108 0.0518346 0.0185343 0.0189112 0.00361218
pobs_pel_tallas
 0 0 0 0 0 0 0 0 0 0 0 0 0 0 0 0 0 0 0 0 0 0 0 0 0 0
 0 0 0 0 0 0 0 0 0 0 0 0 0 0 0 0 0 0 0 0 0 0 0 0 0 0
 0 0 0 0 0 0 0 0 0 0 0 0 0 0 0 0 0 0 0 0 0 0 0 0 0 0
 0 0 0 0 0 0 0 0 0 0 0 0 0 0 0 0 0 0 0 0 0 0 0 0 0 0
 0 0 0 0 0 0 0 0 0 0 0 0 0 0 0 0 0 0 0 0 0 0 0 0 0 0
 0 0 0 0 0 0 0 0 0 0 0 0 0 0 0 0 0 0 0 0 0 0 0 0 0 0
 0 0 0 0 0 0 0 0 0 0 0 0 0 0 0 0 0 0 0 0 0 0 0 0 0 0
 0 0 0 0 0 0 0 0 0 0 0 0 0 0 0 0 0 0 0 0 0 0 0 0 0 0
 0 0 0 0 0 0 0 0 0 0 0 0 0 0 0 0 0 0 0 0 0 0 0 0 0 0
 0 0 0 0 0 0 0 0 0 0 0 0 0 0 0 0 0 0 0 0 0 0 0 0 0 0
 0 0 0 0 0 0 0 0 0 0 0 0 0 0 0 0 0 0 0 0 0 0 0 0 0 0
 0 0 0 0 0 0 0 0 0 0 0 0 0 0 0 0 0 0 0 0 0 0 0 0 0 0
 0.00862536 0 0 0.000197151 0.00414017 0.0128641 0.00837892 0.0270097 0.101434 0.158115 0.152841 0.127902 0.109271 0.109419 0.0830992 0.0579132 0.0238553 0.00714673 0.00463305 0.00128148 0.00103504 0.000492878 0.000147863 0.000147863 4.92878e-05 0
 0 0 0 0 0 0 0 0 0 0 0 0 0 0 0 0 0 0 0 0 0 0 0 0 0 0
 0 0 0 0 0 0 0 0.0054083 0.00873648 0.0413646 0.0450493 0.0745869 0.0622846 0.0627006 0.0613931 0.0827291 0.12552 0.122667 0.0946155 0.0697135 0.0546179 0.0294188 0.0215738 0.0213955 0.0102223 0.00600262
 0 0 0 0 0.00359764 0.0251062 0.0480494 0.140153 0.205849 0.193036 0.1447 0.116669 0.0760912 0.0342217 0.00950174 0.001854 0.000860785 0 0 0 0.000165536 0 0.000143464 0 0 0
 0 0 0 0 0 0 0 0.000145254 0.000435761 0.0275982 0.070085 0.0708112 0.156366 0.174668 0.174014 0.160142 0.0824315 0.0480064 0.0283245 0.00493863 0.00203355 0 0 0 0 0
 0 0 0 0 0 0 0 0 0 0 0 0 0 0 0 0 0 0 0 0 0 0 0 0 0 0
 0 0 1.00437e-05 0.000401748 0.00122533 0.00171747 0.00176769 0.0269171 0.070346 0.194647 0.189555 0.159765 0.064822 0.0314167 0.0384472 0.0292271 0.0345202 0.0313363 0.0194345 0.0106764 0.0143323 0.0359363 0.0279516 0.0138201 0.00172751 0
 0 0.0021121 0.0136068 0.0755702 0.200478 0.177729 0.0527432 0.0373336 0.0318909 0.0142505 0.0149659 0.0166563 0.0217959 0.0798694 0.0677717 0.0528807 0.04013 0.0224614 0.0357745 0.0225083 0.00881397 0.00855152 0.00135912 0.000746735 0 0
 0 0 0 0 5.4009e-05 0.00500934 0.000945158 0.0243581 0.138947 0.33067 0.221406 0.137944 0.0707744 0.0437923 0.0131692 0.00525238 0.0047753 0.00276346 9.45158e-05 9.00151e-06 2.25038e-05 9.00151e-06 4.50075e-06 0 0 0
 0.000866109 0.00284123 0.00948549 0.0512746 0.133035 0.25785 0.225252 0.132002 0.0553304 0.0519788 0.0540692 0.017754 0.00435017 0.00159236 0.00146478 0.000404838 0.000125132 0.000115318 0.000107957 0.000100596 0 0 0 0 0 0
 0 0 0 0 0.00144013 0.00171154 0.00461396 0.0210425 0.0478622 0.0707936 0.0888783 0.103762 0.0637923 0.0337046 0.0602308 0.124433 0.169614 0.0934646 0.0462172 0.0250306 0.0313229 0.00938855 0.002487 0.000210481 0 0
 0 0.00764035 0.051015 0.0998891 0.058973 0.0496711 0.0374665 0.0718981 0.12319 0.153886 0.159021 0.0857701 0.0377988 0.023471 0.0147837 0.00900784 0.00315554 0.000888139 0.00291439 0.00214683 0.00393193 0.00274676 0.000635225 9.99891e-05 0 0
 0 0 0 0 0 0 0 0 0 0 0 0 0 0 0 0 0 0 0 0 0 0 0 0 0 0
 0 0 0 0 0 0 0 0 0 0 0 0 0 0 0 0 0 0 0 0 0 0 0 0 0 0
 0 0 0 0 0 0 0 0 0 0 0 0 0 0 0 0 0 0 0 0 0 0 0 0 0 0
 0 0 0 0 0 0 0 0 0 0 0 0 0 0 0 0 0 0 0 0 0 0 0 0 0 0
 0 0 0 0 0 0 0 0 0 0 0 0 0 0 0 0 0 0 0 0 0 0 0 0 0 0
 0 0 0 0 0 0 0 0 0 0 0 0 0 0 0 0 0 0 0 0 0 0 0 0 0 0
 0 0 0 0 0 0 0 0 0 0 0 0 0 0 0 0 0 0 0 0 0 0 0 0 0 0
ppred_pel_tallas
 1.15379e-16 3.22379e-05 0.000313364 0.00208242 0.00946637 0.0294535 0.0627545 0.091596 0.091615 0.0628476 0.0297677 0.0103808 0.00440408 0.00546835 0.0100767 0.0172703 0.0264181 0.0364351 0.0461261 0.0547765 0.0622523 0.068444 0.0726322 0.0735113 0.0699598 0.0619155
 1.17555e-16 4.43934e-05 0.000431519 0.0028676 0.0130357 0.040559 0.0864162 0.126132 0.126155 0.0865315 0.0409465 0.0141562 0.00568613 0.00660462 0.0118299 0.0196554 0.0287253 0.037047 0.0426709 0.0448387 0.0444622 0.0434301 0.04327 0.0442159 0.0452718 0.0450162
 1.06835e-16 6.07795e-05 0.000590799 0.00392607 0.0178473 0.0555298 0.118313 0.172684 0.172701 0.118396 0.0558092 0.0186551 0.00595579 0.00502925 0.00851276 0.0140374 0.0203605 0.025918 0.0291652 0.0294161 0.0272465 0.0240688 0.0212249 0.0193106 0.0181299 0.017111
 1.03027e-16 5.77521e-05 0.000561371 0.00373051 0.0169584 0.0527639 0.11242 0.164085 0.164109 0.112537 0.0531564 0.0180921 0.00657653 0.00677465 0.0118591 0.0195173 0.0281179 0.0353773 0.0390075 0.0379557 0.0330266 0.0263254 0.0199879 0.0151864 0.011984 0.00983269
 1.02583e-16 5.75286e-05 0.000559199 0.00371607 0.0168927 0.0525597 0.111985 0.16345 0.163474 0.112099 0.0529432 0.0180007 0.00649832 0.0066367 0.0116109 0.019133 0.0276224 0.0348716 0.0386612 0.0379524 0.0334809 0.0272154 0.0211423 0.0163363 0.012857 0.0102449
 1.00556e-16 7.73428e-05 0.0007518 0.00499597 0.022711 0.0706623 0.150554 0.219738 0.219743 0.150577 0.070739 0.0229325 0.00555232 0.00196719 0.00238814 0.00383232 0.00552845 0.00698379 0.00775191 0.00762589 0.00675267 0.00552404 0.00433354 0.00339145 0.00270543 0.00218116
 1.0122e-16 2.97808e-05 0.00028948 0.0019237 0.0087449 0.0272089 0.0579737 0.0846267 0.0846858 0.0582625 0.0281782 0.0115429 0.00894177 0.015592 0.0290391 0.0478212 0.0685583 0.0855248 0.092905 0.0880172 0.0729487 0.053229 0.0346452 0.0206442 0.0117928 0.00687402
 1.10609e-16 2.92796e-05 0.000284608 0.00189132 0.0085977 0.0267508 0.0569965 0.0831944 0.0832249 0.0571454 0.027252 0.0100508 0.00555921 0.00835917 0.0155615 0.0261917 0.0389126 0.0513872 0.0611422 0.0668604 0.0688806 0.0684361 0.0663792 0.0625864 0.0564588 0.0478673
 1.10731e-16 5.58218e-05 0.000542607 0.00360582 0.0163915 0.0510002 0.108662 0.158598 0.158614 0.108736 0.0512498 0.0171141 0.00542589 0.00453731 0.00770664 0.0128237 0.0188784 0.0246269 0.0288535 0.0310497 0.0316871 0.0317733 0.0320488 0.0324863 0.0324236 0.0311089
 1.0202e-16 7.20337e-05 0.000700193 0.00465303 0.021152 0.0658118 0.140219 0.204656 0.204666 0.140266 0.06597 0.021609 0.00580014 0.00320463 0.00482941 0.00787301 0.0113427 0.0142844 0.0157822 0.015425 0.0135523 0.0110239 0.00870027 0.00703424 0.00601165 0.00536012
 1.00357e-16 7.446e-05 0.000723778 0.00480976 0.0218645 0.0680285 0.144942 0.211549 0.211558 0.144984 0.068169 0.02227 0.005827 0.00294258 0.00428292 0.00694831 0.00996822 0.0124636 0.0135935 0.0129711 0.010893 0.00814582 0.00554759 0.00357782 0.00230671 0.00155804
 1.00347e-16 7.01866e-05 0.000682238 0.00453371 0.0206096 0.0641242 0.136624 0.199409 0.199423 0.136689 0.0643433 0.0212422 0.00612073 0.0041436 0.00663475 0.0108333 0.0155417 0.0194224 0.0211629 0.0201565 0.0168645 0.0125156 0.00839127 0.00524862 0.00320809 0.00200506
 1.00691e-16 6.49727e-05 0.000631558 0.00419693 0.0190786 0.0593608 0.126475 0.184598 0.184616 0.126565 0.0596636 0.0199531 0.00639117 0.00541896 0.00914927 0.0150018 0.0215545 0.0269979 0.0295314 0.0283185 0.0239806 0.0181809 0.0126443 0.0083758 0.00552224 0.00372838
 1.00944e-16 6.64046e-05 0.000645476 0.00428942 0.0194991 0.060669 0.129262 0.188665 0.188682 0.129341 0.0609346 0.0202663 0.00621524 0.00484919 0.00804879 0.0131976 0.0189959 0.0238656 0.0262414 0.0253929 0.0218491 0.0170298 0.0123941 0.00877214 0.00626404 0.00456316
 1.00636e-16 7.09932e-05 0.000690079 0.00458582 0.0208465 0.0648612 0.138194 0.201701 0.201713 0.138252 0.0650542 0.0214039 0.00598463 0.00374267 0.00586539 0.0095762 0.0137684 0.0172717 0.0189427 0.0182511 0.0155893 0.0120054 0.00857972 0.00593239 0.0041418 0.00297685
 1.00092e-16 8.00921e-05 0.000778524 0.00517357 0.0235183 0.0731741 0.155905 0.227549 0.227551 0.155917 0.0732141 0.0236339 0.00546356 0.00141115 0.00128027 0.00198636 0.00284554 0.00356087 0.00388958 0.00372097 0.00313832 0.00236343 0.00162671 0.00106277 0.000691324 0.000464024
 1.00534e-16 2.88918e-05 0.000280839 0.00186627 0.00848385 0.0263967 0.0562433 0.0821016 0.082163 0.0565433 0.0274037 0.0113905 0.00915582 0.0161725 0.0301466 0.0496261 0.0710942 0.0885782 0.0960119 0.0905994 0.0745278 0.0535945 0.033891 0.0190799 0.00980577 0.00481454
 1.00638e-16 7.90815e-05 0.000768701 0.00510829 0.0232215 0.0722508 0.153938 0.224677 0.224679 0.153947 0.0722811 0.0233094 0.00533023 0.00125758 0.00102032 0.00159476 0.00236628 0.00313393 0.00374503 0.00411912 0.00427284 0.00427372 0.00416504 0.00393322 0.00354113 0.00298612
 1.00655e-16 5.15976e-05 0.000501547 0.00333296 0.0151512 0.0471411 0.10044 0.146603 0.146638 0.100612 0.0477165 0.0168122 0.00749857 0.00958281 0.0172624 0.0283619 0.0406294 0.0506267 0.0548902 0.0518301 0.0427056 0.0308365 0.0197026 0.0113832 0.00622106 0.00346887
 1.02463e-16 5.81335e-05 0.000565078 0.00375514 0.0170704 0.0531123 0.113162 0.165168 0.165189 0.113264 0.053456 0.018064 0.00625247 0.00602727 0.0104623 0.017283 0.0250719 0.0318987 0.0358129 0.0358749 0.0326575 0.0277612 0.022769 0.0184914 0.0149462 0.0118268
 1.01929e-16 6.51874e-05 0.000633645 0.0042108 0.0191417 0.0595569 0.126893 0.185207 0.185224 0.126972 0.0598224 0.0199087 0.00613665 0.00483985 0.00805958 0.0132368 0.0190988 0.0240948 0.0266873 0.0261641 0.0230483 0.01872 0.0145671 0.0113328 0.00903982 0.00733898
 1.01042e-16 6.84899e-05 0.000665746 0.00442412 0.0201114 0.0625741 0.133321 0.194589 0.194603 0.13339 0.0628044 0.0207766 0.00609375 0.00430996 0.0069877 0.0114388 0.0164594 0.020672 0.0227196 0.0219735 0.0189008 0.0147428 0.0107729 0.00771129 0.00563406 0.0042551
 1.03234e-16 2.20705e-05 0.000214533 0.00142565 0.00648083 0.0201646 0.0429651 0.0627221 0.0627849 0.0432724 0.0211962 0.00945996 0.00890163 0.0165278 0.0309835 0.0511325 0.073526 0.0921811 0.100998 0.0971415 0.0827226 0.0633736 0.0449122 0.0306917 0.0211512 0.0150478
 1.04139e-16 6.74806e-05 0.000655935 0.00435892 0.019815 0.0616519 0.131356 0.19172 0.191726 0.131389 0.0617618 0.0201343 0.00516727 0.00244377 0.00353084 0.0059073 0.00891457 0.0120661 0.0148845 0.0171041 0.0187365 0.0198881 0.02051 0.0203413 0.0191042 0.0167651
 1.03067e-16 5.3223e-05 0.000517347 0.00343795 0.0156284 0.0486261 0.103604 0.15122 0.15125 0.103752 0.0491218 0.0170598 0.0070289 0.0083504 0.0149123 0.0245243 0.0352216 0.0440864 0.0481926 0.0462155 0.0392438 0.0300768 0.0215816 0.01537 0.0115565 0.00936988
 1.05978e-16 3.43037e-05 0.000333445 0.00221586 0.010073 0.0313411 0.066777 0.0974718 0.0975139 0.0669829 0.0320329 0.0120727 0.00724047 0.0113191 0.0209472 0.0347029 0.0502814 0.0638357 0.0714315 0.0711991 0.0643654 0.054271 0.0442286 0.0359458 0.0294349 0.0239482
 1.04397e-16 6.5552e-05 0.000637189 0.00423435 0.0192487 0.05989 0.127602 0.186242 0.186252 0.127655 0.0600664 0.0197594 0.00552072 0.00346053 0.00547221 0.00905986 0.0133188 0.0173241 0.0201674 0.0214157 0.0213167 0.0205203 0.0195622 0.0185492 0.0172487 0.0154107
 1.02359e-16 6.03516e-05 0.000586639 0.00389842 0.0177217 0.0551389 0.11748 0.17147 0.171493 0.117589 0.0555057 0.0187811 0.00655699 0.00638759 0.0110696 0.0181846 0.0261439 0.0327835 0.0359448 0.0346433 0.0296621 0.0230333 0.0168342 0.0122275 0.00929776 0.00750589
 1.05351e-16 2.50019e-05 0.000243027 0.001615 0.0073416 0.0228428 0.0486709 0.0710481 0.0711028 0.0489384 0.0237411 0.00993702 0.00813213 0.0144774 0.0270802 0.0447847 0.0646375 0.0815381 0.0902752 0.0884024 0.0776444 0.0626352 0.0480727 0.0365331 0.0282122 0.0220689
 1.14375e-16 3.42108e-05 0.000332541 0.00220985 0.0100457 0.031256 0.0665951 0.0972024 0.0972262 0.0667117 0.0316486 0.011185 0.00508909 0.00668261 0.0122839 0.0207492 0.0310439 0.0414574 0.0501964 0.056337 0.0601464 0.0624289 0.0635165 0.0628634 0.059558 0.0532
 1.03057e-16 7.47173e-05 0.000726279 0.00482638 0.02194 0.0682635 0.145443 0.212279 0.212284 0.145467 0.068346 0.0221786 0.00542641 0.00204044 0.00258343 0.00418742 0.00610914 0.00786662 0.00903018 0.00942201 0.00921789 0.00880719 0.00851911 0.00843229 0.00838697 0.00814176
pSPR Fmed_Fpbrs
0.295355   0.255913 0.255913
Fs Fmed_Fpbrs
0.874557   1.005 1.005
SSBpbr Bo_Bmed_Bpbrs
1.20647e+06  296015  248428 248428
Ro
88817.6
SPR SPRFo_SPRFmed_SPRFpbrs
633946 187239 162235
Fref
1.005
Nvult_r0
 105529 4659.89 1439.31 1415.43 268.28
CTP_r0
 37835 2172.37 681.757 671.011 127.189
YTP_r0
391170
Np
 103384 20396.3 3906.62 114.083 38.6836
Nvult_p0
 82987.3 17562.1 3379.65 98.7195 33.4745
CTP_p0
 31858.2 11941.7 366.436 109.798 123.898
 31858.2 8663.54 1692.61 49.4807 16.7789
YTP_p0
 441637 415547
CBA_c0
433810
log_Ro
11.2143
likeval ReclasPelacesDesembMPH_pf_preclas_ppelaces_ptallas_desvR_qrecl_qpela
 12.8364 16.1968 0.0543019 0.000841068 254.216 116.87 104.916 0 31.1241 7.38059e-05 0.000188314 0.0151403 0 0 0
q_reclas_q_pelaces
3.37835 7.0451
M
1
N
 91300 27833.9 45790.8 5477.93 0.145428
 81217.5 26252.2 6967.48 11328.6 1354.41
 101660 17375.4 4140.22 1070.8 1946.46
 70246.3 21699.8 2730.63 633.99 461.36
 39812.2 9816.45 1759.22 211.392 84.5795
 256290 8626.07 1579.15 275.95 46.3611
 49437.7 66695.7 1847.61 332.702 67.8445
 15965.3 8459.73 7420.16 198.189 42.8798
 26376 4887.87 2335.79 2030.89 65.9488
 35595.7 4391.09 520.937 239.708 214.745
 51038.1 3160.42 175.246 19.4281 16.8848
 107082 14367.9 765.379 41.9025 8.67651
 86913.8 16935.2 1413.29 72.3165 4.7684
 67053.7 14563.6 1823.31 146.561 7.97754
 47251.5 6406.6 651.811 76.5246 6.46336
 262474 5420.85 381.608 36.7272 4.66192
 32592.7 45113.7 607.279 41.2272 4.46264
 453469 6117.2 5798.74 75.5927 5.67741
 240049 105124 1093.7 1014.19 14.1969
 198012 46160.1 14034.2 141.563 132.886
 243143 37197.4 5941.56 1749.47 34.1512
 387181 51007.8 5689.48 884.774 265.218
 44284.2 74450 6809.21 736.379 148.588
 186929 10235.9 13249.8 1185.28 153.859
 145056 46897.9 2070.6 2631.82 265.729
 52920.6 36243 9426.02 408.565 571.161
 147070 13715.4 7713.25 1972.83 204.861
 177366 35866 2654.2 1463.7 412.805
 40938.4 48483.7 8295.74 605.282 427.598
 26691 11360.9 11481.9 1938.37 241.161
 133643 5505.65 1692.46 1663.95 315.381
pred_Ctot
 12859.2 5800.45 9789.03 1172.65 0.0311337
 22442 10140.2 2748.16 4473.3 534.842
 28183.6 6730.9 1637.71 424.038 770.842
 29722.8 12003.8 1534.61 356.601 259.513
 10794.9 3729.08 682.547 82.1082 32.8541
 48754.4 2379.41 446.107 78.0545 13.1145
 17766.2 32282.3 910.577 164.126 33.4701
 1718.79 1365.52 1229.99 32.8993 7.11856
 9722.58 2416.44 1175.41 1022.94 33.2194
 19040.7 2907.04 349.024 160.704 143.973
 7740.78 706.12 40.1513 4.45723 3.87401
 41265.7 7368.5 399.307 21.8809 4.53097
 31849.4 8331.47 707.772 36.2501 2.39038
 34819.7 9433.55 1195.88 96.1912 5.236
 22511.4 3888.99 401.234 47.1408 3.98173
 93927.9 2614.61 187.421 18.0553 2.29195
 10650.2 20151.4 276.513 18.7912 2.03416
 110043 2105.48 2040.41 26.6302 2.0002
 76290 45853.7 486.445 451.548 6.32126
 64638.5 20601.1 6384.8 64.4693 60.5206
 69103.6 14727.1 2401.46 707.879 13.8192
 123055 22249.7 2530.61 393.944 118.094
 10802.8 25745.3 2407.13 260.623 52.5924
 38761.6 3055.8 4048.71 362.632 47.0757
 30354.1 14117.6 637.948 811.861 81.977
 10170.2 10091.4 2687.74 116.646 163.078
 32398.2 4326.32 2489.23 637.45 66.1979
 29511.8 8738.7 662.832 366.009 103.232
 6504.15 11314.3 1984.72 145.004 102.444
 7764.6 4590.47 4735.07 800.242 99.5673
 37835 2172.37 681.757 671.011 127.189
F
 0.2464 0.385003 0.396749 0.397387 0.39742
 0.542077 0.847002 0.872844 0.874247 0.874321
 0.544329 0.850522 0.87647 0.87788 0.877954
 0.967948 1.51243 1.55858 1.56108 1.56121
 0.529386 0.827173 0.852409 0.85378 0.853852
 0.346169 0.540893 0.557396 0.558292 0.558339
 0.765396 1.19594 1.23243 1.23441 1.23451
 0.183658 0.286969 0.295724 0.2962 0.296225
 0.792879 1.23888 1.27668 1.27873 1.27884
 1.42152 2.22114 2.28891 2.29259 2.29278
 0.267575 0.418089 0.430845 0.431538 0.431574
 0.844201 1.31907 1.35932 1.36151 1.36162
 0.78639 1.22875 1.26623 1.26827 1.26838
 1.34817 2.10653 2.17079 2.17429 2.17447
 1.16523 1.82069 1.87624 1.87926 1.87941
 0.760966 1.18902 1.2253 1.22727 1.22737
 0.672985 1.05155 1.08363 1.08537 1.08546
 0.461782 0.721541 0.743554 0.74475 0.744813
 0.648728 1.01365 1.04457 1.04625 1.04634
 0.672087 1.05014 1.08218 1.08392 1.08402
 0.561672 0.87762 0.904395 0.90585 0.905926
 0.648764 1.0137 1.04463 1.04631 1.0464
 0.464728 0.726144 0.748298 0.749501 0.749565
 0.382757 0.598062 0.616309 0.6173 0.617352
 0.386876 0.6045 0.622942 0.623944 0.623997
 0.350274 0.547307 0.564005 0.564912 0.56496
 0.411117 0.642376 0.661974 0.663039 0.663095
 0.296987 0.464046 0.478204 0.478973 0.479014
 0.28189 0.440457 0.453895 0.454625 0.454663
 0.578552 0.903995 0.931575 0.933073 0.933152
 0.558909 0.873303 0.899947 0.901394 0.90147
YTP_r0W_actual
 314030 30630.4 18816.5 22948.6 4744.15
YTP_p0W_proyectada
 238618 187126 8475.68 3224.78 4191.48
 238618 135758 39150 1453.25 567.631
CTP_r0_actual
 37835 2172.37 681.757 671.011 127.189
CTP_p0_proyectada
 31858.2 11941.7 366.436 109.798 123.898
 31858.2 8663.54 1692.61 49.4807 16.7789
Wmedp
 7.49 15.67 23.13 29.37 33.83
Frms_r0
 0.558909 0.873303 0.899947 0.901394 0.90147
Zrms_r0
 1.55891 1.8733 1.89995 1.90139 1.90147
nmprior
 8.19 8.8 8.5 0
nm_flota  nm_reclas  nm_pelaces    nm_pelaL
inf 20.6953 9.14085 17.7534
cv_recla  cv_pelaces  cv_mph
0.324075 0.456339 0.894995
 ------------------------------------------------
Talla a la edad & desviaci?n 
 8 13.2811 15.8009 17.003 17.5766
 0.8 1.32811 1.58009 1.7003 1.75766
