    unsorted:	 2.280789540e-06 2.278012409e-06 5.063346850e-05 4.436580238e-05 9.159894847e-05 0.001099992335 4.936185531 13.61704608 57.65693132 71.80747395 164.5388412 229.7082599 249.3990890 307.5932382 493.9936116 594.3656496 755.6087501 815.0280154 847.9929734 921.3650466 963.3634283 1062.535089 1109.879296 1180.081577 1390.273613 1406.580819 1676.203882 1788.543772 1981.102485 2011.806213 2224.304533 2330.008888 2527.838646 2487.997989 2582.296690 2654.552263 2865.982589 3121.632707 3247.770799 3286.899871 3829.705851 3981.487135 4344.095407 8342.661726 40144.15239 158310.2268 391713.0976 388341.1000 399836.9131 374180.1941 364914.7564 416467.7176 437006.1096 447502.2456 454318.7432 336339.6536 274701.7058 506050.8689 591205.8076 609003.4458 656391.7815 664696.6518 688989.4792 927231.9561 1012177.853 1082968.631 1177824.436 1369120.046 1454322.478 1645553.338 1760367.428 2359325.384 2407924.049 2585515.103 2727698.996 2964469.798 3279294.467
      sorted:	 2.278012409e-06 2.280789540e-06 4.436580238e-05 5.063346850e-05 9.159894847e-05 0.001099992335 4.936185531 13.61704608 57.65693132 71.80747395 164.5388412 229.7082599 249.3990890 307.5932382 493.9936116 594.3656496 755.6087501 815.0280154 847.9929734 921.3650466 963.3634283 1062.535089 1109.879296 1180.081577 1390.273613 1406.580819 1676.203882 1788.543772 1981.102485 2011.806213 2224.304533 2330.008888 2487.997989 2527.838646 2582.296690 2654.552263 2865.982589 3121.632707 3247.770799 3286.899871 3829.705851 3981.487135 4344.095407 8342.661726 40144.15239 158310.2268 274701.7058 336339.6536 364914.7564 374180.1941 388341.1000 391713.0976 399836.9131 416467.7176 437006.1096 447502.2456 454318.7432 506050.8689 591205.8076 609003.4458 656391.7815 664696.6518 688989.4792 927231.9561 1012177.853 1082968.631 1177824.436 1369120.046 1454322.478 1645553.338 1760367.428 2359325.384 2407924.049 2585515.103 2727698.996 2964469.798 3279294.467
