years
 1991 1992 1993 1994 1995 1996 1997 1998 1999 2000 2001 2002 2003 2004 2005 2006 2007 2008 2009 2010 2011 2012 2013 2014 2015 2016 2017 2018 2019 2020 2021
reclasobs
 0 0 0 0 0 0 0 0 0 252601 567819 844713 477998 351125 339783 2.1784e+06 2.13404e+06 4.81314e+06 1.55562e+06 2.62356e+06 3.21686e+06 3.843e+06 1.13348e+06 3.07943e+06 1.97215e+06 2.03268e+06 2.025e+06 2.42433e+06 2.27542e+06 1.05018e+06 2.36338e+06
reclaspred
 3.31475e+06 1.87309e+06 951286 978976 993977 1.54324e+06 1.00989e+06 901228 655039 477777 517207 649982 642505 510837 517979 1.27177e+06 1.25038e+06 2.76802e+06 2.28351e+06 1.71057e+06 3.01669e+06 2.4534e+06 1.97312e+06 3.02436e+06 2.28293e+06 2.02597e+06 2.37745e+06 2.50554e+06 2.07119e+06 1.32987e+06 1.92311e+06
pelacesobs
 0 0 0 0 0 0 0 0 0 0 0 0 0 0 0 552880 188675 0 991730 2.46772e+06 1.41603e+06 1.21717e+06 2.29649e+06 1.80582e+06 0 1.4828e+06 1.56532e+06 1.57751e+06 1.42118e+06 867257 1.10002e+06
pelacespred
 1.92763e+06 1.21679e+06 621742 522865 547085 879261 546339 585906 417950 290439 321776 337740 365486 308931 320250 649177 638105 1.61786e+06 1.38497e+06 964634 1.63511e+06 1.45167e+06 1.16086e+06 1.94178e+06 1.41702e+06 1.25199e+06 1.67079e+06 1.7385e+06 1.1834e+06 862951 1.23028e+06
mphobs
 0 0 0 0 0 0 0 0 0 0 0 498337 0 5186 125008 0 168611 109162 213762 579715 649985 157893 87575 83554 0 0 0 0 0 0 0
mphpred
 3.63828e+06 2.441e+06 1.23026e+06 672376 768961 876903 1.14815e+06 749623 656830 456939 301854 442418 472764 405569 284118 355729 1.06647e+06 1.03403e+06 1.99873e+06 1.51764e+06 1.62907e+06 2.00054e+06 1.90498e+06 1.59027e+06 2.19929e+06 1.82245e+06 1.50516e+06 1.58658e+06 2.19176e+06 1.51406e+06 968283
desembarqueobs
 494567 514787 250237 358949 120608 361735 552515 73892 212993 205616 52469 317467 293654 387597 252695 516296 358380 742168 942051 627588 828172 859565 418607 520667 417249 300574 415391 372974 316634 284311 391294
desembarquepred
 494574 513326 250997 358974 120613 361751 552573 73895.9 213040 205661 52471.5 317537 293711 387652 252698 516276 358405 742088 941901 627485 828248 859604 418621 520693 417252 300579 415395 372963 316631 284322 391300
Reclutas
 212895 120877 120201 219160 175423 289228 121192 56502.5 51611.2 67242.3 122376 159115 133711 93942.7 94942.6 491663 110608 762351 439756 340851 502091 676966 146028 423646 360061 162069 357564 400323 122499 89606.5 328797
log_desv_Rt
 0.0965121 -0.469508 -0.475118 0.125517 -0.0970835 0.402931 -0.466912 -1.23 -1.32055 -1.05598 -0.457189 -0.194658 -0.368602 -0.7216 -0.711012 0.933509 -0.558292 1.37212 0.821934 0.567162 0.954497 1.25334 -0.280489 0.784613 0.621989 -0.176262 0.615028 0.727988 -0.456186 -0.768857 0.531156
SSB
 3.63828e+06 2.441e+06 1.23026e+06 672376 768961 876903 1.14815e+06 749623 656830 456939 301854 442418 472764 405569 284118 355729 1.06647e+06 1.03403e+06 1.99873e+06 1.51764e+06 1.62907e+06 2.00054e+06 1.90498e+06 1.59027e+06 2.19929e+06 1.82245e+06 1.50516e+06 1.58658e+06 2.19176e+06 1.51406e+06 968283
BT
 4.86079e+06 3.31331e+06 1.68407e+06 1.50702e+06 1.35525e+06 2.33416e+06 1.75607e+06 1.41451e+06 1.17508e+06 868847 787465 1.04624e+06 1.10991e+06 1.11595e+06 991949 1.91649e+06 1.75116e+06 4.38435e+06 4.09981e+06 2.78739e+06 4.44218e+06 4.14976e+06 3.04087e+06 4.96029e+06 3.65051e+06 3.15208e+06 4.27537e+06 4.38175e+06 2.98889e+06 2.26417e+06 3.2067e+06
Ftot
 0.116436 0.210734 0.204539 0.298412 0.0983508 0.194338 0.419797 0.0660709 0.259516 0.340598 0.0862266 0.394173 0.367984 0.602548 0.406719 0.350131 0.226336 0.228863 0.330022 0.295173 0.22542 0.285394 0.16721 0.145108 0.147058 0.118678 0.146368 0.125881 0.11877 0.167731 0.172898
BD_Bspro_t
 0.981543 0.864055 0.719934 0.637546 0.637532 0.707757 0.698904 0.554544 0.607958 0.569072 0.536779 0.709815 0.597363 0.511719 0.409795 0.465856 0.620279 0.600559 0.687796 0.595695 0.568125 0.614745 0.630444 0.626208 0.724884 0.733617 0.740891 0.77148 0.810217 0.752372 0.694484
BD_Bspro
 2.63309 1.7666 0.890361 0.486612 0.556512 0.634632 0.830936 0.542517 0.47536 0.330696 0.218458 0.320187 0.342149 0.293518 0.205621 0.257448 0.771822 0.74835 1.44652 1.09835 1.17899 1.44783 1.37867 1.15091 1.59167 1.31895 1.08932 1.14824 1.58622 1.09576 0.700765
BD_Bo
 1.78376 1.19676 0.603164 0.329649 0.377002 0.429924 0.562907 0.367522 0.322027 0.224026 0.147991 0.216907 0.231784 0.19884 0.139296 0.174405 0.522862 0.506961 0.979927 0.744061 0.798692 0.980817 0.933966 0.77967 1.07826 0.893504 0.737943 0.77786 1.07456 0.742306 0.474725
BD_Brms
 11.5225 7.73066 3.89623 2.12942 2.43531 2.77716 3.63619 2.37406 2.08018 1.44713 0.955974 1.40114 1.49725 1.28444 0.899803 1.1266 3.37751 3.27479 6.33 4.80638 5.15928 6.33574 6.0331 5.0364 6.96518 5.77173 4.76686 5.02471 6.94132 4.79505 3.06656
Sel_flota
 0.830774 1 1 1 1
 0.830774 1 1 1 1
 0.830774 1 1 1 1
 0.830774 1 1 1 1
 0.830774 1 1 1 1
 0.830774 1 1 1 1
 0.830774 1 1 1 1
 0.830774 1 1 1 1
 0.830774 1 1 1 1
 0.830774 1 1 1 1
 0.830774 1 1 1 1
 0.830774 1 1 1 1
 0.830774 1 1 1 1
 0.830774 1 1 1 1
 0.830774 1 1 1 1
 0.830774 1 1 1 1
 0.830774 1 1 1 1
 0.830774 1 1 1 1
 0.830774 1 1 1 1
 0.830774 1 1 1 1
 0.830774 1 1 1 1
 0.830774 1 1 1 1
 0.830774 1 1 1 1
 0.830774 1 1 1 1
 0.830774 1 1 1 1
 0.830774 1 1 1 1
 0.830774 1 1 1 1
 0.830774 1 1 1 1
 0.830774 1 1 1 1
 0.830774 1 1 1 1
 0.830774 1 1 1 1
Sel_reclas
 1 1 1 1 1
 1 1 1 1 1
 1 1 1 1 1
 1 1 1 1 1
 1 1 1 1 1
 1 1 1 1 1
 1 1 1 1 1
 1 1 1 1 1
 1 1 1 1 1
 1 1 1 1 1
 1 1 1 1 1
 1 1 1 1 1
 1 1 1 1 1
 1 1 1 1 1
 1 1 1 1 1
 1 1 1 1 1
 1 1 1 1 1
 1 1 1 1 1
 1 1 1 1 1
 1 1 1 1 1
 1 1 1 1 1
 1 1 1 1 1
 1 1 1 1 1
 1 1 1 1 1
 1 1 1 1 1
 1 1 1 1 1
 1 1 1 1 1
 1 1 1 1 1
 1 1 1 1 1
 1 1 1 1 1
 1 1 1 1 1
Sel_pelaces
 1 1 1 1 1
 1 1 1 1 1
 1 1 1 1 1
 1 1 1 1 1
 1 1 1 1 1
 1 1 1 1 1
 1 1 1 1 1
 1 1 1 1 1
 1 1 1 1 1
 1 1 1 1 1
 1 1 1 1 1
 1 1 1 1 1
 1 1 1 1 1
 1 1 1 1 1
 1 1 1 1 1
 1 1 1 1 1
 1 1 1 1 1
 1 1 1 1 1
 1 1 1 1 1
 1 1 1 1 1
 1 1 1 1 1
 1 1 1 1 1
 1 1 1 1 1
 1 1 1 1 1
 1 1 1 1 1
 1 1 1 1 1
 1 1 1 1 1
 1 1 1 1 1
 1 1 1 1 1
 1 1 1 1 1
 1 1 1 1 1
pf_obs 
 0.8446 0.082 0.0669 0.0065 0
 0.8095 0.147 0.0364 0.0071 0
 0.9664 0.0169 0.016 0.0007 0
 0.9276 0.0648 0.0075 0.0001 0
 0.7033 0.2144 0.0806 0.0017 0
 0.9318 0.0425 0.0243 0.0014 0
 0.5671 0.3108 0.0964 0.0239 0.0018
 0.0768 0.2599 0.5324 0.112 0.0189
 0.490249 0.384438 0.106611 0.0170017 0.00170017
 0.7925 0.1577 0.0466 0.003 0.0002
 0.840416 0.127587 0.0312969 0.00059994 9.999e-05
 0.8084 0.0986 0.0794 0.0134 0.0002
 0.7335 0.1905 0.0724 0.0035 0.0001
 0.4001 0.4547 0.1325 0.0127 0
 0.49795 0.308269 0.164784 0.0264974 0.00249975
 0.9179 0.0499 0.0305 0.0017 0
 0.2467 0.6533 0.0926 0.0074 0
 0.9418 0.0223 0.034 0.0019 0
 0.707729 0.231977 0.0356964 0.0245975 0
 0.517169 0.277429 0.184464 0.0207286 0.00020938
 0.811772 0.124168 0.05621 0.00726502 0.000585176
 0.764997 0.148141 0.077277 0.00933861 0.000247198
 0.163321 0.427699 0.378323 0.0303852 0.000271297
 0.753843 0.0900009 0.118128 0.0371064 0.000921714
 0.721811 0.176058 0.0630433 0.0369309 0.00215725
 0.143369 0.312575 0.442814 0.0836902 0.0175525
 0.692698 0.0596174 0.167031 0.0765114 0.00414204
 0.394062 0.376323 0.152708 0.0712218 0.00568511
 0.125707 0.32114 0.495352 0.0537591 0.00404204
 0.23352 0.215282 0.420074 0.123614 0.00750983
 0.774587 0.0839891 0.0768558 0.0609784 0.00358967
pf_pred 
 0.441787 0.116813 0.417654 0.0237454 7.7613e-07
 0.412879 0.288147 0.062564 0.223692 0.0127182
 0.557136 0.205364 0.11656 0.0253082 0.0956318
 0.751441 0.150927 0.0452735 0.0256964 0.0266618
 0.648044 0.277884 0.0449768 0.0134916 0.0156029
 0.7389 0.180468 0.0636625 0.010304 0.00666547
 0.470235 0.411351 0.0818458 0.0288723 0.00769603
 0.441537 0.294527 0.204941 0.0407768 0.0182189
 0.520395 0.234651 0.129186 0.0898915 0.0258767
 0.681416 0.182494 0.0665834 0.0366571 0.0328498
 0.79961 0.145731 0.0313107 0.0114238 0.0119254
 0.728519 0.22503 0.0337807 0.00725788 0.00541239
 0.675306 0.250296 0.0616684 0.00925744 0.00347223
 0.617797 0.276039 0.0818384 0.0201635 0.00416218
 0.722918 0.186932 0.0651091 0.0193032 0.00573769
 0.927833 0.0552876 0.0113879 0.00396645 0.00152549
 0.393792 0.570637 0.027251 0.00561305 0.00270695
 0.894514 0.046884 0.0551632 0.00263434 0.00080429
 0.595117 0.369511 0.0157211 0.0184973 0.00115304
 0.602978 0.256737 0.128029 0.00544708 0.00680849
 0.738215 0.171014 0.0586974 0.0292711 0.00280197
 0.743999 0.198765 0.0373905 0.0128336 0.00701245
 0.328347 0.525689 0.11333 0.0213189 0.0113156
 0.740034 0.0973264 0.127294 0.0274425 0.00790239
 0.629453 0.287775 0.0309883 0.0405299 0.0112536
 0.438666 0.378793 0.141766 0.0152656 0.0255099
 0.730363 0.131494 0.0932196 0.034888 0.0100347
 0.688644 0.239093 0.0352406 0.024983 0.0120393
 0.360719 0.466316 0.132821 0.0195769 0.0205667
 0.428987 0.232596 0.246854 0.0703117 0.0212508
 0.821998 0.0852774 0.0377704 0.0400858 0.0148685
pobs_RECLAS
 0 0 0 0 0
 0 0 0 0 0
 0 0 0 0 0
 0 0 0 0 0
 0 0 0 0 0
 0 0 0 0 0
 0 0 0 0 0
 0 0 0 0 0
 0 0 0 0 0
 0 0 0 0 0
 0.991045 0.00858322 0.000360255 1.14367e-05 0
 0.934742 0.0480273 0.0164251 0.00080598 0
 0.827803 0.169806 0.00239088 0 0
 0.941827 0.0461693 0.0120037 0 0
 0.791401 0.0380133 0.147996 0.0225897 0
 0.846168 0.0940531 0.0597789 0 0
 0.134021 0.677848 0.182769 0.00536245 0
 0.80878 0.0450904 0.141981 0.00414843 0
 0.846168 0.0940531 0.0597789 0 0
 0.905697 0.0802665 0.012482 0.00150086 5.37128e-05
 0.989698 0.0102097 9.19794e-05 0 0
 0.975433 0.0193895 0.00387452 0.00125025 5.28907e-05
 0.303575 0.632131 0.0575291 0.00676475 0
 0.966965 0.00978017 0.0227588 0.000495775 0
 0.843318 0.132988 0.00938335 0.0141283 0.000182051
 0.564624 0.303363 0.111486 0.0197234 0.00080311
 0.826376 0.0876187 0.0782897 0.00655872 0.00115652
 0.89761 0.0855135 0.0140674 0.00269457 0.000114338
 0.34875 0.467042 0.161289 0.0227151 0.000203297
 0.318654 0.224769 0.449479 0.00709798 0
 0.937255 0.0296025 0.0250945 0.00804832 0
ppred_RECLAS
 0.488318 0.107076 0.382839 0.021766 7.11433e-07
 0.459286 0.265372 0.0576188 0.206011 0.0117129
 0.603074 0.184062 0.10447 0.022683 0.0857119
 0.785318 0.130357 0.0391031 0.0221942 0.023028
 0.689404 0.245229 0.0396914 0.0119062 0.0137693
 0.773611 0.156476 0.0551992 0.00893422 0.00577936
 0.518527 0.373853 0.074385 0.0262404 0.00699448
 0.487862 0.270095 0.187941 0.0373943 0.0167076
 0.567446 0.211631 0.116512 0.0810727 0.0233381
 0.721479 0.159544 0.0582102 0.0320473 0.0287188
 0.827861 0.125185 0.0268965 0.00981326 0.0102441
 0.764923 0.194855 0.0292509 0.00628466 0.00468663
 0.715942 0.218971 0.0539506 0.00809886 0.00303768
 0.663356 0.243135 0.0720831 0.01776 0.00366604
 0.759879 0.161997 0.0564241 0.0167283 0.00497232
 0.939664 0.0462233 0.00952089 0.00331616 0.00127539
 0.439734 0.52739 0.0251857 0.00518765 0.0025018
 0.911082 0.0395205 0.0464994 0.0022206 0.00067797
 0.640251 0.328321 0.0139686 0.0164353 0.0010245
 0.647584 0.227892 0.113645 0.00483509 0.00604354
 0.773092 0.14823 0.0508772 0.0253714 0.00242867
 0.778544 0.171943 0.032345 0.0111018 0.00606619
 0.371074 0.492247 0.10612 0.0199628 0.0105958
 0.774485 0.0844285 0.110425 0.0238058 0.00685515
 0.672072 0.254676 0.0274241 0.0358683 0.00995929
 0.485163 0.347416 0.130023 0.0140011 0.0233968
 0.765694 0.114264 0.0810049 0.0303166 0.00871985
 0.727331 0.209385 0.0308618 0.0218787 0.0105434
 0.404915 0.434078 0.123639 0.0182235 0.0191448
 0.47554 0.213633 0.226729 0.0645794 0.0195183
 0.847884 0.0728757 0.0322775 0.0342562 0.0127062
pobs_PELACES
 0 0 0 0 0
 0 0 0 0 0
 0 0 0 0 0
 0 0 0 0 0
 0 0 0 0 0
 0 0 0 0 0
 0 0 0 0 0
 0 0 0 0 0
 0 0 0 0 0
 0 0 0 0 0
 0 0 0 0 0
 0 0 0 0 0
 0 0 0 0 0
 0 0 0 0 0
 0 0 0 0 0
 0 0 0 0 0
 0.505614 0.472636 0.0217494 0 0
 0 0 0 0 0
 0.443492 0.261883 0.143347 0.151278 0
 0.227955 0.32914 0.350689 0.0885471 0.00366901
 0.970185 0.0296113 0.000203453 0 0
 0.997202 0.00247181 0.000326279 0 0
 0.445219 0.490057 0.0546422 0.010081 0
 0.90214 0.0892962 0.00764917 0.000914606 0
 0 0 0 0 0
 0.581667 0.319106 0.0959925 0.00289975 0.000334073
 0.762889 0.0836404 0.116647 0.0363945 0.000428098
 0.88444 0.0763242 0.0277011 0.0115352 0
 0.521256 0.241999 0.230069 0.00667565 0
 0.616807 0.101726 0.260614 0.0208532 0
 0.833518 0.0704572 0.0857862 0.0102388 0
ppred_PELACES
 0.489943 0.106736 0.381624 0.0216969 7.09174e-07
 0.46221 0.263937 0.0573072 0.204897 0.0116496
 0.605805 0.182795 0.103751 0.0225269 0.0851222
 0.788114 0.128659 0.0385938 0.0219051 0.0227281
 0.690579 0.244302 0.0395412 0.0118611 0.0137173
 0.775506 0.155166 0.0547371 0.00885943 0.00573098
 0.524377 0.369311 0.0734812 0.0259215 0.0069095
 0.488784 0.269609 0.187602 0.037327 0.0166775
 0.571 0.209892 0.115555 0.0804067 0.0231464
 0.725285 0.157364 0.0574148 0.0316094 0.0283263
 0.828546 0.124687 0.0267894 0.0097742 0.0102034
 0.768858 0.191593 0.0287613 0.00617945 0.00460817
 0.720103 0.215764 0.0531603 0.00798024 0.00299318
 0.670829 0.237738 0.070483 0.0173658 0.00358466
 0.763998 0.159217 0.055456 0.0164413 0.00488701
 0.940763 0.0453813 0.00934746 0.00325576 0.00125216
 0.442851 0.524457 0.0250456 0.0051588 0.00248789
 0.912112 0.0390627 0.0459608 0.00219487 0.000670117
 0.644485 0.324457 0.0138042 0.0162419 0.00101245
 0.651337 0.225465 0.112435 0.00478361 0.00597918
 0.775293 0.146793 0.0503838 0.0251253 0.00240512
 0.781279 0.169819 0.0319455 0.0109647 0.00599125
 0.373256 0.49054 0.105752 0.0198935 0.010559
 0.775898 0.0838998 0.109734 0.0236567 0.00681222
 0.673879 0.253273 0.027273 0.0356706 0.0099044
 0.486819 0.346299 0.129604 0.0139561 0.0233216
 0.767158 0.113551 0.080499 0.0301273 0.0086654
 0.728723 0.208316 0.0307043 0.021767 0.0104896
 0.406515 0.432911 0.123306 0.0181745 0.0190934
 0.477877 0.212681 0.225719 0.0642916 0.0194314
 0.849126 0.0722811 0.0320142 0.0339767 0.0126025
pobs_pel_tallas
 0 0 0 0 0 0 0 0 0 0 0 0 0 0 0 0 0 0 0 0 0 0 0 0 0 0
 0 0 0 0 0 0 0 0 0 0 0 0 0 0 0 0 0 0 0 0 0 0 0 0 0 0
 0 0 0 0 0 0 0 0 0 0 0 0 0 0 0 0 0 0 0 0 0 0 0 0 0 0
 0 0 0 0 0 0 0 0 0 0 0 0 0 0 0 0 0 0 0 0 0 0 0 0 0 0
 0 0 0 0 0 0 0 0 0 0 0 0 0 0 0 0 0 0 0 0 0 0 0 0 0 0
 0 0 0 0 0 0 0 0 0 0 0 0 0 0 0 0 0 0 0 0 0 0 0 0 0 0
 0 0 0 0 0 0 0 0 0 0 0 0 0 0 0 0 0 0 0 0 0 0 0 0 0 0
 0 0 0 0 0 0 0 0 0 0 0 0 0 0 0 0 0 0 0 0 0 0 0 0 0 0
 0 0 0 0 0 0 0 0 0 0 0 0 0 0 0 0 0 0 0 0 0 0 0 0 0 0
 0 0 0 0 0 0 0 0 0 0 0 0 0 0 0 0 0 0 0 0 0 0 0 0 0 0
 0 0 0 0 0 0 0 0 0 0 0 0 0 0 0 0 0 0 0 0 0 0 0 0 0 0
 0 0 0 0 0 0 0 0 0 0 0 0 0 0 0 0 0 0 0 0 0 0 0 0 0 0
 0.00862536 0 0 0.000197151 0.00414017 0.0128641 0.00837892 0.0270097 0.101434 0.158115 0.152841 0.127902 0.109271 0.109419 0.0830992 0.0579132 0.0238553 0.00714673 0.00463305 0.00128148 0.00103504 0.000492878 0.000147863 0.000147863 4.92878e-05 0
 0 0 0 0 0 0 0 0 0 0 0 0 0 0 0 0 0 0 0 0 0 0 0 0 0 0
 0 0 0 0 0 0 0 0.0054083 0.00873648 0.0413646 0.0450493 0.0745869 0.0622846 0.0627006 0.0613931 0.0827291 0.12552 0.122667 0.0946155 0.0697135 0.0546179 0.0294188 0.0215738 0.0213955 0.0102223 0.00600262
 0 0 0 0 0.00359764 0.0251062 0.0480494 0.140153 0.205849 0.193036 0.1447 0.116669 0.0760912 0.0342217 0.00950174 0.001854 0.000860785 0 0 0 0.000165536 0 0.000143464 0 0 0
 0 0 0 0 0 0 0 0.000145254 0.000435761 0.0275982 0.070085 0.0708112 0.156366 0.174668 0.174014 0.160142 0.0824315 0.0480064 0.0283245 0.00493863 0.00203355 0 0 0 0 0
 0 0 0 0 0 0 0 0 0 0 0 0 0 0 0 0 0 0 0 0 0 0 0 0 0 0
 0 0 1.00437e-05 0.000401748 0.00122533 0.00171747 0.00176769 0.0269171 0.070346 0.194647 0.189555 0.159765 0.064822 0.0314167 0.0384472 0.0292271 0.0345202 0.0313363 0.0194345 0.0106764 0.0143323 0.0359363 0.0279516 0.0138201 0.00172751 0
 0 0.0021121 0.0136068 0.0755702 0.200478 0.177729 0.0527432 0.0373336 0.0318909 0.0142505 0.0149659 0.0166563 0.0217959 0.0798694 0.0677717 0.0528807 0.04013 0.0224614 0.0357745 0.0225083 0.00881397 0.00855152 0.00135912 0.000746735 0 0
 0 0 0 0 5.4009e-05 0.00500934 0.000945158 0.0243581 0.138947 0.33067 0.221406 0.137944 0.0707744 0.0437923 0.0131692 0.00525238 0.0047753 0.00276346 9.45158e-05 9.00151e-06 2.25038e-05 9.00151e-06 4.50075e-06 0 0 0
 0.000866109 0.00284123 0.00948549 0.0512746 0.133035 0.25785 0.225252 0.132002 0.0553304 0.0519788 0.0540692 0.017754 0.00435017 0.00159236 0.00146478 0.000404838 0.000125132 0.000115318 0.000107957 0.000100596 0 0 0 0 0 0
 0 0 0 0 0.00144013 0.00171154 0.00461396 0.0210425 0.0478622 0.0707936 0.0888783 0.103762 0.0637923 0.0337046 0.0602308 0.124433 0.169614 0.0934646 0.0462172 0.0250306 0.0313229 0.00938855 0.002487 0.000210481 0 0
 0 0.00764035 0.051015 0.0998891 0.058973 0.0496711 0.0374665 0.0718981 0.12319 0.153886 0.159021 0.0857701 0.0377988 0.023471 0.0147837 0.00900784 0.00315554 0.000888139 0.00291439 0.00214683 0.00393193 0.00274676 0.000635225 9.99891e-05 0 0
 0 0 0 0 0 0 0 0 0 0 0 0 0 0 0 0 0 0 0 0 0 0 0 0 0 0
 0 0 0 0 0 0 0 0 0 0 0 0 0 0 0 0 0 0 0 0 0 0 0 0 0 0
 0 0 0 0 0 0 0 0 0 0 0 0 0 0 0 0 0 0 0 0 0 0 0 0 0 0
 0 0 0 0 0 0 0 0 0 0 0 0 0 0 0 0 0 0 0 0 0 0 0 0 0 0
 0 0 0 0 0 0 0 0 0 0 0 0 0 0 0 0 0 0 0 0 0 0 0 0 0 0
 0 0 0 0 0 0 0 0 0 0 0 0 0 0 0 0 0 0 0 0 0 0 0 0 0 0
 0 0 0 0 0 0 0 0 0 0 0 0 0 0 0 0 0 0 0 0 0 0 0 0 0 0
ppred_pel_tallas
 1.13217e-16 4.0356e-05 0.000392274 0.0026068 0.0118502 0.0368703 0.0785564 0.114658 0.114669 0.0786097 0.037051 0.0123794 0.00396271 0.00344281 0.00609869 0.0107074 0.0170203 0.0247253 0.033404 0.0426625 0.0520086 0.0605015 0.0665964 0.0685658 0.0653545 0.0572668
 1.24241e-16 3.80717e-05 0.00037007 0.00245925 0.0111794 0.0347834 0.0741107 0.108172 0.108198 0.0742355 0.035203 0.0123928 0.0055111 0.0070535 0.0127972 0.0212809 0.0311192 0.0402005 0.0464944 0.0493082 0.0497853 0.0500898 0.0518655 0.0551514 0.0584565 0.0597445
 1.19706e-16 4.98994e-05 0.00048504 0.00322326 0.0146525 0.0455894 0.0971337 0.141773 0.141791 0.0972206 0.0458815 0.015498 0.0053528 0.00515836 0.00899878 0.0149944 0.0220682 0.0287788 0.0337194 0.0363376 0.0372709 0.0378294 0.0390303 0.0409474 0.0427813 0.0434343
 1.0719e-16 6.49159e-05 0.000631006 0.00419326 0.0190619 0.0593088 0.126364 0.184435 0.184447 0.126425 0.0595132 0.0196527 0.00567839 0.00388055 0.00625897 0.0103056 0.0149877 0.0191734 0.021769 0.0223115 0.0212476 0.0196049 0.0183126 0.017705 0.0175048 0.0171627
 1.04715e-16 5.68821e-05 0.000552914 0.00367431 0.0167029 0.051969 0.110726 0.161613 0.161637 0.110842 0.0523556 0.0178196 0.00647794 0.00667534 0.0116909 0.0192547 0.0277745 0.0350226 0.0387724 0.0380121 0.0335477 0.0274436 0.0217644 0.0175964 0.0149165 0.0131015
 1.03478e-16 6.38774e-05 0.000620912 0.00412618 0.018757 0.0583601 0.124343 0.181485 0.1815 0.124416 0.0586066 0.0194696 0.00591739 0.00453964 0.00753118 0.0124147 0.01803 0.0229924 0.0259268 0.0261887 0.0242151 0.0211628 0.0181444 0.0156786 0.0136818 0.0118275
 1.05984e-16 4.31923e-05 0.000419844 0.00279002 0.012683 0.0394618 0.0840789 0.122723 0.122759 0.084253 0.0400466 0.0143727 0.00703313 0.00968904 0.0176662 0.0291881 0.0421628 0.0532777 0.059181 0.0583301 0.0518897 0.0428867 0.0343319 0.027786 0.0232069 0.0197401
 1.12049e-16 4.02606e-05 0.000391347 0.00260064 0.0118221 0.0367832 0.0783715 0.114391 0.114417 0.0784998 0.0372147 0.0130714 0.00574832 0.00730212 0.0132809 0.0221955 0.0326802 0.0425881 0.0497223 0.0530318 0.0531111 0.0515186 0.0495207 0.0473365 0.0443687 0.0399921
 1.1537e-16 4.70326e-05 0.000457173 0.00303808 0.0138107 0.0429702 0.0915534 0.133629 0.13365 0.0916531 0.0433056 0.0147814 0.00548303 0.00582243 0.01032 0.017209 0.0253187 0.0329887 0.0385755 0.0413904 0.0420773 0.0420253 0.0422897 0.042905 0.0430336 0.0416662
 1.09661e-16 5.97408e-05 0.000580702 0.00385897 0.0175423 0.0545808 0.116291 0.169733 0.169748 0.116365 0.0548311 0.0182662 0.00567956 0.00456713 0.00766688 0.0126776 0.0184917 0.0237658 0.0271885 0.0282053 0.0273481 0.0258234 0.0246882 0.0242635 0.0241436 0.0236343
 1.03512e-16 6.82462e-05 0.000663378 0.00440838 0.0200399 0.0623515 0.132847 0.193896 0.193909 0.132906 0.0625491 0.0206107 0.00584217 0.0037965 0.00602805 0.00988294 0.0142914 0.0181055 0.0202084 0.0200992 0.0181878 0.0155007 0.0130384 0.0112864 0.0101667 0.00931711
 1.02279e-16 6.33298e-05 0.000615589 0.0040908 0.0185962 0.0578598 0.123277 0.17993 0.179949 0.123367 0.0581628 0.0194715 0.00628812 0.00541287 0.00917581 0.0150734 0.0217177 0.0273321 0.0301497 0.0293563 0.0255688 0.0204059 0.01551 0.0117823 0.00927382 0.00756928
 1.02897e-16 5.93139e-05 0.000576553 0.0038314 0.017417 0.0541908 0.11546 0.168522 0.168542 0.115562 0.0545327 0.0184051 0.00631328 0.00600015 0.0103761 0.0171027 0.0247305 0.0313049 0.0348656 0.0344944 0.0308334 0.0255972 0.0204955 0.0164231 0.0133893 0.010975
 1.04443e-16 5.52553e-05 0.000537102 0.00356923 0.0162252 0.0504828 0.10756 0.156991 0.157014 0.107672 0.05086 0.0173155 0.00630894 0.0065277 0.0114613 0.0189358 0.0274492 0.0348888 0.0391293 0.0391786 0.0357311 0.030617 0.0256199 0.0216077 0.0184929 0.0157691
 1.04117e-16 6.29296e-05 0.000611698 0.00406495 0.0184787 0.0574941 0.122498 0.178792 0.178808 0.122573 0.057747 0.01921 0.0059033 0.00463393 0.00772868 0.012748 0.0185238 0.0236445 0.0267104 0.0270734 0.0251932 0.022259 0.0193984 0.0171102 0.0152618 0.0134711
 1.0082e-16 7.74894e-05 0.000753225 0.00500544 0.022754 0.0707962 0.150839 0.220155 0.220159 0.15086 0.0708681 0.0229617 0.00552698 0.00189265 0.00224412 0.00359439 0.00518708 0.00655858 0.0072939 0.00720435 0.00643343 0.00535222 0.0043284 0.00355026 0.00300865 0.00259507
 1.01796e-16 3.64771e-05 0.000354571 0.00235625 0.0107112 0.0333268 0.0710081 0.103649 0.103699 0.0712547 0.0341544 0.0131007 0.00835029 0.0134265 0.024824 0.0408802 0.0586485 0.0732519 0.0797445 0.0758461 0.0633271 0.0468692 0.0313528 0.0196547 0.0122098 0.00796272
 1.0167e-16 7.51294e-05 0.000730285 0.004853 0.022061 0.0686401 0.146245 0.21345 0.213454 0.146264 0.0687032 0.022244 0.00531535 0.00174953 0.00203985 0.00332874 0.00496273 0.00660323 0.00794639 0.00883034 0.00928744 0.0094456 0.00937262 0.00901357 0.00826795 0.00711765
 1.02282e-16 5.30854e-05 0.000516009 0.00342907 0.0155881 0.0485004 0.103336 0.150829 0.15086 0.103489 0.0490125 0.0170665 0.00713787 0.00860489 0.0153936 0.0253083 0.0363222 0.0454074 0.0495231 0.0472849 0.0398121 0.0300094 0.0208741 0.0141253 0.0099416 0.00757546
 1.04794e-16 5.36498e-05 0.000521495 0.00346552 0.0157538 0.0490159 0.104434 0.15243 0.152452 0.104541 0.0493751 0.0167926 0.0060791 0.00624651 0.0109836 0.0182216 0.0265876 0.0341468 0.0389328 0.0399895 0.0378552 0.0340406 0.0299657 0.026244 0.0227435 0.0191284
 1.04419e-16 6.38599e-05 0.000620741 0.00412504 0.0187518 0.058344 0.124309 0.181435 0.181449 0.124378 0.0585773 0.0194262 0.00582049 0.00433081 0.00713635 0.0117666 0.01711 0.0218698 0.0247691 0.0252269 0.0236795 0.0212242 0.0188798 0.0170624 0.0155899 0.0140539
 1.03079e-16 6.4353e-05 0.000625534 0.00415689 0.0188966 0.0587946 0.125269 0.182837 0.182853 0.125349 0.0590634 0.0196734 0.0061074 0.00488608 0.00816362 0.0134148 0.0193676 0.0244617 0.0271534 0.0267373 0.0237589 0.0196244 0.0157327 0.0128088 0.0108272 0.00937406
 1.0696e-16 3.07447e-05 0.000298849 0.00198596 0.00902792 0.0280895 0.0598493 0.0873618 0.0874091 0.0600807 0.0288664 0.0112727 0.00762353 0.0126151 0.0234493 0.0387902 0.0560448 0.0708318 0.0786878 0.0775369 0.0688865 0.0567177 0.0450129 0.0358734 0.0293224 0.0243346
 1.06714e-16 6.39097e-05 0.000621225 0.00412826 0.0187665 0.0583895 0.124405 0.181575 0.181583 0.124446 0.0585255 0.0191614 0.00512729 0.00282792 0.00433068 0.00725707 0.0109134 0.0147009 0.0180332 0.0206162 0.0225379 0.0240287 0.025113 0.0254872 0.0247292 0.0226322
 1.06106e-16 5.55066e-05 0.000539544 0.00358546 0.016299 0.0507124 0.108049 0.157706 0.15773 0.108168 0.0511128 0.0174557 0.00648909 0.0068787 0.0120969 0.0199184 0.0287121 0.0361727 0.0400082 0.0392084 0.0346685 0.0285915 0.0231489 0.0194315 0.017303 0.0159588
 1.09175e-16 4.00987e-05 0.000389774 0.00259019 0.0117746 0.0366354 0.0780569 0.113933 0.113967 0.0782207 0.0371857 0.0133658 0.00659048 0.00914328 0.0167258 0.0277478 0.0403429 0.0515189 0.0582312 0.0590539 0.0549616 0.0485174 0.0421696 0.0370321 0.0328746 0.0289311
 1.0684e-16 6.31898e-05 0.000614227 0.00408176 0.0185551 0.0577318 0.123004 0.17953 0.179541 0.123058 0.0579137 0.0190818 0.00540942 0.00353072 0.00565592 0.0093922 0.0138586 0.0181375 0.0213326 0.0230353 0.0235203 0.0234405 0.0232826 0.0230455 0.0223546 0.0208286
 1.04898e-16 6.0024e-05 0.000583455 0.00387726 0.0176255 0.0548396 0.116842 0.170539 0.170559 0.11694 0.0551692 0.0185776 0.00626786 0.00580407 0.00998101 0.0164229 0.023696 0.0299004 0.0331519 0.0326096 0.0289839 0.0240486 0.0195546 0.0163852 0.0144485 0.0131326
 1.08723e-16 3.34842e-05 0.000325478 0.00216292 0.00983234 0.0305923 0.0651816 0.0951432 0.0951851 0.065386 0.0312789 0.011817 0.00714946 0.0112273 0.0207855 0.0344341 0.0498918 0.063352 0.070937 0.0708404 0.0643476 0.0548389 0.0456292 0.0383642 0.0329176 0.0283466
 1.16305e-16 3.93621e-05 0.000382614 0.00254261 0.0115583 0.0359624 0.0766224 0.111837 0.111858 0.0767243 0.0363055 0.0125536 0.00505692 0.0059245 0.0107209 0.0180728 0.0269976 0.0359888 0.0435023 0.0488028 0.0522491 0.0546938 0.0565332 0.0572746 0.0559388 0.0518579
 1.06483e-16 6.99414e-05 0.000679855 0.00451788 0.0205376 0.0639002 0.136146 0.198711 0.198718 0.136181 0.0640155 0.0208713 0.00535791 0.00252213 0.00359433 0.00590057 0.00866138 0.0112612 0.0131388 0.0140802 0.0143473 0.0144663 0.0148359 0.0154646 0.0160069 0.0160143
pSPR Fmed_Fpbrs
0.673615   0.204807 0.204807
Fs Fmed_Fpbrs
0.207346   1.005 1.005
SSBpbr Bo_Bmed_Bpbrs
2.03967e+06  1.27197e+06  315755 315755
Ro
193308
SPR SPRFo_SPRFmed_SPRFpbrs
1.38175e+06 930769 282992
Fref
1.005
Nvult_r0
 224023 19802.1 8770.58 9308.23 3452.58
CTP_r0
 28136.9 2919.04 1292.88 1372.13 508.947
YTP_r0
391300
Np
 260131 104774 8874.51 3930.63 5462.56
Nvult_p0
 218608 90664.8 7679.47 3401.33 4726.97
CTP_p0
 99470.8 45445.4 3849.31 1704.91 2369.38
YTP_p0
 1.70145e+06
CBA_c0
784346
log_Ro
11.992
likeval ReclasPelacesDesembMPH_pf_preclas_ppelaces_ptallas_desvR_qrecl_qpela
 15.3866 17.3062 0.0879298 0.00297647 241.306 119.379 98.1826 0 22.6232 2.52794e-06 0 0.448409 0 0 0
q_reclas_q_pelaces
0.798275 1
M
1
N
 212895 47144.5 168561 9583.38 0.313238
 120877 71098.4 15437.2 55194.4 3138.13
 120201 37326.5 21185.8 4599.97 17381.8
 219160 37309.3 11191.6 6352.14 6590.81
 175423 62921.6 10184.1 3054.92 3532.97
 289228 59471.3 20979.3 3395.59 2196.54
 121192 90537.6 18014.1 6354.74 1693.88
 56502.5 31456.9 21888.7 4355.15 1945.86
 51611.2 19675.9 10832.4 7537.55 2169.81
 67242.3 15304.4 5583.85 3074.16 2754.87
 122376 18640.6 4004.99 1461.23 1525.39
 159115 41907.3 6290.97 1351.64 1007.95
 133711 42189 10394.6 1560.4 585.267
 93942.7 36233 10742.1 2646.67 546.33
 94942.6 20949.3 7296.71 2163.28 643.016
 491663 24912.8 5131.43 1787.3 687.391
 110608 135221 6457.55 1330.1 641.455
 762351 33715.5 39669.3 1894.42 578.386
 439756 231892 9866.01 11608.2 723.606
 340851 122983 61328.9 2609.28 3261.42
 502091 98123.2 33678.9 16794.9 1607.69
 676966 153164 28812.4 9889.29 5403.65
 146028 196473 42356.2 7967.82 4229.13
 423646 46753.2 61149 13182.7 3796.11
 360061 138151 14876.4 19457 5402.48
 162069 117226 43872.5 4724.28 7894.61
 357564 54024 38299 14333.6 4122.74
 400323 116479 17168.2 12171 5865.23
 122499 132647 37782 5568.8 5850.35
 89606.5 40830.4 43333.4 12342.7 3730.42
 328797 28676.6 12701.2 13479.8 4999.89
pred_Ctot
 12506.4 3306.83 11823.3 672.201 0.0219712
 12448.1 8687.52 1886.28 6744.21 383.449
 12039.6 4437.89 2518.86 546.907 2066.59
 31038.6 6234.12 1870.04 1061.4 1101.28
 8758.48 3755.68 607.872 182.343 210.877
 27619.5 6745.74 2379.65 385.157 249.15
 23203.3 20297.7 4038.6 1424.67 379.753
 1916.23 1278.22 889.425 176.968 79.0682
 6439.38 2903.58 1598.55 1112.32 320.2
 10719.2 2870.78 1047.41 576.645 516.754
 5379.01 980.336 210.628 76.8483 80.2225
 28844.1 8909.55 1337.47 287.359 214.291
 22823 8459.1 2084.17 312.869 117.349
 24350 10879.9 3225.6 794.73 164.049
 17686.4 4573.34 1592.91 472.257 140.374
 80318.6 4786.02 985.804 343.359 132.055
 12170 17635.3 842.183 173.469 83.6575
 84745.1 4441.73 5226.09 249.574 76.1974
 68162.4 42322.4 1800.63 2118.61 132.064
 47800.6 20352.6 10149.4 431.813 539.737
 55037.5 12750 4376.18 2182.3 208.901
 92089.7 24602.5 4628.08 1588.5 867.979
 12108.5 19385.9 4179.27 786.182 417.288
 30714.3 4039.43 5283.22 1138.97 327.98
 26437.8 12086.9 1301.55 1702.31 472.667
 9696.61 8373.14 3133.7 337.443 563.892
 26137.3 4705.75 3336.02 1248.53 359.11
 25342.8 8798.86 1296.89 919.398 443.06
 7334.59 9481.71 2700.68 398.061 418.187
 7451.96 4040.43 4288.12 1221.39 369.149
 28136.9 2919.04 1292.88 1372.13 508.947
F
 0.0967317 0.116436 0.116436 0.116436 0.116436
 0.175072 0.210734 0.210734 0.210734 0.210734
 0.169926 0.204539 0.204539 0.204539 0.204539
 0.247913 0.298412 0.298412 0.298412 0.298412
 0.0817073 0.0983508 0.0983508 0.0983508 0.0983508
 0.161451 0.194338 0.194338 0.194338 0.194338
 0.348756 0.419797 0.419797 0.419797 0.419797
 0.05489 0.0660709 0.0660709 0.0660709 0.0660709
 0.215599 0.259516 0.259516 0.259516 0.259516
 0.28296 0.340598 0.340598 0.340598 0.340598
 0.0716348 0.0862266 0.0862266 0.0862266 0.0862266
 0.327468 0.394173 0.394173 0.394173 0.394173
 0.305711 0.367984 0.367984 0.367984 0.367984
 0.500581 0.602548 0.602548 0.602548 0.602548
 0.337891 0.406719 0.406719 0.406719 0.406719
 0.29088 0.350131 0.350131 0.350131 0.350131
 0.188034 0.226336 0.226336 0.226336 0.226336
 0.190134 0.228863 0.228863 0.228863 0.228863
 0.274174 0.330022 0.330022 0.330022 0.330022
 0.245222 0.295173 0.295173 0.295173 0.295173
 0.187273 0.22542 0.22542 0.22542 0.22542
 0.237098 0.285394 0.285394 0.285394 0.285394
 0.138913 0.16721 0.16721 0.16721 0.16721
 0.120552 0.145108 0.145108 0.145108 0.145108
 0.122172 0.147058 0.147058 0.147058 0.147058
 0.0985943 0.118678 0.118678 0.118678 0.118678
 0.121599 0.146368 0.146368 0.146368 0.146368
 0.104578 0.125881 0.125881 0.125881 0.125881
 0.0986714 0.11877 0.11877 0.11877 0.11877
 0.139346 0.167731 0.167731 0.167731 0.167731
 0.143639 0.172898 0.172898 0.172898 0.172898
YTP_r0W_actual
 239164 47580.3 37364.1 47750.2 19441.8
YTP_p0W_proyectada
 748021 732580 89996.9 50294.7 80558.8
CTP_r0_actual
 28136.9 2919.04 1292.88 1372.13 508.947
CTP_p0_proyectada
 99470.8 45445.4 3849.31 1704.91 2369.38
Wmedp
 7.52 16.12 23.38 29.5 34
Frms_r0
 0.143639 0.172898 0.172898 0.172898 0.172898
Zrms_r0
 1.14364 1.1729 1.1729 1.1729 1.1729
nmprior
 8.19 8.8 8.5 0
nm_flota  nm_reclas  nm_pelaces    nm_pelaL
inf 11.9041 19.016 46.0103
cv_recla  cv_pelaces  cv_mph
0.35481 0.471708 1.68367
 ------------------------------------------------
Talla a la edad & desviaci?n 
 8 13.2811 15.8009 17.003 17.5766
 0.8 1.32811 1.58009 1.7003 1.75766
