years
 1991 1992 1993 1994 1995 1996 1997 1998 1999 2000 2001 2002 2003 2004 2005 2006 2007 2008 2009 2010 2011 2012 2013 2014 2015 2016 2017 2018 2019 2020 2021
reclasobs
 0 0 0 0 0 0 0 0 0 252601 567819 844713 477998 351125 339783 2.1784e+06 2.13404e+06 4.81314e+06 1.55562e+06 2.62356e+06 3.21686e+06 3.843e+06 1.13348e+06 3.07943e+06 1.97215e+06 2.03268e+06 2.025e+06 2.42433e+06 2.27542e+06 1.05018e+06 2.36338e+06
reclaspred
 3.01017e+06 1.65357e+06 830575 734080 677460 1.2121e+06 667130 561873 417463 307228 446376 615167 604921 450563 447415 1.40321e+06 1.30417e+06 3.09933e+06 2.54686e+06 1.85363e+06 3.30401e+06 2.6817e+06 2.05236e+06 3.19178e+06 2.35458e+06 2.04898e+06 2.51508e+06 2.75982e+06 2.21949e+06 1.33322e+06 1.90996e+06
pelacesobs
 0 0 0 0 0 0 0 0 0 0 0 0 0 0 0 552880 188675 0 991730 2.46772e+06 1.41603e+06 1.21717e+06 2.29649e+06 1.80582e+06 0 1.4828e+06 1.56532e+06 1.57751e+06 1.42118e+06 867257 1.10002e+06
pelacespred
 1.2869e+06 777382 384806 275367 274096 506125 236544 270529 182136 125590 197691 228567 249219 191371 196955 526741 492599 1.36486e+06 1.14588e+06 771223 1.35033e+06 1.17005e+06 899863 1.54195e+06 1.09103e+06 948664 1.32988e+06 1.4351e+06 952447 651208 926340
mphobs
 0 0 0 0 0 0 0 0 0 0 0 498337 0 5186 125008 0 168611 109162 213762 579715 649985 157893 87575 83554 0 0 0 0 0 0 0
mphpred
 2.46398e+06 1.63142e+06 790867 428292 392532 428864 618448 321587 287380 191296 130506 287551 317385 261233 163327 209869 875857 790700 1.67053e+06 1.24392e+06 1.29975e+06 1.63141e+06 1.54459e+06 1.22583e+06 1.72972e+06 1.39927e+06 1.13183e+06 1.256e+06 1.81861e+06 1.20003e+06 688001
desembarqueobs
 494567 514787 250237 358949 120608 361735 552515 73892 212993 205616 52469 317467 293654 387597 252695 516296 358380 742168 942051 627588 828172 859565 418607 520667 417249 300574 415391 372974 316634 284311 391294
desembarquepred
 494567 513971 250497 358984 120613 361723 552461 73895.8 213027 205643 52471.1 317506 293676 387559 252662 516208 358390 742019 941711 627368 828194 859501 418597 520676 417231 300560 415371 372941 316613 284304 391284
Reclutas
 173585 98558.4 98587.6 125196 101582 214851 79650.1 32679.4 36322.2 51881.8 98241.3 135594 111277 77236.4 73749.5 455062 82652.8 690593 392804 294642 446538 589258 110590 355195 289585 128505 307538 350434 91325.4 65752.9 274812
log_desv_Rt
 0.136004 -0.430016 -0.429719 -0.190787 -0.399798 0.349281 -0.643022 -1.53392 -1.42824 -1.0717 -0.433238 -0.111 -0.308638 -0.673793 -0.71999 1.09977 -0.606016 1.51689 0.952646 0.665097 1.08086 1.3582 -0.314833 0.852003 0.647784 -0.164695 0.707935 0.838507 -0.506236 -0.834761 0.595424
SSB
 2.46398e+06 1.63142e+06 790867 428292 392532 428864 618448 321587 287380 191296 130506 287551 317385 261233 163327 209869 875857 790700 1.67053e+06 1.24392e+06 1.29975e+06 1.63141e+06 1.54459e+06 1.22583e+06 1.72972e+06 1.39927e+06 1.13183e+06 1.256e+06 1.81861e+06 1.20003e+06 688001
BT
 3.38926e+06 2.30057e+06 1.13381e+06 936170 729529 1.47823e+06 1.0359e+06 690307 630758 485967 500680 790929 840491 843439 707747 1.63087e+06 1.41586e+06 3.80491e+06 3.5465e+06 2.34631e+06 3.7859e+06 3.50298e+06 2.44049e+06 4.04208e+06 2.90523e+06 2.45581e+06 3.49304e+06 3.68579e+06 2.45909e+06 1.78202e+06 2.51716e+06
Ftot
 0.17363 0.320728 0.316552 0.545114 0.201834 0.361215 0.842355 0.148648 0.571222 0.743777 0.150563 0.595552 0.554422 0.961461 0.687193 0.481656 0.297754 0.30208 0.41662 0.382188 0.29367 0.370701 0.219345 0.198543 0.198474 0.162191 0.199896 0.166238 0.149694 0.225925 0.254956
BD_Bspro_t
 0.972702 0.808907 0.621636 0.519396 0.472998 0.548856 0.554345 0.349616 0.402164 0.353981 0.331162 0.604661 0.492227 0.398689 0.284566 0.341589 0.570262 0.531954 0.646208 0.546273 0.512292 0.56567 0.581843 0.565737 0.675975 0.681328 0.68559 0.729185 0.780364 0.707084 0.624327
BD_Bspro
 2.27844 1.50857 0.731313 0.396041 0.362973 0.396569 0.571877 0.29737 0.265739 0.176891 0.120678 0.265897 0.293485 0.241561 0.151028 0.194066 0.809903 0.731158 1.54474 1.15025 1.20188 1.50856 1.42828 1.13352 1.59947 1.2939 1.0466 1.16142 1.68166 1.10966 0.636192
BD_Bo
 1.42564 0.943922 0.457588 0.247806 0.227115 0.248136 0.357828 0.186067 0.166275 0.110682 0.0755093 0.166374 0.183636 0.151147 0.0944993 0.121428 0.506762 0.457491 0.966555 0.719719 0.752025 0.943917 0.893687 0.709252 1.0008 0.809605 0.654863 0.726712 1.05223 0.694324 0.39807
BD_Brms
 7.77316 5.14666 2.49496 1.35114 1.23833 1.35294 1.95103 1.01451 0.906601 0.603484 0.411708 0.90714 1.00126 0.824115 0.51525 0.662078 2.76308 2.49443 5.27006 3.92421 4.10035 5.14663 4.87275 3.86714 5.45679 4.41431 3.57059 3.96234 5.73719 3.78575 2.17045
Sel_flota
 0.707864 0.978741 0.998858 0.99994 0.999997
 0.707864 0.978741 0.998858 0.99994 0.999997
 0.707864 0.978741 0.998858 0.99994 0.999997
 0.707864 0.978741 0.998858 0.99994 0.999997
 0.707864 0.978741 0.998858 0.99994 0.999997
 0.707864 0.978741 0.998858 0.99994 0.999997
 0.707864 0.978741 0.998858 0.99994 0.999997
 0.707864 0.978741 0.998858 0.99994 0.999997
 0.707864 0.978741 0.998858 0.99994 0.999997
 0.707864 0.978741 0.998858 0.99994 0.999997
 0.707864 0.978741 0.998858 0.99994 0.999997
 0.707864 0.978741 0.998858 0.99994 0.999997
 0.707864 0.978741 0.998858 0.99994 0.999997
 0.707864 0.978741 0.998858 0.99994 0.999997
 0.707864 0.978741 0.998858 0.99994 0.999997
 0.707864 0.978741 0.998858 0.99994 0.999997
 0.707864 0.978741 0.998858 0.99994 0.999997
 0.707864 0.978741 0.998858 0.99994 0.999997
 0.707864 0.978741 0.998858 0.99994 0.999997
 0.707864 0.978741 0.998858 0.99994 0.999997
 0.707864 0.978741 0.998858 0.99994 0.999997
 0.707864 0.978741 0.998858 0.99994 0.999997
 0.707864 0.978741 0.998858 0.99994 0.999997
 0.707864 0.978741 0.998858 0.99994 0.999997
 0.707864 0.978741 0.998858 0.99994 0.999997
 0.707864 0.978741 0.998858 0.99994 0.999997
 0.707864 0.978741 0.998858 0.99994 0.999997
 0.707864 0.978741 0.998858 0.99994 0.999997
 0.707864 0.978741 0.998858 0.99994 0.999997
 0.707864 0.978741 0.998858 0.99994 0.999997
 0.707864 0.978741 0.998858 0.99994 0.999997
Sel_reclas
 1 1 1 1 1
 1 1 1 1 1
 1 1 1 1 1
 1 1 1 1 1
 1 1 1 1 1
 1 1 1 1 1
 1 1 1 1 1
 1 1 1 1 1
 1 1 1 1 1
 1 1 1 1 1
 1 1 1 1 1
 1 1 1 1 1
 1 1 1 1 1
 1 1 1 1 1
 1 1 1 1 1
 1 1 1 1 1
 1 1 1 1 1
 1 1 1 1 1
 1 1 1 1 1
 1 1 1 1 1
 1 1 1 1 1
 1 1 1 1 1
 1 1 1 1 1
 1 1 1 1 1
 1 1 1 1 1
 1 1 1 1 1
 1 1 1 1 1
 1 1 1 1 1
 1 1 1 1 1
 1 1 1 1 1
 1 1 1 1 1
Sel_pelaces
 1 1 1 1 1
 1 1 1 1 1
 1 1 1 1 1
 1 1 1 1 1
 1 1 1 1 1
 1 1 1 1 1
 1 1 1 1 1
 1 1 1 1 1
 1 1 1 1 1
 1 1 1 1 1
 1 1 1 1 1
 1 1 1 1 1
 1 1 1 1 1
 1 1 1 1 1
 1 1 1 1 1
 1 1 1 1 1
 1 1 1 1 1
 1 1 1 1 1
 1 1 1 1 1
 1 1 1 1 1
 1 1 1 1 1
 1 1 1 1 1
 1 1 1 1 1
 1 1 1 1 1
 1 1 1 1 1
 1 1 1 1 1
 1 1 1 1 1
 1 1 1 1 1
 1 1 1 1 1
 1 1 1 1 1
 1 1 1 1 1
pf_obs 
 0.8446 0.082 0.0669 0.0065 0
 0.8095 0.147 0.0364 0.0071 0
 0.9664 0.0169 0.016 0.0007 0
 0.9276 0.0648 0.0075 0.0001 0
 0.7033 0.2144 0.0806 0.0017 0
 0.9318 0.0425 0.0243 0.0014 0
 0.5671 0.3108 0.0964 0.0239 0.0018
 0.0768 0.2599 0.5324 0.112 0.0189
 0.490249 0.384438 0.106611 0.0170017 0.00170017
 0.7925 0.1577 0.0466 0.003 0.0002
 0.840416 0.127587 0.0312969 0.00059994 9.999e-05
 0.8084 0.0986 0.0794 0.0134 0.0002
 0.7335 0.1905 0.0724 0.0035 0.0001
 0.4001 0.4547 0.1325 0.0127 0
 0.49795 0.308269 0.164784 0.0264974 0.00249975
 0.9179 0.0499 0.0305 0.0017 0
 0.2467 0.6533 0.0926 0.0074 0
 0.9418 0.0223 0.034 0.0019 0
 0.707729 0.231977 0.0356964 0.0245975 0
 0.517169 0.277429 0.184464 0.0207286 0.00020938
 0.811772 0.124168 0.05621 0.00726502 0.000585176
 0.764997 0.148141 0.077277 0.00933861 0.000247198
 0.163321 0.427699 0.378323 0.0303852 0.000271297
 0.753843 0.0900009 0.118128 0.0371064 0.000921714
 0.721811 0.176058 0.0630433 0.0369309 0.00215725
 0.143369 0.312575 0.442814 0.0836902 0.0175525
 0.692698 0.0596174 0.167031 0.0765114 0.00414204
 0.394062 0.376323 0.152708 0.0712218 0.00568511
 0.125707 0.32114 0.495352 0.0537591 0.00404204
 0.23352 0.215282 0.420074 0.123614 0.00750983
 0.796117 0.104755 0.0508955 0.0450114 0.00322123
pf_pred 
 0.442671 0.145562 0.384681 0.0270841 8.66704e-07
 0.409085 0.313115 0.0737166 0.190673 0.0134097
 0.561017 0.219727 0.117502 0.0270261 0.0747277
 0.682191 0.206405 0.0564289 0.0294799 0.0254958
 0.646704 0.269596 0.0548702 0.0146132 0.0142165
 0.78232 0.156923 0.0466063 0.00928072 0.0048704
 0.46196 0.451715 0.0626512 0.0181659 0.00550855
 0.461194 0.309831 0.193175 0.0259941 0.00980653
 0.584445 0.226976 0.109426 0.0667894 0.0123637
 0.755321 0.16662 0.0431639 0.0202604 0.0146343
 0.841348 0.131293 0.0188062 0.00473319 0.00382038
 0.738767 0.23021 0.0257681 0.00361319 0.00164147
 0.678457 0.260487 0.0539775 0.0058809 0.00119748
 0.627687 0.28311 0.0726287 0.0146551 0.00191906
 0.744278 0.187262 0.0524601 0.013032 0.00296882
 0.944337 0.0455073 0.00749318 0.00204075 0.000621501
 0.332738 0.641672 0.0210183 0.00337409 0.00119714
 0.897016 0.042813 0.0579148 0.00185386 0.000402691
 0.57281 0.395791 0.0132302 0.017488 0.000680542
 0.577124 0.279789 0.132814 0.00433184 0.00594095
 0.728455 0.180716 0.0605853 0.0280749 0.00216864
 0.725122 0.218243 0.0379854 0.0124452 0.00620486
 0.2803 0.570509 0.119042 0.0202298 0.00991949
 0.727875 0.0965699 0.139801 0.0285361 0.00721861
 0.598811 0.317625 0.030076 0.0426037 0.0108834
 0.409143 0.400284 0.15158 0.0140447 0.0249479
 0.726601 0.134698 0.094615 0.0350742 0.00901194
 0.674993 0.256805 0.0339784 0.0233539 0.0108691
 0.3036 0.518141 0.141495 0.0183266 0.0184372
 0.379173 0.235075 0.288573 0.0771553 0.0200236
 0.821982 0.0829234 0.03651 0.0438394 0.0147456
pobs_RECLAS
 0 0 0 0 0
 0 0 0 0 0
 0 0 0 0 0
 0 0 0 0 0
 0 0 0 0 0
 0 0 0 0 0
 0 0 0 0 0
 0 0 0 0 0
 0 0 0 0 0
 0 0 0 0 0
 0.991045 0.00858322 0.000360255 1.14367e-05 0
 0.934742 0.0480273 0.0164251 0.00080598 0
 0.827803 0.169806 0.00239088 0 0
 0.941827 0.0461693 0.0120037 0 0
 0.791401 0.0380133 0.147996 0.0225897 0
 0.846168 0.0940531 0.0597789 0 0
 0.134021 0.677848 0.182769 0.00536245 0
 0.80878 0.0450904 0.141981 0.00414843 0
 0.846168 0.0940531 0.0597789 0 0
 0.905697 0.0802665 0.012482 0.00150086 5.37128e-05
 0.989698 0.0102097 9.19794e-05 0 0
 0.975433 0.0193895 0.00387452 0.00125025 5.28907e-05
 0.303575 0.632131 0.0575291 0.00676475 0
 0.966965 0.00978017 0.0227588 0.000495775 0
 0.843318 0.132988 0.00938335 0.0141283 0.000182051
 0.564624 0.303363 0.111486 0.0197234 0.00080311
 0.826376 0.0876187 0.0782897 0.00655872 0.00115652
 0.89761 0.0855135 0.0140674 0.00269457 0.000114338
 0.34875 0.467042 0.161289 0.0227151 0.000203297
 0.318654 0.224769 0.449479 0.00709798 0
 0.937255 0.0296025 0.0250945 0.00804832 0
ppred_RECLAS
 0.528314 0.125093 0.323819 0.022774 7.28735e-07
 0.493861 0.270948 0.0624615 0.16138 0.0113489
 0.643098 0.180566 0.0945517 0.021723 0.0600611
 0.752684 0.161873 0.0433042 0.0225971 0.019542
 0.718853 0.215609 0.0429814 0.0114343 0.0111232
 0.83473 0.119849 0.0348508 0.00693204 0.00363763
 0.551385 0.378024 0.0512487 0.0148417 0.00450024
 0.545118 0.26388 0.161167 0.0216633 0.00817219
 0.666756 0.183856 0.0867271 0.0528736 0.00978711
 0.815275 0.12671 0.0320977 0.0150481 0.0108687
 0.88076 0.0990319 0.0138956 0.00349344 0.00281955
 0.799897 0.176798 0.0193614 0.00271169 0.00123184
 0.748863 0.204289 0.0414223 0.00450778 0.00091783
 0.708727 0.222728 0.0558221 0.0112499 0.00147305
 0.805627 0.143188 0.0392328 0.0097346 0.0022175
 0.959842 0.0329614 0.00531196 0.00144504 0.000440055
 0.410279 0.567561 0.0182048 0.00291919 0.00103567
 0.924776 0.0316572 0.0419346 0.00134083 0.000291236
 0.652778 0.322215 0.0105437 0.0139212 0.000541708
 0.657739 0.228077 0.105995 0.00345322 0.00473569
 0.790172 0.140636 0.0461702 0.0213712 0.00165071
 0.787364 0.16957 0.0288956 0.0094564 0.00471445
 0.352309 0.51565 0.105382 0.0178886 0.00877103
 0.790256 0.075442 0.106973 0.0218113 0.00551716
 0.675699 0.257893 0.0239188 0.0338444 0.00864524
 0.491818 0.346585 0.128562 0.0118989 0.0211351
 0.788726 0.105204 0.0723813 0.0268024 0.00688621
 0.743354 0.203687 0.026399 0.0181246 0.00843482
 0.378205 0.46509 0.124415 0.0160967 0.0161929
 0.462553 0.206175 0.247887 0.0662038 0.0171804
 0.866705 0.0628064 0.0270817 0.0324823 0.010925
pobs_PELACES
 0 0 0 0 0
 0 0 0 0 0
 0 0 0 0 0
 0 0 0 0 0
 0 0 0 0 0
 0 0 0 0 0
 0 0 0 0 0
 0 0 0 0 0
 0 0 0 0 0
 0 0 0 0 0
 0 0 0 0 0
 0 0 0 0 0
 0 0 0 0 0
 0 0 0 0 0
 0 0 0 0 0
 0 0 0 0 0
 0.505614 0.472636 0.0217494 0 0
 0 0 0 0 0
 0.443492 0.261883 0.143347 0.151278 0
 0.227955 0.32914 0.350689 0.0885471 0.00366901
 0.970185 0.0296113 0.000203453 0 0
 0.997202 0.00247181 0.000326279 0 0
 0.445219 0.490057 0.0546422 0.010081 0
 0.90214 0.0892962 0.00764917 0.000914606 0
 0 0 0 0 0
 0.581667 0.319106 0.0959925 0.00289975 0.000334073
 0.762889 0.0836404 0.116647 0.0363945 0.000428098
 0.88444 0.0763242 0.0277011 0.0115352 0
 0.521256 0.241999 0.230069 0.00667565 0
 0.616807 0.101726 0.260614 0.0208532 0
 0.833518 0.0704572 0.0857862 0.0102388 0
ppred_PELACES
 0.532391 0.124117 0.320923 0.0225689 7.22169e-07
 0.501285 0.267249 0.0614776 0.15882 0.0111688
 0.649809 0.17736 0.0926779 0.0212901 0.0588637
 0.761875 0.156057 0.0415976 0.0217023 0.018768
 0.722548 0.212842 0.0423731 0.0112717 0.010965
 0.839227 0.116667 0.033844 0.00673091 0.00353206
 0.570148 0.362536 0.0488749 0.01415 0.00429043
 0.548514 0.26202 0.159872 0.0214881 0.00810611
 0.678383 0.17775 0.0835295 0.0509138 0.00942424
 0.825308 0.120019 0.0302528 0.0141794 0.0102412
 0.882184 0.097866 0.0137182 0.00344867 0.00278341
 0.808354 0.169404 0.0184785 0.00258749 0.00117541
 0.758195 0.196834 0.0397641 0.00432646 0.000880903
 0.726446 0.209495 0.0521715 0.0105106 0.00137622
 0.815249 0.136266 0.037166 0.00921953 0.00210014
 0.96149 0.0316266 0.00508057 0.00138186 0.000420811
 0.416752 0.561373 0.0179708 0.00288135 0.00102225
 0.926712 0.0308784 0.0408209 0.00130508 0.000283469
 0.661217 0.314449 0.0102612 0.0135461 0.000527109
 0.665577 0.223043 0.103393 0.00336799 0.00461877
 0.794598 0.13776 0.0451378 0.0208911 0.00161362
 0.792942 0.165205 0.0280826 0.00918913 0.00458117
 0.356865 0.512176 0.10452 0.0177409 0.00869855
 0.793323 0.0744025 0.10536 0.0214809 0.00543356
 0.679635 0.254834 0.0236039 0.0333966 0.00853081
 0.495529 0.344174 0.12753 0.0118028 0.0209642
 0.7918 0.103744 0.0712819 0.0263934 0.0067811
 0.746223 0.201457 0.0260812 0.0179053 0.00833275
 0.381417 0.462805 0.123681 0.0160008 0.0160964
 0.467811 0.20435 0.245324 0.065514 0.0170013
 0.869421 0.0615836 0.0265095 0.0317931 0.0106931
pobs_pel_tallas
 0 0 0 0 0 0 0 0 0 0 0 0 0 0 0 0 0 0 0 0 0 0 0 0 0 0
 0 0 0 0 0 0 0 0 0 0 0 0 0 0 0 0 0 0 0 0 0 0 0 0 0 0
 0 0 0 0 0 0 0 0 0 0 0 0 0 0 0 0 0 0 0 0 0 0 0 0 0 0
 0 0 0 0 0 0 0 0 0 0 0 0 0 0 0 0 0 0 0 0 0 0 0 0 0 0
 0 0 0 0 0 0 0 0 0 0 0 0 0 0 0 0 0 0 0 0 0 0 0 0 0 0
 0 0 0 0 0 0 0 0 0 0 0 0 0 0 0 0 0 0 0 0 0 0 0 0 0 0
 0 0 0 0 0 0 0 0 0 0 0 0 0 0 0 0 0 0 0 0 0 0 0 0 0 0
 0 0 0 0 0 0 0 0 0 0 0 0 0 0 0 0 0 0 0 0 0 0 0 0 0 0
 0 0 0 0 0 0 0 0 0 0 0 0 0 0 0 0 0 0 0 0 0 0 0 0 0 0
 0 0 0 0 0 0 0 0 0 0 0 0 0 0 0 0 0 0 0 0 0 0 0 0 0 0
 0 0 0 0 0 0 0 0 0 0 0 0 0 0 0 0 0 0 0 0 0 0 0 0 0 0
 0 0 0 0 0 0 0 0 0 0 0 0 0 0 0 0 0 0 0 0 0 0 0 0 0 0
 0.00862536 0 0 0.000197151 0.00414017 0.0128641 0.00837892 0.0270097 0.101434 0.158115 0.152841 0.127902 0.109271 0.109419 0.0830992 0.0579132 0.0238553 0.00714673 0.00463305 0.00128148 0.00103504 0.000492878 0.000147863 0.000147863 4.92878e-05 0
 0 0 0 0 0 0 0 0 0 0 0 0 0 0 0 0 0 0 0 0 0 0 0 0 0 0
 0 0 0 0 0 0 0 0.0054083 0.00873648 0.0413646 0.0450493 0.0745869 0.0622846 0.0627006 0.0613931 0.0827291 0.12552 0.122667 0.0946155 0.0697135 0.0546179 0.0294188 0.0215738 0.0213955 0.0102223 0.00600262
 0 0 0 0 0.00359764 0.0251062 0.0480494 0.140153 0.205849 0.193036 0.1447 0.116669 0.0760912 0.0342217 0.00950174 0.001854 0.000860785 0 0 0 0.000165536 0 0.000143464 0 0 0
 0 0 0 0 0 0 0 0.000145254 0.000435761 0.0275982 0.070085 0.0708112 0.156366 0.174668 0.174014 0.160142 0.0824315 0.0480064 0.0283245 0.00493863 0.00203355 0 0 0 0 0
 0 0 0 0 0 0 0 0 0 0 0 0 0 0 0 0 0 0 0 0 0 0 0 0 0 0
 0 0 1.00437e-05 0.000401748 0.00122533 0.00171747 0.00176769 0.0269171 0.070346 0.194647 0.189555 0.159765 0.064822 0.0314167 0.0384472 0.0292271 0.0345202 0.0313363 0.0194345 0.0106764 0.0143323 0.0359363 0.0279516 0.0138201 0.00172751 0
 0 0.0021121 0.0136068 0.0755702 0.200478 0.177729 0.0527432 0.0373336 0.0318909 0.0142505 0.0149659 0.0166563 0.0217959 0.0798694 0.0677717 0.0528807 0.04013 0.0224614 0.0357745 0.0225083 0.00881397 0.00855152 0.00135912 0.000746735 0 0
 0 0 0 0 5.4009e-05 0.00500934 0.000945158 0.0243581 0.138947 0.33067 0.221406 0.137944 0.0707744 0.0437923 0.0131692 0.00525238 0.0047753 0.00276346 9.45158e-05 9.00151e-06 2.25038e-05 9.00151e-06 4.50075e-06 0 0 0
 0.000866109 0.00284123 0.00948549 0.0512746 0.133035 0.25785 0.225252 0.132002 0.0553304 0.0519788 0.0540692 0.017754 0.00435017 0.00159236 0.00146478 0.000404838 0.000125132 0.000115318 0.000107957 0.000100596 0 0 0 0 0 0
 0 0 0 0 0.00144013 0.00171154 0.00461396 0.0210425 0.0478622 0.0707936 0.0888783 0.103762 0.0637923 0.0337046 0.0602308 0.124433 0.169614 0.0934646 0.0462172 0.0250306 0.0313229 0.00938855 0.002487 0.000210481 0 0
 0 0.00764035 0.051015 0.0998891 0.058973 0.0496711 0.0374665 0.0718981 0.12319 0.153886 0.159021 0.0857701 0.0377988 0.023471 0.0147837 0.00900784 0.00315554 0.000888139 0.00291439 0.00214683 0.00393193 0.00274676 0.000635225 9.99891e-05 0 0
 0 0 0 0 0 0 0 0 0 0 0 0 0 0 0 0 0 0 0 0 0 0 0 0 0 0
 0 0 0 0 0 0 0 0 0 0 0 0 0 0 0 0 0 0 0 0 0 0 0 0 0 0
 0 0 0 0 0 0 0 0 0 0 0 0 0 0 0 0 0 0 0 0 0 0 0 0 0 0
 0 0 0 0 0 0 0 0 0 0 0 0 0 0 0 0 0 0 0 0 0 0 0 0 0 0
 0 0 0 0 0 0 0 0 0 0 0 0 0 0 0 0 0 0 0 0 0 0 0 0 0 0
 0 0 0 0 0 0 0 0 0 0 0 0 0 0 0 0 0 0 0 0 0 0 0 0 0 0
 0 0 0 0 0 0 0 0 0 0 0 0 0 0 0 0 0 0 0 0 0 0 0 0 0 0
ppred_pel_tallas
 1.11557e-16 4.38524e-05 0.000426261 0.00283265 0.0128768 0.0400647 0.0853625 0.124592 0.124604 0.0854235 0.0402708 0.0134784 0.00436535 0.00384738 0.00676118 0.0116807 0.0181523 0.0255901 0.0333226 0.0408771 0.0479655 0.0541117 0.058337 0.0593652 0.0563128 0.0493358
 1.1966e-16 4.12902e-05 0.000401356 0.00266715 0.0121245 0.037724 0.0803759 0.117316 0.117342 0.0805022 0.0381485 0.0133521 0.00575397 0.00715825 0.0129306 0.0214692 0.031318 0.0402785 0.0462078 0.0483006 0.047625 0.0463506 0.0462433 0.0475926 0.0492505 0.0495256
 1.14817e-16 5.35239e-05 0.000520272 0.00345739 0.0157168 0.0489009 0.104189 0.152071 0.152088 0.104273 0.0491839 0.0165358 0.00551941 0.00504228 0.0087031 0.0144672 0.021228 0.0275426 0.0319932 0.033988 0.0341043 0.0336098 0.0335467 0.0341093 0.0347007 0.0344558
 1.06593e-16 6.27547e-05 0.000609998 0.00405365 0.0184273 0.0573343 0.122157 0.178295 0.178311 0.122231 0.0575819 0.019143 0.00585225 0.00454332 0.00755381 0.0124452 0.0180586 0.0230089 0.025939 0.0262565 0.0244858 0.0218829 0.0196221 0.0181934 0.0173677 0.0165831
 1.04264e-16 5.95154e-05 0.000578511 0.00384441 0.0174761 0.0543748 0.115852 0.169094 0.169114 0.115952 0.0547119 0.0184499 0.00628986 0.00592072 0.0102166 0.0168259 0.0243042 0.0307175 0.0341368 0.0336811 0.0300329 0.0249492 0.020174 0.0166055 0.0142018 0.0124359
 1.0228e-16 6.9126e-05 0.000671929 0.00446521 0.0202982 0.0631553 0.134559 0.196396 0.196407 0.134614 0.0633403 0.0208331 0.00580935 0.00361077 0.00566395 0.00928946 0.0134576 0.0170962 0.0191583 0.0191572 0.0174367 0.014902 0.0124378 0.0104786 0.00898566 0.00770659
 1.03649e-16 4.69624e-05 0.000456492 0.00303355 0.0137901 0.0429063 0.0914177 0.133434 0.133469 0.0915884 0.0434795 0.0154458 0.00718936 0.00952827 0.0172749 0.0284818 0.0410187 0.0515707 0.0567876 0.055124 0.0477531 0.037758 0.0282766 0.0210469 0.0161902 0.0129318
 1.08208e-16 4.51804e-05 0.00043917 0.00291844 0.0132668 0.0412781 0.0879484 0.128369 0.128394 0.0880728 0.0416965 0.0144778 0.0059677 0.00712691 0.0128378 0.0213906 0.0313656 0.0406033 0.0468939 0.0491646 0.0480017 0.0450168 0.0416268 0.0382823 0.0346257 0.0301906
 1.09157e-16 5.58775e-05 0.000543149 0.00360942 0.0164079 0.0510512 0.108771 0.158757 0.158775 0.108855 0.0513345 0.0172277 0.0056727 0.00506555 0.00869904 0.0144372 0.0211363 0.027318 0.0315196 0.0330971 0.0325762 0.0311852 0.0299569 0.0291302 0.0282289 0.0265896
 1.04059e-16 6.79795e-05 0.000660785 0.00439115 0.0199615 0.0621078 0.132328 0.193139 0.19315 0.132384 0.0622982 0.0205116 0.00577332 0.00368259 0.00582048 0.0095512 0.0138399 0.0175946 0.0197563 0.0198541 0.0182811 0.016004 0.013944 0.0125148 0.0115909 0.0107926
 1.01238e-16 7.26643e-05 0.000706323 0.00469377 0.0213372 0.0663879 0.141447 0.206448 0.206457 0.141493 0.0665427 0.0217842 0.00581586 0.00315594 0.00472519 0.00769745 0.0110835 0.0139426 0.0153697 0.0149504 0.0130035 0.0103616 0.00786925 0.00598961 0.00474627 0.00391945
 1.01036e-16 6.65831e-05 0.000647212 0.00430095 0.0195515 0.0608321 0.12961 0.189173 0.189189 0.129689 0.0610998 0.0203245 0.00624088 0.00488049 0.00810159 0.0132755 0.0190873 0.0239383 0.0262451 0.0252747 0.0215768 0.0166122 0.0118864 0.00826157 0.00584165 0.00429397
 1.01781e-16 6.24515e-05 0.000607051 0.00403407 0.0183383 0.0570574 0.121567 0.177435 0.177454 0.12166 0.057369 0.0192386 0.00629472 0.00554475 0.00944775 0.01554 0.022425 0.0282914 0.0313288 0.0306886 0.0269677 0.0217703 0.0167216 0.0127109 0.00980373 0.00764062
 1.02847e-16 5.98365e-05 0.000581632 0.00386515 0.0175704 0.0546682 0.116477 0.170006 0.170026 0.116576 0.0550002 0.0185299 0.00627531 0.00584876 0.0100799 0.0166131 0.0240279 0.0304276 0.033912 0.0335922 0.0300909 0.0250674 0.0201712 0.0162574 0.0133223 0.0109536
 1.02388e-16 6.7151e-05 0.000652731 0.00433763 0.0197182 0.0613509 0.130715 0.190785 0.190798 0.130779 0.0615669 0.0203428 0.00590675 0.0040829 0.0065957 0.0108345 0.0156871 0.0199076 0.0222695 0.0222025 0.0201109 0.0170603 0.014096 0.0117384 0.00995102 0.00844296
 1.00365e-16 7.91967e-05 0.00076982 0.00511572 0.0232553 0.072356 0.154162 0.225005 0.225008 0.154177 0.072406 0.0233999 0.00547857 0.0015621 0.00158441 0.0024954 0.00359028 0.0045216 0.0049941 0.00487321 0.0042597 0.00341852 0.00261766 0.00200298 0.00158151 0.00128562
 1.01125e-16 3.43275e-05 0.000333675 0.00221739 0.01008 0.0313628 0.0668238 0.0975426 0.0975966 0.0670876 0.0322484 0.0126366 0.00862986 0.0143157 0.0265403 0.0436948 0.0626417 0.0781432 0.0848848 0.080416 0.0666441 0.0486217 0.0316377 0.0188429 0.0107564 0.00626695
 1.01365e-16 7.63321e-05 0.000741975 0.00493068 0.0224142 0.0697388 0.148586 0.216866 0.216869 0.148601 0.0697888 0.0225593 0.00529771 0.00155209 0.00164084 0.00265925 0.00397959 0.00532798 0.00646857 0.0072722 0.00775261 0.00798781 0.00800288 0.00773129 0.0070866 0.00606781
 1.01825e-16 5.44636e-05 0.000529406 0.00351809 0.0159927 0.0497595 0.106019 0.154744 0.154774 0.106167 0.0502557 0.0174252 0.00711116 0.00836491 0.0149116 0.0245034 0.0351485 0.0439011 0.0478043 0.0455108 0.0381077 0.0284251 0.0193937 0.0127116 0.00857943 0.00628741
 1.04161e-16 5.48227e-05 0.000532896 0.00354129 0.0160982 0.0500875 0.106718 0.155762 0.155784 0.106823 0.0504425 0.0171249 0.00612379 0.0061878 0.0108449 0.0179727 0.0261875 0.0335565 0.0381181 0.0389201 0.0365079 0.0324129 0.0280952 0.0242189 0.0206928 0.0171923
 1.03707e-16 6.545e-05 0.000636197 0.00422776 0.0192188 0.0597968 0.127404 0.185952 0.185966 0.127469 0.0600156 0.0198513 0.00581782 0.0041149 0.00669458 0.0110233 0.0160136 0.0204365 0.0230838 0.0234029 0.0218025 0.0193215 0.0169374 0.0150698 0.013578 0.0121004
 1.0255e-16 6.53136e-05 0.000634872 0.00421895 0.0191787 0.0596722 0.127139 0.185566 0.185582 0.127216 0.0599336 0.019934 0.00611518 0.00477598 0.00793481 0.0130273 0.0187907 0.0236963 0.0262328 0.0257081 0.0226542 0.0184517 0.0144852 0.0114895 0.00946689 0.00803122
 1.06399e-16 2.93946e-05 0.000285726 0.00189875 0.00863147 0.026856 0.0572213 0.0835266 0.083576 0.0574628 0.027667 0.0109745 0.00778247 0.013138 0.0244617 0.040455 0.0584167 0.0737571 0.0817981 0.08036 0.0710198 0.0579594 0.0453837 0.0355449 0.0285207 0.0232729
 1.06134e-16 6.5345e-05 0.000635176 0.00422097 0.0191879 0.0597008 0.127199 0.185652 0.18566 0.127235 0.0598217 0.019539 0.00510979 0.00260033 0.00387055 0.00648653 0.0097851 0.0132429 0.0163513 0.0188495 0.0207961 0.0223537 0.0234896 0.0238868 0.0231497 0.021111
 1.0554e-16 5.59807e-05 0.000544152 0.00361608 0.0164382 0.0511455 0.108972 0.159053 0.159077 0.109092 0.0515483 0.0176015 0.00653593 0.00691751 0.0121587 0.0200104 0.0288216 0.0362613 0.0400105 0.039044 0.034264 0.0279034 0.0221789 0.0182285 0.0159535 0.0145685
 1.085e-16 4.08161e-05 0.000396747 0.00263653 0.0119853 0.0372909 0.0794533 0.115971 0.116005 0.0796161 0.0378377 0.0135664 0.00661151 0.00909428 0.016618 0.0275626 0.0400613 0.0511326 0.0577406 0.058459 0.0542503 0.0476642 0.0411478 0.0358337 0.0315266 0.0274974
 1.05879e-16 6.52195e-05 0.000633957 0.00421287 0.0191511 0.0595862 0.126955 0.185297 0.185307 0.127004 0.0597523 0.019632 0.00542489 0.00329574 0.00516748 0.00856369 0.0126227 0.0164933 0.0193488 0.0208108 0.021131 0.0209149 0.0206251 0.0202838 0.0195704 0.0181509
 1.04011e-16 6.14655e-05 0.000597466 0.00397037 0.0180488 0.0561565 0.119648 0.174634 0.174653 0.119743 0.0564751 0.018969 0.00628058 0.00564132 0.00964287 0.0158511 0.022847 0.0287779 0.031807 0.0311102 0.0273732 0.0223263 0.0176944 0.014376 0.012327 0.0109884
 1.08017e-16 3.14169e-05 0.000305383 0.00202938 0.0092253 0.0287036 0.0611577 0.0892708 0.0893155 0.0613761 0.0294374 0.0113459 0.0073568 0.01195 0.0221901 0.0367483 0.0531989 0.067452 0.075337 0.074905 0.0675328 0.0568672 0.0465145 0.0383138 0.0322052 0.02723
 1.1658e-16 3.8533e-05 0.000374555 0.00248905 0.0113149 0.0352048 0.0750084 0.109481 0.109501 0.0751065 0.0355355 0.0122745 0.00491526 0.00572917 0.0103792 0.0175475 0.0263295 0.0353319 0.0431168 0.0489838 0.0532131 0.0564777 0.0589613 0.0600086 0.0585865 0.0540908
 1.05779e-16 7.1613e-05 0.000696104 0.00462586 0.0210285 0.0654274 0.1394 0.20346 0.203466 0.13943 0.0655257 0.0213128 0.00534156 0.00226575 0.00307461 0.00502914 0.00738302 0.00960451 0.0112189 0.0120495 0.0123259 0.0125005 0.0129106 0.0135525 0.0141127 0.0141871
pSPR Fmed_Fpbrs
0.580634   0.233405 0.233405
Fs Fmed_Fpbrs
0.317813   1.005 1.005
SSBpbr Bo_Bmed_Bpbrs
1.72834e+06  917116  316986 316986
Ro
151512
SPR SPRFo_SPRFmed_SPRFpbrs
1.08143e+06 627918 252412
Fref
1.005
Nvult_r0
 190408 14705.4 6370.2 7642.44 2570.46
CTP_r0
 29110.2 2936.7 1292.99 1552.56 522.211
YTP_r0
391284
Np
 215422 38907.8 11611.3 796.595 388.319
Nvult_p0
 176514 33555.3 10045.9 689.319 336.028
CTP_p0
 73374.1 36096.1 2561.02 1102.25 1698.79
 73374.1 16639.2 5032.63 345.508 168.433
YTP_p0
 1.26428e+06 942559
CBA_c0
1.16776e+06
log_Ro
11.7484
likeval ReclasPelacesDesembMPH_pf_preclas_ppelaces_ptallas_desvR_qrecl_qpela
 11.4761 20.6124 0.0203055 0.00242831 240.181 117.614 98.9741 0 27.7124 1.21612e-07 0 0.0991562 0 0 0
q_reclas_q_pelaces
1.05066 1
M
1
N
 173585 42079 109118 7674.88 0.245587
 98558.4 56473 13060.7 33750.5 2373.5
 98587.6 28893.5 15178.1 3487.72 9643.15
 125196 28987.7 7797.43 4070.08 3519.85
 101582 31312.3 6254.77 1664.13 1618.87
 214851 32394.7 9454.29 1880.88 987.015
 79650.1 61206.6 8368.38 2424.6 735.195
 32679.4 16141.1 9873.04 1327.19 500.669
 36322.2 10821.4 5133.99 3130.93 579.556
 51881.8 8918.09 2276.05 1067.49 771.028
 98241.3 11273.7 1584.26 398.326 321.49
 135594 32487.3 3579.11 501.439 227.793
 111277 32723.5 6672.25 726.324 147.889
 77236.4 27648.5 6996.85 1410.82 184.737
 73749.5 14386.5 3969.15 985.208 224.431
 455062 16680.4 2701.22 735.021 223.837
 82652.8 119043 3829.83 614.22 217.916
 690593 24627.9 32722.4 1046.45 227.296
 392804 205145 6741.09 8902.45 346.421
 294642 107598 50197 1635.71 2243.2
 446538 82700.4 27230.5 12606.4 973.729
 589258 133439 22823.7 7470.8 3724.58
 110590 166744 34152.2 5798.05 2842.88
 355195 34833 49490.3 10091.9 2552.76
 289585 113537 10551.2 14931.3 3814.09
 128505 92569.2 34393.7 3183.55 5654.68
 307538 42146.9 29055.7 10760.3 2764.61
 350434 98209.2 12749.8 8754.3 4074.1
 91325.4 114606 30704.1 3972.78 3996.55
 65752.9 30218.8 36415.2 9726.68 2524.16
 274812 20614.2 8911.51 10690.1 3595.49
pred_Ctot
 12818.4 4215.02 11139.2 784.271 0.025097
 12889.8 9865.87 2322.72 6007.86 422.523
 12740.8 4990.02 2668.49 613.765 1697.08
 26139.9 7908.94 2162.22 1129.6 976.937
 8649.13 3605.63 733.844 195.439 190.133
 31286 6275.54 1863.85 371.148 194.774
 23723.2 23197.1 3217.35 932.882 282.883
 2080.98 1398.01 871.636 117.29 44.2487
 7890.35 3064.31 1477.31 901.696 166.917
 14005.9 3089.63 800.386 375.687 271.362
 6332.99 988.265 141.558 35.6277 28.7567
 30506.5 9506.24 1064.06 149.202 67.7825
 23570.3 9049.58 1875.24 204.309 41.6019
 25452.3 11479.9 2945.05 594.256 77.8167
 18675.9 4698.9 1316.37 327.009 74.4959
 85435.5 4117.11 677.918 184.629 56.228
 10100.9 19479.2 638.051 102.427 36.3414
 85517.6 4081.61 5521.34 176.739 38.3908
 64954.5 44881.3 1500.25 1983.07 77.171
 45129.1 21878.5 10385.6 338.734 464.561
 53885 13367.9 4481.59 2076.75 160.418
 87824.5 26432.9 4600.68 1507.32 751.513
 10181.7 20723.3 4324.09 734.829 360.317
 29778 3950.77 5719.38 1167.44 295.32
 24269.6 12873.2 1218.97 1726.71 441.097
 8893.66 8701.09 3294.94 305.295 542.3
 25948.2 4810.31 3378.88 1252.56 321.833
 24829.1 9446.39 1249.87 859.056 399.811
 5854.65 9991.89 2728.61 353.412 355.546
 6223.49 3858.36 4736.45 1266.38 328.653
 29110.2 2936.7 1292.99 1552.56 522.211
F
 0.122906 0.169938 0.173431 0.173619 0.173629
 0.227032 0.31391 0.320362 0.320709 0.320727
 0.224076 0.309822 0.31619 0.316533 0.316551
 0.385867 0.533525 0.544491 0.545081 0.545112
 0.142871 0.197543 0.201603 0.201821 0.201833
 0.255691 0.353536 0.360802 0.361193 0.361214
 0.596273 0.824447 0.841393 0.842305 0.842353
 0.105222 0.145487 0.148478 0.148639 0.148647
 0.404348 0.559078 0.57057 0.571188 0.57122
 0.526493 0.727964 0.742927 0.743732 0.743774
 0.106578 0.147362 0.150391 0.150554 0.150563
 0.42157 0.582891 0.594872 0.595516 0.59555
 0.392455 0.542635 0.553788 0.554388 0.55442
 0.680583 0.941021 0.960363 0.961403 0.961457
 0.486439 0.672584 0.686408 0.687151 0.687191
 0.340947 0.471416 0.481106 0.481627 0.481654
 0.21077 0.291424 0.297414 0.297737 0.297754
 0.213831 0.295658 0.301735 0.302062 0.302079
 0.294911 0.407763 0.416145 0.416595 0.416619
 0.270537 0.374063 0.381751 0.382165 0.382187
 0.207878 0.287427 0.293335 0.293652 0.293669
 0.262406 0.36282 0.370277 0.370678 0.370699
 0.155266 0.214681 0.219094 0.219331 0.219344
 0.140542 0.194322 0.198317 0.198531 0.198543
 0.140492 0.194254 0.198247 0.198462 0.198473
 0.114809 0.158743 0.162006 0.162181 0.162191
 0.141499 0.195646 0.199668 0.199884 0.199895
 0.117674 0.162704 0.166048 0.166228 0.166238
 0.105963 0.146511 0.149523 0.149685 0.149693
 0.159924 0.221122 0.225667 0.225912 0.225925
 0.180474 0.249536 0.254665 0.25494 0.254955
YTP_r0W_actual
 241614 41407.5 35686.4 53097.4 19478.5
YTP_p0W_proyectada
 549572 565625 59236.4 32373 57470
 549572 260737 116405 10147.6 5698.08
CTP_r0_actual
 29110.2 2936.7 1292.99 1552.56 522.211
CTP_p0_proyectada
 73374.1 36096.1 2561.02 1102.25 1698.79
 73374.1 16639.2 5032.63 345.508 168.433
Wmedp
 7.49 15.67 23.13 29.37 33.83
Frms_r0
 0.180474 0.249536 0.254665 0.25494 0.254955
Zrms_r0
 1.18047 1.24954 1.25466 1.25494 1.25495
nmprior
 8.19 8.8 8.5 0
nm_flota  nm_reclas  nm_pelaces    nm_pelaL
inf 13.992 16.2206 37.4186
cv_recla  cv_pelaces  cv_mph
0.306423 0.514798 1.52075
 ------------------------------------------------
Talla a la edad & desviaci?n 
 8 13.2811 15.8009 17.003 17.5766
 0.8 1.32811 1.58009 1.7003 1.75766
