    unsorted:	 2.367836462e-06 3.603949969e-06 5.993680757e-05 9.503368094e-05 0.001099992150 5.901700734 13.65493269 22.22383611 62.69090584 90.97241711 186.1482045 227.6514245 242.7338794 291.4468825 490.4200985 572.7136059 719.3643835 806.7834904 840.9635108 913.8925363 950.1512885 1035.707786 1067.124371 1170.329665 1327.360305 1373.947866 1628.397825 1694.437582 1951.433020 1941.374736 2157.979444 2267.567802 2509.659073 2483.298681 2551.834808 2635.833926 2843.798566 3017.707990 3219.361110 3270.966792 3779.254476 3958.753483 4333.381950 8606.464493 40610.02843 158302.2742 387897.7153 384244.3232 395631.8846 367975.8469 362648.8877 411506.1394 430940.7869 453344.9105 445934.7019 329430.5276 264899.1608 505701.9495 597530.9750 622271.3401 667756.2317 676498.0216 694900.8510 942754.3145 1038688.009 1108029.002 1197115.915 1378323.718 1475407.721 1673288.309 1785339.824 2429185.694 2382525.365 2510426.869 2732541.659 2967114.010 3298393.630
      sorted:	 2.367836462e-06 3.603949969e-06 5.993680757e-05 9.503368094e-05 0.001099992150 5.901700734 13.65493269 22.22383611 62.69090584 90.97241711 186.1482045 227.6514245 242.7338794 291.4468825 490.4200985 572.7136059 719.3643835 806.7834904 840.9635108 913.8925363 950.1512885 1035.707786 1067.124371 1170.329665 1327.360305 1373.947866 1628.397825 1694.437582 1941.374736 1951.433020 2157.979444 2267.567802 2483.298681 2509.659073 2551.834808 2635.833926 2843.798566 3017.707990 3219.361110 3270.966792 3779.254476 3958.753483 4333.381950 8606.464493 40610.02843 158302.2742 264899.1608 329430.5276 362648.8877 367975.8469 384244.3232 387897.7153 395631.8846 411506.1394 430940.7869 445934.7019 453344.9105 505701.9495 597530.9750 622271.3401 667756.2317 676498.0216 694900.8510 942754.3145 1038688.009 1108029.002 1197115.915 1378323.718 1475407.721 1673288.309 1785339.824 2382525.365 2429185.694 2510426.869 2732541.659 2967114.010 3298393.630
