years
 1991 1992 1993 1994 1995 1996 1997 1998 1999 2000 2001 2002 2003 2004 2005 2006 2007 2008 2009 2010 2011 2012 2013 2014 2015 2016 2017 2018 2019 2020 2021
reclasobs
 0 0 0 0 0 0 0 0 0 252601 567819 844713 477998 351125 339783 2.1784e+06 2.13404e+06 4.81314e+06 1.55562e+06 2.62356e+06 3.21686e+06 3.843e+06 1.13348e+06 3.07943e+06 1.97215e+06 2.03268e+06 2.025e+06 2.42433e+06 2.27542e+06 1.05018e+06 2.36338e+06
reclaspred
 3.24343e+06 2.11588e+06 869968 454665 57739.2 6.13156e+06 3.9626e+06 2.29327e+06 1.04822e+06 150493 276412 706373 541293 426862 297110 1.92033e+06 1.16248e+06 5.91091e+06 4.2948e+06 1.67002e+06 3.77785e+06 3.57864e+06 1.97607e+06 3.98692e+06 2.55273e+06 1.47229e+06 2.51971e+06 3.81742e+06 2.71406e+06 989756 1.53245e+06
pelacesobs
 0 0 0 0 0 0 0 0 0 0 0 0 0 0 0 552880 188675 0 991730 2.46772e+06 1.41603e+06 1.21717e+06 2.29649e+06 1.80582e+06 0 1.4828e+06 1.56532e+06 1.57751e+06 1.42118e+06 867257 1.10002e+06
pelacespred
 761157 481094 189771 69361.6 5745.75 1.4502e+06 892791 593286 267964 25610.7 56518.8 123075 98426.8 77936.8 51707 352475 209781 1.38061e+06 973090 362015 810006 740091 412765 985114 591212 332354 672146 992062 588653 249124 351622
mphobs
 0 0 0 0 0 0 0 0 0 0 0 498337 0 5186 125008 0 168611 109162 213762 579715 649985 157893 87575 83554 0 0 0 0 0 0 0
mphpred
 679127 296763 196133 67557.5 22130.2 2142.91 784359 454142 250244 65194.7 5257.28 29573.9 59938.6 32151.6 18505.9 17629 216562 113319 655328 379716 181518 353749 382599 209619 407155 266579 134866 235580 490639 252813 78028
desembarqueobs
 494567 514787 250237 358949 120608 361735 552515 73892 212993 205616 52469 317467 293654 387597 252695 516296 358380 742168 942051 627588 828172 859565 418607 520667 417249 300574 415391 372974 316634 284311 391294
desembarquepred
 494482 514956 249624 358246 120441 361633 552154 73880 212787 205162 52447.6 317099 293231 386764 252293 515795 358173 741652 940529 626178 827476 858563 418277 520376 416883 300249 415067 372738 316410 283985 390988
Reclutas
 4724.25 212726 7886.35 64303.6 3106.74 828519 4095.58 1130.25 2347.54 4448.01 44840.5 140622 67619 70933.9 43590.7 386090 7753.14 849875 255041 54094.9 403075 510177 9524.31 289357 152216 27319.9 223836 306317 15264.9 6401.86 149681
log_desv_Rt
 -2.29789 1.50941 -1.78546 0.313021 -2.71702 2.86904 -2.44069 -3.72815 -2.99723 -2.35814 -0.047484 1.09548 0.363294 0.411154 -0.0757508 2.10547 -1.8025 2.89449 1.69083 0.140146 2.14853 2.38416 -1.59675 1.81707 1.17471 -0.542979 1.56032 1.87403 -1.12504 -1.99401 1.15791
SSB
 1.79392e+06 783902 518087 178453 58457 5660.52 2.07189e+06 1.19962e+06 661021 172212 13887.1 78119.5 158328 84928.6 48883.5 46567.2 572051 299334 1.73105e+06 1.00302e+06 479480 934431 1.01064e+06 553709 1.0755e+06 704170 356248 622287 1.29603e+06 667808 206111
BT
 2.21575e+06 1.61856e+06 674557 467395 112956 3.6523e+06 2.54661e+06 1.43232e+06 841412 299221 174627 544702 486428 582435 369255 1.21949e+06 767236 3.85532e+06 3.12717e+06 1.46449e+06 2.58816e+06 2.47203e+06 1.31274e+06 2.76806e+06 1.75907e+06 1.04513e+06 1.99128e+06 2.65842e+06 1.622e+06 884937 1.19611e+06
Ftot
 0.289328 0.532398 0.53978 1.54633 2.71855 0.168778 0.270087 0.0621479 0.381359 2.02209 0.513723 1.09574 1.15858 1.95427 1.89686 0.726219 0.584884 0.339763 0.462353 0.716208 0.539146 0.557288 0.406205 0.327711 0.347912 0.406455 0.417999 0.248536 0.227877 0.53518 0.644498
BD_Bspro_t
 0.954987 0.689722 0.522497 0.293302 0.113363 0.0182206 0.806994 0.657767 0.596669 0.320439 0.0644822 0.378314 0.336684 0.180311 0.106354 0.106567 0.456954 0.305754 0.644266 0.477069 0.284412 0.431125 0.472565 0.367218 0.555676 0.512869 0.418156 0.576966 0.711964 0.564098 0.341637
BD_Bspro
 5.3374 2.33233 1.54145 0.530949 0.173926 0.0168416 6.16445 3.5692 1.96672 0.512379 0.0413181 0.232427 0.47107 0.252686 0.145442 0.13855 1.70201 0.890601 5.15036 2.98427 1.42659 2.78019 3.00693 1.64744 3.19992 2.0951 1.05994 1.85148 3.85604 1.98691 0.613239
BD_Bo
 1.0953 0.478623 0.316326 0.108957 0.0356918 0.00345612 1.26502 0.732445 0.403597 0.105147 0.008479 0.047697 0.0966696 0.0518544 0.0298466 0.0284323 0.349274 0.182763 1.05692 0.612411 0.292754 0.570531 0.61706 0.338076 0.656665 0.429941 0.217513 0.379947 0.791308 0.40774 0.125844
BD_Brms
 5.65981 2.47321 1.63457 0.563021 0.184432 0.017859 6.53682 3.7848 2.08553 0.54333 0.043814 0.246467 0.499525 0.26795 0.154228 0.14692 1.80482 0.944399 5.46148 3.16454 1.51276 2.94813 3.18857 1.74695 3.39322 2.22166 1.12396 1.96332 4.08897 2.10694 0.650282
Sel_flota
 0.667964 0.974505 0.998625 0.999928 0.999996
 0.667964 0.974505 0.998625 0.999928 0.999996
 0.667964 0.974505 0.998625 0.999928 0.999996
 0.667964 0.974505 0.998625 0.999928 0.999996
 0.667964 0.974505 0.998625 0.999928 0.999996
 0.667964 0.974505 0.998625 0.999928 0.999996
 0.667964 0.974505 0.998625 0.999928 0.999996
 0.667964 0.974505 0.998625 0.999928 0.999996
 0.667964 0.974505 0.998625 0.999928 0.999996
 0.667964 0.974505 0.998625 0.999928 0.999996
 0.667964 0.974505 0.998625 0.999928 0.999996
 0.667964 0.974505 0.998625 0.999928 0.999996
 0.667964 0.974505 0.998625 0.999928 0.999996
 0.667964 0.974505 0.998625 0.999928 0.999996
 0.667964 0.974505 0.998625 0.999928 0.999996
 0.667964 0.974505 0.998625 0.999928 0.999996
 0.667964 0.974505 0.998625 0.999928 0.999996
 0.667964 0.974505 0.998625 0.999928 0.999996
 0.667964 0.974505 0.998625 0.999928 0.999996
 0.667964 0.974505 0.998625 0.999928 0.999996
 0.667964 0.974505 0.998625 0.999928 0.999996
 0.667964 0.974505 0.998625 0.999928 0.999996
 0.667964 0.974505 0.998625 0.999928 0.999996
 0.667964 0.974505 0.998625 0.999928 0.999996
 0.667964 0.974505 0.998625 0.999928 0.999996
 0.667964 0.974505 0.998625 0.999928 0.999996
 0.667964 0.974505 0.998625 0.999928 0.999996
 0.667964 0.974505 0.998625 0.999928 0.999996
 0.667964 0.974505 0.998625 0.999928 0.999996
 0.667964 0.974505 0.998625 0.999928 0.999996
 0.667964 0.974505 0.998625 0.999928 0.999996
Sel_reclas
 1 1 1 1 1
 1 1 1 1 1
 1 1 1 1 1
 1 1 1 1 1
 1 1 1 1 1
 1 1 1 1 1
 1 1 1 1 1
 1 1 1 1 1
 1 1 1 1 1
 1 1 1 1 1
 1 1 1 1 1
 1 1 1 1 1
 1 1 1 1 1
 1 1 1 1 1
 1 1 1 1 1
 1 1 1 1 1
 1 1 1 1 1
 1 1 1 1 1
 1 1 1 1 1
 1 1 1 1 1
 1 1 1 1 1
 1 1 1 1 1
 1 1 1 1 1
 1 1 1 1 1
 1 1 1 1 1
 1 1 1 1 1
 1 1 1 1 1
 1 1 1 1 1
 1 1 1 1 1
 1 1 1 1 1
 1 1 1 1 1
Sel_pelaces
 1 1 1 1 1
 1 1 1 1 1
 1 1 1 1 1
 1 1 1 1 1
 1 1 1 1 1
 1 1 1 1 1
 1 1 1 1 1
 1 1 1 1 1
 1 1 1 1 1
 1 1 1 1 1
 1 1 1 1 1
 1 1 1 1 1
 1 1 1 1 1
 1 1 1 1 1
 1 1 1 1 1
 1 1 1 1 1
 1 1 1 1 1
 1 1 1 1 1
 1 1 1 1 1
 1 1 1 1 1
 1 1 1 1 1
 1 1 1 1 1
 1 1 1 1 1
 1 1 1 1 1
 1 1 1 1 1
 1 1 1 1 1
 1 1 1 1 1
 1 1 1 1 1
 1 1 1 1 1
 1 1 1 1 1
 1 1 1 1 1
pf_obs 
 0.8446 0.082 0.0669 0.0065 0
 0.8095 0.147 0.0364 0.0071 0
 0.9664 0.0169 0.016 0.0007 0
 0.9276 0.0648 0.0075 0.0001 0
 0.7033 0.2144 0.0806 0.0017 0
 0.9318 0.0425 0.0243 0.0014 0
 0.5671 0.3108 0.0964 0.0239 0.0018
 0.0768 0.2599 0.5324 0.112 0.0189
 0.490249 0.384438 0.106611 0.0170017 0.00170017
 0.7925 0.1577 0.0466 0.003 0.0002
 0.840416 0.127587 0.0312969 0.00059994 9.999e-05
 0.8084 0.0986 0.0794 0.0134 0.0002
 0.7335 0.1905 0.0724 0.0035 0.0001
 0.4001 0.4547 0.1325 0.0127 0
 0.49795 0.308269 0.164784 0.0264974 0.00249975
 0.9179 0.0499 0.0305 0.0017 0
 0.2467 0.6533 0.0926 0.0074 0
 0.9418 0.0223 0.034 0.0019 0
 0.707729 0.231977 0.0356964 0.0245975 0
 0.517169 0.277429 0.184464 0.0207286 0.00020938
 0.811772 0.124168 0.05621 0.00726502 0.000585176
 0.764997 0.148141 0.077277 0.00933861 0.000247198
 0.163321 0.427699 0.378323 0.0303852 0.000271297
 0.753843 0.0900009 0.118128 0.0371064 0.000921714
 0.721811 0.176058 0.0630433 0.0369309 0.00215725
 0.143369 0.312575 0.442814 0.0836902 0.0175525
 0.692698 0.0596174 0.167031 0.0765114 0.00414204
 0.394062 0.376323 0.152708 0.0712218 0.00568511
 0.125707 0.32114 0.495352 0.0537591 0.00404204
 0.23352 0.215282 0.420074 0.123614 0.00750983
 0.774587 0.0839891 0.0768558 0.0609784 0.00358967
pf_pred 
 0.0273095 0.316405 0.545159 0.111126 7.45293e-07
 0.817657 0.00754498 0.0579344 0.0971 0.0197639
 0.0845918 0.805361 0.0046977 0.0349562 0.0703934
 0.766169 0.0301384 0.179919 0.00101655 0.0227567
 0.216217 0.683517 0.0134979 0.0766664 0.0101017
 0.999241 0.000320353 0.000386074 7.08956e-06 4.53942e-05
 0.0105395 0.988958 0.000215416 0.00025302 3.43467e-05
 0.00964894 0.0155446 0.974325 0.000206553 0.000275142
 0.0566284 0.0134067 0.0149489 0.914564 0.000451548
 0.324445 0.0591143 0.00903284 0.00977904 0.597628
 0.976027 0.0126691 0.00104628 0.000150797 0.0101067
 0.901231 0.0972819 0.000797969 6.38684e-05 0.000625048
 0.665025 0.315634 0.0190622 0.000150057 0.00012925
 0.79939 0.157199 0.041003 0.0023733 3.46934e-05
 0.819369 0.162252 0.0145792 0.00359008 0.000210183
 0.982978 0.0154427 0.00142658 0.000121199 3.14966e-05
 0.0604995 0.929749 0.0088748 0.000791979 8.46115e-05
 0.967024 0.003074 0.0296011 0.000273612 2.69788e-05
 0.420447 0.567173 0.00118415 0.0110839 0.000112383
 0.236885 0.405551 0.35016 0.000709197 0.00669467
 0.890629 0.0373158 0.0389105 0.0324602 0.00068502
 0.77035 0.213451 0.00564491 0.00570352 0.00485024
 0.0427286 0.806263 0.140678 0.00360411 0.00672654
 0.833127 0.0107818 0.132072 0.0223782 0.00164068
 0.529996 0.416473 0.00355156 0.0422986 0.00768091
 0.219004 0.494346 0.254857 0.00211237 0.0296808
 0.864928 0.0410753 0.0601394 0.0301072 0.00374965
 0.759753 0.218579 0.00672798 0.00956459 0.00537608
 0.0851608 0.755298 0.145512 0.00436021 0.00966846
 0.106043 0.109431 0.650715 0.12206 0.0117503
 0.915727 0.0136464 0.00888965 0.051222 0.0105153
pobs_RECLAS
 0 0 0 0 0
 0 0 0 0 0
 0 0 0 0 0
 0 0 0 0 0
 0 0 0 0 0
 0 0 0 0 0
 0 0 0 0 0
 0 0 0 0 0
 0 0 0 0 0
 0 0 0 0 0
 0.991045 0.00858322 0.000360255 1.14367e-05 0
 0.934742 0.0480273 0.0164251 0.00080598 0
 0.827803 0.169806 0.00239088 0 0
 0.941827 0.0461693 0.0120037 0 0
 0.791401 0.0380133 0.147996 0.0225897 0
 0.846168 0.0940531 0.0597789 0 0
 0.134021 0.677848 0.182769 0.00536245 0
 0.80878 0.0450904 0.141981 0.00414843 0
 0.846168 0.0940531 0.0597789 0 0
 0.905697 0.0802665 0.012482 0.00150086 5.37128e-05
 0.989698 0.0102097 9.19794e-05 0 0
 0.975433 0.0193895 0.00387452 0.00125025 5.28907e-05
 0.303575 0.632131 0.0575291 0.00676475 0
 0.966965 0.00978017 0.0227588 0.000495775 0
 0.843318 0.132988 0.00938335 0.0141283 0.000182051
 0.564624 0.303363 0.111486 0.0197234 0.00080311
 0.826376 0.0876187 0.0782897 0.00655872 0.00115652
 0.89761 0.0855135 0.0140674 0.00269457 0.000114338
 0.34875 0.467042 0.161289 0.0227151 0.000203297
 0.318654 0.224769 0.449479 0.00709798 0
 0.937255 0.0296025 0.0250945 0.00804832 0
ppred_RECLAS
 0.0403435 0.317539 0.533511 0.108605 7.28338e-07
 0.87247 0.00541499 0.0405111 0.0678038 0.0137999
 0.121176 0.775698 0.00440832 0.0327574 0.0659606
 0.842224 0.0209053 0.120921 0.000682054 0.0152672
 0.329167 0.588186 0.0111474 0.063176 0.00832322
 0.99949 0.000218584 0.000256965 4.71246e-06 3.01716e-05
 0.015427 0.984086 0.000209038 0.000245199 3.32827e-05
 0.0143764 0.0158492 0.969296 0.000205218 0.000273345
 0.0834483 0.0133743 0.0145377 0.888201 0.0004385
 0.450528 0.0497331 0.0073371 0.00792827 0.484474
 0.983938 0.00859761 0.000691849 9.95759e-05 0.00667329
 0.93335 0.0656753 0.000523453 4.18322e-05 0.000409357
 0.753894 0.232281 0.0136259 0.000107096 9.22386e-05
 0.868166 0.104074 0.0262233 0.00151502 2.21448e-05
 0.881358 0.106939 0.00928657 0.0022826 0.000133623
 0.988622 0.0103475 0.000930575 7.8946e-05 2.05146e-05
 0.0875917 0.903182 0.008398 0.000748382 7.99478e-05
 0.977902 0.00210783 0.0197896 0.000182675 1.80108e-05
 0.518273 0.471705 0.000959784 0.00897147 9.09576e-05
 0.320439 0.365683 0.307389 0.000621681 0.00586809
 0.92495 0.0260579 0.0264729 0.0220537 0.000465374
 0.8334 0.155141 0.00399706 0.00403293 0.00342933
 0.0621478 0.793076 0.134885 0.003451 0.00644031
 0.882864 0.00775082 0.0925723 0.0156643 0.00114836
 0.625262 0.333054 0.00276906 0.0329345 0.00598009
 0.295052 0.450407 0.226345 0.00187349 0.0263224
 0.906069 0.0290858 0.041509 0.0207521 0.00258434
 0.82329 0.161145 0.00483738 0.00686771 0.00385994
 0.120742 0.729076 0.136993 0.00409946 0.00908962
 0.152895 0.106111 0.614755 0.115155 0.0110847
 0.943255 0.00940422 0.00596606 0.0343278 0.00704657
pobs_PELACES
 0 0 0 0 0
 0 0 0 0 0
 0 0 0 0 0
 0 0 0 0 0
 0 0 0 0 0
 0 0 0 0 0
 0 0 0 0 0
 0 0 0 0 0
 0 0 0 0 0
 0 0 0 0 0
 0 0 0 0 0
 0 0 0 0 0
 0 0 0 0 0
 0 0 0 0 0
 0 0 0 0 0
 0 0 0 0 0
 0.505614 0.472636 0.0217494 0 0
 0 0 0 0 0
 0.443492 0.261883 0.143347 0.151278 0
 0.227955 0.32914 0.350689 0.0885471 0.00366901
 0.970185 0.0296113 0.000203453 0 0
 0.997202 0.00247181 0.000326279 0 0
 0.445219 0.490057 0.0546422 0.010081 0
 0.90214 0.0892962 0.00764917 0.000914606 0
 0 0 0 0 0
 0.581667 0.319106 0.0959925 0.00289975 0.000334073
 0.762889 0.0836404 0.116647 0.0363945 0.000428098
 0.88444 0.0763242 0.0277011 0.0115352 0
 0.521256 0.241999 0.230069 0.00667565 0
 0.616807 0.101726 0.260614 0.0208532 0
 0.833518 0.0704572 0.0857862 0.0102388 0
ppred_PELACES
 0.0415538 0.317632 0.53244 0.108374 7.2678e-07
 0.878792 0.00516825 0.0385017 0.0644259 0.0131122
 0.127171 0.770815 0.00436179 0.0324041 0.0652484
 0.863189 0.0183232 0.104689 0.000590104 0.0132086
 0.393127 0.533578 0.00989602 0.0560184 0.00737977
 0.999499 0.000214886 0.000252278 4.62617e-06 2.9619e-05
 0.0158475 0.983666 0.0002085 0.00024454 3.3193e-05
 0.0144727 0.0158554 0.969193 0.000205191 0.000273308
 0.0866958 0.013369 0.0144879 0.88501 0.000436921
 0.505365 0.0454666 0.00660058 0.00712621 0.435442
 0.984769 0.00816912 0.000654686 9.42063e-05 0.00631336
 0.93993 0.059199 0.000467737 3.7362e-05 0.000365605
 0.775077 0.212397 0.0123451 9.69812e-05 8.35248e-05
 0.889514 0.0875057 0.0217084 0.00125312 1.83159e-05
 0.900136 0.0901483 0.00771116 0.00189382 0.000110859
 0.989425 0.00962239 0.000860377 7.29679e-05 1.89608e-05
 0.0924409 0.898424 0.00831496 0.000740795 7.91363e-05
 0.978684 0.00203825 0.0190846 0.000176141 1.73665e-05
 0.529958 0.4603 0.000933138 0.00872066 8.84138e-05
 0.337004 0.357709 0.298977 0.000604482 0.00570566
 0.928839 0.0247785 0.0250654 0.0208763 0.000440523
 0.841123 0.147996 0.00379609 0.00382924 0.00325608
 0.0646166 0.791384 0.134163 0.00343192 0.00640465
 0.886497 0.00752894 0.089688 0.0151741 0.00111241
 0.633546 0.325797 0.00270123 0.032123 0.00583268
 0.303924 0.445261 0.223036 0.00184578 0.0259329
 0.909798 0.0279964 0.0398215 0.0199048 0.00247881
 0.826944 0.157841 0.00472885 0.00671291 0.00377291
 0.123244 0.727227 0.136398 0.00408126 0.00904921
 0.160546 0.105548 0.608898 0.114032 0.0109764
 0.946872 0.00884443 0.00558223 0.0321103 0.00659129
pobs_pel_tallas
 0 0 0 0 0 0 0 0 0 0 0 0 0 0 0 0 0 0 0 0 0 0 0 0 0 0
 0 0 0 0 0 0 0 0 0 0 0 0 0 0 0 0 0 0 0 0 0 0 0 0 0 0
 0 0 0 0 0 0 0 0 0 0 0 0 0 0 0 0 0 0 0 0 0 0 0 0 0 0
 0 0 0 0 0 0 0 0 0 0 0 0 0 0 0 0 0 0 0 0 0 0 0 0 0 0
 0 0 0 0 0 0 0 0 0 0 0 0 0 0 0 0 0 0 0 0 0 0 0 0 0 0
 0 0 0 0 0 0 0 0 0 0 0 0 0 0 0 0 0 0 0 0 0 0 0 0 0 0
 0 0 0 0 0 0 0 0 0 0 0 0 0 0 0 0 0 0 0 0 0 0 0 0 0 0
 0 0 0 0 0 0 0 0 0 0 0 0 0 0 0 0 0 0 0 0 0 0 0 0 0 0
 0 0 0 0 0 0 0 0 0 0 0 0 0 0 0 0 0 0 0 0 0 0 0 0 0 0
 0 0 0 0 0 0 0 0 0 0 0 0 0 0 0 0 0 0 0 0 0 0 0 0 0 0
 0 0 0 0 0 0 0 0 0 0 0 0 0 0 0 0 0 0 0 0 0 0 0 0 0 0
 0 0 0 0 0 0 0 0 0 0 0 0 0 0 0 0 0 0 0 0 0 0 0 0 0 0
 0.00862536 0 0 0.000197151 0.00414017 0.0128641 0.00837892 0.0270097 0.101434 0.158115 0.152841 0.127902 0.109271 0.109419 0.0830992 0.0579132 0.0238553 0.00714673 0.00463305 0.00128148 0.00103504 0.000492878 0.000147863 0.000147863 4.92878e-05 0
 0 0 0 0 0 0 0 0 0 0 0 0 0 0 0 0 0 0 0 0 0 0 0 0 0 0
 0 0 0 0 0 0 0 0.0054083 0.00873648 0.0413646 0.0450493 0.0745869 0.0622846 0.0627006 0.0613931 0.0827291 0.12552 0.122667 0.0946155 0.0697135 0.0546179 0.0294188 0.0215738 0.0213955 0.0102223 0.00600262
 0 0 0 0 0.00359764 0.0251062 0.0480494 0.140153 0.205849 0.193036 0.1447 0.116669 0.0760912 0.0342217 0.00950174 0.001854 0.000860785 0 0 0 0.000165536 0 0.000143464 0 0 0
 0 0 0 0 0 0 0 0.000145254 0.000435761 0.0275982 0.070085 0.0708112 0.156366 0.174668 0.174014 0.160142 0.0824315 0.0480064 0.0283245 0.00493863 0.00203355 0 0 0 0 0
 0 0 0 0 0 0 0 0 0 0 0 0 0 0 0 0 0 0 0 0 0 0 0 0 0 0
 0 0 1.00437e-05 0.000401748 0.00122533 0.00171747 0.00176769 0.0269171 0.070346 0.194647 0.189555 0.159765 0.064822 0.0314167 0.0384472 0.0292271 0.0345202 0.0313363 0.0194345 0.0106764 0.0143323 0.0359363 0.0279516 0.0138201 0.00172751 0
 0 0.0021121 0.0136068 0.0755702 0.200478 0.177729 0.0527432 0.0373336 0.0318909 0.0142505 0.0149659 0.0166563 0.0217959 0.0798694 0.0677717 0.0528807 0.04013 0.0224614 0.0357745 0.0225083 0.00881397 0.00855152 0.00135912 0.000746735 0 0
 0 0 0 0 5.4009e-05 0.00500934 0.000945158 0.0243581 0.138947 0.33067 0.221406 0.137944 0.0707744 0.0437923 0.0131692 0.00525238 0.0047753 0.00276346 9.45158e-05 9.00151e-06 2.25038e-05 9.00151e-06 4.50075e-06 0 0 0
 0.000866109 0.00284123 0.00948549 0.0512746 0.133035 0.25785 0.225252 0.132002 0.0553304 0.0519788 0.0540692 0.017754 0.00435017 0.00159236 0.00146478 0.000404838 0.000125132 0.000115318 0.000107957 0.000100596 0 0 0 0 0 0
 0 0 0 0 0.00144013 0.00171154 0.00461396 0.0210425 0.0478622 0.0707936 0.0888783 0.103762 0.0637923 0.0337046 0.0602308 0.124433 0.169614 0.0934646 0.0462172 0.0250306 0.0313229 0.00938855 0.002487 0.000210481 0 0
 0 0.00764035 0.051015 0.0998891 0.058973 0.0496711 0.0374665 0.0718981 0.12319 0.153886 0.159021 0.0857701 0.0377988 0.023471 0.0147837 0.00900784 0.00315554 0.000888139 0.00291439 0.00214683 0.00393193 0.00274676 0.000635225 9.99891e-05 0 0
 0 0 0 0 0 0 0 0 0 0 0 0 0 0 0 0 0 0 0 0 0 0 0 0 0 0
 0 0 0 0 0 0 0 0 0 0 0 0 0 0 0 0 0 0 0 0 0 0 0 0 0 0
 0 0 0 0 0 0 0 0 0 0 0 0 0 0 0 0 0 0 0 0 0 0 0 0 0 0
 0 0 0 0 0 0 0 0 0 0 0 0 0 0 0 0 0 0 0 0 0 0 0 0 0 0
 0 0 0 0 0 0 0 0 0 0 0 0 0 0 0 0 0 0 0 0 0 0 0 0 0 0
 0 0 0 0 0 0 0 0 0 0 0 0 0 0 0 0 0 0 0 0 0 0 0 0 0 0
 0 0 0 0 0 0 0 0 0 0 0 0 0 0 0 0 0 0 0 0 0 0 0 0 0 0
ppred_pel_tallas
 1.26315e-16 3.4228e-06 3.32709e-05 0.000221098 0.0010051 0.00312741 0.00666443 0.00973349 0.00976489 0.00681823 0.00364612 0.00251341 0.0040453 0.0085079 0.0164691 0.0281908 0.042874 0.0586515 0.0734816 0.0862408 0.0969541 0.105859 0.112229 0.114206 0.109909 0.0988514
 1.09793e-16 7.23849e-05 0.000703607 0.00467572 0.0212551 0.0661326 0.140903 0.205652 0.205652 0.140905 0.0661426 0.021285 0.00475511 0.000891992 0.000475668 0.000794938 0.00143788 0.00246676 0.00402644 0.00626299 0.00924206 0.0128458 0.0167047 0.0202285 0.0227506 0.0237379
 1.14615e-16 1.04751e-05 0.000101822 0.000676644 0.00307597 0.00957089 0.0203945 0.0297819 0.0298561 0.0207568 0.0107867 0.00658594 0.00948041 0.0192985 0.0364055 0.060009 0.0860841 0.107537 0.117202 0.11192 0.0945615 0.0722865 0.0524158 0.0390408 0.032301 0.0298599
 1.05321e-16 7.10997e-05 0.000691115 0.0045927 0.0208778 0.0649584 0.138401 0.202001 0.202002 0.13841 0.0649908 0.0209731 0.00483985 0.00125614 0.00121887 0.00209721 0.0034677 0.00530606 0.00761041 0.0103392 0.0133437 0.0162892 0.0186595 0.0199057 0.0196817 0.0180155
 1.07289e-16 3.23815e-05 0.00031476 0.00209169 0.00950856 0.0295849 0.0630357 0.0920132 0.0920646 0.0632865 0.0304269 0.0119394 0.00818941 0.0136134 0.0252525 0.0416042 0.0597232 0.0746955 0.0815693 0.078142 0.0663467 0.0510373 0.037152 0.027414 0.0218928 0.0190693
 1.00013e-16 8.23274e-05 0.000800251 0.00531795 0.0241746 0.0752163 0.160256 0.233899 0.233899 0.160256 0.0752166 0.0241756 0.0053205 0.00080586 9.31407e-05 2.40839e-05 2.76156e-05 3.64281e-05 4.39233e-05 4.9004e-05 5.18935e-05 5.33452e-05 5.37537e-05 5.27813e-05 4.97651e-05 4.44301e-05
 1.00288e-16 1.30554e-06 1.26904e-05 8.4337e-05 0.000383442 0.00119354 0.00254645 0.00373645 0.00383103 0.0030085 0.00274428 0.00485956 0.0113089 0.0244791 0.0463588 0.0763533 0.109321 0.136065 0.147221 0.138477 0.113238 0.0805093 0.0497784 0.0267806 0.0125558 0.00515191
 1.2804e-16 1.1921e-06 1.15877e-05 7.70043e-05 0.000350052 0.00108916 0.00232067 0.00338769 0.00339071 0.00233612 0.00114535 0.000531295 0.00060322 0.0013955 0.00331622 0.00726416 0.014598 0.0269194 0.0455009 0.0703453 0.0992301 0.127425 0.148687 0.15744 0.151146 0.131488
 1.8925e-16 7.14102e-06 6.94133e-05 0.000461276 0.00209689 0.00652422 0.0139006 0.0202887 0.0202903 0.0139087 0.00655258 0.0021841 0.000701337 0.000668266 0.00138072 0.00294256 0.00596106 0.0115003 0.0211022 0.0365824 0.0594052 0.0896812 0.125183 0.161022 0.190501 0.207085
 1.74607e-16 4.16262e-05 0.000404622 0.00268885 0.0122231 0.0380307 0.0810287 0.118265 0.118269 0.0810506 0.0381046 0.012438 0.00323438 0.00161818 0.00242027 0.00415292 0.00656022 0.00966534 0.0137862 0.0197293 0.0287321 0.0419794 0.0598286 0.0811279 0.103039 0.121581
 1.01099e-16 8.11141e-05 0.000788458 0.00523958 0.0238184 0.0741078 0.157895 0.230452 0.230453 0.157898 0.0741207 0.0238557 0.00533338 0.00099341 0.00047099 0.000652245 0.000937333 0.00119305 0.00134842 0.00138201 0.0013364 0.00129472 0.00133094 0.00146895 0.00167416 0.001875
 1.00095e-16 7.74208e-05 0.000752558 0.00500101 0.0227339 0.0707336 0.150706 0.21996 0.219966 0.150733 0.0708269 0.0230033 0.00567671 0.00222553 0.00286871 0.00460389 0.00658669 0.00820317 0.00888625 0.00837722 0.00688075 0.0049373 0.0031147 0.00175422 0.000914722 0.000476159
 1.00435e-16 6.38422e-05 0.000620568 0.0041239 0.0187466 0.0583279 0.124274 0.181387 0.181407 0.124374 0.0586631 0.0197145 0.00655194 0.00591603 0.0101062 0.0165677 0.0237685 0.0296945 0.0323378 0.0307687 0.0256933 0.0189948 0.0126402 0.00779559 0.0046523 0.00280962
 1.00778e-16 7.32681e-05 0.000712192 0.00473277 0.0215145 0.0669396 0.142622 0.208163 0.208172 0.142664 0.0670783 0.0219152 0.00573913 0.00291119 0.00425562 0.00693498 0.0100185 0.0126705 0.0140875 0.0138901 0.012332 0.0101056 0.00790842 0.00611711 0.00475768 0.00368568
 1.00455e-16 7.4143e-05 0.000720697 0.00478928 0.0217714 0.0677389 0.144325 0.210649 0.210657 0.144368 0.0678813 0.0221825 0.00582088 0.00297133 0.00434451 0.00705447 0.0101302 0.0126864 0.013875 0.0133056 0.0112753 0.00857133 0.0060074 0.00405355 0.00277005 0.00197686
 1.00038e-16 8.14977e-05 0.000792186 0.00526436 0.023931 0.0744582 0.158641 0.231542 0.231543 0.158646 0.0744734 0.0239749 0.00537447 0.00103242 0.000537313 0.00075814 0.00108143 0.00135379 0.00148008 0.00141814 0.00119941 0.000907702 0.000629981 0.000416885 0.000275675 0.000188092
 1.00558e-16 7.61443e-06 7.4015e-05 0.00049186 0.00223598 0.00695742 0.0148267 0.0216581 0.0217445 0.0152488 0.00837404 0.00632514 0.0107467 0.0224287 0.0423698 0.0697889 0.0999574 0.124487 0.134836 0.127069 0.104277 0.0746443 0.0467816 0.0258765 0.0128533 0.00593913
 1.00572e-16 8.06129e-05 0.000783586 0.0052072 0.0236712 0.0736499 0.156919 0.229028 0.229028 0.15692 0.0736537 0.0236826 0.00523728 0.000853818 0.000227375 0.000283046 0.000480411 0.000770714 0.00115804 0.00163502 0.00216417 0.0026682 0.00304035 0.00317993 0.00303742 0.00264115
 1.01035e-16 4.3652e-05 0.000424313 0.00281971 0.012818 0.0398819 0.0849743 0.124032 0.124076 0.0851905 0.0406077 0.0149129 0.00807327 0.0118765 0.0217454 0.0357549 0.0512089 0.0637829 0.0691088 0.0651878 0.0536249 0.0386314 0.0246189 0.0142188 0.00785011 0.00453674
 1.09746e-16 2.77586e-05 0.000269824 0.00179308 0.00815109 0.0253612 0.0540361 0.0788746 0.0789094 0.0542066 0.0259348 0.00981257 0.00598171 0.00947326 0.0176806 0.0296366 0.043733 0.0571508 0.0669312 0.071543 0.071536 0.0686925 0.064488 0.0592407 0.052501 0.0440346
 1.02898e-16 7.65073e-05 0.000743678 0.004942 0.0224656 0.0698989 0.148927 0.217364 0.217366 0.148939 0.0699389 0.0225818 0.00523564 0.00139157 0.00132748 0.00212804 0.00318827 0.00428869 0.00526513 0.00605575 0.00672268 0.00736898 0.00801487 0.00854193 0.00875019 0.00847703
 1.01083e-16 6.92822e-05 0.000673448 0.0044753 0.0203441 0.063298 0.134864 0.19684 0.196855 0.134933 0.0635315 0.0210181 0.00616594 0.00435997 0.00705849 0.0115279 0.0165264 0.0206306 0.0224452 0.0213372 0.017824 0.0132481 0.00900202 0.00589586 0.00402653 0.00305027
 1.05502e-16 5.32255e-06 5.17371e-05 0.000343815 0.00156298 0.00486342 0.0103649 0.0151438 0.0152201 0.0107377 0.0061154 0.00517941 0.00942264 0.0198744 0.0376617 0.0622774 0.0897615 0.112966 0.124568 0.121131 0.1051 0.083058 0.0617454 0.0449554 0.0331063 0.0247847
 1.04301e-16 7.30195e-05 0.000709776 0.00471671 0.0214415 0.0667124 0.142138 0.207455 0.207455 0.142142 0.0667273 0.0214863 0.00483604 0.000993101 0.000678058 0.00118031 0.00210156 0.00349624 0.00545001 0.00797088 0.0109017 0.0138633 0.0162976 0.0176371 0.0175321 0.0160048
 1.0437e-16 5.21844e-05 0.000507251 0.00337087 0.0153235 0.0476772 0.101582 0.148269 0.148301 0.101736 0.0481912 0.0168073 0.00709275 0.00862347 0.0154414 0.025382 0.0364163 0.0455107 0.0496331 0.047437 0.0401104 0.0306361 0.0220567 0.0160619 0.0127099 0.0110709
 1.11124e-16 2.50339e-05 0.000243339 0.00161707 0.00735101 0.022872 0.0487327 0.0711358 0.071179 0.0489437 0.0235812 0.0094027 0.00677891 0.0115507 0.0216136 0.0359883 0.0525276 0.0674821 0.0769845 0.0791625 0.0751001 0.0678007 0.0600812 0.0531455 0.0466966 0.0400041
 1.03573e-16 7.49389e-05 0.000728433 0.00484069 0.0220051 0.068466 0.145874 0.212908 0.212911 0.145888 0.0685116 0.0221376 0.00517633 0.0014715 0.00151687 0.0024702 0.00374305 0.00511466 0.00641355 0.00756747 0.00861847 0.00962853 0.0105539 0.0112078 0.0113489 0.0108236
 1.01489e-16 6.81143e-05 0.000662096 0.00439986 0.0200011 0.062231 0.13259 0.193523 0.193538 0.132665 0.0624801 0.0207202 0.00620347 0.00459535 0.00752632 0.0123044 0.0176485 0.0220502 0.024028 0.0229132 0.019261 0.0145006 0.010106 0.00692172 0.00502753 0.004036
 1.06063e-16 1.01516e-05 9.86774e-05 0.00065575 0.00298099 0.00927533 0.0197647 0.0288618 0.0289319 0.0201074 0.0104262 0.00630578 0.00900349 0.0183285 0.0346508 0.0573166 0.0826728 0.104175 0.115119 0.112359 0.0981183 0.0783878 0.0592712 0.0441631 0.033386 0.0256294
 1.30892e-16 1.3224e-05 0.000128542 0.000854204 0.00388309 0.0120818 0.025742 0.0375735 0.0375846 0.0257968 0.0122687 0.00443528 0.00228671 0.00340967 0.00669659 0.0122314 0.0203795 0.0314054 0.0454276 0.0622946 0.0811544 0.0999384 0.115354 0.123796 0.122841 0.112422
 1.045e-16 7.79926e-05 0.000758116 0.00503794 0.0229018 0.0712559 0.151818 0.221583 0.221584 0.151823 0.0712703 0.0229436 0.0051442 0.000994039 0.000538386 0.000801084 0.00123342 0.00174981 0.00234035 0.00304937 0.0039634 0.00514966 0.00657429 0.00805894 0.00931362 0.0100355
pSPR Fmed_Fpbrs
0.431816   0.243523 0.243523
Fs Fmed_Fpbrs
0.536237   1.005 1.005
SSBpbr Bo_Bmed_Bpbrs
1.63783e+06  625348  316957 316957
Ro
47021
SPR SPRFo_SPRFmed_SPRFpbrs
336103 145135 81848.7
Fref
1.005
Nvult_r0
 113879 1323.88 849.616 4891.59 1004.14
CTP_r0
 34271.1 510.719 332.696 1916.99 393.535
YTP_r0
390988
Np
 125862 35801.9 323.37 203.558 1396.83
Nvult_p0
 102200 30855.7 279.764 176.145 1208.74
CTP_p0
 41050.2 15267.1 140.135 88.289 605.874
YTP_p0
 581284
CBA_c0
448077
log_Ro
10.5784
likeval ReclasPelacesDesembMPH_pf_preclas_ppelaces_ptallas_desvR_qrecl_qpela
 20.0328 80.9467 0.234073 0.00108756 362.35 132.989 121.136 0 155.086 2.43909e-05 0 0.0950057 0 0 0
q_reclas_q_pelaces
2.01342 1
M
1
N
 4724.25 38870.1 65535.6 13343.4 0.0894856
 212726 1432.54 10786.3 18059.3 3675.62
 7886.35 54837.9 313.682 2331.73 4695.28
 64303.6 2023 11921.7 67.3121 1506.81
 3106.74 8420.97 164.915 936.284 123.364
 828519 185.942 219.037 4.01733 25.7212
 4095.58 272299 58.03 68.0807 9.24116
 1130.25 1257.97 76991.9 16.3013 21.7129
 2347.54 398.89 435.586 26619.3 13.142
 4448.01 669.405 101.195 109.493 6691.25
 44840.5 423.912 34.3242 4.94183 331.194
 140622 11704.4 94.5284 7.55971 73.9799
 67619 24882.4 1480.17 11.6425 10.0278
 70933.9 11473 2959.78 171.216 2.5028
 43590.7 7073.61 628.486 154.67 9.05495
 386090 4516.82 409.782 34.7806 9.03817
 7753.14 87442.5 818.817 72.996 7.79815
 849875 1929.8 18192.5 167.969 16.5611
 255041 249171 509.827 4766.98 48.331
 54094.9 68895.4 58415.1 118.197 1115.7
 403075 12333.8 12611.9 10510.3 221.79
 510177 103440 2683.01 2708.07 2302.8
 9524.31 129348 22107.4 565.762 1055.85
 289357 2671.17 32029.6 5420.93 397.415
 152216 85521.1 714.024 8494.35 1542.38
 27319.9 44385.4 22414.8 185.58 2607.42
 223836 7660.81 10988.2 5494.93 684.316
 306317 62284.1 1875.31 2662.84 1496.64
 15264.9 95450.5 17984.4 538.258 1193.47
 6401.86 4822.75 28121.7 5269.54 507.25
 149681 1647.25 1053.17 6062.34 1244.46
pred_Ctot
 533.126 6176.75 10642.4 2169.36 0.0145494
 41419 382.197 2934.71 4918.68 1001.15
 1553.82 14793.2 86.2893 642.091 1293.02
 28393.4 1116.89 6667.61 37.6722 843.338
 1883.55 5954.36 117.585 667.868 87.9995
 56353.6 18.0668 21.7732 0.399826 2.56007
 433.688 40694.3 8.86411 10.4115 1.41332
 29.1507 46.9623 2943.56 0.624024 0.831239
 340.692 80.6585 89.9366 5502.27 2.71664
 2312.22 421.288 64.3741 69.692 4259.1
 8465.63 109.886 9.07499 1.30795 87.6614
 48912.1 5279.73 43.3077 3.4663 33.9229
 24494.7 11625.7 702.111 5.52701 4.76064
 36159.8 7110.76 1854.74 107.354 1.56933
 21838.2 4324.41 388.573 95.6844 5.60189
 97549.9 1532.52 141.573 12.0277 3.12569
 1635.94 25140.9 239.98 21.4156 2.28794
 111113 353.207 3401.21 31.4385 3.0999
 43923.2 59251.4 123.705 1157.91 11.7404
 13513.6 23135.5 19975.6 40.4577 381.912
 79336.3 3324.05 3466.11 2891.52 61.0209
 103307 28624.6 757.004 764.864 650.436
 1462.61 27598.6 4815.44 123.37 230.252
 36606.4 473.736 5803.06 983.268 72.089
 20333.7 15978.3 136.259 1622.82 294.684
 4197.72 9475.31 4884.94 40.4885 568.902
 35261.4 1674.56 2451.76 1227.41 152.866
 30022.5 8637.39 265.864 377.956 212.442
 1379.47 12234.6 2357.07 70.6285 156.614
 1252.09 1292.1 7683.23 1441.21 138.74
 34271.1 510.719 332.696 1916.99 393.535
F
 0.193261 0.281952 0.28893 0.289307 0.289327
 0.355623 0.518824 0.531666 0.532359 0.532396
 0.360554 0.526019 0.539038 0.539741 0.539778
 1.03289 1.5069 1.5442 1.54621 1.54632
 1.81589 2.64924 2.71481 2.71835 2.71854
 0.112737 0.164475 0.168546 0.168766 0.168777
 0.180408 0.263201 0.269716 0.270068 0.270086
 0.0415125 0.0605634 0.0620624 0.0621434 0.0621476
 0.254734 0.371636 0.380834 0.381331 0.381357
 1.35069 1.97054 2.01931 2.02195 2.02209
 0.343149 0.500626 0.513017 0.513686 0.513721
 0.731916 1.0678 1.09423 1.09566 1.09574
 0.773891 1.12904 1.15699 1.1585 1.15858
 1.30538 1.90444 1.95158 1.95412 1.95426
 1.26704 1.8485 1.89425 1.89672 1.89685
 0.485088 0.707704 0.725221 0.726167 0.726216
 0.390682 0.569972 0.58408 0.584842 0.584882
 0.22695 0.331101 0.339296 0.339739 0.339762
 0.308835 0.450565 0.461717 0.462319 0.462351
 0.478401 0.697948 0.715223 0.716156 0.716205
 0.36013 0.525401 0.538405 0.539107 0.539144
 0.372248 0.543079 0.556521 0.557247 0.557285
 0.27133 0.395848 0.405646 0.406175 0.406203
 0.218899 0.319356 0.32726 0.327687 0.32771
 0.232392 0.339042 0.347433 0.347886 0.34791
 0.271497 0.396092 0.405896 0.406426 0.406454
 0.279208 0.407342 0.417424 0.417969 0.417997
 0.166013 0.242199 0.248194 0.248518 0.248535
 0.152214 0.222067 0.227564 0.227861 0.227876
 0.357481 0.521536 0.534445 0.535142 0.535178
 0.430501 0.628066 0.643611 0.644451 0.644495
YTP_r0W_actual
 291304 8324.71 9614.91 66711.1 15033
YTP_p0W_proyectada
 308697 246106 3276.35 2604.53 20599.7
CTP_r0_actual
 34271.1 510.719 332.696 1916.99 393.535
CTP_p0_proyectada
 41050.2 15267.1 140.135 88.289 605.874
Wmedp
 7.52 16.12 23.38 29.5 34
Frms_r0
 0.430501 0.628066 0.643611 0.644451 0.644495
Zrms_r0
 1.4305 1.62807 1.64361 1.64445 1.6445
nmprior
 8.19 8.8 8.5 0
nm_flota  nm_reclas  nm_pelaces    nm_pelaL
inf 9.75422 5.47954 9.12784
cv_recla  cv_pelaces  cv_mph
0.404851 1.02017 1.01773
 ------------------------------------------------
Talla a la edad & desviaci?n 
 8 13.2811 15.8009 17.003 17.5766
 0.8 1.32811 1.58009 1.7003 1.75766
