    unsorted:	 3.125590652e-05 0.001099980027 1.365739221 10.99904107 4.921156952 16.73641241 15.92147670 62.34284916 61.79024017 45.09479591 96.72909631 115.6694660 162.8689714 221.0248725 323.7690446 392.2100290 427.9625593 451.0977818 483.3878963 611.2752064 671.0825690 752.8413353 782.2568069 808.9890262 835.6077856 1006.462709 1002.876291 988.9946911 975.7443870 911.8795989 1071.621945 1123.943016 1164.682675 1218.603685 1269.878670 1433.925250 1463.776808 1582.003111 1756.966700 1911.777287 2099.832981 2190.151818 2752.798794 21016.32348 32197.50570 157260.5425 286463.0771 284022.2341 294703.0144 255723.0939 254189.6147 316672.4221 322672.7099 343044.3470 453418.4505 480218.1790 558308.9764 684880.1015 799917.8784 781980.7485 895009.4572 1085067.710 1328712.806 1515239.037 1669895.896 1708166.485 2071872.764 2026078.811 2158133.225 2363963.680 2549194.500 2733060.267 2950100.502 3086954.651 3608793.980 3837337.552 5393013.706
      sorted:	 3.125590652e-05 0.001099980027 1.365739221 4.921156952 10.99904107 15.92147670 16.73641241 45.09479591 61.79024017 62.34284916 96.72909631 115.6694660 162.8689714 221.0248725 323.7690446 392.2100290 427.9625593 451.0977818 483.3878963 611.2752064 671.0825690 752.8413353 782.2568069 808.9890262 835.6077856 911.8795989 975.7443870 988.9946911 1002.876291 1006.462709 1071.621945 1123.943016 1164.682675 1218.603685 1269.878670 1433.925250 1463.776808 1582.003111 1756.966700 1911.777287 2099.832981 2190.151818 2752.798794 21016.32348 32197.50570 157260.5425 254189.6147 255723.0939 284022.2341 286463.0771 294703.0144 316672.4221 322672.7099 343044.3470 453418.4505 480218.1790 558308.9764 684880.1015 781980.7485 799917.8784 895009.4572 1085067.710 1328712.806 1515239.037 1669895.896 1708166.485 2026078.811 2071872.764 2158133.225 2363963.680 2549194.500 2733060.267 2950100.502 3086954.651 3608793.980 3837337.552 5393013.706
