years
 1991 1992 1993 1994 1995 1996 1997 1998 1999 2000 2001 2002 2003 2004 2005 2006 2007 2008 2009 2010 2011 2012 2013 2014 2015 2016 2017 2018 2019 2020 2021
reclasobs
 0 0 0 0 0 0 0 0 0 252601 567819 844713 477998 351125 339783 2.1784e+06 2.13404e+06 4.81314e+06 1.55562e+06 2.62356e+06 3.21686e+06 3.843e+06 1.13348e+06 3.07943e+06 1.97215e+06 2.03268e+06 2.025e+06 2.42433e+06 2.27542e+06 1.05018e+06 2.36338e+06
reclaspred
 3.08237e+06 1.70684e+06 860468 797975 758944 1.26788e+06 737234 637649 471601 347108 462468 621874 612666 465497 467622 1.36185e+06 1.29188e+06 2.99815e+06 2.46727e+06 1.81422e+06 3.22196e+06 2.61455e+06 2.03453e+06 3.14708e+06 2.33925e+06 2.05111e+06 2.48071e+06 2.68354e+06 2.17637e+06 1.33903e+06 1.91746e+06
pelacesobs
 0 0 0 0 0 0 0 0 0 0 0 0 0 0 0 552880 188675 0 991730 2.46772e+06 1.41603e+06 1.21717e+06 2.29649e+06 1.80582e+06 0 1.4828e+06 1.56532e+06 1.57751e+06 1.42118e+06 867257 1.10002e+06
pelacespred
 1.43923e+06 880838 440414 332299 336123 577990 296006 334853 230505 159603 225396 254032 276682 218898 227238 557713 531541 1.43049e+06 1.20854e+06 823076 1.42658e+06 1.24443e+06 970277 1.64848e+06 1.17825e+06 1.03122e+06 1.42229e+06 1.51494e+06 1.01323e+06 708980 1.0109e+06
mphobs
 0 0 0 0 0 0 0 0 0 0 0 498337 0 5186 125008 0 168611 109162 213762 579715 649985 157893 87575 83554 0 0 0 0 0 0 0
mphpred
 462864 307811 150902 82095.9 80788.7 89296.1 121560 68168.5 61207.2 41571.8 28069.3 54638.3 59801.1 49862.4 32329.1 41427.6 156093 144612 296252 222042 234378 291982 276695 223453 313003 255283 208174 227057 323368 216493 127759
desembarqueobs
 494567 514787 250237 358949 120608 361735 552515 73892 212993 205616 52469 317467 293654 387597 252695 516296 358380 742168 942051 627588 828172 859565 418607 520667 417249 300574 415391 372974 316634 284311 391294
desembarquepred
 494571 513780 250650 358984 120613 361738 552514 73896.3 213036 205653 52471.4 317520 293691 387596 252676 516231 358396 742043 941776 627409 828215 859540 418606 520684 417240 300568 415381 372950 316620 284311 391291
Reclutas
 183110 103149 103811 146347 118061 225190 88584.1 38170.2 39580.5 54994.2 104454 141042 116506 81102.6 79211.7 464801 90689.6 708174 405524 307712 461096 611937 120675 373202 308662 137964 320962 363077 99739.2 72914.8 293333
log_desv_Rt
 0.122732 -0.451184 -0.444787 -0.101373 -0.316152 0.329591 -0.603402 -1.4453 -1.40902 -1.08013 -0.43861 -0.138298 -0.329408 -0.69164 -0.715231 1.05425 -0.579912 1.47534 0.917826 0.641811 1.04625 1.32927 -0.294254 0.834765 0.644893 -0.16036 0.683967 0.80726 -0.484796 -0.798064 0.593955
SSB
 2.74307e+06 1.82417e+06 894289 486524 478777 529194 720400 403986 362732 246366 166347 323802 354399 295499 191591 245512 925050 857014 1.75568e+06 1.31588e+06 1.38899e+06 1.73037e+06 1.63977e+06 1.32425e+06 1.85495e+06 1.51288e+06 1.2337e+06 1.3456e+06 1.91637e+06 1.283e+06 757136
BT
 3.73942e+06 2.53958e+06 1.26358e+06 1.06806e+06 871797 1.64308e+06 1.17567e+06 838128 742891 565322 564839 850566 904254 907468 777639 1.70332e+06 1.50558e+06 3.955e+06 3.69193e+06 2.46461e+06 3.96143e+06 3.67441e+06 2.60265e+06 4.28671e+06 3.10473e+06 2.64539e+06 3.70509e+06 3.86911e+06 2.59861e+06 1.91344e+06 2.71079e+06
Ftot
 0.155666 0.285935 0.280776 0.461053 0.164155 0.309384 0.707017 0.119223 0.459489 0.59792 0.129353 0.533252 0.496666 0.846796 0.592277 0.441788 0.276056 0.280085 0.391533 0.35575 0.27285 0.345226 0.203322 0.181855 0.182444 0.148228 0.182924 0.154117 0.14061 0.207199 0.228705
BD_Bspro_t
 0.975474 0.825714 0.650603 0.554081 0.522959 0.598298 0.592657 0.403078 0.46029 0.414499 0.387749 0.635434 0.521789 0.4299 0.318368 0.377081 0.584396 0.55264 0.65805 0.560474 0.528872 0.580088 0.596038 0.584132 0.690814 0.697468 0.703059 0.742193 0.789142 0.720739 0.645834
BD_Bspro
 2.37286 1.57798 0.773597 0.420863 0.414162 0.457774 0.623176 0.349464 0.313778 0.213117 0.143897 0.280102 0.306569 0.255619 0.165734 0.212378 0.800206 0.741352 1.51873 1.13829 1.20153 1.49684 1.41847 1.14553 1.6046 1.3087 1.0672 1.164 1.65774 1.10985 0.654953
BD_Bo
 1.52508 1.0142 0.497205 0.270496 0.266189 0.29422 0.400526 0.224607 0.201671 0.136974 0.0924852 0.180027 0.197038 0.164291 0.10652 0.136499 0.514307 0.476481 0.976116 0.731601 0.772246 0.962047 0.911677 0.736251 1.03131 0.841126 0.685907 0.748125 1.06546 0.71332 0.42095
BD_Brms
 8.65388 5.75494 2.82132 1.5349 1.51046 1.66951 2.27273 1.2745 1.14435 0.777242 0.524795 1.02154 1.11806 0.932246 0.604436 0.774545 2.91837 2.70373 5.53884 4.15137 4.38201 5.45901 5.17319 4.17775 5.85202 4.77286 3.89209 4.24513 6.0458 4.04764 2.38863
Sel_flota
 0.737844 0.981643 0.999017 0.999948 0.999997
 0.737844 0.981643 0.999017 0.999948 0.999997
 0.737844 0.981643 0.999017 0.999948 0.999997
 0.737844 0.981643 0.999017 0.999948 0.999997
 0.737844 0.981643 0.999017 0.999948 0.999997
 0.737844 0.981643 0.999017 0.999948 0.999997
 0.737844 0.981643 0.999017 0.999948 0.999997
 0.737844 0.981643 0.999017 0.999948 0.999997
 0.737844 0.981643 0.999017 0.999948 0.999997
 0.737844 0.981643 0.999017 0.999948 0.999997
 0.737844 0.981643 0.999017 0.999948 0.999997
 0.737844 0.981643 0.999017 0.999948 0.999997
 0.737844 0.981643 0.999017 0.999948 0.999997
 0.737844 0.981643 0.999017 0.999948 0.999997
 0.737844 0.981643 0.999017 0.999948 0.999997
 0.737844 0.981643 0.999017 0.999948 0.999997
 0.737844 0.981643 0.999017 0.999948 0.999997
 0.737844 0.981643 0.999017 0.999948 0.999997
 0.737844 0.981643 0.999017 0.999948 0.999997
 0.737844 0.981643 0.999017 0.999948 0.999997
 0.737844 0.981643 0.999017 0.999948 0.999997
 0.737844 0.981643 0.999017 0.999948 0.999997
 0.737844 0.981643 0.999017 0.999948 0.999997
 0.737844 0.981643 0.999017 0.999948 0.999997
 0.737844 0.981643 0.999017 0.999948 0.999997
 0.737844 0.981643 0.999017 0.999948 0.999997
 0.737844 0.981643 0.999017 0.999948 0.999997
 0.737844 0.981643 0.999017 0.999948 0.999997
 0.737844 0.981643 0.999017 0.999948 0.999997
 0.737844 0.981643 0.999017 0.999948 0.999997
 0.737844 0.981643 0.999017 0.999948 0.999997
Sel_reclas
 1 1 1 1 1
 1 1 1 1 1
 1 1 1 1 1
 1 1 1 1 1
 1 1 1 1 1
 1 1 1 1 1
 1 1 1 1 1
 1 1 1 1 1
 1 1 1 1 1
 1 1 1 1 1
 1 1 1 1 1
 1 1 1 1 1
 1 1 1 1 1
 1 1 1 1 1
 1 1 1 1 1
 1 1 1 1 1
 1 1 1 1 1
 1 1 1 1 1
 1 1 1 1 1
 1 1 1 1 1
 1 1 1 1 1
 1 1 1 1 1
 1 1 1 1 1
 1 1 1 1 1
 1 1 1 1 1
 1 1 1 1 1
 1 1 1 1 1
 1 1 1 1 1
 1 1 1 1 1
 1 1 1 1 1
 1 1 1 1 1
Sel_pelaces
 1 1 1 1 1
 1 1 1 1 1
 1 1 1 1 1
 1 1 1 1 1
 1 1 1 1 1
 1 1 1 1 1
 1 1 1 1 1
 1 1 1 1 1
 1 1 1 1 1
 1 1 1 1 1
 1 1 1 1 1
 1 1 1 1 1
 1 1 1 1 1
 1 1 1 1 1
 1 1 1 1 1
 1 1 1 1 1
 1 1 1 1 1
 1 1 1 1 1
 1 1 1 1 1
 1 1 1 1 1
 1 1 1 1 1
 1 1 1 1 1
 1 1 1 1 1
 1 1 1 1 1
 1 1 1 1 1
 1 1 1 1 1
 1 1 1 1 1
 1 1 1 1 1
 1 1 1 1 1
 1 1 1 1 1
 1 1 1 1 1
pf_obs 
 0.8446 0.082 0.0669 0.0065 0
 0.8095 0.147 0.0364 0.0071 0
 0.9664 0.0169 0.016 0.0007 0
 0.9276 0.0648 0.0075 0.0001 0
 0.7033 0.2144 0.0806 0.0017 0
 0.9318 0.0425 0.0243 0.0014 0
 0.5671 0.3108 0.0964 0.0239 0.0018
 0.0768 0.2599 0.5324 0.112 0.0189
 0.490249 0.384438 0.106611 0.0170017 0.00170017
 0.7925 0.1577 0.0466 0.003 0.0002
 0.840416 0.127587 0.0312969 0.00059994 9.999e-05
 0.8084 0.0986 0.0794 0.0134 0.0002
 0.7335 0.1905 0.0724 0.0035 0.0001
 0.4001 0.4547 0.1325 0.0127 0
 0.49795 0.308269 0.164784 0.0264974 0.00249975
 0.9179 0.0499 0.0305 0.0017 0
 0.2467 0.6533 0.0926 0.0074 0
 0.9418 0.0223 0.034 0.0019 0
 0.707729 0.231977 0.0356964 0.0245975 0
 0.517169 0.277429 0.184464 0.0207286 0.00020938
 0.811772 0.124168 0.05621 0.00726502 0.000585176
 0.764997 0.148141 0.077277 0.00933861 0.000247198
 0.163321 0.427699 0.378323 0.0303852 0.000271297
 0.753843 0.0900009 0.118128 0.0371064 0.000921714
 0.721811 0.176058 0.0630433 0.0369309 0.00215725
 0.143369 0.312575 0.442814 0.0836902 0.0175525
 0.692698 0.0596174 0.167031 0.0765114 0.00414204
 0.394062 0.376323 0.152708 0.0712218 0.00568511
 0.125707 0.32114 0.495352 0.0537591 0.00404204
 0.23352 0.215282 0.420074 0.123614 0.00750983
 0.796117 0.104755 0.0508955 0.0450114 0.00322123
pf_pred 
 0.441643 0.135861 0.396547 0.025948 8.4289e-07
 0.407417 0.306922 0.0704792 0.201977 0.0132039
 0.559514 0.214406 0.118253 0.0266246 0.0812026
 0.702113 0.189706 0.0532038 0.028771 0.0262057
 0.644212 0.273645 0.0527326 0.0144727 0.0149374
 0.762747 0.168275 0.0532818 0.0100802 0.0056163
 0.46776 0.434475 0.0697496 0.0216456 0.0063697
 0.457938 0.305071 0.194336 0.0304443 0.012212
 0.562344 0.23275 0.116235 0.0727232 0.0159471
 0.731182 0.173655 0.0511352 0.0249876 0.0190395
 0.82968 0.135767 0.022508 0.00647594 0.0055687
 0.734506 0.230259 0.0281917 0.00458976 0.00245367
 0.676441 0.258109 0.0569337 0.00681519 0.00170063
 0.623322 0.281871 0.07597 0.0163889 0.00244842
 0.737533 0.187335 0.0565954 0.0148575 0.00367883
 0.939489 0.0485451 0.00859756 0.00253776 0.000830142
 0.351687 0.619895 0.0228966 0.00396908 0.001553
 0.895301 0.0445435 0.0575685 0.00208508 0.000502335
 0.57927 0.387887 0.0141314 0.0179075 0.000804001
 0.584546 0.272945 0.131604 0.00469537 0.00621024
 0.730087 0.1786 0.0604129 0.0285383 0.00236223
 0.729805 0.212873 0.038185 0.0126658 0.00647162
 0.294967 0.556199 0.117771 0.0207003 0.010363
 0.729913 0.0976503 0.136578 0.0283809 0.00747817
 0.607356 0.308666 0.0307271 0.0421859 0.011065
 0.417544 0.393775 0.148932 0.0145533 0.0251961
 0.726081 0.134474 0.0948342 0.0352206 0.00939084
 0.677595 0.252262 0.0347657 0.0240667 0.01131
 0.320164 0.502034 0.139684 0.0189024 0.0192156
 0.395775 0.234031 0.274681 0.0750524 0.0204606
 0.822189 0.0839415 0.0367845 0.0423677 0.0147173
pobs_RECLAS
 0 0 0 0 0
 0 0 0 0 0
 0 0 0 0 0
 0 0 0 0 0
 0 0 0 0 0
 0 0 0 0 0
 0 0 0 0 0
 0 0 0 0 0
 0 0 0 0 0
 0 0 0 0 0
 0.991045 0.00858322 0.000360255 1.14367e-05 0
 0.934742 0.0480273 0.0164251 0.00080598 0
 0.827803 0.169806 0.00239088 0 0
 0.941827 0.0461693 0.0120037 0 0
 0.791401 0.0380133 0.147996 0.0225897 0
 0.846168 0.0940531 0.0597789 0 0
 0.134021 0.677848 0.182769 0.00536245 0
 0.80878 0.0450904 0.141981 0.00414843 0
 0.846168 0.0940531 0.0597789 0 0
 0.905697 0.0802665 0.012482 0.00150086 5.37128e-05
 0.989698 0.0102097 9.19794e-05 0 0
 0.975433 0.0193895 0.00387452 0.00125025 5.28907e-05
 0.303575 0.632131 0.0575291 0.00676475 0
 0.966965 0.00978017 0.0227588 0.000495775 0
 0.843318 0.132988 0.00938335 0.0141283 0.000182051
 0.564624 0.303363 0.111486 0.0197234 0.00080311
 0.826376 0.0876187 0.0782897 0.00655872 0.00115652
 0.89761 0.0855135 0.0140674 0.00269457 0.000114338
 0.34875 0.467042 0.161289 0.0227151 0.000203297
 0.318654 0.224769 0.449479 0.00709798 0
 0.937255 0.0296025 0.0250945 0.00804832 0
ppred_RECLAS
 0.516992 0.119122 0.341557 0.0223286 7.25282e-07
 0.481736 0.270859 0.0610848 0.174887 0.0114324
 0.632058 0.180798 0.0979337 0.0220286 0.0671816
 0.76177 0.152759 0.0420571 0.0227209 0.0206939
 0.708287 0.2253 0.0426497 0.0116944 0.0120692
 0.812501 0.133692 0.0415719 0.00785729 0.00437755
 0.545391 0.372425 0.0586509 0.0181827 0.00535039
 0.531771 0.265578 0.166205 0.0260128 0.0104339
 0.635898 0.195347 0.0957699 0.05986 0.0131257
 0.787623 0.138132 0.0399146 0.019485 0.014846
 0.867078 0.106343 0.0173198 0.00497851 0.00428084
 0.789324 0.183171 0.0220114 0.00358003 0.00191377
 0.738975 0.209008 0.0452544 0.00541178 0.00135036
 0.694763 0.229549 0.0606625 0.0130729 0.00195293
 0.792755 0.148726 0.0440921 0.0115636 0.00286307
 0.95451 0.0366293 0.00636875 0.00187804 0.000614304
 0.421022 0.554037 0.0200982 0.00348065 0.00136182
 0.920474 0.0341859 0.043392 0.00157011 0.000378251
 0.64955 0.323566 0.0115743 0.0146528 0.000657837
 0.65529 0.227884 0.107893 0.00384571 0.00508618
 0.784724 0.143329 0.0476159 0.0224716 0.00185997
 0.784465 0.170473 0.0300279 0.00995047 0.00508397
 0.359543 0.507174 0.105486 0.0185234 0.0092728
 0.785049 0.0786131 0.108007 0.0224226 0.00590789
 0.674766 0.256677 0.0250998 0.0344273 0.00902955
 0.490438 0.346495 0.12874 0.0125683 0.0217584
 0.781381 0.108318 0.0750368 0.0278416 0.00742301
 0.738012 0.205801 0.0278624 0.0192696 0.0090552
 0.387054 0.454758 0.124301 0.0168049 0.0170825
 0.469618 0.207718 0.239474 0.0653703 0.0178202
 0.86199 0.0657898 0.0283176 0.0325846 0.0113183
pobs_PELACES
 0 0 0 0 0
 0 0 0 0 0
 0 0 0 0 0
 0 0 0 0 0
 0 0 0 0 0
 0 0 0 0 0
 0 0 0 0 0
 0 0 0 0 0
 0 0 0 0 0
 0 0 0 0 0
 0 0 0 0 0
 0 0 0 0 0
 0 0 0 0 0
 0 0 0 0 0
 0 0 0 0 0
 0 0 0 0 0
 0.505614 0.472636 0.0217494 0 0
 0 0 0 0 0
 0.443492 0.261883 0.143347 0.151278 0
 0.227955 0.32914 0.350689 0.0885471 0.00366901
 0.970185 0.0296113 0.000203453 0 0
 0.997202 0.00247181 0.000326279 0 0
 0.445219 0.490057 0.0546422 0.010081 0
 0.90214 0.0892962 0.00764917 0.000914606 0
 0 0 0 0 0
 0.581667 0.319106 0.0959925 0.00289975 0.000334073
 0.762889 0.0836404 0.116647 0.0363945 0.000428098
 0.88444 0.0763242 0.0277011 0.0115352 0
 0.521256 0.241999 0.230069 0.00667565 0
 0.616807 0.101726 0.260614 0.0208532 0
 0.833518 0.0704572 0.0857862 0.0102388 0
ppred_PELACES
 0.520287 0.118389 0.339153 0.0221703 7.20141e-07
 0.487685 0.267968 0.0603338 0.172722 0.0112908
 0.63749 0.178279 0.0964137 0.0216848 0.0661329
 0.768609 0.148518 0.0407815 0.0220286 0.0200633
 0.711053 0.223212 0.0422147 0.0115745 0.0119455
 0.816341 0.131022 0.0406694 0.00768597 0.00428208
 0.559638 0.361022 0.0566251 0.0175509 0.00516441
 0.534232 0.264261 0.165267 0.0258651 0.0103746
 0.644699 0.190863 0.0933254 0.0583239 0.0127888
 0.795757 0.133004 0.0383013 0.018694 0.0142432
 0.86829 0.105389 0.0171518 0.00493 0.00423912
 0.796435 0.17706 0.0212121 0.00344945 0.00184396
 0.746717 0.202925 0.0438123 0.00523853 0.00130712
 0.709266 0.218907 0.0575701 0.0124033 0.00185286
 0.80063 0.143214 0.042314 0.0110952 0.00274708
 0.956049 0.0354073 0.0061407 0.00181054 0.000592222
 0.426462 0.548869 0.0198793 0.00344244 0.00134687
 0.922174 0.0334859 0.0424353 0.00153536 0.000369878
 0.656726 0.316996 0.0113138 0.0143213 0.000642954
 0.661882 0.223682 0.105688 0.00376668 0.00498165
 0.788498 0.140891 0.0467329 0.022053 0.00182532
 0.789194 0.166803 0.0293233 0.00971596 0.00496413
 0.363375 0.504263 0.104758 0.0183945 0.00920823
 0.78762 0.077725 0.106675 0.0221449 0.00583472
 0.678029 0.25416 0.0248276 0.0340521 0.00893113
 0.493488 0.344516 0.127896 0.0124854 0.0216147
 0.783976 0.10709 0.0741084 0.0274956 0.00733073
 0.740439 0.203934 0.0275852 0.019077 0.00896467
 0.389791 0.452822 0.123672 0.0167192 0.0169953
 0.473955 0.206171 0.237407 0.0648021 0.0176652
 0.864247 0.0647595 0.0278376 0.03203 0.0111257
pobs_pel_tallas
 0 0 0 0 0 0 0 0 0 0 0 0 0 0 0 0 0 0 0 0 0 0 0 0 0 0
 0 0 0 0 0 0 0 0 0 0 0 0 0 0 0 0 0 0 0 0 0 0 0 0 0 0
 0 0 0 0 0 0 0 0 0 0 0 0 0 0 0 0 0 0 0 0 0 0 0 0 0 0
 0 0 0 0 0 0 0 0 0 0 0 0 0 0 0 0 0 0 0 0 0 0 0 0 0 0
 0 0 0 0 0 0 0 0 0 0 0 0 0 0 0 0 0 0 0 0 0 0 0 0 0 0
 0 0 0 0 0 0 0 0 0 0 0 0 0 0 0 0 0 0 0 0 0 0 0 0 0 0
 0 0 0 0 0 0 0 0 0 0 0 0 0 0 0 0 0 0 0 0 0 0 0 0 0 0
 0 0 0 0 0 0 0 0 0 0 0 0 0 0 0 0 0 0 0 0 0 0 0 0 0 0
 0 0 0 0 0 0 0 0 0 0 0 0 0 0 0 0 0 0 0 0 0 0 0 0 0 0
 0 0 0 0 0 0 0 0 0 0 0 0 0 0 0 0 0 0 0 0 0 0 0 0 0 0
 0 0 0 0 0 0 0 0 0 0 0 0 0 0 0 0 0 0 0 0 0 0 0 0 0 0
 0 0 0 0 0 0 0 0 0 0 0 0 0 0 0 0 0 0 0 0 0 0 0 0 0 0
 0.00862536 0 0 0.000197151 0.00414017 0.0128641 0.00837892 0.0270097 0.101434 0.158115 0.152841 0.127902 0.109271 0.109419 0.0830992 0.0579132 0.0238553 0.00714673 0.00463305 0.00128148 0.00103504 0.000492878 0.000147863 0.000147863 4.92878e-05 0
 0 0 0 0 0 0 0 0 0 0 0 0 0 0 0 0 0 0 0 0 0 0 0 0 0 0
 0 0 0 0 0 0 0 0.0054083 0.00873648 0.0413646 0.0450493 0.0745869 0.0622846 0.0627006 0.0613931 0.0827291 0.12552 0.122667 0.0946155 0.0697135 0.0546179 0.0294188 0.0215738 0.0213955 0.0102223 0.00600262
 0 0 0 0 0.00359764 0.0251062 0.0480494 0.140153 0.205849 0.193036 0.1447 0.116669 0.0760912 0.0342217 0.00950174 0.001854 0.000860785 0 0 0 0.000165536 0 0.000143464 0 0 0
 0 0 0 0 0 0 0 0.000145254 0.000435761 0.0275982 0.070085 0.0708112 0.156366 0.174668 0.174014 0.160142 0.0824315 0.0480064 0.0283245 0.00493863 0.00203355 0 0 0 0 0
 0 0 0 0 0 0 0 0 0 0 0 0 0 0 0 0 0 0 0 0 0 0 0 0 0 0
 0 0 1.00437e-05 0.000401748 0.00122533 0.00171747 0.00176769 0.0269171 0.070346 0.194647 0.189555 0.159765 0.064822 0.0314167 0.0384472 0.0292271 0.0345202 0.0313363 0.0194345 0.0106764 0.0143323 0.0359363 0.0279516 0.0138201 0.00172751 0
 0 0.0021121 0.0136068 0.0755702 0.200478 0.177729 0.0527432 0.0373336 0.0318909 0.0142505 0.0149659 0.0166563 0.0217959 0.0798694 0.0677717 0.0528807 0.04013 0.0224614 0.0357745 0.0225083 0.00881397 0.00855152 0.00135912 0.000746735 0 0
 0 0 0 0 5.4009e-05 0.00500934 0.000945158 0.0243581 0.138947 0.33067 0.221406 0.137944 0.0707744 0.0437923 0.0131692 0.00525238 0.0047753 0.00276346 9.45158e-05 9.00151e-06 2.25038e-05 9.00151e-06 4.50075e-06 0 0 0
 0.000866109 0.00284123 0.00948549 0.0512746 0.133035 0.25785 0.225252 0.132002 0.0553304 0.0519788 0.0540692 0.017754 0.00435017 0.00159236 0.00146478 0.000404838 0.000125132 0.000115318 0.000107957 0.000100596 0 0 0 0 0 0
 0 0 0 0 0.00144013 0.00171154 0.00461396 0.0210425 0.0478622 0.0707936 0.0888783 0.103762 0.0637923 0.0337046 0.0602308 0.124433 0.169614 0.0934646 0.0462172 0.0250306 0.0313229 0.00938855 0.002487 0.000210481 0 0
 0 0.00764035 0.051015 0.0998891 0.058973 0.0496711 0.0374665 0.0718981 0.12319 0.153886 0.159021 0.0857701 0.0377988 0.023471 0.0147837 0.00900784 0.00315554 0.000888139 0.00291439 0.00214683 0.00393193 0.00274676 0.000635225 9.99891e-05 0 0
 0 0 0 0 0 0 0 0 0 0 0 0 0 0 0 0 0 0 0 0 0 0 0 0 0 0
 0 0 0 0 0 0 0 0 0 0 0 0 0 0 0 0 0 0 0 0 0 0 0 0 0 0
 0 0 0 0 0 0 0 0 0 0 0 0 0 0 0 0 0 0 0 0 0 0 0 0 0 0
 0 0 0 0 0 0 0 0 0 0 0 0 0 0 0 0 0 0 0 0 0 0 0 0 0 0
 0 0 0 0 0 0 0 0 0 0 0 0 0 0 0 0 0 0 0 0 0 0 0 0 0 0
 0 0 0 0 0 0 0 0 0 0 0 0 0 0 0 0 0 0 0 0 0 0 0 0 0 0
 0 0 0 0 0 0 0 0 0 0 0 0 0 0 0 0 0 0 0 0 0 0 0 0 0 0
ppred_pel_tallas
 1.12042e-16 4.28554e-05 0.000416569 0.00276825 0.0125841 0.0391538 0.0834217 0.121759 0.121771 0.0834802 0.0393515 0.0131616 0.00424205 0.00371373 0.00653825 0.0113487 0.0177553 0.0252588 0.0332683 0.0413367 0.0491127 0.0559759 0.060773 0.0620902 0.0589928 0.0516834
 1.21042e-16 4.017e-05 0.000390467 0.00259479 0.0117956 0.0367005 0.0781953 0.114134 0.11416 0.078322 0.0371263 0.0130267 0.00569071 0.00716806 0.0129715 0.0215465 0.0314505 0.0404955 0.0465563 0.0488539 0.0484849 0.0476323 0.048041 0.0499343 0.0520624 0.0526269
 1.16195e-16 5.25092e-05 0.000510408 0.00339184 0.0154188 0.0479738 0.102214 0.149188 0.149205 0.102299 0.0482584 0.0162426 0.00546612 0.00506045 0.00875917 0.014572 0.0214047 0.0278215 0.0324143 0.0346051 0.0349843 0.0348224 0.0351446 0.0361044 0.0370457 0.0370413
 1.0682e-16 6.33093e-05 0.000615389 0.00408948 0.0185902 0.057841 0.123237 0.179871 0.179885 0.123307 0.0580767 0.0192715 0.00580186 0.00436067 0.00719781 0.0118573 0.0172157 0.021958 0.0248007 0.0251879 0.0236236 0.0213012 0.019327 0.0181457 0.0175117 0.0168628
 1.04458e-16 5.85685e-05 0.000569307 0.00378325 0.0171981 0.0535098 0.114009 0.166404 0.166426 0.114114 0.0538632 0.0182191 0.00634705 0.00616954 0.0107047 0.0176317 0.0254592 0.0321581 0.0357027 0.0351695 0.0312801 0.0258891 0.0208408 0.0170901 0.0145979 0.0128054
 1.02703e-16 6.72409e-05 0.000653606 0.00434344 0.0197447 0.061433 0.13089 0.191041 0.191053 0.130952 0.061641 0.0203457 0.00585395 0.00395686 0.00635779 0.010449 0.0151503 0.0192713 0.0216414 0.0217153 0.0198739 0.0171209 0.0144318 0.0122777 0.0106048 0.00913074
 1.04361e-16 4.60967e-05 0.000448076 0.00297763 0.0135359 0.0421153 0.0897324 0.130974 0.131009 0.0899025 0.0426865 0.0151856 0.00711928 0.00949122 0.0172263 0.0284206 0.0409723 0.0516009 0.0569899 0.0556101 0.0486192 0.039049 0.0299633 0.0230244 0.0183001 0.0149998
 1.09187e-16 4.40041e-05 0.000427735 0.00284245 0.0129214 0.0402034 0.0856585 0.125026 0.125052 0.0857841 0.0406256 0.0141434 0.00591973 0.00717836 0.0129612 0.0216099 0.0317145 0.0411131 0.0475946 0.0500913 0.0491972 0.0465218 0.0434568 0.0404032 0.0369439 0.0325654
 1.10756e-16 5.31031e-05 0.000516181 0.0034302 0.0155932 0.0485164 0.10337 0.150875 0.150894 0.10346 0.0488208 0.0164741 0.00564748 0.00537741 0.00934773 0.0155354 0.0227698 0.0294835 0.0341228 0.0360103 0.0357146 0.0345414 0.0335663 0.0329963 0.0322656 0.0306178
 1.05425e-16 6.55455e-05 0.000637126 0.00423392 0.0192468 0.0598841 0.12759 0.186224 0.186237 0.127653 0.0600952 0.0198571 0.00576777 0.00399208 0.00645687 0.0106235 0.0154241 0.0196721 0.0222118 0.0225349 0.0210775 0.0188926 0.0169618 0.0156903 0.0148853 0.0140869
 1.01734e-16 7.15199e-05 0.000695199 0.00461984 0.0210011 0.0653424 0.139219 0.203197 0.203207 0.139269 0.0655091 0.0214828 0.00582922 0.00333611 0.00508958 0.00830763 0.0119768 0.0150968 0.0167011 0.016349 0.0143834 0.0116914 0.0091634 0.00727383 0.00602464 0.00516341
 1.01316e-16 6.56013e-05 0.000637668 0.00423753 0.0192632 0.0599351 0.127699 0.186384 0.186401 0.127782 0.0602149 0.0200714 0.00626591 0.00506451 0.00846964 0.0138893 0.0199806 0.0250808 0.0275404 0.0265964 0.0228217 0.0177347 0.0128945 0.00918513 0.00670059 0.00508562
 1.02063e-16 6.15061e-05 0.000597861 0.003973 0.0180607 0.0561936 0.119727 0.174749 0.174769 0.119823 0.056515 0.0189892 0.00630471 0.00569153 0.00974553 0.0160403 0.0231613 0.0292498 0.0324459 0.0318775 0.0281554 0.0229204 0.0178272 0.0137707 0.0108025 0.0085478
 1.03275e-16 5.84214e-05 0.000567877 0.00377374 0.0171549 0.0533753 0.113723 0.165986 0.166007 0.113826 0.0537224 0.0181579 0.00629342 0.00607523 0.010538 0.0173817 0.025156 0.0318904 0.0356073 0.035382 0.0318615 0.026765 0.0217925 0.0178102 0.0147932 0.0123016
 1.02836e-16 6.59469e-05 0.000641027 0.00425985 0.0193647 0.0602508 0.128371 0.187364 0.187378 0.128439 0.060478 0.0200215 0.00591029 0.00424991 0.00693738 0.0114104 0.0165385 0.0210243 0.0235871 0.0236322 0.0215805 0.0185365 0.0155739 0.0132111 0.0113871 0.00978686
 1.00469e-16 7.87485e-05 0.000765464 0.00508678 0.0231237 0.0719466 0.15329 0.223732 0.223735 0.153307 0.0720026 0.0232856 0.00549319 0.00165301 0.00176537 0.00279652 0.0040271 0.0050773 0.00561856 0.0055011 0.00483742 0.00392209 0.00305148 0.00238442 0.00192479 0.0015947
 1.01288e-16 3.51273e-05 0.00034145 0.00226905 0.0103148 0.0320935 0.0683806 0.0998146 0.0998674 0.0686386 0.0329595 0.0128148 0.00853959 0.0140146 0.0259574 0.0427378 0.0612811 0.0764705 0.083115 0.0788208 0.0654493 0.0479296 0.0314158 0.0189706 0.0110887 0.00667966
 1.0145e-16 7.59582e-05 0.000738341 0.00490654 0.0223044 0.0693973 0.147858 0.215804 0.215808 0.147874 0.0694515 0.0224616 0.00530392 0.00161504 0.00176785 0.00287225 0.00429213 0.00573286 0.00693671 0.00776391 0.00823399 0.00844093 0.0084237 0.00812 0.00743963 0.00637679
 1.01953e-16 5.40937e-05 0.00052581 0.00349419 0.0158841 0.0494216 0.105299 0.153693 0.153724 0.105448 0.0499218 0.0173283 0.00711678 0.00842598 0.0150347 0.0247094 0.0354496 0.0442891 0.0482502 0.0459761 0.0385619 0.028856 0.0198048 0.0131104 0.00896677 0.00665422
 1.04328e-16 5.45184e-05 0.000529938 0.00352163 0.0160088 0.0498095 0.106125 0.154897 0.154919 0.106231 0.0501656 0.0170387 0.0061123 0.00620325 0.0108813 0.0180379 0.0262919 0.0337101 0.0383296 0.0391969 0.0368561 0.0328333 0.0285789 0.0247437 0.021226 0.0176977
 1.03906e-16 6.49475e-05 0.000631313 0.0041953 0.0190712 0.0593377 0.126426 0.184525 0.184539 0.126492 0.0595615 0.0197182 0.00582178 0.0041899 0.00684691 0.0112789 0.016389 0.020924 0.0236508 0.024006 0.022408 0.0199168 0.0175264 0.0156585 0.0141613 0.0126594
 1.02704e-16 6.50049e-05 0.000631871 0.004199 0.0190881 0.0593902 0.126538 0.184689 0.184705 0.126616 0.0596542 0.0198507 0.00611398 0.00481419 0.00801367 0.0131605 0.0189884 0.0239571 0.0265438 0.0260513 0.023016 0.0188277 0.0148768 0.0118962 0.00988001 0.00843397
 1.06556e-16 2.99308e-05 0.000290939 0.00193339 0.00878894 0.0273459 0.0582652 0.0850499 0.0850986 0.058503 0.0281444 0.011096 0.007727 0.0129469 0.0240908 0.0398443 0.0575453 0.0726793 0.0806458 0.0793026 0.0702011 0.0574503 0.0451756 0.0355765 0.0287134 0.023555
 1.06307e-16 6.48752e-05 0.00063061 0.00419063 0.01905 0.0592716 0.126285 0.184318 0.184326 0.126322 0.0593978 0.0194164 0.00511791 0.00268 0.00403087 0.00675445 0.0101762 0.0137459 0.0169269 0.0194465 0.0213735 0.0228954 0.024001 0.0243801 0.0236296 0.0215694
 1.05708e-16 5.58484e-05 0.000542866 0.00360754 0.0163994 0.0510246 0.108714 0.158677 0.158701 0.108834 0.0514264 0.0175598 0.00652022 0.00690097 0.0121308 0.0199675 0.0287674 0.0362091 0.0399838 0.0390717 0.0343718 0.0281054 0.0224731 0.0185969 0.0163665 0.0149919
 1.08689e-16 4.0648e-05 0.000395113 0.00262567 0.0119359 0.0371373 0.0791261 0.115494 0.115527 0.079289 0.0376847 0.0135187 0.00660479 0.00910184 0.0166358 0.0275936 0.0401096 0.0512011 0.0578321 0.0585777 0.0544034 0.0478614 0.0413981 0.0361401 0.031882 0.0278843
 1.06165e-16 6.45751e-05 0.000627693 0.00417124 0.0189619 0.0589974 0.125701 0.183466 0.183476 0.125752 0.0591689 0.0194584 0.00542258 0.00337598 0.00533314 0.00884389 0.013039 0.0170436 0.0200065 0.0215382 0.0218984 0.0217105 0.0214476 0.0211272 0.0204129 0.0189562
 1.04279e-16 6.09891e-05 0.000592835 0.0039396 0.0179089 0.0557212 0.118721 0.17328 0.1733 0.118817 0.0560438 0.0188406 0.00627875 0.00570026 0.00976432 0.0160559 0.0231498 0.0291756 0.0322784 0.0316273 0.0279164 0.0228925 0.0182914 0.0150087 0.0129863 0.0116486
 1.08238e-16 3.21067e-05 0.000312088 0.00207394 0.00942785 0.0293338 0.0625003 0.0912302 0.0912739 0.0627141 0.0300518 0.011503 0.00728756 0.0117087 0.0217213 0.0359761 0.0520956 0.066085 0.0738711 0.0735526 0.0664751 0.0561957 0.0462226 0.03833 0.0324363 0.0275891
 1.16392e-16 3.90391e-05 0.000379474 0.00252174 0.0114635 0.0356672 0.0759935 0.110919 0.110939 0.0760924 0.0360004 0.0124304 0.00496588 0.00577121 0.0104443 0.017639 0.0264257 0.0353791 0.0430322 0.048676 0.052616 0.055583 0.0578322 0.0587672 0.0573786 0.053044
 1.05915e-16 7.11869e-05 0.000691962 0.00459833 0.0209034 0.0650381 0.138571 0.202249 0.202256 0.138602 0.0651414 0.0212022 0.00535079 0.00234209 0.00322777 0.00528494 0.00775608 0.0100833 0.0117646 0.0126113 0.0128621 0.0129926 0.0133616 0.0139731 0.0145092 0.0145562
pSPR Fmed_Fpbrs
0.607902   0.226231 0.226231
Fs Fmed_Fpbrs
0.282705   1.005 1.005
SSBpbr Bo_Bmed_Bpbrs
1.79863e+06  1.00346e+06  316975 316975
Ro
161961
SPR SPRFo_SPRFmed_SPRFpbrs
1.15602e+06 702744 261527
Fref
1.005
Nvult_r0
 202178 16255.1 7022.1 8081.78 2807.26
CTP_r0
 29191.3 2980.29 1306.01 1504.24 522.528
YTP_r0
391291
Np
 228093 39973.7 12503.5 912.007 444.112
Nvult_p0
 188120 34490.6 10818.1 789.189 384.308
CTP_p0
 80100 39059.5 2932.84 1260.63 1874.99
 80100 17128.5 5419.89 395.569 192.633
YTP_p0
 1.3803e+06 1.01185e+06
CBA_c0
1.26977e+06
log_Ro
11.8151
likeval ReclasPelacesDesembMPH_pf_preclas_ppelaces_ptallas_desvR_qrecl_qpela
 12.2332 18.7425 0.0346217 0.000833005 240.14 118.069 98.682 0 26.1941 4.05235e-08 0 0.175934 0 0 0
q_reclas_q_pelaces
0.971877 1
M
1
N
 183110 42999.4 123458 8071.4 0.262178
 103149 60053.1 13577 38876.4 2541.36
 103811 30728.6 16685.6 3753.63 11447.7
 146347 31043.8 8581.19 4636.89 4223.28
 118061 38313.3 7263.12 1991.67 2055.51
 225190 38477.8 11997 2267.81 1263.48
 88584.1 65935 10447.7 3240.01 953.411
 38170.2 19342.1 12117.3 1896.59 760.734
 39580.5 12859.5 6329.68 3957.15 867.708
 54994.2 10374 3013.29 1471.4 1121.1
 104454 13014.4 2122 609.997 524.516
 141042 34928.5 4216.81 686.008 366.724
 116506 35008.8 7612.86 910.601 227.218
 81102.6 29710 7909.39 1705.16 254.735
 79211.7 15973.2 4759.93 1248.68 309.17
 464801 18823.7 3285.46 969.027 316.971
 90689.6 123426 4488.14 777.364 304.15
 708174 27214.7 34627.6 1253.14 301.893
 405524 211882 7605.06 9629.6 432.326
 307712 111753 53073.9 1892.06 2502.39
 461096 87067 28993.5 13684.8 1132.7
 611937 138696 24504 8121.3 4149.43
 120675 174497 36357.4 6384.99 3196.33
 373202 38209.3 52579 10916.5 2876.28
 308662 120054 11758.4 16129.3 4230.41
 137964 99249 36923.4 3604.92 6240.89
 320962 45496 31567.4 11713.7 3123.08
 363077 103167 13986 9673.41 4545.76
 99739.2 119212 32624.5 4410.97 4483.84
 72914.8 33076.1 38201.4 10429 2843.01
 293333 23021.1 9928.56 11425.8 3968.82
pred_Ctot
 12677.8 3900.04 11383.3 744.864 0.0241961
 12617 9504.8 2182.61 6254.87 408.9
 12487.9 4785.37 2639.32 594.241 1812.38
 27422.7 7409.44 2078 1123.72 1023.53
 8597.82 3652.14 703.782 193.157 199.358
 29597.8 6529.77 2067.56 391.155 217.936
 23738 22048.8 3539.67 1098.47 323.251
 2046.5 1363.35 868.477 136.054 54.5748
 7394.83 3060.67 1528.5 956.311 209.704
 12850.9 3052.08 898.725 439.168 334.628
 6057.52 991.239 164.332 47.281 40.6572
 29939.5 9385.67 1149.13 187.085 100.015
 23277.3 8881.92 1959.17 234.521 58.5212
 25044.9 11325.5 3052.45 658.5 98.3769
 18364.6 4664.65 1409.23 369.953 91.6029
 83922.1 4336.4 767.998 226.692 74.1544
 10741.1 18932.7 699.304 121.223 47.4315
 84997.5 4228.84 5465.4 197.952 47.6904
 65845.5 44091.1 1606.32 2035.54 91.3906
 45875.1 21420.7 10328.2 368.492 487.379
 54028.7 13216.9 4470.74 2111.92 174.812
 88805.4 25903.2 4646.49 1541.22 787.491
 10757.6 20284.9 4295.17 754.952 377.946
 29949 4006.68 5603.92 1164.5 306.836
 24845.6 12626.9 1256.98 1725.74 452.646
 9116.16 8597.22 3251.6 317.74 550.102
 25899.8 4796.78 3382.8 1256.34 334.978
 24899.5 9269.84 1277.53 884.374 415.607
 6266.07 9825.53 2733.81 369.947 376.077
 6616.26 3912.35 4591.91 1254.67 342.044
 29191.3 2980.29 1306.01 1504.24 522.528
F
 0.114857 0.152809 0.155513 0.155658 0.155666
 0.210975 0.280686 0.285654 0.28592 0.285934
 0.207169 0.275622 0.2805 0.280762 0.280776
 0.340185 0.452589 0.460599 0.461029 0.461051
 0.121121 0.161142 0.163994 0.164146 0.164155
 0.228277 0.303705 0.30908 0.309368 0.309383
 0.521668 0.694039 0.706322 0.706981 0.707015
 0.0879682 0.117035 0.119106 0.119217 0.119223
 0.339031 0.451055 0.459037 0.459465 0.459488
 0.441172 0.586944 0.597332 0.597889 0.597919
 0.0954423 0.126978 0.129226 0.129346 0.129353
 0.393457 0.523463 0.532728 0.533225 0.533251
 0.366462 0.487549 0.496178 0.49664 0.496665
 0.624804 0.831252 0.845964 0.846753 0.846794
 0.437008 0.581405 0.591695 0.592247 0.592276
 0.32597 0.433678 0.441353 0.441765 0.441786
 0.203686 0.270989 0.275785 0.276042 0.276055
 0.206659 0.274943 0.279809 0.28007 0.280084
 0.28889 0.384345 0.391148 0.391512 0.391531
 0.262488 0.34922 0.3554 0.355732 0.355749
 0.201321 0.267841 0.272582 0.272836 0.272849
 0.254723 0.338889 0.344887 0.345209 0.345225
 0.15002 0.19959 0.203122 0.203312 0.203322
 0.13418 0.178516 0.181676 0.181845 0.181854
 0.134615 0.179095 0.182265 0.182435 0.182444
 0.109369 0.145507 0.148083 0.148221 0.148228
 0.134969 0.179566 0.182744 0.182914 0.182923
 0.113714 0.151288 0.153965 0.154109 0.154116
 0.103748 0.138029 0.140471 0.140602 0.140609
 0.15288 0.203395 0.206995 0.207188 0.207198
 0.168748 0.224507 0.22848 0.228693 0.228704
YTP_r0W_actual
 242288 42022.1 36045.9 51444.9 19490.3
YTP_p0W_proyectada
 599949 612063 67836.5 37024.7 63430.9
 599949 268404 125362 11617.8 6516.76
CTP_r0_actual
 29191.3 2980.29 1306.01 1504.24 522.528
CTP_p0_proyectada
 80100 39059.5 2932.84 1260.63 1874.99
 80100 17128.5 5419.89 395.569 192.633
Wmedp
 7.49 15.67 23.13 29.37 33.83
Frms_r0
 0.168748 0.224507 0.22848 0.228693 0.228704
Zrms_r0
 1.16875 1.22451 1.22848 1.22869 1.2287
nmprior
 8.19 8.8 8.5 0
nm_flota  nm_reclas  nm_pelaces    nm_pelaL
inf 13.2483 17.1642 40.2726
cv_recla  cv_pelaces  cv_mph
0.31637 0.490892 0.890695
 ------------------------------------------------
Talla a la edad & desviaci?n 
 8 13.2811 15.8009 17.003 17.5766
 0.8 1.32811 1.58009 1.7003 1.75766
