years
 1991 1992 1993 1994 1995 1996 1997 1998 1999 2000 2001 2002 2003 2004 2005 2006 2007 2008 2009 2010 2011 2012 2013 2014 2015 2016 2017 2018 2019 2020 2021
reclasobs
 0 0 0 0 0 0 0 0 0 252601 567819 844713 477998 351125 339783 2.1784e+06 2.13404e+06 4.81314e+06 1.55562e+06 2.62356e+06 3.21686e+06 3.843e+06 1.13348e+06 3.07943e+06 1.97215e+06 2.03268e+06 2.025e+06 2.42433e+06 2.27542e+06 1.05018e+06 2.36338e+06
reclaspred
 3.52116e+06 2.0333e+06 1.04356e+06 1.20059e+06 1.30566e+06 1.97984e+06 1.41346e+06 1.27448e+06 911017 656770 596661 694668 689433 574233 577420 1.18262e+06 1.24307e+06 2.48195e+06 2.07911e+06 1.57738e+06 2.7971e+06 2.28622e+06 1.90335e+06 2.92579e+06 2.20843e+06 1.9693e+06 2.25424e+06 2.29508e+06 1.93613e+06 1.3133e+06 1.99463e+06
pelacesobs
 0 0 0 0 0 0 0 0 0 0 0 0 0 0 0 552880 188675 0 991730 2.46772e+06 1.41603e+06 1.21717e+06 2.29649e+06 1.80582e+06 0 1.4828e+06 1.56532e+06 1.57751e+06 1.42118e+06 867257 1.10002e+06
pelacespred
 2.77209e+06 1.80365e+06 942271 794280 906421 1.36366e+06 1.07292e+06 1.04444e+06 772746 536250 469484 460910 493039 437345 430864 695518 817996 1.64464e+06 1.57946e+06 1.14325e+06 1.79405e+06 1.69687e+06 1.44751e+06 2.17822e+06 1.76854e+06 1.54709e+06 1.86261e+06 1.88466e+06 1.46714e+06 1.10442e+06 1.46996e+06
mphobs
 0 0 0 0 0 0 0 0 0 0 0 498337 0 5186 125008 0 168611 109162 213762 579715 649985 157893 87575 83554 0 0 0 0 0 0 0
mphpred
 5.31032e+06 3.59122e+06 1.86329e+06 1.02325e+06 1.36345e+06 1.61416e+06 2.1223e+06 1.53928e+06 1.30074e+06 913591 595312 690857 721480 636882 480775 577912 1.37431e+06 1.44346e+06 2.46074e+06 1.93996e+06 2.09516e+06 2.57429e+06 2.46828e+06 2.12409e+06 2.93994e+06 2.41714e+06 2.01576e+06 2.07021e+06 2.74691e+06 1.96036e+06 1.33852e+06
desembarqueobs
 494567 514787 250237 358949 120608 361735 552515 73892 212993 205616 52469 317467 293654 387597 252695 516296 358380 742168 942051 627588 828172 859565 418607 520667 417249 300574 415391 372974 316634 284311 391294
desembarquepred
 494572 512816 251358 358961 120610 361746 552570 73894.1 213028 205652 52470.7 317535 293713 387674 252709 516314 358411 742126 942009 627552 828269 859660 418631 520695 417262 300585 415405 372977 316642 284329 391302
Reclutas
 266909 156898 153371 371310 298561 450155 190221 92885.4 77617.8 94950.7 159948 198718 170280 120896 124345 556143 159953 846188 526570 394203 598727 808587 189720 538152 440865 208417 436444 474829 160710 124574 452507
log_desv_Rt
 0.0417222 -0.489592 -0.512324 0.371851 0.153791 0.564407 -0.296998 -1.01382 -1.19339 -0.991827 -0.470338 -0.253298 -0.407742 -0.750251 -0.722123 0.775841 -0.470303 1.19556 0.7212 0.431681 0.84962 1.1501 -0.299633 0.742956 0.543554 -0.205643 0.533475 0.617769 -0.465583 -0.720285 0.569618
SSB
 5.31032e+06 3.59122e+06 1.86329e+06 1.02325e+06 1.36345e+06 1.61416e+06 2.1223e+06 1.53928e+06 1.30074e+06 913591 595312 690857 721480 636882 480775 577912 1.37431e+06 1.44346e+06 2.46074e+06 1.93996e+06 2.09516e+06 2.57429e+06 2.46828e+06 2.12409e+06 2.93994e+06 2.41714e+06 2.01576e+06 2.07021e+06 2.74691e+06 1.96036e+06 1.33852e+06
BT
 6.95252e+06 4.76643e+06 2.48026e+06 2.386e+06 2.36027e+06 3.90777e+06 3.07479e+06 2.67992e+06 2.1185e+06 1.53057e+06 1.26427e+06 1.46168e+06 1.5447e+06 1.55664e+06 1.42099e+06 2.37542e+06 2.31188e+06 5.21212e+06 4.95889e+06 3.42595e+06 5.46141e+06 5.14983e+06 3.92309e+06 6.40985e+06 4.74533e+06 4.12734e+06 5.41857e+06 5.41118e+06 3.75398e+06 2.95695e+06 4.40603e+06
Ftot
 0.0799409 0.142358 0.13649 0.17524 0.0538209 0.107454 0.221095 0.0335702 0.134542 0.179193 0.0521105 0.263611 0.245653 0.385955 0.256953 0.260016 0.165629 0.177632 0.260447 0.229203 0.172886 0.218353 0.125953 0.105692 0.109274 0.0881634 0.108932 0.0965719 0.0929893 0.123818 0.117177
BD_Bspro_t
 0.987291 0.903651 0.796654 0.733594 0.757519 0.814336 0.810232 0.717566 0.755154 0.726794 0.697815 0.796292 0.697728 0.625093 0.541403 0.585078 0.68068 0.679129 0.733013 0.654374 0.629562 0.673052 0.688312 0.690961 0.778516 0.784697 0.792596 0.814731 0.842708 0.797478 0.75778
BD_Bspro
 2.902 1.96254 1.01825 0.55919 0.745104 0.882113 1.1598 0.84119 0.710834 0.499262 0.325328 0.377542 0.394277 0.348045 0.262735 0.315819 0.751036 0.788827 1.34475 1.06016 1.14497 1.40681 1.34887 1.16078 1.60663 1.32093 1.10158 1.13133 1.50114 1.0713 0.731477
BD_Bo
 2.05996 1.39309 0.722798 0.396936 0.528905 0.626159 0.823272 0.59711 0.504579 0.354396 0.230931 0.267994 0.279874 0.247056 0.1865 0.224181 0.533116 0.559941 0.954558 0.752542 0.812745 0.998608 0.957483 0.823967 1.14045 0.937648 0.781946 0.803065 1.06557 0.760455 0.519232
BD_Brms
 14.6686 9.91996 5.14692 2.82651 3.76624 4.45877 5.86238 4.25192 3.59302 2.5236 1.64442 1.90834 1.99293 1.75925 1.32804 1.59636 3.79623 3.98724 6.79725 5.35872 5.78742 7.11092 6.81808 5.86733 8.12095 6.67683 5.5681 5.71849 7.58773 5.41507 3.69736
Sel_flota
 0.903179 1 1 1 1
 0.903179 1 1 1 1
 0.903179 1 1 1 1
 0.903179 1 1 1 1
 0.903179 1 1 1 1
 0.903179 1 1 1 1
 0.903179 1 1 1 1
 0.903179 1 1 1 1
 0.903179 1 1 1 1
 0.903179 1 1 1 1
 0.903179 1 1 1 1
 0.903179 1 1 1 1
 0.903179 1 1 1 1
 0.903179 1 1 1 1
 0.903179 1 1 1 1
 0.903179 1 1 1 1
 0.903179 1 1 1 1
 0.903179 1 1 1 1
 0.903179 1 1 1 1
 0.903179 1 1 1 1
 0.903179 1 1 1 1
 0.903179 1 1 1 1
 0.903179 1 1 1 1
 0.903179 1 1 1 1
 0.903179 1 1 1 1
 0.903179 1 1 1 1
 0.903179 1 1 1 1
 0.903179 1 1 1 1
 0.903179 1 1 1 1
 0.903179 1 1 1 1
 0.903179 1 1 1 1
Sel_reclas
 1 1 1 1 1
 1 1 1 1 1
 1 1 1 1 1
 1 1 1 1 1
 1 1 1 1 1
 1 1 1 1 1
 1 1 1 1 1
 1 1 1 1 1
 1 1 1 1 1
 1 1 1 1 1
 1 1 1 1 1
 1 1 1 1 1
 1 1 1 1 1
 1 1 1 1 1
 1 1 1 1 1
 1 1 1 1 1
 1 1 1 1 1
 1 1 1 1 1
 1 1 1 1 1
 1 1 1 1 1
 1 1 1 1 1
 1 1 1 1 1
 1 1 1 1 1
 1 1 1 1 1
 1 1 1 1 1
 1 1 1 1 1
 1 1 1 1 1
 1 1 1 1 1
 1 1 1 1 1
 1 1 1 1 1
 1 1 1 1 1
Sel_pelaces
 0.746775 1 1 1 1
 0.746775 1 1 1 1
 0.746775 1 1 1 1
 0.746775 1 1 1 1
 0.746775 1 1 1 1
 0.746775 1 1 1 1
 0.746775 1 1 1 1
 0.746775 1 1 1 1
 0.746775 1 1 1 1
 0.746775 1 1 1 1
 0.746775 1 1 1 1
 0.746775 1 1 1 1
 0.746775 1 1 1 1
 0.746775 1 1 1 1
 0.746775 1 1 1 1
 0.746775 1 1 1 1
 0.746775 1 1 1 1
 0.746775 1 1 1 1
 0.746775 1 1 1 1
 0.746775 1 1 1 1
 0.746775 1 1 1 1
 0.746775 1 1 1 1
 0.746775 1 1 1 1
 0.746775 1 1 1 1
 0.746775 1 1 1 1
 0.746775 1 1 1 1
 0.746775 1 1 1 1
 0.746775 1 1 1 1
 0.746775 1 1 1 1
 0.746775 1 1 1 1
 0.746775 1 1 1 1
pf_obs 
 0.8446 0.082 0.0669 0.0065 0
 0.8095 0.147 0.0364 0.0071 0
 0.9664 0.0169 0.016 0.0007 0
 0.9276 0.0648 0.0075 0.0001 0
 0.7033 0.2144 0.0806 0.0017 0
 0.9318 0.0425 0.0243 0.0014 0
 0.5671 0.3108 0.0964 0.0239 0.0018
 0.0768 0.2599 0.5324 0.112 0.0189
 0.490249 0.384438 0.106611 0.0170017 0.00170017
 0.7925 0.1577 0.0466 0.003 0.0002
 0.840416 0.127587 0.0312969 0.00059994 9.999e-05
 0.8084 0.0986 0.0794 0.0134 0.0002
 0.7335 0.1905 0.0724 0.0035 0.0001
 0.4001 0.4547 0.1325 0.0127 0
 0.49795 0.308269 0.164784 0.0264974 0.00249975
 0.9179 0.0499 0.0305 0.0017 0
 0.2467 0.6533 0.0926 0.0074 0
 0.9418 0.0223 0.034 0.0019 0
 0.707729 0.231977 0.0356964 0.0245975 0
 0.517169 0.277429 0.184464 0.0207286 0.00020938
 0.811772 0.124168 0.05621 0.00726502 0.000585176
 0.764997 0.148141 0.077277 0.00933861 0.000247198
 0.163321 0.427699 0.378323 0.0303852 0.000271297
 0.753843 0.0900009 0.118128 0.0371064 0.000921714
 0.721811 0.176058 0.0630433 0.0369309 0.00215725
 0.143369 0.312575 0.442814 0.0836902 0.0175525
 0.692698 0.0596174 0.167031 0.0765114 0.00414204
 0.394062 0.376323 0.152708 0.0712218 0.00568511
 0.125707 0.32114 0.495352 0.0537591 0.00404204
 0.23352 0.215282 0.420074 0.123614 0.00750983
 0.774587 0.0839891 0.0768558 0.0609784 0.00358967
pf_pred 
 0.429454 0.101423 0.446729 0.0223935 7.36428e-07
 0.415501 0.266352 0.0565553 0.249104 0.0124874
 0.548335 0.199835 0.114757 0.0243667 0.112706
 0.795705 0.117536 0.0383857 0.0220434 0.02633
 0.653369 0.281915 0.0372327 0.0121597 0.0153236
 0.725352 0.185861 0.0722099 0.00953681 0.00703961
 0.462526 0.401134 0.0922652 0.0358464 0.00822885
 0.41856 0.285555 0.220828 0.0507928 0.0242638
 0.485578 0.228402 0.140469 0.108629 0.0369216
 0.636614 0.186401 0.0785806 0.0483278 0.0500759
 0.763383 0.156675 0.0410071 0.0172872 0.0216482
 0.716317 0.22178 0.0409891 0.0107282 0.0101862
 0.665868 0.247096 0.0680435 0.0125757 0.00641671
 0.604137 0.273615 0.0904045 0.024895 0.00694873
 0.696006 0.192588 0.0770017 0.0254419 0.00896157
 0.909696 0.0650314 0.016011 0.00640161 0.00286017
 0.45233 0.503229 0.0320031 0.0078793 0.00455788
 0.879392 0.0578962 0.0576228 0.00366455 0.00142413
 0.617426 0.34079 0.0200577 0.019963 0.00176294
 0.601984 0.256584 0.125985 0.00741506 0.00803178
 0.743954 0.161109 0.0612019 0.0300507 0.00368447
 0.749316 0.191689 0.037121 0.0141015 0.00777289
 0.35195 0.499129 0.113874 0.022052 0.0129946
 0.747201 0.0953567 0.121262 0.0276654 0.00851449
 0.630259 0.283602 0.0324919 0.0413189 0.012328
 0.457146 0.355608 0.143623 0.0164547 0.0271681
 0.730088 0.130573 0.091277 0.0368649 0.011197
 0.689574 0.233082 0.037416 0.0261556 0.0137723
 0.39321 0.432079 0.131181 0.0210581 0.0224719
 0.465696 0.223896 0.221033 0.0671065 0.0222681
 0.831604 0.0829979 0.0357855 0.0353278 0.0142848
pobs_RECLAS
 0 0 0 0 0
 0 0 0 0 0
 0 0 0 0 0
 0 0 0 0 0
 0 0 0 0 0
 0 0 0 0 0
 0 0 0 0 0
 0 0 0 0 0
 0 0 0 0 0
 0 0 0 0 0
 0.991045 0.00858322 0.000360255 1.14367e-05 0
 0.934742 0.0480273 0.0164251 0.00080598 0
 0.827803 0.169806 0.00239088 0 0
 0.941827 0.0461693 0.0120037 0 0
 0.791401 0.0380133 0.147996 0.0225897 0
 0.846168 0.0940531 0.0597789 0 0
 0.134021 0.677848 0.182769 0.00536245 0
 0.80878 0.0450904 0.141981 0.00414843 0
 0.846168 0.0940531 0.0597789 0 0
 0.905697 0.0802665 0.012482 0.00150086 5.37128e-05
 0.989698 0.0102097 9.19794e-05 0 0
 0.975433 0.0193895 0.00387452 0.00125025 5.28907e-05
 0.303575 0.632131 0.0575291 0.00676475 0
 0.966965 0.00978017 0.0227588 0.000495775 0
 0.843318 0.132988 0.00938335 0.0141283 0.000182051
 0.564624 0.303363 0.111486 0.0197234 0.00080311
 0.826376 0.0876187 0.0782897 0.00655872 0.00115652
 0.89761 0.0855135 0.0140674 0.00269457 0.000114338
 0.34875 0.467042 0.161289 0.0227151 0.000203297
 0.318654 0.224769 0.449479 0.00709798 0
 0.937255 0.0296025 0.0250945 0.00804832 0
ppred_RECLAS
 0.454733 0.0969292 0.426936 0.0214013 7.03799e-07
 0.440741 0.254851 0.0541132 0.238347 0.0119482
 0.573709 0.188608 0.10831 0.0229979 0.106375
 0.812008 0.108156 0.0353225 0.0202843 0.0242288
 0.676156 0.263382 0.0347851 0.0113604 0.0143163
 0.745345 0.172332 0.0669533 0.00884258 0.00652716
 0.488443 0.381791 0.0878161 0.0341178 0.00783205
 0.443597 0.273259 0.211319 0.0486057 0.023219
 0.51133 0.216968 0.133437 0.103191 0.0350733
 0.660201 0.174303 0.0734802 0.045191 0.0468256
 0.781356 0.144774 0.0378923 0.0159741 0.0200038
 0.73705 0.205571 0.0379933 0.00994416 0.00944177
 0.688642 0.230254 0.0634059 0.0117186 0.00597937
 0.629179 0.256306 0.0846855 0.0233201 0.00650915
 0.717623 0.178894 0.0715261 0.0236328 0.00832431
 0.917912 0.0591145 0.0145542 0.00581915 0.00259993
 0.478036 0.479609 0.030501 0.00750947 0.00434395
 0.889943 0.0528314 0.0525819 0.00334397 0.00129955
 0.641764 0.31911 0.0187817 0.0186931 0.00165079
 0.626626 0.240698 0.118185 0.00695597 0.0075345
 0.763153 0.149029 0.0566128 0.0277974 0.00340819
 0.768325 0.177153 0.0343061 0.0130322 0.00718347
 0.375773 0.480781 0.109688 0.0212414 0.0125169
 0.766114 0.0882229 0.11219 0.0255957 0.0078775
 0.653875 0.265488 0.0304166 0.0386798 0.0115406
 0.482696 0.338871 0.136863 0.0156803 0.0258894
 0.749858 0.121009 0.0845914 0.0341648 0.0103769
 0.711114 0.216909 0.0348198 0.0243408 0.0128167
 0.417948 0.414464 0.125833 0.0201996 0.0215557
 0.491375 0.213136 0.21041 0.0638814 0.0211978
 0.845522 0.0761381 0.0328278 0.032408 0.0131042
pobs_PELACES
 0 0 0 0 0
 0 0 0 0 0
 0 0 0 0 0
 0 0 0 0 0
 0 0 0 0 0
 0 0 0 0 0
 0 0 0 0 0
 0 0 0 0 0
 0 0 0 0 0
 0 0 0 0 0
 0 0 0 0 0
 0 0 0 0 0
 0 0 0 0 0
 0 0 0 0 0
 0 0 0 0 0
 0 0 0 0 0
 0.505614 0.472636 0.0217494 0 0
 0 0 0 0 0
 0.443492 0.261883 0.143347 0.151278 0
 0.227955 0.32914 0.350689 0.0885471 0.00366901
 0.970185 0.0296113 0.000203453 0 0
 0.997202 0.00247181 0.000326279 0 0
 0.445219 0.490057 0.0546422 0.010081 0
 0.90214 0.0892962 0.00764917 0.000914606 0
 0 0 0 0 0
 0.581667 0.319106 0.0959925 0.00289975 0.000334073
 0.762889 0.0836404 0.116647 0.0363945 0.000428098
 0.88444 0.0763242 0.0277011 0.0115352 0
 0.521256 0.241999 0.230069 0.00667565 0
 0.616807 0.101726 0.260614 0.0208532 0
 0.833518 0.0704572 0.0857862 0.0102388 0
ppred_PELACES
 0.384379 0.109436 0.482022 0.0241626 7.94608e-07
 0.371544 0.286383 0.0608085 0.267838 0.0134266
 0.502342 0.220184 0.126443 0.026848 0.124183
 0.764358 0.135571 0.0442757 0.0254258 0.0303701
 0.609662 0.317462 0.0419274 0.013693 0.0172558
 0.686839 0.211925 0.0823358 0.0108741 0.00802676
 0.417957 0.434397 0.0999159 0.0388188 0.0089112
 0.373438 0.307716 0.237965 0.0547346 0.0261468
 0.439704 0.24877 0.152996 0.118316 0.0402141
 0.593372 0.208583 0.0879316 0.0540787 0.0560349
 0.727754 0.180266 0.0471818 0.0198903 0.0249079
 0.678552 0.251304 0.0464457 0.0121564 0.0115423
 0.624721 0.277525 0.0764229 0.0141244 0.00720692
 0.56194 0.302781 0.100041 0.0275487 0.00768943
 0.656767 0.217448 0.0869409 0.028726 0.0101183
 0.893845 0.0764463 0.0188214 0.00752528 0.00336221
 0.407427 0.544489 0.034627 0.00852532 0.00493158
 0.858616 0.0678695 0.067549 0.00429581 0.00166946
 0.574286 0.379219 0.0223195 0.0222141 0.00196173
 0.558013 0.28493 0.139903 0.00823423 0.00891908
 0.707563 0.184007 0.0699003 0.0343217 0.00420813
 0.71379 0.218854 0.0423816 0.0160999 0.00887442
 0.31099 0.530677 0.121072 0.0234458 0.013816
 0.710514 0.109195 0.13886 0.0316804 0.00975016
 0.58604 0.31752 0.0363778 0.0462605 0.0138023
 0.411342 0.385613 0.155741 0.0178431 0.0294604
 0.69197 0.149013 0.104168 0.0420712 0.0127783
 0.648373 0.264018 0.0423821 0.0296272 0.0156002
 0.349731 0.463039 0.140581 0.0225671 0.0240821
 0.420057 0.243021 0.239913 0.0728386 0.0241701
 0.804027 0.09659 0.0416459 0.0411132 0.0166241
pobs_pel_tallas
 0 0 0 0 0 0 0 0 0 0 0 0 0 0 0 0 0 0 0 0 0 0 0 0 0 0
 0 0 0 0 0 0 0 0 0 0 0 0 0 0 0 0 0 0 0 0 0 0 0 0 0 0
 0 0 0 0 0 0 0 0 0 0 0 0 0 0 0 0 0 0 0 0 0 0 0 0 0 0
 0 0 0 0 0 0 0 0 0 0 0 0 0 0 0 0 0 0 0 0 0 0 0 0 0 0
 0 0 0 0 0 0 0 0 0 0 0 0 0 0 0 0 0 0 0 0 0 0 0 0 0 0
 0 0 0 0 0 0 0 0 0 0 0 0 0 0 0 0 0 0 0 0 0 0 0 0 0 0
 0 0 0 0 0 0 0 0 0 0 0 0 0 0 0 0 0 0 0 0 0 0 0 0 0 0
 0 0 0 0 0 0 0 0 0 0 0 0 0 0 0 0 0 0 0 0 0 0 0 0 0 0
 0 0 0 0 0 0 0 0 0 0 0 0 0 0 0 0 0 0 0 0 0 0 0 0 0 0
 0 0 0 0 0 0 0 0 0 0 0 0 0 0 0 0 0 0 0 0 0 0 0 0 0 0
 0 0 0 0 0 0 0 0 0 0 0 0 0 0 0 0 0 0 0 0 0 0 0 0 0 0
 0 0 0 0 0 0 0 0 0 0 0 0 0 0 0 0 0 0 0 0 0 0 0 0 0 0
 0.00862536 0 0 0.000197151 0.00414017 0.0128641 0.00837892 0.0270097 0.101434 0.158115 0.152841 0.127902 0.109271 0.109419 0.0830992 0.0579132 0.0238553 0.00714673 0.00463305 0.00128148 0.00103504 0.000492878 0.000147863 0.000147863 4.92878e-05 0
 0 0 0 0 0 0 0 0 0 0 0 0 0 0 0 0 0 0 0 0 0 0 0 0 0 0
 0 0 0 0 0 0 0 0.0054083 0.00873648 0.0413646 0.0450493 0.0745869 0.0622846 0.0627006 0.0613931 0.0827291 0.12552 0.122667 0.0946155 0.0697135 0.0546179 0.0294188 0.0215738 0.0213955 0.0102223 0.00600262
 0 0 0 0 0.00359764 0.0251062 0.0480494 0.140153 0.205849 0.193036 0.1447 0.116669 0.0760912 0.0342217 0.00950174 0.001854 0.000860785 0 0 0 0.000165536 0 0.000143464 0 0 0
 0 0 0 0 0 0 0 0.000145254 0.000435761 0.0275982 0.070085 0.0708112 0.156366 0.174668 0.174014 0.160142 0.0824315 0.0480064 0.0283245 0.00493863 0.00203355 0 0 0 0 0
 0 0 0 0 0 0 0 0 0 0 0 0 0 0 0 0 0 0 0 0 0 0 0 0 0 0
 0 0 1.00437e-05 0.000401748 0.00122533 0.00171747 0.00176769 0.0269171 0.070346 0.194647 0.189555 0.159765 0.064822 0.0314167 0.0384472 0.0292271 0.0345202 0.0313363 0.0194345 0.0106764 0.0143323 0.0359363 0.0279516 0.0138201 0.00172751 0
 0 0.0021121 0.0136068 0.0755702 0.200478 0.177729 0.0527432 0.0373336 0.0318909 0.0142505 0.0149659 0.0166563 0.0217959 0.0798694 0.0677717 0.0528807 0.04013 0.0224614 0.0357745 0.0225083 0.00881397 0.00855152 0.00135912 0.000746735 0 0
 0 0 0 0 5.4009e-05 0.00500934 0.000945158 0.0243581 0.138947 0.33067 0.221406 0.137944 0.0707744 0.0437923 0.0131692 0.00525238 0.0047753 0.00276346 9.45158e-05 9.00151e-06 2.25038e-05 9.00151e-06 4.50075e-06 0 0 0
 0.000866109 0.00284123 0.00948549 0.0512746 0.133035 0.25785 0.225252 0.132002 0.0553304 0.0519788 0.0540692 0.017754 0.00435017 0.00159236 0.00146478 0.000404838 0.000125132 0.000115318 0.000107957 0.000100596 0 0 0 0 0 0
 0 0 0 0 0.00144013 0.00171154 0.00461396 0.0210425 0.0478622 0.0707936 0.0888783 0.103762 0.0637923 0.0337046 0.0602308 0.124433 0.169614 0.0934646 0.0462172 0.0250306 0.0313229 0.00938855 0.002487 0.000210481 0 0
 0 0.00764035 0.051015 0.0998891 0.058973 0.0496711 0.0374665 0.0718981 0.12319 0.153886 0.159021 0.0857701 0.0377988 0.023471 0.0147837 0.00900784 0.00315554 0.000888139 0.00291439 0.00214683 0.00393193 0.00274676 0.000635225 9.99891e-05 0 0
 0 0 0 0 0 0 0 0 0 0 0 0 0 0 0 0 0 0 0 0 0 0 0 0 0 0
 0 0 0 0 0 0 0 0 0 0 0 0 0 0 0 0 0 0 0 0 0 0 0 0 0 0
 0 0 0 0 0 0 0 0 0 0 0 0 0 0 0 0 0 0 0 0 0 0 0 0 0 0
 0 0 0 0 0 0 0 0 0 0 0 0 0 0 0 0 0 0 0 0 0 0 0 0 0 0
 0 0 0 0 0 0 0 0 0 0 0 0 0 0 0 0 0 0 0 0 0 0 0 0 0 0
 0 0 0 0 0 0 0 0 0 0 0 0 0 0 0 0 0 0 0 0 0 0 0 0 0 0
 0 0 0 0 0 0 0 0 0 0 0 0 0 0 0 0 0 0 0 0 0 0 0 0 0 0
ppred_pel_tallas
 1.16362e-16 3.16608e-05 0.000307755 0.00204514 0.00929691 0.0289262 0.0616307 0.0899542 0.0899655 0.0616862 0.0291144 0.00984981 0.00346785 0.00352864 0.00648516 0.0115463 0.0186617 0.0276855 0.0383262 0.0501905 0.0625638 0.0740249 0.0823863 0.0853356 0.0815377 0.0714513
 1.30961e-16 3.06036e-05 0.000297478 0.00197685 0.00898648 0.0279604 0.0595737 0.0869553 0.0869831 0.0597092 0.028416 0.0103042 0.00529203 0.00756097 0.0139078 0.0231758 0.0339702 0.0440672 0.0513482 0.0551596 0.0568219 0.0586947 0.0624542 0.0678976 0.0730624 0.0753938
 1.27413e-16 4.13773e-05 0.000402202 0.00267278 0.0121501 0.0378035 0.0805451 0.117562 0.117584 0.0806498 0.0381554 0.013169 0.00523956 0.00603649 0.0108349 0.0180966 0.0266689 0.0348555 0.0410009 0.0444887 0.0461366 0.0475552 0.0499597 0.0533655 0.0566679 0.0583581
 1.09002e-16 6.29591e-05 0.000611985 0.00406686 0.0184874 0.0575211 0.122555 0.178876 0.178889 0.122619 0.0577366 0.0191104 0.00563363 0.00404153 0.00660432 0.0108944 0.0158724 0.0203662 0.0232443 0.0240385 0.023231 0.0218983 0.0209895 0.0208031 0.0209782 0.0208682
 1.05585e-16 5.02171e-05 0.000488128 0.00324379 0.0147458 0.0458798 0.0977529 0.14268 0.14271 0.0979024 0.0463818 0.0161958 0.00688344 0.00843378 0.0151415 0.0249561 0.0359566 0.0452474 0.0499183 0.0486492 0.0425053 0.0342155 0.0265297 0.0209261 0.0174159 0.0151905
 1.0488e-16 5.6574e-05 0.00054992 0.00365441 0.0166124 0.0516876 0.110127 0.160737 0.160758 0.110227 0.0520244 0.0175865 0.00610343 0.00590949 0.0102745 0.0169986 0.0247202 0.0315847 0.035725 0.0362597 0.0337661 0.0297864 0.0257931 0.0224567 0.019651 0.0169507
 1.08396e-16 3.44267e-05 0.00033464 0.0022238 0.0101091 0.0314534 0.0670163 0.0978211 0.097863 0.0672213 0.0321418 0.0120983 0.00722032 0.0112537 0.020806 0.034433 0.0498146 0.063104 0.0703961 0.0698969 0.0629604 0.0530808 0.0436895 0.036495 0.0313444 0.0271882
 1.1686e-16 3.07596e-05 0.000298995 0.00198693 0.0090323 0.028103 0.0598775 0.0873992 0.0874292 0.0600241 0.0285963 0.0104613 0.00558951 0.00821554 0.0152191 0.0255141 0.0376962 0.0493942 0.0581708 0.0628701 0.0641523 0.0636901 0.06274 0.061324 0.05856 0.0536245
 1.2315e-16 3.62179e-05 0.000352051 0.0023395 0.010635 0.0330897 0.070502 0.102905 0.102929 0.0706204 0.0334879 0.0117882 0.00524588 0.0067362 0.0122791 0.0205589 0.0303728 0.0398415 0.047106 0.0514291 0.053606 0.055227 0.0573781 0.05984 0.0613218 0.0603728
 1.17497e-16 4.88753e-05 0.000475085 0.00315711 0.0143518 0.0446538 0.0951404 0.138864 0.138885 0.0952393 0.0449861 0.0153132 0.00557662 0.00577769 0.0101821 0.0169243 0.0247847 0.0320636 0.0370956 0.0392148 0.0391643 0.0385186 0.0385687 0.0395469 0.0406728 0.0407943
 1.07618e-16 5.99442e-05 0.000582679 0.00387211 0.017602 0.0547666 0.116687 0.170311 0.170329 0.116772 0.0550525 0.0184286 0.00594911 0.00512437 0.00870825 0.0143631 0.0208337 0.026525 0.0298648 0.030165 0.028033 0.0249295 0.0222301 0.0205241 0.0195676 0.0187196
 1.04578e-16 5.58915e-05 0.000543285 0.00361032 0.016412 0.051064 0.108798 0.158799 0.158823 0.108917 0.0514618 0.0175613 0.00649621 0.00684664 0.0120373 0.0198389 0.0286386 0.0361547 0.0401009 0.0394311 0.0349543 0.0287601 0.0229346 0.0185698 0.0156434 0.0135477
 1.04913e-16 5.14575e-05 0.000500185 0.00332391 0.01511 0.047013 0.100167 0.146203 0.146229 0.100298 0.0474531 0.016382 0.00651963 0.00748615 0.0133475 0.0220589 0.0319453 0.0405356 0.0453346 0.0451776 0.0408862 0.0346319 0.0285507 0.0237149 0.0200642 0.017016
 1.07029e-16 4.62863e-05 0.000449919 0.00298987 0.0135915 0.0422885 0.0901012 0.131511 0.131541 0.0902443 0.0427693 0.0149815 0.00648348 0.00809207 0.014606 0.024194 0.0351312 0.0447756 0.050452 0.0509165 0.0470458 0.0411255 0.0353451 0.0307106 0.0270221 0.0235853
 1.07158e-16 5.40971e-05 0.000525843 0.00349441 0.0158851 0.0494246 0.105305 0.1537 0.153721 0.105408 0.0497704 0.0168853 0.00600987 0.00603292 0.0105598 0.0174951 0.025488 0.0326683 0.03716 0.0381003 0.0361093 0.0327617 0.0295072 0.0269165 0.0247094 0.0223073
 1.01887e-16 7.36248e-05 0.000715659 0.00475581 0.0216192 0.0672655 0.143316 0.209176 0.209183 0.143353 0.0673867 0.0219695 0.00563571 0.00263899 0.00373377 0.00607582 0.0087922 0.011157 0.012485 0.0124659 0.0113407 0.00972153 0.00820208 0.0070665 0.00626779 0.00560248
 1.02829e-16 3.35594e-05 0.000326209 0.00216778 0.00985443 0.0306611 0.0653286 0.09536 0.0954124 0.0655847 0.0315207 0.0123363 0.00839425 0.0139075 0.0257943 0.0425045 0.0610255 0.0763199 0.0832754 0.0795376 0.0669351 0.0502898 0.0346031 0.0227868 0.0152306 0.0108099
 1.02681e-16 7.07231e-05 0.000687454 0.00456837 0.0207672 0.0646144 0.137668 0.200932 0.200938 0.1377 0.0647236 0.0210837 0.00536737 0.00244599 0.00345236 0.00570436 0.00846327 0.0111676 0.0132766 0.0145106 0.0149568 0.0149002 0.0145387 0.0138444 0.0126684 0.0109492
 1.03301e-16 4.73033e-05 0.000459805 0.00305556 0.0138902 0.0432177 0.0920812 0.134403 0.134439 0.0922596 0.0438164 0.0156189 0.00739289 0.0099213 0.0179963 0.029625 0.0425526 0.0532685 0.0582358 0.0558457 0.0473989 0.0362611 0.0258862 0.0182271 0.0134471 0.0106524
 1.06446e-16 4.59629e-05 0.000446776 0.00296898 0.0134966 0.041993 0.0894716 0.130592 0.13062 0.0896066 0.0424468 0.0148093 0.00627137 0.00768034 0.0138553 0.0230185 0.0335857 0.0431297 0.0491699 0.0505055 0.0478292 0.0430634 0.0380118 0.0334459 0.0291795 0.0247561
 1.06219e-16 5.82811e-05 0.000566513 0.00376468 0.0171137 0.0532471 0.113449 0.165586 0.165604 0.113536 0.0535397 0.0179599 0.00589267 0.00522503 0.00894445 0.0147974 0.0215543 0.0276243 0.0314254 0.0322381 0.0306016 0.0278595 0.0252373 0.0231978 0.0214659 0.0195104
 1.04396e-16 5.8794e-05 0.000571499 0.00379781 0.0172643 0.0537158 0.114448 0.167045 0.167066 0.114551 0.0540623 0.0182656 0.0063122 0.00606426 0.010502 0.0172997 0.0249891 0.0315848 0.0351061 0.034651 0.0309257 0.0257386 0.0208793 0.017261 0.0148251 0.0130156
 1.08319e-16 2.56159e-05 0.000248996 0.00165467 0.00752191 0.0234037 0.049866 0.0727916 0.0728428 0.0501163 0.0242445 0.00995121 0.0077562 0.0135808 0.0253807 0.0420121 0.0607358 0.0768349 0.0854989 0.084492 0.0754384 0.062616 0.0502839 0.0406584 0.0337172 0.0283274
 1.08863e-16 5.85241e-05 0.000568875 0.00378038 0.017185 0.0534691 0.113922 0.166275 0.166285 0.113975 0.053646 0.0176986 0.00507933 0.00343724 0.00560237 0.00942166 0.0141584 0.0190479 0.023326 0.0266134 0.0290376 0.0309202 0.0323167 0.0328476 0.0319612 0.0293672
 1.08107e-16 4.82714e-05 0.000469215 0.0031181 0.0141745 0.0441021 0.0939654 0.137152 0.137182 0.094115 0.0446043 0.0156249 0.00675928 0.00841931 0.0151518 0.0249882 0.0360361 0.0454305 0.0503072 0.0494066 0.0438519 0.0363964 0.0297441 0.025237 0.0226778 0.0210382
 1.11368e-16 3.38818e-05 0.000329343 0.0021886 0.00994909 0.0309555 0.0659554 0.0962716 0.096309 0.0661379 0.0315687 0.0117223 0.00664752 0.0100895 0.0186477 0.0309775 0.0450963 0.0577084 0.0654506 0.0667494 0.0626751 0.0560313 0.0494626 0.0441192 0.0396748 0.0352487
 1.09426e-16 5.69967e-05 0.000554028 0.00368171 0.0167365 0.0520736 0.110949 0.161936 0.161951 0.11102 0.0523123 0.0174277 0.00542379 0.00438081 0.00739517 0.0123215 0.0181839 0.0238011 0.0280034 0.0302631 0.0309518 0.0309365 0.0308589 0.0307082 0.0299683 0.0281049
 1.06902e-16 5.34057e-05 0.000519122 0.00344975 0.0156821 0.0487929 0.103959 0.151737 0.151763 0.104084 0.0492108 0.0168893 0.00648112 0.00714021 0.0126391 0.0208414 0.0300951 0.038022 0.042248 0.0417172 0.0373308 0.0313243 0.0258881 0.0221033 0.019814 0.0182153
 1.10514e-16 2.88069e-05 0.000280014 0.00186079 0.00845892 0.0263191 0.0560772 0.0818557 0.0819005 0.0562959 0.0270538 0.0105828 0.00719795 0.0119509 0.0222524 0.0368953 0.0535058 0.0680418 0.0763808 0.0766062 0.0700866 0.0604011 0.0510295 0.0436527 0.0380656 0.0332197
 1.18381e-16 3.45996e-05 0.000336321 0.00223497 0.0101599 0.0316112 0.067352 0.0983071 0.0983309 0.0674683 0.0320027 0.0112951 0.0051016 0.00665056 0.0121927 0.0205395 0.0306137 0.0406711 0.0489236 0.0545327 0.0579549 0.0602582 0.0620163 0.0627684 0.0614351 0.0572086
 1.08163e-16 6.62266e-05 0.000643747 0.00427792 0.0194468 0.0605063 0.128915 0.188158 0.188167 0.128961 0.0606603 0.0198924 0.00539966 0.00310319 0.00476937 0.00786694 0.0115377 0.014973 0.0174144 0.0185663 0.0187739 0.0187454 0.0190321 0.019676 0.0202526 0.0201938
pSPR Fmed_Fpbrs
0.754679   0.190433 0.190433
Fs Fmed_Fpbrs
0.139388   1.005 1.005
SSBpbr Bo_Bmed_Bpbrs
2.57788e+06  1.81658e+06  362019 362019
Ro
256002
SPR SPRFo_SPRFmed_SPRFpbrs
1.82988e+06 1.38097e+06 348470
Fref
1.005
Nvult_r0
 302756 27570.9 11887.5 11735.5 4745.23
CTP_r0
 28974.7 2891.81 1246.84 1230.89 497.71
YTP_r0
391302
Np
 328335 149751 13408.6 5781.26 7574.76
Nvult_p0
 279603 129585 11603 5002.75 6554.74
CTP_p0
 133037 64954.1 5815.95 2507.61 3285.54
YTP_p0
 2.36916e+06
CBA_c0
984659
log_Ro
12.2729
likeval ReclasPelacesDesembMPH_pf_preclas_ppelaces_ptallas_desvR_qrecl_qpela
 20.842 20.1923 0.174713 0.00371697 242.348 121.551 99.9878 0 19.1022 1.398e-05 0 0.885721 0 0 0
q_reclas_q_pelaces
0.588705 1
M
1
N
 266909 57113.9 251564 12610.3 0.414701
 156898 91350.7 19396.8 85435.2 4282.81
 153371 50755.4 29146.9 6188.84 28625.9
 371310 49878.3 16289.6 9354.5 11173.6
 298561 116602 15399.7 5029.33 6337.94
 450155 104623 40647.7 5368.37 3962.67
 190221 150286 34567.4 13430 3082.97
 92885.4 57311.3 44320.4 10194.2 4869.78
 77617.8 33150.1 20387.6 15766.3 5358.77
 94950.7 25286.8 10660.1 6556.03 6793.18
 159948 29710.9 7776.36 3278.25 4105.24
 198718 56136.3 10375 2715.5 2578.32
 170280 57615.9 15865.9 2932.32 1496.2
 120896 50177.9 16579.2 4565.45 1274.32
 124345 31385.5 12548.7 4146.19 1460.44
 556143 36269.8 8929.8 3570.36 1595.2
 159953 161772 10287.9 2532.93 1465.21
 846188 50667.7 50428.5 3207.02 1246.33
 526570 265153 15606 15532.3 1371.66
 394203 153110 75178.2 4424.74 4792.75
 598727 117902 44788.5 21991.5 2696.35
 808587 188417 36487.4 13860.8 7640.23
 189720 244222 55718.1 10790 6358.22
 538152 62289.5 79211.6 18071.8 5561.89
 440865 179950 20616.7 26217.6 7822.31
 208417 146943 59347.3 6799.34 11226.3
 436444 70803.9 49495.5 19990.2 6071.66
 474829 145514 23359 16329.1 8598.11
 160710 160089 48603.9 7802.24 8326.05
 124574 54359.3 53664 16292.6 5406.41
 452507 40979.4 17668.8 17442.8 7052.98
pred_Ctot
 11821.9 2791.95 12297.5 616.443 0.0202722
 12092.4 7751.68 1645.94 7249.71 363.424
 11358 4139.28 2377.03 504.722 2334.55
 34804.8 5141.12 1679.02 964.199 1151.7
 8990.31 3879.13 512.319 167.317 210.852
 26527.7 6797.35 2640.87 348.782 257.453
 22122.9 19186.5 4413.1 1714.55 393.591
 1757.87 1199.28 927.434 213.32 101.903
 5670.05 2667.04 1640.25 1268.45 431.131
 9087.83 2660.93 1121.76 689.891 714.847
 4666.28 957.694 250.661 105.671 132.327
 27134.3 8401.08 1552.68 406.389 385.858
 21808.3 8092.8 2228.54 411.876 210.158
 23137 10478.8 3462.28 953.419 266.12
 16590 4590.53 1835.41 606.433 213.607
 75001.2 5361.6 1320.05 527.79 235.811
 14221 15821.2 1006.16 247.72 143.297
 80329.8 5288.64 5263.67 334.745 130.09
 71119.6 39254.6 2310.39 2299.48 203.068
 47387.7 20198.1 9917.45 583.708 632.255
 55415.5 12000.7 4558.8 2238.41 274.448
 92965.6 23782.3 4605.5 1749.53 964.361
 13015.7 18458.7 4211.26 815.521 480.564
 31213.9 3983.48 5065.66 1155.71 355.688
 26402.6 11880.6 1361.14 1730.92 516.44
 10149.6 7895.23 3188.73 365.328 603.188
 26059.2 4660.57 3257.97 1315.83 399.658
 25249.8 8534.63 1370.04 957.727 504.292
 8239.93 9054.45 2748.97 441.285 470.911
 8408.07 4042.41 3990.71 1211.6 402.046
 28974.7 2891.81 1246.84 1230.89 497.71
F
 0.072201 0.0799409 0.0799409 0.0799409 0.0799409
 0.128575 0.142358 0.142358 0.142358 0.142358
 0.123275 0.13649 0.13649 0.13649 0.13649
 0.158274 0.17524 0.17524 0.17524 0.17524
 0.0486099 0.0538209 0.0538209 0.0538209 0.0538209
 0.0970498 0.107454 0.107454 0.107454 0.107454
 0.199689 0.221095 0.221095 0.221095 0.221095
 0.0303199 0.0335702 0.0335702 0.0335702 0.0335702
 0.121516 0.134542 0.134542 0.134542 0.134542
 0.161844 0.179193 0.179193 0.179193 0.179193
 0.0470651 0.0521105 0.0521105 0.0521105 0.0521105
 0.238088 0.263611 0.263611 0.263611 0.263611
 0.221869 0.245653 0.245653 0.245653 0.245653
 0.348587 0.385955 0.385955 0.385955 0.385955
 0.232075 0.256953 0.256953 0.256953 0.256953
 0.234841 0.260016 0.260016 0.260016 0.260016
 0.149593 0.165629 0.165629 0.165629 0.165629
 0.160433 0.177632 0.177632 0.177632 0.177632
 0.23523 0.260447 0.260447 0.260447 0.260447
 0.207012 0.229203 0.229203 0.229203 0.229203
 0.156147 0.172886 0.172886 0.172886 0.172886
 0.197212 0.218353 0.218353 0.218353 0.218353
 0.113759 0.125953 0.125953 0.125953 0.125953
 0.0954591 0.105692 0.105692 0.105692 0.105692
 0.0986942 0.109274 0.109274 0.109274 0.109274
 0.0796273 0.0881634 0.0881634 0.0881634 0.0881634
 0.0983848 0.108932 0.108932 0.108932 0.108932
 0.0872218 0.0965719 0.0965719 0.0965719 0.0965719
 0.083986 0.0929893 0.0929893 0.0929893 0.0929893
 0.11183 0.123818 0.123818 0.123818 0.123818
 0.105831 0.117177 0.117177 0.117177 0.117177
YTP_r0W_actual
 246285 47136.5 36033.6 42834.9 19012.5
YTP_p0W_proyectada
 1.00044e+06 1.04706e+06 135977 73974.6 111708
CTP_r0_actual
 28974.7 2891.81 1246.84 1230.89 497.71
CTP_p0_proyectada
 133037 64954.1 5815.95 2507.61 3285.54
Wmedp
 7.52 16.12 23.38 29.5 34
Frms_r0
 0.105831 0.117177 0.117177 0.117177 0.117177
Zrms_r0
 1.10583 1.11718 1.11718 1.11718 1.11718
nmprior
 8.19 8.8 8.5 0
nm_flota  nm_reclas  nm_pelaces    nm_pelaL
inf 11.0363 11.9627 25.1871
cv_recla  cv_pelaces  cv_mph
0.412948 0.509524 1.88148
 ------------------------------------------------
Talla a la edad & desviaci?n 
 8 13.2811 15.8009 17.003 17.5766
 0.8 1.32811 1.58009 1.7003 1.75766
