years
 1991 1992 1993 1994 1995 1996 1997 1998 1999 2000 2001 2002 2003 2004 2005 2006 2007 2008 2009 2010 2011 2012 2013 2014 2015 2016 2017 2018 2019 2020 2021
reclasobs
 0 0 0 0 0 0 0 0 0 252601 567819 844713 477998 351125 339783 2.1784e+06 2.13404e+06 4.81314e+06 1.55562e+06 2.62356e+06 3.21686e+06 3.843e+06 1.13348e+06 3.07943e+06 1.97215e+06 2.03268e+06 2.025e+06 2.42433e+06 2.27542e+06 1.05018e+06 2.36338e+06
reclaspred
 3.77334e+06 2.49746e+06 1.28338e+06 1.17789e+06 1.4062e+06 1.84536e+06 1.42549e+06 1.43367e+06 1.10813e+06 886519 703158 784497 784525 683171 779532 1.26863e+06 1.76459e+06 2.69288e+06 2.61729e+06 2.02909e+06 3.35785e+06 2.66885e+06 2.56533e+06 3.15879e+06 2.80907e+06 2.74695e+06 2.66796e+06 2.51628e+06 2.82806e+06 2.0531e+06 2.76635e+06
pelacesobs
 0 0 0 0 0 0 0 0 0 0 0 0 0 0 0 552880 188675 0 991730 2.46772e+06 1.41603e+06 1.21717e+06 2.29649e+06 1.80582e+06 0 1.4828e+06 1.56532e+06 1.57751e+06 1.42118e+06 867257 1.10002e+06
pelacespred
 1.56324e+06 1.24381e+06 690545 524012 632465 825724 652718 729806 596587 445974 383275 339496 364436 339453 405920 552186 747777 1.21745e+06 1.30179e+06 975264 1.40037e+06 1.3303e+06 1.21798e+06 1.59966e+06 1.45856e+06 1.35743e+06 1.47876e+06 1.4448e+06 1.30724e+06 1.06245e+06 1.46188e+06
mphobs
 0 0 0 0 0 0 0 0 0 0 0 498337 0 5186 125008 0 168611 109162 213762 579715 649985 157893 87575 83554 0 0 0 0 0 0 0
mphpred
 3.07986e+06 2.62493e+06 1.43313e+06 849150 1.02168e+06 1.27101e+06 1.42619e+06 1.03305e+06 1.06357e+06 814243 568668 631938 581594 558861 461273 706873 1.30625e+06 1.5055e+06 2.19184e+06 1.89316e+06 1.94421e+06 2.39333e+06 2.17063e+06 1.96493e+06 2.61296e+06 2.21205e+06 2.02422e+06 1.91706e+06 2.50643e+06 1.87487e+06 1.45752e+06
desembarqueobs
 494567 514787 250237 358949 120608 361735 552515 73892 212993 205616 52469 317467 293654 387597 252695 516296 358380 742168 942051 627588 828172 859565 418607 520667 417249 300574 415391 372974 316634 284311 391294
desembarquepred
 494786 512734 251527 359541 120613 362032 551587 73873.5 213200 205763 52570.1 317966 293606 387498 252439 516716 358673 743294 940989 626507 826917 858777 418823 521369 418036 301356 416956 374205 317520 284692 391305
Reclutas
 228237 109858 132312 275603 261061 283036 162228 109910 78881 96125 142913 152752 175302 124579 165784 486825 193950 710591 578927 339492 565701 685300 207745 472048 420696 241079 382425 433368 180984 181984 620463
log_desv_Rt
 -0.0731298 -0.804328 -0.618352 0.115448 0.0612386 0.142061 -0.41451 -0.803851 -1.13557 -0.937866 -0.541281 -0.474699 -0.337005 -0.678573 -0.392831 0.684389 -0.235916 1.06258 0.857662 0.323935 0.83455 1.02634 -0.167201 0.653566 0.538395 -0.0183901 0.443017 0.568073 -0.305108 -0.299597 0.926952
SSB
 3.07986e+06 2.62493e+06 1.43313e+06 849150 1.02168e+06 1.27101e+06 1.42619e+06 1.03305e+06 1.06357e+06 814243 568668 631938 581594 558861 461273 706873 1.30625e+06 1.5055e+06 2.19184e+06 1.89316e+06 1.94421e+06 2.39333e+06 2.17063e+06 1.96493e+06 2.61296e+06 2.21205e+06 2.02422e+06 1.91706e+06 2.50643e+06 1.87487e+06 1.45752e+06
BT
 4.23476e+06 3.49593e+06 1.94405e+06 1.8976e+06 1.8674e+06 2.78186e+06 2.19459e+06 2.24406e+06 1.85292e+06 1.42212e+06 1.1752e+06 1.26121e+06 1.40542e+06 1.49775e+06 1.67908e+06 2.34209e+06 2.37594e+06 4.75519e+06 4.8562e+06 3.24354e+06 5.13984e+06 4.66065e+06 3.6706e+06 5.76314e+06 4.31436e+06 4.08608e+06 5.07124e+06 4.98802e+06 3.53496e+06 3.13874e+06 5.53247e+06
Ftot
 0.124533 0.193703 0.185118 0.286522 0.0818003 0.185601 0.359692 0.0492634 0.181971 0.218765 0.0713777 0.376908 0.349371 0.521527 0.304409 0.380622 0.19211 0.259996 0.335912 0.28934 0.232189 0.301473 0.154723 0.156656 0.14123 0.104425 0.148361 0.141315 0.106792 0.13168 0.134583
BD_Bspro_t
 0.980272 0.867144 0.740148 0.668956 0.705955 0.7845 0.75041 0.645092 0.730338 0.712196 0.692361 0.778321 0.658804 0.601767 0.537595 0.625672 0.676658 0.69577 0.719278 0.657488 0.62131 0.66471 0.674823 0.690215 0.768822 0.780207 0.799217 0.806421 0.835799 0.797159 0.779563
BD_Bspro
 1.75724 1.49767 0.817684 0.48449 0.582928 0.725184 0.813728 0.589417 0.606828 0.464574 0.324458 0.360558 0.331833 0.318863 0.263184 0.403313 0.745292 0.858978 1.25057 1.08016 1.10929 1.36554 1.23847 1.12111 1.49085 1.26211 1.15494 1.09379 1.43007 1.06972 0.831599
BD_Bo
 1.37129 1.16873 0.638093 0.37808 0.454898 0.565909 0.635006 0.459961 0.473548 0.362538 0.253196 0.281367 0.258952 0.24883 0.20538 0.314732 0.581601 0.670317 0.975904 0.842919 0.865651 1.06562 0.966462 0.874876 1.16341 0.984906 0.901275 0.85356 1.11597 0.834774 0.648952
BD_Brms
 5.82644 4.9658 2.71117 1.60641 1.9328 2.40447 2.69806 1.95431 2.01204 1.54037 1.0758 1.19549 1.10025 1.05725 0.872631 1.33725 2.47114 2.84809 4.14649 3.58145 3.67804 4.52768 4.10637 3.71723 4.94317 4.18473 3.8294 3.62666 4.74163 3.54684 2.75731
Sel_flota
 0.5 1 1 1 1
 0.5 1 1 1 1
 0.5 1 1 1 1
 0.5 1 1 1 1
 0.5 1 1 1 1
 0.5 1 1 1 1
 0.5 1 1 1 1
 0.5 1 1 1 1
 0.5 1 1 1 1
 0.5 1 1 1 1
 0.5 1 1 1 1
 0.5 1 1 1 1
 0.5 1 1 1 1
 0.5 1 1 1 1
 0.5 1 1 1 1
 0.5 1 1 1 1
 0.5 1 1 1 1
 0.5 1 1 1 1
 0.5 1 1 1 1
 0.5 1 1 1 1
 0.5 1 1 1 1
 0.5 1 1 1 1
 0.5 1 1 1 1
 0.5 1 1 1 1
 0.5 1 1 1 1
 0.5 1 1 1 1
 0.5 1 1 1 1
 0.5 1 1 1 1
 0.5 1 1 1 1
 0.5 1 1 1 1
 0.5 1 1 1 1
Sel_reclas
 0.5 1 1 1 1
 0.5 1 1 1 1
 0.5 1 1 1 1
 0.5 1 1 1 1
 0.5 1 1 1 1
 0.5 1 1 1 1
 0.5 1 1 1 1
 0.5 1 1 1 1
 0.5 1 1 1 1
 0.5 1 1 1 1
 0.5 1 1 1 1
 0.5 1 1 1 1
 0.5 1 1 1 1
 0.5 1 1 1 1
 0.5 1 1 1 1
 0.5 1 1 1 1
 0.5 1 1 1 1
 0.5 1 1 1 1
 0.5 1 1 1 1
 0.5 1 1 1 1
 0.5 1 1 1 1
 0.5 1 1 1 1
 0.5 1 1 1 1
 0.5 1 1 1 1
 0.5 1 1 1 1
 0.5 1 1 1 1
 0.5 1 1 1 1
 0.5 1 1 1 1
 0.5 1 1 1 1
 0.5 1 1 1 1
 0.5 1 1 1 1
Sel_pelaces
 0.5 1 1 1 1
 0.5 1 1 1 1
 0.5 1 1 1 1
 0.5 1 1 1 1
 0.5 1 1 1 1
 0.5 1 1 1 1
 0.5 1 1 1 1
 0.5 1 1 1 1
 0.5 1 1 1 1
 0.5 1 1 1 1
 0.5 1 1 1 1
 0.5 1 1 1 1
 0.5 1 1 1 1
 0.5 1 1 1 1
 0.5 1 1 1 1
 0.5 1 1 1 1
 0.5 1 1 1 1
 0.5 1 1 1 1
 0.5 1 1 1 1
 0.5 1 1 1 1
 0.5 1 1 1 1
 0.5 1 1 1 1
 0.5 1 1 1 1
 0.5 1 1 1 1
 0.5 1 1 1 1
 0.5 1 1 1 1
 0.5 1 1 1 1
 0.5 1 1 1 1
 0.5 1 1 1 1
 0.5 1 1 1 1
 0.5 1 1 1 1
pf_obs 
 0.8446 0.082 0.0669 0.0065 0
 0.8095 0.147 0.0364 0.0071 0
 0.9664 0.0169 0.016 0.0007 0
 0.9276 0.0648 0.0075 0.0001 0
 0.7033 0.2144 0.0806 0.0017 0
 0.9318 0.0425 0.0243 0.0014 0
 0.5671 0.3108 0.0964 0.0239 0.0018
 0.0768 0.2599 0.5324 0.112 0.0189
 0.490249 0.384438 0.106611 0.0170017 0.00170017
 0.7925 0.1577 0.0466 0.003 0.0002
 0.840416 0.127587 0.0312969 0.00059994 9.999e-05
 0.8084 0.0986 0.0794 0.0134 0.0002
 0.7335 0.1905 0.0724 0.0035 0.0001
 0.4001 0.4547 0.1325 0.0127 0
 0.49795 0.308269 0.164784 0.0264974 0.00249975
 0.9179 0.0499 0.0305 0.0017 0
 0.2467 0.6533 0.0926 0.0074 0
 0.9418 0.0223 0.034 0.0019 0
 0.707729 0.231977 0.0356964 0.0245975 0
 0.517169 0.277429 0.184464 0.0207286 0.00020938
 0.811772 0.124168 0.05621 0.00726502 0.000585176
 0.764997 0.148141 0.077277 0.00933861 0.000247198
 0.163321 0.427699 0.378323 0.0303852 0.000271297
 0.753843 0.0900009 0.118128 0.0371064 0.000921714
 0.721811 0.176058 0.0630433 0.0369309 0.00215725
 0.143369 0.312575 0.442814 0.0836902 0.0175525
 0.692698 0.0596174 0.167031 0.0765114 0.00414204
 0.394062 0.376323 0.152708 0.0712218 0.00568511
 0.125707 0.32114 0.495352 0.0537591 0.00404204
 0.23352 0.215282 0.420074 0.123614 0.00750983
 0.796117 0.104755 0.0508955 0.0450114 0.00322123
pf_pred 
 0.246608 0.690085 0.0632994 3.94542e-06 4.00002e-06
 0.226546 0.312826 0.421922 0.0387016 4.85789e-06
 0.417596 0.222997 0.145363 0.196058 0.017986
 0.664589 0.202044 0.051065 0.0332874 0.0490148
 0.550945 0.364611 0.0508669 0.0128562 0.0207205
 0.532804 0.334221 0.10797 0.0150628 0.00994284
 0.393499 0.428635 0.127241 0.0411051 0.0095199
 0.396995 0.356503 0.174211 0.0517148 0.0205756
 0.372386 0.358925 0.158853 0.0776258 0.0322115
 0.51323 0.27066 0.12359 0.0546984 0.0378208
 0.612998 0.267943 0.0662011 0.030229 0.0226294
 0.553391 0.34115 0.0730151 0.01804 0.0144041
 0.597458 0.295965 0.0814114 0.0174242 0.00774237
 0.494055 0.388225 0.0865525 0.0238081 0.00735976
 0.634616 0.254362 0.0851895 0.0189925 0.00683928
 0.798716 0.1594 0.0291573 0.0097652 0.00296108
 0.379771 0.557602 0.049596 0.00907206 0.00395967
 0.76531 0.132492 0.0918781 0.00817211 0.00214729
 0.541444 0.401581 0.0321644 0.0223047 0.00250518
 0.419462 0.419842 0.14073 0.0112717 0.00869438
 0.626611 0.228434 0.104831 0.0351391 0.00498535
 0.605815 0.30843 0.0524634 0.0240761 0.00921521
 0.27597 0.558142 0.1298 0.0220787 0.0140103
 0.6046 0.175487 0.169527 0.0394246 0.0109615
 0.506809 0.375852 0.0520778 0.050309 0.0149526
 0.367995 0.430903 0.153256 0.0212351 0.0266109
 0.560949 0.239559 0.136014 0.0483751 0.0151025
 0.554012 0.324457 0.0663108 0.0376491 0.0175708
 0.309992 0.497818 0.139818 0.0285753 0.0237959
 0.416079 0.28093 0.218598 0.0613957 0.0229968
 0.752323 0.14787 0.0480184 0.0373641 0.0144249
pobs_RECLAS
 0 0 0 0 0
 0 0 0 0 0
 0 0 0 0 0
 0 0 0 0 0
 0 0 0 0 0
 0 0 0 0 0
 0 0 0 0 0
 0 0 0 0 0
 0 0 0 0 0
 0 0 0 0 0
 0.991045 0.00858322 0.000360255 1.14367e-05 0
 0.934742 0.0480273 0.0164251 0.00080598 0
 0.827803 0.169806 0.00239088 0 0
 0.941827 0.0461693 0.0120037 0 0
 0.791401 0.0380133 0.147996 0.0225897 0
 0.846168 0.0940531 0.0597789 0 0
 0.134021 0.677848 0.182769 0.00536245 0
 0.80878 0.0450904 0.141981 0.00414843 0
 0.846168 0.0940531 0.0597789 0 0
 0.905697 0.0802665 0.012482 0.00150086 5.37128e-05
 0.989698 0.0102097 9.19794e-05 0 0
 0.975433 0.0193895 0.00387452 0.00125025 5.28907e-05
 0.303575 0.632131 0.0575291 0.00676475 0
 0.966965 0.00978017 0.0227588 0.000495775 0
 0.843318 0.132988 0.00938335 0.0141283 0.000182051
 0.564624 0.303363 0.111486 0.0197234 0.00080311
 0.826376 0.0876187 0.0782897 0.00655872 0.00115652
 0.89761 0.0855135 0.0140674 0.00269457 0.000114338
 0.34875 0.467042 0.161289 0.0227151 0.000203297
 0.318654 0.224769 0.449479 0.00709798 0
 0.937255 0.0296025 0.0250945 0.00804832 0
ppred_RECLAS
 0.247643 0.689137 0.0632124 3.94e-06 3.99453e-06
 0.228135 0.312183 0.421055 0.0386221 4.84791e-06
 0.419689 0.222195 0.144841 0.195353 0.0179214
 0.667738 0.200147 0.0505856 0.0329749 0.0485547
 0.551824 0.363898 0.0507674 0.0128311 0.02068
 0.53495 0.332686 0.107474 0.0149936 0.00989716
 0.397931 0.425503 0.126311 0.0408047 0.00945033
 0.397496 0.356207 0.174066 0.0516719 0.0205585
 0.374359 0.357796 0.158353 0.0773817 0.0321102
 0.515823 0.269219 0.122932 0.0544071 0.0376194
 0.613727 0.267438 0.0660763 0.030172 0.0225867
 0.558232 0.337452 0.0722236 0.0178444 0.0142479
 0.601755 0.292805 0.0805423 0.0172382 0.00765972
 0.501377 0.382606 0.0852999 0.0234636 0.00725325
 0.638134 0.251914 0.0843695 0.0188097 0.00677344
 0.801888 0.156889 0.028698 0.00961135 0.00291442
 0.381884 0.555701 0.0494269 0.00904115 0.00394618
 0.767574 0.131214 0.0909918 0.00809328 0.00212657
 0.545682 0.397871 0.0318672 0.0220986 0.00248203
 0.422953 0.417317 0.139884 0.0112039 0.00864209
 0.629206 0.226846 0.104102 0.0348949 0.00495071
 0.609398 0.305627 0.0519866 0.0238572 0.00913145
 0.27738 0.557054 0.129547 0.0220356 0.013983
 0.606307 0.17473 0.168795 0.0392544 0.0109141
 0.508403 0.374637 0.0519094 0.0501463 0.0149043
 0.369066 0.430173 0.152996 0.0211991 0.0265658
 0.562607 0.238655 0.135501 0.0481925 0.0150455
 0.555589 0.32331 0.0660764 0.037516 0.0175087
 0.311002 0.49709 0.139613 0.0285335 0.0237611
 0.417516 0.280239 0.21806 0.0612447 0.0229402
 0.753449 0.147197 0.0478001 0.0371943 0.0143593
pobs_PELACES
 0 0 0 0 0
 0 0 0 0 0
 0 0 0 0 0
 0 0 0 0 0
 0 0 0 0 0
 0 0 0 0 0
 0 0 0 0 0
 0 0 0 0 0
 0 0 0 0 0
 0 0 0 0 0
 0 0 0 0 0
 0 0 0 0 0
 0 0 0 0 0
 0 0 0 0 0
 0 0 0 0 0
 0 0 0 0 0
 0.505614 0.472636 0.0217494 0 0
 0 0 0 0 0
 0.443492 0.261883 0.143347 0.151278 0
 0.227955 0.32914 0.350689 0.0885471 0.00366901
 0.970185 0.0296113 0.000203453 0 0
 0.997202 0.00247181 0.000326279 0 0
 0.445219 0.490057 0.0546422 0.010081 0
 0.90214 0.0892962 0.00764917 0.000914606 0
 0 0 0 0 0
 0.581667 0.319106 0.0959925 0.00289975 0.000334073
 0.762889 0.0836404 0.116647 0.0363945 0.000428098
 0.88444 0.0763242 0.0277011 0.0115352 0
 0.521256 0.241999 0.230069 0.00667565 0
 0.616807 0.101726 0.260614 0.0208532 0
 0.833518 0.0704572 0.0857862 0.0102388 0
ppred_PELACES
 0.251491 0.685612 0.0628891 3.91985e-06 3.9741e-06
 0.233812 0.309887 0.417958 0.038338 4.81225e-06
 0.427146 0.21934 0.14298 0.192843 0.0176911
 0.678142 0.19388 0.0490016 0.0319423 0.0470343
 0.555159 0.36119 0.0503895 0.0127356 0.0205261
 0.54256 0.327242 0.105715 0.0147483 0.00973521
 0.412232 0.415396 0.123311 0.0398354 0.00922585
 0.399445 0.355055 0.173503 0.0515048 0.020492
 0.381418 0.353759 0.156566 0.0765087 0.031748
 0.524831 0.26421 0.120645 0.0533948 0.0369194
 0.616516 0.265507 0.0655993 0.0299543 0.0224237
 0.573508 0.325783 0.0697261 0.0172274 0.0137552
 0.615485 0.28271 0.0777654 0.0166438 0.00739564
 0.522874 0.366111 0.0816224 0.022452 0.00694054
 0.64965 0.243897 0.0816845 0.0182111 0.00655788
 0.811676 0.149137 0.0272801 0.00913647 0.00277043
 0.389394 0.54895 0.0488264 0.0089313 0.00389824
 0.77514 0.126943 0.08803 0.00782984 0.00205735
 0.559384 0.385871 0.030906 0.0214321 0.00240717
 0.434646 0.408861 0.137049 0.0109769 0.00846698
 0.638099 0.221406 0.101606 0.034058 0.00483197
 0.621172 0.296414 0.0504195 0.0231381 0.0088562
 0.282526 0.553087 0.128624 0.0218787 0.0138834
 0.612459 0.171999 0.166157 0.0386409 0.0107436
 0.514226 0.370199 0.0512946 0.0495524 0.0147277
 0.373087 0.427431 0.152021 0.021064 0.0263964
 0.568621 0.235373 0.133637 0.0475298 0.0148386
 0.561339 0.319127 0.0652215 0.0370307 0.0172822
 0.31479 0.494357 0.138846 0.0283766 0.0236305
 0.422809 0.277692 0.216078 0.0606881 0.0227317
 0.757551 0.144748 0.0470048 0.0365755 0.0141204
pobs_pel_tallas
 0 0 0 0 0 0 0 0 0 0 0 0 0 0 0 0 0 0 0 0 0 0 0 0 0 0
 0 0 0 0 0 0 0 0 0 0 0 0 0 0 0 0 0 0 0 0 0 0 0 0 0 0
 0 0 0 0 0 0 0 0 0 0 0 0 0 0 0 0 0 0 0 0 0 0 0 0 0 0
 0 0 0 0 0 0 0 0 0 0 0 0 0 0 0 0 0 0 0 0 0 0 0 0 0 0
 0 0 0 0 0 0 0 0 0 0 0 0 0 0 0 0 0 0 0 0 0 0 0 0 0 0
 0 0 0 0 0 0 0 0 0 0 0 0 0 0 0 0 0 0 0 0 0 0 0 0 0 0
 0 0 0 0 0 0 0 0 0 0 0 0 0 0 0 0 0 0 0 0 0 0 0 0 0 0
 0 0 0 0 0 0 0 0 0 0 0 0 0 0 0 0 0 0 0 0 0 0 0 0 0 0
 0 0 0 0 0 0 0 0 0 0 0 0 0 0 0 0 0 0 0 0 0 0 0 0 0 0
 0 0 0 0 0 0 0 0 0 0 0 0 0 0 0 0 0 0 0 0 0 0 0 0 0 0
 0 0 0 0 0 0 0 0 0 0 0 0 0 0 0 0 0 0 0 0 0 0 0 0 0 0
 0 0 0 0 0 0 0 0 0 0 0 0 0 0 0 0 0 0 0 0 0 0 0 0 0 0
 0.00862536 0 0 0.000197151 0.00414017 0.0128641 0.00837892 0.0270097 0.101434 0.158115 0.152841 0.127902 0.109271 0.109419 0.0830992 0.0579132 0.0238553 0.00714673 0.00463305 0.00128148 0.00103504 0.000492878 0.000147863 0.000147863 4.92878e-05 0
 0 0 0 0 0 0 0 0 0 0 0 0 0 0 0 0 0 0 0 0 0 0 0 0 0 0
 0 0 0 0 0 0 0 0.0054083 0.00873648 0.0413646 0.0450493 0.0745869 0.0622846 0.0627006 0.0613931 0.0827291 0.12552 0.122667 0.0946155 0.0697135 0.0546179 0.0294188 0.0215738 0.0213955 0.0102223 0.00600262
 0 0 0 0 0.00359764 0.0251062 0.0480494 0.140153 0.205849 0.193036 0.1447 0.116669 0.0760912 0.0342217 0.00950174 0.001854 0.000860785 0 0 0 0.000165536 0 0.000143464 0 0 0
 0 0 0 0 0 0 0 0.000145254 0.000435761 0.0275982 0.070085 0.0708112 0.156366 0.174668 0.174014 0.160142 0.0824315 0.0480064 0.0283245 0.00493863 0.00203355 0 0 0 0 0
 0 0 0 0 0 0 0 0 0 0 0 0 0 0 0 0 0 0 0 0 0 0 0 0 0 0
 0 0 1.00437e-05 0.000401748 0.00122533 0.00171747 0.00176769 0.0269171 0.070346 0.194647 0.189555 0.159765 0.064822 0.0314167 0.0384472 0.0292271 0.0345202 0.0313363 0.0194345 0.0106764 0.0143323 0.0359363 0.0279516 0.0138201 0.00172751 0
 0 0.0021121 0.0136068 0.0755702 0.200478 0.177729 0.0527432 0.0373336 0.0318909 0.0142505 0.0149659 0.0166563 0.0217959 0.0798694 0.0677717 0.0528807 0.04013 0.0224614 0.0357745 0.0225083 0.00881397 0.00855152 0.00135912 0.000746735 0 0
 0 0 0 0 5.4009e-05 0.00500934 0.000945158 0.0243581 0.138947 0.33067 0.221406 0.137944 0.0707744 0.0437923 0.0131692 0.00525238 0.0047753 0.00276346 9.45158e-05 9.00151e-06 2.25038e-05 9.00151e-06 4.50075e-06 0 0 0
 0.000866109 0.00284123 0.00948549 0.0512746 0.133035 0.25785 0.225252 0.132002 0.0553304 0.0519788 0.0540692 0.017754 0.00435017 0.00159236 0.00146478 0.000404838 0.000125132 0.000115318 0.000107957 0.000100596 0 0 0 0 0 0
 0 0 0 0 0.00144013 0.00171154 0.00461396 0.0210425 0.0478622 0.0707936 0.0888783 0.103762 0.0637923 0.0337046 0.0602308 0.124433 0.169614 0.0934646 0.0462172 0.0250306 0.0313229 0.00938855 0.002487 0.000210481 0 0
 0 0.00764035 0.051015 0.0998891 0.058973 0.0496711 0.0374665 0.0718981 0.12319 0.153886 0.159021 0.0857701 0.0377988 0.023471 0.0147837 0.00900784 0.00315554 0.000888139 0.00291439 0.00214683 0.00393193 0.00274676 0.000635225 9.99891e-05 0 0
 0 0 0 0 0 0 0 0 0 0 0 0 0 0 0 0 0 0 0 0 0 0 0 0 0 0
 0 0 0 0 0 0 0 0 0 0 0 0 0 0 0 0 0 0 0 0 0 0 0 0 0 0
 0 0 0 0 0 0 0 0 0 0 0 0 0 0 0 0 0 0 0 0 0 0 0 0 0 0
 0 0 0 0 0 0 0 0 0 0 0 0 0 0 0 0 0 0 0 0 0 0 0 0 0 0
 0 0 0 0 0 0 0 0 0 0 0 0 0 0 0 0 0 0 0 0 0 0 0 0 0 0
 0 0 0 0 0 0 0 0 0 0 0 0 0 0 0 0 0 0 0 0 0 0 0 0 0 0
 0 0 0 0 0 0 0 0 0 0 0 0 0 0 0 0 0 0 0 0 0 0 0 0 0 0
ppred_pel_tallas
 1.01992e-16 2.07151e-05 0.000201358 0.0013381 0.00608285 0.0189264 0.040327 0.0588723 0.0589384 0.0406496 0.0200092 0.00920975 0.00918392 0.0173184 0.0324978 0.0536096 0.0770261 0.0964357 0.1054 0.10092 0.0852189 0.0642593 0.0442397 0.0287918 0.0184766 0.0120462
 1.15987e-16 1.92588e-05 0.000187203 0.00124403 0.0056552 0.0175956 0.0374904 0.0547247 0.0547551 0.0376395 0.0180979 0.00711343 0.00493256 0.00833242 0.0157609 0.0267346 0.0401585 0.0539258 0.0657692 0.0744426 0.0800983 0.0834744 0.0847033 0.0829385 0.0771189 0.0670878
 1.26516e-16 3.51835e-05 0.000341996 0.00227269 0.0103313 0.0321447 0.0684884 0.0999653 0.0999867 0.068593 0.0324966 0.0113512 0.00484538 0.00600127 0.0109129 0.0183356 0.0272584 0.0361345 0.0434716 0.0487669 0.0528036 0.0569165 0.0617844 0.0667333 0.0700511 0.0699773
 1.12627e-16 5.58577e-05 0.000542957 0.00360814 0.0164021 0.0510331 0.108732 0.158702 0.15872 0.108824 0.0513408 0.0172915 0.00584346 0.00543229 0.00937097 0.0154842 0.0224995 0.0287401 0.0325666 0.0333075 0.0316878 0.0293251 0.0276825 0.0272838 0.0276606 0.0278637
 1.06298e-16 4.57278e-05 0.000444491 0.0029538 0.0134276 0.0417783 0.0890144 0.129926 0.129961 0.0891845 0.0423495 0.0150775 0.00709553 0.00948668 0.017221 0.0284048 0.040934 0.0515251 0.0568679 0.0554567 0.0484948 0.0390749 0.030315 0.0238942 0.0198341 0.0172321
 1.06261e-16 4.469e-05 0.000434403 0.00288676 0.0131228 0.0408301 0.086994 0.126977 0.127009 0.0871487 0.0413496 0.0146244 0.00666043 0.00868745 0.015763 0.0261042 0.0378693 0.0481842 0.0541289 0.0543302 0.0497204 0.0427832 0.0359394 0.0303688 0.0259657 0.0220738
 1.09221e-16 3.39551e-05 0.000330056 0.00219334 0.00997062 0.0310225 0.0660983 0.0964807 0.0965209 0.0662945 0.0316817 0.011876 0.00698149 0.0108007 0.019973 0.0331062 0.0480187 0.0610855 0.0686194 0.0689141 0.0632053 0.0546963 0.0464781 0.0400051 0.0350328 0.0305808
 1.13731e-16 3.29018e-05 0.000319817 0.0021253 0.00966132 0.0300601 0.0640476 0.0934865 0.093521 0.0642159 0.030626 0.0112983 0.00624449 0.00934613 0.0172761 0.0287735 0.0420699 0.0542232 0.062235 0.0647176 0.062627 0.0583831 0.0541331 0.0505871 0.0471438 0.0428454
 1.17655e-16 3.1417e-05 0.000305384 0.00202939 0.00922532 0.0287036 0.0611572 0.089268 0.0893023 0.0613249 0.029267 0.0108553 0.0061307 0.00929118 0.0171941 0.0286332 0.0418584 0.053955 0.0619778 0.0646219 0.0629478 0.059471 0.0563737 0.0542848 0.0523851 0.0494055
 1.15152e-16 4.32297e-05 0.000420208 0.00279243 0.012694 0.0394959 0.0841512 0.122826 0.122852 0.0842764 0.0399169 0.0139119 0.00585724 0.00713634 0.0128747 0.0214191 0.0313356 0.0404474 0.0465743 0.048764 0.0478264 0.0456459 0.0438366 0.0428266 0.0419372 0.0401378
 1.0876e-16 5.07816e-05 0.000493616 0.00328025 0.0149116 0.0463955 0.0988515 0.144282 0.144308 0.0989769 0.0468165 0.0161283 0.00633729 0.00717669 0.0127718 0.0211108 0.0305914 0.0388727 0.0436131 0.0437679 0.0402065 0.0350737 0.0304199 0.0271766 0.0250815 0.0233053
 1.06151e-16 4.72392e-05 0.000459182 0.00305142 0.0138714 0.0431591 0.0919562 0.134219 0.134251 0.0921098 0.0436751 0.0153624 0.00679608 0.00864059 0.0156054 0.0257775 0.0372554 0.0471194 0.0524215 0.0518069 0.0463012 0.0385636 0.0312318 0.0256614 0.0217952 0.0188622
 1.05238e-16 5.06968e-05 0.000492791 0.00327477 0.0148866 0.046318 0.0986864 0.144041 0.144069 0.0988199 0.0467663 0.0161824 0.00653038 0.00760983 0.0135967 0.022475 0.032552 0.0413148 0.0462256 0.046103 0.041788 0.0354933 0.0293896 0.024557 0.0209173 0.0178594
 1.05876e-16 4.30685e-05 0.000418642 0.00278202 0.0126467 0.0393487 0.0838379 0.122371 0.122407 0.0840106 0.0399287 0.0143226 0.0069912 0.00961557 0.0175341 0.0289833 0.0418982 0.0530065 0.0589924 0.0583206 0.0521199 0.0433469 0.0349366 0.0284025 0.0237035 0.0200315
 1.05356e-16 5.35108e-05 0.000520144 0.00345654 0.015713 0.048889 0.104164 0.152035 0.152059 0.104279 0.0492763 0.0168326 0.00627076 0.00667612 0.0117816 0.0194891 0.0282955 0.0360567 0.0406116 0.0409507 0.037772 0.0329114 0.0281355 0.0242692 0.0211761 0.0183251
 1.02211e-16 6.68567e-05 0.000649871 0.00431862 0.0196318 0.061082 0.130142 0.189949 0.189964 0.130213 0.0613181 0.0203138 0.00603112 0.00439018 0.00717606 0.0117727 0.0169883 0.0214397 0.0237642 0.0233358 0.020628 0.0168753 0.0133126 0.0105916 0.00871169 0.00733366
 1.03105e-16 3.2074e-05 0.000311771 0.00207183 0.00941826 0.029304 0.0624372 0.09114 0.0911929 0.0626955 0.0301711 0.011922 0.00835425 0.0140185 0.0260405 0.0429386 0.061708 0.077296 0.0845677 0.0811488 0.068848 0.0524546 0.0369186 0.0250955 0.0173462 0.0125683
 1.03707e-16 6.38473e-05 0.000620618 0.00412423 0.0187481 0.0583325 0.124284 0.181399 0.181411 0.124344 0.0585355 0.0193359 0.00560495 0.00387044 0.00628667 0.0104244 0.0153177 0.0199007 0.0231077 0.02441 0.0240578 0.0227751 0.0211853 0.0194648 0.0174441 0.0149514
 1.03548e-16 4.60758e-05 0.000447873 0.00297628 0.0135297 0.0420963 0.0896919 0.130916 0.130953 0.0898735 0.0427058 0.0152897 0.00739252 0.0100834 0.0183309 0.0301936 0.0434032 0.0544026 0.0596037 0.0573684 0.0490002 0.0378832 0.0274807 0.0197374 0.0148038 0.0117902
 1.06594e-16 3.58013e-05 0.000348001 0.00231259 0.0105127 0.0327093 0.069692 0.101726 0.101765 0.0698852 0.0333583 0.0123891 0.00702834 0.0106618 0.0196799 0.0326245 0.0473324 0.0602241 0.0676396 0.0678397 0.0619558 0.0530591 0.0441604 0.0367572 0.0307845 0.0255186
 1.07223e-16 5.25594e-05 0.000510896 0.00339508 0.0154336 0.0480197 0.102312 0.149332 0.149353 0.102417 0.0483723 0.0164535 0.00596114 0.00613201 0.0107853 0.0178975 0.026131 0.0336077 0.0384366 0.0397377 0.0381063 0.0350698 0.0320061 0.0294102 0.0269613 0.0241065
 1.0535e-16 5.11652e-05 0.000497344 0.00330503 0.0150242 0.046746 0.0995983 0.145373 0.145401 0.099738 0.0472151 0.0163795 0.00670796 0.00792942 0.0141764 0.0233838 0.033749 0.0425914 0.0472171 0.0463998 0.0411064 0.0338157 0.0269946 0.0219226 0.0185495 0.016128
 1.08397e-16 2.32714e-05 0.000226207 0.00150323 0.00683348 0.0212618 0.0453024 0.0661314 0.0661848 0.0455634 0.0221381 0.00936557 0.00786303 0.0141227 0.0264533 0.0437953 0.0633189 0.0801114 0.089157 0.0881193 0.0786798 0.0652837 0.0523604 0.0422213 0.0348591 0.0291211
 1.10533e-16 5.04475e-05 0.000490368 0.00325867 0.0148134 0.0460902 0.0982006 0.14333 0.143347 0.0982829 0.046367 0.0156161 0.00528469 0.00495082 0.00863235 0.0144813 0.0215361 0.0285111 0.0340991 0.0376646 0.0395022 0.0403735 0.0407419 0.0403932 0.0387117 0.0352705
 1.09037e-16 4.23562e-05 0.000411717 0.00273601 0.0124375 0.0386979 0.0824513 0.120348 0.120383 0.0826257 0.0392836 0.0141295 0.00698398 0.0096884 0.0176711 0.0291775 0.0421069 0.0531386 0.0589369 0.0580214 0.0516703 0.0430461 0.0352541 0.0298353 0.0265784 0.0243444
 1.11076e-16 3.07308e-05 0.000298714 0.00198506 0.00902384 0.0280767 0.059822 0.0873205 0.0873619 0.060024 0.0287557 0.0109869 0.00691996 0.0110956 0.0206064 0.0342027 0.0497002 0.0634093 0.0715644 0.0724078 0.0671615 0.0590249 0.0510626 0.0446821 0.0396067 0.0348697
 1.11195e-16 4.68366e-05 0.000455269 0.00302542 0.0137531 0.0427912 0.0911721 0.133073 0.133096 0.0912839 0.043167 0.0148408 0.00576406 0.00646201 0.0115383 0.0192212 0.0282044 0.0365699 0.042383 0.0447563 0.0443047 0.042542 0.0407345 0.0391665 0.0372812 0.034367
 1.08603e-16 4.62368e-05 0.000449438 0.00298667 0.013577 0.0422433 0.0900049 0.131371 0.131402 0.0901554 0.0427488 0.0150378 0.0066558 0.00846693 0.0152963 0.0252779 0.0365631 0.0463168 0.0516908 0.051409 0.0465257 0.0396698 0.0333936 0.0289203 0.0260254 0.0237657
 1.10978e-16 2.59289e-05 0.000252039 0.00167489 0.00761383 0.0236897 0.0504752 0.07368 0.0737278 0.0507086 0.0244738 0.00988016 0.00736931 0.0127017 0.0237252 0.0393265 0.0569899 0.072387 0.0811046 0.0811002 0.0738632 0.0632677 0.0530923 0.0451801 0.0393227 0.0343678
 1.1624e-16 3.48263e-05 0.000338524 0.00224961 0.0102264 0.0318184 0.0677934 0.0989521 0.0989792 0.0679257 0.0322637 0.0115164 0.00550217 0.00748709 0.0137534 0.0230555 0.0340878 0.044721 0.0527768 0.0572342 0.058702 0.0586823 0.0582714 0.0574217 0.0552541 0.0509523
 1.07452e-16 6.23985e-05 0.000606536 0.00403064 0.0183227 0.0570089 0.121464 0.177283 0.177297 0.121532 0.0572389 0.0189879 0.00570326 0.00426755 0.00704444 0.0116255 0.0169307 0.0217052 0.0247275 0.0254762 0.0244365 0.0227261 0.021337 0.0205935 0.0201585 0.0194334
pSPR Fmed_Fpbrs
0.740862   0.285357 0.285357
Fs Fmed_Fpbrs
0.189054   1.005 1.005
SSBpbr Bo_Bmed_Bpbrs
2.24595e+06  1.55164e+06  528601 528601
Ro
245553
SPR SPRFo_SPRFmed_SPRFpbrs
1.75267e+06 1.29848e+06 500136
Fref
1.005
Nvult_r0
 407062 42526.4 13809.8 10745.7 4148.51
CTP_r0
 25664.9 5044.45 1638.11 1274.65 492.094
YTP_r0
391305
Np
 351571 78250.3 28736.7 2714.19 1000.08
Nvult_p0
 273321 67713.1 24867 2348.7 865.41
CTP_p0
 91410.2 92562.6 8742.58 2839.02 2919.45
 91410.2 33941 12464.5 1177.28 433.784
YTP_p0
 2.51948e+06 1.55407e+06
CBA_c0
2.22986e+06
log_Ro
12.2313
likeval ReclasPelacesDesembMPH_pf_preclas_ppelaces_ptallas_desvR_qrecl_qpela
 31.251 18.9162 0.578206 0.00352132 257.579 140.718 104.32 0 16.4661 0 0 1.03294 0 0 0
q_reclas_q_pelaces
1 1
M
1
N
 228237 327610 30050.7 1.87304 1.89897
 109858 78895 106409 9760.58 1.22516
 132312 36683.8 23912.8 32252.3 2958.77
 275603 44371.8 11214.6 7310.4 10764.4
 261061 87856.2 12256.8 3097.81 4992.79
 283036 92190.1 29781.9 4154.87 2742.59
 162228 94895.3 28169.8 9100.23 2107.61
 109910 49857 24363.4 7232.32 2877.5
 78881 39449.9 17459.7 8531.96 3540.42
 96125 26495 12098.3 5354.44 3702.28
 142913 31698.4 7831.78 3576.18 2677.12
 152752 50731.4 10857.9 2682.67 2141.98
 175302 46542.3 12802.5 2740.06 1217.54
 124579 54153.6 12073.2 3321 1026.61
 165784 35310.4 11826 2636.53 949.424
 486825 52377.6 9580.88 3208.77 972.987
 193950 148056 13168.9 2408.85 1051.39
 710591 64815.4 44947 3997.81 1050.46
 578927 229545 18385.2 12749.4 1431.97
 339492 180048 60351.6 4833.82 3728.55
 565701 108070 49594.6 16624 2358.53
 685300 185299 31519 14464.4 5536.32
 207745 216831 50425.5 8577.3 5442.82
 472048 70735.8 68333.3 15891.3 4418.37
 420696 160574 22249 21493.3 6388.14
 241079 144213 51291.4 7106.9 8906.05
 382425 84176.2 47792.5 16998 5306.71
 433368 130628 26697 15157.7 7074.09
 180984 148551 41722.3 8526.99 7100.81
 181984 63118.3 49113.7 13794.1 5166.83
 620463 62682.3 20355.1 15838.7 6114.75
pred_Ctot
 8753.94 24496.3 2246.97 0.140052 0.141991
 6461.24 8922 12033.5 1103.79 0.13855
 7450.07 3978.34 2593.33 3497.74 320.877
 23526.4 7152.33 1807.7 1178.37 1735.12
 6635.44 4391.29 612.628 154.837 249.553
 15976.9 10022.1 3237.64 451.683 298.151
 17128.9 18658.5 5538.79 1789.3 414.4
 1693.83 1521.07 743.294 220.648 87.7886
 4368.85 4210.93 1863.67 910.712 377.908
 6352.31 3349.99 1529.69 677.009 468.112
 3176.48 1388.45 343.046 156.643 117.263
 16841.8 10382.5 2222.13 549.025 438.37
 18015.7 8924.52 2454.88 525.409 233.464
 18463.5 14508.5 3234.58 889.74 275.044
 14980.7 6004.48 2010.98 448.337 161.448
 54163.5 10809.4 1977.25 662.209 200.8
 11316.9 16616.2 1477.93 270.342 117.996
 55340.8 9580.71 6643.85 590.938 155.274
 57360.2 42543.3 3407.47 2362.95 265.397
 29248.4 29274.9 9812.88 785.955 606.244
 39568.8 14425 6619.78 2218.94 314.811
 61365.3 31242 5314.22 2438.75 933.443
 9838.19 19897.5 4627.29 787.094 499.46
 22625.1 6567.01 6343.97 1475.33 410.195
 18236 13523.9 1873.87 1810.22 538.026
 7785.81 9116.78 3242.5 449.278 563.016
 17388.5 7425.93 4216.21 1499.55 468.152
 18796.3 11008 2249.76 1277.34 596.136
 5974.53 9594.53 2694.73 550.735 458.622
 7369.58 4975.82 3871.8 1087.44 407.318
 25664.9 5044.45 1638.11 1274.65 492.094
F
 0.0622665 0.124533 0.124533 0.124533 0.124533
 0.0968516 0.193703 0.193703 0.193703 0.193703
 0.0925588 0.185118 0.185118 0.185118 0.185118
 0.143261 0.286522 0.286522 0.286522 0.286522
 0.0409001 0.0818003 0.0818003 0.0818003 0.0818003
 0.0928007 0.185601 0.185601 0.185601 0.185601
 0.179846 0.359692 0.359692 0.359692 0.359692
 0.0246317 0.0492634 0.0492634 0.0492634 0.0492634
 0.0909853 0.181971 0.181971 0.181971 0.181971
 0.109383 0.218765 0.218765 0.218765 0.218765
 0.0356888 0.0713777 0.0713777 0.0713777 0.0713777
 0.188454 0.376908 0.376908 0.376908 0.376908
 0.174685 0.349371 0.349371 0.349371 0.349371
 0.260764 0.521527 0.521527 0.521527 0.521527
 0.152204 0.304409 0.304409 0.304409 0.304409
 0.190311 0.380622 0.380622 0.380622 0.380622
 0.096055 0.19211 0.19211 0.19211 0.19211
 0.129998 0.259996 0.259996 0.259996 0.259996
 0.167956 0.335912 0.335912 0.335912 0.335912
 0.14467 0.28934 0.28934 0.28934 0.28934
 0.116094 0.232189 0.232189 0.232189 0.232189
 0.150736 0.301473 0.301473 0.301473 0.301473
 0.0773616 0.154723 0.154723 0.154723 0.154723
 0.0783282 0.156656 0.156656 0.156656 0.156656
 0.070615 0.14123 0.14123 0.14123 0.14123
 0.0522127 0.104425 0.104425 0.104425 0.104425
 0.0741803 0.148361 0.148361 0.148361 0.148361
 0.0706573 0.141315 0.141315 0.141315 0.141315
 0.053396 0.106792 0.106792 0.106792 0.106792
 0.0658398 0.13168 0.13168 0.13168 0.13168
 0.0672917 0.134583 0.134583 0.134583 0.134583
YTP_r0W_actual
 213018 71126.7 45211.7 43592.9 18355.1
YTP_p0W_proyectada
 684662 1.45046e+06 202216 83382 98765
 684662 531855 288304 34576.7 14674.9
CTP_r0_actual
 25664.9 5044.45 1638.11 1274.65 492.094
CTP_p0_proyectada
 91410.2 92562.6 8742.58 2839.02 2919.45
 91410.2 33941 12464.5 1177.28 433.784
Wmedp
 7.49 15.67 23.13 29.37 33.83
Frms_r0
 0.0672917 0.134583 0.134583 0.134583 0.134583
Zrms_r0
 1.06729 1.13458 1.13458 1.13458 1.13458
nmprior
 8.19 8.8 8.5 0
nm_flota  nm_reclas  nm_pelaces    nm_pelaL
inf 6.88794 7.98646 14.8957
cv_recla  cv_pelaces  cv_mph
0.505658 0.493161 1.83129
 ------------------------------------------------
Talla a la edad & desviaci?n 
 8 13.2811 15.8009 17.003 17.5766
 0.8 1.32811 1.58009 1.7003 1.75766
