    unsorted:	 2.321377406e-06 -4.173618279e-07 5.628521844e-05 0.0001025830728 0.001099991878 9.991328841 13.89841940 38.17317517 67.66896475 134.7216211 186.0631584 222.7122573 230.5521792 432.5241544 449.4745144 562.7191481 787.4171293 802.3819581 754.5796036 871.8535597 922.5358364 991.7731185 1011.482130 1098.479098 1236.644634 1227.174366 1292.237531 1519.786145 1725.813351 1758.113957 1989.398993 2279.668064 2254.569822 2309.280080 2403.465883 2446.795138 2586.001851 2844.862901 3183.666583 3431.851742 3763.940698 4124.897441 8686.838503 10145.57204 41585.05440 158260.3731 376421.8823 382293.1887 364074.5523 348660.4581 339814.1682 393707.2150 407488.5710 301656.0478 444368.4876 224191.0132 466599.1516 508589.9264 634745.2628 710913.7880 694651.4357 736155.5287 769539.3041 1030338.397 1157606.523 1247275.682 1313520.509 1464798.845 1541215.312 1807137.707 1915223.105 2163929.389 2582667.646 2544169.346 2795103.142 3036377.394 3379814.088
      sorted:	 -4.173618279e-07 2.321377406e-06 5.628521844e-05 0.0001025830728 0.001099991878 9.991328841 13.89841940 38.17317517 67.66896475 134.7216211 186.0631584 222.7122573 230.5521792 432.5241544 449.4745144 562.7191481 754.5796036 787.4171293 802.3819581 871.8535597 922.5358364 991.7731185 1011.482130 1098.479098 1227.174366 1236.644634 1292.237531 1519.786145 1725.813351 1758.113957 1989.398993 2254.569822 2279.668064 2309.280080 2403.465883 2446.795138 2586.001851 2844.862901 3183.666583 3431.851742 3763.940698 4124.897441 8686.838503 10145.57204 41585.05440 158260.3731 224191.0132 301656.0478 339814.1682 348660.4581 364074.5523 376421.8823 382293.1887 393707.2150 407488.5710 444368.4876 466599.1516 508589.9264 634745.2628 694651.4357 710913.7880 736155.5287 769539.3041 1030338.397 1157606.523 1247275.682 1313520.509 1464798.845 1541215.312 1807137.707 1915223.105 2163929.389 2544169.346 2582667.646 2795103.142 3036377.394 3379814.088
