years
 1991 1992 1993 1994 1995 1996 1997 1998 1999 2000 2001 2002 2003 2004 2005 2006 2007 2008 2009 2010 2011 2012 2013 2014 2015 2016 2017 2018 2019 2020 2021
reclasobs
 0 0 0 0 0 0 0 0 0 252601 567819 844713 477998 351125 339783 2.1784e+06 2.13404e+06 4.81314e+06 1.55562e+06 2.62356e+06 3.21686e+06 3.843e+06 1.13348e+06 3.07943e+06 1.97215e+06 2.03268e+06 2.025e+06 2.42433e+06 2.27542e+06 1.05018e+06 2.36338e+06
reclaspred
 1.86458e+06 945098 464314 157514 19223.3 688147 658360 294141 19979.7 82469.8 361213 493145 416902 229200 198398 646155 888937 1.44823e+06 1.94492e+06 1.29531e+06 2.1865e+06 1.9188e+06 1.37546e+06 1.92393e+06 1.74497e+06 1.10392e+06 1.21409e+06 1.90179e+06 2.24183e+06 950567 759330
pelacesobs
 0 0 0 0 0 0 0 0 0 0 0 0 0 0 0 552880 188675 0 991730 2.46772e+06 1.41603e+06 1.21717e+06 2.29649e+06 1.80582e+06 0 1.4828e+06 1.56532e+06 1.57751e+06 1.42118e+06 867257 1.10002e+06
pelacespred
 853271 448576 213789 47521.3 3179.6 313478 254875 143704 3071.85 30859 163004 186578 184747 89096.8 86088.9 251316 346345 647348 918582 608416 934743 895808 633445 975137 882872 538076 672276 1.03798e+06 1.01302e+06 528955 380647
mphobs
 0 0 0 0 0 0 0 0 0 0 0 498337 0 5186 125008 0 168611 109162 213762 579715 649985 157893 87575 83554 0 0 0 0 0 0 0
mphpred
 1.95609e+06 974061 576097 188184 50366.6 3221.37 809563 315726 87363.8 1597.95 65842.3 474540 270776 266354 97578.8 149584 757696 604648 1.29955e+06 1.52105e+06 958890 1.79299e+06 1.39656e+06 865206 1.77217e+06 1.17247e+06 609422 1.03353e+06 2.14172e+06 1.21785e+06 475875
desembarqueobs
 494567 514787 250237 358949 120608 361735 552515 73892 212993 205616 52469 317467 293654 387597 252695 516296 358380 742168 942051 627588 828172 859565 418607 520667 417249 300574 415391 372974 316634 284311 391294
desembarquepred
 494743 514034 249923 357976 120692 360848 552341 74015.8 212234 205671 52612.3 316894 293504 386438 252039 515262 358231 741336 939879 627255 827178 860147 417905 520704 416997 300393 415010 372976 316605 283903 392770
Reclutas
 12834.2 178726 6036.72 55999.4 2292.07 399259 6951.05 3159.72 1768.66 74736 183659 41803.6 145325 45889.5 68186 423702 58199.8 575709 636261 63012.8 593860 438451 43217.3 426441 185136 27548.2 319645 456380 18013.2 12761.4 184247
log_desv_Rt
 -1.6662 0.967537 -2.42045 -0.192974 -3.38886 1.7713 -2.27942 -3.06783 -3.64809 0.0956469 0.994768 -0.485332 0.76066 -0.392077 0.00392423 1.83071 -0.154433 2.13729 2.23729 -0.0749774 2.16833 1.86493 -0.452075 1.83716 1.00277 -0.902379 1.5489 1.90501 -1.32721 -1.67189 0.997961
SSB
 1.95609e+06 974061 576097 188184 50366.6 3221.37 809563 315726 87363.8 1597.95 65842.3 474540 270776 266354 97578.8 149584 757696 604648 1.29955e+06 1.52105e+06 958890 1.79299e+06 1.39656e+06 865206 1.77217e+06 1.17247e+06 609422 1.03353e+06 2.14172e+06 1.21785e+06 475875
BT
 2.41955e+06 1.75644e+06 741034 466818 105651 1.76083e+06 1.08786e+06 414175 215041 338936 721810 740842 918926 679540 593864 1.46848e+06 1.1826e+06 3.1261e+06 3.99261e+06 2.0869e+06 4.10079e+06 3.34477e+06 1.93552e+06 4.12807e+06 2.67428e+06 1.59854e+06 2.95844e+06 4.07905e+06 2.62182e+06 1.55701e+06 1.74534e+06
Ftot
 0.24888 0.499285 0.491567 1.77187 3.28159 0.491878 0.742014 0.236382 4.24815 2.10112 0.138794 0.582258 0.642422 1.39024 1.12155 0.732744 0.373917 0.475837 0.448317 0.445238 0.354154 0.415259 0.284175 0.25552 0.225014 0.255224 0.32133 0.186002 0.133944 0.279337 0.479841
BD_Bspro_t
 0.960962 0.722259 0.54915 0.305455 0.105271 0.0115195 0.62322 0.343657 0.154143 0.00572458 0.219241 0.685726 0.4486 0.402837 0.19897 0.277012 0.536727 0.46641 0.596674 0.588445 0.436177 0.584002 0.562641 0.500629 0.69091 0.651535 0.562279 0.698377 0.808372 0.708888 0.538345
BD_Bspro
 4.02919 2.00639 1.18666 0.387626 0.103746 0.00663544 1.66755 0.650338 0.179954 0.00329149 0.135623 0.977466 0.557749 0.54864 0.200995 0.308117 1.56072 1.24547 2.67683 3.13309 1.97514 3.69324 2.87666 1.78217 3.65036 2.41507 1.2553 2.12888 4.41157 2.50854 0.980215
BD_Bo
 1.12144 0.558435 0.33028 0.107887 0.0288755 0.00184683 0.464127 0.181007 0.0500862 0.000916114 0.0377478 0.272056 0.155237 0.152702 0.0559425 0.0857576 0.434391 0.346648 0.745037 0.872028 0.549737 1.02793 0.800656 0.496028 1.016 0.672183 0.349385 0.592528 1.22786 0.698198 0.272822
BD_Brms
 4.76048 2.37054 1.40203 0.457979 0.122576 0.00783976 1.97021 0.768373 0.212615 0.00388889 0.160239 1.15487 0.658979 0.648217 0.237475 0.364039 1.84398 1.47151 3.16267 3.70174 2.33362 4.36355 3.39877 2.10563 4.31289 2.8534 1.48313 2.51527 5.21225 2.96384 1.15812
Sel_flota
 0.5 1 1 1 1
 0.5 1 1 1 1
 0.5 1 1 1 1
 0.5 1 1 1 1
 0.5 1 1 1 1
 0.5 1 1 1 1
 0.5 1 1 1 1
 0.5 1 1 1 1
 0.5 1 1 1 1
 0.5 1 1 1 1
 0.5 1 1 1 1
 0.5 1 1 1 1
 0.5 1 1 1 1
 0.5 1 1 1 1
 0.5 1 1 1 1
 0.5 1 1 1 1
 0.5 1 1 1 1
 0.5 1 1 1 1
 0.5 1 1 1 1
 0.5 1 1 1 1
 0.5 1 1 1 1
 0.5 1 1 1 1
 0.5 1 1 1 1
 0.5 1 1 1 1
 0.5 1 1 1 1
 0.5 1 1 1 1
 0.5 1 1 1 1
 0.5 1 1 1 1
 0.5 1 1 1 1
 0.5 1 1 1 1
 0.5 1 1 1 1
Sel_reclas
 0.5 1 1 1 1
 0.5 1 1 1 1
 0.5 1 1 1 1
 0.5 1 1 1 1
 0.5 1 1 1 1
 0.5 1 1 1 1
 0.5 1 1 1 1
 0.5 1 1 1 1
 0.5 1 1 1 1
 0.5 1 1 1 1
 0.5 1 1 1 1
 0.5 1 1 1 1
 0.5 1 1 1 1
 0.5 1 1 1 1
 0.5 1 1 1 1
 0.5 1 1 1 1
 0.5 1 1 1 1
 0.5 1 1 1 1
 0.5 1 1 1 1
 0.5 1 1 1 1
 0.5 1 1 1 1
 0.5 1 1 1 1
 0.5 1 1 1 1
 0.5 1 1 1 1
 0.5 1 1 1 1
 0.5 1 1 1 1
 0.5 1 1 1 1
 0.5 1 1 1 1
 0.5 1 1 1 1
 0.5 1 1 1 1
 0.5 1 1 1 1
Sel_pelaces
 0.5 1 1 1 1
 0.5 1 1 1 1
 0.5 1 1 1 1
 0.5 1 1 1 1
 0.5 1 1 1 1
 0.5 1 1 1 1
 0.5 1 1 1 1
 0.5 1 1 1 1
 0.5 1 1 1 1
 0.5 1 1 1 1
 0.5 1 1 1 1
 0.5 1 1 1 1
 0.5 1 1 1 1
 0.5 1 1 1 1
 0.5 1 1 1 1
 0.5 1 1 1 1
 0.5 1 1 1 1
 0.5 1 1 1 1
 0.5 1 1 1 1
 0.5 1 1 1 1
 0.5 1 1 1 1
 0.5 1 1 1 1
 0.5 1 1 1 1
 0.5 1 1 1 1
 0.5 1 1 1 1
 0.5 1 1 1 1
 0.5 1 1 1 1
 0.5 1 1 1 1
 0.5 1 1 1 1
 0.5 1 1 1 1
 0.5 1 1 1 1
pf_obs 
 0.8446 0.082 0.0669 0.0065 0
 0.8095 0.147 0.0364 0.0071 0
 0.9664 0.0169 0.016 0.0007 0
 0.9276 0.0648 0.0075 0.0001 0
 0.7033 0.2144 0.0806 0.0017 0
 0.9318 0.0425 0.0243 0.0014 0
 0.5671 0.3108 0.0964 0.0239 0.0018
 0.0768 0.2599 0.5324 0.112 0.0189
 0.490249 0.384438 0.106611 0.0170017 0.00170017
 0.7925 0.1577 0.0466 0.003 0.0002
 0.840416 0.127587 0.0312969 0.00059994 9.999e-05
 0.8084 0.0986 0.0794 0.0134 0.0002
 0.7335 0.1905 0.0724 0.0035 0.0001
 0.4001 0.4547 0.1325 0.0127 0
 0.49795 0.308269 0.164784 0.0264974 0.00249975
 0.9179 0.0499 0.0305 0.0017 0
 0.2467 0.6533 0.0926 0.0074 0
 0.9418 0.0223 0.034 0.0019 0
 0.707729 0.231977 0.0356964 0.0245975 0
 0.517169 0.277429 0.184464 0.0207286 0.00020938
 0.811772 0.124168 0.05621 0.00726502 0.000585176
 0.764997 0.148141 0.077277 0.00933861 0.000247198
 0.163321 0.427699 0.378323 0.0303852 0.000271297
 0.753843 0.0900009 0.118128 0.0371064 0.000921714
 0.721811 0.176058 0.0630433 0.0369309 0.00215725
 0.143369 0.312575 0.442814 0.0836902 0.0175525
 0.692698 0.0596174 0.167031 0.0765114 0.00414204
 0.394062 0.376323 0.152708 0.0712218 0.00568511
 0.125707 0.32114 0.495352 0.0537591 0.00404204
 0.23352 0.215282 0.420074 0.123614 0.00750983
 0.774587 0.0839891 0.0768558 0.0609784 0.00358967
pf_pred 
 0.0395305 0.630224 0.261117 0.0234168 0.0457119
 0.657961 0.0278553 0.206156 0.0854153 0.0226131
 0.0503439 0.776402 0.0141096 0.104424 0.0547198
 0.701641 0.0327246 0.217172 0.00394668 0.0445152
 0.155751 0.756091 0.00966937 0.0641694 0.0143194
 0.998661 0.000742936 0.000533662 6.8248e-06 5.53987e-05
 0.0335932 0.96585 0.000309165 0.000222078 2.58936e-05
 0.0703607 0.0749202 0.854226 0.000273435 0.000219313
 0.161885 0.117105 0.0581066 0.662521 0.000382166
 0.997743 0.00150511 0.000105068 5.21342e-05 0.000594767
 0.907579 0.0923702 3.36221e-05 2.34709e-06 1.4451e-05
 0.261207 0.704368 0.0344056 1.25234e-05 6.25686e-06
 0.766029 0.107223 0.120842 0.00590267 3.22196e-06
 0.39994 0.533304 0.0305927 0.0344784 0.00168506
 0.770058 0.155954 0.0657571 0.00377211 0.004459
 0.938957 0.0552937 0.00389916 0.00164406 0.000205795
 0.220389 0.759957 0.0178022 0.00125536 0.000595575
 0.87332 0.0491028 0.0756211 0.00177144 0.000184181
 0.661899 0.318143 0.00773613 0.0119141 0.000308108
 0.130655 0.710914 0.149078 0.00362506 0.00572716
 0.814675 0.0474495 0.112749 0.0236432 0.00148323
 0.541145 0.416298 0.010896 0.0258909 0.00576989
 0.112735 0.645837 0.219036 0.00573297 0.0166584
 0.779113 0.0478704 0.125938 0.042712 0.00436631
 0.38281 0.545537 0.0155287 0.040853 0.0152717
 0.119601 0.501962 0.334502 0.00952158 0.0344135
 0.812428 0.0425278 0.0826976 0.0551087 0.00723824
 0.681746 0.28806 0.00684568 0.0133118 0.010036
 0.047224 0.780396 0.156026 0.00370791 0.0126461
 0.0923949 0.0848461 0.673902 0.134734 0.0141224
 0.81787 0.033008 0.0139404 0.110724 0.0244575
pobs_RECLAS
 0 0 0 0 0
 0 0 0 0 0
 0 0 0 0 0
 0 0 0 0 0
 0 0 0 0 0
 0 0 0 0 0
 0 0 0 0 0
 0 0 0 0 0
 0 0 0 0 0
 0 0 0 0 0
 0.991045 0.00858322 0.000360255 1.14367e-05 0
 0.934742 0.0480273 0.0164251 0.00080598 0
 0.827803 0.169806 0.00239088 0 0
 0.941827 0.0461693 0.0120037 0 0
 0.791401 0.0380133 0.147996 0.0225897 0
 0.846168 0.0940531 0.0597789 0 0
 0.134021 0.677848 0.182769 0.00536245 0
 0.80878 0.0450904 0.141981 0.00414843 0
 0.846168 0.0940531 0.0597789 0 0
 0.905697 0.0802665 0.012482 0.00150086 5.37128e-05
 0.989698 0.0102097 9.19794e-05 0 0
 0.975433 0.0193895 0.00387452 0.00125025 5.28907e-05
 0.303575 0.632131 0.0575291 0.00676475 0
 0.966965 0.00978017 0.0227588 0.000495775 0
 0.843318 0.132988 0.00938335 0.0141283 0.000182051
 0.564624 0.303363 0.111486 0.0197234 0.00080311
 0.826376 0.0876187 0.0782897 0.00655872 0.00115652
 0.89761 0.0855135 0.0140674 0.00269457 0.000114338
 0.34875 0.467042 0.161289 0.0227151 0.000203297
 0.318654 0.224769 0.449479 0.00709798 0
 0.937255 0.0296025 0.0250945 0.00804832 0
ppred_RECLAS
 0.0399896 0.629922 0.260992 0.0234057 0.04569
 0.664173 0.0273494 0.202412 0.083864 0.0222024
 0.0516599 0.775326 0.01409 0.10428 0.054644
 0.73359 0.0292204 0.193917 0.00352406 0.0397484
 0.215348 0.702717 0.00898678 0.0596395 0.0133085
 0.998697 0.000723019 0.000519355 6.64183e-06 5.39135e-05
 0.0351279 0.964316 0.000308674 0.000221725 2.58525e-05
 0.0711058 0.0748602 0.853542 0.000273216 0.000219137
 0.257068 0.103805 0.0515076 0.58728 0.000338764
 0.998157 0.00122871 8.57737e-05 4.25603e-05 0.000485545
 0.908103 0.0918469 3.34316e-05 2.33379e-06 1.43691e-05
 0.267763 0.698118 0.0341003 1.24123e-05 6.20134e-06
 0.772818 0.104112 0.117336 0.00573139 3.12847e-06
 0.426767 0.509461 0.0292249 0.032937 0.00160972
 0.784163 0.146387 0.0617235 0.00354073 0.00418548
 0.941513 0.0529783 0.00373588 0.00157522 0.000197177
 0.223745 0.756687 0.0177256 0.00124996 0.000593012
 0.876181 0.0479942 0.0739137 0.00173145 0.000180023
 0.667303 0.313058 0.00761248 0.0117236 0.000303183
 0.13341 0.708662 0.148605 0.00361357 0.00570902
 0.817407 0.0467502 0.111087 0.0232948 0.00146137
 0.546618 0.411332 0.0107661 0.0255821 0.00570107
 0.114146 0.644811 0.218688 0.00572386 0.0166319
 0.781239 0.0474097 0.124726 0.0423009 0.00432429
 0.385344 0.543296 0.0154649 0.0406853 0.015209
 0.12091 0.501216 0.334004 0.00950742 0.0343623
 0.814884 0.0419708 0.0816145 0.0543869 0.00714344
 0.683619 0.286365 0.0068054 0.0132335 0.00997691
 0.0474956 0.780174 0.155981 0.00370686 0.0126425
 0.093554 0.0847377 0.673042 0.134562 0.0141043
 0.821767 0.0323018 0.0136422 0.108355 0.0239342
pobs_PELACES
 0 0 0 0 0
 0 0 0 0 0
 0 0 0 0 0
 0 0 0 0 0
 0 0 0 0 0
 0 0 0 0 0
 0 0 0 0 0
 0 0 0 0 0
 0 0 0 0 0
 0 0 0 0 0
 0 0 0 0 0
 0 0 0 0 0
 0 0 0 0 0
 0 0 0 0 0
 0 0 0 0 0
 0 0 0 0 0
 0.505614 0.472636 0.0217494 0 0
 0 0 0 0 0
 0.443492 0.261883 0.143347 0.151278 0
 0.227955 0.32914 0.350689 0.0885471 0.00366901
 0.970185 0.0296113 0.000203453 0 0
 0.997202 0.00247181 0.000326279 0 0
 0.445219 0.490057 0.0546422 0.010081 0
 0.90214 0.0892962 0.00764917 0.000914606 0
 0 0 0 0 0
 0.581667 0.319106 0.0959925 0.00289975 0.000334073
 0.762889 0.0836404 0.116647 0.0363945 0.000428098
 0.88444 0.0763242 0.0277011 0.0115352 0
 0.521256 0.241999 0.230069 0.00667565 0
 0.616807 0.101726 0.260614 0.0208532 0
 0.833518 0.0704572 0.0857862 0.0102388 0
ppred_PELACES
 0.0415963 0.628868 0.260555 0.0233665 0.0456136
 0.682293 0.0258737 0.19149 0.0793391 0.0210044
 0.0557811 0.771957 0.0140288 0.103827 0.0544065
 0.786721 0.0233929 0.155244 0.00282124 0.0318213
 0.32049 0.608554 0.00778257 0.051648 0.0115252
 0.998799 0.000666725 0.000478918 6.1247e-06 4.97158e-05
 0.0395222 0.959924 0.000307268 0.000220715 2.57348e-05
 0.0737254 0.0746491 0.851135 0.000272445 0.000218519
 0.410883 0.0823139 0.0408436 0.465691 0.000268627
 0.998697 0.0008692 6.06771e-05 3.01076e-05 0.000343479
 0.909996 0.0899545 3.27428e-05 2.28571e-06 1.4073e-05
 0.287014 0.679764 0.0332038 1.2086e-05 6.0383e-06
 0.790889 0.0958303 0.108002 0.00527549 2.87962e-06
 0.48359 0.45896 0.0263279 0.029672 0.00145015
 0.813839 0.12626 0.053237 0.0030539 0.00361001
 0.947826 0.0472599 0.00333264 0.00140519 0.000175894
 0.234643 0.746064 0.0174767 0.00123241 0.000584686
 0.88445 0.0447889 0.0689774 0.00161581 0.000168
 0.683518 0.2978 0.00724148 0.0111523 0.000288407
 0.142134 0.701527 0.147109 0.00357719 0.00565154
 0.825967 0.0445585 0.105879 0.0222027 0.00139286
 0.563538 0.395982 0.0103643 0.0246274 0.00548831
 0.118973 0.641297 0.217496 0.00569266 0.0165413
 0.788359 0.0458667 0.120667 0.0409241 0.00418355
 0.394175 0.535491 0.0152427 0.0401008 0.0149905
 0.125458 0.498623 0.332276 0.00945823 0.0341845
 0.822749 0.0401876 0.0781471 0.0520763 0.00683995
 0.690219 0.280391 0.00666343 0.0129574 0.00976877
 0.0485055 0.779347 0.155816 0.00370292 0.0126291
 0.0975365 0.0843654 0.670085 0.133971 0.0140424
 0.833069 0.0302535 0.0127771 0.101484 0.0224165
pobs_pel_tallas
 0 0 0 0 0 0 0 0 0 0 0 0 0 0 0 0 0 0 0 0 0 0 0 0 0 0
 0 0 0 0 0 0 0 0 0 0 0 0 0 0 0 0 0 0 0 0 0 0 0 0 0 0
 0 0 0 0 0 0 0 0 0 0 0 0 0 0 0 0 0 0 0 0 0 0 0 0 0 0
 0 0 0 0 0 0 0 0 0 0 0 0 0 0 0 0 0 0 0 0 0 0 0 0 0 0
 0 0 0 0 0 0 0 0 0 0 0 0 0 0 0 0 0 0 0 0 0 0 0 0 0 0
 0 0 0 0 0 0 0 0 0 0 0 0 0 0 0 0 0 0 0 0 0 0 0 0 0 0
 0 0 0 0 0 0 0 0 0 0 0 0 0 0 0 0 0 0 0 0 0 0 0 0 0 0
 0 0 0 0 0 0 0 0 0 0 0 0 0 0 0 0 0 0 0 0 0 0 0 0 0 0
 0 0 0 0 0 0 0 0 0 0 0 0 0 0 0 0 0 0 0 0 0 0 0 0 0 0
 0 0 0 0 0 0 0 0 0 0 0 0 0 0 0 0 0 0 0 0 0 0 0 0 0 0
 0 0 0 0 0 0 0 0 0 0 0 0 0 0 0 0 0 0 0 0 0 0 0 0 0 0
 0 0 0 0 0 0 0 0 0 0 0 0 0 0 0 0 0 0 0 0 0 0 0 0 0 0
 0.00862536 0 0 0.000197151 0.00414017 0.0128641 0.00837892 0.0270097 0.101434 0.158115 0.152841 0.127902 0.109271 0.109419 0.0830992 0.0579132 0.0238553 0.00714673 0.00463305 0.00128148 0.00103504 0.000492878 0.000147863 0.000147863 4.92878e-05 0
 0 0 0 0 0 0 0 0 0 0 0 0 0 0 0 0 0 0 0 0 0 0 0 0 0 0
 0 0 0 0 0 0 0 0.0054083 0.00873648 0.0413646 0.0450493 0.0745869 0.0622846 0.0627006 0.0613931 0.0827291 0.12552 0.122667 0.0946155 0.0697135 0.0546179 0.0294188 0.0215738 0.0213955 0.0102223 0.00600262
 0 0 0 0 0.00359764 0.0251062 0.0480494 0.140153 0.205849 0.193036 0.1447 0.116669 0.0760912 0.0342217 0.00950174 0.001854 0.000860785 0 0 0 0.000165536 0 0.000143464 0 0 0
 0 0 0 0 0 0 0 0.000145254 0.000435761 0.0275982 0.070085 0.0708112 0.156366 0.174668 0.174014 0.160142 0.0824315 0.0480064 0.0283245 0.00493863 0.00203355 0 0 0 0 0
 0 0 0 0 0 0 0 0 0 0 0 0 0 0 0 0 0 0 0 0 0 0 0 0 0 0
 0 0 1.00437e-05 0.000401748 0.00122533 0.00171747 0.00176769 0.0269171 0.070346 0.194647 0.189555 0.159765 0.064822 0.0314167 0.0384472 0.0292271 0.0345202 0.0313363 0.0194345 0.0106764 0.0143323 0.0359363 0.0279516 0.0138201 0.00172751 0
 0 0.0021121 0.0136068 0.0755702 0.200478 0.177729 0.0527432 0.0373336 0.0318909 0.0142505 0.0149659 0.0166563 0.0217959 0.0798694 0.0677717 0.0528807 0.04013 0.0224614 0.0357745 0.0225083 0.00881397 0.00855152 0.00135912 0.000746735 0 0
 0 0 0 0 5.4009e-05 0.00500934 0.000945158 0.0243581 0.138947 0.33067 0.221406 0.137944 0.0707744 0.0437923 0.0131692 0.00525238 0.0047753 0.00276346 9.45158e-05 9.00151e-06 2.25038e-05 9.00151e-06 4.50075e-06 0 0 0
 0.000866109 0.00284123 0.00948549 0.0512746 0.133035 0.25785 0.225252 0.132002 0.0553304 0.0519788 0.0540692 0.017754 0.00435017 0.00159236 0.00146478 0.000404838 0.000125132 0.000115318 0.000107957 0.000100596 0 0 0 0 0 0
 0 0 0 0 0.00144013 0.00171154 0.00461396 0.0210425 0.0478622 0.0707936 0.0888783 0.103762 0.0637923 0.0337046 0.0602308 0.124433 0.169614 0.0934646 0.0462172 0.0250306 0.0313229 0.00938855 0.002487 0.000210481 0 0
 0 0.00764035 0.051015 0.0998891 0.058973 0.0496711 0.0374665 0.0718981 0.12319 0.153886 0.159021 0.0857701 0.0377988 0.023471 0.0147837 0.00900784 0.00315554 0.000888139 0.00291439 0.00214683 0.00393193 0.00274676 0.000635225 9.99891e-05 0 0
 0 0 0 0 0 0 0 0 0 0 0 0 0 0 0 0 0 0 0 0 0 0 0 0 0 0
 0 0 0 0 0 0 0 0 0 0 0 0 0 0 0 0 0 0 0 0 0 0 0 0 0 0
 0 0 0 0 0 0 0 0 0 0 0 0 0 0 0 0 0 0 0 0 0 0 0 0 0 0
 0 0 0 0 0 0 0 0 0 0 0 0 0 0 0 0 0 0 0 0 0 0 0 0 0 0
 0 0 0 0 0 0 0 0 0 0 0 0 0 0 0 0 0 0 0 0 0 0 0 0 0 0
 0 0 0 0 0 0 0 0 0 0 0 0 0 0 0 0 0 0 0 0 0 0 0 0 0 0
 0 0 0 0 0 0 0 0 0 0 0 0 0 0 0 0 0 0 0 0 0 0 0 0 0 0
ppred_pel_tallas
 1.17743e-16 3.42636e-06 3.33055e-05 0.00022133 0.00100617 0.00313089 0.00667295 0.00975212 0.00981301 0.00697059 0.00413106 0.00389849 0.00749472 0.0159551 0.0303709 0.0505414 0.0735957 0.0942023 0.106875 0.10903 0.102382 0.0914656 0.0805649 0.0715564 0.0639495 0.0563834
 1.17044e-16 5.61995e-05 0.00054628 0.00363022 0.0165025 0.0513453 0.109397 0.159668 0.159671 0.109411 0.0513929 0.0166443 0.0040022 0.00141142 0.00185628 0.003394 0.005862 0.00944624 0.014361 0.0207223 0.028352 0.0365677 0.0441516 0.0496331 0.0518017 0.0501744
 1.20222e-16 4.59477e-06 4.46629e-05 0.000296804 0.00134927 0.00419849 0.00894808 0.0130756 0.0131499 0.00931105 0.00541696 0.00486736 0.00912311 0.0192981 0.0365307 0.0602897 0.0866502 0.108612 0.11913 0.115164 0.0996577 0.0797179 0.0624302 0.0514761 0.0465022 0.0447559
 1.10155e-16 6.48012e-05 0.000629891 0.00418584 0.0190282 0.0592039 0.12614 0.184106 0.184109 0.126153 0.059246 0.0191528 0.00451007 0.00137642 0.00159628 0.00283367 0.00477053 0.00745415 0.0109443 0.0152281 0.0201053 0.025068 0.0293085 0.0319424 0.0323589 0.0304843
 1.07511e-16 2.63985e-05 0.000256603 0.00170522 0.00775171 0.0241188 0.0513897 0.0750171 0.0750756 0.0516758 0.0250788 0.0105234 0.00865754 0.0154174 0.0287728 0.0474066 0.0680194 0.084996 0.0926665 0.0885 0.0746971 0.0568161 0.0405436 0.0290636 0.0225368 0.0192875
 1.00024e-16 8.22697e-05 0.000799691 0.00531423 0.0241577 0.0751636 0.160144 0.233735 0.233735 0.160144 0.0751647 0.0241608 0.00532201 0.000816773 0.000114988 6.05911e-05 8.09014e-05 0.000104866 0.000121958 0.000129163 0.000127791 0.000121627 0.000113925 0.000105587 9.56929e-05 8.32835e-05
 1.00281e-16 3.25559e-06 3.16456e-05 0.000210301 0.000956054 0.00297513 0.00634225 0.00927604 0.00936834 0.00679314 0.00448845 0.00532415 0.011164 0.0239076 0.0452421 0.0745112 0.106683 0.132784 0.143672 0.135142 0.110514 0.0785773 0.0485894 0.0261466 0.0122635 0.00503566
 1.24646e-16 6.07269e-06 5.90287e-05 0.000392267 0.00178319 0.00554822 0.0118214 0.0172554 0.0172639 0.0118635 0.0056933 0.00221868 0.00154731 0.00278476 0.00577911 0.0110932 0.0195686 0.0320404 0.0490475 0.0703265 0.0941357 0.116878 0.133654 0.139923 0.133519 0.115799
 1.47948e-16 3.38439e-05 0.000328974 0.00218615 0.00993793 0.0309206 0.06588 0.0961555 0.0961636 0.0659199 0.0310553 0.0103301 0.00318331 0.00255038 0.00439228 0.00760042 0.0119427 0.0173114 0.0238481 0.0321805 0.0432618 0.0576723 0.0747469 0.0921584 0.106374 0.113865
 1.00064e-16 8.22613e-05 0.000799609 0.00531368 0.0241552 0.0751559 0.160128 0.233711 0.233711 0.160128 0.0751573 0.0241592 0.00532365 0.000821357 0.000123576 7.41337e-05 9.89152e-05 0.000124569 0.000138562 0.000137685 0.000125697 0.000110887 0.000101148 9.99707e-05 0.000105671 0.000113373
 1.00027e-16 7.49552e-05 0.000728591 0.00484175 0.0220099 0.068481 0.145906 0.212956 0.212965 0.145948 0.0686228 0.0224192 0.00586822 0.00296601 0.00431429 0.00698769 0.00999754 0.0124432 0.0134635 0.012664 0.0103561 0.00736318 0.00455287 0.00244963 0.0011486 0.000471348
 1.01135e-16 2.36411e-05 0.0002298 0.00152711 0.00694205 0.0215996 0.0460227 0.0671852 0.0672506 0.0463423 0.0226723 0.010039 0.00929562 0.017171 0.0321465 0.0529711 0.0759832 0.0948697 0.103205 0.0980114 0.0815639 0.0599201 0.0394179 0.0238285 0.0137847 0.00799747
 1.03671e-16 6.51445e-05 0.000633228 0.00420802 0.0191291 0.0595177 0.126809 0.185083 0.185093 0.126855 0.0596722 0.0195774 0.00534049 0.00312851 0.0048716 0.00812591 0.0121057 0.0160652 0.0192561 0.0212776 0.0222157 0.0224053 0.0220444 0.0210315 0.0191442 0.0163448
 1.04099e-16 3.98328e-05 0.000387189 0.00257301 0.0116965 0.0363925 0.0775397 0.113181 0.113225 0.0777556 0.0371171 0.0137888 0.00782235 0.0118382 0.0217631 0.0358535 0.051502 0.0644748 0.0704953 0.06762 0.0574271 0.043992 0.0314921 0.0222827 0.016548 0.0131928
 1.02486e-16 6.70349e-05 0.000651603 0.00433013 0.0196841 0.0612448 0.130489 0.190455 0.190467 0.130549 0.0614456 0.0202648 0.00579031 0.00384782 0.00616246 0.0101472 0.014763 0.0188798 0.0213813 0.0217325 0.020259 0.0178561 0.0153825 0.0132354 0.0113623 0.00955266
 1.0028e-16 7.80712e-05 0.00075888 0.00504302 0.0229249 0.0713278 0.151972 0.221808 0.221812 0.151994 0.0714024 0.0231403 0.00558363 0.00193818 0.0023153 0.00369761 0.00530382 0.00663784 0.00725267 0.00694461 0.00587205 0.00445144 0.00311306 0.00210482 0.00145631 0.00106782
 1.00918e-16 1.93273e-05 0.000187869 0.00124846 0.00567535 0.0176585 0.037626 0.0549312 0.055003 0.0379766 0.0188352 0.00907226 0.00976805 0.0187625 0.0352262 0.0580223 0.0831507 0.103656 0.112461 0.106301 0.087721 0.0634652 0.040612 0.0234027 0.0125691 0.00664849
 1.02193e-16 7.2851e-05 0.000708137 0.00470582 0.021392 0.0665584 0.14181 0.206977 0.206981 0.141832 0.0666313 0.0216036 0.00524163 0.00189305 0.0023677 0.00391447 0.00589947 0.00797268 0.00980773 0.011217 0.0121963 0.0128092 0.0130285 0.0127027 0.0116845 0.00999378
 1.01453e-16 5.63005e-05 0.000547261 0.00363674 0.0165321 0.0514377 0.109595 0.159962 0.159991 0.109735 0.0519075 0.0178884 0.00703853 0.00796487 0.0141188 0.0231873 0.033246 0.0414944 0.045125 0.0428573 0.0357236 0.026416 0.0177307 0.0113003 0.00733528 0.00517332
 1.0574e-16 1.17076e-05 0.000113802 0.000756257 0.00343788 0.0106969 0.0227933 0.0332817 0.0333494 0.0231241 0.0118076 0.00664686 0.00881432 0.0177146 0.0334675 0.0553831 0.0799453 0.100863 0.111688 0.109377 0.0960303 0.0773435 0.0591032 0.0445047 0.0338407 0.0259045
 1.0553e-16 6.80338e-05 0.000661313 0.00439466 0.0199775 0.0621574 0.132433 0.193291 0.193295 0.132455 0.0622312 0.0201928 0.00494297 0.00188422 0.00246677 0.00416971 0.006466 0.00910674 0.0118626 0.014596 0.017252 0.0197103 0.0216449 0.0225702 0.0220784 0.0200925
 1.03799e-16 4.6418e-05 0.000451199 0.00299838 0.0136302 0.0424089 0.090358 0.131888 0.131926 0.0905442 0.0430337 0.015434 0.00752315 0.0103187 0.0187574 0.0308611 0.0442802 0.0553329 0.0603159 0.057559 0.0484619 0.0366105 0.025693 0.017806 0.0131207 0.0106402
 1.09811e-16 9.7998e-06 9.52576e-05 0.000633023 0.00287767 0.00895383 0.0190794 0.0278599 0.0279219 0.0193824 0.00997194 0.00582074 0.00802967 0.0162723 0.0308206 0.0511645 0.0742287 0.0944285 0.106014 0.10624 0.0968655 0.0826991 0.0684762 0.0565842 0.0469803 0.0385902
 1.08307e-16 6.49361e-05 0.000631202 0.00419456 0.0190679 0.0593272 0.126403 0.18449 0.184495 0.126426 0.0594037 0.0192914 0.00476496 0.00190754 0.00258077 0.00440507 0.00690665 0.00988124 0.0131485 0.0166121 0.0202246 0.0238096 0.0269083 0.0288444 0.0290132 0.0271989
 1.07136e-16 3.24678e-05 0.000315598 0.00209726 0.00953389 0.0296637 0.0632037 0.0922584 0.0923099 0.0634554 0.0305088 0.0119737 0.00821765 0.013664 0.0253479 0.0417632 0.0599537 0.0749844 0.0818759 0.0784014 0.066481 0.0509721 0.0368363 0.0268411 0.0211147 0.0181939
 1.1645e-16 1.0334e-05 0.00010045 0.000667526 0.00303451 0.00944174 0.0201184 0.0293736 0.029422 0.0203554 0.0102387 0.00534166 0.00647834 0.0128501 0.0244131 0.0408354 0.0599674 0.0777886 0.0901129 0.094877 0.0931259 0.0878176 0.0815431 0.0751117 0.0678846 0.0590899
 1.08646e-16 6.77688e-05 0.000658736 0.00437754 0.0198996 0.0619152 0.131917 0.192538 0.192542 0.131937 0.0619815 0.0200929 0.00486917 0.00175404 0.00221352 0.00372611 0.0057749 0.00814719 0.0106793 0.0133264 0.0161461 0.0191296 0.0220154 0.0242729 0.0253021 0.0247173
 1.03217e-16 5.68525e-05 0.000552627 0.0036724 0.0166942 0.051942 0.110669 0.16153 0.161557 0.110801 0.0523844 0.0179714 0.00687601 0.00753876 0.0133034 0.0218484 0.0313426 0.0391588 0.042674 0.0407092 0.0342644 0.0258928 0.0182213 0.0127454 0.00958364 0.00801007
 1.07205e-16 3.9955e-06 3.88377e-05 0.000258094 0.0011733 0.00365099 0.00778159 0.0113732 0.0114484 0.00814897 0.00488471 0.0047375 0.00920764 0.0195853 0.0371537 0.0614864 0.0887315 0.111901 0.123829 0.121148 0.106227 0.0854416 0.065271 0.0492916 0.0378096 0.0294169
 1.35171e-16 8.03397e-06 7.8093e-05 0.000518956 0.0023591 0.0073401 0.0156392 0.0228278 0.022837 0.0156846 0.00749576 0.00282239 0.00173357 0.002901 0.0058726 0.0110126 0.0189419 0.0302673 0.0454415 0.0644594 0.0862923 0.108377 0.126761 0.137239 0.137034 0.126055
 1.14348e-16 6.86188e-05 0.000666999 0.00443245 0.0201493 0.0626918 0.133572 0.194952 0.194955 0.133586 0.0627408 0.0202916 0.00479288 0.00146516 0.00162 0.00266967 0.00409389 0.00573574 0.00754826 0.00966528 0.0123836 0.0159642 0.0203542 0.025027 0.029071 0.031502
pSPR Fmed_Fpbrs
0.492122   0.285572 0.285572
Fs Fmed_Fpbrs
0.496697   1.005 1.005
SSBpbr Bo_Bmed_Bpbrs
1.74427e+06  771180  410902 410902
Ro
67918.9
SPR SPRFo_SPRFmed_SPRFpbrs
485480 238915 138640
Fref
1.005
Nvult_r0
 130924 3153.17 1331.69 10577.1 2336.36
CTP_r0
 25333.4 1022.42 431.802 3429.65 757.568
YTP_r0
392770
Np
 171962 53322.4 929.522 392.569 3827.93
Nvult_p0
 133688 46142 804.353 339.705 3312.46
CTP_p0
 44710.8 23128.5 403.179 170.276 1660.36
YTP_p0
 779959
CBA_c0
508926
log_Ro
10.9461
likeval ReclasPelacesDesembMPH_pf_preclas_ppelaces_ptallas_desvR_qrecl_qpela
 52.053 48.1352 0.46859 0.00220712 335.916 161.499 127.226 0 128.093 0 0 0.134778 0 0 0
q_reclas_q_pelaces
1 1
M
1
N
 12834.2 107573 44570 3997.01 7802.55
 178726 4169 30854.6 12783.8 3384.42
 6036.72 51224.1 930.895 6889.52 3610.2
 55999.4 1736.86 11526.4 209.47 2362.64
 2292.07 8494.37 108.631 720.917 160.872
 399259 163.435 117.398 1.50136 12.1869
 6951.05 114855 36.7648 26.4086 3.07918
 3159.72 1764.53 20118.9 6.43999 5.1653
 1768.66 1032.82 512.479 5843.19 3.37056
 74736 77.7815 5.42977 2.69422 30.7367
 183659 9615.72 3.50006 0.244332 1.50434
 41803.6 63034.7 3079 1.12074 0.559934
 145325 11494.3 12954.3 632.767 0.345395
 45889.5 38774.6 2224.28 2506.8 122.514
 68186 8424.29 3552.06 203.762 240.866
 423702 14317.2 1009.61 425.697 53.2865
 58199.8 108057 2531.26 178.498 84.6836
 575709 17759.5 27350.7 640.697 66.6148
 636261 166948 4059.61 6252.01 161.682
 63012.8 187064 39227.1 953.867 1507
 593860 18554.6 44089.1 9245.42 580.001
 438451 183015 4790.16 11382.3 2536.59
 43217.3 131055 44447.5 1163.35 3380.37
 426441 13792.9 36286.4 12306.6 1258.06
 185136 138063 3929.97 10339 3864.94
 27548.2 60860.4 40556.6 1154.44 4172.46
 319645 8920.25 17345.9 11559.1 1518.23
 456380 100138 2379.75 4627.55 3488.78
 18013.2 152983 30586 726.87 2479.05
 12761.4 6197.43 49224 9841.42 1031.54
 184247 4082.69 1724.26 13695.2 3025.09
pred_Ctot
 958.967 15288.5 6334.42 568.067 1108.92
 25471.2 1078.34 7980.76 3306.62 875.403
 848.331 13082.9 237.756 1759.62 922.067
 22315.9 1040.82 6907.24 125.525 1415.82
 1322.58 6420.47 82.1089 544.905 121.595
 56139.2 41.7638 29.9995 0.383652 3.11421
 1403.52 40353.1 12.9169 9.27838 1.08183
 224.81 239.379 2729.35 0.873656 0.700731
 1149.64 831.628 412.649 4704.94 2.71398
 33363 50.3284 3.51332 1.74329 19.8881
 7827.78 796.684 0.289988 0.0202434 0.124638
 6834.26 18429.2 900.194 0.327664 0.163705
 25904.5 3625.91 4086.47 199.608 0.108956
 15363.4 20486.5 1175.2 1324.47 64.7303
 19354.7 3919.75 1652.74 94.8086 112.073
 84635.4 4984.05 351.461 148.192 18.5499
 6369.76 21964.5 514.524 36.2829 17.2135
 78560.7 4417.11 6802.59 159.353 16.5683
 82253.5 39535.2 961.361 1480.55 38.2882
 8095.11 44046.6 9236.52 224.6 354.842
 61806.7 3599.84 8553.86 1793.73 112.528
 52851 40657.8 1064.16 2528.64 563.517
 3660.7 20971.4 7112.46 186.159 540.926
 32669.3 2007.27 5280.76 1790.97 183.085
 12567.9 17910.4 509.818 1341.23 501.381
 2108.13 8847.77 5896.04 167.831 606.584
 30385.3 1590.56 3092.94 2061.1 270.714
 25815.5 10907.9 259.223 504.074 380.028
 741.659 12256.2 2450.41 58.2333 198.609
 1063.59 976.696 7757.55 1550.98 162.568
 25333.4 1022.42 431.802 3429.65 757.568
F
 0.12444 0.24888 0.24888 0.24888 0.24888
 0.249643 0.499285 0.499285 0.499285 0.499285
 0.245784 0.491567 0.491567 0.491567 0.491567
 0.885937 1.77187 1.77187 1.77187 1.77187
 1.6408 3.28159 3.28159 3.28159 3.28159
 0.245939 0.491878 0.491878 0.491878 0.491878
 0.371007 0.742014 0.742014 0.742014 0.742014
 0.118191 0.236382 0.236382 0.236382 0.236382
 2.12408 4.24815 4.24815 4.24815 4.24815
 1.05056 2.10112 2.10112 2.10112 2.10112
 0.0693971 0.138794 0.138794 0.138794 0.138794
 0.291129 0.582258 0.582258 0.582258 0.582258
 0.321211 0.642422 0.642422 0.642422 0.642422
 0.695118 1.39024 1.39024 1.39024 1.39024
 0.560777 1.12155 1.12155 1.12155 1.12155
 0.366372 0.732744 0.732744 0.732744 0.732744
 0.186958 0.373917 0.373917 0.373917 0.373917
 0.237919 0.475837 0.475837 0.475837 0.475837
 0.224159 0.448317 0.448317 0.448317 0.448317
 0.222619 0.445238 0.445238 0.445238 0.445238
 0.177077 0.354154 0.354154 0.354154 0.354154
 0.207629 0.415259 0.415259 0.415259 0.415259
 0.142088 0.284175 0.284175 0.284175 0.284175
 0.12776 0.25552 0.25552 0.25552 0.25552
 0.112507 0.225014 0.225014 0.225014 0.225014
 0.127612 0.255224 0.255224 0.255224 0.255224
 0.160665 0.32133 0.32133 0.32133 0.32133
 0.0930012 0.186002 0.186002 0.186002 0.186002
 0.0669721 0.133944 0.133944 0.133944 0.133944
 0.139669 0.279337 0.279337 0.279337 0.279337
 0.23992 0.479841 0.479841 0.479841 0.479841
YTP_r0W_actual
 215334 16665.4 12479.1 119352 28939.1
YTP_p0W_proyectada
 336225 372832 9426.33 5023.15 56452.2
CTP_r0_actual
 25333.4 1022.42 431.802 3429.65 757.568
CTP_p0_proyectada
 44710.8 23128.5 403.179 170.276 1660.36
Wmedp
 7.52 16.12 23.38 29.5 34
Frms_r0
 0.23992 0.479841 0.479841 0.479841 0.479841
Zrms_r0
 1.23992 1.47984 1.47984 1.47984 1.47984
nmprior
 8.19 8.8 8.5 0
nm_flota  nm_reclas  nm_pelaces    nm_pelaL
inf 5.13841 4.20579 6.47145
cv_recla  cv_pelaces  cv_mph
0.652601 0.78669 1.44983
 ------------------------------------------------
Talla a la edad & desviaci?n 
 8 13.2811 15.8009 17.003 17.5766
 0.8 1.32811 1.58009 1.7003 1.75766
