years
 1991 1992 1993 1994 1995 1996 1997 1998 1999 2000 2001 2002 2003 2004 2005 2006 2007 2008 2009 2010 2011 2012 2013 2014 2015 2016 2017 2018 2019 2020 2021
reclasobs
 0 0 0 0 0 0 0 0 0 252601 567819 844713 477998 351125 339783 2.1784e+06 2.13404e+06 4.81314e+06 1.55562e+06 2.62356e+06 3.21686e+06 3.843e+06 1.13348e+06 3.07943e+06 1.97215e+06 2.03268e+06 2.025e+06 2.42433e+06 2.27542e+06 1.05018e+06 2.36338e+06
reclaspred
 5.87591e+06 1.45058e+06 1.10192e+06 832278 100624 3.64348e+06 1.18692e+06 255607 1.16504e+06 228306 314123 1.02752e+06 687663 614295 387969 2.19786e+06 752888 5.85282e+06 2.25407e+06 2.34575e+06 2.66075e+06 3.66065e+06 1.55193e+06 3.16437e+06 2.59201e+06 1.43436e+06 2.10528e+06 4.40693e+06 2.88845e+06 657442 1.25723e+06
pelacesobs
 0 0 0 0 0 0 0 0 0 0 0 0 0 0 0 552880 188675 0 991730 2.46772e+06 1.41603e+06 1.21717e+06 2.29649e+06 1.80582e+06 0 1.4828e+06 1.56532e+06 1.57751e+06 1.42118e+06 867257 1.10002e+06
pelacespred
 4.46633e+06 965423 549067 338945 29848.6 2.42682e+06 582662 157572 707466 84234 182087 511003 345734 309746 177592 1.11355e+06 322760 3.89185e+06 1.19667e+06 1.10698e+06 1.39986e+06 1.95834e+06 827711 2.16814e+06 1.5555e+06 833259 1.52738e+06 3.32897e+06 1.8647e+06 398026 723125
mphobs
 0 0 0 0 0 0 0 0 0 0 0 498337 0 5186 125008 0 168611 109162 213762 579715 649985 157893 87575 83554 0 0 0 0 0 0 0
mphpred
 1.67891e+06 637555 89204.9 142859 54532.7 4330 463934 87753.3 21453 111712 8932.41 38127.6 97788.5 41378 26507.6 22835.7 250691 59845.7 686997 156061 295855 225281 443716 162296 356748 346500 139418 217386 717112 289407 40436.3
desembarqueobs
 494567 514787 250237 358949 120608 361735 552515 73892 212993 205616 52469 317467 293654 387597 252695 516296 358380 742168 942051 627588 828172 859565 418607 520667 417249 300574 415391 372974 316634 284311 391294
desembarquepred
 494481 514237 250088 358175 120433 361472 551628 73848 212775 205300 52435.7 316992 293074 386592 252186 515508 357823 741285 939607 626179 827032 858019 417967 520087 416576 300114 414781 372549 316126 283426 390822
Reclutas
 3037.06 1827.91 181634 52320.3 2285.21 289929 2484.94 678.226 61054.7 3040.57 29689.6 130084 61082.6 71213.1 39878.8 270971 4755.18 520944 77995.3 255995 160373 465354 6314.82 157154 172550 15673.3 122517 224683 13018.9 4217.3 96463.3
log_desv_Rt
 -2.48838 -2.9961 1.60272 0.35811 -2.77282 2.07036 -2.68903 -3.98755 0.512496 -2.48723 -0.208478 1.2689 0.512952 0.666401 0.086571 2.00274 -2.04004 2.65637 0.757374 1.94588 1.47823 2.54352 -1.75638 1.45795 1.55141 -0.847315 1.20898 1.81542 -1.03288 -2.16008 0.969888
SSB
 1.71076e+06 649650 90897.2 145569 55567.2 4412.14 472736 89418.1 21860 113831 9101.87 38850.9 99643.7 42163 27010.4 23269 255447 60981 700030 159022 301468 229555 452134 165375 363516 353074 142063 221510 730716 294897 41203.5
BT
 2.11617e+06 922427 418793 382866 108469 1.28137e+06 705248 129141 469740 209025 116274 461377 392557 524531 316329 846251 400260 2.21617e+06 1.32361e+06 921656 1.22331e+06 1.48789e+06 647555 1.35395e+06 962421 562872 1.04096e+06 1.67234e+06 953568 452794 660519
Ftot
 0.308851 1.15571 1.14884 1.65149 2.90023 0.583195 1.49189 0.98705 1.01072 2.45438 0.919267 1.56694 1.79033 2.742 2.82819 1.28727 1.54525 0.723571 1.4926 1.33648 1.36784 1.19395 0.955105 0.855807 0.74991 0.791846 1.00671 0.462432 0.414561 1.39385 1.60535
BD_Bspro_t
 0.951969 0.611914 0.195216 0.284875 0.100112 0.0121396 0.457738 0.128729 0.0530933 0.231146 0.0362346 0.205988 0.233824 0.0988648 0.0619732 0.0566619 0.271528 0.0856719 0.411608 0.139823 0.196277 0.160176 0.274648 0.135788 0.285903 0.326866 0.204972 0.319626 0.573901 0.353959 0.0969279
BD_Bspro
 6.54431 2.48516 0.347716 0.556856 0.212566 0.0168781 1.80839 0.342058 0.0836228 0.435449 0.0348181 0.14862 0.381175 0.16129 0.103325 0.0890126 0.977183 0.233276 2.67788 0.608318 1.15323 0.878135 1.72958 0.632621 1.39059 1.35064 0.543445 0.84736 2.79527 1.12809 0.157619
BD_Bo
 1.13797 0.432139 0.0604636 0.0968304 0.0369625 0.0029349 0.314457 0.0594797 0.014541 0.0757191 0.00605444 0.0258431 0.0662816 0.0280463 0.017967 0.0154782 0.16992 0.0405638 0.465651 0.105779 0.200532 0.152697 0.300753 0.110005 0.241806 0.23486 0.0944984 0.147345 0.486063 0.196162 0.027408
BD_Brms
 5.4179 2.05741 0.287868 0.46101 0.175979 0.0139731 1.49713 0.283183 0.0692296 0.360499 0.0288252 0.123039 0.315567 0.133528 0.0855409 0.0736918 0.80899 0.193124 2.21697 0.503615 0.954735 0.726991 1.43189 0.523735 1.15124 1.11817 0.449907 0.701513 2.31415 0.933926 0.13049
Sel_flota
 0.605529 0.96685 0.998199 0.999905 0.999995
 0.605529 0.96685 0.998199 0.999905 0.999995
 0.605529 0.96685 0.998199 0.999905 0.999995
 0.605529 0.96685 0.998199 0.999905 0.999995
 0.605529 0.96685 0.998199 0.999905 0.999995
 0.605529 0.96685 0.998199 0.999905 0.999995
 0.605529 0.96685 0.998199 0.999905 0.999995
 0.605529 0.96685 0.998199 0.999905 0.999995
 0.605529 0.96685 0.998199 0.999905 0.999995
 0.605529 0.96685 0.998199 0.999905 0.999995
 0.605529 0.96685 0.998199 0.999905 0.999995
 0.605529 0.96685 0.998199 0.999905 0.999995
 0.605529 0.96685 0.998199 0.999905 0.999995
 0.605529 0.96685 0.998199 0.999905 0.999995
 0.605529 0.96685 0.998199 0.999905 0.999995
 0.605529 0.96685 0.998199 0.999905 0.999995
 0.605529 0.96685 0.998199 0.999905 0.999995
 0.605529 0.96685 0.998199 0.999905 0.999995
 0.605529 0.96685 0.998199 0.999905 0.999995
 0.605529 0.96685 0.998199 0.999905 0.999995
 0.605529 0.96685 0.998199 0.999905 0.999995
 0.605529 0.96685 0.998199 0.999905 0.999995
 0.605529 0.96685 0.998199 0.999905 0.999995
 0.605529 0.96685 0.998199 0.999905 0.999995
 0.605529 0.96685 0.998199 0.999905 0.999995
 0.605529 0.96685 0.998199 0.999905 0.999995
 0.605529 0.96685 0.998199 0.999905 0.999995
 0.605529 0.96685 0.998199 0.999905 0.999995
 0.605529 0.96685 0.998199 0.999905 0.999995
 0.605529 0.96685 0.998199 0.999905 0.999995
 0.605529 0.96685 0.998199 0.999905 0.999995
Sel_reclas
 0.983963 1 1 1 1
 0.983963 1 1 1 1
 0.983963 1 1 1 1
 0.983963 1 1 1 1
 0.983963 1 1 1 1
 0.983963 1 1 1 1
 0.983963 1 1 1 1
 0.983963 1 1 1 1
 0.983963 1 1 1 1
 0.983963 1 1 1 1
 0.983963 1 1 1 1
 0.983963 1 1 1 1
 0.983963 1 1 1 1
 0.983963 1 1 1 1
 0.983963 1 1 1 1
 0.983963 1 1 1 1
 0.983963 1 1 1 1
 0.983963 1 1 1 1
 0.983963 1 1 1 1
 0.983963 1 1 1 1
 0.983963 1 1 1 1
 0.983963 1 1 1 1
 0.983963 1 1 1 1
 0.983963 1 1 1 1
 0.983963 1 1 1 1
 0.983963 1 1 1 1
 0.983963 1 1 1 1
 0.983963 1 1 1 1
 0.983963 1 1 1 1
 0.983963 1 1 1 1
 0.983963 1 1 1 1
Sel_pelaces
 0.93245 1 1 1 1
 0.93245 1 1 1 1
 0.93245 1 1 1 1
 0.93245 1 1 1 1
 0.93245 1 1 1 1
 0.93245 1 1 1 1
 0.93245 1 1 1 1
 0.93245 1 1 1 1
 0.93245 1 1 1 1
 0.93245 1 1 1 1
 0.93245 1 1 1 1
 0.93245 1 1 1 1
 0.93245 1 1 1 1
 0.93245 1 1 1 1
 0.93245 1 1 1 1
 0.93245 1 1 1 1
 0.93245 1 1 1 1
 0.93245 1 1 1 1
 0.93245 1 1 1 1
 0.93245 1 1 1 1
 0.93245 1 1 1 1
 0.93245 1 1 1 1
 0.93245 1 1 1 1
 0.93245 1 1 1 1
 0.93245 1 1 1 1
 0.93245 1 1 1 1
 0.93245 1 1 1 1
 0.93245 1 1 1 1
 0.93245 1 1 1 1
 0.93245 1 1 1 1
 0.93245 1 1 1 1
pf_obs 
 0.8446 0.082 0.0669 0.0065 0
 0.8095 0.147 0.0364 0.0071 0
 0.9664 0.0169 0.016 0.0007 0
 0.9276 0.0648 0.0075 0.0001 0
 0.7033 0.2144 0.0806 0.0017 0
 0.9318 0.0425 0.0243 0.0014 0
 0.5671 0.3108 0.0964 0.0239 0.0018
 0.0768 0.2599 0.5324 0.112 0.0189
 0.490249 0.384438 0.106611 0.0170017 0.00170017
 0.7925 0.1577 0.0466 0.003 0.0002
 0.840416 0.127587 0.0312969 0.00059994 9.999e-05
 0.8084 0.0986 0.0794 0.0134 0.0002
 0.7335 0.1905 0.0724 0.0035 0.0001
 0.4001 0.4547 0.1325 0.0127 0
 0.49795 0.308269 0.164784 0.0264974 0.00249975
 0.9179 0.0499 0.0305 0.0017 0
 0.2467 0.6533 0.0926 0.0074 0
 0.9418 0.0223 0.034 0.0019 0
 0.707729 0.231977 0.0356964 0.0245975 0
 0.517169 0.277429 0.184464 0.0207286 0.00020938
 0.811772 0.124168 0.05621 0.00726502 0.000585176
 0.764997 0.148141 0.077277 0.00933861 0.000247198
 0.163321 0.427699 0.378323 0.0303852 0.000271297
 0.753843 0.0900009 0.118128 0.0371064 0.000921714
 0.721811 0.176058 0.0630433 0.0369309 0.00215725
 0.143369 0.312575 0.442814 0.0836902 0.0175525
 0.692698 0.0596174 0.167031 0.0765114 0.00414204
 0.394062 0.376323 0.152708 0.0712218 0.00568511
 0.125707 0.32114 0.495352 0.0537591 0.00404204
 0.23352 0.215282 0.420074 0.123614 0.00750983
 0.774587 0.0839891 0.0768558 0.0609784 0.00358967
pf_pred 
 0.0185609 0.162173 0.717051 0.102215 6.69752e-07
 0.0432463 0.030248 0.157879 0.672895 0.095732
 0.972374 0.00246856 0.000840809 0.00415383 0.0201624
 0.540713 0.453347 0.00055942 0.000180344 0.00519941
 0.164348 0.615053 0.217939 0.000251389 0.00240827
 0.998177 0.000736315 0.000820339 0.000263058 3.19209e-06
 0.0242148 0.974814 0.000402306 0.000429592 0.000139111
 0.0642594 0.0492973 0.885617 0.000343204 0.000483487
 0.975239 0.00307148 0.00119922 0.0204717 1.90554e-05
 0.165942 0.824057 0.00130121 0.000482266 0.00821724
 0.968398 0.0116817 0.0197021 2.84962e-05 0.000189568
 0.939095 0.0599275 0.000372622 0.000597958 6.59969e-06
 0.711359 0.280735 0.00778797 4.53734e-05 7.3357e-05
 0.868463 0.112927 0.0181344 0.000468633 7.11622e-06
 0.863279 0.130704 0.00523397 0.000763385 1.99228e-05
 0.98626 0.0131144 0.000600535 2.17991e-05 3.24507e-06
 0.0721593 0.921831 0.0057514 0.00024847 1.03292e-05
 0.987443 0.00188341 0.010609 6.20809e-05 2.78381e-06
 0.319425 0.676099 0.000697727 0.0037557 2.29065e-05
 0.893029 0.0549263 0.0517245 5.01153e-05 0.000270479
 0.728766 0.25734 0.00734002 0.00651398 4.02394e-05
 0.918184 0.069876 0.011363 0.000305224 0.000271665
 0.0491696 0.911897 0.0335173 0.00515477 0.000260897
 0.885749 0.0104677 0.0997355 0.00348619 0.000561763
 0.765252 0.220401 0.00137294 0.0124684 0.000504738
 0.18852 0.696315 0.108437 0.000645318 0.00608271
 0.881733 0.0360086 0.0710459 0.0105591 0.000653421
 0.851876 0.138965 0.00288943 0.00541638 0.000852453
 0.111707 0.806972 0.076482 0.00152878 0.00330972
 0.130163 0.154958 0.65172 0.0594093 0.00375028
 0.965593 0.00882508 0.00479066 0.01896 0.00183141
pobs_RECLAS
 0 0 0 0 0
 0 0 0 0 0
 0 0 0 0 0
 0 0 0 0 0
 0 0 0 0 0
 0 0 0 0 0
 0 0 0 0 0
 0 0 0 0 0
 0 0 0 0 0
 0 0 0 0 0
 0.991045 0.00858322 0.000360255 1.14367e-05 0
 0.934742 0.0480273 0.0164251 0.00080598 0
 0.827803 0.169806 0.00239088 0 0
 0.941827 0.0461693 0.0120037 0 0
 0.791401 0.0380133 0.147996 0.0225897 0
 0.846168 0.0940531 0.0597789 0 0
 0.134021 0.677848 0.182769 0.00536245 0
 0.80878 0.0450904 0.141981 0.00414843 0
 0.846168 0.0940531 0.0597789 0 0
 0.905697 0.0802665 0.012482 0.00150086 5.37128e-05
 0.989698 0.0102097 9.19794e-05 0 0
 0.975433 0.0193895 0.00387452 0.00125025 5.28907e-05
 0.303575 0.632131 0.0575291 0.00676475 0
 0.966965 0.00978017 0.0227588 0.000495775 0
 0.843318 0.132988 0.00938335 0.0141283 0.000182051
 0.564624 0.303363 0.111486 0.0197234 0.00080311
 0.826376 0.0876187 0.0782897 0.00655872 0.00115652
 0.89761 0.0855135 0.0140674 0.00269457 0.000114338
 0.34875 0.467042 0.161289 0.0227151 0.000203297
 0.318654 0.224769 0.449479 0.00709798 0
 0.937255 0.0296025 0.0250945 0.00804832 0
ppred_RECLAS
 0.0299645 0.164774 0.704949 0.100312 6.57226e-07
 0.0728404 0.030458 0.15306 0.65103 0.0926113
 0.983876 0.00149403 0.000489972 0.00241568 0.0117243
 0.672779 0.323171 0.000382341 0.000122979 0.00354512
 0.285938 0.533195 0.178693 0.000205499 0.00196833
 0.99889 0.000457536 0.000492603 0.000157673 1.91311e-06
 0.0409401 0.958145 0.000379668 0.000404532 0.000130981
 0.105106 0.0488112 0.845295 0.000326934 0.000460518
 0.985383 0.00187548 0.000705764 0.0120242 1.11911e-05
 0.274501 0.717244 0.00107683 0.000398017 0.00678077
 0.980967 0.00719711 0.0117067 1.68991e-05 0.000112408
 0.963926 0.0355192 0.000211911 0.000339305 3.74448e-06
 0.813595 0.18151 0.00482137 2.8024e-05 4.5302e-05
 0.929015 0.061398 0.00934311 0.000240745 3.65517e-06
 0.9264 0.0705273 0.00267349 0.000388779 1.01447e-05
 0.99184 0.00780253 0.000343645 1.24481e-05 1.85285e-06
 0.118518 0.876001 0.00524517 0.0002261 9.39816e-06
 0.992454 0.00116593 0.00634171 3.70403e-05 1.66079e-06
 0.44678 0.549732 0.000544705 0.0029256 1.78416e-05
 0.935233 0.0338923 0.0306853 2.96678e-05 0.000160103
 0.820837 0.170332 0.00466967 0.00413533 2.55427e-05
 0.949829 0.0430855 0.00674376 0.000180775 0.000160881
 0.0786469 0.884934 0.0313615 0.00481378 0.000243613
 0.92914 0.00670695 0.0616552 0.00215098 0.000346573
 0.841594 0.149055 0.00089643 0.00812564 0.000328904
 0.275711 0.624592 0.0938835 0.000557651 0.00525584
 0.92676 0.0228788 0.0435083 0.0064536 0.000399321
 0.902182 0.0919648 0.00184898 0.00345976 0.000544461
 0.167627 0.758459 0.0695239 0.00138721 0.00300296
 0.208677 0.145666 0.588724 0.053552 0.00338015
 0.980532 0.00515649 0.0026849 0.0106022 0.00102398
pobs_PELACES
 0 0 0 0 0
 0 0 0 0 0
 0 0 0 0 0
 0 0 0 0 0
 0 0 0 0 0
 0 0 0 0 0
 0 0 0 0 0
 0 0 0 0 0
 0 0 0 0 0
 0 0 0 0 0
 0 0 0 0 0
 0 0 0 0 0
 0 0 0 0 0
 0 0 0 0 0
 0 0 0 0 0
 0 0 0 0 0
 0.505614 0.472636 0.0217494 0 0
 0 0 0 0 0
 0.443492 0.261883 0.143347 0.151278 0
 0.227955 0.32914 0.350689 0.0885471 0.00366901
 0.970185 0.0296113 0.000203453 0 0
 0.997202 0.00247181 0.000326279 0 0
 0.445219 0.490057 0.0546422 0.010081 0
 0.90214 0.0892962 0.00764917 0.000914606 0
 0 0 0 0 0
 0.581667 0.319106 0.0959925 0.00289975 0.000334073
 0.762889 0.0836404 0.116647 0.0363945 0.000428098
 0.88444 0.0763242 0.0277011 0.0115352 0
 0.521256 0.241999 0.230069 0.00667565 0
 0.616807 0.101726 0.260614 0.0208532 0
 0.833518 0.0704572 0.0857862 0.0102388 0
ppred_PELACES
 0.0295522 0.165284 0.704878 0.100285 6.5704e-07
 0.079604 0.0306034 0.151963 0.645944 0.0918847
 0.98531 0.00137675 0.000446174 0.00219832 0.010669
 0.703526 0.292869 0.000340622 0.000109458 0.0031552
 0.350775 0.488441 0.158855 0.000182388 0.00174682
 0.998912 0.000450389 0.000481991 0.000154226 1.87125e-06
 0.0461013 0.953003 0.000371847 0.000395867 0.000128169
 0.11223 0.0488922 0.838098 0.00032397 0.00045633
 0.986443 0.00175628 0.000654033 0.0111365 1.03646e-05
 0.324596 0.667918 0.000977631 0.000360854 0.00614719
 0.982086 0.00681403 0.0109786 1.584e-05 0.00010536
 0.968286 0.0312345 0.000183352 0.000293318 3.23683e-06
 0.836679 0.159109 0.00414878 2.40904e-05 3.89411e-05
 0.945247 0.0475379 0.00703166 0.000180906 2.74642e-06
 0.943605 0.0541064 0.00199188 0.000289198 7.54565e-06
 0.992613 0.00706753 0.000307156 1.11183e-05 1.65484e-06
 0.132853 0.86184 0.00507855 0.000218726 9.09127e-06
 0.992739 0.00112897 0.00609487 3.55841e-05 1.59546e-06
 0.477668 0.519091 0.000506464 0.00271793 1.65744e-05
 0.941703 0.0307073 0.0274199 2.64907e-05 0.000142952
 0.836452 0.155598 0.00420578 0.00372165 2.29866e-05
 0.953963 0.0396044 0.0061228 0.000164019 0.000145964
 0.0831443 0.88096 0.0309137 0.00474249 0.000239999
 0.932759 0.00641578 0.0584587 0.00203848 0.000328439
 0.846351 0.144648 0.000863207 0.00782119 0.000316573
 0.28413 0.618028 0.092139 0.000547045 0.00515576
 0.931593 0.0215235 0.040507 0.00600501 0.000371553
 0.902329 0.0918542 0.00183794 0.00343822 0.000541063
 0.167075 0.759251 0.0692987 0.00138239 0.00299249
 0.229934 0.143437 0.571415 0.0519367 0.00327806
 0.983205 0.00450566 0.00230738 0.00910324 0.000879167
pobs_pel_tallas
 0 0 0 0 0 0 0 0 0 0 0 0 0 0 0 0 0 0 0 0 0 0 0 0 0 0
 0 0 0 0 0 0 0 0 0 0 0 0 0 0 0 0 0 0 0 0 0 0 0 0 0 0
 0 0 0 0 0 0 0 0 0 0 0 0 0 0 0 0 0 0 0 0 0 0 0 0 0 0
 0 0 0 0 0 0 0 0 0 0 0 0 0 0 0 0 0 0 0 0 0 0 0 0 0 0
 0 0 0 0 0 0 0 0 0 0 0 0 0 0 0 0 0 0 0 0 0 0 0 0 0 0
 0 0 0 0 0 0 0 0 0 0 0 0 0 0 0 0 0 0 0 0 0 0 0 0 0 0
 0 0 0 0 0 0 0 0 0 0 0 0 0 0 0 0 0 0 0 0 0 0 0 0 0 0
 0 0 0 0 0 0 0 0 0 0 0 0 0 0 0 0 0 0 0 0 0 0 0 0 0 0
 0 0 0 0 0 0 0 0 0 0 0 0 0 0 0 0 0 0 0 0 0 0 0 0 0 0
 0 0 0 0 0 0 0 0 0 0 0 0 0 0 0 0 0 0 0 0 0 0 0 0 0 0
 0 0 0 0 0 0 0 0 0 0 0 0 0 0 0 0 0 0 0 0 0 0 0 0 0 0
 0 0 0 0 0 0 0 0 0 0 0 0 0 0 0 0 0 0 0 0 0 0 0 0 0 0
 0.00862536 0 0 0.000197151 0.00414017 0.0128641 0.00837892 0.0270097 0.101434 0.158115 0.152841 0.127902 0.109271 0.109419 0.0830992 0.0579132 0.0238553 0.00714673 0.00463305 0.00128148 0.00103504 0.000492878 0.000147863 0.000147863 4.92878e-05 0
 0 0 0 0 0 0 0 0 0 0 0 0 0 0 0 0 0 0 0 0 0 0 0 0 0 0
 0 0 0 0 0 0 0 0.0054083 0.00873648 0.0413646 0.0450493 0.0745869 0.0622846 0.0627006 0.0613931 0.0827291 0.12552 0.122667 0.0946155 0.0697135 0.0546179 0.0294188 0.0215738 0.0213955 0.0102223 0.00600262
 0 0 0 0 0.00359764 0.0251062 0.0480494 0.140153 0.205849 0.193036 0.1447 0.116669 0.0760912 0.0342217 0.00950174 0.001854 0.000860785 0 0 0 0.000165536 0 0.000143464 0 0 0
 0 0 0 0 0 0 0 0.000145254 0.000435761 0.0275982 0.070085 0.0708112 0.156366 0.174668 0.174014 0.160142 0.0824315 0.0480064 0.0283245 0.00493863 0.00203355 0 0 0 0 0
 0 0 0 0 0 0 0 0 0 0 0 0 0 0 0 0 0 0 0 0 0 0 0 0 0 0
 0 0 1.00437e-05 0.000401748 0.00122533 0.00171747 0.00176769 0.0269171 0.070346 0.194647 0.189555 0.159765 0.064822 0.0314167 0.0384472 0.0292271 0.0345202 0.0313363 0.0194345 0.0106764 0.0143323 0.0359363 0.0279516 0.0138201 0.00172751 0
 0 0.0021121 0.0136068 0.0755702 0.200478 0.177729 0.0527432 0.0373336 0.0318909 0.0142505 0.0149659 0.0166563 0.0217959 0.0798694 0.0677717 0.0528807 0.04013 0.0224614 0.0357745 0.0225083 0.00881397 0.00855152 0.00135912 0.000746735 0 0
 0 0 0 0 5.4009e-05 0.00500934 0.000945158 0.0243581 0.138947 0.33067 0.221406 0.137944 0.0707744 0.0437923 0.0131692 0.00525238 0.0047753 0.00276346 9.45158e-05 9.00151e-06 2.25038e-05 9.00151e-06 4.50075e-06 0 0 0
 0.000866109 0.00284123 0.00948549 0.0512746 0.133035 0.25785 0.225252 0.132002 0.0553304 0.0519788 0.0540692 0.017754 0.00435017 0.00159236 0.00146478 0.000404838 0.000125132 0.000115318 0.000107957 0.000100596 0 0 0 0 0 0
 0 0 0 0 0.00144013 0.00171154 0.00461396 0.0210425 0.0478622 0.0707936 0.0888783 0.103762 0.0637923 0.0337046 0.0602308 0.124433 0.169614 0.0934646 0.0462172 0.0250306 0.0313229 0.00938855 0.002487 0.000210481 0 0
 0 0.00764035 0.051015 0.0998891 0.058973 0.0496711 0.0374665 0.0718981 0.12319 0.153886 0.159021 0.0857701 0.0377988 0.023471 0.0147837 0.00900784 0.00315554 0.000888139 0.00291439 0.00214683 0.00393193 0.00274676 0.000635225 9.99891e-05 0 0
 0 0 0 0 0 0 0 0 0 0 0 0 0 0 0 0 0 0 0 0 0 0 0 0 0 0
 0 0 0 0 0 0 0 0 0 0 0 0 0 0 0 0 0 0 0 0 0 0 0 0 0 0
 0 0 0 0 0 0 0 0 0 0 0 0 0 0 0 0 0 0 0 0 0 0 0 0 0 0
 0 0 0 0 0 0 0 0 0 0 0 0 0 0 0 0 0 0 0 0 0 0 0 0 0 0
 0 0 0 0 0 0 0 0 0 0 0 0 0 0 0 0 0 0 0 0 0 0 0 0 0 0
 0 0 0 0 0 0 0 0 0 0 0 0 0 0 0 0 0 0 0 0 0 0 0 0 0 0
 0 0 0 0 0 0 0 0 0 0 0 0 0 0 0 0 0 0 0 0 0 0 0 0 0 0
ppred_pel_tallas
 1.30441e-16 2.43422e-06 2.36615e-05 0.00015724 0.000714799 0.00222409 0.00473929 0.00692068 0.0069377 0.00482294 0.00250812 0.00154905 0.0023037 0.00488278 0.00973891 0.0174223 0.0281876 0.041893 0.0581859 0.0766058 0.0962321 0.115039 0.129713 0.136545 0.133098 0.119553
 1.84722e-16 6.55689e-06 6.37353e-05 0.000423543 0.00192537 0.00599055 0.0127636 0.0186296 0.018633 0.0127806 0.00604907 0.00210126 0.000891977 0.00117919 0.00241079 0.00476474 0.00883104 0.0155425 0.0261871 0.0422174 0.0646697 0.0932728 0.125665 0.157292 0.182322 0.195387
 1.0204e-16 8.11587e-05 0.000788891 0.00524246 0.0238315 0.0741485 0.157981 0.230578 0.230578 0.157982 0.0741507 0.023838 0.00525911 0.000826026 0.000154187 0.000133698 0.000203764 0.00030164 0.000431948 0.000617359 0.000891741 0.00128523 0.00180208 0.00240278 0.00300206 0.00348744
 1.0063e-16 5.79486e-05 0.000563281 0.0037432 0.0170161 0.0529434 0.112803 0.164645 0.164673 0.11294 0.0534052 0.0183488 0.00708538 0.00784853 0.0138623 0.0227427 0.0325623 0.0405411 0.0438928 0.0413411 0.0339065 0.0242751 0.0152693 0.00858525 0.00451115 0.00243825
 1.05023e-16 2.88929e-05 0.00028085 0.00186635 0.00848418 0.0263977 0.0562448 0.0821008 0.082148 0.0564755 0.0271728 0.0107247 0.00749657 0.0125921 0.0234692 0.0389058 0.0563914 0.071626 0.080193 0.0799678 0.0722716 0.0607814 0.0491597 0.0393209 0.0313517 0.0245485
 1.0003e-16 8.2279e-05 0.000799781 0.00531483 0.0241604 0.0751721 0.160162 0.233761 0.233761 0.160162 0.0751728 0.0241625 0.00532015 0.00081152 0.000104905 4.40604e-05 5.74647e-05 7.62303e-05 9.20885e-05 0.00010318 0.000110181 0.000114802 0.000117815 0.000118172 0.000113908 0.000103828
 1.00316e-16 3.7975e-06 3.69132e-05 0.000245305 0.00111518 0.00347023 0.00739707 0.0108155 0.0109071 0.00784471 0.00497263 0.00545179 0.0111201 0.0237409 0.0449168 0.0739749 0.105916 0.131831 0.142644 0.134182 0.10974 0.0780454 0.0482868 0.0260188 0.0122466 0.00507732
 1.24308e-16 9.24424e-06 8.98573e-05 0.000597133 0.00271449 0.0084458 0.0179949 0.0262653 0.0262713 0.0180248 0.00854986 0.00303131 0.00145365 0.00216171 0.00453408 0.00901351 0.0165346 0.0281475 0.0446176 0.065794 0.0898773 0.1131 0.130401 0.137164 0.131229 0.113977
 1.01139e-16 8.1252e-05 0.000789798 0.00524849 0.0238589 0.0742338 0.158163 0.230843 0.230844 0.158164 0.0742366 0.0238672 0.0052698 0.000837315 0.000174628 0.000168938 0.00025803 0.000376444 0.000524252 0.000717139 0.000977922 0.00132017 0.00172805 0.00214656 0.00249182 0.00267924
 1.01276e-16 2.67367e-05 0.00025989 0.00172706 0.00785102 0.0244278 0.0520483 0.0759795 0.0760438 0.0523621 0.0254808 0.0108905 0.0093493 0.0168748 0.0315093 0.05186 0.0742613 0.0924571 0.100098 0.0942708 0.0773008 0.0553107 0.0347356 0.0194452 0.0101024 0.00532757
 1.00339e-16 8.08931e-05 0.00078631 0.00522531 0.0237535 0.0739059 0.157464 0.229824 0.229825 0.157468 0.073917 0.0237857 0.00530698 0.000967022 0.000431162 0.000603089 0.000903318 0.00122347 0.00151008 0.00173412 0.00189364 0.00199601 0.00203444 0.00198411 0.00182252 0.00155459
 1.00044e-16 7.97564e-05 0.000775261 0.00515188 0.0234197 0.0728674 0.155252 0.226595 0.226598 0.155266 0.0729166 0.0235619 0.00550838 0.00155241 0.00155245 0.00243175 0.00347527 0.00432803 0.00468858 0.00442044 0.00363172 0.00260756 0.0016473 0.000930426 0.000487342 0.000254247
 1.0017e-16 6.89162e-05 0.00066989 0.00445165 0.0202366 0.0629636 0.134151 0.195801 0.195816 0.134226 0.0632146 0.0209611 0.00626871 0.00463156 0.00757821 0.0123807 0.0177375 0.0221138 0.0239965 0.0226884 0.0187306 0.0135591 0.0086815 0.00500129 0.00267577 0.00139632
 1.00234e-16 7.78587e-05 0.000756815 0.0050293 0.0228625 0.0711337 0.151558 0.221204 0.221209 0.15158 0.0712088 0.0230796 0.00557427 0.00194642 0.00233692 0.00373946 0.00537722 0.00675656 0.00743072 0.00719205 0.00618878 0.00482091 0.00350009 0.00246155 0.00173576 0.00123957
 1.00102e-16 7.77235e-05 0.0007555 0.00502056 0.0228228 0.0710101 0.151295 0.22082 0.220825 0.15132 0.0710955 0.0230692 0.0056387 0.00210337 0.00263308 0.00421816 0.006041 0.00753771 0.00819181 0.00776673 0.00644546 0.00471352 0.00307892 0.00184403 0.00105873 0.000617054
 1.00013e-16 8.17602e-05 0.000794738 0.00528131 0.0240081 0.0746981 0.159152 0.232287 0.232288 0.159155 0.0747092 0.0240403 0.00536207 0.000970841 0.000415651 0.00055626 0.000789829 0.000985529 0.00107158 0.00101682 0.000844981 0.000619251 0.000405745 0.000243831 0.000140096 8.09736e-05
 1.00391e-16 1.09431e-05 0.000106371 0.000706878 0.00321342 0.00999858 0.0213061 0.0311142 0.0311971 0.0217109 0.0113574 0.00713573 0.010543 0.0215476 0.0406401 0.0669282 0.0958462 0.119339 0.129206 0.121671 0.0997046 0.071174 0.0443582 0.0242538 0.0117591 0.00517261
 1.00181e-16 8.17706e-05 0.000794839 0.00528199 0.0240111 0.0747076 0.159172 0.232317 0.232317 0.159173 0.0747096 0.024017 0.00529704 0.000829152 0.00015115 0.000131389 0.000206626 0.000312017 0.00044088 0.000588545 0.000744644 0.000888861 0.000991767 0.00102412 0.000970796 0.000840074
 1.00423e-16 3.9345e-05 0.000382447 0.0025415 0.0115533 0.0359469 0.0765905 0.111797 0.111846 0.0768344 0.0367653 0.0139155 0.0084652 0.0132948 0.0245058 0.040303 0.0577076 0.0718404 0.0777618 0.0732024 0.0599615 0.0427906 0.0266865 0.0146593 0.00723717 0.00337165
 1.00827e-16 7.75669e-05 0.000753978 0.00501045 0.0227768 0.070867 0.15099 0.220375 0.220377 0.151004 0.0709163 0.0229196 0.00537062 0.00154577 0.00159742 0.00255984 0.00377649 0.00494807 0.00581798 0.00625383 0.00629778 0.00609338 0.00575577 0.00530322 0.00469497 0.00391725
 1.00539e-16 6.88975e-05 0.000669708 0.00445045 0.0202311 0.0629465 0.134115 0.195748 0.195762 0.134188 0.063192 0.0209397 0.00622779 0.00454514 0.00741578 0.012116 0.0173658 0.0216682 0.0235503 0.0223384 0.0185669 0.0136401 0.00902143 0.00557347 0.00342185 0.00223785
 1.00229e-16 7.85767e-05 0.000763793 0.00507567 0.0230733 0.0717896 0.152955 0.223244 0.223247 0.152974 0.0718522 0.0232542 0.0055298 0.00175517 0.00196141 0.00311822 0.0044839 0.0056369 0.00620484 0.00601504 0.00519078 0.0040642 0.0029765 0.00212156 0.00152306 0.00111083
 1.01634e-16 6.84867e-06 6.65716e-05 0.000442396 0.00201112 0.00625779 0.013336 0.0194821 0.0195668 0.0137501 0.00764764 0.00602347 0.0105064 0.0220111 0.0416092 0.0685823 0.0983356 0.122691 0.133314 0.126356 0.104801 0.0765612 0.0499191 0.0298056 0.017036 0.00988101
 1.01949e-16 7.68301e-05 0.000746816 0.00496285 0.0225604 0.0701938 0.149555 0.218281 0.218281 0.149559 0.0702058 0.0225962 0.0050571 0.000966707 0.000535832 0.00087186 0.00149827 0.00240232 0.00360841 0.00509754 0.00675865 0.00835715 0.00956386 0.0100623 0.00968777 0.00851328
 1.009e-16 6.97128e-05 0.000677634 0.00450311 0.0204705 0.0636914 0.135702 0.198064 0.198078 0.13577 0.0639196 0.021129 0.00615472 0.00427853 0.00689514 0.0112542 0.0161255 0.0201135 0.0218529 0.0207268 0.0172473 0.0127359 0.00856199 0.00552036 0.00370101 0.00275817
 1.03745e-16 2.34036e-05 0.000227491 0.00151176 0.00687228 0.0213825 0.04556 0.0665086 0.0665681 0.045851 0.0223598 0.00969503 0.00859714 0.0156944 0.0293959 0.0485538 0.0699217 0.0878766 0.0966764 0.0936322 0.0806796 0.0630242 0.0460178 0.032708 0.0234701 0.0171921
 1.0184e-16 7.67341e-05 0.000745883 0.00495665 0.0225322 0.0701061 0.149369 0.218008 0.21801 0.149379 0.0701414 0.0226349 0.00521726 0.00132435 0.00120333 0.00194095 0.00295884 0.00407595 0.00515395 0.0061148 0.0069485 0.0076495 0.00814268 0.00828258 0.00793769 0.00708954
 1.00513e-16 7.43236e-05 0.000722452 0.00480095 0.0218244 0.0679039 0.144677 0.211162 0.211171 0.14472 0.0680488 0.0222427 0.00585009 0.00301003 0.00441096 0.00715406 0.0102509 0.0127918 0.0139076 0.0132042 0.0110021 0.00813429 0.005466 0.00350165 0.00230434 0.00166505
 1.02839e-16 1.37619e-05 0.000133771 0.000888957 0.00404111 0.0125738 0.0267925 0.0391198 0.0391929 0.0271497 0.013773 0.00750391 0.00957764 0.0190898 0.0359807 0.0593715 0.0853108 0.106821 0.116779 0.111874 0.0945787 0.0715031 0.0495102 0.0326069 0.0213858 0.0144276
 1.2229e-16 1.89394e-05 0.000184097 0.00122339 0.00556137 0.0173036 0.0368676 0.0538124 0.0538271 0.0369398 0.0175485 0.00627989 0.0030687 0.00435039 0.00833534 0.0148022 0.0237689 0.0349835 0.0480199 0.0624087 0.0773964 0.0914314 0.101993 0.106282 0.102532 0.0910607
 1.0113e-16 8.09853e-05 0.000787206 0.00523126 0.0237805 0.0739901 0.157644 0.230086 0.230086 0.157646 0.0739973 0.0238016 0.00528439 0.000904363 0.000307114 0.000389576 0.000578392 0.000783838 0.000979916 0.00116806 0.00137554 0.00163426 0.00194913 0.00228007 0.00255147 0.00268355
pSPR Fmed_Fpbrs
0.223071   0.26004 0.26004
Fs Fmed_Fpbrs
1.15286   1.005 1.005
SSBpbr Bo_Bmed_Bpbrs
1.50334e+06  260185  315761 315761
Ro
36571.7
SPR SPRFo_SPRFmed_SPRFpbrs
261412 58313.5 67977.4
Fref
1.005
Nvult_r0
 83038.9 615.12 329.806 1304.42 125.994
CTP_r0
 40931.8 374.098 203.078 803.722 77.6343
YTP_r0
390822
Np
 92731.8 13424.4 51.9769 26.391 111.76
Nvult_p0
 74169.1 11555.4 44.965 22.8368 96.7099
CTP_p0
 28060 5694.74 22.5183 11.4463 48.4754
YTP_p0
 305323
CBA_c0
365172
log_Ro
10.327
likeval ReclasPelacesDesembMPH_pf_preclas_ppelaces_ptallas_desvR_qrecl_qpela
 19.4616 25.0241 0.406891 0.00103743 377.706 129.622 134.612 0 152.499 9.25901e-05 0.00016585 0.0182978 0 0 0
q_reclas_q_pelaces
3.90998 6.24756
M
1
N
 3037.06 17375.9 74699.6 10632.4 0.0696621
 1827.91 926.699 4742.06 20189.9 2872.23
 181634 333.991 111.523 550.376 2671.34
 52320.3 33326.1 40.4618 13.0327 375.724
 2285.21 7080.6 2483.32 2.86292 27.4256
 289929 145.19 157.753 50.519 0.612983
 2484.94 74925.6 30.392 32.4236 10.4989
 678.226 370.415 6514.73 2.52182 3.55238
 61054.7 137.248 52.4727 894.755 0.832804
 3040.57 12179.4 19.0026 7.03849 119.924
 29689.6 253.054 417.585 0.603276 4.01298
 130084 6259.83 38.2754 61.3673 0.677282
 61082.6 18529.2 506.19 2.94671 4.76387
 71213.1 7599.88 1207.29 31.1811 0.473473
 39878.8 4979.43 197.312 28.7624 0.750617
 270971 2646.64 118.941 4.31322 0.642042
 4755.18 45720 280.466 12.1058 0.503229
 520944 686.286 3775.4 22.0648 0.989356
 77995.3 123656 125.425 674.516 4.11377
 255995 11621.2 10744.3 10.3999 56.1267
 160373 41924.9 1174.28 1041.13 6.43111
 465354 25770.6 4109.83 110.281 98.1505
 6314.82 83081.8 2988.78 459.131 23.2365
 157154 1302.85 12138.5 423.788 68.2848
 172550 34432.8 209.531 1900.5 76.9296
 15673.3 40309.7 6134.7 36.4636 343.68
 122517 3569.67 6896.38 1023.82 63.3525
 224683 24499.6 496.154 928.76 146.161
 13018.9 62469.3 5763.56 115.041 249.039
 4217.3 3726.13 15392.1 1401.78 88.4844
 96463.3 667.097 356.197 1408.49 136.045
pred_Ctot
 332.494 2905.11 12845 1831.04 0.0119977
 615.046 430.185 2245.34 9569.87 1361.49
 60844.5 154.465 52.6121 259.918 1261.63
 22620.1 18965.3 23.4027 7.54448 217.511
 1363.57 5103 1808.21 2.08574 19.9811
 56111.5 41.3912 46.1145 14.7875 0.17944
 1003.59 40401.5 16.6737 17.8046 5.76548
 202.377 155.256 2789.14 1.08088 1.52268
 18556 58.4416 22.8178 389.519 0.362571
 1666.32 8274.81 13.0661 4.8427 82.5139
 8378.3 101.066 170.457 0.246541 1.64008
 54312.6 3465.91 21.5506 34.5829 0.381693
 27820.4 10979.2 304.578 1.7745 2.8689
 41337.1 5375.08 863.162 22.306 0.338718
 23506.3 3558.96 142.516 20.7863 0.542479
 98668.5 1312.01 60.0794 2.18085 0.324647
 1966.86 25126.6 156.767 6.77262 0.281547
 121038 230.862 1300.42 7.60968 0.341231
 31510.4 66695.3 68.8289 370.489 2.25967
 95752 5889.29 5545.99 5.37344 29.0012
 60979.6 21533 614.178 545.059 3.36704
 160404 12207.1 1985.08 53.3219 47.4592
 1836.51 34059.8 1251.89 192.533 9.74463
 41888.7 495.039 4716.68 164.868 26.5668
 41296.6 11893.9 74.0904 672.856 27.2381
 3922.66 14488.7 2256.31 13.4275 126.567
 37121.8 1516 2991.1 444.549 27.5097
 35485.9 5788.77 120.362 225.626 35.5099
 1864.66 13470.3 1276.67 25.5189 55.2471
 1624.95 1934.48 8136.02 741.662 46.8183
 40931.8 374.098 203.078 803.722 77.6343
F
 0.187018 0.298612 0.308294 0.308821 0.308849
 0.699814 1.11739 1.15362 1.1556 1.1557
 0.695655 1.11075 1.14677 1.14873 1.14883
 1.00003 1.59674 1.64852 1.65133 1.65148
 1.75617 2.80408 2.895 2.89995 2.90021
 0.353142 0.563862 0.582145 0.58314 0.583192
 0.90338 1.44243 1.4892 1.49174 1.49188
 0.597687 0.954329 0.985272 0.986956 0.987045
 0.612021 0.977216 1.0089 1.01063 1.01072
 1.4862 2.37302 2.44996 2.45415 2.45437
 0.556643 0.888794 0.917612 0.91918 0.919263
 0.948828 1.515 1.56412 1.56679 1.56693
 1.08409 1.73098 1.7871 1.79016 1.79032
 1.66036 2.6511 2.73706 2.74174 2.74199
 1.71255 2.73444 2.8231 2.82793 2.82818
 0.779478 1.24459 1.28495 1.28715 1.28726
 0.935696 1.49403 1.54247 1.54511 1.54525
 0.438143 0.699584 0.722267 0.723502 0.723567
 0.903816 1.44312 1.48992 1.49246 1.4926
 0.809278 1.29218 1.33407 1.33635 1.33647
 0.828269 1.3225 1.36538 1.36771 1.36784
 0.722972 1.15437 1.1918 1.19384 1.19394
 0.578344 0.923444 0.953385 0.955015 0.955101
 0.518216 0.827437 0.854265 0.855726 0.855803
 0.454092 0.72505 0.748559 0.749838 0.749906
 0.479486 0.765596 0.79042 0.791771 0.791842
 0.609595 0.973342 1.0049 1.00662 1.00671
 0.280016 0.447103 0.461599 0.462388 0.46243
 0.251029 0.400818 0.413814 0.414522 0.414559
 0.844016 1.34764 1.39134 1.39372 1.39384
 0.972088 1.55214 1.60246 1.6052 1.60535
YTP_r0W_actual
 347920 6097.8 5868.94 27969.5 2965.63
YTP_p0W_proyectada
 211011 91799.2 526.477 337.667 1648.16
CTP_r0_actual
 40931.8 374.098 203.078 803.722 77.6343
CTP_p0_proyectada
 28060 5694.74 22.5183 11.4463 48.4754
Wmedp
 7.52 16.12 23.38 29.5 34
Frms_r0
 0.972088 1.55214 1.60246 1.6052 1.60535
Zrms_r0
 1.97209 2.55214 2.60246 2.6052 2.60535
nmprior
 8.19 8.8 8.5 0
nm_flota  nm_reclas  nm_pelaces    nm_pelaL
inf 16.8519 3.1932 4.5237
cv_recla  cv_pelaces  cv_mph
0.399038 0.56722 0.993995
 ------------------------------------------------
Talla a la edad & desviaci?n 
 8 13.2811 15.8009 17.003 17.5766
 0.8 1.32811 1.58009 1.7003 1.75766
