    unsorted:	 2.339884655e-06 5.784468020e-05 9.902477313e-05 0.001099915743 4.511656886 2.084748109 7.858099824 11.34302918 13.74565857 62.75652579 167.4941437 139.4137779 227.8216662 256.6110529 465.2954287 509.9122885 642.5916839 792.6903489 809.4874029 856.6010330 912.3643598 943.8434772 1047.636810 1155.458905 1219.156552 1324.189375 1435.292758 1524.632966 1645.558027 1825.989555 1886.838166 2125.970297 2306.922951 2478.174770 2448.156308 2551.789821 2647.421965 2848.811797 2951.121812 3200.916600 3266.638158 3848.704794 3982.437404 4350.112183 10163.26809 41472.54632 158296.1738 380730.4334 387956.7392 375312.2833 395306.9664 358082.7270 354089.0054 418861.5575 450799.4841 442880.8299 459036.8672 314383.6362 604314.9578 615167.7694 650432.1648 691504.7319 702707.5835 968191.4767 1038977.497 1123674.673 1184529.156 1300349.684 1507283.847 1653041.929 1825793.114 2301878.773 2437662.168 2474651.348 2743412.718 2955545.263 3301731.823 43250755.37
      sorted:	 2.339884655e-06 5.784468020e-05 9.902477313e-05 0.001099915743 2.084748109 4.511656886 7.858099824 11.34302918 13.74565857 62.75652579 139.4137779 167.4941437 227.8216662 256.6110529 465.2954287 509.9122885 642.5916839 792.6903489 809.4874029 856.6010330 912.3643598 943.8434772 1047.636810 1155.458905 1219.156552 1324.189375 1435.292758 1524.632966 1645.558027 1825.989555 1886.838166 2125.970297 2306.922951 2448.156308 2478.174770 2551.789821 2647.421965 2848.811797 2951.121812 3200.916600 3266.638158 3848.704794 3982.437404 4350.112183 10163.26809 41472.54632 158296.1738 314383.6362 354089.0054 358082.7270 375312.2833 380730.4334 387956.7392 395306.9664 418861.5575 442880.8299 450799.4841 459036.8672 604314.9578 615167.7694 650432.1648 691504.7319 702707.5835 968191.4767 1038977.497 1123674.673 1184529.156 1300349.684 1507283.847 1653041.929 1825793.114 2301878.773 2437662.168 2474651.348 2743412.718 2955545.263 3301731.823 43250755.37
