years
 1991 1992 1993 1994 1995 1996 1997 1998 1999 2000 2001 2002 2003 2004 2005 2006 2007 2008 2009 2010 2011 2012 2013 2014 2015 2016 2017 2018 2019 2020 2021
reclasobs
 0 0 0 0 0 0 0 0 0 252601 567819 844713 477998 351125 339783 2.1784e+06 2.13404e+06 4.81314e+06 1.55562e+06 2.62356e+06 3.21686e+06 3.843e+06 1.13348e+06 3.07943e+06 1.97215e+06 2.03268e+06 2.025e+06 2.42433e+06 2.27542e+06 1.05018e+06 2.36338e+06
reclaspred
 3.26508e+06 1.82675e+06 925757 939585 944724 1.50316e+06 939260 828959 601085 433545 504818 651778 641869 497811 501629 1.30169e+06 1.24747e+06 2.87582e+06 2.35188e+06 1.7448e+06 3.06951e+06 2.49598e+06 1.97536e+06 3.05227e+06 2.29206e+06 2.02933e+06 2.40592e+06 2.5558e+06 2.08572e+06 1.31903e+06 1.90012e+06
pelacesobs
 0 0 0 0 0 0 0 0 0 0 0 0 0 0 0 552880 188675 0 991730 2.46772e+06 1.41603e+06 1.21717e+06 2.29649e+06 1.80582e+06 0 1.4828e+06 1.56532e+06 1.57751e+06 1.42118e+06 867257 1.10002e+06
pelacespred
 1.82135e+06 1.13176e+06 572351 475854 500207 823266 475354 521140 363381 247663 299279 321512 348177 283482 294018 634720 609773 1.62381e+06 1.36551e+06 937779 1.60708e+06 1.40877e+06 1.11724e+06 1.89457e+06 1.36819e+06 1.2094e+06 1.63422e+06 1.7123e+06 1.15063e+06 824177 1.18838e+06
mphobs
 0 0 0 0 0 0 0 0 0 0 0 498337 0 5186 125008 0 168611 109162 213762 579715 649985 157893 87575 83554 0 0 0 0 0 0 0
mphpred
 494254 331124 164602 90154.9 100254 114890 151416 93223.6 82619.5 56257.7 36808.5 59855.3 64139.2 54140.5 36311.4 45927.5 149098 141030 285574 212687 226866 279215 265600 218858 305838 252681 207930 221383 309099 209721 127660
desembarqueobs
 494567 514787 250237 358949 120608 361735 552515 73892 212993 205616 52469 317467 293654 387597 252695 516296 358380 742168 942051 627588 828172 859565 418607 520667 417249 300574 415391 372974 316634 284311 391294
desembarquepred
 494574 513504 250882 358979 120613 361750 552568 73896.5 213045 205665 52471.7 317537 293707 387635 252691 516261 358405 742068 941855 627453 828247 859587 418618 520693 417249 300576 415392 372958 316627 284320 391299
Reclutas
 196313 109825 109822 186140 149142 254153 104837 47432.5 44576.9 59095.5 109423 146410 122454 85689.3 84562.8 451113 96543.7 705013 402435 313339 454961 614893 128675 376206 319659 143007 318929 357470 106293 79146.8 301311
log_desv_Rt
 0.129833 -0.450988 -0.451013 0.0766263 -0.144979 0.388063 -0.497465 -1.29057 -1.35266 -1.07072 -0.454656 -0.163465 -0.342142 -0.699147 -0.712381 0.961844 -0.579879 1.40834 0.847659 0.597411 0.970338 1.27157 -0.292582 0.780262 0.61738 -0.186981 0.615095 0.729176 -0.483678 -0.778571 0.558268
SSB
 3.03619e+06 2.03408e+06 1.01115e+06 553819 615859 705764 930145 572670 507529 345590 226114 367690 394006 332584 223060 282131 915905 866343 1.75428e+06 1.30653e+06 1.39363e+06 1.71521e+06 1.63157e+06 1.34444e+06 1.87875e+06 1.55221e+06 1.27731e+06 1.35995e+06 1.89878e+06 1.28831e+06 784212
BT
 4.11429e+06 2.80416e+06 1.41007e+06 1.26638e+06 1.1099e+06 1.97868e+06 1.46012e+06 1.12237e+06 949285 701284 652890 918858 973459 978600 850268 1.70707e+06 1.51756e+06 3.9513e+06 3.67647e+06 2.46581e+06 3.93526e+06 3.66037e+06 2.63207e+06 4.33044e+06 3.16176e+06 2.72081e+06 3.74159e+06 3.85041e+06 2.59694e+06 1.94853e+06 2.78983e+06
Ftot
 0.139013 0.253097 0.246657 0.368149 0.122665 0.238256 0.526882 0.085126 0.334458 0.443182 0.106574 0.467324 0.437431 0.7316 0.502928 0.413529 0.266944 0.265319 0.379274 0.343284 0.263815 0.333497 0.196512 0.172088 0.173285 0.139908 0.172884 0.147754 0.138192 0.198825 0.21071
BD_Bspro_t
 0.978003 0.840961 0.677667 0.587901 0.582872 0.660113 0.651631 0.487633 0.54436 0.49894 0.464021 0.668351 0.551302 0.461 0.352544 0.409233 0.583105 0.556789 0.658204 0.558856 0.529078 0.577333 0.593414 0.585725 0.692029 0.701045 0.708188 0.743188 0.787101 0.721141 0.652613
BD_Bspro
 2.46725 1.65293 0.821672 0.450041 0.500456 0.573514 0.755849 0.46536 0.412425 0.280831 0.183743 0.29879 0.320174 0.270262 0.181262 0.229264 0.744278 0.704003 1.42555 1.0617 1.13248 1.3938 1.32584 1.09251 1.5267 1.26135 1.03796 1.10511 1.54298 1.0469 0.637262
BD_Bo
 1.65144 1.10637 0.549981 0.301232 0.334977 0.383878 0.505922 0.311485 0.276054 0.187972 0.122987 0.199993 0.214307 0.180898 0.121326 0.153456 0.498177 0.47122 0.954182 0.710645 0.75802 0.932933 0.887441 0.731263 1.02189 0.844275 0.694751 0.739701 1.03278 0.700735 0.426547
BD_Brms
 10.1882 6.82553 3.39298 1.85838 2.06656 2.36825 3.12117 1.92164 1.70305 1.15965 0.758742 1.23381 1.32212 1.11601 0.748495 0.946714 3.07339 2.90708 5.88661 4.38416 4.67643 5.75552 5.47487 4.51136 6.3043 5.20856 4.28611 4.56342 6.37152 4.32302 2.63149
Sel_flota
 0.795236 1 1 1 1
 0.795236 1 1 1 1
 0.795236 1 1 1 1
 0.795236 1 1 1 1
 0.795236 1 1 1 1
 0.795236 1 1 1 1
 0.795236 1 1 1 1
 0.795236 1 1 1 1
 0.795236 1 1 1 1
 0.795236 1 1 1 1
 0.795236 1 1 1 1
 0.795236 1 1 1 1
 0.795236 1 1 1 1
 0.795236 1 1 1 1
 0.795236 1 1 1 1
 0.795236 1 1 1 1
 0.795236 1 1 1 1
 0.795236 1 1 1 1
 0.795236 1 1 1 1
 0.795236 1 1 1 1
 0.795236 1 1 1 1
 0.795236 1 1 1 1
 0.795236 1 1 1 1
 0.795236 1 1 1 1
 0.795236 1 1 1 1
 0.795236 1 1 1 1
 0.795236 1 1 1 1
 0.795236 1 1 1 1
 0.795236 1 1 1 1
 0.795236 1 1 1 1
 0.795236 1 1 1 1
Sel_reclas
 1 1 1 1 1
 1 1 1 1 1
 1 1 1 1 1
 1 1 1 1 1
 1 1 1 1 1
 1 1 1 1 1
 1 1 1 1 1
 1 1 1 1 1
 1 1 1 1 1
 1 1 1 1 1
 1 1 1 1 1
 1 1 1 1 1
 1 1 1 1 1
 1 1 1 1 1
 1 1 1 1 1
 1 1 1 1 1
 1 1 1 1 1
 1 1 1 1 1
 1 1 1 1 1
 1 1 1 1 1
 1 1 1 1 1
 1 1 1 1 1
 1 1 1 1 1
 1 1 1 1 1
 1 1 1 1 1
 1 1 1 1 1
 1 1 1 1 1
 1 1 1 1 1
 1 1 1 1 1
 1 1 1 1 1
 1 1 1 1 1
Sel_pelaces
 1 1 1 1 1
 1 1 1 1 1
 1 1 1 1 1
 1 1 1 1 1
 1 1 1 1 1
 1 1 1 1 1
 1 1 1 1 1
 1 1 1 1 1
 1 1 1 1 1
 1 1 1 1 1
 1 1 1 1 1
 1 1 1 1 1
 1 1 1 1 1
 1 1 1 1 1
 1 1 1 1 1
 1 1 1 1 1
 1 1 1 1 1
 1 1 1 1 1
 1 1 1 1 1
 1 1 1 1 1
 1 1 1 1 1
 1 1 1 1 1
 1 1 1 1 1
 1 1 1 1 1
 1 1 1 1 1
 1 1 1 1 1
 1 1 1 1 1
 1 1 1 1 1
 1 1 1 1 1
 1 1 1 1 1
 1 1 1 1 1
pf_obs 
 0.8446 0.082 0.0669 0.0065 0
 0.8095 0.147 0.0364 0.0071 0
 0.9664 0.0169 0.016 0.0007 0
 0.9276 0.0648 0.0075 0.0001 0
 0.7033 0.2144 0.0806 0.0017 0
 0.9318 0.0425 0.0243 0.0014 0
 0.5671 0.3108 0.0964 0.0239 0.0018
 0.0768 0.2599 0.5324 0.112 0.0189
 0.490249 0.384438 0.106611 0.0170017 0.00170017
 0.7925 0.1577 0.0466 0.003 0.0002
 0.840416 0.127587 0.0312969 0.00059994 9.999e-05
 0.8084 0.0986 0.0794 0.0134 0.0002
 0.7335 0.1905 0.0724 0.0035 0.0001
 0.4001 0.4547 0.1325 0.0127 0
 0.49795 0.308269 0.164784 0.0264974 0.00249975
 0.9179 0.0499 0.0305 0.0017 0
 0.2467 0.6533 0.0926 0.0074 0
 0.9418 0.0223 0.034 0.0019 0
 0.707729 0.231977 0.0356964 0.0245975 0
 0.517169 0.277429 0.184464 0.0207286 0.00020938
 0.811772 0.124168 0.05621 0.00726502 0.000585176
 0.764997 0.148141 0.077277 0.00933861 0.000247198
 0.163321 0.427699 0.378323 0.0303852 0.000271297
 0.753843 0.0900009 0.118128 0.0371064 0.000921714
 0.721811 0.176058 0.0630433 0.0369309 0.00215725
 0.143369 0.312575 0.442814 0.0836902 0.0175525
 0.692698 0.0596174 0.167031 0.0765114 0.00414204
 0.394062 0.376323 0.152708 0.0712218 0.00568511
 0.125707 0.32114 0.495352 0.0537591 0.00404204
 0.23352 0.215282 0.420074 0.123614 0.00750983
 0.796117 0.104755 0.0508955 0.0450114 0.00322123
pf_pred 
 0.453262 0.12359 0.399149 0.0239987 7.99818e-07
 0.415083 0.301005 0.0641781 0.207272 0.0124626
 0.563891 0.209033 0.116856 0.0249152 0.085305
 0.741985 0.161594 0.0462162 0.0258363 0.0243691
 0.649747 0.277066 0.0458366 0.0131094 0.014241
 0.744355 0.179732 0.0600508 0.00993453 0.00592786
 0.470212 0.41872 0.0780871 0.0260899 0.00689163
 0.448978 0.299769 0.198579 0.037033 0.0156416
 0.531831 0.23813 0.125147 0.0829023 0.0219905
 0.698495 0.180368 0.0616154 0.0323814 0.0271407
 0.812625 0.141448 0.0274748 0.00938566 0.0090668
 0.734453 0.224845 0.0307254 0.00596811 0.00400826
 0.681064 0.250913 0.0575971 0.00787073 0.00255558
 0.62595 0.276558 0.0766994 0.0176064 0.00318713
 0.734901 0.185089 0.0591559 0.0164061 0.00444775
 0.933368 0.0524989 0.00986752 0.00315373 0.00111176
 0.383985 0.584505 0.0248267 0.00466634 0.00201715
 0.899261 0.0450823 0.0528099 0.00224308 0.000603852
 0.59119 0.376358 0.0145226 0.017012 0.000917102
 0.605458 0.258797 0.12497 0.00482225 0.00595337
 0.73792 0.175117 0.0570426 0.0275452 0.0023751
 0.744056 0.200989 0.0367197 0.0119611 0.00627389
 0.32194 0.537089 0.110702 0.0202248 0.0100436
 0.739878 0.0987096 0.127854 0.0263527 0.00720539
 0.626505 0.293215 0.0304642 0.0394589 0.0103568
 0.434064 0.386517 0.140854 0.0146343 0.0239304
 0.730229 0.13359 0.0930077 0.0338938 0.00927984
 0.686099 0.243774 0.0347266 0.0241773 0.011223
 0.35013 0.478772 0.132874 0.0189285 0.0192957
 0.426934 0.23376 0.249973 0.0693755 0.0199574
 0.827695 0.084387 0.0358627 0.0383501 0.0137052
pobs_RECLAS
 0 0 0 0 0
 0 0 0 0 0
 0 0 0 0 0
 0 0 0 0 0
 0 0 0 0 0
 0 0 0 0 0
 0 0 0 0 0
 0 0 0 0 0
 0 0 0 0 0
 0 0 0 0 0
 0.991045 0.00858322 0.000360255 1.14367e-05 0
 0.934742 0.0480273 0.0164251 0.00080598 0
 0.827803 0.169806 0.00239088 0 0
 0.941827 0.0461693 0.0120037 0 0
 0.791401 0.0380133 0.147996 0.0225897 0
 0.846168 0.0940531 0.0597789 0 0
 0.134021 0.677848 0.182769 0.00536245 0
 0.80878 0.0450904 0.141981 0.00414843 0
 0.846168 0.0940531 0.0597789 0 0
 0.905697 0.0802665 0.012482 0.00150086 5.37128e-05
 0.989698 0.0102097 9.19794e-05 0 0
 0.975433 0.0193895 0.00387452 0.00125025 5.28907e-05
 0.303575 0.632131 0.0575291 0.00676475 0
 0.966965 0.00978017 0.0227588 0.000495775 0
 0.843318 0.132988 0.00938335 0.0141283 0.000182051
 0.564624 0.303363 0.111486 0.0197234 0.00080311
 0.826376 0.0876187 0.0782897 0.00655872 0.00115652
 0.89761 0.0855135 0.0140674 0.00269457 0.000114338
 0.34875 0.467042 0.161289 0.0227151 0.000203297
 0.318654 0.224769 0.449479 0.00709798 0
 0.937255 0.0296025 0.0250945 0.00804832 0
ppred_RECLAS
 0.511055 0.110525 0.356956 0.0214619 7.15272e-07
 0.472851 0.271277 0.0578397 0.186801 0.0112317
 0.620366 0.181964 0.101723 0.0216887 0.0742583
 0.784747 0.134812 0.0385566 0.0215543 0.0203303
 0.700424 0.236978 0.0392046 0.0112126 0.0121805
 0.786282 0.150255 0.050202 0.00830519 0.00495565
 0.530614 0.370981 0.0691843 0.0231153 0.00610591
 0.506462 0.268497 0.177863 0.0331696 0.0140098
 0.589967 0.208559 0.109606 0.0726076 0.0192597
 0.746399 0.15171 0.0518257 0.0272366 0.0228285
 0.845303 0.116779 0.0226832 0.0077488 0.00748556
 0.77858 0.187482 0.0256197 0.00497638 0.0033422
 0.730637 0.211913 0.0486447 0.00664737 0.00215837
 0.682175 0.234986 0.0651702 0.0149598 0.00270805
 0.779162 0.154187 0.0492793 0.0136669 0.00370516
 0.946754 0.0419522 0.0078852 0.00252017 0.000888417
 0.440768 0.530626 0.0225382 0.00423621 0.00183121
 0.918611 0.0364228 0.0426661 0.00181223 0.000487863
 0.647126 0.324862 0.0125356 0.0146843 0.000791618
 0.660344 0.222795 0.107585 0.00415141 0.00512518
 0.780697 0.146534 0.0477321 0.0230492 0.00198744
 0.786418 0.167723 0.0306421 0.00998137 0.00523548
 0.374748 0.49526 0.102081 0.0186496 0.00926138
 0.78207 0.082699 0.107116 0.0220783 0.00603668
 0.679116 0.251912 0.026173 0.0339007 0.00889797
 0.491616 0.347211 0.12653 0.0131461 0.0214968
 0.77351 0.112157 0.0780861 0.028456 0.00779104
 0.733774 0.20675 0.0294523 0.0205053 0.00951843
 0.404498 0.438717 0.121758 0.0173449 0.0176814
 0.484668 0.21021 0.224789 0.0623862 0.0179467
 0.858474 0.0693129 0.0294566 0.0314996 0.011257
pobs_PELACES
 0 0 0 0 0
 0 0 0 0 0
 0 0 0 0 0
 0 0 0 0 0
 0 0 0 0 0
 0 0 0 0 0
 0 0 0 0 0
 0 0 0 0 0
 0 0 0 0 0
 0 0 0 0 0
 0 0 0 0 0
 0 0 0 0 0
 0 0 0 0 0
 0 0 0 0 0
 0 0 0 0 0
 0 0 0 0 0
 0.505614 0.472636 0.0217494 0 0
 0 0 0 0 0
 0.443492 0.261883 0.143347 0.151278 0
 0.227955 0.32914 0.350689 0.0885471 0.00366901
 0.970185 0.0296113 0.000203453 0 0
 0.997202 0.00247181 0.000326279 0 0
 0.445219 0.490057 0.0546422 0.010081 0
 0.90214 0.0892962 0.00764917 0.000914606 0
 0 0 0 0 0
 0.581667 0.319106 0.0959925 0.00289975 0.000334073
 0.762889 0.0836404 0.116647 0.0363945 0.000428098
 0.88444 0.0763242 0.0277011 0.0115352 0
 0.521256 0.241999 0.230069 0.00667565 0
 0.616807 0.101726 0.260614 0.0208532 0
 0.833518 0.0704572 0.0857862 0.0102388 0
ppred_PELACES
 0.513402 0.109995 0.355243 0.0213589 7.11839e-07
 0.477115 0.269082 0.0573718 0.18529 0.0111409
 0.624283 0.180086 0.100674 0.0214649 0.073492
 0.788919 0.132199 0.0378092 0.0211365 0.0199362
 0.702161 0.235604 0.0389774 0.0111476 0.0121099
 0.788975 0.148362 0.0495694 0.00820055 0.0048932
 0.53947 0.363981 0.0678789 0.0226792 0.0059907
 0.507899 0.267714 0.177344 0.033073 0.013969
 0.595423 0.205784 0.108148 0.0716415 0.0190035
 0.752025 0.148344 0.0506759 0.0266323 0.022322
 0.846242 0.11607 0.0225455 0.00770175 0.0074401
 0.783975 0.182913 0.0249954 0.00485511 0.00326076
 0.736414 0.207368 0.0476013 0.0065048 0.00211207
 0.692796 0.227134 0.0629925 0.0144599 0.00261756
 0.784954 0.150143 0.0479869 0.0133085 0.00360798
 0.948145 0.0408561 0.00767918 0.00245432 0.000865205
 0.445219 0.526403 0.0223588 0.00420249 0.00181664
 0.919941 0.0358274 0.0419687 0.00178261 0.000479889
 0.652956 0.319495 0.0123285 0.0144417 0.00077854
 0.665527 0.219395 0.105943 0.00408806 0.00504696
 0.783734 0.144505 0.0470711 0.0227301 0.00195992
 0.790179 0.16477 0.0301026 0.00980562 0.0051433
 0.377865 0.492791 0.101572 0.0185567 0.00921522
 0.784045 0.0819494 0.106145 0.0218782 0.00598196
 0.681662 0.249914 0.0259653 0.0336317 0.00882737
 0.493979 0.345597 0.125942 0.013085 0.0213969
 0.77555 0.111147 0.0773827 0.0281997 0.00772086
 0.73572 0.205239 0.029237 0.0203554 0.00944886
 0.40675 0.437059 0.121298 0.0172793 0.0176146
 0.488024 0.208841 0.223325 0.0619799 0.0178299
 0.860195 0.06847 0.0290983 0.0311166 0.0111201
pobs_pel_tallas
 0 0 0 0 0 0 0 0 0 0 0 0 0 0 0 0 0 0 0 0 0 0 0 0 0 0
 0 0 0 0 0 0 0 0 0 0 0 0 0 0 0 0 0 0 0 0 0 0 0 0 0 0
 0 0 0 0 0 0 0 0 0 0 0 0 0 0 0 0 0 0 0 0 0 0 0 0 0 0
 0 0 0 0 0 0 0 0 0 0 0 0 0 0 0 0 0 0 0 0 0 0 0 0 0 0
 0 0 0 0 0 0 0 0 0 0 0 0 0 0 0 0 0 0 0 0 0 0 0 0 0 0
 0 0 0 0 0 0 0 0 0 0 0 0 0 0 0 0 0 0 0 0 0 0 0 0 0 0
 0 0 0 0 0 0 0 0 0 0 0 0 0 0 0 0 0 0 0 0 0 0 0 0 0 0
 0 0 0 0 0 0 0 0 0 0 0 0 0 0 0 0 0 0 0 0 0 0 0 0 0 0
 0 0 0 0 0 0 0 0 0 0 0 0 0 0 0 0 0 0 0 0 0 0 0 0 0 0
 0 0 0 0 0 0 0 0 0 0 0 0 0 0 0 0 0 0 0 0 0 0 0 0 0 0
 0 0 0 0 0 0 0 0 0 0 0 0 0 0 0 0 0 0 0 0 0 0 0 0 0 0
 0 0 0 0 0 0 0 0 0 0 0 0 0 0 0 0 0 0 0 0 0 0 0 0 0 0
 0.00862536 0 0 0.000197151 0.00414017 0.0128641 0.00837892 0.0270097 0.101434 0.158115 0.152841 0.127902 0.109271 0.109419 0.0830992 0.0579132 0.0238553 0.00714673 0.00463305 0.00128148 0.00103504 0.000492878 0.000147863 0.000147863 4.92878e-05 0
 0 0 0 0 0 0 0 0 0 0 0 0 0 0 0 0 0 0 0 0 0 0 0 0 0 0
 0 0 0 0 0 0 0 0.0054083 0.00873648 0.0413646 0.0450493 0.0745869 0.0622846 0.0627006 0.0613931 0.0827291 0.12552 0.122667 0.0946155 0.0697135 0.0546179 0.0294188 0.0215738 0.0213955 0.0102223 0.00600262
 0 0 0 0 0.00359764 0.0251062 0.0480494 0.140153 0.205849 0.193036 0.1447 0.116669 0.0760912 0.0342217 0.00950174 0.001854 0.000860785 0 0 0 0.000165536 0 0.000143464 0 0 0
 0 0 0 0 0 0 0 0.000145254 0.000435761 0.0275982 0.070085 0.0708112 0.156366 0.174668 0.174014 0.160142 0.0824315 0.0480064 0.0283245 0.00493863 0.00203355 0 0 0 0 0
 0 0 0 0 0 0 0 0 0 0 0 0 0 0 0 0 0 0 0 0 0 0 0 0 0 0
 0 0 1.00437e-05 0.000401748 0.00122533 0.00171747 0.00176769 0.0269171 0.070346 0.194647 0.189555 0.159765 0.064822 0.0314167 0.0384472 0.0292271 0.0345202 0.0313363 0.0194345 0.0106764 0.0143323 0.0359363 0.0279516 0.0138201 0.00172751 0
 0 0.0021121 0.0136068 0.0755702 0.200478 0.177729 0.0527432 0.0373336 0.0318909 0.0142505 0.0149659 0.0166563 0.0217959 0.0798694 0.0677717 0.0528807 0.04013 0.0224614 0.0357745 0.0225083 0.00881397 0.00855152 0.00135912 0.000746735 0 0
 0 0 0 0 5.4009e-05 0.00500934 0.000945158 0.0243581 0.138947 0.33067 0.221406 0.137944 0.0707744 0.0437923 0.0131692 0.00525238 0.0047753 0.00276346 9.45158e-05 9.00151e-06 2.25038e-05 9.00151e-06 4.50075e-06 0 0 0
 0.000866109 0.00284123 0.00948549 0.0512746 0.133035 0.25785 0.225252 0.132002 0.0553304 0.0519788 0.0540692 0.017754 0.00435017 0.00159236 0.00146478 0.000404838 0.000125132 0.000115318 0.000107957 0.000100596 0 0 0 0 0 0
 0 0 0 0 0.00144013 0.00171154 0.00461396 0.0210425 0.0478622 0.0707936 0.0888783 0.103762 0.0637923 0.0337046 0.0602308 0.124433 0.169614 0.0934646 0.0462172 0.0250306 0.0313229 0.00938855 0.002487 0.000210481 0 0
 0 0.00764035 0.051015 0.0998891 0.058973 0.0496711 0.0374665 0.0718981 0.12319 0.153886 0.159021 0.0857701 0.0377988 0.023471 0.0147837 0.00900784 0.00315554 0.000888139 0.00291439 0.00214683 0.00393193 0.00274676 0.000635225 9.99891e-05 0 0
 0 0 0 0 0 0 0 0 0 0 0 0 0 0 0 0 0 0 0 0 0 0 0 0 0 0
 0 0 0 0 0 0 0 0 0 0 0 0 0 0 0 0 0 0 0 0 0 0 0 0 0 0
 0 0 0 0 0 0 0 0 0 0 0 0 0 0 0 0 0 0 0 0 0 0 0 0 0 0
 0 0 0 0 0 0 0 0 0 0 0 0 0 0 0 0 0 0 0 0 0 0 0 0 0 0
 0 0 0 0 0 0 0 0 0 0 0 0 0 0 0 0 0 0 0 0 0 0 0 0 0 0
 0 0 0 0 0 0 0 0 0 0 0 0 0 0 0 0 0 0 0 0 0 0 0 0 0 0
 0 0 0 0 0 0 0 0 0 0 0 0 0 0 0 0 0 0 0 0 0 0 0 0 0 0
ppred_pel_tallas
 1.12422e-16 4.22883e-05 0.000411057 0.00273162 0.0124176 0.0386357 0.0823178 0.120148 0.120159 0.0823725 0.0388207 0.0129587 0.00411529 0.00351563 0.00618406 0.0107956 0.0170315 0.0244996 0.032711 0.0412548 0.0497116 0.057303 0.0626909 0.0643225 0.0612182 0.0536319
 1.22192e-16 3.92994e-05 0.000382004 0.00253856 0.0115399 0.0359051 0.0765006 0.11166 0.111686 0.0766278 0.0363326 0.0127762 0.00564729 0.00718783 0.0130252 0.02164 0.0315954 0.0407047 0.046851 0.0492764 0.0491086 0.0485562 0.0493623 0.0517053 0.0542505 0.0551007
 1.17541e-16 5.14214e-05 0.000499834 0.00332158 0.0150994 0.04698 0.100096 0.146097 0.146115 0.100182 0.0472676 0.015932 0.00541837 0.00510036 0.00885797 0.0147478 0.0216843 0.0282308 0.0329803 0.0353634 0.0359845 0.0361232 0.036794 0.0381145 0.0393736 0.0395845
 1.06619e-16 6.49823e-05 0.000631651 0.00419754 0.0190814 0.0593695 0.126493 0.184623 0.184636 0.126556 0.0595793 0.0196882 0.00572256 0.00396774 0.00642178 0.0105703 0.0153581 0.0196148 0.0222058 0.0226445 0.0213836 0.0194817 0.0179095 0.0170394 0.0166237 0.016135
 1.04353e-16 5.78361e-05 0.000562187 0.00373593 0.016983 0.0528406 0.112583 0.164323 0.164346 0.112694 0.0532134 0.01806 0.00643996 0.00646725 0.0112791 0.0185727 0.0267919 0.0337862 0.0374067 0.0366747 0.0323621 0.0264535 0.0209353 0.0168552 0.0141981 0.0123766
 1.03119e-16 6.49869e-05 0.000631696 0.00419784 0.0190828 0.0593737 0.126502 0.184637 0.184651 0.126573 0.0596093 0.0197638 0.00590946 0.00437556 0.00719698 0.011852 0.0171995 0.0219065 0.0246522 0.0248185 0.0228278 0.0197989 0.0168145 0.0143902 0.0124592 0.0107114
 1.05341e-16 4.44355e-05 0.000431929 0.00287032 0.0130481 0.0405977 0.0864989 0.126255 0.12629 0.0866705 0.0411738 0.0147127 0.00705027 0.00956176 0.0173984 0.0287318 0.0414776 0.0523569 0.0580527 0.0570363 0.0504596 0.041327 0.032643 0.0259909 0.0213679 0.0179524
 1.10867e-16 4.1835e-05 0.000406652 0.00270234 0.0122845 0.0382217 0.0814364 0.118864 0.11889 0.0815637 0.0386498 0.0135238 0.0058242 0.00725816 0.0131612 0.0219725 0.0323046 0.0420003 0.048853 0.0518042 0.0514521 0.0493842 0.0469274 0.0443813 0.0412231 0.0368688
 1.13575e-16 4.90442e-05 0.000476728 0.00316802 0.0144014 0.0448082 0.0954693 0.139344 0.139364 0.095567 0.0451367 0.0153523 0.00556242 0.00572905 0.0100998 0.0168209 0.0247085 0.0321098 0.0373862 0.0398384 0.040089 0.0395181 0.0392133 0.0392892 0.0390164 0.0374818
 1.07949e-16 6.19434e-05 0.000602112 0.00400124 0.0181891 0.0565931 0.120578 0.17599 0.176005 0.120648 0.0568289 0.0188709 0.00571572 0.00435488 0.00721926 0.0119177 0.0173569 0.022251 0.0253449 0.0260992 0.0250072 0.0232155 0.0217513 0.0209684 0.0205455 0.0198844
 1.02712e-16 6.97039e-05 0.000677547 0.00450254 0.0204679 0.0636832 0.135684 0.198038 0.198049 0.135739 0.063867 0.0209989 0.00583615 0.00359096 0.00560918 0.00917995 0.0132588 0.0167638 0.0186453 0.0184294 0.0164957 0.0138079 0.0113169 0.00950269 0.00832268 0.00746412
 1.01807e-16 6.45751e-05 0.000627693 0.00417124 0.0189619 0.0589975 0.125701 0.183468 0.183486 0.125787 0.0592867 0.0197972 0.00626797 0.00520463 0.00875631 0.0143719 0.0206925 0.0260119 0.0286353 0.0277806 0.0240379 0.0189628 0.0141422 0.0104602 0.00798724 0.00634024
 1.02437e-16 6.06575e-05 0.000589612 0.00391818 0.0178115 0.0554183 0.118075 0.172339 0.172359 0.118173 0.0557468 0.0187607 0.0063021 0.00579814 0.00996548 0.0164123 0.0237139 0.02998 0.0333178 0.0328405 0.0291694 0.0239685 0.0189072 0.0148745 0.0119021 0.00959673
 1.0377e-16 5.70647e-05 0.000554689 0.00368611 0.0167565 0.0521359 0.111082 0.162132 0.162154 0.111189 0.0524961 0.0177976 0.00630183 0.00627292 0.0109408 0.0180591 0.0261544 0.0331937 0.0371341 0.0370213 0.0335234 0.0284092 0.0234168 0.0194153 0.0163536 0.0137632
 1.03369e-16 6.46556e-05 0.000628476 0.00417644 0.0189855 0.059071 0.125858 0.183696 0.18371 0.125929 0.0593094 0.0196746 0.00590823 0.00441627 0.00727986 0.0119892 0.0173972 0.0221568 0.0249356 0.0251152 0.0231332 0.0201306 0.0172048 0.0148667 0.0130254 0.0113383
 1.00625e-16 7.80975e-05 0.000759135 0.00504472 0.0229326 0.0713518 0.152023 0.221882 0.221886 0.152042 0.0714164 0.0231194 0.00551393 0.00178401 0.00202622 0.00323066 0.00465699 0.00587892 0.00651995 0.00640851 0.00567409 0.00465396 0.00368522 0.00294512 0.00243265 0.00205467
 1.01509e-16 3.66722e-05 0.000356467 0.00236885 0.0107685 0.033505 0.0713878 0.104203 0.104254 0.0716353 0.0343356 0.0131665 0.00838401 0.0134737 0.0249077 0.0410117 0.0588224 0.0734377 0.0798862 0.0758755 0.0631857 0.0465287 0.0308236 0.0189819 0.0114592 0.00720419
 1.01481e-16 7.57744e-05 0.000736554 0.00489466 0.0222504 0.0692293 0.1475 0.215282 0.215286 0.147518 0.0692872 0.0224182 0.00531862 0.0016711 0.00187703 0.00305173 0.00454772 0.00604822 0.00727317 0.00807329 0.00847799 0.00860523 0.00851905 0.00817181 0.00747444 0.00641289
 1.02018e-16 5.37832e-05 0.000522792 0.00347414 0.0157929 0.0491379 0.104695 0.152811 0.152842 0.104845 0.0496421 0.0172486 0.00712562 0.00848622 0.015155 0.0249101 0.0357418 0.0446629 0.0486739 0.0464076 0.0389661 0.0292157 0.0201198 0.0133881 0.00921303 0.00686937
 1.04378e-16 5.48186e-05 0.000532856 0.00354102 0.016097 0.0500838 0.10671 0.15575 0.155771 0.106814 0.0504331 0.0171074 0.0060829 0.0060999 0.0106805 0.0177075 0.0258207 0.0331275 0.037707 0.0386255 0.0364122 0.0325529 0.0284539 0.0247378 0.0212946 0.0178025
 1.04007e-16 6.45551e-05 0.000627499 0.00416995 0.018956 0.0589792 0.125662 0.18341 0.183424 0.12573 0.0592088 0.0196195 0.00583787 0.00427653 0.00701833 0.011563 0.0167988 0.0214405 0.0242228 0.0245681 0.0229079 0.020334 0.0178713 0.0159564 0.0144344 0.0129173
 1.02765e-16 6.5086e-05 0.000632659 0.00420424 0.0191119 0.0594643 0.126695 0.184919 0.184935 0.126773 0.0597251 0.0198654 0.00609632 0.00476527 0.00792018 0.013008 0.0187738 0.0236981 0.0262788 0.0258285 0.0228752 0.0187867 0.0149282 0.0120151 0.0100357 0.00859872
 1.06478e-16 3.11243e-05 0.00030254 0.00201048 0.0091394 0.0284363 0.0605884 0.0884404 0.088488 0.0608207 0.0292167 0.0113939 0.00767206 0.01267 0.023543 0.0389345 0.056229 0.0710129 0.0787907 0.0774704 0.0685714 0.0561139 0.0441331 0.0347794 0.0281081 0.0231038
 1.06291e-16 6.45808e-05 0.000627748 0.00417161 0.0189635 0.0590026 0.125712 0.183481 0.183489 0.125751 0.0591354 0.0193491 0.00514689 0.00278162 0.00422811 0.00707867 0.0106379 0.0143149 0.0175322 0.0199979 0.021797 0.0231583 0.0241156 0.0243875 0.0235778 0.0214978
 1.0568e-16 5.61477e-05 0.000545775 0.00362687 0.0164872 0.051298 0.109297 0.159527 0.159551 0.109414 0.0516932 0.0176285 0.00649145 0.00679928 0.0119336 0.019644 0.0283082 0.0356456 0.0393886 0.0385349 0.0339653 0.0278562 0.0223607 0.0185722 0.0163767 0.0149985
 1.08657e-16 4.06885e-05 0.000395506 0.00262828 0.0119478 0.0371742 0.0792049 0.115609 0.115642 0.0793683 0.0377233 0.0135353 0.00661908 0.00912725 0.016682 0.0276663 0.040206 0.0513055 0.0579162 0.058609 0.0543585 0.047736 0.0412097 0.0359215 0.0316691 0.0277046
 1.06397e-16 6.3881e-05 0.000620946 0.00412641 0.0187581 0.0583633 0.12435 0.181494 0.181505 0.124403 0.0585413 0.0192734 0.0054253 0.00347376 0.00553308 0.0091811 0.0135379 0.0176986 0.0207799 0.0223774 0.0227593 0.0225701 0.0222991 0.0219628 0.021213 0.0196901
 1.04537e-16 6.06003e-05 0.000589057 0.00391449 0.0177947 0.0553661 0.117964 0.172176 0.172196 0.118061 0.0556908 0.0187327 0.00626926 0.00573106 0.00983105 0.0161707 0.0233244 0.0294151 0.0325811 0.0319896 0.0283389 0.0233801 0.0188476 0.0156264 0.0136425 0.0123072
 1.08326e-16 3.35035e-05 0.000325666 0.00216417 0.00983802 0.03061 0.0652193 0.0951984 0.0952406 0.0654257 0.0313031 0.0118412 0.00719715 0.0113281 0.0209742 0.0347398 0.0503171 0.0638544 0.0714274 0.0712062 0.06449 0.0547045 0.0452202 0.0377281 0.032128 0.0274851
 1.15732e-16 4.0198e-05 0.000390738 0.0025966 0.0118038 0.036726 0.0782493 0.114211 0.114232 0.0783494 0.037063 0.0127812 0.00506593 0.00583373 0.0105318 0.0177531 0.0265228 0.0353608 0.0427489 0.0479598 0.0513371 0.0537069 0.0554505 0.0560843 0.0546591 0.0505416
 1.0586e-16 7.08531e-05 0.000688718 0.00457677 0.0208053 0.0647332 0.137921 0.201301 0.201308 0.137954 0.0648423 0.0211212 0.00537194 0.00243217 0.00340491 0.00557889 0.00818069 0.010619 0.0123569 0.0131872 0.0133573 0.0133702 0.0136145 0.0141136 0.0145572 0.014533
pSPR Fmed_Fpbrs
0.630866   0.212094 0.212094
Fs Fmed_Fpbrs
0.249446   1.005 1.005
SSBpbr Bo_Bmed_Bpbrs
1.83851e+06  1.06793e+06  298011 298011
Ro
172410
SPR SPRFo_SPRFmed_SPRFpbrs
1.2306e+06 776341 261002
Fref
1.005
Nvult_r0
 207566 17450.9 7416.26 7930.64 2834.17
CTP_r0
 29789.1 3037.13 1290.72 1380.24 493.255
YTP_r0
391299
Np
 232259 38422.5 12623.7 997.484 480.994
Nvult_p0
 193837 33248.5 10923.8 863.163 416.223
CTP_p0
 86102.6 40661.8 3212.96 1365.44 1895.25
 86102.6 16665.7 5475.53 432.658 208.631
YTP_p0
 1.46061e+06 1.05247e+06
CBA_c0
1.33817e+06
log_Ro
11.8776
likeval ReclasPelacesDesembMPH_pf_preclas_ppelaces_ptallas_desvR_qrecl_qpela
 14.1586 17.1981 0.0660788 0.000814153 240.5 118.571 98.38 0 23.4558 2.46308e-07 8.06437e-07 0.337514 0 0 0
q_reclas_q_pelaces
0.932089 1.13628
M
1
N
 196313 43064.9 139084 8362.37 0.278697
 109825 64661.1 13786.6 44525.6 2677.18
 109822 33036.6 18468.4 3937.71 13482
 186140 33205.4 9496.83 5309.01 5007.54
 149142 51097.5 8453.34 2417.68 2626.36
 254153 49766.8 16627.7 2750.81 1641.39
 104837 77359.9 14426.9 4820.19 1273.25
 47432.5 25366.1 16803.5 3133.69 1323.57
 44576.9 16307.3 8570.17 5677.21 1505.92
 59095.5 12569.1 4293.73 2256.53 1891.33
 109423 15282.7 2968.51 1014.07 979.621
 146410 36983.4 5053.83 981.658 659.294
 122454 37143.1 8526.2 1165.12 378.308
 85689.3 31812.9 8822.86 2025.29 366.621
 84562.8 17618.2 5630.91 1561.65 423.37
 451113 20854 3919.66 1252.75 441.624
 96543.7 119446 5073.44 953.587 412.213
 705013 28723.4 33646.9 1429.14 384.734
 402435 210025 8104.29 9493.46 511.784
 313339 109500 52876.1 2040.35 2518.93
 454961 87732.6 28578 13800 1189.91
 614893 135696 24791 8075.41 4235.76
 128675 173511 35763.2 6533.76 3244.66
 376206 40488.5 52443 10809.3 2955.49
 319659 120697 12540.1 16242.6 4263.23
 143007 102458 37337.6 3879.27 6343.47
 318929 47069.9 32771 11942.4 3269.73
 357470 102257 14566.9 10141.7 4707.73
 106293 116927 32451 4622.78 4712.46
 79146.8 35033.4 37463.2 10397.2 2990.99
 301311 24858.3 10564.3 11297 4037.2
pred_Ctot
 13105.1 3573.33 11540.5 693.872 0.023125
 12865.8 9329.85 1989.24 6424.52 386.285
 12564 4657.45 2603.65 555.133 1900.67
 30582.4 6660.41 1904.9 1064.9 1004.42
 8832.24 3766.26 623.074 178.201 193.582
 28161.3 6799.84 2271.91 375.855 224.27
 23465.9 20896.2 3896.94 1302.02 343.927
 1973.44 1317.61 872.834 162.775 68.751
 6724.64 3010.99 1582.4 1048.24 278.055
 11417.3 2948.22 1007.14 529.293 443.63
 5659.67 985.137 191.353 65.368 63.1473
 29605 9063.24 1238.51 240.568 161.569
 23392.9 8618.25 1978.32 270.341 87.7781
 25037 11061.9 3067.86 704.227 127.48
 18200.8 4583.97 1465.07 406.317 110.154
 82078.2 4616.63 867.727 277.332 97.7659
 11876 18077.8 767.849 144.323 62.3872
 86241.8 4323.52 5064.62 215.118 57.9112
 67879.6 43212.8 1667.47 1953.29 105.3
 48381 20680 9986.12 385.338 475.723
 55365 13138.7 4279.81 2066.67 178.2
 92521 24992.4 4565.98 1487.32 780.139
 11918.7 19883.8 4098.36 748.75 371.828
 30757.4 4103.44 5315.01 1095.51 299.534
 26305.8 12311.6 1279.13 1656.81 434.865
 9605.3 8553.14 3116.92 323.839 529.55
 26188.5 4790.98 3335.57 1215.55 332.807
 25291.8 8986.28 1280.13 891.252 413.714
 7055.67 9648.01 2677.63 381.439 388.839
 7411.82 4058.21 4339.68 1204.4 346.471
 29789.1 3037.13 1290.72 1380.24 493.255
F
 0.110548 0.139013 0.139013 0.139013 0.139013
 0.201272 0.253097 0.253097 0.253097 0.253097
 0.196151 0.246657 0.246657 0.246657 0.246657
 0.292766 0.368149 0.368149 0.368149 0.368149
 0.097548 0.122665 0.122665 0.122665 0.122665
 0.18947 0.238256 0.238256 0.238256 0.238256
 0.418996 0.526882 0.526882 0.526882 0.526882
 0.0676953 0.085126 0.085126 0.085126 0.085126
 0.265973 0.334458 0.334458 0.334458 0.334458
 0.352434 0.443182 0.443182 0.443182 0.443182
 0.0847512 0.106574 0.106574 0.106574 0.106574
 0.371633 0.467324 0.467324 0.467324 0.467324
 0.347861 0.437431 0.437431 0.437431 0.437431
 0.581795 0.7316 0.7316 0.7316 0.7316
 0.399947 0.502928 0.502928 0.502928 0.502928
 0.328853 0.413529 0.413529 0.413529 0.413529
 0.212283 0.266944 0.266944 0.266944 0.266944
 0.210991 0.265319 0.265319 0.265319 0.265319
 0.301612 0.379274 0.379274 0.379274 0.379274
 0.272992 0.343284 0.343284 0.343284 0.343284
 0.209795 0.263815 0.263815 0.263815 0.263815
 0.265209 0.333497 0.333497 0.333497 0.333497
 0.156273 0.196512 0.196512 0.196512 0.196512
 0.136851 0.172088 0.172088 0.172088 0.172088
 0.137802 0.173285 0.173285 0.173285 0.173285
 0.11126 0.139908 0.139908 0.139908 0.139908
 0.137484 0.172884 0.172884 0.172884 0.172884
 0.117499 0.147754 0.147754 0.147754 0.147754
 0.109895 0.138192 0.138192 0.138192 0.138192
 0.158113 0.198825 0.198825 0.198825 0.198825
 0.167564 0.21071 0.21071 0.21071 0.21071
YTP_r0W_actual
 247250 42823.5 35623.7 47204.1 18398.4
YTP_p0W_proyectada
 644909 637170 74315.7 40103 64116.2
 644909 261152 126649 12707.2 7057.97
CTP_r0_actual
 29789.1 3037.13 1290.72 1380.24 493.255
CTP_p0_proyectada
 86102.6 40661.8 3212.96 1365.44 1895.25
 86102.6 16665.7 5475.53 432.658 208.631
Wmedp
 7.49 15.67 23.13 29.37 33.83
Frms_r0
 0.167564 0.21071 0.21071 0.21071 0.21071
Zrms_r0
 1.16756 1.21071 1.21071 1.21071 1.21071
nmprior
 8.19 8.8 8.5 0
nm_flota  nm_reclas  nm_pelaces    nm_pelaL
inf 12.4218 19.1219 46.3437
cv_recla  cv_pelaces  cv_mph
0.340357 0.470233 0.880559
 ------------------------------------------------
Talla a la edad & desviaci?n 
 8 13.2811 15.8009 17.003 17.5766
 0.8 1.32811 1.58009 1.7003 1.75766
