    unsorted:	 2.722979516e-06 5.710860946e-06 0.001099981583 2.950917016 5.880109383 3.708072579 33.71325135 32.86333386 61.13967130 88.78454675 114.5875103 161.3290155 214.6589897 252.4850690 287.2216931 346.5412622 360.0275396 393.9882429 437.6000694 615.0778433 609.5378145 605.2096864 624.3214285 634.2476411 551.8646354 536.3667702 501.0059430 646.8921045 692.8723426 763.9781485 774.4009091 829.5742915 906.9891744 913.4790359 919.9568511 1089.014082 1136.312512 1157.284582 1254.112009 1342.595498 1448.939070 1785.655182 7172.524776 35268.03178 223925.3088 232949.9211 235893.0317 214405.8138 248275.1536 253200.5357 263209.0423 266425.5250 194517.6928 150344.5842 305500.7014 441495.7205 660892.3444 868917.0330 1039472.458 1147843.720 1209225.064 1288908.930 1502444.937 1594928.745 1798959.883 2079749.606 2202951.944 2557379.101 2862277.276 2934915.685 3359776.740 3511998.275 4000573.843 4283865.957 4496423.988 4989067.579 6768300.507
      sorted:	 2.722979516e-06 5.710860946e-06 0.001099981583 2.950917016 3.708072579 5.880109383 32.86333386 33.71325135 61.13967130 88.78454675 114.5875103 161.3290155 214.6589897 252.4850690 287.2216931 346.5412622 360.0275396 393.9882429 437.6000694 501.0059430 536.3667702 551.8646354 605.2096864 609.5378145 615.0778433 624.3214285 634.2476411 646.8921045 692.8723426 763.9781485 774.4009091 829.5742915 906.9891744 913.4790359 919.9568511 1089.014082 1136.312512 1157.284582 1254.112009 1342.595498 1448.939070 1785.655182 7172.524776 35268.03178 150344.5842 194517.6928 214405.8138 223925.3088 232949.9211 235893.0317 248275.1536 253200.5357 263209.0423 266425.5250 305500.7014 441495.7205 660892.3444 868917.0330 1039472.458 1147843.720 1209225.064 1288908.930 1502444.937 1594928.745 1798959.883 2079749.606 2202951.944 2557379.101 2862277.276 2934915.685 3359776.740 3511998.275 4000573.843 4283865.957 4496423.988 4989067.579 6768300.507
