years
 1991 1992 1993 1994 1995 1996 1997 1998 1999 2000 2001 2002 2003 2004 2005 2006 2007 2008 2009 2010 2011 2012 2013 2014 2015 2016 2017 2018 2019 2020 2021
reclasobs
 0 0 0 0 0 0 0 0 0 252601 567819 844713 477998 351125 339783 2.1784e+06 2.13404e+06 4.81314e+06 1.55562e+06 2.62356e+06 3.21686e+06 3.843e+06 1.13348e+06 3.07943e+06 1.97215e+06 2.03268e+06 2.025e+06 2.42433e+06 2.27542e+06 1.05018e+06 2.36338e+06
reclaspred
 3.15427e+06 1.75945e+06 889849 858868 837458 1.34507e+06 820485 721908 531158 390557 480127 630050 621733 480915 486340 1.32544e+06 1.27717e+06 2.90766e+06 2.39528e+06 1.77522e+06 3.14351e+06 2.55175e+06 2.01279e+06 3.10099e+06 2.31932e+06 2.04476e+06 2.44258e+06 2.61708e+06 2.14136e+06 1.33898e+06 1.93377e+06
pelacesobs
 0 0 0 0 0 0 0 0 0 0 0 0 0 0 0 552880 188675 0 991730 2.46772e+06 1.41603e+06 1.21717e+06 2.29649e+06 1.80582e+06 0 1.4828e+06 1.56532e+06 1.57751e+06 1.42118e+06 867257 1.10002e+06
pelacespred
 1.59938e+06 990116 499324 393138 402822 666458 369284 410857 287658 199882 256270 281487 306083 248645 258898 589258 569496 1.4964e+06 1.27081e+06 873558 1.50102e+06 1.31759e+06 1.03847e+06 1.75276e+06 1.26324e+06 1.11056e+06 1.51116e+06 1.59587e+06 1.07617e+06 764901 1.08656e+06
mphobs
 0 0 0 0 0 0 0 0 0 0 0 498337 0 5186 125008 0 168611 109162 213762 579715 649985 157893 87575 83554 0 0 0 0 0 0 0
mphpred
 474776 316691 156845 85596.3 89289 99745.5 132224 79010.8 70625 48625.6 32586.9 56704.7 61542 51898 34722.5 44219 152308 143921 287788 216834 230595 285546 270976 221883 309087 253740 208109 223796 315197 214044 132602
desembarqueobs
 494567 514787 250237 358949 120608 361735 552515 73892 212993 205616 52469 317467 293654 387597 252695 516296 358380 742168 942051 627588 828172 859565 418607 520667 417249 300574 415391 372974 316634 284311 391294
desembarquepred
 494573 513607 250784 358982 120613 361746 552547 73896.4 213040 205659 52471.5 317529 293701 387622 252686 516250 358401 742062 941827 627440 828231 859568 418613 520689 417246 300573 415387 372956 316625 284316 391296
Reclutas
 192563 108539 109369 169087 135880 242058 98617.8 44119.4 43367.3 58798.4 110632 146942 122160 85320 84729.4 474298 98086.9 726709 417740 319850 475491 634515 130010 390990 327027 146791 333912 376765 108833 78364.6 298241
log_desv_Rt
 0.110547 -0.462768 -0.455147 -0.0194589 -0.2381 0.339305 -0.558622 -1.36298 -1.38017 -1.07576 -0.443662 -0.159833 -0.344545 -0.703466 -0.710412 1.01196 -0.564021 1.43865 0.884985 0.617977 1.01447 1.30299 -0.282263 0.818807 0.640167 -0.160867 0.661003 0.781747 -0.460064 -0.788503 0.548027
SSB
 3.03747e+06 2.0261e+06 1.00344e+06 547619 571244 638141 845929 505487 451837 311092 208481 362779 393727 332028 222144 282900 974419 920766 1.84118e+06 1.38724e+06 1.47528e+06 1.82684e+06 1.73362e+06 1.41954e+06 1.97745e+06 1.62335e+06 1.33142e+06 1.43178e+06 2.01654e+06 1.36939e+06 848348
BT
 4.10746e+06 2.79172e+06 1.40062e+06 1.20855e+06 1.02472e+06 1.84606e+06 1.34656e+06 1.01267e+06 874957 658993 636260 914841 972417 976450 850646 1.77702e+06 1.59307e+06 4.1059e+06 3.8362e+06 2.57998e+06 4.13277e+06 3.84281e+06 2.75957e+06 4.52614e+06 3.29918e+06 2.82759e+06 3.90901e+06 4.05482e+06 2.74299e+06 2.0408e+06 2.87768e+06
Ftot
 0.140444 0.256687 0.250927 0.395295 0.136478 0.264615 0.591164 0.0964515 0.37366 0.486751 0.112082 0.480303 0.447476 0.751211 0.517196 0.408211 0.257612 0.261418 0.369566 0.333285 0.255283 0.323423 0.189738 0.167979 0.169051 0.136797 0.169048 0.143654 0.132286 0.191513 0.204946
BD_Bspro_t
 0.977834 0.84044 0.676782 0.585634 0.567005 0.640959 0.631324 0.457718 0.515913 0.472749 0.443408 0.663758 0.549835 0.459913 0.351558 0.410387 0.597711 0.571076 0.669179 0.57369 0.543882 0.593269 0.609125 0.600499 0.704053 0.711643 0.718059 0.7536 0.797438 0.73354 0.666864
BD_Bspro
 2.46474 1.64406 0.814238 0.444362 0.463532 0.517815 0.686423 0.410174 0.36664 0.252433 0.169171 0.294375 0.319487 0.269421 0.180257 0.229557 0.790685 0.747148 1.49401 1.12567 1.1971 1.48237 1.40673 1.15188 1.60459 1.31726 1.08037 1.16181 1.6363 1.11118 0.688386
BD_Bo
 1.619 1.07993 0.534846 0.291887 0.304479 0.340136 0.450889 0.26943 0.240834 0.165815 0.111123 0.193365 0.20986 0.176974 0.118405 0.150789 0.519375 0.490777 0.981367 0.739413 0.786338 0.973722 0.924037 0.75663 1.054 0.865262 0.709658 0.763153 1.07483 0.729898 0.452178
BD_Brms
 9.51702 6.34816 3.14399 1.7158 1.78982 1.99942 2.65047 1.58379 1.4157 0.974712 0.653214 1.13666 1.23363 1.04031 0.696023 0.886382 3.05305 2.88494 5.76879 4.3465 4.62234 5.72385 5.43178 4.44771 6.19574 5.08628 4.1716 4.48605 6.31821 4.29057 2.65805
Sel_flota
 0.764944 0.984084 0.99915 0.999955 0.999998
 0.764944 0.984084 0.99915 0.999955 0.999998
 0.764944 0.984084 0.99915 0.999955 0.999998
 0.764944 0.984084 0.99915 0.999955 0.999998
 0.764944 0.984084 0.99915 0.999955 0.999998
 0.764944 0.984084 0.99915 0.999955 0.999998
 0.764944 0.984084 0.99915 0.999955 0.999998
 0.764944 0.984084 0.99915 0.999955 0.999998
 0.764944 0.984084 0.99915 0.999955 0.999998
 0.764944 0.984084 0.99915 0.999955 0.999998
 0.764944 0.984084 0.99915 0.999955 0.999998
 0.764944 0.984084 0.99915 0.999955 0.999998
 0.764944 0.984084 0.99915 0.999955 0.999998
 0.764944 0.984084 0.99915 0.999955 0.999998
 0.764944 0.984084 0.99915 0.999955 0.999998
 0.764944 0.984084 0.99915 0.999955 0.999998
 0.764944 0.984084 0.99915 0.999955 0.999998
 0.764944 0.984084 0.99915 0.999955 0.999998
 0.764944 0.984084 0.99915 0.999955 0.999998
 0.764944 0.984084 0.99915 0.999955 0.999998
 0.764944 0.984084 0.99915 0.999955 0.999998
 0.764944 0.984084 0.99915 0.999955 0.999998
 0.764944 0.984084 0.99915 0.999955 0.999998
 0.764944 0.984084 0.99915 0.999955 0.999998
 0.764944 0.984084 0.99915 0.999955 0.999998
 0.764944 0.984084 0.99915 0.999955 0.999998
 0.764944 0.984084 0.99915 0.999955 0.999998
 0.764944 0.984084 0.99915 0.999955 0.999998
 0.764944 0.984084 0.99915 0.999955 0.999998
 0.764944 0.984084 0.99915 0.999955 0.999998
 0.764944 0.984084 0.99915 0.999955 0.999998
Sel_reclas
 1 1 1 1 1
 1 1 1 1 1
 1 1 1 1 1
 1 1 1 1 1
 1 1 1 1 1
 1 1 1 1 1
 1 1 1 1 1
 1 1 1 1 1
 1 1 1 1 1
 1 1 1 1 1
 1 1 1 1 1
 1 1 1 1 1
 1 1 1 1 1
 1 1 1 1 1
 1 1 1 1 1
 1 1 1 1 1
 1 1 1 1 1
 1 1 1 1 1
 1 1 1 1 1
 1 1 1 1 1
 1 1 1 1 1
 1 1 1 1 1
 1 1 1 1 1
 1 1 1 1 1
 1 1 1 1 1
 1 1 1 1 1
 1 1 1 1 1
 1 1 1 1 1
 1 1 1 1 1
 1 1 1 1 1
 1 1 1 1 1
Sel_pelaces
 1 1 1 1 1
 1 1 1 1 1
 1 1 1 1 1
 1 1 1 1 1
 1 1 1 1 1
 1 1 1 1 1
 1 1 1 1 1
 1 1 1 1 1
 1 1 1 1 1
 1 1 1 1 1
 1 1 1 1 1
 1 1 1 1 1
 1 1 1 1 1
 1 1 1 1 1
 1 1 1 1 1
 1 1 1 1 1
 1 1 1 1 1
 1 1 1 1 1
 1 1 1 1 1
 1 1 1 1 1
 1 1 1 1 1
 1 1 1 1 1
 1 1 1 1 1
 1 1 1 1 1
 1 1 1 1 1
 1 1 1 1 1
 1 1 1 1 1
 1 1 1 1 1
 1 1 1 1 1
 1 1 1 1 1
 1 1 1 1 1
pf_obs 
 0.8446 0.082 0.0669 0.0065 0
 0.8095 0.147 0.0364 0.0071 0
 0.9664 0.0169 0.016 0.0007 0
 0.9276 0.0648 0.0075 0.0001 0
 0.7033 0.2144 0.0806 0.0017 0
 0.9318 0.0425 0.0243 0.0014 0
 0.5671 0.3108 0.0964 0.0239 0.0018
 0.0768 0.2599 0.5324 0.112 0.0189
 0.490249 0.384438 0.106611 0.0170017 0.00170017
 0.7925 0.1577 0.0466 0.003 0.0002
 0.840416 0.127587 0.0312969 0.00059994 9.999e-05
 0.8084 0.0986 0.0794 0.0134 0.0002
 0.7335 0.1905 0.0724 0.0035 0.0001
 0.4001 0.4547 0.1325 0.0127 0
 0.49795 0.308269 0.164784 0.0264974 0.00249975
 0.9179 0.0499 0.0305 0.0017 0
 0.2467 0.6533 0.0926 0.0074 0
 0.9418 0.0223 0.034 0.0019 0
 0.707729 0.231977 0.0356964 0.0245975 0
 0.517169 0.277429 0.184464 0.0207286 0.00020938
 0.811772 0.124168 0.05621 0.00726502 0.000585176
 0.764997 0.148141 0.077277 0.00933861 0.000247198
 0.163321 0.427699 0.378323 0.0303852 0.000271297
 0.753843 0.0900009 0.118128 0.0371064 0.000921714
 0.721811 0.176058 0.0630433 0.0369309 0.00215725
 0.143369 0.312575 0.442814 0.0836902 0.0175525
 0.692698 0.0596174 0.167031 0.0765114 0.00414204
 0.394062 0.376323 0.152708 0.0712218 0.00568511
 0.125707 0.32114 0.495352 0.0537591 0.00404204
 0.23352 0.215282 0.420074 0.123614 0.00750983
 0.774587 0.0839891 0.0768558 0.0609784 0.00358967
pf_pred 
 0.439538 0.128126 0.407223 0.0251125 8.22458e-07
 0.407162 0.300209 0.0677148 0.21186 0.0130545
 0.5578 0.210587 0.118299 0.026239 0.0870749
 0.719199 0.175657 0.0505245 0.0279102 0.0267092
 0.643221 0.276563 0.0505284 0.0142732 0.0154148
 0.749678 0.175311 0.0583538 0.0104953 0.00616125
 0.469172 0.423858 0.0752998 0.0246425 0.00702753
 0.451604 0.301318 0.198091 0.0344946 0.0144924
 0.543694 0.235466 0.12219 0.0791049 0.0195461
 0.709956 0.178717 0.0579589 0.0295407 0.023827
 0.817666 0.14031 0.0260873 0.00830131 0.00763583
 0.730904 0.229535 0.0305539 0.00559324 0.00341411
 0.674601 0.256038 0.0593299 0.00774888 0.00228203
 0.619581 0.280626 0.078836 0.0179286 0.00302813
 0.730957 0.18776 0.060305 0.0165766 0.00440136
 0.934811 0.051385 0.00969039 0.00305271 0.00106082
 0.367359 0.601466 0.0246694 0.00456816 0.00193726
 0.894086 0.0458355 0.0571658 0.0023056 0.000607446
 0.584359 0.381575 0.0148844 0.0182531 0.000929296
 0.590421 0.267251 0.130859 0.00501401 0.00645568
 0.731711 0.176523 0.0602429 0.0289855 0.00253812
 0.733978 0.208208 0.0382611 0.01284 0.00671284
 0.307027 0.544493 0.116656 0.0210673 0.010756
 0.732036 0.098157 0.133888 0.0282257 0.00769312
 0.614563 0.301241 0.0311575 0.041827 0.0112115
 0.424379 0.388389 0.146857 0.0149492 0.0254258
 0.725947 0.133997 0.0949855 0.0353576 0.00971239
 0.680763 0.2477 0.0352679 0.0246045 0.0116647
 0.336108 0.487559 0.137312 0.0192459 0.0197754
 0.404173 0.236042 0.26533 0.0735664 0.0208883
 0.817097 0.0861853 0.0386958 0.0427992 0.0152228
pobs_RECLAS
 0 0 0 0 0
 0 0 0 0 0
 0 0 0 0 0
 0 0 0 0 0
 0 0 0 0 0
 0 0 0 0 0
 0 0 0 0 0
 0 0 0 0 0
 0 0 0 0 0
 0 0 0 0 0
 0.991045 0.00858322 0.000360255 1.14367e-05 0
 0.934742 0.0480273 0.0164251 0.00080598 0
 0.827803 0.169806 0.00239088 0 0
 0.941827 0.0461693 0.0120037 0 0
 0.791401 0.0380133 0.147996 0.0225897 0
 0.846168 0.0940531 0.0597789 0 0
 0.134021 0.677848 0.182769 0.00536245 0
 0.80878 0.0450904 0.141981 0.00414843 0
 0.846168 0.0940531 0.0597789 0 0
 0.905697 0.0802665 0.012482 0.00150086 5.37128e-05
 0.989698 0.0102097 9.19794e-05 0 0
 0.975433 0.0193895 0.00387452 0.00125025 5.28907e-05
 0.303575 0.632131 0.0575291 0.00676475 0
 0.966965 0.00978017 0.0227588 0.000495775 0
 0.843318 0.132988 0.00938335 0.0141283 0.000182051
 0.564624 0.303363 0.111486 0.0197234 0.00080311
 0.826376 0.0876187 0.0782897 0.00655872 0.00115652
 0.89761 0.0855135 0.0140674 0.00269457 0.000114338
 0.34875 0.467042 0.161289 0.0227151 0.000203297
 0.318654 0.224769 0.449479 0.00709798 0
 0.937255 0.0296025 0.0250945 0.00804832 0
ppred_RECLAS
 0.505894 0.114307 0.357754 0.0220439 7.21926e-07
 0.472472 0.269275 0.0597981 0.186936 0.0115182
 0.621977 0.181533 0.100402 0.0222509 0.0738371
 0.769929 0.1448 0.0409935 0.0226262 0.0216516
 0.700047 0.23333 0.041979 0.0118485 0.0127956
 0.795649 0.143791 0.0471212 0.00846806 0.00497093
 0.536819 0.371073 0.064855 0.021206 0.00604723
 0.516629 0.267442 0.173147 0.0301264 0.0126566
 0.609149 0.20327 0.103827 0.0671606 0.016594
 0.762356 0.147355 0.0470262 0.0239481 0.0193152
 0.852999 0.113527 0.0207863 0.00660907 0.00607899
 0.77998 0.188119 0.0246422 0.0045072 0.00275106
 0.730155 0.213051 0.0485864 0.00634033 0.00186713
 0.682623 0.235158 0.0649649 0.0147609 0.002493
 0.780668 0.153822 0.0486136 0.0133514 0.00354487
 0.949222 0.0401618 0.00745448 0.00234636 0.00081533
 0.429165 0.543124 0.0219319 0.00405789 0.00172079
 0.9168 0.0363253 0.0446036 0.00179746 0.000473547
 0.646252 0.325184 0.0124858 0.0152988 0.000778853
 0.652654 0.227885 0.109842 0.00420519 0.00541407
 0.780091 0.145474 0.0488791 0.0234985 0.00205756
 0.782048 0.171175 0.0309654 0.010383 0.00542806
 0.364737 0.500815 0.105651 0.0190642 0.0097329
 0.780776 0.0810993 0.108927 0.0229447 0.00625347
 0.673789 0.255837 0.026056 0.03495 0.00936775
 0.488718 0.346719 0.1291 0.0131308 0.0223322
 0.775133 0.11083 0.0773599 0.0287731 0.00790334
 0.734115 0.207031 0.0290271 0.0202341 0.00959229
 0.396032 0.445378 0.123518 0.0172984 0.0177736
 0.469349 0.212217 0.234886 0.065072 0.0184756
 0.853391 0.0696676 0.0307987 0.0340367 0.0121056
pobs_PELACES
 0 0 0 0 0
 0 0 0 0 0
 0 0 0 0 0
 0 0 0 0 0
 0 0 0 0 0
 0 0 0 0 0
 0 0 0 0 0
 0 0 0 0 0
 0 0 0 0 0
 0 0 0 0 0
 0 0 0 0 0
 0 0 0 0 0
 0 0 0 0 0
 0 0 0 0 0
 0 0 0 0 0
 0 0 0 0 0
 0.505614 0.472636 0.0217494 0 0
 0 0 0 0 0
 0.443492 0.261883 0.143347 0.151278 0
 0.227955 0.32914 0.350689 0.0885471 0.00366901
 0.970185 0.0296113 0.000203453 0 0
 0.997202 0.00247181 0.000326279 0 0
 0.445219 0.490057 0.0546422 0.010081 0
 0.90214 0.0892962 0.00764917 0.000914606 0
 0 0 0 0 0
 0.581667 0.319106 0.0959925 0.00289975 0.000334073
 0.762889 0.0836404 0.116647 0.0363945 0.000428098
 0.88444 0.0763242 0.0277011 0.0115352 0
 0.521256 0.241999 0.230069 0.00667565 0
 0.616807 0.101726 0.260614 0.0208532 0
 0.833518 0.0704572 0.0857862 0.0102388 0
ppred_PELACES
 0.508568 0.11375 0.355762 0.0219203 7.17877e-07
 0.477263 0.267003 0.0592179 0.18511 0.0114056
 0.62639 0.179533 0.099172 0.0219769 0.0729276
 0.775084 0.141661 0.0400263 0.02209 0.0211384
 0.702147 0.231732 0.0416631 0.0117589 0.0126988
 0.798806 0.141625 0.0463505 0.00832897 0.00488926
 0.547577 0.362669 0.0632002 0.0206617 0.00589196
 0.518424 0.266506 0.172458 0.0300059 0.0126059
 0.615779 0.200004 0.101969 0.0659524 0.0162954
 0.768842 0.143468 0.0456752 0.0232571 0.0187577
 0.854028 0.112747 0.0206319 0.00655978 0.00603365
 0.785942 0.183086 0.0239257 0.00437558 0.00267071
 0.736575 0.208081 0.0473474 0.00617791 0.00181929
 0.694481 0.226593 0.0623653 0.0141675 0.00239274
 0.787136 0.149402 0.0470957 0.0129328 0.00343369
 0.950646 0.0390521 0.0072338 0.00227665 0.000791103
 0.43375 0.538795 0.0217293 0.00402012 0.00170477
 0.918286 0.0357028 0.0437823 0.00176424 0.000464793
 0.652372 0.319607 0.0122491 0.0150073 0.000764011
 0.658227 0.224357 0.107962 0.00413288 0.00532094
 0.783315 0.143404 0.0481223 0.0231331 0.00202556
 0.786068 0.168078 0.0303562 0.0101778 0.00532078
 0.367969 0.498367 0.105036 0.0189521 0.00967569
 0.782938 0.080342 0.10782 0.0227104 0.00618961
 0.676512 0.253749 0.0258217 0.0346341 0.00928307
 0.491245 0.345082 0.128403 0.0130595 0.0222108
 0.777332 0.109794 0.0765724 0.0284789 0.00782251
 0.73617 0.205465 0.0287869 0.0200659 0.00951254
 0.398364 0.443736 0.122982 0.0172227 0.0176958
 0.472944 0.210901 0.233208 0.0646038 0.0183426
 0.855304 0.0687966 0.0303826 0.033575 0.0119414
pobs_pel_tallas
 0 0 0 0 0 0 0 0 0 0 0 0 0 0 0 0 0 0 0 0 0 0 0 0 0 0
 0 0 0 0 0 0 0 0 0 0 0 0 0 0 0 0 0 0 0 0 0 0 0 0 0 0
 0 0 0 0 0 0 0 0 0 0 0 0 0 0 0 0 0 0 0 0 0 0 0 0 0 0
 0 0 0 0 0 0 0 0 0 0 0 0 0 0 0 0 0 0 0 0 0 0 0 0 0 0
 0 0 0 0 0 0 0 0 0 0 0 0 0 0 0 0 0 0 0 0 0 0 0 0 0 0
 0 0 0 0 0 0 0 0 0 0 0 0 0 0 0 0 0 0 0 0 0 0 0 0 0 0
 0 0 0 0 0 0 0 0 0 0 0 0 0 0 0 0 0 0 0 0 0 0 0 0 0 0
 0 0 0 0 0 0 0 0 0 0 0 0 0 0 0 0 0 0 0 0 0 0 0 0 0 0
 0 0 0 0 0 0 0 0 0 0 0 0 0 0 0 0 0 0 0 0 0 0 0 0 0 0
 0 0 0 0 0 0 0 0 0 0 0 0 0 0 0 0 0 0 0 0 0 0 0 0 0 0
 0 0 0 0 0 0 0 0 0 0 0 0 0 0 0 0 0 0 0 0 0 0 0 0 0 0
 0 0 0 0 0 0 0 0 0 0 0 0 0 0 0 0 0 0 0 0 0 0 0 0 0 0
 0.00862536 0 0 0.000197151 0.00414017 0.0128641 0.00837892 0.0270097 0.101434 0.158115 0.152841 0.127902 0.109271 0.109419 0.0830992 0.0579132 0.0238553 0.00714673 0.00463305 0.00128148 0.00103504 0.000492878 0.000147863 0.000147863 4.92878e-05 0
 0 0 0 0 0 0 0 0 0 0 0 0 0 0 0 0 0 0 0 0 0 0 0 0 0 0
 0 0 0 0 0 0 0 0.0054083 0.00873648 0.0413646 0.0450493 0.0745869 0.0622846 0.0627006 0.0613931 0.0827291 0.12552 0.122667 0.0946155 0.0697135 0.0546179 0.0294188 0.0215738 0.0213955 0.0102223 0.00600262
 0 0 0 0 0.00359764 0.0251062 0.0480494 0.140153 0.205849 0.193036 0.1447 0.116669 0.0760912 0.0342217 0.00950174 0.001854 0.000860785 0 0 0 0.000165536 0 0.000143464 0 0 0
 0 0 0 0 0 0 0 0.000145254 0.000435761 0.0275982 0.070085 0.0708112 0.156366 0.174668 0.174014 0.160142 0.0824315 0.0480064 0.0283245 0.00493863 0.00203355 0 0 0 0 0
 0 0 0 0 0 0 0 0 0 0 0 0 0 0 0 0 0 0 0 0 0 0 0 0 0 0
 0 0 1.00437e-05 0.000401748 0.00122533 0.00171747 0.00176769 0.0269171 0.070346 0.194647 0.189555 0.159765 0.064822 0.0314167 0.0384472 0.0292271 0.0345202 0.0313363 0.0194345 0.0106764 0.0143323 0.0359363 0.0279516 0.0138201 0.00172751 0
 0 0.0021121 0.0136068 0.0755702 0.200478 0.177729 0.0527432 0.0373336 0.0318909 0.0142505 0.0149659 0.0166563 0.0217959 0.0798694 0.0677717 0.0528807 0.04013 0.0224614 0.0357745 0.0225083 0.00881397 0.00855152 0.00135912 0.000746735 0 0
 0 0 0 0 5.4009e-05 0.00500934 0.000945158 0.0243581 0.138947 0.33067 0.221406 0.137944 0.0707744 0.0437923 0.0131692 0.00525238 0.0047753 0.00276346 9.45158e-05 9.00151e-06 2.25038e-05 9.00151e-06 4.50075e-06 0 0 0
 0.000866109 0.00284123 0.00948549 0.0512746 0.133035 0.25785 0.225252 0.132002 0.0553304 0.0519788 0.0540692 0.017754 0.00435017 0.00159236 0.00146478 0.000404838 0.000125132 0.000115318 0.000107957 0.000100596 0 0 0 0 0 0
 0 0 0 0 0.00144013 0.00171154 0.00461396 0.0210425 0.0478622 0.0707936 0.0888783 0.103762 0.0637923 0.0337046 0.0602308 0.124433 0.169614 0.0934646 0.0462172 0.0250306 0.0313229 0.00938855 0.002487 0.000210481 0 0
 0 0.00764035 0.051015 0.0998891 0.058973 0.0496711 0.0374665 0.0718981 0.12319 0.153886 0.159021 0.0857701 0.0377988 0.023471 0.0147837 0.00900784 0.00315554 0.000888139 0.00291439 0.00214683 0.00393193 0.00274676 0.000635225 9.99891e-05 0 0
 0 0 0 0 0 0 0 0 0 0 0 0 0 0 0 0 0 0 0 0 0 0 0 0 0 0
 0 0 0 0 0 0 0 0 0 0 0 0 0 0 0 0 0 0 0 0 0 0 0 0 0 0
 0 0 0 0 0 0 0 0 0 0 0 0 0 0 0 0 0 0 0 0 0 0 0 0 0 0
 0 0 0 0 0 0 0 0 0 0 0 0 0 0 0 0 0 0 0 0 0 0 0 0 0 0
 0 0 0 0 0 0 0 0 0 0 0 0 0 0 0 0 0 0 0 0 0 0 0 0 0 0
 0 0 0 0 0 0 0 0 0 0 0 0 0 0 0 0 0 0 0 0 0 0 0 0 0 0
 0 0 0 0 0 0 0 0 0 0 0 0 0 0 0 0 0 0 0 0 0 0 0 0 0 0
ppred_pel_tallas
 1.12495e-16 4.18901e-05 0.000407186 0.0027059 0.0123006 0.0382719 0.0815427 0.119016 0.119028 0.0815991 0.0384628 0.0128589 0.00413265 0.00360584 0.00636244 0.0110914 0.0174584 0.0250381 0.0333077 0.0418411 0.0502316 0.0577326 0.0630372 0.0646087 0.0614658 0.0538514
 1.22272e-16 3.93116e-05 0.000382122 0.00253934 0.0115435 0.0359162 0.0765242 0.111695 0.111721 0.0766505 0.0363405 0.0127705 0.00562501 0.00713812 0.0129321 0.0214901 0.0313888 0.0404643 0.0466223 0.0491143 0.049057 0.0486311 0.0495478 0.0519629 0.0545342 0.0553707
 1.17454e-16 5.1595e-05 0.000501521 0.00333279 0.0151504 0.0471385 0.100434 0.14659 0.146608 0.10052 0.0474252 0.0159803 0.00542276 0.00508681 0.00882824 0.0146958 0.0216036 0.0281173 0.0328329 0.0351832 0.0357736 0.0358852 0.0365357 0.0378474 0.0391121 0.0393429
 1.06984e-16 6.38427e-05 0.000620574 0.00412393 0.0187468 0.0583283 0.124275 0.181386 0.1814 0.124342 0.0585532 0.0193969 0.00575787 0.00419475 0.0068738 0.011322 0.0164474 0.0209988 0.0237585 0.0242032 0.0228179 0.0207388 0.0190109 0.0180398 0.017567 0.0170327
 1.0459e-16 5.7835e-05 0.000562177 0.00373586 0.0169827 0.0528396 0.112581 0.16432 0.164343 0.11269 0.0532064 0.0180424 0.00639675 0.00637393 0.0111045 0.0182908 0.026402 0.0333298 0.0369683 0.0363587 0.0322556 0.0265957 0.0213088 0.0173992 0.014832 0.0130227
 1.03037e-16 6.57966e-05 0.000639567 0.00425015 0.0193206 0.0601135 0.128079 0.186937 0.186951 0.128146 0.0603383 0.0199705 0.00588376 0.00421264 0.00687191 0.0113094 0.0164089 0.0208939 0.0235035 0.023649 0.0217371 0.0188414 0.0160004 0.0137084 0.0118992 0.0102694
 1.04986e-16 4.51033e-05 0.00043842 0.00291346 0.0132442 0.0412077 0.0877987 0.128152 0.128187 0.0879696 0.0417817 0.0149023 0.00707657 0.00953025 0.0173232 0.0285966 0.0412598 0.0520342 0.0576046 0.0564433 0.0497049 0.0404051 0.0315719 0.0248194 0.0201719 0.0168177
 1.10188e-16 4.2702e-05 0.000415078 0.00275834 0.012539 0.0390138 0.0831239 0.121327 0.121353 0.0832506 0.0394397 0.0137722 0.00586431 0.00723044 0.0130891 0.0218403 0.0320864 0.0416665 0.0483704 0.0511346 0.0505566 0.0482345 0.0455235 0.0427661 0.039483 0.0351186
 1.12366e-16 5.07209e-05 0.000493025 0.00327633 0.0148937 0.04634 0.098733 0.144108 0.144127 0.0988279 0.0466592 0.0158174 0.00560189 0.0055932 0.00980683 0.0163187 0.0239482 0.0310736 0.036087 0.038296 0.0383013 0.0374562 0.0368476 0.0366325 0.0361517 0.0345589
 1.06862e-16 6.33285e-05 0.000615576 0.00409072 0.0185958 0.0578586 0.123274 0.179925 0.179939 0.123342 0.0580865 0.0192547 0.00574727 0.00424039 0.00697317 0.0114966 0.0167211 0.0213879 0.0242688 0.02483 0.0235454 0.0215351 0.0198214 0.0187881 0.0181707 0.0174279
 1.02304e-16 7.03452e-05 0.00068378 0.00454396 0.0206562 0.0642691 0.136933 0.199859 0.19987 0.136986 0.0644476 0.0211718 0.00583878 0.00351201 0.00544653 0.00890594 0.0128541 0.0162332 0.0180179 0.017743 0.0157759 0.0130567 0.01052 0.00864798 0.00741745 0.00653965
 1.01629e-16 6.4737e-05 0.000629267 0.0041817 0.0190094 0.0591454 0.126016 0.183928 0.183946 0.126102 0.0594349 0.0198454 0.00627994 0.00520918 0.00876112 0.0143769 0.0206934 0.0259992 0.0285947 0.0276945 0.0238894 0.0187411 0.0138463 0.0101009 0.00758571 0.00592421
 1.02348e-16 6.06707e-05 0.000589741 0.00391904 0.0178154 0.0554304 0.118101 0.172376 0.172396 0.118199 0.05576 0.0187678 0.00631096 0.00581561 0.00999802 0.0164651 0.0237872 0.0300666 0.033402 0.0329021 0.0291901 0.0239371 0.018822 0.0147421 0.011735 0.00941042
 1.03684e-16 5.72035e-05 0.000556039 0.00369507 0.0167973 0.0522627 0.111352 0.162526 0.162548 0.111459 0.052622 0.0178358 0.00630436 0.00626005 0.0109134 0.0180123 0.0260839 0.0330982 0.0370158 0.0368835 0.0333679 0.0282358 0.0232248 0.0192068 0.0161355 0.0135464
 1.03276e-16 6.48354e-05 0.000630223 0.00418805 0.0190383 0.0592353 0.126208 0.184207 0.184221 0.126278 0.0594724 0.0197238 0.00591102 0.00439855 0.00724237 0.0119251 0.0173007 0.0220264 0.0247746 0.024929 0.0229255 0.0199025 0.0169573 0.0146041 0.0127576 0.0110792
 1.00582e-16 7.83035e-05 0.000761138 0.00505803 0.0229931 0.07154 0.152424 0.222468 0.222471 0.152442 0.0716018 0.0231717 0.00550648 0.00174062 0.00194005 0.00308741 0.00444951 0.00561563 0.00622534 0.0061144 0.00540661 0.00442482 0.00349213 0.00277908 0.00228574 0.0019237
 1.01457e-16 3.57276e-05 0.000347285 0.00230783 0.0104911 0.032642 0.0695491 0.10152 0.101572 0.0698024 0.0334921 0.0129454 0.00846415 0.013772 0.0254889 0.0419691 0.06019 0.075133 0.0817072 0.0775653 0.0645312 0.047433 0.0313144 0.0191638 0.0114538 0.00710988
 1.01529e-16 7.5638e-05 0.000735228 0.00488585 0.0222104 0.0691047 0.147235 0.214895 0.214898 0.147252 0.0691624 0.0223778 0.00530904 0.00166852 0.0018758 0.00305328 0.00455775 0.00607694 0.0073346 0.00818204 0.00864392 0.00882791 0.00878491 0.0084561 0.00774776 0.00664955
 1.0207e-16 5.37351e-05 0.000522325 0.00347103 0.0157788 0.0490939 0.104601 0.152675 0.152705 0.104751 0.0495983 0.017235 0.00712382 0.00848861 0.0151605 0.0249194 0.0357559 0.0446822 0.0486987 0.0464389 0.0390063 0.0292687 0.0201896 0.0134769 0.0093189 0.00698621
 1.04488e-16 5.42173e-05 0.000527011 0.00350218 0.0159204 0.0495344 0.105539 0.154042 0.154064 0.105645 0.0498916 0.0169537 0.00610142 0.00621961 0.0109193 0.0181056 0.0264 0.0338679 0.0385446 0.0394755 0.0372031 0.0332489 0.0290537 0.0252562 0.0217442 0.0181866
 1.04089e-16 6.45207e-05 0.000627164 0.00416773 0.0189459 0.0589478 0.125595 0.183312 0.183326 0.125663 0.0591756 0.0196045 0.00582349 0.00425 0.00696952 0.011485 0.0166925 0.0213197 0.0241141 0.0245041 0.0229158 0.0204256 0.01804 0.0161805 0.0146848 0.0131653
 1.02841e-16 6.47474e-05 0.000629368 0.00418237 0.0190125 0.0591549 0.126036 0.183957 0.183973 0.126116 0.0594209 0.0197811 0.00611233 0.00484464 0.00807678 0.0132673 0.0191471 0.0241672 0.0267956 0.0263312 0.0233142 0.0191416 0.0152081 0.0122441 0.0102368 0.00878469
 1.06697e-16 3.03092e-05 0.000294617 0.00195783 0.00890006 0.0276916 0.0590018 0.0861249 0.0861729 0.0592368 0.0284809 0.0111803 0.00768433 0.0128045 0.0238147 0.0393902 0.0568979 0.07188 0.0797944 0.0785269 0.0696099 0.0570981 0.0450565 0.0356442 0.0289075 0.0238189
 1.06458e-16 6.44896e-05 0.000626862 0.00416572 0.0189368 0.0589193 0.125534 0.183222 0.18323 0.125573 0.0590496 0.0193152 0.00512335 0.00274273 0.00415747 0.00696629 0.0104861 0.0141455 0.0173866 0.019927 0.0218439 0.0233436 0.0244311 0.0248007 0.0240424 0.0219657
 1.05855e-16 5.57234e-05 0.000541652 0.00359947 0.0163627 0.0509105 0.108471 0.158322 0.158346 0.108591 0.0513116 0.0175214 0.00650789 0.00689078 0.0121146 0.0199435 0.0287388 0.0361863 0.039984 0.0391161 0.0344796 0.0282878 0.0227292 0.0189134 0.0167204 0.0153552
 1.08863e-16 4.04633e-05 0.000393318 0.00261374 0.0118817 0.0369685 0.0787665 0.114969 0.115002 0.0789297 0.0375169 0.0134671 0.00659958 0.00911489 0.0166644 0.0276426 0.0401838 0.0513026 0.0579602 0.058732 0.0545866 0.0480801 0.0416593 0.0364463 0.0322268 0.0282514
 1.06418e-16 6.40278e-05 0.000622373 0.00413589 0.0188012 0.0584975 0.124635 0.181911 0.181922 0.124688 0.0586733 0.0193103 0.00541909 0.00344081 0.0054676 0.00907177 0.0133785 0.0174944 0.0205487 0.0221436 0.0225452 0.02239 0.0221586 0.0218629 0.0211524 0.0196657
 1.04506e-16 6.06374e-05 0.000589417 0.00391688 0.0178056 0.0553999 0.118036 0.172281 0.172301 0.118133 0.055725 0.0187445 0.00627405 0.00573652 0.00984036 0.0161849 0.0233424 0.0294323 0.0325899 0.0319807 0.0283045 0.0233171 0.0187585 0.0155192 0.0135285 0.0121977
 1.08385e-16 3.28128e-05 0.000318952 0.00211955 0.0096352 0.0299789 0.0638748 0.0932361 0.093279 0.0640843 0.0306826 0.011669 0.00722933 0.0114892 0.0212927 0.0352685 0.0510814 0.0648209 0.0725016 0.0722646 0.0654281 0.055471 0.045817 0.0381864 0.0324814 0.0277566
 1.16367e-16 3.89558e-05 0.000378664 0.00251636 0.011439 0.0355911 0.0758315 0.110683 0.110703 0.0759326 0.0359317 0.0124271 0.00501301 0.00588384 0.0106562 0.0179805 0.0268971 0.0359291 0.0435594 0.0490589 0.0527607 0.0554613 0.0574898 0.0583008 0.0568983 0.0526384
 1.06283e-16 7.04503e-05 0.000684802 0.00455075 0.0206871 0.0643651 0.137137 0.200157 0.200164 0.13717 0.0644749 0.0210047 0.00535037 0.00243852 0.00342566 0.0056183 0.00824849 0.0107286 0.0125265 0.0134407 0.0137228 0.013874 0.0142712 0.0149163 0.0154718 0.015502
pSPR Fmed_Fpbrs
0.633174   0.220117 0.220117
Fs Fmed_Fpbrs
0.253301   1.005 1.005
SSBpbr Bo_Bmed_Bpbrs
1.87614e+06  1.09412e+06  319162 319162
Ro
172410
SPR SPRFo_SPRFmed_SPRFpbrs
1.23237e+06 780307 271266
Fref
1.005
Nvult_r0
 204444 17413 7720.06 8533.01 3034.91
CTP_r0
 27707.4 2922.51 1312.16 1451.3 516.199
YTP_r0
391296
Np
 238562 93796.7 7487.17 3304.82 4746.5
Nvult_p0
 197877 80962.4 6478.09 2859.77 4107.33
CTP_p0
 86004.1 40257.4 3245.74 1433.42 2058.79
YTP_p0
 1.48387e+06
CBA_c0
719068
log_Ro
11.8776
likeval ReclasPelacesDesembMPH_pf_preclas_ppelaces_ptallas_desvR_qrecl_qpela
 13.1791 17.6834 0.0518628 0.000823342 240.884 118.529 98.4716 0 24.7913 5.18228e-07 0 0.264907 0 0 0
q_reclas_q_pelaces
0.90302 1
M
1
N
 192563 44184.4 138433 8530.36 0.279366
 108539 63623.9 14156.3 44259.1 2727.06
 109369 32810.8 18181.2 4029.71 13372.2
 169087 33207.7 9429.31 5205.28 4981.12
 135880 45972.2 8279.46 2336.99 2523.81
 242058 45032.1 14786.7 2657.58 1560.06
 98617.8 72730.7 12768.4 4175.95 1190.85
 44119.4 23081.8 14954.4 2602.08 1093.18
 43367.3 15076.2 7722.43 4996.01 1234.42
 58798.4 11987.7 3839.75 1955.77 1577.43
 110632 14906.2 2731.56 868.549 798.889
 146942 37355.4 4911.01 898.424 548.378
 122160 37436.1 8566.14 1118.05 329.251
 85320 31913.7 8866.52 2015.21 340.357
 84729.4 17668.3 5605.68 1539.89 408.852
 474298 20985.6 3907.16 1230.01 427.417
 98086.9 127686 5166.12 955.946 405.381
 726709 29630.2 36454.5 1469.22 387.072
 417740 218887 8427.82 10328.1 525.803
 319850 115835 55973.1 2143.17 2759.3
 475491 91186.6 30697.5 14759.3 1292.35
 634515 143893 26093.5 8750.55 4574.68
 130010 182265 38505.3 6948.6 3547.51
 390990 41366.6 55631.1 11719.1 3194
 327027 126493 12899.2 17303.5 4637.92
 146791 105713 39402.4 4007.87 6816.38
 333912 48636.1 33991.4 12643.5 3472.92
 376765 107939 15150.1 10561.4 5006.81
 108833 124180 34473.7 4828.21 4960.86
 78364.6 36184.1 40107.1 11112 3154.99
 298241 24900.2 11024.9 12185 4333.78
pred_Ctot
 12508.4 3646.21 11588.7 714.652 0.0234055
 12428.8 9164.04 2067.03 6467.14 398.495
 12264.7 4630.29 2601.11 576.932 1914.57
 28584.2 6981.4 2008.07 1109.28 1061.54
 8587.83 3692.48 674.62 190.565 205.807
 28504.8 6665.79 2218.77 399.061 234.267
 23521.4 21249.6 3775.06 1235.42 352.317
 1995.57 1331.48 875.334 152.427 64.0395
 6975.44 3020.96 1567.66 1014.89 250.771
 11908.7 2997.77 972.191 495.511 399.669
 5786.42 992.936 184.613 58.7463 54.0369
 29423 9240.08 1229.97 225.159 137.437
 23013.4 8734.48 2023.98 264.345 77.8491
 24688.2 11182 3141.35 714.395 120.661
 18069.8 4641.57 1490.78 409.786 108.805
 82477.9 4533.67 854.978 269.339 93.5959
 11269.3 18450.8 756.769 140.135 59.4282
 84626.3 4338.39 5410.81 218.228 57.4955
 66537.8 43447.9 1694.81 2078.38 105.814
 46453.3 21026.9 10295.8 394.494 507.923
 54174.4 13069.4 4460.26 2146.03 187.918
 89696.1 25444.2 4675.71 1569.12 820.346
 11235 19924.5 4268.77 770.908 393.592
 30116.6 4038.27 5508.29 1161.23 316.502
 25342 12421.9 1284.8 1724.77 462.316
 9298.09 8509.55 3217.62 327.534 557.076
 25875.1 4776.11 3385.59 1260.26 346.181
 25007.8 9099.24 1295.56 903.843 428.5
 6675.86 9684.03 2727.32 382.266 392.785
 6831.55 3989.71 4484.75 1243.46 353.065
 27707.4 2922.51 1312.16 1451.3 516.199
F
 0.107432 0.138209 0.140325 0.140438 0.140444
 0.196351 0.252601 0.256468 0.256675 0.256686
 0.191945 0.246934 0.250714 0.250916 0.250927
 0.302379 0.389004 0.394959 0.395278 0.395294
 0.104398 0.134306 0.136362 0.136472 0.136478
 0.202415 0.260403 0.26439 0.264603 0.264614
 0.452207 0.581755 0.590661 0.591137 0.591163
 0.07378 0.0949164 0.0963695 0.0964472 0.0964513
 0.285829 0.367713 0.373342 0.373644 0.373659
 0.372337 0.479004 0.486337 0.486729 0.48675
 0.0857367 0.110298 0.111987 0.112077 0.112082
 0.367405 0.472659 0.479895 0.480282 0.480302
 0.342294 0.440354 0.447095 0.447456 0.447475
 0.574634 0.739255 0.750572 0.751177 0.751209
 0.395626 0.508965 0.516756 0.517173 0.517195
 0.312259 0.401715 0.407864 0.408193 0.40821
 0.197059 0.253512 0.257393 0.2576 0.257611
 0.19997 0.257257 0.261195 0.261406 0.261417
 0.282697 0.363684 0.369251 0.369549 0.369565
 0.254944 0.32798 0.333001 0.33327 0.333284
 0.195277 0.25122 0.255066 0.255271 0.255282
 0.247401 0.318276 0.323148 0.323409 0.323423
 0.145139 0.186718 0.189576 0.189729 0.189737
 0.128495 0.165306 0.167836 0.167972 0.167979
 0.129315 0.166361 0.168907 0.169044 0.169051
 0.104642 0.134619 0.13668 0.13679 0.136796
 0.129312 0.166358 0.168904 0.169041 0.169048
 0.109887 0.141367 0.143532 0.143647 0.143653
 0.101191 0.130181 0.132174 0.13228 0.132286
 0.146497 0.188465 0.19135 0.191504 0.191513
 0.156772 0.201684 0.204772 0.204937 0.204946
YTP_r0W_actual
 235513 47636.9 37921.4 50505.4 19718.8
YTP_p0W_proyectada
 646751 648949 75885.5 42285.9 69998.7
CTP_r0_actual
 27707.4 2922.51 1312.16 1451.3 516.199
CTP_p0_proyectada
 86004.1 40257.4 3245.74 1433.42 2058.79
Wmedp
 7.52 16.12 23.38 29.5 34
Frms_r0
 0.156772 0.201684 0.204772 0.204937 0.204946
Zrms_r0
 1.15677 1.20168 1.20477 1.20494 1.20495
nmprior
 8.19 8.8 8.5 0
nm_flota  nm_reclas  nm_pelaces    nm_pelaL
inf 12.6175 18.0124 42.879
cv_recla  cv_pelaces  cv_mph
0.328373 0.47682 0.885514
 ------------------------------------------------
Talla a la edad & desviaci?n 
 8 13.2811 15.8009 17.003 17.5766
 0.8 1.32811 1.58009 1.7003 1.75766
