years
 1991 1992 1993 1994 1995 1996 1997 1998 1999 2000 2001 2002 2003 2004 2005 2006 2007 2008 2009 2010 2011 2012 2013 2014 2015 2016 2017 2018 2019 2020 2021
reclasobs
 0 0 0 0 0 0 0 0 0 252601 567819 844713 477998 351125 339783 2.1784e+06 2.13404e+06 4.81314e+06 1.55562e+06 2.62356e+06 3.21686e+06 3.843e+06 1.13348e+06 3.07943e+06 1.97215e+06 2.03268e+06 2.025e+06 2.42433e+06 2.27542e+06 1.05018e+06 2.36338e+06
reclaspred
 5.67169e+06 1.61645e+06 1.01864e+06 754232 156899 3.32113e+06 1.19444e+06 374878 926424 234633 371980 866317 744082 569148 399635 2.0016e+06 819873 5.00311e+06 2.49034e+06 2.13995e+06 2.86353e+06 3.37587e+06 1.61042e+06 3.15858e+06 2.40779e+06 1.54671e+06 2.1923e+06 3.81845e+06 2.56659e+06 750113 1.32505e+06
pelacesobs
 0 0 0 0 0 0 0 0 0 0 0 0 0 0 0 552880 188675 0 991730 2.46772e+06 1.41603e+06 1.21717e+06 2.29649e+06 1.80582e+06 0 1.4828e+06 1.56532e+06 1.57751e+06 1.42118e+06 867257 1.10002e+06
pelacespred
 4.1062e+06 1.07359e+06 509764 292367 56115.7 2.07414e+06 574780 243773 521332 88905.5 211692 396938 372918 269682 180395 953618 354498 3.09135e+06 1.33274e+06 984895 1.48625e+06 1.73403e+06 860966 2.06513e+06 1.40648e+06 906837 1.53242e+06 2.72544e+06 1.57996e+06 445705 753389
mphobs
 0 0 0 0 0 0 0 0 0 0 0 498337 0 5186 125008 0 168611 109162 213762 579715 649985 157893 87575 83554 0 0 0 0 0 0 0
mphpred
 1.57772e+06 645824 115718 128426 55126.4 10692.2 432994 100659 37525.5 85549.8 11498.9 49110.4 83142.7 51282.1 26852.1 26002.7 236451 74536.1 599729 198420 280161 265263 412924 181153 369306 322653 166409 236021 616768 272227 55497.9
desembarqueobs
 494567 514787 250237 358949 120608 361735 552515 73892 212993 205616 52469 317467 293654 387597 252695 516296 358380 742168 942051 627588 828172 859565 418607 520667 417249 300574 415391 372974 316634 284311 391294
desembarquepred
 494495 514372 249982 358488 120502 361521 551807 73864.3 212810 205372 52448.5 317107 293252 386818 252321 515675 357986 741424 940163 626424 827432 858359 418128 520251 416742 300249 414956 372620 316234 283712 390967
Reclutas
 14506 8964.31 164934 55868.5 8634.45 287996 11679.7 3064.77 52122.6 13177.2 35672.2 116586 75712.8 67900.2 41782.2 269138 12421.8 487320 137066 234640 189802 443247 19306.9 164326 162223 30405.9 129404 206800 24599.4 11232.6 104521
log_desv_Rt
 -1.3767 -1.85801 1.05428 -0.0282641 -1.8955 1.61168 -1.59341 -2.93129 -0.097666 -1.47277 -0.476893 0.707368 0.275682 0.166775 -0.318794 1.54396 -1.53181 2.13766 0.869196 1.40679 1.19472 2.04286 -1.0908 1.05059 1.03771 -0.636629 0.811675 1.28049 -0.848543 -1.63244 0.598122
SSB
 1.74769e+06 715400 128184 142262 61065.3 11844 479642 111503 41568.2 94766.2 12737.7 54401.2 92099.9 56806.8 29745 28804 261924 82566 664339 219796 310343 293840 457409 200669 409092 357413 184337 261448 683214 301555 61476.8
BT
 2.18455e+06 1.00879e+06 439981 387541 121794 1.28225e+06 729563 173953 432344 220928 141377 441863 431700 524926 330171 847830 430974 2.10579e+06 1.46105e+06 944078 1.36406e+06 1.51486e+06 713153 1.44643e+06 988273 649814 1.13823e+06 1.61055e+06 931005 482390 725396
Ftot
 0.294069 0.984749 0.984414 1.5621 2.09567 0.503505 1.35557 0.661143 0.97997 2.33687 0.626462 1.44493 1.4554 2.35405 2.27475 1.11708 1.32646 0.665766 1.26106 1.16031 1.09645 1.03215 0.847106 0.697289 0.665908 0.676555 0.78669 0.424839 0.41795 1.17908 1.2288
BD_Bspro_t
 0.954039 0.638649 0.246649 0.277935 0.111228 0.031599 0.461772 0.153932 0.093207 0.202556 0.048715 0.25069 0.222103 0.127047 0.0674412 0.0683547 0.277802 0.111254 0.406379 0.179849 0.199287 0.19195 0.27621 0.160894 0.311029 0.332004 0.250525 0.355073 0.558208 0.362448 0.135677
BD_Bspro
 4.26058 1.74403 0.312493 0.34681 0.148867 0.0288739 1.16929 0.271827 0.101337 0.231025 0.0310525 0.132621 0.224524 0.138486 0.0725134 0.0702196 0.638529 0.201282 1.61955 0.535826 0.756566 0.716335 1.11509 0.489198 0.9973 0.871314 0.449383 0.637368 1.66556 0.735142 0.14987
BD_Bo
 1.20019 0.491288 0.0880283 0.0976955 0.0419355 0.00813368 0.329385 0.0765728 0.0285462 0.065079 0.0087474 0.037359 0.0632479 0.0390111 0.0204268 0.0197806 0.179872 0.0567007 0.456223 0.150941 0.213122 0.201789 0.314117 0.137806 0.280937 0.245447 0.12659 0.179545 0.469184 0.207087 0.0422181
BD_Brms
 6.53403 2.67465 0.479239 0.531869 0.228303 0.044281 1.79322 0.416874 0.15541 0.3543 0.0476222 0.203388 0.344331 0.212382 0.111207 0.107689 0.97925 0.308687 2.48375 0.821745 1.16027 1.09857 1.7101 0.750235 1.52946 1.33625 0.689175 0.97747 2.55431 1.12742 0.229842
Sel_flota
 0.698781 0.999997 1 1 1
 0.698781 0.999997 1 1 1
 0.698781 0.999997 1 1 1
 0.698781 0.999997 1 1 1
 0.698781 0.999997 1 1 1
 0.698781 0.999997 1 1 1
 0.698781 0.999997 1 1 1
 0.698781 0.999997 1 1 1
 0.698781 0.999997 1 1 1
 0.698781 0.999997 1 1 1
 0.698781 0.999997 1 1 1
 0.698781 0.999997 1 1 1
 0.698781 0.999997 1 1 1
 0.698781 0.999997 1 1 1
 0.698781 0.999997 1 1 1
 0.698781 0.999997 1 1 1
 0.698781 0.999997 1 1 1
 0.698781 0.999997 1 1 1
 0.698781 0.999997 1 1 1
 0.698781 0.999997 1 1 1
 0.698781 0.999997 1 1 1
 0.698781 0.999997 1 1 1
 0.698781 0.999997 1 1 1
 0.698781 0.999997 1 1 1
 0.698781 0.999997 1 1 1
 0.698781 0.999997 1 1 1
 0.698781 0.999997 1 1 1
 0.698781 0.999997 1 1 1
 0.698781 0.999997 1 1 1
 0.698781 0.999997 1 1 1
 0.698781 0.999997 1 1 1
Sel_reclas
 0.976768 1 1 1 1
 0.976768 1 1 1 1
 0.976768 1 1 1 1
 0.976768 1 1 1 1
 0.976768 1 1 1 1
 0.976768 1 1 1 1
 0.976768 1 1 1 1
 0.976768 1 1 1 1
 0.976768 1 1 1 1
 0.976768 1 1 1 1
 0.976768 1 1 1 1
 0.976768 1 1 1 1
 0.976768 1 1 1 1
 0.976768 1 1 1 1
 0.976768 1 1 1 1
 0.976768 1 1 1 1
 0.976768 1 1 1 1
 0.976768 1 1 1 1
 0.976768 1 1 1 1
 0.976768 1 1 1 1
 0.976768 1 1 1 1
 0.976768 1 1 1 1
 0.976768 1 1 1 1
 0.976768 1 1 1 1
 0.976768 1 1 1 1
 0.976768 1 1 1 1
 0.976768 1 1 1 1
 0.976768 1 1 1 1
 0.976768 1 1 1 1
 0.976768 1 1 1 1
 0.976768 1 1 1 1
Sel_pelaces
 0.902681 1 1 1 1
 0.902681 1 1 1 1
 0.902681 1 1 1 1
 0.902681 1 1 1 1
 0.902681 1 1 1 1
 0.902681 1 1 1 1
 0.902681 1 1 1 1
 0.902681 1 1 1 1
 0.902681 1 1 1 1
 0.902681 1 1 1 1
 0.902681 1 1 1 1
 0.902681 1 1 1 1
 0.902681 1 1 1 1
 0.902681 1 1 1 1
 0.902681 1 1 1 1
 0.902681 1 1 1 1
 0.902681 1 1 1 1
 0.902681 1 1 1 1
 0.902681 1 1 1 1
 0.902681 1 1 1 1
 0.902681 1 1 1 1
 0.902681 1 1 1 1
 0.902681 1 1 1 1
 0.902681 1 1 1 1
 0.902681 1 1 1 1
 0.902681 1 1 1 1
 0.902681 1 1 1 1
 0.902681 1 1 1 1
 0.902681 1 1 1 1
 0.902681 1 1 1 1
 0.902681 1 1 1 1
pf_obs 
 0.8446 0.082 0.0669 0.0065 0
 0.8095 0.147 0.0364 0.0071 0
 0.9664 0.0169 0.016 0.0007 0
 0.9276 0.0648 0.0075 0.0001 0
 0.7033 0.2144 0.0806 0.0017 0
 0.9318 0.0425 0.0243 0.0014 0
 0.5671 0.3108 0.0964 0.0239 0.0018
 0.0768 0.2599 0.5324 0.112 0.0189
 0.490249 0.384438 0.106611 0.0170017 0.00170017
 0.7925 0.1577 0.0466 0.003 0.0002
 0.840416 0.127587 0.0312969 0.00059994 9.999e-05
 0.8084 0.0986 0.0794 0.0134 0.0002
 0.7335 0.1905 0.0724 0.0035 0.0001
 0.4001 0.4547 0.1325 0.0127 0
 0.49795 0.308269 0.164784 0.0264974 0.00249975
 0.9179 0.0499 0.0305 0.0017 0
 0.2467 0.6533 0.0926 0.0074 0
 0.9418 0.0223 0.034 0.0019 0
 0.707729 0.231977 0.0356964 0.0245975 0
 0.517169 0.277429 0.184464 0.0207286 0.00020938
 0.811772 0.124168 0.05621 0.00726502 0.000585176
 0.764997 0.148141 0.077277 0.00933861 0.000247198
 0.163321 0.427699 0.378323 0.0303852 0.000271297
 0.753843 0.0900009 0.118128 0.0371064 0.000921714
 0.721811 0.176058 0.0630433 0.0369309 0.00215725
 0.143369 0.312575 0.442814 0.0836902 0.0175525
 0.692698 0.0596174 0.167031 0.0765114 0.00414204
 0.394062 0.376323 0.152708 0.0712218 0.00568511
 0.125707 0.32114 0.495352 0.0537591 0.00404204
 0.23352 0.215282 0.420074 0.123614 0.00750983
 0.796117 0.104755 0.0508955 0.0450114 0.00322123
pf_pred 
 0.0896841 0.175081 0.647391 0.0878429 8.48309e-07
 0.171736 0.107222 0.138679 0.512785 0.0695792
 0.953322 0.012338 0.00444547 0.00574968 0.024145
 0.591567 0.397208 0.00296692 0.00106899 0.00718873
 0.438018 0.416087 0.141886 0.0010598 0.0029497
 0.99461 0.00342395 0.00145532 0.000496259 1.40236e-05
 0.111152 0.885793 0.00194104 0.000825018 0.000289279
 0.208532 0.150578 0.638687 0.00139955 0.000803442
 0.944569 0.0165876 0.00739012 0.0313456 0.000108119
 0.529083 0.455476 0.00462068 0.0020586 0.00876177
 0.953601 0.0337393 0.0122446 0.000124217 0.000290883
 0.915032 0.0824752 0.00181295 0.000657951 2.23049e-05
 0.788503 0.201726 0.00948446 0.000208484 7.82274e-05
 0.834581 0.145158 0.0193255 0.000908613 2.7467e-05
 0.871732 0.118416 0.0086454 0.00115099 5.57511e-05
 0.984474 0.014606 0.00084946 6.20174e-05 8.65651e-06
 0.178202 0.814591 0.00677951 0.000394283 3.28038e-05
 0.983189 0.00484393 0.0118621 9.87231e-05 6.21923e-06
 0.48913 0.505541 0.0015353 0.00375972 3.32616e-05
 0.849563 0.0959594 0.0539099 0.00016372 0.000404473
 0.779283 0.200943 0.012613 0.00708593 7.46835e-05
 0.901794 0.0846901 0.0123049 0.000772365 0.000438484
 0.149506 0.800679 0.0429586 0.00624158 0.000614194
 0.87829 0.0277934 0.0884161 0.00474374 0.000757054
 0.752059 0.228542 0.00442982 0.014092 0.000876734
 0.337104 0.550937 0.1032 0.0020003 0.00675922
 0.86493 0.0611308 0.0614512 0.0115108 0.000977029
 0.83483 0.150988 0.00641844 0.00645205 0.00131116
 0.220671 0.690973 0.0807694 0.00343345 0.00415282
 0.285404 0.217497 0.440741 0.051519 0.00483892
 0.950387 0.0207959 0.00877093 0.0177735 0.00227271
pobs_RECLAS
 0 0 0 0 0
 0 0 0 0 0
 0 0 0 0 0
 0 0 0 0 0
 0 0 0 0 0
 0 0 0 0 0
 0 0 0 0 0
 0 0 0 0 0
 0 0 0 0 0
 0 0 0 0 0
 0.991045 0.00858322 0.000360255 1.14367e-05 0
 0.934742 0.0480273 0.0164251 0.00080598 0
 0.827803 0.169806 0.00239088 0 0
 0.941827 0.0461693 0.0120037 0 0
 0.791401 0.0380133 0.147996 0.0225897 0
 0.846168 0.0940531 0.0597789 0 0
 0.134021 0.677848 0.182769 0.00536245 0
 0.80878 0.0450904 0.141981 0.00414843 0
 0.846168 0.0940531 0.0597789 0 0
 0.905697 0.0802665 0.012482 0.00150086 5.37128e-05
 0.989698 0.0102097 9.19794e-05 0 0
 0.975433 0.0193895 0.00387452 0.00125025 5.28907e-05
 0.303575 0.632131 0.0575291 0.00676475 0
 0.966965 0.00978017 0.0227588 0.000495775 0
 0.843318 0.132988 0.00938335 0.0141283 0.000182051
 0.564624 0.303363 0.111486 0.0197234 0.00080311
 0.826376 0.0876187 0.0782897 0.00655872 0.00115652
 0.89761 0.0855135 0.0140674 0.00269457 0.000114338
 0.34875 0.467042 0.161289 0.0227151 0.000203297
 0.318654 0.224769 0.449479 0.00709798 0
 0.937255 0.0296025 0.0250945 0.00804832 0
ppred_RECLAS
 0.122003 0.168866 0.624406 0.0847241 8.18191e-07
 0.232287 0.0993834 0.128541 0.475297 0.0644925
 0.967535 0.00858126 0.00309187 0.00399896 0.0167931
 0.687668 0.303749 0.00226882 0.000817467 0.00549726
 0.553758 0.330394 0.112664 0.000841529 0.00234219
 0.996205 0.00241097 0.00102476 0.00034944 9.87468e-06
 0.15762 0.839484 0.00183956 0.000781884 0.000274154
 0.274089 0.138106 0.585784 0.00128362 0.000736892
 0.961329 0.0115723 0.00515566 0.021868 7.54282e-05
 0.64675 0.341668 0.0034661 0.00154421 0.00657246
 0.967108 0.0239178 0.00868019 8.80573e-05 0.000206206
 0.941934 0.0563625 0.00123894 0.000449633 1.52428e-05
 0.848951 0.144071 0.00677369 0.000148897 5.58691e-05
 0.891724 0.0950139 0.0126496 0.000594735 1.79786e-05
 0.916718 0.0768852 0.00561326 0.000747312 3.6198e-05
 0.989397 0.00997476 0.000580114 4.2353e-05 5.91171e-06
 0.244583 0.748792 0.00623186 0.000362433 3.01539e-05
 0.988212 0.00339657 0.00831772 6.92245e-05 4.36092e-06
 0.587272 0.408424 0.00124035 0.00303744 2.68717e-05
 0.892872 0.0683339 0.0383897 0.000116586 0.000288029
 0.838418 0.147106 0.0092337 0.00518745 5.46741e-05
 0.930746 0.059723 0.00867734 0.000544666 0.000309215
 0.20283 0.750479 0.0402651 0.00585023 0.000575683
 0.911976 0.020101 0.0639451 0.00343081 0.000547524
 0.81301 0.17236 0.00334083 0.0106278 0.000661206
 0.421743 0.480593 0.090023 0.0017449 0.00589619
 0.90232 0.0442089 0.0444405 0.00832441 0.00070657
 0.87753 0.111955 0.00475913 0.00478405 0.000972193
 0.286376 0.632718 0.0739596 0.00314397 0.00380269
 0.371147 0.191401 0.387857 0.0453373 0.0042583
 0.965992 0.0142551 0.00601224 0.0121832 0.00155788
pobs_PELACES
 0 0 0 0 0
 0 0 0 0 0
 0 0 0 0 0
 0 0 0 0 0
 0 0 0 0 0
 0 0 0 0 0
 0 0 0 0 0
 0 0 0 0 0
 0 0 0 0 0
 0 0 0 0 0
 0 0 0 0 0
 0 0 0 0 0
 0 0 0 0 0
 0 0 0 0 0
 0 0 0 0 0
 0 0 0 0 0
 0.505614 0.472636 0.0217494 0 0
 0 0 0 0 0
 0.443492 0.261883 0.143347 0.151278 0
 0.227955 0.32914 0.350689 0.0885471 0.00366901
 0.970185 0.0296113 0.000203453 0 0
 0.997202 0.00247181 0.000326279 0 0
 0.445219 0.490057 0.0546422 0.010081 0
 0.90214 0.0892962 0.00764917 0.000914606 0
 0 0 0 0 0
 0.581667 0.319106 0.0959925 0.00289975 0.000334073
 0.762889 0.0836404 0.116647 0.0363945 0.000428098
 0.88444 0.0763242 0.0277011 0.0115352 0
 0.521256 0.241999 0.230069 0.00667565 0
 0.616807 0.101726 0.260614 0.0208532 0
 0.833518 0.0704572 0.0857862 0.0102388 0
ppred_PELACES
 0.116784 0.16987 0.628117 0.0852278 8.23055e-07
 0.235693 0.0989425 0.12797 0.473188 0.0642063
 0.968126 0.00842513 0.00303561 0.00392619 0.0164875
 0.703836 0.288025 0.00215137 0.000775147 0.00521267
 0.585478 0.30691 0.104655 0.000781711 0.00217571
 0.996094 0.00248122 0.00105462 0.000359621 1.01624e-05
 0.165181 0.83195 0.00182304 0.000774865 0.000271693
 0.271479 0.138603 0.587891 0.00128824 0.000739542
 0.962012 0.0113679 0.00506459 0.0214817 7.40958e-05
 0.680961 0.308578 0.00313042 0.00139466 0.00593592
 0.966575 0.0243049 0.00882069 8.94826e-05 0.000209544
 0.945375 0.0530217 0.0011655 0.000422982 1.43393e-05
 0.857195 0.136208 0.00640398 0.00014077 5.28197e-05
 0.905816 0.0826477 0.0110032 0.000517328 1.56386e-05
 0.927291 0.0671244 0.00490063 0.000652437 3.16024e-05
 0.989729 0.00966232 0.000561942 4.10263e-05 5.72653e-06
 0.254503 0.73896 0.00615002 0.000357673 2.9758e-05
 0.988063 0.00343946 0.00842276 7.00987e-05 4.41599e-06
 0.598488 0.397324 0.00120664 0.00295489 2.61414e-05
 0.896309 0.0661412 0.0371578 0.000112845 0.000278787
 0.842455 0.143431 0.00900296 0.00505782 5.33078e-05
 0.932259 0.058418 0.00848772 0.000532763 0.000302458
 0.203693 0.749667 0.0402215 0.00584389 0.00057506
 0.911204 0.0202771 0.0645052 0.00346086 0.00055232
 0.811074 0.174145 0.00337542 0.0107378 0.000668053
 0.418909 0.482948 0.090464 0.00175345 0.00592507
 0.90226 0.0442361 0.0444677 0.00832952 0.000707004
 0.873536 0.115606 0.00491432 0.00494005 0.00100389
 0.278807 0.639429 0.074744 0.00317732 0.00384301
 0.380135 0.188665 0.382313 0.0446893 0.00419744
 0.967385 0.0136712 0.00576596 0.0116842 0.00149407
pobs_pel_tallas
 0 0 0 0 0 0 0 0 0 0 0 0 0 0 0 0 0 0 0 0 0 0 0 0 0 0
 0 0 0 0 0 0 0 0 0 0 0 0 0 0 0 0 0 0 0 0 0 0 0 0 0 0
 0 0 0 0 0 0 0 0 0 0 0 0 0 0 0 0 0 0 0 0 0 0 0 0 0 0
 0 0 0 0 0 0 0 0 0 0 0 0 0 0 0 0 0 0 0 0 0 0 0 0 0 0
 0 0 0 0 0 0 0 0 0 0 0 0 0 0 0 0 0 0 0 0 0 0 0 0 0 0
 0 0 0 0 0 0 0 0 0 0 0 0 0 0 0 0 0 0 0 0 0 0 0 0 0 0
 0 0 0 0 0 0 0 0 0 0 0 0 0 0 0 0 0 0 0 0 0 0 0 0 0 0
 0 0 0 0 0 0 0 0 0 0 0 0 0 0 0 0 0 0 0 0 0 0 0 0 0 0
 0 0 0 0 0 0 0 0 0 0 0 0 0 0 0 0 0 0 0 0 0 0 0 0 0 0
 0 0 0 0 0 0 0 0 0 0 0 0 0 0 0 0 0 0 0 0 0 0 0 0 0 0
 0 0 0 0 0 0 0 0 0 0 0 0 0 0 0 0 0 0 0 0 0 0 0 0 0 0
 0 0 0 0 0 0 0 0 0 0 0 0 0 0 0 0 0 0 0 0 0 0 0 0 0 0
 0.00862536 0 0 0.000197151 0.00414017 0.0128641 0.00837892 0.0270097 0.101434 0.158115 0.152841 0.127902 0.109271 0.109419 0.0830992 0.0579132 0.0238553 0.00714673 0.00463305 0.00128148 0.00103504 0.000492878 0.000147863 0.000147863 4.92878e-05 0
 0 0 0 0 0 0 0 0 0 0 0 0 0 0 0 0 0 0 0 0 0 0 0 0 0 0
 0 0 0 0 0 0 0 0.0054083 0.00873648 0.0413646 0.0450493 0.0745869 0.0622846 0.0627006 0.0613931 0.0827291 0.12552 0.122667 0.0946155 0.0697135 0.0546179 0.0294188 0.0215738 0.0213955 0.0102223 0.00600262
 0 0 0 0 0.00359764 0.0251062 0.0480494 0.140153 0.205849 0.193036 0.1447 0.116669 0.0760912 0.0342217 0.00950174 0.001854 0.000860785 0 0 0 0.000165536 0 0.000143464 0 0 0
 0 0 0 0 0 0 0 0.000145254 0.000435761 0.0275982 0.070085 0.0708112 0.156366 0.174668 0.174014 0.160142 0.0824315 0.0480064 0.0283245 0.00493863 0.00203355 0 0 0 0 0
 0 0 0 0 0 0 0 0 0 0 0 0 0 0 0 0 0 0 0 0 0 0 0 0 0 0
 0 0 1.00437e-05 0.000401748 0.00122533 0.00171747 0.00176769 0.0269171 0.070346 0.194647 0.189555 0.159765 0.064822 0.0314167 0.0384472 0.0292271 0.0345202 0.0313363 0.0194345 0.0106764 0.0143323 0.0359363 0.0279516 0.0138201 0.00172751 0
 0 0.0021121 0.0136068 0.0755702 0.200478 0.177729 0.0527432 0.0373336 0.0318909 0.0142505 0.0149659 0.0166563 0.0217959 0.0798694 0.0677717 0.0528807 0.04013 0.0224614 0.0357745 0.0225083 0.00881397 0.00855152 0.00135912 0.000746735 0 0
 0 0 0 0 5.4009e-05 0.00500934 0.000945158 0.0243581 0.138947 0.33067 0.221406 0.137944 0.0707744 0.0437923 0.0131692 0.00525238 0.0047753 0.00276346 9.45158e-05 9.00151e-06 2.25038e-05 9.00151e-06 4.50075e-06 0 0 0
 0.000866109 0.00284123 0.00948549 0.0512746 0.133035 0.25785 0.225252 0.132002 0.0553304 0.0519788 0.0540692 0.017754 0.00435017 0.00159236 0.00146478 0.000404838 0.000125132 0.000115318 0.000107957 0.000100596 0 0 0 0 0 0
 0 0 0 0 0.00144013 0.00171154 0.00461396 0.0210425 0.0478622 0.0707936 0.0888783 0.103762 0.0637923 0.0337046 0.0602308 0.124433 0.169614 0.0934646 0.0462172 0.0250306 0.0313229 0.00938855 0.002487 0.000210481 0 0
 0 0.00764035 0.051015 0.0998891 0.058973 0.0496711 0.0374665 0.0718981 0.12319 0.153886 0.159021 0.0857701 0.0377988 0.023471 0.0147837 0.00900784 0.00315554 0.000888139 0.00291439 0.00214683 0.00393193 0.00274676 0.000635225 9.99891e-05 0 0
 0 0 0 0 0 0 0 0 0 0 0 0 0 0 0 0 0 0 0 0 0 0 0 0 0 0
 0 0 0 0 0 0 0 0 0 0 0 0 0 0 0 0 0 0 0 0 0 0 0 0 0 0
 0 0 0 0 0 0 0 0 0 0 0 0 0 0 0 0 0 0 0 0 0 0 0 0 0 0
 0 0 0 0 0 0 0 0 0 0 0 0 0 0 0 0 0 0 0 0 0 0 0 0 0 0
 0 0 0 0 0 0 0 0 0 0 0 0 0 0 0 0 0 0 0 0 0 0 0 0 0 0
 0 0 0 0 0 0 0 0 0 0 0 0 0 0 0 0 0 0 0 0 0 0 0 0 0 0
 0 0 0 0 0 0 0 0 0 0 0 0 0 0 0 0 0 0 0 0 0 0 0 0 0 0
ppred_pel_tallas
 1.26717e-16 9.61939e-06 9.35039e-05 0.000621367 0.00282466 0.00878865 0.0187258 0.0273344 0.0273518 0.0188109 0.00907732 0.00367071 0.00279141 0.00498403 0.00974684 0.0172701 0.0276079 0.0404114 0.0551431 0.071285 0.0880881 0.103954 0.116158 0.121549 0.118011 0.105692
 1.62038e-16 1.94138e-05 0.000188709 0.00125404 0.00570067 0.017737 0.0377908 0.0551589 0.0551688 0.0378393 0.017901 0.00617956 0.00247615 0.00292564 0.00542953 0.00953077 0.0151841 0.0223726 0.0313294 0.0427773 0.0576935 0.0764904 0.0980664 0.119444 0.136409 0.144933
 1.03274e-16 7.97432e-05 0.000775132 0.00515103 0.0234158 0.0728553 0.155226 0.226557 0.226558 0.15523 0.0728688 0.0234549 0.00524951 0.000991699 0.000496016 0.000707898 0.00104822 0.00140258 0.00172536 0.0020254 0.00237221 0.00285825 0.00353401 0.00435853 0.00519657 0.00586203
 1.01096e-16 5.79741e-05 0.000563529 0.00374485 0.0170236 0.0529668 0.112852 0.164717 0.164745 0.112988 0.0534209 0.0183345 0.00703258 0.00773069 0.0136404 0.0223821 0.0320577 0.0399391 0.0432932 0.0408713 0.0336791 0.0243531 0.0156551 0.00923242 0.00534511 0.00337412
 1.03546e-16 4.82251e-05 0.000468765 0.00311511 0.0141609 0.0440598 0.0938752 0.13702 0.13705 0.0940202 0.044547 0.0155693 0.00665468 0.00820977 0.0147907 0.0244813 0.0355041 0.0451441 0.0506343 0.050644 0.0459957 0.0389775 0.031857 0.0258019 0.020842 0.0165291
 1.00069e-16 8.2047e-05 0.000797526 0.00529984 0.0240923 0.0749601 0.15971 0.233102 0.233102 0.159712 0.074964 0.0241037 0.00532856 0.00086042 0.000202063 0.000205671 0.000291756 0.000373947 0.000425886 0.000437311 0.000414933 0.000376214 0.000337206 0.000304205 0.000274288 0.000241661
 1.00389e-16 1.36059e-05 0.000132254 0.000878879 0.00399531 0.0124313 0.0264892 0.0386785 0.0387585 0.02688 0.0137429 0.00778125 0.0103729 0.0208269 0.039226 0.0645895 0.0924848 0.115129 0.124603 0.117264 0.0959866 0.0683823 0.0424615 0.0230616 0.0110521 0.00477836
 1.17256e-16 2.23614e-05 0.000217361 0.00144444 0.00656622 0.02043 0.0435288 0.0635346 0.0635488 0.0435988 0.0206674 0.00726313 0.0032356 0.00426541 0.008113 0.0144226 0.0231967 0.0341858 0.0469354 0.0608856 0.0751379 0.0880056 0.0969422 0.0993105 0.093695 0.0808468
 1.02317e-16 7.92396e-05 0.000770237 0.0051185 0.023268 0.0723952 0.154246 0.225126 0.225128 0.154251 0.0724135 0.0233209 0.00525202 0.00106427 0.000645531 0.000963575 0.00143484 0.00192731 0.00237549 0.00277531 0.00318959 0.00369854 0.00432353 0.00498258 0.00551199 0.00573906
 1.01314e-16 5.60899e-05 0.000545214 0.00362314 0.0164703 0.0512453 0.109185 0.159364 0.159394 0.10933 0.0517319 0.0178749 0.00714585 0.00822489 0.0146106 0.0239856 0.0343601 0.0428187 0.0464364 0.0438776 0.0362195 0.0262832 0.0170209 0.0101883 0.00605547 0.00395321
 1.00306e-16 7.96155e-05 0.000773891 0.00514278 0.0233783 0.0727387 0.154978 0.226195 0.226197 0.154989 0.0727773 0.0234899 0.00542328 0.00138748 0.00124856 0.00194748 0.00281922 0.00358923 0.0040347 0.00405019 0.00369971 0.00316187 0.00261266 0.00214114 0.00174785 0.00139769
 1.00093e-16 7.78693e-05 0.000756918 0.00502998 0.0228656 0.0711433 0.151579 0.221234 0.22124 0.151604 0.071227 0.023107 0.00563546 0.00207701 0.00258003 0.00412912 0.00591018 0.00736806 0.00799562 0.00756129 0.00624649 0.00453097 0.00291742 0.00170593 0.000946346 0.000532371
 1.00243e-16 7.0606e-05 0.000686316 0.00456081 0.0207328 0.0645075 0.13744 0.200601 0.200614 0.137505 0.0647224 0.0213533 0.00611735 0.00408071 0.00650669 0.0106175 0.0152229 0.019005 0.0206722 0.0196283 0.0163298 0.011992 0.00788604 0.0047682 0.00276454 0.00161485
 1.00394e-16 7.46109e-05 0.000725244 0.0048195 0.0219088 0.0681664 0.145236 0.211978 0.211986 0.145275 0.068297 0.0222861 0.00576655 0.00279227 0.00399907 0.00648986 0.00933329 0.0117178 0.0128688 0.012426 0.0106503 0.00824329 0.00592819 0.00411993 0.00287314 0.00203949
 1.0023e-16 7.63797e-05 0.000742438 0.00493376 0.0224282 0.0697824 0.148679 0.217003 0.217009 0.148711 0.0698884 0.0227342 0.00570152 0.00241718 0.00325324 0.00524739 0.00752806 0.0094165 0.0102773 0.00981793 0.00826021 0.0061943 0.00423367 0.00273754 0.00175905 0.00116868
 1.00024e-16 8.15227e-05 0.000792429 0.00526597 0.0239383 0.0744811 0.15869 0.231613 0.231614 0.158694 0.0744963 0.0239824 0.00537643 0.00103334 0.000538398 0.000759301 0.00108172 0.00135127 0.00147191 0.0014012 0.0011713 0.0008679 0.000580381 0.000361581 0.000219914 0.000136865
 1.00408e-16 2.09632e-05 0.00020377 0.00135412 0.0061557 0.019153 0.0408102 0.0595786 0.0596497 0.0411574 0.0203182 0.00951898 0.00978851 0.0185898 0.0348621 0.057398 0.0822052 0.102371 0.110867 0.104456 0.0856812 0.0612782 0.0383338 0.0211207 0.0104031 0.00472372
 1.00252e-16 8.13855e-05 0.000791096 0.00525711 0.0238981 0.0743557 0.158423 0.231223 0.231223 0.158424 0.0743614 0.0239147 0.00529936 0.000885263 0.000265846 0.000325264 0.000494395 0.000691359 0.000890978 0.00107871 0.00124677 0.0013843 0.00146871 0.00147042 0.00137035 0.00117605
 1.00438e-16 4.92968e-05 0.000479182 0.00318434 0.0144755 0.045039 0.0959618 0.140067 0.140105 0.0961484 0.0456654 0.0162838 0.00771885 0.0103637 0.0187793 0.030857 0.0441858 0.0550184 0.0595755 0.0561219 0.0460346 0.0329462 0.0206739 0.0115119 0.00585579 0.00289785
 1.01148e-16 7.38278e-05 0.000717633 0.00476892 0.0216788 0.0674509 0.143712 0.209753 0.209759 0.143743 0.0675564 0.021984 0.00553691 0.00240074 0.00328949 0.00537089 0.00784411 0.0100994 0.0115578 0.0119326 0.0113664 0.0102783 0.00906088 0.00788124 0.00670901 0.00547558
 1.00813e-16 6.9392e-05 0.000674515 0.00448239 0.0203763 0.0633983 0.135077 0.197152 0.197166 0.135145 0.0636247 0.0210301 0.00612273 0.00425261 0.00685667 0.0112043 0.0160838 0.0201219 0.0219712 0.0210146 0.0177354 0.0134024 0.00932667 0.00626427 0.00430504 0.00314277
 1.00365e-16 7.6789e-05 0.000746416 0.0049602 0.0225483 0.0701563 0.149476 0.218165 0.218171 0.149503 0.0702487 0.0228151 0.00562989 0.00220828 0.00285288 0.00459407 0.00660829 0.00830445 0.00913556 0.00884781 0.00762499 0.00595995 0.00435882 0.00310888 0.00224374 0.00165599
 1.02036e-16 1.6778e-05 0.000163089 0.00108378 0.00492677 0.0153294 0.0326636 0.0476886 0.0477607 0.033016 0.0165126 0.00834277 0.00965302 0.0188519 0.0354574 0.0584528 0.0838746 0.104783 0.114108 0.108582 0.0907142 0.0671696 0.0448988 0.028006 0.0171318 0.0108132
 1.02308e-16 7.50547e-05 0.000729558 0.00484817 0.0220391 0.0685718 0.1461 0.213237 0.213239 0.14611 0.0686059 0.0221387 0.00510288 0.00130083 0.00120455 0.00198848 0.00312637 0.00449033 0.00598479 0.00753398 0.00906345 0.0104357 0.0114116 0.0117117 0.0111579 0.00979405
 1.01332e-16 6.68071e-05 0.000649389 0.00431542 0.0196173 0.0610367 0.130046 0.189809 0.189826 0.130128 0.0613114 0.0204104 0.0063048 0.0049874 0.00829147 0.0135656 0.019452 0.0242906 0.026445 0.0251762 0.0210981 0.0157905 0.0108834 0.00731175 0.00516589 0.00402141
 1.03913e-16 3.45051e-05 0.000335402 0.00222887 0.0101321 0.0315251 0.0671692 0.0980452 0.0980917 0.0673968 0.0322894 0.0123401 0.00777243 0.0124413 0.0230381 0.0380628 0.0548962 0.0691683 0.0764238 0.07457 0.0650828 0.0519409 0.0392009 0.0291234 0.0219306 0.0167599
 1.0225e-16 7.43179e-05 0.000722397 0.00480058 0.0218227 0.0678987 0.144665 0.211144 0.211149 0.144687 0.0679699 0.0220293 0.00532201 0.00187054 0.00228379 0.00373356 0.00554768 0.00734529 0.00878261 0.00968805 0.0101255 0.0102784 0.0102584 0.0100157 0.00941261 0.00837263
 1.00837e-16 7.1952e-05 0.000699399 0.00464776 0.021128 0.0657372 0.14006 0.204425 0.204436 0.140115 0.0659196 0.0216548 0.00596918 0.00358138 0.00553748 0.00902029 0.0129399 0.0161745 0.0176372 0.0168339 0.0141639 0.0106632 0.00740194 0.00499533 0.00350927 0.00267794
 1.0329e-16 2.29651e-05 0.000223229 0.00148344 0.00674353 0.020982 0.0447066 0.0652634 0.065325 0.0450075 0.0219925 0.00966176 0.00880699 0.0162052 0.0303594 0.0501103 0.0720782 0.0904111 0.0991402 0.0954843 0.0814948 0.0626585 0.044642 0.0307089 0.0212914 0.0151968
 1.16274e-16 3.13112e-05 0.000304356 0.00202256 0.00919426 0.0286068 0.0609506 0.0889631 0.0889819 0.0610425 0.0289169 0.0100971 0.00431597 0.00540063 0.00997289 0.0171229 0.026259 0.0363463 0.0462379 0.0552388 0.063187 0.0698976 0.0745529 0.0757594 0.0723465 0.0642507
 1.01595e-16 7.96822e-05 0.000774539 0.00514709 0.0233979 0.0727996 0.155107 0.226384 0.226385 0.155114 0.0728214 0.0234611 0.00530631 0.00112403 0.000749268 0.00112852 0.00165721 0.00217128 0.00256845 0.00281711 0.00297385 0.00313843 0.00337473 0.00365979 0.00389517 0.00396458
pSPR Fmed_Fpbrs
0.239581   0.233683 0.233683
Fs Fmed_Fpbrs
0.983581   1.005 1.005
SSBpbr Bo_Bmed_Bpbrs
1.45617e+06  276063  267475 267475
Ro
57470.1
SPR SPRFo_SPRFmed_SPRFpbrs
410200 98276 95856.8
Fref
1.005
Nvult_r0
 88228.1 1617.69 682.282 1382.58 176.792
CTP_r0
 40759.6 891.879 376.162 762.257 97.4705
YTP_r0
390967
Np
 95598 17424.5 2194 26.2814 12.5771
Nvult_p0
 78173.5 15078.1 1898.55 22.7423 10.8835
CTP_p0
 32250.5 7066.96 84.6539 35.7037 80.1393
 32250.5 7557.84 951.644 11.3995 5.4553
YTP_p0
 358014 382519
CBA_c0
365365
log_Ro
10.779
likeval ReclasPelacesDesembMPH_pf_preclas_ppelaces_ptallas_desvR_qrecl_qpela
 15.3955 21.516 0.226077 0.00097201 306.533 118.899 116.251 0 75.4797 8.11571e-05 0.000143727 0.00212488 0 0 0
q_reclas_q_pelaces
3.58434 5.50479
M
1
N
 14506 20499.5 75799.8 10285.1 0.0993243
 8964.31 4345.19 5620 20780.7 2819.71
 164934 1657.2 597.097 772.272 3243.06
 55868.5 30497.8 227.801 82.0777 551.952
 8634.45 6899.4 2352.69 17.5732 48.9107
 287996 734.437 312.165 106.447 3.00805
 11679.7 74522.9 163.302 69.4097 24.3373
 3064.77 1666.3 7067.71 15.4874 8.89088
 52122.6 710.332 316.467 1342.31 4.62997
 13177.2 9667.93 98.0783 43.6957 185.977
 35672.2 946.985 343.678 3.48649 8.1644
 116586 8470.69 186.2 67.5754 2.29084
 75712.8 15626.1 734.683 16.1495 6.05963
 67900.2 10073.8 1341.17 63.0567 1.90618
 41782.2 4821.44 352.007 46.8638 2.26997
 269138 3135.91 182.379 13.3152 1.85855
 12421.8 45360 377.512 21.9554 1.82666
 487320 1808.6 4429.01 36.8606 2.3221
 137066 112584 341.909 837.285 7.40732
 234640 20889.8 11735.8 35.6407 88.0511
 189802 38369 2408.38 1353.02 14.2604
 443247 32453.3 4715.25 295.97 168.027
 19306.9 79271.5 4253.13 617.948 60.8083
 164326 3929.54 12500.6 670.687 107.035
 162223 37136.5 719.812 2289.85 142.463
 30405.9 37474.1 7019.51 136.058 459.753
 129404 6971.79 7008.31 1312.77 111.427
 206800 27473.3 1167.87 1173.99 238.573
 24599.4 56536.3 6608.64 280.929 339.788
 11232.6 6757.59 13693.7 1600.68 150.344
 104521 1812.86 764.596 1549.38 198.121
pred_Ctot
 1732.02 3381.26 12502.7 1696.47 0.016383
 2978.57 1859.64 2405.24 8893.7 1206.78
 54788.6 709.083 255.487 330.442 1387.65
 25556.4 17159.9 128.175 46.182 310.562
 4694.37 4459.34 1520.63 11.3582 31.6128
 55560.1 191.266 81.2957 27.7216 0.783374
 4871.08 38818.7 85.0635 36.1553 12.6773
 744.008 537.238 2278.73 4.99337 2.86655
 17255.8 303.03 135.006 572.635 1.97516
 7585.19 6529.94 66.2444 29.5131 125.613
 8282.14 293.03 106.346 1.07884 2.52635
 50723.6 4571.91 100.499 36.4727 1.23644
 33096.2 8467.14 398.096 8.7508 3.28348
 39230.2 6823.26 908.411 42.7101 1.29111
 23722.4 3222.44 235.266 31.3218 1.51715
 98101.7 1455.47 84.6477 6.17997 0.862611
 5105.32 23337.3 194.227 11.2958 0.939799
 118983 586.199 1435.52 11.9472 0.752635
 54419.7 56245.6 170.814 418.3 3.70063
 87881.7 9926.38 5576.63 16.9358 41.8402
 68258.9 17601 1104.8 620.671 6.54168
 152515 14323.2 2081.06 130.626 74.1583
 5717.87 30622 1642.95 238.709 23.4898
 41669.7 1318.63 4194.83 225.063 35.9178
 39615 12038.5 233.342 742.303 46.1823
 7522.44 12294.1 2302.89 44.6366 150.831
 36157.3 2555.49 2568.89 481.194 40.8434
 34397.2 6221.13 264.457 265.842 54.0231
 4032.95 12628.1 1476.13 62.7492 75.8962
 4255.18 3242.74 6571.16 768.114 72.1451
 40759.6 891.879 376.162 762.257 97.4705
F
 0.20549 0.294068 0.294069 0.294069 0.294069
 0.688124 0.984746 0.984749 0.984749 0.984749
 0.68789 0.98441 0.984414 0.984414 0.984414
 1.09157 1.56209 1.5621 1.5621 1.5621
 1.46441 2.09566 2.09567 2.09567 2.09567
 0.35184 0.503504 0.503505 0.503505 0.503505
 0.94725 1.35557 1.35557 1.35557 1.35557
 0.461994 0.66114 0.661143 0.661143 0.661143
 0.684785 0.979967 0.97997 0.97997 0.97997
 1.63296 2.33686 2.33687 2.33687 2.33687
 0.43776 0.626459 0.626462 0.626462 0.626462
 1.00969 1.44493 1.44493 1.44493 1.44493
 1.01701 1.4554 1.4554 1.4554 1.4554
 1.64497 2.35404 2.35405 2.35405 2.35405
 1.58955 2.27474 2.27475 2.27475 2.27475
 0.780592 1.11707 1.11708 1.11708 1.11708
 0.926905 1.32646 1.32646 1.32646 1.32646
 0.465225 0.665764 0.665766 0.665766 0.665766
 0.881202 1.26105 1.26106 1.26106 1.26106
 0.810801 1.1603 1.16031 1.16031 1.16031
 0.76618 1.09645 1.09645 1.09645 1.09645
 0.721248 1.03215 1.03215 1.03215 1.03215
 0.591942 0.847104 0.847106 0.847106 0.847106
 0.487252 0.697287 0.697289 0.697289 0.697289
 0.465324 0.665906 0.665908 0.665908 0.665908
 0.472764 0.676552 0.676555 0.676555 0.676555
 0.549724 0.786688 0.78669 0.78669 0.78669
 0.296869 0.424837 0.424839 0.424839 0.424839
 0.292056 0.417949 0.41795 0.41795 0.41795
 0.823917 1.17907 1.17908 1.17908 1.17908
 0.858665 1.2288 1.2288 1.2288 1.2288
YTP_r0W_actual
 338304 12575.5 10382.1 26069.2 3635.65
YTP_p0W_proyectada
 241557 110739 1958.05 1048.62 2711.11
 241557 118431 22011.5 334.804 184.553
CTP_r0_actual
 40759.6 891.879 376.162 762.257 97.4705
CTP_p0_proyectada
 32250.5 7066.96 84.6539 35.7037 80.1393
 32250.5 7557.84 951.644 11.3995 5.4553
Wmedp
 7.49 15.67 23.13 29.37 33.83
Frms_r0
 0.858665 1.2288 1.2288 1.2288 1.2288
Zrms_r0
 1.85866 2.2288 2.2288 2.2288 2.2288
nmprior
 8.19 8.8 8.5 0
nm_flota  nm_reclas  nm_pelaces    nm_pelaL
inf 22.824 6.08811 10.4671
cv_recla  cv_pelaces  cv_mph
0.354913 0.52596 0.962146
 ------------------------------------------------
Talla a la edad & desviaci?n 
 8 13.2811 15.8009 17.003 17.5766
 0.8 1.32811 1.58009 1.7003 1.75766
