years
 1991 1992 1993 1994 1995 1996 1997 1998 1999 2000 2001 2002 2003 2004 2005 2006 2007 2008 2009 2010 2011 2012 2013 2014 2015 2016 2017 2018 2019 2020 2021
reclasobs
 0 0 0 0 0 0 0 0 0 252601 567819 844713 477998 351125 339783 2.1784e+06 2.13404e+06 4.81314e+06 1.55562e+06 2.62356e+06 3.21686e+06 3.843e+06 1.13348e+06 3.07943e+06 1.97215e+06 2.03268e+06 2.025e+06 2.42433e+06 2.27542e+06 1.05018e+06 2.36338e+06
reclaspred
 1.61498e+06 1.0024e+06 393875 213512 25147.1 932598 291014 58354.6 393589 139857 216426 513831 417308 286325 208021 1.14045e+06 745926 3.94644e+06 2.59483e+06 988974 2.28486e+06 2.14724e+06 1.23963e+06 2.57814e+06 1.63873e+06 912075 1.52277e+06 2.26844e+06 1.64614e+06 631238 916349
pelacesobs
 0 0 0 0 0 0 0 0 0 0 0 0 0 0 0 552880 188675 0 991730 2.46772e+06 1.41603e+06 1.21717e+06 2.29649e+06 1.80582e+06 0 1.4828e+06 1.56532e+06 1.57751e+06 1.42118e+06 867257 1.10002e+06
pelacespred
 762459 456988 170924 64087.2 4619.44 409417 88040.7 21879.2 164303 46169.9 95454.8 195273 167358 116463 82018.1 433761 283132 1.89426e+06 1.21142e+06 464646 1.01538e+06 922191 538618 1.30726e+06 793671 433620 835029 1.20113e+06 730386 335018 440144
mphobs
 0 0 0 0 0 0 0 0 0 0 0 498337 0 5186 125008 0 168611 109162 213762 579715 649985 157893 87575 83554 0 0 0 0 0 0 0
mphpred
 1.79932e+06 779969 485042 151983 54592.8 4291.27 460678 82303.5 19039.1 190725 40000.3 134863 274111 160055 81762.7 78515.8 722962 411020 2.42957e+06 1.26051e+06 589813 1.19066e+06 1.27029e+06 729568 1.4552e+06 931740 456035 779355 1.57973e+06 842569 275428
desembarqueobs
 494567 514787 250237 358949 120608 361735 552515 73892 212993 205616 52469 317467 293654 387597 252695 516296 358380 742168 942051 627588 828172 859565 418607 520667 417249 300574 415391 372974 316634 284311 391294
desembarquepred
 494488 514945 249589 358218 120440 361468 551625 73847 212806 205382 52452.8 317166 293324 386818 252341 515859 358241 741758 940875 626431 827578 858725 418354 520433 416959 300324 415114 372775 316466 284074 391029
Reclutas
 3167.97 194914 4961.22 69846.6 2247.9 286266 2387.9 653.99 75408.8 3305.31 61842 171481 71520.6 67832.5 47763.3 435518 6232.97 1.10464e+06 176270 36107.6 471567 557371 7025.29 362546 160310 22147.5 260541 353700 12980.7 5625.35 172507
log_desv_Rt
 -2.6975 1.42196 -2.24894 0.395706 -3.0406 1.80633 -2.98018 -4.27526 0.472329 -2.65507 0.273987 1.29388 0.419391 0.366446 0.0156621 2.22594 -2.02074 3.15668 1.32142 -0.264091 2.30547 2.47264 -1.90108 2.04256 1.22651 -0.752871 1.71217 2.01785 -1.28713 -2.12331 1.29985
SSB
 1.79932e+06 779969 485042 151983 54592.8 4291.27 460678 82303.5 19039.1 190725 40000.3 134863 274111 160055 81762.7 78515.8 722962 411020 2.42957e+06 1.26051e+06 589813 1.19066e+06 1.27029e+06 729568 1.4552e+06 931740 456035 779355 1.57973e+06 842569 275428
BT
 2.21842e+06 1.57034e+06 632475 454036 107445 1.26514e+06 692615 121066 568536 287657 266214 712072 642828 668775 442375 1.40939e+06 936884 5.03441e+06 3.6749e+06 1.72478e+06 3.05964e+06 2.90267e+06 1.60439e+06 3.5057e+06 2.23166e+06 1.28432e+06 2.36666e+06 3.14088e+06 1.948e+06 1.08524e+06 1.40813e+06
Ftot
 0.289461 0.585395 0.593765 1.79562 2.98547 0.633538 1.55252 1.09337 0.851153 1.28553 0.367475 0.851239 0.797051 1.6027 1.56646 0.7094 0.464638 0.292857 0.379003 0.602455 0.495618 0.497835 0.326818 0.280642 0.277468 0.328326 0.384739 0.231246 0.189291 0.422413 0.602055
BD_Bspro_t
 0.955088 0.684433 0.509892 0.267793 0.10871 0.0139749 0.466883 0.122007 0.0473457 0.341492 0.137761 0.456131 0.453072 0.284148 0.165466 0.167821 0.518042 0.37843 0.715413 0.535494 0.333599 0.497154 0.539358 0.442354 0.63418 0.588355 0.486279 0.634378 0.75448 0.624156 0.411475
BD_Bspro
 5.36121 2.32398 1.44522 0.452844 0.162663 0.0127862 1.37262 0.245229 0.0567286 0.56828 0.119184 0.401834 0.816734 0.476896 0.243618 0.233944 2.15412 1.22467 7.23908 3.75579 1.75739 3.54768 3.78492 2.1738 4.33588 2.77619 1.35879 2.32215 4.70692 2.5105 0.820658
BD_Bo
 1.07122 0.464351 0.288768 0.0904823 0.0325016 0.00255479 0.274263 0.048999 0.0113349 0.113547 0.023814 0.08029 0.163191 0.0952881 0.0486771 0.0467441 0.430412 0.244699 1.44643 0.75044 0.351143 0.708857 0.756261 0.434345 0.866347 0.554707 0.271498 0.463986 0.940484 0.50162 0.163975
BD_Brms
 4.84454 2.10001 1.30594 0.409202 0.146987 0.0115539 1.24034 0.221596 0.0512615 0.513513 0.107698 0.363108 0.738023 0.430936 0.22014 0.211398 1.94652 1.10664 6.54144 3.39383 1.58803 3.20578 3.42016 1.96431 3.91802 2.50864 1.22784 2.09836 4.2533 2.26856 0.741569
Sel_flota
 0.565424 0.961121 0.997875 0.999888 0.999994
 0.565424 0.961121 0.997875 0.999888 0.999994
 0.565424 0.961121 0.997875 0.999888 0.999994
 0.565424 0.961121 0.997875 0.999888 0.999994
 0.565424 0.961121 0.997875 0.999888 0.999994
 0.565424 0.961121 0.997875 0.999888 0.999994
 0.565424 0.961121 0.997875 0.999888 0.999994
 0.565424 0.961121 0.997875 0.999888 0.999994
 0.565424 0.961121 0.997875 0.999888 0.999994
 0.565424 0.961121 0.997875 0.999888 0.999994
 0.565424 0.961121 0.997875 0.999888 0.999994
 0.565424 0.961121 0.997875 0.999888 0.999994
 0.565424 0.961121 0.997875 0.999888 0.999994
 0.565424 0.961121 0.997875 0.999888 0.999994
 0.565424 0.961121 0.997875 0.999888 0.999994
 0.565424 0.961121 0.997875 0.999888 0.999994
 0.565424 0.961121 0.997875 0.999888 0.999994
 0.565424 0.961121 0.997875 0.999888 0.999994
 0.565424 0.961121 0.997875 0.999888 0.999994
 0.565424 0.961121 0.997875 0.999888 0.999994
 0.565424 0.961121 0.997875 0.999888 0.999994
 0.565424 0.961121 0.997875 0.999888 0.999994
 0.565424 0.961121 0.997875 0.999888 0.999994
 0.565424 0.961121 0.997875 0.999888 0.999994
 0.565424 0.961121 0.997875 0.999888 0.999994
 0.565424 0.961121 0.997875 0.999888 0.999994
 0.565424 0.961121 0.997875 0.999888 0.999994
 0.565424 0.961121 0.997875 0.999888 0.999994
 0.565424 0.961121 0.997875 0.999888 0.999994
 0.565424 0.961121 0.997875 0.999888 0.999994
 0.565424 0.961121 0.997875 0.999888 0.999994
Sel_reclas
 1 1 1 1 1
 1 1 1 1 1
 1 1 1 1 1
 1 1 1 1 1
 1 1 1 1 1
 1 1 1 1 1
 1 1 1 1 1
 1 1 1 1 1
 1 1 1 1 1
 1 1 1 1 1
 1 1 1 1 1
 1 1 1 1 1
 1 1 1 1 1
 1 1 1 1 1
 1 1 1 1 1
 1 1 1 1 1
 1 1 1 1 1
 1 1 1 1 1
 1 1 1 1 1
 1 1 1 1 1
 1 1 1 1 1
 1 1 1 1 1
 1 1 1 1 1
 1 1 1 1 1
 1 1 1 1 1
 1 1 1 1 1
 1 1 1 1 1
 1 1 1 1 1
 1 1 1 1 1
 1 1 1 1 1
 1 1 1 1 1
Sel_pelaces
 1 1 1 1 1
 1 1 1 1 1
 1 1 1 1 1
 1 1 1 1 1
 1 1 1 1 1
 1 1 1 1 1
 1 1 1 1 1
 1 1 1 1 1
 1 1 1 1 1
 1 1 1 1 1
 1 1 1 1 1
 1 1 1 1 1
 1 1 1 1 1
 1 1 1 1 1
 1 1 1 1 1
 1 1 1 1 1
 1 1 1 1 1
 1 1 1 1 1
 1 1 1 1 1
 1 1 1 1 1
 1 1 1 1 1
 1 1 1 1 1
 1 1 1 1 1
 1 1 1 1 1
 1 1 1 1 1
 1 1 1 1 1
 1 1 1 1 1
 1 1 1 1 1
 1 1 1 1 1
 1 1 1 1 1
 1 1 1 1 1
pf_obs 
 0.8446 0.082 0.0669 0.0065 0
 0.8095 0.147 0.0364 0.0071 0
 0.9664 0.0169 0.016 0.0007 0
 0.9276 0.0648 0.0075 0.0001 0
 0.7033 0.2144 0.0806 0.0017 0
 0.9318 0.0425 0.0243 0.0014 0
 0.5671 0.3108 0.0964 0.0239 0.0018
 0.0768 0.2599 0.5324 0.112 0.0189
 0.490249 0.384438 0.106611 0.0170017 0.00170017
 0.7925 0.1577 0.0466 0.003 0.0002
 0.840416 0.127587 0.0312969 0.00059994 9.999e-05
 0.8084 0.0986 0.0794 0.0134 0.0002
 0.7335 0.1905 0.0724 0.0035 0.0001
 0.4001 0.4547 0.1325 0.0127 0
 0.49795 0.308269 0.164784 0.0264974 0.00249975
 0.9179 0.0499 0.0305 0.0017 0
 0.2467 0.6533 0.0926 0.0074 0
 0.9418 0.0223 0.034 0.0019 0
 0.707729 0.231977 0.0356964 0.0245975 0
 0.517169 0.277429 0.184464 0.0207286 0.00020938
 0.811772 0.124168 0.05621 0.00726502 0.000585176
 0.764997 0.148141 0.077277 0.00933861 0.000247198
 0.163321 0.427699 0.378323 0.0303852 0.000271297
 0.753843 0.0900009 0.118128 0.0371064 0.000921714
 0.721811 0.176058 0.0630433 0.0369309 0.00215725
 0.143369 0.312575 0.442814 0.0836902 0.0175525
 0.692698 0.0596174 0.167031 0.0765114 0.00414204
 0.394062 0.376323 0.152708 0.0712218 0.00568511
 0.125707 0.32114 0.495352 0.0537591 0.00404204
 0.23352 0.215282 0.420074 0.123614 0.00750983
 0.796117 0.104755 0.0508955 0.0450114 0.00322123
pf_pred 
 0.0158191 0.318734 0.55902 0.106426 7.35232e-07
 0.782519 0.00617855 0.0704244 0.11839 0.0224878
 0.0516367 0.832711 0.00345317 0.0374617 0.0747375
 0.790719 0.0200132 0.167239 0.000659536 0.0213693
 0.151508 0.778404 0.00722916 0.0555734 0.00728533
 0.998014 0.000823558 0.0010773 8.874e-06 7.66543e-05
 0.0228345 0.976196 0.000413904 0.000514441 4.07241e-05
 0.0635799 0.0517495 0.883859 0.000347443 0.000464101
 0.981393 0.0025335 0.000942354 0.0151168 1.38315e-05
 0.118165 0.874179 0.00109725 0.000385698 0.00617394
 0.939158 0.0143247 0.0461408 5.41266e-05 0.000322338
 0.856581 0.138615 0.00116975 0.00360434 2.93344e-05
 0.52871 0.435715 0.0344496 0.000274808 0.000851062
 0.671105 0.22891 0.0928146 0.00694373 0.000226227
 0.742243 0.217015 0.0290154 0.010889 0.000837644
 0.971877 0.0247322 0.00288883 0.00035803 0.000144101
 0.03493 0.951138 0.012329 0.00136653 0.000236844
 0.960177 0.00248703 0.0368213 0.000455702 5.91145e-05
 0.238081 0.745087 0.00109372 0.015522 0.000216522
 0.13836 0.311196 0.538827 0.000756544 0.0108605
 0.883972 0.0278974 0.0328502 0.054117 0.00116346
 0.716581 0.265357 0.00450565 0.00506107 0.00849511
 0.0226673 0.806045 0.160863 0.00260568 0.00781914
 0.805366 0.0077589 0.155273 0.0296828 0.00191898
 0.433429 0.500468 0.00274437 0.0526642 0.0106941
 0.135246 0.496885 0.326593 0.00171738 0.0395582
 0.841608 0.0349881 0.072213 0.0454601 0.0057313
 0.717801 0.256341 0.00591631 0.0116812 0.00826084
 0.0532536 0.772296 0.159072 0.00352471 0.011854
 0.0682208 0.082827 0.697585 0.138051 0.0133166
 0.89304 0.0130924 0.00869991 0.0700133 0.0151546
pobs_RECLAS
 0 0 0 0 0
 0 0 0 0 0
 0 0 0 0 0
 0 0 0 0 0
 0 0 0 0 0
 0 0 0 0 0
 0 0 0 0 0
 0 0 0 0 0
 0 0 0 0 0
 0 0 0 0 0
 0.991045 0.00858322 0.000360255 1.14367e-05 0
 0.934742 0.0480273 0.0164251 0.00080598 0
 0.827803 0.169806 0.00239088 0 0
 0.941827 0.0461693 0.0120037 0 0
 0.791401 0.0380133 0.147996 0.0225897 0
 0.846168 0.0940531 0.0597789 0 0
 0.134021 0.677848 0.182769 0.00536245 0
 0.80878 0.0450904 0.141981 0.00414843 0
 0.846168 0.0940531 0.0597789 0 0
 0.905697 0.0802665 0.012482 0.00150086 5.37128e-05
 0.989698 0.0102097 9.19794e-05 0 0
 0.975433 0.0193895 0.00387452 0.00125025 5.28907e-05
 0.303575 0.632131 0.0575291 0.00676475 0
 0.966965 0.00978017 0.0227588 0.000495775 0
 0.843318 0.132988 0.00938335 0.0141283 0.000182051
 0.564624 0.303363 0.111486 0.0197234 0.00080311
 0.826376 0.0876187 0.0782897 0.00655872 0.00115652
 0.89761 0.0855135 0.0140674 0.00269457 0.000114338
 0.34875 0.467042 0.161289 0.0227151 0.000203297
 0.318654 0.224769 0.449479 0.00709798 0
 0.937255 0.0296025 0.0250945 0.00804832 0
ppred_RECLAS
 0.0275849 0.323278 0.5455 0.103637 7.15884e-07
 0.867429 0.00392191 0.0429396 0.0720297 0.0136802
 0.0872724 0.805505 0.00320844 0.0347314 0.0692825
 0.884396 0.0115798 0.0919483 0.000361614 0.0117148
 0.286802 0.657956 0.0057166 0.0437868 0.00573908
 0.998891 0.000470635 0.000591178 4.85908e-06 4.19683e-05
 0.042206 0.95689 0.000386545 0.000479181 3.79276e-05
 0.113544 0.0510658 0.834626 0.000327312 0.000437156
 0.989833 0.00143811 0.000512883 0.00820884 7.50995e-06
 0.197799 0.795559 0.000953911 0.000334487 0.0053535
 0.96484 0.00852782 0.0264176 3.09249e-05 0.000184145
 0.913998 0.0832411 0.000673522 0.00207063 1.68501e-05
 0.665772 0.309955 0.0235065 0.000187094 0.000579348
 0.79691 0.143441 0.0553821 0.00413234 0.000134613
 0.845656 0.130944 0.0166777 0.00624246 0.000480139
 0.983901 0.0142276 0.00159501 0.000197243 7.93779e-05
 0.059099 0.92784 0.0115608 0.00127867 0.000221591
 0.977267 0.00147208 0.0209683 0.000258966 3.35899e-05
 0.350661 0.635558 0.000897193 0.0127062 0.000177224
 0.223598 0.287686 0.478425 0.000670279 0.009621
 0.931756 0.0169254 0.0191544 0.0314875 0.000676872
 0.814971 0.173686 0.00283428 0.00317688 0.00533185
 0.0386595 0.798199 0.153232 0.00247692 0.00743192
 0.880696 0.00493702 0.0950603 0.0181346 0.00117226
 0.569087 0.382412 0.00201763 0.038638 0.00784508
 0.214975 0.458547 0.289918 0.00152134 0.0350389
 0.904456 0.02177 0.0432087 0.027144 0.00342175
 0.814039 0.16953 0.00376542 0.00741915 0.00524619
 0.0883875 0.748832 0.148458 0.00328279 0.0110392
 0.116106 0.0814575 0.659612 0.130261 0.0125637
 0.938065 0.00786721 0.00502107 0.0403199 0.00872637
pobs_PELACES
 0 0 0 0 0
 0 0 0 0 0
 0 0 0 0 0
 0 0 0 0 0
 0 0 0 0 0
 0 0 0 0 0
 0 0 0 0 0
 0 0 0 0 0
 0 0 0 0 0
 0 0 0 0 0
 0 0 0 0 0
 0 0 0 0 0
 0 0 0 0 0
 0 0 0 0 0
 0 0 0 0 0
 0 0 0 0 0
 0.505614 0.472636 0.0217494 0 0
 0 0 0 0 0
 0.443492 0.261883 0.143347 0.151278 0
 0.227955 0.32914 0.350689 0.0885471 0.00366901
 0.970185 0.0296113 0.000203453 0 0
 0.997202 0.00247181 0.000326279 0 0
 0.445219 0.490057 0.0546422 0.010081 0
 0.90214 0.0892962 0.00764917 0.000914606 0
 0 0 0 0 0
 0.581667 0.319106 0.0959925 0.00289975 0.000334073
 0.762889 0.0836404 0.116647 0.0363945 0.000428098
 0.88444 0.0763242 0.0277011 0.0115352 0
 0.521256 0.241999 0.230069 0.00667565 0
 0.616807 0.101726 0.260614 0.0208532 0
 0.833518 0.0704572 0.0857862 0.0102388 0
ppred_PELACES
 0.0286828 0.323677 0.544259 0.103381 7.14111e-07
 0.876749 0.00367233 0.0399226 0.0669426 0.0127138
 0.0937249 0.800523 0.00316571 0.0342554 0.0683315
 0.907954 0.00940351 0.0730588 0.000286983 0.00929644
 0.373265 0.579864 0.00485893 0.0371437 0.00486787
 0.998984 0.000433307 0.000540123 4.43758e-06 3.83269e-05
 0.0512066 0.947915 0.000375777 0.000465352 3.6831e-05
 0.130134 0.0507401 0.818377 0.000320706 0.000428318
 0.990976 0.00128832 0.000454744 0.0072742 6.65469e-06
 0.225813 0.76788 0.000906478 0.000317583 0.00508273
 0.966541 0.00814261 0.0251121 2.93895e-05 0.000175
 0.922367 0.0751662 0.000601939 0.00184951 1.50503e-05
 0.688668 0.288924 0.0217007 0.00017263 0.000534543
 0.829497 0.121112 0.0458609 0.00341828 0.000111346
 0.870837 0.109899 0.0137339 0.00513525 0.000394956
 0.985319 0.0129875 0.00144352 0.000178425 7.1803e-05
 0.062569 0.924491 0.0114544 0.0012665 0.000219479
 0.978172 0.00141816 0.0201287 0.000248548 3.22382e-05
 0.362035 0.62449 0.000877524 0.0124245 0.000173293
 0.238385 0.283508 0.468043 0.000655472 0.00940827
 0.936038 0.0159376 0.0179285 0.0294625 0.00063333
 0.824629 0.164683 0.00267119 0.00299308 0.0050233
 0.0403032 0.797372 0.152468 0.00246403 0.00739316
 0.884829 0.00478171 0.0917569 0.0175011 0.0011313
 0.578046 0.374611 0.00196983 0.0377157 0.00765773
 0.222587 0.454857 0.286442 0.00150278 0.0346109
 0.909015 0.0208076 0.0411064 0.0258167 0.00325439
 0.818605 0.16541 0.00366362 0.00721746 0.00510353
 0.0904333 0.747459 0.147846 0.00326885 0.0109923
 0.122391 0.0812589 0.654641 0.129243 0.0124653
 0.94284 0.00730943 0.00463113 0.0371738 0.0080453
pobs_pel_tallas
 0 0 0 0 0 0 0 0 0 0 0 0 0 0 0 0 0 0 0 0 0 0 0 0 0 0
 0 0 0 0 0 0 0 0 0 0 0 0 0 0 0 0 0 0 0 0 0 0 0 0 0 0
 0 0 0 0 0 0 0 0 0 0 0 0 0 0 0 0 0 0 0 0 0 0 0 0 0 0
 0 0 0 0 0 0 0 0 0 0 0 0 0 0 0 0 0 0 0 0 0 0 0 0 0 0
 0 0 0 0 0 0 0 0 0 0 0 0 0 0 0 0 0 0 0 0 0 0 0 0 0 0
 0 0 0 0 0 0 0 0 0 0 0 0 0 0 0 0 0 0 0 0 0 0 0 0 0 0
 0 0 0 0 0 0 0 0 0 0 0 0 0 0 0 0 0 0 0 0 0 0 0 0 0 0
 0 0 0 0 0 0 0 0 0 0 0 0 0 0 0 0 0 0 0 0 0 0 0 0 0 0
 0 0 0 0 0 0 0 0 0 0 0 0 0 0 0 0 0 0 0 0 0 0 0 0 0 0
 0 0 0 0 0 0 0 0 0 0 0 0 0 0 0 0 0 0 0 0 0 0 0 0 0 0
 0 0 0 0 0 0 0 0 0 0 0 0 0 0 0 0 0 0 0 0 0 0 0 0 0 0
 0 0 0 0 0 0 0 0 0 0 0 0 0 0 0 0 0 0 0 0 0 0 0 0 0 0
 0.00862536 0 0 0.000197151 0.00414017 0.0128641 0.00837892 0.0270097 0.101434 0.158115 0.152841 0.127902 0.109271 0.109419 0.0830992 0.0579132 0.0238553 0.00714673 0.00463305 0.00128148 0.00103504 0.000492878 0.000147863 0.000147863 4.92878e-05 0
 0 0 0 0 0 0 0 0 0 0 0 0 0 0 0 0 0 0 0 0 0 0 0 0 0 0
 0 0 0 0 0 0 0 0.0054083 0.00873648 0.0413646 0.0450493 0.0745869 0.0622846 0.0627006 0.0613931 0.0827291 0.12552 0.122667 0.0946155 0.0697135 0.0546179 0.0294188 0.0215738 0.0213955 0.0102223 0.00600262
 0 0 0 0 0.00359764 0.0251062 0.0480494 0.140153 0.205849 0.193036 0.1447 0.116669 0.0760912 0.0342217 0.00950174 0.001854 0.000860785 0 0 0 0.000165536 0 0.000143464 0 0 0
 0 0 0 0 0 0 0 0.000145254 0.000435761 0.0275982 0.070085 0.0708112 0.156366 0.174668 0.174014 0.160142 0.0824315 0.0480064 0.0283245 0.00493863 0.00203355 0 0 0 0 0
 0 0 0 0 0 0 0 0 0 0 0 0 0 0 0 0 0 0 0 0 0 0 0 0 0 0
 0 0 1.00437e-05 0.000401748 0.00122533 0.00171747 0.00176769 0.0269171 0.070346 0.194647 0.189555 0.159765 0.064822 0.0314167 0.0384472 0.0292271 0.0345202 0.0313363 0.0194345 0.0106764 0.0143323 0.0359363 0.0279516 0.0138201 0.00172751 0
 0 0.0021121 0.0136068 0.0755702 0.200478 0.177729 0.0527432 0.0373336 0.0318909 0.0142505 0.0149659 0.0166563 0.0217959 0.0798694 0.0677717 0.0528807 0.04013 0.0224614 0.0357745 0.0225083 0.00881397 0.00855152 0.00135912 0.000746735 0 0
 0 0 0 0 5.4009e-05 0.00500934 0.000945158 0.0243581 0.138947 0.33067 0.221406 0.137944 0.0707744 0.0437923 0.0131692 0.00525238 0.0047753 0.00276346 9.45158e-05 9.00151e-06 2.25038e-05 9.00151e-06 4.50075e-06 0 0 0
 0.000866109 0.00284123 0.00948549 0.0512746 0.133035 0.25785 0.225252 0.132002 0.0553304 0.0519788 0.0540692 0.017754 0.00435017 0.00159236 0.00146478 0.000404838 0.000125132 0.000115318 0.000107957 0.000100596 0 0 0 0 0 0
 0 0 0 0 0.00144013 0.00171154 0.00461396 0.0210425 0.0478622 0.0707936 0.0888783 0.103762 0.0637923 0.0337046 0.0602308 0.124433 0.169614 0.0934646 0.0462172 0.0250306 0.0313229 0.00938855 0.002487 0.000210481 0 0
 0 0.00764035 0.051015 0.0998891 0.058973 0.0496711 0.0374665 0.0718981 0.12319 0.153886 0.159021 0.0857701 0.0377988 0.023471 0.0147837 0.00900784 0.00315554 0.000888139 0.00291439 0.00214683 0.00393193 0.00274676 0.000635225 9.99891e-05 0 0
 0 0 0 0 0 0 0 0 0 0 0 0 0 0 0 0 0 0 0 0 0 0 0 0 0 0
 0 0 0 0 0 0 0 0 0 0 0 0 0 0 0 0 0 0 0 0 0 0 0 0 0 0
 0 0 0 0 0 0 0 0 0 0 0 0 0 0 0 0 0 0 0 0 0 0 0 0 0 0
 0 0 0 0 0 0 0 0 0 0 0 0 0 0 0 0 0 0 0 0 0 0 0 0 0 0
 0 0 0 0 0 0 0 0 0 0 0 0 0 0 0 0 0 0 0 0 0 0 0 0 0 0
 0 0 0 0 0 0 0 0 0 0 0 0 0 0 0 0 0 0 0 0 0 0 0 0 0 0
 0 0 0 0 0 0 0 0 0 0 0 0 0 0 0 0 0 0 0 0 0 0 0 0 0 0
ppred_pel_tallas
 1.26157e-16 2.36264e-06 2.29657e-05 0.000152617 0.000693793 0.00215882 0.00460077 0.00672165 0.00675365 0.0047575 0.0026874 0.0022308 0.00404954 0.00865858 0.0167803 0.0287232 0.043678 0.0597366 0.0748079 0.0877321 0.0985191 0.107402 0.113647 0.115391 0.110764 0.0993274
 1.10019e-16 7.22166e-05 0.000701971 0.00466485 0.0212057 0.0659789 0.140575 0.205173 0.205174 0.140577 0.0659865 0.021229 0.00472789 0.000855247 0.000410576 0.000692298 0.00130136 0.00231961 0.00391228 0.0062365 0.00935255 0.0131211 0.0171427 0.0207969 0.0233959 0.0243968
 1.15295e-16 7.72016e-06 7.50428e-05 0.000498689 0.00226702 0.00705395 0.015032 0.0219558 0.0220328 0.0154082 0.00831662 0.00591214 0.00964136 0.0200105 0.0378026 0.0623151 0.0893885 0.111657 0.12168 0.116177 0.0981366 0.075002 0.0543835 0.0405335 0.033592 0.0311205
 1.03713e-16 7.4787e-05 0.000726956 0.00483088 0.0219605 0.0683272 0.145578 0.212476 0.212477 0.145583 0.0683444 0.0220116 0.00496474 0.00103709 0.000716255 0.00120255 0.00204369 0.00323416 0.00480326 0.00673666 0.00891877 0.0110853 0.0128436 0.0137913 0.0136838 0.0125475
 1.04838e-16 3.07455e-05 0.000298857 0.00198601 0.00902816 0.0280903 0.0598513 0.0873664 0.0874222 0.0601238 0.0290049 0.0116684 0.00860821 0.0147378 0.0274025 0.0451234 0.064701 0.0807532 0.0878407 0.0835121 0.0698354 0.0521077 0.0357953 0.0240326 0.0171099 0.013569
 1.00023e-16 8.2285e-05 0.000799839 0.00531521 0.0241622 0.0751775 0.160174 0.233778 0.233778 0.160174 0.0751782 0.0241642 0.00532035 0.000811176 0.000104158 4.28372e-05 5.57274e-05 7.40424e-05 8.95433e-05 0.000100216 0.000106386 0.000109372 0.000109778 0.000106832 9.92892e-05 8.68761e-05
 1.00307e-16 4.21801e-06 4.10007e-05 0.000272468 0.00123866 0.00385441 0.0082156 0.01201 0.0121012 0.00866086 0.0053488 0.00555212 0.0110892 0.0236184 0.0446775 0.0735801 0.105351 0.131127 0.141883 0.133466 0.109155 0.0776289 0.0480283 0.0258775 0.0121765 0.00504286
 1.23735e-16 1.0719e-05 0.000104192 0.000692393 0.00314752 0.00979314 0.0208655 0.0304551 0.0304613 0.0208961 0.00989948 0.00347054 0.00156297 0.00220186 0.00457038 0.00903425 0.0164787 0.0278998 0.0440163 0.0646675 0.0881069 0.110683 0.127483 0.134016 0.128176 0.111307
 1.00745e-16 8.16254e-05 0.000793428 0.00527261 0.0239685 0.0745749 0.15889 0.231904 0.231904 0.15889 0.074577 0.0239746 0.00528815 0.000828004 0.000149342 0.000123482 0.000184688 0.000266115 0.00036478 0.000490223 0.000657768 0.000877431 0.00114006 0.00141037 0.00163367 0.00175447
 1.01115e-16 1.86001e-05 0.0001808 0.00120148 0.0054618 0.0169941 0.0362104 0.0528656 0.0529395 0.0365711 0.0182047 0.00895617 0.00996427 0.0192817 0.0362112 0.0596164 0.0853656 0.106274 0.115037 0.108303 0.0887396 0.0633834 0.0396345 0.0219494 0.0111045 0.00553149
 1.0076e-16 7.96127e-05 0.000773864 0.0051426 0.0233775 0.0727361 0.154972 0.226186 0.226187 0.154976 0.0727497 0.0234174 0.00524447 0.00100206 0.000529979 0.000794212 0.0012384 0.00176839 0.00233903 0.0029167 0.00347102 0.00395054 0.00426799 0.00432337 0.00405786 0.00349803
 1.00225e-16 7.59742e-05 0.000738496 0.00490757 0.0223091 0.0694119 0.14789 0.215851 0.215858 0.147925 0.0695304 0.0226512 0.00576566 0.0026092 0.00362137 0.00584723 0.00837057 0.0104316 0.0113142 0.0106928 0.00882916 0.00640864 0.00414764 0.00247087 0.00144238 0.000900422
 1.00808e-16 5.67248e-05 0.000551385 0.00366415 0.0166567 0.0518253 0.11042 0.161168 0.161195 0.110556 0.0522815 0.0179739 0.00696879 0.0077599 0.0137306 0.0225661 0.0323987 0.0405221 0.0442147 0.0422132 0.035468 0.0265166 0.0180023 0.0114812 0.00719756 0.00461097
 1.01717e-16 6.83246e-05 0.000664139 0.00441344 0.0200629 0.0624231 0.132999 0.194119 0.194131 0.133057 0.0626155 0.0206192 0.0058121 0.0037243 0.0059002 0.00969806 0.0140838 0.0179583 0.0202379 0.0204023 0.0187689 0.0162163 0.0136014 0.0113435 0.00942367 0.00765687
 1.01007e-16 7.17297e-05 0.000697238 0.00463339 0.0210627 0.065534 0.139628 0.203793 0.203803 0.139679 0.0657078 0.0215645 0.00589283 0.00344624 0.00529156 0.00863185 0.0124215 0.0156079 0.0171705 0.0166403 0.0143745 0.0113117 0.00840804 0.0061949 0.00471132 0.00372234
 1.00076e-16 8.11594e-05 0.000788898 0.00524251 0.0238317 0.0741492 0.157983 0.230581 0.230582 0.157989 0.0741697 0.0238909 0.00539124 0.00111346 0.000697216 0.00102323 0.0014638 0.0018356 0.00201261 0.0019383 0.00165469 0.00127358 0.000910281 0.000630899 0.000443595 0.000323223
 1.00732e-16 5.15392e-06 5.0098e-05 0.000332923 0.00151348 0.00470946 0.0100373 0.0146684 0.0147573 0.0104716 0.00616728 0.00572162 0.0108864 0.0230565 0.0436046 0.0718328 0.102899 0.128179 0.13889 0.130983 0.107633 0.077248 0.0486682 0.0272113 0.013816 0.00665844
 1.00612e-16 8.05708e-05 0.000783177 0.00520448 0.0236588 0.0736114 0.156837 0.228908 0.228908 0.156838 0.0736143 0.0236676 0.00522786 0.000839075 0.000200941 0.000241579 0.000425724 0.000712445 0.00111343 0.00162429 0.00220309 0.00276166 0.00318016 0.00334775 0.00321086 0.00280021
 1.01461e-16 2.98205e-05 0.000289866 0.00192626 0.00875655 0.0272452 0.058051 0.0847397 0.0847997 0.0583443 0.0282298 0.0115987 0.0090537 0.0158269 0.0294721 0.0485056 0.069473 0.0865311 0.0937559 0.0884372 0.0727545 0.0524233 0.03343 0.0193433 0.010728 0.00625429
 1.15238e-16 1.96355e-05 0.000190864 0.00126836 0.0057658 0.0179397 0.0382235 0.0557941 0.0558221 0.0383605 0.0184018 0.00710873 0.00467073 0.00772199 0.0146254 0.0249339 0.0377377 0.0512273 0.0634055 0.0730871 0.0801773 0.084935 0.0870039 0.0852693 0.0787337 0.0675763
 1.03584e-16 7.71002e-05 0.000749442 0.0049803 0.0226397 0.0704406 0.150081 0.219048 0.21905 0.150089 0.0704666 0.0227151 0.00517133 0.00117263 0.000899456 0.00141528 0.00215341 0.0029752 0.00380645 0.00464215 0.00554519 0.00657448 0.00769014 0.00871594 0.00939538 0.00950567
 1.0127e-16 6.79236e-05 0.000660242 0.00438754 0.0199451 0.0620568 0.132219 0.192981 0.192997 0.132297 0.0623165 0.020695 0.00626822 0.00476074 0.00784079 0.0128167 0.0183676 0.0229141 0.0249017 0.0236263 0.0196689 0.0145337 0.00978366 0.00633187 0.00429083 0.00327224
 1.06102e-16 3.31988e-06 3.22705e-05 0.000214453 0.000974918 0.00303375 0.00646656 0.00945425 0.00953116 0.00684237 0.00429575 0.00462064 0.00936808 0.0200224 0.0379901 0.0628552 0.0906677 0.114258 0.126273 0.123252 0.107617 0.0859177 0.0648323 0.0480847 0.0360523 0.0273406
 1.04596e-16 7.28822e-05 0.000708441 0.00470784 0.0214011 0.0665869 0.141871 0.207064 0.207065 0.141874 0.0665976 0.0214337 0.00479678 0.000926213 0.000555797 0.000984737 0.00183497 0.00319356 0.00517973 0.00781865 0.0109427 0.0141372 0.0167981 0.0183169 0.0183179 0.016815
 1.05231e-16 4.7613e-05 0.000462815 0.00307557 0.0139811 0.0435006 0.092684 0.135283 0.135319 0.0928601 0.0440916 0.0156872 0.00735482 0.0097943 0.0177407 0.0291798 0.0418642 0.0523156 0.0570496 0.0545218 0.0461045 0.035235 0.0254172 0.0185933 0.0148212 0.0130159
 1.14391e-16 1.83343e-05 0.000178216 0.00118431 0.00538372 0.016751 0.0356914 0.0521019 0.0521461 0.0359075 0.0174775 0.00748635 0.00647868 0.0117903 0.0222311 0.0371379 0.0544596 0.0704857 0.0813647 0.0852063 0.0829993 0.0775322 0.0712964 0.0651563 0.0586048 0.0509305
 1.04332e-16 7.48744e-05 0.000727805 0.00483652 0.0219861 0.068407 0.145748 0.212725 0.212727 0.145759 0.0684414 0.0220862 0.00509118 0.00129519 0.00118652 0.00193333 0.00299224 0.00422067 0.00552981 0.00689327 0.00833684 0.00985202 0.0113021 0.0124159 0.0128915 0.0125412
 1.01736e-16 6.74275e-05 0.000655419 0.00435549 0.0197994 0.0616035 0.131253 0.191571 0.191587 0.131331 0.0618645 0.0205528 0.00624521 0.00477621 0.00788056 0.0128879 0.0184822 0.0230848 0.0251438 0.0239613 0.0201255 0.0151427 0.0105655 0.00728186 0.00537016 0.0044105
 1.06646e-16 7.44903e-06 7.24073e-05 0.000481176 0.0021874 0.00680619 0.014504 0.0211841 0.0212562 0.0148563 0.00798938 0.00560556 0.00906389 0.0188172 0.0356322 0.0589589 0.085075 0.107271 0.118669 0.116036 0.101645 0.0816162 0.0621754 0.0467667 0.0356974 0.0276263
 1.33984e-16 1.00812e-05 9.79931e-05 0.000651199 0.00296026 0.00921052 0.0196243 0.0286441 0.028653 0.0196682 0.00936075 0.00340752 0.00182434 0.00282626 0.0056828 0.0106637 0.0183642 0.0293828 0.0441673 0.0627116 0.0840009 0.105518 0.123395 0.133528 0.133225 0.122422
 1.05226e-16 7.76605e-05 0.000754888 0.0050165 0.0228043 0.0709525 0.151172 0.22064 0.220641 0.151175 0.0709645 0.0228392 0.00510545 0.000953347 0.000467939 0.000688258 0.00107936 0.00157678 0.00219572 0.00300118 0.00408855 0.00551878 0.0072365 0.00902756 0.0105553 0.011468
pSPR Fmed_Fpbrs
0.428749   0.271119 0.271119
Fs Fmed_Fpbrs
0.589643   1.005 1.005
SSBpbr Bo_Bmed_Bpbrs
1.6797e+06  636184  371412 371412
Ro
47021
SPR SPRFo_SPRFmed_SPRFpbrs
335618 143896 90992.3
Fref
1.005
Nvult_r0
 127356 1293.63 839.56 6747.93 1460.52
CTP_r0
 32343.7 474.174 315.089 2535.71 548.862
YTP_r0
391029
Np
 141116 29409.9 6322.39 45.3624 32.423
Nvult_p0
 111706 25291.8 5469.2 39.2532 28.0569
CTP_p0
 40476.4 19078.1 145.6 92.0249 887.387
 40476.4 12426.7 2738.51 19.6744 14.0634
YTP_p0
 638212 562290
CBA_c0
615435
log_Ro
10.5784
likeval ReclasPelacesDesembMPH_pf_preclas_ppelaces_ptallas_desvR_qrecl_qpela
 39.5764 53.4133 0.191624 0.00199892 368.135 143.816 129.609 0 167.327 0 0 0.1008 0 0 0
q_reclas_q_pelaces
1 1
M
1
N
 3167.97 39314.9 66694 12674.5 0.0875525
 194914 989.479 10950.6 18380.1 3490.95
 4961.22 51499 207.378 2246.21 4480.91
 69846.6 1304.63 10706.8 42.184 1366.71
 2247.9 9309.32 85.4448 656.441 86.0525
 286266 152.887 194.295 1.59799 13.8025
 2387.9 73604.3 30.5937 37.9848 3.00678
 653.99 365.162 6089.39 2.39068 3.19317
 75408.8 129.654 46.9685 752.388 0.688362
 3305.31 17144.2 21.0481 7.39003 118.286
 61842 587.816 1833.28 2.14687 12.784
 171481 18482.1 151.9 467.392 3.80365
 71520.6 38984.5 3000.14 23.898 74.0048
 67832.5 16765.4 6666.54 498.228 16.2314
 47763.3 10082.8 1321.71 495.496 38.1143
 435518 7246.7 823.067 101.855 40.9919
 6232.97 107278 1348.14 149.179 25.8531
 1.10464e+06 1763.21 25250.6 311.946 40.4624
 176270 344360 489.517 6935.25 96.7339
 36107.6 52337.9 88007.3 123.374 1770.94
 471567 9448.55 10790.7 17747.5 381.52
 557371 131082 2158.71 2420.86 4063.12
 7025.29 154740 29884.7 483.229 1449.94
 362546 2148.41 41580.6 7934.53 512.914
 160310 113803 603.503 11560.4 2347.27
 22147.5 50411.6 32065.8 168.321 3876.76
 260541 6767.15 13526.6 8500.82 1071.63
 353700 77109.1 1719.96 3389.69 2396.93
 12980.7 114171 22713.7 502.352 1689.31
 5625.35 4290.63 35014.6 6917.66 667.226
 172507 1629.77 1051.74 8450.71 1829.03
pred_Ctot
 306.402 6173.61 10827.7 2061.38 0.0142408
 35664.8 281.6 3209.73 5395.87 1024.93
 919.063 14821.1 61.4617 666.768 1330.23
 30498.2 771.913 6450.43 25.4384 824.217
 1315.63 6759.35 62.7752 482.578 63.2629
 56087.4 46.2832 60.5431 0.49871 4.3079
 945.57 40423.9 17.1396 21.3028 1.68637
 200.315 163.043 2784.69 1.09466 1.4622
 18930.1 48.8688 18.1771 291.589 0.266796
 1143.84 8462.11 10.6214 3.73358 59.7642
 7459.37 113.776 366.478 0.429906 2.5602
 43051.1 6966.7 58.7906 181.152 1.47433
 17010.5 14018.5 1108.37 8.84157 27.3817
 27454 9364.41 3796.93 284.059 9.25466
 19030.5 5564.08 743.929 279.185 21.4765
 93968.8 2391.31 279.315 34.6172 13.9329
 929.965 25322.8 328.243 36.382 6.30566
 108009 279.762 4141.97 51.2611 6.64968
 21871.4 68447.6 100.475 1425.93 19.8909
 6773.77 15235.4 26379.7 37.0386 531.702
 74529.6 2352.09 2769.67 4562.72 98.0937
 88440.8 32750.6 556.09 624.64 1048.47
 760.643 27048.4 5398.05 87.4386 262.386
 34065.4 328.186 6567.74 1255.52 81.1689
 14903.4 17208.5 94.3648 1810.85 367.716
 2408.19 8847.51 5815.3 30.5795 704.371
 32774.2 1362.52 2812.15 1770.33 223.191
 27697.4 9891.28 228.289 450.736 318.756
 840.169 12184.3 2509.64 55.6084 187.018
 770.325 935.253 7876.87 1558.82 150.366
 32343.7 474.174 315.089 2535.71 548.862
F
 0.163668 0.278207 0.288846 0.289429 0.28946
 0.330996 0.562635 0.584151 0.585329 0.585391
 0.335728 0.570679 0.592503 0.593698 0.593761
 1.01529 1.72581 1.7918 1.79542 1.79561
 1.68805 2.86939 2.97912 2.98513 2.98545
 0.358217 0.608906 0.632192 0.633467 0.633534
 0.877829 1.49216 1.54922 1.55234 1.55251
 0.618219 1.05086 1.09105 1.09325 1.09337
 0.481262 0.818061 0.849344 0.851057 0.851148
 0.726871 1.23555 1.2828 1.28539 1.28553
 0.207779 0.353188 0.366694 0.367434 0.367473
 0.48131 0.818143 0.84943 0.851143 0.851234
 0.450671 0.766062 0.795357 0.796962 0.797046
 0.906206 1.54039 1.5993 1.60252 1.60269
 0.885711 1.50555 1.56313 1.56628 1.56645
 0.401111 0.681819 0.707893 0.70932 0.709396
 0.262717 0.446573 0.463651 0.464586 0.464635
 0.165588 0.281471 0.292235 0.292824 0.292855
 0.214297 0.364267 0.378197 0.37896 0.379
 0.340642 0.579032 0.601175 0.602388 0.602452
 0.280234 0.476349 0.494565 0.495562 0.495615
 0.281487 0.478479 0.496777 0.497779 0.497832
 0.184791 0.314112 0.326124 0.326781 0.326816
 0.158682 0.269731 0.280046 0.280611 0.28064
 0.156887 0.26668 0.276878 0.277436 0.277466
 0.185643 0.315561 0.327628 0.328289 0.328324
 0.21754 0.369781 0.383922 0.384696 0.384737
 0.130752 0.222255 0.230755 0.23122 0.231245
 0.107029 0.181931 0.188889 0.18927 0.18929
 0.238842 0.40599 0.421515 0.422365 0.42241
 0.340416 0.578648 0.600776 0.601988 0.602052
YTP_r0W_actual
 268453 6685.85 8696.47 86721.2 20472.6
YTP_p0W_proyectada
 303168 298953 3367.73 2702.77 30020.3
 303168 194726 63341.7 577.838 475.765
CTP_r0_actual
 32343.7 474.174 315.089 2535.71 548.862
CTP_p0_proyectada
 40476.4 19078.1 145.6 92.0249 887.387
 40476.4 12426.7 2738.51 19.6744 14.0634
Wmedp
 7.49 15.67 23.13 29.37 33.83
Frms_r0
 0.340416 0.578648 0.600776 0.601988 0.602052
Zrms_r0
 1.34042 1.57865 1.60078 1.60199 1.60205
nmprior
 8.19 8.8 8.5 0
nm_flota  nm_reclas  nm_pelaces    nm_pelaL
inf 6.53261 4.48479 7.03501
cv_recla  cv_pelaces  cv_mph
0.56904 0.828699 1.37976
 ------------------------------------------------
Talla a la edad & desviaci?n 
 8 13.2811 15.8009 17.003 17.5766
 0.8 1.32811 1.58009 1.7003 1.75766
