years
 1991 1992 1993 1994 1995 1996 1997 1998 1999 2000 2001 2002 2003 2004 2005 2006 2007 2008 2009 2010 2011 2012 2013 2014 2015 2016 2017 2018 2019 2020 2021
reclasobs
 0 0 0 0 0 0 0 0 0 252601 567819 844713 477998 351125 339783 2.1784e+06 2.13404e+06 4.81314e+06 1.55562e+06 2.62356e+06 3.21686e+06 3.843e+06 1.13348e+06 3.07943e+06 1.97215e+06 2.03268e+06 2.025e+06 2.42433e+06 2.27542e+06 1.05018e+06 2.36338e+06
reclaspred
 3.18981e+06 1.74816e+06 886044 906858 917304 1.56915e+06 894344 770967 548174 376049 501192 678543 666449 493925 486442 1.35056e+06 1.21081e+06 3.08608e+06 2.46032e+06 1.78748e+06 3.10963e+06 2.53541e+06 1.93493e+06 3.06024e+06 2.27203e+06 2.00228e+06 2.41517e+06 2.61736e+06 2.08349e+06 1.2634e+06 1.88411e+06
pelacesobs
 0 0 0 0 0 0 0 0 0 0 0 0 0 0 0 552880 188675 0 991730 2.46772e+06 1.41603e+06 1.21717e+06 2.29649e+06 1.80582e+06 0 1.4828e+06 1.56532e+06 1.57751e+06 1.42118e+06 867257 1.10002e+06
pelacespred
 1.7908e+06 1.07458e+06 532036 443706 487152 858399 434903 492907 322898 204083 291436 326778 355789 268359 273541 639416 590329 1.73703e+06 1.41457e+06 940406 1.63312e+06 1.39885e+06 1.09978e+06 1.9057e+06 1.36218e+06 1.20607e+06 1.64699e+06 1.75841e+06 1.17561e+06 796037 1.15266e+06
mphobs
 0 0 0 0 0 0 0 0 0 0 0 498337 0 5186 125008 0 168611 109162 213762 579715 649985 157893 87575 83554 0 0 0 0 0 0 0
mphpred
 488755 327294 157920 87557.6 95928.4 114250 155983 85246.6 76620.9 48676.6 30364.6 60632.8 65168.5 53429.5 32801.9 41777 152354 135312 308650 218071 229473 282297 269232 215182 310145 254908 207824 224909 322991 211543 125409
desembarqueobs
 494567 514787 250237 358949 120608 361735 552515 73892 212993 205616 52469 317467 293654 387597 252695 516296 358380 742168 942051 627588 828172 859565 418607 520667 417249 300574 415391 372974 316634 284311 391294
desembarquepred
 494571 513791 250704 358986 120614 361745 552544 73897.4 213054 205671 52471.9 317530 293692 387583 252672 516227 358406 742020 941758 627376 828253 859546 418609 520692 417238 300571 415384 372945 316616 284314 391297
Reclutas
 172789 95238.1 96125.5 147409 119120 216299 85194.9 36362.7 35581.6 48023.1 89810.3 128957 107745 75223.9 69795.8 376737 74807.9 607610 338157 268253 372733 512503 101069 297855 253821 111762 251973 285083 83694.4 59930.7 225152
log_desv_Rt
 0.202866 -0.392824 -0.38355 0.0440069 -0.169076 0.427456 -0.504264 -1.35566 -1.37737 -1.07752 -0.451505 -0.0897288 -0.269436 -0.628736 -0.703631 0.982342 -0.634281 1.46033 0.874304 0.642726 0.971659 1.2901 -0.333405 0.747403 0.587423 -0.23283 0.580116 0.703575 -0.522033 -0.856016 0.467569
SSB
 2.12333e+06 1.42189e+06 686063 380383 416748 496346 677649 370343 332870 211469 131915 263411 283116 232117 142503 181495 661883 587844 1.34089e+06 947380 996915 1.2264e+06 1.16964e+06 934832 1.34738e+06 1.10741e+06 902862 977086 1.40319e+06 919020 544823
BT
 2.98638e+06 2.04447e+06 1.00608e+06 943581 801026 1.56563e+06 1.11835e+06 781843 680327 494280 473107 742064 785791 795509 656136 1.36409e+06 1.13204e+06 3.22237e+06 2.95771e+06 1.9236e+06 3.06781e+06 2.83185e+06 1.95033e+06 3.28604e+06 2.35502e+06 2.01196e+06 2.84097e+06 2.9529e+06 1.9484e+06 1.42268e+06 2.06757e+06
Ftot
 0.198077 0.36478 0.357791 0.543509 0.180899 0.332318 0.762341 0.130192 0.518652 0.721551 0.160055 0.647972 0.606189 1.05149 0.75903 0.594681 0.386745 0.366882 0.516202 0.479156 0.375181 0.472507 0.281227 0.2499 0.248432 0.200165 0.249803 0.210789 0.192251 0.287761 0.309819
BD_Bspro_t
 0.968919 0.786453 0.585235 0.486704 0.480513 0.57326 0.572501 0.381013 0.43789 0.377622 0.335523 0.587734 0.466729 0.37194 0.257901 0.308761 0.501865 0.460006 0.593622 0.478399 0.444833 0.493402 0.510602 0.494351 0.615836 0.625363 0.631302 0.675207 0.731949 0.648222 0.562517
BD_Bspro
 2.10584 1.41017 0.680411 0.377249 0.413315 0.492257 0.672067 0.367292 0.330128 0.209727 0.130828 0.261241 0.280784 0.230205 0.14133 0.18 0.656431 0.583002 1.32984 0.939576 0.988703 1.2163 1.16001 0.927131 1.33628 1.09829 0.895425 0.969037 1.39163 0.911449 0.540335
BD_Bo
 1.38865 0.929909 0.448683 0.248769 0.272552 0.324609 0.443181 0.242203 0.217696 0.1383 0.086272 0.17227 0.185157 0.151804 0.0931969 0.118697 0.43287 0.384448 0.876938 0.619584 0.65198 0.802064 0.764944 0.611377 0.881185 0.724245 0.59047 0.639012 0.917685 0.601037 0.356313
BD_Brms
 7.56829 5.0681 2.44537 1.35582 1.48544 1.76915 2.41538 1.32003 1.18646 0.75375 0.470191 0.938889 1.00912 0.827348 0.507932 0.64691 2.35918 2.09528 4.77939 3.37679 3.55335 4.37133 4.16902 3.33207 4.80254 3.94721 3.21812 3.48268 5.00147 3.27571 1.94194
Sel_flota
 0.708261 0.978781 0.99886 0.99994 0.999997
 0.708261 0.978781 0.99886 0.99994 0.999997
 0.708261 0.978781 0.99886 0.99994 0.999997
 0.708261 0.978781 0.99886 0.99994 0.999997
 0.708261 0.978781 0.99886 0.99994 0.999997
 0.708261 0.978781 0.99886 0.99994 0.999997
 0.708261 0.978781 0.99886 0.99994 0.999997
 0.708261 0.978781 0.99886 0.99994 0.999997
 0.708261 0.978781 0.99886 0.99994 0.999997
 0.708261 0.978781 0.99886 0.99994 0.999997
 0.708261 0.978781 0.99886 0.99994 0.999997
 0.708261 0.978781 0.99886 0.99994 0.999997
 0.708261 0.978781 0.99886 0.99994 0.999997
 0.708261 0.978781 0.99886 0.99994 0.999997
 0.708261 0.978781 0.99886 0.99994 0.999997
 0.708261 0.978781 0.99886 0.99994 0.999997
 0.708261 0.978781 0.99886 0.99994 0.999997
 0.708261 0.978781 0.99886 0.99994 0.999997
 0.708261 0.978781 0.99886 0.99994 0.999997
 0.708261 0.978781 0.99886 0.99994 0.999997
 0.708261 0.978781 0.99886 0.99994 0.999997
 0.708261 0.978781 0.99886 0.99994 0.999997
 0.708261 0.978781 0.99886 0.99994 0.999997
 0.708261 0.978781 0.99886 0.99994 0.999997
 0.708261 0.978781 0.99886 0.99994 0.999997
 0.708261 0.978781 0.99886 0.99994 0.999997
 0.708261 0.978781 0.99886 0.99994 0.999997
 0.708261 0.978781 0.99886 0.99994 0.999997
 0.708261 0.978781 0.99886 0.99994 0.999997
 0.708261 0.978781 0.99886 0.99994 0.999997
 0.708261 0.978781 0.99886 0.99994 0.999997
Sel_reclas
 1 1 1 1 1
 1 1 1 1 1
 1 1 1 1 1
 1 1 1 1 1
 1 1 1 1 1
 1 1 1 1 1
 1 1 1 1 1
 1 1 1 1 1
 1 1 1 1 1
 1 1 1 1 1
 1 1 1 1 1
 1 1 1 1 1
 1 1 1 1 1
 1 1 1 1 1
 1 1 1 1 1
 1 1 1 1 1
 1 1 1 1 1
 1 1 1 1 1
 1 1 1 1 1
 1 1 1 1 1
 1 1 1 1 1
 1 1 1 1 1
 1 1 1 1 1
 1 1 1 1 1
 1 1 1 1 1
 1 1 1 1 1
 1 1 1 1 1
 1 1 1 1 1
 1 1 1 1 1
 1 1 1 1 1
 1 1 1 1 1
Sel_pelaces
 0.955794 1 1 1 1
 0.955794 1 1 1 1
 0.955794 1 1 1 1
 0.955794 1 1 1 1
 0.955794 1 1 1 1
 0.955794 1 1 1 1
 0.955794 1 1 1 1
 0.955794 1 1 1 1
 0.955794 1 1 1 1
 0.955794 1 1 1 1
 0.955794 1 1 1 1
 0.955794 1 1 1 1
 0.955794 1 1 1 1
 0.955794 1 1 1 1
 0.955794 1 1 1 1
 0.955794 1 1 1 1
 0.955794 1 1 1 1
 0.955794 1 1 1 1
 0.955794 1 1 1 1
 0.955794 1 1 1 1
 0.955794 1 1 1 1
 0.955794 1 1 1 1
 0.955794 1 1 1 1
 0.955794 1 1 1 1
 0.955794 1 1 1 1
 0.955794 1 1 1 1
 0.955794 1 1 1 1
 0.955794 1 1 1 1
 0.955794 1 1 1 1
 0.955794 1 1 1 1
 0.955794 1 1 1 1
pf_obs 
 0.8446 0.082 0.0669 0.0065 0
 0.8095 0.147 0.0364 0.0071 0
 0.9664 0.0169 0.016 0.0007 0
 0.9276 0.0648 0.0075 0.0001 0
 0.7033 0.2144 0.0806 0.0017 0
 0.9318 0.0425 0.0243 0.0014 0
 0.5671 0.3108 0.0964 0.0239 0.0018
 0.0768 0.2599 0.5324 0.112 0.0189
 0.490249 0.384438 0.106611 0.0170017 0.00170017
 0.7925 0.1577 0.0466 0.003 0.0002
 0.840416 0.127587 0.0312969 0.00059994 9.999e-05
 0.8084 0.0986 0.0794 0.0134 0.0002
 0.7335 0.1905 0.0724 0.0035 0.0001
 0.4001 0.4547 0.1325 0.0127 0
 0.49795 0.308269 0.164784 0.0264974 0.00249975
 0.9179 0.0499 0.0305 0.0017 0
 0.2467 0.6533 0.0926 0.0074 0
 0.9418 0.0223 0.034 0.0019 0
 0.707729 0.231977 0.0356964 0.0245975 0
 0.517169 0.277429 0.184464 0.0207286 0.00020938
 0.811772 0.124168 0.05621 0.00726502 0.000585176
 0.764997 0.148141 0.077277 0.00933861 0.000247198
 0.163321 0.427699 0.378323 0.0303852 0.000271297
 0.753843 0.0900009 0.118128 0.0371064 0.000921714
 0.721811 0.176058 0.0630433 0.0369309 0.00215725
 0.143369 0.312575 0.442814 0.0836902 0.0175525
 0.692698 0.0596174 0.167031 0.0765114 0.00414204
 0.394062 0.376323 0.152708 0.0712218 0.00568511
 0.125707 0.32114 0.495352 0.0537591 0.00404204
 0.23352 0.215282 0.420074 0.123614 0.00750983
 0.774587 0.0839891 0.0768558 0.0609784 0.00358967
pf_pred 
 0.477571 0.137652 0.360671 0.0241057 8.69074e-07
 0.423172 0.326292 0.0670792 0.171976 0.0114812
 0.579805 0.217103 0.116117 0.0233088 0.0636668
 0.733098 0.178316 0.0463088 0.0241849 0.0180915
 0.657168 0.275807 0.0451751 0.0114297 0.0104195
 0.75413 0.179252 0.053822 0.00862783 0.00416798
 0.463319 0.437987 0.0724153 0.0212367 0.00504241
 0.455623 0.311751 0.190866 0.0306531 0.0111064
 0.54589 0.245063 0.120799 0.0724215 0.0158271
 0.726222 0.176207 0.0532979 0.0255982 0.0186744
 0.833877 0.133604 0.0211469 0.00621655 0.00515582
 0.747379 0.22119 0.0253852 0.00393295 0.00211258
 0.693675 0.250682 0.0488882 0.00545755 0.00129777
 0.64362 0.276057 0.0660564 0.012536 0.00172967
 0.756344 0.182431 0.0477837 0.0110579 0.00238379
 0.941218 0.0487195 0.00758951 0.00193069 0.000542253
 0.373217 0.601854 0.0207567 0.00314772 0.00102416
 0.910055 0.0416534 0.0464154 0.0015626 0.000313657
 0.58385 0.389806 0.0123574 0.0134445 0.000542772
 0.614988 0.26007 0.117228 0.00362141 0.00409339
 0.737396 0.184638 0.0530973 0.0233351 0.00153356
 0.748631 0.201965 0.0349872 0.0098226 0.00459461
 0.312806 0.559777 0.102885 0.0173796 0.00715182
 0.74104 0.101943 0.128444 0.0230769 0.00549553
 0.622973 0.30308 0.0295098 0.0363593 0.00807836
 0.425255 0.402851 0.1388 0.0132163 0.019878
 0.728362 0.138719 0.0937755 0.0316152 0.00752902
 0.683069 0.251305 0.0338854 0.022401 0.00933949
 0.340005 0.496554 0.130195 0.0171759 0.0160697
 0.411684 0.247277 0.257968 0.0661897 0.0168817
 0.82469 0.0880396 0.0371742 0.0379054 0.0121913
pobs_RECLAS
 0 0 0 0 0
 0 0 0 0 0
 0 0 0 0 0
 0 0 0 0 0
 0 0 0 0 0
 0 0 0 0 0
 0 0 0 0 0
 0 0 0 0 0
 0 0 0 0 0
 0 0 0 0 0
 0.991045 0.00858322 0.000360255 1.14367e-05 0
 0.934742 0.0480273 0.0164251 0.00080598 0
 0.827803 0.169806 0.00239088 0 0
 0.941827 0.0461693 0.0120037 0 0
 0.791401 0.0380133 0.147996 0.0225897 0
 0.846168 0.0940531 0.0597789 0 0
 0.134021 0.677848 0.182769 0.00536245 0
 0.80878 0.0450904 0.141981 0.00414843 0
 0.846168 0.0940531 0.0597789 0 0
 0.905697 0.0802665 0.012482 0.00150086 5.37128e-05
 0.989698 0.0102097 9.19794e-05 0 0
 0.975433 0.0193895 0.00387452 0.00125025 5.28907e-05
 0.303575 0.632131 0.0575291 0.00676475 0
 0.966965 0.00978017 0.0227588 0.000495775 0
 0.843318 0.132988 0.00938335 0.0141283 0.000182051
 0.564624 0.303363 0.111486 0.0197234 0.00080311
 0.826376 0.0876187 0.0782897 0.00655872 0.00115652
 0.89761 0.0855135 0.0140674 0.00269457 0.000114338
 0.34875 0.467042 0.161289 0.0227151 0.000203297
 0.318654 0.224769 0.449479 0.00709798 0
 0.937255 0.0296025 0.0250945 0.00804832 0
ppred_RECLAS
 0.563177 0.116865 0.299934 0.0200242 7.21883e-07
 0.508413 0.280719 0.0565047 0.144703 0.00965989
 0.66062 0.177177 0.0927844 0.0186043 0.0508137
 0.795513 0.137621 0.0349747 0.0182446 0.013647
 0.727677 0.219978 0.035294 0.00891985 0.00813104
 0.811427 0.138267 0.0406522 0.00650938 0.0031444
 0.551737 0.367348 0.0593886 0.0173956 0.00413014
 0.5393 0.266167 0.159643 0.0256107 0.00927885
 0.630397 0.201482 0.0971966 0.0582047 0.0127194
 0.791206 0.135473 0.0400738 0.019224 0.0140235
 0.874894 0.101027 0.0156645 0.00459982 0.00381474
 0.807315 0.169175 0.0189929 0.00293913 0.00157866
 0.762189 0.195386 0.0372802 0.00415687 0.000988415
 0.723565 0.215277 0.0503076 0.0095352 0.00131554
 0.815893 0.138626 0.0355049 0.00820658 0.00176901
 0.95771 0.0351823 0.00536237 0.00136254 0.00038266
 0.45441 0.524331 0.0177042 0.00268179 0.000872507
 0.934603 0.0306298 0.0334182 0.00112378 0.00022556
 0.663658 0.315488 0.00978807 0.0106369 0.000429399
 0.692843 0.208923 0.0921749 0.00284422 0.00321471
 0.797886 0.143011 0.0402658 0.0176761 0.00116158
 0.807445 0.155368 0.0263444 0.00738772 0.00345546
 0.388884 0.499741 0.0899519 0.0151779 0.00624546
 0.801266 0.0792337 0.0977746 0.0175471 0.00417844
 0.697722 0.244009 0.0232689 0.0286381 0.00636248
 0.508406 0.346715 0.117012 0.0111293 0.0167382
 0.790306 0.108193 0.0716332 0.0241235 0.00574456
 0.750493 0.198708 0.0262437 0.0173301 0.00722491
 0.418311 0.439894 0.112978 0.0148882 0.0139285
 0.496643 0.21417 0.218806 0.0560791 0.0143021
 0.868896 0.066548 0.0275165 0.0280264 0.00901348
pobs_PELACES
 0 0 0 0 0
 0 0 0 0 0
 0 0 0 0 0
 0 0 0 0 0
 0 0 0 0 0
 0 0 0 0 0
 0 0 0 0 0
 0 0 0 0 0
 0 0 0 0 0
 0 0 0 0 0
 0 0 0 0 0
 0 0 0 0 0
 0 0 0 0 0
 0 0 0 0 0
 0 0 0 0 0
 0 0 0 0 0
 0.505614 0.472636 0.0217494 0 0
 0 0 0 0 0
 0.443492 0.261883 0.143347 0.151278 0
 0.227955 0.32914 0.350689 0.0885471 0.00366901
 0.970185 0.0296113 0.000203453 0 0
 0.997202 0.00247181 0.000326279 0 0
 0.445219 0.490057 0.0546422 0.010081 0
 0.90214 0.0892962 0.00764917 0.000914606 0
 0 0 0 0 0
 0.581667 0.319106 0.0959925 0.00289975 0.000334073
 0.762889 0.0836404 0.116647 0.0363945 0.000428098
 0.88444 0.0763242 0.0277011 0.0115352 0
 0.521256 0.241999 0.230069 0.00667565 0
 0.616807 0.101726 0.260614 0.0208532 0
 0.833518 0.0704572 0.0857862 0.0102388 0
ppred_PELACES
 0.556631 0.118731 0.304322 0.0203158 7.32392e-07
 0.505521 0.282675 0.0567611 0.14534 0.00970238
 0.657899 0.178805 0.093415 0.0187284 0.0511522
 0.796246 0.137293 0.0347659 0.0181321 0.0135628
 0.721927 0.224675 0.0360045 0.00909883 0.00829417
 0.809128 0.140036 0.0410816 0.00657736 0.00317722
 0.557608 0.362872 0.0583694 0.0170924 0.0040581
 0.531036 0.271042 0.162427 0.026056 0.00944017
 0.631023 0.201463 0.0968538 0.0579887 0.012672
 0.794641 0.133473 0.039294 0.0188451 0.0137469
 0.871493 0.103795 0.0160766 0.00472057 0.00391487
 0.809354 0.167473 0.0187213 0.00289643 0.0015557
 0.763929 0.194096 0.0368857 0.00411199 0.000977733
 0.733494 0.207867 0.0482387 0.00913965 0.00126094
 0.819442 0.136125 0.0346894 0.00801591 0.00172789
 0.958055 0.0349189 0.00530129 0.00134674 0.000378217
 0.451787 0.526905 0.0177456 0.00268769 0.00087442
 0.933917 0.0309911 0.0337303 0.00113413 0.000227635
 0.6639 0.315329 0.00974973 0.0105933 0.000427635
 0.692541 0.209342 0.0920668 0.0028404 0.00321037
 0.796109 0.144374 0.0405489 0.0177979 0.00116958
 0.807069 0.155767 0.0263295 0.0073823 0.0034529
 0.384197 0.503746 0.090504 0.0152695 0.00628313
 0.797756 0.0807143 0.0994368 0.0178439 0.00424907
 0.692911 0.247973 0.023608 0.0290529 0.00645462
 0.501669 0.351605 0.118505 0.0112705 0.0169505
 0.78662 0.110184 0.072831 0.0245246 0.00584007
 0.745574 0.202685 0.0267317 0.017651 0.00735866
 0.411577 0.445126 0.114177 0.0150451 0.0140752
 0.49204 0.216368 0.220631 0.056541 0.0144198
 0.867003 0.067579 0.0278855 0.0283991 0.00913329
pobs_pel_tallas
 0 0 0 0 0 0 0 0 0 0 0 0 0 0 0 0 0 0 0 0 0 0 0 0 0 0
 0 0 0 0 0 0 0 0 0 0 0 0 0 0 0 0 0 0 0 0 0 0 0 0 0 0
 0 0 0 0 0 0 0 0 0 0 0 0 0 0 0 0 0 0 0 0 0 0 0 0 0 0
 0 0 0 0 0 0 0 0 0 0 0 0 0 0 0 0 0 0 0 0 0 0 0 0 0 0
 0 0 0 0 0 0 0 0 0 0 0 0 0 0 0 0 0 0 0 0 0 0 0 0 0 0
 0 0 0 0 0 0 0 0 0 0 0 0 0 0 0 0 0 0 0 0 0 0 0 0 0 0
 0 0 0 0 0 0 0 0 0 0 0 0 0 0 0 0 0 0 0 0 0 0 0 0 0 0
 0 0 0 0 0 0 0 0 0 0 0 0 0 0 0 0 0 0 0 0 0 0 0 0 0 0
 0 0 0 0 0 0 0 0 0 0 0 0 0 0 0 0 0 0 0 0 0 0 0 0 0 0
 0 0 0 0 0 0 0 0 0 0 0 0 0 0 0 0 0 0 0 0 0 0 0 0 0 0
 0 0 0 0 0 0 0 0 0 0 0 0 0 0 0 0 0 0 0 0 0 0 0 0 0 0
 0 0 0 0 0 0 0 0 0 0 0 0 0 0 0 0 0 0 0 0 0 0 0 0 0 0
 0.00862536 0 0 0.000197151 0.00414017 0.0128641 0.00837892 0.0270097 0.101434 0.158115 0.152841 0.127902 0.109271 0.109419 0.0830992 0.0579132 0.0238553 0.00714673 0.00463305 0.00128148 0.00103504 0.000492878 0.000147863 0.000147863 4.92878e-05 0
 0 0 0 0 0 0 0 0 0 0 0 0 0 0 0 0 0 0 0 0 0 0 0 0 0 0
 0 0 0 0 0 0 0 0.0054083 0.00873648 0.0413646 0.0450493 0.0745869 0.0622846 0.0627006 0.0613931 0.0827291 0.12552 0.122667 0.0946155 0.0697135 0.0546179 0.0294188 0.0215738 0.0213955 0.0102223 0.00600262
 0 0 0 0 0.00359764 0.0251062 0.0480494 0.140153 0.205849 0.193036 0.1447 0.116669 0.0760912 0.0342217 0.00950174 0.001854 0.000860785 0 0 0 0.000165536 0 0.000143464 0 0 0
 0 0 0 0 0 0 0 0.000145254 0.000435761 0.0275982 0.070085 0.0708112 0.156366 0.174668 0.174014 0.160142 0.0824315 0.0480064 0.0283245 0.00493863 0.00203355 0 0 0 0 0
 0 0 0 0 0 0 0 0 0 0 0 0 0 0 0 0 0 0 0 0 0 0 0 0 0 0
 0 0 1.00437e-05 0.000401748 0.00122533 0.00171747 0.00176769 0.0269171 0.070346 0.194647 0.189555 0.159765 0.064822 0.0314167 0.0384472 0.0292271 0.0345202 0.0313363 0.0194345 0.0106764 0.0143323 0.0359363 0.0279516 0.0138201 0.00172751 0
 0 0.0021121 0.0136068 0.0755702 0.200478 0.177729 0.0527432 0.0373336 0.0318909 0.0142505 0.0149659 0.0166563 0.0217959 0.0798694 0.0677717 0.0528807 0.04013 0.0224614 0.0357745 0.0225083 0.00881397 0.00855152 0.00135912 0.000746735 0 0
 0 0 0 0 5.4009e-05 0.00500934 0.000945158 0.0243581 0.138947 0.33067 0.221406 0.137944 0.0707744 0.0437923 0.0131692 0.00525238 0.0047753 0.00276346 9.45158e-05 9.00151e-06 2.25038e-05 9.00151e-06 4.50075e-06 0 0 0
 0.000866109 0.00284123 0.00948549 0.0512746 0.133035 0.25785 0.225252 0.132002 0.0553304 0.0519788 0.0540692 0.017754 0.00435017 0.00159236 0.00146478 0.000404838 0.000125132 0.000115318 0.000107957 0.000100596 0 0 0 0 0 0
 0 0 0 0 0.00144013 0.00171154 0.00461396 0.0210425 0.0478622 0.0707936 0.0888783 0.103762 0.0637923 0.0337046 0.0602308 0.124433 0.169614 0.0934646 0.0462172 0.0250306 0.0313229 0.00938855 0.002487 0.000210481 0 0
 0 0.00764035 0.051015 0.0998891 0.058973 0.0496711 0.0374665 0.0718981 0.12319 0.153886 0.159021 0.0857701 0.0377988 0.023471 0.0147837 0.00900784 0.00315554 0.000888139 0.00291439 0.00214683 0.00393193 0.00274676 0.000635225 9.99891e-05 0 0
 0 0 0 0 0 0 0 0 0 0 0 0 0 0 0 0 0 0 0 0 0 0 0 0 0 0
 0 0 0 0 0 0 0 0 0 0 0 0 0 0 0 0 0 0 0 0 0 0 0 0 0 0
 0 0 0 0 0 0 0 0 0 0 0 0 0 0 0 0 0 0 0 0 0 0 0 0 0 0
 0 0 0 0 0 0 0 0 0 0 0 0 0 0 0 0 0 0 0 0 0 0 0 0 0 0
 0 0 0 0 0 0 0 0 0 0 0 0 0 0 0 0 0 0 0 0 0 0 0 0 0 0
 0 0 0 0 0 0 0 0 0 0 0 0 0 0 0 0 0 0 0 0 0 0 0 0 0 0
 0 0 0 0 0 0 0 0 0 0 0 0 0 0 0 0 0 0 0 0 0 0 0 0 0 0
ppred_pel_tallas
 1.1085e-16 4.5849e-05 0.000445668 0.00296162 0.0134631 0.0418888 0.089249 0.130264 0.130276 0.0893073 0.0420859 0.0140382 0.00442674 0.00371523 0.00646357 0.0111548 0.017323 0.0243981 0.031731 0.0388669 0.0455342 0.0512909 0.0552217 0.0561284 0.0531824 0.0465377
 1.17928e-16 4.16392e-05 0.000404748 0.00268969 0.012227 0.0380428 0.0810551 0.118308 0.118335 0.0811887 0.0384914 0.0135239 0.00594952 0.00753644 0.013634 0.0226077 0.0329 0.0421401 0.0480035 0.0495852 0.0479921 0.0455551 0.0442546 0.0445764 0.0455124 0.0454446
 1.13277e-16 5.41903e-05 0.000526749 0.00350044 0.0159125 0.0495097 0.105486 0.153964 0.153981 0.105571 0.049795 0.016738 0.00557856 0.00508343 0.00876803 0.0145687 0.0213615 0.027679 0.032073 0.0339227 0.0337851 0.0329231 0.0323947 0.0324365 0.0325201 0.031866
 1.05153e-16 6.55857e-05 0.000637517 0.00423652 0.0192586 0.0599208 0.127668 0.186338 0.186351 0.127733 0.0601386 0.019888 0.00581797 0.00409527 0.0066489 0.0109324 0.0158491 0.0201644 0.0226745 0.0228491 0.0211451 0.0186711 0.0164749 0.0150127 0.0141139 0.0133143
 1.03413e-16 5.94642e-05 0.000578014 0.0038411 0.0174611 0.0543281 0.115753 0.168949 0.168971 0.115858 0.0546836 0.0184879 0.00641896 0.00620697 0.0107543 0.0176968 0.0255159 0.0321498 0.0355389 0.0347392 0.030479 0.0246506 0.0191599 0.0150314 0.0122862 0.0104022
 1.02419e-16 6.66468e-05 0.000647831 0.00430506 0.0195702 0.0608902 0.129734 0.189353 0.189366 0.1298 0.0611124 0.0202123 0.00591841 0.0041752 0.00678167 0.0111475 0.0161486 0.020509 0.022969 0.0229389 0.0208252 0.0177101 0.0146561 0.0121941 0.0102941 0.00867477
 1.04179e-16 4.59295e-05 0.000446451 0.00296683 0.0134868 0.0419626 0.089407 0.130499 0.130534 0.0895779 0.0425366 0.0151451 0.00713011 0.00953708 0.0173171 0.0285727 0.0411953 0.0518885 0.0573182 0.0559437 0.0489213 0.0392892 0.0301185 0.023078 0.0182438 0.0148376
 1.08968e-16 4.37408e-05 0.000425176 0.00282544 0.0128441 0.0399628 0.085146 0.124279 0.124305 0.0852747 0.0403956 0.0140966 0.00597906 0.00734145 0.0132726 0.0221178 0.0324284 0.0419738 0.0484729 0.0508264 0.0496563 0.0466468 0.0432734 0.039995 0.0364139 0.0320047
 1.10807e-16 5.19766e-05 0.000505231 0.00335744 0.0152624 0.0474872 0.101177 0.147675 0.147695 0.101273 0.0478084 0.0161919 0.00569688 0.00563359 0.00985516 0.0163792 0.0239925 0.0310353 0.0358573 0.0377341 0.0372616 0.0358247 0.0345789 0.0337746 0.0328511 0.0310408
 1.05385e-16 6.54535e-05 0.000636232 0.00422798 0.0192198 0.0598 0.127411 0.185962 0.185975 0.127474 0.0600119 0.0198323 0.00576752 0.00400383 0.00648139 0.0106657 0.0154886 0.0197603 0.0223219 0.022662 0.0212153 0.019033 0.0170945 0.0158024 0.0149639 0.0141234
 1.01627e-16 7.17837e-05 0.000697763 0.00463688 0.0210786 0.0655834 0.139733 0.203946 0.203956 0.139782 0.0657476 0.0215529 0.00582765 0.00329781 0.00501154 0.00817636 0.0117834 0.0148443 0.0164055 0.0160317 0.0140619 0.0113733 0.00884857 0.00696129 0.00571822 0.00487262
 1.01137e-16 6.66654e-05 0.000648012 0.00430627 0.0195757 0.0609073 0.12977 0.189406 0.189423 0.129849 0.0611719 0.02034 0.0062243 0.00483366 0.00801174 0.0131283 0.0188787 0.0236834 0.0259791 0.0250427 0.0214182 0.0165481 0.011917 0.00837143 0.00600785 0.00449222
 1.01692e-16 6.29238e-05 0.000611642 0.00406458 0.018477 0.0574889 0.122487 0.178777 0.178796 0.122578 0.0577961 0.0193645 0.00629295 0.00547826 0.00931145 0.0153093 0.0220819 0.0278377 0.030788 0.0300957 0.0263547 0.021159 0.016127 0.0121494 0.00929774 0.0072134
 1.02576e-16 6.04169e-05 0.000587274 0.00390264 0.0177409 0.0551985 0.117607 0.171655 0.171675 0.117705 0.0555279 0.0186925 0.00629269 0.00580948 0.00999214 0.0164593 0.0237878 0.0300868 0.0334631 0.0330312 0.029415 0.0242786 0.019285 0.0153107 0.012372 0.0100635
 1.02133e-16 6.74963e-05 0.000656089 0.00435994 0.0198197 0.0616664 0.131387 0.191766 0.191779 0.131451 0.0618822 0.0204432 0.00592644 0.00407983 0.00658172 0.0108053 0.0156317 0.0198097 0.0221076 0.0219521 0.0197501 0.0165773 0.0134974 0.0110521 0.00922273 0.00772649
 1.00362e-16 7.89137e-05 0.000767069 0.00509745 0.0231723 0.0720975 0.153611 0.224201 0.224204 0.153628 0.0721527 0.0233318 0.00549793 0.00164144 0.00173982 0.00275217 0.00395878 0.00498194 0.00549525 0.00534955 0.00465633 0.00370949 0.00280741 0.00211421 0.00164034 0.00131269
 1.01065e-16 3.72132e-05 0.000361726 0.0024038 0.0109273 0.0339993 0.0724409 0.10574 0.105791 0.0726886 0.0348305 0.0133271 0.00842285 0.0134861 0.024918 0.0410177 0.0588068 0.0733668 0.0797104 0.0755371 0.062635 0.0457418 0.029816 0.01781 0.0102096 0.00597404
 1.01134e-16 7.69255e-05 0.000747743 0.00496902 0.0225884 0.070281 0.149741 0.218552 0.218555 0.149756 0.070331 0.0227333 0.00533479 0.00155336 0.0016278 0.00262348 0.00389722 0.00516051 0.00616557 0.00678174 0.00703939 0.00705313 0.00689637 0.00654577 0.00593537 0.00505309
 1.01497e-16 5.46847e-05 0.000531554 0.00353237 0.0160576 0.0499615 0.106449 0.155372 0.155403 0.106598 0.050459 0.0174939 0.00713502 0.00838757 0.0149495 0.0245624 0.035225 0.0439781 0.0478502 0.0454835 0.0379644 0.028133 0.0189396 0.012107 0.00786098 0.00551176
 1.03539e-16 5.70437e-05 0.000554485 0.00368475 0.0167504 0.0521167 0.111041 0.162072 0.162092 0.11114 0.0524497 0.0177134 0.00610675 0.00585665 0.0101703 0.016836 0.0245078 0.0313567 0.0355316 0.0361349 0.0336871 0.0296484 0.0254228 0.021668 0.0183212 0.0150812
 1.0319e-16 6.55745e-05 0.000637407 0.0042358 0.0192553 0.0599105 0.127646 0.186306 0.18632 0.127714 0.0601396 0.0199174 0.00589939 0.00427499 0.00699159 0.0115012 0.0166716 0.0211987 0.0237983 0.0238809 0.0218827 0.0189252 0.0160879 0.0138742 0.0121888 0.0106754
 1.02125e-16 6.64772e-05 0.000646182 0.00429411 0.0195204 0.0607353 0.129404 0.188871 0.188886 0.129477 0.0609818 0.0202324 0.00608179 0.00455003 0.00748453 0.0122786 0.0177062 0.022319 0.0246877 0.0241551 0.0212188 0.0171796 0.0133474 0.0104255 0.00843178 0.00701899
 1.05336e-16 3.16459e-05 0.000307609 0.00204418 0.00929255 0.0289128 0.0616037 0.0899225 0.0899711 0.0618411 0.02971 0.0115955 0.00782635 0.0129348 0.0240264 0.0397054 0.0572746 0.0721903 0.0798252 0.0780248 0.0683599 0.055001 0.0421706 0.0321748 0.0251533 0.0200998
 1.05399e-16 6.57101e-05 0.000638726 0.00424456 0.0192951 0.0600344 0.12791 0.18669 0.186698 0.127949 0.060165 0.0196742 0.00520289 0.00275359 0.0041492 0.00693061 0.0103867 0.0139182 0.0169387 0.0191491 0.0206346 0.0216433 0.0222517 0.0222378 0.0212635 0.0191757
 1.04751e-16 5.70742e-05 0.000554782 0.00368672 0.0167593 0.0521446 0.1111 0.162159 0.162183 0.111217 0.0525365 0.0178913 0.00652777 0.00675591 0.011832 0.0194663 0.0280316 0.035252 0.0388623 0.0378534 0.0330914 0.0267424 0.020968 0.0168966 0.0144682 0.0129615
 1.07509e-16 4.13219e-05 0.000401664 0.0026692 0.0121338 0.037753 0.0804379 0.117409 0.117443 0.0806041 0.0383112 0.0137477 0.0067255 0.00927398 0.0169424 0.0280769 0.0407523 0.0518958 0.0583798 0.0587345 0.0539584 0.0467074 0.0395612 0.0337641 0.0291819 0.0250947
 1.05578e-16 6.47929e-05 0.00062981 0.00418531 0.0190258 0.0591964 0.126125 0.184085 0.184096 0.126177 0.0593727 0.0195362 0.00547115 0.00345267 0.00547272 0.00906814 0.0133469 0.0173972 0.0203284 0.0217279 0.0218603 0.0213808 0.0208087 0.0202077 0.0192802 0.0177044
 1.03839e-16 6.1412e-05 0.000596946 0.00396692 0.018033 0.0561076 0.119544 0.174482 0.174501 0.119639 0.0564281 0.018959 0.00629129 0.00567176 0.00970171 0.0159487 0.0229877 0.0289546 0.0319997 0.0312908 0.0275136 0.0224043 0.0176963 0.0142956 0.0121662 0.0107582
 1.073e-16 3.39012e-05 0.000329531 0.00218985 0.00995479 0.0309733 0.0659934 0.0963283 0.0963713 0.0662035 0.0316789 0.0119938 0.00731196 0.0115241 0.0213324 0.0353125 0.0510972 0.0647397 0.0722182 0.071654 0.0643786 0.0539208 0.0437817 0.0357643 0.0298352 0.0250789
 1.14533e-16 4.05288e-05 0.000393954 0.00261796 0.0119009 0.0370282 0.0788933 0.115152 0.115173 0.0789969 0.0373769 0.0129121 0.00517155 0.0060193 0.0108738 0.018305 0.0272865 0.0362517 0.0435909 0.0485244 0.0514108 0.053152 0.0542338 0.0542726 0.0523974 0.0480255
 1.05216e-16 7.14139e-05 0.000694169 0.00461299 0.02097 0.0652455 0.139013 0.202894 0.202901 0.139045 0.0653532 0.0212816 0.0053972 0.00241311 0.00335713 0.00549407 0.00804614 0.0104221 0.0120831 0.0128158 0.0128576 0.012706 0.0127557 0.0130534 0.013324 0.0131928
pSPR Fmed_Fpbrs
0.544068   0.233483 0.233483
Fs Fmed_Fpbrs
0.360501   1.005 1.005
SSBpbr Bo_Bmed_Bpbrs
1.52906e+06  755459  280556 280556
Ro
141063
SPR SPRFo_SPRFmed_SPRFpbrs
1.00831e+06 548587 235422
Fref
1.005
Nvult_r0
 158642 13097.3 5444.96 5547.48 1784.13
CTP_r0
 28547.1 3047.54 1286.81 1312.12 422.01
YTP_r0
391297
Np
 181631 66509.2 4884.83 2013.53 2603.86
Nvult_p0
 148839 57360 4226.28 1742.37 2253.22
CTP_p0
 61890.3 28444 2117.21 873.33 1129.42
YTP_p0
 1.0376e+06
CBA_c0
585186
log_Ro
11.677
likeval ReclasPelacesDesembMPH_pf_preclas_ppelaces_ptallas_desvR_qrecl_qpela
 12.7379 17.0351 0.0388697 0.000819612 241.283 117.284 99.151 0 24.0158 2.73071e-06 1.14826e-05 0.196195 0 0 0
q_reclas_q_pelaces
1.26385 1.61946
M
1
N
 172789 36829 94709.9 6323.71 0.227974
 95238.1 55245.1 11160.9 28587.4 1908.42
 96125.5 27059 14221.3 2852.08 7789.92
 147409 27446.7 7013.4 3659.61 2737.44
 119120 36902 5931.45 1499.2 1366.63
 216299 38551.9 11372.6 1821.35 879.823
 85194.9 62884.1 10244.5 3001.96 712.754
 36362.7 18265.3 10969.6 1759.92 637.627
 35581.6 12198.7 5915.5 3543.4 774.343
 48023.1 9065.62 2701.17 1296.3 945.639
 89810.3 10597.7 1645.84 483.336 400.844
 128957 29498.5 3333.35 516.013 277.165
 107745 29980.4 5755.28 641.942 152.643
 75223.9 25801.4 6093.46 1155.6 159.439
 69795.8 13141 3391.42 784.211 169.048
 376737 14999 2299.78 584.548 164.169
 74807.9 90954.3 3083.05 467.111 151.974
 607610 20926.3 22915.6 770.755 154.704
 338157 172377 5375.82 5843.65 235.905
 268253 86306.4 38261.2 1180.92 1334.77
 372733 70285.4 19864.1 8721.8 573.159
 512503 105124 17909.7 5023.67 2349.76
 101069 134916 24353 4109.8 1691.13
 297855 30466.2 37689.8 6764.92 1610.92
 253821 91800.1 8776 10802.5 2399.99
 111762 78309.8 26481.7 2519.03 3788.55
 251973 35680.5 23682.9 7976.63 1899.5
 285083 77664.2 10279 6788.55 2830.15
 83694.4 90331.5 23244.7 3063.49 2866.03
 59930.7 26869.9 27531 7057.19 1799.84
 225152 17982.1 7458.49 7597.97 2443.58
pred_Ctot
 14461.4 4168.27 10921.6 729.95 0.0263166
 13998.2 10793.5 2218.93 5688.83 379.79
 13885.2 5199.2 2780.77 558.201 1524.7
 30715.5 7471.13 1940.26 1013.3 757.999
 9150.25 3840.28 629.007 159.144 145.079
 29229.2 6947.62 2086.08 334.405 161.546
 23467 22183.9 3667.82 1075.63 255.397
 2040.03 1395.85 854.595 137.248 49.7283
 7123.62 3197.97 1576.37 945.069 206.537
 12657.5 3071.17 928.944 446.158 325.482
 6140.85 983.886 155.731 45.78 37.9686
 31134.7 9214.46 1057.51 163.841 88.0072
 24614 8895.06 1734.72 193.653 46.0494
 26499.8 11366.1 2719.74 516.146 71.2157
 19158.7 4621.09 1210.39 280.104 60.383
 84695.6 4384.03 682.942 173.733 48.7947
 11585.6 18683 644.339 97.713 31.7923
 89768.2 4108.71 4578.43 154.136 30.9393
 67426.4 45017.1 1427.11 1552.65 62.6825
 50160.8 21212.3 9561.57 295.377 333.873
 56181.9 14067.5 4045.46 1777.89 116.841
 94678 25542.1 4424.77 1242.25 581.072
 11726.9 20985.8 3857.13 651.551 268.118
 30986.2 4262.71 5370.84 964.946 229.793
 26261.1 12776.2 1243.97 1532.71 340.539
 9446.78 8949.08 3083.36 293.591 441.577
 26203.5 4990.53 3373.67 1137.39 270.864
 25298.3 9307.38 1254.98 829.648 345.899
 6810.14 9945.75 2607.75 344.026 321.869
 7102.06 4265.83 4450.27 1141.85 291.23
 28547.1 3047.54 1286.81 1312.12 422.01
F
 0.14029 0.193874 0.197851 0.198065 0.198076
 0.25836 0.35704 0.364365 0.364758 0.364779
 0.253409 0.350199 0.357383 0.357769 0.35779
 0.384946 0.531976 0.54289 0.543477 0.543508
 0.128123 0.17706 0.180692 0.180888 0.180898
 0.235368 0.325266 0.331939 0.332298 0.332317
 0.539936 0.746165 0.761472 0.762295 0.762339
 0.0922096 0.127429 0.130043 0.130184 0.130191
 0.367341 0.507646 0.518061 0.518621 0.51865
 0.511046 0.70624 0.720729 0.721508 0.721549
 0.11336 0.156658 0.159872 0.160045 0.160054
 0.458933 0.634222 0.647233 0.647933 0.64797
 0.42934 0.593326 0.605499 0.606153 0.606187
 0.744731 1.02918 1.05029 1.05143 1.05149
 0.537591 0.742924 0.758165 0.758984 0.759028
 0.421189 0.582062 0.594003 0.594645 0.594679
 0.273916 0.378539 0.386304 0.386722 0.386744
 0.259848 0.359097 0.366464 0.36686 0.366881
 0.365606 0.505249 0.515614 0.516171 0.516201
 0.339367 0.468988 0.47861 0.479127 0.479154
 0.265726 0.36722 0.374754 0.375159 0.37518
 0.334658 0.46248 0.471968 0.472478 0.472505
 0.199182 0.27526 0.280907 0.28121 0.281226
 0.176994 0.244597 0.249615 0.249885 0.249899
 0.175954 0.24316 0.248149 0.248417 0.248431
 0.141769 0.195918 0.199937 0.200153 0.200164
 0.176925 0.244502 0.249518 0.249788 0.249802
 0.149294 0.206317 0.210549 0.210777 0.210789
 0.136164 0.188172 0.192032 0.192239 0.19225
 0.20381 0.281655 0.287433 0.287744 0.28776
 0.219433 0.303245 0.309466 0.3098 0.309818
YTP_r0W_actual
 242651 49674.9 37188.8 45661.7 16120.8
YTP_p0W_proyectada
 465415 458517 49500.3 25763.2 38400.2
CTP_r0_actual
 28547.1 3047.54 1286.81 1312.12 422.01
CTP_p0_proyectada
 61890.3 28444 2117.21 873.33 1129.42
Wmedp
 7.52 16.12 23.38 29.5 34
Frms_r0
 0.219433 0.303245 0.309466 0.3098 0.309818
Zrms_r0
 1.21943 1.30324 1.30947 1.3098 1.30982
nmprior
 8.19 8.8 8.5 0
nm_flota  nm_reclas  nm_pelaces    nm_pelaL
inf 13.5292 19.1923 46.5657
cv_recla  cv_pelaces  cv_mph
0.322831 0.467999 0.883506
 ------------------------------------------------
Talla a la edad & desviaci?n 
 8 13.2811 15.8009 17.003 17.5766
 0.8 1.32811 1.58009 1.7003 1.75766
