    unsorted:	 2.387328010e-06 2.197660251e-06 -9.759941578e-06 6.075644836e-05 4.967032521e-05 9.212354796e-05 0.001099993057 13.62296165 64.50613028 144.0077515 167.5920947 233.9809415 256.6860080 312.8397832 510.7915109 596.0953996 755.4379273 818.5899723 853.5052032 924.4790429 1033.621980 1082.366532 1185.496327 1146.494157 1382.602159 1413.478743 1764.571124 1871.201371 1972.321306 2002.312186 2239.396599 2331.755294 2516.391477 2540.008401 2600.424982 2798.331930 3098.687216 3145.848051 3228.422511 3781.733386 3985.189323 4329.912042 6216.936013 9672.403413 40210.65310 158310.4991 394865.1910 390784.5240 401808.2146 379523.0694 369777.6194 345849.6373 437088.3238 445139.7990 458867.2558 460486.2971 297754.8368 560003.8352 597295.1539 618003.7635 664598.0214 681814.6715 895440.1659 946049.7147 1086358.560 1146269.531 1335433.594 1446917.064 1614593.688 1741897.343 2338874.473 2407654.875 2561231.903 2726277.592 2821445.021 3172358.647 4258107.158
      sorted:	 -9.759941578e-06 2.197660251e-06 2.387328010e-06 4.967032521e-05 6.075644836e-05 9.212354796e-05 0.001099993057 13.62296165 64.50613028 144.0077515 167.5920947 233.9809415 256.6860080 312.8397832 510.7915109 596.0953996 755.4379273 818.5899723 853.5052032 924.4790429 1033.621980 1082.366532 1146.494157 1185.496327 1382.602159 1413.478743 1764.571124 1871.201371 1972.321306 2002.312186 2239.396599 2331.755294 2516.391477 2540.008401 2600.424982 2798.331930 3098.687216 3145.848051 3228.422511 3781.733386 3985.189323 4329.912042 6216.936013 9672.403413 40210.65310 158310.4991 297754.8368 345849.6373 369777.6194 379523.0694 390784.5240 394865.1910 401808.2146 437088.3238 445139.7990 458867.2558 460486.2971 560003.8352 597295.1539 618003.7635 664598.0214 681814.6715 895440.1659 946049.7147 1086358.560 1146269.531 1335433.594 1446917.064 1614593.688 1741897.343 2338874.473 2407654.875 2561231.903 2726277.592 2821445.021 3172358.647 4258107.158
