years
 1991 1992 1993 1994 1995 1996 1997 1998 1999 2000 2001 2002 2003 2004 2005 2006 2007 2008 2009 2010 2011 2012 2013 2014 2015 2016 2017 2018 2019 2020 2021
reclasobs
 0 0 0 0 0 0 0 0 0 252601 567819 844713 477998 351125 339783 2.1784e+06 2.13404e+06 4.81314e+06 1.55562e+06 2.62356e+06 3.21686e+06 3.843e+06 1.13348e+06 3.07943e+06 1.97215e+06 2.03268e+06 2.025e+06 2.42433e+06 2.27542e+06 1.05018e+06 2.36338e+06
reclaspred
 5.65311e+06 3.33889e+06 1.73175e+06 2.37425e+06 3.06979e+06 4.27606e+06 3.21619e+06 2.69823e+06 1.79532e+06 1.19104e+06 871913 909959 868112 725636 760300 1.47887e+06 1.74644e+06 3.09782e+06 2.76623e+06 2.1573e+06 3.77111e+06 3.01834e+06 2.68803e+06 3.73597e+06 3.0142e+06 2.801e+06 3.04355e+06 2.99271e+06 2.81884e+06 1.98056e+06 2.79792e+06
pelacesobs
 0 0 0 0 0 0 0 0 0 0 0 0 0 0 0 552880 188675 0 991730 2.46772e+06 1.41603e+06 1.21717e+06 2.29649e+06 1.80582e+06 0 1.4828e+06 1.56532e+06 1.57751e+06 1.42118e+06 867257 1.10002e+06
pelacespred
 2.71818e+06 1.7967e+06 953784 1.09331e+06 1.37832e+06 2.02976e+06 1.58343e+06 1.43879e+06 999763 640167 487505 409650 414594 372312 402346 647056 738937 1.47748e+06 1.39237e+06 1.01754e+06 1.65595e+06 1.50577e+06 1.29629e+06 1.97164e+06 1.55384e+06 1.41373e+06 1.75617e+06 1.73716e+06 1.30779e+06 1.03713e+06 1.52026e+06
mphobs
 0 0 0 0 0 0 0 0 0 0 0 498337 0 5186 125008 0 168611 109162 213762 579715 649985 157893 87575 83554 0 0 0 0 0 0 0
mphpred
 5.14377e+06 3.52613e+06 1.86967e+06 1.04888e+06 1.97111e+06 2.50534e+06 3.03991e+06 2.17157e+06 1.72083e+06 1.11299e+06 669116 635826 588948 509010 391287 518308 1.19579e+06 1.28694e+06 2.06684e+06 1.65747e+06 1.84968e+06 2.27125e+06 2.10496e+06 1.87233e+06 2.52235e+06 2.102e+06 1.8217e+06 1.86628e+06 2.40791e+06 1.74919e+06 1.23616e+06
desembarqueobs
 494567 514787 250237 358949 120608 361735 552515 73892 212993 205616 52469 317467 293654 387597 252695 516296 358380 742168 942051 627588 828172 859565 418607 520667 417249 300574 415391 372974 316634 284311 391294
desembarquepred
 494572 512273 251845 358953 120608 361747 552600 73893.6 213043 205675 52471.6 317593 293755 387734 252721 516338 358423 742151 942064 627588 828315 859730 418647 520714 417279 300591 415416 372986 316651 284336 391304
Reclutas
 280939 169252 154760 601472 454303 548592 224341 106667 76722.6 89888.4 131416 165123 150943 113467 122715 500066 156049 723114 500605 381846 547322 707965 194264 465584 404064 204740 399285 417647 160935 137500 472172
log_desv_Rt
 0.0929546 -0.413796 -0.503312 0.854196 0.573581 0.762171 -0.132017 -0.875477 -1.20499 -1.04662 -0.666819 -0.438491 -0.528283 -0.813672 -0.735322 0.669556 -0.495014 1.03838 0.670632 0.399834 0.759853 1.01721 -0.275969 0.598107 0.456388 -0.223444 0.444491 0.489451 -0.464184 -0.621561 0.612158
SSB
 5.14377e+06 3.52613e+06 1.86967e+06 1.04888e+06 1.97111e+06 2.50534e+06 3.03991e+06 2.17157e+06 1.72083e+06 1.11299e+06 669116 635826 588948 509010 391287 518308 1.19579e+06 1.28694e+06 2.06684e+06 1.65747e+06 1.84968e+06 2.27125e+06 2.10496e+06 1.87233e+06 2.52235e+06 2.102e+06 1.8217e+06 1.86628e+06 2.40791e+06 1.74919e+06 1.23616e+06
BT
 6.78917e+06 4.72379e+06 2.48923e+06 3.12051e+06 3.46186e+06 5.38886e+06 4.24137e+06 3.55058e+06 2.60686e+06 1.74359e+06 1.2518e+06 1.29465e+06 1.31255e+06 1.35601e+06 1.3018e+06 2.13626e+06 2.08437e+06 4.52364e+06 4.39349e+06 3.05558e+06 4.91877e+06 4.54119e+06 3.51676e+06 5.59112e+06 4.15011e+06 3.73327e+06 4.93292e+06 4.81672e+06 3.35569e+06 2.76932e+06 4.35793e+06
Ftot
 0.0809013 0.14188 0.133958 0.126037 0.0349766 0.073985 0.156938 0.0250086 0.107543 0.155861 0.0525584 0.299475 0.289234 0.442641 0.272088 0.279541 0.181275 0.198105 0.291474 0.250479 0.187976 0.243615 0.139676 0.117563 0.122771 0.0958059 0.116049 0.105301 0.103501 0.129205 0.115443
BD_Bspro_t
 0.987139 0.902131 0.795582 0.738026 0.812749 0.864018 0.855227 0.781533 0.805667 0.767967 0.726399 0.786494 0.659463 0.576118 0.492742 0.55824 0.649506 0.651499 0.697835 0.61811 0.598369 0.642444 0.650958 0.661087 0.749826 0.758614 0.77316 0.797079 0.823656 0.777688 0.744401
BD_Bspro
 2.81504 1.92975 1.02322 0.574022 1.07873 1.37111 1.66366 1.18844 0.941761 0.60911 0.366189 0.34797 0.322315 0.278567 0.214141 0.283655 0.654424 0.704308 1.13113 0.90709 1.01228 1.24299 1.15199 1.02467 1.38041 1.15037 0.996968 1.02136 1.31778 0.957284 0.676515
BD_Bo
 2.01478 1.38116 0.732338 0.410839 0.77207 0.981328 1.19071 0.85059 0.674037 0.435952 0.262089 0.249049 0.230687 0.199376 0.153265 0.203018 0.468385 0.504087 0.80957 0.649222 0.724508 0.889633 0.824499 0.73338 0.987991 0.823342 0.71355 0.731009 0.943162 0.685147 0.484195
BD_Brms
 15.5607 10.6671 5.65606 3.17303 5.96292 7.57907 9.19623 6.56935 5.20578 3.36698 2.02418 1.92348 1.78166 1.53984 1.18371 1.56796 3.61747 3.89321 6.25254 5.01413 5.59558 6.87089 6.36784 5.6641 7.63053 6.3589 5.51095 5.64579 7.28431 5.29159 3.73958
Sel_flota
 0.961377 1 1 1 1
 0.961377 1 1 1 1
 0.961377 1 1 1 1
 0.961377 1 1 1 1
 0.961377 1 1 1 1
 0.961377 1 1 1 1
 0.961377 1 1 1 1
 0.961377 1 1 1 1
 0.961377 1 1 1 1
 0.961377 1 1 1 1
 0.961377 1 1 1 1
 0.961377 1 1 1 1
 0.961377 1 1 1 1
 0.961377 1 1 1 1
 0.961377 1 1 1 1
 0.961377 1 1 1 1
 0.961377 1 1 1 1
 0.961377 1 1 1 1
 0.961377 1 1 1 1
 0.961377 1 1 1 1
 0.961377 1 1 1 1
 0.961377 1 1 1 1
 0.961377 1 1 1 1
 0.961377 1 1 1 1
 0.961377 1 1 1 1
 0.961377 1 1 1 1
 0.961377 1 1 1 1
 0.961377 1 1 1 1
 0.961377 1 1 1 1
 0.961377 1 1 1 1
 0.961377 1 1 1 1
Sel_reclas
 0.773267 1 1 1 1
 0.773267 1 1 1 1
 0.773267 1 1 1 1
 0.773267 1 1 1 1
 0.773267 1 1 1 1
 0.773267 1 1 1 1
 0.773267 1 1 1 1
 0.773267 1 1 1 1
 0.773267 1 1 1 1
 0.773267 1 1 1 1
 0.773267 1 1 1 1
 0.773267 1 1 1 1
 0.773267 1 1 1 1
 0.773267 1 1 1 1
 0.773267 1 1 1 1
 0.773267 1 1 1 1
 0.773267 1 1 1 1
 0.773267 1 1 1 1
 0.773267 1 1 1 1
 0.773267 1 1 1 1
 0.773267 1 1 1 1
 0.773267 1 1 1 1
 0.773267 1 1 1 1
 0.773267 1 1 1 1
 0.773267 1 1 1 1
 0.773267 1 1 1 1
 0.773267 1 1 1 1
 0.773267 1 1 1 1
 0.773267 1 1 1 1
 0.773267 1 1 1 1
 0.773267 1 1 1 1
Sel_pelaces
 0.816116 1 1 1 1
 0.816116 1 1 1 1
 0.816116 1 1 1 1
 0.816116 1 1 1 1
 0.816116 1 1 1 1
 0.816116 1 1 1 1
 0.816116 1 1 1 1
 0.816116 1 1 1 1
 0.816116 1 1 1 1
 0.816116 1 1 1 1
 0.816116 1 1 1 1
 0.816116 1 1 1 1
 0.816116 1 1 1 1
 0.816116 1 1 1 1
 0.816116 1 1 1 1
 0.816116 1 1 1 1
 0.816116 1 1 1 1
 0.816116 1 1 1 1
 0.816116 1 1 1 1
 0.816116 1 1 1 1
 0.816116 1 1 1 1
 0.816116 1 1 1 1
 0.816116 1 1 1 1
 0.816116 1 1 1 1
 0.816116 1 1 1 1
 0.816116 1 1 1 1
 0.816116 1 1 1 1
 0.816116 1 1 1 1
 0.816116 1 1 1 1
 0.816116 1 1 1 1
 0.816116 1 1 1 1
pf_obs 
 0.8446 0.082 0.0669 0.0065 0
 0.8095 0.147 0.0364 0.0071 0
 0.9664 0.0169 0.016 0.0007 0
 0.9276 0.0648 0.0075 0.0001 0
 0.7033 0.2144 0.0806 0.0017 0
 0.9318 0.0425 0.0243 0.0014 0
 0.5671 0.3108 0.0964 0.0239 0.0018
 0.0768 0.2599 0.5324 0.112 0.0189
 0.490249 0.384438 0.106611 0.0170017 0.00170017
 0.7925 0.1577 0.0466 0.003 0.0002
 0.840416 0.127587 0.0312969 0.00059994 9.999e-05
 0.8084 0.0986 0.0794 0.0134 0.0002
 0.7335 0.1905 0.0724 0.0035 0.0001
 0.4001 0.4547 0.1325 0.0127 0
 0.49795 0.308269 0.164784 0.0264974 0.00249975
 0.9179 0.0499 0.0305 0.0017 0
 0.2467 0.6533 0.0926 0.0074 0
 0.9418 0.0223 0.034 0.0019 0
 0.707729 0.231977 0.0356964 0.0245975 0
 0.517169 0.277429 0.184464 0.0207286 0.00020938
 0.811772 0.124168 0.05621 0.00726502 0.000585176
 0.764997 0.148141 0.077277 0.00933861 0.000247198
 0.163321 0.427699 0.378323 0.0303852 0.000271297
 0.753843 0.0900009 0.118128 0.0371064 0.000921714
 0.721811 0.176058 0.0630433 0.0369309 0.00215725
 0.143369 0.312575 0.442814 0.0836902 0.0175525
 0.692698 0.0596174 0.167031 0.0765114 0.00414204
 0.394062 0.376323 0.152708 0.0712218 0.00568511
 0.125707 0.32114 0.495352 0.0537591 0.00404204
 0.23352 0.215282 0.420074 0.123614 0.00750983
 0.796117 0.104755 0.0508955 0.0450114 0.00322123
pf_pred 
 0.466272 0.0884649 0.425905 0.0193573 7.13234e-07
 0.448353 0.262884 0.0478621 0.230427 0.0104732
 0.557427 0.203106 0.114117 0.0207767 0.104574
 0.867959 0.0749824 0.0261852 0.0147124 0.0161607
 0.660516 0.296277 0.0245358 0.00856836 0.0101023
 0.686269 0.210033 0.0905008 0.00749471 0.00570314
 0.44429 0.386242 0.113453 0.0488858 0.00712908
 0.396711 0.274453 0.228555 0.0671349 0.0331462
 0.439353 0.227797 0.151423 0.1261 0.0553277
 0.604824 0.177704 0.0883614 0.058736 0.0703747
 0.732046 0.164804 0.0463849 0.0230643 0.0337008
 0.719673 0.207423 0.0448396 0.0126204 0.0154446
 0.699933 0.218729 0.0601843 0.0130103 0.00814313
 0.64947 0.248713 0.0742183 0.0204215 0.00717771
 0.741599 0.170738 0.0622001 0.0185611 0.00690224
 0.912458 0.0656798 0.0144456 0.00526255 0.00215437
 0.494984 0.462622 0.0318061 0.0069954 0.00359172
 0.879732 0.0608404 0.0544388 0.00374276 0.00124583
 0.660342 0.300362 0.0198791 0.0177874 0.00162998
 0.639764 0.241583 0.104926 0.00694436 0.00678308
 0.756532 0.158282 0.0571276 0.024812 0.00324616
 0.756558 0.18611 0.0372724 0.0134525 0.00660715
 0.409904 0.45128 0.106124 0.0212535 0.0114384
 0.750991 0.104644 0.110404 0.0259628 0.00799796
 0.658766 0.25892 0.0345919 0.0364958 0.0112263
 0.499285 0.334571 0.126066 0.0168425 0.0232355
 0.740488 0.132267 0.0850234 0.0320367 0.0101849
 0.696165 0.227416 0.0389492 0.0250371 0.0124331
 0.440334 0.394525 0.123605 0.0211696 0.0203658
 0.526899 0.213201 0.183211 0.0574 0.0192884
 0.845461 0.0830557 0.0322138 0.0276824 0.0115873
pobs_RECLAS
 0 0 0 0 0
 0 0 0 0 0
 0 0 0 0 0
 0 0 0 0 0
 0 0 0 0 0
 0 0 0 0 0
 0 0 0 0 0
 0 0 0 0 0
 0 0 0 0 0
 0 0 0 0 0
 0.991045 0.00858322 0.000360255 1.14367e-05 0
 0.934742 0.0480273 0.0164251 0.00080598 0
 0.827803 0.169806 0.00239088 0 0
 0.941827 0.0461693 0.0120037 0 0
 0.791401 0.0380133 0.147996 0.0225897 0
 0.846168 0.0940531 0.0597789 0 0
 0.134021 0.677848 0.182769 0.00536245 0
 0.80878 0.0450904 0.141981 0.00414843 0
 0.846168 0.0940531 0.0597789 0 0
 0.905697 0.0802665 0.012482 0.00150086 5.37128e-05
 0.989698 0.0102097 9.19794e-05 0 0
 0.975433 0.0193895 0.00387452 0.00125025 5.28907e-05
 0.303575 0.632131 0.0575291 0.00676475 0
 0.966965 0.00978017 0.0227588 0.000495775 0
 0.843318 0.132988 0.00938335 0.0141283 0.000182051
 0.564624 0.303363 0.111486 0.0197234 0.00080311
 0.826376 0.0876187 0.0782897 0.00655872 0.00115652
 0.89761 0.0855135 0.0140674 0.00269457 0.000114338
 0.34875 0.467042 0.161289 0.0227151 0.000203297
 0.318654 0.224769 0.449479 0.00709798 0
 0.937255 0.0296025 0.0250945 0.00804832 0
ppred_RECLAS
 0.412756 0.0973351 0.46861 0.0212982 7.84749e-07
 0.395426 0.288106 0.0524542 0.252535 0.0114781
 0.503366 0.227916 0.128056 0.0233146 0.117348
 0.841007 0.090288 0.0315302 0.0177155 0.0194594
 0.610156 0.340228 0.0281756 0.00983942 0.0116009
 0.637664 0.242572 0.104522 0.00865582 0.00658669
 0.391516 0.422922 0.124227 0.0535282 0.0078061
 0.345959 0.297541 0.247782 0.0727826 0.0359347
 0.386711 0.249186 0.16564 0.13794 0.0605226
 0.551919 0.201494 0.100191 0.0665993 0.0797961
 0.687286 0.192333 0.0541332 0.0269171 0.0393304
 0.673995 0.241221 0.0521459 0.0146768 0.0179612
 0.65258 0.253246 0.0696819 0.0150635 0.00942818
 0.598914 0.284583 0.0849225 0.0233668 0.00821292
 0.697967 0.199567 0.0727029 0.0216953 0.00806772
 0.893537 0.079875 0.0175677 0.00639994 0.00262
 0.440993 0.512082 0.0352065 0.00774329 0.00397571
 0.854818 0.073444 0.0657163 0.00451811 0.00150392
 0.610223 0.344682 0.0228123 0.0204121 0.00187049
 0.588454 0.275993 0.119871 0.00793348 0.00774923
 0.714373 0.185691 0.0670199 0.0291085 0.00380827
 0.714452 0.2183 0.0437191 0.0157792 0.00774994
 0.358564 0.490543 0.115357 0.0231027 0.0124336
 0.708183 0.122634 0.129384 0.0304261 0.00937292
 0.608377 0.297154 0.0397001 0.0418852 0.0128841
 0.445154 0.370741 0.139695 0.0186633 0.0257475
 0.696603 0.154634 0.0994015 0.0374543 0.0119072
 0.648334 0.263216 0.0450807 0.0289786 0.0143904
 0.387653 0.431662 0.13524 0.0231623 0.0222828
 0.472632 0.237657 0.204226 0.0639842 0.0215008
 0.814889 0.0994862 0.0385865 0.0331587 0.0138796
pobs_PELACES
 0 0 0 0 0
 0 0 0 0 0
 0 0 0 0 0
 0 0 0 0 0
 0 0 0 0 0
 0 0 0 0 0
 0 0 0 0 0
 0 0 0 0 0
 0 0 0 0 0
 0 0 0 0 0
 0 0 0 0 0
 0 0 0 0 0
 0 0 0 0 0
 0 0 0 0 0
 0 0 0 0 0
 0 0 0 0 0
 0.505614 0.472636 0.0217494 0 0
 0 0 0 0 0
 0.443492 0.261883 0.143347 0.151278 0
 0.227955 0.32914 0.350689 0.0885471 0.00366901
 0.970185 0.0296113 0.000203453 0 0
 0.997202 0.00247181 0.000326279 0 0
 0.445219 0.490057 0.0546422 0.010081 0
 0.90214 0.0892962 0.00764917 0.000914606 0
 0 0 0 0 0
 0.581667 0.319106 0.0959925 0.00289975 0.000334073
 0.762889 0.0836404 0.116647 0.0363945 0.000428098
 0.88444 0.0763242 0.0277011 0.0115352 0
 0.521256 0.241999 0.230069 0.00667565 0
 0.616807 0.101726 0.260614 0.0208532 0
 0.833518 0.0704572 0.0857862 0.0102388 0
ppred_PELACES
 0.426139 0.0951169 0.45793 0.0208128 7.66865e-07
 0.408826 0.281721 0.0512915 0.246938 0.0112237
 0.517269 0.221535 0.124472 0.0226619 0.114062
 0.848293 0.0861502 0.0300852 0.0169036 0.0185676
 0.62301 0.32901 0.0272465 0.00951498 0.0112184
 0.650245 0.23415 0.100892 0.00835529 0.006358
 0.404919 0.413607 0.121491 0.0523492 0.00763416
 0.358335 0.291911 0.243094 0.0714054 0.0352547
 0.399906 0.243825 0.162076 0.134972 0.0592204
 0.565705 0.195295 0.0971084 0.0645503 0.0773412
 0.6989 0.18519 0.0521228 0.0259175 0.0378697
 0.686554 0.231928 0.050137 0.0141113 0.0172693
 0.665526 0.24381 0.0670853 0.0145022 0.00907686
 0.613137 0.274492 0.0819112 0.0225382 0.00792169
 0.709928 0.191664 0.0698237 0.0208361 0.00774822
 0.898884 0.0758634 0.0166853 0.00607851 0.00248841
 0.4549 0.499342 0.0343306 0.00755065 0.0038768
 0.861685 0.0699701 0.0626079 0.0043044 0.00143278
 0.623844 0.332637 0.0220151 0.0196987 0.00180513
 0.602215 0.266764 0.115863 0.00766821 0.00749012
 0.725726 0.17831 0.064356 0.0279514 0.0036569
 0.725944 0.209514 0.0419596 0.0151441 0.00743803
 0.371476 0.480669 0.113035 0.0226376 0.0121833
 0.719505 0.117876 0.124364 0.0292457 0.00900927
 0.621516 0.287184 0.038368 0.0404798 0.0124518
 0.458814 0.361613 0.136255 0.0182038 0.0251136
 0.708184 0.148731 0.0956069 0.0360246 0.0114527
 0.660831 0.253863 0.0434787 0.0279488 0.013879
 0.400847 0.422361 0.132326 0.0226632 0.0218027
 0.486503 0.231406 0.198855 0.0623013 0.0209353
 0.823101 0.0950728 0.0368747 0.0316877 0.0132638
pobs_pel_tallas
 0 0 0 0 0 0 0 0 0 0 0 0 0 0 0 0 0 0 0 0 0 0 0 0 0 0
 0 0 0 0 0 0 0 0 0 0 0 0 0 0 0 0 0 0 0 0 0 0 0 0 0 0
 0 0 0 0 0 0 0 0 0 0 0 0 0 0 0 0 0 0 0 0 0 0 0 0 0 0
 0 0 0 0 0 0 0 0 0 0 0 0 0 0 0 0 0 0 0 0 0 0 0 0 0 0
 0 0 0 0 0 0 0 0 0 0 0 0 0 0 0 0 0 0 0 0 0 0 0 0 0 0
 0 0 0 0 0 0 0 0 0 0 0 0 0 0 0 0 0 0 0 0 0 0 0 0 0 0
 0 0 0 0 0 0 0 0 0 0 0 0 0 0 0 0 0 0 0 0 0 0 0 0 0 0
 0 0 0 0 0 0 0 0 0 0 0 0 0 0 0 0 0 0 0 0 0 0 0 0 0 0
 0 0 0 0 0 0 0 0 0 0 0 0 0 0 0 0 0 0 0 0 0 0 0 0 0 0
 0 0 0 0 0 0 0 0 0 0 0 0 0 0 0 0 0 0 0 0 0 0 0 0 0 0
 0 0 0 0 0 0 0 0 0 0 0 0 0 0 0 0 0 0 0 0 0 0 0 0 0 0
 0 0 0 0 0 0 0 0 0 0 0 0 0 0 0 0 0 0 0 0 0 0 0 0 0 0
 0.00862536 0 0 0.000197151 0.00414017 0.0128641 0.00837892 0.0270097 0.101434 0.158115 0.152841 0.127902 0.109271 0.109419 0.0830992 0.0579132 0.0238553 0.00714673 0.00463305 0.00128148 0.00103504 0.000492878 0.000147863 0.000147863 4.92878e-05 0
 0 0 0 0 0 0 0 0 0 0 0 0 0 0 0 0 0 0 0 0 0 0 0 0 0 0
 0 0 0 0 0 0 0 0.0054083 0.00873648 0.0413646 0.0450493 0.0745869 0.0622846 0.0627006 0.0613931 0.0827291 0.12552 0.122667 0.0946155 0.0697135 0.0546179 0.0294188 0.0215738 0.0213955 0.0102223 0.00600262
 0 0 0 0 0.00359764 0.0251062 0.0480494 0.140153 0.205849 0.193036 0.1447 0.116669 0.0760912 0.0342217 0.00950174 0.001854 0.000860785 0 0 0 0.000165536 0 0.000143464 0 0 0
 0 0 0 0 0 0 0 0.000145254 0.000435761 0.0275982 0.070085 0.0708112 0.156366 0.174668 0.174014 0.160142 0.0824315 0.0480064 0.0283245 0.00493863 0.00203355 0 0 0 0 0
 0 0 0 0 0 0 0 0 0 0 0 0 0 0 0 0 0 0 0 0 0 0 0 0 0 0
 0 0 1.00437e-05 0.000401748 0.00122533 0.00171747 0.00176769 0.0269171 0.070346 0.194647 0.189555 0.159765 0.064822 0.0314167 0.0384472 0.0292271 0.0345202 0.0313363 0.0194345 0.0106764 0.0143323 0.0359363 0.0279516 0.0138201 0.00172751 0
 0 0.0021121 0.0136068 0.0755702 0.200478 0.177729 0.0527432 0.0373336 0.0318909 0.0142505 0.0149659 0.0166563 0.0217959 0.0798694 0.0677717 0.0528807 0.04013 0.0224614 0.0357745 0.0225083 0.00881397 0.00855152 0.00135912 0.000746735 0 0
 0 0 0 0 5.4009e-05 0.00500934 0.000945158 0.0243581 0.138947 0.33067 0.221406 0.137944 0.0707744 0.0437923 0.0131692 0.00525238 0.0047753 0.00276346 9.45158e-05 9.00151e-06 2.25038e-05 9.00151e-06 4.50075e-06 0 0 0
 0.000866109 0.00284123 0.00948549 0.0512746 0.133035 0.25785 0.225252 0.132002 0.0553304 0.0519788 0.0540692 0.017754 0.00435017 0.00159236 0.00146478 0.000404838 0.000125132 0.000115318 0.000107957 0.000100596 0 0 0 0 0 0
 0 0 0 0 0.00144013 0.00171154 0.00461396 0.0210425 0.0478622 0.0707936 0.0888783 0.103762 0.0637923 0.0337046 0.0602308 0.124433 0.169614 0.0934646 0.0462172 0.0250306 0.0313229 0.00938855 0.002487 0.000210481 0 0
 0 0.00764035 0.051015 0.0998891 0.058973 0.0496711 0.0374665 0.0718981 0.12319 0.153886 0.159021 0.0857701 0.0377988 0.023471 0.0147837 0.00900784 0.00315554 0.000888139 0.00291439 0.00214683 0.00393193 0.00274676 0.000635225 9.99891e-05 0 0
 0 0 0 0 0 0 0 0 0 0 0 0 0 0 0 0 0 0 0 0 0 0 0 0 0 0
 0 0 0 0 0 0 0 0 0 0 0 0 0 0 0 0 0 0 0 0 0 0 0 0 0 0
 0 0 0 0 0 0 0 0 0 0 0 0 0 0 0 0 0 0 0 0 0 0 0 0 0 0
 0 0 0 0 0 0 0 0 0 0 0 0 0 0 0 0 0 0 0 0 0 0 0 0 0 0
 0 0 0 0 0 0 0 0 0 0 0 0 0 0 0 0 0 0 0 0 0 0 0 0 0 0
 0 0 0 0 0 0 0 0 0 0 0 0 0 0 0 0 0 0 0 0 0 0 0 0 0 0
 0 0 0 0 0 0 0 0 0 0 0 0 0 0 0 0 0 0 0 0 0 0 0 0 0 0
ppred_pel_tallas
 1.15327e-16 3.51005e-05 0.00034119 0.00226733 0.0103069 0.0320688 0.0683263 0.0997263 0.0997361 0.0683748 0.0322336 0.0107919 0.00351776 0.00318039 0.00574732 0.0102783 0.0167352 0.0250553 0.0350417 0.046355 0.058282 0.0693916 0.0775256 0.0804474 0.0768953 0.0673387
 1.28216e-16 3.36746e-05 0.000327329 0.00217522 0.00988823 0.0307661 0.0655514 0.0956799 0.0957072 0.0656847 0.0312138 0.011183 0.00543174 0.00745882 0.0136482 0.0227092 0.0332179 0.0429446 0.0497583 0.0529758 0.0538843 0.0548429 0.0575993 0.062101 0.0665775 0.06864
 1.25224e-16 4.26068e-05 0.000414153 0.00275219 0.0125111 0.0389268 0.0829384 0.121055 0.121077 0.0830436 0.0392807 0.0135356 0.00533276 0.00607714 0.0108863 0.0181676 0.0267406 0.0348754 0.0408762 0.0440885 0.0453072 0.0461463 0.0478583 0.0505321 0.0531666 0.0543674
 1.05728e-16 6.98728e-05 0.000679189 0.00451345 0.0205175 0.0638376 0.136013 0.198517 0.198525 0.136054 0.0639745 0.0209137 0.00550979 0.00286062 0.00423207 0.00693782 0.0101135 0.0129942 0.0148622 0.0154198 0.0149683 0.0141806 0.0136452 0.0135385 0.013625 0.0134983
 1.03724e-16 5.13166e-05 0.000498816 0.00331481 0.0150687 0.0468843 0.0998932 0.145804 0.145835 0.100048 0.047404 0.0165693 0.00708029 0.00871449 0.0156416 0.0257447 0.0370061 0.046383 0.0508155 0.0489095 0.0417826 0.0323321 0.023527 0.0170402 0.0130046 0.0106466
 1.04886e-16 5.35598e-05 0.000520621 0.00345971 0.0157274 0.0489337 0.104259 0.152174 0.152197 0.10437 0.0493062 0.0168045 0.00616862 0.00645093 0.0113652 0.0188316 0.0274183 0.0350937 0.039799 0.0405476 0.037942 0.033631 0.0291858 0.0253169 0.0219027 0.01854
 1.10154e-16 3.33527e-05 0.0003242 0.00215443 0.00979374 0.0304722 0.0649257 0.0947693 0.0948092 0.065121 0.0311286 0.0116911 0.00692259 0.0107518 0.0198924 0.0329795 0.0478513 0.0609114 0.0685077 0.0689645 0.063532 0.0554045 0.0476356 0.0416158 0.0370196 0.0327885
 1.20217e-16 2.95156e-05 0.000286903 0.00190657 0.00866701 0.0269664 0.0574559 0.0838645 0.083893 0.0575952 0.0274351 0.0100252 0.00533268 0.00782187 0.0145043 0.0243652 0.0361174 0.0475793 0.0565181 0.0619036 0.0643792 0.0654649 0.0661879 0.0663282 0.0647888 0.0605833
 1.28298e-16 3.29398e-05 0.000320187 0.00212775 0.00967248 0.0300948 0.064121 0.0935915 0.0936152 0.0642372 0.0304857 0.010805 0.00498352 0.00659856 0.0120894 0.0202901 0.0300845 0.0397004 0.0474026 0.0525545 0.0559874 0.0592369 0.0632379 0.067539 0.0705715 0.0706198
 1.22415e-16 4.65964e-05 0.000452933 0.0030099 0.0136826 0.0425717 0.0907043 0.132389 0.132408 0.090797 0.0428836 0.0145852 0.0052832 0.005441 0.00959665 0.0159991 0.023548 0.0307229 0.0360538 0.0390041 0.0403196 0.041447 0.0434609 0.046339 0.0490461 0.0502069
 1.1056e-16 5.75675e-05 0.000559576 0.00371858 0.0169041 0.0525952 0.11206 0.163559 0.163577 0.112148 0.0528892 0.017754 0.0058548 0.0052327 0.00896216 0.0148051 0.0215168 0.0274887 0.0311419 0.0318095 0.0301464 0.0276579 0.0257183 0.0248439 0.0246535 0.0243463
 1.05844e-16 5.65506e-05 0.000549692 0.0036529 0.0166056 0.0516662 0.110081 0.160671 0.160694 0.11019 0.0520336 0.0176672 0.00631951 0.00637642 0.011139 0.0183695 0.0265619 0.0336306 0.0374924 0.0372034 0.0335143 0.0283297 0.023519 0.0200111 0.0177018 0.0159633
 1.04989e-16 5.48185e-05 0.000532856 0.00354101 0.016097 0.0500837 0.10671 0.155751 0.155774 0.106825 0.0504704 0.0172145 0.00634883 0.00667113 0.0117384 0.0193872 0.0280826 0.0356515 0.0399096 0.0398445 0.0361883 0.0308541 0.0257135 0.0216885 0.0186931 0.0161755
 1.06035e-16 5.05033e-05 0.00049091 0.00326227 0.0148298 0.0461413 0.0983098 0.143492 0.143518 0.0984395 0.0465768 0.0160889 0.00642617 0.00740955 0.0132252 0.0218757 0.0317239 0.0403495 0.045311 0.0454771 0.0416615 0.035982 0.0304879 0.0261528 0.0228311 0.0198872
 1.05465e-16 5.84759e-05 0.000568406 0.00377726 0.0171709 0.0534251 0.113828 0.16614 0.166158 0.113919 0.0537297 0.0180516 0.00599154 0.00541407 0.00929629 0.0153683 0.0223502 0.0285656 0.0323399 0.0328998 0.0307979 0.0274536 0.0242014 0.0216125 0.019499 0.0173825
 1.01532e-16 7.40399e-05 0.000719694 0.00478262 0.0217411 0.0676447 0.144124 0.210355 0.210363 0.14416 0.0677649 0.0220884 0.00565493 0.00262578 0.00369948 0.00601321 0.00868936 0.0110004 0.0122594 0.0121535 0.0109219 0.00918063 0.00753554 0.00629052 0.00542015 0.00473671
 1.02532e-16 3.74696e-05 0.000364218 0.00242036 0.0110026 0.0342335 0.0729399 0.106468 0.106516 0.0731748 0.0350219 0.013279 0.00813142 0.0128219 0.0236685 0.0389953 0.0559963 0.07005 0.0764698 0.0730947 0.0615936 0.0463742 0.0320073 0.0211514 0.0141634 0.0100241
 1.02499e-16 7.09759e-05 0.000689911 0.0045847 0.0208414 0.0648453 0.13816 0.20165 0.201657 0.138193 0.0649577 0.021167 0.0054059 0.00249562 0.0035384 0.00583639 0.00863057 0.0113305 0.0133678 0.0144526 0.0146905 0.0144101 0.0138622 0.0130608 0.0118735 0.0102281
 1.03002e-16 5.13853e-05 0.000499483 0.00331924 0.0150888 0.0469471 0.100027 0.145999 0.146031 0.100183 0.0474723 0.0166055 0.00712469 0.00880134 0.0158023 0.0260024 0.0373593 0.0467903 0.0511966 0.0491677 0.0418395 0.0321521 0.0231184 0.016436 0.0122393 0.0097465
 1.05449e-16 4.96037e-05 0.000482166 0.00320416 0.0145657 0.0453193 0.0965586 0.140936 0.140961 0.0966849 0.0457437 0.0157929 0.00629056 0.00723896 0.012938 0.0214561 0.0312413 0.0399876 0.0453485 0.0461966 0.0432137 0.0382742 0.0331667 0.0287047 0.0247597 0.0208853
 1.05325e-16 5.97771e-05 0.000581055 0.00386132 0.017553 0.054614 0.116361 0.169837 0.169854 0.116446 0.0548974 0.0183725 0.0059217 0.0050903 0.00865742 0.0143071 0.0208151 0.0266241 0.030185 0.0307884 0.0289547 0.0260019 0.0231536 0.0209083 0.0190513 0.0171045
 1.04042e-16 5.97951e-05 0.00058123 0.00386248 0.0175583 0.0546304 0.116397 0.169889 0.169909 0.116495 0.0549622 0.0185169 0.00626997 0.00584074 0.0100603 0.0165684 0.0239364 0.0302618 0.0336481 0.0332289 0.0296738 0.0247051 0.0200278 0.0165125 0.0141085 0.0122972
 1.07717e-16 3.05981e-05 0.000297424 0.00197649 0.00898486 0.0279555 0.0595639 0.0869449 0.0869913 0.0597906 0.0287171 0.0111857 0.00750436 0.0123767 0.0230062 0.038077 0.0550627 0.0696927 0.0776162 0.0768106 0.0687406 0.0572634 0.0462111 0.0375646 0.0312864 0.026349
 1.08077e-16 5.92647e-05 0.000576074 0.00382821 0.0174025 0.0541457 0.115364 0.168379 0.16839 0.11542 0.0543358 0.0179539 0.00522079 0.00364474 0.00597151 0.00999934 0.014917 0.019848 0.0239183 0.0267026 0.0283869 0.0294435 0.0301136 0.0301688 0.029128 0.0266824
 1.07348e-16 5.11935e-05 0.00049762 0.00330686 0.0150325 0.0467719 0.0996535 0.145453 0.145481 0.0997888 0.0472262 0.016345 0.00660198 0.00769335 0.0137251 0.0226325 0.032659 0.041215 0.0457152 0.0450176 0.0401231 0.0334942 0.027544 0.0234618 0.0210654 0.0194448
 1.10101e-16 3.7792e-05 0.000367351 0.00244118 0.0110973 0.0345279 0.0735667 0.10738 0.107415 0.0737377 0.0351026 0.012759 0.00661909 0.00951007 0.0174671 0.0289888 0.0421591 0.0538643 0.0609344 0.0618902 0.057755 0.0512023 0.0447732 0.0396032 0.0354172 0.0313833
 1.08348e-16 5.83322e-05 0.00056701 0.00376798 0.0171287 0.0532938 0.113549 0.165731 0.165745 0.113619 0.0535317 0.0178175 0.00550317 0.0043761 0.00735509 0.0122323 0.0180057 0.0234709 0.0274344 0.0293536 0.0296059 0.0290959 0.0285347 0.0279973 0.0270439 0.025182
 1.06472e-16 5.44318e-05 0.000529097 0.00351603 0.0159834 0.0497304 0.105957 0.154652 0.154677 0.106076 0.0501323 0.0171445 0.00643167 0.00689795 0.0121623 0.0200544 0.0289675 0.0366154 0.0407162 0.0402512 0.036077 0.0303269 0.0250908 0.0213986 0.0191046 0.0174534
 1.0989e-16 3.30173e-05 0.00032094 0.00213276 0.00969525 0.0301657 0.0642728 0.0938166 0.0938574 0.0644724 0.0308361 0.011633 0.0070027 0.0109713 0.0203167 0.033684 0.0488691 0.0621894 0.0698938 0.0702384 0.064465 0.0558173 0.0474374 0.0408233 0.0357628 0.0312927
 1.15589e-16 4.00726e-05 0.00038952 0.0025885 0.011767 0.0366115 0.0780055 0.113856 0.113879 0.078116 0.0369833 0.0128444 0.00530681 0.0063694 0.0115321 0.0193569 0.028718 0.0378835 0.0450904 0.0495186 0.0516554 0.0526623 0.0532991 0.0533452 0.0519175 0.0482647
 1.06511e-16 6.77977e-05 0.000659018 0.00437941 0.0199082 0.0619417 0.131974 0.192621 0.192631 0.132019 0.0620931 0.020346 0.00548108 0.00307261 0.00467765 0.00769592 0.0112496 0.0145184 0.0167281 0.0175618 0.0173466 0.0167944 0.0164972 0.0165787 0.0167178 0.0164403
pSPR Fmed_Fpbrs
0.750419   0.179479 0.179479
Fs Fmed_Fpbrs
0.138088   1.005 1.005
SSBpbr Bo_Bmed_Bpbrs
2.55301e+06  1.78818e+06  330561 330561
Ro
256002
SPR SPRFo_SPRFmed_SPRFpbrs
1.82724e+06 1.3712e+06 327951
Fref
1.005
Nvult_r0
 316716 30031.7 11648 10009.6 4189.79
CTP_r0
 31639 3108.13 1205.51 1035.94 433.622
YTP_r0
391304
Np
 313763 43923.7 20933.7 1971.84 867.78
Nvult_p0
 269839 38008.9 18114.7 1706.31 750.925
CTP_p0
 132599 67428.6 6351.41 2463.44 2810.79
 132599 19051.9 9079.95 855.282 376.399
YTP_p0
 2.36412e+06 1.53958e+06
CBA_c0
2.11676e+06
log_Ro
12.2729
likeval ReclasPelacesDesembMPH_pf_preclas_ppelaces_ptallas_desvR_qrecl_qpela
 37.3146 18.6743 0.328567 0.0033277 244.203 126.964 98.9404 0 18.9193 0 0 1.65583 0 0 0
q_reclas_q_pelaces
1 1
M
1
N
 280939 51309.4 247024 11227.2 0.413674
 169252 95618.2 17408.7 83812.6 3809.4
 154760 54325.2 30523.1 5557.19 27970.5
 601472 50053.3 17479.5 9821.01 10787.8
 454303 196019 16233.1 5668.88 6683.76
 548592 161603 69632.7 5766.55 4388.09
 224341 187960 55210.6 23789.6 3469.28
 106667 70972.4 59103.5 17360.8 8571.49
 76722.6 38308.2 25464.4 21205.9 9304.34
 89888.4 25452.3 12655.9 8412.68 10079.7
 131416 28466.5 8012.06 3983.9 5821.14
 165123 45963 9936.05 2796.56 3422.39
 150943 45548.8 12533 2709.31 1695.75
 113467 42049.1 12547.9 3452.6 1213.51
 122715 27274.9 9936.32 2965.1 1102.62
 500066 34753.6 7643.68 2784.61 1139.96
 156049 140611 9667.23 2126.2 1091.68
 723114 48225.9 43151.7 2966.75 987.527
 500605 219887 14552.9 13021.7 1193.26
 381846 139157 60439.3 4000.09 3907.2
 547322 110411 39850 17307.9 2264.39
 707965 168060 33657.6 12147.8 5966.36
 194264 206064 48458.5 9704.83 5223.03
 465584 62485.5 65924.7 15503 4775.76
 404064 152974 20437.5 21562.4 6632.69
 204740 132098 49774.3 6649.9 9174.03
 399285 68692.2 44156.4 16638.1 5289.46
 417647 131382 22501.6 14464.4 7182.83
 160935 138851 43502 7450.52 7167.63
 137500 53597.3 46058 14430 4848.96
 472172 44674.8 17327.5 14890.1 6232.68
pred_Ctot
 13373.5 2537.33 12215.7 555.202 0.0204568
 13794.5 8088.16 1472.57 7089.55 322.23
 11946.1 4352.71 2445.6 445.26 2241.09
 43819 3785.49 1321.96 742.755 815.872
 9522.09 4271.17 353.712 123.523 145.636
 23947.6 7329.16 3158.05 261.531 199.013
 20106.3 17479.3 5134.31 2212.32 322.625
 1604.93 1110.32 924.639 271.6 134.096
 4804.1 2490.85 1655.73 1378.84 604.98
 8004.16 2351.71 1169.36 777.304 931.33
 4110.12 925.299 260.431 129.496 189.215
 26730.6 7704.23 1665.46 468.754 573.654
 23691.6 7403.63 2037.14 440.379 275.632
 25729.6 9853.07 2940.25 809.024 284.354
 18238.1 4198.94 1529.69 456.473 169.747
 76139.6 5480.62 1205.4 439.131 179.771
 16002 14955.8 1028.24 226.149 116.114
 80508.5 5567.79 4981.96 342.518 114.012
 79114.4 35985.9 2381.68 2131.08 195.285
 52677.8 19891.8 8639.5 571.794 558.514
 58048.3 12144.9 4383.37 1903.81 249.076
 95241.7 23429.1 4692.16 1693.51 831.763
 15600.5 17175.2 4038.95 808.885 435.333
 31744 4423.27 4666.72 1097.43 338.07
 28711.1 11284.5 1507.62 1590.6 489.276
 11474 7688.7 2897.09 387.054 533.97
 26889.2 4802.99 3087.44 1163.34 369.842
 25629.2 8372.27 1433.91 921.738 457.724
 9713.9 8703.35 2726.76 467.008 449.276
 10256.3 4150.04 3566.27 1117.31 375.455
 31639 3108.13 1205.51 1035.94 433.622
F
 0.0777767 0.0809013 0.0809013 0.0809013 0.0809013
 0.136401 0.14188 0.14188 0.14188 0.14188
 0.128785 0.133958 0.133958 0.133958 0.133958
 0.121169 0.126037 0.126037 0.126037 0.126037
 0.0336257 0.0349766 0.0349766 0.0349766 0.0349766
 0.0711275 0.073985 0.073985 0.073985 0.073985
 0.150877 0.156938 0.156938 0.156938 0.156938
 0.0240427 0.0250086 0.0250086 0.0250086 0.0250086
 0.103389 0.107543 0.107543 0.107543 0.107543
 0.149841 0.155861 0.155861 0.155861 0.155861
 0.0505285 0.0525584 0.0525584 0.0525584 0.0525584
 0.287908 0.299475 0.299475 0.299475 0.299475
 0.278063 0.289234 0.289234 0.289234 0.289234
 0.425545 0.442641 0.442641 0.442641 0.442641
 0.261579 0.272088 0.272088 0.272088 0.272088
 0.268745 0.279541 0.279541 0.279541 0.279541
 0.174274 0.181275 0.181275 0.181275 0.181275
 0.190454 0.198105 0.198105 0.198105 0.198105
 0.280216 0.291474 0.291474 0.291474 0.291474
 0.240805 0.250479 0.250479 0.250479 0.250479
 0.180715 0.187976 0.187976 0.187976 0.187976
 0.234206 0.243615 0.243615 0.243615 0.243615
 0.134281 0.139676 0.139676 0.139676 0.139676
 0.113022 0.117563 0.117563 0.117563 0.117563
 0.118029 0.122771 0.122771 0.122771 0.122771
 0.0921057 0.0958059 0.0958059 0.0958059 0.0958059
 0.111567 0.116049 0.116049 0.116049 0.116049
 0.101234 0.105301 0.105301 0.105301 0.105301
 0.0995033 0.103501 0.103501 0.103501 0.103501
 0.124215 0.129205 0.129205 0.129205 0.129205
 0.110984 0.115443 0.115443 0.115443 0.115443
YTP_r0W_actual
 262604 43824.6 33272.1 35429.1 16174.1
YTP_p0W_proyectada
 993169 1.05661e+06 146908 72351.3 95088.9
 993169 298543 210019 25119.6 12733.6
CTP_r0_actual
 31639 3108.13 1205.51 1035.94 433.622
CTP_p0_proyectada
 132599 67428.6 6351.41 2463.44 2810.79
 132599 19051.9 9079.95 855.282 376.399
Wmedp
 7.49 15.67 23.13 29.37 33.83
Frms_r0
 0.110984 0.115443 0.115443 0.115443 0.115443
Zrms_r0
 1.11098 1.11544 1.11544 1.11544 1.11544
nmprior
 8.19 8.8 8.5 0
nm_flota  nm_reclas  nm_pelaces    nm_pelaL
inf 9.64666 16.4006 37.9593
cv_recla  cv_pelaces  cv_mph
0.552541 0.489998 1.78024
 ------------------------------------------------
Talla a la edad & desviaci?n 
 8 13.2811 15.8009 17.003 17.5766
 0.8 1.32811 1.58009 1.7003 1.75766
