years
 1991 1992 1993 1994 1995 1996 1997 1998 1999 2000 2001 2002 2003 2004 2005 2006 2007 2008 2009 2010 2011 2012 2013 2014 2015 2016 2017 2018 2019 2020 2021
reclasobs
 0 0 0 0 0 0 0 0 0 252601 567819 844713 477998 351125 339783 2.1784e+06 2.13404e+06 4.81314e+06 1.55562e+06 2.62356e+06 3.21686e+06 3.843e+06 1.13348e+06 3.07943e+06 1.97215e+06 2.03268e+06 2.025e+06 2.42433e+06 2.27542e+06 1.05018e+06 2.36338e+06
reclaspred
 2.23968e+06 1.21315e+06 582305 328725 183730 914047 403427 250493 187845 195120 361623 529530 512513 359233 328054 1.26039e+06 1.04759e+06 2.92541e+06 2.34484e+06 1.54581e+06 2.82897e+06 2.36475e+06 1.65789e+06 2.72924e+06 1.95107e+06 1.56677e+06 2.05422e+06 2.46273e+06 1.91482e+06 998206 1.41305e+06
pelacesobs
 0 0 0 0 0 0 0 0 0 0 0 0 0 0 0 552880 188675 0 991730 2.46772e+06 1.41603e+06 1.21717e+06 2.29649e+06 1.80582e+06 0 1.4828e+06 1.56532e+06 1.57751e+06 1.42118e+06 867257 1.10002e+06
pelacespred
 999511 577615 267773 111007 68860.6 397902 130822 119887 71075.9 76314.1 162164 202152 217532 153972 144355 489896 410052 1.36305e+06 1.09718e+06 674602 1.21692e+06 1.06209e+06 750187 1.38011e+06 941486 754542 1.13552e+06 1.33054e+06 858146 516825 699833
mphobs
 0 0 0 0 0 0 0 0 0 0 0 498337 0 5186 125008 0 168611 109162 213762 579715 649985 157893 87575 83554 0 0 0 0 0 0 0
mphpred
 2.01251e+06 1.22022e+06 584740 285834 132536 96991.2 462779 167927 113058 68782.6 80453.7 243928 279714 219770 123585 148551 819455 637898 1.67641e+06 1.18429e+06 1.10245e+06 1.45584e+06 1.41813e+06 1.01795e+06 1.53862e+06 1.19221e+06 882883 1.0683e+06 1.7069e+06 1.05371e+06 523137
desembarqueobs
 494567 514787 250237 358949 120608 361735 552515 73892 212993 205616 52469 317467 293654 387597 252695 516296 358380 742168 942051 627588 828172 859565 418607 520667 417249 300574 415391 372974 316634 284311 391294
desembarquepred
 494539 514827 249717 358947 120593 361618 552110 73886.5 212913 205549 52468.1 317408 293582 387361 252588 516111 358353 741918 941452 627167 828046 859283 418535 520615 417171 300517 415314 372898 316575 284251 391232
Reclutas
 119926 106682 78024 51208.6 34771.5 252625 46418.5 14680 28713.7 60418.7 91521.7 131761 103142 70496.2 62421.2 450917 51500.4 735853 356425 239152 431841 569708 70837.1 337615 246850 94277.3 285599 347094 62165.8 38349.6 217044
log_desv_Rt
 -0.00198719 -0.119012 -0.431848 -0.852958 -1.24007 0.743041 -0.951167 -2.10238 -1.43149 -0.687566 -0.272288 0.0921285 -0.152759 -0.533305 -0.65496 1.32242 -0.847275 1.81217 1.08726 0.688236 1.27919 1.55626 -0.528482 1.03304 0.719918 -0.242625 0.865725 1.06073 -0.65906 -1.14212 0.591237
SSB
 2.01251e+06 1.22022e+06 584740 285834 132536 96991.2 462779 167927 113058 68782.6 80453.7 243928 279714 219770 123585 148551 819455 637898 1.67641e+06 1.18429e+06 1.10245e+06 1.45584e+06 1.41813e+06 1.01795e+06 1.53862e+06 1.19221e+06 882883 1.0683e+06 1.7069e+06 1.05371e+06 523137
BT
 2.73453e+06 1.84169e+06 859735 556202 260621 1.23557e+06 782145 343750 368779 370269 417686 727848 765900 755455 586568 1.54328e+06 1.22688e+06 3.8062e+06 3.42729e+06 2.13624e+06 3.48233e+06 3.24949e+06 2.09411e+06 3.67093e+06 2.56431e+06 2.01048e+06 3.04841e+06 3.44382e+06 2.24215e+06 1.4815e+06 1.99443e+06
Ftot
 0.221019 0.423383 0.428513 1.06046 0.690194 0.536267 1.23247 0.314274 1.24969 1.2371 0.192109 0.684575 0.640087 1.17667 0.931825 0.555578 0.342016 0.330313 0.433319 0.437426 0.3411 0.413234 0.252638 0.233765 0.229529 0.201083 0.246627 0.187431 0.161975 0.281847 0.345056
BD_Bspro_t
 0.965255 0.761421 0.549986 0.407566 0.235996 0.235898 0.478747 0.217439 0.206365 0.166245 0.230424 0.547404 0.450244 0.352673 0.230725 0.270759 0.551702 0.479729 0.644344 0.531396 0.47197 0.5388 0.562097 0.52146 0.649992 0.646951 0.633929 0.698123 0.769119 0.678538 0.558329
BD_Bspro
 2.34304 1.42063 0.680778 0.332779 0.154304 0.112921 0.538786 0.195507 0.131626 0.0800795 0.0936674 0.28399 0.325655 0.255865 0.143883 0.172949 0.954042 0.742666 1.95174 1.3788 1.28352 1.69495 1.65104 1.18514 1.79132 1.38802 1.02789 1.24376 1.98724 1.22678 0.609056
BD_Bo
 1.20766 0.732231 0.35089 0.171523 0.0795321 0.0582024 0.277704 0.100769 0.0678436 0.041275 0.0482786 0.146376 0.167851 0.131879 0.0741608 0.0891424 0.491738 0.382789 1.00598 0.710668 0.661559 0.873619 0.850989 0.610851 0.923294 0.715419 0.5298 0.641067 1.02427 0.632312 0.313923
BD_Brms
 6.15808 3.73377 1.78925 0.874624 0.405547 0.296784 1.41606 0.51384 0.345946 0.210468 0.246181 0.746395 0.8559 0.672475 0.378158 0.454552 2.50745 1.95191 5.12966 3.62382 3.3734 4.45473 4.33934 3.11483 4.70803 3.64804 2.70154 3.26891 5.22294 3.22426 1.60075
Sel_flota
 0.647976 1 1 1 1
 0.647976 1 1 1 1
 0.647976 1 1 1 1
 0.647976 1 1 1 1
 0.647976 1 1 1 1
 0.647976 1 1 1 1
 0.647976 1 1 1 1
 0.647976 1 1 1 1
 0.647976 1 1 1 1
 0.647976 1 1 1 1
 0.647976 1 1 1 1
 0.647976 1 1 1 1
 0.647976 1 1 1 1
 0.647976 1 1 1 1
 0.647976 1 1 1 1
 0.647976 1 1 1 1
 0.647976 1 1 1 1
 0.647976 1 1 1 1
 0.647976 1 1 1 1
 0.647976 1 1 1 1
 0.647976 1 1 1 1
 0.647976 1 1 1 1
 0.647976 1 1 1 1
 0.647976 1 1 1 1
 0.647976 1 1 1 1
 0.647976 1 1 1 1
 0.647976 1 1 1 1
 0.647976 1 1 1 1
 0.647976 1 1 1 1
 0.647976 1 1 1 1
 0.647976 1 1 1 1
Sel_reclas
 1 1 1 1 1
 1 1 1 1 1
 1 1 1 1 1
 1 1 1 1 1
 1 1 1 1 1
 1 1 1 1 1
 1 1 1 1 1
 1 1 1 1 1
 1 1 1 1 1
 1 1 1 1 1
 1 1 1 1 1
 1 1 1 1 1
 1 1 1 1 1
 1 1 1 1 1
 1 1 1 1 1
 1 1 1 1 1
 1 1 1 1 1
 1 1 1 1 1
 1 1 1 1 1
 1 1 1 1 1
 1 1 1 1 1
 1 1 1 1 1
 1 1 1 1 1
 1 1 1 1 1
 1 1 1 1 1
 1 1 1 1 1
 1 1 1 1 1
 1 1 1 1 1
 1 1 1 1 1
 1 1 1 1 1
 1 1 1 1 1
Sel_pelaces
 1 1 1 1 1
 1 1 1 1 1
 1 1 1 1 1
 1 1 1 1 1
 1 1 1 1 1
 1 1 1 1 1
 1 1 1 1 1
 1 1 1 1 1
 1 1 1 1 1
 1 1 1 1 1
 1 1 1 1 1
 1 1 1 1 1
 1 1 1 1 1
 1 1 1 1 1
 1 1 1 1 1
 1 1 1 1 1
 1 1 1 1 1
 1 1 1 1 1
 1 1 1 1 1
 1 1 1 1 1
 1 1 1 1 1
 1 1 1 1 1
 1 1 1 1 1
 1 1 1 1 1
 1 1 1 1 1
 1 1 1 1 1
 1 1 1 1 1
 1 1 1 1 1
 1 1 1 1 1
 1 1 1 1 1
 1 1 1 1 1
pf_obs 
 0.8446 0.082 0.0669 0.0065 0
 0.8095 0.147 0.0364 0.0071 0
 0.9664 0.0169 0.016 0.0007 0
 0.9276 0.0648 0.0075 0.0001 0
 0.7033 0.2144 0.0806 0.0017 0
 0.9318 0.0425 0.0243 0.0014 0
 0.5671 0.3108 0.0964 0.0239 0.0018
 0.0768 0.2599 0.5324 0.112 0.0189
 0.490249 0.384438 0.106611 0.0170017 0.00170017
 0.7925 0.1577 0.0466 0.003 0.0002
 0.840416 0.127587 0.0312969 0.00059994 9.999e-05
 0.8084 0.0986 0.0794 0.0134 0.0002
 0.7335 0.1905 0.0724 0.0035 0.0001
 0.4001 0.4547 0.1325 0.0127 0
 0.49795 0.308269 0.164784 0.0264974 0.00249975
 0.9179 0.0499 0.0305 0.0017 0
 0.2467 0.6533 0.0926 0.0074 0
 0.9418 0.0223 0.034 0.0019 0
 0.707729 0.231977 0.0356964 0.0245975 0
 0.517169 0.277429 0.184464 0.0207286 0.00020938
 0.811772 0.124168 0.05621 0.00726502 0.000585176
 0.764997 0.148141 0.077277 0.00933861 0.000247198
 0.163321 0.427699 0.378323 0.0303852 0.000271297
 0.753843 0.0900009 0.118128 0.0371064 0.000921714
 0.721811 0.176058 0.0630433 0.0369309 0.00215725
 0.143369 0.312575 0.442814 0.0836902 0.0175525
 0.692698 0.0596174 0.167031 0.0765114 0.00414204
 0.394062 0.376323 0.152708 0.0712218 0.00568511
 0.125707 0.32114 0.495352 0.0537591 0.00404204
 0.23352 0.215282 0.420074 0.123614 0.00750983
 0.774587 0.0839891 0.0768558 0.0609784 0.00358967
pf_pred 
 0.372531 0.207983 0.378722 0.0407624 8.90665e-07
 0.484167 0.25262 0.0872457 0.158868 0.0170996
 0.524397 0.291702 0.0900622 0.0311042 0.0627345
 0.531201 0.305195 0.100343 0.0309807 0.0322798
 0.642492 0.246721 0.0721245 0.0237134 0.0149499
 0.942626 0.0438063 0.00936305 0.00273712 0.00146727
 0.339275 0.638315 0.0171109 0.00365724 0.00164225
 0.39899 0.308412 0.282675 0.00757748 0.00234686
 0.719529 0.146602 0.0686959 0.0629632 0.00221056
 0.890482 0.092105 0.00910186 0.00426503 0.00404636
 0.852242 0.139415 0.00701658 0.000693382 0.000633164
 0.739393 0.235223 0.0239512 0.00120543 0.000227897
 0.661614 0.282828 0.0501467 0.00510611 0.000305569
 0.620196 0.294871 0.0709881 0.0125865 0.0013583
 0.742801 0.197449 0.0463885 0.0111677 0.00219377
 0.954998 0.0380766 0.00531629 0.001249 0.000359755
 0.227476 0.752169 0.0172223 0.0024046 0.000727652
 0.915242 0.027824 0.055434 0.00126927 0.000230843
 0.515076 0.459234 0.00843359 0.0168023 0.00045469
 0.516463 0.310784 0.163601 0.00300445 0.00614777
 0.740454 0.167203 0.0593511 0.0312432 0.00174782
 0.716973 0.233667 0.0317986 0.0112874 0.00627421
 0.193799 0.653259 0.126269 0.0171833 0.00948992
 0.741901 0.0725834 0.150322 0.0290558 0.0061378
 0.560354 0.361964 0.0218462 0.0452439 0.0105926
 0.351125 0.437112 0.174346 0.0105226 0.0268945
 0.745563 0.11845 0.0916076 0.0365384 0.00784167
 0.680727 0.263873 0.0257904 0.0199461 0.00966303
 0.22005 0.60357 0.145775 0.0142478 0.0163574
 0.280528 0.22341 0.383881 0.0927156 0.0194654
 0.83032 0.0661317 0.0321539 0.0552493 0.0161454
pobs_RECLAS
 0 0 0 0 0
 0 0 0 0 0
 0 0 0 0 0
 0 0 0 0 0
 0 0 0 0 0
 0 0 0 0 0
 0 0 0 0 0
 0 0 0 0 0
 0 0 0 0 0
 0 0 0 0 0
 0.991045 0.00858322 0.000360255 1.14367e-05 0
 0.934742 0.0480273 0.0164251 0.00080598 0
 0.827803 0.169806 0.00239088 0 0
 0.941827 0.0461693 0.0120037 0 0
 0.791401 0.0380133 0.147996 0.0225897 0
 0.846168 0.0940531 0.0597789 0 0
 0.134021 0.677848 0.182769 0.00536245 0
 0.80878 0.0450904 0.141981 0.00414843 0
 0.846168 0.0940531 0.0597789 0 0
 0.905697 0.0802665 0.012482 0.00150086 5.37128e-05
 0.989698 0.0102097 9.19794e-05 0 0
 0.975433 0.0193895 0.00387452 0.00125025 5.28907e-05
 0.303575 0.632131 0.0575291 0.00676475 0
 0.966965 0.00978017 0.0227588 0.000495775 0
 0.843318 0.132988 0.00938335 0.0141283 0.000182051
 0.564624 0.303363 0.111486 0.0197234 0.00080311
 0.826376 0.0876187 0.0782897 0.00655872 0.00115652
 0.89761 0.0855135 0.0140674 0.00269457 0.000114338
 0.34875 0.467042 0.161289 0.0227151 0.000203297
 0.318654 0.224769 0.449479 0.00709798 0
 0.937255 0.0296025 0.0250945 0.00804832 0
ppred_RECLAS
 0.480016 0.172356 0.313847 0.0337799 7.38095e-07
 0.595515 0.198089 0.0684127 0.124574 0.0134084
 0.63369 0.224669 0.0693661 0.0239565 0.0483183
 0.64885 0.228604 0.0751614 0.0232059 0.024179
 0.740894 0.178812 0.0522725 0.0171864 0.010835
 0.962849 0.0283654 0.00606276 0.00177234 0.000950087
 0.459018 0.522633 0.0140099 0.00299444 0.00134463
 0.508883 0.252019 0.230988 0.00619195 0.00191774
 0.809342 0.0996566 0.046698 0.0428011 0.00150269
 0.93075 0.058239 0.00575521 0.00269683 0.00255856
 0.899581 0.0947487 0.00476858 0.000471233 0.000430308
 0.818603 0.163728 0.0166714 0.000839047 0.000158629
 0.75621 0.203763 0.0361281 0.00367868 0.000220146
 0.728733 0.210605 0.0507016 0.00898964 0.000970134
 0.823529 0.135475 0.0318283 0.00766243 0.0015052
 0.971024 0.0245174 0.00342315 0.000804229 0.000231645
 0.315141 0.666815 0.015268 0.00213173 0.00064508
 0.944028 0.0183744 0.0366075 0.000838197 0.000152444
 0.625033 0.355102 0.00652127 0.0129924 0.000351589
 0.62638 0.240137 0.126411 0.00232148 0.00475026
 0.816785 0.11803 0.0418964 0.0220548 0.0012338
 0.798859 0.166062 0.0225985 0.00802166 0.00445894
 0.272323 0.589631 0.11397 0.0155097 0.0085656
 0.817241 0.0513961 0.106442 0.0205743 0.00434615
 0.664703 0.276052 0.016661 0.0345053 0.00807844
 0.456741 0.365965 0.145968 0.00880983 0.022517
 0.820168 0.083718 0.0647466 0.0258247 0.00554235
 0.768031 0.191718 0.0187381 0.0144919 0.0070207
 0.304449 0.538257 0.130001 0.012706 0.0145873
 0.37801 0.19314 0.331868 0.0801534 0.016828
 0.884367 0.0450671 0.0219121 0.037651 0.0110027
pobs_PELACES
 0 0 0 0 0
 0 0 0 0 0
 0 0 0 0 0
 0 0 0 0 0
 0 0 0 0 0
 0 0 0 0 0
 0 0 0 0 0
 0 0 0 0 0
 0 0 0 0 0
 0 0 0 0 0
 0 0 0 0 0
 0 0 0 0 0
 0 0 0 0 0
 0 0 0 0 0
 0 0 0 0 0
 0 0 0 0 0
 0.505614 0.472636 0.0217494 0 0
 0 0 0 0 0
 0.443492 0.261883 0.143347 0.151278 0
 0.227955 0.32914 0.350689 0.0885471 0.00366901
 0.970185 0.0296113 0.000203453 0 0
 0.997202 0.00247181 0.000326279 0 0
 0.445219 0.490057 0.0546422 0.010081 0
 0.90214 0.0892962 0.00764917 0.000914606 0
 0 0 0 0 0
 0.581667 0.319106 0.0959925 0.00289975 0.000334073
 0.762889 0.0836404 0.116647 0.0363945 0.000428098
 0.88444 0.0763242 0.0277011 0.0115352 0
 0.521256 0.241999 0.230069 0.00667565 0
 0.616807 0.101726 0.260614 0.0208532 0
 0.833518 0.0704572 0.0857862 0.0102388 0
ppred_PELACES
 0.486427 0.170231 0.309977 0.0333634 7.28994e-07
 0.607305 0.192315 0.0664187 0.120943 0.0130176
 0.645166 0.21763 0.0671929 0.023206 0.0468045
 0.676378 0.210682 0.0692691 0.0213867 0.0222834
 0.755986 0.168396 0.0492278 0.0161853 0.0102039
 0.965015 0.0267122 0.0057094 0.00166904 0.000894713
 0.494719 0.488143 0.0130853 0.00279683 0.00125589
 0.518003 0.247339 0.226699 0.00607697 0.00188212
 0.830744 0.0884695 0.0414558 0.0379964 0.001334
 0.939459 0.050915 0.00503144 0.00235768 0.0022368
 0.901579 0.0928634 0.00467369 0.000461857 0.000421746
 0.830114 0.153338 0.0156134 0.000785802 0.000148563
 0.769656 0.192524 0.0341355 0.00347579 0.000208004
 0.754896 0.190293 0.0458117 0.00812262 0.000876568
 0.838714 0.123818 0.0290895 0.00700309 0.00137568
 0.972785 0.0230268 0.00321502 0.000755331 0.000217561
 0.323778 0.658405 0.0150754 0.00210484 0.000636944
 0.946021 0.01772 0.0353038 0.000808346 0.000147015
 0.636754 0.344002 0.00631742 0.0125862 0.000340598
 0.638194 0.232544 0.122414 0.00224807 0.00460006
 0.82264 0.114258 0.0405574 0.02135 0.00119437
 0.806462 0.159785 0.0217443 0.00771845 0.00429039
 0.278178 0.584888 0.113053 0.0153849 0.00849668
 0.821262 0.0502653 0.1041 0.0201216 0.00425053
 0.67062 0.271181 0.016367 0.0338965 0.0079359
 0.462543 0.362056 0.144409 0.00871574 0.0222765
 0.824355 0.0817688 0.0632391 0.0252234 0.0054133
 0.771888 0.188531 0.0184266 0.0142509 0.00690398
 0.308449 0.535162 0.129253 0.0126329 0.0145034
 0.385739 0.19074 0.327745 0.0791575 0.0166189
 0.888403 0.0434939 0.0211472 0.0363367 0.0106186
pobs_pel_tallas
 0 0 0 0 0 0 0 0 0 0 0 0 0 0 0 0 0 0 0 0 0 0 0 0 0 0
 0 0 0 0 0 0 0 0 0 0 0 0 0 0 0 0 0 0 0 0 0 0 0 0 0 0
 0 0 0 0 0 0 0 0 0 0 0 0 0 0 0 0 0 0 0 0 0 0 0 0 0 0
 0 0 0 0 0 0 0 0 0 0 0 0 0 0 0 0 0 0 0 0 0 0 0 0 0 0
 0 0 0 0 0 0 0 0 0 0 0 0 0 0 0 0 0 0 0 0 0 0 0 0 0 0
 0 0 0 0 0 0 0 0 0 0 0 0 0 0 0 0 0 0 0 0 0 0 0 0 0 0
 0 0 0 0 0 0 0 0 0 0 0 0 0 0 0 0 0 0 0 0 0 0 0 0 0 0
 0 0 0 0 0 0 0 0 0 0 0 0 0 0 0 0 0 0 0 0 0 0 0 0 0 0
 0 0 0 0 0 0 0 0 0 0 0 0 0 0 0 0 0 0 0 0 0 0 0 0 0 0
 0 0 0 0 0 0 0 0 0 0 0 0 0 0 0 0 0 0 0 0 0 0 0 0 0 0
 0 0 0 0 0 0 0 0 0 0 0 0 0 0 0 0 0 0 0 0 0 0 0 0 0 0
 0 0 0 0 0 0 0 0 0 0 0 0 0 0 0 0 0 0 0 0 0 0 0 0 0 0
 0.00862536 0 0 0.000197151 0.00414017 0.0128641 0.00837892 0.0270097 0.101434 0.158115 0.152841 0.127902 0.109271 0.109419 0.0830992 0.0579132 0.0238553 0.00714673 0.00463305 0.00128148 0.00103504 0.000492878 0.000147863 0.000147863 4.92878e-05 0
 0 0 0 0 0 0 0 0 0 0 0 0 0 0 0 0 0 0 0 0 0 0 0 0 0 0
 0 0 0 0 0 0 0 0.0054083 0.00873648 0.0413646 0.0450493 0.0745869 0.0622846 0.0627006 0.0613931 0.0827291 0.12552 0.122667 0.0946155 0.0697135 0.0546179 0.0294188 0.0215738 0.0213955 0.0102223 0.00600262
 0 0 0 0 0.00359764 0.0251062 0.0480494 0.140153 0.205849 0.193036 0.1447 0.116669 0.0760912 0.0342217 0.00950174 0.001854 0.000860785 0 0 0 0.000165536 0 0.000143464 0 0 0
 0 0 0 0 0 0 0 0.000145254 0.000435761 0.0275982 0.070085 0.0708112 0.156366 0.174668 0.174014 0.160142 0.0824315 0.0480064 0.0283245 0.00493863 0.00203355 0 0 0 0 0
 0 0 0 0 0 0 0 0 0 0 0 0 0 0 0 0 0 0 0 0 0 0 0 0 0 0
 0 0 1.00437e-05 0.000401748 0.00122533 0.00171747 0.00176769 0.0269171 0.070346 0.194647 0.189555 0.159765 0.064822 0.0314167 0.0384472 0.0292271 0.0345202 0.0313363 0.0194345 0.0106764 0.0143323 0.0359363 0.0279516 0.0138201 0.00172751 0
 0 0.0021121 0.0136068 0.0755702 0.200478 0.177729 0.0527432 0.0373336 0.0318909 0.0142505 0.0149659 0.0166563 0.0217959 0.0798694 0.0677717 0.0528807 0.04013 0.0224614 0.0357745 0.0225083 0.00881397 0.00855152 0.00135912 0.000746735 0 0
 0 0 0 0 5.4009e-05 0.00500934 0.000945158 0.0243581 0.138947 0.33067 0.221406 0.137944 0.0707744 0.0437923 0.0131692 0.00525238 0.0047753 0.00276346 9.45158e-05 9.00151e-06 2.25038e-05 9.00151e-06 4.50075e-06 0 0 0
 0.000866109 0.00284123 0.00948549 0.0512746 0.133035 0.25785 0.225252 0.132002 0.0553304 0.0519788 0.0540692 0.017754 0.00435017 0.00159236 0.00146478 0.000404838 0.000125132 0.000115318 0.000107957 0.000100596 0 0 0 0 0 0
 0 0 0 0 0.00144013 0.00171154 0.00461396 0.0210425 0.0478622 0.0707936 0.0888783 0.103762 0.0637923 0.0337046 0.0602308 0.124433 0.169614 0.0934646 0.0462172 0.0250306 0.0313229 0.00938855 0.002487 0.000210481 0 0
 0 0.00764035 0.051015 0.0998891 0.058973 0.0496711 0.0374665 0.0718981 0.12319 0.153886 0.159021 0.0857701 0.0377988 0.023471 0.0147837 0.00900784 0.00315554 0.000888139 0.00291439 0.00214683 0.00393193 0.00274676 0.000635225 9.99891e-05 0 0
 0 0 0 0 0 0 0 0 0 0 0 0 0 0 0 0 0 0 0 0 0 0 0 0 0 0
 0 0 0 0 0 0 0 0 0 0 0 0 0 0 0 0 0 0 0 0 0 0 0 0 0 0
 0 0 0 0 0 0 0 0 0 0 0 0 0 0 0 0 0 0 0 0 0 0 0 0 0 0
 0 0 0 0 0 0 0 0 0 0 0 0 0 0 0 0 0 0 0 0 0 0 0 0 0 0
 0 0 0 0 0 0 0 0 0 0 0 0 0 0 0 0 0 0 0 0 0 0 0 0 0 0
 0 0 0 0 0 0 0 0 0 0 0 0 0 0 0 0 0 0 0 0 0 0 0 0 0 0
 0 0 0 0 0 0 0 0 0 0 0 0 0 0 0 0 0 0 0 0 0 0 0 0 0 0
ppred_pel_tallas
 1.12335e-16 4.00664e-05 0.00038946 0.0025881 0.0117651 0.0366058 0.0779931 0.113837 0.113854 0.0780757 0.0368844 0.0125756 0.00464411 0.00494944 0.0089102 0.0152138 0.0231843 0.0318025 0.0399617 0.0470094 0.0528604 0.0575166 0.060489 0.0607746 0.0574864 0.0505899
 1.16298e-16 5.00229e-05 0.000486241 0.00323124 0.0146888 0.0457023 0.0973743 0.142125 0.142143 0.0974654 0.0460086 0.0155749 0.00546134 0.00537396 0.00939182 0.015609 0.0228786 0.0296563 0.034452 0.0367132 0.0371799 0.0373112 0.0382144 0.039916 0.0414493 0.0415433
 1.12243e-16 5.31415e-05 0.000516555 0.00343269 0.0156045 0.0485515 0.103445 0.150985 0.151006 0.103548 0.0488972 0.0166038 0.00594468 0.00601268 0.0105287 0.0174226 0.0253368 0.032396 0.0367447 0.0375896 0.0356803 0.0327593 0.0304212 0.0292708 0.0288843 0.0283643
 1.07969e-16 5.57124e-05 0.000541545 0.00359876 0.0163594 0.0509004 0.108449 0.158289 0.15831 0.108549 0.051235 0.0173269 0.0060307 0.00586229 0.0101959 0.0168608 0.0245053 0.0312923 0.0353911 0.0359791 0.033713 0.0302161 0.0270079 0.024726 0.0231061 0.0214983
 1.04814e-16 6.22696e-05 0.000605283 0.00402232 0.0182849 0.0568912 0.121213 0.176918 0.176934 0.121293 0.0571584 0.0190573 0.00596346 0.00485029 0.00814649 0.013428 0.0194771 0.0247908 0.0278815 0.0280718 0.0258808 0.0226227 0.0195551 0.0172521 0.0155745 0.014066
 1.00491e-16 7.9487e-05 0.000772642 0.00513448 0.0233406 0.0726212 0.154727 0.22583 0.225832 0.15474 0.0726635 0.0234628 0.00544152 0.00144349 0.00135523 0.00211908 0.00305537 0.00386432 0.00429974 0.00425032 0.0038 0.00316644 0.00256533 0.00210717 0.00178685 0.00154133
 1.00996e-16 4.07495e-05 0.000396099 0.00263222 0.0119657 0.0372301 0.0793243 0.115786 0.115833 0.0795537 0.0380001 0.0141886 0.00820733 0.0125517 0.0230827 0.0379809 0.0544391 0.0678903 0.0737102 0.069769 0.0577326 0.0420079 0.0272101 0.0160908 0.00910387 0.00527281
 1.07534e-16 4.26673e-05 0.000414741 0.0027561 0.0125289 0.0389821 0.0830563 0.121228 0.121252 0.0831744 0.0393793 0.0136801 0.00565988 0.00680013 0.0123052 0.0206272 0.0305247 0.040071 0.0472553 0.0510274 0.0517248 0.0504759 0.0481548 0.0448399 0.0401385 0.0339004
 1.05256e-16 6.84273e-05 0.000665138 0.00442008 0.020093 0.0625169 0.133199 0.19441 0.194419 0.133241 0.062658 0.0205014 0.00544796 0.00291893 0.00437842 0.00720938 0.010569 0.0137022 0.0158961 0.0168492 0.0168357 0.0164625 0.016212 0.0161445 0.0159494 0.0152329
 1.00774e-16 7.7382e-05 0.000752181 0.00499851 0.0227225 0.0706981 0.15063 0.21985 0.219855 0.150654 0.0707786 0.0229548 0.00558162 0.00202474 0.00249313 0.00399647 0.00574368 0.00721155 0.00792605 0.00767428 0.00662998 0.00523839 0.00395129 0.00301642 0.00244225 0.00209957
 1.00277e-16 7.42619e-05 0.000721852 0.00479696 0.0218063 0.0678475 0.144557 0.210987 0.210996 0.1446 0.0679941 0.0222294 0.00585834 0.00303656 0.00446354 0.00724379 0.0103858 0.0129716 0.014121 0.0134288 0.0112073 0.00828422 0.00552318 0.00343477 0.00209891 0.0013326
 1.00594e-16 6.83754e-05 0.000664634 0.00441672 0.0200778 0.0624696 0.133099 0.194264 0.194279 0.133171 0.0627118 0.0207773 0.00617209 0.0044947 0.00733672 0.0120058 0.017252 0.0216168 0.0236604 0.0227138 0.0192725 0.0146624 0.0102577 0.00685663 0.00457387 0.0031259
 1.01419e-16 6.33956e-05 0.000616228 0.00409505 0.0186155 0.0579199 0.123405 0.180117 0.180136 0.123496 0.0582245 0.0194955 0.00630441 0.00544064 0.00922969 0.0151679 0.0218653 0.027538 0.0304057 0.0296348 0.0258174 0.0205455 0.015442 0.0114107 0.00853804 0.00647546
 1.02334e-16 6.21798e-05 0.00060441 0.00401652 0.0182585 0.0568091 0.121039 0.176663 0.176681 0.121128 0.0571107 0.0191298 0.00620505 0.00538668 0.00915828 0.0150777 0.0217965 0.0275807 0.0306982 0.0303373 0.0270642 0.0223934 0.0178373 0.0141905 0.0114674 0.00930405
 1.01807e-16 6.90838e-05 0.000671519 0.00446248 0.0202858 0.0631167 0.134477 0.196276 0.196288 0.134536 0.0633129 0.0208527 0.00588643 0.00378308 0.00598749 0.00981268 0.0141838 0.0179514 0.0199902 0.0197776 0.0176885 0.0147133 0.0118365 0.00956755 0.00789931 0.00657403
 1.00212e-16 8.0127e-05 0.000778863 0.00517582 0.0235285 0.073206 0.155973 0.227648 0.22765 0.155984 0.0732424 0.0236337 0.0054398 0.00135513 0.00117452 0.00181479 0.00260619 0.00327648 0.00360802 0.00350198 0.00303223 0.00239395 0.00178607 0.0013193 0.00100249 0.000788164
 1.00923e-16 2.66693e-05 0.000259235 0.00172271 0.00783124 0.0243662 0.0519172 0.0757879 0.0758512 0.0522265 0.0254047 0.010829 0.00924127 0.0166514 0.0310969 0.0512057 0.0733816 0.0914795 0.0992548 0.0938292 0.0774503 0.0560729 0.0359431 0.0208001 0.0112819 0.00608875
 1.0113e-16 7.79225e-05 0.000757434 0.00503342 0.0228812 0.0711919 0.151682 0.221384 0.221386 0.15169 0.0712209 0.0229658 0.00524828 0.00123447 0.00100724 0.00160248 0.00244139 0.00336104 0.00424155 0.00500966 0.00564536 0.00613368 0.00641044 0.00636775 0.0059244 0.00510056
 1.01591e-16 5.24486e-05 0.00050982 0.00338793 0.0154011 0.0479186 0.102097 0.14902 0.149053 0.102259 0.0484612 0.0169675 0.00731672 0.00907604 0.016291 0.0267704 0.0383753 0.0478767 0.0520286 0.0493514 0.0410416 0.0302195 0.0201292 0.0126703 0.00809343 0.00563201
 1.04597e-16 5.25672e-05 0.000510972 0.00339559 0.0154359 0.0480269 0.102327 0.149354 0.149377 0.102437 0.0483974 0.016508 0.00609318 0.00642128 0.0113399 0.0188261 0.0274897 0.0353439 0.0403625 0.0415506 0.0394401 0.0355533 0.0313194 0.0273529 0.0235313 0.0195532
 1.03543e-16 6.77598e-05 0.00065865 0.00437696 0.019897 0.0619071 0.1319 0.192514 0.192525 0.131954 0.0620887 0.0204221 0.00569724 0.00354819 0.00557737 0.00917112 0.0133421 0.0170707 0.0193662 0.0197784 0.0186454 0.016813 0.0150611 0.0136977 0.0125686 0.011351
 1.02169e-16 6.64273e-05 0.000645697 0.00429088 0.0195057 0.0606897 0.129306 0.18873 0.188745 0.129382 0.0609423 0.0202356 0.00612286 0.00464504 0.00766236 0.0125638 0.0180963 0.0227673 0.0251046 0.0244355 0.0212849 0.0170153 0.0130044 0.0100014 0.00803266 0.0067249
 1.06393e-16 2.29132e-05 0.000222725 0.00148009 0.0067283 0.0209345 0.0446053 0.0651146 0.065171 0.044881 0.0218604 0.00940307 0.00819632 0.0148915 0.0279025 0.0461464 0.0665982 0.0840058 0.0930069 0.0910983 0.0800843 0.064769 0.0500085 0.0384428 0.0302233 0.0242021
 1.05755e-16 6.76463e-05 0.000657546 0.00436962 0.0198637 0.0618033 0.131679 0.19219 0.192195 0.131703 0.0618861 0.0201048 0.00498238 0.00202048 0.00273035 0.00460102 0.00707567 0.00984946 0.012637 0.0152777 0.0177444 0.0199828 0.0217391 0.022574 0.0220876 0.0201787
 1.05285e-16 5.52381e-05 0.000536934 0.00356812 0.0162202 0.0504671 0.107526 0.156943 0.156969 0.107654 0.0508954 0.0174571 0.00667194 0.00730954 0.0129093 0.0212344 0.030543 0.0383388 0.0421364 0.0408383 0.0354194 0.0282978 0.0218943 0.0174839 0.015004 0.0136257
 1.08904e-16 3.80991e-05 0.000370337 0.00246102 0.0111875 0.0348085 0.0741646 0.108253 0.108288 0.0743358 0.0353841 0.0128518 0.00664586 0.00952922 0.0175009 0.0290508 0.0422614 0.0540136 0.061123 0.0620824 0.0578748 0.0511309 0.0443668 0.0387337 0.0340255 0.0295189
 1.05292e-16 6.79011e-05 0.000660023 0.00438608 0.0199385 0.0620361 0.132175 0.192915 0.192923 0.132214 0.0621673 0.0203185 0.0053443 0.00276645 0.00411164 0.00680394 0.010064 0.0132265 0.0156574 0.0170686 0.0176491 0.0178413 0.0179518 0.0179323 0.0174779 0.0163043
 1.03178e-16 6.35794e-05 0.000618015 0.00410692 0.0186695 0.0580878 0.123763 0.180639 0.180658 0.123852 0.0583858 0.01953 0.00626649 0.00533125 0.00901191 0.0147909 0.0212869 0.026746 0.0294343 0.0285726 0.0248102 0.0197949 0.0151867 0.0118779 0.0098678 0.00864905
 1.07589e-16 2.54066e-05 0.000246961 0.00164115 0.00746045 0.0232125 0.0494586 0.0721971 0.0722488 0.0497111 0.0240605 0.00991079 0.00779581 0.0136957 0.0256053 0.0423898 0.0612924 0.0775555 0.086319 0.0853066 0.076123 0.0630462 0.0503526 0.040294 0.0329084 0.0271424
 1.20258e-16 3.17728e-05 0.000308843 0.00205237 0.00932979 0.0290286 0.0618491 0.0902745 0.0902934 0.0619416 0.0293405 0.0102371 0.0043539 0.00541292 0.00996011 0.0170311 0.0259733 0.0356922 0.0450257 0.0533674 0.0607777 0.0673908 0.0726802 0.0753554 0.0740515 0.0682402
 1.06063e-16 7.31766e-05 0.000711303 0.00472686 0.0214876 0.066856 0.142444 0.207902 0.207906 0.142465 0.0669255 0.0216891 0.00523465 0.00182682 0.00221305 0.00360098 0.00532343 0.00701273 0.00836675 0.00929725 0.00999101 0.0107619 0.0117967 0.0129924 0.0139969 0.0143995
pSPR Fmed_Fpbrs
0.505277   0.24611 0.24611
Fs Fmed_Fpbrs
0.424421   1.005 1.005
SSBpbr Bo_Bmed_Bpbrs
1.66645e+06  758696  326808 326808
Ro
120165
SPR SPRFo_SPRFmed_SPRFpbrs
858930 433998 211392
Fref
1.005
Nvult_r0
 153196 8691.11 4225.71 7260.93 2121.85
CTP_r0
 27993.6 2229.58 1084.05 1862.69 544.332
YTP_r0
391232
Np
 184483 63848.6 3061.97 1488.77 3224.56
Nvult_p0
 149096 55250.7 2649.65 1288.29 2790.34
CTP_p0
 58801.4 27694.2 1328.13 645.75 1398.65
YTP_p0
 986273
CBA_c0
569744
log_Ro
11.5166
likeval ReclasPelacesDesembMPH_pf_preclas_ppelaces_ptallas_desvR_qrecl_qpela
 15.408 27.7243 0.0370268 0.0022067 246.069 117.2 101.08 0 40.3269 0 0 0.0980929 0 0 0
q_reclas_q_pelaces
1 1
M
1
N
 119926 44769.3 81521.5 8774.29 0.191719
 106682 38231.6 13203.8 24043.1 2587.85
 78024 29829.9 9209.9 3180.76 6415.33
 51208.6 21744.3 7149.17 2207.29 2299.85
 34771.5 9475.95 2770.13 910.775 574.19
 252625 8178.99 1748.16 511.043 273.952
 46418.5 65655.2 1759.98 376.174 168.918
 14680 7683.59 7042.4 188.781 58.4683
 28713.7 4405.45 2064.35 1892.08 66.4283
 60418.7 4700.21 464.477 217.649 206.49
 91521.7 9971.07 501.831 49.5912 45.2843
 131761 29728.2 3027.02 152.346 28.8023
 103142 31106.1 5515.26 561.583 33.6072
 70496.2 25061.8 6033.44 1069.76 115.445
 62421.2 12098.8 2842.47 684.305 134.424
 450917 12554.8 1752.92 411.828 118.62
 51500.4 115733 2649.91 369.983 111.96
 735853 15179.9 30243 692.471 125.941
 356425 218546 4013.48 7996.09 216.384
 239152 99022.2 52126.7 957.279 1958.81
 431841 66264.8 23521.6 12382.1 692.683
 569708 127362 17332.1 6152.25 3419.81
 70837.1 160350 30994.1 4217.85 2329.41
 337615 22124.4 45820 8856.58 1870.88
 246850 106744 6442.48 13342.5 3123.77
 94277.3 78261.3 31215.1 1883.98 4815.24
 285599 30445.6 23546.3 9391.63 2015.58
 347094 89548.6 8752.29 6768.93 3279.26
 62165.8 113086 27312.7 2669.48 3064.74
 38349.6 20590.9 35380.8 8545.25 1794.05
 217044 11753.1 5714.48 9819.04 2869.41
pred_Ctot
 10234.2 5713.74 10404.3 1119.83 0.0244684
 16544.8 8632.47 2981.34 5428.78 584.322
 12230.9 6803.56 2100.58 725.465 1463.2
 16997 9765.43 3210.72 991.302 1032.87
 8217.73 3155.66 922.502 303.304 191.216
 48215.4 2240.69 478.921 140.004 75.0511
 17198.9 32358.1 867.404 185.397 83.2508
 1738.33 1343.69 1231.56 33.0137 10.2248
 10744.6 2189.19 1025.83 940.223 33.01
 22446.2 2321.67 229.429 107.508 101.996
 6840.64 1119.04 56.3196 5.56553 5.08218
 30929.5 9839.6 1001.9 50.4244 9.53317
 22890.5 9785.28 1734.98 176.661 10.5721
 25263.3 12011.4 2891.65 512.703 55.3294
 18773.7 4990.38 1172.43 282.255 55.4458
 88725.5 3537.56 493.918 116.04 33.4236
 6589.02 21787.2 498.858 69.6511 21.077
 91201.5 2772.59 5523.86 126.479 23.0029
 56429.3 50311.5 923.945 1840.78 49.8138
 38181.3 22975.7 12094.7 222.114 454.494
 55115.4 12445.7 4417.78 2325.58 130.098
 86460.7 28178.2 3834.64 1361.16 756.616
 6852.63 23098.9 4464.81 607.595 335.559
 30370.6 2971.29 6153.6 1189.43 251.258
 21827.7 14099.7 850.984 1762.41 412.618
 7358.3 9160.28 3653.64 220.514 563.611
 27013.6 4291.72 3319.17 1323.88 284.123
 25342.7 9823.7 960.148 742.568 359.743
 3949.05 10831.8 2616.11 255.693 293.552
 4107.22 3270.96 5620.41 1357.45 284.994
 27993.6 2229.58 1084.05 1862.69 544.332
F
 0.143215 0.221019 0.221019 0.221019 0.221019
 0.274342 0.423383 0.423383 0.423383 0.423383
 0.277666 0.428513 0.428513 0.428513 0.428513
 0.68715 1.06046 1.06046 1.06046 1.06046
 0.447229 0.690194 0.690194 0.690194 0.690194
 0.347488 0.536267 0.536267 0.536267 0.536267
 0.79861 1.23247 1.23247 1.23247 1.23247
 0.203642 0.314273 0.314274 0.314274 0.314274
 0.809766 1.24969 1.24969 1.24969 1.24969
 0.801611 1.2371 1.2371 1.2371 1.2371
 0.124482 0.192109 0.192109 0.192109 0.192109
 0.443588 0.684575 0.684575 0.684575 0.684575
 0.414761 0.640087 0.640087 0.640087 0.640087
 0.762453 1.17667 1.17667 1.17667 1.17667
 0.6038 0.931825 0.931825 0.931825 0.931825
 0.360001 0.555578 0.555578 0.555578 0.555578
 0.221618 0.342016 0.342016 0.342016 0.342016
 0.214035 0.330313 0.330313 0.330313 0.330313
 0.28078 0.433319 0.433319 0.433319 0.433319
 0.283441 0.437426 0.437426 0.437426 0.437426
 0.221025 0.3411 0.3411 0.3411 0.3411
 0.267765 0.413234 0.413234 0.413234 0.413234
 0.163703 0.252638 0.252638 0.252638 0.252638
 0.151474 0.233765 0.233765 0.233765 0.233765
 0.148729 0.229529 0.229529 0.229529 0.229529
 0.130297 0.201083 0.201083 0.201083 0.201083
 0.159808 0.246627 0.246627 0.246627 0.246627
 0.121451 0.187431 0.187431 0.187431 0.187431
 0.104956 0.161975 0.161975 0.161975 0.161975
 0.18263 0.281847 0.281847 0.281847 0.281847
 0.223588 0.345056 0.345056 0.345056 0.345056
YTP_r0W_actual
 237946 36342.2 31329 64821.7 20793.5
YTP_p0W_proyectada
 442186 446431 31051.6 19049.6 47554.1
CTP_r0_actual
 27993.6 2229.58 1084.05 1862.69 544.332
CTP_p0_proyectada
 58801.4 27694.2 1328.13 645.75 1398.65
Wmedp
 7.52 16.12 23.38 29.5 34
Frms_r0
 0.223588 0.345056 0.345056 0.345056 0.345056
Zrms_r0
 1.22359 1.34506 1.34506 1.34506 1.34506
nmprior
 8.19 8.8 8.5 0
nm_flota  nm_reclas  nm_pelaces    nm_pelaL
inf 15.1123 10.7392 21.8909
cv_recla  cv_pelaces  cv_mph
0.355057 0.597039 1.4497
 ------------------------------------------------
Talla a la edad & desviaci?n 
 8 13.2811 15.8009 17.003 17.5766
 0.8 1.32811 1.58009 1.7003 1.75766
