years
 1991 1992 1993 1994 1995 1996 1997 1998 1999 2000 2001 2002 2003 2004 2005 2006 2007 2008 2009 2010 2011 2012 2013 2014 2015 2016 2017 2018 2019 2020 2021
reclasobs
 0 0 0 0 0 0 0 0 0 252601 567819 844713 477998 351125 339783 2.1784e+06 2.13404e+06 4.81314e+06 1.55562e+06 2.62356e+06 3.21686e+06 3.843e+06 1.13348e+06 3.07943e+06 1.97215e+06 2.03268e+06 2.025e+06 2.42433e+06 2.27542e+06 1.05018e+06 2.36338e+06
reclaspred
 3.20364e+06 1.77694e+06 895628 840455 805017 1.33456e+06 781990 675304 495000 359441 471059 631590 621925 472548 474828 1.39005e+06 1.32029e+06 3.05543e+06 2.51655e+06 1.8547e+06 3.29469e+06 2.67245e+06 2.08122e+06 3.2144e+06 2.38894e+06 2.09836e+06 2.53842e+06 2.74731e+06 2.23271e+06 1.37346e+06 1.98352e+06
pelacesobs
 0 0 0 0 0 0 0 0 0 0 0 0 0 0 0 552880 188675 0 991730 2.46772e+06 1.41603e+06 1.21717e+06 2.29649e+06 1.80582e+06 0 1.4828e+06 1.56532e+06 1.57751e+06 1.42118e+06 867257 1.10002e+06
pelacespred
 1.45472e+06 892570 446755 341508 346977 592260 307652 345140 236191 161061 223498 250429 272541 215340 223787 552674 527536 1.41556e+06 1.19721e+06 816850 1.4171e+06 1.23587e+06 964569 1.63577e+06 1.16901e+06 1.02515e+06 1.41398e+06 1.50708e+06 1.00987e+06 706225 1.00189e+06
mphobs
 0 0 0 0 0 0 0 0 0 0 0 498337 0 5186 125008 0 168611 109162 213762 579715 649985 157893 87575 83554 0 0 0 0 0 0 0
mphpred
 2.76757e+06 1.84506e+06 906238 492671 492780 547567 740785 419190 374597 251826 167230 319698 348548 290649 188089 241611 916398 851246 1.73593e+06 1.30277e+06 1.37884e+06 1.71857e+06 1.62691e+06 1.31588e+06 1.83996e+06 1.50079e+06 1.22659e+06 1.33766e+06 1.90599e+06 1.28041e+06 777559
desembarqueobs
 494567 514787 250237 358949 120608 361735 552515 73892 212993 205616 52469 317467 293654 387597 252695 516296 358380 742168 942051 627588 828172 859565 418607 520667 417249 300574 415391 372974 316634 284311 391294
desembarquepred
 494571 513748 250681 358983 120613 361740 552523 73896.4 213039 205656 52471.5 317523 293692 387598 252677 516232 358397 742045 941778 627411 828216 859542 418607 520684 417241 300568 415381 372950 316620 284311 391291
Reclutas
 185787 103930 104117 151045 121424 227716 90018.2 38797.4 39481.7 54351.4 102920 140042 115946 80839.2 78689.1 462512 90931 701603 404977 307875 459445 609386 121092 370639 307274 138016 319491 361684 101211 72156.2 280331
log_desv_Rt
 0.137246 -0.443634 -0.441843 -0.0697749 -0.288065 0.340743 -0.587343 -1.429 -1.41152 -1.09188 -0.453407 -0.145412 -0.334232 -0.694892 -0.72185 1.04932 -0.577253 1.46601 0.916476 0.642339 1.04266 1.3251 -0.290804 0.827873 0.640385 -0.159983 0.679376 0.803415 -0.470144 -0.808522 0.548618
SSB
 2.76757e+06 1.84506e+06 906238 492671 492780 547567 740785 419190 374597 251826 167230 319698 348548 290649 188089 241611 916398 851246 1.73593e+06 1.30277e+06 1.37884e+06 1.71857e+06 1.62691e+06 1.31588e+06 1.83996e+06 1.50079e+06 1.22659e+06 1.33766e+06 1.90599e+06 1.28041e+06 777559
BT
 3.77414e+06 2.5659e+06 1.27789e+06 1.08892e+06 896495 1.67564e+06 1.20259e+06 861787 756117 568940 560503 842361 894782 899395 769611 1.6914e+06 1.49613e+06 3.9206e+06 3.66555e+06 2.44858e+06 3.94058e+06 3.65303e+06 2.58925e+06 4.2578e+06 3.08282e+06 2.63113e+06 3.68602e+06 3.85066e+06 2.59062e+06 1.90641e+06 2.68343e+06
Ftot
 0.152983 0.280269 0.274947 0.443596 0.156384 0.295559 0.675484 0.1139 0.442544 0.581951 0.127305 0.527841 0.49298 0.839418 0.585288 0.432737 0.272406 0.27588 0.386627 0.351724 0.269197 0.340176 0.201285 0.179523 0.180431 0.146725 0.180204 0.151294 0.138952 0.20566 0.221373
BD_Bspro_t
 0.97582 0.827344 0.653081 0.556673 0.528982 0.604967 0.598814 0.41144 0.467885 0.419589 0.38902 0.633036 0.517953 0.425959 0.314251 0.373227 0.581898 0.550667 0.655367 0.557855 0.526661 0.577941 0.593446 0.581837 0.688503 0.695215 0.701334 0.740745 0.787933 0.719932 0.647496
BD_Bspro
 2.39061 1.59375 0.782802 0.425565 0.42566 0.472985 0.639885 0.362094 0.323574 0.217526 0.144452 0.276153 0.301073 0.251061 0.16247 0.208702 0.791578 0.735301 1.49948 1.12532 1.19103 1.48449 1.40531 1.13665 1.58934 1.29638 1.05952 1.15546 1.64638 1.10601 0.67165
BD_Bo
 1.53839 1.0256 0.503744 0.273857 0.273918 0.304372 0.411775 0.233012 0.208225 0.139981 0.0929571 0.177708 0.193745 0.161561 0.104552 0.134303 0.509392 0.473176 0.964939 0.724161 0.766446 0.955287 0.904337 0.731449 1.02276 0.834235 0.681817 0.743554 1.05947 0.711732 0.432216
BD_Brms
 9.07893 6.05267 2.97288 1.61619 1.61655 1.79628 2.43012 1.37514 1.22885 0.826108 0.548593 1.04876 1.1434 0.953465 0.617021 0.792599 3.00621 2.79249 5.69466 4.27369 4.52324 5.6377 5.33702 4.3167 6.03592 4.92331 4.0238 4.38814 6.25255 4.20034 2.55076
Sel_flota
 0.762078 1 1 1 1
 0.762078 1 1 1 1
 0.762078 1 1 1 1
 0.762078 1 1 1 1
 0.762078 1 1 1 1
 0.762078 1 1 1 1
 0.762078 1 1 1 1
 0.762078 1 1 1 1
 0.762078 1 1 1 1
 0.762078 1 1 1 1
 0.762078 1 1 1 1
 0.762078 1 1 1 1
 0.762078 1 1 1 1
 0.762078 1 1 1 1
 0.762078 1 1 1 1
 0.762078 1 1 1 1
 0.762078 1 1 1 1
 0.762078 1 1 1 1
 0.762078 1 1 1 1
 0.762078 1 1 1 1
 0.762078 1 1 1 1
 0.762078 1 1 1 1
 0.762078 1 1 1 1
 0.762078 1 1 1 1
 0.762078 1 1 1 1
 0.762078 1 1 1 1
 0.762078 1 1 1 1
 0.762078 1 1 1 1
 0.762078 1 1 1 1
 0.762078 1 1 1 1
 0.762078 1 1 1 1
Sel_reclas
 1 1 1 1 1
 1 1 1 1 1
 1 1 1 1 1
 1 1 1 1 1
 1 1 1 1 1
 1 1 1 1 1
 1 1 1 1 1
 1 1 1 1 1
 1 1 1 1 1
 1 1 1 1 1
 1 1 1 1 1
 1 1 1 1 1
 1 1 1 1 1
 1 1 1 1 1
 1 1 1 1 1
 1 1 1 1 1
 1 1 1 1 1
 1 1 1 1 1
 1 1 1 1 1
 1 1 1 1 1
 1 1 1 1 1
 1 1 1 1 1
 1 1 1 1 1
 1 1 1 1 1
 1 1 1 1 1
 1 1 1 1 1
 1 1 1 1 1
 1 1 1 1 1
 1 1 1 1 1
 1 1 1 1 1
 1 1 1 1 1
Sel_pelaces
 1 1 1 1 1
 1 1 1 1 1
 1 1 1 1 1
 1 1 1 1 1
 1 1 1 1 1
 1 1 1 1 1
 1 1 1 1 1
 1 1 1 1 1
 1 1 1 1 1
 1 1 1 1 1
 1 1 1 1 1
 1 1 1 1 1
 1 1 1 1 1
 1 1 1 1 1
 1 1 1 1 1
 1 1 1 1 1
 1 1 1 1 1
 1 1 1 1 1
 1 1 1 1 1
 1 1 1 1 1
 1 1 1 1 1
 1 1 1 1 1
 1 1 1 1 1
 1 1 1 1 1
 1 1 1 1 1
 1 1 1 1 1
 1 1 1 1 1
 1 1 1 1 1
 1 1 1 1 1
 1 1 1 1 1
 1 1 1 1 1
pf_obs 
 0.8446 0.082 0.0669 0.0065 0
 0.8095 0.147 0.0364 0.0071 0
 0.9664 0.0169 0.016 0.0007 0
 0.9276 0.0648 0.0075 0.0001 0
 0.7033 0.2144 0.0806 0.0017 0
 0.9318 0.0425 0.0243 0.0014 0
 0.5671 0.3108 0.0964 0.0239 0.0018
 0.0768 0.2599 0.5324 0.112 0.0189
 0.490249 0.384438 0.106611 0.0170017 0.00170017
 0.7925 0.1577 0.0466 0.003 0.0002
 0.840416 0.127587 0.0312969 0.00059994 9.999e-05
 0.8084 0.0986 0.0794 0.0134 0.0002
 0.7335 0.1905 0.0724 0.0035 0.0001
 0.4001 0.4547 0.1325 0.0127 0
 0.49795 0.308269 0.164784 0.0264974 0.00249975
 0.9179 0.0499 0.0305 0.0017 0
 0.2467 0.6533 0.0926 0.0074 0
 0.9418 0.0223 0.034 0.0019 0
 0.707729 0.231977 0.0356964 0.0245975 0
 0.517169 0.277429 0.184464 0.0207286 0.00020938
 0.811772 0.124168 0.05621 0.00726502 0.000585176
 0.764997 0.148141 0.077277 0.00933861 0.000247198
 0.163321 0.427699 0.378323 0.0303852 0.000271297
 0.753843 0.0900009 0.118128 0.0371064 0.000921714
 0.721811 0.176058 0.0630433 0.0369309 0.00215725
 0.143369 0.312575 0.442814 0.0836902 0.0175525
 0.692698 0.0596174 0.167031 0.0765114 0.00414204
 0.394062 0.376323 0.152708 0.0712218 0.00568511
 0.125707 0.32114 0.495352 0.0537591 0.00404204
 0.23352 0.215282 0.420074 0.123614 0.00750983
 0.774587 0.0839891 0.0768558 0.0609784 0.00358967
pf_pred 
 0.449989 0.133593 0.390995 0.0254225 8.19904e-07
 0.4116 0.307806 0.0681539 0.19947 0.01297
 0.563061 0.213495 0.116889 0.0258814 0.080674
 0.71108 0.184192 0.0511715 0.0280166 0.0255398
 0.647567 0.273148 0.0505455 0.0140424 0.0146968
 0.762005 0.169307 0.0532362 0.00985126 0.00560124
 0.469984 0.431558 0.0700421 0.0220238 0.00639269
 0.459492 0.304175 0.192431 0.0312316 0.0126709
 0.559948 0.233793 0.116074 0.073432 0.0167533
 0.729469 0.173249 0.0516842 0.0256602 0.0199371
 0.830909 0.134271 0.0222985 0.00665216 0.00586873
 0.738753 0.226711 0.027424 0.00455431 0.0025573
 0.682259 0.25432 0.0550366 0.00665748 0.00172642
 0.629547 0.278496 0.0736024 0.0159281 0.00242637
 0.742878 0.184346 0.0547113 0.0144594 0.00360577
 0.940969 0.0475331 0.00824353 0.00244656 0.000807831
 0.35743 0.614964 0.0222291 0.00385514 0.00152194
 0.89704 0.044423 0.0560217 0.00202502 0.000489838
 0.585228 0.3826 0.0138806 0.0175048 0.000785803
 0.59126 0.270562 0.127461 0.00462423 0.00609338
 0.734244 0.177079 0.0586983 0.0276526 0.00232518
 0.733491 0.210609 0.0372476 0.0123468 0.00630564
 0.300898 0.553237 0.115269 0.0203862 0.0102088
 0.734343 0.09764 0.132961 0.027703 0.00735297
 0.612295 0.305573 0.0301868 0.0411069 0.0108381
 0.424125 0.391648 0.1452 0.0143439 0.0246828
 0.730457 0.133863 0.0922749 0.0342101 0.00919497
 0.681802 0.249737 0.0339999 0.023437 0.0110245
 0.328449 0.498125 0.136113 0.0185308 0.0187824
 0.398468 0.23795 0.269688 0.0736923 0.0202016
 0.819535 0.0852309 0.0376721 0.0426967 0.0148652
pobs_RECLAS
 0 0 0 0 0
 0 0 0 0 0
 0 0 0 0 0
 0 0 0 0 0
 0 0 0 0 0
 0 0 0 0 0
 0 0 0 0 0
 0 0 0 0 0
 0 0 0 0 0
 0 0 0 0 0
 0.991045 0.00858322 0.000360255 1.14367e-05 0
 0.934742 0.0480273 0.0164251 0.00080598 0
 0.827803 0.169806 0.00239088 0 0
 0.941827 0.0461693 0.0120037 0 0
 0.791401 0.0380133 0.147996 0.0225897 0
 0.846168 0.0940531 0.0597789 0 0
 0.134021 0.677848 0.182769 0.00536245 0
 0.80878 0.0450904 0.141981 0.00414843 0
 0.846168 0.0940531 0.0597789 0 0
 0.905697 0.0802665 0.012482 0.00150086 5.37128e-05
 0.989698 0.0102097 9.19794e-05 0 0
 0.975433 0.0193895 0.00387452 0.00125025 5.28907e-05
 0.303575 0.632131 0.0575291 0.00676475 0
 0.966965 0.00978017 0.0227588 0.000495775 0
 0.843318 0.132988 0.00938335 0.0141283 0.000182051
 0.564624 0.303363 0.111486 0.0197234 0.00080311
 0.826376 0.0876187 0.0782897 0.00655872 0.00115652
 0.89761 0.0855135 0.0140674 0.00269457 0.000114338
 0.34875 0.467042 0.161289 0.0227151 0.000203297
 0.318654 0.224769 0.449479 0.00709798 0
 0.937255 0.0296025 0.0250945 0.00804832 0
ppred_RECLAS
 0.518582 0.116932 0.342233 0.0222521 7.17652e-07
 0.480287 0.271874 0.0601979 0.176185 0.0114559
 0.629927 0.180823 0.0990011 0.0219207 0.0683282
 0.765702 0.14937 0.0414973 0.0227199 0.0207114
 0.707552 0.226658 0.0419426 0.0116524 0.0121954
 0.808858 0.135976 0.0427558 0.00791188 0.00449855
 0.542895 0.372191 0.0604068 0.0189941 0.00551328
 0.52791 0.265672 0.168073 0.0272783 0.011067
 0.628194 0.197535 0.0980723 0.0620437 0.0141551
 0.782528 0.13927 0.0415475 0.0206275 0.0160269
 0.866058 0.106361 0.0176634 0.0052694 0.00464881
 0.790181 0.182082 0.0220255 0.00365778 0.00205389
 0.740667 0.20757 0.0449196 0.00543368 0.00140907
 0.696263 0.228341 0.0603471 0.0130595 0.0019894
 0.79407 0.147643 0.0438184 0.0115806 0.00288787
 0.954871 0.0363391 0.00630219 0.0018704 0.000617589
 0.42353 0.551703 0.0199425 0.00345856 0.00136538
 0.920055 0.0344929 0.0434989 0.00157236 0.000380342
 0.651573 0.321402 0.0116603 0.0147048 0.00066011
 0.656958 0.227074 0.106974 0.00388097 0.00511397
 0.784893 0.143331 0.0475114 0.0223825 0.00188204
 0.784594 0.170224 0.0301054 0.00997933 0.00509654
 0.361993 0.50489 0.105196 0.0186046 0.00931663
 0.784571 0.0791789 0.107822 0.0224651 0.00596272
 0.675404 0.255833 0.0252731 0.0344156 0.00907387
 0.492266 0.345306 0.128019 0.0126467 0.0217622
 0.781205 0.10866 0.0749021 0.0277693 0.00746381
 0.73829 0.205402 0.0279641 0.0192763 0.00906736
 0.391629 0.451261 0.123307 0.0167875 0.0170153
 0.466192 0.21116 0.239325 0.0653956 0.0179272
 0.856931 0.0675693 0.0298656 0.0338491 0.0117848
pobs_PELACES
 0 0 0 0 0
 0 0 0 0 0
 0 0 0 0 0
 0 0 0 0 0
 0 0 0 0 0
 0 0 0 0 0
 0 0 0 0 0
 0 0 0 0 0
 0 0 0 0 0
 0 0 0 0 0
 0 0 0 0 0
 0 0 0 0 0
 0 0 0 0 0
 0 0 0 0 0
 0 0 0 0 0
 0 0 0 0 0
 0.505614 0.472636 0.0217494 0 0
 0 0 0 0 0
 0.443492 0.261883 0.143347 0.151278 0
 0.227955 0.32914 0.350689 0.0885471 0.00366901
 0.970185 0.0296113 0.000203453 0 0
 0.997202 0.00247181 0.000326279 0 0
 0.445219 0.490057 0.0546422 0.010081 0
 0.90214 0.0892962 0.00764917 0.000914606 0
 0 0 0 0 0
 0.581667 0.319106 0.0959925 0.00289975 0.000334073
 0.762889 0.0836404 0.116647 0.0363945 0.000428098
 0.88444 0.0763242 0.0277011 0.0115352 0
 0.521256 0.241999 0.230069 0.00667565 0
 0.616807 0.101726 0.260614 0.0208532 0
 0.833518 0.0704572 0.0857862 0.0102388 0
ppred_PELACES
 0.52158 0.116204 0.340102 0.0221135 7.13183e-07
 0.485782 0.268999 0.0595615 0.174322 0.0113348
 0.634945 0.178371 0.0976587 0.0216234 0.0674017
 0.771892 0.145423 0.0404009 0.0221196 0.0201641
 0.710086 0.224694 0.0415792 0.0115514 0.0120897
 0.81242 0.133442 0.0419591 0.00776444 0.00441471
 0.556023 0.361501 0.0586719 0.0184486 0.00535494
 0.530138 0.264418 0.16728 0.0271496 0.0110148
 0.636273 0.193243 0.0959413 0.0606956 0.0138475
 0.790203 0.134355 0.0400812 0.0198995 0.0154612
 0.867213 0.105443 0.017511 0.00522395 0.00460872
 0.796969 0.176191 0.0213129 0.00353944 0.00198744
 0.748032 0.201675 0.0436439 0.00527936 0.00136905
 0.710018 0.218 0.0576143 0.0124681 0.00189931
 0.801483 0.142329 0.0422411 0.0111637 0.00278392
 0.956312 0.0351783 0.00610086 0.00181065 0.000597859
 0.42876 0.546698 0.0197615 0.00342719 0.00135299
 0.921634 0.0338118 0.0426398 0.00154131 0.000372831
 0.658433 0.315074 0.0114308 0.0144153 0.000647114
 0.663154 0.222972 0.105041 0.00381087 0.0050216
 0.78844 0.140968 0.046728 0.0220134 0.00185101
 0.789074 0.166684 0.0294793 0.0097718 0.00499055
 0.365651 0.501995 0.104593 0.0184979 0.00926322
 0.786944 0.0783068 0.106634 0.0222177 0.00589705
 0.678502 0.253391 0.0250319 0.0340872 0.00898727
 0.495146 0.343347 0.127293 0.012575 0.0216388
 0.783613 0.107464 0.0740775 0.0274636 0.00738164
 0.740579 0.203606 0.0277195 0.0191077 0.00898807
 0.394231 0.449331 0.12278 0.0167156 0.0169425
 0.470213 0.20957 0.237522 0.0649031 0.0177922
 0.859049 0.0665691 0.0294236 0.033348 0.0116104
pobs_pel_tallas
 0 0 0 0 0 0 0 0 0 0 0 0 0 0 0 0 0 0 0 0 0 0 0 0 0 0
 0 0 0 0 0 0 0 0 0 0 0 0 0 0 0 0 0 0 0 0 0 0 0 0 0 0
 0 0 0 0 0 0 0 0 0 0 0 0 0 0 0 0 0 0 0 0 0 0 0 0 0 0
 0 0 0 0 0 0 0 0 0 0 0 0 0 0 0 0 0 0 0 0 0 0 0 0 0 0
 0 0 0 0 0 0 0 0 0 0 0 0 0 0 0 0 0 0 0 0 0 0 0 0 0 0
 0 0 0 0 0 0 0 0 0 0 0 0 0 0 0 0 0 0 0 0 0 0 0 0 0 0
 0 0 0 0 0 0 0 0 0 0 0 0 0 0 0 0 0 0 0 0 0 0 0 0 0 0
 0 0 0 0 0 0 0 0 0 0 0 0 0 0 0 0 0 0 0 0 0 0 0 0 0 0
 0 0 0 0 0 0 0 0 0 0 0 0 0 0 0 0 0 0 0 0 0 0 0 0 0 0
 0 0 0 0 0 0 0 0 0 0 0 0 0 0 0 0 0 0 0 0 0 0 0 0 0 0
 0 0 0 0 0 0 0 0 0 0 0 0 0 0 0 0 0 0 0 0 0 0 0 0 0 0
 0 0 0 0 0 0 0 0 0 0 0 0 0 0 0 0 0 0 0 0 0 0 0 0 0 0
 0.00862536 0 0 0.000197151 0.00414017 0.0128641 0.00837892 0.0270097 0.101434 0.158115 0.152841 0.127902 0.109271 0.109419 0.0830992 0.0579132 0.0238553 0.00714673 0.00463305 0.00128148 0.00103504 0.000492878 0.000147863 0.000147863 4.92878e-05 0
 0 0 0 0 0 0 0 0 0 0 0 0 0 0 0 0 0 0 0 0 0 0 0 0 0 0
 0 0 0 0 0 0 0 0.0054083 0.00873648 0.0413646 0.0450493 0.0745869 0.0622846 0.0627006 0.0613931 0.0827291 0.12552 0.122667 0.0946155 0.0697135 0.0546179 0.0294188 0.0215738 0.0213955 0.0102223 0.00600262
 0 0 0 0 0.00359764 0.0251062 0.0480494 0.140153 0.205849 0.193036 0.1447 0.116669 0.0760912 0.0342217 0.00950174 0.001854 0.000860785 0 0 0 0.000165536 0 0.000143464 0 0 0
 0 0 0 0 0 0 0 0.000145254 0.000435761 0.0275982 0.070085 0.0708112 0.156366 0.174668 0.174014 0.160142 0.0824315 0.0480064 0.0283245 0.00493863 0.00203355 0 0 0 0 0
 0 0 0 0 0 0 0 0 0 0 0 0 0 0 0 0 0 0 0 0 0 0 0 0 0 0
 0 0 1.00437e-05 0.000401748 0.00122533 0.00171747 0.00176769 0.0269171 0.070346 0.194647 0.189555 0.159765 0.064822 0.0314167 0.0384472 0.0292271 0.0345202 0.0313363 0.0194345 0.0106764 0.0143323 0.0359363 0.0279516 0.0138201 0.00172751 0
 0 0.0021121 0.0136068 0.0755702 0.200478 0.177729 0.0527432 0.0373336 0.0318909 0.0142505 0.0149659 0.0166563 0.0217959 0.0798694 0.0677717 0.0528807 0.04013 0.0224614 0.0357745 0.0225083 0.00881397 0.00855152 0.00135912 0.000746735 0 0
 0 0 0 0 5.4009e-05 0.00500934 0.000945158 0.0243581 0.138947 0.33067 0.221406 0.137944 0.0707744 0.0437923 0.0131692 0.00525238 0.0047753 0.00276346 9.45158e-05 9.00151e-06 2.25038e-05 9.00151e-06 4.50075e-06 0 0 0
 0.000866109 0.00284123 0.00948549 0.0512746 0.133035 0.25785 0.225252 0.132002 0.0553304 0.0519788 0.0540692 0.017754 0.00435017 0.00159236 0.00146478 0.000404838 0.000125132 0.000115318 0.000107957 0.000100596 0 0 0 0 0 0
 0 0 0 0 0.00144013 0.00171154 0.00461396 0.0210425 0.0478622 0.0707936 0.0888783 0.103762 0.0637923 0.0337046 0.0602308 0.124433 0.169614 0.0934646 0.0462172 0.0250306 0.0313229 0.00938855 0.002487 0.000210481 0 0
 0 0.00764035 0.051015 0.0998891 0.058973 0.0496711 0.0374665 0.0718981 0.12319 0.153886 0.159021 0.0857701 0.0377988 0.023471 0.0147837 0.00900784 0.00315554 0.000888139 0.00291439 0.00214683 0.00393193 0.00274676 0.000635225 9.99891e-05 0 0
 0 0 0 0 0 0 0 0 0 0 0 0 0 0 0 0 0 0 0 0 0 0 0 0 0 0
 0 0 0 0 0 0 0 0 0 0 0 0 0 0 0 0 0 0 0 0 0 0 0 0 0 0
 0 0 0 0 0 0 0 0 0 0 0 0 0 0 0 0 0 0 0 0 0 0 0 0 0 0
 0 0 0 0 0 0 0 0 0 0 0 0 0 0 0 0 0 0 0 0 0 0 0 0 0 0
 0 0 0 0 0 0 0 0 0 0 0 0 0 0 0 0 0 0 0 0 0 0 0 0 0 0
 0 0 0 0 0 0 0 0 0 0 0 0 0 0 0 0 0 0 0 0 0 0 0 0 0 0
 0 0 0 0 0 0 0 0 0 0 0 0 0 0 0 0 0 0 0 0 0 0 0 0 0 0
ppred_pel_tallas
 1.12063e-16 4.29619e-05 0.000417605 0.00277513 0.0126153 0.0392511 0.083629 0.122061 0.122073 0.0836864 0.0394454 0.013183 0.00422433 0.00366137 0.00643785 0.0111849 0.0175247 0.0249801 0.0329823 0.0410936 0.048953 0.055915 0.0607995 0.0621744 0.0591007 0.0517876
 1.21188e-16 4.00133e-05 0.000388943 0.00258467 0.0117495 0.0365573 0.0778902 0.113688 0.113714 0.0780174 0.0369847 0.0129854 0.00569223 0.00719186 0.0130192 0.021625 0.0315627 0.0406355 0.0467103 0.0490069 0.0486302 0.0477766 0.0482019 0.0501312 0.0523053 0.0529101
 1.16439e-16 5.22996e-05 0.000508371 0.00337831 0.0153573 0.0477823 0.101806 0.148592 0.14861 0.101891 0.0480671 0.0161816 0.00545414 0.00506217 0.00876717 0.0145884 0.0214351 0.0278745 0.0325013 0.0347399 0.0351812 0.0350928 0.0354925 0.0365234 0.0375188 0.0375424
 1.06834e-16 6.35798e-05 0.000618018 0.00410695 0.0186696 0.0580881 0.123763 0.180639 0.180653 0.123832 0.0583189 0.0193368 0.00578389 0.00428599 0.00705135 0.0116151 0.0168675 0.021522 0.0243241 0.024732 0.0232402 0.021016 0.019138 0.0180343 0.0174557 0.0168439
 1.04462e-16 5.84889e-05 0.000568533 0.0037781 0.0171747 0.053437 0.113854 0.166178 0.166199 0.11396 0.0537927 0.0182024 0.00635859 0.00620499 0.0107728 0.0177428 0.0256158 0.0323476 0.0358978 0.0353366 0.0313927 0.0259374 0.0208339 0.017049 0.0145459 0.0127609
 1.02771e-16 6.6918e-05 0.000650467 0.00432258 0.0196498 0.061138 0.130261 0.190123 0.190136 0.130324 0.0613498 0.0202621 0.00586117 0.00401528 0.00647506 0.0106452 0.0154371 0.0196407 0.0220646 0.0221534 0.0202938 0.0175055 0.0147786 0.0125899 0.0108833 0.00937224
 1.04542e-16 4.5799e-05 0.000445182 0.0029584 0.0134485 0.0418433 0.0891529 0.130129 0.130163 0.0893232 0.0424153 0.0151006 0.00710634 0.00950263 0.0172548 0.0284726 0.0410576 0.0517302 0.0571742 0.0558611 0.048947 0.0394585 0.030448 0.0235632 0.0188591 0.0155394
 1.09482e-16 4.36668e-05 0.000424457 0.00282067 0.0128224 0.0398952 0.085002 0.124068 0.124094 0.0851276 0.0403177 0.0140453 0.00590062 0.00718153 0.0129749 0.0216381 0.0317669 0.0412043 0.0477441 0.0503223 0.0495323 0.0469762 0.0440307 0.041077 0.0376788 0.0333108
 1.11249e-16 5.2409e-05 0.000509434 0.00338537 0.0153894 0.0478822 0.102019 0.148903 0.148922 0.102111 0.0481905 0.0162815 0.00563101 0.00543339 0.00946855 0.0157426 0.0230838 0.029912 0.0346607 0.03665 0.0364569 0.0353979 0.0345482 0.0340971 0.0334496 0.0318224
 1.05804e-16 6.5088e-05 0.000632679 0.00420437 0.0191125 0.0594661 0.126699 0.184924 0.184937 0.126763 0.0596794 0.0197292 0.00575445 0.0040236 0.00652635 0.0107434 0.0156075 0.0199258 0.0225366 0.0229311 0.0215512 0.0194553 0.0176234 0.0164476 0.0157149 0.0149464
 1.01837e-16 7.14312e-05 0.000694337 0.00461411 0.0209751 0.0652613 0.139047 0.202945 0.202955 0.139096 0.0654282 0.0214571 0.00582429 0.00333711 0.00509341 0.00831514 0.0119902 0.0151192 0.0167369 0.0164038 0.0144635 0.0118025 0.00930868 0.00745186 0.00622849 0.00538126
 1.01352e-16 6.56453e-05 0.000638096 0.00424037 0.0192761 0.0599753 0.127784 0.186509 0.186525 0.127867 0.0602538 0.0200804 0.00625889 0.00504349 0.00842916 0.0138229 0.0198863 0.0249652 0.027419 0.0264888 0.022745 0.0176977 0.0128967 0.00921952 0.0067573 0.00515479
 1.02073e-16 6.16145e-05 0.000598915 0.00398 0.0180925 0.0562926 0.119938 0.175057 0.175077 0.120033 0.056612 0.0190153 0.0062974 0.00566135 0.00968635 0.0159425 0.0230206 0.0290735 0.0322532 0.0316931 0.0280004 0.0228055 0.0177519 0.0137278 0.0107833 0.0085449
 1.03291e-16 5.84833e-05 0.000568478 0.00377774 0.0171731 0.0534319 0.113843 0.166162 0.166183 0.113946 0.0537775 0.0181719 0.0062871 0.00605335 0.0104956 0.0173118 0.0250563 0.0317671 0.0354756 0.0352613 0.0317681 0.0267068 0.0217682 0.0178126 0.014813 0.0123305
 1.02847e-16 6.60171e-05 0.00064171 0.00426439 0.0193853 0.0603149 0.128508 0.187564 0.187578 0.128575 0.0605408 0.0200381 0.00590471 0.00422853 0.00689562 0.0113415 0.0164397 0.020901 0.0234534 0.0235062 0.0214776 0.0184644 0.0155322 0.013194 0.0113875 0.00979834
 1.00468e-16 7.87702e-05 0.000765674 0.00508817 0.0231301 0.0719664 0.153332 0.223793 0.223797 0.153349 0.072022 0.0232909 0.00549196 0.00164749 0.00175449 0.00277851 0.00400114 0.00504465 0.0055826 0.00546623 0.00480736 0.00389867 0.00303456 0.00237277 0.00191701 0.00158968
 1.01283e-16 3.53165e-05 0.000343289 0.00228128 0.0103704 0.0322665 0.0687491 0.100352 0.100405 0.069006 0.033129 0.0128604 0.008527 0.0139623 0.025855 0.0425685 0.0610382 0.0761671 0.0827846 0.0785066 0.065187 0.0477357 0.0312868 0.018891 0.011041 0.00665069
 1.01457e-16 7.59138e-05 0.000737909 0.00490367 0.0222914 0.0693567 0.147772 0.215678 0.215681 0.147788 0.0694114 0.0224501 0.00530484 0.00162292 0.00178371 0.00289883 0.0043311 0.00578323 0.00699475 0.00782446 0.00829258 0.00849503 0.00847257 0.00816356 0.00747754 0.00640836
 1.01966e-16 5.42343e-05 0.000527177 0.00350328 0.0159254 0.04955 0.105573 0.154093 0.154123 0.105721 0.0500472 0.0173608 0.00710399 0.00837969 0.0149446 0.0245611 0.0352381 0.0440273 0.0479698 0.0457175 0.0383587 0.0287236 0.019739 0.0130947 0.00898154 0.00668307
 1.04321e-16 5.46232e-05 0.000530957 0.00352839 0.0160396 0.0499052 0.106329 0.155195 0.155217 0.106435 0.0502602 0.0170662 0.00611074 0.00618597 0.0108463 0.0179789 0.0262048 0.0335962 0.0381961 0.0390544 0.0367143 0.0326988 0.0284556 0.0246348 0.0211349 0.0176276
 1.03906e-16 6.49428e-05 0.000631267 0.00419499 0.0190698 0.0593334 0.126417 0.184512 0.184525 0.126483 0.0595573 0.0197172 0.00582235 0.00419174 0.00685048 0.0112847 0.0163974 0.0209342 0.0236616 0.0240157 0.0224151 0.0199207 0.0175273 0.0156573 0.014159 0.012657
 1.02718e-16 6.4995e-05 0.000631775 0.00419837 0.0190852 0.0593811 0.126518 0.184661 0.184677 0.126597 0.059645 0.0198473 0.00611206 0.00481133 0.00800856 0.0131525 0.0189777 0.0239455 0.0265346 0.0260485 0.0230229 0.018846 0.0149057 0.0119329 0.00992071 0.00847463
 1.0657e-16 3.01183e-05 0.000292761 0.0019455 0.00884399 0.0275172 0.0586301 0.0855824 0.0856309 0.0588668 0.0283121 0.0111407 0.00771317 0.0128922 0.0239837 0.0396675 0.0572917 0.0723628 0.080302 0.0789772 0.0699328 0.0572579 0.045057 0.0355163 0.0286934 0.0235598
 1.06324e-16 6.48196e-05 0.000630069 0.00418703 0.0190336 0.0592208 0.126176 0.18416 0.184167 0.126214 0.0593479 0.0194027 0.00512095 0.00269392 0.00405821 0.00679958 0.0102409 0.0138265 0.0170146 0.01953 0.0214441 0.02295 0.0240421 0.0244133 0.0236603 0.0216007
 1.05727e-16 5.58874e-05 0.000543245 0.00361006 0.0164108 0.0510603 0.10879 0.158788 0.158812 0.108909 0.0514608 0.0175678 0.00651404 0.00688246 0.0120952 0.0199093 0.028685 0.0361088 0.0398795 0.0389808 0.034309 0.0280773 0.0224774 0.0186254 0.0164089 0.015039
 1.08685e-16 4.07846e-05 0.000396441 0.00263449 0.011976 0.037262 0.0793919 0.115882 0.115915 0.0795543 0.0378076 0.0135534 0.00660007 0.00907351 0.0165793 0.0274994 0.0399722 0.0510252 0.0576326 0.0583749 0.0542152 0.0476982 0.0412625 0.0360311 0.031798 0.0278239
 1.06169e-16 6.45452e-05 0.000627402 0.00416931 0.0189531 0.0589701 0.125643 0.183381 0.183392 0.125694 0.0591422 0.0194513 0.00542491 0.00338497 0.00535067 0.00887275 0.0130802 0.0170947 0.0200612 0.0215889 0.021939 0.0217382 0.0214639 0.0211357 0.0204177 0.0189604
 1.0429e-16 6.10005e-05 0.000592947 0.00394034 0.0179122 0.0557317 0.118743 0.173313 0.173333 0.118839 0.0560538 0.0188425 0.0062758 0.00569236 0.00974927 0.0160314 0.0231154 0.0291341 0.0322363 0.0315924 0.0278953 0.0228881 0.0183025 0.0150312 0.0130149 0.0116786
 1.08202e-16 3.24724e-05 0.000315643 0.00209756 0.00953524 0.0296679 0.0632122 0.0922691 0.0923125 0.0634243 0.0303804 0.0115944 0.00727102 0.0116245 0.0215547 0.0356995 0.0516957 0.0655789 0.0733081 0.0729968 0.0659807 0.0557893 0.0459029 0.0380807 0.0322403 0.0274351
 1.16428e-16 3.87308e-05 0.000376478 0.00250183 0.011373 0.0353856 0.0753935 0.110043 0.110064 0.075494 0.0357242 0.0123554 0.00498482 0.00585293 0.0106046 0.0179039 0.0268059 0.0358542 0.04355 0.04917 0.0530317 0.0558965 0.0580516 0.0589187 0.0574901 0.053135
 1.06176e-16 7.07587e-05 0.0006878 0.00457067 0.0207776 0.0646469 0.137737 0.201033 0.20104 0.137769 0.0647531 0.021085 0.0053445 0.00238502 0.00331811 0.00543857 0.0079861 0.0103913 0.0121408 0.0130416 0.0133386 0.0135169 0.0139388 0.014601 0.0151702 0.0152178
pSPR Fmed_Fpbrs
0.607828   0.219446 0.219446
Fs Fmed_Fpbrs
0.276996   1.005 1.005
SSBpbr Bo_Bmed_Bpbrs
1.799e+06  1.00354e+06  304835 304835
Ro
161961
SPR SPRFo_SPRFmed_SPRFpbrs
1.15768e+06 703673 254049
Fref
1.005
Nvult_r0
 193213 16003.3 7073.45 8016.9 2791.15
CTP_r0
 27890.5 2900.58 1282.06 1453.06 505.893
YTP_r0
391291
Np
 225738 87118.5 6690.78 2957.33 4339.95
Nvult_p0
 187129 75387.1 5789.8 2559.09 3755.53
CTP_p0
 81160.1 37787.5 2902.12 1282.74 1882.45
YTP_p0
 1.38915e+06
CBA_c0
690650
log_Ro
11.8151
likeval ReclasPelacesDesembMPH_pf_preclas_ppelaces_ptallas_desvR_qrecl_qpela
 12.3059 18.8543 0.0379746 0.00255514 241.031 118.073 98.6555 0 25.967 0 0 0.193088 0 0 0
q_reclas_q_pelaces
1 1
M
1
N
 185787 42661.6 124860 8118.43 0.261828
 103930 60825.9 13468 39417.5 2563.02
 104117 30880.8 16907.3 3743.59 11669
 151045 31061.9 8629.5 4724.68 4306.99
 121424 39627.6 7333 2037.23 2132.17
 227716 39650.9 12467.7 2307.12 1311.78
 90018.2 66877.2 10854.2 3412.97 990.657
 38797.4 19791.3 12520.6 2032.1 824.435
 39481.7 13086.1 6497 4110.21 937.732
 54351.4 10366.6 3092.59 1535.41 1192.96
 102920 12832.5 2131.09 635.754 560.88
 140042 34361.3 4156.5 690.271 387.596
 115946 34456.1 7456.53 901.976 233.901
 80839.2 29295.5 7742.36 1675.5 255.234
 78689.1 15685.9 4655.34 1230.34 306.812
 462512 18531.5 3213.86 953.828 314.945
 90931 122351 4422.63 767.003 302.799
 701603 27180.7 34277.4 1239.03 299.712
 404977 209165 7588.45 9569.75 429.594
 307875 110962 52273.9 1896.48 2499
 459445 86630.6 28716.3 13528.2 1137.52
 609386 137672 24348.2 8070.93 4121.9
 121092 172986 36042.3 6374.33 3192.08
 370639 38212.2 52035.5 10841.8 2877.65
 307274 118916 11747.4 15997 4217.71
 138016 98517.8 36524.6 3608.17 6208.88
 319491 45402 31296.7 11603 3118.64
 361684 102453 13948.2 9614.84 4522.71
 101211 118566 32398.3 4410.81 4470.68
 72156.2 33492.4 37959.5 10372.5 2843.45
 280331 22694.1 10030.8 11368.7 3958.09
pred_Ctot
 13047.5 3873.54 11336.9 737.13 0.0237732
 12856.4 9614.39 2128.8 6230.5 405.121
 12655.5 4798.56 2627.23 581.717 1813.25
 28149.3 7291.53 2025.71 1109.08 1011.03
 8707.75 3672.99 679.679 188.826 197.626
 29567.4 6569.45 2065.68 382.249 217.34
 23865.5 21914.3 3556.7 1118.36 324.618
 2053.52 1359.39 859.993 139.577 56.6274
 7342.8 3065.82 1522.12 962.941 219.692
 12756.1 3029.58 903.793 448.715 348.636
 6063.07 979.767 162.71 48.5402 42.8236
 30288.7 9295.1 1124.38 186.726 104.849
 23663.5 8820.84 1908.89 230.908 59.8792
 25418.5 11244.5 2971.76 643.109 97.9668
 18555.9 4604.66 1366.6 361.171 90.0662
 84358.3 4261.36 739.036 219.335 72.4225
 10959.2 18855.4 681.567 118.202 46.664
 85545.7 4236.37 5342.47 193.115 46.7131
 66913.2 43745.4 1587.07 2001.44 89.8463
 46767.1 21400.7 10081.8 365.765 481.97
 54774.6 13210.1 4378.89 2062.88 173.459
 89842 25796.5 4562.28 1512.31 772.349
 11022.5 20266.2 4222.55 746.787 373.969
 30293.8 4027.94 5485.04 1142.83 303.332
 25234.7 12593.7 1244.1 1694.15 446.672
 9314.25 8601.01 3188.75 315.009 542.061
 26206.9 4802.65 3310.58 1227.37 329.891
 25133 9205.96 1253.33 863.949 406.392
 6484.25 9833.99 2687.14 365.836 370.802
 6701.79 4002.06 4535.85 1239.42 339.768
 27890.5 2900.58 1282.06 1453.06 505.893
F
 0.116585 0.152983 0.152983 0.152983 0.152983
 0.213587 0.280269 0.280269 0.280269 0.280269
 0.209531 0.274947 0.274947 0.274947 0.274947
 0.338055 0.443596 0.443596 0.443596 0.443596
 0.119177 0.156384 0.156384 0.156384 0.156384
 0.225239 0.295559 0.295559 0.295559 0.295559
 0.514772 0.675484 0.675484 0.675484 0.675484
 0.086801 0.1139 0.1139 0.1139 0.1139
 0.337253 0.442544 0.442544 0.442544 0.442544
 0.443492 0.581951 0.581951 0.581951 0.581951
 0.0970166 0.127305 0.127305 0.127305 0.127305
 0.402256 0.527841 0.527841 0.527841 0.527841
 0.375689 0.49298 0.49298 0.49298 0.49298
 0.639702 0.839418 0.839418 0.839418 0.839418
 0.446035 0.585288 0.585288 0.585288 0.585288
 0.329779 0.432737 0.432737 0.432737 0.432737
 0.207594 0.272406 0.272406 0.272406 0.272406
 0.210242 0.27588 0.27588 0.27588 0.27588
 0.29464 0.386627 0.386627 0.386627 0.386627
 0.268041 0.351724 0.351724 0.351724 0.351724
 0.205149 0.269197 0.269197 0.269197 0.269197
 0.259241 0.340176 0.340176 0.340176 0.340176
 0.153395 0.201285 0.201285 0.201285 0.201285
 0.136811 0.179523 0.179523 0.179523 0.179523
 0.137503 0.180431 0.180431 0.180431 0.180431
 0.111816 0.146725 0.146725 0.146725 0.146725
 0.13733 0.180204 0.180204 0.180204 0.180204
 0.115297 0.151294 0.151294 0.151294 0.151294
 0.105892 0.138952 0.138952 0.138952 0.138952
 0.156729 0.20566 0.20566 0.20566 0.20566
 0.168703 0.221373 0.221373 0.221373 0.221373
YTP_r0W_actual
 237069 47279.5 37051.5 50566.4 19325.1
YTP_p0W_proyectada
 610324 609135 67851.5 37840.7 64003.3
CTP_r0_actual
 27890.5 2900.58 1282.06 1453.06 505.893
CTP_p0_proyectada
 81160.1 37787.5 2902.12 1282.74 1882.45
Wmedp
 7.52 16.12 23.38 29.5 34
Frms_r0
 0.168703 0.221373 0.221373 0.221373 0.221373
Zrms_r0
 1.1687 1.22137 1.22137 1.22137 1.22137
nmprior
 8.19 8.8 8.5 0
nm_flota  nm_reclas  nm_pelaces    nm_pelaL
inf 13.1544 17.4785 41.2339
cv_recla  cv_pelaces  cv_mph
0.317309 0.492353 1.55996
 ------------------------------------------------
Talla a la edad & desviaci?n 
 8 13.2811 15.8009 17.003 17.5766
 0.8 1.32811 1.58009 1.7003 1.75766
