years
 1991 1992 1993 1994 1995 1996 1997 1998 1999 2000 2001 2002 2003 2004 2005 2006 2007 2008 2009 2010 2011 2012 2013 2014 2015 2016 2017 2018 2019 2020 2021
reclasobs
 0 0 0 0 0 0 0 0 0 252601 567819 844713 477998 351125 339783 2.1784e+06 2.13404e+06 4.81314e+06 1.55562e+06 2.62356e+06 3.21686e+06 3.843e+06 1.13348e+06 3.07943e+06 1.97215e+06 2.03268e+06 2.025e+06 2.42433e+06 2.27542e+06 1.05018e+06 2.36338e+06
reclaspred
 3.32644e+06 1.70448e+06 863119 746289 645632 2.16384e+06 1.03293e+06 757291 509797 275162 494358 773725 763450 535633 460423 1.5512e+06 1.03479e+06 3.78733e+06 2.75473e+06 1.90781e+06 3.17173e+06 2.7653e+06 1.77394e+06 3.141e+06 2.22182e+06 1.81696e+06 2.37393e+06 2.8765e+06 2.07742e+06 1.01618e+06 1.68058e+06
pelacesobs
 0 0 0 0 0 0 0 0 0 0 0 0 0 0 0 552880 188675 0 991730 2.46772e+06 1.41603e+06 1.21717e+06 2.29649e+06 1.80582e+06 0 1.4828e+06 1.56532e+06 1.57751e+06 1.42118e+06 867257 1.10002e+06
pelacespred
 2.10198e+06 1.09443e+06 503520 325900 344868 1.18269e+06 519890 529811 283299 122504 271073 352963 395152 259007 223368 667103 521491 2.06932e+06 1.60365e+06 964859 1.66998e+06 1.44939e+06 1.07335e+06 1.95327e+06 1.40166e+06 1.17083e+06 1.62224e+06 1.94971e+06 1.35301e+06 682880 969182
mphobs
 0 0 0 0 0 0 0 0 0 0 0 498337 0 5186 125008 0 168611 109162 213762 579715 649985 157893 87575 83554 0 0 0 0 0 0 0
mphpred
 565336 347711 151991 85709.2 68819.4 81514.1 226197 94321 74543.4 36665 17796.2 61337.3 70169.9 54385.3 28086.7 32650.2 165896 105902 390189 230560 233279 283021 292646 193405 326464 257539 189973 227049 376845 209922 92545.6
desembarqueobs
 494567 514787 250237 358949 120608 361735 552515 73892 212993 205616 52469 317467 293654 387597 252695 516296 358380 742168 942051 627588 828172 859565 418607 520667 417249 300574 415391 372974 316634 284311 391294
desembarquepred
 494533 514484 250137 358921 120600 361654 552258 73891.6 212983 205596 52467.7 317404 293551 387285 252560 516047 358347 741795 941268 626986 828089 859167 418491 520589 417108 300499 415278 372841 316516 284203 391224
Reclutas
 125114 88558.8 88381.1 85012.6 61337 229597 59822.9 20618.8 26942 36677.3 59093.6 111652 91157.3 66705 50318.4 282534 40214 489581 249684 212807 263342 409237 55877.4 202787 167473 64334.4 165109 198338 48911.6 31818.8 139202
log_desv_Rt
 0.231417 -0.114137 -0.116147 -0.155005 -0.481422 0.838522 -0.506416 -1.5716 -1.30412 -0.995645 -0.518682 0.11758 -0.0852178 -0.397525 -0.679433 1.04599 -0.903588 1.59574 0.922393 0.762583 0.975648 1.41649 -0.574645 0.714352 0.52302 -0.43371 0.508799 0.692168 -0.70779 -1.13775 0.338123
SSB
 1.16254e+06 715024 312552 176250 141519 167624 465147 193959 153289 75397 36595.7 126133 144296 111837 57756.9 67141.1 341145 217773 802374 474117 479709 581998 601789 397714 671332 529598 390655 466897 774935 431679 190308
BT
 1.74577e+06 1.19643e+06 552062 514494 333192 1.22389e+06 813962 428748 407499 283075 252158 523037 555272 596322 423841 940610 620705 2.28958e+06 2.00493e+06 1.21464e+06 1.92207e+06 1.80586e+06 1.05763e+06 1.96523e+06 1.32033e+06 1.05032e+06 1.63666e+06 1.81231e+06 1.10906e+06 718716 1.11307e+06
Ftot
 0.364057 0.714598 0.71437 1.22793 0.508525 0.526657 1.20289 0.25569 1.08423 1.83784 0.345848 1.14503 1.05783 1.87836 1.57749 1.06478 0.835253 0.630344 0.887983 0.891551 0.734922 0.871913 0.575237 0.499752 0.496898 0.424041 0.51683 0.392749 0.362052 0.663075 0.712913
BD_Bspro_t
 0.943797 0.649254 0.38769 0.28674 0.227537 0.307259 0.464902 0.238228 0.255781 0.174104 0.122856 0.40148 0.304281 0.219143 0.122784 0.143195 0.339213 0.24229 0.461445 0.313457 0.276224 0.314296 0.343044 0.286415 0.435489 0.437287 0.421774 0.49681 0.597016 0.45929 0.312923
BD_Bspro
 1.63843 1.00772 0.440494 0.248398 0.199449 0.23624 0.655554 0.273356 0.216038 0.106261 0.0515761 0.177765 0.203363 0.157617 0.0813996 0.0946253 0.480792 0.306919 1.13083 0.668196 0.676078 0.820239 0.848131 0.560517 0.946142 0.746388 0.55057 0.658021 1.09215 0.608386 0.268211
BD_Bo
 0.954831 0.58727 0.256708 0.14476 0.116233 0.137674 0.382038 0.159304 0.125901 0.0619257 0.0300571 0.103596 0.118514 0.0918547 0.0474374 0.055145 0.280192 0.178864 0.659014 0.389406 0.393999 0.478012 0.494267 0.326654 0.551385 0.434974 0.320857 0.383476 0.636477 0.35455 0.156306
BD_Brms
 1.73606 1.06776 0.466741 0.263199 0.211333 0.250317 0.694615 0.289644 0.228911 0.112592 0.0546493 0.188357 0.215481 0.167009 0.0862498 0.100264 0.50944 0.325207 1.19821 0.708011 0.716362 0.869113 0.898667 0.593916 1.00252 0.790862 0.583376 0.69723 1.15723 0.644637 0.284193
Sel_flota
 0.630266 0.970049 0.998378 0.999914 0.999995
 0.630266 0.970049 0.998378 0.999914 0.999995
 0.630266 0.970049 0.998378 0.999914 0.999995
 0.630266 0.970049 0.998378 0.999914 0.999995
 0.630266 0.970049 0.998378 0.999914 0.999995
 0.630266 0.970049 0.998378 0.999914 0.999995
 0.630266 0.970049 0.998378 0.999914 0.999995
 0.630266 0.970049 0.998378 0.999914 0.999995
 0.630266 0.970049 0.998378 0.999914 0.999995
 0.630266 0.970049 0.998378 0.999914 0.999995
 0.630266 0.970049 0.998378 0.999914 0.999995
 0.630266 0.970049 0.998378 0.999914 0.999995
 0.630266 0.970049 0.998378 0.999914 0.999995
 0.630266 0.970049 0.998378 0.999914 0.999995
 0.630266 0.970049 0.998378 0.999914 0.999995
 0.630266 0.970049 0.998378 0.999914 0.999995
 0.630266 0.970049 0.998378 0.999914 0.999995
 0.630266 0.970049 0.998378 0.999914 0.999995
 0.630266 0.970049 0.998378 0.999914 0.999995
 0.630266 0.970049 0.998378 0.999914 0.999995
 0.630266 0.970049 0.998378 0.999914 0.999995
 0.630266 0.970049 0.998378 0.999914 0.999995
 0.630266 0.970049 0.998378 0.999914 0.999995
 0.630266 0.970049 0.998378 0.999914 0.999995
 0.630266 0.970049 0.998378 0.999914 0.999995
 0.630266 0.970049 0.998378 0.999914 0.999995
 0.630266 0.970049 0.998378 0.999914 0.999995
 0.630266 0.970049 0.998378 0.999914 0.999995
 0.630266 0.970049 0.998378 0.999914 0.999995
 0.630266 0.970049 0.998378 0.999914 0.999995
 0.630266 0.970049 0.998378 0.999914 0.999995
Sel_reclas
 1 1 1 1 1
 1 1 1 1 1
 1 1 1 1 1
 1 1 1 1 1
 1 1 1 1 1
 1 1 1 1 1
 1 1 1 1 1
 1 1 1 1 1
 1 1 1 1 1
 1 1 1 1 1
 1 1 1 1 1
 1 1 1 1 1
 1 1 1 1 1
 1 1 1 1 1
 1 1 1 1 1
 1 1 1 1 1
 1 1 1 1 1
 1 1 1 1 1
 1 1 1 1 1
 1 1 1 1 1
 1 1 1 1 1
 1 1 1 1 1
 1 1 1 1 1
 1 1 1 1 1
 1 1 1 1 1
 1 1 1 1 1
 1 1 1 1 1
 1 1 1 1 1
 1 1 1 1 1
 1 1 1 1 1
 1 1 1 1 1
Sel_pelaces
 0.738624 1 1 1 1
 0.738624 1 1 1 1
 0.738624 1 1 1 1
 0.738624 1 1 1 1
 0.738624 1 1 1 1
 0.738624 1 1 1 1
 0.738624 1 1 1 1
 0.738624 1 1 1 1
 0.738624 1 1 1 1
 0.738624 1 1 1 1
 0.738624 1 1 1 1
 0.738624 1 1 1 1
 0.738624 1 1 1 1
 0.738624 1 1 1 1
 0.738624 1 1 1 1
 0.738624 1 1 1 1
 0.738624 1 1 1 1
 0.738624 1 1 1 1
 0.738624 1 1 1 1
 0.738624 1 1 1 1
 0.738624 1 1 1 1
 0.738624 1 1 1 1
 0.738624 1 1 1 1
 0.738624 1 1 1 1
 0.738624 1 1 1 1
 0.738624 1 1 1 1
 0.738624 1 1 1 1
 0.738624 1 1 1 1
 0.738624 1 1 1 1
 0.738624 1 1 1 1
 0.738624 1 1 1 1
pf_obs 
 0.8446 0.082 0.0669 0.0065 0
 0.8095 0.147 0.0364 0.0071 0
 0.9664 0.0169 0.016 0.0007 0
 0.9276 0.0648 0.0075 0.0001 0
 0.7033 0.2144 0.0806 0.0017 0
 0.9318 0.0425 0.0243 0.0014 0
 0.5671 0.3108 0.0964 0.0239 0.0018
 0.0768 0.2599 0.5324 0.112 0.0189
 0.490249 0.384438 0.106611 0.0170017 0.00170017
 0.7925 0.1577 0.0466 0.003 0.0002
 0.840416 0.127587 0.0312969 0.00059994 9.999e-05
 0.8084 0.0986 0.0794 0.0134 0.0002
 0.7335 0.1905 0.0724 0.0035 0.0001
 0.4001 0.4547 0.1325 0.0127 0
 0.49795 0.308269 0.164784 0.0264974 0.00249975
 0.9179 0.0499 0.0305 0.0017 0
 0.2467 0.6533 0.0926 0.0074 0
 0.9418 0.0223 0.034 0.0019 0
 0.707729 0.231977 0.0356964 0.0245975 0
 0.517169 0.277429 0.184464 0.0207286 0.00020938
 0.811772 0.124168 0.05621 0.00726502 0.000585176
 0.764997 0.148141 0.077277 0.00933861 0.000247198
 0.163321 0.427699 0.378323 0.0303852 0.000271297
 0.753843 0.0900009 0.118128 0.0371064 0.000921714
 0.721811 0.176058 0.0630433 0.0369309 0.00215725
 0.143369 0.312575 0.442814 0.0836902 0.0175525
 0.692698 0.0596174 0.167031 0.0765114 0.00414204
 0.394062 0.376323 0.152708 0.0712218 0.00568511
 0.125707 0.32114 0.495352 0.0537591 0.00404204
 0.23352 0.215282 0.420074 0.123614 0.00750983
 0.774587 0.0839891 0.0768558 0.0609784 0.00358967
pf_pred 
 0.505611 0.178774 0.28686 0.0287542 9.78419e-07
 0.520037 0.301981 0.0657668 0.102008 0.0102068
 0.666062 0.219948 0.0728275 0.015231 0.0259312
 0.70611 0.229463 0.0430327 0.01368 0.00771448
 0.709694 0.240268 0.0395062 0.0070414 0.00349099
 0.887013 0.0908904 0.0184028 0.00291746 0.000776248
 0.407343 0.551356 0.0334646 0.00652865 0.00130776
 0.436043 0.324104 0.22391 0.0129248 0.00301837
 0.631516 0.204532 0.095513 0.0638971 0.0045418
 0.817031 0.14115 0.0237213 0.0105544 0.00754292
 0.896532 0.0944308 0.00707468 0.00111489 0.000847545
 0.816148 0.17168 0.0111423 0.000807034 0.000223447
 0.751346 0.22293 0.0240981 0.00148866 0.000137307
 0.723679 0.23578 0.036524 0.00376372 0.000253294
 0.817048 0.157625 0.0218157 0.00316422 0.000346773
 0.965074 0.0316808 0.00281869 0.000367851 5.90132e-05
 0.348814 0.639099 0.0110117 0.000934185 0.000141109
 0.950971 0.0240881 0.0244975 0.000404392 3.93973e-05
 0.592339 0.396043 0.00582117 0.00569385 0.000102931
 0.68128 0.231624 0.0847203 0.00119162 0.00118382
 0.770535 0.183127 0.0340769 0.0119274 0.000333614
 0.806303 0.165921 0.0223511 0.00399215 0.00143323
 0.284639 0.632244 0.0716402 0.00923935 0.00223739
 0.798956 0.081227 0.106356 0.0116051 0.00185533
 0.65025 0.304767 0.0185714 0.0234497 0.00296197
 0.426303 0.434192 0.122139 0.00717793 0.0101883
 0.777542 0.122707 0.0761347 0.0206817 0.00293493
 0.7261 0.234456 0.0221173 0.0132301 0.0040958
 0.322468 0.55059 0.109203 0.00995455 0.00778353
 0.407262 0.25916 0.272794 0.0523037 0.00847998
 0.875857 0.0681677 0.0250246 0.0253206 0.00562984
pobs_RECLAS
 0 0 0 0 0
 0 0 0 0 0
 0 0 0 0 0
 0 0 0 0 0
 0 0 0 0 0
 0 0 0 0 0
 0 0 0 0 0
 0 0 0 0 0
 0 0 0 0 0
 0 0 0 0 0
 0.991045 0.00858322 0.000360255 1.14367e-05 0
 0.934742 0.0480273 0.0164251 0.00080598 0
 0.827803 0.169806 0.00239088 0 0
 0.941827 0.0461693 0.0120037 0 0
 0.791401 0.0380133 0.147996 0.0225897 0
 0.846168 0.0940531 0.0597789 0 0
 0.134021 0.677848 0.182769 0.00536245 0
 0.80878 0.0450904 0.141981 0.00414843 0
 0.846168 0.0940531 0.0597789 0 0
 0.905697 0.0802665 0.012482 0.00150086 5.37128e-05
 0.989698 0.0102097 9.19794e-05 0 0
 0.975433 0.0193895 0.00387452 0.00125025 5.28907e-05
 0.303575 0.632131 0.0575291 0.00676475 0
 0.966965 0.00978017 0.0227588 0.000495775 0
 0.843318 0.132988 0.00938335 0.0141283 0.000182051
 0.564624 0.303363 0.111486 0.0197234 0.00080311
 0.826376 0.0876187 0.0782897 0.00655872 0.00115652
 0.89761 0.0855135 0.0140674 0.00269457 0.000114338
 0.34875 0.467042 0.161289 0.0227151 0.000203297
 0.318654 0.224769 0.449479 0.00709798 0
 0.937255 0.0296025 0.0250945 0.00804832 0
ppred_RECLAS
 0.619091 0.140393 0.218635 0.0218804 7.44462e-07
 0.635045 0.232385 0.049039 0.0759341 0.00759721
 0.761885 0.158547 0.0508677 0.0106204 0.01808
 0.79902 0.158125 0.0286423 0.00908839 0.00512466
 0.794125 0.171287 0.0273173 0.00486097 0.00240977
 0.925413 0.0603593 0.0118528 0.00187599 0.0004991
 0.530342 0.437976 0.0256804 0.00500075 0.0010016
 0.54859 0.262685 0.176199 0.0101548 0.00237127
 0.738727 0.147244 0.0664797 0.0443939 0.00315521
 0.88632 0.0885015 0.0142956 0.00634702 0.00453552
 0.931199 0.0629554 0.00457787 0.000720267 0.000547507
 0.878948 0.113291 0.00710596 0.000513741 0.000142228
 0.831012 0.152026 0.0158913 0.00097992 9.03745e-05
 0.820636 0.153938 0.0229115 0.00235591 0.000158532
 0.883509 0.100881 0.0134497 0.00194687 0.000213338
 0.978249 0.0197905 0.00170261 0.000221797 3.55789e-05
 0.461395 0.528921 0.00882465 0.000747353 0.000112878
 0.968867 0.0155378 0.015318 0.000252441 2.45915e-05
 0.699899 0.291821 0.00415212 0.00405424 7.32844e-05
 0.775724 0.164428 0.0582178 0.000817427 0.000812
 0.842992 0.126106 0.0227354 0.00794423 0.000222184
 0.870119 0.111772 0.0145766 0.00259903 0.000932996
 0.386079 0.544525 0.0598275 0.00770316 0.00186523
 0.863932 0.0559826 0.0711013 0.00774561 0.0012382
 0.745429 0.222716 0.0131642 0.0165951 0.00209597
 0.539213 0.351293 0.0958835 0.00562586 0.00798461
 0.847663 0.0851922 0.0512677 0.0139039 0.00197293
 0.806076 0.166725 0.0152626 0.00911508 0.00282163
 0.427319 0.467988 0.0900851 0.00819867 0.00641005
 0.525283 0.211253 0.215522 0.0412537 0.00668786
 0.919083 0.0450816 0.0160361 0.0161984 0.00360128
pobs_PELACES
 0 0 0 0 0
 0 0 0 0 0
 0 0 0 0 0
 0 0 0 0 0
 0 0 0 0 0
 0 0 0 0 0
 0 0 0 0 0
 0 0 0 0 0
 0 0 0 0 0
 0 0 0 0 0
 0 0 0 0 0
 0 0 0 0 0
 0 0 0 0 0
 0 0 0 0 0
 0 0 0 0 0
 0 0 0 0 0
 0.505614 0.472636 0.0217494 0 0
 0 0 0 0 0
 0.443492 0.261883 0.143347 0.151278 0
 0.227955 0.32914 0.350689 0.0885471 0.00366901
 0.970185 0.0296113 0.000203453 0 0
 0.997202 0.00247181 0.000326279 0 0
 0.445219 0.490057 0.0546422 0.010081 0
 0.90214 0.0892962 0.00764917 0.000914606 0
 0 0 0 0 0
 0.581667 0.319106 0.0959925 0.00289975 0.000334073
 0.762889 0.0836404 0.116647 0.0363945 0.000428098
 0.88444 0.0763242 0.0277011 0.0115352 0
 0.521256 0.241999 0.230069 0.00667565 0
 0.616807 0.101726 0.260614 0.0208532 0
 0.833518 0.0704572 0.0857862 0.0102388 0
ppred_PELACES
 0.556188 0.163931 0.254423 0.0254573 8.66155e-07
 0.582632 0.266425 0.0558481 0.0864463 0.00864878
 0.719594 0.187131 0.0596388 0.0124472 0.0211894
 0.771602 0.180143 0.0322581 0.0102293 0.00576782
 0.751164 0.207197 0.0328877 0.00585067 0.00290036
 0.906811 0.0754842 0.01475 0.00233393 0.000620925
 0.488549 0.477312 0.0276739 0.00538566 0.00107866
 0.480431 0.302652 0.202522 0.0116703 0.00272515
 0.703179 0.168034 0.0751013 0.0501236 0.00356233
 0.876606 0.096437 0.015312 0.00679199 0.00485325
 0.912244 0.0803223 0.00582188 0.000915834 0.00069616
 0.859194 0.131868 0.00818313 0.000591274 0.000163688
 0.80368 0.17679 0.018298 0.00112772 0.000104003
 0.807025 0.166031 0.0242812 0.00249438 0.000167841
 0.870116 0.112703 0.0148058 0.00214146 0.000234651
 0.974003 0.0236752 0.00201664 0.000262564 4.21172e-05
 0.410016 0.579457 0.00959262 0.000812047 0.000122646
 0.961154 0.0194446 0.0190569 0.000313958 3.05837e-05
 0.655579 0.334997 0.00472704 0.00461352 8.33921e-05
 0.738878 0.191868 0.0673694 0.000945495 0.000939195
 0.811757 0.1514 0.0271088 0.00946885 0.000264819
 0.845268 0.133311 0.0172445 0.00307335 0.00110324
 0.33144 0.59335 0.0648424 0.00834642 0.00202095
 0.832601 0.0690639 0.0873065 0.00950855 0.00152
 0.695874 0.266229 0.0156632 0.0197404 0.0024932
 0.475694 0.400097 0.108772 0.00638072 0.00905585
 0.813593 0.10447 0.0625659 0.0169636 0.00240705
 0.762477 0.204316 0.0186352 0.0111271 0.00344442
 0.36481 0.519392 0.0996423 0.00906682 0.00708874
 0.469057 0.237095 0.240392 0.0459986 0.00745694
 0.90114 0.0552456 0.019521 0.0197115 0.00438223
pobs_pel_tallas
 0 0 0 0 0 0 0 0 0 0 0 0 0 0 0 0 0 0 0 0 0 0 0 0 0 0
 0 0 0 0 0 0 0 0 0 0 0 0 0 0 0 0 0 0 0 0 0 0 0 0 0 0
 0 0 0 0 0 0 0 0 0 0 0 0 0 0 0 0 0 0 0 0 0 0 0 0 0 0
 0 0 0 0 0 0 0 0 0 0 0 0 0 0 0 0 0 0 0 0 0 0 0 0 0 0
 0 0 0 0 0 0 0 0 0 0 0 0 0 0 0 0 0 0 0 0 0 0 0 0 0 0
 0 0 0 0 0 0 0 0 0 0 0 0 0 0 0 0 0 0 0 0 0 0 0 0 0 0
 0 0 0 0 0 0 0 0 0 0 0 0 0 0 0 0 0 0 0 0 0 0 0 0 0 0
 0 0 0 0 0 0 0 0 0 0 0 0 0 0 0 0 0 0 0 0 0 0 0 0 0 0
 0 0 0 0 0 0 0 0 0 0 0 0 0 0 0 0 0 0 0 0 0 0 0 0 0 0
 0 0 0 0 0 0 0 0 0 0 0 0 0 0 0 0 0 0 0 0 0 0 0 0 0 0
 0 0 0 0 0 0 0 0 0 0 0 0 0 0 0 0 0 0 0 0 0 0 0 0 0 0
 0 0 0 0 0 0 0 0 0 0 0 0 0 0 0 0 0 0 0 0 0 0 0 0 0 0
 0.00862536 0 0 0.000197151 0.00414017 0.0128641 0.00837892 0.0270097 0.101434 0.158115 0.152841 0.127902 0.109271 0.109419 0.0830992 0.0579132 0.0238553 0.00714673 0.00463305 0.00128148 0.00103504 0.000492878 0.000147863 0.000147863 4.92878e-05 0
 0 0 0 0 0 0 0 0 0 0 0 0 0 0 0 0 0 0 0 0 0 0 0 0 0 0
 0 0 0 0 0 0 0 0.0054083 0.00873648 0.0413646 0.0450493 0.0745869 0.0622846 0.0627006 0.0613931 0.0827291 0.12552 0.122667 0.0946155 0.0697135 0.0546179 0.0294188 0.0215738 0.0213955 0.0102223 0.00600262
 0 0 0 0 0.00359764 0.0251062 0.0480494 0.140153 0.205849 0.193036 0.1447 0.116669 0.0760912 0.0342217 0.00950174 0.001854 0.000860785 0 0 0 0.000165536 0 0.000143464 0 0 0
 0 0 0 0 0 0 0 0.000145254 0.000435761 0.0275982 0.070085 0.0708112 0.156366 0.174668 0.174014 0.160142 0.0824315 0.0480064 0.0283245 0.00493863 0.00203355 0 0 0 0 0
 0 0 0 0 0 0 0 0 0 0 0 0 0 0 0 0 0 0 0 0 0 0 0 0 0 0
 0 0 1.00437e-05 0.000401748 0.00122533 0.00171747 0.00176769 0.0269171 0.070346 0.194647 0.189555 0.159765 0.064822 0.0314167 0.0384472 0.0292271 0.0345202 0.0313363 0.0194345 0.0106764 0.0143323 0.0359363 0.0279516 0.0138201 0.00172751 0
 0 0.0021121 0.0136068 0.0755702 0.200478 0.177729 0.0527432 0.0373336 0.0318909 0.0142505 0.0149659 0.0166563 0.0217959 0.0798694 0.0677717 0.0528807 0.04013 0.0224614 0.0357745 0.0225083 0.00881397 0.00855152 0.00135912 0.000746735 0 0
 0 0 0 0 5.4009e-05 0.00500934 0.000945158 0.0243581 0.138947 0.33067 0.221406 0.137944 0.0707744 0.0437923 0.0131692 0.00525238 0.0047753 0.00276346 9.45158e-05 9.00151e-06 2.25038e-05 9.00151e-06 4.50075e-06 0 0 0
 0.000866109 0.00284123 0.00948549 0.0512746 0.133035 0.25785 0.225252 0.132002 0.0553304 0.0519788 0.0540692 0.017754 0.00435017 0.00159236 0.00146478 0.000404838 0.000125132 0.000115318 0.000107957 0.000100596 0 0 0 0 0 0
 0 0 0 0 0.00144013 0.00171154 0.00461396 0.0210425 0.0478622 0.0707936 0.0888783 0.103762 0.0637923 0.0337046 0.0602308 0.124433 0.169614 0.0934646 0.0462172 0.0250306 0.0313229 0.00938855 0.002487 0.000210481 0 0
 0 0.00764035 0.051015 0.0998891 0.058973 0.0496711 0.0374665 0.0718981 0.12319 0.153886 0.159021 0.0857701 0.0377988 0.023471 0.0147837 0.00900784 0.00315554 0.000888139 0.00291439 0.00214683 0.00393193 0.00274676 0.000635225 9.99891e-05 0 0
 0 0 0 0 0 0 0 0 0 0 0 0 0 0 0 0 0 0 0 0 0 0 0 0 0 0
 0 0 0 0 0 0 0 0 0 0 0 0 0 0 0 0 0 0 0 0 0 0 0 0 0 0
 0 0 0 0 0 0 0 0 0 0 0 0 0 0 0 0 0 0 0 0 0 0 0 0 0 0
 0 0 0 0 0 0 0 0 0 0 0 0 0 0 0 0 0 0 0 0 0 0 0 0 0 0
 0 0 0 0 0 0 0 0 0 0 0 0 0 0 0 0 0 0 0 0 0 0 0 0 0 0
 0 0 0 0 0 0 0 0 0 0 0 0 0 0 0 0 0 0 0 0 0 0 0 0 0 0
 0 0 0 0 0 0 0 0 0 0 0 0 0 0 0 0 0 0 0 0 0 0 0 0 0 0
ppred_pel_tallas
 1.09938e-16 4.58125e-05 0.000445314 0.00295927 0.0134524 0.0418555 0.0891782 0.130162 0.130178 0.0892573 0.0421223 0.0142277 0.00492286 0.00478964 0.00846559 0.0143632 0.0217103 0.0294311 0.0363825 0.0419185 0.0460499 0.0489999 0.0506054 0.0501952 0.0470812 0.0412015
 1.11813e-16 4.79907e-05 0.000466486 0.00309997 0.014092 0.0438456 0.0934187 0.136353 0.136378 0.0935445 0.0442682 0.0153132 0.00616851 0.00717616 0.0128247 0.0212191 0.0307938 0.0392441 0.0442875 0.0449627 0.0422238 0.0382511 0.035025 0.0332699 0.0324135 0.0313123
 1.06604e-16 5.9272e-05 0.000576145 0.00382869 0.0174047 0.0541525 0.115378 0.168402 0.16842 0.115467 0.0544496 0.0182636 0.00598757 0.00529856 0.00905636 0.0149534 0.0217138 0.0276876 0.0312354 0.0316158 0.0294093 0.0260693 0.0229746 0.0207344 0.0191591 0.0177042
 1.02979e-16 6.35559e-05 0.000617786 0.0041054 0.0186626 0.0580663 0.123717 0.180572 0.18059 0.123802 0.0583514 0.0194863 0.00617374 0.00513518 0.00864947 0.0142162 0.0205148 0.0258883 0.0286935 0.0281779 0.02492 0.0204186 0.016172 0.0129683 0.0107993 0.00923826
 1.0208e-16 6.18725e-05 0.000601422 0.00399666 0.0181683 0.0565283 0.12044 0.17579 0.17581 0.120538 0.0568561 0.019115 0.00637337 0.00579063 0.00991954 0.0163073 0.0234994 0.0295799 0.0326359 0.0317805 0.0276703 0.0220428 0.0166646 0.012511 0.009652 0.00766638
 1.00785e-16 7.46928e-05 0.000726041 0.0048248 0.0219328 0.0682412 0.145395 0.21221 0.212218 0.145431 0.0683607 0.0222781 0.00569164 0.00261934 0.00367323 0.00596167 0.00859753 0.0108459 0.0120105 0.0117676 0.0103493 0.00837373 0.00646578 0.00496477 0.00389025 0.00309599
 1.01644e-16 4.02413e-05 0.00039116 0.00259939 0.0118165 0.0367658 0.078335 0.114342 0.114388 0.0785595 0.0375192 0.0139918 0.00805635 0.012293 0.0226124 0.0372361 0.0534406 0.0667903 0.0727898 0.069363 0.0581078 0.0432586 0.0292228 0.0185903 0.0117463 0.00774436
 1.07554e-16 3.95725e-05 0.000384659 0.00255619 0.0116201 0.0361546 0.0770323 0.112437 0.112467 0.0771762 0.0366384 0.0130205 0.00608308 0.00812285 0.0148496 0.0247824 0.0363813 0.0471696 0.0545865 0.0573512 0.0560607 0.0524736 0.0481427 0.0435769 0.0384582 0.0324352
 1.0784e-16 5.79199e-05 0.000563002 0.00374135 0.0170076 0.0529172 0.112746 0.16456 0.164576 0.112826 0.0531849 0.0177822 0.00569037 0.00483393 0.0082174 0.0136215 0.0199225 0.0257087 0.0295862 0.0309379 0.0302597 0.0287226 0.0273236 0.0263166 0.0252811 0.0236157
 1.0197e-16 7.22049e-05 0.000701857 0.00466409 0.0212023 0.0659682 0.140553 0.205142 0.205152 0.140598 0.0661208 0.0216431 0.00577087 0.00311886 0.00466529 0.00760597 0.0109685 0.0138356 0.0153276 0.0150483 0.0133186 0.0109539 0.00876593 0.00717528 0.0061613 0.0054669
 1.00399e-16 7.51403e-05 0.000730391 0.0048537 0.0220642 0.0686501 0.146267 0.213482 0.21349 0.146304 0.0687769 0.0224304 0.00577245 0.00273452 0.00387694 0.00627885 0.00901035 0.011273 0.0123088 0.0117695 0.00992251 0.00747543 0.00516226 0.00341035 0.00227809 0.00160364
 1.00357e-16 7.07707e-05 0.000687916 0.00457145 0.0207811 0.0646579 0.137761 0.201069 0.201082 0.137823 0.0648661 0.0213821 0.00607915 0.00397634 0.00630747 0.0102928 0.0147667 0.0184556 0.020113 0.0191628 0.0160435 0.0119219 0.00801447 0.00503878 0.00310758 0.0019681
 1.00705e-16 6.61981e-05 0.000643469 0.00427608 0.0194384 0.0604803 0.12886 0.188079 0.188096 0.128944 0.0607596 0.020245 0.00630003 0.00505968 0.00844712 0.0138433 0.0198953 0.0249323 0.0272959 0.0262151 0.0222605 0.0169596 0.0118938 0.00798099 0.00535123 0.00367716
 1.01022e-16 6.64736e-05 0.000646147 0.00429388 0.0195193 0.060732 0.129397 0.188861 0.188877 0.129475 0.0609946 0.0202777 0.00619733 0.00480127 0.00795734 0.0130484 0.0187857 0.0236116 0.0259815 0.025175 0.021714 0.0169972 0.0124596 0.00891348 0.00645103 0.00476619
 1.00711e-16 7.16703e-05 0.000696661 0.00462956 0.0210453 0.0654798 0.139512 0.203624 0.203635 0.139565 0.065658 0.0215599 0.00592107 0.0035156 0.00542399 0.00884977 0.0127322 0.0159904 0.0175729 0.0169916 0.0146058 0.0113737 0.00827922 0.00588071 0.00424099 0.00314496
 1.00098e-16 8.02274e-05 0.000779839 0.0051823 0.023558 0.0732977 0.156169 0.227933 0.227935 0.15618 0.0733351 0.023666 0.0054532 0.00137084 0.00120153 0.00185643 0.00265944 0.00332918 0.00363883 0.00348522 0.00294604 0.00222804 0.00154562 0.00102352 0.000679271 0.000467196
 1.00528e-16 3.37726e-05 0.000328281 0.00218155 0.00991704 0.0308559 0.0657438 0.0959666 0.0960224 0.066016 0.0317697 0.0125549 0.00879714 0.0147508 0.0273677 0.0450409 0.0645275 0.0804026 0.0871616 0.0822679 0.0677053 0.0487324 0.0308732 0.0174469 0.00903569 0.00450044
 1.00592e-16 7.9169e-05 0.000769551 0.00511394 0.0232472 0.0723307 0.154108 0.224926 0.224928 0.154118 0.072362 0.0233378 0.00534263 0.00127273 0.00104627 0.00163414 0.00241514 0.00317913 0.00376474 0.00408866 0.00417396 0.00410289 0.00393646 0.00367486 0.00328597 0.00276242
 1.00699e-16 5.39992e-05 0.000524892 0.00348809 0.0158564 0.0493352 0.105115 0.153425 0.153458 0.105273 0.0498635 0.0173814 0.00731281 0.00886322 0.0158575 0.026045 0.0373142 0.0465052 0.0504403 0.0476615 0.0393244 0.0284737 0.0182976 0.0106971 0.00597939 0.00345393
 1.02248e-16 6.08604e-05 0.000591585 0.00393129 0.0178711 0.0556037 0.11847 0.172915 0.172933 0.118561 0.0559084 0.0187518 0.00614481 0.00543301 0.00928261 0.0153194 0.0222225 0.0282737 0.0317443 0.0318024 0.0289574 0.0246292 0.0202215 0.0164516 0.0133324 0.0105874
 1.01816e-16 6.68634e-05 0.000649936 0.00431906 0.0196338 0.0610881 0.130155 0.189968 0.189983 0.130227 0.0613278 0.0203261 0.00605721 0.00444603 0.00728131 0.0119447 0.0172312 0.0217338 0.0240646 0.0235824 0.0207637 0.0168595 0.0131272 0.0102385 0.00820934 0.00671545
 1.01027e-16 6.96236e-05 0.000676766 0.00449735 0.0204443 0.0636099 0.135528 0.19781 0.197823 0.135591 0.0638207 0.021053 0.00602503 0.00401119 0.00640077 0.0104675 0.015062 0.0189192 0.0207979 0.0201242 0.0173265 0.013541 0.00993211 0.0071562 0.00527891 0.00403404
 1.03202e-16 2.73004e-05 0.00026537 0.00176348 0.00801655 0.0249428 0.0531453 0.0775791 0.0776363 0.0534246 0.0258803 0.0107241 0.00855809 0.0150923 0.0281692 0.0464806 0.0668456 0.0838262 0.0918844 0.0884469 0.0754329 0.0579542 0.0412848 0.0284548 0.0198464 0.0143184
 1.03749e-16 6.85803e-05 0.000666625 0.00442996 0.0201379 0.0626566 0.133497 0.194844 0.194851 0.13353 0.0627684 0.0204623 0.0052501 0.0024765 0.00356292 0.00593039 0.00888237 0.0118903 0.0144408 0.0162609 0.0174038 0.0180661 0.0183134 0.0179812 0.0168313 0.0147979
 1.02922e-16 5.73183e-05 0.000557154 0.00370249 0.016831 0.0523676 0.111576 0.162853 0.162879 0.111701 0.052788 0.0180448 0.00674794 0.00720092 0.0126622 0.0208097 0.0298975 0.0374483 0.0409872 0.0393958 0.0335971 0.0259562 0.0188872 0.0137352 0.010576 0.008742
 1.05414e-16 3.91824e-05 0.000380867 0.002531 0.0115056 0.0357983 0.0762735 0.111331 0.11137 0.0764623 0.0364326 0.0133387 0.00713628 0.0104466 0.019192 0.0317598 0.0459636 0.0582466 0.0649831 0.0644615 0.0578436 0.0482632 0.0388449 0.031224 0.0254314 0.0207395
 1.03941e-16 6.70146e-05 0.000651406 0.00432882 0.0196782 0.0612262 0.130449 0.190397 0.190407 0.130499 0.0613931 0.0201611 0.00554491 0.00331893 0.00517077 0.00854093 0.0125284 0.0162411 0.0188074 0.0198154 0.0195132 0.0185483 0.017472 0.0164273 0.0152165 0.013597
 1.02289e-16 6.28043e-05 0.00061048 0.00405686 0.0184419 0.0573797 0.122254 0.178438 0.178457 0.12235 0.0577025 0.0193741 0.00639613 0.00571507 0.0097514 0.0160065 0.0230177 0.0288771 0.0316888 0.0305901 0.0262709 0.0205156 0.0151434 0.0111654 0.0086429 0.00709123
 1.05118e-16 3.0049e-05 0.000292087 0.00194103 0.00882365 0.0274539 0.0584953 0.0853861 0.0854362 0.0587401 0.028276 0.0111987 0.00790445 0.0133161 0.0247818 0.0409649 0.0591069 0.0745282 0.0824559 0.0806563 0.0707247 0.05693 0.043601 0.0331135 0.0256412 0.0202015
 1.12873e-16 3.86357e-05 0.000375553 0.00249568 0.011345 0.0352987 0.0752084 0.109774 0.109797 0.0753219 0.0356806 0.0124524 0.00529145 0.00653242 0.0118892 0.0200061 0.0297784 0.039462 0.0472475 0.0522277 0.0547519 0.0557988 0.0559509 0.0549097 0.0518985 0.046468
 1.03296e-16 7.42257e-05 0.0007215 0.00479462 0.0217957 0.0678144 0.144486 0.210883 0.210888 0.144512 0.0679023 0.0220499 0.00543405 0.00212186 0.00274731 0.00446092 0.0065076 0.00837751 0.00961278 0.0100242 0.00980014 0.00935783 0.00905074 0.00896487 0.00893045 0.00868838
pSPR Fmed_Fpbrs
0.353603   0.6 0.325
Fs Fmed_Fpbrs
0.712929   0.313499 0.783934
SSBpbr Bo_Bmed_Bpbrs
1.21754e+06  369648  669646 334823
Ro
99266.2
SPR SPRFo_SPRFmed_SPRFpbrs
709547 250898 230603
Fref
0.313499
Nvult_r0
 106527 6287.22 2269.35 2294.12 510.057
CTP_r0
 33026 2570.41 943.604 954.765 212.285
YTP_r0
391224
Np
 116455 32674.8 1419.9 500.001 595.818
Nvult_p0
 81294.9 23806.4 1037.92 365.558 435.616
CTP_p0
 13412.7 5551.48 247.42 87.2438 103.97
YTP_p0
 202247
CBA_c0
334531
log_Ro
11.3256
likeval ReclasPelacesDesembMPH_pf_preclas_ppelaces_ptallas_desvR_qrecl_qpela
 12.0295 16.6755 0.0251036 0.000845251 247.761 116.391 103.118 0 28.0066 3.66539e-05 8.95683e-05 0.00954213 6.97364e-16 0 0
q_reclas_q_pelaces
2.35823 3.84375
M
1
N
 125114 30182.6 47246.5 4729.64 0.160924
 88558.8 36589.8 7799.92 12084.4 1209.08
 88381.1 20765.2 6729.99 1405.9 2393.43
 85012.6 20726.5 3820.22 1213.32 684.189
 61337 14423.7 2316.97 412.453 204.473
 229597 16377 3240.03 513.02 136.49
 59822.9 60605.9 3614.65 704.532 141.118
 20618.8 10311.4 6941.55 400.137 93.438
 26942 6456.26 2960.07 1978.32 140.612
 36677.3 5004.48 829.688 368.89 263.625
 59093.6 4236.9 309.604 48.725 37.0386
 111652 17481.6 1114.43 80.641 22.3263
 91157.3 19959.6 2117.87 130.703 12.0548
 66705 17216.5 2631.52 270.981 18.236
 50318.4 7511.35 1024.06 148.414 16.2643
 282534 6849.21 598.201 77.9911 12.5112
 40214 53128 896.95 76.0108 11.4808
 489581 8738.9 8692.55 143.323 13.9622
 249684 121057 1744.24 1704.28 30.8078
 212807 52485.3 18819.2 264.418 262.672
 263342 44633 8131 2842.75 79.5083
 409237 60962.4 8049.12 1436.13 515.559
 55877.4 86900 9625.91 1239.94 300.244
 202787 14305 18297.2 1994.02 318.768
 167473 54444.4 3240.81 4086.99 516.201
 64334.4 45044.3 12368.6 725.954 1030.34
 165109 18116.7 10982.5 2979.67 422.816
 198338 43853.9 4036.93 2411.66 746.555
 48911.6 56965 11021.8 1003.38 784.494
 31818.8 14322.4 14749.8 2824.73 457.945
 139202 7707.12 2769.35 2798.91 622.279
pred_Ctot
 16521.2 5841.57 9373.37 939.565 0.0319706
 21051.9 12224.6 2662.33 4129.43 413.186
 21004 6936 2296.59 480.305 817.732
 30796.4 10007.8 1876.83 596.641 336.46
 10912.4 3694.42 607.458 108.27 53.6784
 42114.6 4315.4 873.749 138.519 36.8556
 21350.3 28898.5 1753.99 342.189 68.5441
 1965.58 1460.98 1009.33 58.2621 13.6061
 8905.47 2884.25 1346.9 901.06 64.0472
 17410.1 3007.77 505.477 224.903 160.732
 7447.15 784.4 58.7667 9.26092 7.04023
 38434.5 8084.85 524.721 38.0054 10.5227
 29577.6 8775.89 948.649 58.6029 5.40525
 32088.7 10454.7 1619.51 166.887 11.2313
 21671.8 4180.94 578.651 83.9295 9.19798
 92126.9 3024.28 269.075 35.1154 5.63346
 10855.1 19888.7 342.684 29.0717 4.3913
 104781 2654.1 2699.2 44.5571 4.34091
 70762.3 47312.4 695.413 680.202 12.2965
 60502.4 20569.9 7523.76 105.824 105.131
 64066.2 15226.2 2833.33 991.704 27.7384
 114316 23523.9 3168.88 565.997 203.199
 11061.7 24570.4 2784.1 359.062 86.9499
 35532.5 3612.46 4730.05 516.122 82.5134
 29197.9 13684.9 833.906 1052.95 133
 9747.07 9927.43 2792.6 164.117 232.946
 29792.9 4701.71 2917.23 792.454 112.457
 28051.3 9057.7 854.451 511.114 158.232
 6426.43 10972.6 2176.3 198.383 155.117
 7106.64 4522.3 4760.21 912.689 147.974
 33026 2570.41 943.604 954.765 212.285
F
 0.229453 0.353154 0.363467 0.364026 0.364056
 0.450387 0.693195 0.713438 0.714537 0.714594
 0.450243 0.692974 0.713211 0.714308 0.714366
 0.773924 1.19115 1.22594 1.22783 1.22793
 0.320506 0.493294 0.5077 0.508481 0.508523
 0.331934 0.510883 0.525802 0.526612 0.526654
 0.758143 1.16687 1.20094 1.20279 1.20289
 0.161153 0.248032 0.255276 0.255669 0.255689
 0.683353 1.05176 1.08247 1.08414 1.08422
 1.15833 1.78279 1.83486 1.83768 1.83783
 0.217977 0.33549 0.345287 0.345819 0.345847
 0.721672 1.11073 1.14317 1.14493 1.14502
 0.666717 1.02615 1.05612 1.05774 1.05783
 1.18386 1.8221 1.87531 1.8782 1.87835
 0.994239 1.53024 1.57493 1.57736 1.57748
 0.671094 1.03289 1.06305 1.06469 1.06477
 0.526432 0.810237 0.833898 0.835182 0.83525
 0.397285 0.611465 0.629322 0.63029 0.630342
 0.559666 0.861388 0.886543 0.887907 0.887979
 0.561914 0.864848 0.890104 0.891475 0.891547
 0.463196 0.712911 0.73373 0.734859 0.734919
 0.549537 0.845798 0.870498 0.871838 0.871909
 0.362552 0.558008 0.574303 0.575187 0.575234
 0.314976 0.484784 0.498941 0.499709 0.499749
 0.313178 0.482016 0.496092 0.496856 0.496896
 0.267258 0.411341 0.423353 0.424005 0.424039
 0.325741 0.501351 0.515992 0.516786 0.516828
 0.247536 0.380986 0.392112 0.392715 0.392747
 0.228189 0.351208 0.361464 0.362021 0.36205
 0.417913 0.643215 0.661999 0.663018 0.663072
 0.449325 0.691561 0.711756 0.712852 0.71291
YTP_r0W_actual
 280721 41897.6 27270.2 33225.8 8109.28
YTP_p0W_proyectada
 100863 89489.9 5784.68 2573.69 3534.98
CTP_r0_actual
 33026 2570.41 943.604 954.765 212.285
CTP_p0_proyectada
 13412.7 5551.48 247.42 87.2438 103.97
Wmedp
 7.52 16.12 23.38 29.5 34
Frms_r0
 0.449325 0.691561 0.711756 0.712852 0.71291
Zrms_r0
 1.44932 1.69156 1.71176 1.71285 1.71291
nmprior
 8.19 8.8 8.5 0
nm_flota  nm_reclas  nm_pelaces    nm_pelaL
inf 19.4152 12.1636 25.7383
cv_recla  cv_pelaces  cv_mph
0.313724 0.463033 0.897218
 ------------------------------------------------
Talla a la edad & desviaci?n 
 8 13.2811 15.8009 17.003 17.5766
 0.8 1.32811 1.58009 1.7003 1.75766
