years
 1991 1992 1993 1994 1995 1996 1997 1998 1999 2000 2001 2002 2003 2004 2005 2006 2007 2008 2009 2010 2011 2012 2013 2014 2015 2016 2017 2018 2019 2020 2021
reclasobs
 0 0 0 0 0 0 0 0 0 252601 567819 844713 477998 351125 339783 2.1784e+06 2.13404e+06 4.81314e+06 1.55562e+06 2.62356e+06 3.21686e+06 3.843e+06 1.13348e+06 3.07943e+06 1.97215e+06 2.03268e+06 2.025e+06 2.42433e+06 2.27542e+06 1.05018e+06 2.36338e+06
reclaspred
 3.4142e+06 1.74966e+06 881437 769066 685805 2.17641e+06 1.07643e+06 794224 525276 277932 494974 771938 766665 538333 465542 1.5191e+06 1.06565e+06 3.70843e+06 2.8194e+06 1.89691e+06 3.19457e+06 2.73291e+06 1.78519e+06 3.11945e+06 2.21506e+06 1.82257e+06 2.34969e+06 2.78607e+06 2.06975e+06 1.01508e+06 1.71108e+06
pelacesobs
 0 0 0 0 0 0 0 0 0 0 0 0 0 0 0 552880 188675 0 991730 2.46772e+06 1.41603e+06 1.21717e+06 2.29649e+06 1.80582e+06 0 1.4828e+06 1.56532e+06 1.57751e+06 1.42118e+06 867257 1.10002e+06
pelacespred
 2.35509e+06 1.20523e+06 547111 338211 372840 1.15299e+06 554819 574635 301689 121786 262438 341794 386987 250945 216989 618908 537173 1.94119e+06 1.62147e+06 976479 1.648e+06 1.42111e+06 1.10056e+06 1.91081e+06 1.42642e+06 1.20656e+06 1.58823e+06 1.85914e+06 1.39246e+06 724241 972475
mphobs
 0 0 0 0 0 0 0 0 0 0 0 498337 0 5186 125008 0 168611 109162 213762 579715 649985 157893 87575 83554 0 0 0 0 0 0 0
mphpred
 558689 346347 151475 85775.2 71470.7 86945.3 230867 96507.9 76973.2 37544.1 18016.4 62390.3 70047 54489.7 28460.2 33586 165274 107223 387408 234587 229503 285418 287425 188618 326191 251927 186329 224994 365349 200693 86201.1
desembarqueobs
 494567 514787 250237 358949 120608 361735 552515 73892 212993 205616 52469 317467 293654 387597 252695 516296 358380 742168 942051 627588 828172 859565 418607 520667 417249 300574 415391 372974 316634 284311 391294
desembarquepred
 494534 514469 250158 358924 120601 361657 552270 73892.1 212989 205602 52467.9 317411 293556 387293 252563 516055 358368 741795 941287 626982 828109 859189 418502 520598 417118 300505 415286 372849 316528 284217 391228
Reclutas
 127109 88427.2 87869.3 86970.2 63655.8 226836 60109 20997.8 26805.9 36296.7 59040.6 110054 91111.8 66904.6 50644.5 278250 41804.6 479067 256552 205374 265599 397527 55810.2 201619 160901 64091.2 162868 189876 47874 32883.1 148743
log_desv_Rt
 0.247242 -0.115626 -0.121955 -0.132239 -0.444315 0.826425 -0.501644 -1.55339 -1.30918 -1.00608 -0.51958 0.103165 -0.0857175 -0.394536 -0.672974 1.03071 -0.864798 1.57404 0.949527 0.727029 0.984182 1.38746 -0.575848 0.708577 0.482984 -0.437498 0.495134 0.648565 -0.729231 -1.10485 0.404415
SSB
 1.12116e+06 695040 303976 172131 143425 174479 463297 193669 154468 75342.4 36154.8 125203 140568 109348 57113.1 67399.4 331666 215171 777440 470762 460560 572769 576795 378512 654591 505561 373919 451511 733171 402746 172986
BT
 1.70178e+06 1.17273e+06 541237 515216 341131 1.22073e+06 813021 431922 408410 281893 251476 517641 550804 594758 425320 928686 615736 2.24423e+06 1.99949e+06 1.1931e+06 1.90994e+06 1.76821e+06 1.02816e+06 1.93392e+06 1.28333e+06 1.02066e+06 1.60154e+06 1.74266e+06 1.05721e+06 689598 1.1351e+06
Ftot
 0.376283 0.735684 0.735009 1.24283 0.49949 0.53449 1.21375 0.25605 1.09255 1.87343 0.353461 1.17843 1.08804 1.92205 1.59974 1.10585 0.853821 0.656841 0.906367 0.923704 0.757078 0.90691 0.601643 0.519706 0.518132 0.444066 0.539397 0.416348 0.384545 0.704118 0.727843
BD_Bspro_t
 0.941994 0.642552 0.380388 0.281229 0.229245 0.3144 0.463422 0.238206 0.257556 0.174131 0.121797 0.399633 0.299257 0.21565 0.121677 0.143501 0.333244 0.24001 0.45422 0.311573 0.268234 0.310376 0.333751 0.277153 0.429546 0.4265 0.411816 0.488417 0.583845 0.442498 0.297105
BD_Bspro
 1.58239 0.980969 0.429027 0.242943 0.202428 0.246258 0.65389 0.273342 0.218013 0.106337 0.0510284 0.17671 0.198396 0.154333 0.0806086 0.0951265 0.468109 0.30369 1.09727 0.664426 0.650028 0.808398 0.81408 0.534227 0.923879 0.713541 0.527744 0.637255 1.03479 0.568429 0.24415
BD_Bo
 0.933715 0.578837 0.253154 0.143353 0.119446 0.145308 0.385839 0.16129 0.128642 0.062746 0.0301101 0.10427 0.117067 0.0910666 0.0475644 0.056131 0.276215 0.179197 0.64746 0.392055 0.383559 0.477008 0.480361 0.315229 0.54515 0.421036 0.311404 0.376023 0.610593 0.335411 0.144065
BD_Brms
 1.69766 1.05243 0.460281 0.260641 0.217175 0.264197 0.701525 0.293254 0.233895 0.114084 0.0547457 0.189583 0.212849 0.165576 0.0864808 0.102056 0.50221 0.325813 1.1772 0.712828 0.697381 0.867288 0.873384 0.573144 0.991182 0.765521 0.566189 0.683678 1.11017 0.609838 0.261935
Sel_flota
 0.616023 0.968236 0.998276 0.999909 0.999995
 0.616023 0.968236 0.998276 0.999909 0.999995
 0.616023 0.968236 0.998276 0.999909 0.999995
 0.616023 0.968236 0.998276 0.999909 0.999995
 0.616023 0.968236 0.998276 0.999909 0.999995
 0.616023 0.968236 0.998276 0.999909 0.999995
 0.616023 0.968236 0.998276 0.999909 0.999995
 0.616023 0.968236 0.998276 0.999909 0.999995
 0.616023 0.968236 0.998276 0.999909 0.999995
 0.616023 0.968236 0.998276 0.999909 0.999995
 0.616023 0.968236 0.998276 0.999909 0.999995
 0.616023 0.968236 0.998276 0.999909 0.999995
 0.616023 0.968236 0.998276 0.999909 0.999995
 0.616023 0.968236 0.998276 0.999909 0.999995
 0.616023 0.968236 0.998276 0.999909 0.999995
 0.616023 0.968236 0.998276 0.999909 0.999995
 0.616023 0.968236 0.998276 0.999909 0.999995
 0.616023 0.968236 0.998276 0.999909 0.999995
 0.616023 0.968236 0.998276 0.999909 0.999995
 0.616023 0.968236 0.998276 0.999909 0.999995
 0.616023 0.968236 0.998276 0.999909 0.999995
 0.616023 0.968236 0.998276 0.999909 0.999995
 0.616023 0.968236 0.998276 0.999909 0.999995
 0.616023 0.968236 0.998276 0.999909 0.999995
 0.616023 0.968236 0.998276 0.999909 0.999995
 0.616023 0.968236 0.998276 0.999909 0.999995
 0.616023 0.968236 0.998276 0.999909 0.999995
 0.616023 0.968236 0.998276 0.999909 0.999995
 0.616023 0.968236 0.998276 0.999909 0.999995
 0.616023 0.968236 0.998276 0.999909 0.999995
 0.616023 0.968236 0.998276 0.999909 0.999995
Sel_reclas
 0.918632 0.982704 0.996515 0.999306 0.999862
 0.918632 0.982704 0.996515 0.999306 0.999862
 0.918632 0.982704 0.996515 0.999306 0.999862
 0.918632 0.982704 0.996515 0.999306 0.999862
 0.918632 0.982704 0.996515 0.999306 0.999862
 0.918632 0.982704 0.996515 0.999306 0.999862
 0.918632 0.982704 0.996515 0.999306 0.999862
 0.918632 0.982704 0.996515 0.999306 0.999862
 0.918632 0.982704 0.996515 0.999306 0.999862
 0.918632 0.982704 0.996515 0.999306 0.999862
 0.918632 0.982704 0.996515 0.999306 0.999862
 0.918632 0.982704 0.996515 0.999306 0.999862
 0.918632 0.982704 0.996515 0.999306 0.999862
 0.918632 0.982704 0.996515 0.999306 0.999862
 0.918632 0.982704 0.996515 0.999306 0.999862
 0.918632 0.982704 0.996515 0.999306 0.999862
 0.918632 0.982704 0.996515 0.999306 0.999862
 0.918632 0.982704 0.996515 0.999306 0.999862
 0.918632 0.982704 0.996515 0.999306 0.999862
 0.918632 0.982704 0.996515 0.999306 0.999862
 0.918632 0.982704 0.996515 0.999306 0.999862
 0.918632 0.982704 0.996515 0.999306 0.999862
 0.918632 0.982704 0.996515 0.999306 0.999862
 0.918632 0.982704 0.996515 0.999306 0.999862
 0.918632 0.982704 0.996515 0.999306 0.999862
 0.918632 0.982704 0.996515 0.999306 0.999862
 0.918632 0.982704 0.996515 0.999306 0.999862
 0.918632 0.982704 0.996515 0.999306 0.999862
 0.918632 0.982704 0.996515 0.999306 0.999862
 0.918632 0.982704 0.996515 0.999306 0.999862
 0.918632 0.982704 0.996515 0.999306 0.999862
Sel_pelaces
 0.543681 0.857064 0.967924 0.993458 0.998693
 0.543681 0.857064 0.967924 0.993458 0.998693
 0.543681 0.857064 0.967924 0.993458 0.998693
 0.543681 0.857064 0.967924 0.993458 0.998693
 0.543681 0.857064 0.967924 0.993458 0.998693
 0.543681 0.857064 0.967924 0.993458 0.998693
 0.543681 0.857064 0.967924 0.993458 0.998693
 0.543681 0.857064 0.967924 0.993458 0.998693
 0.543681 0.857064 0.967924 0.993458 0.998693
 0.543681 0.857064 0.967924 0.993458 0.998693
 0.543681 0.857064 0.967924 0.993458 0.998693
 0.543681 0.857064 0.967924 0.993458 0.998693
 0.543681 0.857064 0.967924 0.993458 0.998693
 0.543681 0.857064 0.967924 0.993458 0.998693
 0.543681 0.857064 0.967924 0.993458 0.998693
 0.543681 0.857064 0.967924 0.993458 0.998693
 0.543681 0.857064 0.967924 0.993458 0.998693
 0.543681 0.857064 0.967924 0.993458 0.998693
 0.543681 0.857064 0.967924 0.993458 0.998693
 0.543681 0.857064 0.967924 0.993458 0.998693
 0.543681 0.857064 0.967924 0.993458 0.998693
 0.543681 0.857064 0.967924 0.993458 0.998693
 0.543681 0.857064 0.967924 0.993458 0.998693
 0.543681 0.857064 0.967924 0.993458 0.998693
 0.543681 0.857064 0.967924 0.993458 0.998693
 0.543681 0.857064 0.967924 0.993458 0.998693
 0.543681 0.857064 0.967924 0.993458 0.998693
 0.543681 0.857064 0.967924 0.993458 0.998693
 0.543681 0.857064 0.967924 0.993458 0.998693
 0.543681 0.857064 0.967924 0.993458 0.998693
 0.543681 0.857064 0.967924 0.993458 0.998693
pf_obs 
 0.8446 0.082 0.0669 0.0065 0
 0.8095 0.147 0.0364 0.0071 0
 0.9664 0.0169 0.016 0.0007 0
 0.9276 0.0648 0.0075 0.0001 0
 0.7033 0.2144 0.0806 0.0017 0
 0.9318 0.0425 0.0243 0.0014 0
 0.5671 0.3108 0.0964 0.0239 0.0018
 0.0768 0.2599 0.5324 0.112 0.0189
 0.490249 0.384438 0.106611 0.0170017 0.00170017
 0.7925 0.1577 0.0466 0.003 0.0002
 0.840416 0.127587 0.0312969 0.00059994 9.999e-05
 0.8084 0.0986 0.0794 0.0134 0.0002
 0.7335 0.1905 0.0724 0.0035 0.0001
 0.4001 0.4547 0.1325 0.0127 0
 0.49795 0.308269 0.164784 0.0264974 0.00249975
 0.9179 0.0499 0.0305 0.0017 0
 0.2467 0.6533 0.0926 0.0074 0
 0.9418 0.0223 0.034 0.0019 0
 0.707729 0.231977 0.0356964 0.0245975 0
 0.517169 0.277429 0.184464 0.0207286 0.00020938
 0.811772 0.124168 0.05621 0.00726502 0.000585176
 0.764997 0.148141 0.077277 0.00933861 0.000247198
 0.163321 0.427699 0.378323 0.0303852 0.000271297
 0.753843 0.0900009 0.118128 0.0371064 0.000921714
 0.721811 0.176058 0.0630433 0.0369309 0.00215725
 0.143369 0.312575 0.442814 0.0836902 0.0175525
 0.692698 0.0596174 0.167031 0.0765114 0.00414204
 0.394062 0.376323 0.152708 0.0712218 0.00568511
 0.125707 0.32114 0.495352 0.0537591 0.00404204
 0.23352 0.215282 0.420074 0.123614 0.00750983
 0.796117 0.104755 0.0508955 0.0450114 0.00322123
pf_pred 
 0.512845 0.177657 0.281502 0.0279949 9.94324e-07
 0.517588 0.309731 0.0644384 0.0984686 0.00977384
 0.663936 0.222928 0.0737985 0.0147009 0.0246365
 0.71062 0.227003 0.0419931 0.0133078 0.00707634
 0.708811 0.243254 0.0380431 0.0066656 0.00322594
 0.879158 0.0975339 0.0195941 0.00294849 0.000765019
 0.40642 0.550248 0.0352402 0.00680495 0.00128691
 0.434874 0.328663 0.220046 0.0133585 0.00305847
 0.623572 0.210587 0.0978281 0.0632988 0.0047138
 0.813022 0.144179 0.0244969 0.0108086 0.00749351
 0.895476 0.0955505 0.00702918 0.00111455 0.000829529
 0.812323 0.175403 0.0112548 0.000798664 0.000220452
 0.752556 0.222128 0.0237409 0.0014445 0.00013042
 0.724369 0.236651 0.035173 0.0035708 0.000236221
 0.816807 0.158937 0.0210299 0.00291179 0.000313954
 0.963738 0.0330052 0.002849 0.000353996 5.41137e-05
 0.360082 0.628037 0.0108634 0.000890726 0.000127238
 0.949275 0.0259362 0.0243488 0.000402288 3.76032e-05
 0.602268 0.38635 0.00593925 0.00534695 9.63811e-05
 0.668573 0.245565 0.0835175 0.0012248 0.00111969
 0.776071 0.177868 0.0345425 0.0112041 0.000313696
 0.800208 0.172659 0.0217471 0.00404172 0.00134447
 0.289062 0.628086 0.0720541 0.00865913 0.00213914
 0.801865 0.0825502 0.102593 0.0113015 0.00168994
 0.641328 0.31441 0.0188641 0.0225488 0.00284935
 0.432024 0.428749 0.12264 0.00707767 0.00950922
 0.778152 0.125186 0.073636 0.0202883 0.00273829
 0.719149 0.241535 0.0225688 0.012764 0.00398296
 0.325455 0.547485 0.109842 0.00989232 0.00732581
 0.425104 0.257291 0.25954 0.0502102 0.0078549
 0.884421 0.0665722 0.0224574 0.021705 0.00484468
pobs_RECLAS
 0 0 0 0 0
 0 0 0 0 0
 0 0 0 0 0
 0 0 0 0 0
 0 0 0 0 0
 0 0 0 0 0
 0 0 0 0 0
 0 0 0 0 0
 0 0 0 0 0
 0 0 0 0 0
 0.991045 0.00858322 0.000360255 1.14367e-05 0
 0.934742 0.0480273 0.0164251 0.00080598 0
 0.827803 0.169806 0.00239088 0 0
 0.941827 0.0461693 0.0120037 0 0
 0.791401 0.0380133 0.147996 0.0225897 0
 0.846168 0.0940531 0.0597789 0 0
 0.134021 0.677848 0.182769 0.00536245 0
 0.80878 0.0450904 0.141981 0.00414843 0
 0.846168 0.0940531 0.0597789 0 0
 0.905697 0.0802665 0.012482 0.00150086 5.37128e-05
 0.989698 0.0102097 9.19794e-05 0 0
 0.975433 0.0193895 0.00387452 0.00125025 5.28907e-05
 0.303575 0.632131 0.0575291 0.00676475 0
 0.966965 0.00978017 0.0227588 0.000495775 0
 0.843318 0.132988 0.00938335 0.0141283 0.000182051
 0.564624 0.303363 0.111486 0.0197234 0.00080311
 0.826376 0.0876187 0.0782897 0.00655872 0.00115652
 0.89761 0.0855135 0.0140674 0.00269457 0.000114338
 0.34875 0.467042 0.161289 0.0227151 0.000203297
 0.318654 0.224769 0.449479 0.00709798 0
 0.937255 0.0296025 0.0250945 0.00804832 0
ppred_RECLAS
 0.613334 0.142604 0.221963 0.022098 7.85242e-07
 0.621219 0.244843 0.0499486 0.0764029 0.00758714
 0.751167 0.166125 0.0539258 0.0107529 0.0180286
 0.795111 0.161505 0.0291973 0.00926023 0.00492631
 0.785359 0.17984 0.0276128 0.00484325 0.00234507
 0.916398 0.0677151 0.0133534 0.00201152 0.000522155
 0.518328 0.447239 0.0279978 0.0054109 0.00102374
 0.534646 0.272594 0.179362 0.0109009 0.00249695
 0.722225 0.15687 0.0712949 0.046171 0.00343987
 0.879221 0.0937278 0.0154787 0.00683307 0.00473937
 0.92738 0.0664842 0.00480484 0.000762696 0.000567918
 0.871514 0.120258 0.00754456 0.000535826 0.000147969
 0.82571 0.156804 0.0163965 0.00099851 9.01938e-05
 0.815184 0.159319 0.0230052 0.00233665 0.000154645
 0.878813 0.105497 0.0136018 0.00188452 0.000203282
 0.976439 0.0214865 0.00181436 0.000225634 3.45074e-05
 0.462641 0.527578 0.0089421 0.000733897 0.000104883
 0.966157 0.0174662 0.0160855 0.000266034 2.48786e-05
 0.699276 0.292285 0.00440137 0.00396617 7.15247e-05
 0.757051 0.180971 0.0602839 0.000884904 0.000809329
 0.841012 0.126789 0.0241413 0.00783814 0.000219557
 0.860414 0.120961 0.0149241 0.00277626 0.000923941
 0.380403 0.548577 0.0617546 0.00742908 0.00183612
 0.859879 0.0590061 0.0719889 0.00793856 0.00118763
 0.728862 0.238198 0.0140297 0.016788 0.00212238
 0.533114 0.353985 0.0994337 0.00574462 0.00772179
 0.841509 0.090147 0.0520492 0.0143558 0.00193849
 0.793021 0.178438 0.0163753 0.00927126 0.0028944
 0.419114 0.473032 0.0932223 0.00840472 0.00622707
 0.531075 0.212099 0.209832 0.0406347 0.00635984
 0.921298 0.0456961 0.0151162 0.0146244 0.00326574
pobs_PELACES
 0 0 0 0 0
 0 0 0 0 0
 0 0 0 0 0
 0 0 0 0 0
 0 0 0 0 0
 0 0 0 0 0
 0 0 0 0 0
 0 0 0 0 0
 0 0 0 0 0
 0 0 0 0 0
 0 0 0 0 0
 0 0 0 0 0
 0 0 0 0 0
 0 0 0 0 0
 0 0 0 0 0
 0 0 0 0 0
 0.505614 0.472636 0.0217494 0 0
 0 0 0 0 0
 0.443492 0.261883 0.143347 0.151278 0
 0.227955 0.32914 0.350689 0.0885471 0.00366901
 0.970185 0.0296113 0.000203453 0 0
 0.997202 0.00247181 0.000326279 0 0
 0.445219 0.490057 0.0546422 0.010081 0
 0.90214 0.0892962 0.00764917 0.000914606 0
 0 0 0 0 0
 0.581667 0.319106 0.0959925 0.00289975 0.000334073
 0.762889 0.0836404 0.116647 0.0363945 0.000428098
 0.88444 0.0763242 0.0277011 0.0115352 0
 0.521256 0.241999 0.230069 0.00667565 0
 0.616807 0.101726 0.260614 0.0208532 0
 0.833518 0.0704572 0.0857862 0.0102388 0
ppred_PELACES
 0.512276 0.168009 0.290154 0.0295601 1.05534e-06
 0.537503 0.2866 0.0646416 0.101163 0.010093
 0.682401 0.204185 0.0732805 0.01495 0.0251829
 0.748372 0.193878 0.0385568 0.0125079 0.00668511
 0.720956 0.229562 0.0390609 0.00701044 0.00341035
 0.885715 0.0906365 0.0198005 0.00305195 0.00079595
 0.454922 0.502334 0.0346034 0.00684027 0.00130023
 0.434183 0.316654 0.231454 0.0143956 0.00331296
 0.656356 0.185031 0.0926462 0.0613728 0.00459385
 0.857164 0.108306 0.0195534 0.0088259 0.00615009
 0.899415 0.091194 0.00731429 0.00118811 0.000888846
 0.839845 0.148916 0.0102839 0.000747075 0.000207271
 0.783121 0.193119 0.0222485 0.00138593 0.000125775
 0.786959 0.181272 0.028601 0.00297025 0.000197493
 0.85404 0.125446 0.0177294 0.00251199 0.000272231
 0.969408 0.0276435 0.00257133 0.000327095 5.02583e-05
 0.391708 0.596064 0.0111567 0.000936757 0.000134502
 0.95211 0.0235 0.0239466 0.000405217 3.80723e-05
 0.636041 0.352598 0.00586038 0.00540245 9.78826e-05
 0.696345 0.220328 0.0809938 0.00121625 0.00111759
 0.79309 0.161352 0.0339595 0.0112805 0.000317464
 0.820829 0.153038 0.0208403 0.00396605 0.00132609
 0.30614 0.60664 0.0756032 0.0093059 0.00231078
 0.806076 0.0767343 0.103726 0.0117041 0.00175918
 0.656223 0.297562 0.0194189 0.0237764 0.00301999
 0.442692 0.411376 0.128128 0.00757461 0.0102294
 0.785239 0.116427 0.0744667 0.0210157 0.0028511
 0.728574 0.230169 0.0234274 0.0135728 0.00425721
 0.333976 0.53119 0.116143 0.0107151 0.00797617
 0.440207 0.238718 0.261188 0.0517497 0.00813747
 0.891664 0.0598864 0.021904 0.0216812 0.00486429
pobs_pel_tallas
 0 0 0 0 0 0 0 0 0 0 0 0 0 0 0 0 0 0 0 0 0 0 0 0 0 0
 0 0 0 0 0 0 0 0 0 0 0 0 0 0 0 0 0 0 0 0 0 0 0 0 0 0
 0 0 0 0 0 0 0 0 0 0 0 0 0 0 0 0 0 0 0 0 0 0 0 0 0 0
 0 0 0 0 0 0 0 0 0 0 0 0 0 0 0 0 0 0 0 0 0 0 0 0 0 0
 0 0 0 0 0 0 0 0 0 0 0 0 0 0 0 0 0 0 0 0 0 0 0 0 0 0
 0 0 0 0 0 0 0 0 0 0 0 0 0 0 0 0 0 0 0 0 0 0 0 0 0 0
 0 0 0 0 0 0 0 0 0 0 0 0 0 0 0 0 0 0 0 0 0 0 0 0 0 0
 0 0 0 0 0 0 0 0 0 0 0 0 0 0 0 0 0 0 0 0 0 0 0 0 0 0
 0 0 0 0 0 0 0 0 0 0 0 0 0 0 0 0 0 0 0 0 0 0 0 0 0 0
 0 0 0 0 0 0 0 0 0 0 0 0 0 0 0 0 0 0 0 0 0 0 0 0 0 0
 0 0 0 0 0 0 0 0 0 0 0 0 0 0 0 0 0 0 0 0 0 0 0 0 0 0
 0 0 0 0 0 0 0 0 0 0 0 0 0 0 0 0 0 0 0 0 0 0 0 0 0 0
 0.00862536 0 0 0.000197151 0.00414017 0.0128641 0.00837892 0.0270097 0.101434 0.158115 0.152841 0.127902 0.109271 0.109419 0.0830992 0.0579132 0.0238553 0.00714673 0.00463305 0.00128148 0.00103504 0.000492878 0.000147863 0.000147863 4.92878e-05 0
 0 0 0 0 0 0 0 0 0 0 0 0 0 0 0 0 0 0 0 0 0 0 0 0 0 0
 0 0 0 0 0 0 0 0.0054083 0.00873648 0.0413646 0.0450493 0.0745869 0.0622846 0.0627006 0.0613931 0.0827291 0.12552 0.122667 0.0946155 0.0697135 0.0546179 0.0294188 0.0215738 0.0213955 0.0102223 0.00600262
 0 0 0 0 0.00359764 0.0251062 0.0480494 0.140153 0.205849 0.193036 0.1447 0.116669 0.0760912 0.0342217 0.00950174 0.001854 0.000860785 0 0 0 0.000165536 0 0.000143464 0 0 0
 0 0 0 0 0 0 0 0.000145254 0.000435761 0.0275982 0.070085 0.0708112 0.156366 0.174668 0.174014 0.160142 0.0824315 0.0480064 0.0283245 0.00493863 0.00203355 0 0 0 0 0
 0 0 0 0 0 0 0 0 0 0 0 0 0 0 0 0 0 0 0 0 0 0 0 0 0 0
 0 0 1.00437e-05 0.000401748 0.00122533 0.00171747 0.00176769 0.0269171 0.070346 0.194647 0.189555 0.159765 0.064822 0.0314167 0.0384472 0.0292271 0.0345202 0.0313363 0.0194345 0.0106764 0.0143323 0.0359363 0.0279516 0.0138201 0.00172751 0
 0 0.0021121 0.0136068 0.0755702 0.200478 0.177729 0.0527432 0.0373336 0.0318909 0.0142505 0.0149659 0.0166563 0.0217959 0.0798694 0.0677717 0.0528807 0.04013 0.0224614 0.0357745 0.0225083 0.00881397 0.00855152 0.00135912 0.000746735 0 0
 0 0 0 0 5.4009e-05 0.00500934 0.000945158 0.0243581 0.138947 0.33067 0.221406 0.137944 0.0707744 0.0437923 0.0131692 0.00525238 0.0047753 0.00276346 9.45158e-05 9.00151e-06 2.25038e-05 9.00151e-06 4.50075e-06 0 0 0
 0.000866109 0.00284123 0.00948549 0.0512746 0.133035 0.25785 0.225252 0.132002 0.0553304 0.0519788 0.0540692 0.017754 0.00435017 0.00159236 0.00146478 0.000404838 0.000125132 0.000115318 0.000107957 0.000100596 0 0 0 0 0 0
 0 0 0 0 0.00144013 0.00171154 0.00461396 0.0210425 0.0478622 0.0707936 0.0888783 0.103762 0.0637923 0.0337046 0.0602308 0.124433 0.169614 0.0934646 0.0462172 0.0250306 0.0313229 0.00938855 0.002487 0.000210481 0 0
 0 0.00764035 0.051015 0.0998891 0.058973 0.0496711 0.0374665 0.0718981 0.12319 0.153886 0.159021 0.0857701 0.0377988 0.023471 0.0147837 0.00900784 0.00315554 0.000888139 0.00291439 0.00214683 0.00393193 0.00274676 0.000635225 9.99891e-05 0 0
 0 0 0 0 0 0 0 0 0 0 0 0 0 0 0 0 0 0 0 0 0 0 0 0 0 0
 0 0 0 0 0 0 0 0 0 0 0 0 0 0 0 0 0 0 0 0 0 0 0 0 0 0
 0 0 0 0 0 0 0 0 0 0 0 0 0 0 0 0 0 0 0 0 0 0 0 0 0 0
 0 0 0 0 0 0 0 0 0 0 0 0 0 0 0 0 0 0 0 0 0 0 0 0 0 0
 0 0 0 0 0 0 0 0 0 0 0 0 0 0 0 0 0 0 0 0 0 0 0 0 0 0
 0 0 0 0 0 0 0 0 0 0 0 0 0 0 0 0 0 0 0 0 0 0 0 0 0 0
 0 0 0 0 0 0 0 0 0 0 0 0 0 0 0 0 0 0 0 0 0 0 0 0 0 0
ppred_pel_tallas
 1.11381e-16 4.21956e-05 0.000410156 0.00272563 0.0123903 0.038551 0.0821376 0.119886 0.119902 0.082219 0.0388254 0.0131883 0.00474887 0.00489356 0.00875207 0.0149103 0.0226565 0.0309496 0.038668 0.0451591 0.0503706 0.0543835 0.0568278 0.0568247 0.0535652 0.0470125
 1.13792e-16 4.42735e-05 0.000430354 0.00285986 0.0130005 0.0404496 0.0861831 0.125793 0.12582 0.0863184 0.0409043 0.0143149 0.00616319 0.00765522 0.0138075 0.0228715 0.033228 0.0424235 0.0480263 0.0490218 0.0464408 0.0426081 0.0396026 0.0381296 0.0374948 0.036409
 1.07928e-16 5.62085e-05 0.000546367 0.0036308 0.0165051 0.0513536 0.109415 0.159699 0.159718 0.109512 0.0516781 0.0174433 0.00598959 0.00570827 0.00989709 0.0163721 0.0238145 0.0304494 0.0345066 0.0351854 0.0331072 0.0298206 0.0267721 0.0245647 0.0229463 0.0213089
 1.03548e-16 6.16425e-05 0.000599187 0.00398181 0.0181007 0.0563182 0.119993 0.175137 0.175155 0.120084 0.0566252 0.0189878 0.00620938 0.00546544 0.00931379 0.0153273 0.0221385 0.0279793 0.0310905 0.0306669 0.0273258 0.0226619 0.0182585 0.0149317 0.012648 0.01094
 1.02467e-16 5.93843e-05 0.000577236 0.00383594 0.0174376 0.0542551 0.115597 0.168722 0.168744 0.115705 0.0546183 0.0184869 0.00647019 0.00632944 0.0109886 0.0180845 0.0260738 0.0328466 0.0362893 0.0354211 0.0309644 0.0248317 0.0189616 0.0144157 0.0112595 0.00902529
 1.01036e-16 7.29552e-05 0.00070915 0.00471255 0.0214226 0.0666537 0.142013 0.207274 0.207283 0.142056 0.0667972 0.0218374 0.00575417 0.00298471 0.00439961 0.00717079 0.0103523 0.0130793 0.0145203 0.0142876 0.0126552 0.0103552 0.0081233 0.0063533 0.00506094 0.00407205
 1.02034e-16 3.74715e-05 0.000364236 0.00242048 0.0110032 0.0342352 0.0729435 0.106473 0.106522 0.0731798 0.0350283 0.0132931 0.00816557 0.012896 0.0238084 0.0392245 0.0563208 0.0704448 0.0768762 0.0734334 0.0617876 0.0463677 0.0317733 0.0206909 0.0135016 0.00920896
 1.08765e-16 3.57631e-05 0.00034763 0.00231013 0.0105015 0.0326743 0.0696172 0.101615 0.101646 0.0697679 0.0331811 0.0119689 0.00600739 0.00846452 0.0155848 0.0260554 0.0383356 0.0498772 0.0580349 0.0614756 0.0607829 0.0576992 0.0537144 0.0492333 0.0438521 0.0372177
 1.09654e-16 5.40632e-05 0.000525514 0.00349223 0.0158752 0.0493936 0.105239 0.153603 0.153621 0.105327 0.0496888 0.0167293 0.00564255 0.00524047 0.00907048 0.0150741 0.0221014 0.0286325 0.0331603 0.0350207 0.0347482 0.0335838 0.0325439 0.0318137 0.0308531 0.028966
 1.02518e-16 7.06035e-05 0.000686291 0.00456065 0.020732 0.0645051 0.137435 0.200593 0.200604 0.137486 0.0646766 0.0212274 0.00580464 0.00340364 0.00523654 0.0085594 0.0123577 0.0156161 0.0173544 0.0171318 0.0153069 0.012785 0.010459 0.00877876 0.00770138 0.00692724
 1.00505e-16 7.40836e-05 0.000720119 0.00478545 0.0217539 0.0676846 0.14421 0.21048 0.210489 0.144253 0.0678287 0.0221698 0.00582881 0.00299629 0.00439249 0.00713272 0.0102402 0.0128191 0.0140108 0.0134205 0.0113508 0.00860169 0.00600146 0.00403005 0.00275016 0.00197732
 1.00445e-16 6.9177e-05 0.000672425 0.0044685 0.0203132 0.0632019 0.134659 0.196541 0.196556 0.134729 0.063437 0.020992 0.00617151 0.00438707 0.00711502 0.0116294 0.01669 0.0208692 0.0227616 0.0217172 0.0182287 0.0136086 0.00922347 0.00587723 0.00369363 0.00238829
 1.00852e-16 6.45047e-05 0.000627008 0.00416669 0.0189412 0.0589332 0.125564 0.183268 0.183287 0.125655 0.0592383 0.0198225 0.0063784 0.00545346 0.00922562 0.0151357 0.0217636 0.0272945 0.029921 0.0288014 0.0245541 0.0188362 0.0133599 0.00911385 0.00623281 0.00436198
 1.01204e-16 6.48208e-05 0.000630081 0.00418711 0.019034 0.059222 0.126179 0.184166 0.184184 0.126265 0.0595087 0.0198622 0.00626606 0.00516883 0.00868578 0.0142591 0.0205391 0.0258351 0.0284649 0.0276426 0.0239337 0.0188548 0.0139581 0.0101169 0.00742432 0.00554798
 1.00842e-16 7.03462e-05 0.00068379 0.00454403 0.0206565 0.0642701 0.136935 0.199863 0.199875 0.136994 0.0644684 0.0212294 0.00598204 0.0038228 0.00603129 0.00985783 0.0141891 0.0178318 0.0196183 0.0190059 0.0163916 0.0128358 0.00942509 0.00677289 0.00494479 0.00370256
 1.00123e-16 7.98488e-05 0.000776159 0.00515785 0.0234468 0.0729518 0.155432 0.226858 0.22686 0.155445 0.0729955 0.0235729 0.00547424 0.00146645 0.00138969 0.00216802 0.00310813 0.00389294 0.00425884 0.00408543 0.00346297 0.00263178 0.00184071 0.00123402 0.000831457 0.000579902
 1.00592e-16 3.22646e-05 0.000313623 0.00208414 0.00947423 0.0294782 0.0628084 0.0916828 0.0917401 0.0630885 0.0304182 0.0121879 0.00888981 0.0151508 0.028153 0.0463398 0.0663944 0.0827409 0.0897193 0.0847204 0.0697822 0.0503074 0.0319697 0.0181753 0.00951875 0.00482982
 1.00745e-16 7.8424e-05 0.00076231 0.00506582 0.0230285 0.0716501 0.152658 0.22281 0.222812 0.152669 0.0716879 0.0231381 0.00534254 0.00137138 0.00124968 0.0019795 0.00293105 0.00386581 0.00459121 0.00500673 0.00513814 0.00508028 0.00490074 0.00459428 0.00411946 0.00346879
 1.00818e-16 5.23899e-05 0.000509249 0.00338414 0.0153838 0.047865 0.101983 0.148854 0.148888 0.102148 0.0484211 0.0169891 0.00741018 0.00928673 0.016689 0.0274197 0.0392891 0.048977 0.0531413 0.0502489 0.0415148 0.0301392 0.0194707 0.0115019 0.00654968 0.00388459
 1.02705e-16 5.7357e-05 0.000557531 0.00370499 0.0168424 0.0524029 0.111651 0.162962 0.162983 0.111755 0.0527529 0.0178541 0.00624814 0.00612083 0.0106567 0.0176138 0.0255676 0.0325618 0.0366178 0.0367809 0.0336278 0.028771 0.0237979 0.0195102 0.0159119 0.0126907
 1.02207e-16 6.53258e-05 0.00063499 0.00421974 0.0191823 0.0596834 0.127162 0.1856 0.185616 0.127238 0.0599389 0.0199207 0.00607406 0.00468613 0.00776839 0.0127635 0.0184368 0.0233045 0.0258973 0.025535 0.0227154 0.0187465 0.0149319 0.0119511 0.00979852 0.00812848
 1.01263e-16 6.76106e-05 0.0006572 0.00436732 0.0198532 0.0617708 0.13161 0.192091 0.192106 0.131682 0.0620128 0.0205521 0.00612148 0.00448625 0.00733878 0.012023 0.017307 0.0217505 0.0239321 0.0231939 0.0200263 0.0157286 0.0116292 0.00847312 0.00632925 0.00489007
 1.03662e-16 2.52164e-05 0.000245113 0.00162886 0.00740462 0.0230388 0.0490888 0.0716588 0.0717172 0.0493744 0.0239977 0.0101739 0.00857907 0.0154139 0.0288229 0.0475814 0.0684706 0.0859511 0.0943764 0.0911185 0.0781196 0.0605595 0.0437672 0.030781 0.0219598 0.0161457
 1.04485e-16 6.63955e-05 0.000645387 0.00428883 0.0194964 0.0606605 0.129244 0.188637 0.188644 0.129281 0.060785 0.0198576 0.00520257 0.00266347 0.00396758 0.00663262 0.00996361 0.0133948 0.0163686 0.0185847 0.0200884 0.0210647 0.0215391 0.0212831 0.0200052 0.0176352
 1.03533e-16 5.40522e-05 0.000525407 0.00349152 0.0158719 0.0493837 0.105218 0.153575 0.153604 0.105358 0.0498536 0.0172289 0.00689625 0.00795357 0.014149 0.0232738 0.0334506 0.0419241 0.0459353 0.0442387 0.0378645 0.0294472 0.0216681 0.0160091 0.0125357 0.0104902
 1.06294e-16 3.64641e-05 0.000354444 0.00235541 0.0107074 0.0333148 0.0709821 0.103609 0.103649 0.0711764 0.0339675 0.0125941 0.00709646 0.010721 0.0197736 0.0327596 0.0474829 0.0603214 0.0675747 0.0674884 0.0612227 0.0519196 0.0426816 0.0350865 0.0291096 0.024016
 1.04769e-16 6.46791e-05 0.000628704 0.00417796 0.0189924 0.0590925 0.125903 0.183762 0.183773 0.125959 0.0592786 0.0195312 0.00553513 0.003607 0.00576689 0.0095518 0.0140358 0.0182442 0.0212174 0.0225015 0.0223659 0.0215087 0.0205077 0.0194822 0.0181827 0.01633
 1.02817e-16 6.00117e-05 0.000583335 0.00387647 0.0176219 0.0548283 0.116818 0.170504 0.170527 0.116927 0.0551921 0.0186723 0.00651273 0.00633667 0.010982 0.0180489 0.0259687 0.0326067 0.0358341 0.0346822 0.0299251 0.0235616 0.0176223 0.013225 0.0104223 0.00866138
 1.05912e-16 2.75093e-05 0.0002674 0.00177697 0.00807788 0.0251336 0.0535516 0.0781709 0.0782222 0.0538021 0.0259748 0.0105085 0.0078811 0.0136023 0.0253807 0.0419877 0.0606473 0.0766046 0.0850033 0.0835646 0.0738909 0.0602777 0.0470547 0.036558 0.0289124 0.0231211
 1.14166e-16 3.62593e-05 0.000352453 0.00234218 0.0106472 0.0331276 0.0705826 0.103022 0.103046 0.070697 0.0335127 0.0117645 0.00516445 0.00657266 0.0120233 0.020274 0.0302642 0.0402821 0.0485457 0.0541558 0.0574295 0.0592575 0.0600859 0.0594704 0.0565334 0.0508107
 1.03646e-16 7.34452e-05 0.000713914 0.00474421 0.0215665 0.0671013 0.142967 0.208665 0.208671 0.142995 0.0671967 0.0218421 0.00543765 0.00223278 0.00297335 0.00484058 0.00706596 0.00910432 0.0104616 0.0109337 0.0107239 0.0102809 0.00998227 0.00991469 0.00988912 0.00962267
pSPR Fmed_Fpbrs
0.348494   0.6 0.325
Fs Fmed_Fpbrs
0.733753   0.316589 0.793574
SSBpbr Bo_Bmed_Bpbrs
1.20075e+06  358417  660414 330207
Ro
99266.2
SPR SPRFo_SPRFmed_SPRFpbrs
708524 246916 230270
Fref
0.316589
Nvult_r0
 113795 6414.29 2125.59 2052.44 458.093
CTP_r0
 35227.3 2651.63 894.499 864.533 192.968
YTP_r0
391228
Np
 115319 34906.7 9462.34 382.295 156.338
Nvult_p0
 80412.7 25455.5 6924.59 279.819 114.432
CTP_p0
 13123.2 5979.26 250.508 80.9462 91.9211
 13123.2 5972.25 1662.92 67.2811 27.5163
YTP_p0
 203269 233248
CBA_c0
212263
log_Ro
11.3256
likeval ReclasPelacesDesembMPH_pf_preclas_ppelaces_ptallas_desvR_qrecl_qpela
 12.1337 16.2095 0.0234591 0.000836108 247.119 116.714 102.735 0 27.3978 4.36749e-05 0.000123859 0.00982966 3.73713e-16 0 0
q_reclas_q_pelaces
2.55099 4.87125
M
1
N
 127109 29519.5 45567.1 4525.25 0.160716
 88427.2 37086.3 7543.77 11513.9 1142.78
 87869.3 20676.1 6692.13 1331.5 2231.24
 86970.2 20554.2 3733.4 1181.98 628.48
 63655.8 14879.1 2269.86 397.179 192.209
 226836 17215.2 3374.78 507.168 131.582
 60109 60037.6 3774.55 728.157 137.698
 20997.8 10469.5 6819.45 413.386 94.6386
 26805.9 6597.46 3005.81 1942.88 144.676
 36296.7 5030.84 842.686 371.533 257.57
 59040.6 4210.79 301.695 47.7697 35.5509
 110054 17470 1100.12 77.9888 21.5258
 91111.8 19590.2 2053.38 124.808 11.2679
 66904.6 17147.1 2513.18 254.952 16.8653
 50644.5 7532.62 981.016 135.717 14.6326
 278250 6954.26 588.792 73.0838 11.1714
 41804.6 51794.9 876.898 71.8179 10.2584
 479067 9088.71 8336.07 137.557 12.8571
 256552 117591 1770.13 1591.83 28.6917
 205374 54000.2 17986.7 263.488 240.86
 265599 42768.9 8122.4 2631.42 73.6709
 397527 61289.5 7559.32 1403.34 466.79
 55810.2 83645.3 9369.94 1124.61 277.804
 201619 14172.9 17185.3 1890.61 282.69
 160901 53851.5 3152.3 3763.1 475.487
 64091.2 43017.5 11995.8 691.353 928.802
 162868 17935 10294.9 2832.77 382.309
 189876 42976.7 3913.72 2210.41 689.699
 47874 54049 10564.9 950.144 703.583
 32883.1 13897.2 13702.2 2647.6 414.164
 148743 7839.74 2585.54 2495.92 557.066
pred_Ctot
 16940.4 5868.4 9298.66 924.737 0.0328448
 21129 12643.9 2630.51 4019.69 398.988
 20979.8 7044.33 2331.97 464.537 778.49
 31260.4 9985.95 1847.29 585.413 311.291
 10927.3 3750.1 586.487 102.76 49.7324
 41316.2 4583.62 920.83 138.565 35.9522
 21236.7 28752.2 1841.41 355.58 67.2453
 1961.94 1482.77 992.741 60.267 13.7983
 8759.76 2958.27 1374.26 889.204 66.2181
 17190.5 3048.52 517.962 228.537 158.442
 7433.11 793.139 58.3473 9.25159 6.88569
 38049.5 8215.94 527.179 37.4097 10.3261
 29681.3 8760.91 936.356 56.9721 5.14386
 32187.3 10515.6 1562.91 158.668 10.4965
 21685.3 4219.61 558.322 77.3048 8.33513
 91758.6 3142.46 271.257 33.7044 5.15223
 11276.5 19668 340.204 27.8945 3.98464
 104130 2845.06 2670.92 44.1287 4.12486
 72572.8 46554.9 715.675 644.303 11.6139
 58970.5 21659.8 7366.55 108.032 98.7604
 64980 14892.8 2892.22 938.11 26.2656
 112505 24274.9 3057.52 568.242 189.025
 11259 24464 2806.52 337.274 83.3199
 35835.3 3689.16 4584.88 505.061 75.5234
 28522.4 13983 838.958 1002.83 126.722
 9914.19 9839.04 2814.37 162.42 218.22
 29901.7 4810.46 2829.58 779.612 105.223
 27725.8 9312.05 870.109 492.1 153.557
 6507.25 10946.6 2196.22 197.79 146.474
 7576.35 4585.53 4625.61 894.865 139.993
 35227.3 2651.63 894.499 864.533 192.968
F
 0.231799 0.36433 0.375634 0.376249 0.376281
 0.453198 0.712316 0.734416 0.735617 0.735681
 0.452782 0.711662 0.733742 0.734942 0.735005
 0.765611 1.20335 1.24069 1.24272 1.24282
 0.307697 0.483624 0.498629 0.499444 0.499487
 0.329258 0.517513 0.533569 0.534442 0.534488
 0.747695 1.17519 1.21165 1.21364 1.21374
 0.157733 0.247917 0.255609 0.256027 0.256049
 0.673035 1.05785 1.09067 1.09245 1.09254
 1.15408 1.81393 1.8702 1.87326 1.87342
 0.21774 0.342234 0.352852 0.353429 0.35346
 0.725939 1.141 1.1764 1.17832 1.17842
 0.670259 1.05348 1.08617 1.08794 1.08804
 1.18403 1.86099 1.91873 1.92187 1.92204
 0.985476 1.54893 1.59698 1.59959 1.59973
 0.681226 1.07072 1.10394 1.10575 1.10584
 0.525974 0.8267 0.85235 0.853744 0.853817
 0.404629 0.635977 0.655709 0.656782 0.656838
 0.558343 0.877577 0.904805 0.906285 0.906363
 0.569023 0.894363 0.922112 0.92362 0.923699
 0.466378 0.73303 0.755773 0.757009 0.757075
 0.558677 0.878103 0.905347 0.906827 0.906905
 0.370626 0.582532 0.600606 0.601588 0.60164
 0.320151 0.503198 0.51881 0.519658 0.519703
 0.319181 0.501674 0.517239 0.518085 0.518129
 0.273555 0.429961 0.4433 0.444026 0.444064
 0.332281 0.522263 0.538467 0.539348 0.539394
 0.25648 0.403123 0.41563 0.41631 0.416346
 0.236889 0.37233 0.383882 0.38451 0.384543
 0.433753 0.681752 0.702904 0.704054 0.704114
 0.448368 0.704723 0.726588 0.727776 0.727839
YTP_r0W_actual
 292387 37388 24688.2 29567 7197.72
YTP_p0W_proyectada
 98292.8 93695 5794.25 2377.39 3109.69
 98292.8 93585.2 38463.3 1976.04 930.877
CTP_r0_actual
 35227.3 2651.63 894.499 864.533 192.968
CTP_p0_proyectada
 13123.2 5979.26 250.508 80.9462 91.9211
 13123.2 5972.25 1662.92 67.2811 27.5163
Wmedp
 7.49 15.67 23.13 29.37 33.83
Frms_r0
 0.448368 0.704723 0.726588 0.727776 0.727839
Zrms_r0
 1.44837 1.70472 1.72659 1.72778 1.72784
nmprior
 8.19 8.8 8.5 0
nm_flota  nm_reclas  nm_pelaces    nm_pelaL
inf 19.2354 11.2172 23.1659
cv_recla  cv_pelaces  cv_mph
0.31508 0.456517 0.892353
 ------------------------------------------------
Talla a la edad & desviaci?n 
 8 13.2811 15.8009 17.003 17.5766
 0.8 1.32811 1.58009 1.7003 1.75766
