years
 1991 1992 1993 1994 1995 1996 1997 1998 1999 2000 2001 2002 2003 2004 2005 2006 2007 2008 2009 2010 2011 2012 2013 2014 2015 2016 2017 2018 2019 2020 2021
reclasobs
 0 0 0 0 0 0 0 0 0 252601 567819 844713 477998 351125 339783 2.1784e+06 2.13404e+06 4.81314e+06 1.55562e+06 2.62356e+06 3.21686e+06 3.843e+06 1.13348e+06 3.07943e+06 1.97215e+06 2.03268e+06 2.025e+06 2.42433e+06 2.27542e+06 1.05018e+06 2.36338e+06
reclaspred
 3.27365e+06 1.84045e+06 933160 943505 947135 1.48737e+06 949260 842593 613562 447039 505582 645721 637412 500711 506813 1.28989e+06 1.25505e+06 2.82399e+06 2.32377e+06 1.73249e+06 3.05606e+06 2.48448e+06 1.98201e+06 3.04757e+06 2.29311e+06 2.03104e+06 2.39824e+06 2.54222e+06 2.09107e+06 1.32919e+06 1.92415e+06
pelacesobs
 0 0 0 0 0 0 0 0 0 0 0 0 0 0 0 552880 188675 0 991730 2.46772e+06 1.41603e+06 1.21717e+06 2.29649e+06 1.80582e+06 0 1.4828e+06 1.56532e+06 1.57751e+06 1.42118e+06 867257 1.10002e+06
pelacespred
 1.83118e+06 1.14699e+06 582970 481851 502176 815089 486527 528424 373535 258317 300961 320818 347595 288647 299685 632250 615934 1.59329e+06 1.35546e+06 938156 1.59912e+06 1.41194e+06 1.1234e+06 1.88918e+06 1.37153e+06 1.21071e+06 1.62715e+06 1.70192e+06 1.15295e+06 831962 1.18697e+06
mphobs
 0 0 0 0 0 0 0 0 0 0 0 498337 0 5186 125008 0 168611 109162 213762 579715 649985 157893 87575 83554 0 0 0 0 0 0 0
mphpred
 494016 331017 165670 90528.8 100791 114518 150353 95120 83944.9 57985.4 38314 59639.2 63985.2 54474.9 37387.7 47113.8 148322 142215 280109 211293 225996 278182 264631 219338 304598 251736 207427 220085 306202 209945 132616
desembarqueobs
 494567 514787 250237 358949 120608 361735 552515 73892 212993 205616 52469 317467 293654 387597 252695 516296 358380 742168 942051 627588 828172 859565 418607 520667 417249 300574 415391 372974 316634 284311 391294
desembarquepred
 494574 513431 250923 358977 120613 361750 552568 73896.2 213042 205662 52471.6 317536 293709 387642 252694 516267 358405 742078 941875 627468 828245 859593 418619 520692 417250 300577 415393 372961 316629 284320 391299
Reclutas
 204223 115086 114906 198675 159099 268362 111537 51198.5 47769.4 63032 116187 152853 127981 89699.8 89814.3 476569 104053 738622 424640 328675 483261 650607 137814 403440 341758 153497 341695 383525 115400 83946 311080
log_desv_Rt
 0.110499 -0.463033 -0.464602 0.0829543 -0.13919 0.383624 -0.494356 -1.273 -1.34233 -1.06507 -0.453512 -0.179241 -0.356833 -0.712246 -0.71097 0.957898 -0.56381 1.39607 0.842528 0.586354 0.971842 1.26919 -0.282809 0.791312 0.625388 -0.175034 0.625204 0.740689 -0.460309 -0.778541 0.531336
SSB
 3.34483e+06 2.24121e+06 1.1217e+06 612941 682424 775361 1.01799e+06 644027 568364 392600 259412 403798 433223 368832 253140 318992 1.00424e+06 962891 1.89653e+06 1.4306e+06 1.53014e+06 1.88348e+06 1.79173e+06 1.48506e+06 2.06233e+06 1.70442e+06 1.40442e+06 1.49012e+06 2.0732e+06 1.42147e+06 897902
BT
 4.49562e+06 3.06234e+06 1.54812e+06 1.3746e+06 1.21296e+06 2.12303e+06 1.57949e+06 1.24119e+06 1.04355e+06 774176 715791 981338 1.04115e+06 1.04634e+06 921036 1.82729e+06 1.65168e+06 4.20328e+06 3.9248e+06 2.65285e+06 4.23408e+06 3.94712e+06 2.86648e+06 4.69157e+06 3.43893e+06 2.96232e+06 4.04778e+06 4.16458e+06 2.8287e+06 2.12821e+06 3.01449e+06
Ftot
 0.126559 0.229811 0.223621 0.3334 0.111247 0.218276 0.47764 0.0761913 0.298468 0.391861 0.0960178 0.428576 0.400358 0.662547 0.450778 0.376403 0.242242 0.243904 0.34959 0.314368 0.240563 0.304397 0.178776 0.156078 0.15769 0.12739 0.157185 0.134523 0.12609 0.180099 0.1875
BD_Bspro_t
 0.979954 0.853614 0.700551 0.614222 0.609064 0.681996 0.672787 0.517073 0.572702 0.531139 0.498486 0.689465 0.575185 0.487274 0.382017 0.439101 0.605576 0.582856 0.676007 0.581243 0.552585 0.600267 0.616089 0.61011 0.711894 0.720496 0.727604 0.76035 0.80154 0.740455 0.67854
BD_Bspro
 2.55904 1.71469 0.858181 0.468946 0.522106 0.593209 0.778839 0.492729 0.434841 0.300369 0.19847 0.308936 0.331448 0.282184 0.193671 0.244053 0.768318 0.736684 1.45098 1.09452 1.17068 1.441 1.37081 1.13619 1.57784 1.30401 1.07449 1.14006 1.58615 1.08753 0.686962
BD_Bo
 1.71732 1.1507 0.575909 0.314701 0.350375 0.398092 0.522664 0.330661 0.291813 0.201572 0.133189 0.207321 0.222428 0.189369 0.129969 0.163779 0.515604 0.494375 0.973728 0.734509 0.785618 0.96703 0.919924 0.762472 1.05886 0.875096 0.721068 0.765071 1.06444 0.72982 0.461007
BD_Brms
 3.12241 2.09218 1.04711 0.572183 0.637046 0.723803 0.950298 0.601202 0.53057 0.366494 0.242162 0.376947 0.404415 0.344306 0.236307 0.297781 0.937462 0.898863 1.77042 1.33547 1.4284 1.75824 1.67259 1.38631 1.9252 1.59108 1.31103 1.39104 1.93534 1.32695 0.838195
Sel_flota
 0.811414 1 1 1 1
 0.811414 1 1 1 1
 0.811414 1 1 1 1
 0.811414 1 1 1 1
 0.811414 1 1 1 1
 0.811414 1 1 1 1
 0.811414 1 1 1 1
 0.811414 1 1 1 1
 0.811414 1 1 1 1
 0.811414 1 1 1 1
 0.811414 1 1 1 1
 0.811414 1 1 1 1
 0.811414 1 1 1 1
 0.811414 1 1 1 1
 0.811414 1 1 1 1
 0.811414 1 1 1 1
 0.811414 1 1 1 1
 0.811414 1 1 1 1
 0.811414 1 1 1 1
 0.811414 1 1 1 1
 0.811414 1 1 1 1
 0.811414 1 1 1 1
 0.811414 1 1 1 1
 0.811414 1 1 1 1
 0.811414 1 1 1 1
 0.811414 1 1 1 1
 0.811414 1 1 1 1
 0.811414 1 1 1 1
 0.811414 1 1 1 1
 0.811414 1 1 1 1
 0.811414 1 1 1 1
Sel_reclas
 1 1 1 1 1
 1 1 1 1 1
 1 1 1 1 1
 1 1 1 1 1
 1 1 1 1 1
 1 1 1 1 1
 1 1 1 1 1
 1 1 1 1 1
 1 1 1 1 1
 1 1 1 1 1
 1 1 1 1 1
 1 1 1 1 1
 1 1 1 1 1
 1 1 1 1 1
 1 1 1 1 1
 1 1 1 1 1
 1 1 1 1 1
 1 1 1 1 1
 1 1 1 1 1
 1 1 1 1 1
 1 1 1 1 1
 1 1 1 1 1
 1 1 1 1 1
 1 1 1 1 1
 1 1 1 1 1
 1 1 1 1 1
 1 1 1 1 1
 1 1 1 1 1
 1 1 1 1 1
 1 1 1 1 1
 1 1 1 1 1
Sel_pelaces
 1 1 1 1 1
 1 1 1 1 1
 1 1 1 1 1
 1 1 1 1 1
 1 1 1 1 1
 1 1 1 1 1
 1 1 1 1 1
 1 1 1 1 1
 1 1 1 1 1
 1 1 1 1 1
 1 1 1 1 1
 1 1 1 1 1
 1 1 1 1 1
 1 1 1 1 1
 1 1 1 1 1
 1 1 1 1 1
 1 1 1 1 1
 1 1 1 1 1
 1 1 1 1 1
 1 1 1 1 1
 1 1 1 1 1
 1 1 1 1 1
 1 1 1 1 1
 1 1 1 1 1
 1 1 1 1 1
 1 1 1 1 1
 1 1 1 1 1
 1 1 1 1 1
 1 1 1 1 1
 1 1 1 1 1
 1 1 1 1 1
pf_obs 
 0.8446 0.082 0.0669 0.0065 0
 0.8095 0.147 0.0364 0.0071 0
 0.9664 0.0169 0.016 0.0007 0
 0.9276 0.0648 0.0075 0.0001 0
 0.7033 0.2144 0.0806 0.0017 0
 0.9318 0.0425 0.0243 0.0014 0
 0.5671 0.3108 0.0964 0.0239 0.0018
 0.0768 0.2599 0.5324 0.112 0.0189
 0.490249 0.384438 0.106611 0.0170017 0.00170017
 0.7925 0.1577 0.0466 0.003 0.0002
 0.840416 0.127587 0.0312969 0.00059994 9.999e-05
 0.8084 0.0986 0.0794 0.0134 0.0002
 0.7335 0.1905 0.0724 0.0035 0.0001
 0.4001 0.4547 0.1325 0.0127 0
 0.49795 0.308269 0.164784 0.0264974 0.00249975
 0.9179 0.0499 0.0305 0.0017 0
 0.2467 0.6533 0.0926 0.0074 0
 0.9418 0.0223 0.034 0.0019 0
 0.707729 0.231977 0.0356964 0.0245975 0
 0.517169 0.277429 0.184464 0.0207286 0.00020938
 0.811772 0.124168 0.05621 0.00726502 0.000585176
 0.764997 0.148141 0.077277 0.00933861 0.000247198
 0.163321 0.427699 0.378323 0.0303852 0.000271297
 0.753843 0.0900009 0.118128 0.0371064 0.000921714
 0.721811 0.176058 0.0630433 0.0369309 0.00215725
 0.143369 0.312575 0.442814 0.0836902 0.0175525
 0.692698 0.0596174 0.167031 0.0765114 0.00414204
 0.394062 0.376323 0.152708 0.0712218 0.00568511
 0.125707 0.32114 0.495352 0.0537591 0.00404204
 0.23352 0.215282 0.420074 0.123614 0.00750983
 0.774587 0.0839891 0.0768558 0.0609784 0.00358967
pf_pred 
 0.44533 0.120666 0.40996 0.0240433 7.88234e-07
 0.412462 0.294287 0.0637953 0.216744 0.012712
 0.559351 0.207243 0.116909 0.0253434 0.091154
 0.74276 0.158467 0.0464543 0.0262056 0.0261133
 0.647617 0.277354 0.04622 0.0135494 0.0152599
 0.742453 0.179341 0.0615547 0.0102579 0.0063938
 0.470568 0.415361 0.0794322 0.0272634 0.00737524
 0.446039 0.29724 0.201408 0.0385165 0.0167962
 0.52824 0.235966 0.126521 0.0857295 0.0235439
 0.69177 0.181262 0.0635074 0.0340515 0.0294096
 0.807079 0.143371 0.0291395 0.0102094 0.0102019
 0.730863 0.225805 0.0322025 0.00654503 0.0045846
 0.677071 0.251429 0.0599887 0.0085551 0.00295676
 0.620682 0.276959 0.079695 0.0190145 0.0036489
 0.728171 0.186381 0.0623899 0.0179527 0.00510533
 0.930909 0.0536625 0.0105786 0.0035411 0.00130872
 0.386267 0.580266 0.025994 0.00512422 0.00234924
 0.895948 0.0461543 0.0547401 0.00245217 0.000705019
 0.59233 0.373436 0.015185 0.0180098 0.00103874
 0.60167 0.259235 0.127414 0.00518105 0.00649926
 0.737342 0.172996 0.0583521 0.0286801 0.00262916
 0.742396 0.20105 0.0372487 0.0125641 0.00674137
 0.322811 0.532396 0.113006 0.0209366 0.0108511
 0.738986 0.097817 0.128303 0.0272333 0.00766057
 0.626142 0.291704 0.0307879 0.0403833 0.0109829
 0.435127 0.382703 0.142139 0.015002 0.0250292
 0.729969 0.132465 0.0932014 0.0346156 0.00974898
 0.686962 0.241741 0.0349746 0.0246079 0.0117136
 0.353956 0.473556 0.133203 0.0192715 0.0200136
 0.422765 0.234617 0.251142 0.0706419 0.0208342
 0.821453 0.0856039 0.0377765 0.0404374 0.0147289
pobs_RECLAS
 0 0 0 0 0
 0 0 0 0 0
 0 0 0 0 0
 0 0 0 0 0
 0 0 0 0 0
 0 0 0 0 0
 0 0 0 0 0
 0 0 0 0 0
 0 0 0 0 0
 0 0 0 0 0
 0.991045 0.00858322 0.000360255 1.14367e-05 0
 0.934742 0.0480273 0.0164251 0.00080598 0
 0.827803 0.169806 0.00239088 0 0
 0.941827 0.0461693 0.0120037 0 0
 0.791401 0.0380133 0.147996 0.0225897 0
 0.846168 0.0940531 0.0597789 0 0
 0.134021 0.677848 0.182769 0.00536245 0
 0.80878 0.0450904 0.141981 0.00414843 0
 0.846168 0.0940531 0.0597789 0 0
 0.905697 0.0802665 0.012482 0.00150086 5.37128e-05
 0.989698 0.0102097 9.19794e-05 0 0
 0.975433 0.0193895 0.00387452 0.00125025 5.28907e-05
 0.303575 0.632131 0.0575291 0.00676475 0
 0.966965 0.00978017 0.0227588 0.000495775 0
 0.843318 0.132988 0.00938335 0.0141283 0.000182051
 0.564624 0.303363 0.111486 0.0197234 0.00080311
 0.826376 0.0876187 0.0782897 0.00655872 0.00115652
 0.89761 0.0855135 0.0140674 0.00269457 0.000114338
 0.34875 0.467042 0.161289 0.0227151 0.000203297
 0.318654 0.224769 0.449479 0.00709798 0
 0.937255 0.0296025 0.0250945 0.00804832 0
ppred_RECLAS
 0.497898 0.10923 0.371107 0.0217646 7.1353e-07
 0.464918 0.268012 0.0580996 0.197393 0.011577
 0.611027 0.182939 0.103199 0.0223713 0.080464
 0.781764 0.134439 0.0394107 0.0222321 0.0221539
 0.694119 0.240753 0.0401207 0.0117613 0.0132461
 0.781042 0.15247 0.0523318 0.00872092 0.0054358
 0.525357 0.372377 0.071212 0.024442 0.006612
 0.498387 0.269152 0.182376 0.0348768 0.015209
 0.581239 0.209457 0.112307 0.0760984 0.0208989
 0.736039 0.155228 0.0543862 0.0291608 0.0251856
 0.837769 0.120562 0.0245038 0.00858524 0.00857897
 0.771543 0.191675 0.0273351 0.00555575 0.00389164
 0.722649 0.215942 0.0515219 0.00734763 0.00253944
 0.672037 0.239463 0.0689054 0.0164402 0.00315488
 0.769236 0.158225 0.0529648 0.0152406 0.00433408
 0.94361 0.0437978 0.00863392 0.00289015 0.00106814
 0.437941 0.531409 0.0238054 0.00469278 0.00215145
 0.91424 0.0380406 0.0451171 0.0020211 0.000581081
 0.643277 0.326767 0.0132873 0.0157591 0.000908924
 0.651942 0.226518 0.111334 0.00452717 0.00567901
 0.77655 0.147173 0.0496418 0.024399 0.0022367
 0.78132 0.170671 0.0316203 0.0106656 0.00572273
 0.370817 0.494654 0.104995 0.0194524 0.0100819
 0.777719 0.0833015 0.109263 0.0231921 0.00652378
 0.674246 0.254171 0.0268265 0.0351872 0.00956971
 0.487553 0.347185 0.128947 0.0136097 0.0227062
 0.769627 0.11301 0.0795135 0.0295318 0.0083172
 0.730519 0.208105 0.0301082 0.0211839 0.0100837
 0.403584 0.437178 0.12297 0.0177911 0.0184762
 0.475212 0.2133 0.228324 0.0642235 0.0189412
 0.850506 0.0716748 0.0316297 0.0338575 0.0123323
pobs_PELACES
 0 0 0 0 0
 0 0 0 0 0
 0 0 0 0 0
 0 0 0 0 0
 0 0 0 0 0
 0 0 0 0 0
 0 0 0 0 0
 0 0 0 0 0
 0 0 0 0 0
 0 0 0 0 0
 0 0 0 0 0
 0 0 0 0 0
 0 0 0 0 0
 0 0 0 0 0
 0 0 0 0 0
 0 0 0 0 0
 0.505614 0.472636 0.0217494 0 0
 0 0 0 0 0
 0.443492 0.261883 0.143347 0.151278 0
 0.227955 0.32914 0.350689 0.0885471 0.00366901
 0.970185 0.0296113 0.000203453 0 0
 0.997202 0.00247181 0.000326279 0 0
 0.445219 0.490057 0.0546422 0.010081 0
 0.90214 0.0892962 0.00764917 0.000914606 0
 0 0 0 0 0
 0.581667 0.319106 0.0959925 0.00289975 0.000334073
 0.762889 0.0836404 0.116647 0.0363945 0.000428098
 0.88444 0.0763242 0.0277011 0.0115352 0
 0.521256 0.241999 0.230069 0.00667565 0
 0.616807 0.101726 0.260614 0.0208532 0
 0.833518 0.0704572 0.0857862 0.0102388 0
ppred_PELACES
 0.499867 0.108801 0.369652 0.0216792 7.10732e-07
 0.468478 0.266229 0.057713 0.196079 0.0115
 0.61433 0.181386 0.102322 0.0221814 0.0797808
 0.785284 0.132271 0.0387751 0.0218736 0.0217966
 0.695587 0.239598 0.0399282 0.0117049 0.0131826
 0.783356 0.150858 0.0517787 0.00862875 0.00537835
 0.532763 0.366567 0.0701009 0.0240606 0.00650883
 0.499572 0.268516 0.181945 0.0347944 0.0151731
 0.585753 0.207199 0.111096 0.0752781 0.0206736
 0.74075 0.152458 0.0534156 0.0286404 0.0247362
 0.83858 0.11996 0.0243814 0.00854235 0.00853611
 0.77621 0.187759 0.0267766 0.00544225 0.00381213
 0.727615 0.212076 0.0505994 0.00721607 0.00249398
 0.681059 0.232875 0.0670097 0.0159879 0.00306809
 0.774178 0.154836 0.0518304 0.0149142 0.00424126
 0.944844 0.0428397 0.00844505 0.00282693 0.00104477
 0.441655 0.527898 0.0236481 0.00466177 0.00213723
 0.915423 0.037516 0.0444949 0.00199323 0.000573067
 0.648254 0.322209 0.013102 0.0155392 0.000896243
 0.656368 0.223638 0.109918 0.0044696 0.00560679
 0.779137 0.145469 0.049067 0.0241165 0.0022108
 0.78454 0.168158 0.0311548 0.0105086 0.00563847
 0.373416 0.492611 0.104561 0.019372 0.0100403
 0.779394 0.0826739 0.10844 0.0230173 0.00647463
 0.676398 0.252492 0.0266493 0.0349548 0.0095065
 0.489534 0.345842 0.128448 0.0135571 0.0226185
 0.771357 0.112162 0.0789164 0.0293101 0.00825475
 0.732164 0.206835 0.0299244 0.0210546 0.0100222
 0.405474 0.435793 0.122581 0.0177347 0.0184177
 0.478007 0.212163 0.227107 0.0638813 0.0188403
 0.851983 0.0709664 0.031317 0.0335229 0.0122104
pobs_pel_tallas
 0 0 0 0 0 0 0 0 0 0 0 0 0 0 0 0 0 0 0 0 0 0 0 0 0 0
 0 0 0 0 0 0 0 0 0 0 0 0 0 0 0 0 0 0 0 0 0 0 0 0 0 0
 0 0 0 0 0 0 0 0 0 0 0 0 0 0 0 0 0 0 0 0 0 0 0 0 0 0
 0 0 0 0 0 0 0 0 0 0 0 0 0 0 0 0 0 0 0 0 0 0 0 0 0 0
 0 0 0 0 0 0 0 0 0 0 0 0 0 0 0 0 0 0 0 0 0 0 0 0 0 0
 0 0 0 0 0 0 0 0 0 0 0 0 0 0 0 0 0 0 0 0 0 0 0 0 0 0
 0 0 0 0 0 0 0 0 0 0 0 0 0 0 0 0 0 0 0 0 0 0 0 0 0 0
 0 0 0 0 0 0 0 0 0 0 0 0 0 0 0 0 0 0 0 0 0 0 0 0 0 0
 0 0 0 0 0 0 0 0 0 0 0 0 0 0 0 0 0 0 0 0 0 0 0 0 0 0
 0 0 0 0 0 0 0 0 0 0 0 0 0 0 0 0 0 0 0 0 0 0 0 0 0 0
 0 0 0 0 0 0 0 0 0 0 0 0 0 0 0 0 0 0 0 0 0 0 0 0 0 0
 0 0 0 0 0 0 0 0 0 0 0 0 0 0 0 0 0 0 0 0 0 0 0 0 0 0
 0.00862536 0 0 0.000197151 0.00414017 0.0128641 0.00837892 0.0270097 0.101434 0.158115 0.152841 0.127902 0.109271 0.109419 0.0830992 0.0579132 0.0238553 0.00714673 0.00463305 0.00128148 0.00103504 0.000492878 0.000147863 0.000147863 4.92878e-05 0
 0 0 0 0 0 0 0 0 0 0 0 0 0 0 0 0 0 0 0 0 0 0 0 0 0 0
 0 0 0 0 0 0 0 0.0054083 0.00873648 0.0413646 0.0450493 0.0745869 0.0622846 0.0627006 0.0613931 0.0827291 0.12552 0.122667 0.0946155 0.0697135 0.0546179 0.0294188 0.0215738 0.0213955 0.0102223 0.00600262
 0 0 0 0 0.00359764 0.0251062 0.0480494 0.140153 0.205849 0.193036 0.1447 0.116669 0.0760912 0.0342217 0.00950174 0.001854 0.000860785 0 0 0 0.000165536 0 0.000143464 0 0 0
 0 0 0 0 0 0 0 0.000145254 0.000435761 0.0275982 0.070085 0.0708112 0.156366 0.174668 0.174014 0.160142 0.0824315 0.0480064 0.0283245 0.00493863 0.00203355 0 0 0 0 0
 0 0 0 0 0 0 0 0 0 0 0 0 0 0 0 0 0 0 0 0 0 0 0 0 0 0
 0 0 1.00437e-05 0.000401748 0.00122533 0.00171747 0.00176769 0.0269171 0.070346 0.194647 0.189555 0.159765 0.064822 0.0314167 0.0384472 0.0292271 0.0345202 0.0313363 0.0194345 0.0106764 0.0143323 0.0359363 0.0279516 0.0138201 0.00172751 0
 0 0.0021121 0.0136068 0.0755702 0.200478 0.177729 0.0527432 0.0373336 0.0318909 0.0142505 0.0149659 0.0166563 0.0217959 0.0798694 0.0677717 0.0528807 0.04013 0.0224614 0.0357745 0.0225083 0.00881397 0.00855152 0.00135912 0.000746735 0 0
 0 0 0 0 5.4009e-05 0.00500934 0.000945158 0.0243581 0.138947 0.33067 0.221406 0.137944 0.0707744 0.0437923 0.0131692 0.00525238 0.0047753 0.00276346 9.45158e-05 9.00151e-06 2.25038e-05 9.00151e-06 4.50075e-06 0 0 0
 0.000866109 0.00284123 0.00948549 0.0512746 0.133035 0.25785 0.225252 0.132002 0.0553304 0.0519788 0.0540692 0.017754 0.00435017 0.00159236 0.00146478 0.000404838 0.000125132 0.000115318 0.000107957 0.000100596 0 0 0 0 0 0
 0 0 0 0 0.00144013 0.00171154 0.00461396 0.0210425 0.0478622 0.0707936 0.0888783 0.103762 0.0637923 0.0337046 0.0602308 0.124433 0.169614 0.0934646 0.0462172 0.0250306 0.0313229 0.00938855 0.002487 0.000210481 0 0
 0 0.00764035 0.051015 0.0998891 0.058973 0.0496711 0.0374665 0.0718981 0.12319 0.153886 0.159021 0.0857701 0.0377988 0.023471 0.0147837 0.00900784 0.00315554 0.000888139 0.00291439 0.00214683 0.00393193 0.00274676 0.000635225 9.99891e-05 0 0
 0 0 0 0 0 0 0 0 0 0 0 0 0 0 0 0 0 0 0 0 0 0 0 0 0 0
 0 0 0 0 0 0 0 0 0 0 0 0 0 0 0 0 0 0 0 0 0 0 0 0 0 0
 0 0 0 0 0 0 0 0 0 0 0 0 0 0 0 0 0 0 0 0 0 0 0 0 0 0
 0 0 0 0 0 0 0 0 0 0 0 0 0 0 0 0 0 0 0 0 0 0 0 0 0 0
 0 0 0 0 0 0 0 0 0 0 0 0 0 0 0 0 0 0 0 0 0 0 0 0 0 0
 0 0 0 0 0 0 0 0 0 0 0 0 0 0 0 0 0 0 0 0 0 0 0 0 0 0
 0 0 0 0 0 0 0 0 0 0 0 0 0 0 0 0 0 0 0 0 0 0 0 0 0 0
ppred_pel_tallas
 1.1287e-16 4.11734e-05 0.00040022 0.0026596 0.0120902 0.0376171 0.0801476 0.11698 0.116991 0.0802018 0.0378007 0.0126275 0.00403482 0.00348991 0.00616513 0.0107932 0.0170912 0.0247054 0.0331801 0.0421114 0.0510423 0.0591112 0.0648724 0.0666803 0.0635136 0.0556517
 1.23344e-16 3.8588e-05 0.000375089 0.0024926 0.011331 0.0352551 0.0751157 0.109639 0.109665 0.0752416 0.0356782 0.0125546 0.00556993 0.00711343 0.0128997 0.0214432 0.0313362 0.0404345 0.0466696 0.0493197 0.0495205 0.0494541 0.0508063 0.0536762 0.0566417 0.0577287
 1.18725e-16 5.06016e-05 0.000491865 0.00326862 0.0148587 0.0462309 0.0985006 0.143768 0.143786 0.0985867 0.0465207 0.0156975 0.00538124 0.00512767 0.0089264 0.0148685 0.021874 0.0285054 0.0333575 0.0358712 0.0366686 0.0370442 0.0380122 0.0396648 0.041242 0.0416962
 1.07036e-16 6.46828e-05 0.00062874 0.0041782 0.0189935 0.0590959 0.12591 0.183773 0.183785 0.125973 0.0593059 0.0196007 0.00570456 0.00396814 0.00642895 0.0105858 0.0153884 0.0196705 0.0223029 0.0228044 0.0216316 0.0198423 0.0183996 0.0176609 0.0173584 0.0169445
 1.04619e-16 5.72946e-05 0.000556924 0.00370096 0.016824 0.0523459 0.111529 0.162785 0.162808 0.111642 0.0527251 0.0179193 0.006451 0.00656261 0.0114702 0.018891 0.0272544 0.0343764 0.0380744 0.0373558 0.0330078 0.0270488 0.0214959 0.0174082 0.0147612 0.0129476
 1.03309e-16 6.4524e-05 0.000627197 0.00416794 0.0189469 0.0589508 0.125601 0.183322 0.183337 0.125673 0.0591904 0.0196395 0.0059089 0.00443562 0.00732061 0.012061 0.0175099 0.0223161 0.0251403 0.0253555 0.0233893 0.0203733 0.0173987 0.0149786 0.0130369 0.011255
 1.05632e-16 4.38831e-05 0.000426559 0.00283464 0.0128859 0.0400929 0.0854235 0.124685 0.124721 0.0855963 0.0406733 0.0145626 0.00704504 0.00962345 0.0175269 0.0289498 0.0418027 0.0527895 0.0585751 0.0576239 0.0510951 0.0420065 0.0333695 0.0267601 0.0221588 0.0187279
 1.11377e-16 4.11491e-05 0.000399984 0.00265804 0.0120831 0.037595 0.0801012 0.116915 0.116942 0.0802289 0.0380245 0.0133266 0.00579091 0.00727683 0.0132125 0.0220684 0.0324667 0.0422552 0.0492316 0.0523405 0.0521781 0.0503183 0.0480609 0.0456701 0.0425911 0.0382232
 1.14307e-16 4.82477e-05 0.000468985 0.00311657 0.0141675 0.0440804 0.0939188 0.137081 0.137102 0.0940172 0.0444113 0.0151253 0.00552859 0.00576084 0.0101772 0.0169586 0.0249277 0.0324309 0.0378301 0.0404314 0.0408656 0.0405143 0.0404498 0.0407526 0.0406488 0.0391862
 1.08639e-16 6.10146e-05 0.000593084 0.00394125 0.0179164 0.0557445 0.11877 0.173352 0.173366 0.118842 0.0559869 0.0186173 0.00570396 0.00445194 0.00742222 0.0122612 0.0178677 0.0229282 0.0261605 0.0270169 0.0260079 0.0243085 0.0229623 0.0223126 0.0220045 0.0214004
 1.03036e-16 6.90727e-05 0.000671412 0.00446177 0.0202826 0.0631066 0.134456 0.196245 0.196256 0.134512 0.0632966 0.0208315 0.00584056 0.00368387 0.00579794 0.00949641 0.013723 0.0173654 0.0193431 0.0191696 0.0172377 0.0145396 0.0120494 0.010251 0.00908775 0.00822649
 1.02012e-16 6.39354e-05 0.000621475 0.00412992 0.018774 0.0584131 0.124456 0.181651 0.181669 0.124544 0.05871 0.0196316 0.00628266 0.00532102 0.00898948 0.014761 0.0212592 0.0267377 0.0294602 0.0286261 0.0248402 0.0196948 0.0148102 0.0110833 0.0085771 0.00689283
 1.02661e-16 5.99327e-05 0.000582567 0.00387137 0.0175987 0.0547561 0.116664 0.170279 0.1703 0.116765 0.0550922 0.0185696 0.00631016 0.00591153 0.0101953 0.0167983 0.0242814 0.0307179 0.0341764 0.0337519 0.0300774 0.0248455 0.0197493 0.0156829 0.0126671 0.0102959
 1.04116e-16 5.6098e-05 0.000545293 0.00362366 0.0164727 0.0512527 0.1092 0.159385 0.159408 0.10931 0.0516221 0.0175404 0.00630649 0.00641092 0.0112224 0.0185333 0.0268544 0.0341094 0.0382105 0.0381828 0.0347081 0.0295889 0.0245882 0.020575 0.0174795 0.0148137
 1.03749e-16 6.3768e-05 0.000619848 0.00411911 0.0187249 0.0582601 0.12413 0.181174 0.181189 0.124203 0.058506 0.0194358 0.005906 0.00452886 0.00751191 0.0123814 0.0179794 0.0229254 0.0258519 0.0261252 0.0241943 0.0212251 0.0183307 0.0160163 0.0141695 0.0124277
 1.00716e-16 7.78255e-05 0.000756492 0.00502715 0.0228527 0.0711033 0.151493 0.22111 0.221114 0.151513 0.0711711 0.0230487 0.00551932 0.00183162 0.00212185 0.00339037 0.00488995 0.00617802 0.00686134 0.0067609 0.00601229 0.00496746 0.00397664 0.00322156 0.00269733 0.00230388
 1.01647e-16 3.63787e-05 0.000353614 0.00234989 0.0106823 0.0332368 0.0708165 0.103369 0.10342 0.0710646 0.0340699 0.0130873 0.00838262 0.0135095 0.0249817 0.0411371 0.0590088 0.0736844 0.0801816 0.0762032 0.063533 0.0468906 0.0312001 0.0193704 0.0118499 0.00758033
 1.01591e-16 7.54022e-05 0.000732936 0.00487062 0.0221411 0.0688893 0.146776 0.214225 0.214228 0.146794 0.0689499 0.0223169 0.00531477 0.00171214 0.00196314 0.00319904 0.00477014 0.00634909 0.00764405 0.00849917 0.00894434 0.00910047 0.00903066 0.00868092 0.00795512 0.00683797
 1.02171e-16 5.33959e-05 0.000519027 0.00344912 0.0156792 0.048784 0.103941 0.151711 0.151742 0.104092 0.0492925 0.0171473 0.00713195 0.00855106 0.0152855 0.0251279 0.0360593 0.0450703 0.049139 0.046889 0.0394321 0.0296556 0.0205415 0.0138042 0.00962792 0.00727436
 1.04627e-16 5.40642e-05 0.000525523 0.00349229 0.0158755 0.0493945 0.105241 0.153607 0.153629 0.105347 0.0497507 0.0169057 0.00608406 0.00620236 0.0108908 0.018063 0.0263484 0.0338238 0.0385352 0.0395327 0.0373529 0.0335015 0.0293986 0.0256644 0.0221765 0.0186038
 1.04246e-16 6.41765e-05 0.000623818 0.00414549 0.0188448 0.0586333 0.124925 0.182335 0.182349 0.124994 0.0588644 0.019513 0.00582526 0.00429929 0.00706988 0.0116534 0.0169399 0.0216411 0.0244885 0.024904 0.0233206 0.0208294 0.018448 0.0165983 0.0151093 0.0135821
 1.02951e-16 6.46215e-05 0.000628144 0.00417424 0.0189755 0.0590399 0.125791 0.1836 0.183616 0.125871 0.0593061 0.0197446 0.00610545 0.00484639 0.00808299 0.0132796 0.0191693 0.0242045 0.0268548 0.0264204 0.0234411 0.0193113 0.0154202 0.0124913 0.0105053 0.00905656
 1.06786e-16 3.07579e-05 0.000298978 0.00198681 0.0090318 0.0281015 0.0598751 0.0873993 0.0874469 0.0601073 0.0288817 0.0112859 0.00764752 0.0126653 0.0235431 0.0389418 0.0562551 0.0710787 0.0789261 0.0777098 0.0689453 0.0566373 0.0447977 0.0355511 0.0289335 0.0239216
 1.06555e-16 6.41977e-05 0.000624024 0.00414686 0.018851 0.0586526 0.124966 0.182393 0.182401 0.125006 0.0587866 0.0192402 0.00513136 0.00279867 0.0042691 0.00715214 0.0107558 0.0144892 0.0177738 0.0203187 0.0222088 0.0236691 0.0247223 0.0250701 0.0242991 0.0222105
 1.05948e-16 5.5714e-05 0.00054156 0.00359886 0.0163599 0.0509019 0.108453 0.158295 0.158319 0.108572 0.0513011 0.017513 0.00649327 0.00686038 0.0120578 0.019852 0.0286123 0.0360384 0.0398427 0.0390159 0.0344499 0.0283429 0.0228647 0.0191104 0.0169527 0.015596
 1.08983e-16 4.03223e-05 0.000391947 0.00260463 0.0118403 0.0368397 0.0784921 0.114569 0.114602 0.0786557 0.0373893 0.0134292 0.00659923 0.0091327 0.0167008 0.0277035 0.0402727 0.0514171 0.0580926 0.0588729 0.0547314 0.0482313 0.0418254 0.0366359 0.0324428 0.0284879
 1.06643e-16 6.35357e-05 0.000617589 0.0041041 0.0186566 0.0580478 0.123677 0.180513 0.180524 0.123731 0.0582274 0.0191769 0.00541525 0.00349762 0.00558577 0.00927237 0.0136781 0.0178935 0.0210311 0.0226857 0.0231283 0.0230064 0.0228057 0.0225323 0.0218229 0.0203058
 1.04725e-16 6.03074e-05 0.00058621 0.00389557 0.0177087 0.0550985 0.117394 0.171344 0.171364 0.117491 0.0554257 0.018654 0.00626889 0.00576892 0.00990865 0.016301 0.0235161 0.0296649 0.0328738 0.0323058 0.0286657 0.0237169 0.0192028 0.0160081 0.0140498 0.0127268
 1.08545e-16 3.33985e-05 0.000324645 0.00215738 0.00980718 0.030514 0.0650148 0.0948999 0.094942 0.0652206 0.0312052 0.0118048 0.00717646 0.0112971 0.0209186 0.0346514 0.0501981 0.0637226 0.0713166 0.0711587 0.0645435 0.0548802 0.0455172 0.038126 0.0325927 0.0279769
 1.16203e-16 3.93729e-05 0.000382719 0.0025433 0.0115615 0.0359722 0.0766433 0.111867 0.111888 0.076745 0.0363145 0.0125546 0.00505214 0.00591293 0.0106996 0.0180397 0.0269546 0.0359441 0.0434692 0.0487948 0.0522726 0.0547421 0.0565868 0.0573068 0.0559256 0.051787
 1.06351e-16 7.01768e-05 0.000682143 0.00453308 0.0206067 0.0641152 0.136605 0.19938 0.199387 0.136638 0.0642284 0.0209343 0.00535781 0.00249081 0.0035302 0.00579276 0.0085026 0.011054 0.0128957 0.0138176 0.0140768 0.0141906 0.0145505 0.015165 0.0156954 0.0157011
pSPR Fmed_Fpbrs
0.654145   0.6 0.325
Fs Fmed_Fpbrs
0.226351   0.276582 0.67437
SSBpbr Bo_Bmed_Bpbrs
1.9477e+06  1.17669e+06  1.07123e+06 535616
Ro
182859
SPR SPRFo_SPRFmed_SPRFpbrs
1.30706e+06 855007 424795
Fref
0.276582
Nvult_r0
 212791 18545.4 8183.97 8760.41 3190.89
CTP_r0
 28099.1 2928.22 1292.21 1383.22 503.825
YTP_r0
391299
Np
 247272 98288.9 8137.95 3591.23 5016.6
Nvult_p0
 174592 70867.3 5867.55 2589.32 3617.02
CTP_p0
 32000.6 15354 1271.25 560.997 783.657
YTP_p0
 561067
CBA_c0
442230
log_Ro
11.9365
likeval ReclasPelacesDesembMPH_pf_preclas_ppelaces_ptallas_desvR_qrecl_qpela
 14.544 17.2248 0.0739202 0.000813203 241.194 118.978 98.2813 0 23.2724 1.24345e-06 5.95623e-08 0.377393 4.95335e-16 0 0
q_reclas_q_pelaces
0.853838 1.03533
M
1
N
 204223 45340.7 154045 9034.38 0.296183
 115086 67797.3 14697.1 49933.1 2928.56
 114906 35135.4 19820.4 4296.65 15454
 198675 35257 10335.6 5830.43 5809.91
 159099 55764.8 9293.02 2724.24 3068.16
 268362 53477.3 18354.9 3058.78 1906.56
 111537 82700.5 15815.4 5428.27 1468.45
 51198.5 27848.9 18870.2 3608.68 1573.66
 47769.4 17705.7 9493.47 6432.7 1766.61
 63032 13793.6 4832.77 2591.24 2238
 116187 16872.4 3429.26 1201.49 1200.61
 152853 39539.2 5638.76 1146.06 802.778
 127981 39714.7 9475.57 1351.33 467.038
 89699.8 34022.6 9790.01 2335.81 448.243
 89814.3 19276.2 6452.57 1856.73 528.011
 476569 22919.2 4518.1 1512.4 558.954
 104053 129178 5786.77 1140.75 522.987
 738622 31448.3 37298.5 1670.85 480.382
 424640 222935 9065.2 10751.5 620.107
 328675 117634 57817.4 2351.03 2949.2
 483261 93689.5 31601.7 15532.3 1423.87
 650607 146256 27097 9139.9 4904.09
 137814 186964 39684.6 7352.39 3810.64
 403440 43853.1 57520.4 12209.2 3434.37
 341758 130763 13801.3 18102.7 4923.31
 153497 110626 41087 4336.54 7235.03
 341695 50923 35829.1 13307.2 3747.77
 383525 110651 16008.7 11263.6 5361.56
 115400 126501 35582.5 5147.99 5346.24
 83946 38324.7 41024.1 11539.4 3403.27
 311080 26683.3 11775.2 12604.6 4591.1
pred_Ctot
 12705.1 3442.54 11696 685.944 0.022488
 12565.4 8965.29 1943.49 6602.98 387.263
 12232.6 4532.26 2556.71 554.242 1993.47
 30429 6491.97 1903.12 1073.57 1069.8
 8744.76 3745.1 624.108 182.957 206.054
 27935.3 6747.83 2316.04 385.961 240.572
 23375.2 20632.8 3945.75 1354.29 366.361
 1950.05 1299.52 880.543 168.392 73.4319
 6624.07 2958.99 1586.56 1075.04 295.238
 11136.1 2917.95 1022.34 548.16 473.435
 5540.03 984.139 200.022 70.0804 70.0293
 29192.3 9019.16 1286.24 261.423 183.119
 23038.7 8555.37 2041.24 291.104 100.61
 24622.6 10987 3161.52 754.31 144.752
 17915.2 4585.55 1534.98 441.692 125.607
 81276.3 4685.19 923.597 309.168 114.262
 11926.8 17916.9 802.62 158.221 72.5379
 85196.9 4388.87 5205.31 233.181 67.0412
 67841.9 42771.1 1739.2 2062.73 118.971
 47758.3 20577.1 10113.7 411.252 515.886
 55038.6 12913.2 4355.67 2140.82 196.252
 91833.9 24869.8 4607.64 1554.17 833.904
 11903.4 19631.6 4166.98 772.019 400.127
 30651.2 4057.19 5321.65 1129.57 317.74
 26219 12214.8 1289.21 1691.01 459.895
 9609.37 8451.65 3139 331.306 552.747
 26134.7 4742.56 3336.84 1239.32 349.037
 25294.1 8900.97 1287.77 906.068 431.295
 7153.75 9570.96 2692.14 389.493 404.492
 7301.12 4051.81 4337.2 1219.98 359.805
 28099.1 2928.22 1292.21 1383.22 503.825
F
 0.102691 0.126559 0.126559 0.126559 0.126559
 0.186472 0.229811 0.229811 0.229811 0.229811
 0.181449 0.223621 0.223621 0.223621 0.223621
 0.270526 0.3334 0.3334 0.3334 0.3334
 0.090267 0.111247 0.111247 0.111247 0.111247
 0.177112 0.218276 0.218276 0.218276 0.218276
 0.387564 0.47764 0.47764 0.47764 0.47764
 0.0618227 0.0761913 0.0761913 0.0761913 0.0761913
 0.242181 0.298468 0.298468 0.298468 0.298468
 0.317961 0.391861 0.391861 0.391861 0.391861
 0.0779101 0.0960178 0.0960178 0.0960178 0.0960178
 0.347753 0.428576 0.428576 0.428576 0.428576
 0.324856 0.400358 0.400358 0.400358 0.400358
 0.537599 0.662547 0.662547 0.662547 0.662547
 0.365767 0.450778 0.450778 0.450778 0.450778
 0.305418 0.376403 0.376403 0.376403 0.376403
 0.196558 0.242242 0.242242 0.242242 0.242242
 0.197907 0.243904 0.243904 0.243904 0.243904
 0.283662 0.34959 0.34959 0.34959 0.34959
 0.255083 0.314368 0.314368 0.314368 0.314368
 0.195196 0.240563 0.240563 0.240563 0.240563
 0.246992 0.304397 0.304397 0.304397 0.304397
 0.145061 0.178776 0.178776 0.178776 0.178776
 0.126644 0.156078 0.156078 0.156078 0.156078
 0.127952 0.15769 0.15769 0.15769 0.15769
 0.103366 0.12739 0.12739 0.12739 0.12739
 0.127542 0.157185 0.157185 0.157185 0.157185
 0.109153 0.134523 0.134523 0.134523 0.134523
 0.102311 0.12609 0.12609 0.12609 0.12609
 0.146135 0.180099 0.180099 0.180099 0.180099
 0.15214 0.1875 0.1875 0.1875 0.1875
YTP_r0W_actual
 238842 47729.9 37344.7 48136.2 19246.1
YTP_p0W_proyectada
 240645 247506 29721.9 16549.4 26644.3
CTP_r0_actual
 28099.1 2928.22 1292.21 1383.22 503.825
CTP_p0_proyectada
 32000.6 15354 1271.25 560.997 783.657
Wmedp
 7.52 16.12 23.38 29.5 34
Frms_r0
 0.15214 0.1875 0.1875 0.1875 0.1875
Zrms_r0
 1.15214 1.1875 1.1875 1.1875 1.1875
nmprior
 8.19 8.8 8.5 0
nm_flota  nm_reclas  nm_pelaces    nm_pelaL
inf 12.156 18.8719 45.5577
cv_recla  cv_pelaces  cv_mph
0.344958 0.470597 0.880045
 ------------------------------------------------
Talla a la edad & desviaci?n 
 8 13.2811 15.8009 17.003 17.5766
 0.8 1.32811 1.58009 1.7003 1.75766
