years
 1991 1992 1993 1994 1995 1996 1997 1998 1999 2000 2001 2002 2003 2004 2005 2006 2007 2008 2009 2010 2011 2012 2013 2014 2015 2016 2017 2018 2019 2020 2021
reclasobs
 0 0 0 0 0 0 0 0 0 252601 567819 844713 477998 351125 339783 2.1784e+06 2.13404e+06 4.81314e+06 1.55562e+06 2.62356e+06 3.21686e+06 3.843e+06 1.13348e+06 3.07943e+06 1.97215e+06 2.03268e+06 2.025e+06 2.42433e+06 2.27542e+06 1.05018e+06 2.36338e+06
reclaspred
 4.09323e+06 2.32945e+06 1.19077e+06 1.38039e+06 1.49641e+06 2.24669e+06 1.50401e+06 1.32134e+06 920800 634979 611223 733844 716165 567323 583403 1.47088e+06 1.47593e+06 3.17784e+06 2.64989e+06 2.01479e+06 3.55341e+06 2.86823e+06 2.33463e+06 3.51832e+06 2.66596e+06 2.40616e+06 2.81688e+06 2.92845e+06 2.44387e+06 1.60944e+06 2.31792e+06
pelacesobs
 0 0 0 0 0 0 0 0 0 0 0 0 0 0 0 552880 188675 0 991730 2.46772e+06 1.41603e+06 1.21717e+06 2.29649e+06 1.80582e+06 0 1.4828e+06 1.56532e+06 1.57751e+06 1.42118e+06 867257 1.10002e+06
pelacespred
 1.90081e+06 1.20782e+06 621214 596305 658850 1.03508e+06 671628 692844 479732 314587 311513 305236 324312 270972 287427 602394 599954 1.48954e+06 1.28349e+06 902890 1.54451e+06 1.35749e+06 1.09823e+06 1.81559e+06 1.32277e+06 1.18966e+06 1.59069e+06 1.63576e+06 1.11411e+06 830228 1.21185e+06
mphobs
 0 0 0 0 0 0 0 0 0 0 0 498337 0 5186 125008 0 168611 109162 213762 579715 649985 157893 87575 83554 0 0 0 0 0 0 0
mphpred
 3.57536e+06 2.41467e+06 1.22773e+06 678989 904576 1.08232e+06 1.37105e+06 914201 778782 517570 321456 411936 418080 354705 245733 317363 989120 977268 1.82961e+06 1.40134e+06 1.53379e+06 1.88587e+06 1.77679e+06 1.50209e+06 2.05177e+06 1.70394e+06 1.43338e+06 1.50921e+06 2.05603e+06 1.42954e+06 913587
desembarqueobs
 494567 514787 250237 358949 120608 361735 552515 73892 212993 205616 52469 317467 293654 387597 252695 516296 358380 742168 942051 627588 828172 859565 418607 520667 417249 300574 415391 372974 316634 284311 391294
desembarquepred
 494577 513071 251230 358971 120612 361757 552612 73896.2 213054 205678 52472.1 317562 293728 387676 252703 516283 358411 742097 941915 627499 828269 859633 418628 520701 417260 300581 415399 372967 316634 284326 391303
Reclutas
 217690 124176 120893 271698 214051 315173 132680 62116.1 51455.4 63858.4 109173 147050 126320 89900.6 90547.1 470946 111421 706600 431493 337974 483087 643842 147629 397919 344465 161548 343235 376972 122681 94413.9 338901
log_desv_Rt
 0.118785 -0.442589 -0.469381 0.340405 0.101931 0.488836 -0.376344 -1.13528 -1.32357 -1.10762 -0.571349 -0.273515 -0.425467 -0.76558 -0.758415 0.890459 -0.550969 1.29618 0.802966 0.558683 0.915913 1.20317 -0.269584 0.721963 0.577709 -0.179483 0.57413 0.667885 -0.4547 -0.716596 0.561423
SSB
 3.57536e+06 2.41467e+06 1.22773e+06 678989 904576 1.08232e+06 1.37105e+06 914201 778782 517570 321456 411936 418080 354705 245733 317363 989120 977268 1.82961e+06 1.40134e+06 1.53379e+06 1.88587e+06 1.77679e+06 1.50209e+06 2.05177e+06 1.70394e+06 1.43338e+06 1.50921e+06 2.05603e+06 1.42954e+06 913587
BT
 4.79766e+06 3.29104e+06 1.68182e+06 1.67314e+06 1.61044e+06 2.69037e+06 2.04688e+06 1.66007e+06 1.31817e+06 926114 764699 973329 1.01601e+06 1.02895e+06 915947 1.80761e+06 1.66248e+06 4.08894e+06 3.86701e+06 2.64006e+06 4.23572e+06 3.93091e+06 2.89726e+06 4.67103e+06 3.4328e+06 3.0088e+06 4.09141e+06 4.14578e+06 2.82968e+06 2.18707e+06 3.16976e+06
Ftot
 0.117292 0.21098 0.203271 0.261706 0.0806093 0.162704 0.351087 0.0555123 0.226861 0.314819 0.0881991 0.425588 0.403715 0.659568 0.437524 0.36418 0.237234 0.240767 0.349342 0.307878 0.233999 0.298387 0.175214 0.151657 0.155157 0.123556 0.150531 0.13089 0.125331 0.172178 0.174525
BD_Bspro_t
 0.981408 0.862808 0.718586 0.639766 0.670053 0.742957 0.731909 0.60213 0.648741 0.601054 0.555075 0.698593 0.571037 0.480216 0.376095 0.438027 0.601978 0.585032 0.668345 0.5763 0.552323 0.599344 0.612575 0.611137 0.709891 0.719331 0.730186 0.761769 0.799725 0.741091 0.684836
BD_Bspro
 2.59129 1.75007 0.889818 0.492107 0.655604 0.784427 0.993691 0.66258 0.564433 0.375116 0.23298 0.298557 0.30301 0.257078 0.178099 0.230014 0.716879 0.708289 1.32603 1.01564 1.11164 1.36681 1.28775 1.08866 1.48705 1.23495 1.03886 1.09382 1.49013 1.03608 0.662135
BD_Bo
 1.78356 1.20455 0.612451 0.338712 0.451245 0.539912 0.683946 0.456046 0.388493 0.258188 0.160357 0.205493 0.208558 0.176944 0.122583 0.158316 0.49342 0.487507 0.912693 0.699056 0.765129 0.94076 0.886344 0.749313 1.02352 0.850004 0.715036 0.752865 1.02564 0.713124 0.45574
BD_Brms
 11.9791 8.09028 4.11348 2.27493 3.03075 3.62628 4.59367 3.063 2.60928 1.7341 1.07703 1.38018 1.40076 1.18843 0.823322 1.06332 3.31402 3.2743 6.13003 4.69516 5.13893 6.31854 5.95306 5.0327 6.8744 5.70898 4.80248 5.05656 6.88865 4.78964 3.06094
Sel_flota
 0.859199 1 1 1 1
 0.859199 1 1 1 1
 0.859199 1 1 1 1
 0.859199 1 1 1 1
 0.859199 1 1 1 1
 0.859199 1 1 1 1
 0.859199 1 1 1 1
 0.859199 1 1 1 1
 0.859199 1 1 1 1
 0.859199 1 1 1 1
 0.859199 1 1 1 1
 0.859199 1 1 1 1
 0.859199 1 1 1 1
 0.859199 1 1 1 1
 0.859199 1 1 1 1
 0.859199 1 1 1 1
 0.859199 1 1 1 1
 0.859199 1 1 1 1
 0.859199 1 1 1 1
 0.859199 1 1 1 1
 0.859199 1 1 1 1
 0.859199 1 1 1 1
 0.859199 1 1 1 1
 0.859199 1 1 1 1
 0.859199 1 1 1 1
 0.859199 1 1 1 1
 0.859199 1 1 1 1
 0.859199 1 1 1 1
 0.859199 1 1 1 1
 0.859199 1 1 1 1
 0.859199 1 1 1 1
Sel_reclas
 0.983363 1 1 1 1
 0.983363 1 1 1 1
 0.983363 1 1 1 1
 0.983363 1 1 1 1
 0.983363 1 1 1 1
 0.983363 1 1 1 1
 0.983363 1 1 1 1
 0.983363 1 1 1 1
 0.983363 1 1 1 1
 0.983363 1 1 1 1
 0.983363 1 1 1 1
 0.983363 1 1 1 1
 0.983363 1 1 1 1
 0.983363 1 1 1 1
 0.983363 1 1 1 1
 0.983363 1 1 1 1
 0.983363 1 1 1 1
 0.983363 1 1 1 1
 0.983363 1 1 1 1
 0.983363 1 1 1 1
 0.983363 1 1 1 1
 0.983363 1 1 1 1
 0.983363 1 1 1 1
 0.983363 1 1 1 1
 0.983363 1 1 1 1
 0.983363 1 1 1 1
 0.983363 1 1 1 1
 0.983363 1 1 1 1
 0.983363 1 1 1 1
 0.983363 1 1 1 1
 0.983363 1 1 1 1
Sel_pelaces
 1 1 1 1 1
 1 1 1 1 1
 1 1 1 1 1
 1 1 1 1 1
 1 1 1 1 1
 1 1 1 1 1
 1 1 1 1 1
 1 1 1 1 1
 1 1 1 1 1
 1 1 1 1 1
 1 1 1 1 1
 1 1 1 1 1
 1 1 1 1 1
 1 1 1 1 1
 1 1 1 1 1
 1 1 1 1 1
 1 1 1 1 1
 1 1 1 1 1
 1 1 1 1 1
 1 1 1 1 1
 1 1 1 1 1
 1 1 1 1 1
 1 1 1 1 1
 1 1 1 1 1
 1 1 1 1 1
 1 1 1 1 1
 1 1 1 1 1
 1 1 1 1 1
 1 1 1 1 1
 1 1 1 1 1
 1 1 1 1 1
pf_obs 
 0.8446 0.082 0.0669 0.0065 0
 0.8095 0.147 0.0364 0.0071 0
 0.9664 0.0169 0.016 0.0007 0
 0.9276 0.0648 0.0075 0.0001 0
 0.7033 0.2144 0.0806 0.0017 0
 0.9318 0.0425 0.0243 0.0014 0
 0.5671 0.3108 0.0964 0.0239 0.0018
 0.0768 0.2599 0.5324 0.112 0.0189
 0.490249 0.384438 0.106611 0.0170017 0.00170017
 0.7925 0.1577 0.0466 0.003 0.0002
 0.840416 0.127587 0.0312969 0.00059994 9.999e-05
 0.8084 0.0986 0.0794 0.0134 0.0002
 0.7335 0.1905 0.0724 0.0035 0.0001
 0.4001 0.4547 0.1325 0.0127 0
 0.49795 0.308269 0.164784 0.0264974 0.00249975
 0.9179 0.0499 0.0305 0.0017 0
 0.2467 0.6533 0.0926 0.0074 0
 0.9418 0.0223 0.034 0.0019 0
 0.707729 0.231977 0.0356964 0.0245975 0
 0.517169 0.277429 0.184464 0.0207286 0.00020938
 0.811772 0.124168 0.05621 0.00726502 0.000585176
 0.764997 0.148141 0.077277 0.00933861 0.000247198
 0.163321 0.427699 0.378323 0.0303852 0.000271297
 0.753843 0.0900009 0.118128 0.0371064 0.000921714
 0.721811 0.176058 0.0630433 0.0369309 0.00215725
 0.143369 0.312575 0.442814 0.0836902 0.0175525
 0.692698 0.0596174 0.167031 0.0765114 0.00414204
 0.394062 0.376323 0.152708 0.0712218 0.00568511
 0.125707 0.32114 0.495352 0.0537591 0.00404204
 0.23352 0.215282 0.420074 0.123614 0.00750983
 0.796117 0.104755 0.0508955 0.0450114 0.00322123
pf_pred 
 0.460475 0.108696 0.408965 0.0218644 7.61299e-07
 0.427514 0.286683 0.0575794 0.216641 0.0115826
 0.564143 0.204597 0.115808 0.0232596 0.0921925
 0.793319 0.125066 0.0383111 0.0216852 0.0216186
 0.655052 0.28299 0.0374919 0.0114848 0.0129815
 0.719611 0.193446 0.0713263 0.00944967 0.00616661
 0.464285 0.402716 0.0917584 0.0338326 0.00740737
 0.430504 0.290254 0.209916 0.0478292 0.0214964
 0.490925 0.238845 0.137728 0.099607 0.0328955
 0.656674 0.183196 0.0751289 0.0433225 0.0416788
 0.785385 0.149315 0.0348433 0.0142893 0.016167
 0.737992 0.212484 0.0344561 0.00804048 0.00702813
 0.69557 0.235255 0.0560998 0.00909709 0.00397841
 0.640981 0.263364 0.0739197 0.0176272 0.00410847
 0.744909 0.175448 0.0584234 0.016398 0.00482174
 0.93362 0.0517254 0.0100793 0.00335634 0.00121905
 0.419599 0.547955 0.0252828 0.00492662 0.0022364
 0.89477 0.0486069 0.0534575 0.00246654 0.000698811
 0.619352 0.346354 0.0158407 0.0174214 0.00103157
 0.624219 0.248448 0.115861 0.00529897 0.00617285
 0.74558 0.169178 0.0563582 0.0262821 0.00260228
 0.75036 0.193901 0.0370639 0.0123471 0.00632807
 0.353435 0.505646 0.109455 0.0209222 0.010542
 0.743333 0.100697 0.121976 0.0264038 0.00759006
 0.642506 0.276497 0.0317774 0.0384925 0.0107275
 0.461308 0.365983 0.133579 0.015352 0.0237788
 0.736328 0.132295 0.0892567 0.0325775 0.0095433
 0.692867 0.235562 0.0359097 0.0242276 0.0114332
 0.38358 0.447741 0.129372 0.0197218 0.0195851
 0.460702 0.227896 0.226188 0.0653559 0.019857
 0.831364 0.0846826 0.0354768 0.035211 0.0132652
pobs_RECLAS
 0 0 0 0 0
 0 0 0 0 0
 0 0 0 0 0
 0 0 0 0 0
 0 0 0 0 0
 0 0 0 0 0
 0 0 0 0 0
 0 0 0 0 0
 0 0 0 0 0
 0 0 0 0 0
 0.991045 0.00858322 0.000360255 1.14367e-05 0
 0.934742 0.0480273 0.0164251 0.00080598 0
 0.827803 0.169806 0.00239088 0 0
 0.941827 0.0461693 0.0120037 0 0
 0.791401 0.0380133 0.147996 0.0225897 0
 0.846168 0.0940531 0.0597789 0 0
 0.134021 0.677848 0.182769 0.00536245 0
 0.80878 0.0450904 0.141981 0.00414843 0
 0.846168 0.0940531 0.0597789 0 0
 0.905697 0.0802665 0.012482 0.00150086 5.37128e-05
 0.989698 0.0102097 9.19794e-05 0 0
 0.975433 0.0193895 0.00387452 0.00125025 5.28907e-05
 0.303575 0.632131 0.0575291 0.00676475 0
 0.966965 0.00978017 0.0227588 0.000495775 0
 0.843318 0.132988 0.00938335 0.0141283 0.000182051
 0.564624 0.303363 0.111486 0.0197234 0.00080311
 0.826376 0.0876187 0.0782897 0.00655872 0.00115652
 0.89761 0.0855135 0.0140674 0.00269457 0.000114338
 0.34875 0.467042 0.161289 0.0227151 0.000203297
 0.318654 0.224769 0.449479 0.00709798 0
 0.937255 0.0296025 0.0250945 0.00804832 0
ppred_RECLAS
 0.494511 0.101839 0.383165 0.020485 7.13272e-07
 0.461543 0.269642 0.0541568 0.203763 0.0108941
 0.597664 0.188862 0.106901 0.0214708 0.0851021
 0.815138 0.111863 0.0342666 0.0193959 0.0193363
 0.685097 0.258341 0.0342263 0.0104844 0.0118508
 0.74643 0.174943 0.064504 0.00854582 0.00557678
 0.499296 0.376397 0.0857617 0.0316216 0.00692327
 0.464026 0.273169 0.19756 0.0450138 0.0202311
 0.525433 0.222655 0.128392 0.092855 0.0306657
 0.68743 0.166785 0.0683987 0.0394415 0.0379451
 0.807431 0.133977 0.0312641 0.0128214 0.0145063
 0.76446 0.191019 0.0309754 0.00722824 0.00631815
 0.724638 0.212792 0.0507432 0.00822847 0.00359853
 0.674053 0.239103 0.0671103 0.0160034 0.00373
 0.770937 0.157546 0.0524621 0.0147248 0.00432974
 0.941816 0.0453385 0.00883469 0.00294191 0.00106852
 0.453602 0.515853 0.0238016 0.00463799 0.00210538
 0.907104 0.0429099 0.047192 0.00217745 0.000616907
 0.651821 0.31681 0.0144895 0.0159354 0.000943575
 0.656333 0.227216 0.10596 0.00484612 0.00564532
 0.770903 0.152339 0.0507487 0.0236662 0.00234327
 0.77554 0.174343 0.0333253 0.0111017 0.00568977
 0.385407 0.480642 0.104043 0.0198876 0.0100207
 0.768583 0.0907908 0.109977 0.0238062 0.00684336
 0.673328 0.252658 0.0290376 0.0351738 0.00980266
 0.495371 0.342841 0.125132 0.0143813 0.0222752
 0.762044 0.119392 0.0805514 0.0294002 0.00861254
 0.72116 0.213862 0.0326017 0.0219958 0.0103799
 0.416346 0.423941 0.122495 0.0186735 0.0185441
 0.494939 0.213429 0.211829 0.0612069 0.0185964
 0.849749 0.0754506 0.0316092 0.0313723 0.011819
pobs_PELACES
 0 0 0 0 0
 0 0 0 0 0
 0 0 0 0 0
 0 0 0 0 0
 0 0 0 0 0
 0 0 0 0 0
 0 0 0 0 0
 0 0 0 0 0
 0 0 0 0 0
 0 0 0 0 0
 0 0 0 0 0
 0 0 0 0 0
 0 0 0 0 0
 0 0 0 0 0
 0 0 0 0 0
 0 0 0 0 0
 0.505614 0.472636 0.0217494 0 0
 0 0 0 0 0
 0.443492 0.261883 0.143347 0.151278 0
 0.227955 0.32914 0.350689 0.0885471 0.00366901
 0.970185 0.0296113 0.000203453 0 0
 0.997202 0.00247181 0.000326279 0 0
 0.445219 0.490057 0.0546422 0.010081 0
 0.90214 0.0892962 0.00764917 0.000914606 0
 0 0 0 0 0
 0.581667 0.319106 0.0959925 0.00289975 0.000334073
 0.762889 0.0836404 0.116647 0.0363945 0.000428098
 0.88444 0.0763242 0.0277011 0.0115352 0
 0.521256 0.241999 0.230069 0.00667565 0
 0.616807 0.101726 0.260614 0.0208532 0
 0.833518 0.0704572 0.0857862 0.0102388 0
ppred_PELACES
 0.500067 0.100719 0.378953 0.0202599 7.05432e-07
 0.468156 0.266331 0.0534918 0.201261 0.0107603
 0.603953 0.18591 0.10523 0.0211351 0.0837718
 0.819459 0.109248 0.0334657 0.0189426 0.0188844
 0.689508 0.254723 0.0337469 0.0103376 0.0116848
 0.751009 0.171784 0.0633393 0.00839151 0.00547608
 0.507568 0.370179 0.0843448 0.0310991 0.00680889
 0.468843 0.270714 0.195785 0.0446092 0.0200492
 0.53224 0.219461 0.12655 0.0915232 0.0302258
 0.694138 0.163205 0.0669308 0.0385951 0.0371308
 0.810656 0.131733 0.0307405 0.0126067 0.0142633
 0.770977 0.185733 0.0301182 0.00702822 0.00614332
 0.731672 0.207356 0.049447 0.00801828 0.00350661
 0.684385 0.231524 0.064983 0.0154961 0.00361176
 0.777424 0.153084 0.0509764 0.0143078 0.00420713
 0.943636 0.0439208 0.00855844 0.00284992 0.00103511
 0.460501 0.50934 0.0235011 0.00457943 0.00207879
 0.909433 0.0418337 0.0460085 0.00212284 0.000601435
 0.659275 0.310028 0.0141793 0.0155943 0.000923376
 0.66331 0.222603 0.103809 0.00474774 0.00553072
 0.77575 0.149116 0.0496751 0.0231655 0.00229369
 0.780829 0.170235 0.0325401 0.0108401 0.0055557
 0.391326 0.476013 0.103041 0.0196961 0.00992415
 0.772793 0.089139 0.107976 0.0233731 0.00671886
 0.678582 0.248595 0.0285706 0.0346081 0.009645
 0.501 0.339016 0.123736 0.0142208 0.0220267
 0.766328 0.117243 0.0791013 0.0288709 0.0084575
 0.725734 0.210355 0.032067 0.021635 0.0102097
 0.421848 0.419945 0.121341 0.0184975 0.0183692
 0.501133 0.210811 0.209231 0.0604562 0.0183683
 0.852899 0.0738688 0.0309465 0.0307146 0.0115712
pobs_pel_tallas
 0 0 0 0 0 0 0 0 0 0 0 0 0 0 0 0 0 0 0 0 0 0 0 0 0 0
 0 0 0 0 0 0 0 0 0 0 0 0 0 0 0 0 0 0 0 0 0 0 0 0 0 0
 0 0 0 0 0 0 0 0 0 0 0 0 0 0 0 0 0 0 0 0 0 0 0 0 0 0
 0 0 0 0 0 0 0 0 0 0 0 0 0 0 0 0 0 0 0 0 0 0 0 0 0 0
 0 0 0 0 0 0 0 0 0 0 0 0 0 0 0 0 0 0 0 0 0 0 0 0 0 0
 0 0 0 0 0 0 0 0 0 0 0 0 0 0 0 0 0 0 0 0 0 0 0 0 0 0
 0 0 0 0 0 0 0 0 0 0 0 0 0 0 0 0 0 0 0 0 0 0 0 0 0 0
 0 0 0 0 0 0 0 0 0 0 0 0 0 0 0 0 0 0 0 0 0 0 0 0 0 0
 0 0 0 0 0 0 0 0 0 0 0 0 0 0 0 0 0 0 0 0 0 0 0 0 0 0
 0 0 0 0 0 0 0 0 0 0 0 0 0 0 0 0 0 0 0 0 0 0 0 0 0 0
 0 0 0 0 0 0 0 0 0 0 0 0 0 0 0 0 0 0 0 0 0 0 0 0 0 0
 0 0 0 0 0 0 0 0 0 0 0 0 0 0 0 0 0 0 0 0 0 0 0 0 0 0
 0.00862536 0 0 0.000197151 0.00414017 0.0128641 0.00837892 0.0270097 0.101434 0.158115 0.152841 0.127902 0.109271 0.109419 0.0830992 0.0579132 0.0238553 0.00714673 0.00463305 0.00128148 0.00103504 0.000492878 0.000147863 0.000147863 4.92878e-05 0
 0 0 0 0 0 0 0 0 0 0 0 0 0 0 0 0 0 0 0 0 0 0 0 0 0 0
 0 0 0 0 0 0 0 0.0054083 0.00873648 0.0413646 0.0450493 0.0745869 0.0622846 0.0627006 0.0613931 0.0827291 0.12552 0.122667 0.0946155 0.0697135 0.0546179 0.0294188 0.0215738 0.0213955 0.0102223 0.00600262
 0 0 0 0 0.00359764 0.0251062 0.0480494 0.140153 0.205849 0.193036 0.1447 0.116669 0.0760912 0.0342217 0.00950174 0.001854 0.000860785 0 0 0 0.000165536 0 0.000143464 0 0 0
 0 0 0 0 0 0 0 0.000145254 0.000435761 0.0275982 0.070085 0.0708112 0.156366 0.174668 0.174014 0.160142 0.0824315 0.0480064 0.0283245 0.00493863 0.00203355 0 0 0 0 0
 0 0 0 0 0 0 0 0 0 0 0 0 0 0 0 0 0 0 0 0 0 0 0 0 0 0
 0 0 1.00437e-05 0.000401748 0.00122533 0.00171747 0.00176769 0.0269171 0.070346 0.194647 0.189555 0.159765 0.064822 0.0314167 0.0384472 0.0292271 0.0345202 0.0313363 0.0194345 0.0106764 0.0143323 0.0359363 0.0279516 0.0138201 0.00172751 0
 0 0.0021121 0.0136068 0.0755702 0.200478 0.177729 0.0527432 0.0373336 0.0318909 0.0142505 0.0149659 0.0166563 0.0217959 0.0798694 0.0677717 0.0528807 0.04013 0.0224614 0.0357745 0.0225083 0.00881397 0.00855152 0.00135912 0.000746735 0 0
 0 0 0 0 5.4009e-05 0.00500934 0.000945158 0.0243581 0.138947 0.33067 0.221406 0.137944 0.0707744 0.0437923 0.0131692 0.00525238 0.0047753 0.00276346 9.45158e-05 9.00151e-06 2.25038e-05 9.00151e-06 4.50075e-06 0 0 0
 0.000866109 0.00284123 0.00948549 0.0512746 0.133035 0.25785 0.225252 0.132002 0.0553304 0.0519788 0.0540692 0.017754 0.00435017 0.00159236 0.00146478 0.000404838 0.000125132 0.000115318 0.000107957 0.000100596 0 0 0 0 0 0
 0 0 0 0 0.00144013 0.00171154 0.00461396 0.0210425 0.0478622 0.0707936 0.0888783 0.103762 0.0637923 0.0337046 0.0602308 0.124433 0.169614 0.0934646 0.0462172 0.0250306 0.0313229 0.00938855 0.002487 0.000210481 0 0
 0 0.00764035 0.051015 0.0998891 0.058973 0.0496711 0.0374665 0.0718981 0.12319 0.153886 0.159021 0.0857701 0.0377988 0.023471 0.0147837 0.00900784 0.00315554 0.000888139 0.00291439 0.00214683 0.00393193 0.00274676 0.000635225 9.99891e-05 0 0
 0 0 0 0 0 0 0 0 0 0 0 0 0 0 0 0 0 0 0 0 0 0 0 0 0 0
 0 0 0 0 0 0 0 0 0 0 0 0 0 0 0 0 0 0 0 0 0 0 0 0 0 0
 0 0 0 0 0 0 0 0 0 0 0 0 0 0 0 0 0 0 0 0 0 0 0 0 0 0
 0 0 0 0 0 0 0 0 0 0 0 0 0 0 0 0 0 0 0 0 0 0 0 0 0 0
 0 0 0 0 0 0 0 0 0 0 0 0 0 0 0 0 0 0 0 0 0 0 0 0 0 0
 0 0 0 0 0 0 0 0 0 0 0 0 0 0 0 0 0 0 0 0 0 0 0 0 0 0
 0 0 0 0 0 0 0 0 0 0 0 0 0 0 0 0 0 0 0 0 0 0 0 0 0 0
ppred_pel_tallas
 1.12994e-16 4.11899e-05 0.00040038 0.00266067 0.012095 0.0376322 0.0801797 0.117027 0.117037 0.0802301 0.0378033 0.0125966 0.00394684 0.00329814 0.00580777 0.0102209 0.0163094 0.0238099 0.0323548 0.0415734 0.0509564 0.0595212 0.0656866 0.0677132 0.0645574 0.0565414
 1.23617e-16 3.85614e-05 0.000374831 0.00249088 0.0113232 0.0352308 0.075064 0.109563 0.109589 0.0751899 0.035654 0.0125469 0.00556831 0.00711274 0.0128971 0.0214345 0.0313143 0.0403899 0.0465939 0.0492132 0.0494002 0.0493584 0.050789 0.0537903 0.0569168 0.0581555
 1.19381e-16 4.97469e-05 0.000483557 0.00321341 0.0146077 0.0454501 0.0968369 0.14134 0.141358 0.0969252 0.0457471 0.0154675 0.00537881 0.00523523 0.00914755 0.0152407 0.0224229 0.029223 0.034202 0.0367879 0.0376199 0.0380265 0.0390488 0.0407821 0.0424455 0.04296
 1.0609e-16 6.74978e-05 0.000656102 0.00436003 0.0198201 0.0616677 0.13139 0.19177 0.19178 0.131442 0.0618412 0.0203218 0.00562136 0.00341612 0.00532896 0.00875614 0.0127361 0.016299 0.0185165 0.0189951 0.0181123 0.016736 0.0156501 0.0151337 0.0149495 0.0146336
 1.04054e-16 5.67939e-05 0.000552057 0.00366862 0.016677 0.0518885 0.110555 0.161363 0.161388 0.110675 0.0522913 0.0178404 0.00658883 0.00692698 0.0121643 0.0200218 0.028842 0.0362856 0.0400118 0.038955 0.0339632 0.0272216 0.0209375 0.0163067 0.0133567 0.0114628
 1.03641e-16 6.18597e-05 0.000601298 0.00399584 0.0181645 0.0565166 0.120415 0.175753 0.17577 0.120496 0.0567895 0.0189536 0.00597968 0.00494195 0.0083346 0.0137566 0.0199876 0.0255036 0.0287828 0.0291069 0.0269489 0.0235738 0.0201991 0.0173933 0.0150733 0.0129003
 1.068e-16 4.18078e-05 0.000406387 0.00270058 0.0122765 0.0381969 0.0813838 0.11879 0.118825 0.0815585 0.0387835 0.0139714 0.00695795 0.00970972 0.0177386 0.0293335 0.0424278 0.0537284 0.0599006 0.0594096 0.0534058 0.0448695 0.036735 0.0304763 0.0259852 0.0223876
 1.13586e-16 3.8618e-05 0.000375381 0.00249454 0.0113398 0.0352826 0.0751742 0.109725 0.109751 0.0753031 0.0357161 0.0125953 0.0056586 0.00732464 0.0133604 0.0223514 0.0329572 0.0430503 0.0504541 0.0541368 0.0546976 0.0536707 0.0522604 0.0505939 0.0479766 0.0437123
 1.18002e-16 4.38399e-05 0.00042614 0.00283185 0.0128732 0.0400534 0.0853387 0.124559 0.12458 0.0854431 0.0404043 0.0138891 0.00539132 0.00604499 0.0108092 0.0180519 0.026604 0.0347602 0.0408347 0.0441375 0.0453555 0.0459237 0.0468887 0.0481934 0.0488518 0.0477105
 1.12128e-16 5.71753e-05 0.000555764 0.00369325 0.016789 0.0522368 0.111297 0.162444 0.16246 0.111374 0.0524967 0.0175408 0.00558501 0.00470067 0.00797466 0.0132158 0.0193286 0.0249531 0.0287638 0.0302164 0.029874 0.0289653 0.0285227 0.0287799 0.0292027 0.0289731
 1.04599e-16 6.67727e-05 0.000649055 0.0043132 0.0196072 0.0610053 0.129979 0.18971 0.189723 0.130041 0.0612141 0.0202107 0.00582928 0.00396296 0.00637333 0.0104654 0.0151534 0.0192398 0.0215586 0.0215937 0.0197847 0.0172106 0.0149061 0.0133468 0.0124041 0.0116521
 1.02662e-16 6.35044e-05 0.000617286 0.00410208 0.0186475 0.0580193 0.123617 0.180426 0.180444 0.123704 0.0583132 0.0194963 0.00623317 0.00527069 0.00890482 0.0146307 0.0210934 0.0265761 0.0293738 0.0287034 0.0251637 0.0203156 0.0157338 0.0122681 0.0099433 0.00833834
 1.02878e-16 6.02669e-05 0.000585815 0.00389295 0.0176968 0.0550614 0.117315 0.171229 0.171249 0.117413 0.05539 0.0186462 0.00627761 0.00579661 0.00997133 0.0164278 0.0237488 0.0300514 0.0334507 0.0330665 0.0295217 0.0244735 0.0195751 0.015692 0.0128307 0.0105776
 1.041e-16 5.6372e-05 0.000547956 0.00364136 0.0165531 0.051503 0.109733 0.160164 0.160186 0.109843 0.0518702 0.0176144 0.00630803 0.00637786 0.0111535 0.0184156 0.0266768 0.0338696 0.0379161 0.0378472 0.0343456 0.0292124 0.0242122 0.0202191 0.0171673 0.0145666
 1.03658e-16 6.40354e-05 0.000622447 0.00413638 0.0188034 0.0585044 0.12465 0.181934 0.181949 0.124723 0.0587475 0.0195062 0.00590292 0.00448684 0.00742686 0.0122389 0.0177704 0.0226547 0.0255386 0.0257946 0.0238665 0.0209084 0.0180238 0.0157159 0.0138777 0.0121533
 1.0072e-16 7.7726e-05 0.000755525 0.00502073 0.0228235 0.0710124 0.1513 0.220827 0.220831 0.15132 0.071082 0.0230244 0.00552527 0.00185766 0.002173 0.00347501 0.00501167 0.00633061 0.0070285 0.00692162 0.00614905 0.00507207 0.00405051 0.00327165 0.00273134 0.00232749
 1.0162e-16 3.7931e-05 0.000368702 0.00245016 0.0111381 0.034655 0.073838 0.107779 0.107828 0.0740775 0.0354588 0.0134586 0.00827107 0.0130628 0.0241082 0.0396956 0.0569439 0.0711126 0.0773953 0.073576 0.0613743 0.0453406 0.0302211 0.0188178 0.011561 0.00742999
 1.01654e-16 7.49088e-05 0.000728141 0.00483875 0.0219963 0.0684385 0.145816 0.212823 0.212827 0.145836 0.068506 0.0221919 0.00533273 0.00181632 0.00217025 0.00354387 0.00527074 0.00698648 0.00836067 0.00921899 0.00960301 0.00966561 0.00950122 0.00907139 0.00827943 0.00710294
 1.02209e-16 5.43037e-05 0.000527851 0.00350776 0.0159458 0.0496134 0.105708 0.15429 0.154319 0.105853 0.0501027 0.0173586 0.00705199 0.00825805 0.0147153 0.0241894 0.0347203 0.0434138 0.0473657 0.0452532 0.0381435 0.0288072 0.0201013 0.0136627 0.00965917 0.00737781
 1.04465e-16 5.4636e-05 0.000531081 0.00352922 0.0160433 0.0499169 0.106354 0.155231 0.155253 0.10646 0.0502713 0.0170682 0.00610703 0.00617601 0.0108266 0.0179452 0.0261537 0.0335272 0.0381132 0.0389662 0.0366338 0.032643 0.0284433 0.0246833 0.0212542 0.0178146
 1.04184e-16 6.38975e-05 0.000621106 0.00412747 0.0187629 0.0583784 0.124382 0.181542 0.181556 0.124452 0.0586153 0.0194477 0.00584899 0.00438766 0.00724238 0.0119384 0.0173489 0.0221517 0.0250428 0.0254263 0.0237451 0.0211207 0.0186042 0.0166405 0.0150672 0.0134856
 1.0301e-16 6.43159e-05 0.000625174 0.0041545 0.0188858 0.0587607 0.125196 0.182731 0.182748 0.125277 0.0590302 0.0196645 0.00610992 0.00489656 0.00818444 0.01345 0.0194197 0.02453 0.0272329 0.0268203 0.0238362 0.0196868 0.0157716 0.0128165 0.0107987 0.00930907
 1.0675e-16 3.22331e-05 0.000313318 0.00208211 0.00946499 0.0294493 0.0627466 0.0915902 0.0916361 0.0629711 0.0302033 0.0116434 0.00755289 0.0122654 0.0227585 0.0376446 0.0543916 0.0687467 0.0763796 0.0752758 0.0668971 0.0551039 0.043757 0.0348918 0.0285288 0.0236737
 1.0662e-16 6.3654e-05 0.000618739 0.00411174 0.0186914 0.0581559 0.123908 0.180849 0.180857 0.12395 0.0583001 0.0191099 0.0051699 0.00295385 0.00457241 0.00765207 0.0114707 0.015377 0.0187318 0.0212167 0.0229413 0.0241929 0.0250585 0.0252775 0.0244403 0.0223299
 1.05992e-16 5.58939e-05 0.000543309 0.00361048 0.0164127 0.0510662 0.108803 0.158806 0.15883 0.10892 0.0514594 0.0175483 0.00646108 0.00676709 0.0118792 0.0195609 0.0282034 0.0355458 0.0393398 0.0385932 0.0341795 0.0282518 0.0229305 0.0192784 0.0171605 0.0157938
 1.08812e-16 4.12668e-05 0.000401128 0.00266564 0.0121176 0.0377026 0.0803306 0.117252 0.117284 0.0804909 0.0382412 0.013675 0.0065807 0.00896737 0.0163678 0.027145 0.039453 0.0503554 0.0568663 0.0575892 0.0534842 0.0470751 0.040778 0.035701 0.0316281 0.0278068
 1.0664e-16 6.31214e-05 0.000613563 0.00407734 0.018535 0.0576693 0.122871 0.179336 0.179348 0.122927 0.057857 0.0190784 0.0054465 0.00362006 0.00582504 0.00966722 0.0142437 0.0185979 0.0217936 0.023403 0.023714 0.0234201 0.0230559 0.0226577 0.0218693 0.0203106
 1.04877e-16 5.97778e-05 0.000581061 0.00386136 0.0175532 0.0546146 0.116363 0.169839 0.16986 0.116462 0.0549474 0.0185148 0.00627567 0.0058537 0.0100802 0.0165889 0.0239391 0.0302138 0.0335108 0.0329793 0.0293326 0.0243561 0.0198115 0.0165877 0.0145942 0.0132207
 1.08573e-16 3.47472e-05 0.000337755 0.0022445 0.0102032 0.0317462 0.0676401 0.0987311 0.0987717 0.0678384 0.0324123 0.0121286 0.00708237 0.010915 0.0201704 0.0334152 0.048424 0.0615065 0.068905 0.0688686 0.0626412 0.0534932 0.0446264 0.0376228 0.0323498 0.0278909
 1.15264e-16 4.12777e-05 0.000401234 0.00266634 0.0121208 0.0377125 0.0803512 0.117279 0.1173 0.0804521 0.0380521 0.0131056 0.00515303 0.00587851 0.0105875 0.017816 0.0265495 0.0352617 0.042393 0.0472044 0.0500783 0.0519307 0.0532587 0.0536792 0.0522905 0.0484367
 1.05951e-16 7.02522e-05 0.000682876 0.00453795 0.0206289 0.0641841 0.136751 0.199594 0.199601 0.136786 0.0643019 0.0209695 0.00539537 0.00256245 0.00366353 0.00600916 0.00880462 0.0114119 0.0132454 0.0140747 0.0141618 0.0140509 0.0141712 0.0145679 0.0149314 0.0148411
pSPR Fmed_Fpbrs
0.669984   0.198889 0.198889
Fs Fmed_Fpbrs
0.206965   1.005 1.005
SSBpbr Bo_Bmed_Bpbrs
2.00462e+06  1.24283e+06  298466 298466
Ro
193308
SPR SPRFo_SPRFmed_SPRFpbrs
1.37976e+06 924417 274419
Fref
1.005
Nvult_r0
 231587 20701.1 8672.5 8607.51 3242.74
CTP_r0
 30198.6 3076.03 1288.67 1279.01 481.846
YTP_r0
391303
Np
 254602 39496.3 14450.9 1246.36 592.462
Nvult_p0
 215106 34177.7 12504.9 1078.53 512.68
CTP_p0
 99674.4 46547.2 4014.6 1681.87 2185.01
 99674.4 17131.5 6268.05 540.608 256.98
YTP_p0
 1.69213e+06 1.18456e+06
CBA_c0
1.53986e+06
log_Ro
11.992
likeval ReclasPelacesDesembMPH_pf_preclas_ppelaces_ptallas_desvR_qrecl_qpela
 19.2432 17.2629 0.136744 0.00279829 241.394 119.781 98.2054 0 21.8601 0 0 0.693494 0 0 0
q_reclas_q_pelaces
1 1
M
1
N
 217690 44450.3 167243 8941.26 0.311327
 124176 72406.3 14542.6 54715.9 2925.36
 120893 38107.9 21570.2 4332.3 17171.6
 271698 37347 11440.4 6475.6 6455.71
 214051 79824.7 10575.6 3239.59 3661.77
 315173 73475.8 27091.6 3589.23 2342.24
 132680 100819 22971.5 8469.9 1854.41
 62116.1 36099.8 26107.9 5948.66 2673.57
 51455.4 21786.9 12563.2 9085.92 3000.66
 63858.4 15577 6388.17 3683.69 3543.93
 109173 17924.6 4182.79 1715.37 1940.78
 147050 37231.5 6037.43 1408.86 1231.47
 126320 37528.7 8949.23 1451.2 634.649
 89900.6 32849.8 9220.13 2198.67 512.456
 90547.1 18765.2 6248.72 1753.86 515.713
 470946 22872.8 4457.02 1484.17 539.059
 111421 126702 5846.08 1139.17 517.117
 706600 33431 36767.2 1696.45 480.631
 431493 211368 9666.99 10631.7 629.529
 337974 117577 54831 2507.72 2921.28
 483087 95434.4 31792.1 14825.9 1467.97
 643842 145350 27783.4 9255.51 4743.58
 147629 183292 39676.5 7584.1 3821.36
 397919 46719.3 56591.9 12250.2 3521.47
 344465 128502 14768.6 17889.4 4985.64
 161548 110906 40479.2 4652.21 7205.82
 343235 53444.5 36057.9 13160.7 3855.3
 376972 110950 16913.5 11411.2 5385.02
 122681 123929 35808.6 5458.76 5420.91
 94413.9 40524.3 40220.6 11621.5 3530.94
 338901 29956.7 12550 12456 4692.59
pred_Ctot
 13300.8 3139.68 11813 631.553 0.0219901
 13207.6 8856.79 1778.86 6692.9 357.833
 12421.8 4505 2549.96 512.152 2029.98
 35223.7 5552.99 1701.03 962.833 959.875
 9105.54 3933.69 521.155 159.644 180.448
 26290.4 7067.38 2605.85 345.236 225.292
 22382.1 19414 4423.46 1630.99 357.092
 1835.97 1237.85 895.233 203.978 91.676
 5852.58 2847.4 1641.93 1187.47 392.166
 9779.46 2728.23 1118.85 645.176 620.698
 5067.75 963.465 224.829 92.2027 104.319
 29324.9 8443.26 1369.15 319.497 279.27
 24072.2 8141.67 1941.49 314.831 137.684
 25730.8 10572.2 2967.35 707.605 164.925
 18489.5 4354.83 1450.14 407.018 119.681
 82043.2 4545.44 885.729 294.944 107.125
 13205.2 17244.7 795.674 155.046 70.3816
 84886.8 4611.33 5071.51 234.001 66.2962
 72470.7 40527 1853.52 2038.49 120.704
 50737.1 20194.1 9417.32 430.705 501.735
 56535.9 12828.4 4273.53 1992.92 197.326
 93979.1 24285.3 4642.09 1546.42 792.562
 13203.5 18889.8 4089 781.606 393.824
 31058.8 4207.45 5096.56 1103.23 317.137
 27473.5 11823 1358.8 1645.93 458.709
 10374.8 8230.93 3004.18 345.266 534.783
 26602.2 4779.57 3224.68 1176.97 344.782
 25580.5 8696.91 1325.78 894.478 422.109
 7986.89 9322.84 2693.78 410.647 407.8
 8306.64 4109.06 4078.26 1178.39 358.029
 30198.6 3076.03 1288.67 1279.01 481.846
F
 0.100777 0.117292 0.117292 0.117292 0.117292
 0.181274 0.21098 0.21098 0.21098 0.21098
 0.17465 0.203271 0.203271 0.203271 0.203271
 0.224857 0.261706 0.261706 0.261706 0.261706
 0.0692594 0.0806093 0.0806093 0.0806093 0.0806093
 0.139795 0.162704 0.162704 0.162704 0.162704
 0.301654 0.351087 0.351087 0.351087 0.351087
 0.0476961 0.0555123 0.0555123 0.0555123 0.0555123
 0.194918 0.226861 0.226861 0.226861 0.226861
 0.270492 0.314819 0.314819 0.314819 0.314819
 0.0757805 0.0881991 0.0881991 0.0881991 0.0881991
 0.365665 0.425588 0.425588 0.425588 0.425588
 0.346872 0.403715 0.403715 0.403715 0.403715
 0.5667 0.659568 0.659568 0.659568 0.659568
 0.37592 0.437524 0.437524 0.437524 0.437524
 0.312903 0.36418 0.36418 0.36418 0.36418
 0.203832 0.237234 0.237234 0.237234 0.237234
 0.206867 0.240767 0.240767 0.240767 0.240767
 0.300154 0.349342 0.349342 0.349342 0.349342
 0.264529 0.307878 0.307878 0.307878 0.307878
 0.201051 0.233999 0.233999 0.233999 0.233999
 0.256374 0.298387 0.298387 0.298387 0.298387
 0.150543 0.175214 0.175214 0.175214 0.175214
 0.130303 0.151657 0.151657 0.151657 0.151657
 0.133311 0.155157 0.155157 0.155157 0.155157
 0.106159 0.123556 0.123556 0.123556 0.123556
 0.129336 0.150531 0.150531 0.150531 0.150531
 0.112461 0.13089 0.13089 0.13089 0.13089
 0.107684 0.125331 0.125331 0.125331 0.125331
 0.147935 0.172178 0.172178 0.172178 0.172178
 0.149952 0.174525 0.174525 0.174525 0.174525
YTP_r0W_actual
 250649 43372 35567.2 43742.1 17972.9
YTP_p0W_proyectada
 746561 729394 92857.8 49396.6 73919
 746561 268450 144980 15877.6 8693.62
CTP_r0_actual
 30198.6 3076.03 1288.67 1279.01 481.846
CTP_p0_proyectada
 99674.4 46547.2 4014.6 1681.87 2185.01
 99674.4 17131.5 6268.05 540.608 256.98
Wmedp
 7.49 15.67 23.13 29.37 33.83
Frms_r0
 0.149952 0.174525 0.174525 0.174525 0.174525
Zrms_r0
 1.14995 1.17453 1.17453 1.17453 1.17453
nmprior
 8.19 8.8 8.5 0
nm_flota  nm_reclas  nm_pelaces    nm_pelaL
inf 11.6373 20.9018 52.0283
cv_recla  cv_pelaces  cv_mph
0.396792 0.471117 1.6325
 ------------------------------------------------
Talla a la edad & desviaci?n 
 8 13.2811 15.8009 17.003 17.5766
 0.8 1.32811 1.58009 1.7003 1.75766
