years
 1991 1992 1993 1994 1995 1996 1997 1998 1999 2000 2001 2002 2003 2004 2005 2006 2007 2008 2009 2010 2011 2012 2013 2014 2015 2016 2017 2018 2019 2020 2021
reclasobs
 0 0 0 0 0 0 0 0 0 252601 567819 844713 477998 351125 339783 2.1784e+06 2.13404e+06 4.81314e+06 1.55562e+06 2.62356e+06 3.21686e+06 3.843e+06 1.13348e+06 3.07943e+06 1.97215e+06 2.03268e+06 2.025e+06 2.42433e+06 2.27542e+06 1.05018e+06 2.36338e+06
reclaspred
 3.41286e+06 1.95604e+06 999042 1.07714e+06 1.12852e+06 1.71703e+06 1.19364e+06 1.07678e+06 778549 568546 552707 664492 660279 542677 549709 1.22446e+06 1.27419e+06 2.59073e+06 2.1657e+06 1.62986e+06 2.90352e+06 2.36624e+06 1.94421e+06 2.98728e+06 2.24666e+06 1.99621e+06 2.31256e+06 2.37491e+06 1.98881e+06 1.33131e+06 1.98163e+06
pelacesobs
 0 0 0 0 0 0 0 0 0 0 0 0 0 0 0 552880 188675 0 991730 2.46772e+06 1.41603e+06 1.21717e+06 2.29649e+06 1.80582e+06 0 1.4828e+06 1.56532e+06 1.57751e+06 1.42118e+06 867257 1.10002e+06
pelacespred
 2.42215e+06 1.56392e+06 810658 640365 695837 1.04605e+06 782340 785759 582078 404997 378949 382295 413623 361196 359673 630988 731841 1.53241e+06 1.4452e+06 1.04837e+06 1.66141e+06 1.55246e+06 1.30982e+06 1.99448e+06 1.58733e+06 1.39637e+06 1.70796e+06 1.72897e+06 1.3279e+06 1.01102e+06 1.32609e+06
mphobs
 0 0 0 0 0 0 0 0 0 0 0 498337 0 5186 125008 0 168611 109162 213762 579715 649985 157893 87575 83554 0 0 0 0 0 0 0
mphpred
 511642 344757 177098 96863.1 118826 137075 179732 126398 108462 76593.1 50583 64034.1 67855.7 59484.3 44006.4 53823.9 141875 146642 255442 200179 214494 265497 253262 215158 297945 244147 202840 211118 282787 199478 130233
desembarqueobs
 494567 514787 250237 358949 120608 361735 552515 73892 212993 205616 52469 317467 293654 387597 252695 516296 358380 742168 942051 627588 828172 859565 418607 520667 417249 300574 415391 372974 316634 284311 391294
desembarquepred
 494573 513022 251202 358966 120611 361748 552572 73894.8 213032 205654 52471 317535 293712 387667 252706 516299 358409 742115 941969 627530 828258 859640 418628 520694 417260 300583 415402 372974 316640 284327 391301
Reclutas
 246851 143203 141430 298155 239421 375705 159072 76871.6 66849.5 84145.4 147077 184685 156867 110925 114392 553802 147616 831061 509644 378692 584046 777683 176343 511921 417764 196309 421144 458951 148242 116404 440419
log_desv_Rt
 0.0487507 -0.495774 -0.508231 0.237579 0.0181908 0.468769 -0.390675 -1.1179 -1.25759 -1.02749 -0.469081 -0.241385 -0.404638 -0.751185 -0.720406 0.856773 -0.465422 1.26267 0.773677 0.476688 0.909945 1.19628 -0.287604 0.778135 0.574882 -0.180345 0.582939 0.668908 -0.461188 -0.702971 0.627691
SSB
 4.75198e+06 3.202e+06 1.64483e+06 899635 1.10362e+06 1.27312e+06 1.66929e+06 1.17394e+06 1.00736e+06 711374 469799 594729 630223 552472 408718 499900 1.3177e+06 1.36197e+06 2.37246e+06 1.8592e+06 1.99216e+06 2.46585e+06 2.35222e+06 1.99832e+06 2.76723e+06 2.26757e+06 1.88392e+06 1.9608e+06 2.62644e+06 1.85269e+06 1.20957e+06
BT
 6.24934e+06 4.27049e+06 2.20482e+06 2.01659e+06 1.90781e+06 3.17992e+06 2.46334e+06 2.10213e+06 1.69636e+06 1.2441e+06 1.07158e+06 1.3049e+06 1.38526e+06 1.39507e+06 1.26937e+06 2.27473e+06 2.19567e+06 5.05432e+06 4.79415e+06 3.29048e+06 5.26892e+06 4.94679e+06 3.71953e+06 6.07395e+06 4.47854e+06 3.87952e+06 5.15833e+06 5.1846e+06 3.57566e+06 2.79119e+06 4.13586e+06
Ftot
 0.0894675 0.160297 0.154488 0.212866 0.067888 0.135738 0.283246 0.0433261 0.171526 0.225311 0.0619595 0.301216 0.280121 0.445585 0.296584 0.278061 0.175809 0.187537 0.273099 0.242222 0.182494 0.230848 0.134011 0.113758 0.117118 0.0947457 0.116621 0.102597 0.0981315 0.132734 0.130117
BD_Bspro_t
 0.985787 0.893103 0.77559 0.706035 0.717559 0.778101 0.771718 0.660424 0.704762 0.673844 0.64467 0.769308 0.666663 0.589963 0.500362 0.550136 0.67032 0.664976 0.725031 0.644308 0.617789 0.663529 0.67826 0.678423 0.768349 0.77424 0.78186 0.806643 0.836711 0.78835 0.742862
BD_Bspro
 2.83177 1.90812 0.98018 0.536105 0.657662 0.758667 0.994756 0.69957 0.6003 0.423918 0.27996 0.354407 0.375559 0.329226 0.243561 0.297897 0.785233 0.811617 1.41379 1.10793 1.18716 1.46944 1.40172 1.19083 1.64903 1.35128 1.12265 1.16847 1.56513 1.10404 0.720799
BD_Bo
 1.97498 1.33079 0.683613 0.373899 0.458678 0.529122 0.693779 0.487906 0.418671 0.295656 0.195254 0.247177 0.261928 0.229614 0.169868 0.207765 0.54765 0.566052 0.986026 0.772709 0.827966 1.02484 0.977613 0.830527 1.15009 0.942429 0.78298 0.814932 1.09158 0.77 0.502711
BD_Brms
 13.5758 9.14773 4.69909 2.57015 3.15291 3.63714 4.76897 3.35382 2.87791 2.03231 1.34216 1.69907 1.80047 1.57835 1.16766 1.42815 3.76449 3.89098 6.77784 5.31152 5.69136 7.04464 6.72001 5.70896 7.90563 6.47817 5.38213 5.60176 7.50342 5.2929 3.45559
Sel_flota
 0.876412 1 1 1 1
 0.876412 1 1 1 1
 0.876412 1 1 1 1
 0.876412 1 1 1 1
 0.876412 1 1 1 1
 0.876412 1 1 1 1
 0.876412 1 1 1 1
 0.876412 1 1 1 1
 0.876412 1 1 1 1
 0.876412 1 1 1 1
 0.876412 1 1 1 1
 0.876412 1 1 1 1
 0.876412 1 1 1 1
 0.876412 1 1 1 1
 0.876412 1 1 1 1
 0.876412 1 1 1 1
 0.876412 1 1 1 1
 0.876412 1 1 1 1
 0.876412 1 1 1 1
 0.876412 1 1 1 1
 0.876412 1 1 1 1
 0.876412 1 1 1 1
 0.876412 1 1 1 1
 0.876412 1 1 1 1
 0.876412 1 1 1 1
 0.876412 1 1 1 1
 0.876412 1 1 1 1
 0.876412 1 1 1 1
 0.876412 1 1 1 1
 0.876412 1 1 1 1
 0.876412 1 1 1 1
Sel_reclas
 1 1 1 1 1
 1 1 1 1 1
 1 1 1 1 1
 1 1 1 1 1
 1 1 1 1 1
 1 1 1 1 1
 1 1 1 1 1
 1 1 1 1 1
 1 1 1 1 1
 1 1 1 1 1
 1 1 1 1 1
 1 1 1 1 1
 1 1 1 1 1
 1 1 1 1 1
 1 1 1 1 1
 1 1 1 1 1
 1 1 1 1 1
 1 1 1 1 1
 1 1 1 1 1
 1 1 1 1 1
 1 1 1 1 1
 1 1 1 1 1
 1 1 1 1 1
 1 1 1 1 1
 1 1 1 1 1
 1 1 1 1 1
 1 1 1 1 1
 1 1 1 1 1
 1 1 1 1 1
 1 1 1 1 1
 1 1 1 1 1
Sel_pelaces
 0.724421 0.929723 0.985202 0.997024 0.999407
 0.724421 0.929723 0.985202 0.997024 0.999407
 0.724421 0.929723 0.985202 0.997024 0.999407
 0.724421 0.929723 0.985202 0.997024 0.999407
 0.724421 0.929723 0.985202 0.997024 0.999407
 0.724421 0.929723 0.985202 0.997024 0.999407
 0.724421 0.929723 0.985202 0.997024 0.999407
 0.724421 0.929723 0.985202 0.997024 0.999407
 0.724421 0.929723 0.985202 0.997024 0.999407
 0.724421 0.929723 0.985202 0.997024 0.999407
 0.724421 0.929723 0.985202 0.997024 0.999407
 0.724421 0.929723 0.985202 0.997024 0.999407
 0.724421 0.929723 0.985202 0.997024 0.999407
 0.724421 0.929723 0.985202 0.997024 0.999407
 0.724421 0.929723 0.985202 0.997024 0.999407
 0.724421 0.929723 0.985202 0.997024 0.999407
 0.724421 0.929723 0.985202 0.997024 0.999407
 0.724421 0.929723 0.985202 0.997024 0.999407
 0.724421 0.929723 0.985202 0.997024 0.999407
 0.724421 0.929723 0.985202 0.997024 0.999407
 0.724421 0.929723 0.985202 0.997024 0.999407
 0.724421 0.929723 0.985202 0.997024 0.999407
 0.724421 0.929723 0.985202 0.997024 0.999407
 0.724421 0.929723 0.985202 0.997024 0.999407
 0.724421 0.929723 0.985202 0.997024 0.999407
 0.724421 0.929723 0.985202 0.997024 0.999407
 0.724421 0.929723 0.985202 0.997024 0.999407
 0.724421 0.929723 0.985202 0.997024 0.999407
 0.724421 0.929723 0.985202 0.997024 0.999407
 0.724421 0.929723 0.985202 0.997024 0.999407
 0.724421 0.929723 0.985202 0.997024 0.999407
pf_obs 
 0.8446 0.082 0.0669 0.0065 0
 0.8095 0.147 0.0364 0.0071 0
 0.9664 0.0169 0.016 0.0007 0
 0.9276 0.0648 0.0075 0.0001 0
 0.7033 0.2144 0.0806 0.0017 0
 0.9318 0.0425 0.0243 0.0014 0
 0.5671 0.3108 0.0964 0.0239 0.0018
 0.0768 0.2599 0.5324 0.112 0.0189
 0.490249 0.384438 0.106611 0.0170017 0.00170017
 0.7925 0.1577 0.0466 0.003 0.0002
 0.840416 0.127587 0.0312969 0.00059994 9.999e-05
 0.8084 0.0986 0.0794 0.0134 0.0002
 0.7335 0.1905 0.0724 0.0035 0.0001
 0.4001 0.4547 0.1325 0.0127 0
 0.49795 0.308269 0.164784 0.0264974 0.00249975
 0.9179 0.0499 0.0305 0.0017 0
 0.2467 0.6533 0.0926 0.0074 0
 0.9418 0.0223 0.034 0.0019 0
 0.707729 0.231977 0.0356964 0.0245975 0
 0.517169 0.277429 0.184464 0.0207286 0.00020938
 0.811772 0.124168 0.05621 0.00726502 0.000585176
 0.764997 0.148141 0.077277 0.00933861 0.000247198
 0.163321 0.427699 0.378323 0.0303852 0.000271297
 0.753843 0.0900009 0.118128 0.0371064 0.000921714
 0.721811 0.176058 0.0630433 0.0369309 0.00215725
 0.143369 0.312575 0.442814 0.0836902 0.0175525
 0.692698 0.0596174 0.167031 0.0765114 0.00414204
 0.394062 0.376323 0.152708 0.0712218 0.00568511
 0.125707 0.32114 0.495352 0.0537591 0.00404204
 0.23352 0.215282 0.420074 0.123614 0.00750983
 0.796117 0.104755 0.0508955 0.0450114 0.00322123
pf_pred 
 0.428848 0.107095 0.440933 0.0231235 7.52642e-07
 0.410975 0.27274 0.0593058 0.244174 0.0128054
 0.549033 0.201197 0.115652 0.025148 0.108969
 0.772477 0.132918 0.0422079 0.024262 0.0281357
 0.648463 0.280308 0.0416115 0.0132137 0.0164037
 0.730636 0.182896 0.0689482 0.0102353 0.00728508
 0.466037 0.404544 0.0878744 0.033127 0.00841788
 0.427175 0.288841 0.215153 0.0467353 0.0220953
 0.499877 0.230306 0.136052 0.101343 0.0324211
 0.653842 0.185522 0.0739728 0.043699 0.0429642
 0.777508 0.152776 0.0373637 0.0148979 0.0174537
 0.719491 0.224466 0.0384822 0.00941138 0.00814892
 0.666929 0.249662 0.0667452 0.0114427 0.00522157
 0.606241 0.275615 0.0885574 0.0236752 0.00591098
 0.703799 0.191061 0.0735943 0.0236464 0.00790003
 0.917647 0.0605192 0.0140836 0.00542483 0.00232537
 0.431475 0.527858 0.0298849 0.00695461 0.00382712
 0.880675 0.0557607 0.0590178 0.00334132 0.00120546
 0.609718 0.349364 0.0191206 0.0202375 0.00155912
 0.594922 0.26139 0.128624 0.00703954 0.00802475
 0.742969 0.16205 0.0612897 0.0301592 0.00353222
 0.743471 0.197459 0.0372418 0.0140854 0.00774285
 0.33917 0.509399 0.116562 0.0219842 0.0128854
 0.744053 0.0951149 0.123977 0.0283686 0.00848652
 0.624541 0.28904 0.0321148 0.0418598 0.0124439
 0.450173 0.36116 0.145242 0.0161376 0.0272875
 0.730293 0.130731 0.0912879 0.0367118 0.0109763
 0.686354 0.237444 0.0369364 0.0257922 0.0134736
 0.377115 0.445709 0.13413 0.0208651 0.0221809
 0.457135 0.222735 0.229071 0.0689358 0.0221234
 0.833862 0.0818124 0.0345983 0.0355826 0.0141446
pobs_RECLAS
 0 0 0 0 0
 0 0 0 0 0
 0 0 0 0 0
 0 0 0 0 0
 0 0 0 0 0
 0 0 0 0 0
 0 0 0 0 0
 0 0 0 0 0
 0 0 0 0 0
 0 0 0 0 0
 0.991045 0.00858322 0.000360255 1.14367e-05 0
 0.934742 0.0480273 0.0164251 0.00080598 0
 0.827803 0.169806 0.00239088 0 0
 0.941827 0.0461693 0.0120037 0 0
 0.791401 0.0380133 0.147996 0.0225897 0
 0.846168 0.0940531 0.0597789 0 0
 0.134021 0.677848 0.182769 0.00536245 0
 0.80878 0.0450904 0.141981 0.00414843 0
 0.846168 0.0940531 0.0597789 0 0
 0.905697 0.0802665 0.012482 0.00150086 5.37128e-05
 0.989698 0.0102097 9.19794e-05 0 0
 0.975433 0.0193895 0.00387452 0.00125025 5.28907e-05
 0.303575 0.632131 0.0575291 0.00676475 0
 0.966965 0.00978017 0.0227588 0.000495775 0
 0.843318 0.132988 0.00938335 0.0141283 0.000182051
 0.564624 0.303363 0.111486 0.0197234 0.00080311
 0.826376 0.0876187 0.0782897 0.00655872 0.00115652
 0.89761 0.0855135 0.0140674 0.00269457 0.000114338
 0.34875 0.467042 0.161289 0.0227151 0.000203297
 0.318654 0.224769 0.449479 0.00709798 0
 0.937255 0.0296025 0.0250945 0.00804832 0
ppred_RECLAS
 0.461662 0.100942 0.4156 0.021795 7.09401e-07
 0.4437 0.257587 0.0560109 0.230608 0.012094
 0.581873 0.186546 0.10723 0.0233167 0.101034
 0.795245 0.119617 0.0379841 0.0218341 0.0253201
 0.678075 0.256696 0.0381063 0.0121006 0.0150219
 0.756081 0.165618 0.062435 0.00926842 0.00659689
 0.499864 0.378916 0.0823075 0.0310284 0.0078846
 0.459834 0.272373 0.202887 0.0440707 0.0208356
 0.533309 0.214911 0.126957 0.0945687 0.0302539
 0.683658 0.169543 0.0676012 0.039935 0.0392635
 0.799598 0.137608 0.033654 0.0134188 0.0157208
 0.746065 0.203202 0.0348367 0.00851982 0.00737695
 0.696312 0.227637 0.060857 0.0104332 0.00476093
 0.638707 0.25289 0.0812557 0.0217231 0.00542361
 0.731289 0.173328 0.0667639 0.0214518 0.00716682
 0.92732 0.0534106 0.0124293 0.00478763 0.00205223
 0.464596 0.497106 0.0281439 0.00654945 0.00360416
 0.894067 0.0495024 0.052394 0.00296631 0.00107017
 0.641411 0.320995 0.017568 0.0185942 0.00143251
 0.626975 0.240707 0.118446 0.00648253 0.00738979
 0.767728 0.14644 0.0553857 0.027254 0.00319197
 0.768317 0.178334 0.0336348 0.0127212 0.00699293
 0.369688 0.485874 0.111179 0.0209689 0.0122904
 0.768584 0.0859987 0.112094 0.0256497 0.00767314
 0.655228 0.265416 0.02949 0.0384386 0.0114268
 0.483253 0.339431 0.136503 0.0151667 0.0256457
 0.755716 0.118408 0.0826829 0.0332513 0.00994162
 0.714264 0.216315 0.0336496 0.0234971 0.0122747
 0.408828 0.423016 0.127301 0.0198027 0.0210516
 0.490387 0.209092 0.21504 0.0647133 0.0207683
 0.851529 0.0731126 0.0309192 0.0317988 0.0126405
pobs_PELACES
 0 0 0 0 0
 0 0 0 0 0
 0 0 0 0 0
 0 0 0 0 0
 0 0 0 0 0
 0 0 0 0 0
 0 0 0 0 0
 0 0 0 0 0
 0 0 0 0 0
 0 0 0 0 0
 0 0 0 0 0
 0 0 0 0 0
 0 0 0 0 0
 0 0 0 0 0
 0 0 0 0 0
 0 0 0 0 0
 0.505614 0.472636 0.0217494 0 0
 0 0 0 0 0
 0.443492 0.261883 0.143347 0.151278 0
 0.227955 0.32914 0.350689 0.0885471 0.00366901
 0.970185 0.0296113 0.000203453 0 0
 0.997202 0.00247181 0.000326279 0 0
 0.445219 0.490057 0.0546422 0.010081 0
 0.90214 0.0892962 0.00764917 0.000914606 0
 0 0 0 0 0
 0.581667 0.319106 0.0959925 0.00289975 0.000334073
 0.762889 0.0836404 0.116647 0.0363945 0.000428098
 0.88444 0.0763242 0.0277011 0.0115352 0
 0.521256 0.241999 0.230069 0.00667565 0
 0.616807 0.101726 0.260614 0.0208532 0
 0.833518 0.0704572 0.0857862 0.0102388 0
ppred_PELACES
 0.38999 0.109039 0.475724 0.0252473 8.23736e-07
 0.376111 0.278403 0.0641496 0.267286 0.014051
 0.512619 0.209594 0.127668 0.0280939 0.122025
 0.748068 0.143161 0.0481733 0.0280233 0.0325752
 0.618928 0.299876 0.0471727 0.0151594 0.0188641
 0.704222 0.196883 0.07865 0.0118156 0.00843
 0.436869 0.420133 0.0967066 0.036894 0.00939752
 0.391863 0.297366 0.234721 0.0515976 0.0244524
 0.464008 0.238302 0.149176 0.112453 0.0360612
 0.622363 0.196271 0.0829284 0.0495773 0.0488602
 0.753295 0.165959 0.0430098 0.0173549 0.0203809
 0.695888 0.24028 0.0436515 0.0108037 0.00937683
 0.640194 0.265553 0.07523 0.0130521 0.0059702
 0.57925 0.289046 0.0984147 0.0266261 0.00666364
 0.677303 0.20355 0.0830838 0.0270158 0.00904728
 0.908139 0.0663723 0.0163674 0.00638017 0.00274142
 0.404027 0.550849 0.0330476 0.00778288 0.00429316
 0.865218 0.061013 0.0684305 0.00392071 0.00141787
 0.583258 0.370466 0.0214854 0.0230133 0.0017772
 0.564185 0.275253 0.143528 0.00794951 0.00908374
 0.717072 0.174239 0.069832 0.0347751 0.00408256
 0.719896 0.21244 0.0424583 0.0162511 0.00895469
 0.311762 0.522998 0.126815 0.024205 0.014221
 0.71439 0.102114 0.141042 0.0326607 0.00979385
 0.594313 0.307496 0.0362041 0.0477563 0.0142307
 0.417258 0.374684 0.159672 0.0179538 0.0304311
 0.700989 0.140292 0.103809 0.0422483 0.0126618
 0.658088 0.254716 0.0419877 0.0296713 0.0155371
 0.347033 0.458998 0.146372 0.0230426 0.0245543
 0.420846 0.229051 0.249624 0.0760224 0.024456
 0.81286 0.0890977 0.0399276 0.0415563 0.0165587
pobs_pel_tallas
 0 0 0 0 0 0 0 0 0 0 0 0 0 0 0 0 0 0 0 0 0 0 0 0 0 0
 0 0 0 0 0 0 0 0 0 0 0 0 0 0 0 0 0 0 0 0 0 0 0 0 0 0
 0 0 0 0 0 0 0 0 0 0 0 0 0 0 0 0 0 0 0 0 0 0 0 0 0 0
 0 0 0 0 0 0 0 0 0 0 0 0 0 0 0 0 0 0 0 0 0 0 0 0 0 0
 0 0 0 0 0 0 0 0 0 0 0 0 0 0 0 0 0 0 0 0 0 0 0 0 0 0
 0 0 0 0 0 0 0 0 0 0 0 0 0 0 0 0 0 0 0 0 0 0 0 0 0 0
 0 0 0 0 0 0 0 0 0 0 0 0 0 0 0 0 0 0 0 0 0 0 0 0 0 0
 0 0 0 0 0 0 0 0 0 0 0 0 0 0 0 0 0 0 0 0 0 0 0 0 0 0
 0 0 0 0 0 0 0 0 0 0 0 0 0 0 0 0 0 0 0 0 0 0 0 0 0 0
 0 0 0 0 0 0 0 0 0 0 0 0 0 0 0 0 0 0 0 0 0 0 0 0 0 0
 0 0 0 0 0 0 0 0 0 0 0 0 0 0 0 0 0 0 0 0 0 0 0 0 0 0
 0 0 0 0 0 0 0 0 0 0 0 0 0 0 0 0 0 0 0 0 0 0 0 0 0 0
 0.00862536 0 0 0.000197151 0.00414017 0.0128641 0.00837892 0.0270097 0.101434 0.158115 0.152841 0.127902 0.109271 0.109419 0.0830992 0.0579132 0.0238553 0.00714673 0.00463305 0.00128148 0.00103504 0.000492878 0.000147863 0.000147863 4.92878e-05 0
 0 0 0 0 0 0 0 0 0 0 0 0 0 0 0 0 0 0 0 0 0 0 0 0 0 0
 0 0 0 0 0 0 0 0.0054083 0.00873648 0.0413646 0.0450493 0.0745869 0.0622846 0.0627006 0.0613931 0.0827291 0.12552 0.122667 0.0946155 0.0697135 0.0546179 0.0294188 0.0215738 0.0213955 0.0102223 0.00600262
 0 0 0 0 0.00359764 0.0251062 0.0480494 0.140153 0.205849 0.193036 0.1447 0.116669 0.0760912 0.0342217 0.00950174 0.001854 0.000860785 0 0 0 0.000165536 0 0.000143464 0 0 0
 0 0 0 0 0 0 0 0.000145254 0.000435761 0.0275982 0.070085 0.0708112 0.156366 0.174668 0.174014 0.160142 0.0824315 0.0480064 0.0283245 0.00493863 0.00203355 0 0 0 0 0
 0 0 0 0 0 0 0 0 0 0 0 0 0 0 0 0 0 0 0 0 0 0 0 0 0 0
 0 0 1.00437e-05 0.000401748 0.00122533 0.00171747 0.00176769 0.0269171 0.070346 0.194647 0.189555 0.159765 0.064822 0.0314167 0.0384472 0.0292271 0.0345202 0.0313363 0.0194345 0.0106764 0.0143323 0.0359363 0.0279516 0.0138201 0.00172751 0
 0 0.0021121 0.0136068 0.0755702 0.200478 0.177729 0.0527432 0.0373336 0.0318909 0.0142505 0.0149659 0.0166563 0.0217959 0.0798694 0.0677717 0.0528807 0.04013 0.0224614 0.0357745 0.0225083 0.00881397 0.00855152 0.00135912 0.000746735 0 0
 0 0 0 0 5.4009e-05 0.00500934 0.000945158 0.0243581 0.138947 0.33067 0.221406 0.137944 0.0707744 0.0437923 0.0131692 0.00525238 0.0047753 0.00276346 9.45158e-05 9.00151e-06 2.25038e-05 9.00151e-06 4.50075e-06 0 0 0
 0.000866109 0.00284123 0.00948549 0.0512746 0.133035 0.25785 0.225252 0.132002 0.0553304 0.0519788 0.0540692 0.017754 0.00435017 0.00159236 0.00146478 0.000404838 0.000125132 0.000115318 0.000107957 0.000100596 0 0 0 0 0 0
 0 0 0 0 0.00144013 0.00171154 0.00461396 0.0210425 0.0478622 0.0707936 0.0888783 0.103762 0.0637923 0.0337046 0.0602308 0.124433 0.169614 0.0934646 0.0462172 0.0250306 0.0313229 0.00938855 0.002487 0.000210481 0 0
 0 0.00764035 0.051015 0.0998891 0.058973 0.0496711 0.0374665 0.0718981 0.12319 0.153886 0.159021 0.0857701 0.0377988 0.023471 0.0147837 0.00900784 0.00315554 0.000888139 0.00291439 0.00214683 0.00393193 0.00274676 0.000635225 9.99891e-05 0 0
 0 0 0 0 0 0 0 0 0 0 0 0 0 0 0 0 0 0 0 0 0 0 0 0 0 0
 0 0 0 0 0 0 0 0 0 0 0 0 0 0 0 0 0 0 0 0 0 0 0 0 0 0
 0 0 0 0 0 0 0 0 0 0 0 0 0 0 0 0 0 0 0 0 0 0 0 0 0 0
 0 0 0 0 0 0 0 0 0 0 0 0 0 0 0 0 0 0 0 0 0 0 0 0 0 0
 0 0 0 0 0 0 0 0 0 0 0 0 0 0 0 0 0 0 0 0 0 0 0 0 0 0
 0 0 0 0 0 0 0 0 0 0 0 0 0 0 0 0 0 0 0 0 0 0 0 0 0 0
 0 0 0 0 0 0 0 0 0 0 0 0 0 0 0 0 0 0 0 0 0 0 0 0 0 0
ppred_pel_tallas
 1.16289e-16 3.21229e-05 0.000312246 0.00207499 0.0094326 0.0293484 0.0625302 0.0912671 0.0912783 0.0625854 0.0295358 0.00998302 0.00349103 0.00351714 0.0064511 0.0114786 0.0185394 0.0274813 0.0380092 0.0497334 0.0619544 0.0732793 0.0815555 0.0844991 0.0807829 0.0708474
 1.31106e-16 3.09798e-05 0.000301135 0.00200115 0.00909694 0.0283041 0.0603059 0.0880238 0.0880508 0.0604377 0.0287472 0.0103787 0.00522644 0.00736949 0.0135408 0.0225768 0.0331269 0.0430473 0.0503005 0.0542682 0.0562362 0.0584752 0.062564 0.0682346 0.0735074 0.075848
 1.27206e-16 4.22238e-05 0.00041043 0.00272746 0.0123986 0.0385769 0.0821928 0.119967 0.119987 0.0822925 0.0389121 0.0133695 0.00517383 0.00578255 0.0103398 0.0172821 0.0255074 0.0334195 0.0394642 0.0430692 0.0450095 0.0467885 0.0495083 0.0531149 0.0564938 0.0581694
 1.0975e-16 6.16174e-05 0.000598943 0.00398019 0.0180934 0.0562952 0.119943 0.175064 0.175078 0.120011 0.0565228 0.0187515 0.00563531 0.00422236 0.00697413 0.0115159 0.016787 0.0215585 0.0246408 0.0255432 0.0247749 0.0234664 0.0226075 0.0224973 0.0227386 0.0226383
 1.06151e-16 5.09803e-05 0.000495547 0.00329309 0.0149699 0.0465771 0.0992385 0.144848 0.144876 0.0993798 0.0470516 0.0163405 0.00673416 0.00800984 0.0143293 0.0236289 0.0340839 0.0429758 0.0475747 0.0466448 0.0411846 0.0337387 0.0268488 0.0218467 0.01869 0.016589
 1.04932e-16 5.80059e-05 0.000563838 0.0037469 0.0170329 0.0529957 0.112914 0.164805 0.164824 0.113007 0.0533087 0.0179381 0.00602307 0.00554586 0.00955827 0.0158106 0.0230056 0.0294229 0.0333357 0.033931 0.0317455 0.0282028 0.0246523 0.0216918 0.0191793 0.0167021
 1.08189e-16 3.59844e-05 0.000349781 0.00232442 0.0105665 0.0328765 0.0700484 0.102246 0.102287 0.0702466 0.0335423 0.0124903 0.00715689 0.0109103 0.0201256 0.0333027 0.0481793 0.0610326 0.068086 0.0676047 0.0608988 0.0513492 0.0422754 0.0353307 0.030367 0.0263671
 1.16163e-16 3.22773e-05 0.000313747 0.00208496 0.00947793 0.0294895 0.0628316 0.0917107 0.0917396 0.0629734 0.0299664 0.0108593 0.0055679 0.00796838 0.0147209 0.024682 0.0364825 0.0478348 0.0563868 0.0610171 0.0623484 0.0619716 0.0610728 0.0596552 0.0568689 0.0519432
 1.21746e-16 3.82197e-05 0.000371509 0.00246881 0.0112229 0.0349187 0.0743987 0.108592 0.108615 0.0745122 0.0353002 0.0123278 0.00525361 0.00648902 0.011771 0.0197053 0.0291173 0.0382048 0.045185 0.0493442 0.0514305 0.0529497 0.0549269 0.0571495 0.0583963 0.0573108
 1.15684e-16 5.12633e-05 0.000498297 0.00331136 0.015053 0.0468355 0.0997887 0.145649 0.145668 0.0998818 0.0471482 0.0159576 0.00558779 0.00548706 0.00958387 0.0159192 0.0233055 0.0301342 0.0348289 0.0367516 0.0365892 0.0358151 0.0356466 0.0363201 0.0371357 0.0370534
 1.06474e-16 6.2048e-05 0.000603128 0.004008 0.0182198 0.0566886 0.120782 0.176288 0.176304 0.12086 0.0569519 0.0189806 0.00591978 0.00478323 0.00802085 0.0132157 0.0191619 0.0243806 0.0274173 0.0276308 0.0255732 0.0225868 0.0199432 0.0182008 0.0171596 0.0162587
 1.03992e-16 5.73194e-05 0.000557165 0.00370256 0.0168313 0.0523686 0.111578 0.162856 0.162879 0.111691 0.0527489 0.0179301 0.00646142 0.00658273 0.0115097 0.0189604 0.0273631 0.0345289 0.0382662 0.0375691 0.0332074 0.02718 0.0214883 0.0171907 0.0142846 0.0122085
 1.04559e-16 5.2732e-05 0.000512574 0.00340624 0.0154843 0.0481774 0.102648 0.149823 0.149849 0.102773 0.0485986 0.0167016 0.00646476 0.00719904 0.0127799 0.0211185 0.0305899 0.0388292 0.043449 0.0433321 0.0392568 0.0332883 0.027458 0.0227848 0.0192153 0.0162072
 1.06712e-16 4.77121e-05 0.000463779 0.00308197 0.0140102 0.0435911 0.0928766 0.135562 0.13559 0.0930132 0.0440502 0.0153374 0.00641813 0.0077622 0.0139546 0.0231146 0.0335756 0.0428173 0.0482895 0.0488042 0.0451903 0.0396136 0.0341446 0.0297268 0.0261636 0.0228009
 1.06691e-16 5.57886e-05 0.000542285 0.00360367 0.0163818 0.0509699 0.108598 0.158505 0.158525 0.108694 0.0512938 0.0173183 0.00595896 0.0056991 0.00989444 0.0163876 0.0238808 0.030622 0.034857 0.0357772 0.0339585 0.0308655 0.0278438 0.0254183 0.023324 0.0210252
 1.01594e-16 7.48022e-05 0.000727104 0.00483186 0.0219649 0.0683411 0.145608 0.212521 0.212527 0.14564 0.0684464 0.022269 0.0055958 0.00239693 0.00325248 0.00527553 0.00763265 0.00968451 0.010835 0.010814 0.00982999 0.00841384 0.00708135 0.00608044 0.00537253 0.00478372
 1.02602e-16 3.32793e-05 0.000323487 0.00214969 0.00977219 0.0304052 0.0647835 0.0945645 0.0946175 0.0650425 0.0312747 0.0122828 0.00844807 0.0140611 0.0260887 0.042986 0.0617058 0.077147 0.0841319 0.0802751 0.0674283 0.050478 0.0344997 0.0224573 0.0147612 0.0102825
 1.02624e-16 7.12669e-05 0.000692739 0.0046035 0.0209268 0.0651112 0.138726 0.202477 0.202483 0.138756 0.0652096 0.0212123 0.00532453 0.00228149 0.00313169 0.0051766 0.00771035 0.0102359 0.0122782 0.0135859 0.0142195 0.0143961 0.0142427 0.0136892 0.0125813 0.0108779
 1.03324e-16 4.80423e-05 0.000466988 0.0031033 0.0141072 0.0438929 0.0935197 0.136502 0.136538 0.093694 0.0444778 0.015796 0.00734052 0.00971013 0.0175829 0.0289418 0.0415722 0.0520436 0.0569028 0.0545802 0.0463493 0.0354994 0.0254035 0.0179646 0.0133338 0.0106292
 1.06547e-16 4.64713e-05 0.000451717 0.00300182 0.0136459 0.0424575 0.0904611 0.132036 0.132063 0.0905916 0.0428961 0.0149149 0.00619506 0.00744825 0.0134092 0.0222897 0.0325575 0.0418819 0.0478796 0.0493921 0.0470702 0.0427296 0.0380574 0.0337486 0.0295984 0.0251764
 1.06239e-16 5.90643e-05 0.000574126 0.00381527 0.0173437 0.0539627 0.114974 0.167811 0.167828 0.115056 0.0542399 0.0181454 0.00583181 0.00498972 0.00848501 0.0140396 0.0204696 0.0262753 0.0299681 0.030872 0.0294931 0.0270854 0.0247799 0.0229803 0.021399 0.0195216
 1.04425e-16 5.92969e-05 0.000576387 0.0038303 0.017412 0.0541752 0.115427 0.168473 0.168494 0.115527 0.0545117 0.018384 0.00627154 0.00590976 0.0102007 0.0168028 0.0242784 0.0307018 0.0341541 0.0337618 0.0302091 0.0252455 0.0205981 0.0171407 0.0148063 0.0130499
 1.08628e-16 2.56795e-05 0.000249614 0.00165878 0.00754058 0.0234618 0.0499898 0.0729721 0.0730226 0.0502365 0.0242906 0.00993562 0.00767482 0.0133966 0.0250349 0.0414539 0.0599633 0.0759301 0.0846271 0.0838552 0.0752009 0.0628435 0.0509283 0.0415877 0.0347679 0.0293521
 1.0903e-16 5.88434e-05 0.000571979 0.003801 0.0172788 0.0537608 0.114543 0.167182 0.167192 0.114593 0.0539266 0.0177604 0.00502002 0.00326672 0.00527554 0.00888765 0.0134051 0.0181346 0.0223843 0.0258084 0.0285065 0.0307245 0.0324325 0.0331916 0.0324292 0.0298652
 1.08321e-16 4.89529e-05 0.000475839 0.00316212 0.0143746 0.0447248 0.0952919 0.139088 0.139117 0.0954368 0.0452111 0.0157794 0.00668902 0.00817693 0.014681 0.0242127 0.0349284 0.0440583 0.048837 0.0480528 0.0427982 0.0357365 0.0294723 0.0252805 0.0229398 0.0214264
 1.11654e-16 3.43691e-05 0.00033408 0.00222008 0.0100922 0.0314007 0.0669039 0.0976558 0.0976921 0.0670813 0.0319968 0.0118161 0.00655575 0.00982665 0.0181441 0.0301553 0.0439375 0.0563052 0.0640069 0.0655196 0.0618694 0.0557415 0.049649 0.0446518 0.0403944 0.0360154
 1.09412e-16 5.77396e-05 0.000561249 0.0037297 0.0169547 0.0527523 0.112395 0.164047 0.16406 0.112462 0.0529772 0.0176061 0.00537214 0.00417077 0.00698403 0.0116425 0.0172104 0.0225867 0.0266842 0.0290137 0.0299175 0.0301841 0.0303732 0.0304244 0.0298129 0.0280208
 1.06882e-16 5.42059e-05 0.0005269 0.00350144 0.015917 0.049524 0.105517 0.15401 0.154035 0.105637 0.0499272 0.0170819 0.00642653 0.00691623 0.0122005 0.020117 0.0290562 0.0367254 0.0408384 0.0403801 0.0362204 0.0305112 0.0253559 0.0217836 0.0196297 0.0181071
 1.10808e-16 2.85847e-05 0.000277854 0.00184644 0.00839367 0.0261161 0.0556447 0.0812243 0.0812687 0.0558616 0.0268447 0.0104998 0.00713962 0.0118544 0.0220777 0.0366193 0.0531372 0.067639 0.0760507 0.076476 0.070258 0.0609103 0.0518344 0.0446498 0.039125 0.0342223
 1.19025e-16 3.46646e-05 0.000336952 0.00223917 0.0101789 0.0316706 0.0674784 0.0984913 0.0985138 0.0675882 0.0320404 0.0112518 0.00495016 0.00631459 0.0115628 0.0195225 0.0292061 0.039022 0.0473357 0.0533781 0.0575406 0.0607149 0.0632678 0.0645818 0.0635113 0.0592675
 1.08145e-16 6.69542e-05 0.000650819 0.00432492 0.0196605 0.061171 0.130332 0.190225 0.190233 0.130374 0.0613132 0.0200718 0.00536059 0.00292227 0.00441278 0.00727557 0.0106843 0.013897 0.016225 0.017406 0.0177639 0.017947 0.0184443 0.0192621 0.0199694 0.0200073
pSPR Fmed_Fpbrs
0.732155   0.195478 0.195478
Fs Fmed_Fpbrs
0.157273   1.005 1.005
SSBpbr Bo_Bmed_Bpbrs
2.40609e+06  1.64133e+06  350032 350032
Ro
235106
SPR SPRFo_SPRFmed_SPRFpbrs
1.67809e+06 1.22863e+06 328030
Fref
1.005
Nvult_r0
 295859 25807.3 10913.8 11224.3 4461.84
CTP_r0
 30285 2971.33 1256.57 1292.32 513.716
YTP_r0
391301
Np
 314176 47902.1 19466.4 1658.01 795.588
Nvult_p0
 266274 41451.6 16845.1 1434.74 688.454
CTP_p0
 124699 62702.5 5340.55 2258.51 3073
 124699 20777.5 8443.53 719.16 345.085
YTP_p0
 2.21036e+06 1.48767e+06
CBA_c0
1.99355e+06
log_Ro
12.1878
likeval ReclasPelacesDesembMPH_pf_preclas_ppelaces_ptallas_desvR_qrecl_qpela
 17.9886 17.9008 0.134283 0.000802672 241.197 120.897 99.6526 0 20.7182 1.01823e-05 0 0.68206 0 0 0
q_reclas_q_pelaces
0.636243 1
M
1
N
 246851 54273.3 223454 11718.4 0.381421
 143203 83962.9 18257.3 75169 3942.15
 141430 45776.6 26313.4 5721.7 24792.9
 298155 45440.7 14429.7 8294.48 9618.77
 239421 91017.9 13511.5 4290.57 5326.39
 375705 82990.6 31285.9 4644.37 3305.68
 159072 122712 26655.3 10048.6 2553.43
 76871.6 45655.3 34007.9 7387.16 3492.47
 66849.5 27225.8 16083.5 11980.4 3832.68
 84145.4 21160.1 8437.1 4984.17 4900.36
 147077 25408.4 6214 2477.69 2902.75
 184685 51246.7 8785.67 2148.66 1860.44
 156867 52178 13949.4 2391.46 1091.28
 110925 45145.7 14505.7 3877.98 968.215
 114392 27614.3 10636.7 3417.65 1141.8
 553802 32450 7551.53 2908.76 1246.85
 147616 159670 9039.81 2103.68 1157.66
 831061 46550.2 49269.4 2789.41 1006.35
 509644 259393 14196.5 15025.8 1157.6
 378692 147579 72620.3 3974.49 4530.73
 584046 112667 42612.3 20968.5 2455.81
 777683 183101 34533.9 13061.2 7179.87
 176343 233691 53473.8 10085.5 5911.31
 511921 57684.1 75187.9 17204.7 5146.8
 417764 170455 18939 24685.9 7338.5
 196309 138695 55776.5 6197.25 10479.1
 421144 66463.6 46410.6 18664.2 5580.31
 458951 139877 21759.1 15194.1 7937.27
 148242 154320 46440.4 7224.2 7679.79
 116404 50041 51464.6 15487.6 4970.39
 440419 38119.8 16120.8 16579.4 6590.56
pred_Ctot
 11843.5 2957.65 12177.2 638.6 0.0207857
 12001 7964.39 1731.81 7130.23 373.937
 11446.6 4194.7 2411.2 524.302 2271.87
 32567.5 5603.79 1779.48 1022.88 1186.2
 8784.63 3797.29 563.705 179.004 222.219
 26896.9 6732.94 2538.19 376.793 268.186
 22555.5 19579.3 4253 1603.3 407.413
 1816.16 1228.03 914.738 198.698 93.9396
 5970.81 2750.91 1625.08 1210.5 387.256
 9685.88 2748.29 1095.82 647.349 636.464
 4935.74 969.848 237.19 94.5742 110.799
 27674.5 8633.88 1480.18 362 313.44
 22021.4 8243.61 2203.87 377.828 172.411
 23397.1 10637 3417.75 913.711 228.126
 16905 4589.21 1767.71 567.978 189.756
 77228.2 5093.23 1185.26 456.548 195.701
 13493.2 16507.3 934.571 217.487 119.683
 80695.9 5109.33 5407.78 306.164 110.456
 69923.3 40065.6 2192.78 2320.86 178.801
 46584.2 20467.6 10071.6 551.217 628.363
 55284.8 12058.3 4560.61 2244.17 262.835
 91539.4 24312 4585.37 1734.25 953.333
 12471.6 18731 4286.08 808.378 473.808
 30957.3 3957.38 5158.22 1180.31 353.093
 25978.2 12022.8 1335.84 1741.18 517.61
 9955.24 7986.79 3211.92 356.872 603.443
 26082 4668.99 3260.29 1311.14 392.011
 25131.7 8694.3 1352.47 944.414 493.354
 7776.81 9191.36 2766.01 430.277 457.413
 8157.72 3974.77 4087.85 1230.18 394.799
 30285 2971.33 1256.57 1292.32 513.716
F
 0.0784104 0.0894675 0.0894675 0.0894675 0.0894675
 0.140486 0.160297 0.160297 0.160297 0.160297
 0.135395 0.154488 0.154488 0.154488 0.154488
 0.186558 0.212866 0.212866 0.212866 0.212866
 0.0594978 0.067888 0.067888 0.067888 0.067888
 0.118963 0.135738 0.135738 0.135738 0.135738
 0.24824 0.283246 0.283246 0.283246 0.283246
 0.0379715 0.0433261 0.0433261 0.0433261 0.0433261
 0.150328 0.171526 0.171526 0.171526 0.171526
 0.197465 0.225311 0.225311 0.225311 0.225311
 0.0543021 0.0619595 0.0619595 0.0619595 0.0619595
 0.263989 0.301216 0.301216 0.301216 0.301216
 0.245501 0.280121 0.280121 0.280121 0.280121
 0.390516 0.445585 0.445585 0.445585 0.445585
 0.259929 0.296584 0.296584 0.296584 0.296584
 0.243696 0.278061 0.278061 0.278061 0.278061
 0.154081 0.175809 0.175809 0.175809 0.175809
 0.164359 0.187537 0.187537 0.187537 0.187537
 0.239347 0.273099 0.273099 0.273099 0.273099
 0.212286 0.242222 0.242222 0.242222 0.242222
 0.15994 0.182494 0.182494 0.182494 0.182494
 0.202318 0.230848 0.230848 0.230848 0.230848
 0.117449 0.134011 0.134011 0.134011 0.134011
 0.0996988 0.113758 0.113758 0.113758 0.113758
 0.102643 0.117118 0.117118 0.117118 0.117118
 0.0830363 0.0947457 0.0947457 0.0947457 0.0947457
 0.102208 0.116621 0.116621 0.116621 0.116621
 0.0899168 0.102597 0.102597 0.102597 0.102597
 0.0860036 0.0981315 0.0981315 0.0981315 0.0981315
 0.116329 0.132734 0.132734 0.132734 0.132734
 0.114036 0.130117 0.130117 0.130117 0.130117
YTP_r0W_actual
 251365 41895.8 34681.4 44197.3 19161.6
YTP_p0W_proyectada
 933993 982548 123527 66332.3 103960
 933993 325583 195299 21121.7 11674.2
CTP_r0_actual
 30285 2971.33 1256.57 1292.32 513.716
CTP_p0_proyectada
 124699 62702.5 5340.55 2258.51 3073
 124699 20777.5 8443.53 719.16 345.085
Wmedp
 7.49 15.67 23.13 29.37 33.83
Frms_r0
 0.114036 0.130117 0.130117 0.130117 0.130117
Zrms_r0
 1.11404 1.13012 1.13012 1.13012 1.13012
nmprior
 8.19 8.8 8.5 0
nm_flota  nm_reclas  nm_pelaces    nm_pelaL
inf 11.3632 12.4837 26.6224
cv_recla  cv_pelaces  cv_mph
0.38364 0.479742 0.874328
 ------------------------------------------------
Talla a la edad & desviaci?n 
 8 13.2811 15.8009 17.003 17.5766
 0.8 1.32811 1.58009 1.7003 1.75766
