years
 1991 1992 1993 1994 1995 1996 1997 1998 1999 2000 2001 2002 2003 2004 2005 2006 2007 2008 2009 2010 2011 2012 2013 2014 2015 2016 2017 2018 2019 2020 2021
reclasobs
 0 0 0 0 0 0 0 0 0 252601 567819 844713 477998 351125 339783 2.1784e+06 2.13404e+06 4.81314e+06 1.55562e+06 2.62356e+06 3.21686e+06 3.843e+06 1.13348e+06 3.07943e+06 1.97215e+06 2.03268e+06 2.025e+06 2.42433e+06 2.27542e+06 1.05018e+06 2.36338e+06
reclaspred
 2.04856e+06 1.33783e+06 572846 249456 26363.7 3.35064e+06 2.20384e+06 1.29398e+06 604148 109526 233986 514147 416290 287599 211902 1.15624e+06 762976 3.91909e+06 2.61867e+06 1.02596e+06 2.30874e+06 2.19865e+06 1.27472e+06 2.63756e+06 1.6796e+06 943299 1.55744e+06 2.32018e+06 1.69055e+06 660087 925483
pelacesobs
 0 0 0 0 0 0 0 0 0 0 0 0 0 0 0 552880 188675 0 991730 2.46772e+06 1.41603e+06 1.21717e+06 2.29649e+06 1.80582e+06 0 1.4828e+06 1.56532e+06 1.57751e+06 1.42118e+06 867257 1.10002e+06
pelacespred
 980845 640984 270530 82092.5 5388.38 1.60104e+06 1.00911e+06 675990 316669 44594.6 101828 194888 166886 116047 83811.9 441013 290817 1.88033e+06 1.22545e+06 483526 1.02133e+06 951785 557251 1.3383e+06 818014 451986 855369 1.23188e+06 752125 351457 443200
mphobs
 0 0 0 0 0 0 0 0 0 0 0 498337 0 5186 125008 0 168611 109162 213762 579715 649985 157893 87575 83554 0 0 0 0 0 0 0
mphpred
 2.22375e+06 1.05332e+06 683754 254769 60993.9 4591.69 2.30154e+06 1.36277e+06 760028 221883 26006.7 150940 273885 163507 84402.5 81768.6 734443 426306 2.41003e+06 1.28002e+06 625930 1.20201e+06 1.30082e+06 757473 1.49208e+06 955822 478589 800990 1.61616e+06 871379 300163
desembarqueobs
 494567 514787 250237 358949 120608 361735 552515 73892 212993 205616 52469 317467 293654 387597 252695 516296 358380 742168 942051 627588 828172 859565 418607 520667 417249 300574 415391 372974 316634 284311 391294
desembarquepred
 494487 515050 249740 358111 120404 361634 552167 73879.7 212801 205211 52453.5 317170 293322 386869 252361 515884 358223 741769 940863 626444 827576 858741 418343 520430 416952 300321 415124 372781 316457 284064 391033
Reclutas
 3995.08 231170 6699.1 45001 2667.63 907440 3402.74 943.306 1838.09 3760.87 70544.4 165389 72817 68682.7 48519.5 440038 7435.9 1.09339e+06 193497 43277 468217 581416 8567.82 369058 164695 24760.8 264246 361339 15455.1 6361.26 165920
log_desv_Rt
 -2.46553 1.59256 -1.94862 -0.043909 -2.8694 2.96003 -2.62601 -3.90896 -3.24187 -2.52595 0.405647 1.25771 0.437355 0.378903 0.0313707 2.23627 -1.84427 3.14644 1.41467 -0.0829733 2.29834 2.51487 -1.70258 2.06036 1.2535 -0.641335 1.72628 2.03922 -1.11266 -2.00037 1.26091
SSB
 2.22375e+06 1.05332e+06 683754 254769 60993.9 4591.69 2.30154e+06 1.36277e+06 760028 221883 26006.7 150940 273885 163507 84402.5 81768.6 734443 426306 2.41003e+06 1.28002e+06 625930 1.20201e+06 1.30082e+06 757473 1.49208e+06 955822 478589 800990 1.61616e+06 871379 300163
BT
 2.71581e+06 1.98805e+06 866711 507356 118253 3.99824e+06 2.81347e+06 1.62203e+06 953356 347746 278807 710486 644148 670808 446240 1.42478e+06 954606 5.00213e+06 3.70799e+06 1.76191e+06 3.07842e+06 2.96284e+06 1.64735e+06 3.57936e+06 2.28364e+06 1.32658e+06 2.41356e+06 3.20888e+06 1.99775e+06 1.1215e+06 1.40948e+06
Ftot
 0.227237 0.39943 0.404142 1.2958 2.775 0.138211 0.235553 0.0545992 0.329089 1.49644 0.27692 0.689158 0.71152 1.34918 1.25945 0.54305 0.435806 0.23267 0.352008 0.568169 0.408611 0.422819 0.30809 0.229439 0.250219 0.306338 0.310752 0.187372 0.178043 0.400986 0.486698
BD_Bspro_t
 0.964295 0.747751 0.590672 0.370197 0.12133 0.0162804 0.82905 0.68874 0.63156 0.382226 0.113547 0.534747 0.466065 0.294171 0.17068 0.173466 0.521027 0.386821 0.713854 0.538374 0.345407 0.497812 0.539201 0.445097 0.634887 0.589015 0.494179 0.638709 0.755963 0.629393 0.429143
BD_Bspro
 6.61628 3.13391 2.03436 0.758008 0.181474 0.0136616 6.84774 4.05462 2.2613 0.660164 0.0773771 0.44909 0.814886 0.486478 0.251121 0.243285 2.18517 1.26838 7.1705 3.8084 1.86232 3.57631 3.8703 2.25369 4.43935 2.84384 1.42394 2.38317 4.80853 2.5926 0.89307
BD_Bo
 1.24794 0.591105 0.383713 0.142972 0.0342289 0.00257679 1.29159 0.764766 0.426517 0.124517 0.0145946 0.0847056 0.153701 0.0917576 0.0473655 0.0458874 0.412159 0.239237 1.35247 0.718327 0.351263 0.67455 0.73 0.425083 0.837332 0.536394 0.268578 0.449504 0.906967 0.489006 0.168447
BD_Brms
 7.17885 3.40038 2.20734 0.82246 0.196904 0.0148232 7.42999 4.39937 2.45357 0.716296 0.0839564 0.487275 0.884174 0.527842 0.272473 0.263971 2.37097 1.37623 7.7802 4.13223 2.02067 3.8804 4.19938 2.44532 4.81682 3.08565 1.54501 2.58581 5.2174 2.81304 0.969006
Sel_flota
 0.742374 0.999999 1 1 1
 0.742374 0.999999 1 1 1
 0.742374 0.999999 1 1 1
 0.742374 0.999999 1 1 1
 0.742374 0.999999 1 1 1
 0.742374 0.999999 1 1 1
 0.742374 0.999999 1 1 1
 0.742374 0.999999 1 1 1
 0.742374 0.999999 1 1 1
 0.742374 0.999999 1 1 1
 0.742374 0.999999 1 1 1
 0.742374 0.999999 1 1 1
 0.742374 0.999999 1 1 1
 0.742374 0.999999 1 1 1
 0.742374 0.999999 1 1 1
 0.742374 0.999999 1 1 1
 0.742374 0.999999 1 1 1
 0.742374 0.999999 1 1 1
 0.742374 0.999999 1 1 1
 0.742374 0.999999 1 1 1
 0.742374 0.999999 1 1 1
 0.742374 0.999999 1 1 1
 0.742374 0.999999 1 1 1
 0.742374 0.999999 1 1 1
 0.742374 0.999999 1 1 1
 0.742374 0.999999 1 1 1
 0.742374 0.999999 1 1 1
 0.742374 0.999999 1 1 1
 0.742374 0.999999 1 1 1
 0.742374 0.999999 1 1 1
 0.742374 0.999999 1 1 1
Sel_reclas
 1 1 1 1 1
 1 1 1 1 1
 1 1 1 1 1
 1 1 1 1 1
 1 1 1 1 1
 1 1 1 1 1
 1 1 1 1 1
 1 1 1 1 1
 1 1 1 1 1
 1 1 1 1 1
 1 1 1 1 1
 1 1 1 1 1
 1 1 1 1 1
 1 1 1 1 1
 1 1 1 1 1
 1 1 1 1 1
 1 1 1 1 1
 1 1 1 1 1
 1 1 1 1 1
 1 1 1 1 1
 1 1 1 1 1
 1 1 1 1 1
 1 1 1 1 1
 1 1 1 1 1
 1 1 1 1 1
 1 1 1 1 1
 1 1 1 1 1
 1 1 1 1 1
 1 1 1 1 1
 1 1 1 1 1
 1 1 1 1 1
Sel_pelaces
 1 1 1 1 1
 1 1 1 1 1
 1 1 1 1 1
 1 1 1 1 1
 1 1 1 1 1
 1 1 1 1 1
 1 1 1 1 1
 1 1 1 1 1
 1 1 1 1 1
 1 1 1 1 1
 1 1 1 1 1
 1 1 1 1 1
 1 1 1 1 1
 1 1 1 1 1
 1 1 1 1 1
 1 1 1 1 1
 1 1 1 1 1
 1 1 1 1 1
 1 1 1 1 1
 1 1 1 1 1
 1 1 1 1 1
 1 1 1 1 1
 1 1 1 1 1
 1 1 1 1 1
 1 1 1 1 1
 1 1 1 1 1
 1 1 1 1 1
 1 1 1 1 1
 1 1 1 1 1
 1 1 1 1 1
 1 1 1 1 1
pf_obs 
 0.8446 0.082 0.0669 0.0065 0
 0.8095 0.147 0.0364 0.0071 0
 0.9664 0.0169 0.016 0.0007 0
 0.9276 0.0648 0.0075 0.0001 0
 0.7033 0.2144 0.0806 0.0017 0
 0.9318 0.0425 0.0243 0.0014 0
 0.5671 0.3108 0.0964 0.0239 0.0018
 0.0768 0.2599 0.5324 0.112 0.0189
 0.490249 0.384438 0.106611 0.0170017 0.00170017
 0.7925 0.1577 0.0466 0.003 0.0002
 0.840416 0.127587 0.0312969 0.00059994 9.999e-05
 0.8084 0.0986 0.0794 0.0134 0.0002
 0.7335 0.1905 0.0724 0.0035 0.0001
 0.4001 0.4547 0.1325 0.0127 0
 0.49795 0.308269 0.164784 0.0264974 0.00249975
 0.9179 0.0499 0.0305 0.0017 0
 0.2467 0.6533 0.0926 0.0074 0
 0.9418 0.0223 0.034 0.0019 0
 0.707729 0.231977 0.0356964 0.0245975 0
 0.517169 0.277429 0.184464 0.0207286 0.00020938
 0.811772 0.124168 0.05621 0.00726502 0.000585176
 0.764997 0.148141 0.077277 0.00933861 0.000247198
 0.163321 0.427699 0.378323 0.0303852 0.000271297
 0.753843 0.0900009 0.118128 0.0371064 0.000921714
 0.721811 0.176058 0.0630433 0.0369309 0.00215725
 0.143369 0.312575 0.442814 0.0836902 0.0175525
 0.692698 0.0596174 0.167031 0.0765114 0.00414204
 0.394062 0.376323 0.152708 0.0712218 0.00568511
 0.125707 0.32114 0.495352 0.0537591 0.00404204
 0.23352 0.215282 0.420074 0.123614 0.00750983
 0.774587 0.0839891 0.0768558 0.0609784 0.00358967
pf_pred 
 0.0198723 0.366006 0.513647 0.100474 5.45751e-07
 0.798307 0.00554769 0.073246 0.102792 0.0201073
 0.0651225 0.794851 0.00385152 0.0508515 0.0853237
 0.650332 0.0317819 0.270273 0.00130963 0.0463036
 0.222066 0.589493 0.0171277 0.145654 0.0256594
 0.999537 0.000182888 0.000212192 6.16522e-06 6.16653e-05
 0.00851572 0.991151 0.000131827 0.000152949 4.88925e-05
 0.0078827 0.0117614 0.980026 0.000130347 0.000199576
 0.0432519 0.0102142 0.011221 0.934998 0.000314765
 0.264529 0.0443019 0.00737887 0.00810622 0.675684
 0.978573 0.00827312 0.000792362 0.000131975 0.0122299
 0.859402 0.138442 0.000832434 7.97267e-05 0.00124384
 0.588594 0.371091 0.0396966 0.000238691 0.000379517
 0.712404 0.196667 0.0820188 0.00877375 0.000136636
 0.777701 0.179625 0.0291814 0.0121699 0.00132212
 0.976738 0.0198633 0.00274656 0.000446197 0.000206299
 0.0498425 0.934996 0.0129457 0.00179004 0.000425257
 0.967273 0.00230259 0.0299388 0.000414523 7.09342e-05
 0.300451 0.682997 0.00116451 0.0151413 0.000245516
 0.190323 0.307152 0.490635 0.000836535 0.0110532
 0.899292 0.0259278 0.028368 0.0453141 0.00109811
 0.766618 0.216502 0.00434587 0.00475488 0.00777935
 0.0335117 0.797789 0.156497 0.00314139 0.00906031
 0.839389 0.00750174 0.126384 0.024792 0.00193297
 0.49073 0.44786 0.00286828 0.0483229 0.0102183
 0.17796 0.472101 0.307742 0.00197091 0.0402258
 0.867303 0.0310774 0.0583605 0.0380427 0.0052163
 0.761791 0.214945 0.00544822 0.0102313 0.00758378
 0.0761765 0.753793 0.153425 0.00388888 0.0127162
 0.0918326 0.0930401 0.665102 0.135373 0.0146513
 0.904069 0.0121527 0.00858299 0.0613559 0.0138398
pobs_RECLAS
 0 0 0 0 0
 0 0 0 0 0
 0 0 0 0 0
 0 0 0 0 0
 0 0 0 0 0
 0 0 0 0 0
 0 0 0 0 0
 0 0 0 0 0
 0 0 0 0 0
 0 0 0 0 0
 0.991045 0.00858322 0.000360255 1.14367e-05 0
 0.934742 0.0480273 0.0164251 0.00080598 0
 0.827803 0.169806 0.00239088 0 0
 0.941827 0.0461693 0.0120037 0 0
 0.791401 0.0380133 0.147996 0.0225897 0
 0.846168 0.0940531 0.0597789 0 0
 0.134021 0.677848 0.182769 0.00536245 0
 0.80878 0.0450904 0.141981 0.00414843 0
 0.846168 0.0940531 0.0597789 0 0
 0.905697 0.0802665 0.012482 0.00150086 5.37128e-05
 0.989698 0.0102097 9.19794e-05 0 0
 0.975433 0.0193895 0.00387452 0.00125025 5.28907e-05
 0.303575 0.632131 0.0575291 0.00676475 0
 0.966965 0.00978017 0.0227588 0.000495775 0
 0.843318 0.132988 0.00938335 0.0141283 0.000182051
 0.564624 0.303363 0.111486 0.0197234 0.00080311
 0.826376 0.0876187 0.0782897 0.00655872 0.00115652
 0.89761 0.0855135 0.0140674 0.00269457 0.000114338
 0.34875 0.467042 0.161289 0.0227151 0.000203297
 0.318654 0.224769 0.449479 0.00709798 0
 0.937255 0.0296025 0.0250945 0.00804832 0
ppred_RECLAS
 0.0267334 0.363444 0.510051 0.099771 5.4193e-07
 0.843548 0.0043033 0.0568163 0.0797351 0.015597
 0.0866806 0.776522 0.0037627 0.0496788 0.0833561
 0.725829 0.0249198 0.211918 0.00102687 0.0363061
 0.313576 0.52015 0.0151129 0.12852 0.022641
 0.999657 0.000135346 0.000157033 4.56257e-06 4.56353e-05
 0.0115046 0.988163 0.000131429 0.000152488 4.87451e-05
 0.0106019 0.0117292 0.97734 0.00012999 0.000199029
 0.0578807 0.010058 0.0110494 0.920702 0.000309952
 0.341528 0.0396638 0.00660636 0.00725756 0.604945
 0.984117 0.00613226 0.00058732 9.78232e-05 0.00906514
 0.893876 0.104497 0.000628326 6.01781e-05 0.000938858
 0.66369 0.303355 0.0324506 0.000195121 0.000310242
 0.779629 0.150696 0.0628469 0.00672288 0.000104698
 0.832457 0.13538 0.0219935 0.00917222 0.000996455
 0.982907 0.0145951 0.00201811 0.000327855 0.000151584
 0.0667735 0.918336 0.012715 0.00175814 0.000417679
 0.975638 0.00171408 0.0222868 0.000308577 5.28043e-05
 0.368736 0.616328 0.00105084 0.0136633 0.00022155
 0.243714 0.286899 0.458282 0.000781372 0.0103243
 0.92406 0.0195512 0.0213913 0.0341698 0.000828046
 0.817465 0.169333 0.00339904 0.00371894 0.00608447
 0.044972 0.78833 0.154641 0.00310414 0.00895287
 0.876247 0.00578018 0.0973805 0.0191025 0.00148937
 0.566406 0.38131 0.00244206 0.0411422 0.00869984
 0.227196 0.443825 0.28931 0.00185286 0.0378165
 0.898756 0.0237112 0.0445274 0.0290254 0.00397988
 0.812297 0.169372 0.00429308 0.008062 0.00597585
 0.100359 0.734062 0.149409 0.00378708 0.0123833
 0.121076 0.0900443 0.643686 0.131014 0.0141795
 0.927947 0.00912774 0.00644659 0.0460837 0.0103949
pobs_PELACES
 0 0 0 0 0
 0 0 0 0 0
 0 0 0 0 0
 0 0 0 0 0
 0 0 0 0 0
 0 0 0 0 0
 0 0 0 0 0
 0 0 0 0 0
 0 0 0 0 0
 0 0 0 0 0
 0 0 0 0 0
 0 0 0 0 0
 0 0 0 0 0
 0 0 0 0 0
 0 0 0 0 0
 0 0 0 0 0
 0.505614 0.472636 0.0217494 0 0
 0 0 0 0 0
 0.443492 0.261883 0.143347 0.151278 0
 0.227955 0.32914 0.350689 0.0885471 0.00366901
 0.970185 0.0296113 0.000203453 0 0
 0.997202 0.00247181 0.000326279 0 0
 0.445219 0.490057 0.0546422 0.010081 0
 0.90214 0.0892962 0.00764917 0.000914606 0
 0 0 0 0 0
 0.581667 0.319106 0.0959925 0.00289975 0.000334073
 0.762889 0.0836404 0.116647 0.0363945 0.000428098
 0.88444 0.0763242 0.0277011 0.0115352 0
 0.521256 0.241999 0.230069 0.00667565 0
 0.616807 0.101726 0.260614 0.0208532 0
 0.833518 0.0704572 0.0857862 0.0102388 0
ppred_PELACES
 0.0272406 0.363254 0.509785 0.099719 5.41648e-07
 0.847978 0.00418146 0.0552077 0.0774776 0.0151555
 0.0894395 0.774176 0.00375134 0.0495287 0.0831043
 0.747199 0.0229775 0.1954 0.000946829 0.0334763
 0.366437 0.480093 0.0139491 0.118623 0.0208974
 0.999661 0.000133766 0.000155199 4.50929e-06 4.51024e-05
 0.0117346 0.987933 0.000131399 0.000152453 4.87337e-05
 0.0106507 0.0117286 0.977292 0.000129983 0.000199019
 0.0594254 0.0100415 0.0110313 0.919192 0.000309444
 0.370687 0.0379074 0.00631381 0.00693617 0.578156
 0.984481 0.00599179 0.000573867 9.55824e-05 0.00885749
 0.899307 0.099149 0.00059617 5.70984e-05 0.000890811
 0.677055 0.291299 0.0311609 0.000187367 0.000297913
 0.798703 0.137653 0.0574072 0.00614099 9.56356e-05
 0.846865 0.123739 0.0201022 0.00838349 0.000910769
 0.983666 0.0139474 0.00192854 0.000313305 0.000144856
 0.0691196 0.916027 0.012683 0.00175372 0.000416629
 0.976104 0.00168131 0.0218607 0.000302677 5.17948e-05
 0.375729 0.609501 0.0010392 0.0135119 0.000219096
 0.252727 0.283479 0.45282 0.00077206 0.0102013
 0.926462 0.0189328 0.0207147 0.0330889 0.000801854
 0.822768 0.164414 0.0033003 0.00361091 0.00590771
 0.0461104 0.78739 0.154457 0.00310044 0.0089422
 0.878347 0.00568211 0.0957282 0.0187784 0.0014641
 0.571623 0.376722 0.00241268 0.0406472 0.00859517
 0.231801 0.44118 0.287586 0.00184182 0.0375911
 0.901135 0.0231541 0.0434812 0.0283434 0.00388637
 0.814714 0.167191 0.0042378 0.0079582 0.0058989
 0.101733 0.73294 0.149181 0.00378129 0.0123644
 0.124751 0.0896678 0.640995 0.130467 0.0141202
 0.930665 0.00878342 0.0062034 0.0443453 0.0100028
pobs_pel_tallas
 0 0 0 0 0 0 0 0 0 0 0 0 0 0 0 0 0 0 0 0 0 0 0 0 0 0
 0 0 0 0 0 0 0 0 0 0 0 0 0 0 0 0 0 0 0 0 0 0 0 0 0 0
 0 0 0 0 0 0 0 0 0 0 0 0 0 0 0 0 0 0 0 0 0 0 0 0 0 0
 0 0 0 0 0 0 0 0 0 0 0 0 0 0 0 0 0 0 0 0 0 0 0 0 0 0
 0 0 0 0 0 0 0 0 0 0 0 0 0 0 0 0 0 0 0 0 0 0 0 0 0 0
 0 0 0 0 0 0 0 0 0 0 0 0 0 0 0 0 0 0 0 0 0 0 0 0 0 0
 0 0 0 0 0 0 0 0 0 0 0 0 0 0 0 0 0 0 0 0 0 0 0 0 0 0
 0 0 0 0 0 0 0 0 0 0 0 0 0 0 0 0 0 0 0 0 0 0 0 0 0 0
 0 0 0 0 0 0 0 0 0 0 0 0 0 0 0 0 0 0 0 0 0 0 0 0 0 0
 0 0 0 0 0 0 0 0 0 0 0 0 0 0 0 0 0 0 0 0 0 0 0 0 0 0
 0 0 0 0 0 0 0 0 0 0 0 0 0 0 0 0 0 0 0 0 0 0 0 0 0 0
 0 0 0 0 0 0 0 0 0 0 0 0 0 0 0 0 0 0 0 0 0 0 0 0 0 0
 0.00862536 0 0 0.000197151 0.00414017 0.0128641 0.00837892 0.0270097 0.101434 0.158115 0.152841 0.127902 0.109271 0.109419 0.0830992 0.0579132 0.0238553 0.00714673 0.00463305 0.00128148 0.00103504 0.000492878 0.000147863 0.000147863 4.92878e-05 0
 0 0 0 0 0 0 0 0 0 0 0 0 0 0 0 0 0 0 0 0 0 0 0 0 0 0
 0 0 0 0 0 0 0 0.0054083 0.00873648 0.0413646 0.0450493 0.0745869 0.0622846 0.0627006 0.0613931 0.0827291 0.12552 0.122667 0.0946155 0.0697135 0.0546179 0.0294188 0.0215738 0.0213955 0.0102223 0.00600262
 0 0 0 0 0.00359764 0.0251062 0.0480494 0.140153 0.205849 0.193036 0.1447 0.116669 0.0760912 0.0342217 0.00950174 0.001854 0.000860785 0 0 0 0.000165536 0 0.000143464 0 0 0
 0 0 0 0 0 0 0 0.000145254 0.000435761 0.0275982 0.070085 0.0708112 0.156366 0.174668 0.174014 0.160142 0.0824315 0.0480064 0.0283245 0.00493863 0.00203355 0 0 0 0 0
 0 0 0 0 0 0 0 0 0 0 0 0 0 0 0 0 0 0 0 0 0 0 0 0 0 0
 0 0 1.00437e-05 0.000401748 0.00122533 0.00171747 0.00176769 0.0269171 0.070346 0.194647 0.189555 0.159765 0.064822 0.0314167 0.0384472 0.0292271 0.0345202 0.0313363 0.0194345 0.0106764 0.0143323 0.0359363 0.0279516 0.0138201 0.00172751 0
 0 0.0021121 0.0136068 0.0755702 0.200478 0.177729 0.0527432 0.0373336 0.0318909 0.0142505 0.0149659 0.0166563 0.0217959 0.0798694 0.0677717 0.0528807 0.04013 0.0224614 0.0357745 0.0225083 0.00881397 0.00855152 0.00135912 0.000746735 0 0
 0 0 0 0 5.4009e-05 0.00500934 0.000945158 0.0243581 0.138947 0.33067 0.221406 0.137944 0.0707744 0.0437923 0.0131692 0.00525238 0.0047753 0.00276346 9.45158e-05 9.00151e-06 2.25038e-05 9.00151e-06 4.50075e-06 0 0 0
 0.000866109 0.00284123 0.00948549 0.0512746 0.133035 0.25785 0.225252 0.132002 0.0553304 0.0519788 0.0540692 0.017754 0.00435017 0.00159236 0.00146478 0.000404838 0.000125132 0.000115318 0.000107957 0.000100596 0 0 0 0 0 0
 0 0 0 0 0.00144013 0.00171154 0.00461396 0.0210425 0.0478622 0.0707936 0.0888783 0.103762 0.0637923 0.0337046 0.0602308 0.124433 0.169614 0.0934646 0.0462172 0.0250306 0.0313229 0.00938855 0.002487 0.000210481 0 0
 0 0.00764035 0.051015 0.0998891 0.058973 0.0496711 0.0374665 0.0718981 0.12319 0.153886 0.159021 0.0857701 0.0377988 0.023471 0.0147837 0.00900784 0.00315554 0.000888139 0.00291439 0.00214683 0.00393193 0.00274676 0.000635225 9.99891e-05 0 0
 0 0 0 0 0 0 0 0 0 0 0 0 0 0 0 0 0 0 0 0 0 0 0 0 0 0
 0 0 0 0 0 0 0 0 0 0 0 0 0 0 0 0 0 0 0 0 0 0 0 0 0 0
 0 0 0 0 0 0 0 0 0 0 0 0 0 0 0 0 0 0 0 0 0 0 0 0 0 0
 0 0 0 0 0 0 0 0 0 0 0 0 0 0 0 0 0 0 0 0 0 0 0 0 0 0
 0 0 0 0 0 0 0 0 0 0 0 0 0 0 0 0 0 0 0 0 0 0 0 0 0 0
 0 0 0 0 0 0 0 0 0 0 0 0 0 0 0 0 0 0 0 0 0 0 0 0 0 0
 0 0 0 0 0 0 0 0 0 0 0 0 0 0 0 0 0 0 0 0 0 0 0 0 0 0
ppred_pel_tallas
 1.24805e-16 2.24385e-06 2.18111e-05 0.000144944 0.000658916 0.00205032 0.00436975 0.00638526 0.00642101 0.00454478 0.00264016 0.00237204 0.00448086 0.00960558 0.0185511 0.0315731 0.0476022 0.0642932 0.0791207 0.0907412 0.0993767 0.105796 0.109883 0.110229 0.105123 0.0940132
 1.11929e-16 6.98468e-05 0.000678936 0.00451177 0.0205098 0.0638137 0.135962 0.19844 0.198441 0.135965 0.0638228 0.0205375 0.00458718 0.000863888 0.000482277 0.000851549 0.00161908 0.00290794 0.00492481 0.00785356 0.0117436 0.0163887 0.0212663 0.0256041 0.0285792 0.0295755
 1.19337e-16 7.36718e-06 7.16117e-05 0.000475888 0.00216336 0.00673143 0.0143448 0.0209522 0.0210267 0.0147086 0.00795277 0.00568933 0.00932036 0.0193592 0.0365816 0.0603242 0.0865893 0.108294 0.118303 0.113518 0.096896 0.0756641 0.0571353 0.0452751 0.0399833 0.0386316
 1.11405e-16 6.15458e-05 0.000598247 0.00397556 0.0180723 0.0562297 0.119803 0.174857 0.17486 0.119816 0.0562724 0.0181994 0.00430927 0.00137519 0.00167915 0.00304946 0.00525232 0.00841328 0.0126545 0.0179677 0.0240579 0.0302141 0.0353645 0.0383927 0.038585 0.0359392
 1.15958e-16 3.01831e-05 0.00029339 0.00194968 0.00886301 0.0275763 0.058756 0.0857658 0.0858121 0.0589819 0.0283347 0.0110529 0.0074451 0.0122859 0.0227969 0.0376236 0.0541789 0.0681547 0.0752537 0.0736714 0.0652825 0.05446 0.0454387 0.0402194 0.0382449 0.0375281
 1.00013e-16 8.23408e-05 0.000800382 0.00531882 0.0241786 0.0752285 0.160282 0.233937 0.233937 0.160282 0.0752287 0.0241792 0.0053204 0.000803876 8.90815e-05 1.7204e-05 1.73638e-05 2.28418e-05 2.76946e-05 3.12085e-05 3.35928e-05 3.53746e-05 3.68065e-05 3.7598e-05 3.71567e-05 3.50603e-05
 1.0028e-16 9.66768e-07 9.39743e-06 6.24538e-05 0.000283964 0.000884028 0.00188703 0.00277409 0.00286908 0.00235107 0.00244149 0.00477949 0.0113357 0.0245818 0.0465592 0.0766838 0.109793 0.136653 0.147854 0.13907 0.113716 0.0808405 0.0499715 0.0268702 0.0125818 0.00514632
 1.28253e-16 8.77292e-07 8.52758e-06 5.66689e-05 0.00025761 0.000801533 0.00170784 0.00249317 0.00249581 0.00172143 0.000851481 0.000420982 0.000538668 0.00129803 0.00314278 0.00699397 0.014246 0.0265538 0.045241 0.0703284 0.0995603 0.128128 0.149694 0.158613 0.152321 0.132526
 1.92556e-16 4.89479e-06 4.75791e-05 0.00031618 0.00143731 0.00447201 0.00952814 0.0139069 0.0139082 0.00953472 0.00449528 0.00150994 0.000520214 0.000569831 0.00123966 0.0027325 0.00571047 0.0113093 0.0211611 0.0371679 0.0608464 0.0922959 0.129193 0.166461 0.197152 0.21448
 1.98728e-16 3.0533e-05 0.000296792 0.00197228 0.00896572 0.0278957 0.0594349 0.0867477 0.0867515 0.0594534 0.0279583 0.00914843 0.0024392 0.00134621 0.00212177 0.00374848 0.00616945 0.00963744 0.0147816 0.0227658 0.0351571 0.0533347 0.0775795 0.106259 0.135607 0.160397
 1.01527e-16 8.10904e-05 0.000788228 0.00523805 0.0238114 0.0740862 0.157848 0.230384 0.230385 0.157851 0.0740957 0.0238389 0.00530712 0.000939375 0.000369387 0.000486043 0.000702395 0.000908152 0.00105723 0.00114351 0.00120857 0.0013207 0.00153328 0.00185012 0.00221809 0.0025473
 1.002e-16 7.40747e-05 0.000720033 0.00478487 0.0217513 0.0676765 0.144192 0.210455 0.210465 0.144239 0.0678329 0.0222026 0.00591651 0.00318688 0.00474868 0.00770605 0.0110298 0.0137362 0.0148788 0.0140252 0.0115193 0.00826777 0.00522283 0.00295634 0.00156562 0.000846842
 1.01043e-16 5.57682e-05 0.000542087 0.00360236 0.0163758 0.0509514 0.108558 0.15845 0.158478 0.108695 0.0514116 0.0177049 0.00693746 0.00781929 0.0138665 0.022809 0.0327872 0.0410904 0.0449878 0.0432059 0.0366805 0.027923 0.0195371 0.0130379 0.00864881 0.00584349
 1.02324e-16 6.57882e-05 0.000639484 0.0042496 0.0193181 0.0601057 0.128062 0.186913 0.186927 0.128127 0.0603247 0.0199511 0.00584136 0.00412361 0.0067099 0.0110592 0.016088 0.0205691 0.0232834 0.0236448 0.0220051 0.0193365 0.0165724 0.0141459 0.0120049 0.00993213
 1.01607e-16 6.97551e-05 0.000678045 0.00450585 0.0204829 0.0637301 0.135784 0.198183 0.198195 0.135842 0.0639259 0.0210485 0.0059258 0.00377879 0.00596151 0.00975291 0.0140612 0.0177224 0.0196004 0.0191742 0.0168405 0.0136337 0.0105932 0.00827427 0.00668609 0.00554904
 1.00116e-16 8.10233e-05 0.000787575 0.00523371 0.0237917 0.0740248 0.157718 0.230194 0.230195 0.157724 0.0740469 0.0238554 0.00539359 0.00113656 0.000743743 0.00110111 0.00157778 0.00198268 0.00218174 0.00211473 0.00182623 0.00143456 0.00106071 0.000772609 0.000576656 0.000445023
 1.00847e-16 5.69348e-06 5.53428e-05 0.000367777 0.00167191 0.00520241 0.0110875 0.0162011 0.0162892 0.0115179 0.00664694 0.0058417 0.0108251 0.0228526 0.04321 0.0711848 0.101977 0.127047 0.137691 0.129902 0.106823 0.07678 0.0485203 0.0273027 0.0140487 0.00694796
 1.00671e-16 8.04004e-05 0.00078152 0.00519348 0.0236088 0.0734557 0.156505 0.228424 0.228424 0.156506 0.0734591 0.0236189 0.00522048 0.000845751 0.000217813 0.000272909 0.000478226 0.000793731 0.00123129 0.00178565 0.00241186 0.00301545 0.0034676 0.00364849 0.00349974 0.00305405
 1.01578e-16 3.09484e-05 0.00030083 0.00199912 0.00908775 0.0282757 0.0602465 0.0879438 0.0880024 0.0605328 0.0292367 0.0118617 0.00895568 0.0154655 0.0287682 0.0473456 0.0678148 0.0844738 0.0915434 0.0863816 0.0711175 0.0513288 0.0328533 0.0191653 0.0108048 0.00646343
 1.14944e-16 2.08168e-05 0.000202347 0.00134467 0.00611269 0.019019 0.040523 0.0591503 0.0591783 0.0406599 0.0194805 0.00745379 0.00474135 0.00771739 0.0145854 0.0248383 0.0375361 0.0508419 0.0627383 0.0720409 0.0786927 0.0830305 0.0847978 0.0829658 0.0765708 0.0657574
 1.04057e-16 7.63114e-05 0.000741774 0.00492935 0.0224081 0.06972 0.148546 0.216807 0.216809 0.148555 0.0697507 0.0224975 0.00515589 0.00124336 0.00105017 0.0016727 0.00254125 0.00349979 0.00445678 0.00540234 0.00640954 0.00755126 0.00878885 0.00992676 0.0106759 0.0107842
 1.015e-16 6.77703e-05 0.000658752 0.00437764 0.0199001 0.0619167 0.131921 0.192545 0.192561 0.131998 0.0621761 0.0206488 0.00625557 0.0047535 0.00783051 0.012802 0.0183518 0.0229057 0.0249154 0.0236816 0.0197859 0.0147285 0.0100641 0.00669438 0.00471949 0.00374043
 1.06483e-16 3.79822e-06 3.69201e-05 0.000245351 0.00111538 0.00347076 0.00739762 0.010813 0.0108889 0.00776876 0.0047171 0.00471594 0.00928593 0.0197813 0.0375267 0.0620962 0.0895928 0.112946 0.124904 0.122055 0.106788 0.0855529 0.0649168 0.0485256 0.036726 0.0281287
 1.04896e-16 7.23483e-05 0.000703251 0.00467335 0.0212444 0.0660991 0.140831 0.205547 0.205548 0.140835 0.0661113 0.0212816 0.00477412 0.000947892 0.000609396 0.00108236 0.00199486 0.00343518 0.00552279 0.00828263 0.0115438 0.0148807 0.0176682 0.019272 0.019295 0.0177441
 1.05697e-16 4.70839e-05 0.000457673 0.0030414 0.0138258 0.0430173 0.0916542 0.13378 0.133816 0.0918313 0.0436116 0.0155416 0.00734522 0.00984311 0.0178436 0.0293536 0.0421219 0.0526564 0.0574605 0.0549887 0.0466269 0.0358314 0.0261159 0.0194134 0.0157547 0.0140213
 1.14959e-16 1.90932e-05 0.000185593 0.00123333 0.00560658 0.0174444 0.0371687 0.0542578 0.0543006 0.0373783 0.0181493 0.00764716 0.00637224 0.0114593 0.0215921 0.036088 0.0529659 0.0686481 0.0794207 0.0834607 0.0817151 0.0768467 0.0712066 0.0655617 0.0593654 0.0519067
 1.04761e-16 7.42253e-05 0.000721496 0.0047946 0.0217955 0.067814 0.144485 0.210881 0.210883 0.144496 0.0678522 0.0219067 0.00507714 0.0013505 0.00130506 0.00213619 0.00329868 0.00463683 0.00604877 0.0075048 0.00903894 0.0106536 0.0122125 0.0134284 0.0139725 0.0136325
 1.01962e-16 6.71069e-05 0.000652303 0.00433478 0.0197053 0.0613106 0.130629 0.190661 0.190677 0.130708 0.0615744 0.0204669 0.00624515 0.00481834 0.0079667 0.0130323 0.0186939 0.0233593 0.0254633 0.0243036 0.0204763 0.0155027 0.0109468 0.00769728 0.00582194 0.00488597
 1.06964e-16 8.37981e-06 8.14548e-05 0.000541299 0.00246071 0.00765656 0.0163157 0.0238281 0.0238988 0.0166613 0.00881691 0.00581299 0.00895893 0.0184669 0.0349535 0.0578431 0.083486 0.105312 0.116587 0.114146 0.100211 0.0807681 0.061891 0.0469247 0.0361449 0.0282254
 1.33995e-16 1.02756e-05 9.98822e-05 0.000663753 0.00301733 0.00938808 0.0200027 0.0291965 0.0292061 0.0200503 0.00955114 0.00350137 0.00192819 0.00302399 0.00604491 0.0112361 0.0191292 0.0302225 0.0448689 0.0630307 0.0837605 0.10469 0.122118 0.13206 0.131848 0.121352
 1.06322e-16 7.66576e-05 0.00074514 0.00495171 0.0225098 0.0700363 0.14922 0.217791 0.217792 0.149224 0.0700507 0.0225518 0.00505882 0.000984236 0.000547234 0.000829622 0.00130491 0.00191003 0.00266516 0.00364858 0.0049737 0.00671117 0.00879104 0.010953 0.0127911 0.0138833
pSPR Fmed_Fpbrs
0.501847   0.223835 0.223835
Fs Fmed_Fpbrs
0.402413   1.005 1.005
SSBpbr Bo_Bmed_Bpbrs
1.78194e+06  805165  309764 309764
Ro
47021
SPR SPRFo_SPRFmed_SPRFpbrs
336103 168672 75231.6
Fref
1.005
Nvult_r0
 123391 1344.75 949.748 6789.32 1531.44
CTP_r0
 32749.8 440.229 310.918 2222.61 501.346
YTP_r0
391033
Np
 143254 42529.4 392.918 277.504 2432.31
Nvult_p0
 118262 36802.4 340.008 240.135 2104.77
CTP_p0
 50532.4 18447.1 170.428 120.367 1055.01
YTP_p0
 720777
CBA_c0
489956
log_Ro
10.5784
likeval ReclasPelacesDesembMPH_pf_preclas_ppelaces_ptallas_desvR_qrecl_qpela
 38.8627 50.4844 0.184006 0.00201344 377.025 140.897 127.018 0 174.402 0 0 0.0737281 0 0 0
q_reclas_q_pelaces
1 1
M
1
N
 3995.08 55927 78487.1 15352.8 0.0833927
 231170 1241.56 16392.3 23004.7 4499.97
 6699.1 63220.4 306.34 4044.59 6786.43
 45001 1825.67 15525.5 75.2302 2659.86
 2667.63 6326.32 183.811 1563.13 275.371
 907440 125.068 145.107 4.21607 42.1696
 3402.74 301275 40.0706 46.4912 14.8616
 943.306 1050.97 87572.7 11.6475 17.8336
 1838.09 333.238 366.086 30504.4 10.2692
 3760.87 529.629 88.2143 96.9097 8077.79
 70544.4 455.541 43.6297 7.2669 673.413
 165389 21129.4 127.048 12.1681 189.838
 72817 36477.3 3902.07 23.4626 37.3056
 68682.7 15795.7 6587.48 704.679 10.9742
 48519.5 9280.4 1507.66 628.761 68.3075
 440038 7007.53 968.952 157.413 72.7797
 7435.9 108171 1497.71 207.092 49.1986
 1.09339e+06 1979.39 25736.5 356.34 60.9777
 193497 338426 577.018 7502.52 121.654
 43277 54813.8 87557.8 149.286 1972.53
 468217 10441.9 11424.7 18249.3 442.242
 581416 127178 2552.86 2793.13 4569.77
 8567.82 156269 30654.2 615.326 1774.7
 369058 2507.52 42245 8286.93 646.111
 164695 114506 733.342 12354.8 2612.53
 24760.8 50316.8 32799.3 210.06 4287.28
 264246 7256.1 13626.3 8882.37 1217.93
 361339 77183.5 1956.37 3673.88 2723.21
 15455.1 115667 23542.6 596.735 1951.25
 6361.26 4981.66 35611.7 7248.32 784.476
 165920 1737.67 1227.25 8773.07 1978.91
pred_Ctot
 397.456 7320.3 10273.2 2009.54 0.0109153
 38411.5 266.934 3524.32 4945.98 967.488
 1124.71 13727.6 66.5183 878.239 1473.6
 18962.5 926.702 7880.67 38.1865 1350.13
 1711.68 4543.81 132.02 1122.7 197.782
 56407.6 10.3211 11.9748 0.347926 3.48
 350.04 40741.4 5.41876 6.287 2.00973
 23.7646 35.458 2954.57 0.392968 0.601679
 256.904 60.6692 66.6495 5553.61 1.86961
 1739.5 291.322 48.5223 53.3052 4443.19
 8426.36 71.2387 6.82293 1.13642 105.31
 43631 7028.54 42.2618 4.04764 63.1485
 19708.9 12425.9 1329.23 7.9925 12.7081
 29724.8 8205.87 3422.2 366.081 5.70111
 20058.5 4632.91 752.649 313.887 34.1002
 95350.6 1939.09 268.123 43.5584 20.1392
 1333.82 25021.1 346.436 47.9027 11.3802
 111196 264.702 3441.71 47.653 8.15449
 28732.6 65316 111.364 1447.98 23.479
 9740.97 15720.5 25111.4 42.815 565.717
 79374 2288.46 2503.84 3999.55 96.9223
 101568 28684 575.778 629.968 1030.68
 1128.09 26855.5 5268.08 105.747 304.992
 37047.5 331.099 5578.13 1094.23 85.314
 17918 16352.7 104.73 1764.41 373.099
 3243.29 8603.97 5608.55 35.9195 733.11
 35064.9 1256.45 2359.51 1538.06 210.894
 30000.1 8464.75 214.556 402.916 298.656
 1222.71 12099.1 2462.64 62.4204 204.107
 1060.63 1074.58 7681.67 1563.51 169.217
 32749.8 440.229 310.918 2222.61 501.346
F
 0.168695 0.227237 0.227237 0.227237 0.227237
 0.296527 0.39943 0.39943 0.39943 0.39943
 0.300025 0.404142 0.404142 0.404142 0.404142
 0.961967 1.2958 1.2958 1.2958 1.2958
 2.06009 2.775 2.775 2.775 2.775
 0.102604 0.138211 0.138211 0.138211 0.138211
 0.174869 0.235553 0.235553 0.235553 0.235553
 0.040533 0.0545991 0.0545992 0.0545992 0.0545992
 0.244307 0.329089 0.329089 0.329089 0.329089
 1.11092 1.49644 1.49644 1.49644 1.49644
 0.205578 0.276919 0.27692 0.27692 0.27692
 0.511613 0.689157 0.689158 0.689158 0.689158
 0.528214 0.711519 0.71152 0.71152 0.71152
 1.00159 1.34917 1.34918 1.34918 1.34918
 0.93498 1.25945 1.25945 1.25945 1.25945
 0.403146 0.54305 0.54305 0.54305 0.54305
 0.323531 0.435805 0.435806 0.435806 0.435806
 0.172728 0.23267 0.23267 0.23267 0.23267
 0.261322 0.352008 0.352008 0.352008 0.352008
 0.421794 0.568169 0.568169 0.568169 0.568169
 0.303342 0.408611 0.408611 0.408611 0.408611
 0.31389 0.422819 0.422819 0.422819 0.422819
 0.228718 0.30809 0.30809 0.30809 0.30809
 0.170329 0.229439 0.229439 0.229439 0.229439
 0.185756 0.250218 0.250219 0.250219 0.250219
 0.227418 0.306338 0.306338 0.306338 0.306338
 0.230694 0.310752 0.310752 0.310752 0.310752
 0.1391 0.187372 0.187372 0.187372 0.187372
 0.132175 0.178043 0.178043 0.178043 0.178043
 0.297682 0.400986 0.400986 0.400986 0.400986
 0.361312 0.486698 0.486698 0.486698 0.486698
YTP_r0W_actual
 278373 7175.73 8985.52 77346.8 19151.4
YTP_p0W_proyectada
 380004 297367 3984.61 3550.83 35870.4
CTP_r0_actual
 32749.8 440.229 310.918 2222.61 501.346
CTP_p0_proyectada
 50532.4 18447.1 170.428 120.367 1055.01
Wmedp
 7.52 16.12 23.38 29.5 34
Frms_r0
 0.361312 0.486698 0.486698 0.486698 0.486698
Zrms_r0
 1.36131 1.4867 1.4867 1.4867 1.4867
nmprior
 8.19 8.8 8.5 0
nm_flota  nm_reclas  nm_pelaces    nm_pelaL
inf 7.0792 4.8038 7.69238
cv_recla  cv_pelaces  cv_mph
0.563886 0.805658 1.38476
 ------------------------------------------------
Talla a la edad & desviaci?n 
 8 13.2811 15.8009 17.003 17.5766
 0.8 1.32811 1.58009 1.7003 1.75766
