years
 1991 1992 1993 1994 1995 1996 1997 1998 1999 2000 2001 2002 2003 2004 2005 2006 2007 2008 2009 2010 2011 2012 2013 2014 2015 2016 2017 2018 2019 2020 2021
reclasobs
 0 0 0 0 0 0 0 0 0 252601 567819 844713 477998 351125 339783 2.1784e+06 2.13404e+06 4.81314e+06 1.55562e+06 2.62356e+06 3.21686e+06 3.843e+06 1.13348e+06 3.07943e+06 1.97215e+06 2.03268e+06 2.025e+06 2.42433e+06 2.27542e+06 1.05018e+06 2.36338e+06
reclaspred
 4.24596e+06 2.62686e+06 1.09231e+06 825830 165159 9.90718e+06 8.21929e+06 4.97648e+06 2.24237e+06 214389 346310 901361 740227 603246 399465 1.99154e+06 816800 4.82368e+06 2.66948e+06 2.22428e+06 2.93368e+06 3.39864e+06 1.62994e+06 3.36283e+06 2.5698e+06 1.51821e+06 2.13123e+06 3.8584e+06 3.04935e+06 731871 1.39047e+06
pelacesobs
 0 0 0 0 0 0 0 0 0 0 0 0 0 0 0 552880 188675 0 991730 2.46772e+06 1.41603e+06 1.21717e+06 2.29649e+06 1.80582e+06 0 1.4828e+06 1.56532e+06 1.57751e+06 1.42118e+06 867257 1.10002e+06
pelacespred
 4.0179e+06 1.77497e+06 737163 349675 62993 6.14728e+06 6.88964e+06 5.48687e+06 2.43457e+06 110813 181357 389864 354744 268602 165594 871256 380450 2.75133e+06 1.49464e+06 1.02529e+06 1.48468e+06 1.7054e+06 974298 2.15118e+06 1.66927e+06 1.00427e+06 1.44081e+06 2.70955e+06 2.26095e+06 513564 738149
mphobs
 0 0 0 0 0 0 0 0 0 0 0 498337 0 5186 125008 0 168611 109162 213762 579715 649985 157893 87575 83554 0 0 0 0 0 0 0
mphpred
 1.10753e+06 353046 302190 83004.9 63606.8 9108.6 1.95284e+06 1.09454e+06 593890 130840 6160.4 48602.7 89796.9 48509.7 29244.2 26755.8 246578 56240.3 618221 193128 297276 264888 423666 145306 423076 322856 134198 239258 666096 266459 39621.4
desembarqueobs
 494567 514787 250237 358949 120608 361735 552515 73892 212993 205616 52469 317467 293654 387597 252695 516296 358380 742168 942051 627588 828172 859565 418607 520667 417249 300574 415391 372974 316634 284311 391294
desembarquepred
 494434 514635 249650 358402 120484 361627 552132 73879.2 212769 205126 52442 317035 293160 386697 252249 515589 357946 741296 939858 626191 827276 858163 418037 520178 416631 300136 414856 372588 316164 283478 390892
Reclutas
 6454.34 210034 11067.9 97900.1 4228.95 731850 6195.34 1690.21 4300.2 6267.26 33630.1 116635 70421.7 70049.8 40676.5 258444 8431.15 458081 140037 233707 178495 426087 10625.6 171928 140699 22588.8 126128 194650 22493.1 8219.55 104893
log_desv_Rt
 -1.98584 1.49668 -1.44655 0.733353 -2.40864 2.74498 -2.0268 -3.32574 -2.39193 -2.01525 -0.335173 0.908452 0.403906 0.398612 -0.144943 1.70408 -1.71866 2.27645 1.09131 1.60347 1.33397 2.20405 -1.48733 1.29648 1.09603 -0.733139 0.986699 1.42061 -0.737385 -1.74408 0.802344
SSB
 1.01603e+06 323880 277226 76147.7 58352.1 8356.12 1.79151e+06 1.00412e+06 544828 120031 5651.48 44587.6 82378.6 44502.2 26828.3 24545.5 226208 51594.2 567149 177173 272718 243005 388666 133302 388125 296184 123111 219493 611069 244447 36348.2
BT
 1.31742e+06 1.05262e+06 398009 425107 111068 3.23027e+06 2.22426e+06 1.20809e+06 719385 254130 125238 429662 402282 520968 320480 810813 380978 1.94704e+06 1.36152e+06 888915 1.26856e+06 1.41204e+06 596127 1.41565e+06 909133 536010 1.0393e+06 1.48599e+06 841028 409251 703645
Ftot
 0.549642 0.96484 0.9758 1.92623 2.39763 0.201535 0.306844 0.0739606 0.462096 2.9529 0.796037 1.64646 1.73669 2.63849 2.62901 1.30276 1.66356 0.808464 1.48004 1.3467 1.29836 1.2234 1.07767 0.799079 0.769895 0.885467 0.980718 0.502831 0.473615 1.57334 1.39363
BD_Bspro_t
 0.915813 0.497524 0.361047 0.143113 0.100975 0.0219809 0.768714 0.610124 0.545674 0.242524 0.0273652 0.255768 0.212196 0.105258 0.0616122 0.0591725 0.248133 0.0735822 0.36928 0.151072 0.178949 0.164241 0.243811 0.113645 0.298287 0.291609 0.186132 0.317942 0.530561 0.312646 0.0855782
BD_Bspro
 3.02298 0.963634 0.824825 0.226561 0.173614 0.0248618 5.33026 2.98753 1.62101 0.357126 0.0168147 0.132661 0.245099 0.132407 0.0798216 0.0730297 0.673032 0.153507 1.68743 0.527139 0.811412 0.723008 1.15639 0.396612 1.15478 0.881231 0.366291 0.653053 1.8181 0.727297 0.108146
BD_Bo
 0.697732 0.222416 0.190377 0.0522924 0.0400717 0.00573834 1.23027 0.68955 0.374146 0.0824282 0.003881 0.0306193 0.0565713 0.0305607 0.0184236 0.0168559 0.155342 0.0354309 0.389474 0.121669 0.187282 0.166877 0.266906 0.0915418 0.266534 0.203396 0.0845433 0.150731 0.419635 0.167867 0.0249612
BD_Brms
 1.2686 0.404392 0.346141 0.0950771 0.0728577 0.0104333 2.23686 1.25373 0.680265 0.149869 0.00705636 0.0556715 0.102857 0.0555649 0.0334974 0.0306472 0.28244 0.0644199 0.708134 0.221216 0.340512 0.303413 0.485284 0.16644 0.484607 0.369812 0.153715 0.274056 0.762973 0.305213 0.0453839
Sel_flota
 0.635853 1 1 1 1
 0.635853 1 1 1 1
 0.635853 1 1 1 1
 0.635853 1 1 1 1
 0.635853 1 1 1 1
 0.635853 1 1 1 1
 0.635853 1 1 1 1
 0.635853 1 1 1 1
 0.635853 1 1 1 1
 0.635853 1 1 1 1
 0.635853 1 1 1 1
 0.635853 1 1 1 1
 0.635853 1 1 1 1
 0.635853 1 1 1 1
 0.635853 1 1 1 1
 0.635853 1 1 1 1
 0.635853 1 1 1 1
 0.635853 1 1 1 1
 0.635853 1 1 1 1
 0.635853 1 1 1 1
 0.635853 1 1 1 1
 0.635853 1 1 1 1
 0.635853 1 1 1 1
 0.635853 1 1 1 1
 0.635853 1 1 1 1
 0.635853 1 1 1 1
 0.635853 1 1 1 1
 0.635853 1 1 1 1
 0.635853 1 1 1 1
 0.635853 1 1 1 1
 0.635853 1 1 1 1
Sel_reclas
 0.696302 0.920246 0.983071 0.99659 0.999321
 0.696302 0.920246 0.983071 0.99659 0.999321
 0.696302 0.920246 0.983071 0.99659 0.999321
 0.696302 0.920246 0.983071 0.99659 0.999321
 0.696302 0.920246 0.983071 0.99659 0.999321
 0.696302 0.920246 0.983071 0.99659 0.999321
 0.696302 0.920246 0.983071 0.99659 0.999321
 0.696302 0.920246 0.983071 0.99659 0.999321
 0.696302 0.920246 0.983071 0.99659 0.999321
 0.696302 0.920246 0.983071 0.99659 0.999321
 0.696302 0.920246 0.983071 0.99659 0.999321
 0.696302 0.920246 0.983071 0.99659 0.999321
 0.696302 0.920246 0.983071 0.99659 0.999321
 0.696302 0.920246 0.983071 0.99659 0.999321
 0.696302 0.920246 0.983071 0.99659 0.999321
 0.696302 0.920246 0.983071 0.99659 0.999321
 0.696302 0.920246 0.983071 0.99659 0.999321
 0.696302 0.920246 0.983071 0.99659 0.999321
 0.696302 0.920246 0.983071 0.99659 0.999321
 0.696302 0.920246 0.983071 0.99659 0.999321
 0.696302 0.920246 0.983071 0.99659 0.999321
 0.696302 0.920246 0.983071 0.99659 0.999321
 0.696302 0.920246 0.983071 0.99659 0.999321
 0.696302 0.920246 0.983071 0.99659 0.999321
 0.696302 0.920246 0.983071 0.99659 0.999321
 0.696302 0.920246 0.983071 0.99659 0.999321
 0.696302 0.920246 0.983071 0.99659 0.999321
 0.696302 0.920246 0.983071 0.99659 0.999321
 0.696302 0.920246 0.983071 0.99659 0.999321
 0.696302 0.920246 0.983071 0.99659 0.999321
 0.696302 0.920246 0.983071 0.99659 0.999321
Sel_pelaces
 0.40923 0.777091 0.946075 0.988801 0.997755
 0.40923 0.777091 0.946075 0.988801 0.997755
 0.40923 0.777091 0.946075 0.988801 0.997755
 0.40923 0.777091 0.946075 0.988801 0.997755
 0.40923 0.777091 0.946075 0.988801 0.997755
 0.40923 0.777091 0.946075 0.988801 0.997755
 0.40923 0.777091 0.946075 0.988801 0.997755
 0.40923 0.777091 0.946075 0.988801 0.997755
 0.40923 0.777091 0.946075 0.988801 0.997755
 0.40923 0.777091 0.946075 0.988801 0.997755
 0.40923 0.777091 0.946075 0.988801 0.997755
 0.40923 0.777091 0.946075 0.988801 0.997755
 0.40923 0.777091 0.946075 0.988801 0.997755
 0.40923 0.777091 0.946075 0.988801 0.997755
 0.40923 0.777091 0.946075 0.988801 0.997755
 0.40923 0.777091 0.946075 0.988801 0.997755
 0.40923 0.777091 0.946075 0.988801 0.997755
 0.40923 0.777091 0.946075 0.988801 0.997755
 0.40923 0.777091 0.946075 0.988801 0.997755
 0.40923 0.777091 0.946075 0.988801 0.997755
 0.40923 0.777091 0.946075 0.988801 0.997755
 0.40923 0.777091 0.946075 0.988801 0.997755
 0.40923 0.777091 0.946075 0.988801 0.997755
 0.40923 0.777091 0.946075 0.988801 0.997755
 0.40923 0.777091 0.946075 0.988801 0.997755
 0.40923 0.777091 0.946075 0.988801 0.997755
 0.40923 0.777091 0.946075 0.988801 0.997755
 0.40923 0.777091 0.946075 0.988801 0.997755
 0.40923 0.777091 0.946075 0.988801 0.997755
 0.40923 0.777091 0.946075 0.988801 0.997755
 0.40923 0.777091 0.946075 0.988801 0.997755
pf_obs 
 0.8446 0.082 0.0669 0.0065 0
 0.8095 0.147 0.0364 0.0071 0
 0.9664 0.0169 0.016 0.0007 0
 0.9276 0.0648 0.0075 0.0001 0
 0.7033 0.2144 0.0806 0.0017 0
 0.9318 0.0425 0.0243 0.0014 0
 0.5671 0.3108 0.0964 0.0239 0.0018
 0.0768 0.2599 0.5324 0.112 0.0189
 0.490249 0.384438 0.106611 0.0170017 0.00170017
 0.7925 0.1577 0.0466 0.003 0.0002
 0.840416 0.127587 0.0312969 0.00059994 9.999e-05
 0.8084 0.0986 0.0794 0.0134 0.0002
 0.7335 0.1905 0.0724 0.0035 0.0001
 0.4001 0.4547 0.1325 0.0127 0
 0.49795 0.308269 0.164784 0.0264974 0.00249975
 0.9179 0.0499 0.0305 0.0017 0
 0.2467 0.6533 0.0926 0.0074 0
 0.9418 0.0223 0.034 0.0019 0
 0.707729 0.231977 0.0356964 0.0245975 0
 0.517169 0.277429 0.184464 0.0207286 0.00020938
 0.811772 0.124168 0.05621 0.00726502 0.000585176
 0.764997 0.148141 0.077277 0.00933861 0.000247198
 0.163321 0.427699 0.378323 0.0303852 0.000271297
 0.753843 0.0900009 0.118128 0.0371064 0.000921714
 0.721811 0.176058 0.0630433 0.0369309 0.00215725
 0.143369 0.312575 0.442814 0.0836902 0.0175525
 0.692698 0.0596174 0.167031 0.0765114 0.00414204
 0.394062 0.376323 0.152708 0.0712218 0.00568511
 0.125707 0.32114 0.495352 0.0537591 0.00404204
 0.23352 0.215282 0.420074 0.123614 0.00750983
 0.774587 0.0839891 0.0768558 0.0609784 0.00358967
pf_pred 
 0.0650494 0.246642 0.511479 0.176829 1.56424e-06
 0.908819 0.0100444 0.021404 0.044387 0.0153456
 0.153804 0.805196 0.00451648 0.0096243 0.0268588
 0.903036 0.0256216 0.0678859 0.000380783 0.00307588
 0.238026 0.731285 0.00810927 0.021486 0.00109404
 0.998526 0.000705521 0.000737336 8.17637e-06 2.27669e-05
 0.0170769 0.982041 0.000422352 0.000441398 1.85238e-05
 0.0161892 0.0279338 0.955019 0.000410731 0.000447267
 0.111947 0.0227503 0.0245689 0.839979 0.000754645
 0.445887 0.0998222 0.0116381 0.0125684 0.430084
 0.980293 0.0145295 0.000932757 0.000108748 0.00413622
 0.922627 0.0765586 0.00060079 3.85692e-05 0.000175528
 0.778066 0.21433 0.00752456 5.90486e-05 2.10426e-05
 0.857785 0.127243 0.0144591 0.000507622 5.40311e-06
 0.868958 0.124515 0.00583949 0.000663564 2.3544e-05
 0.984963 0.0143511 0.000652035 3.0579e-05 3.59811e-06
 0.134631 0.859273 0.00581823 0.000264348 1.38561e-05
 0.98785 0.00327792 0.0088093 5.96488e-05 2.85216e-06
 0.511795 0.485056 0.000849565 0.00228318 1.61989e-05
 0.859737 0.0985986 0.0413959 7.2504e-05 0.000196235
 0.77245 0.211688 0.0111502 0.00468135 3.03909e-05
 0.906146 0.0825408 0.0105244 0.000554354 0.000234252
 0.0931147 0.864393 0.0373705 0.00476496 0.000357043
 0.914133 0.0147995 0.0677375 0.00292851 0.000401382
 0.713011 0.273402 0.00234179 0.0107184 0.000526902
 0.29532 0.580228 0.11856 0.00101551 0.0048765
 0.895971 0.046534 0.0473406 0.0096733 0.000480727
 0.834572 0.156257 0.00410215 0.00417326 0.000895116
 0.209014 0.710911 0.0756366 0.00198566 0.00245336
 0.245138 0.238484 0.464102 0.0493777 0.00289792
 0.96826 0.013625 0.0057232 0.0111376 0.00125452
pobs_RECLAS
 0 0 0 0 0
 0 0 0 0 0
 0 0 0 0 0
 0 0 0 0 0
 0 0 0 0 0
 0 0 0 0 0
 0 0 0 0 0
 0 0 0 0 0
 0 0 0 0 0
 0 0 0 0 0
 0.991045 0.00858322 0.000360255 1.14367e-05 0
 0.934742 0.0480273 0.0164251 0.00080598 0
 0.827803 0.169806 0.00239088 0 0
 0.941827 0.0461693 0.0120037 0 0
 0.791401 0.0380133 0.147996 0.0225897 0
 0.846168 0.0940531 0.0597789 0 0
 0.134021 0.677848 0.182769 0.00536245 0
 0.80878 0.0450904 0.141981 0.00414843 0
 0.846168 0.0940531 0.0597789 0 0
 0.905697 0.0802665 0.012482 0.00150086 5.37128e-05
 0.989698 0.0102097 9.19794e-05 0 0
 0.975433 0.0193895 0.00387452 0.00125025 5.28907e-05
 0.303575 0.632131 0.0575291 0.00676475 0
 0.966965 0.00978017 0.0227588 0.000495775 0
 0.843318 0.132988 0.00938335 0.0141283 0.000182051
 0.564624 0.303363 0.111486 0.0197234 0.00080311
 0.826376 0.0876187 0.0782897 0.00655872 0.00115652
 0.89761 0.0855135 0.0140674 0.00269457 0.000114338
 0.34875 0.467042 0.161289 0.0227151 0.000203297
 0.318654 0.224769 0.449479 0.00709798 0
 0.937255 0.0296025 0.0250945 0.00804832 0
ppred_RECLAS
 0.0744866 0.231855 0.513639 0.180018 1.59681e-06
 0.920891 0.00813779 0.0185249 0.0389448 0.013501
 0.184732 0.772649 0.00462979 0.0100014 0.0279877
 0.923559 0.0192212 0.0544044 0.00030936 0.00250579
 0.309213 0.660858 0.00782859 0.0210276 0.00107363
 0.998726 0.000588889 0.000657462 7.3909e-06 2.06361e-05
 0.0204805 0.978574 0.000449593 0.000476329 2.00445e-05
 0.0180736 0.0261456 0.95491 0.000416331 0.000454608
 0.123933 0.0207725 0.0239645 0.830582 0.000748246
 0.536844 0.0779773 0.00971189 0.0106325 0.364834
 0.983657 0.011793 0.000808766 9.55893e-05 0.00364568
 0.940439 0.0588881 0.000493671 3.21283e-05 0.000146616
 0.823828 0.169737 0.00636586 5.06428e-05 1.80965e-05
 0.898628 0.090048 0.0109311 0.00038904 4.15228e-06
 0.907156 0.087914 0.00440445 0.000507378 1.80517e-05
 0.988216 0.0112107 0.000544124 2.58692e-05 3.05226e-06
 0.171093 0.822668 0.00595067 0.000274083 1.44057e-05
 0.989671 0.00265418 0.00761999 5.23054e-05 2.50788e-06
 0.57751 0.419551 0.000785001 0.00213868 1.52152e-05
 0.885647 0.078785 0.0353355 6.27404e-05 0.000170274
 0.812606 0.173453 0.00976003 0.00415403 2.70415e-05
 0.924336 0.0659921 0.00898883 0.00047998 0.00020338
 0.114317 0.841422 0.0388608 0.00502313 0.000377419
 0.925667 0.0121197 0.0592591 0.0025972 0.000356947
 0.753368 0.234063 0.00214171 0.0099374 0.000489849
 0.339906 0.536965 0.117211 0.00101776 0.00490068
 0.912109 0.0378333 0.0411167 0.00851708 0.000424427
 0.859232 0.132402 0.00371319 0.0038295 0.000823636
 0.241476 0.676994 0.0769454 0.0020478 0.00253707
 0.289709 0.21418 0.44526 0.0480245 0.00282622
 0.974224 0.0105901 0.00475208 0.00937496 0.00105887
pobs_PELACES
 0 0 0 0 0
 0 0 0 0 0
 0 0 0 0 0
 0 0 0 0 0
 0 0 0 0 0
 0 0 0 0 0
 0 0 0 0 0
 0 0 0 0 0
 0 0 0 0 0
 0 0 0 0 0
 0 0 0 0 0
 0 0 0 0 0
 0 0 0 0 0
 0 0 0 0 0
 0 0 0 0 0
 0 0 0 0 0
 0.505614 0.472636 0.0217494 0 0
 0 0 0 0 0
 0.443492 0.261883 0.143347 0.151278 0
 0.227955 0.32914 0.350689 0.0885471 0.00366901
 0.970185 0.0296113 0.000203453 0 0
 0.997202 0.00247181 0.000326279 0 0
 0.445219 0.490057 0.0546422 0.010081 0
 0.90214 0.0892962 0.00764917 0.000914606 0
 0 0 0 0 0
 0.581667 0.319106 0.0959925 0.00289975 0.000334073
 0.762889 0.0836404 0.116647 0.0363945 0.000428098
 0.88444 0.0763242 0.0277011 0.0115352 0
 0.521256 0.241999 0.230069 0.00667565 0
 0.616807 0.101726 0.260614 0.0208532 0
 0.833518 0.0704572 0.0857862 0.0102388 0
ppred_PELACES
 0.0510842 0.213864 0.539949 0.195102 1.74151e-06
 0.887785 0.0100381 0.0260419 0.056444 0.0196907
 0.149449 0.798739 0.00545453 0.0121481 0.0342091
 0.905505 0.0214821 0.0692953 0.000406242 0.00331125
 0.292086 0.672406 0.00907779 0.0251384 0.0012916
 0.998078 0.000825338 0.00105013 1.21708e-05 3.41961e-05
 0.014872 0.984026 0.000515235 0.000562788 2.38319e-05
 0.0112499 0.0231761 0.964664 0.000433615 0.000476462
 0.0816999 0.0186124 0.0244712 0.874424 0.000792703
 0.499947 0.0731703 0.0103859 0.0117226 0.404774
 0.977757 0.0153061 0.00119629 0.000145772 0.00559462
 0.930415 0.0686823 0.000656187 4.4028e-05 0.000202185
 0.79958 0.192117 0.00821142 6.73489e-05 2.42177e-05
 0.892937 0.0936297 0.0129532 0.000475289 5.10477e-06
 0.902499 0.0916256 0.00523147 0.000621319 2.22447e-05
 0.985464 0.013735 0.000759745 3.72395e-05 4.4215e-06
 0.149125 0.843573 0.00695403 0.000330221 1.74656e-05
 0.9852 0.00344484 0.0112711 7.97644e-05 3.84854e-06
 0.531668 0.464539 0.00099056 0.00278232 1.9919e-05
 0.858615 0.0933462 0.047713 8.73423e-05 0.000238536
 0.777216 0.203931 0.0130775 0.00573844 3.75908e-05
 0.906305 0.0802578 0.0124587 0.000685871 0.000292451
 0.0921657 0.856303 0.0450712 0.00600637 0.000454138
 0.895082 0.0152966 0.0852376 0.00385152 0.000532669
 0.698079 0.284085 0.00296243 0.0141714 0.000702955
 0.279729 0.570835 0.142005 0.00127126 0.00615987
 0.882383 0.0467413 0.0578918 0.0123635 0.000619984
 0.817195 0.17032 0.00544367 0.00578813 0.00125273
 0.187666 0.71413 0.0925014 0.00253807 0.00316428
 0.237659 0.208958 0.495071 0.0550513 0.00326015
 0.965933 0.0127602 0.00652546 0.0132724 0.00150851
pobs_pel_tallas
 0 0 0 0 0 0 0 0 0 0 0 0 0 0 0 0 0 0 0 0 0 0 0 0 0 0
 0 0 0 0 0 0 0 0 0 0 0 0 0 0 0 0 0 0 0 0 0 0 0 0 0 0
 0 0 0 0 0 0 0 0 0 0 0 0 0 0 0 0 0 0 0 0 0 0 0 0 0 0
 0 0 0 0 0 0 0 0 0 0 0 0 0 0 0 0 0 0 0 0 0 0 0 0 0 0
 0 0 0 0 0 0 0 0 0 0 0 0 0 0 0 0 0 0 0 0 0 0 0 0 0 0
 0 0 0 0 0 0 0 0 0 0 0 0 0 0 0 0 0 0 0 0 0 0 0 0 0 0
 0 0 0 0 0 0 0 0 0 0 0 0 0 0 0 0 0 0 0 0 0 0 0 0 0 0
 0 0 0 0 0 0 0 0 0 0 0 0 0 0 0 0 0 0 0 0 0 0 0 0 0 0
 0 0 0 0 0 0 0 0 0 0 0 0 0 0 0 0 0 0 0 0 0 0 0 0 0 0
 0 0 0 0 0 0 0 0 0 0 0 0 0 0 0 0 0 0 0 0 0 0 0 0 0 0
 0 0 0 0 0 0 0 0 0 0 0 0 0 0 0 0 0 0 0 0 0 0 0 0 0 0
 0 0 0 0 0 0 0 0 0 0 0 0 0 0 0 0 0 0 0 0 0 0 0 0 0 0
 0.00862536 0 0 0.000197151 0.00414017 0.0128641 0.00837892 0.0270097 0.101434 0.158115 0.152841 0.127902 0.109271 0.109419 0.0830992 0.0579132 0.0238553 0.00714673 0.00463305 0.00128148 0.00103504 0.000492878 0.000147863 0.000147863 4.92878e-05 0
 0 0 0 0 0 0 0 0 0 0 0 0 0 0 0 0 0 0 0 0 0 0 0 0 0 0
 0 0 0 0 0 0 0 0.0054083 0.00873648 0.0413646 0.0450493 0.0745869 0.0622846 0.0627006 0.0613931 0.0827291 0.12552 0.122667 0.0946155 0.0697135 0.0546179 0.0294188 0.0215738 0.0213955 0.0102223 0.00600262
 0 0 0 0 0.00359764 0.0251062 0.0480494 0.140153 0.205849 0.193036 0.1447 0.116669 0.0760912 0.0342217 0.00950174 0.001854 0.000860785 0 0 0 0.000165536 0 0.000143464 0 0 0
 0 0 0 0 0 0 0 0.000145254 0.000435761 0.0275982 0.070085 0.0708112 0.156366 0.174668 0.174014 0.160142 0.0824315 0.0480064 0.0283245 0.00493863 0.00203355 0 0 0 0 0
 0 0 0 0 0 0 0 0 0 0 0 0 0 0 0 0 0 0 0 0 0 0 0 0 0 0
 0 0 1.00437e-05 0.000401748 0.00122533 0.00171747 0.00176769 0.0269171 0.070346 0.194647 0.189555 0.159765 0.064822 0.0314167 0.0384472 0.0292271 0.0345202 0.0313363 0.0194345 0.0106764 0.0143323 0.0359363 0.0279516 0.0138201 0.00172751 0
 0 0.0021121 0.0136068 0.0755702 0.200478 0.177729 0.0527432 0.0373336 0.0318909 0.0142505 0.0149659 0.0166563 0.0217959 0.0798694 0.0677717 0.0528807 0.04013 0.0224614 0.0357745 0.0225083 0.00881397 0.00855152 0.00135912 0.000746735 0 0
 0 0 0 0 5.4009e-05 0.00500934 0.000945158 0.0243581 0.138947 0.33067 0.221406 0.137944 0.0707744 0.0437923 0.0131692 0.00525238 0.0047753 0.00276346 9.45158e-05 9.00151e-06 2.25038e-05 9.00151e-06 4.50075e-06 0 0 0
 0.000866109 0.00284123 0.00948549 0.0512746 0.133035 0.25785 0.225252 0.132002 0.0553304 0.0519788 0.0540692 0.017754 0.00435017 0.00159236 0.00146478 0.000404838 0.000125132 0.000115318 0.000107957 0.000100596 0 0 0 0 0 0
 0 0 0 0 0.00144013 0.00171154 0.00461396 0.0210425 0.0478622 0.0707936 0.0888783 0.103762 0.0637923 0.0337046 0.0602308 0.124433 0.169614 0.0934646 0.0462172 0.0250306 0.0313229 0.00938855 0.002487 0.000210481 0 0
 0 0.00764035 0.051015 0.0998891 0.058973 0.0496711 0.0374665 0.0718981 0.12319 0.153886 0.159021 0.0857701 0.0377988 0.023471 0.0147837 0.00900784 0.00315554 0.000888139 0.00291439 0.00214683 0.00393193 0.00274676 0.000635225 9.99891e-05 0 0
 0 0 0 0 0 0 0 0 0 0 0 0 0 0 0 0 0 0 0 0 0 0 0 0 0 0
 0 0 0 0 0 0 0 0 0 0 0 0 0 0 0 0 0 0 0 0 0 0 0 0 0 0
 0 0 0 0 0 0 0 0 0 0 0 0 0 0 0 0 0 0 0 0 0 0 0 0 0 0
 0 0 0 0 0 0 0 0 0 0 0 0 0 0 0 0 0 0 0 0 0 0 0 0 0 0
 0 0 0 0 0 0 0 0 0 0 0 0 0 0 0 0 0 0 0 0 0 0 0 0 0 0
 0 0 0 0 0 0 0 0 0 0 0 0 0 0 0 0 0 0 0 0 0 0 0 0 0 0
 0 0 0 0 0 0 0 0 0 0 0 0 0 0 0 0 0 0 0 0 0 0 0 0 0 0
ppred_pel_tallas
 1.35203e-16 4.20779e-06 4.09012e-05 0.000271804 0.00123559 0.00384451 0.00819192 0.0119608 0.0119823 0.00829721 0.00420054 0.00227499 0.00292267 0.00596687 0.0116687 0.0203609 0.0318611 0.0453994 0.0600948 0.0754624 0.0912929 0.106842 0.12011 0.128112 0.128184 0.119418
 1.09747e-16 7.31257e-05 0.000710808 0.00472357 0.0214727 0.0668094 0.142345 0.207756 0.207757 0.14235 0.0668266 0.0215232 0.00485371 0.00100645 0.000669755 0.00108761 0.00179639 0.00278617 0.00413327 0.00595958 0.00838018 0.011396 0.014787 0.0180877 0.0206874 0.0220217
 1.0737e-16 1.23101e-05 0.000119658 0.000795176 0.0036148 0.0112474 0.0239666 0.0349961 0.0350729 0.0243419 0.012507 0.0072509 0.0099144 0.020001 0.0376949 0.0621016 0.0890052 0.110991 0.120542 0.114259 0.0949988 0.0701128 0.0472367 0.0308259 0.0213998 0.0169924
 1.02607e-16 7.45853e-05 0.000724995 0.00481785 0.0219012 0.0681429 0.145186 0.211903 0.211905 0.145196 0.068179 0.0220069 0.00508788 0.00133073 0.00127247 0.00210911 0.0033177 0.00476701 0.00635598 0.00800373 0.00963058 0.0110908 0.012133 0.0124651 0.011903 0.0104945
 1.03174e-16 2.40589e-05 0.000233861 0.00155409 0.00706472 0.0219813 0.0468359 0.068372 0.0684366 0.0471519 0.0230418 0.0101262 0.00923246 0.0169748 0.0317569 0.052303 0.0749716 0.0935092 0.101573 0.0962737 0.0799601 0.0587486 0.0390009 0.0244439 0.0155685 0.0108606
 1.00038e-16 8.22104e-05 0.000799114 0.00531039 0.0241403 0.0751094 0.160028 0.233566 0.233566 0.160029 0.0751107 0.0241442 0.00532019 0.000820724 0.000123914 7.6446e-05 0.000106072 0.000141327 0.000171 0.000191404 0.000203023 0.000208194 0.000207917 0.000200695 0.000184325 0.000158639
 1.00327e-16 1.22519e-06 1.19094e-05 7.91469e-05 0.000359848 0.00112013 0.00239005 0.00350819 0.0036028 0.00285227 0.00267145 0.00483765 0.011308 0.0244877 0.0463767 0.0763838 0.109366 0.136126 0.147295 0.138561 0.11333 0.080609 0.0498861 0.0268952 0.0126735 0.00526645
 1.27969e-16 9.26648e-07 9.00734e-06 5.98571e-05 0.000272104 0.000846635 0.00180398 0.00263371 0.00263743 0.00182283 0.000914226 0.000486159 0.000668027 0.00157048 0.00364924 0.0078049 0.0153533 0.0278203 0.0464028 0.071072 0.0996425 0.127475 0.148424 0.156982 0.150629 0.13102
 1.88538e-16 6.72951e-06 6.54133e-05 0.000434694 0.00197606 0.00614826 0.0130996 0.0191197 0.0191218 0.0131102 0.00618513 0.00208796 0.000737179 0.000801927 0.0016456 0.00339043 0.00662588 0.0123718 0.0221157 0.0376294 0.0603555 0.0904021 0.125554 0.160951 0.189954 0.20611
 1.69994e-16 4.118e-05 0.000400284 0.00266003 0.0120921 0.0376231 0.0801603 0.116998 0.117005 0.0801952 0.0377407 0.0124331 0.00352179 0.00230286 0.0037241 0.0062964 0.00961376 0.0134213 0.0177357 0.0231824 0.031017 0.0426028 0.0585291 0.0778526 0.0979182 0.114934
 1.01e-16 8.05366e-05 0.000782844 0.00520227 0.0236488 0.0735802 0.15677 0.228811 0.228813 0.156778 0.0736043 0.0237187 0.00537767 0.00116576 0.00080788 0.00120872 0.00173561 0.0021894 0.00243086 0.00240578 0.00217848 0.00189339 0.00168966 0.00163156 0.0016949 0.00180091
 1.00076e-16 7.66371e-05 0.00074494 0.00495039 0.0225037 0.0700175 0.14918 0.217734 0.217741 0.149212 0.0701258 0.0228164 0.00573436 0.00245395 0.00331527 0.00534089 0.00764259 0.00951856 0.0103115 0.00972077 0.00798304 0.00572434 0.00360275 0.0020142 0.00102813 0.000507406
 1.00298e-16 6.58604e-05 0.000640187 0.00425427 0.0193393 0.0601718 0.128203 0.18712 0.187138 0.128293 0.0604749 0.0202144 0.00644941 0.00542699 0.00914147 0.0149679 0.0214596 0.0267833 0.0291175 0.027621 0.0229392 0.0167904 0.0109732 0.00656003 0.00373209 0.00212236
 1.00447e-16 7.355e-05 0.000714933 0.00475098 0.0215973 0.0671972 0.143171 0.208964 0.208973 0.143215 0.0673452 0.0220248 0.00582403 0.00305708 0.00452068 0.00735423 0.0105793 0.013286 0.014598 0.0141069 0.0121068 0.00939019 0.00677341 0.00472432 0.00330442 0.00234749
 1.00241e-16 7.43377e-05 0.000722589 0.00480186 0.0218286 0.0679168 0.144704 0.211202 0.211211 0.144747 0.0680614 0.0222461 0.00584931 0.00300706 0.00440669 0.00715099 0.0102551 0.0128135 0.0139579 0.0132883 0.0111106 0.00823748 0.00551677 0.00344885 0.00211223 0.00132972
 1.00031e-16 8.11713e-05 0.000789014 0.00524328 0.0238352 0.0741601 0.158006 0.230615 0.230616 0.158012 0.0741818 0.0238978 0.00540028 0.00113142 0.000730499 0.00107662 0.00153693 0.00191959 0.0020901 0.00198815 0.00165955 0.00122626 0.000815671 0.000503233 0.000301199 0.000183368
 1.00453e-16 1.22834e-05 0.000119399 0.000793453 0.00360697 0.0112231 0.0239149 0.0349216 0.0350027 0.0243112 0.0125532 0.00744637 0.0104218 0.0211083 0.0397856 0.0655223 0.0938415 0.116861 0.126558 0.119236 0.0977984 0.0699355 0.0437376 0.0240831 0.0118451 0.00536084
 1.00335e-16 8.11497e-05 0.000788804 0.00524188 0.0238288 0.0741403 0.157964 0.230553 0.230553 0.157965 0.0741461 0.0238458 0.00528521 0.000886015 0.000273417 0.000343413 0.000532755 0.000764855 0.0010187 0.00127995 0.00153416 0.00175619 0.00190467 0.00193337 0.00181563 0.00156398
 1.0043e-16 4.37929e-05 0.000425683 0.00282881 0.0128594 0.0400106 0.0852485 0.124432 0.124477 0.0854667 0.040743 0.0149734 0.00813021 0.0119817 0.0219407 0.0360721 0.0516518 0.064308 0.0696209 0.0655606 0.0537366 0.0383983 0.0240129 0.0132692 0.00663574 0.00317254
 1.0145e-16 7.0723e-05 0.000687453 0.00456837 0.0207671 0.0646143 0.137668 0.200932 0.200941 0.137712 0.064763 0.0211973 0.00565054 0.00305797 0.00459638 0.0075479 0.011007 0.014131 0.0160975 0.0165013 0.0155539 0.0138707 0.0120369 0.0103169 0.0086818 0.00702836
 1.01012e-16 6.40183e-05 0.000622281 0.00413527 0.0187984 0.0584888 0.124617 0.181887 0.181906 0.124713 0.0588108 0.019728 0.00646749 0.00570951 0.00971378 0.0159266 0.0228644 0.028601 0.0312204 0.0298418 0.0251497 0.0189462 0.0130974 0.00868488 0.00584671 0.0041591
 1.00499e-16 7.46512e-05 0.000725636 0.00482211 0.0219206 0.0682032 0.145314 0.212092 0.2121 0.145352 0.0683301 0.0222872 0.00574243 0.0027348 0.00389061 0.00631412 0.00908866 0.0114281 0.0125836 0.0122063 0.0105465 0.008277 0.00608799 0.00437016 0.0031687 0.00233891
 1.02199e-16 7.59174e-06 7.37945e-05 0.000490395 0.00222931 0.00693666 0.0147823 0.0215925 0.0216749 0.0151849 0.00828811 0.00613109 0.0102782 0.0214199 0.0404865 0.0667595 0.0957898 0.119657 0.130283 0.123934 0.103477 0.0765281 0.0510343 0.0316928 0.0192445 0.012023
 1.02941e-16 7.37267e-05 0.00071665 0.00476239 0.0216491 0.0673585 0.143514 0.209464 0.209465 0.143522 0.0673854 0.0217284 0.00496769 0.00118532 0.00102374 0.00173163 0.00284924 0.00433424 0.0061697 0.00830396 0.0105972 0.012762 0.0143735 0.0149997 0.0143999 0.0126619
 1.01699e-16 5.74999e-05 0.000558919 0.00371422 0.0168843 0.0525335 0.111929 0.16337 0.163397 0.112063 0.0529815 0.0181777 0.00695827 0.00763195 0.0134649 0.0221029 0.031681 0.0395228 0.0429512 0.040753 0.033929 0.0250681 0.0168548 0.0108488 0.00723192 0.00533538
 1.05414e-16 2.3041e-05 0.000223967 0.00148834 0.00676582 0.0210513 0.044854 0.0654773 0.0655324 0.0451233 0.0219558 0.00937947 0.00805309 0.0145684 0.0273047 0.0452038 0.0653441 0.0826358 0.0918626 0.09055 0.0803566 0.065807 0.0514667 0.0398095 0.0310172 0.0241459
 1.03028e-16 7.26808e-05 0.000706483 0.00469483 0.021342 0.0664029 0.141479 0.206493 0.206498 0.141501 0.0664786 0.0215616 0.00524999 0.00193177 0.00243895 0.00401961 0.00602308 0.00807588 0.00983755 0.0111348 0.0120152 0.0126173 0.0129785 0.0129629 0.0123704 0.0111143
 1.00994e-16 6.73113e-05 0.00065429 0.00434799 0.0197653 0.0614974 0.131027 0.191242 0.191258 0.131107 0.0617661 0.0205412 0.00629403 0.00489797 0.00811354 0.0132722 0.0190323 0.0237666 0.0258702 0.0246117 0.0205804 0.0153113 0.0103965 0.00676196 0.00452216 0.00329526
 1.03642e-16 1.5458e-05 0.000150257 0.000998514 0.00453914 0.0141233 0.0300938 0.0439372 0.044006 0.03043 0.0152521 0.00779926 0.0091807 0.0180081 0.0339185 0.0560164 0.0806098 0.101185 0.111086 0.107202 0.0917999 0.0709588 0.0509504 0.0353763 0.0247101 0.0176531
 1.20413e-16 1.95757e-05 0.000190283 0.0012645 0.00574824 0.017885 0.0381067 0.0556222 0.0556431 0.0382091 0.0182308 0.0067564 0.00383055 0.00590918 0.011224 0.0194191 0.0300544 0.0421313 0.0544933 0.0663848 0.0774635 0.0871622 0.0940881 0.0962528 0.0921383 0.0817726
 1.01778e-16 7.95627e-05 0.000773377 0.00513936 0.0233628 0.0726904 0.154875 0.226044 0.226045 0.154881 0.0727108 0.023422 0.00528861 0.00110144 0.0007095 0.0010658 0.00157375 0.0020814 0.00249924 0.00280309 0.00304726 0.00331946 0.00366574 0.00404457 0.00434248 0.00443448
pSPR Fmed_Fpbrs
0.258843   0.6 0.325
Fs Fmed_Fpbrs
0.970301   0.308837 0.771946
SSBpbr Bo_Bmed_Bpbrs
1.45619e+06  304115  800905 400453
Ro
47021
SPR SPRFo_SPRFmed_SPRFpbrs
336103 86997.8 109233
Fref
0.308837
Nvult_r0
 88985.2 1010.42 424.427 825.957 93.0342
CTP_r0
 41806.7 588.291 247.112 480.892 54.1667
YTP_r0
390892
Np
 88524.4 15907.6 101.518 42.6426 90.5609
Nvult_p0
 61764.5 11610.4 74.0943 31.1234 66.0973
CTP_p0
 10138.1 2739.63 17.4835 7.34395 15.5965
YTP_p0
 121557
CBA_c0
310092
log_Ro
10.5784
likeval ReclasPelacesDesembMPH_pf_preclas_ppelaces_ptallas_desvR_qrecl_qpela
 17.0543 20.1154 0.352722 0.000955911 351.746 122.225 124.466 0 114.825 0.000139038 0.000301396 0.0637819 7.68381e-16 0 0
q_reclas_q_pelaces
5.31692 11.8214
M
1
N
 6454.34 16801.4 34842.3 12045.7 0.106557
 210034 1674.08 3567.34 7397.85 2557.61
 11067.9 41836.7 234.669 500.063 1395.54
 97900.1 2189.3 5800.68 32.5369 262.826
 4228.95 10581.9 117.344 310.909 15.8311
 731850 338.719 353.994 3.92546 10.9303
 6195.34 236850 101.864 106.457 4.46761
 1690.21 1875.15 64109 27.5717 30.0244
 4300.2 593.229 640.651 21903 19.6779
 6267.26 1179.2 137.481 148.471 5080.59
 33630.1 352.653 22.6394 2.63949 100.393
 116635 7457.79 58.5247 3.75713 17.0987
 70421.7 15061.4 528.769 4.14949 1.47871
 70049.8 8586.76 975.748 34.256 0.36462
 40676.5 4813.92 225.762 25.6543 0.910243
 258444 2812.26 127.773 5.99229 0.705088
 8431.15 41525.7 281.175 12.775 0.669618
 458081 1076.97 2894.32 19.5978 0.937085
 140037 100784 176.521 474.395 3.36578
 233707 20101.9 8439.61 14.7818 40.0075
 178495 36516.4 1923.43 807.536 5.24246
 426087 28760.2 3667.1 193.157 81.622
 10625.6 72005.3 3113.02 396.929 29.7422
 171928 1969.99 9016.64 389.818 53.4285
 140699 38052.9 325.937 1491.81 73.3357
 22588.8 31724.2 6482.34 55.5237 266.625
 126128 4732.38 4814.41 983.748 48.8886
 194650 24871 652.928 664.245 142.473
 22493.1 52012.1 5533.78 145.276 179.494
 8219.55 6123.05 11915.8 1267.76 74.4035
 104893 1111.94 467.07 908.941 102.381
pred_Ctot
 1237.99 4693.99 9734.26 3365.34 0.02977
 63953.5 706.825 1506.19 3123.5 1079.87
 3399.55 17797.3 99.8281 212.727 593.662
 48070.5 1363.89 3613.71 20.2699 163.736
 2349.26 7217.62 80.0367 212.062 10.7979
 56227.3 39.7281 41.5196 0.460414 1.28201
 705.294 40559.3 17.4436 18.2302 0.765053
 49.2718 85.0165 2906.6 1.25006 1.36126
 708.773 144.039 155.554 5318.18 4.7779
 3859.22 863.975 100.729 108.781 3722.44
 8795.5 130.363 8.36899 0.975725 37.1115
 51950.5 4310.8 33.8288 2.17172 9.88351
 32449.6 8938.71 313.815 2.46265 0.87759
 40873.2 6063.07 688.971 24.188 0.257457
 23691.7 3394.84 159.211 18.0918 0.641916
 98277.9 1431.93 65.059 3.05112 0.359013
 3780.34 24127.7 163.372 7.4227 0.389069
 121312 402.54 1081.81 7.32509 0.350256
 58147.5 55109.5 96.5232 259.403 1.84043
 90963.1 10432.1 4379.82 7.67117 20.7623
 67713.7 18556.8 977.442 410.372 2.6641
 154925 14112.1 1799.37 94.7784 40.0503
 3519.48 32671.7 1412.5 180.102 13.4952
 45104.1 730.222 3342.23 144.495 19.8045
 35814.7 13733 117.628 538.385 26.4663
 6432.18 12637.6 2582.29 22.1183 106.212
 38890.8 2019.87 2054.88 419.882 20.8666
 34556.5 6470.01 169.855 172.799 37.0634
 3788.83 12886.8 1371.08 35.9945 44.4726
 3554.54 3458.06 6729.56 715.985 42.0202
 41806.7 588.291 247.112 480.892 54.1667
F
 0.349492 0.549642 0.549642 0.549642 0.549642
 0.613497 0.96484 0.96484 0.96484 0.96484
 0.620465 0.9758 0.9758 0.9758 0.9758
 1.2248 1.92623 1.92623 1.92623 1.92623
 1.52454 2.39763 2.39763 2.39763 2.39763
 0.128147 0.201535 0.201535 0.201535 0.201535
 0.195108 0.306844 0.306844 0.306844 0.306844
 0.0470281 0.0739606 0.0739606 0.0739606 0.0739606
 0.293825 0.462096 0.462096 0.462096 0.462096
 1.87761 2.9529 2.9529 2.9529 2.9529
 0.506163 0.796037 0.796037 0.796037 0.796037
 1.04691 1.64646 1.64646 1.64646 1.64646
 1.10428 1.73669 1.73669 1.73669 1.73669
 1.6777 2.63849 2.63849 2.63849 2.63849
 1.67166 2.62901 2.62901 2.62901 2.62901
 0.828367 1.30276 1.30276 1.30276 1.30276
 1.05778 1.66356 1.66356 1.66356 1.66356
 0.514065 0.808464 0.808464 0.808464 0.808464
 0.941091 1.48004 1.48004 1.48004 1.48004
 0.856306 1.3467 1.3467 1.3467 1.3467
 0.825566 1.29836 1.29836 1.29836 1.29836
 0.777903 1.2234 1.2234 1.2234 1.2234
 0.685239 1.07767 1.07767 1.07767 1.07767
 0.508097 0.799079 0.799079 0.799079 0.799079
 0.48954 0.769895 0.769895 0.769895 0.769895
 0.563027 0.885467 0.885467 0.885467 0.885467
 0.623593 0.980718 0.980718 0.980718 0.980718
 0.319727 0.502831 0.502831 0.502831 0.502831
 0.30115 0.473615 0.473615 0.473615 0.473615
 1.00041 1.57334 1.57334 1.57334 1.57334
 0.886142 1.39363 1.39363 1.39363 1.39363
YTP_r0W_actual
 355357 9589.14 7141.53 16735 2069.17
YTP_p0W_proyectada
 76238.7 44162.8 408.764 216.647 530.281
CTP_r0_actual
 41806.7 588.291 247.112 480.892 54.1667
CTP_p0_proyectada
 10138.1 2739.63 17.4835 7.34395 15.5965
Wmedp
 7.52 16.12 23.38 29.5 34
Frms_r0
 0.886142 1.39363 1.39363 1.39363 1.39363
Zrms_r0
 1.88614 2.39363 2.39363 2.39363 2.39363
nmprior
 8.19 8.8 8.5 0
nm_flota  nm_reclas  nm_pelaces    nm_pelaL
inf 22.6218 3.66483 5.41091
cv_recla  cv_pelaces  cv_mph
0.373544 0.508553 0.954144
 ------------------------------------------------
Talla a la edad & desviaci?n 
 8 13.2811 15.8009 17.003 17.5766
 0.8 1.32811 1.58009 1.7003 1.75766
