years
 1991 1992 1993 1994 1995 1996 1997 1998 1999 2000 2001 2002 2003 2004 2005 2006 2007 2008 2009 2010 2011 2012 2013 2014 2015 2016 2017 2018 2019 2020 2021
reclasobs
 0 0 0 0 0 0 0 0 0 252601 567819 844713 477998 351125 339783 2.1784e+06 2.13404e+06 4.81314e+06 1.55562e+06 2.62356e+06 3.21686e+06 3.843e+06 1.13348e+06 3.07943e+06 1.97215e+06 2.03268e+06 2.025e+06 2.42433e+06 2.27542e+06 1.05018e+06 2.36338e+06
reclaspred
 3.18239e+06 1.72854e+06 875493 894552 905713 1.63583e+06 894049 757934 531511 351569 501180 695081 683525 497482 481726 1.37875e+06 1.18979e+06 3.19823e+06 2.51854e+06 1.80807e+06 3.12916e+06 2.56212e+06 1.91147e+06 3.07009e+06 2.2613e+06 1.98153e+06 2.41671e+06 2.6426e+06 2.06682e+06 1.22659e+06 1.84975e+06
pelacesobs
 0 0 0 0 0 0 0 0 0 0 0 0 0 0 0 552880 188675 0 991730 2.46772e+06 1.41603e+06 1.21717e+06 2.29649e+06 1.80582e+06 0 1.4828e+06 1.56532e+06 1.57751e+06 1.42118e+06 867257 1.10002e+06
pelacespred
 1.8109e+06 1.06932e+06 523354 430084 483489 892894 431617 489974 309544 185007 287168 330508 361768 263249 263150 637140 583084 1.78247e+06 1.4454e+06 944002 1.64077e+06 1.39829e+06 1.09676e+06 1.90618e+06 1.36691e+06 1.20648e+06 1.64552e+06 1.77306e+06 1.19392e+06 781837 1.13386e+06
mphobs
 0 0 0 0 0 0 0 0 0 0 0 498337 0 5186 125008 0 168611 109162 213762 579715 649985 157893 87575 83554 0 0 0 0 0 0 0
mphpred
 489295 328081 156074 86838.2 93797.4 114030 162130 83695.7 75044.6 45576.2 27421.1 61035.3 65920.4 53444.7 31510.4 39952.9 153935 131672 320699 220723 229993 283219 271305 212259 312365 255265 206418 225994 328745 209887 116995
desembarqueobs
 494567 514787 250237 358949 120608 361735 552515 73892 212993 205616 52469 317467 293654 387597 252695 516296 358380 742168 942051 627588 828172 859565 418607 520667 417249 300574 415391 372974 316634 284311 391294
desembarquepred
 494568 513928 250614 358985 120613 361737 552516 73897.4 213053 205670 52471.7 317520 293677 387545 252659 516206 358405 741990 941698 627327 828246 859511 418600 520686 417227 300566 415376 372934 316608 284309 391292
Reclutas
 165798 91486.7 91861 134188 108749 208284 79061.6 32596.2 32718.4 44394 82638.6 123519 103200 72201.9 64688.2 350410 67092.5 573316 316376 251975 344342 478922 90644.6 271318 230133 100310 228615 258728 74121.4 54090.2 211820
log_desv_Rt
 0.238527 -0.356052 -0.351968 0.0269946 -0.183204 0.466657 -0.502017 -1.38805 -1.38431 -1.07914 -0.457768 -0.0558497 -0.235577 -0.592778 -0.702667 0.98686 -0.666172 1.47919 0.884685 0.657086 0.96939 1.29929 -0.365299 0.731046 0.566411 -0.263978 0.559796 0.683531 -0.56654 -0.881591 0.48349
SSB
 1.82208e+06 1.22174e+06 581202 323375 349291 424634 603754 311673 279457 169721 102113 227288 245480 199022 117341 148780 573236 490331 1.19425e+06 821946 856467 1.05467e+06 1.01031e+06 790427 1.16321e+06 950577 768677 841576 1.22421e+06 781593 435677
BT
 2.61568e+06 1.79889e+06 875782 835852 695770 1.44509e+06 1.01813e+06 677904 597313 429005 412699 682359 723524 737449 591954 1.24567e+06 997181 2.96532e+06 2.70632e+06 1.73247e+06 2.76369e+06 2.54571e+06 1.71068e+06 2.92501e+06 2.07291e+06 1.75933e+06 2.52216e+06 2.63041e+06 1.71011e+06 1.23334e+06 1.83452e+06
Ftot
 0.229289 0.423861 0.417088 0.637978 0.213196 0.374122 0.870761 0.153587 0.618829 0.890237 0.189401 0.737375 0.688442 1.20915 0.895523 0.685604 0.452827 0.417194 0.583607 0.550235 0.434403 0.544308 0.327691 0.291559 0.289031 0.233703 0.291617 0.244169 0.222343 0.340804 0.372413
BD_Bspro_t
 0.964137 0.759545 0.542731 0.441659 0.433388 0.532339 0.541423 0.340628 0.394014 0.326634 0.28092 0.550185 0.430374 0.335868 0.222303 0.268266 0.46554 0.415505 0.564483 0.442803 0.407216 0.455267 0.473118 0.451304 0.57932 0.588164 0.592577 0.641372 0.70394 0.610151 0.511955
BD_Bspro
 1.95445 1.31049 0.623426 0.346868 0.374666 0.455484 0.647616 0.334316 0.29976 0.182051 0.109531 0.2438 0.263314 0.213481 0.125866 0.159589 0.614881 0.525953 1.28101 0.88166 0.918688 1.1313 1.0837 0.847851 1.24772 1.01964 0.824521 0.902716 1.31314 0.838375 0.467328
BD_Bo
 1.2758 0.855446 0.406952 0.226424 0.24457 0.297324 0.422742 0.21823 0.195673 0.118837 0.0714985 0.159145 0.171882 0.139353 0.082161 0.104174 0.401374 0.343325 0.836199 0.575518 0.599689 0.738472 0.707406 0.553449 0.814468 0.665584 0.53822 0.589263 0.857177 0.547263 0.305056
BD_Brms
 6.73692 4.51722 2.14893 1.19564 1.29146 1.57003 2.23231 1.15237 1.03326 0.627521 0.377551 0.840371 0.907632 0.73586 0.433855 0.550096 2.11947 1.81294 4.41558 3.03905 3.16668 3.89953 3.73549 2.92251 4.30083 3.51464 2.84209 3.11163 4.52636 2.88985 1.61086
Sel_flota
 0.683673 0.976227 0.99872 0.999933 0.999996
 0.683673 0.976227 0.99872 0.999933 0.999996
 0.683673 0.976227 0.99872 0.999933 0.999996
 0.683673 0.976227 0.99872 0.999933 0.999996
 0.683673 0.976227 0.99872 0.999933 0.999996
 0.683673 0.976227 0.99872 0.999933 0.999996
 0.683673 0.976227 0.99872 0.999933 0.999996
 0.683673 0.976227 0.99872 0.999933 0.999996
 0.683673 0.976227 0.99872 0.999933 0.999996
 0.683673 0.976227 0.99872 0.999933 0.999996
 0.683673 0.976227 0.99872 0.999933 0.999996
 0.683673 0.976227 0.99872 0.999933 0.999996
 0.683673 0.976227 0.99872 0.999933 0.999996
 0.683673 0.976227 0.99872 0.999933 0.999996
 0.683673 0.976227 0.99872 0.999933 0.999996
 0.683673 0.976227 0.99872 0.999933 0.999996
 0.683673 0.976227 0.99872 0.999933 0.999996
 0.683673 0.976227 0.99872 0.999933 0.999996
 0.683673 0.976227 0.99872 0.999933 0.999996
 0.683673 0.976227 0.99872 0.999933 0.999996
 0.683673 0.976227 0.99872 0.999933 0.999996
 0.683673 0.976227 0.99872 0.999933 0.999996
 0.683673 0.976227 0.99872 0.999933 0.999996
 0.683673 0.976227 0.99872 0.999933 0.999996
 0.683673 0.976227 0.99872 0.999933 0.999996
 0.683673 0.976227 0.99872 0.999933 0.999996
 0.683673 0.976227 0.99872 0.999933 0.999996
 0.683673 0.976227 0.99872 0.999933 0.999996
 0.683673 0.976227 0.99872 0.999933 0.999996
 0.683673 0.976227 0.99872 0.999933 0.999996
 0.683673 0.976227 0.99872 0.999933 0.999996
Sel_reclas
 1 1 1 1 1
 1 1 1 1 1
 1 1 1 1 1
 1 1 1 1 1
 1 1 1 1 1
 1 1 1 1 1
 1 1 1 1 1
 1 1 1 1 1
 1 1 1 1 1
 1 1 1 1 1
 1 1 1 1 1
 1 1 1 1 1
 1 1 1 1 1
 1 1 1 1 1
 1 1 1 1 1
 1 1 1 1 1
 1 1 1 1 1
 1 1 1 1 1
 1 1 1 1 1
 1 1 1 1 1
 1 1 1 1 1
 1 1 1 1 1
 1 1 1 1 1
 1 1 1 1 1
 1 1 1 1 1
 1 1 1 1 1
 1 1 1 1 1
 1 1 1 1 1
 1 1 1 1 1
 1 1 1 1 1
 1 1 1 1 1
Sel_pelaces
 0.906478 1 1 1 1
 0.906478 1 1 1 1
 0.906478 1 1 1 1
 0.906478 1 1 1 1
 0.906478 1 1 1 1
 0.906478 1 1 1 1
 0.906478 1 1 1 1
 0.906478 1 1 1 1
 0.906478 1 1 1 1
 0.906478 1 1 1 1
 0.906478 1 1 1 1
 0.906478 1 1 1 1
 0.906478 1 1 1 1
 0.906478 1 1 1 1
 0.906478 1 1 1 1
 0.906478 1 1 1 1
 0.906478 1 1 1 1
 0.906478 1 1 1 1
 0.906478 1 1 1 1
 0.906478 1 1 1 1
 0.906478 1 1 1 1
 0.906478 1 1 1 1
 0.906478 1 1 1 1
 0.906478 1 1 1 1
 0.906478 1 1 1 1
 0.906478 1 1 1 1
 0.906478 1 1 1 1
 0.906478 1 1 1 1
 0.906478 1 1 1 1
 0.906478 1 1 1 1
 0.906478 1 1 1 1
pf_obs 
 0.8446 0.082 0.0669 0.0065 0
 0.8095 0.147 0.0364 0.0071 0
 0.9664 0.0169 0.016 0.0007 0
 0.9276 0.0648 0.0075 0.0001 0
 0.7033 0.2144 0.0806 0.0017 0
 0.9318 0.0425 0.0243 0.0014 0
 0.5671 0.3108 0.0964 0.0239 0.0018
 0.0768 0.2599 0.5324 0.112 0.0189
 0.490249 0.384438 0.106611 0.0170017 0.00170017
 0.7925 0.1577 0.0466 0.003 0.0002
 0.840416 0.127587 0.0312969 0.00059994 9.999e-05
 0.8084 0.0986 0.0794 0.0134 0.0002
 0.7335 0.1905 0.0724 0.0035 0.0001
 0.4001 0.4547 0.1325 0.0127 0
 0.49795 0.308269 0.164784 0.0264974 0.00249975
 0.9179 0.0499 0.0305 0.0017 0
 0.2467 0.6533 0.0926 0.0074 0
 0.9418 0.0223 0.034 0.0019 0
 0.707729 0.231977 0.0356964 0.0245975 0
 0.517169 0.277429 0.184464 0.0207286 0.00020938
 0.811772 0.124168 0.05621 0.00726502 0.000585176
 0.764997 0.148141 0.077277 0.00933861 0.000247198
 0.163321 0.427699 0.378323 0.0303852 0.000271297
 0.753843 0.0900009 0.118128 0.0371064 0.000921714
 0.721811 0.176058 0.0630433 0.0369309 0.00215725
 0.143369 0.312575 0.442814 0.0836902 0.0175525
 0.692698 0.0596174 0.167031 0.0765114 0.00414204
 0.394062 0.376323 0.152708 0.0712218 0.00568511
 0.125707 0.32114 0.495352 0.0537591 0.00404204
 0.23352 0.215282 0.420074 0.123614 0.00750983
 0.796117 0.104755 0.0508955 0.0450114 0.00322123
pf_pred 
 0.493662 0.144597 0.337764 0.0239758 8.91312e-07
 0.432677 0.335488 0.0673922 0.153557 0.010886
 0.590477 0.220426 0.11313 0.0221062 0.0538614
 0.731982 0.184462 0.0455599 0.022746 0.0152508
 0.665356 0.27188 0.0436175 0.0104472 0.00869831
 0.766117 0.173961 0.0489105 0.0076559 0.00335596
 0.459964 0.449331 0.0679351 0.0185902 0.00417932
 0.458806 0.31647 0.188059 0.027474 0.00919129
 0.556605 0.24489 0.117238 0.0680225 0.013245
 0.742924 0.171451 0.0479542 0.0222634 0.0154071
 0.846575 0.127095 0.0177664 0.00480001 0.00376352
 0.757321 0.215838 0.0223288 0.00304598 0.00146622
 0.703156 0.247655 0.0439046 0.00439702 0.000886982
 0.655951 0.272433 0.0600625 0.010314 0.00123918
 0.768182 0.17924 0.0419808 0.00889104 0.00170652
 0.945563 0.0461152 0.00648509 0.00146677 0.000369571
 0.371815 0.606318 0.0186143 0.00253641 0.000716993
 0.916767 0.0394245 0.0423247 0.00126346 0.000220492
 0.584664 0.392112 0.0111609 0.0116559 0.000408062
 0.62288 0.259191 0.111524 0.00308043 0.00332431
 0.741577 0.186223 0.0500787 0.0209215 0.00119957
 0.755125 0.199379 0.0330427 0.00864193 0.00381168
 0.30996 0.570827 0.0975962 0.0157066 0.00591029
 0.747257 0.101312 0.125837 0.0209588 0.00463564
 0.62443 0.306311 0.0281946 0.0341322 0.00693269
 0.424886 0.408824 0.136279 0.0122268 0.0177836
 0.732641 0.139111 0.0918241 0.0298576 0.006566
 0.684958 0.253089 0.0326376 0.0209978 0.00831761
 0.334959 0.506292 0.128169 0.0161206 0.0144601
 0.416578 0.24761 0.257166 0.0635124 0.0151333
 0.835981 0.0850997 0.0340108 0.0344029 0.010506
pobs_RECLAS
 0 0 0 0 0
 0 0 0 0 0
 0 0 0 0 0
 0 0 0 0 0
 0 0 0 0 0
 0 0 0 0 0
 0 0 0 0 0
 0 0 0 0 0
 0 0 0 0 0
 0 0 0 0 0
 0.991045 0.00858322 0.000360255 1.14367e-05 0
 0.934742 0.0480273 0.0164251 0.00080598 0
 0.827803 0.169806 0.00239088 0 0
 0.941827 0.0461693 0.0120037 0 0
 0.791401 0.0380133 0.147996 0.0225897 0
 0.846168 0.0940531 0.0597789 0 0
 0.134021 0.677848 0.182769 0.00536245 0
 0.80878 0.0450904 0.141981 0.00414843 0
 0.846168 0.0940531 0.0597789 0 0
 0.905697 0.0802665 0.012482 0.00150086 5.37128e-05
 0.989698 0.0102097 9.19794e-05 0 0
 0.975433 0.0193895 0.00387452 0.00125025 5.28907e-05
 0.303575 0.632131 0.0575291 0.00676475 0
 0.966965 0.00978017 0.0227588 0.000495775 0
 0.843318 0.132988 0.00938335 0.0141283 0.000182051
 0.564624 0.303363 0.111486 0.0197234 0.00080311
 0.826376 0.0876187 0.0782897 0.00655872 0.00115652
 0.89761 0.0855135 0.0140674 0.00269457 0.000114338
 0.34875 0.467042 0.161289 0.0227151 0.000203297
 0.318654 0.224769 0.449479 0.00709798 0
 0.937255 0.0296025 0.0250945 0.00804832 0
ppred_RECLAS
 0.587589 0.11975 0.273285 0.0193747 7.20218e-07
 0.527195 0.282418 0.0553936 0.126057 0.00893587
 0.678443 0.175024 0.0877113 0.0171176 0.0417038
 0.800852 0.138136 0.0332874 0.0165971 0.0111273
 0.741512 0.210932 0.0330619 0.00790911 0.00658468
 0.826415 0.129899 0.0356663 0.00557575 0.00244396
 0.558461 0.368968 0.054372 0.0148584 0.00334011
 0.551025 0.265079 0.153923 0.0224594 0.00751318
 0.649486 0.195765 0.091445 0.0529877 0.0103168
 0.811853 0.126578 0.0345033 0.0159967 0.0110695
 0.888295 0.0929067 0.0126896 0.00342415 0.00268458
 0.821247 0.159422 0.0160844 0.00219122 0.0010547
 0.776959 0.186847 0.0323113 0.00323167 0.000651858
 0.743194 0.20451 0.0438694 0.00752229 0.000903697
 0.831513 0.131037 0.0299101 0.0063259 0.00121408
 0.962311 0.0320494 0.00439647 0.000993059 0.000250196
 0.461908 0.519793 0.01558 0.00212024 0.000599311
 0.941653 0.0279847 0.0293354 0.000874598 0.00015262
 0.672592 0.309529 0.00859764 0.00896722 0.000313913
 0.707743 0.20239 0.084992 0.00234455 0.00253
 0.807074 0.139964 0.0367497 0.0153335 0.000879107
 0.818394 0.148537 0.0240261 0.0062756 0.00276777
 0.394098 0.50327 0.0840415 0.0135082 0.00508271
 0.811988 0.0764363 0.0927376 0.0154266 0.00341182
 0.706314 0.240588 0.0216317 0.0261545 0.00531195
 0.51671 0.345877 0.11264 0.0100934 0.0146796
 0.799672 0.105424 0.0679744 0.022075 0.0048542
 0.758508 0.194909 0.0245552 0.0157782 0.00624963
 0.421215 0.443084 0.109587 0.0137664 0.0123476
 0.51086 0.210458 0.21348 0.0526569 0.0125459
 0.881642 0.0621301 0.0242491 0.0244977 0.00748065
pobs_PELACES
 0 0 0 0 0
 0 0 0 0 0
 0 0 0 0 0
 0 0 0 0 0
 0 0 0 0 0
 0 0 0 0 0
 0 0 0 0 0
 0 0 0 0 0
 0 0 0 0 0
 0 0 0 0 0
 0 0 0 0 0
 0 0 0 0 0
 0 0 0 0 0
 0 0 0 0 0
 0 0 0 0 0
 0 0 0 0 0
 0.505614 0.472636 0.0217494 0 0
 0 0 0 0 0
 0.443492 0.261883 0.143347 0.151278 0
 0.227955 0.32914 0.350689 0.0885471 0.00366901
 0.970185 0.0296113 0.000203453 0 0
 0.997202 0.00247181 0.000326279 0 0
 0.445219 0.490057 0.0546422 0.010081 0
 0.90214 0.0892962 0.00764917 0.000914606 0
 0 0 0 0 0
 0.581667 0.319106 0.0959925 0.00289975 0.000334073
 0.762889 0.0836404 0.116647 0.0363945 0.000428098
 0.88444 0.0763242 0.0277011 0.0115352 0
 0.521256 0.241999 0.230069 0.00667565 0
 0.616807 0.101726 0.260614 0.0208532 0
 0.833518 0.0704572 0.0857862 0.0102388 0
ppred_PELACES
 0.569342 0.1252 0.285236 0.0202202 7.51643e-07
 0.513231 0.291142 0.0569253 0.129521 0.00918132
 0.665999 0.18206 0.090955 0.0177476 0.0432384
 0.795193 0.142273 0.0341222 0.017009 0.0114033
 0.72642 0.223314 0.0349473 0.00835942 0.00695956
 0.817435 0.136715 0.0374337 0.00585118 0.00256467
 0.555241 0.372058 0.0544741 0.0148811 0.00334516
 0.530443 0.277362 0.160872 0.0234718 0.00785184
 0.641161 0.20083 0.093381 0.0540962 0.0105325
 0.810316 0.127894 0.0346326 0.0160509 0.0111068
 0.880143 0.0997112 0.0135998 0.0036695 0.00287692
 0.817338 0.163006 0.0163562 0.00222759 0.00107219
 0.77156 0.191529 0.0329522 0.00329487 0.000664595
 0.747065 0.201798 0.0429008 0.00735264 0.000883294
 0.830073 0.132353 0.0300105 0.00634487 0.0012177
 0.961162 0.033052 0.00451099 0.00101865 0.000256639
 0.448429 0.532874 0.0159185 0.00216592 0.000612215
 0.938481 0.0295534 0.0308839 0.000920612 0.000160648
 0.663365 0.318329 0.00880384 0.00918015 0.000321363
 0.6986 0.208985 0.0874036 0.00241054 0.00260118
 0.798308 0.146455 0.0383301 0.0159901 0.000916745
 0.811626 0.154187 0.0248395 0.00648665 0.00286082
 0.378421 0.516506 0.0860423 0.013828 0.00520299
 0.801267 0.0808995 0.0979404 0.0162902 0.00360279
 0.691612 0.252733 0.022675 0.0274128 0.00556747
 0.497934 0.359493 0.116872 0.0104716 0.0152296
 0.788391 0.111477 0.0717217 0.0232892 0.00512117
 0.744647 0.20617 0.0259269 0.016658 0.00659808
 0.402726 0.457417 0.112945 0.014187 0.0127248
 0.494905 0.21764 0.220207 0.0543088 0.0129394
 0.87514 0.065632 0.0255452 0.0258032 0.00787923
pobs_pel_tallas
 0 0 0 0 0 0 0 0 0 0 0 0 0 0 0 0 0 0 0 0 0 0 0 0 0 0
 0 0 0 0 0 0 0 0 0 0 0 0 0 0 0 0 0 0 0 0 0 0 0 0 0 0
 0 0 0 0 0 0 0 0 0 0 0 0 0 0 0 0 0 0 0 0 0 0 0 0 0 0
 0 0 0 0 0 0 0 0 0 0 0 0 0 0 0 0 0 0 0 0 0 0 0 0 0 0
 0 0 0 0 0 0 0 0 0 0 0 0 0 0 0 0 0 0 0 0 0 0 0 0 0 0
 0 0 0 0 0 0 0 0 0 0 0 0 0 0 0 0 0 0 0 0 0 0 0 0 0 0
 0 0 0 0 0 0 0 0 0 0 0 0 0 0 0 0 0 0 0 0 0 0 0 0 0 0
 0 0 0 0 0 0 0 0 0 0 0 0 0 0 0 0 0 0 0 0 0 0 0 0 0 0
 0 0 0 0 0 0 0 0 0 0 0 0 0 0 0 0 0 0 0 0 0 0 0 0 0 0
 0 0 0 0 0 0 0 0 0 0 0 0 0 0 0 0 0 0 0 0 0 0 0 0 0 0
 0 0 0 0 0 0 0 0 0 0 0 0 0 0 0 0 0 0 0 0 0 0 0 0 0 0
 0 0 0 0 0 0 0 0 0 0 0 0 0 0 0 0 0 0 0 0 0 0 0 0 0 0
 0.00862536 0 0 0.000197151 0.00414017 0.0128641 0.00837892 0.0270097 0.101434 0.158115 0.152841 0.127902 0.109271 0.109419 0.0830992 0.0579132 0.0238553 0.00714673 0.00463305 0.00128148 0.00103504 0.000492878 0.000147863 0.000147863 4.92878e-05 0
 0 0 0 0 0 0 0 0 0 0 0 0 0 0 0 0 0 0 0 0 0 0 0 0 0 0
 0 0 0 0 0 0 0 0.0054083 0.00873648 0.0413646 0.0450493 0.0745869 0.0622846 0.0627006 0.0613931 0.0827291 0.12552 0.122667 0.0946155 0.0697135 0.0546179 0.0294188 0.0215738 0.0213955 0.0102223 0.00600262
 0 0 0 0 0.00359764 0.0251062 0.0480494 0.140153 0.205849 0.193036 0.1447 0.116669 0.0760912 0.0342217 0.00950174 0.001854 0.000860785 0 0 0 0.000165536 0 0.000143464 0 0 0
 0 0 0 0 0 0 0 0.000145254 0.000435761 0.0275982 0.070085 0.0708112 0.156366 0.174668 0.174014 0.160142 0.0824315 0.0480064 0.0283245 0.00493863 0.00203355 0 0 0 0 0
 0 0 0 0 0 0 0 0 0 0 0 0 0 0 0 0 0 0 0 0 0 0 0 0 0 0
 0 0 1.00437e-05 0.000401748 0.00122533 0.00171747 0.00176769 0.0269171 0.070346 0.194647 0.189555 0.159765 0.064822 0.0314167 0.0384472 0.0292271 0.0345202 0.0313363 0.0194345 0.0106764 0.0143323 0.0359363 0.0279516 0.0138201 0.00172751 0
 0 0.0021121 0.0136068 0.0755702 0.200478 0.177729 0.0527432 0.0373336 0.0318909 0.0142505 0.0149659 0.0166563 0.0217959 0.0798694 0.0677717 0.0528807 0.04013 0.0224614 0.0357745 0.0225083 0.00881397 0.00855152 0.00135912 0.000746735 0 0
 0 0 0 0 5.4009e-05 0.00500934 0.000945158 0.0243581 0.138947 0.33067 0.221406 0.137944 0.0707744 0.0437923 0.0131692 0.00525238 0.0047753 0.00276346 9.45158e-05 9.00151e-06 2.25038e-05 9.00151e-06 4.50075e-06 0 0 0
 0.000866109 0.00284123 0.00948549 0.0512746 0.133035 0.25785 0.225252 0.132002 0.0553304 0.0519788 0.0540692 0.017754 0.00435017 0.00159236 0.00146478 0.000404838 0.000125132 0.000115318 0.000107957 0.000100596 0 0 0 0 0 0
 0 0 0 0 0.00144013 0.00171154 0.00461396 0.0210425 0.0478622 0.0707936 0.0888783 0.103762 0.0637923 0.0337046 0.0602308 0.124433 0.169614 0.0934646 0.0462172 0.0250306 0.0313229 0.00938855 0.002487 0.000210481 0 0
 0 0.00764035 0.051015 0.0998891 0.058973 0.0496711 0.0374665 0.0718981 0.12319 0.153886 0.159021 0.0857701 0.0377988 0.023471 0.0147837 0.00900784 0.00315554 0.000888139 0.00291439 0.00214683 0.00393193 0.00274676 0.000635225 9.99891e-05 0 0
 0 0 0 0 0 0 0 0 0 0 0 0 0 0 0 0 0 0 0 0 0 0 0 0 0 0
 0 0 0 0 0 0 0 0 0 0 0 0 0 0 0 0 0 0 0 0 0 0 0 0 0 0
 0 0 0 0 0 0 0 0 0 0 0 0 0 0 0 0 0 0 0 0 0 0 0 0 0 0
 0 0 0 0 0 0 0 0 0 0 0 0 0 0 0 0 0 0 0 0 0 0 0 0 0 0
 0 0 0 0 0 0 0 0 0 0 0 0 0 0 0 0 0 0 0 0 0 0 0 0 0 0
 0 0 0 0 0 0 0 0 0 0 0 0 0 0 0 0 0 0 0 0 0 0 0 0 0 0
 0 0 0 0 0 0 0 0 0 0 0 0 0 0 0 0 0 0 0 0 0 0 0 0 0 0
ppred_pel_tallas
 1.10292e-16 4.6896e-05 0.000455846 0.00302926 0.0137706 0.0428454 0.0912871 0.133239 0.133251 0.0913483 0.0430521 0.0143729 0.00456139 0.00386682 0.00671888 0.0115381 0.0177888 0.0248051 0.0318481 0.0384328 0.0443551 0.0493278 0.0526245 0.0531967 0.0502737 0.0439635
 1.16261e-16 4.22742e-05 0.00041092 0.00273071 0.0124134 0.0386229 0.0822913 0.120112 0.120141 0.0824288 0.0390848 0.0137484 0.00608572 0.00774879 0.0140212 0.0232329 0.033765 0.0431458 0.0489403 0.0501716 0.0479483 0.0446759 0.0424559 0.0419115 0.0421655 0.041705
 1.11769e-16 5.48575e-05 0.000533235 0.00354353 0.0161084 0.0501193 0.106785 0.15586 0.155877 0.106871 0.0504096 0.0169483 0.00565739 0.00516673 0.0089109 0.0147938 0.0216606 0.0279991 0.0323113 0.0339417 0.0334432 0.0321061 0.0310391 0.0305417 0.0301541 0.0291632
 1.04657e-16 6.5499e-05 0.000636674 0.00423092 0.0192332 0.0598416 0.127499 0.186092 0.186106 0.127566 0.0600672 0.0198851 0.00586873 0.00421694 0.00687982 0.0113097 0.0163817 0.0208094 0.0233352 0.0233995 0.0214709 0.0187026 0.0161978 0.0144582 0.0133427 0.0124035
 1.03082e-16 5.98343e-05 0.000581611 0.00386501 0.0175698 0.0546662 0.116473 0.17 0.170022 0.116578 0.0550195 0.0185902 0.00642681 0.00617519 0.0106865 0.0175813 0.0253428 0.0319172 0.0352527 0.0344066 0.0301004 0.0242168 0.0186575 0.0144533 0.0116411 0.00971666
 1.02137e-16 6.73311e-05 0.000654482 0.00434927 0.0197711 0.0615154 0.131066 0.191297 0.19131 0.13113 0.0617322 0.0203977 0.00592332 0.00409522 0.00661531 0.0108648 0.0157258 0.0199446 0.0222854 0.0221698 0.0199988 0.0168412 0.0137535 0.0112744 0.00938954 0.00782829
 1.03726e-16 4.57346e-05 0.000444556 0.00295424 0.0134295 0.0417845 0.0890276 0.129946 0.129982 0.0892029 0.0423729 0.0151292 0.00722071 0.00975894 0.0177373 0.029256 0.0421516 0.0530314 0.0584628 0.0568582 0.0494095 0.0392571 0.0295922 0.0221743 0.0171206 0.0136506
 1.08396e-16 4.36919e-05 0.000424701 0.00282229 0.0128297 0.0399182 0.085051 0.12414 0.124167 0.0851826 0.0403609 0.0141107 0.00604714 0.00749558 0.0135635 0.0225913 0.0330926 0.0427698 0.0492719 0.0514624 0.0499811 0.0465745 0.0427961 0.0391699 0.0353386 0.0307948
 1.09954e-16 5.28116e-05 0.000513347 0.00341138 0.0155076 0.0482501 0.102803 0.150048 0.150067 0.102898 0.0485702 0.0164337 0.00574188 0.00562095 0.00981283 0.0162977 0.0238505 0.030803 0.0354948 0.037191 0.0364818 0.0347596 0.0332067 0.0321181 0.0309848 0.029082
 1.04522e-16 6.67447e-05 0.000648782 0.00431138 0.0195989 0.0609796 0.129924 0.18963 0.189643 0.129984 0.0611825 0.0201854 0.0057852 0.00387161 0.0062039 0.0101946 0.0147849 0.0188215 0.0211817 0.0213666 0.0197912 0.0174741 0.0153789 0.0139265 0.0129684 0.0120959
 1.01273e-16 7.24962e-05 0.000704689 0.00468291 0.0212878 0.0662343 0.14112 0.20597 0.20598 0.141167 0.066392 0.0217432 0.00582604 0.00320016 0.00481189 0.00784051 0.0112883 0.0141978 0.0156466 0.0152129 0.0132228 0.0105266 0.00798687 0.00607665 0.00481958 0.00398954
 1.00919e-16 6.73231e-05 0.000654405 0.00434875 0.0197688 0.0615081 0.13105 0.191275 0.191291 0.131127 0.0617657 0.0205125 0.00621488 0.00472626 0.00779484 0.0127649 0.0183461 0.0229947 0.0251841 0.0242083 0.020599 0.0157688 0.0111764 0.00766156 0.00533015 0.00386209
 1.01443e-16 6.35524e-05 0.000617752 0.00410518 0.0186616 0.0580631 0.12371 0.180563 0.180581 0.123801 0.0583662 0.0195369 0.00630277 0.00541622 0.00917987 0.0150835 0.0217396 0.0273715 0.0302071 0.0294179 0.0255959 0.0203309 0.0152445 0.011241 0.00840761 0.00639273
 1.02177e-16 6.15348e-05 0.00059814 0.00397485 0.0180691 0.0562198 0.119783 0.174831 0.17485 0.119878 0.0565394 0.0189924 0.00629355 0.00566337 0.0096915 0.015951 0.0230328 0.0290898 0.0322744 0.031723 0.028047 0.0228809 0.0178692 0.013895 0.0109981 0.00879244
 1.01743e-16 6.83721e-05 0.000664601 0.00441651 0.0200768 0.0624665 0.133092 0.194254 0.194267 0.133154 0.0626761 0.0206826 0.00593812 0.00398919 0.00639087 0.0104794 0.0151409 0.0191475 0.0212925 0.0210142 0.0187133 0.0154535 0.0122973 0.00980251 0.00797474 0.00654715
 1.00285e-16 7.91696e-05 0.000769557 0.00511398 0.0232474 0.0723313 0.15411 0.224928 0.224931 0.154125 0.0723836 0.0233983 0.00549284 0.00159658 0.00164968 0.00260153 0.00373887 0.00469924 0.00517204 0.00501525 0.00433493 0.0034116 0.00253171 0.00185527 0.00139611 0.0010869
 1.00917e-16 3.69366e-05 0.000359037 0.00238593 0.0108461 0.0337466 0.0719025 0.104955 0.105006 0.072153 0.0345872 0.0132728 0.00847238 0.0136299 0.0251936 0.0414682 0.0594426 0.0741385 0.0805075 0.0762215 0.0630917 0.0459192 0.0297335 0.0175362 0.00982989 0.00556488
 1.01019e-16 7.73015e-05 0.000751398 0.0049933 0.0226988 0.0706245 0.150473 0.21962 0.219623 0.150487 0.0706721 0.0228368 0.00534163 0.00151828 0.00155267 0.00249367 0.00369851 0.00488632 0.00581832 0.00636933 0.00657091 0.00653869 0.00635155 0.00599579 0.00541344 0.00459242
 1.01311e-16 5.46406e-05 0.000531126 0.00352952 0.0160447 0.0499212 0.106364 0.155247 0.155278 0.106513 0.0504234 0.0174945 0.00716593 0.00846038 0.0150872 0.0247863 0.0355387 0.0443533 0.0482261 0.0457825 0.0381191 0.028108 0.0187382 0.0117637 0.00742724 0.00504283
 1.03258e-16 5.75428e-05 0.000559336 0.00371699 0.0168969 0.0525726 0.112012 0.163489 0.16351 0.112111 0.0529049 0.0178578 0.00613318 0.00584764 0.010141 0.0167776 0.0244024 0.0311795 0.0352526 0.0357231 0.0331189 0.0289191 0.0245565 0.0207179 0.0173598 0.0141819
 1.02903e-16 6.57556e-05 0.000639168 0.0042475 0.0193085 0.060076 0.127999 0.186821 0.186835 0.128068 0.0603083 0.0199797 0.00593386 0.00432567 0.00708238 0.0116449 0.0168638 0.0214091 0.0239695 0.0239418 0.021771 0.0186084 0.0155727 0.0132032 0.0114278 0.00989797
 1.01891e-16 6.68526e-05 0.000649831 0.00431836 0.0196306 0.0610782 0.130134 0.189938 0.189953 0.130207 0.0613222 0.0203353 0.00608737 0.00451252 0.00740552 0.0121442 0.0175047 0.0220488 0.0243575 0.0237769 0.0207998 0.016719 0.0128411 0.00987582 0.00785377 0.0064401
 1.04883e-16 3.11701e-05 0.000302985 0.00201344 0.00915285 0.0284782 0.0606776 0.0885712 0.088621 0.0609209 0.0292953 0.0115133 0.00793943 0.0132424 0.0246138 0.0406636 0.0586231 0.0738185 0.0814899 0.0794211 0.0692326 0.055232 0.041798 0.0313485 0.0240666 0.0189325
 1.05091e-16 6.59993e-05 0.000641537 0.00426324 0.0193801 0.0602986 0.128473 0.187512 0.18752 0.128512 0.0604295 0.0197597 0.00522297 0.00275893 0.0041527 0.00693167 0.0103779 0.0138847 0.0168578 0.0189922 0.0203734 0.0212572 0.0217358 0.0216077 0.0205547 0.0184379
 1.04411e-16 5.69672e-05 0.000553741 0.00367981 0.0167279 0.0520468 0.110892 0.161855 0.16188 0.111011 0.0524462 0.0178813 0.00657464 0.0068717 0.012052 0.0198255 0.0285375 0.035863 0.0394856 0.0383697 0.0333954 0.026775 0.0207265 0.0164235 0.0138314 0.0122378
 1.07093e-16 4.10142e-05 0.000398673 0.00264932 0.0120435 0.0374719 0.0798391 0.116535 0.11657 0.0800089 0.0380425 0.013693 0.00679488 0.00946499 0.017308 0.0286751 0.0415979 0.0529244 0.059445 0.0596498 0.0545627 0.0469168 0.0393809 0.0332644 0.0284632 0.0242596
 1.05301e-16 6.49387e-05 0.000631227 0.00419473 0.0190686 0.0593297 0.126409 0.184499 0.18451 0.126462 0.0595079 0.0195847 0.00549477 0.00348464 0.00552953 0.00915814 0.0134676 0.0175297 0.020436 0.0217641 0.021782 0.0211607 0.0204425 0.0197142 0.0186966 0.0170785
 1.03589e-16 6.13356e-05 0.000596204 0.00396199 0.0180106 0.0560378 0.119395 0.174265 0.174285 0.119492 0.0563639 0.0189523 0.00632571 0.00575647 0.0098626 0.0162112 0.0233572 0.0294002 0.0324534 0.0316651 0.0277314 0.0224233 0.0175155 0.0139469 0.0116997 0.0102296
 1.06953e-16 3.31721e-05 0.000322445 0.00214276 0.00974071 0.0303072 0.0645743 0.0942573 0.0943015 0.0647901 0.0310321 0.0118355 0.00740452 0.011821 0.0219063 0.0362553 0.0524384 0.0663896 0.0739645 0.0732257 0.0655452 0.0545681 0.0439243 0.0355046 0.0293072 0.0244082
 1.14047e-16 4.07647e-05 0.000396247 0.0026332 0.0119702 0.0372438 0.0793526 0.115822 0.115843 0.0794567 0.0375944 0.012987 0.00520086 0.0060519 0.0109303 0.0183946 0.0274067 0.0363827 0.0436935 0.0485459 0.0512962 0.0528575 0.0537363 0.0535758 0.0515338 0.0470539
 1.04676e-16 7.20842e-05 0.000700684 0.00465629 0.0211668 0.0658579 0.140317 0.204799 0.204805 0.140348 0.0659624 0.0214692 0.00541714 0.00236786 0.00325717 0.00532148 0.00778223 0.0100568 0.0116147 0.0122423 0.0121686 0.0118824 0.0117819 0.0119341 0.012096 0.0119225
pSPR Fmed_Fpbrs
0.503635   0.239374 0.239374
Fs Fmed_Fpbrs
0.419505   1.005 1.005
SSBpbr Bo_Bmed_Bpbrs
1.42818e+06  647874  270462 270462
Ro
130614
SPR SPRFo_SPRFmed_SPRFpbrs
932271 469524 223162
Fref
1.005
Nvult_r0
 151411 11731.5 4611.15 4660.2 1423.07
CTP_r0
 30727.2 3127.92 1250.1 1264.51 386.158
YTP_r0
391292
Np
 165402 30608.9 8331.28 543.558 239.418
Nvult_p0
 134794 26387.4 7207.95 470.358 207.178
CTP_p0
 54896.6 25790.2 1747.12 679.581 860.427
 54896.6 13067.9 3610.65 235.757 103.847
YTP_p0
 904786 709901
CBA_c0
846320
log_Ro
11.6
likeval ReclasPelacesDesembMPH_pf_preclas_ppelaces_ptallas_desvR_qrecl_qpela
 12.2895 16.94 0.0286482 0.000822934 241.021 116.883 99.6735 0 24.3769 6.73855e-06 2.13626e-05 0.140105 0 0 0
q_reclas_q_pelaces
1.44462 1.93009
M
1
N
 165798 34942.1 79948 5668.76 0.210727
 91486.7 52144.2 10276.4 23391.7 1658.2
 91861 25189.1 12682.6 2475.73 6031.74
 134188 25409.6 6167.16 3076.14 2062.39
 108749 31914.8 5014.4 1199.71 998.815
 208284 34580.3 9534.74 1490.92 653.506
 79061.6 59330.5 8829.13 2414.04 542.681
 32596.2 16037.2 9328.4 1361.26 455.375
 32718.4 10796.2 5078.29 2943.72 573.158
 44394 7884.2 2170.75 1006.96 696.825
 82638.6 8885.97 1216.27 328.236 257.343
 123519 26708.7 2717.13 370.326 178.253
 103200 27447.4 4783.36 478.616 96.5434
 72201.9 23712.4 5156.18 884.779 106.298
 64688.2 11620.9 2679.4 566.993 108.822
 350410 12901.4 1783.48 403.014 101.54
 67092.5 80670.7 2430.33 330.828 93.5136
 573316 18110.4 19073.8 568.804 99.2592
 316376 158573 4433.59 4625.82 161.938
 251975 78095.6 32999.1 910.602 982.645
 344342 63634.1 16789.9 7007.28 401.751
 478922 94127 15318.7 4002.55 1765.31
 90644.6 121439 20354 3272.2 1231.24
 271318 26653.3 32443.7 5397.88 1193.83
 230133 81774 7376.39 8920.22 1811.71
 100310 69481 22687.2 2033.22 2957.1
 228615 31452.9 20346.4 6608.76 1453.25
 258728 68900.9 8704.21 5593.82 2215.69
 74121.4 80547.2 19971.5 2509.16 2250.57
 54090.2 23422.4 23850.1 5884.06 1401.94
 211820 15762.8 6177.98 6242.74 1906.31
pred_Ctot
 15401.9 4511.3 10538 748.026 0.0278082
 14895.4 11549.6 2320.06 5286.39 374.764
 14744.4 5504.09 2824.88 551.999 1344.93
 31060.6 7827.37 1933.27 965.195 647.145
 9435.3 3855.49 618.532 148.15 123.349
 30338.8 6888.99 1936.89 303.18 132.899
 23518.5 22974.8 3473.6 950.542 213.693
 2071.56 1428.89 849.107 124.048 41.4997
 7383.14 3248.37 1555.11 902.291 175.69
 13434.6 3100.43 867.174 402.598 278.613
 6412 962.621 134.563 36.3555 28.505
 32199.4 9176.89 949.365 129.507 62.3402
 25439 8959.76 1588.4 159.077 32.0895
 27416.2 11386.6 2510.38 431.085 51.7928
 19665.9 4588.63 1074.73 227.615 43.6877
 86084.5 4198.34 590.406 133.535 33.6459
 11579.4 18882.4 579.702 78.9908 22.3292
 92042.3 3958.17 4249.35 126.85 22.1372
 67957.9 45576.8 1297.28 1354.81 47.4307
 51483.3 21423.1 9217.83 254.609 274.766
 57295.1 14387.8 3869.15 1616.42 92.6799
 96951.3 25598.4 4242.39 1109.55 489.385
 11712.3 21569.4 3687.8 593.495 223.328
 31502.6 4271.07 5304.98 883.572 195.428
 26507.3 13003 1196.87 1448.93 294.296
 9486.1 9127.48 3042.6 272.978 397.039
 26549.2 5041.07 3327.49 1081.97 237.936
 25489.1 9418.11 1214.53 781.382 309.52
 6689.83 10111.7 2559.81 321.963 288.799
 7242.7 4304.99 4471.14 1104.24 263.111
 30727.2 3127.92 1250.1 1264.51 386.158
F
 0.156759 0.223838 0.228995 0.229273 0.229288
 0.289783 0.413785 0.423319 0.423832 0.42386
 0.285152 0.407172 0.416554 0.417059 0.417086
 0.436169 0.622812 0.637162 0.637935 0.637976
 0.145757 0.208128 0.212923 0.213182 0.213196
 0.255777 0.365228 0.373643 0.374096 0.37412
 0.595316 0.850061 0.869647 0.870703 0.870758
 0.105004 0.149936 0.153391 0.153577 0.153587
 0.423077 0.604118 0.618037 0.618787 0.618827
 0.608631 0.869073 0.889097 0.890177 0.890234
 0.129488 0.184898 0.189159 0.189388 0.1894
 0.504123 0.719845 0.736431 0.737325 0.737372
 0.47067 0.672076 0.687561 0.688396 0.68844
 0.826665 1.18041 1.2076 1.20907 1.20915
 0.612245 0.874233 0.894376 0.895462 0.89552
 0.468729 0.669305 0.684727 0.685558 0.685602
 0.309586 0.442062 0.452247 0.452796 0.452825
 0.285225 0.407276 0.41666 0.417166 0.417193
 0.398996 0.569732 0.58286 0.583567 0.583604
 0.376181 0.537154 0.549531 0.550198 0.550233
 0.29699 0.424076 0.433847 0.434373 0.434401
 0.372129 0.531368 0.543611 0.544271 0.544306
 0.224034 0.319901 0.327272 0.327669 0.32769
 0.199331 0.284628 0.291186 0.29154 0.291558
 0.197603 0.28216 0.288661 0.289012 0.28903
 0.159776 0.228147 0.233403 0.233687 0.233702
 0.199371 0.284684 0.291243 0.291597 0.291616
 0.166932 0.238365 0.243857 0.244153 0.244168
 0.15201 0.217057 0.222059 0.222328 0.222342
 0.232999 0.332702 0.340368 0.340781 0.340803
 0.254609 0.36356 0.371936 0.372388 0.372412
YTP_r0W_actual
 255036 44103.7 34502.7 43246.3 14403.7
YTP_p0W_proyectada
 411175 404132 40410.8 19959.3 29108.3
 411175 204774 83514.4 6924.19 3513.15
CTP_r0_actual
 30727.2 3127.92 1250.1 1264.51 386.158
CTP_p0_proyectada
 54896.6 25790.2 1747.12 679.581 860.427
 54896.6 13067.9 3610.65 235.757 103.847
Wmedp
 7.49 15.67 23.13 29.37 33.83
Frms_r0
 0.254609 0.36356 0.371936 0.372388 0.372412
Zrms_r0
 1.25461 1.36356 1.37194 1.37239 1.37241
nmprior
 8.19 8.8 8.5 0
nm_flota  nm_reclas  nm_pelaces    nm_pelaL
inf 14.4921 17.9206 42.5949
cv_recla  cv_pelaces  cv_mph
0.317097 0.46669 0.885295
 ------------------------------------------------
Talla a la edad & desviaci?n 
 8 13.2811 15.8009 17.003 17.5766
 0.8 1.32811 1.58009 1.7003 1.75766
