years
 1991 1992 1993 1994 1995 1996 1997 1998 1999 2000 2001 2002 2003 2004 2005 2006 2007 2008 2009 2010 2011 2012 2013 2014 2015 2016 2017 2018 2019 2020 2021
reclasobs
 0 0 0 0 0 0 0 0 0 252601 567819 844713 477998 351125 339783 2.1784e+06 2.13404e+06 4.81314e+06 1.55562e+06 2.62356e+06 3.21686e+06 3.843e+06 1.13348e+06 3.07943e+06 1.97215e+06 2.03268e+06 2.025e+06 2.42433e+06 2.27542e+06 1.05018e+06 2.36338e+06
reclaspred
 3.71893e+06 1.70231e+06 890360 658991 406310 2.47909e+06 1.14724e+06 722064 489322 255086 465886 786699 761122 538470 434951 1.66702e+06 959204 4.10917e+06 2.68475e+06 1.97287e+06 3.09247e+06 2.90098e+06 1.7454e+06 3.09723e+06 2.24423e+06 1.74927e+06 2.31932e+06 3.10114e+06 2.20074e+06 946313 1.50071e+06
pelacesobs
 0 0 0 0 0 0 0 0 0 0 0 0 0 0 0 552880 188675 0 991730 2.46772e+06 1.41603e+06 1.21717e+06 2.29649e+06 1.80582e+06 0 1.4828e+06 1.56532e+06 1.57751e+06 1.42118e+06 867257 1.10002e+06
pelacespred
 2.23051e+06 1.00074e+06 458948 259170 191111 1.4218e+06 530713 478576 251022 105642 260384 353210 385035 257081 208146 752774 431710 2.36553e+06 1.46525e+06 928675 1.60356e+06 1.4641e+06 949539 1.94242e+06 1.29581e+06 1.03448e+06 1.57918e+06 2.09698e+06 1.27897e+06 569261 859663
mphobs
 0 0 0 0 0 0 0 0 0 0 0 498337 0 5186 125008 0 168611 109162 213762 579715 649985 157893 87575 83554 0 0 0 0 0 0 0
mphpred
 701647 372568 140091 86860.3 51261.4 44199.5 265479 100977 68097.7 31635.7 14777.1 56324.4 68077.8 50901 25669.8 28383.6 173521 89730.1 419907 209899 232671 264292 301356 182250 313761 256096 175625 217323 407065 213259 78433.7
desembarqueobs
 494567 514787 250237 358949 120608 361735 552515 73892 212993 205616 52469 317467 293654 387597 252695 516296 358380 742168 942051 627588 828172 859565 418607 520667 417249 300574 415391 372974 316634 284311 391294
desembarquepred
 494516 514619 249946 358847 120583 361615 552121 73885.8 212918 205530 52464.2 317325 293475 387156 252500 515950 358242 741705 940987 626839 827924 858923 418392 520506 417010 300438 415199 372774 316434 284096 391166
Reclutas
 87757.1 77081.7 105556 67036.8 36791.8 260556 48752.2 15157.9 26371.9 37076 51383.6 110956 86958.9 66571 46853.1 277580 28821.6 490265 208288 221765 236834 416759 45798.6 185054 165124 53538.5 151444 198870 41548.1 24574 119868
log_desv_Rt
 -0.0120119 -0.141719 0.172658 -0.281344 -0.881309 1.07623 -0.599834 -1.76806 -1.21428 -0.873616 -0.547267 0.222551 -0.0211492 -0.288316 -0.639567 1.13953 -1.12546 1.70836 0.852337 0.915033 0.980777 1.54592 -0.662331 0.734066 0.620112 -0.506183 0.53363 0.806069 -0.759732 -1.28489 0.299802
SSB
 1.25924e+06 668642 251419 155887 91998.1 79324.1 476451 181223 122214 56776.1 26520.2 101085 122178 91351.3 46069.1 50939.7 311415 161037 753602 376703 417571 474321 540840 327081 563103 459611 315191 390026 730553 382733 140764
BT
 1.77514e+06 1.11397e+06 503790 438098 215525 1.24751e+06 801147 363775 364698 260054 212975 487973 511154 566628 385284 903411 543700 2.21912e+06 1.80236e+06 1.11379e+06 1.71825e+06 1.6856e+06 936227 1.75165e+06 1.18307e+06 903739 1.45061e+06 1.72066e+06 1.03535e+06 629249 932674
Ftot
 0.358714 0.795616 0.799691 1.46216 0.857014 0.521856 1.20041 0.293866 1.24861 2.13772 0.399676 1.24065 1.16257 2.02221 1.77341 1.07058 0.975524 0.63656 0.986903 0.96878 0.824585 0.926345 0.649195 0.556251 0.553949 0.488929 0.583333 0.404462 0.385585 0.784903 0.865165
BD_Bspro_t
 0.944521 0.634351 0.347532 0.265255 0.159759 0.176102 0.46769 0.224086 0.213988 0.137275 0.0923131 0.350251 0.268765 0.186227 0.100289 0.113205 0.317231 0.192675 0.44305 0.267782 0.249371 0.27293 0.316333 0.244159 0.389265 0.398215 0.36716 0.451062 0.579732 0.426326 0.253364
BD_Bspro
 1.98348 1.05321 0.396022 0.245545 0.14491 0.124947 0.75048 0.285453 0.192505 0.0894306 0.0417733 0.159223 0.192449 0.143892 0.0725656 0.0802375 0.490525 0.253657 1.18703 0.593362 0.657735 0.747124 0.851902 0.5152 0.886969 0.723955 0.496472 0.614348 1.15073 0.602861 0.221724
BD_Bo
 1.00584 0.534094 0.200827 0.124518 0.0734857 0.063362 0.380576 0.144756 0.0976213 0.0453512 0.0211837 0.0807438 0.0975929 0.072969 0.0367988 0.0406893 0.248751 0.128632 0.601958 0.3009 0.333545 0.378875 0.432009 0.261264 0.449792 0.367125 0.251766 0.311543 0.583547 0.305717 0.112438
BD_Brms
 5.18572 2.75357 1.03538 0.641965 0.378862 0.326668 1.9621 0.746303 0.503295 0.233812 0.109214 0.416282 0.503148 0.376198 0.18972 0.209777 1.28246 0.663176 3.10344 1.55132 1.71962 1.95332 2.22726 1.34697 2.31894 1.89275 1.298 1.60618 3.00853 1.57615 0.579686
Sel_flota
 0.666234 0.97431 0.998614 0.999927 0.999996
 0.666234 0.97431 0.998614 0.999927 0.999996
 0.666234 0.97431 0.998614 0.999927 0.999996
 0.666234 0.97431 0.998614 0.999927 0.999996
 0.666234 0.97431 0.998614 0.999927 0.999996
 0.666234 0.97431 0.998614 0.999927 0.999996
 0.666234 0.97431 0.998614 0.999927 0.999996
 0.666234 0.97431 0.998614 0.999927 0.999996
 0.666234 0.97431 0.998614 0.999927 0.999996
 0.666234 0.97431 0.998614 0.999927 0.999996
 0.666234 0.97431 0.998614 0.999927 0.999996
 0.666234 0.97431 0.998614 0.999927 0.999996
 0.666234 0.97431 0.998614 0.999927 0.999996
 0.666234 0.97431 0.998614 0.999927 0.999996
 0.666234 0.97431 0.998614 0.999927 0.999996
 0.666234 0.97431 0.998614 0.999927 0.999996
 0.666234 0.97431 0.998614 0.999927 0.999996
 0.666234 0.97431 0.998614 0.999927 0.999996
 0.666234 0.97431 0.998614 0.999927 0.999996
 0.666234 0.97431 0.998614 0.999927 0.999996
 0.666234 0.97431 0.998614 0.999927 0.999996
 0.666234 0.97431 0.998614 0.999927 0.999996
 0.666234 0.97431 0.998614 0.999927 0.999996
 0.666234 0.97431 0.998614 0.999927 0.999996
 0.666234 0.97431 0.998614 0.999927 0.999996
 0.666234 0.97431 0.998614 0.999927 0.999996
 0.666234 0.97431 0.998614 0.999927 0.999996
 0.666234 0.97431 0.998614 0.999927 0.999996
 0.666234 0.97431 0.998614 0.999927 0.999996
 0.666234 0.97431 0.998614 0.999927 0.999996
 0.666234 0.97431 0.998614 0.999927 0.999996
Sel_reclas
 0.985715 1 1 1 1
 0.985715 1 1 1 1
 0.985715 1 1 1 1
 0.985715 1 1 1 1
 0.985715 1 1 1 1
 0.985715 1 1 1 1
 0.985715 1 1 1 1
 0.985715 1 1 1 1
 0.985715 1 1 1 1
 0.985715 1 1 1 1
 0.985715 1 1 1 1
 0.985715 1 1 1 1
 0.985715 1 1 1 1
 0.985715 1 1 1 1
 0.985715 1 1 1 1
 0.985715 1 1 1 1
 0.985715 1 1 1 1
 0.985715 1 1 1 1
 0.985715 1 1 1 1
 0.985715 1 1 1 1
 0.985715 1 1 1 1
 0.985715 1 1 1 1
 0.985715 1 1 1 1
 0.985715 1 1 1 1
 0.985715 1 1 1 1
 0.985715 1 1 1 1
 0.985715 1 1 1 1
 0.985715 1 1 1 1
 0.985715 1 1 1 1
 0.985715 1 1 1 1
 0.985715 1 1 1 1
Sel_pelaces
 0.902189 1 1 1 1
 0.902189 1 1 1 1
 0.902189 1 1 1 1
 0.902189 1 1 1 1
 0.902189 1 1 1 1
 0.902189 1 1 1 1
 0.902189 1 1 1 1
 0.902189 1 1 1 1
 0.902189 1 1 1 1
 0.902189 1 1 1 1
 0.902189 1 1 1 1
 0.902189 1 1 1 1
 0.902189 1 1 1 1
 0.902189 1 1 1 1
 0.902189 1 1 1 1
 0.902189 1 1 1 1
 0.902189 1 1 1 1
 0.902189 1 1 1 1
 0.902189 1 1 1 1
 0.902189 1 1 1 1
 0.902189 1 1 1 1
 0.902189 1 1 1 1
 0.902189 1 1 1 1
 0.902189 1 1 1 1
 0.902189 1 1 1 1
 0.902189 1 1 1 1
 0.902189 1 1 1 1
 0.902189 1 1 1 1
 0.902189 1 1 1 1
 0.902189 1 1 1 1
 0.902189 1 1 1 1
pf_obs 
 0.8446 0.082 0.0669 0.0065 0
 0.8095 0.147 0.0364 0.0071 0
 0.9664 0.0169 0.016 0.0007 0
 0.9276 0.0648 0.0075 0.0001 0
 0.7033 0.2144 0.0806 0.0017 0
 0.9318 0.0425 0.0243 0.0014 0
 0.5671 0.3108 0.0964 0.0239 0.0018
 0.0768 0.2599 0.5324 0.112 0.0189
 0.490249 0.384438 0.106611 0.0170017 0.00170017
 0.7925 0.1577 0.0466 0.003 0.0002
 0.840416 0.127587 0.0312969 0.00059994 9.999e-05
 0.8084 0.0986 0.0794 0.0134 0.0002
 0.7335 0.1905 0.0724 0.0035 0.0001
 0.4001 0.4547 0.1325 0.0127 0
 0.49795 0.308269 0.164784 0.0264974 0.00249975
 0.9179 0.0499 0.0305 0.0017 0
 0.2467 0.6533 0.0926 0.0074 0
 0.9418 0.0223 0.034 0.0019 0
 0.707729 0.231977 0.0356964 0.0245975 0
 0.517169 0.277429 0.184464 0.0207286 0.00020938
 0.811772 0.124168 0.05621 0.00726502 0.000585176
 0.764997 0.148141 0.077277 0.00933861 0.000247198
 0.163321 0.427699 0.378323 0.0303852 0.000271297
 0.753843 0.0900009 0.118128 0.0371064 0.000921714
 0.721811 0.176058 0.0630433 0.0369309 0.00215725
 0.143369 0.312575 0.442814 0.0836902 0.0175525
 0.692698 0.0596174 0.167031 0.0765114 0.00414204
 0.394062 0.376323 0.152708 0.0712218 0.00568511
 0.125707 0.32114 0.495352 0.0537591 0.00404204
 0.23352 0.215282 0.420074 0.123614 0.00750983
 0.774587 0.0839891 0.0768558 0.0609784 0.00358967
pf_pred 
 0.416139 0.19749 0.345003 0.0413667 1.805e-06
 0.544802 0.240083 0.0741739 0.125872 0.0150696
 0.760713 0.160654 0.0422048 0.0125769 0.0238515
 0.663338 0.284264 0.0356079 0.0090201 0.00776985
 0.702635 0.236159 0.0520669 0.00621583 0.00292316
 0.952074 0.0384109 0.00761395 0.00161765 0.000283363
 0.351602 0.628626 0.0159464 0.00306223 0.000763253
 0.398764 0.299106 0.293297 0.00712697 0.00170575
 0.69411 0.154724 0.0762697 0.0727104 0.00218636
 0.855574 0.117308 0.0140262 0.00661321 0.00647865
 0.912784 0.0812632 0.00489128 0.00055012 0.000511741
 0.849062 0.142206 0.00815243 0.000476288 0.00010323
 0.774785 0.205535 0.0185882 0.00101967 7.23106e-05
 0.76274 0.204812 0.029722 0.00257512 0.000150929
 0.839948 0.140624 0.0169052 0.00231192 0.000211367
 0.973663 0.0241539 0.00193071 0.000219863 3.27212e-05
 0.301665 0.687924 0.00958013 0.000735049 9.595e-05
 0.965518 0.0148042 0.0193951 0.000259732 2.24821e-05
 0.56836 0.422531 0.00398589 0.0050498 7.33464e-05
 0.747743 0.175934 0.0747744 0.000678077 0.000869703
 0.777112 0.187055 0.0252855 0.0103346 0.000213458
 0.843078 0.134259 0.0191314 0.00249307 0.00103796
 0.269365 0.659736 0.0609929 0.00836478 0.00154065
 0.822652 0.0665611 0.10036 0.0089722 0.00145448
 0.693686 0.270461 0.0137278 0.0200461 0.00207904
 0.419955 0.454498 0.111276 0.00547031 0.00880137
 0.806412 0.103404 0.071136 0.0168853 0.00216192
 0.767113 0.202914 0.0162542 0.0108253 0.0028935
 0.308211 0.578525 0.0990673 0.00770463 0.00649247
 0.388424 0.249952 0.303869 0.0505261 0.0072291
 0.897706 0.0532646 0.0204695 0.0240063 0.00455395
pobs_RECLAS
 0 0 0 0 0
 0 0 0 0 0
 0 0 0 0 0
 0 0 0 0 0
 0 0 0 0 0
 0 0 0 0 0
 0 0 0 0 0
 0 0 0 0 0
 0 0 0 0 0
 0 0 0 0 0
 0.991045 0.00858322 0.000360255 1.14367e-05 0
 0.934742 0.0480273 0.0164251 0.00080598 0
 0.827803 0.169806 0.00239088 0 0
 0.941827 0.0461693 0.0120037 0 0
 0.791401 0.0380133 0.147996 0.0225897 0
 0.846168 0.0940531 0.0597789 0 0
 0.134021 0.677848 0.182769 0.00536245 0
 0.80878 0.0450904 0.141981 0.00414843 0
 0.846168 0.0940531 0.0597789 0 0
 0.905697 0.0802665 0.012482 0.00150086 5.37128e-05
 0.989698 0.0102097 9.19794e-05 0 0
 0.975433 0.0193895 0.00387452 0.00125025 5.28907e-05
 0.303575 0.632131 0.0575291 0.00676475 0
 0.966965 0.00978017 0.0227588 0.000495775 0
 0.843318 0.132988 0.00938335 0.0141283 0.000182051
 0.564624 0.303363 0.111486 0.0197234 0.00080311
 0.826376 0.0876187 0.0782897 0.00655872 0.00115652
 0.89761 0.0855135 0.0140674 0.00269457 0.000114338
 0.34875 0.467042 0.161289 0.0227151 0.000203297
 0.318654 0.224769 0.449479 0.00709798 0
 0.937255 0.0296025 0.0250945 0.00804832 0
ppred_RECLAS
 0.5139 0.167235 0.284766 0.0340976 1.48771e-06
 0.643592 0.190493 0.0572641 0.0970343 0.0116162
 0.826922 0.117269 0.029975 0.00891939 0.0169139
 0.754975 0.207902 0.0252415 0.00638341 0.00549814
 0.780233 0.175527 0.0376429 0.00448723 0.00211007
 0.967023 0.026568 0.00513032 0.00108846 0.000190651
 0.453153 0.530648 0.0130688 0.00250567 0.000624479
 0.494228 0.254829 0.243616 0.00591174 0.0014148
 0.77919 0.11338 0.0542454 0.0516314 0.0015524
 0.907742 0.0754539 0.00869995 0.00409395 0.00401024
 0.938705 0.0572115 0.00335611 0.000376943 0.00035062
 0.896129 0.0980296 0.00545479 0.000318176 6.89551e-05
 0.840057 0.146338 0.0128517 0.000703889 4.99126e-05
 0.840535 0.138317 0.0193744 0.00167542 9.81871e-05
 0.89373 0.0937473 0.0108991 0.00148787 0.000136015
 0.982484 0.0161023 0.00125056 0.000142191 2.11598e-05
 0.394019 0.597197 0.00808469 0.000619372 8.08436e-05
 0.97673 0.0101431 0.0129391 0.000173029 1.49761e-05
 0.66485 0.328276 0.00301019 0.0038079 5.53039e-05
 0.818049 0.12798 0.052878 0.000478791 0.000614049
 0.839293 0.13547 0.0178155 0.00727081 0.000150165
 0.890013 0.0944828 0.0130913 0.00170342 0.000709144
 0.353207 0.585539 0.0527068 0.0072181 0.00132935
 0.873984 0.0480794 0.0706109 0.00630374 0.00102182
 0.769633 0.204044 0.0100877 0.01471 0.00152551
 0.516343 0.381107 0.0909074 0.0044628 0.00717983
 0.86132 0.0749968 0.0502477 0.0119103 0.00152483
 0.828435 0.149987 0.0117091 0.0077876 0.0020814
 0.395096 0.507988 0.0847827 0.00658466 0.0055483
 0.48992 0.211875 0.250637 0.0416141 0.00595354
 0.930054 0.0369194 0.0138002 0.0161608 0.00306542
pobs_PELACES
 0 0 0 0 0
 0 0 0 0 0
 0 0 0 0 0
 0 0 0 0 0
 0 0 0 0 0
 0 0 0 0 0
 0 0 0 0 0
 0 0 0 0 0
 0 0 0 0 0
 0 0 0 0 0
 0 0 0 0 0
 0 0 0 0 0
 0 0 0 0 0
 0 0 0 0 0
 0 0 0 0 0
 0 0 0 0 0
 0.505614 0.472636 0.0217494 0 0
 0 0 0 0 0
 0.443492 0.261883 0.143347 0.151278 0
 0.227955 0.32914 0.350689 0.0885471 0.00366901
 0.970185 0.0296113 0.000203453 0 0
 0.997202 0.00247181 0.000326279 0 0
 0.445219 0.490057 0.0546422 0.010081 0
 0.90214 0.0892962 0.00764917 0.000914606 0
 0 0 0 0 0
 0.581667 0.319106 0.0959925 0.00289975 0.000334073
 0.762889 0.0836404 0.116647 0.0363945 0.000428098
 0.88444 0.0763242 0.0277011 0.0115352 0
 0.521256 0.241999 0.230069 0.00667565 0
 0.616807 0.101726 0.260614 0.0208532 0
 0.833518 0.0704572 0.0857862 0.0102388 0
ppred_PELACES
 0.501359 0.171875 0.291827 0.0349376 1.52435e-06
 0.642539 0.191644 0.0572435 0.0969658 0.0116078
 0.826188 0.118017 0.0299732 0.00891577 0.0169067
 0.766246 0.198696 0.0238425 0.00602581 0.00518996
 0.780229 0.175775 0.0374378 0.00446112 0.00209775
 0.965899 0.0274958 0.0052873 0.00112151 0.000196438
 0.461537 0.522662 0.0127488 0.00244304 0.000608854
 0.479864 0.262373 0.250238 0.00607165 0.00145306
 0.786565 0.110142 0.052171 0.0496301 0.00149218
 0.918215 0.0671015 0.00760538 0.00357556 0.00350228
 0.935902 0.05984 0.00349907 0.000392931 0.000365489
 0.899626 0.0947818 0.00522185 0.000304425 6.59731e-05
 0.844105 0.142747 0.0124201 0.000679903 4.82105e-05
 0.85587 0.125284 0.0172665 0.00149183 8.74239e-05
 0.902282 0.0863472 0.00989696 0.00135003 0.00012341
 0.982841 0.0157845 0.0012154 0.000138128 2.05548e-05
 0.396588 0.594732 0.00798858 0.000611751 7.9847e-05
 0.976249 0.0103826 0.0131771 0.000176164 1.52472e-05
 0.667509 0.325726 0.00296326 0.00374693 5.44171e-05
 0.819865 0.126995 0.0520647 0.000471229 0.000604338
 0.838799 0.13603 0.0177712 0.00725013 0.000149735
 0.890666 0.0940209 0.0129309 0.00168187 0.000700158
 0.348187 0.590376 0.0528663 0.0072379 0.00133298
 0.870731 0.0494576 0.0723117 0.00645402 0.00104616
 0.763964 0.209174 0.0102956 0.0150094 0.00155654
 0.506848 0.388913 0.0924064 0.00453543 0.00729659
 0.858056 0.0769292 0.0513018 0.0121571 0.0015564
 0.82165 0.155983 0.0121378 0.0080713 0.0021572
 0.383485 0.517997 0.0861863 0.00669256 0.00563917
 0.488661 0.213187 0.250606 0.0415948 0.00595068
 0.930235 0.0369482 0.0137155 0.0160555 0.0030454
pobs_pel_tallas
 0 0 0 0 0 0 0 0 0 0 0 0 0 0 0 0 0 0 0 0 0 0 0 0 0 0
 0 0 0 0 0 0 0 0 0 0 0 0 0 0 0 0 0 0 0 0 0 0 0 0 0 0
 0 0 0 0 0 0 0 0 0 0 0 0 0 0 0 0 0 0 0 0 0 0 0 0 0 0
 0 0 0 0 0 0 0 0 0 0 0 0 0 0 0 0 0 0 0 0 0 0 0 0 0 0
 0 0 0 0 0 0 0 0 0 0 0 0 0 0 0 0 0 0 0 0 0 0 0 0 0 0
 0 0 0 0 0 0 0 0 0 0 0 0 0 0 0 0 0 0 0 0 0 0 0 0 0 0
 0 0 0 0 0 0 0 0 0 0 0 0 0 0 0 0 0 0 0 0 0 0 0 0 0 0
 0 0 0 0 0 0 0 0 0 0 0 0 0 0 0 0 0 0 0 0 0 0 0 0 0 0
 0 0 0 0 0 0 0 0 0 0 0 0 0 0 0 0 0 0 0 0 0 0 0 0 0 0
 0 0 0 0 0 0 0 0 0 0 0 0 0 0 0 0 0 0 0 0 0 0 0 0 0 0
 0 0 0 0 0 0 0 0 0 0 0 0 0 0 0 0 0 0 0 0 0 0 0 0 0 0
 0 0 0 0 0 0 0 0 0 0 0 0 0 0 0 0 0 0 0 0 0 0 0 0 0 0
 0.00862536 0 0 0.000197151 0.00414017 0.0128641 0.00837892 0.0270097 0.101434 0.158115 0.152841 0.127902 0.109271 0.109419 0.0830992 0.0579132 0.0238553 0.00714673 0.00463305 0.00128148 0.00103504 0.000492878 0.000147863 0.000147863 4.92878e-05 0
 0 0 0 0 0 0 0 0 0 0 0 0 0 0 0 0 0 0 0 0 0 0 0 0 0 0
 0 0 0 0 0 0 0 0.0054083 0.00873648 0.0413646 0.0450493 0.0745869 0.0622846 0.0627006 0.0613931 0.0827291 0.12552 0.122667 0.0946155 0.0697135 0.0546179 0.0294188 0.0215738 0.0213955 0.0102223 0.00600262
 0 0 0 0 0.00359764 0.0251062 0.0480494 0.140153 0.205849 0.193036 0.1447 0.116669 0.0760912 0.0342217 0.00950174 0.001854 0.000860785 0 0 0 0.000165536 0 0.000143464 0 0 0
 0 0 0 0 0 0 0 0.000145254 0.000435761 0.0275982 0.070085 0.0708112 0.156366 0.174668 0.174014 0.160142 0.0824315 0.0480064 0.0283245 0.00493863 0.00203355 0 0 0 0 0
 0 0 0 0 0 0 0 0 0 0 0 0 0 0 0 0 0 0 0 0 0 0 0 0 0 0
 0 0 1.00437e-05 0.000401748 0.00122533 0.00171747 0.00176769 0.0269171 0.070346 0.194647 0.189555 0.159765 0.064822 0.0314167 0.0384472 0.0292271 0.0345202 0.0313363 0.0194345 0.0106764 0.0143323 0.0359363 0.0279516 0.0138201 0.00172751 0
 0 0.0021121 0.0136068 0.0755702 0.200478 0.177729 0.0527432 0.0373336 0.0318909 0.0142505 0.0149659 0.0166563 0.0217959 0.0798694 0.0677717 0.0528807 0.04013 0.0224614 0.0357745 0.0225083 0.00881397 0.00855152 0.00135912 0.000746735 0 0
 0 0 0 0 5.4009e-05 0.00500934 0.000945158 0.0243581 0.138947 0.33067 0.221406 0.137944 0.0707744 0.0437923 0.0131692 0.00525238 0.0047753 0.00276346 9.45158e-05 9.00151e-06 2.25038e-05 9.00151e-06 4.50075e-06 0 0 0
 0.000866109 0.00284123 0.00948549 0.0512746 0.133035 0.25785 0.225252 0.132002 0.0553304 0.0519788 0.0540692 0.017754 0.00435017 0.00159236 0.00146478 0.000404838 0.000125132 0.000115318 0.000107957 0.000100596 0 0 0 0 0 0
 0 0 0 0 0.00144013 0.00171154 0.00461396 0.0210425 0.0478622 0.0707936 0.0888783 0.103762 0.0637923 0.0337046 0.0602308 0.124433 0.169614 0.0934646 0.0462172 0.0250306 0.0313229 0.00938855 0.002487 0.000210481 0 0
 0 0.00764035 0.051015 0.0998891 0.058973 0.0496711 0.0374665 0.0718981 0.12319 0.153886 0.159021 0.0857701 0.0377988 0.023471 0.0147837 0.00900784 0.00315554 0.000888139 0.00291439 0.00214683 0.00393193 0.00274676 0.000635225 9.99891e-05 0 0
 0 0 0 0 0 0 0 0 0 0 0 0 0 0 0 0 0 0 0 0 0 0 0 0 0 0
 0 0 0 0 0 0 0 0 0 0 0 0 0 0 0 0 0 0 0 0 0 0 0 0 0 0
 0 0 0 0 0 0 0 0 0 0 0 0 0 0 0 0 0 0 0 0 0 0 0 0 0 0
 0 0 0 0 0 0 0 0 0 0 0 0 0 0 0 0 0 0 0 0 0 0 0 0 0 0
 0 0 0 0 0 0 0 0 0 0 0 0 0 0 0 0 0 0 0 0 0 0 0 0 0 0
 0 0 0 0 0 0 0 0 0 0 0 0 0 0 0 0 0 0 0 0 0 0 0 0 0 0
 0 0 0 0 0 0 0 0 0 0 0 0 0 0 0 0 0 0 0 0 0 0 0 0 0 0
ppred_pel_tallas
 1.1197e-16 4.12963e-05 0.000401415 0.00266755 0.0121263 0.0377295 0.0803872 0.117331 0.117348 0.0804705 0.0380101 0.0129422 0.00473599 0.0049842 0.00894207 0.0152317 0.0231343 0.0315833 0.039433 0.0460253 0.0513262 0.055444 0.0580212 0.058162 0.0550169 0.0485044
 1.1339e-16 5.29251e-05 0.000514451 0.00341871 0.015541 0.0483538 0.103024 0.15037 0.150388 0.103114 0.0486586 0.0164224 0.00563557 0.00536905 0.00931897 0.015449 0.022562 0.0290678 0.0334222 0.035021 0.0345805 0.0335958 0.0332893 0.0338741 0.0345965 0.0343601
 1.04651e-16 6.8052e-05 0.00066149 0.00439583 0.0199828 0.062174 0.132469 0.193344 0.193356 0.132525 0.0623612 0.0205237 0.00575493 0.00363285 0.00572453 0.00939192 0.0136095 0.0173033 0.0194346 0.0195452 0.0180299 0.0158502 0.0139233 0.0126612 0.0119335 0.0113442
 1.02222e-16 6.31147e-05 0.000613497 0.00407691 0.018533 0.0576632 0.122858 0.179319 0.179339 0.122952 0.0579773 0.0194401 0.00635353 0.00558247 0.00949745 0.0155945 0.022443 0.0281916 0.0309993 0.0300214 0.025912 0.0203809 0.0151717 0.0112548 0.00869916 0.00706268
 1.01928e-16 6.42664e-05 0.000624693 0.0041513 0.0188712 0.0587155 0.1251 0.182591 0.182608 0.125183 0.0589938 0.0196755 0.00617091 0.00503647 0.00845167 0.0138929 0.0200584 0.0253294 0.0280949 0.0276014 0.0243816 0.0198609 0.0154764 0.0120035 0.00948268 0.0075804
 1.00306e-16 7.95598e-05 0.00077335 0.00513918 0.023362 0.0726878 0.154869 0.226037 0.226039 0.154882 0.0727313 0.0234877 0.00545493 0.00146299 0.00139034 0.00217526 0.00313199 0.00395118 0.00437633 0.00428993 0.00377699 0.00306315 0.00237586 0.00183784 0.00145456 0.00117088
 1.0085e-16 3.80163e-05 0.000369532 0.00245567 0.0111632 0.034733 0.0740042 0.108022 0.108072 0.0742499 0.0355574 0.013543 0.00842449 0.0133832 0.0247053 0.0406564 0.058267 0.072648 0.078844 0.0745718 0.0616154 0.0446984 0.0287718 0.0167947 0.00926525 0.00514626
 1.08144e-16 3.95258e-05 0.000384205 0.00255318 0.0116064 0.036112 0.0769413 0.112303 0.112329 0.0770666 0.0365337 0.0128287 0.00563687 0.00716749 0.0130727 0.0219399 0.0325058 0.0427477 0.0505459 0.0547848 0.0557975 0.0547312 0.0524493 0.0489819 0.0438929 0.037048
 1.06764e-16 6.47883e-05 0.000629765 0.00418501 0.0190245 0.0591922 0.126116 0.184072 0.184083 0.126168 0.0593679 0.0195329 0.00546511 0.00343688 0.00543387 0.00898207 0.0131762 0.0170963 0.019861 0.0210997 0.0211558 0.0207817 0.0205686 0.0205758 0.020399 0.0195328
 1.01188e-16 7.56322e-05 0.000735172 0.00488548 0.0222087 0.0690994 0.147224 0.214879 0.214885 0.147255 0.0692055 0.022515 0.00565439 0.00241352 0.0032626 0.00527289 0.00758651 0.00953794 0.0105073 0.0102163 0.00889397 0.00712309 0.00549147 0.00431561 0.00359701 0.00315874
 1.00218e-16 7.70891e-05 0.000749333 0.00497958 0.0226365 0.0704305 0.15006 0.219018 0.219024 0.150088 0.0705249 0.0229092 0.00566371 0.00224144 0.0029069 0.00467321 0.00669979 0.00837288 0.00912445 0.00869395 0.00728173 0.00541889 0.00365853 0.00232598 0.00147012 0.000972376
 1.00217e-16 7.4101e-05 0.000720288 0.00478657 0.0217591 0.0677005 0.144244 0.21053 0.210539 0.144288 0.0678501 0.0221909 0.00587 0.00308316 0.00455494 0.0073953 0.0106043 0.0132468 0.0144238 0.0137211 0.0114549 0.00846703 0.00563661 0.00348408 0.00209345 0.00128319
 1.00472e-16 6.95278e-05 0.000675835 0.00449116 0.0204162 0.0635224 0.135342 0.197538 0.197552 0.135409 0.0637478 0.0210672 0.00612452 0.00423917 0.00683016 0.0111636 0.0160319 0.0200686 0.0219296 0.0209918 0.0177209 0.0133619 0.00920796 0.00601533 0.00389716 0.00258698
 1.00695e-16 7.04969e-05 0.000685255 0.00455376 0.0207007 0.0644078 0.137228 0.200291 0.200303 0.137287 0.0646058 0.0212728 0.00598965 0.00381943 0.00602167 0.00984005 0.0141594 0.0177856 0.0195494 0.0189064 0.016252 0.0126469 0.00918183 0.00647823 0.00461162 0.00335238
 1.00465e-16 7.43198e-05 0.000722415 0.0048007 0.0218233 0.0679004 0.144669 0.211151 0.211159 0.14471 0.0680369 0.0222174 0.00578966 0.00288058 0.00417091 0.00677195 0.00973414 0.0122107 0.0133922 0.0129038 0.0110235 0.00849259 0.00607518 0.0042093 0.00294945 0.00213089
 1.00057e-16 8.09553e-05 0.000786915 0.00522933 0.0237718 0.0739628 0.157586 0.230001 0.230003 0.157593 0.0739877 0.0238437 0.00540989 0.0011808 0.000828163 0.00123874 0.00177126 0.00221586 0.00241942 0.00231294 0.00194844 0.00146441 0.00100473 0.000653544 0.000423213 0.000283391
 1.00458e-16 3.26665e-05 0.00031753 0.0021101 0.00959226 0.0298454 0.0635908 0.0928247 0.0928819 0.0638703 0.0307832 0.0122995 0.00889941 0.0151183 0.028082 0.046216 0.0662027 0.0824721 0.0893714 0.0842964 0.0692871 0.0497499 0.0313673 0.0175584 0.00892723 0.00430365
 1.00404e-16 8.04123e-05 0.000781636 0.00519425 0.0236123 0.0734666 0.156528 0.228458 0.228459 0.156533 0.0734834 0.023661 0.00531743 0.00105338 0.000604762 0.000893939 0.0013295 0.00177417 0.00214391 0.00239436 0.00253078 0.00258199 0.00256074 0.00244954 0.00222327 0.00188327
 1.00554e-16 5.49819e-05 0.000534444 0.00355157 0.0161449 0.0502331 0.107028 0.156217 0.156248 0.107181 0.0507467 0.0176276 0.00726979 0.00864012 0.0154162 0.0253126 0.0362562 0.0451686 0.0489559 0.0461988 0.0380236 0.0273986 0.0174367 0.00999978 0.0053967 0.00295876
 1.01685e-16 6.75312e-05 0.000656428 0.00436219 0.0198299 0.0616982 0.131455 0.191865 0.191877 0.131515 0.0619001 0.0204137 0.00582993 0.00386848 0.00619094 0.0101878 0.014807 0.0189028 0.0213401 0.0215683 0.0199067 0.0172574 0.0145007 0.0120685 0.0099509 0.00797954
 1.01301e-16 6.90908e-05 0.000671587 0.00446293 0.0202879 0.0631231 0.134491 0.196296 0.196309 0.134555 0.0633382 0.0209091 0.00602216 0.0040752 0.00653263 0.0106891 0.0153884 0.0193456 0.021301 0.0206752 0.0179094 0.0141606 0.0106051 0.00789225 0.00606368 0.0048264
 1.00685e-16 7.3363e-05 0.000713115 0.0047389 0.0215423 0.0670263 0.142807 0.208433 0.208442 0.142851 0.0671749 0.0219717 0.00581656 0.00306543 0.00454017 0.00738782 0.0106305 0.0133572 0.0146912 0.0142264 0.0122622 0.00959604 0.0070451 0.00507085 0.00372169 0.00281552
 1.02628e-16 2.86798e-05 0.000278778 0.00185258 0.00842159 0.026203 0.0558304 0.081498 0.0815548 0.0561081 0.0271355 0.0111142 0.00860885 0.0150191 0.0279975 0.0461722 0.066349 0.0830928 0.0908731 0.0871248 0.0737814 0.0559864 0.0390671 0.0261143 0.0175515 0.0122365
 1.02924e-16 7.17209e-05 0.000697153 0.00463283 0.0210602 0.065526 0.13961 0.203766 0.203771 0.139634 0.0656064 0.0212935 0.0052236 0.00200312 0.0025997 0.00430858 0.00648866 0.00876053 0.0107688 0.0123178 0.013422 0.0141727 0.0145532 0.0143907 0.0134917 0.0118294
 1.0212e-16 6.29268e-05 0.000611671 0.00406477 0.0184779 0.0574916 0.122493 0.178786 0.178806 0.122591 0.0578218 0.0194313 0.00645677 0.00582936 0.00996055 0.0163372 0.02346 0.0293634 0.0320973 0.030781 0.0261424 0.020049 0.0144124 0.0103049 0.00779791 0.00637047
 1.04456e-16 4.17485e-05 0.00040581 0.00269675 0.0122591 0.0381427 0.0812685 0.118622 0.118659 0.081452 0.0387589 0.0140394 0.00716832 0.0101759 0.0186218 0.030784 0.0444896 0.0562503 0.0625165 0.0616165 0.0547043 0.0448904 0.0353044 0.0276274 0.021947 0.0175579
 1.02983e-16 7.06769e-05 0.000687005 0.00456539 0.0207536 0.0645722 0.137578 0.200801 0.200808 0.137615 0.0646952 0.0211098 0.00546271 0.00265651 0.00384243 0.00632241 0.00929263 0.0120879 0.0140718 0.01494 0.014862 0.0142879 0.0135899 0.0128451 0.0118983 0.0105845
 1.01565e-16 6.76783e-05 0.000657857 0.00437169 0.0198731 0.0618326 0.131742 0.192284 0.192299 0.131815 0.062079 0.0205845 0.00615679 0.00455258 0.00745826 0.0122069 0.0175416 0.0219848 0.0240837 0.0231772 0.0197951 0.0153094 0.0111237 0.00802602 0.00607483 0.00490378
 1.04246e-16 3.15872e-05 0.000307039 0.00204039 0.00927533 0.0288593 0.0614895 0.0897563 0.0898062 0.0617336 0.0296787 0.0116424 0.0079828 0.0132817 0.0246794 0.0407662 0.0587576 0.0739568 0.0815773 0.0793823 0.0689865 0.0547107 0.0409654 0.0302142 0.0226924 0.0174264
 1.12465e-16 4.02504e-05 0.000391249 0.00259998 0.0118192 0.0367739 0.0783515 0.114361 0.114382 0.0784538 0.0371184 0.0128187 0.0051261 0.00596239 0.0107869 0.0182031 0.0272307 0.0363587 0.0440097 0.0493692 0.0526688 0.0546139 0.0555002 0.0548589 0.0519042 0.0462979
 1.02531e-16 7.66223e-05 0.000744796 0.00494943 0.0224994 0.070004 0.149151 0.217691 0.217695 0.149168 0.0700628 0.0226696 0.00537758 0.00168287 0.00186847 0.0029955 0.00437537 0.00565065 0.00651999 0.00686312 0.00680954 0.00663531 0.00656515 0.00663653 0.00671179 0.00659659
pSPR Fmed_Fpbrs
0.310912   0.243964 0.243964
Fs Fmed_Fpbrs
0.796134   1.005 1.005
SSBpbr Bo_Bmed_Bpbrs
1.25192e+06  326641  242828 242828
Ro
88817.6
SPR SPRFo_SPRFmed_SPRFpbrs
634862 197386 154884
Fref
1.005
Nvult_r0
 95088.8 4510.32 1710.42 2004.54 380.243
CTP_r0
 34768.7 2062.97 792.796 929.779 176.377
YTP_r0
391166
Np
 107852 24778.7 848.591 313.881 424.255
Nvult_p0
 87540.6 21354.7 734.161 271.61 367.125
CTP_p0
 35107.4 10565.1 367.741 136.139 184.02
YTP_p0
 453187
CBA_c0
409772
log_Ro
11.2143
likeval ReclasPelacesDesembMPH_pf_preclas_ppelaces_ptallas_desvR_qrecl_qpela
 12.3508 17.681 0.058988 0.000872939 254.827 116.073 105.474 0 33.1937 4.95146e-05 9.07163e-05 0.0202981 0 0 0
q_reclas_q_pelaces
2.71048 3.87696
M
1
N
 87757.1 29749.4 50878.4 6093.57 0.265872
 77081.7 25421.3 7716.11 13081.8 1566.1
 105556 16689.8 4307.72 1282.48 2432.05
 67036.8 22793.2 2816.94 713.071 614.211
 36791.8 9310.12 2017.51 240.634 113.159
 260556 7646.92 1486.02 315.385 55.2429
 48752.2 67703.7 1691.9 324.643 80.9132
 15157.9 8060.69 7733.57 187.704 44.9218
 26371.9 4584.77 2227.06 2121.48 63.7891
 37076 4222.53 499.676 235.464 230.666
 51383.6 3282.97 193.522 21.7411 20.2232
 110956 14483.9 818.192 47.7638 10.3518
 86958.9 17860.2 1590.85 87.197 6.18337
 66571 14744.8 2116.72 183.288 10.7423
 46853.1 6366.2 756.259 103.36 9.44933
 277580 5288.37 416.091 47.3435 7.0456
 28821.6 50041.5 685.527 52.5522 6.85961
 490265 5535.58 7116.31 95.2034 8.24027
 208288 118019 1095.26 1386.4 20.136
 221765 39702.5 16598.3 150.387 192.877
 236834 42784.8 5683.23 2320.68 47.9305
 416759 50299.5 7048.27 917.666 382.043
 45798.6 82710.5 7504.08 1028.11 189.35
 185054 10932.5 16164.7 1443.62 234.011
 165124 46995.8 2339.13 3412.17 353.867
 53538.5 41998.6 10077.8 494.898 796.213
 151444 14220.2 9595.25 2275.24 291.297
 198870 37772.4 2963.33 1971.4 526.905
 41548.1 55878.9 9369.94 727.902 613.346
 24574 11822 14118.8 2345.4 335.555
 119868 5358.92 2024.3 2371.9 449.923
pred_Ctot
 12023.9 5706.27 9968.5 1195.25 0.0521537
 20921.8 9219.77 2848.46 4833.79 578.711
 28767.7 6075.39 1596.05 475.617 901.986
 28485.2 12207 1529.08 387.343 333.655
 10592.8 3560.28 784.948 93.7084 44.0688
 49752.7 2007.24 397.884 84.5337 14.8077
 18082 32328.6 820.082 157.483 39.2522
 1731.12 1298.49 1273.27 30.9397 7.40504
 10058.2 2242.08 1105.21 1053.64 31.6823
 19853.3 2722.07 325.472 153.457 150.334
 7759.39 690.802 41.5798 4.67646 4.35021
 42128.1 7055.88 404.501 23.6321 5.12198
 31519.7 8361.57 756.202 41.4821 2.94173
 34555.9 9278.99 1346.55 116.665 6.83782
 22511.5 3768.87 453.077 61.9621 5.66488
 94728.1 2349.95 187.84 21.3906 3.18346
 9172.64 20917.5 291.3 22.3504 2.91752
 110855 1699.73 2226.83 29.8209 2.58127
 66875.3 49716.5 468.994 594.178 8.6302
 70206.3 16518.7 7020.64 63.6653 81.6573
 66140.6 15920.4 2152.07 879.587 18.1676
 127484 20301.7 2892.9 376.984 156.953
 10527 25783.1 2383.66 326.904 60.2102
 37329.6 3020.35 4554.07 407.133 65.9999
 33191.1 12940.9 656.841 959.156 99.4768
 9660.71 10455.3 2559.8 125.84 202.468
 31813.1 4079.32 2806.33 666.126 85.2881
 30352.4 8028.7 643.13 428.326 114.487
 6075.58 11404.1 1952.86 151.877 127.982
 6597.91 4245.78 5161.63 858.255 122.796
 34768.7 2062.97 792.796 929.779 176.377
F
 0.238987 0.349498 0.358217 0.358688 0.358712
 0.530066 0.775177 0.794513 0.795558 0.795613
 0.532781 0.779147 0.798583 0.799633 0.799688
 0.974139 1.4246 1.46013 1.46205 1.46215
 0.570972 0.834998 0.855826 0.856951 0.857011
 0.347678 0.508449 0.521133 0.521818 0.521854
 0.799752 1.16957 1.19874 1.20032 1.2004
 0.195783 0.286316 0.293458 0.293844 0.293865
 0.831867 1.21653 1.24688 1.24852 1.24861
 1.42422 2.0828 2.13475 2.13756 2.13771
 0.266278 0.389408 0.399122 0.399647 0.399674
 0.826561 1.20877 1.23893 1.24056 1.24064
 0.774547 1.13271 1.16096 1.16249 1.16257
 1.34727 1.97026 2.01941 2.02206 2.0222
 1.18151 1.72785 1.77095 1.77328 1.77341
 0.713257 1.04308 1.0691 1.0705 1.07058
 0.649927 0.950463 0.974172 0.975452 0.97552
 0.424098 0.620207 0.635678 0.636514 0.636558
 0.657508 0.96155 0.985535 0.986831 0.986899
 0.645434 0.943893 0.967438 0.968709 0.968776
 0.549367 0.803402 0.823443 0.824525 0.824582
 0.617162 0.902547 0.925061 0.926277 0.926341
 0.432516 0.632518 0.648296 0.649148 0.649193
 0.370593 0.541961 0.55548 0.55621 0.556249
 0.36906 0.539719 0.553182 0.553909 0.553947
 0.325741 0.476368 0.488251 0.488893 0.488927
 0.388637 0.568348 0.582525 0.583291 0.583331
 0.269466 0.394071 0.403901 0.404432 0.40446
 0.25689 0.375679 0.385051 0.385557 0.385583
 0.522929 0.764739 0.783815 0.784845 0.7849
 0.576402 0.842939 0.863966 0.865102 0.865162
YTP_r0W_actual
 295534 33626.4 22911.8 32356.3 6737.6
YTP_p0W_proyectada
 264008 170309 8597.79 4016.1 6256.67
CTP_r0_actual
 34768.7 2062.97 792.796 929.779 176.377
CTP_p0_proyectada
 35107.4 10565.1 367.741 136.139 184.02
Wmedp
 7.52 16.12 23.38 29.5 34
Frms_r0
 0.576402 0.842939 0.863966 0.865102 0.865162
Zrms_r0
 1.5764 1.84294 1.86397 1.8651 1.86516
nmprior
 8.19 8.8 8.5 0
nm_flota  nm_reclas  nm_pelaces    nm_pelaL
inf 21.5181 12.1682 25.751
cv_recla  cv_pelaces  cv_mph
0.317887 0.476788 0.911795
 ------------------------------------------------
Talla a la edad & desviaci?n 
 8 13.2811 15.8009 17.003 17.5766
 0.8 1.32811 1.58009 1.7003 1.75766
