years
 1991 1992 1993 1994 1995 1996 1997 1998 1999 2000 2001 2002 2003 2004 2005 2006 2007 2008 2009 2010 2011 2012 2013 2014 2015 2016 2017 2018 2019 2020 2021
reclasobs
 0 0 0 0 0 0 0 0 0 252601 567819 844713 477998 351125 339783 2.1784e+06 2.13404e+06 4.81314e+06 1.55562e+06 2.62356e+06 3.21686e+06 3.843e+06 1.13348e+06 3.07943e+06 1.97215e+06 2.03268e+06 2.025e+06 2.42433e+06 2.27542e+06 1.05018e+06 2.36338e+06
reclaspred
 3.2091e+06 1.69799e+06 859069 836265 822888 1.91102e+06 951544 758192 513478 300108 502675 745027 737673 519906 472187 1.46953e+06 1.1196e+06 3.5335e+06 2.69114e+06 1.85238e+06 3.17421e+06 2.65268e+06 1.821e+06 3.10516e+06 2.21489e+06 1.8806e+06 2.38734e+06 2.72212e+06 2.0294e+06 1.09475e+06 1.79167e+06
pelacesobs
 0 0 0 0 0 0 0 0 0 0 0 0 0 0 0 552880 188675 0 991730 2.46772e+06 1.41603e+06 1.21717e+06 2.29649e+06 1.80582e+06 0 1.4828e+06 1.56532e+06 1.57751e+06 1.42118e+06 867257 1.10002e+06
pelacespred
 2.05746e+06 1.14327e+06 538854 384369 449424 1.01951e+06 475810 522168 296946 142110 269903 336832 377656 251865 230191 612200 563171 1.86127e+06 1.54438e+06 962735 1.64096e+06 1.40308e+06 1.10563e+06 1.89685e+06 1.40179e+06 1.21708e+06 1.61047e+06 1.80311e+06 1.30843e+06 766119 1.03297e+06
mphobs
 0 0 0 0 0 0 0 0 0 0 0 498337 0 5186 125008 0 168611 109162 213762 579715 649985 157893 87575 83554 0 0 0 0 0 0 0
mphpred
 505652 334187 152488 85461.4 83637.3 105887 192288 86729.9 74488.8 39562.1 20959.6 61892.9 68519.1 54212.1 29174.2 35487.9 159262 119425 358046 229107 228715 284665 278756 199634 319127 252880 196312 225401 346847 205246 103703
desembarqueobs
 494567 514787 250237 358949 120608 361735 552515 73892 212993 205616 52469 317467 293654 387597 252695 516296 358380 742168 942051 627588 828172 859565 418607 520667 417249 300574 415391 372974 316634 284311 391294
desembarquepred
 494552 514275 250346 358963 120609 361696 552388 73895.4 213028 205643 52470.1 317466 293614 387406 252609 516127 358394 741886 941481 627146 828191 859356 418556 520649 417178 300540 415336 372893 316572 284272 391265
Reclutas
 147799 87671.9 86369.5 104864 83781.5 209192 67288.4 25207 28196.7 38325 67402.5 114394 95184.7 67743.4 54827.2 300602 51439 509005 275951 218342 291533 419565 67815.8 222906 182242 76470.7 183370 210431 57219.5 39533.2 161621
log_desv_Rt
 0.297961 -0.224294 -0.23926 -0.0452324 -0.269683 0.645359 -0.488907 -1.47077 -1.35869 -1.05179 -0.487212 0.0417536 -0.142075 -0.482168 -0.693707 1.00789 -0.757498 1.53456 0.922328 0.688167 0.977257 1.34132 -0.4811 0.708856 0.507439 -0.360987 0.513611 0.651262 -0.650999 -1.02075 0.387358
SSB
 1.29032e+06 852773 389117 218079 213425 270202 490679 221316 190079 100954 53484.5 157937 174846 138338 74446.4 90557.5 406401 304748 913658 584632 583633 726406 711325 509424 814343 645296 500948 575175 885079 523744 264629
BT
 1.94811e+06 1.35521e+06 640251 622692 473522 1.26234e+06 860789 503211 460466 321280 301517 571093 608184 636822 474656 1.02499e+06 739990 2.47766e+06 2.23044e+06 1.36353e+06 2.18329e+06 2.00873e+06 1.24548e+06 2.24407e+06 1.53048e+06 1.25857e+06 1.89438e+06 2.01717e+06 1.26258e+06 862014 1.34147e+06
Ftot
 0.320763 0.603005 0.598819 0.956805 0.337685 0.479455 1.11898 0.217409 0.907494 1.45248 0.283025 0.996009 0.920746 1.64467 1.31575 0.947113 0.667772 0.561092 0.773461 0.767182 0.618814 0.758005 0.478119 0.422122 0.418165 0.347019 0.429532 0.345687 0.313978 0.527576 0.561518
BD_Bspro_t
 0.950298 0.687396 0.43917 0.336811 0.311056 0.415682 0.482489 0.265933 0.302517 0.221837 0.170021 0.456974 0.347754 0.258399 0.153121 0.183183 0.38076 0.30743 0.495617 0.360226 0.31792 0.36414 0.384544 0.343185 0.486966 0.489644 0.485281 0.549395 0.63059 0.509915 0.386432
BD_Bspro
 1.6453 1.08739 0.49617 0.278077 0.272141 0.344539 0.625673 0.282204 0.242374 0.128728 0.068199 0.201389 0.222949 0.176397 0.0949279 0.115471 0.51821 0.388589 1.16502 0.745474 0.7442 0.926252 0.907023 0.649576 1.03838 0.822828 0.638767 0.733416 1.12858 0.667836 0.337433
BD_Bo
 1.02832 0.679621 0.310108 0.173799 0.170089 0.215338 0.391048 0.176379 0.151484 0.0804557 0.0426247 0.125869 0.139344 0.110249 0.0593303 0.0721702 0.323883 0.24287 0.728143 0.465924 0.465128 0.578912 0.566893 0.405987 0.648994 0.514271 0.399232 0.458388 0.705367 0.4174 0.210897
BD_Brms
 5.05745 3.34248 1.52516 0.85477 0.836526 1.05907 1.92323 0.867458 0.745024 0.395693 0.209635 0.619042 0.685316 0.54222 0.291796 0.354944 1.59291 1.19447 3.58112 2.29149 2.28757 2.84718 2.78807 1.99671 3.19185 2.52926 1.96348 2.25442 3.4691 2.05284 1.03722
Sel_flota
 0.630346 0.970059 0.998378 0.999915 0.999996
 0.630346 0.970059 0.998378 0.999915 0.999996
 0.630346 0.970059 0.998378 0.999915 0.999996
 0.630346 0.970059 0.998378 0.999915 0.999996
 0.630346 0.970059 0.998378 0.999915 0.999996
 0.630346 0.970059 0.998378 0.999915 0.999996
 0.630346 0.970059 0.998378 0.999915 0.999996
 0.630346 0.970059 0.998378 0.999915 0.999996
 0.630346 0.970059 0.998378 0.999915 0.999996
 0.630346 0.970059 0.998378 0.999915 0.999996
 0.630346 0.970059 0.998378 0.999915 0.999996
 0.630346 0.970059 0.998378 0.999915 0.999996
 0.630346 0.970059 0.998378 0.999915 0.999996
 0.630346 0.970059 0.998378 0.999915 0.999996
 0.630346 0.970059 0.998378 0.999915 0.999996
 0.630346 0.970059 0.998378 0.999915 0.999996
 0.630346 0.970059 0.998378 0.999915 0.999996
 0.630346 0.970059 0.998378 0.999915 0.999996
 0.630346 0.970059 0.998378 0.999915 0.999996
 0.630346 0.970059 0.998378 0.999915 0.999996
 0.630346 0.970059 0.998378 0.999915 0.999996
 0.630346 0.970059 0.998378 0.999915 0.999996
 0.630346 0.970059 0.998378 0.999915 0.999996
 0.630346 0.970059 0.998378 0.999915 0.999996
 0.630346 0.970059 0.998378 0.999915 0.999996
 0.630346 0.970059 0.998378 0.999915 0.999996
 0.630346 0.970059 0.998378 0.999915 0.999996
 0.630346 0.970059 0.998378 0.999915 0.999996
 0.630346 0.970059 0.998378 0.999915 0.999996
 0.630346 0.970059 0.998378 0.999915 0.999996
 0.630346 0.970059 0.998378 0.999915 0.999996
Sel_reclas
 1 1 1 1 1
 1 1 1 1 1
 1 1 1 1 1
 1 1 1 1 1
 1 1 1 1 1
 1 1 1 1 1
 1 1 1 1 1
 1 1 1 1 1
 1 1 1 1 1
 1 1 1 1 1
 1 1 1 1 1
 1 1 1 1 1
 1 1 1 1 1
 1 1 1 1 1
 1 1 1 1 1
 1 1 1 1 1
 1 1 1 1 1
 1 1 1 1 1
 1 1 1 1 1
 1 1 1 1 1
 1 1 1 1 1
 1 1 1 1 1
 1 1 1 1 1
 1 1 1 1 1
 1 1 1 1 1
 1 1 1 1 1
 1 1 1 1 1
 1 1 1 1 1
 1 1 1 1 1
 1 1 1 1 1
 1 1 1 1 1
Sel_pelaces
 0.650724 0.903625 0.979247 0.995807 0.999164
 0.650724 0.903625 0.979247 0.995807 0.999164
 0.650724 0.903625 0.979247 0.995807 0.999164
 0.650724 0.903625 0.979247 0.995807 0.999164
 0.650724 0.903625 0.979247 0.995807 0.999164
 0.650724 0.903625 0.979247 0.995807 0.999164
 0.650724 0.903625 0.979247 0.995807 0.999164
 0.650724 0.903625 0.979247 0.995807 0.999164
 0.650724 0.903625 0.979247 0.995807 0.999164
 0.650724 0.903625 0.979247 0.995807 0.999164
 0.650724 0.903625 0.979247 0.995807 0.999164
 0.650724 0.903625 0.979247 0.995807 0.999164
 0.650724 0.903625 0.979247 0.995807 0.999164
 0.650724 0.903625 0.979247 0.995807 0.999164
 0.650724 0.903625 0.979247 0.995807 0.999164
 0.650724 0.903625 0.979247 0.995807 0.999164
 0.650724 0.903625 0.979247 0.995807 0.999164
 0.650724 0.903625 0.979247 0.995807 0.999164
 0.650724 0.903625 0.979247 0.995807 0.999164
 0.650724 0.903625 0.979247 0.995807 0.999164
 0.650724 0.903625 0.979247 0.995807 0.999164
 0.650724 0.903625 0.979247 0.995807 0.999164
 0.650724 0.903625 0.979247 0.995807 0.999164
 0.650724 0.903625 0.979247 0.995807 0.999164
 0.650724 0.903625 0.979247 0.995807 0.999164
 0.650724 0.903625 0.979247 0.995807 0.999164
 0.650724 0.903625 0.979247 0.995807 0.999164
 0.650724 0.903625 0.979247 0.995807 0.999164
 0.650724 0.903625 0.979247 0.995807 0.999164
 0.650724 0.903625 0.979247 0.995807 0.999164
 0.650724 0.903625 0.979247 0.995807 0.999164
pf_obs 
 0.8446 0.082 0.0669 0.0065 0
 0.8095 0.147 0.0364 0.0071 0
 0.9664 0.0169 0.016 0.0007 0
 0.9276 0.0648 0.0075 0.0001 0
 0.7033 0.2144 0.0806 0.0017 0
 0.9318 0.0425 0.0243 0.0014 0
 0.5671 0.3108 0.0964 0.0239 0.0018
 0.0768 0.2599 0.5324 0.112 0.0189
 0.490249 0.384438 0.106611 0.0170017 0.00170017
 0.7925 0.1577 0.0466 0.003 0.0002
 0.840416 0.127587 0.0312969 0.00059994 9.999e-05
 0.8084 0.0986 0.0794 0.0134 0.0002
 0.7335 0.1905 0.0724 0.0035 0.0001
 0.4001 0.4547 0.1325 0.0127 0
 0.49795 0.308269 0.164784 0.0264974 0.00249975
 0.9179 0.0499 0.0305 0.0017 0
 0.2467 0.6533 0.0926 0.0074 0
 0.9418 0.0223 0.034 0.0019 0
 0.707729 0.231977 0.0356964 0.0245975 0
 0.517169 0.277429 0.184464 0.0207286 0.00020938
 0.811772 0.124168 0.05621 0.00726502 0.000585176
 0.764997 0.148141 0.077277 0.00933861 0.000247198
 0.163321 0.427699 0.378323 0.0303852 0.000271297
 0.753843 0.0900009 0.118128 0.0371064 0.000921714
 0.721811 0.176058 0.0630433 0.0369309 0.00215725
 0.143369 0.312575 0.442814 0.0836902 0.0175525
 0.692698 0.0596174 0.167031 0.0765114 0.00414204
 0.394062 0.376323 0.152708 0.0712218 0.00568511
 0.125707 0.32114 0.495352 0.0537591 0.00404204
 0.23352 0.215282 0.420074 0.123614 0.00750983
 0.774587 0.0839891 0.0768558 0.0609784 0.00358967
pf_pred 
 0.523308 0.163848 0.28819 0.0246525 9.49141e-07
 0.471417 0.339983 0.0662464 0.112727 0.00962625
 0.625378 0.22742 0.0960112 0.0180051 0.0331859
 0.723383 0.205719 0.0436983 0.0177537 0.0094457
 0.691472 0.256137 0.0394175 0.00800355 0.00496939
 0.820059 0.141081 0.0324449 0.00482933 0.00158651
 0.437248 0.497834 0.0512954 0.0113771 0.00224534
 0.452924 0.32815 0.194744 0.0191179 0.00506377
 0.590626 0.233056 0.107093 0.0615902 0.00763475
 0.785506 0.156707 0.0335415 0.0147403 0.00950516
 0.877202 0.108766 0.0104066 0.00210699 0.00151838
 0.788139 0.19487 0.015106 0.00139896 0.000486488
 0.729615 0.236593 0.0311952 0.00230899 0.00028747
 0.69165 0.257161 0.0450405 0.00567764 0.000471418
 0.796394 0.169704 0.0285529 0.00470807 0.000640661
 0.956815 0.0383864 0.00403491 0.000643871 0.000120269
 0.368663 0.616371 0.0133691 0.0013433 0.000253775
 0.935117 0.0326457 0.031502 0.000656803 7.82942e-05
 0.591062 0.393141 0.00809666 0.00752479 0.000175235
 0.643544 0.256722 0.0960365 0.00189712 0.00180015
 0.759932 0.183422 0.0412664 0.0148101 0.000568863
 0.777513 0.188175 0.0264562 0.00572633 0.00212962
 0.296953 0.605596 0.0829453 0.0111906 0.00331549
 0.774284 0.093272 0.114649 0.0151498 0.00264436
 0.629161 0.315807 0.0232103 0.0275535 0.00426839
 0.426673 0.422092 0.129467 0.00919059 0.0125769
 0.753502 0.135015 0.0828 0.0245611 0.00412183
 0.699444 0.251242 0.0274428 0.0162521 0.00561928
 0.329981 0.529532 0.118088 0.012475 0.00992431
 0.413818 0.25964 0.259854 0.0560711 0.0106166
 0.855748 0.0789874 0.0295093 0.028465 0.00729057
pobs_RECLAS
 0 0 0 0 0
 0 0 0 0 0
 0 0 0 0 0
 0 0 0 0 0
 0 0 0 0 0
 0 0 0 0 0
 0 0 0 0 0
 0 0 0 0 0
 0 0 0 0 0
 0 0 0 0 0
 0.991045 0.00858322 0.000360255 1.14367e-05 0
 0.934742 0.0480273 0.0164251 0.00080598 0
 0.827803 0.169806 0.00239088 0 0
 0.941827 0.0461693 0.0120037 0 0
 0.791401 0.0380133 0.147996 0.0225897 0
 0.846168 0.0940531 0.0597789 0 0
 0.134021 0.677848 0.182769 0.00536245 0
 0.80878 0.0450904 0.141981 0.00414843 0
 0.846168 0.0940531 0.0597789 0 0
 0.905697 0.0802665 0.012482 0.00150086 5.37128e-05
 0.989698 0.0102097 9.19794e-05 0 0
 0.975433 0.0193895 0.00387452 0.00125025 5.28907e-05
 0.303575 0.632131 0.0575291 0.00676475 0
 0.966965 0.00978017 0.0227588 0.000495775 0
 0.843318 0.132988 0.00938335 0.0141283 0.000182051
 0.564624 0.303363 0.111486 0.0197234 0.00080311
 0.826376 0.0876187 0.0782897 0.00655872 0.00115652
 0.89761 0.0855135 0.0140674 0.00269457 0.000114338
 0.34875 0.467042 0.161289 0.0227151 0.000203297
 0.318654 0.224769 0.449479 0.00709798 0
 0.937255 0.0296025 0.0250945 0.00804832 0
ppred_RECLAS
 0.635298 0.127824 0.218239 0.018639 7.17557e-07
 0.587192 0.268537 0.0507304 0.0861819 0.00735877
 0.727108 0.167708 0.0686458 0.012852 0.0236859
 0.809443 0.142927 0.0293774 0.0119144 0.00633836
 0.778163 0.185103 0.0276493 0.00560513 0.00347992
 0.877888 0.0963686 0.021499 0.00319487 0.00104948
 0.559554 0.39116 0.0389584 0.00862508 0.00170206
 0.564886 0.264071 0.152178 0.0149157 0.00395041
 0.701431 0.172406 0.0766822 0.0440236 0.00545668
 0.860762 0.102737 0.0212041 0.00930026 0.00599656
 0.917606 0.0732262 0.00680178 0.00137496 0.000990768
 0.85761 0.131315 0.00984741 0.000910345 0.000316544
 0.8132 0.164117 0.0209432 0.00154746 0.000192641
 0.793206 0.173544 0.0292638 0.00368137 0.000305634
 0.866734 0.111728 0.0181455 0.00298634 0.000406332
 0.972819 0.0242483 0.00246646 0.000392893 7.33816e-05
 0.480457 0.5076 0.0106708 0.00107039 0.0002022
 0.958378 0.0212626 0.0198963 0.000414147 4.93642e-05
 0.697342 0.291328 0.00581186 0.00539216 0.000125559
 0.74351 0.186361 0.0675332 0.0013318 0.0012636
 0.834243 0.127579 0.0278258 0.0099698 0.000382912
 0.848165 0.129049 0.0175764 0.00379787 0.0014123
 0.399289 0.519617 0.0690398 0.00929941 0.00275495
 0.84514 0.0651353 0.0776868 0.010249 0.00178878
 0.72703 0.233521 0.0166534 0.0197378 0.00305738
 0.538852 0.342179 0.10187 0.00721998 0.00987938
 0.828928 0.0949961 0.0565262 0.0167404 0.00280913
 0.78463 0.180926 0.0191813 0.0113414 0.00392105
 0.435332 0.449051 0.0972079 0.0102529 0.00815588
 0.530102 0.211727 0.205516 0.0442735 0.00838208
 0.904475 0.053054 0.0192204 0.0185098 0.00474038
pobs_PELACES
 0 0 0 0 0
 0 0 0 0 0
 0 0 0 0 0
 0 0 0 0 0
 0 0 0 0 0
 0 0 0 0 0
 0 0 0 0 0
 0 0 0 0 0
 0 0 0 0 0
 0 0 0 0 0
 0 0 0 0 0
 0 0 0 0 0
 0 0 0 0 0
 0 0 0 0 0
 0 0 0 0 0
 0 0 0 0 0
 0.505614 0.472636 0.0217494 0 0
 0 0 0 0 0
 0.443492 0.261883 0.143347 0.151278 0
 0.227955 0.32914 0.350689 0.0885471 0.00366901
 0.970185 0.0296113 0.000203453 0 0
 0.997202 0.00247181 0.000326279 0 0
 0.445219 0.490057 0.0546422 0.010081 0
 0.90214 0.0892962 0.00764917 0.000914606 0
 0 0 0 0 0
 0.581667 0.319106 0.0959925 0.00289975 0.000334073
 0.762889 0.0836404 0.116647 0.0363945 0.000428098
 0.88444 0.0763242 0.0277011 0.0115352 0
 0.521256 0.241999 0.230069 0.00667565 0
 0.616807 0.101726 0.260614 0.0208532 0
 0.833518 0.0704572 0.0857862 0.0102388 0
ppred_PELACES
 0.552514 0.148919 0.274711 0.0238549 9.21445e-07
 0.515215 0.305806 0.0622539 0.107514 0.00921104
 0.665228 0.199234 0.0878814 0.0167264 0.0309299
 0.769451 0.16948 0.0374142 0.0154229 0.00823233
 0.721221 0.229383 0.037014 0.00762915 0.00475245
 0.84302 0.121782 0.0293106 0.00442829 0.00145953
 0.506994 0.434137 0.04637 0.0104336 0.00206583
 0.481192 0.304849 0.189993 0.018935 0.00503179
 0.644195 0.198607 0.0949198 0.0553899 0.0068885
 0.837014 0.117883 0.0260107 0.0115929 0.0074997
 0.891306 0.095686 0.00960639 0.00197446 0.00142754
 0.828217 0.157496 0.0126805 0.00119147 0.000415683
 0.774983 0.19589 0.0268577 0.00201709 0.000251945
 0.766622 0.193696 0.0348556 0.00445525 0.000371113
 0.842876 0.130188 0.0226331 0.00378535 0.000516767
 0.966015 0.0300685 0.00328522 0.000531912 9.9679e-05
 0.417391 0.568185 0.0128635 0.00131172 0.000248618
 0.944461 0.0273235 0.0275626 0.00058326 6.97548e-05
 0.64334 0.342225 0.00734529 0.00692739 0.000161849
 0.690236 0.220448 0.0859526 0.00172303 0.00164028
 0.792203 0.156959 0.0368849 0.0134349 0.000517727
 0.812288 0.157641 0.0231033 0.00507458 0.00189339
 0.333117 0.570567 0.0817874 0.0112 0.00332915
 0.797317 0.0813876 0.10478 0.0140542 0.00246115
 0.664901 0.282985 0.0217845 0.0262503 0.00407982
 0.461349 0.3913 0.125834 0.00906765 0.0124493
 0.779224 0.118176 0.0758989 0.0228528 0.00384771
 0.728931 0.224535 0.0257136 0.0154581 0.00536229
 0.361181 0.499465 0.116826 0.0125285 0.00999957
 0.451956 0.236275 0.247315 0.0541646 0.0102891
 0.874803 0.0669091 0.026131 0.025583 0.00657385
pobs_pel_tallas
 0 0 0 0 0 0 0 0 0 0 0 0 0 0 0 0 0 0 0 0 0 0 0 0 0 0
 0 0 0 0 0 0 0 0 0 0 0 0 0 0 0 0 0 0 0 0 0 0 0 0 0 0
 0 0 0 0 0 0 0 0 0 0 0 0 0 0 0 0 0 0 0 0 0 0 0 0 0 0
 0 0 0 0 0 0 0 0 0 0 0 0 0 0 0 0 0 0 0 0 0 0 0 0 0 0
 0 0 0 0 0 0 0 0 0 0 0 0 0 0 0 0 0 0 0 0 0 0 0 0 0 0
 0 0 0 0 0 0 0 0 0 0 0 0 0 0 0 0 0 0 0 0 0 0 0 0 0 0
 0 0 0 0 0 0 0 0 0 0 0 0 0 0 0 0 0 0 0 0 0 0 0 0 0 0
 0 0 0 0 0 0 0 0 0 0 0 0 0 0 0 0 0 0 0 0 0 0 0 0 0 0
 0 0 0 0 0 0 0 0 0 0 0 0 0 0 0 0 0 0 0 0 0 0 0 0 0 0
 0 0 0 0 0 0 0 0 0 0 0 0 0 0 0 0 0 0 0 0 0 0 0 0 0 0
 0 0 0 0 0 0 0 0 0 0 0 0 0 0 0 0 0 0 0 0 0 0 0 0 0 0
 0 0 0 0 0 0 0 0 0 0 0 0 0 0 0 0 0 0 0 0 0 0 0 0 0 0
 0.00862536 0 0 0.000197151 0.00414017 0.0128641 0.00837892 0.0270097 0.101434 0.158115 0.152841 0.127902 0.109271 0.109419 0.0830992 0.0579132 0.0238553 0.00714673 0.00463305 0.00128148 0.00103504 0.000492878 0.000147863 0.000147863 4.92878e-05 0
 0 0 0 0 0 0 0 0 0 0 0 0 0 0 0 0 0 0 0 0 0 0 0 0 0 0
 0 0 0 0 0 0 0 0.0054083 0.00873648 0.0413646 0.0450493 0.0745869 0.0622846 0.0627006 0.0613931 0.0827291 0.12552 0.122667 0.0946155 0.0697135 0.0546179 0.0294188 0.0215738 0.0213955 0.0102223 0.00600262
 0 0 0 0 0.00359764 0.0251062 0.0480494 0.140153 0.205849 0.193036 0.1447 0.116669 0.0760912 0.0342217 0.00950174 0.001854 0.000860785 0 0 0 0.000165536 0 0.000143464 0 0 0
 0 0 0 0 0 0 0 0.000145254 0.000435761 0.0275982 0.070085 0.0708112 0.156366 0.174668 0.174014 0.160142 0.0824315 0.0480064 0.0283245 0.00493863 0.00203355 0 0 0 0 0
 0 0 0 0 0 0 0 0 0 0 0 0 0 0 0 0 0 0 0 0 0 0 0 0 0 0
 0 0 1.00437e-05 0.000401748 0.00122533 0.00171747 0.00176769 0.0269171 0.070346 0.194647 0.189555 0.159765 0.064822 0.0314167 0.0384472 0.0292271 0.0345202 0.0313363 0.0194345 0.0106764 0.0143323 0.0359363 0.0279516 0.0138201 0.00172751 0
 0 0.0021121 0.0136068 0.0755702 0.200478 0.177729 0.0527432 0.0373336 0.0318909 0.0142505 0.0149659 0.0166563 0.0217959 0.0798694 0.0677717 0.0528807 0.04013 0.0224614 0.0357745 0.0225083 0.00881397 0.00855152 0.00135912 0.000746735 0 0
 0 0 0 0 5.4009e-05 0.00500934 0.000945158 0.0243581 0.138947 0.33067 0.221406 0.137944 0.0707744 0.0437923 0.0131692 0.00525238 0.0047753 0.00276346 9.45158e-05 9.00151e-06 2.25038e-05 9.00151e-06 4.50075e-06 0 0 0
 0.000866109 0.00284123 0.00948549 0.0512746 0.133035 0.25785 0.225252 0.132002 0.0553304 0.0519788 0.0540692 0.017754 0.00435017 0.00159236 0.00146478 0.000404838 0.000125132 0.000115318 0.000107957 0.000100596 0 0 0 0 0 0
 0 0 0 0 0.00144013 0.00171154 0.00461396 0.0210425 0.0478622 0.0707936 0.0888783 0.103762 0.0637923 0.0337046 0.0602308 0.124433 0.169614 0.0934646 0.0462172 0.0250306 0.0313229 0.00938855 0.002487 0.000210481 0 0
 0 0.00764035 0.051015 0.0998891 0.058973 0.0496711 0.0374665 0.0718981 0.12319 0.153886 0.159021 0.0857701 0.0377988 0.023471 0.0147837 0.00900784 0.00315554 0.000888139 0.00291439 0.00214683 0.00393193 0.00274676 0.000635225 9.99891e-05 0 0
 0 0 0 0 0 0 0 0 0 0 0 0 0 0 0 0 0 0 0 0 0 0 0 0 0 0
 0 0 0 0 0 0 0 0 0 0 0 0 0 0 0 0 0 0 0 0 0 0 0 0 0 0
 0 0 0 0 0 0 0 0 0 0 0 0 0 0 0 0 0 0 0 0 0 0 0 0 0 0
 0 0 0 0 0 0 0 0 0 0 0 0 0 0 0 0 0 0 0 0 0 0 0 0 0 0
 0 0 0 0 0 0 0 0 0 0 0 0 0 0 0 0 0 0 0 0 0 0 0 0 0 0
 0 0 0 0 0 0 0 0 0 0 0 0 0 0 0 0 0 0 0 0 0 0 0 0 0 0
 0 0 0 0 0 0 0 0 0 0 0 0 0 0 0 0 0 0 0 0 0 0 0 0 0 0
ppred_pel_tallas
 1.10359e-16 4.55099e-05 0.000442372 0.00293972 0.0133635 0.041579 0.0885891 0.129301 0.129316 0.0886614 0.0418228 0.0140728 0.0047391 0.00443358 0.00781031 0.013321 0.020303 0.0278555 0.0350052 0.0411701 0.0462587 0.0502544 0.0527198 0.0527861 0.0497081 0.0435014
 1.14216e-16 4.24376e-05 0.000412509 0.00274127 0.0124614 0.0387723 0.0826096 0.120577 0.120607 0.0827539 0.0392573 0.0138631 0.00626346 0.0081143 0.0147091 0.0243592 0.0353588 0.0450795 0.0509135 0.0517736 0.0487706 0.044416 0.0409738 0.0392428 0.0385132 0.0374144
 1.09499e-16 5.4794e-05 0.000532617 0.00353943 0.0160898 0.0500613 0.106662 0.15568 0.155699 0.106756 0.0503785 0.0170072 0.0058474 0.00558776 0.00970523 0.0160897 0.0234845 0.030197 0.0345386 0.0357482 0.034413 0.0319735 0.0297273 0.0281355 0.026852 0.0252405
 1.04063e-16 6.33787e-05 0.000616063 0.00409396 0.0186106 0.0579044 0.123372 0.180069 0.180085 0.123452 0.058173 0.0193865 0.00604308 0.0048754 0.00816578 0.0134345 0.019431 0.0246171 0.0274725 0.0273082 0.0246686 0.0209336 0.0174513 0.0148813 0.0131353 0.0117569
 1.02697e-16 5.94061e-05 0.000577448 0.00383735 0.017444 0.054275 0.115639 0.168784 0.168806 0.115748 0.0546379 0.0184923 0.00646896 0.00632351 0.0109759 0.0180609 0.0260341 0.0327858 0.0362045 0.0353144 0.0308465 0.0247245 0.018897 0.014429 0.0113781 0.00925654
 1.01569e-16 6.94384e-05 0.000674966 0.00448539 0.0203899 0.0634407 0.135168 0.197284 0.197295 0.135225 0.0636337 0.0209475 0.00588596 0.0037354 0.00589048 0.0096509 0.0139483 0.017649 0.019643 0.0194111 0.0173167 0.0143305 0.0114224 0.00910266 0.00738026 0.00602016
 1.02846e-16 4.17605e-05 0.000405927 0.00269753 0.0122626 0.0381537 0.0812921 0.118657 0.118699 0.0814964 0.0388397 0.0142436 0.007669 0.0112546 0.0206333 0.034013 0.0489176 0.0613554 0.0672804 0.0648202 0.0553901 0.0427369 0.0307157 0.0215239 0.0154077 0.0114931
 1.08312e-16 3.96352e-05 0.000385268 0.00256024 0.0116385 0.0362119 0.0771544 0.112615 0.112645 0.0772992 0.0366988 0.0130477 0.00610854 0.00816778 0.0149269 0.0248928 0.036502 0.0472467 0.0545439 0.0571232 0.0556361 0.0519291 0.0476403 0.0433175 0.0386083 0.0330608
 1.09511e-16 5.30615e-05 0.000515777 0.00342752 0.015581 0.0484784 0.103289 0.150758 0.150777 0.103383 0.0487951 0.0164971 0.00573313 0.00556941 0.00971165 0.0161327 0.0236186 0.0305221 0.0352029 0.0369301 0.0362757 0.0345975 0.033043 0.0318892 0.0306347 0.0285844
 1.03213e-16 6.89437e-05 0.000670158 0.00445343 0.0202447 0.0629888 0.134205 0.195878 0.195889 0.13426 0.0631756 0.0207845 0.00580933 0.00363331 0.00570615 0.00935021 0.0135251 0.0171441 0.0191528 0.0190777 0.0173034 0.014793 0.0124821 0.0108193 0.00972512 0.00886013
 1.00742e-16 7.34157e-05 0.000713627 0.0047423 0.0215578 0.0670744 0.142909 0.208582 0.208592 0.142954 0.0672256 0.0219944 0.00583784 0.00310418 0.00461048 0.00749792 0.0107753 0.013511 0.0148095 0.0142593 0.0121758 0.0093897 0.00675538 0.00475962 0.00345444 0.00263996
 1.00597e-16 6.82191e-05 0.000663114 0.00440663 0.0200319 0.0623268 0.132794 0.19382 0.193836 0.132868 0.0625755 0.02075 0.00620844 0.00459376 0.00752517 0.0123114 0.017678 0.0221232 0.0241645 0.0231161 0.0194958 0.0146831 0.0101105 0.0066147 0.00431755 0.00291682
 1.01071e-16 6.38344e-05 0.000620493 0.00412339 0.0187444 0.0583208 0.124259 0.181364 0.181383 0.124352 0.0586305 0.0196388 0.00636843 0.00552078 0.00936832 0.0153809 0.022136 0.0278029 0.0305558 0.0295429 0.0253828 0.0197349 0.0143062 0.0100707 0.00714828 0.00518115
 1.01566e-16 6.31457e-05 0.000613798 0.00407891 0.0185421 0.0576915 0.122919 0.179407 0.179426 0.12301 0.0579981 0.0194276 0.006302 0.0054684 0.00928744 0.0152656 0.0220103 0.0277299 0.030636 0.0298923 0.0260954 0.0208447 0.0157672 0.0117632 0.00891042 0.00685034
 1.01154e-16 6.94266e-05 0.000674852 0.00448463 0.0203865 0.0634299 0.135145 0.19725 0.197263 0.135206 0.0636359 0.0209815 0.00597863 0.00393722 0.00626797 0.0102593 0.014788 0.0186279 0.0205764 0.0200734 0.0175238 0.014007 0.0106197 0.00796679 0.00609464 0.00475277
 1.00173e-16 7.95694e-05 0.000773442 0.0051398 0.0233648 0.0726965 0.154888 0.226064 0.226067 0.154902 0.072744 0.023502 0.00548413 0.00152484 0.00150577 0.00236116 0.00338823 0.00424908 0.00465852 0.00448614 0.00382936 0.00294722 0.00210673 0.00146085 0.00102813 0.000749985
 1.00691e-16 3.43801e-05 0.000334187 0.00222079 0.0100954 0.0314109 0.0669263 0.0976923 0.0977469 0.0671932 0.0323071 0.0126824 0.00870898 0.0144798 0.0268462 0.0441876 0.063321 0.078933 0.0856326 0.0809338 0.0667751 0.0482955 0.0308875 0.0177824 0.00953697 0.00503563
 1.00873e-16 7.7794e-05 0.000756185 0.00502512 0.0228435 0.0710745 0.151432 0.22102 0.221022 0.151445 0.0711185 0.0229709 0.00534678 0.0014641 0.00143897 0.00229914 0.0034048 0.00448899 0.00532846 0.00580665 0.00595443 0.00588353 0.00567411 0.005321 0.00477576 0.00402814
 1.01022e-16 5.29912e-05 0.000515093 0.00342298 0.0155604 0.0484143 0.103153 0.150562 0.150595 0.103314 0.0489541 0.0171187 0.00733132 0.00903654 0.0162059 0.0266271 0.0381636 0.0475966 0.0516878 0.0489531 0.0405707 0.0296387 0.0193918 0.0117449 0.00698793 0.00440296
 1.02988e-16 5.68539e-05 0.00055264 0.00367249 0.0166946 0.0519433 0.110671 0.161533 0.161554 0.110776 0.0522936 0.0177075 0.00621885 0.00612421 0.0106756 0.0176556 0.0256507 0.0327139 0.0368747 0.0371806 0.034199 0.0295196 0.0246969 0.0205 0.0169127 0.0136229
 1.0254e-16 6.52528e-05 0.00063428 0.00421502 0.0191609 0.0596166 0.12702 0.185393 0.185408 0.127094 0.0598654 0.0198796 0.00602047 0.00457979 0.00757085 0.0124454 0.0179984 0.0227955 0.0254179 0.02521 0.0226513 0.0189957 0.0154792 0.0127264 0.0107017 0.00905566
 1.01537e-16 6.69071e-05 0.000650361 0.00432188 0.0196466 0.061128 0.13024 0.190093 0.190108 0.130315 0.0613774 0.0203667 0.0061295 0.00459662 0.00756214 0.0123973 0.0178557 0.0224605 0.0247532 0.0240593 0.0208831 0.0165558 0.0124324 0.00926368 0.0071054 0.00563175
 1.04193e-16 2.74385e-05 0.000266712 0.0017724 0.0080571 0.0250689 0.053414 0.0779708 0.0780258 0.0536827 0.0259711 0.010663 0.00831341 0.0145453 0.0271434 0.0448252 0.064556 0.0811464 0.0893079 0.0865771 0.0747626 0.0586848 0.043279 0.0313233 0.0231012 0.0175143
 1.04871e-16 6.56739e-05 0.000638374 0.00424222 0.0192845 0.0600014 0.12784 0.186587 0.186595 0.127879 0.0601331 0.0196671 0.00520969 0.00277406 0.00419116 0.00700604 0.0105083 0.014095 0.0171714 0.0194234 0.0209157 0.0218718 0.0223492 0.0221253 0.0208885 0.0185376
 1.04025e-16 5.4767e-05 0.000532355 0.00353769 0.0160818 0.0500367 0.106609 0.155605 0.155633 0.106743 0.0504837 0.0173728 0.00677721 0.00760125 0.0134715 0.0221636 0.0318772 0.0400017 0.0439266 0.0424779 0.0366367 0.0288942 0.0217691 0.0166275 0.0134878 0.0115976
 1.06748e-16 3.80008e-05 0.000369381 0.00245467 0.0111586 0.0347187 0.0739733 0.107974 0.108012 0.0741582 0.0353398 0.0129538 0.00696608 0.0102351 0.0188253 0.031193 0.0452358 0.0575177 0.0645327 0.0646226 0.0588912 0.0503125 0.0418067 0.0348326 0.0293248 0.0245535
 1.05164e-16 6.41837e-05 0.000623888 0.00414596 0.0188469 0.0586399 0.124939 0.182354 0.182366 0.124995 0.0588288 0.0193939 0.00552382 0.00364784 0.00585456 0.0097015 0.0142612 0.018549 0.0215961 0.0229471 0.0228793 0.022102 0.0211954 0.0202676 0.0190467 0.0172303
 1.03258e-16 6.00411e-05 0.000583621 0.00387837 0.0176305 0.0548552 0.116876 0.170588 0.170609 0.116981 0.0552101 0.0186557 0.00645139 0.0061999 0.0107246 0.0176311 0.0253855 0.0319135 0.0351486 0.0341536 0.0296834 0.023676 0.0180876 0.0139762 0.0113607 0.00968017
 1.06448e-16 2.97501e-05 0.000289182 0.00192172 0.00873587 0.0271808 0.0579133 0.0845363 0.0845845 0.0581489 0.0279721 0.0110223 0.00766436 0.0128366 0.0238921 0.039536 0.0571459 0.0722675 0.0803542 0.0792748 0.0705282 0.05812 0.0460644 0.0364923 0.0294664 0.0240225
 1.14371e-16 3.72271e-05 0.00036186 0.00240469 0.0109314 0.0340117 0.0724665 0.105772 0.105795 0.0725796 0.0343926 0.0120361 0.00519449 0.0065082 0.0118754 0.0200058 0.0298275 0.0396312 0.0476456 0.0529913 0.056019 0.0576707 0.0584545 0.0579728 0.05535 0.0500652
 1.0445e-16 7.20564e-05 0.000700414 0.0046545 0.0211587 0.0658325 0.140263 0.20472 0.204726 0.140295 0.065939 0.0214669 0.00543003 0.00239966 0.00331806 0.0054221 0.00792669 0.0102367 0.0118076 0.012417 0.0122933 0.0119314 0.0117388 0.0117918 0.011857 0.0116013
pSPR Fmed_Fpbrs
0.406726   0.253328 0.253328
Fs Fmed_Fpbrs
0.599477   1.005 1.005
SSBpbr Bo_Bmed_Bpbrs
1.25478e+06  447613  255132 255132
Ro
109716
SPR SPRFo_SPRFmed_SPRFpbrs
784242 318972 198671
Fref
1.005
Nvult_r0
 119887 8203.68 3008.58 2899.25 742.529
CTP_r0
 31341 2892.84 1080.75 1042.51 267.011
YTP_r0
391265
Np
 130127 41733.4 2225.28 799.79 931.422
Nvult_p0
 104720 35941.9 1925.13 692.08 805.996
CTP_p0
 40612.2 17742.6 964.184 346.888 404.002
YTP_p0
 637927
CBA_c0
465263
log_Ro
11.4256
likeval ReclasPelacesDesembMPH_pf_preclas_ppelaces_ptallas_desvR_qrecl_qpela
 11.739 16.3941 0.0151503 0.000832652 244.288 116.546 101.227 0 25.6438 2.34571e-05 7.48645e-05 0.0356417 0 0 0
q_reclas_q_pelaces
1.98637 3.42458
M
1
N
 147799 31402.8 53859.5 4601.08 0.177133
 87671.9 44418.9 8463.28 14384.3 1228.25
 86369.5 22054.1 9103.99 1705.25 3142.81
 104864 21783.9 4538.56 1842.02 979.981
 83781.5 21105.7 3167.73 642.336 398.797
 209192 24912.1 5595.54 831.834 273.253
 67288.4 56885 5756.06 1275.44 251.704
 25207 12227 7067.83 692.871 183.508
 28196.7 8085.56 3642.77 2092.79 259.409
 38325 5854.25 1233.38 541.573 349.212
 67402.5 5643.7 526.333 106.42 76.6849
 114394 20744.5 1577.73 145.965 50.7569
 95184.7 22461.9 2904.01 214.723 26.7316
 67743.4 19598.1 3382.59 426.066 35.3751
 54827.2 8837.58 1462.29 240.902 32.7797
 300602 8800.49 907.242 144.624 27.0128
 51439 60872.3 1291.82 129.649 24.4917
 509005 12422 11716.5 243.988 29.0827
 275951 131470 2651.64 2461.61 57.3218
 218342 62344.5 22839.1 450.666 427.603
 291533 49524.7 10896.7 3906.09 150.026
 419565 72608.7 9996.01 2161.18 803.692
 67815.8 95718.8 12804.2 1725.32 511.134
 222906 18456.5 22145 2922.48 510.075
 182242 62844.8 4508.35 5345.06 827.963
 76470.7 51508.5 15410.1 1092.47 1494.89
 183370 22604.9 13532.8 4009.1 672.761
 210431 51457.3 5482.13 3242.29 1120.97
 57219.5 62256 13536.8 1428.13 1136.05
 39533.2 17270.2 16889.3 3639.86 689.132
 161621 10429 3808.37 3669.14 939.693
pred_Ctot
 17387.1 5443.91 9575.25 819.09 0.0315356
 18072.2 13033.5 2539.61 4321.5 369.03
 17698.2 6436 2717.12 509.547 939.164
 31511.1 8961.28 1903.53 773.363 411.461
 10331.6 3827.08 588.957 119.585 74.2503
 35347.8 6081.14 1398.5 208.163 68.385
 22773.9 25929.5 2671.7 592.57 116.948
 2063.57 1495.09 887.276 87.1033 23.0711
 8130 3208.03 1474.15 847.793 105.093
 15620.4 3116.24 666.998 293.122 189.017
 7063.77 875.851 83.8001 16.9667 12.2269
 35456.9 8766.82 679.589 62.9364 21.8862
 27758.7 9001.36 1186.84 87.8474 10.937
 29983.8 11148.2 1952.56 246.132 20.4365
 20867 4446.56 748.138 123.36 16.7865
 89617.8 3595.37 377.921 60.3067 11.2647
 11558.2 19324.2 419.141 42.1146 7.95626
 98640.2 3443.61 3322.97 69.2824 8.25882
 70010 46566.7 959.032 891.295 20.7562
 55027.5 21951.5 8211.78 162.217 153.925
 61432.3 14827.7 3335.94 1197.23 45.9864
 104706 25341.2 3562.81 771.155 286.792
 11430.9 23311.7 3192.89 430.77 127.626
 33638.8 4052.21 4980.95 658.185 114.884
 27271.4 13688.8 1006.06 1194.32 185.016
 9667.93 9564.14 2933.59 208.248 284.978
 28106 5036.15 3088.49 916.141 153.747
 26510.8 9522.78 1040.16 615.998 212.986
 6600.27 10591.7 2361.98 249.525 198.506
 7263.32 4557.2 4560.96 984.16 186.342
 31341 2892.84 1080.75 1042.51 267.011
F
 0.202192 0.311159 0.320243 0.320736 0.320762
 0.380102 0.584951 0.602027 0.602954 0.603003
 0.377463 0.58089 0.597848 0.598768 0.598816
 0.603118 0.928158 0.955253 0.956723 0.956801
 0.212858 0.327574 0.337137 0.337656 0.337683
 0.302222 0.4651 0.478678 0.479414 0.479453
 0.705344 1.08548 1.11717 1.11888 1.11898
 0.137043 0.2109 0.217056 0.21739 0.217408
 0.572035 0.880323 0.906023 0.907417 0.90749
 0.915562 1.40899 1.45012 1.45235 1.45247
 0.178404 0.274551 0.282566 0.283001 0.283024
 0.62783 0.966188 0.994394 0.995924 0.996005
 0.580388 0.893178 0.919253 0.920667 0.920742
 1.03671 1.59543 1.64201 1.64453 1.64467
 0.829379 1.27636 1.31362 1.31564 1.31575
 0.597008 0.918755 0.945577 0.947032 0.947108
 0.420927 0.647778 0.666689 0.667715 0.667769
 0.353682 0.544293 0.560182 0.561044 0.56109
 0.487547 0.750303 0.772206 0.773394 0.773457
 0.48359 0.744212 0.765938 0.767116 0.767178
 0.390067 0.600287 0.617811 0.618761 0.618811
 0.477805 0.735309 0.756775 0.75794 0.758001
 0.30138 0.463804 0.477344 0.478078 0.478117
 0.266083 0.409484 0.421438 0.422086 0.42212
 0.263588 0.405645 0.417486 0.418129 0.418163
 0.218742 0.336629 0.346456 0.346989 0.347017
 0.270754 0.416672 0.428836 0.429495 0.42953
 0.217902 0.335337 0.345126 0.345657 0.345685
 0.197914 0.304577 0.313469 0.313951 0.313976
 0.332555 0.51178 0.52672 0.527531 0.527574
 0.35395 0.544706 0.560607 0.56147 0.561515
YTP_r0W_actual
 266399 47153.4 31233.8 36279.3 10199.8
YTP_p0W_proyectada
 305403 286011 22542.6 10233.2 13736.1
CTP_r0_actual
 31341 2892.84 1080.75 1042.51 267.011
CTP_p0_proyectada
 40612.2 17742.6 964.184 346.888 404.002
Wmedp
 7.52 16.12 23.38 29.5 34
Frms_r0
 0.35395 0.544706 0.560607 0.56147 0.561515
Zrms_r0
 1.35395 1.54471 1.56061 1.56147 1.56152
nmprior
 8.19 8.8 8.5 0
nm_flota  nm_reclas  nm_pelaces    nm_pelaL
inf 17.9522 13.4239 29.2577
cv_recla  cv_pelaces  cv_mph
0.309913 0.459109 0.890506
 ------------------------------------------------
Talla a la edad & desviaci?n 
 8 13.2811 15.8009 17.003 17.5766
 0.8 1.32811 1.58009 1.7003 1.75766
