years
 1991 1992 1993 1994 1995 1996 1997 1998 1999 2000 2001 2002 2003 2004 2005 2006 2007 2008 2009 2010 2011 2012 2013 2014 2015 2016 2017 2018 2019 2020 2021
reclasobs
 0 0 0 0 0 0 0 0 0 252601 567819 844713 477998 351125 339783 2.1784e+06 2.13404e+06 4.81314e+06 1.55562e+06 2.62356e+06 3.21686e+06 3.843e+06 1.13348e+06 3.07943e+06 1.97215e+06 2.03268e+06 2.025e+06 2.42433e+06 2.27542e+06 1.05018e+06 2.36338e+06
reclaspred
 2.83543e+06 1.46901e+06 714354 370943 138926 1.49077e+06 623532 324053 215460 206937 381608 615208 593883 413199 346564 1.68643e+06 1.26845e+06 3.88356e+06 3.12318e+06 1.96923e+06 3.68751e+06 3.11343e+06 2.03459e+06 3.42924e+06 2.36997e+06 1.83251e+06 2.58235e+06 3.26522e+06 2.45498e+06 1.16246e+06 1.71239e+06
pelacesobs
 0 0 0 0 0 0 0 0 0 0 0 0 0 0 0 552880 188675 0 991730 2.46772e+06 1.41603e+06 1.21717e+06 2.29649e+06 1.80582e+06 0 1.4828e+06 1.56532e+06 1.57751e+06 1.42118e+06 867257 1.10002e+06
pelacespred
 801864 423811 190671 68916.5 26972.6 412198 127716 95746.4 46318.1 45481.3 104501 139562 150248 102518 86980.9 401637 302884 1.12798e+06 897322 520450 990723 850501 563676 1.07919e+06 702417 542940 887389 1.0957e+06 683687 371668 525999
mphobs
 0 0 0 0 0 0 0 0 0 0 0 498337 0 5186 125008 0 168611 109162 213762 579715 649985 157893 87575 83554 0 0 0 0 0 0 0
mphpred
 1.72791e+06 916382 419708 211347 75316.6 36299.3 482776 157236 83241.1 39595.9 45075.5 150853 184121 139134 72632.2 83769.2 664587 457111 1.36835e+06 952383 843712 1.16538e+06 1.14112e+06 757476 1.18488e+06 882955 626554 828191 1.41008e+06 819672 349435
desembarqueobs
 494567 514787 250237 358949 120608 361735 552515 73892 212993 205616 52469 317467 293654 387597 252695 516296 358380 742168 942051 627588 828172 859565 418607 520667 417249 300574 415391 372974 316634 284311 391294
desembarquepred
 494518 514861 249648 358821 120563 361586 552004 73879.8 212848 205495 52464.2 317316 293484 387158 252502 516007 358307 741796 941123 626943 827915 859070 418466 520553 417102 300456 415248 372847 316528 284190 391173
Reclutas
 71472 108377 84434.1 42988.8 21036.3 278039 33246.5 9941.74 25120.9 52418.3 65546.3 121354 92362.9 67117 51583.2 408884 34927.5 657460 328879 206766 388863 508385 49707.2 284259 198376 73580.7 247059 305531 44312.4 26455.4 189769
log_desv_Rt
 -0.328499 0.0878109 -0.161833 -0.836864 -1.55156 1.02996 -1.09385 -2.30106 -1.37411 -0.638549 -0.415048 0.200909 -0.072079 -0.391368 -0.65461 1.41563 -1.04453 1.89058 1.19788 0.733784 1.36542 1.63343 -0.691655 1.05208 0.692357 -0.299422 0.911822 1.12425 -0.806539 -1.32234 0.648001
SSB
 1.72791e+06 916382 419708 211347 75316.6 36299.3 482776 157236 83241.1 39595.9 45075.5 150853 184121 139134 72632.2 83769.2 664587 457111 1.36835e+06 952383 843712 1.16538e+06 1.14112e+06 757476 1.18488e+06 882955 626554 828191 1.41008e+06 819672 349435
BT
 2.28959e+06 1.49171e+06 674677 445816 162445 1.27e+06 776976 288484 309624 298374 284914 583020 609825 635525 452568 1.33644e+06 980045 3.26915e+06 2.96325e+06 1.77905e+06 2.96615e+06 2.75472e+06 1.66383e+06 2.9805e+06 2.01488e+06 1.52434e+06 2.47943e+06 2.903e+06 1.8413e+06 1.15193e+06 1.60036e+06
Ftot
 0.274355 0.569878 0.577786 1.46763 1.38294 0.577025 1.2785 0.381974 1.74358 1.90339 0.309942 1.00121 0.925834 1.69148 1.45676 0.710457 0.455039 0.422175 0.540632 0.561618 0.437773 0.521966 0.331149 0.310331 0.310117 0.280196 0.330696 0.238313 0.204418 0.382788 0.482574
BD_Bspro_t
 0.957349 0.70749 0.473327 0.334398 0.145585 0.102938 0.483241 0.205321 0.160779 0.104829 0.146314 0.431582 0.349686 0.255218 0.149169 0.173895 0.496853 0.396671 0.59522 0.475318 0.405067 0.48161 0.505783 0.445912 0.586807 0.575138 0.552511 0.642238 0.732252 0.619514 0.463752
BD_Bspro
 2.43874 1.29337 0.592369 0.298292 0.106301 0.0512322 0.681382 0.221921 0.117485 0.055885 0.0636188 0.212912 0.259865 0.196371 0.102512 0.118231 0.937989 0.645159 1.93126 1.34418 1.1908 1.64481 1.61056 1.06909 1.67232 1.24619 0.884308 1.1689 1.99017 1.15687 0.493187
BD_Bo
 1.10693 0.58705 0.268872 0.135392 0.0482491 0.023254 0.309275 0.100728 0.0533257 0.0253658 0.0288761 0.0966393 0.117951 0.0891316 0.0465295 0.053664 0.425746 0.292833 0.876586 0.610113 0.540497 0.746566 0.731021 0.485252 0.759054 0.565636 0.401381 0.530554 0.903323 0.525096 0.223854
BD_Brms
 5.26332 2.79136 1.27846 0.643776 0.229419 0.11057 1.47057 0.478952 0.253558 0.120612 0.137303 0.459509 0.560843 0.423811 0.221243 0.255166 2.02438 1.39239 4.16807 2.90102 2.57 3.54984 3.47592 2.30732 3.60922 2.68954 1.90852 2.52272 4.2952 2.49677 1.0644
Sel_flota
 0.60384 0.966623 0.998186 0.999904 0.999995
 0.60384 0.966623 0.998186 0.999904 0.999995
 0.60384 0.966623 0.998186 0.999904 0.999995
 0.60384 0.966623 0.998186 0.999904 0.999995
 0.60384 0.966623 0.998186 0.999904 0.999995
 0.60384 0.966623 0.998186 0.999904 0.999995
 0.60384 0.966623 0.998186 0.999904 0.999995
 0.60384 0.966623 0.998186 0.999904 0.999995
 0.60384 0.966623 0.998186 0.999904 0.999995
 0.60384 0.966623 0.998186 0.999904 0.999995
 0.60384 0.966623 0.998186 0.999904 0.999995
 0.60384 0.966623 0.998186 0.999904 0.999995
 0.60384 0.966623 0.998186 0.999904 0.999995
 0.60384 0.966623 0.998186 0.999904 0.999995
 0.60384 0.966623 0.998186 0.999904 0.999995
 0.60384 0.966623 0.998186 0.999904 0.999995
 0.60384 0.966623 0.998186 0.999904 0.999995
 0.60384 0.966623 0.998186 0.999904 0.999995
 0.60384 0.966623 0.998186 0.999904 0.999995
 0.60384 0.966623 0.998186 0.999904 0.999995
 0.60384 0.966623 0.998186 0.999904 0.999995
 0.60384 0.966623 0.998186 0.999904 0.999995
 0.60384 0.966623 0.998186 0.999904 0.999995
 0.60384 0.966623 0.998186 0.999904 0.999995
 0.60384 0.966623 0.998186 0.999904 0.999995
 0.60384 0.966623 0.998186 0.999904 0.999995
 0.60384 0.966623 0.998186 0.999904 0.999995
 0.60384 0.966623 0.998186 0.999904 0.999995
 0.60384 0.966623 0.998186 0.999904 0.999995
 0.60384 0.966623 0.998186 0.999904 0.999995
 0.60384 0.966623 0.998186 0.999904 0.999995
Sel_reclas
 1 1 1 1 1
 1 1 1 1 1
 1 1 1 1 1
 1 1 1 1 1
 1 1 1 1 1
 1 1 1 1 1
 1 1 1 1 1
 1 1 1 1 1
 1 1 1 1 1
 1 1 1 1 1
 1 1 1 1 1
 1 1 1 1 1
 1 1 1 1 1
 1 1 1 1 1
 1 1 1 1 1
 1 1 1 1 1
 1 1 1 1 1
 1 1 1 1 1
 1 1 1 1 1
 1 1 1 1 1
 1 1 1 1 1
 1 1 1 1 1
 1 1 1 1 1
 1 1 1 1 1
 1 1 1 1 1
 1 1 1 1 1
 1 1 1 1 1
 1 1 1 1 1
 1 1 1 1 1
 1 1 1 1 1
 1 1 1 1 1
Sel_pelaces
 1 1 1 1 1
 1 1 1 1 1
 1 1 1 1 1
 1 1 1 1 1
 1 1 1 1 1
 1 1 1 1 1
 1 1 1 1 1
 1 1 1 1 1
 1 1 1 1 1
 1 1 1 1 1
 1 1 1 1 1
 1 1 1 1 1
 1 1 1 1 1
 1 1 1 1 1
 1 1 1 1 1
 1 1 1 1 1
 1 1 1 1 1
 1 1 1 1 1
 1 1 1 1 1
 1 1 1 1 1
 1 1 1 1 1
 1 1 1 1 1
 1 1 1 1 1
 1 1 1 1 1
 1 1 1 1 1
 1 1 1 1 1
 1 1 1 1 1
 1 1 1 1 1
 1 1 1 1 1
 1 1 1 1 1
 1 1 1 1 1
pf_obs 
 0.8446 0.082 0.0669 0.0065 0
 0.8095 0.147 0.0364 0.0071 0
 0.9664 0.0169 0.016 0.0007 0
 0.9276 0.0648 0.0075 0.0001 0
 0.7033 0.2144 0.0806 0.0017 0
 0.9318 0.0425 0.0243 0.0014 0
 0.5671 0.3108 0.0964 0.0239 0.0018
 0.0768 0.2599 0.5324 0.112 0.0189
 0.490249 0.384438 0.106611 0.0170017 0.00170017
 0.7925 0.1577 0.0466 0.003 0.0002
 0.840416 0.127587 0.0312969 0.00059994 9.999e-05
 0.8084 0.0986 0.0794 0.0134 0.0002
 0.7335 0.1905 0.0724 0.0035 0.0001
 0.4001 0.4547 0.1325 0.0127 0
 0.49795 0.308269 0.164784 0.0264974 0.00249975
 0.9179 0.0499 0.0305 0.0017 0
 0.2467 0.6533 0.0926 0.0074 0
 0.9418 0.0223 0.034 0.0019 0
 0.707729 0.231977 0.0356964 0.0245975 0
 0.517169 0.277429 0.184464 0.0207286 0.00020938
 0.811772 0.124168 0.05621 0.00726502 0.000585176
 0.764997 0.148141 0.077277 0.00933861 0.000247198
 0.163321 0.427699 0.378323 0.0303852 0.000271297
 0.753843 0.0900009 0.118128 0.0371064 0.000921714
 0.721811 0.176058 0.0630433 0.0369309 0.00215725
 0.143369 0.312575 0.442814 0.0836902 0.0175525
 0.692698 0.0596174 0.167031 0.0765114 0.00414204
 0.394062 0.376323 0.152708 0.0712218 0.00568511
 0.125707 0.32114 0.495352 0.0537591 0.00404204
 0.23352 0.215282 0.420074 0.123614 0.00750983
 0.796117 0.104755 0.0508955 0.0450114 0.00322123
pf_pred 
 0.281039 0.238627 0.425316 0.0550166 1.03021e-06
 0.567437 0.172498 0.0884182 0.152019 0.0196268
 0.587666 0.290592 0.0498244 0.0244877 0.0474299
 0.513415 0.350824 0.0969095 0.0159228 0.0229289
 0.627854 0.262918 0.080137 0.0207864 0.00830421
 0.977884 0.0174463 0.00335756 0.000963315 0.000348535
 0.249908 0.740801 0.0073948 0.00136389 0.000531659
 0.324133 0.279266 0.391964 0.00369271 0.000943574
 0.751232 0.113609 0.0571194 0.0771292 0.000910395
 0.917541 0.0728879 0.00454298 0.00212965 0.00289863
 0.87127 0.124306 0.00394363 0.00022841 0.000251776
 0.798751 0.18497 0.0157391 0.000481224 5.84755e-05
 0.703382 0.26321 0.0308312 0.00249131 8.51885e-05
 0.683954 0.260135 0.0498901 0.00555732 0.000463153
 0.783956 0.181323 0.0289197 0.00517899 0.000622651
 0.969536 0.0271325 0.00282371 0.000423136 8.45989e-05
 0.189361 0.797028 0.0121811 0.00121198 0.000217396
 0.927684 0.0207645 0.0507193 0.000745095 8.72447e-05
 0.530946 0.449164 0.00587114 0.0137931 0.000225878
 0.515997 0.322475 0.154955 0.00194331 0.00462986
 0.757922 0.158884 0.0561984 0.0258997 0.0010961
 0.724444 0.232853 0.0284094 0.00966183 0.0046314
 0.164057 0.687351 0.126363 0.0147995 0.00742923
 0.75498 0.06086 0.152417 0.0270033 0.00474061
 0.556862 0.372511 0.018034 0.0435427 0.00905073
 0.349074 0.441228 0.17733 0.00827696 0.0240908
 0.770113 0.108732 0.0830784 0.0322097 0.00586735
 0.693195 0.26108 0.0220551 0.0162409 0.00742875
 0.187617 0.640162 0.147332 0.0120172 0.0128722
 0.249681 0.206079 0.431996 0.0960492 0.0161951
 0.857803 0.0522143 0.0254109 0.051276 0.0132954
pobs_RECLAS
 0 0 0 0 0
 0 0 0 0 0
 0 0 0 0 0
 0 0 0 0 0
 0 0 0 0 0
 0 0 0 0 0
 0 0 0 0 0
 0 0 0 0 0
 0 0 0 0 0
 0 0 0 0 0
 0.991045 0.00858322 0.000360255 1.14367e-05 0
 0.934742 0.0480273 0.0164251 0.00080598 0
 0.827803 0.169806 0.00239088 0 0
 0.941827 0.0461693 0.0120037 0 0
 0.791401 0.0380133 0.147996 0.0225897 0
 0.846168 0.0940531 0.0597789 0 0
 0.134021 0.677848 0.182769 0.00536245 0
 0.80878 0.0450904 0.141981 0.00414843 0
 0.846168 0.0940531 0.0597789 0 0
 0.905697 0.0802665 0.012482 0.00150086 5.37128e-05
 0.989698 0.0102097 9.19794e-05 0 0
 0.975433 0.0193895 0.00387452 0.00125025 5.28907e-05
 0.303575 0.632131 0.0575291 0.00676475 0
 0.966965 0.00978017 0.0227588 0.000495775 0
 0.843318 0.132988 0.00938335 0.0141283 0.000182051
 0.564624 0.303363 0.111486 0.0197234 0.00080311
 0.826376 0.0876187 0.0782897 0.00655872 0.00115652
 0.89761 0.0855135 0.0140674 0.00269457 0.000114338
 0.34875 0.467042 0.161289 0.0227151 0.000203297
 0.318654 0.224769 0.449479 0.00709798 0
 0.937255 0.0296025 0.0250945 0.00804832 0
ppred_RECLAS
 0.39248 0.20614 0.355478 0.0459014 8.5944e-07
 0.687243 0.127401 0.0630956 0.108282 0.0139786
 0.702604 0.211773 0.0350817 0.0172102 0.033331
 0.651201 0.254358 0.0674577 0.0110595 0.0159238
 0.747755 0.180314 0.0528041 0.0136672 0.00545944
 0.986499 0.0107285 0.00199486 0.000571289 0.000206676
 0.3646 0.627832 0.00602654 0.0011092 0.000432327
 0.442697 0.234814 0.318725 0.00299734 0.000765819
 0.847369 0.0713972 0.0343762 0.0463106 0.000546561
 0.953271 0.0415226 0.00247453 0.0011572 0.00157485
 0.916462 0.080758 0.00247848 0.000143296 0.00015794
 0.870267 0.119591 0.00980597 0.000299222 3.63559e-05
 0.799648 0.178511 0.0201601 0.00162584 5.55886e-05
 0.795659 0.169454 0.031138 0.00346052 0.000288368
 0.864557 0.114415 0.0175215 0.00313093 0.000376377
 0.981417 0.0166139 0.00166929 0.000249674 4.9913e-05
 0.275881 0.712361 0.0105252 0.00104533 0.000187485
 0.955321 0.0131391 0.0310314 0.000455049 5.32774e-05
 0.649866 0.335784 0.00424143 0.00994613 0.000162864
 0.638652 0.243503 0.113058 0.00141527 0.0033715
 0.837637 0.107814 0.0368701 0.0169613 0.000717749
 0.812138 0.159594 0.018818 0.00638816 0.00306187
 0.24238 0.626623 0.111431 0.0130275 0.00653906
 0.836482 0.0416464 0.100896 0.0178437 0.0031323
 0.671664 0.277505 0.0129963 0.0313237 0.00651029
 0.46707 0.3651 0.141965 0.00661453 0.0192504
 0.846758 0.0737729 0.054524 0.0211014 0.0038435
 0.785654 0.18331 0.0149844 0.0110147 0.00503778
 0.272665 0.577118 0.128542 0.0104661 0.0112098
 0.356466 0.181122 0.367181 0.081492 0.0137393
 0.909647 0.033921 0.0159573 0.0321414 0.00833319
pobs_PELACES
 0 0 0 0 0
 0 0 0 0 0
 0 0 0 0 0
 0 0 0 0 0
 0 0 0 0 0
 0 0 0 0 0
 0 0 0 0 0
 0 0 0 0 0
 0 0 0 0 0
 0 0 0 0 0
 0 0 0 0 0
 0 0 0 0 0
 0 0 0 0 0
 0 0 0 0 0
 0 0 0 0 0
 0 0 0 0 0
 0.505614 0.472636 0.0217494 0 0
 0 0 0 0 0
 0.443492 0.261883 0.143347 0.151278 0
 0.227955 0.32914 0.350689 0.0885471 0.00366901
 0.970185 0.0296113 0.000203453 0 0
 0.997202 0.00247181 0.000326279 0 0
 0.445219 0.490057 0.0546422 0.010081 0
 0.90214 0.0892962 0.00764917 0.000914606 0
 0 0 0 0 0
 0.581667 0.319106 0.0959925 0.00289975 0.000334073
 0.762889 0.0836404 0.116647 0.0363945 0.000428098
 0.88444 0.0763242 0.0277011 0.0115352 0
 0.521256 0.241999 0.230069 0.00667565 0
 0.616807 0.101726 0.260614 0.0208532 0
 0.833518 0.0704572 0.0857862 0.0102388 0
ppred_PELACES
 0.400795 0.203705 0.350277 0.0452227 8.46727e-07
 0.702478 0.121637 0.0598845 0.102738 0.0132627
 0.717214 0.201729 0.0332174 0.0162902 0.0315487
 0.690873 0.226372 0.0591248 0.00968524 0.0139445
 0.778403 0.159064 0.0459149 0.0118747 0.00474325
 0.987404 0.0100216 0.00185225 0.000530274 0.000191835
 0.400776 0.592181 0.00560914 0.00103162 0.000402077
 0.454578 0.230338 0.311408 0.00292789 0.000748067
 0.873557 0.0597373 0.0282446 0.0380127 0.000448604
 0.962517 0.0333821 0.00195035 0.000911086 0.00123984
 0.919268 0.0780545 0.00238779 0.000138028 0.000152132
 0.883294 0.10767 0.00873692 0.000266449 3.2373e-05
 0.816975 0.163244 0.018259 0.00147175 5.03188e-05
 0.827053 0.143851 0.0259717 0.0028836 0.000240281
 0.883955 0.0982601 0.014821 0.00264619 0.000318091
 0.98292 0.0152826 0.00152421 0.000227882 4.55556e-05
 0.286912 0.701564 0.0103167 0.00102435 0.000183721
 0.957556 0.0125207 0.0294413 0.000431627 5.05346e-05
 0.664499 0.321827 0.0040423 0.00947627 0.000155168
 0.654451 0.233302 0.10769 0.00134764 0.00321033
 0.844843 0.103189 0.0351279 0.0161559 0.000683657
 0.821608 0.151675 0.0177872 0.00603646 0.00289326
 0.249847 0.62082 0.110019 0.01286 0.00645492
 0.841824 0.0403838 0.0975212 0.0172439 0.00302697
 0.679912 0.270675 0.0126355 0.0304488 0.0063284
 0.475659 0.359549 0.139399 0.00649394 0.0188992
 0.852054 0.0713528 0.052554 0.0203352 0.0037039
 0.79048 0.179248 0.014616 0.0107425 0.00491325
 0.277634 0.573429 0.127448 0.0103759 0.0111131
 0.367719 0.178471 0.360366 0.0799623 0.0134812
 0.914539 0.032189 0.0150666 0.0303391 0.00786579
pobs_pel_tallas
 0 0 0 0 0 0 0 0 0 0 0 0 0 0 0 0 0 0 0 0 0 0 0 0 0 0
 0 0 0 0 0 0 0 0 0 0 0 0 0 0 0 0 0 0 0 0 0 0 0 0 0 0
 0 0 0 0 0 0 0 0 0 0 0 0 0 0 0 0 0 0 0 0 0 0 0 0 0 0
 0 0 0 0 0 0 0 0 0 0 0 0 0 0 0 0 0 0 0 0 0 0 0 0 0 0
 0 0 0 0 0 0 0 0 0 0 0 0 0 0 0 0 0 0 0 0 0 0 0 0 0 0
 0 0 0 0 0 0 0 0 0 0 0 0 0 0 0 0 0 0 0 0 0 0 0 0 0 0
 0 0 0 0 0 0 0 0 0 0 0 0 0 0 0 0 0 0 0 0 0 0 0 0 0 0
 0 0 0 0 0 0 0 0 0 0 0 0 0 0 0 0 0 0 0 0 0 0 0 0 0 0
 0 0 0 0 0 0 0 0 0 0 0 0 0 0 0 0 0 0 0 0 0 0 0 0 0 0
 0 0 0 0 0 0 0 0 0 0 0 0 0 0 0 0 0 0 0 0 0 0 0 0 0 0
 0 0 0 0 0 0 0 0 0 0 0 0 0 0 0 0 0 0 0 0 0 0 0 0 0 0
 0 0 0 0 0 0 0 0 0 0 0 0 0 0 0 0 0 0 0 0 0 0 0 0 0 0
 0.00862536 0 0 0.000197151 0.00414017 0.0128641 0.00837892 0.0270097 0.101434 0.158115 0.152841 0.127902 0.109271 0.109419 0.0830992 0.0579132 0.0238553 0.00714673 0.00463305 0.00128148 0.00103504 0.000492878 0.000147863 0.000147863 4.92878e-05 0
 0 0 0 0 0 0 0 0 0 0 0 0 0 0 0 0 0 0 0 0 0 0 0 0 0 0
 0 0 0 0 0 0 0 0.0054083 0.00873648 0.0413646 0.0450493 0.0745869 0.0622846 0.0627006 0.0613931 0.0827291 0.12552 0.122667 0.0946155 0.0697135 0.0546179 0.0294188 0.0215738 0.0213955 0.0102223 0.00600262
 0 0 0 0 0.00359764 0.0251062 0.0480494 0.140153 0.205849 0.193036 0.1447 0.116669 0.0760912 0.0342217 0.00950174 0.001854 0.000860785 0 0 0 0.000165536 0 0.000143464 0 0 0
 0 0 0 0 0 0 0 0.000145254 0.000435761 0.0275982 0.070085 0.0708112 0.156366 0.174668 0.174014 0.160142 0.0824315 0.0480064 0.0283245 0.00493863 0.00203355 0 0 0 0 0
 0 0 0 0 0 0 0 0 0 0 0 0 0 0 0 0 0 0 0 0 0 0 0 0 0 0
 0 0 1.00437e-05 0.000401748 0.00122533 0.00171747 0.00176769 0.0269171 0.070346 0.194647 0.189555 0.159765 0.064822 0.0314167 0.0384472 0.0292271 0.0345202 0.0313363 0.0194345 0.0106764 0.0143323 0.0359363 0.0279516 0.0138201 0.00172751 0
 0 0.0021121 0.0136068 0.0755702 0.200478 0.177729 0.0527432 0.0373336 0.0318909 0.0142505 0.0149659 0.0166563 0.0217959 0.0798694 0.0677717 0.0528807 0.04013 0.0224614 0.0357745 0.0225083 0.00881397 0.00855152 0.00135912 0.000746735 0 0
 0 0 0 0 5.4009e-05 0.00500934 0.000945158 0.0243581 0.138947 0.33067 0.221406 0.137944 0.0707744 0.0437923 0.0131692 0.00525238 0.0047753 0.00276346 9.45158e-05 9.00151e-06 2.25038e-05 9.00151e-06 4.50075e-06 0 0 0
 0.000866109 0.00284123 0.00948549 0.0512746 0.133035 0.25785 0.225252 0.132002 0.0553304 0.0519788 0.0540692 0.017754 0.00435017 0.00159236 0.00146478 0.000404838 0.000125132 0.000115318 0.000107957 0.000100596 0 0 0 0 0 0
 0 0 0 0 0.00144013 0.00171154 0.00461396 0.0210425 0.0478622 0.0707936 0.0888783 0.103762 0.0637923 0.0337046 0.0602308 0.124433 0.169614 0.0934646 0.0462172 0.0250306 0.0313229 0.00938855 0.002487 0.000210481 0 0
 0 0.00764035 0.051015 0.0998891 0.058973 0.0496711 0.0374665 0.0718981 0.12319 0.153886 0.159021 0.0857701 0.0377988 0.023471 0.0147837 0.00900784 0.00315554 0.000888139 0.00291439 0.00214683 0.00393193 0.00274676 0.000635225 9.99891e-05 0 0
 0 0 0 0 0 0 0 0 0 0 0 0 0 0 0 0 0 0 0 0 0 0 0 0 0 0
 0 0 0 0 0 0 0 0 0 0 0 0 0 0 0 0 0 0 0 0 0 0 0 0 0 0
 0 0 0 0 0 0 0 0 0 0 0 0 0 0 0 0 0 0 0 0 0 0 0 0 0 0
 0 0 0 0 0 0 0 0 0 0 0 0 0 0 0 0 0 0 0 0 0 0 0 0 0 0
 0 0 0 0 0 0 0 0 0 0 0 0 0 0 0 0 0 0 0 0 0 0 0 0 0 0
 0 0 0 0 0 0 0 0 0 0 0 0 0 0 0 0 0 0 0 0 0 0 0 0 0 0
 0 0 0 0 0 0 0 0 0 0 0 0 0 0 0 0 0 0 0 0 0 0 0 0 0 0
ppred_pel_tallas
 1.14696e-16 3.3013e-05 0.000320898 0.00213248 0.00969395 0.0301616 0.0642632 0.0937982 0.0938184 0.0643619 0.0304944 0.0106616 0.00458591 0.00575798 0.0105969 0.0180867 0.0274954 0.0375848 0.0470113 0.0550036 0.0615172 0.0666586 0.0699651 0.0703285 0.0667014 0.058967
 1.14307e-16 5.78622e-05 0.000562441 0.00373762 0.0169907 0.0528644 0.112634 0.164394 0.164406 0.112691 0.0530589 0.017554 0.00515721 0.00368042 0.00603715 0.0100459 0.0148502 0.0195245 0.0232084 0.0256205 0.0272424 0.0289182 0.0311627 0.0337284 0.0357263 0.0361459
 1.07983e-16 5.9076e-05 0.00057424 0.00381603 0.0173471 0.0539734 0.114997 0.167845 0.167865 0.115092 0.0542928 0.0182698 0.006133 0.00563562 0.00968226 0.0159433 0.0230378 0.0291476 0.0324802 0.0322599 0.0292119 0.0250756 0.0215346 0.0193847 0.0184254 0.0179166
 1.05096e-16 5.69064e-05 0.00055315 0.00367588 0.01671 0.0519912 0.110774 0.161682 0.161704 0.11088 0.0523501 0.0177473 0.0062817 0.00624904 0.0108962 0.0179808 0.0260315 0.0330211 0.0369186 0.0367883 0.0333251 0.0283309 0.0235737 0.019932 0.0173271 0.0152202
 1.0336e-16 6.41161e-05 0.000623231 0.00414159 0.0188271 0.0585781 0.124807 0.182163 0.182179 0.124882 0.0588304 0.0195565 0.00597437 0.00463059 0.00769366 0.0126672 0.0183578 0.023331 0.0261656 0.0262036 0.0239186 0.020546 0.0172863 0.0147192 0.012772 0.0110813
 1.00142e-16 8.13312e-05 0.000790568 0.0052536 0.0238821 0.0743061 0.158317 0.231069 0.23107 0.158322 0.074322 0.0239279 0.00536868 0.0010419 0.000559037 0.000796451 0.0011417 0.00144035 0.00159608 0.00156642 0.00138303 0.00112874 0.000886652 0.000700869 0.000571905 0.000477562
 1.00485e-16 3.30115e-05 0.000320884 0.00213239 0.00969356 0.0301606 0.0642624 0.0938047 0.0938617 0.0645406 0.0310943 0.0123889 0.00889179 0.0150559 0.0279563 0.0460045 0.0658908 0.0820652 0.0888974 0.0837954 0.0687977 0.0493 0.0309746 0.0172363 0.00868771 0.00415336
 1.09466e-16 3.7443e-05 0.00036396 0.00241864 0.0109948 0.034209 0.0728868 0.106385 0.106408 0.0729976 0.0345822 0.0120781 0.00515824 0.00641189 0.0117201 0.0198266 0.0297382 0.0398391 0.0483972 0.0544338 0.0580204 0.0597015 0.059636 0.057329 0.0521776 0.0442489
 1.04719e-16 7.19537e-05 0.000699416 0.00464786 0.0211285 0.0657387 0.140063 0.204428 0.204434 0.140092 0.0658341 0.0214046 0.00534314 0.00222494 0.00299248 0.0048961 0.00719832 0.00938488 0.0109955 0.0118518 0.0121574 0.0123207 0.0126344 0.0130708 0.0133296 0.0130578
 1.00367e-16 7.92812e-05 0.000770642 0.00512119 0.0232802 0.0724333 0.154327 0.225245 0.225248 0.154343 0.072486 0.0234323 0.00550295 0.00160339 0.00165896 0.00261228 0.00374426 0.00468553 0.00512004 0.00490615 0.00415933 0.00317783 0.00226839 0.0016055 0.00120454 0.000985081
 1.00129e-16 7.57189e-05 0.000736014 0.00489107 0.0222341 0.0691786 0.147393 0.215125 0.215133 0.147429 0.0693018 0.0225896 0.00578261 0.00267992 0.00376066 0.00607919 0.00870736 0.0108597 0.0117923 0.0111637 0.00923898 0.00672116 0.00434707 0.00255682 0.00142485 0.000798267
 1.00312e-16 7.27558e-05 0.000707212 0.00469967 0.021364 0.0664715 0.141625 0.206708 0.206718 0.141676 0.0666415 0.021855 0.00593142 0.00339422 0.00517024 0.00841735 0.0120829 0.0151184 0.0165076 0.0157797 0.0132871 0.00997192 0.0068145 0.00439024 0.00278804 0.00180765
 1.00725e-16 6.72932e-05 0.000654114 0.00434682 0.01976 0.0614808 0.130992 0.19119 0.191205 0.131069 0.0617387 0.0205049 0.00621621 0.00473345 0.00780998 0.0127923 0.0183909 0.0230609 0.0252734 0.0243172 0.0207169 0.0158757 0.011244 0.00765899 0.00523428 0.00366724
 1.01117e-16 6.81233e-05 0.000662183 0.00440044 0.0200038 0.0622392 0.132608 0.193548 0.193562 0.132675 0.0624668 0.0206614 0.00605144 0.00426748 0.00691854 0.0113383 0.0163453 0.0205915 0.0227466 0.0221888 0.0193599 0.0154472 0.0116596 0.0086677 0.00653238 0.00499102
 1.00773e-16 7.28102e-05 0.000707741 0.00470319 0.02138 0.0665212 0.141731 0.206862 0.206872 0.141777 0.0666766 0.0218289 0.00582996 0.00316764 0.00474499 0.00773007 0.0111301 0.0139991 0.015424 0.0149815 0.0129818 0.0102509 0.00763207 0.00559631 0.00418672 0.00321241
 1.00079e-16 8.09618e-05 0.000786978 0.00522974 0.0237737 0.0739687 0.157598 0.230019 0.230021 0.157605 0.0739928 0.0238434 0.0054047 0.00116872 0.000805419 0.00120193 0.00172009 0.00215544 0.0023603 0.00226813 0.00192872 0.00147443 0.00104205 0.000710423 0.000489715 0.000350245
 1.00611e-16 2.36327e-05 0.000229718 0.00152656 0.00693956 0.0215919 0.0460064 0.0671618 0.0672293 0.046336 0.0226983 0.0101332 0.00953578 0.0176901 0.0331141 0.054523 0.0781082 0.0973131 0.105473 0.0995153 0.0818467 0.0588398 0.0371913 0.020927 0.0107547 0.00529222
 1.00905e-16 7.88726e-05 0.00076667 0.00509479 0.0231602 0.0720599 0.153531 0.224084 0.224085 0.153537 0.0720806 0.0232205 0.00524819 0.00110828 0.000747292 0.00116159 0.00178382 0.00248771 0.00319334 0.00384881 0.00442905 0.00490073 0.00518921 0.0051929 0.00484397 0.00416615
 1.01176e-16 5.4734e-05 0.000532034 0.00353556 0.0160721 0.0500066 0.106545 0.155513 0.155544 0.106697 0.0505141 0.0175373 0.0072102 0.00854348 0.0152396 0.0250286 0.0358652 0.0447175 0.0485413 0.0459466 0.0380535 0.0277896 0.0182084 0.011111 0.00675526 0.00443906
 1.03846e-16 5.39063e-05 0.000523988 0.00348209 0.0158291 0.0492502 0.104934 0.153159 0.153181 0.105044 0.0496215 0.0169029 0.00618292 0.00643762 0.0113365 0.0187897 0.0273701 0.0350537 0.0397812 0.0405482 0.037919 0.0334944 0.0288103 0.0245809 0.0207392 0.0169749
 1.02777e-16 6.95886e-05 0.000676426 0.00449509 0.020434 0.0635779 0.13546 0.19771 0.19772 0.135509 0.0637419 0.020908 0.00568662 0.00328356 0.0050388 0.00826702 0.0120134 0.0153432 0.0173523 0.0176267 0.0164689 0.0146496 0.0128911 0.0114986 0.010363 0.00921654
 1.01648e-16 6.76748e-05 0.000657823 0.00437147 0.0198721 0.0618295 0.131735 0.192274 0.192288 0.131806 0.0620692 0.0205645 0.00610926 0.0044507 0.00726891 0.0119045 0.0171301 0.021517 0.0236589 0.0229116 0.0197751 0.0155547 0.0115805 0.00859107 0.00663619 0.00537651
 1.05716e-16 2.05797e-05 0.000200042 0.00132935 0.00604307 0.0188026 0.0400631 0.0584858 0.0585456 0.0403556 0.0197849 0.00888091 0.00845417 0.0157584 0.0295825 0.0489085 0.0705325 0.0888573 0.0981659 0.0957875 0.0836486 0.0668938 0.0507523 0.0381116 0.0292015 0.022834
 1.05067e-16 6.93399e-05 0.000674009 0.00447903 0.020361 0.0633507 0.134975 0.197001 0.197005 0.134995 0.0634176 0.0205563 0.00497635 0.00178342 0.00224605 0.00378571 0.0058726 0.0082759 0.0107872 0.0132798 0.0156999 0.0179337 0.0196827 0.0205081 0.0200465 0.0182365
 1.04559e-16 5.60035e-05 0.000544374 0.00361756 0.0164449 0.0511664 0.109016 0.159118 0.159144 0.109144 0.0515938 0.017679 0.00671387 0.00729933 0.0128728 0.0211628 0.0304155 0.0381259 0.0417987 0.0403272 0.034684 0.0272979 0.0206184 0.0159633 0.0133157 0.0118808
 1.07965e-16 3.91795e-05 0.000380839 0.00253081 0.0115047 0.0357956 0.0762676 0.111322 0.111357 0.0764377 0.036367 0.013157 0.00668486 0.00947104 0.0173671 0.0288162 0.0418949 0.0534914 0.0604278 0.0611953 0.0567677 0.0497718 0.0427383 0.0368557 0.031967 0.0273914
 1.04202e-16 7.01826e-05 0.0006822 0.00453346 0.0206084 0.0641205 0.136616 0.199396 0.199403 0.13665 0.0642349 0.0209397 0.00536847 0.00251697 0.00359002 0.00591687 0.00873589 0.0114497 0.0134957 0.0146164 0.0149776 0.0149765 0.0149026 0.0147412 0.0142524 0.0132051
 1.02377e-16 6.51108e-05 0.000632901 0.00420585 0.0191192 0.059487 0.126744 0.18499 0.185007 0.126828 0.0597701 0.0199369 0.00625769 0.00511003 0.00856211 0.014037 0.0201815 0.0253138 0.0277726 0.0268072 0.0230333 0.0180285 0.0133979 0.0100271 0.00795511 0.00672959
 1.06746e-16 2.28685e-05 0.00022229 0.0014772 0.00671515 0.0208936 0.0445181 0.0649871 0.0650424 0.0447885 0.0218018 0.0093393 0.00806747 0.0146198 0.0273979 0.0453397 0.0654994 0.0827544 0.0918674 0.090382 0.0800273 0.0654345 0.0512668 0.0400329 0.031855 0.025647
 1.20746e-16 3.02886e-05 0.000294416 0.0019565 0.00889396 0.0276725 0.0589599 0.0860573 0.0860751 0.0590468 0.0279661 0.00974909 0.00412955 0.00512632 0.00946594 0.0162793 0.0250356 0.0348131 0.0446106 0.0538724 0.0625334 0.0704454 0.0767466 0.0798894 0.0784241 0.0719262
 1.04817e-16 7.53294e-05 0.000732229 0.00486592 0.0221198 0.0688228 0.146634 0.214018 0.214021 0.14665 0.0688743 0.0222689 0.00524184 0.00155818 0.00166021 0.00266995 0.00394881 0.00521128 0.00623806 0.00697103 0.00755547 0.00822688 0.00911846 0.0101385 0.0110017 0.0113778
pSPR Fmed_Fpbrs
0.427701   0.26031 0.26031
Fs Fmed_Fpbrs
0.572241   1.005 1.005
SSBpbr Bo_Bmed_Bpbrs
1.56099e+06  589590  328292 328292
Ro
99266.2
SPR SPRFo_SPRFmed_SPRFpbrs
708524 303037 184436
Fref
1.005
Nvult_r0
 137604 5941.69 2829.26 5702.48 1478.51
CTP_r0
 31049.6 1889.98 919.79 1856.02 481.25
YTP_r0
391173
Np
 155012 31082.4 7264.16 240.43 127.142
Nvult_p0
 123929 26754.1 6284.18 208.051 110.021
CTP_p0
 46804.2 22125.3 772.11 360.872 891.593
 46804.2 13183.3 3147.07 104.28 55.1475
YTP_p0
 755887 634867
CBA_c0
719581
log_Ro
11.3256
likeval ReclasPelacesDesembMPH_pf_preclas_ppelaces_ptallas_desvR_qrecl_qpela
 11.3971 47.3037 0.071385 0.00178414 252.073 117.004 103.534 0 47.418 1.05582e-05 0 0.110114 0 0 0
q_reclas_q_pelaces
1.58478 1
M
1
N
 71472 39454.2 68332 8825.51 0.165248
 108377 22278.9 11133.3 19115.9 2467.82
 84434.1 28261.5 4724.6 2318.92 4491.16
 42988.8 21913 5947.67 976.33 1405.85
 21036.3 6519.05 1951.19 505.623 201.987
 278039 3357.42 629.989 180.506 65.3038
 33246.5 72192.1 707.094 130.285 50.7836
 9941.74 5651.6 7717.57 72.601 18.5499
 25120.9 2904.01 1437.22 1939.09 22.887
 52418.3 3224.74 198.038 92.7631 126.253
 65546.3 6109.91 188.434 10.8974 12.0112
 121354 19997.4 1665.82 50.8749 6.18166
 92362.9 24389.2 2794.93 225.58 7.71309
 67117 19427.1 3666.4 408.058 34.0064
 51583.2 8891.1 1393.25 249.273 29.9677
 408884 7873.84 800.047 119.735 23.9374
 34927.5 97947.3 1457.62 144.822 25.9751
 657460 9762.07 23209.9 340.476 39.864
 328879 187440 2387.91 5602.26 91.737
 206766 87289.7 40889.3 512.102 1219.97
 388863 54188.1 18659.6 8587.18 363.39
 508385 109824 13056.7 4434.35 2125.45
 49707.2 136463 24394 2852.74 1431.94
 284259 14972.1 36450.6 6448.13 1131.92
 198376 86703.7 4080.48 9837.39 2044.63
 73580.7 60515.6 23635 1101.49 3205.71
 247059 22855.4 16980.3 6573.47 1197.34
 305531 74436 6107.58 4490.49 2053.83
 44312.4 97334 21749.3 1771.19 1897.05
 26455.4 14408.7 29387 6524.29 1099.99
 189769 7723.89 3661.3 7377.68 1912.83
pred_Ctot
 6991.41 5936.33 10580.6 1368.65 0.0256284
 20510.9 6235.2 3196 5494.97 709.439
 16171.1 7996.33 1371.04 673.838 1305.15
 17134.9 11708.5 3234.29 531.414 765.236
 8044.99 3368.9 1026.83 266.346 106.406
 53190.3 948.964 182.629 52.3979 18.9579
 12022.3 35637.6 355.74 65.6126 25.5764
 1319.03 1136.45 1595.06 15.0271 3.83979
 11229.9 1698.3 853.856 1152.98 13.6092
 24763 1967.13 122.608 57.4758 78.2295
 7180.79 1024.5 32.5025 1.8825 2.07507
 36534.5 8460.45 719.901 22.011 2.67464
 26153.8 9786.91 1146.39 92.634 3.16755
 29420.9 11190 2146.07 239.054 19.923
 20455.3 4731.17 754.587 135.133 16.2465
 93346.7 2612.31 271.866 40.7395 8.14516
 5424.3 22831.1 348.931 34.7174 6.22734
 95480.2 2137.14 5220.19 76.6876 8.9795
 59457.7 50299.5 657.477 1544.61 25.2949
 38639.7 24148.1 11603.6 145.522 346.7
 58340.5 12230 4325.83 1993.61 84.3712
 89131.1 28648.8 3495.32 1188.73 569.818
 5788.25 24251 4458.31 522.155 262.117
 31177.6 2513.28 6294.19 1115.13 195.768
 21744 14545.6 704.18 1700.23 353.408
 7340.44 9278.28 3728.96 174.051 506.589
 28733 4056.8 3099.67 1201.75 218.912
 26191.2 9864.49 833.316 613.634 280.683
 3285.64 11210.8 2580.15 210.45 225.424
 3516.78 2902.64 6084.7 1352.86 228.109
 31049.6 1889.98 919.79 1856.02 481.25
F
 0.165666 0.265197 0.273857 0.274328 0.274353
 0.344115 0.550857 0.568844 0.569823 0.569875
 0.34889 0.558501 0.576738 0.577731 0.577783
 0.886212 1.41864 1.46496 1.46749 1.46762
 0.835075 1.33678 1.38043 1.38281 1.38293
 0.348431 0.557766 0.575978 0.57697 0.577022
 0.772012 1.23583 1.27618 1.27838 1.2785
 0.230652 0.369225 0.381282 0.381938 0.381973
 1.05285 1.68539 1.74042 1.74342 1.74357
 1.14934 1.83986 1.89994 1.90321 1.90338
 0.187155 0.299597 0.309379 0.309912 0.30994
 0.604572 0.967793 0.999395 1.00112 1.00121
 0.559056 0.894932 0.924155 0.925746 0.92583
 1.02139 1.63503 1.68842 1.69132 1.69148
 0.879649 1.40813 1.45411 1.45662 1.45675
 0.429002 0.686744 0.709168 0.710389 0.710453
 0.274771 0.439851 0.454213 0.454995 0.455037
 0.254927 0.408084 0.42141 0.422135 0.422173
 0.326456 0.522588 0.539652 0.540581 0.54063
 0.339128 0.542873 0.560599 0.561564 0.561615
 0.264345 0.423161 0.436979 0.437731 0.437771
 0.315184 0.504544 0.521019 0.521916 0.521963
 0.199961 0.320097 0.330549 0.331118 0.331148
 0.18739 0.299973 0.309768 0.310301 0.310329
 0.187261 0.299767 0.309555 0.310088 0.310116
 0.169194 0.270844 0.279688 0.280169 0.280195
 0.199688 0.319658 0.330096 0.330664 0.330694
 0.143903 0.230359 0.237881 0.238291 0.238312
 0.123436 0.197595 0.204047 0.204399 0.204417
 0.231143 0.370012 0.382094 0.382752 0.382786
 0.291397 0.466467 0.481698 0.482527 0.482571
YTP_r0W_actual
 257712 26648.8 25386.2 63475.9 17950.6
YTP_p0W_proyectada
 350563 346703 17858.9 10598.8 30162.6
 350563 206583 72791.8 3062.7 1865.64
CTP_r0_actual
 31049.6 1889.98 919.79 1856.02 481.25
CTP_p0_proyectada
 46804.2 22125.3 772.11 360.872 891.593
 46804.2 13183.3 3147.07 104.28 55.1475
Wmedp
 7.49 15.67 23.13 29.37 33.83
Frms_r0
 0.291397 0.466467 0.481698 0.482527 0.482571
Zrms_r0
 1.2914 1.46647 1.4817 1.48253 1.48257
nmprior
 8.19 8.8 8.5 0
nm_flota  nm_reclas  nm_pelaces    nm_pelaL
inf 16.5965 9.00271 17.4055
cv_recla  cv_pelaces  cv_mph
0.305367 0.779866 1.30353
 ------------------------------------------------
Talla a la edad & desviaci?n 
 8 13.2811 15.8009 17.003 17.5766
 0.8 1.32811 1.58009 1.7003 1.75766
