years
 1991 1992 1993 1994 1995 1996 1997 1998 1999 2000 2001 2002 2003 2004 2005 2006 2007 2008 2009 2010 2011 2012 2013 2014 2015 2016 2017 2018 2019 2020 2021
reclasobs
 0 0 0 0 0 0 0 0 0 252601 567819 844713 477998 351125 339783 2.1784e+06 2.13404e+06 4.81314e+06 1.55562e+06 2.62356e+06 3.21686e+06 3.843e+06 1.13348e+06 3.07943e+06 1.97215e+06 2.03268e+06 2.025e+06 2.42433e+06 2.27542e+06 1.05018e+06 2.36338e+06
reclaspred
 5.14539e+06 3.00814e+06 1.55235e+06 2.03108e+06 2.49541e+06 3.54144e+06 2.60358e+06 2.21897e+06 1.49414e+06 1.00325e+06 781191 846736 814396 671944 702995 1.46323e+06 1.65754e+06 3.09663e+06 2.7229e+06 2.10731e+06 3.6903e+06 2.95652e+06 2.57333e+06 3.65052e+06 2.89732e+06 2.6748e+06 2.96035e+06 2.9573e+06 2.70123e+06 1.85545e+06 2.66754e+06
pelacesobs
 0 0 0 0 0 0 0 0 0 0 0 0 0 0 0 552880 188675 0 991730 2.46772e+06 1.41603e+06 1.21717e+06 2.29649e+06 1.80582e+06 0 1.4828e+06 1.56532e+06 1.57751e+06 1.42118e+06 867257 1.10002e+06
pelacespred
 2.45802e+06 1.60743e+06 845657 931550 1.12367e+06 1.68681e+06 1.25809e+06 1.18501e+06 823740 532017 430401 376080 386861 342048 370194 638116 697403 1.49225e+06 1.36682e+06 986801 1.63451e+06 1.46547e+06 1.23927e+06 1.93916e+06 1.48615e+06 1.35098e+06 1.71837e+06 1.71784e+06 1.25039e+06 971895 1.42875e+06
mphobs
 0 0 0 0 0 0 0 0 0 0 0 498337 0 5186 125008 0 168611 109162 213762 579715 649985 157893 87575 83554 0 0 0 0 0 0 0
mphpred
 4.63728e+06 3.16443e+06 1.65801e+06 926884 1.57604e+06 1.97609e+06 2.43311e+06 1.72234e+06 1.39226e+06 908946 551800 560608 531095 457088 342459 451983 1.12864e+06 1.18404e+06 1.99106e+06 1.57597e+06 1.7506e+06 2.14801e+06 1.99765e+06 1.75283e+06 2.36888e+06 1.97558e+06 1.69851e+06 1.75089e+06 2.29522e+06 1.64938e+06 1.16228e+06
desembarqueobs
 494567 514787 250237 358949 120608 361735 552515 73892 212993 205616 52469 317467 293654 387597 252695 516296 358380 742168 942051 627588 828172 859565 418607 520667 417249 300574 415391 372974 316634 284311 391294
desembarquepred
 494574 512495 251675 358958 120609 361751 552608 73894.5 213047 205677 52471.9 317587 293749 387722 252717 516323 358420 742137 942026 627565 828304 859705 418643 520711 417275 300589 415412 372981 316647 284334 391305
Reclutas
 259536 153614 143744 476475 366072 466463 193140 91951.1 68374.3 81344.7 123787 158599 142690 105606 112306 490692 140904 718783 478468 368394 526367 686398 179628 443312 385993 190906 380806 404774 149686 120571 408522
log_desv_Rt
 0.0988621 -0.425594 -0.492 0.706381 0.442794 0.685145 -0.196622 -0.938778 -1.23504 -1.06134 -0.641469 -0.393659 -0.49936 -0.800322 -0.738805 0.735781 -0.511959 1.11753 0.710555 0.449117 0.805965 1.07142 -0.269144 0.634239 0.495786 -0.208253 0.482254 0.543294 -0.451495 -0.667798 0.552512
SSB
 4.63728e+06 3.16443e+06 1.65801e+06 926884 1.57604e+06 1.97609e+06 2.43311e+06 1.72234e+06 1.39226e+06 908946 551800 560608 531095 457088 342459 451983 1.12864e+06 1.18404e+06 1.99106e+06 1.57597e+06 1.7506e+06 2.14801e+06 1.99765e+06 1.75283e+06 2.36888e+06 1.97558e+06 1.69851e+06 1.75089e+06 2.29522e+06 1.64938e+06 1.16228e+06
BT
 6.14373e+06 4.25469e+06 2.22326e+06 2.59236e+06 2.77787e+06 4.40602e+06 3.44845e+06 2.88638e+06 2.16088e+06 1.46531e+06 1.08714e+06 1.18551e+06 1.21247e+06 1.24621e+06 1.17487e+06 2.02876e+06 1.94456e+06 4.38395e+06 4.22485e+06 2.92456e+06 4.70055e+06 4.34338e+06 3.31717e+06 5.291e+06 3.91985e+06 3.50242e+06 4.66117e+06 4.60155e+06 3.19015e+06 2.57064e+06 3.92532e+06
Ftot
 0.0900097 0.159052 0.151013 0.156506 0.044418 0.0926036 0.1961 0.0310119 0.131544 0.188177 0.0608593 0.33275 0.319881 0.498081 0.31157 0.302223 0.196891 0.20988 0.307887 0.266209 0.20061 0.259034 0.149608 0.126915 0.131617 0.103263 0.125373 0.112347 0.109561 0.14135 0.129369
BD_Bspro_t
 0.985702 0.892054 0.775426 0.712226 0.777448 0.835757 0.826535 0.739612 0.769534 0.728774 0.685188 0.763325 0.634012 0.548086 0.458713 0.524748 0.635318 0.631951 0.68899 0.60569 0.584914 0.629682 0.639301 0.64648 0.73812 0.747392 0.761063 0.786873 0.816649 0.767339 0.7291
BD_Bspro
 2.75944 1.88301 0.986604 0.551547 0.937828 1.17588 1.44783 1.02489 0.828472 0.540873 0.328351 0.333592 0.316031 0.271992 0.203782 0.268954 0.671602 0.70457 1.18479 0.937789 1.0417 1.27819 1.18871 1.04303 1.40961 1.17558 1.01071 1.04187 1.36578 0.981474 0.691622
BD_Bo
 1.96332 1.33975 0.70196 0.392421 0.667257 0.836631 1.03012 0.729197 0.589451 0.384826 0.233619 0.237348 0.224853 0.19352 0.144989 0.191359 0.477839 0.501296 0.842968 0.667229 0.741161 0.909419 0.845759 0.742106 1.00293 0.836414 0.719111 0.741284 0.97174 0.69831 0.492083
BD_Brms
 14.522 9.90968 5.19218 2.90261 4.93549 6.18829 7.61947 5.39364 4.35998 2.84644 1.72801 1.75559 1.66317 1.43141 1.07244 1.41542 3.53442 3.70793 6.23516 4.93528 5.48213 6.72668 6.25581 5.48912 7.41834 6.18669 5.31903 5.48304 7.18765 5.16518 3.63978
Sel_flota
 0.930928 1 1 1 1
 0.930928 1 1 1 1
 0.930928 1 1 1 1
 0.930928 1 1 1 1
 0.930928 1 1 1 1
 0.930928 1 1 1 1
 0.930928 1 1 1 1
 0.930928 1 1 1 1
 0.930928 1 1 1 1
 0.930928 1 1 1 1
 0.930928 1 1 1 1
 0.930928 1 1 1 1
 0.930928 1 1 1 1
 0.930928 1 1 1 1
 0.930928 1 1 1 1
 0.930928 1 1 1 1
 0.930928 1 1 1 1
 0.930928 1 1 1 1
 0.930928 1 1 1 1
 0.930928 1 1 1 1
 0.930928 1 1 1 1
 0.930928 1 1 1 1
 0.930928 1 1 1 1
 0.930928 1 1 1 1
 0.930928 1 1 1 1
 0.930928 1 1 1 1
 0.930928 1 1 1 1
 0.930928 1 1 1 1
 0.930928 1 1 1 1
 0.930928 1 1 1 1
 0.930928 1 1 1 1
Sel_reclas
 0.828189 1 1 1 1
 0.828189 1 1 1 1
 0.828189 1 1 1 1
 0.828189 1 1 1 1
 0.828189 1 1 1 1
 0.828189 1 1 1 1
 0.828189 1 1 1 1
 0.828189 1 1 1 1
 0.828189 1 1 1 1
 0.828189 1 1 1 1
 0.828189 1 1 1 1
 0.828189 1 1 1 1
 0.828189 1 1 1 1
 0.828189 1 1 1 1
 0.828189 1 1 1 1
 0.828189 1 1 1 1
 0.828189 1 1 1 1
 0.828189 1 1 1 1
 0.828189 1 1 1 1
 0.828189 1 1 1 1
 0.828189 1 1 1 1
 0.828189 1 1 1 1
 0.828189 1 1 1 1
 0.828189 1 1 1 1
 0.828189 1 1 1 1
 0.828189 1 1 1 1
 0.828189 1 1 1 1
 0.828189 1 1 1 1
 0.828189 1 1 1 1
 0.828189 1 1 1 1
 0.828189 1 1 1 1
Sel_pelaces
 0.883928 1 1 1 1
 0.883928 1 1 1 1
 0.883928 1 1 1 1
 0.883928 1 1 1 1
 0.883928 1 1 1 1
 0.883928 1 1 1 1
 0.883928 1 1 1 1
 0.883928 1 1 1 1
 0.883928 1 1 1 1
 0.883928 1 1 1 1
 0.883928 1 1 1 1
 0.883928 1 1 1 1
 0.883928 1 1 1 1
 0.883928 1 1 1 1
 0.883928 1 1 1 1
 0.883928 1 1 1 1
 0.883928 1 1 1 1
 0.883928 1 1 1 1
 0.883928 1 1 1 1
 0.883928 1 1 1 1
 0.883928 1 1 1 1
 0.883928 1 1 1 1
 0.883928 1 1 1 1
 0.883928 1 1 1 1
 0.883928 1 1 1 1
 0.883928 1 1 1 1
 0.883928 1 1 1 1
 0.883928 1 1 1 1
 0.883928 1 1 1 1
 0.883928 1 1 1 1
 0.883928 1 1 1 1
pf_obs 
 0.8446 0.082 0.0669 0.0065 0
 0.8095 0.147 0.0364 0.0071 0
 0.9664 0.0169 0.016 0.0007 0
 0.9276 0.0648 0.0075 0.0001 0
 0.7033 0.2144 0.0806 0.0017 0
 0.9318 0.0425 0.0243 0.0014 0
 0.5671 0.3108 0.0964 0.0239 0.0018
 0.0768 0.2599 0.5324 0.112 0.0189
 0.490249 0.384438 0.106611 0.0170017 0.00170017
 0.7925 0.1577 0.0466 0.003 0.0002
 0.840416 0.127587 0.0312969 0.00059994 9.999e-05
 0.8084 0.0986 0.0794 0.0134 0.0002
 0.7335 0.1905 0.0724 0.0035 0.0001
 0.4001 0.4547 0.1325 0.0127 0
 0.49795 0.308269 0.164784 0.0264974 0.00249975
 0.9179 0.0499 0.0305 0.0017 0
 0.2467 0.6533 0.0926 0.0074 0
 0.9418 0.0223 0.034 0.0019 0
 0.707729 0.231977 0.0356964 0.0245975 0
 0.517169 0.277429 0.184464 0.0207286 0.00020938
 0.811772 0.124168 0.05621 0.00726502 0.000585176
 0.764997 0.148141 0.077277 0.00933861 0.000247198
 0.163321 0.427699 0.378323 0.0303852 0.000271297
 0.753843 0.0900009 0.118128 0.0371064 0.000921714
 0.721811 0.176058 0.0630433 0.0369309 0.00215725
 0.143369 0.312575 0.442814 0.0836902 0.0175525
 0.692698 0.0596174 0.167031 0.0765114 0.00414204
 0.394062 0.376323 0.152708 0.0712218 0.00568511
 0.125707 0.32114 0.495352 0.0537591 0.00404204
 0.23352 0.215282 0.420074 0.123614 0.00750983
 0.774587 0.0839891 0.0768558 0.0609784 0.00358967
pf_pred 
 0.463181 0.0934607 0.423353 0.020005 7.2602e-07
 0.440845 0.269474 0.0504337 0.228452 0.0107956
 0.559265 0.202816 0.11466 0.0214594 0.101799
 0.848666 0.0875216 0.0293648 0.0166012 0.017846
 0.659067 0.292662 0.0279172 0.00936663 0.0109878
 0.694711 0.206178 0.0850776 0.00811561 0.00591709
 0.449293 0.391251 0.107689 0.0444371 0.00732945
 0.404372 0.279393 0.22467 0.0618391 0.0297262
 0.450675 0.23183 0.148928 0.119759 0.0488081
 0.616415 0.180204 0.0858322 0.0551388 0.0624098
 0.7448 0.162049 0.0437612 0.0208437 0.0285458
 0.724254 0.209185 0.0422652 0.0114137 0.0128816
 0.698769 0.223213 0.0591855 0.0119583 0.00687396
 0.646745 0.253053 0.0742501 0.0196876 0.0062644
 0.742335 0.172034 0.0613418 0.0179988 0.00629095
 0.918675 0.0616591 0.0131301 0.00468178 0.00185386
 0.472349 0.487945 0.030105 0.00641075 0.00319102
 0.884755 0.0567286 0.0541129 0.00333863 0.00106483
 0.648332 0.313929 0.0185765 0.0177199 0.00144197
 0.635634 0.243155 0.108204 0.00640286 0.00660464
 0.753036 0.16165 0.0569325 0.025335 0.00304559
 0.754593 0.188371 0.0373333 0.0131486 0.00655452
 0.394416 0.466008 0.107136 0.0212334 0.0112062
 0.748503 0.103898 0.11358 0.0261121 0.00790645
 0.654959 0.263155 0.033829 0.0369812 0.0110764
 0.488139 0.344041 0.127993 0.0164537 0.0233742
 0.738757 0.132472 0.0865522 0.0321998 0.0100197
 0.695518 0.229362 0.038092 0.0248879 0.0121402
 0.425755 0.408519 0.124839 0.020733 0.020154
 0.50179 0.221426 0.196905 0.0601721 0.0197074
 0.836469 0.0852186 0.0348052 0.0309508 0.012556
pobs_RECLAS
 0 0 0 0 0
 0 0 0 0 0
 0 0 0 0 0
 0 0 0 0 0
 0 0 0 0 0
 0 0 0 0 0
 0 0 0 0 0
 0 0 0 0 0
 0 0 0 0 0
 0 0 0 0 0
 0.991045 0.00858322 0.000360255 1.14367e-05 0
 0.934742 0.0480273 0.0164251 0.00080598 0
 0.827803 0.169806 0.00239088 0 0
 0.941827 0.0461693 0.0120037 0 0
 0.791401 0.0380133 0.147996 0.0225897 0
 0.846168 0.0940531 0.0597789 0 0
 0.134021 0.677848 0.182769 0.00536245 0
 0.80878 0.0450904 0.141981 0.00414843 0
 0.846168 0.0940531 0.0597789 0 0
 0.905697 0.0802665 0.012482 0.00150086 5.37128e-05
 0.989698 0.0102097 9.19794e-05 0 0
 0.975433 0.0193895 0.00387452 0.00125025 5.28907e-05
 0.303575 0.632131 0.0575291 0.00676475 0
 0.966965 0.00978017 0.0227588 0.000495775 0
 0.843318 0.132988 0.00938335 0.0141283 0.000182051
 0.564624 0.303363 0.111486 0.0197234 0.00080311
 0.826376 0.0876187 0.0782897 0.00655872 0.00115652
 0.89761 0.0855135 0.0140674 0.00269457 0.000114338
 0.34875 0.467042 0.161289 0.0227151 0.000203297
 0.318654 0.224769 0.449479 0.00709798 0
 0.937255 0.0296025 0.0250945 0.00804832 0
ppred_RECLAS
 0.434398 0.0984719 0.446052 0.0210776 7.64947e-07
 0.4125 0.283134 0.0529903 0.240032 0.0113428
 0.530516 0.216046 0.12214 0.0228592 0.108439
 0.833169 0.0964844 0.0323719 0.0183012 0.0196736
 0.632385 0.315566 0.0301021 0.0100997 0.0118477
 0.669488 0.223213 0.0921069 0.00878615 0.00640598
 0.420882 0.411436 0.113245 0.0467296 0.00770759
 0.376591 0.292424 0.235149 0.0647233 0.0311126
 0.422127 0.243878 0.156668 0.125982 0.0513447
 0.588719 0.193216 0.0920296 0.0591201 0.066916
 0.722018 0.176516 0.0476678 0.0227044 0.0310941
 0.700816 0.226966 0.0458579 0.0123838 0.0139766
 0.674113 0.241483 0.0640299 0.0129371 0.0074366
 0.620559 0.271811 0.0797541 0.021147 0.00672877
 0.7198 0.187079 0.0667066 0.0195729 0.00684115
 0.90968 0.0684794 0.0145824 0.00519964 0.00205892
 0.443655 0.514479 0.0317421 0.00675936 0.00336454
 0.872443 0.0627894 0.0598942 0.00369532 0.0011786
 0.621757 0.337652 0.0199803 0.019059 0.00155093
 0.608593 0.2612 0.116234 0.00687805 0.0070948
 0.730917 0.176129 0.0620317 0.0276042 0.00331837
 0.732656 0.205209 0.0406706 0.014324 0.00714044
 0.367081 0.487043 0.111972 0.0221918 0.011712
 0.726018 0.113188 0.123735 0.0284468 0.00861335
 0.628271 0.283509 0.0364456 0.0398416 0.0119331
 0.459153 0.363523 0.135241 0.0173854 0.0246978
 0.715728 0.144149 0.0941818 0.0350382 0.0109029
 0.670359 0.248314 0.0412395 0.0269444 0.0131433
 0.397606 0.428544 0.130958 0.0217493 0.0211419
 0.472808 0.234307 0.208359 0.0636724 0.0208538
 0.819959 0.0938224 0.0383191 0.0340757 0.0138237
pobs_PELACES
 0 0 0 0 0
 0 0 0 0 0
 0 0 0 0 0
 0 0 0 0 0
 0 0 0 0 0
 0 0 0 0 0
 0 0 0 0 0
 0 0 0 0 0
 0 0 0 0 0
 0 0 0 0 0
 0 0 0 0 0
 0 0 0 0 0
 0 0 0 0 0
 0 0 0 0 0
 0 0 0 0 0
 0 0 0 0 0
 0.505614 0.472636 0.0217494 0 0
 0 0 0 0 0
 0.443492 0.261883 0.143347 0.151278 0
 0.227955 0.32914 0.350689 0.0885471 0.00366901
 0.970185 0.0296113 0.000203453 0 0
 0.997202 0.00247181 0.000326279 0 0
 0.445219 0.490057 0.0546422 0.010081 0
 0.90214 0.0892962 0.00764917 0.000914606 0
 0 0 0 0 0
 0.581667 0.319106 0.0959925 0.00289975 0.000334073
 0.762889 0.0836404 0.116647 0.0363945 0.000428098
 0.88444 0.0763242 0.0277011 0.0115352 0
 0.521256 0.241999 0.230069 0.00667565 0
 0.616807 0.101726 0.260614 0.0208532 0
 0.833518 0.0704572 0.0857862 0.0102388 0
ppred_PELACES
 0.450972 0.0955863 0.432981 0.02046 7.42532e-07
 0.429258 0.275058 0.0514788 0.233186 0.0110193
 0.547554 0.208205 0.117707 0.0220296 0.104504
 0.842501 0.0910873 0.0305611 0.0172775 0.0185731
 0.647623 0.302485 0.0288543 0.00968103 0.0113566
 0.684194 0.213281 0.0880086 0.0083952 0.00612094
 0.437934 0.399321 0.109911 0.0453537 0.00748064
 0.39217 0.285117 0.229273 0.063106 0.0303352
 0.438829 0.236829 0.15214 0.122341 0.0498607
 0.605418 0.18537 0.0882929 0.0567195 0.0641989
 0.73517 0.168164 0.0454125 0.0216302 0.0296229
 0.715837 0.215571 0.0435555 0.0117621 0.0132749
 0.689819 0.229845 0.0609441 0.0123136 0.0070782
 0.638396 0.259034 0.076005 0.0201529 0.00641246
 0.734135 0.177508 0.0632939 0.0185715 0.00649115
 0.915425 0.0641232 0.0136548 0.00486888 0.00192795
 0.4609 0.498531 0.0307582 0.00654984 0.00326025
 0.880023 0.059058 0.0563348 0.00347572 0.00110856
 0.638571 0.322643 0.0190921 0.0182118 0.00148199
 0.625416 0.249973 0.111238 0.00658241 0.00678985
 0.744404 0.167301 0.0589225 0.0262206 0.00315205
 0.746338 0.194707 0.0385891 0.0135909 0.006775
 0.383146 0.474681 0.10913 0.0216285 0.0114147
 0.739339 0.107684 0.117718 0.0270636 0.00819455
 0.644039 0.271483 0.0348996 0.0381515 0.0114269
 0.475952 0.352232 0.13104 0.0168454 0.0239307
 0.729357 0.137238 0.0896666 0.0333585 0.0103802
 0.685142 0.237178 0.0393901 0.0257361 0.0125539
 0.413912 0.416944 0.127414 0.0211606 0.0205696
 0.489871 0.226723 0.201616 0.0616115 0.0201789
 0.829792 0.0886983 0.0362264 0.0322147 0.0130687
pobs_pel_tallas
 0 0 0 0 0 0 0 0 0 0 0 0 0 0 0 0 0 0 0 0 0 0 0 0 0 0
 0 0 0 0 0 0 0 0 0 0 0 0 0 0 0 0 0 0 0 0 0 0 0 0 0 0
 0 0 0 0 0 0 0 0 0 0 0 0 0 0 0 0 0 0 0 0 0 0 0 0 0 0
 0 0 0 0 0 0 0 0 0 0 0 0 0 0 0 0 0 0 0 0 0 0 0 0 0 0
 0 0 0 0 0 0 0 0 0 0 0 0 0 0 0 0 0 0 0 0 0 0 0 0 0 0
 0 0 0 0 0 0 0 0 0 0 0 0 0 0 0 0 0 0 0 0 0 0 0 0 0 0
 0 0 0 0 0 0 0 0 0 0 0 0 0 0 0 0 0 0 0 0 0 0 0 0 0 0
 0 0 0 0 0 0 0 0 0 0 0 0 0 0 0 0 0 0 0 0 0 0 0 0 0 0
 0 0 0 0 0 0 0 0 0 0 0 0 0 0 0 0 0 0 0 0 0 0 0 0 0 0
 0 0 0 0 0 0 0 0 0 0 0 0 0 0 0 0 0 0 0 0 0 0 0 0 0 0
 0 0 0 0 0 0 0 0 0 0 0 0 0 0 0 0 0 0 0 0 0 0 0 0 0 0
 0 0 0 0 0 0 0 0 0 0 0 0 0 0 0 0 0 0 0 0 0 0 0 0 0 0
 0.00862536 0 0 0.000197151 0.00414017 0.0128641 0.00837892 0.0270097 0.101434 0.158115 0.152841 0.127902 0.109271 0.109419 0.0830992 0.0579132 0.0238553 0.00714673 0.00463305 0.00128148 0.00103504 0.000492878 0.000147863 0.000147863 4.92878e-05 0
 0 0 0 0 0 0 0 0 0 0 0 0 0 0 0 0 0 0 0 0 0 0 0 0 0 0
 0 0 0 0 0 0 0 0.0054083 0.00873648 0.0413646 0.0450493 0.0745869 0.0622846 0.0627006 0.0613931 0.0827291 0.12552 0.122667 0.0946155 0.0697135 0.0546179 0.0294188 0.0215738 0.0213955 0.0102223 0.00600262
 0 0 0 0 0.00359764 0.0251062 0.0480494 0.140153 0.205849 0.193036 0.1447 0.116669 0.0760912 0.0342217 0.00950174 0.001854 0.000860785 0 0 0 0.000165536 0 0.000143464 0 0 0
 0 0 0 0 0 0 0 0.000145254 0.000435761 0.0275982 0.070085 0.0708112 0.156366 0.174668 0.174014 0.160142 0.0824315 0.0480064 0.0283245 0.00493863 0.00203355 0 0 0 0 0
 0 0 0 0 0 0 0 0 0 0 0 0 0 0 0 0 0 0 0 0 0 0 0 0 0 0
 0 0 1.00437e-05 0.000401748 0.00122533 0.00171747 0.00176769 0.0269171 0.070346 0.194647 0.189555 0.159765 0.064822 0.0314167 0.0384472 0.0292271 0.0345202 0.0313363 0.0194345 0.0106764 0.0143323 0.0359363 0.0279516 0.0138201 0.00172751 0
 0 0.0021121 0.0136068 0.0755702 0.200478 0.177729 0.0527432 0.0373336 0.0318909 0.0142505 0.0149659 0.0166563 0.0217959 0.0798694 0.0677717 0.0528807 0.04013 0.0224614 0.0357745 0.0225083 0.00881397 0.00855152 0.00135912 0.000746735 0 0
 0 0 0 0 5.4009e-05 0.00500934 0.000945158 0.0243581 0.138947 0.33067 0.221406 0.137944 0.0707744 0.0437923 0.0131692 0.00525238 0.0047753 0.00276346 9.45158e-05 9.00151e-06 2.25038e-05 9.00151e-06 4.50075e-06 0 0 0
 0.000866109 0.00284123 0.00948549 0.0512746 0.133035 0.25785 0.225252 0.132002 0.0553304 0.0519788 0.0540692 0.017754 0.00435017 0.00159236 0.00146478 0.000404838 0.000125132 0.000115318 0.000107957 0.000100596 0 0 0 0 0 0
 0 0 0 0 0.00144013 0.00171154 0.00461396 0.0210425 0.0478622 0.0707936 0.0888783 0.103762 0.0637923 0.0337046 0.0602308 0.124433 0.169614 0.0934646 0.0462172 0.0250306 0.0313229 0.00938855 0.002487 0.000210481 0 0
 0 0.00764035 0.051015 0.0998891 0.058973 0.0496711 0.0374665 0.0718981 0.12319 0.153886 0.159021 0.0857701 0.0377988 0.023471 0.0147837 0.00900784 0.00315554 0.000888139 0.00291439 0.00214683 0.00393193 0.00274676 0.000635225 9.99891e-05 0 0
 0 0 0 0 0 0 0 0 0 0 0 0 0 0 0 0 0 0 0 0 0 0 0 0 0 0
 0 0 0 0 0 0 0 0 0 0 0 0 0 0 0 0 0 0 0 0 0 0 0 0 0 0
 0 0 0 0 0 0 0 0 0 0 0 0 0 0 0 0 0 0 0 0 0 0 0 0 0 0
 0 0 0 0 0 0 0 0 0 0 0 0 0 0 0 0 0 0 0 0 0 0 0 0 0 0
 0 0 0 0 0 0 0 0 0 0 0 0 0 0 0 0 0 0 0 0 0 0 0 0 0 0
 0 0 0 0 0 0 0 0 0 0 0 0 0 0 0 0 0 0 0 0 0 0 0 0 0 0
 0 0 0 0 0 0 0 0 0 0 0 0 0 0 0 0 0 0 0 0 0 0 0 0 0 0
ppred_pel_tallas
 1.14572e-16 3.7146e-05 0.000361072 0.00239945 0.0109076 0.0339375 0.0723079 0.105537 0.105547 0.0723564 0.0341023 0.0113918 0.00364632 0.00318637 0.00570512 0.0101589 0.0164553 0.0244802 0.0339946 0.0446547 0.0558068 0.0661497 0.0736953 0.0763575 0.0729434 0.0638798
 1.26806e-16 3.53575e-05 0.000343687 0.00228392 0.0103824 0.0323036 0.0688273 0.100461 0.100488 0.0689574 0.0327408 0.0116465 0.0054632 0.00730572 0.0133254 0.0221649 0.0324128 0.0418822 0.0484798 0.0515221 0.0522496 0.0529584 0.0553656 0.0594553 0.0635544 0.0653909
 1.23345e-16 4.51013e-05 0.000438401 0.00291333 0.0132436 0.0412058 0.0877941 0.128142 0.128163 0.087893 0.0415385 0.0142066 0.00533879 0.00576113 0.0102375 0.0170773 0.0251361 0.0327837 0.0384237 0.0414364 0.0425619 0.0433084 0.0448465 0.0472597 0.0496173 0.0506284
 1.05782e-16 6.93957e-05 0.000674551 0.00448263 0.0203774 0.0634017 0.135084 0.197161 0.19717 0.135127 0.0635465 0.0207961 0.00553552 0.00297937 0.00446582 0.00732474 0.0106703 0.0136932 0.0156301 0.0161625 0.0156084 0.0146834 0.0140196 0.0138173 0.0138423 0.0136763
 1.03803e-16 5.33439e-05 0.000518522 0.00344576 0.0156639 0.0487365 0.103839 0.151563 0.151592 0.103982 0.0492144 0.0170441 0.00690917 0.00807618 0.0143981 0.0236966 0.0340809 0.0427579 0.0469232 0.0452994 0.0389094 0.0303997 0.0224724 0.016635 0.0129857 0.0108041
 1.04473e-16 5.63562e-05 0.000547802 0.00364034 0.0165485 0.0514885 0.109703 0.160118 0.160139 0.109803 0.0518277 0.0175292 0.00610653 0.00594589 0.0103504 0.0171316 0.024928 0.0318773 0.0361002 0.0366998 0.0342363 0.030232 0.0261414 0.0226294 0.0195872 0.0166321
 1.09089e-16 3.60721e-05 0.000350634 0.00233009 0.0105923 0.0329567 0.0702191 0.102495 0.102534 0.0704077 0.0335901 0.0124231 0.00693046 0.0104091 0.0191856 0.0317843 0.046076 0.0585656 0.0657064 0.0658695 0.0602709 0.0520315 0.0441616 0.038075 0.0335152 0.0294846
 1.18152e-16 3.23026e-05 0.000313992 0.00208659 0.00948536 0.0295126 0.0628808 0.0917821 0.0918099 0.0630167 0.0299701 0.0108108 0.00542921 0.00766266 0.0141413 0.0237286 0.0351235 0.0461645 0.0546395 0.0595181 0.0614269 0.0618837 0.0619627 0.0615459 0.05966 0.0554121
 1.25158e-16 3.61459e-05 0.000351351 0.00233485 0.0106139 0.0330239 0.0703618 0.1027 0.102723 0.0704746 0.0334033 0.0117129 0.00510556 0.0064404 0.0117219 0.0196474 0.0290846 0.0382796 0.0455097 0.0501204 0.0528981 0.0553462 0.0584304 0.061815 0.0641058 0.0637594
 1.19148e-16 4.98676e-05 0.00048473 0.0032212 0.0146431 0.0455603 0.0970718 0.141683 0.141701 0.0971598 0.0458561 0.0154992 0.00537666 0.00521248 0.00909617 0.0151409 0.0222485 0.0289486 0.0338156 0.0363096 0.0371172 0.0376138 0.0388569 0.0409016 0.0428693 0.0435628
 1.08536e-16 6.0555e-05 0.000588616 0.00391156 0.0177814 0.0553246 0.117876 0.172046 0.172063 0.117955 0.0555915 0.0185528 0.00585026 0.0048288 0.00813756 0.0134225 0.0194889 0.0248582 0.0280822 0.0285399 0.0268158 0.0242774 0.0221904 0.0210601 0.0205904 0.020107
 1.04739e-16 5.89626e-05 0.000573137 0.0038087 0.0173138 0.0538698 0.114776 0.167523 0.167544 0.114878 0.0542112 0.0183002 0.00628588 0.00598496 0.0103493 0.017049 0.0246329 0.0311469 0.0346427 0.0342337 0.0306157 0.0255689 0.0208546 0.0173701 0.0150546 0.0133538
 1.04251e-16 5.68195e-05 0.000552306 0.00367027 0.0166845 0.0519119 0.110605 0.161435 0.161457 0.110713 0.0522763 0.0177377 0.00631624 0.00633602 0.0110633 0.0182582 0.0264324 0.033526 0.0374709 0.0373063 0.0337221 0.0285302 0.0235139 0.0195679 0.0166369 0.0142197
 1.05366e-16 5.25839e-05 0.000511134 0.00339667 0.0154408 0.0480421 0.10236 0.149402 0.149427 0.102482 0.0484531 0.0166287 0.00638176 0.00703833 0.0124805 0.0206324 0.0299114 0.0380248 0.0426625 0.0427519 0.0390596 0.0335885 0.0282839 0.0240817 0.0208631 0.0180436
 1.04833e-16 6.04698e-05 0.000587788 0.00390606 0.0177564 0.0552468 0.11771 0.171804 0.171822 0.117794 0.0555288 0.0185719 0.0059562 0.00507383 0.00861144 0.0142227 0.0206756 0.0264082 0.0298648 0.030326 0.0283038 0.0251185 0.022017 0.0195423 0.017534 0.0155578
 1.01226e-16 7.54024e-05 0.000732938 0.00487063 0.0221412 0.0688895 0.146777 0.214226 0.214232 0.146807 0.068991 0.0224347 0.00560775 0.00234349 0.0031383 0.00507997 0.00733689 0.00928253 0.010334 0.0102259 0.00916052 0.00766043 0.00624147 0.00516511 0.0044142 0.00383282
 1.02224e-16 3.79639e-05 0.000369022 0.00245228 0.0111478 0.0346851 0.073902 0.107872 0.10792 0.0741364 0.0354721 0.01342 0.00815269 0.0128025 0.0236203 0.0389074 0.0558521 0.0698318 0.0761595 0.0726737 0.0610459 0.0456932 0.0312046 0.0202622 0.0132431 0.00913605
 1.02178e-16 7.24863e-05 0.000704593 0.00468227 0.0212849 0.0662253 0.1411 0.205941 0.205947 0.141128 0.0663203 0.0215601 0.00537662 0.00223219 0.00300823 0.00494834 0.00732979 0.00965011 0.0114335 0.012435 0.0127349 0.012593 0.0121982 0.011543 0.0105085 0.00904192
 1.02711e-16 5.25983e-05 0.000511274 0.0033976 0.015445 0.0480553 0.102388 0.149445 0.149476 0.10254 0.0485647 0.0169158 0.00708781 0.0085611 0.0153235 0.0252051 0.0362018 0.0453155 0.0495351 0.0474898 0.0402844 0.0307816 0.0219209 0.0153681 0.0112678 0.00886668
 1.05084e-16 5.15148e-05 0.000500742 0.00332761 0.0151268 0.0470653 0.100279 0.146365 0.146389 0.100397 0.0474631 0.0162771 0.00622062 0.00683475 0.0121351 0.020121 0.0293066 0.0375307 0.0425969 0.0434468 0.0407116 0.0361339 0.0313736 0.0271814 0.0234359 0.0197301
 1.04907e-16 6.13156e-05 0.00059601 0.00396069 0.0180048 0.0560195 0.119356 0.174207 0.174223 0.119435 0.0562854 0.0187735 0.00589334 0.00482532 0.00812413 0.0134146 0.0195098 0.024941 0.0282521 0.0287766 0.0270057 0.0241826 0.0214651 0.0193304 0.0175827 0.0157734
 1.03673e-16 6.14749e-05 0.000597558 0.00397098 0.0180515 0.0561651 0.119666 0.174661 0.174679 0.119758 0.0564734 0.0189424 0.00620814 0.00548479 0.0093537 0.0153942 0.0222366 0.0281068 0.03124 0.0308297 0.0274981 0.0228475 0.0184664 0.0151691 0.0129142 0.0112239
 1.07372e-16 3.15593e-05 0.000306768 0.00203858 0.00926713 0.0288337 0.061435 0.0896757 0.0897216 0.0616589 0.0295858 0.0114402 0.0074966 0.0122327 0.0227135 0.037585 0.0543383 0.0687488 0.0765139 0.0756328 0.0675554 0.0561021 0.0450755 0.0364526 0.0302121 0.0253459
 1.07526e-16 6.08984e-05 0.000591954 0.00393374 0.0178822 0.0556383 0.118544 0.17302 0.173031 0.118595 0.0558121 0.0183864 0.00520741 0.00339958 0.00547309 0.00916147 0.0136832 0.01824 0.0220396 0.0246946 0.0263654 0.027463 0.0281796 0.0282809 0.0273141 0.0250022
 1.06837e-16 5.30487e-05 0.000515652 0.00342669 0.0155773 0.0484668 0.103265 0.150723 0.150749 0.103392 0.0488963 0.0168178 0.00654114 0.00731648 0.0129755 0.0213862 0.0308536 0.038923 0.0431472 0.0424457 0.0377667 0.0314444 0.0257692 0.0218753 0.019597 0.0180754
 1.09611e-16 3.92036e-05 0.000381073 0.00253237 0.0115118 0.0358176 0.0763145 0.11139 0.111424 0.0764811 0.0363774 0.0131302 0.00660118 0.00928454 0.0170109 0.0282239 0.0410371 0.0524109 0.0592523 0.0601174 0.056004 0.0495237 0.0431652 0.0380506 0.0339267 0.0299913
 1.07725e-16 6.00762e-05 0.000583962 0.00388063 0.0176408 0.0548871 0.116943 0.170685 0.170698 0.117009 0.0551067 0.0182765 0.00548225 0.00410018 0.00679681 0.0112965 0.0166335 0.0216939 0.0253784 0.027186 0.0274614 0.0270316 0.0265428 0.0260558 0.0251614 0.0234083
 1.05903e-16 5.64343e-05 0.000548561 0.00364538 0.0165714 0.0515599 0.109855 0.160341 0.160364 0.109966 0.0519353 0.017656 0.0063689 0.0064974 0.0113648 0.0187278 0.0270443 0.0341706 0.0379714 0.0374931 0.033537 0.028102 0.0231494 0.0196522 0.0174828 0.0159399
 1.09387e-16 3.40934e-05 0.0003314 0.00220227 0.0100112 0.0311489 0.0663675 0.0968738 0.0969141 0.0665645 0.0318106 0.0119238 0.00700844 0.0108414 0.0200477 0.0332284 0.0481909 0.0612902 0.0688147 0.069038 0.0631889 0.0544842 0.0460496 0.0393927 0.0343275 0.0299151
 1.1547e-16 4.03501e-05 0.000392217 0.00260642 0.0118484 0.036865 0.0785456 0.114644 0.114666 0.0786539 0.0372295 0.0129049 0.00527217 0.00625811 0.011318 0.0190083 0.0282283 0.0372935 0.0444867 0.0490052 0.051311 0.0525071 0.0532917 0.0534071 0.0519677 0.0482484
 1.06511e-16 6.83489e-05 0.000664375 0.00441501 0.02007 0.0624452 0.133047 0.194187 0.194196 0.133089 0.0625866 0.0204788 0.00544375 0.00291887 0.0043764 0.00719796 0.0105346 0.0136243 0.0157534 0.0166334 0.0165715 0.0162238 0.0161241 0.0163601 0.0166032 0.0163885
pSPR Fmed_Fpbrs
0.729041   0.185196 0.185196
Fs Fmed_Fpbrs
0.155131   1.005 1.005
SSBpbr Bo_Bmed_Bpbrs
2.36196e+06  1.60387e+06  319328 319328
Ro
235106
SPR SPRFo_SPRFmed_SPRFpbrs
1.68052e+06 1.22517e+06 311225
Fref
1.005
Nvult_r0
 275287 26317 10748.4 9558.16 3877.51
CTP_r0
 29590 3014.6 1231.23 1094.88 444.167
YTP_r0
391305
Np
 291608 133235 12569.6 5133.7 6040.84
Nvult_p0
 249518 115293 10877 4442.4 5227.38
CTP_p0
 120607 57790.5 5452.05 2226.74 2620.21
YTP_p0
 2.12079e+06
CBA_c0
910150
log_Ro
12.1878
likeval ReclasPelacesDesembMPH_pf_preclas_ppelaces_ptallas_desvR_qrecl_qpela
 30.9983 17.9762 0.266896 0.00316028 243.945 124.556 98.4992 0 19.409 0 0 1.34673 0 0 0
q_reclas_q_pelaces
1 1
M
1
N
 259536 48876.8 221399 10461.9 0.379684
 153614 87803.8 16433 74437.3 3517.56
 143744 48733.9 27551.4 5156.41 24460.9
 476475 45945.3 15415.3 8714.94 9368.44
 366072 151520 14453.6 4849.4 5688.73
 466463 129215 53319.5 5086.18 3708.33
 193140 157429 43331.3 17880.3 2949.17
 91951.1 59196.3 47601.9 13102.1 6298.23
 68374.3 32864.3 21112.1 16977 6919.06
 81344.7 22254.4 10599.9 6809.39 7707.32
 123787 25116.3 6782.61 3230.59 4424.35
 158599 43030.6 8694.2 2347.86 2649.82
 142690 42803.1 11349.4 2293.1 1318.14
 105606 38973.8 11435.6 3032.18 964.807
 112306 24435.5 8712.93 2556.52 893.56
 490692 30913.1 6582.84 2347.24 929.442
 140904 136247 8406.11 1790.05 891.016
 718783 43154.4 41164.5 2539.75 810.036
 478468 217495 12870.1 12276.6 999.018
 368394 132154 58808.7 3479.95 3589.61
 526367 105777 37254 16578.1 1992.9
 686398 160653 31839.9 11213.9 5590.06
 179628 198406 45613.9 9040.24 4771.1
 443312 57490.3 62847.3 14448.7 4374.89
 385993 144912 18628.7 20364.5 6099.43
 190906 125624 46735.7 6007.96 8534.92
 380806 63793.5 41680.4 15506.3 4825.13
 404774 124658 20703 13526.6 6598.18
 149686 134121 40985.9 6806.86 6616.76
 120571 49726.9 44220.2 13513.2 4425.82
 408522 38886.6 15882.1 14123.4 5729.5
pred_Ctot
 13277.4 2679.11 12135.7 573.454 0.0208118
 13526.3 8268.19 1547.44 7009.51 331.237
 12054.2 4371.41 2471.35 462.528 2194.14
 41323.8 4261.66 1429.85 808.355 868.97
 9405.1 4176.38 398.388 133.665 156.799
 24526.7 7279.09 3003.65 286.52 208.902
 20677.2 18006 4956.05 2045.07 337.314
 1657.96 1145.54 921.168 253.546 121.88
 5031.6 2588.28 1662.72 1337.05 544.922
 8381.76 2450.34 1167.11 749.755 848.622
 4330.01 942.099 254.412 121.178 165.955
 27386.2 7909.89 1598.17 431.584 487.091
 23798.4 7602.09 2015.72 407.27 234.11
 25713.9 10061.1 2952.1 782.758 249.066
 18300.1 4240.98 1512.2 443.706 155.085
 77826 5223.48 1112.32 396.619 157.05
 15141.3 15641.3 965.029 205.499 102.289
 81934.6 5253.47 5011.24 309.181 98.611
 77148.4 37356.1 2210.51 2108.58 171.587
 52156.6 19951.9 8878.62 525.384 541.94
 57550.7 12354.1 4351.06 1936.22 232.759
 94812.3 23668.2 4690.81 1652.08 823.555
 14931.1 17641.3 4055.77 803.816 424.224
 31530.4 4376.67 4784.49 1099.96 333.056
 28419.7 11418.7 1467.89 1604.67 480.621
 11147.7 7856.94 2923 375.757 533.801
 26771.3 4800.54 3136.5 1166.87 363.097
 25626.6 8450.92 1403.51 917.006 447.309
 9251.57 8877.05 2712.73 450.525 437.943
 9498.67 4191.5 3727.33 1139.03 373.054
 29590 3014.6 1231.23 1094.88 444.167
F
 0.0837925 0.0900097 0.0900097 0.0900097 0.0900097
 0.148066 0.159052 0.159052 0.159052 0.159052
 0.140583 0.151013 0.151013 0.151013 0.151013
 0.145696 0.156506 0.156506 0.156506 0.156506
 0.0413499 0.044418 0.044418 0.044418 0.044418
 0.0862073 0.0926036 0.0926036 0.0926036 0.0926036
 0.182555 0.1961 0.1961 0.1961 0.1961
 0.0288698 0.0310119 0.0310119 0.0310119 0.0310119
 0.122458 0.131544 0.131544 0.131544 0.131544
 0.17518 0.188177 0.188177 0.188177 0.188177
 0.0566556 0.0608593 0.0608593 0.0608593 0.0608593
 0.309766 0.33275 0.33275 0.33275 0.33275
 0.297786 0.319881 0.319881 0.319881 0.319881
 0.463678 0.498081 0.498081 0.498081 0.498081
 0.290049 0.31157 0.31157 0.31157 0.31157
 0.281347 0.302223 0.302223 0.302223 0.302223
 0.183292 0.196891 0.196891 0.196891 0.196891
 0.195383 0.20988 0.20988 0.20988 0.20988
 0.286621 0.307887 0.307887 0.307887 0.307887
 0.247822 0.266209 0.266209 0.266209 0.266209
 0.186754 0.20061 0.20061 0.20061 0.20061
 0.241142 0.259034 0.259034 0.259034 0.259034
 0.139274 0.149608 0.149608 0.149608 0.149608
 0.118149 0.126915 0.126915 0.126915 0.126915
 0.122525 0.131617 0.131617 0.131617 0.131617
 0.0961302 0.103263 0.103263 0.103263 0.103263
 0.116713 0.125373 0.125373 0.125373 0.125373
 0.104587 0.112347 0.112347 0.112347 0.112347
 0.101994 0.109561 0.109561 0.109561 0.109561
 0.131587 0.14135 0.14135 0.14135 0.14135
 0.120433 0.129369 0.129369 0.129369 0.129369
YTP_r0W_actual
 251515 49138 35582.5 38101.9 16967.2
YTP_p0W_proyectada
 906962 931582 127469 65688.8 89087
CTP_r0_actual
 29590 3014.6 1231.23 1094.88 444.167
CTP_p0_proyectada
 120607 57790.5 5452.05 2226.74 2620.21
Wmedp
 7.52 16.12 23.38 29.5 34
Frms_r0
 0.120433 0.129369 0.129369 0.129369 0.129369
Zrms_r0
 1.12043 1.12937 1.12937 1.12937 1.12937
nmprior
 8.19 8.8 8.5 0
nm_flota  nm_reclas  nm_pelaces    nm_pelaL
inf 9.96402 18.5717 44.6176
cv_recla  cv_pelaces  cv_mph
0.50361 0.480753 1.73487
 ------------------------------------------------
Talla a la edad & desviaci?n 
 8 13.2811 15.8009 17.003 17.5766
 0.8 1.32811 1.58009 1.7003 1.75766
