    unsorted:	 2.307170327e-06 5.539467931e-05 0.0001024602106 0.001099991743 6.363484297 8.644697445 5.126522173 13.77962270 63.24169414 84.20089305 169.9524734 227.7436261 206.6012092 252.4626179 460.6488769 514.5098297 620.6121787 882.6945706 890.7964696 815.5012246 790.1591753 946.9464268 1033.847911 1122.500554 1148.755717 1293.631790 1420.376504 1475.528897 1724.923951 1828.654810 1964.665590 2104.382771 2385.295675 2432.088072 2454.435812 2586.124691 2705.395063 2779.038432 3106.599615 3242.832943 3622.468380 3899.995693 4292.182040 9429.401629 41493.57861 379007.1324 158286.5259 371180.2660 384220.1555 354613.1656 349239.1542 399148.4208 416989.4925 311785.7036 443869.0013 453972.8527 239017.1781 507309.0683 619444.3823 663498.3069 689470.2915 715424.6150 726818.7031 989071.6774 1106793.162 1183943.884 1261046.529 1427847.804 1524323.724 1750404.527 1860701.761 2268608.448 2508541.742 2477188.836 2755635.921 2984359.605 3329522.742
      sorted:	 2.307170327e-06 5.539467931e-05 0.0001024602106 0.001099991743 5.126522173 6.363484297 8.644697445 13.77962270 63.24169414 84.20089305 169.9524734 206.6012092 227.7436261 252.4626179 460.6488769 514.5098297 620.6121787 790.1591753 815.5012246 882.6945706 890.7964696 946.9464268 1033.847911 1122.500554 1148.755717 1293.631790 1420.376504 1475.528897 1724.923951 1828.654810 1964.665590 2104.382771 2385.295675 2432.088072 2454.435812 2586.124691 2705.395063 2779.038432 3106.599615 3242.832943 3622.468380 3899.995693 4292.182040 9429.401629 41493.57861 158286.5259 239017.1781 311785.7036 349239.1542 354613.1656 371180.2660 379007.1324 384220.1555 399148.4208 416989.4925 443869.0013 453972.8527 507309.0683 619444.3823 663498.3069 689470.2915 715424.6150 726818.7031 989071.6774 1106793.162 1183943.884 1261046.529 1427847.804 1524323.724 1750404.527 1860701.761 2268608.448 2477188.836 2508541.742 2755635.921 2984359.605 3329522.742
