years
 1991 1992 1993 1994 1995 1996 1997 1998 1999 2000 2001 2002 2003 2004 2005 2006 2007 2008 2009 2010 2011 2012 2013 2014 2015 2016 2017 2018 2019 2020 2021
reclasobs
 0 0 0 0 0 0 0 0 0 252601 567819 844713 477998 351125 339783 2.1784e+06 2.13404e+06 4.81314e+06 1.55562e+06 2.62356e+06 3.21686e+06 3.843e+06 1.13348e+06 3.07943e+06 1.97215e+06 2.03268e+06 2.025e+06 2.42433e+06 2.27542e+06 1.05018e+06 2.36338e+06
reclaspred
 3.11582e+06 1.72711e+06 869557 803187 761760 1.27453e+06 742974 640650 473159 347507 462341 621861 612595 465479 466858 1.36095e+06 1.2902e+06 2.99674e+06 2.46571e+06 1.8122e+06 3.21948e+06 2.61457e+06 2.03323e+06 3.14645e+06 2.33836e+06 2.04843e+06 2.4782e+06 2.6873e+06 2.18282e+06 1.33803e+06 1.92859e+06
pelacesobs
 0 0 0 0 0 0 0 0 0 0 0 0 0 0 0 552880 188675 0 991730 2.46772e+06 1.41603e+06 1.21717e+06 2.29649e+06 1.80582e+06 0 1.4828e+06 1.56532e+06 1.57751e+06 1.42118e+06 867257 1.10002e+06
pelacespred
 1.45831e+06 894127 447090 335830 338252 582284 299505 336993 231817 160172 225716 254446 277092 219223 227178 558125 531638 1.43184e+06 1.20967e+06 823760 1.42744e+06 1.24673e+06 971195 1.65038e+06 1.17969e+06 1.03149e+06 1.42278e+06 1.5191e+06 1.01761e+06 709704 1.004e+06
mphobs
 0 0 0 0 0 0 0 0 0 0 0 498337 0 5186 125008 0 168611 109162 213762 579715 649985 157893 87575 83554 0 0 0 0 0 0 0
mphpred
 467980 311625 152931 82963.2 81326.3 89657.8 122464 68811.5 61578.2 41736.5 28106.6 54653.9 59842.9 49924.1 32355.9 41392.4 156035 144503 296267 222016 234155 291909 276767 223396 313050 255227 207968 226931 324002 217375 131487
desembarqueobs
 494567 514787 250237 358949 120608 361735 552515 73892 212993 205616 52469 317467 293654 387597 252695 516296 358380 742168 942051 627588 828172 859565 418607 520667 417249 300574 415391 372974 316634 284311 391294
desembarquepred
 494571 513784 250648 358983 120613 361737 552512 73896.2 213036 205653 52471.4 317520 293690 387595 252676 516231 358396 742044 941776 627409 828213 859538 418606 520683 417239 300567 415380 372949 316619 284310 391291
Reclutas
 185093 103779 103939 146929 118303 226808 88986.7 38173.1 39600.1 55016.6 104531 141254 116633 81184.7 79160.1 465134 90582.6 709053 405721 307693 461787 613277 120606 373765 308886 137831 321204 364513 100852 71636.9 280657
log_desv_Rt
 0.133505 -0.445093 -0.443552 -0.0974056 -0.314107 0.33675 -0.598868 -1.44522 -1.40852 -1.07972 -0.437869 -0.136796 -0.328319 -0.690628 -0.715882 1.05497 -0.581093 1.47658 0.91831 0.641748 1.04775 1.33146 -0.294823 0.836273 0.645618 -0.161323 0.684721 0.811207 -0.473696 -0.815744 0.549778
SSB
 2.77611e+06 1.84859e+06 907206 492148 482438 531861 726471 408198 365289 247586 166732 324213 354995 296156 191939 245544 925616 857208 1.75749e+06 1.31702e+06 1.38904e+06 1.73164e+06 1.64181e+06 1.32521e+06 1.85705e+06 1.51404e+06 1.23369e+06 1.34618e+06 1.92202e+06 1.28949e+06 779994
BT
 3.78262e+06 2.56971e+06 1.27881e+06 1.07616e+06 876633 1.65294e+06 1.18336e+06 843064 745836 566684 565517 851466 905192 908315 777490 1.70409e+06 1.50569e+06 3.95813e+06 3.6941e+06 2.46527e+06 3.9642e+06 3.67827e+06 2.60444e+06 4.2913e+06 3.10751e+06 2.64572e+06 3.70625e+06 3.87824e+06 2.60841e+06 1.9147e+06 2.68843e+06
Ftot
 0.152737 0.28003 0.275 0.450183 0.160539 0.301431 0.689753 0.11672 0.450574 0.586104 0.126372 0.521538 0.486618 0.829222 0.579292 0.430412 0.270689 0.273908 0.383458 0.349764 0.2679 0.338156 0.200051 0.178453 0.179122 0.145975 0.179563 0.150503 0.137982 0.204953 0.221533
BD_Bspro_t
 0.975858 0.827621 0.653462 0.556399 0.524292 0.599126 0.594465 0.405099 0.4615 0.415291 0.387936 0.63559 0.522052 0.430349 0.318589 0.377011 0.584396 0.552657 0.658153 0.560518 0.528626 0.579971 0.595845 0.583778 0.690604 0.697196 0.70272 0.742071 0.789387 0.721415 0.648391
BD_Bspro
 2.39799 1.5968 0.783639 0.425114 0.416726 0.459418 0.627521 0.352599 0.315535 0.213863 0.144022 0.280053 0.306642 0.255817 0.165796 0.2121 0.799541 0.740451 1.51811 1.13764 1.19984 1.49578 1.41819 1.14471 1.60411 1.30782 1.06565 1.16282 1.66023 1.11385 0.673754
BD_Bo
 1.53779 1.024 0.502535 0.272619 0.26724 0.294617 0.402419 0.226116 0.202347 0.137147 0.092359 0.179594 0.196645 0.164052 0.106322 0.136016 0.512733 0.474839 0.97354 0.729548 0.769439 0.959219 0.90946 0.734084 1.02869 0.838682 0.683386 0.745698 1.06468 0.714298 0.432067
BD_Brms
 9.03927 6.01918 2.95394 1.60248 1.57086 1.73178 2.36545 1.32913 1.18941 0.806161 0.542894 1.05567 1.15589 0.964309 0.62497 0.799514 3.01388 2.79114 5.72255 4.28834 4.52282 5.63837 5.34588 4.315 6.04671 4.92984 4.017 4.38327 6.25825 4.1987 2.53973
Sel_flota
 0.759012 1 1 1 1
 0.759012 1 1 1 1
 0.759012 1 1 1 1
 0.759012 1 1 1 1
 0.759012 1 1 1 1
 0.759012 1 1 1 1
 0.759012 1 1 1 1
 0.759012 1 1 1 1
 0.759012 1 1 1 1
 0.759012 1 1 1 1
 0.759012 1 1 1 1
 0.759012 1 1 1 1
 0.759012 1 1 1 1
 0.759012 1 1 1 1
 0.759012 1 1 1 1
 0.759012 1 1 1 1
 0.759012 1 1 1 1
 0.759012 1 1 1 1
 0.759012 1 1 1 1
 0.759012 1 1 1 1
 0.759012 1 1 1 1
 0.759012 1 1 1 1
 0.759012 1 1 1 1
 0.759012 1 1 1 1
 0.759012 1 1 1 1
 0.759012 1 1 1 1
 0.759012 1 1 1 1
 0.759012 1 1 1 1
 0.759012 1 1 1 1
 0.759012 1 1 1 1
 0.759012 1 1 1 1
Sel_reclas
 1 1 1 1 1
 1 1 1 1 1
 1 1 1 1 1
 1 1 1 1 1
 1 1 1 1 1
 1 1 1 1 1
 1 1 1 1 1
 1 1 1 1 1
 1 1 1 1 1
 1 1 1 1 1
 1 1 1 1 1
 1 1 1 1 1
 1 1 1 1 1
 1 1 1 1 1
 1 1 1 1 1
 1 1 1 1 1
 1 1 1 1 1
 1 1 1 1 1
 1 1 1 1 1
 1 1 1 1 1
 1 1 1 1 1
 1 1 1 1 1
 1 1 1 1 1
 1 1 1 1 1
 1 1 1 1 1
 1 1 1 1 1
 1 1 1 1 1
 1 1 1 1 1
 1 1 1 1 1
 1 1 1 1 1
 1 1 1 1 1
Sel_pelaces
 1 1 1 1 1
 1 1 1 1 1
 1 1 1 1 1
 1 1 1 1 1
 1 1 1 1 1
 1 1 1 1 1
 1 1 1 1 1
 1 1 1 1 1
 1 1 1 1 1
 1 1 1 1 1
 1 1 1 1 1
 1 1 1 1 1
 1 1 1 1 1
 1 1 1 1 1
 1 1 1 1 1
 1 1 1 1 1
 1 1 1 1 1
 1 1 1 1 1
 1 1 1 1 1
 1 1 1 1 1
 1 1 1 1 1
 1 1 1 1 1
 1 1 1 1 1
 1 1 1 1 1
 1 1 1 1 1
 1 1 1 1 1
 1 1 1 1 1
 1 1 1 1 1
 1 1 1 1 1
 1 1 1 1 1
 1 1 1 1 1
pf_obs 
 0.8446 0.082 0.0669 0.0065 0
 0.8095 0.147 0.0364 0.0071 0
 0.9664 0.0169 0.016 0.0007 0
 0.9276 0.0648 0.0075 0.0001 0
 0.7033 0.2144 0.0806 0.0017 0
 0.9318 0.0425 0.0243 0.0014 0
 0.5671 0.3108 0.0964 0.0239 0.0018
 0.0768 0.2599 0.5324 0.112 0.0189
 0.490249 0.384438 0.106611 0.0170017 0.00170017
 0.7925 0.1577 0.0466 0.003 0.0002
 0.840416 0.127587 0.0312969 0.00059994 9.999e-05
 0.8084 0.0986 0.0794 0.0134 0.0002
 0.7335 0.1905 0.0724 0.0035 0.0001
 0.4001 0.4547 0.1325 0.0127 0
 0.49795 0.308269 0.164784 0.0264974 0.00249975
 0.9179 0.0499 0.0305 0.0017 0
 0.2467 0.6533 0.0926 0.0074 0
 0.9418 0.0223 0.034 0.0019 0
 0.707729 0.231977 0.0356964 0.0245975 0
 0.517169 0.277429 0.184464 0.0207286 0.00020938
 0.811772 0.124168 0.05621 0.00726502 0.000585176
 0.764997 0.148141 0.077277 0.00933861 0.000247198
 0.163321 0.427699 0.378323 0.0303852 0.000271297
 0.753843 0.0900009 0.118128 0.0371064 0.000921714
 0.721811 0.176058 0.0630433 0.0369309 0.00215725
 0.143369 0.312575 0.442814 0.0836902 0.0175525
 0.692698 0.0596174 0.167031 0.0765114 0.00414204
 0.394062 0.376323 0.152708 0.0712218 0.00568511
 0.125707 0.32114 0.495352 0.0537591 0.00404204
 0.23352 0.215282 0.420074 0.123614 0.00750983
 0.774587 0.0839891 0.0768558 0.0609784 0.00358967
pf_pred 
 0.447181 0.135105 0.391949 0.0257644 8.23542e-07
 0.410277 0.307456 0.0689838 0.200127 0.0131556
 0.561716 0.214048 0.116908 0.0262305 0.0810988
 0.70488 0.188082 0.0522749 0.0285513 0.0262121
 0.646725 0.272306 0.0516021 0.0143421 0.0150249
 0.765961 0.166551 0.0520197 0.00985777 0.00561011
 0.469717 0.433953 0.0685517 0.0214111 0.00636651
 0.460314 0.304583 0.192395 0.0303926 0.0123153
 0.565341 0.231789 0.114494 0.072322 0.0160541
 0.733572 0.172334 0.0501772 0.0247855 0.0191315
 0.83178 0.134308 0.0219352 0.0063867 0.00558989
 0.736704 0.228801 0.0275413 0.00449807 0.00245594
 0.679129 0.256489 0.0559473 0.00673452 0.00170042
 0.626174 0.280301 0.0747587 0.0163069 0.00245853
 0.739921 0.185912 0.055612 0.0148322 0.00372308
 0.940267 0.0479928 0.00839229 0.0025104 0.000837609
 0.353584 0.618429 0.0224865 0.00393211 0.00156867
 0.897157 0.0440575 0.0562406 0.00204495 0.000500248
 0.581707 0.386013 0.0138286 0.0176525 0.000798874
 0.588051 0.271742 0.129387 0.00463519 0.00618472
 0.733526 0.177031 0.0590009 0.0280927 0.00234923
 0.732671 0.211286 0.0372322 0.0124087 0.00640236
 0.297371 0.556047 0.115852 0.0204151 0.0103144
 0.734141 0.0969365 0.133682 0.0278525 0.00738784
 0.610444 0.307238 0.0300145 0.0413921 0.0109115
 0.420904 0.393382 0.14647 0.0143089 0.0249348
 0.729916 0.133523 0.0927662 0.0345402 0.00925434
 0.681328 0.25019 0.0338557 0.0235215 0.0111044
 0.324965 0.500968 0.13666 0.0184928 0.0189135
 0.394696 0.237752 0.272774 0.0744106 0.0203675
 0.819152 0.0848957 0.0376883 0.0432401 0.0150242
pobs_RECLAS
 0 0 0 0 0
 0 0 0 0 0
 0 0 0 0 0
 0 0 0 0 0
 0 0 0 0 0
 0 0 0 0 0
 0 0 0 0 0
 0 0 0 0 0
 0 0 0 0 0
 0 0 0 0 0
 0.991045 0.00858322 0.000360255 1.14367e-05 0
 0.934742 0.0480273 0.0164251 0.00080598 0
 0.827803 0.169806 0.00239088 0 0
 0.941827 0.0461693 0.0120037 0 0
 0.791401 0.0380133 0.147996 0.0225897 0
 0.846168 0.0940531 0.0597789 0 0
 0.134021 0.677848 0.182769 0.00536245 0
 0.80878 0.0450904 0.141981 0.00414843 0
 0.846168 0.0940531 0.0597789 0 0
 0.905697 0.0802665 0.012482 0.00150086 5.37128e-05
 0.989698 0.0102097 9.19794e-05 0 0
 0.975433 0.0193895 0.00387452 0.00125025 5.28907e-05
 0.303575 0.632131 0.0575291 0.00676475 0
 0.966965 0.00978017 0.0227588 0.000495775 0
 0.843318 0.132988 0.00938335 0.0141283 0.000182051
 0.564624 0.303363 0.111486 0.0197234 0.00080311
 0.826376 0.0876187 0.0782897 0.00655872 0.00115652
 0.89761 0.0855135 0.0140674 0.00269457 0.000114338
 0.34875 0.467042 0.161289 0.0227151 0.000203297
 0.318654 0.224769 0.449479 0.00709798 0
 0.937255 0.0296025 0.0250945 0.00804832 0
ppred_RECLAS
 0.516763 0.1181 0.342615 0.0225215 7.19885e-07
 0.479949 0.271132 0.0608339 0.176483 0.0116013
 0.629612 0.180888 0.0987969 0.022167 0.0685354
 0.761081 0.152265 0.0423201 0.0231142 0.0212204
 0.707654 0.225342 0.0427024 0.0118686 0.0124336
 0.812882 0.133161 0.0415907 0.00788147 0.00448539
 0.543839 0.373296 0.0589696 0.0184183 0.0054766
 0.529764 0.265388 0.167637 0.0264816 0.0107305
 0.634332 0.194998 0.096321 0.0608427 0.0135059
 0.786801 0.137904 0.0401524 0.0198336 0.0153093
 0.867243 0.105994 0.017311 0.00504031 0.00441147
 0.789083 0.183284 0.0220624 0.00360324 0.00196736
 0.738659 0.208903 0.0455675 0.00548508 0.00138495
 0.694031 0.229421 0.0611886 0.0133469 0.00201226
 0.792198 0.148543 0.0444339 0.0118509 0.00297473
 0.954504 0.0365539 0.00639201 0.00191205 0.000637967
 0.420427 0.55448 0.0201613 0.00352551 0.00140646
 0.920446 0.0340806 0.0435048 0.00158187 0.000386966
 0.649201 0.323728 0.0115973 0.0148042 0.000669972
 0.654885 0.227655 0.108396 0.00388317 0.00518131
 0.78496 0.142861 0.0476127 0.0226703 0.00189579
 0.784575 0.170263 0.0300033 0.00999946 0.0051593
 0.35905 0.507236 0.105682 0.018623 0.00940901
 0.785082 0.0783627 0.108068 0.0225158 0.00597227
 0.674584 0.256652 0.0250727 0.034577 0.00911493
 0.48998 0.346458 0.128999 0.0126021 0.0219605
 0.78143 0.108056 0.0750726 0.0279522 0.00748922
 0.738651 0.205186 0.0277657 0.0192904 0.00910692
 0.388822 0.453578 0.123732 0.0167434 0.0171243
 0.463285 0.210811 0.241865 0.065979 0.0180596
 0.857116 0.067074 0.0297766 0.0341629 0.0118702
pobs_PELACES
 0 0 0 0 0
 0 0 0 0 0
 0 0 0 0 0
 0 0 0 0 0
 0 0 0 0 0
 0 0 0 0 0
 0 0 0 0 0
 0 0 0 0 0
 0 0 0 0 0
 0 0 0 0 0
 0 0 0 0 0
 0 0 0 0 0
 0 0 0 0 0
 0 0 0 0 0
 0 0 0 0 0
 0 0 0 0 0
 0.505614 0.472636 0.0217494 0 0
 0 0 0 0 0
 0.443492 0.261883 0.143347 0.151278 0
 0.227955 0.32914 0.350689 0.0885471 0.00366901
 0.970185 0.0296113 0.000203453 0 0
 0.997202 0.00247181 0.000326279 0 0
 0.445219 0.490057 0.0546422 0.010081 0
 0.90214 0.0892962 0.00764917 0.000914606 0
 0 0 0 0 0
 0.581667 0.319106 0.0959925 0.00289975 0.000334073
 0.762889 0.0836404 0.116647 0.0363945 0.000428098
 0.88444 0.0763242 0.0277011 0.0115352 0
 0.521256 0.241999 0.230069 0.00667565 0
 0.616807 0.101726 0.260614 0.0208532 0
 0.833518 0.0704572 0.0857862 0.0102388 0
ppred_PELACES
 0.519796 0.117358 0.340465 0.0223801 7.15367e-07
 0.48551 0.268233 0.0601834 0.174596 0.0114773
 0.634698 0.178405 0.0974404 0.0218627 0.0675944
 0.76753 0.148155 0.0411777 0.0224903 0.0206476
 0.710288 0.223311 0.0423176 0.0117617 0.0123215
 0.816501 0.130585 0.0407863 0.00772904 0.00439864
 0.557411 0.36219 0.0572152 0.0178703 0.00531366
 0.532075 0.264083 0.166812 0.0263514 0.0106777
 0.642603 0.190587 0.0941424 0.0594666 0.0132004
 0.794515 0.132914 0.0386996 0.019116 0.0147553
 0.868396 0.105074 0.0171607 0.00499654 0.00437316
 0.795903 0.177358 0.021349 0.00348673 0.00190375
 0.74606 0.202987 0.0442771 0.00532974 0.00134572
 0.707852 0.219058 0.0584245 0.012744 0.00192136
 0.799679 0.143195 0.042834 0.0114242 0.00286763
 0.955968 0.035378 0.00618639 0.00185054 0.000617445
 0.425681 0.549453 0.0199785 0.00349355 0.00139371
 0.922026 0.0334035 0.0426405 0.00155044 0.000379278
 0.656113 0.317349 0.0113687 0.0145125 0.00065677
 0.661145 0.223526 0.10643 0.00381275 0.00508734
 0.788534 0.140487 0.0468213 0.0222935 0.00186427
 0.789085 0.166698 0.0293751 0.0097901 0.00505127
 0.362719 0.504332 0.105077 0.0185164 0.00935514
 0.787466 0.0774931 0.106869 0.0222659 0.005906
 0.677703 0.254192 0.0248323 0.0342455 0.00902756
 0.492882 0.344487 0.128265 0.0125304 0.0218356
 0.783859 0.106855 0.0742382 0.0276416 0.00740599
 0.740955 0.203377 0.0275209 0.0191204 0.00902664
 0.391433 0.45164 0.123204 0.0166719 0.0170512
 0.46734 0.209219 0.240038 0.0654805 0.0179232
 0.85926 0.0660675 0.0293298 0.0336503 0.0116921
pobs_pel_tallas
 0 0 0 0 0 0 0 0 0 0 0 0 0 0 0 0 0 0 0 0 0 0 0 0 0 0
 0 0 0 0 0 0 0 0 0 0 0 0 0 0 0 0 0 0 0 0 0 0 0 0 0 0
 0 0 0 0 0 0 0 0 0 0 0 0 0 0 0 0 0 0 0 0 0 0 0 0 0 0
 0 0 0 0 0 0 0 0 0 0 0 0 0 0 0 0 0 0 0 0 0 0 0 0 0 0
 0 0 0 0 0 0 0 0 0 0 0 0 0 0 0 0 0 0 0 0 0 0 0 0 0 0
 0 0 0 0 0 0 0 0 0 0 0 0 0 0 0 0 0 0 0 0 0 0 0 0 0 0
 0 0 0 0 0 0 0 0 0 0 0 0 0 0 0 0 0 0 0 0 0 0 0 0 0 0
 0 0 0 0 0 0 0 0 0 0 0 0 0 0 0 0 0 0 0 0 0 0 0 0 0 0
 0 0 0 0 0 0 0 0 0 0 0 0 0 0 0 0 0 0 0 0 0 0 0 0 0 0
 0 0 0 0 0 0 0 0 0 0 0 0 0 0 0 0 0 0 0 0 0 0 0 0 0 0
 0 0 0 0 0 0 0 0 0 0 0 0 0 0 0 0 0 0 0 0 0 0 0 0 0 0
 0 0 0 0 0 0 0 0 0 0 0 0 0 0 0 0 0 0 0 0 0 0 0 0 0 0
 0.00862536 0 0 0.000197151 0.00414017 0.0128641 0.00837892 0.0270097 0.101434 0.158115 0.152841 0.127902 0.109271 0.109419 0.0830992 0.0579132 0.0238553 0.00714673 0.00463305 0.00128148 0.00103504 0.000492878 0.000147863 0.000147863 4.92878e-05 0
 0 0 0 0 0 0 0 0 0 0 0 0 0 0 0 0 0 0 0 0 0 0 0 0 0 0
 0 0 0 0 0 0 0 0.0054083 0.00873648 0.0413646 0.0450493 0.0745869 0.0622846 0.0627006 0.0613931 0.0827291 0.12552 0.122667 0.0946155 0.0697135 0.0546179 0.0294188 0.0215738 0.0213955 0.0102223 0.00600262
 0 0 0 0 0.00359764 0.0251062 0.0480494 0.140153 0.205849 0.193036 0.1447 0.116669 0.0760912 0.0342217 0.00950174 0.001854 0.000860785 0 0 0 0.000165536 0 0.000143464 0 0 0
 0 0 0 0 0 0 0 0.000145254 0.000435761 0.0275982 0.070085 0.0708112 0.156366 0.174668 0.174014 0.160142 0.0824315 0.0480064 0.0283245 0.00493863 0.00203355 0 0 0 0 0
 0 0 0 0 0 0 0 0 0 0 0 0 0 0 0 0 0 0 0 0 0 0 0 0 0 0
 0 0 1.00437e-05 0.000401748 0.00122533 0.00171747 0.00176769 0.0269171 0.070346 0.194647 0.189555 0.159765 0.064822 0.0314167 0.0384472 0.0292271 0.0345202 0.0313363 0.0194345 0.0106764 0.0143323 0.0359363 0.0279516 0.0138201 0.00172751 0
 0 0.0021121 0.0136068 0.0755702 0.200478 0.177729 0.0527432 0.0373336 0.0318909 0.0142505 0.0149659 0.0166563 0.0217959 0.0798694 0.0677717 0.0528807 0.04013 0.0224614 0.0357745 0.0225083 0.00881397 0.00855152 0.00135912 0.000746735 0 0
 0 0 0 0 5.4009e-05 0.00500934 0.000945158 0.0243581 0.138947 0.33067 0.221406 0.137944 0.0707744 0.0437923 0.0131692 0.00525238 0.0047753 0.00276346 9.45158e-05 9.00151e-06 2.25038e-05 9.00151e-06 4.50075e-06 0 0 0
 0.000866109 0.00284123 0.00948549 0.0512746 0.133035 0.25785 0.225252 0.132002 0.0553304 0.0519788 0.0540692 0.017754 0.00435017 0.00159236 0.00146478 0.000404838 0.000125132 0.000115318 0.000107957 0.000100596 0 0 0 0 0 0
 0 0 0 0 0.00144013 0.00171154 0.00461396 0.0210425 0.0478622 0.0707936 0.0888783 0.103762 0.0637923 0.0337046 0.0602308 0.124433 0.169614 0.0934646 0.0462172 0.0250306 0.0313229 0.00938855 0.002487 0.000210481 0 0
 0 0.00764035 0.051015 0.0998891 0.058973 0.0496711 0.0374665 0.0718981 0.12319 0.153886 0.159021 0.0857701 0.0377988 0.023471 0.0147837 0.00900784 0.00315554 0.000888139 0.00291439 0.00214683 0.00393193 0.00274676 0.000635225 9.99891e-05 0 0
 0 0 0 0 0 0 0 0 0 0 0 0 0 0 0 0 0 0 0 0 0 0 0 0 0 0
 0 0 0 0 0 0 0 0 0 0 0 0 0 0 0 0 0 0 0 0 0 0 0 0 0 0
 0 0 0 0 0 0 0 0 0 0 0 0 0 0 0 0 0 0 0 0 0 0 0 0 0 0
 0 0 0 0 0 0 0 0 0 0 0 0 0 0 0 0 0 0 0 0 0 0 0 0 0 0
 0 0 0 0 0 0 0 0 0 0 0 0 0 0 0 0 0 0 0 0 0 0 0 0 0 0
 0 0 0 0 0 0 0 0 0 0 0 0 0 0 0 0 0 0 0 0 0 0 0 0 0 0
 0 0 0 0 0 0 0 0 0 0 0 0 0 0 0 0 0 0 0 0 0 0 0 0 0 0
ppred_pel_tallas
 1.121e-16 4.28149e-05 0.000416176 0.00276564 0.0125722 0.0391168 0.083343 0.121644 0.121656 0.083401 0.039313 0.0131452 0.00422816 0.0036891 0.00649327 0.0112773 0.0176591 0.0251518 0.0331768 0.0412917 0.0491393 0.0560828 0.06095 0.0623122 0.0592285 0.0519044
 1.21258e-16 3.99909e-05 0.000388725 0.00258322 0.0117429 0.0365368 0.0778465 0.113625 0.113651 0.0779733 0.036963 0.0129754 0.00568229 0.00717332 0.012985 0.0215702 0.0314876 0.0405493 0.0466311 0.0489573 0.0486293 0.0478337 0.0483141 0.0502855 0.0524833 0.0530927
 1.16489e-16 5.22792e-05 0.000508173 0.00337699 0.0153513 0.0477637 0.101766 0.148534 0.148552 0.101851 0.0480486 0.0161758 0.00545316 0.00506269 0.00876845 0.0145904 0.0214378 0.0278775 0.0325045 0.034744 0.0351884 0.0351069 0.0355186 0.0365661 0.0375802 0.037621
 1.06976e-16 6.32204e-05 0.000614525 0.00408374 0.0185641 0.0577598 0.123064 0.179618 0.179633 0.123134 0.057995 0.0192438 0.00579219 0.00435142 0.00718232 0.0118333 0.0171847 0.021927 0.0247824 0.0251991 0.0236811 0.0214176 0.0195074 0.0183866 0.0178009 0.0171809
 1.04544e-16 5.85055e-05 0.000568694 0.00377918 0.0171796 0.0534522 0.113886 0.166225 0.166247 0.113992 0.0538058 0.018201 0.00634419 0.00617161 0.0107099 0.0176409 0.0254736 0.0321791 0.0357317 0.0352086 0.0313331 0.0259606 0.0209353 0.0172099 0.0147412 0.0129658
 1.0273e-16 6.72541e-05 0.000653734 0.00434429 0.0197485 0.0614451 0.130916 0.191078 0.19109 0.130977 0.0616523 0.0203476 0.00584987 0.00394629 0.00633764 0.0104161 0.0151039 0.0192152 0.021584 0.0216671 0.0198442 0.0171144 0.0144484 0.0123133 0.0106534 0.00918612
 1.04436e-16 4.59133e-05 0.000446294 0.00296578 0.013482 0.0419478 0.0893755 0.130453 0.130488 0.0895461 0.0425208 0.0151372 0.007121 0.0095192 0.017283 0.0285157 0.0411119 0.0517818 0.0571998 0.0558324 0.0488409 0.0392652 0.0301755 0.0232353 0.0185088 0.0152004
 1.09332e-16 4.38264e-05 0.000426008 0.00283097 0.0128692 0.040041 0.0853126 0.124522 0.124547 0.0854381 0.040463 0.0140906 0.00590684 0.00717398 0.0129573 0.0216072 0.0317186 0.0411352 0.0476515 0.0502021 0.0493786 0.0467815 0.0437893 0.0407895 0.037355 0.0329691
 1.10964e-16 5.29304e-05 0.000514502 0.00341905 0.0155425 0.0483586 0.103034 0.150385 0.150403 0.103124 0.0486626 0.0164222 0.0056336 0.00537011 0.00933786 0.0155219 0.0227568 0.0294812 0.0341479 0.0360844 0.0358589 0.0347717 0.0338873 0.0333987 0.0327265 0.031104
 1.05565e-16 6.54432e-05 0.000636131 0.00422731 0.0192168 0.0597906 0.127391 0.185933 0.185946 0.127453 0.0600015 0.0198267 0.00576034 0.00398947 0.00645418 0.0106205 0.0154231 0.019678 0.0222326 0.0225811 0.0211604 0.0190215 0.0171416 0.015919 0.0151533 0.0143779
 1.01764e-16 7.15287e-05 0.000695284 0.00462041 0.0210037 0.0653504 0.139236 0.203222 0.203232 0.139286 0.0655166 0.021484 0.0058262 0.00332839 0.00507485 0.00828348 0.0119426 0.015055 0.0166577 0.0163116 0.0143591 0.0116845 0.00917509 0.00730248 0.00606693 0.00521498
 1.01334e-16 6.55575e-05 0.000637242 0.0042347 0.0192503 0.0598951 0.127613 0.186259 0.186276 0.127697 0.0601754 0.0200599 0.00626653 0.00507165 0.00848406 0.0139135 0.0200159 0.0251263 0.0275928 0.0266511 0.0228752 0.0177856 0.0129432 0.00923269 0.0067473 0.00513064
 1.02092e-16 6.1452e-05 0.000597336 0.00396951 0.0180448 0.0561442 0.119622 0.174596 0.174615 0.119718 0.0564657 0.0189736 0.0063021 0.00569305 0.00974972 0.0160483 0.0231749 0.0292715 0.0324784 0.0319235 0.028217 0.0229981 0.0179188 0.0138708 0.0109038 0.00864272
 1.03346e-16 5.83049e-05 0.000566745 0.00376622 0.0171207 0.0532689 0.113496 0.165655 0.165676 0.113599 0.0536163 0.0181245 0.00628795 0.00607882 0.0105476 0.0173994 0.0251859 0.031937 0.035676 0.0354782 0.0319899 0.0269276 0.0219862 0.0180257 0.0150162 0.0125156
 1.02904e-16 6.58686e-05 0.000640266 0.00425479 0.0193417 0.0601792 0.128219 0.187142 0.187156 0.128286 0.0604064 0.0199985 0.00590524 0.00424932 0.0069381 0.011413 0.0165453 0.0210392 0.0236161 0.0236821 0.0216577 0.018645 0.015713 0.013375 0.0115653 0.00996627
 1.00478e-16 7.87418e-05 0.000765398 0.00508634 0.0231218 0.0719404 0.153277 0.223713 0.223716 0.153293 0.0719964 0.0232835 0.00549244 0.00165228 0.00176415 0.00279465 0.00402472 0.00507502 0.00561743 0.00550244 0.00484249 0.00393169 0.00306571 0.00240266 0.00194582 0.00161688
 1.01304e-16 3.50629e-05 0.000340824 0.0022649 0.0102959 0.0320347 0.0682554 0.0996318 0.0996846 0.0685136 0.0329016 0.0127985 0.00854214 0.0140287 0.0259852 0.0427839 0.0613477 0.0765547 0.0832086 0.0789133 0.0655322 0.0479992 0.0314735 0.01902 0.0111331 0.00672073
 1.01459e-16 7.59461e-05 0.000738223 0.00490575 0.0223008 0.0693862 0.147835 0.21577 0.215773 0.147851 0.0694402 0.0224577 0.00530227 0.00161308 0.00176452 0.00286717 0.0042858 0.00572693 0.00693397 0.00776758 0.00824658 0.00846316 0.00845412 0.00815537 0.00747589 0.00641022
 1.01976e-16 5.40433e-05 0.00052532 0.00349094 0.0158693 0.0493755 0.105201 0.15355 0.153581 0.10535 0.0498762 0.0173151 0.00711759 0.00843437 0.0150516 0.0247375 0.0354905 0.0443414 0.0483096 0.0460372 0.0386209 0.0289119 0.0198592 0.0131655 0.00902356 0.0067115
 1.04372e-16 5.44577e-05 0.000529348 0.0035177 0.015991 0.049754 0.106007 0.154725 0.154746 0.106113 0.0501099 0.0170203 0.00610687 0.00619956 0.0108759 0.0180306 0.0262849 0.0337087 0.0383417 0.0392318 0.036921 0.0329304 0.0287039 0.0248866 0.0213735 0.0178369
 1.03939e-16 6.49505e-05 0.000631342 0.00419549 0.0190721 0.0593405 0.126432 0.184534 0.184547 0.126498 0.0595637 0.0197173 0.00581742 0.00418003 0.0068283 0.0112486 0.0163466 0.0208731 0.0235998 0.0239656 0.0223877 0.019922 0.0175577 0.0157118 0.01423 0.0127356
 1.02728e-16 6.49959e-05 0.000631784 0.00419843 0.0190854 0.059382 0.12652 0.184663 0.184679 0.126599 0.0596458 0.0198477 0.00611224 0.00481159 0.00800898 0.013153 0.0189781 0.0239454 0.0265334 0.0260456 0.0230184 0.0188405 0.0149008 0.0119305 0.00992249 0.0084814
 1.06602e-16 2.98768e-05 0.000290413 0.0019299 0.00877308 0.0272966 0.05816 0.0848965 0.0849451 0.0583978 0.0280952 0.0110805 0.00772442 0.0129485 0.024095 0.0398521 0.0575582 0.0726992 0.080675 0.0793435 0.0702563 0.0575216 0.0452632 0.0356778 0.0288234 0.0236668
 1.06337e-16 6.48626e-05 0.000630487 0.00418981 0.0190463 0.0592601 0.12626 0.184282 0.18429 0.126297 0.0593859 0.0194116 0.00511454 0.00267436 0.00402057 0.006738 0.0101538 0.0137205 0.0169044 0.0194341 0.0213776 0.0229194 0.0240445 0.0244394 0.0236988 0.0216419
 1.05744e-16 5.58215e-05 0.000542605 0.0036058 0.0163915 0.0510001 0.108662 0.158601 0.158625 0.108782 0.0514019 0.0175521 0.00651887 0.00690157 0.0121325 0.0199705 0.0287722 0.0362163 0.0399943 0.0390866 0.0343932 0.0281357 0.0225144 0.0186503 0.0164309 0.0150637
 1.08742e-16 4.05981e-05 0.000394628 0.00262244 0.0119213 0.0370917 0.0790289 0.115352 0.115385 0.0791919 0.0376391 0.013504 0.00660138 0.00910106 0.0166355 0.0275941 0.0401122 0.0512086 0.0578484 0.0586076 0.0544513 0.0479301 0.0414873 0.0362465 0.0319994 0.0280048
 1.06196e-16 6.45655e-05 0.000627599 0.00417062 0.018959 0.0589887 0.125682 0.183439 0.183449 0.125733 0.0591597 0.0194545 0.00541934 0.00337024 0.00532256 0.00882687 0.0130156 0.0170166 0.0199813 0.021522 0.0218976 0.0217288 0.0214853 0.0211813 0.0204784 0.0190269
 1.04292e-16 6.10315e-05 0.000593248 0.00394234 0.0179213 0.05576 0.118803 0.173401 0.173421 0.118899 0.0560817 0.0188506 0.00627512 0.00568677 0.00973801 0.0160124 0.0230875 0.0290978 0.0321941 0.0315478 0.0278518 0.022848 0.0182673 0.015002 0.0129926 0.011664
 1.08229e-16 3.22419e-05 0.000313403 0.00208268 0.00946757 0.0294573 0.0627636 0.0916145 0.0916581 0.0629768 0.0301735 0.0115373 0.00728264 0.0116802 0.0216644 0.0358814 0.051958 0.0659094 0.0736732 0.0733531 0.0662918 0.0560381 0.046092 0.0382236 0.0323512 0.0275239
 1.16581e-16 3.84942e-05 0.000374177 0.00248654 0.0113035 0.0351694 0.0749328 0.109371 0.109391 0.0750332 0.0355075 0.0122846 0.00496648 0.00584464 0.010595 0.0178936 0.0268034 0.0358768 0.0436234 0.0493231 0.0532876 0.0562627 0.0585141 0.0594431 0.0580299 0.0536435
 1.06217e-16 7.07761e-05 0.000687969 0.0045718 0.0207827 0.0646628 0.137771 0.201083 0.201089 0.137803 0.0647682 0.0210878 0.0053399 0.00237271 0.00329452 0.00539977 0.00793083 0.0103233 0.0120691 0.0129783 0.0132949 0.0135002 0.0139513 0.0146408 0.0152322 0.0152948
pSPR Fmed_Fpbrs
0.608458   0.220124 0.220124
Fs Fmed_Fpbrs
0.276884   1.005 1.005
SSBpbr Bo_Bmed_Bpbrs
1.80526e+06  1.00816e+06  307117 307117
Ro
161961
SPR SPRFo_SPRFmed_SPRFpbrs
1.15768e+06 704402 254834
Fref
1.005
Nvult_r0
 193389 15907.7 7062.03 8102.32 2815.23
CTP_r0
 27836.9 2884.97 1280.75 1469.41 510.561
YTP_r0
391291
Np
 226511 87268.3 6649.33 2951.88 4385.04
Nvult_p0
 187651 75516.7 5753.93 2554.38 3794.55
CTP_p0
 81200.7 37852.5 2884.14 1280.38 1902.01
YTP_p0
 1.39068e+06
CBA_c0
691108
log_Ro
11.8151
likeval ReclasPelacesDesembMPH_pf_preclas_ppelaces_ptallas_desvR_qrecl_qpela
 12.2239 18.7125 0.034297 0.00083319 240.993 118.067 98.6612 0 26.1718 4.41559e-08 0 0.174319 0 0 0
q_reclas_q_pelaces
0.970662 1
M
1
N
 185093 43086.4 124997 8216.53 0.262636
 103779 60638.6 13605.4 39470.4 2594.63
 103939 30867.8 16859.3 3782.71 11695.3
 146929 31033.8 8625.44 4711 4325.03
 118303 38407.6 7278.27 2022.9 2119.2
 226808 38528.5 12033.8 2280.41 1297.79
 88986.7 66374.7 10485.2 3274.9 973.779
 38173.1 19393.8 12250.4 1935.2 784.157
 39600.1 12852.5 6348.61 4010.2 890.188
 55016.6 10348.5 3013.09 1488.34 1148.83
 104531 12971.8 2118.56 616.844 539.885
 141254 34937.7 4205.54 686.852 375.02
 116633 34977.5 7629.56 918.389 231.887
 81184.7 29656.7 7909.68 1725.32 260.119
 79160.1 15916.2 4761.03 1269.81 318.739
 465134 18761.1 3280.66 981.349 327.433
 90582.6 123426 4487.84 784.768 313.074
 709053 27134.5 34637.9 1259.46 308.096
 405721 211882 7590.5 9689.48 438.502
 307693 111566 53121.1 1903.02 2539.19
 461787 86801.8 28929.2 13774.4 1151.87
 613277 138624 24427.9 8141.31 4200.57
 120606 174540 36365.1 6408.15 3237.63
 373765 38118.2 52567.6 10952.4 2905.11
 308886 120083 11731 16177.9 4264.71
 137831 99188 36931.3 3607.86 6287.11
 321204 45387.4 31533.2 11741 3145.75
 364513 103109 13952.7 9693.72 4576.36
 100852 119621 32631.6 4415.71 4516.16
 71636.9 33412.4 38334.3 10457.3 2862.35
 280657 22557.1 10013.9 11489 3991.98
pred_Ctot
 12929 3906.2 11332.2 744.908 0.0238105
 12780.5 9577.53 2148.91 6234.13 409.807
 12589.5 4797.38 2620.21 587.896 1817.64
 27637.5 7374.45 2049.64 1119.46 1027.74
 8664.76 3648.32 691.36 192.155 201.302
 29871.2 6495.23 2028.68 384.437 218.785
 23914.2 22093.4 3490.1 1090.08 324.131
 2060.65 1363.5 861.275 136.056 55.1307
 7454.42 3056.29 1509.68 953.617 211.685
 12945.2 3041.16 885.47 437.386 337.611
 6091.01 983.515 160.628 46.7689 40.9339
 30139.2 9360.43 1126.74 184.02 100.474
 23459.9 8860.18 1932.65 232.638 58.7395
 25211.5 11285.7 3009.99 656.561 98.9869
 18446.2 4634.77 1386.41 369.766 92.8164
 84143.4 4294.82 751.016 224.652 74.9566
 10814 18914.1 687.728 120.26 47.9763
 85571.4 4202.23 5364.27 195.048 47.7139
 66313 44004.4 1576.42 2012.34 91.0695
 46339.2 21413.6 10195.9 365.259 487.364
 54607.9 13179.3 4392.37 2091.38 174.89
 89608.8 25841.1 4553.65 1517.64 783.036
 10874 20333 4236.35 746.517 377.168
 30261.9 3995.8 5510.49 1148.1 304.532
 25097.4 12631.6 1234 1701.77 448.609
 9220.88 8617.93 3208.77 313.469 546.254
 26159.1 4785.26 3324.6 1237.87 331.661
 25106.8 9219.45 1247.58 866.762 409.195
 6393.4 9856.11 2688.67 363.83 372.107
 6607.12 3979.91 4566.17 1245.62 340.948
 27836.9 2884.97 1280.75 1469.41 510.561
F
 0.115929 0.152737 0.152737 0.152737 0.152737
 0.212546 0.28003 0.28003 0.28003 0.28003
 0.208728 0.275 0.275 0.275 0.275
 0.341694 0.450183 0.450183 0.450183 0.450183
 0.121851 0.160539 0.160539 0.160539 0.160539
 0.228789 0.301431 0.301431 0.301431 0.301431
 0.523531 0.689753 0.689753 0.689753 0.689753
 0.0885921 0.11672 0.11672 0.11672 0.11672
 0.341991 0.450574 0.450574 0.450574 0.450574
 0.44486 0.586104 0.586104 0.586104 0.586104
 0.0959177 0.126372 0.126372 0.126372 0.126372
 0.395853 0.521538 0.521538 0.521538 0.521538
 0.369349 0.486618 0.486618 0.486618 0.486618
 0.629389 0.829222 0.829222 0.829222 0.829222
 0.439689 0.579292 0.579292 0.579292 0.579292
 0.326688 0.430412 0.430412 0.430412 0.430412
 0.205456 0.270689 0.270689 0.270689 0.270689
 0.2079 0.273908 0.273908 0.273908 0.273908
 0.291049 0.383458 0.383458 0.383458 0.383458
 0.265475 0.349764 0.349764 0.349764 0.349764
 0.203339 0.2679 0.2679 0.2679 0.2679
 0.256664 0.338156 0.338156 0.338156 0.338156
 0.151841 0.200051 0.200051 0.200051 0.200051
 0.135448 0.178453 0.178453 0.178453 0.178453
 0.135955 0.179122 0.179122 0.179122 0.179122
 0.110797 0.145975 0.145975 0.145975 0.145975
 0.136291 0.179563 0.179563 0.179563 0.179563
 0.114233 0.150503 0.150503 0.150503 0.150503
 0.10473 0.137982 0.137982 0.137982 0.137982
 0.155562 0.204953 0.204953 0.204953 0.204953
 0.168146 0.221533 0.221533 0.221533 0.221533
YTP_r0W_actual
 236613 47025 37013.5 51135.4 19503.4
YTP_p0W_proyectada
 610629 610182 67431.1 37771.1 64668.3
CTP_r0_actual
 27836.9 2884.97 1280.75 1469.41 510.561
CTP_p0_proyectada
 81200.7 37852.5 2884.14 1280.38 1902.01
Wmedp
 7.52 16.12 23.38 29.5 34
Frms_r0
 0.168146 0.221533 0.221533 0.221533 0.221533
Zrms_r0
 1.16815 1.22153 1.22153 1.22153 1.22153
nmprior
 8.19 8.8 8.5 0
nm_flota  nm_reclas  nm_pelaces    nm_pelaL
inf 13.1918 17.215 40.4278
cv_recla  cv_pelaces  cv_mph
0.316249 0.4905 0.890794
 ------------------------------------------------
Talla a la edad & desviaci?n 
 8 13.2811 15.8009 17.003 17.5766
 0.8 1.32811 1.58009 1.7003 1.75766
