years
 1991 1992 1993 1994 1995 1996 1997 1998 1999 2000 2001 2002 2003 2004 2005 2006 2007 2008 2009 2010 2011 2012 2013 2014 2015 2016 2017 2018 2019 2020 2021
reclasobs
 0 0 0 0 0 0 0 0 0 252601 567819 844713 477998 351125 339783 2.1784e+06 2.13404e+06 4.81314e+06 1.55562e+06 2.62356e+06 3.21686e+06 3.843e+06 1.13348e+06 3.07943e+06 1.97215e+06 2.03268e+06 2.025e+06 2.42433e+06 2.27542e+06 1.05018e+06 2.36338e+06
reclaspred
 3.52188e+06 2.03369e+06 1.0436e+06 1.19997e+06 1.30447e+06 1.97825e+06 1.41183e+06 1.2728e+06 909811 655867 596266 694495 689241 573944 577186 1.18374e+06 1.24416e+06 2.48463e+06 2.08153e+06 1.57897e+06 2.80019e+06 2.28881e+06 1.90503e+06 2.92871e+06 2.21047e+06 1.97107e+06 2.25732e+06 2.29514e+06 1.93315e+06 1.31631e+06 1.97543e+06
pelacesobs
 0 0 0 0 0 0 0 0 0 0 0 0 0 0 0 552880 188675 0 991730 2.46772e+06 1.41603e+06 1.21717e+06 2.29649e+06 1.80582e+06 0 1.4828e+06 1.56532e+06 1.57751e+06 1.42118e+06 867257 1.10002e+06
pelacespred
 2.76592e+06 1.79949e+06 939982 791709 903321 1.35874e+06 1.06883e+06 1.04038e+06 769656 534020 467782 459434 491482 435797 429368 693953 816592 1.64162e+06 1.57704e+06 1.14144e+06 1.79105e+06 1.69424e+06 1.4452e+06 2.17424e+06 1.76574e+06 1.54455e+06 1.85992e+06 1.87994e+06 1.46194e+06 1.10315e+06 1.46854e+06
mphobs
 0 0 0 0 0 0 0 0 0 0 0 498337 0 5186 125008 0 168611 109162 213762 579715 649985 157893 87575 83554 0 0 0 0 0 0 0
mphpred
 529739 358234 185863 102050 135881 160830 211461 153301 129552 90978.9 59280.1 68862.6 71923.3 63481.7 47904.2 57600 137197 144087 245679 193694 209157 257029 246438 212028 293507 241293 201226 206762 273919 195105 129835
desembarqueobs
 494567 514787 250237 358949 120608 361735 552515 73892 212993 205616 52469 317467 293654 387597 252695 516296 358380 742168 942051 627588 828172 859565 418607 520667 417249 300574 415391 372974 316634 284311 391294
desembarquepred
 494572 512819 251356 358961 120610 361746 552570 73894.1 213028 205652 52470.7 317535 293713 387674 252709 516314 358411 742126 942009 627552 828269 859660 418631 520695 417262 300585 415405 372976 316643 284329 391302
Reclutas
 266533 156767 153030 370290 297655 449024 189722 92601.7 77407.4 94723 159635 198409 169992 120688 124122 555854 159747 845449 526277 393813 598296 807929 189439 537611 440347 208197 436279 473398 159108 126640 470859
log_desv_Rt
 0.0403124 -0.490426 -0.514551 0.369102 0.150749 0.561893 -0.299626 -1.01688 -1.1961 -0.994228 -0.472293 -0.254855 -0.409432 -0.751978 -0.723916 0.77532 -0.471596 1.19468 0.720643 0.430691 0.848901 1.14929 -0.301118 0.741951 0.542379 -0.206701 0.533096 0.614753 -0.475601 -0.703836 0.609374
SSB
 5.29919e+06 3.58356e+06 1.85926e+06 1.02085e+06 1.35928e+06 1.60884e+06 2.11533e+06 1.53353e+06 1.29596e+06 910098 593003 688860 719477 635033 479205 576196 1.37244e+06 1.44136e+06 2.45763e+06 1.9376e+06 2.09228e+06 2.57116e+06 2.46522e+06 2.121e+06 2.93607e+06 2.41375e+06 2.01294e+06 2.06832e+06 2.74012e+06 1.95172e+06 1.29879e+06
BT
 6.93853e+06 4.75704e+06 2.47498e+06 2.38001e+06 2.35309e+06 3.89652e+06 3.0653e+06 2.67054e+06 2.11135e+06 1.52543e+06 1.26046e+06 1.45834e+06 1.5412e+06 1.55312e+06 1.41762e+06 2.37246e+06 2.30882e+06 5.20657e+06 4.95407e+06 3.42208e+06 5.45586e+06 5.14443e+06 3.91805e+06 6.40228e+06 4.73931e+06 4.12202e+06 5.41407e+06 5.40011e+06 3.74126e+06 2.95673e+06 4.4256e+06
Ftot
 0.0800883 0.142627 0.136758 0.17559 0.0539642 0.107708 0.221772 0.0336776 0.134965 0.179767 0.0522264 0.2641 0.246123 0.386731 0.25741 0.260084 0.165782 0.177677 0.26058 0.229356 0.172969 0.218453 0.126081 0.105738 0.109369 0.0882464 0.108948 0.0967012 0.0933124 0.12382 0.118677
BD_Bspro_t
 0.987268 0.903464 0.79628 0.733072 0.75691 0.813813 0.809708 0.716775 0.754425 0.72599 0.696952 0.795796 0.697103 0.62438 0.540565 0.584363 0.680352 0.678763 0.732742 0.65407 0.629211 0.672754 0.688001 0.690605 0.778258 0.78443 0.792345 0.814564 0.842356 0.796832 0.755769
BD_Bspro
 2.9001 1.96118 1.01752 0.558683 0.743894 0.880476 1.15766 0.839261 0.709243 0.498072 0.324534 0.376994 0.39375 0.347536 0.262255 0.315336 0.751097 0.788818 1.34499 1.06039 1.14505 1.40712 1.34914 1.16077 1.60683 1.32098 1.10163 1.13193 1.49959 1.06812 0.710791
BD_Bo
 2.05949 1.39272 0.72259 0.396746 0.528273 0.625266 0.822106 0.595997 0.503665 0.353703 0.230466 0.267721 0.27962 0.246801 0.186239 0.223934 0.533388 0.560176 0.95514 0.753033 0.813149 0.999263 0.958089 0.824312 1.14108 0.938085 0.782315 0.803837 1.06493 0.758521 0.504765
BD_Brms
 14.7065 9.94523 5.1599 2.8331 3.77232 4.46493 5.87054 4.25592 3.5966 2.52574 1.64573 1.91175 1.99672 1.76237 1.32991 1.59908 3.80884 4.00013 6.82051 5.37729 5.80658 7.13558 6.84157 5.88628 8.14831 6.69872 5.58639 5.74008 7.60449 5.41648 3.60445
Sel_flota
 0.904487 1 1 1 1
 0.904487 1 1 1 1
 0.904487 1 1 1 1
 0.904487 1 1 1 1
 0.904487 1 1 1 1
 0.904487 1 1 1 1
 0.904487 1 1 1 1
 0.904487 1 1 1 1
 0.904487 1 1 1 1
 0.904487 1 1 1 1
 0.904487 1 1 1 1
 0.904487 1 1 1 1
 0.904487 1 1 1 1
 0.904487 1 1 1 1
 0.904487 1 1 1 1
 0.904487 1 1 1 1
 0.904487 1 1 1 1
 0.904487 1 1 1 1
 0.904487 1 1 1 1
 0.904487 1 1 1 1
 0.904487 1 1 1 1
 0.904487 1 1 1 1
 0.904487 1 1 1 1
 0.904487 1 1 1 1
 0.904487 1 1 1 1
 0.904487 1 1 1 1
 0.904487 1 1 1 1
 0.904487 1 1 1 1
 0.904487 1 1 1 1
 0.904487 1 1 1 1
 0.904487 1 1 1 1
Sel_reclas
 1 1 1 1 1
 1 1 1 1 1
 1 1 1 1 1
 1 1 1 1 1
 1 1 1 1 1
 1 1 1 1 1
 1 1 1 1 1
 1 1 1 1 1
 1 1 1 1 1
 1 1 1 1 1
 1 1 1 1 1
 1 1 1 1 1
 1 1 1 1 1
 1 1 1 1 1
 1 1 1 1 1
 1 1 1 1 1
 1 1 1 1 1
 1 1 1 1 1
 1 1 1 1 1
 1 1 1 1 1
 1 1 1 1 1
 1 1 1 1 1
 1 1 1 1 1
 1 1 1 1 1
 1 1 1 1 1
 1 1 1 1 1
 1 1 1 1 1
 1 1 1 1 1
 1 1 1 1 1
 1 1 1 1 1
 1 1 1 1 1
Sel_pelaces
 0.746048 1 1 1 1
 0.746048 1 1 1 1
 0.746048 1 1 1 1
 0.746048 1 1 1 1
 0.746048 1 1 1 1
 0.746048 1 1 1 1
 0.746048 1 1 1 1
 0.746048 1 1 1 1
 0.746048 1 1 1 1
 0.746048 1 1 1 1
 0.746048 1 1 1 1
 0.746048 1 1 1 1
 0.746048 1 1 1 1
 0.746048 1 1 1 1
 0.746048 1 1 1 1
 0.746048 1 1 1 1
 0.746048 1 1 1 1
 0.746048 1 1 1 1
 0.746048 1 1 1 1
 0.746048 1 1 1 1
 0.746048 1 1 1 1
 0.746048 1 1 1 1
 0.746048 1 1 1 1
 0.746048 1 1 1 1
 0.746048 1 1 1 1
 0.746048 1 1 1 1
 0.746048 1 1 1 1
 0.746048 1 1 1 1
 0.746048 1 1 1 1
 0.746048 1 1 1 1
 0.746048 1 1 1 1
pf_obs 
 0.8446 0.082 0.0669 0.0065 0
 0.8095 0.147 0.0364 0.0071 0
 0.9664 0.0169 0.016 0.0007 0
 0.9276 0.0648 0.0075 0.0001 0
 0.7033 0.2144 0.0806 0.0017 0
 0.9318 0.0425 0.0243 0.0014 0
 0.5671 0.3108 0.0964 0.0239 0.0018
 0.0768 0.2599 0.5324 0.112 0.0189
 0.490249 0.384438 0.106611 0.0170017 0.00170017
 0.7925 0.1577 0.0466 0.003 0.0002
 0.840416 0.127587 0.0312969 0.00059994 9.999e-05
 0.8084 0.0986 0.0794 0.0134 0.0002
 0.7335 0.1905 0.0724 0.0035 0.0001
 0.4001 0.4547 0.1325 0.0127 0
 0.49795 0.308269 0.164784 0.0264974 0.00249975
 0.9179 0.0499 0.0305 0.0017 0
 0.2467 0.6533 0.0926 0.0074 0
 0.9418 0.0223 0.034 0.0019 0
 0.707729 0.231977 0.0356964 0.0245975 0
 0.517169 0.277429 0.184464 0.0207286 0.00020938
 0.811772 0.124168 0.05621 0.00726502 0.000585176
 0.764997 0.148141 0.077277 0.00933861 0.000247198
 0.163321 0.427699 0.378323 0.0303852 0.000271297
 0.753843 0.0900009 0.118128 0.0371064 0.000921714
 0.721811 0.176058 0.0630433 0.0369309 0.00215725
 0.143369 0.312575 0.442814 0.0836902 0.0175525
 0.692698 0.0596174 0.167031 0.0765114 0.00414204
 0.394062 0.376323 0.152708 0.0712218 0.00568511
 0.125707 0.32114 0.495352 0.0537591 0.00404204
 0.23352 0.215282 0.420074 0.123614 0.00750983
 0.796117 0.104755 0.0508955 0.0450114 0.00322123
pf_pred 
 0.42993 0.101473 0.446212 0.0223846 7.37341e-07
 0.416093 0.266146 0.0565615 0.248722 0.0124777
 0.548563 0.199833 0.114682 0.0243722 0.11255
 0.795868 0.117411 0.0383878 0.0220303 0.0263026
 0.653725 0.281596 0.0372017 0.0121632 0.0153143
 0.725782 0.185576 0.072085 0.00952315 0.00703387
 0.462966 0.40087 0.0921481 0.0357939 0.0082214
 0.419047 0.285344 0.220658 0.0507226 0.0242281
 0.48612 0.228229 0.140302 0.108496 0.0368527
 0.637207 0.186156 0.0784499 0.0482263 0.049961
 0.763917 0.156374 0.0409 0.0172361 0.0215725
 0.716768 0.221499 0.0408904 0.010695 0.0101481
 0.666345 0.246781 0.0679384 0.012542 0.00639304
 0.604651 0.273305 0.0902679 0.0248506 0.00692607
 0.696563 0.192267 0.0768518 0.0253828 0.00893542
 0.909993 0.064836 0.0159494 0.00637519 0.00284685
 0.452616 0.503047 0.0319375 0.0078565 0.00454268
 0.879595 0.0577864 0.0575465 0.00365352 0.00141841
 0.617885 0.340394 0.0200235 0.0199404 0.00175747
 0.602335 0.256385 0.125854 0.00740331 0.00802237
 0.744337 0.160859 0.0611228 0.030004 0.00367752
 0.749625 0.191472 0.0370609 0.0140823 0.00775999
 0.3522 0.49894 0.113839 0.0220344 0.0129862
 0.747556 0.0951969 0.121113 0.0276334 0.00850093
 0.630605 0.28336 0.0324439 0.0412764 0.0123149
 0.457577 0.355321 0.143525 0.0164332 0.0271445
 0.730556 0.130362 0.0911077 0.0368011 0.0111737
 0.689388 0.233271 0.037419 0.0261515 0.0137707
 0.391771 0.432806 0.131743 0.021133 0.0225467
 0.471642 0.220436 0.219112 0.0666964 0.0221133
 0.836609 0.0814431 0.0341893 0.033984 0.0137742
pobs_RECLAS
 0 0 0 0 0
 0 0 0 0 0
 0 0 0 0 0
 0 0 0 0 0
 0 0 0 0 0
 0 0 0 0 0
 0 0 0 0 0
 0 0 0 0 0
 0 0 0 0 0
 0 0 0 0 0
 0.991045 0.00858322 0.000360255 1.14367e-05 0
 0.934742 0.0480273 0.0164251 0.00080598 0
 0.827803 0.169806 0.00239088 0 0
 0.941827 0.0461693 0.0120037 0 0
 0.791401 0.0380133 0.147996 0.0225897 0
 0.846168 0.0940531 0.0597789 0 0
 0.134021 0.677848 0.182769 0.00536245 0
 0.80878 0.0450904 0.141981 0.00414843 0
 0.846168 0.0940531 0.0597789 0 0
 0.905697 0.0802665 0.012482 0.00150086 5.37128e-05
 0.989698 0.0102097 9.19794e-05 0 0
 0.975433 0.0193895 0.00387452 0.00125025 5.28907e-05
 0.303575 0.632131 0.0575291 0.00676475 0
 0.966965 0.00978017 0.0227588 0.000495775 0
 0.843318 0.132988 0.00938335 0.0141283 0.000182051
 0.564624 0.303363 0.111486 0.0197234 0.00080311
 0.826376 0.0876187 0.0782897 0.00655872 0.00115652
 0.89761 0.0855135 0.0140674 0.00269457 0.000114338
 0.34875 0.467042 0.161289 0.0227151 0.000203297
 0.318654 0.224769 0.449479 0.00709798 0
 0.937255 0.0296025 0.0250945 0.00804832 0
ppred_RECLAS
 0.454854 0.0970361 0.426703 0.0214059 7.05103e-07
 0.440981 0.254803 0.0541507 0.23812 0.0119459
 0.573577 0.188761 0.108327 0.0230217 0.106314
 0.811938 0.108168 0.0353659 0.020296 0.024232
 0.676182 0.263333 0.0347889 0.0113743 0.014321
 0.745478 0.172247 0.0669073 0.00883913 0.00652864
 0.488519 0.381796 0.0877635 0.0340908 0.00783021
 0.443733 0.273219 0.211282 0.0485673 0.0231986
 0.511509 0.216954 0.13337 0.103136 0.035032
 0.660447 0.174231 0.0734244 0.0451369 0.0467606
 0.781614 0.144653 0.0378343 0.0159441 0.0199555
 0.737195 0.205524 0.0379414 0.00992368 0.00941624
 0.688786 0.230184 0.0633692 0.0116985 0.00596307
 0.629333 0.256242 0.0846324 0.0232991 0.00649367
 0.717858 0.178774 0.0714585 0.0236015 0.00830834
 0.918073 0.0590153 0.0145175 0.00580284 0.00259127
 0.477958 0.479758 0.0304589 0.00749276 0.00433236
 0.889987 0.0527991 0.0525799 0.0033382 0.001296
 0.641871 0.319027 0.0187666 0.0186887 0.00164715
 0.626624 0.240725 0.118167 0.00695111 0.00753236
 0.763251 0.148958 0.0566007 0.0277842 0.00340544
 0.768356 0.177148 0.0342883 0.0130287 0.00717944
 0.375687 0.48085 0.109712 0.0212355 0.0125154
 0.766189 0.0881704 0.112174 0.0255937 0.00787348
 0.653881 0.265505 0.0303996 0.0386755 0.0115389
 0.482765 0.338821 0.13686 0.0156701 0.025884
 0.75003 0.12094 0.0845229 0.0341414 0.0103662
 0.710635 0.217314 0.0348594 0.0243626 0.0128287
 0.416127 0.415475 0.126468 0.0202867 0.0216438
 0.496978 0.209866 0.208605 0.0634981 0.0210529
 0.850004 0.0747665 0.0313865 0.031198 0.012645
pobs_PELACES
 0 0 0 0 0
 0 0 0 0 0
 0 0 0 0 0
 0 0 0 0 0
 0 0 0 0 0
 0 0 0 0 0
 0 0 0 0 0
 0 0 0 0 0
 0 0 0 0 0
 0 0 0 0 0
 0 0 0 0 0
 0 0 0 0 0
 0 0 0 0 0
 0 0 0 0 0
 0 0 0 0 0
 0 0 0 0 0
 0.505614 0.472636 0.0217494 0 0
 0 0 0 0 0
 0.443492 0.261883 0.143347 0.151278 0
 0.227955 0.32914 0.350689 0.0885471 0.00366901
 0.970185 0.0296113 0.000203453 0 0
 0.997202 0.00247181 0.000326279 0 0
 0.445219 0.490057 0.0546422 0.010081 0
 0.90214 0.0892962 0.00764917 0.000914606 0
 0 0 0 0 0
 0.581667 0.319106 0.0959925 0.00289975 0.000334073
 0.762889 0.0836404 0.116647 0.0363945 0.000428098
 0.88444 0.0763242 0.0277011 0.0115352 0
 0.521256 0.241999 0.230069 0.00667565 0
 0.616807 0.101726 0.260614 0.0208532 0
 0.833518 0.0704572 0.0857862 0.0102388 0
ppred_PELACES
 0.384257 0.109602 0.481962 0.024178 7.96415e-07
 0.371531 0.286458 0.060878 0.267703 0.01343
 0.501951 0.220467 0.126523 0.0268886 0.124171
 0.764087 0.135691 0.0443643 0.0254601 0.0303976
 0.609454 0.317598 0.0419578 0.0137182 0.0172721
 0.686771 0.211976 0.0823398 0.0108779 0.0080345
 0.417777 0.434602 0.099902 0.0388058 0.0089132
 0.373337 0.307796 0.23802 0.0547136 0.0261344
 0.439629 0.248878 0.152995 0.118312 0.0401868
 0.593388 0.20864 0.0879252 0.0540511 0.0559954
 0.727857 0.180259 0.0471473 0.0198688 0.0248677
 0.67848 0.251441 0.046418 0.0121408 0.0115199
 0.624628 0.277636 0.0764328 0.0141101 0.00719236
 0.561827 0.302909 0.100046 0.0275424 0.00767629
 0.656787 0.21747 0.0869259 0.0287101 0.0101067
 0.893945 0.076396 0.0187931 0.00751185 0.00335443
 0.407101 0.544876 0.0345932 0.00850977 0.0049204
 0.858543 0.06789 0.0676082 0.00429232 0.00166642
 0.574135 0.379367 0.0223161 0.0222234 0.00195869
 0.557748 0.285131 0.139965 0.00823339 0.00892185
 0.707459 0.184062 0.0699393 0.0343318 0.00420797
 0.713608 0.219016 0.0423922 0.016108 0.00887627
 0.310692 0.53091 0.121133 0.0234463 0.0138183
 0.710391 0.109212 0.138943 0.0317016 0.00975245
 0.585799 0.317731 0.0363792 0.046283 0.0138086
 0.411165 0.385723 0.155805 0.0178392 0.0294671
 0.691947 0.149041 0.104162 0.0420743 0.0127748
 0.647611 0.264645 0.0424518 0.0296689 0.0156228
 0.347801 0.464094 0.141267 0.0226607 0.0241766
 0.425276 0.23978 0.23834 0.0725492 0.0240538
 0.809291 0.0950603 0.0399057 0.0396661 0.0160773
pobs_pel_tallas
 0 0 0 0 0 0 0 0 0 0 0 0 0 0 0 0 0 0 0 0 0 0 0 0 0 0
 0 0 0 0 0 0 0 0 0 0 0 0 0 0 0 0 0 0 0 0 0 0 0 0 0 0
 0 0 0 0 0 0 0 0 0 0 0 0 0 0 0 0 0 0 0 0 0 0 0 0 0 0
 0 0 0 0 0 0 0 0 0 0 0 0 0 0 0 0 0 0 0 0 0 0 0 0 0 0
 0 0 0 0 0 0 0 0 0 0 0 0 0 0 0 0 0 0 0 0 0 0 0 0 0 0
 0 0 0 0 0 0 0 0 0 0 0 0 0 0 0 0 0 0 0 0 0 0 0 0 0 0
 0 0 0 0 0 0 0 0 0 0 0 0 0 0 0 0 0 0 0 0 0 0 0 0 0 0
 0 0 0 0 0 0 0 0 0 0 0 0 0 0 0 0 0 0 0 0 0 0 0 0 0 0
 0 0 0 0 0 0 0 0 0 0 0 0 0 0 0 0 0 0 0 0 0 0 0 0 0 0
 0 0 0 0 0 0 0 0 0 0 0 0 0 0 0 0 0 0 0 0 0 0 0 0 0 0
 0 0 0 0 0 0 0 0 0 0 0 0 0 0 0 0 0 0 0 0 0 0 0 0 0 0
 0 0 0 0 0 0 0 0 0 0 0 0 0 0 0 0 0 0 0 0 0 0 0 0 0 0
 0.00862536 0 0 0.000197151 0.00414017 0.0128641 0.00837892 0.0270097 0.101434 0.158115 0.152841 0.127902 0.109271 0.109419 0.0830992 0.0579132 0.0238553 0.00714673 0.00463305 0.00128148 0.00103504 0.000492878 0.000147863 0.000147863 4.92878e-05 0
 0 0 0 0 0 0 0 0 0 0 0 0 0 0 0 0 0 0 0 0 0 0 0 0 0 0
 0 0 0 0 0 0 0 0.0054083 0.00873648 0.0413646 0.0450493 0.0745869 0.0622846 0.0627006 0.0613931 0.0827291 0.12552 0.122667 0.0946155 0.0697135 0.0546179 0.0294188 0.0215738 0.0213955 0.0102223 0.00600262
 0 0 0 0 0.00359764 0.0251062 0.0480494 0.140153 0.205849 0.193036 0.1447 0.116669 0.0760912 0.0342217 0.00950174 0.001854 0.000860785 0 0 0 0.000165536 0 0.000143464 0 0 0
 0 0 0 0 0 0 0 0.000145254 0.000435761 0.0275982 0.070085 0.0708112 0.156366 0.174668 0.174014 0.160142 0.0824315 0.0480064 0.0283245 0.00493863 0.00203355 0 0 0 0 0
 0 0 0 0 0 0 0 0 0 0 0 0 0 0 0 0 0 0 0 0 0 0 0 0 0 0
 0 0 1.00437e-05 0.000401748 0.00122533 0.00171747 0.00176769 0.0269171 0.070346 0.194647 0.189555 0.159765 0.064822 0.0314167 0.0384472 0.0292271 0.0345202 0.0313363 0.0194345 0.0106764 0.0143323 0.0359363 0.0279516 0.0138201 0.00172751 0
 0 0.0021121 0.0136068 0.0755702 0.200478 0.177729 0.0527432 0.0373336 0.0318909 0.0142505 0.0149659 0.0166563 0.0217959 0.0798694 0.0677717 0.0528807 0.04013 0.0224614 0.0357745 0.0225083 0.00881397 0.00855152 0.00135912 0.000746735 0 0
 0 0 0 0 5.4009e-05 0.00500934 0.000945158 0.0243581 0.138947 0.33067 0.221406 0.137944 0.0707744 0.0437923 0.0131692 0.00525238 0.0047753 0.00276346 9.45158e-05 9.00151e-06 2.25038e-05 9.00151e-06 4.50075e-06 0 0 0
 0.000866109 0.00284123 0.00948549 0.0512746 0.133035 0.25785 0.225252 0.132002 0.0553304 0.0519788 0.0540692 0.017754 0.00435017 0.00159236 0.00146478 0.000404838 0.000125132 0.000115318 0.000107957 0.000100596 0 0 0 0 0 0
 0 0 0 0 0.00144013 0.00171154 0.00461396 0.0210425 0.0478622 0.0707936 0.0888783 0.103762 0.0637923 0.0337046 0.0602308 0.124433 0.169614 0.0934646 0.0462172 0.0250306 0.0313229 0.00938855 0.002487 0.000210481 0 0
 0 0.00764035 0.051015 0.0998891 0.058973 0.0496711 0.0374665 0.0718981 0.12319 0.153886 0.159021 0.0857701 0.0377988 0.023471 0.0147837 0.00900784 0.00315554 0.000888139 0.00291439 0.00214683 0.00393193 0.00274676 0.000635225 9.99891e-05 0 0
 0 0 0 0 0 0 0 0 0 0 0 0 0 0 0 0 0 0 0 0 0 0 0 0 0 0
 0 0 0 0 0 0 0 0 0 0 0 0 0 0 0 0 0 0 0 0 0 0 0 0 0 0
 0 0 0 0 0 0 0 0 0 0 0 0 0 0 0 0 0 0 0 0 0 0 0 0 0 0
 0 0 0 0 0 0 0 0 0 0 0 0 0 0 0 0 0 0 0 0 0 0 0 0 0 0
 0 0 0 0 0 0 0 0 0 0 0 0 0 0 0 0 0 0 0 0 0 0 0 0 0 0
 0 0 0 0 0 0 0 0 0 0 0 0 0 0 0 0 0 0 0 0 0 0 0 0 0 0
 0 0 0 0 0 0 0 0 0 0 0 0 0 0 0 0 0 0 0 0 0 0 0 0 0 0
ppred_pel_tallas
 1.16362e-16 3.16508e-05 0.000307657 0.00204449 0.00929396 0.028917 0.0616112 0.0899256 0.0899369 0.0616667 0.0291055 0.00984761 0.00346908 0.00353263 0.00649286 0.0115589 0.0186795 0.0277072 0.0383488 0.0502104 0.0625779 0.0740322 0.0823877 0.0853332 0.0815337 0.0714476
 1.3095e-16 3.06026e-05 0.000297468 0.00197678 0.00898618 0.0279595 0.0595717 0.0869524 0.0869802 0.0597073 0.0284152 0.0103042 0.00529283 0.00756285 0.0139114 0.0231817 0.0339788 0.0440779 0.0513597 0.05517 0.056829 0.0586969 0.0624504 0.0678874 0.0730463 0.0753733
 1.27418e-16 4.13451e-05 0.000401889 0.00267069 0.0121406 0.037774 0.0804824 0.117471 0.117492 0.0805872 0.0381264 0.0131608 0.00524074 0.0060433 0.0108484 0.0181191 0.0267015 0.034897 0.0410475 0.0445353 0.0461792 0.0475917 0.0499903 0.0533912 0.0566897 0.0583765
 1.09013e-16 6.29369e-05 0.000611769 0.00406542 0.0184808 0.0575008 0.122512 0.178813 0.178826 0.122576 0.0577164 0.0191045 0.00563359 0.0040444 0.00661022 0.0109044 0.0158871 0.0203856 0.0232673 0.0240637 0.0232573 0.0219253 0.0210173 0.0208317 0.021007 0.0208963
 1.05591e-16 5.02e-05 0.000487962 0.00324268 0.0147408 0.0458642 0.0977196 0.142631 0.142662 0.0978692 0.0463664 0.0161914 0.0068839 0.00843703 0.015148 0.0249669 0.0359723 0.0452674 0.0499408 0.0486719 0.0425264 0.0342344 0.0265468 0.0209421 0.0174315 0.0152056
 1.04881e-16 5.65685e-05 0.000549866 0.00365405 0.0166108 0.0516825 0.110116 0.160722 0.160742 0.110216 0.0520195 0.0175851 0.00610366 0.00591074 0.010277 0.0170026 0.024726 0.031592 0.0357332 0.0362676 0.0337731 0.0297922 0.0257979 0.0224608 0.0196549 0.0169545
 1.08395e-16 3.44118e-05 0.000334495 0.00222284 0.0101047 0.0314398 0.0669874 0.0977789 0.0978208 0.0671925 0.0321285 0.0120948 0.0072217 0.0112586 0.0208156 0.0344488 0.0498372 0.0631319 0.070426 0.0699244 0.0629818 0.0530947 0.0436962 0.0364964 0.0313425 0.0271849
 1.16858e-16 3.07513e-05 0.000298914 0.00198639 0.00902985 0.0280954 0.0598613 0.0873756 0.0874056 0.060008 0.0285888 0.0104592 0.0055899 0.0082175 0.015223 0.0255206 0.0377057 0.0494063 0.0581845 0.0628841 0.064165 0.0637006 0.0627479 0.061329 0.0585621 0.0536241
 1.23145e-16 3.62117e-05 0.000351991 0.0023391 0.0106332 0.0330841 0.07049 0.102887 0.102912 0.0706085 0.0334824 0.0117869 0.0052467 0.0067388 0.0122841 0.0205671 0.0303846 0.039856 0.0471216 0.0514432 0.0536165 0.0552329 0.0573793 0.0598372 0.0613158 0.0603648
 1.17488e-16 4.88766e-05 0.000475098 0.00315719 0.0143522 0.044655 0.095143 0.138868 0.138888 0.0952419 0.0449874 0.0153139 0.00557736 0.00577911 0.0101847 0.0169287 0.0247907 0.0320708 0.0371028 0.0392203 0.0391665 0.0385164 0.0385618 0.0395355 0.0406577 0.0407765
 1.07608e-16 5.99526e-05 0.000582761 0.00387265 0.0176045 0.0547743 0.116703 0.170335 0.170353 0.116788 0.0550603 0.018431 0.00594956 0.00512424 0.00870782 0.0143623 0.0208323 0.0265227 0.0298612 0.0301597 0.0280254 0.024919 0.0222164 0.0205074 0.0195483 0.0186989
 1.04571e-16 5.58856e-05 0.000543228 0.00360994 0.0164103 0.0510586 0.108787 0.158782 0.158807 0.108905 0.0514566 0.0175602 0.00649739 0.00684995 0.0120437 0.0198493 0.0286533 0.0361726 0.0401195 0.0394472 0.0349651 0.0287643 0.0229323 0.0185623 0.0156324 0.0135349
 1.04909e-16 5.14499e-05 0.000500111 0.00332342 0.0151078 0.0470061 0.100152 0.146181 0.146208 0.100283 0.0474463 0.0163803 0.00652041 0.00748885 0.0133527 0.0220675 0.0319577 0.040551 0.0453511 0.0451929 0.0408984 0.0346397 0.028554 0.0237143 0.0200608 0.0170106
 1.07026e-16 4.6277e-05 0.000449829 0.00298927 0.0135888 0.04228 0.0900831 0.131485 0.131514 0.0902263 0.042761 0.0149793 0.00648434 0.00809516 0.014612 0.0242039 0.0351454 0.0447933 0.050471 0.0509342 0.0470599 0.0411348 0.0353496 0.0307113 0.02702 0.0235815
 1.07154e-16 5.40987e-05 0.000525859 0.00349452 0.0158856 0.049426 0.105308 0.153705 0.153726 0.105411 0.049772 0.0168859 0.00601022 0.00603348 0.0105608 0.0174967 0.0254902 0.0326708 0.0371623 0.0381015 0.0361089 0.0327591 0.0295024 0.0269098 0.0247014 0.0222986
 1.01883e-16 7.36331e-05 0.00071574 0.00475634 0.0216216 0.067273 0.143332 0.209199 0.209207 0.143369 0.0673941 0.0219717 0.00563566 0.00263778 0.00373131 0.00607169 0.00878614 0.0111491 0.0124758 0.0124561 0.0113308 0.00971175 0.00819236 0.00705675 0.00625809 0.00559314
 1.02824e-16 3.35325e-05 0.000325948 0.00216604 0.00984653 0.0306365 0.0652762 0.0952836 0.095336 0.0655325 0.0314967 0.0123302 0.00839692 0.0139169 0.0258124 0.0425343 0.061068 0.0763723 0.0833313 0.0795888 0.0669747 0.0503146 0.0346139 0.0227871 0.0152244 0.0108006
 1.02681e-16 7.07171e-05 0.000687395 0.00456798 0.0207654 0.0646089 0.137656 0.200915 0.200921 0.137689 0.0647181 0.0210821 0.00536724 0.0024465 0.00345347 0.00570631 0.00846631 0.0111719 0.0132822 0.0145174 0.0149647 0.014909 0.0145479 0.0138534 0.0126764 0.0109557
 1.03302e-16 4.72908e-05 0.000459683 0.00305476 0.0138865 0.0432063 0.0920569 0.134367 0.134404 0.0922353 0.0438053 0.015616 0.00739378 0.00992488 0.0180033 0.0296365 0.0425692 0.0532891 0.0582581 0.0558666 0.0474161 0.0362735 0.0258941 0.0182317 0.0134497 0.0106541
 1.06448e-16 4.5941e-05 0.000446563 0.00296757 0.0134902 0.041973 0.089429 0.13053 0.130558 0.0895641 0.0424272 0.0148038 0.00627227 0.0076852 0.0138649 0.0230345 0.0336089 0.0431592 0.0492028 0.0505383 0.0478587 0.0430882 0.0380317 0.0334618 0.0291922 0.0247662
 1.06221e-16 5.82725e-05 0.000566429 0.00376412 0.0171112 0.0532393 0.113433 0.165562 0.16558 0.11352 0.053532 0.0179576 0.00589276 0.00522636 0.00894715 0.014802 0.021561 0.0276331 0.0314356 0.032249 0.0306125 0.02787 0.0252474 0.0232073 0.0214748 0.0195182
 1.04397e-16 5.8779e-05 0.000571353 0.00379684 0.0172599 0.053702 0.114419 0.167002 0.167023 0.114522 0.0540489 0.0182619 0.00631308 0.00606816 0.0105097 0.0173124 0.0250073 0.0316076 0.035131 0.034675 0.030946 0.0257541 0.0208905 0.0172689 0.0148309 0.0130202
 1.08322e-16 2.55914e-05 0.000248758 0.00165309 0.00751472 0.0233814 0.0498183 0.0727221 0.0727733 0.0500688 0.0242225 0.00994509 0.0077573 0.0135864 0.0253918 0.0420306 0.0607625 0.0768687 0.0855366 0.0845292 0.0754716 0.0626433 0.0503054 0.0406752 0.0337303 0.0283376
 1.08868e-16 5.8514e-05 0.000568776 0.00377972 0.0171821 0.0534598 0.113902 0.166246 0.166257 0.113955 0.0536368 0.0176957 0.0050789 0.00343765 0.00560338 0.00942351 0.0141614 0.0190525 0.0233326 0.0266224 0.0290493 0.0309347 0.0323334 0.0328657 0.0319794 0.0293841
 1.0811e-16 4.82515e-05 0.000469022 0.00311682 0.0141686 0.044084 0.0939268 0.137095 0.137126 0.0940764 0.0445865 0.01562 0.00676041 0.00842437 0.0151618 0.0250046 0.0360597 0.0454599 0.0503394 0.0494374 0.0438781 0.0364166 0.0297589 0.0252481 0.0226869 0.0210464
 1.11371e-16 3.38672e-05 0.000329201 0.00218766 0.00994481 0.0309422 0.065927 0.0962302 0.0962675 0.0661095 0.0315556 0.0117185 0.00664786 0.0100922 0.018653 0.0309865 0.0451095 0.0577253 0.06547 0.0667694 0.0626944 0.0560488 0.0494783 0.0441331 0.0396869 0.0352588
 1.09426e-16 5.69948e-05 0.00055401 0.00368159 0.016736 0.0520719 0.110945 0.161931 0.161945 0.111016 0.0523106 0.0174273 0.00542399 0.00438148 0.00739648 0.0123236 0.0181869 0.0238049 0.0280073 0.0302667 0.0309545 0.0309381 0.0308595 0.0307081 0.0299677 0.0281041
 1.06912e-16 5.33429e-05 0.000518512 0.0034457 0.0156637 0.0487356 0.103837 0.151559 0.151584 0.103962 0.0491544 0.0168738 0.00648426 0.00715529 0.0126689 0.0208906 0.0301661 0.0381112 0.0423462 0.0418127 0.0374139 0.0313907 0.0259391 0.0221431 0.0198469 0.0182438
 1.1056e-16 2.8648e-05 0.000278469 0.00185053 0.00841226 0.0261739 0.0557679 0.0814043 0.0814491 0.0559871 0.0269104 0.010541 0.00719998 0.0119764 0.0223039 0.0369817 0.0536329 0.0682069 0.0765725 0.0768092 0.0702878 0.0605938 0.0512125 0.0438261 0.0382274 0.0333656
 1.18286e-16 3.50295e-05 0.000340499 0.00226274 0.0102861 0.032004 0.0681888 0.0995284 0.0995518 0.0683035 0.0323903 0.0114064 0.0050918 0.00657242 0.012036 0.0202774 0.030231 0.0401789 0.0483608 0.0539517 0.0573995 0.0597505 0.0615578 0.0623533 0.0610611 0.0568801
 1.07875e-16 6.66602e-05 0.000647961 0.00430593 0.0195741 0.0609025 0.129759 0.18939 0.189399 0.129805 0.061054 0.0200126 0.00540943 0.00306708 0.00469168 0.00773373 0.0113359 0.0146979 0.0170697 0.0181579 0.0183027 0.0182061 0.0184197 0.0189966 0.0195295 0.0194659
pSPR Fmed_Fpbrs
0.754046   0.190039 0.190039
Fs Fmed_Fpbrs
0.139656   1.005 1.005
SSBpbr Bo_Bmed_Bpbrs
2.57306e+06  1.81155e+06  360329 360329
Ro
256002
SPR SPRFo_SPRFmed_SPRFpbrs
1.82724e+06 1.37783e+06 347248
Fref
1.005
Nvult_r0
 315270 28044 11772.7 11702 4743
CTP_r0
 30561.2 2975.1 1248.93 1241.43 503.17
YTP_r0
391302
Np
 330690 49017.2 20951.6 1832.5 872.86
Nvult_p0
 281673 42416.5 18130.3 1585.73 755.321
CTP_p0
 134123 67486.5 5902.58 2477.86 3267.67
 134123 21261.2 9087.75 794.843 378.602
YTP_p0
 2.38194e+06 1.5841e+06
CBA_c0
2.14259e+06
log_Ro
12.2729
likeval ReclasPelacesDesembMPH_pf_preclas_ppelaces_ptallas_desvR_qrecl_qpela
 20.8258 20.1426 0.174129 0.000795623 241.66 121.548 99.9698 0 19.1666 1.38617e-05 0 0.882803 0 0 0
q_reclas_q_pelaces
0.59003 1
M
1
N
 266533 57078.5 250995 12591.4 0.414756
 156767 91200.3 19381.9 85229.3 4275.74
 153030 50691.3 29091.1 6182.44 28550.3
 370290 49746.4 16264.7 9334.08 11144.3
 297655 116218 15353.6 5019.88 6320.37
 449024 104285 40508.2 5351.54 3952.68
 189722 149853 34446.8 13380.5 3073.33
 92601.7 57109.4 44162.9 10151.7 4849.06
 77407.4 33044.2 20313.6 15708.6 5335.73
 94723 25204.1 10621.5 6529.47 6764.34
 159635 29617.3 7746.49 3264.52 4085.86
 198409 56016.9 10341.2 2704.76 2566.45
 169992 57481 15824.4 2921.31 1489.08
 120688 50055.8 16532.6 4551.38 1268.51
 124122 31293.6 12508.5 4131.34 1454.34
 555854 36177.8 8899.57 3557.28 1588.51
 159747 161622 10261.1 2524.19 1459.5
 845449 50584.3 50374.3 3198.17 1241.63
 526277 264850 15579.6 15514.9 1367.43
 393813 152954 75082.1 4416.66 4785.98
 598296 117734 44736.1 21960.1 2691.6
 807929 188225 36432.4 13843.4 7628.38
 189439 243931 55655.7 10772.6 6348.94
 537611 62179.7 79107.3 18049.2 5552.54
 440347 179737 20579.4 26181.9 7811.4
 208197 146737 59271.5 6786.41 11209.9
 436279 70715.6 49421.9 19963 6061.26
 473398 145437 23329.5 16304.6 8585.57
 159108 159568 48571.6 7791.38 8312.59
 126640 53795.2 53472.1 16276.6 5396.52
 470859 41652.3 17485.4 17380.3 7044.52
pred_Ctot
 11843 2795.2 12291.5 616.613 0.020311
 12120.6 7752.73 1647.61 7245.15 363.471
 11369.4 4141.72 2376.88 505.134 2332.69
 34821.2 5137.02 1679.56 963.877 1150.8
 8999.12 3876.43 512.115 167.437 210.815
 26558 6790.67 2637.76 348.474 257.385
 22156.4 19184.6 4409.97 1713 393.455
 1760.55 1198.82 927.051 213.101 101.79
 5679.37 2666.41 1639.15 1267.56 430.552
 9105.48 2660.11 1121.02 689.138 713.927
 4673.94 956.756 250.242 105.457 131.989
 27173.1 8397.14 1550.18 405.454 384.721
 21838.1 8087.76 2226.54 411.038 209.519
 23166.1 10471.2 3458.45 952.105 265.36
 16608.7 4584.37 1832.44 605.223 213.054
 75078.2 5349.24 1315.89 525.98 234.877
 14234.2 15820.2 1004.4 247.077 142.862
 80387.3 5281.18 5259.25 333.9 129.631
 71206.3 39227.6 2307.54 2297.97 202.534
 47432.6 20189.8 9910.77 582.995 631.745
 55475.7 11988.9 4555.51 2236.21 274.087
 93052.9 23768 4600.47 1748.07 963.268
 13026.9 18454.4 4210.58 814.99 480.323
 31238.9 3978.1 5061.09 1154.75 355.238
 26430.1 11876.3 1359.8 1729.99 516.145
 10162.3 7891.31 3187.54 364.964 602.852
 26089.2 4655.4 3253.58 1314.22 399.03
 25241.4 8541.03 1370.07 957.518 504.203
 8196.6 9055.14 2756.33 442.143 471.721
 8559.49 4000.54 3976.52 1210.43 401.318
 30561.2 2975.1 1248.93 1241.43 503.17
F
 0.0724388 0.0800883 0.0800883 0.0800883 0.0800883
 0.129005 0.142627 0.142627 0.142627 0.142627
 0.123696 0.136758 0.136758 0.136758 0.136758
 0.158819 0.17559 0.17559 0.17559 0.17559
 0.0488099 0.0539642 0.0539642 0.0539642 0.0539642
 0.0974202 0.107708 0.107708 0.107708 0.107708
 0.20059 0.221772 0.221772 0.221772 0.221772
 0.0304609 0.0336776 0.0336776 0.0336776 0.0336776
 0.122074 0.134965 0.134965 0.134965 0.134965
 0.162597 0.179767 0.179767 0.179767 0.179767
 0.0472381 0.0522264 0.0522264 0.0522264 0.0522264
 0.238875 0.2641 0.2641 0.2641 0.2641
 0.222615 0.246123 0.246123 0.246123 0.246123
 0.349793 0.386731 0.386731 0.386731 0.386731
 0.232824 0.25741 0.25741 0.25741 0.25741
 0.235242 0.260084 0.260084 0.260084 0.260084
 0.149948 0.165782 0.165782 0.165782 0.165782
 0.160706 0.177677 0.177677 0.177677 0.177677
 0.235691 0.26058 0.26058 0.26058 0.26058
 0.20745 0.229356 0.229356 0.229356 0.229356
 0.156448 0.172969 0.172969 0.172969 0.172969
 0.197588 0.218453 0.218453 0.218453 0.218453
 0.114038 0.126081 0.126081 0.126081 0.126081
 0.0956387 0.105738 0.105738 0.105738 0.105738
 0.0989224 0.109369 0.109369 0.109369 0.109369
 0.0798177 0.0882464 0.0882464 0.0882464 0.0882464
 0.0985416 0.108948 0.108948 0.108948 0.108948
 0.0874649 0.0967012 0.0967012 0.0967012 0.0967012
 0.0843998 0.0933124 0.0933124 0.0933124 0.0933124
 0.111994 0.12382 0.12382 0.12382 0.12382
 0.107342 0.118677 0.118677 0.118677 0.118677
YTP_r0W_actual
 253658 41948.9 34470.4 42456.8 18768.2
YTP_p0W_proyectada
 1.00458e+06 1.05751e+06 136527 72774.9 110545
 1.00458e+06 333162 210200 23344.5 12808.1
CTP_r0_actual
 30561.2 2975.1 1248.93 1241.43 503.17
CTP_p0_proyectada
 134123 67486.5 5902.58 2477.86 3267.67
 134123 21261.2 9087.75 794.843 378.602
Wmedp
 7.49 15.67 23.13 29.37 33.83
Frms_r0
 0.107342 0.118677 0.118677 0.118677 0.118677
Zrms_r0
 1.10734 1.11868 1.11868 1.11868 1.11868
nmprior
 8.19 8.8 8.5 0
nm_flota  nm_reclas  nm_pelaces    nm_pelaL
inf 11.0775 12.0144 25.3286
cv_recla  cv_pelaces  cv_mph
0.412787 0.508897 0.870481
 ------------------------------------------------
Talla a la edad & desviaci?n 
 8 13.2811 15.8009 17.003 17.5766
 0.8 1.32811 1.58009 1.7003 1.75766
