years
 1991 1992 1993 1994 1995 1996 1997 1998 1999 2000 2001 2002 2003 2004 2005 2006 2007 2008 2009 2010 2011 2012 2013 2014 2015 2016 2017 2018 2019 2020 2021
reclasobs
 0 0 0 0 0 0 0 0 0 252601 567819 844713 477998 351125 339783 2.1784e+06 2.13404e+06 4.81314e+06 1.55562e+06 2.62356e+06 3.21686e+06 3.843e+06 1.13348e+06 3.07943e+06 1.97215e+06 2.03268e+06 2.025e+06 2.42433e+06 2.27542e+06 1.05018e+06 2.36338e+06
reclaspred
 3.18566e+06 1.71157e+06 865964 872534 878152 1.73789e+06 906921 749871 517096 324819 501113 715966 705953 504865 476643 1.41669e+06 1.1569e+06 3.34325e+06 2.58828e+06 1.83311e+06 3.1486e+06 2.60029e+06 1.87862e+06 3.08114e+06 2.24582e+06 1.94725e+06 2.41128e+06 2.68425e+06 2.05643e+06 1.17516e+06 1.81365e+06
pelacesobs
 0 0 0 0 0 0 0 0 0 0 0 0 0 0 0 552880 188675 0 991730 2.46772e+06 1.41603e+06 1.21717e+06 2.29649e+06 1.80582e+06 0 1.4828e+06 1.56532e+06 1.57751e+06 1.42118e+06 867257 1.10002e+06
pelacespred
 1.84533e+06 1.06731e+06 514731 410703 471780 948880 436620 492736 297073 163883 282706 336100 370757 259721 251884 638642 571192 1.84779e+06 1.48676e+06 949126 1.65155e+06 1.40239e+06 1.09197e+06 1.9112e+06 1.37277e+06 1.20309e+06 1.6426e+06 1.80302e+06 1.22455e+06 760173 1.0976e+06
mphobs
 0 0 0 0 0 0 0 0 0 0 0 498337 0 5186 125008 0 168611 109162 213762 579715 649985 157893 87575 83554 0 0 0 0 0 0 0
mphpred
 493300 330282 154369 86141.1 90020.8 111879 172625 83485.1 73922.6 42298.9 24151.4 61430.7 66952.2 53650.4 30255.1 37868 156178 126088 336843 223843 230541 283873 274632 207941 314997 255357 203492 226676 337711 208820 110477
desembarqueobs
 494567 514787 250237 358949 120608 361735 552515 73892 212993 205616 52469 317467 293654 387597 252695 516296 358380 742168 942051 627588 828172 859565 418607 520667 417249 300574 415391 372974 316634 284311 391294
desembarquepred
 494562 514093 250494 358978 120612 361721 552466 73896.9 213046 205662 52471.2 317500 293652 387488 252639 516173 358400 741947 941610 627255 828227 859449 418583 520673 417208 300556 415361 372917 316593 284295 391283
Reclutas
 158142 88857.4 88398.3 120067 97284 205099 73189 28857.5 30205.1 41134.3 75256.2 118652 99033.3 69682.8 59704.8 325204 58788.5 541623 294468 236652 316521 448758 79775.9 245879 207239 88581 205872 234813 65380.8 47022.3 188618
log_desv_Rt
 0.274628 -0.301832 -0.307011 -0.00081726 -0.21123 0.534627 -0.495819 -1.4265 -1.38085 -1.07202 -0.467966 -0.0126734 -0.193408 -0.544912 -0.699452 0.995589 -0.714919 1.5057 0.896304 0.677728 0.968523 1.31762 -0.409644 0.715976 0.545006 -0.304948 0.538391 0.669926 -0.608636 -0.938243 0.450858
SSB
 1.54261e+06 1.03283e+06 482731 269373 281506 349858 539818 261068 231165 132274 75524.3 192101 209367 167771 94611.1 118418 488388 394292 1.05335e+06 699985 720929 887705 858805 650256 985033 798530 636343 708843 1.05606e+06 653003 345475
BT
 2.26896e+06 1.56972e+06 754126 729103 587359 1.34128e+06 930603 583724 522820 370450 355267 625289 664356 684407 531410 1.13307e+06 864797 2.7198e+06 2.46148e+06 1.54774e+06 2.46793e+06 2.27292e+06 1.47819e+06 2.57647e+06 1.80002e+06 1.51071e+06 2.20947e+06 2.32591e+06 1.48708e+06 1.04883e+06 1.58622e+06
Ftot
 0.268917 0.499831 0.493888 0.767007 0.260324 0.422736 0.993155 0.182736 0.747533 1.12579 0.228497 0.849196 0.789853 1.40177 1.07299 0.798319 0.542552 0.479297 0.667064 0.641036 0.511478 0.635283 0.389144 0.346133 0.342428 0.278964 0.347411 0.286184 0.260199 0.414043 0.453381
BD_Bspro_t
 0.958109 0.727205 0.494448 0.391742 0.377589 0.481575 0.5103 0.300995 0.347818 0.27327 0.224136 0.506856 0.390707 0.297955 0.18709 0.226228 0.425447 0.364147 0.532269 0.403243 0.365824 0.412382 0.43164 0.40192 0.536672 0.544202 0.545519 0.600682 0.671576 0.565893 0.454703
BD_Bspro
 1.79856 1.2042 0.562826 0.314068 0.328213 0.407907 0.629385 0.304384 0.26952 0.154221 0.0880554 0.223975 0.244106 0.195608 0.110309 0.138066 0.569422 0.459713 1.22812 0.816127 0.840547 1.03499 1.0013 0.758147 1.14847 0.931023 0.741926 0.826455 1.23128 0.76135 0.402796
BD_Bo
 1.15372 0.772457 0.361036 0.201465 0.210539 0.26166 0.403732 0.195253 0.172889 0.0989279 0.0564849 0.143673 0.156586 0.125477 0.07076 0.088565 0.365267 0.294892 0.787801 0.523521 0.539185 0.663918 0.642303 0.486329 0.736709 0.597223 0.475923 0.530146 0.789832 0.488383 0.258382
BD_Brms
 5.89734 3.94848 1.84547 1.02981 1.07619 1.3375 2.06371 0.998055 0.883736 0.505679 0.288728 0.734398 0.800406 0.641385 0.361696 0.452708 1.8671 1.50737 4.02691 2.67602 2.75609 3.39368 3.28319 2.48591 3.76576 3.05276 2.43272 2.70989 4.0373 2.49641 1.32074
Sel_flota
 0.659012 0.973489 0.998569 0.999925 0.999996
 0.659012 0.973489 0.998569 0.999925 0.999996
 0.659012 0.973489 0.998569 0.999925 0.999996
 0.659012 0.973489 0.998569 0.999925 0.999996
 0.659012 0.973489 0.998569 0.999925 0.999996
 0.659012 0.973489 0.998569 0.999925 0.999996
 0.659012 0.973489 0.998569 0.999925 0.999996
 0.659012 0.973489 0.998569 0.999925 0.999996
 0.659012 0.973489 0.998569 0.999925 0.999996
 0.659012 0.973489 0.998569 0.999925 0.999996
 0.659012 0.973489 0.998569 0.999925 0.999996
 0.659012 0.973489 0.998569 0.999925 0.999996
 0.659012 0.973489 0.998569 0.999925 0.999996
 0.659012 0.973489 0.998569 0.999925 0.999996
 0.659012 0.973489 0.998569 0.999925 0.999996
 0.659012 0.973489 0.998569 0.999925 0.999996
 0.659012 0.973489 0.998569 0.999925 0.999996
 0.659012 0.973489 0.998569 0.999925 0.999996
 0.659012 0.973489 0.998569 0.999925 0.999996
 0.659012 0.973489 0.998569 0.999925 0.999996
 0.659012 0.973489 0.998569 0.999925 0.999996
 0.659012 0.973489 0.998569 0.999925 0.999996
 0.659012 0.973489 0.998569 0.999925 0.999996
 0.659012 0.973489 0.998569 0.999925 0.999996
 0.659012 0.973489 0.998569 0.999925 0.999996
 0.659012 0.973489 0.998569 0.999925 0.999996
 0.659012 0.973489 0.998569 0.999925 0.999996
 0.659012 0.973489 0.998569 0.999925 0.999996
 0.659012 0.973489 0.998569 0.999925 0.999996
 0.659012 0.973489 0.998569 0.999925 0.999996
 0.659012 0.973489 0.998569 0.999925 0.999996
Sel_reclas
 1 1 1 1 1
 1 1 1 1 1
 1 1 1 1 1
 1 1 1 1 1
 1 1 1 1 1
 1 1 1 1 1
 1 1 1 1 1
 1 1 1 1 1
 1 1 1 1 1
 1 1 1 1 1
 1 1 1 1 1
 1 1 1 1 1
 1 1 1 1 1
 1 1 1 1 1
 1 1 1 1 1
 1 1 1 1 1
 1 1 1 1 1
 1 1 1 1 1
 1 1 1 1 1
 1 1 1 1 1
 1 1 1 1 1
 1 1 1 1 1
 1 1 1 1 1
 1 1 1 1 1
 1 1 1 1 1
 1 1 1 1 1
 1 1 1 1 1
 1 1 1 1 1
 1 1 1 1 1
 1 1 1 1 1
 1 1 1 1 1
Sel_pelaces
 0.853646 1 1 1 1
 0.853646 1 1 1 1
 0.853646 1 1 1 1
 0.853646 1 1 1 1
 0.853646 1 1 1 1
 0.853646 1 1 1 1
 0.853646 1 1 1 1
 0.853646 1 1 1 1
 0.853646 1 1 1 1
 0.853646 1 1 1 1
 0.853646 1 1 1 1
 0.853646 1 1 1 1
 0.853646 1 1 1 1
 0.853646 1 1 1 1
 0.853646 1 1 1 1
 0.853646 1 1 1 1
 0.853646 1 1 1 1
 0.853646 1 1 1 1
 0.853646 1 1 1 1
 0.853646 1 1 1 1
 0.853646 1 1 1 1
 0.853646 1 1 1 1
 0.853646 1 1 1 1
 0.853646 1 1 1 1
 0.853646 1 1 1 1
 0.853646 1 1 1 1
 0.853646 1 1 1 1
 0.853646 1 1 1 1
 0.853646 1 1 1 1
 0.853646 1 1 1 1
 0.853646 1 1 1 1
pf_obs 
 0.8446 0.082 0.0669 0.0065 0
 0.8095 0.147 0.0364 0.0071 0
 0.9664 0.0169 0.016 0.0007 0
 0.9276 0.0648 0.0075 0.0001 0
 0.7033 0.2144 0.0806 0.0017 0
 0.9318 0.0425 0.0243 0.0014 0
 0.5671 0.3108 0.0964 0.0239 0.0018
 0.0768 0.2599 0.5324 0.112 0.0189
 0.490249 0.384438 0.106611 0.0170017 0.00170017
 0.7925 0.1577 0.0466 0.003 0.0002
 0.840416 0.127587 0.0312969 0.00059994 9.999e-05
 0.8084 0.0986 0.0794 0.0134 0.0002
 0.7335 0.1905 0.0724 0.0035 0.0001
 0.4001 0.4547 0.1325 0.0127 0
 0.49795 0.308269 0.164784 0.0264974 0.00249975
 0.9179 0.0499 0.0305 0.0017 0
 0.2467 0.6533 0.0926 0.0074 0
 0.9418 0.0223 0.034 0.0019 0
 0.707729 0.231977 0.0356964 0.0245975 0
 0.517169 0.277429 0.184464 0.0207286 0.00020938
 0.811772 0.124168 0.05621 0.00726502 0.000585176
 0.764997 0.148141 0.077277 0.00933861 0.000247198
 0.163321 0.427699 0.378323 0.0303852 0.000271297
 0.753843 0.0900009 0.118128 0.0371064 0.000921714
 0.721811 0.176058 0.0630433 0.0369309 0.00215725
 0.143369 0.312575 0.442814 0.0836902 0.0175525
 0.692698 0.0596174 0.167031 0.0765114 0.00414204
 0.394062 0.376323 0.152708 0.0712218 0.00568511
 0.125707 0.32114 0.495352 0.0537591 0.00404204
 0.23352 0.215282 0.420074 0.123614 0.00750983
 0.796117 0.104755 0.0508955 0.0450114 0.00322123
pf_pred 
 0.510549 0.153277 0.312157 0.0240154 9.15884e-07
 0.447785 0.34137 0.0673286 0.133278 0.0102384
 0.605013 0.22388 0.107114 0.0204586 0.0435342
 0.729439 0.192764 0.0447206 0.0207197 0.0123565
 0.677053 0.265067 0.0416767 0.00932214 0.00688106
 0.787067 0.162235 0.041824 0.00639297 0.00248164
 0.453137 0.4672 0.061145 0.0152811 0.00323703
 0.459611 0.321614 0.188006 0.0236288 0.00714045
 0.571831 0.241202 0.112504 0.0640032 0.0104594
 0.763555 0.164522 0.0411755 0.0185163 0.0122311
 0.861688 0.118402 0.0140374 0.0033655 0.00250723
 0.770816 0.207303 0.0188071 0.00216832 0.000905758
 0.715304 0.242829 0.0380064 0.00331881 0.000541341
 0.67196 0.266185 0.0530461 0.0079979 0.000810675
 0.781813 0.174805 0.0355212 0.00674331 0.00111683
 0.950818 0.0426429 0.00528274 0.00102907 0.000227194
 0.368428 0.612972 0.0162067 0.00193442 0.000459091
 0.925602 0.0360169 0.0372862 0.000954011 0.000140645
 0.585808 0.394558 0.00966151 0.00968849 0.000283949
 0.634396 0.256119 0.10447 0.00247021 0.00254493
 0.747764 0.187158 0.0460583 0.0181503 0.000869664
 0.765236 0.19415 0.0303888 0.00724034 0.00298474
 0.305449 0.585466 0.0907499 0.0137252 0.00460956
 0.757177 0.0989457 0.121856 0.0183257 0.00369638
 0.628044 0.308881 0.0261567 0.0312753 0.00564314
 0.424797 0.416106 0.132792 0.0109187 0.0153865
 0.740375 0.137947 0.0887178 0.0275173 0.00544246
 0.690842 0.252547 0.030501 0.0190451 0.00706424
 0.33103 0.517742 0.124193 0.0145769 0.0124588
 0.415839 0.251533 0.25908 0.0604168 0.0131319
 0.844902 0.0824265 0.0318459 0.0318101 0.00901543
pobs_RECLAS
 0 0 0 0 0
 0 0 0 0 0
 0 0 0 0 0
 0 0 0 0 0
 0 0 0 0 0
 0 0 0 0 0
 0 0 0 0 0
 0 0 0 0 0
 0 0 0 0 0
 0 0 0 0 0
 0.991045 0.00858322 0.000360255 1.14367e-05 0
 0.934742 0.0480273 0.0164251 0.00080598 0
 0.827803 0.169806 0.00239088 0 0
 0.941827 0.0461693 0.0120037 0 0
 0.791401 0.0380133 0.147996 0.0225897 0
 0.846168 0.0940531 0.0597789 0 0
 0.134021 0.677848 0.182769 0.00536245 0
 0.80878 0.0450904 0.141981 0.00414843 0
 0.846168 0.0940531 0.0597789 0 0
 0.905697 0.0802665 0.012482 0.00150086 5.37128e-05
 0.989698 0.0102097 9.19794e-05 0 0
 0.975433 0.0193895 0.00387452 0.00125025 5.28907e-05
 0.303575 0.632131 0.0575291 0.00676475 0
 0.966965 0.00978017 0.0227588 0.000495775 0
 0.843318 0.132988 0.00938335 0.0141283 0.000182051
 0.564624 0.303363 0.111486 0.0197234 0.00080311
 0.826376 0.0876187 0.0782897 0.00655872 0.00115652
 0.89761 0.0855135 0.0140674 0.00269457 0.000114338
 0.34875 0.467042 0.161289 0.0227151 0.000203297
 0.318654 0.224769 0.449479 0.00709798 0
 0.937255 0.0296025 0.0250945 0.00804832 0
ppred_RECLAS
 0.6127 0.123483 0.244994 0.018822 7.17769e-07
 0.552048 0.279858 0.0537295 0.106206 0.0081581
 0.699715 0.172225 0.0802111 0.0152982 0.0325509
 0.805563 0.139668 0.0315041 0.0145744 0.00869094
 0.758263 0.199346 0.0305358 0.00682066 0.00503425
 0.847908 0.116616 0.0292731 0.00446815 0.00173433
 0.562455 0.375405 0.0477127 0.0119055 0.00252176
 0.560723 0.26419 0.150492 0.0188879 0.00570739
 0.673075 0.186466 0.0845701 0.0480396 0.00785005
 0.835493 0.115531 0.028058 0.0125971 0.00832045
 0.902931 0.0834086 0.00963484 0.00230677 0.00171837
 0.837775 0.147135 0.0129731 0.00149342 0.000623787
 0.793827 0.17658 0.0268682 0.00234266 0.000382088
 0.766107 0.190927 0.0368563 0.00554745 0.000562244
 0.84841 0.122169 0.0240974 0.00456736 0.000756383
 0.967352 0.028414 0.00342191 0.000665579 0.000146932
 0.467995 0.516747 0.0132971 0.00158483 0.000376096
 0.949879 0.0246013 0.0247933 0.000633456 9.338e-05
 0.682247 0.303093 0.00721943 0.00722891 0.000211847
 0.725936 0.19357 0.0768121 0.00181357 0.00186828
 0.817911 0.136058 0.0325915 0.0128249 0.000614454
 0.832141 0.139483 0.02124 0.00505313 0.00208293
 0.397926 0.509628 0.0769267 0.0116181 0.0039016
 0.825549 0.0722081 0.0866121 0.0130071 0.00262341
 0.717018 0.236069 0.0194706 0.023248 0.00419444
 0.525733 0.345578 0.107436 0.00882158 0.0124304
 0.811822 0.101238 0.0634138 0.0196412 0.0038844
 0.769961 0.188832 0.0222165 0.0138528 0.00513792
 0.4257 0.447102 0.104485 0.0122467 0.0104664
 0.519893 0.209905 0.210524 0.0490239 0.0106548
 0.892249 0.0580031 0.021818 0.0217624 0.0061673
pobs_PELACES
 0 0 0 0 0
 0 0 0 0 0
 0 0 0 0 0
 0 0 0 0 0
 0 0 0 0 0
 0 0 0 0 0
 0 0 0 0 0
 0 0 0 0 0
 0 0 0 0 0
 0 0 0 0 0
 0 0 0 0 0
 0 0 0 0 0
 0 0 0 0 0
 0 0 0 0 0
 0 0 0 0 0
 0 0 0 0 0
 0.505614 0.472636 0.0217494 0 0
 0 0 0 0 0
 0.443492 0.261883 0.143347 0.151278 0
 0.227955 0.32914 0.350689 0.0885471 0.00366901
 0.970185 0.0296113 0.000203453 0 0
 0.997202 0.00247181 0.000326279 0 0
 0.445219 0.490057 0.0546422 0.010081 0
 0.90214 0.0892962 0.00764917 0.000914606 0
 0 0 0 0 0
 0.581667 0.319106 0.0959925 0.00289975 0.000334073
 0.762889 0.0836404 0.116647 0.0363945 0.000428098
 0.88444 0.0763242 0.0277011 0.0115352 0
 0.521256 0.241999 0.230069 0.00667565 0
 0.616807 0.101726 0.260614 0.0208532 0
 0.833518 0.0704572 0.0857862 0.0102388 0
ppred_PELACES
 0.581727 0.133561 0.264401 0.0203105 7.74527e-07
 0.526024 0.296593 0.0567073 0.112067 0.00860822
 0.677157 0.185492 0.0860379 0.0164059 0.0349073
 0.793248 0.148785 0.0333482 0.0154222 0.00919636
 0.733478 0.219869 0.0336071 0.00750579 0.0055399
 0.83268 0.128398 0.0321179 0.00490145 0.0019025
 0.549125 0.387298 0.0488212 0.0121767 0.00257914
 0.526333 0.285046 0.162127 0.0203465 0.00614811
 0.655696 0.196911 0.0887566 0.0504008 0.00823574
 0.830122 0.119641 0.0287867 0.0129178 0.00853202
 0.890511 0.0941065 0.01085 0.00259744 0.00193489
 0.828113 0.156 0.0136585 0.00157172 0.000656479
 0.781225 0.187549 0.0283513 0.0024711 0.000403029
 0.764197 0.192898 0.0368072 0.00553659 0.000561126
 0.842511 0.127143 0.0248569 0.00470904 0.000779827
 0.964914 0.0305618 0.00365633 0.00071092 0.000156938
 0.442752 0.541336 0.0138674 0.00165241 0.000392127
 0.94456 0.0272671 0.0273711 0.000699169 0.000103066
 0.662703 0.321819 0.00762326 0.00763099 0.000223627
 0.707639 0.206815 0.0816338 0.00192686 0.00198496
 0.801895 0.148186 0.0353466 0.0139059 0.000666236
 0.818982 0.150553 0.0228054 0.00542402 0.00223578
 0.370174 0.533384 0.0802538 0.0121185 0.0040696
 0.80749 0.0798182 0.0954664 0.0143346 0.00289112
 0.691577 0.257417 0.0211713 0.0252748 0.00456007
 0.493592 0.369231 0.114525 0.00940246 0.0132488
 0.792664 0.111696 0.0697633 0.0216045 0.00427264
 0.746491 0.208188 0.0244358 0.0152347 0.00565042
 0.394086 0.471941 0.110052 0.0128978 0.0110227
 0.491574 0.222719 0.222612 0.0518294 0.0112644
 0.881271 0.0640269 0.0239937 0.0239276 0.00678085
pobs_pel_tallas
 0 0 0 0 0 0 0 0 0 0 0 0 0 0 0 0 0 0 0 0 0 0 0 0 0 0
 0 0 0 0 0 0 0 0 0 0 0 0 0 0 0 0 0 0 0 0 0 0 0 0 0 0
 0 0 0 0 0 0 0 0 0 0 0 0 0 0 0 0 0 0 0 0 0 0 0 0 0 0
 0 0 0 0 0 0 0 0 0 0 0 0 0 0 0 0 0 0 0 0 0 0 0 0 0 0
 0 0 0 0 0 0 0 0 0 0 0 0 0 0 0 0 0 0 0 0 0 0 0 0 0 0
 0 0 0 0 0 0 0 0 0 0 0 0 0 0 0 0 0 0 0 0 0 0 0 0 0 0
 0 0 0 0 0 0 0 0 0 0 0 0 0 0 0 0 0 0 0 0 0 0 0 0 0 0
 0 0 0 0 0 0 0 0 0 0 0 0 0 0 0 0 0 0 0 0 0 0 0 0 0 0
 0 0 0 0 0 0 0 0 0 0 0 0 0 0 0 0 0 0 0 0 0 0 0 0 0 0
 0 0 0 0 0 0 0 0 0 0 0 0 0 0 0 0 0 0 0 0 0 0 0 0 0 0
 0 0 0 0 0 0 0 0 0 0 0 0 0 0 0 0 0 0 0 0 0 0 0 0 0 0
 0 0 0 0 0 0 0 0 0 0 0 0 0 0 0 0 0 0 0 0 0 0 0 0 0 0
 0.00862536 0 0 0.000197151 0.00414017 0.0128641 0.00837892 0.0270097 0.101434 0.158115 0.152841 0.127902 0.109271 0.109419 0.0830992 0.0579132 0.0238553 0.00714673 0.00463305 0.00128148 0.00103504 0.000492878 0.000147863 0.000147863 4.92878e-05 0
 0 0 0 0 0 0 0 0 0 0 0 0 0 0 0 0 0 0 0 0 0 0 0 0 0 0
 0 0 0 0 0 0 0 0.0054083 0.00873648 0.0413646 0.0450493 0.0745869 0.0622846 0.0627006 0.0613931 0.0827291 0.12552 0.122667 0.0946155 0.0697135 0.0546179 0.0294188 0.0215738 0.0213955 0.0102223 0.00600262
 0 0 0 0 0.00359764 0.0251062 0.0480494 0.140153 0.205849 0.193036 0.1447 0.116669 0.0760912 0.0342217 0.00950174 0.001854 0.000860785 0 0 0 0.000165536 0 0.000143464 0 0 0
 0 0 0 0 0 0 0 0.000145254 0.000435761 0.0275982 0.070085 0.0708112 0.156366 0.174668 0.174014 0.160142 0.0824315 0.0480064 0.0283245 0.00493863 0.00203355 0 0 0 0 0
 0 0 0 0 0 0 0 0 0 0 0 0 0 0 0 0 0 0 0 0 0 0 0 0 0 0
 0 0 1.00437e-05 0.000401748 0.00122533 0.00171747 0.00176769 0.0269171 0.070346 0.194647 0.189555 0.159765 0.064822 0.0314167 0.0384472 0.0292271 0.0345202 0.0313363 0.0194345 0.0106764 0.0143323 0.0359363 0.0279516 0.0138201 0.00172751 0
 0 0.0021121 0.0136068 0.0755702 0.200478 0.177729 0.0527432 0.0373336 0.0318909 0.0142505 0.0149659 0.0166563 0.0217959 0.0798694 0.0677717 0.0528807 0.04013 0.0224614 0.0357745 0.0225083 0.00881397 0.00855152 0.00135912 0.000746735 0 0
 0 0 0 0 5.4009e-05 0.00500934 0.000945158 0.0243581 0.138947 0.33067 0.221406 0.137944 0.0707744 0.0437923 0.0131692 0.00525238 0.0047753 0.00276346 9.45158e-05 9.00151e-06 2.25038e-05 9.00151e-06 4.50075e-06 0 0 0
 0.000866109 0.00284123 0.00948549 0.0512746 0.133035 0.25785 0.225252 0.132002 0.0553304 0.0519788 0.0540692 0.017754 0.00435017 0.00159236 0.00146478 0.000404838 0.000125132 0.000115318 0.000107957 0.000100596 0 0 0 0 0 0
 0 0 0 0 0.00144013 0.00171154 0.00461396 0.0210425 0.0478622 0.0707936 0.0888783 0.103762 0.0637923 0.0337046 0.0602308 0.124433 0.169614 0.0934646 0.0462172 0.0250306 0.0313229 0.00938855 0.002487 0.000210481 0 0
 0 0.00764035 0.051015 0.0998891 0.058973 0.0496711 0.0374665 0.0718981 0.12319 0.153886 0.159021 0.0857701 0.0377988 0.023471 0.0147837 0.00900784 0.00315554 0.000888139 0.00291439 0.00214683 0.00393193 0.00274676 0.000635225 9.99891e-05 0 0
 0 0 0 0 0 0 0 0 0 0 0 0 0 0 0 0 0 0 0 0 0 0 0 0 0 0
 0 0 0 0 0 0 0 0 0 0 0 0 0 0 0 0 0 0 0 0 0 0 0 0 0 0
 0 0 0 0 0 0 0 0 0 0 0 0 0 0 0 0 0 0 0 0 0 0 0 0 0 0
 0 0 0 0 0 0 0 0 0 0 0 0 0 0 0 0 0 0 0 0 0 0 0 0 0 0
 0 0 0 0 0 0 0 0 0 0 0 0 0 0 0 0 0 0 0 0 0 0 0 0 0 0
 0 0 0 0 0 0 0 0 0 0 0 0 0 0 0 0 0 0 0 0 0 0 0 0 0 0
 0 0 0 0 0 0 0 0 0 0 0 0 0 0 0 0 0 0 0 0 0 0 0 0 0 0
ppred_pel_tallas
 1.09702e-16 4.79161e-05 0.000465761 0.00309515 0.0140701 0.0437774 0.0932729 0.136137 0.13615 0.0933378 0.0439966 0.0147082 0.00471528 0.00406345 0.00705881 0.0120577 0.0184425 0.025431 0.0321743 0.0381491 0.0432296 0.0473099 0.0498816 0.0500662 0.047156 0.0412051
 1.14408e-16 4.3328e-05 0.000421163 0.00279878 0.0127229 0.0395857 0.0843426 0.123106 0.123135 0.0844826 0.040056 0.0140821 0.00621425 0.00788934 0.0142644 0.0236182 0.0342816 0.0437071 0.0493739 0.0502429 0.0474122 0.043336 0.0402143 0.0388015 0.038362 0.0375056
 1.10083e-16 5.57765e-05 0.000542168 0.0036029 0.0163783 0.0509589 0.108574 0.158471 0.158489 0.108662 0.0512544 0.017233 0.0057536 0.00525422 0.00905543 0.0150161 0.021944 0.0282745 0.0324532 0.0337874 0.0328305 0.0309136 0.0292147 0.0281151 0.0272356 0.0259311
 1.04104e-16 6.53388e-05 0.000635117 0.00422058 0.0191861 0.0596953 0.127188 0.185637 0.185651 0.127258 0.059931 0.0198675 0.00593215 0.00437574 0.00718217 0.0118043 0.0170804 0.0216579 0.0242091 0.0241376 0.021928 0.0187931 0.0159082 0.0138328 0.0124613 0.0113626
 1.02717e-16 6.04156e-05 0.000587262 0.00390256 0.0177405 0.0551974 0.117605 0.171652 0.171673 0.117708 0.0555451 0.0187451 0.00642443 0.00609332 0.0105198 0.0173021 0.0249336 0.0313874 0.0346385 0.0337541 0.029442 0.0235575 0.01798 0.0137374 0.0108818 0.00893241
 1.01774e-16 6.85868e-05 0.000666688 0.00443038 0.0201399 0.0626626 0.13351 0.194864 0.194877 0.13357 0.0628661 0.0207279 0.00590751 0.00389475 0.00620944 0.0101834 0.0147244 0.0186439 0.0207745 0.0205704 0.018413 0.0153205 0.0123068 0.00990025 0.00810316 0.00666487
 1.03166e-16 4.52308e-05 0.000439659 0.00292169 0.0132816 0.0413242 0.088047 0.128515 0.128552 0.0882294 0.0419365 0.0150499 0.00735975 0.0101264 0.0184375 0.0303971 0.0437548 0.0549612 0.060424 0.0584809 0.0503836 0.0394388 0.0290289 0.0210527 0.0156837 0.012128
 1.07833e-16 4.33534e-05 0.00042141 0.00280042 0.0127303 0.0396089 0.084392 0.123178 0.123206 0.0845273 0.0400637 0.0140463 0.00611302 0.00768351 0.0139253 0.0231869 0.0339427 0.0438196 0.0503869 0.052464 0.0507047 0.0469166 0.0427268 0.0387194 0.0345766 0.0298158
 1.0906e-16 5.40089e-05 0.000524985 0.00348871 0.0158592 0.049344 0.105133 0.153449 0.153468 0.105227 0.0496577 0.0167668 0.00577239 0.00552895 0.00961301 0.0159543 0.0233286 0.0300877 0.034591 0.0361074 0.0352127 0.033282 0.0315 0.0301932 0.0289035 0.0269531
 1.03601e-16 6.83761e-05 0.00066464 0.00441677 0.020078 0.0624701 0.1331 0.194265 0.194277 0.133156 0.0626598 0.0206261 0.0057939 0.00367491 0.00579736 0.00950798 0.013767 0.0174795 0.0195825 0.0196005 0.0179221 0.0155147 0.013309 0.0117372 0.0106977 0.00983364
 1.00926e-16 7.33502e-05 0.00071299 0.00473807 0.0215386 0.0670146 0.142782 0.208396 0.208406 0.142826 0.0671634 0.0219681 0.00581612 0.00306578 0.00454001 0.00738499 0.0106209 0.0133344 0.014649 0.0141628 0.0121848 0.00952607 0.007016 0.00511986 0.00387673 0.00308298
 1.00703e-16 6.82106e-05 0.000663031 0.00440608 0.0200294 0.062319 0.132778 0.193796 0.193811 0.132851 0.0625653 0.0207409 0.00619122 0.00455764 0.00745772 0.0122025 0.0175274 0.0219471 0.0239959 0.0229958 0.0194586 0.0147456 0.0102674 0.00684333 0.00458683 0.00319535
 1.01183e-16 6.43485e-05 0.000625491 0.00415661 0.0188953 0.0587905 0.12526 0.182824 0.182843 0.125348 0.0590871 0.019752 0.00630705 0.00532 0.00898016 0.014744 0.0212316 0.0266932 0.0293858 0.0284956 0.0246098 0.0193042 0.0141945 0.0101942 0.00740614 0.00548693
 1.01762e-16 6.2946e-05 0.000611857 0.00406601 0.0184835 0.0575091 0.12253 0.17884 0.178858 0.122621 0.0578144 0.0193656 0.00628079 0.00544893 0.00925573 0.0152182 0.0219532 0.0276819 0.0306287 0.0299637 0.0262783 0.0211552 0.0161981 0.0122847 0.00947733 0.00741283
 1.01355e-16 6.93965e-05 0.000674559 0.00448268 0.0203776 0.0634025 0.135086 0.197165 0.197177 0.135146 0.0636037 0.0209591 0.00594283 0.00386376 0.00613119 0.010039 0.0144843 0.018275 0.0202428 0.0198438 0.0174691 0.0141598 0.0109662 0.0084562 0.00665871 0.005324
 1.00212e-16 7.94787e-05 0.000772561 0.00513394 0.0233382 0.0726137 0.154711 0.225806 0.225809 0.154726 0.072662 0.0234777 0.00548405 0.00153667 0.00153008 0.00240219 0.00344901 0.00432906 0.00475344 0.00459011 0.00393776 0.0030582 0.00222029 0.00157653 0.0011433 0.000859864
 1.00771e-16 3.6469e-05 0.000354492 0.00235573 0.0107088 0.0333194 0.0709924 0.103626 0.103679 0.0712468 0.0341733 0.0131737 0.00853794 0.0138335 0.025586 0.0421108 0.0603526 0.0752495 0.0816685 0.0772424 0.0638152 0.0462755 0.0297492 0.0173027 0.0094583 0.00515159
 1.00885e-16 7.78021e-05 0.000756264 0.00502564 0.0228458 0.0710819 0.151448 0.221043 0.221045 0.151461 0.0711258 0.022973 0.0053466 0.00146262 0.00143592 0.00229385 0.00339666 0.00447776 0.00531442 0.00579063 0.0059378 0.00586817 0.00566231 0.00531513 0.00477752 0.00403784
 1.01106e-16 5.4586e-05 0.000530596 0.003526 0.0160287 0.0498714 0.106257 0.155092 0.155123 0.106409 0.050379 0.0174942 0.00720166 0.00854499 0.0152472 0.0250465 0.0359031 0.0447889 0.048662 0.0461289 0.0382983 0.0280799 0.0185081 0.0113728 0.00693625 0.00451547
 1.02938e-16 5.82873e-05 0.000566574 0.00376508 0.0171155 0.0532529 0.113462 0.165605 0.165625 0.113559 0.0535816 0.0180659 0.00615439 0.00579478 0.0100235 0.0165716 0.0240806 0.0307228 0.0346519 0.0349761 0.032227 0.0278917 0.0234214 0.0195286 0.0161902 0.0131091
 1.02566e-16 6.60511e-05 0.00064204 0.00426658 0.0193953 0.060346 0.128574 0.187661 0.187675 0.128644 0.0605808 0.020074 0.00597143 0.00436792 0.00715457 0.0117561 0.0170058 0.0215488 0.0240486 0.0238892 0.0215248 0.0181366 0.0148853 0.0123498 0.0104852 0.00895176
 1.01619e-16 6.74585e-05 0.00065572 0.00435749 0.0198085 0.0616318 0.131314 0.191659 0.191674 0.131385 0.0618699 0.0204964 0.00608418 0.00442553 0.00722832 0.0118465 0.0170668 0.0214787 0.0236916 0.023064 0.0200774 0.0160004 0.0121207 0.00914653 0.00712201 0.00572929
 1.04357e-16 3.04908e-05 0.000296382 0.00196956 0.00895338 0.0278576 0.0593554 0.0866417 0.0866931 0.0596066 0.0287011 0.0113899 0.00808587 0.013649 0.0253913 0.0419327 0.0604103 0.0759793 0.0837056 0.0812923 0.0704262 0.0555965 0.0413874 0.0303619 0.0227564 0.0175301
 1.04703e-16 6.65119e-05 0.000646519 0.00429635 0.0195306 0.0607669 0.129471 0.188968 0.188976 0.129509 0.0608959 0.019905 0.00524264 0.00273381 0.0040938 0.00682745 0.0102133 0.0136464 0.0165344 0.0185712 0.0198392 0.0205954 0.0209429 0.0207013 0.0195772 0.0174502
 1.03984e-16 5.69643e-05 0.000553713 0.00367962 0.016727 0.0520442 0.110886 0.161847 0.161872 0.111008 0.0524509 0.0179016 0.00662711 0.00698586 0.0122666 0.020174 0.0290246 0.0364429 0.0400599 0.0388129 0.0335953 0.0266682 0.0203101 0.0157455 0.0129714 0.0112883
 1.06585e-16 4.06566e-05 0.000395197 0.00262622 0.0119385 0.0371451 0.079143 0.115519 0.115555 0.0793174 0.037731 0.013632 0.00688186 0.0097007 0.0177586 0.0294116 0.0426376 0.054186 0.060746 0.0607576 0.0552777 0.0471364 0.0391148 0.0326048 0.0275397 0.0232038
 1.04932e-16 6.52907e-05 0.000634649 0.00421746 0.019172 0.0596512 0.127094 0.185499 0.18551 0.127147 0.0598297 0.0196888 0.0055191 0.00349087 0.00553323 0.00915838 0.0134551 0.0174861 0.0203337 0.0215686 0.0214594 0.0206873 0.0198139 0.0189507 0.017842 0.0161928
 1.03243e-16 6.14875e-05 0.000597681 0.0039718 0.0180552 0.0561767 0.119691 0.174697 0.174717 0.119789 0.0565058 0.0190058 0.00635783 0.00580604 0.00995227 0.0163543 0.0235517 0.0296195 0.032645 0.0317627 0.0276744 0.0221751 0.0170725 0.013337 0.0109734 0.00944991
 1.06456e-16 3.24604e-05 0.000315527 0.00209679 0.00953173 0.029657 0.063189 0.0922358 0.0922813 0.0634117 0.0304047 0.0116922 0.00752304 0.0121717 0.0225806 0.0373597 0.0540026 0.068299 0.075957 0.0749685 0.0667564 0.05511 0.0438218 0.0348967 0.0283766 0.0233281
 1.13586e-16 4.04904e-05 0.000393581 0.00261549 0.0118896 0.0369932 0.0788187 0.115043 0.115064 0.0789252 0.0373519 0.0129298 0.00524164 0.00617705 0.011173 0.0187966 0.0279858 0.0371086 0.0444839 0.049287 0.0518784 0.0532019 0.0538037 0.0533614 0.0510614 0.0463747
 1.04256e-16 7.25891e-05 0.000705592 0.00468891 0.0213151 0.0663192 0.1413 0.206233 0.206239 0.141331 0.0664211 0.0216099 0.00543065 0.00233054 0.00317589 0.005182 0.00757074 0.00976767 0.0112498 0.0118042 0.011652 0.011273 0.011065 0.0111084 0.0111838 0.0109701
pSPR Fmed_Fpbrs
0.458163   0.245634 0.245634
Fs Fmed_Fpbrs
0.495669   1.005 1.005
SSBpbr Bo_Bmed_Bpbrs
1.33707e+06  545742  261576 261576
Ro
120165
SPR SPRFo_SPRFmed_SPRFpbrs
857691 392962 210678
Fref
1.005
Nvult_r0
 137151 10052.1 3816.01 3808.16 1079.23
CTP_r0
 31551.4 3078.07 1189.23 1187.89 336.665
YTP_r0
391283
Np
 148218 28117.1 7117.68 420.143 178.06
Nvult_p0
 120101 24228.6 6157.83 363.562 154.082
CTP_p0
 47851.4 21932 1350.09 505.411 621.813
 47851.4 11981.8 3084.39 182.227 77.2331
YTP_p0
 769189 625468
CBA_c0
726073
log_Ro
11.5166
likeval ReclasPelacesDesembMPH_pf_preclas_ppelaces_ptallas_desvR_qrecl_qpela
 11.9228 16.8209 0.0194257 0.000827468 241.88 116.555 100.407 0 24.9168 1.3279e-05 3.6438e-05 0.0828942 0 0 0
q_reclas_q_pelaces
1.67594 2.36032
M
1
N
 158142 33248.4 66188.6 5085.96 0.193953
 88857.4 48728.9 9414.2 18615.1 1429.93
 88398.3 23515 11019.8 2102.45 4473.57
 120067 23485.3 5348.65 2475.67 1476.32
 97284 26644.4 4094.74 914.785 675.198
 205099 30146.8 7607.68 1161.54 450.864
 73189 57105.7 7348.89 1834.97 388.686
 28857.5 13992.8 7989.1 1002.82 303.025
 30205.1 9411.61 4308.77 2448.81 400.166
 41134.3 6789.51 1672.35 751.405 496.325
 75256.2 7206.13 834.796 199.897 148.91
 118652 23815 2122.28 244.451 102.108
 99033.3 24942.2 3832.94 334.376 54.5384
 69682.8 21648.4 4253.1 640.767 64.9461
 59704.8 10177.4 2034.65 385.922 63.9136
 325204 10829.8 1317.36 256.371 56.5975
 58788.5 70693.3 1831.52 218.373 51.823
 541623 15125.7 15335.7 391.946 57.7792
 294468 145286 3489.67 3495.83 102.45
 236652 69795.3 27919.6 659.481 679.391
 316521 57062.2 13756.7 5415.19 259.452
 448758 83122.7 12758.8 3036.72 1251.78
 79775.9 108617 16475.5 2488.92 835.846
 245879 22709.2 27357.7 4109.45 828.846
 207239 72005 5964.43 7123.22 1285.19
 88581 60837.5 18980 1558.74 2196.42
 205872 27114.7 17058.3 5284.72 1045.16
 234813 60238.2 7112.65 4435.87 1645.25
 65380.8 71535.4 16772 1966.2 1680.38
 47022.3 20262.2 20427.7 4758.27 1034.17
 188618 13167.6 4981.28 4970.1 1408.51
pred_Ctot
 16471.1 4944.98 10070.7 774.777 0.0295479
 16190.4 12342.8 2434.37 4818.9 370.187
 15939.7 5898.37 2822.03 539.004 1146.95
 31366.9 8289.15 1923.05 890.978 531.347
 9831.22 3848.94 605.172 135.363 99.9172
 32245.8 6646.68 1713.51 261.917 101.672
 23417.3 24144.1 3159.87 789.703 167.284
 2090.08 1462.54 854.954 107.452 32.4712
 7728.17 3259.79 1520.47 864.988 141.357
 14450.6 3113.65 779.266 350.429 231.479
 6732.37 925.077 109.675 26.2947 19.589
 33625 9043.08 820.415 94.5878 39.5115
 26491.3 8993.16 1407.56 122.912 20.0485
 28574 11319.1 2255.69 340.097 34.4726
 20244.8 4526.52 919.808 174.616 28.9198
 87739 3934.97 487.478 94.9603 20.9649
 11499.8 19132.8 505.862 60.3794 14.3297
 95137.4 3701.97 3832.44 98.0574 14.4561
 68606.9 46208.7 1131.51 1134.67 33.2547
 53336.1 21533 8783.18 207.68 213.962
 58838.6 14726.7 3624.15 1428.18 68.4305
 100379 25467.3 3986.21 949.742 391.519
 11647.7 22325.6 3460.57 523.384 175.777
 32295.1 4220.23 5197.39 781.627 157.658
 26954.8 13256.7 1122.61 1342.29 242.196
 9545.21 9349.91 2983.83 245.344 345.736
 27131 5055.08 3251.06 1008.37 199.439
 25907.9 9470.99 1143.84 714.228 264.922
 6604.23 10329.2 2477.71 290.818 248.559
 7257.33 4389.82 4521.53 1054.41 229.182
 31551.4 3078.07 1189.23 1187.89 336.665
F
 0.17722 0.261788 0.268533 0.268897 0.268916
 0.329395 0.48658 0.499116 0.499794 0.499829
 0.325478 0.480794 0.493181 0.49385 0.493886
 0.505467 0.746673 0.765909 0.766949 0.767004
 0.171557 0.253423 0.259951 0.260304 0.260323
 0.278588 0.411529 0.422131 0.422704 0.422734
 0.654501 0.966826 0.991734 0.993081 0.993151
 0.120425 0.177892 0.182475 0.182722 0.182735
 0.492633 0.727715 0.746463 0.747477 0.74753
 0.741911 1.09595 1.12418 1.12571 1.12579
 0.150583 0.22244 0.22817 0.22848 0.228496
 0.559631 0.826683 0.847981 0.849132 0.849193
 0.520523 0.768914 0.788723 0.789794 0.78985
 0.923785 1.36461 1.39977 1.40167 1.40177
 0.707111 1.04454 1.07145 1.07291 1.07298
 0.526102 0.777155 0.797177 0.798259 0.798316
 0.357549 0.528169 0.541776 0.542512 0.54255
 0.315862 0.466591 0.478611 0.479261 0.479295
 0.439603 0.64938 0.666109 0.667014 0.667061
 0.42245 0.624042 0.640119 0.640988 0.641034
 0.33707 0.497918 0.510746 0.511439 0.511476
 0.418659 0.618441 0.634373 0.635235 0.63528
 0.256451 0.378828 0.388587 0.389115 0.389143
 0.228106 0.336957 0.345638 0.346107 0.346132
 0.225664 0.33335 0.341938 0.342402 0.342427
 0.183841 0.271569 0.278565 0.278943 0.278963
 0.228948 0.338201 0.346914 0.347385 0.34741
 0.188599 0.278597 0.285775 0.286163 0.286183
 0.171474 0.253301 0.259827 0.260179 0.260198
 0.27286 0.403067 0.413451 0.414012 0.414042
 0.298783 0.441361 0.452732 0.453347 0.453379
YTP_r0W_actual
 261876 43400.8 32822.7 40625.9 12557.6
YTP_p0W_proyectada
 358407 343675 31227.6 14843.9 21035.9
 358407 187754 71342 5352.02 2612.8
CTP_r0_actual
 31551.4 3078.07 1189.23 1187.89 336.665
CTP_p0_proyectada
 47851.4 21932 1350.09 505.411 621.813
 47851.4 11981.8 3084.39 182.227 77.2331
Wmedp
 7.49 15.67 23.13 29.37 33.83
Frms_r0
 0.298783 0.441361 0.452732 0.453347 0.453379
Zrms_r0
 1.29878 1.44136 1.45273 1.45335 1.45338
nmprior
 8.19 8.8 8.5 0
nm_flota  nm_reclas  nm_pelaces    nm_pelaL
inf 15.9609 16.4216 38.0224
cv_recla  cv_pelaces  cv_mph
0.31233 0.465046 0.88773
 ------------------------------------------------
Talla a la edad & desviaci?n 
 8 13.2811 15.8009 17.003 17.5766
 0.8 1.32811 1.58009 1.7003 1.75766
