years
 1991 1992 1993 1994 1995 1996 1997 1998 1999 2000 2001 2002 2003 2004 2005 2006 2007 2008 2009 2010 2011 2012 2013 2014 2015 2016 2017 2018 2019 2020 2021
reclasobs
 0 0 0 0 0 0 0 0 0 252601 567819 844713 477998 351125 339783 2.1784e+06 2.13404e+06 4.81314e+06 1.55562e+06 2.62356e+06 3.21686e+06 3.843e+06 1.13348e+06 3.07943e+06 1.97215e+06 2.03268e+06 2.025e+06 2.42433e+06 2.27542e+06 1.05018e+06 2.36338e+06
reclaspred
 3.18503e+06 1.778e+06 897950 863029 839244 1.35169e+06 824807 723131 531243 389641 479699 630267 621787 480572 485135 1.32781e+06 1.27783e+06 2.91343e+06 2.39987e+06 1.77735e+06 3.14856e+06 2.55774e+06 2.01512e+06 3.1063e+06 2.3226e+06 2.0458e+06 2.44657e+06 2.61856e+06 2.13734e+06 1.33821e+06 1.91477e+06
pelacesobs
 0 0 0 0 0 0 0 0 0 0 0 0 0 0 0 552880 188675 0 991730 2.46772e+06 1.41603e+06 1.21717e+06 2.29649e+06 1.80582e+06 0 1.4828e+06 1.56532e+06 1.57751e+06 1.42118e+06 867257 1.10002e+06
pelacespred
 1.60959e+06 997732 502976 394199 402475 667522 370171 410091 286620 198626 255028 280437 304879 247342 257113 587964 567620 1.49384e+06 1.2685e+06 871602 1.49783e+06 1.31602e+06 1.03588e+06 1.74921e+06 1.26045e+06 1.10714e+06 1.50801e+06 1.59088e+06 1.07035e+06 761834 1.08733e+06
mphobs
 0 0 0 0 0 0 0 0 0 0 0 498337 0 5186 125008 0 168611 109162 213762 579715 649985 157893 87575 83554 0 0 0 0 0 0 0
mphpred
 3.05379e+06 2.03976e+06 1.01093e+06 550071 571228 636929 847462 505994 450947 309557 206896 361134 392179 330692 220838 280922 972278 917636 1.83796e+06 1.38445e+06 1.47085e+06 1.82292e+06 1.73061e+06 1.41563e+06 1.97317e+06 1.6191e+06 1.32696e+06 1.42879e+06 2.00932e+06 1.36023e+06 819862
desembarqueobs
 494567 514787 250237 358949 120608 361735 552515 73892 212993 205616 52469 317467 293654 387597 252695 516296 358380 742168 942051 627588 828172 859565 418607 520667 417249 300574 415391 372974 316634 284311 391294
desembarquepred
 494573 513616 250778 358981 120613 361745 552544 73896.3 213040 205658 52471.5 317528 293700 387620 252685 516249 358400 742062 941826 627440 828228 859565 418612 520688 417245 300572 415386 372955 316625 284316 391295
Reclutas
 194210 108985 109066 169019 135571 243034 98666.5 43874.1 43194 58601 110343 146844 121984 85180.4 84377.7 474115 97642.7 726370 417401 319278 475373 634721 129532 390608 326452 146309 333708 375486 107182 79138.2 310068
log_desv_Rt
 0.119063 -0.458665 -0.457919 -0.0198636 -0.240381 0.343325 -0.558129 -1.36855 -1.38417 -1.07912 -0.446279 -0.160507 -0.345982 -0.705103 -0.714571 1.01158 -0.56856 1.43819 0.884173 0.616186 1.01423 1.30331 -0.285948 0.817829 0.638407 -0.164157 0.660391 0.778347 -0.475346 -0.778679 0.586916
SSB
 3.05379e+06 2.03976e+06 1.01093e+06 550071 571228 636929 847462 505994 450947 309557 206896 361134 392179 330692 220838 280922 972278 917636 1.83796e+06 1.38445e+06 1.47085e+06 1.82292e+06 1.73061e+06 1.41563e+06 1.97317e+06 1.6191e+06 1.32696e+06 1.42879e+06 2.00932e+06 1.36023e+06 819862
BT
 4.1302e+06 2.80871e+06 1.40877e+06 1.21091e+06 1.02386e+06 1.8485e+06 1.34808e+06 1.01095e+06 872463 656110 633321 912315 969632 973543 846504 1.77377e+06 1.58862e+06 4.10011e+06 3.83041e+06 2.57452e+06 4.1263e+06 3.83772e+06 2.75337e+06 4.51821e+06 3.29222e+06 2.81947e+06 3.90183e+06 4.04304e+06 2.72954e+06 2.03349e+06 2.88559e+06
Ftot
 0.138749 0.253206 0.247578 0.388874 0.134554 0.25965 0.581923 0.0953455 0.370003 0.482215 0.110378 0.472832 0.441261 0.740812 0.509625 0.399409 0.253894 0.256625 0.363482 0.328969 0.25163 0.318113 0.187553 0.165499 0.166762 0.135327 0.166538 0.141256 0.13123 0.190767 0.204842
BD_Bspro_t
 0.978045 0.84133 0.677966 0.586036 0.566323 0.64006 0.631429 0.457422 0.514766 0.471012 0.441075 0.662511 0.548604 0.458738 0.350008 0.408616 0.59698 0.570113 0.668629 0.572995 0.542851 0.592431 0.60819 0.599274 0.703143 0.710665 0.71704 0.752962 0.796595 0.732068 0.663124
BD_Bspro
 2.48155 1.65754 0.821492 0.446996 0.464188 0.517578 0.688659 0.411178 0.366446 0.251551 0.168126 0.293463 0.31869 0.268725 0.179456 0.228281 0.790087 0.745684 1.49356 1.12502 1.19524 1.48133 1.40632 1.15036 1.60343 1.3157 1.0783 1.16105 1.6328 1.10534 0.666232
BD_Bo
 1.62683 1.08663 0.538544 0.293036 0.304307 0.339307 0.451463 0.269555 0.24023 0.164909 0.110218 0.192385 0.208923 0.176168 0.117646 0.149654 0.517956 0.488847 0.979128 0.737529 0.783559 0.971112 0.921937 0.754139 1.05116 0.862531 0.706902 0.761148 1.07041 0.724626 0.43676
BD_Brms
 9.91372 6.62183 3.28184 1.78574 1.85442 2.06771 2.75117 1.64264 1.46394 1.00494 0.67166 1.17238 1.27316 1.07355 0.716922 0.911976 3.15637 2.97899 5.96671 4.49443 4.77493 5.91787 5.6182 4.59565 6.40565 5.25619 4.3078 4.63837 6.52299 4.41581 2.66158
Sel_flota
 0.785876 1 1 1 1
 0.785876 1 1 1 1
 0.785876 1 1 1 1
 0.785876 1 1 1 1
 0.785876 1 1 1 1
 0.785876 1 1 1 1
 0.785876 1 1 1 1
 0.785876 1 1 1 1
 0.785876 1 1 1 1
 0.785876 1 1 1 1
 0.785876 1 1 1 1
 0.785876 1 1 1 1
 0.785876 1 1 1 1
 0.785876 1 1 1 1
 0.785876 1 1 1 1
 0.785876 1 1 1 1
 0.785876 1 1 1 1
 0.785876 1 1 1 1
 0.785876 1 1 1 1
 0.785876 1 1 1 1
 0.785876 1 1 1 1
 0.785876 1 1 1 1
 0.785876 1 1 1 1
 0.785876 1 1 1 1
 0.785876 1 1 1 1
 0.785876 1 1 1 1
 0.785876 1 1 1 1
 0.785876 1 1 1 1
 0.785876 1 1 1 1
 0.785876 1 1 1 1
 0.785876 1 1 1 1
Sel_reclas
 1 1 1 1 1
 1 1 1 1 1
 1 1 1 1 1
 1 1 1 1 1
 1 1 1 1 1
 1 1 1 1 1
 1 1 1 1 1
 1 1 1 1 1
 1 1 1 1 1
 1 1 1 1 1
 1 1 1 1 1
 1 1 1 1 1
 1 1 1 1 1
 1 1 1 1 1
 1 1 1 1 1
 1 1 1 1 1
 1 1 1 1 1
 1 1 1 1 1
 1 1 1 1 1
 1 1 1 1 1
 1 1 1 1 1
 1 1 1 1 1
 1 1 1 1 1
 1 1 1 1 1
 1 1 1 1 1
 1 1 1 1 1
 1 1 1 1 1
 1 1 1 1 1
 1 1 1 1 1
 1 1 1 1 1
 1 1 1 1 1
Sel_pelaces
 1 1 1 1 1
 1 1 1 1 1
 1 1 1 1 1
 1 1 1 1 1
 1 1 1 1 1
 1 1 1 1 1
 1 1 1 1 1
 1 1 1 1 1
 1 1 1 1 1
 1 1 1 1 1
 1 1 1 1 1
 1 1 1 1 1
 1 1 1 1 1
 1 1 1 1 1
 1 1 1 1 1
 1 1 1 1 1
 1 1 1 1 1
 1 1 1 1 1
 1 1 1 1 1
 1 1 1 1 1
 1 1 1 1 1
 1 1 1 1 1
 1 1 1 1 1
 1 1 1 1 1
 1 1 1 1 1
 1 1 1 1 1
 1 1 1 1 1
 1 1 1 1 1
 1 1 1 1 1
 1 1 1 1 1
 1 1 1 1 1
pf_obs 
 0.8446 0.082 0.0669 0.0065 0
 0.8095 0.147 0.0364 0.0071 0
 0.9664 0.0169 0.016 0.0007 0
 0.9276 0.0648 0.0075 0.0001 0
 0.7033 0.2144 0.0806 0.0017 0
 0.9318 0.0425 0.0243 0.0014 0
 0.5671 0.3108 0.0964 0.0239 0.0018
 0.0768 0.2599 0.5324 0.112 0.0189
 0.490249 0.384438 0.106611 0.0170017 0.00170017
 0.7925 0.1577 0.0466 0.003 0.0002
 0.840416 0.127587 0.0312969 0.00059994 9.999e-05
 0.8084 0.0986 0.0794 0.0134 0.0002
 0.7335 0.1905 0.0724 0.0035 0.0001
 0.4001 0.4547 0.1325 0.0127 0
 0.49795 0.308269 0.164784 0.0264974 0.00249975
 0.9179 0.0499 0.0305 0.0017 0
 0.2467 0.6533 0.0926 0.0074 0
 0.9418 0.0223 0.034 0.0019 0
 0.707729 0.231977 0.0356964 0.0245975 0
 0.517169 0.277429 0.184464 0.0207286 0.00020938
 0.811772 0.124168 0.05621 0.00726502 0.000585176
 0.764997 0.148141 0.077277 0.00933861 0.000247198
 0.163321 0.427699 0.378323 0.0303852 0.000271297
 0.753843 0.0900009 0.118128 0.0371064 0.000921714
 0.721811 0.176058 0.0630433 0.0369309 0.00215725
 0.143369 0.312575 0.442814 0.0836902 0.0175525
 0.692698 0.0596174 0.167031 0.0765114 0.00414204
 0.394062 0.376323 0.152708 0.0712218 0.00568511
 0.125707 0.32114 0.495352 0.0537591 0.00404204
 0.23352 0.215282 0.420074 0.123614 0.00750983
 0.796117 0.104755 0.0508955 0.0450114 0.00322123
pf_pred 
 0.445831 0.127804 0.401448 0.0249162 8.08994e-07
 0.410767 0.300656 0.0665525 0.209049 0.0129752
 0.56027 0.210271 0.117081 0.0259168 0.0864605
 0.722275 0.173849 0.0496718 0.0276578 0.0265466
 0.646435 0.27467 0.0493867 0.0141107 0.0153983
 0.753666 0.173162 0.0568448 0.0102209 0.0061071
 0.471743 0.423136 0.0738951 0.024258 0.00696783
 0.454771 0.300502 0.196027 0.0342336 0.0144661
 0.54771 0.234233 0.120181 0.0783982 0.0194767
 0.713637 0.176936 0.0566705 0.0290768 0.0236799
 0.820731 0.138331 0.0252941 0.0081014 0.00754189
 0.733838 0.227629 0.0297336 0.00543685 0.00336245
 0.677968 0.254001 0.0581821 0.00759991 0.0022491
 0.62321 0.27863 0.0774233 0.0177348 0.00300213
 0.734196 0.185906 0.0590839 0.0164177 0.00439729
 0.936029 0.0505305 0.00940025 0.00298755 0.0010525
 0.369312 0.600095 0.0241653 0.00449549 0.00193208
 0.896118 0.0451853 0.0558492 0.002249 0.000598197
 0.587295 0.379273 0.0145419 0.0179738 0.000916304
 0.594209 0.265786 0.128663 0.00493314 0.00640823
 0.735408 0.17473 0.0588584 0.0284925 0.00251155
 0.737084 0.206409 0.0373157 0.0125699 0.0066213
 0.309554 0.544079 0.114909 0.0207738 0.0106839
 0.736359 0.0972322 0.131132 0.027695 0.00758183
 0.617947 0.299529 0.0304353 0.0410465 0.0110423
 0.428065 0.387573 0.14454 0.0146868 0.0251358
 0.73014 0.132795 0.0928827 0.0346394 0.00954359
 0.683509 0.246416 0.0344829 0.0241189 0.011473
 0.336764 0.488596 0.135973 0.0190277 0.0196397
 0.413437 0.232557 0.260791 0.0725763 0.020639
 0.825775 0.0834343 0.0359962 0.0403664 0.0144283
pobs_RECLAS
 0 0 0 0 0
 0 0 0 0 0
 0 0 0 0 0
 0 0 0 0 0
 0 0 0 0 0
 0 0 0 0 0
 0 0 0 0 0
 0 0 0 0 0
 0 0 0 0 0
 0 0 0 0 0
 0.991045 0.00858322 0.000360255 1.14367e-05 0
 0.934742 0.0480273 0.0164251 0.00080598 0
 0.827803 0.169806 0.00239088 0 0
 0.941827 0.0461693 0.0120037 0 0
 0.791401 0.0380133 0.147996 0.0225897 0
 0.846168 0.0940531 0.0597789 0 0
 0.134021 0.677848 0.182769 0.00536245 0
 0.80878 0.0450904 0.141981 0.00414843 0
 0.846168 0.0940531 0.0597789 0 0
 0.905697 0.0802665 0.012482 0.00150086 5.37128e-05
 0.989698 0.0102097 9.19794e-05 0 0
 0.975433 0.0193895 0.00387452 0.00125025 5.28907e-05
 0.303575 0.632131 0.0575291 0.00676475 0
 0.966965 0.00978017 0.0227588 0.000495775 0
 0.843318 0.132988 0.00938335 0.0141283 0.000182051
 0.564624 0.303363 0.111486 0.0197234 0.00080311
 0.826376 0.0876187 0.0782897 0.00655872 0.00115652
 0.89761 0.0855135 0.0140674 0.00269457 0.000114338
 0.34875 0.467042 0.161289 0.0227151 0.000203297
 0.318654 0.224769 0.449479 0.00709798 0
 0.937255 0.0296025 0.0250945 0.00804832 0
ppred_RECLAS
 0.506538 0.113804 0.357471 0.0221868 7.20372e-07
 0.471423 0.269707 0.0597016 0.187529 0.0116396
 0.619748 0.18183 0.101245 0.0224113 0.0747658
 0.769557 0.144252 0.0412154 0.0229492 0.0220272
 0.699937 0.233106 0.0419134 0.0119755 0.0130682
 0.796536 0.143026 0.0469519 0.00844214 0.00504426
 0.535692 0.371913 0.0649497 0.0213214 0.00612433
 0.515334 0.267123 0.174253 0.030431 0.0128592
 0.608477 0.202763 0.104035 0.0678651 0.0168599
 0.762418 0.146796 0.0470169 0.0241237 0.0196461
 0.853759 0.112846 0.0206341 0.00660886 0.00615243
 0.780186 0.187991 0.0245559 0.0044901 0.00277693
 0.730279 0.212741 0.0487309 0.00636537 0.00188375
 0.682474 0.234805 0.0652457 0.0149453 0.00252993
 0.780701 0.153379 0.0487464 0.0135452 0.00362793
 0.949481 0.0399051 0.0074236 0.00235934 0.000831187
 0.4283 0.543968 0.0219051 0.00407503 0.00175137
 0.916924 0.0361355 0.0446636 0.00179856 0.000478389
 0.646137 0.325198 0.0124685 0.0154112 0.000785661
 0.65243 0.227652 0.110203 0.00422535 0.0054888
 0.780496 0.144955 0.0488286 0.0236372 0.00208356
 0.782266 0.170938 0.030903 0.0104098 0.00548343
 0.364143 0.501062 0.105824 0.0191314 0.00983917
 0.780983 0.0807747 0.108937 0.0230074 0.00629853
 0.673739 0.255788 0.0259908 0.0350524 0.00942973
 0.488466 0.346642 0.129275 0.0131357 0.0224813
 0.775499 0.110474 0.0772705 0.028817 0.00793945
 0.73374 0.207307 0.02901 0.0202909 0.0096521
 0.393117 0.447081 0.12442 0.017411 0.017971
 0.473793 0.208627 0.233956 0.0651083 0.0185153
 0.85829 0.0678634 0.0292784 0.032833 0.0117356
pobs_PELACES
 0 0 0 0 0
 0 0 0 0 0
 0 0 0 0 0
 0 0 0 0 0
 0 0 0 0 0
 0 0 0 0 0
 0 0 0 0 0
 0 0 0 0 0
 0 0 0 0 0
 0 0 0 0 0
 0 0 0 0 0
 0 0 0 0 0
 0 0 0 0 0
 0 0 0 0 0
 0 0 0 0 0
 0 0 0 0 0
 0.505614 0.472636 0.0217494 0 0
 0 0 0 0 0
 0.443492 0.261883 0.143347 0.151278 0
 0.227955 0.32914 0.350689 0.0885471 0.00366901
 0.970185 0.0296113 0.000203453 0 0
 0.997202 0.00247181 0.000326279 0 0
 0.445219 0.490057 0.0546422 0.010081 0
 0.90214 0.0892962 0.00764917 0.000914606 0
 0 0 0 0 0
 0.581667 0.319106 0.0959925 0.00289975 0.000334073
 0.762889 0.0836404 0.116647 0.0363945 0.000428098
 0.88444 0.0763242 0.0277011 0.0115352 0
 0.521256 0.241999 0.230069 0.00667565 0
 0.616807 0.101726 0.260614 0.0208532 0
 0.833518 0.0704572 0.0857862 0.0102388 0
ppred_PELACES
 0.508988 0.113239 0.355696 0.0220766 7.16795e-07
 0.475883 0.267431 0.0591978 0.185947 0.0115413
 0.623862 0.179863 0.10015 0.0221688 0.0739569
 0.774393 0.141224 0.0403503 0.0224675 0.0215648
 0.70193 0.231558 0.041635 0.0118959 0.0129814
 0.799493 0.140947 0.0462695 0.00831943 0.00497094
 0.545903 0.363734 0.0635213 0.0208525 0.00598965
 0.517017 0.266196 0.173648 0.0303253 0.0128146
 0.614688 0.199547 0.102384 0.0667886 0.0165925
 0.768534 0.143016 0.0458064 0.0235026 0.0191403
 0.85473 0.112097 0.0204971 0.00656497 0.00611158
 0.785862 0.183137 0.0239218 0.00437415 0.00270522
 0.736377 0.207931 0.0476293 0.00622147 0.00184117
 0.693708 0.226498 0.0629373 0.0144166 0.00244043
 0.786804 0.149111 0.0473898 0.0131683 0.00352697
 0.950817 0.0388493 0.00722717 0.00229691 0.000809194
 0.432699 0.539783 0.0217366 0.00404368 0.0017379
 0.918295 0.0355392 0.0439266 0.00176888 0.000470494
 0.651987 0.319821 0.0122624 0.0151564 0.000772673
 0.657683 0.224212 0.108538 0.0041615 0.00540585
 0.783527 0.142953 0.0481544 0.0233108 0.00205479
 0.78607 0.167951 0.0303631 0.0102279 0.00538763
 0.367217 0.49864 0.105313 0.0190389 0.00979161
 0.782977 0.0800394 0.107945 0.0227979 0.0062412
 0.676324 0.253762 0.0257849 0.0347747 0.00935502
 0.490856 0.345022 0.128671 0.0130744 0.0223762
 0.777541 0.109469 0.0765676 0.0285549 0.00786723
 0.735686 0.205792 0.028798 0.0201427 0.00958158
 0.395332 0.44545 0.123966 0.0173475 0.0179054
 0.477155 0.207294 0.232461 0.0646924 0.018397
 0.860041 0.0670247 0.0289166 0.0324272 0.0115906
pobs_pel_tallas
 0 0 0 0 0 0 0 0 0 0 0 0 0 0 0 0 0 0 0 0 0 0 0 0 0 0
 0 0 0 0 0 0 0 0 0 0 0 0 0 0 0 0 0 0 0 0 0 0 0 0 0 0
 0 0 0 0 0 0 0 0 0 0 0 0 0 0 0 0 0 0 0 0 0 0 0 0 0 0
 0 0 0 0 0 0 0 0 0 0 0 0 0 0 0 0 0 0 0 0 0 0 0 0 0 0
 0 0 0 0 0 0 0 0 0 0 0 0 0 0 0 0 0 0 0 0 0 0 0 0 0 0
 0 0 0 0 0 0 0 0 0 0 0 0 0 0 0 0 0 0 0 0 0 0 0 0 0 0
 0 0 0 0 0 0 0 0 0 0 0 0 0 0 0 0 0 0 0 0 0 0 0 0 0 0
 0 0 0 0 0 0 0 0 0 0 0 0 0 0 0 0 0 0 0 0 0 0 0 0 0 0
 0 0 0 0 0 0 0 0 0 0 0 0 0 0 0 0 0 0 0 0 0 0 0 0 0 0
 0 0 0 0 0 0 0 0 0 0 0 0 0 0 0 0 0 0 0 0 0 0 0 0 0 0
 0 0 0 0 0 0 0 0 0 0 0 0 0 0 0 0 0 0 0 0 0 0 0 0 0 0
 0 0 0 0 0 0 0 0 0 0 0 0 0 0 0 0 0 0 0 0 0 0 0 0 0 0
 0.00862536 0 0 0.000197151 0.00414017 0.0128641 0.00837892 0.0270097 0.101434 0.158115 0.152841 0.127902 0.109271 0.109419 0.0830992 0.0579132 0.0238553 0.00714673 0.00463305 0.00128148 0.00103504 0.000492878 0.000147863 0.000147863 4.92878e-05 0
 0 0 0 0 0 0 0 0 0 0 0 0 0 0 0 0 0 0 0 0 0 0 0 0 0 0
 0 0 0 0 0 0 0 0.0054083 0.00873648 0.0413646 0.0450493 0.0745869 0.0622846 0.0627006 0.0613931 0.0827291 0.12552 0.122667 0.0946155 0.0697135 0.0546179 0.0294188 0.0215738 0.0213955 0.0102223 0.00600262
 0 0 0 0 0.00359764 0.0251062 0.0480494 0.140153 0.205849 0.193036 0.1447 0.116669 0.0760912 0.0342217 0.00950174 0.001854 0.000860785 0 0 0 0.000165536 0 0.000143464 0 0 0
 0 0 0 0 0 0 0 0.000145254 0.000435761 0.0275982 0.070085 0.0708112 0.156366 0.174668 0.174014 0.160142 0.0824315 0.0480064 0.0283245 0.00493863 0.00203355 0 0 0 0 0
 0 0 0 0 0 0 0 0 0 0 0 0 0 0 0 0 0 0 0 0 0 0 0 0 0 0
 0 0 1.00437e-05 0.000401748 0.00122533 0.00171747 0.00176769 0.0269171 0.070346 0.194647 0.189555 0.159765 0.064822 0.0314167 0.0384472 0.0292271 0.0345202 0.0313363 0.0194345 0.0106764 0.0143323 0.0359363 0.0279516 0.0138201 0.00172751 0
 0 0.0021121 0.0136068 0.0755702 0.200478 0.177729 0.0527432 0.0373336 0.0318909 0.0142505 0.0149659 0.0166563 0.0217959 0.0798694 0.0677717 0.0528807 0.04013 0.0224614 0.0357745 0.0225083 0.00881397 0.00855152 0.00135912 0.000746735 0 0
 0 0 0 0 5.4009e-05 0.00500934 0.000945158 0.0243581 0.138947 0.33067 0.221406 0.137944 0.0707744 0.0437923 0.0131692 0.00525238 0.0047753 0.00276346 9.45158e-05 9.00151e-06 2.25038e-05 9.00151e-06 4.50075e-06 0 0 0
 0.000866109 0.00284123 0.00948549 0.0512746 0.133035 0.25785 0.225252 0.132002 0.0553304 0.0519788 0.0540692 0.017754 0.00435017 0.00159236 0.00146478 0.000404838 0.000125132 0.000115318 0.000107957 0.000100596 0 0 0 0 0 0
 0 0 0 0 0.00144013 0.00171154 0.00461396 0.0210425 0.0478622 0.0707936 0.0888783 0.103762 0.0637923 0.0337046 0.0602308 0.124433 0.169614 0.0934646 0.0462172 0.0250306 0.0313229 0.00938855 0.002487 0.000210481 0 0
 0 0.00764035 0.051015 0.0998891 0.058973 0.0496711 0.0374665 0.0718981 0.12319 0.153886 0.159021 0.0857701 0.0377988 0.023471 0.0147837 0.00900784 0.00315554 0.000888139 0.00291439 0.00214683 0.00393193 0.00274676 0.000635225 9.99891e-05 0 0
 0 0 0 0 0 0 0 0 0 0 0 0 0 0 0 0 0 0 0 0 0 0 0 0 0 0
 0 0 0 0 0 0 0 0 0 0 0 0 0 0 0 0 0 0 0 0 0 0 0 0 0 0
 0 0 0 0 0 0 0 0 0 0 0 0 0 0 0 0 0 0 0 0 0 0 0 0 0 0
 0 0 0 0 0 0 0 0 0 0 0 0 0 0 0 0 0 0 0 0 0 0 0 0 0 0
 0 0 0 0 0 0 0 0 0 0 0 0 0 0 0 0 0 0 0 0 0 0 0 0 0 0
 0 0 0 0 0 0 0 0 0 0 0 0 0 0 0 0 0 0 0 0 0 0 0 0 0 0
 0 0 0 0 0 0 0 0 0 0 0 0 0 0 0 0 0 0 0 0 0 0 0 0 0 0
ppred_pel_tallas
 1.12508e-16 4.19247e-05 0.000407523 0.00270813 0.0123108 0.0383035 0.0816101 0.119115 0.119126 0.0816663 0.0384937 0.0128667 0.00412905 0.00359344 0.00633834 0.0110517 0.0174015 0.0249673 0.0332315 0.0417705 0.0501761 0.0576975 0.063023 0.0646122 0.0614822 0.0538761
 1.22378e-16 3.91979e-05 0.000381018 0.002532 0.0115101 0.0358124 0.076303 0.111372 0.111398 0.0764295 0.0362374 0.0127391 0.00562262 0.00714789 0.0129528 0.021525 0.0314405 0.0405326 0.0467048 0.0492088 0.0491644 0.0487568 0.0496992 0.052145 0.0547453 0.055601
 1.17675e-16 5.13867e-05 0.000499497 0.00331934 0.0150892 0.0469483 0.100029 0.145999 0.146016 0.100114 0.0472356 0.0159208 0.00541348 0.00509421 0.00884679 0.0147292 0.0216574 0.0281972 0.0329452 0.0353353 0.0359749 0.0361449 0.0368593 0.0382322 0.0395454 0.0398022
 1.07104e-16 6.37858e-05 0.000620021 0.00412026 0.0187301 0.0582763 0.124164 0.181224 0.181238 0.124231 0.0585005 0.0193782 0.00574938 0.00418383 0.0068545 0.0112914 0.0164063 0.0209536 0.0237217 0.0241911 0.0228461 0.0208181 0.0191448 0.0182238 0.0177899 0.0172781
 1.04651e-16 5.78171e-05 0.000562002 0.0037347 0.0169774 0.0528232 0.112546 0.164269 0.164292 0.112655 0.0531898 0.0180364 0.00639362 0.00636949 0.0110964 0.0182778 0.0263838 0.0333085 0.0369481 0.0363456 0.032256 0.026615 0.0213507 0.0174647 0.0149194 0.0131268
 1.03047e-16 6.58532e-05 0.000640117 0.0042538 0.0193372 0.0601652 0.128189 0.187098 0.187112 0.128255 0.060389 0.0199841 0.00587965 0.00419624 0.00683981 0.0112563 0.0163327 0.0207985 0.0233994 0.0235498 0.0216545 0.0187813 0.0159628 0.0136897 0.0118947 0.010275
 1.05031e-16 4.49654e-05 0.00043708 0.00290455 0.0132037 0.0410817 0.0875303 0.12776 0.127795 0.0877017 0.0416574 0.0148666 0.00707995 0.00955579 0.0173743 0.0286818 0.0413836 0.0521924 0.0577837 0.0566258 0.0498769 0.0405609 0.0317135 0.0249519 0.0202983 0.0169375
 1.10289e-16 4.2586e-05 0.000413951 0.00275085 0.012505 0.0389078 0.0828982 0.120998 0.121024 0.0830247 0.0393334 0.0137369 0.00585375 0.00722294 0.0130779 0.0218245 0.0320699 0.0416588 0.0483867 0.0511927 0.0506715 0.0484127 0.0457601 0.0430447 0.03978 0.035409
 1.12512e-16 5.06311e-05 0.000492152 0.00327052 0.0148673 0.0462579 0.0985581 0.143852 0.143872 0.0986528 0.0465764 0.015789 0.00559111 0.00558167 0.0097871 0.0162879 0.0239079 0.0310319 0.036059 0.0383012 0.038359 0.0375797 0.0370412 0.0368896 0.0364563 0.0348874
 1.06955e-16 6.33032e-05 0.000615329 0.00408908 0.0185884 0.0578354 0.123225 0.179853 0.179867 0.123293 0.0580626 0.0192453 0.00574056 0.00422918 0.00695258 0.0114634 0.0166751 0.0213341 0.0242179 0.024796 0.0235419 0.0215715 0.0199013 0.0189092 0.0183253 0.0176046
 1.02313e-16 7.0403e-05 0.000684342 0.00454769 0.0206732 0.0643219 0.137045 0.200024 0.200034 0.137098 0.0644994 0.0211858 0.00583506 0.00349628 0.00541564 0.00885477 0.0127804 0.0161405 0.0179159 0.0176445 0.0156919 0.0129931 0.0104772 0.00862333 0.00740723 0.00654052
 1.01634e-16 6.47305e-05 0.000629203 0.00418128 0.0190075 0.0591394 0.126004 0.183909 0.183927 0.12609 0.059429 0.0198437 0.0062801 0.00521037 0.00876349 0.0143808 0.0206991 0.0260064 0.0286026 0.0277022 0.0238965 0.0187474 0.0138524 0.0101075 0.00759336 0.00593303
 1.02364e-16 6.06544e-05 0.000589583 0.00391798 0.0178106 0.0554155 0.118069 0.17233 0.17235 0.118167 0.0557449 0.0187623 0.0063083 0.00581203 0.00999176 0.0164553 0.0237746 0.0300538 0.0333934 0.0329032 0.0292051 0.0239677 0.0188663 0.0147954 0.0117913 0.00946389
 1.03733e-16 5.71398e-05 0.00055542 0.00369096 0.0167786 0.0522045 0.111228 0.162345 0.162367 0.111335 0.0525637 0.0178168 0.00629939 0.00625772 0.0109106 0.0180091 0.0260822 0.0331025 0.0370329 0.0369211 0.0334328 0.0283308 0.0233477 0.0193498 0.0162872 0.0136941
 1.03324e-16 6.48081e-05 0.000629957 0.00418629 0.0190303 0.0592103 0.126154 0.184129 0.184143 0.126225 0.059447 0.0197145 0.00590607 0.00439141 0.00722962 0.0119049 0.0172736 0.0219967 0.0247504 0.0249203 0.0229413 0.0199479 0.0170318 0.0147025 0.0128711 0.0111976
 1.00586e-16 7.83176e-05 0.000761275 0.00505894 0.0229972 0.0715529 0.152451 0.222508 0.222511 0.152469 0.0716144 0.0231749 0.00550507 0.00173572 0.00193052 0.00307169 0.00442704 0.00558776 0.00619539 0.00608668 0.00538483 0.00441088 0.00348598 0.00277935 0.00229059 0.00193139
 1.01465e-16 3.56409e-05 0.000346443 0.00230223 0.0104657 0.0325628 0.0693805 0.101274 0.101326 0.0696342 0.0334145 0.0129245 0.00846983 0.0137958 0.0255354 0.0420459 0.0603001 0.0752703 0.0818563 0.0777067 0.0646488 0.0475199 0.0313729 0.0192019 0.0114801 0.00713044
 1.01534e-16 7.56387e-05 0.000735235 0.0048859 0.0222106 0.0691054 0.147236 0.214897 0.2149 0.147254 0.0691628 0.0223773 0.00530727 0.00166461 0.00186848 0.00304149 0.00454152 0.00605808 0.00731672 0.00816949 0.00864018 0.00883423 0.00880001 0.00847687 0.00777044 0.00667089
 1.02087e-16 5.37034e-05 0.000522016 0.00346898 0.0157695 0.049065 0.104539 0.152584 0.152615 0.10469 0.0495697 0.0172266 0.00712423 0.00849369 0.0151707 0.0249364 0.0357806 0.0447138 0.0487346 0.0464759 0.0390422 0.0293032 0.0202242 0.013513 0.00935734 0.007026
 1.04522e-16 5.41725e-05 0.000526576 0.00349928 0.0159072 0.0494935 0.105452 0.153915 0.153936 0.105558 0.0498505 0.0169399 0.00609708 0.00621617 0.010914 0.0180981 0.0263919 0.0338634 0.0385503 0.039499 0.0372504 0.0333219 0.029149 0.0253657 0.0218575 0.0182937
 1.04112e-16 6.45381e-05 0.000627333 0.00416885 0.018951 0.0589637 0.125629 0.183362 0.183376 0.125696 0.0591908 0.0196076 0.0058195 0.00423905 0.00694856 0.0114506 0.0166438 0.0212603 0.0240523 0.0244506 0.0228801 0.0204129 0.0180504 0.0162104 0.0147285 0.0132164
 1.02857e-16 6.47476e-05 0.00062937 0.00418238 0.0190125 0.0591551 0.126037 0.183958 0.183974 0.126116 0.0594209 0.0197806 0.00611091 0.00484154 0.00807092 0.0132577 0.0191336 0.024151 0.026779 0.0263177 0.023307 0.0191427 0.0152182 0.0122627 0.0102623 0.00881482
 1.06733e-16 3.02473e-05 0.000294015 0.00195383 0.00888187 0.0276351 0.0588812 0.0859489 0.085997 0.0591163 0.0284247 0.0111634 0.00768355 0.012811 0.0238283 0.0394134 0.0569326 0.0719265 0.0798511 0.0785914 0.0696806 0.0571746 0.0451393 0.0357326 0.0289991 0.0239095
 1.06479e-16 6.44928e-05 0.000626893 0.00416592 0.0189377 0.0589222 0.12554 0.183231 0.183239 0.125579 0.0590521 0.0193148 0.00512015 0.0027354 0.00414364 0.00694383 0.0104547 0.0141082 0.0173495 0.019898 0.0218299 0.023348 0.0244536 0.0248376 0.0240885 0.0220154
 1.0588e-16 5.57079e-05 0.000541501 0.00359847 0.0163581 0.0508963 0.108441 0.158278 0.158302 0.10856 0.0512975 0.0175169 0.00650703 0.00689095 0.0121152 0.0199446 0.0287406 0.0361891 0.0399882 0.0391226 0.03449 0.0283039 0.0227528 0.0189458 0.0167612 0.0154024
 1.089e-16 4.04312e-05 0.000393006 0.00261166 0.0118723 0.0369392 0.0787041 0.114878 0.114911 0.0788672 0.0374874 0.0134575 0.00659693 0.0091134 0.0166623 0.0276399 0.0401814 0.0513025 0.0579661 0.0587478 0.0546162 0.0481256 0.0417204 0.0365203 0.032309 0.0283361
 1.06433e-16 6.40451e-05 0.000622541 0.004137 0.0188062 0.0585132 0.124669 0.18196 0.181971 0.124721 0.0586885 0.0193139 0.0054165 0.00343291 0.00545236 0.00904671 0.0133428 0.0174504 0.0205021 0.0221017 0.0225144 0.022374 0.0221577 0.0218749 0.0211739 0.0196932
 1.04526e-16 6.05975e-05 0.000589029 0.00391431 0.0177939 0.0553635 0.117959 0.172168 0.172188 0.118055 0.0556891 0.0187343 0.00627522 0.00574431 0.00985586 0.0162106 0.0233795 0.0294791 0.0326419 0.0320324 0.0283517 0.0233586 0.0187961 0.0155559 0.0135665 0.0122375
 1.08462e-16 3.2563e-05 0.000316524 0.00210342 0.00956186 0.0297507 0.0633886 0.0925266 0.0925696 0.0635989 0.0304572 0.0116036 0.00723313 0.0115304 0.021376 0.0354081 0.0512862 0.0650859 0.0728077 0.0725858 0.065743 0.0557691 0.0460977 0.0384518 0.0327308 0.0279847
 1.16363e-16 3.93027e-05 0.000382036 0.00253876 0.0115409 0.035908 0.0765066 0.111668 0.111688 0.0766061 0.0362429 0.0125124 0.004994 0.00579676 0.0104847 0.0176962 0.0264869 0.0354125 0.042989 0.0485036 0.052279 0.0550823 0.0572128 0.0581075 0.0567676 0.052554
 1.06066e-16 7.08404e-05 0.000688594 0.00457595 0.0208016 0.0647216 0.137896 0.201265 0.201272 0.137928 0.0648285 0.021111 0.00535471 0.00239636 0.00333758 0.00546887 0.0080255 0.0104316 0.0121669 0.0130345 0.0132804 0.0133964 0.0137548 0.0143631 0.0148969 0.0149328
pSPR Fmed_Fpbrs
0.631856   0.214098 0.214098
Fs Fmed_Fpbrs
0.249897   1.005 1.005
SSBpbr Bo_Bmed_Bpbrs
1.87714e+06  1.09223e+06  308036 308036
Ro
172410
SPR SPRFo_SPRFmed_SPRFpbrs
1.2306e+06 777560 263469
Fref
1.005
Nvult_r0
 212961 17548.6 7571.02 8490.19 3034.68
CTP_r0
 29528.9 2983.53 1287.19 1443.46 515.941
YTP_r0
391295
Np
 239763 40038.7 13076.4 1011.5 495.159
Nvult_p0
 199724 34647.1 11315.5 875.292 428.48
CTP_p0
 88134.4 42119.9 3258.1 1405.65 2048.78
 88134.4 17366.7 5671.88 438.737 214.774
YTP_p0
 1.5061e+06 1.08361e+06
CBA_c0
1.37935e+06
log_Ro
11.8776
likeval ReclasPelacesDesembMPH_pf_preclas_ppelaces_ptallas_desvR_qrecl_qpela
 13.1616 17.7156 0.0508751 0.00271222 240.362 118.512 98.4545 0 24.9098 4.81257e-07 0 0.259975 0 0 0
q_reclas_q_pelaces
0.906373 1
M
1
N
 194210 44286.1 139108 8633.85 0.280329
 108985 64065 14181.3 44544.9 2764.81
 109066 32858.8 18296.2 4049.99 13511.1
 169019 33029.1 9437.04 5254.65 5043.53
 135571 45805.5 8236.01 2353.18 2567.91
 243034 44869.2 14729.5 2648.42 1582.45
 98666.5 72904.3 12731.8 4179.54 1200.52
 43874.1 22975.4 14987.6 2617.39 1106.03
 43194 14975.2 7683.54 5012.22 1245.2
 58601 11880.8 3805.29 1952.43 1590.05
 110343 14758.1 2698.54 864.31 804.618
 146844 37220.2 4861.81 888.991 549.802
 121984 37254.8 8533.68 1114.69 329.88
 85180.4 31725.3 8815.57 2019.32 341.828
 84377.7 17506.7 5563.93 1546.06 414.093
 474115 20796.8 3868.86 1229.59 433.179
 97642.7 127430 5131.47 954.613 410.275
 726370 29423.3 36367.3 1464.48 389.527
 417401 218412 8374.24 10350.6 527.673
 319278 115399 55863 2141.87 2782.32
 475373 90697.7 30551.9 14789.7 1303.68
 634721 143502 25943 8739.02 4603.33
 129532 181851 38406.9 6943.39 3570.95
 390608 41121.6 55458.5 11712.8 3206.52
 326452 126172 12820.4 17290.2 4651.36
 146309 105344 39286.5 3991.92 6832.01
 333708 48393.6 33848.7 12623.4 3477.91
 375486 107704 15071.9 10542 5014.66
 107182 123620 34402.6 4814.22 4969.05
 79138.2 35566.3 39884.2 11099.5 3156.44
 310068 25060.1 10811.7 12124.3 4333.64
pred_Ctot
 12795.7 3668.09 11521.9 715.116 0.0232188
 12634.2 9247.44 2046.99 6429.82 399.086
 12384.6 4647.98 2588.05 572.884 1911.18
 28840.9 6941.88 1983.43 1104.39 1060.02
 8673.86 3685.52 662.67 189.337 206.615
 28832.1 6624.44 2174.64 391.01 233.632
 23752.5 21305.1 3720.66 1221.4 350.834
 2014.45 1331.1 868.318 151.64 64.0786
 7054.01 3016.71 1547.83 1009.7 250.842
 12048.7 2987.31 956.8 490.92 399.801
 5836.66 983.746 179.88 57.6133 53.6344
 29689.5 9209.41 1202.96 219.963 136.038
 23240.5 8707.05 1994.46 260.522 77.0983
 24901.4 11133.1 3093.58 708.623 119.955
 18182.2 4603.92 1463.2 406.583 108.898
 82822.8 4471.1 831.763 264.348 93.1288
 11347.6 18438.7 742.509 138.13 59.3657
 85249.9 4298.59 5313.07 213.952 56.9079
 67100.1 43333 1661.45 2053.56 104.69
 46955.2 21002.8 10167.2 389.824 506.387
 54792.3 13018.4 4385.3 2122.86 187.125
 90573.1 25363.6 4585.36 1544.6 813.627
 11357.1 19961.5 4215.87 762.164 391.977
 30434.6 4018.72 5419.84 1144.67 313.366
 25619.5 12418.2 1261.82 1701.75 457.802
 9412.28 8521.94 3178.15 322.933 552.686
 26155.7 4757.1 3327.33 1240.88 341.879
 25166 9072.73 1269.62 888.028 422.422
 6695.3 9713.91 2703.32 378.296 390.462
 7050.36 3965.81 4447.28 1237.65 351.957
 29528.9 2983.53 1287.19 1443.46 515.941
F
 0.10904 0.138749 0.138749 0.138749 0.138749
 0.198989 0.253206 0.253206 0.253206 0.253206
 0.194566 0.247578 0.247578 0.247578 0.247578
 0.305607 0.388874 0.388874 0.388874 0.388874
 0.105743 0.134554 0.134554 0.134554 0.134554
 0.204053 0.25965 0.25965 0.25965 0.25965
 0.45732 0.581923 0.581923 0.581923 0.581923
 0.0749297 0.0953455 0.0953455 0.0953455 0.0953455
 0.290777 0.370003 0.370003 0.370003 0.370003
 0.378961 0.482215 0.482215 0.482215 0.482215
 0.0867435 0.110378 0.110378 0.110378 0.110378
 0.371587 0.472832 0.472832 0.472832 0.472832
 0.346777 0.441261 0.441261 0.441261 0.441261
 0.582186 0.740812 0.740812 0.740812 0.740812
 0.400502 0.509625 0.509625 0.509625 0.509625
 0.313886 0.399409 0.399409 0.399409 0.399409
 0.199529 0.253894 0.253894 0.253894 0.253894
 0.201676 0.256625 0.256625 0.256625 0.256625
 0.285651 0.363482 0.363482 0.363482 0.363482
 0.258529 0.328969 0.328969 0.328969 0.328969
 0.19775 0.25163 0.25163 0.25163 0.25163
 0.249997 0.318113 0.318113 0.318113 0.318113
 0.147394 0.187553 0.187553 0.187553 0.187553
 0.130061 0.165499 0.165499 0.165499 0.165499
 0.131054 0.166762 0.166762 0.166762 0.166762
 0.10635 0.135327 0.135327 0.135327 0.135327
 0.130878 0.166538 0.166538 0.166538 0.166538
 0.11101 0.141256 0.141256 0.141256 0.141256
 0.103131 0.13123 0.13123 0.13123 0.13123
 0.149919 0.190767 0.190767 0.190767 0.190767
 0.16098 0.204842 0.204842 0.204842 0.204842
YTP_r0W_actual
 245090 42067.8 35526.5 49366.4 19244.6
YTP_p0W_proyectada
 660127 660019 75360 41283.9 69310.4
 660127 272137 131191 12885.7 7265.82
CTP_r0_actual
 29528.9 2983.53 1287.19 1443.46 515.941
CTP_p0_proyectada
 88134.4 42119.9 3258.1 1405.65 2048.78
 88134.4 17366.7 5671.88 438.737 214.774
Wmedp
 7.49 15.67 23.13 29.37 33.83
Frms_r0
 0.16098 0.204842 0.204842 0.204842 0.204842
Zrms_r0
 1.16098 1.20484 1.20484 1.20484 1.20484
nmprior
 8.19 8.8 8.5 0
nm_flota  nm_reclas  nm_pelaces    nm_pelaL
inf 12.7238 17.8478 42.3702
cv_recla  cv_pelaces  cv_mph
0.328155 0.477254 1.60719
 ------------------------------------------------
Talla a la edad & desviaci?n 
 8 13.2811 15.8009 17.003 17.5766
 0.8 1.32811 1.58009 1.7003 1.75766
