years
 1991 1992 1993 1994 1995 1996 1997 1998 1999 2000 2001 2002 2003 2004 2005 2006 2007 2008 2009 2010 2011 2012 2013 2014 2015 2016 2017 2018 2019 2020 2021
reclasobs
 0 0 0 0 0 0 0 0 0 252601 567819 844713 477998 351125 339783 2.1784e+06 2.13404e+06 4.81314e+06 1.55562e+06 2.62356e+06 3.21686e+06 3.843e+06 1.13348e+06 3.07943e+06 1.97215e+06 2.03268e+06 2.025e+06 2.42433e+06 2.27542e+06 1.05018e+06 2.36338e+06
reclaspred
 3.15428e+06 1.75945e+06 889852 858877 837470 1.34509e+06 820498 721920 531166 390561 480126 630048 621729 480911 486339 1.32543e+06 1.27716e+06 2.90765e+06 2.39527e+06 1.77522e+06 3.14351e+06 2.55174e+06 2.01279e+06 3.10099e+06 2.31933e+06 2.04477e+06 2.4426e+06 2.61709e+06 2.14137e+06 1.33899e+06 1.93378e+06
pelacesobs
 0 0 0 0 0 0 0 0 0 0 0 0 0 0 0 552880 188675 0 991730 2.46772e+06 1.41603e+06 1.21717e+06 2.29649e+06 1.80582e+06 0 1.4828e+06 1.56532e+06 1.57751e+06 1.42118e+06 867257 1.10002e+06
pelacespred
 1.59937e+06 990114 499323 393141 402826 666464 369289 410863 287662 199884 256269 281484 306080 248641 258896 589253 569491 1.49639e+06 1.2708e+06 873550 1.501e+06 1.31758e+06 1.03846e+06 1.75276e+06 1.26324e+06 1.11057e+06 1.51116e+06 1.59587e+06 1.07617e+06 764902 1.08656e+06
mphobs
 0 0 0 0 0 0 0 0 0 0 0 498337 0 5186 125008 0 168611 109162 213762 579715 649985 157893 87575 83554 0 0 0 0 0 0 0
mphpred
 3.03747e+06 2.02609e+06 1.00344e+06 547619 571249 638149 845938 505494 451843 311095 208483 362776 393723 332023 222141 282898 974410 920757 1.84116e+06 1.38723e+06 1.47527e+06 1.82682e+06 1.73361e+06 1.41953e+06 1.97744e+06 1.62335e+06 1.33142e+06 1.43178e+06 2.01654e+06 1.36939e+06 848351
desembarqueobs
 494567 514787 250237 358949 120608 361735 552515 73892 212993 205616 52469 317467 293654 387597 252695 516296 358380 742168 942051 627588 828172 859565 418607 520667 417249 300574 415391 372974 316634 284311 391294
desembarquepred
 494573 513607 250784 358982 120613 361746 552547 73896.4 213040 205659 52471.5 317529 293701 387622 252686 516250 358401 742062 941827 627440 828231 859568 418613 520689 417246 300573 415387 372956 316625 284316 391296
Reclutas
 192563 108539 109369 169089 135882 242060 98618.5 44119.8 43367.4 58798.3 110631 146942 122159 85319.5 84729.5 474295 98086.5 726703 417739 319849 475489 634512 130010 390990 327027 146791 333912 376765 108833 78365 298242
log_desv_Rt
 0.110548 -0.462767 -0.455146 -0.0194473 -0.238089 0.339309 -0.558616 -1.36297 -1.38017 -1.07576 -0.443673 -0.159838 -0.344553 -0.703472 -0.710411 1.01195 -0.564025 1.43864 0.884982 0.617975 1.01447 1.30298 -0.282262 0.818808 0.640168 -0.160864 0.661003 0.781747 -0.46006 -0.788497 0.548029
SSB
 3.03747e+06 2.02609e+06 1.00344e+06 547619 571249 638149 845938 505494 451843 311095 208483 362776 393723 332023 222141 282898 974410 920757 1.84116e+06 1.38723e+06 1.47527e+06 1.82682e+06 1.73361e+06 1.41953e+06 1.97744e+06 1.62335e+06 1.33142e+06 1.43178e+06 2.01654e+06 1.36939e+06 848351
BT
 4.10746e+06 2.79172e+06 1.40062e+06 1.20856e+06 1.02473e+06 1.84607e+06 1.34657e+06 1.01269e+06 874965 658997 636257 914836 972408 976441 850642 1.77701e+06 1.59306e+06 4.10587e+06 3.83617e+06 2.57996e+06 4.13274e+06 3.84279e+06 2.75956e+06 4.52614e+06 3.29918e+06 2.82759e+06 3.90901e+06 4.05482e+06 2.74299e+06 2.0408e+06 2.87768e+06
Ftot
 0.140445 0.256687 0.250928 0.395293 0.136477 0.264612 0.591157 0.0964502 0.373656 0.486748 0.112083 0.480307 0.447481 0.75122 0.517199 0.408214 0.257614 0.26142 0.369569 0.333287 0.255284 0.323425 0.189739 0.16798 0.169051 0.136796 0.169048 0.143654 0.132286 0.191513 0.204945
BD_Bspro_t
 0.977834 0.84044 0.676782 0.585634 0.567007 0.640961 0.631326 0.457721 0.515916 0.472752 0.44341 0.663756 0.549833 0.459909 0.351554 0.410385 0.597709 0.571074 0.669176 0.573687 0.54388 0.593267 0.609123 0.600497 0.704052 0.711643 0.718059 0.7536 0.797438 0.73354 0.666865
BD_Bspro
 2.46473 1.64406 0.814237 0.444362 0.463536 0.517821 0.68643 0.41018 0.366645 0.252436 0.169172 0.294372 0.319484 0.269417 0.180254 0.229556 0.790678 0.747142 1.494 1.12565 1.19709 1.48236 1.40672 1.15187 1.60458 1.31726 1.08037 1.16181 1.6363 1.11118 0.688388
BD_Bo
 1.619 1.07993 0.534847 0.291887 0.304482 0.34014 0.450894 0.269434 0.240837 0.165817 0.111124 0.193364 0.209859 0.176972 0.118403 0.150788 0.519371 0.490774 0.981359 0.739407 0.786333 0.973717 0.924031 0.756626 1.054 0.865263 0.709661 0.763155 1.07484 0.7299 0.45218
BD_Brms
 9.51703 6.34817 3.144 1.71581 1.78984 1.99946 2.6505 1.58382 1.41572 0.974727 0.65322 1.13666 1.23362 1.0403 0.696013 0.886379 3.05303 2.88493 5.76874 4.34647 4.62232 5.72382 5.43175 4.44769 6.19575 5.0863 4.17161 4.48607 6.31823 4.29059 2.65806
Sel_flota
 0.764945 0.984085 0.99915 0.999955 0.999998
 0.764945 0.984085 0.99915 0.999955 0.999998
 0.764945 0.984085 0.99915 0.999955 0.999998
 0.764945 0.984085 0.99915 0.999955 0.999998
 0.764945 0.984085 0.99915 0.999955 0.999998
 0.764945 0.984085 0.99915 0.999955 0.999998
 0.764945 0.984085 0.99915 0.999955 0.999998
 0.764945 0.984085 0.99915 0.999955 0.999998
 0.764945 0.984085 0.99915 0.999955 0.999998
 0.764945 0.984085 0.99915 0.999955 0.999998
 0.764945 0.984085 0.99915 0.999955 0.999998
 0.764945 0.984085 0.99915 0.999955 0.999998
 0.764945 0.984085 0.99915 0.999955 0.999998
 0.764945 0.984085 0.99915 0.999955 0.999998
 0.764945 0.984085 0.99915 0.999955 0.999998
 0.764945 0.984085 0.99915 0.999955 0.999998
 0.764945 0.984085 0.99915 0.999955 0.999998
 0.764945 0.984085 0.99915 0.999955 0.999998
 0.764945 0.984085 0.99915 0.999955 0.999998
 0.764945 0.984085 0.99915 0.999955 0.999998
 0.764945 0.984085 0.99915 0.999955 0.999998
 0.764945 0.984085 0.99915 0.999955 0.999998
 0.764945 0.984085 0.99915 0.999955 0.999998
 0.764945 0.984085 0.99915 0.999955 0.999998
 0.764945 0.984085 0.99915 0.999955 0.999998
 0.764945 0.984085 0.99915 0.999955 0.999998
 0.764945 0.984085 0.99915 0.999955 0.999998
 0.764945 0.984085 0.99915 0.999955 0.999998
 0.764945 0.984085 0.99915 0.999955 0.999998
 0.764945 0.984085 0.99915 0.999955 0.999998
 0.764945 0.984085 0.99915 0.999955 0.999998
Sel_reclas
 1 1 1 1 1
 1 1 1 1 1
 1 1 1 1 1
 1 1 1 1 1
 1 1 1 1 1
 1 1 1 1 1
 1 1 1 1 1
 1 1 1 1 1
 1 1 1 1 1
 1 1 1 1 1
 1 1 1 1 1
 1 1 1 1 1
 1 1 1 1 1
 1 1 1 1 1
 1 1 1 1 1
 1 1 1 1 1
 1 1 1 1 1
 1 1 1 1 1
 1 1 1 1 1
 1 1 1 1 1
 1 1 1 1 1
 1 1 1 1 1
 1 1 1 1 1
 1 1 1 1 1
 1 1 1 1 1
 1 1 1 1 1
 1 1 1 1 1
 1 1 1 1 1
 1 1 1 1 1
 1 1 1 1 1
 1 1 1 1 1
Sel_pelaces
 1 1 1 1 1
 1 1 1 1 1
 1 1 1 1 1
 1 1 1 1 1
 1 1 1 1 1
 1 1 1 1 1
 1 1 1 1 1
 1 1 1 1 1
 1 1 1 1 1
 1 1 1 1 1
 1 1 1 1 1
 1 1 1 1 1
 1 1 1 1 1
 1 1 1 1 1
 1 1 1 1 1
 1 1 1 1 1
 1 1 1 1 1
 1 1 1 1 1
 1 1 1 1 1
 1 1 1 1 1
 1 1 1 1 1
 1 1 1 1 1
 1 1 1 1 1
 1 1 1 1 1
 1 1 1 1 1
 1 1 1 1 1
 1 1 1 1 1
 1 1 1 1 1
 1 1 1 1 1
 1 1 1 1 1
 1 1 1 1 1
pf_obs 
 0.8446 0.082 0.0669 0.0065 0
 0.8095 0.147 0.0364 0.0071 0
 0.9664 0.0169 0.016 0.0007 0
 0.9276 0.0648 0.0075 0.0001 0
 0.7033 0.2144 0.0806 0.0017 0
 0.9318 0.0425 0.0243 0.0014 0
 0.5671 0.3108 0.0964 0.0239 0.0018
 0.0768 0.2599 0.5324 0.112 0.0189
 0.490249 0.384438 0.106611 0.0170017 0.00170017
 0.7925 0.1577 0.0466 0.003 0.0002
 0.840416 0.127587 0.0312969 0.00059994 9.999e-05
 0.8084 0.0986 0.0794 0.0134 0.0002
 0.7335 0.1905 0.0724 0.0035 0.0001
 0.4001 0.4547 0.1325 0.0127 0
 0.49795 0.308269 0.164784 0.0264974 0.00249975
 0.9179 0.0499 0.0305 0.0017 0
 0.2467 0.6533 0.0926 0.0074 0
 0.9418 0.0223 0.034 0.0019 0
 0.707729 0.231977 0.0356964 0.0245975 0
 0.517169 0.277429 0.184464 0.0207286 0.00020938
 0.811772 0.124168 0.05621 0.00726502 0.000585176
 0.764997 0.148141 0.077277 0.00933861 0.000247198
 0.163321 0.427699 0.378323 0.0303852 0.000271297
 0.753843 0.0900009 0.118128 0.0371064 0.000921714
 0.721811 0.176058 0.0630433 0.0369309 0.00215725
 0.143369 0.312575 0.442814 0.0836902 0.0175525
 0.692698 0.0596174 0.167031 0.0765114 0.00414204
 0.394062 0.376323 0.152708 0.0712218 0.00568511
 0.125707 0.32114 0.495352 0.0537591 0.00404204
 0.23352 0.215282 0.420074 0.123614 0.00750983
 0.774587 0.0839891 0.0768558 0.0609784 0.00358967
pf_pred 
 0.439539 0.128126 0.407223 0.0251124 8.20826e-07
 0.407162 0.300209 0.0677144 0.21186 0.0130544
 0.557801 0.210587 0.118299 0.0262389 0.0870747
 0.719201 0.175656 0.0505241 0.02791 0.0267089
 0.643221 0.276563 0.0505279 0.014273 0.0154146
 0.749677 0.175312 0.0583543 0.0104953 0.00616123
 0.469172 0.423857 0.0753003 0.0246428 0.00702752
 0.451603 0.301318 0.198091 0.034495 0.0144925
 0.543691 0.235466 0.12219 0.0791055 0.0195464
 0.709954 0.178718 0.0579596 0.0295412 0.0238274
 0.817664 0.140311 0.0260877 0.00830151 0.00763605
 0.730905 0.229533 0.030554 0.00559331 0.00341419
 0.674602 0.256038 0.0593294 0.0077489 0.00228206
 0.619583 0.280625 0.0788356 0.0179284 0.00302814
 0.730961 0.187758 0.0603038 0.0165763 0.00440125
 0.934811 0.0513852 0.00969028 0.00305265 0.0010608
 0.367361 0.601465 0.0246695 0.00456811 0.00193722
 0.894086 0.0458356 0.0571656 0.00230561 0.000607436
 0.58436 0.381573 0.0148844 0.0182529 0.000929291
 0.590422 0.26725 0.130858 0.00501397 0.00645561
 0.731711 0.176523 0.0602427 0.0289852 0.0025381
 0.733979 0.208208 0.038261 0.0128399 0.00671275
 0.307029 0.544492 0.116656 0.0210672 0.0107559
 0.732037 0.098157 0.133887 0.0282254 0.00769303
 0.614564 0.301241 0.0311574 0.0418266 0.0112114
 0.42438 0.388389 0.146857 0.0149491 0.0254255
 0.725947 0.133998 0.0949855 0.0353576 0.00971232
 0.680763 0.2477 0.035268 0.0246045 0.0116646
 0.336109 0.487558 0.137312 0.0192459 0.0197754
 0.404174 0.236042 0.265329 0.0735662 0.0208882
 0.817097 0.0861854 0.0386958 0.042799 0.0152228
pobs_RECLAS
 0 0 0 0 0
 0 0 0 0 0
 0 0 0 0 0
 0 0 0 0 0
 0 0 0 0 0
 0 0 0 0 0
 0 0 0 0 0
 0 0 0 0 0
 0 0 0 0 0
 0 0 0 0 0
 0.991045 0.00858322 0.000360255 1.14367e-05 0
 0.934742 0.0480273 0.0164251 0.00080598 0
 0.827803 0.169806 0.00239088 0 0
 0.941827 0.0461693 0.0120037 0 0
 0.791401 0.0380133 0.147996 0.0225897 0
 0.846168 0.0940531 0.0597789 0 0
 0.134021 0.677848 0.182769 0.00536245 0
 0.80878 0.0450904 0.141981 0.00414843 0
 0.846168 0.0940531 0.0597789 0 0
 0.905697 0.0802665 0.012482 0.00150086 5.37128e-05
 0.989698 0.0102097 9.19794e-05 0 0
 0.975433 0.0193895 0.00387452 0.00125025 5.28907e-05
 0.303575 0.632131 0.0575291 0.00676475 0
 0.966965 0.00978017 0.0227588 0.000495775 0
 0.843318 0.132988 0.00938335 0.0141283 0.000182051
 0.564624 0.303363 0.111486 0.0197234 0.00080311
 0.826376 0.0876187 0.0782897 0.00655872 0.00115652
 0.89761 0.0855135 0.0140674 0.00269457 0.000114338
 0.34875 0.467042 0.161289 0.0227151 0.000203297
 0.318654 0.224769 0.449479 0.00709798 0
 0.937255 0.0296025 0.0250945 0.00804832 0
ppred_RECLAS
 0.505895 0.114307 0.357754 0.0220437 7.20493e-07
 0.472472 0.269276 0.0597978 0.186936 0.0115181
 0.621977 0.181533 0.100402 0.0222508 0.073837
 0.769931 0.144799 0.0409932 0.022626 0.0216514
 0.700047 0.233331 0.0419786 0.0118484 0.0127955
 0.795647 0.143792 0.0471216 0.00846804 0.00497091
 0.536818 0.371073 0.0648556 0.0212062 0.00604723
 0.516628 0.267442 0.173147 0.0301268 0.0126567
 0.609146 0.20327 0.103828 0.0671612 0.0165943
 0.762354 0.147355 0.0470269 0.0239485 0.0193156
 0.852997 0.113528 0.0207866 0.00660925 0.00607918
 0.779981 0.188118 0.0246424 0.00450726 0.00275113
 0.730155 0.213051 0.048586 0.00634035 0.00186716
 0.682624 0.235157 0.0649645 0.0147607 0.002493
 0.780671 0.15382 0.0486127 0.0133512 0.00354478
 0.949222 0.040162 0.00745441 0.00234632 0.000815315
 0.429166 0.543123 0.021932 0.00405784 0.00172075
 0.9168 0.0363254 0.0446035 0.00179747 0.00047354
 0.646254 0.325183 0.0124858 0.0152987 0.000778849
 0.652656 0.227884 0.109841 0.00420516 0.00541401
 0.780091 0.145474 0.048879 0.0234982 0.00205754
 0.782049 0.171175 0.0309654 0.0103829 0.00542799
 0.364739 0.500814 0.105651 0.0190641 0.0097328
 0.780777 0.0810993 0.108926 0.0229445 0.0062534
 0.67379 0.255837 0.0260559 0.0349497 0.00936765
 0.488718 0.346719 0.1291 0.0131308 0.022332
 0.775133 0.110831 0.07736 0.0287731 0.00790329
 0.734115 0.207031 0.0290272 0.0202341 0.00959229
 0.396033 0.445377 0.123518 0.0172985 0.0177736
 0.46935 0.212217 0.234886 0.0650719 0.0184756
 0.853391 0.0696678 0.0307987 0.0340366 0.0121056
pobs_PELACES
 0 0 0 0 0
 0 0 0 0 0
 0 0 0 0 0
 0 0 0 0 0
 0 0 0 0 0
 0 0 0 0 0
 0 0 0 0 0
 0 0 0 0 0
 0 0 0 0 0
 0 0 0 0 0
 0 0 0 0 0
 0 0 0 0 0
 0 0 0 0 0
 0 0 0 0 0
 0 0 0 0 0
 0 0 0 0 0
 0.505614 0.472636 0.0217494 0 0
 0 0 0 0 0
 0.443492 0.261883 0.143347 0.151278 0
 0.227955 0.32914 0.350689 0.0885471 0.00366901
 0.970185 0.0296113 0.000203453 0 0
 0.997202 0.00247181 0.000326279 0 0
 0.445219 0.490057 0.0546422 0.010081 0
 0.90214 0.0892962 0.00764917 0.000914606 0
 0 0 0 0 0
 0.581667 0.319106 0.0959925 0.00289975 0.000334073
 0.762889 0.0836404 0.116647 0.0363945 0.000428098
 0.88444 0.0763242 0.0277011 0.0115352 0
 0.521256 0.241999 0.230069 0.00667565 0
 0.616807 0.101726 0.260614 0.0208532 0
 0.833518 0.0704572 0.0857862 0.0102388 0
ppred_PELACES
 0.508568 0.113749 0.355761 0.0219202 7.16453e-07
 0.477263 0.267004 0.0592177 0.18511 0.0114056
 0.62639 0.179533 0.099172 0.0219768 0.0729275
 0.775086 0.14166 0.0400259 0.0220898 0.0211381
 0.702147 0.231733 0.0416628 0.0117588 0.0126987
 0.798805 0.141626 0.0463509 0.00832895 0.00488925
 0.547577 0.362669 0.0632008 0.0206619 0.00589196
 0.518423 0.266506 0.172458 0.0300062 0.0126061
 0.615776 0.200005 0.10197 0.065953 0.0162957
 0.768839 0.143469 0.0456759 0.0232575 0.0187581
 0.854026 0.112748 0.0206322 0.00655996 0.00603383
 0.785943 0.183085 0.0239258 0.00437564 0.00267078
 0.736575 0.208081 0.0473471 0.00617794 0.00181932
 0.694483 0.226592 0.062365 0.0141673 0.00239274
 0.787139 0.149401 0.0470948 0.0129325 0.0034336
 0.950646 0.0390522 0.00723373 0.00227661 0.000791088
 0.433752 0.538794 0.0217293 0.00402007 0.00170473
 0.918286 0.0357029 0.0437822 0.00176424 0.000464787
 0.652374 0.319606 0.0122491 0.0150072 0.000764006
 0.658228 0.224357 0.107961 0.00413285 0.00532088
 0.783316 0.143404 0.0481221 0.0231328 0.00202553
 0.786068 0.168077 0.0303561 0.0101778 0.00532072
 0.367971 0.498366 0.105035 0.0189521 0.00967559
 0.782939 0.080342 0.107819 0.0227102 0.00618955
 0.676512 0.253749 0.0258216 0.0346338 0.00928297
 0.491246 0.345082 0.128402 0.0130594 0.0222105
 0.777332 0.109795 0.0765724 0.0284789 0.00782246
 0.73617 0.205465 0.028787 0.0200659 0.00951254
 0.398365 0.443735 0.122982 0.0172227 0.0176958
 0.472945 0.210902 0.233207 0.0646036 0.0183426
 0.855304 0.0687968 0.0303827 0.033575 0.0119414
pobs_pel_tallas
 0 0 0 0 0 0 0 0 0 0 0 0 0 0 0 0 0 0 0 0 0 0 0 0 0 0
 0 0 0 0 0 0 0 0 0 0 0 0 0 0 0 0 0 0 0 0 0 0 0 0 0 0
 0 0 0 0 0 0 0 0 0 0 0 0 0 0 0 0 0 0 0 0 0 0 0 0 0 0
 0 0 0 0 0 0 0 0 0 0 0 0 0 0 0 0 0 0 0 0 0 0 0 0 0 0
 0 0 0 0 0 0 0 0 0 0 0 0 0 0 0 0 0 0 0 0 0 0 0 0 0 0
 0 0 0 0 0 0 0 0 0 0 0 0 0 0 0 0 0 0 0 0 0 0 0 0 0 0
 0 0 0 0 0 0 0 0 0 0 0 0 0 0 0 0 0 0 0 0 0 0 0 0 0 0
 0 0 0 0 0 0 0 0 0 0 0 0 0 0 0 0 0 0 0 0 0 0 0 0 0 0
 0 0 0 0 0 0 0 0 0 0 0 0 0 0 0 0 0 0 0 0 0 0 0 0 0 0
 0 0 0 0 0 0 0 0 0 0 0 0 0 0 0 0 0 0 0 0 0 0 0 0 0 0
 0 0 0 0 0 0 0 0 0 0 0 0 0 0 0 0 0 0 0 0 0 0 0 0 0 0
 0 0 0 0 0 0 0 0 0 0 0 0 0 0 0 0 0 0 0 0 0 0 0 0 0 0
 0.00862536 0 0 0.000197151 0.00414017 0.0128641 0.00837892 0.0270097 0.101434 0.158115 0.152841 0.127902 0.109271 0.109419 0.0830992 0.0579132 0.0238553 0.00714673 0.00463305 0.00128148 0.00103504 0.000492878 0.000147863 0.000147863 4.92878e-05 0
 0 0 0 0 0 0 0 0 0 0 0 0 0 0 0 0 0 0 0 0 0 0 0 0 0 0
 0 0 0 0 0 0 0 0.0054083 0.00873648 0.0413646 0.0450493 0.0745869 0.0622846 0.0627006 0.0613931 0.0827291 0.12552 0.122667 0.0946155 0.0697135 0.0546179 0.0294188 0.0215738 0.0213955 0.0102223 0.00600262
 0 0 0 0 0.00359764 0.0251062 0.0480494 0.140153 0.205849 0.193036 0.1447 0.116669 0.0760912 0.0342217 0.00950174 0.001854 0.000860785 0 0 0 0.000165536 0 0.000143464 0 0 0
 0 0 0 0 0 0 0 0.000145254 0.000435761 0.0275982 0.070085 0.0708112 0.156366 0.174668 0.174014 0.160142 0.0824315 0.0480064 0.0283245 0.00493863 0.00203355 0 0 0 0 0
 0 0 0 0 0 0 0 0 0 0 0 0 0 0 0 0 0 0 0 0 0 0 0 0 0 0
 0 0 1.00437e-05 0.000401748 0.00122533 0.00171747 0.00176769 0.0269171 0.070346 0.194647 0.189555 0.159765 0.064822 0.0314167 0.0384472 0.0292271 0.0345202 0.0313363 0.0194345 0.0106764 0.0143323 0.0359363 0.0279516 0.0138201 0.00172751 0
 0 0.0021121 0.0136068 0.0755702 0.200478 0.177729 0.0527432 0.0373336 0.0318909 0.0142505 0.0149659 0.0166563 0.0217959 0.0798694 0.0677717 0.0528807 0.04013 0.0224614 0.0357745 0.0225083 0.00881397 0.00855152 0.00135912 0.000746735 0 0
 0 0 0 0 5.4009e-05 0.00500934 0.000945158 0.0243581 0.138947 0.33067 0.221406 0.137944 0.0707744 0.0437923 0.0131692 0.00525238 0.0047753 0.00276346 9.45158e-05 9.00151e-06 2.25038e-05 9.00151e-06 4.50075e-06 0 0 0
 0.000866109 0.00284123 0.00948549 0.0512746 0.133035 0.25785 0.225252 0.132002 0.0553304 0.0519788 0.0540692 0.017754 0.00435017 0.00159236 0.00146478 0.000404838 0.000125132 0.000115318 0.000107957 0.000100596 0 0 0 0 0 0
 0 0 0 0 0.00144013 0.00171154 0.00461396 0.0210425 0.0478622 0.0707936 0.0888783 0.103762 0.0637923 0.0337046 0.0602308 0.124433 0.169614 0.0934646 0.0462172 0.0250306 0.0313229 0.00938855 0.002487 0.000210481 0 0
 0 0.00764035 0.051015 0.0998891 0.058973 0.0496711 0.0374665 0.0718981 0.12319 0.153886 0.159021 0.0857701 0.0377988 0.023471 0.0147837 0.00900784 0.00315554 0.000888139 0.00291439 0.00214683 0.00393193 0.00274676 0.000635225 9.99891e-05 0 0
 0 0 0 0 0 0 0 0 0 0 0 0 0 0 0 0 0 0 0 0 0 0 0 0 0 0
 0 0 0 0 0 0 0 0 0 0 0 0 0 0 0 0 0 0 0 0 0 0 0 0 0 0
 0 0 0 0 0 0 0 0 0 0 0 0 0 0 0 0 0 0 0 0 0 0 0 0 0 0
 0 0 0 0 0 0 0 0 0 0 0 0 0 0 0 0 0 0 0 0 0 0 0 0 0 0
 0 0 0 0 0 0 0 0 0 0 0 0 0 0 0 0 0 0 0 0 0 0 0 0 0 0
 0 0 0 0 0 0 0 0 0 0 0 0 0 0 0 0 0 0 0 0 0 0 0 0 0 0
 0 0 0 0 0 0 0 0 0 0 0 0 0 0 0 0 0 0 0 0 0 0 0 0 0 0
ppred_pel_tallas
 1.12495e-16 4.18901e-05 0.000407187 0.0027059 0.0123006 0.0382719 0.0815428 0.119016 0.119028 0.0815992 0.0384629 0.0128589 0.00413265 0.00360583 0.00636242 0.0110914 0.0174584 0.025038 0.0333076 0.0418411 0.0502315 0.0577325 0.0630372 0.0646087 0.0614657 0.0538514
 1.22272e-16 3.93116e-05 0.000382123 0.00253934 0.0115435 0.0359162 0.0765242 0.111695 0.111721 0.0766505 0.0363405 0.0127705 0.00562501 0.00713813 0.0129322 0.0214901 0.0313888 0.0404643 0.0466223 0.0491143 0.049057 0.048631 0.0495477 0.0519628 0.0545341 0.0553706
 1.17454e-16 5.1595e-05 0.000501522 0.00333279 0.0151504 0.0471385 0.100434 0.14659 0.146608 0.10052 0.0474253 0.0159803 0.00542276 0.00508681 0.00882824 0.0146958 0.0216036 0.0281173 0.0328329 0.0351832 0.0357736 0.0358852 0.0365357 0.0378473 0.0391121 0.0393428
 1.06984e-16 6.38428e-05 0.000620575 0.00412394 0.0187468 0.0583285 0.124275 0.181387 0.1814 0.124342 0.0585533 0.0193969 0.00575787 0.00419473 0.00687374 0.0113219 0.0164473 0.0209986 0.0237583 0.024203 0.0228177 0.0207386 0.0190107 0.0180396 0.0175668 0.0170326
 1.0459e-16 5.7835e-05 0.000562177 0.00373586 0.0169827 0.0528396 0.112581 0.16432 0.164343 0.11269 0.0532064 0.0180424 0.00639675 0.00637395 0.0111045 0.0182909 0.026402 0.0333298 0.0369684 0.0363587 0.0322556 0.0265957 0.0213087 0.0173991 0.0148319 0.0130226
 1.03037e-16 6.57965e-05 0.000639565 0.00425014 0.0193205 0.0601134 0.128078 0.186937 0.186951 0.128145 0.0603382 0.0199705 0.00588377 0.00421266 0.00687196 0.0113095 0.016409 0.0208941 0.0235037 0.0236491 0.0217373 0.0188415 0.0160005 0.0137085 0.0118993 0.0102694
 1.04986e-16 4.51032e-05 0.00043842 0.00291345 0.0132442 0.0412077 0.0877986 0.128152 0.128187 0.0879695 0.0417816 0.0149022 0.00707657 0.00953025 0.0173232 0.0285966 0.0412598 0.0520342 0.0576047 0.0564433 0.049705 0.0404052 0.031572 0.0248196 0.0201721 0.0168179
 1.10188e-16 4.27019e-05 0.000415078 0.00275834 0.012539 0.0390137 0.0831237 0.121327 0.121353 0.0832504 0.0394397 0.0137722 0.00586431 0.00723045 0.0130891 0.0218403 0.0320864 0.0416666 0.0483704 0.0511347 0.0505567 0.0482346 0.0455237 0.0427663 0.0394832 0.0351187
 1.12366e-16 5.07207e-05 0.000493023 0.00327631 0.0148937 0.0463398 0.0987326 0.144107 0.144127 0.0988275 0.046659 0.0158174 0.00560189 0.00559322 0.00980687 0.0163188 0.0239483 0.0310737 0.0360872 0.0382962 0.0383016 0.0374565 0.0368479 0.0366328 0.0361521 0.0345592
 1.06862e-16 6.33283e-05 0.000615574 0.0040907 0.0185958 0.0578584 0.123274 0.179925 0.179939 0.123342 0.0580863 0.0192547 0.00574726 0.00424041 0.00697321 0.0114967 0.0167212 0.0213881 0.024269 0.0248302 0.0235456 0.0215353 0.0198216 0.0187884 0.0181709 0.0174282
 1.02304e-16 7.0345e-05 0.000683779 0.00454395 0.0206562 0.064269 0.136932 0.199859 0.19987 0.136985 0.0644475 0.0211718 0.00583879 0.00351203 0.00544657 0.00890602 0.0128542 0.0162333 0.0180181 0.0177432 0.015776 0.0130569 0.0105201 0.00864813 0.0074176 0.0065398
 1.01629e-16 6.47371e-05 0.000629268 0.00418171 0.0190094 0.0591455 0.126016 0.183928 0.183946 0.126103 0.059435 0.0198454 0.00627994 0.00520915 0.00876106 0.0143768 0.0206933 0.0259991 0.0285946 0.0276943 0.0238893 0.018741 0.0138463 0.0101009 0.00758574 0.00592426
 1.02348e-16 6.06707e-05 0.000589741 0.00391904 0.0178154 0.0554304 0.118101 0.172376 0.172396 0.118199 0.05576 0.0187678 0.00631096 0.00581561 0.00999803 0.0164651 0.0237872 0.0300666 0.033402 0.0329021 0.0291901 0.0239371 0.018822 0.0147421 0.011735 0.00941039
 1.03684e-16 5.72037e-05 0.00055604 0.00369508 0.0167973 0.0522628 0.111352 0.162527 0.162548 0.111459 0.0526222 0.0178359 0.00630436 0.00626002 0.0109134 0.0180122 0.0260838 0.033098 0.0370156 0.0368833 0.0333678 0.0282356 0.0232246 0.0192067 0.0161354 0.0135463
 1.03276e-16 6.48356e-05 0.000630225 0.00418807 0.0190384 0.0592355 0.126208 0.184207 0.184222 0.126279 0.0594726 0.0197239 0.00591102 0.00439851 0.00724229 0.011925 0.0173005 0.0220262 0.0247743 0.0249287 0.0229252 0.0199023 0.016957 0.0146038 0.0127573 0.011079
 1.00582e-16 7.83035e-05 0.000761138 0.00505803 0.0229931 0.07154 0.152424 0.222468 0.222471 0.152442 0.0716018 0.0231717 0.00550648 0.00174063 0.00194006 0.00308743 0.00444953 0.00561566 0.00622537 0.00611442 0.00540662 0.00442482 0.00349212 0.00277906 0.00228572 0.00192368
 1.01457e-16 3.57277e-05 0.000347286 0.00230784 0.0104911 0.0326421 0.0695493 0.10152 0.101572 0.0698026 0.0334922 0.0129455 0.00846414 0.013772 0.0254888 0.041969 0.0601899 0.0751328 0.081707 0.0775651 0.064531 0.0474329 0.0313143 0.0191638 0.0114538 0.00710986
 1.01529e-16 7.5638e-05 0.000735228 0.00488585 0.0222104 0.0691047 0.147235 0.214895 0.214898 0.147252 0.0691624 0.0223778 0.00530904 0.00166852 0.00187581 0.00305328 0.00455776 0.00607695 0.00733461 0.00818205 0.00864392 0.00882791 0.0087849 0.00845609 0.00774774 0.00664954
 1.0207e-16 5.37353e-05 0.000522326 0.00347104 0.0157789 0.0490941 0.104601 0.152675 0.152706 0.104751 0.0495984 0.017235 0.00712381 0.00848858 0.0151604 0.0249193 0.0357558 0.044682 0.0486985 0.0464387 0.0390061 0.0292685 0.0201895 0.0134768 0.00931885 0.00698617
 1.04488e-16 5.42174e-05 0.000527013 0.00350219 0.0159204 0.0495345 0.105539 0.154042 0.154064 0.105646 0.0498917 0.0169537 0.00610142 0.0062196 0.0109193 0.0181056 0.0263999 0.0338678 0.0385445 0.0394753 0.0372029 0.0332487 0.0290536 0.025256 0.021744 0.0181865
 1.04089e-16 6.45207e-05 0.000627164 0.00416773 0.0189459 0.0589478 0.125595 0.183312 0.183326 0.125663 0.0591756 0.0196045 0.00582349 0.00425 0.00696953 0.011485 0.0166925 0.0213197 0.0241141 0.0245041 0.0229158 0.0204256 0.01804 0.0161804 0.0146847 0.0131652
 1.02841e-16 6.47474e-05 0.000629368 0.00418237 0.0190125 0.0591549 0.126036 0.183957 0.183973 0.126116 0.059421 0.0197811 0.00611233 0.00484464 0.00807677 0.0132673 0.0191471 0.0241672 0.0267955 0.0263312 0.0233142 0.0191416 0.015208 0.0122441 0.0102368 0.00878466
 1.06697e-16 3.03094e-05 0.000294618 0.00195784 0.0089001 0.0276918 0.059002 0.0861253 0.0861734 0.059237 0.028481 0.0111804 0.00768433 0.0128044 0.0238146 0.0393901 0.0568977 0.0718798 0.0797942 0.0785267 0.0696097 0.0570979 0.0450564 0.0356441 0.0289074 0.0238188
 1.06458e-16 6.44897e-05 0.000626863 0.00416572 0.0189368 0.0589194 0.125534 0.183223 0.183231 0.125573 0.0590497 0.0193152 0.00512335 0.00274273 0.00415746 0.00696629 0.0104861 0.0141455 0.0173865 0.0199269 0.0218438 0.0233435 0.024431 0.0248006 0.0240422 0.0219655
 1.05855e-16 5.57235e-05 0.000541652 0.00359947 0.0163627 0.0509105 0.108471 0.158322 0.158346 0.108591 0.0513117 0.0175214 0.00650789 0.00689078 0.0121146 0.0199435 0.0287388 0.0361863 0.039984 0.039116 0.0344795 0.0282878 0.0227291 0.0189134 0.0167203 0.0153551
 1.08862e-16 4.04633e-05 0.000393318 0.00261374 0.0118817 0.0369685 0.0787666 0.114969 0.115003 0.0789298 0.0375169 0.0134671 0.00659958 0.00911489 0.0166644 0.0276426 0.0401838 0.0513025 0.0579602 0.0587319 0.0545866 0.04808 0.0416592 0.0364462 0.0322267 0.0282513
 1.06418e-16 6.40278e-05 0.000622373 0.00413589 0.0188012 0.0584974 0.124635 0.181911 0.181922 0.124688 0.0586732 0.0193103 0.00541909 0.00344082 0.00546761 0.00907179 0.0133785 0.0174945 0.0205487 0.0221436 0.0225452 0.02239 0.0221586 0.0218629 0.0211524 0.0196657
 1.04506e-16 6.06374e-05 0.000589417 0.00391688 0.0178056 0.0553999 0.118036 0.172281 0.172301 0.118133 0.0557249 0.0187445 0.00627405 0.00573652 0.00984037 0.0161849 0.0233424 0.0294323 0.0325899 0.0319807 0.0283046 0.0233171 0.0187585 0.0155192 0.0135285 0.0121977
 1.08385e-16 3.28129e-05 0.000318953 0.00211956 0.00963522 0.029979 0.063875 0.0932364 0.0932792 0.0640845 0.0306827 0.011669 0.00722932 0.0114891 0.0212926 0.0352684 0.0510813 0.0648208 0.0725015 0.0722644 0.065428 0.055471 0.045817 0.0381864 0.0324814 0.0277566
 1.16367e-16 3.89559e-05 0.000378665 0.00251636 0.011439 0.0355912 0.0758316 0.110683 0.110703 0.0759327 0.0359318 0.0124271 0.00501301 0.00588384 0.0106562 0.0179805 0.0268971 0.0359291 0.0435593 0.0490588 0.0527607 0.0554612 0.0574897 0.0583007 0.0568981 0.0526382
 1.06283e-16 7.04503e-05 0.000684802 0.00455075 0.0206871 0.0643651 0.137137 0.200157 0.200163 0.13717 0.0644749 0.0210047 0.00535038 0.00243853 0.00342567 0.00561832 0.00824851 0.0107287 0.0125265 0.0134408 0.0137228 0.013874 0.0142712 0.0149163 0.0154718 0.015502
pSPR Fmed_Fpbrs
0.633174   0.220117 0.220117
Fs Fmed_Fpbrs
0.253302   1.005 1.005
SSBpbr Bo_Bmed_Bpbrs
1.87613e+06  1.09411e+06  319161 319161
Ro
172410
SPR SPRFo_SPRFmed_SPRFpbrs
1.23237e+06 780307 271266
Fref
1.005
Nvult_r0
 204445 17413.1 7720.09 8533.01 3034.92
CTP_r0
 27707.4 2922.52 1312.16 1451.3 516.199
YTP_r0
391296
Np
 238562 93796.9 7487.22 3304.84 4746.5
Nvult_p0
 197877 80962.6 6478.12 2859.79 4107.34
CTP_p0
 86004.3 40257.5 3245.76 1433.43 2058.79
YTP_p0
 1.48387e+06
CBA_c0
719069
log_Ro
11.8776
likeval ReclasPelacesDesembMPH_pf_preclas_ppelaces_ptallas_desvR_qrecl_qpela
 13.1792 17.6834 0.0518647 0.0027178 240.884 118.529 98.4716 0 24.7912 5.18185e-07 0 0.264916 0 0 0
q_reclas_q_pelaces
0.903024 1
M
1
N
 192563 44184.2 138433 8530.3 0.278811
 108539 63623.9 14156.3 44259 2727.05
 109369 32810.8 18181.2 4029.69 13372.2
 169089 33207.7 9429.3 5205.28 4981.11
 135882 45972.8 8279.49 2336.99 2523.81
 242060 45032.7 14787 2657.59 1560.07
 98618.5 72731.2 12768.6 4176.02 1190.86
 44119.8 23082.1 14954.6 2602.14 1093.2
 43367.4 15076.4 7722.52 4996.08 1234.45
 58798.3 11987.7 3839.8 1955.81 1577.46
 110631 14906.2 2731.58 868.564 798.907
 146942 37354.9 4911 898.431 548.388
 122159 37435.8 8566.01 1118.04 329.254
 85319.5 31913.3 8866.41 2015.17 340.355
 84729.5 17668.1 5605.57 1539.86 408.841
 474295 20985.6 3907.1 1229.98 427.407
 98086.5 127685 5166.1 955.928 405.37
 726703 29630.1 36454.1 1469.21 387.063
 417739 218885 8427.76 10328 525.797
 319849 115834 55972.4 2143.15 2759.25
 475489 91186.2 30697.3 14759 1292.33
 634512 143892 26093.4 8750.46 4574.6
 130010 182264 38504.9 6948.54 3547.46
 390990 41366.6 55630.7 11719 3193.96
 327027 126493 12899.2 17303.3 4637.87
 146791 105713 39402.4 4007.87 6816.32
 333912 48636.2 33991.4 12643.5 3472.9
 376765 107939 15150.2 10561.4 5006.81
 108833 124180 34473.8 4828.23 4960.87
 78365 36184.2 40107.1 11112 3154.99
 298242 24900.3 11024.9 12185 4333.79
pred_Ctot
 12508.4 3646.2 11588.7 714.648 0.0233591
 12428.9 9164.05 2067.02 6467.14 398.492
 12264.7 4630.3 2601.11 576.93 1914.56
 28584.4 6981.37 2008.06 1109.27 1061.54
 8587.85 3692.49 674.614 190.564 205.805
 28504.7 6665.82 2218.78 399.059 234.266
 23521.4 21249.5 3775.09 1235.43 352.316
 1995.57 1331.48 875.334 152.428 64.0401
 6975.4 3020.96 1567.67 1014.9 250.774
 11908.6 2997.76 972.199 495.516 399.674
 5786.39 992.94 184.616 58.7475 54.0383
 29423.1 9240.03 1229.97 225.162 137.44
 23013.4 8734.49 2023.97 264.346 77.8504
 24688.3 11182 3141.34 714.387 120.661
 18069.9 4641.52 1490.76 409.779 108.802
 82478 4533.69 854.969 269.334 93.5941
 11269.3 18450.8 756.772 140.133 59.427
 84626.3 4338.4 5410.79 218.229 57.4946
 66538.1 43447.7 1694.81 2078.37 105.814
 46453.6 21026.9 10295.7 394.492 507.918
 54174.5 13069.4 4460.25 2146.01 187.916
 89696.3 25444.1 4675.71 1569.11 820.336
 11235 19924.5 4268.75 770.906 393.588
 30116.7 4038.27 5508.25 1161.22 316.499
 25342.1 12421.9 1284.8 1724.76 462.312
 9298.12 8509.55 3217.62 327.533 557.07
 25875.1 4776.11 3385.59 1260.26 346.179
 25007.7 9099.23 1295.57 903.843 428.499
 6675.89 9684.02 2727.32 382.268 392.785
 6831.58 3989.72 4484.74 1243.46 353.065
 27707.4 2922.52 1312.16 1451.3 516.199
F
 0.107432 0.138209 0.140325 0.140438 0.140444
 0.196351 0.252601 0.256468 0.256675 0.256686
 0.191946 0.246934 0.250714 0.250916 0.250927
 0.302377 0.389002 0.394957 0.395275 0.395292
 0.104397 0.134305 0.136361 0.136471 0.136476
 0.202414 0.260401 0.264387 0.2646 0.264612
 0.452203 0.581749 0.590655 0.591131 0.591156
 0.0737791 0.0949152 0.0963682 0.0964459 0.09645
 0.285826 0.367709 0.373338 0.373639 0.373655
 0.372335 0.479001 0.486334 0.486726 0.486747
 0.0857371 0.110299 0.111987 0.112078 0.112083
 0.367408 0.472663 0.479898 0.480285 0.480306
 0.342298 0.440359 0.4471 0.447461 0.44748
 0.574642 0.739264 0.750581 0.751186 0.751218
 0.395628 0.508967 0.516759 0.517176 0.517198
 0.312261 0.401717 0.407867 0.408196 0.408213
 0.19706 0.253514 0.257395 0.257602 0.257613
 0.199972 0.257259 0.261198 0.261408 0.261419
 0.2827 0.363687 0.369255 0.369552 0.369568
 0.254946 0.327983 0.333003 0.333272 0.333286
 0.195278 0.251221 0.255067 0.255273 0.255284
 0.247402 0.318278 0.32315 0.323411 0.323425
 0.14514 0.186719 0.189577 0.18973 0.189738
 0.128495 0.165306 0.167837 0.167972 0.167979
 0.129315 0.166361 0.168908 0.169044 0.169051
 0.104642 0.134619 0.13668 0.13679 0.136796
 0.129312 0.166357 0.168904 0.16904 0.169047
 0.109887 0.141367 0.143531 0.143647 0.143653
 0.101191 0.130181 0.132173 0.13228 0.132286
 0.146497 0.188465 0.19135 0.191504 0.191512
 0.156772 0.201684 0.204771 0.204936 0.204945
YTP_r0W_actual
 235513 47637 37921.4 50505.2 19718.8
YTP_p0W_proyectada
 646753 648951 75885.9 42286.1 69998.8
CTP_r0_actual
 27707.4 2922.52 1312.16 1451.3 516.199
CTP_p0_proyectada
 86004.3 40257.5 3245.76 1433.43 2058.79
Wmedp
 7.52 16.12 23.38 29.5 34
Frms_r0
 0.156772 0.201684 0.204771 0.204936 0.204945
Zrms_r0
 1.15677 1.20168 1.20477 1.20494 1.20494
nmprior
 8.19 8.8 8.5 0
nm_flota  nm_reclas  nm_pelaces    nm_pelaL
inf 12.6175 18.0126 42.8794
cv_recla  cv_pelaces  cv_mph
0.328374 0.47682 1.60884
 ------------------------------------------------
Talla a la edad & desviaci?n 
 8 13.2811 15.8009 17.003 17.5766
 0.8 1.32811 1.58009 1.7003 1.75766
