years
 1991 1992 1993 1994 1995 1996 1997 1998 1999 2000 2001 2002 2003 2004 2005 2006 2007 2008 2009 2010 2011 2012 2013 2014 2015 2016 2017 2018 2019 2020 2021
reclasobs
 0 0 0 0 0 0 0 0 0 252601 567819 844713 477998 351125 339783 2.1784e+06 2.13404e+06 4.81314e+06 1.55562e+06 2.62356e+06 3.21686e+06 3.843e+06 1.13348e+06 3.07943e+06 1.97215e+06 2.03268e+06 2.025e+06 2.42433e+06 2.27542e+06 1.05018e+06 2.36338e+06
reclaspred
 2.82321e+06 1.51533e+06 744189 488108 339790 1.24822e+06 576675 397621 295792 225829 407651 608150 594685 418117 382583 1.56605e+06 1.3082e+06 3.50592e+06 2.85525e+06 1.95822e+06 3.56255e+06 2.92588e+06 2.06741e+06 3.32511e+06 2.37015e+06 1.96411e+06 2.58458e+06 3.04307e+06 2.35923e+06 1.2581e+06 1.81686e+06
pelacesobs
 0 0 0 0 0 0 0 0 0 0 0 0 0 0 0 552880 188675 0 991730 2.46772e+06 1.41603e+06 1.21717e+06 2.29649e+06 1.80582e+06 0 1.4828e+06 1.56532e+06 1.57751e+06 1.42118e+06 867257 1.10002e+06
pelacespred
 906186 520083 244965 122207 96510.8 397920 139180 141897 86154.9 62122.8 133053 165645 180726 126545 119445 441467 371438 1.18668e+06 968765 611461 1.11792e+06 953452 682432 1.22772e+06 830493 689356 1.04382e+06 1.20325e+06 772141 470611 664424
mphobs
 0 0 0 0 0 0 0 0 0 0 0 498337 0 5186 125008 0 168611 109162 213762 579715 649985 157893 87575 83554 0 0 0 0 0 0 0
mphpred
 1.79949e+06 1.12784e+06 531089 272883 158055 144530 464804 183429 137810 82041.9 62902.8 195179 223575 175825 97002.4 120043 734759 578910 1.44069e+06 1.0386e+06 1.01697e+06 1.32965e+06 1.26909e+06 922135 1.3599e+06 1.05658e+06 810124 979024 1.53724e+06 948964 469969
desembarqueobs
 494567 514787 250237 358949 120608 361735 552515 73892 212993 205616 52469 317467 293654 387597 252695 516296 358380 742168 942051 627588 828172 859565 418607 520667 417249 300574 415391 372974 316634 284311 391294
desembarquepred
 494541 514628 249916 358954 120600 361638 552184 73889.5 212948 205569 52468.3 317417 293583 387354 252585 516102 358353 741902 941404 627162 828066 859291 418537 520622 417175 300515 415315 372895 316573 284255 391236
Reclutas
 133679 96784.1 83361.4 65007.9 48160.1 238374 54295.8 18201.1 29558.5 48206.8 78364.2 123477 98651.5 68938.7 58604.4 425054 54050.5 653134 352520 247055 405441 528508 74839.2 304443 230530 95937.2 267321 316860 62776.8 41506.5 218341
log_desv_Rt
 0.106576 -0.216382 -0.365679 -0.614356 -0.914335 0.684976 -0.794417 -1.88738 -1.40249 -0.913364 -0.427498 0.0271885 -0.197271 -0.555647 -0.718054 1.26335 -0.798947 1.69292 1.07624 0.720746 1.21611 1.48119 -0.473523 0.92962 0.651515 -0.225171 0.799586 0.969594 -0.64928 -1.06301 0.597195
SSB
 1.79949e+06 1.12784e+06 531089 272883 158055 144530 464804 183429 137810 82041.9 62902.8 195179 223575 175825 97002.4 120043 734759 578910 1.44069e+06 1.0386e+06 1.01697e+06 1.32965e+06 1.26909e+06 922135 1.3599e+06 1.05658e+06 810124 979024 1.53724e+06 948964 469969
BT
 2.51596e+06 1.70538e+06 804490 578251 322219 1.23338e+06 801695 394221 405421 336967 350914 643821 681042 691736 528290 1.43058e+06 1.13721e+06 3.39968e+06 3.13285e+06 1.98289e+06 3.25309e+06 2.99975e+06 1.93884e+06 3.3208e+06 2.30876e+06 1.86028e+06 2.83715e+06 3.15217e+06 2.04485e+06 1.37321e+06 1.91746e+06
Ftot
 0.243673 0.464138 0.466868 1.02776 0.536443 0.536548 1.22952 0.278801 1.10517 1.40913 0.240305 0.839046 0.777229 1.41086 1.12003 0.629605 0.386374 0.382777 0.502941 0.486561 0.376894 0.465673 0.284047 0.265946 0.264263 0.224975 0.272977 0.211864 0.183527 0.309582 0.377178
BD_Bspro_t
 0.962005 0.7457 0.523887 0.395658 0.264937 0.303275 0.477478 0.232234 0.23971 0.189452 0.191602 0.50017 0.399721 0.304746 0.190461 0.230631 0.523912 0.45325 0.60941 0.499446 0.450852 0.514676 0.533507 0.495695 0.621271 0.618831 0.612688 0.678762 0.74984 0.655239 0.534742
BD_Bspro
 2.09807 1.31497 0.619207 0.318159 0.184279 0.16851 0.541925 0.213864 0.160675 0.0956544 0.0733397 0.227563 0.260671 0.204998 0.113097 0.139961 0.856671 0.674964 1.67973 1.21093 1.18571 1.55026 1.47966 1.07514 1.58554 1.23189 0.94454 1.14146 1.7923 1.10642 0.547946
BD_Bo
 1.14394 0.716968 0.337614 0.173472 0.100476 0.091878 0.295477 0.116606 0.087606 0.0521543 0.0399875 0.124076 0.142127 0.111772 0.0616647 0.0763117 0.467088 0.368015 0.915849 0.660243 0.64649 0.84526 0.806765 0.586203 0.864493 0.671673 0.514998 0.622368 0.977226 0.603258 0.29876
BD_Brms
 5.60427 3.51249 1.654 0.849854 0.492239 0.450118 1.44757 0.571265 0.429189 0.255508 0.195902 0.607858 0.696293 0.547582 0.302101 0.373858 2.2883 1.80294 4.48682 3.23459 3.16721 4.141 3.95241 2.87186 4.23523 3.29058 2.52302 3.04903 4.78751 2.95541 1.46365
Sel_flota
 0.626673 0.969599 0.998353 0.999913 0.999995
 0.626673 0.969599 0.998353 0.999913 0.999995
 0.626673 0.969599 0.998353 0.999913 0.999995
 0.626673 0.969599 0.998353 0.999913 0.999995
 0.626673 0.969599 0.998353 0.999913 0.999995
 0.626673 0.969599 0.998353 0.999913 0.999995
 0.626673 0.969599 0.998353 0.999913 0.999995
 0.626673 0.969599 0.998353 0.999913 0.999995
 0.626673 0.969599 0.998353 0.999913 0.999995
 0.626673 0.969599 0.998353 0.999913 0.999995
 0.626673 0.969599 0.998353 0.999913 0.999995
 0.626673 0.969599 0.998353 0.999913 0.999995
 0.626673 0.969599 0.998353 0.999913 0.999995
 0.626673 0.969599 0.998353 0.999913 0.999995
 0.626673 0.969599 0.998353 0.999913 0.999995
 0.626673 0.969599 0.998353 0.999913 0.999995
 0.626673 0.969599 0.998353 0.999913 0.999995
 0.626673 0.969599 0.998353 0.999913 0.999995
 0.626673 0.969599 0.998353 0.999913 0.999995
 0.626673 0.969599 0.998353 0.999913 0.999995
 0.626673 0.969599 0.998353 0.999913 0.999995
 0.626673 0.969599 0.998353 0.999913 0.999995
 0.626673 0.969599 0.998353 0.999913 0.999995
 0.626673 0.969599 0.998353 0.999913 0.999995
 0.626673 0.969599 0.998353 0.999913 0.999995
 0.626673 0.969599 0.998353 0.999913 0.999995
 0.626673 0.969599 0.998353 0.999913 0.999995
 0.626673 0.969599 0.998353 0.999913 0.999995
 0.626673 0.969599 0.998353 0.999913 0.999995
 0.626673 0.969599 0.998353 0.999913 0.999995
 0.626673 0.969599 0.998353 0.999913 0.999995
Sel_reclas
 1 1 1 1 1
 1 1 1 1 1
 1 1 1 1 1
 1 1 1 1 1
 1 1 1 1 1
 1 1 1 1 1
 1 1 1 1 1
 1 1 1 1 1
 1 1 1 1 1
 1 1 1 1 1
 1 1 1 1 1
 1 1 1 1 1
 1 1 1 1 1
 1 1 1 1 1
 1 1 1 1 1
 1 1 1 1 1
 1 1 1 1 1
 1 1 1 1 1
 1 1 1 1 1
 1 1 1 1 1
 1 1 1 1 1
 1 1 1 1 1
 1 1 1 1 1
 1 1 1 1 1
 1 1 1 1 1
 1 1 1 1 1
 1 1 1 1 1
 1 1 1 1 1
 1 1 1 1 1
 1 1 1 1 1
 1 1 1 1 1
Sel_pelaces
 1 1 1 1 1
 1 1 1 1 1
 1 1 1 1 1
 1 1 1 1 1
 1 1 1 1 1
 1 1 1 1 1
 1 1 1 1 1
 1 1 1 1 1
 1 1 1 1 1
 1 1 1 1 1
 1 1 1 1 1
 1 1 1 1 1
 1 1 1 1 1
 1 1 1 1 1
 1 1 1 1 1
 1 1 1 1 1
 1 1 1 1 1
 1 1 1 1 1
 1 1 1 1 1
 1 1 1 1 1
 1 1 1 1 1
 1 1 1 1 1
 1 1 1 1 1
 1 1 1 1 1
 1 1 1 1 1
 1 1 1 1 1
 1 1 1 1 1
 1 1 1 1 1
 1 1 1 1 1
 1 1 1 1 1
 1 1 1 1 1
pf_obs 
 0.8446 0.082 0.0669 0.0065 0
 0.8095 0.147 0.0364 0.0071 0
 0.9664 0.0169 0.016 0.0007 0
 0.9276 0.0648 0.0075 0.0001 0
 0.7033 0.2144 0.0806 0.0017 0
 0.9318 0.0425 0.0243 0.0014 0
 0.5671 0.3108 0.0964 0.0239 0.0018
 0.0768 0.2599 0.5324 0.112 0.0189
 0.490249 0.384438 0.106611 0.0170017 0.00170017
 0.7925 0.1577 0.0466 0.003 0.0002
 0.840416 0.127587 0.0312969 0.00059994 9.999e-05
 0.8084 0.0986 0.0794 0.0134 0.0002
 0.7335 0.1905 0.0724 0.0035 0.0001
 0.4001 0.4547 0.1325 0.0127 0
 0.49795 0.308269 0.164784 0.0264974 0.00249975
 0.9179 0.0499 0.0305 0.0017 0
 0.2467 0.6533 0.0926 0.0074 0
 0.9418 0.0223 0.034 0.0019 0
 0.707729 0.231977 0.0356964 0.0245975 0
 0.517169 0.277429 0.184464 0.0207286 0.00020938
 0.811772 0.124168 0.05621 0.00726502 0.000585176
 0.764997 0.148141 0.077277 0.00933861 0.000247198
 0.163321 0.427699 0.378323 0.0303852 0.000271297
 0.753843 0.0900009 0.118128 0.0371064 0.000921714
 0.721811 0.176058 0.0630433 0.0369309 0.00215725
 0.143369 0.312575 0.442814 0.0836902 0.0175525
 0.692698 0.0596174 0.167031 0.0765114 0.00414204
 0.394062 0.376323 0.152708 0.0712218 0.00568511
 0.125707 0.32114 0.495352 0.0537591 0.00404204
 0.23352 0.215282 0.420074 0.123614 0.00750983
 0.796117 0.104755 0.0508955 0.0450114 0.00322123
pf_pred 
 0.41844 0.192113 0.354484 0.0349617 9.44741e-07
 0.459191 0.291263 0.0842281 0.1505 0.0148182
 0.559568 0.259763 0.0989829 0.027607 0.0540798
 0.587196 0.282139 0.0782438 0.0287463 0.0236751
 0.660868 0.248421 0.0629402 0.0166467 0.0111238
 0.909484 0.0696191 0.0154621 0.003773 0.0016613
 0.379767 0.586259 0.0263604 0.00563681 0.00197702
 0.420858 0.318273 0.247268 0.0105595 0.00304139
 0.678108 0.174659 0.0821203 0.0617237 0.00338901
 0.844663 0.125431 0.0166017 0.00742937 0.00587501
 0.86781 0.121546 0.00868692 0.00108775 0.000869046
 0.765533 0.21404 0.0188303 0.00130306 0.000293006
 0.69178 0.263911 0.0406004 0.00341932 0.000289137
 0.65348 0.278104 0.058936 0.00868815 0.000791752
 0.767935 0.185606 0.037694 0.00755363 0.00121133
 0.960279 0.0344151 0.00428525 0.000828332 0.000192096
 0.254346 0.728288 0.0151257 0.00181084 0.000430289
 0.910745 0.0319759 0.0559901 0.00112321 0.000166109
 0.548975 0.426062 0.00914362 0.0154647 0.000355448
 0.547441 0.304086 0.140546 0.0029069 0.00501949
 0.734358 0.178427 0.0593023 0.0264253 0.00148729
 0.716863 0.232277 0.0345534 0.0110941 0.0052121
 0.218859 0.631937 0.123201 0.0176774 0.00832576
 0.733409 0.0827984 0.149617 0.0282288 0.00594743
 0.571247 0.350493 0.0248584 0.0434856 0.00991581
 0.377308 0.423875 0.163513 0.0112275 0.024077
 0.741973 0.126785 0.0902456 0.0337264 0.00726912
 0.676899 0.266001 0.0285291 0.019657 0.0089138
 0.238527 0.584913 0.146178 0.0151929 0.0151891
 0.310084 0.228081 0.357303 0.0865697 0.0179621
 0.833866 0.070618 0.0322929 0.0489328 0.0142899
pobs_RECLAS
 0 0 0 0 0
 0 0 0 0 0
 0 0 0 0 0
 0 0 0 0 0
 0 0 0 0 0
 0 0 0 0 0
 0 0 0 0 0
 0 0 0 0 0
 0 0 0 0 0
 0 0 0 0 0
 0.991045 0.00858322 0.000360255 1.14367e-05 0
 0.934742 0.0480273 0.0164251 0.00080598 0
 0.827803 0.169806 0.00239088 0 0
 0.941827 0.0461693 0.0120037 0 0
 0.791401 0.0380133 0.147996 0.0225897 0
 0.846168 0.0940531 0.0597789 0 0
 0.134021 0.677848 0.182769 0.00536245 0
 0.80878 0.0450904 0.141981 0.00414843 0
 0.846168 0.0940531 0.0597789 0 0
 0.905697 0.0802665 0.012482 0.00150086 5.37128e-05
 0.989698 0.0102097 9.19794e-05 0 0
 0.975433 0.0193895 0.00387452 0.00125025 5.28907e-05
 0.303575 0.632131 0.0575291 0.00676475 0
 0.966965 0.00978017 0.0227588 0.000495775 0
 0.843318 0.132988 0.00938335 0.0141283 0.000182051
 0.564624 0.303363 0.111486 0.0197234 0.00080311
 0.826376 0.0876187 0.0782897 0.00655872 0.00115652
 0.89761 0.0855135 0.0140674 0.00269457 0.000114338
 0.34875 0.467042 0.161289 0.0227151 0.000203297
 0.318654 0.224769 0.449479 0.00709798 0
 0.937255 0.0296025 0.0250945 0.00804832 0
ppred_RECLAS
 0.533809 0.157119 0.281365 0.0277058 7.48608e-07
 0.575683 0.231882 0.065023 0.115993 0.0114196
 0.669618 0.197372 0.0729278 0.0203066 0.0397754
 0.700646 0.206827 0.0554477 0.0203342 0.0167454
 0.756423 0.179924 0.0441891 0.0116679 0.00779611
 0.941155 0.0455871 0.0098145 0.00239091 0.00105265
 0.503313 0.470383 0.0204175 0.00435774 0.00152825
 0.534986 0.259017 0.195274 0.00832573 0.0023978
 0.777935 0.12243 0.0556176 0.0417266 0.00229082
 0.90173 0.0799171 0.0101974 0.00455444 0.0036012
 0.911217 0.0818303 0.00567604 0.000709602 0.00056688
 0.840347 0.146155 0.0124444 0.000859647 0.000193282
 0.783133 0.186548 0.0277852 0.00233599 0.000197513
 0.760939 0.193243 0.0394797 0.00580853 0.000529278
 0.845178 0.124681 0.0244626 0.00489309 0.0007846
 0.974718 0.0219968 0.00265386 0.00051212 0.000118754
 0.348791 0.636489 0.0128226 0.00153261 0.000364145
 0.942273 0.0210872 0.0358166 0.000717341 0.000106077
 0.657966 0.323668 0.00673439 0.0113711 0.000261336
 0.658263 0.231943 0.103941 0.00214626 0.00370574
 0.814117 0.126116 0.04066 0.0180887 0.001018
 0.80038 0.164675 0.023754 0.00761417 0.00357688
 0.305673 0.564931 0.106875 0.0153102 0.00721025
 0.814306 0.0588851 0.10326 0.0194513 0.00409777
 0.676544 0.265902 0.0183015 0.0319641 0.007288
 0.488105 0.351791 0.131713 0.00902954 0.0193619
 0.820155 0.0897425 0.0619886 0.0231291 0.00498464
 0.766434 0.19332 0.0201247 0.0138442 0.00627733
 0.329257 0.518777 0.125852 0.0130595 0.0130552
 0.417712 0.196455 0.298614 0.0722334 0.0149863
 0.88908 0.0480047 0.0212942 0.0322142 0.00940677
pobs_PELACES
 0 0 0 0 0
 0 0 0 0 0
 0 0 0 0 0
 0 0 0 0 0
 0 0 0 0 0
 0 0 0 0 0
 0 0 0 0 0
 0 0 0 0 0
 0 0 0 0 0
 0 0 0 0 0
 0 0 0 0 0
 0 0 0 0 0
 0 0 0 0 0
 0 0 0 0 0
 0 0 0 0 0
 0 0 0 0 0
 0.505614 0.472636 0.0217494 0 0
 0 0 0 0 0
 0.443492 0.261883 0.143347 0.151278 0
 0.227955 0.32914 0.350689 0.0885471 0.00366901
 0.970185 0.0296113 0.000203453 0 0
 0.997202 0.00247181 0.000326279 0 0
 0.445219 0.490057 0.0546422 0.010081 0
 0.90214 0.0892962 0.00764917 0.000914606 0
 0 0 0 0 0
 0.581667 0.319106 0.0959925 0.00289975 0.000334073
 0.762889 0.0836404 0.116647 0.0363945 0.000428098
 0.88444 0.0763242 0.0277011 0.0115352 0
 0.521256 0.241999 0.230069 0.00667565 0
 0.616807 0.101726 0.260614 0.0208532 0
 0.833518 0.0704572 0.0857862 0.0102388 0
ppred_PELACES
 0.541047 0.154918 0.276783 0.0272512 7.36319e-07
 0.58896 0.225091 0.0628414 0.112074 0.0110337
 0.681596 0.190564 0.0701009 0.0195148 0.0382239
 0.72507 0.190536 0.0505846 0.0185409 0.0152682
 0.767675 0.171844 0.0419906 0.0110843 0.00740608
 0.94449 0.0430535 0.00922197 0.00224595 0.000988815
 0.538179 0.437636 0.0187757 0.0040048 0.00140443
 0.543117 0.254787 0.191577 0.00816695 0.00235205
 0.79956 0.11104 0.0499171 0.0374285 0.00205479
 0.915181 0.0691537 0.00870679 0.00388588 0.00307244
 0.913407 0.0798263 0.00552442 0.000690562 0.000551666
 0.852763 0.13488 0.0113933 0.000786698 0.000176876
 0.797866 0.174055 0.025734 0.00216267 0.000182854
 0.789193 0.170843 0.0344392 0.00506326 0.00046135
 0.861297 0.111933 0.0217293 0.00434385 0.00069651
 0.976434 0.0205201 0.00246096 0.000474742 0.000110084
 0.358806 0.626753 0.0125802 0.00150334 0.000357188
 0.944705 0.0202454 0.0342621 0.000686072 0.000101452
 0.670715 0.311685 0.0064542 0.0108952 0.000250395
 0.670867 0.223721 0.0997947 0.00206012 0.00355696
 0.820658 0.121821 0.039135 0.0174069 0.000979617
 0.808789 0.157862 0.0226709 0.00726526 0.00341294
 0.312647 0.559541 0.10557 0.0151211 0.00712114
 0.819072 0.0574737 0.100531 0.0189346 0.00398889
 0.683153 0.260589 0.0178909 0.0312427 0.00712347
 0.494637 0.347536 0.129842 0.00890029 0.0190846
 0.824857 0.0875115 0.0602912 0.0224926 0.00484743
 0.770761 0.189806 0.0197192 0.0135637 0.00615014
 0.333948 0.515353 0.124804 0.0129495 0.0129452
 0.426739 0.193791 0.2937 0.0710335 0.0147372
 0.89342 0.0462234 0.0204308 0.030902 0.0090235
pobs_pel_tallas
 0 0 0 0 0 0 0 0 0 0 0 0 0 0 0 0 0 0 0 0 0 0 0 0 0 0
 0 0 0 0 0 0 0 0 0 0 0 0 0 0 0 0 0 0 0 0 0 0 0 0 0 0
 0 0 0 0 0 0 0 0 0 0 0 0 0 0 0 0 0 0 0 0 0 0 0 0 0 0
 0 0 0 0 0 0 0 0 0 0 0 0 0 0 0 0 0 0 0 0 0 0 0 0 0 0
 0 0 0 0 0 0 0 0 0 0 0 0 0 0 0 0 0 0 0 0 0 0 0 0 0 0
 0 0 0 0 0 0 0 0 0 0 0 0 0 0 0 0 0 0 0 0 0 0 0 0 0 0
 0 0 0 0 0 0 0 0 0 0 0 0 0 0 0 0 0 0 0 0 0 0 0 0 0 0
 0 0 0 0 0 0 0 0 0 0 0 0 0 0 0 0 0 0 0 0 0 0 0 0 0 0
 0 0 0 0 0 0 0 0 0 0 0 0 0 0 0 0 0 0 0 0 0 0 0 0 0 0
 0 0 0 0 0 0 0 0 0 0 0 0 0 0 0 0 0 0 0 0 0 0 0 0 0 0
 0 0 0 0 0 0 0 0 0 0 0 0 0 0 0 0 0 0 0 0 0 0 0 0 0 0
 0 0 0 0 0 0 0 0 0 0 0 0 0 0 0 0 0 0 0 0 0 0 0 0 0 0
 0.00862536 0 0 0.000197151 0.00414017 0.0128641 0.00837892 0.0270097 0.101434 0.158115 0.152841 0.127902 0.109271 0.109419 0.0830992 0.0579132 0.0238553 0.00714673 0.00463305 0.00128148 0.00103504 0.000492878 0.000147863 0.000147863 4.92878e-05 0
 0 0 0 0 0 0 0 0 0 0 0 0 0 0 0 0 0 0 0 0 0 0 0 0 0 0
 0 0 0 0 0 0 0 0.0054083 0.00873648 0.0413646 0.0450493 0.0745869 0.0622846 0.0627006 0.0613931 0.0827291 0.12552 0.122667 0.0946155 0.0697135 0.0546179 0.0294188 0.0215738 0.0213955 0.0102223 0.00600262
 0 0 0 0 0.00359764 0.0251062 0.0480494 0.140153 0.205849 0.193036 0.1447 0.116669 0.0760912 0.0342217 0.00950174 0.001854 0.000860785 0 0 0 0.000165536 0 0.000143464 0 0 0
 0 0 0 0 0 0 0 0.000145254 0.000435761 0.0275982 0.070085 0.0708112 0.156366 0.174668 0.174014 0.160142 0.0824315 0.0480064 0.0283245 0.00493863 0.00203355 0 0 0 0 0
 0 0 0 0 0 0 0 0 0 0 0 0 0 0 0 0 0 0 0 0 0 0 0 0 0 0
 0 0 1.00437e-05 0.000401748 0.00122533 0.00171747 0.00176769 0.0269171 0.070346 0.194647 0.189555 0.159765 0.064822 0.0314167 0.0384472 0.0292271 0.0345202 0.0313363 0.0194345 0.0106764 0.0143323 0.0359363 0.0279516 0.0138201 0.00172751 0
 0 0.0021121 0.0136068 0.0755702 0.200478 0.177729 0.0527432 0.0373336 0.0318909 0.0142505 0.0149659 0.0166563 0.0217959 0.0798694 0.0677717 0.0528807 0.04013 0.0224614 0.0357745 0.0225083 0.00881397 0.00855152 0.00135912 0.000746735 0 0
 0 0 0 0 5.4009e-05 0.00500934 0.000945158 0.0243581 0.138947 0.33067 0.221406 0.137944 0.0707744 0.0437923 0.0131692 0.00525238 0.0047753 0.00276346 9.45158e-05 9.00151e-06 2.25038e-05 9.00151e-06 4.50075e-06 0 0 0
 0.000866109 0.00284123 0.00948549 0.0512746 0.133035 0.25785 0.225252 0.132002 0.0553304 0.0519788 0.0540692 0.017754 0.00435017 0.00159236 0.00146478 0.000404838 0.000125132 0.000115318 0.000107957 0.000100596 0 0 0 0 0 0
 0 0 0 0 0.00144013 0.00171154 0.00461396 0.0210425 0.0478622 0.0707936 0.0888783 0.103762 0.0637923 0.0337046 0.0602308 0.124433 0.169614 0.0934646 0.0462172 0.0250306 0.0313229 0.00938855 0.002487 0.000210481 0 0
 0 0.00764035 0.051015 0.0998891 0.058973 0.0496711 0.0374665 0.0718981 0.12319 0.153886 0.159021 0.0857701 0.0377988 0.023471 0.0147837 0.00900784 0.00315554 0.000888139 0.00291439 0.00214683 0.00393193 0.00274676 0.000635225 9.99891e-05 0 0
 0 0 0 0 0 0 0 0 0 0 0 0 0 0 0 0 0 0 0 0 0 0 0 0 0 0
 0 0 0 0 0 0 0 0 0 0 0 0 0 0 0 0 0 0 0 0 0 0 0 0 0 0
 0 0 0 0 0 0 0 0 0 0 0 0 0 0 0 0 0 0 0 0 0 0 0 0 0 0
 0 0 0 0 0 0 0 0 0 0 0 0 0 0 0 0 0 0 0 0 0 0 0 0 0 0
 0 0 0 0 0 0 0 0 0 0 0 0 0 0 0 0 0 0 0 0 0 0 0 0 0 0
 0 0 0 0 0 0 0 0 0 0 0 0 0 0 0 0 0 0 0 0 0 0 0 0 0 0
 0 0 0 0 0 0 0 0 0 0 0 0 0 0 0 0 0 0 0 0 0 0 0 0 0 0
ppred_pel_tallas
 1.10761e-16 4.45653e-05 0.000433191 0.00287871 0.0130862 0.0407161 0.0867505 0.126618 0.126633 0.0868256 0.0409694 0.013823 0.00474759 0.00457668 0.00810025 0.0138064 0.0210135 0.0287736 0.0360659 0.0422892 0.0473736 0.0513473 0.0538081 0.0538917 0.050828 0.0445994
 1.14978e-16 4.85119e-05 0.000471553 0.00313363 0.0142451 0.0443218 0.0944331 0.137832 0.137854 0.0945395 0.0446796 0.0152797 0.00573553 0.00616798 0.0109174 0.0181099 0.0264244 0.0339912 0.0389831 0.0406803 0.0399252 0.0384908 0.0378469 0.0382873 0.0389688 0.0386322
 1.10498e-16 5.61422e-05 0.000545722 0.00362652 0.0164856 0.051293 0.109286 0.15951 0.159528 0.109376 0.051596 0.0173618 0.00582988 0.0053691 0.00925668 0.0153213 0.0223222 0.028626 0.0326178 0.0335957 0.0321814 0.0298391 0.0278927 0.0268189 0.0262409 0.0254232
 1.05952e-16 5.97231e-05 0.00058053 0.00385783 0.0175371 0.0545646 0.116256 0.169683 0.169702 0.116346 0.0548668 0.0184106 0.00605258 0.00537912 0.00919525 0.0151661 0.0219829 0.0279489 0.0313802 0.0315195 0.0289753 0.0252676 0.0218522 0.0193958 0.0177286 0.0162908
 1.03621e-16 6.32324e-05 0.000614641 0.00408451 0.0185676 0.0577707 0.123087 0.179653 0.17967 0.123168 0.0580431 0.0193547 0.00606179 0.0049361 0.00828534 0.0136366 0.0197308 0.0250095 0.0279271 0.0277737 0.0250816 0.0212278 0.0175641 0.0147636 0.0127663 0.0111589
 1.0067e-16 7.77964e-05 0.000756209 0.00502527 0.0228442 0.0710767 0.151437 0.221027 0.221031 0.151457 0.0711449 0.0230412 0.0055201 0.00183727 0.00213346 0.00341053 0.004921 0.00622091 0.00691494 0.00682185 0.00607505 0.00502441 0.00401855 0.00323931 0.00268471 0.00226042
 1.01294e-16 4.43292e-05 0.000430896 0.00286345 0.0130169 0.0405006 0.0862923 0.125955 0.125997 0.086498 0.0411911 0.0150105 0.00786439 0.0113365 0.0207222 0.034099 0.0489079 0.0610633 0.0664324 0.0631101 0.0525766 0.038748 0.0257115 0.0158838 0.00964019 0.00610415
 1.06811e-16 4.47359e-05 0.000434849 0.00288972 0.0131363 0.040872 0.087083 0.127105 0.12713 0.0872043 0.0412799 0.0143175 0.00586619 0.0069703 0.0125671 0.0209917 0.0308989 0.0402305 0.0468579 0.049701 0.0492104 0.0467603 0.043523 0.0398128 0.0353186 0.0297935
 1.05571e-16 6.58587e-05 0.00064017 0.00425415 0.0193388 0.0601702 0.128199 0.187113 0.187124 0.128252 0.0603471 0.0198508 0.00554259 0.00346394 0.00546184 0.00901353 0.0131889 0.0170391 0.0196492 0.0206197 0.0202841 0.0194144 0.0186566 0.0181539 0.0175971 0.0165602
 1.01179e-16 7.53823e-05 0.000732743 0.00486933 0.0221353 0.0688711 0.146737 0.214169 0.214176 0.14677 0.0689805 0.0224511 0.00566207 0.00246327 0.00336202 0.0054391 0.0078293 0.00985005 0.0108634 0.010582 0.00923848 0.00742839 0.00575121 0.00452857 0.0037617 0.00327307
 1.00343e-16 7.52361e-05 0.000731322 0.00485989 0.0220924 0.0687376 0.146453 0.213754 0.213762 0.146491 0.0688636 0.0224563 0.00577284 0.00272272 0.00385262 0.00623786 0.00894974 0.0111934 0.0122145 0.0116661 0.00981377 0.00736192 0.00504228 0.00328272 0.00214451 0.00146921
 1.00473e-16 7.0241e-05 0.000682767 0.00453723 0.0206256 0.064174 0.13673 0.199564 0.199577 0.136793 0.064387 0.0212407 0.00608047 0.00404944 0.00645756 0.010547 0.0151449 0.0189563 0.0207108 0.0198201 0.0167258 0.0126062 0.00868497 0.00567758 0.00368989 0.00246728
 1.01036e-16 6.57192e-05 0.000638814 0.00424514 0.0192978 0.0600427 0.127928 0.186718 0.186735 0.12801 0.060318 0.0200928 0.00624063 0.00499489 0.0083383 0.0136795 0.0196951 0.0247551 0.0272402 0.0263942 0.0227629 0.0178112 0.0130427 0.00930982 0.00671178 0.00493152
 1.01624e-16 6.50048e-05 0.00063187 0.004199 0.0190881 0.0593901 0.126537 0.184689 0.184705 0.126618 0.0596606 0.0198695 0.00616123 0.00491782 0.00821173 0.0134906 0.0194683 0.0245653 0.0272115 0.0266722 0.0234671 0.0189885 0.0146443 0.0112003 0.0087059 0.00684183
 1.0121e-16 7.09439e-05 0.0006896 0.00458264 0.020832 0.0648161 0.138098 0.20156 0.201571 0.138151 0.0649933 0.0213439 0.00586807 0.00349719 0.00540734 0.00883823 0.0127506 0.0160871 0.0178187 0.017467 0.015377 0.0124661 0.00965945 0.00745687 0.00588254 0.00471484
 1.00143e-16 8.04276e-05 0.000781785 0.00519523 0.0236168 0.0734806 0.156558 0.228502 0.228504 0.156568 0.073513 0.0237105 0.00543031 0.00129483 0.00105442 0.00161484 0.00231594 0.00290682 0.00319189 0.0030824 0.00264461 0.00205429 0.00149193 0.00105987 0.000769109 0.000578835
 1.00735e-16 2.95545e-05 0.000287281 0.00190908 0.00867845 0.0270022 0.0575333 0.0839842 0.0840444 0.0578278 0.0279907 0.0115319 0.00906551 0.0158894 0.0296009 0.048732 0.0698272 0.0870295 0.0943904 0.0891679 0.0735044 0.0530769 0.0338443 0.0193797 0.0103006 0.0053724
 1.0108e-16 7.78141e-05 0.000756381 0.00502642 0.0228494 0.0710928 0.151471 0.221077 0.221079 0.151481 0.0711259 0.0229454 0.00526971 0.00129512 0.00112327 0.0017917 0.00270751 0.00368217 0.0045699 0.00528595 0.00582119 0.0061889 0.00635648 0.00623765 0.00575785 0.00493169
 1.01401e-16 5.5246e-05 0.000537011 0.00356863 0.0162225 0.0504743 0.107542 0.156967 0.156997 0.107688 0.050966 0.0176418 0.00712854 0.00829908 0.0147698 0.0242594 0.0347773 0.0433919 0.0471619 0.0447454 0.037224 0.0274208 0.0182719 0.0114969 0.00732536 0.00506816
 1.03746e-16 5.52585e-05 0.000537132 0.00356943 0.0162261 0.0504857 0.107566 0.157 0.157022 0.107672 0.0508416 0.0172555 0.00615821 0.00620467 0.0108662 0.0179989 0.0262054 0.033537 0.0380162 0.0386821 0.0360864 0.0317826 0.0272646 0.0232317 0.0196199 0.0161158
 1.03073e-16 6.75965e-05 0.000657062 0.00436641 0.0198491 0.0617579 0.131582 0.19205 0.192062 0.13164 0.0619513 0.0204083 0.0057721 0.0037321 0.0059266 0.00974092 0.0141439 0.0180376 0.0203493 0.0205868 0.0191105 0.0168423 0.0146543 0.0129295 0.0115563 0.0102256
 1.02001e-16 6.66189e-05 0.000647559 0.00430326 0.019562 0.0608647 0.129679 0.189274 0.189289 0.129754 0.0611144 0.0202832 0.00611354 0.00459976 0.00757362 0.0124183 0.01789 0.022514 0.0248355 0.0241874 0.0210828 0.0168603 0.012874 0.00986199 0.0078549 0.00649618
 1.05912e-16 2.57524e-05 0.000250323 0.00166348 0.00756199 0.0235284 0.0501318 0.0731802 0.0732342 0.0503956 0.0244141 0.0101206 0.00808772 0.0142807 0.0266901 0.0441303 0.0636766 0.0802964 0.0888547 0.0869551 0.0763281 0.0615806 0.0473744 0.0362512 0.0283659 0.0226217
 1.0549e-16 6.74659e-05 0.000655792 0.00435797 0.0198107 0.0616385 0.131328 0.191678 0.191683 0.131355 0.0617325 0.0200841 0.00505159 0.00219399 0.00305935 0.00513553 0.00782292 0.0107411 0.0135283 0.0159888 0.0181262 0.0199697 0.0213616 0.0219329 0.0213113 0.019386
 1.04922e-16 5.62705e-05 0.000546969 0.0036348 0.0165233 0.0514103 0.109536 0.159876 0.159901 0.109659 0.0518219 0.0177121 0.00661802 0.0070568 0.0124127 0.0204153 0.0293707 0.036879 0.0405517 0.0393301 0.0341428 0.0273014 0.0211214 0.016824 0.0143569 0.0129415
 1.07959e-16 4.07426e-05 0.000396033 0.00263178 0.0119637 0.0372237 0.0793103 0.115763 0.115796 0.0794747 0.0377759 0.0135603 0.00664558 0.00917841 0.0167793 0.0278295 0.0404456 0.0516127 0.0582579 0.0589299 0.054588 0.0477973 0.0410297 0.0354456 0.0308812 0.026643
 1.04839e-16 6.79424e-05 0.000660425 0.00438875 0.0199506 0.0620739 0.132255 0.193032 0.193041 0.132297 0.062214 0.0203563 0.00541117 0.00290581 0.00437206 0.00722501 0.0106482 0.0139129 0.0163202 0.0175495 0.0178107 0.0176124 0.017343 0.0170219 0.0163819 0.0151478
 1.03019e-16 6.34866e-05 0.000617113 0.00410093 0.0186422 0.058003 0.123582 0.180376 0.180394 0.123672 0.058303 0.0195086 0.0062754 0.00536306 0.00907441 0.0148955 0.02144 0.0269427 0.029657 0.0287949 0.0250043 0.0199365 0.0152572 0.0118646 0.00976617 0.00846588
 1.07223e-16 2.7507e-05 0.000267378 0.00177682 0.0080772 0.0251314 0.053547 0.0781638 0.0782136 0.0537901 0.025948 0.0104369 0.00770381 0.0132187 0.0246616 0.0408234 0.0590287 0.0746943 0.0831399 0.0821729 0.0733365 0.0607469 0.0485179 0.038815 0.0316746 0.026086
 1.18143e-16 3.51499e-05 0.00034167 0.00227052 0.0103215 0.032114 0.0684229 0.0998693 0.0998884 0.0685165 0.0324295 0.0112386 0.00459387 0.00548423 0.0100097 0.0170371 0.0258162 0.0351469 0.0437699 0.0510411 0.0570938 0.0622571 0.0662797 0.0681383 0.0666344 0.0612497
 1.05228e-16 7.35899e-05 0.00071532 0.00475355 0.021609 0.0672335 0.143248 0.209076 0.20908 0.14327 0.0673073 0.0218226 0.00529164 0.00189617 0.00233508 0.0037952 0.0055859 0.00730352 0.00860608 0.00937819 0.00980486 0.0102253 0.0108712 0.0116947 0.0123996 0.0126228
pSPR Fmed_Fpbrs
0.486156   0.25412 0.25412
Fs Fmed_Fpbrs
0.464013   1.005 1.005
SSBpbr Bo_Bmed_Bpbrs
1.57306e+06  686100  321093 321093
Ro
120165
SPR SPRFo_SPRFmed_SPRFpbrs
857691 416971 217956
Fref
1.005
Nvult_r0
 154927 9367.12 4193.16 6346.6 1853.3
CTP_r0
 29618.7 2508.34 1147.04 1738.08 507.575
YTP_r0
391236
Np
 176182 34525.9 8804.34 432.916 216.377
Nvult_p0
 141656 29732.4 7616.78 374.614 187.24
CTP_p0
 54740.1 26951.7 1390.64 614.16 1163.24
 54740.1 14673.8 3814.75 187.766 93.8531
YTP_p0
 921892 736867
CBA_c0
866384
log_Ro
11.5166
likeval ReclasPelacesDesembMPH_pf_preclas_ppelaces_ptallas_desvR_qrecl_qpela
 10.7051 33.4318 0.0227621 0.00199714 242.84 116.596 100.791 0 35.3028 4.70057e-06 0 0.0377019 0 0 0
q_reclas_q_pelaces
1.35965 1
M
1
N
 133679 41025.2 73725 7261.01 0.196194
 96784.1 42213.4 11916.5 21265.2 2093.62
 83361.4 26618.9 9901.74 2758.12 5402.56
 65007.9 22888 6227.32 2285.56 1882.26
 48160.1 12559 3108.37 821.093 548.64
 238374 12658.8 2746.44 669.341 294.699
 54295.8 62652.3 2767.98 591.344 207.394
 18201.1 9243.68 6996.83 298.383 85.935
 29558.5 5622.44 2595.07 1948.61 106.985
 48206.8 5440.06 708.355 316.719 250.445
 78364.2 7333.38 510.43 63.8244 50.9879
 123477 24798.3 2137.07 147.724 33.2151
 98651.5 26849.5 4044.01 340.198 28.7654
 68938.7 22298.6 4648.97 684.743 62.3979
 58604.4 10475.8 2088.72 418.159 67.0543
 425054 10685.8 1300.94 251.169 58.2442
 54050.5 105389 2134.98 255.259 60.6499
 653134 15608.1 26656.5 534.041 78.973
 352520 189030 3961.6 6691.82 153.798
 247055 94625.5 42702.4 882.087 1523.04
 405441 67000.2 21718.4 9664.85 543.927
 528508 117776 17103.1 5484.27 2576.38
 74839.2 145218 27585 3952.52 1861.44
 304443 23042.4 40561.6 7642.25 1610
 230530 94805.1 6550.07 11442.3 2608.93
 95937.2 71863.9 26993.5 1850.86 3968.8
 267321 30652.3 21256 7932.67 1709.62
 316860 82879.2 8654.07 5954.28 2699.87
 62776.8 102073 24827.7 2576.71 2575.87
 41506.5 20585.2 31429.3 7604.47 1577.72
 218341 12576.7 5609.17 8488.14 2478.63
pred_Ctot
 12116.8 5563.03 10264.8 1012.39 0.0273569
 15809.9 10028.2 2899.97 5181.71 510.189
 13688.1 6354.31 2421.32 675.322 1322.9
 20547 9872.53 2737.89 1005.88 828.434
 8931.92 3357.52 850.664 224.988 150.343
 44217.1 3384.72 751.732 183.435 80.7685
 19606.3 30266.9 1360.91 291.012 102.068
 1870.84 1414.82 1099.18 46.9404 13.5199
 9868.96 2541.94 1195.15 898.307 49.3226
 19167.6 2846.36 376.736 168.592 133.32
 7010.86 981.946 70.1798 8.78772 7.02084
 33298.7 9310.19 819.07 56.6798 12.745
 25008.3 9540.55 1467.73 123.611 10.4525
 27434.1 11675.2 2474.22 364.742 33.239
 19762.5 4776.51 970.04 194.39 31.1732
 90441.5 3241.3 403.596 78.0144 18.0921
 7493.63 21457.1 445.641 53.3518 12.6774
 89789.1 3152.46 5519.98 110.736 16.3765
 61803.6 47966.1 1029.39 1741.02 40.0164
 42072.7 23370.1 10801.4 223.405 385.765
 54962 13354.1 4438.4 1977.76 111.314
 86585.7 28055.4 4173.5 1339.99 629.539
 7826.85 22599.4 4405.92 632.179 297.746
 29947.4 3380.92 6109.32 1152.67 242.852
 22542.8 13831.3 980.973 1716.05 391.302
 8066.92 9062.53 3495.94 240.046 514.77
 26942.9 4603.9 3277.04 1224.69 263.96
 25174.7 9892.89 1061.03 731.067 331.515
 4351.98 10671.8 2667.05 277.197 277.128
 4700.63 3457.52 5416.42 1312.32 272.291
 29618.7 2508.34 1147.04 1738.08 507.575
F
 0.152703 0.236265 0.243271 0.243652 0.243672
 0.290863 0.450028 0.463374 0.464098 0.464136
 0.292573 0.452675 0.466099 0.466827 0.466866
 0.644068 0.996513 1.02606 1.02767 1.02775
 0.336174 0.520135 0.53556 0.536397 0.536441
 0.33624 0.520236 0.535664 0.536501 0.536545
 0.770508 1.19214 1.2275 1.22941 1.22952
 0.174717 0.270325 0.278342 0.278777 0.2788
 0.692582 1.07158 1.10335 1.10508 1.10517
 0.883064 1.36629 1.40681 1.40901 1.40912
 0.150593 0.233 0.239909 0.240284 0.240304
 0.525807 0.813538 0.837663 0.838973 0.839042
 0.487068 0.753601 0.775949 0.777162 0.777226
 0.88415 1.36797 1.40854 1.41074 1.41086
 0.701891 1.08598 1.11818 1.11993 1.12002
 0.394556 0.610464 0.628567 0.62955 0.629602
 0.24213 0.374628 0.385738 0.386341 0.386373
 0.239876 0.37114 0.382146 0.382744 0.382775
 0.315179 0.487651 0.502112 0.502897 0.502938
 0.304915 0.471769 0.48576 0.486519 0.486559
 0.236189 0.365436 0.376273 0.376861 0.376892
 0.291825 0.451516 0.464906 0.465633 0.465671
 0.178005 0.275412 0.283579 0.284023 0.284046
 0.166661 0.257861 0.265508 0.265923 0.265944
 0.165606 0.256229 0.263827 0.26424 0.264261
 0.140986 0.218136 0.224604 0.224956 0.224974
 0.171067 0.264678 0.272527 0.272953 0.272975
 0.13277 0.205423 0.211515 0.211846 0.211863
 0.115011 0.177947 0.183224 0.183511 0.183526
 0.194007 0.30017 0.309072 0.309555 0.30958
 0.236367 0.365712 0.376557 0.377145 0.377176
YTP_r0W_actual
 245836 35367.5 31658.2 59442.4 18932.5
YTP_p0W_proyectada
 410003 422333 32165.4 18037.9 39352.3
 410003 229938 88235.2 5514.69 3175.05
CTP_r0_actual
 29618.7 2508.34 1147.04 1738.08 507.575
CTP_p0_proyectada
 54740.1 26951.7 1390.64 614.16 1163.24
 54740.1 14673.8 3814.75 187.766 93.8531
Wmedp
 7.49 15.67 23.13 29.37 33.83
Frms_r0
 0.236367 0.365712 0.376557 0.377145 0.377176
Zrms_r0
 1.23637 1.36571 1.37656 1.37715 1.37718
nmprior
 8.19 8.8 8.5 0
nm_flota  nm_reclas  nm_pelaces    nm_pelaL
inf 16.8134 12.0865 25.5266
cv_recla  cv_pelaces  cv_mph
0.295951 0.65562 1.37914
 ------------------------------------------------
Talla a la edad & desviaci?n 
 8 13.2811 15.8009 17.003 17.5766
 0.8 1.32811 1.58009 1.7003 1.75766
